證券代號,證券名稱,外陸資買進股數(不含外資自營商),外陸資賣出股數(不含外資自營商),外陸資買賣超股數(不含外資自營商),外資自營商買進股數,外資自營商賣出股數,外資自營商買賣超股數,投信買進股數,投信賣出股數,投信買賣超股數,自營商買賣超股數,自營商買進股數(自行買賣),自營商賣出股數(自行買賣),自營商買賣超股數(自行買賣),自營商買進股數(避險),自營商賣出股數(避險),自營商買賣超股數(避險),三大法人買賣超股數
00677U,富邦VIX         ,89646000,77954000,11692000,0,0,0,0,0,0,88840000,13342000,19008000,-5666000,119323000,24817000,94506000,100532000
2330,台積電          ,48516398,31125507,17390891,0,0,0,252000,266000,-14000,-404000,119000,1045000,-926000,1198000,676000,522000,16972891
2337,旺宏            ,20643000,3534668,17108332,0,0,0,150000,4025000,-3875000,350000,50000,49000,1000,406000,57000,349000,13583332
00669R,國泰美國道瓊反1 ,762000,98000,664000,0,0,0,0,0,0,9961000,0,0,0,14090000,4129000,9961000,10625000
00648R,元大S&P500反1   ,1628000,28000,1600000,0,0,0,0,0,0,7042000,0,0,0,11120000,4078000,7042000,8642000
0050,元大台灣50      ,6168000,1272000,4896000,0,0,0,590000,900000,-310000,3628000,190000,10000,180000,8940000,5492000,3448000,8214000
2412,中華電          ,13223000,4630417,8592583,0,0,0,248000,0,248000,-886000,5000,889000,-884000,0,2000,-2000,7954583
056829,台積電富邦9A購01,5000,0,5000,0,0,0,0,0,0,7869000,0,0,0,7869000,0,7869000,7874000
2887,台新金          ,19143000,11234728,7908272,0,0,0,0,0,0,-67000,2000,85000,-83000,36000,20000,16000,7841272
00638R,元大滬深300反1  ,1138000,34000,1104000,0,0,0,0,0,0,4952000,230000,0,230000,6262000,1540000,4722000,6056000
2324,仁寶            ,13198000,6573618,6624382,0,0,0,4000,171000,-167000,-472000,10000,493000,-483000,11000,0,11000,5985382
2885,元大金          ,18145000,11882229,6262771,0,0,0,0,0,0,-392000,5000,400000,-395000,20000,17000,3000,5870771
00634R,富邦上証反1     ,1820000,63000,1757000,0,0,0,0,0,0,3895000,0,0,0,4490000,595000,3895000,5652000
07554P,玉晶光元大9A售06,0,0,0,0,0,0,0,0,0,5500000,0,0,0,5500000,0,5500000,5500000
054072,台積電富邦98購02,0,0,0,0,0,0,0,0,0,5227000,0,0,0,5227000,0,5227000,5227000
053564,台積電富邦99購01,0,0,0,0,0,0,0,0,0,5183000,0,0,0,5183000,0,5183000,5183000
5876,上海商銀        ,8528000,3628502,4899498,0,0,0,0,0,0,23000,18000,10000,8000,32000,17000,15000,4922498
2344,華邦電          ,10626000,5758783,4867217,0,0,0,0,546000,-546000,148000,196000,94000,102000,76000,30000,46000,4469217
3231,緯創            ,8349000,3634949,4714051,0,0,0,1220000,608000,612000,-927000,9000,966000,-957000,120000,90000,30000,4399051
2884,玉山金          ,26845000,23131026,3713974,0,0,0,0,0,0,119000,28000,87000,-59000,294000,116000,178000,3832974
2317,鴻海            ,18201337,15673559,2527778,0,0,0,54000,0,54000,676000,111000,338000,-227000,1332000,429000,903000,3257778
2356,英業達          ,6024000,2841913,3182087,0,0,0,0,170000,-170000,41000,3000,133000,-130000,181000,10000,171000,3053087
2371,大同            ,4477000,1554000,2923000,0,0,0,0,0,0,0,0,0,0,0,0,0,2923000
050755,和大元富94購01  ,0,0,0,0,0,0,0,0,0,2919000,0,0,0,2919000,0,2919000,2919000
00671R,富邦NASDAQ反1   ,721000,0,721000,0,0,0,0,0,0,1829000,0,0,0,3557000,1728000,1829000,2550000
00631L,元大台灣50正2   ,1058000,1083000,-25000,0,0,0,0,0,0,2449000,0,140000,-140000,11641000,9052000,2589000,2424000
2408,南亞科          ,9466000,6366742,3099258,0,0,0,300000,1025000,-725000,18000,115000,121000,-6000,69000,45000,24000,2392258
1314,中石化          ,5221000,2656480,2564520,0,0,0,0,0,0,-187000,11000,201000,-190000,41000,38000,3000,2377520
2883,開發金          ,20038000,17790808,2247192,0,0,0,0,0,0,126000,271000,135000,136000,14000,24000,-10000,2373192
6505,台塑化          ,3403000,915695,2487305,0,0,0,0,0,0,-206000,246000,452000,-206000,0,0,0,2281305
00641R,富邦日本反1     ,806000,34000,772000,0,0,0,0,0,0,1417000,0,0,0,1961000,544000,1417000,2189000
2633,台灣高鐵        ,5644343,3514000,2130343,0,0,0,0,0,0,-19000,4000,44000,-40000,22000,1000,21000,2111343
2323,中環            ,2598000,803000,1795000,0,0,0,0,2000,-2000,166000,123000,14000,109000,96000,39000,57000,1959000
1303,南亞            ,6611000,4709306,1901694,0,0,0,0,0,0,19000,8000,33000,-25000,46000,2000,44000,1920694
3702,大聯大          ,4072000,1565748,2506252,0,0,0,0,40000,-40000,-585000,2000,587000,-585000,0,0,0,1881252
0056,元大高股息      ,119450,130000,-10550,0,0,0,250000,0,250000,1448000,285000,200000,85000,4584000,3221000,1363000,1687450
4938,和碩            ,5360000,3791152,1568848,0,0,0,2000,57000,-55000,74000,45000,2000,43000,44000,13000,31000,1587848
056193,聯發科富邦99購08,0,0,0,0,0,0,0,0,0,1561000,0,0,0,1561000,0,1561000,1561000
2454,聯發科          ,6976176,5801590,1174586,0,0,0,99000,3000,96000,237000,41000,163000,-122000,464000,105000,359000,1507586
2347,聯強            ,6052000,4110266,1941734,0,0,0,0,126000,-126000,-358000,6000,368000,-362000,4000,0,4000,1457734
055344,國巨凱基97購04  ,0,0,0,0,0,0,0,0,0,1449000,0,0,0,1459000,10000,1449000,1449000
056181,百和元富97購02  ,0,0,0,0,0,0,0,0,0,1404000,0,0,0,1404000,0,1404000,1404000
2353,宏碁            ,7453000,6060679,1392321,0,0,0,0,0,0,-30000,38000,70000,-32000,29000,27000,2000,1362321
1216,統一            ,8870149,7723736,1146413,0,0,0,0,0,0,166000,220000,58000,162000,22000,18000,4000,1312413
03438P,群創群益98售03  ,0,0,0,0,0,0,0,0,0,1231000,0,0,0,1231000,0,1231000,1231000
00651R,FH香港反1       ,0,0,0,0,0,0,0,0,0,1179000,0,0,0,1189000,10000,1179000,1179000
1227,佳格            ,2120000,948667,1171333,0,0,0,0,0,0,0,0,0,0,0,0,0,1171333
1722,台肥            ,1582000,406978,1175022,0,0,0,0,0,0,-14000,0,14000,-14000,0,0,0,1161022
059368,T50正2元富99購02,0,0,0,0,0,0,0,0,0,1141000,0,0,0,1663000,522000,1141000,1141000
1326,台化            ,5435000,3900757,1534243,0,0,0,0,2000,-2000,-420000,4000,422000,-418000,0,2000,-2000,1112243
6153,嘉聯益          ,1644000,546910,1097090,0,0,0,0,0,0,10000,53000,56000,-3000,17000,4000,13000,1107090
2105,正新            ,3164000,2055479,1108521,0,0,0,0,0,0,-36000,2000,34000,-32000,2000,6000,-4000,1072521
046793,聯發科元富99購01,0,75000,-75000,0,0,0,0,0,0,1141000,0,0,0,1141000,0,1141000,1066000
051923,聯發科日盛95購02,0,0,0,0,0,0,0,0,0,1048000,0,0,0,1048000,0,1048000,1048000
054201,聯詠富邦97購02  ,0,0,0,0,0,0,0,0,0,1039000,0,0,0,1039000,0,1039000,1039000
1605,華新            ,2718000,1668250,1049750,0,0,0,0,0,0,-18000,4000,2000,2000,4000,24000,-20000,1031750
056392,玉晶光富邦9C購01,0,0,0,0,0,0,0,0,0,1011000,0,0,0,1011000,0,1011000,1011000
057114,台虹群益98購01  ,0,0,0,0,0,0,0,0,0,1011000,0,0,0,1011000,0,1011000,1011000
1304,台聚            ,1375000,371000,1004000,0,0,0,0,0,0,0,0,0,0,0,0,0,1004000
053027,玉晶光富邦98購01,3000,0,3000,0,0,0,0,0,0,959000,0,0,0,959000,0,959000,962000
03436B,臺股指元富99熊13,0,0,0,0,0,0,0,0,0,959000,0,0,0,985000,26000,959000,959000
1101,台泥            ,10487000,8405759,2081241,0,0,0,55000,178000,-123000,-1002000,2000,913000,-911000,46000,137000,-91000,956241
058462,台積電兆豐99購01,0,0,0,0,0,0,0,0,0,938000,0,0,0,948000,10000,938000,938000
00692,富邦公司治理    ,29000,29000,0,0,0,0,0,0,0,906000,0,0,0,2166000,1260000,906000,906000
00656R,國泰中國A50反1  ,251000,12000,239000,0,0,0,0,0,0,664000,0,0,0,1315000,651000,664000,903000
00701,國泰股利精選30  ,213000,11000,202000,0,0,0,0,0,0,696000,0,0,0,784000,88000,696000,898000
06898P,FBVIX群益9C售03 ,0,0,0,0,0,0,0,0,0,879000,0,0,0,879000,0,879000,879000
054877,百和群益98購01  ,0,0,0,0,0,0,0,0,0,850000,0,0,0,850000,0,850000,850000
057167,台積電元大99購03,0,0,0,0,0,0,0,0,0,834000,0,0,0,934000,100000,834000,834000
2801,彰銀            ,7740000,6850890,889110,0,0,0,0,0,0,-65000,12000,19000,-7000,6000,64000,-58000,824110
052884,台積電兆豐96購01,0,0,0,0,0,0,0,0,0,810000,0,0,0,810000,0,810000,810000
07100P,華航元大99售01  ,0,0,0,0,0,0,0,0,0,805000,0,0,0,1754000,949000,805000,805000
2027,大成鋼          ,1722000,903000,819000,0,0,0,0,0,0,-26000,1000,27000,-26000,1000,1000,0,793000
4904,遠傳            ,3559000,2750260,808740,0,0,0,19000,0,19000,-37000,4000,41000,-37000,0,0,0,790740
3576,聯合再生        ,1738000,950000,788000,0,0,0,0,0,0,0,0,0,0,0,0,0,788000
2382,廣達            ,5542357,4273632,1268725,0,0,0,420000,0,420000,-908000,25000,942000,-917000,15000,6000,9000,780725
058848,台積電群益99購07,0,0,0,0,0,0,0,0,0,774000,0,0,0,774000,0,774000,774000
00850,元大臺灣ESG永續 ,1000,1000,0,0,0,0,0,0,0,766000,0,0,0,1284000,518000,766000,766000
2393,億光            ,1352000,586000,766000,0,0,0,0,0,0,-7000,0,20000,-20000,13000,0,13000,759000
2915,潤泰全          ,1405000,648221,756779,0,0,0,0,0,0,2000,0,22000,-22000,58000,34000,24000,758779
2329,華泰            ,1073000,266000,807000,0,0,0,0,0,0,-71000,1000,76000,-75000,4000,0,4000,736000
054137,聯詠元大97購02  ,0,0,0,0,0,0,0,0,0,731000,0,0,0,846000,115000,731000,731000
06641P,智邦兆豐99售01  ,20000,0,20000,0,0,0,0,0,0,704000,0,0,0,835000,131000,704000,724000
9919,康那香          ,1125000,415000,710000,0,0,0,0,0,0,0,0,0,0,0,0,0,710000
2363,矽統            ,1585000,910000,675000,0,0,0,0,0,0,34000,34000,0,34000,0,0,0,709000
3035,智原            ,1101000,360000,741000,0,0,0,0,0,0,-40000,1000,9000,-8000,2000,34000,-32000,701000
2455,全新            ,1183710,554000,629710,0,0,0,0,0,0,47000,105000,60000,45000,5000,3000,2000,676710
058750,緯穎凱基9A購03  ,0,0,0,0,0,0,0,0,0,666000,0,0,0,765000,99000,666000,666000
2006,東和鋼鐵        ,351000,508000,-157000,0,0,0,0,0,0,796000,802000,6000,796000,0,0,0,639000
2478,大毅            ,1208000,583000,625000,0,0,0,0,0,0,11000,6000,3000,3000,13000,5000,8000,636000
2383,台光電          ,992000,457167,534833,0,0,0,99000,23000,76000,15000,45000,44000,1000,16000,2000,14000,625833
056236,台積電群益97購06,0,0,0,0,0,0,0,0,0,620000,0,0,0,620000,0,620000,620000
2354,鴻準            ,2278000,1680345,597655,0,0,0,0,0,0,22000,43000,21000,22000,0,0,0,619655
1319,東陽            ,896609,264000,632609,0,0,0,0,0,0,-15000,2000,17000,-15000,0,0,0,617609
1402,遠東新          ,4837000,3911371,925629,0,0,0,0,100000,-100000,-212000,170000,412000,-242000,30000,0,30000,613629
044963,台積電中信96購01,0,0,0,0,0,0,0,0,0,613000,0,0,0,613000,0,613000,613000
054727,台積電日盛97購02,0,0,0,0,0,0,0,0,0,606000,0,0,0,1066000,460000,606000,606000
055383,GIS元大97購02   ,0,0,0,0,0,0,0,0,0,603000,0,0,0,603000,0,603000,603000
8105,凌巨            ,777000,171000,606000,0,0,0,0,0,0,-5000,1000,6000,-5000,0,0,0,601000
051121,裕民群益97購01  ,0,0,0,0,0,0,0,0,0,598000,0,0,0,998000,400000,598000,598000
054688,兆赫永豐97購01  ,0,0,0,0,0,0,0,0,0,590000,0,0,0,590000,0,590000,590000
045054,聯發科元富98購02,0,0,0,0,0,0,0,0,0,587000,0,0,0,587000,0,587000,587000
3661,世芯-KY         ,330000,318000,12000,0,0,0,565000,0,565000,8000,0,11000,-11000,24000,5000,19000,585000
059002,聯發科元大99購18,0,0,0,0,0,0,0,0,0,578000,0,0,0,608000,30000,578000,578000
058174,台積電凱基9A購05,0,0,0,0,0,0,0,0,0,559000,0,0,0,559000,0,559000,559000
058603,台積電元大99購12,0,0,0,0,0,0,0,0,0,557000,0,0,0,557000,0,557000,557000
03619C,臺股指元大95牛02,0,0,0,0,0,0,0,0,0,545000,0,0,0,545000,0,545000,545000
2820,華票            ,735000,185000,550000,0,0,0,0,0,0,-8000,0,8000,-8000,0,0,0,542000
051381,玉晶光群益98購01,0,0,0,0,0,0,0,0,0,527000,0,0,0,527000,0,527000,527000
3019,亞光            ,783000,380000,403000,0,0,0,0,0,0,115000,122000,40000,82000,38000,5000,33000,518000
3049,和鑫            ,1248000,737000,511000,0,0,0,0,0,0,5000,1000,0,1000,4000,0,4000,516000
1312,國喬            ,1591000,1071705,519295,0,0,0,0,0,0,-6000,6000,12000,-6000,0,0,0,513295
058417,國巨麥證99購01  ,0,0,0,0,460000,-460000,0,0,0,510000,0,0,0,970000,460000,510000,510000
058897,國巨元大99購17  ,0,0,0,0,0,0,0,0,0,510000,0,0,0,512000,2000,510000,510000
059340,鴻海凱基9A購12  ,0,0,0,0,0,0,0,0,0,508000,0,0,0,509000,1000,508000,508000
3016,嘉晶            ,930000,496000,434000,0,0,0,0,0,0,73000,10000,0,10000,68000,5000,63000,507000
056798,華新科麥證98購01,0,0,0,501000,0,501000,0,0,0,501000,0,0,0,501000,0,501000,501000
03413B,臺股指凱基94熊19,0,0,0,0,0,0,0,0,0,501000,0,0,0,540000,39000,501000,501000
057565,可成富邦99購01  ,0,0,0,0,0,0,0,0,0,500000,0,0,0,500000,0,500000,500000
055771,台積電日盛97購04,0,0,0,0,0,0,0,0,0,499000,0,0,0,689000,190000,499000,499000
057126,台積電凱基99購03,0,0,0,0,0,0,0,0,0,499000,0,0,0,499000,0,499000,499000
2103,台橡            ,1269000,762000,507000,0,0,0,0,0,0,-9000,0,9000,-9000,0,0,0,498000
2402,毅嘉            ,671000,174000,497000,0,0,0,0,0,0,-1000,0,1000,-1000,0,0,0,496000
059218,台積電元大99購31,0,0,0,0,0,0,0,0,0,495000,0,0,0,495000,0,495000,495000
053896,麗豐群益97購01  ,0,0,0,0,0,0,0,0,0,494000,0,0,0,500000,6000,494000,494000
052307,潤泰全國泰96購01,0,0,0,0,0,0,0,0,0,492000,0,0,0,671000,179000,492000,492000
058200,世芯康和99購01  ,0,0,0,0,0,0,0,0,0,490000,0,0,0,491000,1000,490000,490000
047885,元金2X富邦99購01,0,0,0,0,0,0,0,0,0,485000,0,0,0,485000,0,485000,485000
054567,拓凱群益98購01  ,0,0,0,0,0,0,0,0,0,480000,0,0,0,480000,0,480000,480000
054177,牧德台新97購01  ,0,0,0,0,0,0,0,0,0,480000,0,0,0,480000,0,480000,480000
2360,致茂            ,1290382,830289,460093,0,0,0,1000,0,1000,17000,26000,8000,18000,1000,2000,-1000,478093
056592,台積電元富98購01,0,0,0,0,0,0,0,0,0,476000,0,0,0,476000,0,476000,476000
056401,國巨群益98購07  ,0,0,0,0,0,0,0,0,0,475000,0,0,0,500000,25000,475000,475000
056605,台積電富邦9B購02,0,0,0,0,0,0,0,0,0,473000,0,0,0,473000,0,473000,473000
3711,日月光投控      ,6486000,6102356,383644,0,0,0,19000,6000,13000,75812,80000,1000,79000,10000,13188,-3188,472456
059239,台積電凱基99購12,0,0,0,0,0,0,0,0,0,471000,0,0,0,479000,8000,471000,471000
057564,台積電富邦9B購03,0,0,0,0,0,0,0,0,0,468000,0,0,0,468000,0,468000,468000
059012,臺股指元大9A購31,0,0,0,0,0,0,0,0,0,467000,0,0,0,467000,0,467000,467000
058961,台灣50兆豐9C購01,0,0,0,0,0,0,0,0,0,466000,0,0,0,476000,10000,466000,466000
06075P,智邦凱基97售02  ,0,0,0,0,0,0,0,0,0,464000,0,0,0,517000,53000,464000,464000
059135,臺股指群益99購10,0,0,0,0,0,0,0,0,0,464000,0,0,0,854000,390000,464000,464000
059457,立積永豐99購02  ,0,0,0,0,0,0,0,0,0,455000,0,0,0,507000,52000,455000,455000
049491,聯發科元大95購01,0,0,0,0,0,0,0,0,0,455000,0,0,0,455000,0,455000,455000
058740,T50反1日盛9B購02,0,0,0,0,0,0,0,0,0,454000,0,0,0,464000,10000,454000,454000
059046,滬深2X凱基9C購01,0,0,0,0,0,0,0,0,0,451000,0,0,0,461000,10000,451000,451000
045231,南電元大94購01  ,0,0,0,0,0,0,0,0,0,450000,0,0,0,450000,0,450000,450000
058663,瑞儀兆豐9A購01  ,0,0,0,0,0,0,0,0,0,445000,0,0,0,455000,10000,445000,445000
059238,台積電凱基99購11,0,0,0,0,0,0,0,0,0,442000,0,0,0,451000,9000,442000,442000
059361,玉晶光永豐99購04,0,0,0,0,0,0,0,0,0,442000,0,0,0,514000,72000,442000,442000
8215,明基材          ,803000,362000,441000,0,0,0,0,0,0,0,0,0,0,0,0,0,441000
06102P,智邦凱基97售03  ,0,0,0,0,0,0,0,0,0,440000,0,0,0,440000,0,440000,440000
054369,鴻海中信9C購01  ,0,0,0,0,0,0,0,0,0,434000,0,0,0,434000,0,434000,434000
056707,鴻海富邦99購03  ,0,0,0,0,0,0,0,0,0,431000,0,0,0,431000,0,431000,431000
2615,萬海            ,811000,355216,455784,0,0,0,0,0,0,-25000,0,25000,-25000,0,0,0,430784
1710,東聯            ,885000,239278,645722,0,0,0,0,0,0,-223000,0,223000,-223000,0,0,0,422722
053161,康友元大96購04  ,0,0,0,0,0,0,0,0,0,420000,0,0,0,420000,0,420000,420000
050306,聯發科中信97購01,0,0,0,0,0,0,0,0,0,416000,0,0,0,416000,0,416000,416000
058109,台灣50元富9B購01,0,0,0,0,0,0,0,0,0,412000,0,0,0,412000,0,412000,412000
00678,群益NBI生技     ,412000,3000,409000,0,0,0,0,0,0,2000,0,220000,-220000,563000,341000,222000,411000
056914,臺股指元大99購09,0,0,0,0,0,0,0,0,0,410000,0,0,0,410000,0,410000,410000
056222,台積電凱基9A購01,0,0,0,0,0,0,0,0,0,408000,0,0,0,408000,0,408000,408000
5264,鎧勝-KY         ,714000,273000,441000,0,0,0,0,0,0,-34000,0,10000,-10000,0,24000,-24000,407000
1301,台塑            ,5781000,5485106,295894,0,0,0,276000,0,276000,-165000,26000,194000,-168000,3000,0,3000,406894
048860,玉晶光群益96購03,0,0,0,0,0,0,0,0,0,406000,0,0,0,406000,0,406000,406000
03647C,T50反1元富99牛02,0,0,0,0,0,0,0,0,0,400000,0,0,0,411000,11000,400000,400000
05142P,華新科台新95售01,0,0,0,0,0,0,0,0,0,400000,0,0,0,400000,0,400000,400000
058716,華新科台新99購02,0,0,0,0,0,0,0,0,0,400000,0,0,0,400000,0,400000,400000
1718,中纖            ,1183000,756000,427000,0,0,0,0,0,0,-32000,0,0,0,0,32000,-32000,395000
056858,國巨群益99購03  ,0,0,0,0,0,0,0,0,0,390000,0,0,0,540000,150000,390000,390000
05974P,國巨富邦97售03  ,0,0,0,0,0,0,0,0,0,390000,0,0,0,390000,0,390000,390000
054227,宏達電元富96購02,0,0,0,0,0,0,0,0,0,390000,0,0,0,400000,10000,390000,390000
051399,玉晶光台新96購01,0,0,0,0,0,0,0,0,0,389000,0,0,0,389000,0,389000,389000
043656,上証反元大94購01,0,0,0,0,0,0,0,0,0,388000,0,0,0,400000,12000,388000,388000
050512,台泥元大94購01  ,0,0,0,0,0,0,0,0,0,388000,0,0,0,388000,0,388000,388000
6288,聯嘉            ,597000,209000,388000,0,0,0,0,0,0,0,0,0,0,0,0,0,388000
050099,台積電永昌96購01,0,0,0,0,0,0,0,0,0,387000,0,0,0,669000,282000,387000,387000
06081P,深中小元大97售02,0,0,0,0,0,0,0,0,0,385000,0,0,0,385000,0,385000,385000
045055,聯發科元富98購03,0,0,0,0,0,0,0,0,0,383000,0,0,0,383000,0,383000,383000
04878P,國巨康和94售02  ,0,0,0,0,0,0,0,0,0,382000,0,0,0,412000,30000,382000,382000
07275P,FBVIX群益99售02 ,0,0,0,0,0,0,0,0,0,379000,0,0,0,482000,103000,379000,379000
054197,台積電永昌96購07,5000,0,5000,0,0,0,0,0,0,367000,0,0,0,367000,0,367000,372000
049890,嘉澤國泰95購01  ,0,0,0,0,0,0,0,0,0,368000,0,0,0,368000,0,368000,368000
2542,興富發          ,1791576,1345635,445941,0,0,0,0,0,0,-82000,24000,106000,-82000,0,0,0,363941
056721,台灣50永昌9A購01,0,0,0,0,0,0,0,0,0,362000,0,0,0,402000,40000,362000,362000
3443,創意            ,400000,103000,297000,0,0,0,50000,2000,48000,8000,12000,10000,2000,6000,0,6000,353000
049629,臺股指群益94購02,0,0,0,0,0,0,0,0,0,352000,0,0,0,499000,147000,352000,352000
6120,達運            ,550000,188000,362000,0,0,0,0,0,0,-10000,1000,11000,-10000,0,0,0,352000
2375,凱美            ,496000,211000,285000,0,0,0,0,0,0,66000,65000,0,65000,1000,0,1000,351000
053900,T50反1日盛99購01,0,0,0,0,0,0,0,0,0,348000,0,0,0,557000,209000,348000,348000
8028,昇陽半導體      ,660000,253000,407000,0,0,0,0,62000,-62000,2000,0,5000,-5000,7000,0,7000,347000
059295,大立光元富99購05,0,0,0,0,0,0,0,0,0,342000,0,0,0,763000,421000,342000,342000
053407,台積電兆豐96購02,0,0,0,0,0,0,0,0,0,342000,0,0,0,347000,5000,342000,342000
4551,智伸科          ,408000,180000,228000,0,0,0,236000,97000,139000,-25000,0,22000,-22000,0,3000,-3000,342000
054814,台積電元大97購13,0,0,0,0,0,0,0,0,0,340000,0,0,0,340000,0,340000,340000
052886,世紀鋼兆豐96購01,0,0,0,0,0,0,0,0,0,338000,0,0,0,404000,66000,338000,338000
6443,元晶            ,412000,74059,337941,0,0,0,0,0,0,0,0,0,0,0,0,0,337941
04452P,超眾國泰95售01  ,0,0,0,0,0,0,0,0,0,337000,0,0,0,337000,0,337000,337000
054421,臺股指元大99購03,0,0,0,0,0,0,0,0,0,336000,0,0,0,347000,11000,336000,336000
9921,巨大            ,843000,507005,335995,0,0,0,0,0,0,0,0,0,0,0,0,0,335995
048381,T50反1國票94購03,0,0,0,0,0,0,0,0,0,335000,0,0,0,335000,0,335000,335000
3189,景碩            ,1108000,844000,264000,0,0,0,0,48000,-48000,118000,82000,34000,48000,74000,4000,70000,334000
058356,華邦電凱基99購01,0,0,0,0,0,0,0,0,0,330000,0,0,0,330000,0,330000,330000
1409,新纖            ,988000,636000,352000,0,0,0,0,0,0,-25000,0,25000,-25000,0,0,0,327000
053312,緯穎凱基96購02  ,0,60000,-60000,0,0,0,0,0,0,386000,0,0,0,386000,0,386000,326000
054563,泰碩群益99購01  ,0,0,0,0,0,0,0,0,0,325000,0,0,0,325000,0,325000,325000
053610,矽力中信98購01  ,0,0,0,0,0,0,0,0,0,325000,0,0,0,325000,0,325000,325000
055399,超眾統一99購01  ,0,0,0,0,0,0,0,0,0,324000,0,0,0,324000,0,324000,324000
5215,科嘉-KY         ,93000,62000,31000,0,0,0,331000,41000,290000,0,0,0,0,0,0,0,321000
9945,潤泰新          ,1648936,1213352,435584,0,0,0,0,120000,-120000,4000,20000,16000,4000,0,0,0,319584
055451,台積電元富97購02,0,0,0,0,0,0,0,0,0,319000,0,0,0,319000,0,319000,319000
055526,台積電群益97購02,0,0,0,0,0,0,0,0,0,315000,0,0,0,315000,0,315000,315000
059358,旺宏永豐99購02  ,0,0,0,0,0,0,0,0,0,314000,0,0,0,342000,28000,314000,314000
046145,矽力元富95購01  ,0,0,0,0,0,0,0,0,0,314000,0,0,0,314000,0,314000,314000
2049,上銀            ,1549000,1239626,309374,0,0,0,114000,117000,-3000,5000,68000,74000,-6000,12000,1000,11000,311374
054803,味全元大9A購01  ,0,0,0,0,0,0,0,0,0,304000,0,0,0,309000,5000,304000,304000
059537,大立光凱基99購09,0,0,0,0,0,0,0,0,0,301000,0,0,0,398000,97000,301000,301000
057646,玉山金元大98購01,0,0,0,0,0,0,0,0,0,301000,0,0,0,301000,0,301000,301000
3406,玉晶光          ,774000,650000,124000,0,0,0,0,0,0,177000,114000,30000,84000,99000,6000,93000,301000
056976,喬山群益98購01  ,0,0,0,0,0,0,0,0,0,300000,0,0,0,300000,0,300000,300000
057929,上銀群益98購02  ,0,0,0,0,0,0,0,0,0,300000,0,0,0,300000,0,300000,300000
054861,智邦群益97購01  ,0,0,0,0,0,0,0,0,0,300000,0,0,0,300000,0,300000,300000
058686,祥碩凱基99購03  ,0,0,0,0,0,0,0,0,0,300000,0,0,0,300000,0,300000,300000
048153,台積電兆豐94購01,0,0,0,0,0,0,0,0,0,300000,0,0,0,300000,0,300000,300000
053036,聯電凱基98購01  ,0,0,0,0,0,0,0,0,0,300000,0,0,0,300000,0,300000,300000
05124P,華新科富邦97售02,0,0,0,0,0,0,0,0,0,300000,0,0,0,305000,5000,300000,300000
057019,台積電凱基98購14,0,0,0,0,0,0,0,0,0,299000,0,0,0,299000,0,299000,299000
056702,欣興國泰9A購01  ,0,0,0,0,0,0,0,0,0,299000,0,0,0,299000,0,299000,299000
056435,台積電凱基98購09,0,0,0,0,0,0,0,0,0,299000,0,0,0,299000,0,299000,299000
057795,鴻海兆豐99購02  ,0,0,0,0,0,0,0,0,0,299000,0,0,0,309000,10000,299000,299000
051067,台積電國票96購03,0,0,0,0,0,0,0,0,0,299000,0,0,0,299000,0,299000,299000
058991,台灣50元大03購01,10000,0,10000,0,0,0,0,0,0,287000,0,0,0,297000,10000,287000,297000
042754,元黃金元大93購01,0,0,0,0,0,0,0,0,0,297000,0,0,0,297000,0,297000,297000
00739,元大MSCI A股    ,111000,7000,104000,0,0,0,0,0,0,189000,0,0,0,253000,64000,189000,293000
058903,聯發科元大99購16,0,0,0,0,0,0,0,0,0,292000,0,0,0,293000,1000,292000,292000
3515,華擎            ,260000,416000,-156000,0,0,0,417000,0,417000,30000,18000,0,18000,21000,9000,12000,291000
052146,泰碩群益95購01  ,0,0,0,0,0,0,0,0,0,289000,0,0,0,289000,0,289000,289000
048435,致新國票93購01  ,0,0,0,0,0,0,0,0,0,289000,0,0,0,289000,0,289000,289000
057616,聯電凱基99購01  ,0,0,0,0,0,0,0,0,0,286000,0,0,0,372000,86000,286000,286000
3380,明泰            ,596000,255595,340405,0,0,0,0,0,0,-58000,61000,129000,-68000,10000,0,10000,282405
058391,T50反1元大99購02,30000,0,30000,0,0,0,0,0,0,250000,0,0,0,473000,223000,250000,280000
054726,台積電日盛97購01,0,0,0,0,0,0,0,0,0,280000,0,0,0,530000,250000,280000,280000
054291,高鐵元大97購01  ,0,0,0,0,0,0,0,0,0,280000,0,0,0,330000,50000,280000,280000
05306P,泰碩國泰97售01  ,0,0,0,0,0,0,0,0,0,279000,0,0,0,279000,0,279000,279000
3050,鈺德            ,339000,61000,278000,0,0,0,0,0,0,0,0,0,0,0,0,0,278000
2369,菱生            ,409000,131000,278000,0,0,0,0,0,0,0,0,0,0,0,0,0,278000
056565,欣興群益98購03  ,0,0,0,0,0,0,0,0,0,275000,0,0,0,275000,0,275000,275000
057289,力成元大98購03  ,0,0,0,0,0,0,0,0,0,270000,0,0,0,270000,0,270000,270000
055354,宏達電凱基98購01,0,0,0,0,0,0,0,0,0,270000,0,0,0,270000,0,270000,270000
058574,台積電群益99購03,0,0,0,0,0,0,0,0,0,268000,0,0,0,268000,0,268000,268000
056857,國巨群益99購02  ,0,0,0,0,0,0,0,0,0,265000,0,0,0,385000,120000,265000,265000
6278,台表科          ,1582000,1896725,-314725,0,0,0,710000,214000,496000,83000,57000,0,57000,26000,0,26000,264275
05564P,玉晶光元大97售02,5000,0,5000,0,0,0,0,0,0,258000,0,0,0,426000,168000,258000,263000
04374P,深中小元大94售03,0,0,0,0,0,0,0,0,0,262000,0,0,0,262000,0,262000,262000
046541,超眾群益93購01  ,0,0,0,0,0,0,0,0,0,261000,0,0,0,261000,0,261000,261000
9105,泰金寶-DR       ,333000,74000,259000,0,0,0,0,0,0,0,0,0,0,0,0,0,259000
059005,嘉晶元大99購06  ,0,0,0,0,0,0,0,0,0,256000,0,0,0,258000,2000,256000,256000
057917,台積電凱基98購17,0,0,0,0,0,0,0,0,0,256000,0,0,0,466000,210000,256000,256000
058718,台灣50元富03購01,0,0,0,0,0,0,0,0,0,255000,0,0,0,255000,0,255000,255000
058601,台積電元大99購10,0,0,0,0,0,0,0,0,0,254000,0,0,0,254000,0,254000,254000
2897,王道銀行        ,681000,427000,254000,0,0,0,0,0,0,0,0,0,0,0,0,0,254000
056334,台積電凱基98購06,0,0,0,0,0,0,0,0,0,252000,0,0,0,257000,5000,252000,252000
057771,鴻海群益99購01  ,0,0,0,0,0,0,0,0,0,250000,0,0,0,250000,0,250000,250000
06897P,FBVIX群益01售01 ,0,0,0,0,0,0,0,0,0,250000,0,0,0,250000,0,250000,250000
056964,聯發科永豐98購03,0,0,0,0,0,0,0,0,0,250000,0,0,0,250000,0,250000,250000
050142,聯發科元富9A購01,0,0,0,0,0,0,0,0,0,248000,0,0,0,248000,0,248000,248000
059011,臺股指元大9A購30,0,0,0,0,0,0,0,0,0,244000,0,0,0,269000,25000,244000,244000
050899,旭富元大95購01  ,0,0,0,0,0,0,0,0,0,244000,0,0,0,245000,1000,244000,244000
020000,富邦特選蘋果N   ,0,0,0,0,0,0,0,0,0,243000,0,0,0,251000,8000,243000,243000
055385,昇陽半元大98購01,0,0,0,0,0,0,0,0,0,242000,0,0,0,242000,0,242000,242000
3698,隆達            ,412000,157000,255000,0,0,0,0,0,0,-13000,0,13000,-13000,0,0,0,242000
058997,鴻海元大99購21  ,0,0,0,0,0,0,0,0,0,240000,0,0,0,240000,0,240000,240000
058981,國巨凱基99購10  ,0,0,0,0,0,0,0,0,0,240000,0,0,0,240000,0,240000,240000
057814,聯發科元大98購12,0,0,0,0,0,0,0,0,0,240000,0,0,0,245000,5000,240000,240000
056114,台達電群益97購02,0,0,0,0,0,0,0,0,0,240000,0,0,0,240000,0,240000,240000
050757,聯發科元富94購03,0,0,0,0,0,0,0,0,0,240000,0,0,0,240000,0,240000,240000
4943,康控-KY         ,456000,223000,233000,0,0,0,0,0,0,5000,4000,3000,1000,5000,1000,4000,238000
055296,康舒元大97購02  ,0,0,0,0,0,0,0,0,0,236000,0,0,0,236000,0,236000,236000
6191,精成科          ,399000,164000,235000,0,0,0,0,0,0,1000,1000,0,1000,0,0,0,236000
2388,威盛            ,339000,103000,236000,0,0,0,0,0,0,0,0,0,0,0,0,0,236000
01003T,兆豐新光R1      ,241616,6000,235616,0,0,0,0,0,0,0,0,0,0,0,0,0,235616
059134,臺股指群益99購09,0,0,0,0,0,0,0,0,0,234000,0,0,0,304000,70000,234000,234000
053860,台積電元大98購03,0,0,0,0,0,0,0,0,0,234000,0,0,0,424000,190000,234000,234000
054804,南亞元大9A購01  ,0,0,0,0,0,0,0,0,0,233000,0,0,0,233000,0,233000,233000
056768,宏達電元大99購03,0,0,0,0,0,0,0,0,0,232000,0,0,0,522000,290000,232000,232000
043442,大立光台新01購01,0,0,0,0,0,0,0,0,0,232000,0,0,0,232000,0,232000,232000
051911,大立光元大98購02,0,0,0,0,0,0,0,0,0,231000,0,0,0,231000,0,231000,231000
058426,旺宏元富99購02  ,0,0,0,0,0,0,0,0,0,230000,0,0,0,230000,0,230000,230000
2338,光罩            ,601000,374000,227000,0,0,0,0,0,0,3000,0,0,0,15000,12000,3000,230000
3682,亞太電          ,558000,329000,229000,0,0,0,0,0,0,0,0,0,0,0,0,0,229000
06946P,T50正2元大9C售01,0,0,0,0,0,0,0,0,0,226000,0,0,0,226000,0,226000,226000
047774,台表科元大95購01,0,0,0,0,0,0,0,0,0,226000,0,0,0,226000,0,226000,226000
057689,南亞科凱基99購02,0,0,0,0,0,0,0,0,0,225000,0,0,0,260000,35000,225000,225000
055863,緯穎元大97購05  ,0,0,0,0,0,0,0,0,0,225000,0,0,0,225000,0,225000,225000
054961,玉晶光元大99購01,0,0,0,0,0,0,0,0,0,223000,0,0,0,223000,0,223000,223000
059257,臺股指凱基99購35,0,0,0,0,0,0,0,0,0,222000,0,0,0,231000,9000,222000,222000
056594,台積電元富98購03,0,0,0,0,0,0,0,0,0,221000,0,0,0,221000,0,221000,221000
058412,聯發科兆豐99購01,0,0,0,0,0,0,0,0,0,220000,0,0,0,220000,0,220000,220000
6141,柏承            ,272000,52000,220000,0,0,0,0,0,0,0,0,0,0,0,0,0,220000
2417,圓剛            ,417000,199000,218000,0,0,0,0,0,0,1000,1000,0,1000,0,0,0,219000
04168P,元金2X凱基99售01,0,0,0,0,0,0,0,0,0,217000,0,0,0,217000,0,217000,217000
3338,泰碩            ,892000,1033000,-141000,0,0,0,190000,0,190000,167000,53000,8000,45000,139000,17000,122000,216000
055965,泰鼎元大97購03  ,0,0,0,0,0,0,0,0,0,215000,0,0,0,220000,5000,215000,215000
053465,聯電元大96購05  ,0,0,0,0,0,0,0,0,0,215000,0,0,0,320000,105000,215000,215000
053392,致新元大96購01  ,0,0,0,0,0,0,0,0,0,215000,0,0,0,215000,0,215000,215000
4564,元翎            ,273000,58000,215000,0,0,0,0,0,0,0,0,0,0,0,0,0,215000
053152,大立光元大99購01,0,0,0,0,0,0,0,0,0,214000,0,0,0,224000,10000,214000,214000
2426,鼎元            ,254000,39000,215000,0,0,0,0,0,0,-2000,2000,4000,-2000,0,0,0,213000
05855P,滬深2X中信9C售01,0,0,0,0,0,0,0,0,0,211000,0,0,0,211000,0,211000,211000
056583,昇陽半元大98購02,0,0,0,0,0,0,0,0,0,210000,0,0,0,210000,0,210000,210000
035275,台積電台新97購01,0,0,0,0,0,0,0,0,0,210000,0,0,0,210000,0,210000,210000
053487,台泥兆豐97購01  ,0,0,0,0,0,0,0,0,0,210000,0,0,0,250000,40000,210000,210000
053719,可成凱基96購08  ,0,0,0,0,0,0,0,0,0,210000,0,0,0,210000,0,210000,210000
058855,台積電兆豐99購02,0,0,0,0,0,0,0,0,0,209000,0,0,0,209000,0,209000,209000
050514,聯電元大94購01  ,0,0,0,0,0,0,0,0,0,209000,0,0,0,230000,21000,209000,209000
06617P,智邦元大98售03  ,0,0,0,0,0,0,0,0,0,206000,0,0,0,224000,18000,206000,206000
06347P,祥碩元富97售02  ,0,0,0,0,0,0,0,0,0,206000,0,0,0,209000,3000,206000,206000
00752,中信中國50      ,9000,4000,5000,0,0,0,0,0,0,200000,0,0,0,692000,492000,200000,205000
058470,台灣50日盛9B購02,0,0,0,0,0,0,0,0,0,205000,0,0,0,205000,0,205000,205000
059494,國巨國票9C購01  ,0,0,0,0,0,0,0,0,0,204000,0,0,0,270000,66000,204000,204000
058656,燿華中信99購01  ,0,0,0,0,0,0,0,0,0,203000,0,0,0,203000,0,203000,203000
05852P,嘉晶群益96售01  ,0,0,0,0,0,0,0,0,0,201000,0,0,0,214000,13000,201000,201000
057383,玉晶光富邦9A購01,0,0,0,0,0,0,0,0,0,200000,0,0,0,200000,0,200000,200000
053815,聯發科群益96購01,0,0,0,0,0,0,0,0,0,200000,0,0,0,200000,0,200000,200000
051602,南茂兆豐96購01  ,0,0,0,0,0,0,0,0,0,200000,0,0,0,220000,20000,200000,200000
03765P,大立光元富96售01,0,0,0,0,0,0,0,0,0,200000,0,0,0,200000,0,200000,200000
050896,華新科元大96購02,0,0,0,0,0,0,0,0,0,200000,0,0,0,201000,1000,200000,200000
055348,旺宏凱基97購01  ,0,0,0,0,0,0,0,0,0,200000,0,0,0,200000,0,200000,200000
059163,台積電凱基99購10,0,0,0,0,0,0,0,0,0,199000,0,0,0,217000,18000,199000,199000
048867,台積電兆豐95購01,0,0,0,0,0,0,0,0,0,199000,0,0,0,209000,10000,199000,199000
050895,聯發科元大97購01,0,0,0,0,0,0,0,0,0,199000,0,0,0,199000,0,199000,199000
051632,全新國票96購01  ,0,0,0,0,0,0,0,0,0,199000,0,0,0,200000,1000,199000,199000
056115,奇力新群益97購06,0,0,0,0,0,0,0,0,0,198000,0,0,0,198000,0,198000,198000
3008,大立光          ,460151,275076,185075,0,0,0,9000,5000,4000,8000,0,5000,-5000,20000,7000,13000,197075
047937,元金2X國票97購02,0,0,0,0,0,0,0,0,0,197000,0,0,0,197000,0,197000,197000
056754,智易兆豐99購01  ,0,0,0,0,0,0,0,0,0,195000,0,0,0,195000,0,195000,195000
048124,大立光元大95購03,0,0,0,0,0,0,0,0,0,195000,0,0,0,195000,0,195000,195000
059384,上証2X凱基9B購01,0,0,0,0,0,0,0,0,0,192000,0,0,0,202000,10000,192000,192000
059458,鎧勝永豐99購01  ,0,0,0,0,0,0,0,0,0,191000,0,0,0,218000,27000,191000,191000
057645,華新科元大99購11,0,0,0,0,0,0,0,0,0,190000,0,0,0,200000,10000,190000,190000
053746,彰銀康和96購01  ,0,0,0,0,0,0,0,0,0,190000,0,0,0,329000,139000,190000,190000
053324,康舒群益96購01  ,0,0,0,0,0,0,0,0,0,190000,0,0,0,200000,10000,190000,190000
057664,台積電元大9A購03,0,0,0,0,0,0,0,0,0,189000,0,0,0,189000,0,189000,189000
2405,浩鑫            ,234000,45000,189000,0,0,0,0,0,0,0,0,0,0,0,0,0,189000
057180,華新科元大99購08,0,0,0,0,0,0,0,0,0,188000,0,0,0,188000,0,188000,188000
044429,元金2X元大94購04,0,0,0,0,0,0,0,0,0,188000,0,0,0,290000,102000,188000,188000
6166,凌華            ,449000,243000,206000,0,0,0,0,0,0,-18000,0,22000,-22000,4000,0,4000,188000
04712P,國泰金元大94售01,0,0,0,0,0,0,0,0,0,187000,0,0,0,189000,2000,187000,187000
06059P,泰碩元大97售02  ,0,0,0,0,0,0,0,0,0,185000,0,0,0,285000,100000,185000,185000
053041,可成凱基96購02  ,0,0,0,0,0,0,0,0,0,185000,0,0,0,185000,0,185000,185000
053561,玉晶光國泰98購01,0,0,0,0,0,0,0,0,0,185000,0,0,0,185000,0,185000,185000
4961,天鈺            ,216000,31000,185000,0,0,0,0,0,0,0,0,0,0,0,0,0,185000
2331,精英            ,271000,85000,186000,0,0,0,0,0,0,-2000,0,2000,-2000,0,0,0,184000
6552,易華電          ,291000,109000,182000,0,0,0,0,0,0,1000,0,0,0,1000,0,1000,183000
6452,康友-KY         ,222000,65846,156154,0,0,0,0,0,0,26000,0,0,0,26000,0,26000,182154
057625,泰鼎國泰9A購01  ,0,0,0,0,0,0,0,0,0,182000,0,0,0,182000,0,182000,182000
06996P,臺股指凱基99售17,0,0,0,0,0,0,0,0,0,180000,0,0,0,180000,0,180000,180000
052417,聯發科兆豐9B購01,0,0,0,0,0,0,0,0,0,180000,0,0,0,180000,0,180000,180000
047688,亞德客富邦95購01,0,0,0,0,0,0,0,0,0,180000,0,0,0,180000,0,180000,180000
058706,聯鈞元大9C購01  ,0,0,0,0,0,0,0,0,0,179000,0,0,0,180000,1000,179000,179000
057013,聯發科麥證98購01,0,0,0,100000,130000,-30000,0,0,0,177000,0,0,0,307000,130000,177000,177000
052042,台積電日盛95購02,0,0,0,0,0,0,0,0,0,177000,0,0,0,450000,273000,177000,177000
00680L,元大美債20正2   ,0,0,0,0,0,0,0,0,0,177000,0,0,0,417000,240000,177000,177000
05999P,世芯元大96售01  ,0,0,0,0,0,0,0,0,0,176000,0,0,0,176000,0,176000,176000
00762,元大全球AI      ,6000,5000,1000,0,0,0,0,0,0,175000,0,56000,-56000,405000,174000,231000,176000
058708,臺股指元大9A購21,0,0,0,0,0,0,0,0,0,176000,0,0,0,176000,0,176000,176000
058982,台積電凱基99購08,0,0,0,0,0,0,0,0,0,175000,0,0,0,175000,0,175000,175000
00654R,富邦印度反1     ,0,0,0,0,0,0,0,0,0,175000,0,0,0,252000,77000,175000,175000
057586,台積電國票99購06,0,0,0,0,0,0,0,0,0,174000,0,0,0,174000,0,174000,174000
059236,鴻海凱基99購09  ,0,0,0,0,0,0,0,0,0,174000,0,0,0,174000,0,174000,174000
8429,金麗-KY         ,189000,15000,174000,0,0,0,0,0,0,0,0,0,0,0,0,0,174000
059319,台光電元大99購04,0,0,0,0,0,0,0,0,0,173000,0,0,0,199000,26000,173000,173000
00861,元大全球未來通訊,33000,220000,-187000,0,0,0,0,0,0,359000,0,0,0,2785000,2426000,359000,172000
04623P,台積電元大94售13,0,0,0,0,0,0,0,0,0,172000,0,0,0,289000,117000,172000,172000
2485,兆赫            ,248000,66000,182000,0,0,0,0,0,0,-10000,0,0,0,0,10000,-10000,172000
054370,台積電中信9A購01,0,0,0,0,0,0,0,0,0,171000,0,0,0,171000,0,171000,171000
056469,國巨元大99購01  ,0,0,0,0,0,0,0,0,0,170000,0,0,0,170000,0,170000,170000
058968,T50正2永豐99購01,0,0,0,0,0,0,0,0,0,170000,0,0,0,170000,0,170000,170000
048789,大立光元大95購04,0,0,0,0,0,0,0,0,0,170000,0,0,0,170000,0,170000,170000
056447,聯發科凱基98購09,0,0,0,0,0,0,0,0,0,169000,0,0,0,169000,0,169000,169000
050081,聯發科統一94購07,0,0,0,0,0,0,0,0,0,168000,0,0,0,168000,0,168000,168000
059432,聯發科元大99購26,0,0,0,0,0,0,0,0,0,167000,0,0,0,185000,18000,167000,167000
058953,S&P反1國票03購01,0,0,0,0,0,0,0,0,0,167000,0,0,0,167000,0,167000,167000
2102,泰豐            ,571000,420000,151000,0,0,0,0,0,0,16000,16000,0,16000,0,0,0,167000
07122P,欣興凱基99售05  ,0,0,0,0,0,0,0,0,0,166000,0,0,0,170000,4000,166000,166000
046574,泰鼎國泰94購01  ,0,0,0,0,0,0,0,0,0,166000,0,0,0,166000,0,166000,166000
058901,美律元大99購07  ,0,0,0,0,0,0,0,0,0,166000,0,0,0,201000,35000,166000,166000
049702,台表科元大95購03,0,0,0,0,0,0,0,0,0,165000,0,0,0,185000,20000,165000,165000
3653,健策            ,239000,159000,80000,0,0,0,85000,0,85000,-1000,0,20000,-20000,24000,5000,19000,164000
3530,晶相光          ,366000,213000,153000,0,0,0,0,0,0,10000,0,0,0,10000,0,10000,163000
059188,京元電富邦9B購01,0,0,0,0,0,0,0,0,0,162000,0,0,0,229000,67000,162000,162000
2499,東貝            ,198000,36000,162000,0,0,0,0,0,0,0,0,0,0,0,0,0,162000
6005,群益證          ,886000,724814,161186,0,0,0,0,0,0,0,0,0,0,0,0,0,161186
05944P,富邦金中信96售01,0,0,0,0,0,0,0,0,0,160000,0,0,0,160000,0,160000,160000
05319P,上銀凱基95售02  ,0,0,0,0,0,0,0,0,0,160000,0,0,0,170000,10000,160000,160000
04560P,台積電凱基94售16,0,0,0,0,0,0,0,0,0,160000,0,0,0,160000,0,160000,160000
055214,聯電凱基97購02  ,0,0,0,0,0,0,0,0,0,160000,0,0,0,160000,0,160000,160000
053559,台積電國泰98購01,0,0,0,0,0,0,0,0,0,160000,0,0,0,160000,0,160000,160000
2605,新興            ,296000,75000,221000,0,0,0,0,60000,-60000,-1000,0,2000,-2000,1000,0,1000,160000
3052,夆典            ,379000,219000,160000,0,0,0,0,0,0,0,0,0,0,0,0,0,160000
6668,中揚光          ,231000,73000,158000,0,0,0,0,0,0,0,0,0,0,0,0,0,158000
055703,緯穎富邦98購01  ,0,0,0,0,0,0,0,0,0,157000,0,0,0,157000,0,157000,157000
3004,豐達科          ,183000,26000,157000,0,0,0,0,0,0,0,0,0,0,0,0,0,157000
053405,台達電兆豐96購01,0,0,0,0,0,0,0,0,0,156000,0,0,0,232000,76000,156000,156000
04774P,金融類元大94售02,0,0,0,0,0,0,0,0,0,156000,0,0,0,156000,0,156000,156000
059119,華擎永豐99購02  ,0,0,0,0,0,0,0,0,0,155000,0,0,0,254000,99000,155000,155000
053175,矽力群益96購01  ,0,0,0,0,0,0,0,0,0,155000,0,0,0,255000,100000,155000,155000
4976,佳凌            ,199000,44000,155000,0,0,0,0,0,0,0,0,0,0,0,0,0,155000
059215,台積電元大99購28,0,0,0,0,0,0,0,0,0,154000,0,0,0,154000,0,154000,154000
058547,世紀鋼富邦9A購01,0,0,0,0,0,0,0,0,0,154000,0,0,0,154000,0,154000,154000
00730,富邦臺灣優質高息,0,0,0,0,0,0,0,0,0,153000,0,0,0,860000,707000,153000,153000
1460,宏遠            ,153000,0,153000,0,0,0,0,0,0,0,0,0,0,0,0,0,153000
059143,國巨國票9A購04  ,0,0,0,0,0,0,0,0,0,152000,0,0,0,287000,135000,152000,152000
059526,鴻海凱基99購12  ,0,0,0,0,0,0,0,0,0,152000,0,0,0,211000,59000,152000,152000
051840,康友國泰97購02  ,0,0,0,0,0,0,0,0,0,151000,0,0,0,151000,0,151000,151000
058504,台積電元大99購07,0,0,0,0,0,0,0,0,0,151000,0,0,0,151000,0,151000,151000
057710,金融類群益98購01,0,0,0,0,0,0,0,0,0,150000,0,0,0,150000,0,150000,150000
057866,玉山金凱基98購01,0,0,0,0,0,0,0,0,0,150000,0,0,0,150000,0,150000,150000
057778,大立光群益98購02,0,0,0,0,0,0,0,0,0,150000,0,0,0,150000,0,150000,150000
1313,聯成            ,385000,235000,150000,0,0,0,0,0,0,0,0,0,0,0,0,0,150000
055803,鎧勝永豐97購01  ,0,0,0,0,0,0,0,0,0,150000,0,0,0,150000,0,150000,150000
056553,啟碁凱基98購02  ,0,0,0,0,0,0,0,0,0,150000,0,0,0,150000,0,150000,150000
057208,上海銀元富98購01,0,0,0,0,0,0,0,0,0,150000,0,0,0,150000,0,150000,150000
057336,聯發科國票99購01,0,0,0,0,0,0,0,0,0,150000,0,0,0,150000,0,150000,150000
057284,新日興元大98購03,0,0,0,0,0,0,0,0,0,150000,0,0,0,150000,0,150000,150000
05989P,健策元富96售01  ,0,0,0,0,0,0,0,0,0,150000,0,0,0,150000,0,150000,150000
058886,元石油元大9C購03,0,0,0,0,0,0,0,0,0,150000,0,0,0,150000,0,150000,150000
051461,聯詠國泰96購01  ,0,0,0,0,0,0,0,0,0,150000,0,0,0,150000,0,150000,150000
054102,百和國票97購04  ,0,0,0,0,0,0,0,0,0,150000,0,0,0,150000,0,150000,150000
053505,瑞儀兆豐97購01  ,0,0,0,0,0,0,0,0,0,150000,0,0,0,150000,0,150000,150000
050526,貿聯元大95購01  ,0,0,0,0,0,0,0,0,0,150000,0,0,0,150000,0,150000,150000
052989,麗豐元大98購01  ,0,0,0,0,0,0,0,0,0,150000,0,0,0,150000,0,150000,150000
048874,玉晶光國票96購01,0,0,0,0,0,0,0,0,0,150000,0,0,0,150000,0,150000,150000
2442,新美齊          ,252000,103000,149000,0,0,0,0,0,0,1000,1000,0,1000,0,0,0,150000
058564,元金2X凱基9C購01,0,0,0,0,0,0,0,0,0,149000,0,0,0,149000,0,149000,149000
058337,日月光元富99購01,0,0,0,0,0,0,0,0,0,149000,0,0,0,150000,1000,149000,149000
3006,晶豪科          ,264000,113000,151000,0,0,0,0,0,0,-2000,25000,22000,3000,5000,10000,-5000,149000
051843,聯發科富邦99購01,0,0,0,0,0,0,0,0,0,148000,0,0,0,148000,0,148000,148000
046937,聯電元大99購01  ,0,0,0,0,0,0,0,0,0,148000,0,0,0,394000,246000,148000,148000
06411P,晶相光永豐97售03,0,0,0,0,0,0,0,0,0,146000,0,0,0,146000,0,146000,146000
058999,台積電元大99購24,0,0,0,0,0,0,0,0,0,145000,0,0,0,145000,0,145000,145000
053503,臻鼎兆豐97購01  ,0,0,0,0,0,0,0,0,0,145000,0,0,0,155000,10000,145000,145000
05149P,緯穎國泰96售01  ,0,0,0,0,0,0,0,0,0,145000,0,0,0,175000,30000,145000,145000
05512P,華新科台新97售01,0,0,0,0,0,0,0,0,0,145000,0,0,0,145000,0,145000,145000
08609P,世紀鋼永豐9C售03,0,0,0,0,0,0,0,0,0,144000,0,0,0,144000,0,144000,144000
07142P,台灣50元大01售01,0,0,0,0,0,0,0,0,0,144000,0,0,0,154000,10000,144000,144000
057851,鴻海國票99購06  ,0,0,0,0,0,0,0,0,0,142000,0,0,0,142000,0,142000,142000
059433,聯發科元大99購27,0,0,0,0,0,0,0,0,0,142000,0,0,0,142000,0,142000,142000
6269,台郡            ,642762,732000,-89238,0,0,0,741000,650000,91000,140000,68000,11000,57000,84000,1000,83000,141762
056509,晶相光永豐98購01,0,0,0,0,0,0,0,0,0,141000,0,0,0,157000,16000,141000,141000
051735,台積電國票96購06,0,0,0,0,0,0,0,0,0,141000,0,0,0,141000,0,141000,141000
049438,嘉晶國泰96購01  ,0,0,0,0,0,0,0,0,0,141000,0,0,0,141000,0,141000,141000
056942,昇陽半元富98購01,0,0,0,0,0,0,0,0,0,140000,0,0,0,140000,0,140000,140000
058568,宏達電凱基9A購02,0,0,0,0,0,0,0,0,0,140000,0,0,0,360000,220000,140000,140000
058514,潤泰全元大99購01,0,0,0,0,0,0,0,0,0,140000,0,0,0,166000,26000,140000,140000
06091P,華新科統一97售01,0,0,0,0,0,0,0,0,0,140000,0,0,0,140000,0,140000,140000
06361P,聯發科群益97售06,0,0,0,0,0,0,0,0,0,140000,0,0,0,140000,0,140000,140000
054340,大成鋼元富96購01,0,0,0,0,0,0,0,0,0,140000,0,0,0,140000,0,140000,140000
051505,台積電元富95購05,0,0,0,0,0,0,0,0,0,140000,0,0,0,140000,0,140000,140000
052790,智邦兆豐97購01  ,0,0,0,0,0,0,0,0,0,140000,0,0,0,444000,304000,140000,140000
04792P,智邦元大94售06  ,0,0,0,0,0,0,0,0,0,139000,0,0,0,150000,11000,139000,139000
3535,晶彩科          ,210000,71000,139000,0,0,0,0,0,0,0,0,0,0,0,0,0,139000
00865B,國泰US短期公債  ,0,0,0,0,0,0,0,0,0,138000,0,0,0,138000,0,138000,138000
054129,技嘉元大96購02  ,0,0,0,0,0,0,0,0,0,138000,0,0,0,148000,10000,138000,138000
058090,聯發科元大98購16,0,0,0,0,0,0,0,0,0,137000,0,0,0,146000,9000,137000,137000
049584,台積電元大96購04,0,0,0,0,0,0,0,0,0,137000,0,0,0,157000,20000,137000,137000
050100,台積電永昌96購02,0,0,0,0,0,0,0,0,0,136000,0,0,0,306000,170000,136000,136000
6592,和潤企業        ,220000,84000,136000,0,0,0,0,0,0,0,0,0,0,0,0,0,136000
06418P,T50反1統一9A售02,0,0,0,0,0,0,0,0,0,135000,0,0,0,135000,0,135000,135000
058368,奇鋐凱基9A購01  ,0,0,0,0,0,0,0,0,0,135000,0,0,0,135000,0,135000,135000
059136,臺股指群益99購11,0,0,0,0,0,0,0,0,0,135000,0,0,0,327000,192000,135000,135000
052805,晶技元大97購01  ,0,0,0,0,0,0,0,0,0,135000,0,0,0,135000,0,135000,135000
049482,國巨元大94購06  ,0,0,0,0,0,0,0,0,0,134000,0,0,0,134000,0,134000,134000
059140,大立光兆豐9A購02,0,0,0,0,0,0,0,0,0,133000,0,0,0,133000,0,133000,133000
058419,聯發科麥證99購02,0,0,0,2000,50000,-48000,0,0,0,132000,0,0,0,182000,50000,132000,132000
06383P,聯茂元富97售01  ,0,0,0,0,0,0,0,0,0,132000,0,0,0,132000,0,132000,132000
07161P,臺股指群益99售12,0,0,0,0,0,0,0,0,0,132000,0,0,0,137000,5000,132000,132000
050754,元金2X元富9B購01,0,0,0,0,0,0,0,0,0,132000,0,0,0,132000,0,132000,132000
056363,華新科元大99購04,0,0,0,0,0,0,0,0,0,130000,0,0,0,130000,0,130000,130000
057743,華擎永豐98購03  ,0,0,0,0,0,0,0,0,0,130000,0,0,0,130000,0,130000,130000
055493,華新科元大97購09,0,0,0,0,0,0,0,0,0,130000,0,0,0,130000,0,130000,130000
045767,大立光元富95購01,0,0,0,0,0,0,0,0,0,130000,0,0,0,130000,0,130000,130000
052049,緯創凱基97購01  ,0,0,0,0,0,0,0,0,0,130000,0,0,0,130000,0,130000,130000
051982,深中小元大95購01,0,0,0,0,0,0,0,0,0,130000,0,0,0,130000,0,130000,130000
052320,緯創元大95購05  ,0,0,0,0,0,0,0,0,0,130000,0,0,0,130000,0,130000,130000
058820,致茂國泰9B購01  ,0,0,0,0,0,0,0,0,0,130000,0,0,0,130000,0,130000,130000
057735,台灣50富邦9C購02,0,0,0,0,0,0,0,0,0,129000,0,0,0,129000,0,129000,129000
051825,中環元大95購01  ,0,0,0,0,0,0,0,0,0,129000,0,0,0,130000,1000,129000,129000
051218,聯發科元富9B購02,0,0,0,0,0,0,0,0,0,129000,0,0,0,129000,0,129000,129000
059244,聯發科凱基99購13,0,0,0,0,0,0,0,0,0,128000,0,0,0,128000,0,128000,128000
053439,台積電凱基96購11,0,0,0,0,0,0,0,0,0,128000,0,0,0,128000,0,128000,128000
055808,世紀鋼永豐97購01,0,0,0,0,0,0,0,0,0,127000,0,0,0,202000,75000,127000,127000
050867,聯鈞永豐95購01  ,0,0,0,0,0,0,0,0,0,127000,0,0,0,127000,0,127000,127000
4725,信昌化          ,138000,11000,127000,0,0,0,0,0,0,0,0,0,0,0,0,0,127000
059179,祥碩元富99購01  ,0,0,0,0,0,0,0,0,0,126000,0,0,0,248000,122000,126000,126000
059348,日月光凱基99購01,0,0,0,0,0,0,0,0,0,126000,0,0,0,126000,0,126000,126000
057839,台積電富邦9A購02,0,0,0,0,0,0,0,0,0,125000,0,0,0,125000,0,125000,125000
08653P,台灣50凱基96售07,0,0,0,0,0,0,0,0,0,125000,0,0,0,125000,0,125000,125000
06873P,嘉晶元富98售02  ,0,0,0,0,0,0,0,0,0,125000,0,0,0,152000,27000,125000,125000
054731,S&P反1凱基98購01,0,0,0,0,0,0,0,0,0,125000,0,0,0,158000,33000,125000,125000
051827,智邦元大95購04  ,0,0,0,0,0,0,0,0,0,125000,0,0,0,125000,0,125000,125000
058980,鴻海凱基99購06  ,0,0,0,0,0,0,0,0,0,123000,0,0,0,130000,7000,123000,123000
053184,世紀鋼元富96購01,0,0,0,0,0,0,0,0,0,123000,0,0,0,133000,10000,123000,123000
059118,晶技永豐9A購01  ,0,0,0,0,0,0,0,0,0,122000,0,0,0,134000,12000,122000,122000
04854P,鴻海國泰96售04  ,0,0,0,0,0,0,0,0,0,121000,0,0,0,121000,0,121000,121000
04696P,亞德客國泰95售02,0,0,0,0,0,0,0,0,0,121000,0,0,0,246000,125000,121000,121000
00771,元大US高息特別股,0,0,0,0,0,0,0,0,0,121000,0,0,0,130000,9000,121000,121000
1503,士電            ,158000,30000,128000,0,0,0,0,0,0,-7000,0,7000,-7000,0,0,0,121000
059080,亞泥元大99購01  ,0,0,0,0,0,0,0,0,0,120000,0,0,0,120000,0,120000,120000
059084,鴻海元大99購24  ,0,0,0,0,0,0,0,0,0,120000,0,0,0,120000,0,120000,120000
06021P,世紀鋼元富96售03,0,0,0,0,0,0,0,0,0,120000,0,0,0,120000,0,120000,120000
057914,日月光日盛9A購01,0,0,0,0,0,0,0,0,0,120000,0,0,0,120000,0,120000,120000
057786,聯發科國票98購05,0,0,0,0,0,0,0,0,0,120000,0,0,0,120000,0,120000,120000
04618P,電子類群益94售02,0,0,0,0,0,0,0,0,0,120000,0,0,0,126000,6000,120000,120000
050543,聯發科凱基95購01,0,0,0,0,0,0,0,0,0,120000,0,0,0,120000,0,120000,120000
048727,大成鋼麥證94購01,0,0,0,120000,0,120000,0,0,0,120000,0,0,0,120000,0,120000,120000
051350,台積電元大95購14,0,0,0,0,0,0,0,0,0,120000,0,0,0,120000,0,120000,120000
058709,臺股指元大9A購22,0,0,0,0,0,0,0,0,0,120000,0,0,0,210000,90000,120000,120000
054862,群光群益97購01  ,0,0,0,0,0,0,0,0,0,120000,0,0,0,120000,0,120000,120000
052256,台泥國泰96購01  ,0,0,0,0,0,0,0,0,0,120000,0,0,0,120000,0,120000,120000
052665,緯穎國票96購03  ,0,0,0,0,0,0,0,0,0,120000,0,0,0,120000,0,120000,120000
5225,東科-KY         ,152000,32000,120000,0,0,0,0,0,0,0,0,0,0,0,0,0,120000
059315,鴻海元大99購30  ,0,0,0,0,0,0,0,0,0,119000,0,0,0,119000,0,119000,119000
055387,世紀鋼元大97購01,2000,0,2000,0,0,0,0,0,0,117000,0,0,0,212000,95000,117000,119000
059013,臺股指元大9A購32,0,0,0,0,0,0,0,0,0,119000,0,0,0,125000,6000,119000,119000
059230,滬深2X國票9B購02,0,0,0,0,0,0,0,0,0,118000,0,0,0,125000,7000,118000,118000
058186,聯發科永豐99購01,0,0,0,0,0,0,0,0,0,118000,0,0,0,118000,0,118000,118000
07074P,FBVIX凱基9A售01 ,0,0,0,0,0,0,0,0,0,118000,0,0,0,123000,5000,118000,118000
054293,健策元大98購02  ,0,0,0,0,0,0,0,0,0,118000,0,0,0,128000,10000,118000,118000
049775,旺宏統一95購02  ,0,0,0,0,0,0,0,0,0,118000,0,0,0,118000,0,118000,118000
042929,台積電中信95購02,0,0,0,0,0,0,0,0,0,118000,0,0,0,118000,0,118000,118000
1476,儒鴻            ,707000,577271,129729,0,0,0,0,10000,-10000,-3080,4000,7000,-3000,0,80,-80,116649
051721,玉晶光永豐96購02,0,0,0,0,0,0,0,0,0,116000,0,0,0,232000,116000,116000,116000
2614,東森            ,276000,160000,116000,0,0,0,0,0,0,0,0,0,0,0,0,0,116000
059377,台積電群益99購09,0,0,0,0,0,0,0,0,0,115000,0,0,0,205000,90000,115000,115000
057261,瑞昱兆豐98購01  ,0,0,0,0,0,0,0,0,0,115000,0,0,0,117000,2000,115000,115000
057309,南茂兆豐99購01  ,0,0,0,0,0,0,0,0,0,115000,0,0,0,180000,65000,115000,115000
051780,矽力群益95購01  ,0,0,0,0,0,0,0,0,0,115000,0,0,0,115000,0,115000,115000
051450,世芯元大95購02  ,0,0,0,0,0,0,0,0,0,115000,0,0,0,115000,0,115000,115000
058909,神達元大99購03  ,0,0,0,0,0,0,0,0,0,115000,0,0,0,115000,0,115000,115000
8210,勤誠            ,222000,390000,-168000,0,0,0,293000,30000,263000,20000,2000,2000,0,20000,0,20000,115000
056773,晶技元大99購03  ,0,0,0,0,0,0,0,0,0,114000,0,0,0,114000,0,114000,114000
059455,玉晶光永豐99購05,0,0,0,0,0,0,0,0,0,114000,0,0,0,202000,88000,114000,114000
07025P,玉晶光凱基99售01,0,0,0,0,0,0,0,0,0,114000,0,0,0,114000,0,114000,114000
056289,合勤控永豐97購01,0,0,0,0,0,0,0,0,0,113000,0,0,0,170000,57000,113000,113000
05669P,嘉晶永豐96售03  ,0,0,0,0,0,0,0,0,0,113000,0,0,0,164000,51000,113000,113000
056606,華新科富邦9A購02,0,0,0,0,0,0,0,0,0,113000,0,0,0,113000,0,113000,113000
056011,矽力中信99購01  ,0,0,0,0,0,0,0,0,0,113000,0,0,0,113000,0,113000,113000
057272,台積電元大98購14,0,0,0,0,0,0,0,0,0,113000,0,0,0,125000,12000,113000,113000
051394,奇鋐兆豐95購01  ,0,0,0,0,0,0,0,0,0,113000,0,0,0,113000,0,113000,113000
053493,智邦兆豐97購02  ,0,0,0,0,0,0,0,0,0,113000,0,0,0,121000,8000,113000,113000
4426,利勤            ,200000,87000,113000,0,0,0,0,0,0,0,0,0,0,0,0,0,113000
3376,新日興          ,660000,971327,-311327,0,0,0,265000,0,265000,159000,142000,6000,136000,37000,14000,23000,112673
058518,玉晶光元大99購13,0,0,0,0,0,0,0,0,0,112000,0,0,0,112000,0,112000,112000
05612P,台積電元大96售13,0,0,0,0,0,0,0,0,0,112000,0,0,0,264000,152000,112000,112000
1309,台達化          ,199000,87000,112000,0,0,0,0,0,0,0,0,0,0,0,0,0,112000
052674,智邦國泰98購01  ,0,0,0,0,0,0,0,0,0,112000,0,0,0,112000,0,112000,112000
053713,漢唐凱基96購04  ,0,0,0,0,0,0,0,0,0,112000,0,0,0,112000,0,112000,112000
05528P,臺股指群益96售01,0,0,0,0,0,0,0,0,0,112000,0,0,0,119000,7000,112000,112000
2314,台揚            ,392000,209000,183000,0,0,0,0,0,0,-71000,0,66000,-66000,2000,7000,-5000,112000
07026P,超眾凱基99售03  ,0,0,0,0,0,0,0,0,0,111000,0,0,0,114000,3000,111000,111000
059207,臺指反元大9C購02,0,0,0,0,0,0,0,0,0,111000,0,0,0,200000,89000,111000,111000
035276,南亞科台新97購01,0,0,0,0,0,0,0,0,0,111000,0,0,0,113000,2000,111000,111000
052765,新日興群益97購01,0,0,0,0,0,0,0,0,0,111000,0,0,0,141000,30000,111000,111000
4906,正文            ,612000,513000,99000,0,0,0,0,0,0,12000,15000,25000,-10000,22000,0,22000,111000
057456,道瓊銀富邦9C購01,0,0,0,0,0,0,0,0,0,110000,0,0,0,110000,0,110000,110000
057303,喬山兆豐99購01  ,0,0,0,0,0,0,0,0,0,110000,0,0,0,120000,10000,110000,110000
052437,聯發科富邦99購02,0,0,0,0,0,0,0,0,0,110000,0,0,0,110000,0,110000,110000
054510,S&P反1元大98購01,0,0,0,0,0,0,0,0,0,110000,0,0,0,114000,4000,110000,110000
054180,亞泥康和96購01  ,0,0,0,0,0,0,0,0,0,110000,0,0,0,349000,239000,110000,110000
058451,智邦永豐9A購01  ,0,0,0,0,0,0,0,0,0,110000,0,0,0,110000,0,110000,110000
036630,玉山金台新99購01,0,0,0,0,0,0,0,0,0,110000,0,0,0,110000,0,110000,110000
04496P,國巨國泰96售02  ,0,0,0,0,0,0,0,0,0,110000,0,0,0,110000,0,110000,110000
059149,臺股指國票99購12,0,0,0,0,0,0,0,0,0,109000,0,0,0,109000,0,109000,109000
051673,玉晶光元大96購04,0,0,0,0,0,0,0,0,0,109000,0,0,0,109000,0,109000,109000
051532,潤泰全國票96購01,0,0,0,0,0,0,0,0,0,109000,0,0,0,110000,1000,109000,109000
052083,S&P反1元大97購02,0,0,0,0,0,0,0,0,0,109000,0,0,0,120000,11000,109000,109000
055850,聯詠元大97購06  ,0,0,0,0,0,0,0,0,0,108000,0,0,0,108000,0,108000,108000
057598,鴻海群益98購07  ,0,0,0,0,0,0,0,0,0,108000,0,0,0,108000,0,108000,108000
05503P,智邦日盛96售01  ,0,0,0,0,0,0,0,0,0,108000,0,0,0,108000,0,108000,108000
4968,立積            ,286000,212000,74000,0,0,0,10000,0,10000,24000,22000,0,22000,5000,3000,2000,108000
1515,力山            ,1026000,965755,60245,0,0,0,0,0,0,47000,57000,6000,51000,0,4000,-4000,107245
059180,祥碩元富9A購01  ,0,0,0,0,0,0,0,0,0,106000,0,0,0,241000,135000,106000,106000
059194,元金2X永豐99購01,0,0,0,0,0,0,0,0,0,106000,0,0,0,135000,29000,106000,106000
07206P,鴻海凱基9A售11  ,0,0,0,0,0,0,0,0,0,106000,0,0,0,106000,0,106000,106000
056292,統一元大97購01  ,0,0,0,0,0,0,0,0,0,106000,0,0,0,800000,694000,106000,106000
059429,台積電元大99購35,0,0,0,0,0,0,0,0,0,106000,0,0,0,157000,51000,106000,106000
051390,京元電兆豐95購01,0,0,0,0,0,0,0,0,0,106000,0,0,0,106000,0,106000,106000
053318,全新群益99購01  ,0,0,0,0,0,0,0,0,0,106000,0,0,0,109000,3000,106000,106000
055923,矽力凱基98購01  ,0,0,0,0,0,0,0,0,0,105000,0,0,0,110000,5000,105000,105000
057266,TPK兆豐98購02   ,0,0,0,0,0,0,0,0,0,105000,0,0,0,105000,0,105000,105000
055472,大立光凱基97購07,0,0,0,0,0,0,0,0,0,105000,0,0,0,105000,0,105000,105000
057934,華新科群益98購07,0,0,0,0,0,0,0,0,0,105000,0,0,0,105000,0,105000,105000
051749,矽力國泰97購01  ,0,0,0,0,0,0,0,0,0,105000,0,0,0,105000,0,105000,105000
058310,大立光元大99購10,0,0,0,0,0,0,0,0,0,105000,0,0,0,105000,0,105000,105000
058943,元石油群益9C購01,0,0,0,0,0,0,0,0,0,105000,0,0,0,105000,0,105000,105000
00683L,元大美元指數正2 ,0,0,0,0,0,0,0,0,0,105000,0,0,0,106000,1000,105000,105000
047194,世紀鋼元大96購01,0,0,0,0,0,0,0,0,0,105000,0,0,0,137000,32000,105000,105000
055276,台積電元大97購20,0,0,0,0,0,0,0,0,0,105000,0,0,0,105000,0,105000,105000
4137,麗豐-KY         ,88000,60000,28000,0,0,0,0,0,0,77000,75000,1000,74000,3000,0,3000,105000
6213,聯茂            ,413000,644785,-231785,0,0,0,254000,0,254000,82000,152000,93000,59000,42000,19000,23000,104215
05562P,鴻海元大96售16  ,0,0,0,0,0,0,0,0,0,104000,0,0,0,104000,0,104000,104000
057813,京元電元大98購03,0,0,0,0,0,0,0,0,0,104000,0,0,0,146000,42000,104000,104000
048785,台積電元大96購01,0,0,0,0,0,0,0,0,0,104000,0,0,0,176000,72000,104000,104000
04383P,泰鼎國泰95售01  ,0,0,0,0,0,0,0,0,0,104000,0,0,0,104000,0,104000,104000
053482,矽力元大96購03  ,0,0,0,0,0,0,0,0,0,104000,0,0,0,106000,2000,104000,104000
058934,台灣50中信03購03,73000,0,73000,0,0,0,0,0,0,30000,0,0,0,30000,0,30000,103000
051777,聯發科群益95購04,0,0,0,0,0,0,0,0,0,103000,0,0,0,103000,0,103000,103000
8110,華東            ,186000,71000,115000,0,0,0,0,0,0,-12000,0,12000,-12000,0,0,0,103000
3048,益登            ,240000,137000,103000,0,0,0,0,0,0,0,0,0,0,0,0,0,103000
058094,祥碩元大98購09  ,0,0,0,0,0,0,0,0,0,102000,0,0,0,102000,0,102000,102000
057491,美食元大98購03  ,0,0,0,0,0,0,0,0,0,102000,0,0,0,102000,0,102000,102000
056714,晶相光永豐98購02,0,0,0,0,0,0,0,0,0,102000,0,0,0,107000,5000,102000,102000
05401P,聯茂永豐95售03  ,0,0,0,0,0,0,0,0,0,102000,0,0,0,122000,20000,102000,102000
058443,T50正2富邦01購01,0,0,0,0,0,0,0,0,0,102000,0,0,0,102000,0,102000,102000
05234P,美食康和95售01  ,0,0,0,0,0,0,0,0,0,102000,0,0,0,127000,25000,102000,102000
03050X,元展47          ,0,0,0,0,0,0,0,0,0,102000,0,0,0,108000,6000,102000,102000
058515,健鼎元大99購01  ,0,0,0,0,0,0,0,0,0,101000,0,0,0,101000,0,101000,101000
04177P,富邦金元大94售01,0,0,0,0,0,0,0,0,0,101000,0,0,0,101000,0,101000,101000
048627,T50反1元大96購02,0,0,0,0,0,0,0,0,0,101000,0,0,0,101000,0,101000,101000
052371,元金2X元大95購01,0,0,0,0,0,0,0,0,0,101000,0,0,0,101000,0,101000,101000
058795,可成元大99購03  ,0,0,0,0,0,0,0,0,0,101000,0,0,0,101000,0,101000,101000
3437,榮創            ,168000,70000,98000,0,0,0,0,0,0,3000,3000,0,3000,0,0,0,101000
9944,新麗            ,273000,172000,101000,0,0,0,0,0,0,0,0,0,0,0,0,0,101000
056642,旺宏凱基98購07  ,0,0,0,0,0,0,0,0,0,100000,0,0,0,100000,0,100000,100000
056515,燿華兆豐99購01  ,0,0,0,0,0,0,0,0,0,100000,0,0,0,100000,0,100000,100000
057573,京鼎永豐98購02  ,0,0,0,0,0,0,0,0,0,100000,0,0,0,100000,0,100000,100000
058219,台灣50國票9A購02,0,0,0,0,0,0,0,0,0,100000,0,0,0,100000,0,100000,100000
058285,牧德群益9A購02  ,0,0,0,0,0,0,0,0,0,100000,0,0,0,100000,0,100000,100000
053886,亞光兆豐96購01  ,0,0,0,0,0,0,0,0,0,100000,0,0,0,100000,0,100000,100000
051537,牧德國票96購01  ,0,0,0,0,0,0,0,0,0,100000,0,0,0,100000,0,100000,100000
051643,瑞昱康和95購01  ,0,0,0,0,0,0,0,0,0,100000,0,0,0,100000,0,100000,100000
054999,玉晶光元富97購03,0,0,0,0,0,0,0,0,0,100000,0,0,0,100000,0,100000,100000
055157,晶豪科元大97購01,0,0,0,0,0,0,0,0,0,100000,0,0,0,100000,0,100000,100000
051931,美律國票96購02  ,0,0,0,0,0,0,0,0,0,100000,0,0,0,100000,0,100000,100000
052760,盟立群益96購01  ,0,0,0,0,0,0,0,0,0,100000,0,0,0,100000,0,100000,100000
052830,台光電群益96購01,0,0,0,0,0,0,0,0,0,100000,0,0,0,250000,150000,100000,100000
054779,台塑群益98購01  ,0,0,0,0,0,0,0,0,0,100000,0,0,0,100000,0,100000,100000
054959,禾伸堂元大98購01,0,0,0,0,0,0,0,0,0,100000,0,0,0,100000,0,100000,100000
049310,台積電凱基94購15,0,0,0,0,0,0,0,0,0,100000,0,0,0,100000,0,100000,100000
049587,美律元大95購01  ,0,0,0,0,0,0,0,0,0,100000,0,0,0,100000,0,100000,100000
049798,台積電元大94購18,0,0,0,0,0,0,0,0,0,100000,0,0,0,100000,0,100000,100000
047736,聯發科台新94購01,0,0,0,0,0,0,0,0,0,100000,0,0,0,100000,0,100000,100000
047521,台積電元大94購03,0,0,0,0,0,0,0,0,0,100000,0,0,0,100000,0,100000,100000
04400P,台積電兆豐95售02,0,0,0,0,0,0,0,0,0,100000,0,0,0,100000,0,100000,100000
047013,超眾元富96購01  ,0,0,0,0,0,0,0,0,0,100000,0,0,0,100000,0,100000,100000
05946P,和碩中信96售01  ,0,0,0,0,0,0,0,0,0,99000,0,0,0,99000,0,99000,99000
05609P,國泰金凱基96售01,0,0,0,0,0,0,0,0,0,99000,0,0,0,99000,0,99000,99000
057259,台積電兆豐98購03,0,0,0,0,0,0,0,0,0,98000,0,0,0,98000,0,98000,98000
057132,華新科凱基98購05,0,0,0,0,0,0,0,0,0,98000,0,0,0,580000,482000,98000,98000
049579,鴻海元大94購06  ,0,0,0,0,0,0,0,0,0,98000,0,0,0,98000,0,98000,98000
057700,新日興群益9A購01,0,0,0,0,0,0,0,0,0,97000,0,0,0,97000,0,97000,97000
2538,基泰            ,194992,98000,96992,0,0,0,0,0,0,0,0,0,0,0,0,0,96992
06982P,義隆凱基99售02  ,0,0,0,0,0,0,0,0,0,96000,0,0,0,96000,0,96000,96000
052624,微星亞東97購01  ,0,0,0,0,0,0,0,0,0,96000,0,0,0,96000,0,96000,96000
057488,聯發科元大99購02,0,0,0,0,0,0,0,0,0,95000,0,0,0,95000,0,95000,95000
059042,世紀鋼群益99購02,0,0,0,0,0,0,0,0,0,95000,0,0,0,100000,5000,95000,95000
054246,國巨元大96購12  ,0,0,0,0,0,0,0,0,0,95000,0,0,0,95000,0,95000,95000
058510,全新元大9B購02  ,0,0,0,0,0,0,0,0,0,95000,0,0,0,95000,0,95000,95000
04769P,高股息元大94售01,0,0,0,0,0,0,0,0,0,95000,0,0,0,95000,0,95000,95000
050782,台積電國泰96購03,0,0,0,0,0,0,0,0,0,95000,0,0,0,95000,0,95000,95000
2201,裕隆            ,1066000,971942,94058,0,0,0,0,0,0,0,0,0,0,0,0,0,94058
057550,聯發科凱基02購01,0,0,0,0,0,0,0,0,0,94000,0,0,0,94000,0,94000,94000
056960,光罩永豐98購01  ,0,0,0,0,0,0,0,0,0,94000,0,0,0,95000,1000,94000,94000
051257,光寶科國泰96購01,0,0,0,0,0,0,0,0,0,94000,0,0,0,95000,1000,94000,94000
05677P,玉晶光群益98售03,10000,0,10000,0,0,0,0,0,0,82000,0,0,0,82000,0,82000,92000
056593,台積電元富98購02,0,0,0,0,0,0,0,0,0,92000,0,0,0,92000,0,92000,92000
057643,聯發科元大99購03,0,0,0,0,0,0,0,0,0,92000,0,0,0,92000,0,92000,92000
055665,亞德客群益97購01,0,0,0,0,0,0,0,0,0,92000,0,0,0,190000,98000,92000,92000
3062,建漢            ,269000,176000,93000,0,0,0,0,0,0,-1000,0,1000,-1000,0,0,0,92000
055406,大毅國泰99購01  ,0,0,0,0,0,0,0,0,0,91000,0,0,0,91000,0,91000,91000
04471P,華通元大95售03  ,0,0,0,0,0,0,0,0,0,91000,0,0,0,91000,0,91000,91000
045087,玉晶光元大95購01,0,0,0,0,0,0,0,0,0,91000,0,0,0,91000,0,91000,91000
058509,聯發科元大99購12,0,10000,-10000,0,0,0,0,0,0,101000,0,0,0,125000,24000,101000,91000
055960,義隆元大97購01  ,0,0,0,0,0,0,0,0,0,90000,0,0,0,90000,0,90000,90000
054827,宏全元大9A購01  ,0,0,0,0,0,0,0,0,0,90000,0,0,0,90000,0,90000,90000
046155,道瓊反群益94購01,0,0,0,0,0,0,0,0,0,90000,0,0,0,90000,0,90000,90000
049583,台積電元大95購04,0,0,0,0,0,0,0,0,0,90000,0,0,0,90000,0,90000,90000
050329,超眾永豐94購03  ,0,0,0,0,0,0,0,0,0,90000,0,0,0,90000,0,90000,90000
059220,聯發科元大99購20,0,0,0,0,0,0,0,0,0,89000,0,0,0,113000,24000,89000,89000
059436,大立光元大99購18,0,0,0,0,0,0,0,0,0,89000,0,0,0,91000,2000,89000,89000
048007,明基材元大96購01,0,0,0,0,0,0,0,0,0,89000,0,0,0,152000,63000,89000,89000
05180P,玉晶光凱基95售04,0,0,0,0,0,0,0,0,0,89000,0,0,0,100000,11000,89000,89000
057540,緯穎日盛99購01  ,0,0,0,0,0,0,0,0,0,88000,0,0,0,88000,0,88000,88000
054513,元金2X元大96購01,0,0,0,0,0,0,0,0,0,88000,0,0,0,90000,2000,88000,88000
058902,聯發科元大99購15,0,0,0,0,0,0,0,0,0,88000,0,0,0,88000,0,88000,88000
05479P,華新科台新96售01,0,0,0,0,0,0,0,0,0,88000,0,0,0,1256000,1168000,88000,88000
054544,統一中信97購01  ,0,0,0,0,0,0,0,0,0,88000,0,0,0,88000,0,88000,88000
055300,緯穎元大98購01  ,0,0,0,0,0,0,0,0,0,88000,0,0,0,93000,5000,88000,88000
044475,國巨元富95購02  ,0,0,0,0,0,0,0,0,0,88000,0,0,0,88000,0,88000,88000
2439,美律            ,320000,222000,98000,0,0,0,0,13000,-13000,3000,43000,44000,-1000,9000,5000,4000,88000
058995,台達電元大99購01,0,0,0,0,0,0,0,0,0,87000,0,0,0,120000,33000,87000,87000
047680,上証反中信96購01,0,0,0,0,0,0,0,0,0,87000,0,0,0,87000,0,87000,87000
053193,超眾統一97購01  ,0,0,0,0,0,0,0,0,0,87000,0,0,0,87000,0,87000,87000
04907P,超眾國票95售01  ,0,0,0,0,0,0,0,0,0,87000,0,0,0,87000,0,87000,87000
2401,凌陽            ,410000,301000,109000,0,0,0,0,0,0,-22000,4000,6000,-2000,0,20000,-20000,87000
055674,南港康和97購02  ,0,0,0,0,0,0,0,0,0,86000,0,0,0,150000,64000,86000,86000
058506,台積電元大99購09,0,0,0,0,0,0,0,0,0,86000,0,0,0,477000,391000,86000,86000
2472,立隆電          ,131000,29000,102000,0,0,0,0,0,0,-16000,0,16000,-16000,0,0,0,86000
055590,聯發科元大98購02,0,0,0,0,0,0,0,0,0,85000,0,0,0,85000,0,85000,85000
059411,臺股指國票99購17,0,0,0,0,0,0,0,0,0,85000,0,0,0,241000,156000,85000,85000
050252,聯發科國泰95購01,0,0,0,0,0,0,0,0,0,85000,0,0,0,85000,0,85000,85000
050522,聯發科元大95購03,0,0,0,0,0,0,0,0,0,85000,0,0,0,95000,10000,85000,85000
07210P,智邦凱基99售03  ,0,0,0,0,0,0,0,0,0,84000,0,0,0,100000,16000,84000,84000
06783P,亞光元大98售03  ,0,0,0,0,0,0,0,0,0,84000,0,0,0,84000,0,84000,84000
06211P,鴻海元大98售04  ,0,0,0,0,0,0,0,0,0,84000,0,0,0,928000,844000,84000,84000
050892,聯電元大96購02  ,0,0,0,0,0,0,0,0,0,83000,0,0,0,93000,10000,83000,83000
055263,華新科富邦9A購01,83000,0,83000,0,0,0,0,0,0,0,0,0,0,0,0,0,83000
054231,國巨群益98購03  ,0,0,0,0,0,0,0,0,0,83000,0,0,0,83000,0,83000,83000
5305,敦南            ,101000,18000,83000,0,0,0,0,0,0,0,0,0,0,0,0,0,83000
6285,啟碁            ,1054000,798040,255960,0,0,0,1000,0,1000,-174000,10000,183000,-173000,1000,2000,-1000,82960
055989,矽力元富9A購01  ,0,0,0,0,0,0,0,0,0,82000,0,0,0,82000,0,82000,82000
1218,泰山            ,121000,39000,82000,0,0,0,0,0,0,0,0,0,0,0,0,0,82000
048898,晶相光國泰96購01,0,0,0,0,0,0,0,0,0,82000,0,0,0,82000,0,82000,82000
3583,辛耘            ,124000,42000,82000,0,0,0,0,0,0,0,0,0,0,0,0,0,82000
06337P,祥碩元大97售05  ,0,0,0,0,0,0,0,0,0,81000,0,0,0,102000,21000,81000,81000
049252,國巨元大96購01  ,0,0,0,0,0,0,0,0,0,81000,0,0,0,164000,83000,81000,81000
04346P,大立光兆豐95售02,0,0,0,0,0,0,0,0,0,81000,0,0,0,81000,0,81000,81000
4919,新唐            ,186000,113000,73000,0,0,0,0,0,0,8000,0,0,0,8000,0,8000,81000
07148P,富邦金元大99售01,0,0,0,0,0,0,0,0,0,80000,0,0,0,129000,49000,80000,80000
059506,滬深2X永豐99購04,0,0,0,0,0,0,0,0,0,80000,0,0,0,80000,0,80000,80000
056480,京鼎元大98購02  ,0,0,0,0,0,0,0,0,0,80000,0,0,0,80000,0,80000,80000
057639,國巨元大99購07  ,0,0,0,0,0,0,0,0,0,80000,0,0,0,80000,0,80000,80000
058609,玉山金元大99購01,0,0,0,0,0,0,0,0,0,80000,0,0,0,80000,0,80000,80000
058398,中環元大99購02  ,0,0,0,0,0,0,0,0,0,80000,0,0,0,80000,0,80000,80000
042719,臺指反群益93購01,0,0,0,0,0,0,0,0,0,80000,0,0,0,80000,0,80000,80000
03618C,高股息凱基95牛01,0,0,0,0,0,0,0,0,0,80000,0,0,0,80000,0,80000,80000
044049,元金2X元大94購03,0,0,0,0,0,0,0,0,0,80000,0,0,0,120000,40000,80000,80000
00685L,群益臺灣加權正2 ,0,0,0,0,0,0,0,0,0,80000,0,0,0,316000,236000,80000,80000
049152,大立光元大95購06,0,0,0,0,0,0,0,0,0,80000,0,0,0,80000,0,80000,80000
058899,旺宏元大99購10  ,0,0,0,0,0,0,0,0,0,80000,0,0,0,80000,0,80000,80000
051745,玉晶光國泰97購06,0,0,0,0,0,0,0,0,0,80000,0,0,0,80000,0,80000,80000
054939,台積電元大97購15,0,0,0,0,0,0,0,0,0,80000,0,0,0,80000,0,80000,80000
051939,同欣電群益97購01,0,0,0,0,0,0,0,0,0,80000,0,0,0,80000,0,80000,80000
052025,國巨群益96購01  ,0,0,0,0,0,0,0,0,0,80000,0,0,0,100000,20000,80000,80000
053510,聯電群益97購01  ,0,0,0,0,0,0,0,0,0,80000,0,0,0,168000,88000,80000,80000
3673,TPK-KY          ,958000,898663,59337,0,0,0,0,0,0,20000,16000,6000,10000,10000,0,10000,79337
06915P,晶技元富98售02  ,0,0,0,0,0,0,0,0,0,79000,0,0,0,79000,0,79000,79000
053782,京元電元大98購02,0,0,0,0,0,0,0,0,0,79000,0,0,0,80000,1000,79000,79000
04517P,宏達電群益95售01,0,0,0,0,0,0,0,0,0,79000,0,0,0,79000,0,79000,79000
050517,台積電元大94購27,0,0,0,0,0,0,0,0,0,79000,0,0,0,79000,0,79000,79000
4927,泰鼎-KY         ,1045000,514000,531000,0,0,0,0,500000,-500000,48000,56000,20000,36000,21000,9000,12000,79000
055562,欣興凱基97購06  ,0,0,0,0,0,0,0,0,0,78000,0,0,0,141000,63000,78000,78000
059043,聯電日盛99購01  ,0,0,0,0,0,0,0,0,0,78000,0,0,0,78000,0,78000,78000
050784,美律國泰96購01  ,0,0,0,0,0,0,0,0,0,78000,0,0,0,78000,0,78000,78000
020012,富邦行動通訊N   ,0,0,0,0,0,0,0,0,0,78000,0,0,0,352000,274000,78000,78000
3712,永崴投控        ,99000,24000,75000,0,0,0,0,0,0,3000,3000,0,3000,0,0,0,78000
058600,國巨元大99購15  ,0,0,0,0,0,0,0,0,0,77000,0,0,0,77000,0,77000,77000
06332P,世紀鋼群益98售01,0,0,0,0,0,0,0,0,0,77000,0,0,0,77000,0,77000,77000
048733,台勝科麥證95購02,0,0,0,87000,10000,77000,0,0,0,77000,0,0,0,87000,10000,77000,77000
2233,宇隆            ,108000,31000,77000,0,0,0,0,0,0,0,0,0,0,0,0,0,77000
1455,集盛            ,130000,53000,77000,0,0,0,0,0,0,0,0,0,0,0,0,0,77000
2456,奇力新          ,1388000,1071855,316145,0,0,0,0,257000,-257000,17000,305000,317000,-12000,31000,2000,29000,76145
056178,嘉澤元富97購02  ,0,0,0,0,0,0,0,0,0,76000,0,0,0,150000,74000,76000,76000
059360,全新永豐99購02  ,0,0,0,0,0,0,0,0,0,76000,0,0,0,96000,20000,76000,76000
057060,緯穎元大98購05  ,0,0,0,0,0,0,0,0,0,76000,0,0,0,95000,19000,76000,76000
05027P,南電群益95售01  ,0,0,0,0,0,0,0,0,0,76000,0,0,0,90000,14000,76000,76000
059303,國巨兆豐99購04  ,0,0,0,0,0,0,0,0,0,75000,0,0,0,75000,0,75000,75000
050138,台表科國票95購02,0,0,0,0,0,0,0,0,0,75000,0,0,0,120000,45000,75000,75000
049164,滬深2X日盛94購01,0,0,0,0,0,0,0,0,0,75000,0,0,0,75000,0,75000,75000
051157,華新科富邦98購01,0,0,0,0,0,0,0,0,0,75000,0,0,0,75000,0,75000,75000
047681,滬深反中信95購01,0,0,0,0,0,0,0,0,0,75000,0,0,0,75000,0,75000,75000
054710,東元元富97購01  ,0,0,0,0,0,0,0,0,0,75000,0,0,0,108000,33000,75000,75000
053277,大立光元大96購04,0,0,0,0,0,0,0,0,0,75000,0,0,0,75000,0,75000,75000
1560,中砂            ,33000,44000,-11000,0,0,0,86000,0,86000,0,0,0,0,0,0,0,75000
6451,訊芯-KY         ,176000,103000,73000,0,0,0,0,0,0,2000,0,0,0,4000,2000,2000,75000
06038P,國泰金台新96售01,0,0,0,0,0,0,0,0,0,74000,0,0,0,139000,65000,74000,74000
2031,新光鋼          ,283000,359000,-76000,0,0,0,150000,0,150000,0,0,0,0,0,0,0,74000
059000,台積電元大99購25,0,0,0,0,0,0,0,0,0,73000,0,0,0,213000,140000,73000,73000
059383,台灣50凱基99購03,0,0,0,0,0,0,0,0,0,73000,0,0,0,73000,0,73000,73000
057724,亞德客國泰99購01,0,10000,-10000,0,0,0,0,0,0,83000,0,0,0,112000,29000,83000,73000
04881P,高股息凱基96售01,0,0,0,0,0,0,0,0,0,73000,0,0,0,73000,0,73000,73000
2316,楠梓電          ,448000,382800,65200,0,0,0,0,0,0,7000,10000,4000,6000,1000,0,1000,72200
05942P,奇力新凱基96售04,0,0,0,0,0,0,0,0,0,72000,0,0,0,90000,18000,72000,72000
055763,鎧勝群益97購01  ,0,0,0,0,0,0,0,0,0,72000,0,0,0,82000,10000,72000,72000
051598,瑞昱兆豐95購01  ,0,0,0,0,0,0,0,0,0,72000,0,0,0,72000,0,72000,72000
059285,台灣50元富01購02,0,0,0,0,0,0,0,0,0,71000,0,0,0,71000,0,71000,71000
054097,淘帝國票97購01  ,0,0,0,0,0,0,0,0,0,71000,0,0,0,71000,0,71000,71000
00663L,國泰臺灣加權正2 ,0,0,0,0,0,0,0,0,0,71000,0,0,0,970000,899000,71000,71000
06401P,鴻海元富97售13  ,0,0,0,0,0,0,0,0,0,70000,0,0,0,70000,0,70000,70000
055789,台虹凱基97購01  ,0,0,0,0,0,0,0,0,0,70000,0,0,0,70000,0,70000,70000
057516,和鑫元富98購01  ,0,0,0,0,0,0,0,0,0,70000,0,0,0,70000,0,70000,70000
059216,台積電元大99購29,0,0,0,0,0,0,0,0,0,70000,0,0,0,95000,25000,70000,70000
056573,華新科元大99購06,0,0,0,0,0,0,0,0,0,70000,0,0,0,70000,0,70000,70000
056913,臺股指元大99購05,0,0,0,0,0,0,0,0,0,70000,0,0,0,70000,0,70000,70000
059015,華通元富99購02  ,0,0,0,0,0,0,0,0,0,70000,0,0,0,70000,0,70000,70000
055601,茂林元大97購03  ,0,0,0,0,0,0,0,0,0,70000,0,0,0,70000,0,70000,70000
057034,道瓊反元大9B購01,0,0,0,0,0,0,0,0,0,70000,0,0,0,70000,0,70000,70000
058350,T50正2凱基9B購01,0,0,0,0,0,0,0,0,0,70000,0,0,0,70000,0,70000,70000
04322P,可成元大94售01  ,0,0,0,0,0,0,0,0,0,70000,0,0,0,70000,0,70000,70000
055283,聯發科元大97購16,0,0,0,0,0,0,0,0,0,70000,0,0,0,70000,0,70000,70000
058809,國巨統一9B購03  ,0,0,0,0,0,0,0,0,0,70000,0,0,0,70000,0,70000,70000
052189,玉晶光群益96購06,0,0,0,0,0,0,0,0,0,70000,0,0,0,70000,0,70000,70000
2419,仲琦            ,105000,35000,70000,0,0,0,0,0,0,0,0,0,0,0,0,0,70000
1582,信錦            ,184000,110000,74000,0,0,0,0,0,0,-4000,0,4000,-4000,0,0,0,70000
8261,富鼎            ,102000,32000,70000,0,0,0,0,0,0,0,0,0,0,0,0,0,70000
052321,華擎元大95購01  ,0,0,0,0,0,0,0,0,0,69000,0,0,0,74000,5000,69000,69000
05444P,大立光元大95售10,0,0,0,0,0,0,0,0,0,69000,0,0,0,85000,16000,69000,69000
055160,玉晶光元大99購03,0,0,0,0,0,0,0,0,0,69000,0,0,0,69000,0,69000,69000
055310,聯詠群益97購02  ,0,0,0,0,0,0,0,0,0,69000,0,0,0,149000,80000,69000,69000
4552,力達-KY         ,101000,32000,69000,0,0,0,0,0,0,0,0,0,0,0,0,0,69000
2539,櫻花建          ,70000,1000,69000,0,0,0,0,0,0,0,0,0,0,0,0,0,69000
057925,貿聯凱基99購01  ,0,0,0,0,0,0,0,0,0,68000,0,0,0,220000,152000,68000,68000
057248,台積電統一98購08,0,0,0,0,0,0,0,0,0,68000,0,0,0,68000,0,68000,68000
058130,瑞昱元大99購01  ,0,0,0,0,0,0,0,0,0,68000,0,0,0,68000,0,68000,68000
056367,祥碩元大98購01  ,0,0,0,0,0,0,0,0,0,68000,0,0,0,68000,0,68000,68000
2612,中航            ,78000,10000,68000,0,0,0,0,0,0,0,0,0,0,0,0,0,68000
056906,玉晶光元大9B購01,0,0,0,0,0,0,0,0,0,67000,0,0,0,67000,0,67000,67000
051087,國巨元大97購01  ,0,0,0,0,0,0,0,0,0,67000,0,0,0,68000,1000,67000,67000
058638,矽力兆豐99購01  ,0,0,0,0,0,0,0,0,0,67000,0,0,0,77000,10000,67000,67000
05483P,國巨凱基95售07  ,0,0,0,0,0,0,0,0,0,67000,0,0,0,67000,0,67000,67000
055520,矽力中信97購02  ,0,0,0,0,0,0,0,0,0,66000,0,0,0,76000,10000,66000,66000
058614,台郡元大9A購01  ,0,0,0,0,0,0,0,0,0,66000,0,0,0,66000,0,66000,66000
06471P,臺股指凱基99售11,0,0,0,0,0,0,0,0,0,66000,0,0,0,66000,0,66000,66000
051999,勤誠元大95購01  ,0,0,0,0,0,0,0,0,0,66000,0,0,0,66000,0,66000,66000
051907,台積電元大97購05,0,0,0,0,0,0,0,0,0,66000,0,0,0,66000,0,66000,66000
058758,台積電群益99購05,0,0,0,0,0,0,0,0,0,66000,0,0,0,66000,0,66000,66000
050984,大立光國泰97購01,0,0,0,0,0,0,0,0,0,66000,0,0,0,66000,0,66000,66000
6415,矽力-KY         ,446000,468000,-22000,0,0,0,75000,0,75000,13000,0,2000,-2000,15000,0,15000,66000
058175,旺宏凱基99購03  ,0,0,0,0,0,0,0,0,0,65000,0,0,0,100000,35000,65000,65000
058235,大立光元大99購08,0,0,0,0,0,0,0,0,0,65000,0,0,0,77000,12000,65000,65000
1316,上曜            ,104000,37000,67000,0,0,0,0,0,0,-2000,0,2000,-2000,0,0,0,65000
056737,國巨凱基9A購01  ,0,0,0,0,0,0,0,0,0,65000,0,0,0,65000,0,65000,65000
059213,國巨元大99購19  ,0,0,0,0,0,0,0,0,0,65000,0,0,0,65000,0,65000,65000
059153,臺股指國票99購16,0,0,0,0,0,0,0,0,0,65000,0,0,0,65000,0,65000,65000
050536,亞泥凱基95購01  ,0,0,0,0,0,0,0,0,0,65000,0,0,0,80000,15000,65000,65000
054517,高鐵元大96購01  ,0,0,0,0,0,0,0,0,0,65000,0,0,0,70000,5000,65000,65000
053371,滬深2X元大99購01,0,0,0,0,0,0,0,0,0,65000,0,0,0,165000,100000,65000,65000
052396,台積電凱基97購01,0,0,0,0,0,0,0,0,0,65000,0,0,0,65000,0,65000,65000
052476,台光電群益98購01,0,0,0,0,0,0,0,0,0,65000,0,0,0,70000,5000,65000,65000
1592,英瑞-KY         ,76000,11000,65000,0,0,0,0,0,0,0,0,0,0,0,0,0,65000
2444,兆勁            ,70000,5000,65000,0,0,0,0,0,0,0,0,0,0,0,0,0,65000
054755,世紀鋼凱基98購01,0,0,0,0,0,0,0,0,0,64000,0,0,0,64000,0,64000,64000
053817,華新科群益97購02,0,0,0,0,0,0,0,0,0,64000,0,0,0,64000,0,64000,64000
049485,台積電元大96購03,0,0,0,0,0,0,0,0,0,64000,0,0,0,84000,20000,64000,64000
6672,騰輝電子-KY     ,107000,46000,61000,0,0,0,0,0,0,3000,3000,0,3000,0,0,0,64000
057495,牧德元大99購04  ,0,0,0,0,0,0,0,0,0,63000,0,0,0,63000,0,63000,63000
058527,世紀鋼元大99購01,0,0,0,0,0,0,0,0,0,63000,0,0,0,63000,0,63000,63000
07012P,智邦群益9A售01  ,0,0,0,0,0,0,0,0,0,63000,0,0,0,180000,117000,63000,63000
059354,臺指反富邦9B購01,0,0,0,0,0,0,0,0,0,63000,0,0,0,63000,0,63000,63000
052939,富邦金兆豐96購01,0,0,0,0,0,0,0,0,0,63000,0,0,0,205000,142000,63000,63000
00728,第一金工業30    ,1000,0,1000,0,0,0,0,0,0,62000,0,0,0,681000,619000,62000,63000
056485,同欣電元大98購01,0,0,0,0,0,0,0,0,0,62000,0,0,0,62000,0,62000,62000
052756,國巨群益96購02  ,0,0,0,0,0,0,0,0,0,62000,0,0,0,113000,51000,62000,62000
052038,國巨永昌96購01  ,0,0,0,0,0,0,0,0,0,62000,0,0,0,192000,130000,62000,62000
2457,飛宏            ,165000,102000,63000,0,0,0,0,0,0,-1000,0,1000,-1000,0,0,0,62000
059367,台灣50元富01購03,0,0,0,0,0,0,0,0,0,61000,0,0,0,61000,0,61000,61000
056693,國產群益98購01  ,0,0,0,0,0,0,0,0,0,61000,0,0,0,61000,0,61000,61000
052890,FB上証群益9B購01,0,0,0,0,0,0,0,0,0,61000,0,0,0,110000,49000,61000,61000
049254,台積電元大96購02,0,0,0,0,0,0,0,0,0,61000,0,0,0,113000,52000,61000,61000
05017P,臺股指元大95售08,0,0,0,0,0,0,0,0,0,61000,0,0,0,61000,0,61000,61000
2481,強茂            ,319000,276000,43000,0,0,0,0,0,0,18000,0,0,0,18000,0,18000,61000
2495,普安            ,88000,27000,61000,0,0,0,0,0,0,0,0,0,0,0,0,0,61000
057656,大成鋼兆豐98購01,0,0,0,0,0,0,0,0,0,60000,0,0,0,60000,0,60000,60000
057658,玉晶光兆豐99購02,0,0,0,0,0,0,0,0,0,60000,0,0,0,60000,0,60000,60000
057389,玉晶光永豐98購06,0,0,0,0,0,0,0,0,0,60000,0,0,0,60000,0,60000,60000
055842,建準元大98購01  ,0,0,0,0,0,0,0,0,0,60000,0,0,0,110000,50000,60000,60000
059169,可成凱基99購04  ,0,0,0,0,0,0,0,0,0,60000,0,0,0,60000,0,60000,60000
057331,台積電國票99購04,0,0,0,0,0,0,0,0,0,60000,0,0,0,60000,0,60000,60000
057285,群創元大98購07  ,0,0,0,0,0,0,0,0,0,60000,0,0,0,60000,0,60000,60000
059540,新光金日盛99購01,0,0,0,0,0,0,0,0,0,60000,0,0,0,100000,40000,60000,60000
056217,A50正2中信99購02,0,0,0,0,0,0,0,0,0,60000,0,0,0,60000,0,60000,60000
056343,高鐵凱基98購02  ,0,0,0,0,0,0,0,0,0,60000,0,0,0,60000,0,60000,60000
06554P,臺股指元大99售06,0,0,0,0,0,0,0,0,0,60000,0,0,0,60000,0,60000,60000
050281,台積電日盛94購03,0,0,0,0,0,0,0,0,0,60000,0,0,0,60000,0,60000,60000
050325,台積電永豐94購05,0,0,0,0,0,0,0,0,0,60000,0,0,0,60000,0,60000,60000
04885P,大立光凱基94售19,0,0,0,0,0,0,0,0,0,60000,0,0,0,60000,0,60000,60000
053055,聯詠國票97購01  ,0,0,0,0,0,0,0,0,0,60000,0,0,0,60000,0,60000,60000
051233,力成群益97購01  ,0,0,0,0,0,0,0,0,0,60000,0,0,0,60000,0,60000,60000
04495P,台積電國票95售01,0,0,0,0,0,0,0,0,0,60000,0,0,0,60000,0,60000,60000
050789,矽創國泰96購01  ,0,0,0,0,0,0,0,0,0,60000,0,0,0,60000,0,60000,60000
051075,智邦國泰97購01  ,0,0,0,0,0,0,0,0,0,60000,0,0,0,60000,0,60000,60000
054656,深中小元大97購01,0,0,0,0,0,0,0,0,0,60000,0,0,0,100000,40000,60000,60000
053827,漢唐麥證9A購01  ,0,0,0,60000,0,60000,0,0,0,60000,0,0,0,60000,0,60000,60000
054474,鴻海中信96購03  ,0,0,0,0,0,0,0,0,0,60000,0,0,0,60000,0,60000,60000
058680,國巨麥證99購02  ,0,0,0,45000,0,45000,0,0,0,60000,0,0,0,60000,0,60000,60000
058442,玉晶光台新99購01,0,0,0,0,0,0,0,0,0,60000,0,0,0,120000,60000,60000,60000
2461,光群雷          ,123000,64000,59000,0,0,0,0,0,0,1000,1000,0,1000,0,0,0,60000
2204,中華            ,251000,191736,59264,0,0,0,0,0,0,0,0,0,0,0,0,0,59264
059325,超眾元大99購05  ,0,0,0,0,0,0,0,0,0,59000,0,0,0,60000,1000,59000,59000
057257,台泥兆豐99購01  ,0,0,0,0,0,0,0,0,0,59000,0,0,0,84000,25000,59000,59000
057966,金融類元大98購01,0,0,0,0,0,0,0,0,0,59000,0,0,0,59000,0,59000,59000
055938,矽力群益97購01  ,0,0,0,0,0,0,0,0,0,59000,0,0,0,59000,0,59000,59000
056918,台積電兆豐98購01,0,0,0,0,0,0,0,0,0,59000,0,0,0,59000,0,59000,59000
2727,王品            ,82000,23000,59000,0,0,0,0,0,0,0,0,0,0,0,0,0,59000
3504,揚明光          ,86000,25000,61000,0,0,0,0,0,0,-2000,0,2000,-2000,0,0,0,59000
059196,聯發科永豐99購02,0,0,0,0,0,0,0,0,0,58000,0,0,0,61000,3000,58000,58000
059069,臺指反元大9C購01,0,0,0,0,0,0,0,0,0,58000,0,0,0,60000,2000,58000,58000
056472,美律元大99購03  ,0,0,0,0,0,0,0,0,0,58000,0,0,0,58000,0,58000,58000
07218P,臺股指凱基99售31,0,0,0,0,0,0,0,0,0,58000,0,0,0,58000,0,58000,58000
056445,聯發科凱基98購07,0,0,0,0,0,0,0,0,0,57000,0,0,0,57000,0,57000,57000
056079,世紀鋼元大97購02,0,0,0,0,0,0,0,0,0,57000,0,0,0,60000,3000,57000,57000
056524,欣興中信98購02  ,0,0,0,0,0,0,0,0,0,57000,0,0,0,57000,0,57000,57000
056776,聯茂元大99購01  ,0,0,0,0,0,0,0,0,0,57000,0,0,0,57000,0,57000,57000
05998P,台積電元大97售12,0,0,0,0,0,0,0,0,0,57000,0,0,0,710000,653000,57000,57000
050779,超眾元大96購03  ,0,0,0,0,0,0,0,0,0,57000,0,0,0,57000,0,57000,57000
00707R,元大S&P日圓反1  ,0,0,0,0,0,0,0,0,0,57000,0,0,0,57000,0,57000,57000
048532,大立光國票93購06,0,0,0,0,0,0,0,0,0,57000,0,0,0,57000,0,57000,57000
4164,承業醫          ,123000,62000,61000,0,0,0,0,0,0,-4000,0,4000,-4000,0,0,0,57000
058986,華新科凱基9A購03,0,0,0,0,0,0,0,0,0,56000,0,0,0,60000,4000,56000,56000
059332,台灣50國票9A購07,0,0,0,0,0,0,0,0,0,56000,0,0,0,64000,8000,56000,56000
059317,台積電元大99購34,0,0,0,0,0,0,0,0,0,56000,0,0,0,56000,0,56000,56000
058140,臻鼎元大99購02  ,0,0,0,0,0,0,0,0,0,56000,0,0,0,66000,10000,56000,56000
049004,聯發科中信96購01,0,0,0,0,0,0,0,0,0,56000,0,0,0,56000,0,56000,56000
052518,道瓊反元大95購02,0,0,0,0,0,0,0,0,0,56000,0,0,0,88000,32000,56000,56000
06490P,鴻海富邦99售02  ,0,0,0,0,0,0,0,0,0,55000,0,0,0,55000,0,55000,55000
06665P,欣興兆豐99售01  ,0,0,0,0,0,0,0,0,0,55000,0,0,0,55000,0,55000,55000
07252P,台灣50凱基99售01,0,0,0,0,0,0,0,0,0,55000,0,0,0,136000,81000,55000,55000
059318,旺宏元大99購13  ,0,0,0,0,0,0,0,0,0,55000,0,0,0,58000,3000,55000,55000
059386,上銀凱基99購07  ,0,0,0,0,0,0,0,0,0,55000,0,0,0,121000,66000,55000,55000
056194,聯發科富邦9B購01,0,0,0,0,0,0,0,0,0,55000,0,0,0,55000,0,55000,55000
057824,日月光元大98購01,0,0,0,0,0,0,0,0,0,55000,0,0,0,55000,0,55000,55000
055624,聯發科富邦99購07,0,0,0,0,0,0,0,0,0,55000,0,0,0,55000,0,55000,55000
052689,玉晶光元大98購03,0,0,0,0,0,0,0,0,0,55000,0,0,0,55000,0,55000,55000
052644,聯發科永豐96購01,0,0,0,0,0,0,0,0,0,55000,0,0,0,55000,0,55000,55000
052785,滬深2X中信99購03,0,0,0,0,0,0,0,0,0,55000,0,0,0,55000,0,55000,55000
058907,健策元大99購04  ,0,0,0,0,0,0,0,0,0,55000,0,0,0,119000,64000,55000,55000
049091,訊連凱基94購01  ,0,0,0,0,0,0,0,0,0,55000,0,0,0,55000,0,55000,55000
058575,智邦群益99購01  ,0,0,0,0,0,0,0,0,0,54000,0,0,0,54000,0,54000,54000
059217,台積電元大99購30,0,0,0,0,0,0,0,0,0,54000,0,0,0,58000,4000,54000,54000
053086,宏達電元大97購01,0,0,0,0,0,0,0,0,0,54000,0,0,0,204000,150000,54000,54000
053012,國巨統一96購03  ,0,0,0,0,0,0,0,0,0,54000,0,0,0,54000,0,54000,54000
03662C,FBVIX凱基03牛01 ,0,0,0,0,0,0,0,0,0,54000,0,0,0,70000,16000,54000,54000
05277P,深中小統一95售02,0,0,0,0,0,0,0,0,0,54000,0,0,0,54000,0,54000,54000
056658,美食元大98購01  ,0,0,0,0,0,0,0,0,0,53000,0,0,0,53000,0,53000,53000
057880,金融類元大99購02,0,0,0,0,0,0,0,0,0,53000,0,0,0,53000,0,53000,53000
059247,可成凱基99購05  ,0,0,0,0,0,0,0,0,0,53000,0,0,0,56000,3000,53000,53000
06307P,聚陽元富97售02  ,0,0,0,0,0,0,0,0,0,53000,0,0,0,68000,15000,53000,53000
058908,貿聯元大99購03  ,0,0,0,0,0,0,0,0,0,53000,0,0,0,53000,0,53000,53000
058720,旭富元富99購01  ,0,0,0,0,0,0,0,0,0,53000,0,0,0,53000,0,53000,53000
049483,台積電元大94購12,0,0,0,0,0,0,0,0,0,53000,0,0,0,73000,20000,53000,53000
2702,華園            ,60000,7000,53000,0,0,0,0,0,0,0,0,0,0,0,0,0,53000
058207,南茂凱基99購01  ,0,0,0,0,0,0,0,0,0,52000,0,0,0,52000,0,52000,52000
07259P,滬深2X國票01售01,0,0,0,0,0,0,0,0,0,52000,0,0,0,52000,0,52000,52000
056992,祥碩兆豐98購01  ,0,0,0,0,0,0,0,0,0,52000,0,0,0,52000,0,52000,52000
057071,華擎永豐98購02  ,0,0,0,0,0,0,0,0,0,52000,0,0,0,52000,0,52000,52000
06016P,京元電凱基96售03,0,0,0,0,0,0,0,0,0,52000,0,0,0,58000,6000,52000,52000
04763P,臺股指凱基96售05,0,0,0,0,0,0,0,0,0,52000,0,0,0,52000,0,52000,52000
058912,祥碩元大99購01  ,0,0,0,0,0,0,0,0,0,52000,0,0,0,62000,10000,52000,52000
051769,矽力元大95購01  ,0,0,0,0,0,0,0,0,0,52000,0,0,0,52000,0,52000,52000
053629,玉山金兆豐96購01,0,0,0,0,0,0,0,0,0,52000,0,0,0,58000,6000,52000,52000
3018,同開            ,86000,34000,52000,0,0,0,0,0,0,0,0,0,0,0,0,0,52000
2351,順德            ,250000,79000,171000,0,0,0,0,50000,-50000,-69000,0,69000,-69000,0,0,0,52000
057703,矽力群益98購01  ,0,0,0,0,0,0,0,0,0,51000,0,0,0,51000,0,51000,51000
053732,S&P反1中信9C購01,0,0,0,0,0,0,0,0,0,51000,0,0,0,51000,0,51000,51000
053677,同欣電國泰97購01,0,0,0,0,0,0,0,0,0,51000,0,0,0,51000,0,51000,51000
053587,京元電元大98購01,0,0,0,0,0,0,0,0,0,51000,0,0,0,51000,0,51000,51000
051808,美律凱基96購02  ,0,0,0,0,0,0,0,0,0,51000,0,0,0,79000,28000,51000,51000
054371,台積電中信9C購01,0,35000,-35000,0,0,0,0,0,0,86000,0,0,0,86000,0,86000,51000
058898,台積電元大99購20,0,0,0,0,0,0,0,0,0,51000,0,0,0,61000,10000,51000,51000
047768,大立光元大95購01,0,0,0,0,0,0,0,0,0,51000,0,0,0,51000,0,51000,51000
049582,台積電元大95購03,0,0,0,0,0,0,0,0,0,51000,0,0,0,51000,0,51000,51000
056436,台積電凱基98購10,0,0,0,0,0,0,0,0,0,50000,0,0,0,50000,0,50000,50000
056484,聯茂元大98購02  ,0,0,0,0,0,0,0,0,0,50000,0,0,0,50000,0,50000,50000
059108,台灣50富邦9B購01,0,0,0,0,0,0,0,0,0,50000,0,0,0,50000,0,50000,50000
056144,GIS元大98購01   ,0,0,0,0,0,0,0,0,0,50000,0,0,0,50000,0,50000,50000
058112,神達元富98購01  ,0,0,0,0,0,0,0,0,0,50000,0,0,0,50000,0,50000,50000
058027,鴻海富邦98購04  ,0,0,0,0,0,0,0,0,0,50000,0,0,0,50000,0,50000,50000
07115P,T50反1日盛9C售02,0,0,0,0,0,0,0,0,0,50000,0,0,0,50000,0,50000,50000
06222P,致茂元富97售02  ,0,0,0,0,0,0,0,0,0,50000,0,0,0,50000,0,50000,50000
058146,勤誠元大99購01  ,0,0,0,0,0,0,0,0,0,50000,0,0,0,50000,0,50000,50000
06581P,南亞科凱基98售04,0,0,0,0,0,0,0,0,0,50000,0,0,0,50000,0,50000,50000
06886P,旺宏元大99售07  ,0,0,0,0,0,0,0,0,0,50000,0,0,0,50000,0,50000,50000
05992P,華通元大96售05  ,0,0,0,0,0,0,0,0,0,50000,0,0,0,50000,0,50000,50000
055481,聚陽元大97購01  ,0,0,0,0,0,0,0,0,0,50000,0,0,0,50000,0,50000,50000
057958,禾伸堂元大99購05,0,0,0,0,0,0,0,0,0,50000,0,0,0,50000,0,50000,50000
058362,聯發科凱基99購06,0,0,0,0,0,0,0,0,0,50000,0,0,0,50000,0,50000,50000
055596,新光金元大9B購02,0,0,0,0,0,0,0,0,0,50000,0,0,0,50000,0,50000,50000
055613,全新國票98購01  ,0,0,0,0,0,0,0,0,0,50000,0,0,0,50000,0,50000,50000
06104P,大立光凱基97售04,0,0,0,0,0,0,0,0,0,50000,0,0,0,50000,0,50000,50000
057600,大立光群益99購03,0,0,0,0,0,0,0,0,0,50000,0,0,0,50000,0,50000,50000
056517,茂林兆豐99購01  ,0,0,0,0,0,0,0,0,0,50000,0,0,0,50000,0,50000,50000
056505,聯發科永豐98購01,0,0,0,0,0,0,0,0,0,50000,0,0,0,50000,0,50000,50000
059150,臺股指國票99購13,0,0,0,0,0,0,0,0,0,50000,0,0,0,50000,0,50000,50000
057380,技嘉國泰9A購01  ,0,0,0,0,0,0,0,0,0,50000,0,0,0,50000,0,50000,50000
057487,聯發科元大98購10,0,0,0,0,0,0,0,0,0,50000,0,0,0,50000,0,50000,50000
049611,緯穎兆豐95購02  ,0,0,0,0,0,0,0,0,0,50000,0,0,0,52000,2000,50000,50000
050180,華新科元大95購08,0,0,0,0,0,0,0,0,0,50000,0,0,0,50000,0,50000,50000
050402,緯穎中信96購01  ,0,0,0,0,0,0,0,0,0,50000,0,0,0,50000,0,50000,50000
049921,大立光元大94購16,0,0,0,0,0,0,0,0,0,50000,0,0,0,50000,0,50000,50000
049251,國巨元大95購02  ,0,0,0,0,0,0,0,0,0,50000,0,0,0,61000,11000,50000,50000
049117,矽格統一96購01  ,0,0,0,0,0,0,0,0,0,50000,0,0,0,50000,0,50000,50000
049873,華新科台新94購02,0,0,0,0,0,0,0,0,0,50000,0,0,0,50000,0,50000,50000
051240,台積電元大95購12,0,0,0,0,0,0,0,0,0,50000,0,0,0,50000,0,50000,50000
055329,百和國票98購01  ,0,0,0,0,0,0,0,0,0,50000,0,0,0,50000,0,50000,50000
055308,聯發科群益97購04,0,0,0,0,0,0,0,0,0,50000,0,0,0,50000,0,50000,50000
047512,宏達電國票94購01,0,0,0,0,0,0,0,0,0,50000,0,0,0,50000,0,50000,50000
051052,台積電群益95購01,0,0,0,0,0,0,0,0,0,50000,0,0,0,50000,0,50000,50000
050774,健策元大96購02  ,0,0,0,0,0,0,0,0,0,50000,0,0,0,50000,0,50000,50000
03648C,T50反1元大96牛07,0,0,0,0,0,0,0,0,0,50000,0,0,0,55000,5000,50000,50000
044364,超眾中信94購01  ,0,0,0,0,0,0,0,0,0,50000,0,0,0,50000,0,50000,50000
058861,國巨凱基9A購08  ,0,0,0,0,0,0,0,0,0,50000,0,0,0,50000,0,50000,50000
058295,欣興凱基99購02  ,0,0,0,0,0,0,0,0,0,50000,0,0,0,70000,20000,50000,50000
054295,世芯元大96購03  ,0,0,0,0,0,0,0,0,0,50000,0,0,0,60000,10000,50000,50000
054319,世紀鋼凱基96購02,0,0,0,0,0,0,0,0,0,50000,0,0,0,50000,0,50000,50000
056990,聯發科兆豐98購01,0,0,0,0,0,0,0,0,0,50000,0,0,0,50000,0,50000,50000
054379,光磊群益98購01  ,0,0,0,0,0,0,0,0,0,50000,0,0,0,50000,0,50000,50000
054387,台積電統一98購02,0,0,0,0,0,0,0,0,0,50000,0,0,0,50000,0,50000,50000
051576,台積電元大97購02,0,0,0,0,0,0,0,0,0,50000,0,0,0,200000,150000,50000,50000
054043,漢唐元大97購01  ,0,0,0,0,0,0,0,0,0,50000,0,0,0,50000,0,50000,50000
05189P,新光金凱基97售02,0,0,0,0,0,0,0,0,0,50000,0,0,0,50000,0,50000,50000
053506,南茂兆豐97購01  ,0,0,0,0,0,0,0,0,0,50000,0,0,0,100000,50000,50000,50000
052450,嘉澤元大95購03  ,0,0,0,0,0,0,0,0,0,50000,0,0,0,50000,0,50000,50000
052789,台積電麥證96購01,0,0,0,20000,0,20000,0,0,0,50000,0,0,0,50000,0,50000,50000
052800,國巨元大96購05  ,0,0,0,0,0,0,0,0,0,50000,0,0,0,50000,0,50000,50000
05287P,鴻海元富95售09  ,0,0,0,0,0,0,0,0,0,50000,0,0,0,50000,0,50000,50000
052806,玉晶光元大98購04,0,0,0,0,0,0,0,0,0,50000,0,0,0,50000,0,50000,50000
052192,SP黃豆元富95購04,0,0,0,0,0,0,0,0,0,50000,0,0,0,50000,0,50000,50000
054850,上海銀兆豐97購01,0,0,0,0,0,0,0,0,0,50000,0,0,0,50000,0,50000,50000
3346,麗清            ,64000,14000,50000,0,0,0,0,0,0,0,0,0,0,0,0,0,50000
059151,臺股指國票99購14,0,0,0,0,0,0,0,0,0,49000,0,0,0,49000,0,49000,49000
058390,樺漢國票9A購01  ,0,0,0,0,0,0,0,0,0,49000,0,0,0,49000,0,49000,49000
055409,元黃金富邦01購01,0,0,0,0,0,0,0,0,0,49000,0,0,0,49000,0,49000,49000
07220P,台灣50中信03售05,0,0,0,0,0,0,0,0,0,49000,0,0,0,126000,77000,49000,49000
057767,緯穎凱基98購06  ,0,0,0,0,0,0,0,0,0,49000,0,0,0,49000,0,49000,49000
059255,臺股指凱基99購33,0,0,0,0,0,0,0,0,0,49000,0,0,0,58000,9000,49000,49000
057807,友訊元大98購02  ,0,0,0,0,0,0,0,0,0,49000,0,0,0,71000,22000,49000,49000
058794,旺宏元大99購09  ,0,0,0,0,0,0,0,0,0,49000,0,0,0,49000,0,49000,49000
050710,元黃金中信96購01,0,0,0,0,0,0,0,0,0,49000,0,0,0,60000,11000,49000,49000
051062,超眾群益95購02  ,0,0,0,0,0,0,0,0,0,49000,0,0,0,49000,0,49000,49000
2905,三商            ,234000,185000,49000,0,0,0,0,0,0,0,0,0,0,0,0,0,49000
1902,台紙            ,113000,64000,49000,0,0,0,0,0,0,0,0,0,0,0,0,0,49000
1519,華城            ,108000,148000,-40000,0,0,0,99000,0,99000,-10000,0,10000,-10000,0,0,0,49000
07221P,臺股指中信9B售04,0,0,0,0,0,0,0,0,0,48000,0,0,0,100000,52000,48000,48000
07050P,宏達電中信9B售01,0,0,0,0,0,0,0,0,0,48000,0,0,0,48000,0,48000,48000
06790P,台積電凱基9A售04,0,0,0,0,0,0,0,0,0,48000,0,0,0,54000,6000,48000,48000
058420,聯發科麥證99購03,0,0,0,18000,60000,-42000,0,0,0,48000,0,0,0,108000,60000,48000,48000
059219,旺宏元大99購12  ,0,0,0,0,0,0,0,0,0,48000,0,0,0,48000,0,48000,48000
00866,新光Shiller CAPE,0,0,0,0,0,0,0,0,0,48000,0,0,0,74000,26000,48000,48000
3312,弘憶股          ,90000,42000,48000,0,0,0,0,0,0,0,0,0,0,0,0,0,48000
3605,宏致            ,114000,67000,47000,0,0,0,0,0,0,1000,1000,0,1000,0,0,0,48000
8454,富邦媒          ,80000,32000,48000,0,0,0,0,0,0,0,0,0,0,0,0,0,48000
1590,亞德客-KY       ,748000,689661,58339,0,0,0,40000,52000,-12000,1000,0,6000,-6000,13000,6000,7000,47339
059412,臺股指國票99購18,0,0,0,0,0,0,0,0,0,47000,0,0,0,86000,39000,47000,47000
044927,聯詠國泰94購01  ,0,0,0,0,0,0,0,0,0,47000,0,0,0,62000,15000,47000,47000
050955,達方群益97購01  ,0,0,0,0,0,0,0,0,0,47000,0,0,0,118000,71000,47000,47000
048346,智易元大95購01  ,0,0,0,0,0,0,0,0,0,47000,0,0,0,47000,0,47000,47000
054964,智易元大99購01  ,0,0,0,0,0,0,0,0,0,47000,0,0,0,47000,0,47000,47000
053378,台積電元大98購02,0,0,0,0,0,0,0,0,0,47000,0,0,0,77000,30000,47000,47000
2390,云辰            ,132000,86000,46000,0,0,0,0,0,0,1000,1000,0,1000,0,0,0,47000
2453,凌群            ,89000,42000,47000,0,0,0,0,0,0,0,0,0,0,0,0,0,47000
059484,臺股指群益99購18,0,0,0,0,0,0,0,0,0,46000,0,0,0,46000,0,46000,46000
06762P,智邦元大98售11  ,0,0,0,0,0,0,0,0,0,46000,0,0,0,46000,0,46000,46000
07139P,元油2X群益9C售06,0,0,0,0,0,0,0,0,0,46000,0,0,0,46000,0,46000,46000
08637P,台灣50中信96售03,0,0,0,0,0,0,0,0,0,46000,0,0,0,46000,0,46000,46000
058516,健鼎元大99購02  ,0,0,0,0,0,0,0,0,0,46000,0,0,0,51000,5000,46000,46000
058788,喬山元大99購01  ,0,0,0,0,0,0,0,0,0,46000,0,0,0,46000,0,46000,46000
00735,國泰臺韓科技    ,54000,50000,4000,0,0,0,0,0,0,42000,0,0,0,73000,31000,42000,46000
058363,全新凱基9A購02  ,0,0,0,0,0,0,0,0,0,45000,0,0,0,45000,0,45000,45000
058352,鴻海凱基9A購05  ,0,0,0,0,0,0,0,0,0,45000,0,0,0,45000,0,45000,45000
059234,台灣50凱基9C購03,0,0,0,0,0,0,0,0,0,45000,0,0,0,45000,0,45000,45000
059182,台灣50台新9B購03,0,0,0,0,0,0,0,0,0,45000,0,0,0,45000,0,45000,45000
056597,宏碁元富98購01  ,0,0,0,0,0,0,0,0,0,45000,0,0,0,45000,0,45000,45000
056092,亞德客元富97購02,0,0,0,0,0,0,0,0,0,45000,0,0,0,49000,4000,45000,45000
050957,T50反1台新05購01,0,0,0,0,0,0,0,0,0,45000,0,0,0,45000,0,45000,45000
050979,鴻海元富96購02  ,0,0,0,0,0,0,0,0,0,45000,0,0,0,45000,0,45000,45000
04932P,香港2X中信96售01,0,0,0,0,0,0,0,0,0,45000,0,0,0,45000,0,45000,45000
050031,嘉澤元大95購01  ,0,0,0,0,0,0,0,0,0,45000,0,0,0,45000,0,45000,45000
052892,大成鋼群益96購01,0,0,0,0,0,0,0,0,0,45000,0,0,0,45000,0,45000,45000
054579,聯茂元大97購01  ,0,0,0,0,0,0,0,0,0,45000,0,0,0,77000,32000,45000,45000
2527,宏璟            ,50000,5000,45000,0,0,0,0,0,0,0,0,0,0,0,0,0,45000
057820,華擎元大98購02  ,0,0,0,0,0,0,0,0,0,44000,0,0,0,44000,0,44000,44000
055861,矽力元大97購03  ,0,0,0,0,0,0,0,0,0,44000,0,0,0,60000,16000,44000,44000
057201,華擎元富98購01  ,0,0,0,0,0,0,0,0,0,44000,0,0,0,44000,0,44000,44000
058851,大立光群益99購07,0,0,0,0,0,0,0,0,0,44000,0,0,0,44000,0,44000,44000
051577,台積電元大97購03,0,0,0,0,0,0,0,0,0,44000,0,0,0,94000,50000,44000,44000
04250P,嘉晶統一95售02  ,0,0,0,0,0,0,0,0,0,44000,0,0,0,44000,0,44000,44000
4108,懷特            ,47000,3000,44000,0,0,0,0,0,0,0,0,0,0,0,0,0,44000
058365,奇力新凱基9A購01,0,0,0,0,0,0,0,0,0,43000,0,0,0,43000,0,43000,43000
057933,聯發科群益98購06,0,0,0,0,0,0,0,0,0,43000,0,0,0,143000,100000,43000,43000
059164,旺宏凱基99購06  ,0,0,0,0,0,0,0,0,0,43000,0,0,0,45000,2000,43000,43000
058097,台灣50國泰99購01,0,0,0,0,0,0,0,0,0,43000,0,0,0,43000,0,43000,43000
07077P,緯穎凱基99售01  ,0,0,0,0,0,0,0,0,0,43000,0,0,0,68000,25000,43000,43000
051033,台積電兆豐95購03,0,0,0,0,0,0,0,0,0,43000,0,0,0,53000,10000,43000,43000
049784,台積電兆豐94購05,0,0,0,0,0,0,0,0,0,43000,0,0,0,53000,10000,43000,43000
050230,聯發科麥證94購02,0,0,0,40000,0,40000,0,0,0,43000,0,0,0,43000,0,43000,43000
053712,台光電凱基96購04,0,0,0,0,0,0,0,0,0,43000,0,0,0,60000,17000,43000,43000
2528,皇普            ,47000,4000,43000,0,0,0,0,0,0,0,0,0,0,0,0,0,43000
6670,復盛應用        ,424859,382000,42859,0,0,0,0,0,0,0,0,0,0,0,0,0,42859
059478,FBVIX群益9A購01 ,0,0,0,0,0,0,0,0,0,42000,0,0,0,42000,0,42000,42000
059109,台積電富邦9C購03,0,0,0,0,0,0,0,0,0,42000,0,0,0,42000,0,42000,42000
057682,台積電日盛9A購03,0,0,0,0,0,0,0,0,0,42000,0,0,0,200000,158000,42000,42000
056659,泰碩元大99購01  ,0,0,0,0,0,0,0,0,0,42000,0,0,0,87000,45000,42000,42000
056722,滬深反中信9B購01,0,0,0,0,0,0,0,0,0,42000,0,0,0,42000,0,42000,42000
055150,台積電元大98購04,0,0,0,0,0,0,0,0,0,42000,0,0,0,52000,10000,42000,42000
2399,映泰            ,171000,130000,41000,0,0,0,0,0,0,1000,1000,0,1000,0,0,0,42000
05766P,A50正2凱基99售01,0,0,0,0,0,0,0,0,0,41000,0,0,0,41000,0,41000,41000
054533,泰碩國泰98購01  ,0,0,0,0,0,0,0,0,0,41000,0,0,0,45000,4000,41000,41000
048221,鴻海凱基95購01  ,0,0,0,0,0,0,0,0,0,41000,0,0,0,41000,0,41000,41000
05301P,矽力元大95售02  ,0,0,0,0,0,0,0,0,0,41000,0,0,0,41000,0,41000,41000
00665L,富邦恒生國企正2 ,15000,17000,-2000,0,0,0,0,0,0,43000,0,0,0,85000,42000,43000,41000
2013,中鋼構          ,70000,29000,41000,0,0,0,0,0,0,0,0,0,0,0,0,0,41000
6449,鈺邦            ,61000,19000,42000,0,0,0,0,0,0,-1000,0,1000,-1000,0,0,0,41000
057709,電子類群益98購01,0,0,0,0,0,0,0,0,0,40000,0,0,0,40000,0,40000,40000
056468,鴻海元大98購07  ,0,0,0,0,0,0,0,0,0,40000,0,0,0,40000,0,40000,40000
056446,聯發科凱基98購08,0,0,0,0,0,0,0,0,0,40000,0,0,0,40000,0,40000,40000
056094,大立光元富97購03,0,0,0,0,0,0,0,0,0,40000,0,0,0,40000,0,40000,40000
056170,鴻海元富97購09  ,0,0,0,0,0,0,0,0,0,40000,0,0,0,40000,0,40000,40000
057825,和碩元大98購02  ,0,0,0,0,0,0,0,0,0,40000,0,0,0,40000,0,40000,40000
059243,聯發科凱基99購12,0,0,0,0,0,0,0,0,0,40000,0,0,0,53000,13000,40000,40000
058046,國巨元大9A購01  ,0,0,0,0,0,0,0,0,0,40000,0,0,0,42000,2000,40000,40000
05931P,鴻海凱基96售15  ,0,0,0,0,0,0,0,0,0,40000,0,0,0,40000,0,40000,40000
07227P,聯發科元富99售05,0,0,0,0,0,0,0,0,0,40000,0,0,0,110000,70000,40000,40000
07130P,台郡元大9B售01  ,0,0,0,0,0,0,0,0,0,40000,0,0,0,40000,0,40000,40000
056694,欣興群益98購04  ,0,0,0,0,0,0,0,0,0,40000,0,0,0,40000,0,40000,40000
056862,聯發科群益98購03,0,0,0,0,0,0,0,0,0,40000,0,0,0,40000,0,40000,40000
057650,力成元大98購04  ,0,0,0,0,0,0,0,0,0,40000,0,0,0,40000,0,40000,40000
05759P,智邦永豐96售02  ,0,0,0,0,0,0,0,0,0,40000,0,0,0,60000,20000,40000,40000
055727,矽力元大97購02  ,0,0,0,0,0,0,0,0,0,40000,0,0,0,40000,0,40000,40000
057539,南茂元大98購02  ,0,0,0,0,0,0,0,0,0,40000,0,0,0,50000,10000,40000,40000
057056,立積元大99購02  ,0,0,0,0,0,0,0,0,0,40000,0,0,0,40000,0,40000,40000
06019P,緯穎凱基96售03  ,0,0,0,0,0,0,0,0,0,40000,0,0,0,40000,0,40000,40000
058009,智易國票99購01  ,0,0,0,0,0,0,0,0,0,40000,0,0,0,40000,0,40000,40000
05966P,矽力凱基96售03  ,0,0,0,0,0,0,0,0,0,40000,0,0,0,120000,80000,40000,40000
06196P,元上證元大97售01,0,0,0,0,0,0,0,0,0,40000,0,0,0,40000,0,40000,40000
055701,亞德客富邦99購01,0,0,0,0,0,0,0,0,0,40000,0,0,0,40000,0,40000,40000
04427P,滬深2X元大97售02,0,0,0,0,0,0,0,0,0,40000,0,0,0,40000,0,40000,40000
043961,道瓊反國泰94購01,0,0,0,0,0,0,0,0,0,40000,0,0,0,40000,0,40000,40000
047476,鴻海凱基94購08  ,0,0,0,0,0,0,0,0,0,40000,0,0,0,40000,0,40000,40000
05084P,嘉聯益永豐95售02,0,0,0,0,0,0,0,0,0,40000,0,0,0,40000,0,40000,40000
03497P,金像電凱基02售06,0,0,0,0,0,0,0,0,0,40000,0,0,0,40000,0,40000,40000
052932,正文元大97購01  ,0,0,0,0,0,0,0,0,0,40000,0,0,0,40000,0,40000,40000
049811,聯鈞元大94購01  ,0,0,0,0,0,0,0,0,0,40000,0,0,0,40000,0,40000,40000
049220,聯發科國票95購02,0,0,0,0,0,0,0,0,0,40000,0,0,0,40000,0,40000,40000
055262,台虹國泰98購01  ,0,0,0,0,0,0,0,0,0,40000,0,0,0,40000,0,40000,40000
049439,牧德國泰96購01  ,0,0,0,0,0,0,0,0,0,40000,0,0,0,40000,0,40000,40000
050220,台積電元富96購01,0,0,0,0,0,0,0,0,0,40000,0,0,0,40000,0,40000,40000
050183,奇鋐元大96購01  ,0,0,0,0,0,0,0,0,0,40000,0,0,0,40000,0,40000,40000
049600,緯穎元大95購02  ,0,0,0,0,0,0,0,0,0,40000,0,0,0,50000,10000,40000,40000
052297,旭富國票96購01  ,0,0,0,0,0,0,0,0,0,40000,0,0,0,40000,0,40000,40000
052201,超眾統一96購01  ,0,0,0,0,0,0,0,0,0,40000,0,0,0,40000,0,40000,40000
052117,鴻海國票96購03  ,0,0,0,0,0,0,0,0,0,40000,0,0,0,40000,0,40000,40000
053337,聯電國票97購01  ,0,0,0,0,0,0,0,0,0,40000,0,0,0,40000,0,40000,40000
053270,台塑元大96購01  ,0,0,0,0,0,0,0,0,0,40000,0,0,0,40000,0,40000,40000
053489,上銀兆豐97購01  ,0,0,0,0,0,0,0,0,0,40000,0,0,0,65000,25000,40000,40000
052418,玉晶光兆豐96購01,0,0,0,0,0,0,0,0,0,40000,0,0,0,50000,10000,40000,40000
052647,晶技永豐97購01  ,0,0,0,0,0,0,0,0,0,40000,0,0,0,40000,0,40000,40000
053818,富邦金群益98購01,0,0,0,0,0,0,0,0,0,40000,0,0,0,40000,0,40000,40000
058775,台積電國票9A購02,0,0,0,0,0,0,0,0,0,40000,0,0,0,40000,0,40000,40000
058815,華新科台新99購03,0,0,0,0,0,0,0,0,0,40000,0,0,0,40000,0,40000,40000
058304,鴻海元大99購12  ,0,0,0,0,0,0,0,0,0,40000,0,0,0,40000,0,40000,40000
058308,全新元大9B購01  ,0,0,0,0,0,0,0,0,0,40000,0,0,0,40000,0,40000,40000
058929,可成統一9C購01  ,0,0,0,0,0,0,0,0,0,40000,0,0,0,40000,0,40000,40000
058702,國巨元大99購16  ,0,0,0,0,0,0,0,0,0,40000,0,0,0,40000,0,40000,40000
1730,花仙子          ,115000,75000,40000,0,0,0,0,0,0,0,0,0,0,0,0,0,40000
058985,可成凱基99購03  ,0,0,0,0,0,0,0,0,0,39000,0,0,0,204000,165000,39000,39000
058189,嘉澤永豐99購01  ,0,0,0,0,0,0,0,0,0,39000,0,0,0,39000,0,39000,39000
058073,大立光凱基99購04,0,0,0,0,0,0,0,0,0,39000,0,0,0,39000,0,39000,39000
05076P,深中小群益99售02,0,0,0,0,0,0,0,0,0,39000,0,0,0,39000,0,39000,39000
6235,華孚            ,59000,22000,37000,0,0,0,0,0,0,2000,2000,0,2000,0,0,0,39000
1609,大亞            ,317440,279000,38440,0,0,0,0,0,0,0,0,0,0,0,0,0,38440
059469,智邦元大99購03  ,0,0,0,0,0,0,0,0,0,38000,0,0,0,54000,16000,38000,38000
056333,台積電日盛9B購01,0,0,0,0,0,0,0,0,0,38000,0,0,0,99000,61000,38000,38000
07105P,大毅元富99售02  ,0,0,0,0,0,0,0,0,0,38000,0,0,0,43000,5000,38000,38000
07283P,華新科凱基99售07,0,0,0,0,0,0,0,0,0,38000,0,0,0,38000,0,38000,38000
055788,緯穎凱基97購04  ,0,0,0,0,0,0,0,0,0,38000,0,0,0,38000,0,38000,38000
056713,華擎永豐98購01  ,0,0,0,0,0,0,0,0,0,38000,0,0,0,38000,0,38000,38000
04798P,牧德元大95售02  ,0,0,0,0,0,0,0,0,0,38000,0,0,0,60000,22000,38000,38000
058798,大立光元大99購11,0,0,0,0,0,0,0,0,0,38000,0,0,0,38000,0,38000,38000
1711,永光            ,84000,46000,38000,0,0,0,0,0,0,0,0,0,0,0,0,0,38000
2365,昆盈            ,57000,15000,42000,0,0,0,0,0,0,-4000,0,4000,-4000,0,0,0,38000
057634,道瓊反元大99購01,0,0,0,0,0,0,0,0,0,37000,0,0,0,100000,63000,37000,37000
056577,玉晶光元大99購06,0,0,0,0,0,0,0,0,0,37000,0,0,0,37000,0,37000,37000
057537,聯茂元大98購04  ,0,0,0,0,0,0,0,0,0,37000,0,0,0,45000,8000,37000,37000
055986,祥碩元富97購01  ,0,0,0,0,0,0,0,0,0,37000,0,0,0,37000,0,37000,37000
057283,欣興元大98購07  ,0,0,0,0,0,0,0,0,0,37000,0,0,0,37000,0,37000,37000
07242P,台灣50凱基9A售03,0,0,0,0,0,0,0,0,0,37000,0,0,0,237000,200000,37000,37000
06426P,T50正2元大9B售01,0,0,0,0,0,0,0,0,0,37000,0,0,0,37000,0,37000,37000
05443P,宏達電元大95售05,0,0,0,0,0,0,0,0,0,37000,0,0,0,62000,25000,37000,37000
04935P,鴻海中信96售01  ,0,0,0,0,0,0,0,0,0,37000,0,0,0,37000,0,37000,37000
00688L,國泰20年美債正2 ,0,0,0,0,0,0,0,0,0,37000,0,0,0,189000,152000,37000,37000
1522,堤維西          ,96000,59000,37000,0,0,0,0,0,0,0,0,0,0,0,0,0,37000
057194,南電元大98購01  ,0,0,0,0,0,0,0,0,0,36000,0,0,0,46000,10000,36000,36000
055955,微星元大97購01  ,0,0,0,0,0,0,0,0,0,36000,0,0,0,36000,0,36000,36000
059064,緯穎凱基99購02  ,0,0,0,0,0,0,0,0,0,36000,0,0,0,36000,0,36000,36000
059203,勤誠永豐99購02  ,0,0,0,0,0,0,0,0,0,36000,0,0,0,63000,27000,36000,36000
00674R,元大S&P黃金反1  ,0,0,0,0,0,0,0,0,0,36000,0,0,0,229000,193000,36000,36000
050515,聯電元大96購01  ,0,0,0,0,0,0,0,0,0,36000,0,0,0,36000,0,36000,36000
053142,緯穎永豐96購01  ,0,0,0,0,0,0,0,0,0,36000,0,0,0,36000,0,36000,36000
058921,聯發科元富03購01,0,0,0,0,0,0,0,0,0,36000,0,0,0,36000,0,36000,36000
053502,智伸科兆豐97購01,0,0,0,0,0,0,0,0,0,36000,0,0,0,36000,0,36000,36000
05493P,華新科富邦99售02,0,0,0,0,0,0,0,0,0,36000,0,0,0,36000,0,36000,36000
057534,旭富元大98購01  ,0,0,0,0,0,0,0,0,0,35000,0,0,0,37000,2000,35000,35000
058602,台積電元大99購11,0,0,0,0,0,0,0,0,0,35000,0,0,0,35000,0,35000,35000
057960,聯鈞元大98購02  ,0,0,0,0,0,0,0,0,0,35000,0,0,0,35000,0,35000,35000
057996,臻鼎中信98購01  ,0,0,0,0,0,0,0,0,0,35000,0,0,0,35000,0,35000,35000
055499,大立光元大98購05,0,0,0,0,0,0,0,0,0,35000,0,0,0,35000,0,35000,35000
06283P,祥碩永豐97售01  ,0,0,0,0,0,0,0,0,0,35000,0,0,0,35000,0,35000,35000
058173,台積電凱基99購04,0,0,0,0,0,0,0,0,0,35000,0,0,0,35000,0,35000,35000
06902P,聯電凱基98售02  ,0,0,0,0,0,0,0,0,0,35000,0,0,0,35000,0,35000,35000
056180,南茂元富97購01  ,0,0,0,0,0,0,0,0,0,35000,0,0,0,35000,0,35000,35000
058114,台積電第一01購01,0,0,0,0,0,0,0,0,0,35000,0,0,0,35000,0,35000,35000
054931,緯穎凱基98購01  ,0,0,0,0,0,0,0,0,0,35000,0,0,0,35000,0,35000,35000
052672,世紀鋼群益96購02,0,0,0,0,0,0,0,0,0,35000,0,0,0,55000,20000,35000,35000
052606,聯發科元大97購04,0,0,0,0,0,0,0,0,0,35000,0,0,0,35000,0,35000,35000
058508,聯發科元大99購11,0,0,0,0,0,0,0,0,0,35000,0,0,0,35000,0,35000,35000
051472,台積電凱基95購09,0,0,0,0,0,0,0,0,0,35000,0,0,0,35000,0,35000,35000
055126,嘉澤兆豐97購01  ,0,0,0,0,0,0,0,0,0,35000,0,0,0,35000,0,35000,35000
053176,矽力群益96購02  ,0,0,0,0,0,0,0,0,0,35000,0,0,0,35000,0,35000,35000
049221,健策國票95購02  ,0,0,0,0,0,0,0,0,0,35000,0,0,0,35000,0,35000,35000
052916,華新科富邦96購01,0,0,0,0,0,0,0,0,0,35000,0,0,0,35000,0,35000,35000
048595,儒鴻國票96購01  ,0,0,0,0,0,0,0,0,0,35000,0,0,0,35000,0,35000,35000
051107,鴻海統一95購05  ,0,0,0,0,0,0,0,0,0,35000,0,0,0,35000,0,35000,35000
049024,玉晶光群益97購01,0,0,0,0,0,0,0,0,0,35000,0,0,0,35000,0,35000,35000
03416B,臺股指凱基95熊05,0,0,0,0,0,0,0,0,0,35000,0,0,0,35000,0,35000,35000
03009X,元展09          ,0,0,0,0,0,0,0,0,0,35000,0,0,0,35000,0,35000,35000
057772,台積電群益99購01,0,0,0,0,0,0,0,0,0,34000,0,0,0,34000,0,34000,34000
06503P,臺股指中信9A售02,0,0,0,0,0,0,0,0,0,34000,0,0,0,34000,0,34000,34000
05791P,臺股指中信99售06,0,0,0,0,0,0,0,0,0,34000,0,0,0,34000,0,34000,34000
055940,致新群益98購01  ,0,0,0,0,0,0,0,0,0,34000,0,0,0,48000,14000,34000,34000
056783,國巨群益99購01  ,0,0,0,0,0,0,0,0,0,34000,0,0,0,194000,160000,34000,34000
04892P,聯發科元大94售14,0,0,0,0,0,0,0,0,0,34000,0,0,0,40000,6000,34000,34000
049694,華新科元大95購06,0,0,0,0,0,0,0,0,0,34000,0,0,0,34000,0,34000,34000
058475,台積電凱基99購06,0,0,0,0,0,0,0,0,0,34000,0,0,0,34000,0,34000,34000
058884,世紀鋼永豐99購02,0,0,0,0,0,0,0,0,0,34000,0,0,0,60000,26000,34000,34000
052498,台積電永豐95購06,0,0,0,0,0,0,0,0,0,34000,0,0,0,34000,0,34000,34000
05201P,玉晶光國泰97售02,0,0,0,0,0,0,0,0,0,34000,0,0,0,39000,5000,34000,34000
2431,聯昌            ,40000,8000,32000,0,0,0,0,0,0,2000,2000,0,2000,0,0,0,34000
2450,神腦            ,33000,0,33000,0,0,0,0,0,0,1000,1000,0,1000,0,0,0,34000
5258,虹堡            ,60000,36000,24000,0,0,0,0,0,0,10000,10000,0,10000,0,0,0,34000
057591,鴻海兆豐99購01  ,0,0,0,0,0,0,0,0,0,33000,0,0,0,33000,0,33000,33000
056580,泰鼎元大9A購01  ,0,0,0,0,0,0,0,0,0,33000,0,0,0,33000,0,33000,33000
057372,華新科元大99購10,0,0,0,0,0,0,0,0,0,33000,0,0,0,33000,0,33000,33000
056355,台積電元大98購08,0,0,0,0,0,0,0,0,0,33000,0,0,0,33000,0,33000,33000
053703,緯穎兆豐96購01  ,0,0,0,0,0,0,0,0,0,33000,0,0,0,48000,15000,33000,33000
058293,光寶科凱基9A購01,0,0,0,0,0,0,0,0,0,33000,0,0,0,43000,10000,33000,33000
058452,義隆永豐99購02  ,0,0,0,0,0,0,0,0,0,33000,0,0,0,33000,0,33000,33000
054229,超眾元富96購05  ,0,0,0,0,0,0,0,0,0,33000,0,0,0,33000,0,33000,33000
05291P,鴻海凱基95售16  ,0,0,0,0,0,0,0,0,0,33000,0,0,0,33000,0,33000,33000
049484,台積電元大95購02,0,0,0,0,0,0,0,0,0,33000,0,0,0,88000,55000,33000,33000
03127P,台表科凱基01售03,0,0,0,0,0,0,0,0,0,33000,0,0,0,33000,0,33000,33000
5519,隆大            ,104000,71000,33000,0,0,0,0,0,0,0,0,0,0,0,0,0,33000
8163,達方            ,437000,426000,11000,0,0,0,0,0,0,22000,35000,10000,25000,2000,5000,-3000,33000
1783,和康生          ,47000,14000,33000,0,0,0,0,0,0,0,0,0,0,0,0,0,33000
059521,南電永豐99購03  ,0,0,0,0,0,0,0,0,0,32000,0,0,0,59000,27000,32000,32000
059162,國巨凱基99購12  ,0,0,0,0,0,0,0,0,0,32000,0,0,0,90000,58000,32000,32000
056675,聯發科元富02購01,0,0,0,0,0,0,0,0,0,32000,0,0,0,32000,0,32000,32000
049690,義隆元大95購02  ,0,0,0,0,0,0,0,0,0,32000,0,0,0,32000,0,32000,32000
05126P,牧德群益95售01  ,0,0,0,0,0,0,0,0,0,32000,0,0,0,32000,0,32000,32000
058721,立積元富9C購01  ,0,0,0,0,0,0,0,0,0,32000,0,0,0,50000,18000,32000,32000
058894,元油2X元大9C購11,0,0,0,0,0,0,0,0,0,32000,0,0,0,32000,0,32000,32000
2601,益航            ,220000,188000,32000,0,0,0,0,0,0,0,0,0,0,0,0,0,32000
6251,定穎            ,298000,216000,82000,0,0,0,0,100000,-100000,50000,50000,0,50000,0,0,0,32000
056575,禾伸堂元大99購01,0,0,0,0,0,0,0,0,0,31000,0,0,0,140000,109000,31000,31000
056636,台積電日盛9A購01,0,0,0,0,0,0,0,0,0,31000,0,0,0,341000,310000,31000,31000
055831,台達電元大97購01,0,0,0,0,0,0,0,0,0,31000,0,0,0,31000,0,31000,31000
057103,禾伸堂中信9A購01,0,0,0,0,0,0,0,0,0,31000,0,0,0,31000,0,31000,31000
059300,國巨群益99購08  ,0,0,0,0,0,0,0,0,0,31000,0,0,0,31000,0,31000,31000
06657P,寶成元大98售01  ,0,0,0,0,0,0,0,0,0,31000,0,0,0,33000,2000,31000,31000
051466,玉晶光富邦97購01,0,0,0,0,0,0,0,0,0,31000,0,0,0,40000,9000,31000,31000
051755,台積電元大96購08,0,0,0,0,0,0,0,0,0,31000,0,0,0,31000,0,31000,31000
053735,矽力中信97購01  ,0,0,0,0,0,0,0,0,0,31000,0,0,0,31000,0,31000,31000
053626,台積電兆豐96購03,0,0,0,0,0,0,0,0,0,31000,0,0,0,31000,0,31000,31000
053129,緯穎凱基96購01  ,0,0,0,0,0,0,0,0,0,31000,0,0,0,45000,14000,31000,31000
00713,元大台灣高息低波,36000,4000,32000,0,0,0,0,0,0,-1000,0,0,0,3000,4000,-1000,31000
3617,碩天            ,93000,23000,70000,0,0,0,0,0,0,-39000,0,39000,-39000,0,0,0,31000
06740P,台灣50國泰9A售02,0,0,0,0,0,0,0,0,0,30000,0,0,0,30000,0,30000,30000
058144,聯茂元大99購02  ,0,0,0,0,0,0,0,0,0,30000,0,0,0,30000,0,30000,30000
07216P,大立光凱基99售08,0,0,0,0,0,0,0,0,0,30000,0,0,0,40000,10000,30000,30000
07005P,台積電統一9B售05,0,0,0,0,0,0,0,0,0,30000,0,0,0,30000,0,30000,30000
058091,欣興元大99購03  ,0,0,0,0,0,0,0,0,0,30000,0,0,0,30000,0,30000,30000
058067,台積電第一9C購01,0,0,0,0,0,0,0,0,0,30000,0,0,0,30000,0,30000,30000
057806,國巨元大98購20  ,0,0,0,0,0,0,0,0,0,30000,0,0,0,30000,0,30000,30000
056247,台郡群益97購01  ,0,0,0,0,0,0,0,0,0,30000,0,0,0,30000,0,30000,30000
057688,國巨凱基99購07  ,0,0,0,0,0,0,0,0,0,30000,0,0,0,30000,0,30000,30000
057768,華新科中信9A購01,0,0,0,0,0,0,0,0,0,30000,0,0,0,30000,0,30000,30000
058975,台灣50凱基01購02,0,0,0,0,0,0,0,0,0,30000,0,0,0,30000,0,30000,30000
057999,智邦亞東99購02  ,0,0,0,0,0,0,0,0,0,30000,0,0,0,30000,0,30000,30000
057978,聯發科永豐98購05,0,0,0,0,0,0,0,0,0,30000,0,0,0,30000,0,30000,30000
055605,緯穎元大97購02  ,0,0,0,0,0,0,0,0,0,30000,0,0,0,33000,3000,30000,30000
057288,聯茂元大98購03  ,0,0,0,0,0,0,0,0,0,30000,0,0,0,93000,63000,30000,30000
058998,鴻海元大99購22  ,0,0,0,0,0,0,0,0,0,30000,0,0,0,30000,0,30000,30000
055838,致茂元大97購03  ,0,0,0,0,0,0,0,0,0,30000,0,0,0,30000,0,30000,30000
059086,國巨元大99購18  ,0,0,0,0,0,0,0,0,0,30000,0,0,0,30000,0,30000,30000
057525,光磊元大99購01  ,0,0,0,0,0,0,0,0,0,30000,0,0,0,30000,0,30000,30000
057501,超眾群益98購04  ,0,0,0,0,0,0,0,0,0,30000,0,0,0,30000,0,30000,30000
057593,聯發科兆豐98購03,0,0,0,0,0,0,0,0,0,30000,0,0,0,30000,0,30000,30000
057635,中鋼元大98購01  ,0,0,0,0,0,0,0,0,0,30000,0,0,0,30000,0,30000,30000
056061,國泰金元大97購02,0,0,0,0,0,0,0,0,0,30000,0,0,0,40000,10000,30000,30000
056973,T50反1永昌9C購01,0,0,0,0,0,0,0,0,0,30000,0,0,0,30000,0,30000,30000
044988,玉晶光統一95購01,0,0,0,0,0,0,0,0,0,30000,0,0,0,30000,0,30000,30000
047197,美律統一94購01  ,0,0,0,0,0,0,0,0,0,30000,0,0,0,30000,0,30000,30000
05052P,友達群益97售01  ,0,0,0,0,0,0,0,0,0,30000,0,0,0,30000,0,30000,30000
050579,聯發科國票95購04,0,0,0,0,0,0,0,0,0,30000,0,0,0,30000,0,30000,30000
051001,緯穎元大96購02  ,0,0,0,0,0,0,0,0,0,30000,0,0,0,30000,0,30000,30000
051299,致茂凱基95購01  ,0,0,0,0,0,0,0,0,0,30000,0,0,0,30000,0,30000,30000
049985,華擎凱基94購01  ,0,0,0,0,0,0,0,0,0,30000,0,0,0,30000,0,30000,30000
048588,世紀鋼中信94購01,0,0,0,0,0,0,0,0,0,30000,0,0,0,30000,0,30000,30000
048426,超眾元富93購01  ,0,0,0,0,0,0,0,0,0,30000,0,0,0,30000,0,30000,30000
048937,玉晶光永豐95購01,0,0,0,0,0,0,0,0,0,30000,0,0,0,30000,0,30000,30000
050502,聯發科凱基94購21,0,0,0,0,0,0,0,0,0,30000,0,0,0,30000,0,30000,30000
05004P,健策統一95售01  ,0,0,0,0,0,0,0,0,0,30000,0,0,0,30000,0,30000,30000
050213,華新科台新94購03,0,0,0,0,0,0,0,0,0,30000,0,0,0,30000,0,30000,30000
052299,T50反1台新05購03,0,0,0,0,0,0,0,0,0,30000,0,0,0,30000,0,30000,30000
053784,奇力新元大97購02,0,0,0,0,0,0,0,0,0,30000,0,0,0,30000,0,30000,30000
052164,啟碁永豐95購01  ,0,0,0,0,0,0,0,0,0,30000,0,0,0,30000,0,30000,30000
054525,奇鋐元富96購01  ,0,0,0,0,0,0,0,0,0,30000,0,0,0,30000,0,30000,30000
054617,超眾永豐97購01  ,0,0,0,0,0,0,0,0,0,30000,0,0,0,30000,0,30000,30000
054714,和鑫台新98購01  ,0,0,0,0,0,0,0,0,0,30000,0,0,0,30000,0,30000,30000
05194P,玉晶光康和95售01,0,0,0,0,0,0,0,0,0,30000,0,0,0,30000,0,30000,30000
052383,臺股指元大95購29,0,0,0,0,0,0,0,0,0,30000,0,0,0,30000,0,30000,30000
053347,茂林國票98購01  ,0,0,0,0,0,0,0,0,0,30000,0,0,0,30000,0,30000,30000
053326,瀚宇博台新96購01,0,0,0,0,0,0,0,0,0,30000,0,0,0,30000,0,30000,30000
055373,聯詠元大97購03  ,0,0,0,0,0,0,0,0,0,30000,0,0,0,50000,20000,30000,30000
053391,嘉聯益元大99購01,0,0,0,0,0,0,0,0,0,30000,0,0,0,30000,0,30000,30000
051564,和碩國泰96購01  ,0,0,0,0,0,0,0,0,0,30000,0,0,0,30000,0,30000,30000
053994,微星群益96購01  ,0,0,0,0,0,0,0,0,0,30000,0,0,0,30000,0,30000,30000
051451,世芯元大95購03  ,0,0,0,0,0,0,0,0,0,30000,0,0,0,30000,0,30000,30000
051484,玉晶光凱基97購01,0,0,0,0,0,0,0,0,0,30000,0,0,0,30000,0,30000,30000
051485,玉晶光凱基97購02,0,0,0,0,0,0,0,0,0,30000,0,0,0,30000,0,30000,30000
055154,聯發科元大98購01,0,0,0,0,0,0,0,0,0,30000,0,0,0,30000,0,30000,30000
055060,聯陽永豐97購01  ,0,0,0,0,0,0,0,0,0,30000,0,0,0,30000,0,30000,30000
055071,群電永豐97購01  ,0,0,0,0,0,0,0,0,0,30000,0,0,0,40000,10000,30000,30000
058800,健策元大99購03  ,0,0,0,0,0,0,0,0,0,30000,0,0,0,30000,0,30000,30000
058774,台郡兆豐9A購01  ,0,0,0,0,0,0,0,0,0,30000,0,0,0,30000,0,30000,30000
058827,聯發科永豐9A購01,0,0,0,0,0,0,0,0,0,30000,0,0,0,30000,0,30000,30000
058298,聯茂凱基99購05  ,0,0,0,0,0,0,0,0,0,30000,0,0,0,30000,0,30000,30000
058242,玉晶光元大9A購01,0,0,0,0,0,0,0,0,0,30000,0,0,0,30000,0,30000,30000
3419,譁裕            ,83000,53000,30000,0,0,0,0,0,0,0,0,0,0,0,0,0,30000
1702,南僑            ,141000,107000,34000,0,0,0,0,0,0,-4000,0,0,0,0,4000,-4000,30000
1437,勤益控          ,51000,21000,30000,0,0,0,0,0,0,0,0,0,0,0,0,0,30000
6142,友勁            ,0,16000,-16000,0,0,0,0,0,0,46000,58000,12000,46000,0,0,0,30000
5525,順天            ,44000,14000,30000,0,0,0,0,0,0,0,0,0,0,0,0,0,30000
4560,強信-KY         ,121000,91000,30000,0,0,0,0,0,0,0,0,0,0,0,0,0,30000
8114,振樺電          ,37000,3000,34000,0,0,0,0,0,0,-4000,0,4000,-4000,0,0,0,30000
2207,和泰車          ,236000,205022,30978,0,0,0,8000,0,8000,-9000,0,8000,-8000,0,1000,-1000,29978
055460,華擎永豐97購01  ,0,0,0,0,0,0,0,0,0,29000,0,0,0,31000,2000,29000,29000
05898P,旺宏凱基96售06  ,0,0,0,0,0,0,0,0,0,29000,0,0,0,44000,15000,29000,29000
057874,可成元大99購02  ,0,0,0,0,0,0,0,0,0,29000,0,0,0,29000,0,29000,29000
059344,長榮航凱基99購01,0,0,0,0,0,0,0,0,0,29000,0,0,0,41000,12000,29000,29000
059439,健策元大9B購01  ,0,0,0,0,0,0,0,0,0,29000,0,0,0,29000,0,29000,29000
058236,大立光元大99購09,0,0,0,0,0,0,0,0,0,29000,0,0,0,29000,0,29000,29000
058933,FBVIX台新9B購01 ,0,0,0,0,0,0,0,0,0,29000,0,0,0,37000,8000,29000,29000
058843,元油2X群益9C購02,0,0,0,0,0,0,0,0,0,29000,0,0,0,29000,0,29000,29000
054564,玉晶光群益99購01,0,0,0,0,0,0,0,0,0,29000,0,0,0,29000,0,29000,29000
048567,台郡元大93購03  ,0,0,0,0,0,0,0,0,0,29000,0,0,0,29000,0,29000,29000
055289,泰碩元大98購01  ,0,0,0,0,0,0,0,0,0,29000,0,0,0,75000,46000,29000,29000
053229,南電台新97購01  ,0,0,0,0,0,0,0,0,0,29000,0,0,0,30000,1000,29000,29000
03675C,臺股指元大04牛02,0,0,0,0,0,0,0,0,0,29000,0,0,0,44000,15000,29000,29000
057721,華擎元富98購02  ,0,0,0,0,0,0,0,0,0,28000,0,0,0,28000,0,28000,28000
056449,義隆凱基98購03  ,0,0,0,0,0,0,0,0,0,28000,0,0,0,28000,0,28000,28000
07145P,為升元大99售03  ,0,0,0,0,0,0,0,0,0,28000,0,0,0,111000,83000,28000,28000
05972P,瑞昱元大96售01  ,0,0,0,0,0,0,0,0,0,28000,0,0,0,29000,1000,28000,28000
055568,緯穎凱基97購02  ,0,0,0,0,0,0,0,0,0,28000,0,0,0,68000,40000,28000,28000
057479,致茂元大98購03  ,0,0,0,0,0,0,0,0,0,28000,0,0,0,28000,0,28000,28000
00757,統一FANG+       ,0,0,0,0,0,0,0,0,0,28000,0,0,0,229000,201000,28000,28000
00710B,FH彭博高收益債  ,0,0,0,0,0,0,0,0,0,28000,0,0,0,128000,100000,28000,28000
00706L,元大S&P日圓正2  ,0,0,0,0,0,0,0,0,0,28000,0,0,0,33000,5000,28000,28000
054556,世芯凱基99購01  ,0,0,0,0,0,0,0,0,0,28000,0,0,0,28000,0,28000,28000
051666,旺宏元大96購05  ,0,0,0,0,0,0,0,0,0,28000,0,0,0,38000,10000,28000,28000
1527,鑽全            ,84000,56000,28000,0,0,0,0,0,0,0,0,0,0,0,0,0,28000
3149,正達            ,61000,33000,28000,0,0,0,0,0,0,0,0,0,0,0,0,0,28000
059177,臺股指凱基99購28,0,0,0,0,0,0,0,0,0,27000,0,0,0,27000,0,27000,27000
059125,台積電第一03購02,0,0,0,0,0,0,0,0,0,27000,0,0,0,27000,0,27000,27000
056859,台積電群益98購02,0,0,0,0,0,0,0,0,0,27000,0,0,0,27000,0,27000,27000
056626,同欣電永豐98購01,0,0,0,0,0,0,0,0,0,27000,0,0,0,27000,0,27000,27000
06534P,聯發科群益98售04,0,0,0,0,0,0,0,0,0,27000,0,0,0,27000,0,27000,27000
05882P,華新科永豐96售01,0,0,0,0,0,0,0,0,0,27000,0,0,0,27000,0,27000,27000
058875,台表科國票9A購02,0,0,0,0,0,0,0,0,0,27000,0,0,0,27000,0,27000,27000
058493,台積電群益9A購01,0,0,0,0,0,0,0,0,0,27000,0,0,0,27000,0,27000,27000
052003,泰碩國泰97購02  ,0,0,0,0,0,0,0,0,0,27000,0,0,0,127000,100000,27000,27000
00681R,元大美債20反1   ,0,0,0,0,0,0,0,0,0,27000,0,0,0,78000,51000,27000,27000
049929,祥碩元大94購03  ,0,0,0,0,0,0,0,0,0,27000,0,0,0,33000,6000,27000,27000
049864,聯發科兆豐94購01,0,0,0,0,0,0,0,0,0,27000,0,0,0,27000,0,27000,27000
1340,勝悅-KY         ,36000,9000,27000,0,0,0,0,0,0,0,0,0,0,0,0,0,27000
1808,潤隆            ,120000,86000,34000,0,0,0,0,0,0,-7000,0,7000,-7000,0,0,0,27000
8341,日友            ,199000,170000,29000,0,0,0,0,0,0,-2000,0,2000,-2000,0,0,0,27000
1305,華夏            ,316000,289040,26960,0,0,0,0,0,0,0,0,0,0,0,0,0,26960
2929,淘帝-KY         ,211000,184042,26958,0,0,0,0,0,0,0,0,0,0,0,0,0,26958
059229,臺股指元大99購22,0,0,0,0,0,0,0,0,0,26000,0,0,0,43000,17000,26000,26000
055408,力成國泰98購01  ,0,0,0,0,0,0,0,0,0,26000,0,0,0,26000,0,26000,26000
049835,緯穎凱基94購05  ,0,0,0,0,0,0,0,0,0,26000,0,0,0,26000,0,26000,26000
048568,緯穎元大93購06  ,0,0,0,0,0,0,0,0,0,26000,0,0,0,30000,4000,26000,26000
045768,大立光元富95購02,0,0,0,0,0,0,0,0,0,26000,0,0,0,26000,0,26000,26000
058311,緯穎元大99購05  ,0,0,0,0,0,0,0,0,0,26000,0,0,0,26000,0,26000,26000
051608,新日興群益96購01,0,0,0,0,0,0,0,0,0,26000,0,0,0,186000,160000,26000,26000
051349,國巨元大95購08  ,0,0,0,0,0,0,0,0,0,26000,0,0,0,46000,20000,26000,26000
1626,艾美特-KY       ,46000,20000,26000,0,0,0,0,0,0,0,0,0,0,0,0,0,26000
1451,年興            ,58000,32000,26000,0,0,0,0,0,0,0,0,0,0,0,0,0,26000
1457,宜進            ,93000,67000,26000,0,0,0,0,0,0,0,0,0,0,0,0,0,26000
4532,瑞智            ,100000,74000,26000,0,0,0,0,0,0,0,0,0,0,0,0,0,26000
5531,鄉林            ,170312,145000,25312,0,0,0,0,0,0,0,0,0,0,0,0,0,25312
055389,國巨統一98購02  ,0,0,0,0,0,0,0,0,0,25000,0,0,0,25000,0,25000,25000
057233,聯發科凱基98購14,0,0,0,0,0,0,0,0,0,25000,0,0,0,25000,0,25000,25000
056563,華新科群益98購04,0,0,0,0,0,0,0,0,0,25000,0,0,0,25000,0,25000,25000
059231,華通國票9A購04  ,0,0,0,0,0,0,0,0,0,25000,0,0,0,25000,0,25000,25000
056919,英業達兆豐98購01,0,0,0,0,0,0,0,0,0,25000,0,0,0,99000,74000,25000,25000
059034,華通群益9B購02  ,0,0,0,0,0,0,0,0,0,25000,0,0,0,40000,15000,25000,25000
06533P,上証2X中信9B售01,0,0,0,0,0,0,0,0,0,25000,0,0,0,25000,0,25000,25000
057760,聯發科凱基98購18,0,0,0,0,0,0,0,0,0,25000,0,0,0,25000,0,25000,25000
056413,上証反中信9A購01,0,0,0,0,0,0,0,0,0,25000,0,0,0,25000,0,25000,25000
059440,康控元大9B購01  ,0,0,0,0,0,0,0,0,0,25000,0,0,0,30000,5000,25000,25000
059309,滬深2X元大99購02,0,0,0,0,0,0,0,0,0,25000,0,0,0,30000,5000,25000,25000
054998,玉晶光元富97購02,0,0,0,0,0,0,0,0,0,25000,0,0,0,25000,0,25000,25000
054336,台積電統一96購11,0,0,0,0,0,0,0,0,0,25000,0,0,0,25000,0,25000,25000
054109,南亞科凱基96購05,0,0,0,0,0,0,0,0,0,25000,0,0,0,60000,35000,25000,25000
058467,日月光中信9A購01,0,0,0,0,0,0,0,0,0,25000,0,0,0,25000,0,25000,25000
051938,旭富群益95購01  ,0,0,0,0,0,0,0,0,0,25000,0,0,0,25000,0,25000,25000
053314,A50正2群益9A購01,0,0,0,0,0,0,0,0,0,25000,0,0,0,25000,0,25000,25000
054916,聯發科凱基98購04,0,0,0,0,0,0,0,0,0,25000,0,0,0,25000,0,25000,25000
052056,緯穎凱基95購04  ,0,0,0,0,0,0,0,0,0,25000,0,0,0,46000,21000,25000,25000
053744,台郡國票97購03  ,0,0,0,0,0,0,0,0,0,25000,0,0,0,25000,0,25000,25000
053745,康友國票97購01  ,0,0,0,0,0,0,0,0,0,25000,0,0,0,75000,50000,25000,25000
053673,超眾元富96購03  ,0,0,0,0,0,0,0,0,0,25000,0,0,0,25000,0,25000,25000
047406,香港反統一94購01,0,0,0,0,0,0,0,0,0,25000,0,0,0,25000,0,25000,25000
048305,深100凱基96購01 ,0,0,0,0,0,0,0,0,0,25000,0,0,0,25000,0,25000,25000
051069,智邦國票96購01  ,0,0,0,0,0,0,0,0,0,25000,0,0,0,25000,0,25000,25000
052933,祥碩元大96購01  ,0,0,0,0,0,0,0,0,0,25000,0,0,0,30000,5000,25000,25000
051251,信邦元大95購01  ,0,0,0,0,0,0,0,0,0,25000,0,0,0,25000,0,25000,25000
3025,星通            ,19000,4000,15000,0,0,0,0,0,0,10000,10000,0,10000,0,0,0,25000
2636,台驊投控        ,25000,0,25000,0,0,0,0,0,0,0,0,0,0,0,0,0,25000
056140,康控元大98購01  ,0,0,0,0,0,0,0,0,0,24000,0,0,0,24000,0,24000,24000
06310P,精元元富97售02  ,0,0,0,0,0,0,0,0,0,24000,0,0,0,24000,0,24000,24000
056604,鴻海富邦9A購01  ,0,0,0,0,0,0,0,0,0,24000,0,0,0,24000,0,24000,24000
057166,國巨元大99購06  ,0,0,0,0,0,0,0,0,0,24000,0,0,0,24000,0,24000,24000
05922P,京元電兆豐96售01,0,0,0,0,0,0,0,0,0,24000,0,0,0,24000,0,24000,24000
051249,潤泰全元大95購01,0,0,0,0,0,0,0,0,0,24000,0,0,0,24000,0,24000,24000
052885,高鐵兆豐98購01  ,0,0,0,0,0,0,0,0,0,24000,0,0,0,46000,22000,24000,24000
049759,元黃金富邦9A購01,0,0,0,0,0,0,0,0,0,24000,0,0,0,24000,0,24000,24000
048440,國巨凱基93購08  ,0,0,0,0,0,0,0,0,0,24000,0,0,0,24000,0,24000,24000
045678,華新科元大95購01,0,0,0,0,0,0,0,0,0,24000,0,0,0,24000,0,24000,24000
042793,台積電台新9C購01,0,0,0,0,0,0,0,0,0,24000,0,0,0,24000,0,24000,24000
042692,台灣50凱基96購09,0,0,0,0,0,0,0,0,0,24000,0,0,0,24000,0,24000,24000
047436,台積電元大94購02,0,0,0,0,0,0,0,0,0,24000,0,0,0,39000,15000,24000,24000
052738,聯電元大98購02  ,0,0,0,0,0,0,0,0,0,24000,0,0,0,50000,26000,24000,24000
054414,全新元大97購02  ,0,0,0,0,0,0,0,0,0,24000,0,0,0,24000,0,24000,24000
2616,山隆            ,25000,1000,24000,0,0,0,0,0,0,0,0,0,0,0,0,0,24000
1338,廣華-KY         ,68000,44000,24000,0,0,0,0,0,0,0,0,0,0,0,0,0,24000
1721,三晃            ,26000,2000,24000,0,0,0,0,0,0,0,0,0,0,0,0,0,24000
5907,大洋-KY         ,60000,36000,24000,0,0,0,0,0,0,0,0,0,0,0,0,0,24000
058988,大立光凱基9A購02,0,0,0,0,0,0,0,0,0,23000,0,0,0,23000,0,23000,23000
05673P,台積電群益96售05,0,0,0,0,0,0,0,0,0,23000,0,0,0,23000,0,23000,23000
056910,超眾元大99購02  ,0,0,0,0,0,0,0,0,0,23000,0,0,0,33000,10000,23000,23000
056820,欣興永豐98購02  ,0,0,0,0,0,0,0,0,0,23000,0,0,0,23000,0,23000,23000
056847,佐登元富98購01  ,0,0,0,0,0,0,0,0,0,23000,0,0,0,23000,0,23000,23000
059222,聯發科元大99購22,0,0,0,0,0,0,0,0,0,23000,0,0,0,48000,25000,23000,23000
059161,鴻海凱基9A購09  ,0,0,0,0,0,0,0,0,0,23000,0,0,0,24000,1000,23000,23000
055711,上銀元大97購04  ,0,0,0,0,0,0,0,0,0,23000,0,0,0,23000,0,23000,23000
06738P,瑞昱兆豐98售02  ,0,0,0,0,0,0,0,0,0,23000,0,0,0,37000,14000,23000,23000
08506P,台灣50中信96售02,0,0,0,0,0,0,0,0,0,23000,0,0,0,23000,0,23000,23000
07197P,臺股指元大99售13,0,0,0,0,0,0,0,0,0,23000,0,0,0,35000,12000,23000,23000
057785,智邦國票99購02  ,0,0,0,0,0,0,0,0,0,23000,0,0,0,24000,1000,23000,23000
055039,神達富邦99購01  ,0,0,0,0,0,0,0,0,0,23000,0,0,0,23000,0,23000,23000
053593,晶技元大98購01  ,0,0,0,0,0,0,0,0,0,23000,0,0,0,23000,0,23000,23000
03896P,長榮航凱基95售01,0,0,0,0,0,0,0,0,0,23000,0,0,0,23000,0,23000,23000
056290,正文永豐98購01  ,0,0,0,0,0,0,0,0,0,22000,0,0,0,22000,0,22000,22000
05631P,國巨富邦9A售01  ,0,0,0,0,0,0,0,0,0,22000,0,0,0,22000,0,22000,22000
057823,神達元大98購01  ,0,0,0,0,0,0,0,0,0,22000,0,0,0,22000,0,22000,22000
058115,台光電中信99購01,0,0,0,0,0,0,0,0,0,22000,0,0,0,22000,0,22000,22000
058119,華新亞東99購01  ,0,0,0,0,0,0,0,0,0,22000,0,0,0,22000,0,22000,22000
059531,華新科凱基9B購02,0,0,0,0,0,0,0,0,0,22000,0,0,0,22000,0,22000,22000
06663P,鴻海兆豐98售03  ,0,0,0,0,0,0,0,0,0,22000,0,0,0,22000,0,22000,22000
058143,瑞儀元大99購02  ,0,0,0,0,0,0,0,0,0,22000,0,0,0,22000,0,22000,22000
058154,泰碩統一9A購01  ,0,0,0,0,0,0,0,0,0,22000,0,0,0,22000,0,22000,22000
057042,台積電元大98購10,0,15000,-15000,0,0,0,0,0,0,37000,0,0,0,45000,8000,37000,22000
057260,微星兆豐98購01  ,0,0,0,0,0,0,0,0,0,22000,0,0,0,30000,8000,22000,22000
057169,微星元大98購01  ,0,0,0,0,0,0,0,0,0,22000,0,0,0,22000,0,22000,22000
043735,元金2X元大94購01,0,0,0,0,0,0,0,0,0,22000,0,0,0,124000,102000,22000,22000
048637,鴻海元大96購01  ,0,0,0,0,0,0,0,0,0,22000,0,0,0,30000,8000,22000,22000
049490,京元電元大95購02,0,0,0,0,0,0,0,0,0,22000,0,0,0,32000,10000,22000,22000
049255,旺宏元大97購02  ,0,0,0,0,0,0,0,0,0,22000,0,0,0,22000,0,22000,22000
053042,大立光凱基97購03,0,0,0,0,0,0,0,0,0,22000,0,0,0,22000,0,22000,22000
053806,鎧勝凱基96購02  ,0,0,0,0,0,0,0,0,0,22000,0,0,0,22000,0,22000,22000
052079,康友元富98購01  ,0,0,0,0,0,0,0,0,0,22000,0,0,0,22000,0,22000,22000
058694,鈺齊國票9A購02  ,0,0,0,0,0,0,0,0,0,22000,0,0,0,22000,0,22000,22000
4989,榮科            ,44000,22000,22000,0,0,0,0,0,0,0,0,0,0,0,0,0,22000
2486,一詮            ,19000,2000,17000,0,0,0,0,0,0,5000,5000,0,5000,0,0,0,22000
3494,誠研            ,22000,0,22000,0,0,0,0,0,0,0,0,0,0,0,0,0,22000
3588,通嘉            ,57000,35000,22000,0,0,0,0,0,0,0,0,0,0,0,0,0,22000
3607,谷崧            ,38000,18000,20000,0,0,0,0,0,0,2000,2000,0,2000,0,0,0,22000
4148,全宇生技-KY     ,36000,10000,26000,0,0,0,0,0,0,-4000,0,4000,-4000,0,0,0,22000
058520,智易元大99購03  ,0,0,0,0,0,0,0,0,0,21000,0,0,0,21000,0,21000,21000
058607,聯發科元大99購14,0,0,0,0,0,0,0,0,0,21000,0,0,0,21000,0,21000,21000
058366,元大金凱基99購01,0,0,0,0,0,0,0,0,0,21000,0,0,0,21000,0,21000,21000
08663P,台灣50元大96售01,20000,0,20000,0,0,0,0,0,0,1000,0,0,0,164000,163000,1000,21000
056396,祥碩永豐98購01  ,0,0,0,0,0,0,0,0,0,21000,0,0,0,21000,0,21000,21000
058237,嘉晶元大99購04  ,0,0,0,0,0,0,0,0,0,21000,0,0,0,21000,0,21000,21000
058941,華新科中信99購03,0,0,0,0,0,0,0,0,0,21000,0,0,0,21000,0,21000,21000
058264,瑞昱永豐99購01  ,0,0,0,0,0,0,0,0,0,21000,0,0,0,36000,15000,21000,21000
05170P,世芯元大95售01  ,0,0,0,0,0,0,0,0,0,21000,0,0,0,50000,29000,21000,21000
054822,祥碩元大97購01  ,0,0,0,0,0,0,0,0,0,21000,0,0,0,21000,0,21000,21000
052731,宏達電國泰98購01,0,0,0,0,0,0,0,0,0,21000,0,0,0,21000,0,21000,21000
052345,矽力凱基95購01  ,0,0,0,0,0,0,0,0,0,21000,0,0,0,21000,0,21000,21000
04993P,上銀兆豐96售01  ,0,0,0,0,0,0,0,0,0,21000,0,0,0,21000,0,21000,21000
049803,華新科元大95購07,0,0,0,0,0,0,0,0,0,21000,0,0,0,21000,0,21000,21000
055339,緯穎兆豐98購01  ,0,0,0,0,0,0,0,0,0,21000,0,0,0,31000,10000,21000,21000
00666R,富邦恒生國企反1 ,40000,0,40000,0,0,0,0,0,0,-19000,0,0,0,81000,100000,-19000,21000
00661,元大日經225     ,0,0,0,0,0,0,0,0,0,21000,0,0,0,132000,111000,21000,21000
03821P,上海銀統一95售01,0,0,0,0,0,0,0,0,0,21000,0,0,0,22000,1000,21000,21000
042953,鴻海台新01購01  ,0,0,0,0,0,0,0,0,0,21000,0,0,0,21000,0,21000,21000
1446,宏和            ,35000,14000,21000,0,0,0,0,0,0,0,0,0,0,0,0,0,21000
1524,耿鼎            ,24000,0,24000,0,0,0,0,0,0,-3000,0,3000,-3000,0,0,0,21000
056399,上証2X群益9C購01,0,0,0,0,0,0,0,0,0,20000,0,0,0,20000,0,20000,20000
056145,緯穎元大98購03  ,0,0,0,0,0,0,0,0,0,20000,0,0,0,120000,100000,20000,20000
056103,聯發科永豐97購03,0,0,0,0,0,0,0,0,0,20000,0,0,0,170000,150000,20000,20000
05774P,臺股指凱基99售04,0,0,0,0,0,0,0,0,0,20000,0,0,0,20000,0,20000,20000
057672,茂林元大98購02  ,0,0,0,0,0,0,0,0,0,20000,0,0,0,20000,0,20000,20000
056457,嘉澤凱基98購01  ,0,0,0,0,0,0,0,0,0,20000,0,0,0,20000,0,20000,20000
057815,信邦元大98購01  ,0,0,0,0,0,0,0,0,0,20000,0,0,0,20000,0,20000,20000
057886,聯詠群益98購01  ,0,0,0,0,0,0,0,0,0,20000,0,0,0,20000,0,20000,20000
056351,鴻海元大98購06  ,0,0,0,0,0,0,0,0,0,20000,0,0,0,20000,0,20000,20000
056306,晶相光元大98購01,0,0,0,0,0,0,0,0,0,20000,0,0,0,20000,0,20000,20000
058060,貿聯元富98購01  ,0,0,0,0,0,0,0,0,0,20000,0,0,0,20000,0,20000,20000
058080,台積電群益98購06,0,0,0,0,0,0,0,0,0,20000,0,0,0,20000,0,20000,20000
058088,鴻海元大9A購01  ,0,0,0,0,0,0,0,0,0,20000,0,0,0,20000,0,20000,20000
059284,緯穎永豐99購03  ,0,0,0,0,0,0,0,0,0,20000,0,0,0,20000,0,20000,20000
05932P,鴻海凱基96售16  ,0,0,0,0,0,0,0,0,0,20000,0,0,0,20000,0,20000,20000
059381,TPK亞東99購01   ,0,0,0,0,0,0,0,0,0,20000,0,0,0,20000,0,20000,20000
07114P,旺宏兆豐9A售01  ,0,0,0,0,0,0,0,0,0,20000,0,0,0,20000,0,20000,20000
07101P,台郡元大99售06  ,0,0,0,0,0,0,0,0,0,20000,0,0,0,20000,0,20000,20000
058142,瑞儀元大99購01  ,0,0,0,0,0,0,0,0,0,20000,0,0,0,20000,0,20000,20000
058214,世芯群益9A購01  ,0,0,0,0,0,0,0,0,0,20000,0,0,0,20000,0,20000,20000
06474P,鴻海富邦98售03  ,0,0,0,0,0,0,0,0,0,20000,0,0,0,20000,0,20000,20000
06382P,大毅元富97售02  ,0,0,0,0,0,0,0,0,0,20000,0,0,0,20000,0,20000,20000
06527P,T50正2富邦9C售01,0,0,0,0,0,0,0,0,0,20000,0,0,0,20000,0,20000,20000
058377,茂林凱基9A購03  ,0,0,0,0,0,0,0,0,0,20000,0,0,0,20000,0,20000,20000
058410,國巨兆豐99購03  ,0,0,0,0,0,0,0,0,0,20000,0,0,0,20000,0,20000,20000
057969,緯穎國泰99購01  ,0,0,0,0,0,0,0,0,0,20000,0,0,0,20000,0,20000,20000
057916,國巨凱基98購13  ,0,0,0,0,0,0,0,0,0,20000,0,0,0,20000,0,20000,20000
05897P,國巨凱基96售12  ,0,0,0,0,0,0,0,0,0,20000,0,0,0,20000,0,20000,20000
06023P,超眾國票96售03  ,0,0,0,0,0,0,0,0,0,20000,0,0,0,20000,0,20000,20000
05975P,國巨日盛99售02  ,0,0,0,0,0,0,0,0,0,20000,0,0,0,20000,0,20000,20000
055570,華通統一98購03  ,0,0,0,0,0,0,0,0,0,20000,0,0,0,20000,0,20000,20000
055683,晶技凱基99購01  ,0,0,0,0,0,0,0,0,0,20000,0,0,0,20000,0,20000,20000
05565P,鎧勝元大96售01  ,0,0,0,0,0,0,0,0,0,20000,0,0,0,25000,5000,20000,20000
057352,大立光統一9A購02,0,0,0,0,0,0,0,0,0,20000,0,0,0,20000,0,20000,20000
059007,南電元大99購05  ,0,0,0,0,0,0,0,0,0,20000,0,0,0,30000,10000,20000,20000
057299,立積永豐98購02  ,0,0,0,0,0,0,0,0,0,20000,0,0,0,20000,0,20000,20000
057316,國巨凱基99購04  ,0,0,0,0,0,0,0,0,0,20000,0,0,0,20000,0,20000,20000
057268,臻鼎兆豐99購01  ,0,0,0,0,0,0,0,0,0,20000,0,0,0,20000,0,20000,20000
055714,智邦元大97購03  ,0,0,0,0,0,0,0,0,0,20000,0,0,0,20000,0,20000,20000
055717,聯發科元大97購19,0,0,0,0,0,0,0,0,0,20000,0,0,0,20000,0,20000,20000
05571P,大立光統一96售03,0,0,0,0,0,0,0,0,0,20000,0,0,0,20000,0,20000,20000
058612,健策元大99購02  ,0,0,0,0,0,0,0,0,0,20000,0,0,0,20000,0,20000,20000
055820,矽力國票98購02  ,0,0,0,0,0,0,0,0,0,20000,0,0,0,20000,0,20000,20000
057492,大立光元大98購18,0,0,0,0,0,0,0,0,0,20000,0,0,0,20000,0,20000,20000
055885,大成鋼統一97購02,0,0,0,0,0,0,0,0,0,20000,0,0,0,20000,0,20000,20000
057382,聯發科國泰9A購01,0,0,0,0,0,0,0,0,0,20000,0,0,0,20000,0,20000,20000
057422,欣興凱基98購04  ,0,0,0,0,0,0,0,0,0,20000,0,0,0,20000,0,20000,20000
057526,智邦元大98購10  ,0,0,0,0,0,0,0,0,0,20000,0,0,0,20000,0,20000,20000
057535,泰鼎元大99購01  ,0,0,0,0,0,0,0,0,0,20000,0,0,0,20000,0,20000,20000
057556,智易凱基99購01  ,0,0,0,0,0,0,0,0,0,20000,0,0,0,20000,0,20000,20000
055921,新唐凱基98購01  ,0,0,0,0,0,0,0,0,0,20000,0,0,0,20000,0,20000,20000
056617,美律永豐98購01  ,0,0,0,0,0,0,0,0,0,20000,0,0,0,20000,0,20000,20000
056863,義隆群益98購01  ,0,0,0,0,0,0,0,0,0,20000,0,0,0,20000,0,20000,20000
056977,國巨群益9A購01  ,0,0,0,0,0,0,0,0,0,20000,0,0,0,40000,20000,20000,20000
056981,全新群益99購03  ,0,0,0,0,0,0,0,0,0,20000,0,0,0,20000,0,20000,20000
056770,國產元大98購02  ,0,0,0,0,0,0,0,0,0,20000,0,0,0,20000,0,20000,20000
042705,台積電亞東93購01,0,0,0,0,0,0,0,0,0,20000,0,0,0,20000,0,20000,20000
04283P,麗豐永豐93售03  ,0,0,0,0,0,0,0,0,0,20000,0,0,0,20000,0,20000,20000
050614,聯發科元大95購04,0,0,0,0,0,0,0,0,0,20000,0,0,0,20000,0,20000,20000
050537,鴻海凱基95購05  ,0,0,0,0,0,0,0,0,0,20000,0,0,0,20000,0,20000,20000
03674C,臺股指元富9C牛02,0,0,0,0,0,0,0,0,0,20000,0,0,0,93000,73000,20000,20000
03421B,臺股指元大99熊01,0,0,0,0,0,0,0,0,0,20000,0,0,0,20000,0,20000,20000
047584,元金2X永豐95購01,0,0,0,0,0,0,0,0,0,20000,0,0,0,20000,0,20000,20000
051057,信邦群益95購01  ,0,0,0,0,0,0,0,0,0,20000,0,0,0,20000,0,20000,20000
051076,緯創國泰96購01  ,0,0,0,0,0,0,0,0,0,20000,0,0,0,20000,0,20000,20000
047911,晶技麥證94購01  ,0,0,0,20000,0,20000,0,0,0,20000,0,0,0,20000,0,20000,20000
04784P,超眾元富94售01  ,0,0,0,0,0,0,0,0,0,20000,0,0,0,20000,0,20000,20000
050685,緯穎元富94購02  ,0,0,0,0,0,0,0,0,0,20000,0,0,0,20000,0,20000,20000
044996,嘉晶國泰95購01  ,0,0,0,0,0,0,0,0,0,20000,0,0,0,20000,0,20000,20000
04405P,牧德國票95售01  ,0,0,0,0,0,0,0,0,0,20000,0,0,0,20000,0,20000,20000
04433P,上証2X國票95售01,0,0,0,0,0,0,0,0,0,20000,0,0,0,20000,0,20000,20000
03035X,元展32          ,0,0,0,0,0,0,0,0,0,20000,0,0,0,20000,0,20000,20000
04714P,上海銀元大94售01,0,0,0,0,0,0,0,0,0,20000,0,0,0,20000,0,20000,20000
04547P,高鐵元大94售01  ,0,0,0,0,0,0,0,0,0,20000,0,0,0,20000,0,20000,20000
04596P,臺股指元大94售14,0,0,0,0,0,0,0,0,0,20000,0,0,0,20000,0,20000,20000
046624,彩晶凱基94購02  ,0,0,0,0,0,0,0,0,0,20000,0,0,0,20000,0,20000,20000
049789,世紀鋼兆豐94購01,0,0,0,0,0,0,0,0,0,20000,0,0,0,20000,0,20000,20000
049695,新光金元大9A購01,0,0,0,0,0,0,0,0,0,20000,0,0,0,20000,0,20000,20000
052880,台積電凱基96購06,0,0,0,0,0,0,0,0,0,20000,0,0,0,20000,0,20000,20000
049974,聯發科日盛94購02,0,0,0,0,0,0,0,0,0,20000,0,0,0,30000,10000,20000,20000
048382,T50反1國票96購01,0,0,0,0,0,0,0,0,0,20000,0,0,0,20000,0,20000,20000
048412,台勝科亞東93購01,0,0,0,0,0,0,0,0,0,20000,0,0,0,20000,0,20000,20000
048420,祥碩統一93購01  ,0,0,0,0,0,0,0,0,0,20000,0,0,0,20000,0,20000,20000
051103,緯穎元大96購03  ,0,0,0,0,0,0,0,0,0,20000,0,0,0,30000,10000,20000,20000
04799P,健策元大94售03  ,0,0,0,0,0,0,0,0,0,20000,0,0,0,20000,0,20000,20000
048128,超眾元大95購01  ,0,0,0,0,0,0,0,0,0,20000,0,0,0,20000,0,20000,20000
050231,聯發科麥證94購03,0,0,0,20000,0,20000,0,0,0,20000,0,0,0,20000,0,20000,20000
050239,廣達凱基94購01  ,0,0,0,0,0,0,0,0,0,20000,0,0,0,20000,0,20000,20000
050061,聯發科凱基94購07,0,0,0,0,0,0,0,0,0,20000,0,0,0,20000,0,20000,20000
04998P,京元電永豐95售01,0,0,0,0,0,0,0,0,0,20000,0,0,0,20000,0,20000,20000
05049P,矽創永豐95售01  ,0,0,0,0,0,0,0,0,0,20000,0,0,0,20000,0,20000,20000
050484,世紀鋼國票95購02,0,0,0,0,0,0,0,0,0,20000,0,0,0,20000,0,20000,20000
050444,卜蜂元大94購03  ,0,0,0,0,0,0,0,0,0,20000,0,0,0,20000,0,20000,20000
051947,矽力統一95購01  ,0,0,0,0,0,0,0,0,0,20000,0,0,0,20000,0,20000,20000
052006,康友富邦98購01  ,0,0,0,0,0,0,0,0,0,20000,0,0,0,20000,0,20000,20000
052667,漢唐群益96購01  ,0,0,0,0,0,0,0,0,0,20000,0,0,0,20000,0,20000,20000
053248,智伸科國票97購01,0,0,0,0,0,0,0,0,0,20000,0,0,0,40000,20000,20000,20000
053412,台達電國票97購02,0,0,0,0,0,0,0,0,0,20000,0,0,0,60000,40000,20000,20000
053427,鎧勝永豐96購02  ,0,0,0,0,0,0,0,0,0,20000,0,0,0,20000,0,20000,20000
053477,大立光元大97購03,0,0,0,0,0,0,0,0,0,20000,0,0,0,20000,0,20000,20000
054810,中橡元大9A購01  ,0,0,0,0,0,0,0,0,0,20000,0,0,0,20000,0,20000,20000
054781,台化群益99購01  ,0,0,0,0,0,0,0,0,0,20000,0,0,0,20000,0,20000,20000
054936,鴻海元大97購10  ,0,0,0,0,0,0,0,0,0,20000,0,0,0,20000,0,20000,20000
054637,智邦中信98購01  ,0,0,0,0,0,0,0,0,0,20000,0,0,0,20000,0,20000,20000
054695,世芯永豐98購01  ,0,0,0,0,0,0,0,0,0,20000,0,0,0,20000,0,20000,20000
054756,世紀鋼凱基99購01,0,0,0,0,0,0,0,0,0,20000,0,0,0,20000,0,20000,20000
052119,漢唐國票96購01  ,0,0,0,0,0,0,0,0,0,20000,0,0,0,20000,0,20000,20000
052854,聯詠日盛96購01  ,0,0,0,0,0,0,0,0,0,20000,0,0,0,20000,0,20000,20000
052796,和碩兆豐96購01  ,0,0,0,0,0,0,0,0,0,20000,0,0,0,20000,0,20000,20000
05409P,京元電元富95售05,0,0,0,0,0,0,0,0,0,20000,0,0,0,20000,0,20000,20000
05403P,台積電富邦95售08,0,0,0,0,0,0,0,0,0,20000,0,0,0,20000,0,20000,20000
055099,可成日盛97購01  ,0,0,0,0,0,0,0,0,0,20000,0,0,0,20000,0,20000,20000
055017,緯穎元富97購01  ,0,0,0,0,0,0,0,0,0,20000,0,0,0,20000,0,20000,20000
055159,玉晶光元大98購05,0,0,0,0,0,0,0,0,0,20000,0,0,0,20000,0,20000,20000
054416,禾伸堂元大97購01,0,0,0,0,0,0,0,0,0,20000,0,0,0,20000,0,20000,20000
054446,美食兆豐97購01  ,0,0,0,0,0,0,0,0,0,20000,0,0,0,20000,0,20000,20000
051361,泰鼎元大95購01  ,0,0,0,0,0,0,0,0,0,20000,0,0,0,36000,16000,20000,20000
058824,晶技富邦9A購01  ,0,0,0,0,0,0,0,0,0,20000,0,0,0,20000,0,20000,20000
05850P,台積電兆豐96售06,0,0,0,0,0,0,0,0,0,20000,0,0,0,20000,0,20000,20000
058768,南港兆豐99購01  ,0,0,0,0,0,0,0,0,0,20000,0,0,0,20000,0,20000,20000
058479,亞光凱基9A購01  ,0,0,0,0,0,0,0,0,0,20000,0,0,0,20000,0,20000,20000
054164,強茂凱基98購01  ,0,0,0,0,0,0,0,0,0,20000,0,0,0,20000,0,20000,20000
054211,奇鋐國票97購03  ,0,0,0,0,0,0,0,0,0,20000,0,0,0,20000,0,20000,20000
054213,欣興國票97購04  ,0,0,0,0,0,0,0,0,0,20000,0,0,0,20000,0,20000,20000
1540,喬福            ,23000,3000,20000,0,0,0,0,0,0,0,0,0,0,0,0,0,20000
1325,恆大            ,276000,256000,20000,0,0,0,0,0,0,0,0,0,0,0,0,0,20000
056745,聯茂凱基99購03  ,0,0,0,0,0,0,0,0,0,19000,0,0,0,19000,0,19000,19000
056717,康友永豐98購01  ,0,0,0,0,0,0,0,0,0,19000,0,0,0,19000,0,19000,19000
059214,國巨元大99購20  ,0,0,0,0,0,0,0,0,0,19000,0,0,0,25000,6000,19000,19000
057367,技嘉元大98購02  ,0,0,0,0,0,0,0,0,0,19000,0,0,0,19000,0,19000,19000
05721P,全新群益98售02  ,0,0,0,0,0,0,0,0,0,19000,0,0,0,20000,1000,19000,19000
055471,聯發科凱基97購04,0,0,0,0,0,0,0,0,0,19000,0,0,0,50000,31000,19000,19000
058415,祥碩兆豐99購01  ,0,0,0,0,0,0,0,0,0,19000,0,0,0,19000,0,19000,19000
06662P,玉晶光中信9A售01,0,0,0,0,0,0,0,0,0,19000,0,0,0,19000,0,19000,19000
06933P,禾伸堂元大98售03,0,0,0,0,0,0,0,0,0,19000,0,0,0,19000,0,19000,19000
059305,台灣50元大99購02,0,0,0,0,0,0,0,0,0,19000,0,0,0,19000,0,19000,19000
059468,智邦元大99購02  ,0,0,0,0,0,0,0,0,0,19000,0,0,0,75000,56000,19000,19000
059471,華新科元大99購17,0,0,0,0,0,0,0,0,0,19000,0,0,0,20000,1000,19000,19000
058922,聯發科元富03購02,0,0,0,0,0,0,0,0,0,19000,0,0,0,19000,0,19000,19000
055018,緯穎元富97購02  ,0,0,0,0,0,0,0,0,0,19000,0,0,0,20000,1000,19000,19000
055022,精元國泰99購01  ,0,0,0,0,0,0,0,0,0,19000,0,0,0,19000,0,19000,19000
05381P,聯詠群益95售02  ,0,0,0,0,0,0,0,0,0,19000,0,0,0,20000,1000,19000,19000
05177P,台積電凱基95售12,0,0,0,0,0,0,0,0,0,19000,0,0,0,19000,0,19000,19000
052167,亞泥元大96購01  ,0,0,0,0,0,0,0,0,0,19000,0,0,0,19000,0,19000,19000
054807,台化元大9A購02  ,0,0,0,0,0,0,0,0,0,19000,0,0,0,19000,0,19000,19000
049100,華新科國泰96購01,0,0,0,0,0,0,0,0,0,19000,0,0,0,19000,0,19000,19000
00731,FH富時高息低波  ,2000,0,2000,0,0,0,0,0,0,17000,0,0,0,155000,138000,17000,19000
4190,佐登-KY         ,72000,51000,21000,0,0,0,0,0,0,-2000,0,3000,-3000,1000,0,1000,19000
056423,奇鋐統一98購01  ,0,0,0,0,0,0,0,0,0,18000,0,0,0,18000,0,18000,18000
056424,泰碩統一98購01  ,0,0,0,0,0,0,0,0,0,18000,0,0,0,18000,0,18000,18000
06953P,景碩統一9A售01  ,0,0,0,0,0,0,0,0,0,18000,0,0,0,18000,0,18000,18000
05984P,台積電統一98售01,0,0,0,0,0,0,0,0,0,18000,0,0,0,18000,0,18000,18000
057232,京元電凱基98購02,0,0,0,0,0,0,0,0,0,18000,0,0,0,20000,2000,18000,18000
06189P,華新科永豐97售03,0,0,0,0,0,0,0,0,0,18000,0,0,0,25000,7000,18000,18000
057298,旭富永豐98購01  ,0,0,0,0,0,0,0,0,0,18000,0,0,0,18000,0,18000,18000
055907,台虹兆豐98購01  ,0,0,0,0,0,0,0,0,0,18000,0,0,0,18000,0,18000,18000
00753L,中信中國50正2   ,0,0,0,0,0,0,0,0,0,18000,0,0,0,40000,22000,18000,18000
03763P,聯發科元富96售01,0,0,0,0,0,0,0,0,0,18000,0,0,0,18000,0,18000,18000
03832P,臺股指中信95售03,0,0,0,0,0,0,0,0,0,18000,0,0,0,18000,0,18000,18000
04006P,滬深2X國票9B售01,0,0,0,0,0,0,0,0,0,18000,0,0,0,20000,2000,18000,18000
050014,國巨富邦98購01  ,0,0,0,0,0,0,0,0,0,18000,0,0,0,18000,0,18000,18000
050167,T50反1富邦96購01,0,0,0,0,0,0,0,0,0,18000,0,0,0,18000,0,18000,18000
052940,玉晶光兆豐97購01,0,0,0,0,0,0,0,0,0,18000,0,0,0,28000,10000,18000,18000
054707,聯茂亞東97購01  ,0,0,0,0,0,0,0,0,0,18000,0,0,0,240000,222000,18000,18000
054594,國巨麥證97購01  ,0,0,0,0,0,0,0,0,0,18000,0,0,0,18000,0,18000,18000
053432,世紀鋼永豐96購02,0,0,0,0,0,0,0,0,0,18000,0,0,0,20000,2000,18000,18000
053535,宏達電永豐96購02,0,0,0,0,0,0,0,0,0,18000,0,0,0,18000,0,18000,18000
058910,泰鼎元大99購03  ,0,0,0,0,0,0,0,0,0,18000,0,0,0,69000,51000,18000,18000
058491,滬深2X群益01購01,0,0,0,0,0,0,0,0,0,18000,0,0,0,18000,0,18000,18000
2705,六福            ,18000,0,18000,0,0,0,0,0,0,0,0,0,0,0,0,0,18000
1474,弘裕            ,39000,21000,18000,0,0,0,0,0,0,0,0,0,0,0,0,0,18000
4144,康聯-KY         ,33000,16000,17000,0,0,0,0,0,0,1000,1000,0,1000,0,0,0,18000
9938,百和            ,895000,826000,69000,0,0,0,0,0,0,-51000,9000,9000,0,1000,52000,-51000,18000
8104,錸寶            ,37000,20000,17000,0,0,0,0,0,0,1000,1000,0,1000,0,0,0,18000
057568,友訊永豐99購01  ,0,0,0,0,0,0,0,0,0,17000,0,0,0,17000,0,17000,17000
059004,嘉晶元大99購05  ,0,0,0,0,0,0,0,0,0,17000,0,0,0,43000,26000,17000,17000
057091,華新科元富9A購01,0,0,0,0,0,0,0,0,0,17000,0,0,0,17000,0,17000,17000
07241P,台灣50國票9A售05,0,0,0,0,0,0,0,0,0,17000,0,0,0,17000,0,17000,17000
06748P,智邦台新98售02  ,0,0,0,0,0,0,0,0,0,17000,0,0,0,107000,90000,17000,17000
058176,聯發科凱基99購05,0,0,0,0,0,0,0,0,0,17000,0,0,0,17000,0,17000,17000
056395,玉晶光永豐9B購01,0,0,0,0,0,0,0,0,0,17000,0,0,0,17000,0,17000,17000
058070,華新科凱基98購07,0,0,0,0,0,0,0,0,0,17000,0,0,0,37000,20000,17000,17000
059272,台灣50元大99購01,0,0,0,0,0,0,0,0,0,17000,0,0,0,20000,3000,17000,17000
059323,新日興元大99購02,0,0,0,0,0,0,0,0,0,17000,0,0,0,31000,14000,17000,17000
058760,嘉晶群益9A購01  ,0,0,0,0,0,0,0,0,0,17000,0,0,0,17000,0,17000,17000
058717,南電台新99購02  ,0,0,0,0,0,0,0,0,0,17000,0,0,0,17000,0,17000,17000
054343,世紀鋼元富96購02,0,0,0,0,0,0,0,0,0,17000,0,0,0,37000,20000,17000,17000
054357,可成兆豐97購02  ,0,0,0,0,0,0,0,0,0,17000,0,0,0,17000,0,17000,17000
053562,玉晶光國泰98購02,0,0,0,0,0,0,0,0,0,17000,0,0,0,17000,0,17000,17000
051094,健策元大96購03  ,0,0,0,0,0,0,0,0,0,17000,0,0,0,17000,0,17000,17000
050653,聯鈞凱基96購01  ,0,0,0,0,0,0,0,0,0,17000,0,0,0,17000,0,17000,17000
2239,英利-KY         ,33000,15000,18000,0,0,0,0,0,0,-1000,0,1000,-1000,0,0,0,17000
3038,全台            ,145000,128000,17000,0,0,0,0,0,0,0,0,0,0,0,0,0,17000
056077,矽力元大97購07  ,0,0,0,0,0,0,0,0,0,16000,0,0,0,16000,0,16000,16000
057799,世紀鋼兆豐98購01,0,0,0,0,0,0,0,0,0,16000,0,0,0,16000,0,16000,16000
05634P,玉晶光台新97售01,0,0,0,0,0,0,0,0,0,16000,0,0,0,18000,2000,16000,16000
06832P,玉晶光凱基98售03,0,0,0,0,0,0,0,0,0,16000,0,0,0,36000,20000,16000,16000
07000P,T50反1元大99售03,0,0,0,0,0,0,0,0,0,16000,0,0,0,16000,0,16000,16000
057129,聯發科凱基99購03,0,0,0,0,0,0,0,0,0,16000,0,0,0,16000,0,16000,16000
057927,勤誠凱基98購01  ,0,0,0,0,0,0,0,0,0,16000,0,0,0,16000,0,16000,16000
06134P,緯穎元富97售03  ,0,0,0,0,0,0,0,0,0,16000,0,0,0,16000,0,16000,16000
059094,臻鼎元大99購03  ,0,0,0,0,0,0,0,0,0,16000,0,0,0,36000,20000,16000,16000
056598,京元電元富98購01,0,0,0,0,0,0,0,0,0,16000,0,0,0,16000,0,16000,16000
050758,聯發科元富9B購01,0,0,0,0,0,0,0,0,0,16000,0,0,0,16000,0,16000,16000
052516,臺股指凱基95購20,16000,0,16000,0,0,0,0,0,0,0,0,0,0,0,0,0,16000
052625,南電亞東97購01  ,0,0,0,0,0,0,0,0,0,16000,0,0,0,16000,0,16000,16000
054926,神達凱基98購01  ,0,0,0,0,0,0,0,0,0,16000,0,0,0,16000,0,16000,16000
051406,泰鼎永豐96購01  ,0,0,0,0,0,0,0,0,0,16000,0,0,0,16000,0,16000,16000
058480,新日興凱基9A購01,0,0,0,0,0,0,0,0,0,16000,0,0,0,16000,0,16000,16000
058330,鴻海元富99購01  ,0,0,0,0,0,0,0,0,0,16000,0,0,0,16000,0,16000,16000
2704,國賓            ,46000,30000,16000,0,0,0,0,0,0,0,0,0,0,0,0,0,16000
2911,麗嬰房          ,16000,0,16000,0,0,0,0,0,0,0,0,0,0,0,0,0,16000
2414,精技            ,23000,7000,16000,0,0,0,0,0,0,0,0,0,0,0,0,0,16000
056588,聯發科統一9A購02,0,0,0,0,0,0,0,0,0,15000,0,0,0,25000,10000,15000,15000
056578,智易元大99購02  ,0,0,0,0,0,0,0,0,0,15000,0,0,0,15000,0,15000,15000
056620,華新科永豐98購02,0,0,0,0,0,0,0,0,0,15000,0,0,0,16000,1000,15000,15000
056531,佳世達凱基98購01,0,0,0,0,0,0,0,0,0,15000,0,0,0,15000,0,15000,15000
056740,大立光凱基98購13,0,0,0,0,0,0,0,0,0,15000,0,0,0,15000,0,15000,15000
056982,華新科群益98購05,0,0,0,0,0,0,0,0,0,15000,0,0,0,15000,0,15000,15000
055876,美食元富9A購01  ,0,0,0,0,0,0,0,0,0,15000,0,0,0,15000,0,15000,15000
057374,禾伸堂元大99購03,0,0,0,0,0,0,0,0,0,15000,0,0,0,20000,5000,15000,15000
059079,SGBR2X元大99購01,0,0,0,0,0,0,0,0,0,15000,0,0,0,15000,0,15000,15000
06170P,禾伸堂元富97售02,0,0,0,0,0,0,0,0,0,15000,0,0,0,15000,0,15000,15000
058539,聯發科台新99購01,0,0,0,0,0,0,0,0,0,15000,0,0,0,15000,0,15000,15000
057171,台光電元大9B購01,0,0,0,0,0,0,0,0,0,15000,0,0,0,15000,0,15000,15000
059008,鈺齊元大99購03  ,0,0,0,0,0,0,0,0,0,15000,0,0,0,15000,0,15000,15000
055668,欣興群益97購01  ,0,0,0,0,0,0,0,0,0,15000,0,0,0,15000,0,15000,15000
06015P,大立光富邦98售04,0,0,0,0,0,0,0,0,0,15000,0,0,0,15000,0,15000,15000
057029,緯穎凱基98購04  ,0,0,0,0,0,0,0,0,0,15000,0,0,0,36000,21000,15000,15000
058402,欣興元大99購04  ,0,0,0,0,0,0,0,0,0,15000,0,0,0,15000,0,15000,15000
07046P,大立光富邦9C售03,0,0,0,0,0,0,0,0,0,15000,0,0,0,15000,0,15000,15000
07075P,FBVIX凱基9C售04 ,0,0,0,0,0,0,0,0,0,15000,0,0,0,40000,25000,15000,15000
06557P,台積電兆豐98售02,0,0,0,0,0,0,0,0,0,15000,0,0,0,15000,0,15000,15000
058188,華擎永豐99購01  ,0,0,0,0,0,0,0,0,0,15000,0,0,0,20000,5000,15000,15000
056360,智邦元大98購01  ,0,0,0,0,0,0,0,0,0,15000,0,0,0,25000,10000,15000,15000
057891,華新科統一9A購01,0,0,0,0,0,0,0,0,0,15000,0,0,0,15000,0,15000,15000
056141,聯茂元大97購05  ,0,0,0,0,0,0,0,0,0,15000,0,0,0,38000,23000,15000,15000
059349,台郡凱基99購04  ,0,0,0,0,0,0,0,0,0,15000,0,0,0,15000,0,15000,15000
059342,聯發科凱基9A購05,0,0,0,0,0,0,0,0,0,15000,0,0,0,15000,0,15000,15000
059447,臺股指元大99購28,0,0,0,0,0,0,0,0,0,15000,0,0,0,15000,0,15000,15000
058322,玉晶光永豐99購02,0,0,0,0,0,0,0,0,0,15000,0,0,0,15000,0,15000,15000
058342,鴻海群益9A購01  ,0,0,0,0,0,0,0,0,0,15000,0,0,0,21000,6000,15000,15000
058290,南電國票9A購01  ,0,0,0,0,0,0,0,0,0,15000,0,0,0,15000,0,15000,15000
058876,南電國票9A購02  ,0,0,0,0,0,0,0,0,0,15000,0,0,0,15000,0,15000,15000
058444,國巨富邦9B購01  ,0,0,0,0,0,0,0,0,0,15000,0,0,0,15000,0,15000,15000
058703,台積電元大99購16,0,0,0,0,0,0,0,0,0,15000,0,0,0,15000,0,15000,15000
055206,台虹中信97購01  ,0,0,0,0,0,0,0,0,0,15000,0,0,0,15000,0,15000,15000
054868,國泰金群益9A購01,0,0,0,0,0,0,0,0,0,15000,0,0,0,129000,114000,15000,15000
05204P,TPK元大95售03   ,0,0,0,0,0,0,0,0,0,15000,0,0,0,15000,0,15000,15000
052780,玉晶光國票96購04,0,0,0,0,0,0,0,0,0,15000,0,0,0,15000,0,15000,15000
052329,台積電亞東96購01,0,0,0,0,0,0,0,0,0,15000,0,0,0,30000,15000,15000,15000
052443,台積電元大95購23,0,0,0,0,0,0,0,0,0,15000,0,0,0,20000,5000,15000,15000
051899,欣興國泰97購01  ,0,0,0,0,0,0,0,0,0,15000,0,0,0,15000,0,15000,15000
051918,聯茂元大95購01  ,0,0,0,0,0,0,0,0,0,15000,0,0,0,114000,99000,15000,15000
05065P,燿華元大96售03  ,0,0,0,0,0,0,0,0,0,15000,0,0,0,15000,0,15000,15000
03751P,旺宏富邦95售01  ,0,0,0,0,0,0,0,0,0,15000,0,0,0,15000,0,15000,15000
04708P,國巨元大94售11  ,0,0,0,0,0,0,0,0,0,15000,0,0,0,15000,0,15000,15000
04682P,臺股指統一96售01,0,0,0,0,0,0,0,0,0,15000,0,0,0,15000,0,15000,15000
047211,華新科富邦99購01,0,0,0,0,0,0,0,0,0,15000,0,0,0,15000,0,15000,15000
04436P,聯發科中信96售02,0,0,0,0,0,0,0,0,0,15000,0,0,0,15000,0,15000,15000
05108P,欣興中信95售02  ,0,0,0,0,0,0,0,0,0,15000,0,0,0,25000,10000,15000,15000
048263,台積電元富95購01,0,0,0,0,0,0,0,0,0,15000,0,0,0,15000,0,15000,15000
048793,超眾元大95購02  ,0,0,0,0,0,0,0,0,0,15000,0,0,0,20000,5000,15000,15000
050451,嘉晶元大95購01  ,0,0,0,0,0,0,0,0,0,15000,0,0,0,32000,17000,15000,15000
050245,大立光凱基94購12,0,0,0,0,0,0,0,0,0,15000,0,0,0,15000,0,15000,15000
049044,和碩兆豐94購01  ,0,0,0,0,0,0,0,0,0,15000,0,0,0,25000,10000,15000,15000
049797,台積電元大94購17,0,0,0,0,0,0,0,0,0,15000,0,0,0,15000,0,15000,15000
055290,玉晶光元大98購08,0,0,0,0,0,0,0,0,0,15000,0,0,0,15000,0,15000,15000
053185,友達中信99購01  ,0,0,0,0,0,0,0,0,0,15000,0,0,0,15000,0,15000,15000
1734,杏輝            ,118000,103000,15000,0,0,0,0,0,0,0,0,0,0,0,0,0,15000
2471,資通            ,23000,10000,13000,0,0,0,0,0,0,2000,2000,0,2000,0,0,0,15000
6431,光麗-KY         ,15000,0,15000,0,0,0,0,0,0,0,0,0,0,0,0,0,15000
4566,時碩工業        ,34000,19000,15000,0,0,0,0,0,0,0,0,0,0,0,0,0,15000
06692P,瑞昱凱基98售03  ,0,0,0,0,0,0,0,0,0,14000,0,0,0,15000,1000,14000,14000
07138P,台灣50群益9B售04,0,0,0,0,0,0,0,0,0,14000,0,0,0,14000,0,14000,14000
08447P,緯穎永豐9C售02  ,0,0,0,0,0,0,0,0,0,14000,0,0,0,14000,0,14000,14000
057902,嘉晶永豐98購02  ,0,0,0,0,0,0,0,0,0,14000,0,0,0,14000,0,14000,14000
055637,亞德客元富97購01,0,0,0,0,0,0,0,0,0,14000,0,0,0,173000,159000,14000,14000
055579,健策統一9A購01  ,0,0,0,0,0,0,0,0,0,14000,0,0,0,14000,0,14000,14000
05555P,健策群益98售01  ,0,0,0,0,0,0,0,0,0,14000,0,0,0,14000,0,14000,14000
059009,世紀鋼元大99購04,0,0,0,0,0,0,0,0,0,14000,0,0,0,42000,28000,14000,14000
055217,緯創凱基97購02  ,0,0,0,0,0,0,0,0,0,14000,0,0,0,20000,6000,14000,14000
052938,華新科兆豐96購01,0,0,0,0,0,0,0,0,0,14000,0,0,0,14000,0,14000,14000
049298,矽格群益95購01  ,0,0,0,0,0,0,0,0,0,14000,0,0,0,14000,0,14000,14000
048831,玉晶光凱基95購01,0,0,0,0,0,0,0,0,0,14000,0,0,0,14000,0,14000,14000
00682U,元大美元指數    ,0,0,0,0,0,0,0,0,0,14000,0,0,0,15000,1000,14000,14000
050632,國巨群益94購07  ,0,0,0,0,0,0,0,0,0,14000,0,0,0,14000,0,14000,14000
050988,廣達富邦95購01  ,0,0,0,0,0,0,0,0,0,14000,0,0,0,14000,0,14000,14000
053353,玉晶光兆豐97購03,0,0,0,0,0,0,0,0,0,14000,0,0,0,14000,0,14000,14000
05263P,台積電元大96售09,0,0,0,0,0,0,0,0,0,14000,0,0,0,21000,7000,14000,14000
052733,台郡國泰97購01  ,0,0,0,0,0,0,0,0,0,14000,0,0,0,14000,0,14000,14000
054791,泰碩群益99購02  ,0,0,0,0,0,0,0,0,0,14000,0,0,0,14000,0,14000,14000
051727,S&P反1國票97購01,0,0,0,0,0,0,0,0,0,14000,0,0,0,14000,0,14000,14000
058684,健策凱基99購02  ,0,0,0,0,0,0,0,0,0,14000,0,0,0,14000,0,14000,14000
058323,泰鼎永豐9A購01  ,0,0,0,0,0,0,0,0,0,14000,0,0,0,14000,0,14000,14000
4916,事欣科          ,61000,48000,13000,0,0,0,0,0,0,1000,1000,0,1000,0,0,0,14000
6277,宏正            ,58000,42000,16000,0,0,0,0,0,0,-2000,1000,3000,-2000,0,0,0,14000
6605,帝寶            ,34000,20000,14000,0,0,0,0,0,0,0,0,0,0,0,0,0,14000
2425,承啟            ,80000,66000,14000,0,0,0,0,0,0,0,0,0,0,0,0,0,14000
01002T,土銀國泰R1      ,15800,2000,13800,0,0,0,0,0,0,0,0,0,0,0,0,0,13800
055653,聯詠元富01購02  ,0,0,0,0,0,0,0,0,0,13000,0,0,0,13000,0,13000,13000
057135,立積凱基98購01  ,0,0,0,0,0,0,0,0,0,13000,0,0,0,13000,0,13000,13000
059173,矽力凱基99購01  ,0,0,0,0,0,0,0,0,0,13000,0,0,0,13000,0,13000,13000
056855,祥碩中信98購02  ,0,0,0,0,0,0,0,0,0,13000,0,0,0,13000,0,13000,13000
06475P,牧德永豐98售03  ,0,0,0,0,0,0,0,0,0,13000,0,0,0,13000,0,13000,13000
059282,嘉聯益永豐99購01,0,0,0,0,0,0,0,0,0,13000,0,0,0,13000,0,13000,13000
05954P,旺宏國票97售03  ,0,0,0,0,0,0,0,0,0,13000,0,0,0,13000,0,13000,13000
056233,超眾凱基97購02  ,0,0,0,0,0,0,0,0,0,13000,0,0,0,15000,2000,13000,13000
00660,元大歐洲50      ,0,0,0,0,0,0,0,0,0,13000,0,0,0,32000,19000,13000,13000
04710P,台積電元大94售16,0,0,0,0,0,0,0,0,0,13000,0,0,0,13000,0,13000,13000
050647,聯發科凱基96購01,0,0,0,0,0,0,0,0,0,13000,0,0,0,13000,0,13000,13000
04779P,大立光凱基94售10,0,0,0,0,0,0,0,0,0,13000,0,0,0,13000,0,13000,13000
049463,華新科富邦97購01,0,0,0,0,0,0,0,0,0,13000,0,0,0,13000,0,13000,13000
047995,台達電元大96購01,0,0,0,0,0,0,0,0,0,13000,0,0,0,13000,0,13000,13000
050035,聯茂元大94購07  ,0,0,0,0,0,0,0,0,0,13000,0,0,0,13000,0,13000,13000
049212,T50反1國票94購04,0,0,0,0,0,0,0,0,0,13000,0,0,0,13000,0,13000,13000
051266,國巨富邦99購01  ,0,0,0,0,0,0,0,0,0,13000,0,0,0,13000,0,13000,13000
058924,晶相光元富99購02,0,0,0,0,0,0,0,0,0,13000,0,0,0,35000,22000,13000,13000
058704,台積電元大99購17,0,0,0,0,0,0,0,0,0,13000,0,0,0,13000,0,13000,13000
051756,台積電元大97購04,0,0,0,0,0,0,0,0,0,13000,0,0,0,113000,100000,13000,13000
05434P,世紀鋼元富95售02,0,0,0,0,0,0,0,0,0,13000,0,0,0,26000,13000,13000,13000
055049,智邦永豐97購01  ,0,0,0,0,0,0,0,0,0,13000,0,0,0,15000,2000,13000,13000
05458P,台積電凱基97售02,0,0,0,0,0,0,0,0,0,13000,0,0,0,123000,110000,13000,13000
052851,滬深2X元富96購02,0,0,0,0,0,0,0,0,0,13000,0,0,0,13000,0,13000,13000
053383,京元電元大97購01,0,0,0,0,0,0,0,0,0,13000,0,0,0,120000,107000,13000,13000
053460,緯穎國泰97購01  ,0,0,0,0,0,0,0,0,0,13000,0,0,0,13000,0,13000,13000
051914,健策元大96購06  ,0,0,0,0,0,0,0,0,0,13000,0,0,0,13000,0,13000,13000
053560,漢唐國泰98購01  ,0,0,0,0,0,0,0,0,0,13000,0,0,0,13000,0,13000,13000
2413,環科            ,27000,15000,12000,0,0,0,0,0,0,1000,1000,0,1000,0,0,0,13000
1737,臺鹽            ,71000,58000,13000,0,0,0,0,0,0,0,0,0,0,0,0,0,13000
1568,倉佑            ,15000,2000,13000,0,0,0,0,0,0,0,0,0,0,0,0,0,13000
056474,華新科元大99購05,0,0,0,0,0,0,0,0,0,12000,0,0,0,12000,0,12000,12000
057669,嘉晶元大99購03  ,0,0,0,0,0,0,0,0,0,12000,0,0,0,12000,0,12000,12000
056279,新日興富邦99購01,0,0,0,0,0,0,0,0,0,12000,0,0,0,12000,0,12000,12000
059451,國巨永豐99購05  ,0,0,0,0,0,0,0,0,0,12000,0,0,0,15000,3000,12000,12000
058058,大立光元富9B購02,0,0,0,0,0,0,0,0,0,12000,0,0,0,12000,0,12000,12000
059275,可成元大99購05  ,0,0,0,0,0,0,0,0,0,12000,0,0,0,15000,3000,12000,12000
058169,國巨凱基9A購05  ,0,0,0,0,0,0,0,0,0,12000,0,0,0,12000,0,12000,12000
07200P,臺股指元大99售16,0,0,0,0,0,0,0,0,0,12000,0,0,0,12000,0,12000,12000
056764,友達元大9A購03  ,0,0,0,0,0,0,0,0,0,12000,0,0,0,12000,0,12000,12000
057450,國泰金元富98購01,0,0,0,0,0,0,0,0,0,12000,0,0,0,12000,0,12000,12000
055877,奇鋐元富97購01  ,0,0,0,0,0,0,0,0,0,12000,0,0,0,12000,0,12000,12000
057518,世紀鋼元富98購01,0,0,0,0,0,0,0,0,0,12000,0,0,0,12000,0,12000,12000
057483,微星元大98購04  ,0,0,0,0,0,0,0,0,0,12000,0,0,0,27000,15000,12000,12000
055984,大立光元富97購02,0,0,0,0,0,0,0,0,0,12000,0,0,0,12000,0,12000,12000
057949,南電國票99購01  ,0,0,0,0,0,0,0,0,0,12000,0,0,0,12000,0,12000,12000
057041,國巨元大99購04  ,0,0,0,0,0,0,0,0,0,12000,0,0,0,12000,0,12000,12000
057047,華新科元大99購07,0,0,0,0,0,0,0,0,0,12000,0,0,0,12000,0,12000,12000
057078,國巨統一9A購02  ,0,0,0,0,0,0,0,0,0,12000,0,0,0,12000,0,12000,12000
057138,亞德客兆豐98購01,0,0,0,0,0,0,0,0,0,12000,0,0,0,12000,0,12000,12000
057183,玉晶光元大99購07,0,0,0,0,0,0,0,0,0,12000,0,0,0,12000,0,12000,12000
057197,立積台新98購01  ,0,0,0,0,0,0,0,0,0,12000,0,0,0,12000,0,12000,12000
057199,台達電元富02購01,0,0,0,0,0,0,0,0,0,12000,0,0,0,12000,0,12000,12000
05851P,力山群益97售01  ,0,0,0,0,0,0,0,0,0,12000,0,0,0,12000,0,12000,12000
052491,泰碩國票99購01  ,0,0,0,0,0,0,0,0,0,12000,0,0,0,12000,0,12000,12000
051974,華新科凱基96購05,0,0,0,0,0,0,0,0,0,12000,0,0,0,12000,0,12000,12000
05460P,台郡凱基95售05  ,0,0,0,0,0,0,0,0,0,12000,0,0,0,12000,0,12000,12000
055075,南電永豐97購01  ,0,0,0,0,0,0,0,0,0,12000,0,0,0,12000,0,12000,12000
051672,玉晶光元大96購03,0,0,0,0,0,0,0,0,0,12000,0,0,0,12000,0,12000,12000
053145,元黃金元大96購02,0,0,0,0,0,0,0,0,0,12000,0,0,0,302000,290000,12000,12000
053163,上証2X群益9A購02,0,0,0,0,0,0,0,0,0,12000,0,0,0,12000,0,12000,12000
053063,力山群益98購01  ,0,0,0,0,0,0,0,0,0,12000,0,0,0,12000,0,12000,12000
04968P,台積電富邦94售06,0,0,0,0,0,0,0,0,0,12000,0,0,0,111000,99000,12000,12000
04838P,宏達電元大95售02,0,0,0,0,0,0,0,0,0,12000,0,0,0,17000,5000,12000,12000
048848,滬深2X群益98購02,0,0,0,0,0,0,0,0,0,12000,0,0,0,12000,0,12000,12000
04884P,聯發科凱基94售20,0,0,0,0,0,0,0,0,0,12000,0,0,0,12000,0,12000,12000
048642,聯發科元大94購02,0,0,0,0,0,0,0,0,0,12000,0,0,0,12000,0,12000,12000
04753P,台積電統一94售11,0,0,0,0,0,0,0,0,0,12000,0,0,0,12000,0,12000,12000
050572,大立光中信97購01,0,0,0,0,0,0,0,0,0,12000,0,0,0,12000,0,12000,12000
04454P,大立光富邦98售02,0,0,0,0,0,0,0,0,0,12000,0,0,0,12000,0,12000,12000
046813,聯電凱基96購01  ,0,0,0,0,0,0,0,0,0,12000,0,0,0,62000,50000,12000,12000
0052,富邦科技        ,1000,3000,-2000,0,0,0,0,0,0,14000,0,0,0,137000,123000,14000,12000
00711B,FH彭博新興債    ,0,0,0,0,0,0,0,0,0,12000,0,0,0,126000,114000,12000,12000
1809,中釉            ,81000,69000,12000,0,0,0,0,0,0,0,0,0,0,0,0,0,12000
2509,全坤建          ,21000,9000,12000,0,0,0,0,0,0,0,0,0,0,0,0,0,12000
00700,富邦恒生國企    ,0,0,0,0,0,0,0,0,0,11048,0,0,0,111048,100000,11048,11048
058407,滬深2X兆豐9A購01,0,0,0,0,0,0,0,0,0,11000,0,0,0,11000,0,11000,11000
058004,大立光群益98購03,0,0,0,0,0,0,0,0,0,11000,0,0,0,11000,0,11000,11000
055971,矽力元大97購05  ,0,0,0,0,0,0,0,0,0,11000,0,0,0,11000,0,11000,11000
057406,茂林群益98購03  ,0,0,0,0,0,0,0,0,0,11000,0,0,0,11000,0,11000,11000
055744,茂林元富97購02  ,0,0,0,0,0,0,0,0,0,11000,0,0,0,11000,0,11000,11000
059124,台積電第一03購01,0,0,0,0,0,0,0,0,0,11000,0,0,0,11000,0,11000,11000
059038,健策群益9A購02  ,0,0,0,0,0,0,0,0,0,11000,0,0,0,11000,0,11000,11000
059040,訊芯群益99購03  ,0,0,0,0,0,0,0,0,0,11000,0,0,0,11000,0,11000,11000
056777,矽力元大98購02  ,0,0,0,0,0,0,0,0,0,11000,0,0,0,11000,0,11000,11000
056812,泰鼎統一98購01  ,0,0,0,0,0,0,0,0,0,11000,0,0,0,11000,0,11000,11000
056954,聯詠富邦9A購01  ,0,0,0,0,0,0,0,0,0,11000,0,0,0,11000,0,11000,11000
056587,聯發科統一9A購01,0,0,0,0,0,0,0,0,0,11000,0,0,0,11000,0,11000,11000
059211,鴻海元大99購27  ,0,0,0,0,0,0,0,0,0,11000,0,0,0,11000,0,11000,11000
059212,鴻海元大99購28  ,0,0,0,0,0,0,0,0,0,11000,0,0,0,14000,3000,11000,11000
059221,聯發科元大99購21,0,0,0,0,0,0,0,0,0,11000,0,0,0,11000,0,11000,11000
07193P,聯發科元大99售24,0,0,0,0,0,0,0,0,0,11000,0,0,0,18000,7000,11000,11000
06219P,國巨元富97售05  ,0,0,0,0,0,0,0,0,0,11000,0,0,0,11000,0,11000,11000
059407,台灣50國票9B購01,0,0,0,0,0,0,0,0,0,11000,0,0,0,11000,0,11000,11000
059460,GIS永豐99購02   ,0,0,0,0,0,0,0,0,0,11000,0,0,0,46000,35000,11000,11000
056272,嘉澤統一99購01  ,0,0,0,0,0,0,0,0,0,11000,0,0,0,11000,0,11000,11000
056338,聯發科凱基99購01,0,0,0,0,0,0,0,0,0,11000,0,0,0,11000,0,11000,11000
057861,台積電凱基98購16,0,0,0,0,0,0,0,0,0,11000,0,0,0,11000,0,11000,11000
057872,旺宏元大99購06  ,0,0,0,0,0,0,0,0,0,11000,0,0,0,11000,0,11000,11000
056412,上証2X中信9A購02,0,0,0,0,0,0,0,0,0,11000,0,0,0,11000,0,11000,11000
056204,嘉澤永豐97購01  ,0,0,0,0,0,0,0,0,0,11000,0,0,0,11000,0,11000,11000
050745,茂林永豐94購06  ,0,0,0,0,0,0,0,0,0,11000,0,0,0,11000,0,11000,11000
051000,台郡元大96購01  ,0,0,0,0,0,0,0,0,0,11000,0,0,0,11000,0,11000,11000
048350,世紀鋼元大95購01,0,0,0,0,0,0,0,0,0,11000,0,0,0,11000,0,11000,11000
04809P,台光電群益94售04,0,0,0,0,0,0,0,0,0,11000,0,0,0,11000,0,11000,11000
050124,元金2X凱基95購01,0,0,0,0,0,0,0,0,0,11000,0,0,0,11000,0,11000,11000
051225,台積電群益95購02,0,0,0,0,0,0,0,0,0,11000,0,0,0,11000,0,11000,11000
055342,鴻海凱基97購04  ,0,0,0,0,0,0,0,0,0,11000,0,0,0,11000,0,11000,11000
055355,大立光凱基97購05,0,0,0,0,0,0,0,0,0,11000,0,0,0,11000,0,11000,11000
049947,S&P反1中信97購01,0,0,0,0,0,0,0,0,0,11000,0,0,0,11000,0,11000,11000
049928,祥碩元大94購02  ,0,0,0,0,0,0,0,0,0,11000,0,0,0,11000,0,11000,11000
05167P,百和元富95售03  ,0,0,0,0,0,0,0,0,0,11000,0,0,0,15000,4000,11000,11000
054575,聯鈞元大97購01  ,0,0,0,0,0,0,0,0,0,11000,0,0,0,11000,0,11000,11000
054806,台化元大9A購01  ,0,0,0,0,0,0,0,0,0,11000,0,0,0,28000,17000,11000,11000
05485P,旺宏凱基95售08  ,0,0,0,0,0,0,0,0,0,11000,0,0,0,11000,0,11000,11000
053621,臺股指群益96購07,0,0,0,0,0,0,0,0,0,11000,0,0,0,26000,15000,11000,11000
052230,大立光凱基96購09,0,0,0,0,0,0,0,0,0,11000,0,0,0,11000,0,11000,11000
052646,淘帝永豐96購01  ,0,0,0,0,0,0,0,0,0,11000,0,0,0,100000,89000,11000,11000
053496,義隆兆豐96購02  ,0,0,0,0,0,0,0,0,0,11000,0,0,0,244000,233000,11000,11000
051829,玉晶光元大98購02,0,0,0,0,0,0,0,0,0,11000,0,0,0,11000,0,11000,11000
053269,同欣電群益96購01,0,0,0,0,0,0,0,0,0,11000,0,0,0,11000,0,11000,11000
4133,亞諾法          ,30000,19000,11000,0,0,0,0,0,0,0,0,0,0,0,0,0,11000
1441,大東            ,15000,4000,11000,0,0,0,0,0,0,0,0,0,0,0,0,0,11000
2030,彰源            ,48000,37000,11000,0,0,0,0,0,0,0,0,0,0,0,0,0,11000
8011,台通            ,75000,64000,11000,0,0,0,0,0,0,0,0,0,0,0,0,0,11000
5234,達興材料        ,48000,33000,15000,0,0,0,0,0,0,-4000,0,1000,-1000,0,3000,-3000,11000
5288,豐祥-KY         ,23000,12000,11000,0,0,0,0,0,0,0,0,0,0,0,0,0,11000
056206,泰鼎永豐97購01  ,0,0,0,0,0,0,0,0,0,10000,0,0,0,10000,0,10000,10000
056211,南港國票98購01  ,0,0,0,0,0,0,0,0,0,10000,0,0,0,10000,0,10000,10000
056415,聯發科中信98購04,0,0,0,0,0,0,0,0,0,10000,0,0,0,10000,0,10000,10000
056385,創意國泰99購01  ,0,0,0,0,0,0,0,0,0,10000,0,0,0,10000,0,10000,10000
059107,南茂國泰9A購01  ,0,0,0,0,0,0,0,0,0,10000,0,0,0,20000,10000,10000,10000
057675,同欣電元大98購02,0,0,0,0,0,0,0,0,0,10000,0,0,0,10000,0,10000,10000
057683,技嘉日盛98購01  ,0,0,0,0,0,0,0,0,0,10000,0,0,0,10000,0,10000,10000
056459,茂林凱基99購01  ,0,0,0,0,0,0,0,0,0,10000,0,0,0,10000,0,10000,10000
057833,聯發科元富02購06,0,0,0,0,0,0,0,0,0,10000,0,0,0,10000,0,10000,10000
059241,旺宏凱基99購07  ,0,0,0,0,0,0,0,0,0,10000,0,0,0,10000,0,10000,10000
056330,玉晶光國票99購03,0,0,0,0,0,0,0,0,0,10000,0,0,0,10000,0,10000,10000
056356,台積電元大99購01,0,0,0,0,0,0,0,0,0,10000,0,0,0,10000,0,10000,10000
056246,祥碩群益97購01  ,0,0,0,0,0,0,0,0,0,10000,0,0,0,10000,0,10000,10000
056285,可成永豐97購02  ,0,0,0,0,0,0,0,0,0,10000,0,0,0,10000,0,10000,10000
058627,聯發科國票99購04,0,0,0,0,0,0,0,0,0,10000,0,0,0,10000,0,10000,10000
057776,京元電群益98購02,0,0,0,0,0,0,0,0,0,10000,0,0,0,10000,0,10000,10000
059461,鈺齊永豐99購03  ,0,0,0,0,0,0,0,0,0,10000,0,0,0,10000,0,10000,10000
059464,台灣50元大9C購08,0,0,0,0,0,0,0,0,0,10000,0,0,0,10000,0,10000,10000
059511,宏達電永豐99購02,0,0,0,0,0,0,0,0,0,10000,0,0,0,10000,0,10000,10000
059502,台灣50台新9B購04,0,0,0,0,0,0,0,0,0,10000,0,0,0,10000,0,10000,10000
058072,大立光凱基98購20,0,0,0,0,0,0,0,0,0,10000,0,0,0,10000,0,10000,10000
058063,旺宏中信98購04  ,0,0,0,0,0,0,0,0,0,10000,0,0,0,10000,0,10000,10000
058123,亞光國票9A購01  ,0,0,0,0,0,0,0,0,0,10000,0,0,0,10000,0,10000,10000
058124,玉晶光國票9A購01,0,0,0,0,0,0,0,0,0,10000,0,0,0,10000,0,10000,10000
059404,鴻海台新99購03  ,0,0,0,0,0,0,0,0,0,10000,0,0,0,16000,6000,10000,10000
059427,國巨元大99購24  ,0,0,0,0,0,0,0,0,0,10000,0,0,0,20000,10000,10000,10000
059428,國巨元大99購25  ,0,0,0,0,0,0,0,0,0,10000,0,0,0,38000,28000,10000,10000
059446,臺股指元大99購27,0,0,0,0,0,0,0,0,0,10000,0,0,0,10000,0,10000,10000
059388,國巨凱基99購13  ,0,0,0,0,0,0,0,0,0,10000,0,0,0,10000,0,10000,10000
059394,臺股指凱基99購40,0,0,0,0,0,0,0,0,0,10000,0,0,0,10000,0,10000,10000
059302,大立光群益99購08,0,0,0,0,0,0,0,0,0,10000,0,0,0,16000,6000,10000,10000
059350,樺漢凱基9A購01  ,0,0,0,0,0,0,0,0,0,10000,0,0,0,10000,0,10000,10000
06235P,國巨元大97售12  ,0,0,0,0,0,0,0,0,0,10000,0,0,0,10000,0,10000,10000
058196,台塑中信99購01  ,0,0,0,0,0,0,0,0,0,10000,0,0,0,10000,0,10000,10000
058223,世芯統一9B購01  ,0,0,0,0,0,0,0,0,0,10000,0,0,0,35000,25000,10000,10000
058158,台積電台新99購01,0,0,0,0,0,0,0,0,0,10000,0,0,0,20000,10000,10000,10000
06502P,A50中信98售01   ,0,0,0,0,0,0,0,0,0,10000,0,0,0,10000,0,10000,10000
06427P,鴻海元大97售13  ,0,0,0,0,0,0,0,0,0,10000,0,0,0,10000,0,10000,10000
06300P,緯穎元大97售04  ,0,0,0,0,0,0,0,0,0,10000,0,0,0,10000,0,10000,10000
06327P,台積電中信01售01,0,0,0,0,0,0,0,0,0,10000,0,0,0,10000,0,10000,10000
06387P,緯穎永豐97售02  ,0,0,0,0,0,0,0,0,0,10000,0,0,0,10000,0,10000,10000
06638P,鴻海統一99售02  ,0,0,0,0,0,0,0,0,0,10000,0,0,0,20000,10000,10000,10000
06550P,健策元大99售01  ,0,0,0,0,0,0,0,0,0,10000,0,0,0,11000,1000,10000,10000
06823P,台灣50永豐98售02,0,0,0,0,0,0,0,0,0,10000,0,0,0,10000,0,10000,10000
06761P,台積電元大99售05,0,0,0,0,0,0,0,0,0,10000,0,0,0,10000,0,10000,10000
07099P,台積電元大99售19,0,0,0,0,0,0,0,0,0,10000,0,0,0,10000,0,10000,10000
06942P,台灣50台新02售01,0,0,0,0,0,0,0,0,0,10000,0,0,0,10000,0,10000,10000
06990P,康友元富99售03  ,0,0,0,0,0,0,0,0,0,10000,0,0,0,10000,0,10000,10000
07266P,大立光元大99售19,0,0,0,0,0,0,0,0,0,10000,0,0,0,20000,10000,10000,10000
05917P,宏達電元大96售02,0,0,0,0,0,0,0,0,0,10000,0,0,0,10000,0,10000,10000
05658P,日月光元富96售02,0,0,0,0,0,0,0,0,0,10000,0,0,0,10000,0,10000,10000
056632,鴻海永昌98購01  ,0,0,0,0,0,0,0,0,0,10000,0,0,0,11000,1000,10000,10000
056499,鴻海富邦98購02  ,0,0,0,0,0,0,0,0,0,10000,0,0,0,10000,0,10000,10000
056492,全新國泰9A購01  ,0,0,0,0,0,0,0,0,0,10000,0,0,0,10000,0,10000,10000
057651,矽力元大98購03  ,0,0,0,0,0,0,0,0,0,10000,0,0,0,10000,0,10000,10000
057647,欣興元大98購10  ,0,0,0,0,0,0,0,0,0,10000,0,0,0,10000,0,10000,10000
056851,瑞儀元富98購01  ,0,0,0,0,0,0,0,0,0,10000,0,0,0,10000,0,10000,10000
056897,南亞科元大98購02,0,0,0,0,0,0,0,0,0,10000,0,0,0,10000,0,10000,10000
056786,亞光群益98購03  ,0,0,0,0,0,0,0,0,0,10000,0,0,0,10000,0,10000,10000
056638,臺股指日盛98購01,0,0,0,0,0,0,0,0,0,10000,0,0,0,10000,0,10000,10000
056656,華邦電元大98購02,0,0,0,0,0,0,0,0,0,10000,0,0,0,10000,0,10000,10000
059024,大立光統一9B購04,0,0,0,0,0,0,0,0,0,10000,0,0,0,10000,0,10000,10000
059074,元油2X元大9C購15,0,0,0,0,0,0,0,0,0,10000,0,0,0,10000,0,10000,10000
059123,訊芯永豐99購03  ,0,0,0,0,0,0,0,0,0,10000,0,0,0,10000,0,10000,10000
055750,瑞昱永昌9C購01  ,0,0,0,0,0,0,0,0,0,10000,0,0,0,10000,0,10000,10000
05583P,訊芯凱基96售01  ,0,0,0,0,0,0,0,0,0,10000,0,0,0,10000,0,10000,10000
055858,聯茂元大97購03  ,0,0,0,0,0,0,0,0,0,10000,0,0,0,10000,0,10000,10000
055736,宏達電元富99購01,0,0,0,0,0,0,0,0,0,10000,0,0,0,10000,0,10000,10000
055741,健策元富97購01  ,0,0,0,0,0,0,0,0,0,10000,0,0,0,10000,0,10000,10000
057388,奇鋐永豐98購02  ,0,0,0,0,0,0,0,0,0,10000,0,0,0,10000,0,10000,10000
057497,祥碩元大98購06  ,0,0,0,0,0,0,0,0,0,10000,0,0,0,10000,0,10000,10000
059097,世紀鋼元大99購05,0,0,0,0,0,0,0,0,0,10000,0,0,0,10000,0,10000,10000
059089,聯發科元大99購19,0,0,0,0,0,0,0,0,0,10000,0,0,0,10000,0,10000,10000
055892,國巨統一99購01  ,0,0,0,0,0,0,0,0,0,10000,0,0,0,10000,0,10000,10000
055964,正文元大97購02  ,0,0,0,0,0,0,0,0,0,10000,0,0,0,10000,0,10000,10000
056036,鴻海凱基97購07  ,0,0,0,0,0,0,0,0,0,10000,0,0,0,16000,6000,10000,10000
055910,瑞昱凱基98購01  ,0,0,0,0,0,0,0,0,0,10000,0,0,0,10000,0,10000,10000
056059,美律元大98購02  ,0,0,0,0,0,0,0,0,0,10000,0,0,0,10000,0,10000,10000
057560,華新科兆豐99購01,0,0,0,0,0,0,0,0,0,10000,0,0,0,10000,0,10000,10000
05973P,聯詠元大96售06  ,0,0,0,0,0,0,0,0,0,10000,0,0,0,10000,0,10000,10000
057965,臺股指元大98購14,0,0,0,0,0,0,0,0,0,10000,0,0,0,10000,0,10000,10000
057995,華新科中信98購02,0,0,0,0,0,0,0,0,0,10000,0,0,0,10000,0,10000,10000
055403,泰鼎元富97購01  ,0,0,0,0,0,0,0,0,0,10000,0,0,0,10000,0,10000,10000
055431,和鑫群益98購01  ,0,0,0,0,0,0,0,0,0,10000,0,0,0,10000,0,10000,10000
055498,大立光元大97購07,0,0,0,0,0,0,0,0,0,10000,0,0,0,10000,0,10000,10000
058400,聯發科元大99購09,0,0,0,0,0,0,0,0,0,10000,0,0,0,10000,0,10000,10000
056994,緯穎兆豐98購02  ,0,0,0,0,0,0,0,0,0,10000,0,0,0,10000,0,10000,10000
057026,長榮航凱基98購01,0,0,0,0,0,0,0,0,0,10000,0,0,0,10000,0,10000,10000
057099,元油2X中信9B購03,0,0,0,0,0,0,0,0,0,10000,0,0,0,10000,0,10000,10000
057066,緯穎富邦99購01  ,0,0,0,0,0,0,0,0,0,10000,0,0,0,10000,0,10000,10000
057055,立積元大99購01  ,0,0,0,0,0,0,0,0,0,10000,0,0,0,10000,0,10000,10000
057057,立積元大9A購01  ,0,0,0,0,0,0,0,0,0,10000,0,0,0,10000,0,10000,10000
06184P,大立光元大97售06,0,0,0,0,0,0,0,0,0,10000,0,0,0,10000,0,10000,10000
058541,T50反1富邦01購01,0,0,0,0,0,0,0,0,0,10000,0,0,0,10000,0,10000,10000
06155P,智邦統一97售02  ,0,0,0,0,0,0,0,0,0,10000,0,0,0,10000,0,10000,10000
06135P,志超元富97售01  ,0,0,0,0,0,0,0,0,0,10000,0,0,0,10000,0,10000,10000
06125P,楠梓電元富99售01,0,0,0,0,0,0,0,0,0,10000,0,0,0,10000,0,10000,10000
057192,力成元大98購01  ,0,0,0,0,0,0,0,0,0,10000,0,0,0,10000,0,10000,10000
057175,美律元大98購03  ,0,0,0,0,0,0,0,0,0,10000,0,0,0,10000,0,10000,10000
055524,鴻海群益98購01  ,0,0,0,0,0,0,0,0,0,10000,0,0,0,10000,0,10000,10000
057242,台郡凱基98購05  ,0,0,0,0,0,0,0,0,0,10000,0,0,0,10000,0,10000,10000
055657,超眾元富97購02  ,0,0,0,0,0,0,0,0,0,10000,0,0,0,10000,0,10000,10000
055652,聯詠元富01購01  ,0,0,0,0,0,0,0,0,0,10000,0,0,0,10000,0,10000,10000
055671,世紀鋼群益97購01,0,0,0,0,0,0,0,0,0,10000,0,0,0,10000,0,10000,10000
055558,大立光凱基97購08,0,0,0,0,0,0,0,0,0,10000,0,0,0,10000,0,10000,10000
058599,T50反1元大99購05,0,0,0,0,0,0,0,0,0,10000,0,0,0,10000,0,10000,10000
057370,可成元大98購07  ,0,0,0,0,0,0,0,0,0,10000,0,0,0,10000,0,10000,10000
057279,國揚元大98購01  ,0,0,0,0,0,0,0,0,0,10000,0,0,0,10000,0,10000,10000
053300,大成鋼凱基96購02,0,0,0,0,0,0,0,0,0,10000,0,0,0,10000,0,10000,10000
053373,台泥元大96購01  ,0,0,0,0,0,0,0,0,0,10000,0,0,0,10000,0,10000,10000
053406,國巨兆豐96購02  ,0,0,0,0,0,0,0,0,0,10000,0,0,0,10000,0,10000,10000
053596,嘉澤元大96購01  ,0,0,0,0,0,0,0,0,0,10000,0,0,0,10000,0,10000,10000
05348P,美律元富98售01  ,0,0,0,0,0,0,0,0,0,10000,0,0,0,10000,0,10000,10000
053547,台積電凱基96購14,0,0,0,0,0,0,0,0,0,10000,0,0,0,10000,0,10000,10000
052713,智邦凱基96購01  ,0,0,0,0,0,0,0,0,0,10000,0,0,0,10000,0,10000,10000
052741,聯發科元大96購08,0,0,0,0,0,0,0,0,0,10000,0,0,0,10000,0,10000,10000
052588,玉晶光永豐98購01,0,0,0,0,0,0,0,0,0,10000,0,0,0,10000,0,10000,10000
05203P,華新科元大95售10,0,0,0,0,0,0,0,0,0,10000,0,0,0,10000,0,10000,10000
052312,美律富邦96購02  ,0,0,0,0,0,0,0,0,0,10000,0,0,0,10000,0,10000,10000
052216,康友元大96購01  ,0,0,0,0,0,0,0,0,0,10000,0,0,0,10000,0,10000,10000
05226P,智邦統一95售01  ,0,0,0,0,0,0,0,0,0,10000,0,0,0,10000,0,10000,10000
053773,上銀元大96購04  ,0,0,0,0,0,0,0,0,0,10000,0,0,0,10000,0,10000,10000
053761,健策國泰98購01  ,0,0,0,0,0,0,0,0,0,10000,0,0,0,10000,0,10000,10000
053721,國泰金凱基97購01,0,0,0,0,0,0,0,0,0,10000,0,0,0,10000,0,10000,10000
053724,聯詠凱基96購04  ,0,0,0,0,0,0,0,0,0,10000,0,0,0,10000,0,10000,10000
05278P,台郡元富95售02  ,0,0,0,0,0,0,0,0,0,10000,0,0,0,10000,0,10000,10000
052113,漢唐中信98購01  ,0,0,0,0,0,0,0,0,0,10000,0,0,0,10000,0,10000,10000
052191,超眾群益96購01  ,0,0,0,0,0,0,0,0,0,10000,0,0,0,10000,0,10000,10000
054872,瀚宇博群益98購01,0,0,0,0,0,0,0,0,0,10000,0,0,0,10000,0,10000,10000
054881,光罩統一97購01  ,0,0,0,0,0,0,0,0,0,10000,0,0,0,10000,0,10000,10000
054780,中石化群益99購01,0,0,0,0,0,0,0,0,0,10000,0,0,0,10000,0,10000,10000
054823,祥碩元大97購02  ,0,0,0,0,0,0,0,0,0,10000,0,0,0,77000,67000,10000,10000
054559,台光電群益99購01,0,0,0,0,0,0,0,0,0,10000,0,0,0,10000,0,10000,10000
054647,禾伸堂群益99購01,0,0,0,0,0,0,0,0,0,10000,0,0,0,10000,0,10000,10000
054744,晶相光凱基99購01,0,0,0,0,0,0,0,0,0,10000,0,0,0,10000,0,10000,10000
051582,聯發科元大97購02,0,0,0,0,0,0,0,0,0,10000,0,0,0,10000,0,10000,10000
051695,元金2X中信98購01,0,0,0,0,0,0,0,0,0,10000,0,0,0,10000,0,10000,10000
051776,上証2X群益99購01,0,0,0,0,0,0,0,0,0,10000,0,0,0,10000,0,10000,10000
053834,卜蜂永豐96購01  ,0,0,0,0,0,0,0,0,0,10000,0,0,0,10000,0,10000,10000
053880,智邦中信96購01  ,0,0,0,0,0,0,0,0,0,10000,0,0,0,10000,0,10000,10000
053905,華新科凱基96購10,0,0,0,0,0,0,0,0,0,10000,0,0,0,60000,50000,10000,10000
054079,鴻海中信98購02  ,0,0,0,0,0,0,0,0,0,10000,0,0,0,10000,0,10000,10000
055124,建準兆豐97購01  ,0,0,0,0,0,0,0,0,0,10000,0,0,0,10000,0,10000,10000
05431P,台光電統一97售01,0,0,0,0,0,0,0,0,0,10000,0,0,0,10000,0,10000,10000
055138,大毅永豐97購02  ,0,0,0,0,0,0,0,0,0,10000,0,0,0,30000,20000,10000,10000
051503,玉晶光統一97購01,0,0,0,0,0,0,0,0,0,10000,0,0,0,10000,0,10000,10000
051437,百和元富95購02  ,0,0,0,0,0,0,0,0,0,10000,0,0,0,10000,0,10000,10000
051448,聯詠元大95購02  ,0,0,0,0,0,0,0,0,0,10000,0,0,0,10000,0,10000,10000
054390,智邦元富96購03  ,0,0,0,0,0,0,0,0,0,10000,0,0,0,10000,0,10000,10000
054404,新日興康和96購01,0,0,0,0,0,0,0,0,0,10000,0,0,0,10000,0,10000,10000
058745,元金2X凱基9C購02,0,0,0,0,0,0,0,0,0,10000,0,0,0,10000,0,10000,10000
058742,鴻海康和99購01  ,0,0,0,0,0,0,0,0,0,10000,0,0,0,30000,20000,10000,10000
058498,世紀鋼群益99購01,0,0,0,0,0,0,0,0,0,10000,0,0,0,10000,0,10000,10000
058511,華新科元大9B購01,0,0,0,0,0,0,0,0,0,10000,0,0,0,10000,0,10000,10000
058636,亞光兆豐9A購01  ,0,0,0,0,0,0,0,0,0,10000,0,0,0,10000,0,10000,10000
058449,台積電永豐99購01,0,0,0,0,0,0,0,0,0,10000,0,0,0,10000,0,10000,10000
058478,聯發科凱基9A購01,0,0,0,0,0,0,0,0,0,10000,0,0,0,10000,0,10000,10000
058923,華新科元富99購06,0,0,0,0,0,0,0,0,0,10000,0,0,0,10000,0,10000,10000
058940,聯發科中信9A購03,0,0,0,0,0,0,0,0,0,10000,0,0,0,10000,0,10000,10000
058948,道瓊銀群益9C購01,0,0,0,0,0,0,0,0,0,10000,0,0,0,10000,0,10000,10000
058241,景碩元大99購05  ,0,0,0,0,0,0,0,0,0,10000,0,0,0,10000,0,10000,10000
058320,華新科永豐99購02,0,0,0,0,0,0,0,0,0,10000,0,0,0,10000,0,10000,10000
058343,台積電群益99購02,0,0,0,0,0,0,0,0,0,10000,0,0,0,10000,0,10000,10000
058306,聯發科元大99購07,0,0,0,0,0,0,0,0,0,10000,0,0,0,10000,0,10000,10000
058856,新光金兆豐99購01,0,0,0,0,0,0,0,0,0,10000,0,0,0,10000,0,10000,10000
058887,元石油元大9C購04,0,0,0,0,0,0,0,0,0,10000,0,0,0,10000,0,10000,10000
058823,聯發科富邦9C購01,0,0,0,0,0,0,0,0,0,10000,0,0,0,10000,0,10000,10000
058771,神達兆豐99購01  ,0,0,0,0,0,0,0,0,0,10000,0,0,0,10000,0,10000,10000
049922,禾伸堂元大95購01,0,0,0,0,0,0,0,0,0,10000,0,0,0,10000,0,10000,10000
04995P,台達電凱基96售03,0,0,0,0,0,0,0,0,0,10000,0,0,0,10000,0,10000,10000
052947,晶技國票97購01  ,0,0,0,0,0,0,0,0,0,10000,0,0,0,10000,0,10000,10000
052908,大成鋼統一96購01,0,0,0,0,0,0,0,0,0,10000,0,0,0,10000,0,10000,10000
052903,致茂國票97購01  ,0,0,0,0,0,0,0,0,0,10000,0,0,0,10000,0,10000,10000
053051,楠梓電國票97購01,0,0,0,0,0,0,0,0,0,10000,0,0,0,10000,0,10000,10000
053033,智易兆豐97購01  ,0,0,0,0,0,0,0,0,0,10000,0,0,0,10000,0,10000,10000
04922P,日月光凱基94售02,0,0,0,0,0,0,0,0,0,10000,0,0,0,10000,0,10000,10000
049705,緯穎元大94購05  ,0,0,0,0,0,0,0,0,0,10000,0,0,0,20000,10000,10000,10000
04898P,瑞儀中信95售01  ,0,0,0,0,0,0,0,0,0,10000,0,0,0,10000,0,10000,10000
049140,台積電元大94購07,0,0,0,0,0,0,0,0,0,10000,0,0,0,10000,0,10000,10000
049174,台積電凱基94購11,0,0,0,0,0,0,0,0,0,10000,0,0,0,10000,0,10000,10000
04915P,鴻海永昌96售02  ,0,0,0,0,0,0,0,0,0,10000,0,0,0,10000,0,10000,10000
049804,華固元大94購01  ,0,0,0,0,0,0,0,0,0,10000,0,0,0,10000,0,10000,10000
049723,緯穎凱基94購04  ,0,0,0,0,0,0,0,0,0,10000,0,0,0,10000,0,10000,10000
04989P,國巨元大94售15  ,0,0,0,0,0,0,0,0,0,10000,0,0,0,10000,0,10000,10000
055365,華通元大97購03  ,0,0,0,0,0,0,0,0,0,10000,0,0,0,10000,0,10000,10000
055297,啟碁元大97購01  ,0,0,0,0,0,0,0,0,0,10000,0,0,0,10000,0,10000,10000
055288,日電貿元大97購02,0,0,0,0,0,0,0,0,0,10000,0,0,0,10000,0,10000,10000
055294,智易元大98購01  ,0,0,0,0,0,0,0,0,0,10000,0,0,0,10000,0,10000,10000
051193,新日興兆豐96購01,0,0,0,0,0,0,0,0,0,10000,0,0,0,10000,0,10000,10000
05112P,燿華統一95售01  ,0,0,0,0,0,0,0,0,0,10000,0,0,0,10000,0,10000,10000
051155,聯發科國泰96購01,0,0,0,0,0,0,0,0,0,10000,0,0,0,10000,0,10000,10000
051317,亞德客國票96購01,0,0,0,0,0,0,0,0,0,10000,0,0,0,10000,0,10000,10000
051254,健策元大96購04  ,0,0,0,0,0,0,0,0,0,10000,0,0,0,10000,0,10000,10000
051242,台積電元大96購06,0,0,0,0,0,0,0,0,0,10000,0,0,0,530000,520000,10000,10000
053062,緯穎富邦97購01  ,0,0,0,0,0,0,0,0,0,10000,0,0,0,10000,0,10000,10000
05308P,台積電中信95售08,0,0,0,0,0,0,0,0,0,10000,0,0,0,10000,0,10000,10000
053155,晶技元大97購02  ,0,0,0,0,0,0,0,0,0,10000,0,0,0,10000,0,10000,10000
053209,台積電凱基96購07,0,0,0,0,0,0,0,0,0,10000,0,0,0,10000,0,10000,10000
050028,華新科元大94購03,0,0,0,0,0,0,0,0,0,10000,0,0,0,10000,0,10000,10000
050177,聯發科元大94購11,0,0,0,0,0,0,0,0,0,10000,0,0,0,10000,0,10000,10000
049667,大立光國泰96購01,0,0,0,0,0,0,0,0,0,10000,0,0,0,10000,0,10000,10000
049593,群創元大9A購01  ,0,0,0,0,0,0,0,0,0,10000,0,0,0,10000,0,10000,10000
050458,台郡元大94購03  ,0,0,0,0,0,0,0,0,0,10000,0,0,0,10000,0,10000,10000
050480,健策國票95購04  ,0,0,0,0,0,0,0,0,0,10000,0,0,0,10000,0,10000,10000
048070,聯發科元富99購03,0,0,0,0,0,0,0,0,0,10000,0,0,0,10000,0,10000,10000
048177,臺指反富邦99購01,0,0,0,0,0,0,0,0,0,10000,0,0,0,10000,0,10000,10000
048001,中工元大96購01  ,0,0,0,0,0,0,0,0,0,10000,0,0,0,10000,0,10000,10000
051072,強茂國票95購02  ,0,0,0,0,0,0,0,0,0,10000,0,0,0,10000,0,10000,10000
048248,聯發科兆豐95購01,0,0,0,0,0,0,0,0,0,10000,0,0,0,10000,0,10000,10000
04821P,臺股指永豐94售01,0,0,0,0,0,0,0,0,0,10000,0,0,0,10000,0,10000,10000
048648,祥碩元大93購03  ,0,0,0,0,0,0,0,0,0,10000,0,0,0,10000,0,10000,10000
048541,緯穎台新93購01  ,0,0,0,0,0,0,0,0,0,10000,0,0,0,10000,0,10000,10000
048872,玉晶光國票94購02,0,0,0,0,0,0,0,0,0,10000,0,0,0,10000,0,10000,10000
049260,華新科元大96購01,0,0,0,0,0,0,0,0,0,10000,0,0,0,10000,0,10000,10000
049498,茂林元大95購01  ,0,0,0,0,0,0,0,0,0,10000,0,0,0,10000,0,10000,10000
05090P,國巨元大95售05  ,0,0,0,0,0,0,0,0,0,10000,0,0,0,10000,0,10000,10000
050788,台郡國泰96購01  ,0,0,0,0,0,0,0,0,0,10000,0,0,0,10000,0,10000,10000
050681,南亞科元富94購01,0,0,0,0,0,0,0,0,0,10000,0,0,0,10000,0,10000,10000
050722,聯電國票96購01  ,0,0,0,0,0,0,0,0,0,10000,0,0,0,10000,0,10000,10000
050690,台達電凱基96購01,0,0,0,0,0,0,0,0,0,10000,0,0,0,10000,0,10000,10000
05100P,智邦凱基95售02  ,0,0,0,0,0,0,0,0,0,10000,0,0,0,10000,0,10000,10000
04783P,貿聯元富94售01  ,0,0,0,0,0,0,0,0,0,10000,0,0,0,10000,0,10000,10000
05107P,鴻海兆豐96售02  ,0,0,0,0,0,0,0,0,0,10000,0,0,0,10000,0,10000,10000
044645,元金2X群益93購01,0,0,0,0,0,0,0,0,0,10000,0,0,0,10000,0,10000,10000
03425B,臺股指元大9A熊01,0,0,0,0,0,0,0,0,0,10000,0,0,0,10000,0,10000,10000
03831P,臺股指中信95售02,0,0,0,0,0,0,0,0,0,10000,0,0,0,10000,0,10000,10000
04032P,聯茂凱基94售02  ,0,0,0,0,0,0,0,0,0,10000,0,0,0,10000,0,10000,10000
03951P,新光金凱基95售01,0,0,0,0,0,0,0,0,0,10000,0,0,0,10000,0,10000,10000
006203,元大MSCI台灣    ,0,1000,-1000,0,0,0,0,0,0,11000,0,0,0,11000,0,11000,10000
046944,奇力新元大96購01,0,0,0,0,0,0,0,0,0,10000,0,0,0,10000,0,10000,10000
046740,大立光群益95購01,0,0,0,0,0,0,0,0,0,10000,0,0,0,10000,0,10000,10000
04605P,台積電兆豐94售03,0,0,0,0,0,0,0,0,0,10000,0,0,0,10000,0,10000,10000
045468,健策元大94購01  ,0,0,0,0,0,0,0,0,0,10000,0,0,0,10000,0,10000,10000
04519P,國泰金群益94售01,0,0,0,0,0,0,0,0,0,10000,0,0,0,10000,0,10000,10000
04437P,滬深2X群益98售03,0,0,0,0,0,0,0,0,0,10000,0,0,0,10000,0,10000,10000
04365P,台積電元富95售02,0,0,0,0,0,0,0,0,0,10000,0,0,0,10000,0,10000,10000
03399P,欣興中信02售03  ,0,0,0,0,0,0,0,0,0,10000,0,0,0,10000,0,10000,10000
04378P,大立光元大94售05,0,0,0,0,0,0,0,0,0,10000,0,0,0,10000,0,10000,10000
03181P,台灣50元大01售40,0,0,0,0,0,0,0,0,0,10000,0,0,0,10000,0,10000,10000
5515,建國            ,27000,17000,10000,0,0,0,0,0,0,0,0,0,0,0,0,0,10000
8033,雷虎            ,12000,2000,10000,0,0,0,0,0,0,0,0,0,0,0,0,0,10000
6715,嘉基            ,21000,8000,13000,0,0,0,0,0,0,-3000,0,3000,-3000,0,0,0,10000
2022,聚亨            ,22000,12000,10000,0,0,0,0,0,0,0,0,0,0,0,0,0,10000
3694,海華            ,21000,12000,9000,0,0,0,0,0,0,1000,1000,0,1000,0,0,0,10000
3024,憶聲            ,12000,2000,10000,0,0,0,0,0,0,0,0,0,0,0,0,0,10000
058357,智邦凱基99購02  ,0,0,0,0,0,0,0,0,0,9000,0,0,0,19000,10000,9000,9000
058970,鴻海永豐99購02  ,0,0,0,0,0,0,0,0,0,9000,0,0,0,14000,5000,9000,9000
06054P,臺股指中信9A售01,0,0,0,0,0,0,0,0,0,9000,0,0,0,9000,0,9000,9000
055932,玉山金群益99購01,0,0,0,0,0,0,0,0,0,9000,0,0,0,9000,0,9000,9000
057392,福懋科永豐98購01,0,0,0,0,0,0,0,0,0,9000,0,0,0,9000,0,9000,9000
057398,台郡中信99購01  ,0,0,0,0,0,0,0,0,0,9000,0,0,0,9000,0,9000,9000
059139,全新兆豐9A購01  ,0,0,0,0,0,0,0,0,0,9000,0,0,0,10000,1000,9000,9000
06936P,瑞儀元大98售01  ,0,0,0,0,0,0,0,0,0,9000,0,0,0,9000,0,9000,9000
07230P,滬深2X群益01售02,0,0,0,0,0,0,0,0,0,9000,0,0,0,10000,1000,9000,9000
06737P,台郡凱基98售07  ,0,0,0,0,0,0,0,0,0,9000,0,0,0,9000,0,9000,9000
06764P,聯發科元大98售11,0,0,0,0,0,0,0,0,0,9000,0,0,0,9000,0,9000,9000
06623P,立積元大98售04  ,0,0,0,0,0,0,0,0,0,9000,0,0,0,9000,0,9000,9000
06329P,大立光兆豐97售04,0,0,0,0,0,0,0,0,0,9000,0,0,0,9000,0,9000,9000
06247P,同欣電元富97售02,0,0,0,0,0,0,0,0,0,9000,0,0,0,29000,20000,9000,9000
058121,國巨國票9A購01  ,0,0,0,0,0,0,0,0,0,9000,0,0,0,9000,0,9000,9000
056419,欣興元富98購02  ,0,0,0,0,0,0,0,0,0,9000,0,0,0,9000,0,9000,9000
056403,茂林群益98購01  ,0,0,0,0,0,0,0,0,0,9000,0,0,0,9000,0,9000,9000
04373P,滬深2X元大97售01,0,0,0,0,0,0,0,0,0,9000,0,0,0,10000,1000,9000,9000
04563P,可成凱基94售05  ,0,0,0,0,0,0,0,0,0,9000,0,0,0,9000,0,9000,9000
006206,元大上證50      ,25000,130000,-105000,0,0,0,0,0,0,114000,150000,0,150000,22000,58000,-36000,9000
044530,台積電富邦94購01,0,0,0,0,0,0,0,0,0,9000,0,0,0,9000,0,9000,9000
04768P,大立光國泰96售03,0,0,0,0,0,0,0,0,0,9000,0,0,0,9000,0,9000,9000
053130,聯發科麥證96購01,0,0,0,9000,0,9000,0,0,0,9000,0,0,0,9000,0,9000,9000
055292,聯鈞元大97購02  ,0,0,0,0,0,0,0,0,0,9000,0,0,0,10000,1000,9000,9000
049130,臺指反元大98購01,0,0,0,0,0,0,0,0,0,9000,0,0,0,44000,35000,9000,9000
052990,超眾元大97購01  ,0,0,0,0,0,0,0,0,0,9000,0,0,0,10000,1000,9000,9000
058915,SGBR2X元富99購01,0,0,0,0,0,0,0,0,0,9000,0,0,0,11000,2000,9000,9000
058864,欣興凱基99購04  ,0,0,0,0,0,0,0,0,0,9000,0,0,0,150000,141000,9000,9000
058459,南電永豐99購01  ,0,0,0,0,0,0,0,0,0,9000,0,0,0,9000,0,9000,9000
058710,臺股指元大9A購23,0,0,0,0,0,0,0,0,0,9000,0,0,0,20000,11000,9000,9000
054417,牧德元大96購01  ,0,0,0,0,0,0,0,0,0,9000,0,0,0,10000,1000,9000,9000
05509P,智邦元富96售02  ,0,0,0,0,0,0,0,0,0,9000,0,0,0,9000,0,9000,9000
054138,晶技元大98購02  ,0,0,0,0,0,0,0,0,0,9000,0,0,0,9000,0,9000,9000
05466P,旺宏富邦97售01  ,0,0,0,0,0,0,0,0,0,9000,0,0,0,9000,0,9000,9000
054845,智邦兆豐98購01  ,0,0,0,0,0,0,0,0,0,9000,0,0,0,9000,0,9000,9000
052441,亞泥元大95購01  ,0,0,0,0,0,0,0,0,0,9000,0,0,0,9000,0,9000,9000
052426,國巨台新96購01  ,0,0,0,0,0,0,0,0,0,9000,0,0,0,9000,0,9000,9000
3094,聯傑            ,35000,26000,9000,0,0,0,0,0,0,0,0,0,0,0,0,0,9000
2707,晶華            ,90000,57000,33000,0,0,0,0,0,0,-24000,0,24000,-24000,0,0,0,9000
2038,海光            ,9000,0,9000,0,0,0,0,0,0,0,0,0,0,0,0,0,9000
2429,銘旺科          ,22000,13000,9000,0,0,0,0,0,0,0,0,0,0,0,0,0,9000
057725,台達電國泰9A購01,0,0,0,0,0,0,0,0,0,8000,0,0,0,8000,0,8000,8000
056348,S&P反1元大9A購01,0,0,0,0,0,0,0,0,0,8000,0,0,0,8000,0,8000,8000
059250,大立光凱基99購06,0,0,0,0,0,0,0,0,0,8000,0,0,0,14000,6000,8000,8000
058052,南電元大98購02  ,0,0,0,0,0,0,0,0,0,8000,0,0,0,8000,0,8000,8000
059088,台積電元大99購27,0,0,0,0,0,0,0,0,0,8000,0,0,0,8000,0,8000,8000
059392,臺股指凱基99購38,0,0,0,0,0,0,0,0,0,8000,0,0,0,12000,4000,8000,8000
058151,台積電統一9A購04,0,0,0,0,0,0,0,0,0,8000,0,0,0,8000,0,8000,8000
06776P,鴻海元大99售05  ,0,0,0,0,0,0,0,0,0,8000,0,0,0,8000,0,8000,8000
06750P,聯發科元富02售03,0,0,0,0,0,0,0,0,0,8000,0,0,0,8000,0,8000,8000
06937P,GIS元大98售03   ,0,0,0,0,0,0,0,0,0,8000,0,0,0,8000,0,8000,8000
06969P,上銀元大99售02  ,0,0,0,0,0,0,0,0,0,8000,0,0,0,8000,0,8000,8000
08525P,台灣50凱基96售02,0,0,0,0,0,0,0,0,0,8000,0,0,0,8000,0,8000,8000
059022,聯發科統一9B購04,0,0,0,0,0,0,0,0,0,8000,0,0,0,8000,0,8000,8000
057381,微星國泰9A購01  ,0,0,0,0,0,0,0,0,0,8000,0,0,0,98000,90000,8000,8000
057430,富邦金兆豐98購01,0,0,0,0,0,0,0,0,0,8000,0,0,0,29000,21000,8000,8000
055980,祥碩統一98購01  ,0,0,0,0,0,0,0,0,0,8000,0,0,0,8000,0,8000,8000
056871,新日興日盛99購01,0,0,0,0,0,0,0,0,0,8000,0,0,0,8000,0,8000,8000
059200,京鼎永豐99購02  ,0,0,0,0,0,0,0,0,0,8000,0,0,0,8000,0,8000,8000
058364,奇力新凱基99購04,0,0,0,0,0,0,0,0,0,8000,0,0,0,8000,0,8000,8000
055675,亞德客凱基97購02,0,0,0,0,0,0,0,0,0,8000,0,0,0,8000,0,8000,8000
057136,立積凱基98購02  ,0,0,0,0,0,0,0,0,0,8000,0,0,0,8000,0,8000,8000
06157P,聯鈞統一97售02  ,0,0,0,0,0,0,0,0,0,8000,0,0,0,8000,0,8000,8000
051971,元金2X凱基97購02,0,0,0,0,0,0,0,0,0,8000,0,0,0,8000,0,8000,8000
051856,亞德客凱基95購01,0,0,0,0,0,0,0,0,0,8000,0,0,0,8000,0,8000,8000
053282,彩晶元大9C購01  ,0,0,0,0,0,0,0,0,0,8000,0,0,0,8000,0,8000,8000
054790,禾伸堂群益98購01,0,0,0,0,0,0,0,0,0,8000,0,0,0,8000,0,8000,8000
054761,台光電國票98購02,0,0,0,0,0,0,0,0,0,8000,0,0,0,8000,0,8000,8000
05286P,矽力統一95售02  ,0,0,0,0,0,0,0,0,0,8000,0,0,0,8000,0,8000,8000
053706,S&P反1凱基99購01,0,0,0,0,0,0,0,0,0,8000,0,0,0,10000,2000,8000,8000
053701,台積電兆豐96購05,0,0,0,0,0,0,0,0,0,8000,0,0,0,18000,10000,8000,8000
053648,台積電凱基97購04,0,0,0,0,0,0,0,0,0,8000,0,0,0,8000,0,8000,8000
058693,旭富國票9A購01  ,0,0,0,0,0,0,0,0,0,8000,0,0,0,8000,0,8000,8000
058725,美律富邦9A購01  ,0,0,0,0,0,0,0,0,0,8000,0,0,0,8000,0,8000,8000
058476,旺宏凱基9A購01  ,0,0,0,0,0,0,0,0,0,8000,0,0,0,8000,0,8000,8000
05416P,喬山永豐95售04  ,0,0,0,0,0,0,0,0,0,8000,0,0,0,8000,0,8000,8000
05885P,牧德統一96售01  ,0,0,0,0,0,0,0,0,0,8000,0,0,0,8000,0,8000,8000
049699,祥碩元大94購01  ,0,0,0,0,0,0,0,0,0,8000,0,0,0,8000,0,8000,8000
051208,GIS麥證95購01   ,0,0,0,8000,0,8000,0,0,0,8000,0,0,0,8000,0,8000,8000
053219,祥碩凱基96購01  ,0,0,0,0,0,0,0,0,0,8000,0,0,0,8000,0,8000,8000
053186,健策中信9C購01  ,0,0,0,0,0,0,0,0,0,8000,0,0,0,8000,0,8000,8000
048574,台積電國泰95購02,0,0,0,0,0,0,0,0,0,8000,0,0,0,8000,0,8000,8000
04818P,華新科永豐94售03,0,0,0,0,0,0,0,0,0,8000,0,0,0,8000,0,8000,8000
048051,大立光中信94購03,0,0,0,0,0,0,0,0,0,8000,0,0,0,8000,0,8000,8000
050291,聯發科凱基94購16,0,0,0,0,0,0,0,0,0,8000,0,0,0,8000,0,8000,8000
047769,大立光元大96購01,0,0,0,0,0,0,0,0,0,8000,0,0,0,88000,80000,8000,8000
047482,新光金凱基99購03,0,0,0,0,0,0,0,0,0,8000,0,0,0,8000,0,8000,8000
047895,台積電群益94購04,0,0,0,0,0,0,0,0,0,8000,0,0,0,8000,0,8000,8000
050992,台積電元大97購01,0,0,0,0,0,0,0,0,0,8000,0,0,0,8000,0,8000,8000
03422B,臺股指凱基96熊28,0,0,0,0,0,0,0,0,0,8000,0,0,0,8000,0,8000,8000
03432B,臺股指凱基98熊13,0,0,0,0,0,0,0,0,0,8000,0,0,0,8000,0,8000,8000
03980P,群創凱基95售02  ,0,0,0,0,0,0,0,0,0,8000,0,0,0,15000,7000,8000,8000
04126P,滬深2X國票95售02,0,0,0,0,0,0,0,0,0,8000,0,0,0,8000,0,8000,8000
050601,台表科國泰96購01,0,0,0,0,0,0,0,0,0,8000,0,0,0,8000,0,8000,8000
00733,富邦臺灣中小    ,0,0,0,0,0,0,0,0,0,8000,0,0,0,208000,200000,8000,8000
04592P,台積電元大94售10,0,0,0,0,0,0,0,0,0,8000,0,0,0,8000,0,8000,8000
3059,華晶科          ,58000,50000,8000,0,0,0,0,0,0,0,0,0,0,0,0,0,8000
6582,申豐            ,33000,25000,8000,0,0,0,0,0,0,0,0,0,0,0,0,0,8000
6477,安集            ,34000,26000,8000,0,0,0,0,0,0,0,0,0,0,0,0,0,8000
9902,台火            ,19000,9000,10000,0,0,0,0,0,0,-2000,0,2000,-2000,0,0,0,8000
6226,光鼎            ,28000,20000,8000,0,0,0,0,0,0,0,0,0,0,0,0,0,8000
3022,威強電          ,84000,76600,7400,0,0,0,0,0,0,0,0,0,0,0,0,0,7400
01007T,兆豐國泰R2      ,7096,0,7096,0,0,0,0,0,0,0,0,0,0,0,0,0,7096
058524,超眾元大99購04  ,0,0,0,0,0,0,0,0,0,7000,0,0,0,7000,0,7000,7000
057251,泰鼎統一98購02  ,0,0,0,0,0,0,0,0,0,7000,0,0,0,7000,0,7000,7000
055649,華新科元富97購03,0,0,0,0,0,0,0,0,0,7000,0,0,0,7000,0,7000,7000
058608,華新科元大99購13,0,0,0,0,0,0,0,0,0,7000,0,0,0,7000,0,7000,7000
057282,大立光元大99購06,0,0,0,0,0,0,0,0,0,7000,0,0,0,7000,0,7000,7000
058996,台達電元大99購02,0,0,0,0,0,0,0,0,0,7000,0,0,0,86000,79000,7000,7000
057904,矽力永豐98購01  ,0,0,0,0,0,0,0,0,0,7000,0,0,0,7000,0,7000,7000
055486,國巨元大98購06  ,0,0,0,0,0,0,0,0,0,7000,0,0,0,7000,0,7000,7000
056494,緯創國泰99購01  ,0,0,0,0,0,0,0,0,0,7000,0,0,0,7000,0,7000,7000
055915,大立光凱基98購07,0,0,0,0,0,0,0,0,0,7000,0,0,0,7000,0,7000,7000
056048,同欣電兆豐97購01,0,0,0,0,0,0,0,0,0,7000,0,0,0,7000,0,7000,7000
057478,智邦元大99購01  ,0,0,0,0,0,0,0,0,0,7000,0,0,0,7000,0,7000,7000
059129,麗豐中信99購01  ,0,0,0,0,0,0,0,0,0,7000,0,0,0,7000,0,7000,7000
059170,康控凱基9B購01  ,0,0,0,0,0,0,0,0,0,7000,0,0,0,7000,0,7000,7000
07014P,華通元大99售04  ,0,0,0,0,0,0,0,0,0,7000,0,0,0,21000,14000,7000,7000
06885P,國巨國票99售06  ,0,0,0,0,0,0,0,0,0,7000,0,0,0,30000,23000,7000,7000
06660P,大立光富邦9B售03,0,0,0,0,0,0,0,0,0,7000,0,0,0,7000,0,7000,7000
06265P,美律凱基97售01  ,0,0,0,0,0,0,0,0,0,7000,0,0,0,27000,20000,7000,7000
059528,華新科凱基99購06,0,0,0,0,0,0,0,0,0,7000,0,0,0,45000,38000,7000,7000
006207,FH滬深          ,7000,88000,-81000,0,0,0,0,0,0,88000,0,0,0,111000,23000,88000,7000
042928,台積電中信95購01,0,0,0,0,0,0,0,0,0,7000,0,0,0,7000,0,7000,7000
050435,大立光凱基94購17,0,0,0,0,0,0,0,0,0,7000,0,0,0,7000,0,7000,7000
050403,台積電麥證94購02,0,0,0,0,0,0,0,0,0,7000,0,0,0,7000,0,7000,7000
050370,台積電元大94購24,0,0,0,0,0,0,0,0,0,7000,0,0,0,7000,0,7000,7000
050062,聯發科凱基94購08,0,0,0,0,0,0,0,0,0,7000,0,0,0,7000,0,7000,7000
048273,南電富邦97購01  ,0,0,0,0,0,0,0,0,0,7000,0,0,0,7000,0,7000,7000
049219,聯發科國票95購01,0,0,0,0,0,0,0,0,0,7000,0,0,0,7000,0,7000,7000
052978,貿聯麥證97購01  ,0,0,0,7000,0,7000,0,0,0,7000,0,0,0,7000,0,7000,7000
053006,玉晶光永豐96購03,0,0,0,0,0,0,0,0,0,7000,0,0,0,7000,0,7000,7000
058773,和碩兆豐99購01  ,0,0,0,0,0,0,0,0,0,7000,0,0,0,10000,3000,7000,7000
058284,滬深反群益01購01,0,0,0,0,0,0,0,0,0,7000,0,0,0,17000,10000,7000,7000
058331,鴻海元富99購02  ,0,0,0,0,0,0,0,0,0,7000,0,0,0,7000,0,7000,7000
054263,聯茂元大96購02  ,0,0,0,0,0,0,0,0,0,7000,0,0,0,29000,22000,7000,7000
058505,台積電元大99購08,0,0,0,0,0,0,0,0,0,7000,0,0,0,7000,0,7000,7000
054111,緯穎凱基97購01  ,0,0,0,0,0,0,0,0,0,7000,0,0,0,20000,13000,7000,7000
051748,超眾國泰96購01  ,0,0,0,0,0,0,0,0,0,7000,0,0,0,7000,0,7000,7000
052270,力成日盛95購01  ,0,0,0,0,0,0,0,0,0,7000,0,0,0,7000,0,7000,7000
054763,宏達電國票99購01,0,0,0,0,0,0,0,0,0,7000,0,0,0,7000,0,7000,7000
055382,台郡元大99購01  ,0,0,0,0,0,0,0,0,0,7000,0,0,0,7000,0,7000,7000
052387,台積電群益95購08,0,0,0,0,0,0,0,0,0,7000,0,0,0,7000,0,7000,7000
3356,奇偶            ,52000,46000,6000,0,0,0,0,0,0,1000,1000,0,1000,0,0,0,7000
1410,南染            ,11000,4000,7000,0,0,0,0,0,0,0,0,0,0,0,0,0,7000
1533,車王電          ,9000,2000,7000,0,0,0,0,0,0,0,0,0,0,0,0,0,7000
5706,鳳凰            ,25000,18000,7000,0,0,0,0,0,0,0,0,0,0,0,0,0,7000
4572,駐龍            ,27000,20000,7000,0,0,0,0,0,0,0,0,0,0,0,0,0,7000
4576,大銀微系統      ,34000,27000,7000,0,0,0,0,0,0,0,0,0,0,0,0,0,7000
4739,康普            ,37000,29000,8000,0,0,0,0,0,0,-1000,0,1000,-1000,0,0,0,7000
059359,精元永豐99購01  ,0,0,0,0,0,0,0,0,0,6000,0,0,0,10000,4000,6000,6000
057834,聯發科元富02購07,0,0,0,0,0,0,0,0,0,6000,0,0,0,6000,0,6000,6000
05626P,景碩國票97售03  ,0,0,0,0,0,0,0,0,0,6000,0,0,0,6000,0,6000,6000
056286,奇鋐永豐97購01  ,0,0,0,0,0,0,0,0,0,6000,0,0,0,6000,0,6000,6000
056297,台光電元大97購04,0,0,0,0,0,0,0,0,0,6000,0,0,0,6000,0,6000,6000
06718P,聯詠元大98售01  ,0,0,0,0,0,0,0,0,0,6000,0,0,0,7000,1000,6000,6000
06571P,欣興永豐98售03  ,0,0,0,0,0,0,0,0,0,6000,0,0,0,6000,0,6000,6000
06528P,台積電富邦99售03,0,0,0,0,0,0,0,0,0,6000,0,0,0,6000,0,6000,6000
07113P,台積電兆豐99售03,0,0,0,0,0,0,0,0,0,6000,0,0,0,6000,0,6000,6000
08966P,臺指反元大04售07,0,0,0,0,0,0,0,0,0,6000,0,0,0,6000,0,6000,6000
07246P,旺宏凱基99售08  ,0,0,0,0,0,0,0,0,0,6000,0,0,0,9000,3000,6000,6000
05574P,英業達元富96售01,0,0,0,0,0,0,0,0,0,6000,0,0,0,19000,13000,6000,6000
055757,大成鋼群益99購01,0,0,0,0,0,0,0,0,0,6000,0,0,0,6000,0,6000,6000
055758,旺宏群益97購01  ,0,0,0,0,0,0,0,0,0,6000,0,0,0,6000,0,6000,6000
057486,美律元大98購04  ,0,0,0,0,0,0,0,0,0,6000,0,0,0,6000,0,6000,6000
057493,聯詠元大98購02  ,0,0,0,0,0,0,0,0,0,6000,0,0,0,130000,124000,6000,6000
057447,智邦元富02購01  ,0,0,0,0,0,0,0,0,0,6000,0,0,0,6000,0,6000,6000
05654P,台光電統一96售01,0,0,0,0,0,0,0,0,0,6000,0,0,0,6000,0,6000,6000
059208,SGBR2X元大99購02,0,0,0,0,0,0,0,0,0,6000,0,0,0,6000,0,6000,6000
059187,國巨富邦9B購02  ,0,0,0,0,0,0,0,0,0,6000,0,0,0,6000,0,6000,6000
05698P,群創凱基96售01  ,0,0,0,0,0,0,0,0,0,6000,0,0,0,6000,0,6000,6000
055386,致新元大97購02  ,0,0,0,0,0,0,0,0,0,6000,0,0,0,6000,0,6000,6000
06013P,世芯國泰97售03  ,0,0,0,0,0,0,0,0,0,6000,0,0,0,6000,0,6000,6000
059328,台灣50國票99購08,0,0,0,0,0,0,0,0,0,6000,0,0,0,6000,0,6000,6000
057027,祥碩凱基98購01  ,0,0,0,0,0,0,0,0,0,6000,0,0,0,6000,0,6000,6000
055606,矽創元大97購01  ,0,0,0,0,0,0,0,0,0,6000,0,0,0,6000,0,6000,6000
055595,宏達電元大98購02,0,0,0,0,0,0,0,0,0,6000,0,0,0,6000,0,6000,6000
06085P,義隆台新97售01  ,0,0,0,0,0,0,0,0,0,6000,0,0,0,6000,0,6000,6000
06153P,健策元大97售04  ,0,0,0,0,0,0,0,0,0,6000,0,0,0,6000,0,6000,6000
052323,矽力元大95購04  ,0,0,0,0,0,0,0,0,0,6000,0,0,0,6000,0,6000,6000
053361,友達元富99購01  ,0,0,0,0,0,0,0,0,0,6000,0,0,0,8000,2000,6000,6000
054669,凌華元富97購01  ,0,0,0,0,0,0,0,0,0,6000,0,0,0,6000,0,6000,6000
052279,旺宏凱基95購07  ,0,0,0,0,0,0,0,0,0,6000,0,0,0,11000,5000,6000,6000
05363P,臺股指富邦95售03,0,0,0,0,0,0,0,0,0,6000,0,0,0,6000,0,6000,6000
054128,台積電元大97購10,0,0,0,0,0,0,0,0,0,6000,0,0,0,16000,10000,6000,6000
05504P,台積電凱基96售04,0,0,0,0,0,0,0,0,0,6000,0,0,0,6000,0,6000,6000
055161,貿聯元大98購03  ,0,0,0,0,0,0,0,0,0,6000,0,0,0,6000,0,6000,6000
058802,矽創元大99購02  ,0,0,0,0,0,0,0,0,0,6000,0,0,0,6000,0,6000,6000
058885,元石油元大9C購02,0,0,0,0,0,0,0,0,0,6000,0,0,0,6000,0,6000,6000
05887P,友達元富99售03  ,0,0,0,0,0,0,0,0,0,6000,0,0,0,6000,0,6000,6000
04996P,台積電凱基95售02,0,0,0,0,0,0,0,0,0,6000,0,0,0,6000,0,6000,6000
04925P,和碩元大94售03  ,0,0,0,0,0,0,0,0,0,6000,0,0,0,6000,0,6000,6000
049892,國巨富邦96購01  ,0,0,0,0,0,0,0,0,0,6000,0,0,0,6000,0,6000,6000
04976P,中磊凱基94售01  ,0,0,0,0,0,0,0,0,0,6000,0,0,0,6000,0,6000,6000
048653,巨大元大96購02  ,0,0,0,0,0,0,0,0,0,6000,0,0,0,6000,0,6000,6000
048832,玉晶光凱基95購02,0,0,0,0,0,0,0,0,0,6000,0,0,0,20000,14000,6000,6000
049528,台積電中信94購01,0,0,0,0,0,0,0,0,0,6000,0,0,0,6000,0,6000,6000
03975P,大立光元大94售02,0,0,0,0,0,0,0,0,0,6000,0,0,0,9000,3000,6000,6000
04465P,大立光元富94售03,0,0,0,0,0,0,0,0,0,6000,0,0,0,6000,0,6000,6000
050904,臺股指元大95購11,0,0,0,0,0,0,0,0,0,6000,0,0,0,6000,0,6000,6000
047773,超眾元大96購01  ,0,0,0,0,0,0,0,0,0,6000,0,0,0,6000,0,6000,6000
04785P,鴻海永豐94售03  ,0,0,0,0,0,0,0,0,0,6000,0,0,0,6000,0,6000,6000
04787P,台積電永昌96售04,0,0,0,0,0,0,0,0,0,6000,0,0,0,126000,120000,6000,6000
04586P,光罩永豐94售02  ,0,0,0,0,0,0,0,0,0,6000,0,0,0,6000,0,6000,6000
046662,大立光元大93購14,0,0,0,0,0,0,0,0,0,6000,0,0,0,20000,14000,6000,6000
046477,台積電統一94購02,0,0,0,0,0,0,0,0,0,6000,0,0,0,6000,0,6000,6000
044247,道瓊反元富97購01,0,0,0,0,0,0,0,0,0,6000,0,0,0,6000,0,6000,6000
04721P,正崴凱基94售02  ,0,0,0,0,0,0,0,0,0,6000,0,0,0,6000,0,6000,6000
4912,聯德控股-KY     ,14000,8000,6000,0,0,0,0,0,0,0,0,0,0,0,0,0,6000
6183,關貿            ,11000,6000,5000,0,0,0,0,0,0,1000,1000,0,1000,0,0,0,6000
6201,亞弘電          ,6000,0,6000,0,0,0,0,0,0,0,0,0,0,0,0,0,6000
8480,泰昇-KY         ,10000,5000,5000,0,0,0,0,0,0,1000,1000,0,1000,0,0,0,6000
2374,佳能            ,52000,47000,5000,0,0,0,0,0,0,1000,1000,0,1000,0,0,0,6000
3032,偉訓            ,6000,0,6000,0,0,0,0,0,0,0,0,0,0,0,0,0,6000
3027,盛達            ,11000,5000,6000,0,0,0,0,0,0,0,0,0,0,0,0,0,6000
2838,聯邦銀          ,577000,510170,66830,0,0,0,0,0,0,-61000,0,61000,-61000,0,0,0,5830
06094P,台達電中信97售01,0,0,0,0,0,0,0,0,0,5000,0,0,0,8000,3000,5000,5000
06201P,可成元大97售01  ,0,0,0,0,0,0,0,0,0,5000,0,0,0,5000,0,5000,5000
06207P,聯發科凱基97售07,0,0,0,0,0,0,0,0,0,5000,0,0,0,5000,0,5000,5000
058538,智邦台新99購02  ,0,0,0,0,0,0,0,0,0,5000,0,0,0,5000,0,5000,5000
057146,技嘉國票98購01  ,0,0,0,0,0,0,0,0,0,5000,0,0,0,5000,0,5000,5000
055594,華新科元大98購02,0,0,0,0,0,0,0,0,0,5000,0,0,0,5000,0,5000,5000
058590,南電中信9A購02  ,0,0,0,0,0,0,0,0,0,5000,0,0,0,5000,0,5000,5000
058594,台灣50元富9B購03,0,0,0,0,0,0,0,0,0,5000,0,0,0,5000,0,5000,5000
059329,台灣50國票99購09,0,0,0,0,0,0,0,0,0,5000,0,0,0,5000,0,5000,5000
057343,道瓊反統一9A購01,0,0,0,0,0,0,0,0,0,5000,0,0,0,5000,0,5000,5000
057278,可成元大98購06  ,0,0,0,0,0,0,0,0,0,5000,0,0,0,5000,0,5000,5000
058990,GIS凱基99購02   ,0,0,0,0,0,0,0,0,0,5000,0,0,0,5000,0,5000,5000
058409,鴻海兆豐99購05  ,0,0,0,0,0,0,0,0,0,5000,0,0,0,5000,0,5000,5000
057049,新日興元大98購02,0,0,0,0,0,0,0,0,0,5000,0,0,0,5000,0,5000,5000
05995P,T50正2中信9C售01,0,0,0,0,0,0,0,0,0,5000,0,0,0,5000,0,5000,5000
058958,台表科國票9A購03,0,0,0,0,0,0,0,0,0,5000,0,0,0,5000,0,5000,5000
056852,矽格元富98購01  ,0,0,0,0,0,0,0,0,0,5000,0,0,0,10000,5000,5000,5000
056646,奇鋐凱基99購02  ,0,0,0,0,0,0,0,0,0,5000,0,0,0,5000,0,5000,5000
056651,聯茂凱基98購04  ,0,0,0,0,0,0,0,0,0,5000,0,0,0,10000,5000,5000,5000
05675P,美律群益97售01  ,0,0,0,0,0,0,0,0,0,5000,0,0,0,5000,0,5000,5000
059191,茂林富邦9B購01  ,0,0,0,0,0,0,0,0,0,5000,0,0,0,5000,0,5000,5000
057464,大立光永豐98購02,0,0,0,0,0,0,0,0,0,5000,0,0,0,5000,0,5000,5000
057429,華新科兆豐98購03,0,0,0,0,0,0,0,0,0,5000,0,0,0,15000,10000,5000,5000
057421,智原凱基98購04  ,0,0,0,0,0,0,0,0,0,5000,0,0,0,5000,0,5000,5000
059091,中信金元大99購01,0,0,0,0,0,0,0,0,0,5000,0,0,0,10000,5000,5000,5000
057563,旭富國泰9A購01  ,0,0,0,0,0,0,0,0,0,5000,0,0,0,5000,0,5000,5000
055916,奇鋐凱基99購01  ,0,0,0,0,0,0,0,0,0,5000,0,0,0,5000,0,5000,5000
059085,鴻海元大99購25  ,0,0,0,0,0,0,0,0,0,5000,0,0,0,5000,0,5000,5000
055710,亞德客元大97購03,0,0,0,0,0,0,0,0,0,5000,0,0,0,5000,0,5000,5000
059122,超眾永豐99購01  ,0,0,0,0,0,0,0,0,0,5000,0,0,0,5000,0,5000,5000
059036,可成群益9B購03  ,0,0,0,0,0,0,0,0,0,5000,0,0,0,5000,0,5000,5000
07132P,臺股指元大99售11,0,0,0,0,0,0,0,0,0,5000,0,0,0,7000,2000,5000,5000
07169P,臺股指國票99售06,0,0,0,0,0,0,0,0,0,5000,0,0,0,13000,8000,5000,5000
07065P,臺股指元大9A售26,0,0,0,0,0,0,0,0,0,5000,0,0,0,5000,0,5000,5000
07073P,臺股指中信9B售02,0,0,0,0,0,0,0,0,0,5000,0,0,0,5000,0,5000,5000
06998P,S&P正2中信9B售01,0,0,0,0,0,0,0,0,0,5000,0,0,0,5000,0,5000,5000
06681P,致茂元大98售02  ,0,0,0,0,0,0,0,0,0,5000,0,0,0,5000,0,5000,5000
06651P,華新科元大99售09,0,0,0,0,0,0,0,0,0,5000,0,0,0,19000,14000,5000,5000
06872P,亞德客元富98售04,0,0,0,0,0,0,0,0,0,5000,0,0,0,20000,15000,5000,5000
06906P,國巨國泰99售01  ,0,0,0,0,0,0,0,0,0,5000,0,0,0,5000,0,5000,5000
06336P,鴻海元大98售05  ,0,0,0,0,0,0,0,0,0,5000,0,0,0,5000,0,5000,5000
06506P,台郡國票99售02  ,0,0,0,0,0,0,0,0,0,5000,0,0,0,5000,0,5000,5000
058231,技嘉元大99購02  ,0,0,0,0,0,0,0,0,0,5000,0,0,0,5000,0,5000,5000
057783,台積電國票9A購01,0,0,0,0,0,0,0,0,0,5000,0,0,0,5000,0,5000,5000
056357,台積電元大9A購01,0,0,0,0,0,0,0,0,0,5000,0,0,0,5000,0,5000,5000
057831,聯發科元富02購04,0,0,0,0,0,0,0,0,0,5000,0,0,0,5000,0,5000,5000
059263,瑞昱中信01購01  ,0,0,0,0,0,0,0,0,0,5000,0,0,0,5000,0,5000,5000
05767P,國巨凱基96售11  ,0,0,0,0,0,0,0,0,0,5000,0,0,0,5000,0,5000,5000
056398,南茂永豐98購01  ,0,0,0,0,0,0,0,0,0,5000,0,0,0,5000,0,5000,5000
056228,可成凱基97購03  ,0,0,0,0,0,0,0,0,0,5000,0,0,0,5000,0,5000,5000
056209,超眾永豐97購02  ,0,0,0,0,0,0,0,0,0,5000,0,0,0,5000,0,5000,5000
05611P,康控群益96售02  ,0,0,0,0,0,0,0,0,0,5000,0,0,0,5000,0,5000,5000
059333,滬深2X國票9A購03,0,0,0,0,0,0,0,0,0,5000,0,0,0,10000,5000,5000,5000
059334,A50正2國票9A購02,0,0,0,0,0,0,0,0,0,5000,0,0,0,48000,43000,5000,5000
059372,台灣50群益99購02,0,0,0,0,0,0,0,0,0,5000,0,0,0,8000,3000,5000,5000
058035,旭富永豐98購02  ,0,0,0,0,0,0,0,0,0,5000,0,0,0,5000,0,5000,5000
047292,台光電元富96購01,0,0,0,0,0,0,0,0,0,5000,0,0,0,5000,0,5000,5000
04632P,台積電群益94售11,0,0,0,0,0,0,0,0,0,5000,0,0,0,5000,0,5000,5000
046866,台積電統一94購03,0,0,0,0,0,0,0,0,0,5000,0,0,0,5000,0,5000,5000
04607P,A50中信94售01   ,0,0,0,0,0,0,0,0,0,5000,0,0,0,5000,0,5000,5000
045736,台積電群益94購01,0,0,0,0,0,0,0,0,0,5000,0,0,0,5000,0,5000,5000
045437,大立光統一94購02,0,0,0,0,0,0,0,0,0,5000,0,0,0,5000,0,5000,5000
047882,超眾國泰94購01  ,0,0,0,0,0,0,0,0,0,5000,0,0,0,5000,0,5000,5000
047687,元金2X富邦96購01,0,0,0,0,0,0,0,0,0,5000,0,0,0,5000,0,5000,5000
050880,大立光元富95購03,0,0,0,0,0,0,0,0,0,5000,0,0,0,5000,0,5000,5000
050686,欣興兆豐96購01  ,0,0,0,0,0,0,0,0,0,5000,0,0,0,5000,0,5000,5000
03417B,臺股指凱基95熊19,0,0,0,0,0,0,0,0,0,5000,0,0,0,5000,0,5000,5000
03959P,義隆元富96售01  ,0,0,0,0,0,0,0,0,0,5000,0,0,0,5000,0,5000,5000
04287P,A50正2中信96售01,0,0,0,0,0,0,0,0,0,5000,0,0,0,5000,0,5000,5000
05060P,台達電富邦97售02,0,0,0,0,0,0,0,0,0,5000,0,0,0,5000,0,5000,5000
050644,國巨凱基96購01  ,0,0,0,0,0,0,0,0,0,5000,0,0,0,5000,0,5000,5000
04347P,全新群益94售01  ,0,0,0,0,0,0,0,0,0,5000,0,0,0,5000,0,5000,5000
050414,泰鼎永豐94購04  ,0,0,0,0,0,0,0,0,0,5000,0,0,0,15000,10000,5000,5000
05046P,台光電永豐95售02,0,0,0,0,0,0,0,0,0,5000,0,0,0,5000,0,5000,5000
050333,鴻海國泰96購06  ,0,0,0,0,0,0,0,0,0,5000,0,0,0,5000,0,5000,5000
050353,華擎群益95購01  ,0,0,0,0,0,0,0,0,0,5000,0,0,0,5000,0,5000,5000
048548,緯穎永豐93購02  ,0,0,0,0,0,0,0,0,0,5000,0,0,0,5000,0,5000,5000
04859P,台達電群益94售04,0,0,0,0,0,0,0,0,0,5000,0,0,0,8000,3000,5000,5000
048388,華通國票94購01  ,0,0,0,0,0,0,0,0,0,5000,0,0,0,5000,0,5000,5000
048175,矽力國泰95購01  ,0,0,0,0,0,0,0,0,0,5000,0,0,0,5000,0,5000,5000
049909,國巨元大95購01  ,0,0,0,0,0,0,0,0,0,5000,0,0,0,5000,0,5000,5000
049842,道瓊反中信98購01,0,0,0,0,0,0,0,0,0,5000,0,0,0,5000,0,5000,5000
053043,嘉晶凱基96購01  ,0,0,0,0,0,0,0,0,0,5000,0,0,0,5000,0,5000,5000
05296P,牧德凱基96售01  ,0,0,0,0,0,0,0,0,0,5000,0,0,0,5000,0,5000,5000
053091,同欣電元大96購01,0,0,0,0,0,0,0,0,0,5000,0,0,0,5000,0,5000,5000
053097,超眾統一96購03  ,0,0,0,0,0,0,0,0,0,5000,0,0,0,5000,0,5000,5000
053117,大立光中信9A購02,0,0,0,0,0,0,0,0,0,5000,0,0,0,5000,0,5000,5000
05118P,超眾元大96售04  ,0,0,0,0,0,0,0,0,0,5000,0,0,0,5000,0,5000,5000
053245,全新國票97購01  ,0,0,0,0,0,0,0,0,0,5000,0,0,0,5000,0,5000,5000
055280,智邦元大97購01  ,0,0,0,0,0,0,0,0,0,5000,0,0,0,5000,0,5000,5000
055334,禾伸堂兆豐97購01,0,0,0,0,0,0,0,0,0,5000,0,0,0,5000,0,5000,5000
058880,台灣50永豐99購04,0,0,0,0,0,0,0,0,0,5000,0,0,0,5000,0,5000,5000
058791,鴻海元大99購17  ,0,0,0,0,0,0,0,0,0,5000,0,0,0,5000,0,5000,5000
058332,鴻海元富99購03  ,0,0,0,0,0,0,0,0,0,5000,0,0,0,5000,0,5000,5000
058347,玉晶光群益9B購01,0,0,0,0,0,0,0,0,0,5000,0,0,0,5000,0,5000,5000
058688,矽創凱基9A購01  ,0,0,0,0,0,0,0,0,0,5000,0,0,0,5000,0,5000,5000
054289,聯發科元大97購11,0,0,0,0,0,0,0,0,0,5000,0,0,0,5000,0,5000,5000
055095,啟碁群益98購01  ,0,0,0,0,0,0,0,0,0,5000,0,0,0,5000,0,5000,5000
055096,緯穎群益97購01  ,0,0,0,0,0,0,0,0,0,5000,0,0,0,5000,0,5000,5000
054413,台光電元大96購03,0,0,0,0,0,0,0,0,0,5000,0,0,0,5000,0,5000,5000
054444,緯穎台新97購01  ,0,0,0,0,0,0,0,0,0,5000,0,0,0,10000,5000,5000,5000
051415,晶技國票96購01  ,0,0,0,0,0,0,0,0,0,5000,0,0,0,5000,0,5000,5000
054071,泰鼎國泰97購02  ,0,0,0,0,0,0,0,0,0,5000,0,0,0,5000,0,5000,5000
053995,奇力新群益97購02,0,0,0,0,0,0,0,0,0,5000,0,0,0,5000,0,5000,5000
053847,美律元富96購02  ,0,0,0,0,0,0,0,0,0,5000,0,0,0,5000,0,5000,5000
053850,嘉澤元富96購03  ,0,0,0,0,0,0,0,0,0,5000,0,0,0,5000,0,5000,5000
051805,元黃金凱基97購02,0,0,0,0,0,0,0,0,0,5000,0,0,0,40000,35000,5000,5000
05151P,台光電群益95售02,0,0,0,0,0,0,0,0,0,5000,0,0,0,5000,0,5000,5000
051665,台積電元大96購07,0,0,0,0,0,0,0,0,0,5000,0,0,0,155000,150000,5000,5000
053672,嘉澤元富96購02  ,0,0,0,0,0,0,0,0,0,5000,0,0,0,5000,0,5000,5000
052276,力成群益96購01  ,0,0,0,0,0,0,0,0,0,5000,0,0,0,5000,0,5000,5000
053771,華新元大97購01  ,0,0,0,0,0,0,0,0,0,5000,0,0,0,5000,0,5000,5000
052831,華固群益96購01  ,0,0,0,0,0,0,0,0,0,5000,0,0,0,5000,0,5000,5000
05279P,上銀元大95售02  ,0,0,0,0,0,0,0,0,0,5000,0,0,0,8000,3000,5000,5000
05461P,台積電亞東97售01,0,0,0,0,0,0,0,0,0,5000,0,0,0,45000,40000,5000,5000
054546,玉晶光中信9B購01,0,0,0,0,0,0,0,0,0,5000,0,0,0,5000,0,5000,5000
054759,台化國票98購01  ,0,0,0,0,0,0,0,0,0,5000,0,0,0,5000,0,5000,5000
053438,玉晶光麥證97購02,0,0,0,0,0,0,0,0,0,5000,0,0,0,5000,0,5000,5000
053588,聯發科元大97購07,0,0,0,0,0,0,0,0,0,5000,0,0,0,5000,0,5000,5000
053582,英業達元大97購01,0,0,0,0,0,0,0,0,0,5000,0,0,0,5000,0,5000,5000
052420,道瓊反國票9B購01,0,0,0,0,0,0,0,0,0,5000,0,0,0,5000,0,5000,5000
052451,旭富元大95購02  ,0,0,0,0,0,0,0,0,0,5000,0,0,0,10000,5000,5000,5000
052599,S&P反1元大96購01,0,0,0,0,0,0,0,0,0,5000,0,0,0,15000,10000,5000,5000
052468,超眾統一96購02  ,0,0,0,0,0,0,0,0,0,5000,0,0,0,5000,0,5000,5000
052532,台積電國泰96購07,0,0,0,0,0,0,0,0,0,5000,0,0,0,5000,0,5000,5000
052536,聯茂國泰97購01  ,0,0,0,0,0,0,0,0,0,5000,0,0,0,5000,0,5000,5000
05271P,國巨富邦97售01  ,10000,0,10000,0,0,0,0,0,0,-5000,0,0,0,0,5000,-5000,5000
3686,達能            ,5000,0,5000,0,0,0,0,0,0,0,0,0,0,0,0,0,5000
910861,神州-DR         ,5000,0,5000,0,0,0,0,0,0,0,0,0,0,0,0,0,5000
4439,冠星-KY         ,5000,0,5000,0,0,0,0,0,0,0,0,0,0,0,0,0,5000
4999,鑫禾            ,12000,8000,4000,0,0,0,0,0,0,1000,1000,0,1000,0,0,0,5000
01001T,土銀富邦R1      ,4240,0,4240,0,0,0,0,0,0,0,0,0,0,0,0,0,4240
058054,台積電統一9C購01,0,0,0,0,0,0,0,0,0,4000,0,0,0,5000,1000,4000,4000
059463,台灣50元大9C購07,0,0,0,0,0,0,0,0,0,4000,0,0,0,4000,0,4000,4000
059292,華新科元富9B購02,0,0,0,0,0,0,0,0,0,4000,0,0,0,12000,8000,4000,4000
056074,茂林元大97購04  ,0,0,0,0,0,0,0,0,0,4000,0,0,0,4000,0,4000,4000
056080,世紀鋼元大97購03,0,0,0,0,0,0,0,0,0,4000,0,0,0,4000,0,4000,4000
059254,台表科凱基9A購02,0,0,0,0,0,0,0,0,0,4000,0,0,0,4000,0,4000,4000
056359,旺宏元大9A購01  ,0,0,0,0,0,0,0,0,0,4000,0,0,0,4000,0,4000,4000
056265,國泰金統一97購01,0,0,0,0,0,0,0,0,0,4000,0,0,0,4000,0,4000,4000
06434P,超眾群益98售02  ,0,0,0,0,0,0,0,0,0,4000,0,0,0,4000,0,4000,4000
06467P,旺宏統一98售01  ,0,0,0,0,0,0,0,0,0,4000,0,0,0,4000,0,4000,4000
06720P,智邦亞東99售01  ,0,0,0,0,0,0,0,0,0,4000,0,0,0,20000,16000,4000,4000
1323,永裕            ,25000,18000,7000,0,0,0,0,0,0,-3000,0,3000,-3000,0,0,0,4000
059168,奇力新凱基99購05,0,0,0,0,0,0,0,0,0,4000,0,0,0,20000,16000,4000,4000
055970,聯茂元大97購04  ,0,0,0,0,0,0,0,0,0,4000,0,0,0,5000,1000,4000,4000
057612,瑞昱元富02購01  ,0,0,0,0,0,0,0,0,0,4000,0,0,0,4000,0,4000,4000
056628,矽創永豐98購01  ,0,0,0,0,0,0,0,0,0,4000,0,0,0,4000,0,4000,4000
056738,國巨凱基9A購02  ,0,0,0,0,0,0,0,0,0,4000,0,0,0,4000,0,4000,4000
056664,上証反中信9B購01,0,0,0,0,0,0,0,0,0,4000,0,0,0,4000,0,4000,4000
056912,臺股指元大99購04,0,0,0,0,0,0,0,0,0,4000,0,0,0,4000,0,4000,4000
056967,奇鋐永豐98購01  ,0,0,0,0,0,0,0,0,0,4000,0,0,0,4000,0,4000,4000
06035P,同欣電凱基96售03,0,0,0,0,0,0,0,0,0,4000,0,0,0,4000,0,4000,4000
057062,立積國泰99購01  ,0,0,0,0,0,0,0,0,0,4000,0,0,0,4000,0,4000,4000
058378,南電凱基99購01  ,0,0,0,0,0,0,0,0,0,4000,0,0,0,4000,0,4000,4000
057009,信邦中信99購01  ,0,0,0,0,0,0,0,0,0,4000,0,0,0,4000,0,4000,4000
06073P,健策永豐97售01  ,0,0,0,0,0,0,0,0,0,4000,0,0,0,4000,0,4000,4000
0053,元大電子        ,0,0,0,0,0,0,0,0,0,4000,0,0,0,9000,5000,4000,4000
00732,國泰RMB短期報酬 ,0,0,0,0,0,0,0,0,0,4000,0,0,0,104000,100000,4000,4000
03071X,元展66          ,0,0,0,0,0,0,0,0,0,4000,0,0,0,4000,0,4000,4000
04380P,欣興元大94售02  ,0,0,0,0,0,0,0,0,0,4000,0,0,0,5000,1000,4000,4000
050590,晶技永豐95購01  ,0,0,0,0,0,0,0,0,0,4000,0,0,0,4000,0,4000,4000
04290P,滬深2X富邦96售03,0,0,0,0,0,0,0,0,0,4000,0,0,0,4000,0,4000,4000
04754P,宏達電元富94售02,0,0,0,0,0,0,0,0,0,4000,0,0,0,4000,0,4000,4000
04771P,友達元大96售02  ,0,0,0,0,0,0,0,0,0,4000,0,0,0,4000,0,4000,4000
047904,臺指反元大96購01,0,0,0,0,0,0,0,0,0,4000,0,0,0,4000,0,4000,4000
055313,南電群益97購01  ,0,0,0,0,0,0,0,0,0,4000,0,0,0,4000,0,4000,4000
053194,緯穎統一99購01  ,0,0,0,0,0,0,0,0,0,4000,0,0,0,4000,0,4000,4000
049156,緯穎元大96購01  ,0,0,0,0,0,0,0,0,0,4000,0,0,0,4000,0,4000,4000
051100,同欣電元大95購01,0,0,0,0,0,0,0,0,0,4000,0,0,0,4000,0,4000,4000
04843P,致新元大94售02  ,0,0,0,0,0,0,0,0,0,4000,0,0,0,4000,0,4000,4000
05029P,鴻海元富95售04  ,0,0,0,0,0,0,0,0,0,4000,0,0,0,4000,0,4000,4000
04910P,台積電統一94售12,0,0,0,0,0,0,0,0,0,4000,0,0,0,4000,0,4000,4000
050155,華新科群益95購01,0,0,0,0,0,0,0,0,0,4000,0,0,0,4000,0,4000,4000
052746,泰碩元大97購01  ,0,0,0,0,0,0,0,0,0,4000,0,0,0,7000,3000,4000,4000
052528,茂林元大95購05  ,0,0,0,0,0,0,0,0,0,4000,0,0,0,4000,0,4000,4000
052369,矽力國票96購02  ,0,0,0,0,0,0,0,0,0,4000,0,0,0,4000,0,4000,4000
05230P,京元電群益95售01,0,0,0,0,0,0,0,0,0,4000,0,0,0,4000,0,4000,4000
051910,大立光元大97購01,0,0,0,0,0,0,0,0,0,4000,0,0,0,5000,1000,4000,4000
05477P,華新科群益95售06,0,0,0,0,0,0,0,0,0,4000,0,0,0,4000,0,4000,4000
054758,南亞國票9A購01  ,0,0,0,0,0,0,0,0,0,4000,0,0,0,4000,0,4000,4000
051631,國巨國票96購06  ,0,0,0,0,0,0,0,0,0,4000,0,0,0,4000,0,4000,4000
051590,玉晶光元大96購02,0,0,0,0,0,0,0,0,0,4000,0,0,0,14000,10000,4000,4000
054356,可成兆豐97購01  ,0,0,0,0,0,0,0,0,0,4000,0,0,0,4000,0,4000,4000
055163,訊芯元大98購01  ,0,0,0,0,0,0,0,0,0,4000,0,0,0,4000,0,4000,4000
054296,世芯元大97購01  ,0,0,0,0,0,0,0,0,0,4000,0,0,0,4000,0,4000,4000
058454,嘉晶永豐99購01  ,0,0,0,0,0,0,0,0,0,4000,0,0,0,5000,1000,4000,4000
058653,光寶科中信9A購01,0,0,0,0,0,0,0,0,0,4000,0,0,0,10000,6000,4000,4000
058926,勤誠元富99購01  ,0,0,0,0,0,0,0,0,0,4000,0,0,0,4000,0,4000,4000
058846,鴻海群益99購03  ,0,0,0,0,0,0,0,0,0,4000,0,0,0,5000,1000,4000,4000
6491,晶碩            ,88000,84000,4000,0,0,0,0,0,0,0,0,0,0,0,0,0,4000
6674,鋐寶科技        ,5000,1000,4000,0,0,0,0,0,0,0,0,0,0,0,0,0,4000
3622,洋華            ,60000,56000,4000,0,0,0,0,0,0,0,0,0,0,0,0,0,4000
2428,興勤            ,139000,137000,2000,0,0,0,0,0,0,2000,0,3000,-3000,6000,1000,5000,4000
1529,樂士            ,0,0,0,0,0,0,0,0,0,4000,4000,0,4000,0,0,0,4000
1447,力鵬            ,126000,122000,4000,0,0,0,0,0,0,0,0,0,0,0,0,0,4000
1539,巨庭            ,4000,0,4000,0,0,0,0,0,0,0,0,0,0,0,0,0,4000
05727P,新光金日盛96售02,0,0,0,0,0,0,0,0,0,3000,0,0,0,3000,0,3000,3000
057263,可成兆豐99購01  ,3000,0,3000,0,0,0,0,0,0,0,0,0,0,10000,10000,0,3000
058571,緯穎凱基9A購02  ,0,0,0,0,0,0,0,0,0,3000,0,0,0,3000,0,3000,3000
055661,亞德客中信98購01,0,0,0,0,0,0,0,0,0,3000,0,0,0,3000,0,3000,3000
058397,大成鋼元大99購02,0,0,0,0,0,0,0,0,0,3000,0,0,0,3000,0,3000,3000
057116,鴻海日盛9A購01  ,0,0,0,0,0,0,0,0,0,3000,0,0,0,4000,1000,3000,3000
057118,欣興日盛9A購01  ,0,0,0,0,0,0,0,0,0,3000,0,0,0,3000,0,3000,3000
057919,技嘉凱基98購03  ,0,0,0,0,0,0,0,0,0,3000,0,0,0,3000,0,3000,3000
06022P,緯穎永豐96售03  ,0,0,0,0,0,0,0,0,0,3000,0,0,0,3000,0,3000,3000
057654,A50正2中信98購01,0,0,0,0,0,0,0,0,0,3000,0,0,0,3000,0,3000,3000
05665P,台積電凱基96售08,0,0,0,0,0,0,0,0,0,3000,0,0,0,3000,0,3000,3000
056741,大立光凱基98購14,0,0,0,0,0,0,0,0,0,3000,0,0,0,48000,45000,3000,3000
056506,晶豪科永豐98購02,0,0,0,0,0,0,0,0,0,3000,0,0,0,3000,0,3000,3000
057642,南亞科元大98購07,0,0,0,0,0,0,0,0,0,3000,0,0,0,3000,0,3000,3000
059204,台灣50元大01購02,0,0,0,0,0,0,0,0,0,3000,0,0,0,3000,0,3000,3000
059210,鴻海元大99購26  ,0,0,0,0,0,0,0,0,0,3000,0,0,0,20000,17000,3000,3000
055732,全新元富9A購01  ,0,0,0,0,0,0,0,0,0,3000,0,0,0,10000,7000,3000,3000
059071,元油2X元大9C購12,0,0,0,0,0,0,0,0,0,3000,0,0,0,3000,0,3000,3000
07247P,聯發科凱基9A售06,0,0,0,0,0,0,0,0,0,3000,0,0,0,10000,7000,3000,3000
06951P,台積電統一9B售02,0,0,0,0,0,0,0,0,0,3000,0,0,0,3000,0,3000,3000
07092P,上銀凱基99售03  ,0,0,0,0,0,0,0,0,0,3000,0,0,0,3000,0,3000,3000
07150P,和碩元大99售01  ,0,0,0,0,0,0,0,0,0,3000,0,0,0,10000,7000,3000,3000
06593P,欣興元大98售05  ,0,0,0,0,0,0,0,0,0,3000,0,0,0,3000,0,3000,3000
06903P,技嘉凱基98售04  ,0,0,0,0,0,0,0,0,0,3000,0,0,0,3000,0,3000,3000
06880P,鈺齊凱基98售03  ,0,0,0,0,0,0,0,0,0,3000,0,0,0,3000,0,3000,3000
06326P,鴻海中信01售01  ,0,0,0,0,0,0,0,0,0,3000,0,0,0,3000,0,3000,3000
06508P,台灣50統一98售01,0,0,0,0,0,0,0,0,0,3000,0,0,0,3000,0,3000,3000
06514P,國巨凱基98售05  ,0,0,0,0,0,0,0,0,0,3000,0,0,0,3000,0,3000,3000
06263P,燿華凱基97售04  ,0,0,0,0,0,0,0,0,0,3000,0,0,0,3000,0,3000,3000
058177,華新科凱基99購02,0,0,0,0,0,0,0,0,0,3000,0,0,0,16000,13000,3000,3000
057893,亞德客元富98購03,0,0,0,0,0,0,0,0,0,3000,0,0,0,3000,0,3000,3000
057674,台郡元大99購03  ,0,0,0,0,0,0,0,0,0,3000,0,0,0,6000,3000,3000,3000
056428,台達電凱基99購01,0,0,0,0,0,0,0,0,0,3000,0,0,0,3000,0,3000,3000
059338,滬深2X凱基9C購02,0,0,0,0,0,0,0,0,0,3000,0,0,0,5000,2000,3000,3000
058127,FBVIX元大9C購01 ,0,0,0,0,0,0,0,0,0,3000,0,0,0,3000,0,3000,3000
058099,鴻海國泰9A購02  ,0,0,0,0,0,0,0,0,0,3000,0,0,0,3000,0,3000,3000
058103,台積電永豐98購06,0,0,0,0,0,0,0,0,0,3000,0,0,0,3000,0,3000,3000
058874,聯鈞國票9A購01  ,0,0,0,0,0,0,0,0,0,3000,0,0,0,5000,2000,3000,3000
058938,台積電中信01購03,0,0,0,0,0,0,0,0,0,3000,0,0,0,3000,0,3000,3000
05863P,滬深2X元大96售09,0,0,0,0,0,0,0,0,0,3000,0,0,0,3000,0,3000,3000
055094,智易群益98購01  ,0,0,0,0,0,0,0,0,0,3000,0,0,0,3000,0,3000,3000
055113,大立光凱基98購06,0,0,0,0,0,0,0,0,0,3000,0,0,0,3000,0,3000,3000
051746,玉晶光國泰97購07,0,0,0,0,0,0,0,0,0,3000,0,0,0,3000,0,3000,3000
054811,裕隆元大9A購01  ,0,0,0,0,0,0,0,0,0,3000,0,0,0,3000,0,3000,3000
054905,國揚康和97購01  ,0,0,0,0,0,0,0,0,0,3000,0,0,0,3000,0,3000,3000
054932,台肥元大97購01  ,0,0,0,0,0,0,0,0,0,3000,0,0,0,13000,10000,3000,3000
05282P,可成元大95售09  ,0,0,0,0,0,0,0,0,0,3000,0,0,0,3000,0,3000,3000
051990,泰碩元大95購01  ,0,0,0,0,0,0,0,0,0,3000,0,0,0,3000,0,3000,3000
052004,泰碩國泰97購03  ,0,0,0,0,0,0,0,0,0,3000,0,0,0,3000,0,3000,3000
052470,華新科亞東97購01,0,0,0,0,0,0,0,0,0,3000,0,0,0,2092000,2089000,3000,3000
052601,大成鋼元大96購01,0,0,0,0,0,0,0,0,0,3000,0,0,0,3000,0,3000,3000
048947,凌華永豐94購01  ,0,0,0,0,0,0,0,0,0,3000,0,0,0,3000,0,3000,3000
048895,光罩國泰95購01  ,0,0,0,0,0,0,0,0,0,3000,0,0,0,3000,0,3000,3000
05044P,亞德客永豐95售01,0,0,0,0,0,0,0,0,0,3000,0,0,0,3000,0,3000,3000
048270,T50反1富邦99購01,0,0,0,0,0,0,0,0,0,3000,0,0,0,3000,0,3000,3000
049352,泰鼎永豐95購01  ,0,0,0,0,0,0,0,0,0,3000,0,0,0,3000,0,3000,3000
055363,緯穎凱基98購03  ,0,0,0,0,0,0,0,0,0,3000,0,0,0,3000,0,3000,3000
051176,聯發科凱基95購07,0,0,0,0,0,0,0,0,0,3000,0,0,0,3000,0,3000,3000
05077P,智易群益95售02  ,0,0,0,0,0,0,0,0,0,3000,0,0,0,3000,0,3000,3000
042927,道瓊反中信94購01,0,0,0,0,0,0,0,0,0,3000,0,0,0,3000,0,3000,3000
050550,大立光凱基95購04,0,0,0,0,0,0,0,0,0,3000,0,0,0,3000,0,3000,3000
03433B,臺股指元大9C熊01,0,0,0,0,0,0,0,0,0,3000,0,0,0,12000,9000,3000,3000
03429B,臺股指元富97熊07,0,0,0,0,0,0,0,0,0,3000,0,0,0,3000,0,3000,3000
044105,聯詠中信95購01  ,0,0,0,0,0,0,0,0,0,3000,0,0,0,3000,0,3000,3000
04398P,致伸群益94售02  ,0,0,0,0,0,0,0,0,0,3000,0,0,0,3000,0,3000,3000
047296,日月光元富96購01,0,0,0,0,0,0,0,0,0,3000,0,0,0,3000,0,3000,3000
046628,大立光統一98購01,0,0,0,0,0,0,0,0,0,3000,0,0,0,3000,0,3000,3000
1454,台富            ,6000,3000,3000,0,0,0,0,0,0,0,0,0,0,0,0,0,3000
3432,台端            ,3000,0,3000,0,0,0,0,0,0,0,0,0,0,0,0,0,3000
3058,立德            ,12000,9000,3000,0,0,0,0,0,0,0,0,0,0,0,0,0,3000
3040,遠見            ,3000,0,3000,0,0,0,0,0,0,0,0,0,0,0,0,0,3000
2611,志信            ,3000,0,3000,0,0,0,0,0,0,0,0,0,0,0,0,0,3000
6525,捷敏-KY         ,33000,30000,3000,0,0,0,0,0,0,0,0,0,0,0,0,0,3000
4956,光鋐            ,58000,55000,3000,0,0,0,0,0,0,0,0,0,0,0,0,0,3000
4438,廣越            ,11000,8000,3000,0,0,0,0,0,0,0,0,0,0,0,0,0,3000
4737,華廣            ,19000,15000,4000,0,0,0,0,0,0,-1000,0,1000,-1000,0,0,0,3000
6216,居易            ,2000,0,2000,0,0,0,0,0,0,1000,1000,0,1000,0,0,0,3000
05805P,義隆永豐96售02  ,0,0,0,0,0,0,0,0,0,2000,0,0,0,2000,0,2000,2000
059366,台積電台新99購04,0,0,0,0,0,0,0,0,0,2000,0,0,0,2000,0,2000,2000
059409,台灣50國票9C購01,0,0,0,0,0,0,0,0,0,2000,0,0,0,2000,0,2000,2000
056444,南亞科凱基99購01,0,0,0,0,0,0,0,0,0,2000,0,0,0,2000,0,2000,2000
056463,台虹凱基98購02  ,0,0,0,0,0,0,0,0,0,2000,0,0,0,2000,0,2000,2000
057667,可成元大99購01  ,0,0,0,0,0,0,0,0,0,2000,0,0,0,2000,0,2000,2000
056127,致新國票98購02  ,0,0,0,0,0,0,0,0,0,2000,0,0,0,2000,0,2000,2000
059271,台灣50元大01購05,0,0,0,0,0,0,0,0,0,2000,0,0,0,2000,0,2000,2000
059256,臺股指凱基99購34,0,0,0,0,0,0,0,0,0,2000,0,0,0,2000,0,2000,2000
056384,玉晶光國泰9A購02,0,0,0,0,0,0,0,0,0,2000,0,0,0,2000,0,2000,2000
058167,鴻海凱基9A購03  ,0,0,0,0,0,0,0,0,0,2000,0,0,0,2000,0,2000,2000
058164,FBVIX凱基03購02 ,0,0,0,0,0,0,0,0,0,2000,0,0,0,2000,0,2000,2000
058132,義隆元大99購03  ,0,0,0,0,0,0,0,0,0,2000,0,0,0,20000,18000,2000,2000
06499P,臺股指元大9A售04,0,0,0,0,0,0,0,0,0,2000,0,0,0,2000,0,2000,2000
06375P,矽力元大97售06  ,0,0,0,0,0,0,0,0,0,2000,0,0,0,12000,10000,2000,2000
06423P,亞光台新97售01  ,0,0,0,0,0,0,0,0,0,2000,0,0,0,2000,0,2000,2000
06346P,聯鈞元富97售02  ,0,0,0,0,0,0,0,0,0,2000,0,0,0,22000,20000,2000,2000
06370P,貿聯凱基97售03  ,0,0,0,0,0,0,0,0,0,2000,0,0,0,5000,3000,2000,2000
06295P,國巨元大97售14  ,0,0,0,0,0,0,0,0,0,2000,0,0,0,2000,0,2000,2000
06803P,臺股指群益98售09,0,0,0,0,0,0,0,0,0,2000,0,0,0,5000,3000,2000,2000
06854P,鴻海富邦99售05  ,0,0,0,0,0,0,0,0,0,2000,0,0,0,2000,0,2000,2000
06621P,欣興元大98售06  ,0,0,0,0,0,0,0,0,0,2000,0,0,0,2000,0,2000,2000
06721P,臺股指中信9A售03,0,0,0,0,0,0,0,0,0,2000,0,0,0,2000,0,2000,2000
06688P,鴻海中信02售01  ,0,0,0,0,0,0,0,0,0,2000,0,0,0,2000,0,2000,2000
06734P,智邦凱基98售05  ,0,0,0,0,0,0,0,0,0,2000,0,0,0,2000,0,2000,2000
06668P,祥碩凱基98售02  ,0,0,0,0,0,0,0,0,0,2000,0,0,0,9000,7000,2000,2000
07067P,旺宏台新99售02  ,0,0,0,0,0,0,0,0,0,2000,0,0,0,2000,0,2000,2000
07031P,台灣50中信03售02,0,0,0,0,0,0,0,0,0,2000,0,0,0,2000,0,2000,2000
06935P,神達元大98售02  ,0,0,0,0,0,0,0,0,0,2000,0,0,0,3000,1000,2000,2000
1324,地球            ,0,0,0,0,0,0,0,0,0,2000,2000,0,2000,0,0,0,2000
05581P,華新科凱基96售07,0,0,0,0,0,0,0,0,0,2000,0,0,0,2000,0,2000,2000
05740P,宏達電元富96售01,0,0,0,0,0,0,0,0,0,2000,0,0,0,2000,0,2000,2000
059189,國泰金富邦9B購01,0,0,0,0,0,0,0,0,0,2000,0,0,0,102000,100000,2000,2000
059233,台灣50凱基9C購02,0,0,0,0,0,0,0,0,0,2000,0,0,0,2000,0,2000,2000
056644,宏達電凱基98購04,0,0,0,0,0,0,0,0,0,2000,0,0,0,2000,0,2000,2000
06007P,世芯永豐96售01  ,0,0,0,0,0,0,0,0,0,2000,0,0,0,2000,0,2000,2000
058011,台虹國票99購01  ,0,0,0,0,0,0,0,0,0,2000,0,0,0,2000,0,2000,2000
057097,致新元富98購01  ,0,0,0,0,0,0,0,0,0,2000,0,0,0,2000,0,2000,2000
057052,華擎元大98購01  ,0,0,0,0,0,0,0,0,0,2000,0,0,0,2000,0,2000,2000
058354,台積電凱基9A購06,0,0,0,0,0,0,0,0,0,2000,0,0,0,2000,0,2000,2000
058414,大立光兆豐99購02,0,0,0,0,0,0,0,0,0,2000,0,0,0,2000,0,2000,2000
058428,大立光元富99購02,0,0,0,0,0,0,0,0,0,2000,0,0,0,2000,0,2000,2000
055662,上銀中信99購01  ,0,0,0,0,0,0,0,0,0,2000,0,0,0,2000,0,2000,2000
055681,奇鋐凱基98購03  ,0,0,0,0,0,0,0,0,0,2000,0,0,0,2000,0,2000,2000
058581,大立光群益99購05,0,0,0,0,0,0,0,0,0,2000,0,0,0,2000,0,2000,2000
057337,聯發科國票99購02,0,0,0,0,0,0,0,0,0,2000,0,0,0,2000,0,2000,2000
06079P,燿華群益98售02  ,0,0,0,0,0,0,0,0,0,2000,0,0,0,5000,3000,2000,2000
057165,國巨元大99購05  ,0,0,0,0,0,0,0,0,0,2000,0,0,0,2000,0,2000,2000
057190,立積元大9A購02  ,0,0,0,0,0,0,0,0,0,2000,0,0,0,2000,0,2000,2000
06133P,帆宣元富97售02  ,0,0,0,0,0,0,0,0,0,2000,0,0,0,2000,0,2000,2000
06165P,臺股指凱基9A售03,0,0,0,0,0,0,0,0,0,2000,0,0,0,2000,0,2000,2000
04624P,台積電元大94售14,0,0,0,0,0,0,0,0,0,2000,0,0,0,2000,0,2000,2000
04628P,欣興元大95售01  ,0,0,0,0,0,0,0,0,0,2000,0,0,0,2000,0,2000,2000
047014,元油反元大99購01,0,0,0,0,0,0,0,0,0,2000,0,0,0,2000,0,2000,2000
04562P,南亞科凱基94售02,0,0,0,0,0,0,0,0,0,2000,0,0,0,2000,0,2000,2000
04583P,滬深2X永豐94售06,0,0,0,0,0,0,0,0,0,2000,0,0,0,2000,0,2000,2000
03022X,富展01          ,0,0,0,0,0,0,0,0,0,2000,0,0,0,2000,0,2000,2000
03025X,元展22          ,0,0,0,0,0,0,0,0,0,2000,0,0,0,2000,0,2000,2000
04479P,同欣電中信96售02,0,0,0,0,0,0,0,0,0,2000,0,0,0,2000,0,2000,2000
03428P,台積電元大02售28,0,0,0,0,0,0,0,0,0,2000,0,0,0,2000,0,2000,2000
03810P,大立光富邦98售01,0,0,0,0,0,0,0,0,0,2000,0,0,0,2000,0,2000,2000
050547,華新科凱基95購01,0,0,0,0,0,0,0,0,0,2000,0,0,0,2000,0,2000,2000
04263P,南電群益93售03  ,0,0,0,0,0,0,0,0,0,2000,0,0,0,2000,0,2000,2000
05082P,健策永豐95售02  ,0,0,0,0,0,0,0,0,0,2000,0,0,0,2000,0,2000,2000
050842,旺宏國票97購01  ,0,0,0,0,0,0,0,0,0,2000,0,0,0,2000,0,2000,2000
05104P,智邦台新95售02  ,0,0,0,0,0,0,0,0,0,2000,0,0,0,2000,0,2000,2000
047566,華新科國票94購02,0,0,0,0,0,0,0,0,0,2000,0,0,0,2000,0,2000,2000
051239,國巨元大96購02  ,0,0,0,0,0,0,0,0,0,2000,0,0,0,2000,0,2000,2000
053195,玉晶光元富96購02,0,0,0,0,0,0,0,0,0,2000,0,0,0,2000,0,2000,2000
055255,欣興統一97購02  ,0,0,0,0,0,0,0,0,0,2000,0,0,0,2000,0,2000,2000
053074,嘉晶永豐96購02  ,0,0,0,0,0,0,0,0,0,2000,0,0,0,2000,0,2000,2000
053021,國巨國泰97購04  ,0,0,0,0,0,0,0,0,0,2000,0,0,0,2000,0,2000,2000
052895,台積電群益96購04,0,0,0,0,0,0,0,0,0,2000,0,0,0,2000,0,2000,2000
049447,聯電統一94購01  ,0,0,0,0,0,0,0,0,0,2000,0,0,0,2000,0,2000,2000
049436,義隆國泰96購02  ,0,0,0,0,0,0,0,0,0,2000,0,0,0,2000,0,2000,2000
04938P,亞德客國票95售01,0,0,0,0,0,0,0,0,0,2000,0,0,0,2000,0,2000,2000
04871P,力成元富94售02  ,0,0,0,0,0,0,0,0,0,2000,0,0,0,2000,0,2000,2000
048385,亞德客國票94購01,0,0,0,0,0,0,0,0,0,2000,0,0,0,2000,0,2000,2000
050246,大立光凱基94購13,0,0,0,0,0,0,0,0,0,2000,0,0,0,2000,0,2000,2000
048902,昇陽半國泰96購01,0,0,0,0,0,0,0,0,0,2000,0,0,0,2000,0,2000,2000
052607,大立光元大96購03,0,0,0,0,0,0,0,0,0,2000,0,0,0,2000,0,2000,2000
052527,泰鼎元大96購02  ,2000,0,2000,0,0,0,0,0,0,0,0,0,0,2000,2000,0,2000
052679,致伸富邦98購01  ,0,0,0,0,0,0,0,0,0,2000,0,0,0,2000,0,2000,2000
052005,矽力國泰97購02  ,0,0,0,0,0,0,0,0,0,2000,0,0,0,2000,0,2000,2000
053495,聯發科兆豐96購02,0,0,0,0,0,0,0,0,0,2000,0,0,0,2000,0,2000,2000
055371,正崴元大97購02  ,0,0,0,0,0,0,0,0,0,2000,0,0,0,2000,0,2000,2000
053351,A50正2兆豐97購01,0,0,0,0,0,0,0,0,0,2000,0,0,0,2000,0,2000,2000
052809,訊芯元大97購01  ,0,0,0,0,0,0,0,0,0,2000,0,0,0,2000,0,2000,2000
052766,玉晶光群益9A購01,0,0,0,0,0,0,0,0,0,2000,0,0,0,2000,0,2000,2000
052171,台積電元大95購21,0,0,0,0,0,0,0,0,0,2000,0,0,0,2000,0,2000,2000
054898,台肥康和97購01  ,0,0,0,0,0,0,0,0,0,2000,0,0,0,2000,0,2000,2000
05478P,智伸科國票96售02,0,0,0,0,0,0,0,0,0,2000,0,0,0,2000,0,2000,2000
05453P,智邦群益95售03  ,0,0,0,0,0,0,0,0,0,2000,0,0,0,2000,0,2000,2000
054604,麗豐台新98購01  ,0,0,0,0,0,0,0,0,0,2000,0,0,0,2000,0,2000,2000
05173P,臺股指元大95售17,0,0,0,0,0,0,0,0,0,2000,0,0,0,2000,0,2000,2000
051561,玉晶光國泰97購04,0,0,0,0,0,0,0,0,0,2000,0,0,0,2000,0,2000,2000
05393P,鴻海統一95售14  ,0,0,0,0,0,0,0,0,0,2000,0,0,0,2000,0,2000,2000
054099,TPK國票98購01   ,0,0,0,0,0,0,0,0,0,2000,0,0,0,2000,0,2000,2000
055102,上銀凱基98購01  ,0,0,0,0,0,0,0,0,0,2000,0,0,0,2000,0,2000,2000
05500P,臺股指中信96售04,0,0,0,0,0,0,0,0,0,2000,0,0,0,2000,0,2000,2000
055014,達興元富97購01  ,0,0,0,0,0,0,0,0,0,2000,0,0,0,2000,0,2000,2000
054334,超眾永豐96購04  ,0,0,0,0,0,0,0,0,0,2000,0,0,0,2000,0,2000,2000
054504,聯鈞永豐96購01  ,0,0,0,0,0,0,0,0,0,2000,0,0,0,2000,0,2000,2000
058513,宏達電元大99購05,0,0,0,0,0,0,0,0,0,2000,0,0,0,2000,0,2000,2000
058729,國巨永豐99購03  ,0,0,0,0,0,0,0,0,0,2000,0,0,0,2000,0,2000,2000
054283,元油反元大99購02,0,0,0,0,0,0,0,0,0,2000,0,0,0,2000,0,2000,2000
058925,旭富元富99購02  ,0,0,0,0,0,0,0,0,0,2000,0,0,0,2000,0,2000,2000
058250,台虹元大99購01  ,0,0,0,0,0,0,0,0,0,2000,0,0,0,2000,0,2000,2000
058257,聯陽國泰9B購01  ,0,0,0,0,0,0,0,0,0,2000,0,0,0,2000,0,2000,2000
5533,皇鼎            ,2000,0,2000,0,0,0,0,0,0,0,0,0,0,0,0,0,2000
6133,金橋            ,0,0,0,0,0,0,0,0,0,2000,2000,0,2000,0,0,0,2000
5007,三星            ,3000,1000,2000,0,0,0,0,0,0,0,0,0,0,0,0,0,2000
6405,悅城            ,2000,1000,1000,0,0,0,0,0,0,1000,1000,0,1000,0,0,0,2000
6655,科定            ,0,0,0,0,0,0,0,0,0,2000,2000,0,2000,0,0,0,2000
2891C,中信金丙特      ,0,0,0,0,0,0,0,0,0,2000,3000,0,3000,0,1000,-1000,2000
2936,客思達-KY       ,2000,0,2000,0,0,0,0,0,0,0,0,0,0,0,0,0,2000
1414,東和            ,5000,3000,2000,0,0,0,0,0,0,0,0,0,0,0,0,0,2000
2427,三商電          ,0,0,0,0,0,0,0,0,0,2000,2000,0,2000,0,0,0,2000
2415,錩新            ,2000,0,2000,0,0,0,0,0,0,0,0,0,0,0,0,0,2000
2305,全友            ,0,0,0,0,0,0,0,0,0,2000,2000,0,2000,0,0,0,2000
2505,國揚            ,239457,328000,-88543,0,0,0,0,0,0,90000,0,0,0,90000,0,90000,1457
01004T,土銀富邦R2      ,8432,7000,1432,0,0,0,0,0,0,0,0,0,0,0,0,0,1432
2534,宏盛            ,200032,199000,1032,0,0,0,0,0,0,0,0,0,0,0,0,0,1032
06162P,大立光群益97售02,0,0,0,0,0,0,0,0,0,1000,0,0,0,1000,0,1000,1000
06172P,台虹永豐97售02  ,0,0,0,0,0,0,0,0,0,1000,0,0,0,1000,0,1000,1000
058566,聯發科凱基9A購02,0,0,0,0,0,0,0,0,0,1000,0,0,0,1000,0,1000,1000
057159,晶技永豐98購01  ,0,0,0,0,0,0,0,0,0,1000,0,0,0,1000,0,1000,1000
055522,道瓊反群益01購01,0,0,0,0,0,0,0,0,0,1000,0,0,0,1000,0,1000,1000
06082P,華通統一98售01  ,0,0,0,0,0,0,0,0,0,1000,0,0,0,1000,0,1000,1000
06077P,GIS凱基97售02   ,0,0,0,0,0,0,0,0,0,1000,0,0,0,1000,0,1000,1000
057253,高股息中信99購02,0,0,0,0,0,0,0,0,0,1000,0,0,0,1000,0,1000,1000
057220,鈺齊群益98購01  ,0,0,0,0,0,0,0,0,0,1000,0,0,0,1000,0,1000,1000
059077,FBVIX元大99購05 ,0,0,0,0,0,0,0,0,0,1000,0,0,0,12000,11000,1000,1000
057294,台灣50永豐99購01,0,0,0,0,0,0,0,0,0,1000,0,0,0,1000,0,1000,1000
058587,台積電中信9C購03,0,0,0,0,0,0,0,0,0,1000,0,0,0,1000,0,1000,1000
058606,聯發科元大99購13,0,0,0,0,0,0,0,0,0,1000,0,0,0,1000,0,1000,1000
055534,晶技群益97購03  ,0,0,0,0,0,0,0,0,0,1000,0,0,0,1000,0,1000,1000
055669,緯穎群益97購02  ,0,0,0,0,0,0,0,0,0,1000,0,0,0,1000,0,1000,1000
055640,鴻海元富97購03  ,0,0,0,0,0,0,0,0,0,1000,0,0,0,1000,0,1000,1000
058436,聯發科統一9B購03,0,0,0,0,0,0,0,0,0,1000,0,0,0,1000,0,1000,1000
058355,旺宏凱基99購04  ,0,0,0,0,0,0,0,0,0,1000,0,0,0,1000,0,1000,1000
058401,華航元大9A購01  ,0,0,0,0,0,0,0,0,0,1000,0,0,0,1000,0,1000,1000
057044,旺宏元大98購08  ,0,0,0,0,0,0,0,0,0,1000,0,0,0,1000,0,1000,1000
057104,康友中信99購01  ,0,0,0,0,0,0,0,0,0,1000,0,0,0,1000,0,1000,1000
057054,立積元大98購03  ,0,0,0,0,0,0,0,0,0,1000,0,0,0,1000,0,1000,1000
057973,神達富邦9A購01  ,0,0,0,0,0,0,0,0,0,1000,0,0,0,1000,0,1000,1000
058020,大立光凱基99購03,0,0,0,0,0,0,0,0,0,1000,0,0,0,1000,0,1000,1000
055494,華新科元大98購01,0,0,0,0,0,0,0,0,0,1000,0,0,0,1000,0,1000,1000
056719,台虹永豐98購01  ,0,0,0,0,0,0,0,0,0,1000,0,0,0,1000,0,1000,1000
056697,緯穎群益98購01  ,0,0,0,0,0,0,0,0,0,1000,0,0,0,1000,0,1000,1000
056699,光罩國泰99購01  ,0,0,0,0,0,0,0,0,0,1000,0,0,0,1000,0,1000,1000
056769,國產元大98購01  ,0,0,0,0,0,0,0,0,0,1000,0,0,0,1000,0,1000,1000
05692P,聯發科中信9A售02,0,0,0,0,0,0,0,0,0,1000,0,0,0,1000,0,1000,1000
056941,台郡元富9B購01  ,0,0,0,0,0,0,0,0,0,1000,0,0,0,1000,0,1000,1000
056905,欣興元大98購03  ,0,0,0,0,0,0,0,0,0,1000,0,0,0,1000,0,1000,1000
056899,可成元大98購01  ,0,0,0,0,0,0,0,0,0,1000,0,0,0,1000,0,1000,1000
056552,台表科凱基99購01,0,0,0,0,0,0,0,0,0,1000,0,0,0,1000,0,1000,1000
056566,臻鼎群益98購01  ,0,0,0,0,0,0,0,0,0,1000,0,0,0,1000,0,1000,1000
059190,欣興富邦9A購01  ,0,0,0,0,0,0,0,0,0,1000,0,0,0,1000,0,1000,1000
057589,超眾國票9A購01  ,0,0,0,0,0,0,0,0,0,1000,0,0,0,1000,0,1000,1000
059092,聯陽元大99購01  ,0,0,0,0,0,0,0,0,0,1000,0,0,0,1000,0,1000,1000
057523,大成鋼元大99購01,0,0,0,0,0,0,0,0,0,1000,0,0,0,1000,0,1000,1000
057490,可成元大98購10  ,0,0,0,0,0,0,0,0,0,1000,0,0,0,1000,0,1000,1000
055988,矽力元富97購01  ,0,0,0,0,0,0,0,0,0,1000,0,0,0,1000,0,1000,1000
05756P,臺股指中信99售05,0,0,0,0,0,0,0,0,0,1000,0,0,0,1000,0,1000,1000
055844,大毅元大98購01  ,0,0,0,0,0,0,0,0,0,1000,0,0,0,11000,10000,1000,1000
059117,禾伸堂永豐99購01,0,0,0,0,0,0,0,0,0,1000,0,0,0,1000,0,1000,1000
059144,嘉晶國票9A購02  ,0,0,0,0,0,0,0,0,0,1000,0,0,0,1000,0,1000,1000
1307,三芳            ,3000,2000,1000,0,0,0,0,0,0,0,0,0,0,0,0,0,1000
1234,黑松            ,2000,1000,1000,0,0,0,0,0,0,0,0,0,0,0,0,0,1000
1236,宏亞            ,1000,0,1000,0,0,0,0,0,0,0,0,0,0,0,0,0,1000
08163P,T50正2中信95售01,0,0,0,0,0,0,0,0,0,1000,0,0,0,1000,0,1000,1000
08218P,滬深2X凱基96售01,0,0,0,0,0,0,0,0,0,1000,0,0,0,1000,0,1000,1000
06993P,鴻海凱基99售05  ,0,0,0,0,0,0,0,0,0,1000,0,0,0,1000,0,1000,1000
06995P,臺股指凱基99售16,0,0,0,0,0,0,0,0,0,1000,0,0,0,1000,0,1000,1000
06972P,聯發科元大99售04,0,0,0,0,0,0,0,0,0,1000,0,0,0,1000,0,1000,1000
07043P,國巨元大99售14  ,0,0,0,0,0,0,0,0,0,1000,0,0,0,1000,0,1000,1000
07044P,台積電元大99售13,0,0,0,0,0,0,0,0,0,1000,0,0,0,1000,0,1000,1000
07104P,聯發科元富99售04,0,0,0,0,0,0,0,0,0,1000,0,0,0,1000,0,1000,1000
07089P,臺指2X中信01售01,0,0,0,0,0,0,0,0,0,1000,0,0,0,1000,0,1000,1000
07222P,台灣50元大01售04,0,0,0,0,0,0,0,0,0,1000,0,0,0,1000,0,1000,1000
06658P,台灣50富邦9C售01,0,0,0,0,0,0,0,0,0,1000,0,0,0,1000,0,1000,1000
06726P,欣興元富98售04  ,0,0,0,0,0,0,0,0,0,1000,0,0,0,1000,0,1000,1000
06696P,台灣50國票99售01,0,0,0,0,0,0,0,0,0,1000,0,0,0,1000,0,1000,1000
06646P,國巨元大98售16  ,0,0,0,0,0,0,0,0,0,1000,0,0,0,1000,0,1000,1000
06602P,國巨統一99售02  ,0,0,0,0,0,0,0,0,0,1000,0,0,0,1000,0,1000,1000
06613P,華新科富邦9A售03,0,0,0,0,0,0,0,0,0,1000,0,0,0,11000,10000,1000,1000
06538P,國巨凱基98售11  ,0,0,0,0,0,0,0,0,0,1000,0,0,0,1000,0,1000,1000
06548P,大立光元大98售10,0,0,0,0,0,0,0,0,0,1000,0,0,0,1000,0,1000,1000
06549P,大立光元大98售11,0,0,0,0,0,0,0,0,0,1000,0,0,0,1000,0,1000,1000
06895P,台灣50統一9A售01,0,0,0,0,0,0,0,0,0,1000,0,0,0,1000,0,1000,1000
06929P,鴻海元大99售11  ,0,0,0,0,0,0,0,0,0,1000,0,0,0,26000,25000,1000,1000
06931P,大立光元大98售20,0,0,0,0,0,0,0,0,0,1000,0,0,0,1000,0,1000,1000
06309P,光罩元富97售03  ,0,0,0,0,0,0,0,0,0,1000,0,0,0,13000,12000,1000,1000
06294P,臺股指國票97售08,0,0,0,0,0,0,0,0,0,1000,0,0,0,1000,0,1000,1000
06432P,上銀群益98售01  ,0,0,0,0,0,0,0,0,0,1000,0,0,0,1000,0,1000,1000
06510P,燿華永豐98售03  ,0,0,0,0,0,0,0,0,0,1000,0,0,0,1000,0,1000,1000
06493P,聯發科永豐98售02,0,0,0,0,0,0,0,0,0,1000,0,0,0,1000,0,1000,1000
058129,國巨元大99購10  ,0,0,0,0,0,0,0,0,0,1000,0,0,0,1000,0,1000,1000
058147,鈺齊元大99購01  ,0,0,0,0,0,0,0,0,0,1000,0,0,0,1000,0,1000,1000
06229P,欣興凱基97售07  ,0,0,0,0,0,0,0,0,0,1000,0,0,0,1000,0,1000,1000
06230P,亞德客永豐97售03,0,0,0,0,0,0,0,0,0,1000,0,0,0,1000,0,1000,1000
056362,聯發科元大99購01,0,0,0,0,0,0,0,0,0,1000,0,0,0,1000,0,1000,1000
056273,祥碩統一97購02  ,0,0,0,0,0,0,0,0,0,1000,0,0,0,331000,330000,1000,1000
05778P,台積電統一96售05,0,0,0,0,0,0,0,0,0,1000,0,0,0,1000,0,1000,1000
05862P,大立光國泰98售01,0,0,0,0,0,0,0,0,0,1000,0,0,0,1000,0,1000,1000
059258,台灣50群益99購01,0,0,0,0,0,0,0,0,0,1000,0,0,0,3000,2000,1000,1000
057838,台郡國泰99購01  ,0,0,0,0,0,0,0,0,0,1000,0,0,0,1000,0,1000,1000
057867,大立光凱基98購17,0,0,0,0,0,0,0,0,0,1000,0,0,0,1000,0,1000,1000
056402,智易群益98購02  ,0,0,0,0,0,0,0,0,0,1000,0,0,0,1000,0,1000,1000
057749,華新科國票99購01,0,0,0,0,0,0,0,0,0,1000,0,0,0,1000,0,1000,1000
056470,旺宏元大99購01  ,0,0,0,0,0,0,0,0,0,1000,0,0,0,1000,0,1000,1000
056425,聯發科日盛9A購01,0,0,0,0,0,0,0,0,0,1000,0,0,0,1000,0,1000,1000
056450,可成凱基98購05  ,0,0,0,0,0,0,0,0,0,1000,0,0,0,1000,0,1000,1000
059331,台灣50國票9A購06,0,0,0,0,0,0,0,0,0,1000,0,0,0,1000,0,1000,1000
059376,國巨群益99購09  ,0,0,0,0,0,0,0,0,0,1000,0,0,0,1000,0,1000,1000
059287,華通元富99購03  ,0,0,0,0,0,0,0,0,0,1000,0,0,0,1000,0,1000,1000
058074,欣興凱基99購01  ,0,0,0,0,0,0,0,0,0,1000,0,0,0,91000,90000,1000,1000
058042,鴻海元大98購12  ,0,0,0,0,0,0,0,0,0,1000,0,0,0,1000,0,1000,1000
059456,智易永豐99購01  ,0,0,0,0,0,0,0,0,0,1000,0,0,0,10000,9000,1000,1000
059477,FBVIX群益99購01 ,0,0,0,0,0,0,0,0,0,1000,0,0,0,1000,0,1000,1000
059499,滬深2X元富9C購07,0,0,0,0,0,0,0,0,0,1000,0,0,0,11000,10000,1000,1000
006204,永豐臺灣加權    ,0,0,0,0,0,0,0,0,0,1000,0,0,0,6000,5000,1000,1000
0057,富邦摩台        ,0,0,0,0,0,0,0,0,0,1000,0,0,0,23000,22000,1000,1000
03019X,元展19          ,0,0,0,0,0,0,0,0,0,1000,0,0,0,1000,0,1000,1000
03039X,元展36          ,0,0,0,0,0,0,0,0,0,1000,0,0,0,2000,1000,1000,1000
047316,大立光元大94購01,0,0,0,0,0,0,0,0,0,1000,0,0,0,1000,0,1000,1000
047151,台積電國票94購02,0,0,0,0,0,0,0,0,0,1000,0,0,0,1000,0,1000,1000
04410P,大立光統一94售05,0,0,0,0,0,0,0,0,0,1000,0,0,0,1000,0,1000,1000
044088,國巨元富95購01  ,0,0,0,0,0,0,0,0,0,1000,0,0,0,1000,0,1000,1000
043642,元金2X國票97購01,0,0,0,0,0,0,0,0,0,1000,0,0,0,1000,0,1000,1000
04379P,大立光元大94售06,0,0,0,0,0,0,0,0,0,1000,0,0,0,11000,10000,1000,1000
04568P,瑞昱兆豐94售02  ,0,0,0,0,0,0,0,0,0,1000,0,0,0,1000,0,1000,1000
04642P,台積電凱基94售20,0,0,0,0,0,0,0,0,0,1000,0,0,0,1000,0,1000,1000
046476,鴻海統一96購01  ,0,0,0,0,0,0,0,0,0,1000,0,0,0,1000,0,1000,1000
04761P,可成凱基94售09  ,0,0,0,0,0,0,0,0,0,1000,0,0,0,1000,0,1000,1000
04755P,大立光元富94售07,0,0,0,0,0,0,0,0,0,1000,0,0,0,1000,0,1000,1000
04748P,臺股指元大94售23,0,0,0,0,0,0,0,0,0,1000,0,0,0,1000,0,1000,1000
05099P,台積電凱基95售06,0,0,0,0,0,0,0,0,0,1000,0,0,0,1000,0,1000,1000
050971,緯穎永豐95購01  ,0,0,0,0,0,0,0,0,0,1000,0,0,0,1000,0,1000,1000
050807,群臺反凱基95購01,0,0,0,0,0,0,0,0,0,1000,0,0,0,1000,0,1000,1000
050719,世紀鋼群益96購01,0,0,0,0,0,0,0,0,0,1000,0,0,0,5000,4000,1000,1000
050729,聯鈞國票94購01  ,0,0,0,0,0,0,0,0,0,1000,0,0,0,1000,0,1000,1000
042676,臺指反元大93購01,0,0,0,0,0,0,0,0,0,1000,0,0,0,1000,0,1000,1000
042556,台灣50中信96購04,0,0,0,0,0,0,0,0,0,1000,0,0,0,1000,0,1000,1000
04293P,滬深2X元大96售02,0,0,0,0,0,0,0,0,0,1000,0,0,0,7000,6000,1000,1000
03960P,新日興元富96售02,0,0,0,0,0,0,0,0,0,1000,0,0,0,1000,0,1000,1000
040215,上証反凱基95購01,0,0,0,0,0,0,0,0,0,1000,0,0,0,1000,0,1000,1000
05062P,大立光富邦98售03,0,0,0,0,0,0,0,0,0,1000,0,0,0,1000,0,1000,1000
03828P,致茂中信95售01  ,0,0,0,0,0,0,0,0,0,1000,0,0,0,1000,0,1000,1000
03560P,台積電兆豐03售10,0,0,0,0,0,0,0,0,0,1000,0,0,0,1000,0,1000,1000
036628,統一台新99購01  ,0,0,0,0,0,0,0,0,0,1000,0,0,0,1000,0,1000,1000
04464P,可成元富94售04  ,0,0,0,0,0,0,0,0,0,1000,0,0,0,1000,0,1000,1000
04905P,國巨國票94售04  ,0,0,0,0,0,0,0,0,0,1000,0,0,0,1000,0,1000,1000
050266,兆豐金元大94購01,0,0,0,0,0,0,0,0,0,1000,0,0,0,1000,0,1000,1000
050056,國巨凱基94購04  ,0,0,0,0,0,0,0,0,0,1000,0,0,0,1000,0,1000,1000
049630,臺股指群益94購03,0,0,0,0,0,0,0,0,0,1000,0,0,0,1000,0,1000,1000
048498,嘉澤元大94購01  ,0,0,0,0,0,0,0,0,0,1000,0,0,0,1000,0,1000,1000
048788,華新科元大95購02,0,0,0,0,0,0,0,0,0,1000,0,0,0,1000,0,1000,1000
048594,泰鼎群益93購02  ,0,0,0,0,0,0,0,0,0,1000,0,0,0,1000,0,1000,1000
04947P,聯詠元大94售05  ,0,0,0,0,0,0,0,0,0,1000,0,0,0,1000,0,1000,1000
049856,緯穎群益94購02  ,0,0,0,0,0,0,0,0,0,1000,0,0,0,1000,0,1000,1000
053118,大立光中信9C購01,0,0,0,0,0,0,0,0,0,1000,0,0,0,1000,0,1000,1000
053135,信邦國票96購01  ,0,0,0,0,0,0,0,0,0,1000,0,0,0,1000,0,1000,1000
055232,泰碩國票98購01  ,0,0,0,0,0,0,0,0,0,1000,0,0,0,1000,0,1000,1000
053197,超眾元富96購02  ,0,0,0,0,0,0,0,0,0,1000,0,0,0,1000,0,1000,1000
055349,京元電凱基97購02,0,0,0,0,0,0,0,0,0,1000,0,0,0,3000,2000,1000,1000
055301,台虹元大97購01  ,0,0,0,0,0,0,0,0,0,1000,0,0,0,1000,0,1000,1000
058312,大毅國泰9B購01  ,0,0,0,0,0,0,0,0,0,1000,0,0,0,1000,0,1000,1000
058313,台積電富邦9B購04,0,0,0,0,0,0,0,0,0,1000,0,0,0,1000,0,1000,1000
058862,聯發科凱基99購08,0,0,0,0,0,0,0,0,0,1000,0,0,0,1000,0,1000,1000
058911,茂林元大99購04  ,0,0,0,0,0,0,0,0,0,1000,0,0,0,1000,0,1000,1000
058895,鴻海元大99購20  ,0,0,0,0,0,0,0,0,0,1000,0,0,0,1000,0,1000,1000
058776,台積電國票9A購03,0,0,0,0,0,0,0,0,0,1000,0,0,0,1000,0,1000,1000
054282,泰鼎群益98購02  ,0,0,0,0,0,0,0,0,0,1000,0,0,0,1000,0,1000,1000
058457,創意永豐99購01  ,0,0,0,0,0,0,0,0,0,1000,0,0,0,1000,0,1000,1000
058464,矽創兆豐9A購01  ,0,0,0,0,0,0,0,0,0,1000,0,0,0,1000,0,1000,1000
058484,元金2X國票04購01,0,0,0,0,0,0,0,0,0,1000,0,0,0,1000,0,1000,1000
054448,矽力兆豐96購01  ,0,0,0,0,0,0,0,0,0,1000,0,0,0,1000,0,1000,1000
054420,緯穎元大96購08  ,0,0,0,0,0,0,0,0,0,1000,0,0,0,11000,10000,1000,1000
051402,玉晶光永豐95購04,0,0,0,0,0,0,0,0,0,1000,0,0,0,1000,0,1000,1000
051354,聯發科元大95購09,0,0,0,0,0,0,0,0,0,1000,0,0,0,1000,0,1000,1000
051458,臺股指元大95購18,0,0,0,0,0,0,0,0,0,1000,0,0,0,1000,0,1000,1000
051490,世芯凱基96購01  ,0,0,0,0,0,0,0,0,0,1000,0,0,0,1000,0,1000,1000
053891,欣興群益98購01  ,0,0,0,0,0,0,0,0,0,1000,0,0,0,1000,0,1000,1000
051536,玉晶光國票97購01,0,0,0,0,0,0,0,0,0,1000,0,0,0,1000,0,1000,1000
051560,玉晶光國泰97購03,0,0,0,0,0,0,0,0,0,1000,0,0,0,1000,0,1000,1000
051650,矽力永豐95購01  ,0,0,0,0,0,0,0,0,0,1000,0,0,0,1000,0,1000,1000
051627,華新科麥證95購03,0,0,0,1000,0,1000,0,0,0,1000,0,0,0,1000,0,1000,1000
051728,道瓊反國票97購01,0,0,0,0,0,0,0,0,0,1000,0,0,0,1000,0,1000,1000
051828,微星元大95購03  ,0,0,0,0,0,0,0,0,0,1000,0,0,0,14000,13000,1000,1000
054682,東元永豐97購01  ,0,0,0,0,0,0,0,0,0,1000,0,0,0,1000,0,1000,1000
054783,國巨群益98購04  ,0,0,0,0,0,0,0,0,0,1000,0,0,0,1000,0,1000,1000
054831,緯穎國泰98購01  ,0,0,0,0,0,0,0,0,0,1000,0,0,0,1000,0,1000,1000
054887,大毅統一98購01  ,0,0,0,0,0,0,0,0,0,1000,0,0,0,50000,49000,1000,1000
05494P,華邦電統一95售02,0,0,0,0,0,0,0,0,0,1000,0,0,0,1000,0,1000,1000
054922,文曄凱基98購01  ,0,0,0,0,0,0,0,0,0,1000,0,0,0,1000,0,1000,1000
052202,矽力統一96購01  ,0,0,0,0,0,0,0,0,0,1000,0,0,0,1000,0,1000,1000
052069,聯茂兆豐96購01  ,0,0,0,0,0,0,0,0,0,1000,0,0,0,1000,0,1000,1000
053708,道瓊反凱基98購01,0,0,0,0,0,0,0,0,0,1000,0,0,0,1000,0,1000,1000
053619,和碩群益96購01  ,0,0,0,0,0,0,0,0,0,1000,0,0,0,1000,0,1000,1000
053320,華新科群益97購01,0,0,0,0,0,0,0,0,0,1000,0,0,0,1000,0,1000,1000
053355,超眾兆豐97購01  ,0,0,0,0,0,0,0,0,0,1000,0,0,0,1000,0,1000,1000
051283,亞德客統一95購01,0,0,0,0,0,0,0,0,0,1000,0,0,0,1000,0,1000,1000
05237P,為升永豐95售01  ,0,0,0,0,0,0,0,0,0,1000,0,0,0,1000,0,1000,1000
052341,泰鼎凱基96購02  ,0,0,0,0,0,0,0,0,0,1000,0,0,0,1000,0,1000,1000
052686,華新科元大96購03,0,0,0,0,0,0,0,0,0,1000,0,0,0,1000,0,1000,1000
05246P,南電元大95售04  ,0,0,0,0,0,0,0,0,0,1000,0,0,0,52000,51000,1000,1000
052579,亞泥元富96購01  ,0,0,0,0,0,0,0,0,0,1000,0,0,0,1000,0,1000,1000
052546,友達中信98購01  ,0,0,0,0,0,0,0,0,0,1000,0,0,0,1000,0,1000,1000
2462,良得電          ,0,0,0,0,0,0,0,0,0,1000,1000,0,1000,0,0,0,1000
2465,麗臺            ,1000,0,1000,0,0,0,0,0,0,0,0,0,0,0,0,0,1000
2923,鼎固-KY         ,1000,0,1000,0,0,0,0,0,0,0,0,0,0,0,0,0,1000
2033,佳大            ,1000,0,1000,0,0,0,0,0,0,0,0,0,0,0,0,0,1000
2009,第一銅          ,1000,0,1000,0,0,0,0,0,0,0,0,0,0,0,0,0,1000
1443,立益            ,1000,0,1000,0,0,0,0,0,0,0,0,0,0,0,0,0,1000
6666,羅麗芬-KY       ,9000,8000,1000,0,0,0,0,0,0,0,0,0,0,0,0,0,1000
6442,光聖            ,2000,2000,0,0,0,0,0,0,0,1000,1000,0,1000,0,0,0,1000
9906,欣巴巴          ,1000,0,1000,0,0,0,0,0,0,0,0,0,0,0,0,0,1000
8488,吉源-KY         ,1000,0,1000,0,0,0,0,0,0,0,0,0,0,0,0,0,1000
8374,羅昇            ,5000,4000,1000,0,0,0,0,0,0,0,0,0,0,0,0,0,1000
9937,全國            ,1000,0,1000,0,0,0,0,0,0,0,0,0,0,0,0,0,1000
4930,燦星網          ,3000,2000,1000,0,0,0,0,0,0,0,0,0,0,0,0,0,1000
5906,台南-KY         ,1000,0,1000,0,0,0,0,0,0,0,0,0,0,0,0,0,1000
5521,工信            ,229000,228000,1000,0,0,0,0,0,0,0,0,0,0,0,0,0,1000
6152,百一            ,3000,2000,1000,0,0,0,0,0,0,0,0,0,0,0,0,0,1000
059508,聯發科永豐99購03,0,0,0,0,0,0,0,0,0,0,0,0,0,145000,145000,0,0
059588,鴻海元大99購32  ,0,0,0,0,0,0,0,0,0,0,0,0,0,6000,6000,0,0
058079,鴻海群益98購08  ,0,0,0,0,0,0,0,0,0,0,0,0,0,1000,1000,0,0
058066,可成亞東99購01  ,0,0,0,0,0,0,0,0,0,0,0,0,0,10000,10000,0,0
059434,全新元大99購05  ,0,0,0,0,0,0,0,0,0,0,0,0,0,4000,4000,0,0
056479,玉晶光元大99購05,0,0,0,0,0,0,0,0,0,0,0,0,0,325000,325000,0,0
057758,鴻海凱基99購03  ,0,0,0,0,0,0,0,0,0,0,0,0,0,5000,5000,0,0
057690,美律凱基99購03  ,0,0,0,0,0,0,0,0,0,0,0,0,0,17000,17000,0,0
056063,大立光元大97購13,0,0,0,0,0,0,0,0,0,0,0,0,0,10000,10000,0,0
05786P,臺股指永昌96售03,0,0,0,0,0,0,0,0,0,0,0,0,0,11000,11000,0,0
05787P,臺股指永昌96售04,0,0,0,0,0,0,0,0,0,0,0,0,0,11000,11000,0,0
05788P,臺股指永昌96售05,0,0,0,0,0,0,0,0,0,0,0,0,0,11000,11000,0,0
05789P,臺股指永昌96售06,0,0,0,0,0,0,0,0,0,0,0,0,0,12000,12000,0,0
058233,聯發科元大99購06,0,0,0,0,0,0,0,0,0,0,0,0,0,10000,10000,0,0
058163,道瓊反凱基9B購01,0,0,0,0,0,0,0,0,0,0,0,0,0,10000,10000,0,0
058166,鴻海凱基9A購01  ,0,0,0,0,0,0,0,0,0,0,0,0,0,5000,5000,0,0
06911P,鴻海元大99售09  ,0,0,0,0,0,0,0,0,0,0,0,0,0,40000,40000,0,0
06887P,華新科元大98售04,0,0,0,0,0,0,0,0,0,0,0,0,0,10000,10000,0,0
06544P,鴻海元大98售09  ,0,0,0,0,0,0,0,0,0,0,0,0,0,90000,90000,0,0
06575P,大立光永昌99售02,0,0,0,0,0,0,0,0,0,0,0,0,0,10000,10000,0,0
06640P,國巨兆豐99售02  ,0,0,0,0,0,0,0,0,0,0,0,0,0,10000,10000,0,0
07038P,華新科台新99售01,0,0,0,0,0,0,0,0,0,0,0,0,0,670000,670000,0,0
07041P,T50反1元大9C售01,0,0,0,0,0,0,0,0,0,0,0,0,0,170000,170000,0,0
07042P,T50反1元大9C售02,0,0,0,0,0,0,0,0,0,0,0,0,0,180000,180000,0,0
07019P,鴻海台新99售01  ,0,0,0,0,0,0,0,0,0,0,0,0,0,500000,500000,0,0
06970P,旺宏元大99售08  ,0,0,0,0,0,0,0,0,0,0,0,0,0,57000,57000,0,0
07273P,台灣50群益99售03,0,0,0,0,0,0,0,0,0,0,0,0,0,6000,6000,0,0
055830,上銀元大97購07  ,0,0,0,0,0,0,0,0,0,0,0,0,0,10000,10000,0,0
055715,智邦元大97購04  ,0,0,0,0,0,0,0,0,0,0,0,0,0,25000,25000,0,0
055934,景碩群益98購03  ,0,0,0,0,0,0,0,0,0,0,0,0,0,20000,20000,0,0
057513,智邦台新98購01  ,0,0,0,0,0,0,0,0,0,0,0,0,0,50000,50000,0,0
057584,國巨亞東99購01  ,0,0,0,0,0,0,0,0,0,0,0,0,0,50000,50000,0,0
05653P,華邦電統一96售02,0,0,0,0,0,0,0,0,0,0,0,0,0,25000,25000,0,0
059237,鴻海凱基9A購10  ,0,0,0,0,0,0,0,0,0,0,0,0,0,2000,2000,0,0
056581,超眾元大99購01  ,0,0,0,0,0,0,0,0,0,0,0,0,0,40000,40000,0,0
056904,大立光元大99購05,0,0,0,0,0,0,0,0,0,0,0,0,0,10000,10000,0,0
056695,景碩群益99購01  ,0,0,0,0,0,0,0,0,0,0,0,0,0,60000,60000,0,0
055484,華通元大97購04  ,0,0,0,0,0,0,0,0,0,0,0,0,0,10000,10000,0,0
055511,大立光兆豐97購02,0,0,0,0,0,0,0,0,0,0,0,0,0,10000,10000,0,0
058969,亞德客永豐99購01,0,0,0,0,0,0,0,0,0,0,0,0,0,27000,27000,0,0
059076,FBVIX元大99購04 ,0,0,0,0,0,0,0,0,0,0,0,0,0,12000,12000,0,0
05980P,台積電永昌96售09,0,0,0,0,0,0,0,0,0,0,0,0,0,10000,10000,0,0
05983P,聯詠國票96售02  ,0,0,0,0,0,0,0,0,0,0,0,0,0,8000,8000,0,0
05996P,華新科群益96售03,0,0,0,0,0,0,0,0,0,0,0,0,0,16000,16000,0,0
057984,聯發科台新98購01,0,0,0,0,0,0,0,0,0,0,0,0,0,20000,20000,0,0
05969P,台積電台新96售04,0,0,0,0,0,0,0,0,0,0,0,0,0,10000,10000,0,0
056996,矽力日盛99購01  ,0,0,0,0,0,0,0,0,0,0,0,0,0,1000,1000,0,0
055538,鴻海日盛97購04  ,0,0,0,0,0,0,0,0,0,0,0,0,0,10000,10000,0,0
055582,亞德客元大97購01,0,0,0,0,0,0,0,0,0,0,0,0,0,10000,10000,0,0
058579,聯發科群益99購04,0,0,0,0,0,0,0,0,0,0,0,0,0,120000,120000,0,0
057371,可成元大98購08  ,0,0,0,0,0,0,0,0,0,0,0,0,0,7000,7000,0,0
057222,鴻海國票99購04  ,0,0,0,0,0,0,0,0,0,0,0,0,0,6000,6000,0,0
057216,聯發科群益99購01,0,0,0,0,0,0,0,0,0,0,0,0,0,100000,100000,0,0
057224,和碩日盛9A購01  ,0,0,0,0,0,0,0,0,0,0,0,0,0,5000,5000,0,0
05724P,致茂永豐96售01  ,0,0,0,0,0,0,0,0,0,0,0,0,0,20000,20000,0,0
057179,可成元大98購04  ,0,0,0,0,0,0,0,0,0,0,0,0,0,20000,20000,0,0
057195,南茂元大98購01  ,0,0,0,0,0,0,0,0,0,0,0,0,0,2000,2000,0,0
058565,鴻海凱基9A購07  ,0,0,0,0,0,0,0,0,0,0,0,0,0,5000,5000,0,0
05854P,華新科凱基96售09,0,0,0,0,0,0,0,0,0,0,0,0,0,225000,225000,0,0
06195P,台積電元富97售06,0,0,0,0,0,0,0,0,0,0,0,0,0,20000,20000,0,0
06198P,台積電元大98售06,0,0,0,0,0,0,0,0,0,0,0,0,0,150000,150000,0,0
06136P,華新科國泰99售02,0,0,0,0,0,0,0,0,0,0,0,0,0,130000,130000,0,0
06140P,華新科群益97售06,0,0,0,0,0,0,0,0,0,0,0,0,0,25000,25000,0,0
06103P,漢唐凱基97售02  ,0,0,0,0,0,0,0,0,0,0,0,0,0,10000,10000,0,0
06123P,玉晶光元大97售04,0,0,0,0,0,0,0,0,0,0,0,0,0,3000,3000,0,0
05262P,台積電元大95售19,0,0,0,0,0,0,0,0,0,0,0,0,0,20000,20000,0,0
052519,旺宏元大95購05  ,0,0,0,0,0,0,0,0,0,0,0,0,0,10000,10000,0,0
052676,聯發科永昌98購01,0,0,0,0,0,0,0,0,0,0,0,0,0,37000,37000,0,0
052671,祥碩群益96購01  ,0,0,0,0,0,0,0,0,0,0,0,0,0,4000,4000,0,0
052377,景碩元大96購02  ,0,0,0,0,0,0,0,0,0,0,0,0,0,10000,10000,0,0
052326,滬深反中信99購01,0,0,0,0,0,0,0,0,0,0,0,0,0,50000,50000,0,0
052409,國巨亞東95購01  ,0,0,0,0,0,0,0,0,0,0,0,0,0,30000,30000,0,0
053279,景碩元大97購01  ,0,0,0,0,0,0,0,0,0,0,0,0,0,10000,10000,0,0
05342P,臺股指兆豐95售03,0,0,0,0,0,0,0,0,0,0,0,0,0,1000,1000,0,0
053424,欣興永豐96購02  ,0,0,0,0,0,0,0,0,0,0,0,0,0,16000,16000,0,0
053494,南亞科兆豐96購02,0,0,0,0,0,0,0,0,0,0,0,0,0,10000,10000,0,0
053475,華新科元大96購05,0,0,0,0,0,0,0,0,0,0,0,0,0,10000,10000,0,0
05228P,大立光元富95售09,0,0,0,0,0,0,0,0,0,0,0,0,0,9000,9000,0,0
052246,超眾康和95購01  ,0,0,0,0,0,0,0,0,0,0,0,0,0,20000,20000,0,0
053772,大成鋼元大96購02,0,0,0,0,0,0,0,0,0,0,0,0,0,100000,100000,0,0
053768,S&P反1元大99購01,0,0,0,0,0,0,0,0,0,0,0,0,0,10000,10000,0,0
054952,大毅元大97購02  ,0,0,0,0,0,0,0,0,0,0,0,0,0,10000,10000,0,0
054901,群光康和97購01  ,0,0,0,0,0,0,0,0,0,0,0,0,0,20000,20000,0,0
054909,福懋科康和97購01,0,0,0,0,0,0,0,0,0,0,0,0,0,20000,20000,0,0
054621,華新科兆豐98購01,0,0,0,0,0,0,0,0,0,0,0,0,0,10000,10000,0,0
05454P,奇鋐群益95售04  ,0,0,0,0,0,0,0,0,0,0,0,0,0,1000,1000,0,0
051795,T50反1台新05購02,0,0,0,0,0,0,0,0,0,0,0,0,0,20000,20000,0,0
053970,聯發科元大97購08,0,0,0,0,0,0,0,0,0,0,0,0,0,100000,100000,0,0
05415P,台積電台新95售04,0,0,0,0,0,0,0,0,0,0,0,0,0,20000,20000,0,0
054036,T50反1元大96購08,0,0,0,0,0,0,0,0,0,0,0,0,0,10000,10000,0,0
054380,世芯群益97購02  ,0,0,0,0,0,0,0,0,0,0,0,0,0,50000,50000,0,0
058472,亞德客凱基9A購01,0,0,0,0,0,0,0,0,0,0,0,0,0,10000,10000,0,0
05846P,大立光元大96售07,0,0,0,0,0,0,0,0,0,0,0,0,0,10000,10000,0,0
05844P,旺宏元大96售07  ,0,0,0,0,0,0,0,0,0,0,0,0,0,9000,9000,0,0
054194,國巨麥證96購02  ,0,0,0,0,80000,-80000,0,0,0,0,0,0,0,80000,80000,0,0
058738,FBVIX中信03購04 ,0,3000,-3000,0,0,0,0,0,0,3000,0,0,0,3000,0,3000,0
058697,亞德客元大99購01,0,0,0,0,0,0,0,0,0,0,0,0,0,6000,6000,0,0
058679,可成日盛99購01  ,0,0,0,0,0,0,0,0,0,0,0,0,0,20000,20000,0,0
058681,大立光康和9B購01,0,0,0,0,0,0,0,0,0,0,0,0,0,40000,40000,0,0
058744,FBVIX凱基9C購03 ,0,0,0,0,0,0,0,0,0,0,0,0,0,39000,39000,0,0
051274,華新科亞東96購01,0,0,0,0,0,0,0,0,0,0,0,0,0,1520000,1520000,0,0
055259,玉晶光統一9A購01,0,0,0,0,0,0,0,0,0,0,0,0,0,40000,40000,0,0
053162,緯穎元大97購01  ,0,0,0,0,0,0,0,0,0,0,0,0,0,34000,34000,0,0
05317P,臺股指永昌95售02,0,0,0,0,0,0,0,0,0,0,0,0,0,10000,10000,0,0
049761,亞德客國泰95購03,0,0,0,0,0,0,0,0,0,0,0,0,0,10000,10000,0,0
049160,鴻海第一95購01  ,0,0,0,0,0,0,0,0,0,0,0,0,0,10000,10000,0,0
049137,華通元大95購02  ,0,0,0,0,0,0,0,0,0,0,0,0,0,10000,10000,0,0
049973,T50反1日盛9A購01,0,0,0,0,0,0,0,0,0,0,0,0,0,20000,20000,0,0
04857P,美律元富94售01  ,0,0,0,0,0,0,0,0,0,0,0,0,0,170000,170000,0,0
04837P,華新科元大94售05,0,0,0,0,0,0,0,0,0,0,0,0,0,323000,323000,0,0
049588,聯發科元大94購06,0,0,0,0,0,0,0,0,0,0,0,0,0,20000,20000,0,0
04955P,大立光日盛94售02,0,0,0,0,0,0,0,0,0,0,0,0,0,80000,80000,0,0
050106,台達電元大94購11,0,0,0,0,0,0,0,0,0,0,0,0,0,9000,9000,0,0
050262,台積電元大94購21,0,0,0,0,0,0,0,0,0,0,0,0,0,260000,260000,0,0
050256,臺指反元大98購03,0,1000,-1000,0,0,0,0,0,0,1000,0,0,0,1000,0,1000,0
050420,鴻海凱基95購03  ,0,0,0,0,0,0,0,0,0,0,0,0,0,4000,4000,0,0
050406,台積電台新95購02,0,0,0,0,0,0,0,0,0,0,0,0,0,10000,10000,0,0
050380,台積電亞東94購02,0,0,0,0,0,0,0,0,0,0,0,0,0,80000,80000,0,0
048901,矽格國泰95購01  ,0,0,0,0,0,0,0,0,0,0,0,0,0,67000,67000,0,0
048959,凌華康和94購01  ,0,0,0,0,0,0,0,0,0,0,0,0,0,20000,20000,0,0
05058P,燿華國票97售01  ,0,0,0,0,0,0,0,0,0,0,0,0,0,40000,40000,0,0
04028P,燿華凱基94售02  ,0,0,0,0,0,0,0,0,0,0,0,0,0,20000,20000,0,0
050809,鴻海凱基95購08  ,0,0,0,0,0,0,0,0,0,0,0,0,0,1000,1000,0,0
05097P,聯發科日盛95售01,0,0,0,0,0,0,0,0,0,0,0,0,0,10000,10000,0,0
05095P,景碩元大95售01  ,0,0,0,0,0,0,0,0,0,0,0,0,0,26000,26000,0,0
050818,華新科凱基95購02,0,0,0,0,0,0,0,0,0,0,0,0,0,10000,10000,0,0
047825,道瓊反元大96購01,0,0,0,0,0,0,0,0,0,0,0,0,0,21000,21000,0,0
04658P,臺股指永昌94售02,0,0,0,0,0,0,0,0,0,0,0,0,0,10000,10000,0,0
04571P,華新科國泰95售03,0,0,0,0,0,0,0,0,0,0,0,0,0,250000,250000,0,0
04401P,玉晶光兆豐94售01,0,0,0,0,0,0,0,0,0,0,0,0,0,10000,10000,0,0
04713P,創意元大95售01  ,0,0,0,0,0,0,0,0,0,0,0,0,0,1000,1000,0,0
00636K,國泰中國A50+U   ,0,0,0,0,0,0,0,0,0,0,0,0,0,100,100,0,0
00774B,新光中國政金綠債,0,0,0,0,0,0,0,0,0,0,0,0,0,2000,2000,0,0
00776,新光ICE美國權值 ,0,0,0,0,0,0,0,0,0,0,0,0,0,1000,1000,0,0
00657K,國泰日經225+U   ,0,0,0,0,0,0,0,0,0,0,0,0,0,100,100,0,0
00668K,國泰美國道瓊+U  ,0,0,0,0,0,0,0,0,0,0,0,0,0,200,200,0,0
00691R,兆豐藍籌30反1   ,0,0,0,0,0,0,0,0,0,0,0,0,0,1000,1000,0,0
03007X,元展07          ,0,0,0,0,0,0,0,0,0,0,0,0,0,5000,5000,0,0
6215,和椿            ,2000,2000,0,0,0,0,0,0,0,0,0,0,0,0,0,0,0
4526,東台            ,4000,4000,0,0,0,0,0,0,0,0,0,0,0,0,0,0,0
9103,美德醫療-DR     ,9000,9000,0,0,0,0,0,0,0,0,0,0,0,0,0,0,0
8249,菱光            ,38000,39000,-1000,0,0,0,0,0,0,1000,1000,0,1000,0,0,0,0
1516,川飛            ,1000,1000,0,0,0,0,0,0,0,0,0,0,0,0,0,0,0
1776,展宇            ,1000,1000,0,0,0,0,0,0,0,0,0,0,0,0,0,0,0
2024,志聯            ,3000,3000,0,0,0,0,0,0,0,0,0,0,0,0,0,0,0
2109,華豐            ,2000,2000,0,0,0,0,0,0,0,0,0,0,0,0,0,0,0
3002,歐格            ,1000,2000,-1000,0,0,0,0,0,0,1000,1000,0,1000,0,0,0,0
3257,虹冠電          ,3000,3000,0,0,0,0,0,0,0,0,0,0,0,0,0,0,0
2483,百容            ,2000,2000,0,0,0,0,0,0,0,0,0,0,0,0,0,0,0
2516,新建            ,4000,4000,0,0,0,0,0,0,0,0,0,0,0,0,0,0,0
2910,統領            ,1000,1000,0,0,0,0,0,0,0,0,0,0,0,0,0,0,0
06148P,台積電元大97售17,0,0,0,0,0,0,0,0,0,-1000,0,0,0,0,1000,-1000,-1000
06178P,大立光第一99售01,0,0,0,0,0,0,0,0,0,-1000,0,0,0,30000,31000,-1000,-1000
06156P,大立光統一97售05,0,0,0,0,0,0,0,0,0,-1000,0,0,0,0,1000,-1000,-1000
058523,聯茂元大99購08  ,0,0,0,0,0,0,0,0,0,-1000,0,0,0,0,1000,-1000,-1000
055508,矽力元大97購01  ,0,0,0,0,0,0,0,0,0,-1000,0,0,0,2000,3000,-1000,-1000
06072P,牧德永豐97售01  ,0,0,0,0,0,0,0,0,0,-1000,0,0,0,0,1000,-1000,-1000
06074P,台積電凱基98售04,0,0,0,0,0,0,0,0,0,-1000,0,0,0,30000,31000,-1000,-1000
06084P,宏達電元富97售02,0,0,0,0,0,0,0,0,0,-1000,0,0,0,0,1000,-1000,-1000
057308,同欣電兆豐99購01,0,0,0,0,0,0,0,0,0,-1000,0,0,0,0,1000,-1000,-1000
057276,全新元大99購03  ,0,0,0,0,0,0,0,0,0,-1000,0,0,0,0,1000,-1000,-1000
055551,致茂凱基98購01  ,0,0,0,0,0,0,0,0,0,-1000,0,0,0,0,1000,-1000,-1000
055693,南茂凱基97購01  ,0,0,0,0,0,0,0,0,0,-1000,0,0,0,0,1000,-1000,-1000
058403,玉晶光元大99購12,0,0,0,0,0,0,0,0,0,-1000,0,0,0,10000,11000,-1000,-1000
057117,開發金日盛9B購01,0,0,0,0,0,0,0,0,0,-1000,0,0,0,0,1000,-1000,-1000
05790P,臺股指永昌96售07,0,0,0,0,0,0,0,0,0,-1000,0,0,0,12000,13000,-1000,-1000
05970P,超眾永豐96售03  ,0,0,0,0,0,0,0,0,0,-1000,0,0,0,0,1000,-1000,-1000
05978P,麗豐永豐96售02  ,0,0,0,0,0,0,0,0,0,-1000,0,0,0,0,1000,-1000,-1000
06052P,台郡國票97售06  ,0,0,0,0,0,0,0,0,0,-1000,0,0,0,0,1000,-1000,-1000
06062P,宏達電元富97售01,0,0,0,0,0,0,0,0,0,-1000,0,0,0,0,1000,-1000,-1000
06067P,華新科康和97售01,0,0,0,0,0,0,0,0,0,-1000,0,0,0,145000,146000,-1000,-1000
055502,群創元大9C購03  ,0,0,0,0,0,0,0,0,0,-1000,0,0,0,0,1000,-1000,-1000
056732,國巨凱基98購07  ,0,0,0,0,0,0,0,0,0,-1000,0,0,0,0,1000,-1000,-1000
056891,國巨元大99購03  ,0,0,0,0,0,0,0,0,0,-1000,0,0,0,0,1000,-1000,-1000
056529,中環凱基98購01  ,0,0,0,0,0,0,0,0,0,-1000,0,0,0,0,1000,-1000,-1000
057601,中磊群益98購01  ,0,0,0,0,0,0,0,0,0,-1000,0,0,0,0,1000,-1000,-1000
059228,臺股指元大99購21,0,0,0,0,0,0,0,0,0,-1000,0,0,0,0,1000,-1000,-1000
059225,臺股指元大99購18,0,0,0,0,0,0,0,0,0,-1000,0,0,0,0,1000,-1000,-1000
055865,臺股指元大97購02,0,0,0,0,0,0,0,0,0,-1000,0,0,0,0,1000,-1000,-1000
057428,正崴兆豐98購01  ,0,0,0,0,0,0,0,0,0,-1000,0,0,0,0,1000,-1000,-1000
055994,聯發科國泰99購02,0,0,0,0,0,0,0,0,0,-1000,0,0,0,0,1000,-1000,-1000
059166,友達凱基99購05  ,0,0,0,0,0,0,0,0,0,-1000,0,0,0,0,1000,-1000,-1000
05580P,美律凱基96售03  ,0,0,0,0,0,0,0,0,0,-1000,0,0,0,1000,2000,-1000,-1000
07270P,台灣50元大01售09,0,0,0,0,0,0,0,0,0,-1000,0,0,0,0,1000,-1000,-1000
06962P,華新科永豐99售01,0,0,0,0,0,0,0,0,0,-1000,0,0,0,0,1000,-1000,-1000
07127P,精元元大99售01  ,0,0,0,0,0,0,0,0,0,-1000,0,0,0,0,1000,-1000,-1000
06656P,GIS元大98售02   ,0,0,0,0,0,0,0,0,0,-1000,0,0,0,0,1000,-1000,-1000
06711P,臺股指台新99售08,0,0,0,0,0,0,0,0,0,-1000,0,0,0,0,1000,-1000,-1000
06808P,電子類群益98售02,0,0,0,0,0,0,0,0,0,-1000,0,0,0,0,1000,-1000,-1000
06784P,臺股指元大98售01,0,0,0,0,0,0,0,0,0,-1000,0,0,0,0,1000,-1000,-1000
06753P,智邦富邦98售03  ,0,0,0,0,0,0,0,0,0,-1000,0,0,0,0,1000,-1000,-1000
058162,上銀日盛9B購01  ,0,0,0,0,0,0,0,0,0,-1000,0,0,0,0,1000,-1000,-1000
06245P,健策元富97售03  ,0,0,0,0,0,0,0,0,0,-1000,0,0,0,0,1000,-1000,-1000
06495P,華新科亞東9A售01,0,0,0,0,0,0,0,0,0,-1000,0,0,0,30000,31000,-1000,-1000
06515P,國巨凱基98售06  ,0,0,0,0,0,0,0,0,0,-1000,0,0,0,0,1000,-1000,-1000
06451P,聯發科元大98售04,0,0,0,0,0,0,0,0,0,-1000,0,0,0,0,1000,-1000,-1000
06303P,臺股指元大97售09,0,0,0,0,0,0,0,0,0,-1000,0,0,0,0,1000,-1000,-1000
06298P,聯發科元大97售20,0,0,0,0,0,0,0,0,0,-1000,0,0,0,0,1000,-1000,-1000
056376,玉晶光統一98購01,0,0,0,0,0,0,0,0,0,-1000,0,0,0,0,1000,-1000,-1000
056314,力成元大97購01  ,0,0,0,0,0,0,0,0,0,-1000,0,0,0,0,1000,-1000,-1000
05645P,聯發科凱基96售13,0,0,0,0,0,0,0,0,0,-1000,0,0,0,0,1000,-1000,-1000
05803P,臺股指兆豐96售03,0,0,0,0,0,0,0,0,0,-1000,0,0,0,9000,10000,-1000,-1000
058040,FBVIX元大98購01 ,0,0,0,0,0,0,0,0,0,-1000,0,0,0,2000,3000,-1000,-1000
059582,台灣50台新99購03,0,0,0,0,0,0,0,0,0,-1000,0,0,0,0,1000,-1000,-1000
059554,台灣50凱基99購08,0,0,0,0,0,0,0,0,0,-1000,0,0,0,0,1000,-1000,-1000
059551,T50正2康和99購02,0,0,0,0,0,0,0,0,0,-1000,0,0,0,0,1000,-1000,-1000
059496,T50正2元富99購03,0,0,0,0,0,0,0,0,0,-1000,0,0,0,0,1000,-1000,-1000
059488,大立光兆豐99購03,0,0,0,0,0,0,0,0,0,-1000,0,0,0,20000,21000,-1000,-1000
03010X,元展10          ,0,0,0,0,0,0,0,0,0,-1000,0,0,0,0,1000,-1000,-1000
00775B,新光投等債15+   ,2000,0,2000,0,0,0,0,0,0,-3000,0,0,0,2000,5000,-3000,-1000
047214,啟碁富邦97購01  ,0,0,0,0,0,0,0,0,0,-1000,0,0,0,0,1000,-1000,-1000
03052X,元展49          ,0,0,0,0,0,0,0,0,0,-1000,0,0,0,1000,2000,-1000,-1000
03060X,元展55          ,0,0,0,0,0,0,0,0,0,-1000,0,0,0,0,1000,-1000,-1000
03027X,元展24          ,0,0,0,0,0,0,0,0,0,-1000,0,0,0,0,1000,-1000,-1000
04376P,漢唐元大94售04  ,0,0,0,0,0,0,0,0,0,-1000,0,0,0,0,1000,-1000,-1000
04494P,台積電國票94售04,0,0,0,0,0,0,0,0,0,-1000,0,0,0,0,1000,-1000,-1000
04634P,臺股指群益94售09,0,0,0,0,0,0,0,0,0,-1000,0,0,0,3000,4000,-1000,-1000
04751P,智邦兆豐95售02  ,0,0,0,0,0,0,0,0,0,-1000,0,0,0,0,1000,-1000,-1000
05096P,台積電日盛95售01,0,0,0,0,0,0,0,0,0,-1000,0,0,0,0,1000,-1000,-1000
050986,上証2X永昌97購01,0,0,0,0,0,0,0,0,0,-1000,0,0,0,10000,11000,-1000,-1000
03419B,臺股指元富99熊03,0,0,0,0,0,0,0,0,0,-1000,0,0,0,3000,4000,-1000,-1000
048911,玉晶光富邦96購01,0,0,0,0,0,0,0,0,0,-1000,0,0,0,0,1000,-1000,-1000
04889P,華通元大94售03  ,0,0,0,0,0,0,0,0,0,-1000,0,0,0,0,1000,-1000,-1000
04999P,南電永豐95售01  ,0,0,0,0,0,0,0,0,0,-1000,0,0,0,3000,4000,-1000,-1000
04840P,大立光元大94售18,0,0,0,0,0,0,0,0,0,-1000,0,0,0,0,1000,-1000,-1000
048192,華通元大96購01  ,0,0,0,0,0,0,0,0,0,-1000,0,0,0,0,1000,-1000,-1000
048726,儒鴻麥證95購01  ,0,0,0,0,1000,-1000,0,0,0,-1000,0,0,0,0,1000,-1000,-1000
048807,崇越中信94購01  ,0,0,0,0,0,0,0,0,0,-1000,0,0,0,0,1000,-1000,-1000
053081,上銀元大97購02  ,0,0,0,0,0,0,0,0,0,-1000,0,0,0,0,1000,-1000,-1000
058272,超眾永豐9A購01  ,0,0,0,0,0,0,0,0,0,-1000,0,0,0,0,1000,-1000,-1000
058327,大毅統一9B購01  ,0,0,0,0,0,0,0,0,0,-1000,0,0,0,0,1000,-1000,-1000
058698,華通元大99購05  ,0,0,0,0,0,0,0,0,0,-1000,0,0,0,0,1000,-1000,-1000
05849P,臺股指元大96售25,0,0,0,0,0,0,0,0,0,-1000,0,0,0,0,1000,-1000,-1000
054297,台郡元大98購01  ,0,0,0,0,0,0,0,0,0,-1000,0,0,0,0,1000,-1000,-1000
054292,欣興元大96購06  ,0,0,0,0,0,0,0,0,0,-1000,0,0,0,0,1000,-1000,-1000
051384,康友群益95購01  ,0,0,0,0,0,0,0,0,0,-1000,0,0,0,0,1000,-1000,-1000
051401,華新科永豐95購01,0,0,0,0,0,0,0,0,0,-1000,0,0,0,0,1000,-1000,-1000
055123,億光兆豐97購01  ,0,0,0,0,0,0,0,0,0,-1000,0,0,0,0,1000,-1000,-1000
05400P,台積電永豐95售05,0,0,0,0,0,0,0,0,0,-1000,0,0,0,0,1000,-1000,-1000
053976,亞光元大96購02  ,0,0,0,0,0,0,0,0,0,-1000,0,0,0,0,1000,-1000,-1000
053980,泰鼎元大97購02  ,0,0,0,0,0,0,0,0,0,-1000,0,0,0,0,1000,-1000,-1000
051766,泰鼎元大95購02  ,0,0,0,0,0,0,0,0,0,-1000,0,0,0,1000,2000,-1000,-1000
051752,緯穎富邦96購01  ,0,0,0,0,0,0,0,0,0,-1000,0,0,0,0,1000,-1000,-1000
05452P,亞德客群益95售02,0,0,0,0,0,0,0,0,0,-1000,0,0,0,0,1000,-1000,-1000
05474P,智邦亞東95售01  ,0,0,0,0,0,0,0,0,0,-1000,0,0,0,59000,60000,-1000,-1000
053737,華新科麥證96購01,0,0,0,0,1000,-1000,0,0,0,-1000,0,0,0,0,1000,-1000,-1000
05227P,大立光統一95售04,0,0,0,0,0,0,0,0,0,-1000,0,0,0,0,1000,-1000,-1000
053653,京元電凱基96購02,0,0,0,0,0,0,0,0,0,-1000,0,0,0,0,1000,-1000,-1000
052846,智邦統一97購01  ,0,0,0,0,0,0,0,0,0,-1000,0,0,0,0,1000,-1000,-1000
051834,南電元大96購02  ,0,0,0,0,0,0,0,0,0,-1000,0,0,0,0,1000,-1000,-1000
052400,聯詠凱基97購01  ,0,0,0,0,0,0,0,0,0,-1000,0,0,0,0,1000,-1000,-1000
052319,可成元大95購12  ,0,0,0,0,0,0,0,0,0,-1000,0,0,0,0,1000,-1000,-1000
051940,康舒群益95購01  ,0,0,0,0,0,0,0,0,0,-1000,0,0,0,0,1000,-1000,-1000
052747,京鼎元大97購01  ,0,0,0,0,0,0,0,0,0,-1000,0,0,0,0,1000,-1000,-1000
2891B,中信金乙特      ,0,0,0,0,0,0,0,0,0,-1000,0,0,0,0,1000,-1000,-1000
2712,遠雄來          ,0,1000,-1000,0,0,0,0,0,0,0,0,0,0,0,0,0,-1000
1760,寶齡富錦        ,57000,73000,-16000,0,0,0,0,0,0,15000,15000,0,15000,0,0,0,-1000
1726,永記            ,1000,2000,-1000,0,0,0,0,0,0,0,0,0,0,0,0,0,-1000
1727,中華化          ,0,1000,-1000,0,0,0,0,0,0,0,0,0,0,0,0,0,-1000
1713,國化            ,0,1000,-1000,0,0,0,0,0,0,0,0,0,0,0,0,0,-1000
1470,大統新創        ,0,1000,-1000,0,0,0,0,0,0,0,0,0,0,0,0,0,-1000
1530,亞崴            ,0,1000,-1000,0,0,0,0,0,0,0,0,0,0,0,0,0,-1000
1541,錩泰            ,0,1000,-1000,0,0,0,0,0,0,0,0,0,0,0,0,0,-1000
1341,富林-KY         ,0,0,0,0,0,0,0,0,0,-1000,0,1000,-1000,0,0,0,-1000
6573,虹揚-KY         ,1000,2000,-1000,0,0,0,0,0,0,0,0,0,0,0,0,0,-1000
6579,研揚            ,1000,2000,-1000,0,0,0,0,0,0,0,0,0,0,0,0,0,-1000
6625,必應            ,1000,2000,-1000,0,0,0,0,0,0,0,0,0,0,0,0,0,-1000
8466,美吉吉-KY       ,2000,3000,-1000,0,0,0,0,0,0,0,0,0,0,0,0,0,-1000
8467,波力-KY         ,0,1000,-1000,0,0,0,0,0,0,0,0,0,0,0,0,0,-1000
9926,新海            ,0,1000,-1000,0,0,0,0,0,0,0,0,0,0,0,0,0,-1000
9918,欣天然          ,0,1000,-1000,0,0,0,0,0,0,0,0,0,0,0,0,0,-1000
4581,光隆精密-KY     ,0,1000,-1000,0,0,0,0,0,0,0,0,0,0,0,0,0,-1000
4571,鈞興-KY         ,9000,0,9000,0,0,0,0,0,0,-10000,0,10000,-10000,0,0,0,-1000
5284,jpp-KY          ,0,1000,-1000,0,0,0,0,0,0,0,0,0,0,0,0,0,-1000
5538,東明-KY         ,0,1000,-1000,0,0,0,0,0,0,0,0,0,0,0,0,0,-1000
059538,健策凱基99購03  ,0,0,0,0,0,0,0,0,0,-2000,0,0,0,46000,48000,-2000,-2000
059558,T50正2凱基9C購03,0,0,0,0,0,0,0,0,0,-2000,0,0,0,0,2000,-2000,-2000
059575,臺股指凱基99購41,0,0,0,0,0,0,0,0,0,-2000,0,0,0,0,2000,-2000,-2000
059444,臺股指元大99購25,0,0,0,0,0,0,0,0,0,-2000,0,0,0,0,2000,-2000,-2000
057684,聯茂日盛99購01  ,0,0,0,0,0,0,0,0,0,-2000,0,0,0,0,2000,-2000,-2000
057756,瑞昱日盛99購01  ,0,0,0,0,0,0,0,0,0,-2000,0,0,0,0,2000,-2000,-2000
056310,神達元大97購02  ,0,0,0,0,0,0,0,0,0,-2000,0,0,0,0,2000,-2000,-2000
06301P,臺股指元大97售04,0,0,0,0,0,0,0,0,0,-2000,0,0,0,0,2000,-2000,-2000
06304P,臺股指元大97售10,0,0,0,0,0,0,0,0,0,-2000,0,0,0,0,2000,-2000,-2000
06306P,臺股指元大97售12,0,0,0,0,0,0,0,0,0,-2000,0,0,0,0,2000,-2000,-2000
06372P,聯發科元大97售21,0,0,0,0,0,0,0,0,0,-2000,0,0,0,0,2000,-2000,-2000
06618P,智邦元大98售04  ,0,0,0,0,0,0,0,0,0,-2000,0,0,0,0,2000,-2000,-2000
06546P,聯發科元大98售05,0,0,0,0,0,0,0,0,0,-2000,0,0,0,0,2000,-2000,-2000
07128P,大毅元大99售04  ,0,0,0,0,0,0,0,0,0,-2000,0,0,0,0,2000,-2000,-2000
07110P,台灣50群益9B售03,0,0,0,0,0,0,0,0,0,-2000,0,0,0,0,2000,-2000,-2000
07278P,台灣50元富9C售03,0,0,0,0,0,0,0,0,0,-2000,0,0,0,1000,3000,-2000,-2000
07272P,台灣50元大9C售05,0,0,0,0,0,0,0,0,0,-2000,0,0,0,0,2000,-2000,-2000
07232P,台灣50元大01售07,0,0,0,0,0,0,0,0,0,-2000,0,0,0,0,2000,-2000,-2000
07295P,滬深2X元富9C售09,0,0,0,0,0,0,0,0,0,-2000,0,0,0,0,2000,-2000,-2000
1235,興泰            ,0,2000,-2000,0,0,0,0,0,0,0,0,0,0,0,0,0,-2000
055770,欣興麥證97購01  ,0,0,0,0,2000,-2000,0,0,0,-2000,0,0,0,0,2000,-2000,-2000
059116,晶豪科永豐99購01,0,0,0,0,0,0,0,0,0,-2000,0,0,0,0,2000,-2000,-2000
059025,台灣50台新9B購02,0,0,0,0,0,0,0,0,0,-2000,0,0,0,8000,10000,-2000,-2000
05741P,聯發科元大96售14,0,0,0,0,0,0,0,0,0,-2000,0,0,0,0,2000,-2000,-2000
05651P,大立光元大97售02,0,0,0,0,0,0,0,0,0,-2000,0,0,0,10000,12000,-2000,-2000
056600,聯茂元富98購01  ,0,0,0,0,0,0,0,0,0,-2000,0,0,0,0,2000,-2000,-2000
05660P,玉晶光第一96售01,0,0,0,0,0,0,0,0,0,-2000,0,0,0,0,2000,-2000,-2000
05695P,台積電凱基96售10,0,0,0,0,0,0,0,0,0,-2000,0,0,0,0,2000,-2000,-2000
056980,建準群益98購02  ,0,0,0,0,0,0,0,0,0,-2000,0,0,0,0,2000,-2000,-2000
056643,奇力新凱基99購01,0,0,0,0,0,0,0,0,0,-2000,0,0,0,0,2000,-2000,-2000
056771,嘉晶元大99購01  ,0,0,0,0,0,0,0,0,0,-2000,0,0,0,0,2000,-2000,-2000
06043P,創意永豐96售06  ,0,0,0,0,0,0,0,0,0,-2000,0,0,0,0,2000,-2000,-2000
06018P,康控凱基96售03  ,0,0,0,0,0,0,0,0,0,-2000,0,0,0,0,2000,-2000,-2000
059605,臺股指元大9A購42,0,0,0,0,0,0,0,0,0,-2000,0,0,0,0,2000,-2000,-2000
057977,台光電永豐98購02,0,0,0,0,0,0,0,0,0,-2000,0,0,0,0,2000,-2000,-2000
05843P,台積電元大96售16,0,0,0,0,0,0,0,0,0,-2000,0,0,0,0,2000,-2000,-2000
057205,元翎元富98購01  ,0,0,0,0,0,0,0,0,0,-2000,0,0,0,0,2000,-2000,-2000
057189,康控元大98購02  ,0,0,0,0,0,0,0,0,0,-2000,0,0,0,0,2000,-2000,-2000
053474,聯發科元大97購06,0,0,0,0,0,0,0,0,0,-2000,0,0,0,0,2000,-2000,-2000
051324,康友國票96購01  ,0,0,0,0,0,0,0,0,0,-2000,0,0,0,0,2000,-2000,-2000
053458,聯詠國泰97購01  ,0,0,0,0,0,0,0,0,0,-2000,0,0,0,0,2000,-2000,-2000
05471P,聯電統一95售01  ,0,0,0,0,0,0,0,0,0,-2000,0,0,0,0,2000,-2000,-2000
05475P,聯茂亞東95售01  ,0,0,0,0,0,0,0,0,0,-2000,0,0,0,0,2000,-2000,-2000
053884,緯穎第一96購01  ,0,0,0,0,0,0,0,0,0,-2000,0,0,0,0,2000,-2000,-2000
054066,緯穎國票97購03  ,0,0,0,0,0,0,0,0,0,-2000,0,0,0,0,2000,-2000,-2000
051497,中磊亞東96購01  ,0,0,0,0,0,0,0,0,0,-2000,0,0,0,0,2000,-2000,-2000
051508,元黃金中信97購01,0,0,0,0,0,0,0,0,0,-2000,0,0,0,0,2000,-2000,-2000
05427P,聯發科凱基96售07,0,0,0,0,0,0,0,0,0,-2000,0,0,0,0,2000,-2000,-2000
058651,FBVIX中信9C購01 ,0,0,0,0,0,0,0,0,0,-2000,0,0,0,0,2000,-2000,-2000
058904,晶技元大99購05  ,0,0,0,0,0,0,0,0,0,-2000,0,0,0,0,2000,-2000,-2000
055256,日電貿統一99購01,0,0,0,0,0,0,0,0,0,-2000,0,0,0,0,2000,-2000,-2000
05122P,鴻海永昌96售06  ,0,0,0,0,0,0,0,0,0,-2000,0,0,0,0,2000,-2000,-2000
05305P,華新科國泰97售01,0,0,0,0,0,0,0,0,0,-2000,0,0,0,10000,12000,-2000,-2000
052987,華新科元大99購01,0,0,0,0,0,0,0,0,0,-2000,0,0,0,0,2000,-2000,-2000
05299P,旺宏元大95售04  ,0,0,0,0,0,0,0,0,0,-2000,0,0,0,0,2000,-2000,-2000
049128,滬深2X元大97購03,0,0,0,0,0,0,0,0,0,-2000,0,0,0,0,2000,-2000,-2000
049885,緯穎永豐94購01  ,0,0,0,0,0,0,0,0,0,-2000,0,0,0,0,2000,-2000,-2000
049387,緯穎元大94購03  ,0,0,0,0,0,0,0,0,0,-2000,0,0,0,10000,12000,-2000,-2000
051082,上証2X元大98購01,0,0,0,0,0,0,0,0,0,-2000,0,0,0,0,2000,-2000,-2000
050019,T50反1元大94購04,0,0,0,0,0,0,0,0,0,-2000,0,0,0,0,2000,-2000,-2000
04958P,和大凱基94售04  ,0,0,0,0,0,0,0,0,0,-2000,0,0,0,0,2000,-2000,-2000
05013P,台積電元大96售05,0,0,0,0,0,0,0,0,0,-2000,0,0,0,97000,99000,-2000,-2000
050192,康控元大97購01  ,0,0,0,0,0,0,0,0,0,-2000,0,0,0,0,2000,-2000,-2000
05016P,臺股指元大95售07,0,0,0,0,0,0,0,0,0,-2000,0,0,0,0,2000,-2000,-2000
050343,鴻海元富94購01  ,0,0,0,0,0,0,0,0,0,-2000,0,0,0,0,2000,-2000,-2000
039212,台達電台新9A購01,0,0,0,0,0,0,0,0,0,-2000,0,0,0,9000,11000,-2000,-2000
050759,貿聯元富94購02  ,0,0,0,0,0,0,0,0,0,-2000,0,0,0,0,2000,-2000,-2000
050732,台虹國票94購01  ,0,0,0,0,0,0,0,0,0,-2000,0,0,0,0,2000,-2000,-2000
050694,國巨凱基96購03  ,0,0,0,0,0,0,0,0,0,-2000,0,0,0,0,2000,-2000,-2000
03033X,元展30          ,0,0,0,0,0,0,0,0,0,-2000,0,0,0,1000,3000,-2000,-2000
03049X,元展46          ,0,0,0,0,0,0,0,0,0,-2000,0,0,0,0,2000,-2000,-2000
03012X,元展12          ,0,0,0,0,0,0,0,0,0,-2000,0,0,0,0,2000,-2000,-2000
6136,富爾特          ,0,2000,-2000,0,0,0,0,0,0,0,0,0,0,0,0,0,-2000
4545,銘鈺            ,3000,5000,-2000,0,0,0,0,0,0,0,0,0,0,0,0,0,-2000
4557,永新-KY         ,1000,3000,-2000,0,0,0,0,0,0,0,0,0,0,0,0,0,-2000
4755,三福化          ,0,2000,-2000,0,0,0,0,0,0,0,0,0,0,0,0,0,-2000
4764,雙鍵            ,0,2000,-2000,0,0,0,0,0,0,0,0,0,0,0,0,0,-2000
9905,大華            ,3000,5000,-2000,0,0,0,0,0,0,0,0,0,0,0,0,0,-2000
8478,東哥遊艇        ,1000,3000,-2000,0,0,0,0,0,0,0,0,0,0,0,0,0,-2000
6581,鋼聯            ,4000,6000,-2000,0,0,0,0,0,0,0,0,0,0,0,0,0,-2000
1418,東華            ,0,0,0,0,0,0,0,0,0,-2000,0,2000,-2000,0,0,0,-2000
1725,元禎            ,0,2000,-2000,0,0,0,0,0,0,0,0,0,0,0,0,0,-2000
1735,日勝化          ,0,2000,-2000,0,0,0,0,0,0,0,0,0,0,0,0,0,-2000
1903,士紙            ,0,2000,-2000,0,0,0,0,0,0,0,0,0,0,0,0,0,-2000
1806,冠軍            ,1000,3000,-2000,0,0,0,0,0,0,0,0,0,0,0,0,0,-2000
2115,六暉-KY         ,0,2000,-2000,0,0,0,0,0,0,0,0,0,0,0,0,0,-2000
2236,百達-KY         ,0,0,0,0,0,0,0,0,0,-2000,0,2000,-2000,0,0,0,-2000
2380,虹光            ,0,2000,-2000,0,0,0,0,0,0,0,0,0,0,0,0,0,-2000
2358,廷鑫            ,5000,7000,-2000,0,0,0,0,0,0,0,0,0,0,0,0,0,-2000
2849,安泰銀          ,3000,5000,-2000,0,0,0,0,0,0,0,0,0,0,0,0,0,-2000
3167,大量            ,1000,2000,-1000,0,0,0,0,0,0,-1000,0,1000,-1000,0,0,0,-2000
3057,喬鼎            ,3000,5000,-2000,0,0,0,0,0,0,0,0,0,0,0,0,0,-2000
2939,凱羿-KY         ,1000,3000,-2000,0,0,0,0,0,0,0,0,0,0,0,0,0,-2000
6591,動力-KY         ,93000,92000,1000,0,0,0,0,0,0,-3255,0,3255,-3255,0,0,0,-2255
058521,日月光元大99購01,0,0,0,0,0,0,0,0,0,-3000,0,0,0,0,3000,-3000,-3000
06177P,玉晶光元大98售07,0,0,0,0,0,0,0,0,0,-3000,0,0,0,0,3000,-3000,-3000
057084,立積統一9B購01  ,0,0,0,0,0,0,0,0,0,-3000,0,0,0,0,3000,-3000,-3000
058000,FBVIX群益9B購01 ,0,0,0,0,0,0,0,0,0,-3000,0,0,0,0,3000,-3000,-3000
058001,FBVIX群益9B購02 ,0,0,0,0,0,0,0,0,0,-3000,0,0,0,0,3000,-3000,-3000
058002,FBVIX群益9C購01 ,0,0,0,0,0,0,0,0,0,-3000,0,0,0,0,3000,-3000,-3000
058003,FBVIX群益9C購02 ,0,0,0,0,0,0,0,0,0,-3000,0,0,0,0,3000,-3000,-3000
06046P,健策統一96售03  ,0,0,0,0,0,0,0,0,0,-3000,0,0,0,0,3000,-3000,-3000
056757,T50反1元大98購07,0,0,0,0,0,0,0,0,0,-3000,0,0,0,0,3000,-3000,-3000
056752,國巨兆豐98購02  ,0,0,0,0,0,0,0,0,0,-3000,0,0,0,0,3000,-3000,-3000
056685,光罩統一98購03  ,0,0,0,0,0,0,0,0,0,-3000,0,0,0,0,3000,-3000,-3000
056929,華新科台新98購01,0,0,0,0,0,0,0,0,0,-3000,0,0,0,0,3000,-3000,-3000
057433,上銀國票98購04  ,0,0,0,0,0,0,0,0,0,-3000,0,0,0,10000,13000,-3000,-3000
07304P,臺股指元大9A售37,0,0,0,0,0,0,0,0,0,-3000,0,0,0,0,3000,-3000,-3000
07135P,臺股指元大9A售29,0,0,0,0,0,0,0,0,0,-3000,0,0,0,0,3000,-3000,-3000
06594P,立積元大98售01  ,0,0,0,0,0,0,0,0,0,-3000,0,0,0,1000,4000,-3000,-3000
06609P,元油2X凱基9B售06,0,0,0,0,0,0,0,0,0,-3000,0,0,0,0,3000,-3000,-3000
06358P,力成中信97售02  ,0,0,0,0,0,0,0,0,0,-3000,0,0,0,7000,10000,-3000,-3000
06266P,大立光凱基97售11,0,0,0,0,0,0,0,0,0,-3000,0,0,0,50000,53000,-3000,-3000
06449P,台積電元大98售09,0,0,0,0,0,0,0,0,0,-3000,0,0,0,0,3000,-3000,-3000
06212P,華新科元大97售11,0,0,0,0,0,0,0,0,0,-3000,0,0,0,30000,33000,-3000,-3000
05861P,瀚宇博永豐96售02,0,0,0,0,0,0,0,0,0,-3000,0,0,0,0,3000,-3000,-3000
057894,華通元富02購02  ,0,0,0,0,0,0,0,0,0,-3000,0,0,0,2000,5000,-3000,-3000
059265,美律中信01購01  ,0,0,0,0,0,0,0,0,0,-3000,0,0,0,0,3000,-3000,-3000
059435,大立光元大99購17,0,0,0,0,0,0,0,0,0,-3000,0,0,0,4000,7000,-3000,-3000
058041,FBVIX元大98購02 ,0,0,0,0,0,0,0,0,0,-3000,0,0,0,0,3000,-3000,-3000
059516,TPK永豐99購01   ,0,0,0,0,0,0,0,0,0,-3000,0,0,0,0,3000,-3000,-3000
03006X,元展06          ,0,0,0,0,0,0,0,0,0,-3000,0,0,0,2000,5000,-3000,-3000
00657,國泰日經225     ,0,0,0,0,0,0,0,0,0,-3000,0,0,0,121000,124000,-3000,-3000
03094X,大立光元大68展08,0,3000,-3000,0,0,0,0,0,0,0,0,0,0,30000,30000,0,-3000
050786,健策國泰96購01  ,0,0,0,0,0,0,0,0,0,-3000,0,0,0,0,3000,-3000,-3000
05087P,GIS國泰96售01   ,0,0,0,0,0,0,0,0,0,-3000,0,0,0,0,3000,-3000,-3000
03826P,瀚宇博元大95售01,0,0,0,0,0,0,0,0,0,-3000,0,0,0,0,3000,-3000,-3000
042315,T50反1台新96購01,0,0,0,0,0,0,0,0,0,-3000,0,0,0,7000,10000,-3000,-3000
050525,嘉晶元大95購02  ,0,0,0,0,0,0,0,0,0,-3000,0,0,0,0,3000,-3000,-3000
050173,旺宏元大96購02  ,0,0,0,0,0,0,0,0,0,-3000,0,0,0,0,3000,-3000,-3000
05023P,和碩凱基95售01  ,0,0,0,0,0,0,0,0,0,-3000,0,0,0,0,3000,-3000,-3000
049656,臺股指凱基94購17,0,0,0,0,0,0,0,0,0,-3000,0,0,0,0,3000,-3000,-3000
04824P,亞泥中信94售02  ,0,0,0,0,0,0,0,0,0,-3000,0,0,0,0,3000,-3000,-3000
04971P,矽力元富94售02  ,0,0,0,0,0,0,0,0,0,-3000,0,0,0,0,3000,-3000,-3000
04904P,奇力新永豐94售05,0,0,0,0,0,0,0,0,0,-3000,0,0,0,0,3000,-3000,-3000
052979,上銀元大96購02  ,0,0,0,0,0,0,0,0,0,-3000,0,0,0,0,3000,-3000,-3000
052955,國巨日盛96購01  ,5000,0,5000,0,0,0,0,0,0,-8000,0,0,0,0,8000,-8000,-3000
055272,國巨元大98購04  ,0,0,0,0,0,0,0,0,0,-3000,0,0,0,0,3000,-3000,-3000
058339,康友元富99購02  ,0,0,0,0,0,0,0,0,0,-3000,0,0,0,0,3000,-3000,-3000
051403,玉晶光永豐95購05,0,0,0,0,0,0,0,0,0,-3000,0,0,0,2000,5000,-3000,-3000
051370,聯詠富邦97購01  ,0,0,0,0,0,0,0,0,0,-3000,0,0,0,0,3000,-3000,-3000
054509,上証反元大99購01,0,0,0,0,0,0,0,0,0,-3000,0,0,0,3000,6000,-3000,-3000
055215,智邦凱基98購02  ,0,0,0,0,0,0,0,0,0,-3000,0,0,0,41000,44000,-3000,-3000
05395P,旺宏元大96售06  ,0,0,0,0,0,0,0,0,0,-3000,0,0,0,0,3000,-3000,-3000
054753,復盛凱基98購01  ,0,0,0,0,0,0,0,0,0,-3000,0,0,0,0,3000,-3000,-3000
054680,華新科康和97購02,0,0,0,0,0,0,0,0,0,-3000,0,0,0,0,3000,-3000,-3000
054547,鴻海凱基98購02  ,0,0,0,0,0,0,0,0,0,-3000,0,0,0,7000,10000,-3000,-3000
052693,微星中信96購01  ,0,0,0,0,0,0,0,0,0,-3000,0,0,0,0,3000,-3000,-3000
052681,T50反1元大98購02,0,0,0,0,0,0,0,0,0,-3000,0,0,0,0,3000,-3000,-3000
2617,台航            ,90000,93000,-3000,0,0,0,0,0,0,0,0,0,0,0,0,0,-3000
2373,震旦行          ,1000,1000,0,0,0,0,0,0,0,-3000,0,3000,-3000,0,0,0,-3000
2012,春雨            ,0,3000,-3000,0,0,0,0,0,0,0,0,0,0,0,0,0,-3000
2002A,中鋼特          ,0,0,0,0,0,0,0,0,0,-3000,0,3000,-3000,0,0,0,-3000
1724,台硝            ,0,0,0,0,0,0,0,0,0,-3000,0,3000,-3000,0,0,0,-3000
1419,新紡            ,0,3000,-3000,0,0,0,0,0,0,0,0,0,0,0,0,0,-3000
1507,永大            ,1000,4000,-3000,0,0,0,0,0,0,0,0,0,0,0,0,0,-3000
059513,揚明光永豐99購01,0,0,0,0,0,0,0,0,0,-4000,0,0,0,0,4000,-4000,-4000
059442,祥碩元大99購03  ,0,0,0,0,0,0,0,0,0,-4000,0,0,0,3000,7000,-4000,-4000
056301,開發金元大9A購01,0,0,0,0,0,0,0,0,0,-4000,0,0,0,0,4000,-4000,-4000
056350,上銀元大98購02  ,0,0,0,0,0,0,0,0,0,-4000,0,0,0,0,4000,-4000,-4000
06412P,南亞科日盛97售01,0,0,0,0,0,0,0,0,0,-4000,0,0,0,0,4000,-4000,-4000
06284P,台積電國票98售03,0,0,0,0,0,0,0,0,0,-4000,0,0,0,0,4000,-4000,-4000
06648P,華邦電元大98售03,0,0,0,0,0,0,0,0,0,-4000,0,0,0,8000,12000,-4000,-4000
06949P,台表科元大99售01,0,0,0,0,0,0,0,0,0,-4000,0,0,0,0,4000,-4000,-4000
05743P,創意元大96售01  ,0,0,0,0,0,0,0,0,0,-4000,0,0,0,0,4000,-4000,-4000
05579P,友達凱基98售03  ,0,0,0,0,0,0,0,0,0,-4000,0,0,0,0,4000,-4000,-4000
055400,緯穎統一97購01  ,0,0,0,0,0,0,0,0,0,-4000,0,0,0,6000,10000,-4000,-4000
058431,國巨統一9B購01  ,0,0,0,0,0,0,0,0,0,-4000,0,0,0,0,4000,-4000,-4000
06199P,聯發科元大97售17,0,0,0,0,0,0,0,0,0,-4000,0,0,0,0,4000,-4000,-4000
059014,SGBR2X元富03購01,0,0,0,0,0,0,0,0,0,-4000,0,0,0,1000,5000,-4000,-4000
052324,康友元大96購02  ,0,0,0,0,0,0,0,0,0,-4000,0,0,0,0,4000,-4000,-4000
05281P,南亞科元大95售03,0,0,0,0,0,0,0,0,0,-4000,0,0,0,27000,31000,-4000,-4000
053630,奇鋐兆豐97購01  ,0,0,0,0,0,0,0,0,0,-4000,0,0,0,0,4000,-4000,-4000
054163,燿華凱基97購02  ,0,0,0,0,0,0,0,0,0,-4000,0,0,0,0,4000,-4000,-4000
058274,世紀鋼永豐99購01,0,0,0,0,0,0,0,0,0,-4000,0,0,0,0,4000,-4000,-4000
04977P,力成凱基96售01  ,0,0,0,0,0,0,0,0,0,-4000,0,0,0,18000,22000,-4000,-4000
047993,鑽全元大96購01  ,0,0,0,0,0,0,0,0,0,-4000,0,0,0,0,4000,-4000,-4000
03861P,群創元富99售01  ,0,0,0,0,0,0,0,0,0,-4000,0,0,0,0,4000,-4000,-4000
03657C,T50反1元大99牛01,0,0,0,0,0,0,0,0,0,-4000,0,0,0,1000,5000,-4000,-4000
051047,深中小群益99購01,0,0,0,0,0,0,0,0,0,-4000,0,0,0,0,4000,-4000,-4000
044249,T50反1中信94購01,0,0,0,0,0,0,0,0,0,-4000,0,0,0,0,4000,-4000,-4000
01010T,京城樂富R1      ,0,4000,-4000,0,0,0,0,0,0,0,0,0,0,0,0,0,-4000
00689R,國泰20年美債反1 ,0,0,0,0,0,0,0,0,0,-4000,0,0,0,102000,106000,-4000,-4000
1535,中宇            ,4000,10000,-6000,0,0,0,0,0,0,2000,2000,0,2000,0,0,0,-4000
1525,江申            ,0,6000,-6000,0,0,0,0,0,0,2000,2000,0,2000,0,0,0,-4000
1423,利華            ,0,4000,-4000,0,0,0,0,0,0,0,0,0,0,0,0,0,-4000
1463,強盛            ,1000,5000,-4000,0,0,0,0,0,0,0,0,0,0,0,0,0,-4000
1618,合機            ,0,4000,-4000,0,0,0,0,0,0,0,0,0,0,0,0,0,-4000
2302,麗正            ,0,4000,-4000,0,0,0,0,0,0,0,0,0,0,0,0,0,-4000
2731,雄獅            ,23000,27000,-4000,0,0,0,0,0,0,0,0,0,0,0,0,0,-4000
2739,寒舍            ,0,4000,-4000,0,0,0,0,0,0,0,0,0,0,0,0,0,-4000
2597,潤弘            ,4000,9000,-5000,0,0,0,0,0,0,1000,1000,0,1000,0,0,0,-4000
2543,皇昌            ,0,4000,-4000,0,0,0,0,0,0,0,0,0,0,0,0,0,-4000
2464,盟立            ,69000,74000,-5000,0,0,0,0,0,0,1000,1000,0,1000,0,0,0,-4000
2468,華經            ,1000,5000,-4000,0,0,0,0,0,0,0,0,0,0,0,0,0,-4000
3054,立萬利          ,2000,6000,-4000,0,0,0,0,0,0,0,0,0,0,0,0,0,-4000
3321,同泰            ,0,4000,-4000,0,0,0,0,0,0,0,0,0,0,0,0,0,-4000
6641,基士德-KY       ,0,4000,-4000,0,0,0,0,0,0,0,0,0,0,0,0,0,-4000
8367,建新國際        ,0,4000,-4000,0,0,0,0,0,0,0,0,0,0,0,0,0,-4000
6172,互億            ,2000,6000,-4000,0,0,0,0,0,0,0,0,0,0,0,0,0,-4000
057270,遠東新元大98購01,0,0,0,0,0,0,0,0,0,-5000,0,0,0,130000,135000,-5000,-5000
055629,華新科永豐97購04,0,0,0,0,0,0,0,0,0,-5000,0,0,0,0,5000,-5000,-5000
057143,台郡兆豐98購01  ,0,0,0,0,0,0,0,0,0,-5000,0,0,0,0,5000,-5000,-5000
057040,國巨元大98購12  ,0,0,0,0,0,0,0,0,0,-5000,0,0,0,0,5000,-5000,-5000
057058,祥碩元大98購04  ,0,0,0,0,0,0,0,0,0,-5000,0,0,0,0,5000,-5000,-5000
055415,禾伸堂富邦9B購01,0,0,0,0,0,0,0,0,0,-5000,0,0,0,0,5000,-5000,-5000
06068P,玉晶光康和97售01,0,0,0,0,0,0,0,0,0,-5000,0,0,0,0,5000,-5000,-5000
058956,健策國票9A購02  ,0,0,0,0,0,0,0,0,0,-5000,0,0,0,0,5000,-5000,-5000
058951,南電群益99購01  ,0,0,0,0,0,0,0,0,0,-5000,0,0,0,10000,15000,-5000,-5000
05539P,鎧勝永豐96售01  ,0,0,0,0,0,0,0,0,0,-5000,0,0,0,0,5000,-5000,-5000
059174,訊芯凱基99購01  ,0,0,0,0,0,0,0,0,0,-5000,0,0,0,0,5000,-5000,-5000
057385,光罩永豐99購01  ,0,0,0,0,0,0,0,0,0,-5000,0,0,0,0,5000,-5000,-5000
057378,康友元大98購02  ,0,0,0,0,0,0,0,0,0,-5000,0,0,0,0,5000,-5000,-5000
056055,國巨元大97購15  ,0,0,0,0,0,0,0,0,0,-5000,0,0,0,0,5000,-5000,-5000
057529,嘉晶元大99購02  ,0,0,0,0,0,0,0,0,0,-5000,0,0,0,0,5000,-5000,-5000
056989,鴻海兆豐98購02  ,0,0,0,0,0,0,0,0,0,-5000,0,0,0,5000,10000,-5000,-5000
059226,臺股指元大99購19,0,0,0,0,0,0,0,0,0,-5000,0,0,0,0,5000,-5000,-5000
057640,台積電元大98購16,0,0,0,0,0,0,0,0,0,-5000,0,0,0,0,5000,-5000,-5000
07129P,華新科元大99售14,0,0,0,0,0,0,0,0,0,-5000,0,0,0,299000,304000,-5000,-5000
07231P,台灣50元大01售06,0,0,0,0,0,0,0,0,0,-5000,0,0,0,0,5000,-5000,-5000
07196P,大立光元大99售13,0,0,0,0,0,0,0,0,0,-5000,0,0,0,0,5000,-5000,-5000
07251P,台灣50元富01售04,0,0,0,0,0,0,0,0,0,-5000,0,0,0,0,5000,-5000,-5000
07254P,台灣50凱基9C售06,0,0,0,0,0,0,0,0,0,-5000,0,0,0,15000,20000,-5000,-5000
1232,大統益          ,18000,23000,-5000,0,0,0,0,0,0,0,0,0,0,0,0,0,-5000
06632P,創意群益98售03  ,0,0,0,0,0,0,0,0,0,-5000,0,0,0,0,5000,-5000,-5000
06535P,可成群益99售02  ,0,0,0,0,0,0,0,0,0,-5000,0,0,0,0,5000,-5000,-5000
06715P,台積電元大99售04,0,0,0,0,0,0,0,0,0,-5000,0,0,0,0,5000,-5000,-5000
06679P,旺宏元大98售09  ,0,0,0,0,0,0,0,0,0,-5000,0,0,0,6000,11000,-5000,-5000
06730P,祥碩元大98售07  ,0,0,0,0,0,0,0,0,0,-5000,0,0,0,10000,15000,-5000,-5000
06655P,TPK元大98售02   ,0,0,0,0,0,0,0,0,0,-5000,0,0,0,0,5000,-5000,-5000
06305P,臺股指元大97售11,0,0,0,0,0,0,0,0,0,-5000,0,0,0,0,5000,-5000,-5000
06323P,台郡統一97售01  ,0,0,0,0,0,0,0,0,0,-5000,0,0,0,0,5000,-5000,-5000
06450P,聯發科元大98售03,0,0,0,0,0,0,0,0,0,-5000,0,0,0,0,5000,-5000,-5000
06223P,漢唐元富97售02  ,0,0,0,0,0,0,0,0,0,-5000,0,0,0,0,5000,-5000,-5000
06238P,台積電元大98售07,0,0,0,0,0,0,0,0,0,-5000,0,0,0,0,5000,-5000,-5000
058165,FBVIX凱基9C購01 ,0,0,0,0,0,0,0,0,0,-5000,0,0,0,0,5000,-5000,-5000
057873,義隆元大98購03  ,0,0,0,0,0,0,0,0,0,-5000,0,0,0,30000,35000,-5000,-5000
057828,緯穎元大99購02  ,0,0,0,0,0,0,0,0,0,-5000,0,0,0,0,5000,-5000,-5000
057822,牧德元大9A購01  ,0,0,0,0,0,0,0,0,0,-5000,0,0,0,0,5000,-5000,-5000
056487,康友元大98購01  ,0,0,0,0,0,0,0,0,0,-5000,0,0,0,0,5000,-5000,-5000
056488,致新元大99購01  ,0,0,0,0,0,0,0,0,0,-5000,0,0,0,0,5000,-5000,-5000
056065,奇鋐元大97購01  ,0,0,0,0,0,0,0,0,0,-5000,0,0,0,10000,15000,-5000,-5000
056199,美律永豐97購01  ,0,0,0,0,0,0,0,0,0,-5000,0,0,0,0,5000,-5000,-5000
059289,瑞昱元富99購01  ,0,0,0,0,0,0,0,0,0,-5000,0,0,0,5000,10000,-5000,-5000
05930P,景碩康和96售01  ,0,0,0,0,0,0,0,0,0,-5000,0,0,0,0,5000,-5000,-5000
059314,上銀元大99購03  ,0,0,0,0,0,0,0,0,0,-5000,0,0,0,0,5000,-5000,-5000
059489,上証2X國票9A購01,0,0,0,0,0,0,0,0,0,-5000,0,0,0,0,5000,-5000,-5000
059483,臺股指群益99購17,0,0,0,0,0,0,0,0,0,-5000,0,0,0,0,5000,-5000,-5000
020011,統一微波高息20N ,0,0,0,0,0,0,0,0,0,-5000,0,0,0,0,5000,-5000,-5000
0055,元大MSCI金融    ,0,0,0,0,0,0,0,0,0,-5000,0,0,0,2000,7000,-5000,-5000
04569P,聯詠兆豐94售01  ,0,0,0,0,0,0,0,0,0,-5000,0,0,0,0,5000,-5000,-5000
05080P,亞光永豐95售02  ,0,0,0,0,0,0,0,0,0,-5000,0,0,0,0,5000,-5000,-5000
03567P,可成凱基02售06  ,0,0,0,0,0,0,0,0,0,-5000,0,0,0,0,5000,-5000,-5000
03415B,臺股指元大93熊49,0,0,0,0,0,0,0,0,0,-5000,0,0,0,5000,10000,-5000,-5000
03437B,臺股指元富9C熊01,0,0,0,0,0,0,0,0,0,-5000,0,0,0,6000,11000,-5000,-5000
04819P,嘉澤永豐94售01  ,0,0,0,0,0,0,0,0,0,-5000,0,0,0,0,5000,-5000,-5000
04835P,鴻海元大94售18  ,0,0,0,0,0,0,0,0,0,-5000,0,0,0,0,5000,-5000,-5000
049492,聯發科元大95購02,0,0,0,0,0,0,0,0,0,-5000,0,0,0,0,5000,-5000,-5000
049602,南電元大95購01  ,0,0,0,0,0,0,0,0,0,-5000,0,0,0,0,5000,-5000,-5000
04980P,臺股指凱基96售08,0,0,0,0,0,0,0,0,0,-5000,0,0,0,0,5000,-5000,-5000
04983P,臺股指康和94售03,0,0,0,0,0,0,0,0,0,-5000,0,0,0,0,5000,-5000,-5000
049814,超眾元大95購04  ,0,0,0,0,0,0,0,0,0,-5000,0,0,0,0,5000,-5000,-5000
04916P,大立光永昌96售02,0,0,0,0,0,0,0,0,0,-5000,0,0,0,100000,105000,-5000,-5000
04923P,GIS凱基94售06   ,0,0,0,0,0,0,0,0,0,-5000,0,0,0,0,5000,-5000,-5000
055241,T50反1統一99購01,0,0,0,0,0,0,0,0,0,-5000,0,0,0,0,5000,-5000,-5000
05116P,台積電群益95售03,0,0,0,0,0,0,0,0,0,-5000,0,0,0,0,5000,-5000,-5000
055337,超眾兆豐98購01  ,0,0,0,0,0,0,0,0,0,-5000,0,0,0,5000,10000,-5000,-5000
058865,群創凱基01購01  ,0,0,0,0,0,0,0,0,0,-5000,0,0,0,0,5000,-5000,-5000
058796,可成元大99購04  ,0,0,0,0,0,0,0,0,0,-5000,0,0,0,0,5000,-5000,-5000
058666,上証反群益01購01,0,0,0,0,0,0,0,0,0,-5000,0,0,0,5000,10000,-5000,-5000
058749,康控凱基99購03  ,0,0,0,0,0,0,0,0,0,-5000,0,0,0,10000,15000,-5000,-5000
053888,和大群益97購01  ,0,0,0,0,0,0,0,0,0,-5000,0,0,0,10000,15000,-5000,-5000
051568,智邦富邦95購01  ,0,0,0,0,0,0,0,0,0,-5000,0,0,0,0,5000,-5000,-5000
055158,亞光元大99購01  ,0,0,0,0,0,0,0,0,0,-5000,0,0,0,0,5000,-5000,-5000
054427,潤泰全富邦97購01,0,0,0,0,0,0,0,0,0,-5000,0,0,0,14000,19000,-5000,-5000
053685,台積電元大96購18,0,0,0,0,0,0,0,0,0,-5000,0,0,0,0,5000,-5000,-5000
054593,滬深2X永昌9A購01,0,0,0,0,0,0,0,0,0,-5000,0,0,0,0,5000,-5000,-5000
051995,矽力元大95購03  ,0,0,0,0,0,0,0,0,0,-5000,0,0,0,0,5000,-5000,-5000
053409,和碩兆豐96購02  ,0,0,0,0,0,0,0,0,0,-5000,0,0,0,15000,20000,-5000,-5000
051904,深100元大95購01 ,0,0,0,0,0,0,0,0,0,-5000,0,0,0,0,5000,-5000,-5000
051908,國泰金元大96購02,0,0,0,0,0,0,0,0,0,-5000,0,0,0,0,5000,-5000,-5000
053541,泰鼎永豐96購02  ,0,0,0,0,0,0,0,0,0,-5000,0,0,0,0,5000,-5000,-5000
053517,崇越群益97購01  ,0,0,0,0,0,0,0,0,0,-5000,0,0,0,200000,205000,-5000,-5000
6139,亞翔            ,160000,163000,-3000,0,0,0,0,0,0,-2000,1000,3000,-2000,0,0,0,-5000
3550,聯穎            ,1000,6000,-5000,0,0,0,0,0,0,0,0,0,0,0,0,0,-5000
3021,鴻名            ,6000,3000,3000,0,0,0,0,0,0,-8000,0,8000,-8000,0,0,0,-5000
2630,亞航            ,0,5000,-5000,0,0,0,0,0,0,0,0,0,0,0,0,0,-5000
2017,官田鋼          ,0,5000,-5000,0,0,0,0,0,0,0,0,0,0,0,0,0,-5000
2114,鑫永銓          ,0,5000,-5000,0,0,0,0,0,0,0,0,0,0,0,0,0,-5000
1442,名軒            ,8000,13000,-5000,0,0,0,0,0,0,0,0,0,0,0,0,0,-5000
1528,恩德            ,4000,9000,-5000,0,0,0,0,0,0,0,0,0,0,0,0,0,-5000
1521,大億            ,1000,6000,-5000,0,0,0,0,0,0,0,0,0,0,0,0,0,-5000
4994,傳奇            ,6700,12000,-5300,0,0,0,0,0,0,0,0,0,0,0,0,0,-5300
059519,台郡永豐99購01  ,0,0,0,0,0,0,0,0,0,-6000,0,0,0,0,6000,-6000,-6000
059507,鴻海永豐99購03  ,0,0,0,0,0,0,0,0,0,-6000,0,0,0,4000,10000,-6000,-6000
058153,景碩統一9B購01  ,0,0,0,0,0,0,0,0,0,-6000,0,0,0,0,6000,-6000,-6000
058191,祥碩永豐99購01  ,0,0,0,0,0,0,0,0,0,-6000,0,0,0,40000,46000,-6000,-6000
06731P,聯茂元大98售05  ,0,0,0,0,0,0,0,0,0,-6000,0,0,0,0,6000,-6000,-6000
06757P,台灣50元大9B售01,0,0,0,0,0,0,0,0,0,-6000,0,0,0,0,6000,-6000,-6000
06888P,日月光元大98售02,0,0,0,0,0,0,0,0,0,-6000,0,0,0,0,6000,-6000,-6000
06926P,可成群益9A售04  ,0,0,0,0,0,0,0,0,0,-6000,0,0,0,0,6000,-6000,-6000
1312A,國喬特          ,0,0,0,0,0,0,0,0,0,-6000,2000,8000,-6000,0,0,0,-6000
1108,幸福            ,3000,9000,-6000,0,0,0,0,0,0,0,0,0,0,0,0,0,-6000
07162P,臺股指群益99售13,0,0,0,0,0,0,0,0,0,-6000,0,0,0,5000,11000,-6000,-6000
059201,祥碩永豐99購02  ,0,0,0,0,0,0,0,0,0,-6000,0,0,0,103000,109000,-6000,-6000
056744,麗豐凱基9A購01  ,0,0,0,0,0,0,0,0,0,-6000,0,0,0,0,6000,-6000,-6000
055904,貿聯亞東99購01  ,0,0,0,0,0,0,0,0,0,-6000,0,0,0,0,6000,-6000,-6000
055909,大成鋼凱基98購02,0,0,0,0,0,0,0,0,0,-6000,0,0,0,4000,10000,-6000,-6000
059120,致伸永豐99購01  ,0,0,0,0,0,0,0,0,0,-6000,0,0,0,0,6000,-6000,-6000
059145,創意國票99購02  ,0,0,0,0,0,0,0,0,0,-6000,0,0,0,1000,7000,-6000,-6000
059147,矽創國票99購01  ,0,0,0,0,0,0,0,0,0,-6000,0,0,0,0,6000,-6000,-6000
057061,華擎國泰9A購01  ,0,0,0,0,0,0,0,0,0,-6000,0,0,0,1000,7000,-6000,-6000
052080,康友元富98購02  ,0,0,0,0,0,0,0,0,0,-6000,0,0,0,0,6000,-6000,-6000
055145,T50反1元大97購04,0,0,0,0,0,0,0,0,0,-6000,0,0,0,0,6000,-6000,-6000
054967,神達元大97購01  ,0,0,0,0,0,0,0,0,0,-6000,0,0,0,4000,10000,-6000,-6000
055031,南港富邦99購01  ,0,0,0,0,0,0,0,0,0,-6000,0,0,0,0,6000,-6000,-6000
051641,矽創國票96購01  ,0,0,0,0,0,0,0,0,0,-6000,0,0,0,0,6000,-6000,-6000
05527P,聯茂群益96售01  ,0,0,0,0,0,0,0,0,0,-6000,0,0,0,20000,26000,-6000,-6000
04981P,華新科亞東94售01,0,0,0,0,0,0,0,0,0,-6000,0,0,0,30000,36000,-6000,-6000
052907,嘉澤國票97購01  ,0,0,0,0,0,0,0,0,0,-6000,0,0,0,0,6000,-6000,-6000
050437,聯詠凱基94購04  ,0,0,0,0,0,0,0,0,0,-6000,0,0,0,0,6000,-6000,-6000
04863P,技嘉元大94售02  ,0,0,0,0,0,0,0,0,0,-6000,0,0,0,5000,11000,-6000,-6000
048628,T50反1元大96購03,0,0,0,0,0,0,0,0,0,-6000,0,0,0,4000,10000,-6000,-6000
048188,臺指反元大96購05,0,0,0,0,0,0,0,0,0,-6000,0,0,0,0,6000,-6000,-6000
03658C,T50反1元大9A牛02,0,0,0,0,0,0,0,0,0,-6000,0,0,0,0,6000,-6000,-6000
050569,英業達中信94購01,0,0,0,0,0,0,0,0,0,-6000,0,0,0,0,6000,-6000,-6000
043585,道瓊反元大94購01,0,0,0,0,0,0,0,0,0,-6000,0,0,0,10000,16000,-6000,-6000
4763,材料-KY         ,19000,25000,-6000,0,0,0,0,0,0,0,1000,1000,0,0,0,0,-6000
6243,迅杰            ,0,6000,-6000,0,0,0,0,0,0,0,0,0,0,0,0,0,-6000
1786,科妍            ,26000,14000,12000,0,0,0,0,0,0,-18000,0,18000,-18000,0,0,0,-6000
2008,高興昌          ,0,6000,-6000,0,0,0,0,0,0,0,0,0,0,0,0,0,-6000
2029,盛餘            ,2000,10000,-8000,0,0,0,0,0,0,2000,2000,0,2000,0,0,0,-6000
2466,冠西電          ,0,6000,-6000,0,0,0,0,0,0,0,0,0,0,0,0,0,-6000
2477,美隆電          ,41000,28000,13000,0,0,0,0,0,0,-19000,1000,20000,-19000,0,0,0,-6000
058358,技嘉凱基9A購01  ,0,0,0,0,0,0,0,0,0,-7000,0,0,0,3000,10000,-7000,-7000
07175P,聯詠凱基99售02  ,0,0,0,0,0,0,0,0,0,-7000,0,0,0,0,7000,-7000,-7000
07207P,台積電凱基99售13,0,0,0,0,0,0,0,0,0,-7000,0,0,0,10000,17000,-7000,-7000
07023P,南電永豐99售02  ,0,0,0,0,0,0,0,0,0,-7000,0,0,0,3000,10000,-7000,-7000
1220,台榮            ,4000,11000,-7000,0,0,0,0,0,0,0,0,0,0,0,0,0,-7000
06494P,鴻海永昌98售03  ,0,0,0,0,0,0,0,0,0,-7000,0,0,0,0,7000,-7000,-7000
059539,緯穎凱基99購03  ,0,0,0,0,0,0,0,0,0,-7000,0,0,0,0,7000,-7000,-7000
059452,全新永豐99購03  ,0,0,0,0,0,0,0,0,0,-7000,0,0,0,0,7000,-7000,-7000
059454,亞光永豐99購01  ,0,0,0,0,0,0,0,0,0,-7000,0,0,0,5000,12000,-7000,-7000
059393,臺股指凱基99購39,0,0,0,0,0,0,0,0,0,-7000,0,0,0,23000,30000,-7000,-7000
059382,台灣50凱基99購02,133000,0,133000,0,0,0,0,0,0,-140000,0,0,0,1000,141000,-140000,-7000
057856,聯鈞國票99購03  ,0,0,0,0,0,0,0,0,0,-7000,0,0,0,0,7000,-7000,-7000
059270,台灣50元大01購03,0,0,0,0,0,0,0,0,0,-7000,0,0,0,0,7000,-7000,-7000
058618,南電元大99購02  ,0,0,0,0,0,0,0,0,0,-7000,0,0,0,0,7000,-7000,-7000
03026X,元展23          ,0,0,0,0,0,0,0,0,0,-7000,0,0,0,0,7000,-7000,-7000
051682,元黃金凱基97購01,0,0,0,0,0,0,0,0,0,-7000,0,0,0,11000,18000,-7000,-7000
05451P,臺股指元大95售28,0,0,0,0,0,0,0,0,0,-7000,0,0,0,0,7000,-7000,-7000
05467P,聯電元大95售02  ,0,0,0,0,0,0,0,0,0,-7000,0,0,0,0,7000,-7000,-7000
2613,中櫃            ,1000,8000,-7000,0,0,0,0,0,0,0,0,0,0,0,0,0,-7000
2881B,富邦金乙特      ,0,0,0,0,0,0,0,0,0,-7000,3000,10000,-7000,0,0,0,-7000
3266,昇陽            ,6000,13000,-7000,0,0,0,0,0,0,0,0,0,0,0,0,0,-7000
1720,生達            ,20000,27000,-7000,0,0,0,0,0,0,0,0,0,0,0,0,0,-7000
1459,聯發            ,0,7000,-7000,0,0,0,0,0,0,0,0,0,0,0,0,0,-7000
5608,四維航          ,3000,7000,-4000,0,0,0,0,0,0,-3000,0,3000,-3000,0,0,0,-7000
8473,山林水          ,16000,23000,-7000,0,0,0,0,0,0,0,0,0,0,0,0,0,-7000
8463,潤泰材          ,46000,53000,-7000,0,0,0,0,0,0,0,0,0,0,0,0,0,-7000
056311,泰鼎元大98購01  ,0,0,0,0,0,0,0,0,0,-8000,0,0,0,2000,10000,-8000,-8000
059482,貿聯群益99購05  ,0,0,0,0,0,0,0,0,0,-8000,0,0,0,2000,10000,-8000,-8000
059556,台灣50凱基9A購07,0,0,0,0,0,0,0,0,0,-8000,0,0,0,0,8000,-8000,-8000
05807P,泰鼎永豐96售03  ,0,0,0,0,0,0,0,0,0,-8000,0,0,0,0,8000,-8000,-8000
07277P,臺股指群益99售20,0,0,0,0,0,0,0,0,0,-8000,0,0,0,39000,47000,-8000,-8000
06991P,矽創群益99售01  ,0,0,0,0,0,0,0,0,0,-8000,0,0,0,2000,10000,-8000,-8000
055515,聚陽中信9A購01  ,0,0,0,0,0,0,0,0,0,-8000,0,0,0,2000,10000,-8000,-8000
059415,台灣50元大9A購03,21000,0,21000,0,0,0,0,0,0,-29000,0,0,0,35000,64000,-29000,-8000
06160P,台達電群益97售01,0,0,0,0,0,0,0,0,0,-8000,0,0,0,1000,9000,-8000,-8000
057532,智原元大98購03  ,0,0,0,0,0,0,0,0,0,-8000,0,0,0,0,8000,-8000,-8000
055995,華擎國泰99購01  ,0,0,0,0,0,0,0,0,0,-8000,0,0,0,0,8000,-8000,-8000
056669,貿聯國票99購01  ,0,0,0,0,0,0,0,0,0,-8000,0,0,0,0,8000,-8000,-8000
059232,台灣50凱基03購01,0,0,0,0,0,0,0,0,0,-8000,0,0,0,2000,10000,-8000,-8000
054953,華新科元大97購05,0,0,0,0,0,0,0,0,0,-8000,0,0,0,0,8000,-8000,-8000
051831,緯穎元大96購04  ,0,0,0,0,0,0,0,0,0,-8000,0,0,0,7000,15000,-8000,-8000
052421,元油反國票9B購01,0,0,0,0,0,0,0,0,0,-8000,0,0,0,170000,178000,-8000,-8000
054064,台郡國票97購04  ,0,0,0,0,0,0,0,0,0,-8000,0,0,0,0,8000,-8000,-8000
058333,鴻海元富99購04  ,0,0,0,0,0,0,0,0,0,-8000,0,0,0,2000,10000,-8000,-8000
047383,鴻海元大95購01  ,0,0,0,0,0,0,0,0,0,-8000,0,0,0,11000,19000,-8000,-8000
04627P,聯發科元大94售08,0,0,0,0,0,0,0,0,0,-8000,0,0,0,220000,228000,-8000,-8000
050553,緯穎凱基94購06  ,0,0,0,0,0,0,0,0,0,-8000,0,0,0,18000,26000,-8000,-8000
03492P,創意元大02售03  ,0,0,0,0,0,0,0,0,0,-8000,0,0,0,2000,10000,-8000,-8000
051099,台郡元大95購03  ,0,0,0,0,0,0,0,0,0,-8000,0,0,0,0,8000,-8000,-8000
9942,茂順            ,5000,13000,-8000,0,0,0,0,0,0,0,0,0,0,0,0,0,-8000
8070,長華*           ,10000,10000,0,0,0,0,0,0,0,-8000,0,8000,-8000,0,0,0,-8000
4555,氣立            ,1000,9000,-8000,0,0,0,0,0,0,0,0,0,0,0,0,0,-8000
5283,禾聯碩          ,9000,19000,-10000,0,0,0,0,0,0,2000,0,0,0,2000,0,2000,-8000
2406,國碩            ,194000,202000,-8000,0,0,0,0,0,0,0,0,0,0,0,0,0,-8000
3013,晟銘電          ,30000,33000,-3000,0,0,0,0,0,0,-5000,0,5000,-5000,0,0,0,-8000
2904,匯僑            ,0,8000,-8000,0,0,0,0,0,0,0,0,0,0,0,0,0,-8000
2906,高林            ,3000,11000,-8000,0,0,0,0,0,0,0,0,0,0,0,0,0,-8000
2701,萬企            ,0,8000,-8000,0,0,0,0,0,0,0,0,0,0,0,0,0,-8000
056511,超眾永豐98購01  ,0,0,0,0,0,0,0,0,0,-9000,0,0,0,0,9000,-9000,-9000
057152,緯穎國票99購03  ,0,0,0,0,0,0,0,0,0,-9000,0,0,0,1000,10000,-9000,-9000
06954P,大立光元富99售01,0,0,0,0,0,0,0,0,0,-9000,0,0,0,0,9000,-9000,-9000
07217P,大立光凱基9A售05,0,0,0,0,0,0,0,0,0,-9000,0,0,0,52000,61000,-9000,-9000
07118P,台積電凱基99售09,0,0,0,0,0,0,0,0,0,-9000,0,0,0,90000,99000,-9000,-9000
07233P,台灣50元大99售04,0,0,0,0,0,0,0,0,0,-9000,0,0,0,0,9000,-9000,-9000
1203,味王            ,0,9000,-9000,0,0,0,0,0,0,0,0,0,0,0,0,0,-9000
06228P,亞德客凱基97售04,0,0,0,0,0,0,0,0,0,-9000,0,0,0,11000,20000,-9000,-9000
06742P,可成富邦99售02  ,0,0,0,0,0,0,0,0,0,-9000,0,0,0,1000,10000,-9000,-9000
059553,台灣50凱基99購05,0,0,0,0,0,0,0,0,0,-9000,0,0,0,0,9000,-9000,-9000
056379,玉晶光元富98購01,0,0,0,0,0,0,0,0,0,-9000,0,0,0,216000,225000,-9000,-9000
057818,泰碩元大9A購01  ,0,0,0,0,0,0,0,0,0,-9000,0,0,0,16000,25000,-9000,-9000
04831P,聯詠富邦96售01  ,0,0,0,0,0,0,0,0,0,-9000,0,0,0,28000,37000,-9000,-9000
050311,上銀兆豐95購01  ,0,0,0,0,0,0,0,0,0,-9000,0,0,0,1000,10000,-9000,-9000
03650C,T50反1元大98牛05,0,0,0,0,0,0,0,0,0,-9000,0,0,0,0,9000,-9000,-9000
00770,國泰北美科技    ,5000,6000,-1000,0,0,0,0,0,0,-8000,0,0,0,0,8000,-8000,-9000
00690,兆豐藍籌30      ,0,0,0,0,0,0,0,0,0,-9000,0,0,0,181000,190000,-9000,-9000
058238,奇鋐元大99購02  ,0,0,0,0,0,0,0,0,0,-9000,0,0,0,3000,12000,-9000,-9000
052555,漢唐國票97購01  ,0,0,0,0,0,0,0,0,0,-9000,0,0,0,0,9000,-9000,-9000
053481,同欣電元大97購01,0,0,0,0,0,0,0,0,0,-9000,0,0,0,0,9000,-9000,-9000
053498,大立光兆豐96購03,0,0,0,0,0,0,0,0,0,-9000,0,0,0,1000,10000,-9000,-9000
054649,聯茂群益97購01  ,0,0,0,0,0,0,0,0,0,-9000,0,0,0,0,9000,-9000,-9000
2443,億麗            ,0,9000,-9000,0,0,0,0,0,0,0,0,0,0,0,0,0,-9000
1436,華友聯          ,1000,10000,-9000,0,0,0,0,0,0,0,0,0,0,0,0,0,-9000
8497,格威傳媒        ,1000,0,1000,0,0,0,0,0,0,-10000,0,10000,-10000,0,0,0,-9000
057809,英業達元大98購01,0,0,0,0,0,0,0,0,0,-10000,0,0,0,0,10000,-10000,-10000
057885,台光電群益98購04,0,0,0,0,0,0,0,0,0,-10000,0,0,0,0,10000,-10000,-10000
056382,道瓊反國泰9A購01,0,0,0,0,0,0,0,0,0,-10000,0,0,0,0,10000,-10000,-10000
056325,群創兆豐9A購01  ,0,0,0,0,0,0,0,0,0,-10000,0,0,0,0,10000,-10000,-10000
056250,瑞昱兆豐97購02  ,0,0,0,0,0,0,0,0,0,-10000,0,0,0,0,10000,-10000,-10000
056251,聯發科兆豐97購02,0,0,0,0,0,0,0,0,0,-10000,0,0,0,0,10000,-10000,-10000
058633,台灣50兆豐99購01,0,0,0,0,0,0,0,0,0,-10000,0,0,0,0,10000,-10000,-10000
057796,鴻海兆豐99購03  ,0,0,0,0,0,0,0,0,0,-10000,0,0,0,0,10000,-10000,-10000
056134,可成元大97購06  ,0,0,0,0,0,0,0,0,0,-10000,0,0,0,25000,35000,-10000,-10000
056142,超眾元大97購06  ,0,0,0,0,0,0,0,0,0,-10000,0,0,0,0,10000,-10000,-10000
057663,國巨元大99購08  ,0,0,0,0,0,0,0,0,0,-10000,0,0,0,0,10000,-10000,-10000
057763,康控凱基99購02  ,0,0,0,0,0,0,0,0,0,-10000,0,0,0,0,10000,-10000,-10000
058053,上銀統一9B購01  ,0,0,0,0,0,0,0,0,0,-10000,0,0,0,0,10000,-10000,-10000
059443,嘉聯益元大9B購01,0,0,0,0,0,0,0,0,0,-10000,0,0,0,0,10000,-10000,-10000
059402,台灣50台新99購01,0,0,0,0,0,0,0,0,0,-10000,0,0,0,0,10000,-10000,-10000
059304,華新科兆豐99購06,0,0,0,0,0,0,0,0,0,-10000,0,0,0,0,10000,-10000,-10000
06759P,台積電元大98售17,0,0,0,0,0,0,0,0,0,-10000,0,0,0,0,10000,-10000,-10000
06780P,義隆元大98售02  ,0,0,0,0,0,0,0,0,0,-10000,0,0,0,0,10000,-10000,-10000
06857P,超眾永豐98售02  ,0,0,0,0,0,0,0,0,0,-10000,0,0,0,0,10000,-10000,-10000
06901P,亞德客凱基98售02,0,0,0,0,0,0,0,0,0,-10000,0,0,0,0,10000,-10000,-10000
06884P,台郡群益98售03  ,0,0,0,0,0,0,0,0,0,-10000,0,0,0,10000,20000,-10000,-10000
06649P,聯發科元大98售08,0,0,0,0,0,0,0,0,0,-10000,0,0,0,0,10000,-10000,-10000
06224P,可成元富97售02  ,0,0,0,0,0,0,0,0,0,-10000,0,0,0,0,10000,-10000,-10000
05818P,大立光凱基96售14,0,0,0,0,0,0,0,0,0,-10000,0,0,0,0,10000,-10000,-10000
058152,聯發科統一9B購02,0,0,0,0,0,0,0,0,0,-10000,0,0,0,0,10000,-10000,-10000
058156,超眾統一9A購02  ,0,0,0,0,0,0,0,0,0,-10000,0,0,0,0,10000,-10000,-10000
07240P,台灣50台新94售01,0,0,0,0,0,0,0,0,0,-10000,0,0,0,0,10000,-10000,-10000
07267P,臺股指元大99售23,0,0,0,0,0,0,0,0,0,-10000,0,0,0,0,10000,-10000,-10000
07300P,臺股指元大9A售33,0,0,0,0,0,0,0,0,0,-10000,0,0,0,0,10000,-10000,-10000
07144P,FBVIX元大99售03 ,0,0,0,0,0,0,0,0,0,-10000,0,0,0,0,10000,-10000,-10000
07228P,台灣50群益9B售06,0,0,0,0,0,0,0,0,0,-10000,0,0,0,0,10000,-10000,-10000
07223P,鴻海元大99售29  ,0,0,0,0,0,0,0,0,0,-10000,0,0,0,0,10000,-10000,-10000
07166P,台灣50兆豐03售01,0,0,0,0,0,0,0,0,0,-10000,0,0,0,0,10000,-10000,-10000
07199P,臺股指元大99售15,0,0,0,0,0,0,0,0,0,-10000,0,0,0,0,10000,-10000,-10000
07187P,臺股指台新99售10,0,0,0,0,0,0,0,0,0,-10000,0,0,0,0,10000,-10000,-10000
07188P,臺股指台新99售11,0,0,0,0,0,0,0,0,0,-10000,0,0,0,0,10000,-10000,-10000
06955P,臻鼎元富99售01  ,0,0,0,0,0,0,0,0,0,-10000,0,0,0,3000,13000,-10000,-10000
07022P,嘉晶永豐99售02  ,0,0,0,0,0,0,0,0,0,-10000,0,0,0,0,10000,-10000,-10000
07049P,聯發科中信99售03,0,0,0,0,0,0,0,0,0,-10000,0,0,0,0,10000,-10000,-10000
07088P,訊芯永豐99售02  ,0,0,0,0,0,0,0,0,0,-10000,0,0,0,0,10000,-10000,-10000
07081P,南電群益9A售01  ,0,0,0,0,0,0,0,0,0,-10000,0,0,0,0,10000,-10000,-10000
057184,群創元大98購05  ,0,0,0,0,0,0,0,0,0,-10000,0,0,0,0,10000,-10000,-10000
057249,華邦電統一9A購01,0,0,0,0,0,0,0,0,0,-10000,0,0,0,0,10000,-10000,-10000
06146P,S&P反1元大97售03,0,0,0,0,0,0,0,0,0,-10000,0,0,0,0,10000,-10000,-10000
06180P,禾伸堂群益97售01,0,0,0,0,0,0,0,0,0,-10000,0,0,0,0,10000,-10000,-10000
055627,亞德客永豐97購02,0,0,0,0,0,0,0,0,0,-10000,0,0,0,0,10000,-10000,-10000
057271,國巨元大98購17  ,0,0,0,0,0,0,0,0,0,-10000,0,0,0,0,10000,-10000,-10000
057269,鈺齊兆豐98購01  ,0,0,0,0,0,0,0,0,0,-10000,0,0,0,0,10000,-10000,-10000
057264,新光金兆豐98購01,0,0,0,0,0,0,0,0,0,-10000,0,0,0,0,10000,-10000,-10000
057262,友達兆豐98購03  ,0,0,0,0,0,0,0,0,0,-10000,0,0,0,0,10000,-10000,-10000
057305,南亞科兆豐98購02,0,0,0,0,0,0,0,0,0,-10000,0,0,0,0,10000,-10000,-10000
057292,國巨國泰9B購01  ,0,0,0,0,0,0,0,0,0,-10000,0,0,0,0,10000,-10000,-10000
059010,臺股指元大99購12,0,0,0,0,0,0,0,0,0,-10000,0,0,0,0,10000,-10000,-10000
055507,樺漢元大98購02  ,0,0,0,0,0,0,0,0,0,-10000,0,0,0,0,10000,-10000,-10000
055501,創意元大97購01  ,0,0,0,0,0,0,0,0,0,-10000,0,0,0,0,10000,-10000,-10000
055489,瑞昱元大97購02  ,0,0,0,0,0,0,0,0,0,-10000,0,0,0,0,10000,-10000,-10000
055414,奇力新富邦9B購01,0,0,0,0,0,0,0,0,0,-10000,0,0,0,0,10000,-10000,-10000
058964,群創兆豐99購01  ,0,0,0,0,0,0,0,0,0,-10000,0,0,0,0,10000,-10000,-10000
058015,旺宏凱基99購02  ,0,0,0,0,0,0,0,0,0,-10000,0,0,0,27000,37000,-10000,-10000
058408,華通兆豐99購02  ,0,0,0,0,0,0,0,0,0,-10000,0,0,0,0,10000,-10000,-10000
058399,美律元大99購05  ,0,0,0,0,0,0,0,0,0,-10000,0,0,0,20000,30000,-10000,-10000
057059,易華電元大99購01,0,0,0,0,0,0,0,0,0,-10000,0,0,0,0,10000,-10000,-10000
057909,台光電兆豐98購01,0,0,0,0,0,0,0,0,0,-10000,0,0,0,0,10000,-10000,-10000
056601,鈺齊元富98購01  ,0,0,0,0,0,0,0,0,0,-10000,0,0,0,0,10000,-10000,-10000
056590,樺漢統一9A購01  ,0,0,0,0,0,0,0,0,0,-10000,0,0,0,0,10000,-10000,-10000
059223,大立光元大99購14,0,0,0,0,0,0,0,0,0,-10000,0,0,0,0,10000,-10000,-10000
059209,華通元大99購08  ,0,0,0,0,0,0,0,0,0,-10000,0,0,0,1000,11000,-10000,-10000
056753,群創兆豐98購02  ,0,0,0,0,0,0,0,0,0,-10000,0,0,0,0,10000,-10000,-10000
056749,滬深2X兆豐99購01,0,0,0,0,0,0,0,0,0,-10000,0,0,0,0,10000,-10000,-10000
056751,和大兆豐98購01  ,0,0,0,0,0,0,0,0,0,-10000,0,0,0,0,10000,-10000,-10000
056792,訊芯群益98購01  ,0,0,0,0,0,0,0,0,0,-10000,0,0,0,0,10000,-10000,-10000
057657,國巨兆豐98購04  ,0,0,0,0,0,0,0,0,0,-10000,0,0,0,0,10000,-10000,-10000
056925,群創兆豐98購03  ,0,0,0,0,0,0,0,0,0,-10000,0,0,0,0,10000,-10000,-10000
056966,嘉晶永豐98購01  ,0,0,0,0,0,0,0,0,0,-10000,0,0,0,53000,63000,-10000,-10000
056867,華通麥證98購01  ,0,0,0,0,20000,-20000,0,0,0,-10000,0,0,0,10000,20000,-10000,-10000
056920,友達兆豐98購02  ,0,0,0,0,0,0,0,0,0,-10000,0,0,0,0,10000,-10000,-10000
05682P,大立光元大98售03,0,0,0,0,0,0,0,0,0,-10000,0,0,0,0,10000,-10000,-10000
05684P,臺股指元大96售09,0,0,0,0,0,0,0,0,0,-10000,0,0,0,0,10000,-10000,-10000
056041,禾伸堂凱基98購03,0,0,0,0,0,0,0,0,0,-10000,0,0,0,0,10000,-10000,-10000
055957,瑞昱元大97購06  ,0,0,0,0,0,0,0,0,0,-10000,0,0,0,0,10000,-10000,-10000
056047,台積電兆豐97購02,0,0,0,0,0,0,0,0,0,-10000,0,0,0,0,10000,-10000,-10000
057561,大立光兆豐98購02,0,0,0,0,0,0,0,0,0,-10000,0,0,0,0,10000,-10000,-10000
057541,台灣50康和9A購04,0,0,0,0,0,0,0,0,0,-10000,0,0,0,0,10000,-10000,-10000
055906,大立光兆豐97購03,0,0,0,0,0,0,0,0,0,-10000,0,0,0,0,10000,-10000,-10000
059098,元油2X統一9B購03,0,10000,-10000,0,0,0,0,0,0,0,0,0,0,0,0,0,-10000
057427,華通兆豐99購01  ,0,0,0,0,0,0,0,0,0,-10000,0,0,0,0,10000,-10000,-10000
059058,可成凱基9B購01  ,0,0,0,0,0,0,0,0,0,-10000,0,0,0,10000,20000,-10000,-10000
059030,奇力新兆豐99購03,0,0,0,0,0,0,0,0,0,-10000,0,0,0,0,10000,-10000,-10000
059175,臺股指凱基99購26,0,0,0,0,0,0,0,0,0,-10000,0,0,0,0,10000,-10000,-10000
055756,臺股指兆豐97購01,0,0,0,0,0,0,0,0,0,-10000,0,0,0,0,10000,-10000,-10000
054623,華新科第一97購01,0,0,0,0,0,0,0,0,0,-10000,0,0,0,0,10000,-10000,-10000
054702,智邦第一97購01  ,0,0,0,0,0,0,0,0,0,-10000,0,0,0,0,10000,-10000,-10000
054915,興勤凱基97購01  ,0,0,0,0,0,0,0,0,0,-10000,0,0,0,0,10000,-10000,-10000
054906,神達康和97購01  ,0,0,0,0,0,0,0,0,0,-10000,0,0,0,10000,20000,-10000,-10000
054812,鴻海元大97購08  ,0,0,0,0,0,0,0,0,0,-10000,0,0,0,0,10000,-10000,-10000
054843,中環兆豐97購01  ,0,0,0,0,0,0,0,0,0,-10000,0,0,0,0,10000,-10000,-10000
052071,臺股指兆豐95購01,0,0,0,0,0,0,0,0,0,-10000,0,0,0,0,10000,-10000,-10000
052066,華邦電兆豐96購01,0,0,0,0,0,0,0,0,0,-10000,0,0,0,0,10000,-10000,-10000
052101,滬深2X兆豐96購01,0,0,0,0,0,0,0,0,0,-10000,0,0,0,0,10000,-10000,-10000
05276P,GIS永豐95售02   ,0,0,0,0,0,0,0,0,0,-10000,0,0,0,0,10000,-10000,-10000
052764,景碩群益98購01  ,0,0,0,0,0,0,0,0,0,-10000,0,0,0,0,10000,-10000,-10000
052791,友達兆豐97購01  ,0,0,0,0,0,0,0,0,0,-10000,0,0,0,0,10000,-10000,-10000
052794,群創兆豐97購01  ,0,0,0,0,0,0,0,0,0,-10000,0,0,0,0,10000,-10000,-10000
053709,台達電凱基96購04,0,0,0,0,0,0,0,0,0,-10000,0,0,0,20000,30000,-10000,-10000
053769,香港反元大99購01,0,0,0,0,0,0,0,0,0,-10000,0,0,0,4000,14000,-10000,-10000
053800,華通凱基97購03  ,0,0,0,0,0,0,0,0,0,-10000,0,0,0,0,10000,-10000,-10000
053804,富邦金凱基96購01,0,0,0,0,0,0,0,0,0,-10000,0,0,0,10000,20000,-10000,-10000
053642,瀚宇博永豐96購01,0,0,0,0,0,0,0,0,0,-10000,0,0,0,0,10000,-10000,-10000
053605,臺股指永昌96購01,0,0,0,0,0,0,0,0,0,-10000,0,0,0,0,10000,-10000,-10000
053497,新光金兆豐97購01,0,0,0,0,0,0,0,0,0,-10000,0,0,0,0,10000,-10000,-10000
053530,聯發科康和96購01,0,0,0,0,0,0,0,0,0,-10000,0,0,0,0,10000,-10000,-10000
051847,香港反中信99購01,0,0,0,0,0,0,0,0,0,-10000,0,0,0,2000,12000,-10000,-10000
053417,上銀永豐96購02  ,0,0,0,0,0,0,0,0,0,-10000,0,0,0,0,10000,-10000,-10000
055376,群創元大01購01  ,0,0,0,0,0,0,0,0,0,-10000,0,0,0,0,10000,-10000,-10000
053304,可成凱基96購03  ,0,0,0,0,0,0,0,0,0,-10000,0,0,0,0,10000,-10000,-10000
052614,聯電國泰97購01  ,0,0,0,0,0,0,0,0,0,-10000,0,0,0,0,10000,-10000,-10000
052687,國泰金元大96購03,0,0,0,0,0,0,0,0,0,-10000,0,0,0,20000,30000,-10000,-10000
051983,道瓊反元大95購01,0,0,0,0,0,0,0,0,0,-10000,0,0,0,0,10000,-10000,-10000
058305,華邦電元大99購02,0,0,0,0,0,0,0,0,0,-10000,0,0,0,0,10000,-10000,-10000
058770,貿聯兆豐9A購01  ,0,0,0,0,0,0,0,0,0,-10000,0,0,0,0,10000,-10000,-10000
058766,力山兆豐99購01  ,0,0,0,0,0,0,0,0,0,-10000,0,0,0,0,10000,-10000,-10000
058743,可成康和99購01  ,0,0,0,0,0,0,0,0,0,-10000,0,0,0,0,10000,-10000,-10000
058733,同欣電永豐99購02,0,0,0,0,0,0,0,0,0,-10000,0,0,0,0,10000,-10000,-10000
058677,矽格群益99購01  ,0,0,0,0,0,0,0,0,0,-10000,0,0,0,0,10000,-10000,-10000
058664,百和兆豐99購01  ,0,0,0,0,0,0,0,0,0,-10000,0,0,0,0,10000,-10000,-10000
058646,聯茂富邦9A購01  ,0,0,0,0,0,0,0,0,0,-10000,0,0,0,0,10000,-10000,-10000
054224,亞光統一98購01  ,0,0,0,0,0,0,0,0,0,-10000,0,0,0,0,10000,-10000,-10000
058458,牧德永豐9A購01  ,0,0,0,0,0,0,0,0,0,-10000,0,0,0,0,10000,-10000,-10000
058488,華擎國票9A購01  ,0,0,0,0,0,0,0,0,0,-10000,0,0,0,0,10000,-10000,-10000
05406P,台光電凱基95售02,0,0,0,0,0,0,0,0,0,-10000,0,0,0,0,10000,-10000,-10000
054156,聯電亞東98購01  ,0,0,0,0,0,0,0,0,0,-10000,0,0,0,0,10000,-10000,-10000
054122,康友永豐96購01  ,0,0,0,0,0,0,0,0,0,-10000,0,0,0,0,10000,-10000,-10000
053887,聯茂兆豐97購02  ,0,0,0,0,0,0,0,0,0,-10000,0,0,0,0,10000,-10000,-10000
053868,群創元大99購02  ,0,0,0,0,0,0,0,0,0,-10000,0,0,0,0,10000,-10000,-10000
053951,T50反1台新06購02,0,0,0,0,0,0,0,0,0,-10000,0,0,0,0,10000,-10000,-10000
05133P,臺股指日盛95售01,0,0,0,0,0,0,0,0,0,-10000,0,0,0,0,10000,-10000,-10000
054516,國巨元大97購02  ,0,0,0,0,0,0,0,0,0,-10000,0,0,0,0,10000,-10000,-10000
054488,禾伸堂台新96購01,0,0,0,0,0,0,0,0,0,-10000,0,0,0,0,10000,-10000,-10000
051392,玉山金兆豐95購01,0,0,0,0,0,0,0,0,0,-10000,0,0,0,0,10000,-10000,-10000
051393,新光金兆豐96購01,0,0,0,0,0,0,0,0,0,-10000,0,0,0,0,10000,-10000,-10000
055065,神達永豐97購01  ,0,0,0,0,0,0,0,0,0,-10000,0,0,0,0,10000,-10000,-10000
055147,鴻海元大97購11  ,0,0,0,0,0,0,0,0,0,-10000,0,0,0,0,10000,-10000,-10000
055156,華新科元大99購02,0,0,0,0,0,0,0,0,0,-10000,0,0,0,0,10000,-10000,-10000
00703,台新MSCI中國    ,9000,2000,7000,0,0,0,0,0,0,-17000,0,0,0,238000,255000,-17000,-10000
04518P,高鐵群益95售01  ,0,0,0,0,0,0,0,0,0,-10000,0,0,0,0,10000,-10000,-10000
0051,元大中型100     ,0,0,0,0,0,0,0,0,0,-10000,0,0,0,1000,11000,-10000,-10000
006208,富邦台50        ,8000,8000,0,0,0,0,0,0,0,-10000,0,0,0,582000,592000,-10000,-10000
04659P,臺股指永昌94售03,0,0,0,0,0,0,0,0,0,-10000,0,0,0,0,10000,-10000,-10000
04693P,超眾群益95售01  ,0,0,0,0,0,0,0,0,0,-10000,0,0,0,0,10000,-10000,-10000
046865,鴻海統一95購01  ,0,0,0,0,0,0,0,0,0,-10000,0,0,0,0,10000,-10000,-10000
03626P,可成兆豐93售03  ,0,0,0,0,0,0,0,0,0,-10000,0,0,0,0,10000,-10000,-10000
03627P,大立光兆豐93售03,0,0,0,0,0,0,0,0,0,-10000,0,0,0,0,10000,-10000,-10000
03857P,聯發科元富99售02,0,0,0,0,0,0,0,0,0,-10000,0,0,0,0,10000,-10000,-10000
035277,景碩台新97購01  ,0,0,0,0,0,0,0,0,0,-10000,0,0,0,0,10000,-10000,-10000
044694,道瓊反元大94購02,0,0,0,0,0,0,0,0,0,-10000,0,0,0,0,10000,-10000,-10000
050612,台積電元大95購06,0,0,0,0,0,0,0,0,0,-10000,0,0,0,830000,840000,-10000,-10000
050630,大立光亞東96購01,0,0,0,0,0,0,0,0,0,-10000,0,0,0,420000,430000,-10000,-10000
050624,鈺齊元大94購01  ,0,0,0,0,0,0,0,0,0,-10000,0,0,0,0,10000,-10000,-10000
050633,義隆群益96購02  ,0,0,0,0,0,0,0,0,0,-10000,0,0,0,0,10000,-10000,-10000
04189P,台積電兆豐94售02,0,0,0,0,0,0,0,0,0,-10000,0,0,0,0,10000,-10000,-10000
04258P,健策國票94售01  ,0,0,0,0,0,0,0,0,0,-10000,0,0,0,0,10000,-10000,-10000
050893,鴻海元大96購03  ,0,0,0,0,0,0,0,0,0,-10000,0,0,0,10000,20000,-10000,-10000
050906,臺股指元大95購13,0,0,0,0,0,0,0,0,0,-10000,0,0,0,0,10000,-10000,-10000
047421,聯茂富邦97購01  ,0,0,0,0,0,0,0,0,0,-10000,0,0,0,5000,15000,-10000,-10000
047652,滬深2X兆豐94購03,0,0,0,0,0,0,0,0,0,-10000,0,0,0,0,10000,-10000,-10000
04790P,台積電元大94售19,0,0,0,0,0,0,0,0,0,-10000,0,0,0,0,10000,-10000,-10000
050261,國巨元大95購04  ,0,0,0,0,0,0,0,0,0,-10000,0,0,0,0,10000,-10000,-10000
050456,聯茂元大94購09  ,0,0,0,0,0,0,0,0,0,-10000,0,0,0,0,10000,-10000,-10000
050495,大立光永昌96購01,0,0,0,0,0,0,0,0,0,-10000,0,0,0,20000,30000,-10000,-10000
049036,燿華兆豐95購01  ,0,0,0,0,0,0,0,0,0,-10000,0,0,0,0,10000,-10000,-10000
049063,緯穎日盛94購01  ,0,0,0,0,0,0,0,0,0,-10000,0,0,0,0,10000,-10000,-10000
049607,台積電兆豐94購04,0,0,0,0,0,0,0,0,0,-10000,0,0,0,0,10000,-10000,-10000
049666,臺股指永昌94購01,0,0,0,0,0,0,0,0,0,-10000,0,0,0,0,10000,-10000,-10000
050016,緯穎富邦95購01  ,0,0,0,0,0,0,0,0,0,-10000,0,0,0,0,10000,-10000,-10000
050121,南電元大95購02  ,0,0,0,0,0,0,0,0,0,-10000,0,0,0,0,10000,-10000,-10000
050170,臺指反元大97購02,0,0,0,0,0,0,0,0,0,-10000,0,0,0,0,10000,-10000,-10000
050117,麗豐元大96購02  ,0,0,0,0,0,0,0,0,0,-10000,0,0,0,0,10000,-10000,-10000
048286,滬深2X兆豐94購04,0,0,0,0,0,0,0,0,0,-10000,0,0,0,0,10000,-10000,-10000
048287,嘉晶兆豐94購01  ,0,0,0,0,0,0,0,0,0,-10000,0,0,0,0,10000,-10000,-10000
048402,聯茂兆豐95購01  ,0,0,0,0,0,0,0,0,0,-10000,0,0,0,0,10000,-10000,-10000
048158,大立光兆豐95購01,0,0,0,0,0,0,0,0,0,-10000,0,0,0,0,10000,-10000,-10000
04865P,台積電亞東95售01,0,0,0,0,0,0,0,0,0,-10000,0,0,0,155000,165000,-10000,-10000
049425,喬山兆豐95購01  ,0,0,0,0,0,0,0,0,0,-10000,0,0,0,0,10000,-10000,-10000
052927,友達元大98購02  ,0,0,0,0,0,0,0,0,0,-10000,0,0,0,0,10000,-10000,-10000
049934,緯穎元大94購08  ,0,0,0,0,0,0,0,0,0,-10000,0,0,0,0,10000,-10000,-10000
052936,華通兆豐98購01  ,0,0,0,0,0,0,0,0,0,-10000,0,0,0,0,10000,-10000,-10000
052980,上銀元大96購03  ,0,0,0,0,0,0,0,0,0,-10000,0,0,0,0,10000,-10000,-10000
055249,大毅統一99購01  ,0,0,0,0,0,0,0,0,0,-10000,0,0,0,0,10000,-10000,-10000
055270,上銀元大97購03  ,0,0,0,0,0,0,0,0,0,-10000,0,0,0,0,10000,-10000,-10000
05318P,臺股指永昌95售03,0,0,0,0,0,0,0,0,0,-10000,0,10000,-10000,10000,10000,0,-10000
055230,大毅國票98購01  ,0,0,0,0,0,0,0,0,0,-10000,0,0,0,0,10000,-10000,-10000
053108,南亞科兆豐96購01,0,0,0,0,0,0,0,0,0,-10000,0,0,0,0,10000,-10000,-10000
055335,健策兆豐98購01  ,0,0,0,0,0,0,0,0,0,-10000,0,0,0,0,10000,-10000,-10000
055330,上銀兆豐98購02  ,0,0,0,0,0,0,0,0,0,-10000,0,0,0,0,10000,-10000,-10000
05117P,瑞昱群益95售02  ,0,0,0,0,0,0,0,0,0,-10000,0,0,0,0,10000,-10000,-10000
051189,鴻海兆豐96購01  ,0,0,0,0,0,0,0,0,0,-10000,0,0,0,0,10000,-10000,-10000
051280,台積電兆豐95購04,0,0,0,0,0,0,0,0,0,-10000,0,0,0,0,10000,-10000,-10000
5203,訊連            ,238000,292000,-54000,0,0,0,10000,0,10000,34000,30000,0,30000,4000,0,4000,-10000
6128,上福            ,3000,13000,-10000,0,0,0,0,0,0,0,0,0,0,0,0,0,-10000
6155,鈞寶            ,111000,121000,-10000,0,0,0,0,0,0,0,0,0,0,0,0,0,-10000
6164,華興            ,0,11000,-11000,0,0,0,0,0,0,1000,1000,0,1000,0,0,0,-10000
1445,大宇            ,0,10000,-10000,0,0,0,0,0,0,0,0,0,0,0,0,0,-10000
3311,閎暉            ,2000,13000,-11000,0,0,0,0,0,0,1000,1000,0,1000,0,0,0,-10000
1526,日馳            ,35060,41000,-5940,0,0,0,0,0,0,-5000,0,5000,-5000,0,0,0,-10940
059131,國巨群益99購07  ,0,0,0,0,0,0,0,0,0,-11000,0,0,0,0,11000,-11000,-11000
056557,世紀鋼凱基98購02,0,0,0,0,0,0,0,0,0,-11000,0,0,0,0,11000,-11000,-11000
057121,立積康和98購01  ,0,0,0,0,0,0,0,0,0,-11000,0,0,0,0,11000,-11000,-11000
059416,T50反1元大99購08,0,0,0,0,0,0,0,0,0,-11000,0,0,0,0,11000,-11000,-11000
055593,華新科元大97購10,0,0,0,0,0,0,0,0,0,-11000,0,0,0,0,11000,-11000,-11000
07013P,玉晶光群益9A售06,0,0,0,0,0,0,0,0,0,-11000,0,0,0,0,11000,-11000,-11000
07271P,台灣50元大9C售04,0,0,0,0,0,0,0,0,0,-11000,0,0,0,0,11000,-11000,-11000
058160,奇鋐元富99購01  ,0,0,0,0,0,0,0,0,0,-11000,0,0,0,19000,30000,-11000,-11000
06934P,聯鈞元大98售03  ,0,0,0,0,0,0,0,0,0,-11000,0,0,0,36000,47000,-11000,-11000
06844P,智邦元大98售13  ,0,0,0,0,0,0,0,0,0,-11000,0,0,0,10000,21000,-11000,-11000
059283,康友永豐99購02  ,0,0,0,0,0,0,0,0,0,-11000,0,0,0,0,11000,-11000,-11000
056315,同欣電元大97購05,0,0,0,0,0,0,0,0,0,-11000,0,0,0,0,11000,-11000,-11000
05127P,鴻海亞東96售01  ,0,0,0,0,0,0,0,0,0,-11000,0,0,0,1464000,1475000,-11000,-11000
05300P,健策元大95售02  ,0,0,0,0,0,0,0,0,0,-11000,0,0,0,0,11000,-11000,-11000
048732,台勝科麥證95購01,0,0,0,36000,47000,-11000,0,0,0,-11000,0,0,0,36000,47000,-11000,-11000
050702,崇越凱基94購01  ,0,0,0,0,0,0,0,0,0,-11000,0,0,0,0,11000,-11000,-11000
054972,聯茂元大97購02  ,0,0,0,0,0,0,0,0,0,-11000,0,0,0,1000,12000,-11000,-11000
054215,創意國票97購02  ,0,0,0,0,0,0,0,0,0,-11000,0,0,0,0,11000,-11000,-11000
054266,緯穎元大96購07  ,0,0,0,0,0,0,0,0,0,-11000,0,0,0,2000,13000,-11000,-11000
058803,世紀鋼元大99購03,0,0,0,0,0,0,0,0,0,-11000,0,0,0,0,11000,-11000,-11000
052802,華新科元大97購02,0,0,0,0,0,0,0,0,0,-11000,0,0,0,0,11000,-11000,-11000
05464P,華通康和95售02  ,0,0,0,0,0,0,0,0,0,-11000,0,0,0,0,11000,-11000,-11000
1464,得力            ,36000,46000,-10000,0,0,0,0,0,0,-1000,0,0,0,0,1000,-1000,-11000
3591,艾笛森          ,7000,18000,-11000,0,0,0,0,0,0,0,0,0,0,0,0,0,-11000
3702A,大聯大甲特      ,13000,2000,11000,0,0,0,0,0,0,-22000,0,32000,-32000,10000,0,10000,-11000
4141,龍燈-KY         ,26000,37000,-11000,0,0,0,0,0,0,0,0,0,0,0,0,0,-11000
2908,特力            ,45000,56000,-11000,0,0,0,0,0,0,0,0,0,0,0,0,0,-11000
8442,威宏-KY         ,0,1000,-1000,0,0,0,0,0,0,-10000,0,10000,-10000,0,0,0,-11000
056381,台虹元富98購01  ,0,0,0,0,0,0,0,0,0,-12000,0,0,0,30000,42000,-12000,-12000
059577,旺宏元富99購04  ,0,0,0,0,0,0,0,0,0,-12000,0,0,0,0,12000,-12000,-12000
059571,奇力新凱基99購06,0,0,0,0,0,0,0,0,0,-12000,0,0,0,0,12000,-12000,-12000
059564,鴻海凱基9A購15  ,0,0,0,0,0,0,0,0,0,-12000,0,0,0,4000,16000,-12000,-12000
06739P,聯詠兆豐98售02  ,0,0,0,0,0,0,0,0,0,-12000,0,0,0,39000,51000,-12000,-12000
06373P,聯發科元大97售22,0,0,0,0,0,0,0,0,0,-12000,0,0,0,40000,52000,-12000,-12000
07078P,鴻海群益99售02  ,0,0,0,0,0,0,0,0,0,-12000,0,0,0,0,12000,-12000,-12000
057028,台郡凱基99購02  ,0,0,0,0,0,0,0,0,0,-12000,0,0,0,0,12000,-12000,-12000
057980,聯詠永豐98購01  ,0,0,0,0,0,0,0,0,0,-12000,0,0,0,32000,44000,-12000,-12000
056870,全新日盛9A購01  ,0,0,0,0,0,0,0,0,0,-12000,0,0,0,0,12000,-12000,-12000
059057,聯發科凱基99購10,0,0,0,0,0,0,0,0,0,-12000,0,0,0,0,12000,-12000,-12000
057557,聯茂凱基99購04  ,0,0,0,0,0,0,0,0,0,-12000,0,0,0,0,12000,-12000,-12000
054612,慧洋永豐97購01  ,0,0,0,0,0,0,0,0,0,-12000,0,0,0,0,12000,-12000,-12000
053571,奇鋐統一96購02  ,0,0,0,0,0,0,0,0,0,-12000,0,0,0,28000,40000,-12000,-12000
051873,緯穎凱基95購02  ,0,0,0,0,0,0,0,0,0,-12000,0,0,0,3000,15000,-12000,-12000
058863,可成凱基99購02  ,0,0,0,0,0,0,0,0,0,-12000,0,0,0,9000,21000,-12000,-12000
058946,SGBR2X群益9B購01,0,0,0,0,0,0,0,0,0,-12000,0,0,0,0,12000,-12000,-12000
058499,滬深2X元大9C購01,0,0,0,0,0,0,0,0,0,-12000,0,0,0,0,12000,-12000,-12000
055090,國巨群益97購03  ,0,0,0,0,0,0,0,0,0,-12000,0,0,0,0,12000,-12000,-12000
051629,上証2X國票95購04,0,0,0,0,0,0,0,0,0,-12000,0,0,0,0,12000,-12000,-12000
04795P,聯發科元大94售09,0,0,0,0,0,0,0,0,0,-12000,0,0,0,0,12000,-12000,-12000
04294P,台積電元大95售01,0,10000,-10000,0,0,0,0,0,0,-2000,0,0,0,0,2000,-2000,-12000
00625K,富邦上証+R      ,0,0,0,0,0,0,0,0,0,-12000,0,0,0,50000,62000,-12000,-12000
00766L,台新MSCI中國正2 ,0,0,0,0,0,0,0,0,0,-12000,0,0,0,154000,166000,-12000,-12000
050250,台郡凱基94購03  ,0,0,0,0,0,0,0,0,0,-12000,0,0,0,0,12000,-12000,-12000
049200,元黃金群益98購01,0,0,0,0,0,0,0,0,0,-12000,0,0,0,11000,23000,-12000,-12000
053082,聯電元大98購03  ,0,0,0,0,0,0,0,0,0,-12000,0,0,0,70000,82000,-12000,-12000
055240,京元電元富97購01,0,0,0,0,0,0,0,0,0,-12000,0,0,0,0,12000,-12000,-12000
6698,旭暉應材        ,13000,34000,-21000,0,0,0,0,0,0,9000,9000,0,9000,0,0,0,-12000
1615,大山            ,1000,14000,-13000,0,0,0,0,0,0,1000,1000,0,1000,0,0,0,-12000
056916,台達電兆豐98購02,0,0,0,0,0,0,0,0,0,-13000,0,0,0,5000,18000,-13000,-13000
058966,元油2X日盛99購03,0,0,0,0,0,0,0,0,0,-13000,0,0,0,7000,20000,-13000,-13000
057033,A50反1元大9B購02,0,0,0,0,0,0,0,0,0,-13000,0,0,0,14000,27000,-13000,-13000
07211P,南亞科凱基99售05,0,0,0,0,0,0,0,0,0,-13000,0,0,0,11000,24000,-13000,-13000
058194,勤誠永豐99購01  ,0,0,0,0,0,0,0,0,0,-13000,0,0,0,0,13000,-13000,-13000
06242P,大立光元富9A售02,0,0,0,0,0,0,0,0,0,-13000,0,0,0,0,13000,-13000,-13000
06779P,智邦元大98售12  ,0,0,0,0,0,0,0,0,0,-13000,0,0,0,0,13000,-13000,-13000
06569P,可成永豐98售01  ,0,0,0,0,0,0,0,0,0,-13000,0,0,0,0,13000,-13000,-13000
059308,T50反1元大99購07,0,0,0,0,0,0,0,0,0,-13000,0,0,0,0,13000,-13000,-13000
059410,滬深2X國票9A購04,0,0,0,0,0,0,0,0,0,-13000,0,0,0,44000,57000,-13000,-13000
059431,旺宏元大99購14  ,0,0,0,0,0,0,0,0,0,-13000,0,0,0,2000,15000,-13000,-13000
048190,道瓊反元大96購02,0,0,0,0,0,0,0,0,0,-13000,0,0,0,0,13000,-13000,-13000
046630,京元電元富95購03,0,0,0,0,0,0,0,0,0,-13000,0,0,0,0,13000,-13000,-13000
053942,超眾國泰96購02  ,0,0,0,0,0,0,0,0,0,-13000,0,0,0,0,13000,-13000,-13000
058918,SGBR2X元富99購04,0,0,0,0,0,0,0,0,0,-13000,0,0,0,0,13000,-13000,-13000
054690,新興永豐97購01  ,0,0,0,0,0,0,0,0,0,-13000,0,0,0,0,13000,-13000,-13000
1723,中碳            ,66000,75000,-9000,0,0,0,0,0,0,-4000,0,4000,-4000,0,0,0,-13000
2421,建準            ,933000,882000,51000,0,0,0,0,50000,-50000,-14000,0,9000,-9000,1000,6000,-5000,-13000
2397,友通            ,7000,20000,-13000,0,0,0,0,0,0,0,0,0,0,0,0,0,-13000
8103,瀚荃            ,0,15000,-15000,0,0,0,0,0,0,2000,2000,0,2000,0,0,0,-13000
5471,松翰            ,471000,484000,-13000,0,0,0,0,0,0,0,0,0,0,0,0,0,-13000
4536,拓凱            ,27000,40000,-13000,0,0,0,0,0,0,0,0,0,0,0,0,0,-13000
9940,信義            ,100904,114000,-13096,0,0,0,0,0,0,0,0,0,0,0,0,0,-13096
06848P,聯詠元大98售04  ,0,0,0,0,0,0,0,0,0,-14000,0,0,0,0,14000,-14000,-14000
07076P,鴻海凱基9A售08  ,0,0,0,0,0,0,0,0,0,-14000,0,0,0,0,14000,-14000,-14000
07062P,台積電元大99售15,0,0,0,0,0,0,0,0,0,-14000,0,0,0,28000,42000,-14000,-14000
059224,大立光元大99購15,0,0,0,0,0,0,0,0,0,-14000,0,0,0,17000,31000,-14000,-14000
054917,聯發科凱基98購05,0,0,0,0,0,0,0,0,0,-14000,0,0,0,6000,20000,-14000,-14000
05244P,台積電元大95售17,0,0,0,0,0,0,0,0,0,-14000,0,0,0,0,14000,-14000,-14000
04534P,臻鼎元富94售03  ,0,0,0,0,0,0,0,0,0,-14000,0,0,0,0,14000,-14000,-14000
8411,福貞-KY         ,0,14000,-14000,0,0,0,0,0,0,0,0,0,0,0,0,0,-14000
8482,商億-KY         ,0,14000,-14000,0,0,0,0,0,0,0,0,0,0,0,0,0,-14000
6177,達麗            ,39000,53000,-14000,0,0,0,0,0,0,0,0,0,0,0,0,0,-14000
2348,海悅            ,19000,28000,-9000,0,0,0,0,0,0,-5000,0,5000,-5000,0,0,0,-14000
2430,燦坤            ,0,14000,-14000,0,0,0,0,0,0,0,0,0,0,0,0,0,-14000
1439,中和            ,22000,36000,-14000,0,0,0,0,0,0,0,0,0,0,0,0,0,-14000
2748,雲品            ,20000,15000,5000,0,0,0,0,10000,-10000,-9000,0,9000,-9000,0,0,0,-14000
056508,揚明光永豐98購01,0,0,0,0,0,0,0,0,0,-15000,0,0,0,0,15000,-15000,-15000
057123,上銀凱基98購05  ,0,0,0,0,0,0,0,0,0,-15000,0,0,0,0,15000,-15000,-15000
057901,大立光永豐98購04,0,0,0,0,0,0,0,0,0,-15000,0,0,0,0,15000,-15000,-15000
058014,上銀凱基99購02  ,0,0,0,0,0,0,0,0,0,-15000,0,0,0,0,15000,-15000,-15000
059594,奇力新元大9B購01,0,0,0,0,0,0,0,0,0,-15000,0,0,0,0,15000,-15000,-15000
055587,智邦元大97購02  ,0,0,0,0,0,0,0,0,0,-15000,0,0,0,30000,45000,-15000,-15000
057287,彩晶元大9C購03  ,0,0,0,0,0,0,0,0,0,-15000,0,0,0,5000,20000,-15000,-15000
06913P,聯發科元大98售14,0,0,0,0,0,0,0,0,0,-15000,0,0,0,8000,23000,-15000,-15000
06846P,美律元大98售05  ,0,0,0,0,0,0,0,0,0,-15000,0,0,0,0,15000,-15000,-15000
06611P,祥碩國票98售01  ,0,0,0,0,0,0,0,0,0,-15000,0,0,0,0,15000,-15000,-15000
06619P,聯發科元大98售06,0,0,0,0,0,0,0,0,0,-15000,0,0,0,5000,20000,-15000,-15000
059357,華通永豐99購01  ,0,0,0,0,0,0,0,0,0,-15000,0,0,0,0,15000,-15000,-15000
058055,華擎統一9A購01  ,0,0,0,0,0,0,0,0,0,-15000,0,0,0,0,15000,-15000,-15000
057804,為升元大98購01  ,0,0,0,0,0,0,0,0,0,-15000,0,0,0,0,15000,-15000,-15000
056281,深中小永豐97購01,0,0,0,0,0,0,0,0,0,-15000,0,0,0,0,15000,-15000,-15000
056198,台光電永豐97購02,0,0,0,0,0,0,0,0,0,-15000,0,0,0,0,15000,-15000,-15000
04715P,聯茂元大94售06  ,0,0,0,0,0,0,0,0,0,-15000,0,0,0,5000,20000,-15000,-15000
00684R,元大美元指數反1 ,0,0,0,0,0,0,0,0,0,-15000,0,0,0,0,15000,-15000,-15000
047417,台塑富邦97購01  ,0,0,0,0,0,0,0,0,0,-15000,0,0,0,0,15000,-15000,-15000
049477,泰鼎永豐94購01  ,0,0,0,0,0,0,0,0,0,-15000,0,0,0,15000,30000,-15000,-15000
053151,華新科元大96購04,0,0,0,0,0,0,0,0,0,-15000,0,0,0,15000,30000,-15000,-15000
052921,大成鋼永豐96購01,0,0,0,0,0,0,0,0,0,-15000,0,0,0,0,15000,-15000,-15000
05254P,瑞昱凱基95售04  ,0,0,0,0,0,0,0,0,0,-15000,0,0,0,15000,30000,-15000,-15000
052446,聯發科元大96購03,0,0,0,0,0,0,0,0,0,-15000,0,0,0,0,15000,-15000,-15000
05188P,可成凱基95售09  ,0,0,0,0,0,0,0,0,0,-15000,0,0,0,0,15000,-15000,-15000
054929,群電凱基97購01  ,0,0,0,0,0,0,0,0,0,-15000,0,0,0,0,15000,-15000,-15000
052193,國巨元富95購06  ,0,0,0,0,0,0,0,0,0,-15000,0,0,0,0,15000,-15000,-15000
058821,泰鼎國泰9B購01  ,0,0,0,0,0,0,0,0,0,-15000,0,0,0,0,15000,-15000,-15000
058707,泰鼎元大99購02  ,0,0,0,0,0,0,0,0,0,-15000,0,0,0,5000,20000,-15000,-15000
05137P,華新科凱基96售03,0,0,0,0,0,0,0,0,0,-15000,0,0,0,0,15000,-15000,-15000
054428,禾伸堂富邦98購01,0,0,0,0,0,0,0,0,0,-15000,0,0,0,0,15000,-15000,-15000
054391,宏達電元富96購04,0,0,0,0,0,0,0,0,0,-15000,0,0,0,0,15000,-15000,-15000
2852,第一保          ,3000,18000,-15000,0,0,0,0,0,0,0,0,0,0,0,0,0,-15000
3501,維熹            ,6000,21000,-15000,0,0,0,0,0,0,0,0,0,0,0,0,0,-15000
3047,訊舟            ,85000,100000,-15000,0,0,0,0,0,0,0,0,0,0,0,0,0,-15000
5285,界霖            ,18000,33000,-15000,0,0,0,0,0,0,0,0,0,0,0,0,0,-15000
6416,瑞祺電通        ,294000,263000,31000,0,0,0,10000,0,10000,-56000,18000,74000,-56000,0,0,0,-15000
057707,臺股指群益98購07,0,0,0,0,0,0,0,0,0,-16000,0,0,0,15000,31000,-16000,-16000
059240,台積電凱基9A購09,0,0,0,0,0,0,0,0,0,-16000,0,0,0,30000,46000,-16000,-16000
059330,台灣50國票99購10,0,0,0,0,0,0,0,0,0,-16000,0,0,0,14000,30000,-16000,-16000
06839P,玉晶光統一9A售05,0,0,0,0,0,0,0,0,0,-16000,0,0,0,2000,18000,-16000,-16000
07202P,台灣50凱基9C售04,0,0,0,0,0,0,0,0,0,-16000,0,0,0,50000,66000,-16000,-16000
07294P,滬深2X元富9C售08,0,0,0,0,0,0,0,0,0,-16000,0,0,0,0,16000,-16000,-16000
1321,大洋            ,25000,41000,-16000,0,0,0,0,0,0,0,0,0,0,0,0,0,-16000
059001,聯發科元大99購17,0,0,0,0,0,0,0,0,0,-16000,0,0,0,10000,26000,-16000,-16000
056733,國巨凱基98購10  ,0,0,0,0,0,0,0,0,0,-16000,0,0,0,0,16000,-16000,-16000
056711,亞光永豐98購01  ,0,0,0,0,0,0,0,0,0,-16000,0,0,0,0,16000,-16000,-16000
052801,友達元大9A購01  ,0,0,0,0,0,0,0,0,0,-16000,0,0,0,0,16000,-16000,-16000
051902,T50反1元大97購01,30000,0,30000,0,0,0,0,0,0,-46000,0,0,0,20000,66000,-46000,-16000
052573,智伸科凱基97購01,0,0,0,0,0,0,0,0,0,-16000,0,0,0,0,16000,-16000,-16000
050714,深中小群益98購01,0,0,0,0,0,0,0,0,0,-16000,0,0,0,0,16000,-16000,-16000
3518,柏騰            ,64000,80000,-16000,0,0,0,0,0,0,0,0,0,0,0,0,0,-16000
1337,再生-KY         ,6000,22000,-16000,0,0,0,0,0,0,0,0,0,0,0,0,0,-16000
1732,毛寶            ,249000,265000,-16000,0,0,0,0,0,0,0,0,0,0,0,0,0,-16000
057207,立積元富98購02  ,0,0,0,0,0,0,0,0,0,-17000,0,0,0,20000,37000,-17000,-17000
06034P,世芯凱基96售03  ,0,0,0,0,0,0,0,0,0,-17000,0,0,0,5000,22000,-17000,-17000
055476,台郡凱基97購02  ,0,0,0,0,0,0,0,0,0,-17000,0,0,0,0,17000,-17000,-17000
057976,旺宏永豐98購03  ,0,0,0,0,0,0,0,0,0,-17000,0,0,0,0,17000,-17000,-17000
07245P,台積電凱基99售16,0,0,0,0,0,0,0,0,0,-17000,0,0,0,42000,59000,-17000,-17000
07238P,台灣50國票99售07,0,0,0,0,0,0,0,0,0,-17000,0,0,0,2000,19000,-17000,-17000
07029P,緯穎群益99售02  ,0,0,0,0,0,0,0,0,0,-17000,0,0,0,0,17000,-17000,-17000
06782P,大立光元大99售07,0,0,0,0,0,0,0,0,0,-17000,0,0,0,14000,31000,-17000,-17000
058161,T50反1日盛03購01,0,0,0,0,0,0,0,0,0,-17000,0,0,0,60000,77000,-17000,-17000
057791,可成統一99購01  ,0,0,0,0,0,0,0,0,0,-17000,0,0,0,0,17000,-17000,-17000
05089P,亞德客元大95售01,0,0,0,0,0,0,0,0,0,-17000,0,0,0,0,17000,-17000,-17000
03430B,臺股指元大9B熊01,0,0,0,0,0,0,0,0,0,-17000,0,0,0,8000,25000,-17000,-17000
04845P,台積電凱基94售33,0,0,0,0,0,0,0,0,0,-17000,0,0,0,0,17000,-17000,-17000
054919,興富發凱基97購01,0,0,0,0,0,0,0,0,0,-17000,0,0,0,0,17000,-17000,-17000
1612,宏泰            ,13000,47000,-34000,0,0,0,0,0,0,17000,17000,0,17000,0,0,0,-17000
2436,偉詮電          ,140000,157000,-17000,0,0,0,0,0,0,0,0,0,0,0,0,0,-17000
059260,國巨中信99購05  ,0,0,0,0,0,0,0,0,0,-18000,0,0,0,1000,19000,-18000,-18000
056084,漢唐統一97購03  ,0,0,0,0,0,0,0,0,0,-18000,0,0,0,0,18000,-18000,-18000
059512,晶豪科永豐99購02,0,0,0,0,0,0,0,0,0,-18000,0,0,0,0,18000,-18000,-18000
1219,福壽            ,1000,19000,-18000,0,0,0,0,0,0,0,0,0,0,0,0,0,-18000
058421,國泰金麥證01購01,0,0,0,0,18000,-18000,0,0,0,-18000,0,0,0,0,18000,-18000,-18000
05990P,台積電群益96售13,0,0,0,0,0,0,0,0,0,-18000,0,0,0,0,18000,-18000,-18000
055533,大立光群益97購03,0,0,0,0,0,0,0,0,0,-18000,0,0,0,0,18000,-18000,-18000
05573P,仁寶元富96售02  ,0,0,0,0,0,0,0,0,0,-18000,0,0,0,0,18000,-18000,-18000
054463,瑞昱凱基97購01  ,0,0,0,0,0,0,0,0,0,-18000,0,0,0,0,18000,-18000,-18000
058307,聯發科元大99購08,0,0,0,0,0,0,0,0,0,-18000,0,0,0,12000,30000,-18000,-18000
04797P,華新科元大94售04,0,0,0,0,0,0,0,0,0,-18000,0,0,0,230000,248000,-18000,-18000
1708,東鹼            ,9000,26000,-17000,0,0,0,0,0,0,-1000,0,1000,-1000,0,0,0,-18000
3041,揚智            ,311000,329000,-18000,0,0,0,0,0,0,0,0,0,0,0,0,0,-18000
3209,全科            ,67000,85107,-18107,0,0,0,0,0,0,0,0,0,0,0,0,0,-18107
055776,宏達電凱基98購02,0,0,0,0,0,0,0,0,0,-19000,0,0,0,201000,220000,-19000,-19000
055469,台光電凱基97購01,0,0,0,0,0,0,0,0,0,-19000,0,0,0,0,19000,-19000,-19000
057908,國泰金亞東99購01,0,0,0,0,0,0,0,0,0,-19000,0,0,0,0,19000,-19000,-19000
07281P,鴻海凱基99售13  ,0,0,0,0,0,0,0,0,0,-19000,0,0,0,98000,117000,-19000,-19000
06938P,南電元大98售03  ,0,0,0,0,0,0,0,0,0,-19000,0,0,0,303000,322000,-19000,-19000
059399,滬深2X元富9C購03,0,0,0,0,0,0,0,0,0,-19000,0,0,0,208000,227000,-19000,-19000
056408,奇鋐國票99購01  ,0,0,0,0,0,0,0,0,0,-19000,0,0,0,7000,26000,-19000,-19000
03604P,群創凱基98售05  ,0,0,0,0,0,0,0,0,0,-19000,0,0,0,0,19000,-19000,-19000
04552P,南電元大94售06  ,0,0,0,0,0,0,0,0,0,-19000,0,0,0,7000,26000,-19000,-19000
055368,台積電元大97購24,0,0,0,0,0,0,0,0,0,-19000,0,0,0,0,19000,-19000,-19000
052223,聯電凱基96購02  ,0,0,0,0,0,0,0,0,0,-19000,0,0,0,36000,55000,-19000,-19000
053718,全新凱基97購02  ,0,0,0,0,0,0,0,0,0,-19000,0,0,0,0,19000,-19000,-19000
2496,卓越            ,2000,21000,-19000,0,0,0,0,0,0,0,0,0,0,0,0,0,-19000
6281,全國電          ,2000,22000,-20000,0,0,0,0,0,0,1000,1000,0,1000,0,0,0,-19000
6108,競國            ,32000,53000,-21000,0,0,0,0,0,0,2000,2000,0,2000,0,0,0,-19000
056133,可成元大97購05  ,0,0,0,0,0,0,0,0,0,-20000,0,0,0,10000,30000,-20000,-20000
056477,欣興元大98購02  ,0,0,0,0,0,0,0,0,0,-20000,0,0,0,0,20000,-20000,-20000
057895,全新元富9B購01  ,0,0,0,0,0,0,0,0,0,-20000,0,0,0,0,20000,-20000,-20000
057869,大立光凱基99購01,0,0,0,0,0,0,0,0,0,-20000,0,0,0,0,20000,-20000,-20000
056274,彩晶統一98購02  ,0,0,0,0,0,0,0,0,0,-20000,0,0,0,0,20000,-20000,-20000
056291,聯茂永豐97購03  ,0,0,0,0,0,0,0,0,0,-20000,0,0,0,5000,25000,-20000,-20000
059345,禾伸堂凱基99購03,0,0,0,0,0,0,0,0,0,-20000,0,0,0,0,20000,-20000,-20000
059534,國泰金凱基99購01,0,0,0,0,0,0,0,0,0,-20000,0,0,0,0,20000,-20000,-20000
06947P,FBVIX元大01售01 ,0,0,0,0,0,0,0,0,0,-20000,0,0,0,0,20000,-20000,-20000
06959P,鴻海凱基9A售02  ,0,0,0,0,0,0,0,0,0,-20000,0,0,0,0,20000,-20000,-20000
07011P,宏達電凱基99售02,0,0,0,0,0,0,0,0,0,-20000,0,0,0,0,20000,-20000,-20000
07095P,台灣50元大9C售03,0,0,0,0,0,0,0,0,0,-20000,0,0,0,0,20000,-20000,-20000
07297P,台灣50元大9C售11,0,0,0,0,0,0,0,0,0,-20000,0,0,0,0,20000,-20000,-20000
1225,福懋油          ,1000,21000,-20000,0,0,0,0,0,0,0,0,0,0,0,0,0,-20000
06861P,台積電國票99售08,0,0,0,0,0,0,0,0,0,-20000,0,0,0,0,20000,-20000,-20000
06682P,玉晶光元大99售08,0,0,0,0,0,0,0,0,0,-20000,0,0,0,0,20000,-20000,-20000
057043,台積電元大99購02,0,0,0,0,0,0,0,0,0,-20000,0,0,0,0,20000,-20000,-20000
057053,立積元大98購02  ,0,0,0,0,0,0,0,0,0,-20000,0,0,0,0,20000,-20000,-20000
057241,超眾凱基99購02  ,0,0,0,0,0,0,0,0,0,-20000,0,0,0,0,20000,-20000,-20000
057230,建準凱基98購02  ,0,0,0,0,0,0,0,0,0,-20000,0,0,0,0,20000,-20000,-20000
057150,貿聯國票99購02  ,0,0,0,0,0,0,0,0,0,-20000,0,0,0,0,20000,-20000,-20000
06121P,同欣電凱基97售02,0,0,0,0,0,0,0,0,0,-20000,0,0,0,0,20000,-20000,-20000
059065,南電凱基9A購01  ,0,0,0,0,0,0,0,0,0,-20000,0,0,0,0,20000,-20000,-20000
059056,技嘉凱基99購02  ,0,0,0,0,0,0,0,0,0,-20000,0,0,0,0,20000,-20000,-20000
05912P,和大元大96售01  ,0,0,0,0,0,0,0,0,0,-20000,0,0,0,0,20000,-20000,-20000
059130,台灣50群益9B購05,0,0,0,0,0,0,0,0,0,-20000,0,0,0,0,20000,-20000,-20000
059157,元石油凱基9C購01,0,0,0,0,0,0,0,0,0,-20000,0,0,0,0,20000,-20000,-20000
056056,旺宏元大97購06  ,0,0,0,0,0,0,0,0,0,-20000,0,0,0,0,20000,-20000,-20000
056060,宏達電元大99購01,0,0,0,0,0,0,0,0,0,-20000,0,0,0,0,20000,-20000,-20000
057431,京鼎兆豐98購02  ,0,0,0,0,0,0,0,0,0,-20000,0,0,0,0,20000,-20000,-20000
056720,世紀鋼永豐98購01,0,0,0,0,0,0,0,0,0,-20000,0,0,0,0,20000,-20000,-20000
056676,國產元富98購01  ,0,0,0,0,0,0,0,0,0,-20000,0,0,0,0,20000,-20000,-20000
056767,大毅元大99購01  ,0,0,0,0,0,0,0,0,0,-20000,0,0,0,0,20000,-20000,-20000
056895,技嘉元大98購01  ,0,0,0,0,0,0,0,0,0,-20000,0,0,0,0,20000,-20000,-20000
056538,國泰金凱基98購01,0,0,0,0,0,0,0,0,0,-20000,0,0,0,0,20000,-20000,-20000
057631,康控永豐98購02  ,0,0,0,0,0,0,0,0,0,-20000,0,0,0,0,20000,-20000,-20000
052184,台光電群益95購03,0,0,0,0,0,0,0,0,0,-20000,0,0,0,0,20000,-20000,-20000
054684,裕隆永豐97購01  ,0,0,0,0,0,0,0,0,0,-20000,0,0,0,0,20000,-20000,-20000
054699,復盛永豐97購01  ,0,0,0,0,0,0,0,0,0,-20000,0,0,0,0,20000,-20000,-20000
052598,滬深2X元大96購05,0,0,0,0,0,0,0,0,0,-20000,0,0,0,0,20000,-20000,-20000
052561,矽創國票97購01  ,0,0,0,0,0,0,0,0,0,-20000,0,0,0,0,20000,-20000,-20000
052454,力成元大95購02  ,0,0,0,0,0,0,0,0,0,-20000,0,0,0,0,20000,-20000,-20000
052736,T50反1元大96購05,0,0,0,0,0,0,0,0,0,-20000,0,0,0,1000,21000,-20000,-20000
052026,漢唐群益95購01  ,0,0,0,0,0,0,0,0,0,-20000,0,0,0,0,20000,-20000,-20000
053565,台光電富邦98購01,0,0,0,0,0,0,0,0,0,-20000,0,0,0,0,20000,-20000,-20000
053567,群創富邦97購01  ,0,0,0,0,0,0,0,0,0,-20000,0,0,0,0,20000,-20000,-20000
051844,宏達電富邦96購01,0,0,0,0,0,0,0,0,0,-20000,0,0,0,0,20000,-20000,-20000
053280,群創元大9C購01  ,0,0,0,0,0,0,0,0,0,-20000,0,0,0,0,20000,-20000,-20000
058817,嘉聯益台新99購01,0,0,0,0,0,0,0,0,0,-20000,0,0,0,0,20000,-20000,-20000
058905,京鼎元大99購01  ,0,0,0,0,0,0,0,0,0,-20000,0,0,0,0,20000,-20000,-20000
058726,宏達電富邦9A購01,0,0,0,0,0,0,0,0,0,-20000,0,0,0,0,20000,-20000,-20000
05423P,聯電亞東95售02  ,0,0,0,0,0,0,0,0,0,-20000,0,0,0,0,20000,-20000,-20000
058490,元黃金群益9B購01,0,0,0,0,0,0,0,0,0,-20000,0,0,0,0,20000,-20000,-20000
05847P,大立光元大96售08,0,0,0,0,0,0,0,0,0,-20000,0,0,0,0,20000,-20000,-20000
055198,奇力新第一97購01,0,0,0,0,0,0,0,0,0,-20000,0,0,0,0,20000,-20000,-20000
054354,技嘉富邦97購01  ,0,0,0,0,0,0,0,0,0,-20000,0,0,0,0,20000,-20000,-20000
053859,台積電元大97購09,0,0,0,0,0,0,0,0,0,-20000,0,0,0,0,20000,-20000,-20000
054115,台塑康和96購01  ,0,0,0,0,0,0,0,0,0,-20000,0,0,0,0,20000,-20000,-20000
054057,晶豪科國票97購01,0,0,0,0,0,0,0,0,0,-20000,0,0,0,0,20000,-20000,-20000
054037,T50反1元大96購09,0,0,0,0,0,0,0,0,0,-20000,0,0,0,0,20000,-20000,-20000
051575,國巨元大96購03  ,0,0,0,0,0,0,0,0,0,-20000,0,0,0,16000,36000,-20000,-20000
051578,智邦元大96購01  ,0,0,0,0,0,0,0,0,0,-20000,0,0,0,0,20000,-20000,-20000
051158,嘉晶富邦96購01  ,0,0,0,0,0,0,0,0,0,-20000,0,0,0,0,20000,-20000,-20000
051259,鴻海永昌96購03  ,0,0,0,0,0,0,0,0,0,-20000,0,0,0,0,20000,-20000,-20000
055246,美律統一98購01  ,0,0,0,0,0,0,0,0,0,-20000,0,0,0,10000,30000,-20000,-20000
053085,華新科元大97購04,0,0,0,0,0,0,0,0,0,-20000,0,0,0,0,20000,-20000,-20000
05294P,亞光凱基95售02  ,0,0,0,0,0,0,0,0,0,-20000,0,0,0,0,20000,-20000,-20000
053047,寶成中信97購01  ,0,0,0,0,0,0,0,0,0,-20000,0,0,0,0,20000,-20000,-20000
052969,建準群益97購01  ,0,0,0,0,0,0,0,0,0,-20000,0,0,0,0,20000,-20000,-20000
05295P,緯創凱基95售01  ,0,0,0,0,0,0,0,0,0,-20000,0,0,0,7000,27000,-20000,-20000
048571,美利達元大96購03,0,0,0,0,0,0,0,0,0,-20000,0,0,0,0,20000,-20000,-20000
050503,聯發科凱基94購22,0,0,0,0,0,0,0,0,0,-20000,0,0,0,10000,30000,-20000,-20000
049554,禾伸堂富邦96購01,0,0,0,0,0,0,0,0,0,-20000,0,0,0,0,20000,-20000,-20000
049559,香港反統一94購02,0,0,0,0,0,0,0,0,0,-20000,0,0,0,0,20000,-20000,-20000
047196,上銀統一97購01  ,0,0,0,0,0,0,0,0,0,-20000,0,0,0,0,20000,-20000,-20000
03013X,元展13          ,0,0,0,0,0,0,0,0,0,-20000,0,0,0,0,20000,-20000,-20000
03017X,元展17          ,0,0,0,0,0,0,0,0,0,-20000,0,0,0,0,20000,-20000,-20000
04745P,祥碩元大94售04  ,0,0,0,0,0,0,0,0,0,-20000,0,0,0,0,20000,-20000,-20000
047673,瑞昱元富96購01  ,0,0,0,0,0,0,0,0,0,-20000,0,0,0,20000,40000,-20000,-20000
050695,台積電凱基94購40,0,0,0,0,0,0,0,0,0,-20000,0,0,0,0,20000,-20000,-20000
6024,群益期          ,17000,37000,-20000,0,0,0,0,0,0,0,0,0,0,0,0,0,-20000
2887F,台新戊特二      ,0,0,0,0,0,0,0,0,0,-20000,0,20000,-20000,0,0,0,-20000
3029,零壹            ,120000,127000,-7000,0,0,0,0,0,0,-13000,0,13000,-13000,0,0,0,-20000
1731,美吾華          ,24000,44000,-20000,0,0,0,0,0,0,0,0,0,0,0,0,0,-20000
6409,旭隼            ,252000,271350,-19350,0,0,0,0,0,0,-1000,0,1000,-1000,0,0,0,-20350
2231,為升            ,119341,49000,70341,0,0,0,0,123000,-123000,32000,29000,11000,18000,26000,12000,14000,-20659
055958,台光電元大97購02,0,0,0,0,0,0,0,0,0,-21000,0,0,0,4000,25000,-21000,-21000
06142P,台虹康和97售02  ,0,0,0,0,0,0,0,0,0,-21000,0,0,0,0,21000,-21000,-21000
05551P,電子類元大96售01,0,0,0,0,0,0,0,0,0,-21000,0,0,0,0,21000,-21000,-21000
06454P,緯穎元大98售04  ,0,0,0,0,0,0,0,0,0,-21000,0,0,0,26000,47000,-21000,-21000
07248P,可成凱基99售06  ,0,0,0,0,0,0,0,0,0,-21000,0,0,0,0,21000,-21000,-21000
059470,華新科元大99購16,0,0,0,0,0,0,0,0,0,-21000,0,0,0,10000,31000,-21000,-21000
059576,臺股指凱基99購42,0,0,0,0,0,0,0,0,0,-21000,0,0,0,0,21000,-21000,-21000
050836,緯穎凱基95購01  ,0,0,0,0,0,0,0,0,0,-21000,0,0,0,11000,32000,-21000,-21000
051080,全新富邦96購01  ,0,0,0,0,0,0,0,0,0,-21000,0,0,0,0,21000,-21000,-21000
04049P,大立光元大95售02,0,0,0,0,0,0,0,0,0,-21000,0,0,0,136000,157000,-21000,-21000
048349,美利達元大96購02,0,0,0,0,0,0,0,0,0,-21000,0,0,0,0,21000,-21000,-21000
051888,國巨元富95購05  ,0,0,0,0,0,0,0,0,0,-21000,0,0,0,0,21000,-21000,-21000
052052,嘉澤凱基95購02  ,0,0,0,0,0,0,0,0,0,-21000,0,0,0,10000,31000,-21000,-21000
2433,互盛電          ,15000,35000,-20000,0,0,0,0,0,0,-1000,0,1000,-1000,0,0,0,-21000
2706,第一店          ,6000,27000,-21000,0,0,0,0,0,0,0,0,0,0,0,0,0,-21000
2608,嘉里大榮        ,68000,89000,-21000,0,0,0,0,0,0,0,0,0,0,0,0,0,-21000
8081,致新            ,237000,282000,-45000,0,0,0,0,0,0,24000,0,0,0,24000,0,24000,-21000
4540,全球傳動        ,26000,47000,-21000,0,0,0,0,0,0,0,0,0,0,0,0,0,-21000
3454,晶睿            ,18049,39000,-20951,0,0,0,0,0,0,-1000,0,1000,-1000,0,0,0,-21951
059552,台灣50凱基99購04,0,0,0,0,0,0,0,0,0,-22000,0,0,0,0,22000,-22000,-22000
059430,台積電元大99購36,0,0,0,0,0,0,0,0,0,-22000,0,0,0,3000,25000,-22000,-22000
057868,大立光凱基98購18,0,0,0,0,0,0,0,0,0,-22000,0,0,0,0,22000,-22000,-22000
059259,FBVIX中信03購06 ,0,0,0,0,0,0,0,0,0,-22000,0,0,0,657000,679000,-22000,-22000
06395P,台積電元大97售29,0,0,0,0,0,0,0,0,0,-22000,0,0,0,0,22000,-22000,-22000
06878P,台灣50日盛9B售01,0,0,0,0,0,0,0,0,0,-22000,0,0,0,0,22000,-22000,-22000
05546P,全新元大97售01  ,0,0,0,0,0,0,0,0,0,-22000,0,0,0,38000,60000,-22000,-22000
055687,瀚宇博凱基97購01,0,0,0,0,0,0,0,0,0,-22000,0,0,0,20000,42000,-22000,-22000
059016,晶相光元富99購03,0,0,0,0,0,0,0,0,0,-22000,0,0,0,0,22000,-22000,-22000
059159,上銀凱基99購05  ,0,0,0,0,0,0,0,0,0,-22000,0,0,0,0,22000,-22000,-22000
056971,麗豐永豐98購01  ,0,0,0,0,0,0,0,0,0,-22000,0,0,0,0,22000,-22000,-22000
05261P,鴻海元大95售20  ,0,0,0,0,0,0,0,0,0,-22000,0,0,0,195000,217000,-22000,-22000
051789,嘉澤國票96購01  ,0,0,0,0,0,0,0,0,0,-22000,0,0,0,0,22000,-22000,-22000
00709,富邦歐洲        ,0,15000,-15000,0,0,0,0,0,0,-7000,0,0,0,100000,107000,-7000,-22000
3164,景岳            ,3000,25000,-22000,0,0,0,0,0,0,0,0,0,0,0,0,0,-22000
2524,京城            ,65000,68000,-3000,0,0,0,0,0,0,-19000,0,19000,-19000,0,0,0,-22000
2530,華建            ,0,22000,-22000,0,0,0,0,0,0,0,0,0,0,0,0,0,-22000
2723,美食-KY         ,377000,509000,-132000,0,0,0,0,0,0,110000,90000,0,90000,20000,0,20000,-22000
1906,寶隆            ,10000,32000,-22000,0,0,0,0,0,0,0,0,0,0,0,0,0,-22000
1452,宏益            ,7000,29000,-22000,0,0,0,0,0,0,0,0,0,0,0,0,0,-22000
6283,淳安            ,2000,25000,-23000,0,0,0,0,0,0,1000,1000,0,1000,0,0,0,-22000
8462,柏文            ,2000,23000,-21000,0,0,0,0,0,0,-1384,0,384,-384,0,1000,-1000,-22384
057562,奇鋐兆豐98購01  ,0,0,0,0,0,0,0,0,0,-23000,0,0,0,10000,33000,-23000,-23000
06486P,麗豐元大98售02  ,0,0,0,0,0,0,0,0,0,-23000,0,0,0,18000,41000,-23000,-23000
058085,景碩群益9A購01  ,0,0,0,0,0,0,0,0,0,-23000,0,0,0,20000,43000,-23000,-23000
07123P,鴻海元大99售23  ,0,0,0,0,0,0,0,0,0,-23000,0,0,0,0,23000,-23000,-23000
059548,台積電群益99購10,0,0,0,0,0,0,0,0,0,-23000,0,0,0,0,23000,-23000,-23000
059563,鴻海凱基9A購14  ,0,0,0,0,0,0,0,0,0,-23000,0,0,0,4000,27000,-23000,-23000
050831,超眾凱基95購01  ,0,0,0,0,0,0,0,0,0,-23000,0,0,0,22000,45000,-23000,-23000
055058,大毅永豐97購01  ,0,0,0,0,0,0,0,0,0,-23000,0,0,0,0,23000,-23000,-23000
053643,漢唐國票97購02  ,0,0,0,0,0,0,0,0,0,-23000,0,0,0,0,23000,-23000,-23000
8499,鼎炫-KY         ,12000,35000,-23000,0,0,0,0,0,0,0,0,0,0,0,0,0,-23000
9930,中聯資源        ,7000,30000,-23000,0,0,0,0,0,0,0,0,0,0,0,0,0,-23000
8101,華冠            ,60000,83000,-23000,0,0,0,0,0,0,0,0,0,0,0,0,0,-23000
1339,昭輝            ,28000,49000,-21000,0,0,0,0,0,0,-2000,0,2000,-2000,0,0,0,-23000
1810,和成            ,38000,61000,-23000,0,0,0,0,0,0,0,0,0,0,0,0,0,-23000
1773,勝一            ,2000,25000,-23000,0,0,0,0,0,0,0,0,0,0,0,0,0,-23000
059364,昇陽半永豐99購02,0,0,0,0,0,0,0,0,0,-24000,0,0,0,0,24000,-24000,-24000
07292P,臺股指凱基99售44,0,0,0,0,0,0,0,0,0,-24000,0,0,0,0,24000,-24000,-24000
06456P,聯發科統一98售03,0,0,0,0,0,0,0,0,0,-24000,0,0,0,0,24000,-24000,-24000
06868P,電子類元大99售01,0,0,0,0,0,0,0,0,0,-24000,0,0,0,0,24000,-24000,-24000
052703,貿聯國票97購01  ,0,0,0,0,0,0,0,0,0,-24000,0,0,0,0,24000,-24000,-24000
051603,深中小群益99購03,0,0,0,0,0,0,0,0,0,-24000,0,0,0,8000,32000,-24000,-24000
058917,SGBR2X元富99購03,0,0,0,0,0,0,0,0,0,-24000,0,0,0,0,24000,-24000,-24000
058847,國巨群益99購05  ,0,0,0,0,0,0,0,0,0,-24000,0,0,0,483000,507000,-24000,-24000
058932,FBVIX台新99購01 ,0,0,0,0,0,0,0,0,0,-24000,0,0,0,0,24000,-24000,-24000
055229,大毅國票97購02  ,0,0,0,0,0,0,0,0,0,-24000,0,0,0,8000,32000,-24000,-24000
2913,農林            ,281000,303000,-22000,0,0,0,0,0,0,-2000,0,2000,-2000,0,0,0,-24000
4935,茂林-KY         ,33000,98000,-65000,0,0,0,0,0,0,41000,0,0,0,46000,5000,41000,-24000
06674P,祥碩群益98售02  ,0,0,0,0,0,0,0,0,0,-25000,0,0,0,0,25000,-25000,-25000
058138,晶相光元大9C購01,0,0,0,0,0,0,0,0,0,-25000,0,0,0,0,25000,-25000,-25000
07258P,台灣50台新9A售01,0,0,0,0,0,0,0,0,0,-25000,0,0,0,0,25000,-25000,-25000
059362,健策永豐99購03  ,0,0,0,0,0,0,0,0,0,-25000,0,0,0,56000,81000,-25000,-25000
059490,國巨國票99購09  ,0,0,0,0,0,0,0,0,0,-25000,0,0,0,11000,36000,-25000,-25000
056426,上証2X凱基9A購01,0,0,0,0,0,0,0,0,0,-25000,0,0,0,0,25000,-25000,-25000
056192,智邦富邦98購01  ,0,0,0,0,0,0,0,0,0,-25000,0,0,0,0,25000,-25000,-25000
056772,欣興元大99購01  ,0,0,0,0,0,0,0,0,0,-25000,0,0,0,30000,55000,-25000,-25000
056616,台光電永豐98購01,0,0,0,0,0,0,0,0,0,-25000,0,0,0,10000,35000,-25000,-25000
06053P,緯穎國票97售05  ,0,0,0,0,0,0,0,0,0,-25000,0,0,0,0,25000,-25000,-25000
057918,旺宏凱基99購01  ,0,0,0,0,0,0,0,0,0,-25000,0,0,0,0,25000,-25000,-25000
055369,友訊元大97購01  ,0,0,0,0,0,0,0,0,0,-25000,0,0,0,0,25000,-25000,-25000
055367,台積電元大97購23,0,0,0,0,0,0,0,0,0,-25000,0,0,0,5000,30000,-25000,-25000
050651,大立光凱基96購02,0,0,0,0,0,0,0,0,0,-25000,0,0,0,0,25000,-25000,-25000
042994,葡萄王元大94購02,0,0,0,0,0,0,0,0,0,-25000,0,0,0,70000,95000,-25000,-25000
00714,群益道瓊美國地產,0,0,0,0,0,0,0,0,0,-25000,0,0,0,132000,157000,-25000,-25000
053309,泰鼎凱基96購03  ,0,0,0,0,0,0,0,0,0,-25000,0,0,0,0,25000,-25000,-25000
053687,智邦元大96購02  ,0,0,0,0,0,0,0,0,0,-25000,0,0,0,0,25000,-25000,-25000
058973,麗豐永豐99購01  ,0,0,0,0,0,0,0,0,0,-26000,0,0,0,0,26000,-26000,-26000
056838,旺宏元富98購01  ,0,0,0,0,0,0,0,0,0,-26000,0,0,0,0,26000,-26000,-26000
055912,宏達電凱基98購03,0,0,0,0,0,0,0,0,0,-26000,0,0,0,200000,226000,-26000,-26000
059127,國巨中信99購04  ,0,0,0,0,0,0,0,0,0,-26000,0,0,0,251000,277000,-26000,-26000
059473,T50反1群益99購03,0,0,0,0,0,0,0,0,0,-26000,0,0,0,60000,86000,-26000,-26000
07265P,大立光元大99售16,0,0,0,0,0,0,0,0,0,-26000,0,0,0,0,26000,-26000,-26000
07291P,臺股指凱基99售43,0,0,0,0,0,0,0,0,0,-26000,0,0,0,0,26000,-26000,-26000
06654P,欣興元大98售08  ,0,0,0,0,0,0,0,0,0,-26000,0,0,0,0,26000,-26000,-26000
06728P,全新元大98售03  ,0,0,0,0,0,0,0,0,0,-26000,0,0,0,10000,36000,-26000,-26000
06899P,嘉澤群益98售01  ,0,0,0,0,0,0,0,0,0,-26000,0,0,0,1000,27000,-26000,-26000
06866P,聯發科元大98售13,0,10000,-10000,0,0,0,0,0,0,-16000,0,0,0,1000,17000,-16000,-26000
053500,新日興兆豐97購01,0,0,0,0,0,0,0,0,0,-26000,0,0,0,2000,28000,-26000,-26000
045842,T50反1台新98購01,0,0,0,0,0,0,0,0,0,-26000,0,0,0,0,26000,-26000,-26000
6184,大豐電          ,2000,28000,-26000,0,0,0,0,0,0,0,0,0,0,0,0,0,-26000
9927,泰銘            ,14000,40000,-26000,0,0,0,0,0,0,0,0,0,0,0,0,0,-26000
1256,鮮活果汁-KY     ,25000,12100,12900,0,0,0,0,39000,-39000,0,0,0,0,0,0,0,-26100
6230,超眾            ,257000,343405,-86405,0,0,0,0,0,0,60000,1000,0,1000,65000,6000,59000,-26405
3645,達邁            ,79150,103000,-23850,0,0,0,0,0,0,-3000,0,3000,-3000,0,0,0,-26850
07290P,台灣50凱基9A售08,0,0,0,0,0,0,0,0,0,-27000,0,0,0,0,27000,-27000,-27000
059320,華新科元大99購15,0,0,0,0,0,0,0,0,0,-27000,0,0,0,47000,74000,-27000,-27000
055806,致新永豐97購02  ,0,0,0,0,0,0,0,0,0,-27000,0,0,0,0,27000,-27000,-27000
057466,泰鼎永豐98購01  ,0,0,0,0,0,0,0,0,0,-27000,0,0,0,0,27000,-27000,-27000
056622,高鐵永豐98購01  ,0,0,0,0,0,0,0,0,0,-27000,0,0,0,0,27000,-27000,-27000
1435,中福            ,7000,34000,-27000,0,0,0,0,0,0,0,0,0,0,0,0,0,-27000
059235,鴻海凱基99購08  ,0,0,0,0,0,0,0,0,0,-28000,0,0,0,8000,36000,-28000,-28000
08852P,台灣50台新01售01,0,0,0,0,0,0,0,0,0,-28000,0,0,0,0,28000,-28000,-28000
07256P,臺股指凱基99售36,0,0,0,0,0,0,0,0,0,-28000,0,0,0,101000,129000,-28000,-28000
06980P,緯穎永豐99售02  ,0,0,0,0,0,0,0,0,0,-28000,0,0,0,0,28000,-28000,-28000
06615P,鴻海元大9C售02  ,0,0,0,0,0,0,0,0,0,-28000,0,0,0,0,28000,-28000,-28000
050127,台積電凱基94購31,0,0,0,0,0,0,0,0,0,-28000,0,0,0,0,28000,-28000,-28000
050189,旭富元大94購01  ,0,0,0,0,0,0,0,0,0,-28000,0,0,0,6000,34000,-28000,-28000
051989,華固元大95購02  ,0,0,0,0,0,0,0,0,0,-28000,0,0,0,2000,30000,-28000,-28000
058338,康友元富99購01  ,0,0,0,0,0,0,0,0,0,-28000,0,0,0,10000,38000,-28000,-28000
053915,光罩國票96購02  ,0,0,0,0,0,0,0,0,0,-28000,0,0,0,0,28000,-28000,-28000
06967P,台郡台新99售02  ,0,0,0,0,0,0,0,0,0,-29000,0,0,0,41000,70000,-29000,-29000
07134P,臺股指元大9A售28,0,0,0,0,0,0,0,0,0,-29000,0,0,0,9000,38000,-29000,-29000
07239P,台灣50國票9A售04,0,0,0,0,0,0,0,0,0,-29000,0,0,0,0,29000,-29000,-29000
058128,FBVIX元大9C購02 ,0,0,0,0,0,0,0,0,0,-29000,0,0,0,1000,30000,-29000,-29000
058739,喬山中信99購01  ,0,0,0,0,0,0,0,0,0,-29000,0,0,0,1000,30000,-29000,-29000
051970,元黃金凱基98購01,0,0,0,0,0,0,0,0,0,-29000,0,0,0,1000,30000,-29000,-29000
049653,緯穎凱基94購03  ,0,0,0,0,0,0,0,0,0,-29000,0,0,0,16000,45000,-29000,-29000
4104,佳醫            ,6000,35000,-29000,0,0,0,0,0,0,0,0,0,0,0,0,0,-29000
6504,南六            ,69000,98000,-29000,0,0,0,0,0,0,0,0,0,0,0,0,0,-29000
058111,健鼎元富98購01  ,0,0,0,0,0,0,0,0,0,-30000,0,0,0,0,30000,-30000,-30000
059290,全新元富99購01  ,0,0,0,0,0,0,0,0,0,-30000,0,0,0,0,30000,-30000,-30000
059426,鴻海元大99購31  ,0,0,0,0,0,0,0,0,0,-30000,0,0,0,6000,36000,-30000,-30000
056153,華新科凱基97購02,0,0,0,0,0,0,0,0,0,-30000,0,0,0,0,30000,-30000,-30000
056475,宏達電元大99購02,0,0,0,0,0,0,0,0,0,-30000,0,0,0,0,30000,-30000,-30000
057858,T50正2康和98購01,0,0,0,0,0,0,0,0,0,-30000,0,0,0,0,30000,-30000,-30000
07212P,聯發科凱基99售14,0,0,0,0,0,0,0,0,0,-30000,0,0,0,1000,31000,-30000,-30000
06473P,鴻海元大99售03  ,0,0,0,0,0,0,0,0,0,-30000,0,0,0,10000,40000,-30000,-30000
056584,鴻海統一9B購01  ,0,0,0,0,0,0,0,0,0,-30000,0,0,0,0,30000,-30000,-30000
05683P,矽創元大96售01  ,0,0,0,0,0,0,0,0,0,-30000,0,0,0,0,30000,-30000,-30000
056736,國巨凱基99購03  ,0,0,0,0,0,0,0,0,0,-30000,0,0,0,0,30000,-30000,-30000
059093,旭富元大99購01  ,0,0,0,0,0,0,0,0,0,-30000,0,0,0,0,30000,-30000,-30000
055926,國巨群益98購06  ,0,0,0,0,0,0,0,0,0,-30000,0,0,0,0,30000,-30000,-30000
057533,晶相光元大98購02,0,0,0,0,0,0,0,0,0,-30000,0,0,0,20000,50000,-30000,-30000
055826,中石化元大97購01,0,0,0,0,0,0,0,0,0,-30000,0,0,0,0,30000,-30000,-30000
055760,新日興群益98購02,0,0,0,0,0,0,0,0,0,-30000,0,0,0,10000,40000,-30000,-30000
055720,宏達電元大97購05,0,0,0,0,0,0,0,0,0,-30000,0,0,0,51000,81000,-30000,-30000
055724,祥碩元大97購03  ,0,0,0,0,0,0,0,0,0,-30000,0,0,0,42000,72000,-30000,-30000
059172,台郡凱基99購03  ,0,0,0,0,0,0,0,0,0,-30000,0,0,0,0,30000,-30000,-30000
059067,上銀國票9A購02  ,0,0,0,0,0,0,0,0,0,-30000,0,0,0,0,30000,-30000,-30000
055407,祥碩國泰98購01  ,0,0,0,0,0,0,0,0,0,-30000,0,0,0,0,30000,-30000,-30000
057940,和大國票99購01  ,0,0,0,0,0,0,0,0,0,-30000,0,0,0,0,30000,-30000,-30000
057946,晶相光國票99購01,0,0,0,0,0,0,0,0,0,-30000,0,0,0,0,30000,-30000,-30000
057074,立積永豐98購01  ,0,0,0,0,0,0,0,0,0,-30000,0,0,0,0,30000,-30000,-30000
057335,技嘉國票99購01  ,0,0,0,0,0,0,0,0,0,-30000,0,0,0,0,30000,-30000,-30000
06151P,華新科元大97售07,0,0,0,0,0,0,0,0,0,-30000,0,0,0,10000,40000,-30000,-30000
058519,嘉澤元大99購01  ,0,0,0,0,0,0,0,0,0,-30000,0,0,0,0,30000,-30000,-30000
057158,義隆永豐99購01  ,0,0,0,0,0,0,0,0,0,-30000,0,0,0,0,30000,-30000,-30000
048130,美利達元大96購01,0,0,0,0,0,0,0,0,0,-30000,0,0,0,0,30000,-30000,-30000
052998,拓凱康和96購01  ,0,0,0,0,0,0,0,0,0,-30000,0,0,0,0,30000,-30000,-30000
049808,聯詠元大94購03  ,0,0,0,0,0,0,0,0,0,-30000,0,0,0,0,30000,-30000,-30000
04588P,茂林永豐94售04  ,0,0,0,0,0,0,0,0,0,-30000,0,0,0,0,30000,-30000,-30000
04441P,台積電台新95售01,0,0,0,0,0,0,0,0,0,-30000,0,0,0,0,30000,-30000,-30000
020008,元大特股高息N   ,0,0,0,0,0,0,0,0,0,-30000,0,0,0,12000,42000,-30000,-30000
04316P,華新科國票94售05,0,0,0,0,0,0,0,0,0,-30000,0,0,0,0,30000,-30000,-30000
04116P,京元電元大94售02,0,0,0,0,0,0,0,0,0,-30000,0,0,0,0,30000,-30000,-30000
052353,高鐵群益97購01  ,0,0,0,0,0,0,0,0,0,-30000,0,0,0,20000,50000,-30000,-30000
053729,聯茂凱基96購05  ,0,0,0,0,0,0,0,0,0,-30000,0,0,0,10000,40000,-30000,-30000
054751,GIS凱基98購01   ,0,0,0,0,0,0,0,0,0,-30000,0,0,0,0,30000,-30000,-30000
054704,玉晶光第一97購01,0,0,0,0,0,0,0,0,0,-30000,0,0,0,0,30000,-30000,-30000
054933,南港元大97購01  ,0,0,0,0,0,0,0,0,0,-30000,0,0,0,0,30000,-30000,-30000
054252,奇力新元大96購04,0,0,0,0,0,0,0,0,0,-30000,0,0,0,0,30000,-30000,-30000
054299,南電元大96購03  ,0,0,0,0,0,0,0,0,0,-30000,0,0,0,0,30000,-30000,-30000
054302,鴻海凱基96購18  ,0,0,0,0,0,0,0,0,0,-30000,0,0,0,6000,36000,-30000,-30000
058349,滬深2X日盛9A購01,0,0,0,0,0,0,0,0,0,-30000,0,0,0,0,30000,-30000,-30000
058270,上緯控永豐99購01,0,0,0,0,0,0,0,0,0,-30000,0,0,0,0,30000,-30000,-30000
055035,興勤富邦98購01  ,0,0,0,0,0,0,0,0,0,-30000,0,0,0,0,30000,-30000,-30000
3679,新至陞          ,6000,31000,-25000,0,0,0,0,0,0,-5000,0,5000,-5000,0,0,0,-30000
1614,三洋電          ,0,30000,-30000,0,0,0,0,0,0,0,0,0,0,0,0,0,-30000
057223,富邦金日盛99購01,0,0,0,0,0,0,0,0,0,-31000,0,0,0,0,31000,-31000,-31000
056440,智邦凱基98購03  ,0,0,0,0,0,0,0,0,0,-31000,0,0,0,0,31000,-31000,-31000
059327,南茂元大99購01  ,0,0,0,0,0,0,0,0,0,-31000,0,0,0,10000,41000,-31000,-31000
058095,昇陽半元大98購03,0,0,0,0,0,0,0,0,0,-31000,0,0,0,19000,50000,-31000,-31000
053385,聯詠元大96購02  ,0,0,0,0,0,0,0,0,0,-31000,0,0,0,0,31000,-31000,-31000
05316P,台積電永昌96售06,0,0,0,0,0,0,0,0,0,-31000,0,0,0,90000,121000,-31000,-31000
059486,A50正2兆豐9A購01,0,0,0,0,0,0,0,0,0,-32000,0,0,0,10000,42000,-32000,-32000
058203,信邦凱基99購01  ,0,0,0,0,0,0,0,0,0,-32000,0,0,0,12000,44000,-32000,-32000
06152P,玉晶光元大98售06,0,0,0,0,0,0,0,0,0,-32000,0,0,0,0,32000,-32000,-32000
055585,國巨元大98購08  ,0,0,0,0,0,0,0,0,0,-32000,0,0,0,0,32000,-32000,-32000
057379,寶成元大98購02  ,0,0,0,0,0,0,0,0,0,-32000,0,0,0,0,32000,-32000,-32000
056639,國產康和98購01  ,0,0,0,0,0,0,0,0,0,-32000,0,0,0,5000,37000,-32000,-32000
056535,全新凱基99購02  ,0,0,0,0,0,0,0,0,0,-32000,0,0,0,0,32000,-32000,-32000
053534,微星永豐96購02  ,0,0,0,0,0,0,0,0,0,-32000,0,0,0,0,32000,-32000,-32000
058471,台積電日盛9C購01,0,0,0,0,0,0,0,0,0,-32000,0,0,0,28000,60000,-32000,-32000
2832,台產            ,9000,41000,-32000,0,0,0,0,0,0,0,0,0,0,0,0,0,-32000
06124P,超眾元大97售03  ,0,0,0,0,0,0,0,0,0,-33000,0,0,0,22000,55000,-33000,-33000
06891P,緯穎富邦99售03  ,0,0,0,0,0,0,0,0,0,-33000,0,0,0,89000,122000,-33000,-33000
059515,牧德永豐99購01  ,0,0,0,0,0,0,0,0,0,-33000,0,0,0,5000,38000,-33000,-33000
059321,欣興元大99購07  ,0,0,0,0,0,0,0,0,0,-33000,0,0,0,3000,36000,-33000,-33000
056410,康控國票99購01  ,0,0,0,0,0,0,0,0,0,-33000,0,0,0,0,33000,-33000,-33000
058723,元石油國泰9A購01,0,0,0,0,0,0,0,0,0,-33000,0,0,0,0,33000,-33000,-33000
055127,台虹兆豐97購01  ,0,0,0,0,0,0,0,0,0,-33000,0,0,0,20000,53000,-33000,-33000
054841,亞德客兆豐97購01,0,0,0,0,0,0,0,0,0,-33000,0,0,0,42000,75000,-33000,-33000
053627,宏碁兆豐97購01  ,0,0,0,0,0,0,0,0,0,-33000,0,0,0,30000,63000,-33000,-33000
04917P,台積電凱基94售37,0,0,0,0,0,0,0,0,0,-33000,0,0,0,7000,40000,-33000,-33000
2484,希華            ,61000,91000,-30000,0,0,0,0,0,0,-3000,0,3000,-3000,0,0,0,-33000
059398,滬深2X元富9C購02,0,0,0,0,0,0,0,0,0,-34000,0,0,0,3000,37000,-34000,-34000
06869P,金融類元大99售01,0,0,0,0,0,0,0,0,0,-34000,0,0,0,96000,130000,-34000,-34000
06572P,台積電永昌99售01,0,0,0,0,0,0,0,0,0,-34000,0,0,0,26000,60000,-34000,-34000
6456,GIS-KY          ,467000,515365,-48365,0,0,0,0,0,0,14000,0,4000,-4000,20000,2000,18000,-34365
6192,巨路            ,44000,78379,-34379,0,0,0,0,0,0,0,0,0,0,0,0,0,-34379
07108P,FBVIX台新99售02 ,0,0,0,0,0,0,0,0,0,-35000,0,0,0,295000,330000,-35000,-35000
08674P,嘉晶元富07售02  ,0,0,0,0,0,0,0,0,0,-35000,0,0,0,0,35000,-35000,-35000
059373,滬深2X群益01購03,0,0,0,0,0,0,0,0,0,-35000,0,0,0,0,35000,-35000,-35000
058050,台郡元大99購05  ,0,0,0,0,0,0,0,0,0,-35000,0,0,0,18000,53000,-35000,-35000
056224,聯發科凱基97購08,0,0,0,0,0,0,0,0,0,-35000,0,0,0,0,35000,-35000,-35000
059112,上銀永豐99購01  ,0,0,0,0,0,0,0,0,0,-35000,0,0,0,0,35000,-35000,-35000
056471,台光電元大99購01,0,0,0,0,0,0,0,0,0,-35000,0,0,0,5000,40000,-35000,-35000
059264,台光電中信99購02,0,0,0,0,0,0,0,0,0,-35000,0,0,0,1000,36000,-35000,-35000
05994P,奇鋐元大96售02  ,0,0,0,0,0,0,0,0,0,-35000,0,0,0,24000,59000,-35000,-35000
056882,華邦電康和98購01,0,0,0,0,0,0,0,0,0,-35000,0,0,0,0,35000,-35000,-35000
057558,致新凱基98購01  ,0,0,0,0,0,0,0,0,0,-35000,0,0,0,0,35000,-35000,-35000
056045,勤誠凱基97購01  ,0,0,0,0,0,0,0,0,0,-35000,0,0,0,0,35000,-35000,-35000
059171,祥碩凱基99購04  ,0,0,0,0,0,0,0,0,0,-35000,0,0,0,0,35000,-35000,-35000
047992,東陽元大96購01  ,0,0,0,0,0,0,0,0,0,-35000,0,0,0,0,35000,-35000,-35000
050486,可成元富94購05  ,0,0,0,0,0,0,0,0,0,-35000,0,0,0,0,35000,-35000,-35000
052077,可成元富98購02  ,0,0,0,0,0,0,0,0,0,-35000,0,0,0,0,35000,-35000,-35000
054842,台達電兆豐98購01,0,0,0,0,0,0,0,0,0,-35000,0,0,0,0,35000,-35000,-35000
053451,致新凱基96購02  ,0,0,0,0,0,0,0,0,0,-35000,0,0,0,0,35000,-35000,-35000
053468,鴻海元大98購01  ,0,0,0,0,0,0,0,0,0,-35000,0,0,0,0,35000,-35000,-35000
051449,玉晶光元大96購01,0,0,0,0,0,0,0,0,0,-35000,0,0,0,5000,40000,-35000,-35000
5243,乙盛-KY         ,37000,72000,-35000,0,0,0,0,0,0,0,0,0,0,0,0,0,-35000
1733,五鼎            ,23000,57000,-34000,0,0,0,0,0,0,-1000,1000,2000,-1000,0,0,0,-35000
1467,南緯            ,0,31000,-31000,0,0,0,0,0,0,-4000,0,4000,-4000,0,0,0,-35000
2545,皇翔            ,40584,76000,-35416,0,0,0,0,0,0,0,0,0,0,0,0,0,-35416
059599,健策元大9B購02  ,0,0,0,0,0,0,0,0,0,-36000,0,0,0,0,36000,-36000,-36000
059601,臺股指元大9A購38,0,0,0,0,0,0,0,0,0,-36000,0,0,0,0,36000,-36000,-36000
059363,超眾永豐99購02  ,0,0,0,0,0,0,0,0,0,-36000,0,0,0,69000,105000,-36000,-36000
07284P,大立光凱基99售10,0,0,0,0,0,0,0,0,0,-36000,0,0,0,0,36000,-36000,-36000
058931,玉晶光統一9C購01,0,0,0,0,0,0,0,0,0,-36000,0,0,0,0,36000,-36000,-36000
048422,瑞昱元富96購02  ,0,0,0,0,0,0,0,0,0,-36000,0,0,0,65000,101000,-36000,-36000
053123,京元電凱基96購01,0,0,0,0,0,0,0,0,0,-36000,0,0,0,0,36000,-36000,-36000
3450,聯鈞            ,359000,491000,-132000,0,0,0,55000,0,55000,41000,27000,2000,25000,18000,2000,16000,-36000
06760P,台積電元大98售18,0,0,0,0,0,0,0,0,0,-37000,0,0,0,0,37000,-37000,-37000
059299,欣興元富99購03  ,0,0,0,0,0,0,0,0,0,-37000,0,0,0,0,37000,-37000,-37000
058522,聯茂元大99購07  ,0,0,0,0,0,0,0,0,0,-37000,0,0,0,1000,38000,-37000,-37000
059126,臺指反中信9B購01,0,0,0,0,0,0,0,0,0,-37000,0,0,0,0,37000,-37000,-37000
055911,可成凱基98購02  ,0,0,0,0,0,0,0,0,0,-37000,0,0,0,0,37000,-37000,-37000
05037P,華新科元大95售09,0,0,0,0,0,0,0,0,0,-37000,0,0,0,9000,46000,-37000,-37000
03670C,元油2X元富99牛01,0,0,0,0,0,0,0,0,0,-37000,0,0,0,0,37000,-37000,-37000
03434B,臺股指元大99熊10,0,0,0,0,0,0,0,0,0,-37000,0,0,0,14000,51000,-37000,-37000
3305,昇貿            ,10000,47000,-37000,0,0,0,0,0,0,0,0,0,0,0,0,0,-37000
2488,漢平            ,17000,54000,-37000,0,0,0,0,0,0,0,0,0,0,0,0,0,-37000
8404,百和興業-KY     ,111000,148436,-37436,0,0,0,0,0,0,0,0,0,0,0,0,0,-37436
05680P,聯發科元大96售12,0,0,0,0,0,0,0,0,0,-38000,0,0,0,12000,50000,-38000,-38000
056618,京元電永豐98購01,0,0,0,0,0,0,0,0,0,-38000,0,0,0,63000,101000,-38000,-38000
059195,國巨永豐99購04  ,0,0,0,0,0,0,0,0,0,-38000,0,0,0,36000,74000,-38000,-38000
06850P,聯茂元大98售06  ,0,0,0,0,0,0,0,0,0,-38000,0,0,0,20000,58000,-38000,-38000
1110,東泥            ,3000,41000,-38000,0,0,0,0,0,0,0,0,0,0,0,0,0,-38000
049129,S&P反1元大97購01,0,0,0,0,0,0,0,0,0,-38000,0,0,0,2000,40000,-38000,-38000
054158,國巨日盛99購01  ,0,0,0,0,0,0,0,0,0,-38000,0,0,0,22000,60000,-38000,-38000
051690,超眾凱基95購03  ,0,0,0,0,0,0,0,0,0,-38000,0,0,0,0,38000,-38000,-38000
051722,玉晶光永豐97購01,0,0,0,0,0,0,0,0,0,-38000,0,0,0,19000,57000,-38000,-38000
051991,泰碩元大95購02  ,0,0,0,0,0,0,0,0,0,-38000,0,0,0,12000,50000,-38000,-38000
3055,蔚華科          ,4000,42000,-38000,0,0,0,0,0,0,0,0,0,0,0,0,0,-38000
1558,伸興            ,16000,54000,-38000,0,0,0,0,0,0,0,0,0,0,0,0,0,-38000
1608,華榮            ,0,38000,-38000,0,0,0,0,0,0,0,0,0,0,0,0,0,-38000
2420,新巨            ,16000,54000,-38000,0,0,0,0,0,0,0,0,0,0,0,0,0,-38000
056467,上証2X元大98購02,0,0,0,0,0,0,0,0,0,-39000,0,0,0,1000,40000,-39000,-39000
058826,台積電永豐99購02,0,0,0,0,0,0,0,0,0,-39000,0,0,0,24000,63000,-39000,-39000
1512,瑞利            ,0,39000,-39000,0,0,0,0,0,0,0,0,0,0,0,0,0,-39000
1416,廣豐            ,0,39000,-39000,0,0,0,0,0,0,0,0,0,0,0,0,0,-39000
6541,泰福-KY         ,61000,67000,-6000,0,0,0,0,0,0,-33000,0,33000,-33000,0,0,0,-39000
6115,鎰勝            ,1000,37000,-36000,0,0,0,0,0,0,-3000,0,3000,-3000,0,0,0,-39000
056371,樺漢元大98購03  ,0,0,0,0,0,0,0,0,0,-40000,0,0,0,0,40000,-40000,-40000
059449,滬深2X永豐99購03,0,0,0,0,0,0,0,0,0,-40000,0,0,0,0,40000,-40000,-40000
059505,上証2X永豐99購02,0,0,0,0,0,0,0,0,0,-40000,0,0,0,5000,45000,-40000,-40000
07250P,台灣50永豐99售07,0,0,0,0,0,0,0,0,0,-40000,0,0,0,1000,41000,-40000,-40000
06717P,可成元大98售09  ,0,0,0,0,0,0,0,0,0,-40000,0,0,0,0,40000,-40000,-40000
058230,國巨元大99購11  ,0,0,0,0,0,0,0,0,0,-40000,0,0,0,20000,60000,-40000,-40000
06392P,T50反1元大9A售01,0,0,0,0,0,0,0,0,0,-40000,0,0,0,160000,200000,-40000,-40000
057507,貿聯國票98購02  ,0,0,0,0,0,0,0,0,0,-40000,0,0,0,0,40000,-40000,-40000
059070,道瓊指元大99購02,0,0,0,0,0,0,0,0,0,-40000,0,0,0,0,40000,-40000,-40000
055728,緯穎元大97購03  ,0,0,0,0,0,0,0,0,0,-40000,0,0,0,0,40000,-40000,-40000
055855,牧德元大99購02  ,0,0,0,0,0,0,0,0,0,-40000,0,0,0,0,40000,-40000,-40000
058558,鴻海日盛9A購02  ,0,0,0,0,0,0,0,0,0,-40000,0,0,0,0,40000,-40000,-40000
055563,智易凱基97購02  ,0,0,0,0,0,0,0,0,0,-40000,0,0,0,0,40000,-40000,-40000
057293,力成國泰99購01  ,0,0,0,0,0,0,0,0,0,-40000,0,0,0,0,40000,-40000,-40000
055479,GIS凱基97購04   ,0,0,0,0,0,0,0,0,0,-40000,0,0,0,0,40000,-40000,-40000
057954,宏碁元大99購01  ,0,0,0,0,0,0,0,0,0,-40000,0,0,0,89000,129000,-40000,-40000
058662,禾伸堂兆豐99購01,0,0,0,0,0,0,0,0,0,-40000,0,0,0,35000,75000,-40000,-40000
058492,華通群益9B購01  ,0,0,0,0,0,0,0,0,0,-40000,0,0,0,10000,50000,-40000,-40000
054306,聯發科凱基96購23,0,0,0,0,0,0,0,0,0,-40000,0,0,0,0,40000,-40000,-40000
054456,華泰群益99購01  ,0,0,0,0,0,0,0,0,0,-40000,0,0,0,0,40000,-40000,-40000
05450P,臺股指元大95售27,0,0,0,0,0,0,0,0,0,-40000,0,0,0,0,40000,-40000,-40000
054325,奇力新台新97購03,0,0,0,0,0,0,0,0,0,-40000,0,0,0,0,40000,-40000,-40000
053259,卜蜂群益97購01  ,0,0,0,0,0,0,0,0,0,-40000,0,0,0,0,40000,-40000,-40000
054928,帆宣凱基98購01  ,0,0,0,0,0,0,0,0,0,-40000,0,0,0,0,40000,-40000,-40000
054583,玉晶光統一97購02,0,0,0,0,0,0,0,0,0,-40000,0,0,0,0,40000,-40000,-40000
04975P,華新科凱基96售02,0,0,0,0,0,0,0,0,0,-40000,0,0,0,20000,60000,-40000,-40000
053144,上証2X元大96購01,0,0,0,0,0,0,0,0,0,-40000,0,0,0,0,40000,-40000,-40000
050399,潤泰全中信95購01,0,0,0,0,0,0,0,0,0,-40000,0,0,0,0,40000,-40000,-40000
050006,華擎永豐94購03  ,0,0,0,0,0,0,0,0,0,-40000,0,0,0,1000,41000,-40000,-40000
04883P,台積電凱基94售35,0,0,0,0,0,0,0,0,0,-40000,0,0,0,0,40000,-40000,-40000
00743,國泰中國A150    ,0,580000,-580000,0,0,0,0,0,0,540000,0,0,0,542000,2000,540000,-40000
04728P,美律亞東94售02  ,0,0,0,0,0,0,0,0,0,-40000,0,0,0,0,40000,-40000,-40000
06620P,聯發科元大98售07,0,0,0,0,0,0,0,0,0,-41000,0,0,0,0,41000,-41000,-41000
07124P,台積電元大99售21,0,0,0,0,0,0,0,0,0,-41000,0,0,0,42000,83000,-41000,-41000
059324,智易元大99購04  ,0,0,0,0,0,0,0,0,0,-41000,0,0,0,32000,73000,-41000,-41000
057889,致新群益99購01  ,0,0,0,0,0,0,0,0,0,-41000,0,0,0,67000,108000,-41000,-41000
00650L,FH香港正2       ,0,0,0,0,0,0,0,0,0,-41000,0,0,0,116000,157000,-41000,-41000
2062,橋椿            ,4000,45000,-41000,0,0,0,0,0,0,0,0,0,0,0,0,0,-41000
2850,新產            ,31000,54000,-23000,0,0,0,0,0,0,-18000,0,18000,-18000,0,0,0,-41000
2642,宅配通          ,19000,60000,-41000,0,0,0,0,0,0,0,0,0,0,0,0,0,-41000
1598,岱宇            ,10721,47000,-36279,0,0,0,0,0,0,-5000,0,5000,-5000,0,0,0,-41279
059578,智邦元富99購02  ,0,0,0,0,0,0,0,0,0,-42000,0,0,0,0,42000,-42000,-42000
07111P,台積電群益99售08,0,0,0,0,0,0,0,0,0,-42000,0,0,0,2000,44000,-42000,-42000
06948P,FBVIX元大01售02 ,0,0,0,0,0,0,0,0,0,-42000,0,0,0,30000,72000,-42000,-42000
4106,雃博            ,35000,77000,-42000,0,0,0,0,0,0,0,0,0,0,0,0,0,-42000
6168,宏齊            ,20000,59000,-39000,0,0,0,0,0,0,-3000,0,3000,-3000,0,0,0,-42000
07226P,貿聯富邦9B售01  ,0,0,0,0,0,0,0,0,0,-43000,0,0,0,6000,49000,-43000,-43000
06521P,矽力元大98售01  ,0,0,0,0,0,0,0,0,0,-43000,0,0,0,2000,45000,-43000,-43000
059268,鎧勝中信01購01  ,0,0,0,0,0,0,0,0,0,-43000,0,0,0,0,43000,-43000,-43000
057365,智邦元大98購07  ,0,0,0,0,0,0,0,0,0,-43000,0,0,0,1000,44000,-43000,-43000
059198,華新科永豐99購06,0,0,0,0,0,0,0,0,0,-43000,0,0,0,1000,44000,-43000,-43000
056551,台郡凱基98購04  ,0,0,0,0,0,0,0,0,0,-43000,0,0,0,6000,49000,-43000,-43000
2888A,新光金甲特      ,0,18000,-18000,0,0,0,0,25000,-25000,0,0,0,0,0,0,0,-43000
2493,揚博            ,4000,48000,-44000,0,0,0,0,0,0,1000,1000,0,1000,0,0,0,-43000
057766,矽力凱基98購03  ,0,0,0,0,0,0,0,0,0,-44000,0,0,0,0,44000,-44000,-44000
06912P,台光電元大99售02,0,0,0,0,0,0,0,0,0,-44000,0,0,0,0,44000,-44000,-44000
050645,台積電凱基94購39,0,0,0,0,0,0,0,0,0,-44000,0,0,0,0,44000,-44000,-44000
053607,大立光第一96購01,0,0,0,0,0,0,0,0,0,-44000,0,0,0,0,44000,-44000,-44000
052743,華新科元大97購01,0,0,0,0,0,0,0,0,0,-44000,0,0,0,6000,50000,-44000,-44000
1417,嘉裕            ,14000,58000,-44000,0,0,0,0,0,0,0,0,0,0,0,0,0,-44000
6165,捷泰            ,6000,50000,-44000,0,0,0,0,0,0,0,0,0,0,0,0,0,-44000
06394P,台積電元大97售28,0,0,0,0,0,0,0,0,0,-45000,0,0,0,0,45000,-45000,-45000
1231,聯華食          ,12000,57000,-45000,0,0,0,0,0,0,0,0,0,0,0,0,0,-45000
057665,技嘉元大99購01  ,0,0,0,0,0,0,0,0,0,-45000,0,0,0,5000,50000,-45000,-45000
059543,可成亞東99購02  ,0,0,0,0,0,0,0,0,0,-45000,0,0,0,0,45000,-45000,-45000
056988,聚陽兆豐98購01  ,0,0,0,0,0,0,0,0,0,-45000,0,0,0,0,45000,-45000,-45000
057386,聯發科永豐98購04,0,0,0,0,0,0,0,0,0,-45000,0,0,0,0,45000,-45000,-45000
05603P,聯發科元大96售09,0,0,0,0,0,0,0,0,0,-45000,0,0,0,5000,50000,-45000,-45000
057093,臻鼎元富98購02  ,0,0,0,0,0,0,0,0,0,-45000,0,0,0,0,45000,-45000,-45000
05549P,臺股指元大96售03,0,0,0,0,0,0,0,0,0,-45000,0,0,0,0,45000,-45000,-45000
055404,超眾元富97購01  ,0,0,0,0,0,0,0,0,0,-45000,0,0,0,117000,162000,-45000,-45000
052282,宏達電凱基95購05,0,0,0,0,0,0,0,0,0,-45000,0,0,0,73000,118000,-45000,-45000
053597,牧德元大99購01  ,0,0,0,0,0,0,0,0,0,-45000,0,0,0,0,45000,-45000,-45000
040761,T50反1凱基95購02,0,0,0,0,0,0,0,0,0,-46000,0,0,0,0,46000,-46000,-46000
055359,超眾凱基97購01  ,0,0,0,0,0,0,0,0,0,-46000,0,0,0,5000,51000,-46000,-46000
3669,圓展            ,76000,122000,-46000,0,0,0,0,0,0,0,0,0,0,0,0,0,-46000
2834,臺企銀          ,12571000,12522854,48146,0,0,0,0,0,0,-95000,6000,129000,-123000,32000,4000,28000,-46854
058983,旺宏凱基99購05  ,0,0,0,0,0,0,0,0,0,-47000,0,0,0,0,47000,-47000,-47000
06183P,大立光元大97售05,0,0,0,0,0,0,0,0,0,-47000,0,0,0,662000,709000,-47000,-47000
05600P,玉晶光台新96售04,0,0,0,0,0,0,0,0,0,-47000,0,0,0,0,47000,-47000,-47000
059114,華新科永豐99購05,0,0,0,0,0,0,0,0,0,-47000,0,0,0,2000,49000,-47000,-47000
059387,華通凱基9A購03  ,0,0,0,0,0,0,0,0,0,-47000,0,0,0,22000,69000,-47000,-47000
07109P,聯發科中信9B售02,0,0,0,0,0,0,0,0,0,-47000,0,0,0,0,47000,-47000,-47000
053741,漢唐國票97購03  ,0,0,0,0,0,0,0,0,0,-47000,0,0,0,0,47000,-47000,-47000
055196,致新元富97購01  ,0,0,0,0,0,0,0,0,0,-47000,0,0,0,0,47000,-47000,-47000
2504,國產            ,1410000,1473000,-63000,0,0,0,0,0,0,16000,0,0,0,16000,0,16000,-47000
3028,增你強          ,5000,52000,-47000,0,0,0,0,0,0,0,0,0,0,0,0,0,-47000
059514,嘉澤永豐99購02  ,0,0,0,0,0,0,0,0,0,-48000,0,0,0,19000,67000,-48000,-48000
058713,國巨統一9B購02  ,0,0,0,0,0,0,0,0,0,-48000,0,0,0,10000,58000,-48000,-48000
052180,緯穎元大96購05  ,0,0,0,0,0,0,0,0,0,-48000,0,0,0,38000,86000,-48000,-48000
052406,力成凱基95購03  ,0,0,0,0,0,0,0,0,0,-48000,0,0,0,0,48000,-48000,-48000
059475,元石油群益99購02,0,0,0,0,0,0,0,0,0,-49000,0,0,0,50000,99000,-49000,-49000
059297,大立光元富9C購01,0,0,0,0,0,0,0,0,0,-49000,0,0,0,128000,177000,-49000,-49000
059055,旺宏凱基9B購02  ,0,0,0,0,0,0,0,0,0,-49000,0,0,0,0,49000,-49000,-49000
058993,滬深反元大9C購01,0,0,0,0,0,0,0,0,0,-49000,0,0,0,1000,50000,-49000,-49000
055231,大毅國票98購02  ,0,0,0,0,0,0,0,0,0,-49000,0,0,0,17000,66000,-49000,-49000
2882B,國泰金乙特      ,0,8000,-8000,0,0,0,0,0,0,-41000,0,41000,-41000,0,0,0,-49000
1603,華電            ,41000,90000,-49000,0,0,0,0,0,0,0,0,0,0,0,0,0,-49000
057213,華邦電群益98購01,0,0,0,0,0,0,0,0,0,-50000,0,0,0,0,50000,-50000,-50000
057955,技嘉元大98購07  ,0,0,0,0,0,0,0,0,0,-50000,0,0,0,0,50000,-50000,-50000
057964,緯穎元大99購03  ,0,0,0,0,0,0,0,0,0,-50000,0,0,0,0,50000,-50000,-50000
05895P,奇力新群益96售03,0,0,0,0,0,0,0,0,0,-50000,0,0,0,0,50000,-50000,-50000
055475,臻鼎凱基97購02  ,0,0,0,0,0,0,0,0,0,-50000,0,0,0,20000,70000,-50000,-50000
058017,漢唐凱基99購01  ,0,0,0,0,0,0,0,0,0,-50000,0,0,0,0,50000,-50000,-50000
055755,禾伸堂兆豐97購02,0,0,0,0,0,0,0,0,0,-50000,0,0,0,0,50000,-50000,-50000
057575,世紀鋼永豐98購02,0,0,0,0,0,0,0,0,0,-50000,0,0,0,30000,80000,-50000,-50000
056979,微星群益98購01  ,0,0,0,0,0,0,0,0,0,-50000,0,0,0,0,50000,-50000,-50000
056735,國巨凱基99購02  ,0,0,0,0,0,0,0,0,0,-50000,0,0,0,0,50000,-50000,-50000
059346,新日興凱基99購03,0,0,0,0,0,0,0,0,0,-50000,0,0,0,0,50000,-50000,-50000
059378,台光電群益9B購01,0,0,0,0,0,0,0,0,0,-50000,0,0,0,30000,80000,-50000,-50000
057755,鴻海日盛98購01  ,0,0,0,0,0,0,0,0,0,-50000,0,0,0,0,50000,-50000,-50000
057827,康友元大98購03  ,0,0,0,0,0,0,0,0,0,-50000,0,0,0,0,50000,-50000,-50000
07299P,台灣50元大9C售13,0,0,0,0,0,0,0,0,0,-50000,0,0,0,0,50000,-50000,-50000
06928P,鴻海元大99售10  ,0,0,0,0,0,0,0,0,0,-50000,0,0,0,0,50000,-50000,-50000
06673P,大立光群益98售01,0,0,0,0,0,0,0,0,0,-50000,0,0,0,0,50000,-50000,-50000
053005,微星永豐96購01  ,0,0,0,0,0,0,0,0,0,-50000,0,0,0,0,50000,-50000,-50000
050618,緯創元大95購01  ,0,0,0,0,0,0,0,0,0,-50000,0,0,0,0,50000,-50000,-50000
04686P,台積電凱基94售23,0,0,0,0,0,0,0,0,0,-50000,0,0,0,0,50000,-50000,-50000
052523,奇力新元大97購01,0,0,0,0,0,0,0,0,0,-50000,0,0,0,0,50000,-50000,-50000
053381,友達元大9A購02  ,0,0,0,0,0,0,0,0,0,-50000,0,0,0,0,50000,-50000,-50000
053352,義隆兆豐96購01  ,0,0,0,0,0,0,0,0,0,-50000,0,0,0,0,50000,-50000,-50000
053583,漢唐元大96購03  ,0,0,0,0,0,0,0,0,0,-50000,0,0,0,0,50000,-50000,-50000
052091,緯創元大95購04  ,0,0,0,0,0,0,0,0,0,-50000,0,0,0,0,50000,-50000,-50000
054715,中橡康和97購01  ,0,0,0,0,0,0,0,0,0,-50000,0,0,0,0,50000,-50000,-50000
058497,新日興群益9B購01,0,0,0,0,0,0,0,0,0,-50000,0,0,0,0,50000,-50000,-50000
058247,聯茂元大99購04  ,0,0,0,0,0,0,0,0,0,-50000,0,0,0,0,50000,-50000,-50000
058248,聯茂元大99購05  ,0,0,0,0,0,0,0,0,0,-50000,0,0,0,0,50000,-50000,-50000
055162,新唐元大97購01  ,0,0,0,0,0,0,0,0,0,-50000,0,0,0,0,50000,-50000,-50000
053913,華新國票97購01  ,0,0,0,0,0,0,0,0,0,-50000,0,0,0,50000,100000,-50000,-50000
2887E,台新戊特        ,0,0,0,0,0,0,0,50000,-50000,0,0,0,0,0,0,0,-50000
6224,聚鼎            ,18000,69000,-51000,0,0,0,0,0,0,1000,1000,0,1000,0,0,0,-50000
9908,大台北          ,1000,48000,-47000,0,0,0,0,0,0,-3000,0,3000,-3000,0,0,0,-50000
06254P,臺股指群益97售07,0,0,0,0,0,0,0,0,0,-51000,0,0,0,23000,74000,-51000,-51000
07268P,臺股指元大99售24,0,0,0,0,0,0,0,0,0,-51000,0,0,0,0,51000,-51000,-51000
055798,聯茂富邦98購01  ,0,0,0,0,0,0,0,0,0,-51000,0,0,0,0,51000,-51000,-51000
058658,瑞儀中信99購01  ,0,0,0,0,0,0,0,0,0,-51000,0,0,0,0,51000,-51000,-51000
9943,好樂迪          ,10000,61000,-51000,0,0,0,0,0,0,0,0,0,0,0,0,0,-51000
6189,豐藝            ,5000,56000,-51000,0,0,0,0,0,0,0,0,0,0,0,0,0,-51000
058190,貿聯永豐99購01  ,0,0,0,0,0,0,0,0,0,-52000,0,0,0,0,52000,-52000,-52000
057879,電子類元大99購02,0,0,0,0,0,0,0,0,0,-52000,0,0,0,0,52000,-52000,-52000
058622,國巨國票99購07  ,0,0,0,0,0,0,0,0,0,-52000,0,0,0,10000,62000,-52000,-52000
04337P,台積電元大93售25,0,0,0,0,0,0,0,0,0,-52000,0,0,0,0,52000,-52000,-52000
04776P,聯發科凱基94售06,0,0,0,0,0,0,0,0,0,-52000,0,0,0,0,52000,-52000,-52000
6209,今國光          ,132000,185000,-53000,0,0,0,0,0,0,1000,1000,0,1000,0,0,0,-52000
6669,緯穎            ,629089,891210,-262121,0,0,0,182000,15000,167000,43000,27000,13000,14000,30000,1000,29000,-52121
058957,貿聯國票9A購01  ,0,0,0,0,0,0,0,0,0,-53000,0,0,0,0,53000,-53000,-53000
049986,嘉澤凱基94購02  ,0,0,0,0,0,0,0,0,0,-53000,0,0,0,0,53000,-53000,-53000
054930,群電凱基98購01  ,0,0,0,0,0,0,0,0,0,-53000,0,0,0,0,53000,-53000,-53000
054808,東元元大9A購01  ,0,0,0,0,0,0,0,0,0,-53000,0,0,0,108000,161000,-53000,-53000
053553,聯詠凱基96購03  ,0,0,0,0,0,0,0,0,0,-53000,0,0,0,10000,63000,-53000,-53000
2387,精元            ,1051000,483000,568000,0,0,0,0,620000,-620000,-1000,0,0,0,2000,3000,-1000,-53000
6239,力成            ,3287000,3081149,205851,0,0,0,10000,60000,-50000,-209000,21000,251000,-230000,22000,1000,21000,-53149
058372,欣興凱基99購03  ,0,0,0,0,0,0,0,0,0,-54000,0,0,0,76000,130000,-54000,-54000
059146,貿聯國票9A購02  ,0,0,0,0,0,0,0,0,0,-54000,0,0,0,1000,55000,-54000,-54000
056540,聯詠凱基98購02  ,0,0,0,0,0,0,0,0,0,-54000,0,0,0,0,54000,-54000,-54000
059197,可成永豐99購02  ,0,0,0,0,0,0,0,0,0,-54000,0,0,0,0,54000,-54000,-54000
053539,智易永豐96購01  ,0,0,0,0,0,0,0,0,0,-54000,0,0,0,0,54000,-54000,-54000
00736,國泰新興市場    ,0,113000,-113000,0,0,0,0,0,0,59000,0,0,0,173000,114000,59000,-54000
056856,華通群益9A購01  ,0,0,0,0,0,0,0,0,0,-55000,0,0,0,36000,91000,-55000,-55000
055852,聯鈞元大98購01  ,0,0,0,0,0,0,0,0,0,-55000,0,0,0,0,55000,-55000,-55000
057477,智邦元大98購09  ,0,0,0,0,0,0,0,0,0,-55000,0,0,0,0,55000,-55000,-55000
05540P,亞德客凱基96售01,0,0,0,0,0,0,0,0,0,-55000,0,0,0,0,55000,-55000,-55000
059249,大立光凱基99購05,0,0,0,0,0,0,0,0,0,-55000,0,0,0,0,55000,-55000,-55000
05011P,南電國泰96售01  ,0,0,0,0,0,0,0,0,0,-55000,0,0,0,58000,113000,-55000,-55000
053422,可成永豐96購01  ,0,0,0,0,0,0,0,0,0,-55000,0,0,0,0,55000,-55000,-55000
058131,義隆元大99購02  ,0,0,0,0,0,0,0,0,0,-56000,0,0,0,0,56000,-56000,-56000
051800,旺宏永豐95購02  ,0,0,0,0,0,0,0,0,0,-56000,0,0,0,0,56000,-56000,-56000
05292P,台積電凱基95售16,0,0,0,0,0,0,0,0,0,-56000,0,0,0,21000,77000,-56000,-56000
1537,廣隆            ,44000,40000,4000,0,0,0,0,0,0,-60000,0,60000,-60000,0,0,0,-56000
2546,根基            ,6000,62000,-56000,0,0,0,0,0,0,0,0,0,0,0,0,0,-56000
3023,信邦            ,420000,445250,-25250,0,0,0,0,0,0,-31000,0,30000,-30000,0,1000,-1000,-56250
00702,國泰標普低波高息,0,0,0,0,0,0,0,0,0,-57000,0,0,0,12000,69000,-57000,-57000
04550P,超眾元大94售01  ,0,0,0,0,0,0,0,0,0,-57000,0,0,0,120000,177000,-57000,-57000
05192P,玉晶光台新96售02,0,0,0,0,0,0,0,0,0,-57000,0,0,0,13000,70000,-57000,-57000
3416,融程電          ,1000,58000,-57000,0,0,0,0,0,0,0,0,0,0,0,0,0,-57000
05642P,玉晶光兆豐97售02,0,0,0,0,0,0,0,0,0,-58000,0,0,0,6000,64000,-58000,-58000
059474,元石油群益99購01,0,0,0,0,0,0,0,0,0,-58000,0,0,0,0,58000,-58000,-58000
059584,台灣50元大01購11,0,0,0,0,0,0,0,0,0,-58000,0,0,0,0,58000,-58000,-58000
058722,台郡元富99購01  ,0,0,0,0,0,0,0,0,0,-58000,0,0,0,0,58000,-58000,-58000
049716,台積電凱基94購24,0,0,0,0,0,0,0,0,0,-58000,0,0,0,0,58000,-58000,-58000
050441,和碩凱基94購01  ,0,0,0,0,0,0,0,0,0,-58000,0,0,0,0,58000,-58000,-58000
050492,漢唐國泰96購01  ,0,0,0,0,0,0,0,0,0,-58000,0,0,0,4000,62000,-58000,-58000
059165,南亞科凱基99購04,0,0,0,0,0,0,0,0,0,-59000,0,0,0,0,59000,-59000,-59000
05764P,世紀鋼永豐96售03,0,0,0,0,0,0,0,0,0,-60000,0,0,0,0,60000,-60000,-60000
058972,新日興永豐9A購01,0,0,0,0,0,0,0,0,0,-60000,0,0,0,0,60000,-60000,-60000
057017,和大凱基98購01  ,0,0,0,0,0,0,0,0,0,-60000,0,0,0,0,60000,-60000,-60000
06853P,華擎元富98售03  ,0,0,0,0,0,0,0,0,0,-60000,0,0,0,6000,66000,-60000,-60000
1104,環泥            ,35000,95000,-60000,0,0,0,0,0,0,0,0,0,0,0,0,0,-60000
055353,華新科凱基98購03,0,0,0,0,0,0,0,0,0,-60000,0,0,0,0,60000,-60000,-60000
051277,聯發科中信9A購01,0,0,0,0,0,0,0,0,0,-60000,0,0,0,0,60000,-60000,-60000
047854,滬深2X國票96購02,0,0,0,0,0,0,0,0,0,-60000,0,0,0,0,60000,-60000,-60000
04474P,聯發科元大94售03,0,0,0,0,0,0,0,0,0,-60000,0,0,0,0,60000,-60000,-60000
03935P,可成富邦95售01  ,0,0,0,0,0,0,0,0,0,-60000,0,0,0,0,60000,-60000,-60000
054241,深中小元大98購01,0,0,0,0,0,0,0,0,0,-60000,0,0,0,0,60000,-60000,-60000
058790,楠梓電元大99購03,0,0,0,0,0,0,0,0,0,-60000,0,0,0,0,60000,-60000,-60000
054040,中石化元大9C購01,0,0,0,0,0,0,0,0,0,-60000,0,0,0,0,60000,-60000,-60000
054375,貿聯中信99購01  ,0,0,0,0,0,0,0,0,0,-60000,0,0,0,0,60000,-60000,-60000
053501,明泰兆豐96購01  ,0,0,0,0,0,0,0,0,0,-60000,0,0,0,0,60000,-60000,-60000
054745,智易凱基97購01  ,0,0,0,0,0,0,0,0,0,-60000,0,0,0,0,60000,-60000,-60000
054718,可成永豐97購01  ,0,0,0,0,0,0,0,0,0,-60000,0,0,0,1000,61000,-60000,-60000
054635,台達電中信98購01,0,0,0,0,0,0,0,0,0,-60000,0,0,0,0,60000,-60000,-60000
052085,聯電元大95購01  ,0,0,0,0,0,0,0,0,0,-60000,0,0,0,0,60000,-60000,-60000
053599,崇越元大96購01  ,0,0,0,0,0,0,0,0,0,-60000,0,0,0,0,60000,-60000,-60000
2423,固緯            ,9000,66000,-57000,0,0,0,0,0,0,-3000,0,3000,-3000,0,0,0,-60000
6533,晶心科          ,105000,164000,-59000,0,0,0,0,0,0,-1000,0,1000,-1000,0,0,0,-60000
6558,興能高          ,10000,79100,-69100,0,0,0,0,0,0,9000,18000,9000,9000,0,0,0,-60100
1109,信大            ,24000,85000,-61000,0,0,0,0,0,0,0,0,0,0,0,0,0,-61000
056173,廣達元富97購01  ,0,0,0,0,0,0,0,0,0,-61000,0,0,0,59000,120000,-61000,-61000
057206,立積元富98購01  ,0,0,0,0,0,0,0,0,0,-61000,0,0,0,0,61000,-61000,-61000
051717,祥碩康和95購01  ,0,0,0,0,0,0,0,0,0,-61000,0,0,0,20000,81000,-61000,-61000
2228,劍麟            ,65000,129000,-64000,0,0,0,0,0,0,3000,0,0,0,3000,0,3000,-61000
059612,奇鋐永豐99購02  ,0,0,0,0,0,0,0,0,0,-62000,0,0,0,0,62000,-62000,-62000
056124,華通國票98購02  ,0,0,0,0,0,0,0,0,0,-62000,0,0,0,0,62000,-62000,-62000
057835,華擎元富9B購01  ,0,0,0,0,0,0,0,0,0,-62000,0,0,0,135000,197000,-62000,-62000
059495,台灣50元富9C購02,0,0,0,0,0,0,0,0,0,-62000,0,0,0,0,62000,-62000,-62000
07082P,美律元大99售06  ,0,0,0,0,0,0,0,0,0,-62000,0,0,0,0,62000,-62000,-62000
1449,佳和            ,19000,81000,-62000,0,0,0,0,0,0,0,0,0,0,0,0,0,-62000
058413,義隆兆豐99購01  ,0,0,0,0,0,0,0,0,0,-63000,0,0,0,10000,73000,-63000,-63000
056727,滬深反凱基9B購01,0,0,0,0,0,0,0,0,0,-63000,0,0,0,0,63000,-63000,-63000
053207,SP黃豆凱基96購01,0,0,0,0,0,0,0,0,0,-63000,0,0,0,0,63000,-63000,-63000
3056,總太            ,150000,213000,-63000,0,0,0,0,0,0,0,0,0,0,0,0,0,-63000
2476,鉅祥            ,15000,78000,-63000,0,0,0,0,0,0,0,0,0,0,0,0,0,-63000
9935,慶豐富          ,24000,87000,-63000,0,0,0,0,0,0,0,0,0,0,0,0,0,-63000
9924,福興            ,17000,20000,-3000,0,0,0,0,60000,-60000,0,0,0,0,0,0,0,-63000
059068,台虹國票9A購01  ,0,0,0,0,0,0,0,0,0,-64000,0,0,0,0,64000,-64000,-64000
06028P,智邦台新97售01  ,0,0,0,0,0,0,0,0,0,-64000,0,0,0,1187000,1251000,-64000,-64000
055545,國巨凱基97購06  ,0,0,0,0,0,0,0,0,0,-64000,0,0,0,0,64000,-64000,-64000
059326,康友元大99購01  ,0,0,0,0,0,0,0,0,0,-64000,0,0,0,76000,140000,-64000,-64000
3557,嘉威            ,7000,71000,-64000,0,0,0,0,0,0,0,0,0,0,0,0,0,-64000
2362,藍天            ,67000,136000,-69000,0,0,0,0,0,0,5000,4000,12000,-8000,13000,0,13000,-64000
056997,台灣50康和9A購02,0,0,0,0,0,0,0,0,0,-65000,0,0,0,0,65000,-65000,-65000
057531,禾伸堂元大99購04,0,0,0,0,0,0,0,0,0,-65000,0,0,0,35000,100000,-65000,-65000
057628,旺宏永豐98購02  ,0,0,0,0,0,0,0,0,0,-65000,0,0,0,0,65000,-65000,-65000
056526,力山凱基98購01  ,0,0,0,0,0,0,0,0,0,-65000,0,0,0,2000,67000,-65000,-65000
055233,康友國票98購01  ,0,0,0,0,0,0,0,0,0,-65000,0,0,0,0,65000,-65000,-65000
053083,中環元大99購01  ,0,0,0,0,0,0,0,0,0,-65000,0,0,0,0,65000,-65000,-65000
05407P,超眾凱基95售04  ,0,0,0,0,0,0,0,0,0,-65000,0,0,0,20000,85000,-65000,-65000
058456,京鼎永豐99購01  ,0,0,0,0,0,0,0,0,0,-65000,0,0,0,0,65000,-65000,-65000
053305,聯詠凱基96購02  ,0,0,0,0,0,0,0,0,0,-65000,0,0,0,0,65000,-65000,-65000
2020,美亞            ,3000,68000,-65000,0,0,0,0,0,0,0,0,0,0,0,0,0,-65000
055924,深中小群益9B購01,0,0,0,0,0,0,0,0,0,-66000,0,0,0,0,66000,-66000,-66000
057475,聯電元大9A購01  ,0,0,0,0,0,0,0,0,0,-66000,0,0,0,37000,103000,-66000,-66000
059580,大立光元富99購07,0,0,0,0,0,0,0,0,0,-66000,0,0,0,0,66000,-66000,-66000
2359,所羅門          ,58000,124000,-66000,0,0,0,0,0,0,0,0,0,0,0,0,0,-66000
2395,研華            ,1214167,1332105,-117938,0,0,0,50000,0,50000,1000,1000,0,1000,0,0,0,-66938
059369,滬深2X元富9C購01,0,0,0,0,0,0,0,0,0,-67000,0,0,0,19000,86000,-67000,-67000
059450,和大永豐99購01  ,0,0,0,0,0,0,0,0,0,-67000,0,0,0,0,67000,-67000,-67000
052104,英業達兆豐96購01,0,0,0,0,0,0,0,0,0,-67000,0,0,0,159000,226000,-67000,-67000
059347,京鼎凱基99購02  ,0,0,0,0,0,0,0,0,0,-68000,0,0,0,10000,78000,-68000,-68000
058369,亞光凱基99購02  ,0,0,0,0,0,0,0,0,0,-68000,0,0,0,0,68000,-68000,-68000
05266P,華新科元大95售11,0,0,0,0,0,0,0,0,0,-68000,0,0,0,48000,116000,-68000,-68000
058644,元黃金富邦03購01,0,0,0,0,0,0,0,0,0,-68000,0,0,0,0,68000,-68000,-68000
052963,智邦凱基96購02  ,0,0,0,0,0,0,0,0,0,-68000,0,0,0,0,68000,-68000,-68000
056637,台光電日盛9A購01,0,0,0,0,0,0,0,0,0,-69000,0,0,0,2000,71000,-69000,-69000
054738,聯發科凱基97購01,0,0,0,0,0,0,0,0,0,-69000,0,0,0,2000,71000,-69000,-69000
2227,裕日車          ,36000,7000,29000,0,0,0,0,0,0,-98000,0,98000,-98000,0,0,0,-69000
2459,敦吉            ,4000,72000,-68000,0,0,0,0,0,0,-1000,0,1000,-1000,0,0,0,-69000
057592,美律兆豐99購01  ,0,0,0,0,0,0,0,0,0,-70000,0,0,0,10000,80000,-70000,-70000
058089,聯發科元大98購15,0,0,0,0,0,0,0,0,0,-70000,0,0,0,0,70000,-70000,-70000
057736,鴻海富邦99購04  ,0,0,0,0,0,0,0,0,0,-70000,0,0,0,8000,78000,-70000,-70000
052682,上銀元大97購01  ,0,0,0,0,0,0,0,0,0,-70000,0,0,0,0,70000,-70000,-70000
048572,美利達元大96購04,0,0,0,0,0,0,0,0,0,-70000,0,0,0,0,70000,-70000,-70000
050658,台郡麥證96購01  ,0,0,0,0,70000,-70000,0,0,0,-70000,0,0,0,0,70000,-70000,-70000
2059,川湖            ,33000,81000,-48000,0,0,0,0,20000,-20000,-2000,0,2000,-2000,0,0,0,-70000
5269,祥碩            ,180000,356000,-176000,0,0,0,68000,0,68000,38000,55000,30000,25000,15000,2000,13000,-70000
4977,眾達-KY         ,308000,376122,-68122,0,0,0,0,0,0,-2000,0,0,0,0,2000,-2000,-70122
06778P,台積電元大99售06,0,0,0,0,0,0,0,0,0,-71000,0,0,0,10000,81000,-71000,-71000
054502,泰碩永豐96購01  ,0,0,0,0,0,0,0,0,0,-72000,0,0,0,0,72000,-72000,-72000
9911,櫻花            ,187000,244000,-57000,0,0,0,0,0,0,-15000,0,15000,-15000,0,0,0,-72000
058406,聯茂元大99購06  ,0,0,0,0,0,0,0,0,0,-73000,0,0,0,10000,83000,-73000,-73000
051619,智邦凱基95購07  ,0,0,0,0,0,0,0,0,0,-73000,0,0,0,0,73000,-73000,-73000
05358P,大立光元大95售09,0,0,0,0,0,0,0,0,0,-73000,0,0,0,270000,343000,-73000,-73000
059565,國巨凱基99購16  ,0,0,0,0,0,0,0,0,0,-74000,0,0,0,0,74000,-74000,-74000
052563,京元電日盛96購01,0,0,0,0,0,0,0,0,0,-74000,0,0,0,0,74000,-74000,-74000
4414,如興            ,145000,219000,-74000,0,0,0,0,0,0,0,0,0,0,0,0,0,-74000
6206,飛捷            ,16000,87000,-71000,0,0,0,0,0,0,-3000,0,3000,-3000,0,0,0,-74000
056418,台光電元富98購01,0,0,0,0,0,0,0,0,0,-75000,0,0,0,0,75000,-75000,-75000
06496P,台灣50日盛98售01,0,0,0,0,0,0,0,0,0,-75000,0,0,0,1000,76000,-75000,-75000
052020,聯茂永豐95購02  ,0,0,0,0,0,0,0,0,0,-75000,0,0,0,50000,125000,-75000,-75000
054971,帆宣元大97購02  ,0,0,0,0,0,0,0,0,0,-75000,0,0,0,0,75000,-75000,-75000
053018,旺宏元富96購02  ,0,0,0,0,0,0,0,0,0,-75000,0,0,0,0,75000,-75000,-75000
2392,正崴            ,464000,412110,51890,0,0,0,0,126000,-126000,-1000,2000,19000,-17000,16000,0,16000,-75110
056219,T50反1日盛02購01,0,0,0,0,0,0,0,0,0,-76000,0,0,0,34000,110000,-76000,-76000
056958,喬山永豐98購01  ,0,0,0,0,0,0,0,0,0,-77000,0,0,0,0,77000,-77000,-77000
054977,SP黃豆元富9B購01,0,0,0,0,0,0,0,0,0,-77000,0,0,0,34000,111000,-77000,-77000
052317,台積電元大96購11,0,0,0,0,0,0,0,0,0,-77000,0,0,0,0,77000,-77000,-77000
053499,禾伸堂兆豐96購01,0,0,0,0,0,0,0,0,0,-77000,0,0,0,63000,140000,-77000,-77000
058950,國巨群益99購06  ,0,0,0,0,0,0,0,0,0,-78000,0,0,0,53000,131000,-78000,-78000
058032,大立光永豐98購05,0,0,0,0,0,0,0,0,0,-78000,0,0,0,0,78000,-78000,-78000
052076,可成元富98購01  ,0,0,0,0,0,0,0,0,0,-78000,0,0,0,42000,120000,-78000,-78000
047926,可成凱基94購02  ,0,0,0,0,0,0,0,0,0,-78000,0,0,0,0,78000,-78000,-78000
6271,同欣電          ,614000,896000,-282000,0,0,0,178000,0,178000,26000,179000,186000,-7000,33000,0,33000,-78000
059437,京鼎元大99購02  ,0,0,0,0,0,0,0,0,0,-79000,0,0,0,2000,81000,-79000,-79000
058013,SP黃豆凱基9A購01,0,0,0,0,0,0,0,0,0,-79000,0,0,0,0,79000,-79000,-79000
053183,大立光元富96購03,0,0,0,0,0,0,0,0,0,-79000,0,0,0,64000,143000,-79000,-79000
054169,上緯控凱基98購01,0,0,0,0,0,0,0,0,0,-79000,0,0,0,3000,82000,-79000,-79000
058010,帆宣國票98購01  ,0,0,0,0,0,0,0,0,0,-80000,0,0,0,0,80000,-80000,-80000
056864,新日興群益99購01,0,0,0,0,0,0,0,0,0,-80000,0,0,0,1000,81000,-80000,-80000
059132,臺股指群益99購07,0,0,0,0,0,0,0,0,0,-80000,0,0,0,429000,509000,-80000,-80000
052604,建準元大97購01  ,0,0,0,0,0,0,0,0,0,-80000,0,0,0,10000,90000,-80000,-80000
4766,南寶            ,23000,103000,-80000,0,0,0,0,0,0,0,0,0,0,0,0,0,-80000
8021,尖點            ,70000,149000,-79000,0,0,0,0,0,0,-1000,0,1000,-1000,0,0,0,-80000
1531,高林股          ,0,80000,-80000,0,0,0,0,0,0,0,0,0,0,0,0,0,-80000
5871,中租-KY         ,3704000,3680023,23977,0,0,0,0,72000,-72000,-32870,9000,13870,-4870,0,28000,-28000,-80893
049820,世紀鋼元大96購03,0,0,0,0,0,0,0,0,0,-81000,0,0,0,70000,151000,-81000,-81000
059339,上銀凱基99購06  ,0,0,0,0,0,0,0,0,0,-82000,0,0,0,10000,92000,-82000,-82000
047193,南電元大94購02  ,0,0,0,0,0,0,0,0,0,-82000,0,0,0,5000,87000,-82000,-82000
1532,勤美            ,79000,143000,-64000,0,0,0,0,0,0,-18000,0,18000,-18000,0,0,0,-82000
2816,旺旺保          ,25000,107000,-82000,0,0,0,0,0,0,0,0,0,0,0,0,0,-82000
07214P,聯發科凱基9A售04,0,0,0,0,0,0,0,0,0,-83000,0,0,0,2000,85000,-83000,-83000
059033,元油2X群益9C購05,0,0,0,0,0,0,0,0,0,-84000,0,0,0,76000,160000,-84000,-84000
058533,玉晶光元富99購01,0,0,0,0,0,0,0,0,0,-84000,0,0,0,102000,186000,-84000,-84000
04894P,世紀鋼元大94售02,0,0,0,0,0,0,0,0,0,-84000,0,0,0,7000,91000,-84000,-84000
04834P,鴻海元大94售17  ,0,0,0,0,0,0,0,0,0,-85000,0,0,0,57000,142000,-85000,-85000
2536,宏普            ,22000,81000,-59000,0,0,0,0,0,0,-26000,0,26000,-26000,0,0,0,-85000
1473,台南            ,6000,91000,-85000,0,0,0,0,0,0,0,0,0,0,0,0,0,-85000
06957P,FBVIX凱基01售01 ,0,0,0,0,0,0,0,0,0,-86000,0,0,0,30000,116000,-86000,-86000
059375,道瓊反群益9C購02,0,0,0,0,0,0,0,0,0,-86000,0,0,0,10000,96000,-86000,-86000
04814P,健策元大96售01  ,0,0,0,0,0,0,0,0,0,-86000,0,0,0,5000,91000,-86000,-86000
1817,凱撒衛          ,12000,98000,-86000,0,0,0,0,0,0,0,0,0,0,0,0,0,-86000
3704,合勤控          ,213000,300000,-87000,0,0,0,0,0,0,1000,1000,0,1000,0,0,0,-86000
07174P,臺股指國票99售11,0,0,0,0,0,0,0,0,0,-87000,0,0,0,0,87000,-87000,-87000
055983,全新元富9A購02  ,0,0,0,0,0,0,0,0,0,-87000,0,0,0,0,87000,-87000,-87000
056936,禾伸堂元富98購01,0,0,0,0,0,0,0,0,0,-88000,0,0,0,0,88000,-88000,-88000
058532,禾伸堂元富99購01,0,0,0,0,0,0,0,0,0,-88000,0,0,0,0,88000,-88000,-88000
051855,道瓊反凱基97購01,0,0,0,0,0,0,0,0,0,-88000,0,0,0,240000,328000,-88000,-88000
054735,漢唐凱基98購01  ,0,0,0,0,0,0,0,0,0,-89000,0,0,0,0,89000,-89000,-89000
054697,凌華永豐97購01  ,0,0,0,0,0,0,0,0,0,-89000,0,0,0,20000,109000,-89000,-89000
058767,亞德客兆豐99購01,0,0,0,0,0,0,0,0,0,-89000,0,0,0,0,89000,-89000,-89000
05064P,台積電元大95售10,0,0,0,0,0,0,0,0,0,-89000,0,0,0,140000,229000,-89000,-89000
2851,中再保          ,41000,137000,-96000,0,0,0,0,0,0,7000,7000,0,7000,0,0,0,-89000
8464,億豐            ,603000,677653,-74653,0,0,0,0,3000,-3000,-12000,0,12000,-12000,0,0,0,-89653
057310,聯發科日盛99購01,0,0,0,0,0,0,0,0,0,-90000,0,0,0,305000,395000,-90000,-90000
045220,漢唐元大94購01  ,0,0,0,0,0,0,0,0,0,-90000,0,0,0,0,90000,-90000,-90000
054742,京鼎凱基99購01  ,0,0,0,0,0,0,0,0,0,-90000,0,0,0,0,90000,-90000,-90000
052075,旺宏元富95購03  ,0,0,0,0,0,0,0,0,0,-90000,0,0,0,0,90000,-90000,-90000
053287,臺股指元大96購15,0,0,0,0,0,0,0,0,0,-90000,0,0,0,0,90000,-90000,-90000
2841,台開            ,615000,701000,-86000,0,0,0,0,0,0,-4000,0,4000,-4000,0,0,0,-90000
056107,智易永豐97購02  ,0,0,0,0,0,0,0,0,0,-91000,0,0,0,0,91000,-91000,-91000
056375,玉晶光統一01購01,0,0,0,0,0,0,0,0,0,-91000,0,0,0,0,91000,-91000,-91000
052109,可成元富95購01  ,0,0,0,0,0,0,0,0,0,-91000,0,0,0,0,91000,-91000,-91000
05535P,台積電元大97售06,0,0,0,0,0,0,0,0,0,-91000,0,0,0,0,91000,-91000,-91000
056177,嘉澤元富97購01  ,0,0,0,0,0,0,0,0,0,-92000,0,0,0,0,92000,-92000,-92000
2208,台船            ,89000,181000,-92000,0,0,0,0,0,0,0,0,0,0,0,0,0,-92000
049064,T50反1凱基96購03,0,0,0,0,0,0,0,0,0,-93000,0,0,0,32000,125000,-93000,-93000
047063,漢唐凱基95購01  ,0,0,0,0,0,0,0,0,0,-93000,0,0,0,0,93000,-93000,-93000
052055,緯穎凱基95購03  ,0,0,0,0,0,0,0,0,0,-93000,0,0,0,46000,139000,-93000,-93000
059278,群創元大9A購04  ,0,0,0,0,0,0,0,0,0,-94000,0,0,0,120000,214000,-94000,-94000
059500,鴻海元富99購11  ,0,0,0,0,0,0,0,0,0,-94000,0,0,0,0,94000,-94000,-94000
05396P,台郡元大95售05  ,0,0,0,0,0,0,0,0,0,-94000,0,0,0,28000,122000,-94000,-94000
00645,富邦日本        ,0,0,0,0,0,0,0,0,0,-94000,0,0,0,41000,135000,-94000,-94000
04794P,友達元大96售03  ,0,0,0,0,0,0,0,0,0,-94000,0,0,0,3000,97000,-94000,-94000
05063P,聯電元大96售03  ,0,0,0,0,0,0,0,0,0,-94000,0,0,0,40000,134000,-94000,-94000
055961,國泰金元大97購01,0,0,0,0,0,0,0,0,0,-95000,0,0,0,10000,105000,-95000,-95000
03677C,臺股指元大05牛02,0,0,0,0,0,0,0,0,0,-95000,0,0,0,5000,100000,-95000,-95000
05264P,微星元大95售02  ,0,0,0,0,0,0,0,0,0,-95000,0,0,0,10000,105000,-95000,-95000
4952,凌通            ,7000,102000,-95000,0,0,0,0,0,0,0,0,0,0,0,0,0,-95000
059390,華新科凱基99購05,0,0,0,0,0,0,0,0,0,-96000,0,0,0,0,96000,-96000,-96000
057810,技嘉元大98購06  ,0,0,0,0,0,0,0,0,0,-96000,0,0,0,0,96000,-96000,-96000
054943,群光元大97購01  ,0,0,0,0,0,0,0,0,0,-96000,0,0,0,190000,286000,-96000,-96000
054373,富邦金中信97購01,0,0,0,0,0,0,0,0,0,-96000,0,0,0,0,96000,-96000,-96000
056230,可成凱基98購03  ,0,0,0,0,0,0,0,0,0,-97000,0,0,0,30000,127000,-97000,-97000
053404,致新群益96購01  ,0,0,0,0,0,0,0,0,0,-97000,0,0,0,17000,114000,-97000,-97000
057578,可成中信99購01  ,0,0,0,0,0,0,0,0,0,-98000,0,0,0,2000,100000,-98000,-98000
057405,麗豐群益98購01  ,0,0,0,0,0,0,0,0,0,-98000,0,0,0,0,98000,-98000,-98000
054896,聯茂日盛97購01  ,0,0,0,0,0,0,0,0,0,-98000,0,0,0,60000,158000,-98000,-98000
9955,佳龍            ,52000,150000,-98000,0,0,0,0,0,0,0,0,0,0,0,0,0,-98000
1514,亞力            ,91000,189000,-98000,0,0,0,0,0,0,0,0,0,0,0,0,0,-98000
3703,欣陸            ,82000,184000,-102000,0,0,0,0,0,0,4000,4000,0,4000,0,0,0,-98000
057366,智邦元大98購08  ,0,0,0,0,0,0,0,0,0,-99000,0,0,0,2000,101000,-99000,-99000
07235P,T50正2元大9C售02,0,0,0,0,0,0,0,0,0,-99000,0,0,0,0,99000,-99000,-99000
053149,京元電元大96購02,0,0,0,0,0,0,0,0,0,-99000,0,0,0,5000,104000,-99000,-99000
2881A,富邦特          ,15000,12000,3000,0,0,0,0,16000,-16000,-86000,0,86000,-86000,0,0,0,-99000
058149,百和元大99購02  ,0,0,0,0,0,0,0,0,0,-100000,0,0,0,0,100000,-100000,-100000
057859,神達康和98購01  ,0,0,0,0,0,0,0,0,0,-100000,0,0,0,0,100000,-100000,-100000
059423,滬深2X元大9A購01,0,0,0,0,0,0,0,0,0,-100000,0,0,0,0,100000,-100000,-100000
055589,台光電元大98購04,0,0,0,0,0,0,0,0,0,-100000,0,0,0,0,100000,-100000,-100000
059613,泰鼎永豐99購02  ,0,0,0,0,0,0,0,0,0,-100000,0,0,0,0,100000,-100000,-100000
055759,技嘉群益98購02  ,0,0,0,0,0,0,0,0,0,-100000,0,0,0,0,100000,-100000,-100000
057599,技嘉群益9A購01  ,0,0,0,0,0,0,0,0,0,-100000,0,0,0,0,100000,-100000,-100000
059185,臺股指台新99購12,0,0,0,0,0,0,0,0,0,-100000,0,0,0,0,100000,-100000,-100000
053067,牧德群益96購01  ,0,0,0,0,0,0,0,0,0,-100000,0,0,0,0,100000,-100000,-100000
053127,貿聯凱基97購01  ,0,0,0,0,0,0,0,0,0,-100000,0,0,0,0,100000,-100000,-100000
047123,中石化中信95購01,0,0,0,0,0,0,0,0,0,-100000,0,0,0,0,100000,-100000,-100000
053288,臺股指元大96購16,0,0,0,0,0,0,0,0,0,-100000,0,0,0,0,100000,-100000,-100000
053507,百和兆豐96購01  ,0,0,0,0,0,0,0,0,0,-100000,0,0,0,0,100000,-100000,-100000
2010,春源            ,20000,120000,-100000,0,0,0,0,0,0,0,0,0,0,0,0,0,-100000
9934,成霖            ,10000,110000,-100000,0,0,0,0,0,0,0,0,0,0,0,0,0,-100000
056054,亞德客元大97購05,0,0,0,0,0,0,0,0,0,-101000,0,0,0,0,101000,-101000,-101000
058211,國巨群益9A購02  ,0,0,0,0,0,0,0,0,0,-101000,0,0,0,227000,328000,-101000,-101000
07201P,臺股指元大99售17,0,0,0,0,0,0,0,0,0,-102000,0,0,0,0,102000,-102000,-102000
059148,百和國票9A購01  ,0,0,0,0,0,0,0,0,0,-102000,0,0,0,15000,117000,-102000,-102000
058882,晶相光永豐99購01,0,0,0,0,0,0,0,0,0,-102000,0,0,0,0,102000,-102000,-102000
056571,燿華元大98購02  ,0,0,0,0,0,0,0,0,0,-103000,0,0,0,12000,115000,-103000,-103000
07288P,台灣50凱基99售06,0,0,0,0,0,0,0,0,0,-103000,0,0,0,0,103000,-103000,-103000
059277,群創元大99購05  ,0,0,0,0,0,0,0,0,0,-103000,0,0,0,152000,255000,-103000,-103000
057742,喬山永豐98購02  ,0,0,0,0,0,0,0,0,0,-103000,0,0,0,0,103000,-103000,-103000
059031,元石油中信03購01,0,0,0,0,0,0,0,0,0,-104000,0,0,0,0,104000,-104000,-104000
2480,敦陽科          ,144000,186000,-42000,0,0,0,0,0,0,-62000,60000,122000,-62000,0,0,0,-104000
1611,中電            ,21000,126000,-105000,0,0,0,0,0,0,0,0,0,0,0,0,0,-105000
06650P,聯發科元大98售09,0,0,0,0,0,0,0,0,0,-106000,0,0,0,44000,150000,-106000,-106000
058944,元石油群益9C購02,0,0,0,0,0,0,0,0,0,-106000,0,0,0,0,106000,-106000,-106000
05536P,奇力新元大96售03,0,0,0,0,0,0,0,0,0,-106000,0,0,0,15000,121000,-106000,-106000
6197,佳必琪          ,46000,151000,-105000,0,0,0,0,0,0,-1000,0,1000,-1000,0,0,0,-106000
059371,聯鈞元富99購02  ,0,0,0,0,0,0,0,0,0,-107000,0,0,0,24000,131000,-107000,-107000
059607,台積電富邦9C購04,0,0,0,0,0,0,0,0,0,-107000,0,0,0,0,107000,-107000,-107000
051600,新日興兆豐96購02,0,0,0,0,0,0,0,0,0,-107000,0,0,0,0,107000,-107000,-107000
2607,榮運            ,47000,154000,-107000,0,0,0,0,0,0,0,0,0,0,0,0,0,-107000
2882A,國泰特          ,0,0,0,0,0,0,0,70000,-70000,-37000,2000,39000,-37000,0,0,0,-107000
9802,鈺齊-KY         ,119000,251797,-132797,0,0,0,20000,0,20000,5000,0,0,0,5000,0,5000,-107797
9941,裕融            ,132000,214920,-82920,0,0,0,0,0,0,-26000,0,26000,-26000,0,0,0,-108920
057300,訊連永豐98購01  ,0,0,0,0,0,0,0,0,0,-110000,0,0,0,0,110000,-110000,-110000
058528,世紀鋼元大99購02,0,0,0,0,0,0,0,0,0,-110000,0,0,0,0,110000,-110000,-110000
056572,義隆元大99購01  ,0,0,0,0,0,0,0,0,0,-110000,0,0,0,0,110000,-110000,-110000
052658,友達元富9C購01  ,0,0,0,0,0,0,0,0,0,-110000,0,0,0,0,110000,-110000,-110000
054870,新日興群益98購01,0,0,0,0,0,0,0,0,0,-110000,0,0,0,0,110000,-110000,-110000
04788P,台積電永昌96售05,0,0,0,0,0,0,0,0,0,-110000,0,0,0,0,110000,-110000,-110000
04777P,聯發科凱基94售10,0,0,0,0,0,0,0,0,0,-110000,0,0,0,0,110000,-110000,-110000
04391P,玉晶光凱基95售03,0,0,0,0,0,0,0,0,0,-111000,0,0,0,10000,121000,-111000,-111000
052685,技嘉元大96購01  ,0,0,0,0,0,0,0,0,0,-111000,0,0,0,50000,161000,-111000,-111000
059298,大立光元富9C購02,0,0,0,0,0,0,0,0,0,-112000,0,0,0,25000,137000,-112000,-112000
07219P,臺股指凱基99售32,0,0,0,0,0,0,0,0,0,-112000,0,0,0,28000,140000,-112000,-112000
049272,世紀鋼元大96購02,0,0,0,0,0,0,0,0,0,-112000,0,0,0,69000,181000,-112000,-112000
07098P,台積電元大99售18,0,0,0,0,0,0,0,0,0,-113000,0,0,0,62000,175000,-113000,-113000
059567,台積電凱基9A購12,0,0,0,0,0,0,0,0,0,-113000,0,0,0,0,113000,-113000,-113000
3010,華立            ,26000,139000,-113000,0,0,0,0,0,0,0,0,0,0,0,0,0,-113000
058955,台積電國票9A購04,0,0,0,0,0,0,0,0,0,-114000,0,0,0,15000,129000,-114000,-114000
2498,宏達電          ,1206000,1750754,-544754,0,0,0,0,0,0,430000,58000,71000,-13000,455000,12000,443000,-114754
059003,中壽元大99購01  ,0,0,0,0,0,0,0,0,0,-115000,0,0,0,0,115000,-115000,-115000
06669P,緯穎凱基98售05  ,0,0,0,0,0,0,0,0,0,-115000,0,0,0,0,115000,-115000,-115000
049349,國巨康和94購01  ,0,0,0,0,0,0,0,0,0,-115000,0,0,0,0,115000,-115000,-115000
053962,聯茂永豐96購01  ,0,0,0,0,0,0,0,0,0,-115000,0,0,0,0,115000,-115000,-115000
055062,文曄永豐97購01  ,0,0,0,0,0,0,0,0,0,-115000,0,0,0,0,115000,-115000,-115000
06680P,智邦元大98售06  ,0,0,0,0,0,0,0,0,0,-116000,0,0,0,4000,120000,-116000,-116000
059322,晶技元大99購06  ,0,0,0,0,0,0,0,0,0,-116000,0,0,0,10000,126000,-116000,-116000
058555,矽創永豐9A購01  ,0,0,0,0,0,0,0,0,0,-116000,0,0,0,0,116000,-116000,-116000
059276,可成元大99購06  ,0,0,0,0,0,0,0,0,0,-117000,0,0,0,38000,155000,-117000,-117000
04197P,台積電亞東94售01,0,0,0,0,0,0,0,0,0,-118000,0,0,0,81000,199000,-118000,-118000
1315,達新            ,35000,154000,-119000,0,0,0,0,0,0,0,0,0,0,0,0,0,-119000
055089,金寶群益98購01  ,0,0,0,0,0,0,0,0,0,-119000,0,0,0,1000,120000,-119000,-119000
052511,聯發科凱基95購14,0,0,0,0,0,0,0,0,0,-119000,0,0,0,125000,244000,-119000,-119000
05359P,嘉澤元大95售02  ,0,0,0,0,0,0,0,0,0,-119000,0,0,0,0,119000,-119000,-119000
07480P,FBVIX凱基94售01 ,0,0,0,0,0,0,0,0,0,-120000,0,0,0,0,120000,-120000,-120000
07057P,大立光康和9B售02,0,0,0,0,0,0,0,0,0,-120000,0,0,0,60000,180000,-120000,-120000
06766P,玉晶光元大99售10,0,0,0,0,0,0,0,0,0,-120000,0,0,0,0,120000,-120000,-120000
058992,上証反元大99購02,0,0,0,0,0,0,0,0,0,-120000,0,0,0,0,120000,-120000,-120000
057315,台灣50康和9A購03,0,0,0,0,0,0,0,0,0,-120000,0,0,0,0,120000,-120000,-120000
056921,京元電兆豐98購01,0,0,0,0,0,0,0,0,0,-120000,0,0,0,119000,239000,-120000,-120000
049610,奇力新兆豐95購01,0,0,0,0,0,0,0,0,0,-120000,0,0,0,30000,150000,-120000,-120000
2882,國泰金          ,11441294,10946493,494801,0,0,0,0,0,0,-616000,0,502000,-502000,20000,134000,-114000,-121199
058814,南亞科台新99購01,0,0,0,0,0,0,0,0,0,-122000,0,0,0,0,122000,-122000,-122000
2537,聯上發          ,110000,214000,-104000,0,0,0,0,0,0,-18000,0,18000,-18000,0,0,0,-122000
057881,SP黃豆群益9A購01,0,0,0,0,0,0,0,0,0,-123000,0,0,0,0,123000,-123000,-123000
057847,聯茂永豐98購01  ,0,0,0,0,0,0,0,0,0,-125000,0,0,0,0,125000,-125000,-125000
06802P,緯穎群益98售03  ,0,0,0,0,0,0,0,0,0,-125000,0,0,0,10000,135000,-125000,-125000
059142,道瓊指國票9B購02,0,0,0,0,0,0,0,0,0,-125000,0,0,0,205000,330000,-125000,-125000
046961,大立光中信95購02,0,0,0,0,0,0,0,0,0,-125000,0,0,0,11000,136000,-125000,-125000
3060,銘異            ,34000,159000,-125000,0,0,0,0,0,0,0,0,0,0,0,0,0,-125000
1440,南紡            ,396000,521000,-125000,0,0,0,0,0,0,0,0,0,0,0,0,0,-125000
048186,元黃金元大96購01,0,0,0,0,0,0,0,0,0,-127000,0,0,0,73000,200000,-127000,-127000
1310,台苯            ,433000,547000,-114000,0,0,0,0,0,0,-15000,0,15000,-15000,0,0,0,-129000
053889,致茂群益97購01  ,0,0,0,0,0,0,0,0,0,-129000,0,0,0,12000,141000,-129000,-129000
059059,宏達電凱基99購03,0,0,0,0,0,0,0,0,0,-130000,0,0,0,200000,330000,-130000,-130000
053983,樺漢元大97購02  ,0,0,0,0,0,0,0,0,0,-130000,0,0,0,0,130000,-130000,-130000
07293P,臺股指凱基99售45,0,0,0,0,0,0,0,0,0,-131000,0,0,0,0,131000,-131000,-131000
07147P,高鐵元大99售01  ,0,0,0,0,0,0,0,0,0,-131000,0,0,0,9000,140000,-131000,-131000
6112,聚碩            ,13000,136000,-123000,0,0,0,0,0,0,-8000,0,8000,-8000,0,0,0,-131000
07133P,臺股指元大9A售27,0,0,0,0,0,0,0,0,0,-132000,0,0,0,0,132000,-132000,-132000
2903,遠百            ,356000,442285,-86285,0,0,0,0,0,0,-46000,0,46000,-46000,0,0,0,-132285
04717P,和大凱基94售02  ,0,0,0,0,0,0,0,0,0,-133000,0,0,0,11000,144000,-133000,-133000
00737,國泰AI+Robo     ,10000,9000,1000,0,0,0,0,0,0,-134000,0,0,0,0,134000,-134000,-133000
06653P,美食元大98售02  ,0,0,0,0,0,0,0,0,0,-134000,0,0,0,51000,185000,-134000,-134000
058549,藍天永豐99購01  ,0,0,0,0,0,0,0,0,0,-134000,0,0,0,66000,200000,-134000,-134000
4306,炎洲            ,89000,223000,-134000,0,0,0,0,0,0,0,0,0,0,0,0,0,-134000
4934,太極            ,166000,300000,-134000,0,0,0,0,0,0,0,0,0,0,0,0,0,-134000
05268P,玉晶光元大98售01,0,0,0,0,0,0,0,0,0,-135000,0,0,0,479000,614000,-135000,-135000
2637,慧洋-KY         ,370000,497695,-127695,0,0,0,0,0,0,-8000,0,9000,-9000,1000,0,1000,-135695
3090,日電貿          ,190000,322000,-132000,0,0,0,0,0,0,-4000,0,4000,-4000,0,0,0,-136000
6196,帆宣            ,361000,468000,-107000,0,0,0,0,30000,-30000,1000,0,0,0,3000,2000,1000,-136000
055648,可成元富97購01  ,0,0,0,0,0,0,0,0,0,-137000,0,0,0,0,137000,-137000,-137000
051684,瑞昱凱基95購02  ,0,0,0,0,0,0,0,0,0,-137000,0,0,0,6000,143000,-137000,-137000
057926,帆宣凱基98購02  ,0,0,0,0,0,0,0,0,0,-138000,0,0,0,0,138000,-138000,-138000
057446,旺宏元富02購01  ,0,0,0,0,0,0,0,0,0,-138000,0,0,0,0,138000,-138000,-138000
059524,FBVIX凱基9A購02 ,0,0,0,0,0,0,0,0,0,-138000,0,0,0,1000,139000,-138000,-138000
1795,美時            ,78000,107000,-29000,0,0,0,0,107000,-107000,-2000,0,2000,-2000,0,0,0,-138000
2547,日勝生          ,202000,341000,-139000,0,0,0,0,0,0,0,0,0,0,0,0,0,-139000
5607,遠雄港          ,24000,163000,-139000,0,0,0,0,0,0,0,0,0,0,0,0,0,-139000
059535,玉山金凱基99購01,0,0,0,0,0,0,0,0,0,-140000,0,0,0,0,140000,-140000,-140000
059476,道瓊指群益9C購01,0,0,0,0,0,0,0,0,0,-140000,0,0,0,0,140000,-140000,-140000
06890P,金融類元大98售02,0,0,0,0,0,0,0,0,0,-140000,0,0,0,21000,161000,-140000,-140000
056523,光寶科中信98購01,0,0,0,0,0,0,0,0,0,-140000,0,0,0,0,140000,-140000,-140000
059202,禾聯碩永豐99購01,0,0,0,0,0,0,0,0,0,-140000,0,0,0,0,140000,-140000,-140000
053928,智易國票97購03  ,0,0,0,0,0,0,0,0,0,-140000,0,0,0,0,140000,-140000,-140000
055197,致新元富97購02  ,0,0,0,0,0,0,0,0,0,-140000,0,0,0,0,140000,-140000,-140000
053276,友達元大9C購01  ,0,0,0,0,0,0,0,0,0,-140000,0,0,0,120000,260000,-140000,-140000
07131P,緯穎元大99售06  ,0,0,0,0,0,0,0,0,0,-141000,0,0,0,120000,261000,-141000,-141000
052822,泰碩永豐97購01  ,0,0,0,0,0,0,0,0,0,-141000,0,0,0,0,141000,-141000,-141000
049501,台郡元大95購01  ,0,0,0,0,0,0,0,0,0,-141000,0,0,0,0,141000,-141000,-141000
055631,創意永豐98購01  ,0,0,0,0,0,0,0,0,0,-142000,0,0,0,0,142000,-142000,-142000
6706,惠特            ,110000,62000,48000,0,0,0,0,190000,-190000,0,0,0,0,0,0,0,-142000
056579,麗豐元大99購01  ,0,0,0,0,0,0,0,0,0,-144000,0,0,0,56000,200000,-144000,-144000
058283,世紀鋼中信99購01,0,0,0,0,0,0,0,0,0,-144000,0,0,0,50000,194000,-144000,-144000
047418,智邦富邦97購01  ,0,0,0,0,0,0,0,0,0,-145000,0,0,0,0,145000,-145000,-145000
2441,超豐            ,183000,312000,-129000,0,0,0,0,0,0,-16000,2000,18000,-16000,0,0,0,-145000
06889P,臺股指元大98售13,0,0,0,0,0,0,0,0,0,-147000,0,0,0,188000,335000,-147000,-147000
8039,台虹            ,693000,801000,-108000,0,0,0,0,0,0,-39000,22000,24000,-2000,3000,40000,-37000,-147000
059485,台灣50兆豐99購02,0,0,0,0,0,0,0,0,0,-148000,0,0,0,0,148000,-148000,-148000
057239,貿聯凱基98購05  ,0,0,0,0,0,0,0,0,0,-148000,0,0,0,10000,158000,-148000,-148000
058896,中環元大99購03  ,0,0,0,0,0,0,0,0,0,-148000,0,0,0,1000,149000,-148000,-148000
2023,燁輝            ,292870,441000,-148130,0,0,0,0,0,0,0,0,0,0,0,0,0,-148130
054053,聯茂元大96購01  ,0,0,0,0,0,0,0,0,0,-149000,0,0,0,45000,194000,-149000,-149000
057826,祥碩元大98購08  ,0,0,0,0,0,0,0,0,0,-150000,0,0,0,6000,156000,-150000,-150000
048328,滬深2X永昌94購01,0,0,0,0,0,0,0,0,0,-150000,0,0,0,0,150000,-150000,-150000
2467,志聖            ,27000,177000,-150000,0,0,0,0,0,0,0,0,0,0,0,0,0,-150000
057731,華擎國泰9A購02  ,0,0,0,0,0,0,0,0,0,-151000,0,0,0,0,151000,-151000,-151000
5388,中磊            ,86000,244530,-158530,0,0,0,1000,0,1000,6000,0,0,0,9000,3000,6000,-151530
06900P,FBVIX國票12售01 ,0,0,0,0,0,0,0,0,0,-152000,0,0,0,0,152000,-152000,-152000
048187,臺指反元大96購04,0,0,0,0,0,0,0,0,0,-152000,0,0,0,0,152000,-152000,-152000
058427,大毅元富99購01  ,0,0,0,0,0,0,0,0,0,-153000,0,0,0,78000,231000,-153000,-153000
05513P,玉山金台新96售01,0,0,0,0,0,0,0,0,0,-153000,0,0,0,0,153000,-153000,-153000
07224P,鴻海元大9A售02  ,0,0,0,0,0,0,0,0,0,-154000,0,0,0,40000,194000,-154000,-154000
049706,世紀鋼元大95購02,0,0,0,0,0,0,0,0,0,-154000,0,0,0,21000,175000,-154000,-154000
9907,統一實          ,120000,274000,-154000,0,0,0,0,0,0,0,0,0,0,0,0,0,-154000
04477P,南電元大94售04  ,0,0,0,0,0,0,0,0,0,-155000,0,0,0,0,155000,-155000,-155000
055815,亞光國票99購01  ,0,0,0,0,0,0,0,0,0,-156000,0,0,0,10000,166000,-156000,-156000
057517,矽創元富98購02  ,0,0,0,0,0,0,0,0,0,-157000,0,0,0,0,157000,-157000,-157000
8131,福懋科          ,47000,204000,-157000,0,0,0,0,0,0,0,1000,0,1000,0,1000,-1000,-157000
058385,創意中信99購01  ,0,0,0,0,0,0,0,0,0,-158000,0,0,0,0,158000,-158000,-158000
059274,國巨元大99購22  ,0,0,0,0,0,0,0,0,0,-158000,0,0,0,111000,269000,-158000,-158000
4915,致伸            ,844000,995190,-151190,0,0,0,0,0,0,-7000,1000,8000,-7000,0,0,0,-158190
9136,巨騰-DR         ,1000,160000,-159000,0,0,0,0,0,0,0,0,0,0,0,0,0,-159000
8222,寶一            ,4000,10000,-6000,0,0,0,0,154000,-154000,0,0,0,0,0,0,0,-160000
2836,高雄銀          ,206000,369000,-163000,0,0,0,0,0,0,0,0,0,0,0,0,0,-163000
07165P,臺股指群益99售16,0,0,0,0,0,0,0,0,0,-165000,0,0,0,0,165000,-165000,-165000
057609,友訊元富98購01  ,0,0,0,0,0,0,0,0,0,-165000,0,0,0,0,165000,-165000,-165000
04842P,群創元大96售02  ,0,0,0,0,0,0,0,0,0,-165000,0,0,0,0,165000,-165000,-165000
2345,智邦            ,2447000,2792194,-345194,0,0,0,255000,63000,192000,-12000,59000,40000,19000,38000,69000,-31000,-165194
056774,和鑫元大98購01  ,0,0,0,0,0,0,0,0,0,-166000,0,0,0,16000,182000,-166000,-166000
07279P,台灣50台新99售02,0,0,0,0,0,0,0,0,0,-166000,0,0,0,0,166000,-166000,-166000
03435B,臺股指凱基99熊29,0,0,0,0,0,0,0,0,0,-166000,0,0,0,21000,187000,-166000,-166000
058920,SGBR2X元富99購06,10000,0,10000,0,0,0,0,0,0,-177000,0,0,0,52000,229000,-177000,-167000
2104,國際中橡        ,1293000,1460000,-167000,0,0,0,0,0,0,0,0,0,0,0,0,0,-167000
1604,聲寶            ,39000,206000,-167000,0,0,0,0,0,0,0,0,0,0,0,0,0,-167000
2108,南帝            ,58000,226000,-168000,0,0,0,0,0,0,0,0,0,0,0,0,0,-168000
2609,陽明            ,85000,253000,-168000,0,0,0,0,0,0,0,0,0,0,0,0,0,-168000
6531,愛普            ,66000,234000,-168000,0,0,0,0,0,0,0,0,0,0,0,0,0,-168000
059533,富邦金凱基99購01,0,0,0,0,0,0,0,0,0,-169000,0,0,0,0,169000,-169000,-169000
06684P,緯穎元大98售06  ,0,0,0,0,0,0,0,0,0,-170000,0,0,0,0,170000,-170000,-170000
058170,國巨凱基9A購06  ,0,0,0,0,0,0,0,0,0,-170000,0,0,0,10000,180000,-170000,-170000
051700,深中小群益99購04,0,0,0,0,0,0,0,0,0,-170000,0,0,0,0,170000,-170000,-170000
9910,豐泰            ,651000,818843,-167843,0,0,0,0,2000,-2000,-2000,5000,7000,-2000,0,0,0,-171843
056842,全新元富98購01  ,0,0,0,0,0,0,0,0,0,-172000,0,0,0,0,172000,-172000,-172000
058570,臻鼎凱基9A購01  ,0,0,0,0,0,0,0,0,0,-172000,0,0,0,55000,227000,-172000,-172000
03669C,滬深2X元富09牛01,0,0,0,0,0,0,0,0,0,-173000,0,0,0,50000,223000,-173000,-173000
00640L,富邦日本正2     ,108000,238000,-130000,0,0,0,0,0,0,-43000,0,0,0,361000,404000,-43000,-173000
059296,大立光元富99購06,0,0,0,0,0,0,0,0,0,-174000,0,0,0,59000,233000,-174000,-174000
059252,聯詠凱基99購03  ,0,0,0,0,0,0,0,0,0,-174000,0,0,0,87000,261000,-174000,-174000
052997,國巨康和96購01  ,0,0,0,0,0,0,0,0,0,-175000,0,0,0,25000,200000,-175000,-175000
1709,和益            ,12000,187000,-175000,0,0,0,0,0,0,0,0,0,0,0,0,0,-175000
2501,國建            ,190472,343000,-152528,0,0,0,0,0,0,-23000,0,23000,-23000,0,0,0,-175528
07215P,大立光凱基99售07,0,0,0,0,0,0,0,0,0,-177000,0,0,0,8000,185000,-177000,-177000
057142,力成兆豐98購01  ,0,0,0,0,0,0,0,0,0,-177000,0,0,0,0,177000,-177000,-177000
054046,義隆元大96購02  ,0,0,0,0,0,0,0,0,0,-177000,0,0,0,270000,447000,-177000,-177000
2514,龍邦            ,1000,178000,-177000,0,0,0,0,0,0,0,0,0,0,0,0,0,-177000
1444,力麗            ,102000,279000,-177000,0,0,0,0,0,0,0,0,0,0,0,0,0,-177000
056352,鴻海元大99購01  ,0,0,0,0,0,0,0,0,0,-178000,0,0,0,14000,192000,-178000,-178000
058077,超眾凱基98購02  ,0,0,0,0,0,0,0,0,0,-178000,0,0,0,13000,191000,-178000,-178000
058836,FBVIX中信03購05 ,0,0,0,0,0,0,0,0,0,-178000,0,0,0,25000,203000,-178000,-178000
6414,樺漢            ,12000,4000,8000,0,0,0,0,174000,-174000,-14000,0,14000,-14000,0,0,0,-180000
1217,愛之味          ,165000,346000,-181000,0,0,0,0,0,0,0,0,0,0,0,0,0,-181000
058384,大成鋼中信99購01,0,0,0,0,0,0,0,0,0,-182000,0,0,0,0,182000,-182000,-182000
00763U,街口道瓊銅      ,0,0,0,0,0,0,0,0,0,-182000,0,0,0,0,182000,-182000,-182000
2206,三陽工業        ,80000,272000,-192000,0,0,0,0,0,0,10000,10000,0,10000,0,0,0,-182000
07303P,臺股指元大9A售36,0,0,0,0,0,0,0,0,0,-184000,0,0,0,0,184000,-184000,-184000
057696,聯電群益9A購01  ,0,0,0,0,0,0,0,0,0,-184000,0,0,0,5000,189000,-184000,-184000
052818,智邦永豐96購01  ,0,0,0,0,0,0,0,0,0,-184000,0,0,0,25000,209000,-184000,-184000
0061,元大寶滬深      ,11000,105000,-94000,0,0,0,0,0,0,-92000,0,0,0,0,92000,-92000,-186000
1434,福懋            ,492000,591168,-99168,0,0,0,0,0,0,-87000,0,87000,-87000,0,0,0,-186168
5534,長虹            ,32184,220000,-187816,0,0,0,0,0,0,0,0,0,0,0,0,0,-187816
1717,長興            ,339000,509961,-170961,0,0,0,0,0,0,-17000,0,17000,-17000,0,0,0,-187961
052744,聯詠元大97購01  ,0,0,0,0,0,0,0,0,0,-188000,0,0,0,12000,200000,-188000,-188000
4967,十銓            ,8000,197000,-189000,0,0,0,0,0,0,0,0,0,0,0,0,0,-189000
07225P,台積電元大99售33,0,0,0,0,0,0,0,0,0,-192000,0,0,0,0,192000,-192000,-192000
055512,聯詠兆豐97購01  ,0,0,0,0,0,0,0,0,0,-194000,0,0,0,35000,229000,-194000,-194000
9939,宏全            ,156000,430000,-274000,0,0,0,65000,0,65000,14000,1000,5000,-4000,18000,0,18000,-195000
056175,可成元富97購03  ,0,0,0,0,0,0,0,0,0,-197000,0,0,0,0,197000,-197000,-197000
052775,滬深2X國票99購02,0,0,0,0,0,0,0,0,0,-197000,0,0,0,24000,221000,-197000,-197000
056833,和大元富9B購01  ,0,0,0,0,0,0,0,0,0,-198000,0,0,0,0,198000,-198000,-198000
06847P,奇力新元大98售05,0,0,0,0,0,0,0,0,0,-199000,0,0,0,210000,409000,-199000,-199000
05253P,智邦凱基95售08  ,0,0,0,0,0,0,0,0,0,-199000,0,0,0,1000,200000,-199000,-199000
05101P,大立光凱基95售11,0,0,0,0,0,0,0,0,0,-199000,0,0,0,3000,202000,-199000,-199000
3034,聯詠            ,3998000,4184707,-186707,0,0,0,51000,40000,11000,-24000,35000,84000,-49000,41000,16000,25000,-199707
056883,美食康和98購01  ,0,0,0,0,0,0,0,0,0,-200000,0,0,0,0,200000,-200000,-200000
050171,臺指反元大97購03,0,0,0,0,0,0,0,0,0,-200000,0,0,0,0,200000,-200000,-200000
049406,T50反1日盛97購01,0,0,0,0,0,0,0,0,0,-203000,0,0,0,12000,215000,-203000,-203000
059569,旺宏凱基99購09  ,0,0,0,0,0,0,0,0,0,-204000,0,0,0,0,204000,-204000,-204000
00783,富邦中証500     ,9000,338000,-329000,0,0,0,0,0,0,125000,0,0,0,1087000,962000,125000,-204000
1789,神隆            ,327000,499343,-172343,0,0,0,0,32000,-32000,0,0,0,0,0,0,0,-204343
057627,和大永豐98購01  ,0,0,0,0,0,0,0,0,0,-205000,0,0,0,0,205000,-205000,-205000
057258,中環兆豐98購01  ,0,0,0,0,0,0,0,0,0,-205000,0,0,0,0,205000,-205000,-205000
058839,瑞儀中信99購02  ,0,0,0,0,0,0,0,0,0,-205000,0,0,0,1000,206000,-205000,-205000
1762,中化生          ,75000,282000,-207000,0,0,0,0,0,0,0,0,0,0,0,0,0,-207000
00636,國泰中國A50     ,61000,110000,-49000,0,0,0,0,0,0,-160000,0,0,0,43000,203000,-160000,-209000
059536,新光金凱基99購05,0,0,0,0,0,0,0,0,0,-210000,0,0,0,0,210000,-210000,-210000
056223,華邦電凱基97購04,0,0,0,0,0,0,0,0,0,-210000,0,0,0,0,210000,-210000,-210000
047303,寶滬深元大96購01,0,0,0,0,0,0,0,0,0,-210000,0,0,0,0,210000,-210000,-210000
2342,茂矽            ,436000,647000,-211000,0,0,0,0,0,0,0,0,0,0,0,0,0,-211000
059307,T50反1元大99購06,0,0,0,0,0,0,0,0,0,-214000,0,0,0,0,214000,-214000,-214000
057265,聯詠兆豐98購01  ,0,0,0,0,0,0,0,0,0,-214000,0,0,0,0,214000,-214000,-214000
3015,全漢            ,21000,233000,-212000,0,0,0,0,0,0,-2000,1000,3000,-2000,0,0,0,-214000
05419P,矽力永豐95售02  ,0,0,0,0,0,0,0,0,0,-215000,0,0,0,0,215000,-215000,-215000
1707,葡萄王          ,256000,436000,-180000,0,0,0,4000,41000,-37000,2000,2000,0,2000,0,0,0,-215000
058353,國巨凱基99購09  ,0,0,0,0,0,0,0,0,0,-217000,0,0,0,0,217000,-217000,-217000
059405,台灣50國票01購01,0,0,0,0,0,0,0,0,0,-218000,0,0,0,42000,260000,-218000,-218000
2034,允強            ,42000,258000,-216000,0,0,0,0,0,0,-3000,0,3000,-3000,0,0,0,-219000
059467,旺宏元大99購15  ,0,0,0,0,0,0,0,0,0,-220000,0,0,0,0,220000,-220000,-220000
058229,為升元大99購02  ,0,0,0,0,0,0,0,0,0,-220000,0,0,0,0,220000,-220000,-220000
2328,廣宇            ,335000,552000,-217000,0,0,0,0,0,0,-3000,14000,17000,-3000,0,0,0,-220000
057987,大立光元富98購02,0,0,0,0,0,0,0,0,0,-221000,0,0,0,55000,276000,-221000,-221000
051531,國巨國票96購04  ,0,0,0,0,0,0,0,0,0,-225000,0,0,0,12000,237000,-225000,-225000
3026,禾伸堂          ,361000,620375,-259375,0,0,0,0,0,0,34000,0,4000,-4000,41000,3000,38000,-225375
2340,光磊            ,196000,420000,-224000,0,0,0,0,0,0,-2000,9000,14000,-5000,3000,0,3000,-226000
057277,可成元大98購05  ,0,0,0,0,0,0,0,0,0,-227000,0,0,0,30000,257000,-227000,-227000
050369,台積電元大94購23,0,0,0,0,0,0,0,0,0,-227000,0,0,0,32000,259000,-227000,-227000
2451,創見            ,72000,244333,-172333,0,0,0,0,31000,-31000,-24000,0,24000,-24000,0,0,0,-227333
3031,佰鴻            ,99000,329000,-230000,0,0,0,0,0,0,1000,1000,0,1000,0,0,0,-229000
03414B,臺股指凱基99熊01,0,0,0,0,0,0,0,0,0,-230000,0,0,0,34000,264000,-230000,-230000
059291,華新科元富9B購01,0,0,0,0,0,0,0,0,0,-231000,0,0,0,116000,347000,-231000,-231000
006205,富邦上証        ,20000,242000,-222000,0,0,0,0,0,0,-9000,20000,20000,0,1087000,1096000,-9000,-231000
059389,國巨凱基99購14  ,0,0,0,0,0,0,0,0,0,-232000,0,0,0,117000,349000,-232000,-232000
057340,玉晶光元富98購04,0,0,0,0,0,0,0,0,0,-234000,0,0,0,516000,750000,-234000,-234000
9925,新保            ,19000,88000,-69000,0,0,0,0,0,0,-167000,0,167000,-167000,0,0,0,-236000
058359,瑞昱凱基99購01  ,0,0,0,0,0,0,0,0,0,-237000,0,0,0,0,237000,-237000,-237000
8016,矽創            ,335000,581495,-246495,0,0,0,3000,0,3000,6000,5000,0,5000,4000,3000,1000,-237495
5469,瀚宇博          ,841000,1141714,-300714,0,0,0,0,0,0,61000,1000,0,1000,60000,0,60000,-239714
00717,富邦美國特別股  ,0,0,0,0,0,0,0,0,0,-240000,0,0,0,491000,731000,-240000,-240000
054383,傳奇群益97購01  ,0,0,0,0,0,0,0,0,0,-240000,0,0,0,0,240000,-240000,-240000
05232P,緯穎群益95售01  ,0,0,0,0,0,0,0,0,0,-240000,0,0,0,20000,260000,-240000,-240000
052875,樺漢凱基96購02  ,0,0,0,0,0,0,0,0,0,-240000,0,0,0,0,240000,-240000,-240000
05221P,玉晶光元大95售04,0,0,0,0,0,0,0,0,0,-240000,0,0,0,143000,383000,-240000,-240000
3003,健和興          ,375000,363000,12000,0,0,0,0,250000,-250000,-3000,1000,4000,-3000,0,0,0,-241000
048633,台達電元大94購02,0,0,0,0,0,0,0,0,0,-242000,0,0,0,80000,322000,-242000,-242000
05492P,聯茂元大95售02  ,0,0,0,0,0,0,0,0,0,-243000,0,0,0,10000,253000,-243000,-243000
059273,臺指反元大9C購03,0,0,0,0,0,0,0,0,0,-244000,0,0,0,0,244000,-244000,-244000
054819,裕民元大9A購01  ,0,0,0,0,0,0,0,0,0,-245000,0,0,0,200000,445000,-245000,-245000
1905,華紙            ,128000,374000,-246000,0,0,0,0,0,0,0,0,0,0,0,0,0,-246000
047694,SP黃豆國票9B購01,0,0,0,0,0,0,0,0,0,-247000,0,0,0,0,247000,-247000,-247000
3708,上緯投控        ,133000,381000,-248000,0,0,0,0,0,0,-1000,0,1000,-1000,0,0,0,-249000
058081,技嘉群益9A購03  ,0,0,0,0,0,0,0,0,0,-250000,0,0,0,0,250000,-250000,-250000
050135,禾伸堂兆豐95購01,0,0,0,0,0,0,0,0,0,-250000,0,0,0,0,250000,-250000,-250000
055954,南港元大97購02  ,0,0,0,0,0,0,0,0,0,-252000,0,0,0,0,252000,-252000,-252000
052934,中磊元大96購01  ,0,0,0,0,0,0,0,0,0,-253000,0,0,0,10000,263000,-253000,-253000
038489,T50反1台新9A購01,0,0,0,0,0,0,0,0,0,-253000,0,0,0,0,253000,-253000,-253000
052874,超眾凱基96購01  ,0,0,0,0,0,0,0,0,0,-254000,0,0,0,0,254000,-254000,-254000
8422,可寧衛          ,38000,257000,-219000,0,0,0,0,0,0,-38000,1000,39000,-38000,0,0,0,-257000
4142,國光生          ,1049000,1307000,-258000,0,0,0,0,0,0,0,0,0,0,0,0,0,-258000
057770,亞德客群益98購01,0,0,0,0,0,0,0,0,0,-260000,0,0,0,0,260000,-260000,-260000
054347,上緯控國票96購02,0,0,0,0,0,0,0,0,0,-260000,0,0,0,0,260000,-260000,-260000
9917,中保科          ,73000,249975,-176975,0,0,0,0,21000,-21000,-64000,10000,74000,-64000,0,0,0,-261975
059385,滬深2X凱基9C購03,0,0,0,0,0,0,0,0,0,-264000,0,0,0,1000,265000,-264000,-264000
059400,滬深2X元富9C購04,0,0,0,0,0,0,0,0,0,-265000,0,0,0,18000,283000,-265000,-265000
059246,奇力新凱基9A購02,0,0,0,0,0,0,0,0,0,-265000,0,0,0,160000,425000,-265000,-265000
2809,京城銀          ,985000,1223550,-238550,0,0,0,0,0,0,-27000,0,27000,-27000,0,0,0,-265550
00851,台新全球AI      ,0,0,0,0,0,0,0,0,0,-267000,0,0,0,58000,325000,-267000,-267000
07282P,聯發科凱基99售17,0,0,0,0,0,0,0,0,0,-268000,0,0,0,0,268000,-268000,-268000
059102,聯鈞元富99購01  ,0,0,0,0,0,0,0,0,0,-268000,0,0,0,121000,389000,-268000,-268000
2377,微星            ,1566000,1529000,37000,0,0,0,0,75000,-75000,-230000,9000,244000,-235000,10000,5000,5000,-268000
04810P,亞德客元大94售01,0,0,0,0,0,0,0,0,0,-269000,0,0,0,1000,270000,-269000,-269000
055716,致茂元大97購01  ,0,0,0,0,0,0,0,0,0,-270000,0,0,0,10000,280000,-270000,-270000
05205P,緯穎元大95售03  ,0,0,0,0,0,0,0,0,0,-270000,0,0,0,90000,360000,-270000,-270000
2327,國巨            ,2581050,2797792,-216742,0,0,0,12000,331000,-319000,265000,10000,6000,4000,319000,58000,261000,-270742
5522,遠雄            ,280464,553000,-272536,0,0,0,0,0,0,0,0,0,0,0,0,0,-272536
05440P,緯穎國票96售02  ,0,0,0,0,0,0,0,0,0,-274000,0,0,0,0,274000,-274000,-274000
059138,台積電兆豐99購04,0,0,0,0,0,0,0,0,0,-278000,0,0,0,247000,525000,-278000,-278000
059391,立積凱基9A購01  ,0,0,0,0,0,0,0,0,0,-278000,0,0,0,0,278000,-278000,-278000
059559,T50反1凱基99購07,0,0,0,0,0,0,0,0,0,-279000,0,0,0,0,279000,-279000,-279000
059560,T50反1凱基99購08,0,0,0,0,0,0,0,0,0,-279000,0,0,0,0,279000,-279000,-279000
053965,聯電元大98購04  ,0,0,0,0,0,0,0,0,0,-280000,0,0,0,0,280000,-280000,-280000
054910,信錦凱基97購01  ,0,0,0,0,0,0,0,0,0,-280000,0,0,0,0,280000,-280000,-280000
049065,T50反1凱基96購04,0,0,0,0,0,0,0,0,0,-280000,0,0,0,0,280000,-280000,-280000
045877,友達元富95購01  ,0,0,0,0,0,0,0,0,0,-280000,0,0,0,0,280000,-280000,-280000
1802,台玻            ,162000,414167,-252167,0,0,0,0,0,0,-28000,0,28000,-28000,0,0,0,-280167
1589,永冠-KY         ,44000,325000,-281000,0,0,0,0,0,0,0,0,0,0,0,0,0,-281000
056454,欣興凱基98購02  ,0,0,0,0,0,0,0,0,0,-283000,0,0,0,87000,370000,-283000,-283000
3030,德律            ,140000,422000,-282000,0,0,0,0,0,0,-2000,1000,3000,-2000,0,0,0,-284000
4155,訊映            ,31000,321000,-290000,0,0,0,0,0,0,0,0,0,0,0,0,0,-290000
057304,為升兆豐99購02  ,0,0,0,0,0,0,0,0,0,-291000,0,0,0,0,291000,-291000,-291000
2101,南港            ,433000,729000,-296000,0,0,0,0,0,0,4000,0,9000,-9000,15000,2000,13000,-292000
2511,太子            ,70640,363000,-292360,0,0,0,0,0,0,0,0,0,0,0,0,0,-292360
3533,嘉澤            ,188000,904610,-716610,0,0,0,368000,0,368000,53000,62000,11000,51000,13000,11000,2000,-295610
058728,SP黃豆永豐99購01,0,0,0,0,0,0,0,0,0,-296000,0,0,0,0,296000,-296000,-296000
054322,國巨台新96購02  ,0,0,0,0,0,0,0,0,0,-299000,0,0,0,0,299000,-299000,-299000
053296,貿聯中信98購01  ,0,0,0,0,0,0,0,0,0,-300000,0,0,0,0,300000,-300000,-300000
3036,文曄            ,159000,466000,-307000,0,0,0,0,0,0,5000,13000,14000,-1000,6000,0,6000,-302000
1201,味全            ,108000,407710,-299710,0,0,0,0,0,0,-5000,0,10000,-10000,5000,0,5000,-304710
058405,訊連元大99購02  ,0,0,0,0,0,0,0,0,0,-305000,0,0,0,0,305000,-305000,-305000
058857,元油2X日盛99購02,0,0,0,0,0,0,0,0,0,-305000,0,0,0,0,305000,-305000,-305000
058245,訊連元大99購01  ,0,0,0,0,0,0,0,0,0,-305000,0,0,0,0,305000,-305000,-305000
07158P,FBVIX國泰9C售01 ,0,0,0,0,0,0,0,0,0,-310000,0,0,0,99000,409000,-310000,-310000
059561,滬深2X凱基9C購05,0,0,0,0,0,0,0,0,0,-310000,0,0,0,0,310000,-310000,-310000
052453,崇越元大95購01  ,0,0,0,0,0,0,0,0,0,-310000,0,0,0,0,310000,-310000,-310000
057320,玉晶光凱基98購01,0,0,0,0,0,0,0,0,0,-311000,0,0,0,138000,449000,-311000,-311000
2489,瑞軒            ,345000,640000,-295000,0,0,0,0,0,0,-17000,0,9000,-9000,0,8000,-8000,-312000
058789,喬山元大99購02  ,0,0,0,0,0,0,0,0,0,-317000,0,0,0,0,317000,-317000,-317000
052067,中磊兆豐96購01  ,0,0,0,0,0,0,0,0,0,-318000,0,0,0,2000,320000,-318000,-318000
2357,華碩            ,1960000,2233539,-273539,0,0,0,0,12000,-12000,-33000,28000,61000,-33000,0,0,0,-318539
3705,永信            ,36000,356000,-320000,0,0,0,0,0,0,0,0,0,0,0,0,0,-320000
2474,可成            ,2916123,3162390,-246267,0,0,0,33000,0,33000,-107000,38000,194000,-156000,62000,13000,49000,-320267
3033,威健            ,151000,124000,27000,0,0,0,0,0,0,-348000,5000,353000,-348000,0,0,0,-321000
1308,亞聚            ,43000,367000,-324000,0,0,0,0,0,0,0,0,0,0,0,0,0,-324000
058927,勤誠元富99購02  ,0,0,0,0,0,0,0,0,0,-327000,0,0,0,13000,340000,-327000,-327000
4942,嘉彰            ,80000,403124,-323124,0,0,0,0,0,0,-4000,0,4000,-4000,0,0,0,-327124
9946,三發地產        ,1000,330000,-329000,0,0,0,0,0,0,0,0,0,0,0,0,0,-329000
1712,興農            ,154000,484000,-330000,0,0,0,0,0,0,0,0,0,0,0,0,0,-330000
059503,大立光富邦9B購04,0,0,0,0,0,0,0,0,0,-331000,0,0,0,10000,341000,-331000,-331000
056349,道瓊銀元大9B購01,0,0,0,0,0,0,0,0,0,-331000,0,0,0,0,331000,-331000,-331000
2548,華固            ,560656,867000,-306344,0,0,0,0,21000,-21000,-4000,0,6000,-6000,2000,0,2000,-331344
3532,台勝科          ,172000,251000,-79000,0,0,0,0,256000,-256000,-1000,0,0,0,0,1000,-1000,-336000
9914,美利達          ,1302000,1634000,-332000,0,0,0,10000,8000,2000,-6000,0,6000,-6000,0,0,0,-336000
2492,華新科          ,2106000,2731510,-625510,0,0,0,0,0,0,286000,27000,21000,6000,329000,49000,280000,-339510
2107,厚生            ,73000,415563,-342563,0,0,0,0,0,0,0,0,0,0,0,0,0,-342563
04973P,台積電凱基94售41,0,0,0,0,0,0,0,0,0,-360000,0,0,0,0,360000,-360000,-360000
059520,台表科永豐99購02,0,0,0,0,0,0,0,0,0,-361000,0,0,0,0,361000,-361000,-361000
2352,佳世達          ,493000,856320,-363320,0,0,0,0,0,0,0,0,0,0,0,0,0,-363320
056157,聯詠凱基97購03  ,0,0,0,0,0,0,0,0,0,-365000,0,0,0,36000,401000,-365000,-365000
03638C,T50反1元大94牛03,0,0,0,0,0,0,0,0,0,-366000,0,0,0,6000,372000,-366000,-366000
059438,群創元大99購06  ,0,0,0,0,0,0,0,0,0,-368000,0,0,0,5000,373000,-368000,-368000
054558,劍麟群益99購01  ,0,0,0,0,0,0,0,0,0,-370000,0,0,0,0,370000,-370000,-370000
1215,卜蜂            ,91000,512000,-421000,0,0,0,39000,0,39000,7000,0,0,0,7000,0,7000,-375000
06852P,臺股指元大98售11,0,0,0,0,0,0,0,0,0,-375000,0,0,0,174000,549000,-375000,-375000
056118,聯詠群益97購03  ,0,0,0,0,0,0,0,0,0,-380000,0,0,0,160000,540000,-380000,-380000
058659,力成中信99購01  ,0,0,0,0,0,0,0,0,0,-381000,0,0,0,37000,418000,-381000,-381000
00662,富邦NASDAQ      ,21000,16000,5000,0,0,0,0,0,0,-386000,0,0,0,98000,484000,-386000,-381000
2312,金寶            ,666000,958000,-292000,0,0,0,0,0,0,-92000,1000,60000,-59000,0,33000,-33000,-384000
056634,為升兆豐99購01  ,0,0,0,0,0,0,0,0,0,-387000,0,0,0,0,387000,-387000,-387000
8996,高力            ,364000,698000,-334000,0,0,0,0,0,0,-60000,0,60000,-60000,0,0,0,-394000
2014,中鴻            ,569000,880585,-311585,0,0,0,0,0,0,-89000,0,89000,-89000,0,0,0,-400585
1513,中興電          ,108000,483000,-375000,0,0,0,0,0,0,-28000,7000,35000,-28000,0,0,0,-403000
6214,精誠            ,173000,359000,-186000,0,0,0,0,0,0,-217000,0,217000,-217000,0,0,0,-403000
07255P,國巨凱基99售15  ,0,8000,-8000,0,0,0,0,0,0,-396000,0,0,0,133000,529000,-396000,-404000
051227,技嘉群益97購01  ,0,0,0,0,0,0,0,0,0,-405000,0,0,0,0,405000,-405000,-405000
054784,順德群益9A購01  ,0,0,0,0,0,0,0,0,0,-405000,0,0,0,0,405000,-405000,-405000
00712,FH富時不動產    ,1000,0,1000,0,0,0,0,0,0,-407000,0,0,0,106000,513000,-407000,-406000
058228,為升元大99購01  ,0,0,0,0,0,0,0,0,0,-408000,0,0,0,0,408000,-408000,-408000
059492,國巨國票9A購06  ,0,0,0,0,0,0,0,0,0,-413000,0,0,0,8000,421000,-413000,-413000
057802,卜蜂元大98購01  ,0,0,0,0,0,0,0,0,0,-415000,0,0,0,122000,537000,-415000,-415000
059501,可成元富99購01  ,0,0,0,0,0,0,0,0,0,-420000,0,0,0,33000,453000,-420000,-420000
052269,T50反1日盛9B購01,0,0,0,0,0,0,0,0,0,-425000,0,0,0,0,425000,-425000,-425000
056766,義隆元大98購01  ,0,0,0,0,0,0,0,0,0,-427000,0,0,0,13000,440000,-427000,-427000
3563,牧德            ,103000,542000,-439000,0,0,0,0,0,0,9000,0,1000,-1000,14000,4000,10000,-430000
059253,康控凱基9B購02  ,0,0,0,0,0,0,0,0,0,-434000,0,0,0,0,434000,-434000,-434000
2520,冠德            ,138616,573675,-435059,0,0,0,0,0,0,0,1000,2000,-1000,1000,0,1000,-435059
1904,正隆            ,2291000,2761000,-470000,0,0,0,220000,187000,33000,0,0,0,0,0,0,0,-437000
00675L,富邦臺灣加權正2 ,0,0,0,0,0,0,0,0,0,-439000,0,0,0,1958000,2397000,-439000,-439000
04786P,鴻海永昌96售01  ,0,0,0,0,0,0,0,0,0,-440000,0,0,0,0,440000,-440000,-440000
6412,群電            ,278000,716000,-438000,0,0,0,0,0,0,-6000,0,6000,-6000,0,0,0,-444000
8271,宇瞻            ,231000,678000,-447000,0,0,0,0,0,0,-5000,0,5000,-5000,0,0,0,-452000
1736,喬山            ,145000,491040,-346040,0,0,0,0,110000,-110000,2000,0,0,0,2000,0,2000,-454040
00652,富邦印度        ,0,347000,-347000,0,0,0,0,0,0,-116000,0,0,0,9000,125000,-116000,-463000
058038,滬深反元大98購01,0,0,0,0,0,0,0,0,0,-474000,0,0,0,55000,529000,-474000,-474000
07280P,FBVIX凱基99售01 ,0,0,0,0,0,0,0,0,0,-478000,0,0,0,304000,782000,-478000,-478000
057173,南亞科元大98購04,0,0,0,0,0,0,0,0,0,-481000,0,0,0,0,481000,-481000,-481000
046906,新光金凱基99購02,0,0,0,0,0,0,0,0,0,-485000,0,0,0,0,485000,-485000,-485000
053480,祥碩元大96購02  ,0,0,0,0,0,0,0,0,0,-485000,0,0,0,0,485000,-485000,-485000
2867,三商壽          ,624000,1111000,-487000,0,0,0,0,0,0,0,0,0,0,0,0,0,-487000
059128,友達中信99購02  ,0,0,0,0,0,0,0,0,0,-491000,0,0,0,396000,887000,-491000,-491000
1103,嘉泥            ,772000,1276000,-504000,0,0,0,0,0,0,9000,55000,46000,9000,0,0,0,-495000
3044,健鼎            ,1292097,1802070,-509973,0,0,0,15000,0,15000,-2000,24000,30000,-6000,4000,0,4000,-496973
059181,世紀鋼元富9C購01,0,0,0,0,0,0,0,0,0,-500000,0,0,0,119000,619000,-500000,-500000
054658,道瓊銀元大9A購01,0,0,0,0,0,0,0,0,0,-508000,0,0,0,0,508000,-508000,-508000
5434,崇越            ,225000,567300,-342300,0,0,0,0,0,0,-168000,3000,172000,-169000,1000,0,1000,-510300
2855,統一證          ,181000,692000,-511000,0,0,0,0,0,0,0,0,0,0,0,0,0,-511000
2449,京元電子        ,3297000,4792932,-1495932,0,0,0,450000,43000,407000,576000,455000,15000,440000,136000,0,136000,-512932
2404,漢唐            ,64000,594280,-530280,0,0,0,0,0,0,14000,12000,2000,10000,4000,0,4000,-516280
00639,富邦深100       ,177000,444000,-267000,0,0,0,0,0,0,-255000,0,0,0,707000,962000,-255000,-522000
059568,台積電凱基9A購13,0,0,0,0,0,0,0,0,0,-523000,0,0,0,0,523000,-523000,-523000
059527,聯發科凱基99購16,0,0,0,0,0,0,0,0,0,-526000,0,0,0,0,526000,-526000,-526000
048847,A50群益98購01   ,0,0,0,0,0,0,0,0,0,-529000,0,0,0,41000,570000,-529000,-529000
05446P,緯穎元大95售04  ,0,0,0,0,0,0,0,0,0,-541000,0,0,0,0,541000,-541000,-541000
2106,建大            ,39000,583000,-544000,0,0,0,0,0,0,0,0,0,0,0,0,0,-544000
3413,京鼎            ,234000,787000,-553000,0,0,0,0,0,0,-4000,0,3000,-3000,1000,2000,-1000,-557000
2606,裕民            ,151000,759746,-608746,0,0,0,0,25000,-25000,75000,74000,9000,65000,10000,0,10000,-558746
059316,國巨元大99購23  ,0,0,0,0,0,0,0,0,0,-560000,0,0,0,36000,596000,-560000,-560000
08865P,欣興元大01售02  ,0,0,0,0,0,0,0,0,0,-565000,0,0,0,0,565000,-565000,-565000
03033P,微星國票03售01  ,0,0,0,0,0,0,0,0,0,-570000,0,0,0,0,570000,-570000,-570000
2535,達欣工          ,220000,355000,-135000,0,0,0,0,0,0,-443000,0,443000,-443000,0,0,0,-578000
9958,世紀鋼          ,245000,987000,-742000,0,0,0,144000,0,144000,4000,0,10000,-10000,32000,18000,14000,-594000
059401,牧德元富99購01  ,0,0,0,0,0,0,0,0,0,-604000,0,0,0,3000,607000,-604000,-604000
00830,國泰費城半導體  ,157000,28000,129000,0,0,0,0,0,0,-736000,0,0,0,339000,1075000,-736000,-607000
07163P,臺股指群益99售14,0,0,0,0,0,0,0,0,0,-609000,0,0,0,8000,617000,-609000,-609000
1714,和桐            ,1031000,1640000,-609000,0,0,0,0,0,0,0,0,0,0,0,0,0,-609000
050169,臺指反元大97購01,0,0,0,0,0,0,0,0,0,-616000,0,0,0,10000,626000,-616000,-616000
1229,聯華            ,467000,1075000,-608000,0,0,0,32000,0,32000,-41000,40000,81000,-41000,0,0,0,-617000
6282,康舒            ,269000,841000,-572000,0,0,0,0,0,0,-47000,1000,51000,-50000,4000,1000,3000,-619000
07208P,台積電凱基99售14,0,0,0,0,0,0,0,0,0,-629000,0,0,0,39000,668000,-629000,-629000
051935,味全群益95購01  ,0,0,0,0,0,0,0,0,0,-648000,0,0,0,0,648000,-648000,-648000
052959,聯電凱基97購01  ,0,0,0,0,0,0,0,0,0,-650000,0,0,0,0,650000,-650000,-650000
3042,晶技            ,1135000,1989000,-854000,0,0,0,148000,0,148000,42000,14000,48000,-34000,81000,5000,76000,-664000
2015,豐興            ,590000,1086000,-496000,0,0,0,0,0,0,-178000,0,178000,-178000,0,0,0,-674000
2355,敬鵬            ,311000,1013000,-702000,0,0,0,0,0,0,9000,20000,7000,13000,0,4000,-4000,-693000
2349,錸德            ,333000,1029000,-696000,0,0,0,0,0,0,0,0,0,0,0,0,0,-696000
06983P,台積電國泰9A售02,0,0,0,0,0,0,0,0,0,-700000,0,0,0,23000,723000,-700000,-700000
054873,帆宣群益99購01  ,0,0,0,0,0,0,0,0,0,-700000,0,0,0,0,700000,-700000,-700000
059566,台積電凱基9A購11,0,0,0,0,0,0,0,0,0,-701000,0,0,0,0,701000,-701000,-701000
2912,統一超          ,1410000,2113574,-703574,0,0,0,0,0,0,0,1000,1000,0,0,0,0,-703574
1210,大成            ,105000,764000,-659000,0,0,0,171000,159000,12000,-57000,0,59000,-59000,2000,0,2000,-704000
00686R,群益臺灣加權反1 ,0,0,0,0,0,0,0,0,0,-712000,0,0,0,637000,1349000,-712000,-712000
3665,貿聯-KY         ,754000,1416000,-662000,0,0,0,0,21000,-21000,-37000,0,45000,-45000,12000,4000,8000,-720000
053298,SP黃豆凱基99購01,0,0,0,0,0,0,0,0,0,-730000,0,0,0,0,730000,-730000,-730000
2332,友訊            ,547000,1300000,-753000,0,0,0,0,0,0,17000,6000,36000,-30000,64000,17000,47000,-736000
1907,永豐餘          ,462000,1172000,-710000,0,0,0,0,0,0,-31000,0,31000,-31000,0,0,0,-741000
07164P,臺股指群益99售15,0,0,0,0,0,0,0,0,0,-753000,0,0,0,100000,853000,-753000,-753000
8213,志超            ,460000,1216173,-756173,0,0,0,0,0,0,1000,1000,1000,0,1000,0,1000,-755173
4119,旭富            ,314000,1644000,-1330000,0,0,0,644000,66000,578000,-8000,40000,110000,-70000,68000,6000,62000,-760000
07126P,台積電元大99售23,0,0,0,0,0,0,0,0,0,-762000,0,0,0,0,762000,-762000,-762000
00668,國泰美國道瓊    ,4000,5000,-1000,0,0,0,0,0,0,-781000,0,0,0,18000,799000,-781000,-782000
4960,誠美材          ,0,785000,-785000,0,0,0,0,0,0,0,0,0,0,0,0,0,-785000
3014,聯陽            ,183000,980000,-797000,0,0,0,0,0,0,2000,0,0,0,2000,0,2000,-795000
059137,電子類群益99購01,0,0,0,0,0,0,0,0,0,-805000,0,0,0,99000,904000,-805000,-805000
00635U,元大S&P黃金     ,9000,822000,-813000,0,0,0,0,0,0,8000,0,0,0,982000,974000,8000,-805000
052313,聯電元大98購01  ,0,0,0,0,0,0,0,0,0,-816000,0,0,0,33000,849000,-816000,-816000
053490,為升兆豐97購01  ,0,0,0,0,0,0,0,0,0,-819000,0,0,0,0,819000,-819000,-819000
3005,神基            ,178000,907000,-729000,0,0,0,0,103000,-103000,1000,1000,0,1000,0,0,0,-831000
056417,欣興中信98購01  ,0,0,0,0,0,0,0,0,0,-855000,0,0,0,0,855000,-855000,-855000
2515,中工            ,944000,1895000,-951000,0,0,0,0,0,0,85000,60000,8000,52000,33000,0,33000,-866000
2385,群光            ,1982000,2776281,-794281,0,0,0,57000,65000,-8000,-70000,2000,70000,-68000,0,2000,-2000,-872281
3596,智易            ,194000,1091500,-897500,0,0,0,0,3000,-3000,10000,8000,22000,-14000,29000,5000,24000,-890500
03253P,台灣50國泰03售02,0,0,0,0,0,0,0,0,0,-891000,0,0,0,21000,912000,-891000,-891000
057326,景碩群益99購02  ,0,0,0,0,0,0,0,0,0,-897000,0,0,0,0,897000,-897000,-897000
1701,中化            ,89000,998000,-909000,0,0,0,0,0,0,0,0,0,0,0,0,0,-909000
06025P,臺股指元大99售02,0,0,0,0,0,0,0,0,0,-915000,0,0,0,196000,1111000,-915000,-915000
2308,台達電          ,2637792,3822083,-1184291,0,0,0,67000,3000,64000,171000,211000,47000,164000,23000,16000,7000,-949291
03438B,臺股指元大96熊27,0,0,0,0,0,0,0,0,0,-998000,0,0,0,502000,1500000,-998000,-998000
1477,聚陽            ,314000,963000,-649000,0,0,0,0,35500,-35500,-316000,7000,323000,-316000,0,0,0,-1000500
07257P,臺股指凱基99售37,0,0,0,0,0,0,0,0,0,-1009000,0,0,0,197000,1206000,-1009000,-1009000
058786,元黃金元大99購01,0,0,0,0,0,0,0,0,0,-1031000,0,0,0,30000,1061000,-1031000,-1031000
2002,中鋼            ,14329000,15516280,-1187280,0,0,0,0,0,0,148000,138000,0,138000,10000,0,10000,-1039280
059133,臺股指群益99購08,0,0,0,0,0,0,0,0,0,-1048000,0,0,0,91000,1139000,-1048000,-1048000
059529,華新科凱基9A購04,0,0,0,0,0,0,0,0,0,-1052000,0,0,0,165000,1217000,-1052000,-1052000
059341,台積電凱基99購15,0,0,0,0,0,0,0,0,0,-1061000,0,0,0,321000,1382000,-1061000,-1061000
059294,宏達電元富9B購02,0,0,0,0,0,0,0,0,0,-1067000,0,0,0,139000,1206000,-1067000,-1067000
053631,欣興兆豐97購01  ,0,0,0,0,0,0,0,0,0,-1086000,0,0,0,0,1086000,-1086000,-1086000
6176,瑞儀            ,742000,1958172,-1216172,0,0,0,30000,14000,16000,96000,145000,44000,101000,6000,11000,-5000,-1104172
2634,漢翔            ,312000,1427000,-1115000,0,0,0,0,0,0,0,0,0,0,0,0,0,-1115000
8926,台汽電          ,97000,1211000,-1114000,0,0,0,0,0,0,-19000,0,19000,-19000,0,0,0,-1133000
057597,華通群益9A購02  ,0,0,0,0,0,0,0,0,0,-1138000,0,0,0,0,1138000,-1138000,-1138000
059051,和大凱基9A購01  ,0,0,0,0,0,0,0,0,0,-1144000,0,0,0,0,1144000,-1144000,-1144000
3706,神達            ,1611000,2997650,-1386650,0,0,0,0,0,0,231000,221000,12000,209000,22000,0,22000,-1155650
2379,瑞昱            ,2283088,3774633,-1491545,0,0,0,230000,0,230000,98000,96000,30000,66000,33000,1000,32000,-1163545
3545,敦泰            ,651000,1828000,-1177000,0,0,0,0,0,0,0,0,0,0,0,0,0,-1177000
2301,光寶科          ,4904000,5691602,-787602,0,0,0,2000,76000,-74000,-316000,184000,486000,-302000,0,14000,-14000,-1177602
00646,元大S&P500      ,67000,1011000,-944000,0,0,0,0,0,0,-245000,65000,0,65000,269000,579000,-310000,-1189000
3045,台灣大          ,3678000,5059211,-1381211,0,0,0,24000,0,24000,168000,305000,137000,168000,0,0,0,-1189211
00643,群益深証中小    ,44000,1172000,-1128000,0,0,0,0,0,0,-83000,0,0,0,72000,155000,-83000,-1211000
059370,玉晶光元富99購02,0,0,0,0,0,0,0,0,0,-1214000,0,0,0,672000,1886000,-1214000,-1214000
057884,華邦電群益98購02,0,0,0,0,0,0,0,0,0,-1214000,0,0,0,100000,1314000,-1214000,-1214000
00655L,國泰中國A50正2  ,441000,194000,247000,0,0,0,0,0,0,-1463000,0,0,0,3415000,4878000,-1463000,-1216000
2618,長榮航          ,13077000,14711049,-1634049,0,0,0,0,0,0,410000,57000,74000,-17000,433000,6000,427000,-1224049
3017,奇鋐            ,805000,2378000,-1573000,0,0,0,722000,438000,284000,61000,0,12000,-12000,77000,4000,73000,-1228000
07276P,臺股指群益99售19,0,1000,-1000,0,0,0,0,0,0,-1257000,0,0,0,303000,1560000,-1257000,-1258000
8112,至上            ,822000,1891000,-1069000,0,0,0,0,0,0,-210000,1000,211000,-210000,0,0,0,-1279000
059396,T50反1元富99購04,0,0,0,0,0,0,0,0,0,-1304000,0,0,0,1036000,2340000,-1304000,-1304000
2892,第一金          ,12963000,14613596,-1650596,0,0,0,0,0,0,312000,374000,50000,324000,4000,16000,-12000,-1338596
2845,遠東銀          ,961000,2293447,-1332447,0,0,0,0,0,0,-105000,0,105000,-105000,0,0,0,-1437447
6202,盛群            ,129000,1483268,-1354268,0,0,0,0,0,0,-98000,0,98000,-98000,0,0,0,-1452268
2368,金像電          ,2608000,5040000,-2432000,0,0,0,1320000,500000,820000,130000,450000,300000,150000,0,20000,-20000,-1482000
059081,和大元大99購01  ,0,0,0,0,0,0,0,0,0,-1504000,0,0,0,0,1504000,-1504000,-1504000
059293,宏達電元富9B購01,0,0,0,0,0,0,0,0,0,-1506000,0,0,0,0,1506000,-1506000,-1506000
1909,榮成            ,1127000,2712000,-1585000,0,0,0,0,0,0,-78000,1000,147000,-146000,68000,0,68000,-1663000
2448,晶電            ,1770000,2086000,-316000,0,0,0,0,1626000,-1626000,260000,347000,79000,268000,0,8000,-8000,-1682000
1536,和大            ,1688000,1633000,55000,0,0,0,0,1788000,-1788000,13000,28000,15000,13000,0,0,0,-1720000
8150,南茂            ,794000,2576550,-1782550,0,0,0,40000,0,40000,-3000,10000,0,10000,47000,60000,-13000,-1745550
00653L,富邦印度正2     ,0,0,0,0,0,0,0,0,0,-1763000,0,0,0,93000,1856000,-1763000,-1763000
00673R,元大S&P原油反1  ,55000,450000,-395000,0,0,0,0,0,0,-1382000,0,0,0,4281000,5663000,-1382000,-1777000
4958,臻鼎-KY         ,1396000,3262930,-1866930,0,0,0,45000,66000,-21000,33000,123000,100000,23000,13000,3000,10000,-1854930
9933,中鼎            ,849000,2419000,-1570000,0,0,0,0,0,0,-287000,1000,288000,-287000,0,0,0,-1857000
6257,矽格            ,349000,2307053,-1958053,0,0,0,0,0,0,91000,80000,23000,57000,34000,0,34000,-1867053
9904,寶成            ,3481000,5425311,-1944311,0,0,0,0,0,0,64000,96000,32000,64000,0,0,0,-1880311
4746,台耀            ,754000,903000,-149000,0,0,0,0,1598000,-1598000,-148000,0,148000,-148000,0,0,0,-1895000
059397,T50反1元富99購05,0,0,0,0,0,0,0,0,0,-1994000,0,0,0,669000,2663000,-1994000,-1994000
059395,T50反1元富99購03,0,0,0,0,0,0,0,0,0,-1995000,0,0,0,350000,2345000,-1995000,-1995000
5880,合庫金          ,12477164,14479944,-2002780,0,0,0,0,0,0,-8000,87000,95000,-8000,0,0,0,-2010780
2376,技嘉            ,715000,2505000,-1790000,0,0,0,0,314000,-314000,93000,95000,59000,36000,59000,2000,57000,-2011000
00670L,富邦NASDAQ正2   ,439000,313000,126000,0,0,0,0,0,0,-2178000,0,0,0,1329000,3507000,-2178000,-2052000
054716,緯穎康和97購01  ,0,0,0,0,0,0,0,0,0,-2078000,0,0,0,635000,2713000,-2078000,-2078000
059343,宏達電凱基99購04,0,0,0,0,0,0,0,0,0,-2127000,0,0,0,397000,2524000,-2127000,-2127000
2812,台中銀          ,2609000,4681560,-2072560,0,0,0,0,0,0,-112000,0,112000,-112000,0,0,0,-2184560
2458,義隆            ,707000,3159796,-2452796,0,0,0,213000,0,213000,49000,1000,8000,-7000,63000,7000,56000,-2190796
00708L,元大S&P黃金正2  ,859000,566000,293000,0,0,0,0,0,0,-2582000,0,0,0,6555000,9137000,-2582000,-2289000
1102,亞泥            ,6071000,8098503,-2027503,0,0,0,200000,114000,86000,-412000,22000,461000,-439000,46000,19000,27000,-2353503
2313,華通            ,2626000,5603301,-2977301,0,0,0,150000,124000,26000,271000,321000,304000,17000,299000,45000,254000,-2680301
2367,燿華            ,901980,3656010,-2754030,0,0,0,0,0,0,11000,1000,11000,-10000,23000,2000,21000,-2743030
8046,南電            ,713000,2355905,-1642905,0,0,0,250000,1222000,-972000,-134000,62000,186000,-124000,118000,128000,-10000,-2748905
2603,長榮            ,5299000,4324194,974806,0,0,0,100000,3874648,-3774648,0,144000,154000,-10000,40000,30000,10000,-2799842
2888,新光金          ,20877000,23799787,-2922787,0,0,0,0,0,0,112000,4000,2000,2000,327000,217000,110000,-2810787
00676R,富邦臺灣加權反1 ,0,0,0,0,0,0,0,0,0,-2855000,0,0,0,1724000,4579000,-2855000,-2855000
2823,中壽            ,6562627,9475508,-2912881,0,0,0,0,0,0,21000,94000,86000,8000,31000,18000,13000,-2891881
2890,永豐金          ,12279000,15899522,-3620522,0,0,0,0,0,0,601000,588000,0,588000,21000,8000,13000,-3019522
2889,國票金          ,1113000,4196009,-3083009,0,0,0,0,0,0,-53000,0,53000,-53000,0,0,0,-3136009
00647L,元大S&P500正2   ,231000,215000,16000,0,0,0,0,0,0,-3245000,0,0,0,1596000,4841000,-3245000,-3229000
00642U,元大S&P石油     ,151000,547000,-396000,0,0,0,0,0,0,-3175000,25000,0,25000,3809000,7009000,-3200000,-3571000
00664R,國泰臺灣加權反1 ,0,1000,-1000,0,0,0,0,0,0,-3688000,180000,0,180000,1577000,5445000,-3868000,-3689000
00633L,富邦上証正2     ,2574000,2716000,-142000,0,0,0,0,0,0,-3627000,0,0,0,4666000,8293000,-3627000,-3769000
2880,華南金          ,8474988,12219661,-3744673,0,0,0,0,0,0,-176000,5000,103000,-98000,0,78000,-78000,-3920673
2610,華航            ,9687000,14124284,-4437284,0,0,0,0,0,0,399000,2000,0,2000,518000,121000,397000,-4038284
3037,欣興            ,3137000,10540949,-7403949,0,0,0,2874000,0,2874000,341000,212000,132000,80000,321000,60000,261000,-4188949
2886,兆豐金          ,17617000,17254936,362064,0,0,0,9000,0,9000,-4698000,1778000,6449000,-4671000,4000,31000,-27000,-4326936
2881,富邦金          ,11510280,16035166,-4524886,0,0,0,0,21000,-21000,-163000,96000,423000,-327000,177000,13000,164000,-4708886
00738U,元大道瓊白銀    ,129000,129000,0,0,0,0,0,0,0,-5142000,0,0,0,1178000,6320000,-5142000,-5142000
1504,東元            ,1674000,7645210,-5971210,0,0,0,0,0,0,-23000,20000,41000,-21000,0,2000,-2000,-5994210
6116,彩晶            ,2252000,8341000,-6089000,0,0,0,0,0,0,13000,4000,2000,2000,36000,25000,11000,-6076000
00693U,街口S&P黃豆     ,0,0,0,0,0,0,0,0,0,-6095000,0,0,0,349000,6444000,-6095000,-6095000
00637L,元大滬深300正2  ,19889000,7750000,12139000,0,0,0,0,0,0,-19878000,0,0,0,36396000,56274000,-19878000,-7739000
2409,友達            ,22665000,32711004,-10046004,0,0,0,8000,0,8000,-145000,2000,2000,0,34000,179000,-145000,-10183004
2891,中信金          ,34120000,45614573,-11494573,0,0,0,0,0,0,40000,200000,155000,45000,6000,11000,-5000,-11454573
2303,聯電            ,77702000,74977342,2724658,0,0,0,8000,14452000,-14444000,154000,302000,244000,58000,134000,38000,96000,-11565342
00672L,元大S&P原油正2  ,12000,35000,-23000,0,0,0,0,0,0,-14056000,0,100000,-100000,2187000,16143000,-13956000,-14079000
00852L,國泰美國道瓊正2 ,0,0,0,0,0,0,0,0,0,-29948000,0,0,0,352000,30300000,-29948000,-29948000
3481,群創            ,37245000,55935193,-18690193,0,0,0,0,12334000,-12334000,-89000,290000,552000,-262000,173000,0,173000,-31113193
00715L,街口布蘭特油正2 ,304000,304000,0,0,0,0,0,0,0,-87689000,0,0,0,0,87689000,-87689000,-87689000
00632R,元大台灣50反1   ,26739000,18153000,8586000,0,0,0,0,3214000,-3214000,-158171000,2550000,8120000,-5570000,54486000,207087000,-152601000,-152799000
