證券代號,證券名稱,外陸資買進股數(不含外資自營商),外陸資賣出股數(不含外資自營商),外陸資買賣超股數(不含外資自營商),外資自營商買進股數,外資自營商賣出股數,外資自營商買賣超股數,投信買進股數,投信賣出股數,投信買賣超股數,自營商買賣超股數,自營商買進股數(自行買賣),自營商賣出股數(自行買賣),自營商買賣超股數(自行買賣),自營商買進股數(避險),自營商賣出股數(避險),自營商買賣超股數(避險),三大法人買賣超股數
2337,旺宏            ,33625000,5275000,28350000,0,0,0,297000,334000,-37000,907000,1321000,869000,452000,563000,108000,455000,29220000
00677U,富邦VIX         ,14631000,4176000,10455000,0,0,0,0,0,0,14000000,3600000,0,3600000,10670000,270000,10400000,24455000
00673R,元大S&P原油反1  ,0,319000,-319000,0,0,0,0,0,0,12965000,0,0,0,12979000,14000,12965000,12646000
2890,永豐金          ,7204581,2302000,4902581,0,0,0,33000,0,33000,1584000,1570000,12000,1558000,26000,0,26000,6519581
2882,國泰金          ,7527266,1664500,5862766,0,0,0,88000,250000,-162000,-106000,59000,0,59000,44000,209000,-165000,5594766
00632R,元大台灣50反1   ,1764000,1941000,-177000,0,0,0,0,0,0,5585000,5080000,1611000,3469000,5312000,3196000,2116000,5408000
2887,台新金          ,9179697,4225781,4953916,0,0,0,31000,0,31000,234000,154000,15000,139000,95000,0,95000,5218916
2504,國產            ,3998000,4213000,-215000,0,0,0,4500000,0,4500000,285000,319000,28000,291000,0,6000,-6000,4570000
2892,第一金          ,4983878,2309598,2674280,0,0,0,34000,0,34000,1491000,1567000,100000,1467000,24000,0,24000,4199280
046173,聯發科永豐92購01,0,0,0,0,0,0,0,0,0,3499000,0,0,0,3834000,335000,3499000,3499000
2317,鴻海            ,14387748,11528388,2859360,0,0,0,269000,0,269000,248000,30000,1000,29000,332000,113000,219000,3376360
2448,晶電            ,7700000,2099000,5601000,0,0,0,0,2134000,-2134000,-109000,96000,124000,-28000,0,81000,-81000,3358000
1216,統一            ,5465346,2214000,3251346,0,0,0,15000,0,15000,-42000,0,79000,-79000,52000,15000,37000,3224346
2474,可成            ,4571992,1721140,2850852,0,0,0,1000,0,1000,271000,12000,12000,0,298000,27000,271000,3122852
4927,泰鼎-KY         ,1937000,603000,1334000,0,0,0,1463000,0,1463000,299000,83000,145000,-62000,833000,472000,361000,3096000
03033P,微星國票03售01  ,0,0,0,0,0,0,0,0,0,2900000,0,0,0,2930000,30000,2900000,2900000
053594,京鼎元大96購02  ,0,0,0,0,0,0,0,0,0,2757000,0,0,0,2858000,101000,2757000,2757000
2454,聯發科          ,6793728,3779205,3014523,0,0,0,15000,142000,-127000,-324000,55000,332000,-277000,141000,188000,-47000,2563523
2884,玉山金          ,8704503,6423739,2280764,0,0,0,33000,119000,-86000,279000,273000,12000,261000,114000,96000,18000,2473764
049185,南電凱基94購03  ,0,0,0,0,0,0,0,0,0,2469000,0,0,0,2469000,0,2469000,2469000
052533,聯發科國泰96購03,0,0,0,0,0,0,0,0,0,2391000,0,0,0,2891000,500000,2391000,2391000
1909,榮成            ,2886000,669000,2217000,0,0,0,0,0,0,38000,62000,24000,38000,0,0,0,2255000
2353,宏碁            ,4410705,2062000,2348705,0,0,0,0,0,0,-135000,0,59000,-59000,26000,102000,-76000,2213705
3661,世芯-KY         ,2196000,525549,1670451,0,0,0,413000,0,413000,53000,125000,152000,-27000,142000,62000,80000,2136451
3545,敦泰            ,2810000,716780,2093220,0,0,0,0,0,0,-7000,0,7000,-7000,0,0,0,2086220
054422,T50反1富邦9A購01,0,0,0,0,0,0,0,0,0,2028000,0,0,0,2028000,0,2028000,2028000
2834,臺企銀          ,4196832,2405000,1791832,0,0,0,10000,0,10000,60000,78000,18000,60000,0,0,0,1861832
05564P,玉晶光元大97售02,0,0,0,0,0,0,0,0,0,1824000,0,0,0,1886000,62000,1824000,1824000
3034,聯詠            ,5180859,2859784,2321075,0,0,0,0,544000,-544000,45000,114000,77000,37000,35000,27000,8000,1822075
2393,億光            ,2113000,428000,1685000,0,0,0,0,0,0,14000,38000,91000,-53000,280000,213000,67000,1699000
2421,建準            ,1731000,167000,1564000,0,0,0,0,0,0,132000,7000,6000,1000,182000,51000,131000,1696000
4935,茂林-KY         ,1247000,581000,666000,0,0,0,955000,253000,702000,298000,190000,68000,122000,264000,88000,176000,1666000
6116,彩晶            ,4490000,2503000,1987000,0,0,0,0,0,0,-322000,0,6000,-6000,1000,317000,-316000,1665000
04327P,台積電國泰95售01,0,0,0,0,0,0,0,0,0,1612000,0,0,0,1612000,0,1612000,1612000
2049,上銀            ,2592914,1322000,1270914,0,0,0,396000,0,396000,-75000,56000,55000,1000,40000,116000,-76000,1591914
2308,台達電          ,5454668,4002000,1452668,0,0,0,8000,0,8000,98000,47000,2000,45000,67000,14000,53000,1558668
2332,友訊            ,586000,711000,-125000,0,0,0,0,0,0,1625000,406000,3000,403000,1246000,24000,1222000,1500000
00861,元大全球未來通訊,0,0,0,0,0,0,0,0,0,1436000,0,0,0,1585000,149000,1436000,1436000
040760,T50反1凱基95購01,0,0,0,0,0,0,0,0,0,1413000,0,0,0,2054000,641000,1413000,1413000
053614,台積電群益96購08,0,0,0,0,0,0,0,0,0,1364000,0,0,0,1507000,143000,1364000,1364000
049205,聯發科群益94購05,0,0,0,0,0,0,0,0,0,1355000,0,0,0,1419000,64000,1355000,1355000
054197,台積電永昌96購07,0,0,0,0,0,0,0,0,0,1349000,0,0,0,1738000,389000,1349000,1349000
051141,鈺齊永豐95購01  ,0,0,0,0,0,0,0,0,0,1347000,0,0,0,1430000,83000,1347000,1347000
2376,技嘉            ,1609000,503000,1106000,0,0,0,76000,0,76000,141000,28000,8000,20000,138000,17000,121000,1323000
039828,鴻海統一91購01  ,0,0,0,0,0,0,0,0,0,1316000,0,0,0,1316000,0,1316000,1316000
051155,聯發科國泰96購01,0,0,0,0,0,0,0,0,0,1287000,0,0,0,1532000,245000,1287000,1287000
8112,至上            ,1532000,306000,1226000,0,0,0,0,0,0,8000,9000,6000,3000,5000,0,5000,1234000
052115,T50反1國票95購03,0,0,0,0,0,0,0,0,0,1200000,0,0,0,1406000,206000,1200000,1200000
05746P,台積電群益96售07,0,0,0,0,0,0,0,0,0,1197000,0,0,0,1351000,154000,1197000,1197000
3376,新日興          ,810000,906000,-96000,0,0,0,1045000,45000,1000000,289000,212000,113000,99000,356000,166000,190000,1193000
051773,元大金中信95購02,0,0,0,0,0,0,0,0,0,1190000,0,0,0,1190000,0,1190000,1190000
051843,聯發科富邦99購01,0,0,0,0,0,0,0,0,0,1163000,0,0,0,1834000,671000,1163000,1163000
047004,台積電統一99購01,2000,0,2000,0,0,0,0,0,0,1156000,0,0,0,1486000,330000,1156000,1158000
1609,大亞            ,1518000,320000,1198000,0,0,0,1000,0,1000,-56000,0,56000,-56000,0,0,0,1143000
2883,開發金          ,5325237,4221997,1103240,0,0,0,44000,0,44000,-7000,73000,8000,65000,34000,106000,-72000,1140240
05034P,台積電元大95售08,0,0,0,0,0,0,0,0,0,1125000,0,0,0,1125000,0,1125000,1125000
055041,致新富邦97購01  ,0,0,0,0,0,0,0,0,0,1110000,0,0,0,1113000,3000,1110000,1110000
1504,東元            ,1404000,291000,1113000,0,0,0,3000,0,3000,-7000,28000,35000,-7000,0,0,0,1109000
048869,光罩國票94購01  ,0,0,0,0,0,0,0,0,0,1095000,0,0,0,1098000,3000,1095000,1095000
051814,鈺齊凱基95購01  ,0,0,0,0,0,0,0,0,0,1080000,0,0,0,1151000,71000,1080000,1080000
052627,中壽中信98購01  ,0,0,0,0,0,0,0,0,0,1070000,0,0,0,1120000,50000,1070000,1070000
1513,中興電          ,2109000,1007000,1102000,0,0,0,0,0,0,-38000,0,38000,-38000,0,0,0,1064000
053945,國巨富邦98購02  ,0,0,0,0,0,0,0,0,0,1063000,0,0,0,1130000,67000,1063000,1063000
04995P,台達電凱基96售03,0,0,0,0,0,0,0,0,0,1030000,0,0,0,1052000,22000,1030000,1030000
2387,精元            ,1142000,460000,682000,0,0,0,300000,0,300000,38000,0,5000,-5000,49000,6000,43000,1020000
051277,聯發科中信9A購01,0,0,0,0,0,0,0,0,0,1004000,0,0,0,1517000,513000,1004000,1004000
2379,瑞昱            ,1757339,922244,835095,0,0,0,191000,0,191000,-36000,22000,51000,-29000,9000,16000,-7000,990095
00636,國泰中國A50     ,2000,46000,-44000,0,0,0,0,0,0,1024000,0,30000,-30000,1406000,352000,1054000,980000
2439,美律            ,850000,48000,802000,0,0,0,0,70000,-70000,242000,86000,64000,22000,224000,4000,220000,974000
04060P,臺股指群益93售14,0,0,0,0,0,0,0,0,0,967000,0,0,0,967000,0,967000,967000
2458,義隆            ,1384000,1404000,-20000,0,0,0,1005000,0,1005000,-20000,92000,6000,86000,146000,252000,-106000,965000
05002P,台積電統一95售03,0,0,0,0,0,0,0,0,0,918000,0,0,0,968000,50000,918000,918000
051494,中環兆豐95購01  ,0,0,0,0,0,0,0,0,0,913000,0,0,0,913000,0,913000,913000
052518,道瓊反元大95購02,0,0,0,0,0,0,0,0,0,900000,0,0,0,900000,0,900000,900000
048895,光罩國泰95購01  ,0,0,0,0,0,0,0,0,0,896000,0,0,0,1030000,134000,896000,896000
04446P,元油2X凱基94售03,0,0,0,0,0,0,0,0,0,892000,0,0,0,892000,0,892000,892000
046430,奇鋐國票92購02  ,0,0,0,0,0,0,0,0,0,890000,0,0,0,890000,0,890000,890000
05420P,大立光國泰97售03,0,0,0,0,0,0,0,0,0,867000,0,0,0,867000,0,867000,867000
6239,力成            ,3287570,2312621,974949,0,0,0,18000,0,18000,-132000,176000,100000,76000,18000,226000,-208000,860949
2542,興富發          ,1531640,633000,898640,0,0,0,0,0,0,-51000,4000,57000,-53000,2000,0,2000,847640
2881,富邦金          ,11720472,10651944,1068528,0,0,0,27000,143000,-116000,-106000,13000,70000,-57000,18000,67000,-49000,846528
03955P,華通統一93售04  ,0,0,0,0,0,0,0,0,0,840000,0,0,0,840000,0,840000,840000
053863,聯發科元大96購18,0,0,0,0,0,0,0,0,0,829000,0,0,0,1014000,185000,829000,829000
2392,正崴            ,847000,233000,614000,0,0,0,0,0,0,214000,148000,7000,141000,73000,0,73000,828000
050100,台積電永昌96購02,0,0,0,0,0,0,0,0,0,822000,0,0,0,980000,158000,822000,822000
051642,鈺齊台新95購01  ,0,0,0,0,0,0,0,0,0,822000,0,0,0,822000,0,822000,822000
03956P,欣興統一93售02  ,0,0,0,0,0,0,0,0,0,812000,0,0,0,812000,0,812000,812000
3049,和鑫            ,1002000,230000,772000,0,0,0,0,0,0,38000,0,16000,-16000,56000,2000,54000,810000
054449,中環第一96購01  ,0,0,0,0,0,0,0,0,0,800000,0,0,0,800000,0,800000,800000
042541,嘉晶富邦91購01  ,0,0,0,0,0,0,0,0,0,800000,0,0,0,800000,0,800000,800000
3706,神達            ,1368000,378450,989550,0,0,0,0,0,0,-204000,0,155000,-155000,13000,62000,-49000,785550
054233,聯發科群益96購04,0,0,0,0,0,0,0,0,0,781000,0,0,0,785000,4000,781000,781000
051543,鈺齊國票96購01  ,0,0,0,0,0,0,0,0,0,778000,0,0,0,793000,15000,778000,778000
054694,聯鈞永豐97購01  ,0,0,0,0,0,0,0,0,0,751000,0,0,0,772000,21000,751000,751000
047440,聯發科元大93購14,0,0,0,0,0,0,0,0,0,743000,0,0,0,768000,25000,743000,743000
6153,嘉聯益          ,973890,194000,779890,0,0,0,0,0,0,-38000,14000,14000,0,20000,58000,-38000,741890
2382,廣達            ,4006216,3296251,709965,0,0,0,9000,0,9000,11000,100000,102000,-2000,62000,49000,13000,729965
053239,崇越永豐96購01  ,0,0,0,0,0,0,0,0,0,720000,0,0,0,846000,126000,720000,720000
048125,和鑫元大96購01  ,0,0,0,0,0,0,0,0,0,712000,0,0,0,712000,0,712000,712000
1303,南亞            ,1824872,1065640,759232,0,0,0,20000,0,20000,-72000,4000,76000,-72000,14000,14000,0,707232
053757,聯發科國泰96購04,0,0,0,0,0,0,0,0,0,707000,0,0,0,810000,103000,707000,707000
08465P,玉晶光兆豐01售02,0,0,0,0,0,0,0,0,0,700000,0,0,0,700000,0,700000,700000
03892P,元油2X中信95售01,0,0,0,0,0,0,0,0,0,700000,0,0,0,700000,0,700000,700000
049686,T50反1元大94購02,0,0,0,0,0,0,0,0,0,699000,0,0,0,699000,0,699000,699000
052986,聯發科元大97購05,0,0,0,0,0,0,0,0,0,696000,0,0,0,1044000,348000,696000,696000
05688P,臺股指元大96售13,0,0,0,0,0,0,0,0,0,687000,0,0,0,745000,58000,687000,687000
2312,金寶            ,1040000,163000,877000,0,0,0,0,0,0,-194000,0,120000,-120000,82000,156000,-74000,683000
046134,致新國泰93購02  ,0,0,0,0,0,0,0,0,0,679000,0,0,0,705000,26000,679000,679000
052823,創意永豐96購02  ,0,0,0,0,0,0,0,0,0,678000,0,0,0,902000,224000,678000,678000
2338,光罩            ,586000,485000,101000,0,0,0,0,0,0,577000,42000,35000,7000,1031000,461000,570000,678000
050027,義隆元大94購03  ,0,0,0,0,0,0,0,0,0,674000,0,0,0,761000,87000,674000,674000
05114P,臺股指元富95售02,0,0,0,0,0,0,0,0,0,670000,0,0,0,735000,65000,670000,670000
047372,創意國票94購01  ,0,0,0,0,0,0,0,0,0,669000,0,0,0,1109000,440000,669000,669000
051732,華通國票97購01  ,0,0,0,0,0,0,0,0,0,667000,0,0,0,877000,210000,667000,667000
2329,華泰            ,806000,179000,627000,0,0,0,0,0,0,40000,0,15000,-15000,144000,89000,55000,667000
2383,台光電          ,1049000,157000,892000,0,0,0,16000,1000,15000,-241000,24000,296000,-272000,55000,24000,31000,666000
6257,矽格            ,946000,296000,650000,0,0,0,0,0,0,16000,117000,82000,35000,99000,118000,-19000,666000
08637P,台灣50中信96售03,0,0,0,0,0,0,0,0,0,651000,0,0,0,671000,20000,651000,651000
3518,柏騰            ,1443000,790000,653000,0,0,0,0,0,0,-7000,0,7000,-7000,0,0,0,646000
00639,富邦深100       ,0,0,0,0,0,0,0,0,0,645000,0,0,0,1406000,761000,645000,645000
05960P,欣興統一96售01  ,0,0,0,0,0,0,0,0,0,637000,0,0,0,677000,40000,637000,637000
047470,聯發科中信94購03,0,0,0,0,0,0,0,0,0,633000,0,0,0,727000,94000,633000,633000
05980P,台積電永昌96售09,0,0,0,0,0,0,0,0,0,631000,0,0,0,2566000,1935000,631000,631000
053192,創意統一96購01  ,0,0,0,0,0,0,0,0,0,626000,0,0,0,661000,35000,626000,626000
04814P,健策元大96售01  ,0,0,0,0,0,0,0,0,0,624000,0,0,0,798000,174000,624000,624000
6251,定穎            ,627000,313000,314000,0,0,0,0,0,0,301000,310000,9000,301000,0,0,0,615000
04422P,玉晶光永豐94售03,0,0,0,0,0,0,0,0,0,613000,0,0,0,749000,136000,613000,613000
048940,晶相光永豐94購01,0,0,0,0,0,0,0,0,0,611000,0,0,0,960000,349000,611000,611000
05375P,健策國票96售02  ,0,0,0,0,0,0,0,0,0,610000,0,0,0,660000,50000,610000,610000
054905,國揚康和97購01  ,0,0,0,0,0,0,0,0,0,603000,0,0,0,749000,146000,603000,603000
044971,元油2X國票92購02,0,0,0,0,0,0,0,0,0,599000,0,0,0,599000,0,599000,599000
5521,工信            ,1465000,849000,616000,0,0,0,0,0,0,-17000,0,17000,-17000,0,0,0,599000
044788,南亞科群益91購06,0,0,0,0,0,0,0,0,0,583000,0,0,0,583000,0,583000,583000
055209,勤誠康和97購01  ,0,0,0,0,0,0,0,0,0,582000,0,0,0,612000,30000,582000,582000
055031,南港富邦99購01  ,0,0,0,0,0,0,0,0,0,580000,0,0,0,710000,130000,580000,580000
051367,可成富邦97購01  ,0,0,0,0,0,0,0,0,0,579000,0,0,0,879000,300000,579000,579000
055341,台達電凱基97購02,0,0,0,0,0,0,0,0,0,576000,0,0,0,576000,0,576000,576000
050010,鈺齊永豐94購01  ,0,0,0,0,0,0,0,0,0,563000,0,0,0,620000,57000,563000,563000
6166,凌華            ,646000,77000,569000,0,0,0,0,0,0,-7000,0,9000,-9000,4000,2000,2000,562000
052000,鈺齊元大95購03  ,0,0,0,0,0,0,0,0,0,561000,0,0,0,758000,197000,561000,561000
048960,矽格康和94購01  ,0,0,0,0,0,0,0,0,0,559000,0,0,0,569000,10000,559000,559000
048278,聯發科永豐93購03,0,0,0,0,0,0,0,0,0,559000,0,0,0,591000,32000,559000,559000
054289,聯發科元大97購11,0,0,0,0,0,0,0,0,0,555000,0,0,0,1062000,507000,555000,555000
1717,長興            ,1158000,591000,567000,0,0,0,0,0,0,-13000,0,13000,-13000,0,0,0,554000
6269,台郡            ,794000,210406,583594,0,0,0,31000,0,31000,-66000,0,62000,-62000,34000,38000,-4000,548594
05515P,台積電群益96售03,0,0,0,0,0,0,0,0,0,546000,0,0,0,741000,195000,546000,546000
051143,鴻海凱基95購11  ,0,0,0,0,0,0,0,0,0,543000,0,0,0,620000,77000,543000,543000
052152,創意富邦98購01  ,0,0,0,0,0,0,0,0,0,536000,0,0,0,596000,60000,536000,536000
050633,義隆群益96購02  ,0,0,0,0,0,0,0,0,0,536000,0,0,0,589000,53000,536000,536000
3576,聯合再生        ,1243000,614000,629000,0,0,0,0,0,0,-100000,0,100000,-100000,0,0,0,529000
2838,聯邦銀          ,812000,273000,539000,0,0,0,0,0,0,-10000,0,10000,-10000,0,0,0,529000
00638R,元大滬深300反1  ,504000,0,504000,0,0,0,0,0,0,21000,0,0,0,102000,81000,21000,525000
04886P,臺股指凱基94售20,0,0,0,0,0,0,0,0,0,520000,0,0,0,830000,310000,520000,520000
3042,晶技            ,1874000,1232000,642000,0,0,0,0,30000,-30000,-94000,113000,144000,-31000,36000,99000,-63000,518000
00643,群益深証中小    ,50000,0,50000,0,0,0,0,0,0,467000,0,0,0,632000,165000,467000,517000
053568,智伸科富邦98購01,0,0,0,0,0,0,0,0,0,510000,0,0,0,721000,211000,510000,510000
051187,晶相光永豐95購01,0,0,0,0,0,0,0,0,0,506000,0,0,0,833000,327000,506000,506000
044964,旺宏中信94購01  ,0,0,0,0,0,0,0,0,0,505000,0,0,0,698000,193000,505000,505000
054700,致新永豐97購01  ,0,0,0,0,0,0,0,0,0,503000,0,0,0,503000,0,503000,503000
05551P,電子類元大96售01,0,0,0,0,0,0,0,0,0,500000,0,0,0,525000,25000,500000,500000
050172,臺指反元大98購02,0,0,0,0,0,0,0,0,0,500000,0,0,0,500000,0,500000,500000
04080P,可成元大93售11  ,0,0,0,0,0,0,0,0,0,500000,0,0,0,500000,0,500000,500000
054397,創意永豐96購05  ,0,0,0,0,0,0,0,0,0,499000,0,0,0,547000,48000,499000,499000
043856,GIS富邦92購01   ,0,0,0,0,0,0,0,0,0,499000,0,0,0,499000,0,499000,499000
045936,富邦金群益94購01,0,0,0,0,0,0,0,0,0,499000,0,0,0,509000,10000,499000,499000
055052,凱美永豐97購01  ,0,0,0,0,0,0,0,0,0,491000,0,0,0,572000,81000,491000,491000
051268,創意富邦97購01  ,0,0,0,0,0,0,0,0,0,490000,0,0,0,602000,112000,490000,490000
04768P,大立光國泰96售03,0,0,0,0,0,0,0,0,0,490000,0,0,0,490000,0,490000,490000
06153P,健策元大97售04  ,0,0,0,0,0,0,0,0,0,486000,0,0,0,929000,443000,486000,486000
8926,台汽電          ,496000,14000,482000,0,0,0,0,0,0,0,0,0,0,0,0,0,482000
051123,和鑫群益95購01  ,0,0,0,0,0,0,0,0,0,479000,0,0,0,500000,21000,479000,479000
05858P,矽力中信96售01  ,0,0,0,0,0,0,0,0,0,476000,0,0,0,966000,490000,476000,476000
053221,彩晶凱基98購01  ,0,0,0,0,0,0,0,0,0,473000,0,0,0,473000,0,473000,473000
053444,奇力新凱基96購03,0,0,0,0,0,0,0,0,0,471000,0,0,0,835000,364000,471000,471000
053251,世紀鋼國票97購02,0,0,0,0,0,0,0,0,0,467000,0,0,0,700000,233000,467000,467000
049999,義隆永豐94購01  ,0,0,0,0,0,0,0,0,0,462000,0,0,0,599000,137000,462000,462000
00664R,國泰臺灣加權反1 ,0,0,0,0,0,0,0,0,0,461000,0,0,0,552000,91000,461000,461000
03650C,T50反1元大98牛05,0,0,0,0,0,0,0,0,0,460000,0,0,0,2920000,2460000,460000,460000
054054,光磊國票97購02  ,0,0,0,0,0,0,0,0,0,459000,0,0,0,3503000,3044000,459000,459000
03242P,聯電統一02售04  ,0,0,0,0,0,0,0,0,0,459000,0,0,0,541000,82000,459000,459000
048939,華擎永豐94購01  ,0,0,0,0,0,0,0,0,0,457000,0,0,0,477000,20000,457000,457000
047511,義隆國票93購02  ,0,0,0,0,0,0,0,0,0,456000,0,0,0,581000,125000,456000,456000
03413B,臺股指凱基94熊19,0,0,0,0,0,0,0,0,0,452000,0,0,0,496000,44000,452000,452000
053474,聯發科元大97購06,0,0,0,0,0,0,0,0,0,452000,0,0,0,1643000,1191000,452000,452000
053074,嘉晶永豐96購02  ,0,0,0,0,0,0,0,0,0,449000,0,0,0,537000,88000,449000,449000
052208,力成麥證95購01  ,0,0,0,473000,30000,443000,0,0,0,443000,0,0,0,473000,30000,443000,443000
049153,大立光元大96購02,0,0,0,0,0,0,0,0,0,442000,0,0,0,918000,476000,442000,442000
5871,中租-KY         ,1872567,1413447,459120,0,0,0,4000,0,4000,-23000,0,26000,-26000,3000,0,3000,440120
055296,康舒元大97購02  ,0,0,0,0,0,0,0,0,0,440000,0,0,0,660000,220000,440000,440000
050472,和大永豐94購01  ,0,0,0,0,0,0,0,0,0,440000,0,0,0,455000,15000,440000,440000
05499P,聯詠元富95售02  ,0,0,0,0,0,0,0,0,0,439000,0,0,0,461000,22000,439000,439000
052538,和大統一95購02  ,0,0,0,0,0,0,0,0,0,436000,0,0,0,475000,39000,436000,436000
053354,康控兆豐97購02  ,0,0,0,0,0,0,0,0,0,430000,0,0,0,440000,10000,430000,430000
046639,嘉晶永豐93購01  ,0,0,0,0,0,0,0,0,0,429000,0,0,0,499000,70000,429000,429000
052163,康舒永豐95購02  ,0,0,0,0,0,0,0,0,0,428000,0,0,0,453000,25000,428000,428000
050252,聯發科國泰95購01,0,0,0,0,0,0,0,0,0,427000,0,0,0,471000,44000,427000,427000
051186,創意永豐95購01  ,0,0,0,0,0,0,0,0,0,427000,0,0,0,474000,47000,427000,427000
050393,樺漢統一94購01  ,0,0,0,0,0,0,0,0,0,424000,0,0,0,548000,124000,424000,424000
054405,樺漢康和96購01  ,0,0,0,0,0,0,0,0,0,423000,0,0,0,423000,0,423000,423000
051056,華新科群益95購03,0,0,0,0,0,0,0,0,0,421000,0,0,0,1298000,877000,421000,421000
051104,鈺齊元大96購01  ,0,0,0,0,0,0,0,0,0,420000,0,0,0,463000,43000,420000,420000
050240,聯發科凱基94購13,0,0,0,0,0,0,0,0,0,419000,0,0,0,479000,60000,419000,419000
03932P,欣興統一93售01  ,0,0,0,0,0,0,0,0,0,418000,0,0,0,418000,0,418000,418000
05218P,大立光永昌96售04,0,0,0,0,0,0,0,0,0,418000,0,0,0,603000,185000,418000,418000
046474,創意永豐92購03  ,0,0,0,0,0,0,0,0,0,416000,0,0,0,449000,33000,416000,416000
00738U,元大道瓊白銀    ,0,0,0,0,0,0,0,0,0,415000,0,0,0,532000,117000,415000,415000
05520P,聯詠凱基96售01  ,0,0,0,0,0,0,0,0,0,413000,0,0,0,434000,21000,413000,413000
045053,聯發科元富98購01,0,0,0,0,0,0,0,0,0,412000,0,0,0,505000,93000,412000,412000
047160,台郡國票94購01  ,0,0,0,0,0,0,0,0,0,412000,0,0,0,721000,309000,412000,412000
04670P,臺股指國票94售09,0,0,0,0,0,0,0,0,0,410000,0,0,0,428000,18000,410000,410000
03267P,台灣50元大02售06,0,0,0,0,0,0,0,0,0,409000,0,0,0,569000,160000,409000,409000
047644,揚明光元大94購02,0,0,0,0,0,0,0,0,0,409000,0,0,0,409000,0,409000,409000
054015,晶豪科永豐96購03,0,0,0,0,0,0,0,0,0,407000,0,0,0,407000,0,407000,407000
054663,同欣電元大97購03,0,0,0,0,0,0,0,0,0,407000,0,0,0,427000,20000,407000,407000
049224,致新國票95購01  ,0,0,0,0,0,0,0,0,0,407000,0,0,0,407000,0,407000,407000
3665,貿聯-KY         ,900000,403062,496938,0,0,0,48000,60000,-12000,-80000,23000,65000,-42000,5000,43000,-38000,404938
054120,奇力新永豐96購01,0,0,0,0,0,0,0,0,0,403000,0,0,0,630000,227000,403000,403000
05203P,華新科元大95售10,0,0,0,0,0,0,0,0,0,401000,0,0,0,421000,20000,401000,401000
2347,聯強            ,1973581,1619000,354581,0,0,0,0,0,0,46000,30000,10000,20000,48000,22000,26000,400581
045665,聯電元富92購01  ,0,0,0,0,0,0,0,0,0,400000,0,0,0,400000,0,400000,400000
050105,力山元大95購02  ,0,0,0,0,0,0,0,0,0,400000,0,0,0,400000,0,400000,400000
053861,台光電元大98購01,0,0,0,0,0,0,0,0,0,399000,0,0,0,400000,1000,399000,399000
03102P,臺股指凱基03售08,0,0,0,0,0,0,0,0,0,398000,0,0,0,458000,60000,398000,398000
053255,貿聯國泰97購01  ,0,0,0,0,0,0,0,0,0,398000,0,0,0,433000,35000,398000,398000
2537,聯上發          ,446000,53000,393000,0,0,0,0,0,0,5000,17000,12000,5000,0,0,0,398000
050142,聯發科元富9A購01,0,0,0,0,0,0,0,0,0,396000,0,0,0,644000,248000,396000,396000
048943,智伸科永豐94購01,0,0,0,0,0,0,0,0,0,396000,0,0,0,399000,3000,396000,396000
048052,力成中信93購01  ,0,0,0,0,0,0,0,0,0,396000,0,0,0,472000,76000,396000,396000
053180,同欣電統一96購01,0,0,0,0,0,0,0,0,0,396000,0,0,0,435000,39000,396000,396000
054899,南港康和97購01  ,0,0,0,0,0,0,0,0,0,395000,0,0,0,395000,0,395000,395000
046712,勤誠永豐93購01  ,0,0,0,0,0,0,0,0,0,395000,0,0,0,570000,175000,395000,395000
053788,泰鼎元大97購01  ,0,0,0,0,0,0,0,0,0,394000,0,0,0,1026000,632000,394000,394000
5534,長虹            ,443000,39000,404000,0,0,0,0,0,0,-11000,9000,20000,-11000,0,0,0,393000
054477,聯發科中信9C購02,0,0,0,0,0,0,0,0,0,392000,0,0,0,446000,54000,392000,392000
044296,嘉聯益凱基93購01,0,0,0,0,0,0,0,0,0,392000,0,0,0,402000,10000,392000,392000
2409,友達            ,11187112,8844000,2343112,0,0,0,15000,0,15000,-1967000,50000,1910000,-1860000,126000,233000,-107000,391112
047370,聯發科國票93購03,0,0,0,0,0,0,0,0,0,391000,0,0,0,785000,394000,391000,391000
046293,聯發科統一94購01,0,0,0,0,0,0,0,0,0,390000,0,0,0,777000,387000,390000,390000
2520,冠德            ,537000,128005,408995,0,0,0,0,60000,-60000,41000,0,7000,-7000,64000,16000,48000,389995
052253,康控永豐95購04  ,0,0,0,0,0,0,0,0,0,389000,0,0,0,389000,0,389000,389000
05862P,大立光國泰98售01,0,0,0,0,0,0,0,0,0,387000,0,0,0,650000,263000,387000,387000
052428,嘉晶永豐95購01  ,0,0,0,0,0,0,0,0,0,387000,0,0,0,436000,49000,387000,387000
052797,樺漢兆豐96購01  ,0,0,0,0,0,0,0,0,0,387000,0,0,0,430000,43000,387000,387000
4906,正文            ,518000,378000,140000,0,0,0,0,0,0,245000,0,48000,-48000,303000,10000,293000,385000
055260,晶相光統一98購01,0,0,0,0,0,0,0,0,0,384000,0,0,0,998000,614000,384000,384000
3090,日電貿          ,354000,23000,331000,0,0,0,0,0,0,52000,0,3000,-3000,55000,0,55000,383000
3533,嘉澤            ,470000,534000,-64000,0,0,0,351000,77000,274000,173000,170000,56000,114000,78000,19000,59000,383000
054046,義隆元大96購02  ,0,0,0,0,0,0,0,0,0,382000,0,0,0,748000,366000,382000,382000
051884,樺漢永豐95購01  ,0,0,0,0,0,0,0,0,0,378000,0,0,0,378000,0,378000,378000
046793,聯發科元富99購01,0,0,0,0,0,0,0,0,0,374000,0,0,0,686000,312000,374000,374000
044464,滬深2X群益95購01,0,0,0,0,0,0,0,0,0,374000,0,0,0,795000,421000,374000,374000
1536,和大            ,463000,63000,400000,0,0,0,0,0,0,-26000,3000,15000,-12000,1000,15000,-14000,374000
2633,台灣高鐵        ,1127448,626774,500674,0,0,0,7000,0,7000,-135000,16000,65000,-49000,6000,92000,-86000,372674
05302P,華通國泰96售01  ,0,0,0,0,0,0,0,0,0,372000,0,0,0,382000,10000,372000,372000
2498,宏達電          ,709888,250000,459888,0,0,0,0,0,0,-89000,28000,3000,25000,1000,115000,-114000,370888
03364P,金像電元大02售05,0,0,0,0,0,0,0,0,0,367000,0,0,0,367000,0,367000,367000
053256,上銀富邦98購01  ,0,0,0,0,0,0,0,0,0,366000,0,0,0,725000,359000,366000,366000
052076,可成元富98購01  ,0,0,0,0,0,0,0,0,0,366000,0,0,0,386000,20000,366000,366000
00693U,街口S&P黃豆     ,0,0,0,0,0,0,0,0,0,364000,0,0,0,433000,69000,364000,364000
5434,崇越            ,477000,184000,293000,0,0,0,0,0,0,70000,3000,66000,-63000,143000,10000,133000,363000
053332,創意永豐96購03  ,0,0,0,0,0,0,0,0,0,362000,0,0,0,515000,153000,362000,362000
046486,樺漢國泰94購01  ,0,50000,-50000,0,0,0,0,0,0,411000,0,0,0,507000,96000,411000,361000
2888,新光金          ,2641114,2204050,437064,0,0,0,36000,0,36000,-115000,82000,31000,51000,167000,333000,-166000,358064
053015,緯創統一96購01  ,0,0,0,0,0,0,0,0,0,358000,0,0,0,368000,10000,358000,358000
05630P,大立光永昌96售06,0,0,0,0,0,0,0,0,0,356000,0,0,0,375000,19000,356000,356000
044929,康控國泰93購01  ,0,0,0,0,0,0,0,0,0,355000,0,0,0,355000,0,355000,355000
052349,鴻海統一95購15  ,0,0,0,0,0,0,0,0,0,355000,0,0,0,365000,10000,355000,355000
04410P,大立光統一94售05,0,0,0,0,0,0,0,0,0,354000,0,0,0,421000,67000,354000,354000
05654P,台光電統一96售01,0,0,0,0,0,0,0,0,0,353000,0,0,0,353000,0,353000,353000
051741,可成國票97購01  ,0,0,0,0,0,0,0,0,0,352000,0,0,0,417000,65000,352000,352000
4977,眾達-KY         ,454000,199000,255000,0,0,0,38000,0,38000,59000,62000,9000,53000,6000,0,6000,352000
053882,聯發科中信98購02,0,0,0,0,0,0,0,0,0,351000,0,0,0,351000,0,351000,351000
049436,義隆國泰96購02  ,0,0,0,0,0,0,0,0,0,351000,0,0,0,503000,152000,351000,351000
03777P,華通中信95售01  ,0,0,0,0,0,0,0,0,0,350000,0,0,0,350000,0,350000,350000
046349,康控兆豐93購02  ,0,0,0,0,0,0,0,0,0,350000,0,0,0,350000,0,350000,350000
050533,致新元大94購03  ,0,0,0,0,0,0,0,0,0,349000,0,0,0,482000,133000,349000,349000
2352,佳世達          ,62000,210000,-148000,0,0,0,526000,0,526000,-29000,0,24000,-24000,0,5000,-5000,349000
053111,緯創兆豐97購01  ,0,0,0,0,0,0,0,0,0,348000,0,0,0,349000,1000,348000,348000
053341,聯發科國票97購03,0,0,0,0,0,0,0,0,0,345000,0,0,0,385000,40000,345000,345000
1315,達新            ,398000,50000,348000,0,0,0,0,0,0,-4000,0,4000,-4000,0,0,0,344000
050876,復盛永豐95購01  ,0,0,0,0,0,0,0,0,0,343000,0,0,0,343000,0,343000,343000
2634,漢翔            ,720000,321000,399000,0,0,0,1000,0,1000,-57000,0,57000,-57000,0,0,0,343000
053947,義隆富邦97購01  ,0,0,0,0,0,0,0,0,0,341000,0,0,0,463000,122000,341000,341000
054771,茂林國票98購02  ,0,0,0,0,0,0,0,0,0,341000,0,0,0,564000,223000,341000,341000
05181P,健策凱基95售01  ,0,0,0,0,0,0,0,0,0,340000,0,0,0,460000,120000,340000,340000
052228,聯發科凱基96購06,0,0,0,0,0,0,0,0,0,340000,0,0,0,356000,16000,340000,340000
06123P,玉晶光元大97售04,0,0,0,0,0,0,0,0,0,339000,0,0,0,396000,57000,339000,339000
3003,健和興          ,265000,51000,214000,0,0,0,130000,0,130000,-5000,0,5000,-5000,2000,2000,0,339000
3437,榮創            ,399000,54000,345000,0,0,0,0,0,0,-7000,0,7000,-7000,0,0,0,338000
3035,智原            ,242000,161000,81000,0,0,0,200000,0,200000,57000,20000,1000,19000,77000,39000,38000,338000
052356,聯詠永豐95購03  ,0,0,0,0,0,0,0,0,0,336000,0,0,0,412000,76000,336000,336000
2002,中鋼            ,2301081,2141102,159979,0,0,0,43000,0,43000,133000,128000,26000,102000,31000,0,31000,335979
054543,元金2X中信01購01,0,0,0,0,0,0,0,0,0,335000,0,0,0,350000,15000,335000,335000
03025P,國巨元大01售12  ,0,0,0,0,0,0,0,0,0,334000,0,0,0,345000,11000,334000,334000
049046,同欣電兆豐94購01,0,0,0,0,0,0,0,0,0,333000,0,0,0,423000,90000,333000,333000
049301,致新群益95購01  ,0,0,0,0,0,0,0,0,0,330000,0,0,0,492000,162000,330000,330000
3563,牧德            ,286000,184000,102000,0,0,0,25000,0,25000,203000,74000,0,74000,139000,10000,129000,330000
053496,義隆兆豐96購02  ,0,0,0,0,0,0,0,0,0,329000,0,0,0,340000,11000,329000,329000
050730,復盛國票94購01  ,0,0,0,0,0,0,0,0,0,327000,0,0,0,438000,111000,327000,327000
049597,泰鼎元大96購01  ,0,0,0,0,0,0,0,0,0,326000,0,0,0,579000,253000,326000,326000
052351,中環元富95購01  ,0,0,0,0,0,0,0,0,0,326000,0,0,0,326000,0,326000,326000
052765,新日興群益97購01,0,0,0,0,0,0,0,0,0,326000,0,0,0,686000,360000,326000,326000
055386,致新元大97購02  ,0,0,0,0,0,0,0,0,0,325000,0,0,0,385000,60000,325000,325000
050168,緯創富邦95購01  ,0,0,0,0,0,0,0,0,0,325000,0,0,0,325000,0,325000,325000
050415,力成永豐94購01  ,0,0,0,0,0,0,0,0,0,325000,0,0,0,351000,26000,325000,325000
04594P,緯穎元大94售04  ,0,0,0,0,0,0,0,0,0,323000,0,0,0,323000,0,323000,323000
03840P,台積電統一99售02,0,0,0,0,0,0,0,0,0,323000,0,0,0,473000,150000,323000,323000
052514,嘉澤凱基96購01  ,0,0,0,0,0,0,0,0,0,323000,0,0,0,456000,133000,323000,323000
00635U,元大S&P黃金     ,123000,0,123000,0,0,0,0,0,0,197000,0,0,0,283000,86000,197000,320000
04338P,亞光元大93售04  ,0,0,0,0,0,0,0,0,0,320000,0,0,0,320000,0,320000,320000
05099P,台積電凱基95售06,0,0,0,0,0,0,0,0,0,320000,0,0,0,320000,0,320000,320000
052941,康控兆豐97購01  ,0,0,0,0,0,0,0,0,0,320000,0,0,0,330000,10000,320000,320000
04259P,滬深2X群益93售03,0,0,0,0,0,0,0,0,0,318000,0,0,0,618000,300000,318000,318000
044970,大毅永豐92購01  ,0,0,0,0,0,0,0,0,0,318000,0,0,0,338000,20000,318000,318000
5269,祥碩            ,437000,274951,162049,0,0,0,386000,236000,150000,5000,14000,30000,-16000,24000,3000,21000,317049
5876,上海商銀        ,1038804,728000,310804,0,0,0,5000,0,5000,1000,45000,12000,33000,20000,52000,-32000,316804
054132,聯發科元大97購10,0,0,0,0,0,0,0,0,0,316000,0,0,0,690000,374000,316000,316000
054261,智伸科元大96購03,0,0,0,0,0,0,0,0,0,316000,0,0,0,389000,73000,316000,316000
051192,緯創兆豐96購01  ,0,0,0,0,0,0,0,0,0,316000,0,0,0,355000,39000,316000,316000
04243P,大立光永昌93售08,0,0,0,0,0,0,0,0,0,315000,0,0,0,351000,36000,315000,315000
053426,創意永豐96購04  ,0,0,0,0,0,0,0,0,0,315000,0,0,0,482000,167000,315000,315000
050602,訊芯國泰96購01  ,0,0,0,0,0,0,0,0,0,315000,0,0,0,315000,0,315000,315000
048576,義隆國泰95購01  ,0,0,0,0,0,0,0,0,0,314000,0,0,0,677000,363000,314000,314000
053454,創意統一96購02  ,0,0,0,0,0,0,0,0,0,314000,0,0,0,364000,50000,314000,314000
043731,泰鼎國泰92購01  ,0,0,0,0,0,0,0,0,0,313000,0,0,0,313000,0,313000,313000
046204,致新凱基93購01  ,0,0,0,0,0,0,0,0,0,313000,0,0,0,333000,20000,313000,313000
053600,同欣電元大96購04,0,0,0,0,0,0,0,0,0,313000,0,0,0,345000,32000,313000,313000
052719,致新凱基96購01  ,0,0,0,0,0,0,0,0,0,313000,0,0,0,486000,173000,313000,313000
053404,致新群益96購01  ,0,0,0,0,0,0,0,0,0,312000,0,0,0,382000,70000,312000,312000
054932,台肥元大97購01  ,0,0,0,0,0,0,0,0,0,310000,0,0,0,310000,0,310000,310000
04542P,致伸永豐94售01  ,0,0,0,0,0,0,0,0,0,310000,0,0,0,310000,0,310000,310000
045785,揚明光元大93購04,0,0,0,0,0,0,0,0,0,310000,0,0,0,450000,140000,310000,310000
047173,群創永豐93購01  ,0,0,0,0,0,0,0,0,0,310000,0,0,0,315000,5000,310000,310000
053569,漢唐統一98購01  ,0,0,0,0,0,0,0,0,0,308000,0,0,0,316000,8000,308000,308000
03579P,玉晶光台新02售02,0,0,0,0,0,0,0,0,0,307000,0,0,0,307000,0,307000,307000
052942,聯發科中信97購04,0,0,0,0,0,0,0,0,0,307000,0,0,0,411000,104000,307000,307000
053662,矽力凱基97購01  ,0,0,0,0,0,0,0,0,0,306000,0,0,0,326000,20000,306000,306000
050540,台積電凱基94購38,0,0,0,0,0,0,0,0,0,306000,0,0,0,306000,0,306000,306000
05228P,大立光元富95售09,0,0,0,0,0,0,0,0,0,306000,0,0,0,306000,0,306000,306000
054021,義隆台新96購01  ,0,0,0,0,0,0,0,0,0,305000,0,0,0,340000,35000,305000,305000
049220,聯發科國票95購02,0,0,0,0,0,0,0,0,0,305000,0,0,0,655000,350000,305000,305000
1605,華新            ,1370000,1728000,-358000,0,0,0,5000,0,5000,658000,456000,34000,422000,236000,0,236000,305000
9933,中鼎            ,664000,380000,284000,0,0,0,0,0,0,20000,20000,0,20000,0,0,0,304000
054037,T50反1元大96購09,0,0,0,0,0,0,0,0,0,303000,0,0,0,303000,0,303000,303000
04219P,鴻海兆豐93售02  ,0,0,0,0,0,0,0,0,0,303000,0,0,0,400000,97000,303000,303000
049411,大成鋼凱基94購01,0,0,0,0,0,0,0,0,0,301000,0,0,0,406000,105000,301000,301000
05483P,國巨凱基95售07  ,0,0,0,0,0,0,0,0,0,300000,0,0,0,600000,300000,300000,300000
040269,上証2X中信92購01,0,0,0,0,0,0,0,0,0,300000,0,0,0,300000,0,300000,300000
045040,嘉晶日盛92購01  ,0,0,0,0,0,0,0,0,0,300000,0,0,0,300000,0,300000,300000
053364,友達國泰98購01  ,0,0,0,0,0,0,0,0,0,300000,0,0,0,300000,0,300000,300000
05826P,臺股指凱基96售23,0,0,0,0,0,0,0,0,0,299000,0,0,0,907000,608000,299000,299000
05673P,台積電群益96售05,0,0,0,0,0,0,0,0,0,298000,0,0,0,698000,400000,298000,298000
04638P,臺股指群益94售13,0,0,0,0,0,0,0,0,0,298000,0,0,0,300000,2000,298000,298000
054836,勤誠中信97購01  ,0,0,0,0,0,0,0,0,0,296000,0,0,0,419000,123000,296000,296000
044717,旺宏統一94購01  ,0,0,0,0,0,0,0,0,0,296000,0,0,0,556000,260000,296000,296000
03417P,瑞昱群益04售01  ,0,0,0,0,0,0,0,0,0,296000,0,0,0,298000,2000,296000,296000
049025,華擎群益94購01  ,0,0,0,0,0,0,0,0,0,296000,0,0,0,372000,76000,296000,296000
9939,宏全            ,398000,103000,295000,0,0,0,0,0,0,1000,7000,0,7000,0,6000,-6000,296000
03418B,臺股指元大95熊20,0,0,0,0,0,0,0,0,0,295000,0,0,0,357000,62000,295000,295000
2362,藍天            ,333000,32000,301000,0,0,0,0,0,0,-8000,0,8000,-8000,0,0,0,293000
5880,合庫金          ,1390604,1273131,117473,0,0,0,34000,0,34000,141000,121000,1000,120000,23000,2000,21000,292473
051300,台光電凱基96購02,0,0,0,0,0,0,0,0,0,292000,0,0,0,354000,62000,292000,292000
2855,統一證          ,445000,153000,292000,0,0,0,0,0,0,0,0,0,0,0,0,0,292000
05713P,大立光統一96售05,0,0,0,0,0,0,0,0,0,291000,0,0,0,330000,39000,291000,291000
047330,康舒元大93購01  ,0,0,0,0,0,0,0,0,0,291000,0,0,0,292000,1000,291000,291000
3413,京鼎            ,184000,25000,159000,0,0,0,0,0,0,132000,40000,22000,18000,147000,33000,114000,291000
00737,國泰AI+Robo     ,0,0,0,0,0,0,0,0,0,290000,0,0,0,367000,77000,290000,290000
050909,華夏中信95購01  ,0,0,0,0,0,0,0,0,0,290000,0,0,0,300000,10000,290000,290000
04979P,臺股指凱基96售07,0,0,0,0,0,0,0,0,0,290000,0,0,0,290000,0,290000,290000
055047,南港永豐97購01  ,0,0,0,0,0,0,0,0,0,289000,0,0,0,555000,266000,289000,289000
006207,FH滬深          ,0,0,0,0,0,0,0,0,0,289000,0,0,0,429000,140000,289000,289000
044605,超眾國泰93購02  ,0,0,0,0,0,0,0,0,0,288000,0,0,0,584000,296000,288000,288000
052008,創意第一95購01  ,0,0,0,0,0,0,0,0,0,288000,0,0,0,298000,10000,288000,288000
051033,台積電兆豐95購03,0,0,0,0,0,0,0,0,0,286000,0,0,0,600000,314000,286000,286000
046829,義隆群益93購01  ,0,0,0,0,0,0,0,0,0,285000,0,0,0,326000,41000,285000,285000
045179,義隆永豐92購02  ,0,0,0,0,0,0,0,0,0,285000,0,0,0,285000,0,285000,285000
051071,聯發科國票96購01,0,0,0,0,0,0,0,0,0,285000,0,0,0,290000,5000,285000,285000
047624,台達電國票93購01,0,0,0,0,0,0,0,0,0,285000,0,0,0,335000,50000,285000,285000
051570,和碩富邦97購01  ,0,0,0,0,0,0,0,0,0,285000,0,0,0,295000,10000,285000,285000
046462,康控凱基92購01  ,0,0,0,0,0,0,0,0,0,284000,0,0,0,284000,0,284000,284000
048962,宏全康和94購01  ,0,0,0,0,0,0,0,0,0,284000,0,0,0,284000,0,284000,284000
6451,訊芯-KY         ,468000,183000,285000,0,0,0,5000,0,5000,-6000,1000,2000,-1000,14000,19000,-5000,284000
051569,緯創富邦95購02  ,0,0,0,0,0,0,0,0,0,283000,0,0,0,323000,40000,283000,283000
3005,神基            ,544000,556000,-12000,0,0,0,0,0,0,295000,180000,0,180000,125000,10000,115000,283000
047880,聯發科國泰94購03,0,0,0,0,0,0,0,0,0,282000,0,0,0,419000,137000,282000,282000
050797,聯發科中信99購01,0,0,0,0,0,0,0,0,0,282000,0,0,0,392000,110000,282000,282000
054582,致新元大97購01  ,0,0,0,0,0,0,0,0,0,281000,0,0,0,335000,54000,281000,281000
051127,同欣電群益95購01,0,0,0,0,0,0,0,0,0,281000,0,0,0,507000,226000,281000,281000
051654,致新永豐95購01  ,0,0,0,0,0,0,0,0,0,281000,0,0,0,346000,65000,281000,281000
05677P,玉晶光群益98售03,0,0,0,0,0,0,0,0,0,280000,0,0,0,280000,0,280000,280000
04214P,美利達凱基93售04,0,0,0,0,0,0,0,0,0,280000,0,0,0,280000,0,280000,280000
047165,東陽康和93購01  ,0,0,0,0,0,0,0,0,0,280000,0,0,0,300000,20000,280000,280000
046790,康友永豐93購01  ,0,0,0,0,0,0,0,0,0,279000,0,0,0,345000,66000,279000,279000
050860,喬山永豐95購01  ,0,0,0,0,0,0,0,0,0,279000,0,0,0,279000,0,279000,279000
052041,鴻海日盛95購02  ,0,0,0,0,0,0,0,0,0,279000,0,0,0,442000,163000,279000,279000
053519,力成群益96購02  ,0,0,0,0,0,0,0,0,0,279000,0,0,0,290000,11000,279000,279000
04265P,滬深2X元富93售04,0,0,0,0,0,0,0,0,0,278000,0,0,0,293000,15000,278000,278000
054531,聯發科國泰97購02,0,0,0,0,0,0,0,0,0,277000,0,0,0,280000,3000,277000,277000
047072,義隆兆豐94購01  ,0,0,0,0,0,0,0,0,0,277000,0,0,0,280000,3000,277000,277000
050525,嘉晶元大95購02  ,0,0,0,0,0,0,0,0,0,276000,0,0,0,277000,1000,276000,276000
054802,高股息元大97購01,0,0,0,0,0,0,0,0,0,275000,0,0,0,299000,24000,275000,275000
042909,順德元大94購01  ,0,0,0,0,0,0,0,0,0,275000,0,0,0,476000,201000,275000,275000
051983,道瓊反元大95購01,0,0,0,0,0,0,0,0,0,275000,0,0,0,275000,0,275000,275000
052271,力成日盛95購02  ,0,0,0,0,0,0,0,0,0,275000,0,0,0,290000,15000,275000,275000
055128,致新兆豐97購01  ,0,0,0,0,0,0,0,0,0,274000,0,0,0,335000,61000,274000,274000
047582,滬深2X永豐95購02,5000,0,5000,0,0,0,0,0,0,268000,0,0,0,300000,32000,268000,273000
4967,十銓            ,384000,95000,289000,0,0,0,0,0,0,-16000,0,16000,-16000,0,0,0,273000
046465,GIS凱基95購01   ,0,0,0,0,0,0,0,0,0,272000,0,0,0,272000,0,272000,272000
051315,同欣電麥證95購01,0,0,0,273000,0,273000,0,0,0,271000,0,0,0,273000,2000,271000,271000
044715,康友中信91購01  ,0,0,0,0,0,0,0,0,0,270000,0,0,0,270000,0,270000,270000
045765,康控統一92購01  ,0,0,0,0,0,0,0,0,0,270000,0,0,0,270000,0,270000,270000
046162,致新群益92購01  ,0,0,0,0,0,0,0,0,0,270000,0,0,0,293000,23000,270000,270000
04288P,台積電中信95售06,0,0,0,0,0,0,0,0,0,270000,0,0,0,270000,0,270000,270000
03638C,T50反1元大94牛03,0,0,0,0,0,0,0,0,0,270000,0,0,0,270000,0,270000,270000
03199P,台積電統一01售16,0,0,0,0,0,0,0,0,0,270000,0,0,0,300000,30000,270000,270000
04086P,臺股指元富93售04,0,0,0,0,0,0,0,0,0,270000,0,0,0,270000,0,270000,270000
05953P,台積電國票98售02,0,0,0,0,0,0,0,0,0,269000,0,0,0,269000,0,269000,269000
06155P,智邦統一97售02  ,0,0,0,0,0,0,0,0,0,269000,0,0,0,304000,35000,269000,269000
048066,樺漢統一93購01  ,0,0,0,0,0,0,0,0,0,269000,0,0,0,351000,82000,269000,269000
053679,緯創富邦96購01  ,0,0,0,0,0,0,0,0,0,269000,0,0,0,339000,70000,269000,269000
050742,新日興永豐94購01,0,0,0,0,0,0,0,0,0,268000,0,0,0,625000,357000,268000,268000
1582,信錦            ,293000,22000,271000,0,0,0,0,0,0,-3000,0,2000,-2000,0,1000,-1000,268000
055456,上銀富邦99購01  ,0,0,0,0,0,0,0,0,0,266000,0,0,0,328000,62000,266000,266000
2405,浩鑫            ,300000,34000,266000,0,0,0,0,0,0,0,0,0,0,0,0,0,266000
046838,勤誠群益93購01  ,0,0,0,0,0,0,0,0,0,265000,0,0,0,265000,0,265000,265000
04207P,臺股指元大93售47,0,0,0,0,0,0,0,0,0,264000,0,0,0,316000,52000,264000,264000
8271,宇瞻            ,389000,124500,264500,0,0,0,0,0,0,-1000,0,1000,-1000,0,0,0,263500
054076,義隆第一96購01  ,0,0,0,0,0,0,0,0,0,263000,0,0,0,312000,49000,263000,263000
047123,中石化中信95購01,0,0,0,0,0,0,0,0,0,263000,0,0,0,263000,0,263000,263000
051136,可成永豐95購02  ,0,0,0,0,0,0,0,0,0,263000,0,0,0,278000,15000,263000,263000
05841P,華通元大96售04  ,0,0,0,0,0,0,0,0,0,262000,0,0,0,423000,161000,262000,262000
049369,義隆元大95購01  ,0,0,0,0,0,0,0,0,0,262000,0,0,0,322000,60000,262000,262000
053430,樺漢永豐96購01  ,0,0,0,0,0,0,0,0,0,262000,0,0,0,274000,12000,262000,262000
06194P,台積電元富97售05,0,0,0,0,0,0,0,0,0,260000,0,0,0,483000,223000,260000,260000
052972,義隆群益96購04  ,0,0,0,0,0,0,0,0,0,260000,0,0,0,434000,174000,260000,260000
051844,宏達電富邦96購01,0,0,0,0,0,0,0,0,0,260000,0,0,0,280000,20000,260000,260000
06152P,玉晶光元大98售06,0,0,0,0,0,0,0,0,0,259000,0,0,0,370000,111000,259000,259000
052919,鈺齊富邦98購01  ,0,0,0,0,0,0,0,0,0,259000,0,0,0,270000,11000,259000,259000
055200,和大群益98購01  ,0,0,0,0,0,0,0,0,0,258000,0,0,0,360000,102000,258000,258000
055120,南港兆豐97購01  ,0,0,0,0,0,0,0,0,0,258000,0,0,0,395000,137000,258000,258000
04919P,聯詠凱基94售05  ,0,0,0,0,0,0,0,0,0,258000,0,0,0,293000,35000,258000,258000
049779,創意統一95購01  ,0,0,0,0,0,0,0,0,0,258000,0,0,0,258000,0,258000,258000
053309,泰鼎凱基96購03  ,0,0,0,0,0,0,0,0,0,258000,0,0,0,341000,83000,258000,258000
05227P,大立光統一95售04,0,0,0,0,0,0,0,0,0,257000,0,0,0,257000,0,257000,257000
053352,義隆兆豐96購01  ,0,0,0,0,0,0,0,0,0,256000,0,0,0,262000,6000,256000,256000
5469,瀚宇博          ,602000,282000,320000,0,0,0,0,0,0,-64000,0,7000,-7000,48000,105000,-57000,256000
05044P,亞德客永豐95售01,0,0,0,0,0,0,0,0,0,255000,0,0,0,255000,0,255000,255000
044997,信邦國泰93購01  ,0,0,0,0,0,0,0,0,0,254000,0,0,0,254000,0,254000,254000
051498,智易群益96購01  ,0,0,0,0,0,0,0,0,0,254000,0,0,0,264000,10000,254000,254000
052023,鈺齊永豐95購02  ,0,0,0,0,0,0,0,0,0,253000,0,0,0,263000,10000,253000,253000
055582,亞德客元大97購01,0,0,0,0,0,0,0,0,0,252000,0,0,0,358000,106000,252000,252000
04550P,超眾元大94售01  ,0,0,0,0,0,0,0,0,0,252000,0,0,0,252000,0,252000,252000
5522,遠雄            ,555000,318000,237000,0,0,0,0,0,0,15000,78000,63000,15000,0,0,0,252000
00676R,富邦臺灣加權反1 ,0,0,0,0,0,0,0,0,0,251000,0,0,0,297000,46000,251000,251000
044716,上銀麥證93購01  ,0,0,0,261000,10000,251000,0,0,0,251000,0,0,0,261000,10000,251000,251000
051777,聯發科群益95購04,0,0,0,0,0,0,0,0,0,251000,0,0,0,345000,94000,251000,251000
050013,淘帝國泰95購01  ,0,0,0,0,0,0,0,0,0,250000,0,0,0,250000,0,250000,250000
044777,超眾元大93購01  ,0,0,0,0,0,0,0,0,0,250000,0,0,0,250000,0,250000,250000
006206,元大上證50      ,1000,15000,-14000,0,0,0,0,0,0,264000,0,0,0,284000,20000,264000,250000
049871,T50反1台新9A購02,0,0,0,0,0,0,0,0,0,250000,0,0,0,250000,0,250000,250000
047454,滬深2X群益96購03,0,0,0,0,0,0,0,0,0,250000,0,0,0,300000,50000,250000,250000
049159,同欣電中信96購01,0,0,0,0,0,0,0,0,0,250000,0,0,0,472000,222000,250000,250000
050499,台達電凱基94購11,0,0,0,0,0,0,0,0,0,250000,0,0,0,446000,196000,250000,250000
05254P,瑞昱凱基95售04  ,0,0,0,0,0,0,0,0,0,250000,0,0,0,250000,0,250000,250000
05319P,上銀凱基95售02  ,0,0,0,0,0,0,0,0,0,249000,0,0,0,300000,51000,249000,249000
051318,上銀國票96購01  ,0,0,0,0,0,0,0,0,0,249000,0,0,0,282000,33000,249000,249000
1227,佳格            ,347810,211000,136810,0,0,0,17000,0,17000,95000,105000,10000,95000,0,0,0,248810
051451,世芯元大95購03  ,0,0,0,0,0,0,0,0,0,247000,0,0,0,309000,62000,247000,247000
2324,仁寶            ,1748061,1568000,180061,0,0,0,7000,0,7000,59000,0,28000,-28000,95000,8000,87000,246061
05966P,矽力凱基96售03  ,0,0,0,0,0,0,0,0,0,246000,0,0,0,346000,100000,246000,246000
055292,聯鈞元大97購02  ,0,0,0,0,0,0,0,0,0,246000,0,0,0,246000,0,246000,246000
054935,華通元大98購03  ,0,0,0,0,0,0,0,0,0,245000,0,0,0,247000,2000,245000,245000
055631,創意永豐98購01  ,0,0,0,0,0,0,0,0,0,244000,0,0,0,438000,194000,244000,244000
052161,義隆永豐95購03  ,0,0,0,0,0,0,0,0,0,244000,0,0,0,310000,66000,244000,244000
053527,創意中信97購01  ,0,0,0,0,0,0,0,0,0,244000,0,0,0,308000,64000,244000,244000
05949P,台積電國票96售09,0,0,0,0,0,0,0,0,0,242000,0,0,0,242000,0,242000,242000
2357,華碩            ,1022541,790894,231647,0,0,0,1000,0,1000,9000,0,7000,-7000,17000,1000,16000,241647
06156P,大立光統一97售05,0,0,0,0,0,0,0,0,0,241000,0,0,0,241000,0,241000,241000
055590,聯發科元大98購02,0,0,0,0,0,0,0,0,0,241000,0,0,0,316000,75000,241000,241000
044825,旺宏永豐91購05  ,0,0,0,0,0,0,0,0,0,241000,0,0,0,241000,0,241000,241000
048195,聯發科元大93購23,0,0,0,0,0,0,0,0,0,241000,0,0,0,275000,34000,241000,241000
053028,康控富邦98購01  ,0,0,0,0,0,0,0,0,0,241000,0,0,0,241000,0,241000,241000
05686P,臺股指元大96售11,0,0,0,0,0,0,0,0,0,240000,0,0,0,250000,10000,240000,240000
054070,創意國泰96購02  ,0,0,0,0,0,0,0,0,0,240000,0,0,0,474000,234000,240000,240000
048587,康控中信93購01  ,0,0,0,0,0,0,0,0,0,240000,0,0,0,245000,5000,240000,240000
048666,康控統一93購01  ,0,0,0,0,0,0,0,0,0,240000,0,0,0,240000,0,240000,240000
04967P,台表科永豐94售04,0,0,0,0,0,0,0,0,0,240000,0,0,0,240000,0,240000,240000
053048,同欣電麥證96購01,0,0,0,263000,20000,243000,0,0,0,240000,0,0,0,263000,23000,240000,240000
053943,元油反富邦97購03,0,0,0,0,0,0,0,0,0,239000,0,0,0,239000,0,239000,239000
051455,樺漢元大96購01  ,0,0,0,0,0,0,0,0,0,239000,0,0,0,392000,153000,239000,239000
049438,嘉晶國泰96購01  ,0,0,0,0,0,0,0,0,0,236000,0,0,0,253000,17000,236000,236000
2377,微星            ,1987937,2015000,-27063,0,0,0,136000,26000,110000,153000,193000,85000,108000,99000,54000,45000,235937
054479,緯創中信98購01  ,0,0,0,0,0,0,0,0,0,235000,0,0,0,235000,0,235000,235000
05458P,台積電凱基97售02,0,0,0,0,0,0,0,0,0,235000,0,0,0,235000,0,235000,235000
044255,群創元大93購01  ,0,0,0,0,0,0,0,0,0,235000,0,0,0,285000,50000,235000,235000
051888,國巨元富95購05  ,0,0,0,0,0,0,0,0,0,235000,0,0,0,333000,98000,235000,235000
05263P,台積電元大96售09,0,0,0,0,0,0,0,0,0,235000,0,0,0,235000,0,235000,235000
053422,可成永豐96購01  ,0,0,0,0,0,0,0,0,0,235000,0,0,0,257000,22000,235000,235000
051392,玉山金兆豐95購01,0,0,0,0,0,0,0,0,0,234000,0,0,0,298000,64000,234000,234000
05004P,健策統一95售01  ,0,0,0,0,0,0,0,0,0,233000,0,0,0,1115000,882000,233000,233000
05091P,台積電元大95售11,0,0,0,0,0,0,0,0,0,233000,0,0,0,272000,39000,233000,233000
054507,鈺齊永豐96購01  ,0,0,0,0,0,0,0,0,0,231000,0,0,0,285000,54000,231000,231000
047196,上銀統一97購01  ,0,0,0,0,0,0,0,0,0,231000,0,0,0,644000,413000,231000,231000
6416,瑞祺電通        ,78000,105000,-27000,0,0,0,220000,0,220000,38000,50000,12000,38000,0,0,0,231000
06048P,大立光富邦96售05,0,0,0,0,0,0,0,0,0,230000,0,0,0,235000,5000,230000,230000
051666,旺宏元大96購05  ,0,0,0,0,0,0,0,0,0,230000,0,0,0,230000,0,230000,230000
050451,嘉晶元大95購01  ,0,0,0,0,0,0,0,0,0,229000,0,0,0,697000,468000,229000,229000
052923,台積電永豐96購02,0,0,0,0,0,0,0,0,0,228000,0,0,0,274000,46000,228000,228000
054388,漢唐統一97購02  ,0,0,0,0,0,0,0,0,0,227000,0,0,0,255000,28000,227000,227000
050452,智原元大95購04  ,0,0,0,0,0,0,0,0,0,226000,0,0,0,381000,155000,226000,226000
047342,T50反1中信99購01,0,0,0,0,0,0,0,0,0,226000,0,0,0,226000,0,226000,226000
051049,亞德客群益95購01,0,0,0,0,0,0,0,0,0,226000,0,0,0,279000,53000,226000,226000
047408,嘉晶統一95購01  ,0,0,0,0,0,0,0,0,0,226000,0,0,0,237000,11000,226000,226000
054698,同欣電永豐97購01,0,0,0,0,0,0,0,0,0,225000,0,0,0,246000,21000,225000,225000
046546,義隆永豐92購03  ,0,0,0,0,0,0,0,0,0,225000,0,0,0,250000,25000,225000,225000
053513,義隆群益96購05  ,0,0,0,0,0,0,0,0,0,225000,0,0,0,264000,39000,225000,225000
053829,力成麥證96購01  ,0,0,0,227000,2000,225000,0,0,0,225000,0,0,0,227000,2000,225000,225000
052140,鈺齊凱基95購02  ,0,0,0,0,0,0,0,0,0,225000,0,0,0,306000,81000,225000,225000
049108,玉晶光富邦96購02,0,0,0,0,0,0,0,0,0,224000,0,0,0,263000,39000,224000,224000
051999,勤誠元大95購01  ,0,0,0,0,0,0,0,0,0,224000,0,0,0,337000,113000,224000,224000
046770,聯發科國泰94購01,0,0,0,0,0,0,0,0,0,222000,0,0,0,297000,75000,222000,222000
049532,同欣電台新94購01,0,0,0,0,0,0,0,0,0,221000,0,0,0,252000,31000,221000,221000
048882,智原統一96購01  ,0,0,0,0,0,0,0,0,0,221000,0,0,0,309000,88000,221000,221000
050603,致新國泰96購01  ,0,0,0,0,0,0,0,0,0,221000,0,0,0,1141000,920000,221000,221000
044815,宏碁兆豐93購01  ,0,0,0,0,0,0,0,0,0,220000,0,0,0,221000,1000,220000,220000
045491,東陽凱基92購01  ,0,0,0,0,0,0,0,0,0,220000,0,0,0,230000,10000,220000,220000
04391P,玉晶光凱基95售03,0,0,0,0,0,0,0,0,0,220000,0,0,0,220000,0,220000,220000
04784P,超眾元富94售01  ,0,0,0,0,0,0,0,0,0,220000,0,0,0,220000,0,220000,220000
050353,華擎群益95購01  ,0,0,0,0,0,0,0,0,0,219000,0,0,0,513000,294000,219000,219000
051900,臻鼎富邦95購01  ,0,0,0,0,0,0,0,0,0,219000,0,0,0,254000,35000,219000,219000
9946,三發地產        ,420000,195500,224500,0,0,0,0,0,0,-6000,0,6000,-6000,0,0,0,218500
04213P,台光電凱基93售11,0,0,0,0,0,0,0,0,0,218000,0,0,0,218000,0,218000,218000
048017,美利達國票93購01,0,0,0,0,0,0,0,0,0,218000,0,0,0,218000,0,218000,218000
053076,貿聯永豐96購01  ,0,0,0,0,0,0,0,0,0,218000,0,0,0,237000,19000,218000,218000
050306,聯發科中信97購01,0,0,0,0,0,0,0,0,0,217000,0,0,0,227000,10000,217000,217000
05698P,群創凱基96售01  ,0,0,0,0,0,0,0,0,0,216000,0,0,0,216000,0,216000,216000
05867P,友達兆豐97售02  ,0,0,0,0,0,0,0,0,0,216000,0,0,0,221000,5000,216000,216000
05653P,華邦電統一96售02,0,0,0,0,0,0,0,0,0,216000,0,0,0,226000,10000,216000,216000
046369,同欣電日盛92購01,0,0,0,0,0,0,0,0,0,216000,0,0,0,245000,29000,216000,216000
051193,新日興兆豐96購01,0,0,0,0,0,0,0,0,0,216000,0,0,0,633000,417000,216000,216000
2428,興勤            ,248000,73000,175000,0,0,0,0,0,0,41000,0,0,0,49000,8000,41000,216000
05650P,台積電富邦96售01,0,0,0,0,0,0,0,0,0,215000,0,0,0,215000,0,215000,215000
05697P,友達凱基96售01  ,0,0,0,0,0,0,0,0,0,215000,0,0,0,215000,0,215000,215000
055422,康控永豐97購01  ,0,0,0,0,0,0,0,0,0,214000,0,0,0,226000,12000,214000,214000
055133,致新康和97購01  ,0,0,0,0,0,0,0,0,0,214000,0,0,0,333000,119000,214000,214000
04061P,臺股指群益93售15,0,0,0,0,0,0,0,0,0,214000,0,0,0,350000,136000,214000,214000
048287,嘉晶兆豐94購01  ,0,0,0,0,0,0,0,0,0,214000,0,0,0,214000,0,214000,214000
05262P,台積電元大95售19,0,0,0,0,0,0,0,0,0,214000,0,0,0,214000,0,214000,214000
050750,上銀統一94購02  ,0,0,0,0,0,0,0,0,0,214000,0,0,0,290000,76000,214000,214000
054851,樺漢兆豐97購01  ,0,0,0,0,0,0,0,0,0,213000,0,0,0,213000,0,213000,213000
043529,泰鼎元大92購01  ,0,0,0,0,0,0,0,0,0,213000,0,0,0,213000,0,213000,213000
047410,上銀元富96購01  ,0,0,0,0,0,0,0,0,0,213000,0,0,0,262000,49000,213000,213000
050325,台積電永豐94購05,0,0,0,0,0,0,0,0,0,213000,0,0,0,370000,157000,213000,213000
055187,彩晶統一98購01  ,0,0,0,0,0,0,0,0,0,212000,0,0,0,212000,0,212000,212000
05952P,台積電國票97售06,0,0,0,0,0,0,0,0,0,211000,0,0,0,212000,1000,211000,211000
055002,群創元富99購04  ,0,0,0,0,0,0,0,0,0,211000,0,0,0,247000,36000,211000,211000
054267,上銀第一96購01  ,0,0,0,0,0,0,0,0,0,211000,0,0,0,221000,10000,211000,211000
046611,樺漢日盛93購01  ,0,0,0,0,0,0,0,0,0,211000,0,0,0,211000,0,211000,211000
047325,材料元大93購01  ,0,0,0,0,0,0,0,0,0,211000,0,0,0,211000,0,211000,211000
052434,茂林國泰97購01  ,0,0,0,0,0,0,0,0,0,211000,0,0,0,416000,205000,211000,211000
03841P,聯發科統一93售02,0,0,0,0,0,0,0,0,0,210000,0,0,0,230000,20000,210000,210000
046775,聯發科台新93購01,0,0,0,0,0,0,0,0,0,210000,0,0,0,211000,1000,210000,210000
051762,國泰金元大95購01,0,0,0,0,0,0,0,0,0,210000,0,0,0,210000,0,210000,210000
053131,華通國票97購03  ,0,0,0,0,0,0,0,0,0,210000,0,0,0,210000,0,210000,210000
053293,聯發科中信9B購01,0,0,0,0,0,0,0,0,0,209000,0,0,0,215000,6000,209000,209000
3708,上緯投控        ,237000,22000,215000,0,0,0,0,0,0,-6000,0,1000,-1000,0,5000,-5000,209000
055267,百和永豐97購01  ,0,0,0,0,0,0,0,0,0,208000,0,0,0,321000,113000,208000,208000
049296,義隆群益96購01  ,0,0,0,0,0,0,0,0,0,208000,0,0,0,361000,153000,208000,208000
052606,聯發科元大97購04,0,0,0,0,0,0,0,0,0,208000,0,0,0,681000,473000,208000,208000
055196,致新元富97購01  ,0,0,0,0,0,0,0,0,0,207000,0,0,0,210000,3000,207000,207000
04723P,美律凱基94售06  ,0,0,0,0,0,0,0,0,0,207000,0,0,0,207000,0,207000,207000
053761,健策國泰98購01  ,0,0,0,0,0,0,0,0,0,207000,0,0,0,564000,357000,207000,207000
2489,瑞軒            ,264000,51000,213000,0,0,0,0,0,0,-6000,2000,8000,-6000,0,0,0,207000
08602P,台灣50凱基96售04,0,0,0,0,0,0,0,0,0,206000,0,0,0,215000,9000,206000,206000
04672P,台積電統一94售09,0,0,0,0,0,0,0,0,0,206000,0,0,0,206000,0,206000,206000
05201P,玉晶光國泰97售02,0,0,0,0,0,0,0,0,0,206000,0,0,0,251000,45000,206000,206000
042942,永冠國票94購01  ,0,0,0,0,0,0,0,0,0,205000,0,0,0,212000,7000,205000,205000
055272,國巨元大98購04  ,0,0,0,0,0,0,0,0,0,204000,0,0,0,204000,0,204000,204000
03721P,卜蜂元大93售01  ,0,0,0,0,0,0,0,0,0,204000,0,0,0,204000,0,204000,204000
052897,緯創群益96購03  ,0,0,0,0,0,0,0,0,0,204000,0,0,0,204000,0,204000,204000
055444,致新台新97購01  ,0,0,0,0,0,0,0,0,0,203000,0,0,0,203000,0,203000,203000
054686,順德永豐97購01  ,0,0,0,0,0,0,0,0,0,203000,0,0,0,203000,0,203000,203000
04434P,玉晶光國票96售02,0,0,0,0,0,0,0,0,0,203000,0,0,0,513000,310000,203000,203000
04916P,大立光永昌96售02,0,0,0,0,0,0,0,0,0,203000,0,0,0,223000,20000,203000,203000
2105,正新            ,626562,410000,216562,0,0,0,3000,0,3000,-17000,0,22000,-22000,5000,0,5000,202562
3044,健鼎            ,668000,463470,204530,0,0,0,0,0,0,-2000,3000,5000,-2000,4000,4000,0,202530
05777P,台積電統一96售04,0,0,0,0,0,0,0,0,0,202000,0,0,0,342000,140000,202000,202000
046315,淘帝元大92購01  ,0,0,0,0,0,0,0,0,0,202000,0,0,0,202000,0,202000,202000
04479P,同欣電中信96售02,0,0,0,0,0,0,0,0,0,202000,0,0,0,202000,0,202000,202000
047978,元油反群益97購01,0,0,0,0,0,0,0,0,0,202000,0,0,0,202000,0,202000,202000
047379,元油2X元大96購03,0,0,0,0,0,0,0,0,0,201000,0,0,0,235000,34000,201000,201000
050222,瑞儀元富94購01  ,0,0,0,0,0,0,0,0,0,201000,0,0,0,213000,12000,201000,201000
052270,力成日盛95購01  ,0,0,0,0,0,0,0,0,0,201000,0,0,0,251000,50000,201000,201000
05067P,欣興兆豐96售02  ,0,0,0,0,0,0,0,0,0,201000,0,0,0,438000,237000,201000,201000
051355,聯發科元大96購01,0,0,0,0,0,0,0,0,0,201000,0,0,0,561000,360000,201000,201000
055241,T50反1統一99購01,0,0,0,0,0,0,0,0,0,200000,0,0,0,200000,0,200000,200000
054532,強茂國泰98購01  ,0,0,0,0,0,0,0,0,0,200000,0,0,0,200000,0,200000,200000
054144,康控元大97購02  ,0,0,0,0,0,0,0,0,0,200000,0,0,0,200000,0,200000,200000
047044,傳奇群益93購02  ,0,0,0,0,0,0,0,0,0,200000,0,0,0,200000,0,200000,200000
03154P,華新科群益01售07,0,0,0,0,0,0,0,0,0,200000,0,0,0,200000,0,200000,200000
03369P,景碩中信02售01  ,0,0,0,0,0,0,0,0,0,200000,0,0,0,200000,0,200000,200000
046539,奇鋐群益92購02  ,0,0,0,0,0,0,0,0,0,200000,0,0,0,200000,0,200000,200000
046529,臻鼎中信92購01  ,0,0,0,0,0,0,0,0,0,200000,0,0,0,200000,0,200000,200000
048212,美利達日盛93購01,0,0,0,0,0,0,0,0,0,200000,0,0,0,200000,0,200000,200000
048269,瀚宇博國泰95購01,0,0,0,0,0,0,0,0,0,200000,0,0,0,800000,600000,200000,200000
048868,劍麟國票94購01  ,0,0,0,0,0,0,0,0,0,200000,0,0,0,210000,10000,200000,200000
049035,中環兆豐94購01  ,0,0,0,0,0,0,0,0,0,200000,0,0,0,200000,0,200000,200000
048628,T50反1元大96購03,0,0,0,0,0,0,0,0,0,200000,0,0,0,200000,0,200000,200000
04874P,高股息中信97售01,0,0,0,0,0,0,0,0,0,200000,0,0,0,200000,0,200000,200000
047136,潤泰全凱基94購01,0,0,0,0,0,0,0,0,0,200000,0,0,0,200000,0,200000,200000
047108,華邦電元大93購03,0,0,0,0,0,0,0,0,0,200000,0,0,0,200000,0,200000,200000
05064P,台積電元大95售10,0,0,0,0,0,0,0,0,0,200000,0,0,0,200000,0,200000,200000
050365,中石化元大94購02,0,0,0,0,0,0,0,0,0,200000,0,0,0,200000,0,200000,200000
047559,彩晶凱基94購03  ,0,0,0,0,0,0,0,0,0,200000,0,0,0,200000,0,200000,200000
05071P,鴻海統一96售05  ,0,0,0,0,0,0,0,0,0,200000,0,0,0,200000,0,200000,200000
2485,兆赫            ,217000,73000,144000,0,0,0,0,0,0,56000,2000,8000,-6000,62000,0,62000,200000
6456,GIS-KY          ,253000,18000,235000,0,0,0,0,0,0,-35000,0,5000,-5000,6000,36000,-30000,200000
06070P,漢唐永豐97售01  ,0,0,0,0,0,0,0,0,0,198000,0,0,0,198000,0,198000,198000
053083,中環元大99購01  ,0,0,0,0,0,0,0,0,0,198000,0,0,0,200000,2000,198000,198000
053819,大立光群益96購04,0,0,0,0,0,0,0,0,0,198000,0,0,0,201000,3000,198000,198000
055283,聯發科元大97購16,0,0,0,0,0,0,0,0,0,197000,0,0,0,302000,105000,197000,197000
055350,聯發科凱基97購02,0,0,0,0,0,0,0,0,0,197000,0,0,0,550000,353000,197000,197000
054032,上銀中信96購01  ,0,0,0,0,0,0,0,0,0,197000,0,0,0,235000,38000,197000,197000
053847,美律元富96購02  ,0,0,0,0,0,0,0,0,0,197000,0,0,0,267000,70000,197000,197000
04894P,世紀鋼元大94售02,0,0,0,0,0,0,0,0,0,197000,0,0,0,197000,0,197000,197000
055431,和鑫群益98購01  ,0,0,0,0,0,0,0,0,0,196000,0,0,0,246000,50000,196000,196000
050397,力成元富94購01  ,0,0,0,0,0,0,0,0,0,196000,0,0,0,224000,28000,196000,196000
054709,宏達電統一97購01,0,0,0,0,0,0,0,0,0,195000,0,0,0,195000,0,195000,195000
039900,上証2X國泰92購01,0,0,0,0,0,0,0,0,0,195000,0,0,0,213000,18000,195000,195000
05760P,京鼎永豐96售02  ,0,0,0,0,0,0,0,0,0,194000,0,0,0,194000,0,194000,194000
3024,憶聲            ,211000,17000,194000,0,0,0,0,0,0,0,0,0,0,0,0,0,194000
054441,力成台新96購01  ,0,0,0,0,0,0,0,0,0,193000,0,0,0,193000,0,193000,193000
049031,矽格群益94購01  ,0,0,0,0,0,0,0,0,0,193000,0,0,0,266000,73000,193000,193000
050879,樺漢統一95購02  ,0,0,0,0,0,0,0,0,0,193000,0,0,0,200000,7000,193000,193000
05540P,亞德客凱基96售01,0,0,0,0,0,0,0,0,0,192000,0,0,0,205000,13000,192000,192000
05634P,玉晶光台新97售01,0,0,0,0,0,0,0,0,0,192000,0,0,0,194000,2000,192000,192000
046336,致新元大92購02  ,0,0,0,0,0,0,0,0,0,192000,0,0,0,202000,10000,192000,192000
053392,致新元大96購01  ,0,0,0,0,0,0,0,0,0,192000,0,0,0,490000,298000,192000,192000
050200,致新元大94購01  ,0,0,0,0,0,0,0,0,0,191000,0,0,0,217000,26000,191000,191000
054116,順德康和96購01  ,0,0,0,0,0,0,0,0,0,190000,0,0,0,210000,20000,190000,190000
050400,臻鼎中信97購01  ,0,0,0,0,0,0,0,0,0,190000,0,0,0,200000,10000,190000,190000
050030,嘉晶元大94購03  ,0,0,0,0,0,0,0,0,0,190000,0,0,0,233000,43000,190000,190000
03423B,臺股指元大94熊29,0,0,0,0,0,0,0,0,0,190000,0,0,0,190000,0,190000,190000
050448,義隆元大94購04  ,0,0,0,0,0,0,0,0,0,190000,0,0,0,216000,26000,190000,190000
05053P,新日興群益95售01,0,0,0,0,0,0,0,0,0,190000,0,0,0,230000,40000,190000,190000
052367,聯茂國票96購02  ,0,0,0,0,0,0,0,0,0,190000,0,0,0,200000,10000,190000,190000
1904,正隆            ,428000,127000,301000,0,0,0,0,0,0,-111000,0,111000,-111000,0,0,0,190000
03088P,大立光元大01售17,0,0,0,0,0,0,0,0,0,188000,0,0,0,188000,0,188000,188000
046625,勤誠凱基93購01  ,0,0,0,0,0,0,0,0,0,188000,0,0,0,188000,0,188000,188000
040197,晶電群益92購01  ,0,0,0,0,0,0,0,0,0,187000,0,0,0,187000,0,187000,187000
050309,亞泥兆豐94購01  ,0,0,0,0,0,0,0,0,0,187000,0,0,0,267000,80000,187000,187000
052077,可成元富98購02  ,0,0,0,0,0,0,0,0,0,187000,0,0,0,202000,15000,187000,187000
051391,聯發科兆豐95購02,0,0,0,0,0,0,0,0,0,187000,0,0,0,230000,43000,187000,187000
051535,新日興國票96購01,0,0,0,0,0,0,0,0,0,187000,0,0,0,278000,91000,187000,187000
055039,神達富邦99購01  ,0,0,0,0,0,0,0,0,0,186000,0,0,0,281000,95000,186000,186000
05759P,智邦永豐96售02  ,0,0,0,0,0,0,0,0,0,186000,0,0,0,186000,0,186000,186000
046107,勤誠永豐92購01  ,0,0,0,0,0,0,0,0,0,186000,0,0,0,238000,52000,186000,186000
047802,滬深2X凱基95購03,0,0,0,0,0,0,0,0,0,186000,0,0,0,1109000,923000,186000,186000
050467,力成中信94購01  ,0,0,0,0,0,0,0,0,0,186000,0,0,0,315000,129000,186000,186000
052233,台郡凱基96購01  ,0,0,0,0,0,0,0,0,0,186000,0,0,0,202000,16000,186000,186000
05496P,聯詠統一95售04  ,0,0,0,0,0,0,0,0,0,185000,0,0,0,221000,36000,185000,185000
03767P,瑞昱元大93售05  ,0,0,0,0,0,0,0,0,0,185000,0,0,0,185000,0,185000,185000
049918,宏達電元大94購01,0,0,0,0,0,0,0,0,0,185000,0,0,0,200000,15000,185000,185000
052537,力成富邦95購01  ,0,0,0,0,0,0,0,0,0,185000,0,0,0,241000,56000,185000,185000
1712,興農            ,155000,104000,51000,0,0,0,0,0,0,134000,136000,2000,134000,0,0,0,185000
9911,櫻花            ,308000,128000,180000,0,0,0,0,0,0,5000,6000,1000,5000,0,0,0,185000
046843,上銀永豐93購01  ,0,0,0,0,0,0,0,0,0,184000,0,0,0,419000,235000,184000,184000
047837,嘉晶元大93購01  ,0,0,0,0,0,0,0,0,0,184000,0,0,0,199000,15000,184000,184000
3008,大立光          ,450953,234207,216746,0,0,0,0,15000,-15000,-18000,2000,22000,-20000,4000,2000,2000,183746
04947P,聯詠元大94售05  ,0,0,0,0,0,0,0,0,0,183000,0,0,0,198000,15000,183000,183000
051870,台郡凱基95購04  ,0,0,0,0,0,0,0,0,0,183000,0,0,0,200000,17000,183000,183000
054847,創意兆豐97購01  ,0,0,0,0,0,0,0,0,0,182000,0,0,0,297000,115000,182000,182000
051284,上銀統一95購02  ,0,0,0,0,0,0,0,0,0,182000,0,0,0,188000,6000,182000,182000
054699,復盛永豐97購01  ,0,0,0,0,0,0,0,0,0,181000,0,0,0,197000,16000,181000,181000
3052,夆典            ,221000,34000,187000,0,0,0,0,0,0,-6000,0,6000,-6000,0,0,0,181000
054999,玉晶光元富97購03,0,0,0,0,0,0,0,0,0,180000,0,0,0,200000,20000,180000,180000
054081,聯電元富96購01  ,0,0,0,0,0,0,0,0,0,180000,0,0,0,200000,20000,180000,180000
054202,樺漢富邦97購01  ,0,0,0,0,0,0,0,0,0,180000,0,0,0,180000,0,180000,180000
06017P,亞光凱基96售04  ,0,0,0,0,0,0,0,0,0,180000,0,0,0,200000,20000,180000,180000
04475P,欣興元大94售03  ,0,0,0,0,0,0,0,0,0,180000,0,0,0,272000,92000,180000,180000
049969,泰鼎國票95購01  ,0,0,0,0,0,0,0,0,0,180000,0,0,0,210000,30000,180000,180000
049178,宏達電凱基94購02,0,0,0,0,0,0,0,0,0,180000,0,0,0,180000,0,180000,180000
053124,聯發科凱基96購12,0,0,0,0,0,0,0,0,0,180000,0,0,0,210000,30000,180000,180000
053133,華邦電國票97購01,0,0,0,0,0,0,0,0,0,180000,0,0,0,180000,0,180000,180000
053391,嘉聯益元大99購01,0,0,0,0,0,0,0,0,0,180000,0,0,0,180000,0,180000,180000
049300,南電群益94購01  ,0,0,0,0,0,0,0,0,0,179000,0,0,0,191000,12000,179000,179000
05348P,美律元富98售01  ,0,0,0,0,0,0,0,0,0,179000,0,0,0,179000,0,179000,179000
05303P,華通國泰97售01  ,0,0,0,0,0,0,0,0,0,179000,0,0,0,265000,86000,179000,179000
052741,聯發科元大96購08,0,0,0,0,0,0,0,0,0,179000,0,0,0,223000,44000,179000,179000
6412,群電            ,656000,472000,184000,0,0,0,1000,0,1000,-6000,0,6000,-6000,0,0,0,179000
055659,百和元富97購01  ,0,0,0,0,0,0,0,0,0,178000,0,0,0,208000,30000,178000,178000
054460,和大凱基97購01  ,0,0,0,0,0,0,0,0,0,178000,0,0,0,228000,50000,178000,178000
044693,滬深2X元大94購01,0,0,0,0,0,0,0,0,0,178000,0,0,0,212000,34000,178000,178000
048809,創意亞東94購01  ,0,0,0,0,0,0,0,0,0,178000,0,0,0,178000,0,178000,178000
2031,新光鋼          ,383000,194000,189000,0,0,0,0,0,0,-11000,0,11000,-11000,0,0,0,178000
054683,川湖永豐97購01  ,0,0,0,0,0,0,0,0,0,177000,0,0,0,182000,5000,177000,177000
04717P,和大凱基94售02  ,0,0,0,0,0,0,0,0,0,177000,0,0,0,177000,0,177000,177000
049785,華新科兆豐95購01,0,0,0,0,0,0,0,0,0,177000,0,0,0,247000,70000,177000,177000
04419P,奇力新永豐94售01,0,0,0,0,0,0,0,0,0,176000,0,0,0,201000,25000,176000,176000
044876,同欣電統一91購01,0,0,0,0,0,0,0,0,0,176000,0,0,0,198000,22000,176000,176000
052768,泰鼎群益96購01  ,0,0,0,0,0,0,0,0,0,176000,0,0,0,650000,474000,176000,176000
051005,緯創中信95購02  ,0,0,0,0,0,0,0,0,0,175000,0,0,0,175000,0,175000,175000
049354,致新永豐94購01  ,0,0,0,0,0,0,0,0,0,175000,0,0,0,199000,24000,175000,175000
052979,上銀元大96購02  ,0,0,0,0,0,0,0,0,0,175000,0,0,0,474000,299000,175000,175000
053992,中環群益96購01  ,0,0,0,0,0,0,0,0,0,174000,0,0,0,174000,0,174000,174000
050031,嘉澤元大95購01  ,0,0,0,0,0,0,0,0,0,174000,0,0,0,253000,79000,174000,174000
043650,喬山國泰93購02  ,0,0,0,0,0,0,0,0,0,174000,0,0,0,491000,317000,174000,174000
052684,旺宏元大98購01  ,0,0,0,0,0,0,0,0,0,174000,0,0,0,302000,128000,174000,174000
052629,訊芯中信99購01  ,0,0,0,0,0,0,0,0,0,174000,0,0,0,346000,172000,174000,174000
1589,永冠-KY         ,240000,39000,201000,0,0,0,0,0,0,-27000,0,0,0,9000,36000,-27000,174000
05682P,大立光元大98售03,0,0,0,0,0,0,0,0,0,173000,0,0,0,241000,68000,173000,173000
043641,深中小國票94購01,0,0,0,0,0,0,0,0,0,173000,0,0,0,173000,0,173000,173000
049115,創意統一94購03  ,0,0,0,0,0,0,0,0,0,173000,0,0,0,271000,98000,173000,173000
053034,上海銀兆豐96購01,0,0,0,0,0,0,0,0,0,173000,0,0,0,173000,0,173000,173000
053036,聯電凱基98購01  ,0,0,0,0,0,0,0,0,0,173000,0,0,0,183000,10000,173000,173000
051953,矽力元富95購03  ,0,0,0,0,0,0,0,0,0,173000,0,0,0,218000,45000,173000,173000
06150P,奇力新元大97售06,0,0,0,0,0,0,0,0,0,172000,0,0,0,185000,13000,172000,172000
055247,聯發科統一98購01,0,0,0,0,0,0,0,0,0,172000,0,0,0,181000,9000,172000,172000
04600P,可成凱基94售07  ,0,0,0,0,0,0,0,0,0,172000,0,0,0,172000,0,172000,172000
052909,上銀統一96購01  ,0,0,0,0,0,0,0,0,0,172000,0,0,0,247000,75000,172000,172000
053950,緯穎富邦97購02  ,0,0,0,0,0,0,0,0,0,171000,0,0,0,171000,0,171000,171000
054129,技嘉元大96購02  ,0,0,0,0,0,0,0,0,0,171000,0,0,0,318000,147000,171000,171000
054662,同欣電元大97購02,0,0,0,0,0,0,0,0,0,171000,0,0,0,194000,23000,171000,171000
049848,聯發科群益94購06,0,0,0,0,0,0,0,0,0,171000,0,0,0,554000,383000,171000,171000
047999,聯發科元大93購22,0,0,0,0,0,0,0,0,0,171000,0,0,0,186000,15000,171000,171000
050478,致新永豐94購02  ,0,0,0,0,0,0,0,0,0,171000,0,0,0,180000,9000,171000,171000
055046,上銀永豐97購01  ,0,0,0,0,0,0,0,0,0,170000,0,0,0,171000,1000,170000,170000
050098,嘉聯益國泰95購02,0,0,0,0,0,0,0,0,0,170000,0,0,0,170000,0,170000,170000
044726,新日興永豐91購01,0,0,0,0,0,0,0,0,0,170000,0,0,0,170000,0,170000,170000
04023P,臺股指元富99售02,0,0,0,0,0,0,0,0,0,170000,0,0,0,170000,0,170000,170000
03351P,台積電麥證02售07,0,0,0,0,0,0,0,0,0,170000,0,0,0,200000,30000,170000,170000
04546P,台積電元大94售09,0,0,0,0,0,0,0,0,0,170000,0,0,0,170000,0,170000,170000
047375,GIS國票93購02   ,0,0,0,0,0,0,0,0,0,170000,0,0,0,170000,0,170000,170000
6282,康舒            ,1226000,914000,312000,0,0,0,0,0,0,-142000,4000,80000,-76000,12000,78000,-66000,170000
044666,創意國泰93購01  ,0,0,0,0,0,0,0,0,0,169000,0,0,0,169000,0,169000,169000
049754,豐祥永豐94購01  ,0,0,0,0,0,0,0,0,0,169000,0,0,0,169000,0,169000,169000
052396,台積電凱基97購01,0,0,0,0,0,0,0,0,0,169000,0,0,0,170000,1000,169000,169000
054103,T50反1凱基99購04,0,0,0,0,0,0,0,0,0,168000,0,0,0,168000,0,168000,168000
054040,中石化元大9C購01,0,0,0,0,0,0,0,0,0,168000,0,0,0,200000,32000,168000,168000
054457,強茂群益96購01  ,0,0,0,0,0,0,0,0,0,168000,0,0,0,235000,67000,168000,168000
06045P,臺股指永豐96售03,0,0,0,0,0,0,0,0,0,168000,0,0,0,169000,1000,168000,168000
051500,聯茂群益95購01  ,0,0,0,0,0,0,0,0,0,168000,0,0,0,200000,32000,168000,168000
053291,旺宏中信9A購01  ,0,0,0,0,0,0,0,0,0,168000,0,0,0,271000,103000,168000,168000
1103,嘉泥            ,410000,309000,101000,0,0,0,0,0,0,66000,0,0,0,66000,0,66000,167000
06030P,友達兆豐96售02  ,0,0,0,0,0,0,0,0,0,167000,0,0,0,180000,13000,167000,167000
055460,華擎永豐97購01  ,0,0,0,0,0,0,0,0,0,167000,0,0,0,172000,5000,167000,167000
054863,億光群益97購01  ,0,0,0,0,0,0,0,0,0,167000,0,0,0,322000,155000,167000,167000
00656R,國泰中國A50反1  ,0,0,0,0,0,0,0,0,0,167000,0,0,0,171000,4000,167000,167000
043601,亞光元大93購01  ,0,0,0,0,0,0,0,0,0,167000,0,0,0,167000,0,167000,167000
051941,樺漢群益95購02  ,0,0,0,0,0,0,0,0,0,167000,0,0,0,167000,0,167000,167000
054774,同欣電國票98購01,0,0,0,0,0,0,0,0,0,166000,0,0,0,300000,134000,166000,166000
055250,華新科統一97購02,0,0,0,0,0,0,0,0,0,166000,0,0,0,176000,10000,166000,166000
06160P,台達電群益97售01,0,0,0,0,0,0,0,0,0,166000,0,0,0,177000,11000,166000,166000
048437,義隆麥證93購01  ,0,0,0,226000,60000,166000,0,0,0,166000,0,0,0,226000,60000,166000,166000
05063P,聯電元大96售03  ,0,0,0,0,0,0,0,0,0,166000,0,0,0,297000,131000,166000,166000
048146,大立光統一93購11,0,0,0,0,0,0,0,0,0,165000,0,0,0,165000,0,165000,165000
051584,可成元大95購08  ,0,0,0,0,0,0,0,0,0,165000,0,0,0,165000,0,165000,165000
2107,厚生            ,183000,17000,166000,0,0,0,0,0,0,-1000,0,1000,-1000,0,0,0,165000
3673,TPK-KY          ,312000,139000,173000,0,0,0,0,0,0,-8000,10000,12000,-2000,5000,11000,-6000,165000
2548,華固            ,442000,291000,151000,0,0,0,0,0,0,14000,8000,8000,0,32000,18000,14000,165000
053983,樺漢元大97購02  ,0,1000,-1000,0,0,0,0,0,0,165000,0,0,0,706000,541000,165000,164000
052455,樺漢元大96購03  ,0,0,0,0,0,0,0,0,0,164000,0,0,0,195000,31000,164000,164000
05599P,欣興台新96售01  ,0,0,0,0,0,0,0,0,0,163000,0,0,0,163000,0,163000,163000
044636,創意統一94購01  ,0,0,0,0,0,0,0,0,0,163000,0,0,0,163000,0,163000,163000
049004,聯發科中信96購01,0,0,0,0,0,0,0,0,0,163000,0,0,0,197000,34000,163000,163000
049751,牧德永豐95購01  ,0,0,0,0,0,0,0,0,0,163000,0,0,0,200000,37000,163000,163000
051072,強茂國票95購02  ,0,0,0,0,0,0,0,0,0,163000,0,0,0,298000,135000,163000,163000
053812,台積電群益96購09,0,0,0,0,0,0,0,0,0,163000,0,0,0,175000,12000,163000,163000
052177,京鼎元大95購02  ,0,0,0,0,0,0,0,0,0,162000,0,0,0,559000,397000,162000,162000
044817,可成兆豐93購01  ,0,0,0,0,0,0,0,0,0,161000,0,0,0,184000,23000,161000,161000
047529,嘉晶元大94購02  ,0,0,0,0,0,0,0,0,0,161000,0,0,0,613000,452000,161000,161000
053369,T50反1元大96購06,0,0,0,0,0,0,0,0,0,161000,0,0,0,660000,499000,161000,161000
06185P,台表科元大97售05,0,0,0,0,0,0,0,0,0,160000,0,0,0,160000,0,160000,160000
06114P,台積電統一97售03,0,0,0,0,0,0,0,0,0,160000,0,0,0,160000,0,160000,160000
08859P,奇鋐國票03售01  ,0,0,0,0,0,0,0,0,0,160000,0,0,0,160000,0,160000,160000
05986P,大立光統一97售03,0,0,0,0,0,0,0,0,0,160000,0,0,0,278000,118000,160000,160000
04516P,台積電群益94售07,0,0,0,0,0,0,0,0,0,160000,0,0,0,160000,0,160000,160000
045795,瀚宇博兆豐94購01,0,0,0,0,0,0,0,0,0,160000,0,0,0,160000,0,160000,160000
04617P,臺股指群益95售03,0,0,0,0,0,0,0,0,0,160000,0,0,0,160000,0,160000,160000
04476P,玉晶光元大94售05,0,0,0,0,0,0,0,0,0,160000,0,0,0,160000,0,160000,160000
04412P,欣興元富94售01  ,0,0,0,0,0,0,0,0,0,160000,0,0,0,160000,0,160000,160000
043735,元金2X元大94購01,0,0,0,0,0,0,0,0,0,160000,0,0,0,160000,0,160000,160000
049763,美食國泰96購01  ,0,0,0,0,0,0,0,0,0,160000,0,0,0,302000,142000,160000,160000
053077,同欣電永豐96購01,0,0,0,0,0,0,0,0,0,160000,0,0,0,182000,22000,160000,160000
05639P,欣興統一97售01  ,0,0,0,0,0,0,0,0,0,159000,0,0,0,299000,140000,159000,159000
054860,台積電群益98購01,0,0,0,0,0,0,0,0,0,159000,0,0,0,213000,54000,159000,159000
043870,光磊元大92購01  ,0,0,0,0,0,0,0,0,0,159000,0,0,0,164000,5000,159000,159000
046999,康控富邦99購01  ,0,0,0,0,0,0,0,0,0,159000,0,0,0,181000,22000,159000,159000
047587,義隆永豐93購02  ,0,0,0,0,0,0,0,0,0,159000,0,0,0,270000,111000,159000,159000
047749,富邦金元富93購01,0,0,0,0,0,0,0,0,0,159000,0,0,0,260000,101000,159000,159000
051705,富邦金群益97購01,0,0,0,0,0,0,0,0,0,159000,0,0,0,159000,0,159000,159000
051568,智邦富邦95購01  ,0,0,0,0,0,0,0,0,0,159000,0,0,0,159000,0,159000,159000
05616P,台光電永豐96售01,0,0,0,0,0,0,0,0,0,158000,0,0,0,158000,0,158000,158000
048093,聯發科凱基93購30,0,0,0,0,0,0,0,0,0,158000,0,0,0,205000,47000,158000,158000
05267P,欣興元大95售08  ,0,0,0,0,0,0,0,0,0,158000,0,0,0,608000,450000,158000,158000
06170P,禾伸堂元富97售02,0,0,0,0,0,0,0,0,0,157000,0,0,0,157000,0,157000,157000
04512P,臺股指元大94售07,0,0,0,0,0,0,0,0,0,157000,0,0,0,310000,153000,157000,157000
047759,復盛元富93購01  ,0,0,0,0,0,0,0,0,0,157000,0,0,0,182000,25000,157000,157000
052724,力成統一97購01  ,0,0,0,0,0,0,0,0,0,157000,0,0,0,159000,2000,157000,157000
053071,南電群益96購01  ,0,0,0,0,0,0,0,0,0,157000,0,0,0,157000,0,157000,157000
053635,技嘉永豐96購01  ,0,0,0,0,0,0,0,0,0,157000,0,0,0,259000,102000,157000,157000
054016,嘉晶永豐96購04  ,0,0,0,0,0,0,0,0,0,156000,0,0,0,171000,15000,156000,156000
046836,聯茂群益93購01  ,0,0,0,0,0,0,0,0,0,156000,0,0,0,177000,21000,156000,156000
052915,創意元富96購01  ,0,0,0,0,0,0,0,0,0,156000,0,0,0,173000,17000,156000,156000
05049P,矽創永豐95售01  ,0,0,0,0,0,0,0,0,0,156000,0,0,0,156000,0,156000,156000
052352,力成元富95購01  ,0,0,0,0,0,0,0,0,0,156000,0,0,0,166000,10000,156000,156000
2451,創見            ,168000,35000,133000,0,0,0,0,0,0,23000,0,1000,-1000,24000,0,24000,156000
048277,建準永豐93購02  ,0,0,0,0,0,0,0,0,0,155000,0,0,0,210000,55000,155000,155000
047498,力成康和93購01  ,0,0,0,0,0,0,0,0,0,155000,0,0,0,172000,17000,155000,155000
052197,台郡元富95購03  ,0,0,0,0,0,0,0,0,0,155000,0,0,0,210000,55000,155000,155000
052089,聯發科元大96購02,0,0,0,0,0,0,0,0,0,155000,0,0,0,155000,0,155000,155000
053864,義隆元大96購01  ,0,0,0,0,0,0,0,0,0,154000,0,0,0,750000,596000,154000,154000
050253,百和國泰96購01  ,0,0,0,0,0,0,0,0,0,154000,0,0,0,165000,11000,154000,154000
04655P,臺股指凱基94售14,0,0,0,0,0,0,0,0,0,154000,0,0,0,312000,158000,154000,154000
049117,矽格統一96購01  ,0,0,0,0,0,0,0,0,0,154000,0,0,0,213000,59000,154000,154000
04880P,GIS永豐94售02   ,0,0,0,0,0,0,0,0,0,154000,0,0,0,154000,0,154000,154000
053096,康控統一96購01  ,0,0,0,0,0,0,0,0,0,154000,0,0,0,154000,0,154000,154000
055434,樺漢群益97購01  ,0,0,0,0,0,0,0,0,0,153000,0,0,0,153000,0,153000,153000
050188,貿聯元大96購01  ,0,0,0,0,0,0,0,0,0,153000,0,0,0,205000,52000,153000,153000
046855,嘉晶元大94購01  ,0,0,0,0,0,0,0,0,0,153000,0,0,0,165000,12000,153000,153000
055501,創意元大97購01  ,0,0,0,0,0,0,0,0,0,152000,0,0,0,372000,220000,152000,152000
049868,傳奇兆豐94購01  ,0,0,0,0,0,0,0,0,0,152000,0,0,0,152000,0,152000,152000
055207,致新中信99購01  ,0,0,0,0,0,0,0,0,0,151000,0,0,0,259000,108000,151000,151000
06094P,台達電中信97售01,0,0,0,0,0,0,0,0,0,151000,0,0,0,152000,1000,151000,151000
05904P,大立光統一96售07,0,0,0,0,0,0,0,0,0,151000,0,0,0,204000,53000,151000,151000
045471,鎧勝元大93購01  ,0,0,0,0,0,0,0,0,0,151000,0,0,0,151000,0,151000,151000
05062P,大立光富邦98售03,0,0,0,0,0,0,0,0,0,151000,0,0,0,165000,14000,151000,151000
3031,佰鴻            ,161000,9000,152000,0,0,0,0,0,0,-1000,0,1000,-1000,0,0,0,151000
055218,彩晶凱基99購01  ,0,0,0,0,0,0,0,0,0,150000,0,0,0,150000,0,150000,150000
05625P,國巨國票97售01  ,0,0,0,0,0,0,0,0,0,150000,0,0,0,180000,30000,150000,150000
042363,復盛元大91購01  ,0,0,0,0,0,0,0,0,0,150000,0,0,0,150000,0,150000,150000
044632,超眾元大91購03  ,0,0,0,0,0,0,0,0,0,150000,0,0,0,150000,0,150000,150000
03608P,鴻海元大92售14  ,0,0,0,0,0,0,0,0,0,150000,0,0,0,150000,0,150000,150000
040215,上証反凱基95購01,0,0,0,0,0,0,0,0,0,150000,0,0,0,150000,0,150000,150000
044994,宏達電國泰93購01,0,0,0,0,0,0,0,0,0,150000,0,0,0,150000,0,150000,150000
047527,高鐵元大93購02  ,0,0,0,0,0,0,0,0,0,150000,0,0,0,150000,0,150000,150000
04869P,鴻海元富95售02  ,0,0,0,0,0,0,0,0,0,150000,0,0,0,150000,0,150000,150000
049381,欣興元大94購05  ,0,0,0,0,0,0,0,0,0,150000,0,0,0,232000,82000,150000,150000
049536,T50反1群益94購02,0,0,0,0,0,0,0,0,0,150000,0,0,0,150000,0,150000,150000
051634,大立光國票96購03,0,0,0,0,0,0,0,0,0,150000,0,0,0,152000,2000,150000,150000
052322,力成元大96購01  ,1000,0,1000,0,0,0,0,0,0,149000,0,0,0,349000,200000,149000,150000
052933,祥碩元大96購01  ,0,0,0,0,0,0,0,0,0,150000,0,0,0,201000,51000,150000,150000
052680,T50反1元大96購04,0,0,0,0,0,0,0,0,0,150000,0,0,0,150000,0,150000,150000
053284,樺漢元大97購01  ,0,0,0,0,0,0,0,0,0,150000,0,0,0,266000,116000,150000,150000
05661P,聯發科統一96售06,0,0,0,0,0,0,0,0,0,149000,0,0,0,255000,106000,149000,149000
049913,微星元大94購01  ,0,0,0,0,0,0,0,0,0,149000,0,0,0,348000,199000,149000,149000
053524,聯電中信97購02  ,0,0,0,0,0,0,0,0,0,149000,0,0,0,279000,130000,149000,149000
2501,國建            ,173000,13000,160000,0,0,0,0,0,0,-11000,0,11000,-11000,0,0,0,149000
053963,百和永豐96購01  ,0,0,0,0,0,0,0,0,0,148000,0,0,0,171000,23000,148000,148000
043175,傳奇國泰93購01  ,0,0,0,0,0,0,0,0,0,148000,0,0,0,148000,0,148000,148000
051185,強茂永豐95購03  ,0,0,0,0,0,0,0,0,0,148000,0,0,0,257000,109000,148000,148000
05165P,欣興元富95售03  ,0,0,0,0,0,0,0,0,0,148000,0,0,0,149000,1000,148000,148000
054094,創意群益96購02  ,0,0,0,0,0,0,0,0,0,147000,0,0,0,177000,30000,147000,147000
055624,聯發科富邦99購07,0,0,0,0,0,0,0,0,0,147000,0,0,0,230000,83000,147000,147000
052534,貿聯國泰96購02  ,0,0,0,0,0,0,0,0,0,147000,0,0,0,147000,0,147000,147000
048931,晶華永豐94購01  ,0,0,0,0,0,0,0,0,0,146000,0,0,0,156000,10000,146000,146000
051439,川湖元大95購01  ,0,0,0,0,0,0,0,0,0,146000,0,0,0,216000,70000,146000,146000
6214,精誠            ,170000,33000,137000,0,0,0,0,0,0,9000,16000,2000,14000,0,5000,-5000,146000
05776P,鴻海統一98售02  ,0,0,0,0,0,0,0,0,0,145000,0,0,0,159000,14000,145000,145000
049521,致伸國票95購01  ,0,0,0,0,0,0,0,0,0,145000,0,0,0,145000,0,145000,145000
047400,欣興永豐93購03  ,0,0,0,0,0,0,0,0,0,145000,0,0,0,150000,5000,145000,145000
049731,A50正2群益94購02,0,0,0,0,0,0,0,0,0,145000,0,0,0,145000,0,145000,145000
048476,同欣電永豐93購01,0,0,0,0,0,0,0,0,0,145000,0,0,0,171000,26000,145000,145000
051492,臻鼎凱基95購01  ,0,0,0,0,0,0,0,0,0,145000,0,0,0,165000,20000,145000,145000
054506,矽格永豐96購01  ,0,0,0,0,0,0,0,0,0,144000,0,0,0,262000,118000,144000,144000
054957,興富發元大97購01,0,0,0,0,0,0,0,0,0,143000,0,0,0,200000,57000,143000,143000
05817P,可成凱基96售07  ,0,0,0,0,0,0,0,0,0,143000,0,0,0,143000,0,143000,143000
06091P,華新科統一97售01,0,0,0,0,0,0,0,0,0,143000,0,0,0,235000,92000,143000,143000
051089,旺宏元大96購04  ,0,0,0,0,0,0,0,0,0,143000,0,0,0,408000,265000,143000,143000
048197,義隆元大93購04  ,0,0,0,0,0,0,0,0,0,143000,0,0,0,280000,137000,143000,143000
05467P,聯電元大95售02  ,0,0,0,0,0,0,0,0,0,142000,0,0,0,150000,8000,142000,142000
0061,元大寶滬深      ,0,0,0,0,0,0,0,0,0,142000,30000,0,30000,356000,244000,112000,142000
046241,聯發科中信94購02,0,0,0,0,0,0,0,0,0,142000,0,0,0,263000,121000,142000,142000
00752,中信中國50      ,0,1000,-1000,0,0,0,0,0,0,142862,0,0,0,1087000,944138,142862,141862
045685,康控元大95購01  ,0,0,0,0,0,0,0,0,0,141000,0,0,0,151000,10000,141000,141000
049366,聯發科元大94購05,0,0,0,0,0,0,0,0,0,141000,0,0,0,204000,63000,141000,141000
051968,勤誠永豐95購01  ,0,0,0,0,0,0,0,0,0,141000,0,0,0,239000,98000,141000,141000
054389,為升元富96購02  ,0,0,0,0,0,0,0,0,0,140000,0,0,0,168000,28000,140000,140000
054253,宏達電元大97購03,0,0,0,0,0,0,0,0,0,140000,0,0,0,140000,0,140000,140000
06151P,華新科元大97售07,0,0,0,0,0,0,0,0,0,140000,0,0,0,154000,14000,140000,140000
05695P,台積電凱基96售10,0,0,0,0,0,0,0,0,0,140000,0,0,0,140000,0,140000,140000
050153,義隆群益94購01  ,0,0,0,0,0,0,0,0,0,140000,0,0,0,372000,232000,140000,140000
049933,GIS元大95購01   ,0,0,0,0,0,0,0,0,0,140000,0,0,0,173000,33000,140000,140000
052403,麗豐凱基96購01  ,0,0,0,0,0,0,0,0,0,140000,0,0,0,140000,0,140000,140000
05156P,群創兆豐95售01  ,0,0,0,0,0,0,0,0,0,140000,0,0,0,140000,0,140000,140000
053677,同欣電國泰97購01,0,0,0,0,0,0,0,0,0,140000,0,0,0,170000,30000,140000,140000
053159,同欣電元大96購02,0,0,0,0,0,0,0,0,0,140000,0,0,0,162000,22000,140000,140000
9958,世紀鋼          ,206000,36000,170000,0,0,0,0,100000,-100000,70000,5000,10000,-5000,105000,30000,75000,140000
049970,康控國票95購03  ,0,0,0,0,0,0,0,0,0,139000,0,0,0,139000,0,139000,139000
043855,創意富邦93購01  ,0,0,0,0,0,0,0,0,0,139000,0,0,0,139000,0,139000,139000
051132,喬山永豐95購02  ,0,0,0,0,0,0,0,0,0,139000,0,0,0,139000,0,139000,139000
053045,國巨中信97購01  ,0,0,0,0,0,0,0,0,0,139000,0,0,0,203000,64000,139000,139000
8011,台通            ,78000,1000,77000,0,0,0,0,0,0,62000,65000,3000,62000,0,0,0,139000
054393,漢唐永豐96購01  ,0,0,0,0,0,0,0,0,0,138000,0,0,0,138000,0,138000,138000
05501P,健策國票97售01  ,0,0,0,0,0,0,0,0,0,138000,0,0,0,710000,572000,138000,138000
04451P,可成凱基94售04  ,0,0,0,0,0,0,0,0,0,138000,0,0,0,138000,0,138000,138000
045016,創意元大94購01  ,0,0,0,0,0,0,0,0,0,138000,0,0,0,138000,0,138000,138000
053101,創意元富96購03  ,0,0,0,0,0,0,0,0,0,138000,0,0,0,159000,21000,138000,138000
05497P,聯詠統一96售01  ,0,0,0,0,0,0,0,0,0,137000,0,0,0,237000,100000,137000,137000
047589,奇鋐永豐93購01  ,0,0,0,0,0,0,0,0,0,137000,0,0,0,137000,0,137000,137000
052996,聯電康和96購01  ,0,0,0,0,0,0,0,0,0,137000,0,0,0,137000,0,137000,137000
050901,樺漢元大95購02  ,0,0,0,0,0,0,0,0,0,137000,0,0,0,238000,101000,137000,137000
054575,聯鈞元大97購01  ,0,0,0,0,0,0,0,0,0,136000,0,0,0,185000,49000,136000,136000
04619P,華新統一94售02  ,0,0,0,0,0,0,0,0,0,136000,0,0,0,136000,0,136000,136000
046296,上銀元富92購01  ,0,0,0,0,0,0,0,0,0,136000,0,0,0,188000,52000,136000,136000
04639P,臺股指群益94售14,0,0,0,0,0,0,0,0,0,136000,0,0,0,297000,161000,136000,136000
00646,元大S&P500      ,0,0,0,0,0,0,0,0,0,136000,0,0,0,136000,0,136000,136000
051076,緯創國泰96購01  ,0,0,0,0,0,0,0,0,0,136000,0,0,0,279000,143000,136000,136000
05306P,泰碩國泰97售01  ,0,0,0,0,0,0,0,0,0,136000,0,0,0,237000,101000,136000,136000
06190P,玉晶光永豐97售05,0,0,0,0,0,0,0,0,0,135000,0,0,0,135000,0,135000,135000
048381,T50反1國票94購03,0,0,0,0,0,0,0,0,0,135000,0,0,0,555000,420000,135000,135000
048787,義隆元大94購02  ,0,0,0,0,0,0,0,0,0,135000,0,0,0,195000,60000,135000,135000
047834,義隆元大93購02  ,0,0,0,0,0,0,0,0,0,135000,0,0,0,298000,163000,135000,135000
052449,創意元大95購04  ,0,0,0,0,0,0,0,0,0,135000,0,0,0,155000,20000,135000,135000
052738,聯電元大98購02  ,0,0,0,0,0,0,0,0,0,135000,0,0,0,155000,20000,135000,135000
050623,致新元大94購05  ,0,0,0,0,0,0,0,0,0,135000,0,0,0,430000,295000,135000,135000
06145P,華新科永豐97售02,0,0,0,0,0,0,0,0,0,134000,0,0,0,184000,50000,134000,134000
03250P,日月光元富07售02,0,0,0,0,0,0,0,0,0,134000,0,0,0,134000,0,134000,134000
049112,可成統一94購01  ,0,0,0,0,0,0,0,0,0,134000,0,0,0,715000,581000,134000,134000
05060P,台達電富邦97售02,0,0,0,0,0,0,0,0,0,134000,0,0,0,147000,13000,134000,134000
1762,中化生          ,149000,15000,134000,0,0,0,0,0,0,0,0,0,0,0,0,0,134000
055576,嘉晶統一98購01  ,0,0,0,0,0,0,0,0,0,133000,0,0,0,184000,51000,133000,133000
054541,康控國票98購01  ,0,0,0,0,0,0,0,0,0,133000,0,0,0,133000,0,133000,133000
053228,康友台新97購01  ,0,0,0,0,0,0,0,0,0,133000,0,0,0,150000,17000,133000,133000
053396,漢唐中信9A購01  ,0,0,0,0,0,0,0,0,0,133000,0,0,0,133000,0,133000,133000
8464,億豐            ,202457,233000,-30543,0,0,0,163000,0,163000,0,0,0,0,0,0,0,132457
043655,微星富邦93購01  ,0,0,0,0,0,0,0,0,0,132000,0,0,0,279000,147000,132000,132000
051084,華通元大95購06  ,0,0,0,0,0,0,0,0,0,132000,0,0,0,376000,244000,132000,132000
049621,美食群益94購02  ,0,0,0,0,0,0,0,0,0,132000,0,0,0,142000,10000,132000,132000
05584P,臺股指凱基96售13,0,0,0,0,0,0,0,0,0,131000,0,0,0,254000,123000,131000,131000
05712P,友達統一97售03  ,0,0,0,0,0,0,0,0,0,131000,0,0,0,207000,76000,131000,131000
047141,宏達電兆豐94購01,0,0,0,0,0,0,0,0,0,131000,0,0,0,131000,0,131000,131000
052135,聯發科凱基9B購01,0,0,0,0,0,0,0,0,0,131000,0,0,0,186000,55000,131000,131000
051840,康友國泰97購02  ,0,0,0,0,0,0,0,0,0,131000,0,0,0,581000,450000,131000,131000
3532,台勝科          ,263000,170000,93000,0,0,0,1000,0,1000,37000,0,0,0,46000,9000,37000,131000
06222P,致茂元富97售02  ,0,0,0,0,0,0,0,0,0,130000,0,0,0,130000,0,130000,130000
044228,群創群益91購02  ,0,0,0,0,0,0,0,0,0,130000,0,0,0,130000,0,130000,130000
046142,康舒統一93購01  ,0,0,0,0,0,0,0,0,0,130000,0,0,0,130000,0,130000,130000
047207,晶技國泰94購01  ,0,0,0,0,0,0,0,0,0,130000,0,0,0,130000,0,130000,130000
049371,可成元大94購04  ,0,0,0,0,0,0,0,0,0,130000,0,0,0,140000,10000,130000,130000
048319,嘉晶凱基93購04  ,0,0,0,0,0,0,0,0,0,130000,0,0,0,130000,0,130000,130000
04797P,華新科元大94售04,0,0,0,0,0,0,0,0,0,130000,0,0,0,130000,0,130000,130000
051822,和碩元富95購01  ,0,0,0,0,0,0,0,0,0,130000,0,0,0,130000,0,130000,130000
055136,聯發科富邦99購06,0,0,0,0,0,0,0,0,0,129000,0,0,0,140000,11000,129000,129000
053998,泰鼎群益98購01  ,0,0,0,0,0,0,0,0,0,129000,0,0,0,642000,513000,129000,129000
039951,鴻海群益91購01  ,0,0,0,0,0,0,0,0,0,129000,0,0,0,129000,0,129000,129000
048426,超眾元富93購01  ,0,0,0,0,0,0,0,0,0,129000,0,0,0,329000,200000,129000,129000
051768,臻鼎元大95購04  ,0,0,0,0,0,0,0,0,0,129000,0,0,0,129000,0,129000,129000
05310P,智原永豐95售04  ,0,0,0,0,0,0,0,0,0,129000,0,0,0,129000,0,129000,129000
4961,天鈺            ,129000,15000,114000,0,0,0,0,0,0,15000,0,0,0,16000,1000,15000,129000
05397P,大立光凱基96售08,0,0,0,0,0,0,0,0,0,128000,0,0,0,128000,0,128000,128000
054153,宏達電國泰97購01,0,0,0,0,0,0,0,0,0,128000,0,0,0,128000,0,128000,128000
08218P,滬深2X凱基96售01,0,0,0,0,0,0,0,0,0,128000,0,0,0,130000,2000,128000,128000
044110,智原國票91購02  ,0,0,0,0,0,0,0,0,0,128000,0,0,0,128000,0,128000,128000
050414,泰鼎永豐94購04  ,0,0,0,0,0,0,0,0,0,128000,0,0,0,202000,74000,128000,128000
05096P,台積電日盛95售01,0,0,0,0,0,0,0,0,0,128000,0,0,0,128000,0,128000,128000
048249,嘉澤兆豐94購01  ,0,0,0,0,0,0,0,0,0,128000,0,0,0,208000,80000,128000,128000
052644,聯發科永豐96購01,0,0,0,0,0,0,0,0,0,128000,0,0,0,128000,0,128000,128000
047066,力成凱基93購04  ,0,0,0,0,0,0,0,0,0,127000,0,0,0,153000,26000,127000,127000
046497,鴻海元大92購17  ,0,0,0,0,0,0,0,0,0,127000,0,0,0,132000,5000,127000,127000
052959,聯電凱基97購01  ,0,0,0,0,0,0,0,0,0,127000,0,0,0,138000,11000,127000,127000
052369,矽力國票96購02  ,0,0,0,0,0,0,0,0,0,127000,0,0,0,230000,103000,127000,127000
05764P,世紀鋼永豐96售03,0,0,0,0,0,0,0,0,0,126000,0,0,0,126000,0,126000,126000
05532P,臺股指群益96售05,0,0,0,0,0,0,0,0,0,126000,0,0,0,144000,18000,126000,126000
00783,富邦中証500     ,0,0,0,0,0,0,0,0,0,126000,0,0,0,1082000,956000,126000,126000
049574,新日興統一94購03,0,0,0,0,0,0,0,0,0,126000,0,0,0,136000,10000,126000,126000
048871,晶豪科國票94購01,0,0,0,0,0,0,0,0,0,126000,0,0,0,130000,4000,126000,126000
050954,樺漢群益95購01  ,0,0,0,0,0,0,0,0,0,126000,0,0,0,181000,55000,126000,126000
052321,華擎元大95購01  ,0,0,0,0,0,0,0,0,0,126000,0,0,0,233000,107000,126000,126000
05248P,矽創群益96售01  ,0,0,0,0,0,0,0,0,0,126000,0,0,0,126000,0,126000,126000
053283,同欣電元大96購03,0,0,0,0,0,0,0,0,0,126000,0,0,0,175000,49000,126000,126000
6285,啟碁            ,227000,68000,159000,0,0,0,0,1000,-1000,-32000,6000,81000,-75000,43000,0,43000,126000
054878,和大統一97購02  ,0,0,0,0,0,0,0,0,0,125000,0,0,0,205000,80000,125000,125000
048007,明基材元大96購01,0,0,0,0,0,0,0,0,0,125000,0,0,0,192000,67000,125000,125000
047808,智邦凱基93購07  ,0,0,0,0,0,0,0,0,0,125000,0,0,0,125000,0,125000,125000
054134,強茂元大96購01  ,0,0,0,0,0,0,0,0,0,124000,0,0,0,503000,379000,124000,124000
06089P,矽創永豐97售01  ,0,0,0,0,0,0,0,0,0,124000,0,0,0,124000,0,124000,124000
048731,創意麥證94購01  ,0,0,0,139000,15000,124000,0,0,0,124000,0,0,0,139000,15000,124000,124000
051771,上銀中信95購01  ,0,0,0,0,0,0,0,0,0,124000,0,0,0,136000,12000,124000,124000
054835,致新中信97購01  ,0,0,0,0,0,0,0,0,0,123000,0,0,0,373000,250000,123000,123000
6452,康友-KY         ,184000,44000,140000,0,0,0,0,0,0,-17000,0,1000,-1000,28000,44000,-16000,123000
2845,遠東銀          ,176000,38000,138000,0,0,0,5000,0,5000,-20000,0,20000,-20000,0,0,0,123000
05416P,喬山永豐95售04  ,0,0,0,0,0,0,0,0,0,122000,0,0,0,122000,0,122000,122000
06040P,亞光康和96售03  ,0,0,0,0,0,0,0,0,0,122000,0,0,0,122000,0,122000,122000
04379P,大立光元大94售06,0,0,0,0,0,0,0,0,0,122000,0,0,0,122000,0,122000,122000
053130,聯發科麥證96購01,0,0,0,162000,40000,122000,0,0,0,122000,0,0,0,162000,40000,122000,122000
4746,台耀            ,164000,31000,133000,0,0,0,0,0,0,-11000,0,11000,-11000,0,0,0,122000
05762P,昇陽半永豐96售04,0,0,0,0,0,0,0,0,0,121000,0,0,0,131000,10000,121000,121000
1442,名軒            ,129000,5000,124000,0,0,0,0,0,0,-3000,0,3000,-3000,0,0,0,121000
055406,大毅國泰99購01  ,0,0,0,0,0,0,0,0,0,121000,0,0,0,155000,34000,121000,121000
046298,聯發科富邦94購01,0,0,0,0,0,0,0,0,0,121000,0,0,0,158000,37000,121000,121000
2401,凌陽            ,228000,103000,125000,0,0,0,0,0,0,-4000,0,4000,-4000,0,0,0,121000
054355,上海銀富邦98購01,0,0,0,0,0,0,0,0,0,120000,0,0,0,120000,0,120000,120000
054476,聯發科中信96購03,0,0,0,0,0,0,0,0,0,120000,0,0,0,120000,0,120000,120000
055079,台光電中信97購01,0,0,0,0,0,0,0,0,0,120000,0,0,0,121000,1000,120000,120000
045090,瀚宇博元大93購01,0,0,0,0,0,0,0,0,0,120000,0,0,0,120000,0,120000,120000
044821,瑞儀兆豐93購03  ,0,0,0,0,0,0,0,0,0,120000,0,0,0,120000,0,120000,120000
044898,旺宏凱基93購01  ,0,0,0,0,0,0,0,0,0,120000,0,0,0,183000,63000,120000,120000
049960,嘉聯益統一94購01,0,0,0,0,0,0,0,0,0,120000,0,0,0,141000,21000,120000,120000
050137,臺指反國票96購01,0,0,0,0,0,0,0,0,0,120000,0,0,0,120000,0,120000,120000
045525,智邦永豐92購01  ,0,0,0,0,0,0,0,0,0,120000,0,0,0,120000,0,120000,120000
049466,創意台新94購01  ,0,0,0,0,0,0,0,0,0,120000,0,0,0,120000,0,120000,120000
050214,嘉晶台新94購01  ,0,0,0,0,0,0,0,0,0,120000,0,0,0,120000,0,120000,120000
049669,訊芯國泰95購01  ,0,0,0,0,0,0,0,0,0,120000,0,0,0,120000,0,120000,120000
053429,彩晶永豐96購01  ,0,0,0,0,0,0,0,0,0,120000,0,0,0,120000,0,120000,120000
050891,喬山元大95購01  ,0,0,0,0,0,0,0,0,0,120000,0,0,0,120000,0,120000,120000
049491,聯發科元大95購01,0,0,0,0,0,0,0,0,0,119000,0,0,0,400000,281000,119000,119000
049015,鴻海群益94購03  ,0,0,0,0,0,0,0,0,0,119000,0,0,0,575000,456000,119000,119000
050523,義隆元大94購05  ,0,0,0,0,0,0,0,0,0,119000,0,0,0,177000,58000,119000,119000
050757,聯發科元富94購03,0,0,0,0,0,0,0,0,0,119000,0,0,0,139000,20000,119000,119000
054946,億光元大97購01  ,0,0,0,0,0,0,0,0,0,118000,0,0,0,286000,168000,118000,118000
05445P,聯詠元大95售05  ,0,0,0,0,0,0,0,0,0,118000,0,0,0,130000,12000,118000,118000
04751P,智邦兆豐95售02  ,0,0,0,0,0,0,0,0,0,118000,0,0,0,124000,6000,118000,118000
05197P,智原永豐95售02  ,0,0,0,0,0,0,0,0,0,118000,0,0,0,118000,0,118000,118000
052452,茂林元大95購03  ,0,0,0,0,0,0,0,0,0,118000,0,0,0,198000,80000,118000,118000
054220,國巨統一97購02  ,0,0,0,0,0,0,0,0,0,117000,0,0,0,139000,22000,117000,117000
04378P,大立光元大94售05,0,0,0,0,0,0,0,0,0,117000,0,0,0,117000,0,117000,117000
046981,智伸科兆豐94購01,0,0,0,0,0,0,0,0,0,117000,0,0,0,117000,0,117000,117000
047872,貿聯永豐93購02  ,0,0,0,0,0,0,0,0,0,117000,0,0,0,204000,87000,117000,117000
055711,上銀元大97購04  ,0,0,0,0,0,0,0,0,0,116000,0,0,0,396000,280000,116000,116000
04185P,欣興統一93售05  ,0,0,0,0,0,0,0,0,0,116000,0,0,0,650000,534000,116000,116000
052461,和大統一95購01  ,0,0,0,0,0,0,0,0,0,116000,0,0,0,116000,0,116000,116000
2406,國碩            ,123000,7000,116000,0,0,0,0,0,0,0,0,0,0,0,0,0,116000
05602P,國巨元大96售06  ,0,0,0,0,0,0,0,0,0,115000,0,0,0,145000,30000,115000,115000
055520,矽力中信97購02  ,0,0,0,0,0,0,0,0,0,115000,0,0,0,160000,45000,115000,115000
055400,緯穎統一97購01  ,0,0,0,0,0,0,0,0,0,115000,0,0,0,156000,41000,115000,115000
04275P,南亞科凱基93售08,0,0,0,0,0,0,0,0,0,115000,0,0,0,115000,0,115000,115000
04062P,可成兆豐93售04  ,0,0,0,0,0,0,0,0,0,115000,0,0,0,120000,5000,115000,115000
045892,和鑫元大93購03  ,0,0,0,0,0,0,0,0,0,115000,0,0,0,115000,0,115000,115000
05005P,台表科統一95售01,0,0,0,0,0,0,0,0,0,115000,0,0,0,197000,82000,115000,115000
050152,聯發科群益94購07,0,0,0,0,0,0,0,0,0,115000,0,0,0,138000,23000,115000,115000
052734,台表科國泰98購02,0,0,0,0,0,0,0,0,0,115000,0,0,0,115000,0,115000,115000
052898,樺漢群益96購01  ,0,0,0,0,0,0,0,0,0,115000,0,0,0,125000,10000,115000,115000
053271,喬山元大97購01  ,0,0,0,0,0,0,0,0,0,115000,0,0,0,254000,139000,115000,115000
052245,緯創康和95購01  ,0,0,0,0,0,0,0,0,0,115000,0,0,0,115000,0,115000,115000
051380,禾伸堂群益95購01,0,0,0,0,0,0,0,0,0,115000,0,0,0,309000,194000,115000,115000
8021,尖點            ,175000,54000,121000,0,0,0,0,0,0,-6000,0,6000,-6000,0,0,0,115000
054937,國巨元大97購03  ,0,0,0,0,0,0,0,0,0,114000,0,0,0,124000,10000,114000,114000
050274,GIS元大94購05   ,0,0,0,0,0,0,0,0,0,114000,0,0,0,150000,36000,114000,114000
04102P,臺股指國票93售09,0,0,0,0,0,0,0,0,0,114000,0,0,0,114000,0,114000,114000
049323,百和凱基94購01  ,0,0,0,0,0,0,0,0,0,114000,0,0,0,114000,0,114000,114000
05119P,聯發科國泰96售02,0,0,0,0,0,0,0,0,0,114000,0,0,0,169000,55000,114000,114000
053613,元油反群益9A購02,0,0,0,0,0,0,0,0,0,114000,0,0,0,114000,0,114000,114000
05951P,台積電國票97售05,0,0,0,0,0,0,0,0,0,113000,0,0,0,115000,2000,113000,113000
00680L,元大美債20正2   ,0,0,0,0,0,0,0,0,0,113000,0,0,0,135000,22000,113000,113000
046415,嘉晶元大92購03  ,0,0,0,0,0,0,0,0,0,113000,0,0,0,113000,0,113000,113000
04837P,華新科元大94售05,0,0,0,0,0,0,0,0,0,113000,0,0,0,113000,0,113000,113000
048565,康控元大94購04  ,0,0,0,0,0,0,0,0,0,113000,0,0,0,113000,0,113000,113000
050522,聯發科元大95購03,0,0,0,0,0,0,0,0,0,113000,0,0,0,295000,182000,113000,113000
05866P,致伸元大96售01  ,0,0,0,0,0,0,0,0,0,112000,0,0,0,177000,65000,112000,112000
05828P,台積電統一97售02,0,0,0,0,0,0,0,0,0,112000,0,0,0,422000,310000,112000,112000
06189P,華新科永豐97售03,0,0,0,0,0,0,0,0,0,112000,0,0,0,112000,0,112000,112000
053894,創意群益96購01  ,0,0,0,0,0,0,0,0,0,112000,0,0,0,184000,72000,112000,112000
04787P,台積電永昌96售04,0,0,0,0,0,0,0,0,0,112000,0,0,0,112000,0,112000,112000
052747,京鼎元大97購01  ,0,0,0,0,0,0,0,0,0,112000,0,0,0,389000,277000,112000,112000
055017,緯穎元富97購01  ,0,0,0,0,0,0,0,0,0,111000,0,0,0,130000,19000,111000,111000
05526P,茂林群益96售03  ,0,0,0,0,0,0,0,0,0,111000,0,0,0,113000,2000,111000,111000
044049,元金2X元大94購03,0,0,0,0,0,0,0,0,0,111000,0,0,0,111000,0,111000,111000
04710P,台積電元大94售16,0,0,0,0,0,0,0,0,0,111000,0,0,0,111000,0,111000,111000
052881,康控凱基97購01  ,0,0,0,0,0,0,0,0,0,111000,0,0,0,111000,0,111000,111000
052328,台表科中信99購01,0,0,0,0,0,0,0,0,0,111000,0,0,0,217000,106000,111000,111000
8110,華東            ,480000,302000,178000,0,0,0,0,0,0,-67000,16000,83000,-67000,0,0,0,111000
055647,義隆元富97購01  ,0,0,0,0,0,0,0,0,0,110000,0,0,0,246000,136000,110000,110000
08650P,臺股指元大9C售36,0,0,0,0,0,0,0,0,0,110000,0,0,0,110000,0,110000,110000
054622,漢唐第一97購01  ,0,0,0,0,0,0,0,0,0,110000,0,0,0,110000,0,110000,110000
053982,臻鼎元大96購05  ,0,0,0,0,0,0,0,0,0,110000,0,0,0,110000,0,110000,110000
054198,台積電永昌96購08,0,0,0,0,0,0,0,0,0,110000,0,0,0,110000,0,110000,110000
04235P,鴻海群益93售08  ,0,0,0,0,0,0,0,0,0,110000,0,0,0,110000,0,110000,110000
04504P,台積電元富94售04,0,0,0,0,0,0,0,0,0,110000,0,0,0,110000,0,110000,110000
045263,高鐵凱基92購01  ,0,0,0,0,0,0,0,0,0,110000,0,0,0,110000,0,110000,110000
047975,緯創兆豐93購01  ,0,0,0,0,0,0,0,0,0,110000,0,0,0,145000,35000,110000,110000
049166,元油2X凱基97購02,0,0,0,0,0,0,0,0,0,110000,0,0,0,110000,0,110000,110000
6706,惠特            ,139000,33000,106000,0,0,0,0,0,0,4000,31000,27000,4000,0,0,0,110000
055135,聯發科富邦99購05,0,0,0,0,0,0,0,0,0,109000,0,0,0,110000,1000,109000,109000
054781,台化群益99購01  ,0,0,0,0,0,0,0,0,0,108000,0,0,0,128000,20000,108000,108000
055649,華新科元富97購03,0,0,0,0,0,0,0,0,0,108000,0,0,0,170000,62000,108000,108000
050971,緯穎永豐95購01  ,0,0,0,0,0,0,0,0,0,108000,0,0,0,108000,0,108000,108000
051810,欣興凱基95購03  ,0,0,0,0,0,0,0,0,0,108000,0,0,0,108000,0,108000,108000
052767,智伸科群益98購01,0,0,0,0,0,0,0,0,0,108000,0,0,0,133000,25000,108000,108000
053481,同欣電元大97購01,0,0,0,0,0,0,0,0,0,108000,0,0,0,191000,83000,108000,108000
05906P,國巨元富96售05  ,0,0,0,0,0,0,0,0,0,107000,0,0,0,136000,29000,107000,107000
045059,同欣電國泰93購01,0,0,0,0,0,0,0,0,0,107000,0,0,0,107000,0,107000,107000
04144P,瑞昱凱基93售10  ,0,0,0,0,0,0,0,0,0,107000,0,0,0,107000,0,107000,107000
04987P,昇陽半永豐94售04,0,0,0,0,0,0,0,0,0,107000,0,0,0,123000,16000,107000,107000
048875,晶相光國票94購01,0,0,0,0,0,0,0,0,0,107000,0,0,0,277000,170000,107000,107000
052945,嘉晶國票97購01  ,0,0,0,0,0,0,0,0,0,107000,0,0,0,107000,0,107000,107000
05603P,聯發科元大96售09,0,0,0,0,0,0,0,0,0,106000,0,0,0,111000,5000,106000,106000
053888,和大群益97購01  ,0,0,0,0,0,0,0,0,0,106000,0,0,0,163000,57000,106000,106000
04008P,京元電國票93售01,0,0,0,0,0,0,0,0,0,106000,0,0,0,106000,0,106000,106000
046419,聯鈞元大92購01  ,0,0,0,0,0,0,0,0,0,106000,0,0,0,106000,0,106000,106000
052816,上銀永豐96購01  ,0,0,0,0,0,0,0,0,0,106000,0,0,0,241000,135000,106000,106000
053357,可成統一96購02  ,0,0,0,0,0,0,0,0,0,106000,0,0,0,130000,24000,106000,106000
051446,中壽元大96購01  ,0,0,0,0,0,0,0,0,0,106000,0,0,0,121000,15000,106000,106000
053949,康控富邦9A購01  ,0,0,0,0,0,0,0,0,0,105000,0,0,0,105000,0,105000,105000
054689,華新科永豐97購01,0,0,0,0,0,0,0,0,0,105000,0,0,0,526000,421000,105000,105000
055114,新日興凱基98購01,0,0,0,0,0,0,0,0,0,105000,0,0,0,476000,371000,105000,105000
055300,緯穎元大98購01  ,0,0,0,0,0,0,0,0,0,105000,0,0,0,139000,34000,105000,105000
055212,和大凱基97購02  ,0,0,0,0,0,0,0,0,0,105000,0,0,0,132000,27000,105000,105000
06104P,大立光凱基97售04,0,0,0,0,0,0,0,0,0,105000,0,0,0,105000,0,105000,105000
050006,華擎永豐94購03  ,0,0,0,0,0,0,0,0,0,105000,0,0,0,106000,1000,105000,105000
048884,川湖元富94購01  ,0,0,0,0,0,0,0,0,0,105000,0,0,0,105000,0,105000,105000
048047,全新永豐93購02  ,0,0,0,0,0,0,0,0,0,105000,0,0,0,105000,0,105000,105000
050442,復盛凱基94購01  ,0,0,0,0,0,0,0,0,0,105000,0,0,0,112000,7000,105000,105000
052379,鈺齊元大95購04  ,0,0,0,0,0,0,0,0,0,105000,0,0,0,371000,266000,105000,105000
053464,喬山元大96購01  ,0,0,0,0,0,0,0,0,0,105000,0,0,0,144000,39000,105000,105000
053572,彩晶統一96購01  ,0,0,0,0,0,0,0,0,0,105000,0,0,0,115000,10000,105000,105000
052522,聯發科元大96購05,0,0,0,0,0,0,0,0,0,105000,0,0,0,204000,99000,105000,105000
06092P,嘉聯益統一97售01,0,0,0,0,0,0,0,0,0,104000,0,0,0,104000,0,104000,104000
05434P,世紀鋼元富95售02,0,0,0,0,0,0,0,0,0,104000,0,0,0,104000,0,104000,104000
051087,國巨元大97購01  ,0,0,0,0,0,0,0,0,0,104000,0,0,0,105000,1000,104000,104000
048394,正崴國票94購01  ,0,0,0,0,0,0,0,0,0,104000,0,0,0,104000,0,104000,104000
05398P,康控國票96售03  ,0,0,0,0,0,0,0,0,0,103000,0,0,0,103000,0,103000,103000
05973P,聯詠元大96售06  ,0,0,0,0,0,0,0,0,0,103000,0,0,0,110000,7000,103000,103000
048349,美利達元大96購02,0,0,0,0,0,0,0,0,0,103000,0,0,0,153000,50000,103000,103000
051009,緯創麥證95購01  ,0,0,0,103000,0,103000,0,0,0,103000,0,0,0,103000,0,103000,103000
049507,和大凱基94購01  ,0,0,0,0,0,0,0,0,0,103000,0,0,0,113000,10000,103000,103000
053654,聯發科凱基98購01,0,0,0,0,0,0,0,0,0,103000,0,0,0,130000,27000,103000,103000
04380P,欣興元大94售02  ,0,0,0,0,0,0,0,0,0,102000,0,0,0,102000,0,102000,102000
047260,嘉晶國票93購02  ,0,0,0,0,0,0,0,0,0,102000,0,0,0,112000,10000,102000,102000
051572,上銀元大95購01  ,0,0,0,0,0,0,0,0,0,102000,0,0,0,193000,91000,102000,102000
05936P,台積電凱基96售20,0,0,0,0,0,0,0,0,0,101000,0,0,0,101000,0,101000,101000
055322,欣興國票97購06  ,0,0,0,0,0,0,0,0,0,101000,0,0,0,150000,49000,101000,101000
046589,康控元大92購03  ,0,0,0,0,0,0,0,0,0,101000,0,0,0,101000,0,101000,101000
04685P,訊芯元大94售02  ,0,0,0,0,0,0,0,0,0,101000,0,0,0,101000,0,101000,101000
04507P,台光電元大94售03,0,0,0,0,0,0,0,0,0,101000,0,0,0,101000,0,101000,101000
046042,台勝科元大92購03,0,0,0,0,0,0,0,0,0,101000,0,0,0,101000,0,101000,101000
050456,聯茂元大94購09  ,0,0,0,0,0,0,0,0,0,101000,0,0,0,118000,17000,101000,101000
049834,康控凱基94購01  ,0,0,0,0,0,0,0,0,0,101000,0,0,0,101000,0,101000,101000
048305,深100凱基96購01 ,0,0,0,0,0,0,0,0,0,101000,0,0,0,101000,0,101000,101000
049596,智伸科元大95購01,0,0,0,0,0,0,0,0,0,101000,0,0,0,112000,11000,101000,101000
051611,鈺齊群益95購02  ,0,0,0,0,0,0,0,0,0,101000,0,0,0,178000,77000,101000,101000
051313,緯創麥證95購02  ,0,0,0,101000,0,101000,0,0,0,101000,0,0,0,101000,0,101000,101000
051869,康控凱基96購01  ,0,0,0,0,0,0,0,0,0,101000,0,0,0,135000,34000,101000,101000
4968,立積            ,452000,320000,132000,0,0,0,0,0,0,-31000,0,31000,-31000,0,0,0,101000
5607,遠雄港          ,186000,86000,100000,0,0,0,0,0,0,1000,5000,4000,1000,0,0,0,101000
055208,京鼎康和97購02  ,0,0,0,0,0,0,0,0,0,100000,0,0,0,100000,0,100000,100000
055497,開發金元大97購01,0,0,0,0,0,0,0,0,0,100000,0,0,0,100000,0,100000,100000
05914P,友達元大96售04  ,0,0,0,0,0,0,0,0,0,100000,0,0,0,196000,96000,100000,100000
08469P,富邦金凱基9C售01,0,0,0,0,0,0,0,0,0,100000,0,0,0,100000,0,100000,100000
08962P,大立光凱基03售05,0,0,0,0,0,0,0,0,0,100000,0,0,0,100000,0,100000,100000
053848,聯發科元富96購03,0,0,0,0,0,0,0,0,0,100000,0,0,0,110000,10000,100000,100000
054219,楠梓電統一97購01,0,0,0,0,0,0,0,0,0,100000,0,0,0,100000,0,100000,100000
054754,昇陽半凱基98購02,0,0,0,0,0,0,0,0,0,100000,0,0,0,100000,0,100000,100000
054617,超眾永豐97購01  ,0,0,0,0,0,0,0,0,0,100000,0,0,0,100000,0,100000,100000
04602P,聯詠凱基94售02  ,0,0,0,0,0,0,0,0,0,100000,0,0,0,100000,0,100000,100000
04630P,嘉聯益元大95售02,0,0,0,0,0,0,0,0,0,100000,0,0,0,100000,0,100000,100000
046321,群創元大92購07  ,0,0,0,0,0,0,0,0,0,100000,0,0,0,100000,0,100000,100000
044985,聯茂國票92購01  ,0,0,0,0,0,0,0,0,0,100000,0,0,0,100000,0,100000,100000
044843,聯茂元富91購05  ,0,0,0,0,0,0,0,0,0,100000,0,0,0,100000,0,100000,100000
045786,台勝科元大92購02,0,0,0,0,0,0,0,0,0,100000,0,0,0,102000,2000,100000,100000
047042,佐登群益93購01  ,0,0,0,0,0,0,0,0,0,100000,0,0,0,129000,29000,100000,100000
046440,義隆亞東93購01  ,0,0,0,0,0,0,0,0,0,100000,0,0,0,100000,0,100000,100000
046812,為升凱基93購02  ,0,0,0,0,0,0,0,0,0,100000,0,0,0,100000,0,100000,100000
050430,京元電凱基94購03,0,0,0,0,0,0,0,0,0,100000,0,0,0,100000,0,100000,100000
04260P,亞德客群益93售01,0,0,0,0,0,0,0,0,0,100000,0,0,0,100000,0,100000,100000
04244P,可成元大93售12  ,0,0,0,0,0,0,0,0,0,100000,0,0,0,100000,0,100000,100000
045559,奇鋐國票92購01  ,0,0,0,0,0,0,0,0,0,100000,0,0,0,100000,0,100000,100000
046484,華泰國泰93購01  ,0,0,0,0,0,0,0,0,0,100000,0,0,0,100000,0,100000,100000
043937,華通兆豐92購01  ,0,0,0,0,0,0,0,0,0,100000,0,0,0,100000,0,100000,100000
04416P,牧德元富94售06  ,0,0,0,0,0,0,0,0,0,100000,0,0,0,300000,200000,100000,100000
044532,康控富邦93購01  ,0,0,0,0,0,0,0,0,0,100000,0,0,0,105000,5000,100000,100000
043289,欣興元大92購01  ,0,0,0,0,0,0,0,0,0,100000,0,0,0,100000,0,100000,100000
04375P,卜蜂元大94售01  ,0,0,0,0,0,0,0,0,0,100000,0,0,0,100000,0,100000,100000
04377P,大立光元大94售04,0,0,0,0,0,0,0,0,0,100000,0,0,0,100000,0,100000,100000
043696,瑞儀兆豐93購01  ,0,0,0,0,0,0,0,0,0,100000,0,0,0,100000,0,100000,100000
04428P,台光電元大94售02,0,0,0,0,0,0,0,0,0,100000,0,0,0,100000,0,100000,100000
04103P,臺股指國票93售10,0,0,0,0,0,0,0,0,0,100000,0,0,0,130000,30000,100000,100000
041150,群創富邦91購01  ,0,0,0,0,0,0,0,0,0,100000,0,0,0,100000,0,100000,100000
040578,SP黃豆元富95購03,0,0,0,0,0,0,0,0,0,100000,0,0,0,100000,0,100000,100000
03825P,聯詠元大93售02  ,0,0,0,0,0,0,0,0,0,100000,0,0,0,100000,0,100000,100000
04014P,聯發科元大93售18,0,0,0,0,0,0,0,0,0,100000,0,0,0,100000,0,100000,100000
049591,開發金元大98購01,0,0,0,0,0,0,0,0,0,100000,0,0,0,100000,0,100000,100000
048774,麗豐凱基94購04  ,0,0,0,0,0,0,0,0,0,100000,0,0,0,100000,0,100000,100000
04858P,健策元富94售01  ,0,0,0,0,0,0,0,0,0,100000,0,0,0,100000,0,100000,100000
048643,強茂元大94購01  ,0,0,0,0,0,0,0,0,0,100000,0,0,0,100000,0,100000,100000
049144,瑞昱元大94購03  ,0,0,0,0,0,0,0,0,0,100000,0,0,0,100000,0,100000,100000
048543,統一永豐93購01  ,0,0,0,0,0,0,0,0,0,100000,0,0,0,100000,0,100000,100000
048053,美利達中信93購01,0,0,0,0,0,0,0,0,0,100000,0,0,0,100000,0,100000,100000
047772,泰鼎元大93購05  ,0,0,0,0,0,0,0,0,0,100000,0,0,0,253000,153000,100000,100000
050443,復盛凱基94購02  ,0,0,0,0,0,0,0,0,0,100000,0,0,0,100000,0,100000,100000
047750,開發金元富93購01,0,0,0,0,0,0,0,0,0,100000,0,0,0,300000,200000,100000,100000
047094,聯發科麥證93購02,0,0,0,100000,2000,98000,0,0,0,100000,0,0,0,102000,2000,100000,100000
051238,中環元大96購01  ,0,0,0,0,0,0,0,0,0,100000,0,0,0,100000,0,100000,100000
051166,可成元大95購02  ,0,0,0,0,0,0,0,0,0,100000,0,0,0,100000,0,100000,100000
052299,T50反1台新05購03,0,0,0,0,0,0,0,0,0,100000,0,0,0,100000,0,100000,100000
05363P,臺股指富邦95售03,0,0,0,0,0,0,0,0,0,100000,0,0,0,100000,0,100000,100000
053609,華新中信9A購01  ,0,0,0,0,0,0,0,0,0,100000,0,0,0,100000,0,100000,100000
053789,彩晶元大9C購02  ,0,0,0,0,0,0,0,0,0,100000,0,0,0,100000,0,100000,100000
053803,聯發科凱基96購18,0,0,0,0,0,0,0,0,0,100000,0,0,0,185000,85000,100000,100000
05343P,臺股指統一95售03,0,0,0,0,0,0,0,0,0,100000,0,0,0,100000,0,100000,100000
053389,彩晶元大98購01  ,0,0,0,0,0,0,0,0,0,100000,0,0,0,100000,0,100000,100000
053390,彩晶元大9A購01  ,0,0,0,0,0,0,0,0,0,100000,0,0,0,100000,0,100000,100000
052463,聯電統一96購01  ,0,0,0,0,0,0,0,0,0,100000,0,0,0,100000,0,100000,100000
055076,福懋科永豐97購01,0,0,0,0,0,0,0,0,0,99000,0,0,0,99000,0,99000,99000
053970,聯發科元大97購08,0,0,0,0,0,0,0,0,0,99000,0,0,0,103000,4000,99000,99000
06042P,華新科永豐96售04,0,0,0,0,0,0,0,0,0,99000,0,0,0,357000,258000,99000,99000
05998P,台積電元大97售12,0,0,0,0,0,0,0,0,0,99000,0,0,0,109000,10000,99000,99000
05814P,臺股指國票96售07,0,0,0,0,0,0,0,0,0,99000,0,0,0,99000,0,99000,99000
05684P,臺股指元大96售09,0,0,0,0,0,0,0,0,0,99000,0,0,0,206000,107000,99000,99000
03833P,台光電群益93售01,0,0,0,0,0,0,0,0,0,99000,0,0,0,99000,0,99000,99000
046350,上銀群益92購02  ,0,0,0,0,0,0,0,0,0,99000,0,0,0,132000,33000,99000,99000
05094P,大立光元大95售07,0,0,0,0,0,0,0,0,0,99000,0,0,0,104000,5000,99000,99000
049026,晶相光群益94購01,0,0,0,0,0,0,0,0,0,99000,0,0,0,1006000,907000,99000,99000
053751,康控永豐96購02  ,0,0,0,0,0,0,0,0,0,99000,0,0,0,99000,0,99000,99000
051926,聯電中信97購01  ,0,0,0,0,0,0,0,0,0,99000,0,0,0,149000,50000,99000,99000
1709,和益            ,101000,2000,99000,0,0,0,0,0,0,0,0,0,0,0,0,0,99000
06078P,臺股指凱基9A售01,0,0,0,0,0,0,0,0,0,98000,0,0,0,120000,22000,98000,98000
06109P,華新科群益97售05,0,0,0,0,0,0,0,0,0,98000,0,0,0,150000,52000,98000,98000
055707,聯鈞永豐98購01  ,0,0,0,0,0,0,0,0,0,98000,0,0,0,98000,0,98000,98000
055591,全新元大98購01  ,0,0,0,0,0,0,0,0,0,98000,0,0,0,130000,32000,98000,98000
044996,嘉晶國泰95購01  ,0,0,0,0,0,0,0,0,0,98000,0,0,0,107000,9000,98000,98000
04684P,欣興元大94售07  ,0,0,0,0,0,0,0,0,0,98000,0,0,0,103000,5000,98000,98000
052355,為升永豐95購02  ,0,0,0,0,0,0,0,0,0,98000,0,0,0,221000,123000,98000,98000
051499,康控群益95購02  ,0,0,0,0,0,0,0,0,0,98000,0,0,0,140000,42000,98000,98000
053791,同欣電元大96購05,0,0,0,0,0,0,0,0,0,98000,0,0,0,127000,29000,98000,98000
055238,茂林台新97購01  ,0,0,0,0,0,0,0,0,0,97000,0,0,0,222000,125000,97000,97000
00659R,國泰日本反1     ,0,0,0,0,0,0,0,0,0,97000,0,0,0,97000,0,97000,97000
048793,超眾元大95購02  ,0,0,0,0,0,0,0,0,0,97000,0,0,0,105000,8000,97000,97000
052446,聯發科元大96購03,0,0,0,0,0,0,0,0,0,97000,0,0,0,129000,32000,97000,97000
052950,超眾國票98購01  ,0,0,0,0,0,0,0,0,0,97000,0,0,0,227000,130000,97000,97000
051791,智伸科國票96購01,0,0,0,0,0,0,0,0,0,97000,0,0,0,107000,10000,97000,97000
051696,新日興中信96購01,0,0,0,0,0,0,0,0,0,97000,0,0,0,608000,511000,97000,97000
06071P,大立光永豐97售01,0,0,0,0,0,0,0,0,0,96000,0,0,0,105000,9000,96000,96000
054395,華新科永豐96購03,0,0,0,0,0,0,0,0,0,96000,0,0,0,277000,181000,96000,96000
054459,鈺齊群益96購01  ,0,0,0,0,0,0,0,0,0,96000,0,0,0,154000,58000,96000,96000
046105,同欣電永豐92購02,0,0,0,0,0,0,0,0,0,96000,0,0,0,115000,19000,96000,96000
047810,聯發科凱基93購22,0,0,0,0,0,0,0,0,0,96000,0,0,0,97000,1000,96000,96000
051301,聯發科凱基95購08,0,0,0,0,0,0,0,0,0,96000,0,0,0,435000,339000,96000,96000
048516,麗豐凱基93購02  ,0,0,0,0,0,0,0,0,0,96000,0,0,0,111000,15000,96000,96000
053821,群創群益98購08  ,0,0,0,0,0,0,0,0,0,96000,0,0,0,159000,63000,96000,96000
053395,致茂中信96購01  ,0,0,0,0,0,0,0,0,0,96000,0,0,0,158000,62000,96000,96000
06061P,訊芯統一97售01  ,0,0,0,0,0,0,0,0,0,95000,0,0,0,124000,29000,95000,95000
055235,金寶台新98購01  ,0,0,0,0,0,0,0,0,0,95000,0,0,0,109000,14000,95000,95000
046987,智邦凱基93購04  ,0,0,0,0,0,0,0,0,0,95000,0,0,0,95000,0,95000,95000
050282,T50反1凱基97購01,0,0,0,0,0,0,0,0,0,95000,0,0,0,95000,0,95000,95000
03916P,亞德客凱基93售03,0,0,0,0,0,0,0,0,0,95000,0,0,0,95000,0,95000,95000
04767P,台積電國泰95售04,0,0,0,0,0,0,0,0,0,95000,0,0,0,130000,35000,95000,95000
051160,亞德客元大95購02,0,0,0,0,0,0,0,0,0,95000,0,0,0,130000,35000,95000,95000
048326,滬深2X國泰94購03,0,0,0,0,0,0,0,0,0,95000,0,0,0,145000,50000,95000,95000
053735,矽力中信97購01  ,0,0,0,0,0,0,0,0,0,95000,0,0,0,281000,186000,95000,95000
052154,緯創台新95購01  ,0,0,0,0,0,0,0,0,0,95000,0,0,0,95000,0,95000,95000
05154P,台積電兆豐95售05,0,0,0,0,0,0,0,0,0,95000,0,0,0,108000,13000,95000,95000
1319,東陽            ,323900,133000,190900,0,0,0,71000,153000,-82000,-14000,46000,40000,6000,7000,27000,-20000,94900
054058,晶豪科國票98購01,0,0,0,0,0,0,0,0,0,94000,0,0,0,105000,11000,94000,94000
03885P,華新科統一96售01,0,0,0,0,0,0,0,0,0,94000,0,0,0,104000,10000,94000,94000
049259,聯發科元大94購04,0,0,0,0,0,0,0,0,0,94000,0,0,0,144000,50000,94000,94000
050439,新日興凱基94購01,0,0,0,0,0,0,0,0,0,94000,0,0,0,500000,406000,94000,94000
053978,創意元大96購05  ,0,0,0,0,0,0,0,0,0,93000,0,0,0,442000,349000,93000,93000
06172P,台虹永豐97售02  ,0,0,0,0,0,0,0,0,0,93000,0,0,0,161000,68000,93000,93000
044061,聯發科元大92購03,0,0,0,0,0,0,0,0,0,93000,0,0,0,103000,10000,93000,93000
046574,泰鼎國泰94購01  ,0,0,0,0,0,0,0,0,0,93000,0,0,0,455000,362000,93000,93000
045324,嘉晶統一92購01  ,0,0,0,0,0,0,0,0,0,93000,0,0,0,93000,0,93000,93000
047299,樺漢元富93購01  ,0,0,0,0,0,0,0,0,0,93000,0,0,0,114000,21000,93000,93000
047737,義隆麥證94購01  ,0,0,0,156000,63000,93000,0,0,0,93000,0,0,0,156000,63000,93000,93000
048514,嘉澤凱基93購06  ,0,0,0,0,0,0,0,0,0,93000,0,0,0,179000,86000,93000,93000
049756,瀚宇博永豐94購01,0,0,0,0,0,0,0,0,0,93000,0,0,0,93000,0,93000,93000
047457,旺宏群益95購01  ,0,0,0,0,0,0,0,0,0,93000,0,0,0,125000,32000,93000,93000
048947,凌華永豐94購01  ,0,0,0,0,0,0,0,0,0,93000,0,0,0,103000,10000,93000,93000
052292,緯穎元富95購02  ,0,0,0,0,0,0,0,0,0,93000,0,0,0,113000,20000,93000,93000
053189,聯發科統一96購05,0,0,0,0,0,0,0,0,0,93000,0,0,0,93000,0,93000,93000
06088P,建準永豐97售01  ,0,0,0,0,0,0,0,0,0,92000,0,0,0,92000,0,92000,92000
053845,和大元富96購01  ,0,0,0,0,0,0,0,0,0,92000,0,0,0,97000,5000,92000,92000
054098,嘉晶國票97購04  ,0,0,0,0,0,0,0,0,0,92000,0,0,0,114000,22000,92000,92000
046788,貿聯永豐93購01  ,0,0,0,0,0,0,0,0,0,92000,0,0,0,102000,10000,92000,92000
03821P,上海銀統一95售01,0,0,0,0,0,0,0,0,0,92000,0,0,0,308000,216000,92000,92000
00714,群益道瓊美國地產,0,0,0,0,0,0,0,0,0,92000,0,0,0,92000,0,92000,92000
049269,超眾元大96購02  ,0,0,0,0,0,0,0,0,0,92000,0,0,0,100000,8000,92000,92000
048712,樺漢台新94購01  ,0,0,0,0,0,0,0,0,0,92000,0,0,0,153000,61000,92000,92000
050921,旺宏凱基95購02  ,0,0,0,0,0,0,0,0,0,92000,0,0,0,147000,55000,92000,92000
05323P,瑞昱凱基96售02  ,0,0,0,0,0,0,0,0,0,92000,0,0,0,155000,63000,92000,92000
3048,益登            ,118000,22000,96000,0,0,0,0,0,0,-4000,0,4000,-4000,0,0,0,92000
054597,南亞台新97購01  ,0,0,0,0,0,0,0,0,0,91000,0,0,0,91000,0,91000,91000
054824,同欣電元大97購04,0,0,0,0,0,0,0,0,0,91000,0,0,0,122000,31000,91000,91000
05596P,可成統一96售01  ,0,0,0,0,0,0,0,0,0,91000,0,0,0,91000,0,91000,91000
040721,大立光富邦92購01,0,0,0,0,0,0,0,0,0,91000,0,0,0,92000,1000,91000,91000
048918,上証2X永豐94購01,0,0,0,0,0,0,0,0,0,91000,0,0,0,100000,9000,91000,91000
04954P,健策國票96售01  ,0,0,0,0,0,0,0,0,0,91000,0,0,0,97000,6000,91000,91000
052489,義隆國票96購02  ,0,0,0,0,0,0,0,0,0,91000,0,0,0,149000,58000,91000,91000
052294,創意國票96購03  ,0,0,0,0,0,0,0,0,0,91000,0,0,0,91000,0,91000,91000
051507,彩晶元富95購01  ,0,0,0,0,0,0,0,0,0,91000,0,0,0,101000,10000,91000,91000
05088P,大立光富邦99售01,0,0,0,0,0,0,0,0,0,91000,0,0,0,91000,0,91000,91000
3504,揚明光          ,117000,28000,89000,0,0,0,0,0,0,2000,0,1000,-1000,4000,1000,3000,91000
055408,力成國泰98購01  ,0,0,0,0,0,0,0,0,0,90000,0,0,0,90000,0,90000,90000
05813P,臺股指國票96售06,0,0,0,0,0,0,0,0,0,90000,0,0,0,500000,410000,90000,90000
05779P,台積電統一96售06,0,0,0,0,0,0,0,0,0,90000,0,0,0,313000,223000,90000,90000
05901P,臺股指凱基9C售01,0,0,0,0,0,0,0,0,0,90000,0,0,0,90000,0,90000,90000
05896P,宏達電群益96售03,0,0,0,0,0,0,0,0,0,90000,0,0,0,90000,0,90000,90000
054804,南亞元大9A購01  ,0,0,0,0,0,0,0,0,0,90000,0,0,0,90000,0,90000,90000
05506P,茂林凱基96售03  ,0,0,0,0,0,0,0,0,0,90000,0,0,0,120000,30000,90000,90000
03678P,欣興元大92售09  ,0,0,0,0,0,0,0,0,0,90000,0,0,0,90000,0,90000,90000
00739,元大MSCI A股    ,0,0,0,0,0,0,0,0,0,90000,0,0,0,497000,407000,90000,90000
046935,義隆元富93購01  ,0,0,0,0,0,0,0,0,0,90000,0,0,0,92000,2000,90000,90000
048856,高鐵群益94購01  ,0,0,0,0,0,0,0,0,0,90000,0,0,0,115000,25000,90000,90000
051233,力成群益97購01  ,0,0,0,0,0,0,0,0,0,90000,0,0,0,100000,10000,90000,90000
048342,強茂元大93購01  ,0,0,0,0,0,0,0,0,0,90000,0,0,0,90000,0,90000,90000
050622,昇陽半元大94購05,0,0,0,0,0,0,0,0,0,90000,0,0,0,90000,0,90000,90000
052168,鴻海元大96購10  ,0,0,0,0,0,0,0,0,0,90000,0,0,0,300000,210000,90000,90000
052713,智邦凱基96購01  ,0,0,0,0,0,0,0,0,0,90000,0,0,0,90000,0,90000,90000
054628,可成凱基98購01  ,0,0,0,0,0,0,0,0,0,89000,0,0,0,200000,111000,89000,89000
05447P,臺股指元大95售24,0,0,0,0,0,0,0,0,0,89000,0,0,0,141000,52000,89000,89000
05448P,臺股指元大95售25,0,0,0,0,0,0,0,0,0,89000,0,0,0,120000,31000,89000,89000
06136P,華新科國泰99售02,0,0,0,0,0,0,0,0,0,89000,0,0,0,149000,60000,89000,89000
055251,華新科統一99購01,0,0,0,0,0,0,0,0,0,89000,0,0,0,161000,72000,89000,89000
055325,佐登國票98購01  ,0,0,0,0,0,0,0,0,0,89000,0,0,0,89000,0,89000,89000
047143,為升群益93購01  ,0,0,0,0,0,0,0,0,0,89000,0,0,0,104000,15000,89000,89000
047845,美利達元大93購02,0,0,0,0,0,0,0,0,0,89000,0,0,0,89000,0,89000,89000
053136,彩晶國票97購01  ,0,0,0,0,0,0,0,0,0,89000,0,0,0,89000,0,89000,89000
2867,三商壽          ,272000,167000,105000,0,0,0,0,0,0,-16000,0,16000,-16000,0,0,0,89000
2023,燁輝            ,234200,111000,123200,0,0,0,0,0,0,-35000,0,35000,-35000,0,0,0,88200
05889P,群創元大98售02  ,0,0,0,0,0,0,0,0,0,88000,0,0,0,123000,35000,88000,88000
047034,東陽群益93購01  ,0,0,0,0,0,0,0,0,0,88000,0,0,0,120000,32000,88000,88000
046132,致新元大92購01  ,0,0,0,0,0,0,0,0,0,88000,0,0,0,101000,13000,88000,88000
04115P,欣興群益93售06  ,0,0,0,0,0,0,0,0,0,88000,0,0,0,108000,20000,88000,88000
047212,宏達電富邦97購01,0,0,0,0,0,0,0,0,0,88000,0,0,0,101000,13000,88000,88000
05126P,牧德群益95售01  ,0,0,0,0,0,0,0,0,0,88000,0,0,0,90000,2000,88000,88000
051699,世紀鋼麥證95購01,0,0,0,100000,12000,88000,0,0,0,88000,0,0,0,100000,12000,88000,88000
050703,矽格凱基94購02  ,0,0,0,0,0,0,0,0,0,88000,0,0,0,88000,0,88000,88000
05078P,義隆永豐95售01  ,0,0,0,0,0,0,0,0,0,88000,0,0,0,88000,0,88000,88000
050578,聯發科國票95購03,0,0,0,0,0,0,0,0,0,88000,0,0,0,90000,2000,88000,88000
4551,智伸科          ,141000,60000,81000,0,0,0,80000,16000,64000,-57000,22000,52000,-30000,1000,28000,-27000,88000
055228,聯發科國票98購03,0,0,0,0,0,0,0,0,0,87000,0,0,0,88000,1000,87000,87000
053889,致茂群益97購01  ,0,0,0,0,0,0,0,0,0,87000,0,0,0,146000,59000,87000,87000
045410,華邦電群益94購01,0,0,0,0,0,0,0,0,0,87000,0,0,0,118000,31000,87000,87000
051040,漢唐永豐95購01  ,0,0,0,0,0,0,0,0,0,87000,0,0,0,132000,45000,87000,87000
048357,漢唐永豐93購04  ,0,0,0,0,0,0,0,0,0,87000,0,0,0,88000,1000,87000,87000
047938,台化國票93購01  ,0,0,0,0,0,0,0,0,0,87000,0,0,0,87000,0,87000,87000
050850,訊連國票96購01  ,0,0,0,0,0,0,0,0,0,87000,0,0,0,99000,12000,87000,87000
052091,緯創元大95購04  ,0,0,0,0,0,0,0,0,0,87000,0,0,0,107000,20000,87000,87000
052819,義隆永豐96購01  ,0,0,0,0,0,0,0,0,0,87000,0,0,0,413000,326000,87000,87000
053532,台積電永豐96購03,0,0,0,0,0,0,0,0,0,87000,0,0,0,842000,755000,87000,87000
3583,辛耘            ,111000,22000,89000,0,0,0,0,0,0,-2000,0,2000,-2000,0,0,0,87000
05890P,彩晶元大99售01  ,0,0,0,0,0,0,0,0,0,86000,0,0,0,86000,0,86000,86000
046848,和大元大93購01  ,0,0,0,0,0,0,0,0,0,86000,0,0,0,86000,0,86000,86000
050251,樺漢凱基94購02  ,0,0,0,0,0,0,0,0,0,86000,0,0,0,108000,22000,86000,86000
050091,喬山永豐94購02  ,0,0,0,0,0,0,0,0,0,86000,0,0,0,111000,25000,86000,86000
044579,臻鼎凱基92購02  ,0,0,0,0,0,0,0,0,0,86000,0,0,0,86000,0,86000,86000
048031,全新凱基93購02  ,0,0,0,0,0,0,0,0,0,86000,0,0,0,274000,188000,86000,86000
047601,上海銀中信93購01,0,0,0,0,0,0,0,0,0,86000,0,0,0,86000,0,86000,86000
050933,南亞國票95購01  ,0,0,0,0,0,0,0,0,0,86000,0,0,0,114000,28000,86000,86000
050653,聯鈞凱基96購01  ,0,0,0,0,0,0,0,0,0,86000,0,0,0,101000,15000,86000,86000
052466,聯詠統一95購03  ,0,0,0,0,0,0,0,0,0,86000,0,0,0,86000,0,86000,86000
052285,康控凱基95購02  ,0,0,0,0,0,0,0,0,0,86000,0,0,0,143000,57000,86000,86000
051766,泰鼎元大95購02  ,0,0,0,0,0,0,0,0,0,86000,0,0,0,402000,316000,86000,86000
6715,嘉基            ,92000,12000,80000,0,0,0,0,0,0,6000,9000,3000,6000,0,0,0,86000
046864,和大統一97購01  ,0,0,0,0,0,0,0,0,0,85000,0,0,0,446000,361000,85000,85000
050331,鈺齊永豐94購02  ,0,0,0,0,0,0,0,0,0,85000,0,0,0,176000,91000,85000,85000
049585,旺宏元大95購02  ,0,0,0,0,0,0,0,0,0,85000,0,0,0,133000,48000,85000,85000
04938P,亞德客國票95售01,0,0,0,0,0,0,0,0,0,85000,0,0,0,94000,9000,85000,85000
051774,聯茂中信96購01  ,0,0,0,0,0,0,0,0,0,85000,0,0,0,100000,15000,85000,85000
051527,台郡凱基95購03  ,0,0,0,0,0,0,0,0,0,85000,0,0,0,85000,0,85000,85000
052829,上銀群益96購01  ,0,0,0,0,0,0,0,0,0,85000,0,0,0,179000,94000,85000,85000
05915P,聯發科元大96售19,0,0,0,0,0,0,0,0,0,84000,0,0,0,107000,23000,84000,84000
054637,智邦中信98購01  ,0,0,0,0,0,0,0,0,0,84000,0,0,0,129000,45000,84000,84000
050073,傳奇凱基94購02  ,0,0,0,0,0,0,0,0,0,84000,0,0,0,84000,0,84000,84000
044592,元油2X國票93購02,0,0,0,0,0,0,0,0,0,84000,0,0,0,85000,1000,84000,84000
04223P,友達統一93售05  ,0,0,0,0,0,0,0,0,0,84000,0,0,0,129000,45000,84000,84000
04547P,高鐵元大94售01  ,0,0,0,0,0,0,0,0,0,84000,0,0,0,85000,1000,84000,84000
049681,旺宏統一94購04  ,0,0,0,0,0,0,0,0,0,84000,0,0,0,180000,96000,84000,84000
049691,可成元大94購06  ,0,0,0,0,0,0,0,0,0,84000,0,0,0,100000,16000,84000,84000
052067,中磊兆豐96購01  ,0,0,0,0,0,0,0,0,0,84000,0,0,0,175000,91000,84000,84000
1476,儒鴻            ,301686,230000,71686,0,0,0,0,0,0,12000,12000,7000,5000,10000,3000,7000,83686
054769,創意國票98購01  ,0,0,0,0,0,0,0,0,0,83000,0,0,0,83000,0,83000,83000
055129,鈺齊兆豐97購01  ,0,0,0,0,0,0,0,0,0,83000,0,0,0,96000,13000,83000,83000
047679,中磊台新93購01  ,0,0,0,0,0,0,0,0,0,83000,0,0,0,83000,0,83000,83000
051824,華通元大95購07  ,0,0,0,0,0,0,0,0,0,83000,0,0,0,85000,2000,83000,83000
050490,上証2X國泰95購01,0,0,0,0,0,0,0,0,0,83000,0,0,0,110000,27000,83000,83000
052967,智邦群益96購01  ,0,0,0,0,0,0,0,0,0,83000,0,0,0,180000,97000,83000,83000
053786,新日興元大96購02,0,0,0,0,0,0,0,0,0,83000,0,0,0,124000,41000,83000,83000
3535,晶彩科          ,149000,66000,83000,0,0,0,0,0,0,0,0,0,0,0,0,0,83000
2301,光寶科          ,1750992,1652000,98992,0,0,0,3000,0,3000,-19000,1000,51000,-50000,41000,10000,31000,82992
05473P,聯詠統一97售02  ,0,0,0,0,0,0,0,0,0,82000,0,0,0,84000,2000,82000,82000
05449P,臺股指元大95售26,0,0,0,0,0,0,0,0,0,82000,0,0,0,82000,0,82000,82000
055704,亞德客永豐97購04,0,0,0,0,0,0,0,0,0,82000,0,0,0,82000,0,82000,82000
00762,元大全球AI      ,0,0,0,0,0,0,0,0,0,82000,0,0,0,104000,22000,82000,82000
045206,創意國泰93購02  ,0,0,0,0,0,0,0,0,0,82000,0,0,0,217000,135000,82000,82000
045826,樺漢凱基92購02  ,0,0,0,0,0,0,0,0,0,82000,0,0,0,82000,0,82000,82000
051057,信邦群益95購01  ,0,0,0,0,0,0,0,0,0,82000,0,0,0,158000,76000,82000,82000
053743,康控國票97購02  ,0,0,0,0,0,0,0,0,0,82000,0,0,0,138000,56000,82000,82000
052529,力成元大95購03  ,0,0,0,0,0,0,0,0,0,82000,0,0,0,92000,10000,82000,82000
052560,康舒國票97購01  ,0,0,0,0,0,0,0,0,0,82000,0,0,0,94000,12000,82000,82000
05278P,台郡元富95售02  ,0,0,0,0,0,0,0,0,0,82000,0,0,0,82000,0,82000,82000
050724,國巨國票96購01  ,0,0,0,0,0,0,0,0,0,82000,0,0,0,100000,18000,82000,82000
050642,和大凱基94購03  ,0,0,0,0,0,0,0,0,0,82000,0,0,0,83000,1000,82000,82000
05656P,台表科統一96售01,0,0,0,0,0,0,0,0,0,81000,0,0,0,467000,386000,81000,81000
05924P,超眾元富96售04  ,0,0,0,0,0,0,0,0,0,81000,0,0,0,141000,60000,81000,81000
04148P,GIS凱基93售05   ,0,0,0,0,0,0,0,0,0,81000,0,0,0,117000,36000,81000,81000
04310P,京元電統一93售03,0,0,0,0,0,0,0,0,0,81000,0,0,0,81000,0,81000,81000
047104,和大元大93購02  ,0,0,0,0,0,0,0,0,0,81000,0,0,0,81000,0,81000,81000
050388,鴻海統一94購09  ,0,0,0,0,0,0,0,0,0,81000,0,0,0,319000,238000,81000,81000
049152,大立光元大95購06,0,0,0,0,0,0,0,0,0,81000,0,0,0,91000,10000,81000,81000
047909,超眾元大93購03  ,0,0,0,0,0,0,0,0,0,81000,0,0,0,91000,10000,81000,81000
05068P,鴻海統一95售06  ,0,0,0,0,0,0,0,0,0,81000,0,0,0,161000,80000,81000,81000
06171P,台積電統一97售06,0,0,0,0,0,0,0,0,0,80000,0,0,0,100000,20000,80000,80000
06180P,禾伸堂群益97售01,0,0,0,0,0,0,0,0,0,80000,0,0,0,96000,16000,80000,80000
05631P,國巨富邦9A售01  ,0,0,0,0,0,0,0,0,0,80000,0,0,0,170000,90000,80000,80000
05610P,國巨群益98售01  ,0,0,0,0,0,0,0,0,0,80000,0,0,0,80000,0,80000,80000
05476P,聯發科群益95售06,0,0,0,0,0,0,0,0,0,80000,0,0,0,80000,0,80000,80000
04216P,燿華國票93售02  ,0,0,0,0,0,0,0,0,0,80000,0,0,0,80000,0,80000,80000
044182,鴻海元富92購01  ,0,0,0,0,0,0,0,0,0,80000,0,0,0,100000,20000,80000,80000
03689P,TPK元富93售01   ,0,0,0,0,0,0,0,0,0,80000,0,0,0,80000,0,80000,80000
03882P,鴻海元大93售10  ,0,0,0,0,0,0,0,0,0,80000,0,0,0,80000,0,80000,80000
03520P,臺股指國票02售09,0,0,0,0,0,0,0,0,0,80000,0,0,0,80000,0,80000,80000
046832,嘉晶群益93購01  ,0,0,0,0,0,0,0,0,0,80000,0,0,0,90000,10000,80000,80000
048538,美利達國票94購01,0,0,0,0,0,0,0,0,0,80000,0,0,0,80000,0,80000,80000
049334,上銀統一94購01  ,0,0,0,0,0,0,0,0,0,80000,0,0,0,90000,10000,80000,80000
050657,宏達電麥證94購01,0,0,0,280000,200000,80000,0,0,0,80000,0,0,0,280000,200000,80000,80000
051073,同欣電國票96購01,0,0,0,0,0,0,0,0,0,80000,0,0,0,202000,122000,80000,80000
050640,致新國票94購01  ,0,0,0,0,0,0,0,0,0,80000,0,0,0,86000,6000,80000,80000
050625,康控第一94購01  ,0,0,0,0,0,0,0,0,0,80000,0,0,0,80000,0,80000,80000
050829,臻鼎凱基96購01  ,0,0,0,0,0,0,0,0,0,80000,0,0,0,100000,20000,80000,80000
05140P,台表科國票96售01,0,0,0,0,0,0,0,0,0,80000,0,0,0,132000,52000,80000,80000
05131P,聯詠統一97售01  ,0,0,0,0,0,0,0,0,0,80000,0,0,0,80000,0,80000,80000
051697,康友中信95購02  ,0,0,0,0,0,0,0,0,0,80000,0,0,0,80000,0,80000,80000
051692,深中小統一95購01,0,0,0,0,0,0,0,0,0,80000,0,0,0,80000,0,80000,80000
051980,樺漢凱基96購01  ,0,0,0,0,0,0,0,0,0,80000,0,0,0,100000,20000,80000,80000
053611,聯茂麥證96購01  ,0,0,0,100000,56000,44000,0,0,0,80000,0,0,0,136000,56000,80000,80000
053327,彩晶台新97購01  ,0,0,0,0,0,0,0,0,0,80000,0,0,0,80000,0,80000,80000
2905,三商            ,88000,8000,80000,0,0,0,0,0,0,0,0,0,0,0,0,0,80000
06163P,聯詠群益97售01  ,0,0,0,0,0,0,0,0,0,79000,0,0,0,79000,0,79000,79000
06036P,台表科凱基96售04,0,0,0,0,0,0,0,0,0,79000,0,0,0,225000,146000,79000,79000
051228,聯發科群益95購03,0,0,0,0,0,0,0,0,0,79000,0,0,0,299000,220000,79000,79000
053162,緯穎元大97購01  ,0,0,0,0,0,0,0,0,0,79000,0,0,0,105000,26000,79000,79000
051785,臻鼎兆豐96購01  ,0,0,0,0,0,0,0,0,0,79000,0,0,0,89000,10000,79000,79000
050751,聯電統一94購05  ,0,0,0,0,0,0,0,0,0,79000,0,0,0,89000,10000,79000,79000
054890,聯鈞統一99購01  ,0,0,0,0,0,0,0,0,0,78000,0,0,0,130000,52000,78000,78000
044662,力成永豐91購02  ,0,0,0,0,0,0,0,0,0,78000,0,0,0,130000,52000,78000,78000
047598,深中小統一94購01,0,0,0,0,0,0,0,0,0,78000,0,0,0,80000,2000,78000,78000
04746P,臺股指元大94售17,0,0,0,0,0,0,0,0,0,78000,0,0,0,80000,2000,78000,78000
047364,欣興群益93購04  ,0,0,0,0,0,0,0,0,0,78000,0,0,0,120000,42000,78000,78000
050498,為升凱基94購07  ,0,0,0,0,0,0,0,0,0,78000,0,0,0,113000,35000,78000,78000
051493,台郡凱基95購02  ,0,0,0,0,0,0,0,0,0,78000,0,0,0,98000,20000,78000,78000
052106,明泰兆豐95購01  ,0,0,0,0,0,0,0,0,0,78000,0,0,0,200000,122000,78000,78000
053644,台表科國票97購03,0,0,0,0,0,0,0,0,0,78000,0,0,0,78000,0,78000,78000
053742,創意國票97購01  ,0,0,0,0,0,0,0,0,0,78000,0,0,0,78000,0,78000,78000
052638,緯創凱基96購02  ,0,0,0,0,0,0,0,0,0,78000,0,0,0,84000,6000,78000,78000
052961,國巨凱基97購02  ,0,0,0,0,0,0,0,0,0,78000,0,0,0,160000,82000,78000,78000
5388,中磊            ,99000,103000,-4000,0,0,0,0,2000,-2000,84000,0,4000,-4000,110000,22000,88000,78000
5203,訊連            ,121000,52326,68674,0,0,0,0,0,0,9000,0,21000,-21000,31000,1000,30000,77674
2886,兆豐金          ,6971737,7127165,-155428,0,0,0,37000,0,37000,196000,124000,9000,115000,81000,0,81000,77572
054256,創意元大96購07  ,0,0,0,0,0,0,0,0,0,77000,0,0,0,224000,147000,77000,77000
055333,晶豪科兆豐97購01,0,0,0,0,0,0,0,0,0,77000,0,0,0,88000,11000,77000,77000
044600,上銀國泰93購01  ,0,0,0,0,0,0,0,0,0,77000,0,0,0,211000,134000,77000,77000
03970P,奇鋐國票93售01  ,0,0,0,0,0,0,0,0,0,77000,0,0,0,77000,0,77000,77000
04724P,可成凱基94售08  ,0,0,0,0,0,0,0,0,0,77000,0,0,0,77000,0,77000,77000
052987,華新科元大99購01,0,0,0,0,0,0,0,0,0,77000,0,0,0,77000,0,77000,77000
053356,聯發科統一96購07,0,0,0,0,0,0,0,0,0,77000,0,0,0,93000,16000,77000,77000
05229P,台積電群益95售05,0,0,0,0,0,0,0,0,0,77000,0,0,0,132000,55000,77000,77000
04457P,同欣電統一94售01,0,0,0,0,0,0,0,0,0,76000,0,0,0,76000,0,76000,76000
04581P,楠梓電康和94售03,0,0,0,0,0,0,0,0,0,76000,0,0,0,76000,0,76000,76000
04621P,楠梓電統一94售02,0,0,0,0,0,0,0,0,0,76000,0,0,0,76000,0,76000,76000
051255,康控元大96購04  ,0,0,0,0,0,0,0,0,0,76000,0,0,0,76000,0,76000,76000
047980,東陽群益93購02  ,0,0,0,0,0,0,0,0,0,76000,0,0,0,86000,10000,76000,76000
049350,麗豐康和94購01  ,0,0,0,0,0,0,0,0,0,76000,0,0,0,76000,0,76000,76000
052389,聯發科群益95購05,0,0,0,0,0,0,0,0,0,76000,0,0,0,76000,0,76000,76000
051481,聯詠凱基95購02  ,0,0,0,0,0,0,0,0,0,76000,0,0,0,115000,39000,76000,76000
053823,茂林群益96購06  ,0,0,0,0,0,0,0,0,0,76000,0,0,0,164000,88000,76000,76000
052668,聯發科群益97購01,0,0,0,0,0,0,0,0,0,76000,0,0,0,142000,66000,76000,76000
2314,台揚            ,84000,14000,70000,0,0,0,0,0,0,6000,0,16000,-16000,22000,0,22000,76000
2426,鼎元            ,111000,28000,83000,0,0,0,0,0,0,-7000,0,7000,-7000,0,0,0,76000
055388,華通統一97購03  ,0,0,0,0,0,0,0,0,0,75000,0,0,0,75000,0,75000,75000
05571P,大立光統一96售03,0,0,0,0,0,0,0,0,0,75000,0,0,0,75000,0,75000,75000
054696,嘉聯益永豐97購01,0,0,0,0,0,0,0,0,0,75000,0,0,0,90000,15000,75000,75000
050154,可成群益94購05  ,0,0,0,0,0,0,0,0,0,75000,0,0,0,75000,0,75000,75000
050149,東元群益94購01  ,0,0,0,0,0,0,0,0,0,75000,0,0,0,184000,109000,75000,75000
049641,台達電凱基94購08,0,0,0,0,0,0,0,0,0,75000,0,0,0,93000,18000,75000,75000
047906,中石化元大94購01,0,0,0,0,0,0,0,0,0,75000,0,0,0,100000,25000,75000,75000
048979,晶相光元大94購03,0,0,0,0,0,0,0,0,0,75000,0,0,0,203000,128000,75000,75000
051272,嘉晶群益95購01  ,0,0,0,0,0,0,0,0,0,75000,0,0,0,119000,44000,75000,75000
051161,喬山元大95購02  ,0,0,0,0,0,0,0,0,0,75000,0,0,0,100000,25000,75000,75000
05103P,臺股指凱基96售10,0,0,0,0,0,0,0,0,0,75000,0,0,0,142000,67000,75000,75000
049952,強茂群益94購01  ,0,0,0,0,0,0,0,0,0,75000,0,0,0,75000,0,75000,75000
05276P,GIS永豐95售02   ,0,0,0,0,0,0,0,0,0,75000,0,0,0,75000,0,75000,75000
053579,華通元大97購01  ,0,0,0,0,0,0,0,0,0,75000,0,0,0,140000,65000,75000,75000
053414,臻鼎國票97購01  ,0,0,0,0,0,0,0,0,0,75000,0,0,0,76000,1000,75000,75000
050832,力成凱基95購01  ,0,0,0,0,0,0,0,0,0,75000,0,0,0,76000,1000,75000,75000
05178P,大立光凱基96售05,0,0,0,0,0,0,0,0,0,75000,0,0,0,175000,100000,75000,75000
055197,致新元富97購02  ,0,0,0,0,0,0,0,0,0,74000,0,0,0,105000,31000,74000,74000
045246,同欣電群益92購01,0,0,0,0,0,0,0,0,0,74000,0,0,0,74000,0,74000,74000
04322P,可成元大94售01  ,0,0,0,0,0,0,0,0,0,74000,0,0,0,75000,1000,74000,74000
00650L,FH香港正2       ,0,0,0,0,0,0,0,0,0,74000,0,0,0,463000,389000,74000,74000
052159,瑞昱永豐95購01  ,0,0,0,0,0,0,0,0,0,74000,0,0,0,81000,7000,74000,74000
050897,嘉晶元大95購03  ,0,0,0,0,0,0,0,0,0,74000,0,0,0,87000,13000,74000,74000
055639,上銀元富97購02  ,0,0,0,0,0,0,0,0,0,73000,0,0,0,154000,81000,73000,73000
05463P,創意國票96售04  ,0,0,0,0,0,0,0,0,0,73000,0,0,0,100000,27000,73000,73000
053954,貿聯康和96購01  ,0,0,0,0,0,0,0,0,0,73000,0,0,0,73000,0,73000,73000
046572,貿聯國泰94購01  ,0,0,0,0,0,0,0,0,0,73000,0,0,0,105000,32000,73000,73000
047242,上銀群益93購04  ,0,0,0,0,0,0,0,0,0,73000,0,0,0,182000,109000,73000,73000
049866,景碩兆豐94購01  ,0,0,0,0,0,0,0,0,0,73000,0,0,0,100000,27000,73000,73000
050647,聯發科凱基96購01,0,0,0,0,0,0,0,0,0,73000,0,0,0,339000,266000,73000,73000
052359,百和永豐95購01  ,0,0,0,0,0,0,0,0,0,73000,0,0,0,74000,1000,73000,73000
05358P,大立光元大95售09,0,0,0,0,0,0,0,0,0,73000,0,0,0,73000,0,73000,73000
3030,德律            ,83000,7000,76000,0,0,0,0,0,0,-3000,0,3000,-3000,0,0,0,73000
054501,強茂永豐96購02  ,0,0,0,0,0,0,0,0,0,72000,0,0,0,72000,0,72000,72000
055083,康友中信97購01  ,0,0,0,0,0,0,0,0,0,72000,0,0,0,100000,28000,72000,72000
03026X,元展23          ,0,0,0,0,0,0,0,0,0,72000,0,0,0,72000,0,72000,72000
046427,樺漢元大92購02  ,0,0,0,0,0,0,0,0,0,72000,0,0,0,83000,11000,72000,72000
049856,緯穎群益94購02  ,0,0,0,0,0,0,0,0,0,72000,0,0,0,72000,0,72000,72000
048963,川湖元大94購01  ,0,0,0,0,0,0,0,0,0,72000,0,0,0,72000,0,72000,72000
052019,創意永豐95購02  ,0,0,0,0,0,0,0,0,0,72000,0,0,0,72000,0,72000,72000
051333,義隆永豐95購02  ,0,0,0,0,0,0,0,0,0,72000,0,0,0,100000,28000,72000,72000
2367,燿華            ,671000,633132,37868,0,0,0,0,0,0,34000,0,9000,-9000,64000,21000,43000,71868
055107,旺宏凱基98購04  ,0,0,0,0,0,0,0,0,0,71000,0,0,0,150000,79000,71000,71000
055447,華新科統一97購04,0,0,0,0,0,0,0,0,0,71000,0,0,0,139000,68000,71000,71000
045930,康控永豐92購01  ,0,0,0,0,0,0,0,0,0,71000,0,0,0,71000,0,71000,71000
049982,嘉晶凱基94購01  ,0,0,0,0,0,0,0,0,0,71000,0,0,0,119000,48000,71000,71000
046771,聯發科國泰94購02,0,0,0,0,0,0,0,0,0,71000,0,0,0,122000,51000,71000,71000
046104,智伸科永豐92購02,0,0,0,0,0,0,0,0,0,71000,0,0,0,86000,15000,71000,71000
051149,可成凱基95購04  ,0,0,0,0,0,0,0,0,0,71000,0,0,0,224000,153000,71000,71000
048403,聯發科群益93購10,0,0,0,0,0,0,0,0,0,71000,0,0,0,115000,44000,71000,71000
05542P,滬深2X元富96售01,0,0,0,0,0,0,0,0,0,70000,0,0,0,70000,0,70000,70000
05518P,T50反1凱基98售03,0,0,0,0,0,0,0,0,0,70000,0,0,0,4106000,4036000,70000,70000
05605P,嘉聯益元大97售02,0,0,0,0,0,0,0,0,0,70000,0,0,0,70000,0,70000,70000
05624P,同欣電中信98售01,0,0,0,0,0,0,0,0,0,70000,0,0,0,70000,0,70000,70000
06215P,康控永豐97售02  ,0,0,0,0,0,0,0,0,0,70000,0,0,0,70000,0,70000,70000
055005,晶相光元富97購01,0,0,0,0,0,0,0,0,0,70000,0,0,0,150000,80000,70000,70000
054031,中鋼中信98購01  ,0,0,0,0,0,0,0,0,0,70000,0,0,0,70000,0,70000,70000
045721,中信金凱基92購01,0,0,0,0,0,0,0,0,0,70000,0,0,0,80000,10000,70000,70000
044870,上銀統一91購02  ,0,0,0,0,0,0,0,0,0,70000,0,0,0,73000,3000,70000,70000
044903,中工凱基91購01  ,0,0,0,0,0,0,0,0,0,70000,0,0,0,70000,0,70000,70000
044957,貿聯凱基92購01  ,0,0,0,0,0,0,0,0,0,70000,0,0,0,70000,0,70000,70000
050431,聯發科凱基94購18,0,0,0,0,0,0,0,0,0,70000,0,0,0,197000,127000,70000,70000
044237,漢唐永豐91購01  ,0,0,0,0,0,0,0,0,0,70000,0,0,0,70000,0,70000,70000
043557,元金2X永豐92購01,0,0,0,0,0,0,0,0,0,70000,0,0,0,70000,0,70000,70000
046561,可成凱基92購11  ,0,0,0,0,0,0,0,0,0,70000,0,0,0,205000,135000,70000,70000
045679,欣興元大94購01  ,0,0,0,0,0,0,0,0,0,70000,0,0,0,110000,40000,70000,70000
046652,上銀元大93購02  ,0,0,0,0,0,0,0,0,0,70000,0,0,0,82000,12000,70000,70000
044537,上銀群益92購01  ,0,0,0,0,0,0,0,0,0,70000,0,0,0,101000,31000,70000,70000
049948,聯發科麥證94購01,0,0,0,70000,0,70000,0,0,0,70000,0,0,0,70000,0,70000,70000
047352,和鑫凱基94購02  ,0,0,0,0,0,0,0,0,0,70000,0,0,0,70000,0,70000,70000
047836,國泰金元大93購01,0,0,0,0,0,0,0,0,0,70000,0,0,0,75000,5000,70000,70000
048535,超眾國票94購02  ,0,0,0,0,0,0,0,0,0,70000,0,0,0,80000,10000,70000,70000
049615,香港2X群益98購01,0,0,0,0,0,0,0,0,0,70000,0,0,0,100000,30000,70000,70000
051330,宏碁永豐95購01  ,0,0,0,0,0,0,0,0,0,70000,0,0,0,70000,0,70000,70000
051523,牧德凱基95購02  ,0,0,0,0,0,0,0,0,0,70000,0,0,0,214000,144000,70000,70000
051681,日月光兆豐95購01,0,0,0,0,0,0,0,0,0,70000,0,0,0,90000,20000,70000,70000
053601,台表科元大98購01,0,0,0,0,0,0,0,0,0,70000,0,0,0,70000,0,70000,70000
05251P,喬山台新95售02  ,0,0,0,0,0,0,0,0,0,70000,0,0,0,70000,0,70000,70000
054691,裕民永豐97購01  ,0,0,0,0,0,0,0,0,0,69000,0,0,0,69000,0,69000,69000
05778P,台積電統一96售05,0,0,0,0,0,0,0,0,0,69000,0,0,0,299000,230000,69000,69000
045527,建準永豐92購01  ,0,0,0,0,0,0,0,0,0,69000,0,0,0,69000,0,69000,69000
044495,可成元大91購09  ,0,0,0,0,0,0,0,0,0,69000,0,0,0,185000,116000,69000,69000
046955,康舒國票93購01  ,0,0,0,0,0,0,0,0,0,69000,0,0,0,69000,0,69000,69000
046249,聯發科群益92購03,0,0,0,0,0,0,0,0,0,69000,0,0,0,156000,87000,69000,69000
048906,強茂富邦95購01  ,0,0,0,0,0,0,0,0,0,69000,0,0,0,69000,0,69000,69000
049534,華擎永豐94購02  ,0,0,0,0,0,0,0,0,0,69000,0,0,0,70000,1000,69000,69000
052511,聯發科凱基95購14,0,0,0,0,0,0,0,0,0,69000,0,0,0,77000,8000,69000,69000
053828,貿聯麥證96購01  ,0,0,0,69000,0,69000,0,0,0,69000,0,0,0,69000,0,69000,69000
053417,上銀永豐96購02  ,0,0,0,0,0,0,0,0,0,69000,0,0,0,190000,121000,69000,69000
05637P,聯電元大96售04  ,0,0,0,0,0,0,0,0,0,68000,0,0,0,68000,0,68000,68000
05563P,台積電元大97售07,0,0,0,0,0,0,0,0,0,68000,0,0,0,83000,15000,68000,68000
055244,國巨統一98購01  ,0,0,0,0,0,0,0,0,0,68000,0,0,0,68000,0,68000,68000
045971,智伸科凱基92購01,0,0,0,0,0,0,0,0,0,68000,0,0,0,68000,0,68000,68000
03149P,鴻海群益01售12  ,0,0,0,0,0,0,0,0,0,68000,0,0,0,88000,20000,68000,68000
046591,康舒元大92購01  ,0,0,0,0,0,0,0,0,0,68000,0,0,0,159000,91000,68000,68000
048202,瑞儀元大93購04  ,0,0,0,0,0,0,0,0,0,68000,0,0,0,68000,0,68000,68000
049690,義隆元大95購02  ,0,0,0,0,0,0,0,0,0,68000,0,0,0,204000,136000,68000,68000
051923,聯發科日盛95購02,0,0,0,0,0,0,0,0,0,68000,0,0,0,184000,116000,68000,68000
055239,帆宣台新97購01  ,0,0,0,0,0,0,0,0,0,67000,0,0,0,111000,44000,67000,67000
05850P,台積電兆豐96售06,0,0,0,0,0,0,0,0,0,67000,0,0,0,97000,30000,67000,67000
05452P,亞德客群益95售02,0,0,0,0,0,0,0,0,0,67000,0,0,0,67000,0,67000,67000
054891,聯鈞統一99購02  ,0,0,0,0,0,0,0,0,0,67000,0,0,0,306000,239000,67000,67000
054880,華泰統一97購01  ,0,0,0,0,0,0,0,0,0,67000,0,0,0,91000,24000,67000,67000
053873,力成元大96購03  ,0,0,0,0,0,0,0,0,0,67000,0,0,0,121000,54000,67000,67000
04548P,大立光元大94售14,0,0,0,0,0,0,0,0,0,67000,0,0,0,67000,0,67000,67000
03945P,欣興群益94售01  ,0,0,0,0,0,0,0,0,0,67000,0,0,0,86000,19000,67000,67000
050007,貿聯永豐94購01  ,0,0,0,0,0,0,0,0,0,67000,0,0,0,73000,6000,67000,67000
049811,聯鈞元大94購01  ,0,0,0,0,0,0,0,0,0,67000,0,0,0,70000,3000,67000,67000
047146,智邦群益93購01  ,0,0,0,0,0,0,0,0,0,67000,0,0,0,117000,50000,67000,67000
051124,創意群益95購01  ,0,0,0,0,0,0,0,0,0,67000,0,0,0,78000,11000,67000,67000
048814,上銀凱基94購01  ,0,0,0,0,0,0,0,0,0,67000,0,0,0,94000,27000,67000,67000
051598,瑞昱兆豐95購01  ,0,0,0,0,0,0,0,0,0,67000,0,0,0,100000,33000,67000,67000
051438,喬山元大95購03  ,0,0,0,0,0,0,0,0,0,67000,0,0,0,77000,10000,67000,67000
053694,創意元大96購03  ,0,0,0,0,0,0,0,0,0,67000,0,0,0,125000,58000,67000,67000
052494,百和中信95購02  ,0,0,0,0,0,0,0,0,0,67000,0,0,0,67000,0,67000,67000
052592,華通群益98購01  ,0,0,0,0,0,0,0,0,0,67000,0,0,0,67000,0,67000,67000
8039,台虹            ,634000,569000,65000,0,0,0,0,0,0,2000,0,5000,-5000,21000,14000,7000,67000
054126,和大元大96購02  ,0,0,0,0,0,0,0,0,0,66000,0,0,0,84000,18000,66000,66000
054504,聯鈞永豐96購01  ,0,0,0,0,0,0,0,0,0,66000,0,0,0,102000,36000,66000,66000
05478P,智伸科國票96售02,0,0,0,0,0,0,0,0,0,66000,0,0,0,66000,0,66000,66000
055518,華新科中信99購01,0,0,0,0,0,0,0,0,0,66000,0,0,0,66000,0,66000,66000
042993,葡萄王元大94購01,0,0,0,0,0,0,0,0,0,66000,0,0,0,265000,199000,66000,66000
048111,奇力新群益93購06,0,0,0,0,0,0,0,0,0,66000,0,0,0,87000,21000,66000,66000
048434,樺漢國票93購02  ,0,0,0,0,0,0,0,0,0,66000,0,0,0,66000,0,66000,66000
052685,技嘉元大96購01  ,0,0,0,0,0,0,0,0,0,66000,0,0,0,155000,89000,66000,66000
053813,友達群益9A購03  ,0,0,0,0,0,0,0,0,0,66000,0,0,0,66000,0,66000,66000
05351P,臺股指元富95售05,0,0,0,0,0,0,0,0,0,66000,0,0,0,68000,2000,66000,66000
053416,光磊台新97購01  ,0,0,0,0,0,0,0,0,0,66000,0,0,0,76000,10000,66000,66000
4560,強信-KY         ,184000,118000,66000,0,0,0,0,0,0,0,0,0,0,0,0,0,66000
4164,承業醫          ,61000,3000,58000,0,0,0,0,0,0,8000,10000,2000,8000,0,0,0,66000
2889,國票金          ,438000,372000,66000,0,0,0,0,0,0,0,0,0,0,0,0,0,66000
055205,京鼎中信99購01  ,0,0,0,0,0,0,0,0,0,65000,0,0,0,366000,301000,65000,65000
055316,上銀國票98購01  ,0,0,0,0,0,0,0,0,0,65000,0,0,0,65000,0,65000,65000
055348,旺宏凱基97購01  ,0,0,0,0,0,0,0,0,0,65000,0,0,0,67000,2000,65000,65000
054464,奇力新凱基98購02,0,0,0,0,0,0,0,0,0,65000,0,0,0,364000,299000,65000,65000
044284,聯電凱基92購01  ,0,0,0,0,0,0,0,0,0,65000,0,0,0,110000,45000,65000,65000
04998P,京元電永豐95售01,0,0,0,0,0,0,0,0,0,65000,0,0,0,65000,0,65000,65000
049795,華通元大96購02  ,0,0,0,0,0,0,0,0,0,65000,0,0,0,191000,126000,65000,65000
048539,巨大國票94購01  ,0,0,0,0,0,0,0,0,0,65000,0,0,0,65000,0,65000,65000
048948,巨路永豐94購01  ,0,0,0,0,0,0,0,0,0,65000,0,0,0,65000,0,65000,65000
05332P,臺股指國票95售01,0,0,0,0,0,0,0,0,0,65000,0,0,0,111000,46000,65000,65000
05162P,玉晶光國票96售03,0,0,0,0,0,0,0,0,0,65000,0,0,0,201000,136000,65000,65000
050544,聯發科凱基95購02,0,0,0,0,0,0,0,0,0,65000,0,0,0,152000,87000,65000,65000
050529,矽格元大94購05  ,0,0,0,0,0,0,0,0,0,65000,0,0,0,72000,7000,65000,65000
2609,陽明            ,66000,1000,65000,0,0,0,0,0,0,0,0,0,0,0,0,0,65000
2027,大成鋼          ,356000,292000,64000,0,0,0,0,0,0,1000,0,10000,-10000,81000,70000,11000,65000
8463,潤泰材          ,88000,23000,65000,0,0,0,0,0,0,0,0,0,0,0,0,0,65000
054185,喬山永豐96購02  ,0,0,0,0,0,0,0,0,0,64000,0,0,0,74000,10000,64000,64000
054580,樺漢元大98購01  ,0,0,0,0,0,0,0,0,0,64000,0,0,0,176000,112000,64000,64000
055462,華邦電日盛97購01,0,0,0,0,0,0,0,0,0,64000,0,0,0,100000,36000,64000,64000
06138P,台積電中信99售01,0,0,0,0,0,0,0,0,0,64000,0,0,0,74000,10000,64000,64000
045085,新日興元大92購01,0,0,0,0,0,0,0,0,0,64000,0,0,0,117000,53000,64000,64000
048143,聯發科統一94購03,0,0,0,0,0,0,0,0,0,64000,0,0,0,126000,62000,64000,64000
048714,巨大康和94購01  ,0,0,0,0,0,0,0,0,0,64000,0,0,0,106000,42000,64000,64000
04714P,上海銀元大94售01,0,0,0,0,0,0,0,0,0,64000,0,0,0,64000,0,64000,64000
047098,大毅國泰94購01  ,0,0,0,0,0,0,0,0,0,64000,0,0,0,69000,5000,64000,64000
05046P,台光電永豐95售02,0,0,0,0,0,0,0,0,0,64000,0,0,0,64000,0,64000,64000
051612,緯創日盛95購01  ,0,0,0,0,0,0,0,0,0,64000,0,0,0,64000,0,64000,64000
052244,廣達康和95購01  ,0,0,0,0,0,0,0,0,0,64000,0,0,0,64000,0,64000,64000
055220,緯穎凱基98購02  ,0,0,0,0,0,0,0,0,0,63000,0,0,0,75000,12000,63000,63000
05400P,台積電永豐95售05,0,0,0,0,0,0,0,0,0,63000,0,0,0,108000,45000,63000,63000
054354,技嘉富邦97購01  ,0,0,0,0,0,0,0,0,0,63000,0,0,0,274000,211000,63000,63000
00865B,國泰US短期公債  ,0,0,0,0,0,0,0,0,0,63000,0,0,0,63000,0,63000,63000
00688L,國泰20年美債正2 ,0,0,0,0,0,0,0,0,0,63000,0,0,0,214000,151000,63000,63000
049697,群創元大98購01  ,0,0,0,0,0,0,0,0,0,63000,0,0,0,78000,15000,63000,63000
048952,川湖康和94購01  ,0,0,0,0,0,0,0,0,0,63000,0,0,0,63000,0,63000,63000
051334,宏達電永豐95購01,0,0,0,0,0,0,0,0,0,63000,0,0,0,88000,25000,63000,63000
050791,聯發科富邦96購01,0,0,0,0,0,0,0,0,0,63000,0,0,0,164000,101000,63000,63000
053627,宏碁兆豐97購01  ,0,0,0,0,0,0,0,0,0,63000,0,0,0,73000,10000,63000,63000
053081,上銀元大97購02  ,0,0,0,0,0,0,0,0,0,63000,0,0,0,126000,63000,63000,63000
055033,漢唐富邦98購01  ,0,0,0,0,0,0,0,0,0,62000,0,0,0,90000,28000,62000,62000
04241P,欣興國泰95售02  ,0,0,0,0,0,0,0,0,0,62000,0,0,0,62000,0,62000,62000
046332,同欣電元大92購01,0,0,0,0,0,0,0,0,0,62000,0,0,0,72000,10000,62000,62000
046080,同欣電凱基92購03,0,0,0,0,0,0,0,0,0,62000,0,0,0,82000,20000,62000,62000
049298,矽格群益95購01  ,0,0,0,0,0,0,0,0,0,62000,0,0,0,112000,50000,62000,62000
049869,訊芯兆豐94購01  ,0,0,0,0,0,0,0,0,0,62000,0,0,0,82000,20000,62000,62000
050993,聯發科元大95購05,0,0,0,0,0,0,0,0,0,62000,0,0,0,63000,1000,62000,62000
05100P,智邦凱基95售02  ,0,0,0,0,0,0,0,0,0,62000,0,0,0,62000,0,62000,62000
052725,為升元富96購01  ,0,0,0,0,0,0,0,0,0,62000,0,0,0,288000,226000,62000,62000
052482,茂林群益95購01  ,0,0,0,0,0,0,0,0,0,62000,0,0,0,160000,98000,62000,62000
053164,台光電群益96購02,0,0,0,0,0,0,0,0,0,62000,0,0,0,143000,81000,62000,62000
051607,緯創群益96購02  ,0,0,0,0,0,0,0,0,0,62000,0,0,0,62000,0,62000,62000
051939,同欣電群益97購01,0,0,0,0,0,0,0,0,0,62000,0,0,0,150000,88000,62000,62000
6177,達麗            ,66000,4000,62000,0,0,0,0,0,0,0,0,0,0,0,0,0,62000
054833,京鼎中信97購01  ,0,0,0,0,0,0,0,0,0,61000,0,0,0,173000,112000,61000,61000
054772,康控國票98購02  ,0,0,0,0,0,0,0,0,0,61000,0,0,0,93000,32000,61000,61000
054414,全新元大97購02  ,0,0,0,0,0,0,0,0,0,61000,0,0,0,130000,69000,61000,61000
054230,上銀群益96購03  ,0,0,0,0,0,0,0,0,0,61000,0,0,0,268000,207000,61000,61000
055268,和大元大97購01  ,0,0,0,0,0,0,0,0,0,61000,0,0,0,61000,0,61000,61000
046344,超眾國票94購01  ,0,0,0,0,0,0,0,0,0,61000,0,0,0,61000,0,61000,61000
05024P,華通國票96售01  ,0,0,0,0,0,0,0,0,0,61000,0,0,0,61000,0,61000,61000
04369P,台光電凱基94售04,0,0,0,0,0,0,0,0,0,61000,0,0,0,61000,0,61000,61000
049833,正文凱基94購05  ,0,0,0,0,0,0,0,0,0,61000,0,0,0,217000,156000,61000,61000
051639,康友國票96購02  ,0,0,0,0,0,0,0,0,0,61000,0,0,0,123000,62000,61000,61000
051524,貿聯凱基95購02  ,0,0,0,0,0,0,0,0,0,61000,0,0,0,106000,45000,61000,61000
050804,和大日盛95購01  ,0,0,0,0,0,0,0,0,0,61000,0,0,0,61000,0,61000,61000
053207,SP黃豆凱基96購01,0,0,0,0,0,0,0,0,0,61000,0,0,0,61000,0,61000,61000
053495,聯發科兆豐96購02,0,0,0,0,0,0,0,0,0,61000,0,0,0,76000,15000,61000,61000
053500,新日興兆豐97購01,0,0,0,0,0,0,0,0,0,61000,0,0,0,190000,129000,61000,61000
053809,上銀群益96購02  ,0,0,0,0,0,0,0,0,0,61000,0,0,0,286000,225000,61000,61000
2359,所羅門          ,283000,217000,66000,0,0,0,0,0,0,-5000,0,5000,-5000,0,0,0,61000
4737,華廣            ,71000,9000,62000,0,0,0,0,0,0,-1000,0,1000,-1000,0,0,0,61000
055266,京鼎永豐97購01  ,0,0,0,0,0,0,0,0,0,60000,0,0,0,70000,10000,60000,60000
055522,道瓊反群益01購01,0,0,0,0,0,0,0,0,0,60000,0,0,0,70000,10000,60000,60000
055682,智原凱基98購02  ,0,0,0,0,0,0,0,0,0,60000,0,0,0,76000,16000,60000,60000
05621P,聯電中信96售01  ,0,0,0,0,0,0,0,0,0,60000,0,0,0,139000,79000,60000,60000
06217P,鴻海元富97售05  ,0,0,0,0,0,0,0,0,0,60000,0,0,0,60000,0,60000,60000
06166P,大立光國票98售01,0,0,0,0,0,0,0,0,0,60000,0,0,0,60000,0,60000,60000
05405P,大立光群益95售04,0,0,0,0,0,0,0,0,0,60000,0,0,0,62000,2000,60000,60000
05453P,智邦群益95售03  ,0,0,0,0,0,0,0,0,0,60000,0,0,0,93000,33000,60000,60000
043607,GIS元大93購02   ,0,0,0,0,0,0,0,0,0,60000,0,0,0,60000,0,60000,60000
03562P,台灣50群益02售13,0,0,0,0,0,0,0,0,0,60000,0,0,0,60000,0,60000,60000
043049,奇鋐國泰93購01  ,0,0,0,0,0,0,0,0,0,60000,0,0,0,60000,0,60000,60000
044692,鈺齊凱基91購01  ,0,0,0,0,0,0,0,0,0,60000,0,0,0,60000,0,60000,60000
042028,滬深反凱基93購01,0,0,0,0,0,0,0,0,0,60000,0,0,0,60000,0,60000,60000
044607,儒鴻富邦91購01  ,0,0,0,0,0,0,0,0,0,60000,0,0,0,60000,0,60000,60000
050082,聯發科統一94購08,0,0,0,0,0,0,0,0,0,60000,0,0,0,70000,10000,60000,60000
04592P,台積電元大94售10,0,0,0,0,0,0,0,0,0,60000,0,0,0,60000,0,60000,60000
044841,台光電元富91購04,0,0,0,0,0,0,0,0,0,60000,0,0,0,60000,0,60000,60000
047171,聯發科永豐93購01,0,0,0,0,0,0,0,0,0,60000,0,0,0,60000,0,60000,60000
05118P,超眾元大96售04  ,0,0,0,0,0,0,0,0,0,60000,0,0,0,60000,0,60000,60000
050319,康控國票95購04  ,0,0,0,0,0,0,0,0,0,60000,0,0,0,60000,0,60000,60000
049280,創意國票95購01  ,0,0,0,0,0,0,0,0,0,60000,0,0,0,60000,0,60000,60000
049272,世紀鋼元大96購02,0,0,0,0,0,0,0,0,0,60000,0,0,0,60000,0,60000,60000
049217,智邦國票95購01  ,0,0,0,0,0,0,0,0,0,60000,0,0,0,60000,0,60000,60000
049309,台達電凱基94購05,0,0,0,0,0,0,0,0,0,60000,0,0,0,60000,0,60000,60000
049401,可成群益94購04  ,0,0,0,0,0,0,0,0,0,60000,0,0,0,60000,0,60000,60000
049520,TPK國票95購01   ,0,0,0,0,0,0,0,0,0,60000,0,0,0,60000,0,60000,60000
047403,香港2X統一93購01,0,0,0,0,0,0,0,0,0,60000,0,0,0,60000,0,60000,60000
053783,聯發科元大96購17,0,0,0,0,0,0,0,0,0,60000,0,0,0,95000,35000,60000,60000
053734,友達中信98購02  ,0,0,0,0,0,0,0,0,0,60000,0,0,0,70000,10000,60000,60000
05353P,臺股指元富95售07,0,0,0,0,0,0,0,0,0,60000,0,0,0,60000,0,60000,60000
053063,力山群益98購01  ,0,0,0,0,0,0,0,0,0,60000,0,0,0,60000,0,60000,60000
050638,創意國票94購02  ,0,0,0,0,0,0,0,0,0,60000,0,0,0,60000,0,60000,60000
050516,華通元大95購05  ,0,0,0,0,0,0,0,0,0,60000,0,0,0,165000,105000,60000,60000
050837,力山國票95購01  ,0,0,0,0,0,0,0,0,0,60000,0,0,0,60000,0,60000,60000
051975,美食凱基95購02  ,0,0,0,0,0,0,0,0,0,60000,0,0,0,60000,0,60000,60000
055153,台光電元大98購02,0,0,0,0,0,0,0,0,0,59000,0,0,0,70000,11000,59000,59000
06073P,健策永豐97售01  ,0,0,0,0,0,0,0,0,0,59000,0,0,0,165000,106000,59000,59000
045774,義隆元大92購02  ,0,0,0,0,0,0,0,0,0,59000,0,0,0,64000,5000,59000,59000
047049,聯發科國票94購01,0,0,0,0,0,0,0,0,0,59000,0,0,0,67000,8000,59000,59000
047954,漢唐永豐93購02  ,0,0,0,0,0,0,0,0,0,59000,0,0,0,59000,0,59000,59000
04752P,大立光群益94售07,0,0,0,0,0,0,0,0,0,59000,0,0,0,59000,0,59000,59000
047710,聯發科凱基93購21,0,0,0,0,0,0,0,0,0,59000,0,0,0,94000,35000,59000,59000
051029,緯創元富95購01  ,0,0,0,0,0,0,0,0,0,59000,0,0,0,59000,0,59000,59000
051845,世紀鋼富邦96購01,0,0,0,0,0,0,0,0,0,59000,0,0,0,59000,0,59000,59000
052343,同欣電凱基95購03,0,0,0,0,0,0,0,0,0,59000,0,0,0,85000,26000,59000,59000
052425,華通台新95購02  ,0,0,0,0,0,0,0,0,0,59000,0,0,0,60000,1000,59000,59000
050481,泰鼎國票96購01  ,0,0,0,0,0,0,0,0,0,59000,0,0,0,185000,126000,59000,59000
050569,英業達中信94購01,0,0,0,0,0,0,0,0,0,59000,0,0,0,71000,12000,59000,59000
050792,可成富邦96購01  ,0,0,0,0,0,0,0,0,0,59000,0,0,0,270000,211000,59000,59000
053440,台積電凱基96購12,0,0,0,0,0,0,0,0,0,59000,0,0,0,160000,101000,59000,59000
2390,云辰            ,69000,10000,59000,0,0,0,0,0,0,0,0,0,0,0,0,0,59000
5215,科嘉-KY         ,110000,46000,64000,0,0,0,0,0,0,-5000,0,5000,-5000,0,0,0,59000
6005,群益證          ,370000,311000,59000,0,0,0,0,0,0,0,0,0,0,0,0,0,59000
3406,玉晶光          ,494000,547000,-53000,0,0,0,0,5000,-5000,116749,196000,107251,88749,31000,3000,28000,58749
06137P,玉晶光永豐97售04,0,0,0,0,0,0,0,0,0,58000,0,0,0,58000,0,58000,58000
05758P,光罩永豐96售02  ,0,0,0,0,0,0,0,0,0,58000,0,0,0,60000,2000,58000,58000
05486P,大立光凱基95售14,0,0,0,0,0,0,0,0,0,58000,0,0,0,58000,0,58000,58000
053981,康控元大96購05  ,0,0,0,0,0,0,0,0,0,58000,0,0,0,300000,242000,58000,58000
04471P,華通元大95售03  ,0,0,0,0,0,0,0,0,0,58000,0,0,0,58000,0,58000,58000
044016,義隆凱基93購01  ,0,0,0,0,0,0,0,0,0,58000,0,0,0,81000,23000,58000,58000
048945,訊連永豐94購01  ,0,0,0,0,0,0,0,0,0,58000,0,0,0,112000,54000,58000,58000
052826,嘉聯益永豐96購01,0,0,0,0,0,0,0,0,0,58000,0,0,0,58000,0,58000,58000
05130P,聯發科統一95售03,0,0,0,0,0,0,0,0,0,58000,0,0,0,58000,0,58000,58000
051466,玉晶光富邦97購01,0,0,0,0,0,0,0,0,0,58000,0,0,0,76000,18000,58000,58000
052215,樺漢元大96購02  ,0,0,0,0,0,0,0,0,0,58000,0,0,0,413000,355000,58000,58000
052012,聯發科台新95購02,0,0,0,0,0,0,0,0,0,58000,0,0,0,58000,0,58000,58000
05384P,大立光永豐95售02,0,0,0,0,0,0,0,0,0,57000,0,0,0,57000,0,57000,57000
05981P,可成永昌98售02  ,0,0,0,0,0,0,0,0,0,57000,0,0,0,58000,1000,57000,57000
06112P,台積電兆豐97售01,0,0,0,0,0,0,0,0,0,57000,0,0,0,157000,100000,57000,57000
06144P,台光電永豐97售01,0,0,0,0,0,0,0,0,0,57000,0,0,0,57000,0,57000,57000
043605,創意元大93購01  ,0,0,0,0,0,0,0,0,0,57000,0,0,0,57000,0,57000,57000
050453,創意元大95購03  ,0,0,0,0,0,0,0,0,0,57000,0,0,0,86000,29000,57000,57000
050372,全新元大96購03  ,0,0,0,0,0,0,0,0,0,57000,0,0,0,67000,10000,57000,57000
051326,聯發科台新95購01,0,0,0,0,0,0,0,0,0,57000,0,0,0,57000,0,57000,57000
051361,泰鼎元大95購01  ,0,0,0,0,0,0,0,0,0,57000,0,0,0,337000,280000,57000,57000
052464,大立光統一95購05,0,0,0,0,0,0,0,0,0,57000,0,0,0,146000,89000,57000,57000
06083P,華通統一98售02  ,0,0,0,0,0,0,0,0,0,56000,0,0,0,60000,4000,56000,56000
05745P,富邦金兆豐96售02,0,0,0,0,0,0,0,0,0,56000,0,0,0,64000,8000,56000,56000
05846P,大立光元大96售07,0,0,0,0,0,0,0,0,0,56000,0,0,0,531000,475000,56000,56000
055328,鈺齊國票98購01  ,0,0,0,0,0,0,0,0,0,56000,0,0,0,56000,0,56000,56000
00866,新光Shiller CAPE,0,0,0,0,0,0,0,0,0,56000,0,0,0,56000,0,56000,56000
043037,新光金統一92購01,0,0,0,0,0,0,0,0,0,56000,0,0,0,56000,0,56000,56000
042346,創意富邦92購01  ,0,0,0,0,0,0,0,0,0,56000,0,0,0,58000,2000,56000,56000
050951,緯創群益96購01  ,0,0,0,0,0,0,0,0,0,56000,0,0,0,61000,5000,56000,56000
047155,智原國票93購01  ,0,0,0,0,0,0,0,0,0,56000,0,0,0,56000,0,56000,56000
048142,聯電統一93購01  ,0,0,0,0,0,0,0,0,0,56000,0,0,0,56000,0,56000,56000
053450,同欣電凱基96購02,0,0,0,0,0,0,0,0,0,56000,0,0,0,60000,4000,56000,56000
05169P,玉晶光元大95售03,0,0,0,0,0,0,0,0,0,56000,0,0,0,75000,19000,56000,56000
2201,裕隆            ,222000,143000,79000,0,0,0,0,0,0,-23000,0,24000,-24000,1000,0,1000,56000
05996P,華新科群益96售03,0,0,0,0,0,0,0,0,0,55000,0,0,0,55000,0,55000,55000
06082P,華通統一98售01  ,0,0,0,0,0,0,0,0,0,55000,0,0,0,68000,13000,55000,55000
06140P,華新科群益97售06,0,0,0,0,0,0,0,0,0,55000,0,0,0,65000,10000,55000,55000
06143P,鴻海永豐97售02  ,0,0,0,0,0,0,0,0,0,55000,0,0,0,55000,0,55000,55000
053853,康控國泰97購02  ,0,0,0,0,0,0,0,0,0,55000,0,0,0,55000,0,55000,55000
054209,台積電國票97購08,0,0,0,0,0,0,0,0,0,55000,0,0,0,55000,0,55000,55000
054682,東元永豐97購01  ,0,0,0,0,0,0,0,0,0,55000,0,0,0,55000,0,55000,55000
054729,聯發科日盛97購02,0,0,0,0,0,0,0,0,0,55000,0,0,0,63000,8000,55000,55000
04315P,台光電國票93售04,0,0,0,0,0,0,0,0,0,55000,0,0,0,55000,0,55000,55000
044531,欣興富邦93購01  ,0,0,0,0,0,0,0,0,0,55000,0,0,0,270000,215000,55000,55000
044730,上銀國票91購04  ,0,0,0,0,0,0,0,0,0,55000,0,0,0,55000,0,55000,55000
046259,和大凱基92購02  ,0,0,0,0,0,0,0,0,0,55000,0,0,0,55000,0,55000,55000
050236,旺宏凱基94購06  ,0,0,0,0,0,0,0,0,0,55000,0,0,0,65000,10000,55000,55000
051025,晶華統一95購01  ,0,0,0,0,0,0,0,0,0,55000,0,0,0,100000,45000,55000,55000
051289,大立光統一96購01,0,0,0,0,0,0,0,0,0,55000,0,0,0,70000,15000,55000,55000
049776,全新統一95購02  ,0,0,0,0,0,0,0,0,0,55000,0,0,0,230000,175000,55000,55000
047514,亞光國票94購01  ,0,0,0,0,0,0,0,0,0,55000,0,0,0,457000,402000,55000,55000
049124,可成元富94購02  ,0,0,0,0,0,0,0,0,0,55000,0,0,0,75000,20000,55000,55000
3094,聯傑            ,62000,7000,55000,0,0,0,0,0,0,0,0,0,0,0,0,0,55000
6155,鈞寶            ,126000,68000,58000,0,0,0,0,0,0,-3000,0,3000,-3000,0,0,0,55000
055308,聯發科群益97購04,0,0,0,0,0,0,0,0,0,54000,0,0,0,74000,20000,54000,54000
055471,聯發科凱基97購04,0,0,0,0,0,0,0,0,0,54000,0,0,0,310000,256000,54000,54000
055701,亞德客富邦99購01,0,0,0,0,0,0,0,0,0,54000,0,0,0,64000,10000,54000,54000
050018,高股息元大94購02,0,0,0,0,0,0,0,0,0,54000,0,0,0,54000,0,54000,54000
00852L,國泰美國道瓊正2 ,0,0,0,0,0,0,0,0,0,54000,0,0,0,70000,16000,54000,54000
048959,凌華康和94購01  ,0,0,0,0,0,0,0,0,0,54000,0,0,0,64000,10000,54000,54000
047781,上銀國泰94購02  ,0,0,0,0,0,0,0,0,0,54000,0,0,0,54000,0,54000,54000
048000,義隆元大93購03  ,0,0,0,0,0,0,0,0,0,54000,0,0,0,54000,0,54000,54000
048115,樺漢群益93購01  ,0,0,0,0,0,0,0,0,0,54000,0,0,0,54000,0,54000,54000
051597,T50反1中信99購02,0,0,0,0,0,0,0,0,0,54000,0,0,0,57000,3000,54000,54000
05084P,嘉聯益永豐95售02,0,0,0,0,0,0,0,0,0,54000,0,0,0,54000,0,54000,54000
050743,京鼎永豐94購02  ,0,0,0,0,0,0,0,0,0,54000,0,0,0,115000,61000,54000,54000
05378P,台積電凱基96售02,0,0,0,0,0,0,0,0,0,54000,0,0,0,54000,0,54000,54000
052847,漢唐統一99購01  ,0,0,0,0,0,0,0,0,0,54000,0,0,0,54000,0,54000,54000
2836,高雄銀          ,94000,38000,56000,0,0,0,0,0,0,-2000,0,2000,-2000,0,0,0,54000
2453,凌群            ,68000,14000,54000,0,0,0,0,0,0,0,0,0,0,0,0,0,54000
054642,訊芯中信9A購01  ,0,0,0,0,0,0,0,0,0,53000,0,0,0,64000,11000,53000,53000
055119,力成凱基98購01  ,0,0,0,0,0,0,0,0,0,53000,0,0,0,54000,1000,53000,53000
054364,智伸科凱基96購01,0,0,0,0,0,0,0,0,0,53000,0,0,0,57000,4000,53000,53000
053844,GIS統一96購01   ,0,0,0,0,0,0,0,0,0,53000,0,0,0,54000,1000,53000,53000
039732,超眾群益91購01  ,0,0,0,0,0,0,0,0,0,53000,0,0,0,53000,0,53000,53000
046568,臻鼎元富95購01  ,0,0,0,0,0,0,0,0,0,53000,0,0,0,224000,171000,53000,53000
048176,美利達國泰94購01,0,0,0,0,0,0,0,0,0,53000,0,0,0,56000,3000,53000,53000
051258,鈺齊國泰97購01  ,0,0,0,0,0,0,0,0,0,53000,0,0,0,267000,214000,53000,53000
050970,康舒永豐95購01  ,0,0,0,0,0,0,0,0,0,53000,0,0,0,122000,69000,53000,53000
052593,台積電群益96購02,0,0,0,0,0,0,0,0,0,53000,0,0,0,98000,45000,53000,53000
053587,京元電元大98購01,0,0,0,0,0,0,0,0,0,53000,0,0,0,90000,37000,53000,53000
051594,和碩元大96購01  ,0,0,0,0,0,0,0,0,0,53000,0,0,0,53000,0,53000,53000
051918,聯茂元大95購01  ,0,0,0,0,0,0,0,0,0,53000,0,0,0,189000,136000,53000,53000
055404,超眾元富97購01  ,0,0,0,0,0,0,0,0,0,52000,0,0,0,55000,3000,52000,52000
05971P,世紀鋼永豐96售04,0,0,0,0,0,0,0,0,0,52000,0,0,0,52000,0,52000,52000
05912P,和大元大96售01  ,0,0,0,0,0,0,0,0,0,52000,0,0,0,52000,0,52000,52000
03581P,台積電群益03售04,0,0,0,0,0,0,0,0,0,52000,0,0,0,52000,0,52000,52000
00743,國泰中國A150    ,0,0,0,0,0,0,0,0,0,52000,0,0,0,53000,1000,52000,52000
046947,禾伸堂元大93購01,0,0,0,0,0,0,0,0,0,52000,0,0,0,52000,0,52000,52000
04687P,全新凱基94售02  ,0,0,0,0,0,0,0,0,0,52000,0,0,0,53000,1000,52000,52000
05035P,聯發科元大95售06,0,0,0,0,0,0,0,0,0,52000,0,0,0,558000,506000,52000,52000
051832,復盛元大95購01  ,0,0,0,0,0,0,0,0,0,52000,0,0,0,56000,4000,52000,52000
052128,聯發科日盛95購03,0,0,0,0,0,0,0,0,0,52000,0,0,0,103000,51000,52000,52000
052392,台表科群益96購02,0,0,0,0,0,0,0,0,0,52000,0,0,0,62000,10000,52000,52000
050823,信邦凱基95購01  ,0,0,0,0,0,0,0,0,0,52000,0,0,0,62000,10000,52000,52000
052968,燿華群益98購01  ,0,0,0,0,0,0,0,0,0,52000,0,0,0,90000,38000,52000,52000
053084,國巨元大98購01  ,0,0,0,0,0,0,0,0,0,52000,0,0,0,70000,18000,52000,52000
06006P,欣興永豐96售04  ,0,0,0,0,0,0,0,0,0,51000,0,0,0,67000,16000,51000,51000
05748P,臺股指群益99售02,0,0,0,0,0,0,0,0,0,51000,0,0,0,51000,0,51000,51000
05676P,欣興群益96售04  ,0,0,0,0,0,0,0,0,0,51000,0,0,0,78000,27000,51000,51000
05425P,華邦電亞東96售02,0,0,0,0,0,0,0,0,0,51000,0,0,0,51000,0,51000,51000
054929,群電凱基97購01  ,0,0,0,0,0,0,0,0,0,51000,0,0,0,51000,0,51000,51000
05012P,台積電元大95售07,0,0,0,0,0,0,0,0,0,51000,0,0,0,51000,0,51000,51000
03896P,長榮航凱基95售01,0,0,0,0,0,0,0,0,0,51000,0,0,0,51000,0,51000,51000
049793,為升元大94購04  ,0,0,0,0,0,0,0,0,0,51000,0,0,0,110000,59000,51000,51000
047134,聯發科凱基93購10,0,0,0,0,0,0,0,0,0,51000,0,0,0,112000,61000,51000,51000
051065,台積電國票96購01,0,0,0,0,0,0,0,0,0,51000,0,0,0,52000,1000,51000,51000
047411,康控元富93購02  ,0,0,0,0,0,0,0,0,0,51000,0,0,0,51000,0,51000,51000
049136,華通元大95購01  ,0,0,0,0,0,0,0,0,0,51000,0,0,0,178000,127000,51000,51000
048870,義隆國票96購01  ,0,0,0,0,0,0,0,0,0,51000,0,0,0,160000,109000,51000,51000
053098,國巨元富96購04  ,0,0,0,0,0,0,0,0,0,51000,0,0,0,172000,121000,51000,51000
052676,聯發科永昌98購01,0,0,0,0,0,0,0,0,0,51000,0,0,0,306000,255000,51000,51000
053248,智伸科國票97購01,0,0,0,0,0,0,0,0,0,51000,0,0,0,87000,36000,51000,51000
051752,緯穎富邦96購01  ,0,0,0,0,0,0,0,0,0,51000,0,0,0,99000,48000,51000,51000
5258,虹堡            ,203000,152000,51000,0,0,0,0,0,0,0,0,0,0,0,0,0,51000
2395,研華            ,452643,396510,56133,0,0,0,2000,0,2000,-8000,0,9000,-9000,1000,0,1000,50133
054943,群光元大97購01  ,0,0,0,0,0,0,0,0,0,50000,0,0,0,50000,0,50000,50000
054819,裕民元大9A購01  ,0,0,0,0,0,0,0,0,0,50000,0,0,0,50000,0,50000,50000
05444P,大立光元大95售10,0,0,0,0,0,0,0,0,0,50000,0,0,0,50000,0,50000,50000
054426,國泰金富邦97購02,0,0,0,0,0,0,0,0,0,50000,0,0,0,50000,0,50000,50000
054043,漢唐元大97購01  ,0,0,0,0,0,0,0,0,0,50000,0,0,0,64000,14000,50000,50000
06161P,聯發科群益97售03,0,0,0,0,0,0,0,0,0,50000,0,0,0,55000,5000,50000,50000
06227P,大立光群益97售04,0,0,0,0,0,0,0,0,0,50000,0,0,0,50000,0,50000,50000
06183P,大立光元大97售05,0,0,0,0,0,0,0,0,0,50000,0,0,0,50000,0,50000,50000
06119P,大立光凱基98售04,0,0,0,0,0,0,0,0,0,50000,0,0,0,50000,0,50000,50000
05586P,臺股指凱基96售15,0,0,0,0,0,0,0,0,0,50000,0,0,0,280000,230000,50000,50000
03706P,上銀群益93售03  ,0,0,0,0,0,0,0,0,0,50000,0,0,0,50000,0,50000,50000
03648P,健策元富92售01  ,0,0,0,0,0,0,0,0,0,50000,0,0,0,50000,0,50000,50000
04122P,瑞昱凱基93售09  ,0,0,0,0,0,0,0,0,0,50000,0,0,0,50000,0,50000,50000
040745,滬深2X群益92購01,0,0,0,0,0,0,0,0,0,50000,0,0,0,50000,0,50000,50000
04367P,滬深2X凱基95售04,0,0,0,0,0,0,0,0,0,50000,0,0,0,50000,0,50000,50000
043765,GIS元大93購04   ,0,0,0,0,0,0,0,0,0,50000,0,0,0,70000,20000,50000,50000
044326,大立光元富91購03,0,0,0,0,0,0,0,0,0,50000,0,0,0,50000,0,50000,50000
03516P,臺股指國票02售05,0,0,0,0,0,0,0,0,0,50000,0,0,0,50000,0,50000,50000
039645,瑞儀群益91購01  ,0,0,0,0,0,0,0,0,0,50000,0,0,0,50000,0,50000,50000
040145,國巨凱基92購01  ,0,0,0,0,0,0,0,0,0,50000,0,0,0,50000,0,50000,50000
03183P,鴻海元大01售28  ,0,0,0,0,0,0,0,0,0,50000,0,0,0,50000,0,50000,50000
04040P,大立光統一93售09,0,0,0,0,0,0,0,0,0,50000,0,0,0,50000,0,50000,50000
042558,瑞昱中信94購01  ,0,0,0,0,0,0,0,0,0,50000,0,0,0,200000,150000,50000,50000
044219,智原凱基91購03  ,0,0,0,0,0,0,0,0,0,50000,0,0,0,50000,0,50000,50000
04294P,台積電元大95售01,0,0,0,0,0,0,0,0,0,50000,0,0,0,50000,0,50000,50000
042930,大立光中信94購01,0,0,0,0,0,0,0,0,0,50000,0,0,0,50000,0,50000,50000
050171,臺指反元大97購03,0,0,0,0,0,0,0,0,0,50000,0,0,0,50000,0,50000,50000
046243,麗豐中信92購01  ,0,0,0,0,0,0,0,0,0,50000,0,0,0,50000,0,50000,50000
046166,嘉聯益兆豐93購01,0,0,0,0,0,0,0,0,0,50000,0,0,0,50000,0,50000,50000
04610P,世紀鋼永豐94售03,0,0,0,0,0,0,0,0,0,50000,0,0,0,50000,0,50000,50000
045844,臻鼎台新92購01  ,0,0,0,0,0,0,0,0,0,50000,0,0,0,50000,0,50000,50000
044831,同欣電永豐91購01,0,0,0,0,0,0,0,0,0,50000,0,0,0,52000,2000,50000,50000
045041,康舒日盛92購01  ,0,0,0,0,0,0,0,0,0,50000,0,0,0,50000,0,50000,50000
048739,華新科統一94購02,0,0,0,0,0,0,0,0,0,50000,0,0,0,50000,0,50000,50000
049604,創意亞東94購02  ,0,0,0,0,0,0,0,0,0,50000,0,0,0,50000,0,50000,50000
04940P,台積電國票95售02,0,0,0,0,0,0,0,0,0,50000,0,0,0,50000,0,50000,50000
04855P,上証2X元富94售02,0,0,0,0,0,0,0,0,0,50000,0,0,0,50000,0,50000,50000
049499,康控元大96購01  ,0,0,0,0,0,0,0,0,0,50000,0,0,0,159000,109000,50000,50000
048970,裕民元大94購01  ,0,0,0,0,0,0,0,0,0,50000,0,0,0,50000,0,50000,50000
049867,日月光兆豐94購01,0,0,0,0,0,0,0,0,0,50000,0,0,0,50000,0,50000,50000
049091,訊連凱基94購01  ,0,0,0,0,0,0,0,0,0,50000,0,0,0,73000,23000,50000,50000
04968P,台積電富邦94售06,0,0,0,0,0,0,0,0,0,50000,0,0,0,50000,0,50000,50000
05171P,臺股指元大95售15,0,0,0,0,0,0,0,0,0,50000,0,0,0,50000,0,50000,50000
050527,嘉聯益元大96購01,0,0,0,0,0,0,0,0,0,50000,0,0,0,50000,0,50000,50000
051622,和碩凱基96購01  ,0,0,0,0,0,0,0,0,0,50000,0,0,0,50000,0,50000,50000
05149P,緯穎國泰96售01  ,0,0,0,0,0,0,0,0,0,50000,0,0,0,50000,0,50000,50000
051495,玉晶光第一95購02,0,0,0,0,0,0,0,0,0,50000,0,0,0,50000,0,50000,50000
053177,華邦電統一96購01,0,0,0,0,0,0,0,0,0,50000,0,0,0,50000,0,50000,50000
053480,祥碩元大96購02  ,0,0,0,0,0,0,0,0,0,50000,0,0,0,97000,47000,50000,50000
053530,聯發科康和96購01,0,0,0,0,0,0,0,0,0,50000,0,0,0,50000,0,50000,50000
053062,緯穎富邦97購01  ,0,0,0,0,0,0,0,0,0,50000,0,0,0,60000,10000,50000,50000
055092,開發金群益9B購01,0,0,0,0,0,0,0,0,0,49000,0,0,0,60000,11000,49000,49000
04584P,楠梓電永豐94售01,0,0,0,0,0,0,0,0,0,49000,0,0,0,49000,0,49000,49000
046688,超眾國票93購03  ,0,0,0,0,0,0,0,0,0,49000,0,0,0,49000,0,49000,49000
046033,義隆元大92購03  ,0,0,0,0,0,0,0,0,0,49000,0,0,0,146000,97000,49000,49000
041978,貿聯中信93購01  ,0,0,0,0,0,0,0,0,0,49000,0,0,0,50000,1000,49000,49000
045459,致茂元大92購01  ,0,0,0,0,0,0,0,0,0,49000,0,0,0,100000,51000,49000,49000
044312,A50正2永豐92購01,0,0,0,0,0,0,0,0,0,49000,0,0,0,52000,3000,49000,49000
04054P,滬深2X富邦96售02,0,0,0,0,0,0,0,0,0,49000,0,0,0,54000,5000,49000,49000
048427,百和元富95購01  ,0,0,0,0,0,0,0,0,0,49000,0,0,0,49000,0,49000,49000
051217,聯發科元富95購01,0,0,0,0,0,0,0,0,0,49000,0,0,0,69000,20000,49000,49000
051266,國巨富邦99購01  ,0,0,0,0,0,0,0,0,0,49000,0,0,0,120000,71000,49000,49000
051112,台郡統一95購01  ,0,0,0,0,0,0,0,0,0,49000,0,0,0,67000,18000,49000,49000
048201,智易元大93購06  ,0,0,0,0,0,0,0,0,0,49000,0,0,0,92000,43000,49000,49000
048127,麗豐元大94購01  ,0,0,0,0,0,0,0,0,0,49000,0,0,0,51000,2000,49000,49000
049492,聯發科元大95購02,0,0,0,0,0,0,0,0,0,49000,0,0,0,267000,218000,49000,49000
3209,全科            ,66000,17000,49000,0,0,0,0,0,0,0,0,0,0,0,0,0,49000
05516P,台積電元大96售12,0,0,0,0,0,0,0,0,0,48000,0,0,0,50000,2000,48000,48000
054635,台達電中信98購01,0,0,0,0,0,0,0,0,0,48000,0,0,0,100000,52000,48000,48000
054375,貿聯中信99購01  ,0,0,0,0,0,0,0,0,0,48000,0,0,0,48000,0,48000,48000
054201,聯詠富邦97購02  ,0,0,0,0,0,0,0,0,0,48000,0,0,0,60000,12000,48000,48000
055227,聯發科國票98購02,0,0,0,0,0,0,0,0,0,48000,0,0,0,48000,0,48000,48000
05903P,聯發科統一96售09,0,0,0,0,0,0,0,0,0,48000,0,0,0,83000,35000,48000,48000
043012,義隆元大92購01  ,0,0,0,0,0,0,0,0,0,48000,0,0,0,48000,0,48000,48000
04163P,可成統一93售03  ,0,0,0,0,0,0,0,0,0,48000,0,0,0,48000,0,48000,48000
046158,聯發科群益92購02,0,0,0,0,0,0,0,0,0,48000,0,0,0,174000,126000,48000,48000
050413,麗豐永豐94購01  ,0,0,0,0,0,0,0,0,0,48000,0,0,0,48000,0,48000,48000
046943,聯發科元大93購06,0,0,0,0,0,0,0,0,0,48000,0,0,0,101000,53000,48000,48000
04928P,大立光凱基95售07,0,0,0,0,0,0,0,0,0,48000,0,0,0,50000,2000,48000,48000
04927P,大立光凱基95售06,0,0,0,0,0,0,0,0,0,48000,0,0,0,68000,20000,48000,48000
04811P,上銀元大94售02  ,0,0,0,0,0,0,0,0,0,48000,0,0,0,50000,2000,48000,48000
053119,日月光中信97購01,0,0,0,0,0,0,0,0,0,48000,0,0,0,48000,0,48000,48000
052976,台表科群益96購03,0,0,0,0,0,0,0,0,0,48000,0,0,0,68000,20000,48000,48000
05282P,可成元大95售09  ,0,0,0,0,0,0,0,0,0,48000,0,0,0,48000,0,48000,48000
053399,創意中信96購01  ,0,0,0,0,0,0,0,0,0,48000,0,0,0,118000,70000,48000,48000
050768,聯發科元大94購16,0,0,0,0,0,0,0,0,0,48000,0,0,0,56000,8000,48000,48000
050618,緯創元大95購01  ,0,0,0,0,0,0,0,0,0,48000,0,0,0,48000,0,48000,48000
051889,智邦元富95購02  ,0,0,0,0,0,0,0,0,0,48000,0,0,0,138000,90000,48000,48000
052061,樺漢國票96購01  ,0,0,0,0,0,0,0,0,0,48000,0,0,0,114000,66000,48000,48000
8261,富鼎            ,61000,13000,48000,0,0,0,0,0,0,0,0,0,0,0,0,0,48000
06090P,旺宏統一97售06  ,0,0,0,0,0,0,0,0,0,47000,0,0,0,49000,2000,47000,47000
055307,瑞昱群益97購02  ,0,0,0,0,0,0,0,0,0,47000,0,0,0,52000,5000,47000,47000
055317,金寶國票98購01  ,0,0,0,0,0,0,0,0,0,47000,0,0,0,128000,81000,47000,47000
05655P,南亞科統一96售01,0,0,0,0,0,0,0,0,0,47000,0,0,0,81000,34000,47000,47000
055032,億光富邦99購01  ,0,0,0,0,0,0,0,0,0,47000,0,0,0,347000,300000,47000,47000
042196,元油2X元大93購02,0,0,0,0,0,0,0,0,0,47000,0,0,0,82000,35000,47000,47000
043693,為升兆豐93購01  ,0,0,0,0,0,0,0,0,0,47000,0,0,0,47000,0,47000,47000
049143,智邦元大94購02  ,0,0,0,0,0,0,0,0,0,47000,0,0,0,60000,13000,47000,47000
048653,巨大元大96購02  ,0,0,0,0,0,0,0,0,0,47000,0,0,0,70000,23000,47000,47000
048677,智伸科國泰94購01,0,0,0,0,0,0,0,0,0,47000,0,0,0,99000,52000,47000,47000
050386,智伸科國票94購01,0,0,0,0,0,0,0,0,0,47000,0,0,0,47000,0,47000,47000
052237,嘉澤國票96購02  ,0,0,0,0,0,0,0,0,0,47000,0,0,0,47000,0,47000,47000
050673,旺宏富邦96購02  ,0,0,0,0,0,0,0,0,0,47000,0,0,0,60000,13000,47000,47000
050744,健策永豐94購04  ,0,0,0,0,0,0,0,0,0,47000,0,0,0,176000,129000,47000,47000
051360,緯創元大95購03  ,0,0,0,0,0,0,0,0,0,47000,0,0,0,71000,24000,47000,47000
053366,樺漢國泰98購01  ,0,0,0,0,0,0,0,0,0,47000,0,0,0,558000,511000,47000,47000
2614,東森            ,66000,12000,54000,0,0,0,0,0,0,-7000,0,7000,-7000,0,0,0,47000
2472,立隆電          ,111000,42000,69000,0,0,0,0,0,0,-22000,0,22000,-22000,0,0,0,47000
2464,盟立            ,64000,17000,47000,0,0,0,0,0,0,0,0,0,0,0,0,0,47000
05409P,京元電元富95售05,0,0,0,0,0,0,0,0,0,46000,0,0,0,46000,0,46000,46000
055273,華泰元大97購01  ,0,0,0,0,0,0,0,0,0,46000,0,0,0,119000,73000,46000,46000
055358,臻鼎凱基97購01  ,0,0,0,0,0,0,0,0,0,46000,0,0,0,46000,0,46000,46000
05884P,旺宏統一96售01  ,0,0,0,0,0,0,0,0,0,46000,0,0,0,51000,5000,46000,46000
00662,富邦NASDAQ      ,0,0,0,0,0,0,0,0,0,46000,0,0,0,160000,114000,46000,46000
046530,聯發科兆豐92購02,0,0,0,0,0,0,0,0,0,46000,0,0,0,97000,51000,46000,46000
053125,宏達電凱基96購01,0,0,0,0,0,0,0,0,0,46000,0,0,0,46000,0,46000,46000
05080P,亞光永豐95售02  ,0,0,0,0,0,0,0,0,0,46000,0,0,0,46000,0,46000,46000
050502,聯發科凱基94購21,0,0,0,0,0,0,0,0,0,46000,0,0,0,145000,99000,46000,46000
055468,智邦凱基97購04  ,0,0,0,0,0,0,0,0,0,45000,0,0,0,45000,0,45000,45000
055677,喬山凱基97購01  ,0,0,0,0,0,0,0,0,0,45000,0,0,0,45000,0,45000,45000
054415,奇力新元大96購06,0,0,0,0,0,0,0,0,0,45000,0,0,0,73000,28000,45000,45000
054516,國巨元大97購02  ,0,0,0,0,0,0,0,0,0,45000,0,0,0,65000,20000,45000,45000
04245P,上海銀元大93售03,0,0,0,0,0,0,0,0,0,45000,0,0,0,45000,0,45000,45000
042919,GIS元大93購01   ,0,0,0,0,0,0,0,0,0,45000,0,0,0,45000,0,45000,45000
044034,美律群益92購04  ,0,0,0,0,0,0,0,0,0,45000,0,0,0,135000,90000,45000,45000
03412P,滬深2X群益98售01,0,0,0,0,0,0,0,0,0,45000,0,0,0,45000,0,45000,45000
043771,鴻海兆豐92購01  ,0,0,0,0,0,0,0,0,0,45000,0,0,0,60000,15000,45000,45000
046446,技嘉麥證92購01  ,0,0,0,45000,0,45000,0,0,0,45000,0,0,0,45000,0,45000,45000
047322,日月光元大93購04,0,0,0,0,0,0,0,0,0,45000,0,0,0,45000,0,45000,45000
048914,川湖台新94購01  ,0,0,0,0,0,0,0,0,0,45000,0,0,0,45000,0,45000,45000
047895,台積電群益94購04,0,0,0,0,0,0,0,0,0,45000,0,0,0,77000,32000,45000,45000
052053,泰鼎凱基96購01  ,0,0,0,0,0,0,0,0,0,45000,0,0,0,81000,36000,45000,45000
053441,旺宏凱基98購01  ,0,0,0,0,0,0,0,0,0,45000,0,0,0,95000,50000,45000,45000
053214,冠德凱基96購02  ,0,0,0,0,0,0,0,0,0,45000,0,0,0,45000,0,45000,45000
053294,聯發科中信9C購01,0,0,0,0,0,0,0,0,0,45000,0,0,0,56000,11000,45000,45000
053281,茂林元大96購02  ,0,0,0,0,0,0,0,0,0,45000,0,0,0,142000,97000,45000,45000
053588,聯發科元大97購07,0,0,0,0,0,0,0,0,0,45000,0,0,0,55000,10000,45000,45000
055066,佐登永豐97購01  ,0,0,0,0,0,0,0,0,0,44000,0,0,0,51000,7000,44000,44000
054948,聯發科元大97購14,0,0,0,0,0,0,0,0,0,44000,0,0,0,63000,19000,44000,44000
05908P,大立光元富96售05,0,0,0,0,0,0,0,0,0,44000,0,0,0,50000,6000,44000,44000
06202P,大立光元大98售06,0,0,0,0,0,0,0,0,0,44000,0,0,0,44000,0,44000,44000
06187P,國巨統一97售05  ,0,0,0,0,0,0,0,0,0,44000,0,0,0,44000,0,44000,44000
046141,康控統一92購02  ,0,0,0,0,0,0,0,0,0,44000,0,0,0,54000,10000,44000,44000
00641R,富邦日本反1     ,0,0,0,0,0,0,0,0,0,44000,0,0,0,60000,16000,44000,44000
046535,宏碁群益92購01  ,0,0,0,0,0,0,0,0,0,44000,0,0,0,54000,10000,44000,44000
04953P,台積電群益94售13,0,0,0,0,0,0,0,0,0,44000,0,0,0,74000,30000,44000,44000
049496,和鑫元大95購01  ,0,0,0,0,0,0,0,0,0,44000,0,0,0,77000,33000,44000,44000
047653,上銀兆豐94購01  ,0,0,0,0,0,0,0,0,0,44000,0,0,0,45000,1000,44000,44000
052635,奇力新凱基98購01,0,0,0,0,0,0,0,0,0,44000,0,0,0,110000,66000,44000,44000
051913,緯創元大96購01  ,0,0,0,0,0,0,0,0,0,44000,0,0,0,97000,53000,44000,44000
05222P,致伸凱基95售02  ,0,0,0,0,0,0,0,0,0,44000,0,0,0,44000,0,44000,44000
1604,聲寶            ,81000,32000,49000,0,0,0,0,0,0,-5000,0,5000,-5000,0,0,0,44000
3028,增你強          ,45000,1000,44000,0,0,0,0,0,0,0,0,0,0,0,0,0,44000
05922P,京元電兆豐96售01,0,0,0,0,0,0,0,0,0,43000,0,0,0,43000,0,43000,43000
05848P,臺股指元大96售24,0,0,0,0,0,0,0,0,0,43000,0,0,0,43000,0,43000,43000
05804P,美律永豐96售01  ,0,0,0,0,0,0,0,0,0,43000,0,0,0,53000,10000,43000,43000
055223,和大國票98購01  ,0,0,0,0,0,0,0,0,0,43000,0,0,0,43000,0,43000,43000
055217,緯創凱基97購02  ,0,0,0,0,0,0,0,0,0,43000,0,0,0,43000,0,43000,43000
054097,淘帝國票97購01  ,0,0,0,0,0,0,0,0,0,43000,0,0,0,43000,0,43000,43000
042387,台積電永昌93購02,0,0,0,0,0,0,0,0,0,43000,0,0,0,134000,91000,43000,43000
043066,上銀兆豐93購02  ,0,0,0,0,0,0,0,0,0,43000,0,0,0,43000,0,43000,43000
046366,上緯控永豐92購02,0,0,0,0,0,0,0,0,0,43000,0,0,0,63000,20000,43000,43000
046951,GIS元大93購08   ,0,0,0,0,0,0,0,0,0,43000,0,0,0,73000,30000,43000,43000
050196,嘉聯益元大97購01,0,0,0,0,0,0,0,0,0,43000,0,0,0,50000,7000,43000,43000
05241P,鴻海國泰97售04  ,0,0,0,0,0,0,0,0,0,43000,0,0,0,43000,0,43000,43000
052469,宏碁亞東95購01  ,0,0,0,0,0,0,0,0,0,43000,0,0,0,43000,0,43000,43000
053282,彩晶元大9C購01  ,0,0,0,0,0,0,0,0,0,43000,0,0,0,143000,100000,43000,43000
2388,威盛            ,59000,16000,43000,0,0,0,0,0,0,0,0,0,0,0,0,0,43000
054862,群光群益97購01  ,0,0,0,0,0,0,0,0,0,42000,0,0,0,52000,10000,42000,42000
055221,矽創凱基97購02  ,0,0,0,0,0,0,0,0,0,42000,0,0,0,215000,173000,42000,42000
046341,A50正2國票93購01,0,0,0,0,0,0,0,0,0,42000,0,0,0,42000,0,42000,42000
045762,微星統一92購01  ,0,0,0,0,0,0,0,0,0,42000,0,0,0,92000,50000,42000,42000
045214,上銀元大92購06  ,0,0,0,0,0,0,0,0,0,42000,0,0,0,152000,110000,42000,42000
042792,T50反1台新9C購01,0,0,0,0,0,0,0,0,0,42000,0,0,0,42000,0,42000,42000
044683,聯鈞凱基93購01  ,0,0,0,0,0,0,0,0,0,42000,0,0,0,137000,95000,42000,42000
00665L,富邦恒生國企正2 ,0,0,0,0,0,0,0,0,0,42000,0,12000,-12000,72000,18000,54000,42000
03085P,台積電元大01售34,0,0,0,0,0,0,0,0,0,42000,0,0,0,42000,0,42000,42000
04082P,智邦統一93售03  ,0,0,0,0,0,0,0,0,0,42000,0,0,0,376000,334000,42000,42000
041427,滬深2X國票93購01,0,0,0,0,0,0,0,0,0,42000,0,0,0,42000,0,42000,42000
04772P,欣興元大94售08  ,0,0,0,0,0,0,0,0,0,42000,0,0,0,56000,14000,42000,42000
048736,台達電統一94購01,0,0,0,0,0,0,0,0,0,42000,0,0,0,221000,179000,42000,42000
048887,牧德元富94購01  ,0,0,0,0,0,0,0,0,0,42000,0,0,0,43000,1000,42000,42000
049216,華邦電國票95購01,0,0,0,0,0,0,0,0,0,42000,0,0,0,72000,30000,42000,42000
053196,康控元富96購01  ,0,0,0,0,0,0,0,0,0,42000,0,0,0,42000,0,42000,42000
052569,聯發科凱基96購08,0,0,0,0,0,0,0,0,0,42000,0,0,0,213000,171000,42000,42000
052300,力成台新95購01  ,0,0,0,0,0,0,0,0,0,42000,0,0,0,42000,0,42000,42000
052088,漢唐元大95購02  ,0,0,0,0,0,0,0,0,0,42000,0,0,0,42000,0,42000,42000
051812,臻鼎凱基95購03  ,0,0,0,0,0,0,0,0,0,42000,0,0,0,140000,98000,42000,42000
1618,合機            ,53000,9000,44000,0,0,0,0,0,0,-2000,0,2000,-2000,0,0,0,42000
2103,台橡            ,152000,84000,68000,0,0,0,0,0,0,-26000,0,26000,-26000,0,0,0,42000
3038,全台            ,67000,20000,47000,0,0,0,0,0,0,-5000,0,5000,-5000,0,0,0,42000
3702A,大聯大甲特      ,0,0,0,0,0,0,0,0,0,42000,44000,2000,42000,0,0,0,42000
05531P,臺股指群益96售04,0,0,0,0,0,0,0,0,0,41000,0,0,0,50000,9000,41000,41000
055428,友達群益9C購01  ,0,0,0,0,0,0,0,0,0,41000,0,0,0,121000,80000,41000,41000
05795P,華邦電群益96售05,0,0,0,0,0,0,0,0,0,41000,0,0,0,41000,0,41000,41000
053999,台表科群益96購06,0,0,0,0,0,0,0,0,0,41000,0,0,0,41000,0,41000,41000
054251,聯發科元大96購21,0,0,0,0,0,0,0,0,0,41000,0,0,0,228000,187000,41000,41000
044509,台光電凱基93購03,0,0,0,0,0,0,0,0,0,41000,0,0,0,41000,0,41000,41000
045360,樺漢凱基92購01  ,0,0,0,0,0,0,0,0,0,41000,0,0,0,41000,0,41000,41000
050117,麗豐元大96購02  ,0,0,0,0,0,0,0,0,0,41000,0,0,0,183000,142000,41000,41000
046435,聯發科群益92購06,0,0,0,0,0,0,0,0,0,41000,0,0,0,90000,49000,41000,41000
04647P,上海銀凱基94售04,0,0,0,0,0,0,0,0,0,41000,0,0,0,41000,0,41000,41000
048217,亞德客凱基93購06,0,0,0,0,0,0,0,0,0,41000,0,0,0,63000,22000,41000,41000
050947,聯發科群益95購01,0,0,0,0,0,0,0,0,0,41000,0,0,0,152000,111000,41000,41000
049089,正文凱基94購02  ,0,0,0,0,0,0,0,0,0,41000,0,0,0,66000,25000,41000,41000
053405,台達電兆豐96購01,0,0,0,0,0,0,0,0,0,41000,0,0,0,59000,18000,41000,41000
053550,聯發科凱基96購15,0,0,0,0,0,0,0,0,0,41000,0,0,0,286000,245000,41000,41000
05381P,聯詠群益95售02  ,0,0,0,0,0,0,0,0,0,41000,0,0,0,41000,0,41000,41000
3607,谷崧            ,41000,0,41000,0,0,0,0,0,0,0,0,0,0,0,0,0,41000
3056,總太            ,107000,66000,41000,0,0,0,0,0,0,0,0,0,0,0,0,0,41000
1786,科妍            ,59000,47000,12000,0,0,0,0,0,0,29000,35000,6000,29000,0,0,0,41000
054250,漢唐元大96購04  ,0,0,0,0,0,0,0,0,0,40000,0,0,0,40000,0,40000,40000
054340,大成鋼元富96購01,0,0,0,0,0,0,0,0,0,40000,0,0,0,40000,0,40000,40000
054374,信邦中信96購01  ,0,0,0,0,0,0,0,0,0,40000,0,0,0,40000,0,40000,40000
054061,晶技國票97購03  ,0,0,0,0,0,0,0,0,0,40000,0,0,0,40000,0,40000,40000
054826,復盛元大9A購01  ,0,0,0,0,0,0,0,0,0,40000,0,0,0,93000,53000,40000,40000
054589,聯鈞國泰99購01  ,0,0,0,0,0,0,0,0,0,40000,0,0,0,263000,223000,40000,40000
05495P,大立光統一95售07,0,0,0,0,0,0,0,0,0,40000,0,0,0,40000,0,40000,40000
05683P,矽創元大96售01  ,0,0,0,0,0,0,0,0,0,40000,0,0,0,40000,0,40000,40000
05678P,群創群益97售01  ,0,0,0,0,0,0,0,0,0,40000,0,0,0,40000,0,40000,40000
06055P,華通凱基97售04  ,0,0,0,0,0,0,0,0,0,40000,0,0,0,50000,10000,40000,40000
08852P,台灣50台新01售01,0,0,0,0,0,0,0,0,0,40000,0,0,0,40000,0,40000,40000
055436,晶豪科中信99購01,0,0,0,0,0,0,0,0,0,40000,0,0,0,50000,10000,40000,40000
055448,健策統一97購02  ,0,0,0,0,0,0,0,0,0,40000,0,0,0,50000,10000,40000,40000
055269,和大元大97購02  ,0,0,0,0,0,0,0,0,0,40000,0,0,0,40000,0,40000,40000
055226,聯發科國票97購05,0,0,0,0,0,0,0,0,0,40000,0,0,0,40000,0,40000,40000
05648P,康控國票97售01  ,0,0,0,0,0,0,0,0,0,40000,0,0,0,40000,0,40000,40000
044766,復盛凱基91購03  ,0,0,0,0,0,0,0,0,0,40000,0,0,0,40000,0,40000,40000
045970,日月光凱基92購02,0,0,0,0,0,0,0,0,0,40000,0,0,0,40000,0,40000,40000
045887,台光電元大92購07,0,0,0,0,0,0,0,0,0,40000,0,0,0,50000,10000,40000,40000
050190,麗豐元大95購02  ,0,0,0,0,0,0,0,0,0,40000,0,0,0,50000,10000,40000,40000
049973,T50反1日盛9A購01,0,0,0,0,0,0,0,0,0,40000,0,0,0,1999000,1959000,40000,40000
046675,GIS元大93購06   ,0,0,0,0,0,0,0,0,0,40000,0,0,0,45000,5000,40000,40000
044933,華邦電元大91購03,0,0,0,0,0,0,0,0,0,40000,0,0,0,40000,0,40000,40000
046330,祥碩元大92購02  ,0,0,0,0,0,0,0,0,0,40000,0,0,0,50000,10000,40000,40000
046393,瀚宇博元富92購01,0,0,0,0,0,0,0,0,0,40000,0,0,0,40000,0,40000,40000
046748,喬山凱基93購01  ,0,0,0,0,0,0,0,0,0,40000,0,0,0,40000,0,40000,40000
044270,群創中信95購02  ,0,0,0,0,0,0,0,0,0,40000,0,0,0,60000,20000,40000,40000
03647C,T50反1元富99牛02,0,0,0,0,0,0,0,0,0,40000,0,0,0,40000,0,40000,40000
03026P,國巨元大01售13  ,0,0,0,0,0,0,0,0,0,40000,0,0,0,40000,0,40000,40000
042903,金寶元大94購01  ,0,0,0,0,0,0,0,0,0,40000,0,0,0,40000,0,40000,40000
044191,旺宏第一91購01  ,0,0,0,0,0,0,0,0,0,40000,0,0,0,40000,0,40000,40000
044536,深中小群益92購01,0,0,0,0,0,0,0,0,0,40000,0,0,0,90000,50000,40000,40000
043469,宏達電元大92購02,0,0,0,0,0,0,0,0,0,40000,0,0,0,40000,0,40000,40000
046531,臻鼎兆豐92購02  ,0,0,0,0,0,0,0,0,0,40000,0,0,0,40000,0,40000,40000
04907P,超眾國票95售01  ,0,0,0,0,0,0,0,0,0,40000,0,0,0,40000,0,40000,40000
04991P,台表科元大94售05,0,0,0,0,0,0,0,0,0,40000,0,0,0,81000,41000,40000,40000
048491,A50元大93購01   ,0,0,0,0,0,0,0,0,0,40000,0,0,0,40000,0,40000,40000
049777,華新科統一94購06,0,0,0,0,0,0,0,0,0,40000,0,0,0,50000,10000,40000,40000
050363,臺指反元大98購04,0,0,0,0,0,0,0,0,0,40000,0,0,0,60000,20000,40000,40000
050974,大成鋼統一95購01,0,0,0,0,0,0,0,0,0,40000,0,0,0,70000,30000,40000,40000
051014,智邦凱基95購01  ,0,0,0,0,0,0,0,0,0,40000,0,0,0,40000,0,40000,40000
049240,華通元富94購01  ,0,0,0,0,0,0,0,0,0,40000,0,0,0,140000,100000,40000,40000
04941P,台達電台新94售02,0,0,0,0,0,0,0,0,0,40000,0,0,0,40000,0,40000,40000
048612,嘉晶凱基93購05  ,0,0,0,0,0,0,0,0,0,40000,0,0,0,40000,0,40000,40000
053603,臺股指元大96購20,0,0,0,0,0,0,0,0,0,40000,0,0,0,40000,0,40000,40000
053673,超眾元富96購03  ,0,0,0,0,0,0,0,0,0,40000,0,0,0,75000,35000,40000,40000
052729,國巨國泰97購03  ,0,0,0,0,0,0,0,0,0,40000,0,0,0,40000,0,40000,40000
052980,上銀元大96購03  ,0,0,0,0,0,0,0,0,0,40000,0,0,0,80000,40000,40000,40000
051772,玉山金中信95購01,0,0,0,0,0,0,0,0,0,40000,0,0,0,40000,0,40000,40000
051910,大立光元大97購01,0,0,0,0,0,0,0,0,0,40000,0,0,0,51000,11000,40000,40000
052098,臺股指富邦95購01,0,0,0,0,0,0,0,0,0,40000,0,0,0,40000,0,40000,40000
05223P,臻鼎凱基95售02  ,0,0,0,0,0,0,0,0,0,40000,0,0,0,50000,10000,40000,40000
052404,臻鼎凱基95購05  ,0,0,0,0,0,0,0,0,0,40000,0,0,0,40000,0,40000,40000
050493,聯發科永昌96購01,0,0,0,0,0,0,0,0,0,40000,0,0,0,283000,243000,40000,40000
050704,復盛凱基94購03  ,0,0,0,0,0,0,0,0,0,40000,0,0,0,77000,37000,40000,40000
051356,全新元大96購04  ,0,0,0,0,0,0,0,0,0,40000,0,0,0,80000,40000,40000,40000
051343,鴻海元大95購07  ,0,0,0,0,0,0,0,0,0,40000,0,0,0,50000,10000,40000,40000
1701,中化            ,69000,27000,42000,0,0,0,0,0,0,-2000,0,2000,-2000,0,0,0,40000
2849,安泰銀          ,45000,0,45000,0,0,0,0,0,0,-5000,0,5000,-5000,0,0,0,40000
6283,淳安            ,58000,18000,40000,0,0,0,0,0,0,0,0,0,0,0,0,0,40000
055530,聯發科群益98購01,0,0,0,0,0,0,0,0,0,39000,0,0,0,52000,13000,39000,39000
054906,神達康和97購01  ,0,0,0,0,0,0,0,0,0,39000,0,0,0,40000,1000,39000,39000
054573,漢唐元大98購01  ,0,0,0,0,0,0,0,0,0,39000,0,0,0,45000,6000,39000,39000
05417P,燿華永豐95售07  ,0,0,0,0,0,0,0,0,0,39000,0,0,0,39000,0,39000,39000
054254,晶豪科元大96購02,0,0,0,0,0,0,0,0,0,39000,0,0,0,63000,24000,39000,39000
054235,欣興群益96購06  ,0,0,0,0,0,0,0,0,0,39000,0,0,0,111000,72000,39000,39000
046144,康控元富92購01  ,0,0,0,0,0,0,0,0,0,39000,0,0,0,39000,0,39000,39000
04997P,燿華台新95售02  ,0,0,0,0,0,0,0,0,0,39000,0,0,0,39000,0,39000,39000
048769,聯鈞凱基94購01  ,0,0,0,0,0,0,0,0,0,39000,0,0,0,39000,0,39000,39000
051176,聯發科凱基95購07,0,0,0,0,0,0,0,0,0,39000,0,0,0,45000,6000,39000,39000
047341,貿聯第一93購01  ,0,0,0,0,0,0,0,0,0,39000,0,0,0,39000,0,39000,39000
047708,聯發科凱基93購17,0,0,0,0,0,0,0,0,0,39000,0,0,0,72000,33000,39000,39000
051348,國巨元大95購07  ,0,0,0,0,0,0,0,0,0,39000,0,0,0,40000,1000,39000,39000
050857,義隆台新95購01  ,0,0,0,0,0,0,0,0,0,39000,0,0,0,49000,10000,39000,39000
052417,聯發科兆豐9B購01,0,0,0,0,0,0,0,0,0,39000,0,0,0,65000,26000,39000,39000
05211P,國巨國票96售05  ,0,0,0,0,0,0,0,0,0,39000,0,0,0,39000,0,39000,39000
052052,嘉澤凱基95購02  ,0,0,0,0,0,0,0,0,0,39000,0,0,0,92000,53000,39000,39000
052863,友達凱基98購02  ,0,0,0,0,0,0,0,0,0,39000,0,0,0,50000,11000,39000,39000
053460,緯穎國泰97購01  ,0,0,0,0,0,0,0,0,0,39000,0,0,0,111000,72000,39000,39000
053178,南亞科統一98購01,0,0,0,0,0,0,0,0,0,39000,0,0,0,69000,30000,39000,39000
3588,通嘉            ,46000,7000,39000,0,0,0,0,0,0,0,0,0,0,0,0,0,39000
1810,和成            ,47000,0,47000,0,0,0,0,0,0,-8000,0,8000,-8000,0,0,0,39000
054284,和大元大96購03  ,0,0,0,0,0,0,0,0,0,38000,0,0,0,38000,0,38000,38000
055097,福懋科群益97購01,0,0,0,0,0,0,0,0,0,38000,0,0,0,38000,0,38000,38000
06158P,玉晶光元富97售08,0,0,0,0,0,0,0,0,0,38000,0,0,0,68000,30000,38000,38000
05767P,國巨凱基96售11  ,0,0,0,0,0,0,0,0,0,38000,0,0,0,458000,420000,38000,38000
05945P,聯詠中信96售01  ,0,0,0,0,0,0,0,0,0,38000,0,0,0,38000,0,38000,38000
044778,力成元大91購02  ,0,0,0,0,0,0,0,0,0,38000,0,0,0,38000,0,38000,38000
050192,康控元大97購01  ,0,0,0,0,0,0,0,0,0,38000,0,0,0,325000,287000,38000,38000
04667P,臺股指國票94售06,0,0,0,0,0,0,0,0,0,38000,0,0,0,150000,112000,38000,38000
045202,力成凱基92購01  ,0,0,0,0,0,0,0,0,0,38000,0,0,0,38000,0,38000,38000
043269,GIS麥證92購01   ,0,0,0,38000,0,38000,0,0,0,38000,0,0,0,38000,0,38000,38000
051222,世紀鋼元富95購01,0,0,0,0,0,0,0,0,0,38000,0,0,0,63000,25000,38000,38000
051001,緯穎元大96購02  ,0,0,0,0,0,0,0,0,0,38000,0,0,0,49000,11000,38000,38000
048137,力成國票93購01  ,0,0,0,0,0,0,0,0,0,38000,0,0,0,38000,0,38000,38000
05374P,台積電國票96售07,0,0,0,0,0,0,0,0,0,38000,0,0,0,42000,4000,38000,38000
052757,華邦電群益96購01,0,0,0,0,0,0,0,0,0,38000,0,0,0,120000,82000,38000,38000
052740,聯發科元大96購07,0,0,0,0,0,0,0,0,0,38000,0,0,0,90000,52000,38000,38000
052585,友達永豐97購01  ,0,0,0,0,0,0,0,0,0,38000,0,0,0,38000,0,38000,38000
05186P,鈺齊中信95售02  ,0,0,0,0,0,0,0,0,0,38000,0,0,0,304000,266000,38000,38000
1808,潤隆            ,59000,21000,38000,0,0,0,0,0,0,0,0,0,0,0,0,0,38000
05553P,智原群益96售01  ,0,0,0,0,0,0,0,0,0,37000,0,0,0,37000,0,37000,37000
055543,為升凱基97購01  ,0,0,0,0,0,0,0,0,0,37000,0,0,0,83000,46000,37000,37000
055138,大毅永豐97購02  ,0,0,0,0,0,0,0,0,0,37000,0,0,0,289000,252000,37000,37000
053989,奇力新兆豐97購01,0,0,0,0,0,0,0,0,0,37000,0,0,0,89000,52000,37000,37000
05391P,鴻海統一95售12  ,0,0,0,0,0,0,0,0,0,37000,0,0,0,37000,0,37000,37000
053833,彩晶台新97購02  ,0,0,0,0,0,0,0,0,0,37000,0,0,0,44000,7000,37000,37000
00703,台新MSCI中國    ,0,0,0,0,0,0,0,0,0,37000,0,0,0,146000,109000,37000,37000
045113,玉晶光永豐92購01,0,0,0,0,0,0,0,0,0,37000,0,0,0,155000,118000,37000,37000
049569,光磊統一94購02  ,0,0,0,0,0,0,0,0,0,37000,0,0,0,136000,99000,37000,37000
047898,嘉澤群益93購02  ,0,0,0,0,0,0,0,0,0,37000,0,0,0,53000,16000,37000,37000
049472,楠梓電永豐95購01,0,0,0,0,0,0,0,0,0,37000,0,0,0,37000,0,37000,37000
049045,上海銀兆豐94購01,0,0,0,0,0,0,0,0,0,37000,0,0,0,45000,8000,37000,37000
050483,樺漢國票94購01  ,0,0,0,0,0,0,0,0,0,37000,0,0,0,37000,0,37000,37000
05158P,華通永豐95售01  ,0,0,0,0,0,0,0,0,0,37000,0,0,0,37000,0,37000,37000
052545,康控元富95購02  ,0,0,0,0,0,0,0,0,0,37000,0,0,0,45000,8000,37000,37000
052662,華新科國票97購01,0,0,0,0,0,0,0,0,0,37000,0,0,0,43000,6000,37000,37000
052956,聯發科日盛96購01,0,0,0,0,0,0,0,0,0,37000,0,0,0,70000,33000,37000,37000
053580,國巨元大96購10  ,0,0,0,0,0,0,0,0,0,37000,0,0,0,107000,70000,37000,37000
3617,碩天            ,55000,18000,37000,0,0,0,0,0,0,0,0,0,0,0,0,0,37000
6552,易華電          ,88000,44000,44000,0,0,0,0,0,0,-7000,0,2000,-2000,0,5000,-5000,37000
2412,中華電          ,2010522,1774989,235533,0,0,0,18000,289000,-271000,72000,84000,24000,60000,13000,1000,12000,36533
054930,群電凱基98購01  ,0,0,0,0,0,0,0,0,0,36000,0,0,0,36000,0,36000,36000
054938,國巨元大97購04  ,0,0,0,0,0,0,0,0,0,36000,0,0,0,51000,15000,36000,36000
054831,緯穎國泰98購01  ,0,0,0,0,0,0,0,0,0,36000,0,0,0,36000,0,36000,36000
06108P,奇力新群益97售05,0,0,0,0,0,0,0,0,0,36000,0,0,0,60000,24000,36000,36000
046408,宏達電元大92購06,0,0,0,0,0,0,0,0,0,36000,0,0,0,36000,0,36000,36000
050037,金融類元大94購03,0,0,0,0,0,0,0,0,0,36000,0,0,0,36000,0,36000,36000
050292,可成凱基94購11  ,0,0,0,0,0,0,0,0,0,36000,0,0,0,56000,20000,36000,36000
050432,聯發科凱基94購19,0,0,0,0,0,0,0,0,0,36000,0,0,0,100000,64000,36000,36000
00712,FH富時不動產    ,0,0,0,0,0,0,0,0,0,36000,0,0,0,49000,13000,36000,36000
053545,上銀凱基96購03  ,0,0,0,0,0,0,0,0,0,36000,0,0,0,84000,48000,36000,36000
053296,貿聯中信98購01  ,0,0,0,0,0,0,0,0,0,36000,0,0,0,38000,2000,36000,36000
051417,揚明光國票96購01,0,0,0,0,0,0,0,0,0,36000,0,0,0,36000,0,36000,36000
051916,和碩元大95購02  ,0,0,0,0,0,0,0,0,0,36000,0,0,0,100000,64000,36000,36000
052236,聯發科國票96購03,0,0,0,0,0,0,0,0,0,36000,0,0,0,40000,4000,36000,36000
2441,超豐            ,68000,38000,30000,0,0,0,0,0,0,6000,6000,0,6000,0,0,0,36000
2442,新美齊          ,66000,28000,38000,0,0,0,0,0,0,-2000,0,2000,-2000,0,0,0,36000
4536,拓凱            ,50000,30000,20000,0,0,0,15000,0,15000,1000,0,0,0,1000,0,1000,36000
4943,康控-KY         ,179000,126000,53000,0,0,0,0,0,0,-17000,20000,2000,18000,6000,41000,-35000,36000
06120P,大立光凱基98售05,0,0,0,0,0,0,0,0,0,35000,0,0,0,35000,0,35000,35000
08126P,臺指反元大02售15,0,0,0,0,0,0,0,0,0,35000,0,0,0,35000,0,35000,35000
05790P,臺股指永昌96售07,0,0,0,0,0,0,0,0,0,35000,0,0,0,571000,536000,35000,35000
055361,樺漢凱基97購01  ,0,0,0,0,0,0,0,0,0,35000,0,0,0,54000,19000,35000,35000
054669,凌華元富97購01  ,0,0,0,0,0,0,0,0,0,35000,0,0,0,43000,8000,35000,35000
054107,上銀凱基97購01  ,0,0,0,0,0,0,0,0,0,35000,0,0,0,85000,50000,35000,35000
03417B,臺股指凱基95熊19,0,0,0,0,0,0,0,0,0,35000,0,0,0,40000,5000,35000,35000
03879P,智邦永豐93售01  ,0,0,0,0,0,0,0,0,0,35000,0,0,0,35000,0,35000,35000
044465,元油2X群益97購01,0,0,0,0,0,0,0,0,0,35000,0,0,0,35000,0,35000,35000
044456,鈺齊永豐91購02  ,0,0,0,0,0,0,0,0,0,35000,0,0,0,40000,5000,35000,35000
044405,材料凱基93購01  ,0,0,0,0,0,0,0,0,0,35000,0,0,0,45000,10000,35000,35000
045592,台郡元大92購04  ,0,0,0,0,0,0,0,0,0,35000,0,0,0,35000,0,35000,35000
042619,上証2X群益91購01,0,0,0,0,0,0,0,0,0,35000,0,0,0,35000,0,35000,35000
050310,卜蜂兆豐94購01  ,0,0,0,0,0,0,0,0,0,35000,0,0,0,35000,0,35000,35000
046841,智伸科台新93購01,0,0,0,0,0,0,0,0,0,35000,0,0,0,45000,10000,35000,35000
045853,緯穎永豐92購02  ,0,0,0,0,0,0,0,0,0,35000,0,0,0,35000,0,35000,35000
049714,國巨凱基94購02  ,0,0,0,0,0,0,0,0,0,35000,0,0,0,36000,1000,35000,35000
047289,啟碁統一97購01  ,0,0,0,0,0,0,0,0,0,35000,0,0,0,35000,0,35000,35000
049860,亞德客兆豐94購01,0,0,0,0,0,0,0,0,0,35000,0,0,0,35000,0,35000,35000
047105,和大元大94購01  ,0,0,0,0,0,0,0,0,0,35000,0,0,0,35000,0,35000,35000
047096,元油反國泰96購01,0,0,0,0,0,0,0,0,0,35000,0,0,0,35000,0,35000,35000
049446,為升統一94購01  ,0,0,0,0,0,0,0,0,0,35000,0,0,0,45000,10000,35000,35000
047893,嘉聯益兆豐94購01,0,0,0,0,0,0,0,0,0,35000,0,0,0,90000,55000,35000,35000
047922,聯發科凱基94購01,0,0,0,0,0,0,0,0,0,35000,0,0,0,289000,254000,35000,35000
049515,同欣電凱基94購01,0,0,0,0,0,0,0,0,0,35000,0,0,0,49000,14000,35000,35000
051965,傳奇永豐95購01  ,0,0,0,0,0,0,0,0,0,35000,0,0,0,35000,0,35000,35000
052006,康友富邦98購01  ,0,0,0,0,0,0,0,0,0,35000,0,0,0,65000,30000,35000,35000
051632,全新國票96購01  ,0,0,0,0,0,0,0,0,0,35000,0,0,0,35000,0,35000,35000
053150,聯發科元大96購11,0,0,0,0,0,0,0,0,0,35000,0,0,0,84000,49000,35000,35000
053469,光磊元大97購01  ,0,0,0,0,0,0,0,0,0,35000,0,0,0,35000,0,35000,35000
05347P,滬深2X元富9B售02,0,0,0,0,0,0,0,0,0,35000,0,0,0,35000,0,35000,35000
053824,樺漢群益96購02  ,0,0,0,0,0,0,0,0,0,35000,0,0,0,175000,140000,35000,35000
053089,貿聯元大97購02  ,0,0,0,0,0,0,0,0,0,35000,0,0,0,39000,4000,35000,35000
8462,柏文            ,26000,36000,-10000,0,0,0,46000,0,46000,-1000,0,1000,-1000,0,0,0,35000
2881A,富邦特          ,4000,0,4000,0,0,0,0,0,0,31000,31000,0,31000,0,0,0,35000
05393P,鴻海統一95售14  ,0,0,0,0,0,0,0,0,0,34000,0,0,0,34000,0,34000,34000
054934,金寶元大97購01  ,0,0,0,0,0,0,0,0,0,34000,0,0,0,34000,0,34000,34000
055554,聯發科凱基97購06,0,0,0,0,0,0,0,0,0,34000,0,0,0,126000,92000,34000,34000
05801P,正崴兆豐96售01  ,0,0,0,0,0,0,0,0,0,34000,0,0,0,88000,54000,34000,34000
05771P,大立光凱基96售13,0,0,0,0,0,0,0,0,0,34000,0,0,0,34000,0,34000,34000
05975P,國巨日盛99售02  ,0,0,0,0,0,0,0,0,0,34000,0,0,0,58000,24000,34000,34000
04612P,上銀群益94售01  ,0,0,0,0,0,0,0,0,0,34000,0,0,0,55000,21000,34000,34000
050155,華新科群益95購01,0,0,0,0,0,0,0,0,0,34000,0,0,0,51000,17000,34000,34000
03418P,大毅群益02售03  ,0,0,0,0,0,0,0,0,0,34000,0,0,0,34000,0,34000,34000
04778P,可成凱基94售10  ,0,0,0,0,0,0,0,0,0,34000,0,0,0,34000,0,34000,34000
048265,創意元富93購05  ,0,0,0,0,0,0,0,0,0,34000,0,0,0,34000,0,34000,34000
047441,聯發科元大93購15,0,0,0,0,0,0,0,0,0,34000,0,0,0,50000,16000,34000,34000
049341,旺宏統一95購01  ,0,0,0,0,0,0,0,0,0,34000,0,0,0,60000,26000,34000,34000
049155,同欣電元大94購01,0,0,0,0,0,0,0,0,0,34000,0,0,0,65000,31000,34000,34000
050648,全新凱基96購01  ,0,0,0,0,0,0,0,0,0,34000,0,0,0,53000,19000,34000,34000
048335,和大元大93購03  ,0,0,0,0,0,0,0,0,0,34000,0,0,0,34000,0,34000,34000
047620,貿聯凱基93購01  ,0,0,0,0,0,0,0,0,0,34000,0,0,0,35000,1000,34000,34000
049814,超眾元大95購04  ,0,0,0,0,0,0,0,0,0,34000,0,0,0,124000,90000,34000,34000
047574,和大群益93購03  ,0,0,0,0,0,0,0,0,0,34000,0,0,0,115000,81000,34000,34000
053197,超眾元富96購02  ,0,0,0,0,0,0,0,0,0,34000,0,0,0,162000,128000,34000,34000
05322P,台積電凱基95售17,0,0,0,0,0,0,0,0,0,34000,0,0,0,34000,0,34000,34000
05079P,可成永豐95售01  ,0,0,0,0,0,0,0,0,0,34000,0,0,0,34000,0,34000,34000
3014,聯陽            ,66000,26000,40000,0,0,0,0,0,0,-6000,0,6000,-6000,0,0,0,34000
5234,達興材料        ,47000,12000,35000,0,0,0,0,0,0,-1000,0,0,0,0,1000,-1000,34000
06004P,奇力新永豐96售02,0,0,0,0,0,0,0,0,0,33000,0,0,0,44000,11000,33000,33000
054630,聯鈞凱基98購01  ,0,0,0,0,0,0,0,0,0,33000,0,0,0,38000,5000,33000,33000
054753,復盛凱基98購01  ,0,0,0,0,0,0,0,0,0,33000,0,0,0,51000,18000,33000,33000
053941,國巨國泰96購05  ,0,0,0,0,0,0,0,0,0,33000,0,0,0,48000,15000,33000,33000
044496,群創元大93購02  ,0,0,0,0,0,0,0,0,0,33000,0,0,0,245000,212000,33000,33000
043854,華新科富邦93購01,0,0,0,0,0,0,0,0,0,33000,0,0,0,36000,3000,33000,33000
03893P,為升凱基93售03  ,0,0,0,0,0,0,0,0,0,33000,0,0,0,60000,27000,33000,33000
03921P,亞光凱基94售01  ,0,0,0,0,0,0,0,0,0,33000,0,0,0,45000,12000,33000,33000
04117P,聯發科元大93售21,0,0,0,0,0,0,0,0,0,33000,0,0,0,101000,68000,33000,33000
049909,國巨元大95購01  ,0,0,0,0,0,0,0,0,0,33000,0,0,0,36000,3000,33000,33000
047177,上銀元大93購05  ,0,0,0,0,0,0,0,0,0,33000,0,0,0,226000,193000,33000,33000
047269,同欣電康和93購01,0,0,0,0,0,0,0,0,0,33000,0,0,0,38000,5000,33000,33000
049288,聯茂兆豐95購02  ,0,0,0,0,0,0,0,0,0,33000,0,0,0,33000,0,33000,33000
048771,嘉澤凱基94購01  ,0,0,0,0,0,0,0,0,0,33000,0,0,0,72000,39000,33000,33000
048753,智伸科元富94購01,0,0,0,0,0,0,0,0,0,33000,0,0,0,48000,15000,33000,33000
048315,聯發科凱基93購32,0,0,0,0,0,0,0,0,0,33000,0,0,0,40000,7000,33000,33000
047950,滬深2X永豐94購02,0,0,0,0,0,0,0,0,0,33000,0,0,0,415000,382000,33000,33000
051447,新光金元大97購01,0,0,0,0,0,0,0,0,0,33000,0,0,0,33000,0,33000,33000
053473,聯發科元大96購15,0,0,0,0,0,0,0,0,0,33000,0,0,0,35000,2000,33000,33000
053459,康控國泰97購01  ,0,0,0,0,0,0,0,0,0,33000,0,0,0,56000,23000,33000,33000
2399,映泰            ,104000,63000,41000,0,0,0,0,0,0,-8000,0,8000,-8000,0,0,0,33000
2108,南帝            ,74000,33000,41000,0,0,0,0,0,0,-8000,0,8000,-8000,0,0,0,33000
2360,致茂            ,393800,597145,-203345,0,0,0,169000,1000,168000,68000,100000,43000,57000,13000,2000,11000,32655
054189,貿聯永豐96購03  ,0,0,0,0,0,0,0,0,0,32000,0,0,0,42000,10000,32000,32000
054649,聯茂群益97購01  ,0,0,0,0,0,0,0,0,0,32000,0,0,0,46000,14000,32000,32000
055004,群創元富99購06  ,0,0,0,0,0,0,0,0,0,32000,0,0,0,32000,0,32000,32000
05944P,富邦金中信96售01,0,0,0,0,0,0,0,0,0,32000,0,0,0,57000,25000,32000,32000
05956P,漢唐國票96售02  ,0,0,0,0,0,0,0,0,0,32000,0,0,0,32000,0,32000,32000
05719P,可成元大96售03  ,0,0,0,0,0,0,0,0,0,32000,0,0,0,43000,11000,32000,32000
06095P,燿華永豐97售01  ,0,0,0,0,0,0,0,0,0,32000,0,0,0,32000,0,32000,32000
06182P,群創兆豐97售03  ,0,0,0,0,0,0,0,0,0,32000,0,0,0,32000,0,32000,32000
03162P,泰碩元大01售02  ,0,0,0,0,0,0,0,0,0,32000,0,0,0,32000,0,32000,32000
00653L,富邦印度正2     ,0,0,0,0,0,0,0,0,0,32000,0,0,0,33000,1000,32000,32000
044588,元金2X統一93購01,0,0,0,0,0,0,0,0,0,32000,0,0,0,117000,85000,32000,32000
05042P,GIS凱基95售03   ,0,0,0,0,0,0,0,0,0,32000,0,0,0,32000,0,32000,32000
050014,國巨富邦98購01  ,0,0,0,0,0,0,0,0,0,32000,0,0,0,32000,0,32000,32000
046800,儒鴻元大93購02  ,0,0,0,0,0,0,0,0,0,32000,0,0,0,50000,18000,32000,32000
04747P,臺股指元大94售22,0,0,0,0,0,0,0,0,0,32000,0,0,0,424000,392000,32000,32000
053428,中磊永豐96購02  ,0,0,0,0,0,0,0,0,0,32000,0,0,0,64000,32000,32000,32000
053016,鈺齊統一96購01  ,0,0,0,0,0,0,0,0,0,32000,0,0,0,42000,10000,32000,32000
051625,聯發科麥證95購01,0,0,0,32000,0,32000,0,0,0,32000,0,0,0,32000,0,32000,32000
05056P,訊芯群益95售01  ,0,0,0,0,0,0,0,0,0,32000,0,0,0,32000,0,32000,32000
051838,國巨國泰97購01  ,0,0,0,0,0,0,0,0,0,32000,0,0,0,32000,0,32000,32000
052399,台光電凱基95購03,0,0,0,0,0,0,0,0,0,32000,0,0,0,173000,141000,32000,32000
052423,宏達電國票96購02,0,0,0,0,0,0,0,0,0,32000,0,0,0,32000,0,32000,32000
05725P,嘉聯益永豐96售02,0,0,0,0,0,0,0,0,0,31000,0,0,0,31000,0,31000,31000
05983P,聯詠國票96售02  ,0,0,0,0,0,0,0,0,0,31000,0,0,0,31000,0,31000,31000
06026P,華通台新97售01  ,0,0,0,0,0,0,0,0,0,31000,0,0,0,81000,50000,31000,31000
05946P,和碩中信96售01  ,0,0,0,0,0,0,0,0,0,31000,0,0,0,72000,41000,31000,31000
05883P,致伸永豐96售03  ,0,0,0,0,0,0,0,0,0,31000,0,0,0,44000,13000,31000,31000
055389,國巨統一98購02  ,0,0,0,0,0,0,0,0,0,31000,0,0,0,31000,0,31000,31000
054920,智原凱基98購01  ,0,0,0,0,0,0,0,0,0,31000,0,0,0,49000,18000,31000,31000
050158,上海銀群益96購01,0,0,0,0,0,0,0,0,0,31000,0,0,0,31000,0,31000,31000
045354,緯創凱基92購01  ,0,0,0,0,0,0,0,0,0,31000,0,0,0,31000,0,31000,31000
044606,鈺齊國泰92購01  ,0,0,0,0,0,0,0,0,0,31000,0,0,0,31000,0,31000,31000
045626,上銀凱基93購05  ,0,0,0,0,0,0,0,0,0,31000,0,0,0,31000,0,31000,31000
046540,創意群益92購04  ,0,0,0,0,0,0,0,0,0,31000,0,0,0,91000,60000,31000,31000
047247,淘帝群益93購01  ,0,0,0,0,0,0,0,0,0,31000,0,0,0,51000,20000,31000,31000
047822,臺股指凱基93購16,0,0,0,0,0,0,0,0,0,31000,0,0,0,50000,19000,31000,31000
050241,聯發科凱基94購14,0,0,0,0,0,0,0,0,0,31000,0,0,0,85000,54000,31000,31000
05239P,欣興永豐95售03  ,0,0,0,0,0,0,0,0,0,31000,0,0,0,96000,65000,31000,31000
052235,聯發科國票96購02,0,0,0,0,0,0,0,0,0,31000,0,0,0,31000,0,31000,31000
050753,百和統一94購01  ,0,0,0,0,0,0,0,0,0,31000,0,0,0,71000,40000,31000,31000
052995,上銀康和96購01  ,0,0,0,0,0,0,0,0,0,31000,0,0,0,31000,0,31000,31000
05270P,台表科元大95售05,0,0,0,0,0,0,0,0,0,31000,0,0,0,133000,102000,31000,31000
053451,致新凱基96購02  ,0,0,0,0,0,0,0,0,0,31000,0,0,0,41000,10000,31000,31000
2481,強茂            ,302000,228000,74000,0,0,0,0,0,0,-43000,0,3000,-3000,19000,59000,-40000,31000
2204,中華            ,75000,44000,31000,0,0,0,0,0,0,0,0,0,0,0,0,0,31000
2882A,國泰特          ,0,0,0,0,0,0,0,0,0,31000,31000,0,31000,0,0,0,31000
4438,廣越            ,42000,12000,30000,0,0,0,0,0,0,1000,0,0,0,1000,0,1000,31000
3698,隆達            ,101000,68000,33000,0,0,0,0,0,0,-2000,0,2000,-2000,0,0,0,31000
054969,亞翔元大97購01  ,0,0,0,0,0,0,0,0,0,30000,0,0,0,30000,0,30000,30000
054967,神達元大97購01  ,0,0,0,0,0,0,0,0,0,30000,0,0,0,50000,20000,30000,30000
054652,裕隆麥證97購01  ,0,0,0,130000,100000,30000,0,0,0,30000,0,0,0,130000,100000,30000,30000
05437P,聯詠永豐95售02  ,0,0,0,0,0,0,0,0,0,30000,0,0,0,51000,21000,30000,30000
053842,聯發科統一96購08,0,0,0,0,0,0,0,0,0,30000,0,0,0,30000,0,30000,30000
055366,國巨元大98購05  ,0,0,0,0,0,0,0,0,0,30000,0,0,0,30000,0,30000,30000
055483,和大元大97購03  ,0,0,0,0,0,0,0,0,0,30000,0,0,0,30000,0,30000,30000
055222,臺股指凱基97購05,0,0,0,0,0,0,0,0,0,30000,0,0,0,30000,0,30000,30000
055305,旺宏群益99購01  ,0,0,0,0,0,0,0,0,0,30000,0,0,0,30000,0,30000,30000
055637,亞德客元富97購01,0,0,0,0,0,0,0,0,0,30000,0,0,0,61000,31000,30000,30000
05559P,臺股指麥證96售01,0,0,0,40000,10000,30000,0,0,0,30000,0,0,0,40000,10000,30000,30000
05921P,同欣電元大96售06,0,0,0,0,0,0,0,0,0,30000,0,0,0,45000,15000,30000,30000
05913P,國巨元大96售11  ,0,0,0,0,0,0,0,0,0,30000,0,0,0,40000,10000,30000,30000
05668P,滬深2X永豐96售04,0,0,0,0,0,0,0,0,0,30000,0,0,0,30000,0,30000,30000
05805P,義隆永豐96售02  ,0,0,0,0,0,0,0,0,0,30000,0,0,0,30000,0,30000,30000
06177P,玉晶光元大98售07,0,0,0,0,0,0,0,0,0,30000,0,0,0,30000,0,30000,30000
06053P,緯穎國票97售05  ,0,0,0,0,0,0,0,0,0,30000,0,0,0,30000,0,30000,30000
046551,聯發科麥證92購02,0,0,0,50000,20000,30000,0,0,0,30000,0,0,0,50000,20000,30000,30000
04652P,臺股指凱基94售11,0,0,0,0,0,0,0,0,0,30000,0,0,0,30000,0,30000,30000
045615,樺漢群益92購01  ,0,0,0,0,0,0,0,0,0,30000,0,0,0,30000,0,30000,30000
045640,嘉晶凱基93購01  ,0,0,0,0,0,0,0,0,0,30000,0,0,0,30000,0,30000,30000
045599,神基中信92購01  ,0,0,0,0,0,0,0,0,0,30000,0,0,0,30000,0,30000,30000
045699,GIS兆豐92購02   ,0,0,0,0,0,0,0,0,0,30000,0,0,0,30000,0,30000,30000
045448,宏達電國泰93購02,0,0,0,0,0,0,0,0,0,30000,0,0,0,30000,0,30000,30000
044169,貿聯元大91購04  ,0,0,0,0,0,0,0,0,0,30000,0,0,0,30000,0,30000,30000
044104,鴻海中信95購03  ,0,0,0,0,0,0,0,0,0,30000,0,0,0,30000,0,30000,30000
043170,喬山國泰93購01  ,0,0,0,0,0,0,0,0,0,30000,0,0,0,30000,0,30000,30000
042169,元油2X凱基92購03,0,0,0,0,0,0,0,0,0,30000,0,0,0,30000,0,30000,30000
042194,揚明光富邦93購01,0,0,0,0,0,0,0,0,0,30000,0,0,0,30000,0,30000,30000
039985,聯詠國泰91購01  ,0,0,0,0,0,0,0,0,0,30000,0,0,0,30000,0,30000,30000
044240,聯發科統一91購04,0,0,0,0,0,0,0,0,0,30000,0,0,0,30000,0,30000,30000
03831P,臺股指中信95售02,0,0,0,0,0,0,0,0,0,30000,0,0,0,30000,0,30000,30000
043832,SP黃豆國票95購01,0,0,0,0,0,0,0,0,0,30000,0,0,0,30000,0,30000,30000
044332,華邦電統一91購01,0,0,0,0,0,0,0,0,0,30000,0,0,0,30000,0,30000,30000
04576P,上海銀統一94售04,0,0,0,0,0,0,0,0,0,30000,0,0,0,30000,0,30000,30000
045283,上銀永豐92購01  ,0,0,0,0,0,0,0,0,0,30000,0,0,0,30000,0,30000,30000
045038,臻鼎群益93購01  ,0,0,0,0,0,0,0,0,0,30000,0,0,0,60000,30000,30000,30000
04487P,南亞科凱基94售01,0,0,0,0,0,0,0,0,0,30000,0,0,0,30000,0,30000,30000
046113,旺宏元大93購04  ,0,0,0,0,0,0,0,0,0,30000,0,0,0,30000,0,30000,30000
046278,緯創台新92購01  ,0,0,0,0,0,0,0,0,0,30000,0,0,0,30000,0,30000,30000
050016,緯穎富邦95購01  ,0,0,0,0,0,0,0,0,0,30000,0,0,0,30000,0,30000,30000
050423,鴻海凱基96購02  ,0,0,0,0,0,0,0,0,0,30000,0,0,0,30000,0,30000,30000
045882,滬深2X元大95購01,0,0,0,0,0,0,0,0,0,30000,0,0,0,60000,30000,30000,30000
046828,聯發科群益94購01,0,0,0,0,0,0,0,0,0,30000,0,0,0,38000,8000,30000,30000
04790P,台積電元大94售19,0,0,0,0,0,0,0,0,0,30000,0,0,0,30000,0,30000,30000
048283,亞德客中信94購01,0,0,0,0,0,0,0,0,0,30000,0,0,0,30000,0,30000,30000
048570,鈺齊元大93購01  ,0,0,0,0,0,0,0,0,0,30000,0,0,0,30000,0,30000,30000
048549,滬深2X元大96購03,0,0,0,0,0,0,0,0,0,30000,0,0,0,30000,0,30000,30000
04854P,鴻海國泰96售04  ,0,0,0,0,0,0,0,0,0,30000,0,0,0,101000,71000,30000,30000
048261,鴻海元富95購01  ,0,0,0,0,0,0,0,0,0,30000,0,0,0,50000,20000,30000,30000
048745,儒鴻元富97購02  ,0,0,0,0,0,0,0,0,0,30000,0,0,0,160000,130000,30000,30000
049573,長榮航統一95購01,0,0,0,0,0,0,0,0,0,30000,0,0,0,30000,0,30000,30000
049343,華新科統一94購03,0,0,0,0,0,0,0,0,0,30000,0,0,0,45000,15000,30000,30000
049386,嘉聯益元大95購01,0,0,0,0,0,0,0,0,0,30000,0,0,0,30000,0,30000,30000
047264,貿聯國票93購02  ,0,0,0,0,0,0,0,0,0,30000,0,0,0,30000,0,30000,30000
047153,聯發科國票93購02,0,0,0,0,0,0,0,0,0,30000,0,0,0,30000,0,30000,30000
047287,貿聯統一95購01  ,0,0,0,0,0,0,0,0,0,30000,0,0,0,30000,0,30000,30000
050934,喬山國票96購01  ,0,0,0,0,0,0,0,0,0,30000,0,0,0,130000,100000,30000,30000
051039,台表科康和95購01,0,0,0,0,0,0,0,0,0,30000,0,0,0,50000,20000,30000,30000
05113P,臺股指元富95售01,0,0,0,0,0,0,0,0,0,30000,0,0,0,30000,0,30000,30000
047477,台積電凱基93購15,0,0,0,0,0,0,0,0,0,30000,0,0,0,30000,0,30000,30000
04749P,臺股指元大94售25,0,0,0,0,0,0,0,0,0,30000,0,0,0,30000,0,30000,30000
047455,儒鴻群益93購03  ,0,0,0,0,0,0,0,0,0,30000,0,0,0,40000,10000,30000,30000
048428,滬深2X國票93購05,0,0,0,0,0,0,0,0,0,30000,0,0,0,130000,100000,30000,30000
048424,揚明光元富95購01,0,0,0,0,0,0,0,0,0,30000,0,0,0,30000,0,30000,30000
053359,矽力統一96購02  ,0,0,0,0,0,0,0,0,0,30000,0,0,0,30000,0,30000,30000
053191,奇鋐統一96購01  ,0,0,0,0,0,0,0,0,0,30000,0,0,0,30000,0,30000,30000
053681,臺股指富邦96購02,0,0,0,0,0,0,0,0,0,30000,0,0,0,50000,20000,30000,30000
053634,劍麟永豐96購01  ,0,0,0,0,0,0,0,0,0,30000,0,0,0,30000,0,30000,30000
053002,鴻海永豐96購01  ,0,0,0,0,0,0,0,0,0,30000,0,0,0,30000,0,30000,30000
053120,復盛中信9A購01  ,0,0,0,0,0,0,0,0,0,30000,0,0,0,40000,10000,30000,30000
052922,國巨永豐96購01  ,0,0,0,0,0,0,0,0,0,30000,0,0,0,70000,40000,30000,30000
052876,GIS凱基96購03   ,0,0,0,0,0,0,0,0,0,30000,0,0,0,80000,50000,30000,30000
052911,友達統一97購02  ,0,0,0,0,0,0,0,0,0,30000,0,0,0,50000,20000,30000,30000
050714,深中小群益98購01,0,0,0,0,0,0,0,0,0,30000,0,0,0,560000,530000,30000,30000
050863,聯發科永豐95購01,0,0,0,0,0,0,0,0,0,30000,0,0,0,30000,0,30000,30000
051623,和碩凱基96購02  ,0,0,0,0,0,0,0,0,0,30000,0,0,0,30000,0,30000,30000
051620,可成凱基95購10  ,0,0,0,0,0,0,0,0,0,30000,0,0,0,64000,34000,30000,30000
051564,和碩國泰96購01  ,0,0,0,0,0,0,0,0,0,30000,0,0,0,30000,0,30000,30000
051440,鴻海元大95購12  ,0,0,0,0,0,0,0,0,0,30000,0,0,0,105000,75000,30000,30000
051411,聯發科國票95購05,0,0,0,0,0,0,0,0,0,30000,0,0,0,133000,103000,30000,30000
051363,矽創元大95購03  ,0,0,0,0,0,0,0,0,0,30000,0,0,0,30000,0,30000,30000
051389,台達電兆豐95購01,0,0,0,0,0,0,0,0,0,30000,0,0,0,40000,10000,30000,30000
052201,超眾統一96購01  ,0,0,0,0,0,0,0,0,0,30000,0,0,0,40000,10000,30000,30000
052090,聯發科元大97購03,0,0,0,0,0,0,0,0,0,30000,0,0,0,230000,200000,30000,30000
052303,聯發科永豐95購05,0,0,0,0,0,0,0,0,0,30000,0,0,0,30000,0,30000,30000
052344,台表科凱基98購01,0,0,0,0,0,0,0,0,0,30000,0,0,0,60000,30000,30000,30000
051864,聯發科凱基96購03,0,0,0,0,0,0,0,0,0,30000,0,0,0,38000,8000,30000,30000
051912,健鼎元大96購01  ,0,0,0,0,0,0,0,0,0,30000,0,0,0,30000,0,30000,30000
3419,譁裕            ,37000,7000,30000,0,0,0,0,0,0,0,0,0,0,0,0,0,30000
3022,威強電          ,34000,4000,30000,0,0,0,0,0,0,0,0,0,0,0,0,0,30000
05786P,臺股指永昌96售03,0,0,0,0,0,0,0,0,0,29000,104000,0,104000,99000,174000,-75000,29000
05974P,國巨富邦97售03  ,0,0,0,0,0,0,0,0,0,29000,0,0,0,59000,30000,29000,29000
055233,康友國票98購01  ,0,0,0,0,0,0,0,0,0,29000,0,0,0,35000,6000,29000,29000
054217,台表科國票97購05,0,0,0,0,0,0,0,0,0,29000,0,0,0,46000,17000,29000,29000
054348,康控國票97購03  ,0,0,0,0,0,0,0,0,0,29000,0,0,0,45000,16000,29000,29000
054728,聯發科日盛97購01,0,0,0,0,0,0,0,0,0,29000,0,0,0,40000,11000,29000,29000
054834,帆宣中信97購01  ,0,0,0,0,0,0,0,0,0,29000,0,0,0,29000,0,29000,29000
054784,順德群益9A購01  ,0,0,0,0,0,0,0,0,0,29000,0,0,0,149000,120000,29000,29000
047047,旺宏國票95購01  ,0,0,0,0,0,0,0,0,0,29000,0,0,0,46000,17000,29000,29000
045150,聯發科凱基93購03,0,0,0,0,0,0,0,0,0,29000,0,0,0,36000,7000,29000,29000
045393,寶齡國泰93購01  ,0,0,0,0,0,0,0,0,0,29000,0,0,0,50000,21000,29000,29000
03111P,元油2X富邦97售01,0,0,0,0,0,0,0,0,0,29000,0,0,0,29000,0,29000,29000
042983,亞光凱基92購01  ,0,0,0,0,0,0,0,0,0,29000,0,0,0,29000,0,29000,29000
049807,新光金元大96購02,0,0,0,0,0,0,0,0,0,29000,0,0,0,29000,0,29000,29000
051287,台積電統一95購05,0,0,0,0,0,0,0,0,0,29000,0,0,0,130000,101000,29000,29000
050977,聯發科統一95購02,0,0,0,0,0,0,0,0,0,29000,0,0,0,29000,0,29000,29000
049370,可成元大94購03  ,0,0,0,0,0,0,0,0,0,29000,0,0,0,142000,113000,29000,29000
049233,聯發科統一94購04,0,0,0,0,0,0,0,0,0,29000,0,0,0,64000,35000,29000,29000
051938,旭富群益95購01  ,0,0,0,0,0,0,0,0,0,29000,0,0,0,29000,0,29000,29000
051871,同欣電凱基95購02,0,0,0,0,0,0,0,0,0,29000,0,0,0,73000,44000,29000,29000
052556,聯發科國票97購01,0,0,0,0,0,0,0,0,0,29000,0,0,0,29000,0,29000,29000
052565,上銀凱基96購01  ,0,0,0,0,0,0,0,0,0,29000,0,0,0,82000,53000,29000,29000
8454,富邦媒          ,90000,61000,29000,0,0,0,0,0,0,0,0,0,0,0,0,0,29000
055018,緯穎元富97購02  ,0,0,0,0,0,0,0,0,0,28000,0,0,0,30000,2000,28000,28000
054207,國巨國票98購01  ,0,0,0,0,0,0,0,0,0,28000,0,0,0,35000,7000,28000,28000
053919,可成國票97購02  ,0,0,0,0,0,0,0,0,0,28000,0,0,0,30000,2000,28000,28000
053964,上銀元大96購05  ,0,0,0,0,0,0,0,0,0,28000,0,0,0,105000,77000,28000,28000
055189,台虹統一97購01  ,0,0,0,0,0,0,0,0,0,28000,0,0,0,38000,10000,28000,28000
055285,華新科元大99購03,0,0,0,0,0,0,0,0,0,28000,0,0,0,67000,39000,28000,28000
05552P,聯詠群益96售01  ,0,0,0,0,0,0,0,0,0,28000,0,0,0,38000,10000,28000,28000
06134P,緯穎元富97售03  ,0,0,0,0,0,0,0,0,0,28000,0,0,0,78000,50000,28000,28000
043980,旺宏元大92購05  ,0,0,0,0,0,0,0,0,0,28000,0,0,0,30000,2000,28000,28000
042560,康控兆豐92購01  ,0,0,0,0,0,0,0,0,0,28000,0,0,0,28000,0,28000,28000
04489P,大立光凱基94售03,0,0,0,0,0,0,0,0,0,28000,0,0,0,28000,0,28000,28000
046081,康舒凱基92購01  ,0,0,0,0,0,0,0,0,0,28000,0,0,0,36000,8000,28000,28000
047079,GIS兆豐94購01   ,0,0,0,0,0,0,0,0,0,28000,0,0,0,33000,5000,28000,28000
050133,鈺齊凱基94購01  ,0,0,0,0,0,0,0,0,0,28000,0,0,0,115000,87000,28000,28000
049342,聯發科統一94購05,0,0,0,0,0,0,0,0,0,28000,0,0,0,28000,0,28000,28000
048705,GIS國票95購01   ,0,0,0,0,0,0,0,0,0,28000,0,0,0,50000,22000,28000,28000
048598,瑞昱國票93購03  ,0,0,0,0,0,0,0,0,0,28000,0,0,0,60000,32000,28000,28000
04864P,欣興元大94售10  ,0,0,0,0,0,0,0,0,0,28000,0,0,0,36000,8000,28000,28000
048186,元黃金元大96購01,0,0,0,0,0,0,0,0,0,28000,0,0,0,33000,5000,28000,28000
047240,樺漢凱基93購01  ,0,0,0,0,0,0,0,0,0,28000,0,0,0,31000,3000,28000,28000
05112P,燿華統一95售01  ,0,0,0,0,0,0,0,0,0,28000,0,0,0,28000,0,28000,28000
049770,康控元富95購01  ,0,0,0,0,0,0,0,0,0,28000,0,0,0,31000,3000,28000,28000
05164P,南亞科元富95售04,0,0,0,0,0,0,0,0,0,28000,0,0,0,30000,2000,28000,28000
3530,晶相光          ,224000,207000,17000,0,0,0,0,0,0,11000,21000,25000,-4000,110000,95000,15000,28000
1537,廣隆            ,27000,0,27000,0,0,0,0,0,0,1000,2000,1000,1000,0,0,0,28000
4958,臻鼎-KY         ,433111,371000,62111,0,0,0,2000,0,2000,-37000,11000,22000,-11000,1000,27000,-26000,27111
06058P,玉晶光凱基97售04,0,0,0,0,0,0,0,0,0,27000,0,0,0,32000,5000,27000,27000
055565,祥碩凱基97購01  ,0,0,0,0,0,0,0,0,0,27000,0,0,0,45000,18000,27000,27000
054403,同欣電永豐96購02,0,0,0,0,0,0,0,0,0,27000,0,0,0,87000,60000,27000,27000
055157,晶豪科元大97購01,0,2000,-2000,0,0,0,0,0,0,29000,0,0,0,79000,50000,29000,27000
054775,復盛國票98購01  ,0,0,0,0,0,0,0,0,0,27000,0,0,0,30000,3000,27000,27000
054660,禾伸堂元大97購03,0,0,0,0,0,0,0,0,0,27000,0,0,0,51000,24000,27000,27000
054670,康友元富97購01  ,0,0,0,0,0,0,0,0,0,27000,0,0,0,77000,50000,27000,27000
050135,禾伸堂兆豐95購01,0,0,0,0,0,0,0,0,0,27000,0,0,0,53000,26000,27000,27000
045861,智邦統一93購02  ,0,0,0,0,0,0,0,0,0,27000,0,0,0,104000,77000,27000,27000
045926,康控康和92購01  ,0,0,0,0,0,0,0,0,0,27000,0,0,0,27000,0,27000,27000
04517P,宏達電群益95售01,0,0,0,0,0,0,0,0,0,27000,0,0,0,27000,0,27000,27000
044108,華新科國票91購03,0,0,0,0,0,0,0,0,0,27000,0,0,0,27000,0,27000,27000
04172P,大立光凱基93售34,0,0,0,0,0,0,0,0,0,27000,0,0,0,27000,0,27000,27000
048548,緯穎永豐93購02  ,0,0,0,0,0,0,0,0,0,27000,0,0,0,37000,10000,27000,27000
04959P,可成凱基94售14  ,0,0,0,0,0,0,0,0,0,27000,0,0,0,27000,0,27000,27000
051638,聯茂國票96購01  ,0,0,0,0,0,0,0,0,0,27000,0,0,0,199000,172000,27000,27000
051551,新日興永豐95購01,0,0,0,0,0,0,0,0,0,27000,0,0,0,781000,754000,27000,27000
051483,玉晶光凱基96購02,0,0,0,0,0,0,0,0,0,27000,0,0,0,53000,26000,27000,27000
052003,泰碩國泰97購02  ,0,0,0,0,0,0,0,0,0,27000,0,0,0,102000,75000,27000,27000
052558,新唐國票97購01  ,0,0,0,0,0,0,0,0,0,27000,0,0,0,27000,0,27000,27000
05280P,華通元大95售08  ,0,0,0,0,0,0,0,0,0,27000,0,0,0,67000,40000,27000,27000
052855,群創日盛99購01  ,0,0,0,0,0,0,0,0,0,27000,0,0,0,48000,21000,27000,27000
053539,智易永豐96購01  ,0,0,0,0,0,0,0,0,0,27000,0,0,0,27000,0,27000,27000
053194,緯穎統一99購01  ,0,0,0,0,0,0,0,0,0,27000,0,0,0,30000,3000,27000,27000
5225,東科-KY         ,45000,16000,29000,0,0,0,0,0,0,-2000,0,2000,-2000,0,0,0,27000
1527,鑽全            ,188000,159000,29000,0,0,0,0,0,0,-2000,0,2000,-2000,0,0,0,27000
2227,裕日車          ,35000,8000,27000,0,0,0,0,0,0,0,0,0,0,0,0,0,27000
3033,威健            ,28000,0,28000,0,0,0,0,0,0,-1000,0,1000,-1000,0,0,0,27000
4540,全球傳動        ,73000,46000,27000,0,0,0,0,0,0,0,0,0,0,0,0,0,27000
2707,晶華            ,62000,22000,40000,0,0,0,0,0,0,-13000,0,10000,-10000,0,3000,-3000,27000
2530,華建            ,27000,0,27000,0,0,0,0,0,0,0,0,0,0,0,0,0,27000
6415,矽力-KY         ,331000,298011,32989,0,0,0,25000,27000,-2000,-4000,2000,8000,-6000,7000,5000,2000,26989
054489,牧德台新97購02  ,0,0,0,0,0,0,0,0,0,26000,0,0,0,26000,0,26000,26000
055363,緯穎凱基98購03  ,0,0,0,0,0,0,0,0,0,26000,0,0,0,36000,10000,26000,26000
044200,群創國票93購01  ,0,0,0,0,0,0,0,0,0,26000,0,0,0,126000,100000,26000,26000
04308P,京元電凱基93售06,0,0,0,0,0,0,0,0,0,26000,0,0,0,26000,0,26000,26000
045205,鈺齊凱基92購01  ,0,0,0,0,0,0,0,0,0,26000,0,0,0,30000,4000,26000,26000
045418,上銀凱基92購01  ,0,0,0,0,0,0,0,0,0,26000,0,0,0,35000,9000,26000,26000
044838,同欣電元大91購01,0,0,0,0,0,0,0,0,0,26000,0,0,0,26000,0,26000,26000
046381,緯創凱基93購03  ,0,0,0,0,0,0,0,0,0,26000,0,0,0,26000,0,26000,26000
047077,日月光兆豐93購01,0,0,0,0,0,0,0,0,0,26000,0,0,0,26000,0,26000,26000
050307,欣興中信95購01  ,0,0,0,0,0,0,0,0,0,26000,0,0,0,80000,54000,26000,26000
048242,統一兆豐93購01  ,0,0,0,0,0,0,0,0,0,26000,0,0,0,80000,54000,26000,26000
04782P,智伸科統一96售01,0,0,0,0,0,0,0,0,0,26000,0,0,0,26000,0,26000,26000
049911,智邦元大94購05  ,0,0,0,0,0,0,0,0,0,26000,0,0,0,155000,129000,26000,26000
047149,聯鈞群益93購01  ,0,0,0,0,0,0,0,0,0,26000,0,0,0,44000,18000,26000,26000
053311,同欣電凱基96購01,0,0,0,0,0,0,0,0,0,26000,0,0,0,61000,35000,26000,26000
053488,中石化兆豐97購01,0,0,0,0,0,0,0,0,0,26000,0,0,0,30000,4000,26000,26000
052984,漢唐元大96購01  ,0,0,0,0,0,0,0,0,0,26000,0,0,0,26000,0,26000,26000
053068,智伸科群益96購01,0,0,0,0,0,0,0,0,0,26000,0,0,0,102000,76000,26000,26000
051815,百和凱基96購01  ,0,0,0,0,0,0,0,0,0,26000,0,0,0,26000,0,26000,26000
051366,康友國泰97購01  ,0,0,0,0,0,0,0,0,0,26000,0,0,0,412000,386000,26000,26000
051324,康友國票96購01  ,0,0,0,0,0,0,0,0,0,26000,0,0,0,30000,4000,26000,26000
050464,華通國泰95購01  ,0,0,0,0,0,0,0,0,0,26000,0,0,0,36000,10000,26000,26000
2444,兆勁            ,31000,5000,26000,0,0,0,0,0,0,0,0,0,0,0,0,0,26000
055507,樺漢元大98購02  ,0,0,0,0,0,0,0,0,0,25000,0,0,0,130000,105000,25000,25000
055280,智邦元大97購01  ,0,0,0,0,0,0,0,0,0,25000,0,0,0,25000,0,25000,25000
05928P,華邦電康和96售01,0,0,0,0,0,0,0,0,0,25000,0,0,0,25000,0,25000,25000
054451,上銀亞東98購01  ,0,0,0,0,0,0,0,0,0,25000,0,0,0,25000,0,25000,25000
05422P,大立光中信97售02,0,0,0,0,0,0,0,0,0,25000,0,0,0,25000,0,25000,25000
05459P,聯詠凱基95售03  ,0,0,0,0,0,0,0,0,0,25000,0,0,0,121000,96000,25000,25000
055096,緯穎群益97購01  ,0,0,0,0,0,0,0,0,0,25000,0,0,0,98000,73000,25000,25000
054876,群電群益97購02  ,0,0,0,0,0,0,0,0,0,25000,0,0,0,91000,66000,25000,25000
050062,聯發科凱基94購08,0,0,0,0,0,0,0,0,0,25000,0,0,0,113000,88000,25000,25000
050063,聯發科凱基94購09,0,0,0,0,0,0,0,0,0,25000,0,0,0,42000,17000,25000,25000
046975,元金2X永豐93購01,0,0,0,0,0,0,0,0,0,25000,0,0,0,25000,0,25000,25000
046811,和大凱基93購01  ,0,0,0,0,0,0,0,0,0,25000,0,0,0,25000,0,25000,25000
045160,致新凱基92購01  ,0,0,0,0,0,0,0,0,0,25000,0,0,0,88000,63000,25000,25000
044547,南茂群益91購01  ,0,0,0,0,0,0,0,0,0,25000,0,0,0,25000,0,25000,25000
046528,聯詠中信94購01  ,0,0,0,0,0,0,0,0,0,25000,0,0,0,35000,10000,25000,25000
044470,大立光群益91購14,0,0,0,0,0,0,0,0,0,25000,0,0,0,25000,0,25000,25000
044486,臺股指康和91購02,0,0,0,0,0,0,0,0,0,25000,0,0,0,25000,0,25000,25000
043862,和大元大92購01  ,0,0,0,0,0,0,0,0,0,25000,0,0,0,25000,0,25000,25000
043775,友達兆豐92購01  ,0,0,0,0,0,0,0,0,0,25000,0,0,0,35000,10000,25000,25000
03779P,力山凱基93售01  ,0,0,0,0,0,0,0,0,0,25000,0,0,0,25000,0,25000,25000
047292,台光電元富96購01,0,0,0,0,0,0,0,0,0,25000,0,0,0,50000,25000,25000,25000
049945,樺漢第一94購01  ,0,0,0,0,0,0,0,0,0,25000,0,0,0,25000,0,25000,25000
048412,台勝科亞東93購01,0,0,0,0,0,0,0,0,0,25000,0,0,0,25000,0,25000,25000
04758P,國巨凱基94售03  ,0,0,0,0,0,0,0,0,0,25000,0,0,0,30000,5000,25000,25000
047618,義隆凱基94購02  ,0,0,0,0,0,0,0,0,0,25000,0,0,0,28000,3000,25000,25000
047967,南亞科國泰95購01,0,0,0,0,0,0,0,0,0,25000,0,0,0,65000,40000,25000,25000
049032,百和群益94購04  ,0,0,0,0,0,0,0,0,0,25000,0,0,0,110000,85000,25000,25000
049001,川湖中信94購01  ,0,0,0,0,0,0,0,0,0,25000,0,0,0,25000,0,25000,25000
050873,新唐永豐95購01  ,0,0,0,0,0,0,0,0,0,25000,0,0,0,25000,0,25000,25000
051637,嘉聯益國票96購01,0,0,0,0,0,0,0,0,0,25000,0,0,0,68000,43000,25000,25000
051858,上銀凱基95購01  ,0,0,0,0,0,0,0,0,0,25000,0,0,0,25000,0,25000,25000
051993,和碩元大95購03  ,0,0,0,0,0,0,0,0,0,25000,0,0,0,150000,125000,25000,25000
051984,台塑元大95購01  ,0,0,0,0,0,0,0,0,0,25000,0,0,0,30000,5000,25000,25000
051917,瑞儀元大95購01  ,0,0,0,0,0,0,0,0,0,25000,0,0,0,25000,0,25000,25000
052361,大成鋼國票96購01,0,0,0,0,0,0,0,0,0,25000,0,0,0,70000,45000,25000,25000
052597,茂林群益96購01  ,0,0,0,0,0,0,0,0,0,25000,0,0,0,252000,227000,25000,25000
053472,漢唐元大96購02  ,0,0,0,0,0,0,0,0,0,25000,0,0,0,25000,0,25000,25000
053198,亞德客日盛96購01,0,0,0,0,0,0,0,0,0,25000,0,0,0,28000,3000,25000,25000
1611,中電            ,61000,36000,25000,0,0,0,0,0,0,0,0,0,0,0,0,0,25000
2535,達欣工          ,64000,39000,25000,0,0,0,0,0,0,0,0,0,0,0,0,0,25000
4956,光鋐            ,33000,6000,27000,0,0,0,0,0,0,-2000,0,2000,-2000,0,0,0,25000
06016P,京元電凱基96售03,0,0,0,0,0,0,0,0,0,24000,0,0,0,24000,0,24000,24000
06024P,台郡國票97售05  ,0,0,0,0,0,0,0,0,0,24000,0,0,0,30000,6000,24000,24000
05755P,臺股指中信99售04,0,0,0,0,0,0,0,0,0,24000,0,0,0,24000,0,24000,24000
06068P,玉晶光康和97售01,0,0,0,0,0,0,0,0,0,24000,0,0,0,24000,0,24000,24000
06113P,台積電群益97售01,0,0,0,0,0,0,0,0,0,24000,0,0,0,92000,68000,24000,24000
055351,聯發科凱基97購03,0,0,0,0,0,0,0,0,0,24000,0,0,0,47000,23000,24000,24000
03869P,和大群益93售02  ,0,0,0,0,0,0,0,0,0,24000,0,0,0,24000,0,24000,24000
045453,上銀元大92購07  ,0,0,0,0,0,0,0,0,0,24000,0,0,0,35000,11000,24000,24000
045511,同欣電凱基92購02,0,0,0,0,0,0,0,0,0,24000,0,0,0,43000,19000,24000,24000
047015,上銀元大93購03  ,0,0,0,0,0,0,0,0,0,24000,0,0,0,35000,11000,24000,24000
047956,麗豐永豐93購02  ,0,0,0,0,0,0,0,0,0,24000,0,0,0,24000,0,24000,24000
049109,嘉澤富邦95購01  ,0,0,0,0,0,0,0,0,0,24000,0,0,0,47000,23000,24000,24000
049696,欣興元大95購02  ,0,0,0,0,0,0,0,0,0,24000,0,0,0,39000,15000,24000,24000
049885,緯穎永豐94購01  ,0,0,0,0,0,0,0,0,0,24000,0,0,0,34000,10000,24000,24000
050595,緯穎永豐94購03  ,0,0,0,0,0,0,0,0,0,24000,0,0,0,34000,10000,24000,24000
053745,康友國票97購01  ,0,0,0,0,0,0,0,0,0,24000,0,0,0,28000,4000,24000,24000
052589,群創永豐97購01  ,0,0,0,0,0,0,0,0,0,24000,0,0,0,34000,10000,24000,24000
052799,上銀元大96購01  ,0,0,0,0,0,0,0,0,0,24000,0,0,0,116000,92000,24000,24000
053050,華通國票97購02  ,0,0,0,0,0,0,0,0,0,24000,0,0,0,24000,0,24000,24000
051579,宏碁元大95購01  ,0,0,0,0,0,0,0,0,0,24000,0,0,0,28000,4000,24000,24000
3679,新至陞          ,26000,0,26000,0,0,0,0,0,0,-2000,0,2000,-2000,0,0,0,24000
1612,宏泰            ,57000,33000,24000,0,0,0,0,0,0,0,0,0,0,0,0,0,24000
1723,中碳            ,47000,22000,25000,0,0,0,0,0,0,-1000,0,1000,-1000,0,0,0,24000
2478,大毅            ,706000,1035000,-329000,0,0,0,0,0,0,353000,215000,86000,129000,317000,93000,224000,24000
2480,敦陽科          ,57000,33000,24000,0,0,0,0,0,0,0,0,0,0,0,0,0,24000
055270,上銀元大97購03  ,0,0,0,0,0,0,0,0,0,23000,0,0,0,37000,14000,23000,23000
05845P,大立光元大96售06,0,0,0,0,0,0,0,0,0,23000,0,0,0,473000,450000,23000,23000
05940P,聯發科凱基96售21,0,0,0,0,0,0,0,0,0,23000,0,0,0,23000,0,23000,23000
054790,禾伸堂群益98購01,0,0,0,0,0,0,0,0,0,23000,0,0,0,110000,87000,23000,23000
054366,和大中信98購01  ,0,0,0,0,0,0,0,0,0,23000,0,0,0,53000,30000,23000,23000
045895,智伸科元大92購02,0,0,0,0,0,0,0,0,0,23000,0,0,0,23000,0,23000,23000
050311,上銀兆豐95購01  ,0,0,0,0,0,0,0,0,0,23000,0,0,0,23000,0,23000,23000
050291,聯發科凱基94購16,0,0,0,0,0,0,0,0,0,23000,0,0,0,85000,62000,23000,23000
044819,新日興兆豐93購02,0,0,0,0,0,0,0,0,0,23000,0,0,0,206000,183000,23000,23000
046620,智伸科凱基93購01,0,0,0,0,0,0,0,0,0,23000,0,0,0,23000,0,23000,23000
044117,創意兆豐92購01  ,0,0,0,0,0,0,0,0,0,23000,0,0,0,23000,0,23000,23000
044003,聯發科兆豐93購01,0,0,0,0,0,0,0,0,0,23000,0,0,0,130000,107000,23000,23000
042784,上銀兆豐93購01  ,0,0,0,0,0,0,0,0,0,23000,0,0,0,24000,1000,23000,23000
03252P,台積電台新02售01,0,0,0,0,0,0,0,0,0,23000,0,0,0,25000,2000,23000,23000
03567P,可成凱基02售06  ,0,0,0,0,0,0,0,0,0,23000,0,0,0,23000,0,23000,23000
047107,上銀元大93購04  ,0,0,0,0,0,0,0,0,0,23000,0,0,0,34000,11000,23000,23000
047736,聯發科台新94購01,0,0,0,0,0,0,0,0,0,23000,0,0,0,29000,6000,23000,23000
047961,百和永豐93購03  ,0,0,0,0,0,0,0,0,0,23000,0,0,0,79000,56000,23000,23000
053759,晶相光國泰98購01,0,0,0,0,0,0,0,0,0,23000,0,0,0,97000,74000,23000,23000
053766,友達富邦97購01  ,0,0,0,0,0,0,0,0,0,23000,0,0,0,23000,0,23000,23000
1809,中釉            ,147000,124000,23000,0,0,0,0,0,0,0,0,0,0,0,0,0,23000
6141,柏承            ,99000,73000,26000,0,0,0,0,0,0,-3000,0,3000,-3000,0,0,0,23000
6605,帝寶            ,32000,9000,23000,0,0,0,0,0,0,0,0,0,0,0,0,0,23000
054020,技嘉台新97購01  ,0,0,0,0,0,0,0,0,0,22000,0,0,0,27000,5000,22000,22000
05413P,台郡國票96售02  ,0,0,0,0,0,0,0,0,0,22000,0,0,0,32000,10000,22000,22000
054858,台肥群益97購01  ,0,0,0,0,0,0,0,0,0,22000,0,0,0,32000,10000,22000,22000
054901,群光康和97購01  ,0,0,0,0,0,0,0,0,0,22000,0,0,0,22000,0,22000,22000
05847P,大立光元大96售08,0,0,0,0,0,0,0,0,0,22000,0,0,0,22000,0,22000,22000
055516,上銀中信97購01  ,0,0,0,0,0,0,0,0,0,22000,0,0,0,61000,39000,22000,22000
05607P,華通日盛96售01  ,0,0,0,0,0,0,0,0,0,22000,0,0,0,46000,24000,22000,22000
05580P,美律凱基96售03  ,0,0,0,0,0,0,0,0,0,22000,0,0,0,22000,0,22000,22000
03068P,美律群益01售03  ,0,0,0,0,0,0,0,0,0,22000,0,0,0,22000,0,22000,22000
04381P,世紀鋼元大94售01,0,0,0,0,0,0,0,0,0,22000,0,0,0,22000,0,22000,22000
044349,上銀元大91購06  ,0,0,0,0,0,0,0,0,0,22000,0,0,0,33000,11000,22000,22000
046590,同欣電元大92購02,0,0,0,0,0,0,0,0,0,22000,0,0,0,22000,0,22000,22000
046222,上銀元大92購08  ,0,0,0,0,0,0,0,0,0,22000,0,0,0,33000,11000,22000,22000
050411,聯發科永豐94購05,0,0,0,0,0,0,0,0,0,22000,0,0,0,77000,55000,22000,22000
046992,智伸科凱基93購03,0,0,0,0,0,0,0,0,0,22000,0,0,0,22000,0,22000,22000
046972,同欣電群益93購01,0,0,0,0,0,0,0,0,0,22000,0,0,0,22000,0,22000,22000
049523,微星兆豐94購02  ,0,0,0,0,0,0,0,0,0,22000,0,0,0,143000,121000,22000,22000
048159,聯詠兆豐93購03  ,0,0,0,0,0,0,0,0,0,22000,0,0,0,32000,10000,22000,22000
048942,上緯控永豐94購01,0,0,0,0,0,0,0,0,0,22000,0,0,0,22000,0,22000,22000
048702,正文國票95購01  ,0,0,0,0,0,0,0,0,0,22000,0,0,0,23000,1000,22000,22000
04913P,聯詠元富94售02  ,0,0,0,0,0,0,0,0,0,22000,0,0,0,124000,102000,22000,22000
049852,康控群益94購03  ,0,0,0,0,0,0,0,0,0,22000,0,0,0,22000,0,22000,22000
049929,祥碩元大94購03  ,0,0,0,0,0,0,0,0,0,22000,0,0,0,75000,53000,22000,22000
053547,台積電凱基96購14,0,0,0,0,0,0,0,0,0,22000,0,0,0,52000,30000,22000,22000
053335,易華電永豐96購01,0,0,0,0,0,0,0,0,0,22000,0,0,0,22000,0,22000,22000
053387,緯創元大97購01  ,0,0,0,0,0,0,0,0,0,22000,0,0,0,29000,7000,22000,22000
053061,GIS富邦97購01   ,0,0,0,0,0,0,0,0,0,22000,0,0,0,22000,0,22000,22000
052731,宏達電國泰98購01,0,0,0,0,0,0,0,0,0,22000,0,0,0,22000,0,22000,22000
052406,力成凱基95購03  ,0,0,0,0,0,0,0,0,0,22000,0,0,0,149000,127000,22000,22000
052432,康友永豐95購04  ,0,0,0,0,0,0,0,0,0,22000,0,0,0,37000,15000,22000,22000
052247,深中小永豐95購01,0,0,0,0,0,0,0,0,0,22000,0,0,0,22000,0,22000,22000
2436,偉詮電          ,34000,3000,31000,0,0,0,0,0,0,-9000,0,9000,-9000,0,0,0,22000
4766,南寶            ,28000,4000,24000,0,0,0,0,0,0,-2000,0,2000,-2000,0,0,0,22000
2608,嘉里大榮        ,43000,16000,27000,0,0,0,0,0,0,-5000,0,5000,-5000,0,0,0,22000
8210,勤誠            ,1308687,1136000,172687,0,0,0,0,0,0,-151000,60000,45000,15000,39000,205000,-166000,21687
05784P,臺股指元大96售18,0,0,0,0,0,0,0,0,0,21000,0,0,0,42000,21000,21000,21000
05931P,鴻海凱基96售15  ,0,0,0,0,0,0,0,0,0,21000,0,0,0,26000,5000,21000,21000
06169P,華新科元富97售02,0,0,0,0,0,0,0,0,0,21000,0,0,0,21000,0,21000,21000
054875,群電群益97購01  ,0,0,0,0,0,0,0,0,0,21000,0,0,0,21000,0,21000,21000
055021,亞德客國泰98購01,0,0,0,0,0,0,0,0,0,21000,0,0,0,50000,29000,21000,21000
054852,奇鋐國票98購01  ,0,0,0,0,0,0,0,0,0,21000,0,0,0,21000,0,21000,21000
054382,康控群益96購03  ,0,0,0,0,0,0,0,0,0,21000,0,0,0,63000,42000,21000,21000
042058,可成統一92購02  ,0,0,0,0,0,0,0,0,0,21000,0,0,0,21000,0,21000,21000
044578,緯創凱基93購02  ,0,0,0,0,0,0,0,0,0,21000,0,0,0,21000,0,21000,21000
038111,新光金中信91購01,0,0,0,0,0,0,0,0,0,21000,0,0,0,30000,9000,21000,21000
03005P,旭富群益01售05  ,0,0,0,0,0,0,0,0,0,21000,0,0,0,21000,0,21000,21000
050368,國巨元大94購14  ,0,0,0,0,0,0,0,0,0,21000,0,0,0,22000,1000,21000,21000
047128,新日興日盛93購01,0,0,0,0,0,0,0,0,0,21000,0,0,0,458000,437000,21000,21000
051214,大立光統一95購02,0,0,0,0,0,0,0,0,0,21000,0,0,0,81000,60000,21000,21000
051098,矽格元大95購01  ,0,0,0,0,0,0,0,0,0,21000,0,0,0,185000,164000,21000,21000
052096,力成元大95購01  ,0,0,0,0,0,0,0,0,0,21000,0,0,0,53000,32000,21000,21000
051877,嘉聯益國票97購02,0,0,0,0,0,0,0,0,0,21000,0,0,0,44000,23000,21000,21000
051515,聯發科凱基95購10,0,0,0,0,0,0,0,0,0,21000,0,0,0,30000,9000,21000,21000
051370,聯詠富邦97購01  ,0,0,0,0,0,0,0,0,0,21000,0,0,0,21000,0,21000,21000
050814,微星凱基95購01  ,0,0,0,0,0,0,0,0,0,21000,0,0,0,31000,10000,21000,21000
050769,聯發科元大94購17,0,0,0,0,0,0,0,0,0,21000,0,0,0,90000,69000,21000,21000
052577,台積電統一96購01,0,0,0,0,0,0,0,0,0,21000,0,0,0,141000,120000,21000,21000
053535,宏達電永豐96購02,0,0,0,0,0,0,0,0,0,21000,0,0,0,21000,0,21000,21000
2228,劍麟            ,32000,8000,24000,0,0,0,0,0,0,-3000,0,1000,-1000,0,2000,-2000,21000
1708,東鹼            ,22000,1000,21000,0,0,0,0,0,0,0,0,0,0,0,0,0,21000
054365,遠東新中信96購01,0,0,0,0,0,0,0,0,0,20000,0,0,0,20000,0,20000,20000
054424,大成鋼富邦97購02,0,0,0,0,0,0,0,0,0,20000,0,0,0,20000,0,20000,20000
054429,中石化台新97購01,0,0,0,0,0,0,0,0,0,20000,0,0,0,20000,0,20000,20000
054255,亞光元大96購05  ,0,0,0,0,0,0,0,0,0,20000,0,0,0,20000,0,20000,20000
053921,嘉晶國票97購03  ,0,0,0,0,0,0,0,0,0,20000,0,0,0,20000,0,20000,20000
053960,晶技永豐96購02  ,0,0,0,0,0,0,0,0,0,20000,0,0,0,20000,0,20000,20000
054792,揚明光群益97購01,0,0,0,0,0,0,0,0,0,20000,0,0,0,30000,10000,20000,20000
054645,奇力新群益97購04,0,0,0,0,0,0,0,0,0,20000,0,0,0,266000,246000,20000,20000
054671,國巨國泰98購01  ,0,0,0,0,0,0,0,0,0,20000,0,0,0,20000,0,20000,20000
054578,世芯元大99購01  ,0,0,0,0,0,0,0,0,0,20000,0,0,0,108000,88000,20000,20000
055054,群光永豐97購01  ,0,0,0,0,0,0,0,0,0,20000,0,0,0,20000,0,20000,20000
055061,聯詠永豐97購01  ,0,0,0,0,0,0,0,0,0,20000,0,0,0,20000,0,20000,20000
054971,帆宣元大97購02  ,0,0,0,0,0,0,0,0,0,20000,0,0,0,50000,30000,20000,20000
06139P,台積電中信99售02,0,0,0,0,0,0,0,0,0,20000,0,0,0,78000,58000,20000,20000
06115P,台積電統一97售04,0,0,0,0,0,0,0,0,0,20000,0,0,0,30000,10000,20000,20000
06066P,群創台新98售01  ,0,0,0,0,0,0,0,0,0,20000,0,0,0,20000,0,20000,20000
06023P,超眾國票96售03  ,0,0,0,0,0,0,0,0,0,20000,0,0,0,20000,0,20000,20000
05995P,T50正2中信9C售01,0,0,0,0,0,0,0,0,0,20000,0,0,0,20000,0,20000,20000
05989P,健策元富96售01  ,0,0,0,0,0,0,0,0,0,20000,0,0,0,60000,40000,20000,20000
05965P,健策凱基96售05  ,0,0,0,0,0,0,0,0,0,20000,0,0,0,20000,0,20000,20000
05935P,台積電凱基96售19,0,0,0,0,0,0,0,0,0,20000,0,0,0,20000,0,20000,20000
05782P,聯詠元富96售02  ,0,0,0,0,0,0,0,0,0,20000,0,0,0,20000,0,20000,20000
05849P,臺股指元大96售25,0,0,0,0,0,0,0,0,0,20000,0,0,0,26000,6000,20000,20000
05839P,臺股指富邦96售06,0,0,0,0,0,0,0,0,0,20000,0,0,0,20000,0,20000,20000
05582P,群創凱基98售06  ,0,0,0,0,0,0,0,0,0,20000,0,0,0,20000,0,20000,20000
055723,康控元大97購04  ,0,0,0,0,0,0,0,0,0,20000,0,0,0,23000,3000,20000,20000
05613P,臻鼎台新96售01  ,0,0,0,0,0,0,0,0,0,20000,0,0,0,20000,0,20000,20000
05626P,景碩國票97售03  ,0,0,0,0,0,0,0,0,0,20000,0,0,0,20000,0,20000,20000
055475,臻鼎凱基97購02  ,0,0,0,0,0,0,0,0,0,20000,0,0,0,20000,0,20000,20000
055278,旺宏元大98購05  ,0,0,0,0,0,0,0,0,0,20000,0,0,0,179000,159000,20000,20000
055257,景碩統一97購01  ,0,0,0,0,0,0,0,0,0,20000,0,0,0,26000,6000,20000,20000
039319,華新科國泰92購01,0,0,0,0,0,0,0,0,0,20000,0,0,0,23000,3000,20000,20000
00685L,群益臺灣加權正2 ,0,0,0,0,0,0,0,0,0,20000,0,0,0,21000,1000,20000,20000
03938P,聯鈞元大93售01  ,0,0,0,0,0,0,0,0,0,20000,0,0,0,20000,0,20000,20000
03564P,為升群益02售02  ,0,0,0,0,0,0,0,0,0,20000,0,0,0,131000,111000,20000,20000
03438P,群創群益98售03  ,0,0,0,0,0,0,0,0,0,20000,0,0,0,20000,0,20000,20000
03387P,台積電凱基03售11,0,0,0,0,0,0,0,0,0,20000,0,0,0,20000,0,20000,20000
041528,國泰金中信93購01,0,0,0,0,0,0,0,0,0,20000,0,0,0,20000,0,20000,20000
044224,超眾凱基93購01  ,0,0,0,0,0,0,0,0,0,20000,0,0,0,20000,0,20000,20000
044246,力成統一91購01  ,0,0,0,0,0,0,0,0,0,20000,0,0,0,20000,0,20000,20000
044354,奇鋐元大93購02  ,0,0,0,0,0,0,0,0,0,20000,0,0,0,20000,0,20000,20000
04388P,滬深2X凱基95售05,0,0,0,0,0,0,0,0,0,20000,0,0,0,20000,0,20000,20000
044593,緯創國票91購01  ,0,0,0,0,0,0,0,0,0,20000,0,0,0,20000,0,20000,20000
044634,致新元大91購03  ,0,0,0,0,0,0,0,0,0,20000,0,0,0,27000,7000,20000,20000
044673,上銀凱基93購04  ,0,0,0,0,0,0,0,0,0,20000,0,0,0,41000,21000,20000,20000
04329P,TPK群益93售04   ,0,0,0,0,0,0,0,0,0,20000,0,0,0,20000,0,20000,20000
045652,緯穎凱基92購01  ,0,0,0,0,0,0,0,0,0,20000,0,0,0,20000,0,20000,20000
045455,鴻海元大92購08  ,0,0,0,0,0,0,0,0,0,20000,0,0,0,23000,3000,20000,20000
045493,台肥凱基92購01  ,0,0,0,0,0,0,0,0,0,20000,0,0,0,20000,0,20000,20000
04231P,聯發科亞東93售03,0,0,0,0,0,0,0,0,0,20000,0,0,0,20000,0,20000,20000
043391,康控元大94購01  ,0,0,0,0,0,0,0,0,0,20000,0,0,0,35000,15000,20000,20000
047087,亞泥元富93購01  ,0,0,0,0,0,0,0,0,0,20000,0,0,0,20000,0,20000,20000
046886,喬山群益93購01  ,0,0,0,0,0,0,0,0,0,20000,0,0,0,52000,32000,20000,20000
045894,智伸科元大92購01,0,0,0,0,0,0,0,0,0,20000,0,0,0,20000,0,20000,20000
044718,宏達電統一93購02,0,0,0,0,0,0,0,0,0,20000,0,0,0,20000,0,20000,20000
046479,群創元富94購01  ,0,0,0,0,0,0,0,0,0,20000,0,0,0,20000,0,20000,20000
050004,明泰永豐94購01  ,0,0,0,0,0,0,0,0,0,20000,0,0,0,20000,0,20000,20000
05013P,台積電元大96售05,0,0,0,0,0,0,0,0,0,20000,0,0,0,40000,20000,20000,20000
046200,上海銀凱基93購01,0,0,0,0,0,0,0,0,0,20000,0,0,0,20000,0,20000,20000
046202,台表科凱基93購04,0,0,0,0,0,0,0,0,0,20000,0,0,0,20000,0,20000,20000
046273,和碩凱基92購02  ,0,0,0,0,0,0,0,0,0,20000,0,0,0,20000,0,20000,20000
046342,聯發科國票92購02,0,0,0,0,0,0,0,0,0,20000,0,0,0,92000,72000,20000,20000
045768,大立光元富95購02,0,0,0,0,0,0,0,0,0,20000,0,0,0,20000,0,20000,20000
045796,廣達中信93購01  ,0,0,0,0,0,0,0,0,0,20000,0,0,0,20000,0,20000,20000
044820,臻鼎兆豐93購02  ,0,0,0,0,0,0,0,0,0,20000,0,0,0,20000,0,20000,20000
044839,同欣電元大91購02,0,0,0,0,0,0,0,0,0,20000,0,0,0,30000,10000,20000,20000
044916,美律永豐91購03  ,0,0,0,0,0,0,0,0,0,20000,0,0,0,20000,0,20000,20000
044979,微星國票92購01  ,0,0,0,0,0,0,0,0,0,20000,0,0,0,20000,0,20000,20000
04520P,欣興群益94售02  ,0,0,0,0,0,0,0,0,0,20000,0,0,0,21000,1000,20000,20000
045305,嘉晶元大92購01  ,0,0,0,0,0,0,0,0,0,20000,0,0,0,20000,0,20000,20000
051074,矽力國票96購01  ,0,0,0,0,0,0,0,0,0,20000,0,0,0,20000,0,20000,20000
051086,鴻海元大96購04  ,0,0,0,0,0,0,0,0,0,20000,0,0,0,20000,0,20000,20000
047283,世紀鋼永豐93購02,0,0,0,0,0,0,0,0,0,20000,0,0,0,20000,0,20000,20000
050441,和碩凱基94購01  ,0,0,0,0,0,0,0,0,0,20000,0,0,0,28000,8000,20000,20000
047578,新光金群益93購01,0,0,0,0,0,0,0,0,0,20000,0,0,0,30000,10000,20000,20000
047584,元金2X永豐95購01,0,0,0,0,0,0,0,0,0,20000,0,0,0,20000,0,20000,20000
048415,深中小統一93購03,0,0,0,0,0,0,0,0,0,20000,0,0,0,20000,0,20000,20000
047450,南茂元大93購05  ,0,0,0,0,0,0,0,0,0,20000,0,0,0,20000,0,20000,20000
049729,日月光中信94購01,0,0,0,0,0,0,0,0,0,20000,0,0,0,20000,0,20000,20000
048366,深中小統一93購02,0,0,0,0,0,0,0,0,0,20000,0,0,0,20000,0,20000,20000
049346,新光金統一95購01,0,0,0,0,0,0,0,0,0,20000,0,0,0,20000,0,20000,20000
04932P,香港2X中信96售01,0,0,0,0,0,0,0,0,0,20000,0,0,0,20000,0,20000,20000
049387,緯穎元大94購03  ,0,0,0,0,0,0,0,0,0,20000,0,0,0,71000,51000,20000,20000
049399,台光電群益94購02,0,0,0,0,0,0,0,0,0,20000,0,0,0,50000,30000,20000,20000
04944P,元油2X永豐94售06,0,0,0,0,0,0,0,0,0,20000,0,0,0,20000,0,20000,20000
04942P,台積電台新94售01,0,0,0,0,0,0,0,0,0,20000,0,0,0,20000,0,20000,20000
048752,廣越元富95購01  ,0,0,0,0,0,0,0,0,0,20000,0,0,0,70000,50000,20000,20000
048654,滬深2X元富93購05,0,0,0,0,0,0,0,0,0,20000,0,0,0,20000,0,20000,20000
048600,嘉澤國票94購01  ,0,0,0,0,0,0,0,0,0,20000,0,0,0,20000,0,20000,20000
048886,慧洋元富94購01  ,0,0,0,0,0,0,0,0,0,20000,0,0,0,20000,0,20000,20000
04889P,華通元大94售03  ,0,0,0,0,0,0,0,0,0,20000,0,0,0,21000,1000,20000,20000
048933,晶豪科永豐94購01,0,0,0,0,0,0,0,0,0,20000,0,0,0,35000,15000,20000,20000
048956,美食康和94購01  ,0,0,0,0,0,0,0,0,0,20000,0,0,0,20000,0,20000,20000
048185,台郡群益93購04  ,0,0,0,0,0,0,0,0,0,20000,0,0,0,40000,20000,20000,20000
049524,可成兆豐95購02  ,0,0,0,0,0,0,0,0,0,20000,0,0,0,20000,0,20000,20000
049535,臻鼎永豐94購01  ,0,0,0,0,0,0,0,0,0,20000,0,0,0,20000,0,20000,20000
049537,元石油群益97購01,0,0,0,0,0,0,0,0,0,20000,0,0,0,20000,0,20000,20000
047814,宏達電凱基93購02,0,0,0,0,0,0,0,0,0,20000,0,0,0,40000,20000,20000,20000
047877,滬深2X中信95購07,0,0,0,0,0,0,0,0,0,20000,0,0,0,50000,30000,20000,20000
048088,台積電凱基93購23,0,0,0,0,0,0,0,0,0,20000,0,0,0,20000,0,20000,20000
048036,隆達凱基93購01  ,0,0,0,0,0,0,0,0,0,20000,0,0,0,120000,100000,20000,20000
047433,鴻海元大93購16  ,0,0,0,0,0,0,0,0,0,20000,0,0,0,21000,1000,20000,20000
048573,世紀鋼元大93購05,0,0,0,0,0,0,0,0,0,20000,0,0,0,20000,0,20000,20000
053502,智伸科兆豐97購01,0,0,0,0,0,0,0,0,0,20000,0,0,0,20000,0,20000,20000
05361P,聯發科富邦97售01,0,0,0,0,0,0,0,0,0,20000,0,0,0,84000,64000,20000,20000
053689,台光電元大96購01,0,0,0,0,0,0,0,0,0,20000,0,0,0,42000,22000,20000,20000
053345,欣興國票97購02  ,0,0,0,0,0,0,0,0,0,20000,0,0,0,70000,50000,20000,20000
053365,彩晶國泰98購01  ,0,0,0,0,0,0,0,0,0,20000,0,0,0,20000,0,20000,20000
053303,建準凱基96購03  ,0,0,0,0,0,0,0,0,0,20000,0,0,0,20000,0,20000,20000
053306,晶技凱基97購01  ,0,0,0,0,0,0,0,0,0,20000,0,0,0,20000,0,20000,20000
052448,新光金元大96購03,0,0,0,0,0,0,0,0,0,20000,0,0,0,20000,0,20000,20000
05250P,臻鼎國票96售01  ,0,0,0,0,0,0,0,0,0,20000,0,0,0,40000,20000,20000,20000
052526,智伸科元大96購02,0,0,0,0,0,0,0,0,0,20000,0,0,0,101000,81000,20000,20000
05265P,正崴元大95售03  ,0,0,0,0,0,0,0,0,0,20000,0,0,0,20000,0,20000,20000
052736,T50反1元大96購05,0,0,0,0,0,0,0,0,0,20000,0,0,0,20000,0,20000,20000
052851,滬深2X元富96購02,0,0,0,0,0,0,0,0,0,20000,0,0,0,85000,65000,20000,20000
052838,新唐國泰98購01  ,0,0,0,0,0,0,0,0,0,20000,0,0,0,20000,0,20000,20000
052840,友達富邦96購01  ,0,0,0,0,0,0,0,0,0,20000,0,0,0,20000,0,20000,20000
052868,緯創凱基96購03  ,0,0,0,0,0,0,0,0,0,20000,0,0,0,20000,0,20000,20000
050773,京鼎元大94購02  ,0,0,0,0,0,0,0,0,0,20000,0,0,0,46000,26000,20000,20000
050694,國巨凱基96購03  ,0,0,0,0,0,0,0,0,0,20000,0,0,0,26000,6000,20000,20000
050574,微星國票94購01  ,0,0,0,0,0,0,0,0,0,20000,0,0,0,40000,20000,20000,20000
050564,臻鼎元富94購08  ,0,0,0,0,0,0,0,0,0,20000,0,0,0,20000,0,20000,20000
051437,百和元富95購02  ,0,0,0,0,0,0,0,0,0,20000,0,0,0,20000,0,20000,20000
051519,國泰金凱基95購02,0,0,0,0,0,0,0,0,0,20000,0,0,0,20000,0,20000,20000
051580,宏碁元大95購02  ,0,0,0,0,0,0,0,0,0,20000,0,0,0,23000,3000,20000,20000
051589,健鼎元大95購02  ,0,0,0,0,0,0,0,0,0,20000,0,0,0,20000,0,20000,20000
05160P,國巨國票96售03  ,0,0,0,0,0,0,0,0,0,20000,0,0,0,40000,20000,20000,20000
051959,台郡台新95購03  ,0,0,0,0,0,0,0,0,0,20000,0,0,0,20000,0,20000,20000
051961,泰碩永豐95購01  ,0,0,0,0,0,0,0,0,0,20000,0,0,0,40000,20000,20000,20000
052004,泰碩國泰97購03  ,0,0,0,0,0,0,0,0,0,20000,0,0,0,48000,28000,20000,20000
051730,為升國票96購02  ,0,0,0,0,0,0,0,0,0,20000,0,0,0,50000,30000,20000,20000
052202,矽力統一96購01  ,0,0,0,0,0,0,0,0,0,20000,0,0,0,30000,10000,20000,20000
052421,元油反國票9B購01,0,0,0,0,0,0,0,0,0,20000,0,0,0,20000,0,20000,20000
052360,FB上証國票96購01,0,0,0,0,0,0,0,0,0,20000,0,0,0,20000,0,20000,20000
2816,旺旺保          ,35000,15000,20000,0,0,0,0,0,0,0,0,0,0,0,0,0,20000
2887E,台新戊特        ,0,0,0,0,0,0,0,0,0,20000,20000,0,20000,0,0,0,20000
3501,維熹            ,29000,9000,20000,0,0,0,0,0,0,0,0,0,0,0,0,0,20000
8105,凌巨            ,52000,22000,30000,0,0,0,0,0,0,-10000,0,10000,-10000,0,0,0,20000
2404,漢唐            ,275000,220536,54464,0,0,0,0,0,0,-35000,12000,36000,-24000,14000,25000,-11000,19464
05649P,矽創國票97售03  ,0,0,0,0,0,0,0,0,0,19000,0,0,0,19000,0,19000,19000
055529,華邦電群益97購02,0,0,0,0,0,0,0,0,0,19000,0,0,0,20000,1000,19000,19000
05709P,大立光國票97售01,0,0,0,0,0,0,0,0,0,19000,0,0,0,19000,0,19000,19000
05919P,京鼎元大96售03  ,0,0,0,0,0,0,0,0,0,19000,0,0,0,157000,138000,19000,19000
05893P,國巨兆豐96售04  ,0,0,0,0,0,0,0,0,0,19000,0,0,0,122000,103000,19000,19000
1256,鮮活果汁-KY     ,21000,2000,19000,0,0,0,0,0,0,0,0,0,0,0,0,0,19000
054717,亞德客永豐97購01,0,0,0,0,0,0,0,0,0,19000,0,0,0,60000,41000,19000,19000
05469P,台積電元大95售24,0,0,0,0,0,0,0,0,0,19000,0,0,0,41000,22000,19000,19000
05383P,鴻海富邦95售06  ,0,0,0,0,0,0,0,0,0,19000,0,0,0,219000,200000,19000,19000
053857,宏達電富邦97購02,0,0,0,0,0,0,0,0,0,19000,0,0,0,100000,81000,19000,19000
054044,京元電元大96購03,0,0,0,0,0,0,0,0,0,19000,0,0,0,40000,21000,19000,19000
054396,日電貿永豐96購02,0,0,0,0,0,0,0,0,0,19000,0,0,0,22000,3000,19000,19000
04603P,訊芯凱基94售03  ,0,0,0,0,0,0,0,0,0,19000,0,0,0,19000,0,19000,19000
049985,華擎凱基94購01  ,0,0,0,0,0,0,0,0,0,19000,0,0,0,20000,1000,19000,19000
046794,智伸科元富93購01,0,0,0,0,0,0,0,0,0,19000,0,0,0,29000,10000,19000,19000
046881,智原富邦99購01  ,0,0,0,0,0,0,0,0,0,19000,0,0,0,37000,18000,19000,19000
046903,友達凱基99購01  ,0,0,0,0,0,0,0,0,0,19000,0,0,0,20000,1000,19000,19000
04544P,欣興富邦96售02  ,0,0,0,0,0,0,0,0,0,19000,0,0,0,19000,0,19000,19000
046522,樺漢元大92購03  ,0,0,0,0,0,0,0,0,0,19000,0,0,0,35000,16000,19000,19000
048028,聯發科凱基93購25,0,0,0,0,0,0,0,0,0,19000,0,0,0,66000,47000,19000,19000
04815P,致伸元大94售04  ,0,0,0,0,0,0,0,0,0,19000,0,0,0,50000,31000,19000,19000
050230,聯發科麥證94購02,0,0,0,19000,0,19000,0,0,0,19000,0,0,0,19000,0,19000,19000
049014,台達電群益94購02,0,0,0,0,0,0,0,0,0,19000,0,0,0,102000,83000,19000,19000
049592,欣興元大96購01  ,0,0,0,0,0,0,0,0,0,19000,0,0,0,19000,0,19000,19000
049599,樺漢元大95購01  ,0,0,0,0,0,0,0,0,0,19000,0,0,0,19000,0,19000,19000
048642,聯發科元大94購02,0,0,0,0,0,0,0,0,0,19000,0,0,0,303000,284000,19000,19000
049475,高鐵永豐94購01  ,0,0,0,0,0,0,0,0,0,19000,0,0,0,20000,1000,19000,19000
049198,聯鈞永豐94購01  ,0,0,0,0,0,0,0,0,0,19000,0,0,0,19000,0,19000,19000
049102,智伸科國泰96購01,0,0,0,0,0,0,0,0,0,19000,0,0,0,24000,5000,19000,19000
049897,華新科統一94購07,0,0,0,0,0,0,0,0,0,19000,0,0,0,49000,30000,19000,19000
049832,麗豐凱基94購05  ,0,0,0,0,0,0,0,0,0,19000,0,0,0,19000,0,19000,19000
05093P,可成元大95售03  ,0,0,0,0,0,0,0,0,0,19000,0,0,0,19000,0,19000,19000
047147,嘉晶群益93購02  ,0,0,0,0,0,0,0,0,0,19000,0,0,0,45000,26000,19000,19000
05230P,京元電群益95售01,0,0,0,0,0,0,0,0,0,19000,0,0,0,19000,0,19000,19000
05200P,臺股指永豐95售03,0,0,0,0,0,0,0,0,0,19000,0,0,0,19000,0,19000,19000
051945,智邦統一95購03  ,0,0,0,0,0,0,0,0,0,19000,0,0,0,19000,0,19000,19000
051390,京元電兆豐95購01,0,0,0,0,0,0,0,0,0,19000,0,0,0,20000,1000,19000,19000
050577,美律國票94購03  ,0,0,0,0,0,0,0,0,0,19000,0,0,0,290000,271000,19000,19000
050531,訊芯元大95購02  ,0,0,0,0,0,0,0,0,0,19000,0,0,0,236000,217000,19000,19000
053051,楠梓電國票97購01,0,0,0,0,0,0,0,0,0,19000,0,0,0,19000,0,19000,19000
5906,台南-KY         ,4000,2000,2000,0,0,0,0,0,0,17000,17000,0,17000,0,0,0,19000
05407P,超眾凱基95售04  ,0,0,0,0,0,0,0,0,0,18000,0,0,0,18000,0,18000,18000
054761,台光電國票98購02,0,0,0,0,0,0,0,0,0,18000,0,0,0,31000,13000,18000,18000
054666,強茂元富97購01  ,0,0,0,0,0,0,0,0,0,18000,0,0,0,18000,0,18000,18000
06131P,京鼎元富97售02  ,0,0,0,0,0,0,0,0,0,18000,0,0,0,18000,0,18000,18000
05865P,大立光元大96售09,0,0,0,0,0,0,0,0,0,18000,0,0,0,673000,655000,18000,18000
05800P,台積電兆豐96售04,0,0,0,0,0,0,0,0,0,18000,0,0,0,118000,100000,18000,18000
055570,華通統一98購03  ,0,0,0,0,0,0,0,0,0,18000,0,0,0,18000,0,18000,18000
055581,和大元大97購04  ,0,0,0,0,0,0,0,0,0,18000,0,0,0,18000,0,18000,18000
055598,欣興元大97購03  ,0,0,0,0,0,0,0,0,0,18000,0,0,0,43000,25000,18000,18000
055439,台表科國票98購02,0,0,0,0,0,0,0,0,0,18000,0,0,0,18000,0,18000,18000
04654P,臺股指凱基94售13,0,0,0,0,0,0,0,0,0,18000,0,0,0,90000,72000,18000,18000
045643,臻鼎凱基93購01  ,0,0,0,0,0,0,0,0,0,18000,0,0,0,18000,0,18000,18000
043511,上銀富邦93購01  ,0,0,0,0,0,0,0,0,0,18000,0,0,0,18000,0,18000,18000
042916,佐登元大94購01  ,0,0,0,0,0,0,0,0,0,18000,0,0,0,28000,10000,18000,18000
044039,康控群益93購01  ,0,0,0,0,0,0,0,0,0,18000,0,0,0,28000,10000,18000,18000
03177P,國巨群益01售12  ,0,0,0,0,0,0,0,0,0,18000,0,0,0,18000,0,18000,18000
00678,群益NBI生技     ,0,0,0,0,0,0,0,0,0,18000,0,0,0,318000,300000,18000,18000
00663L,國泰臺灣加權正2 ,0,0,0,0,0,0,0,0,0,18000,0,45000,-45000,65000,2000,63000,18000
050101,台積電永昌96購03,0,0,0,0,0,0,0,0,0,18000,0,0,0,85000,67000,18000,18000
044965,大立光中信95購01,0,0,0,0,0,0,0,0,0,18000,0,0,0,105000,87000,18000,18000
047250,日月光群益94購01,0,0,0,0,0,0,0,0,0,18000,0,0,0,64000,46000,18000,18000
050659,宏達電元大96購01,0,0,0,0,0,0,0,0,0,18000,0,0,0,18000,0,18000,18000
05036P,義隆元大95售03  ,0,0,0,0,0,0,0,0,0,18000,0,0,0,19000,1000,18000,18000
048410,和碩群益93購01  ,0,0,0,0,0,0,0,0,0,18000,0,0,0,28000,10000,18000,18000
048407,貿聯群益93購04  ,0,0,0,0,0,0,0,0,0,18000,0,0,0,54000,36000,18000,18000
049611,緯穎兆豐95購02  ,0,0,0,0,0,0,0,0,0,18000,0,0,0,18000,0,18000,18000
049423,臺股指凱基95購02,0,0,0,0,0,0,0,0,0,18000,0,0,0,50000,32000,18000,18000
048997,智原國票95購01  ,0,0,0,0,0,0,0,0,0,18000,0,0,0,18000,0,18000,18000
048862,中磊群益94購01  ,0,0,0,0,0,0,0,0,0,18000,0,0,0,118000,100000,18000,18000
052944,宏達電國票97購01,0,0,0,0,0,0,0,0,0,18000,0,0,0,20000,2000,18000,18000
052523,奇力新元大97購01,0,0,0,0,0,0,0,0,0,18000,0,0,0,51000,33000,18000,18000
052564,美食日盛96購01  ,0,0,0,0,0,0,0,0,0,18000,0,0,0,22000,4000,18000,18000
053274,旺宏元大98購03  ,0,0,0,0,0,0,0,0,0,18000,0,0,0,182000,164000,18000,18000
053773,上銀元大96購04  ,0,0,0,0,0,0,0,0,0,18000,0,0,0,44000,26000,18000,18000
053503,臻鼎兆豐97購01  ,0,0,0,0,0,0,0,0,0,18000,0,0,0,38000,20000,18000,18000
05192P,玉晶光台新96售02,0,0,0,0,0,0,0,0,0,18000,0,0,0,18000,0,18000,18000
052113,漢唐中信98購01  ,0,0,0,0,0,0,0,0,0,18000,0,0,0,20000,2000,18000,18000
1733,五鼎            ,22000,2000,20000,0,0,0,0,0,0,-2000,0,2000,-2000,0,0,0,18000
4912,聯德控股-KY     ,25000,6000,19000,0,0,0,0,0,0,-1000,0,1000,-1000,0,0,0,18000
2908,特力            ,38000,20000,18000,0,0,0,0,0,0,0,0,0,0,0,0,0,18000
055618,麗豐國票98購01  ,0,0,0,0,0,0,0,0,0,17000,0,0,0,27000,10000,17000,17000
05651P,大立光元大97售02,0,0,0,0,0,0,0,0,0,17000,0,0,0,17000,0,17000,17000
055710,亞德客元大97購03,0,0,0,0,0,0,0,0,0,17000,0,0,0,27000,10000,17000,17000
06219P,國巨元富97售05  ,0,0,0,0,0,0,0,0,0,17000,0,0,0,19000,2000,17000,17000
1219,福壽            ,17000,0,17000,0,0,0,0,0,0,0,0,0,0,0,0,0,17000
1337,再生-KY         ,26000,5000,21000,0,0,0,0,0,0,-4000,0,4000,-4000,0,0,0,17000
054740,強茂凱基99購01  ,0,0,0,0,0,0,0,0,0,17000,0,0,0,36000,19000,17000,17000
054710,東元元富97購01  ,0,0,0,0,0,0,0,0,0,17000,0,0,0,42000,25000,17000,17000
053948,大立光富邦99購04,0,0,0,0,0,0,0,0,0,17000,0,0,0,128000,111000,17000,17000
045083,智原元大92購01  ,0,0,0,0,0,0,0,0,0,17000,0,0,0,17000,0,17000,17000
04599P,南亞科凱基94售03,0,0,0,0,0,0,0,0,0,17000,0,0,0,20000,3000,17000,17000
05041P,大立光凱基95售09,0,0,0,0,0,0,0,0,0,17000,0,0,0,76000,59000,17000,17000
00733,富邦臺灣中小    ,0,0,0,0,0,0,0,0,0,17000,0,0,0,215000,198000,17000,17000
044508,微星凱基92購02  ,0,0,0,0,0,0,0,0,0,17000,0,0,0,17000,0,17000,17000
04404P,玉晶光國票94售01,0,0,0,0,0,0,0,0,0,17000,0,0,0,42000,25000,17000,17000
043272,羅麗芬國泰94購01,0,0,0,0,0,0,0,0,0,17000,0,0,0,17000,0,17000,17000
043454,上銀元大92購02  ,0,0,0,0,0,0,0,0,0,17000,0,0,0,28000,11000,17000,17000
045612,麗豐群益92購01  ,0,0,0,0,0,0,0,0,0,17000,0,0,0,17000,0,17000,17000
049013,川湖群益94購01  ,0,0,0,0,0,0,0,0,0,17000,0,0,0,27000,10000,17000,17000
049653,緯穎凱基94購03  ,0,0,0,0,0,0,0,0,0,17000,0,0,0,17000,0,17000,17000
047855,美律國票94購01  ,0,0,0,0,0,0,0,0,0,17000,0,0,0,17000,0,17000,17000
04809P,台光電群益94售04,0,0,0,0,0,0,0,0,0,17000,0,0,0,17000,0,17000,17000
050321,GIS國票95購02   ,0,0,0,0,0,0,0,0,0,17000,0,0,0,20000,3000,17000,17000
04755P,大立光元富94售07,0,0,0,0,0,0,0,0,0,17000,0,0,0,17000,0,17000,17000
047271,華通永豐93購01  ,0,0,0,0,0,0,0,0,0,17000,0,0,0,53000,36000,17000,17000
04709P,台積電元大94售15,0,0,0,0,0,0,0,0,0,17000,0,0,0,22000,5000,17000,17000
051100,同欣電元大95購01,0,0,0,0,0,0,0,0,0,17000,0,0,0,17000,0,17000,17000
050521,聯發科元大94購15,0,0,0,0,0,0,0,0,0,17000,0,0,0,54000,37000,17000,17000
051491,貿聯凱基95購01  ,0,0,0,0,0,0,0,0,0,17000,0,0,0,37000,20000,17000,17000
053475,華新科元大96購05,0,0,0,0,0,0,0,0,0,17000,0,0,0,122000,105000,17000,17000
053094,聯電統一97購02  ,0,0,0,0,0,0,0,0,0,17000,0,0,0,50000,33000,17000,17000
3705,永信            ,22000,5000,17000,0,0,0,0,0,0,0,0,0,0,0,0,0,17000
2062,橋椿            ,22000,2000,20000,0,0,0,0,0,0,-3000,0,3000,-3000,0,0,0,17000
5608,四維航          ,17000,0,17000,0,0,0,0,0,0,0,0,0,0,0,0,0,17000
6192,巨路            ,41000,23000,18000,0,0,0,0,0,0,-1000,0,0,0,0,1000,-1000,17000
6672,騰輝電子-KY     ,31000,14000,17000,0,0,0,0,0,0,0,0,0,0,0,0,0,17000
3454,晶睿            ,27000,9174,17826,0,0,0,0,0,0,-1000,0,1000,-1000,0,0,0,16826
053971,聯發科元大97購09,0,0,0,0,0,0,0,0,0,16000,0,0,0,152000,136000,16000,16000
054096,佳世達國票97購01,0,0,0,0,0,0,0,0,0,16000,0,0,0,16000,0,16000,16000
054091,晶豪科群益96購01,0,0,0,0,0,0,0,0,0,16000,0,0,0,20000,4000,16000,16000
054174,宏達電台新97購01,0,0,0,0,0,0,0,0,0,16000,0,0,0,16000,0,16000,16000
054989,精元元富97購01  ,0,0,0,0,0,0,0,0,0,16000,0,0,0,90000,74000,16000,16000
06212P,華新科元大97售11,0,0,0,0,0,0,0,0,0,16000,0,0,0,249000,233000,16000,16000
05861P,瀚宇博永豐96售02,0,0,0,0,0,0,0,0,0,16000,0,0,0,48000,32000,16000,16000
05646P,聯發科國票96售05,0,0,0,0,0,0,0,0,0,16000,0,0,0,16000,0,16000,16000
020008,元大特股高息N   ,0,0,0,0,0,0,0,0,0,16000,0,0,0,20000,4000,16000,16000
046949,群創元大99購01  ,0,0,0,0,0,0,0,0,0,16000,0,0,0,44000,28000,16000,16000
044944,技嘉群益93購01  ,0,0,0,0,0,0,0,0,0,16000,0,0,0,26000,10000,16000,16000
051007,台光電麥證95購01,0,0,0,30000,14000,16000,0,0,0,16000,0,0,0,30000,14000,16000,16000
047163,義隆台新93購01  ,0,0,0,0,0,0,0,0,0,16000,0,0,0,60000,44000,16000,16000
04726P,TPK凱基94售04   ,0,0,0,0,0,0,0,0,0,16000,0,0,0,16000,0,16000,16000
047732,美利達群益93購01,0,0,0,0,0,0,0,0,0,16000,0,0,0,26000,10000,16000,16000
048392,宏碁國票94購01  ,0,0,0,0,0,0,0,0,0,16000,0,0,0,16000,0,16000,16000
04834P,鴻海元大94售17  ,0,0,0,0,0,0,0,0,0,16000,0,0,0,16000,0,16000,16000
049111,元油2X統一94購03,0,0,0,0,0,0,0,0,0,16000,0,0,0,16000,0,16000,16000
049759,元黃金富邦9A購01,0,0,0,0,0,0,0,0,0,16000,0,0,0,78000,62000,16000,16000
049424,中石化兆豐94購01,0,0,0,0,0,0,0,0,0,16000,0,0,0,16000,0,16000,16000
049593,群創元大9A購01  ,0,0,0,0,0,0,0,0,0,16000,0,0,0,71000,55000,16000,16000
052447,聯發科元大96購04,0,0,0,0,0,0,0,0,0,16000,0,0,0,125000,109000,16000,16000
053730,樺漢凱基98購01  ,0,0,0,0,0,0,0,0,0,16000,0,0,0,32000,16000,16000,16000
050486,可成元富94購05  ,0,0,0,0,0,0,0,0,0,16000,0,0,0,30000,14000,16000,16000
050865,欣興永豐95購01  ,0,0,0,0,0,0,0,0,0,16000,0,0,0,16000,0,16000,16000
050802,康控群益95購01  ,0,0,0,0,0,0,0,0,0,16000,0,0,0,16000,0,16000,16000
052068,瑞儀兆豐96購01  ,0,0,0,0,0,0,0,0,0,16000,0,0,0,50000,34000,16000,16000
4725,信昌化          ,35000,19000,16000,0,0,0,0,0,0,0,0,0,0,0,0,0,16000
2881B,富邦金乙特      ,0,0,0,0,0,0,0,0,0,16000,16000,0,16000,0,0,0,16000
4976,佳凌            ,27000,11000,16000,0,0,0,0,0,0,0,0,0,0,0,0,0,16000
05635P,健策台新96售02  ,0,0,0,0,0,0,0,0,0,15000,0,0,0,87000,72000,15000,15000
05620P,大立光富邦9B售01,0,0,0,0,0,0,0,0,0,15000,0,0,0,17000,2000,15000,15000
055615,宏達電國票99購02,0,0,0,0,0,0,0,0,0,15000,0,0,0,15000,0,15000,15000
055440,矽力國票98購01  ,0,0,0,0,0,0,0,0,0,15000,0,0,0,15000,0,15000,15000
05823P,臺股指凱基96售20,0,0,0,0,0,0,0,0,0,15000,0,0,0,15000,0,15000,15000
05809P,臺股指國票96售02,0,0,0,0,0,0,0,0,0,15000,0,0,0,15000,0,15000,15000
05666P,聯發科凱基96售14,0,0,0,0,0,0,0,0,0,15000,0,0,0,15000,0,15000,15000
05918P,大立光元大96售11,0,0,0,0,0,0,0,0,0,15000,0,0,0,20000,5000,15000,15000
06037P,超眾國票98售02  ,0,0,0,0,0,0,0,0,0,15000,0,0,0,15000,0,15000,15000
06149P,台積電元大97售18,0,0,0,0,0,0,0,0,0,15000,0,0,0,15000,0,15000,15000
055126,嘉澤兆豐97購01  ,0,0,0,0,0,0,0,0,0,15000,0,0,0,180000,165000,15000,15000
05403P,台積電富邦95售08,0,0,0,0,0,0,0,0,0,15000,0,0,0,15000,0,15000,15000
053865,欣興元大97購02  ,0,0,0,0,0,0,0,0,0,15000,0,0,0,258000,243000,15000,15000
053867,創意元大96購04  ,0,0,0,0,0,0,0,0,0,15000,0,0,0,286000,271000,15000,15000
054203,滬深2X國票96購03,0,0,0,0,0,0,0,0,0,15000,0,0,0,15000,0,15000,15000
044925,漢唐國泰93購01  ,0,0,0,0,0,0,0,0,0,15000,0,0,0,40000,25000,15000,15000
044834,旺宏元大93購02  ,0,0,0,0,0,0,0,0,0,15000,0,0,0,17000,2000,15000,15000
045235,致茂中信93購01  ,0,0,0,0,0,0,0,0,0,15000,0,0,0,15000,0,15000,15000
045262,華固凱基92購01  ,0,0,0,0,0,0,0,0,0,15000,0,0,0,15000,0,15000,15000
045166,深100富邦92購01 ,0,0,0,0,0,0,0,0,0,15000,0,0,0,15000,0,15000,15000
045766,上証2X元富92購01,0,0,0,0,0,0,0,0,0,15000,0,0,0,15000,0,15000,15000
046074,佐登凱基92購01  ,0,0,0,0,0,0,0,0,0,15000,0,0,0,15000,0,15000,15000
046695,瑞昱凱基93購03  ,0,0,0,0,0,0,0,0,0,15000,0,0,0,32000,17000,15000,15000
046729,智伸科元大93購01,0,0,0,0,0,0,0,0,0,15000,0,0,0,19000,4000,15000,15000
046357,聯發科台新92購01,0,0,0,0,0,0,0,0,0,15000,0,0,0,25000,10000,15000,15000
047080,仁寶康和93購01  ,0,0,0,0,0,0,0,0,0,15000,0,0,0,45000,30000,15000,15000
046969,聯發科群益93購05,0,0,0,0,0,0,0,0,0,15000,0,0,0,82000,67000,15000,15000
046962,群創中信95購03  ,0,0,0,0,0,0,0,0,0,15000,0,0,0,15000,0,15000,15000
046827,漢唐群益93購02  ,0,0,0,0,0,0,0,0,0,15000,0,0,0,45000,30000,15000,15000
049961,GIS統一94購01   ,0,0,0,0,0,0,0,0,0,15000,0,0,0,40000,25000,15000,15000
049964,強茂元富94購01  ,0,0,0,0,0,0,0,0,0,15000,0,0,0,87000,72000,15000,15000
050273,GIS元大94購04   ,0,0,0,0,0,0,0,0,0,15000,0,0,0,15000,0,15000,15000
03936P,上銀元大93售06  ,0,0,0,0,0,0,0,0,0,15000,0,0,0,15000,0,15000,15000
03035X,元展32          ,0,0,0,0,0,0,0,0,0,15000,0,0,0,15000,0,15000,15000
04376P,漢唐元大94售04  ,0,0,0,0,0,0,0,0,0,15000,0,0,0,15000,0,15000,15000
03826P,瀚宇博元大95售01,0,0,0,0,0,0,0,0,0,15000,0,0,0,85000,70000,15000,15000
03874P,臺股指群益95售01,0,0,0,0,0,0,0,0,0,15000,0,0,0,15000,0,15000,15000
046556,道瓊指凱基92購01,0,0,0,0,0,0,0,0,0,15000,0,0,0,15000,0,15000,15000
04665P,臺股指國票94售04,0,0,0,0,0,0,0,0,0,15000,0,0,0,15000,0,15000,15000
043962,亞泥國泰92購01  ,0,0,0,0,0,0,0,0,0,15000,0,0,0,15000,0,15000,15000
04455P,台積電統一94售07,0,0,0,0,0,0,0,0,0,15000,0,0,0,15000,0,15000,15000
049486,旺宏元大94購08  ,0,0,0,0,0,0,0,0,0,15000,0,0,0,63000,48000,15000,15000
049171,台達電凱基94購03,0,0,0,0,0,0,0,0,0,15000,0,0,0,15000,0,15000,15000
048129,力成元大93購02  ,0,0,0,0,0,0,0,0,0,15000,0,0,0,15000,0,15000,15000
04799P,健策元大94售03  ,0,0,0,0,0,0,0,0,0,15000,0,0,0,15000,0,15000,15000
04775P,台積電凱基94售29,0,0,0,0,0,0,0,0,0,15000,0,0,0,15000,0,15000,15000
050209,華通國票95購01  ,0,0,0,0,0,0,0,0,0,15000,0,0,0,15000,0,15000,15000
050202,建準群益95購01  ,0,0,0,0,0,0,0,0,0,15000,0,0,0,84000,69000,15000,15000
048374,味全元富94購01  ,0,0,0,0,0,0,0,0,0,15000,0,0,0,15000,0,15000,15000
04980P,臺股指凱基96售08,0,0,0,0,0,0,0,0,0,15000,0,0,0,15000,0,15000,15000
048499,達運元大96購01  ,0,0,0,0,0,0,0,0,0,15000,0,0,0,30000,15000,15000,15000
04770P,鴻海元大94售09  ,0,0,0,0,0,0,0,0,0,15000,0,0,0,15000,0,15000,15000
049880,健策永豐94購02  ,0,0,0,0,0,0,0,0,0,15000,0,0,0,30000,15000,15000,15000
052015,漢唐永豐95購02  ,0,0,0,0,0,0,0,0,0,15000,0,0,0,15000,0,15000,15000
051896,柏文元富95購01  ,0,0,0,0,0,0,0,0,0,15000,0,0,0,15000,0,15000,15000
050834,啟碁凱基95購01  ,0,0,0,0,0,0,0,0,0,15000,0,0,0,15000,0,15000,15000
051450,世芯元大95購02  ,0,0,0,0,0,0,0,0,0,15000,0,0,0,180000,165000,15000,15000
051465,鴻海富邦97購02  ,0,0,0,0,0,0,0,0,0,15000,0,0,0,45000,30000,15000,15000
053815,聯發科群益96購01,0,0,0,0,0,0,0,0,0,15000,0,0,0,15000,0,15000,15000
053808,大成鋼群益97購01,0,0,0,0,0,0,0,0,0,15000,0,0,0,25000,10000,15000,15000
053479,達興元大96購01  ,0,0,0,0,0,0,0,0,0,15000,0,0,0,35000,20000,15000,15000
053384,聯發科元大96購13,0,0,0,0,0,0,0,0,0,15000,0,0,0,451000,436000,15000,15000
053203,智易日盛96購01  ,0,0,0,0,0,0,0,0,0,15000,0,0,0,15000,0,15000,15000
05246P,南電元大95售04  ,0,0,0,0,0,0,0,0,0,15000,0,0,0,35000,20000,15000,15000
052536,聯茂國泰97購01  ,0,0,0,0,0,0,0,0,0,15000,0,0,0,20000,5000,15000,15000
052591,康友永豐97購01  ,0,0,0,0,0,0,0,0,0,15000,0,0,0,71000,56000,15000,15000
6666,羅麗芬-KY       ,16000,1000,15000,0,0,0,0,0,0,0,0,0,0,0,0,0,15000
910322,康師傅-DR       ,15000,0,15000,0,0,0,0,0,0,0,0,0,0,0,0,0,15000
3029,零壹            ,67000,49000,18000,0,0,0,0,0,0,-3000,0,3000,-3000,0,0,0,15000
2420,新巨            ,31000,14000,17000,0,0,0,0,0,0,-2000,0,2000,-2000,0,0,0,15000
2484,希華            ,58000,36000,22000,0,0,0,0,0,0,-7000,0,7000,-7000,0,0,0,15000
3023,信邦            ,109000,100798,8202,0,0,0,21000,0,21000,-15000,0,5000,-5000,0,10000,-10000,14202
05436P,台積電群益95售07,0,0,0,0,0,0,0,0,0,14000,0,0,0,30000,16000,14000,14000
054515,華通元大98購02  ,0,0,0,0,0,0,0,0,0,14000,0,0,0,19000,5000,14000,14000
053953,群創台新97購01  ,0,0,0,0,0,0,0,0,0,14000,0,0,0,43000,29000,14000,14000
054063,聯茂國票97購02  ,0,0,0,0,0,0,0,0,0,14000,0,0,0,16000,2000,14000,14000
054125,元油反元大96購09,0,0,0,0,0,0,0,0,0,14000,0,0,0,14000,0,14000,14000
05508P,華通統一97售01  ,0,0,0,0,0,0,0,0,0,14000,0,0,0,48000,34000,14000,14000
055010,佐登元富97購01  ,0,0,0,0,0,0,0,0,0,14000,0,0,0,14000,0,14000,14000
054884,友達統一99購01  ,0,0,0,0,0,0,0,0,0,14000,0,0,0,14000,0,14000,14000
054681,味全永豐97購01  ,0,0,0,0,0,0,0,0,0,14000,0,0,0,14000,0,14000,14000
06015P,大立光富邦98售04,0,0,0,0,0,0,0,0,0,14000,0,0,0,14000,0,14000,14000
05977P,旺宏永豐96售06  ,0,0,0,0,0,0,0,0,0,14000,0,0,0,14000,0,14000,14000
055183,聯鈞統一97購01  ,0,0,0,0,0,0,0,0,0,14000,0,0,0,18000,4000,14000,14000
04285P,超眾永豐93售04  ,0,0,0,0,0,0,0,0,0,14000,0,0,0,14000,0,14000,14000
045694,智邦兆豐93購05  ,0,0,0,0,0,0,0,0,0,14000,0,0,0,14000,0,14000,14000
03012P,臺股指富邦01售02,0,0,0,0,0,0,0,0,0,14000,0,0,0,14000,0,14000,14000
0051,元大中型100     ,1000,1000,0,0,0,0,0,0,0,14000,0,0,0,15000,1000,14000,14000
050243,華新科凱基94購10,0,0,0,0,0,0,0,0,0,14000,0,0,0,142000,128000,14000,14000
050005,京鼎永豐94購01  ,0,0,0,0,0,0,0,0,0,14000,0,0,0,57000,43000,14000,14000
046796,南電元富93購01  ,0,0,0,0,0,0,0,0,0,14000,0,0,0,24000,10000,14000,14000
045137,鴻海兆豐92購02  ,0,0,0,0,0,0,0,0,0,14000,0,0,0,25000,11000,14000,14000
047095,聯詠麥證93購01  ,0,0,0,20000,6000,14000,0,0,0,14000,0,0,0,20000,6000,14000,14000
049107,緯創富邦94購01  ,0,0,0,0,0,0,0,0,0,14000,0,0,0,14000,0,14000,14000
050224,台泥中信94購01  ,0,0,0,0,0,0,0,0,0,14000,0,0,0,14000,0,14000,14000
048196,聯發科元大93購24,0,0,0,0,0,0,0,0,0,14000,0,0,0,123000,109000,14000,14000
047901,復盛群益93購01  ,0,0,0,0,0,0,0,0,0,14000,0,0,0,34000,20000,14000,14000
049241,智邦元富94購01  ,0,0,0,0,0,0,0,0,0,14000,0,0,0,14000,0,14000,14000
049289,樺漢兆豐94購01  ,0,0,0,0,0,0,0,0,0,14000,0,0,0,14000,0,14000,14000
052640,台表科凱基97購01,0,0,0,0,0,0,0,0,0,14000,0,0,0,16000,2000,14000,14000
053049,T50反1國票98購01,0,0,0,0,0,0,0,0,0,14000,0,0,0,14000,0,14000,14000
052833,康控群益96購01  ,0,0,0,0,0,0,0,0,0,14000,0,0,0,193000,179000,14000,14000
052835,滬深2X國泰98購01,0,0,0,0,0,0,0,0,0,14000,0,0,0,18000,4000,14000,14000
053174,同欣電群益98購02,0,0,0,0,0,0,0,0,0,14000,0,0,0,14000,0,14000,14000
05350P,可成元富98售04  ,0,0,0,0,0,0,0,0,0,14000,0,0,0,14000,0,14000,14000
05163P,聯發科統一96售02,0,0,0,0,0,0,0,0,0,14000,0,0,0,166000,152000,14000,14000
050565,矽格元富94購01  ,0,0,0,0,0,0,0,0,0,14000,0,0,0,56000,42000,14000,14000
050761,華通元大94購05  ,0,0,0,0,0,0,0,0,0,14000,0,0,0,32000,18000,14000,14000
050717,京鼎群益96購01  ,0,0,0,0,0,0,0,0,0,14000,0,0,0,122000,108000,14000,14000
051758,瑞昱元大95購01  ,0,0,0,0,0,0,0,0,0,14000,0,0,0,55000,41000,14000,14000
052296,TPK國票96購01   ,0,0,0,0,0,0,0,0,0,14000,0,0,0,617000,603000,14000,14000
052276,力成群益96購01  ,0,0,0,0,0,0,0,0,0,14000,0,0,0,14000,0,14000,14000
3004,豐達科          ,24000,10000,14000,0,0,0,0,0,0,0,0,0,0,0,0,0,14000
2832,台產            ,17000,2000,15000,0,0,0,0,0,0,-1000,0,1000,-1000,0,0,0,14000
2705,六福            ,16000,2000,14000,0,0,0,0,0,0,0,0,0,0,0,0,0,14000
3356,奇偶            ,21000,5000,16000,0,0,0,0,0,0,-2000,0,2000,-2000,0,0,0,14000
3312,弘憶股          ,19000,4000,15000,0,0,0,0,0,0,-1000,0,1000,-1000,0,0,0,14000
1707,葡萄王          ,67000,63000,4000,0,0,0,0,0,0,10000,12000,2000,10000,0,0,0,14000
6525,捷敏-KY         ,14000,0,14000,0,0,0,0,0,0,0,0,0,0,0,0,0,14000
05923P,旺宏元富96售05  ,0,0,0,0,0,0,0,0,0,13000,0,0,0,13000,0,13000,13000
05869P,旺宏凱基96售05  ,0,0,0,0,0,0,0,0,0,13000,0,0,0,13000,0,13000,13000
05667P,旺宏台新96售01  ,0,0,0,0,0,0,0,0,0,13000,0,0,0,13000,0,13000,13000
05757P,旺宏永豐96售03  ,0,0,0,0,0,0,0,0,0,13000,0,0,0,13000,0,13000,13000
05739P,臺股指統一97售02,0,0,0,0,0,0,0,0,0,13000,0,0,0,13000,0,13000,13000
05843P,台積電元大96售16,0,0,0,0,0,0,0,0,0,13000,0,0,0,14000,1000,13000,13000
1229,聯華            ,157000,156000,1000,0,0,0,0,0,0,12000,23000,11000,12000,0,0,0,13000
054616,智伸科永豐97購01,0,0,0,0,0,0,0,0,0,13000,0,0,0,13000,0,13000,13000
054566,貿聯群益97購02  ,0,0,0,0,0,0,0,0,0,13000,0,0,0,18000,5000,13000,13000
054767,日電貿國票98購01,0,0,0,0,0,0,0,0,0,13000,0,0,0,13000,0,13000,13000
054864,聯發科群益97購02,0,0,0,0,0,0,0,0,0,13000,0,0,0,23000,10000,13000,13000
054164,強茂凱基98購01  ,0,0,0,0,0,0,0,0,0,13000,0,0,0,37000,24000,13000,13000
053923,亞光國票97購01  ,0,0,0,0,0,0,0,0,0,13000,0,0,0,40000,27000,13000,13000
05439P,聯發科國票95售06,0,0,0,0,0,0,0,0,0,13000,0,0,0,13000,0,13000,13000
045383,大毅元大92購01  ,0,0,0,0,0,0,0,0,0,13000,0,0,0,13000,0,13000,13000
046288,創意兆豐92購03  ,0,0,0,0,0,0,0,0,0,13000,0,0,0,13000,0,13000,13000
046240,中鋼中信94購01  ,0,0,0,0,0,0,0,0,0,13000,0,0,0,118000,105000,13000,13000
046781,A50永豐93購01   ,0,0,0,0,0,0,0,0,0,13000,0,0,0,13000,0,13000,13000
046029,微星元大92購02  ,0,0,0,0,0,0,0,0,0,13000,0,0,0,13000,0,13000,13000
046444,矽力日盛92購01  ,0,0,0,0,0,0,0,0,0,13000,0,0,0,13000,0,13000,13000
044708,臻鼎元大91購03  ,0,0,0,0,0,0,0,0,0,13000,0,0,0,13000,0,13000,13000
044770,漢唐元大93購02  ,0,0,0,0,0,0,0,0,0,13000,0,0,0,13000,0,13000,13000
050272,訊芯元大94購03  ,0,0,0,0,0,0,0,0,0,13000,0,0,0,210000,197000,13000,13000
050085,國泰金元富94購01,0,0,0,0,0,0,0,0,0,13000,0,0,0,23000,10000,13000,13000
00634R,富邦上証反1     ,43000,0,43000,0,0,0,0,0,0,-30000,0,0,0,82000,112000,-30000,13000
039676,華新科國泰91購02,0,0,0,0,0,0,0,0,0,13000,0,0,0,13000,0,13000,13000
03890P,聯詠國泰94售02  ,0,0,0,0,0,0,0,0,0,13000,0,0,0,13000,0,13000,13000
046653,鴻海元大93購05  ,0,0,0,0,0,0,0,0,0,13000,0,0,0,17000,4000,13000,13000
043453,上銀元大92購01  ,0,0,0,0,0,0,0,0,0,13000,0,0,0,24000,11000,13000,13000
042725,聯茂群益91購01  ,0,0,0,0,0,0,0,0,0,13000,0,0,0,13000,0,13000,13000
048624,美律台新93購01  ,0,0,0,0,0,0,0,0,0,13000,0,0,0,23000,10000,13000,13000
047626,全新國票94購01  ,0,0,0,0,0,0,0,0,0,13000,0,0,0,13000,0,13000,13000
049858,百和群益94購05  ,0,0,0,0,0,0,0,0,0,13000,0,0,0,30000,17000,13000,13000
050457,力成元大94購01  ,0,0,0,0,0,0,0,0,0,13000,0,0,0,45000,32000,13000,13000
051035,百和兆豐95購01  ,0,0,0,0,0,0,0,0,0,13000,0,0,0,13000,0,13000,13000
052204,台泥中信96購01  ,0,0,0,0,0,0,0,0,0,13000,0,0,0,14000,1000,13000,13000
052018,京鼎永豐95購02  ,0,0,0,0,0,0,0,0,0,13000,0,0,0,47000,34000,13000,13000
050728,新日興國票94購01,0,0,0,0,0,0,0,0,0,13000,0,0,0,13000,0,13000,13000
050895,聯發科元大97購01,0,0,0,0,0,0,0,0,0,13000,0,0,0,275000,262000,13000,13000
051544,T50反1康和98購01,0,0,0,0,0,0,0,0,0,13000,0,0,0,13000,0,13000,13000
051453,智伸科元大95購02,0,0,0,0,0,0,0,0,0,13000,0,0,0,23000,10000,13000,13000
05368P,可成元富95售03  ,0,0,0,0,0,0,0,0,0,13000,0,0,0,13000,0,13000,13000
052963,智邦凱基96購02  ,0,0,0,0,0,0,0,0,0,13000,0,0,0,13000,0,13000,13000
053043,嘉晶凱基96購01  ,0,0,0,0,0,0,0,0,0,13000,0,0,0,13000,0,13000,13000
052653,臺股指永豐97購01,0,0,0,0,0,0,0,0,0,13000,0,0,0,60000,47000,13000,13000
052559,茂林國票97購01  ,0,0,0,0,0,0,0,0,0,13000,0,0,0,28000,15000,13000,13000
6592,和潤企業        ,49000,36000,13000,0,0,0,0,0,0,0,0,0,0,0,0,0,13000
6197,佳必琪          ,27000,11000,16000,0,0,0,0,0,0,-3000,0,3000,-3000,0,0,0,13000
6189,豐藝            ,22000,8000,14000,0,0,0,0,0,0,-1000,0,1000,-1000,0,0,0,13000
5007,三星            ,17000,1000,16000,0,0,0,0,0,0,-3000,0,3000,-3000,0,0,0,13000
5283,禾聯碩          ,17000,4000,13000,0,0,0,0,0,0,0,0,0,0,0,0,0,13000
910861,神州-DR         ,13000,0,13000,0,0,0,0,0,0,0,0,0,0,0,0,0,13000
8404,百和興業-KY     ,30000,18000,12000,0,0,0,0,0,0,1000,1000,0,1000,0,0,0,13000
2497,怡利電          ,15000,2000,13000,0,0,0,0,0,0,0,0,0,0,0,0,0,13000
2546,根基            ,14000,1000,13000,0,0,0,0,0,0,0,0,0,0,0,0,0,13000
2851,中再保          ,14000,0,14000,0,0,0,0,0,0,-1000,0,1000,-1000,0,0,0,13000
05438P,康控永豐95售05  ,0,0,0,0,0,0,0,0,0,12000,0,0,0,12000,0,12000,12000
054326,宏達電台新97購02,0,0,0,0,0,0,0,0,0,12000,0,0,0,12000,0,12000,12000
054083,智伸科元富96購01,0,0,0,0,0,0,0,0,0,12000,0,0,0,22000,10000,12000,12000
054007,貿聯統一96購01  ,0,0,0,0,0,0,0,0,0,12000,0,0,0,40000,28000,12000,12000
055142,健策永豐98購01  ,0,0,0,0,0,0,0,0,0,12000,0,0,0,58000,46000,12000,12000
054848,群創兆豐98購01  ,0,0,0,0,0,0,0,0,0,12000,0,0,0,12000,0,12000,12000
054577,世芯元大98購01  ,0,0,0,0,0,0,0,0,0,12000,0,0,0,147000,135000,12000,12000
054596,聯發科麥證97購01,0,0,0,12000,0,12000,0,0,0,12000,0,0,0,12000,0,12000,12000
1218,泰山            ,46000,34000,12000,0,0,0,0,0,0,0,0,0,0,0,0,0,12000
1503,士電            ,12000,0,12000,0,0,0,0,0,0,0,0,0,0,0,0,0,12000
06105P,國巨國票98售02  ,0,0,0,0,0,0,0,0,0,12000,0,0,0,20000,8000,12000,12000
05720P,可成中信98售01  ,0,0,0,0,0,0,0,0,0,12000,0,0,0,12000,0,12000,12000
05696P,南亞科凱基96售01,0,0,0,0,0,0,0,0,0,12000,0,0,0,12000,0,12000,12000
06039P,亞光台新96售03  ,0,0,0,0,0,0,0,0,0,12000,0,0,0,12000,0,12000,12000
05562P,鴻海元大96售16  ,0,0,0,0,0,0,0,0,0,12000,0,0,0,12000,0,12000,12000
055672,國巨日盛97購02  ,0,0,0,0,0,0,0,0,0,12000,0,0,0,28000,16000,12000,12000
05640P,旺宏元富96售03  ,0,0,0,0,0,0,0,0,0,12000,0,0,0,12000,0,12000,12000
055717,聯發科元大97購19,0,0,0,0,0,0,0,0,0,12000,0,0,0,77000,65000,12000,12000
045454,上銀元大93購01  ,0,0,0,0,0,0,0,0,0,12000,0,0,0,23000,11000,12000,12000
045704,微星日盛92購01  ,0,0,0,0,0,0,0,0,0,12000,0,0,0,144000,132000,12000,12000
04276P,聯發科凱基93售33,0,0,0,0,0,0,0,0,0,12000,0,0,0,22000,10000,12000,12000
046416,聯詠元大92購05  ,0,0,0,0,0,0,0,0,0,12000,0,0,0,12000,0,12000,12000
046480,群創元富96購01  ,0,0,0,0,0,0,0,0,0,12000,0,0,0,12000,0,12000,12000
04696P,亞德客國泰95售02,0,0,0,0,0,0,0,0,0,12000,0,0,0,172000,160000,12000,12000
046691,儒鴻凱基93購02  ,0,0,0,0,0,0,0,0,0,12000,0,0,0,20000,8000,12000,12000
045429,復盛凱基92購01  ,0,0,0,0,0,0,0,0,0,12000,0,0,0,28000,16000,12000,12000
044961,聯電中信94購01  ,0,0,0,0,0,0,0,0,0,12000,0,0,0,42000,30000,12000,12000
050988,廣達富邦95購01  ,0,0,0,0,0,0,0,0,0,12000,0,0,0,250000,238000,12000,12000
047186,大立光元大93購20,0,0,0,0,0,0,0,0,0,12000,0,0,0,42000,30000,12000,12000
049803,華新科元大95購07,0,0,0,0,0,0,0,0,0,12000,0,0,0,18000,6000,12000,12000
048619,台表科凱基93購07,0,0,0,0,0,0,0,0,0,12000,0,0,0,12000,0,12000,12000
049028,麗豐群益94購01  ,0,0,0,0,0,0,0,0,0,12000,0,0,0,33000,21000,12000,12000
049661,喬山永豐94購01  ,0,0,0,0,0,0,0,0,0,12000,0,0,0,12000,0,12000,12000
048955,慧洋康和94購01  ,0,0,0,0,0,0,0,0,0,12000,0,0,0,12000,0,12000,12000
052596,群創群益98購05  ,0,0,0,0,0,0,0,0,0,12000,0,0,0,31000,19000,12000,12000
052783,台郡國票97購01  ,0,0,0,0,0,0,0,0,0,12000,0,0,0,12000,0,12000,12000
053541,泰鼎永豐96購02  ,0,0,0,0,0,0,0,0,0,12000,0,0,0,94000,82000,12000,12000
053583,漢唐元大96購03  ,0,0,0,0,0,0,0,0,0,12000,0,0,0,19000,7000,12000,12000
053317,友達群益9A購02  ,0,0,0,0,0,0,0,0,0,12000,0,0,0,22000,10000,12000,12000
05144P,美律永豐95售02  ,0,0,0,0,0,0,0,0,0,12000,0,0,0,32000,20000,12000,12000
051432,群創元富99購03  ,0,0,0,0,0,0,0,0,0,12000,0,0,0,12000,0,12000,12000
051688,大立光凱基97購02,0,0,0,0,0,0,0,0,0,12000,0,0,0,20000,8000,12000,12000
051676,康舒元大95購01  ,0,0,0,0,0,0,0,0,0,12000,0,0,0,12000,0,12000,12000
050801,元金2X群益98購01,0,0,0,0,0,0,0,0,0,12000,0,0,0,12000,0,12000,12000
050613,台光電元大94購09,0,0,0,0,0,0,0,0,0,12000,0,0,0,109000,97000,12000,12000
052022,南電永豐95購03  ,0,0,0,0,0,0,0,0,0,12000,0,0,0,12000,0,12000,12000
052130,國巨凱基9B購01  ,0,0,0,0,0,0,0,0,0,12000,0,0,0,93000,81000,12000,12000
052441,亞泥元大95購01  ,0,0,0,0,0,0,0,0,0,12000,0,0,0,155000,143000,12000,12000
2891B,中信金乙特      ,0,1000,-1000,0,0,0,0,0,0,13000,13000,0,13000,0,0,0,12000
4763,材料-KY         ,17000,6000,11000,0,0,0,0,0,0,1000,1000,0,1000,0,0,0,12000
4426,利勤            ,27000,12000,15000,0,0,0,0,0,0,-3000,0,3000,-3000,0,0,0,12000
2206,三陽工業        ,33000,13000,20000,0,0,0,0,0,0,-8000,0,8000,-8000,0,0,0,12000
8473,山林水          ,15000,3000,12000,0,0,0,0,0,0,0,0,0,0,0,0,0,12000
9937,全國            ,13000,1000,12000,0,0,0,0,0,0,0,0,0,0,0,0,0,12000
5288,豐祥-KY         ,15000,2000,13000,0,0,0,0,0,0,-1000,0,0,0,0,1000,-1000,12000
055535,緯創群益98購01  ,0,0,0,0,0,0,0,0,0,11000,0,0,0,11000,0,11000,11000
05736P,臺股指統一96售06,0,0,0,0,0,0,0,0,0,11000,0,0,0,11000,0,11000,11000
05747P,漢唐群益96售03  ,0,0,0,0,0,0,0,0,0,11000,0,0,0,11000,0,11000,11000
05830P,滬深2X元富99售03,0,0,0,0,0,0,0,0,0,11000,0,0,0,11000,0,11000,11000
06079P,燿華群益98售02  ,0,0,0,0,0,0,0,0,0,11000,0,0,0,11000,0,11000,11000
1323,永裕            ,13000,1000,12000,0,0,0,0,0,0,-1000,0,1000,-1000,0,0,0,11000
054823,祥碩元大97購02  ,0,0,0,0,0,0,0,0,0,11000,0,0,0,121000,110000,11000,11000
053896,麗豐群益97購01  ,0,0,0,0,0,0,0,0,0,11000,0,0,0,11000,0,11000,11000
053898,康友群益97購01  ,0,0,0,0,0,0,0,0,0,11000,0,0,0,22000,11000,11000,11000
054336,台積電統一96購11,0,0,0,0,0,0,0,0,0,11000,0,0,0,100000,89000,11000,11000
054456,華泰群益99購01  ,0,0,0,0,0,0,0,0,0,11000,0,0,0,92000,81000,11000,11000
046673,樺漢元大93購01  ,0,0,0,0,0,0,0,0,0,11000,0,0,0,11000,0,11000,11000
045043,台達電凱基93購01,0,0,0,0,0,0,0,0,0,11000,0,0,0,11000,0,11000,11000
045363,台達電兆豐92購01,0,0,0,0,0,0,0,0,0,11000,0,0,0,21000,10000,11000,11000
04518P,高鐵群益95售01  ,0,0,0,0,0,0,0,0,0,11000,0,0,0,11000,0,11000,11000
045218,華邦電元大92購03,0,0,0,0,0,0,0,0,0,11000,0,0,0,11000,0,11000,11000
046694,智邦凱基93購01  ,0,0,0,0,0,0,0,0,0,11000,0,0,0,45000,34000,11000,11000
04671P,華通統一94售01  ,0,0,0,0,0,0,0,0,0,11000,0,0,0,31000,20000,11000,11000
046268,嘉晶凱基93購02  ,0,0,0,0,0,0,0,0,0,11000,0,0,0,51000,40000,11000,11000
046178,聯發科日盛92購01,0,0,0,0,0,0,0,0,0,11000,0,0,0,19000,8000,11000,11000
047046,台積電國票94購01,0,0,0,0,0,0,0,0,0,11000,0,0,0,56000,45000,11000,11000
04691P,智邦群益94售02  ,0,0,0,0,0,0,0,0,0,11000,0,0,0,74000,63000,11000,11000
045904,勤誠元大92購01  ,0,0,0,0,0,0,0,0,0,11000,0,0,0,11000,0,11000,11000
050144,宏達電台新95購01,0,0,0,0,0,0,0,0,0,11000,0,0,0,11000,0,11000,11000
050248,臻鼎凱基94購03  ,0,0,0,0,0,0,0,0,0,11000,0,0,0,31000,20000,11000,11000
044801,微星凱基93購01  ,0,0,0,0,0,0,0,0,0,11000,0,0,0,21000,10000,11000,11000
044645,元金2X群益93購01,0,0,0,0,0,0,0,0,0,11000,0,0,0,11000,0,11000,11000
04332P,A50正2日盛93售01,0,0,0,0,0,0,0,0,0,11000,0,0,0,24000,13000,11000,11000
04263P,南電群益93售03  ,0,0,0,0,0,0,0,0,0,11000,0,0,0,11000,0,11000,11000
042470,元油2X元大93購04,0,0,0,0,0,0,0,0,0,11000,0,0,0,11000,0,11000,11000
03793P,超眾永豐93售01  ,0,0,0,0,0,0,0,0,0,11000,0,0,0,11000,0,11000,11000
03740P,奇鋐群益94售01  ,0,0,0,0,0,0,0,0,0,11000,0,0,0,11000,0,11000,11000
044413,上銀統一91購01  ,0,0,0,0,0,0,0,0,0,11000,0,0,0,47000,36000,11000,11000
00652,富邦印度        ,0,0,0,0,0,0,0,0,0,11000,0,0,0,28000,17000,11000,11000
048972,晶豪科元大94購01,0,0,0,0,0,0,0,0,0,11000,0,0,0,11000,0,11000,11000
048155,瑞昱兆豐93購01  ,0,0,0,0,0,0,0,0,0,11000,0,0,0,11000,0,11000,11000
048181,A50正2群益95購01,0,0,0,0,0,0,0,0,0,11000,0,0,0,11000,0,11000,11000
048075,美利達元富93購02,0,0,0,0,0,0,0,0,0,11000,0,0,0,14000,3000,11000,11000
049141,旺宏元大95購01  ,0,0,0,0,0,0,0,0,0,11000,0,0,0,11000,0,11000,11000
049589,奇力新元大95購02,0,0,0,0,0,0,0,0,0,11000,0,0,0,11000,0,11000,11000
048757,美利達元富96購01,0,0,0,0,0,0,0,0,0,11000,0,0,0,14000,3000,11000,11000
048733,台勝科麥證95購02,0,0,0,93000,80000,13000,0,0,0,11000,0,0,0,93000,82000,11000,11000
048418,瑞昱統一93購04  ,0,0,0,0,0,0,0,0,0,11000,0,0,0,20000,9000,11000,11000
049835,緯穎凱基94購05  ,0,0,0,0,0,0,0,0,0,11000,0,0,0,14000,3000,11000,11000
048402,聯茂兆豐95購01  ,0,0,0,0,0,0,0,0,0,11000,0,0,0,211000,200000,11000,11000
049853,上海銀群益94購02,0,0,0,0,0,0,0,0,0,11000,0,0,0,11000,0,11000,11000
050997,麗豐元大95購03  ,0,0,0,0,0,0,0,0,0,11000,0,0,0,11000,0,11000,11000
051215,大立光統一95購03,0,0,0,0,0,0,0,0,0,11000,0,0,0,276000,265000,11000,11000
051239,國巨元大96購02  ,0,0,0,0,0,0,0,0,0,11000,0,0,0,32000,21000,11000,11000
05231P,GIS群益95售03   ,0,0,0,0,0,0,0,0,0,11000,0,0,0,11000,0,11000,11000
052176,景碩元大96購01  ,0,0,0,0,0,0,0,0,0,11000,0,0,0,61000,50000,11000,11000
052010,兆豐金中信95購01,0,0,0,0,0,0,0,0,0,11000,0,0,0,31000,20000,11000,11000
051951,聯發科元富95購02,0,0,0,0,0,0,0,0,0,11000,0,0,0,21000,10000,11000,11000
05183P,台積電元富95售07,0,0,0,0,0,0,0,0,0,11000,0,0,0,11000,0,11000,11000
051512,超眾麥證95購01  ,0,0,0,71000,90000,-19000,0,0,0,11000,0,0,0,101000,90000,11000,11000
053489,上銀兆豐97購01  ,0,0,0,0,0,0,0,0,0,11000,0,0,0,18000,7000,11000,11000
05349P,可成元富98售03  ,0,0,0,0,0,0,0,0,0,11000,0,0,0,11000,0,11000,11000
053787,健策元大97購02  ,0,0,0,0,0,0,0,0,0,11000,0,0,0,327000,316000,11000,11000
052649,康控永豐96購01  ,0,0,0,0,0,0,0,0,0,11000,0,0,0,11000,0,11000,11000
052695,台表科中信98購01,0,0,0,0,0,0,0,0,0,11000,0,0,0,117000,106000,11000,11000
052454,力成元大95購02  ,0,0,0,0,0,0,0,0,0,11000,0,0,0,11000,0,11000,11000
053080,力山元大96購02  ,0,0,0,0,0,0,0,0,0,11000,0,0,0,13000,2000,11000,11000
6172,互億            ,17000,6000,11000,0,0,0,0,0,0,0,0,0,0,0,0,0,11000
8482,商億-KY         ,228000,217000,11000,0,0,0,0,0,0,0,0,0,0,0,0,0,11000
1737,臺鹽            ,19000,8000,11000,0,0,0,0,0,0,0,0,0,0,0,0,0,11000
2450,神腦            ,13000,1000,12000,0,0,0,0,0,0,-1000,0,1000,-1000,0,0,0,11000
3018,同開            ,11000,0,11000,0,0,0,0,0,0,0,0,0,0,0,0,0,11000
054314,嘉聯益凱基97購01,0,0,0,0,0,0,0,0,0,10000,0,0,0,34000,24000,10000,10000
054273,宏達電中信98購01,0,0,0,0,0,0,0,0,0,10000,0,0,0,10000,0,10000,10000
053872,臻鼎元大96購04  ,0,0,0,0,0,0,0,0,0,10000,0,0,0,10000,0,10000,10000
053837,貿聯永豐96購02  ,0,0,0,0,0,0,0,0,0,10000,0,0,0,42000,32000,10000,10000
053832,聯發科台新96購01,0,0,0,0,0,0,0,0,0,10000,0,0,0,10000,0,10000,10000
053942,超眾國泰96購02  ,0,0,0,0,0,0,0,0,0,10000,0,0,0,11000,1000,10000,10000
054006,智易統一97購01  ,0,0,0,0,0,0,0,0,0,10000,0,0,0,90000,80000,10000,10000
054130,漢唐元大97購02  ,0,0,0,0,0,0,0,0,0,10000,0,0,0,10000,0,10000,10000
054850,上海銀兆豐97購01,0,0,0,0,0,0,0,0,0,10000,0,0,0,10000,0,10000,10000
054795,合勤控群益98購01,0,0,0,0,0,0,0,0,0,10000,0,0,0,30000,20000,10000,10000
054817,聯發科元大97購13,0,0,0,0,0,0,0,0,0,10000,0,0,0,20000,10000,10000,10000
054825,康友元大97購01  ,0,0,0,0,0,0,0,0,0,10000,0,0,0,28000,18000,10000,10000
054764,亞光國票98購01  ,0,0,0,0,0,0,0,0,0,10000,0,0,0,50000,40000,10000,10000
054668,傳奇元富97購03  ,0,0,0,0,0,0,0,0,0,10000,0,0,0,10000,0,10000,10000
054570,易華電群益98購01,0,0,0,0,0,0,0,0,0,10000,0,0,0,10000,0,10000,10000
054557,臻鼎凱基98購01  ,0,0,0,0,0,0,0,0,0,10000,0,0,0,10000,0,10000,10000
055102,上銀凱基98購01  ,0,0,0,0,0,0,0,0,0,10000,0,0,0,69000,59000,10000,10000
054894,GIS統一97購01   ,0,0,0,0,0,0,0,0,0,10000,0,0,0,10000,0,10000,10000
054918,華新科凱基98購02,0,0,0,0,0,0,0,0,0,10000,0,0,0,20000,10000,10000,10000
055003,群創元富99購05  ,0,0,0,0,0,0,0,0,0,10000,0,0,0,10000,0,10000,10000
05493P,華新科富邦99售02,0,0,0,0,0,0,0,0,0,10000,0,0,0,30000,20000,10000,10000
1232,大統益          ,12000,2000,10000,0,0,0,0,0,0,0,0,0,0,0,0,0,10000
1441,大東            ,19000,9000,10000,0,0,0,0,0,0,0,0,0,0,0,0,0,10000
06085P,義隆台新97售01  ,0,0,0,0,0,0,0,0,0,10000,0,0,0,10000,0,10000,10000
06063P,玉晶光元富97售01,0,0,0,0,0,0,0,0,0,10000,0,0,0,35000,25000,10000,10000
06116P,臺股指日盛97售01,0,0,0,0,0,0,0,0,0,10000,0,0,0,10000,0,10000,10000
06147P,國巨元大97售05  ,0,0,0,0,0,0,0,0,0,10000,0,0,0,10000,0,10000,10000
06174P,國巨元大97售07  ,0,0,0,0,0,0,0,0,0,10000,0,0,0,15000,5000,10000,10000
05751P,台積電中信96售05,0,0,0,0,0,0,0,0,0,10000,0,0,0,40000,30000,10000,10000
06031P,新光金兆豐96售02,0,0,0,0,0,0,0,0,0,10000,0,0,0,10000,0,10000,10000
05990P,台積電群益96售13,0,0,0,0,0,0,0,0,0,10000,0,0,0,30000,20000,10000,10000
05558P,鴻海麥證96售01  ,0,0,0,10000,0,10000,0,0,0,10000,0,0,0,10000,0,10000,10000
055737,開發金元富97購01,0,0,0,0,0,0,0,0,0,10000,0,0,0,10000,0,10000,10000
05581P,華新科凱基96售07,0,0,0,0,0,0,0,0,0,10000,0,0,0,10000,0,10000,10000
05597P,鴻海元富96售06  ,0,0,0,0,0,0,0,0,0,10000,0,0,0,10000,0,10000,10000
055188,亞翔統一97購01  ,0,0,0,0,0,0,0,0,0,10000,0,0,0,10000,0,10000,10000
055301,台虹元大97購01  ,0,0,0,0,0,0,0,0,0,10000,0,0,0,10000,0,10000,10000
055282,聯發科元大97購15,0,0,0,0,0,0,0,0,0,10000,0,0,0,40000,30000,10000,10000
055310,聯詠群益97購02  ,0,0,0,0,0,0,0,0,0,10000,0,0,0,31000,21000,10000,10000
055500,京鼎元大97購04  ,0,0,0,0,0,0,0,0,0,10000,0,0,0,65000,55000,10000,10000
055353,華新科凱基98購03,0,0,0,0,0,0,0,0,0,10000,0,0,0,10000,0,10000,10000
00763U,街口道瓊銅      ,0,0,0,0,0,0,0,0,0,10000,0,0,0,10000,0,10000,10000
00689R,國泰20年美債反1 ,0,0,0,0,0,0,0,0,0,10000,0,0,0,110000,100000,10000,10000
03959P,義隆元富96售01  ,0,0,0,0,0,0,0,0,0,10000,0,0,0,13000,3000,10000,10000
04018P,亞光永豐93售01  ,0,0,0,0,0,0,0,0,0,10000,0,0,0,10000,0,10000,10000
04044P,鴻海元大93售18  ,0,0,0,0,0,0,0,0,0,10000,0,0,0,10000,0,10000,10000
03399P,欣興中信02售03  ,0,0,0,0,0,0,0,0,0,10000,0,0,0,10000,0,10000,10000
03421B,臺股指元大99熊01,0,0,0,0,0,0,0,0,0,10000,0,0,0,50000,40000,10000,10000
03568P,臺股指凱基04售08,0,0,0,0,0,0,0,0,0,10000,0,0,0,10000,0,10000,10000
03557P,欣興元大02售17  ,0,0,0,0,0,0,0,0,0,10000,0,0,0,60000,50000,10000,10000
03606P,奇力新元富92售02,0,0,0,0,0,0,0,0,0,10000,0,0,0,10000,0,10000,10000
044404,智伸科凱基91購02,0,0,0,0,0,0,0,0,0,10000,0,0,0,10000,0,10000,10000
044480,瀚宇博統一91購01,0,0,0,0,0,0,0,0,0,10000,0,0,0,10000,0,10000,10000
044341,啟碁統一91購01  ,0,0,0,0,0,0,0,0,0,10000,0,0,0,10000,0,10000,10000
04433P,上証2X國票95售01,0,0,0,0,0,0,0,0,0,10000,0,0,0,10000,0,10000,10000
044306,瑞儀兆豐93購02  ,0,0,0,0,0,0,0,0,0,10000,0,0,0,10000,0,10000,10000
044499,中磊元大91購02  ,0,0,0,0,0,0,0,0,0,10000,0,0,0,10000,0,10000,10000
03720P,元油2X富邦95售01,0,0,0,0,0,0,0,0,0,10000,0,0,0,10000,0,10000,10000
03898P,新日興凱基93售02,0,0,0,0,0,0,0,0,0,10000,0,0,0,10000,0,10000,10000
03912P,臺股指元大93售36,0,0,0,0,0,0,0,0,0,10000,0,0,0,10000,0,10000,10000
04053P,聯茂國泰94售01  ,0,0,0,0,0,0,0,0,0,10000,0,0,0,10000,0,10000,10000
042414,漢唐元大92購01  ,0,0,0,0,0,0,0,0,0,10000,0,0,0,10000,0,10000,10000
042643,智易兆豐92購01  ,0,0,0,0,0,0,0,0,0,10000,0,0,0,10000,0,10000,10000
04337P,台積電元大93售25,0,0,0,0,0,0,0,0,0,10000,0,0,0,20000,10000,10000,10000
04348P,燿華國票94售01  ,0,0,0,0,0,0,0,0,0,10000,0,0,0,10000,0,10000,10000
045440,旺宏元富92購01  ,0,0,0,0,0,0,0,0,0,10000,0,0,0,10000,0,10000,10000
04271P,南亞科國票93售03,0,0,0,0,0,0,0,0,0,10000,0,0,0,10000,0,10000,10000
042754,元黃金元大93購01,0,0,0,0,0,0,0,0,0,10000,0,0,0,20000,10000,10000,10000
045502,聯詠凱基92購04  ,0,0,0,0,0,0,0,0,0,10000,0,0,0,10000,0,10000,10000
045515,滬深2X統一92購01,0,0,0,0,0,0,0,0,0,10000,0,0,0,296000,286000,10000,10000
045701,聯發科中信92購02,0,0,0,0,0,0,0,0,0,10000,0,0,0,20000,10000,10000,10000
045650,超眾凱基93購05  ,0,0,0,0,0,0,0,0,0,10000,0,0,0,10000,0,10000,10000
046651,TPK富邦94購02   ,0,0,0,0,0,0,0,0,0,10000,0,0,0,10000,0,10000,10000
046670,彩晶元大93購02  ,0,0,0,0,0,0,0,0,0,10000,0,0,0,10000,0,10000,10000
046671,彩晶元大93購03  ,0,0,0,0,0,0,0,0,0,10000,0,0,0,10000,0,10000,10000
046624,彩晶凱基94購02  ,0,0,0,0,0,0,0,0,0,10000,0,0,0,10000,0,10000,10000
045613,祥碩群益92購01  ,0,0,0,0,0,0,0,0,0,10000,0,0,0,10000,0,10000,10000
045641,聯詠凱基92購05  ,0,0,0,0,0,0,0,0,0,10000,0,0,0,10000,0,10000,10000
046578,聯電元大92購01  ,0,0,0,0,0,0,0,0,0,10000,0,0,0,10000,0,10000,10000
042787,新日興兆豐93購01,0,0,0,0,0,0,0,0,0,10000,0,0,0,109000,99000,10000,10000
044703,緯創元大91購03  ,0,0,0,0,0,0,0,0,0,10000,0,0,0,10000,0,10000,10000
044633,台郡元大92購03  ,0,0,0,0,0,0,0,0,0,10000,0,0,0,10000,0,10000,10000
044105,聯詠中信95購01  ,0,0,0,0,0,0,0,0,0,10000,0,0,0,10000,0,10000,10000
044133,樺漢凱基91購06  ,0,0,0,0,0,0,0,0,0,10000,0,0,0,10000,0,10000,10000
048147,元油反元富95購01,0,0,0,0,0,0,0,0,0,10000,0,0,0,10000,0,10000,10000
044787,上銀群益93購01  ,0,0,0,0,0,0,0,0,0,10000,0,0,0,19000,9000,10000,10000
050297,欣興凱基94購08  ,0,0,0,0,0,0,0,0,0,10000,0,0,0,10000,0,10000,10000
049989,臻鼎凱基94購02  ,0,0,0,0,0,0,0,0,0,10000,0,0,0,10000,0,10000,10000
050039,鴻海中信94購03  ,0,0,0,0,0,0,0,0,0,10000,0,0,0,13000,3000,10000,10000
050034,智伸科元大94購01,0,0,0,0,0,0,0,0,0,10000,0,0,0,14000,4000,10000,10000
04590P,元石油元大97售01,0,0,0,0,0,0,0,0,0,10000,0,0,0,10000,0,10000,10000
045878,欣興元富92購02  ,0,0,0,0,0,0,0,0,0,10000,0,0,0,10000,0,10000,10000
04593P,台積電元大94售11,0,0,0,0,0,0,0,0,0,10000,0,0,0,10000,0,10000,10000
046424,正文元大92購04  ,0,0,0,0,0,0,0,0,0,10000,0,0,0,10000,0,10000,10000
046911,達方凱基93購01  ,0,0,0,0,0,0,0,0,0,10000,0,0,0,10000,0,10000,10000
046942,友達元大99購01  ,0,0,0,0,0,0,0,0,0,10000,0,0,0,10000,0,10000,10000
046867,瑞昱統一93購01  ,0,0,0,0,0,0,0,0,0,10000,0,0,0,10000,0,10000,10000
046863,康友元大93購01  ,0,0,0,0,0,0,0,0,0,10000,0,0,0,21000,11000,10000,10000
046853,友達元大93購03  ,0,0,0,0,0,0,0,0,0,10000,0,0,0,10000,0,10000,10000
047063,漢唐凱基95購01  ,0,0,0,0,0,0,0,0,0,10000,0,0,0,10000,0,10000,10000
046965,復盛中信93購01  ,0,0,0,0,0,0,0,0,0,10000,0,0,0,10000,0,10000,10000
04697P,臺股指元富94售03,0,0,0,0,0,0,0,0,0,10000,0,0,0,60000,50000,10000,10000
047009,大立光統一93購07,0,0,0,0,0,0,0,0,0,10000,0,0,0,10000,0,10000,10000
046197,日月光凱基92購04,0,0,0,0,0,0,0,0,0,10000,0,0,0,10000,0,10000,10000
046261,中環凱基93購01  ,0,0,0,0,0,0,0,0,0,10000,0,0,0,10000,0,10000,10000
046233,臻鼎元大92購08  ,0,0,0,0,0,0,0,0,0,10000,0,0,0,10000,0,10000,10000
046362,華通永豐92購02  ,0,0,0,0,0,0,0,0,0,10000,0,0,0,19000,9000,10000,10000
045821,聯詠凱基92購06  ,0,0,0,0,0,0,0,0,0,10000,0,0,0,10000,0,10000,10000
046003,欣興統一92購02  ,0,0,0,0,0,0,0,0,0,10000,0,0,0,10000,0,10000,10000
04601P,大立光凱基94售07,0,0,0,0,0,0,0,0,0,10000,0,0,0,10000,0,10000,10000
045182,瑞昱統一92購05  ,0,0,0,0,0,0,0,0,0,10000,0,0,0,10000,0,10000,10000
045175,康控國票92購01  ,0,0,0,0,0,0,0,0,0,10000,0,0,0,10000,0,10000,10000
045177,世紀鋼台新92購01,0,0,0,0,0,0,0,0,0,10000,0,0,0,10000,0,10000,10000
045380,漢唐元大93購03  ,0,0,0,0,0,0,0,0,0,10000,0,0,0,10000,0,10000,10000
04575P,新日興統一94售02,0,0,0,0,0,0,0,0,0,10000,0,0,0,35000,25000,10000,10000
045018,矽創元大93購01  ,0,0,0,0,0,0,0,0,0,10000,0,0,0,10000,0,10000,10000
044816,漢唐兆豐93購02  ,0,0,0,0,0,0,0,0,0,10000,0,0,0,10000,0,10000,10000
044873,聯詠統一91購02  ,0,0,0,0,0,0,0,0,0,10000,0,0,0,10000,0,10000,10000
044968,旺宏麥證92購02  ,0,0,0,10000,0,10000,0,0,0,10000,0,0,0,10000,0,10000,10000
04494P,台積電國票94售04,0,0,0,0,0,0,0,0,0,10000,0,0,0,10000,0,10000,10000
044959,彩晶凱基92購01  ,0,0,0,0,0,0,0,0,0,10000,0,0,0,10000,0,10000,10000
044917,奇力新永豐91購02,0,0,0,0,0,0,0,0,0,10000,0,0,0,20000,10000,10000,10000
05123P,鴻海永昌96售07  ,0,0,0,0,0,0,0,0,0,10000,0,0,0,210000,200000,10000,10000
051120,南亞科群益95購01,0,0,0,0,0,0,0,0,0,10000,0,0,0,14000,4000,10000,10000
051196,喬山麥證95購01  ,0,0,0,40000,30000,10000,0,0,0,10000,0,0,0,40000,30000,10000,10000
051197,光寶科麥證95購01,0,0,0,10000,0,10000,0,0,0,10000,0,0,0,10000,0,10000,10000
051024,南亞科統一95購01,0,0,0,0,0,0,0,0,0,10000,0,0,0,10000,0,10000,10000
047130,台達電凱基93購03,0,0,0,0,0,0,0,0,0,10000,0,0,0,10000,0,10000,10000
047117,禾伸堂元大93購02,0,0,0,0,0,0,0,0,0,10000,0,0,0,11000,1000,10000,10000
047184,漢唐元大94購02  ,0,0,0,0,0,0,0,0,0,10000,0,0,0,10000,0,10000,10000
047221,日月光麥證93購01,0,0,0,10000,0,10000,0,0,0,10000,0,0,0,10000,0,10000,10000
050994,欣興元大96購03  ,0,0,0,0,0,0,0,0,0,10000,0,0,0,20000,10000,10000,10000
050938,智原國票96購01  ,0,0,0,0,0,0,0,0,0,10000,0,0,0,14000,4000,10000,10000
050656,瑞儀凱基96購01  ,0,0,0,0,0,0,0,0,0,10000,0,0,0,10000,0,10000,10000
047348,台光電凱基94購02,0,0,0,0,0,0,0,0,0,10000,0,0,0,10000,0,10000,10000
048384,遠東新國票94購01,0,0,0,0,0,0,0,0,0,10000,0,0,0,10000,0,10000,10000
048348,矽力元大93購03  ,0,0,0,0,0,0,0,0,0,10000,0,0,0,10000,0,10000,10000
047494,華邦電元富96購01,0,0,0,0,0,0,0,0,0,10000,0,0,0,20000,10000,10000,10000
049051,滬深2X永豐94購05,0,0,0,0,0,0,0,0,0,10000,0,0,0,10000,0,10000,10000
049066,元石油凱基97購01,0,0,0,0,0,0,0,0,0,10000,0,0,0,10000,0,10000,10000
047478,旺宏凱基93購04  ,0,0,0,0,0,0,0,0,0,10000,0,0,0,10000,0,10000,10000
049725,台郡國票94購03  ,0,0,0,0,0,0,0,0,0,10000,0,0,0,10000,0,10000,10000
047648,智伸科元大93購05,0,0,0,0,0,0,0,0,0,10000,0,0,0,10000,0,10000,10000
047568,創意國票93購03  ,0,0,0,0,0,0,0,0,0,10000,0,0,0,10000,0,10000,10000
048758,美利達元富96購02,0,0,0,0,0,0,0,0,0,10000,0,0,0,13000,3000,10000,10000
048759,巨大元富96購01  ,0,0,0,0,0,0,0,0,0,10000,0,0,0,64000,54000,10000,10000
048776,正文凱基94購01  ,0,0,0,0,0,0,0,0,0,10000,0,0,0,10000,0,10000,10000
048813,元黃金凱基94購01,0,0,0,0,0,0,0,0,0,10000,0,0,0,10000,0,10000,10000
048618,超眾凱基93購08  ,0,0,0,0,0,0,0,0,0,10000,0,0,0,10000,0,10000,10000
048639,漢唐元大93購07  ,0,0,0,0,0,0,0,0,0,10000,0,0,0,10000,0,10000,10000
048832,玉晶光凱基95購02,0,0,0,0,0,0,0,0,0,10000,0,0,0,11000,1000,10000,10000
048900,精成科國泰95購01,0,0,0,0,0,0,0,0,0,10000,0,0,0,50000,40000,10000,10000
04890P,台積電元大95售05,0,0,0,0,0,0,0,0,0,10000,0,0,0,10000,0,10000,10000
048902,昇陽半國泰96購01,0,0,0,0,0,0,0,0,0,10000,0,0,0,10000,0,10000,10000
048877,茂林國票94購01  ,0,0,0,0,0,0,0,0,0,10000,0,0,0,10000,0,10000,10000
04914P,國巨國泰95售06  ,0,0,0,0,0,0,0,0,0,10000,0,0,0,10000,0,10000,10000
049639,力山凱基94購03  ,0,0,0,0,0,0,0,0,0,10000,0,0,0,10000,0,10000,10000
049285,宏碁兆豐94購01  ,0,0,0,0,0,0,0,0,0,10000,0,0,0,98000,88000,10000,10000
049264,奇鋐元大95購01  ,0,0,0,0,0,0,0,0,0,10000,0,0,0,110000,100000,10000,10000
049265,揚明光元大94購03,0,0,0,0,0,0,0,0,0,10000,0,0,0,10000,0,10000,10000
049413,台達電凱基94購06,0,0,0,0,0,0,0,0,0,10000,0,0,0,10000,0,10000,10000
049314,京鼎凱基94購01  ,0,0,0,0,0,0,0,0,0,10000,0,0,0,10000,0,10000,10000
049317,啟碁凱基94購02  ,0,0,0,0,0,0,0,0,0,10000,0,0,0,20000,10000,10000,10000
049318,樺漢凱基94購01  ,0,0,0,0,0,0,0,0,0,10000,0,0,0,22000,12000,10000,10000
048037,台表科凱基93購05,0,0,0,0,0,0,0,0,0,10000,0,0,0,10000,0,10000,10000
048040,百和凱基93購07  ,0,0,0,0,0,0,0,0,0,10000,0,0,0,10000,0,10000,10000
047991,元油反元大96購05,0,0,0,0,0,0,0,0,0,10000,0,0,0,10000,0,10000,10000
047970,鴻海富邦95購01  ,0,0,0,0,0,0,0,0,0,10000,0,0,0,10000,0,10000,10000
048558,漢唐元大93購06  ,0,0,0,0,0,0,0,0,0,10000,0,0,0,15000,5000,10000,10000
048307,道瓊指凱基93購01,0,0,0,0,0,0,0,0,0,10000,0,0,0,10000,0,10000,10000
048241,樺漢國票93購01  ,0,0,0,0,0,0,0,0,0,10000,0,0,0,10000,0,10000,10000
04736P,台積電永豐94售03,0,0,0,0,0,0,0,0,0,10000,0,0,0,10000,0,10000,10000
048168,致茂永豐93購02  ,0,0,0,0,0,0,0,0,0,10000,0,0,0,12000,2000,10000,10000
047844,台虹元大93購02  ,0,0,0,0,0,0,0,0,0,10000,0,0,0,10000,0,10000,10000
047757,達運元富93購01  ,0,0,0,0,0,0,0,0,0,10000,0,0,0,10000,0,10000,10000
049558,深中小統一94購04,0,0,0,0,0,0,0,0,0,10000,0,0,0,10000,0,10000,10000
053104,台表科元富96購02,0,0,0,0,0,0,0,0,0,10000,0,0,0,10000,0,10000,10000
052954,大成鋼日盛96購01,0,0,0,0,0,0,0,0,0,10000,0,0,0,10000,0,10000,10000
052924,旺宏永豐96購01  ,0,0,0,0,0,0,0,0,0,10000,0,0,0,10000,0,10000,10000
052844,台積電統一96購02,0,0,0,0,0,0,0,0,0,10000,0,0,0,10000,0,10000,10000
052485,深中小國票96購01,0,0,0,0,0,0,0,0,0,10000,0,0,0,10000,0,10000,10000
052491,泰碩國票99購01  ,0,0,0,0,0,0,0,0,0,10000,0,0,0,10000,0,10000,10000
052553,技嘉國票96購01  ,0,0,0,0,0,0,0,0,0,10000,0,0,0,10000,0,10000,10000
052546,友達中信98購01  ,0,0,0,0,0,0,0,0,0,10000,0,0,0,10000,0,10000,10000
052579,亞泥元富96購01  ,0,0,0,0,0,0,0,0,0,10000,0,0,0,10000,0,10000,10000
052667,漢唐群益96購01  ,0,0,0,0,0,0,0,0,0,10000,0,0,0,10000,0,10000,10000
052673,T50反1國泰97購01,0,0,0,0,0,0,0,0,0,10000,0,0,0,61000,51000,10000,10000
052786,S&P500中信96購01,0,0,0,0,0,0,0,0,0,10000,0,0,0,30000,20000,10000,10000
052782,超眾國票96購02  ,0,0,0,0,0,0,0,0,0,10000,0,0,0,10000,0,10000,10000
052779,欣興國票97購01  ,0,0,0,0,0,0,0,0,0,10000,0,0,0,10000,0,10000,10000
05273P,國巨群益95售02  ,0,0,0,0,0,0,0,0,0,10000,0,0,0,10000,0,10000,10000
052758,友達群益99購01  ,0,0,0,0,0,0,0,0,0,10000,0,0,0,40000,30000,10000,10000
052769,達興群益96購01  ,0,0,0,0,0,0,0,0,0,10000,0,0,0,30000,20000,10000,10000
05371P,臺股指中信95售10,0,0,0,0,0,0,0,0,0,10000,0,0,0,10000,0,10000,10000
053738,群創麥證96購01  ,0,0,0,10000,0,10000,0,0,0,10000,0,0,0,10000,0,10000,10000
053640,上緯控永豐96購01,0,0,0,0,0,0,0,0,0,10000,0,0,0,13000,3000,10000,10000
053492,華邦電兆豐97購01,0,0,0,0,0,0,0,0,0,10000,0,0,0,10000,0,10000,10000
053400,緯穎中信9A購01  ,0,0,0,0,0,0,0,0,0,10000,0,0,0,10000,0,10000,10000
053232,友達永豐97購02  ,0,0,0,0,0,0,0,0,0,10000,0,0,0,20000,10000,10000,10000
051603,深中小群益99購03,0,0,0,0,0,0,0,0,0,10000,0,0,0,240000,230000,10000,10000
051457,寶成元大95購01  ,0,0,0,0,0,0,0,0,0,10000,0,0,0,10000,0,10000,10000
051339,智易永豐95購02  ,0,0,0,0,0,0,0,0,0,10000,0,0,0,37000,27000,10000,10000
050718,茂林群益94購04  ,0,0,0,0,0,0,0,0,0,10000,0,0,0,10000,0,10000,10000
050820,美食凱基95購01  ,0,0,0,0,0,0,0,0,0,10000,0,0,0,10000,0,10000,10000
050466,瑞儀中信94購01  ,0,0,0,0,0,0,0,0,0,10000,0,0,0,10000,0,10000,10000
050567,道瓊銀中信96購01,0,0,0,0,0,0,0,0,0,10000,0,0,0,10000,0,10000,10000
050579,聯發科國票95購04,0,0,0,0,0,0,0,0,0,10000,0,0,0,10000,0,10000,10000
051310,台達電麥證95購01,0,0,0,41000,31000,10000,0,0,0,10000,0,0,0,41000,31000,10000,10000
050884,聯茂國泰96購01  ,0,0,0,0,0,0,0,0,0,10000,0,0,0,30000,20000,10000,10000
051789,嘉澤國票96購01  ,0,0,0,0,0,0,0,0,0,10000,0,0,0,10000,0,10000,10000
051764,欣興元大95購07  ,0,0,0,0,0,0,0,0,0,10000,0,0,0,84000,74000,10000,10000
051725,緯穎永豐95購02  ,0,0,0,0,0,0,0,0,0,10000,0,0,0,20000,10000,10000,10000
05168P,鴻海元大95售14  ,0,0,0,0,0,0,0,0,0,10000,0,0,0,178000,168000,10000,10000
051893,瀚宇博元富95購01,0,0,0,0,0,0,0,0,0,10000,0,0,0,10000,0,10000,10000
052002,滬深2X國泰96購01,0,0,0,0,0,0,0,0,0,10000,0,0,0,10000,0,10000,10000
052191,超眾群益96購01  ,0,0,0,0,0,0,0,0,0,10000,0,0,0,21000,11000,10000,10000
052186,宏達電群益95購04,0,0,0,0,0,0,0,0,0,10000,0,0,0,20000,10000,10000,10000
052095,彩晶元大97購01  ,0,0,0,0,0,0,0,0,0,10000,0,0,0,10000,0,10000,10000
052148,康友群益95購03  ,0,0,0,0,0,0,0,0,0,10000,0,0,0,10000,0,10000,10000
052257,燿華國泰96購01  ,0,0,0,0,0,0,0,0,0,10000,0,0,0,26000,16000,10000,10000
052261,台泥第一95購01  ,0,0,0,0,0,0,0,0,0,10000,0,0,0,10000,0,10000,10000
052380,臺股指元大95購21,0,0,0,0,0,0,0,0,0,10000,0,0,0,10000,0,10000,10000
2438,翔耀            ,1000,1000,0,0,0,0,0,0,0,10000,10000,0,10000,0,0,0,10000
2402,毅嘉            ,185000,167000,18000,0,0,0,0,0,0,-8000,0,8000,-8000,0,0,0,10000
2365,昆盈            ,22000,9000,13000,0,0,0,0,0,0,-3000,0,3000,-3000,0,0,0,10000
1734,杏輝            ,17000,6000,11000,0,0,0,0,0,0,-1000,0,1000,-1000,0,0,0,10000
8480,泰昇-KY         ,12000,0,12000,0,0,0,0,2000,-2000,0,0,0,0,0,0,0,10000
6277,宏正            ,11000,1000,10000,0,0,0,0,0,0,0,0,0,0,0,0,0,10000
6573,虹揚-KY         ,12000,2000,10000,0,0,0,0,0,0,0,0,0,0,0,0,0,10000
6464,台數科          ,10000,0,10000,0,0,0,0,0,0,0,0,0,0,0,0,0,10000
6024,群益期          ,11000,1000,10000,0,0,0,0,0,0,0,0,0,0,0,0,0,10000
055323,貿聯國票98購01  ,0,0,0,0,0,0,0,0,0,9000,0,0,0,9000,0,9000,9000
055230,大毅國票98購01  ,0,0,0,0,0,0,0,0,0,9000,0,0,0,10000,1000,9000,9000
054991,南亞科元富97購01,0,0,0,0,0,0,0,0,0,9000,0,0,0,10000,1000,9000,9000
054758,南亞國票9A購01  ,0,0,0,0,0,0,0,0,0,9000,0,0,0,9000,0,9000,9000
054138,晶技元大98購02  ,0,0,0,0,0,0,0,0,0,9000,0,0,0,10000,1000,9000,9000
05427P,聯發科凱基96售07,0,0,0,0,0,0,0,0,0,9000,0,0,0,10000,1000,9000,9000
054329,華新科永豐96購02,0,0,0,0,0,0,0,0,0,9000,0,0,0,63000,54000,9000,9000
054320,國喬台新96購01  ,0,0,0,0,0,0,0,0,0,9000,0,0,0,10000,1000,9000,9000
054420,緯穎元大96購08  ,0,0,0,0,0,0,0,0,0,9000,0,0,0,107000,98000,9000,9000
054408,義隆國票98購01  ,0,0,0,0,0,0,0,0,0,9000,0,0,0,14000,5000,9000,9000
044995,大立光國泰94購01,0,0,0,0,0,0,0,0,0,9000,0,0,0,34000,25000,9000,9000
049986,嘉澤凱基94購02  ,0,0,0,0,0,0,0,0,0,9000,0,0,0,102000,93000,9000,9000
044120,世紀鋼兆豐92購01,0,0,0,0,0,0,0,0,0,9000,0,0,0,9000,0,9000,9000
046621,智伸科凱基93購02,0,0,0,0,0,0,0,0,0,9000,0,0,0,9000,0,9000,9000
045674,友達元大92購03  ,0,0,0,0,0,0,0,0,0,9000,0,0,0,10000,1000,9000,9000
04247P,宏達電永豐93售02,0,0,0,0,0,0,0,0,0,9000,0,0,0,9000,0,9000,9000
044247,道瓊反元富97購01,0,0,0,0,0,0,0,0,0,9000,0,0,0,10000,1000,9000,9000
050226,華新科中信94購01,0,0,0,0,0,0,0,0,0,9000,0,0,0,9000,0,9000,9000
047404,香港2X統一94購01,0,0,0,0,0,0,0,0,0,9000,0,0,0,10000,1000,9000,9000
048589,國巨兆豐96購01  ,0,0,0,0,0,0,0,0,0,9000,0,0,0,10000,1000,9000,9000
049434,茂林國票95購01  ,0,0,0,0,0,0,0,0,0,9000,0,0,0,389000,380000,9000,9000
049462,康友元富94購01  ,0,0,0,0,0,0,0,0,0,9000,0,0,0,10000,1000,9000,9000
049200,元黃金群益98購01,0,0,0,0,0,0,0,0,0,9000,0,0,0,9000,0,9000,9000
049788,智伸科兆豐95購01,0,0,0,0,0,0,0,0,0,9000,0,0,0,9000,0,9000,9000
049957,智邦統一94購01  ,0,0,0,0,0,0,0,0,0,9000,0,0,0,9000,0,9000,9000
048370,可成統一93購04  ,0,0,0,0,0,0,0,0,0,9000,0,0,0,69000,60000,9000,9000
047236,智伸科凱基93購05,0,0,0,0,0,0,0,0,0,9000,0,0,0,13000,4000,9000,9000
047210,漢唐富邦95購01  ,0,0,0,0,0,0,0,0,0,9000,0,0,0,9000,0,9000,9000
049886,華通永昌95購01  ,0,0,0,0,0,0,0,0,0,9000,0,0,0,9000,0,9000,9000
05104P,智邦台新95售02  ,0,0,0,0,0,0,0,0,0,9000,0,0,0,35000,26000,9000,9000
052297,旭富國票96購01  ,0,0,0,0,0,0,0,0,0,9000,0,0,0,10000,1000,9000,9000
051906,國巨元大95購09  ,0,0,0,0,0,0,0,0,0,9000,0,0,0,10000,1000,9000,9000
050621,易華電元大95購01,0,0,0,0,0,0,0,0,0,9000,0,0,0,9000,0,9000,9000
051614,元金2X凱基97購01,0,0,0,0,0,0,0,0,0,9000,0,0,0,24000,15000,9000,9000
053212,友達凱基99購04  ,0,0,0,0,0,0,0,0,0,9000,0,0,0,30000,21000,9000,9000
05330P,臺股指凱基95售14,0,0,0,0,0,0,0,0,0,9000,0,0,0,9000,0,9000,9000
053280,群創元大9C購01  ,0,0,0,0,0,0,0,0,0,9000,0,0,0,63000,54000,9000,9000
053744,台郡國票97購03  ,0,0,0,0,0,0,0,0,0,9000,0,0,0,197000,188000,9000,9000
053827,漢唐麥證9A購01  ,0,0,0,10000,1000,9000,0,0,0,9000,0,0,0,10000,1000,9000,9000
052540,華新科統一95購03,0,0,0,0,0,0,0,0,0,9000,0,0,0,10000,1000,9000,9000
6139,亞翔            ,145000,134000,11000,0,0,0,0,0,0,-2000,0,2000,-2000,0,0,0,9000
5284,jpp-KY          ,10000,1000,9000,0,0,0,0,0,0,0,0,0,0,0,0,0,9000
2351,順德            ,129000,122000,7000,0,0,0,0,0,0,2000,5000,0,5000,4000,7000,-3000,9000
2459,敦吉            ,23000,13000,10000,0,0,0,0,0,0,-1000,0,1000,-1000,0,0,0,9000
2897,王道銀行        ,37000,23000,14000,0,0,0,4000,0,4000,-9000,0,9000,-9000,0,0,0,9000
2539,櫻花建          ,10000,1000,9000,0,0,0,0,0,0,0,0,0,0,0,0,0,9000
054133,奇力新元大97購04,0,0,0,0,0,0,0,0,0,8000,0,0,0,100000,92000,8000,8000
054111,緯穎凱基97購01  ,0,0,0,0,0,0,0,0,0,8000,0,0,0,21000,13000,8000,8000
054168,貿聯凱基97購02  ,0,0,0,0,0,0,0,0,0,8000,0,0,0,8000,0,8000,8000
053939,台表科元富96購03,0,0,0,0,0,0,0,0,0,8000,0,0,0,8000,0,8000,8000
053997,健策群益97購02  ,0,0,0,0,0,0,0,0,0,8000,0,0,0,29000,21000,8000,8000
054822,祥碩元大97購01  ,0,0,0,0,0,0,0,0,0,8000,0,0,0,95000,87000,8000,8000
054893,帆宣統一99購01  ,0,0,0,0,0,0,0,0,0,8000,0,0,0,8000,0,8000,8000
055044,信錦永豐97購01  ,0,0,0,0,0,0,0,0,0,8000,0,0,0,33000,25000,8000,8000
055028,佐登國泰98購01  ,0,0,0,0,0,0,0,0,0,8000,0,0,0,11000,3000,8000,8000
055329,百和國票98購01  ,0,0,0,0,0,0,0,0,0,8000,0,0,0,8000,0,8000,8000
055376,群創元大01購01  ,0,0,0,0,0,0,0,0,0,8000,0,0,0,65000,57000,8000,8000
055394,健策統一97購01  ,0,0,0,0,0,0,0,0,0,8000,0,0,0,58000,50000,8000,8000
055474,欣興凱基97購05  ,0,0,0,0,0,0,0,0,0,8000,0,0,0,29000,21000,8000,8000
055486,國巨元大98購06  ,0,0,0,0,0,0,0,0,0,8000,0,0,0,61000,53000,8000,8000
055724,祥碩元大97購03  ,0,0,0,0,0,0,0,0,0,8000,0,0,0,51000,43000,8000,8000
055675,亞德客凱基97購02,0,0,0,0,0,0,0,0,0,8000,0,0,0,8000,0,8000,8000
055650,華新科元富98購01,0,0,0,0,0,0,0,0,0,8000,0,0,0,8000,0,8000,8000
06014P,聯發科富邦97售02,0,0,0,0,0,0,0,0,0,8000,0,0,0,12000,4000,8000,8000
05992P,華通元大96售05  ,0,0,0,0,0,0,0,0,0,8000,0,0,0,8000,0,8000,8000
05899P,臺股指凱基96售30,0,0,0,0,0,0,0,0,0,8000,0,0,0,8000,0,8000,8000
05926P,智易永豐96售02  ,0,0,0,0,0,0,0,0,0,8000,0,0,0,30000,22000,8000,8000
1203,味王            ,8000,0,8000,0,0,0,0,0,0,0,0,0,0,0,0,0,8000
044282,上銀凱基93購03  ,0,0,0,0,0,0,0,0,0,8000,0,0,0,8000,0,8000,8000
03765P,大立光元富96售01,0,0,0,0,0,0,0,0,0,8000,0,0,0,13000,5000,8000,8000
044433,華新科元大92購06,0,0,0,0,0,0,0,0,0,8000,0,0,0,20000,12000,8000,8000
03636C,元油2X元富04牛01,0,0,0,0,0,0,0,0,0,8000,0,0,0,8000,0,8000,8000
044640,力成元富91購01  ,0,0,0,0,0,0,0,0,0,8000,0,0,0,8000,0,8000,8000
043236,台灣50兆豐93購02,0,0,0,0,0,0,0,0,0,8000,0,0,0,37000,29000,8000,8000
047033,日月光中信95購01,0,0,0,0,0,0,0,0,0,8000,0,0,0,8000,0,8000,8000
046846,智伸科永豐93購01,0,0,0,0,0,0,0,0,0,8000,0,0,0,8000,0,8000,8000
046895,智伸科群益93購02,0,0,0,0,0,0,0,0,0,8000,0,0,0,25000,17000,8000,8000
045910,華通國票92購01  ,0,0,0,0,0,0,0,0,0,8000,0,0,0,8000,0,8000,8000
044881,台光電群益91購03,0,0,0,0,0,0,0,0,0,8000,0,0,0,8000,0,8000,8000
044943,旺宏群益93購03  ,0,0,0,0,0,0,0,0,0,8000,0,0,0,40000,32000,8000,8000
045203,同欣電凱基92購01,0,0,0,0,0,0,0,0,0,8000,0,0,0,18000,10000,8000,8000
051030,康友元富95購01  ,0,0,0,0,0,0,0,0,0,8000,0,0,0,13000,5000,8000,8000
051223,台化群益95購01  ,0,0,0,0,0,0,0,0,0,8000,0,0,0,10000,2000,8000,8000
051115,華通麥證96購01  ,0,0,0,10000,2000,8000,0,0,0,8000,0,0,0,10000,2000,8000,8000
051283,亞德客統一95購01,0,0,0,0,0,0,0,0,0,8000,0,0,0,50000,42000,8000,8000
049958,華新科統一94購08,0,0,0,0,0,0,0,0,0,8000,0,0,0,8000,0,8000,8000
047557,麗豐凱基94購02  ,0,0,0,0,0,0,0,0,0,8000,0,0,0,10000,2000,8000,8000
049821,中石化凱基94購02,0,0,0,0,0,0,0,0,0,8000,0,0,0,8000,0,8000,8000
049325,智邦元富94購02  ,0,0,0,0,0,0,0,0,0,8000,0,0,0,31000,23000,8000,8000
048826,宏達電凱基94購01,0,0,0,0,0,0,0,0,0,8000,0,0,0,8000,0,8000,8000
049003,智邦中信95購01  ,0,0,0,0,0,0,0,0,0,8000,0,0,0,10000,2000,8000,8000
048683,日月光富邦93購01,0,0,0,0,0,0,0,0,0,8000,0,0,0,10000,2000,8000,8000
048575,旺宏國泰94購04  ,0,0,0,0,0,0,0,0,0,8000,0,0,0,43000,35000,8000,8000
048061,鴻海統一95購03  ,0,0,0,0,0,0,0,0,0,8000,0,0,0,8000,0,8000,8000
048134,祥碩國票93購02  ,0,0,0,0,0,0,0,0,0,8000,0,0,0,8000,0,8000,8000
04808P,訊芯永豐94售02  ,0,0,0,0,0,0,0,0,0,8000,0,0,0,8000,0,8000,8000
05260P,和碩元富95售02  ,0,0,0,0,0,0,0,0,0,8000,0,0,0,11000,3000,8000,8000
052672,世紀鋼群益96購02,0,0,0,0,0,0,0,0,0,8000,0,0,0,18000,10000,8000,8000
052875,樺漢凱基96購02  ,0,0,0,0,0,0,0,0,0,8000,0,0,0,23000,15000,8000,8000
053039,聯發科凱基96購11,0,0,0,0,0,0,0,0,0,8000,0,0,0,104000,96000,8000,8000
053688,燿華元大96購05  ,0,0,0,0,0,0,0,0,0,8000,0,0,0,58000,50000,8000,8000
053236,群創永豐97購02  ,0,0,0,0,0,0,0,0,0,8000,0,0,0,19000,11000,8000,8000
051635,大立光國票96購04,0,0,0,0,0,0,0,0,0,8000,0,0,0,8000,0,8000,8000
051538,和碩國票96購01  ,0,0,0,0,0,0,0,0,0,8000,0,0,0,10000,2000,8000,8000
050758,聯發科元富9B購01,0,0,0,0,0,0,0,0,0,8000,0,0,0,8000,0,8000,8000
05206P,南茂元大95售01  ,0,0,0,0,0,0,0,0,0,8000,0,0,0,8000,0,8000,8000
052056,緯穎凱基95購04  ,0,0,0,0,0,0,0,0,0,8000,0,0,0,16000,8000,8000,8000
052031,臺股指群益95購04,0,0,0,0,0,0,0,0,0,8000,0,0,0,8000,0,8000,8000
051724,康控永豐95購03  ,0,0,0,0,0,0,0,0,0,8000,0,0,0,8000,0,8000,8000
051862,旺宏凱基95購05  ,0,0,0,0,0,0,0,0,0,8000,0,0,0,36000,28000,8000,8000
052437,聯發科富邦99購02,0,0,0,0,0,0,0,0,0,8000,0,0,0,101000,93000,8000,8000
3011,今皓            ,8000,0,8000,0,0,0,0,0,0,0,0,0,0,0,0,0,8000
2939,凱羿-KY         ,9000,1000,8000,0,0,0,0,0,0,0,0,0,0,0,0,0,8000
4572,駐龍            ,10000,2000,8000,0,0,0,0,0,0,0,0,0,0,0,0,0,8000
2397,友通            ,10000,2000,8000,0,0,0,0,0,0,0,0,0,0,0,0,0,8000
2239,英利-KY         ,10000,2000,8000,0,0,0,0,0,0,0,0,0,0,0,0,0,8000
1726,永記            ,8000,0,8000,0,0,0,0,0,0,0,0,0,0,0,0,0,8000
5533,皇鼎            ,19000,11000,8000,0,0,0,0,0,0,0,0,0,0,0,0,0,8000
6281,全國電          ,8000,0,8000,0,0,0,0,0,0,0,0,0,0,0,0,0,8000
06201P,可成元大97售01  ,0,0,0,0,0,0,0,0,0,7000,0,0,0,7000,0,7000,7000
06087P,國巨永豐97售01  ,0,0,0,0,0,0,0,0,0,7000,0,0,0,8000,1000,7000,7000
05892P,大立光中信98售03,0,0,0,0,0,0,0,0,0,7000,0,0,0,17000,10000,7000,7000
05876P,聯發科群益96售03,0,0,0,0,0,0,0,0,0,7000,0,0,0,17000,10000,7000,7000
055676,亞德客凱基97購03,0,0,0,0,0,0,0,0,0,7000,0,0,0,7000,0,7000,7000
055595,宏達電元大98購02,0,0,0,0,0,0,0,0,0,7000,0,0,0,7000,0,7000,7000
055602,康控元大97購03  ,0,0,0,0,0,0,0,0,0,7000,0,0,0,107000,100000,7000,7000
055416,欣興富邦98購01  ,0,0,0,0,0,0,0,0,0,7000,0,0,0,30000,23000,7000,7000
055172,凱美統一97購02  ,0,0,0,0,0,0,0,0,0,7000,0,0,0,8000,1000,7000,7000
054954,華新科元大97購06,0,0,0,0,0,0,0,0,0,7000,0,0,0,74000,67000,7000,7000
054787,華新科群益97購04,0,0,0,0,0,0,0,0,0,7000,0,0,0,64000,57000,7000,7000
054708,華通統一97購02  ,0,0,0,0,0,0,0,0,0,7000,0,0,0,114000,107000,7000,7000
05461P,台積電亞東97售01,0,0,0,0,0,0,0,0,0,7000,0,0,0,7000,0,7000,7000
053852,南亞科國泰98購01,0,0,0,0,0,0,0,0,0,7000,0,0,0,27000,20000,7000,7000
053890,華新科群益98購01,0,0,0,0,0,0,0,0,0,7000,0,0,0,107000,100000,7000,7000
054179,上海銀台新97購01,0,0,0,0,0,0,0,0,0,7000,0,0,0,7000,0,7000,7000
054290,奇力新元大96購05,0,0,0,0,0,0,0,0,0,7000,0,0,0,42000,35000,7000,7000
054206,鴻海國票99購01  ,0,0,0,0,0,0,0,0,0,7000,0,0,0,7000,0,7000,7000
046118,高鐵元大92購01  ,0,0,0,0,0,0,0,0,0,7000,0,0,0,34000,27000,7000,7000
046389,百和凱基93購04  ,0,0,0,0,0,0,0,0,0,7000,0,0,0,7000,0,7000,7000
047038,亞光群益93購01  ,0,0,0,0,0,0,0,0,0,7000,0,0,0,230000,223000,7000,7000
042765,健鼎元大91購01  ,0,0,0,0,0,0,0,0,0,7000,0,0,0,7000,0,7000,7000
043513,台灣50元大96購05,0,0,0,0,0,0,0,0,0,7000,0,0,0,7000,0,7000,7000
045669,華通元大93購02  ,0,0,0,0,0,0,0,0,0,7000,0,0,0,21000,14000,7000,7000
046668,嘉澤元大93購01  ,0,0,0,0,0,0,0,0,0,7000,0,0,0,13000,6000,7000,7000
046645,技嘉國泰94購01  ,0,0,0,0,0,0,0,0,0,7000,0,0,0,11000,4000,7000,7000
046569,同欣電元富92購02,0,0,0,0,0,0,0,0,0,7000,0,0,0,178000,171000,7000,7000
047927,宏達電凱基93購03,0,0,0,0,0,0,0,0,0,7000,0,0,0,7000,0,7000,7000
04743P,台積電元富94售07,0,0,0,0,0,0,0,0,0,7000,0,0,0,7000,0,7000,7000
048652,巨大元大96購01  ,0,0,0,0,0,0,0,0,0,7000,0,0,0,32000,25000,7000,7000
048616,智伸科凱基93購07,0,0,0,0,0,0,0,0,0,7000,0,0,0,27000,20000,7000,7000
049460,宏達電元富94購01,0,0,0,0,0,0,0,0,0,7000,0,0,0,12000,5000,7000,7000
048494,瑞昱元大93購13  ,0,0,0,0,0,0,0,0,0,7000,0,0,0,7000,0,7000,7000
049704,羅麗芬元大95購01,0,0,0,0,0,0,0,0,0,7000,0,0,0,7000,0,7000,7000
04835P,鴻海元大94售18  ,0,0,0,0,0,0,0,0,0,7000,0,0,0,27000,20000,7000,7000
048340,聯發科元大93購25,0,0,0,0,0,0,0,0,0,7000,0,0,0,120000,113000,7000,7000
05122P,鴻海永昌96售06  ,0,0,0,0,0,0,0,0,0,7000,0,0,0,111000,104000,7000,7000
052229,奇力新凱基96購01,0,0,0,0,0,0,0,0,0,7000,0,0,0,78000,71000,7000,7000
05054P,臻鼎群益95售02  ,0,0,0,0,0,0,0,0,0,7000,0,0,0,7000,0,7000,7000
05166P,中磊元富95售03  ,0,0,0,0,0,0,0,0,0,7000,0,0,0,7000,0,7000,7000
053443,智邦凱基97購01  ,0,0,0,0,0,0,0,0,0,7000,0,0,0,12000,5000,7000,7000
053720,宏達電凱基97購01,0,0,0,0,0,0,0,0,0,7000,0,0,0,7000,0,7000,7000
053779,台光電元大96購02,0,0,0,0,0,0,0,0,0,7000,0,0,0,15000,8000,7000,7000
052943,奇力新國票96購02,0,0,0,0,0,0,0,0,0,7000,0,0,0,102000,95000,7000,7000
052582,喬山台新96購01  ,0,0,0,0,0,0,0,0,0,7000,0,0,0,20000,13000,7000,7000
9906,欣巴巴          ,8000,1000,7000,0,0,0,0,0,0,0,0,0,0,0,0,0,7000
1521,大億            ,8000,0,8000,0,0,0,0,0,0,-1000,0,1000,-1000,0,0,0,7000
1526,日馳            ,10000,2000,8000,0,0,0,0,0,0,-1000,0,1000,-1000,0,0,0,7000
2002A,中鋼特          ,0,0,0,0,0,0,0,0,0,7000,7000,0,7000,0,0,0,7000
1903,士紙            ,7000,0,7000,0,0,0,0,0,0,0,0,0,0,0,0,0,7000
4764,雙鍵            ,7000,0,7000,0,0,0,0,0,0,0,0,0,0,0,0,0,7000
3257,虹冠電          ,14000,6000,8000,0,0,0,0,0,0,-1000,0,1000,-1000,0,0,0,7000
2882B,國泰金乙特      ,0,0,0,0,0,0,0,0,0,7000,7000,0,7000,0,0,0,7000
054399,智易永豐96購03  ,0,0,0,0,0,0,0,0,0,6000,0,0,0,10000,4000,6000,6000
054437,欣興台新97購02  ,0,0,0,0,0,0,0,0,0,6000,0,0,0,7000,1000,6000,6000
054481,鎧勝中信96購01  ,0,0,0,0,0,0,0,0,0,6000,0,0,0,6000,0,6000,6000
054175,高鐵台新97購01  ,0,0,0,0,0,0,0,0,0,6000,0,0,0,6000,0,6000,6000
054122,康友永豐96購01  ,0,0,0,0,0,0,0,0,0,6000,0,0,0,75000,69000,6000,6000
054035,聯詠麥證96購01  ,0,0,0,6000,0,6000,0,0,0,6000,0,0,0,6000,0,6000,6000
05410P,聯發科元富95售04,0,0,0,0,0,0,0,0,0,6000,0,0,0,6000,0,6000,6000
054542,台表科國票98購01,0,0,0,0,0,0,0,0,0,6000,0,0,0,6000,0,6000,6000
054783,國巨群益98購04  ,0,0,0,0,0,0,0,0,0,6000,0,0,0,6000,0,6000,6000
055025,華新科國泰98購02,0,0,0,0,0,0,0,0,0,6000,0,0,0,28000,22000,6000,6000
055192,世芯元富97購01  ,0,0,0,0,0,0,0,0,0,6000,0,0,0,154000,148000,6000,6000
055632,群創永豐98購01  ,0,0,0,0,0,0,0,0,0,6000,0,0,0,25000,19000,6000,6000
05950P,台積電國票97售04,0,0,0,0,0,0,0,0,0,6000,0,0,0,6000,0,6000,6000
05789P,臺股指永昌96售06,0,0,0,0,0,0,0,0,0,6000,0,0,0,6000,0,6000,6000
06057P,大立光凱基98售01,0,0,0,0,0,0,0,0,0,6000,0,0,0,28000,22000,6000,6000
1325,恆大            ,6000,0,6000,0,0,0,0,0,0,0,0,0,0,0,0,0,6000
043144,台肥統一93購01  ,0,0,0,0,0,0,0,0,0,6000,0,0,0,6000,0,6000,6000
03257P,聯電永豐02售01  ,0,0,0,0,0,0,0,0,0,6000,0,0,0,6000,0,6000,6000
03298P,台積電統一03售15,0,0,0,0,0,0,0,0,0,6000,0,0,0,6000,0,6000,6000
00766L,台新MSCI中國正2 ,0,0,0,0,0,0,0,0,0,6000,0,22000,-22000,116000,88000,28000,6000
00770,國泰北美科技    ,0,0,0,0,0,0,0,0,0,6000,0,0,0,9000,3000,6000,6000
00640L,富邦日本正2     ,0,0,0,0,0,0,0,0,0,6000,0,0,0,315000,309000,6000,6000
044430,上銀元大92購03  ,0,0,0,0,0,0,0,0,0,6000,0,0,0,7000,1000,6000,6000
03858P,可成元富93售04  ,0,0,0,0,0,0,0,0,0,6000,0,0,0,6000,0,6000,6000
041421,滬深2X凱基93購01,0,0,0,0,0,0,0,0,0,6000,0,0,0,6000,0,6000,6000
050024,旺宏元大94購09  ,0,0,0,0,0,0,0,0,0,6000,0,0,0,8000,2000,6000,6000
050284,台泥凱基94購01  ,0,0,0,0,0,0,0,0,0,6000,0,0,0,6000,0,6000,6000
050197,矽格元大94購04  ,0,0,0,0,0,0,0,0,0,6000,0,0,0,169000,163000,6000,6000
045311,GIS元大94購01   ,0,0,0,0,0,0,0,0,0,6000,0,0,0,6000,0,6000,6000
044941,鴻海群益93購01  ,0,0,0,0,0,0,0,0,0,6000,0,0,0,22000,16000,6000,6000
051173,元油2X凱基98購01,0,0,0,0,0,0,0,0,0,6000,0,0,0,16000,10000,6000,6000
051075,智邦國泰97購01  ,0,0,0,0,0,0,0,0,0,6000,0,0,0,10000,4000,6000,6000
049888,智邦國泰96購01  ,0,0,0,0,0,0,0,0,0,6000,0,0,0,90000,84000,6000,6000
050946,瑞昱群益95購01  ,0,0,0,0,0,0,0,0,0,6000,0,0,0,20000,14000,6000,6000
05090P,國巨元大95售05  ,0,0,0,0,0,0,0,0,0,6000,0,0,0,40000,34000,6000,6000
048353,嘉聯益台新93購02,0,0,0,0,0,0,0,0,0,6000,0,0,0,6000,0,6000,6000
049796,國巨元大94購10  ,0,0,0,0,0,0,0,0,0,6000,0,0,0,6000,0,6000,6000
049622,聯詠群益94購02  ,0,0,0,0,0,0,0,0,0,6000,0,0,0,20000,14000,6000,6000
048291,台積電群益93購09,0,0,0,0,0,0,0,0,0,6000,0,0,0,103000,97000,6000,6000
048294,智原群益93購02  ,0,0,0,0,0,0,0,0,0,6000,0,0,0,6000,0,6000,6000
050204,華新科群益94購05,0,0,0,0,0,0,0,0,0,6000,0,0,0,69000,63000,6000,6000
048193,旺宏元大94購05  ,0,0,0,0,0,0,0,0,0,6000,0,0,0,93000,87000,6000,6000
048920,川湖永豐94購01  ,0,0,0,0,0,0,0,0,0,6000,0,0,0,6000,0,6000,6000
04781P,欣興凱基94售06  ,0,0,0,0,0,0,0,0,0,6000,0,0,0,7000,1000,6000,6000
052616,鴻海國泰98購02  ,0,0,0,0,0,0,0,0,0,6000,0,0,0,9000,3000,6000,6000
052633,國巨凱基96購05  ,0,0,0,0,0,0,0,0,0,6000,0,0,0,45000,39000,6000,6000
05269P,臻鼎元大95售05  ,0,0,0,0,0,0,0,0,0,6000,0,0,0,6000,0,6000,6000
052806,玉晶光元大98購04,0,0,0,0,0,0,0,0,0,6000,0,0,0,52000,46000,6000,6000
053064,國巨群益96購04  ,0,0,0,0,0,0,0,0,0,6000,0,0,0,44000,38000,6000,6000
05314P,臺股指群益95售13,0,0,0,0,0,0,0,0,0,6000,0,0,0,10000,4000,6000,6000
051482,玉晶光凱基96購01,0,0,0,0,0,0,0,0,0,6000,0,0,0,30000,24000,6000,6000
051485,玉晶光凱基97購02,0,0,0,0,0,0,0,0,0,6000,0,0,0,20000,14000,6000,6000
051487,健策凱基96購03  ,0,0,0,0,0,0,0,0,0,6000,0,0,0,34000,28000,6000,6000
050566,高股息中信97購02,0,0,0,0,0,0,0,0,0,6000,0,0,0,6000,0,6000,6000
050836,緯穎凱基95購01  ,0,0,0,0,0,0,0,0,0,6000,0,0,0,32000,26000,6000,6000
052232,貿聯凱基96購02  ,0,0,0,0,0,0,0,0,0,6000,0,0,0,6000,0,6000,6000
052255,T50反1國泰96購01,0,0,0,0,0,0,0,0,0,6000,0,0,0,6000,0,6000,6000
052142,滬深2X群益99購04,0,0,0,0,0,0,0,0,0,6000,0,0,0,35000,29000,6000,6000
05212P,台積電國票96售04,0,0,0,0,0,0,0,0,0,6000,0,0,0,10000,4000,6000,6000
051828,微星元大95購03  ,0,0,0,0,0,0,0,0,0,6000,0,0,0,31000,25000,6000,6000
3346,麗清            ,8000,2000,6000,0,0,0,0,0,0,0,0,0,0,0,0,0,6000
4571,鈞興-KY         ,6000,0,6000,0,0,0,0,0,0,0,0,0,0,0,0,0,6000
4532,瑞智            ,14000,3000,11000,0,0,0,0,0,0,-5000,0,5000,-5000,0,0,0,6000
2114,鑫永銓          ,7000,1000,6000,0,0,0,0,0,0,0,0,0,0,0,0,0,6000
9930,中聯資源        ,7000,1000,6000,0,0,0,0,0,0,0,0,0,0,0,0,0,6000
9927,泰銘            ,19000,11000,8000,0,0,0,0,0,0,-2000,0,2000,-2000,0,0,0,6000
6581,鋼聯            ,10000,4000,6000,0,0,0,0,0,0,0,0,0,0,0,0,0,6000
6491,晶碩            ,17000,11000,6000,0,0,0,0,0,0,0,0,0,0,0,0,0,6000
2912,統一超          ,729114,731000,-1886,0,0,0,16000,0,16000,-9000,0,10000,-10000,1000,0,1000,5114
08211P,台表科元富9B售03,0,0,0,0,0,0,0,0,0,5000,0,0,0,5000,0,5000,5000
1341,富林-KY         ,5000,0,5000,0,0,0,0,0,0,0,0,0,0,0,0,0,5000
06243P,亞光元富97售01  ,0,0,0,0,0,0,0,0,0,5000,0,0,0,5000,0,5000,5000
06178P,大立光第一99售01,0,0,0,0,0,0,0,0,0,5000,0,0,0,21000,16000,5000,5000
05787P,臺股指永昌96售04,0,0,0,0,0,0,0,0,0,5000,0,0,0,55000,50000,5000,5000
05788P,臺股指永昌96售05,0,0,0,0,0,0,0,0,0,5000,0,0,0,67000,62000,5000,5000
05798P,臺股指群益96售12,0,0,0,0,0,0,0,0,0,5000,0,0,0,5000,0,5000,5000
05768P,台積電凱基96售15,0,0,0,0,0,0,0,0,0,5000,0,0,0,5000,0,5000,5000
05815P,台積電凱基97售06,0,0,0,0,0,0,0,0,0,5000,0,0,0,5000,0,5000,5000
05819P,臺股指凱基96售16,0,0,0,0,0,0,0,0,0,5000,0,0,0,5000,0,5000,5000
05964P,華通凱基96售06  ,0,0,0,0,0,0,0,0,0,5000,0,0,0,5000,0,5000,5000
06035P,同欣電凱基96售03,0,0,0,0,0,0,0,0,0,5000,0,0,0,10000,5000,5000,5000
055614,華新科國票97購02,0,0,0,0,0,0,0,0,0,5000,0,0,0,21000,16000,5000,5000
05601P,鴻海元大97售04  ,0,0,0,0,0,0,0,0,0,5000,0,0,0,81000,76000,5000,5000
05585P,臺股指凱基96售14,0,0,0,0,0,0,0,0,0,5000,0,0,0,5000,0,5000,5000
05652P,臻鼎群益96售01  ,0,0,0,0,0,0,0,0,0,5000,0,0,0,5000,0,5000,5000
055261,帆宣統一98購01  ,0,0,0,0,0,0,0,0,0,5000,0,0,0,23000,18000,5000,5000
05489P,臺股指凱基95售22,0,0,0,0,0,0,0,0,0,5000,0,0,0,5000,0,5000,5000
054747,麗豐凱基98購01  ,0,0,0,0,0,0,0,0,0,5000,0,0,0,10000,5000,5000,5000
054594,國巨麥證97購01  ,0,0,0,5000,0,5000,0,0,0,5000,0,0,0,5000,0,5000,5000
054678,麗豐台新98購02  ,0,0,0,0,0,0,0,0,0,5000,0,0,0,5000,0,5000,5000
054090,瑞昱群益97購01  ,0,0,0,0,0,0,0,0,0,5000,0,0,0,22000,17000,5000,5000
05401P,聯茂永豐95售03  ,0,0,0,0,0,0,0,0,0,5000,0,0,0,5000,0,5000,5000
054170,泰鼎凱基98購01  ,0,0,0,0,0,0,0,0,0,5000,0,0,0,36000,31000,5000,5000
054143,茂林元大96購04  ,0,0,0,0,0,0,0,0,0,5000,0,0,0,64000,59000,5000,5000
053914,國巨國票96購08  ,0,0,0,0,0,0,0,0,0,5000,0,0,0,35000,30000,5000,5000
05387P,鴻海元大95售21  ,0,0,0,0,0,0,0,0,0,5000,0,0,0,105000,100000,5000,5000
054512,元油反元大99購03,0,0,0,0,0,0,0,0,0,5000,0,0,0,5000,0,5000,5000
045015,玉晶光元大94購01,0,0,0,0,0,0,0,0,0,5000,0,0,0,30000,25000,5000,5000
04532P,臺股指凱基94售04,0,0,0,0,0,0,0,0,0,5000,0,0,0,5000,0,5000,5000
045390,新唐元大92購01  ,0,0,0,0,0,0,0,0,0,5000,0,0,0,5000,0,5000,5000
045252,國巨凱基93購03  ,0,0,0,0,0,0,0,0,0,5000,0,0,0,5000,0,5000,5000
045300,建準元大92購01  ,0,0,0,0,0,0,0,0,0,5000,0,0,0,5000,0,5000,5000
045309,訊芯元大92購01  ,0,0,0,0,0,0,0,0,0,5000,0,0,0,5000,0,5000,5000
045275,台光電統一92購03,0,0,0,0,0,0,0,0,0,5000,0,0,0,5000,0,5000,5000
046335,矽創元大92購04  ,0,0,0,0,0,0,0,0,0,5000,0,0,0,5000,0,5000,5000
046234,彩晶元大92購01  ,0,0,0,0,0,0,0,0,0,5000,0,0,0,10000,5000,5000,5000
046238,嘉澤第一92購01  ,0,0,0,0,0,0,0,0,0,5000,0,0,0,10000,5000,5000,5000
04628P,欣興元大95售01  ,0,0,0,0,0,0,0,0,0,5000,0,0,0,6000,1000,5000,5000
046210,TPK元富92購01   ,0,0,0,0,0,0,0,0,0,5000,0,0,0,5000,0,5000,5000
046122,晶技元大92購01  ,0,0,0,0,0,0,0,0,0,5000,0,0,0,5000,0,5000,5000
045832,建準群益92購01  ,0,0,0,0,0,0,0,0,0,5000,0,0,0,5000,0,5000,5000
046719,元石油元大95購02,0,0,0,0,0,0,0,0,0,5000,0,0,0,5000,0,5000,5000
050046,矽力兆豐94購01  ,0,0,0,0,0,0,0,0,0,5000,0,0,0,5000,0,5000,5000
050392,群創統一96購01  ,0,0,0,0,0,0,0,0,0,5000,0,0,0,15000,10000,5000,5000
047041,貿聯群益93購02  ,0,0,0,0,0,0,0,0,0,5000,0,0,0,30000,25000,5000,5000
04707P,喬山元大94售01  ,0,0,0,0,0,0,0,0,0,5000,0,0,0,15000,10000,5000,5000
046482,超眾元富92購03  ,0,0,0,0,0,0,0,0,0,5000,0,0,0,35000,30000,5000,5000
044399,南亞科凱基91購10,0,0,0,0,0,0,0,0,0,5000,0,0,0,15000,10000,5000,5000
04429P,和鑫元大94售01  ,0,0,0,0,0,0,0,0,0,5000,0,0,0,5000,0,5000,5000
044356,創意元大92購04  ,0,0,0,0,0,0,0,0,0,5000,0,0,0,5000,0,5000,5000
043879,貿聯元大92購01  ,0,0,0,0,0,0,0,0,0,5000,0,0,0,5000,0,5000,5000
00736,國泰新興市場    ,0,0,0,0,0,0,0,0,0,5000,0,0,0,107000,102000,5000,5000
03419P,玉晶光群益03售04,0,0,0,0,0,0,0,0,0,5000,0,0,0,5000,0,5000,5000
04020P,南茂永豐93售02  ,0,0,0,0,0,0,0,0,0,5000,0,0,0,5000,0,5000,5000
042941,永冠國票93購01  ,0,0,0,0,0,0,0,0,0,5000,0,0,0,5000,0,5000,5000
042943,金寶國票92購01  ,0,0,0,0,0,0,0,0,0,5000,0,0,0,5000,0,5000,5000
044696,旺宏元大91購04  ,0,0,0,0,0,0,0,0,0,5000,0,0,0,5000,0,5000,5000
044184,南亞科國泰93購01,0,0,0,0,0,0,0,0,0,5000,0,0,0,5000,0,5000,5000
044173,矽創元大92購02  ,0,0,0,0,0,0,0,0,0,5000,0,0,0,5000,0,5000,5000
044174,農林統一91購01  ,0,0,0,0,0,0,0,0,0,5000,0,0,0,5000,0,5000,5000
044156,華新科永豐91購02,0,0,0,0,0,0,0,0,0,5000,0,0,0,5000,0,5000,5000
043940,京元電兆豐92購01,0,0,0,0,0,0,0,0,0,5000,0,0,0,5000,0,5000,5000
044534,南亞科麥證92購01,0,0,0,12000,4000,8000,0,0,0,5000,0,0,0,12000,7000,5000,5000
045603,傳奇國票92購01  ,0,0,0,0,0,0,0,0,0,5000,0,0,0,5000,0,5000,5000
045619,強茂永豐92購01  ,0,0,0,0,0,0,0,0,0,5000,0,0,0,5000,0,5000,5000
046608,超眾兆豐93購02  ,0,0,0,0,0,0,0,0,0,5000,0,0,0,5000,0,5000,5000
046601,奇力新群益93購01,0,0,0,0,0,0,0,0,0,5000,0,0,0,5000,0,5000,5000
043376,美律元大92購03  ,0,0,0,0,0,0,0,0,0,5000,0,0,0,5000,0,5000,5000
04335P,大成鋼元大93售01,0,0,0,0,0,0,0,0,0,5000,0,0,0,5000,0,5000,5000
045576,智邦元大92購07  ,0,0,0,0,0,0,0,0,0,5000,0,0,0,5000,0,5000,5000
047903,滬深2X元大96購01,0,0,0,0,0,0,0,0,0,5000,0,0,0,5000,0,5000,5000
047885,元金2X富邦99購01,0,0,0,0,0,0,0,0,0,5000,0,0,0,30000,25000,5000,5000
048206,臺股指元大93購40,0,0,0,0,0,0,0,0,0,5000,0,0,0,5000,0,5000,5000
047405,香港2X統一96購01,0,0,0,0,0,0,0,0,0,5000,0,0,0,5000,0,5000,5000
047941,義隆國票94購02  ,0,0,0,0,0,0,0,0,0,5000,0,0,0,18000,13000,5000,5000
048045,上銀永豐93購02  ,0,0,0,0,0,0,0,0,0,5000,0,0,0,5000,0,5000,5000
049157,矽創元大95購01  ,0,0,0,0,0,0,0,0,0,5000,0,0,0,30000,25000,5000,5000
049260,華新科元大96購01,0,0,0,0,0,0,0,0,0,5000,0,0,0,5000,0,5000,5000
049256,瑞昱元大94購04  ,0,0,0,0,0,0,0,0,0,5000,0,0,0,10000,5000,5000,5000
049257,南亞科元大94購03,0,0,0,0,0,0,0,0,0,5000,0,0,0,5000,0,5000,5000
048607,上銀凱基93購11  ,0,0,0,0,0,0,0,0,0,5000,0,0,0,5000,0,5000,5000
048810,玉晶光第一94購01,0,0,0,0,0,0,0,0,0,5000,0,0,0,5000,0,5000,5000
048724,台達電日盛94購01,0,0,0,0,0,0,0,0,0,5000,0,0,0,5000,0,5000,5000
048998,玉晶光國票95購03,0,0,0,0,0,0,0,0,0,5000,0,0,0,26000,21000,5000,5000
04901P,臺股指麥證94售02,0,0,0,5000,0,5000,0,0,0,5000,0,0,0,5000,0,5000,5000
04760P,旺宏凱基94售02  ,0,0,0,0,0,0,0,0,0,5000,0,0,0,80000,75000,5000,5000
050374,上緯控元大95購01,0,0,0,0,0,0,0,0,0,5000,0,0,0,5000,0,5000,5000
048515,貿聯凱基93購03  ,0,0,0,0,0,0,0,0,0,5000,0,0,0,5000,0,5000,5000
05038P,牧德元大95售03  ,0,0,0,0,0,0,0,0,0,5000,0,0,0,5000,0,5000,5000
04972P,緯穎元富94售03  ,0,0,0,0,0,0,0,0,0,5000,0,0,0,5000,0,5000,5000
050995,貿聯元大95購02  ,0,0,0,0,0,0,0,0,0,5000,0,0,0,25000,20000,5000,5000
050944,智邦群益95購01  ,0,0,0,0,0,0,0,0,0,5000,0,0,0,5000,0,5000,5000
047302,為升富邦97購01  ,0,0,0,0,0,0,0,0,0,5000,0,0,0,25000,20000,5000,5000
050445,鴻海元大94購21  ,0,0,0,0,0,0,0,0,0,5000,0,0,0,58000,53000,5000,5000
049878,宏達電永豐94購01,0,0,0,0,0,0,0,0,0,5000,0,0,0,5000,0,5000,5000
051190,可成兆豐95購03  ,0,0,0,0,0,0,0,0,0,5000,0,0,0,5000,0,5000,5000
050666,道瓊銀永豐94購01,0,0,0,0,0,0,0,0,0,5000,0,0,0,10000,5000,5000,5000
051817,元金2X統一95購01,0,0,0,0,0,0,0,0,0,5000,0,0,0,10000,5000,5000,5000
051717,祥碩康和95購01  ,0,0,0,0,0,0,0,0,0,5000,0,0,0,9000,4000,5000,5000
051781,緯穎群益96購01  ,0,0,0,0,0,0,0,0,0,5000,0,0,0,26000,21000,5000,5000
051997,康友元大95購02  ,0,0,0,0,0,0,0,0,0,5000,0,0,0,128000,123000,5000,5000
052084,台泥元大95購01  ,0,0,0,0,0,0,0,0,0,5000,0,0,0,54000,49000,5000,5000
052220,T50反1凱基98購01,0,0,0,0,0,0,0,0,0,5000,0,0,0,5000,0,5000,5000
052178,台郡元大96購03  ,0,0,0,0,0,0,0,0,0,5000,0,0,0,50000,45000,5000,5000
052274,大立光群益95購03,0,0,0,0,0,0,0,0,0,5000,0,0,0,5000,0,5000,5000
050858,欣興台新95購01  ,0,0,0,0,0,0,0,0,0,5000,0,0,0,5000,0,5000,5000
050812,台積電凱基95購01,0,0,0,0,0,0,0,0,0,5000,0,0,0,5000,0,5000,5000
050624,鈺齊元大94購01  ,0,0,0,0,0,0,0,0,0,5000,0,0,0,10000,5000,5000,5000
050681,南亞科元富94購01,0,0,0,0,0,0,0,0,0,5000,0,0,0,11000,6000,5000,5000
051646,華通永豐96購01  ,0,0,0,0,0,0,0,0,0,5000,0,0,0,5000,0,5000,5000
053058,台光電永昌99購01,0,0,0,0,0,0,0,0,0,5000,0,0,0,5000,0,5000,5000
052949,智易國票97購02  ,0,0,0,0,0,0,0,0,0,5000,0,0,0,5000,0,5000,5000
052802,華新科元大97購02,0,0,0,0,0,0,0,0,0,5000,0,0,0,5000,0,5000,5000
052726,鴻海元富96購03  ,0,0,0,0,0,0,0,0,0,5000,0,0,0,155000,150000,5000,5000
052611,力成元大96購02  ,0,0,0,0,0,0,0,0,0,5000,0,0,0,15000,10000,5000,5000
053792,百和元大96購01  ,0,0,0,0,0,0,0,0,0,5000,0,0,0,5000,0,5000,5000
053643,漢唐國票97購02  ,0,0,0,0,0,0,0,0,0,5000,0,0,0,5000,0,5000,5000
053558,訊芯凱基96購02  ,0,0,0,0,0,0,0,0,0,5000,0,0,0,26000,21000,5000,5000
053521,緯穎群益96購02  ,0,0,0,0,0,0,0,0,0,5000,0,0,0,48000,43000,5000,5000
053406,國巨兆豐96購02  ,0,0,0,0,0,0,0,0,0,5000,0,0,0,20000,15000,5000,5000
3013,晟銘電          ,5000,0,5000,0,0,0,0,0,0,0,0,0,0,0,0,0,5000
2852,第一保          ,5000,0,5000,0,0,0,0,0,0,0,0,0,0,0,0,0,5000
2727,王品            ,14000,9000,5000,0,0,0,0,0,0,0,0,0,0,0,0,0,5000
2617,台航            ,33000,20000,13000,0,0,0,0,0,0,-8000,0,8000,-8000,0,0,0,5000
3416,融程電          ,5000,0,5000,0,0,0,0,0,0,0,0,0,0,0,0,0,5000
2433,互盛電          ,8000,3000,5000,0,0,0,0,0,0,0,0,0,0,0,0,0,5000
1583,程泰            ,5000,0,5000,0,0,0,0,0,0,0,0,0,0,0,0,0,5000
1525,江申            ,5000,0,5000,0,0,0,0,0,0,0,0,0,0,0,0,0,5000
6582,申豐            ,5000,0,5000,0,0,0,0,0,0,0,0,0,0,0,0,0,5000
6579,研揚            ,6000,1000,5000,0,0,0,0,0,0,0,0,0,0,0,0,0,5000
6115,鎰勝            ,5000,0,5000,0,0,0,0,0,0,0,0,0,0,0,0,0,5000
9941,裕融            ,20000,9000,11000,0,0,0,1000,20000,-19000,13000,15000,2000,13000,0,0,0,5000
9943,好樂迪          ,6000,1000,5000,0,0,0,0,0,0,0,0,0,0,0,0,0,5000
8215,明基材          ,124000,114000,10000,0,0,0,0,0,0,-5000,0,5000,-5000,0,0,0,5000
8442,威宏-KY         ,5000,0,5000,0,0,0,0,0,0,0,0,0,0,0,0,0,5000
6641,基士德-KY       ,9000,3000,6000,0,0,0,0,0,0,-1000,0,1000,-1000,0,0,0,5000
054379,光磊群益98購01  ,0,0,0,0,0,0,0,0,0,4000,0,0,0,35000,31000,4000,4000
05424P,台達電亞東96售02,0,0,0,0,0,0,0,0,0,4000,0,0,0,4000,0,4000,4000
054672,華新科國泰99購01,0,0,0,0,0,0,0,0,0,4000,0,0,0,24000,20000,4000,4000
05517P,臻鼎元大96售01  ,0,0,0,0,0,0,0,0,0,4000,0,0,0,4000,0,4000,4000
055113,大立光凱基98購06,0,0,0,0,0,0,0,0,0,4000,0,0,0,5000,1000,4000,4000
055108,智邦凱基98購01  ,0,0,0,0,0,0,0,0,0,4000,0,0,0,4000,0,4000,4000
055449,超眾統一9A購01  ,0,0,0,0,0,0,0,0,0,4000,0,0,0,50000,46000,4000,4000
06020P,燿華元富96售04  ,0,0,0,0,0,0,0,0,0,4000,0,0,0,4000,0,4000,4000
05999P,世芯元大96售01  ,0,0,0,0,0,0,0,0,0,4000,0,0,0,85000,81000,4000,4000
06141P,大立光日盛97售01,0,0,0,0,0,0,0,0,0,4000,0,0,0,4000,0,4000,4000
06203P,奇力新中信98售02,0,0,0,0,0,0,0,0,0,4000,0,0,0,20000,16000,4000,4000
06059P,泰碩元大97售02  ,0,0,0,0,0,0,0,0,0,4000,0,0,0,47000,43000,4000,4000
1101B,台泥乙特        ,0,0,0,0,0,0,0,0,0,4000,4000,0,4000,0,0,0,4000
1233,天仁            ,4000,0,4000,0,0,0,0,0,0,0,0,0,0,0,0,0,4000
042502,上銀凱基93購01  ,0,0,0,0,0,0,0,0,0,4000,0,0,0,4000,0,4000,4000
045663,元油2X元富94購01,0,0,0,0,0,0,0,0,0,4000,0,0,0,4000,0,4000,4000
046565,康控凱基92購02  ,0,0,0,0,0,0,0,0,0,4000,0,0,0,4000,0,4000,4000
046537,聯發科群益93購02,0,0,0,0,0,0,0,0,0,4000,0,0,0,5000,1000,4000,4000
044161,台郡永豐91購02  ,0,0,0,0,0,0,0,0,0,4000,0,0,0,4000,0,4000,4000
044196,光磊國票91購03  ,0,0,0,0,0,0,0,0,0,4000,0,0,0,4000,0,4000,4000
03619C,臺股指元大95牛02,0,0,0,0,0,0,0,0,0,4000,0,0,0,4000,0,4000,4000
00690,兆豐藍籌30      ,0,0,0,0,0,0,0,0,0,4000,0,0,0,158000,154000,4000,4000
04162P,南亞科統一94售02,0,0,0,0,0,0,0,0,0,4000,0,0,0,107000,103000,4000,4000
044410,宏達電麥證92購01,0,0,0,4000,0,4000,0,0,0,4000,0,0,0,4000,0,4000,4000
05001P,華通統一95售01  ,0,0,0,0,0,0,0,0,0,4000,0,0,0,4000,0,4000,4000
050114,群創元大95購01  ,0,0,0,0,0,0,0,0,0,4000,0,0,0,14000,10000,4000,4000
045820,京元電凱基92購04,0,0,0,0,0,0,0,0,0,4000,0,0,0,40000,36000,4000,4000
046123,嘉澤元大92購02  ,0,0,0,0,0,0,0,0,0,4000,0,0,0,15000,11000,4000,4000
046016,緯穎元富92購04  ,0,0,0,0,0,0,0,0,0,4000,0,0,0,34000,30000,4000,4000
045994,康控富邦94購01  ,0,0,0,0,0,0,0,0,0,4000,0,0,0,4000,0,4000,4000
046007,緯穎統一92購02  ,0,0,0,0,0,0,0,0,0,4000,0,0,0,4000,0,4000,4000
046358,義隆台新92購01  ,0,0,0,0,0,0,0,0,0,4000,0,0,0,4000,0,4000,4000
045068,台光電元大92購05,0,0,0,0,0,0,0,0,0,4000,0,0,0,5000,1000,4000,4000
046682,聯發科群益93購03,0,0,0,0,0,0,0,0,0,4000,0,0,0,88000,84000,4000,4000
051031,康友元富95購02  ,0,0,0,0,0,0,0,0,0,4000,0,0,0,115000,111000,4000,4000
047138,智伸科凱基93購04,0,0,0,0,0,0,0,0,0,4000,0,0,0,14000,10000,4000,4000
047245,聯發科群益94購03,0,0,0,0,0,0,0,0,0,4000,0,0,0,14000,10000,4000,4000
047191,同欣電元大93購02,0,0,0,0,0,0,0,0,0,4000,0,0,0,14000,10000,4000,4000
050936,國巨國票95購04  ,0,0,0,0,0,0,0,0,0,4000,0,0,0,24000,20000,4000,4000
050917,瀚宇博兆豐96購01,0,0,0,0,0,0,0,0,0,4000,0,0,0,6000,2000,4000,4000
049717,微星凱基94購01  ,0,0,0,0,0,0,0,0,0,4000,0,0,0,15000,11000,4000,4000
04748P,臺股指元大94售23,0,0,0,0,0,0,0,0,0,4000,0,0,0,19000,15000,4000,4000
048399,祥碩國票94購01  ,0,0,0,0,0,0,0,0,0,4000,0,0,0,4000,0,4000,4000
050355,瑞儀群益94購01  ,0,0,0,0,0,0,0,0,0,4000,0,0,0,14000,10000,4000,4000
047581,康控台新93購01  ,0,0,0,0,0,0,0,0,0,4000,0,0,0,4000,0,4000,4000
04958P,和大凱基94售04  ,0,0,0,0,0,0,0,0,0,4000,0,0,0,4000,0,4000,4000
048890,傳奇元富97購01  ,0,0,0,0,0,0,0,0,0,4000,0,0,0,76000,72000,4000,4000
048675,台達電國泰94購02,0,0,0,0,0,0,0,0,0,4000,0,0,0,4000,0,4000,4000
049600,緯穎元大95購02  ,0,0,0,0,0,0,0,0,0,4000,0,0,0,5000,1000,4000,4000
049629,臺股指群益94購02,0,0,0,0,0,0,0,0,0,4000,0,0,0,6000,2000,4000,4000
04965P,日月光元大94售02,0,0,0,0,0,0,0,0,0,4000,0,0,0,14000,10000,4000,4000
049377,聯詠元大94購01  ,0,0,0,0,0,0,0,0,0,4000,0,0,0,4000,0,4000,4000
047996,華邦電元大93購04,0,0,0,0,0,0,0,0,0,4000,0,0,0,4000,0,4000,4000
048555,技嘉元大93購02  ,0,0,0,0,0,0,0,0,0,4000,0,0,0,47000,43000,4000,4000
048203,矽力元大93購02  ,0,0,0,0,0,0,0,0,0,4000,0,0,0,6000,2000,4000,4000
047907,燿華元大93購05  ,0,0,0,0,0,0,0,0,0,4000,0,0,0,9000,5000,4000,4000
049530,上銀台新94購01  ,0,0,0,0,0,0,0,0,0,4000,0,0,0,4000,0,4000,4000
053238,麗豐永豐96購01  ,0,0,0,0,0,0,0,0,0,4000,0,0,0,15000,11000,4000,4000
053560,漢唐國泰98購01  ,0,0,0,0,0,0,0,0,0,4000,0,0,0,194000,190000,4000,4000
052517,滬深2X元大95購05,0,0,0,0,0,0,0,0,0,4000,0,0,0,10000,6000,4000,4000
052661,奇力新國票97購03,0,0,0,0,0,0,0,0,0,4000,0,0,0,4000,0,4000,4000
052639,康控凱基96購02  ,0,0,0,0,0,0,0,0,0,4000,0,0,0,4000,0,4000,4000
052912,日月光統一96購01,0,0,0,0,0,0,0,0,0,4000,0,0,0,4000,0,4000,4000
053021,國巨國泰97購04  ,0,0,0,0,0,0,0,0,0,4000,0,0,0,4000,0,4000,4000
053082,聯電元大98購03  ,0,0,0,0,0,0,0,0,0,4000,0,0,0,4000,0,4000,4000
051608,新日興群益96購01,0,0,0,0,0,0,0,0,0,4000,0,0,0,186000,182000,4000,4000
051558,元金2X國泰97購01,0,0,0,0,0,0,0,0,0,4000,0,0,0,74000,70000,4000,4000
051468,智邦日盛95購01  ,0,0,0,0,0,0,0,0,0,4000,0,0,0,4000,0,4000,4000
050821,國泰金凱基95購01,0,0,0,0,0,0,0,0,0,4000,0,0,0,7000,3000,4000,4000
050543,聯發科凱基95購01,0,0,0,0,0,0,0,0,0,4000,0,0,0,84000,80000,4000,4000
05226P,智邦統一95售01  ,0,0,0,0,0,0,0,0,0,4000,0,0,0,283000,279000,4000,4000
052289,為升元富95購02  ,0,0,0,0,0,0,0,0,0,4000,0,0,0,159000,155000,4000,4000
052334,大成鋼日盛95購01,0,0,0,0,0,0,0,0,0,4000,0,0,0,10000,6000,4000,4000
052384,臺股指元大95購30,0,0,0,0,0,0,0,0,0,4000,0,0,0,8000,4000,4000,4000
052195,健策元富95購01  ,0,0,0,0,0,0,0,0,0,4000,0,0,0,17000,13000,4000,4000
051954,矽力元富95購04  ,0,0,0,0,0,0,0,0,0,4000,0,0,0,50000,46000,4000,4000
051831,緯穎元大96購04  ,0,0,0,0,0,0,0,0,0,4000,0,0,0,8000,4000,4000,4000
051856,亞德客凱基95購01,0,0,0,0,0,0,0,0,0,4000,0,0,0,4000,0,4000,4000
6655,科定            ,4000,2000,2000,0,0,0,0,0,0,2000,2000,0,2000,0,0,0,4000
8070,長華*           ,22000,6000,16000,0,0,0,0,10000,-10000,-2000,0,1000,-1000,0,1000,-1000,4000
8497,格威傳媒        ,6000,1000,5000,0,0,0,0,0,0,-1000,0,1000,-1000,0,0,0,4000
9941A,裕融甲特        ,0,0,0,0,0,0,0,0,0,4000,4000,0,4000,0,0,0,4000
9925,新保            ,11000,2000,9000,0,0,0,0,0,0,-5000,0,5000,-5000,0,0,0,4000
8467,波力-KY         ,4000,0,4000,0,0,0,0,0,0,0,0,0,0,0,0,0,4000
6133,金橋            ,6000,0,6000,0,0,0,0,0,0,-2000,0,2000,-2000,0,0,0,4000
4999,鑫禾            ,5000,1000,4000,0,0,0,0,0,0,0,0,0,0,0,0,0,4000
6625,必應            ,4000,0,4000,0,0,0,0,0,0,0,0,0,0,0,0,0,4000
6183,關貿            ,5000,1000,4000,0,0,0,0,0,0,0,0,0,0,0,0,0,4000
1905,華紙            ,110000,95000,15000,0,0,0,0,0,0,-11000,0,11000,-11000,0,0,0,4000
3057,喬鼎            ,4000,0,4000,0,0,0,0,0,0,0,0,0,0,0,0,0,4000
4555,氣立            ,4000,0,4000,0,0,0,0,0,0,0,0,0,0,0,0,0,4000
4104,佳醫            ,19000,15000,4000,0,0,0,0,0,0,0,0,0,0,0,0,0,4000
2636,台驊投控        ,5000,1000,4000,0,0,0,0,0,0,0,0,0,0,0,0,0,4000
2731,雄獅            ,13000,45000,-32000,0,0,0,36000,0,36000,0,0,0,0,0,0,0,4000
2712,遠雄來          ,5000,1000,4000,0,0,0,0,0,0,0,0,0,0,0,0,0,4000
1312A,國喬特          ,0,0,0,0,0,0,0,0,0,3000,3000,0,3000,0,0,0,3000
1108,幸福            ,3000,0,3000,0,0,0,0,0,0,0,0,0,0,0,0,0,3000
08282P,南六群益9C售01  ,0,0,0,0,0,0,0,0,0,3000,0,0,0,3000,0,3000,3000
1419,新紡            ,3000,0,3000,0,0,0,0,0,0,0,0,0,0,0,0,0,3000
06110P,國巨國泰98售02  ,0,0,0,0,0,0,0,0,0,3000,0,0,0,3000,0,3000,3000
05916P,聯發科元大96售20,0,0,0,0,0,0,0,0,0,3000,0,0,0,3000,0,3000,3000
05833P,臺股指元富96售05,0,0,0,0,0,0,0,0,0,3000,0,0,0,3000,0,3000,3000
055182,京鼎統一98購01  ,0,0,0,0,0,0,0,0,0,3000,0,0,0,3000,0,3000,3000
05588P,群創兆豐97售02  ,0,0,0,0,0,0,0,0,0,3000,0,0,0,3000,0,3000,3000
055130,京鼎康和97購01  ,0,0,0,0,0,0,0,0,0,3000,0,0,0,3000,0,3000,3000
05509P,智邦元富96售02  ,0,0,0,0,0,0,0,0,0,3000,0,0,0,6000,3000,3000,3000
054295,世芯元大96購03  ,0,0,0,0,0,0,0,0,0,3000,0,0,0,134000,131000,3000,3000
054455,楠梓電群益98購02,0,0,0,0,0,0,0,0,0,3000,0,0,0,13000,10000,3000,3000
054177,牧德台新97購01  ,0,0,0,0,0,0,0,0,0,3000,0,0,0,23000,20000,3000,3000
054184,A50正2永豐96購01,0,0,0,0,0,0,0,0,0,3000,0,0,0,9000,6000,3000,3000
044877,旺宏元富91購01  ,0,0,0,0,0,0,0,0,0,3000,0,0,0,3000,0,3000,3000
045052,聯發科元富92購01,0,0,0,0,0,0,0,0,0,3000,0,0,0,80000,77000,3000,3000
045034,華新科群益92購03,0,0,0,0,0,0,0,0,0,3000,0,0,0,3000,0,3000,3000
045181,華邦電統一92購01,0,0,0,0,0,0,0,0,0,3000,0,0,0,3000,0,3000,3000
04625P,燿華元大94售03  ,0,0,0,0,0,0,0,0,0,3000,0,0,0,3000,0,3000,3000
046685,世紀鋼群益93購02,0,0,0,0,0,0,0,0,0,3000,0,0,0,13000,10000,3000,3000
050040,鴻海中信94購04  ,0,0,0,0,0,0,0,0,0,3000,0,0,0,13000,10000,3000,3000
050044,聯詠兆豐94購02  ,0,0,0,0,0,0,0,0,0,3000,0,0,0,3000,0,3000,3000
050182,淘帝元大94購01  ,0,0,0,0,0,0,0,0,0,3000,0,0,0,3000,0,3000,3000
050173,旺宏元大96購02  ,0,0,0,0,0,0,0,0,0,3000,0,0,0,74000,71000,3000,3000
050276,百和元大94購03  ,0,0,0,0,0,0,0,0,0,3000,0,0,0,4000,1000,3000,3000
046980,智邦兆豐94購01  ,0,0,0,0,0,0,0,0,0,3000,0,0,0,5000,2000,3000,3000
006203,元大MSCI台灣    ,2000,1000,1000,0,0,0,0,0,0,2000,0,0,0,2000,0,2000,3000
04006P,滬深2X國票9B售01,0,0,0,0,0,0,0,0,0,3000,0,0,0,3000,0,3000,3000
044101,聯茂國泰92購01  ,0,0,0,0,0,0,0,0,0,3000,0,0,0,3000,0,3000,3000
04452P,超眾國泰95售01  ,0,0,0,0,0,0,0,0,0,3000,0,0,0,3000,0,3000,3000
042904,金寶元大94購02  ,0,0,0,0,0,0,0,0,0,3000,0,0,0,3000,0,3000,3000
04289P,臺股指中信95售07,0,0,0,0,0,0,0,0,0,3000,0,0,0,5000,2000,3000,3000
046573,上緯控國泰94購01,0,0,0,0,0,0,0,0,0,3000,0,0,0,15000,12000,3000,3000
045691,南茂元大92購03  ,0,0,0,0,0,0,0,0,0,3000,0,0,0,3000,0,3000,3000
042480,創意元大91購02  ,0,0,0,0,0,0,0,0,0,3000,0,0,0,3000,0,3000,3000
047766,聯發科元大93購19,0,0,0,0,0,0,0,0,0,3000,0,0,0,16000,13000,3000,3000
047850,彩晶統一94購01  ,0,0,0,0,0,0,0,0,0,3000,0,0,0,3000,0,3000,3000
048966,佳世達元大95購01,0,0,0,0,0,0,0,0,0,3000,0,0,0,3000,0,3000,3000
048976,華擎元大94購01  ,0,0,0,0,0,0,0,0,0,3000,0,0,0,22000,19000,3000,3000
047366,台表科群益93購01,0,0,0,0,0,0,0,0,0,3000,0,0,0,3000,0,3000,3000
047942,華新科國票94購04,0,0,0,0,0,0,0,0,0,3000,0,0,0,5000,2000,3000,3000
049306,元油2X凱基96購01,0,0,0,0,0,0,0,0,0,3000,0,0,0,3000,0,3000,3000
049445,遠東新統一94購01,0,0,0,0,0,0,0,0,0,3000,0,0,0,3000,0,3000,3000
04872P,高股息中信94售01,0,0,0,0,0,0,0,0,0,3000,0,0,0,3000,0,3000,3000
048821,光磊凱基95購01  ,0,0,0,0,0,0,0,0,0,3000,0,0,0,13000,10000,3000,3000
04888P,臺股指凱基95售03,0,0,0,0,0,0,0,0,0,3000,0,0,0,45000,42000,3000,3000
048852,旺宏群益96購02  ,0,0,0,0,0,0,0,0,0,3000,0,0,0,17000,14000,3000,3000
047595,元石油元富97購01,0,0,0,0,0,0,0,0,0,3000,0,0,0,3000,0,3000,3000
049767,奇力新元富94購01,0,0,0,0,0,0,0,0,0,3000,0,0,0,3000,0,3000,3000
047696,聯發科國票94購02,0,0,0,0,0,0,0,0,0,3000,0,0,0,55000,52000,3000,3000
049931,矽力元大94購01  ,0,0,0,0,0,0,0,0,0,3000,0,0,0,10000,7000,3000,3000
047755,麗豐元富93購01  ,0,0,0,0,0,0,0,0,0,3000,0,0,0,13000,10000,3000,3000
051013,旺宏凱基95購03  ,0,0,0,0,0,0,0,0,0,3000,0,0,0,3000,0,3000,3000
051833,昇陽半元大96購01,0,0,0,0,0,0,0,0,0,3000,0,0,0,3000,0,3000,3000
051757,佳世達元大95購02,0,0,0,0,0,0,0,0,0,3000,0,0,0,3000,0,3000,3000
051694,A50正2中信96購03,0,0,0,0,0,0,0,0,0,3000,0,0,0,3000,0,3000,3000
051897,台光電國泰97購01,0,0,0,0,0,0,0,0,0,3000,0,0,0,3000,0,3000,3000
052320,緯創元大95購05  ,0,0,0,0,0,0,0,0,0,3000,0,0,0,38000,35000,3000,3000
050554,百和凱基95購01  ,0,0,0,0,0,0,0,0,0,3000,0,0,0,3000,0,3000,3000
051307,康舒凱基95購01  ,0,0,0,0,0,0,0,0,0,3000,0,0,0,24000,21000,3000,3000
051423,GIS國票97購01   ,0,0,0,0,0,0,0,0,0,3000,0,0,0,3000,0,3000,3000
05152P,玉晶光群益96售05,0,0,0,0,0,0,0,0,0,3000,0,0,0,18000,15000,3000,3000
053142,緯穎永豐96購01  ,0,0,0,0,0,0,0,0,0,3000,0,0,0,63000,60000,3000,3000
05304P,國巨國泰97售02  ,0,0,0,0,0,0,0,0,0,3000,0,0,0,3000,0,3000,3000
052796,和碩兆豐96購01  ,0,0,0,0,0,0,0,0,0,3000,0,0,0,3000,0,3000,3000
052468,超眾統一96購02  ,0,0,0,0,0,0,0,0,0,3000,0,0,0,55000,52000,3000,3000
052622,貿聯兆豐97購01  ,0,0,0,0,0,0,0,0,0,3000,0,0,0,7000,4000,3000,3000
053510,聯電群益97購01  ,0,0,0,0,0,0,0,0,0,3000,0,0,0,14000,11000,3000,3000
053608,彩晶第一96購01  ,0,0,0,0,0,0,0,0,0,3000,0,0,0,93000,90000,3000,3000
053780,南亞科元大96購03,0,0,0,0,0,0,0,0,0,3000,0,0,0,3000,0,3000,3000
053707,A50正2凱基99購02,0,0,0,0,0,0,0,0,0,3000,0,0,0,3000,0,3000,3000
2597,潤弘            ,9000,4000,5000,0,0,0,0,0,0,-2000,0,2000,-2000,0,0,0,3000
2514,龍邦            ,6000,3000,3000,0,0,0,0,0,0,0,0,0,0,0,0,0,3000
2850,新產            ,26000,23000,3000,0,0,0,0,0,0,0,0,0,0,0,0,0,3000
3027,盛達            ,3000,0,3000,0,0,0,0,0,0,0,0,0,0,0,0,0,3000
2936,客思達-KY       ,3000,0,3000,0,0,0,0,0,0,0,0,0,0,0,0,0,3000
3002,歐格            ,6000,1000,5000,0,0,0,0,0,0,-2000,0,2000,-2000,0,0,0,3000
3712,永崴投控        ,11000,5000,6000,0,0,0,0,0,0,-3000,0,3000,-3000,0,0,0,3000
4148,全宇生技-KY     ,7000,4000,3000,0,0,0,0,0,0,0,0,0,0,0,0,0,3000
4439,冠星-KY         ,3000,0,3000,0,0,0,0,0,0,0,0,0,0,0,0,0,3000
3058,立德            ,3000,0,3000,0,0,0,0,0,0,0,0,0,0,0,0,0,3000
3032,偉訓            ,3000,0,3000,0,0,0,0,0,0,0,0,0,0,0,0,0,3000
3040,遠見            ,3000,0,3000,0,0,0,0,0,0,0,0,0,0,0,0,0,3000
1760,寶齡富錦        ,10000,2000,8000,0,0,0,0,0,0,-5000,0,3000,-3000,0,2000,-2000,3000
1532,勤美            ,9000,2000,7000,0,0,0,0,0,0,-4000,0,4000,-4000,0,0,0,3000
1535,中宇            ,3000,0,3000,0,0,0,0,0,0,0,0,0,0,0,0,0,3000
1721,三晃            ,21000,18000,3000,0,0,0,0,0,0,0,0,0,0,0,0,0,3000
1614,三洋電          ,4000,0,4000,0,0,0,0,0,0,-1000,0,1000,-1000,0,0,0,3000
1615,大山            ,3000,0,3000,0,0,0,0,0,0,0,0,0,0,0,0,0,3000
6201,亞弘電          ,3000,0,3000,0,0,0,0,0,0,0,0,0,0,0,0,0,3000
6216,居易            ,3000,0,3000,0,0,0,0,0,0,0,0,0,0,0,0,0,3000
6442,光聖            ,4000,1000,3000,0,0,0,0,0,0,0,0,0,0,0,0,0,3000
6128,上福            ,3000,0,3000,0,0,0,0,0,0,0,0,0,0,0,0,0,3000
9918,欣天然          ,3000,0,3000,0,0,0,0,0,0,0,0,0,0,0,0,0,3000
9926,新海            ,3000,0,3000,0,0,0,0,0,0,0,0,0,0,0,0,0,3000
9931,欣高            ,3000,0,3000,0,0,0,0,0,0,0,0,0,0,0,0,0,3000
8481,政伸            ,5000,2000,3000,0,0,0,0,0,0,0,0,0,0,0,0,0,3000
8478,東哥遊艇        ,4000,1000,3000,0,0,0,0,0,0,0,0,0,0,0,0,0,3000
6671,三能-KY         ,4000,1000,3000,0,0,0,0,0,0,0,0,0,0,0,0,0,3000
053902,S&P反1凱基97購01,0,0,0,0,0,0,0,0,0,2000,0,0,0,202000,200000,2000,2000
054458,復盛群益96購01  ,0,0,0,0,0,0,0,0,0,2000,0,0,0,65000,63000,2000,2000
054500,美律永豐96購02  ,0,0,0,0,0,0,0,0,0,2000,0,0,0,2000,0,2000,2000
054474,鴻海中信96購03  ,0,0,0,0,0,0,0,0,0,2000,0,0,0,2000,0,2000,2000
054285,國巨元大98購02  ,0,0,0,0,0,0,0,0,0,2000,0,0,0,3000,1000,2000,2000
054313,麗豐凱基96購02  ,0,0,0,0,0,0,0,0,0,2000,0,0,0,2000,0,2000,2000
054240,訊芯群益96購03  ,0,0,0,0,0,0,0,0,0,2000,0,0,0,64000,62000,2000,2000
054221,華新科統一96購05,0,0,0,0,0,0,0,0,0,2000,0,0,0,32000,30000,2000,2000
055074,台虹永豐97購01  ,0,0,0,0,0,0,0,0,0,2000,0,0,0,2000,0,2000,2000
055016,群電元富97購01  ,0,0,0,0,0,0,0,0,0,2000,0,0,0,2000,0,2000,2000
05492P,聯茂元大95售02  ,0,0,0,0,0,0,0,0,0,2000,0,0,0,2000,0,2000,2000
05470P,康控元大95售05  ,0,0,0,0,0,0,0,0,0,2000,0,0,0,2000,0,2000,2000
055629,華新科永豐97購04,0,0,0,0,0,0,0,0,0,2000,0,0,0,2000,0,2000,2000
055678,上銀凱基97購02  ,0,0,0,0,0,0,0,0,0,2000,0,0,0,2000,0,2000,2000
055346,國巨凱基98購02  ,0,0,0,0,0,0,0,0,0,2000,0,0,0,314000,312000,2000,2000
05808P,臺股指國票96售01,0,0,0,0,0,0,0,0,0,2000,0,0,0,117000,115000,2000,2000
05738P,臺股指統一97售01,0,0,0,0,0,0,0,0,0,2000,0,0,0,2000,0,2000,2000
05714P,群創統一97售03  ,0,0,0,0,0,0,0,0,0,2000,0,0,0,2000,0,2000,2000
05664P,國巨凱基96售09  ,0,0,0,0,0,0,0,0,0,2000,0,0,0,72000,70000,2000,2000
05674P,瑞昱群益96售02  ,0,0,0,0,0,0,0,0,0,2000,0,0,0,33000,31000,2000,2000
05886P,華通元富96售01  ,0,0,0,0,0,0,0,0,0,2000,0,0,0,10000,8000,2000,2000
05958P,聯發科國票97售04,0,0,0,0,0,0,0,0,0,2000,0,0,0,7000,5000,2000,2000
05962P,大立光群益96售07,0,0,0,0,0,0,0,0,0,2000,0,0,0,2000,0,2000,2000
06093P,華通元富97售03  ,0,0,0,0,0,0,0,0,0,2000,0,0,0,8000,6000,2000,2000
1414,東和            ,2000,0,2000,0,0,0,0,0,0,0,0,0,0,0,0,0,2000
1454,台富            ,2000,0,2000,0,0,0,0,0,0,0,0,0,0,0,0,0,2000
1436,華友聯          ,4000,2000,2000,0,0,0,0,0,0,0,0,0,0,0,0,0,2000
1470,大統新創        ,2000,0,2000,0,0,0,0,0,0,0,0,0,0,0,0,0,2000
1307,三芳            ,3000,1000,2000,0,0,0,0,0,0,0,0,0,0,0,0,0,2000
1235,興泰            ,2000,0,2000,0,0,0,0,0,0,0,0,0,0,0,0,0,2000
042425,台郡元大91購01  ,0,0,0,0,0,0,0,0,0,2000,0,0,0,2000,0,2000,2000
043357,聯詠國票92購02  ,0,0,0,0,0,0,0,0,0,2000,0,0,0,2000,0,2000,2000
04237P,超眾群益93售02  ,0,0,0,0,0,0,0,0,0,2000,0,0,0,2000,0,2000,2000
045534,深中小群益94購01,0,0,0,0,0,0,0,0,0,2000,0,0,0,2000,0,2000,2000
045522,滬深2X永豐94購01,0,0,0,0,0,0,0,0,0,2000,0,0,0,60000,58000,2000,2000
042953,鴻海台新01購01  ,0,0,0,0,0,0,0,0,0,2000,0,0,0,2000,0,2000,2000
04320P,亞德客元大93售07,0,0,0,0,0,0,0,0,0,2000,0,0,0,2000,0,2000,2000
042023,大立光富邦92購04,0,0,0,0,0,0,0,0,0,2000,0,0,0,12000,10000,2000,2000
041727,台灣50元大93購02,0,0,0,0,0,0,0,0,0,2000,0,0,0,2000,0,2000,2000
044541,景碩群益91購01  ,0,0,0,0,0,0,0,0,0,2000,0,0,0,2000,0,2000,2000
044127,義隆凱基91購04  ,0,0,0,0,0,0,0,0,0,2000,0,0,0,2000,0,2000,2000
043983,華邦電元大92購01,0,0,0,0,0,0,0,0,0,2000,0,0,0,2000,0,2000,2000
04408P,台積電統一94售06,0,0,0,0,0,0,0,0,0,2000,0,0,0,2000,0,2000,2000
04019P,聯茂永豐93售01  ,0,0,0,0,0,0,0,0,0,2000,0,0,0,2000,0,2000,2000
03950P,聯發科中信93售03,0,0,0,0,0,0,0,0,0,2000,0,0,0,2000,0,2000,2000
03967P,聯發科國票93售04,0,0,0,0,0,0,0,0,0,2000,0,0,0,2000,0,2000,2000
03628C,臺股指元大93牛02,0,0,0,0,0,0,0,0,0,2000,0,0,0,2000,0,2000,2000
035277,景碩台新97購01  ,0,0,0,0,0,0,0,0,0,2000,0,0,0,2000,0,2000,2000
00645,富邦日本        ,0,0,0,0,0,0,0,0,0,2000,0,0,0,62000,60000,2000,2000
00683L,元大美元指數正2 ,0,0,0,0,0,0,0,0,0,2000,0,0,0,42000,40000,2000,2000
00707R,元大S&P日圓反1  ,0,0,0,0,0,0,0,0,0,2000,0,0,0,42000,40000,2000,2000
03930P,華通永豐93售02  ,0,0,0,0,0,0,0,0,0,2000,0,0,0,2000,0,2000,2000
03010X,元展10          ,0,0,0,0,0,0,0,0,0,2000,0,0,0,2000,0,2000,2000
04432P,昇陽半元大94售04,0,0,0,0,0,0,0,0,0,2000,0,0,0,2000,0,2000,2000
043898,可成群益92購02  ,0,0,0,0,0,0,0,0,0,2000,0,0,0,2000,0,2000,2000
043591,智邦元大92購02  ,0,0,0,0,0,0,0,0,0,2000,0,0,0,2000,0,2000,2000
040950,欣興群益91購01  ,0,0,0,0,0,0,0,0,0,2000,0,0,0,2000,0,2000,2000
03820P,聯詠統一93售04  ,0,0,0,0,0,0,0,0,0,2000,0,0,0,2000,0,2000,2000
03762P,旺宏元富93售03  ,0,0,0,0,0,0,0,0,0,2000,0,0,0,2000,0,2000,2000
047083,大立光永豐93購01,0,0,0,0,0,0,0,0,0,2000,0,0,0,3000,1000,2000,2000
047054,聯詠國票93購01  ,0,0,0,0,0,0,0,0,0,2000,0,0,0,2000,0,2000,2000
046466,台虹凱基92購01  ,0,0,0,0,0,0,0,0,0,2000,0,0,0,2000,0,2000,2000
046418,智原元大92購02  ,0,0,0,0,0,0,0,0,0,2000,0,0,0,2000,0,2000,2000
050035,聯茂元大94購07  ,0,0,0,0,0,0,0,0,0,2000,0,0,0,12000,10000,2000,2000
050079,元油2X統一94購06,0,0,0,0,0,0,0,0,0,2000,0,0,0,2000,0,2000,2000
050120,GIS元大95購02   ,0,0,0,0,0,0,0,0,0,2000,0,0,0,15000,13000,2000,2000
046356,智伸科群益93購01,0,0,0,0,0,0,0,0,0,2000,0,0,0,29000,27000,2000,2000
045749,智邦富邦93購01  ,0,0,0,0,0,0,0,0,0,2000,0,0,0,2000,0,2000,2000
044987,宏達電統一94購01,0,0,0,0,0,0,0,0,0,2000,0,0,0,2000,0,2000,2000
051000,台郡元大96購01  ,0,0,0,0,0,0,0,0,0,2000,0,0,0,30000,28000,2000,2000
051225,台積電群益95購02,0,0,0,0,0,0,0,0,0,2000,0,0,0,118000,116000,2000,2000
051212,國巨統一95購01  ,0,0,0,0,0,0,0,0,0,2000,0,0,0,2000,0,2000,2000
051105,台光電國票96購01,0,0,0,0,0,0,0,0,0,2000,0,0,0,32000,30000,2000,2000
050600,瑞儀國泰95購01  ,0,0,0,0,0,0,0,0,0,2000,0,0,0,2000,0,2000,2000
047343,台達電中信95購01,0,0,0,0,0,0,0,0,0,2000,0,0,0,90000,88000,2000,2000
050959,元金2X永豐95購02,0,0,0,0,0,0,0,0,0,2000,0,0,0,2000,0,2000,2000
047280,泰鼎永豐93購01  ,0,0,0,0,0,0,0,0,0,2000,0,0,0,2000,0,2000,2000
047120,啟碁元大93購02  ,0,0,0,0,0,0,0,0,0,2000,0,0,0,13000,11000,2000,2000
049715,華泰凱基94購02  ,0,0,0,0,0,0,0,0,0,2000,0,0,0,2000,0,2000,2000
047507,台塑國票93購01  ,0,0,0,0,0,0,0,0,0,2000,0,0,0,2000,0,2000,2000
049101,聯詠國泰95購01  ,0,0,0,0,0,0,0,0,0,2000,0,0,0,3000,1000,2000,2000
047695,聯發科國票93購06,0,0,0,0,0,0,0,0,0,2000,0,0,0,2000,0,2000,2000
05037P,華新科元大95售09,0,0,0,0,0,0,0,0,0,2000,0,0,0,2000,0,2000,2000
049824,鴻海凱基94購18  ,0,0,0,0,0,0,0,0,0,2000,0,0,0,6000,4000,2000,2000
047528,高鐵元大93購03  ,0,0,0,0,0,0,0,0,0,2000,0,0,0,2000,0,2000,2000
047566,華新科國票94購02,0,0,0,0,0,0,0,0,0,2000,0,0,0,2000,0,2000,2000
050364,卜蜂元大94購02  ,0,0,0,0,0,0,0,0,0,2000,0,0,0,2000,0,2000,2000
048878,康控國票95購02  ,0,0,0,0,0,0,0,0,0,2000,0,0,0,10000,8000,2000,2000
049576,元油2X元大94購06,0,0,0,0,0,0,0,0,0,2000,0,0,0,2000,0,2000,2000
048795,復盛元大94購01  ,0,0,0,0,0,0,0,0,0,2000,0,0,0,2000,0,2000,2000
048687,旺宏群益96購01  ,0,0,0,0,0,0,0,0,0,2000,0,0,0,12000,10000,2000,2000
048693,GIS群益94購02   ,0,0,0,0,0,0,0,0,0,2000,0,0,0,22000,20000,2000,2000
04860P,鴻海群益94售07  ,0,0,0,0,0,0,0,0,0,2000,0,0,0,2000,0,2000,2000
048597,台達電國票93購02,0,0,0,0,0,0,0,0,0,2000,0,0,0,2000,0,2000,2000
04862P,台積電元大94售26,0,0,0,0,0,0,0,0,0,2000,0,0,0,2000,0,2000,2000
049619,宏達電群益95購02,0,0,0,0,0,0,0,0,0,2000,0,0,0,3000,1000,2000,2000
049145,南亞科元大94購01,0,0,0,0,0,0,0,0,0,2000,0,0,0,2000,0,2000,2000
049252,國巨元大96購01  ,0,0,0,0,0,0,0,0,0,2000,0,0,0,2000,0,2000,2000
047993,鑽全元大96購01  ,0,0,0,0,0,0,0,0,0,2000,0,0,0,2000,0,2000,2000
048004,康控元大93購05  ,0,0,0,0,0,0,0,0,0,2000,0,0,0,2000,0,2000,2000
048014,貿聯國票93購03  ,0,0,0,0,0,0,0,0,0,2000,0,0,0,2000,0,2000,2000
048063,聯發科統一93購03,0,0,0,0,0,0,0,0,0,2000,0,0,0,185000,183000,2000,2000
047369,漢唐國票94購01  ,0,0,0,0,0,0,0,0,0,2000,0,0,0,2000,0,2000,2000
048327,緯穎國泰94購01  ,0,0,0,0,0,0,0,0,0,2000,0,0,0,2000,0,2000,2000
050210,華新科國票94購08,0,0,0,0,0,0,0,0,0,2000,0,0,0,2000,0,2000,2000
049522,華通兆豐94購02  ,0,0,0,0,0,0,0,0,0,2000,0,0,0,2000,0,2000,2000
053592,亞光元大96購01  ,0,0,0,0,0,0,0,0,0,2000,0,0,0,17000,15000,2000,2000
053565,台光電富邦98購01,0,0,0,0,0,0,0,0,0,2000,0,0,0,2000,0,2000,2000
053156,緯創元大96購02  ,0,0,0,0,0,0,0,0,0,2000,0,0,0,7000,5000,2000,2000
05340P,臺股指國票95售08,0,0,0,0,0,0,0,0,0,2000,0,0,0,5000,3000,2000,2000
053457,旺宏國泰98購03  ,0,0,0,0,0,0,0,0,0,2000,0,0,0,69000,67000,2000,2000
05257P,欣興凱基95售04  ,0,0,0,0,0,0,0,0,0,2000,0,0,0,2000,0,2000,2000
053037,國巨凱基96購08  ,0,0,0,0,0,0,0,0,0,2000,0,0,0,51000,49000,2000,2000
053023,泰鼎國泰97購01  ,0,0,0,0,0,0,0,0,0,2000,0,0,0,263000,261000,2000,2000
053097,超眾統一96購03  ,0,0,0,0,0,0,0,0,0,2000,0,0,0,2000,0,2000,2000
052885,高鐵兆豐98購01  ,0,0,0,0,0,0,0,0,0,2000,0,0,0,2000,0,2000,2000
05292P,台積電凱基95售16,0,0,0,0,0,0,0,0,0,2000,0,0,0,2000,0,2000,2000
051327,元油2X永豐95購02,0,0,0,0,0,0,0,0,0,2000,0,0,0,2000,0,2000,2000
050841,國巨國票96購02  ,0,0,0,0,0,0,0,0,0,2000,0,0,0,149000,147000,2000,2000
050507,聯詠凱基94購06  ,0,0,0,0,0,0,0,0,0,2000,0,0,0,2000,0,2000,2000
05081P,京鼎永豐95售01  ,0,0,0,0,0,0,0,0,0,2000,0,0,0,2000,0,2000,2000
050780,台表科元大96購01,0,0,0,0,0,0,0,0,0,2000,0,0,0,3000,1000,2000,2000
050696,台光電凱基96購01,0,0,0,0,0,0,0,0,0,2000,0,0,0,2000,0,2000,2000
052430,泰碩永豐95購02  ,0,0,0,0,0,0,0,0,0,2000,0,0,0,2000,0,2000,2000
052216,康友元大96購01  ,0,0,0,0,0,0,0,0,0,2000,0,0,0,4000,2000,2000,2000
052210,華夏元大95購01  ,0,0,0,0,0,0,0,0,0,2000,0,0,0,22000,20000,2000,2000
052254,康友永豐95購03  ,0,0,0,0,0,0,0,0,0,2000,0,0,0,37000,35000,2000,2000
052146,泰碩群益95購01  ,0,0,0,0,0,0,0,0,0,2000,0,0,0,22000,20000,2000,2000
052162,智伸科永豐95購01,0,0,0,0,0,0,0,0,0,2000,0,0,0,2000,0,2000,2000
8201,無敵            ,2000,0,2000,0,0,0,0,0,0,0,0,0,0,0,0,0,2000
8427,基勝-KY         ,2000,0,2000,0,0,0,0,0,0,0,0,0,0,0,0,0,2000
9905,大華            ,2000,0,2000,0,0,0,0,0,0,0,0,0,0,0,0,0,2000
9924,福興            ,26000,22000,4000,0,0,0,0,0,0,-2000,0,2000,-2000,0,0,0,2000
6431,光麗-KY         ,2000,0,2000,0,0,0,0,0,0,0,0,0,0,0,0,0,2000
6558,興能高          ,70000,68000,2000,0,0,0,0,0,0,0,0,0,0,0,0,0,2000
6235,華孚            ,5000,1000,4000,0,0,0,0,0,0,-2000,0,2000,-2000,0,0,0,2000
6205,詮欣            ,2000,0,2000,0,0,0,0,0,0,0,0,0,0,0,0,0,2000
1540,喬福            ,2000,0,2000,0,0,0,0,0,0,0,0,0,0,0,0,0,2000
1541,錩泰            ,3000,0,3000,0,0,0,0,0,0,-1000,0,1000,-1000,0,0,0,2000
1568,倉佑            ,2000,0,2000,0,0,0,0,0,0,0,0,0,0,0,0,0,2000
1529,樂士            ,3000,1000,2000,0,0,0,0,0,0,0,0,0,0,0,0,0,2000
2069,運錩            ,2000,0,2000,0,0,0,0,0,0,0,0,0,0,0,0,0,2000
2415,錩新            ,2000,0,2000,0,0,0,0,0,0,0,0,0,0,0,0,0,2000
2462,良得電          ,2000,0,2000,0,0,0,0,0,0,0,0,0,0,0,0,0,2000
2491,吉祥全          ,2000,0,2000,0,0,0,0,0,0,0,0,0,0,0,0,0,2000
2483,百容            ,2000,0,2000,0,0,0,0,0,0,0,0,0,0,0,0,0,2000
2236,百達-KY         ,2000,0,2000,0,0,0,0,0,0,0,0,0,0,0,0,0,2000
3054,立萬利          ,3000,1000,2000,0,0,0,0,0,0,0,0,0,0,0,0,0,2000
3266,昇陽            ,3000,0,3000,0,0,0,0,0,0,-1000,0,1000,-1000,0,0,0,2000
3528,安馳            ,3000,1000,2000,0,0,0,0,0,0,0,0,0,0,0,0,0,2000
4545,銘鈺            ,5000,3000,2000,0,0,0,0,0,0,0,0,0,0,0,0,0,2000
4557,永新-KY         ,3000,1000,2000,0,0,0,0,0,0,0,0,0,0,0,0,0,2000
4562,穎漢            ,2000,0,2000,0,0,0,0,0,0,0,0,0,0,0,0,0,2000
4739,康普            ,16000,14000,2000,0,0,0,0,0,0,0,0,0,0,0,0,0,2000
4755,三福化          ,2000,0,2000,0,0,0,0,0,0,0,0,0,0,0,0,0,2000
4807,日成-KY         ,2000,0,2000,0,0,0,0,0,0,0,0,0,0,0,0,0,2000
3669,圓展            ,3000,1000,2000,0,0,0,0,0,0,0,0,0,0,0,0,0,2000
2904,匯僑            ,2000,0,2000,0,0,0,0,0,0,0,0,0,0,0,0,0,2000
2923,鼎固-KY         ,2000,0,2000,0,0,0,0,0,0,0,0,0,0,0,0,0,2000
2901,欣欣            ,2000,0,2000,0,0,0,0,0,0,0,0,0,0,0,0,0,2000
2509,全坤建          ,2000,0,2000,0,0,0,0,0,0,0,0,0,0,0,0,0,2000
2528,皇普            ,3000,1000,2000,0,0,0,0,0,0,0,0,0,0,0,0,0,2000
2540,愛山林          ,2000,0,2000,0,0,0,0,0,0,0,0,0,0,0,0,0,2000
2722,夏都            ,2000,0,2000,0,0,0,0,0,0,0,0,0,0,0,0,0,2000
2739,寒舍            ,2000,0,2000,0,0,0,0,0,0,0,0,0,0,0,0,0,2000
2630,亞航            ,2000,0,2000,0,0,0,0,0,0,0,0,0,0,0,0,0,2000
8072,陞泰            ,3000,1092,1908,0,0,0,0,0,0,0,0,0,0,0,0,0,1908
1236,宏亞            ,1000,0,1000,0,0,0,0,0,0,0,0,0,0,0,0,0,1000
1225,福懋油          ,5000,4000,1000,0,0,0,0,0,0,0,0,0,0,0,0,0,1000
1324,地球            ,1000,0,1000,0,0,0,0,0,0,0,0,0,0,0,0,0,1000
1110,東泥            ,1000,0,1000,0,0,0,0,0,0,0,0,0,0,0,0,0,1000
1465,偉全            ,1000,0,1000,0,0,0,0,0,0,0,0,0,0,0,0,0,1000
1466,聚隆            ,1000,0,1000,0,0,0,0,0,0,0,0,0,0,0,0,0,1000
1459,聯發            ,1000,0,1000,0,0,0,0,0,0,0,0,0,0,0,0,0,1000
1468,昶和            ,1000,0,1000,0,0,0,0,0,0,0,0,0,0,0,0,0,1000
1474,弘裕            ,1000,0,1000,0,0,0,0,0,0,0,0,0,0,0,0,0,1000
1438,裕豐            ,1000,0,1000,0,0,0,0,0,0,0,0,0,0,0,0,0,1000
1443,立益            ,1000,0,1000,0,0,0,0,0,0,0,0,0,0,0,0,0,1000
1445,大宇            ,2000,1000,1000,0,0,0,0,0,0,0,0,0,0,0,0,0,1000
1453,大將            ,1000,0,1000,0,0,0,0,0,0,0,0,0,0,0,0,0,1000
1416,廣豐            ,1000,0,1000,0,0,0,0,0,0,0,0,0,0,0,0,0,1000
1435,中福            ,1000,0,1000,0,0,0,0,0,0,0,0,0,0,0,0,0,1000
1410,南染            ,3000,2000,1000,0,0,0,0,0,0,0,0,0,0,0,0,0,1000
1413,宏洲            ,1000,0,1000,0,0,0,0,0,0,0,0,0,0,0,0,0,1000
05882P,華新科永豐96售01,0,0,0,0,0,0,0,0,0,1000,0,0,0,1000,0,1000,1000
05670P,台積電國票98售01,0,0,0,0,0,0,0,0,0,1000,0,0,0,1000,0,1000,1000
05671P,友達國泰97售03  ,0,0,0,0,0,0,0,0,0,1000,0,0,0,1000,0,1000,1000
05733P,臺股指統一96售03,0,0,0,0,0,0,0,0,0,1000,0,0,0,1000,0,1000,1000
05734P,臺股指統一96售04,0,0,0,0,0,0,0,0,0,1000,0,0,0,1000,0,1000,1000
05735P,臺股指統一96售05,0,0,0,0,0,0,0,0,0,1000,0,0,0,1000,0,1000,1000
05756P,臺股指中信99售05,0,0,0,0,0,0,0,0,0,1000,0,0,0,1000,0,1000,1000
05794P,華邦電群益96售04,0,0,0,0,0,0,0,0,0,1000,0,0,0,1000,0,1000,1000
05770P,聯發科凱基96售16,0,0,0,0,0,0,0,0,0,1000,0,0,0,1000,0,1000,1000
05820P,臺股指凱基96售17,0,0,0,0,0,0,0,0,0,1000,0,0,0,1000,0,1000,1000
05842P,台積電元大96售15,0,0,0,0,0,0,0,0,0,1000,0,0,0,1000,0,1000,1000
055657,超眾元富97購02  ,0,0,0,0,0,0,0,0,0,1000,0,0,0,59000,58000,1000,1000
055608,華邦電康和97購01,0,0,0,0,0,0,0,0,0,1000,0,0,0,1000,0,1000,1000
05645P,聯發科凱基96售13,0,0,0,0,0,0,0,0,0,1000,0,0,0,1000,0,1000,1000
05477P,華新科群益95售06,0,0,0,0,0,0,0,0,0,1000,0,0,0,1000,0,1000,1000
054841,亞德客兆豐97購01,0,0,0,0,0,0,0,0,0,1000,0,0,0,1000,0,1000,1000
054661,嘉聯益元大97購03,0,0,0,0,0,0,0,0,0,1000,0,0,0,21000,20000,1000,1000
05460P,台郡凱基95售05  ,0,0,0,0,0,0,0,0,0,1000,0,0,0,1000,0,1000,1000
054927,帆宣凱基97購01  ,0,0,0,0,0,0,0,0,0,1000,0,0,0,1000,0,1000,1000
054903,億光康和97購02  ,0,0,0,0,0,0,0,0,0,1000,0,0,0,17000,16000,1000,1000
05494P,華邦電統一95售02,0,0,0,0,0,0,0,0,0,1000,0,0,0,1000,0,1000,1000
054968,佐登元大97購01  ,0,0,0,0,0,0,0,0,0,1000,0,0,0,1000,0,1000,1000
054226,燿華元富96購02  ,0,0,0,0,0,0,0,0,0,1000,0,0,0,17000,16000,1000,1000
054214,京鼎國票97購02  ,0,0,0,0,0,0,0,0,0,1000,0,0,0,21000,20000,1000,1000
054257,揚明光元大96購02,0,0,0,0,0,0,0,0,0,1000,0,0,0,1000,0,1000,1000
054265,GIS元大96購03   ,0,0,0,0,0,0,0,0,0,1000,0,0,0,66000,65000,1000,1000
05431P,台光電統一97售01,0,0,0,0,0,0,0,0,0,1000,0,0,0,1000,0,1000,1000
054325,奇力新台新97購03,0,0,0,0,0,0,0,0,0,1000,0,0,0,1000,0,1000,1000
054282,泰鼎群益98購02  ,0,0,0,0,0,0,0,0,0,1000,0,0,0,283000,282000,1000,1000
054390,智邦元富96購03  ,0,0,0,0,0,0,0,0,0,1000,0,0,0,86000,85000,1000,1000
053880,智邦中信96購01  ,0,0,0,0,0,0,0,0,0,1000,0,0,0,131000,130000,1000,1000
053871,臻鼎元大96購03  ,0,0,0,0,0,0,0,0,0,1000,0,0,0,1000,0,1000,1000
053962,聯茂永豐96購01  ,0,0,0,0,0,0,0,0,0,1000,0,0,0,1000,0,1000,1000
053938,彩晶元富96購01  ,0,0,0,0,0,0,0,0,0,1000,0,0,0,10000,9000,1000,1000
054011,旺宏永豐96購05  ,0,0,0,0,0,0,0,0,0,1000,0,0,0,11000,10000,1000,1000
054053,聯茂元大96購01  ,0,0,0,0,0,0,0,0,0,1000,0,0,0,28000,27000,1000,1000
045054,聯發科元富98購02,0,0,0,0,0,0,0,0,0,1000,0,0,0,12000,11000,1000,1000
044857,玉晶光第一91購01,0,0,0,0,0,0,0,0,0,1000,0,0,0,1000,0,1000,1000
04484P,台積電凱基94售09,0,0,0,0,0,0,0,0,0,1000,0,0,0,1000,0,1000,1000
04483P,元油2X凱基97售04,0,0,0,0,0,0,0,0,0,1000,0,0,0,1000,0,1000,1000
045738,強茂群益92購01  ,0,0,0,0,0,0,0,0,0,1000,0,0,0,1000,0,1000,1000
045751,智邦國泰93購01  ,0,0,0,0,0,0,0,0,0,1000,0,0,0,1000,0,1000,1000
045756,智伸科國泰93購01,0,0,0,0,0,0,0,0,0,1000,0,0,0,1000,0,1000,1000
04536P,長榮航統一94售01,0,0,0,0,0,0,0,0,0,1000,0,0,0,31000,30000,1000,1000
04535P,華新統一94售01  ,0,0,0,0,0,0,0,0,0,1000,0,0,0,1000,0,1000,1000
045301,聯發科元大92購05,0,0,0,0,0,0,0,0,0,1000,0,0,0,11000,10000,1000,1000
045264,嘉晶凱基92購01  ,0,0,0,0,0,0,0,0,0,1000,0,0,0,5000,4000,1000,1000
046302,亞德客元大92購02,0,0,0,0,0,0,0,0,0,1000,0,0,0,1000,0,1000,1000
04615P,華新科群益94售03,0,0,0,0,0,0,0,0,0,1000,0,0,0,1000,0,1000,1000
046761,淘帝凱基93購01  ,0,0,0,0,0,0,0,0,0,1000,0,0,0,1000,0,1000,1000
046022,國喬元大92購01  ,0,0,0,0,0,0,0,0,0,1000,0,0,0,3000,2000,1000,1000
050124,元金2X凱基95購01,0,0,0,0,0,0,0,0,0,1000,0,0,0,1000,0,1000,1000
05010P,台郡元富95售01  ,0,0,0,0,0,0,0,0,0,1000,0,0,0,1000,0,1000,1000
050059,旺宏凱基94購03  ,0,0,0,0,0,0,0,0,0,1000,0,0,0,7000,6000,1000,1000
050409,華通永豐94購01  ,0,0,0,0,0,0,0,0,0,1000,0,0,0,54000,53000,1000,1000
044779,GIS元大93購05   ,0,0,0,0,0,0,0,0,0,1000,0,0,0,1000,0,1000,1000
05025P,聯發科群益95售02,0,0,0,0,0,0,0,0,0,1000,0,0,0,55000,54000,1000,1000
050264,聯發科元大94購13,0,0,0,0,0,0,0,0,0,1000,0,0,0,154000,153000,1000,1000
050023,國巨元大94購12  ,0,0,0,0,0,0,0,0,0,1000,0,0,0,16000,15000,1000,1000
049968,麗豐國票95購01  ,0,0,0,0,0,0,0,0,0,1000,0,0,0,1000,0,1000,1000
046455,瑞昱凱基92購03  ,0,0,0,0,0,0,0,0,0,1000,0,0,0,5000,4000,1000,1000
046897,康舒群益93購01  ,0,0,0,0,0,0,0,0,0,1000,0,0,0,11000,10000,1000,1000
046927,上銀富邦95購01  ,0,0,0,0,0,0,0,0,0,1000,0,0,0,1000,0,1000,1000
03860P,群創元富97售01  ,0,0,0,0,0,0,0,0,0,1000,0,0,0,1000,0,1000,1000
03852P,華邦電凱基93售05,0,0,0,0,0,0,0,0,0,1000,0,0,0,1000,0,1000,1000
04067P,聯發科凱基93售24,0,0,0,0,0,0,0,0,0,1000,0,0,0,1000,0,1000,1000
044357,貿聯元大92購02  ,0,0,0,0,0,0,0,0,0,1000,0,0,0,1000,0,1000,1000
044488,亞德客元大91購05,0,0,0,0,0,0,0,0,0,1000,0,0,0,1000,0,1000,1000
03937P,聯詠元大93售08  ,0,0,0,0,0,0,0,0,0,1000,0,0,0,1000,0,1000,1000
00713,元大台灣高息低波,0,0,0,0,0,0,0,0,0,1000,0,0,0,1000,0,1000,1000
00711B,FH彭博新興債    ,0,0,0,0,0,0,0,0,0,1000,0,0,0,104000,103000,1000,1000
00742,新光內需收益    ,0,0,0,0,0,0,0,0,0,1000,0,0,0,1000,0,1000,1000
00731,FH富時高息低波  ,0,0,0,0,0,0,0,0,0,1000,0,0,0,45000,44000,1000,1000
00682U,元大美元指數    ,0,0,0,0,0,0,0,0,0,1000,0,0,0,41000,40000,1000,1000
00657,國泰日經225     ,0,0,0,0,0,0,0,0,0,1000,0,0,0,153000,152000,1000,1000
00647L,元大S&P500正2   ,0,110000,-110000,0,0,0,0,0,0,111000,0,0,0,111000,0,111000,1000
03602C,臺股指元大93牛01,0,0,0,0,0,0,0,0,0,1000,0,0,0,21000,20000,1000,1000
03636P,可成凱基92售10  ,0,0,0,0,0,0,0,0,0,1000,0,0,0,1000,0,1000,1000
03637C,臺股指凱基94牛18,0,0,0,0,0,0,0,0,0,1000,0,0,0,1000,0,1000,1000
03421P,健策群益02售04  ,0,0,0,0,0,0,0,0,0,1000,0,0,0,1000,0,1000,1000
03939P,康控元大95售02  ,0,0,0,0,0,0,0,0,0,1000,0,0,0,1000,0,1000,1000
04015P,可成元大93售10  ,0,0,0,0,0,0,0,0,0,1000,0,0,0,4000,3000,1000,1000
03180P,台灣50元大01售39,0,0,0,0,0,0,0,0,0,1000,0,0,0,11000,10000,1000,1000
044563,亞德客凱基92購01,0,0,0,0,0,0,0,0,0,1000,0,0,0,1000,0,1000,1000
044576,禾伸堂凱基91購03,0,0,0,0,0,0,0,0,0,1000,0,0,0,1000,0,1000,1000
044612,創意兆豐93購01  ,0,0,0,0,0,0,0,0,0,1000,0,0,0,1000,0,1000,1000
04202P,華新科元大93售10,0,0,0,0,0,0,0,0,0,1000,0,0,0,1000,0,1000,1000
04196P,東陽中信93售02  ,0,0,0,0,0,0,0,0,0,1000,0,0,0,1000,0,1000,1000
04206P,臺股指元大93售46,0,0,0,0,0,0,0,0,0,1000,0,0,0,1000,0,1000,1000
043010,友達元大92購01  ,0,0,0,0,0,0,0,0,0,1000,0,0,0,100000,99000,1000,1000
04551P,台表科元大94售02,0,0,0,0,0,0,0,0,0,1000,0,0,0,1000,0,1000,1000
045556,可成國票93購01  ,0,0,0,0,0,0,0,0,0,1000,0,0,0,4000,3000,1000,1000
045451,聯發科富邦93購01,0,0,0,0,0,0,0,0,0,1000,0,0,0,1000,0,1000,1000
045489,晶技台新92購01  ,0,0,0,0,0,0,0,0,0,1000,0,0,0,1000,0,1000,1000
043457,鴻海元大93購01  ,0,0,0,0,0,0,0,0,0,1000,0,0,0,3000,2000,1000,1000
04255P,台積電國票94售03,0,0,0,0,0,0,0,0,0,1000,0,0,0,1000,0,1000,1000
045712,寶齡凱基92購01  ,0,0,0,0,0,0,0,0,0,1000,0,0,0,1000,0,1000,1000
046512,和鑫元大92購01  ,0,0,0,0,0,0,0,0,0,1000,0,0,0,1000,0,1000,1000
047761,亞德客元大93購02,0,0,0,0,0,0,0,0,0,1000,0,0,0,3000,2000,1000,1000
047792,美利達群益93購02,0,0,0,0,0,0,0,0,0,1000,0,0,0,21000,20000,1000,1000
048219,為升凱基93購06  ,0,0,0,0,0,0,0,0,0,1000,0,0,0,10000,9000,1000,1000
048223,微星凱基93購02  ,0,0,0,0,0,0,0,0,0,1000,0,0,0,4000,3000,1000,1000
04828P,聯發科凱基94售15,0,0,0,0,0,0,0,0,0,1000,0,0,0,1000,0,1000,1000
048273,南電富邦97購01  ,0,0,0,0,0,0,0,0,0,1000,0,0,0,1000,0,1000,1000
048239,嘉澤國票93購01  ,0,0,0,0,0,0,0,0,0,1000,0,0,0,1000,0,1000,1000
048247,聯發科兆豐93購03,0,0,0,0,0,0,0,0,0,1000,0,0,0,1000,0,1000,1000
048121,亞德客元大93購05,0,0,0,0,0,0,0,0,0,1000,0,0,0,3000,2000,1000,1000
04792P,智邦元大94售06  ,0,0,0,0,0,0,0,0,0,1000,0,0,0,3000,2000,1000,1000
04795P,聯發科元大94售09,0,0,0,0,0,0,0,0,0,1000,0,0,0,1000,0,1000,1000
049248,台達電元大94購04,0,0,0,0,0,0,0,0,0,1000,0,0,0,1000,0,1000,1000
049249,台達電元大94購05,0,0,0,0,0,0,0,0,0,1000,0,0,0,1000,0,1000,1000
049250,華通元大95購04  ,0,0,0,0,0,0,0,0,0,1000,0,0,0,17000,16000,1000,1000
049215,國巨國票94購03  ,0,0,0,0,0,0,0,0,0,1000,0,0,0,1000,0,1000,1000
04922P,日月光凱基94售02,0,0,0,0,0,0,0,0,0,1000,0,0,0,1000,0,1000,1000
049135,台達電元大94購03,0,0,0,0,0,0,0,0,0,1000,0,0,0,1000,0,1000,1000
049302,聯茂日盛94購01  ,0,0,0,0,0,0,0,0,0,1000,0,0,0,2000,1000,1000,1000
049312,亞光凱基94購02  ,0,0,0,0,0,0,0,0,0,1000,0,0,0,8000,7000,1000,1000
049359,台達電元大94購06,0,0,0,0,0,0,0,0,0,1000,0,0,0,1000,0,1000,1000
048649,瀚宇博元大93購05,0,0,0,0,0,0,0,0,0,1000,0,0,0,19000,18000,1000,1000
048646,上緯控元大93購01,0,0,0,0,0,0,0,0,0,1000,0,0,0,1000,0,1000,1000
048802,聯發科富邦94購03,0,0,0,0,0,0,0,0,0,1000,0,0,0,1000,0,1000,1000
048754,瀚宇博元富97購01,0,0,0,0,0,0,0,0,0,1000,0,0,0,1000,0,1000,1000
049577,台達電元大94購08,0,0,0,0,0,0,0,0,0,1000,0,0,0,1000,0,1000,1000
049578,台達電元大94購09,0,0,0,0,0,0,0,0,0,1000,0,0,0,1000,0,1000,1000
049595,麗豐元大95購01  ,0,0,0,0,0,0,0,0,0,1000,0,0,0,1000,0,1000,1000
04898P,瑞儀中信95售01  ,0,0,0,0,0,0,0,0,0,1000,0,0,0,200000,199000,1000,1000
048883,玉晶光統一94購01,0,0,0,0,0,0,0,0,0,1000,0,0,0,1000,0,1000,1000
048872,玉晶光國票94購02,0,0,0,0,0,0,0,0,0,1000,0,0,0,80000,79000,1000,1000
049761,亞德客國泰95購03,0,0,0,0,0,0,0,0,0,1000,0,0,0,1000,0,1000,1000
049774,元油2X統一94購05,0,0,0,0,0,0,0,0,0,1000,0,0,0,1000,0,1000,1000
04978P,台表科凱基94售02,0,0,0,0,0,0,0,0,0,1000,0,0,0,178000,177000,1000,1000
049794,台達電元大94購10,0,0,0,0,0,0,0,0,0,1000,0,0,0,1000,0,1000,1000
048510,滬深2X凱基93購05,0,0,0,0,0,0,0,0,0,1000,0,0,0,1000,0,1000,1000
050345,創意元富94購02  ,0,0,0,0,0,0,0,0,0,1000,0,0,0,1000,0,1000,1000
047642,宏達電元大93購08,0,0,0,0,0,0,0,0,0,1000,0,0,0,1000,0,1000,1000
047634,亞德客元大93購01,0,0,0,0,0,0,0,0,0,1000,0,0,0,2000,1000,1000,1000
047635,華新元大93購01  ,0,0,0,0,0,0,0,0,0,1000,0,0,0,1000,0,1000,1000
049082,晶豪科凱基94購01,0,0,0,0,0,0,0,0,0,1000,0,0,0,1000,0,1000,1000
049675,台光電國票95購01,0,0,0,0,0,0,0,0,0,1000,0,0,0,70000,69000,1000,1000
049850,上緯控群益94購01,0,0,0,0,0,0,0,0,0,1000,0,0,0,11000,10000,1000,1000
050962,聯發科永豐95購02,0,0,0,0,0,0,0,0,0,1000,0,0,0,50000,49000,1000,1000
050972,台虹永豐95購01  ,0,0,0,0,0,0,0,0,0,1000,0,0,0,1000,0,1000,1000
047313,華新科元大93購08,0,0,0,0,0,0,0,0,0,1000,0,0,0,7000,6000,1000,1000
047752,健鼎元富93購01  ,0,0,0,0,0,0,0,0,0,1000,0,0,0,1000,0,1000,1000
051083,A50正2元大98購01,0,0,0,0,0,0,0,0,0,1000,0,0,0,4000,3000,1000,1000
051059,康普群益95購01  ,0,0,0,0,0,0,0,0,0,1000,0,0,0,21000,20000,1000,1000
052147,上緯控群益95購01,0,0,0,0,0,0,0,0,0,1000,0,0,0,11000,10000,1000,1000
052111,智原元富95購01  ,0,0,0,0,0,0,0,0,0,1000,0,0,0,1000,0,1000,1000
052442,中環元大95購02  ,0,0,0,0,0,0,0,0,0,1000,0,0,0,1000,0,1000,1000
05235P,健鼎康和95售02  ,0,0,0,0,0,0,0,0,0,1000,0,0,0,1000,0,1000,1000
05061P,鴻海富邦96售03  ,0,0,0,0,0,0,0,0,0,1000,0,0,0,1000,0,1000,1000
050608,台達電元大94購12,0,0,0,0,0,0,0,0,0,1000,0,0,0,1000,0,1000,1000
050807,群臺反凱基95購01,0,0,0,0,0,0,0,0,0,1000,0,0,0,1000,0,1000,1000
050767,京元電元大96購01,0,0,0,0,0,0,0,0,0,1000,0,0,0,46000,45000,1000,1000
050532,矽創元大94購03  ,0,0,0,0,0,0,0,0,0,1000,0,0,0,1000,0,1000,1000
051420,康控國票95購05  ,0,0,0,0,0,0,0,0,0,1000,0,0,0,1000,0,1000,1000
051422,超眾國票96購01  ,0,0,0,0,0,0,0,0,0,1000,0,0,0,1000,0,1000,1000
051508,元黃金中信97購01,0,0,0,0,0,0,0,0,0,1000,0,0,0,1000,0,1000,1000
05155P,聯發科兆豐95售03,0,0,0,0,0,0,0,0,0,1000,0,0,0,1000,0,1000,1000
051640,GIS國票96購03   ,0,0,0,0,0,0,0,0,0,1000,0,0,0,1000,0,1000,1000
05293P,廣達凱基95售01  ,0,0,0,0,0,0,0,0,0,1000,0,0,0,1000,0,1000,1000
052989,麗豐元大98購01  ,0,0,0,0,0,0,0,0,0,1000,0,0,0,1000,0,1000,1000
052891,台泥群益96購01  ,0,0,0,0,0,0,0,0,0,1000,0,0,0,13000,12000,1000,1000
05281P,南亞科元大95售03,0,0,0,0,0,0,0,0,0,1000,0,0,0,2000,1000,1000,1000
05305P,華新科國泰97售01,0,0,0,0,0,0,0,0,0,1000,0,0,0,1000,0,1000,1000
052519,旺宏元大95購05  ,0,0,0,0,0,0,0,0,0,1000,0,0,0,3000,2000,1000,1000
052683,鴻海元大97購03  ,0,0,0,0,0,0,0,0,0,1000,0,0,0,1000,0,1000,1000
053374,台達電元大96購03,0,0,0,0,0,0,0,0,0,1000,0,0,0,2000,1000,1000,1000
053323,群創群益98購07  ,0,0,0,0,0,0,0,0,0,1000,0,0,0,12000,11000,1000,1000
053264,南亞科群益96購01,0,0,0,0,0,0,0,0,0,1000,0,0,0,8000,7000,1000,1000
053312,緯穎凱基96購02  ,0,0,0,0,0,0,0,0,0,1000,0,0,0,1000,0,1000,1000
053602,台虹元大96購01  ,0,0,0,0,0,0,0,0,0,1000,0,0,0,6000,5000,1000,1000
8443,阿瘦            ,1000,0,1000,0,0,0,0,0,0,0,0,0,0,0,0,0,1000
8222,寶一            ,2000,0,2000,0,0,0,0,0,0,-1000,0,1000,-1000,0,0,0,1000
8488,吉源-KY         ,1000,0,1000,0,0,0,0,0,0,0,0,0,0,0,0,0,1000
8940,新天地          ,1000,0,1000,0,0,0,0,0,0,0,0,0,0,0,0,0,1000
9136,巨騰-DR         ,10000,9000,1000,0,0,0,0,0,0,0,0,0,0,0,0,0,1000
9912,偉聯            ,1000,0,1000,0,0,0,0,0,0,0,0,0,0,0,0,0,1000
9929,秋雨            ,1000,0,1000,0,0,0,0,0,0,0,0,0,0,0,0,0,1000
9944,新麗            ,3000,1000,2000,0,0,0,0,0,0,-1000,0,1000,-1000,0,0,0,1000
6215,和椿            ,1000,0,1000,0,0,0,0,0,0,0,0,0,0,0,0,0,1000
6243,迅杰            ,1000,0,1000,0,0,0,0,0,0,0,0,0,0,0,0,0,1000
6405,悅城            ,1000,0,1000,0,0,0,0,0,0,0,0,0,0,0,0,0,1000
6164,華興            ,1000,0,1000,0,0,0,0,0,0,0,0,0,0,0,0,0,1000
5706,鳳凰            ,4000,3000,1000,0,0,0,0,0,0,0,0,0,0,0,0,0,1000
5538,東明-KY         ,3000,0,3000,0,0,0,0,2000,-2000,0,0,0,0,0,0,0,1000
5484,慧友            ,1000,0,1000,0,0,0,0,0,0,0,0,0,0,0,0,0,1000
2611,志信            ,1000,0,1000,0,0,0,0,0,0,0,0,0,0,0,0,0,1000
2706,第一店          ,1000,0,1000,0,0,0,0,0,0,0,0,0,0,0,0,0,1000
2701,萬企            ,1000,0,1000,0,0,0,0,0,0,0,0,0,0,0,0,0,1000
2543,皇昌            ,1000,0,1000,0,0,0,0,0,0,0,0,0,0,0,0,0,1000
2891C,中信金丙特      ,0,0,0,0,0,0,0,0,0,1000,1000,0,1000,0,0,0,1000
2906,高林            ,1000,0,1000,0,0,0,0,0,0,0,0,0,0,0,0,0,1000
2838A,聯邦銀甲特      ,0,0,0,0,0,0,0,0,0,1000,1000,0,1000,0,0,0,1000
2910,統領            ,5000,4000,1000,0,0,0,0,0,0,0,0,0,0,0,0,0,1000
3021,鴻名            ,1000,0,1000,0,0,0,0,0,0,0,0,0,0,0,0,0,1000
3694,海華            ,2000,0,2000,0,0,0,0,0,0,-1000,0,1000,-1000,0,0,0,1000
3701,大眾控          ,1000,0,1000,0,0,0,0,0,0,0,0,0,0,0,0,0,1000
3550,聯穎            ,1000,0,1000,0,0,0,0,0,0,0,0,0,0,0,0,0,1000
4133,亞諾法          ,2000,1000,1000,0,0,0,0,0,0,0,0,0,0,0,0,0,1000
4720,德淵            ,1000,0,1000,0,0,0,0,0,0,0,0,0,0,0,0,0,1000
4722,國精化          ,2000,0,2000,0,0,0,0,0,0,-1000,0,1000,-1000,0,0,0,1000
3494,誠研            ,1000,0,1000,0,0,0,0,0,0,0,0,0,0,0,0,0,1000
3591,艾笛森          ,2000,0,2000,0,0,0,0,0,0,-1000,0,1000,-1000,0,0,0,1000
3593,力銘            ,1000,0,1000,0,0,0,0,0,0,0,0,0,0,0,0,0,1000
3432,台端            ,2000,1000,1000,0,0,0,0,0,0,0,0,0,0,0,0,0,1000
2115,六暉-KY         ,1000,0,1000,0,0,0,0,0,0,0,0,0,0,0,0,0,1000
2495,普安            ,1000,0,1000,0,0,0,0,0,0,0,0,0,0,0,0,0,1000
2471,資通            ,6000,5000,1000,0,0,0,0,0,0,0,0,0,0,0,0,0,1000
2465,麗臺            ,1000,0,1000,0,0,0,0,0,0,0,0,0,0,0,0,0,1000
2431,聯昌            ,1000,0,1000,0,0,0,0,0,0,0,0,0,0,0,0,0,1000
2440,太空梭          ,1000,0,1000,0,0,0,0,0,0,0,0,0,0,0,0,0,1000
2109,華豐            ,1000,0,1000,0,0,0,0,0,0,0,0,0,0,0,0,0,1000
2028,威致            ,1000,0,1000,0,0,0,0,0,0,0,0,0,0,0,0,0,1000
2024,志聯            ,1000,0,1000,0,0,0,0,0,0,0,0,0,0,0,0,0,1000
2033,佳大            ,1000,0,1000,0,0,0,0,0,0,0,0,0,0,0,0,0,1000
1776,展宇            ,1000,0,1000,0,0,0,0,0,0,0,0,0,0,0,0,0,1000
1805,寶徠            ,1000,0,1000,0,0,0,0,0,0,0,0,0,0,0,0,0,1000
2008,高興昌          ,1000,0,1000,0,0,0,0,0,0,0,0,0,0,0,0,0,1000
1524,耿鼎            ,1000,0,1000,0,0,0,0,0,0,0,0,0,0,0,0,0,1000
1603,華電            ,2000,1000,1000,0,0,0,0,0,0,0,0,0,0,0,0,0,1000
1587,吉茂            ,1000,0,1000,0,0,0,0,0,0,0,0,0,0,0,0,0,1000
1539,巨庭            ,2000,0,2000,0,0,0,0,0,0,-1000,0,1000,-1000,0,0,0,1000
1617,榮星            ,1000,0,1000,0,0,0,0,0,0,0,0,0,0,0,0,0,1000
1724,台硝            ,1000,0,1000,0,0,0,0,0,0,0,0,0,0,0,0,0,1000
1725,元禎            ,1000,0,1000,0,0,0,0,0,0,0,0,0,0,0,0,0,1000
1713,國化            ,1000,0,1000,0,0,0,0,0,0,0,0,0,0,0,0,0,1000
1727,中華化          ,1000,0,1000,0,0,0,0,0,0,0,0,0,0,0,0,0,1000
1731,美吾華          ,1000,0,1000,0,0,0,0,0,0,0,0,0,0,0,0,0,1000
1735,日勝化          ,1000,0,1000,0,0,0,0,0,0,0,0,0,0,0,0,0,1000
054068,華通國泰96購02  ,0,0,0,0,0,0,0,0,0,0,0,0,0,12000,12000,0,0
054055,全新國票99購02  ,0,0,0,0,0,0,0,0,0,0,0,0,0,20000,20000,0,0
054085,華新科統一96購04,0,0,0,0,0,0,0,0,0,0,0,0,0,169000,169000,0,0
054005,旺宏統一97購04  ,0,0,0,0,0,0,0,0,0,0,0,0,0,30000,30000,0,0
054027,欣興凱基96購04  ,0,0,0,0,0,0,0,0,0,0,0,0,0,9000,9000,0,0
054142,致伸元大97購01  ,0,0,0,0,0,0,0,0,0,0,0,0,0,10000,10000,0,0
054135,大立光元大97購04,0,0,0,0,0,0,0,0,0,0,0,0,0,10000,10000,0,0
054140,智易元大97購03  ,0,0,0,0,0,0,0,0,0,0,0,0,0,81000,81000,0,0
054146,康友元大96購06  ,0,0,0,0,0,0,0,0,0,0,0,0,0,25000,25000,0,0
05392P,鴻海統一95售13  ,0,0,0,0,0,0,0,0,0,0,0,0,0,10000,10000,0,0
053940,康友元富96購01  ,0,0,0,0,0,0,0,0,0,0,0,0,0,85000,85000,0,0
053956,旺宏永豐96購04  ,0,0,0,0,0,0,0,0,0,0,0,0,0,10000,10000,0,0
053836,亞光永豐96購02  ,0,0,0,0,0,0,0,0,0,0,0,0,0,3000,3000,0,0
053854,聯茂國泰97購02  ,0,0,0,0,0,0,0,0,0,0,0,0,0,10000,10000,0,0
054406,旺宏國票98購01  ,0,0,0,0,0,0,0,0,0,0,0,0,0,35000,35000,0,0
054473,鴻海中信96購02  ,0,0,0,0,0,0,0,0,0,0,0,0,0,2000,2000,0,0
054495,滬深2X永豐97購02,0,0,0,0,0,0,0,0,0,0,0,0,0,2000,2000,0,0
054514,道瓊銀元大98購01,0,0,0,0,0,0,0,0,0,0,0,0,0,46000,46000,0,0
054462,旺宏凱基96購08  ,0,0,0,0,0,0,0,0,0,0,0,0,0,8000,8000,0,0
054463,瑞昱凱基97購01  ,0,0,0,0,0,0,0,0,0,0,0,0,0,10000,10000,0,0
054466,欣興凱基97購03  ,0,0,0,0,0,0,0,0,0,0,0,0,0,10000,10000,0,0
05442P,鴻海元大96售13  ,0,0,0,0,0,0,0,0,0,0,0,0,0,76000,76000,0,0
054300,華通凱基96購07  ,0,0,0,0,0,0,0,0,0,0,0,0,0,9000,9000,0,0
054343,世紀鋼元富96購02,0,0,0,0,0,0,0,0,0,0,0,0,0,5000,5000,0,0
054341,燿華元富96購03  ,0,0,0,0,0,0,0,0,0,0,0,0,0,16000,16000,0,0
054262,瀚宇博元大96購03,0,0,0,0,0,0,0,0,0,0,0,0,0,4000,4000,0,0
054246,國巨元大96購12  ,0,0,0,0,0,0,0,0,0,0,0,0,0,12000,12000,0,0
054247,華邦電元大96購04,0,0,0,0,0,0,0,0,0,0,0,0,0,2000,2000,0,0
05421P,鴻海元大96售12  ,0,0,0,0,0,0,0,0,0,0,0,0,0,395000,395000,0,0
054212,聯詠國票97購03  ,0,0,0,0,0,0,0,0,0,0,0,0,0,15000,15000,0,0
054956,宏盛元大97購01  ,0,0,0,0,0,0,0,0,0,0,0,0,0,15000,15000,0,0
054998,玉晶光元富97購02,0,0,0,0,0,0,0,0,0,0,0,0,0,22000,22000,0,0
054982,國巨元富97購03  ,0,0,0,0,0,0,0,0,0,0,0,0,0,394000,394000,0,0
054916,聯發科凱基98購04,0,0,0,0,0,0,0,0,0,0,0,0,0,3000,3000,0,0
054925,神達凱基97購01  ,0,0,0,0,0,0,0,0,0,0,0,0,0,40000,40000,0,0
05505P,聯發科凱基96售09,0,0,0,0,0,0,0,0,0,0,0,0,0,2000,2000,0,0
055064,碩天永豐97購01  ,0,0,0,0,0,0,0,0,0,0,0,0,0,20000,20000,0,0
055090,國巨群益97購03  ,0,0,0,0,0,0,0,0,0,0,0,0,0,22000,22000,0,0
055069,帆宣永豐97購01  ,0,0,0,0,0,0,0,0,0,0,0,0,0,20000,20000,0,0
055149,國巨元大97購06  ,0,0,0,0,0,0,0,0,0,0,0,0,0,3000,3000,0,0
054625,旺宏凱基98購03  ,0,0,0,0,0,0,0,0,0,0,0,0,0,2000,2000,0,0
05465P,台表科永豐95售03,0,0,0,0,0,0,0,0,0,0,0,0,0,22000,22000,0,0
054558,劍麟群益99購01  ,0,0,0,0,0,0,0,0,0,0,0,0,0,10000,10000,0,0
054827,宏全元大9A購01  ,0,0,0,0,0,0,0,0,0,0,0,0,0,50000,50000,0,0
054796,康普群益98購01  ,0,0,0,0,0,0,0,0,0,0,0,0,0,10000,10000,0,0
054821,貿聯元大9A購01  ,0,0,0,0,0,0,0,0,0,0,0,0,0,33000,33000,0,0
054809,大成鋼元大97購01,0,0,0,0,0,0,0,0,0,0,0,0,0,34000,34000,0,0
054757,南亞國票98購01  ,0,0,0,0,0,0,0,0,0,0,0,0,0,20000,20000,0,0
05472P,國巨統一96售02  ,0,0,0,0,0,0,0,0,0,0,0,0,0,382000,382000,0,0
05468P,鴻海元大96售14  ,0,0,0,0,0,0,0,0,0,0,0,0,0,151000,151000,0,0
055851,智原元大98購01  ,0,0,0,0,0,0,0,0,0,0,0,0,0,17000,17000,0,0
055829,上銀元大97購06  ,0,0,0,0,0,0,0,0,0,0,0,0,0,154000,154000,0,0
055725,嘉聯益元大98購03,0,0,0,0,0,0,0,0,0,0,0,0,0,20000,20000,0,0
055714,智邦元大97購03  ,0,0,0,0,0,0,0,0,0,0,0,0,0,4000,4000,0,0
055833,華通元大98購05  ,0,0,0,0,0,0,0,0,0,0,0,0,0,104000,104000,0,0
055836,華邦電元大97購04,0,0,0,0,0,0,0,0,0,0,0,0,0,3000,3000,0,0
055839,瑞昱元大97購04  ,0,0,0,0,0,0,0,0,0,0,0,0,0,4000,4000,0,0
055842,建準元大98購01  ,0,0,0,0,0,0,0,0,0,0,0,0,0,9000,9000,0,0
055749,智邦永昌9C購01  ,0,0,0,0,0,0,0,0,0,0,0,0,0,10000,10000,0,0
055759,技嘉群益98購02  ,0,0,0,0,0,0,0,0,0,0,0,0,0,10000,10000,0,0
055800,欣興永豐97購02  ,0,0,0,0,0,0,0,0,0,0,0,0,0,14000,14000,0,0
055600,致伸元大97購02  ,0,0,0,0,0,0,0,0,0,0,0,0,0,58000,58000,0,0
055653,聯詠元富01購02  ,0,0,0,0,0,0,0,0,0,0,0,0,0,4000,4000,0,0
055669,緯穎群益97購02  ,0,0,0,0,0,0,0,0,0,0,0,0,0,18000,18000,0,0
055691,訊芯凱基97購02  ,0,0,0,0,0,0,0,0,0,0,0,0,0,17000,17000,0,0
055603,超眾元大97購04  ,0,0,0,0,0,0,0,0,0,0,0,0,0,1000,1000,0,0
055604,訊芯元大98購02  ,0,0,0,0,0,0,0,0,0,0,0,0,0,50000,50000,0,0
055587,智邦元大97購02  ,0,0,0,0,0,0,0,0,0,0,0,0,0,9000,9000,0,0
055553,聯發科凱基97購05,0,0,0,0,0,0,0,0,0,0,0,0,0,10000,10000,0,0
055562,欣興凱基97購06  ,0,0,0,0,0,0,0,0,0,0,0,0,0,10000,10000,0,0
055537,康友群益97購03  ,0,0,0,0,0,0,0,0,0,0,0,0,0,11000,11000,0,0
055549,旺宏凱基97購03  ,0,0,0,0,0,0,0,0,0,0,0,0,0,2000,2000,0,0
055357,欣興凱基97購04  ,0,0,0,0,0,0,0,0,0,0,0,0,0,16000,16000,0,0
055365,華通元大97購03  ,0,0,0,0,0,0,0,0,0,0,0,0,0,4000,4000,0,0
055418,華通永豐97購01  ,0,0,0,0,0,0,0,0,0,0,0,0,0,10000,10000,0,0
055435,佳世達中信99購01,0,0,0,0,0,0,0,0,0,0,0,0,0,20000,20000,0,0
055432,臻鼎群益97購02  ,0,0,0,0,0,0,0,0,0,0,0,0,0,40000,40000,0,0
055433,嘉聯益群益99購01,0,0,0,0,0,0,0,0,0,0,0,0,0,43000,43000,0,0
055489,瑞昱元大97購02  ,0,0,0,0,0,0,0,0,0,0,0,0,0,8000,8000,0,0
055484,華通元大97購04  ,0,0,0,0,0,0,0,0,0,0,0,0,0,2000,2000,0,0
055476,台郡凱基97購02  ,0,0,0,0,0,0,0,0,0,0,0,0,0,9000,9000,0,0
055512,聯詠兆豐97購01  ,0,0,0,0,0,0,0,0,0,0,0,0,0,20000,20000,0,0
055199,國喬群益97購01  ,0,0,0,0,0,0,0,0,0,0,0,0,0,10000,10000,0,0
055232,泰碩國票98購01  ,0,0,0,0,0,0,0,0,0,0,0,0,0,18000,18000,0,0
055315,晶技麥證97購01  ,0,0,0,10000,10000,0,0,0,0,0,0,0,0,10000,10000,0,0
055302,達方元大97購01  ,0,0,0,0,0,0,0,0,0,0,0,0,0,25000,25000,0,0
055275,台積電元大97購19,0,0,0,0,0,0,0,0,0,0,0,0,0,50000,50000,0,0
05793P,臺股指中信99售08,0,2000,-2000,0,0,0,0,0,0,2000,0,0,0,2000,0,2000,0
05741P,聯發科元大96售14,0,0,0,0,0,0,0,0,0,0,0,0,0,116000,116000,0,0
05742P,可成元大96售04  ,0,0,0,0,0,0,0,0,0,0,0,0,0,24000,24000,0,0
05717P,鴻海元大97售07  ,0,0,0,0,0,0,0,0,0,0,0,0,0,151000,151000,0,0
05872P,大立光凱基96售15,0,0,0,0,0,0,0,0,0,0,0,0,0,10000,10000,0,0
05930P,景碩康和96售01  ,0,0,0,0,0,0,0,0,0,0,0,0,0,28000,28000,0,0
06007P,世芯永豐96售01  ,0,0,0,0,0,0,0,0,0,0,0,0,0,10000,10000,0,0
06038P,國泰金台新96售01,0,0,0,0,0,0,0,0,0,0,0,0,0,18000,18000,0,0
1423,利華            ,1000,0,1000,0,0,0,0,0,0,-1000,0,1000,-1000,0,0,0,0
1432,大魯閣          ,2000,2000,0,0,0,0,0,0,0,0,0,0,0,0,0,0,0
1220,台榮            ,1000,0,1000,0,0,0,0,0,0,-1000,0,1000,-1000,0,0,0,0
06103P,漢唐凱基97售02  ,0,0,0,0,0,0,0,0,0,0,0,0,0,100000,100000,0,0
06193P,台積電元富97售04,0,0,0,0,0,0,0,0,0,0,0,0,0,30000,30000,0,0
06198P,台積電元大98售06,0,0,0,0,0,0,0,0,0,0,0,0,0,10000,10000,0,0
06234P,亞德客元大97售02,0,0,0,0,0,0,0,0,0,0,0,0,0,50000,50000,0,0
046552,晶技麥證92購01  ,0,0,0,10000,10000,0,0,0,0,0,0,0,0,10000,10000,0,0
045585,欣興元大93購03  ,0,0,0,0,0,0,0,0,0,0,0,0,0,11000,11000,0,0
045671,鴻海元大92購10  ,0,0,0,0,0,0,0,0,0,0,0,0,0,1000,1000,0,0
042679,群創元大92購02  ,0,0,0,0,0,0,0,0,0,0,0,0,0,13000,13000,0,0
042647,台積電統一91購04,0,0,0,0,0,0,0,0,0,0,0,0,0,40000,40000,0,0
04250P,嘉晶統一95售02  ,0,0,0,0,0,0,0,0,0,0,0,0,0,50000,50000,0,0
04252P,台達電元富93售02,0,0,0,0,0,0,0,0,0,0,0,0,0,1000,1000,0,0
04336P,台達電元大93售04,0,0,0,0,0,0,0,0,0,0,0,0,0,1000,1000,0,0
042388,大立光永昌93購02,0,0,0,0,0,0,0,0,0,0,0,0,0,30000,30000,0,0
043484,TPK群益93購01   ,0,0,0,0,0,0,0,0,0,0,0,0,0,10000,10000,0,0
045456,鴻海元大93購04  ,0,0,0,0,0,0,0,0,0,0,0,0,0,4000,4000,0,0
042735,TPK兆豐92購01   ,0,0,0,0,0,0,0,0,0,0,0,0,0,10000,10000,0,0
045447,鴻海國泰94購02  ,0,0,0,0,0,0,0,0,0,0,0,0,0,17000,17000,0,0
046487,鴻海永昌92購01  ,0,0,0,0,0,0,0,0,0,0,0,0,0,13000,13000,0,0
046496,鴻海元大92購16  ,0,0,0,0,0,0,0,0,0,0,0,0,0,1000,1000,0,0
044646,旺宏群益93購01  ,0,0,0,0,0,0,0,0,0,0,0,0,0,10000,10000,0,0
044604,嘉聯益國泰93購01,0,0,0,0,0,0,0,0,0,0,0,0,0,30000,30000,0,0
04176P,台達電元大94售01,0,0,0,0,0,0,0,0,0,0,0,0,0,7000,7000,0,0
04178P,聯茂元大93售07  ,0,0,0,0,0,0,0,0,0,0,0,0,0,25000,25000,0,0
044568,台積電凱基91購19,0,0,0,0,0,0,0,0,0,0,0,0,0,160000,160000,0,0
04399P,樺漢群益94售01  ,0,0,0,0,0,0,0,0,0,0,0,0,0,55000,55000,0,0
03416P,聯電台新02售02  ,0,0,0,0,0,0,0,0,0,0,0,0,0,1000,1000,0,0
03283P,台灣50群益03售03,0,0,0,0,0,0,0,0,0,0,0,0,0,53000,53000,0,0
03335P,台積電兆豐03售07,0,0,0,0,0,0,0,0,0,0,0,0,0,10000,10000,0,0
03414B,臺股指凱基99熊01,0,0,0,0,0,0,0,0,0,0,0,0,0,180000,180000,0,0
03644C,臺股指元大94牛28,0,0,0,0,0,0,0,0,0,0,0,0,0,2000,2000,0,0
00636K,國泰中國A50+U   ,0,0,0,0,0,0,0,0,0,0,0,0,0,100,100,0,0
00625K,富邦上証+R      ,0,0,0,0,0,0,0,0,0,0,0,0,0,50000,50000,0,0
00657K,國泰日經225+U   ,0,0,0,0,0,0,0,0,0,0,0,0,0,100,100,0,0
00668K,國泰美國道瓊+U  ,0,0,0,0,0,0,0,0,0,0,0,0,0,100,100,0,0
00666R,富邦恒生國企反1 ,0,0,0,0,0,0,0,0,0,0,0,0,0,82000,82000,0,0
00732,國泰RMB短期報酬 ,0,0,0,0,0,0,0,0,0,0,0,0,0,100000,100000,0,0
00767,FH美國金融股    ,0,0,0,0,0,0,0,0,0,0,0,0,0,101000,101000,0,0
00774B,新光中國政金綠債,0,0,0,0,0,0,0,0,0,0,0,0,0,2000,2000,0,0
00775B,新光投等債15+   ,0,0,0,0,0,0,0,0,0,0,0,0,0,2000,2000,0,0
00851,台新全球AI      ,0,0,0,0,0,0,0,0,0,0,0,0,0,19000,19000,0,0
044494,可成元大91購08  ,0,0,0,0,0,0,0,0,0,0,0,0,0,330000,330000,0,0
044426,欣興國泰93購02  ,0,0,0,0,0,0,0,0,0,0,0,0,0,12000,12000,0,0
044407,聯茂凱基93購01  ,0,0,0,0,0,0,0,0,0,0,0,0,0,10000,10000,0,0
044396,燿華凱基93購02  ,0,0,0,0,0,0,0,0,0,0,0,0,0,10000,10000,0,0
04430P,晶相光元大94售04,0,0,0,0,0,0,0,0,0,0,0,0,0,80000,80000,0,0
04382P,美律國泰95售01  ,0,0,0,0,0,0,0,0,0,0,0,0,0,12000,12000,0,0
043774,瑞昱兆豐92購01  ,0,0,0,0,0,0,0,0,0,0,0,0,0,5000,5000,0,0
04085P,欣興元富93售01  ,0,0,0,0,0,0,0,0,0,0,0,0,0,1000,1000,0,0
04132P,瑞昱群益93售04  ,0,0,0,0,0,0,0,0,0,0,0,0,0,11000,11000,0,0
044277,彩晶群益92購01  ,0,0,0,0,0,0,0,0,0,0,0,0,0,21000,21000,0,0
044285,鴻海凱基93購06  ,0,0,0,0,0,0,0,0,0,0,0,0,0,1000,1000,0,0
044258,超眾元大92購02  ,0,0,0,0,0,0,0,0,0,0,0,0,0,1000,1000,0,0
040508,上証2X國泰93購01,0,0,0,0,0,0,0,0,0,0,0,0,0,2000,2000,0,0
03799P,京元電元大94售01,0,0,0,0,0,0,0,0,0,0,0,0,0,49000,49000,0,0
046941,瑞昱元大93購08  ,0,0,0,0,0,0,0,0,0,0,0,0,0,1000,1000,0,0
046939,燿華元大96購01  ,0,0,0,0,0,0,0,0,0,0,0,0,0,33000,33000,0,0
046877,燿華國泰94購01  ,0,0,0,0,0,0,0,0,0,0,0,0,0,30000,30000,0,0
046845,燿華永豐93購01  ,0,0,0,0,0,0,0,0,0,0,0,0,0,30000,30000,0,0
046852,燿華元大93購02  ,0,0,0,0,0,0,0,0,0,0,0,0,0,34000,34000,0,0
046858,群創元大94購02  ,0,0,0,0,0,0,0,0,0,0,0,0,0,12000,12000,0,0
047058,聯茂國票94購01  ,0,0,0,0,0,0,0,0,0,0,0,0,0,8000,8000,0,0
047043,廣越群益93購01  ,0,0,0,0,0,0,0,0,0,0,0,0,0,10000,10000,0,0
04699P,臺股指元富94售05,0,0,0,0,0,0,0,0,0,0,0,0,0,32000,32000,0,0
04644P,全新凱基94售01  ,0,0,0,0,0,0,0,0,0,0,0,0,0,2000,2000,0,0
046450,鴻海凱基93購12  ,0,0,0,0,0,0,0,0,0,0,0,0,0,1000,1000,0,0
04470P,為升元大94售01  ,0,0,0,0,0,0,0,0,0,0,0,0,0,85000,85000,0,0
045898,康控元大93購04  ,0,0,0,0,0,0,0,0,0,0,0,0,0,35000,35000,0,0
046834,致伸群益93購02  ,0,0,0,0,0,0,0,0,0,0,0,0,0,20000,20000,0,0
049977,瑞昱凱基94購03  ,0,0,0,0,0,0,0,0,0,0,0,0,0,4000,4000,0,0
050420,鴻海凱基95購03  ,0,0,0,0,0,0,0,0,0,0,0,0,0,1000,1000,0,0
050422,鴻海凱基96購01  ,0,0,0,0,0,0,0,0,0,0,0,0,0,1000,1000,0,0
050419,鴻海凱基95購02  ,0,0,0,0,0,0,0,0,0,0,0,0,0,3000,3000,0,0
050426,國巨凱基94購14  ,0,0,0,0,0,0,0,0,0,0,0,0,0,117000,117000,0,0
050433,華新科凱基94購11,0,0,0,0,0,0,0,0,0,0,0,0,0,61000,61000,0,0
050438,欣興凱基94購09  ,0,0,0,0,0,0,0,0,0,0,0,0,0,9000,9000,0,0
050260,鴻海元大94購15  ,0,0,0,0,0,0,0,0,0,0,0,0,0,10000,10000,0,0
050262,台積電元大94購21,0,0,0,0,0,0,0,0,0,0,0,0,0,1000,1000,0,0
050280,國巨日盛94購01  ,0,0,0,0,0,0,0,0,0,0,0,0,0,10000,10000,0,0
050259,鴻海元大94購14  ,0,0,0,0,0,0,0,0,0,0,0,0,0,8000,8000,0,0
050058,國巨凱基94購06  ,0,0,0,0,0,0,0,0,0,0,0,0,0,18000,18000,0,0
050052,致伸群益94購04  ,0,0,0,0,0,0,0,0,0,0,0,0,0,20000,20000,0,0
050111,全新元大95購02  ,0,0,0,0,0,0,0,0,0,0,0,0,0,234000,234000,0,0
050107,鴻海元大94購12  ,0,0,0,0,0,0,0,0,0,0,0,0,0,14000,14000,0,0
050092,鴻海永豐94購04  ,0,0,0,0,0,0,0,0,0,0,0,0,0,1000,1000,0,0
050115,群創元大96購01  ,0,0,0,0,0,0,0,0,0,0,0,0,0,119000,119000,0,0
050128,旺宏凱基94購04  ,0,0,0,0,0,0,0,0,0,0,0,0,0,2000,2000,0,0
050147,為升永豐94購01  ,0,0,0,0,0,0,0,0,0,0,0,0,0,43000,43000,0,0
050150,國巨群益95購01  ,0,0,0,0,0,0,0,0,0,0,0,0,0,61000,61000,0,0
050156,潤泰全群益94購01,0,0,0,0,0,0,0,0,0,0,0,0,0,20000,20000,0,0
050187,群創元大94購03  ,0,0,0,0,0,0,0,0,0,0,0,0,0,1000,1000,0,0
04677P,臺股指統一94售02,0,0,0,0,0,0,0,0,0,0,0,0,0,475000,475000,0,0
046058,訊芯群益92購01  ,0,0,0,0,0,0,0,0,0,0,0,0,0,3000,3000,0,0
04605P,台積電兆豐94售03,0,0,0,0,0,0,0,0,0,0,0,0,0,10000,10000,0,0
046061,中石化凱基98購01,0,0,0,0,0,0,0,0,0,0,0,0,0,26000,26000,0,0
046067,富邦金凱基92購02,0,0,0,0,0,0,0,0,0,0,0,0,0,5000,5000,0,0
046068,國泰金凱基92購02,0,0,0,0,0,0,0,0,0,0,0,0,0,6000,6000,0,0
046750,鴻海凱基93購17  ,0,0,0,0,0,0,0,0,0,0,0,0,0,5000,5000,0,0
046724,聯發科元大93購02,0,0,0,0,0,0,0,0,0,0,0,0,0,60000,60000,0,0
046741,GIS群益94購01   ,0,0,0,0,0,0,0,0,0,0,0,0,0,20000,20000,0,0
04669P,臺股指國票94售08,0,0,0,0,0,0,0,0,0,0,0,0,0,20000,20000,0,0
045818,鴻海凱基93購10  ,0,0,0,0,0,0,0,0,0,0,0,0,0,11000,11000,0,0
046196,欣興凱基92購04  ,0,0,0,0,0,0,0,0,0,0,0,0,0,18000,18000,0,0
046148,友達中信94購01  ,0,0,0,0,0,0,0,0,0,0,0,0,0,20000,20000,0,0
046251,宏達電群益92購03,0,0,0,0,0,0,0,0,0,0,0,0,0,10000,10000,0,0
046239,中石化中信92購02,0,0,0,0,0,0,0,0,0,0,0,0,0,100000,100000,0,0
046290,儒鴻統一93購01  ,0,0,0,0,0,0,0,0,0,0,0,0,0,10000,10000,0,0
046314,宏達電元大92購05,0,0,0,0,0,0,0,0,0,0,0,0,0,26000,26000,0,0
046339,訊芯中信92購01  ,0,0,0,0,0,0,0,0,0,0,0,0,0,20000,20000,0,0
04633P,旺宏群益96售04  ,0,0,0,0,0,0,0,0,0,0,0,0,0,10000,10000,0,0
046385,群創凱基98購03  ,0,0,0,0,0,0,0,0,0,0,0,0,0,3000,3000,0,0
046396,矽創國泰93購01  ,0,0,0,0,0,0,0,0,0,0,0,0,0,1000,1000,0,0
045265,和鑫凱基94購01  ,0,0,0,0,0,0,0,0,0,0,0,0,0,1000,1000,0,0
045299,友達元大92購02  ,0,0,0,0,0,0,0,0,0,0,0,0,0,10000,10000,0,0
045210,鴻海富邦93購02  ,0,0,0,0,0,0,0,0,0,0,0,0,0,2000,2000,0,0
045216,鴻海元大93購02  ,0,0,0,0,0,0,0,0,0,0,0,0,0,1000,1000,0,0
045412,宏達電群益93購01,0,0,0,0,0,0,0,0,0,0,0,0,0,10000,10000,0,0
04574P,台達電統一94售05,0,0,0,0,0,0,0,0,0,0,0,0,0,1000,1000,0,0
045736,台積電群益94購01,0,0,0,0,0,0,0,0,0,0,0,0,0,17000,17000,0,0
046683,宏達電群益93購02,0,0,0,0,0,0,0,0,0,0,0,0,0,10000,10000,0,0
044922,玉晶光永豐93購01,0,0,0,0,0,0,0,0,0,0,0,0,0,2000,2000,0,0
045121,康控元大93購03  ,0,0,0,0,0,0,0,0,0,0,0,0,0,47000,47000,0,0
044986,上銀統一92購01  ,0,70000,-70000,0,0,0,0,0,0,70000,0,0,0,70000,0,70000,0
045035,潤泰全群益93購01,0,0,0,0,0,0,0,0,0,0,0,0,0,20000,20000,0,0
045025,瑞昱國票92購01  ,0,0,0,0,0,0,0,0,0,0,0,0,0,10000,10000,0,0
045027,漢唐國票92購02  ,0,0,0,0,0,0,0,0,0,0,0,0,0,10000,10000,0,0
051058,景碩群益96購01  ,0,0,0,0,0,0,0,0,0,0,0,0,0,10000,10000,0,0
050587,緯穎國票94購02  ,6000,0,6000,0,0,0,0,0,0,-6000,0,0,0,0,6000,-6000,0
051288,可成統一95購03  ,0,0,0,0,0,0,0,0,0,0,0,0,0,11000,11000,0,0
051234,南電群益95購02  ,0,0,0,0,0,0,0,0,0,0,0,0,0,20000,20000,0,0
051121,裕民群益97購01  ,0,0,0,0,0,0,0,0,0,0,0,0,0,20000,20000,0,0
050446,鴻海元大94購22  ,0,0,0,0,0,0,0,0,0,0,0,0,0,6000,6000,0,0
050652,大立光凱基96購03,0,0,0,0,0,0,0,0,0,0,0,0,0,1000,1000,0,0
047332,訊芯元大93購04  ,0,0,0,0,0,0,0,0,0,0,0,0,0,2000,2000,0,0
050811,國巨凱基95購02  ,0,0,0,0,0,0,0,0,0,0,0,0,0,8000,8000,0,0
047145,鴻海群益95購01  ,0,0,0,0,0,0,0,0,0,0,0,0,0,10000,10000,0,0
047266,嘉聯益國票94購02,0,0,0,0,0,0,0,0,0,0,0,0,0,24000,24000,0,0
047256,矽創群益93購01  ,0,0,0,0,0,0,0,0,0,0,0,0,0,20000,20000,0,0
047257,南茂群益93購01  ,0,0,0,0,0,0,0,0,0,0,0,0,0,20000,20000,0,0
047222,鴻海凱基94購04  ,0,0,0,0,0,0,0,0,0,0,0,0,0,3000,3000,0,0
049680,臺股指國票94購13,0,0,0,0,0,0,0,0,0,0,0,0,0,18000,18000,0,0
049912,燿華元大94購04  ,0,0,0,0,0,0,0,0,0,0,0,0,0,4000,4000,0,0
049946,智邦兆豐95購01  ,0,0,0,0,0,0,0,0,0,0,0,0,0,100000,100000,0,0
049934,緯穎元大94購08  ,0,0,0,0,0,0,0,0,0,0,0,0,0,57000,57000,0,0
047488,臺股指凱基93購04,0,0,0,0,0,0,0,0,0,0,0,0,0,5000,5000,0,0
047475,為升凱基93購04  ,0,0,0,0,0,0,0,0,0,0,0,0,0,1000,1000,0,0
047460,富邦金群益95購01,0,0,0,0,0,0,0,0,0,0,0,0,0,20000,20000,0,0
047462,和鑫群益93購02  ,0,0,0,0,0,0,0,0,0,0,0,0,0,10000,10000,0,0
04908P,南電國票95售03  ,0,0,0,0,0,0,0,0,0,0,0,0,0,10000,10000,0,0
049760,滬深2X國泰95購02,0,0,0,0,0,0,0,0,0,0,0,0,0,30000,30000,0,0
049126,玉晶光元富94購02,0,0,0,0,0,0,0,0,0,0,0,0,0,50000,50000,0,0
049737,美食群益94購03  ,0,0,0,0,0,0,0,0,0,0,0,0,0,10000,10000,0,0
047495,新日興元富96購01,0,0,0,0,0,0,0,0,0,0,0,0,0,70000,70000,0,0
047523,瑞昱元大93購09  ,0,0,0,0,0,0,0,0,0,0,0,0,0,9000,9000,0,0
047524,瑞昱元大93購10  ,0,0,0,0,0,0,0,0,0,0,0,0,0,17000,17000,0,0
04839P,大立光元大94售17,0,0,0,0,0,0,0,0,0,0,0,0,0,100000,100000,0,0
048372,美利達統一93購01,0,0,0,0,0,0,0,0,0,0,0,0,0,3000,3000,0,0
047660,南茂麥證93購02  ,0,0,0,0,2000,-2000,0,0,0,0,0,0,0,2000,2000,0,0
047727,拓凱群益94購01  ,0,0,0,0,0,0,0,0,0,0,0,0,0,20000,20000,0,0
047721,GIS凱基93購04   ,0,0,0,0,0,0,0,0,0,0,0,0,0,50000,50000,0,0
048527,鴻海國票94購02  ,0,0,0,0,0,0,0,0,0,0,0,0,0,7000,7000,0,0
049815,緯穎元大94購06  ,0,0,0,0,0,0,0,0,0,0,0,0,0,2000,2000,0,0
049820,世紀鋼元大96購03,0,0,0,0,0,0,0,0,0,0,0,0,0,1000,1000,0,0
049823,為升凱基94購04  ,0,0,0,0,0,0,0,0,0,0,0,0,0,16000,16000,0,0
049843,康友中信95購01  ,0,0,0,0,0,0,0,0,0,0,0,0,0,45000,45000,0,0
048500,樺漢元大93購03  ,0,0,0,0,0,0,0,0,0,0,0,0,0,2000,2000,0,0
048443,旺宏凱基93購08  ,0,0,0,0,0,0,0,0,0,0,0,0,0,21000,21000,0,0
048445,瑞昱凱基93購11  ,0,0,0,0,0,0,0,0,0,0,0,0,0,4000,4000,0,0
048448,京元電凱基93購05,0,0,0,0,0,0,0,0,0,0,0,0,0,300000,300000,0,0
048450,聯詠凱基93購09  ,0,0,0,0,0,0,0,0,0,0,0,0,0,2000,2000,0,0
049800,瑞昱元大94購05  ,0,0,0,0,0,0,0,0,0,0,0,0,0,10000,10000,0,0
047543,鴻海凱基94購09  ,0,0,0,0,0,0,0,0,0,0,0,0,0,7000,7000,0,0
047546,瑞昱凱基93購06  ,0,0,0,0,0,0,0,0,0,0,0,0,0,13000,13000,0,0
047530,智伸科元大93購04,0,0,0,0,0,0,0,0,0,0,0,0,0,7000,7000,0,0
050367,鴻海元大94購20  ,0,0,0,0,0,0,0,0,0,0,0,0,0,47000,47000,0,0
050354,瀚宇博群益94購02,0,0,0,0,0,0,0,0,0,0,0,0,0,20000,20000,0,0
050333,鴻海國泰96購06  ,0,0,0,0,0,0,0,0,0,0,0,0,0,45000,45000,0,0
047577,宏達電群益93購03,0,0,0,0,0,0,0,0,0,0,0,0,0,10000,10000,0,0
047602,GIS中信93購02   ,0,0,0,0,0,0,0,0,0,0,0,0,0,60000,60000,0,0
048853,凌陽群益94購01  ,0,0,0,0,0,0,0,0,0,0,0,0,0,20000,20000,0,0
048854,凌陽群益94購02  ,0,0,0,0,0,0,0,0,0,0,0,0,0,20000,20000,0,0
048845,GIS凱基94購02   ,0,0,0,0,0,0,0,0,0,0,0,0,0,50000,50000,0,0
048849,光寶科群益94購01,0,0,0,0,0,0,0,0,0,0,0,0,0,10000,10000,0,0
048864,昇陽半群益94購01,0,0,0,0,0,0,0,0,0,0,0,0,0,20000,20000,0,0
048865,世紀鋼群益94購01,0,0,0,0,0,0,0,0,0,0,0,0,0,10000,10000,0,0
048829,欣興凱基94購02  ,0,0,0,0,0,0,0,0,0,0,0,0,0,17000,17000,0,0
048831,玉晶光凱基95購01,0,0,0,0,0,0,0,0,0,0,0,0,0,1000,1000,0,0
048992,昇陽半元大94購02,0,0,0,0,0,0,0,0,0,0,0,0,0,2000,2000,0,0
049588,聯發科元大94購06,0,0,0,0,0,0,0,0,0,0,0,0,0,7000,7000,0,0
048743,美利達統一94購01,0,0,0,0,0,0,0,0,0,0,0,0,0,3000,3000,0,0
048730,智原麥證94購01  ,0,0,0,10000,10000,0,0,0,0,0,0,0,0,10000,10000,0,0
048786,瑞昱元大94購02  ,0,0,0,0,0,0,0,0,0,0,0,0,0,4000,4000,0,0
048798,華新科國泰95購01,0,0,0,0,0,0,0,0,0,0,0,0,0,1000,1000,0,0
048799,台積電富邦94購03,0,0,0,0,0,0,0,0,0,0,0,0,0,2000,2000,0,0
048767,欣興凱基94購01  ,0,0,0,0,0,0,0,0,0,0,0,0,0,7000,7000,0,0
048676,和鑫國泰94購02  ,0,0,0,0,0,0,0,0,0,0,0,0,0,1000,1000,0,0
048637,鴻海元大96購01  ,0,0,0,0,0,0,0,0,0,0,0,0,0,1000,1000,0,0
048614,欣興凱基93購05  ,0,0,0,0,0,0,0,0,0,0,0,0,0,14000,14000,0,0
048592,漢唐群益93購04  ,0,0,0,0,0,0,0,0,0,0,0,0,0,10000,10000,0,0
049402,奇鋐群益95購02  ,0,0,0,0,0,0,0,0,0,0,0,0,0,10000,10000,0,0
049308,台達電凱基94購04,0,0,0,0,0,0,0,0,0,0,0,0,0,20000,20000,0,0
049326,聯發科元富94購01,0,0,0,0,0,0,0,0,0,0,0,0,0,40000,40000,0,0
049319,GIS凱基94購03   ,0,0,0,0,0,0,0,0,0,0,0,0,0,20000,20000,0,0
049625,智易群益95購01  ,0,0,0,0,0,0,0,0,0,0,0,0,0,20000,20000,0,0
049172,鴻海凱基94購14  ,0,0,0,0,0,0,0,0,0,0,0,0,0,6000,6000,0,0
049173,鴻海凱基94購15  ,0,0,0,0,0,0,0,0,0,0,0,0,0,8000,8000,0,0
049170,亞德客凱基94購01,0,0,0,0,0,0,0,0,0,0,0,0,0,1000,1000,0,0
04920P,智易凱基94售05  ,0,0,0,0,0,0,0,0,0,0,0,0,0,50000,50000,0,0
049210,昇陽半群益94購02,0,0,0,0,0,0,0,0,0,0,0,0,0,20000,20000,0,0
049201,劍麟群益94購01  ,0,0,0,0,0,0,0,0,0,0,0,0,0,10000,10000,0,0
049203,智邦群益94購01  ,0,0,0,0,0,0,0,0,0,0,0,0,0,10000,10000,0,0
049254,台積電元大96購02,0,0,0,0,0,0,0,0,0,0,0,0,0,22000,22000,0,0
049273,臺股指元大94購08,0,0,0,0,0,0,0,0,0,0,0,0,0,1000,1000,0,0
048026,瑞昱凱基94購01  ,0,0,0,0,0,0,0,0,0,0,0,0,0,6000,6000,0,0
048019,GIS麥證94購01   ,0,0,0,120000,20000,100000,0,0,0,0,0,0,0,120000,120000,0,0
047986,明泰群益93購01  ,0,0,0,0,0,0,0,0,0,0,0,0,0,10000,10000,0,0
048085,鴻海凱基93購32  ,0,0,0,0,0,0,0,0,0,0,0,0,0,10000,10000,0,0
048117,南電群益93購02  ,0,0,0,0,0,0,0,0,0,0,0,0,0,20000,20000,0,0
048112,宏達電群益93購05,0,0,0,0,0,0,0,0,0,0,0,0,0,100000,100000,0,0
048110,京元電群益94購01,0,0,0,0,0,0,0,0,0,0,0,0,0,10000,10000,0,0
048234,美利達凱基93購03,0,0,0,0,0,0,0,0,0,0,0,0,0,100000,100000,0,0
047365,隆達群益93購01  ,0,0,0,0,0,0,0,0,0,0,0,0,0,100000,100000,0,0
047359,台達電群益93購01,0,0,0,0,0,0,0,0,0,0,0,0,0,10000,10000,0,0
048114,景碩群益93購02  ,0,0,0,0,0,0,0,0,0,0,0,0,0,10000,10000,0,0
048303,A50凱基96購01   ,0,0,0,0,0,0,0,0,0,0,0,0,0,2000,2000,0,0
048313,南亞科凱基93購06,0,0,0,0,0,0,0,0,0,0,0,0,0,103000,103000,0,0
048321,欣興凱基93購03  ,0,0,0,0,0,0,0,0,0,0,0,0,0,10000,10000,0,0
048329,台積電永昌93購07,0,0,0,0,0,0,0,0,0,0,0,0,0,101000,101000,0,0
048554,燿華元大93購06  ,0,0,0,0,0,0,0,0,0,0,0,0,0,5000,5000,0,0
048557,瑞昱元大94購01  ,0,0,0,0,0,0,0,0,0,0,0,0,0,4000,4000,0,0
048566,上海銀元大93購04,0,0,0,0,0,0,0,0,0,0,0,0,0,7000,7000,0,0
048568,緯穎元大93購06  ,0,0,0,0,0,0,0,0,0,0,0,0,0,6000,6000,0,0
048928,華新科永豐94購02,0,0,0,0,0,0,0,0,0,0,0,0,0,212000,212000,0,0
050198,緯穎元大94購09  ,0,0,0,0,0,0,0,0,0,0,0,0,0,1000,1000,0,0
050238,瑞昱凱基94購05  ,0,0,0,0,0,0,0,0,0,0,0,0,0,8000,8000,0,0
047783,聯茂國泰94購02  ,0,0,0,0,0,0,0,0,0,0,0,0,0,10000,10000,0,0
047758,康舒元富93購01  ,0,0,0,0,0,0,0,0,0,0,0,0,0,30000,30000,0,0
047764,燿華元大93購03  ,0,0,0,0,0,0,0,0,0,0,0,0,0,6000,6000,0,0
049550,柏文群益94購01  ,0,0,0,0,0,0,0,0,0,0,0,0,0,20000,20000,0,0
049549,瀚宇博群益94購01,0,0,0,0,0,0,0,0,0,0,0,0,0,20000,20000,0,0
047839,景碩元大93購03  ,0,0,0,0,0,0,0,0,0,0,0,0,0,7000,7000,0,0
047811,聯發科凱基93購23,0,0,0,0,0,0,0,0,0,0,0,0,0,6000,6000,0,0
047804,鴻海凱基93購26  ,0,0,0,0,0,0,0,0,0,0,0,0,0,3000,3000,0,0
047915,鴻海凱基93購27  ,0,0,0,0,0,0,0,0,0,0,0,0,0,3000,3000,0,0
053722,新光金凱基9C購01,0,0,0,0,0,0,0,0,0,0,0,0,0,15000,15000,0,0
053750,致伸永豐96購02  ,0,0,0,0,0,0,0,0,0,0,0,0,0,10000,10000,0,0
053316,友達群益9A購01  ,0,0,0,0,0,0,0,0,0,0,0,0,0,10000,10000,0,0
053277,大立光元大96購04,0,0,0,0,0,0,0,0,0,0,0,0,0,11000,11000,0,0
053157,日月光元大96購03,0,0,0,0,0,0,0,0,0,0,0,0,0,2000,2000,0,0
05315P,鴻海永昌96售08  ,0,0,0,0,0,0,0,0,0,0,0,0,0,150000,150000,0,0
053223,台郡凱基96購02  ,0,0,0,0,0,0,0,0,0,0,0,0,0,2000,2000,0,0
053324,康舒群益96購01  ,0,0,0,0,0,0,0,0,0,0,0,0,0,10000,10000,0,0
053380,南亞科元大97購01,0,0,0,0,0,0,0,0,0,0,0,0,0,20000,20000,0,0
053403,彩晶群益98購01  ,0,0,0,0,0,0,0,0,0,0,0,0,0,20000,20000,0,0
053408,友達兆豐98購01  ,0,0,0,0,0,0,0,0,0,0,0,0,0,10000,10000,0,0
053446,欣興凱基96購02  ,0,0,0,0,0,0,0,0,0,0,0,0,0,6000,6000,0,0
053425,京鼎永豐96購01  ,0,0,0,0,0,0,0,0,0,0,0,0,0,10000,10000,0,0
053466,華通元大98購01  ,0,0,0,0,0,0,0,0,0,0,0,0,0,2000,2000,0,0
053467,鴻海元大96購20  ,0,0,0,0,0,0,0,0,0,0,0,0,0,1000,1000,0,0
052691,GIS元大96購01   ,0,0,0,0,0,0,0,0,0,0,0,0,0,41000,41000,0,0
052693,微星中信96購01  ,0,0,0,0,0,0,0,0,0,0,0,0,0,10000,10000,0,0
052712,旺宏凱基96購02  ,0,0,0,0,0,0,0,0,0,0,0,0,0,2000,2000,0,0
052645,美食永豐96購01  ,0,0,0,0,0,0,0,0,0,0,0,0,0,5000,5000,0,0
05264P,微星元大95售02  ,0,0,0,0,0,0,0,0,0,0,0,0,0,8000,8000,0,0
052777,燿華國票98購01  ,0,0,0,0,0,0,0,0,0,0,0,0,0,16000,16000,0,0
052764,景碩群益98購01  ,0,0,0,0,0,0,0,0,0,0,0,0,0,10000,10000,0,0
052760,盟立群益96購01  ,0,0,0,0,0,0,0,0,0,0,0,0,0,20000,20000,0,0
052510,聯發科凱基95購13,0,0,0,0,0,0,0,0,0,0,0,0,0,10000,10000,0,0
052504,鴻海日盛95購03  ,0,0,0,0,0,0,0,0,0,0,0,0,0,16000,16000,0,0
052528,茂林元大95購05  ,0,0,0,0,0,0,0,0,0,0,0,0,0,182000,182000,0,0
052490,禾伸堂國票95購01,0,0,0,0,0,0,0,0,0,0,0,0,0,10000,10000,0,0
05245P,台積電元大95售18,0,0,0,0,0,0,0,0,0,0,0,0,0,40000,40000,0,0
052467,嘉聯益統一96購01,0,0,0,0,0,0,0,0,0,0,0,0,0,18000,18000,0,0
052445,南亞科元大95購05,0,0,0,0,0,0,0,0,0,0,0,0,0,15000,15000,0,0
05244P,台積電元大95售17,0,0,0,0,0,0,0,0,0,0,0,0,0,10000,10000,0,0
052578,大立光統一97購01,0,0,0,0,0,0,0,0,0,0,0,0,0,10000,10000,0,0
05261P,鴻海元大95售20  ,0,0,0,0,0,0,0,0,0,0,0,0,0,151000,151000,0,0
052602,聯電元大97購01  ,0,0,0,0,0,0,0,0,0,0,0,0,0,10000,10000,0,0
053031,華新科第一96購01,0,0,0,0,0,0,0,0,0,0,0,0,0,10000,10000,0,0
053000,臺股指康和96購02,0,0,0,0,0,0,0,0,0,0,0,0,0,1000,1000,0,0
053086,宏達電元大97購01,0,0,0,0,0,0,0,0,0,0,0,0,0,60000,60000,0,0
053075,欣興永豐96購01  ,0,0,0,0,0,0,0,0,0,0,0,0,0,12000,12000,0,0
053073,技嘉康和96購01  ,0,0,0,0,0,0,0,0,0,0,0,0,0,1000,1000,0,0
053146,滬深2X元大96購08,0,0,0,0,0,0,0,0,0,0,0,0,0,10000,10000,0,0
053103,瀚宇博元富96購01,0,0,0,0,0,0,0,0,0,0,0,0,0,5000,5000,0,0
052859,國巨凱基96購07  ,0,0,0,0,0,0,0,0,0,0,0,0,0,88000,88000,0,0
052860,旺宏凱基96購03  ,0,0,0,0,0,0,0,0,0,0,0,0,0,1000,1000,0,0
05287P,鴻海元富95售09  ,0,0,0,0,0,0,0,0,0,0,0,0,0,15000,15000,0,0
052895,台積電群益96購04,0,0,0,0,0,0,0,0,0,0,0,0,0,73000,73000,0,0
052886,世紀鋼兆豐96購01,0,0,0,0,0,0,0,0,0,0,0,0,0,10000,10000,0,0
051633,可成國票96購03  ,0,0,0,0,0,0,0,0,0,0,0,0,0,11000,11000,0,0
051621,欣興凱基95購02  ,0,0,0,0,0,0,0,0,0,0,0,0,0,9000,9000,0,0
051671,和鑫元大96購02  ,0,0,0,0,0,0,0,0,0,0,0,0,0,3000,3000,0,0
051684,瑞昱凱基95購02  ,0,0,0,0,0,0,0,0,0,0,0,0,0,12000,12000,0,0
051581,聯發科元大95購12,0,0,0,0,0,0,0,0,0,0,0,0,0,6000,6000,0,0
051502,南茂群益95購01  ,0,0,0,0,0,0,0,0,0,0,0,0,0,20000,20000,0,0
05141P,華通台新96售01  ,0,0,0,0,0,0,0,0,0,0,0,0,0,10000,10000,0,0
05146P,鴻海元大95售10  ,0,0,0,0,0,0,0,0,0,0,0,0,0,82000,82000,0,0
051476,聯發科凱基95購09,0,0,0,0,0,0,0,0,0,0,0,0,0,15000,15000,0,0
05147P,鴻海元大95售11  ,0,0,0,0,0,0,0,0,0,0,0,0,0,76000,76000,0,0
051461,聯詠國泰96購01  ,0,0,0,0,0,0,0,0,0,0,0,0,0,19000,19000,0,0
051486,玉晶光凱基97購03,0,0,0,0,0,0,0,0,0,0,0,0,0,3000,3000,0,0
051349,國巨元大95購08  ,0,0,0,0,0,0,0,0,0,0,0,0,0,2000,2000,0,0
051344,鴻海元大95購08  ,0,0,0,0,0,0,0,0,0,0,0,0,0,76000,76000,0,0
051345,鴻海元大95購09  ,0,0,0,0,0,0,0,0,0,0,0,0,0,246000,246000,0,0
051379,新光金群益95購01,0,0,0,0,0,0,0,0,0,0,0,0,0,10000,10000,0,0
050528,瑞儀元大94購02  ,0,0,0,0,0,0,0,0,0,0,0,0,0,15000,15000,0,0
050541,智邦凱基94購04  ,0,0,0,0,0,0,0,0,0,0,0,0,0,200000,200000,0,0
050537,鴻海凱基95購05  ,0,0,0,0,0,0,0,0,0,0,0,0,0,3000,3000,0,0
050551,大立光凱基95購05,0,0,0,0,0,0,0,0,0,0,0,0,0,1000,1000,0,0
050547,華新科凱基95購01,0,0,0,0,0,0,0,0,0,0,0,0,0,2000,2000,0,0
050474,鴻海永豐94購05  ,0,0,0,0,0,0,0,0,0,0,0,0,0,1000,1000,0,0
050518,台積電元大94購28,0,0,0,0,0,0,0,0,0,0,0,0,0,16000,16000,0,0
050835,GIS凱基96購01   ,0,0,0,0,0,0,0,0,0,0,0,0,0,98000,98000,0,0
050886,台積電富邦95購04,0,0,0,0,0,0,0,0,0,0,0,0,0,30000,30000,0,0
050765,鴻海元大96購02  ,0,0,0,0,0,0,0,0,0,0,0,0,0,252000,252000,0,0
050692,鴻海凱基96購04  ,0,0,0,0,0,0,0,0,0,0,0,0,0,3000,3000,0,0
050809,鴻海凱基95購08  ,0,0,0,0,0,0,0,0,0,0,0,0,0,3000,3000,0,0
050813,旺宏凱基96購01  ,0,0,0,0,0,0,0,0,0,0,0,0,0,10000,10000,0,0
050460,GIS元大95購03   ,0,0,0,0,0,0,0,0,0,0,0,0,0,125000,125000,0,0
050609,鴻海元大94購23  ,0,0,0,0,0,0,0,0,0,0,0,0,0,9000,9000,0,0
050610,鴻海元大94購24  ,0,0,0,0,0,0,0,0,0,0,0,0,0,27000,27000,0,0
050616,潤泰全元大94購01,0,0,0,0,0,0,0,0,0,0,0,0,0,25000,25000,0,0
050639,GIS國票96購01   ,0,0,0,0,0,0,0,0,0,0,0,0,0,30000,30000,0,0
050719,世紀鋼群益96購01,0,0,0,0,0,0,0,0,0,0,0,0,0,10000,10000,0,0
052326,滬深反中信99購01,0,0,0,0,0,0,0,0,0,0,0,0,0,5000,5000,0,0
052363,廣達國票96購01  ,0,0,0,0,0,0,0,0,0,0,0,0,0,20000,20000,0,0
052393,康友群益95購05  ,0,0,0,0,0,0,0,0,0,0,0,0,0,40000,40000,0,0
05243P,鴻海元大95售19  ,0,0,0,0,0,0,0,0,0,0,0,0,0,317000,317000,0,0
052315,廣宇元大95購02  ,0,0,0,0,0,0,0,0,0,0,0,0,0,20000,20000,0,0
052338,道瓊反凱基97購02,0,0,0,0,0,0,0,0,0,0,0,0,0,10000,10000,0,0
052279,旺宏凱基95購07  ,0,0,0,0,0,0,0,0,0,0,0,0,0,2000,2000,0,0
052280,聯發科凱基95購11,0,0,0,0,0,0,0,0,0,0,0,0,0,17000,17000,0,0
052105,南亞科兆豐95購01,0,0,0,0,0,0,0,0,0,0,0,0,0,10000,10000,0,0
05208P,TPK中信95售01   ,0,0,0,0,0,0,0,0,0,0,0,0,0,10000,10000,0,0
052132,旺宏凱基9B購01  ,0,0,0,0,0,0,0,0,0,0,0,0,0,19000,19000,0,0
052230,大立光凱基96購09,0,0,0,0,0,0,0,0,0,0,0,0,0,11000,11000,0,0
05219P,鴻海元大95售17  ,0,0,0,0,0,0,0,0,0,0,0,0,0,158000,158000,0,0
051894,嘉聯益元富95購03,0,0,0,0,0,0,0,0,0,0,0,0,0,10000,10000,0,0
051905,道瓊銀元大95購01,0,0,0,0,0,0,0,0,0,0,0,0,0,5000,5000,0,0
051973,華新科凱基96購04,0,0,0,0,0,0,0,0,0,0,0,0,0,2000,2000,0,0
051986,燿華元大96購04  ,0,0,0,0,0,0,0,0,0,0,0,0,0,5000,5000,0,0
051701,華通群益97購01  ,0,0,0,0,0,0,0,0,0,0,0,0,0,10000,10000,0,0
051710,和碩群益95購01  ,0,0,0,0,0,0,0,0,0,0,0,0,0,15000,15000,0,0
05173P,臺股指元大95售17,0,0,0,0,0,0,0,0,0,0,0,0,0,10000,10000,0,0
051740,可成國票96購04  ,0,0,0,0,0,0,0,0,0,0,0,0,0,10000,10000,0,0
051754,廣宇元大95購01  ,0,0,0,0,0,0,0,0,0,0,0,0,0,20000,20000,0,0
05174P,元金2X富邦9B售01,0,0,0,0,0,0,0,0,0,0,0,0,0,30000,30000,0,0
051839,和鑫國泰96購01  ,0,0,0,0,0,0,0,0,0,0,0,0,0,1000,1000,0,0
051852,啟碁群益95購01  ,0,0,0,0,0,0,0,0,0,0,0,0,0,20000,20000,0,0
051850,臻鼎中信96購01  ,0,0,0,0,0,0,0,0,0,0,0,0,0,20000,20000,0,0
051807,瑞昱凱基95購03  ,0,0,0,0,0,0,0,0,0,0,0,0,0,8000,8000,0,0
051787,燿華國票96購02  ,0,0,0,0,0,0,0,0,0,0,0,0,0,16000,16000,0,0
1730,花仙子          ,17000,17000,0,0,0,0,0,0,0,0,0,0,0,0,0,0,0
1711,永光            ,28000,20000,8000,0,0,0,0,0,0,-8000,0,8000,-8000,0,0,0,0
1516,川飛            ,1000,1000,0,0,0,0,0,0,0,0,0,0,0,0,0,0,0
2009,第一銅          ,1000,1000,0,0,0,0,0,0,0,0,0,0,0,0,0,0,0
2017,官田鋼          ,1000,0,1000,0,0,0,0,0,0,-1000,0,1000,-1000,0,0,0,0
2466,冠西電          ,3000,1000,2000,0,0,0,0,0,0,-2000,0,2000,-2000,0,0,0,0
2302,麗正            ,1000,1000,0,0,0,0,0,0,0,0,0,0,0,0,0,0,0
2358,廷鑫            ,7000,7000,0,0,0,0,0,0,0,0,0,0,0,0,0,0,0
3229,晟鈦            ,1000,1000,0,0,0,0,0,0,0,0,0,0,0,0,0,0,0
3164,景岳            ,1000,0,1000,0,0,0,0,0,0,-1000,0,1000,-1000,0,0,0,0
3167,大量            ,6000,6000,0,0,0,0,0,0,0,0,0,0,0,0,0,0,0
3046,建碁            ,1000,1000,0,0,0,0,0,0,0,0,0,0,0,0,0,0,0
4144,康聯-KY         ,2000,2000,0,0,0,0,0,0,0,0,0,0,0,0,0,0,0
4106,雃博            ,2000,2000,0,0,0,0,0,0,0,0,0,0,0,0,0,0,0
4108,懷特            ,1000,1000,0,0,0,0,0,0,0,0,0,0,0,0,0,0,0
2613,中櫃            ,2000,1000,1000,0,0,0,0,0,0,-1000,0,1000,-1000,0,0,0,0
4952,凌通            ,7000,7000,0,0,0,0,0,0,0,0,0,0,0,0,0,0,0
9942,茂順            ,7000,7000,0,0,0,0,0,0,0,0,0,0,0,0,0,0,0
8367,建新國際        ,5000,4000,1000,0,0,0,0,0,0,-1000,0,1000,-1000,0,0,0,0
8104,錸寶            ,12000,11000,1000,0,0,0,0,0,0,-1000,0,1000,-1000,0,0,0,0
8114,振樺電          ,19000,4000,15000,0,0,0,0,12000,-12000,-3000,0,3000,-3000,0,0,0,0
6531,愛普            ,119000,114491,4509,0,0,0,0,0,0,-5000,15000,20000,-5000,0,0,0,-491
9908,大台北          ,4000,4857,-857,0,0,0,0,0,0,0,0,0,0,0,0,0,-857
06261P,上銀凱基97售03  ,0,0,0,0,0,0,0,0,0,-1000,0,0,0,0,1000,-1000,-1000
06101P,聯發科日盛97售03,0,0,0,0,0,0,0,0,0,-1000,0,0,0,12000,13000,-1000,-1000
1418,東華            ,0,1000,-1000,0,0,0,0,0,0,0,0,0,0,0,0,0,-1000
1467,南緯            ,1000,0,1000,0,0,0,0,0,0,-2000,0,2000,-2000,0,0,0,-1000
05680P,聯發科元大96售12,0,0,0,0,0,0,0,0,0,-1000,0,0,0,11000,12000,-1000,-1000
055299,康友元大97購02  ,0,0,0,0,0,0,0,0,0,-1000,0,0,0,27000,28000,-1000,-1000
055216,友達凱基98購05  ,0,0,0,0,0,0,0,0,0,-1000,0,0,0,0,1000,-1000,-1000
05555P,健策群益98售01  ,0,0,0,0,0,0,0,0,0,-1000,0,0,0,25000,26000,-1000,-1000
055536,嘉聯益群益99購02,0,0,0,0,0,0,0,0,0,-1000,0,0,0,10000,11000,-1000,-1000
055612,台光電國票97購04,0,0,0,0,0,0,0,0,0,-1000,0,0,0,4000,5000,-1000,-1000
055797,華通富邦98購01  ,0,0,0,0,0,0,0,0,0,-1000,0,0,0,0,1000,-1000,-1000
055760,新日興群益98購02,0,0,0,0,0,0,0,0,0,-1000,0,0,0,20000,21000,-1000,-1000
055752,臺股指永昌97購01,0,0,0,0,0,0,0,0,0,-1000,0,0,0,0,1000,-1000,-1000
055830,上銀元大97購07  ,0,0,0,0,0,0,0,0,0,-1000,0,0,0,38000,39000,-1000,-1000
055820,矽力國票98購02  ,0,0,0,0,0,0,0,0,0,-1000,0,0,0,0,1000,-1000,-1000
055824,臺股指國票97購11,0,0,0,0,0,0,0,0,0,-1000,0,0,0,0,1000,-1000,-1000
055716,致茂元大97購01  ,0,0,0,0,0,0,0,0,0,-1000,0,0,0,34000,35000,-1000,-1000
055747,康舒元富97購01  ,0,0,0,0,0,0,0,0,0,-1000,0,0,0,0,1000,-1000,-1000
05592P,可成群益96售03  ,0,0,0,0,0,0,0,0,0,-1000,0,0,0,10000,11000,-1000,-1000
054538,台光電國票98購01,0,0,0,0,0,0,0,0,0,-1000,0,0,0,12000,13000,-1000,-1000
054624,台積電凱基98購03,0,0,0,0,0,0,0,0,0,-1000,0,0,0,1000,2000,-1000,-1000
054620,南茂永豐97購01  ,0,0,0,0,0,0,0,0,0,-1000,0,0,0,0,1000,-1000,-1000
055111,宏盛凱基97購01  ,0,0,0,0,0,0,0,0,0,-1000,0,0,0,0,1000,-1000,-1000
05503P,智邦日盛96售01  ,0,0,0,0,0,0,0,0,0,-1000,0,0,0,1000,2000,-1000,-1000
054924,景碩凱基98購01  ,0,0,0,0,0,0,0,0,0,-1000,0,0,0,0,1000,-1000,-1000
054919,興富發凱基97購01,0,0,0,0,0,0,0,0,0,-1000,0,0,0,0,1000,-1000,-1000
05487P,台表科凱基95售02,0,0,0,0,0,0,0,0,0,-1000,0,0,0,13000,14000,-1000,-1000
054871,明泰群益98購01  ,0,0,0,0,0,0,0,0,0,-1000,0,0,0,80000,81000,-1000,-1000
054469,同欣電凱基97購01,0,0,0,0,0,0,0,0,0,-1000,0,0,0,43000,44000,-1000,-1000
054446,美食兆豐97購01  ,0,0,0,0,0,0,0,0,0,-1000,0,0,0,0,1000,-1000,-1000
054413,台光電元大96購03,0,0,0,0,0,0,0,0,0,-1000,0,0,0,0,1000,-1000,-1000
053866,景碩元大97購02  ,0,0,0,0,0,0,0,0,0,-1000,0,0,0,0,1000,-1000,-1000
053878,台表科亞東96購01,0,0,0,0,0,0,0,0,0,-1000,0,0,0,0,1000,-1000,-1000
054136,亞光元大96購04  ,0,0,0,0,0,0,0,0,0,-1000,0,0,0,1000,2000,-1000,-1000
054127,台積電元大96購21,0,0,0,0,0,0,0,0,0,-1000,0,0,0,0,1000,-1000,-1000
054156,聯電亞東98購01  ,0,0,0,0,0,0,0,0,0,-1000,0,0,0,0,1000,-1000,-1000
054186,高鐵永豐96購01  ,0,0,0,0,0,0,0,0,0,-1000,0,0,0,0,1000,-1000,-1000
054176,亞光台新96購01  ,0,0,0,0,0,0,0,0,0,-1000,0,0,0,64000,65000,-1000,-1000
054029,瀚宇博凱基96購02,0,0,0,0,0,0,0,0,0,-1000,0,0,0,0,1000,-1000,-1000
054062,TPK國票96購02   ,0,0,0,0,0,0,0,0,0,-1000,0,0,0,0,1000,-1000,-1000
045011,華新科元大92購08,0,0,0,0,0,0,0,0,0,-1000,0,0,0,0,1000,-1000,-1000
045082,聯詠元大92購01  ,0,0,0,0,0,0,0,0,0,-1000,0,0,0,0,1000,-1000,-1000
044878,元上證群益93購01,0,0,0,0,0,0,0,0,0,-1000,0,0,0,0,1000,-1000,-1000
045772,台光電元大93購01,0,0,0,0,0,0,0,0,0,-1000,0,0,0,0,1000,-1000,-1000
045303,華新科元大92購10,0,0,0,0,0,0,0,0,0,-1000,0,0,0,0,1000,-1000,-1000
045288,元油2X元大95購02,0,0,0,0,0,0,0,0,0,-1000,0,0,0,0,1000,-1000,-1000
046324,健策元大92購05  ,0,0,0,0,0,0,0,0,0,-1000,0,0,0,0,1000,-1000,-1000
046309,聯發科元大92購14,0,0,0,0,0,0,0,0,0,-1000,0,0,0,0,1000,-1000,-1000
046292,聯發科統一92購02,0,0,0,0,0,0,0,0,0,-1000,0,0,0,48000,49000,-1000,-1000
046277,可成台新92購01  ,0,0,0,0,0,0,0,0,0,-1000,0,0,0,0,1000,-1000,-1000
045819,台積電凱基92購14,0,0,0,0,0,0,0,0,0,-1000,0,0,0,0,1000,-1000,-1000
046690,元油2X凱基93購03,0,0,0,0,0,0,0,0,0,-1000,0,0,0,2000,3000,-1000,-1000
046749,為升凱基93購01  ,0,0,0,0,0,0,0,0,0,-1000,0,0,0,0,1000,-1000,-1000
050177,聯發科元大94購11,0,0,0,0,0,0,0,0,0,-1000,0,0,0,41000,42000,-1000,-1000
05040P,聯發科凱基95售05,0,0,0,0,0,0,0,0,0,-1000,0,0,0,0,1000,-1000,-1000
05039P,鴻海凱基95售10  ,0,0,0,0,0,0,0,0,0,-1000,0,0,0,0,1000,-1000,-1000
04591P,上銀元大94售01  ,0,0,0,0,0,0,0,0,0,-1000,0,0,0,0,1000,-1000,-1000
044755,可成凱基91購10  ,0,0,0,0,0,0,0,0,0,-1000,0,0,0,10000,11000,-1000,-1000
046428,矽力元大92購02  ,0,0,0,0,0,0,0,0,0,-1000,0,0,0,0,1000,-1000,-1000
046460,聯鈞凱基93購02  ,0,0,0,0,0,0,0,0,0,-1000,0,0,0,52000,53000,-1000,-1000
046991,健策凱基93購04  ,0,0,0,0,0,0,0,0,0,-1000,0,0,0,0,1000,-1000,-1000
046918,台光電永豐93購02,0,0,0,0,0,0,0,0,0,-1000,0,0,0,0,1000,-1000,-1000
03651P,統一元大92售01  ,0,0,0,0,0,0,0,0,0,-1000,0,0,0,0,1000,-1000,-1000
04047P,華邦電元大94售03,0,0,0,0,0,0,0,0,0,-1000,0,0,0,9000,10000,-1000,-1000
03888P,大立光元富93售03,0,0,0,0,0,0,0,0,0,-1000,0,0,0,29000,30000,-1000,-1000
03868P,統一凱基93售02  ,0,0,0,0,0,0,0,0,0,-1000,0,0,0,0,1000,-1000,-1000
04161P,全新國泰94售01  ,0,0,0,0,0,0,0,0,0,-1000,0,0,0,2000,3000,-1000,-1000
043895,鴻海群益92購01  ,0,0,0,0,0,0,0,0,0,-1000,0,0,0,0,1000,-1000,-1000
043896,台積電群益92購06,0,0,0,0,0,0,0,0,0,-1000,0,0,0,0,1000,-1000,-1000
044321,超眾永豐91購01  ,0,0,0,0,0,0,0,0,0,-1000,0,0,0,0,1000,-1000,-1000
044427,群創國泰93購01  ,0,0,0,0,0,0,0,0,0,-1000,0,0,0,0,1000,-1000,-1000
020004,兆豐電菁英30N   ,0,0,0,0,0,0,0,0,0,-1000,0,0,0,0,1000,-1000,-1000
00715L,街口布蘭特油正2 ,0,0,0,0,0,0,0,0,0,-1000,0,0,0,1000,2000,-1000,-1000
0054,元大台商50      ,0,0,0,0,0,0,0,0,0,-1000,0,0,0,0,1000,-1000,-1000
03625P,欣興群益92售04  ,0,0,0,0,0,0,0,0,0,-1000,0,0,0,1000,2000,-1000,-1000
03501P,奇鋐國票03售02  ,0,0,0,0,0,0,0,0,0,-1000,0,0,0,0,1000,-1000,-1000
044022,健策凱基93購02  ,0,0,0,0,0,0,0,0,0,-1000,0,0,0,0,1000,-1000,-1000
044024,祥碩凱基93購01  ,0,0,0,0,0,0,0,0,0,-1000,0,0,0,0,1000,-1000,-1000
044065,亞光元大92購02  ,0,0,0,0,0,0,0,0,0,-1000,0,0,0,0,1000,-1000,-1000
044556,健策永豐91購01  ,0,0,0,0,0,0,0,0,0,-1000,0,0,0,0,1000,-1000,-1000
044562,元油2X凱基92購05,0,0,0,0,0,0,0,0,0,-1000,0,0,0,0,1000,-1000,-1000
044526,訊芯凱基93購02  ,0,0,0,0,0,0,0,0,0,-1000,0,0,0,0,1000,-1000,-1000
04420P,奇鋐永豐94售01  ,0,0,0,0,0,0,0,0,0,-1000,0,0,0,0,1000,-1000,-1000
041816,元油2X凱基92購01,0,0,0,0,0,0,0,0,0,-1000,0,0,0,0,1000,-1000,-1000
044699,華新科元大91購10,0,0,0,0,0,0,0,0,0,-1000,0,0,0,0,1000,-1000,-1000
042195,元石油元大93購01,0,0,0,0,0,0,0,0,0,-1000,0,0,0,0,1000,-1000,-1000
042168,台灣50凱基96購01,0,0,0,0,0,0,0,0,0,-1000,0,0,0,0,1000,-1000,-1000
04186P,創意元富93售04  ,0,0,0,0,0,0,0,0,0,-1000,0,0,0,0,1000,-1000,-1000
042927,道瓊反中信94購01,0,0,0,0,0,0,0,0,0,-1000,0,0,0,0,1000,-1000,-1000
045577,台光電元大92購06,0,0,0,0,0,0,0,0,0,-1000,0,0,0,0,1000,-1000,-1000
045450,元油2X富邦93購04,0,0,0,0,0,0,0,0,0,-1000,0,0,0,0,1000,-1000,-1000
043474,創意元大92購01  ,0,0,0,0,0,0,0,0,0,-1000,0,0,0,9000,10000,-1000,-1000
04347P,全新群益94售01  ,0,0,0,0,0,0,0,0,0,-1000,0,0,0,0,1000,-1000,-1000
043522,華新科元大92購04,0,0,0,0,0,0,0,0,0,-1000,0,0,0,0,1000,-1000,-1000
043285,聯發科元大92購01,0,0,0,0,0,0,0,0,0,-1000,0,0,0,1000,2000,-1000,-1000
043468,華新科元大92購03,0,0,0,0,0,0,0,0,0,-1000,0,0,0,0,1000,-1000,-1000
04344P,台達電國泰94售01,0,0,0,0,0,0,0,0,0,-1000,0,0,0,73000,74000,-1000,-1000
042516,健策凱基93購01  ,0,0,0,0,0,0,0,0,0,-1000,0,0,0,0,1000,-1000,-1000
042527,台灣50永豐94購01,0,0,0,0,0,0,0,0,0,-1000,0,0,0,0,1000,-1000,-1000
046644,台達電國泰93購01,0,0,0,0,0,0,0,0,0,-1000,0,0,0,0,1000,-1000,-1000
046581,聯發科元大92購22,0,0,0,0,0,0,0,0,0,-1000,0,0,0,0,1000,-1000,-1000
046582,聯發科元大92購23,0,0,0,0,0,0,0,0,0,-1000,0,0,0,0,1000,-1000,-1000
047771,緯創元大93購01  ,0,0,0,0,0,0,0,0,0,-1000,0,0,0,15000,16000,-1000,-1000
048177,臺指反富邦99購01,0,0,0,0,0,0,0,0,0,-1000,0,0,0,0,1000,-1000,-1000
048949,昇陽半永豐94購01,0,0,0,0,0,0,0,0,0,-1000,0,0,0,4000,5000,-1000,-1000
048225,全新凱基93購03  ,0,0,0,0,0,0,0,0,0,-1000,0,0,0,90000,91000,-1000,-1000
049502,訊芯元大94購01  ,0,0,0,0,0,0,0,0,0,-1000,0,0,0,0,1000,-1000,-1000
047360,鴻海群益95購02  ,0,0,0,0,0,0,0,0,0,-1000,0,0,0,20000,21000,-1000,-1000
047436,台積電元大94購02,0,0,0,0,0,0,0,0,0,-1000,0,0,0,57000,58000,-1000,-1000
047393,景碩元大93購02  ,0,0,0,0,0,0,0,0,0,-1000,0,0,0,1000,2000,-1000,-1000
047427,貿聯亞東93購01  ,0,0,0,0,0,0,0,0,0,-1000,0,0,0,0,1000,-1000,-1000
048099,健策凱基93購06  ,0,0,0,0,0,0,0,0,0,-1000,0,0,0,0,1000,-1000,-1000
048136,聯茂國票93購04  ,0,0,0,0,0,0,0,0,0,-1000,0,0,0,0,1000,-1000,-1000
04805P,創意元富94售01  ,0,0,0,0,0,0,0,0,0,-1000,0,0,0,10000,11000,-1000,-1000
048018,南亞科麥證93購01,0,0,0,0,1000,-1000,0,0,0,-1000,0,0,0,0,1000,-1000,-1000
047946,南亞科統一93購04,0,0,0,0,0,0,0,0,0,-1000,0,0,0,0,1000,-1000,-1000
047920,南亞科凱基93購04,0,0,0,0,0,0,0,0,0,-1000,0,0,0,0,1000,-1000,-1000
047931,日月光凱基93購01,0,0,0,0,0,0,0,0,0,-1000,0,0,0,0,1000,-1000,-1000
049142,智邦元大94購01  ,0,0,0,0,0,0,0,0,0,-1000,0,0,0,0,1000,-1000,-1000
049164,滬深2X日盛94購01,0,0,0,0,0,0,0,0,0,-1000,0,0,0,0,1000,-1000,-1000
049607,台積電兆豐94購04,0,0,0,0,0,0,0,0,0,-1000,0,0,0,100000,101000,-1000,-1000
049412,為升凱基94購01  ,0,0,0,0,0,0,0,0,0,-1000,0,0,0,2000,3000,-1000,-1000
049415,智邦凱基94購02  ,0,0,0,0,0,0,0,0,0,-1000,0,0,0,0,1000,-1000,-1000
049463,華新科富邦97購01,0,0,0,0,0,0,0,0,0,-1000,0,0,0,18000,19000,-1000,-1000
048638,台光電元大94購01,0,0,0,0,0,0,0,0,0,-1000,0,0,0,10000,11000,-1000,-1000
048656,大立光元富93購05,0,0,0,0,0,0,0,0,0,-1000,0,0,0,1000,2000,-1000,-1000
048665,欣興統一93購07  ,0,0,0,0,0,0,0,0,0,-1000,0,0,0,1000,2000,-1000,-1000
04875P,台積電中信94售04,0,0,0,0,0,0,0,0,0,-1000,0,0,0,1000,2000,-1000,-1000
049581,國巨元大94購08  ,0,0,0,0,0,0,0,0,0,-1000,0,0,0,0,1000,-1000,-1000
049033,大成鋼兆豐94購01,0,0,0,0,0,0,0,0,0,-1000,0,0,0,0,1000,-1000,-1000
050329,超眾永豐94購03  ,0,0,0,0,0,0,0,0,0,-1000,0,0,0,0,1000,-1000,-1000
047547,友達凱基99購02  ,0,0,0,0,0,0,0,0,0,-1000,0,0,0,0,1000,-1000,-1000
049801,可成元大94購09  ,0,0,0,0,0,0,0,0,0,-1000,0,0,0,0,1000,-1000,-1000
049773,臺股指元富94購02,0,0,0,0,0,0,0,0,0,-1000,0,0,0,7000,8000,-1000,-1000
048521,華通統一93購05  ,0,0,0,0,0,0,0,0,0,-1000,0,0,0,10000,11000,-1000,-1000
04850P,全新永豐94售03  ,0,0,0,0,0,0,0,0,0,-1000,0,0,0,2000,3000,-1000,-1000
050394,大立光元富94購09,0,0,0,0,0,0,0,0,0,-1000,0,0,0,4000,5000,-1000,-1000
047484,聯詠凱基93購03  ,0,0,0,0,0,0,0,0,0,-1000,0,0,0,0,1000,-1000,-1000
049927,健策元大94購02  ,0,0,0,0,0,0,0,0,0,-1000,0,0,0,0,1000,-1000,-1000
047447,台郡元大94購02  ,0,0,0,0,0,0,0,0,0,-1000,0,0,0,51000,52000,-1000,-1000
049916,台光電元大94購06,0,0,0,0,0,0,0,0,0,-1000,0,0,0,0,1000,-1000,-1000
049730,滬深2X群益94購02,0,0,0,0,0,0,0,0,0,-1000,0,0,0,0,1000,-1000,-1000
049678,臺股指國票94購11,0,0,0,0,0,0,0,0,0,-1000,0,0,0,0,1000,-1000,-1000
049688,台光電元大94購04,0,0,0,0,0,0,0,0,0,-1000,0,0,0,0,1000,-1000,-1000
049694,華新科元大95購06,0,0,0,0,0,0,0,0,0,-1000,0,0,0,0,1000,-1000,-1000
04719P,台達電凱基94售09,0,0,0,0,0,0,0,0,0,-1000,0,0,0,0,1000,-1000,-1000
047151,台積電國票94購02,0,0,0,0,0,0,0,0,0,-1000,0,0,0,0,1000,-1000,-1000
047112,聯發科元大93購11,0,0,0,0,0,0,0,0,0,-1000,0,0,0,0,1000,-1000,-1000
050980,欣興元富95購02  ,0,0,0,0,0,0,0,0,0,-1000,0,0,0,2000,3000,-1000,-1000
051278,臻鼎中信97購02  ,0,0,0,0,0,0,0,0,0,-1000,0,0,0,0,1000,-1000,-1000
051259,鴻海永昌96購03  ,0,0,0,0,0,0,0,0,0,-1000,0,0,0,1675000,1676000,-1000,-1000
051169,瀚宇博元大95購05,0,0,0,0,0,0,0,0,0,-1000,0,0,0,0,1000,-1000,-1000
051148,聯發科凱基95購06,0,0,0,0,0,0,0,0,0,-1000,0,0,0,6000,7000,-1000,-1000
051070,正崴國票96購01  ,0,0,0,0,0,0,0,0,0,-1000,0,0,0,0,1000,-1000,-1000
051184,聯發科永豐95購03,0,0,0,0,0,0,0,0,0,-1000,0,0,0,0,1000,-1000,-1000
051194,大立光中信96購02,0,0,0,0,0,0,0,0,0,-1000,0,0,0,1000,2000,-1000,-1000
051763,新光金元大98購01,0,0,0,0,0,0,0,0,0,-1000,0,0,0,0,1000,-1000,-1000
052026,漢唐群益95購01  ,0,0,0,0,0,0,0,0,0,-1000,0,0,0,10000,11000,-1000,-1000
052062,臺股指國票95購09,0,0,0,0,0,0,0,0,0,-1000,0,0,0,0,1000,-1000,-1000
051914,健策元大96購06  ,0,0,0,0,0,0,0,0,0,-1000,0,0,0,33000,34000,-1000,-1000
051909,潤泰全元大95購02,0,0,0,0,0,0,0,0,0,-1000,0,0,0,0,1000,-1000,-1000
052093,麗豐元大96購04  ,0,0,0,0,0,0,0,0,0,-1000,0,0,0,1000,2000,-1000,-1000
052099,臺股指富邦95購02,0,0,0,0,0,0,0,0,0,-1000,0,0,0,5000,6000,-1000,-1000
052278,國巨凱基95購06  ,0,0,0,0,0,0,0,0,0,-1000,0,0,0,24000,25000,-1000,-1000
050727,華新科國票94購09,0,0,0,0,0,0,0,0,0,-1000,0,0,0,0,1000,-1000,-1000
050630,大立光亞東96購01,0,0,0,0,0,0,0,0,0,-1000,0,0,0,0,1000,-1000,-1000
050799,嘉聯益中信98購01,0,0,0,0,0,0,0,0,0,-1000,0,0,0,0,1000,-1000,-1000
050896,華新科元大96購02,0,0,0,0,0,0,0,0,0,-1000,0,0,0,0,1000,-1000,-1000
051395,聯詠兆豐95購01  ,0,0,0,0,0,0,0,0,0,-1000,0,0,0,60000,61000,-1000,-1000
051372,樺漢富邦96購01  ,0,0,0,0,0,0,0,0,0,-1000,0,0,0,11000,12000,-1000,-1000
051362,台郡元大95購04  ,0,0,0,0,0,0,0,0,0,-1000,0,0,0,9000,10000,-1000,-1000
051347,國巨元大95購06  ,0,0,0,0,0,0,0,0,0,-1000,0,0,0,0,1000,-1000,-1000
051513,台積電凱基95購13,0,0,0,0,0,0,0,0,0,-1000,0,0,0,0,1000,-1000,-1000
051587,大立光元大95購08,0,0,0,0,0,0,0,0,0,-1000,0,0,0,0,1000,-1000,-1000
051618,智邦凱基95購06  ,0,0,0,0,0,0,0,0,0,-1000,0,0,0,34000,35000,-1000,-1000
052871,群創凱基98購07  ,0,0,0,0,0,0,0,0,0,-1000,0,0,0,15000,16000,-1000,-1000
052858,華通凱基97購02  ,0,0,0,0,0,0,0,0,0,-1000,0,0,0,0,1000,-1000,-1000
052866,大立光凱基96購12,0,0,0,0,0,0,0,0,0,-1000,0,0,0,0,1000,-1000,-1000
052973,冠德群益96購01  ,0,0,0,0,0,0,0,0,0,-1000,0,0,0,10000,11000,-1000,-1000
053091,同欣電元大96購01,0,0,0,0,0,0,0,0,0,-1000,0,0,0,0,1000,-1000,-1000
052566,國巨凱基96購04  ,0,0,0,0,0,0,0,0,0,-1000,0,0,0,27000,28000,-1000,-1000
052800,國巨元大96購05  ,0,0,0,0,0,0,0,0,0,-1000,0,0,0,0,1000,-1000,-1000
052642,滬深2X永豐96購03,0,0,0,0,0,0,0,0,0,-1000,0,0,0,2000,3000,-1000,-1000
052686,華新科元大96購03,0,0,0,0,0,0,0,0,0,-1000,0,0,0,0,1000,-1000,-1000
053409,和碩兆豐96購02  ,0,0,0,0,0,0,0,0,0,-1000,0,0,0,0,1000,-1000,-1000
053349,台郡國票97購02  ,0,0,0,0,0,0,0,0,0,-1000,0,0,0,21000,22000,-1000,-1000
05318P,臺股指永昌95售03,0,0,0,0,0,0,0,0,0,-1000,0,0,0,6000,7000,-1000,-1000
053259,卜蜂群益97購01  ,0,0,0,0,0,0,0,0,0,-1000,0,0,0,0,1000,-1000,-1000
053299,台泥凱基96購01  ,0,0,0,0,0,0,0,0,0,-1000,0,0,0,3000,4000,-1000,-1000
053285,臺股指元大96購08,0,0,0,0,0,0,0,0,0,-1000,0,0,0,0,1000,-1000,-1000
053752,超眾永豐96購02  ,0,0,0,0,0,0,0,0,0,-1000,0,0,0,9000,10000,-1000,-1000
053695,智易元大97購02  ,0,0,0,0,0,0,0,0,0,-1000,0,0,0,0,1000,-1000,-1000
053589,宏達電元大97購02,0,0,0,0,0,0,0,0,0,-1000,0,0,0,0,1000,-1000,-1000
053680,臺股指富邦96購01,0,0,0,0,0,0,0,0,0,-1000,0,0,0,0,1000,-1000,-1000
053520,康友群益96購01  ,0,0,0,0,0,0,0,0,0,-1000,0,0,0,7000,8000,-1000,-1000
8374,羅昇            ,4000,5000,-1000,0,0,0,0,0,0,0,0,0,0,0,0,0,-1000
8411,福貞-KY         ,2000,1000,1000,0,0,0,0,0,0,-2000,0,2000,-2000,0,0,0,-1000
911868,同方友友-DR     ,0,1000,-1000,0,0,0,0,0,0,0,0,0,0,0,0,0,-1000
6184,大豐電          ,4000,5000,-1000,0,0,0,0,0,0,0,0,0,0,0,0,0,-1000
2516,新建            ,0,1000,-1000,0,0,0,0,0,0,0,0,0,0,0,0,0,-1000
2911,麗嬰房          ,3000,2000,1000,0,0,0,0,0,0,-2000,0,2000,-2000,0,0,0,-1000
3055,蔚華科          ,31000,31000,0,0,0,0,0,0,0,-1000,0,1000,-1000,0,0,0,-1000
2373,震旦行          ,11000,12000,-1000,0,0,0,0,0,0,0,0,0,0,0,0,0,-1000
2380,虹光            ,0,1000,-1000,0,0,0,0,0,0,0,0,0,0,0,0,0,-1000
2460,建通            ,1000,0,1000,0,0,0,0,0,0,-2000,0,2000,-2000,0,0,0,-1000
2427,三商電          ,1000,0,1000,0,0,0,0,0,0,-2000,0,2000,-2000,0,0,0,-1000
2413,環科            ,1000,2000,-1000,0,0,0,0,0,0,0,0,0,0,0,0,0,-1000
2007,燁興            ,0,1000,-1000,0,0,0,0,0,0,0,0,0,0,0,0,0,-1000
2015,豐興            ,35000,39000,-4000,0,0,0,0,0,0,3000,5000,2000,3000,0,0,0,-1000
2034,允強            ,9000,21000,-12000,0,0,0,0,0,0,11000,11000,0,11000,0,0,0,-1000
1517,利奇            ,1000,0,1000,0,0,0,0,0,0,-2000,0,2000,-2000,0,0,0,-1000
1528,恩德            ,1000,2000,-1000,0,0,0,0,0,0,0,0,0,0,0,0,0,-1000
2371,大同            ,1081953,1073000,8953,0,0,0,0,0,0,-10000,0,10000,-10000,0,0,0,-1047
054159,T50正2凱基99購01,0,0,0,0,0,0,0,0,0,-2000,0,0,0,0,2000,-2000,-2000
053927,牧德國票97購01  ,0,0,0,0,0,0,0,0,0,-2000,0,0,0,4000,6000,-2000,-2000
053959,晶豪科永豐96購02,0,0,0,0,0,0,0,0,0,-2000,0,0,0,5000,7000,-2000,-2000
053986,矽創第一96購01  ,0,0,0,0,0,0,0,0,0,-2000,0,0,0,0,2000,-2000,-2000
054286,台積電元大96購22,0,0,0,0,0,0,0,0,0,-2000,0,0,0,0,2000,-2000,-2000
055146,華通元大98購04  ,0,0,0,0,0,0,0,0,0,-2000,0,0,0,8000,10000,-2000,-2000
055154,聯發科元大98購01,0,0,0,0,0,0,0,0,0,-2000,0,0,0,85000,87000,-2000,-2000
054537,南亞科亞東97購01,0,0,0,0,0,0,0,0,0,-2000,0,0,0,0,2000,-2000,-2000
054736,南亞科凱基98購01,0,0,0,0,0,0,0,0,0,-2000,0,0,0,0,2000,-2000,-2000
054816,聯發科元大97購12,0,0,0,0,0,0,0,0,0,-2000,0,0,0,9000,11000,-2000,-2000
055892,國巨統一99購01  ,0,0,0,0,0,0,0,0,0,-2000,0,0,0,0,2000,-2000,-2000
055887,上銀統一97購03  ,0,0,0,0,0,0,0,0,0,-2000,0,0,0,0,2000,-2000,-2000
055783,群創凱基99購03  ,0,0,0,0,0,0,0,0,0,-2000,0,0,0,0,2000,-2000,-2000
055802,新日興永豐97購01,0,0,0,0,0,0,0,0,0,-2000,0,0,0,0,2000,-2000,-2000
055628,旺宏永豐97購01  ,0,0,0,0,0,0,0,0,0,-2000,0,0,0,19000,21000,-2000,-2000
055702,美律富邦98購01  ,0,0,0,0,0,0,0,0,0,-2000,0,0,0,0,2000,-2000,-2000
055457,聚陽永豐97購01  ,0,0,0,0,0,0,0,0,0,-2000,0,0,0,0,2000,-2000,-2000
055367,台積電元大97購23,0,0,0,0,0,0,0,0,0,-2000,0,0,0,0,2000,-2000,-2000
05704P,矽力群益96售04  ,0,0,0,0,0,0,0,0,0,-2000,0,0,0,0,2000,-2000,-2000
05765P,臺股指永豐96售01,0,0,0,0,0,0,0,0,0,-2000,0,0,0,0,2000,-2000,-2000
05985P,燿華統一96售03  ,0,0,0,0,0,0,0,0,0,-2000,0,0,0,0,2000,-2000,-2000
05880P,創意康和96售01  ,0,0,0,0,0,0,0,0,0,-2000,0,0,0,10000,12000,-2000,-2000
06065P,大立光台新97售01,0,0,0,0,0,0,0,0,0,-2000,0,0,0,8000,10000,-2000,-2000
046536,聯發科群益92購08,0,0,0,0,0,0,0,0,0,-2000,0,0,0,63000,65000,-2000,-2000
046638,台積電永豐93購01,0,0,0,0,0,0,0,0,0,-2000,0,0,0,0,2000,-2000,-2000
042501,台灣50凱基96購06,0,0,0,0,0,0,0,0,0,-2000,0,0,0,1000,3000,-2000,-2000
042542,台灣50元大93購14,0,0,0,0,0,0,0,0,0,-2000,0,0,0,0,2000,-2000,-2000
041990,A50正2國票97購01,0,0,0,0,0,0,0,0,0,-2000,0,0,0,3000,5000,-2000,-2000
042281,元油2X富邦96購02,0,0,0,0,0,0,0,0,0,-2000,0,0,0,0,2000,-2000,-2000
04165P,南亞科元富95售03,0,0,0,0,0,0,0,0,0,-2000,0,0,0,18000,20000,-2000,-2000
04417P,光罩國泰95售02  ,0,0,0,0,0,0,0,0,0,-2000,0,0,0,0,2000,-2000,-2000
044163,台光電元大92購01,0,0,0,0,0,0,0,0,0,-2000,0,0,0,0,2000,-2000,-2000
03383P,聯電凱基02售04  ,0,0,0,0,0,0,0,0,0,-2000,0,0,0,0,2000,-2000,-2000
03033X,元展30          ,0,0,0,0,0,0,0,0,0,-2000,0,0,0,0,2000,-2000,-2000
03092P,臺股指元大01售21,0,0,0,0,0,0,0,0,0,-2000,0,0,0,8000,10000,-2000,-2000
006204,永豐臺灣加權    ,0,0,0,0,0,0,0,0,0,-2000,0,0,0,40000,42000,-2000,-2000
00681R,元大美債20反1   ,0,0,0,0,0,0,0,0,0,-2000,0,0,0,0,2000,-2000,-2000
043757,欣興元大93購01  ,0,0,0,0,0,0,0,0,0,-2000,0,0,0,10000,12000,-2000,-2000
03880P,華新科永豐93售01,0,0,0,0,0,0,0,0,0,-2000,0,0,0,0,2000,-2000,-2000
046425,臻鼎元大92購12  ,0,0,0,0,0,0,0,0,0,-2000,0,0,0,0,2000,-2000,-2000
046791,台郡統一96購01  ,0,0,0,0,0,0,0,0,0,-2000,0,0,0,58000,60000,-2000,-2000
045855,緯穎富邦93購01  ,0,0,0,0,0,0,0,0,0,-2000,0,0,0,0,2000,-2000,-2000
045949,貿聯日盛92購01  ,0,0,0,0,0,0,0,0,0,-2000,0,0,0,0,2000,-2000,-2000
045975,祥碩凱基93購04  ,0,0,0,0,0,0,0,0,0,-2000,0,0,0,84000,86000,-2000,-2000
045958,技嘉凱基93購04  ,0,0,0,0,0,0,0,0,0,-2000,0,0,0,0,2000,-2000,-2000
050304,台光電中信94購01,0,0,0,0,0,0,0,0,0,-2000,0,0,0,390000,392000,-2000,-2000
050180,華新科元大95購08,0,0,0,0,0,0,0,0,0,-2000,0,0,0,0,2000,-2000,-2000
050161,鴻海國泰96購03  ,0,0,0,0,0,0,0,0,0,-2000,0,0,0,58000,60000,-2000,-2000
050118,臻鼎元大94購01  ,0,0,0,0,0,0,0,0,0,-2000,0,0,0,8000,10000,-2000,-2000
045298,旺宏元大94購01  ,0,0,0,0,0,0,0,0,0,-2000,0,0,0,0,2000,-2000,-2000
045392,滬深2X國泰93購01,0,0,0,0,0,0,0,0,0,-2000,0,0,0,4000,6000,-2000,-2000
045378,智邦元大92購04  ,0,0,0,0,0,0,0,0,0,-2000,0,0,0,0,2000,-2000,-2000
044855,南電國泰93購01  ,0,0,0,0,0,0,0,0,0,-2000,0,0,0,0,2000,-2000,-2000
045719,台光電凱基92購04,0,0,0,0,0,0,0,0,0,-2000,0,0,0,0,2000,-2000,-2000
044956,聯詠凱基92購01  ,0,0,0,0,0,0,0,0,0,-2000,0,0,0,0,2000,-2000,-2000
051224,華通群益96購03  ,0,0,0,0,0,0,0,0,0,-2000,0,0,0,10000,12000,-2000,-2000
051245,南亞科元大95購01,0,0,0,0,0,0,0,0,0,-2000,0,0,0,4000,6000,-2000,-2000
050996,隆達元大95購01  ,0,0,0,0,0,0,0,0,0,-2000,0,0,0,11000,13000,-2000,-2000
050663,麗豐元大96購03  ,0,0,0,0,0,0,0,0,0,-2000,0,0,0,0,2000,-2000,-2000
047113,聯發科元大93購12,0,0,0,0,0,0,0,0,0,-2000,0,0,0,0,2000,-2000,-2000
047121,訊芯元大93購03  ,0,0,0,0,0,0,0,0,0,-2000,0,0,0,11000,13000,-2000,-2000
047180,台積電元大93購18,0,0,0,0,0,0,0,0,0,-2000,0,0,0,55000,57000,-2000,-2000
047235,嘉澤凱基93購01  ,0,0,0,0,0,0,0,0,0,-2000,0,0,0,102000,104000,-2000,-2000
049700,瀚宇博元大97購01,0,0,0,0,0,0,0,0,0,-2000,0,0,0,0,2000,-2000,-2000
049705,緯穎元大94購05  ,0,0,0,0,0,0,0,0,0,-2000,0,0,0,6000,8000,-2000,-2000
049683,美食統一94購01  ,0,0,0,0,0,0,0,0,0,-2000,0,0,0,0,2000,-2000,-2000
049043,新唐兆豐94購01  ,0,0,0,0,0,0,0,0,0,-2000,0,0,0,40000,42000,-2000,-2000
048332,台積電富邦94購02,0,0,0,0,0,0,0,0,0,-2000,0,0,0,0,2000,-2000,-2000
049764,TPK國泰95購01   ,0,0,0,0,0,0,0,0,0,-2000,0,0,0,45000,47000,-2000,-2000
050326,正崴永豐94購03  ,0,0,0,0,0,0,0,0,0,-2000,0,0,0,0,2000,-2000,-2000
047597,滬深2X統一93購03,0,0,0,0,0,0,0,0,0,-2000,0,0,0,0,2000,-2000,-2000
048991,昇陽半元大94購01,0,0,0,0,0,0,0,0,0,-2000,0,0,0,0,2000,-2000,-2000
048847,A50群益98購01   ,0,0,0,0,0,0,0,0,0,-2000,0,0,0,0,2000,-2000,-2000
048755,志超元富96購01  ,0,0,0,0,0,0,0,0,0,-2000,0,0,0,0,2000,-2000,-2000
048744,儒鴻元富97購01  ,0,0,0,0,0,0,0,0,0,-2000,0,0,0,4000,6000,-2000,-2000
048697,華新科國票94購06,0,0,0,0,0,0,0,0,0,-2000,0,0,0,0,2000,-2000,-2000
049352,泰鼎永豐95購01  ,0,0,0,0,0,0,0,0,0,-2000,0,0,0,72000,74000,-2000,-2000
049602,南電元大95購01  ,0,0,0,0,0,0,0,0,0,-2000,0,0,0,0,2000,-2000,-2000
049623,創意群益94購01  ,0,0,0,0,0,0,0,0,0,-2000,0,0,0,142000,144000,-2000,-2000
049222,和碩國票94購01  ,0,0,0,0,0,0,0,0,0,-2000,0,0,0,0,2000,-2000,-2000
047932,麗豐凱基93購01  ,0,0,0,0,0,0,0,0,0,-2000,0,0,0,0,2000,-2000,-2000
048022,儒鴻凱基93購04  ,0,0,0,0,0,0,0,0,0,-2000,0,0,0,4000,6000,-2000,-2000
048048,大立光永豐93購03,0,0,0,0,0,0,0,0,0,-2000,0,0,0,0,2000,-2000,-2000
048102,矽力凱基94購01  ,0,0,0,0,0,0,0,0,0,-2000,0,0,0,10000,12000,-2000,-2000
049506,可成日盛94購02  ,0,0,0,0,0,0,0,0,0,-2000,0,0,0,0,2000,-2000,-2000
048215,A50正2凱基95購01,0,0,0,0,0,0,0,0,0,-2000,0,0,0,0,2000,-2000,-2000
048162,矽力麥證93購01  ,0,0,0,8000,10000,-2000,0,0,0,-2000,0,0,0,8000,10000,-2000,-2000
047795,臺股指群益93購06,0,0,0,0,0,0,0,0,0,-2000,0,0,0,0,2000,-2000,-2000
047798,臺股指群益93購09,0,0,0,0,0,0,0,0,0,-2000,0,0,0,14000,16000,-2000,-2000
049517,台光電國票94購02,0,0,0,0,0,0,0,0,0,-2000,0,0,0,18000,20000,-2000,-2000
047918,智邦凱基93購08  ,0,0,0,0,0,0,0,0,0,-2000,0,0,0,0,2000,-2000,-2000
047829,旺宏元大93購06  ,0,0,0,0,0,0,0,0,0,-2000,0,0,0,0,2000,-2000,-2000
053514,麗豐群益96購01  ,0,0,0,0,0,0,0,0,0,-2000,0,0,0,38000,40000,-2000,-2000
053582,英業達元大97購01,0,0,0,0,0,0,0,0,0,-2000,0,0,0,0,2000,-2000,-2000
05379P,可成凱基95售11  ,0,0,0,0,0,0,0,0,0,-2000,0,0,0,0,2000,-2000,-2000
053288,臺股指元大96購16,0,0,0,0,0,0,0,0,0,-2000,0,0,0,0,2000,-2000,-2000
053270,台塑元大96購01  ,0,0,0,0,0,0,0,0,0,-2000,0,0,0,0,2000,-2000,-2000
053423,亞光永豐96購01  ,0,0,0,0,0,0,0,0,0,-2000,0,0,0,1000,3000,-2000,-2000
052530,台郡元大96購04  ,0,0,0,0,0,0,0,0,0,-2000,0,0,0,0,2000,-2000,-2000
052983,國巨元大96購07  ,0,0,0,0,0,0,0,0,0,-2000,0,0,0,27000,29000,-2000,-2000
053026,奇力新富邦98購01,0,0,0,0,0,0,0,0,0,-2000,0,0,0,50000,52000,-2000,-2000
052821,晶技永豐96購01  ,0,0,0,0,0,0,0,0,0,-2000,0,0,0,0,2000,-2000,-2000
052824,揚明光永豐96購02,0,0,0,0,0,0,0,0,0,-2000,0,0,0,38000,40000,-2000,-2000
05288P,寶成元富95售02  ,0,0,0,0,0,0,0,0,0,-2000,0,0,0,0,2000,-2000,-2000
051664,鴻海元大96購07  ,0,0,0,0,0,0,0,0,0,-2000,0,0,0,0,2000,-2000,-2000
051533,健鼎國票96購02  ,0,0,0,0,0,0,0,0,0,-2000,0,0,0,84000,86000,-2000,-2000
051426,道瓊反統一95購02,0,0,0,0,0,0,0,0,0,-2000,0,0,0,8000,10000,-2000,-2000
050894,旺宏元大96購03  ,0,0,0,0,0,0,0,0,0,-2000,0,0,0,0,2000,-2000,-2000
050524,宏達電元大95購04,0,0,0,0,0,0,0,0,0,-2000,0,0,0,0,2000,-2000,-2000
050584,瑞儀國票95購01  ,0,0,0,0,0,0,0,0,0,-2000,0,0,0,20000,22000,-2000,-2000
050844,大立光國票96購01,0,0,0,0,0,0,0,0,0,-2000,0,0,0,0,2000,-2000,-2000
052265,聯發科亞東95購01,0,0,0,0,0,0,0,0,0,-2000,0,0,0,13000,15000,-2000,-2000
052400,聯詠凱基97購01  ,0,0,0,0,0,0,0,0,0,-2000,0,0,0,0,2000,-2000,-2000
052151,義隆富邦96購01  ,0,0,0,0,0,0,0,0,0,-2000,0,0,0,0,2000,-2000,-2000
051899,欣興國泰97購01  ,0,0,0,0,0,0,0,0,0,-2000,0,0,0,10000,12000,-2000,-2000
051974,華新科凱基96購05,0,0,0,0,0,0,0,0,0,-2000,0,0,0,51000,53000,-2000,-2000
052027,智原群益95購01  ,0,0,0,0,0,0,0,0,0,-2000,0,0,0,13000,15000,-2000,-2000
051802,同欣電永豐95購02,0,0,0,0,0,0,0,0,0,-2000,0,0,0,215000,217000,-2000,-2000
051836,華通國泰95購02  ,0,0,0,0,0,0,0,0,0,-2000,0,0,0,5000,7000,-2000,-2000
2429,銘旺科          ,0,2000,-2000,0,0,0,0,0,0,0,0,0,0,0,0,0,-2000
1533,車王電          ,3000,4000,-1000,0,0,0,0,0,0,-1000,0,1000,-1000,0,0,0,-2000
1783,和康生          ,3000,5000,-2000,0,0,0,0,0,0,0,0,0,0,0,0,0,-2000
3149,正達            ,10000,7000,3000,0,0,0,0,0,0,-5000,0,5000,-5000,0,0,0,-2000
3296,勝德            ,0,1000,-1000,0,0,0,0,0,0,-1000,0,1000,-1000,0,0,0,-2000
4576,大銀微系統      ,12000,14000,-2000,0,0,0,0,0,0,0,0,0,0,0,0,0,-2000
6477,安集            ,16000,18000,-2000,0,0,0,0,0,0,0,0,0,0,0,0,0,-2000
4994,傳奇            ,34000,23000,11000,0,0,0,0,0,0,-13000,0,0,0,0,13000,-13000,-2000
5471,松翰            ,10000,11000,-1000,0,0,0,0,0,0,-1000,0,1000,-1000,0,0,0,-2000
8103,瀚荃            ,3000,4000,-1000,0,0,0,0,0,0,-1000,0,1000,-1000,0,0,0,-2000
6674,鋐寶科技        ,2000,2000,0,0,0,0,0,0,0,-2000,0,2000,-2000,0,0,0,-2000
06111P,上銀兆豐98售01  ,0,0,0,0,0,0,0,0,0,-3000,0,0,0,0,3000,-3000,-3000
06251P,臺股指永昌97售03,0,0,0,0,0,0,0,0,0,-3000,0,0,0,0,3000,-3000,-3000
06159P,牧德元富97售02  ,0,0,0,0,0,0,0,0,0,-3000,0,0,0,0,3000,-3000,-3000
1472,三洋紡          ,3000,4000,-1000,0,0,0,0,0,0,-2000,0,2000,-2000,0,0,0,-3000
07480P,FBVIX凱基94售01 ,0,0,0,0,0,0,0,0,0,-3000,0,0,0,0,3000,-3000,-3000
05875P,旺宏群益98售01  ,0,0,0,0,0,0,0,0,0,-3000,0,0,0,0,3000,-3000,-3000
055424,聚陽群益98購01  ,0,0,0,0,0,0,0,0,0,-3000,0,0,0,10000,13000,-3000,-3000
055459,建準永豐97購03  ,0,0,0,0,0,0,0,0,0,-3000,0,0,0,22000,25000,-3000,-3000
055492,華新科元大97購08,0,0,0,0,0,0,0,0,0,-3000,0,0,0,0,3000,-3000,-3000
055665,亞德客群益97購01,0,0,0,0,0,0,0,0,0,-3000,0,0,0,8000,11000,-3000,-3000
055785,祥碩凱基97購02  ,0,0,0,0,0,0,0,0,0,-3000,0,0,0,2000,5000,-3000,-3000
055828,上銀元大97購05  ,0,0,0,0,0,0,0,0,0,-3000,0,0,0,50000,53000,-3000,-3000
05587P,鴻海凱基96售12  ,0,0,0,0,0,0,0,0,0,-3000,0,0,0,200000,203000,-3000,-3000
054788,華新科群益98購02,0,0,0,0,0,0,0,0,0,-3000,0,0,0,20000,23000,-3000,-3000
054741,亞光凱基99購01  ,0,0,0,0,0,0,0,0,0,-3000,0,0,0,0,3000,-3000,-3000
054765,亞光國票98購02  ,0,0,0,0,0,0,0,0,0,-3000,0,0,0,0,3000,-3000,-3000
054526,道瓊反統一98購01,0,0,0,0,0,0,0,0,0,-3000,0,0,0,45000,48000,-3000,-3000
054627,義隆凱基98購01  ,0,0,0,0,0,0,0,0,0,-3000,0,0,0,0,3000,-3000,-3000
054279,揚明光群益98購01,0,0,0,0,0,0,0,0,0,-3000,0,0,0,0,3000,-3000,-3000
054243,國喬元大96購01  ,0,0,0,0,0,0,0,0,0,-3000,0,0,0,0,3000,-3000,-3000
054454,滬深2X群益96購04,0,0,0,0,0,0,0,0,0,-3000,0,0,0,0,3000,-3000,-3000
054472,道瓊反中信9A購01,0,0,0,0,0,0,0,0,0,-3000,0,0,0,0,3000,-3000,-3000
054086,日月光亞東98購01,0,0,0,0,0,0,0,0,0,-3000,0,0,0,0,3000,-3000,-3000
044934,玉晶光元大93購01,0,0,0,0,0,0,0,0,0,-3000,0,0,0,20000,23000,-3000,-3000
045108,康友群益93購02  ,0,0,0,0,0,0,0,0,0,-3000,0,0,0,7000,10000,-3000,-3000
045755,嘉澤國泰93購01  ,0,0,0,0,0,0,0,0,0,-3000,0,0,0,3000,6000,-3000,-3000
045248,儒鴻凱基92購01  ,0,0,0,0,0,0,0,0,0,-3000,0,0,0,0,3000,-3000,-3000
046758,聯發科凱基93購05,0,0,0,0,0,0,0,0,0,-3000,0,0,0,23000,26000,-3000,-3000
046024,鴻海元大92購11  ,0,0,0,0,0,0,0,0,0,-3000,0,0,0,0,3000,-3000,-3000
050130,華新科凱基94購09,0,0,0,0,0,0,0,0,0,-3000,0,0,0,0,3000,-3000,-3000
050094,T50反1國泰95購01,0,0,0,0,0,0,0,0,0,-3000,0,0,0,2000,5000,-3000,-3000
045856,南亞科國泰94購01,0,0,0,0,0,0,0,0,0,-3000,0,0,0,0,3000,-3000,-3000
044773,創意元大93購02  ,0,0,0,0,0,0,0,0,0,-3000,0,0,0,0,3000,-3000,-3000
041527,T50反1中信96購01,0,0,0,0,0,0,0,0,0,-3000,0,0,0,0,3000,-3000,-3000
043652,微星國泰93購01  ,0,0,0,0,0,0,0,0,0,-3000,0,0,0,44000,47000,-3000,-3000
04439P,聯發科群益94售04,0,0,0,0,0,0,0,0,0,-3000,0,0,0,1000,4000,-3000,-3000
00660,元大歐洲50      ,0,0,0,0,0,0,0,0,0,-3000,0,0,0,0,3000,-3000,-3000
0057,富邦摩台        ,0,0,0,0,0,0,0,0,0,-3000,0,0,0,20000,23000,-3000,-3000
00702,國泰標普低波高息,0,0,0,0,0,0,0,0,0,-3000,0,0,0,0,3000,-3000,-3000
03027X,元展24          ,0,0,0,0,0,0,0,0,0,-3000,0,0,0,0,3000,-3000,-3000
03281P,台積電凱基04售01,0,0,0,0,0,0,0,0,0,-3000,0,0,0,2000,5000,-3000,-3000
03415B,臺股指元大93熊49,0,0,0,0,0,0,0,0,0,-3000,0,0,0,58000,61000,-3000,-3000
044192,義隆第一91購01  ,0,0,0,0,0,0,0,0,0,-3000,0,0,0,0,3000,-3000,-3000
04395P,台積電群益94售06,0,0,0,0,0,0,0,0,0,-3000,0,0,0,4000,7000,-3000,-3000
044573,元大金凱基91購02,0,0,0,0,0,0,0,0,0,-3000,0,0,0,7000,10000,-3000,-3000
04203P,超眾元大93售04  ,0,0,0,0,0,0,0,0,0,-3000,0,0,0,0,3000,-3000,-3000
04182P,祥碩國票93售01  ,0,0,0,0,0,0,0,0,0,-3000,0,0,0,0,3000,-3000,-3000
042895,鴻海永昌93購03  ,0,0,0,0,0,0,0,0,0,-3000,0,0,0,1000,4000,-3000,-3000
042918,矽格元大94購01  ,0,0,0,0,0,0,0,0,0,-3000,0,0,0,7000,10000,-3000,-3000
045436,友達統一93購02  ,0,0,0,0,0,0,0,0,0,-3000,0,0,0,0,3000,-3000,-3000
045500,聯發科凱基93購04,0,0,0,0,0,0,0,0,0,-3000,0,0,0,65000,68000,-3000,-3000
046614,儒鴻凱基93購01  ,0,0,0,0,0,0,0,0,0,-3000,0,0,0,0,3000,-3000,-3000
049528,台積電中信94購01,0,0,0,0,0,0,0,0,0,-3000,0,0,0,20000,23000,-3000,-3000
049538,元油2X群益98購01,0,0,0,0,0,0,0,0,0,-3000,0,0,0,7000,10000,-3000,-3000
047782,燿華國泰95購01  ,0,0,0,0,0,0,0,0,0,-3000,0,0,0,0,3000,-3000,-3000
048926,燿華永豐95購01  ,0,0,0,0,0,0,0,0,0,-3000,0,0,0,0,3000,-3000,-3000
048086,鴻海凱基93購33  ,0,0,0,0,0,0,0,0,0,-3000,0,0,0,0,3000,-3000,-3000
049242,佳世達元富96購01,0,0,0,0,0,0,0,0,0,-3000,0,0,0,13000,16000,-3000,-3000
049655,臺股指凱基94購16,0,0,0,0,0,0,0,0,0,-3000,0,0,0,0,3000,-3000,-3000
048613,智原凱基93購03  ,0,0,0,0,0,0,0,0,0,-3000,0,0,0,0,3000,-3000,-3000
048850,聯電群益96購01  ,0,0,0,0,0,0,0,0,0,-3000,0,0,0,0,3000,-3000,-3000
048430,瑞昱國票93購02  ,0,0,0,0,0,0,0,0,0,-3000,0,0,0,0,3000,-3000,-3000
047688,亞德客富邦95購01,0,0,0,0,0,0,0,0,0,-3000,0,0,0,29000,32000,-3000,-3000
047676,臺股指元富99購01,0,0,0,0,0,0,0,0,0,-3000,0,0,0,0,3000,-3000,-3000
047674,群創元富96購02  ,0,0,0,0,0,0,0,0,0,-3000,0,0,0,12000,15000,-3000,-3000
048451,智原凱基93購02  ,0,0,0,0,0,0,0,0,0,-3000,0,0,0,0,3000,-3000,-3000
048502,百和元大93購01  ,0,0,0,0,0,0,0,0,0,-3000,0,0,0,0,3000,-3000,-3000
049889,欣興國泰96購01  ,0,0,0,0,0,0,0,0,0,-3000,0,0,0,17000,20000,-3000,-3000
049749,創意永豐94購01  ,0,0,0,0,0,0,0,0,0,-3000,0,0,0,0,3000,-3000,-3000
049052,台積電永豐94購02,0,0,0,0,0,0,0,0,0,-3000,0,0,0,84000,87000,-3000,-3000
047233,智原凱基93購01  ,0,0,0,0,0,0,0,0,0,-3000,0,0,0,0,3000,-3000,-3000
047285,鴻海統一95購02  ,0,0,0,0,0,0,0,0,0,-3000,0,0,0,21000,24000,-3000,-3000
047208,智易國泰94購01  ,0,0,0,0,0,0,0,0,0,-3000,0,0,0,0,3000,-3000,-3000
050440,揚明光凱基94購05,0,0,0,0,0,0,0,0,0,-3000,0,0,0,0,3000,-3000,-3000
051250,大立光元大98購01,0,0,0,0,0,0,0,0,0,-3000,0,0,0,0,3000,-3000,-3000
051082,上証2X元大98購01,0,0,0,0,0,0,0,0,0,-3000,0,0,0,0,3000,-3000,-3000
05176P,台積電凱基95售11,0,0,0,0,0,0,0,0,0,-3000,0,0,0,5000,8000,-3000,-3000
052079,康友元富98購01  ,0,0,0,0,0,0,0,0,0,-3000,0,0,0,95000,98000,-3000,-3000
050511,元油2X元大94購11,0,0,0,0,0,0,0,0,0,-3000,0,0,0,0,3000,-3000,-3000
050580,強茂國票95購01  ,0,0,0,0,0,0,0,0,0,-3000,0,0,0,60000,63000,-3000,-3000
050557,台積電統一94購13,0,0,0,0,0,0,0,0,0,-3000,0,0,0,0,3000,-3000,-3000
050899,旭富元大95購01  ,0,0,0,0,0,0,0,0,0,-3000,0,0,0,2000,5000,-3000,-3000
050822,亞光凱基95購01  ,0,0,0,0,0,0,0,0,0,-3000,0,0,0,51000,54000,-3000,-3000
050760,矽力元富94購03  ,0,0,0,0,0,0,0,0,0,-3000,0,0,0,4000,7000,-3000,-3000
050690,台達電凱基96購01,0,0,0,0,0,0,0,0,0,-3000,0,0,0,2000,5000,-3000,-3000
050683,智原元富94購02  ,0,0,0,0,0,0,0,0,0,-3000,0,0,0,0,3000,-3000,-3000
051452,貿聯元大95購04  ,0,0,0,0,0,0,0,0,0,-3000,0,0,0,20000,23000,-3000,-3000
051536,玉晶光國票97購01,0,0,0,0,0,0,0,0,0,-3000,0,0,0,21000,24000,-3000,-3000
052955,國巨日盛96購01  ,0,0,0,0,0,0,0,0,0,-3000,0,0,0,27000,30000,-3000,-3000
053010,鴻海統一96購11  ,0,0,0,0,0,0,0,0,0,-3000,0,0,0,2000,5000,-3000,-3000
053127,貿聯凱基97購01  ,0,0,0,0,0,0,0,0,0,-3000,0,0,0,3000,6000,-3000,-3000
052509,鴻海凱基96購10  ,0,0,0,0,0,0,0,0,0,-3000,0,0,0,0,3000,-3000,-3000
052493,上証2X中信97購02,0,0,0,0,0,0,0,0,0,-3000,0,0,0,2000,5000,-3000,-3000
052660,京元電國票97購01,0,0,0,0,0,0,0,0,0,-3000,0,0,0,0,3000,-3000,-3000
052804,淘帝元大96購01  ,0,0,0,0,0,0,0,0,0,-3000,0,0,0,0,3000,-3000,-3000
053289,臺股指元大96購17,0,0,0,0,0,0,0,0,0,-3000,0,0,0,0,3000,-3000,-3000
053304,可成凱基96購03  ,0,0,0,0,0,0,0,0,0,-3000,0,0,0,40000,43000,-3000,-3000
053310,彩晶凱基98購02  ,0,0,0,0,0,0,0,0,0,-3000,0,0,0,0,3000,-3000,-3000
053591,大立光元大99購03,0,0,0,0,0,0,0,0,0,-3000,0,0,0,0,3000,-3000,-3000
053618,新唐群益96購01  ,0,0,0,0,0,0,0,0,0,-3000,0,0,0,10000,13000,-3000,-3000
053674,臺股指元富96購01,0,0,0,0,0,0,0,0,0,-3000,0,0,0,0,3000,-3000,-3000
053659,智原凱基97購01  ,0,0,0,0,0,0,0,0,0,-3000,0,0,0,17000,20000,-3000,-3000
053531,國泰金康和96購01,0,0,0,0,0,0,0,0,0,-3000,0,0,0,0,3000,-3000,-3000
8033,雷虎            ,1000,4000,-3000,0,0,0,0,0,0,0,0,0,0,0,0,0,-3000
4916,事欣科          ,5000,8000,-3000,0,0,0,0,0,0,0,0,0,0,0,0,0,-3000
5531,鄉林            ,69000,45000,24000,0,0,0,0,0,0,-27000,0,27000,-27000,0,0,0,-3000
2506,太設            ,1000,0,1000,0,0,0,0,0,0,-4000,0,4000,-4000,0,0,0,-3000
2032,新鋼            ,2000,5000,-3000,0,0,0,0,0,0,0,0,0,0,0,0,0,-3000
2104,國際中橡        ,251000,249000,2000,0,0,0,0,0,0,-5000,0,5000,-5000,0,0,0,-3000
2443,億麗            ,6000,9000,-3000,0,0,0,0,0,0,0,0,0,0,0,0,0,-3000
2496,卓越            ,5000,8000,-3000,0,0,0,0,0,0,0,0,0,0,0,0,0,-3000
2488,漢平            ,4000,4000,0,0,0,0,0,0,0,-3000,0,3000,-3000,0,0,0,-3000
2348,海悅            ,15000,18000,-3000,0,0,0,0,0,0,0,0,0,0,0,0,0,-3000
2349,錸德            ,1000,4000,-3000,0,0,0,0,0,0,0,0,0,0,0,0,0,-3000
1530,亞崴            ,4000,7615,-3615,0,0,0,0,0,0,0,0,0,0,0,0,0,-3615
054124,達方永豐96購02  ,0,0,0,0,0,0,0,0,0,-4000,0,0,0,0,4000,-4000,-4000
054703,聯發科第一97購01,0,0,0,0,0,0,0,0,0,-4000,0,0,0,0,4000,-4000,-4000
054813,鴻海元大97購09  ,0,0,0,0,0,0,0,0,0,-4000,0,0,0,1000,5000,-4000,-4000
05514P,康舒永豐96售01  ,0,0,0,0,0,0,0,0,0,-4000,0,0,0,56000,60000,-4000,-4000
054911,敬鵬凱基97購01  ,0,0,0,0,0,0,0,0,0,-4000,0,0,0,1000,5000,-4000,-4000
055809,T50反1國票98購02,0,0,0,0,0,0,0,0,0,-4000,0,0,0,0,4000,-4000,-4000
055810,T50反1國票99購01,0,0,0,0,0,0,0,0,0,-4000,0,0,0,0,4000,-4000,-4000
055758,旺宏群益97購01  ,0,0,0,0,0,0,0,0,0,-4000,0,0,0,0,4000,-4000,-4000
055662,上銀中信99購01  ,0,0,0,0,0,0,0,0,0,-4000,0,0,0,72000,76000,-4000,-4000
055545,國巨凱基97購06  ,0,0,0,0,0,0,0,0,0,-4000,0,0,0,0,4000,-4000,-4000
055546,台積電凱基97購12,0,0,0,0,0,0,0,0,0,-4000,0,0,0,0,4000,-4000,-4000
055211,A50反1凱基9A購01,0,0,0,0,0,0,0,0,0,-4000,0,0,0,0,4000,-4000,-4000
05874P,台積電群益96售10,0,0,0,0,0,0,0,0,0,-4000,0,0,0,112000,116000,-4000,-4000
05853P,欣興群益96售05  ,0,0,0,0,0,0,0,0,0,-4000,0,0,0,1000,5000,-4000,-4000
1234,黑松            ,6000,10000,-4000,0,0,0,0,0,0,0,0,0,0,0,0,0,-4000
1452,宏益            ,2000,4000,-2000,0,0,0,0,0,0,-2000,0,2000,-2000,0,0,0,-4000
06214P,國巨國票98售04  ,0,0,0,0,0,0,0,0,0,-4000,0,0,0,10000,14000,-4000,-4000
06107P,美律群益98售02  ,0,0,0,0,0,0,0,0,0,-4000,0,0,0,0,4000,-4000,-4000
06102P,智邦凱基97售03  ,0,0,0,0,0,0,0,0,0,-4000,0,0,0,3000,7000,-4000,-4000
04339P,欣興元大93售08  ,0,0,0,0,0,0,0,0,0,-4000,0,0,0,1000,5000,-4000,-4000
03419B,臺股指元富99熊03,0,0,0,0,0,0,0,0,0,-4000,0,0,0,0,4000,-4000,-4000
03996P,旺宏國泰95售01  ,0,0,0,0,0,0,0,0,0,-4000,0,0,0,11000,15000,-4000,-4000
0053,元大電子        ,0,0,0,0,0,0,0,0,0,-4000,0,0,0,0,4000,-4000,-4000
045968,貿聯凱基92購03  ,0,0,0,0,0,0,0,0,0,-4000,0,0,0,1000,5000,-4000,-4000
04703P,樺漢統一95售01  ,0,0,0,0,0,0,0,0,0,-4000,0,0,0,0,4000,-4000,-4000
05011P,南電國泰96售01  ,0,0,0,0,0,0,0,0,0,-4000,0,0,0,0,4000,-4000,-4000
050066,華固凱基94購01  ,0,0,0,0,0,0,0,0,0,-4000,0,0,0,0,4000,-4000,-4000
049997,聯發科永豐94購04,0,0,0,0,0,0,0,0,0,-4000,0,0,0,68000,72000,-4000,-4000
046746,儒鴻凱基93購03  ,0,0,0,0,0,0,0,0,0,-4000,0,0,0,0,4000,-4000,-4000
046250,全新群益92購04  ,0,0,0,0,0,0,0,0,0,-4000,0,0,0,20000,24000,-4000,-4000
045258,漢唐凱基93購01  ,0,0,0,0,0,0,0,0,0,-4000,0,0,0,0,4000,-4000,-4000
045763,南亞科統一93購01,0,0,0,0,0,0,0,0,0,-4000,0,0,0,0,4000,-4000,-4000
051032,南電元富95購01  ,0,0,0,0,0,0,0,0,0,-4000,0,0,0,0,4000,-4000,-4000
051018,可成凱基95購03  ,0,0,0,0,0,0,0,0,0,-4000,0,0,0,0,4000,-4000,-4000
051091,聯發科元大95購07,0,0,0,0,0,0,0,0,0,-4000,0,0,0,0,4000,-4000,-4000
051157,華新科富邦98購01,0,0,0,0,0,0,0,0,0,-4000,0,0,0,90000,94000,-4000,-4000
050447,廣達元大94購01  ,0,0,0,0,0,0,0,0,0,-4000,0,0,0,0,4000,-4000,-4000
04718P,亞德客凱基94售03,0,0,0,0,0,0,0,0,0,-4000,0,0,0,1000,5000,-4000,-4000
050314,晶技兆豐94購01  ,0,0,0,0,0,0,0,0,0,-4000,0,0,0,0,4000,-4000,-4000
048497,京元電元大93購02,0,0,0,0,0,0,0,0,0,-4000,0,0,0,0,4000,-4000,-4000
049829,裕民凱基94購01  ,0,0,0,0,0,0,0,0,0,-4000,0,0,0,0,4000,-4000,-4000
047670,矽力永豐93購01  ,0,0,0,0,0,0,0,0,0,-4000,0,0,0,0,4000,-4000,-4000
047702,鴻海凱基94購13  ,0,0,0,0,0,0,0,0,0,-4000,0,0,0,0,4000,-4000,-4000
047709,聯發科凱基93購18,0,0,0,0,0,0,0,0,0,-4000,0,0,0,66000,70000,-4000,-4000
047632,儒鴻元大93購08  ,0,0,0,0,0,0,0,0,0,-4000,0,0,0,4000,8000,-4000,-4000
049778,宏達電統一94購02,0,0,0,0,0,0,0,0,0,-4000,0,0,0,0,4000,-4000,-4000
049042,玉晶光兆豐95購01,0,0,0,0,0,0,0,0,0,-4000,0,0,0,24000,28000,-4000,-4000
048780,臺股指凱基94購03,0,0,0,0,0,0,0,0,0,-4000,0,0,0,6000,10000,-4000,-4000
049649,信邦凱基94購01  ,0,0,0,0,0,0,0,0,0,-4000,0,0,0,0,4000,-4000,-4000
049414,台積電凱基94購18,0,0,0,0,0,0,0,0,0,-4000,0,0,0,0,4000,-4000,-4000
049433,健策國票95購03  ,0,0,0,0,0,0,0,0,0,-4000,0,0,0,0,4000,-4000,-4000
049400,可成群益94購03  ,0,0,0,0,0,0,0,0,0,-4000,0,0,0,30000,34000,-4000,-4000
049221,健策國票95購02  ,0,0,0,0,0,0,0,0,0,-4000,0,0,0,0,4000,-4000,-4000
049635,臺股指群益94購08,0,0,0,0,0,0,0,0,0,-4000,0,0,0,0,4000,-4000,-4000
049149,華新科元大95購03,0,0,0,0,0,0,0,0,0,-4000,0,0,0,3000,7000,-4000,-4000
048098,嘉澤凱基93購04  ,0,0,0,0,0,0,0,0,0,-4000,0,0,0,60000,64000,-4000,-4000
048574,台積電國泰95購02,0,0,0,0,0,0,0,0,0,-4000,0,0,0,0,4000,-4000,-4000
048308,儒鴻凱基93購05  ,0,0,0,0,0,0,0,0,0,-4000,0,0,0,0,4000,-4000,-4000
04826P,華新科麥證95售01,0,0,0,6000,10000,-4000,0,0,0,-4000,0,0,0,6000,10000,-4000,-4000
048973,禾伸堂元大94購01,0,0,0,0,0,0,0,0,0,-4000,0,0,0,1000,5000,-4000,-4000
04818P,華新科永豐94售03,0,0,0,0,0,0,0,0,0,-4000,0,0,0,0,4000,-4000,-4000
048153,台積電兆豐94購01,0,0,0,0,0,0,0,0,0,-4000,0,0,0,15000,19000,-4000,-4000
049557,南電元富94購02  ,0,0,0,0,0,0,0,0,0,-4000,0,0,0,0,4000,-4000,-4000
047899,貿聯群益93購03  ,0,0,0,0,0,0,0,0,0,-4000,0,0,0,20000,24000,-4000,-4000
053538,京鼎永豐96購03  ,0,0,0,0,0,0,0,0,0,-4000,0,0,0,10000,14000,-4000,-4000
053258,上証2X群益9A購03,0,0,0,0,0,0,0,0,0,-4000,0,0,0,0,4000,-4000,-4000
052798,滬深2X元大96購07,0,0,0,0,0,0,0,0,0,-4000,0,0,0,0,4000,-4000,-4000
05253P,智邦凱基95售08  ,0,0,0,0,0,0,0,0,0,-4000,0,0,0,1000,5000,-4000,-4000
052608,欣興元大97購01  ,0,0,0,0,0,0,0,0,0,-4000,0,0,0,9000,13000,-4000,-4000
05070P,鴻海統一96售04  ,0,0,0,0,0,0,0,0,0,-4000,0,0,0,0,4000,-4000,-4000
050729,聯鈞國票94購01  ,0,0,0,0,0,0,0,0,0,-4000,0,0,0,1000,5000,-4000,-4000
050545,奇力新凱基95購01,0,0,0,0,0,0,0,0,0,-4000,0,0,0,0,4000,-4000,-4000
050843,富邦金國票96購01,0,0,0,0,0,0,0,0,0,-4000,0,0,0,0,4000,-4000,-4000
052034,臺股指群益95購07,0,0,0,0,0,0,0,0,0,-4000,0,0,0,0,4000,-4000,-4000
051952,聯發科元富95購03,0,0,0,0,0,0,0,0,0,-4000,0,0,0,2000,6000,-4000,-4000
051949,鴻海元富95購08  ,0,0,0,0,0,0,0,0,0,-4000,0,0,0,0,4000,-4000,-4000
051778,全新群益95購01  ,0,0,0,0,0,0,0,0,0,-4000,0,0,0,0,4000,-4000,-4000
051756,台積電元大97購04,0,0,0,0,0,0,0,0,0,-4000,0,0,0,11000,15000,-4000,-4000
1507,永大            ,5000,9000,-4000,0,0,0,0,0,0,0,0,0,0,0,0,0,-4000
1714,和桐            ,909000,873000,36000,0,0,0,0,0,0,-40000,0,40000,-40000,0,0,0,-4000
2345,智邦            ,1319032,1259422,59610,0,0,0,1000,29000,-28000,-36000,94000,164000,-70000,113000,79000,34000,-4390
06106P,國巨群益97售02  ,0,0,0,0,0,0,0,0,0,-5000,0,0,0,104000,109000,-5000,-5000
06148P,台積電元大97售17,0,0,0,0,0,0,0,0,0,-5000,0,0,0,11000,16000,-5000,-5000
06179P,國巨群益97售04  ,0,0,0,0,0,0,0,0,0,-5000,0,0,0,25000,30000,-5000,-5000
06300P,緯穎元大97售04  ,0,0,0,0,0,0,0,0,0,-5000,0,0,0,0,5000,-5000,-5000
08749P,鴻海台新01售02  ,0,0,0,0,0,0,0,0,0,-5000,0,0,0,25000,30000,-5000,-5000
05838P,臺股指富邦96售05,0,0,0,0,0,0,0,0,0,-5000,0,0,0,0,5000,-5000,-5000
05807P,泰鼎永豐96售03  ,0,0,0,0,0,0,0,0,0,-5000,0,0,0,5000,10000,-5000,-5000
05877P,大立光群益96售06,0,0,0,0,0,0,0,0,0,-5000,0,0,0,14000,19000,-5000,-5000
055206,台虹中信97購01  ,0,0,0,0,0,0,0,0,0,-5000,0,0,0,10000,15000,-5000,-5000
05529P,臺股指群益96售02,0,0,0,0,0,0,0,0,0,-5000,0,0,0,10000,15000,-5000,-5000
055279,華邦電元大97購02,0,0,0,0,0,0,0,0,0,-5000,0,0,0,0,5000,-5000,-5000
055506,台郡元大99購02  ,0,0,0,0,0,0,0,0,0,-5000,0,0,0,0,5000,-5000,-5000
055472,大立光凱基97購07,0,0,0,0,0,0,0,0,0,-5000,0,0,0,0,5000,-5000,-5000
055425,聚陽群益99購01  ,0,0,0,0,0,0,0,0,0,-5000,0,0,0,10000,15000,-5000,-5000
055384,緯穎元大98購02  ,0,0,0,0,0,0,0,0,0,-5000,0,0,0,23000,28000,-5000,-5000
055556,奇力新凱基98購03,0,0,0,0,0,0,0,0,0,-5000,0,0,0,4000,9000,-5000,-5000
055525,國巨群益98購05  ,0,0,0,0,0,0,0,0,0,-5000,0,0,0,42000,47000,-5000,-5000
055812,台積電國票99購02,0,0,0,0,0,0,0,0,0,-5000,0,0,0,0,5000,-5000,-5000
055728,緯穎元大97購03  ,0,0,0,0,0,0,0,0,0,-5000,0,0,0,0,5000,-5000,-5000
055721,聯詠元大97購04  ,0,0,0,0,0,0,0,0,0,-5000,0,0,0,25000,30000,-5000,-5000
055875,光罩元富97購02  ,0,0,0,0,0,0,0,0,0,-5000,0,0,0,0,5000,-5000,-5000
05662P,景碩元富96售01  ,0,0,0,0,0,0,0,0,0,-5000,0,0,0,10000,15000,-5000,-5000
054879,大成鋼統一97購01,0,0,0,0,0,0,0,0,0,-5000,0,0,0,0,5000,-5000,-5000
054955,宏達電元大98購01,0,0,0,0,0,0,0,0,0,-5000,0,0,0,0,5000,-5000,-5000
055089,金寶群益98購01  ,0,0,0,0,0,0,0,0,0,-5000,0,0,0,106000,111000,-5000,-5000
054782,國巨群益97購01  ,0,0,0,0,0,0,0,0,0,-5000,0,0,0,0,5000,-5000,-5000
054629,華新科凱基98購01,0,0,0,0,0,0,0,0,0,-5000,0,0,0,45000,50000,-5000,-5000
054529,T50反1國泰97購02,0,0,0,0,0,0,0,0,0,-5000,0,0,0,1000,6000,-5000,-5000
054555,欣興凱基98購01  ,0,0,0,0,0,0,0,0,0,-5000,0,0,0,8000,13000,-5000,-5000
054565,玉晶光群益99購02,0,0,0,0,0,0,0,0,0,-5000,0,0,0,6000,11000,-5000,-5000
054115,台塑康和96購01  ,0,0,0,0,0,0,0,0,0,-5000,0,0,0,0,5000,-5000,-5000
054131,南亞科元大96購04,0,0,0,0,0,0,0,0,0,-5000,0,0,0,53000,58000,-5000,-5000
054049,亞光元大96購03  ,0,0,0,0,0,0,0,0,0,-5000,0,0,0,1000,6000,-5000,-5000
054444,緯穎台新97購01  ,0,0,0,0,0,0,0,0,0,-5000,0,0,0,0,5000,-5000,-5000
054407,美律國票97購02  ,0,0,0,0,0,0,0,0,0,-5000,0,0,0,0,5000,-5000,-5000
054193,鴻海麥證96購02  ,0,0,0,0,5000,-5000,0,0,0,-5000,0,0,0,0,5000,-5000,-5000
054307,高鐵凱基98購01  ,0,0,0,0,0,0,0,0,0,-5000,0,0,0,5000,10000,-5000,-5000
045373,台化元大92購01  ,0,0,0,0,0,0,0,0,0,-5000,0,0,0,0,5000,-5000,-5000
045401,大立光兆豐93購01,0,0,0,0,0,0,0,0,0,-5000,0,0,0,0,5000,-5000,-5000
045231,南電元大94購01  ,0,0,0,0,0,0,0,0,0,-5000,0,0,0,5000,10000,-5000,-5000
045295,台積電元大93購02,0,0,0,0,0,0,0,0,0,-5000,0,0,0,0,5000,-5000,-5000
045079,大立光元大93購05,0,0,0,0,0,0,0,0,0,-5000,0,0,0,0,5000,-5000,-5000
045060,世紀鋼富邦93購01,0,0,0,0,0,0,0,0,0,-5000,0,0,0,0,5000,-5000,-5000
045013,大立光元大93購04,0,0,0,0,0,0,0,0,0,-5000,0,0,0,0,5000,-5000,-5000
044935,玉晶光元大93購03,0,0,0,0,0,0,0,0,0,-5000,0,0,0,5000,10000,-5000,-5000
044852,華邦電國泰93購02,0,0,0,0,0,0,0,0,0,-5000,0,0,0,0,5000,-5000,-5000
046248,技嘉群益93購02  ,0,0,0,0,0,0,0,0,0,-5000,0,0,0,7000,12000,-5000,-5000
046149,宏達電國票93購01,0,0,0,0,0,0,0,0,0,-5000,0,0,0,0,5000,-5000,-5000
046165,中磊兆豐93購01  ,0,0,0,0,0,0,0,0,0,-5000,0,0,0,0,5000,-5000,-5000
046351,智邦群益92購01  ,0,0,0,0,0,0,0,0,0,-5000,0,0,0,25000,30000,-5000,-5000
045807,上緯控國票93購01,0,0,0,0,0,0,0,0,0,-5000,0,0,0,3000,8000,-5000,-5000
046082,矽力凱基92購01  ,0,0,0,0,0,0,0,0,0,-5000,0,0,0,0,5000,-5000,-5000
050429,漢唐凱基94購04  ,0,0,0,0,0,0,0,0,0,-5000,0,0,0,0,5000,-5000,-5000
050396,欣興元富94購02  ,0,0,0,0,0,0,0,0,0,-5000,0,0,0,0,5000,-5000,-5000
05029P,鴻海元富95售04  ,0,0,0,0,0,0,0,0,0,-5000,0,0,0,0,5000,-5000,-5000
050056,國巨凱基94購04  ,0,0,0,0,0,0,0,0,0,-5000,0,0,0,5000,10000,-5000,-5000
04692P,大立光群益94售06,0,0,0,0,0,0,0,0,0,-5000,0,0,0,63000,68000,-5000,-5000
045871,元油2X元富96購03,0,0,0,0,0,0,0,0,0,-5000,0,0,0,5000,10000,-5000,-5000
045881,同欣電元富92購01,0,0,0,0,0,0,0,0,0,-5000,0,0,0,90000,95000,-5000,-5000
03481P,欣興群益02售08  ,0,0,0,0,0,0,0,0,0,-5000,0,0,0,0,5000,-5000,-5000
044402,景碩凱基93購01  ,0,0,0,0,0,0,0,0,0,-5000,0,0,0,0,5000,-5000,-5000
044439,南電元大93購01  ,0,0,0,0,0,0,0,0,0,-5000,0,0,0,0,5000,-5000,-5000
044307,GIS兆豐93購01   ,0,0,0,0,0,0,0,0,0,-5000,0,0,0,0,5000,-5000,-5000
046627,高鐵統一95購01  ,0,0,0,0,0,0,0,0,0,-5000,0,0,0,0,5000,-5000,-5000
044517,新日興凱基91購01,0,0,0,0,0,0,0,0,0,-5000,0,0,0,15000,20000,-5000,-5000
044175,亞光統一92購01  ,0,0,0,0,0,0,0,0,0,-5000,0,0,0,20000,25000,-5000,-5000
047871,健策永豐93購02  ,0,0,0,0,0,0,0,0,0,-5000,0,0,0,5000,10000,-5000,-5000
047794,臺股指群益93購05,0,0,0,0,0,0,0,0,0,-5000,0,0,0,0,5000,-5000,-5000
049544,台積電群益94購08,0,0,0,0,0,0,0,0,0,-5000,0,0,0,5000,10000,-5000,-5000
050242,義隆凱基94購04  ,0,0,0,0,0,0,0,0,0,-5000,0,0,0,0,5000,-5000,-5000
048934,日電貿永豐94購01,0,0,0,0,0,0,0,0,0,-5000,0,0,0,0,5000,-5000,-5000
048292,微星群益93購01  ,0,0,0,0,0,0,0,0,0,-5000,0,0,0,0,5000,-5000,-5000
048033,大立光凱基93購28,0,0,0,0,0,0,0,0,0,-5000,0,0,0,0,5000,-5000,-5000
047965,景碩中信93購01  ,0,0,0,0,0,0,0,0,0,-5000,0,0,0,45000,50000,-5000,-5000
049189,訊芯康和94購01  ,0,0,0,0,0,0,0,0,0,-5000,0,0,0,5000,10000,-5000,-5000
049134,為升元大95購01  ,0,0,0,0,0,0,0,0,0,-5000,0,0,0,74000,79000,-5000,-5000
049137,華通元大95購02  ,0,0,0,0,0,0,0,0,0,-5000,0,0,0,0,5000,-5000,-5000
049375,大立光元大94購13,0,0,0,0,0,0,0,0,0,-5000,0,0,0,0,5000,-5000,-5000
048803,大立光富邦96購01,0,0,0,0,0,0,0,0,0,-5000,0,0,0,0,5000,-5000,-5000
048627,T50反1元大96購02,0,0,0,0,0,0,0,0,0,-5000,0,0,0,0,5000,-5000,-5000
048892,台郡元富97購01  ,0,0,0,0,0,0,0,0,0,-5000,0,0,0,0,5000,-5000,-5000
050334,鴻海國泰96購07  ,0,0,0,0,0,0,0,0,0,-5000,0,0,0,29000,34000,-5000,-5000
050356,緯穎群益94購05  ,0,0,0,0,0,0,0,0,0,-5000,0,0,0,57000,62000,-5000,-5000
048525,華通國票94購02  ,0,0,0,0,0,0,0,0,0,-5000,0,0,0,2000,7000,-5000,-5000
048439,上銀凱基93購09  ,0,0,0,0,0,0,0,0,0,-5000,0,0,0,6000,11000,-5000,-5000
047503,T50反1國票93購03,0,0,0,0,0,0,0,0,0,-5000,0,0,0,0,5000,-5000,-5000
049910,智邦元大94購04  ,0,0,0,0,0,0,0,0,0,-5000,0,0,0,0,5000,-5000,-5000
049069,元油2X凱基95購04,0,0,0,0,0,0,0,0,0,-5000,0,0,0,0,5000,-5000,-5000
049084,欣興凱基94購03  ,0,0,0,0,0,0,0,0,0,-5000,0,0,0,11000,16000,-5000,-5000
048378,貿聯元富93購01  ,0,0,0,0,0,0,0,0,0,-5000,0,0,0,42000,47000,-5000,-5000
047205,GIS元富93購03   ,0,0,0,0,0,0,0,0,0,-5000,0,0,0,8000,13000,-5000,-5000
050661,景碩元大94購02  ,0,0,0,0,0,0,0,0,0,-5000,0,0,0,0,5000,-5000,-5000
050973,S&P反1統一95購01,0,0,0,0,0,0,0,0,0,-5000,0,0,0,0,5000,-5000,-5000
050586,康友國票94購01  ,0,0,0,0,0,0,0,0,0,-5000,0,0,0,0,5000,-5000,-5000
051138,訊連永豐95購01  ,0,0,0,0,0,0,0,0,0,-5000,0,0,0,0,5000,-5000,-5000
051306,嘉聯益凱基96購01,0,0,0,0,0,0,0,0,0,-5000,0,0,0,5000,10000,-5000,-5000
051218,聯發科元富9B購02,0,0,0,0,0,0,0,0,0,-5000,0,0,0,0,5000,-5000,-5000
051036,喬山台新95購01  ,0,0,0,0,0,0,0,0,0,-5000,0,0,0,132000,137000,-5000,-5000
051026,健策統一96購01  ,0,0,0,0,0,0,0,0,0,-5000,0,0,0,0,5000,-5000,-5000
051069,智邦國票96購01  ,0,0,0,0,0,0,0,0,0,-5000,0,0,0,0,5000,-5000,-5000
051066,台積電國票96購02,0,0,0,0,0,0,0,0,0,-5000,0,0,0,2000,7000,-5000,-5000
051760,奇力新元大95購04,0,0,0,0,0,0,0,0,0,-5000,0,0,0,11000,16000,-5000,-5000
051734,台積電國票95購04,0,0,0,0,0,0,0,0,0,-5000,0,0,0,0,5000,-5000,-5000
051846,S&P反1中信96購02,0,0,0,0,0,0,0,0,0,-5000,0,0,0,0,5000,-5000,-5000
051784,國巨兆豐95購01  ,0,0,0,0,0,0,0,0,0,-5000,0,0,0,46000,51000,-5000,-5000
052065,臺股指國票95購12,0,0,0,0,0,0,0,0,0,-5000,0,0,0,0,5000,-5000,-5000
052011,欣興中信96購01  ,0,0,0,0,0,0,0,0,0,-5000,0,0,0,20000,25000,-5000,-5000
052433,滬深2X國泰96購02,0,0,0,0,0,0,0,0,0,-5000,0,0,0,0,5000,-5000,-5000
052383,臺股指元大95購29,0,0,0,0,0,0,0,0,0,-5000,0,0,0,0,5000,-5000,-5000
052260,為升富邦97購02  ,0,0,0,0,0,0,0,0,0,-5000,0,0,0,0,5000,-5000,-5000
052290,鴻海元富97購01  ,0,0,0,0,0,0,0,0,0,-5000,0,0,0,0,5000,-5000,-5000
052345,矽力凱基95購01  ,0,0,0,0,0,0,0,0,0,-5000,0,0,0,0,5000,-5000,-5000
050833,台郡凱基95購01  ,0,0,0,0,0,0,0,0,0,-5000,0,0,0,0,5000,-5000,-5000
051308,GIS凱基95購04   ,0,0,0,0,0,0,0,0,0,-5000,0,0,0,0,5000,-5000,-5000
050737,聯詠康和94購01  ,0,0,0,0,0,0,0,0,0,-5000,0,0,0,5000,10000,-5000,-5000
050700,健策凱基96購01  ,0,0,0,0,0,0,0,0,0,-5000,0,0,0,0,5000,-5000,-5000
051545,裕隆康和95購01  ,0,0,0,0,0,0,0,0,0,-5000,0,0,0,5000,10000,-5000,-5000
051683,A50正2凱基97購01,0,0,0,0,0,0,0,0,0,-5000,0,0,0,0,5000,-5000,-5000
051679,百和元大95購02  ,0,0,0,0,0,0,0,0,0,-5000,0,0,0,73000,78000,-5000,-5000
052607,大立光元大96購03,0,0,0,0,0,0,0,0,0,-5000,0,0,0,5000,10000,-5000,-5000
052621,台郡富邦97購01  ,0,0,0,0,0,0,0,0,0,-5000,0,0,0,3000,8000,-5000,-5000
052542,友達元富98購01  ,0,0,0,0,0,0,0,0,0,-5000,0,0,0,5000,10000,-5000,-5000
052543,聯詠元富95購01  ,0,0,0,0,0,0,0,0,0,-5000,0,0,0,5000,10000,-5000,-5000
052663,奇鋐國票97購01  ,0,0,0,0,0,0,0,0,0,-5000,0,0,0,0,5000,-5000,-5000
053102,祥碩元富96購01  ,0,0,0,0,0,0,0,0,0,-5000,0,0,0,91000,96000,-5000,-5000
053072,國巨台新97購01  ,0,0,0,0,0,0,0,0,0,-5000,0,0,0,62000,67000,-5000,-5000
053027,玉晶光富邦98購01,0,0,0,0,0,0,0,0,0,-5000,0,0,0,5000,10000,-5000,-5000
052965,廣宇群益97購01  ,0,0,0,0,0,0,0,0,0,-5000,0,0,0,10000,15000,-5000,-5000
052947,晶技國票97購01  ,0,0,0,0,0,0,0,0,0,-5000,0,0,0,0,5000,-5000,-5000
052870,玉晶光凱基96購03,0,0,0,0,0,0,0,0,0,-5000,0,0,0,3000,8000,-5000,-5000
052832,益航群益96購01  ,0,0,0,0,0,0,0,0,0,-5000,0,0,0,70000,75000,-5000,-5000
053240,巨路永豐96購01  ,0,0,0,0,0,0,0,0,0,-5000,0,0,0,0,5000,-5000,-5000
053217,群創凱基99購02  ,0,0,0,0,0,0,0,0,0,-5000,0,0,0,5000,10000,-5000,-5000
053233,大立光永豐96購01,0,0,0,0,0,0,0,0,0,-5000,0,0,0,0,5000,-5000,-5000
053347,茂林國票98購01  ,0,0,0,0,0,0,0,0,0,-5000,0,0,0,5000,10000,-5000,-5000
053370,上証2X元大97購03,0,0,0,0,0,0,0,0,0,-5000,0,0,0,0,5000,-5000,-5000
053375,鴻海元大96購18  ,0,0,0,0,0,0,0,0,0,-5000,0,0,0,0,5000,-5000,-5000
053782,京元電元大98購02,0,0,0,0,0,0,0,0,0,-5000,0,0,0,5000,10000,-5000,-5000
2305,全友            ,1000,6000,-5000,0,0,0,0,0,0,0,0,0,0,0,0,0,-5000
2468,華經            ,1000,4000,-3000,0,0,0,0,0,0,-2000,0,2000,-2000,0,0,0,-5000
2020,美亞            ,16000,21000,-5000,0,0,0,0,0,0,0,0,0,0,0,0,0,-5000
1902,台紙            ,108000,120000,-12000,0,0,0,0,0,0,7000,10000,3000,7000,0,0,0,-5000
1906,寶隆            ,2000,4000,-2000,0,0,0,0,0,0,-3000,0,3000,-3000,0,0,0,-5000
3059,華晶科          ,56000,53000,3000,0,0,0,0,0,0,-8000,0,8000,-8000,0,0,0,-5000
6152,百一            ,2000,7000,-5000,0,0,0,0,0,0,0,0,0,0,0,0,0,-5000
5264,鎧勝-KY         ,134000,134000,0,0,0,0,0,0,0,-5000,0,7000,-7000,2000,0,2000,-5000
8131,福懋科          ,124000,123527,473,0,0,0,1000,0,1000,-7000,7000,5000,2000,0,9000,-9000,-5527
054299,南電元大96購03  ,0,0,0,0,0,0,0,0,0,-6000,0,0,0,3000,9000,-6000,-6000
054335,緯穎永豐96購02  ,0,0,0,0,0,0,0,0,0,-6000,0,0,0,69000,75000,-6000,-6000
054190,矽創永豐96購01  ,0,0,0,0,0,0,0,0,0,-6000,0,0,0,0,6000,-6000,-6000
054266,緯穎元大96購07  ,0,0,0,0,0,0,0,0,0,-6000,0,0,0,104000,110000,-6000,-6000
054480,和碩中信98購01  ,0,0,0,0,0,0,0,0,0,-6000,0,0,0,0,6000,-6000,-6000
054511,香港反元大98購01,0,0,0,0,0,0,0,0,0,-6000,0,0,0,0,6000,-6000,-6000
054550,旺宏凱基98購02  ,0,0,0,0,0,0,0,0,0,-6000,0,0,0,2000,8000,-6000,-6000
05569P,漢唐統一97售01  ,0,0,0,0,0,0,0,0,0,-6000,0,0,0,90000,96000,-6000,-6000
055620,樺漢國票98購01  ,0,0,0,0,0,0,0,0,0,-6000,0,0,0,42000,48000,-6000,-6000
055621,國巨國泰98購03  ,0,0,0,0,0,0,0,0,0,-6000,0,0,0,65000,71000,-6000,-6000
055368,台積電元大97購24,0,0,0,0,0,0,0,0,0,-6000,0,0,0,0,6000,-6000,-6000
055494,華新科元大98購01,0,0,0,0,0,0,0,0,0,-6000,0,0,0,0,6000,-6000,-6000
055443,台虹國票98購01  ,0,0,0,0,0,0,0,0,0,-6000,0,0,0,3000,9000,-6000,-6000
055326,緯穎國票97購06  ,0,0,0,0,0,0,0,0,0,-6000,0,0,0,16000,22000,-6000,-6000
06019P,緯穎凱基96售03  ,0,0,0,0,0,0,0,0,0,-6000,0,0,0,0,6000,-6000,-6000
05969P,台積電台新96售04,0,0,0,0,0,0,0,0,0,-6000,0,0,0,4000,10000,-6000,-6000
1340,勝悅-KY         ,0,2000,-2000,0,0,0,0,0,0,-4000,0,4000,-4000,0,0,0,-6000
06081P,深中小元大97售02,0,0,0,0,0,0,0,0,0,-6000,0,0,0,300000,306000,-6000,-6000
044577,欣興凱基91購06  ,0,0,0,0,0,0,0,0,0,-6000,0,0,0,10000,16000,-6000,-6000
04301P,微星中信93售01  ,0,0,0,0,0,0,0,0,0,-6000,0,0,0,0,6000,-6000,-6000
046567,正崴元富92購01  ,0,0,0,0,0,0,0,0,0,-6000,0,0,0,0,6000,-6000,-6000
045646,瑞儀凱基93購05  ,0,0,0,0,0,0,0,0,0,-6000,0,0,0,12000,18000,-6000,-6000
042556,台灣50中信96購04,0,0,0,0,0,0,0,0,0,-6000,0,0,0,2000,8000,-6000,-6000
043694,華新科兆豐92購01,0,0,0,0,0,0,0,0,0,-6000,0,0,0,0,6000,-6000,-6000
03629C,元油2X元富98牛06,0,0,0,0,0,0,0,0,0,-6000,0,0,0,0,6000,-6000,-6000
03635C,滬深2X元富99牛01,0,0,0,0,0,0,0,0,0,-6000,0,0,0,1000,7000,-6000,-6000
03420B,臺股指元大95熊31,0,0,0,0,0,0,0,0,0,-6000,0,0,0,4000,10000,-6000,-6000
020002,元富新中國N     ,0,0,0,0,0,0,0,0,0,-6000,0,0,0,3000,9000,-6000,-6000
045883,元油2X元大95購07,0,0,0,0,0,0,0,0,0,-6000,0,0,0,0,6000,-6000,-6000
044750,鴻海凱基93購07  ,0,0,0,0,0,0,0,0,0,-6000,0,0,0,0,6000,-6000,-6000
046901,英業達凱基93購02,0,0,0,0,0,0,0,0,0,-6000,0,0,0,4000,10000,-6000,-6000
050084,宏達電元富94購03,0,0,0,0,0,0,0,0,0,-6000,0,0,0,0,6000,-6000,-6000
050288,台積電凱基94購32,0,0,0,0,0,0,0,0,0,-6000,0,0,0,0,6000,-6000,-6000
046753,台積電凱基93購04,0,0,0,0,0,0,0,0,0,-6000,0,0,0,3000,9000,-6000,-6000
045256,致茂凱基92購01  ,0,0,0,0,0,0,0,0,0,-6000,0,0,0,0,6000,-6000,-6000
051085,鴻海元大95購03  ,0,0,0,0,0,0,0,0,0,-6000,0,0,0,126000,132000,-6000,-6000
050927,聯詠凱基95購01  ,0,0,0,0,0,0,0,0,0,-6000,0,0,0,0,6000,-6000,-6000
04833P,鴻海元大94售16  ,0,0,0,0,0,0,0,0,0,-6000,0,0,0,6000,12000,-6000,-6000
04906P,欣興國票95售01  ,0,0,0,0,0,0,0,0,0,-6000,0,0,0,0,6000,-6000,-6000
049689,正崴元大94購02  ,0,0,0,0,0,0,0,0,0,-6000,0,0,0,76000,82000,-6000,-6000
048874,玉晶光國票96購01,0,0,0,0,0,0,0,0,0,-6000,0,0,0,0,6000,-6000,-6000
04899P,力成中信94售02  ,0,0,0,0,0,0,0,0,0,-6000,0,0,0,130000,136000,-6000,-6000
048765,奇力新凱基94購01,0,0,0,0,0,0,0,0,0,-6000,0,0,0,0,6000,-6000,-6000
049374,大立光元大94購12,0,0,0,0,0,0,0,0,0,-6000,0,0,0,0,6000,-6000,-6000
049430,國巨國票95購02  ,0,0,0,0,0,0,0,0,0,-6000,0,0,0,2000,8000,-6000,-6000
049419,欣興凱基94購04  ,0,0,0,0,0,0,0,0,0,-6000,0,0,0,6000,12000,-6000,-6000
048113,欣興群益93購08  ,0,0,0,0,0,0,0,0,0,-6000,0,0,0,0,6000,-6000,-6000
048120,台泥元大93購02  ,0,0,0,0,0,0,0,0,0,-6000,0,0,0,0,6000,-6000,-6000
050234,國巨凱基94購10  ,0,0,0,0,0,0,0,0,0,-6000,0,0,0,2000,8000,-6000,-6000
048214,滬深2X凱基96購03,0,0,0,0,0,0,0,0,0,-6000,0,0,0,2000,8000,-6000,-6000
053785,聯詠元大96購05  ,0,0,0,0,0,0,0,0,0,-6000,0,0,0,15000,21000,-6000,-6000
053566,大立光富邦99購03,0,0,0,0,0,0,0,0,0,-6000,0,0,0,33000,39000,-6000,-6000
053379,南亞科元大96購01,0,0,0,0,0,0,0,0,0,-6000,0,0,0,0,6000,-6000,-6000
053226,國巨台新97購02  ,0,0,0,0,0,0,0,0,0,-6000,0,0,0,8000,14000,-6000,-6000
052889,致伸麥證97購01  ,0,0,0,0,6000,-6000,0,0,0,-6000,0,0,0,0,6000,-6000,-6000
053108,南亞科兆豐96購01,0,0,0,0,0,0,0,0,0,-6000,0,0,0,4000,10000,-6000,-6000
052646,淘帝永豐96購01  ,0,0,0,0,0,0,0,0,0,-6000,0,0,0,37000,43000,-6000,-6000
052706,台虹國票97購01  ,0,0,0,0,0,0,0,0,0,-6000,0,0,0,0,6000,-6000,-6000
052794,群創兆豐97購01  ,0,0,0,0,0,0,0,0,0,-6000,0,0,0,14000,20000,-6000,-6000
052551,台積電國票97購03,0,0,0,0,0,0,0,0,0,-6000,0,0,0,0,6000,-6000,-6000
051643,瑞昱康和95購01  ,0,0,0,0,0,0,0,0,0,-6000,0,0,0,0,6000,-6000,-6000
051416,創意國票96購02  ,0,0,0,0,0,0,0,0,0,-6000,0,0,0,6000,12000,-6000,-6000
051430,瑞昱元富95購02  ,0,0,0,0,0,0,0,0,0,-6000,0,0,0,0,6000,-6000,-6000
051336,智原永豐95購01  ,0,0,0,0,0,0,0,0,0,-6000,0,0,0,87000,93000,-6000,-6000
050715,台積電群益96購01,0,0,0,0,0,0,0,0,0,-6000,0,0,0,25000,31000,-6000,-6000
050636,上証2X國票94購01,0,0,0,0,0,0,0,0,0,-6000,0,0,0,110000,116000,-6000,-6000
052387,台積電群益95購08,0,0,0,0,0,0,0,0,0,-6000,0,0,0,108000,114000,-6000,-6000
051987,廣達元大95購01  ,0,0,0,0,0,0,0,0,0,-6000,0,0,0,0,6000,-6000,-6000
051798,國巨永豐95購03  ,0,0,0,0,0,0,0,0,0,-6000,0,0,0,28000,34000,-6000,-6000
051835,百和元大95購03  ,0,0,0,0,0,0,0,0,0,-6000,0,0,0,152000,158000,-6000,-6000
051711,臻鼎群益95購03  ,0,0,0,0,0,0,0,0,0,-6000,0,0,0,15000,21000,-6000,-6000
051691,台表科凱基95購01,0,0,0,0,0,0,0,0,0,-6000,0,0,0,2000,8000,-6000,-6000
6533,晶心科          ,145000,165000,-20000,0,0,0,0,0,0,14000,15000,1000,14000,0,0,0,-6000
3305,昇貿            ,10000,15000,-5000,0,0,0,0,0,0,-1000,0,1000,-1000,0,0,0,-6000
1720,生達            ,7000,13000,-6000,0,0,0,0,0,0,0,0,0,0,0,0,0,-6000
1817,凱撒衛          ,6000,11000,-5000,0,0,0,0,0,0,-1000,0,1000,-1000,0,0,0,-6000
2476,鉅祥            ,3000,9000,-6000,0,0,0,0,0,0,0,0,0,0,0,0,0,-6000
2243,宏旭-KY         ,4000,10000,-6000,0,0,0,0,0,0,0,0,0,0,0,0,0,-6000
1446,宏和            ,7000,11000,-4000,0,0,0,0,0,0,-3000,0,3000,-3000,0,0,0,-7000
06028P,智邦台新97售01  ,0,0,0,0,0,0,0,0,0,-7000,0,0,0,36000,43000,-7000,-7000
055331,國巨兆豐99購01  ,0,0,0,0,0,0,0,0,0,-7000,0,0,0,8000,15000,-7000,-7000
055359,超眾凱基97購01  ,0,0,0,0,0,0,0,0,0,-7000,0,0,0,9000,16000,-7000,-7000
055715,智邦元大97購04  ,0,0,0,0,0,0,0,0,0,-7000,0,0,0,0,7000,-7000,-7000
054536,宏達電富邦97購03,0,0,0,0,0,0,0,0,0,-7000,0,0,0,0,7000,-7000,-7000
054794,貿聯群益98購01  ,0,0,0,0,0,0,0,0,0,-7000,0,0,0,8000,15000,-7000,-7000
055023,億光國泰98購01  ,0,0,0,0,0,0,0,0,0,-7000,0,0,0,141000,148000,-7000,-7000
055139,欣興永豐97購01  ,0,0,0,0,0,0,0,0,0,-7000,0,0,0,16000,23000,-7000,-7000
05513P,玉山金台新96售01,0,0,0,0,0,0,0,0,0,-7000,0,0,0,0,7000,-7000,-7000
054241,深中小元大98購01,0,0,0,0,0,0,0,0,0,-7000,0,0,0,5000,12000,-7000,-7000
054345,世芯國票96購02  ,0,0,0,0,0,0,0,0,0,-7000,0,0,0,66000,73000,-7000,-7000
054092,大立光群益97購01,0,0,0,0,0,0,0,0,0,-7000,0,0,0,1000,8000,-7000,-7000
054051,貿聯元大97購03  ,0,0,0,0,0,0,0,0,0,-7000,0,0,0,3000,10000,-7000,-7000
053891,欣興群益98購01  ,0,0,0,0,0,0,0,0,0,-7000,0,0,0,67000,74000,-7000,-7000
045171,可成兆豐92購02  ,0,0,0,0,0,0,0,0,0,-7000,0,0,0,0,7000,-7000,-7000
045775,可成元大92購06  ,0,0,0,0,0,0,0,0,0,-7000,0,0,0,4000,11000,-7000,-7000
04571P,華新科國泰95售03,0,0,0,0,0,0,0,0,0,-7000,0,0,0,257000,264000,-7000,-7000
045101,玉晶光中信94購01,0,0,0,0,0,0,0,0,0,-7000,0,0,0,123000,130000,-7000,-7000
046742,智原日盛93購01  ,0,0,0,0,0,0,0,0,0,-7000,0,0,0,0,7000,-7000,-7000
046944,奇力新元大96購01,0,0,0,0,0,0,0,0,0,-7000,0,0,0,6000,13000,-7000,-7000
043907,鴻海凱基93購01  ,0,0,0,0,0,0,0,0,0,-7000,0,0,0,2000,9000,-7000,-7000
045572,元油2X元大98購01,0,0,0,0,0,0,0,0,0,-7000,0,0,0,0,7000,-7000,-7000
04820P,聯茂永豐94售02  ,0,0,0,0,0,0,0,0,0,-7000,0,0,0,30000,37000,-7000,-7000
04934P,鴻海中信94售05  ,0,0,0,0,0,0,0,0,0,-7000,0,0,0,0,7000,-7000,-7000
048688,瑞昱群益94購01  ,0,0,0,0,0,0,0,0,0,-7000,0,0,0,104000,111000,-7000,-7000
048644,華固元大93購01  ,0,0,0,0,0,0,0,0,0,-7000,0,0,0,0,7000,-7000,-7000
049038,高鐵兆豐94購01  ,0,0,0,0,0,0,0,0,0,-7000,0,0,0,3000,10000,-7000,-7000
049716,台積電凱基94購24,0,0,0,0,0,0,0,0,0,-7000,0,0,0,0,7000,-7000,-7000
047461,大立光群益93購09,0,0,0,0,0,0,0,0,0,-7000,0,0,0,5000,12000,-7000,-7000
047519,台達電元大93購02,0,0,0,0,0,0,0,0,0,-7000,0,0,0,1000,8000,-7000,-7000
048387,台達電國票94購01,0,0,0,0,0,0,0,0,0,-7000,0,0,0,9000,16000,-7000,-7000
048484,大立光國泰95購02,0,0,0,0,0,0,0,0,0,-7000,0,0,0,12000,19000,-7000,-7000
049828,華新科凱基94購06,0,0,0,0,0,0,0,0,0,-7000,0,0,0,10000,17000,-7000,-7000
050376,百和元大95購01  ,0,0,0,0,0,0,0,0,0,-7000,0,0,0,43000,50000,-7000,-7000
047746,宏碁元富93購01  ,0,0,0,0,0,0,0,0,0,-7000,0,0,0,3000,10000,-7000,-7000
04732P,聯茂群益94售01  ,0,0,0,0,0,0,0,0,0,-7000,0,0,0,0,7000,-7000,-7000
049851,致伸群益94購03  ,0,0,0,0,0,0,0,0,0,-7000,0,0,0,130000,137000,-7000,-7000
049873,華新科台新94購02,0,0,0,0,0,0,0,0,0,-7000,0,0,0,0,7000,-7000,-7000
05124P,華新科富邦97售02,0,0,0,0,0,0,0,0,0,-7000,0,0,0,1000,8000,-7000,-7000
051256,中磊元大95購01  ,0,0,0,0,0,0,0,0,0,-7000,0,0,0,135000,142000,-7000,-7000
051799,台積電永豐96購01,0,0,0,0,0,0,0,0,0,-7000,0,0,0,0,7000,-7000,-7000
051818,國巨統一95購02  ,0,0,0,0,0,0,0,0,0,-7000,0,0,0,0,7000,-7000,-7000
052060,旺宏國票96購02  ,0,0,0,0,0,0,0,0,0,-7000,0,0,0,5000,12000,-7000,-7000
052110,可成元富95購02  ,0,0,0,0,0,0,0,0,0,-7000,0,0,0,0,7000,-7000,-7000
052185,奇力新群益95購03,0,0,0,0,0,0,0,0,0,-7000,0,0,0,94000,101000,-7000,-7000
05076P,深中小群益99售02,0,0,0,0,0,0,0,0,0,-7000,0,0,0,0,7000,-7000,-7000
050485,國巨統一96購01  ,0,0,0,0,0,0,0,0,0,-7000,0,0,0,3000,10000,-7000,-7000
051663,鴻海元大95購18  ,0,0,0,0,0,0,0,0,0,-7000,0,0,0,6000,13000,-7000,-7000
052808,矽力元大96購02  ,0,0,0,0,0,0,0,0,0,-7000,0,0,0,0,7000,-7000,-7000
053320,華新科群益97購01,0,0,0,0,0,0,0,0,0,-7000,0,0,0,5000,12000,-7000,-7000
053458,聯詠國泰97購01  ,0,0,0,0,0,0,0,0,0,-7000,0,0,0,0,7000,-7000,-7000
053672,嘉澤元富96購02  ,0,0,0,0,0,0,0,0,0,-7000,0,0,0,93000,100000,-7000,-7000
053620,臺股指群益96購06,0,0,0,0,0,0,0,0,0,-7000,0,0,0,0,7000,-7000,-7000
2524,京城            ,46000,49000,-3000,0,0,0,0,0,0,-4000,0,4000,-4000,0,0,0,-7000
6591,動力-KY         ,82000,107000,-25000,0,0,0,0,0,0,18000,20000,2000,18000,0,0,0,-7000
6142,友勁            ,2000,80000,-78000,0,0,0,0,0,0,71000,71000,0,71000,0,0,0,-7000
054195,亞泥國泰98購01  ,0,0,0,0,0,0,0,0,0,-8000,0,0,0,112000,120000,-8000,-8000
055115,日月光凱基98購01,0,0,0,0,0,0,0,0,0,-8000,0,0,0,0,8000,-8000,-8000
054877,百和群益98購01  ,0,0,0,0,0,0,0,0,0,-8000,0,0,0,13000,21000,-8000,-8000
054562,亞光群益98購01  ,0,0,0,0,0,0,0,0,0,-8000,0,0,0,10000,18000,-8000,-8000
055787,聯茂凱基99購01  ,0,0,0,0,0,0,0,0,0,-8000,0,0,0,0,8000,-8000,-8000
055699,康控國票97購04  ,0,0,0,0,0,0,0,0,0,-8000,0,0,0,0,8000,-8000,-8000
055696,華新科國票98購01,0,0,0,0,0,0,0,0,0,-8000,0,0,0,3000,11000,-8000,-8000
055374,明泰元大97購01  ,0,0,0,0,0,0,0,0,0,-8000,0,0,0,0,8000,-8000,-8000
055387,世紀鋼元大97購01,0,0,0,0,0,0,0,0,0,-8000,0,0,0,0,8000,-8000,-8000
055466,台達電凱基97購03,0,0,0,0,0,0,0,0,0,-8000,0,0,0,0,8000,-8000,-8000
055442,矽創國票98購02  ,0,0,0,0,0,0,0,0,0,-8000,0,0,0,0,8000,-8000,-8000
055274,華泰元大97購02  ,0,0,0,0,0,0,0,0,0,-8000,0,0,0,13000,21000,-8000,-8000
05522P,友達元富96售02  ,0,0,0,0,0,0,0,0,0,-8000,0,0,0,2000,10000,-8000,-8000
06005P,晶豪科永豐96售04,0,0,0,0,0,0,0,0,0,-8000,0,0,0,95000,103000,-8000,-8000
05991P,聯茂群益96售05  ,0,0,0,0,0,0,0,0,0,-8000,0,0,0,0,8000,-8000,-8000
05947P,大成鋼元大96售03,0,0,0,0,0,0,0,0,0,-8000,0,0,0,50000,58000,-8000,-8000
1473,台南            ,17000,19000,-2000,0,0,0,0,0,0,-6000,0,6000,-6000,0,0,0,-8000
06242P,大立光元富9A售02,0,0,0,0,0,0,0,0,0,-8000,0,0,0,0,8000,-8000,-8000
045717,微星凱基92購03  ,0,0,0,0,0,0,0,0,0,-8000,0,0,0,2000,10000,-8000,-8000
045710,儒鴻凱基92購02  ,0,0,0,0,0,0,0,0,0,-8000,0,0,0,0,8000,-8000,-8000
044518,京鼎凱基92購01  ,0,0,0,0,0,0,0,0,0,-8000,0,0,0,0,8000,-8000,-8000
044564,喬山凱基92購01  ,0,0,0,0,0,0,0,0,0,-8000,0,0,0,2000,10000,-8000,-8000
043958,臻鼎元富94購01  ,0,0,0,0,0,0,0,0,0,-8000,0,0,0,5000,13000,-8000,-8000
044353,宏達電元大93購04,0,0,0,0,0,0,0,0,0,-8000,0,0,0,32000,40000,-8000,-8000
03643C,臺股指元富99牛04,0,0,0,0,0,0,0,0,0,-8000,0,0,0,2000,10000,-8000,-8000
046915,禾伸堂台新93購01,0,0,0,0,0,0,0,0,0,-8000,0,0,0,0,8000,-8000,-8000
046964,祥碩中信93購01  ,0,0,0,0,0,0,0,0,0,-8000,0,0,0,22000,30000,-8000,-8000
047025,可成元大93購05  ,0,0,0,0,0,0,0,0,0,-8000,0,0,0,2000,10000,-8000,-8000
050402,緯穎中信96購01  ,0,0,0,0,0,0,0,0,0,-8000,0,0,0,6000,14000,-8000,-8000
050165,泰鼎國泰95購02  ,0,0,0,0,0,0,0,0,0,-8000,0,0,0,183000,191000,-8000,-8000
046767,南茂凱基93購03  ,0,0,0,0,0,0,0,0,0,-8000,0,0,0,0,8000,-8000,-8000
046374,台積電凱基92購20,0,0,0,0,0,0,0,0,0,-8000,0,0,0,0,8000,-8000,-8000
046379,奇力新凱基93購03,0,0,0,0,0,0,0,0,0,-8000,0,0,0,0,8000,-8000,-8000
050671,超眾永豐94購04  ,0,0,0,0,0,0,0,0,0,-8000,0,0,0,56000,64000,-8000,-8000
051156,鴻海富邦97購01  ,0,0,0,0,0,0,0,0,0,-8000,0,0,0,50000,58000,-8000,-8000
050660,欣興元大96購02  ,0,0,0,0,0,0,0,0,0,-8000,0,0,0,0,8000,-8000,-8000
050925,可成凱基95購02  ,0,0,0,0,0,0,0,0,0,-8000,0,0,0,0,8000,-8000,-8000
050351,華新科群益95購02,0,0,0,0,0,0,0,0,0,-8000,0,0,0,0,8000,-8000,-8000
050342,華通元富94購02  ,0,0,0,0,0,0,0,0,0,-8000,0,0,0,68000,76000,-8000,-8000
047615,為升凱基93購05  ,0,0,0,0,0,0,0,0,0,-8000,0,0,0,25000,33000,-8000,-8000
048417,國巨統一94購01  ,0,0,0,0,0,0,0,0,0,-8000,0,0,0,2000,10000,-8000,-8000
047518,儒鴻元大93購07  ,0,0,0,0,0,0,0,0,0,-8000,0,0,0,5000,13000,-8000,-8000
049113,大立光統一94購06,0,0,0,0,0,0,0,0,0,-8000,0,0,0,70000,78000,-8000,-8000
050312,大立光兆豐94購04,0,0,0,0,0,0,0,0,0,-8000,0,0,0,10000,18000,-8000,-8000
049016,國巨群益94購02  ,0,0,0,0,0,0,0,0,0,-8000,0,0,0,2000,10000,-8000,-8000
049279,元油2X國票94購02,0,0,0,0,0,0,0,0,0,-8000,0,0,0,0,8000,-8000,-8000
049504,臺股指元大94購15,0,0,0,0,0,0,0,0,0,-8000,0,0,0,20000,28000,-8000,-8000
049501,台郡元大95購01  ,0,0,0,0,0,0,0,0,0,-8000,0,0,0,17000,25000,-8000,-8000
049518,宏達電國票95購02,0,0,0,0,0,0,0,0,0,-8000,0,0,0,210000,218000,-8000,-8000
049508,上銀凱基94購04  ,0,0,0,0,0,0,0,0,0,-8000,0,0,0,126000,134000,-8000,-8000
047916,台積電凱基93購22,0,0,0,0,0,0,0,0,0,-8000,0,0,0,1000,9000,-8000,-8000
048092,聯發科凱基93購29,0,0,0,0,0,0,0,0,0,-8000,0,0,0,90000,98000,-8000,-8000
047431,儒鴻元大93購06  ,0,0,0,0,0,0,0,0,0,-8000,0,0,0,0,8000,-8000,-8000
053765,智邦富邦96購01  ,0,0,0,0,0,0,0,0,0,-8000,0,0,0,10000,18000,-8000,-8000
053753,啟碁永豐96購01  ,0,0,0,0,0,0,0,0,0,-8000,0,0,0,0,8000,-8000,-8000
053703,緯穎兆豐96購01  ,0,0,0,0,0,0,0,0,0,-8000,0,0,0,17000,25000,-8000,-8000
053301,華通凱基96購04  ,0,0,0,0,0,0,0,0,0,-8000,0,0,0,0,8000,-8000,-8000
053295,奇力新中信96購01,0,0,0,0,0,0,0,0,0,-8000,0,0,0,43000,51000,-8000,-8000
05320P,華通凱基96售03  ,0,0,0,0,0,0,0,0,0,-8000,0,0,0,0,8000,-8000,-8000
053175,矽力群益96購01  ,0,0,0,0,0,0,0,0,0,-8000,0,0,0,73000,81000,-8000,-8000
053152,大立光元大99購01,0,0,0,0,0,0,0,0,0,-8000,0,0,0,12000,20000,-8000,-8000
052766,玉晶光群益9A購01,0,0,0,0,0,0,0,0,0,-8000,0,0,0,1000,9000,-8000,-8000
053012,國巨統一96購03  ,0,0,0,0,0,0,0,0,0,-8000,0,0,0,42000,50000,-8000,-8000
053030,南亞科第一96購01,0,0,0,0,0,0,0,0,0,-8000,0,0,0,60000,68000,-8000,-8000
053041,可成凱基96購02  ,0,0,0,0,0,0,0,0,0,-8000,0,0,0,0,8000,-8000,-8000
051424,緯穎國票97購01  ,0,0,0,0,0,0,0,0,0,-8000,0,0,0,0,8000,-8000,-8000
051456,鈺齊元大95購01  ,0,0,0,0,0,0,0,0,0,-8000,0,0,0,10000,18000,-8000,-8000
051463,世芯國泰97購02  ,0,0,0,0,0,0,0,0,0,-8000,0,0,0,167000,175000,-8000,-8000
050505,可成凱基94購12  ,0,0,0,0,0,0,0,0,0,-8000,0,0,0,0,8000,-8000,-8000
050849,智伸科國票95購01,0,0,0,0,0,0,0,0,0,-8000,0,0,0,10000,18000,-8000,-8000
050842,旺宏國票97購01  ,0,0,0,0,0,0,0,0,0,-8000,0,0,0,12000,20000,-8000,-8000
050530,台表科元大95購04,0,0,0,0,0,0,0,0,0,-8000,0,0,0,0,8000,-8000,-8000
050734,台積電台新94購02,0,0,0,0,0,0,0,0,0,-8000,0,0,0,0,8000,-8000,-8000
052173,廣達元大95購02  ,0,0,0,0,0,0,0,0,0,-8000,0,0,0,0,8000,-8000,-8000
052431,茂林永豐95購03  ,0,0,0,0,0,0,0,0,0,-8000,0,0,0,154000,162000,-8000,-8000
052047,建準凱基96購01  ,0,0,0,0,0,0,0,0,0,-8000,0,0,0,4000,12000,-8000,-8000
6206,飛捷            ,14000,22000,-8000,0,0,0,0,0,0,0,0,0,0,0,0,0,-8000
8341,日友            ,89000,95000,-6000,0,0,0,0,0,0,-2000,0,2000,-2000,0,0,0,-8000
2527,宏璟            ,6000,11000,-5000,0,0,0,0,0,0,-3000,0,3000,-3000,0,0,0,-8000
3060,銘異            ,1000,7000,-6000,0,0,0,0,0,0,-2000,0,2000,-2000,0,0,0,-8000
4566,時碩工業        ,47000,52000,-5000,0,0,0,0,0,0,-3000,0,3000,-3000,0,0,0,-8000
2013,中鋼構          ,8000,16000,-8000,0,0,0,0,0,0,0,0,0,0,0,0,0,-8000
06124P,超眾元大97售03  ,0,0,0,0,0,0,0,0,0,-9000,0,0,0,1000,10000,-9000,-9000
05970P,超眾永豐96售03  ,0,0,0,0,0,0,0,0,0,-9000,0,0,0,12000,21000,-9000,-9000
055482,聚陽元大97購02  ,0,0,0,0,0,0,0,0,0,-9000,0,0,0,0,9000,-9000,-9000
055586,旺宏元大98購06  ,0,0,0,0,0,0,0,0,0,-9000,0,0,0,15000,24000,-9000,-9000
054428,禾伸堂富邦98購01,0,0,0,0,0,0,0,0,0,-9000,0,0,0,40000,49000,-9000,-9000
046281,正崴永豐92購01  ,0,0,0,0,0,0,0,0,0,-9000,0,0,0,0,9000,-9000,-9000
046734,華通國票93購02  ,0,0,0,0,0,0,0,0,0,-9000,0,0,0,31000,40000,-9000,-9000
046736,儒鴻群益93購01  ,0,0,0,0,0,0,0,0,0,-9000,0,0,0,15000,24000,-9000,-9000
046715,美律國泰94購01  ,0,0,0,0,0,0,0,0,0,-9000,0,0,0,0,9000,-9000,-9000
04528P,智原凱基94售01  ,0,0,0,0,0,0,0,0,0,-9000,0,0,0,71000,80000,-9000,-9000
050075,南電凱基94購04  ,0,0,0,0,0,0,0,0,0,-9000,0,0,0,0,9000,-9000,-9000
050417,喬山凱基94購01  ,0,0,0,0,0,0,0,0,0,-9000,0,0,0,0,9000,-9000,-9000
047002,鴻海統一93購04  ,0,0,0,0,0,0,0,0,0,-9000,0,0,0,47000,56000,-9000,-9000
046813,聯電凱基96購01  ,0,0,0,0,0,0,0,0,0,-9000,0,0,0,2000,11000,-9000,-9000
036804,國巨元富93購01  ,0,0,0,0,0,0,0,0,0,-9000,0,0,0,245000,254000,-9000,-9000
043525,創意元大92購02  ,0,0,0,0,0,0,0,0,0,-9000,0,0,0,11000,20000,-9000,-9000
042977,京元電凱基92購01,0,0,0,0,0,0,0,0,0,-9000,0,0,0,1000,10000,-9000,-9000
042280,元石油富邦96購01,0,0,0,0,0,0,0,0,0,-9000,0,0,0,20000,29000,-9000,-9000
045688,祥碩元大92購01  ,0,0,0,0,0,0,0,0,0,-9000,0,0,0,4000,13000,-9000,-9000
045636,京元電凱基92購03,0,0,0,0,0,0,0,0,0,-9000,0,0,0,1000,10000,-9000,-9000
048267,元金反中信93購01,0,0,0,0,0,0,0,0,0,-9000,0,0,0,0,9000,-9000,-9000
048572,美利達元大96購04,0,0,0,0,0,0,0,0,0,-9000,0,0,0,41000,50000,-9000,-9000
048191,亞德客元大93購06,0,0,0,0,0,0,0,0,0,-9000,0,0,0,1000,10000,-9000,-9000
049199,茂林永豐95購01  ,0,0,0,0,0,0,0,0,0,-9000,0,0,0,1000,10000,-9000,-9000
048984,上緯控元大94購01,0,0,0,0,0,0,0,0,0,-9000,0,0,0,1000,10000,-9000,-9000
048648,祥碩元大93購03  ,0,0,0,0,0,0,0,0,0,-9000,0,0,0,13000,22000,-9000,-9000
048773,貿聯凱基94購01  ,0,0,0,0,0,0,0,0,0,-9000,0,0,0,21000,30000,-9000,-9000
047526,可成元大93購08  ,0,0,0,0,0,0,0,0,0,-9000,0,0,0,18000,27000,-9000,-9000
048423,聯發科元富93購02,0,0,0,0,0,0,0,0,0,-9000,0,0,0,0,9000,-9000,-9000
047640,聯發科元大93購17,0,0,0,0,0,0,0,0,0,-9000,0,0,0,65000,74000,-9000,-9000
048506,華通群益94購03  ,0,0,0,0,0,0,0,0,0,-9000,0,0,0,11000,20000,-9000,-9000
048475,台郡永豐93購02  ,0,0,0,0,0,0,0,0,0,-9000,0,0,0,1000,10000,-9000,-9000
050444,卜蜂元大94購03  ,0,0,0,0,0,0,0,0,0,-9000,0,0,0,1000,10000,-9000,-9000
047306,儒鴻元大93購03  ,0,0,0,0,0,0,0,0,0,-9000,0,0,0,0,9000,-9000,-9000
047276,中工永豐93購01  ,0,0,0,0,0,0,0,0,0,-9000,0,0,0,0,9000,-9000,-9000
051118,台塑群益95購01  ,0,0,0,0,0,0,0,0,0,-9000,0,0,0,0,9000,-9000,-9000
051130,百和群益96購01  ,0,0,0,0,0,0,0,0,0,-9000,0,0,0,58000,67000,-9000,-9000
050991,元油2X元大96購04,0,0,0,0,0,0,0,0,0,-9000,0,0,0,2000,11000,-9000,-9000
051227,技嘉群益97購01  ,0,0,0,0,0,0,0,0,0,-9000,0,0,0,11000,20000,-9000,-9000
051095,貿聯元大95購03  ,0,0,0,0,0,0,0,0,0,-9000,0,0,0,1000,10000,-9000,-9000
051108,鴻海統一96購02  ,0,0,0,0,0,0,0,0,0,-9000,0,0,0,0,9000,-9000,-9000
052372,台泥元大95購02  ,0,0,0,0,0,0,0,0,0,-9000,0,0,0,1000,10000,-9000,-9000
052109,可成元富95購01  ,0,0,0,0,0,0,0,0,0,-9000,0,0,0,0,9000,-9000,-9000
050560,聯詠統一94購02  ,0,0,0,0,0,0,0,0,0,-9000,0,0,0,26000,35000,-9000,-9000
050503,聯發科凱基94購22,0,0,0,0,0,0,0,0,0,-9000,0,0,0,12000,21000,-9000,-9000
053099,正崴元富96購01  ,0,0,0,0,0,0,0,0,0,-9000,0,0,0,0,9000,-9000,-9000
053155,晶技元大97購02  ,0,0,0,0,0,0,0,0,0,-9000,0,0,0,112000,121000,-9000,-9000
053350,台表科國票97購02,0,0,0,0,0,0,0,0,0,-9000,0,0,0,13000,22000,-9000,-9000
05333P,臺股指國票95售02,0,0,0,0,0,0,0,0,0,-9000,0,0,0,81000,90000,-9000,-9000
053736,友達麥證96購01  ,0,0,0,21000,30000,-9000,0,0,0,-9000,0,0,0,21000,30000,-9000,-9000
2010,春源            ,3000,12000,-9000,0,0,0,0,0,0,0,0,0,0,0,0,0,-9000
4155,訊映            ,7000,14000,-7000,0,0,0,0,0,0,-2000,0,2000,-2000,0,0,0,-9000
3025,星通            ,5000,13000,-8000,0,0,0,0,0,0,-1000,0,1000,-1000,0,0,0,-9000
054435,華新科台新97購02,0,0,0,0,0,0,0,0,0,-10000,0,0,0,16000,26000,-10000,-10000
05450P,臺股指元大95售27,0,0,0,0,0,0,0,0,0,-10000,0,0,0,30000,40000,-10000,-10000
054383,傳奇群益97購01  ,0,0,0,0,0,0,0,0,0,-10000,0,0,0,0,10000,-10000,-10000
054362,亞光凱基96購03  ,0,0,0,0,0,0,0,0,0,-10000,0,0,0,1000,11000,-10000,-10000
054360,智邦凱基96購03  ,0,0,0,0,0,0,0,0,0,-10000,0,0,0,0,10000,-10000,-10000
054356,可成兆豐97購01  ,0,0,0,0,0,0,0,0,0,-10000,0,0,0,10000,20000,-10000,-10000
054196,台光電國泰97購02,0,0,0,0,0,0,0,0,0,-10000,0,0,0,0,10000,-10000,-10000
054294,世芯元大96購02  ,0,0,0,0,0,0,0,0,0,-10000,0,0,0,155000,165000,-10000,-10000
05428P,滬深2X統一95售01,0,0,0,0,0,0,0,0,0,-10000,0,0,0,0,10000,-10000,-10000
054305,光磊凱基98購01  ,0,0,0,0,0,0,0,0,0,-10000,0,0,0,0,10000,-10000,-10000
054272,華通中信98購01  ,0,0,0,0,0,0,0,0,0,-10000,0,0,0,0,10000,-10000,-10000
053905,華新科凱基96購10,0,0,0,0,0,0,0,0,0,-10000,0,0,0,1000,11000,-10000,-10000
053886,亞光兆豐96購01  ,0,0,0,0,0,0,0,0,0,-10000,0,0,0,0,10000,-10000,-10000
053883,大立光中信98購02,0,0,0,0,0,0,0,0,0,-10000,0,0,0,0,10000,-10000,-10000
053843,訊芯統一96購01  ,0,0,0,0,0,0,0,0,0,-10000,0,0,0,0,10000,-10000,-10000
053839,華通統一96購01  ,0,0,0,0,0,0,0,0,0,-10000,0,0,0,0,10000,-10000,-10000
053937,光磊元富96購01  ,0,0,0,0,0,0,0,0,0,-10000,0,0,0,0,10000,-10000,-10000
054047,富邦金元大97購01,0,0,0,0,0,0,0,0,0,-10000,0,0,0,0,10000,-10000,-10000
054141,TPK元大96購02   ,0,0,0,0,0,0,0,0,0,-10000,0,0,0,25000,35000,-10000,-10000
054154,智易國泰97購01  ,0,0,0,0,0,0,0,0,0,-10000,0,0,0,0,10000,-10000,-10000
054172,易華電凱基98購01,0,0,0,0,0,0,0,0,0,-10000,0,0,0,10000,20000,-10000,-10000
054567,拓凱群益98購01  ,0,0,0,0,0,0,0,0,0,-10000,0,0,0,10000,20000,-10000,-10000
054521,TPK元大96購03   ,0,0,0,0,0,0,0,0,0,-10000,0,0,0,0,10000,-10000,-10000
054648,智原群益98購01  ,0,0,0,0,0,0,0,0,0,-10000,0,0,0,20000,30000,-10000,-10000
05479P,華新科台新96售01,0,0,0,0,0,0,0,0,0,-10000,0,0,0,6000,16000,-10000,-10000
054791,泰碩群益99購02  ,0,0,0,0,0,0,0,0,0,-10000,0,0,0,0,10000,-10000,-10000
054815,台積電元大97購14,0,0,0,0,0,0,0,0,0,-10000,0,0,0,10000,20000,-10000,-10000
054801,康友群益97購02  ,0,0,0,0,0,0,0,0,0,-10000,0,0,0,30000,40000,-10000,-10000
054853,TPK國票98購02   ,0,0,0,0,0,0,0,0,0,-10000,0,0,0,50000,60000,-10000,-10000
054846,瑞昱兆豐97購01  ,0,0,0,0,0,0,0,0,0,-10000,0,0,0,10000,20000,-10000,-10000
054707,聯茂亞東97購01  ,0,0,0,0,0,0,0,0,0,-10000,0,0,0,0,10000,-10000,-10000
055151,台積電元大98購05,0,0,0,0,0,0,0,0,0,-10000,0,0,0,10000,20000,-10000,-10000
055170,光磊統一97購01  ,0,0,0,0,0,0,0,0,0,-10000,0,0,0,28000,38000,-10000,-10000
055026,健和興國泰98購01,0,0,0,0,0,0,0,0,0,-10000,0,0,0,0,10000,-10000,-10000
055037,宏盛富邦99購01  ,0,0,0,0,0,0,0,0,0,-10000,0,0,0,0,10000,-10000,-10000
055053,瑞昱永豐97購01  ,0,0,0,0,0,0,0,0,0,-10000,0,0,0,0,10000,-10000,-10000
055104,台達電凱基98購01,0,0,0,0,0,0,0,0,0,-10000,0,0,0,0,10000,-10000,-10000
055075,南電永豐97購01  ,0,0,0,0,0,0,0,0,0,-10000,0,0,0,0,10000,-10000,-10000
055528,華邦電群益97購01,0,0,0,0,0,0,0,0,0,-10000,0,0,0,0,10000,-10000,-10000
05568P,台積電統一96售03,0,0,0,0,0,0,0,0,0,-10000,0,0,0,0,10000,-10000,-10000
055622,群創國泰99購01  ,0,0,0,0,0,0,0,0,0,-10000,0,0,0,10000,20000,-10000,-10000
055593,華新科元大97購10,0,0,0,0,0,0,0,0,0,-10000,0,0,0,0,10000,-10000,-10000
055656,新唐元富97購01  ,0,0,0,0,0,0,0,0,0,-10000,0,0,0,0,10000,-10000,-10000
055806,致新永豐97購02  ,0,0,0,0,0,0,0,0,0,-10000,0,0,0,0,10000,-10000,-10000
055807,勤誠永豐97購01  ,0,0,0,0,0,0,0,0,0,-10000,0,0,0,0,10000,-10000,-10000
055712,金寶元大97購02  ,0,0,0,0,0,0,0,0,0,-10000,0,0,0,0,10000,-10000,-10000
055732,全新元富9A購01  ,0,0,0,0,0,0,0,0,0,-10000,0,0,0,0,10000,-10000,-10000
05663P,創意元富96售04  ,0,0,0,0,0,0,0,0,0,-10000,0,0,0,0,10000,-10000,-10000
055876,美食元富9A購01  ,0,0,0,0,0,0,0,0,0,-10000,0,0,0,0,10000,-10000,-10000
055853,群創元大98購03  ,0,0,0,0,0,0,0,0,0,-10000,0,0,0,20000,30000,-10000,-10000
055511,大立光兆豐97購02,0,0,0,0,0,0,0,0,0,-10000,0,0,0,0,10000,-10000,-10000
055480,元上證元大97購02,0,0,0,0,0,0,0,0,0,-10000,0,0,0,50000,60000,-10000,-10000
055430,宏達電群益97購01,0,0,0,0,0,0,0,0,0,-10000,0,0,0,10000,20000,-10000,-10000
055467,國巨凱基97購05  ,0,0,0,0,0,0,0,0,0,-10000,0,0,0,12000,22000,-10000,-10000
055464,聚陽凱基97購01  ,0,0,0,0,0,0,0,0,0,-10000,0,0,0,0,10000,-10000,-10000
05545P,台表科國泰98售01,0,0,0,0,0,0,0,0,0,-10000,0,0,0,10000,20000,-10000,-10000
05544P,台表科元富96售01,0,0,0,0,0,0,0,0,0,-10000,0,0,0,0,10000,-10000,-10000
055396,瑞儀統一97購01  ,0,0,0,0,0,0,0,0,0,-10000,0,0,0,0,10000,-10000,-10000
055298,啟碁元大97購02  ,0,0,0,0,0,0,0,0,0,-10000,0,0,0,0,10000,-10000,-10000
055312,台虹群益99購01  ,0,0,0,0,0,0,0,0,0,-10000,0,0,0,20000,30000,-10000,-10000
06034P,世芯凱基96售03  ,0,0,0,0,0,0,0,0,0,-10000,0,0,0,10000,20000,-10000,-10000
05907P,聯發科元富96售05,0,0,0,0,0,0,0,0,0,-10000,0,0,0,8000,18000,-10000,-10000
05879P,台積電台新96售03,0,0,0,0,0,0,0,0,0,-10000,0,0,0,0,10000,-10000,-10000
05885P,牧德統一96售01  ,0,0,0,0,0,0,0,0,0,-10000,0,0,0,95000,105000,-10000,-10000
05887P,友達元富99售03  ,0,0,0,0,0,0,0,0,0,-10000,0,0,0,10000,20000,-10000,-10000
05802P,臺股指兆豐96售02,0,0,0,0,0,0,0,0,0,-10000,0,0,0,0,10000,-10000,-10000
05796P,臺股指群益96售10,0,0,0,0,0,0,0,0,0,-10000,0,0,0,0,10000,-10000,-10000
05783P,嘉澤元富96售01  ,0,0,0,0,0,0,0,0,0,-10000,0,0,0,10000,20000,-10000,-10000
05816P,台積電凱基97售07,0,0,0,0,0,0,0,0,0,-10000,0,0,0,0,10000,-10000,-10000
05857P,旺宏中信98售02  ,0,0,0,0,0,0,0,0,0,-10000,0,0,0,10000,20000,-10000,-10000
05851P,力山群益97售01  ,0,0,0,0,0,0,0,0,0,-10000,0,0,0,0,10000,-10000,-10000
05710P,禾伸堂國票97售02,0,0,0,0,0,0,0,0,0,-10000,0,0,0,0,10000,-10000,-10000
05715P,創意元富96售05  ,0,0,0,0,0,0,0,0,0,-10000,0,0,0,0,10000,-10000,-10000
06064P,台積電台新98售01,0,0,0,0,0,0,0,0,0,-10000,0,0,0,0,10000,-10000,-10000
06205P,台積電群益97售03,0,0,0,0,0,0,0,0,0,-10000,0,0,0,0,10000,-10000,-10000
06196P,元上證元大97售01,0,0,0,0,0,0,0,0,0,-10000,0,0,0,80000,90000,-10000,-10000
1460,宏遠            ,12000,17000,-5000,0,0,0,0,0,0,-5000,0,5000,-5000,0,0,0,-10000
08100P,台灣50元富95售01,0,0,0,0,0,0,0,0,0,-10000,0,0,0,0,10000,-10000,-10000
046558,儒鴻凱基92購05  ,0,0,0,0,0,0,0,0,0,-10000,0,0,0,0,10000,-10000,-10000
046516,TPK元大92購03   ,0,0,0,0,0,0,0,0,0,-10000,0,0,0,0,10000,-10000,-10000
045683,泰鼎元大93購03  ,0,0,0,0,0,0,0,0,0,-10000,0,0,0,0,10000,-10000,-10000
045672,台積電元大92購15,0,0,0,0,0,0,0,0,0,-10000,0,0,0,0,10000,-10000,-10000
046648,和鑫國泰94購01  ,0,0,0,0,0,0,0,0,0,-10000,0,0,0,0,10000,-10000,-10000
046658,微星元大93購01  ,0,0,0,0,0,0,0,0,0,-10000,0,0,0,0,10000,-10000,-10000
045537,華新群益94購01  ,0,0,0,0,0,0,0,0,0,-10000,0,0,0,0,10000,-10000,-10000
046501,友達元大92購05  ,0,0,0,0,0,0,0,0,0,-10000,0,0,0,0,10000,-10000,-10000
045512,訊芯凱基92購01  ,0,0,0,0,0,0,0,0,0,-10000,0,0,0,1000,11000,-10000,-10000
042644,貿聯兆豐92購01  ,0,0,0,0,0,0,0,0,0,-10000,0,0,0,40000,50000,-10000,-10000
042449,華新科凱基91購02,0,0,0,0,0,0,0,0,0,-10000,0,0,0,0,10000,-10000,-10000
043524,亞光元大92購01  ,0,0,0,0,0,0,0,0,0,-10000,0,0,0,10000,20000,-10000,-10000
04464P,可成元富94售04  ,0,0,0,0,0,0,0,0,0,-10000,0,0,0,0,10000,-10000,-10000
044678,南亞科凱基91購13,0,0,0,0,0,0,0,0,0,-10000,0,0,0,0,10000,-10000,-10000
041908,可成元大92購01  ,0,0,0,0,0,0,0,0,0,-10000,0,0,0,0,10000,-10000,-10000
042089,台灣50中信94購03,0,0,0,0,0,0,0,0,0,-10000,0,0,0,0,10000,-10000,-10000
042991,南電凱基92購02  ,0,0,0,0,0,0,0,0,0,-10000,0,0,0,0,10000,-10000,-10000
043063,台郡中信92購01  ,0,0,0,0,0,0,0,0,0,-10000,0,0,0,0,10000,-10000,-10000
043050,欣興國泰93購01  ,0,0,0,0,0,0,0,0,0,-10000,0,0,0,25000,35000,-10000,-10000
04311P,奇力新統一95售01,0,0,0,0,0,0,0,0,0,-10000,0,0,0,0,10000,-10000,-10000
04314P,聯茂元富93售01  ,0,0,0,0,0,0,0,0,0,-10000,0,0,0,0,10000,-10000,-10000
043944,欣興兆豐93購02  ,0,0,0,0,0,0,0,0,0,-10000,0,0,0,0,10000,-10000,-10000
043938,華邦電兆豐93購01,0,0,0,0,0,0,0,0,0,-10000,0,0,0,20000,30000,-10000,-10000
04392P,牧德凱基94售05  ,0,0,0,0,0,0,0,0,0,-10000,0,0,0,0,10000,-10000,-10000
043991,TPK元大92購01   ,0,0,0,0,0,0,0,0,0,-10000,0,0,0,0,10000,-10000,-10000
044124,燿華凱基93購01  ,0,0,0,0,0,0,0,0,0,-10000,0,0,0,10000,20000,-10000,-10000
044149,TPK群益92購01   ,0,0,0,0,0,0,0,0,0,-10000,0,0,0,0,10000,-10000,-10000
044523,致伸凱基91購02  ,0,0,0,0,0,0,0,0,0,-10000,0,0,0,0,10000,-10000,-10000
044214,可成凱基91購06  ,0,0,0,0,0,0,0,0,0,-10000,0,0,0,10000,20000,-10000,-10000
044205,聯茂亞東92購01  ,0,0,0,0,0,0,0,0,0,-10000,0,0,0,0,10000,-10000,-10000
044631,聯茂元大92購02  ,0,0,0,0,0,0,0,0,0,-10000,0,0,0,0,10000,-10000,-10000
044497,嘉澤元大91購04  ,0,0,0,0,0,0,0,0,0,-10000,0,0,0,0,10000,-10000,-10000
043835,宏達電國票92購01,0,0,0,0,0,0,0,0,0,-10000,0,0,0,0,10000,-10000,-10000
044375,亞光兆豐92購01  ,0,0,0,0,0,0,0,0,0,-10000,0,0,0,0,10000,-10000,-10000
044318,群創永豐91購01  ,0,0,0,0,0,0,0,0,0,-10000,0,0,0,0,10000,-10000,-10000
044331,深中小統一91購01,0,0,0,0,0,0,0,0,0,-10000,0,0,0,0,10000,-10000,-10000
044329,日月光元富91購01,0,0,0,0,0,0,0,0,0,-10000,0,0,0,9000,19000,-10000,-10000
044337,大立光統一91購10,0,0,0,0,0,0,0,0,0,-10000,0,0,0,0,10000,-10000,-10000
044461,滬深2X兆豐93購01,0,0,0,0,0,0,0,0,0,-10000,0,0,0,0,10000,-10000,-10000
044395,台積電凱基91購16,0,0,0,0,0,0,0,0,0,-10000,0,0,0,150000,160000,-10000,-10000
044429,元金2X元大94購04,0,0,0,0,0,0,0,0,0,-10000,0,0,0,0,10000,-10000,-10000
03889P,國巨國泰94售04  ,0,0,0,0,0,0,0,0,0,-10000,0,0,0,0,10000,-10000,-10000
041546,群創統一93購01  ,0,0,0,0,0,0,0,0,0,-10000,0,0,0,0,10000,-10000,-10000
044241,華新科統一92購01,0,0,0,0,0,0,0,0,0,-10000,0,0,0,0,10000,-10000,-10000
044275,欣興群益92購01  ,0,0,0,0,0,0,0,0,0,-10000,0,0,0,0,10000,-10000,-10000
041233,智易元大91購01  ,0,0,0,0,0,0,0,0,0,-10000,0,0,0,0,10000,-10000,-10000
00684R,元大美元指數反1 ,0,0,0,0,0,0,0,0,0,-10000,0,0,0,40000,50000,-10000,-10000
03429B,臺股指元富97熊07,0,0,0,0,0,0,0,0,0,-10000,0,0,0,0,10000,-10000,-10000
03436P,瑞昱永豐02售03  ,0,0,0,0,0,0,0,0,0,-10000,0,0,0,0,10000,-10000,-10000
03318P,台積電元富08售12,0,0,0,0,0,0,0,0,0,-10000,0,0,0,0,10000,-10000,-10000
03414P,臺股指元大03售06,0,0,0,0,0,0,0,0,0,-10000,0,0,0,0,10000,-10000,-10000
03492P,創意元大02售03  ,0,0,0,0,0,0,0,0,0,-10000,0,0,0,0,10000,-10000,-10000
03444P,道瓊銀群益02售04,0,0,0,0,0,0,0,0,0,-10000,0,0,0,0,10000,-10000,-10000
03984P,上銀群益93售05  ,0,0,0,0,0,0,0,0,0,-10000,0,0,0,10000,20000,-10000,-10000
04011P,台積電元大93售22,0,0,0,0,0,0,0,0,0,-10000,0,0,0,0,10000,-10000,-10000
03047X,元展44          ,0,0,0,0,0,0,0,0,0,-10000,0,0,0,0,10000,-10000,-10000
04022P,群創元富96售04  ,0,0,0,0,0,0,0,0,0,-10000,0,0,0,0,10000,-10000,-10000
03110P,聯發科元大01售26,0,0,0,0,0,0,0,0,0,-10000,0,0,0,0,10000,-10000,-10000
04598P,光罩凱基94售03  ,0,0,0,0,0,0,0,0,0,-10000,0,0,0,0,10000,-10000,-10000
045991,為升富邦95購01  ,0,0,0,0,0,0,0,0,0,-10000,0,0,0,0,10000,-10000,-10000
045966,聯詠凱基92購07  ,0,0,0,0,0,0,0,0,0,-10000,0,0,0,0,10000,-10000,-10000
045955,宏碁凱基93購01  ,0,0,0,0,0,0,0,0,0,-10000,0,0,0,0,10000,-10000,-10000
045866,南茂統一94購01  ,0,0,0,0,0,0,0,0,0,-10000,0,0,0,0,10000,-10000,-10000
045893,貿聯元大92購04  ,0,0,0,0,0,0,0,0,0,-10000,0,0,0,0,10000,-10000,-10000
045900,臻鼎元大92購05  ,0,0,0,0,0,0,0,0,0,-10000,0,0,0,0,10000,-10000,-10000
04473P,國巨元大94售03  ,0,0,0,0,0,0,0,0,0,-10000,0,0,0,0,10000,-10000,-10000
044752,台積電凱基91購23,0,0,0,0,0,0,0,0,0,-10000,0,0,0,150000,160000,-10000,-10000
045854,貿聯富邦93購01  ,0,0,0,0,0,0,0,0,0,-10000,0,0,0,45000,55000,-10000,-10000
047010,聯詠統一93購05  ,0,0,0,0,0,0,0,0,0,-10000,0,0,0,0,10000,-10000,-10000
047082,元上證永豐93購01,0,0,0,0,0,0,0,0,0,-10000,0,0,0,0,10000,-10000,-10000
046933,台泥元富93購01  ,0,0,0,0,0,0,0,0,0,-10000,0,0,0,0,10000,-10000,-10000
046961,大立光中信95購02,0,0,0,0,0,0,0,0,0,-10000,0,0,0,19000,29000,-10000,-10000
046958,鴻海中信93購01  ,0,0,0,0,0,0,0,0,0,-10000,0,0,0,0,10000,-10000,-10000
046888,鴻海群益93購05  ,0,0,0,0,0,0,0,0,0,-10000,0,0,0,10000,20000,-10000,-10000
050418,為升凱基94購06  ,0,0,0,0,0,0,0,0,0,-10000,0,0,0,6000,16000,-10000,-10000
049978,瑞昱凱基94購04  ,0,0,0,0,0,0,0,0,0,-10000,0,0,0,6000,16000,-10000,-10000
050403,台積電麥證94購02,0,0,0,0,10000,-10000,0,0,0,-10000,0,0,0,0,10000,-10000,-10000
050257,為升元大94購07  ,0,0,0,0,0,0,0,0,0,-10000,0,0,0,44000,54000,-10000,-10000
048910,和鑫富邦98購01  ,0,0,0,0,0,0,0,0,0,-10000,0,0,0,6000,16000,-10000,-10000
050126,國巨凱基94購08  ,0,0,0,0,0,0,0,0,0,-10000,0,0,0,0,10000,-10000,-10000
050157,臻鼎群益94購02  ,0,0,0,0,0,0,0,0,0,-10000,0,0,0,10000,20000,-10000,-10000
050123,群臺反凱基96購01,0,0,0,0,0,0,0,0,0,-10000,0,0,0,0,10000,-10000,-10000
05014P,臺股指元大95售05,0,0,0,0,0,0,0,0,0,-10000,0,0,0,0,10000,-10000,-10000
050186,京鼎元大94購01  ,0,0,0,0,0,0,0,0,0,-10000,0,0,0,22000,32000,-10000,-10000
045261,華新科凱基92購01,0,0,0,0,0,0,0,0,0,-10000,0,0,0,0,10000,-10000,-10000
045271,元油2X統一93購01,0,0,0,0,0,0,0,0,0,-10000,0,0,0,0,10000,-10000,-10000
044874,新日興統一91購02,0,0,0,0,0,0,0,0,0,-10000,0,0,0,0,10000,-10000,-10000
046681,漢唐群益93購01  ,0,0,0,0,0,0,0,0,0,-10000,0,0,0,0,10000,-10000,-10000
04491P,光磊康和94售01  ,0,0,0,0,0,0,0,0,0,-10000,0,0,0,0,10000,-10000,-10000
044886,台表科群益91購06,0,0,0,0,0,0,0,0,0,-10000,0,0,0,0,10000,-10000,-10000
046756,廣達凱基93購01  ,0,0,0,0,0,0,0,0,0,-10000,0,0,0,0,10000,-10000,-10000
04607P,A50中信94售01   ,0,0,0,0,0,0,0,0,0,-10000,0,0,0,50000,60000,-10000,-10000
046072,台勝科凱基92購03,0,0,0,0,0,0,0,0,0,-10000,0,0,0,10000,20000,-10000,-10000
046124,健策元大92購04  ,0,0,0,0,0,0,0,0,0,-10000,0,0,0,0,10000,-10000,-10000
046127,臻鼎元大92購07  ,0,0,0,0,0,0,0,0,0,-10000,0,0,0,100000,110000,-10000,-10000
046004,群創統一93購02  ,0,0,0,0,0,0,0,0,0,-10000,0,0,0,0,10000,-10000,-10000
046208,滬深2X元富95購03,0,0,0,0,0,0,0,0,0,-10000,0,0,0,0,10000,-10000,-10000
046388,GIS凱基92購02   ,0,0,0,0,0,0,0,0,0,-10000,0,0,0,0,10000,-10000,-10000
046390,旺宏統一94購02  ,0,0,0,0,0,0,0,0,0,-10000,0,0,0,0,10000,-10000,-10000
046301,亞泥元大92購02  ,0,0,0,0,0,0,0,0,0,-10000,0,0,0,0,10000,-10000,-10000
05117P,瑞昱群益95售02  ,0,0,0,0,0,0,0,0,0,-10000,0,0,0,1000,11000,-10000,-10000
051209,百和麥證95購01  ,0,0,0,0,10000,-10000,0,0,0,-10000,0,0,0,0,10000,-10000,-10000
051210,S&P反1統一97購01,0,0,0,0,0,0,0,0,0,-10000,0,0,0,0,10000,-10000,-10000
051003,中環中信97購01  ,0,0,0,0,0,0,0,0,0,-10000,0,0,0,0,10000,-10000,-10000
051053,台光電群益95購01,0,0,0,0,0,0,0,0,0,-10000,0,0,0,139000,149000,-10000,-10000
051158,嘉晶富邦96購01  ,0,0,0,0,0,0,0,0,0,-10000,0,0,0,0,10000,-10000,-10000
051159,力山元大96購01  ,0,0,0,0,0,0,0,0,0,-10000,0,0,0,0,10000,-10000,-10000
047234,晶技凱基93購01  ,0,0,0,0,0,0,0,0,0,-10000,0,0,0,0,10000,-10000,-10000
047201,鴻海元富93購05  ,0,0,0,0,0,0,0,0,0,-10000,0,0,0,0,10000,-10000,-10000
047231,大立光凱基95購03,0,0,0,0,0,0,0,0,0,-10000,0,0,0,0,10000,-10000,-10000
047179,台積電元大93購17,0,0,0,0,0,0,0,0,0,-10000,0,0,0,10000,20000,-10000,-10000
04986P,茂林永豐94售05  ,0,0,0,0,0,0,0,0,0,-10000,0,0,0,10000,20000,-10000,-10000
047126,拓凱中信93購01  ,0,0,0,0,0,0,0,0,0,-10000,0,0,0,0,10000,-10000,-10000
047290,台積電元富93購04,0,0,0,0,0,0,0,0,0,-10000,0,0,0,20000,30000,-10000,-10000
050455,貿聯元大94購02  ,0,0,0,0,0,0,0,0,0,-10000,0,0,0,0,10000,-10000,-10000
050912,正崴中信95購02  ,0,0,0,0,0,0,0,0,0,-10000,0,0,0,4000,14000,-10000,-10000
050966,日月光永豐95購01,0,0,0,0,0,0,0,0,0,-10000,0,0,0,0,10000,-10000,-10000
050968,超眾永豐95購01  ,0,0,0,0,0,0,0,0,0,-10000,0,0,0,27000,37000,-10000,-10000
048438,台表科麥證94購01,0,0,0,0,10000,-10000,0,0,0,-10000,0,0,0,0,10000,-10000,-10000
048446,南亞科凱基93購07,0,0,0,0,0,0,0,0,0,-10000,0,0,0,0,10000,-10000,-10000
04844P,京元電亞東94售01,0,0,0,0,0,0,0,0,0,-10000,0,0,0,0,10000,-10000,-10000
048454,合勤控凱基94購01,0,0,0,0,0,0,0,0,0,-10000,0,0,0,0,10000,-10000,-10000
047725,廣達群益93購01  ,0,0,0,0,0,0,0,0,0,-10000,0,0,0,30000,40000,-10000,-10000
047673,瑞昱元富96購01  ,0,0,0,0,0,0,0,0,0,-10000,0,0,0,0,10000,-10000,-10000
049769,和鑫元富96購01  ,0,0,0,0,0,0,0,0,0,-10000,0,0,0,0,10000,-10000,-10000
049780,智易統一94購02  ,0,0,0,0,0,0,0,0,0,-10000,0,0,0,40000,50000,-10000,-10000
049783,元油2X兆豐95購01,0,0,0,0,0,0,0,0,0,-10000,0,0,0,0,10000,-10000,-10000
05032P,台積電國泰96售05,0,0,0,0,0,0,0,0,0,-10000,0,0,0,0,10000,-10000,-10000
047585,微星永豐93購01  ,0,0,0,0,0,0,0,0,0,-10000,0,0,0,0,10000,-10000,-10000
04842P,群創元大96售02  ,0,0,0,0,0,0,0,0,0,-10000,0,0,0,0,10000,-10000,-10000
047555,欣興凱基93購01  ,0,0,0,0,0,0,0,0,0,-10000,0,0,0,10000,20000,-10000,-10000
047469,華通中信93購01  ,0,0,0,0,0,0,0,0,0,-10000,0,0,0,0,10000,-10000,-10000
047490,元油反統一93購01,0,0,0,0,0,0,0,0,0,-10000,0,0,0,0,10000,-10000,-10000
047481,可成凱基93購08  ,0,0,0,0,0,0,0,0,0,-10000,0,0,0,34000,44000,-10000,-10000
049728,正崴中信94購01  ,0,0,0,0,0,0,0,0,0,-10000,0,0,0,0,10000,-10000,-10000
049692,可成元大94購07  ,0,0,0,0,0,0,0,0,0,-10000,0,0,0,29000,39000,-10000,-10000
049892,國巨富邦96購01  ,0,0,0,0,0,0,0,0,0,-10000,0,0,0,6000,16000,-10000,-10000
049732,國巨群益94購05  ,0,0,0,0,0,0,0,0,0,-10000,0,0,0,0,10000,-10000,-10000
04912P,可成元富94售06  ,0,0,0,0,0,0,0,0,0,-10000,0,0,0,0,10000,-10000,-10000
049057,元翎永豐94購01  ,0,0,0,0,0,0,0,0,0,-10000,0,0,0,0,10000,-10000,-10000
049083,大立光凱基94購02,0,0,0,0,0,0,0,0,0,-10000,0,0,0,0,10000,-10000,-10000
049078,瑞昱凱基94購02  ,0,0,0,0,0,0,0,0,0,-10000,0,0,0,41000,51000,-10000,-10000
049104,元油2X富邦97購02,0,0,0,0,0,0,0,0,0,-10000,0,0,0,0,10000,-10000,-10000
048379,台郡元富96購01  ,0,0,0,0,0,0,0,0,0,-10000,0,0,0,0,10000,-10000,-10000
048376,台達電元富93購01,0,0,0,0,0,0,0,0,0,-10000,0,0,0,0,10000,-10000,-10000
048377,燿華元富93購01  ,0,0,0,0,0,0,0,0,0,-10000,0,0,0,0,10000,-10000,-10000
048788,華新科元大95購02,0,0,0,0,0,0,0,0,0,-10000,0,0,0,2000,12000,-10000,-10000
048746,台達電元富94購01,0,0,0,0,0,0,0,0,0,-10000,0,0,0,0,10000,-10000,-10000
048756,志超元富96購02  ,0,0,0,0,0,0,0,0,0,-10000,0,0,0,0,10000,-10000,-10000
048584,欣興富邦95購01  ,0,0,0,0,0,0,0,0,0,-10000,0,0,0,19000,29000,-10000,-10000
048876,牧德國票95購02  ,0,0,0,0,0,0,0,0,0,-10000,0,0,0,0,10000,-10000,-10000
048863,超眾群益94購01  ,0,0,0,0,0,0,0,0,0,-10000,0,0,0,0,10000,-10000,-10000
048825,華新科凱基94購05,0,0,0,0,0,0,0,0,0,-10000,0,0,0,11000,21000,-10000,-10000
049008,傳奇中信95購01  ,0,0,0,0,0,0,0,0,0,-10000,0,0,0,0,10000,-10000,-10000
049022,聯詠群益94購01  ,0,0,0,0,0,0,0,0,0,-10000,0,0,0,55000,65000,-10000,-10000
049027,智易群益94購02  ,0,0,0,0,0,0,0,0,0,-10000,0,0,0,0,10000,-10000,-10000
048995,宏全元大94購01  ,0,0,0,0,0,0,0,0,0,-10000,0,0,0,0,10000,-10000,-10000
048993,昇陽半元大94購03,0,0,0,0,0,0,0,0,0,-10000,0,0,0,0,10000,-10000,-10000
049580,國巨元大94購07  ,0,0,0,0,0,0,0,0,0,-10000,0,0,0,10000,20000,-10000,-10000
049204,京元電群益94購02,0,0,0,0,0,0,0,0,0,-10000,0,0,0,0,10000,-10000,-10000
049645,台積電凱基94購22,0,0,0,0,0,0,0,0,0,-10000,0,0,0,0,10000,-10000,-10000
049167,元油2X凱基97購03,0,0,0,0,0,0,0,0,0,-10000,0,0,0,0,10000,-10000,-10000
049328,元上證統一94購01,0,0,0,0,0,0,0,0,0,-10000,0,0,0,0,10000,-10000,-10000
049329,元上證統一94購02,0,0,0,0,0,0,0,0,0,-10000,0,0,0,0,10000,-10000,-10000
049335,聯電統一97購01  ,0,0,0,0,0,0,0,0,0,-10000,0,0,0,0,10000,-10000,-10000
049315,上緯控凱基94購03,0,0,0,0,0,0,0,0,0,-10000,0,0,0,0,10000,-10000,-10000
049310,台積電凱基94購15,0,0,0,0,0,0,0,0,0,-10000,0,0,0,0,10000,-10000,-10000
049449,宏碁統一94購01  ,0,0,0,0,0,0,0,0,0,-10000,0,0,0,10000,20000,-10000,-10000
049652,GIS凱基94購05   ,0,0,0,0,0,0,0,0,0,-10000,0,0,0,50000,60000,-10000,-10000
049647,美食凱基94購01  ,0,0,0,0,0,0,0,0,0,-10000,0,0,0,0,10000,-10000,-10000
049490,京元電元大95購02,0,0,0,0,0,0,0,0,0,-10000,0,0,0,0,10000,-10000,-10000
048184,達運群益93購01  ,0,0,0,0,0,0,0,0,0,-10000,0,0,0,30000,40000,-10000,-10000
048174,東陽中信93購01  ,0,0,0,0,0,0,0,0,0,-10000,0,0,0,0,10000,-10000,-10000
050223,聯茂元富94購02  ,0,0,0,0,0,0,0,0,0,-10000,0,0,0,0,10000,-10000,-10000
049500,聯茂元大94購04  ,0,0,0,0,0,0,0,0,0,-10000,0,0,0,0,10000,-10000,-10000
048911,玉晶光富邦96購01,0,0,0,0,0,0,0,0,0,-10000,0,0,0,0,10000,-10000,-10000
047913,美利達麥證93購01,0,0,0,3000,10000,-7000,0,0,0,-10000,0,0,0,3000,13000,-10000,-10000
047896,京元電群益93購01,0,0,0,0,0,0,0,0,0,-10000,0,0,0,0,10000,-10000,-10000
047809,瑞昱凱基93購08  ,0,0,0,0,0,0,0,0,0,-10000,0,0,0,6000,16000,-10000,-10000
047852,矽創元富93購01  ,0,0,0,0,0,0,0,0,0,-10000,0,0,0,20000,30000,-10000,-10000
049542,鴻海群益94購05  ,0,0,0,0,0,0,0,0,0,-10000,0,0,0,10000,20000,-10000,-10000
049563,華新統一95購01  ,0,0,0,0,0,0,0,0,0,-10000,0,0,0,0,10000,-10000,-10000
047789,景碩群益93購01  ,0,0,0,0,0,0,0,0,0,-10000,0,0,0,10000,20000,-10000,-10000
047763,旺宏元大94購04  ,0,0,0,0,0,0,0,0,0,-10000,0,0,0,11000,21000,-10000,-10000
04856P,光磊元富94售01  ,0,0,0,0,0,0,0,0,0,-10000,0,0,0,0,10000,-10000,-10000
048328,滬深2X永昌94購01,0,0,0,0,0,0,0,0,0,-10000,0,0,0,10000,20000,-10000,-10000
04832P,為升元大94售09  ,0,0,0,0,0,0,0,0,0,-10000,0,0,0,0,10000,-10000,-10000
048144,華固統一93購01  ,0,0,0,0,0,0,0,0,0,-10000,0,0,0,0,10000,-10000,-10000
047413,台積電永昌93購05,0,0,0,0,0,0,0,0,0,-10000,0,0,0,0,10000,-10000,-10000
047388,京元電元大95購01,0,0,0,0,0,0,0,0,0,-10000,0,0,0,0,10000,-10000,-10000
048105,滬深2X群益99購02,0,0,0,0,0,0,0,0,0,-10000,0,0,0,0,10000,-10000,-10000
048042,廣越康和93購02  ,0,0,0,0,0,0,0,0,0,-10000,0,0,0,0,10000,-10000,-10000
048069,南亞科元富95購02,0,0,0,0,0,0,0,0,0,-10000,0,0,0,0,10000,-10000,-10000
04807P,聯茂元富94售01  ,0,0,0,0,0,0,0,0,0,-10000,0,0,0,0,10000,-10000,-10000
053721,國泰金凱基97購01,0,0,0,0,0,0,0,0,0,-10000,0,0,0,0,10000,-10000,-10000
053714,南亞科凱基96購03,0,0,0,0,0,0,0,0,0,-10000,0,0,0,0,10000,-10000,-10000
053826,光磊麥證97購01  ,0,0,0,20000,30000,-10000,0,0,0,-10000,0,0,0,20000,30000,-10000,-10000
053468,鴻海元大98購01  ,0,0,0,0,0,0,0,0,0,-10000,0,0,0,0,10000,-10000,-10000
053493,智邦兆豐97購02  ,0,0,0,0,0,0,0,0,0,-10000,0,0,0,16000,26000,-10000,-10000
053494,南亞科兆豐96購02,0,0,0,0,0,0,0,0,0,-10000,0,0,0,0,10000,-10000,-10000
053265,南亞科群益96購02,0,0,0,0,0,0,0,0,0,-10000,0,0,0,0,10000,-10000,-10000
053078,昇陽半永豐97購02,0,0,0,0,0,0,0,0,0,-10000,0,0,0,0,10000,-10000,-10000
053134,南亞科國票97購01,0,0,0,0,0,0,0,0,0,-10000,0,0,0,9000,19000,-10000,-10000
053106,鴻海兆豐98購01  ,0,0,0,0,0,0,0,0,0,-10000,0,0,0,0,10000,-10000,-10000
053065,大立光群益96購01,0,0,0,0,0,0,0,0,0,-10000,0,0,0,0,10000,-10000,-10000
053017,世紀鋼統一96購02,0,0,0,0,0,0,0,0,0,-10000,0,0,0,0,10000,-10000,-10000
052825,TPK永豐96購01   ,0,0,0,0,0,0,0,0,0,-10000,0,0,0,0,10000,-10000,-10000
052867,晶技凱基96購01  ,0,0,0,0,0,0,0,0,0,-10000,0,0,0,0,10000,-10000,-10000
052964,台表科凱基96購03,0,0,0,0,0,0,0,0,0,-10000,0,0,0,0,10000,-10000,-10000
052759,京元電群益96購01,0,0,0,0,0,0,0,0,0,-10000,0,0,0,22000,32000,-10000,-10000
052791,友達兆豐97購01  ,0,0,0,0,0,0,0,0,0,-10000,0,0,0,10000,20000,-10000,-10000
052780,玉晶光國票96購04,0,0,0,0,0,0,0,0,0,-10000,0,0,0,0,10000,-10000,-10000
052774,京元電亞東96購01,0,0,0,0,0,0,0,0,0,-10000,0,0,0,0,10000,-10000,-10000
052709,光寶科日盛96購01,0,0,0,0,0,0,0,0,0,-10000,0,0,0,0,10000,-10000,-10000
05271P,國巨富邦97售01  ,0,0,0,0,0,0,0,0,0,-10000,0,0,0,0,10000,-10000,-10000
052722,群創統一97購02  ,0,0,0,0,0,0,0,0,0,-10000,0,0,0,7000,17000,-10000,-10000
052539,華邦電統一95購01,0,0,0,0,0,0,0,0,0,-10000,0,0,0,76000,86000,-10000,-10000
052572,群創凱基99購01  ,0,0,0,0,0,0,0,0,0,-10000,0,0,0,0,10000,-10000,-10000
052499,合勤控永豐95購01,0,0,0,0,0,0,0,0,0,-10000,0,0,0,0,10000,-10000,-10000
050479,上証2X國票95購02,0,0,0,0,0,0,0,0,0,-10000,0,0,0,0,10000,-10000,-10000
050500,台積電凱基94購36,0,0,0,0,0,0,0,0,0,-10000,0,0,0,100000,110000,-10000,-10000
050582,傳奇國票94購01  ,0,0,0,0,0,0,0,0,0,-10000,0,0,0,0,10000,-10000,-10000
050779,超眾元大96購03  ,0,0,0,0,0,0,0,0,0,-10000,0,0,0,0,10000,-10000,-10000
050468,矽格中信94購01  ,0,0,0,0,0,0,0,0,0,-10000,0,0,0,40000,50000,-10000,-10000
050678,美律統一94購04  ,0,0,0,0,0,0,0,0,0,-10000,0,0,0,67000,77000,-10000,-10000
050708,臺股指凱基96購06,0,0,0,0,0,0,0,0,0,-10000,0,0,0,0,10000,-10000,-10000
051475,宏碁凱基95購02  ,0,0,0,0,0,0,0,0,0,-10000,0,0,0,0,10000,-10000,-10000
051442,正崴元大95購02  ,0,0,0,0,0,0,0,0,0,-10000,0,0,0,40000,50000,-10000,-10000
051444,聯發科元大95購11,0,0,0,0,0,0,0,0,0,-10000,0,0,0,0,10000,-10000,-10000
05132P,鴻海元富95售07  ,0,0,0,0,0,0,0,0,0,-10000,0,0,0,0,10000,-10000,-10000
051346,仁寶元大95購01  ,0,0,0,0,0,0,0,0,0,-10000,0,0,0,0,10000,-10000,-10000
051365,瀚宇博國泰97購01,0,0,0,0,0,0,0,0,0,-10000,0,0,0,0,10000,-10000,-10000
051677,達方元大95購01  ,0,0,0,0,0,0,0,0,0,-10000,0,0,0,30000,40000,-10000,-10000
051658,深中小國泰97購01,0,0,0,0,0,0,0,0,0,-10000,0,0,0,20000,30000,-10000,-10000
051596,超眾元大95購05  ,0,0,0,0,0,0,0,0,0,-10000,0,0,0,0,10000,-10000,-10000
051518,富邦金凱基95購01,0,0,0,0,0,0,0,0,0,-10000,0,0,0,0,10000,-10000,-10000
051575,國巨元大96購03  ,0,0,0,0,0,0,0,0,0,-10000,0,0,0,45000,55000,-10000,-10000
052155,百和台新95購01  ,0,0,0,0,0,0,0,0,0,-10000,0,0,0,0,10000,-10000,-10000
05213P,台積電國票96售05,0,0,0,0,0,0,0,0,0,-10000,0,0,0,0,10000,-10000,-10000
052145,京元電群益95購02,0,0,0,0,0,0,0,0,0,-10000,0,0,0,0,10000,-10000,-10000
05232P,緯穎群益95售01  ,0,0,0,0,0,0,0,0,0,-10000,0,0,0,0,10000,-10000,-10000
052293,泰碩國票95購03  ,0,0,0,0,0,0,0,0,0,-10000,0,0,0,17000,27000,-10000,-10000
052307,潤泰全國泰96購01,0,0,0,0,0,0,0,0,0,-10000,0,0,0,0,10000,-10000,-10000
052024,臺股指永豐95購04,0,0,0,0,0,0,0,0,0,-10000,0,0,0,0,10000,-10000,-10000
052057,臺股指凱基95購15,0,0,0,0,0,0,0,0,0,-10000,0,0,0,0,10000,-10000,-10000
052055,緯穎凱基95購03  ,0,0,0,0,0,0,0,0,0,-10000,0,0,0,13000,23000,-10000,-10000
052009,群創第一95購01  ,0,0,0,0,0,0,0,0,0,-10000,0,0,0,0,10000,-10000,-10000
051940,康舒群益95購01  ,0,0,0,0,0,0,0,0,0,-10000,0,0,0,3000,13000,-10000,-10000
051967,康友永豐95購02  ,0,0,0,0,0,0,0,0,0,-10000,0,0,0,0,10000,-10000,-10000
051797,卜蜂永豐95購01  ,0,0,0,0,0,0,0,0,0,-10000,0,0,0,0,10000,-10000,-10000
051841,南茂國泰96購01  ,0,0,0,0,0,0,0,0,0,-10000,0,0,0,0,10000,-10000,-10000
051860,為升凱基95購01  ,0,0,0,0,0,0,0,0,0,-10000,0,0,0,8000,18000,-10000,-10000
051761,富邦金元大96購01,0,0,0,0,0,0,0,0,0,-10000,0,0,0,10000,20000,-10000,-10000
051779,大立光群益95購02,0,0,0,0,0,0,0,0,0,-10000,0,0,0,0,10000,-10000,-10000
051783,鴻海兆豐95購03  ,0,0,0,0,0,0,0,0,0,-10000,0,0,0,0,10000,-10000,-10000
6226,光鼎            ,22000,32000,-10000,0,0,0,0,0,0,0,0,0,0,0,0,0,-10000
6136,富爾特          ,22000,32000,-10000,0,0,0,0,0,0,0,0,0,0,0,0,0,-10000
5515,建國            ,0,10000,-10000,0,0,0,0,0,0,0,0,0,0,0,0,0,-10000
06230P,亞德客永豐97售03,0,0,0,0,0,0,0,0,0,-11000,0,0,0,140000,151000,-11000,-11000
05897P,國巨凱基96售12  ,0,0,0,0,0,0,0,0,0,-11000,0,0,0,61000,72000,-11000,-11000
05873P,華通群益97售02  ,0,0,0,0,0,0,0,0,0,-11000,0,0,0,0,11000,-11000,-11000
05972P,瑞昱元大96售01  ,0,0,0,0,0,0,0,0,0,-11000,0,0,0,100000,111000,-11000,-11000
055330,上銀兆豐98購02  ,0,0,0,0,0,0,0,0,0,-11000,0,0,0,139000,150000,-11000,-11000
055370,旺宏元大97購05  ,0,0,0,0,0,0,0,0,0,-11000,0,0,0,11000,22000,-11000,-11000
05632P,大立光群益96售02,0,0,0,0,0,0,0,0,0,-11000,0,0,0,11000,22000,-11000,-11000
055625,亞光富邦98購01  ,0,0,0,0,0,0,0,0,0,-11000,0,0,0,0,11000,-11000,-11000
055667,致茂群益98購01  ,0,0,0,0,0,0,0,0,0,-11000,0,0,0,0,11000,-11000,-11000
055531,華新科群益98購03,0,0,0,0,0,0,0,0,0,-11000,0,0,0,0,11000,-11000,-11000
055534,晶技群益97購03  ,0,0,0,0,0,0,0,0,0,-11000,0,0,0,0,11000,-11000,-11000
055524,鴻海群益98購01  ,0,0,0,0,0,0,0,0,0,-11000,0,0,0,0,11000,-11000,-11000
055147,鴻海元大97購11  ,0,0,0,0,0,0,0,0,0,-11000,0,0,0,0,11000,-11000,-11000
05466P,旺宏富邦97售01  ,0,0,0,0,0,0,0,0,0,-11000,0,0,0,67000,78000,-11000,-11000
054651,台化麥證97購01  ,0,0,0,0,11000,-11000,0,0,0,-11000,0,0,0,0,11000,-11000,-11000
054559,台光電群益99購01,0,0,0,0,0,0,0,0,0,-11000,0,0,0,21000,32000,-11000,-11000
054563,泰碩群益99購01  ,0,0,0,0,0,0,0,0,0,-11000,0,0,0,20000,31000,-11000,-11000
053993,旺宏群益98購02  ,0,0,0,0,0,0,0,0,0,-11000,0,0,0,25000,36000,-11000,-11000
053974,大立光元大96購10,0,0,0,0,0,0,0,0,0,-11000,0,0,0,0,11000,-11000,-11000
054304,台積電凱基96購23,0,0,0,0,0,0,0,0,0,-11000,0,0,0,0,11000,-11000,-11000
054236,貿聯群益96購01  ,0,0,0,0,0,0,0,0,0,-11000,0,0,0,0,11000,-11000,-11000
054378,楠梓電群益98購01,0,0,0,0,0,0,0,0,0,-11000,0,0,0,0,11000,-11000,-11000
054496,為升永豐96購01  ,0,0,0,0,0,0,0,0,0,-11000,0,0,0,35000,46000,-11000,-11000
046404,友達元大93購02  ,0,0,0,0,0,0,0,0,0,-11000,0,0,0,0,11000,-11000,-11000
046375,友達凱基98購01  ,0,0,0,0,0,0,0,0,0,-11000,0,0,0,0,11000,-11000,-11000
046740,大立光群益95購01,0,0,0,0,0,0,0,0,0,-11000,0,0,0,25000,36000,-11000,-11000
046684,致伸群益93購01  ,0,0,0,0,0,0,0,0,0,-11000,0,0,0,0,11000,-11000,-11000
044879,上証2X群益93購01,0,0,0,0,0,0,0,0,0,-11000,0,0,0,0,11000,-11000,-11000
050112,高鐵元大94購02  ,0,0,0,0,0,0,0,0,0,-11000,0,0,0,19000,30000,-11000,-11000
050250,台郡凱基94購03  ,0,0,0,0,0,0,0,0,0,-11000,0,0,0,0,11000,-11000,-11000
049967,華新科國票94購07,0,0,0,0,0,0,0,0,0,-11000,0,0,0,40000,51000,-11000,-11000
046866,台積電統一94購03,0,0,0,0,0,0,0,0,0,-11000,0,0,0,3000,14000,-11000,-11000
04706P,力山元大95售01  ,0,0,0,0,0,0,0,0,0,-11000,0,0,0,0,11000,-11000,-11000
047021,台光電元大93購03,0,0,0,0,0,0,0,0,0,-11000,0,0,0,0,11000,-11000,-11000
045957,技嘉凱基93購03  ,0,0,0,0,0,0,0,0,0,-11000,0,0,0,7000,18000,-11000,-11000
046831,大立光群益94購01,0,0,0,0,0,0,0,0,0,-11000,0,0,0,21000,32000,-11000,-11000
03583P,微星元大02售03  ,0,0,0,0,0,0,0,0,0,-11000,0,0,0,0,11000,-11000,-11000
044292,嘉澤凱基91購05  ,0,0,0,0,0,0,0,0,0,-11000,0,0,0,0,11000,-11000,-11000
04398P,致伸群益94售02  ,0,0,0,0,0,0,0,0,0,-11000,0,0,0,0,11000,-11000,-11000
041916,大立光中信93購01,0,0,0,0,0,0,0,0,0,-11000,0,0,0,0,11000,-11000,-11000
046606,世紀鋼群益93購01,0,0,0,0,0,0,0,0,0,-11000,0,0,0,0,11000,-11000,-11000
047988,志超群益93購02  ,0,0,0,0,0,0,0,0,0,-11000,0,0,0,0,11000,-11000,-11000
048145,大立光統一93購10,0,0,0,0,0,0,0,0,0,-11000,0,0,0,9000,20000,-11000,-11000
048279,聯鈞永豐93購01  ,0,0,0,0,0,0,0,0,0,-11000,0,0,0,59000,70000,-11000,-11000
047780,友達中信96購01  ,0,0,0,0,0,0,0,0,0,-11000,0,0,0,79000,90000,-11000,-11000
047805,台積電凱基93購21,0,0,0,0,0,0,0,0,0,-11000,0,0,0,0,11000,-11000,-11000
049487,智邦元大94購03  ,0,0,0,0,0,0,0,0,0,-11000,0,0,0,0,11000,-11000,-11000
049608,旺宏兆豐94購02  ,0,0,0,0,0,0,0,0,0,-11000,0,0,0,0,11000,-11000,-11000
049213,滬深2X國票94購02,0,0,0,0,0,0,0,0,0,-11000,0,0,0,0,11000,-11000,-11000
049258,美律元大94購03  ,0,0,0,0,0,0,0,0,0,-11000,0,0,0,246000,257000,-11000,-11000
049024,玉晶光群益97購01,0,0,0,0,0,0,0,0,0,-11000,0,0,0,0,11000,-11000,-11000
048839,牧德凱基95購01  ,0,0,0,0,0,0,0,0,0,-11000,0,0,0,105000,116000,-11000,-11000
048670,華新科永豐93購03,0,0,0,0,0,0,0,0,0,-11000,0,0,0,122000,133000,-11000,-11000
048692,致伸群益94購01  ,0,0,0,0,0,0,0,0,0,-11000,0,0,0,20000,31000,-11000,-11000
048393,台光電國票93購02,0,0,0,0,0,0,0,0,0,-11000,0,0,0,0,11000,-11000,-11000
049071,台達電凱基94購02,0,0,0,0,0,0,0,0,0,-11000,0,0,0,0,11000,-11000,-11000
049895,國巨統一94購04  ,0,0,0,0,0,0,0,0,0,-11000,0,0,0,0,11000,-11000,-11000
049712,為升凱基94購03  ,0,0,0,0,0,0,0,0,0,-11000,0,0,0,8000,19000,-11000,-11000
047703,台積電凱基93購19,0,0,0,0,0,0,0,0,0,-11000,0,0,0,10000,21000,-11000,-11000
050989,台表科富邦95購01,0,0,0,0,0,0,0,0,0,-11000,0,0,0,0,11000,-11000,-11000
047740,樺漢永豐93購01  ,0,0,0,0,0,0,0,0,0,-11000,0,0,0,9000,20000,-11000,-11000
051164,鴻海元大95購05  ,0,0,0,0,0,0,0,0,0,-11000,0,0,0,151000,162000,-11000,-11000
051137,聯詠永豐95購01  ,0,0,0,0,0,0,0,0,0,-11000,0,0,0,0,11000,-11000,-11000
05128P,聯發科中信97售03,0,0,0,0,0,0,0,0,0,-11000,0,0,0,0,11000,-11000,-11000
051211,道瓊反統一95購01,0,0,0,0,0,0,0,0,0,-11000,0,0,0,0,11000,-11000,-11000
051204,正崴麥證95購01  ,0,0,0,2000,13000,-11000,0,0,0,-11000,0,0,0,2000,13000,-11000,-11000
051226,英業達群益95購01,0,0,0,0,0,0,0,0,0,-11000,0,0,0,0,11000,-11000,-11000
051709,TPK群益95購02   ,0,0,0,0,0,0,0,0,0,-11000,0,0,0,20000,31000,-11000,-11000
051706,國泰金群益95購01,0,0,0,0,0,0,0,0,0,-11000,0,0,0,10000,21000,-11000,-11000
051851,TPK群益95購03   ,0,0,0,0,0,0,0,0,0,-11000,0,0,0,0,11000,-11000,-11000
051848,元金2X中信98購02,0,0,0,0,0,0,0,0,0,-11000,0,0,0,0,11000,-11000,-11000
051935,味全群益95購01  ,0,0,0,0,0,0,0,0,0,-11000,0,0,0,10000,21000,-11000,-11000
052033,臺股指群益95購06,0,0,0,0,0,0,0,0,0,-11000,0,0,0,0,11000,-11000,-11000
052259,深100富邦95購01 ,0,0,0,0,0,0,0,0,0,-11000,0,0,0,0,11000,-11000,-11000
052318,友達元大98購01  ,0,0,0,0,0,0,0,0,0,-11000,0,0,0,0,11000,-11000,-11000
052422,聯電國票96購03  ,0,0,0,0,0,0,0,0,0,-11000,0,0,0,0,11000,-11000,-11000
052180,緯穎元大96購05  ,0,0,0,0,0,0,0,0,0,-11000,0,0,0,43000,54000,-11000,-11000
051394,奇鋐兆豐95購01  ,0,0,0,0,0,0,0,0,0,-11000,0,0,0,90000,101000,-11000,-11000
050686,欣興兆豐96購01  ,0,0,0,0,0,0,0,0,0,-11000,0,0,0,3000,14000,-11000,-11000
050573,光寶科國票94購01,0,0,0,0,0,0,0,0,0,-11000,0,0,0,0,11000,-11000,-11000
052603,鴻海元大96購15  ,0,0,0,0,0,0,0,0,0,-11000,0,0,0,0,11000,-11000,-11000
052715,可成凱基96購01  ,0,0,0,0,0,0,0,0,0,-11000,0,0,0,0,11000,-11000,-11000
052682,上銀元大97購01  ,0,0,0,0,0,0,0,0,0,-11000,0,0,0,10000,21000,-11000,-11000
052739,國巨元大96購04  ,0,0,0,0,0,0,0,0,0,-11000,0,0,0,0,11000,-11000,-11000
052971,京元電群益98購01,0,0,0,0,0,0,0,0,0,-11000,0,0,0,0,11000,-11000,-11000
053020,貿聯元富96購01  ,0,0,0,0,0,0,0,0,0,-11000,0,0,0,11000,22000,-11000,-11000
053263,華邦電群益96購03,0,0,0,0,0,0,0,0,0,-11000,0,0,0,10000,21000,-11000,-11000
053313,世紀鋼凱基96購01,0,0,0,0,0,0,0,0,0,-11000,0,0,0,0,11000,-11000,-11000
053619,和碩群益96購01  ,0,0,0,0,0,0,0,0,0,-11000,0,0,0,0,11000,-11000,-11000
053675,臺股指元富96購02,0,0,0,0,0,0,0,0,0,-11000,0,0,0,2000,13000,-11000,-11000
053567,群創富邦97購01  ,0,0,0,0,0,0,0,0,0,-11000,0,0,0,4000,15000,-11000,-11000
053570,京元電統一96購01,0,0,0,0,0,0,0,0,0,-11000,0,0,0,0,11000,-11000,-11000
053511,鴻海群益96購04  ,0,0,0,0,0,0,0,0,0,-11000,0,0,0,0,11000,-11000,-11000
053505,瑞儀兆豐97購01  ,0,0,0,0,0,0,0,0,0,-11000,0,0,0,0,11000,-11000,-11000
6224,聚鼎            ,43000,54000,-11000,0,0,0,0,0,0,0,0,0,0,0,0,0,-11000
6504,南六            ,12000,22000,-10000,0,0,0,0,0,0,-1000,0,1000,-1000,0,0,0,-11000
3311,閎暉            ,4000,15000,-11000,0,0,0,0,0,0,0,0,0,0,0,0,0,-11000
054215,創意國票97購02  ,0,0,0,0,0,0,0,0,0,-12000,0,0,0,12000,24000,-12000,-12000
054288,華邦電元大96購05,0,0,0,0,0,0,0,0,0,-12000,0,0,0,2000,14000,-12000,-12000
053881,南亞科中信97購01,0,0,0,0,0,0,0,0,0,-12000,0,0,0,0,12000,-12000,-12000
054180,亞泥康和96購01  ,0,0,0,0,0,0,0,0,0,-12000,0,0,0,8000,20000,-12000,-12000
054897,信錦康和97購01  ,0,0,0,0,0,0,0,0,0,-12000,0,0,0,58000,70000,-12000,-12000
055619,同欣電國票98購02,0,0,0,0,0,0,0,0,0,-12000,0,0,0,16000,28000,-12000,-12000
055705,微星永豐97購01  ,0,0,0,0,0,0,0,0,0,-12000,0,0,0,0,12000,-12000,-12000
055281,台光電元大98購03,0,0,0,0,0,0,0,0,0,-12000,0,0,0,0,12000,-12000,-12000
05941P,聯發科凱基96售22,0,0,0,0,0,0,0,0,0,-12000,0,0,0,0,12000,-12000,-12000
05840P,臺股指富邦96售07,0,0,0,0,0,0,0,0,0,-12000,0,0,0,8000,20000,-12000,-12000
06075P,智邦凱基97售02  ,0,0,0,0,0,0,0,0,0,-12000,0,0,0,5000,17000,-12000,-12000
1451,年興            ,9000,20000,-11000,0,0,0,0,0,0,-1000,0,1000,-1000,0,0,0,-12000
046642,南電永豐93購01  ,0,0,0,0,0,0,0,0,0,-12000,0,0,0,0,12000,-12000,-12000
045677,聯發科元大92購10,0,0,0,0,0,0,0,0,0,-12000,0,0,0,10000,22000,-12000,-12000
046504,聯發科元大92購19,0,0,0,0,0,0,0,0,0,-12000,0,0,0,0,12000,-12000,-12000
046583,聯發科元大92購24,0,0,0,0,0,0,0,0,0,-12000,0,0,0,60000,72000,-12000,-12000
045506,麗豐凱基92購02  ,0,0,0,0,0,0,0,0,0,-12000,0,0,0,0,12000,-12000,-12000
045464,聯發科元大92購09,0,0,0,0,0,0,0,0,0,-12000,0,0,0,1000,13000,-12000,-12000
044698,奇力新元大93購01,0,0,0,0,0,0,0,0,0,-12000,0,0,0,10000,22000,-12000,-12000
044597,可成亞東92購01  ,0,0,0,0,0,0,0,0,0,-12000,0,0,0,0,12000,-12000,-12000
04052P,上銀國泰94售01  ,0,0,0,0,0,0,0,0,0,-12000,0,0,0,0,12000,-12000,-12000
00728,第一金工業30    ,0,0,0,0,0,0,0,0,0,-12000,0,0,0,456000,468000,-12000,-12000
045087,玉晶光元大95購01,0,0,0,0,0,0,0,0,0,-12000,0,0,0,1000,13000,-12000,-12000
045254,台積電凱基92購05,0,0,0,0,0,0,0,0,0,-12000,0,0,0,0,12000,-12000,-12000
045382,聯發科元大92購07,0,0,0,0,0,0,0,0,0,-12000,0,0,0,1000,13000,-12000,-12000
046227,聯發科元大92購12,0,0,0,0,0,0,0,0,0,-12000,0,0,0,0,12000,-12000,-12000
050958,日月光台新95購01,0,0,0,0,0,0,0,0,0,-12000,0,0,0,0,12000,-12000,-12000
050950,健鼎群益96購01  ,0,0,0,0,0,0,0,0,0,-12000,0,0,0,25000,37000,-12000,-12000
047232,禾伸堂凱基93購02,0,0,0,0,0,0,0,0,0,-12000,0,0,0,45000,57000,-12000,-12000
049721,晶技凱基94購02  ,0,0,0,0,0,0,0,0,0,-12000,0,0,0,110000,122000,-12000,-12000
049743,全新台新94購01  ,0,0,0,0,0,0,0,0,0,-12000,0,0,0,36000,48000,-12000,-12000
049746,全新永豐95購01  ,0,0,0,0,0,0,0,0,0,-12000,0,0,0,0,12000,-12000,-12000
048742,瀚宇博統一94購01,0,0,0,0,0,0,0,0,0,-12000,0,0,0,0,12000,-12000,-12000
049590,華新科元大94購01,0,0,0,0,0,0,0,0,0,-12000,0,0,0,0,12000,-12000,-12000
049268,聯茂元大94購03  ,0,0,0,0,0,0,0,0,0,-12000,0,0,0,0,12000,-12000,-12000
049295,全新群益94購02  ,0,0,0,0,0,0,0,0,0,-12000,0,0,0,20000,32000,-12000,-12000
047908,南亞科元大93購02,0,0,0,0,0,0,0,0,0,-12000,0,0,0,0,12000,-12000,-12000
049516,光罩國票94購02  ,0,0,0,0,0,0,0,0,0,-12000,0,0,0,0,12000,-12000,-12000
048218,上銀凱基93購07  ,0,0,0,0,0,0,0,0,0,-12000,0,0,0,6000,18000,-12000,-12000
050199,南電元大94購09  ,0,0,0,0,0,0,0,0,0,-12000,0,0,0,0,12000,-12000,-12000
048062,南亞科統一93購05,0,0,0,0,0,0,0,0,0,-12000,0,0,0,0,12000,-12000,-12000
053661,嘉澤凱基97購01  ,0,0,0,0,0,0,0,0,0,-12000,0,0,0,27000,39000,-12000,-12000
053628,微星兆豐96購01  ,0,0,0,0,0,0,0,0,0,-12000,0,0,0,78000,90000,-12000,-12000
053315,漢唐群益96購02  ,0,0,0,0,0,0,0,0,0,-12000,0,0,0,0,12000,-12000,-12000
053415,聯茂國票97購01  ,0,0,0,0,0,0,0,0,0,-12000,0,0,0,63000,75000,-12000,-12000
052894,國巨群益96購03  ,0,0,0,0,0,0,0,0,0,-12000,0,0,0,32000,44000,-12000,-12000
052809,訊芯元大97購01  ,0,0,0,0,0,0,0,0,0,-12000,0,0,0,3000,15000,-12000,-12000
052674,智邦國泰98購01  ,0,0,0,0,0,0,0,0,0,-12000,0,0,0,44000,56000,-12000,-12000
052605,聯發科元大96購06,0,0,0,0,0,0,0,0,0,-12000,0,0,0,68000,80000,-12000,-12000
050546,可成凱基94購13  ,0,0,0,0,0,0,0,0,0,-12000,0,0,0,0,12000,-12000,-12000
050634,華新科群益96購01,0,0,0,0,0,0,0,0,0,-12000,0,0,0,10000,22000,-12000,-12000
050759,貿聯元富94購02  ,0,0,0,0,0,0,0,0,0,-12000,0,0,0,119000,131000,-12000,-12000
051668,智邦元大95購02  ,0,0,0,0,0,0,0,0,0,-12000,0,0,0,51000,63000,-12000,-12000
052249,大成鋼永豐95購01,0,0,0,0,0,0,0,0,0,-12000,0,0,0,0,12000,-12000,-12000
052426,國巨台新96購01  ,0,0,0,0,0,0,0,0,0,-12000,0,0,0,0,12000,-12000,-12000
052385,滬深2X群益99購05,0,0,0,0,0,0,0,0,0,-12000,0,0,0,0,12000,-12000,-12000
05238P,禾伸堂永豐95售01,0,0,0,0,0,0,0,0,0,-12000,0,0,0,112000,124000,-12000,-12000
3130,一零四          ,13000,25000,-12000,0,0,0,0,0,0,0,0,0,0,0,0,0,-12000
3050,鈺德            ,1000,9000,-8000,0,0,0,0,0,0,-4000,0,4000,-4000,0,0,0,-12000
4190,佐登-KY         ,26000,32000,-6000,0,0,0,0,0,0,-6000,8000,9000,-1000,1000,6000,-5000,-12000
2482,連宇            ,1000,13000,-12000,0,0,0,0,0,0,0,0,0,0,0,0,0,-12000
055311,健策群益98購02  ,0,0,0,0,0,0,0,0,0,-13000,0,0,0,2000,15000,-13000,-13000
055253,大立光統一97購06,0,0,0,0,0,0,0,0,0,-13000,0,0,0,28000,41000,-13000,-13000
055412,旺宏富邦99購01  ,0,0,0,0,0,0,0,0,0,-13000,0,0,0,55000,68000,-13000,-13000
055731,美律元富97購01  ,0,0,0,0,0,0,0,0,0,-13000,0,0,0,0,13000,-13000,-13000
055658,南電元富97購01  ,0,0,0,0,0,0,0,0,0,-13000,0,0,0,0,13000,-13000,-13000
055541,聚陽凱基98購01  ,0,0,0,0,0,0,0,0,0,-13000,0,0,0,0,13000,-13000,-13000
055571,鴻海統一97購03  ,0,0,0,0,0,0,0,0,0,-13000,0,0,0,0,13000,-13000,-13000
054922,文曄凱基98購01  ,0,0,0,0,0,0,0,0,0,-13000,0,0,0,0,13000,-13000,-13000
055178,晶豪科統一97購01,0,0,0,0,0,0,0,0,0,-13000,0,0,0,50000,63000,-13000,-13000
055091,微星群益97購01  ,0,0,0,0,0,0,0,0,0,-13000,0,0,0,21000,34000,-13000,-13000
054718,可成永豐97購01  ,0,0,0,0,0,0,0,0,0,-13000,0,0,0,12000,25000,-13000,-13000
054208,台積電國票97購07,0,0,0,0,0,0,0,0,0,-13000,0,0,0,0,13000,-13000,-13000
046311,聯發科元大92購16,0,0,0,0,0,0,0,0,0,-13000,0,0,0,0,13000,-13000,-13000
046034,可成元大92購09  ,0,0,0,0,0,0,0,0,0,-13000,0,0,0,0,13000,-13000,-13000
046073,日月光凱基92購03,0,0,0,0,0,0,0,0,0,-13000,0,0,0,0,13000,-13000,-13000
045374,鴻海元大92購07  ,0,0,0,0,0,0,0,0,0,-13000,0,0,0,3000,16000,-13000,-13000
045106,玉晶光群益95購01,0,0,0,0,0,0,0,0,0,-13000,0,0,0,0,13000,-13000,-13000
045117,玉晶光日盛92購01,0,0,0,0,0,0,0,0,0,-13000,0,0,0,0,13000,-13000,-13000
044889,台泥凱基91購01  ,0,0,0,0,0,0,0,0,0,-13000,0,0,0,0,13000,-13000,-13000
050425,國巨凱基94購12  ,0,0,0,0,0,0,0,0,0,-13000,0,0,0,102000,115000,-13000,-13000
050164,揚明光國泰95購01,0,0,0,0,0,0,0,0,0,-13000,0,0,0,0,13000,-13000,-13000
00709,富邦歐洲        ,0,0,0,0,0,0,0,0,0,-13000,0,0,0,100000,113000,-13000,-13000
048059,欣興國泰95購01  ,0,0,0,0,0,0,0,0,0,-13000,0,0,0,9000,22000,-13000,-13000
048067,台光電元富93購01,0,0,0,0,0,0,0,0,0,-13000,0,0,0,20000,33000,-13000,-13000
048561,可成元大93購13  ,0,0,0,0,0,0,0,0,0,-13000,0,0,0,0,13000,-13000,-13000
048149,泰鼎元富95購01  ,0,0,0,0,0,0,0,0,0,-13000,0,0,0,11000,24000,-13000,-13000
049568,台積電統一94購08,0,0,0,0,0,0,0,0,0,-13000,0,0,0,0,13000,-13000,-13000
049485,台積電元大96購03,0,0,0,0,0,0,0,0,0,-13000,0,0,0,0,13000,-13000,-13000
048591,台郡兆豐94購01  ,0,0,0,0,0,0,0,0,0,-13000,0,0,0,13000,26000,-13000,-13000
047711,華新科凱基94購03,0,0,0,0,0,0,0,0,0,-13000,0,0,0,7000,20000,-13000,-13000
049799,旺宏元大96購01  ,0,0,0,0,0,0,0,0,0,-13000,0,0,0,5000,18000,-13000,-13000
047200,鴻海元富93購04  ,0,0,0,0,0,0,0,0,0,-13000,0,0,0,0,13000,-13000,-13000
050965,揚明光永豐96購01,0,0,0,0,0,0,0,0,0,-13000,0,0,0,0,13000,-13000,-13000
051163,鴻海元大95購04  ,0,0,0,0,0,0,0,0,0,-13000,0,0,0,75000,88000,-13000,-13000
052438,瑞儀富邦95購01  ,0,0,0,0,0,0,0,0,0,-13000,0,0,0,12000,25000,-13000,-13000
052281,全新凱基97購01  ,0,0,0,0,0,0,0,0,0,-13000,0,0,0,0,13000,-13000,-13000
052207,台郡中信95購02  ,0,0,0,0,0,0,0,0,0,-13000,0,0,0,10000,23000,-13000,-13000
051604,喬山群益95購01  ,0,0,0,0,0,0,0,0,0,-13000,0,0,0,22000,35000,-13000,-13000
051341,訊連永豐95購02  ,0,0,0,0,0,0,0,0,0,-13000,0,0,0,0,13000,-13000,-13000
051480,大立光凱基97購01,0,0,0,0,0,0,0,0,0,-13000,0,0,0,0,13000,-13000,-13000
050548,華固凱基95購01  ,0,0,0,0,0,0,0,0,0,-13000,0,0,0,0,13000,-13000,-13000
050852,矽創國票95購02  ,0,0,0,0,0,0,0,0,0,-13000,0,0,0,40000,53000,-13000,-13000
052561,矽創國票97購01  ,0,0,0,0,0,0,0,0,0,-13000,0,0,0,0,13000,-13000,-13000
052787,國巨中信96購02  ,0,0,0,0,0,0,0,0,0,-13000,0,0,0,8000,21000,-13000,-13000
052771,GIS群益96購01   ,0,0,0,0,0,0,0,0,0,-13000,0,0,0,0,13000,-13000,-13000
053035,台表科兆豐97購01,0,0,0,0,0,0,0,0,0,-13000,0,0,0,10000,23000,-13000,-13000
053478,京鼎元大96購01  ,0,0,0,0,0,0,0,0,0,-13000,0,0,0,332000,345000,-13000,-13000
05317P,臺股指永昌95售02,0,0,0,0,0,0,0,0,0,-13000,0,0,0,0,13000,-13000,-13000
053509,華新群益98購01  ,0,0,0,0,0,0,0,0,0,-13000,0,0,0,0,13000,-13000,-13000
2417,圓剛            ,9000,20000,-11000,0,0,0,0,0,0,-2000,0,2000,-2000,0,0,0,-13000
4141,龍燈-KY         ,1000,14000,-13000,0,0,0,0,0,0,0,0,0,0,0,0,0,-13000
3380,明泰            ,160000,203000,-43000,0,0,0,0,0,0,30000,34000,59000,-25000,84000,29000,55000,-13000
054238,聯茂群益96購04  ,0,0,0,0,0,0,0,0,0,-14000,0,0,0,0,14000,-14000,-14000
054493,同欣電台新96購01,0,0,0,0,0,0,0,0,0,-14000,0,0,0,41000,55000,-14000,-14000
054376,聯茂中信97購01  ,0,0,0,0,0,0,0,0,0,-14000,0,0,0,80000,94000,-14000,-14000
054351,華新科國泰97購03,0,0,0,0,0,0,0,0,0,-14000,0,0,0,16000,30000,-14000,-14000
054139,揚明光元大96購01,0,0,0,0,0,0,0,0,0,-14000,0,0,0,0,14000,-14000,-14000
054050,創意元大96購06  ,0,0,0,0,0,0,0,0,0,-14000,0,0,0,270000,284000,-14000,-14000
054748,正文凱基98購01  ,0,0,0,0,0,0,0,0,0,-14000,0,0,0,0,14000,-14000,-14000
054564,玉晶光群益99購01,0,0,0,0,0,0,0,0,0,-14000,0,0,0,25000,39000,-14000,-14000
055160,玉晶光元大99購03,0,0,0,0,0,0,0,0,0,-14000,0,0,0,97000,111000,-14000,-14000
055746,同欣電元富97購01,0,0,0,0,0,0,0,0,0,-14000,0,0,0,11000,25000,-14000,-14000
055852,聯鈞元大98購01  ,0,0,0,0,0,0,0,0,0,-14000,0,0,0,0,14000,-14000,-14000
055397,超眾統一97購02  ,0,0,0,0,0,0,0,0,0,-14000,0,0,0,56000,70000,-14000,-14000
055344,國巨凱基97購04  ,0,0,0,0,0,0,0,0,0,-14000,0,0,0,0,14000,-14000,-14000
055473,禾伸堂凱基97購01,0,0,0,0,0,0,0,0,0,-14000,0,0,0,0,14000,-14000,-14000
06199P,聯發科元大97售17,0,0,0,0,0,0,0,0,0,-14000,0,0,0,0,14000,-14000,-14000
06154P,超眾元大98售01  ,0,0,0,0,0,0,0,0,0,-14000,0,0,0,1000,15000,-14000,-14000
00668,國泰美國道瓊    ,0,0,0,0,0,0,0,0,0,-14000,0,0,0,12000,26000,-14000,-14000
043758,創意元大92購03  ,0,0,0,0,0,0,0,0,0,-14000,0,0,0,6000,20000,-14000,-14000
045535,A50正2群益94購01,0,0,0,0,0,0,0,0,0,-14000,0,0,0,6000,20000,-14000,-14000
050263,旺宏元大94購10  ,0,0,0,0,0,0,0,0,0,-14000,0,0,0,19000,33000,-14000,-14000
046891,南亞科群益93購01,0,0,0,0,0,0,0,0,0,-14000,0,0,0,10000,24000,-14000,-14000
046880,瑞昱永昌93購01  ,0,0,0,0,0,0,0,0,0,-14000,0,0,0,0,14000,-14000,-14000
045058,華邦電國泰94購01,0,0,0,0,0,0,0,0,0,-14000,0,0,0,6000,20000,-14000,-14000
04604P,華新科國票95售01,0,0,0,0,0,0,0,0,0,-14000,0,0,0,285000,299000,-14000,-14000
046696,可成凱基93購02  ,0,0,0,0,0,0,0,0,0,-14000,0,0,0,1000,15000,-14000,-14000
047118,欣興元大93購06  ,0,0,0,0,0,0,0,0,0,-14000,0,0,0,113000,127000,-14000,-14000
047637,旺宏元大94購03  ,0,0,0,0,0,0,0,0,0,-14000,0,0,0,176000,190000,-14000,-14000
050383,超眾兆豐95購01  ,0,0,0,0,0,0,0,0,0,-14000,0,0,0,0,14000,-14000,-14000
048691,智伸科群益94購01,0,0,0,0,0,0,0,0,0,-14000,0,0,0,35000,49000,-14000,-14000
049398,微星群益94購02  ,0,0,0,0,0,0,0,0,0,-14000,0,0,0,57000,71000,-14000,-14000
049527,國巨中信95購01  ,0,0,0,0,0,0,0,0,0,-14000,0,0,0,10000,24000,-14000,-14000
048330,大立光永昌93購07,0,0,0,0,0,0,0,0,0,-14000,0,0,0,0,14000,-14000,-14000
047443,智原元大94購01  ,0,0,0,0,0,0,0,0,0,-14000,0,0,0,102000,116000,-14000,-14000
048035,聯詠凱基93購06  ,0,0,0,0,0,0,0,0,0,-14000,0,0,0,0,14000,-14000,-14000
047994,亞德客元大93購03,0,0,0,0,0,0,0,0,0,-14000,0,0,0,1000,15000,-14000,-14000
053623,臺股指群益96購09,0,0,0,0,0,0,0,0,0,-14000,0,0,0,0,14000,-14000,-14000
053758,華新科國泰97購02,0,0,0,0,0,0,0,0,0,-14000,0,0,0,0,14000,-14000,-14000
053172,瑞儀群益97購01  ,0,0,0,0,0,0,0,0,0,-14000,0,0,0,2000,16000,-14000,-14000
053154,聯詠元大96購01  ,0,0,0,0,0,0,0,0,0,-14000,0,0,0,29000,43000,-14000,-14000
053371,滬深2X元大99購01,0,0,0,0,0,0,0,0,0,-14000,0,0,0,5000,19000,-14000,-14000
050875,訊芯永豐95購01  ,0,0,0,0,0,0,0,0,0,-14000,0,0,0,0,14000,-14000,-14000
051471,國巨凱基97購01  ,0,0,0,0,0,0,0,0,0,-14000,0,0,0,1000,15000,-14000,-14000
051948,滬深2X元富9B購01,0,0,0,0,0,0,0,0,0,-14000,0,0,0,0,14000,-14000,-14000
3041,揚智            ,312000,323000,-11000,0,0,0,0,0,0,-3000,0,3000,-3000,0,0,0,-14000
4526,東台            ,9000,23000,-14000,0,0,0,0,0,0,0,0,0,0,0,0,0,-14000
2642,宅配通          ,3000,17000,-14000,0,0,0,0,0,0,0,0,0,0,0,0,0,-14000
2493,揚博            ,2000,16000,-14000,0,0,0,0,0,0,0,0,0,0,0,0,0,-14000
1773,勝一            ,20000,20000,0,0,0,0,0,0,0,-14000,0,14000,-14000,0,0,0,-14000
6209,今國光          ,58000,65000,-7000,0,0,0,0,0,0,-7000,0,7000,-7000,0,0,0,-14000
05878P,創意群益98售01  ,0,0,0,0,0,0,0,0,0,-15000,0,0,0,5000,20000,-15000,-15000
055345,國巨凱基98購01  ,0,0,0,0,0,0,0,0,0,-15000,0,0,0,0,15000,-15000,-15000
055303,鈺齊元大97購01  ,0,0,0,0,0,0,0,0,0,-15000,0,0,0,0,15000,-15000,-15000
05660P,玉晶光第一96售01,0,0,0,0,0,0,0,0,0,-15000,0,0,0,0,15000,-15000,-15000
055727,矽力元大97購02  ,0,0,0,0,0,0,0,0,0,-15000,0,0,0,2000,17000,-15000,-15000
054750,聯茂凱基98購02  ,0,0,0,0,0,0,0,0,0,-15000,0,0,0,22000,37000,-15000,-15000
054028,臻鼎凱基96購03  ,0,0,0,0,0,0,0,0,0,-15000,0,0,0,5000,20000,-15000,-15000
053908,貿聯凱基98購01  ,0,0,0,0,0,0,0,0,0,-15000,0,0,0,1000,16000,-15000,-15000
053973,晶豪科元大96購01,0,0,0,0,0,0,0,0,0,-15000,0,0,0,0,15000,-15000,-15000
053934,A50正2元富96購02,0,0,0,0,0,0,0,0,0,-15000,0,0,0,7000,22000,-15000,-15000
054485,華邦電台新96購01,0,0,0,0,0,0,0,0,0,-15000,0,0,0,100000,115000,-15000,-15000
046752,華泰凱基93購01  ,0,0,0,0,0,0,0,0,0,-15000,0,0,0,0,15000,-15000,-15000
046010,大立光元富92購03,0,0,0,0,0,0,0,0,0,-15000,0,0,0,0,15000,-15000,-15000
046317,亞光元大92購04  ,0,0,0,0,0,0,0,0,0,-15000,0,0,0,0,15000,-15000,-15000
046345,世紀鋼國票93購01,0,0,0,0,0,0,0,0,0,-15000,0,0,0,65000,80000,-15000,-15000
04503P,元油2X元富98售09,0,0,0,0,0,0,0,0,0,-15000,0,0,0,0,15000,-15000,-15000
046473,晶技永豐92購01  ,0,0,0,0,0,0,0,0,0,-15000,0,0,0,20000,35000,-15000,-15000
050141,國巨統一94購07  ,0,0,0,0,0,0,0,0,0,-15000,0,0,0,0,15000,-15000,-15000
050083,旺宏元富94購01  ,0,0,0,0,0,0,0,0,0,-15000,0,0,0,5000,20000,-15000,-15000
045514,南茂凱基93購01  ,0,0,0,0,0,0,0,0,0,-15000,0,0,0,0,15000,-15000,-15000
04454P,大立光富邦98售02,0,0,0,0,0,0,0,0,0,-15000,0,0,0,0,15000,-15000,-15000
043281,漢唐元大92購02  ,0,0,0,0,0,0,0,0,0,-15000,0,0,0,0,15000,-15000,-15000
00686R,群益臺灣加權反1 ,0,0,0,0,0,0,0,0,0,-15000,0,0,0,20000,35000,-15000,-15000
00735,國泰臺韓科技    ,0,0,0,0,0,0,0,0,0,-15000,0,0,0,102000,117000,-15000,-15000
03640C,元油2X元大9B牛02,0,0,0,0,0,0,0,0,0,-15000,0,0,0,0,15000,-15000,-15000
048030,聯發科凱基93購27,0,0,0,0,0,0,0,0,0,-15000,0,0,0,27000,42000,-15000,-15000
047390,富邦金元大93購01,0,0,0,0,0,0,0,0,0,-15000,0,0,0,0,15000,-15000,-15000
048564,智易元大94購01  ,0,0,0,0,0,0,0,0,0,-15000,0,0,0,0,15000,-15000,-15000
050207,百和群益95購01  ,0,0,0,0,0,0,0,0,0,-15000,0,0,0,41000,56000,-15000,-15000
048784,台積電元大94購04,0,0,0,0,0,0,0,0,0,-15000,0,0,0,0,15000,-15000,-15000
049007,玉晶光中信96購01,0,0,0,0,0,0,0,0,0,-15000,0,0,0,40000,55000,-15000,-15000
048480,FB上証中信94購01,0,0,0,0,0,0,0,0,0,-15000,0,0,0,0,15000,-15000,-15000
047540,技嘉麥證93購01  ,0,0,0,0,16000,-16000,0,0,0,-15000,0,0,0,1000,16000,-15000,-15000
049797,台積電元大94購17,0,0,0,0,0,0,0,0,0,-15000,0,0,0,0,15000,-15000,-15000
048414,滬深2X統一98購01,0,0,0,0,0,0,0,0,0,-15000,0,0,0,0,15000,-15000,-15000
048333,大立光富邦95購01,0,0,0,0,0,0,0,0,0,-15000,0,0,0,3000,18000,-15000,-15000
047468,為升中信95購01  ,0,0,0,0,0,0,0,0,0,-15000,0,0,0,0,15000,-15000,-15000
047199,鴻海元富93購03  ,0,0,0,0,0,0,0,0,0,-15000,0,0,0,0,15000,-15000,-15000
047286,美律統一93購02  ,0,0,0,0,0,0,0,0,0,-15000,0,0,0,38000,53000,-15000,-15000
050928,日月光凱基95購01,0,0,0,0,0,0,0,0,0,-15000,0,0,0,0,15000,-15000,-15000
047751,玉山金元富93購01,0,0,0,0,0,0,0,0,0,-15000,0,0,0,1000,16000,-15000,-15000
051202,智邦麥證95購01  ,0,0,0,5000,20000,-15000,0,0,0,-15000,0,0,0,5000,20000,-15000,-15000
051096,日月光元大95購01,0,0,0,0,0,0,0,0,0,-15000,0,0,0,0,15000,-15000,-15000
051034,正崴兆豐95購01  ,0,0,0,0,0,0,0,0,0,-15000,0,0,0,50000,65000,-15000,-15000
05205P,緯穎元大95售03  ,0,0,0,0,0,0,0,0,0,-15000,0,0,0,0,15000,-15000,-15000
052134,智邦凱基95購09  ,0,0,0,0,0,0,0,0,0,-15000,0,0,0,155000,170000,-15000,-15000
051490,世芯凱基96購01  ,0,0,0,0,0,0,0,0,0,-15000,0,0,0,37000,52000,-15000,-15000
051576,台積電元大97購02,0,0,0,0,0,0,0,0,0,-15000,0,0,0,0,15000,-15000,-15000
051571,南茂富邦95購01  ,0,0,0,0,0,0,0,0,0,-15000,0,0,0,0,15000,-15000,-15000
051582,聯發科元大97購02,0,0,0,0,0,0,0,0,0,-15000,0,0,0,282000,297000,-15000,-15000
050764,鴻海元大94購27  ,0,0,0,0,0,0,0,0,0,-15000,0,0,0,126000,141000,-15000,-15000
053490,為升兆豐97購01  ,0,0,0,0,0,0,0,0,0,-15000,0,0,0,17000,32000,-15000,-15000
053208,鴻海凱基96購13  ,0,0,0,0,0,0,0,0,0,-15000,0,0,0,0,15000,-15000,-15000
053202,聯發科日盛96購02,0,0,0,0,0,0,0,0,0,-15000,0,0,0,25000,40000,-15000,-15000
053267,華新科群益96購02,0,0,0,0,0,0,0,0,0,-15000,0,0,0,162000,177000,-15000,-15000
052810,易華電元大96購02,0,0,0,0,0,0,0,0,0,-15000,0,0,0,0,15000,-15000,-15000
052652,台虹永豐96購01  ,0,0,0,0,0,0,0,0,0,-15000,0,0,0,7000,22000,-15000,-15000
052623,台郡兆豐96購01  ,0,0,0,0,0,0,0,0,0,-15000,0,0,0,0,15000,-15000,-15000
6168,宏齊            ,5000,18000,-13000,0,0,0,0,0,0,-2000,0,2000,-2000,0,0,0,-15000
2486,一詮            ,11000,24000,-13000,0,0,0,0,0,0,-2000,0,2000,-2000,0,0,0,-15000
2612,中航            ,70000,84000,-14000,0,0,0,0,0,0,-1000,0,1000,-1000,0,0,0,-15000
2913,農林            ,101000,118000,-17000,0,0,0,0,0,0,2000,2000,0,2000,0,0,0,-15000
6669,緯穎            ,430867,453821,-22954,0,0,0,53000,34000,19000,-12000,19000,23000,-4000,1000,9000,-8000,-15954
054361,技嘉凱基96購01  ,0,0,0,0,0,0,0,0,0,-16000,0,0,0,38000,54000,-16000,-16000
054359,南亞科日盛96購02,0,0,0,0,0,0,0,0,0,-16000,0,0,0,4000,20000,-16000,-16000
054778,世紀鋼國票99購01,0,0,0,0,0,0,0,0,0,-16000,0,0,0,0,16000,-16000,-16000
054857,信錦群益97購01  ,0,0,0,0,0,0,0,0,0,-16000,0,0,0,46000,62000,-16000,-16000
04029P,聯發科凱基93售16,0,0,0,0,0,0,0,0,0,-16000,0,0,0,0,16000,-16000,-16000
00675L,富邦臺灣加權正2 ,0,0,0,0,0,0,0,0,0,-16000,0,0,0,2000,18000,-16000,-16000
043776,奇力新兆豐92購01,0,0,0,0,0,0,0,0,0,-16000,0,0,0,21000,37000,-16000,-16000
046579,台積電元大92購32,0,0,0,0,0,0,0,0,0,-16000,0,0,0,0,16000,-16000,-16000
046580,正崴元大92購01  ,0,0,0,0,0,0,0,0,0,-16000,0,0,0,0,16000,-16000,-16000
046515,嘉澤元大92購04  ,0,0,0,0,0,0,0,0,0,-16000,0,0,0,4000,20000,-16000,-16000
047029,日月光元大93購01,0,0,0,0,0,0,0,0,0,-16000,0,0,0,16000,32000,-16000,-16000
045128,旺宏統一92購01  ,0,0,0,0,0,0,0,0,0,-16000,0,0,0,19000,35000,-16000,-16000
045213,A50正2元大95購01,0,0,0,0,0,0,0,0,0,-16000,0,0,0,16000,32000,-16000,-16000
046305,台積電元大92購27,0,0,0,0,0,0,0,0,0,-16000,0,0,0,0,16000,-16000,-16000
046021,台泥元大92購01  ,0,0,0,0,0,0,0,0,0,-16000,0,0,0,0,16000,-16000,-16000
047226,義隆凱基94購01  ,0,0,0,0,0,0,0,0,0,-16000,0,0,0,0,16000,-16000,-16000
048350,世紀鋼元大95購01,0,0,0,0,0,0,0,0,0,-16000,0,0,0,2000,18000,-16000,-16000
049497,茂林元大94購04  ,0,0,0,0,0,0,0,0,0,-16000,0,0,0,8000,24000,-16000,-16000
047953,台積電永豐93購04,0,0,0,0,0,0,0,0,0,-16000,0,0,0,0,16000,-16000,-16000
052601,大成鋼元大96購01,0,0,0,0,0,0,0,0,0,-16000,0,0,0,60000,76000,-16000,-16000
052647,晶技永豐97購01  ,0,0,0,0,0,0,0,0,0,-16000,0,0,0,0,16000,-16000,-16000
053022,欣興國泰98購01  ,0,0,0,0,0,0,0,0,0,-16000,0,0,0,70000,86000,-16000,-16000
052951,GIS國票97購02   ,0,0,0,0,0,0,0,0,0,-16000,0,0,0,5000,21000,-16000,-16000
053760,牧德國泰98購01  ,0,0,0,0,0,0,0,0,0,-16000,0,0,0,2000,18000,-16000,-16000
050632,國巨群益94購07  ,0,0,0,0,0,0,0,0,0,-16000,0,0,0,11000,27000,-16000,-16000
051529,東元國票96購01  ,0,0,0,0,0,0,0,0,0,-16000,0,0,0,95000,111000,-16000,-16000
051662,大立光永昌96購03,0,0,0,0,0,0,0,0,0,-16000,0,0,0,10000,26000,-16000,-16000
052190,創意群益95購03  ,0,0,0,0,0,0,0,0,0,-16000,0,0,0,0,16000,-16000,-16000
05207P,高股息中信97售03,0,0,0,0,0,0,0,0,0,-16000,0,0,0,0,16000,-16000,-16000
051872,矽力凱基96購01  ,0,0,0,0,0,0,0,0,0,-16000,0,0,0,4000,20000,-16000,-16000
1732,毛寶            ,15000,31000,-16000,0,0,0,0,0,0,0,0,0,0,0,0,0,-16000
054776,矽創國票98購01  ,0,0,0,0,0,0,0,0,0,-17000,0,0,0,8000,25000,-17000,-17000
054249,技嘉元大96購03  ,0,0,0,0,0,0,0,0,0,-17000,0,0,0,165000,182000,-17000,-17000
054327,亞光台新96購02  ,0,0,0,0,0,0,0,0,0,-17000,0,0,0,32000,49000,-17000,-17000
053966,旺宏元大96購08  ,0,0,0,0,0,0,0,0,0,-17000,0,0,0,253000,270000,-17000,-17000
06052P,台郡國票97售06  ,0,0,0,0,0,0,0,0,0,-17000,0,0,0,0,17000,-17000,-17000
1217,愛之味          ,78000,92000,-14000,0,0,0,0,0,0,-3000,0,3000,-3000,0,0,0,-17000
046737,鴻海群益93購04  ,0,0,0,0,0,0,0,0,0,-17000,0,0,0,13000,30000,-17000,-17000
046801,中橡元大93購01  ,0,0,0,0,0,0,0,0,0,-17000,0,0,0,107000,124000,-17000,-17000
050174,技嘉元大94購01  ,0,0,0,0,0,0,0,0,0,-17000,0,0,0,106000,123000,-17000,-17000
046666,欣興元大93購05  ,0,0,0,0,0,0,0,0,0,-17000,0,0,0,0,17000,-17000,-17000
050231,聯發科麥證94購03,0,0,0,10000,27000,-17000,0,0,0,-17000,0,0,0,10000,27000,-17000,-17000
048165,嘉澤康和93購01  ,0,0,0,0,0,0,0,0,0,-17000,0,0,0,0,17000,-17000,-17000
047770,聯詠元大93購10  ,0,0,0,0,0,0,0,0,0,-17000,0,0,0,20000,37000,-17000,-17000
048728,台達電麥證94購01,0,0,0,23000,42000,-19000,0,0,0,-17000,0,0,0,25000,42000,-17000,-17000
049484,台積電元大95購02,0,0,0,0,0,0,0,0,0,-17000,0,0,0,0,17000,-17000,-17000
049156,緯穎元大96購01  ,0,0,0,0,0,0,0,0,0,-17000,0,0,0,0,17000,-17000,-17000
049899,台積電元富94購05,0,0,0,0,0,0,0,0,0,-17000,0,0,0,52000,69000,-17000,-17000
049903,大立光元富94購06,0,0,0,0,0,0,0,0,0,-17000,0,0,0,32000,49000,-17000,-17000
049857,緯穎群益94購03  ,0,0,0,0,0,0,0,0,0,-17000,0,0,0,62000,79000,-17000,-17000
050955,達方群益97購01  ,0,0,0,0,0,0,0,0,0,-17000,0,0,0,32000,49000,-17000,-17000
051253,緯創元大95購02  ,0,0,0,0,0,0,0,0,0,-17000,0,0,0,3000,20000,-17000,-17000
051995,矽力元大95購03  ,0,0,0,0,0,0,0,0,0,-17000,0,0,0,5000,22000,-17000,-17000
052308,大立光國泰97購02,0,0,0,0,0,0,0,0,0,-17000,0,0,0,0,17000,-17000,-17000
052311,台積電富邦95購09,0,0,0,0,0,0,0,0,0,-17000,0,0,0,0,17000,-17000,-17000
051354,聯發科元大95購09,0,0,0,0,0,0,0,0,0,-17000,0,0,0,17000,34000,-17000,-17000
051377,鴻海群益95購07  ,0,0,0,0,0,0,0,0,0,-17000,0,0,0,0,17000,-17000,-17000
050838,為升國票96購01  ,0,0,0,0,0,0,0,0,0,-17000,0,0,0,0,17000,-17000,-17000
053777,台積電元大96購20,0,0,0,0,0,0,0,0,0,-17000,0,0,0,10000,27000,-17000,-17000
053169,貿聯群益97購01  ,0,0,0,0,0,0,0,0,0,-17000,0,0,0,150000,167000,-17000,-17000
053449,超眾凱基98購01  ,0,0,0,0,0,0,0,0,0,-17000,0,0,0,16000,33000,-17000,-17000
052856,滬深2X凱基98購01,0,0,0,0,0,0,0,0,0,-17000,0,0,0,3000,20000,-17000,-17000
053116,華新科中信96購01,0,0,0,0,0,0,0,0,0,-17000,0,0,0,0,17000,-17000,-17000
052751,臺股指元大96購05,0,0,0,0,0,0,0,0,0,-17000,0,0,0,0,17000,-17000,-17000
2342,茂矽            ,22000,37000,-15000,0,0,0,0,0,0,-2000,0,2000,-2000,0,0,0,-17000
1457,宜進            ,39000,57000,-18000,0,0,0,0,0,0,0,0,0,0,0,0,0,-18000
06096P,全新永豐97售02  ,0,0,0,0,0,0,0,0,0,-18000,0,0,0,5000,23000,-18000,-18000
05859P,台表科國票97售04,0,0,0,0,0,0,0,0,0,-18000,0,0,0,0,18000,-18000,-18000
05721P,全新群益98售02  ,0,0,0,0,0,0,0,0,0,-18000,0,0,0,10000,28000,-18000,-18000
055858,聯茂元大97購03  ,0,0,0,0,0,0,0,0,0,-18000,0,0,0,0,18000,-18000,-18000
055574,美律統一97購01  ,0,0,0,0,0,0,0,0,0,-18000,0,0,0,20000,38000,-18000,-18000
055694,光罩國票98購01  ,0,0,0,0,0,0,0,0,0,-18000,0,0,0,0,18000,-18000,-18000
055313,南電群益97購01  ,0,0,0,0,0,0,0,0,0,-18000,0,0,0,9000,27000,-18000,-18000
053877,奇力新亞東96購01,0,0,0,0,0,0,0,0,0,-18000,0,0,0,0,18000,-18000,-18000
054234,可成群益96購05  ,0,0,0,0,0,0,0,0,0,-18000,0,0,0,0,18000,-18000,-18000
054838,京鼎第一97購01  ,0,0,0,0,0,0,0,0,0,-18000,0,0,0,42000,60000,-18000,-18000
054674,台光電台新97購01,0,0,0,0,0,0,0,0,0,-18000,0,0,0,0,18000,-18000,-18000
055179,大立光統一97購04,0,0,0,0,0,0,0,0,0,-18000,0,0,0,98000,116000,-18000,-18000
046629,群創統一98購01  ,0,0,0,0,0,0,0,0,0,-18000,0,0,0,14000,32000,-18000,-18000
042040,大立光群益93購01,0,0,0,0,0,0,0,0,0,-18000,0,0,0,10000,28000,-18000,-18000
044195,台積電國票91購03,0,0,0,0,0,0,0,0,0,-18000,0,0,0,24000,42000,-18000,-18000
043753,聯發科元大92購02,0,0,0,0,0,0,0,0,0,-18000,0,0,0,21000,39000,-18000,-18000
00700,富邦恒生國企    ,0,0,0,0,0,0,0,0,0,-18000,0,0,0,111000,129000,-18000,-18000
01002T,土銀國泰R1      ,15000,33000,-18000,0,0,0,0,0,0,0,0,0,0,0,0,0,-18000
046896,臻鼎群益94購01  ,0,0,0,0,0,0,0,0,0,-18000,0,0,0,146000,164000,-18000,-18000
046348,嘉澤兆豐93購01  ,0,0,0,0,0,0,0,0,0,-18000,0,0,0,86000,104000,-18000,-18000
046355,欣興群益92購03  ,0,0,0,0,0,0,0,0,0,-18000,0,0,0,70000,88000,-18000,-18000
045780,奇鋐元大94購01  ,0,0,0,0,0,0,0,0,0,-18000,0,0,0,0,18000,-18000,-18000
047312,聯發科元大93購13,0,0,0,0,0,0,0,0,0,-18000,0,0,0,2000,20000,-18000,-18000
049261,大立光元大94購08,0,0,0,0,0,0,0,0,0,-18000,0,0,0,0,18000,-18000,-18000
04925P,和碩元大94售03  ,0,0,0,0,0,0,0,0,0,-18000,0,0,0,0,18000,-18000,-18000
049453,新日興統一94購01,0,0,0,0,0,0,0,0,0,-18000,0,0,0,144000,162000,-18000,-18000
049583,台積電元大95購04,0,0,0,0,0,0,0,0,0,-18000,0,0,0,3000,21000,-18000,-18000
048987,崇越元大94購01  ,0,0,0,0,0,0,0,0,0,-18000,0,0,0,11000,29000,-18000,-18000
049498,茂林元大95購01  ,0,0,0,0,0,0,0,0,0,-18000,0,0,0,34000,52000,-18000,-18000
048122,台達電元大96購02,0,0,0,0,0,0,0,0,0,-18000,0,0,0,3000,21000,-18000,-18000
052755,滬深2X群益9A購01,0,0,0,0,0,0,0,0,0,-18000,0,0,0,0,18000,-18000,-18000
052586,晶豪科永豐96購01,0,0,0,0,0,0,0,0,0,-18000,0,0,0,12000,30000,-18000,-18000
052901,台達電國票97購01,0,0,0,0,0,0,0,0,0,-18000,0,0,0,0,18000,-18000,-18000
053275,燿華元大97購01  ,0,0,0,0,0,0,0,0,0,-18000,0,0,0,95000,113000,-18000,-18000
05370P,矽創元富95售01  ,0,0,0,0,0,0,0,0,0,-18000,0,0,0,17000,35000,-18000,-18000
050535,台表科群益94購02,0,0,0,0,0,0,0,0,0,-18000,0,0,0,10000,28000,-18000,-18000
052368,力成國票96購01  ,0,0,0,0,0,0,0,0,0,-18000,0,0,0,13000,31000,-18000,-18000
9902,台火            ,4000,18000,-14000,0,0,0,0,0,0,-4000,0,4000,-4000,0,0,0,-18000
054988,凱美元富97購02  ,0,0,0,0,0,0,0,0,0,-19000,0,0,0,38000,57000,-19000,-19000
055009,合勤控元富97購01,0,0,0,0,0,0,0,0,0,-19000,0,0,0,1000,20000,-19000,-19000
054653,聯發科麥證97購02,0,0,0,31000,50000,-19000,0,0,0,-19000,0,0,0,31000,50000,-19000,-19000
05455P,聯詠日盛95售01  ,0,0,0,0,0,0,0,0,0,-19000,0,0,0,1000,20000,-19000,-19000
054540,泰鼎國票99購01  ,0,0,0,0,0,0,0,0,0,-19000,0,0,0,6000,25000,-19000,-19000
054829,亞光國泰99購01  ,0,0,0,0,0,0,0,0,0,-19000,0,0,0,120000,139000,-19000,-19000
054369,鴻海中信9C購01  ,0,0,0,0,0,0,0,0,0,-19000,0,0,0,0,19000,-19000,-19000
054013,聯發科永豐96購02,0,0,0,0,0,0,0,0,0,-19000,0,0,0,1000,20000,-19000,-19000
054183,亞光康和96購01  ,0,0,0,0,0,0,0,0,0,-19000,0,0,0,24000,43000,-19000,-19000
1456,怡華            ,1000,20000,-19000,0,0,0,0,0,0,0,0,0,0,0,0,0,-19000
04500P,燿華統一94售01  ,0,0,0,0,0,0,0,0,0,-19000,0,0,0,21000,40000,-19000,-19000
046184,台光電凱基93購08,0,0,0,0,0,0,0,0,0,-19000,0,0,0,0,19000,-19000,-19000
046252,冠德群益92購01  ,0,0,0,0,0,0,0,0,0,-19000,0,0,0,1000,20000,-19000,-19000
045874,東元元富92購01  ,0,0,0,0,0,0,0,0,0,-19000,0,0,0,14000,33000,-19000,-19000
050185,和鑫元大95購02  ,0,0,0,0,0,0,0,0,0,-19000,0,0,0,4000,23000,-19000,-19000
048100,貿聯凱基93購02  ,0,0,0,0,0,0,0,0,0,-19000,0,0,0,1000,20000,-19000,-19000
048032,可成凱基93購13  ,0,0,0,0,0,0,0,0,0,-19000,0,0,0,0,19000,-19000,-19000
047984,禾伸堂群益93購01,0,0,0,0,0,0,0,0,0,-19000,0,0,0,0,19000,-19000,-19000
048838,牧德凱基94購07  ,0,0,0,0,0,0,0,0,0,-19000,0,0,0,15000,34000,-19000,-19000
048641,美律元大94購01  ,0,0,0,0,0,0,0,0,0,-19000,0,0,0,8000,27000,-19000,-19000
049407,台積電日盛94購02,0,0,0,0,0,0,0,0,0,-19000,0,0,0,0,19000,-19000,-19000
050978,鴻海元富95購03  ,0,0,0,0,0,0,0,0,0,-19000,0,0,0,0,19000,-19000,-19000
050992,台積電元大97購01,0,0,0,0,0,0,0,0,0,-19000,0,0,0,74000,93000,-19000,-19000
051213,華新科統一95購01,0,0,0,0,0,0,0,0,0,-19000,0,0,0,5000,24000,-19000,-19000
049894,嘉聯益富邦98購01,0,0,0,0,0,0,0,0,0,-19000,0,0,0,0,19000,-19000,-19000
049703,訊芯元大95購01  ,0,0,0,0,0,0,0,0,0,-19000,0,0,0,50000,69000,-19000,-19000
048422,瑞昱元富96購02  ,0,0,0,0,0,0,0,0,0,-19000,0,0,0,0,19000,-19000,-19000
048483,可成國泰95購01  ,0,0,0,0,0,0,0,0,0,-19000,0,0,0,49000,68000,-19000,-19000
051873,緯穎凱基95購02  ,0,0,0,0,0,0,0,0,0,-19000,0,0,0,29000,48000,-19000,-19000
051400,國巨永豐95購01  ,0,0,0,0,0,0,0,0,0,-19000,0,0,0,6000,25000,-19000,-19000
05346P,臺股指統一95售06,0,0,0,0,0,0,0,0,0,-19000,0,0,0,1000,20000,-19000,-19000
053148,華邦電元大96購01,0,0,0,0,0,0,0,0,0,-19000,0,0,0,227000,246000,-19000,-19000
6449,鈺邦            ,54000,74000,-20000,0,0,0,0,0,0,1000,2000,1000,1000,0,0,0,-19000
2748,雲品            ,14000,6000,8000,0,0,0,0,27000,-27000,0,0,0,0,0,0,0,-19000
1437,勤益控          ,18000,38000,-20000,0,0,0,0,0,0,0,0,0,0,0,0,0,-20000
08897P,國巨群益01售10  ,0,0,0,0,0,0,0,0,0,-20000,0,0,0,0,20000,-20000,-20000
06192P,高股息中信98售01,0,0,0,0,0,0,0,0,0,-20000,0,0,0,0,20000,-20000,-20000
05744P,台表科元大96售04,0,0,0,0,0,0,0,0,0,-20000,0,0,0,155000,175000,-20000,-20000
05844P,旺宏元大96售07  ,0,0,0,0,0,0,0,0,0,-20000,0,0,0,0,20000,-20000,-20000
055286,晶技元大98購03  ,0,0,0,0,0,0,0,0,0,-20000,0,0,0,10000,30000,-20000,-20000
05535P,台積電元大97售06,0,0,0,0,0,0,0,0,0,-20000,0,0,0,10000,30000,-20000,-20000
055401,亞光元富9A購01  ,0,0,0,0,0,0,0,0,0,-20000,0,0,0,0,20000,-20000,-20000
055477,同欣電凱基98購01,0,0,0,0,0,0,0,0,0,-20000,0,0,0,71000,91000,-20000,-20000
055485,國巨元大97購09  ,0,0,0,0,0,0,0,0,0,-20000,0,0,0,20000,40000,-20000,-20000
055452,台積電元富97購03,0,0,0,0,0,0,0,0,0,-20000,0,0,0,0,20000,-20000,-20000
055454,華邦電元富97購02,0,0,0,0,0,0,0,0,0,-20000,0,0,0,10000,30000,-20000,-20000
055695,大毅國票98購03  ,0,0,0,0,0,0,0,0,0,-20000,0,0,0,28000,48000,-20000,-20000
055578,群創統一98購03  ,0,0,0,0,0,0,0,0,0,-20000,0,0,0,12000,32000,-20000,-20000
055592,奇力新元大97購07,0,0,0,0,0,0,0,0,0,-20000,0,0,0,8000,28000,-20000,-20000
055605,緯穎元大97購02  ,0,0,0,0,0,0,0,0,0,-20000,0,0,0,28000,48000,-20000,-20000
055599,TPK元大97購01   ,0,0,0,0,0,0,0,0,0,-20000,0,0,0,0,20000,-20000,-20000
055844,大毅元大98購01  ,0,0,0,0,0,0,0,0,0,-20000,0,0,0,0,20000,-20000,-20000
05600P,玉晶光台新96售04,0,0,0,0,0,0,0,0,0,-20000,0,0,0,0,20000,-20000,-20000
055745,臻鼎元富97購01  ,0,0,0,0,0,0,0,0,0,-20000,0,0,0,0,20000,-20000,-20000
055827,中石化元大98購01,0,0,0,0,0,0,0,0,0,-20000,0,0,0,0,20000,-20000,-20000
05395P,旺宏元大96售06  ,0,0,0,0,0,0,0,0,0,-20000,0,0,0,0,20000,-20000,-20000
054513,元金2X元大96購01,0,0,0,0,0,0,0,0,0,-20000,0,0,0,0,20000,-20000,-20000
054248,燿華元大97購02  ,0,0,0,0,0,0,0,0,0,-20000,0,0,0,50000,70000,-20000,-20000
054527,國巨統一97購03  ,0,0,0,0,0,0,0,0,0,-20000,0,0,0,14000,34000,-20000,-20000
054595,正崴麥證97購01  ,0,0,0,0,20000,-20000,0,0,0,-20000,0,0,0,0,20000,-20000,-20000
054915,興勤凱基97購01  ,0,0,0,0,0,0,0,0,0,-20000,0,0,0,0,20000,-20000,-20000
055117,臻鼎凱基98購02  ,0,0,0,0,0,0,0,0,0,-20000,0,0,0,0,20000,-20000,-20000
055127,台虹兆豐97購01  ,0,0,0,0,0,0,0,0,0,-20000,0,0,0,50000,70000,-20000,-20000
050129,聯發科凱基94購11,0,0,0,0,0,0,0,0,0,-20000,0,0,0,35000,55000,-20000,-20000
044792,康友群益93購01  ,0,0,0,0,0,0,0,0,0,-20000,0,0,0,10000,30000,-20000,-20000
045880,超眾元富92購01  ,0,0,0,0,0,0,0,0,0,-20000,0,0,0,0,20000,-20000,-20000
046803,可成元大93購03  ,0,0,0,0,0,0,0,0,0,-20000,0,0,0,0,20000,-20000,-20000
046940,瑞昱元大93購07  ,0,0,0,0,0,0,0,0,0,-20000,0,0,0,12000,32000,-20000,-20000
046269,禾伸堂凱基92購03,0,0,0,0,0,0,0,0,0,-20000,0,0,0,2000,22000,-20000,-20000
046185,正崴凱基93購02  ,0,0,0,0,0,0,0,0,0,-20000,0,0,0,0,20000,-20000,-20000
046337,智原第一92購01  ,0,0,0,0,0,0,0,0,0,-20000,0,0,0,0,20000,-20000,-20000
046725,可成元大93購02  ,0,0,0,0,0,0,0,0,0,-20000,0,0,0,0,20000,-20000,-20000
046726,台新金元大93購01,0,0,0,0,0,0,0,0,0,-20000,0,0,0,0,20000,-20000,-20000
046757,漢唐凱基93購02  ,0,0,0,0,0,0,0,0,0,-20000,0,0,0,0,20000,-20000,-20000
046764,亞光凱基93購03  ,0,0,0,0,0,0,0,0,0,-20000,0,0,0,0,20000,-20000,-20000
046045,聯茂元大92購07  ,0,0,0,0,0,0,0,0,0,-20000,0,0,0,0,20000,-20000,-20000
045042,亞泥凱基92購01  ,0,0,0,0,0,0,0,0,0,-20000,0,0,0,0,20000,-20000,-20000
044930,元黃金富邦93購01,0,0,0,0,0,0,0,0,0,-20000,0,0,0,0,20000,-20000,-20000
045369,康控兆豐93購01  ,0,0,0,0,0,0,0,0,0,-20000,0,0,0,10000,30000,-20000,-20000
045341,華邦電凱基93購04,0,0,0,0,0,0,0,0,0,-20000,0,0,0,2000,22000,-20000,-20000
045163,瀚宇博國泰93購01,0,0,0,0,0,0,0,0,0,-20000,0,0,0,0,20000,-20000,-20000
045153,大立光凱基93購04,0,0,0,0,0,0,0,0,0,-20000,0,0,0,0,20000,-20000,-20000
045247,遠東新凱基92購01,0,0,0,0,0,0,0,0,0,-20000,0,0,0,0,20000,-20000,-20000
04043P,復盛元富93售02  ,0,0,0,0,0,0,0,0,0,-20000,0,0,0,0,20000,-20000,-20000
03953P,易華電凱基94售01,0,0,0,0,0,0,0,0,0,-20000,0,0,0,0,20000,-20000,-20000
043671,GIS元大93購03   ,0,0,0,0,0,0,0,0,0,-20000,0,0,0,0,20000,-20000,-20000
043912,華新科凱基93購01,0,0,0,0,0,0,0,0,0,-20000,0,0,0,0,20000,-20000,-20000
040744,滬深2X國票94購01,0,0,0,0,0,0,0,0,0,-20000,0,0,0,0,20000,-20000,-20000
04101P,臺股指國票93售08,0,0,0,0,0,0,0,0,0,-20000,0,0,0,0,20000,-20000,-20000
041042,美律群益92購01  ,0,0,0,0,0,0,0,0,0,-20000,0,0,0,0,20000,-20000,-20000
03788P,聯發科群益94售02,0,0,0,0,0,0,0,0,0,-20000,0,0,0,0,20000,-20000,-20000
044165,聯發科元大92購04,0,0,0,0,0,0,0,0,0,-20000,0,0,0,1000,21000,-20000,-20000
044134,訊芯凱基93購01  ,0,0,0,0,0,0,0,0,0,-20000,0,0,0,1000,21000,-20000,-20000
044054,台積電元大92購08,0,0,0,0,0,0,0,0,0,-20000,0,0,0,1200000,1220000,-20000,-20000
04421P,玉晶光永豐94售02,0,0,0,0,0,0,0,0,0,-20000,0,0,0,0,20000,-20000,-20000
044519,嘉澤凱基91購06  ,0,0,0,0,0,0,0,0,0,-20000,0,0,0,0,20000,-20000,-20000
044613,智易兆豐94購01  ,0,0,0,0,0,0,0,0,0,-20000,0,0,0,0,20000,-20000,-20000
044643,滬深2X群益96購01,0,0,0,0,0,0,0,0,0,-20000,0,0,0,0,20000,-20000,-20000
04227P,滬深2X永豐94售04,0,0,0,0,0,0,0,0,0,-20000,0,0,0,0,20000,-20000,-20000
043171,冠德國泰93購01  ,0,0,0,0,0,0,0,0,0,-20000,0,0,0,26000,46000,-20000,-20000
046634,GIS元富93購01   ,0,0,0,0,0,0,0,0,0,-20000,0,0,0,40000,60000,-20000,-20000
045517,元油2X元富98購01,0,0,0,0,0,0,0,0,0,-20000,0,0,0,20000,40000,-20000,-20000
045438,台郡統一94購01  ,0,0,0,0,0,0,0,0,0,-20000,0,0,0,0,20000,-20000,-20000
042734,大立光兆豐92購02,0,0,0,0,0,0,0,0,0,-20000,0,0,0,0,20000,-20000,-20000
042642,創意麥證91購01  ,0,0,0,0,20000,-20000,0,0,0,-20000,0,0,0,0,20000,-20000,-20000
048504,A50正2中信95購01,0,0,0,0,0,0,0,0,0,-20000,0,0,0,0,20000,-20000,-20000
047663,亞德客永豐93購03,0,0,0,0,0,0,0,0,0,-20000,0,0,0,103000,123000,-20000,-20000
047714,禾伸堂凱基93購03,0,0,0,0,0,0,0,0,0,-20000,0,0,0,2000,22000,-20000,-20000
047678,景碩台新93購01  ,0,0,0,0,0,0,0,0,0,-20000,0,0,0,0,20000,-20000,-20000
048416,台達電統一93購02,0,0,0,0,0,0,0,0,0,-20000,0,0,0,0,20000,-20000,-20000
049790,滬深2X元大97購04,0,0,0,0,0,0,0,0,0,-20000,0,0,0,0,20000,-20000,-20000
049762,華邦電國泰95購01,0,0,0,0,0,0,0,0,0,-20000,0,0,0,0,20000,-20000,-20000
047617,瑞昱凱基93購07  ,0,0,0,0,0,0,0,0,0,-20000,0,0,0,11000,31000,-20000,-20000
050344,鴻海元富96購01  ,0,0,0,0,0,0,0,0,0,-20000,0,0,0,0,20000,-20000,-20000
050352,欣興群益95購01  ,0,0,0,0,0,0,0,0,0,-20000,0,0,0,0,20000,-20000,-20000
049667,大立光國泰96購01,0,0,0,0,0,0,0,0,0,-20000,0,0,0,22000,42000,-20000,-20000
049901,瑞昱元富94購01  ,0,0,0,0,0,0,0,0,0,-20000,0,0,0,0,20000,-20000,-20000
049936,柏文元大94購02  ,0,0,0,0,0,0,0,0,0,-20000,0,0,0,0,20000,-20000,-20000
048404,大立光群益93購11,0,0,0,0,0,0,0,0,0,-20000,0,0,0,12000,32000,-20000,-20000
049059,超眾永豐94購01  ,0,0,0,0,0,0,0,0,0,-20000,0,0,0,5000,25000,-20000,-20000
051207,聯茂麥證95購01  ,0,0,0,0,20000,-20000,0,0,0,-20000,0,0,0,0,20000,-20000,-20000
050672,上証2X富邦97購01,0,0,0,0,0,0,0,0,0,-20000,0,0,0,0,20000,-20000,-20000
050590,晶技永豐95購01  ,0,0,0,0,0,0,0,0,0,-20000,0,0,0,0,20000,-20000,-20000
050923,南亞科凱基95購03,0,0,0,0,0,0,0,0,0,-20000,0,0,0,0,20000,-20000,-20000
047329,聯茂元大93購04  ,0,0,0,0,0,0,0,0,0,-20000,0,0,0,24000,44000,-20000,-20000
04774P,金融類元大94售02,0,0,0,0,0,0,0,0,0,-20000,0,0,0,0,20000,-20000,-20000
049870,南電兆豐94購01  ,0,0,0,0,0,0,0,0,0,-20000,0,0,0,0,20000,-20000,-20000
049887,嘉聯益永昌95購01,0,0,0,0,0,0,0,0,0,-20000,0,0,0,0,20000,-20000,-20000
047115,可成元大93購06  ,0,0,0,0,0,0,0,0,0,-20000,0,0,0,246000,266000,-20000,-20000
047227,華新科凱基94購01,0,0,0,0,0,0,0,0,0,-20000,0,0,0,28000,48000,-20000,-20000
049474,台光電永豐94購02,0,0,0,0,0,0,0,0,0,-20000,0,0,0,0,20000,-20000,-20000
049663,正崴永豐94購01  ,0,0,0,0,0,0,0,0,0,-20000,0,0,0,0,20000,-20000,-20000
04935P,鴻海中信96售01  ,0,0,0,0,0,0,0,0,0,-20000,0,0,0,0,20000,-20000,-20000
049327,台郡元富94購01  ,0,0,0,0,0,0,0,0,0,-20000,0,0,0,0,20000,-20000,-20000
049197,信邦永豐94購01  ,0,0,0,0,0,0,0,0,0,-20000,0,0,0,0,20000,-20000,-20000
048673,智伸科永豐93購02,0,0,0,0,0,0,0,0,0,-20000,0,0,0,0,20000,-20000,-20000
048835,牧德凱基94購02  ,0,0,0,0,0,0,0,0,0,-20000,0,0,0,28000,48000,-20000,-20000
049009,南亞科麥證94購01,0,0,0,20000,40000,-20000,0,0,0,-20000,0,0,0,20000,40000,-20000,-20000
048009,中壽富邦94購01  ,0,0,0,0,0,0,0,0,0,-20000,0,0,0,0,20000,-20000,-20000
047949,燿華台新93購01  ,0,0,0,0,0,0,0,0,0,-20000,0,0,0,10000,30000,-20000,-20000
04794P,友達元大96售03  ,0,0,0,0,0,0,0,0,0,-20000,0,0,0,0,20000,-20000,-20000
047944,中石化元富96購01,0,0,0,0,0,0,0,0,0,-20000,0,0,0,0,20000,-20000,-20000
048029,聯發科凱基93購26,0,0,0,0,0,0,0,0,0,-20000,0,0,0,10000,30000,-20000,-20000
048073,南電元富93購02  ,0,0,0,0,0,0,0,0,0,-20000,0,0,0,10000,30000,-20000,-20000
048320,聯詠凱基93購08  ,0,0,0,0,0,0,0,0,0,-20000,0,0,0,0,20000,-20000,-20000
048296,康控群益93購03  ,0,0,0,0,0,0,0,0,0,-20000,0,0,0,20000,40000,-20000,-20000
048231,台表科凱基93購06,0,0,0,0,0,0,0,0,0,-20000,0,0,0,0,20000,-20000,-20000
049572,華固統一94購03  ,0,0,0,0,0,0,0,0,0,-20000,0,0,0,0,20000,-20000,-20000
048925,佳世達永豐94購01,0,0,0,0,0,0,0,0,0,-20000,0,0,0,0,20000,-20000,-20000
047882,超眾國泰94購01  ,0,0,0,0,0,0,0,0,0,-20000,0,0,0,10000,30000,-20000,-20000
053132,國巨國票97購02  ,0,0,0,0,0,0,0,0,0,-20000,0,0,0,20000,40000,-20000,-20000
053093,緯穎元大96購06  ,0,0,0,0,0,0,0,0,0,-20000,0,0,0,66000,86000,-20000,-20000
053009,大成鋼統一96購02,0,0,0,0,0,0,0,0,0,-20000,0,0,0,28000,48000,-20000,-20000
052815,滬深2X永豐97購01,0,0,0,0,0,0,0,0,0,-20000,0,0,0,0,20000,-20000,-20000
052515,矽力凱基95購02  ,0,0,0,0,0,0,0,0,0,-20000,0,0,0,0,20000,-20000,-20000
052698,深中小國票99購01,0,0,0,0,0,0,0,0,0,-20000,0,0,0,14000,34000,-20000,-20000
053420,華邦電永豐96購01,0,0,0,0,0,0,0,0,0,-20000,0,0,0,0,20000,-20000,-20000
053435,新光金日盛96購01,0,0,0,0,0,0,0,0,0,-20000,0,0,0,0,20000,-20000,-20000
053361,友達元富99購01  ,0,0,0,0,0,0,0,0,0,-20000,0,0,0,0,20000,-20000,-20000
053358,晶技統一98購01  ,0,0,0,0,0,0,0,0,0,-20000,0,0,0,0,20000,-20000,-20000
053724,聯詠凱基96購04  ,0,0,0,0,0,0,0,0,0,-20000,0,0,0,0,20000,-20000,-20000
053726,TPK凱基96購02   ,0,0,0,0,0,0,0,0,0,-20000,0,0,0,0,20000,-20000,-20000
053729,聯茂凱基96購05  ,0,0,0,0,0,0,0,0,0,-20000,0,0,0,0,20000,-20000,-20000
053590,新光金元大9A購02,0,0,0,0,0,0,0,0,0,-20000,0,0,0,0,20000,-20000,-20000
053529,國巨麥證96購01  ,0,0,0,2000,21000,-19000,0,0,0,-20000,0,0,0,3000,23000,-20000,-20000
051338,揚明光永豐95購02,0,0,0,0,0,0,0,0,0,-20000,0,0,0,10000,30000,-20000,-20000
051472,台積電凱基95購09,0,0,0,0,0,0,0,0,0,-20000,0,0,0,0,20000,-20000,-20000
051626,可成麥證95購02  ,0,0,0,0,20000,-20000,0,0,0,-20000,0,0,0,0,20000,-20000,-20000
051577,台積電元大97購03,0,0,0,0,0,0,0,0,0,-20000,0,0,0,0,20000,-20000,-20000
050526,貿聯元大95購01  ,0,0,0,0,0,0,0,0,0,-20000,0,0,0,63000,83000,-20000,-20000
050628,美律中信94購02  ,0,0,0,0,0,0,0,0,0,-20000,0,0,0,10000,30000,-20000,-20000
050606,劍麟元大94購02  ,0,0,0,0,0,0,0,0,0,-20000,0,0,0,0,20000,-20000,-20000
050787,致伸國泰96購01  ,0,0,0,0,0,0,0,0,0,-20000,0,0,0,0,20000,-20000,-20000
051823,矽力元富95購02  ,0,0,0,0,0,0,0,0,0,-20000,0,0,0,1000,21000,-20000,-20000
051749,矽力國泰97購01  ,0,0,0,0,0,0,0,0,0,-20000,0,0,0,22000,42000,-20000,-20000
051881,上証2X永豐95購02,0,0,0,0,0,0,0,0,0,-20000,0,0,0,0,20000,-20000,-20000
052317,台積電元大96購11,0,0,0,0,0,0,0,0,0,-20000,0,0,0,20000,40000,-20000,-20000
052332,美律亞東96購01  ,0,0,0,0,0,0,0,0,0,-20000,0,0,0,0,20000,-20000,-20000
05233P,台郡台新95售02  ,0,0,0,0,0,0,0,0,0,-20000,0,0,0,122000,142000,-20000,-20000
052226,旺宏凱基95購06  ,0,0,0,0,0,0,0,0,0,-20000,0,0,0,3000,23000,-20000,-20000
2704,國賓            ,22000,42000,-20000,0,0,0,0,0,0,0,0,0,0,0,0,0,-20000
2207,和泰車          ,84281,97825,-13544,0,0,0,2000,0,2000,-9000,0,12000,-12000,3000,0,3000,-20544
05490P,鴻海元大95售23  ,0,0,0,0,0,0,0,0,0,-21000,0,0,0,0,21000,-21000,-21000
054576,健策元大98購03  ,0,0,0,0,0,0,0,0,0,-21000,0,0,0,50000,71000,-21000,-21000
054779,台塑群益98購01  ,0,0,0,0,0,0,0,0,0,-21000,0,0,0,0,21000,-21000,-21000
054409,亞光國票97購02  ,0,0,0,0,0,0,0,0,0,-21000,0,0,0,0,21000,-21000,-21000
053979,健策元大98購01  ,0,0,0,0,0,0,0,0,0,-21000,0,0,0,192000,213000,-21000,-21000
053897,台郡群益96購01  ,0,0,0,0,0,0,0,0,0,-21000,0,0,0,10000,31000,-21000,-21000
05415P,台積電台新95售04,0,0,0,0,0,0,0,0,0,-21000,0,0,0,0,21000,-21000,-21000
055843,美律元大97購02  ,0,0,0,0,0,0,0,0,0,-21000,0,0,0,57000,78000,-21000,-21000
06118P,上証2X凱基98售03,0,0,0,0,0,0,0,0,0,-21000,0,0,0,0,21000,-21000,-21000
046505,聯發科元大92購20,0,0,0,0,0,0,0,0,0,-21000,0,0,0,30000,51000,-21000,-21000
044013,友達凱基93購01  ,0,0,0,0,0,0,0,0,0,-21000,0,0,0,0,21000,-21000,-21000
04366P,全新元富95售01  ,0,0,0,0,0,0,0,0,0,-21000,0,0,0,0,21000,-21000,-21000
045285,禾伸堂永豐92購01,0,0,0,0,0,0,0,0,0,-21000,0,0,0,0,21000,-21000,-21000
045384,強茂元大92購01  ,0,0,0,0,0,0,0,0,0,-21000,0,0,0,51000,72000,-21000,-21000
044875,玉晶光統一93購01,0,0,0,0,0,0,0,0,0,-21000,0,0,0,0,21000,-21000,-21000
045046,冠德凱基92購01  ,0,0,0,0,0,0,0,0,0,-21000,0,0,0,0,21000,-21000,-21000
046704,智原元富93購01  ,0,0,0,0,0,0,0,0,0,-21000,0,0,0,129000,150000,-21000,-21000
046353,聯發科群益92購04,0,0,0,0,0,0,0,0,0,-21000,0,0,0,50000,71000,-21000,-21000
046310,聯發科元大92購15,0,0,0,0,0,0,0,0,0,-21000,0,0,0,3000,24000,-21000,-21000
044761,嘉澤凱基91購07  ,0,0,0,0,0,0,0,0,0,-21000,0,0,0,1000,22000,-21000,-21000
046456,聯發科凱基92購08,0,0,0,0,0,0,0,0,0,-21000,0,0,0,0,21000,-21000,-21000
047879,台積電中信93購04,0,0,0,0,0,0,0,0,0,-21000,0,0,0,0,21000,-21000,-21000
049571,華固統一94購02  ,0,0,0,0,0,0,0,0,0,-21000,0,0,0,0,21000,-21000,-21000
049554,禾伸堂富邦96購01,0,0,0,0,0,0,0,0,0,-21000,0,0,0,0,21000,-21000,-21000
048199,大立光元大94購03,0,0,0,0,0,0,0,0,0,-21000,0,0,0,0,21000,-21000,-21000
049245,和鑫元富95購01  ,0,0,0,0,0,0,0,0,0,-21000,0,0,0,0,21000,-21000,-21000
049665,TPK永昌95購01   ,0,0,0,0,0,0,0,0,0,-21000,0,0,0,0,21000,-21000,-21000
049494,華新科元大95購05,0,0,0,0,0,0,0,0,0,-21000,0,0,0,0,21000,-21000,-21000
047685,嘉聯益國泰95購01,0,0,0,0,0,0,0,0,0,-21000,0,0,0,51000,72000,-21000,-21000
048498,嘉澤元大94購01  ,0,0,0,0,0,0,0,0,0,-21000,0,0,0,91000,112000,-21000,-21000
04846P,旺宏凱基94售07  ,0,0,0,0,0,0,0,0,0,-21000,0,0,0,0,21000,-21000,-21000
050614,聯發科元大95購04,0,0,0,0,0,0,0,0,0,-21000,0,0,0,41000,62000,-21000,-21000
050477,矽力永豐94購01  ,0,0,0,0,0,0,0,0,0,-21000,0,0,0,22000,43000,-21000,-21000
051321,建準國票96購01  ,0,0,0,0,0,0,0,0,0,-21000,0,0,0,3000,24000,-21000,-21000
053655,全新凱基98購02  ,0,0,0,0,0,0,0,0,0,-21000,0,0,0,0,21000,-21000,-21000
053652,友達凱基98購04  ,0,0,0,0,0,0,0,0,0,-21000,0,0,0,0,21000,-21000,-21000
053704,國巨群益96購06  ,0,0,0,0,0,0,0,0,0,-21000,0,0,0,10000,31000,-21000,-21000
053693,欣興元大96購05  ,0,0,0,0,0,0,0,0,0,-21000,0,0,0,22000,43000,-21000,-21000
053810,台達電群益96購01,0,0,0,0,0,0,0,0,0,-21000,0,0,0,0,21000,-21000,-21000
053331,玉晶光永豐97購02,0,0,0,0,0,0,0,0,0,-21000,0,0,0,5000,26000,-21000,-21000
053179,大立光統一96購04,0,0,0,0,0,0,0,0,0,-21000,0,0,0,0,21000,-21000,-21000
053205,台光電麥證96購01,0,0,0,125000,146000,-21000,0,0,0,-21000,0,0,0,125000,146000,-21000,-21000
052742,可成元大96購01  ,0,0,0,0,0,0,0,0,0,-21000,0,0,0,428000,449000,-21000,-21000
052502,瀚宇博永豐95購02,0,0,0,0,0,0,0,0,0,-21000,0,0,0,5000,26000,-21000,-21000
052990,超眾元大97購01  ,0,0,0,0,0,0,0,0,0,-21000,0,0,0,71000,92000,-21000,-21000
053003,國巨永豐96購02  ,0,0,0,0,0,0,0,0,0,-21000,0,0,0,10000,31000,-21000,-21000
053070,訊芯群益96購01  ,0,0,0,0,0,0,0,0,0,-21000,0,0,0,86000,107000,-21000,-21000
2029,盛餘            ,2000,23000,-21000,0,0,0,0,0,0,0,0,0,0,0,0,0,-21000
1592,英瑞-KY         ,9000,30000,-21000,0,0,0,0,0,0,0,0,0,0,0,0,0,-21000
05718P,國巨元大96售09  ,0,0,0,0,0,0,0,0,0,-22000,0,0,0,158000,180000,-22000,-22000
055697,牧德國票98購01  ,0,0,0,0,0,0,0,0,0,-22000,0,0,0,0,22000,-22000,-22000
054128,台積電元大97購10,0,0,0,0,0,0,0,0,0,-22000,0,0,0,76000,98000,-22000,-22000
054419,嘉聯益元大98購02,0,0,0,0,0,0,0,0,0,-22000,0,0,0,38000,60000,-22000,-22000
054604,麗豐台新98購01  ,0,0,0,0,0,0,0,0,0,-22000,0,0,0,8000,30000,-22000,-22000
055118,嘉聯益凱基98購02,0,0,0,0,0,0,0,0,0,-22000,0,0,0,0,22000,-22000,-22000
050045,祥碩兆豐94購01  ,0,0,0,0,0,0,0,0,0,-22000,0,0,0,0,22000,-22000,-22000
046159,群創群益98購04  ,0,0,0,0,0,0,0,0,0,-22000,0,0,0,0,22000,-22000,-22000
046062,遠東新凱基92購02,0,0,0,0,0,0,0,0,0,-22000,0,0,0,0,22000,-22000,-22000
045543,百和群益94購01  ,0,0,0,0,0,0,0,0,0,-22000,0,0,0,0,22000,-22000,-22000
047548,友達凱基99購03  ,0,0,0,0,0,0,0,0,0,-22000,0,0,0,0,22000,-22000,-22000
049090,茂林凱基94購01  ,0,0,0,0,0,0,0,0,0,-22000,0,0,0,0,22000,-22000,-22000
047279,日月光永豐93購01,0,0,0,0,0,0,0,0,0,-22000,0,0,0,65000,87000,-22000,-22000
049854,超眾群益94購02  ,0,0,0,0,0,0,0,0,0,-22000,0,0,0,41000,63000,-22000,-22000
051304,緯創凱基96購01  ,0,0,0,0,0,0,0,0,0,-22000,0,0,0,34000,56000,-22000,-22000
048672,日電貿永豐93購02,0,0,0,0,0,0,0,0,0,-22000,0,0,0,0,22000,-22000,-22000
048762,寶齡凱基94購01  ,0,0,0,0,0,0,0,0,0,-22000,0,0,0,1000,23000,-22000,-22000
047437,旺宏元大94購02  ,0,0,0,0,0,0,0,0,0,-22000,0,0,0,17000,39000,-22000,-22000
047930,嘉澤凱基93購03  ,0,0,0,0,0,0,0,0,0,-22000,0,0,0,0,22000,-22000,-22000
053069,同欣電群益98購01,0,0,0,0,0,0,0,0,0,-22000,0,0,0,113000,135000,-22000,-22000
053006,玉晶光永豐96購03,0,0,0,0,0,0,0,0,0,-22000,0,0,0,10000,32000,-22000,-22000
053066,欣興群益96購02  ,0,0,0,0,0,0,0,0,0,-22000,0,0,0,20000,42000,-22000,-22000
052917,大立光富邦99購02,0,0,0,0,0,0,0,0,0,-22000,0,0,0,65000,87000,-22000,-22000
05255P,義隆凱基95售01  ,0,0,0,0,0,0,0,0,0,-22000,0,0,0,0,22000,-22000,-22000
053273,國巨元大96購08  ,0,0,0,0,0,0,0,0,0,-22000,0,0,0,1000,23000,-22000,-22000
053319,可成群益96購04  ,0,0,0,0,0,0,0,0,0,-22000,0,0,0,2000,24000,-22000,-22000
053784,奇力新元大97購02,0,0,0,0,0,0,0,0,0,-22000,0,0,0,0,22000,-22000,-22000
053656,可成凱基96購06  ,0,0,0,0,0,0,0,0,0,-22000,0,0,0,33000,55000,-22000,-22000
053528,南電中信9A購01  ,0,0,0,0,0,0,0,0,0,-22000,0,0,0,0,22000,-22000,-22000
051401,華新科永豐95購01,0,0,0,0,0,0,0,0,0,-22000,0,0,0,7000,29000,-22000,-22000
051560,玉晶光國泰97購03,0,0,0,0,0,0,0,0,0,-22000,0,0,0,0,22000,-22000,-22000
051937,廣達群益95購01  ,0,0,0,0,0,0,0,0,0,-22000,0,0,0,20000,42000,-22000,-22000
052049,緯創凱基97購01  ,0,0,0,0,0,0,0,0,0,-22000,0,0,0,8000,30000,-22000,-22000
1514,亞力            ,316000,338000,-22000,0,0,0,0,0,0,0,0,0,0,0,0,0,-22000
1608,華榮            ,32000,48000,-16000,0,0,0,0,0,0,-6000,0,6000,-6000,0,0,0,-22000
4552,力達-KY         ,14000,36000,-22000,0,0,0,0,0,0,0,0,0,0,0,0,0,-22000
054939,台積電元大97購15,0,0,0,0,0,0,0,0,0,-23000,0,0,0,0,23000,-23000,-23000
055019,福懋科元富97購01,0,0,0,0,0,0,0,0,0,-23000,0,0,0,0,23000,-23000,-23000
054497,國巨永豐96購05  ,0,0,0,0,0,0,0,0,0,-23000,0,0,0,33000,56000,-23000,-23000
055601,茂林元大97購03  ,0,0,0,0,0,0,0,0,0,-23000,0,0,0,32000,55000,-23000,-23000
055573,國巨統一97購06  ,0,0,0,0,0,0,0,0,0,-23000,0,0,0,0,23000,-23000,-23000
05641P,貿聯元富96售02  ,0,0,0,0,0,0,0,0,0,-23000,0,0,0,0,23000,-23000,-23000
05942P,奇力新凱基96售04,0,0,0,0,0,0,0,0,0,-23000,0,0,0,0,23000,-23000,-23000
045499,技嘉凱基92購02  ,0,0,0,0,0,0,0,0,0,-23000,0,0,0,10000,33000,-23000,-23000
04559P,華通凱基94售03  ,0,0,0,0,0,0,0,0,0,-23000,0,0,0,10000,33000,-23000,-23000
042191,元油2X富邦93購01,0,0,0,0,0,0,0,0,0,-23000,0,0,0,0,23000,-23000,-23000
044500,超眾元大92購03  ,0,0,0,0,0,0,0,0,0,-23000,0,0,0,0,23000,-23000,-23000
03641C,臺股指凱基95牛18,0,0,0,0,0,0,0,0,0,-23000,0,0,0,0,23000,-23000,-23000
046303,台積電元大92購25,0,0,0,0,0,0,0,0,0,-23000,0,0,0,0,23000,-23000,-23000
045776,可成元大92購07  ,0,0,0,0,0,0,0,0,0,-23000,0,0,0,0,23000,-23000,-23000
044774,嘉澤元大91購06  ,0,0,0,0,0,0,0,0,0,-23000,0,0,0,0,23000,-23000,-23000
045967,日電貿凱基92購01,0,0,0,0,0,0,0,0,0,-23000,0,0,0,0,23000,-23000,-23000
048981,牧德元大94購01  ,0,0,0,0,0,0,0,0,0,-23000,0,0,0,62000,85000,-23000,-23000
049417,奇力新凱基94購02,0,0,0,0,0,0,0,0,0,-23000,0,0,0,2000,25000,-23000,-23000
049385,茂林元大94購03  ,0,0,0,0,0,0,0,0,0,-23000,0,0,0,3000,26000,-23000,-23000
049219,聯發科國票95購01,0,0,0,0,0,0,0,0,0,-23000,0,0,0,190000,213000,-23000,-23000
049255,旺宏元大97購02  ,0,0,0,0,0,0,0,0,0,-23000,0,0,0,21000,44000,-23000,-23000
047458,聯發科群益93購08,0,0,0,0,0,0,0,0,0,-23000,0,0,0,0,23000,-23000,-23000
048447,美律凱基93購06  ,0,0,0,0,0,0,0,0,0,-23000,0,0,0,0,23000,-23000,-23000
051988,台光電元大95購01,0,0,0,0,0,0,0,0,0,-23000,0,0,0,58000,81000,-23000,-23000
052341,泰鼎凱基96購02  ,0,0,0,0,0,0,0,0,0,-23000,0,0,0,0,23000,-23000,-23000
052407,樺漢凱基95購01  ,0,0,0,0,0,0,0,0,0,-23000,0,0,0,40000,63000,-23000,-23000
05050P,華通群益96售02  ,0,0,0,0,0,0,0,0,0,-23000,0,0,0,0,23000,-23000,-23000
050853,南電國票96購01  ,0,0,0,0,0,0,0,0,0,-23000,0,0,0,0,23000,-23000,-23000
053595,創意元大96購02  ,0,0,0,0,0,0,0,0,0,-23000,0,0,0,232000,255000,-23000,-23000
053171,中磊群益96購01  ,0,0,0,0,0,0,0,0,0,-23000,0,0,0,148000,171000,-23000,-23000
053165,大立光群益96購03,0,0,0,0,0,0,0,0,0,-23000,0,0,0,5000,28000,-23000,-23000
053129,緯穎凱基96購01  ,0,0,0,0,0,0,0,0,0,-23000,0,0,0,1000,24000,-23000,-23000
05708P,奇力新國票97售04,0,0,0,0,0,0,0,0,0,-24000,0,0,0,0,24000,-24000,-24000
055339,緯穎兆豐98購01  ,0,0,0,0,0,0,0,0,0,-24000,0,0,0,31000,55000,-24000,-24000
054192,國巨中信98購01  ,0,0,0,0,0,0,0,0,0,-24000,0,0,0,51000,75000,-24000,-24000
054315,訊芯凱基98購01  ,0,0,0,0,0,0,0,0,0,-24000,0,0,0,19000,43000,-24000,-24000
05388P,南亞科元大95售04,0,0,0,0,0,0,0,0,0,-24000,0,0,0,35000,59000,-24000,-24000
054987,凱美元富97購01  ,0,0,0,0,0,0,0,0,0,-24000,0,0,0,40000,64000,-24000,-24000
054724,鴻海日盛97購02  ,0,0,0,0,0,0,0,0,0,-24000,0,0,0,0,24000,-24000,-24000
046441,儒鴻兆豐92購01  ,0,0,0,0,0,0,0,0,0,-24000,0,0,0,19000,43000,-24000,-24000
047011,鴻海元富93購01  ,0,0,0,0,0,0,0,0,0,-24000,0,0,0,0,24000,-24000,-24000
045189,大立光元富98購01,0,0,0,0,0,0,0,0,0,-24000,0,0,0,11000,35000,-24000,-24000
046287,禾伸堂兆豐92購01,0,0,0,0,0,0,0,0,0,-24000,0,0,0,0,24000,-24000,-24000
035275,台積電台新97購01,0,0,0,0,0,0,0,0,0,-24000,0,0,0,0,24000,-24000,-24000
051290,大立光統一96購02,0,0,0,0,0,0,0,0,0,-24000,0,0,0,83000,107000,-24000,-24000
051175,國巨凱基95購04  ,0,0,0,0,0,0,0,0,0,-24000,0,0,0,48000,72000,-24000,-24000
047187,亞光元大94購01  ,0,0,0,0,0,0,0,0,0,-24000,0,0,0,18000,42000,-24000,-24000
049005,可成中信95購01  ,0,0,0,0,0,0,0,0,0,-24000,0,0,0,0,24000,-24000,-24000
052978,貿聯麥證97購01  ,0,0,0,0,24000,-24000,0,0,0,-24000,0,0,0,0,24000,-24000,-24000
052500,元翎永豐95購01  ,0,0,0,0,0,0,0,0,0,-24000,0,0,0,0,24000,-24000,-24000
052501,茂林永豐95購04  ,0,0,0,0,0,0,0,0,0,-24000,0,0,0,99000,123000,-24000,-24000
052525,聯詠元大95購06  ,0,0,0,0,0,0,0,0,0,-24000,0,0,0,0,24000,-24000,-24000
052772,台虹群益96購01  ,0,0,0,0,0,0,0,0,0,-24000,0,0,0,21000,45000,-24000,-24000
053407,台積電兆豐96購02,0,0,0,0,0,0,0,0,0,-24000,0,0,0,0,24000,-24000,-24000
052194,旺宏元富95購04  ,0,0,0,0,0,0,0,0,0,-24000,0,0,0,0,24000,-24000,-24000
052124,京鼎國票95購01  ,0,0,0,0,0,0,0,0,0,-24000,0,0,0,0,24000,-24000,-24000
1789,神隆            ,26000,41000,-15000,0,0,0,0,0,0,-9000,0,9000,-9000,0,0,0,-24000
055158,亞光元大99購01  ,0,0,0,0,0,0,0,0,0,-25000,0,0,0,6000,31000,-25000,-25000
053855,康友國泰98購01  ,0,0,0,0,0,0,0,0,0,-25000,0,0,0,317000,342000,-25000,-25000
054117,宏全康和96購01  ,0,0,0,0,0,0,0,0,0,-25000,0,0,0,0,25000,-25000,-25000
054001,康友群益96購02  ,0,0,0,0,0,0,0,0,0,-25000,0,0,0,0,25000,-25000,-25000
054410,國巨元大96購14  ,0,0,0,0,0,0,0,0,0,-25000,0,0,0,43000,68000,-25000,-25000
055276,台積電元大97購20,0,0,0,0,0,0,0,0,0,-25000,0,0,0,60000,85000,-25000,-25000
055190,華新科元富97購01,0,0,0,0,0,0,0,0,0,-25000,0,0,0,30000,55000,-25000,-25000
055487,國巨元大98購07  ,0,0,0,0,0,0,0,0,0,-25000,0,0,0,15000,40000,-25000,-25000
055644,致茂元富97購01  ,0,0,0,0,0,0,0,0,0,-25000,0,0,0,0,25000,-25000,-25000
055664,和大群益98購02  ,0,0,0,0,0,0,0,0,0,-25000,0,0,0,5000,30000,-25000,-25000
05679P,台表科群益96售05,0,0,0,0,0,0,0,0,0,-25000,0,0,0,81000,106000,-25000,-25000
06011P,貿聯元富96售04  ,0,0,0,0,0,0,0,0,0,-25000,0,0,0,0,25000,-25000,-25000
06228P,亞德客凱基97售04,0,0,0,0,0,0,0,0,0,-25000,0,0,0,100000,125000,-25000,-25000
06232P,智易永豐97售01  ,0,0,0,0,0,0,0,0,0,-25000,0,0,0,0,25000,-25000,-25000
06188P,大立光元富97售01,0,0,0,0,0,0,0,0,0,-25000,0,0,0,31000,56000,-25000,-25000
043750,美律元大93購01  ,0,0,0,0,0,0,0,0,0,-25000,0,0,0,228000,253000,-25000,-25000
044401,亞光凱基93購01  ,0,0,0,0,0,0,0,0,0,-25000,0,0,0,0,25000,-25000,-25000
042994,葡萄王元大94購02,0,0,0,0,0,0,0,0,0,-25000,0,0,0,80000,105000,-25000,-25000
042793,台積電台新9C購01,0,0,0,0,0,0,0,0,0,-25000,0,0,0,0,25000,-25000,-25000
044190,聯詠富邦93購01  ,0,0,0,0,0,0,0,0,0,-25000,0,0,0,46000,71000,-25000,-25000
043442,大立光台新01購01,0,0,0,0,0,0,0,0,0,-25000,0,0,0,2000,27000,-25000,-25000
045273,鴻海統一92購02  ,0,0,0,0,0,0,0,0,0,-25000,0,0,0,0,25000,-25000,-25000
044900,建準凱基93購01  ,0,0,0,0,0,0,0,0,0,-25000,0,0,0,0,25000,-25000,-25000
048818,台達電凱基94購01,0,0,0,0,0,0,0,0,0,-25000,0,0,0,22000,47000,-25000,-25000
049396,元油2X群益97購03,0,0,0,0,0,0,0,0,0,-25000,0,0,0,0,25000,-25000,-25000
048204,訊芯元大93購06  ,0,0,0,0,0,0,0,0,0,-25000,0,0,0,40000,65000,-25000,-25000
050233,香港2X凱基96購01,0,0,0,0,0,0,0,0,0,-25000,0,0,0,0,25000,-25000,-25000
047934,GIS凱基94購01   ,0,0,0,0,0,0,0,0,0,-25000,0,0,0,0,25000,-25000,-25000
048281,矽力永豐93購02  ,0,0,0,0,0,0,0,0,0,-25000,0,0,0,27000,52000,-25000,-25000
047159,中磊國票94購01  ,0,0,0,0,0,0,0,0,0,-25000,0,0,0,0,25000,-25000,-25000
047274,華新科永豐93購02,0,0,0,0,0,0,0,0,0,-25000,0,0,0,35000,60000,-25000,-25000
050919,台積電凱基95購03,0,0,0,0,0,0,0,0,0,-25000,0,0,0,0,25000,-25000,-25000
050915,健策中信98購01  ,0,0,0,0,0,0,0,0,0,-25000,0,0,0,0,25000,-25000,-25000
050956,鈺齊群益95購01  ,0,0,0,0,0,0,0,0,0,-25000,0,0,0,58000,83000,-25000,-25000
05108P,欣興中信95售02  ,0,0,0,0,0,0,0,0,0,-25000,0,0,0,0,25000,-25000,-25000
050332,鴻海國泰96購05  ,0,0,0,0,0,0,0,0,0,-25000,0,0,0,1000,26000,-25000,-25000
052214,智伸科元大96購01,0,0,0,0,0,0,0,0,0,-25000,0,0,0,28000,53000,-25000,-25000
052357,揚明光永豐95購03,0,0,0,0,0,0,0,0,0,-25000,0,0,0,0,25000,-25000,-25000
050831,超眾凱基95購01  ,0,0,0,0,0,0,0,0,0,-25000,0,0,0,9000,34000,-25000,-25000
050890,南電富邦99購01  ,0,0,0,0,0,0,0,0,0,-25000,0,0,0,0,25000,-25000,-25000
050620,和碩元大94購04  ,0,0,0,0,0,0,0,0,0,-25000,0,0,0,0,25000,-25000,-25000
050688,大立光日盛94購03,0,0,0,0,0,0,0,0,0,-25000,0,0,0,5000,30000,-25000,-25000
051537,牧德國票96購01  ,0,0,0,0,0,0,0,0,0,-25000,0,0,0,2000,27000,-25000,-25000
053201,美律日盛96購01  ,0,0,0,0,0,0,0,0,0,-25000,0,0,0,56000,81000,-25000,-25000
053199,旺宏日盛96購01  ,0,0,0,0,0,0,0,0,0,-25000,0,0,0,5000,30000,-25000,-25000
053224,矽力凱基96購02  ,0,0,0,0,0,0,0,0,0,-25000,0,0,0,6000,31000,-25000,-25000
053237,揚明光永豐96購03,0,0,0,0,0,0,0,0,0,-25000,0,0,0,0,25000,-25000,-25000
053718,全新凱基97購02  ,0,0,0,0,0,0,0,0,0,-25000,0,0,0,0,25000,-25000,-25000
6409,旭隼            ,104000,129000,-25000,0,0,0,0,0,0,0,0,0,0,0,0,0,-25000
8150,南茂            ,279000,319000,-40000,0,0,0,0,0,0,15000,0,12000,-12000,39000,12000,27000,-25000
055513,旺宏亞東98購01  ,0,0,0,0,0,0,0,0,0,-26000,0,0,0,15000,41000,-26000,-26000
055504,貿聯元大98購04  ,0,0,0,0,0,0,0,0,0,-26000,0,0,0,0,26000,-26000,-26000
055437,禾伸堂中信99購01,0,0,0,0,0,0,0,0,0,-26000,0,0,0,115000,141000,-26000,-26000
054461,台積電凱基97購09,0,0,0,0,0,0,0,0,0,-26000,0,0,0,0,26000,-26000,-26000
054080,微星中信98購01  ,0,0,0,0,0,0,0,0,0,-26000,0,0,0,7000,33000,-26000,-26000
053977,新日興元大96購03,0,0,0,0,0,0,0,0,0,-26000,0,0,0,103000,129000,-26000,-26000
054585,禾伸堂國泰99購01,0,0,0,0,0,0,0,0,0,-26000,0,0,0,45000,71000,-26000,-26000
046318,聯詠元大92購04  ,0,0,0,0,0,0,0,0,0,-26000,0,0,0,0,26000,-26000,-26000
047026,大毅元大93購02  ,0,0,0,0,0,0,0,0,0,-26000,0,0,0,12000,38000,-26000,-26000
050261,國巨元大95購04  ,0,0,0,0,0,0,0,0,0,-26000,0,0,0,57000,83000,-26000,-26000
044513,義隆凱基93購02  ,0,0,0,0,0,0,0,0,0,-26000,0,0,0,26000,52000,-26000,-26000
044290,群創凱基93購05  ,0,0,0,0,0,0,0,0,0,-26000,0,0,0,406000,432000,-26000,-26000
049798,台積電元大94購18,0,0,0,0,0,0,0,0,0,-26000,0,0,0,40000,66000,-26000,-26000
048968,可成元大94購02  ,0,0,0,0,0,0,0,0,0,-26000,0,0,0,0,26000,-26000,-26000
048999,康普國票95購01  ,0,0,0,0,0,0,0,0,0,-26000,0,0,0,0,26000,-26000,-26000
053321,智原群益96購02  ,0,0,0,0,0,0,0,0,0,-26000,0,0,0,29000,55000,-26000,-26000
053229,南電台新97購01  ,0,0,0,0,0,0,0,0,0,-26000,0,0,0,20000,46000,-26000,-26000
053325,GIS群益96購02   ,0,0,0,0,0,0,0,0,0,-26000,0,0,0,46000,72000,-26000,-26000
053482,矽力元大96購03  ,0,0,0,0,0,0,0,0,0,-26000,0,0,0,12000,38000,-26000,-26000
052931,麗豐元大97購01  ,0,0,0,0,0,0,0,0,0,-26000,0,0,0,13000,39000,-26000,-26000
051526,超眾凱基95購02  ,0,0,0,0,0,0,0,0,0,-26000,0,0,0,0,26000,-26000,-26000
051624,智邦麥證95購02  ,0,0,0,25000,51000,-26000,0,0,0,-26000,0,0,0,25000,51000,-26000,-26000
051641,矽創國票96購01  ,0,0,0,0,0,0,0,0,0,-26000,0,0,0,0,26000,-26000,-26000
051458,臺股指元大95購18,0,0,0,0,0,0,0,0,0,-26000,0,0,0,0,26000,-26000,-26000
050680,上銀元富94購01  ,0,0,0,0,0,0,0,0,0,-26000,0,0,0,475000,501000,-26000,-26000
050716,可成群益96購01  ,0,0,0,0,0,0,0,0,0,-26000,0,0,0,50000,76000,-26000,-26000
050864,亞光永豐95購01  ,0,0,0,0,0,0,0,0,0,-26000,0,0,0,2000,28000,-26000,-26000
05199P,訊芯永豐95售02  ,0,0,0,0,0,0,0,0,0,-26000,0,0,0,17000,43000,-26000,-26000
051826,智邦元大95購03  ,0,0,0,0,0,0,0,0,0,-26000,0,0,0,30000,56000,-26000,-26000
2515,中工            ,140000,162000,-22000,0,0,0,0,0,0,-4000,4000,46000,-42000,38000,0,38000,-26000
055109,正崴凱基98購01  ,0,0,0,0,0,0,0,0,0,-27000,0,0,0,0,27000,-27000,-27000
054941,凱美元大97購01  ,0,0,0,0,0,0,0,0,0,-27000,0,0,0,0,27000,-27000,-27000
054165,亞光凱基96購02  ,0,0,0,0,0,0,0,0,0,-27000,0,0,0,83000,110000,-27000,-27000
054401,康普永豐96購01  ,0,0,0,0,0,0,0,0,0,-27000,0,0,0,0,27000,-27000,-27000
044602,大立光國泰93購01,0,0,0,0,0,0,0,0,0,-27000,0,0,0,20000,47000,-27000,-27000
045485,中磊亞東93購01  ,0,0,0,0,0,0,0,0,0,-27000,0,0,0,0,27000,-27000,-27000
046549,康友永豐92購02  ,0,0,0,0,0,0,0,0,0,-27000,0,0,0,1000,28000,-27000,-27000
050424,鴻海凱基96購03  ,0,0,0,0,0,0,0,0,0,-27000,0,0,0,0,27000,-27000,-27000
046872,全新元富93購02  ,0,0,0,0,0,0,0,0,0,-27000,0,0,0,0,27000,-27000,-27000
046101,大立光永豐92購04,0,0,0,0,0,0,0,0,0,-27000,0,0,0,0,27000,-27000,-27000
04506P,旺宏元大94售06  ,0,0,0,0,0,0,0,0,0,-27000,0,0,0,1000,28000,-27000,-27000
045433,康友永豐92購01  ,0,0,0,0,0,0,0,0,0,-27000,0,0,0,2000,29000,-27000,-27000
048735,美利達麥證95購01,0,0,0,36000,60000,-24000,0,0,0,-27000,0,0,0,36000,63000,-27000,-27000
049365,美律元大94購04  ,0,0,0,0,0,0,0,0,0,-27000,0,0,0,1000,28000,-27000,-27000
049473,光罩永豐94購03  ,0,0,0,0,0,0,0,0,0,-27000,0,0,0,32000,59000,-27000,-27000
048170,智原永豐93購02  ,0,0,0,0,0,0,0,0,0,-27000,0,0,0,0,27000,-27000,-27000
049922,禾伸堂元大95購01,0,0,0,0,0,0,0,0,0,-27000,0,0,0,83000,110000,-27000,-27000
051045,南茂永豐95購01  ,0,0,0,0,0,0,0,0,0,-27000,0,0,0,12000,39000,-27000,-27000
050594,康友永豐94購01  ,0,0,0,0,0,0,0,0,0,-27000,0,0,0,9000,36000,-27000,-27000
051152,鴻海國泰97購01  ,0,0,0,0,0,0,0,0,0,-27000,0,0,0,37000,64000,-27000,-27000
051963,利勤永豐95購01  ,0,0,0,0,0,0,0,0,0,-27000,0,0,0,0,27000,-27000,-27000
051969,世紀鋼永豐95購01,0,0,0,0,0,0,0,0,0,-27000,0,0,0,10000,37000,-27000,-27000
052374,瑞昱元大95購02  ,0,0,0,0,0,0,0,0,0,-27000,0,0,0,6000,33000,-27000,-27000
05234P,美食康和95售01  ,0,0,0,0,0,0,0,0,0,-27000,0,0,0,30000,57000,-27000,-27000
052227,瑞昱凱基95購05  ,0,0,0,0,0,0,0,0,0,-27000,0,0,0,5000,32000,-27000,-27000
052242,台達電台新96購01,0,0,0,0,0,0,0,0,0,-27000,0,0,0,0,27000,-27000,-27000
052218,大立光日盛95購01,0,0,0,0,0,0,0,0,0,-27000,0,0,0,0,27000,-27000,-27000
051428,玉晶光統一96購01,0,0,0,0,0,0,0,0,0,-27000,0,0,0,0,27000,-27000,-27000
052854,聯詠日盛96購01  ,0,0,0,0,0,0,0,0,0,-27000,0,0,0,18000,45000,-27000,-27000
053040,全新凱基98購01  ,0,0,0,0,0,0,0,0,0,-27000,0,0,0,0,27000,-27000,-27000
052752,臺股指元大96購06,0,0,0,0,0,0,0,0,0,-27000,0,0,0,1000,28000,-27000,-27000
053231,奇力新康和96購01,0,0,0,0,0,0,0,0,0,-27000,0,0,0,6000,33000,-27000,-27000
2841,台開            ,301000,291000,10000,0,0,0,0,0,0,-37000,0,37000,-37000,0,0,0,-27000
054465,亞光凱基97購01  ,0,0,0,0,0,0,0,0,0,-28000,0,0,0,120000,148000,-28000,-28000
055159,玉晶光元大98購05,0,0,0,0,0,0,0,0,0,-28000,0,0,0,405000,433000,-28000,-28000
055150,台積電元大98購04,0,0,0,0,0,0,0,0,0,-28000,0,0,0,0,28000,-28000,-28000
054592,美律永昌9A購01  ,0,0,0,0,0,0,0,0,0,-28000,0,0,0,2000,30000,-28000,-28000
054861,智邦群益97購01  ,0,0,0,0,0,0,0,0,0,-28000,0,0,0,44000,72000,-28000,-28000
05480P,滬深2X凱基96售05,0,0,0,0,0,0,0,0,0,-28000,0,0,0,22000,50000,-28000,-28000
055508,矽力元大97購01  ,0,0,0,0,0,0,0,0,0,-28000,0,0,0,2000,30000,-28000,-28000
055352,奇力新凱基97購01,0,0,0,0,0,0,0,0,0,-28000,0,0,0,0,28000,-28000,-28000
055184,群創統一98購02  ,0,0,0,0,0,0,0,0,0,-28000,0,0,0,20000,48000,-28000,-28000
055616,智原國票97購03  ,0,0,0,0,0,0,0,0,0,-28000,0,0,0,9000,37000,-28000,-28000
05774P,臺股指凱基99售04,0,0,0,0,0,0,0,0,0,-28000,0,0,0,32000,60000,-28000,-28000
046365,禾伸堂永豐92購02,0,0,0,0,0,0,0,0,0,-28000,0,0,0,0,28000,-28000,-28000
046870,大立光統一95購01,0,0,0,0,0,0,0,0,0,-28000,0,0,0,0,28000,-28000,-28000
044722,滬深2X永豐93購01,0,0,0,0,0,0,0,0,0,-28000,0,0,0,10000,38000,-28000,-28000
046818,奇力新凱基93購04,0,0,0,0,0,0,0,0,0,-28000,0,0,0,0,28000,-28000,-28000
046547,大立光永豐92購05,0,0,0,0,0,0,0,0,0,-28000,0,0,0,0,28000,-28000,-28000
045644,祥碩凱基92購01  ,0,0,0,0,0,0,0,0,0,-28000,0,0,0,2000,30000,-28000,-28000
046603,貿聯群益93購01  ,0,0,0,0,0,0,0,0,0,-28000,0,0,0,20000,48000,-28000,-28000
04447P,上銀凱基94售02  ,0,0,0,0,0,0,0,0,0,-28000,0,0,0,82000,110000,-28000,-28000
044340,TPK統一93購01   ,0,0,0,0,0,0,0,0,0,-28000,0,0,0,0,28000,-28000,-28000
044364,超眾中信94購01  ,0,0,0,0,0,0,0,0,0,-28000,0,0,0,0,28000,-28000,-28000
051291,聯詠統一95購01  ,0,0,0,0,0,0,0,0,0,-28000,0,0,0,12000,40000,-28000,-28000
051128,台表科群益95購02,0,0,0,0,0,0,0,0,0,-28000,0,0,0,112000,140000,-28000,-28000
047135,可成凱基93購05  ,0,0,0,0,0,0,0,0,0,-28000,0,0,0,0,28000,-28000,-28000
049701,聯茂元大94購05  ,0,0,0,0,0,0,0,0,0,-28000,0,0,0,2000,30000,-28000,-28000
047459,全新群益93購02  ,0,0,0,0,0,0,0,0,0,-28000,0,0,0,0,28000,-28000,-28000
049928,祥碩元大94購02  ,0,0,0,0,0,0,0,0,0,-28000,0,0,0,4000,32000,-28000,-28000
049915,瑞昱元大94購07  ,0,0,0,0,0,0,0,0,0,-28000,0,0,0,2000,30000,-28000,-28000
049116,瑞儀統一94購01  ,0,0,0,0,0,0,0,0,0,-28000,0,0,0,0,28000,-28000,-28000
047522,微星元大93購02  ,0,0,0,0,0,0,0,0,0,-28000,0,0,0,10000,38000,-28000,-28000
047534,聯茂元大93購05  ,0,0,0,0,0,0,0,0,0,-28000,0,0,0,0,28000,-28000,-28000
048161,旺宏麥證94購01  ,0,0,0,0,28000,-28000,0,0,0,-28000,0,0,0,0,28000,-28000,-28000
049539,元油2X群益9A購01,0,0,0,0,0,0,0,0,0,-28000,0,0,0,0,28000,-28000,-28000
04831P,聯詠富邦96售01  ,0,0,0,0,0,0,0,0,0,-28000,0,0,0,92000,120000,-28000,-28000
047928,禾伸堂凱基93購04,0,0,0,0,0,0,0,0,0,-28000,0,0,0,0,28000,-28000,-28000
053776,台積電元大96購19,0,0,0,0,0,0,0,0,0,-28000,0,0,0,7000,35000,-28000,-28000
053755,亞光元富96購01  ,0,0,0,0,0,0,0,0,0,-28000,0,0,0,0,28000,-28000,-28000
052714,義隆凱基96購02  ,0,0,0,0,0,0,0,0,0,-28000,0,0,0,127000,155000,-28000,-28000
053008,達方永豐96購01  ,0,0,0,0,0,0,0,0,0,-28000,0,0,0,0,28000,-28000,-28000
053121,上証2X凱基9C購01,0,0,0,0,0,0,0,0,0,-28000,0,0,0,0,28000,-28000,-28000
052888,台表科中信9A購01,0,0,0,0,0,0,0,0,0,-28000,0,0,0,27000,55000,-28000,-28000
052937,國巨兆豐97購01  ,0,0,0,0,0,0,0,0,0,-28000,0,0,0,279000,307000,-28000,-28000
051504,TPK統一95購01   ,0,0,0,0,0,0,0,0,0,-28000,0,0,0,0,28000,-28000,-28000
05217P,鴻海統一95售08  ,0,0,0,0,0,0,0,0,0,-28000,0,0,0,1000,29000,-28000,-28000
2467,志聖            ,27000,54000,-27000,0,0,0,0,0,0,-1000,0,1000,-1000,0,0,0,-28000
8249,菱光            ,5000,33000,-28000,0,0,0,0,0,0,0,0,0,0,0,0,0,-28000
1626,艾美特-KY       ,43000,71831,-28831,0,0,0,0,0,0,0,0,0,0,0,0,0,-28831
1312,國喬            ,165000,196000,-31000,0,0,0,0,0,0,2000,10000,6000,4000,0,2000,-2000,-29000
055680,美律凱基99購01  ,0,0,0,0,0,0,0,0,0,-29000,0,0,0,0,29000,-29000,-29000
05570P,聯發科統一96售04,0,0,0,0,0,0,0,0,0,-29000,0,0,0,16000,45000,-29000,-29000
055419,國巨永豐97購03  ,0,0,0,0,0,0,0,0,0,-29000,0,0,0,0,29000,-29000,-29000
054588,玉晶光國泰99購02,0,0,0,0,0,0,0,0,0,-29000,0,0,0,28000,57000,-29000,-29000
05411P,台積電國票96售08,0,0,0,0,0,0,0,0,0,-29000,0,0,0,47000,76000,-29000,-29000
04456P,日月光統一94售01,0,0,0,0,0,0,0,0,0,-29000,0,0,0,117000,146000,-29000,-29000
043936,和大兆豐92購01  ,0,0,0,0,0,0,0,0,0,-29000,0,0,0,1000,30000,-29000,-29000
046989,可成凱基93購03  ,0,0,0,0,0,0,0,0,0,-29000,0,0,0,20000,49000,-29000,-29000
047040,台勝科群益93購01,0,0,0,0,0,0,0,0,0,-29000,0,0,0,33000,62000,-29000,-29000
044975,台積電國票92購02,0,0,0,0,0,0,0,0,0,-29000,0,0,0,300000,329000,-29000,-29000
05023P,和碩凱基95售01  ,0,0,0,0,0,0,0,0,0,-29000,0,0,0,0,29000,-29000,-29000
049956,國巨統一94購05  ,0,0,0,0,0,0,0,0,0,-29000,0,0,0,14000,43000,-29000,-29000
049923,智原元大95購02  ,0,0,0,0,0,0,0,0,0,-29000,0,0,0,19000,48000,-29000,-29000
051849,旺宏中信98購01  ,0,0,0,0,0,0,0,0,0,-29000,0,0,0,16000,45000,-29000,-29000
050583,瑞儀國票94購01  ,0,0,0,0,0,0,0,0,0,-29000,0,0,0,0,29000,-29000,-29000
052803,冠德元大96購01  ,0,0,0,0,0,0,0,0,0,-29000,0,0,0,0,29000,-29000,-29000
052480,麗豐群益95購01  ,0,0,0,0,0,0,0,0,0,-29000,0,0,0,15000,44000,-29000,-29000
053737,華新科麥證96購01,0,0,0,0,29000,-29000,0,0,0,-29000,0,0,0,0,29000,-29000,-29000
053961,揚明光永豐96購04,0,0,0,0,0,0,0,0,0,-30000,0,0,0,18000,48000,-30000,-30000
054430,上銀台新96購02  ,0,0,0,0,0,0,0,0,0,-30000,0,0,0,11000,41000,-30000,-30000
054357,可成兆豐97購02  ,0,0,0,0,0,0,0,0,0,-30000,0,0,0,0,30000,-30000,-30000
054259,健策元大97購03  ,0,0,0,0,0,0,0,0,0,-30000,0,0,0,68000,98000,-30000,-30000
054590,嘉聯益國泰98購01,0,0,0,0,0,0,0,0,0,-30000,0,0,0,30000,60000,-30000,-30000
054522,康友元大96購07  ,0,0,0,0,0,0,0,0,0,-30000,0,0,0,45000,75000,-30000,-30000
054992,南亞科元富97購02,0,0,0,0,0,0,0,0,0,-30000,0,0,0,0,30000,-30000,-30000
055385,昇陽半元大98購01,0,0,0,0,0,0,0,0,0,-30000,0,0,0,0,30000,-30000,-30000
055289,泰碩元大98購01  ,0,0,0,0,0,0,0,0,0,-30000,0,0,0,0,30000,-30000,-30000
05528P,臺股指群益96售01,0,0,0,0,0,0,0,0,0,-30000,0,0,0,100000,130000,-30000,-30000
05573P,仁寶元富96售02  ,0,0,0,0,0,0,0,0,0,-30000,0,0,0,0,30000,-30000,-30000
055804,祥碩永豐97購02  ,0,0,0,0,0,0,0,0,0,-30000,0,0,0,2000,32000,-30000,-30000
055673,旺宏日盛97購01  ,0,0,0,0,0,0,0,0,0,-30000,0,0,0,0,30000,-30000,-30000
055648,可成元富97購01  ,0,0,0,0,0,0,0,0,0,-30000,0,0,0,0,30000,-30000,-30000
055642,廣宇元富97購01  ,0,0,0,0,0,0,0,0,0,-30000,0,0,0,0,30000,-30000,-30000
06315P,臺股指元富97售02,0,0,0,0,0,0,0,0,0,-30000,0,0,0,0,30000,-30000,-30000
06231P,台積電永豐97售05,0,0,0,0,0,0,0,0,0,-30000,0,0,0,0,30000,-30000,-30000
05692P,聯發科中信9A售02,0,0,0,0,0,0,0,0,0,-30000,0,0,0,0,30000,-30000,-30000
05902P,華通國票96售02  ,0,0,0,0,0,0,0,0,0,-30000,0,0,0,0,30000,-30000,-30000
04508P,臺股指元大94售03,0,0,0,0,0,0,0,0,0,-30000,0,0,0,0,30000,-30000,-30000
044909,玉晶光凱基93購02,0,0,0,0,0,0,0,0,0,-30000,0,0,0,4000,34000,-30000,-30000
044966,台表科中信94購01,0,0,0,0,0,0,0,0,0,-30000,0,0,0,10000,40000,-30000,-30000
045420,台積電凱基92購07,0,0,0,0,0,0,0,0,0,-30000,0,0,0,80000,110000,-30000,-30000
045346,潤泰全凱基92購02,0,0,0,0,0,0,0,0,0,-30000,0,0,0,0,30000,-30000,-30000
045362,A50正2兆豐93購02,0,0,0,0,0,0,0,0,0,-30000,0,0,0,0,30000,-30000,-30000
046065,益航凱基93購02  ,0,0,0,0,0,0,0,0,0,-30000,0,0,0,210000,240000,-30000,-30000
047005,南亞科統一93購03,0,0,0,0,0,0,0,0,0,-30000,0,0,0,60000,90000,-30000,-30000
046894,日月光群益93購01,0,0,0,0,0,0,0,0,0,-30000,0,0,0,10000,40000,-30000,-30000
046959,技嘉中信93購01  ,0,0,0,0,0,0,0,0,0,-30000,0,0,0,0,30000,-30000,-30000
046930,亞光統一93購01  ,0,0,0,0,0,0,0,0,0,-30000,0,0,0,0,30000,-30000,-30000
04682P,臺股指統一96售01,0,0,0,0,0,0,0,0,0,-30000,0,0,0,0,30000,-30000,-30000
046458,大立光凱基92購11,0,0,0,0,0,0,0,0,0,-30000,0,0,0,0,30000,-30000,-30000
046798,元油2X元大96購01,0,0,0,0,0,0,0,0,0,-30000,0,0,0,0,30000,-30000,-30000
049996,元油2X永豐94購05,0,0,0,0,0,0,0,0,0,-30000,0,0,0,10000,40000,-30000,-30000
050286,為升凱基94購05  ,0,0,0,0,0,0,0,0,0,-30000,0,0,0,9000,39000,-30000,-30000
050271,上緯控元大96購01,0,0,0,0,0,0,0,0,0,-30000,0,0,0,0,30000,-30000,-30000
050050,國泰金群益94購02,0,0,0,0,0,0,0,0,0,-30000,0,0,0,20000,50000,-30000,-30000
044095,大立光統一92購01,0,0,0,0,0,0,0,0,0,-30000,0,0,0,0,30000,-30000,-30000
044524,瑞儀凱基93購02  ,0,0,0,0,0,0,0,0,0,-30000,0,0,0,0,30000,-30000,-30000
04181P,嘉晶國票93售04  ,0,0,0,0,0,0,0,0,0,-30000,0,0,0,0,30000,-30000,-30000
04326P,泰鼎元大93售06  ,0,0,0,0,0,0,0,0,0,-30000,0,0,0,0,30000,-30000,-30000
042093,台灣50群益94購02,0,0,0,0,0,0,0,0,0,-30000,0,0,0,89000,119000,-30000,-30000
041976,可成中信92購01  ,0,0,0,0,0,0,0,0,0,-30000,0,0,0,0,30000,-30000,-30000
046667,晶技元大93購01  ,0,0,0,0,0,0,0,0,0,-30000,0,0,0,0,30000,-30000,-30000
042445,上証2X凱基92購04,0,0,0,0,0,0,0,0,0,-30000,0,0,0,0,30000,-30000,-30000
044379,A50正2群益92購01,0,0,0,0,0,0,0,0,0,-30000,0,0,0,1000,31000,-30000,-30000
044355,景碩元大91購02  ,0,0,0,0,0,0,0,0,0,-30000,0,0,0,0,30000,-30000,-30000
044411,A50正2統一93購01,0,0,0,0,0,0,0,0,0,-30000,0,0,0,0,30000,-30000,-30000
04383P,泰鼎國泰95售01  ,0,0,0,0,0,0,0,0,0,-30000,0,0,0,0,30000,-30000,-30000
04127P,聯茂國票93售02  ,0,0,0,0,0,0,0,0,0,-30000,0,0,0,0,30000,-30000,-30000
03716P,大成鋼永豐93售01,0,0,0,0,0,0,0,0,0,-30000,0,0,0,0,30000,-30000,-30000
03400P,滬深2X凱基05售01,0,0,0,0,0,0,0,0,0,-30000,0,0,0,0,30000,-30000,-30000
04038P,聯茂群益93售03  ,0,0,0,0,0,0,0,0,0,-30000,0,0,0,0,30000,-30000,-30000
047465,滬深2X國泰94購01,0,0,0,0,0,0,0,0,0,-30000,0,0,0,0,30000,-30000,-30000
048346,智易元大95購01  ,0,0,0,0,0,0,0,0,0,-30000,0,0,0,0,30000,-30000,-30000
049079,聯發科凱基94購04,0,0,0,0,0,0,0,0,0,-30000,0,0,0,45000,75000,-30000,-30000
047541,深中小凱基94購01,0,0,0,0,0,0,0,0,0,-30000,0,0,0,15000,45000,-30000,-30000
04977P,力成凱基96售01  ,0,0,0,0,0,0,0,0,0,-30000,0,0,0,0,30000,-30000,-30000
047612,瑞昱群益93購03  ,0,0,0,0,0,0,0,0,0,-30000,0,0,0,30000,60000,-30000,-30000
047682,滬深2X國泰94購02,0,0,0,0,0,0,0,0,0,-30000,0,0,0,0,30000,-30000,-30000
047724,智邦群益93購03  ,0,0,0,0,0,0,0,0,0,-30000,0,0,0,20000,50000,-30000,-30000
047127,臻鼎中信95購01  ,0,0,0,0,0,0,0,0,0,-30000,0,0,0,0,30000,-30000,-30000
047281,超眾永豐93購02  ,0,0,0,0,0,0,0,0,0,-30000,0,0,0,0,30000,-30000,-30000
047270,元油2X永豐94購02,0,0,0,0,0,0,0,0,0,-30000,0,0,0,20000,50000,-30000,-30000
050948,華固群益95購01  ,0,0,0,0,0,0,0,0,0,-30000,0,0,0,13000,43000,-30000,-30000
047316,大立光元大94購01,0,0,0,0,0,0,0,0,0,-30000,0,0,0,0,30000,-30000,-30000
051232,貿聯群益95購02  ,0,0,0,0,0,0,0,0,0,-30000,0,0,0,0,30000,-30000,-30000
051094,健策元大96購03  ,0,0,0,0,0,0,0,0,0,-30000,0,0,0,5000,35000,-30000,-30000
051199,鴻海麥證95購03  ,0,0,0,0,30000,-30000,0,0,0,-30000,0,0,0,0,30000,-30000,-30000
048977,晶相光元大94購01,0,0,0,0,0,0,0,0,0,-30000,0,0,0,27000,57000,-30000,-30000
048013,智易國票93購01  ,0,0,0,0,0,0,0,0,0,-30000,0,0,0,0,30000,-30000,-30000
049316,茂林凱基94購02  ,0,0,0,0,0,0,0,0,0,-30000,0,0,0,9000,39000,-30000,-30000
049338,台達電統一94購04,0,0,0,0,0,0,0,0,0,-30000,0,0,0,0,30000,-30000,-30000
049238,元油2X元富96購08,0,0,0,0,0,0,0,0,0,-30000,0,0,0,0,30000,-30000,-30000
048678,統一富邦93購01  ,0,0,0,0,0,0,0,0,0,-30000,0,0,0,106000,136000,-30000,-30000
048664,華新科統一94購01,0,0,0,0,0,0,0,0,0,-30000,0,0,0,15000,45000,-30000,-30000
053552,華新科凱基96購08,0,0,0,0,0,0,0,0,0,-30000,0,0,0,1000,31000,-30000,-30000
053485,矽創國票97購04  ,0,0,0,0,0,0,0,0,0,-30000,0,0,0,0,30000,-30000,-30000
053418,旺宏永豐96購02  ,0,0,0,0,0,0,0,0,0,-30000,0,0,0,30000,60000,-30000,-30000
052615,鴻海國泰98購01  ,0,0,0,0,0,0,0,0,0,-30000,0,0,0,0,30000,-30000,-30000
052930,華新科元大97購03,0,0,0,0,0,0,0,0,0,-30000,0,0,0,0,30000,-30000,-30000
052892,大成鋼群益96購01,0,0,0,0,0,0,0,0,0,-30000,0,0,0,20000,50000,-30000,-30000
053100,美律元富96購01  ,0,0,0,0,0,0,0,0,0,-30000,0,0,0,0,30000,-30000,-30000
050513,亞泥元大94購02  ,0,0,0,0,0,0,0,0,0,-30000,0,0,0,0,30000,-30000,-30000
050697,冠德凱基96購01  ,0,0,0,0,0,0,0,0,0,-30000,0,0,0,0,30000,-30000,-30000
050604,上証2X永昌94購01,0,0,0,0,0,0,0,0,0,-30000,0,0,0,0,30000,-30000,-30000
050778,瑞儀元大96購01  ,0,0,0,0,0,0,0,0,0,-30000,0,0,0,3000,33000,-30000,-30000
051610,GIS群益95購02   ,0,0,0,0,0,0,0,0,0,-30000,0,0,0,10000,40000,-30000,-30000
051435,聯茂元富95購01  ,0,0,0,0,0,0,0,0,0,-30000,0,0,0,8000,38000,-30000,-30000
051408,台積電國票95購03,0,0,0,0,0,0,0,0,0,-30000,0,0,0,0,30000,-30000,-30000
051866,聯發科凱基96購05,0,0,0,0,0,0,0,0,0,-30000,0,0,0,133000,163000,-30000,-30000
052045,瑞昱凱基96購01  ,0,0,0,0,0,0,0,0,0,-30000,0,0,0,7000,37000,-30000,-30000
2606,裕民            ,143000,131000,12000,0,0,0,1000,0,1000,-43000,24000,62000,-38000,0,5000,-5000,-30000
6202,盛群            ,36000,70000,-34000,0,0,0,0,0,0,4000,5000,1000,4000,0,0,0,-30000
055597,禾伸堂元大98購02,0,0,0,0,0,0,0,0,0,-31000,0,0,0,1000,32000,-31000,-31000
055552,瑞昱凱基97購02  ,0,0,0,0,0,0,0,0,0,-31000,0,0,0,8000,39000,-31000,-31000
055264,國巨永豐98購01  ,0,0,0,0,0,0,0,0,0,-31000,0,0,0,0,31000,-31000,-31000
055427,技嘉群益98購01  ,0,0,0,0,0,0,0,0,0,-31000,0,0,0,17000,48000,-31000,-31000
054953,華新科元大97購05,0,0,0,0,0,0,0,0,0,-31000,0,0,0,0,31000,-31000,-31000
055063,玉晶光永豐99購01,0,0,0,0,0,0,0,0,0,-31000,0,0,0,10000,41000,-31000,-31000
054311,世芯凱基96購02  ,0,0,0,0,0,0,0,0,0,-31000,0,0,0,0,31000,-31000,-31000
054385,矽創群益98購01  ,0,0,0,0,0,0,0,0,0,-31000,0,0,0,99000,130000,-31000,-31000
054412,智邦元大96購03  ,0,0,0,0,0,0,0,0,0,-31000,0,0,0,75000,106000,-31000,-31000
04035P,全新群益93售03  ,0,0,0,0,0,0,0,0,0,-31000,0,0,0,0,31000,-31000,-31000
04049P,大立光元大95售02,0,0,0,0,0,0,0,0,0,-31000,0,0,0,69000,100000,-31000,-31000
04466P,大立光元富94售04,0,0,0,0,0,0,0,0,0,-31000,0,0,0,40000,71000,-31000,-31000
046759,聯發科凱基93購06,0,0,0,0,0,0,0,0,0,-31000,0,0,0,1000,32000,-31000,-31000
046189,聯發科凱基92購02,0,0,0,0,0,0,0,0,0,-31000,0,0,0,3000,34000,-31000,-31000
045748,臺股指永豐92購01,0,0,0,0,0,0,0,0,0,-31000,0,0,0,0,31000,-31000,-31000
048695,滬深2X國票95購03,0,0,0,0,0,0,0,0,0,-31000,0,0,0,0,31000,-31000,-31000
048766,禾伸堂凱基94購01,0,0,0,0,0,0,0,0,0,-31000,0,0,0,1000,32000,-31000,-31000
049344,華固統一94購01  ,0,0,0,0,0,0,0,0,0,-31000,0,0,0,0,31000,-31000,-31000
048001,中工元大96購01  ,0,0,0,0,0,0,0,0,0,-31000,0,0,0,10000,41000,-31000,-31000
047926,可成凱基94購02  ,0,0,0,0,0,0,0,0,0,-31000,0,0,0,21000,52000,-31000,-31000
048324,訊芯凱基93購03  ,0,0,0,0,0,0,0,0,0,-31000,0,0,0,0,31000,-31000,-31000
047444,晶技元大93購03  ,0,0,0,0,0,0,0,0,0,-31000,0,0,0,30000,61000,-31000,-31000
047307,儒鴻元大93購04  ,0,0,0,0,0,0,0,0,0,-31000,0,0,0,5000,36000,-31000,-31000
047599,大立光統一93購08,0,0,0,0,0,0,0,0,0,-31000,0,0,0,20000,51000,-31000,-31000
04756P,大立光元富94售08,0,0,0,0,0,0,0,0,0,-31000,0,0,0,30000,61000,-31000,-31000
047549,聯發科凱基93購12,0,0,0,0,0,0,0,0,0,-31000,0,0,0,38000,69000,-31000,-31000
049128,滬深2X元大97購03,0,0,0,0,0,0,0,0,0,-31000,0,0,0,0,31000,-31000,-31000
048371,華固統一93購02  ,0,0,0,0,0,0,0,0,0,-31000,0,0,0,0,31000,-31000,-31000
052414,聯電麥證95購01  ,0,0,0,0,31000,-31000,0,0,0,-31000,0,0,0,0,31000,-31000,-31000
050784,美律國泰96購01  ,0,0,0,0,0,0,0,0,0,-31000,0,0,0,98000,129000,-31000,-31000
050491,旺宏國泰96購01  ,0,0,0,0,0,0,0,0,0,-31000,0,0,0,60000,91000,-31000,-31000
050854,世紀鋼國票97購01,0,0,0,0,0,0,0,0,0,-31000,0,0,0,10000,41000,-31000,-31000
052928,美律元大98購01  ,0,0,0,0,0,0,0,0,0,-31000,0,0,0,174000,205000,-31000,-31000
05298P,上銀元大95售03  ,0,0,0,0,0,0,0,0,0,-31000,0,0,0,50000,81000,-31000,-31000
053687,智邦元大96購02  ,0,0,0,0,0,0,0,0,0,-31000,0,0,0,0,31000,-31000,-31000
8429,金麗-KY         ,6000,35000,-29000,0,0,0,0,0,0,-2000,0,2000,-2000,0,0,0,-31000
3015,全漢            ,8000,37000,-29000,0,0,0,0,0,0,-2000,0,2000,-2000,0,0,0,-31000
2456,奇力新          ,477000,2091514,-1614514,0,0,0,652000,0,652000,931000,905000,156000,749000,209000,27000,182000,-31514
054229,超眾元富96購05  ,0,0,0,0,0,0,0,0,0,-32000,0,0,0,5000,37000,-32000,-32000
054865,可成群益97購01  ,0,0,0,0,0,0,0,0,0,-32000,0,0,0,70000,102000,-32000,-32000
054845,智邦兆豐98購01  ,0,0,0,0,0,0,0,0,0,-32000,0,0,0,146000,178000,-32000,-32000
055429,華新科群益99購01,0,0,0,0,0,0,0,0,0,-32000,0,0,0,0,32000,-32000,-32000
055499,大立光元大98購05,0,0,0,0,0,0,0,0,0,-32000,0,0,0,12000,44000,-32000,-32000
055698,茂林國票98購03  ,0,0,0,0,0,0,0,0,0,-32000,0,0,0,3000,35000,-32000,-32000
06286P,世芯國票97售02  ,0,0,0,0,0,0,0,0,0,-32000,0,0,0,0,32000,-32000,-32000
046282,全新永豐92購01  ,0,0,0,0,0,0,0,0,0,-32000,0,0,0,80000,112000,-32000,-32000
046312,可成元大92購10  ,0,0,0,0,0,0,0,0,0,-32000,0,0,0,10000,42000,-32000,-32000
050064,華新科凱基94購08,0,0,0,0,0,0,0,0,0,-32000,0,0,0,1000,33000,-32000,-32000
049890,嘉澤國泰95購01  ,0,0,0,0,0,0,0,0,0,-32000,0,0,0,85000,117000,-32000,-32000
049765,上証2X元富94購01,0,0,0,0,0,0,0,0,0,-32000,0,0,0,0,32000,-32000,-32000
047655,聯發科兆豐93購02,0,0,0,0,0,0,0,0,0,-32000,0,0,0,18000,50000,-32000,-32000
049849,欣興群益94購04  ,0,0,0,0,0,0,0,0,0,-32000,0,0,0,11000,43000,-32000,-32000
049846,台泥群益94購01  ,0,0,0,0,0,0,0,0,0,-32000,0,0,0,0,32000,-32000,-32000
048316,可成凱基93購15  ,0,0,0,0,0,0,0,0,0,-32000,0,0,0,15000,47000,-32000,-32000
048951,宏全永豐94購01  ,0,0,0,0,0,0,0,0,0,-32000,0,0,0,1000,33000,-32000,-32000
049511,奇力新凱基94購03,0,0,0,0,0,0,0,0,0,-32000,0,0,0,0,32000,-32000,-32000
049307,上銀凱基94購03  ,0,0,0,0,0,0,0,0,0,-32000,0,0,0,37000,69000,-32000,-32000
049286,美律兆豐94購01  ,0,0,0,0,0,0,0,0,0,-32000,0,0,0,160000,192000,-32000,-32000
049644,台積電凱基94購21,0,0,0,0,0,0,0,0,0,-32000,0,0,0,0,32000,-32000,-32000
053709,台達電凱基96購04,0,0,0,0,0,0,0,0,0,-32000,0,0,0,0,32000,-32000,-32000
053778,旺宏元大97購03  ,0,0,0,0,0,0,0,0,0,-32000,0,0,0,212000,244000,-32000,-32000
053562,玉晶光國泰98購02,0,0,0,0,0,0,0,0,0,-32000,0,0,0,31000,63000,-32000,-32000
053573,臺股指統一99購01,0,0,0,0,0,0,0,0,0,-32000,0,0,0,0,32000,-32000,-32000
053610,矽力中信98購01  ,0,0,0,0,0,0,0,0,0,-32000,0,0,0,187000,219000,-32000,-32000
053032,國巨兆豐97購02  ,0,0,0,0,0,0,0,0,0,-32000,0,0,0,167000,199000,-32000,-32000
050817,可成凱基95購01  ,0,0,0,0,0,0,0,0,0,-32000,0,0,0,5000,37000,-32000,-32000
050612,台積電元大95購06,0,0,0,0,0,0,0,0,0,-32000,0,0,0,15000,47000,-32000,-32000
051516,全新凱基96購02  ,0,0,0,0,0,0,0,0,0,-32000,0,0,0,0,32000,-32000,-32000
052286,力成凱基95購02  ,0,0,0,0,0,0,0,0,0,-32000,0,0,0,0,32000,-32000,-32000
052072,健策統一95購02  ,0,0,0,0,0,0,0,0,0,-32000,0,0,0,53000,85000,-32000,-32000
051718,上証2X永豐95購01,0,0,0,0,0,0,0,0,0,-32000,0,0,0,2000,34000,-32000,-32000
05891P,聯發科中信98售03,0,0,0,0,0,0,0,0,0,-33000,0,0,0,9000,42000,-33000,-33000
06012P,世芯國票96售01  ,0,0,0,0,0,0,0,0,0,-33000,0,0,0,0,33000,-33000,-33000
055490,台光電元大97購01,0,0,0,0,0,0,0,0,0,-33000,0,0,0,0,33000,-33000,-33000
055287,日電貿元大97購01,0,0,0,0,0,0,0,0,0,-33000,0,0,0,55000,88000,-33000,-33000
055340,華新科日盛97購01,0,0,0,0,0,0,0,0,0,-33000,0,0,0,9000,42000,-33000,-33000
054659,亞光元大97購02  ,0,0,0,0,0,0,0,0,0,-33000,0,0,0,6000,39000,-33000,-33000
055084,國巨第一97購01  ,0,0,0,0,0,0,0,0,0,-33000,0,0,0,73000,106000,-33000,-33000
054232,台積電群益96購12,0,0,0,0,0,0,0,0,0,-33000,0,0,0,0,33000,-33000,-33000
053936,旺宏元富96購04  ,0,0,0,0,0,0,0,0,0,-33000,0,0,0,0,33000,-33000,-33000
046069,禾伸堂凱基92購01,0,0,0,0,0,0,0,0,0,-33000,0,0,0,1000,34000,-33000,-33000
045365,智邦兆豐93購04  ,0,0,0,0,0,0,0,0,0,-33000,0,0,0,10000,43000,-33000,-33000
044671,台積電兆豐93購01,0,0,0,0,0,0,0,0,0,-33000,0,0,0,23000,56000,-33000,-33000
042068,台灣50富邦93購02,0,0,0,0,0,0,0,0,0,-33000,0,0,0,66000,99000,-33000,-33000
04317P,樺漢國票93售03  ,0,0,0,0,0,0,0,0,0,-33000,0,0,0,0,33000,-33000,-33000
04662P,臺股指國票94售01,0,0,0,0,0,0,0,0,0,-33000,0,0,0,0,33000,-33000,-33000
039727,台積電群益91購02,0,0,0,0,0,0,0,0,0,-33000,0,0,0,0,33000,-33000,-33000
049154,玉晶光元大95購02,0,0,0,0,0,0,0,0,0,-33000,0,0,0,62000,95000,-33000,-33000
048726,儒鴻麥證95購01  ,0,0,0,0,33000,-33000,0,0,0,-33000,0,0,0,0,33000,-33000,-33000
048989,矽格元大94購02  ,0,0,0,0,0,0,0,0,0,-33000,0,0,0,15000,48000,-33000,-33000
04786P,鴻海永昌96售01  ,0,0,0,0,0,0,0,0,0,-33000,0,0,0,0,33000,-33000,-33000
047689,瑞昱富邦97購01  ,0,0,0,0,0,0,0,0,0,-33000,0,0,0,30000,63000,-33000,-33000
049917,華新科元大94購02,0,0,0,0,0,0,0,0,0,-33000,0,0,0,17000,50000,-33000,-33000
049708,滬深2X凱基94購02,0,0,0,0,0,0,0,0,0,-33000,0,0,0,0,33000,-33000,-33000
047496,旺宏台新93購02  ,0,0,0,0,0,0,0,0,0,-33000,0,0,0,0,33000,-33000,-33000
052211,台積電元大95購22,0,0,0,0,0,0,0,0,0,-33000,0,0,0,7000,40000,-33000,-33000
051382,玉晶光群益98購02,0,0,0,0,0,0,0,0,0,-33000,0,0,0,0,33000,-33000,-33000
050774,健策元大96購02  ,0,0,0,0,0,0,0,0,0,-33000,0,0,0,1000,34000,-33000,-33000
052567,台積電凱基96購05,0,0,0,0,0,0,0,0,0,-33000,0,0,0,124000,157000,-33000,-33000
052814,上証2X永豐96購02,0,0,0,0,0,0,0,0,0,-33000,0,0,0,199000,232000,-33000,-33000
052710,玉晶光日盛96購01,0,0,0,0,0,0,0,0,0,-33000,0,0,0,0,33000,-33000,-33000
053733,華邦電中信98購01,0,0,0,0,0,0,0,0,0,-33000,0,0,0,0,33000,-33000,-33000
2030,彰源            ,3000,35000,-32000,0,0,0,0,0,0,-1000,0,1000,-1000,0,0,0,-33000
2059,川湖            ,47000,78000,-31000,0,0,0,0,0,0,-2000,0,1000,-1000,0,1000,-1000,-33000
053995,奇力新群益97購02,0,0,0,0,0,0,0,0,0,-34000,0,0,0,216000,250000,-34000,-34000
054199,大立光永昌96購07,0,0,0,0,0,0,0,0,0,-34000,0,0,0,0,34000,-34000,-34000
05441P,華通元大95售09  ,0,0,0,0,0,0,0,0,0,-34000,0,0,0,16000,50000,-34000,-34000
054494,訊芯台新96購01  ,0,0,0,0,0,0,0,0,0,-34000,0,0,0,0,34000,-34000,-34000
05454P,奇鋐群益95售04  ,0,0,0,0,0,0,0,0,0,-34000,0,0,0,11000,45000,-34000,-34000
055671,世紀鋼群益97購01,0,0,0,0,0,0,0,0,0,-34000,0,0,0,0,34000,-34000,-34000
055551,致茂凱基98購01  ,0,0,0,0,0,0,0,0,0,-34000,0,0,0,54000,88000,-34000,-34000
06032P,健策群益97售03  ,0,0,0,0,0,0,0,0,0,-34000,0,0,0,0,34000,-34000,-34000
03639P,祥碩凱基93售05  ,0,0,0,0,0,0,0,0,0,-34000,0,0,0,0,34000,-34000,-34000
04136P,智邦元大93售09  ,0,0,0,0,0,0,0,0,0,-34000,0,0,0,1000,35000,-34000,-34000
045173,A50正2國票95購01,0,0,0,0,0,0,0,0,0,-34000,0,0,0,0,34000,-34000,-34000
050179,全新元大96購02  ,0,0,0,0,0,0,0,0,0,-34000,0,0,0,227000,261000,-34000,-34000
04716P,中石化凱基94售01,0,0,0,0,0,0,0,0,0,-34000,0,0,0,51000,85000,-34000,-34000
047787,正崴群益93購01  ,0,0,0,0,0,0,0,0,0,-34000,0,0,0,11000,45000,-34000,-34000
050219,台積電元富95購03,0,0,0,0,0,0,0,0,0,-34000,0,0,0,43000,77000,-34000,-34000
048038,樺漢凱基93購03  ,0,0,0,0,0,0,0,0,0,-34000,0,0,0,96000,130000,-34000,-34000
04946P,華通元大94售04  ,0,0,0,0,0,0,0,0,0,-34000,0,0,0,30000,64000,-34000,-34000
053748,燿華永豐96購04  ,0,0,0,0,0,0,0,0,0,-34000,0,0,0,3000,37000,-34000,-34000
053597,牧德元大99購01  ,0,0,0,0,0,0,0,0,0,-34000,0,0,0,49000,83000,-34000,-34000
053665,臺股指凱基96購26,0,0,0,0,0,0,0,0,0,-34000,0,0,0,22000,56000,-34000,-34000
053298,SP黃豆凱基99購01,0,0,0,0,0,0,0,0,0,-34000,0,0,0,30000,64000,-34000,-34000
052744,聯詠元大97購01  ,0,0,0,0,0,0,0,0,0,-34000,0,0,0,0,34000,-34000,-34000
053107,旺宏兆豐97購01  ,0,0,0,0,0,0,0,0,0,-34000,0,0,0,4000,38000,-34000,-34000
050735,亞光台新94購01  ,0,0,0,0,0,0,0,0,0,-34000,0,0,0,0,34000,-34000,-34000
050721,台泥國票94購01  ,0,0,0,0,0,0,0,0,0,-34000,0,0,0,0,34000,-34000,-34000
050496,鴻海富邦96購01  ,0,0,0,0,0,0,0,0,0,-34000,0,0,0,74000,108000,-34000,-34000
051501,康友群益95購02  ,0,0,0,0,0,0,0,0,0,-34000,0,0,0,20000,54000,-34000,-34000
052179,康友元大95購03  ,0,0,0,0,0,0,0,0,0,-34000,0,0,0,299000,333000,-34000,-34000
051737,瑞昱國票96購01  ,0,0,0,0,0,0,0,0,0,-34000,0,0,0,70000,104000,-34000,-34000
6112,聚碩            ,16000,50340,-34340,0,0,0,0,0,0,0,0,0,0,0,0,0,-34340
06029P,聯發科台新96售02,0,0,0,0,0,0,0,0,0,-35000,0,0,0,10000,45000,-35000,-35000
05954P,旺宏國票97售03  ,0,0,0,0,0,0,0,0,0,-35000,0,0,0,12000,47000,-35000,-35000
054260,貿聯元大96購03  ,0,0,0,0,0,0,0,0,0,-35000,0,0,0,1000,36000,-35000,-35000
046150,欣興國票92購02  ,0,0,0,0,0,0,0,0,0,-35000,0,0,0,25000,60000,-35000,-35000
046194,禾伸堂凱基92購02,0,0,0,0,0,0,0,0,0,-35000,0,0,0,1000,36000,-35000,-35000
040987,上証2X凱基92購01,0,0,0,0,0,0,0,0,0,-35000,0,0,0,20000,55000,-35000,-35000
03253P,台灣50國泰03售02,0,0,0,0,0,0,0,0,0,-35000,0,0,0,170000,205000,-35000,-35000
046604,康控群益93購02  ,0,0,0,0,0,0,0,0,0,-35000,0,0,0,35000,70000,-35000,-35000
049410,統一凱基94購02  ,0,0,0,0,0,0,0,0,0,-35000,0,0,0,23000,58000,-35000,-35000
04963P,鴻海元大94售25  ,0,0,0,0,0,0,0,0,0,-35000,0,0,0,15000,50000,-35000,-35000
048837,牧德凱基94購04  ,0,0,0,0,0,0,0,0,0,-35000,0,0,0,101000,136000,-35000,-35000
048844,訊芯凱基94購02  ,0,0,0,0,0,0,0,0,0,-35000,0,0,0,0,35000,-35000,-35000
047886,京元電富邦95購01,0,0,0,0,0,0,0,0,0,-35000,0,0,0,15000,50000,-35000,-35000
047296,日月光元富96購01,0,0,0,0,0,0,0,0,0,-35000,0,0,0,0,35000,-35000,-35000
051198,鴻海麥證95購02  ,0,0,0,0,35000,-35000,0,0,0,-35000,0,0,0,0,35000,-35000,-35000
049736,宏達電群益95購03,0,0,0,0,0,0,0,0,0,-35000,0,0,0,0,35000,-35000,-35000
047576,技嘉群益94購01  ,0,0,0,0,0,0,0,0,0,-35000,0,0,0,8000,43000,-35000,-35000
052136,瑞儀凱基95購01  ,0,0,0,0,0,0,0,0,0,-35000,0,0,0,30000,65000,-35000,-35000
052092,貿聯元大96購02  ,0,0,0,0,0,0,0,0,0,-35000,0,0,0,119000,154000,-35000,-35000
052378,矽力元大96購01  ,0,0,0,0,0,0,0,0,0,-35000,0,0,0,0,35000,-35000,-35000
051647,華新科永豐95購02,0,0,0,0,0,0,0,0,0,-35000,0,0,0,5000,40000,-35000,-35000
051431,群創元富99購02  ,0,0,0,0,0,0,0,0,0,-35000,0,0,0,0,35000,-35000,-35000
052658,友達元富9C購01  ,0,0,0,0,0,0,0,0,0,-35000,0,0,0,0,35000,-35000,-35000
052628,樺漢中信96購01  ,0,0,0,0,0,0,0,0,0,-35000,0,0,0,7000,42000,-35000,-35000
052612,康舒元大97購01  ,0,0,0,0,0,0,0,0,0,-35000,0,0,0,38000,73000,-35000,-35000
053235,智原永豐96購01  ,0,0,0,0,0,0,0,0,0,-35000,0,0,0,45000,80000,-35000,-35000
2038,海光            ,1000,36000,-35000,0,0,0,0,0,0,0,0,0,0,0,0,0,-35000
2477,美隆電          ,2000,35000,-33000,0,0,0,0,0,0,-2000,0,2000,-2000,0,0,0,-35000
3605,宏致            ,40000,73000,-33000,0,0,0,0,0,0,-2000,0,2000,-2000,0,0,0,-35000
055067,禾聯碩永豐97購01,0,0,0,0,0,0,0,0,0,-36000,0,0,0,0,36000,-36000,-36000
044126,奇力新凱基93購01,0,0,0,0,0,0,0,0,0,-36000,0,0,0,15000,51000,-36000,-36000
049745,國巨永豐94購04  ,0,0,0,0,0,0,0,0,0,-36000,0,0,0,230000,266000,-36000,-36000
048408,正文群益93購01  ,0,0,0,0,0,0,0,0,0,-36000,0,0,0,20000,56000,-36000,-36000
047354,訊芯凱基94購01  ,0,0,0,0,0,0,0,0,0,-36000,0,0,0,2000,38000,-36000,-36000
048978,晶相光元大94購02,0,0,0,0,0,0,0,0,0,-36000,0,0,0,22000,58000,-36000,-36000
047960,鈺齊永豐93購01  ,0,0,0,0,0,0,0,0,0,-36000,0,0,0,20000,56000,-36000,-36000
047368,南電群益93購01  ,0,0,0,0,0,0,0,0,0,-36000,0,0,0,22000,58000,-36000,-36000
048901,矽格國泰95購01  ,0,0,0,0,0,0,0,0,0,-36000,0,0,0,249000,285000,-36000,-36000
049477,泰鼎永豐94購01  ,0,0,0,0,0,0,0,0,0,-36000,0,0,0,161000,197000,-36000,-36000
049379,智原元大95購01  ,0,0,0,0,0,0,0,0,0,-36000,0,0,0,0,36000,-36000,-36000
051567,台積電富邦95購06,5000,0,5000,0,0,0,0,0,0,-41000,0,0,0,2000,43000,-41000,-36000
051552,牧德永豐95購03  ,0,0,0,0,0,0,0,0,0,-36000,0,0,0,26000,62000,-36000,-36000
050819,宏達電凱基95購01,0,0,0,0,0,0,0,0,0,-36000,0,0,0,0,36000,-36000,-36000
052402,健策凱基97購01  ,0,0,0,0,0,0,0,0,0,-36000,0,0,0,144000,180000,-36000,-36000
2545,皇翔            ,20000,55000,-35000,0,0,0,0,0,0,-1000,0,1000,-1000,0,0,0,-36000
2430,燦坤            ,1000,37000,-36000,0,0,0,0,0,0,0,0,0,0,0,0,0,-36000
2423,固緯            ,3000,16000,-13000,0,0,0,0,0,0,-23000,0,23000,-23000,0,0,0,-36000
2374,佳能            ,9000,41000,-32000,0,0,0,0,0,0,-4000,0,4000,-4000,0,0,0,-36000
1531,高林股          ,1000,36000,-35000,0,0,0,0,0,0,-1000,0,1000,-1000,0,0,0,-36000
5285,界霖            ,44000,78000,-34000,0,0,0,0,0,0,-2000,0,2000,-2000,0,0,0,-36000
055030,帆宣國泰99購02  ,0,0,0,0,0,0,0,0,0,-37000,0,0,0,23000,60000,-37000,-37000
054112,台積電麥證96購02,0,0,0,10000,47000,-37000,0,0,0,-37000,0,0,0,10000,47000,-37000,-37000
1449,佳和            ,5000,42000,-37000,0,0,0,0,0,0,0,0,0,0,0,0,0,-37000
042712,元石油國票95購01,0,0,0,0,0,0,0,0,0,-37000,0,0,0,25000,62000,-37000,-37000
045230,嘉聯益元大93購01,0,0,0,0,0,0,0,0,0,-37000,0,0,0,0,37000,-37000,-37000
044861,玉晶光兆豐93購01,0,0,0,0,0,0,0,0,0,-37000,0,0,0,0,37000,-37000,-37000
049493,可成元大94購05  ,0,0,0,0,0,0,0,0,0,-37000,0,0,0,0,37000,-37000,-37000
049489,美律元大94購05  ,0,0,0,0,0,0,0,0,0,-37000,0,0,0,0,37000,-37000,-37000
048867,台積電兆豐95購01,0,0,0,0,0,0,0,0,0,-37000,0,0,0,0,37000,-37000,-37000
048139,南電國票94購02  ,0,0,0,0,0,0,0,0,0,-37000,0,0,0,0,37000,-37000,-37000
048974,日電貿元大94購01,0,0,0,0,0,0,0,0,0,-37000,0,0,0,3000,40000,-37000,-37000
047493,旺宏元富96購01  ,0,0,0,0,0,0,0,0,0,-37000,0,0,0,10000,47000,-37000,-37000
048352,嘉澤台新93購01  ,0,0,0,0,0,0,0,0,0,-37000,0,0,0,196000,233000,-37000,-37000
052336,矽力日盛95購01  ,0,0,0,0,0,0,0,0,0,-37000,0,0,0,0,37000,-37000,-37000
053427,鎧勝永豐96購02  ,0,0,0,0,0,0,0,0,0,-37000,0,0,0,0,37000,-37000,-37000
053636,全新永豐96購02  ,0,0,0,0,0,0,0,0,0,-37000,0,0,0,18000,55000,-37000,-37000
053555,日月光凱基97購01,0,0,0,0,0,0,0,0,0,-37000,0,0,0,0,37000,-37000,-37000
052778,智原國票97購01  ,0,0,0,0,0,0,0,0,0,-37000,0,0,0,0,37000,-37000,-37000
053056,同欣電國票97購01,0,0,0,0,0,0,0,0,0,-37000,0,0,0,0,37000,-37000,-37000
3596,智易            ,127000,176805,-49805,0,0,0,0,0,0,12000,5000,3000,2000,25000,15000,10000,-37805
1321,大洋            ,10000,48000,-38000,0,0,0,0,0,0,0,0,0,0,0,0,0,-38000
05731P,創意統一96售03  ,0,0,0,0,0,0,0,0,0,-38000,0,0,0,0,38000,-38000,-38000
055579,健策統一9A購01  ,0,0,0,0,0,0,0,0,0,-38000,0,0,0,0,38000,-38000,-38000
054160,華泰凱基98購01  ,0,0,0,0,0,0,0,0,0,-38000,0,0,0,2000,40000,-38000,-38000
054095,同欣電群益98購03,0,0,0,0,0,0,0,0,0,-38000,0,0,0,47000,85000,-38000,-38000
053846,友達元富99購02  ,0,0,0,0,0,0,0,0,0,-38000,0,0,0,0,38000,-38000,-38000
054252,奇力新元大96購04,0,0,0,0,0,0,0,0,0,-38000,0,0,0,63000,101000,-38000,-38000
054450,聯茂第一96購01  ,0,0,0,0,0,0,0,0,0,-38000,0,0,0,100000,138000,-38000,-38000
054883,億光統一97購01  ,0,0,0,0,0,0,0,0,0,-38000,0,0,0,111000,149000,-38000,-38000
046209,全新元富92購01  ,0,0,0,0,0,0,0,0,0,-38000,0,0,0,0,38000,-38000,-38000
046792,京元電元富96購01,0,0,0,0,0,0,0,0,0,-38000,0,0,0,2000,40000,-38000,-38000
046890,瑞昱群益93購02  ,0,0,0,0,0,0,0,0,0,-38000,0,0,0,12000,50000,-38000,-38000
03982P,智易國票94售02  ,0,0,0,0,0,0,0,0,0,-38000,0,0,0,0,38000,-38000,-38000
049053,可成永豐94購01  ,0,0,0,0,0,0,0,0,0,-38000,0,0,0,12000,50000,-38000,-38000
047445,創意元大93購04  ,0,0,0,0,0,0,0,0,0,-38000,0,0,0,75000,113000,-38000,-38000
047639,聯發科元大93購16,0,0,0,0,0,0,0,0,0,-38000,0,0,0,87000,125000,-38000,-38000
049819,百和元大94購02  ,0,0,0,0,0,0,0,0,0,-38000,0,0,0,2000,40000,-38000,-38000
047349,可成凱基93購06  ,0,0,0,0,0,0,0,0,0,-38000,0,0,0,0,38000,-38000,-38000
050930,矽格凱基95購01  ,0,0,0,0,0,0,0,0,0,-38000,0,0,0,2000,40000,-38000,-38000
047197,美律統一94購01  ,0,0,0,0,0,0,0,0,0,-38000,0,0,0,130000,168000,-38000,-38000
04951P,緯創中信94售01  ,0,0,0,0,0,0,0,0,0,-38000,0,0,0,12000,50000,-38000,-38000
049546,正崴群益94購01  ,0,0,0,0,0,0,0,0,0,-38000,0,0,0,20000,58000,-38000,-38000
048084,華通凱基93購05  ,0,0,0,0,0,0,0,0,0,-38000,0,0,0,6000,44000,-38000,-38000
049041,和鑫兆豐94購01  ,0,0,0,0,0,0,0,0,0,-38000,0,0,0,123000,161000,-38000,-38000
052952,矽創國票97購02  ,0,0,0,0,0,0,0,0,0,-38000,0,0,0,0,38000,-38000,-38000
053378,台積電元大98購02,0,0,0,0,0,0,0,0,0,-38000,0,0,0,23000,61000,-38000,-38000
052172,致茂元大95購01  ,0,0,0,0,0,0,0,0,0,-38000,0,0,0,3000,41000,-38000,-38000
051484,玉晶光凱基97購01,0,0,0,0,0,0,0,0,0,-38000,0,0,0,9000,47000,-38000,-38000
2208,台船            ,30000,54000,-24000,0,0,0,0,0,0,-14000,0,14000,-14000,0,0,0,-38000
6165,捷泰            ,23000,61000,-38000,0,0,0,0,0,0,0,0,0,0,0,0,0,-38000
06013P,世芯國泰97售03  ,0,0,0,0,0,0,0,0,0,-39000,0,0,0,156000,195000,-39000,-39000
036628,統一台新99購01  ,0,0,0,0,0,0,0,0,0,-39000,0,0,0,0,39000,-39000,-39000
043580,大立光元富94購01,0,0,0,0,0,0,0,0,0,-39000,0,0,0,0,39000,-39000,-39000
04353P,全新永豐94售01  ,0,0,0,0,0,0,0,0,0,-39000,0,0,0,0,39000,-39000,-39000
045465,冠德元大92購01  ,0,0,0,0,0,0,0,0,0,-39000,0,0,0,0,39000,-39000,-39000
045703,技嘉日盛92購01  ,0,0,0,0,0,0,0,0,0,-39000,0,0,0,0,39000,-39000,-39000
044906,晶技凱基91購01  ,0,0,0,0,0,0,0,0,0,-39000,0,0,0,1000,40000,-39000,-39000
045185,致伸統一94購01  ,0,0,0,0,0,0,0,0,0,-39000,0,0,0,0,39000,-39000,-39000
045352,亞光凱基92購03  ,0,0,0,0,0,0,0,0,0,-39000,0,0,0,5000,44000,-39000,-39000
048986,訊連元大94購01  ,0,0,0,0,0,0,0,0,0,-39000,0,0,0,0,39000,-39000,-39000
048645,創意元大94購02  ,0,0,0,0,0,0,0,0,0,-39000,0,0,0,143000,182000,-39000,-39000
049480,同欣電永豐94購01,0,0,0,0,0,0,0,0,0,-39000,0,0,0,94000,133000,-39000,-39000
047924,可成凱基93購10  ,0,0,0,0,0,0,0,0,0,-39000,0,0,0,0,39000,-39000,-39000
05092P,全新元大95售03  ,0,0,0,0,0,0,0,0,0,-39000,0,0,0,0,39000,-39000,-39000
051142,臺股指永豐95購02,0,0,0,0,0,0,0,0,0,-39000,0,0,0,0,39000,-39000,-39000
048453,嘉澤凱基93購05  ,0,0,0,0,0,0,0,0,0,-39000,0,0,0,146000,185000,-39000,-39000
048429,旺宏國票94購02  ,0,0,0,0,0,0,0,0,0,-39000,0,0,0,12000,51000,-39000,-39000
050745,茂林永豐94購06  ,0,0,0,0,0,0,0,0,0,-39000,0,0,0,40000,79000,-39000,-39000
051788,奇力新國票97購02,0,0,0,0,0,0,0,0,0,-39000,0,0,0,1000,40000,-39000,-39000
051895,聯茂元富95購02  ,0,0,0,0,0,0,0,0,0,-39000,0,0,0,0,39000,-39000,-39000
053542,超眾永豐96購01  ,0,0,0,0,0,0,0,0,0,-39000,0,0,0,40000,79000,-39000,-39000
053616,奇力新群益97購01,0,0,0,0,0,0,0,0,0,-39000,0,0,0,52000,91000,-39000,-39000
052831,華固群益96購01  ,0,0,0,0,0,0,0,0,0,-39000,0,0,0,10000,49000,-39000,-39000
052711,滬深2X凱基97購01,0,0,0,0,0,0,0,0,0,-39000,0,0,0,101000,140000,-39000,-39000
05832P,臺股指元富96售04,0,0,0,0,0,0,0,0,0,-40000,0,0,0,0,40000,-40000,-40000
06080P,景碩群益98售02  ,0,0,0,0,0,0,0,0,0,-40000,0,0,0,21000,61000,-40000,-40000
054623,華新科第一97購01,0,0,0,0,0,0,0,0,0,-40000,0,0,0,399000,439000,-40000,-40000
054842,台達電兆豐98購01,0,0,0,0,0,0,0,0,0,-40000,0,0,0,0,40000,-40000,-40000
054714,和鑫台新98購01  ,0,0,0,0,0,0,0,0,0,-40000,0,0,0,8000,48000,-40000,-40000
054706,TPK亞東97購01   ,0,0,0,0,0,0,0,0,0,-40000,0,0,0,0,40000,-40000,-40000
054692,台航永豐97購01  ,0,0,0,0,0,0,0,0,0,-40000,0,0,0,0,40000,-40000,-40000
054137,聯詠元大97購02  ,0,0,0,0,0,0,0,0,0,-40000,0,0,0,60000,100000,-40000,-40000
046213,可成統一92購06  ,0,0,0,0,0,0,0,0,0,-40000,0,0,0,11000,51000,-40000,-40000
046085,儒鴻麥證92購01  ,0,0,0,0,40000,-40000,0,0,0,-40000,0,0,0,0,40000,-40000,-40000
04585P,楠梓電永豐94售02,0,0,0,0,0,0,0,0,0,-40000,0,0,0,10000,50000,-40000,-40000
044800,華邦電凱基93購02,0,0,0,0,0,0,0,0,0,-40000,0,0,0,0,40000,-40000,-40000
049974,聯發科日盛94購02,0,0,0,0,0,0,0,0,0,-40000,0,0,0,4000,44000,-40000,-40000
046605,瀚宇博群益93購01,0,0,0,0,0,0,0,0,0,-40000,0,0,0,0,40000,-40000,-40000
04183P,大成鋼統一93售03,0,0,0,0,0,0,0,0,0,-40000,0,0,0,0,40000,-40000,-40000
044639,京元電元富94購01,0,0,0,0,0,0,0,0,0,-40000,0,0,0,70000,110000,-40000,-40000
043719,國巨統一93購02  ,0,0,0,0,0,0,0,0,0,-40000,0,0,0,0,40000,-40000,-40000
03832P,臺股指中信95售03,0,0,0,0,0,0,0,0,0,-40000,0,0,0,0,40000,-40000,-40000
041473,滬深2X群益93購01,0,0,0,0,0,0,0,0,0,-40000,0,0,0,0,40000,-40000,-40000
048431,瑞昱國票94購01  ,0,0,0,0,0,0,0,0,0,-40000,0,0,0,0,40000,-40000,-40000
050318,景碩國票94購02  ,0,0,0,0,0,0,0,0,0,-40000,0,0,0,0,40000,-40000,-40000
047453,電子類元大93購04,0,0,0,0,0,0,0,0,0,-40000,0,0,0,10000,50000,-40000,-40000
049047,台達電台新94購01,0,0,0,0,0,0,0,0,0,-40000,0,0,0,0,40000,-40000,-40000
051114,鈺齊中信95購01  ,0,0,0,0,0,0,0,0,0,-40000,0,0,0,0,40000,-40000,-40000
051230,聯詠群益95購01  ,0,0,0,0,0,0,0,0,0,-40000,0,0,0,33000,73000,-40000,-40000
050964,晶技永豐95購02  ,0,0,0,0,0,0,0,0,0,-40000,0,0,0,0,40000,-40000,-40000
050649,華新科凱基96購01,0,0,0,0,0,0,0,0,0,-40000,0,0,0,0,40000,-40000,-40000
04806P,臻鼎元富94售06  ,0,0,0,0,0,0,0,0,0,-40000,0,0,0,0,40000,-40000,-40000
048118,百和群益94購03  ,0,0,0,0,0,0,0,0,0,-40000,0,0,0,16000,56000,-40000,-40000
05020P,廣達中信95售01  ,0,0,0,0,0,0,0,0,0,-40000,0,0,0,0,40000,-40000,-40000
049427,瑞昱兆豐94購01  ,0,0,0,0,0,0,0,0,0,-40000,0,0,0,0,40000,-40000,-40000
049169,統一凱基94購01  ,0,0,0,0,0,0,0,0,0,-40000,0,0,0,0,40000,-40000,-40000
048851,台達電群益94購01,0,0,0,0,0,0,0,0,0,-40000,0,0,0,0,40000,-40000,-40000
052636,大立光凱基96購10,0,0,0,0,0,0,0,0,0,-40000,0,0,0,0,40000,-40000,-40000
052573,智伸科凱基97購01,0,0,0,0,0,0,0,0,0,-40000,0,0,0,0,40000,-40000,-40000
052900,大成鋼國票97購01,0,0,0,0,0,0,0,0,0,-40000,0,0,0,17000,57000,-40000,-40000
053799,矽創中信9A購01  ,0,0,0,0,0,0,0,0,0,-40000,0,0,0,0,40000,-40000,-40000
053381,友達元大9A購02  ,0,0,0,0,0,0,0,0,0,-40000,0,0,0,10000,50000,-40000,-40000
053455,台光電元富96購02,0,0,0,0,0,0,0,0,0,-40000,0,0,0,0,40000,-40000,-40000
053190,聯發科統一99購01,0,0,0,0,0,0,0,0,0,-40000,0,0,0,0,40000,-40000,-40000
053183,大立光元富96購03,0,0,0,0,0,0,0,0,0,-40000,0,0,0,5000,45000,-40000,-40000
053272,鴻海元大96購17  ,0,0,0,0,0,0,0,0,0,-40000,0,0,0,0,40000,-40000,-40000
05193P,台郡台新95售01  ,0,0,0,0,0,0,0,0,0,-40000,0,0,0,111000,151000,-40000,-40000
052200,台光電統一95購02,0,0,0,0,0,0,0,0,0,-40000,0,0,0,10000,50000,-40000,-40000
052346,訊芯凱基95購01  ,0,0,0,0,0,0,0,0,0,-40000,0,0,0,0,40000,-40000,-40000
052309,健策國泰97購01  ,0,0,0,0,0,0,0,0,0,-40000,0,0,0,30000,70000,-40000,-40000
052439,寶成富邦97購01  ,0,0,0,0,0,0,0,0,0,-40000,0,0,0,0,40000,-40000,-40000
051559,宏達電國泰96購01,0,0,0,0,0,0,0,0,0,-40000,0,0,0,0,40000,-40000,-40000
5525,順天            ,2000,42000,-40000,0,0,0,0,0,0,0,0,0,0,0,0,0,-40000
053868,群創元大99購02  ,0,0,0,0,0,0,0,0,0,-41000,0,0,0,30000,71000,-41000,-41000
05396P,台郡元大95售05  ,0,0,0,0,0,0,0,0,0,-41000,0,0,0,1000,42000,-41000,-41000
054445,技嘉兆豐96購01  ,0,0,0,0,0,0,0,0,0,-41000,0,0,0,13000,54000,-41000,-41000
054416,禾伸堂元大97購01,0,0,0,0,0,0,0,0,0,-41000,0,0,0,10000,51000,-41000,-41000
054363,世芯凱基97購01  ,0,0,0,0,0,0,0,0,0,-41000,0,0,0,5000,46000,-41000,-41000
055008,隆達元富97購01  ,0,0,0,0,0,0,0,0,0,-41000,0,0,0,0,41000,-41000,-41000
055742,健策元富97購02  ,0,0,0,0,0,0,0,0,0,-41000,0,0,0,0,41000,-41000,-41000
055744,茂林元富97購02  ,0,0,0,0,0,0,0,0,0,-41000,0,0,0,0,41000,-41000,-41000
03109P,台積電元大01售41,0,0,0,0,0,0,0,0,0,-41000,0,0,0,0,41000,-41000,-41000
00710B,FH彭博高收益債  ,0,0,0,0,0,0,0,0,0,-41000,0,0,0,100000,141000,-41000,-41000
045255,華邦電凱基93購03,0,0,0,0,0,0,0,0,0,-41000,0,0,0,3000,44000,-41000,-41000
051099,台郡元大95購03  ,0,0,0,0,0,0,0,0,0,-41000,0,0,0,28000,69000,-41000,-41000
051042,中磊永豐95購01  ,0,0,0,0,0,0,0,0,0,-41000,0,0,0,70000,111000,-41000,-41000
051088,台積電元大95購09,0,0,0,0,0,0,0,0,0,-41000,0,0,0,26000,67000,-41000,-41000
050670,牧德永豐94購03  ,0,0,0,0,0,0,0,0,0,-41000,0,0,0,87000,128000,-41000,-41000
049123,可成元富94購01  ,0,0,0,0,0,0,0,0,0,-41000,0,0,0,0,41000,-41000,-41000
050387,鴻海統一94購08  ,0,0,0,0,0,0,0,0,0,-41000,0,0,0,53000,94000,-41000,-41000
051550,日電貿永豐95購01,0,0,0,0,0,0,0,0,0,-41000,0,0,0,0,41000,-41000,-41000
051650,矽力永豐95購01  ,0,0,0,0,0,0,0,0,0,-41000,0,0,0,19000,60000,-41000,-41000
052371,元金2X元大95購01,0,0,0,0,0,0,0,0,0,-41000,0,0,0,0,41000,-41000,-41000
051962,晶相光永豐95購02,0,0,0,0,0,0,0,0,0,-41000,0,0,0,245000,286000,-41000,-41000
051769,矽力元大95購01  ,0,0,0,0,0,0,0,0,0,-41000,0,0,0,0,41000,-41000,-41000
053276,友達元大9C購01  ,0,0,0,0,0,0,0,0,0,-41000,0,0,0,10000,51000,-41000,-41000
053456,大立光元富96購04,0,0,0,0,0,0,0,0,0,-41000,0,0,0,0,41000,-41000,-41000
053442,光罩凱基96購01  ,0,0,0,0,0,0,0,0,0,-41000,0,0,0,30000,71000,-41000,-41000
053338,台光電國票97購01,0,0,0,0,0,0,0,0,0,-41000,0,0,0,0,41000,-41000,-41000
053781,友達元大9B購03  ,0,0,0,0,0,0,0,0,0,-41000,0,0,0,10000,51000,-41000,-41000
052879,滬深2X凱基97購02,0,0,0,0,0,0,0,0,0,-41000,0,0,0,0,41000,-41000,-41000
052874,超眾凱基96購01  ,0,0,0,0,0,0,0,0,0,-41000,0,0,0,26000,67000,-41000,-41000
9919,康那香          ,3000,57000,-54000,0,0,0,0,0,0,13000,13000,0,13000,0,0,0,-41000
3622,洋華            ,43000,48000,-5000,0,0,0,0,0,0,-36000,0,36000,-36000,0,0,0,-41000
055638,上銀元富97購01  ,0,0,0,0,0,0,0,0,0,-42000,0,0,0,13000,55000,-42000,-42000
055502,群創元大9C購03  ,0,0,0,0,0,0,0,0,0,-42000,0,0,0,13000,55000,-42000,-42000
1215,卜蜂            ,81000,126000,-45000,0,0,0,0,0,0,3000,5000,2000,3000,0,0,0,-42000
054921,文曄凱基97購01  ,0,0,0,0,0,0,0,0,0,-42000,0,0,0,0,42000,-42000,-42000
05412P,泰碩國票95售02  ,0,0,0,0,0,0,0,0,0,-42000,0,0,0,0,42000,-42000,-42000
045233,神基日盛92購01  ,0,0,0,0,0,0,0,0,0,-42000,0,0,0,0,42000,-42000,-42000
045376,友訊元大93購01  ,0,0,0,0,0,0,0,0,0,-42000,0,0,0,0,42000,-42000,-42000
047064,致伸凱基93購03  ,0,0,0,0,0,0,0,0,0,-42000,0,0,0,0,42000,-42000,-42000
041210,群創元富93購01  ,0,0,0,0,0,0,0,0,0,-42000,0,0,0,38000,80000,-42000,-42000
047675,群創元富96購03  ,0,0,0,0,0,0,0,0,0,-42000,0,0,0,8000,50000,-42000,-42000
048452,緯創凱基93購04  ,0,0,0,0,0,0,0,0,0,-42000,0,0,0,8000,50000,-42000,-42000
051017,聯發科凱基95購04,0,0,0,0,0,0,0,0,0,-42000,0,0,0,75000,117000,-42000,-42000
047246,華新科群益93購01,0,0,0,0,0,0,0,0,0,-42000,0,0,0,4000,46000,-42000,-42000
049147,美律元大94購02  ,0,0,0,0,0,0,0,0,0,-42000,0,0,0,52000,94000,-42000,-42000
047925,可成凱基94購01  ,0,0,0,0,0,0,0,0,0,-42000,0,0,0,49000,91000,-42000,-42000
052848,聯發科統一96購03,0,0,0,0,0,0,0,0,0,-42000,0,0,0,18000,60000,-42000,-42000
053079,世紀鋼永豐96購01,0,0,0,0,0,0,0,0,0,-42000,0,0,0,0,42000,-42000,-42000
052637,欣興凱基97購01  ,0,0,0,0,0,0,0,0,0,-42000,0,0,0,20000,62000,-42000,-42000
052075,旺宏元富95購03  ,0,0,0,0,0,0,0,0,0,-42000,0,0,0,60000,102000,-42000,-42000
052364,全新國票95購02  ,0,0,0,0,0,0,0,0,0,-42000,0,0,0,0,42000,-42000,-42000
052240,臻鼎國票96購03  ,0,0,0,0,0,0,0,0,0,-42000,0,0,0,19000,61000,-42000,-42000
052141,百和凱基95購02  ,0,0,0,0,0,0,0,0,0,-42000,0,0,0,0,42000,-42000,-42000
050783,旺宏國泰96購02  ,0,0,0,0,0,0,0,0,0,-42000,0,0,0,13000,55000,-42000,-42000
050687,上銀日盛94購01  ,0,0,0,0,0,0,0,0,0,-42000,0,0,0,169000,211000,-42000,-42000
9955,佳龍            ,22000,65000,-43000,0,0,0,0,0,0,1000,1000,0,1000,0,0,0,-42000
053957,瑞昱永豐96購01  ,0,0,0,0,0,0,0,0,0,-43000,0,0,0,4000,47000,-43000,-43000
054380,世芯群益97購02  ,0,0,0,0,0,0,0,0,0,-43000,0,0,0,37000,80000,-43000,-43000
054322,國巨台新96購02  ,0,0,0,0,0,0,0,0,0,-43000,0,0,0,0,43000,-43000,-43000
054296,世芯元大97購01  ,0,0,0,0,0,0,0,0,0,-43000,0,0,0,47000,90000,-43000,-43000
055421,玉晶光永豐98購04,0,0,0,0,0,0,0,0,0,-43000,0,0,0,7000,50000,-43000,-43000
05619P,創意元富96售02  ,0,0,0,0,0,0,0,0,0,-43000,0,0,0,0,43000,-43000,-43000
043647,台積電國票92購01,0,0,0,0,0,0,0,0,0,-43000,0,0,0,10000,53000,-43000,-43000
03543P,台泥中信02售01  ,0,0,0,0,0,0,0,0,0,-43000,0,0,0,20000,63000,-43000,-43000
043174,元翎國泰93購01  ,0,0,0,0,0,0,0,0,0,-43000,0,0,0,0,43000,-43000,-43000
045873,元油2X元富98購04,0,0,0,0,0,0,0,0,0,-43000,0,0,0,0,43000,-43000,-43000
050269,欣興元大94購09  ,0,0,0,0,0,0,0,0,0,-43000,0,0,0,24000,67000,-43000,-43000
050053,訊芯群益94購03  ,0,0,0,0,0,0,0,0,0,-43000,0,0,0,25000,68000,-43000,-43000
050121,南電元大95購02  ,0,0,0,0,0,0,0,0,0,-43000,0,0,0,0,43000,-43000,-43000
046106,致新永豐92購01  ,0,0,0,0,0,0,0,0,0,-43000,0,0,0,0,43000,-43000,-43000
045851,健策永豐92購01  ,0,0,0,0,0,0,0,0,0,-43000,0,0,0,4000,47000,-43000,-43000
046294,台勝科統一92購01,0,0,0,0,0,0,0,0,0,-43000,0,0,0,145000,188000,-43000,-43000
047395,聯茂元大94購01  ,0,0,0,0,0,0,0,0,0,-43000,0,0,0,0,43000,-43000,-43000
048358,嘉晶永豐93購03  ,0,0,0,0,0,0,0,0,0,-43000,0,0,0,22000,65000,-43000,-43000
04966P,台表科元大94售04,0,0,0,0,0,0,0,0,0,-43000,0,0,0,25000,68000,-43000,-43000
052655,群創統一97購01  ,0,0,0,0,0,0,0,0,0,-43000,0,0,0,121000,164000,-43000,-43000
053112,中磊兆豐97購01  ,0,0,0,0,0,0,0,0,0,-43000,0,0,0,69000,112000,-43000,-43000
053054,禾伸堂國票97購01,0,0,0,0,0,0,0,0,0,-43000,0,0,0,17000,60000,-43000,-43000
053548,旺宏凱基96購04  ,0,0,0,0,0,0,0,0,0,-43000,0,0,0,2000,45000,-43000,-43000
5907,大洋-KY         ,17000,57000,-40000,0,0,0,0,0,0,-3000,0,3000,-3000,0,0,0,-43000
1558,伸興            ,15000,48000,-33000,0,0,0,0,0,0,-10000,0,10000,-10000,0,0,0,-43000
05629P,聯發科永昌99售02,0,0,0,0,0,0,0,0,0,-44000,0,0,0,6000,50000,-44000,-44000
055703,緯穎富邦98購01  ,0,0,0,0,0,0,0,0,0,-44000,0,0,0,0,44000,-44000,-44000
05743P,創意元大96售01  ,0,0,0,0,0,0,0,0,0,-44000,0,0,0,25000,69000,-44000,-44000
055171,凱美統一97購01  ,0,0,0,0,0,0,0,0,0,-44000,0,0,0,48000,92000,-44000,-44000
045127,鴻海統一92購01  ,0,0,0,0,0,0,0,0,0,-44000,0,0,0,49000,93000,-44000,-44000
050049,華通群益96購01  ,0,0,0,0,0,0,0,0,0,-44000,0,0,0,10000,54000,-44000,-44000
046945,大毅元大93購01  ,0,0,0,0,0,0,0,0,0,-44000,0,0,0,0,44000,-44000,-44000
042561,南電兆豐92購01  ,0,0,0,0,0,0,0,0,0,-44000,0,0,0,8000,52000,-44000,-44000
049914,瑞昱元大94購06  ,0,0,0,0,0,0,0,0,0,-44000,0,0,0,0,44000,-44000,-44000
049744,亞德客永豐94購01,0,0,0,0,0,0,0,0,0,-44000,0,0,0,22000,66000,-44000,-44000
047646,貿聯元大94購01  ,0,0,0,0,0,0,0,0,0,-44000,0,0,0,6000,50000,-44000,-44000
049775,旺宏統一95購02  ,0,0,0,0,0,0,0,0,0,-44000,0,0,0,1000,45000,-44000,-44000
05116P,台積電群益95售03,0,0,0,0,0,0,0,0,0,-44000,0,0,0,8000,52000,-44000,-44000
04819P,嘉澤永豐94售01  ,0,0,0,0,0,0,0,0,0,-44000,0,0,0,0,44000,-44000,-44000
049297,日電貿群益95購01,0,0,0,0,0,0,0,0,0,-44000,0,0,0,5000,49000,-44000,-44000
049000,元油2X中信95購02,0,0,0,0,0,0,0,0,0,-44000,0,0,0,0,44000,-44000,-44000
053261,國巨群益96購05  ,0,0,0,0,0,0,0,0,0,-44000,0,0,0,41000,85000,-44000,-44000
053243,楠梓電國票97購02,0,0,0,0,0,0,0,0,0,-44000,0,0,0,0,44000,-44000,-44000
052690,台表科元大97購01,0,0,0,0,0,0,0,0,0,-44000,0,0,0,10000,54000,-44000,-44000
052324,康友元大96購02  ,0,0,0,0,0,0,0,0,0,-44000,0,0,0,232000,276000,-44000,-44000
051990,泰碩元大95購01  ,0,0,0,0,0,0,0,0,0,-44000,0,0,0,106000,150000,-44000,-44000
051704,智邦群益95購02  ,0,0,0,0,0,0,0,0,0,-44000,0,0,0,37000,81000,-44000,-44000
2231,為升            ,50000,93000,-43000,0,0,0,0,0,0,-1000,7000,6000,1000,5000,7000,-2000,-44000
054886,大毅統一97購01  ,0,0,0,0,0,0,0,0,0,-45000,0,0,0,5000,50000,-45000,-45000
054584,貿聯元富97購01  ,0,0,0,0,0,0,0,0,0,-45000,0,0,0,20000,65000,-45000,-45000
054440,TPK台新98購01   ,0,0,0,0,0,0,0,0,0,-45000,0,0,0,0,45000,-45000,-45000
055215,智邦凱基98購02  ,0,0,0,0,0,0,0,0,0,-45000,0,0,0,14000,59000,-45000,-45000
04253P,聯發科元富93售01,0,0,0,0,0,0,0,0,0,-45000,0,0,0,70000,115000,-45000,-45000
00706L,元大S&P日圓正2  ,0,0,0,0,0,0,0,0,0,-45000,0,0,0,0,45000,-45000,-45000
049976,台積電凱基94購28,0,0,0,0,0,0,0,0,0,-45000,0,0,0,2000,47000,-45000,-45000
044904,聯詠凱基91購04  ,0,0,0,0,0,0,0,0,0,-45000,0,0,0,0,45000,-45000,-45000
049598,超眾元大95購03  ,0,0,0,0,0,0,0,0,0,-45000,0,0,0,0,45000,-45000,-45000
048704,台表科國票95購01,0,0,0,0,0,0,0,0,0,-45000,0,0,0,0,45000,-45000,-45000
049397,台達電群益94購03,0,0,0,0,0,0,0,0,0,-45000,0,0,0,0,45000,-45000,-45000
048010,嘉聯益富邦97購01,0,0,0,0,0,0,0,0,0,-45000,0,0,0,5000,50000,-45000,-45000
050939,健鼎國票96購01  ,0,0,0,0,0,0,0,0,0,-45000,0,0,0,0,45000,-45000,-45000
050982,台積電國泰96購04,0,0,0,0,0,0,0,0,0,-45000,0,0,0,0,45000,-45000,-45000
047641,可成元大93購09  ,0,0,0,0,0,0,0,0,0,-45000,0,0,0,0,45000,-45000,-45000
049825,台積電凱基94購26,0,0,0,0,0,0,0,0,0,-45000,0,0,0,20000,65000,-45000,-45000
049896,聯發科統一94購06,0,0,0,0,0,0,0,0,0,-45000,0,0,0,0,45000,-45000,-45000
052429,禾伸堂永豐95購02,0,0,0,0,0,0,0,0,0,-45000,0,0,0,50000,95000,-45000,-45000
052223,聯電凱基96購02  ,0,0,0,0,0,0,0,0,0,-45000,0,0,0,55000,100000,-45000,-45000
052184,台光電群益95購03,0,0,0,0,0,0,0,0,0,-45000,0,0,0,29000,74000,-45000,-45000
052992,冠德台新96購01  ,0,0,0,0,0,0,0,0,0,-45000,0,0,0,2000,47000,-45000,-45000
052845,旺宏統一97購01  ,0,0,0,0,0,0,0,0,0,-45000,0,0,0,0,45000,-45000,-45000
053247,麗豐國票97購01  ,0,0,0,0,0,0,0,0,0,-45000,0,0,0,10000,55000,-45000,-45000
053554,欣興凱基97購02  ,0,0,0,0,0,0,0,0,0,-45000,0,0,0,0,45000,-45000,-45000
2012,春雨            ,2000,47000,-45000,0,0,0,0,0,0,0,0,0,0,0,0,0,-45000
3338,泰碩            ,96000,81000,15000,0,0,0,0,50000,-50000,-10000,0,12000,-12000,6000,4000,2000,-45000
1455,集盛            ,11000,51000,-40000,0,0,0,0,0,0,-6000,0,6000,-6000,0,0,0,-46000
053884,緯穎第一96購01  ,0,0,0,0,0,0,0,0,0,-46000,0,0,0,40000,86000,-46000,-46000
054609,正崴永豐97購01  ,0,0,0,0,0,0,0,0,0,-46000,0,0,0,2000,48000,-46000,-46000
054685,國巨永豐97購02  ,0,0,0,0,0,0,0,0,0,-46000,0,0,0,540000,586000,-46000,-46000
055124,建準兆豐97購01  ,0,0,0,0,0,0,0,0,0,-46000,0,0,0,150000,196000,-46000,-46000
046231,創意元大92購07  ,0,0,0,0,0,0,0,0,0,-46000,0,0,0,97000,143000,-46000,-46000
044466,和大群益93購01  ,0,0,0,0,0,0,0,0,0,-46000,0,0,0,214000,260000,-46000,-46000
049902,大立光元富94購05,0,0,0,0,0,0,0,0,0,-46000,0,0,0,0,46000,-46000,-46000
051286,國巨統一97購01  ,0,0,0,0,0,0,0,0,0,-46000,0,0,0,3000,49000,-46000,-46000
051051,鴻海群益95購04  ,0,0,0,0,0,0,0,0,0,-46000,0,0,0,0,46000,-46000,-46000
053630,奇鋐兆豐97購01  ,0,0,0,0,0,0,0,0,0,-46000,0,0,0,0,46000,-46000,-46000
052508,矽力日盛95購02  ,0,0,0,0,0,0,0,0,0,-46000,0,0,0,30000,76000,-46000,-46000
052005,矽力國泰97購02  ,0,0,0,0,0,0,0,0,0,-46000,0,0,0,19000,65000,-46000,-46000
051908,國泰金元大96購02,0,0,0,0,0,0,0,0,0,-46000,0,0,0,0,46000,-46000,-46000
050749,道瓊銀統一96購03,0,0,0,0,0,0,0,0,0,-46000,0,0,0,0,46000,-46000,-46000
051616,鴻海凱基96購08  ,0,0,0,0,0,0,0,0,0,-46000,0,0,0,26000,72000,-46000,-46000
1722,台肥            ,187000,218000,-31000,0,0,0,0,0,0,-15000,0,13000,-13000,0,2000,-2000,-46000
4989,榮科            ,6000,52000,-46000,0,0,0,0,0,0,0,0,0,0,0,0,0,-46000
055152,旺宏元大98購04  ,0,0,0,0,0,0,0,0,0,-47000,0,0,0,313000,360000,-47000,-47000
055093,京鼎群益98購01  ,0,0,0,0,0,0,0,0,0,-47000,0,0,0,94000,141000,-47000,-47000
054952,大毅元大97購02  ,0,0,0,0,0,0,0,0,0,-47000,0,0,0,268000,315000,-47000,-47000
054755,世紀鋼凱基98購01,0,0,0,0,0,0,0,0,0,-47000,0,0,0,0,47000,-47000,-47000
06047P,聯發科富邦99售04,0,0,0,0,0,0,0,0,0,-47000,0,0,0,14000,61000,-47000,-47000
055314,華邦電中信99購01,0,0,0,0,0,0,0,0,0,-47000,0,0,0,2000,49000,-47000,-47000
045094,樺漢元大92購01  ,0,0,0,0,0,0,0,0,0,-47000,0,0,0,11000,58000,-47000,-47000
050159,超眾群益94購03  ,0,0,0,0,0,0,0,0,0,-47000,0,0,0,11000,58000,-47000,-47000
047449,南茂元大93購04  ,0,0,0,0,0,0,0,0,0,-47000,0,0,0,21000,68000,-47000,-47000
047416,台泥富邦94購01  ,0,0,0,0,0,0,0,0,0,-47000,0,0,0,0,47000,-47000,-47000
048936,玉晶光永豐94購05,0,0,0,0,0,0,0,0,0,-47000,0,0,0,6000,53000,-47000,-47000
050601,台表科國泰96購01,0,0,0,0,0,0,0,0,0,-47000,0,0,0,0,47000,-47000,-47000
052219,大立光日盛95購02,0,0,0,0,0,0,0,0,0,-47000,0,0,0,0,47000,-47000,-47000
055445,旺宏統一99購01  ,0,0,0,0,0,0,0,0,0,-48000,0,0,0,0,48000,-48000,-48000
055355,大立光凱基97購05,0,0,0,0,0,0,0,0,0,-48000,0,0,0,0,48000,-48000,-48000
05574P,英業達元富96售01,0,0,0,0,0,0,0,0,0,-48000,0,0,0,0,48000,-48000,-48000
06246P,茂林元富97售03  ,0,0,0,0,0,0,0,0,0,-48000,0,0,0,390000,438000,-48000,-48000
05726P,易華電永豐96售02,0,0,0,0,0,0,0,0,0,-48000,0,0,0,0,48000,-48000,-48000
054913,億光凱基97購01  ,0,0,0,0,0,0,0,0,0,-48000,0,0,0,157000,205000,-48000,-48000
054093,智原群益97購01  ,0,0,0,0,0,0,0,0,0,-48000,0,0,0,0,48000,-48000,-48000
054349,同欣電國票97購02,0,0,0,0,0,0,0,0,0,-48000,0,0,0,5000,53000,-48000,-48000
047061,鴻海凱基93購23  ,0,0,0,0,0,0,0,0,0,-48000,0,0,0,0,48000,-48000,-48000
046785,禾伸堂永豐93購01,0,0,0,0,0,0,0,0,0,-48000,0,0,0,0,48000,-48000,-48000
045741,嘉晶群益92購01  ,0,0,0,0,0,0,0,0,0,-48000,0,0,0,22000,70000,-48000,-48000
046383,群創凱基98購01  ,0,0,0,0,0,0,0,0,0,-48000,0,0,0,10000,58000,-48000,-48000
046703,瑞昱元富95購01  ,0,0,0,0,0,0,0,0,0,-48000,0,0,0,2000,50000,-48000,-48000
045797,健策中信93購01  ,0,0,0,0,0,0,0,0,0,-48000,0,0,0,0,48000,-48000,-48000
044487,元油2X元大94購01,0,0,0,0,0,0,0,0,0,-48000,0,0,0,2000,50000,-48000,-48000
045630,技嘉凱基93購02  ,0,0,0,0,0,0,0,0,0,-48000,0,0,0,7000,55000,-48000,-48000
048982,牧德元大94購02  ,0,0,0,0,0,0,0,0,0,-48000,0,0,0,36000,84000,-48000,-48000
047429,聯茂亞東93購01  ,0,0,0,0,0,0,0,0,0,-48000,0,0,0,0,48000,-48000,-48000
049651,訊芯凱基94購04  ,0,0,0,0,0,0,0,0,0,-48000,0,0,0,0,48000,-48000,-48000
049209,GIS群益94購03   ,0,0,0,0,0,0,0,0,0,-48000,0,0,0,10000,58000,-48000,-48000
049181,正文凱基94購03  ,0,0,0,0,0,0,0,0,0,-48000,0,0,0,20000,68000,-48000,-48000
048436,聯茂日盛93購01  ,0,0,0,0,0,0,0,0,0,-48000,0,0,0,0,48000,-48000,-48000
051131,玉山金台新95購01,0,0,0,0,0,0,0,0,0,-48000,0,0,0,0,48000,-48000,-48000
051111,可成統一95購02  ,0,0,0,0,0,0,0,0,0,-48000,0,0,0,0,48000,-48000,-48000
051919,台郡元大96購02  ,0,0,0,0,0,0,0,0,0,-48000,0,0,0,2000,50000,-48000,-48000
050617,神基元大94購01  ,0,0,0,0,0,0,0,0,0,-48000,0,0,0,38000,86000,-48000,-48000
050756,京元電元富94購03,0,0,0,0,0,0,0,0,0,-48000,0,0,0,2000,50000,-48000,-48000
051384,康友群益95購01  ,0,0,0,0,0,0,0,0,0,-48000,0,0,0,20000,68000,-48000,-48000
053110,大立光兆豐97購01,0,0,0,0,0,0,0,0,0,-48000,0,0,0,0,48000,-48000,-48000
053671,可成統一96購03  ,0,0,0,0,0,0,0,0,0,-48000,0,0,0,4000,52000,-48000,-48000
8466,美吉吉-KY       ,6000,54000,-48000,0,0,0,0,0,0,0,0,0,0,0,0,0,-48000
4142,國光生          ,80000,114129,-34129,0,0,0,0,0,0,-14000,0,14000,-14000,0,0,0,-48129
054023,和大康和96購01  ,0,0,0,0,0,0,0,0,0,-49000,0,0,0,75000,124000,-49000,-49000
05722P,玉晶光國票97售03,0,0,0,0,0,0,0,0,0,-49000,0,0,0,283000,332000,-49000,-49000
055509,訊芯元大97購03  ,0,0,0,0,0,0,0,0,0,-49000,0,0,0,68000,117000,-49000,-49000
055236,建準台新98購01  ,0,0,0,0,0,0,0,0,0,-49000,0,0,0,17000,66000,-49000,-49000
045631,台光電凱基93購06,0,0,0,0,0,0,0,0,0,-49000,0,0,0,11000,60000,-49000,-49000
04556P,大成鋼群益94售02,0,0,0,0,0,0,0,0,0,-49000,0,0,0,0,49000,-49000,-49000
04295P,智邦元大93售10  ,0,0,0,0,0,0,0,0,0,-49000,0,0,0,1000,50000,-49000,-49000
042137,元油2X元大93購01,0,0,0,0,0,0,0,0,0,-49000,0,0,0,1000,50000,-49000,-49000
03795P,智邦元大93售03  ,0,0,0,0,0,0,0,0,0,-49000,0,0,0,1000,50000,-49000,-49000
046035,冠德元大92購03  ,0,0,0,0,0,0,0,0,0,-49000,0,0,0,0,49000,-49000,-49000
045005,上銀元大92購05  ,0,0,0,0,0,0,0,0,0,-49000,0,0,0,1000,50000,-49000,-49000
050296,亞光凱基94購03  ,0,0,0,0,0,0,0,0,0,-49000,0,0,0,1000,50000,-49000,-49000
051139,康友永豐95購01  ,0,0,0,0,0,0,0,0,0,-49000,0,0,0,69000,118000,-49000,-49000
051251,信邦元大95購01  ,0,0,0,0,0,0,0,0,0,-49000,0,0,0,53000,102000,-49000,-49000
051092,禾伸堂元大95購02,0,0,0,0,0,0,0,0,0,-49000,0,0,0,33000,82000,-49000,-49000
049148,全新元大95購01  ,0,0,0,0,0,0,0,0,0,-49000,0,0,0,0,49000,-49000,-49000
053639,禾伸堂永豐96購01,0,0,0,0,0,0,0,0,0,-49000,0,0,0,20000,69000,-49000,-49000
053245,全新國票97購01  ,0,0,0,0,0,0,0,0,0,-49000,0,0,0,13000,62000,-49000,-49000
052822,泰碩永豐97購01  ,0,0,0,0,0,0,0,0,0,-49000,0,0,0,0,49000,-49000,-49000
052960,中環凱基96購01  ,0,0,0,0,0,0,0,0,0,-49000,0,0,0,1000,50000,-49000,-49000
052521,友達元大9B購01  ,0,0,0,0,0,0,0,0,0,-49000,0,0,0,0,49000,-49000,-49000
050495,大立光永昌96購01,0,0,0,0,0,0,0,0,0,-49000,0,0,0,2000,51000,-49000,-49000
050512,台泥元大94購01  ,0,0,0,0,0,0,0,0,0,-49000,0,0,0,0,49000,-49000,-49000
05220P,台積電元大95售16,0,0,0,0,0,0,0,0,0,-49000,0,0,0,1000,50000,-49000,-49000
1907,永豐餘          ,300000,338000,-38000,0,0,0,0,0,0,-11000,0,11000,-11000,0,0,0,-49000
055213,大成鋼凱基98購01,0,0,0,0,0,0,0,0,0,-50000,0,0,0,0,50000,-50000,-50000
055885,大成鋼統一97購02,0,0,0,0,0,0,0,0,0,-50000,0,0,0,0,50000,-50000,-50000
055670,矽創群益98購02  ,0,0,0,0,0,0,0,0,0,-50000,0,0,0,0,50000,-50000,-50000
055563,智易凱基97購02  ,0,0,0,0,0,0,0,0,0,-50000,0,0,0,0,50000,-50000,-50000
055526,台積電群益97購02,0,0,0,0,0,0,0,0,0,-50000,0,0,0,25000,75000,-50000,-50000
05888P,友達元大97售01  ,0,0,0,0,0,0,0,0,0,-50000,0,0,0,0,50000,-50000,-50000
06127P,泰碩元富97售01  ,0,0,0,0,0,0,0,0,0,-50000,0,0,0,0,50000,-50000,-50000
08525P,台灣50凱基96售02,0,0,0,0,0,0,0,0,0,-50000,0,0,0,0,50000,-50000,-50000
053984,康友元大96購05  ,0,0,0,0,0,0,0,0,0,-50000,0,0,0,33000,83000,-50000,-50000
054505,揚明光永豐97購02,0,0,0,0,0,0,0,0,0,-50000,0,0,0,0,50000,-50000,-50000
054874,帆宣群益99購02  ,0,0,0,0,0,0,0,0,0,-50000,0,0,0,0,50000,-50000,-50000
055121,鴻海兆豐97購03  ,0,0,0,0,0,0,0,0,0,-50000,0,0,0,0,50000,-50000,-50000
054830,世芯國泰99購01  ,0,0,0,0,0,0,0,0,0,-50000,0,0,0,90000,140000,-50000,-50000
054803,味全元大9A購01  ,0,0,0,0,0,0,0,0,0,-50000,0,0,0,0,50000,-50000,-50000
054610,聯發科永豐97購01,0,0,0,0,0,0,0,0,0,-50000,0,0,0,61000,111000,-50000,-50000
054599,正崴台新97購01  ,0,0,0,0,0,0,0,0,0,-50000,0,0,0,0,50000,-50000,-50000
050258,為升元大94購08  ,0,0,0,0,0,0,0,0,0,-50000,0,0,0,37000,87000,-50000,-50000
049987,智易凱基94購03  ,0,0,0,0,0,0,0,0,0,-50000,0,0,0,0,50000,-50000,-50000
045984,亞光麥證93購02  ,0,0,0,0,50000,-50000,0,0,0,-50000,0,0,0,0,50000,-50000,-50000
047067,啟碁凱基93購01  ,0,0,0,0,0,0,0,0,0,-50000,0,0,0,0,50000,-50000,-50000
045002,高股息元大92購02,0,0,0,0,0,0,0,0,0,-50000,0,0,0,20000,70000,-50000,-50000
045086,玉晶光元大94購02,0,0,0,0,0,0,0,0,0,-50000,0,0,0,0,50000,-50000,-50000
045138,技嘉兆豐92購01  ,0,0,0,0,0,0,0,0,0,-50000,0,0,0,14000,64000,-50000,-50000
045081,大立光元大93購07,0,0,0,0,0,0,0,0,0,-50000,0,0,0,0,50000,-50000,-50000
04496P,國巨國泰96售02  ,0,0,0,0,0,0,0,0,0,-50000,0,0,0,80000,130000,-50000,-50000
045782,欣興元大93購04  ,0,0,0,0,0,0,0,0,0,-50000,0,0,0,12000,62000,-50000,-50000
046040,晶睿元大92購03  ,0,0,0,0,0,0,0,0,0,-50000,0,0,0,0,50000,-50000,-50000
045829,滬深2X群益95購02,0,0,0,0,0,0,0,0,0,-50000,0,0,0,0,50000,-50000,-50000
04674P,全新統一95售01  ,0,0,0,0,0,0,0,0,0,-50000,0,0,0,0,50000,-50000,-50000
04640P,上銀凱基94售05  ,0,0,0,0,0,0,0,0,0,-50000,0,0,0,0,50000,-50000,-50000
046156,光磊群益92購01  ,0,0,0,0,0,0,0,0,0,-50000,0,0,0,0,50000,-50000,-50000
03844P,康友元富93售03  ,0,0,0,0,0,0,0,0,0,-50000,0,0,0,0,50000,-50000,-50000
044435,嘉澤元大91購03  ,0,0,0,0,0,0,0,0,0,-50000,0,0,0,0,50000,-50000,-50000
044302,智邦兆豐93購02  ,0,0,0,0,0,0,0,0,0,-50000,0,0,0,8000,58000,-50000,-50000
043916,群創凱基93購01  ,0,0,0,0,0,0,0,0,0,-50000,0,0,0,40000,90000,-50000,-50000
042298,群創元大92購01  ,0,0,0,0,0,0,0,0,0,-50000,0,0,0,0,50000,-50000,-50000
044167,大立光元大93購03,0,0,0,0,0,0,0,0,0,-50000,0,0,0,0,50000,-50000,-50000
045479,T50反1中信95購01,0,0,0,0,0,0,0,0,0,-50000,0,0,0,0,50000,-50000,-50000
045618,元油2X永豐98購01,0,0,0,0,0,0,0,0,0,-50000,0,0,0,0,50000,-50000,-50000
04660P,臺股指富邦94售03,0,0,0,0,0,0,0,0,0,-50000,0,0,0,0,50000,-50000,-50000
049405,羅麗芬群益94購02,0,0,0,0,0,0,0,0,0,-50000,0,0,0,0,50000,-50000,-50000
049330,元上證統一94購03,0,0,0,0,0,0,0,0,0,-50000,0,0,0,10000,60000,-50000,-50000
048689,台光電群益94購01,0,0,0,0,0,0,0,0,0,-50000,0,0,0,20000,70000,-50000,-50000
048593,華新科群益93購04,0,0,0,0,0,0,0,0,0,-50000,0,0,0,0,50000,-50000,-50000
047422,滬深2X兆豐94購02,0,0,0,0,0,0,0,0,0,-50000,0,0,0,0,50000,-50000,-50000
048293,聯詠群益93購04  ,0,0,0,0,0,0,0,0,0,-50000,0,0,0,0,50000,-50000,-50000
048080,元石油凱基96購01,0,0,0,0,0,0,0,0,0,-50000,0,0,0,0,50000,-50000,-50000
047777,寶成元大93購01  ,0,0,0,0,0,0,0,0,0,-50000,0,0,0,0,50000,-50000,-50000
047812,可成凱基93購09  ,0,0,0,0,0,0,0,0,0,-50000,0,0,0,0,50000,-50000,-50000
051023,S&P反1統一95購02,0,0,0,0,0,0,0,0,0,-50000,0,0,0,0,50000,-50000,-50000
051292,牧德統一97購01  ,0,0,0,0,0,0,0,0,0,-50000,0,0,0,10000,60000,-50000,-50000
047672,欣興統一93購03  ,0,0,0,0,0,0,0,0,0,-50000,0,0,0,0,50000,-50000,-50000
047608,聯發科第一95購01,0,0,0,0,0,0,0,0,0,-50000,0,0,0,0,50000,-50000,-50000
049926,智易元大95購02  ,0,0,0,0,0,0,0,0,0,-50000,0,0,0,0,50000,-50000,-50000
049906,光寶科元大94購03,0,0,0,0,0,0,0,0,0,-50000,0,0,0,0,50000,-50000,-50000
048343,大立光元大93購29,0,0,0,0,0,0,0,0,0,-50000,0,0,0,0,50000,-50000,-50000
051911,大立光元大98購02,0,0,0,0,0,0,0,0,0,-50000,0,0,0,26000,76000,-50000,-50000
051970,元黃金凱基98購01,0,0,0,0,0,0,0,0,0,-50000,0,0,0,0,50000,-50000,-50000
051707,欣興群益95購02  ,0,0,0,0,0,0,0,0,0,-50000,0,0,0,0,50000,-50000,-50000
051755,台積電元大96購08,0,0,0,0,0,0,0,0,0,-50000,0,0,0,0,50000,-50000,-50000
051794,臻鼎國票96購02  ,0,0,0,0,0,0,0,0,0,-50000,0,0,0,50000,100000,-50000,-50000
050611,鴻海元大95購02  ,0,0,0,0,0,0,0,0,0,-50000,0,0,0,0,50000,-50000,-50000
051414,新光金國票95購04,0,0,0,0,0,0,0,0,0,-50000,0,0,0,0,50000,-50000,-50000
051619,智邦凱基95購07  ,0,0,0,0,0,0,0,0,0,-50000,0,0,0,0,50000,-50000,-50000
051573,鴻海元大95購15  ,0,0,0,0,0,0,0,0,0,-50000,0,0,0,0,50000,-50000,-50000
052456,滬深2X元富9B購03,0,0,0,0,0,0,0,0,0,-50000,0,0,0,4000,54000,-50000,-50000
052679,致伸富邦98購01  ,0,0,0,0,0,0,0,0,0,-50000,0,0,0,0,50000,-50000,-50000
05279P,上銀元大95售02  ,0,0,0,0,0,0,0,0,0,-50000,0,0,0,0,50000,-50000,-50000
052770,聯茂群益96購02  ,0,0,0,0,0,0,0,0,0,-50000,0,0,0,10000,60000,-50000,-50000
052910,鴻海統一96購10  ,0,0,0,0,0,0,0,0,0,-50000,0,0,0,0,50000,-50000,-50000
053138,華邦電富邦96購01,0,0,0,0,0,0,0,0,0,-50000,0,0,0,26000,76000,-50000,-50000
053187,國巨統一96購05  ,0,0,0,0,0,0,0,0,0,-50000,0,0,0,8000,58000,-50000,-50000
053200,華邦電日盛96購01,0,0,0,0,0,0,0,0,0,-50000,0,0,0,70000,120000,-50000,-50000
053385,聯詠元大96購02  ,0,0,0,0,0,0,0,0,0,-50000,0,0,0,16000,66000,-50000,-50000
05366P,鴻海元富95售12  ,0,0,0,0,0,0,0,0,0,-50000,0,0,0,0,50000,-50000,-50000
053551,可成凱基96購05  ,0,0,0,0,0,0,0,0,0,-50000,0,0,0,23000,73000,-50000,-50000
053768,S&P反1元大99購01,0,0,0,0,0,0,0,0,0,-50000,0,0,0,0,50000,-50000,-50000
053756,亞光元富96購02  ,0,0,0,0,0,0,0,0,0,-50000,0,0,0,0,50000,-50000,-50000
2536,宏普            ,8000,58000,-50000,0,0,0,0,0,0,0,0,0,0,0,0,0,-50000
2801,彰銀            ,1419990,1523157,-103167,0,0,0,24000,0,24000,29000,21000,7000,14000,15000,0,15000,-50167
1231,聯華食          ,15000,65792,-50792,0,0,0,0,0,0,0,0,0,0,0,0,0,-50792
055561,奇鋐凱基97購01  ,0,0,0,0,0,0,0,0,0,-51000,0,0,0,0,51000,-51000,-51000
055617,TPK國票98購04   ,0,0,0,0,0,0,0,0,0,-51000,0,0,0,0,51000,-51000,-51000
055036,中工富邦9B購01  ,0,0,0,0,0,0,0,0,0,-51000,0,0,0,0,51000,-51000,-51000
054045,奇力新元大97購03,0,0,0,0,0,0,0,0,0,-51000,0,0,0,87000,138000,-51000,-51000
046672,聯茂元大93購01  ,0,0,0,0,0,0,0,0,0,-51000,0,0,0,0,51000,-51000,-51000
043611,台積電群益92購03,0,0,0,0,0,0,0,0,0,-51000,0,0,0,313000,364000,-51000,-51000
044408,聯茂凱基93購02  ,0,0,0,0,0,0,0,0,0,-51000,0,0,0,629000,680000,-51000,-51000
044457,滬深2X國票97購01,0,0,0,0,0,0,0,0,0,-51000,0,0,0,0,51000,-51000,-51000
03645C,臺股指凱基96牛27,0,0,0,0,0,0,0,0,0,-51000,0,0,0,5000,56000,-51000,-51000
045372,台塑元大92購01  ,0,0,0,0,0,0,0,0,0,-51000,0,0,0,5000,56000,-51000,-51000
047007,大立光統一93購05,0,0,0,0,0,0,0,0,0,-51000,0,0,0,5000,56000,-51000,-51000
050175,台光電元大94購08,0,0,0,0,0,0,0,0,0,-51000,0,0,0,9000,60000,-51000,-51000
050099,台積電永昌96購01,0,0,0,0,0,0,0,0,0,-51000,0,0,0,13000,64000,-51000,-51000
050384,嘉澤國票94購02  ,0,0,0,0,0,0,0,0,0,-51000,0,0,0,0,51000,-51000,-51000
049830,智易凱基94購02  ,0,0,0,0,0,0,0,0,0,-51000,0,0,0,0,51000,-51000,-51000
051182,旺宏永豐95購01  ,0,0,0,0,0,0,0,0,0,-51000,0,0,0,33000,84000,-51000,-51000
047319,晶技元大93購02  ,0,0,0,0,0,0,0,0,0,-51000,0,0,0,0,51000,-51000,-51000
047387,美律元大93購05  ,0,0,0,0,0,0,0,0,0,-51000,0,0,0,82000,133000,-51000,-51000
049481,為升元大94購03  ,0,0,0,0,0,0,0,0,0,-51000,0,0,0,13000,64000,-51000,-51000
053257,華通富邦97購01  ,0,0,0,0,0,0,0,0,0,-51000,0,0,0,0,51000,-51000,-51000
052801,友達元大9A購01  ,0,0,0,0,0,0,0,0,0,-51000,0,0,0,0,51000,-51000,-51000
051892,台光電元富95購03,0,0,0,0,0,0,0,0,0,-51000,0,0,0,0,51000,-51000,-51000
052354,健策群益96購02  ,0,0,0,0,0,0,0,0,0,-51000,0,0,0,100000,151000,-51000,-51000
1806,冠軍            ,19000,66000,-47000,0,0,0,0,0,0,-4000,0,4000,-4000,0,0,0,-51000
4960,誠美材          ,0,51000,-51000,0,0,0,0,0,0,0,0,0,0,0,0,0,-51000
054188,欣興永豐96購03  ,0,0,0,0,0,0,0,0,0,-52000,0,0,0,32000,84000,-52000,-52000
053899,矽創群益96購02  ,0,0,0,0,0,0,0,0,0,-52000,0,0,0,20000,72000,-52000,-52000
054676,牧德台新98購01  ,0,0,0,0,0,0,0,0,0,-52000,0,0,0,102000,154000,-52000,-52000
054766,智原國票98購01  ,0,0,0,0,0,0,0,0,0,-52000,0,0,0,8000,60000,-52000,-52000
055202,神達群益97購01  ,0,0,0,0,0,0,0,0,0,-52000,0,0,0,10000,62000,-52000,-52000
055319,國巨國票98購03  ,0,0,0,0,0,0,0,0,0,-52000,0,0,0,4000,56000,-52000,-52000
045073,可成元大93購01  ,0,0,0,0,0,0,0,0,0,-52000,0,0,0,123000,175000,-52000,-52000
045638,強茂凱基93購02  ,0,0,0,0,0,0,0,0,0,-52000,0,0,0,31000,83000,-52000,-52000
045575,智邦元大92購06  ,0,0,0,0,0,0,0,0,0,-52000,0,0,0,0,52000,-52000,-52000
044629,嘉澤元大91購05  ,0,0,0,0,0,0,0,0,0,-52000,0,0,0,0,52000,-52000,-52000
049146,南亞科元大94購02,0,0,0,0,0,0,0,0,0,-52000,0,0,0,0,52000,-52000,-52000
048941,牧德永豐94購02  ,0,0,0,0,0,0,0,0,0,-52000,0,0,0,91000,143000,-52000,-52000
048211,大立光日盛93購01,0,0,0,0,0,0,0,0,0,-52000,0,0,0,0,52000,-52000,-52000
052977,奇力新麥證97購01,0,0,0,5000,57000,-52000,0,0,0,-52000,0,0,0,5000,57000,-52000,-52000
6271,同欣電          ,422000,538000,-116000,0,0,0,161000,33000,128000,-64000,186000,104000,82000,7000,153000,-146000,-52000
9188,精熙-DR         ,0,52000,-52000,0,0,0,0,0,0,0,0,0,0,0,0,0,-52000
9940,信義            ,10000,72000,-62000,0,0,0,0,0,0,10000,10000,0,10000,0,0,0,-52000
055290,玉晶光元大98購08,0,0,0,0,0,0,0,0,0,-53000,0,0,0,146000,199000,-53000,-53000
055469,台光電凱基97購01,0,0,0,0,0,0,0,0,0,-53000,0,0,0,0,53000,-53000,-53000
054647,禾伸堂群益99購01,0,0,0,0,0,0,0,0,0,-53000,0,0,0,0,53000,-53000,-53000
055056,億光永豐97購01  ,0,0,0,0,0,0,0,0,0,-53000,0,0,0,399000,452000,-53000,-53000
055007,晶相光元富9A購02,0,0,0,0,0,0,0,0,0,-53000,0,0,0,117000,170000,-53000,-53000
054981,國巨元富97購02  ,0,0,0,0,0,0,0,0,0,-53000,0,0,0,0,53000,-53000,-53000
053988,友達亞東96購01  ,0,0,0,0,0,0,0,0,0,-53000,0,0,0,0,53000,-53000,-53000
054503,京鼎永豐96購04  ,0,0,0,0,0,0,0,0,0,-53000,0,0,0,10000,63000,-53000,-53000
0052,富邦科技        ,3000,1000,2000,0,0,0,0,0,0,-55000,0,0,0,50000,105000,-55000,-53000
047051,可成國票94購01  ,0,0,0,0,0,0,0,0,0,-53000,0,0,0,18000,71000,-53000,-53000
046938,致茂元大93購02  ,0,0,0,0,0,0,0,0,0,-53000,0,0,0,0,53000,-53000,-53000
049244,亞光元富94購01  ,0,0,0,0,0,0,0,0,0,-53000,0,0,0,0,53000,-53000,-53000
049426,為升兆豐95購01  ,0,0,0,0,0,0,0,0,0,-53000,0,0,0,100000,153000,-53000,-53000
048603,中磊國票94購02  ,0,0,0,0,0,0,0,0,0,-53000,0,0,0,74000,127000,-53000,-53000
048985,茂林元大94購01  ,0,0,0,0,0,0,0,0,0,-53000,0,0,0,46000,99000,-53000,-53000
049741,創意群益94購02  ,0,0,0,0,0,0,0,0,0,-53000,0,0,0,47000,100000,-53000,-53000
053004,燿華永豐96購01  ,0,0,0,0,0,0,0,0,0,-53000,0,0,0,0,53000,-53000,-53000
052570,華新科凱基96購06,0,0,0,0,0,0,0,0,0,-53000,0,0,0,10000,63000,-53000,-53000
053213,建準凱基96購02  ,0,0,0,0,0,0,0,0,0,-53000,0,0,0,29000,82000,-53000,-53000
053537,玉晶光永豐98購02,0,0,0,0,0,0,0,0,0,-53000,0,0,0,24000,77000,-53000,-53000
6670,復盛應用        ,222000,172000,50000,0,0,0,0,94000,-94000,-9000,10000,14000,-4000,0,5000,-5000,-53000
2425,承啟            ,64000,117000,-53000,0,0,0,0,0,0,0,0,0,0,0,0,0,-53000
054318,台虹凱基98購01  ,0,0,0,0,0,0,0,0,0,-54000,0,0,0,0,54000,-54000,-54000
054276,國巨群益96購07  ,0,0,0,0,0,0,0,0,0,-54000,0,0,0,24000,78000,-54000,-54000
053911,臺股指凱基96購31,0,0,0,0,0,0,0,0,0,-54000,0,0,0,13000,67000,-54000,-54000
055072,康友永豐97購02  ,0,0,0,0,0,0,0,0,0,-54000,0,0,0,30000,84000,-54000,-54000
054844,華邦電兆豐98購01,0,0,0,0,0,0,0,0,0,-54000,0,0,0,10000,64000,-54000,-54000
055288,日電貿元大97購02,0,0,0,0,0,0,0,0,0,-54000,0,0,0,0,54000,-54000,-54000
055733,奇力新元富97購01,0,0,0,0,0,0,0,0,0,-54000,0,0,0,70000,124000,-54000,-54000
050065,冠德凱基94購01  ,0,0,0,0,0,0,0,0,0,-54000,0,0,0,0,54000,-54000,-54000
045462,美律元大93購04  ,0,0,0,0,0,0,0,0,0,-54000,0,0,0,28000,82000,-54000,-54000
046619,可成凱基93購01  ,0,0,0,0,0,0,0,0,0,-54000,0,0,0,0,54000,-54000,-54000
050335,正崴國泰96購01  ,0,0,0,0,0,0,0,0,0,-54000,0,0,0,11000,65000,-54000,-54000
052170,台積電元大95購20,0,0,0,0,0,0,0,0,0,-54000,0,0,0,8000,62000,-54000,-54000
052121,全新國票96購03  ,0,0,0,0,0,0,0,0,0,-54000,0,0,0,0,54000,-54000,-54000
051825,中環元大95購01  ,0,0,0,0,0,0,0,0,0,-54000,0,0,0,1000,55000,-54000,-54000
05089P,亞德客元大95售01,0,0,0,0,0,0,0,0,0,-54000,0,0,0,106000,160000,-54000,-54000
9914,美利達          ,604000,597000,7000,0,0,0,0,52000,-52000,-9000,1000,5000,-4000,0,5000,-5000,-54000
055527,旺宏群益99購03  ,0,0,0,0,0,0,0,0,0,-55000,0,0,0,20000,75000,-55000,-55000
055324,TPK國票98購03   ,0,0,0,0,0,0,0,0,0,-55000,0,0,0,0,55000,-55000,-55000
05785P,臺股指元大96售19,0,0,0,0,0,0,0,0,0,-55000,0,0,0,5000,60000,-55000,-55000
054688,兆赫永豐97購01  ,0,0,0,0,0,0,0,0,0,-55000,0,0,0,0,55000,-55000,-55000
054942,凱美元大97購02  ,0,0,0,0,0,0,0,0,0,-55000,0,0,0,32000,87000,-55000,-55000
05402P,台郡永豐95售02  ,0,0,0,0,0,0,0,0,0,-55000,0,0,0,33000,88000,-55000,-55000
044514,亞光凱基93購02  ,0,0,0,0,0,0,0,0,0,-55000,0,0,0,60000,115000,-55000,-55000
05006P,華通元富95售01  ,0,0,0,0,0,0,0,0,0,-55000,0,0,0,105000,160000,-55000,-55000
045960,聯發科凱基92購01,0,0,0,0,0,0,0,0,0,-55000,0,0,0,3000,58000,-55000,-55000
049766,滬深2X元富94購02,0,0,0,0,0,0,0,0,0,-55000,0,0,0,5000,60000,-55000,-55000
050381,鴻海兆豐94購01  ,0,0,0,0,0,0,0,0,0,-55000,0,0,0,10000,65000,-55000,-55000
049898,緯穎統一95購01  ,0,0,0,0,0,0,0,0,0,-55000,0,0,0,10000,65000,-55000,-55000
049925,創意元大95購02  ,0,0,0,0,0,0,0,0,0,-55000,0,0,0,5000,60000,-55000,-55000
047480,全新凱基93購01  ,0,0,0,0,0,0,0,0,0,-55000,0,0,0,0,55000,-55000,-55000
050592,矽格永豐94購02  ,0,0,0,0,0,0,0,0,0,-55000,0,0,0,47000,102000,-55000,-55000
051883,智原永豐95購03  ,0,0,0,0,0,0,0,0,0,-55000,0,0,0,77000,132000,-55000,-55000
051891,智邦元富95購04  ,0,0,0,0,0,0,0,0,0,-55000,0,0,0,0,55000,-55000,-55000
051976,淘帝凱基95購01  ,0,0,0,0,0,0,0,0,0,-55000,0,0,0,0,55000,-55000,-55000
053540,健策永豐96購01  ,0,0,0,0,0,0,0,0,0,-55000,0,0,0,0,55000,-55000,-55000
053705,滬深2X凱基99購01,0,0,0,0,0,0,0,0,0,-55000,0,0,0,40000,95000,-55000,-55000
053153,大立光元大99購02,0,0,0,0,0,0,0,0,0,-55000,0,0,0,17000,72000,-55000,-55000
05247P,上銀群益95售01  ,0,0,0,0,0,0,0,0,0,-55000,0,0,0,0,55000,-55000,-55000
052749,日月光元大96購02,0,0,0,0,0,0,0,0,0,-55000,0,0,0,14000,69000,-55000,-55000
9907,統一實          ,6002,42000,-35998,0,0,0,0,0,0,-20000,0,20000,-20000,0,0,0,-55998
054310,牧德凱基98購01  ,0,0,0,0,0,0,0,0,0,-56000,0,0,0,96000,152000,-56000,-56000
054239,台郡群益96購02  ,0,0,0,0,0,0,0,0,0,-56000,0,0,0,57000,113000,-56000,-56000
055077,臺股指永豐97購02,0,0,0,0,0,0,0,0,0,-56000,0,0,0,0,56000,-56000,-56000
055243,國巨統一97購04  ,0,0,0,0,0,0,0,0,0,-56000,0,0,0,4000,60000,-56000,-56000
055688,力成凱基98購02  ,0,0,0,0,0,0,0,0,0,-56000,0,0,0,0,56000,-56000,-56000
046979,台泥兆豐93購01  ,0,0,0,0,0,0,0,0,0,-56000,0,0,0,10000,66000,-56000,-56000
044846,旺宏統一93購01  ,0,0,0,0,0,0,0,0,0,-56000,0,0,0,15000,71000,-56000,-56000
045337,滬深2X凱基95購01,0,0,0,0,0,0,0,0,0,-56000,0,0,0,0,56000,-56000,-56000
046360,儒鴻永豐92購01  ,0,0,0,0,0,0,0,0,0,-56000,0,0,0,30000,86000,-56000,-56000
046728,明泰元大93購01  ,0,0,0,0,0,0,0,0,0,-56000,0,0,0,27000,83000,-56000,-56000
051244,正崴元大95購01  ,0,0,0,0,0,0,0,0,0,-56000,0,0,0,0,56000,-56000,-56000
05121P,創意國泰96售01  ,0,0,0,0,0,0,0,0,0,-56000,0,0,0,513000,569000,-56000,-56000
050937,可成國票96購02  ,0,0,0,0,0,0,0,0,0,-56000,0,0,0,5000,61000,-56000,-56000
047636,台達電元大93購03,0,0,0,0,0,0,0,0,0,-56000,0,0,0,1000,57000,-56000,-56000
049017,旺宏群益96購03  ,0,0,0,0,0,0,0,0,0,-56000,0,0,0,12000,68000,-56000,-56000
049187,義隆台新94購01  ,0,0,0,0,0,0,0,0,0,-56000,0,0,0,12000,68000,-56000,-56000
052925,日電貿永豐96購01,0,0,0,0,0,0,0,0,0,-56000,0,0,0,13000,69000,-56000,-56000
053230,達方台新97購01  ,0,0,0,0,0,0,0,0,0,-56000,0,0,0,0,56000,-56000,-56000
053586,建準元大96購01  ,0,0,0,0,0,0,0,0,0,-56000,0,0,0,175000,231000,-56000,-56000
050462,寶成元大94購01  ,0,0,0,0,0,0,0,0,0,-56000,0,0,0,0,56000,-56000,-56000
9917,中保科          ,26000,62000,-36000,0,0,0,0,0,0,-20000,0,20000,-20000,0,0,0,-56000
2414,精技            ,2000,58000,-56000,0,0,0,0,0,0,0,0,0,0,0,0,0,-56000
055706,大立光永豐97購03,0,0,0,0,0,0,0,0,0,-57000,0,0,0,3000,60000,-57000,-57000
055708,茂林永豐97購02  ,0,0,0,0,0,0,0,0,0,-57000,0,0,0,0,57000,-57000,-57000
05943P,欣興凱基96售03  ,0,0,0,0,0,0,0,0,0,-57000,0,0,0,202000,259000,-57000,-57000
04608P,晶相光永豐94售02,0,0,0,0,0,0,0,0,0,-57000,0,0,0,1000,58000,-57000,-57000
050254,大立光富邦96購02,0,0,0,0,0,0,0,0,0,-57000,0,0,0,11000,68000,-57000,-57000
03828P,致茂中信95售01  ,0,0,0,0,0,0,0,0,0,-57000,0,0,0,155000,212000,-57000,-57000
048505,滬深2X群益99購03,0,0,0,0,0,0,0,0,0,-57000,0,0,0,0,57000,-57000,-57000
050740,旺宏永豐94購03  ,0,0,0,0,0,0,0,0,0,-57000,0,0,0,28000,85000,-57000,-57000
052329,台積電亞東96購01,0,0,0,0,0,0,0,0,0,-57000,0,0,0,0,57000,-57000,-57000
053219,祥碩凱基96購01  ,0,0,0,0,0,0,0,0,0,-57000,0,0,0,269000,326000,-57000,-57000
053168,晶技群益98購01  ,0,0,0,0,0,0,0,0,0,-57000,0,0,0,20000,77000,-57000,-57000
053438,玉晶光麥證97購02,0,0,0,12000,69000,-57000,0,0,0,-57000,0,0,0,12000,69000,-57000,-57000
055420,欣興永豐98購01  ,0,0,0,0,0,0,0,0,0,-58000,0,0,0,30000,88000,-58000,-58000
054223,大立光統一98購04,0,0,0,0,0,0,0,0,0,-58000,0,0,0,2000,60000,-58000,-58000
044273,微星群益92購01  ,0,0,0,0,0,0,0,0,0,-58000,0,0,0,52000,110000,-58000,-58000
046665,智原元大93購01  ,0,0,0,0,0,0,0,0,0,-58000,0,0,0,73000,131000,-58000,-58000
050404,元大金麥證94購01,0,0,0,22000,80000,-58000,0,0,0,-58000,0,0,0,22000,80000,-58000,-58000
050026,友達元大96購01  ,0,0,0,0,0,0,0,0,0,-58000,0,0,0,0,58000,-58000,-58000
046028,微星元大92購01  ,0,0,0,0,0,0,0,0,0,-58000,0,0,0,84000,142000,-58000,-58000
046702,旺宏元富93購02  ,0,0,0,0,0,0,0,0,0,-58000,0,0,0,0,58000,-58000,-58000
04541P,智易永豐94售03  ,0,0,0,0,0,0,0,0,0,-58000,0,0,0,0,58000,-58000,-58000
047491,旺宏統一94購03  ,0,0,0,0,0,0,0,0,0,-58000,0,0,0,23000,81000,-58000,-58000
049668,大立光國泰96購02,0,0,0,0,0,0,0,0,0,-58000,0,0,0,66000,124000,-58000,-58000
050454,嘉澤元大94購04  ,0,0,0,0,0,0,0,0,0,-58000,0,0,0,74000,132000,-58000,-58000
049884,訊芯永豐94購01  ,0,0,0,0,0,0,0,0,0,-58000,0,0,0,3000,61000,-58000,-58000
051119,光寶科群益95購01,0,0,0,0,0,0,0,0,0,-58000,0,0,0,0,58000,-58000,-58000
05300P,健策元大95售02  ,0,0,0,0,0,0,0,0,0,-58000,0,0,0,52000,110000,-58000,-58000
050677,光寶科統一94購01,0,0,0,0,0,0,0,0,0,-58000,0,0,0,0,58000,-58000,-58000
050882,華泰國泰96購01  ,0,0,0,0,0,0,0,0,0,-58000,0,0,0,32000,90000,-58000,-58000
1560,中砂            ,35000,83000,-48000,0,0,0,0,0,0,-10000,0,10000,-10000,0,0,0,-58000
9934,成霖            ,13000,71000,-58000,0,0,0,0,0,0,0,0,0,0,0,0,0,-58000
8499,鼎炫-KY         ,14000,17000,-3000,0,0,0,0,10000,-10000,-45000,0,45000,-45000,0,0,0,-58000
2455,全新            ,781000,794600,-13600,0,0,0,0,78000,-78000,33000,58000,87000,-29000,132000,70000,62000,-58600
054281,世芯群益97購01  ,0,0,0,0,0,0,0,0,0,-59000,0,0,0,50000,109000,-59000,-59000
054009,欣興元富96購03  ,0,0,0,0,0,0,0,0,0,-59000,0,0,0,2000,61000,-59000,-59000
054162,光罩凱基98購01  ,0,0,0,0,0,0,0,0,0,-59000,0,0,0,10000,69000,-59000,-59000
055122,國巨兆豐98購01  ,0,0,0,0,0,0,0,0,0,-59000,0,0,0,0,59000,-59000,-59000
054947,興勤元大97購01  ,0,0,0,0,0,0,0,0,0,-59000,0,0,0,0,59000,-59000,-59000
05538P,玉晶光國票97售02,0,0,0,0,0,0,0,0,0,-59000,0,0,0,26000,85000,-59000,-59000
05658P,日月光元富96售02,0,0,0,0,0,0,0,0,0,-59000,0,0,0,0,59000,-59000,-59000
1308,亞聚            ,7000,59000,-52000,0,0,0,0,0,0,-7000,0,7000,-7000,0,0,0,-59000
06241P,大立光元富9A售01,0,0,0,0,0,0,0,0,0,-59000,0,0,0,0,59000,-59000,-59000
06208P,台郡凱基97售03  ,0,0,0,0,0,0,0,0,0,-59000,0,0,0,31000,90000,-59000,-59000
046735,聯發科國票93購01,0,0,0,0,0,0,0,0,0,-59000,0,0,0,2000,61000,-59000,-59000
044784,華邦電中信96購01,0,0,0,0,0,0,0,0,0,-59000,0,0,0,5000,64000,-59000,-59000
050051,智原群益94購01  ,0,0,0,0,0,0,0,0,0,-59000,0,0,0,36000,95000,-59000,-59000
050146,訊芯康和94購02  ,0,0,0,0,0,0,0,0,0,-59000,0,0,0,0,59000,-59000,-59000
047249,欣興群益93購03  ,0,0,0,0,0,0,0,0,0,-59000,0,0,0,0,59000,-59000,-59000
04971P,矽力元富94售02  ,0,0,0,0,0,0,0,0,0,-59000,0,0,0,216000,275000,-59000,-59000
047565,美律國票93購02  ,0,0,0,0,0,0,0,0,0,-59000,0,0,0,0,59000,-59000,-59000
048268,長榮航中信95購01,0,0,0,0,0,0,0,0,0,-59000,0,0,0,1000,60000,-59000,-59000
051944,智邦統一95購02  ,0,0,0,0,0,0,0,0,0,-59000,0,0,0,140000,199000,-59000,-59000
051708,創意群益95購02  ,0,0,0,0,0,0,0,0,0,-59000,0,0,0,41000,100000,-59000,-59000
053817,華新科群益97購02,0,0,0,0,0,0,0,0,0,-59000,0,0,0,21000,80000,-59000,-59000
6541,泰福-KY         ,14000,60000,-46000,0,0,0,0,0,0,-13000,0,13000,-13000,0,0,0,-59000
2929,淘帝-KY         ,112000,152512,-40512,0,0,0,0,0,0,-19000,0,2000,-2000,0,17000,-17000,-59512
055719,可成元大97購03  ,0,0,0,0,0,0,0,0,0,-60000,0,0,0,88000,148000,-60000,-60000
055254,聯詠統一97購03  ,0,0,0,0,0,0,0,0,0,-60000,0,0,0,5000,65000,-60000,-60000
054945,正崴元大97購01  ,0,0,0,0,0,0,0,0,0,-60000,0,0,0,0,60000,-60000,-60000
054675,美律台新98購01  ,0,0,0,0,0,0,0,0,0,-60000,0,0,0,0,60000,-60000,-60000
054114,新光金台新97購01,0,0,0,0,0,0,0,0,0,-60000,0,0,0,0,60000,-60000,-60000
054263,聯茂元大96購02  ,0,0,0,0,0,0,0,0,0,-60000,0,0,0,0,60000,-60000,-60000
054417,牧德元大96購01  ,0,0,0,0,0,0,0,0,0,-60000,0,0,0,0,60000,-60000,-60000
050428,光磊凱基94購05  ,0,0,0,0,0,0,0,0,0,-60000,0,0,0,0,60000,-60000,-60000
046804,群創元大94購01  ,0,0,0,0,0,0,0,0,0,-60000,0,0,0,2000,62000,-60000,-60000
046108,A50正2元大95購02,0,0,0,0,0,0,0,0,0,-60000,0,0,0,31000,91000,-60000,-60000
04626P,聯發科元大94售07,0,0,0,0,0,0,0,0,0,-60000,0,0,0,0,60000,-60000,-60000
044950,玉晶光群益94購01,0,0,0,0,0,0,0,0,0,-60000,0,0,0,10000,70000,-60000,-60000
046584,可成元大92購11  ,0,0,0,0,0,0,0,0,0,-60000,0,0,0,11000,71000,-60000,-60000
044299,南電凱基93購02  ,0,0,0,0,0,0,0,0,0,-60000,0,0,0,0,60000,-60000,-60000
04149P,景碩台新93售02  ,0,0,0,0,0,0,0,0,0,-60000,0,0,0,0,60000,-60000,-60000
040772,滬深2X元富92購02,0,0,0,0,0,0,0,0,0,-60000,0,0,0,100000,160000,-60000,-60000
03849P,大成鋼凱基93售03,0,0,0,0,0,0,0,0,0,-60000,0,0,0,0,60000,-60000,-60000
03425B,臺股指元大9A熊01,0,0,0,0,0,0,0,0,0,-60000,0,0,0,3000,63000,-60000,-60000
047945,滬深2X統一94購01,0,0,0,0,0,0,0,0,0,-60000,0,0,0,0,60000,-60000,-60000
047806,旺宏凱基93購05  ,0,0,0,0,0,0,0,0,0,-60000,0,0,0,6000,66000,-60000,-60000
049646,旺宏凱基94購01  ,0,0,0,0,0,0,0,0,0,-60000,0,0,0,4000,64000,-60000,-60000
049246,大成鋼元大94購02,0,0,0,0,0,0,0,0,0,-60000,0,0,0,0,60000,-60000,-60000
049294,南亞科群益94購01,0,0,0,0,0,0,0,0,0,-60000,0,0,0,30000,90000,-60000,-60000
049465,美律台新94購01  ,0,0,0,0,0,0,0,0,0,-60000,0,0,0,0,60000,-60000,-60000
049351,揚明光永豐94購01,0,0,0,0,0,0,0,0,0,-60000,0,0,0,0,60000,-60000,-60000
048630,南亞元大93購01  ,0,0,0,0,0,0,0,0,0,-60000,0,0,0,90000,150000,-60000,-60000
048631,遠東新元大93購01,0,0,0,0,0,0,0,0,0,-60000,0,0,0,0,60000,-60000,-60000
048657,大成鋼統一93購04,0,0,0,0,0,0,0,0,0,-60000,0,0,0,0,60000,-60000,-60000
04877P,聯發科麥證94售04,0,0,0,0,60000,-60000,0,0,0,-60000,0,0,0,0,60000,-60000,-60000
047614,台郡群益93購02  ,0,0,0,0,0,0,0,0,0,-60000,0,0,0,30000,90000,-60000,-60000
049802,可成元大94購10  ,0,0,0,0,0,0,0,0,0,-60000,0,0,0,0,60000,-60000,-60000
053770,元金2X元大98購01,0,0,0,0,0,0,0,0,0,-60000,0,0,0,0,60000,-60000,-60000
053526,正崴中信96購01  ,0,0,0,0,0,0,0,0,0,-60000,0,0,0,0,60000,-60000,-60000
053262,華邦電群益96購02,0,0,0,0,0,0,0,0,0,-60000,0,0,0,11000,71000,-60000,-60000
052998,拓凱康和96購01  ,0,0,0,0,0,0,0,0,0,-60000,0,0,0,0,60000,-60000,-60000
053059,聯發科永昌99購01,0,0,0,0,0,0,0,0,0,-60000,0,0,0,35000,95000,-60000,-60000
052934,中磊元大96購01  ,0,0,0,0,0,0,0,0,0,-60000,0,0,0,100000,160000,-60000,-60000
052841,群創富邦96購02  ,0,0,0,0,0,0,0,0,0,-60000,0,0,0,0,60000,-60000,-60000
052554,正崴國票97購01  ,0,0,0,0,0,0,0,0,0,-60000,0,0,0,0,60000,-60000,-60000
051759,全新元大95購04  ,0,0,0,0,0,0,0,0,0,-60000,0,0,0,0,60000,-60000,-60000
050867,聯鈞永豐95購01  ,0,0,0,0,0,0,0,0,0,-60000,0,0,0,82000,142000,-60000,-60000
050517,台積電元大94購27,0,0,0,0,0,0,0,0,0,-60000,0,0,0,36000,96000,-60000,-60000
050763,楠梓電元大94購03,0,0,0,0,0,0,0,0,0,-60000,0,0,0,0,60000,-60000,-60000
051583,可成元大95購07  ,0,0,0,0,0,0,0,0,0,-60000,0,0,0,0,60000,-60000,-60000
051590,玉晶光元大96購02,0,0,0,0,0,0,0,0,0,-60000,0,0,0,6000,66000,-60000,-60000
051609,貿聯群益95購03  ,0,0,0,0,0,0,0,0,0,-60000,0,0,0,10000,70000,-60000,-60000
051396,健鼎兆豐95購01  ,0,0,0,0,0,0,0,0,0,-60000,0,0,0,0,60000,-60000,-60000
2233,宇隆            ,40000,9000,31000,0,0,0,0,91000,-91000,0,0,0,0,0,0,0,-60000
054187,亞光永豐96購03  ,0,0,0,0,0,0,0,0,0,-61000,0,0,0,5000,66000,-61000,-61000
055306,燿華群益97購01  ,0,0,0,0,0,0,0,0,0,-61000,0,0,0,0,61000,-61000,-61000
04155P,全新永豐93售01  ,0,0,0,0,0,0,0,0,0,-61000,0,0,0,0,61000,-61000,-61000
043908,鴻海凱基93購02  ,0,0,0,0,0,0,0,0,0,-61000,0,0,0,0,61000,-61000,-61000
044512,奇力新凱基93購02,0,0,0,0,0,0,0,0,0,-61000,0,0,0,0,61000,-61000,-61000
046039,新日興元大92購02,0,0,0,0,0,0,0,0,0,-61000,0,0,0,12000,73000,-61000,-61000
048898,晶相光國泰96購01,0,0,0,0,0,0,0,0,0,-61000,0,0,0,265000,326000,-61000,-61000
047995,台達電元大96購01,0,0,0,0,0,0,0,0,0,-61000,0,0,0,1000,62000,-61000,-61000
051404,牧德永豐96購01  ,0,0,0,0,0,0,0,0,0,-61000,0,0,0,97000,158000,-61000,-61000
051649,中磊永豐95購02  ,0,0,0,0,0,0,0,0,0,-61000,0,0,0,0,61000,-61000,-61000
051685,台光電凱基95購01,0,0,0,0,0,0,0,0,0,-61000,0,0,0,0,61000,-61000,-61000
052375,奇力新元大96購02,0,0,0,0,0,0,0,0,0,-61000,0,0,0,64000,125000,-61000,-61000
8422,可寧衛          ,18000,78000,-60000,0,0,0,0,0,0,-1000,0,1000,-1000,0,0,0,-61000
055478,訊芯凱基97購01  ,0,0,0,0,0,0,0,0,0,-62000,0,0,0,106000,168000,-62000,-62000
06142P,台虹康和97售02  ,0,0,0,0,0,0,0,0,0,-62000,0,0,0,42000,104000,-62000,-62000
053969,瑞昱元大97購01  ,0,0,0,0,0,0,0,0,0,-62000,0,0,0,95000,157000,-62000,-62000
054373,富邦金中信97購01,0,0,0,0,0,0,0,0,0,-62000,0,0,0,0,62000,-62000,-62000
054517,高鐵元大96購01  ,0,0,0,0,0,0,0,0,0,-62000,0,0,0,0,62000,-62000,-62000
055103,南港凱基97購01  ,0,0,0,0,0,0,0,0,0,-62000,0,0,0,59000,121000,-62000,-62000
044963,台積電中信96購01,0,0,0,0,0,0,0,0,0,-62000,0,0,0,9000,71000,-62000,-62000
04853P,易華電永豐94售03,0,0,0,0,0,0,0,0,0,-62000,0,0,0,0,62000,-62000,-62000
049138,台積電元大94購05,0,0,0,0,0,0,0,0,0,-62000,0,0,0,13000,75000,-62000,-62000
051153,鴻海國泰97購02  ,0,0,0,0,0,0,0,0,0,-62000,0,0,0,8000,70000,-62000,-62000
051578,智邦元大96購01  ,0,0,0,0,0,0,0,0,0,-62000,0,0,0,25000,87000,-62000,-62000
051528,亞泥國票96購01  ,0,0,0,0,0,0,0,0,0,-62000,0,0,0,10000,72000,-62000,-62000
050514,聯電元大94購01  ,0,0,0,0,0,0,0,0,0,-62000,0,0,0,0,62000,-62000,-62000
052732,新唐國泰97購01  ,0,0,0,0,0,0,0,0,0,-62000,0,0,0,0,62000,-62000,-62000
053471,正崴元大96購01  ,0,0,0,0,0,0,0,0,0,-62000,0,0,0,1000,63000,-62000,-62000
054418,茂林元大97購01  ,0,0,0,0,0,0,0,0,0,-63000,0,0,0,33000,96000,-63000,-63000
054200,美律富邦97購02  ,0,0,0,0,0,0,0,0,0,-63000,0,0,0,8000,71000,-63000,-63000
055246,美律統一98購01  ,0,0,0,0,0,0,0,0,0,-63000,0,0,0,150000,213000,-63000,-63000
05604P,聯發科元大96售10,0,0,0,0,0,0,0,0,0,-63000,0,0,0,210000,273000,-63000,-63000
044511,全新凱基92購01  ,0,0,0,0,0,0,0,0,0,-63000,0,0,0,0,63000,-63000,-63000
051243,微星元大95購01  ,0,0,0,0,0,0,0,0,0,-63000,0,0,0,95000,158000,-63000,-63000
049132,大成鋼元大94購01,0,0,0,0,0,0,0,0,0,-63000,0,0,0,5000,68000,-63000,-63000
048980,嘉澤元大94購02  ,0,0,0,0,0,0,0,0,0,-63000,0,0,0,65000,128000,-63000,-63000
053465,聯電元大96購05  ,0,0,0,0,0,0,0,0,0,-63000,0,0,0,0,63000,-63000,-63000
053484,國巨國票97購03  ,0,0,0,0,0,0,0,0,0,-63000,0,0,0,45000,108000,-63000,-63000
051770,南茂元大95購02  ,0,0,0,0,0,0,0,0,0,-63000,0,0,0,0,63000,-63000,-63000
051801,牧德永豐95購04  ,0,0,0,0,0,0,0,0,0,-63000,0,0,0,89000,152000,-63000,-63000
051989,華固元大95購02  ,0,0,0,0,0,0,0,0,0,-63000,0,0,0,0,63000,-63000,-63000
5243,乙盛-KY         ,32000,92000,-60000,0,0,0,0,0,0,-3000,0,3000,-3000,0,0,0,-63000
1702,南僑            ,31000,41000,-10000,0,0,0,0,50000,-50000,-3000,0,3000,-3000,0,0,0,-63000
055722,聯鈞元大97購03  ,0,0,0,0,0,0,0,0,0,-64000,0,0,0,92000,156000,-64000,-64000
054404,新日興康和96購01,0,0,0,0,0,0,0,0,0,-64000,0,0,0,36000,100000,-64000,-64000
054854,台積電麥證97購01,0,0,0,20000,84000,-64000,0,0,0,-64000,0,0,0,20000,84000,-64000,-64000
045228,泰鼎元大93購01  ,0,0,0,0,0,0,0,0,0,-64000,0,0,0,22000,86000,-64000,-64000
048131,全新國票94購02  ,0,0,0,0,0,0,0,0,0,-64000,0,0,0,0,64000,-64000,-64000
049584,台積電元大96購04,0,0,0,0,0,0,0,0,0,-64000,0,0,0,27000,91000,-64000,-64000
049940,臺股指元大94購21,0,0,0,0,0,0,0,0,0,-64000,0,0,0,0,64000,-64000,-64000
053413,台積電國票99購01,0,0,0,0,0,0,0,0,0,-64000,0,0,0,0,64000,-64000,-64000
052650,台郡永豐96購01  ,0,0,0,0,0,0,0,0,0,-64000,0,0,0,4000,68000,-64000,-64000
3321,同泰            ,39000,23000,16000,0,0,0,0,0,0,-80000,0,80000,-80000,0,0,0,-64000
1464,得力            ,423000,692646,-269646,0,0,0,0,0,0,205000,0,6000,-6000,211000,0,211000,-64646
05502P,台表科國票97售01,0,0,0,0,0,0,0,0,0,-65000,0,0,0,46000,111000,-65000,-65000
054951,大毅元大97購01  ,0,0,0,0,0,0,0,0,0,-65000,0,0,0,340000,405000,-65000,-65000
054492,嘉聯益台新96購01,0,0,0,0,0,0,0,0,0,-65000,0,0,0,0,65000,-65000,-65000
044988,玉晶光統一95購01,0,0,0,0,0,0,0,0,0,-65000,0,0,0,1000,66000,-65000,-65000
046109,遠東新元大92購01,0,0,0,0,0,0,0,0,0,-65000,0,0,0,0,65000,-65000,-65000
046610,義隆國票93購01  ,0,0,0,0,0,0,0,0,0,-65000,0,0,0,66000,131000,-65000,-65000
04549P,茂林元大94售02  ,0,0,0,0,0,0,0,0,0,-65000,0,0,0,36000,101000,-65000,-65000
047181,智邦元大93購06  ,0,0,0,0,0,0,0,0,0,-65000,0,0,0,0,65000,-65000,-65000
048707,南電國票95購01  ,0,0,0,0,0,0,0,0,0,-65000,0,0,0,0,65000,-65000,-65000
047952,華通永豐93購03  ,0,0,0,0,0,0,0,0,0,-65000,0,0,0,3000,68000,-65000,-65000
052699,友達國票97購01  ,0,0,0,0,0,0,0,0,0,-65000,0,0,0,0,65000,-65000,-65000
052512,全新凱基96購03  ,0,0,0,0,0,0,0,0,0,-65000,0,0,0,0,65000,-65000,-65000
053424,欣興永豐96購02  ,0,0,0,0,0,0,0,0,0,-65000,0,0,0,43000,108000,-65000,-65000
053607,大立光第一96購01,0,0,0,0,0,0,0,0,0,-65000,0,0,0,5000,70000,-65000,-65000
051780,矽力群益95購01  ,0,0,0,0,0,0,0,0,0,-65000,0,0,0,53000,118000,-65000,-65000
051553,牧德永豐96購02  ,0,0,0,0,0,0,0,0,0,-65000,0,0,0,92000,157000,-65000,-65000
054277,亞光群益97購01  ,0,0,0,0,0,0,0,0,0,-66000,0,0,0,20000,86000,-66000,-66000
054309,禾伸堂凱基98購01,0,0,0,0,0,0,0,0,0,-66000,0,0,0,0,66000,-66000,-66000
054749,聯茂凱基98購01  ,0,0,0,0,0,0,0,0,0,-66000,0,0,0,0,66000,-66000,-66000
055548,旺宏凱基97購02  ,0,0,0,0,0,0,0,0,0,-66000,0,0,0,106000,172000,-66000,-66000
055575,華新科統一98購01,0,0,0,0,0,0,0,0,0,-66000,0,0,0,30000,96000,-66000,-66000
042326,元油2X國票94購01,0,0,0,0,0,0,0,0,0,-66000,0,0,0,0,66000,-66000,-66000
046722,智邦元大93購02  ,0,0,0,0,0,0,0,0,0,-66000,0,0,0,0,66000,-66000,-66000
04693P,超眾群益95售01  ,0,0,0,0,0,0,0,0,0,-66000,0,0,0,45000,111000,-66000,-66000
051335,華固永豐95購01  ,0,0,0,0,0,0,0,0,0,-66000,0,0,0,0,66000,-66000,-66000
050825,嘉澤凱基95購01  ,0,0,0,0,0,0,0,0,0,-66000,0,0,0,26000,92000,-66000,-66000
052133,華邦電凱基9B購01,0,0,0,0,0,0,0,0,0,-66000,0,0,0,2000,68000,-66000,-66000
053432,世紀鋼永豐96購02,0,0,0,0,0,0,0,0,0,-66000,0,0,0,0,66000,-66000,-66000
055263,華新科富邦9A購01,0,0,0,0,0,0,0,0,0,-67000,0,0,0,112000,179000,-67000,-67000
054687,建準永豐97購02  ,0,0,0,0,0,0,0,0,0,-67000,0,0,0,0,67000,-67000,-67000
054887,大毅統一98購01  ,0,0,0,0,0,0,0,0,0,-67000,0,0,0,8000,75000,-67000,-67000
055163,訊芯元大98購01  ,0,0,0,0,0,0,0,0,0,-67000,0,0,0,330000,397000,-67000,-67000
046816,智邦凱基93購02  ,0,0,0,0,0,0,0,0,0,-67000,0,0,0,1000,68000,-67000,-67000
046020,滬深2X元大95購02,0,0,0,0,0,0,0,0,0,-67000,0,0,0,105000,172000,-67000,-67000
049617,光罩群益94購03  ,0,0,0,0,0,0,0,0,0,-67000,0,0,0,301000,368000,-67000,-67000
053279,景碩元大97購01  ,0,0,0,0,0,0,0,0,0,-67000,0,0,0,55000,122000,-67000,-67000
052763,晶技群益97購01  ,0,0,0,0,0,0,0,0,0,-67000,0,0,0,33000,100000,-67000,-67000
052086,鴻海元大96購08  ,0,0,0,0,0,0,0,0,0,-67000,0,0,0,0,67000,-67000,-67000
051996,康友元大95購01  ,0,0,0,0,0,0,0,0,0,-67000,0,0,0,48000,115000,-67000,-67000
051353,聯發科元大95購08,0,0,0,0,0,0,0,0,0,-67000,0,0,0,65000,132000,-67000,-67000
2022,聚亨            ,8000,75000,-67000,0,0,0,0,0,0,0,0,0,0,0,0,0,-67000
2419,仲琦            ,87000,154000,-67000,0,0,0,0,0,0,0,0,0,0,0,0,0,-67000
055132,台虹康和97購01  ,0,0,0,0,0,0,0,0,0,-68000,0,0,0,0,68000,-68000,-68000
054274,智易中信96購02  ,0,0,0,0,0,0,0,0,0,-68000,0,0,0,0,68000,-68000,-68000
054342,亞光元富99購01  ,0,0,0,0,0,0,0,0,0,-68000,0,0,0,10000,78000,-68000,-68000
055237,晶豪科台新97購01,0,0,0,0,0,0,0,0,0,-68000,0,0,0,0,68000,-68000,-68000
055291,京鼎元大97購02  ,0,0,0,0,0,0,0,0,0,-68000,0,0,0,95000,163000,-68000,-68000
050069,禾伸堂凱基94購04,0,0,0,0,0,0,0,0,0,-68000,0,0,0,3000,71000,-68000,-68000
044358,TPK元大92購02   ,0,0,0,0,0,0,0,0,0,-68000,0,0,0,0,68000,-68000,-68000
049488,智邦元大95購01  ,0,0,0,0,0,0,0,0,0,-68000,0,0,0,0,68000,-68000,-68000
048830,和鑫凱基94購03  ,0,0,0,0,0,0,0,0,0,-68000,0,0,0,0,68000,-68000,-68000
048919,堤維西永豐94購01,0,0,0,0,0,0,0,0,0,-68000,0,0,0,0,68000,-68000,-68000
048200,欣興元大93購07  ,0,0,0,0,0,0,0,0,0,-68000,0,0,0,0,68000,-68000,-68000
048156,正崴兆豐93購01  ,0,0,0,0,0,0,0,0,0,-68000,0,0,0,10000,78000,-68000,-68000
047819,南茂凱基93購04  ,0,0,0,0,0,0,0,0,0,-68000,0,0,0,0,68000,-68000,-68000
047841,致伸元大94購01  ,0,0,0,0,0,0,0,0,0,-68000,0,0,0,0,68000,-68000,-68000
047326,致伸元大93購03  ,0,0,0,0,0,0,0,0,0,-68000,0,0,0,0,68000,-68000,-68000
047334,南茂元大93購03  ,0,0,0,0,0,0,0,0,0,-68000,0,0,0,0,68000,-68000,-68000
051235,鴻海元大95購06  ,0,0,0,0,0,0,0,0,0,-68000,0,0,0,0,68000,-68000,-68000
051101,台表科元大96購02,0,0,0,0,0,0,0,0,0,-68000,0,0,0,0,68000,-68000,-68000
047451,世紀鋼元大93購04,0,0,0,0,0,0,0,0,0,-68000,0,0,0,0,68000,-68000,-68000
047550,聯發科凱基93購13,0,0,0,0,0,0,0,0,0,-68000,0,0,0,13000,81000,-68000,-68000
047542,華通凱基94購02  ,0,0,0,0,0,0,0,0,0,-68000,0,0,0,45000,113000,-68000,-68000
048517,致伸凱基93購06  ,0,0,0,0,0,0,0,0,0,-68000,0,0,0,5000,73000,-68000,-68000
050643,為升凱基94購08  ,0,0,0,0,0,0,0,0,0,-68000,0,0,0,0,68000,-68000,-68000
051920,南茂元大95購03  ,0,0,0,0,0,0,0,0,0,-68000,0,0,0,0,68000,-68000,-68000
051865,聯發科凱基96購04,0,0,0,0,0,0,0,0,0,-68000,0,0,0,35000,103000,-68000,-68000
052221,東元凱基95購01  ,0,0,0,0,0,0,0,0,0,-68000,0,0,0,32000,100000,-68000,-68000
052222,力山凱基95購02  ,0,0,0,0,0,0,0,0,0,-68000,0,0,0,0,68000,-68000,-68000
05268P,玉晶光元大98售01,0,0,0,0,0,0,0,0,0,-68000,0,0,0,40000,108000,-68000,-68000
052604,建準元大97購01  ,0,0,0,0,0,0,0,0,0,-68000,0,0,0,172000,240000,-68000,-68000
052846,智邦統一97購01  ,0,0,0,0,0,0,0,0,0,-68000,0,0,0,32000,100000,-68000,-68000
052988,智易元大96購02  ,0,0,0,0,0,0,0,0,0,-68000,0,0,0,10000,78000,-68000,-68000
053044,南茂凱基96購02  ,0,0,0,0,0,0,0,0,0,-68000,0,0,0,0,68000,-68000,-68000
053001,力山永豐96購01  ,0,0,0,0,0,0,0,0,0,-68000,0,0,0,0,68000,-68000,-68000
9105,泰金寶-DR       ,201000,269000,-68000,0,0,0,0,0,0,0,0,0,0,0,0,0,-68000
055293,晶相光元大97購01,0,0,0,0,0,0,0,0,0,-69000,0,0,0,46000,115000,-69000,-69000
055674,南港康和97購02  ,0,0,0,0,0,0,0,0,0,-69000,0,0,0,3000,72000,-69000,-69000
054888,泰碩統一97購01  ,0,0,0,0,0,0,0,0,0,-69000,0,0,0,0,69000,-69000,-69000
054964,智易元大99購01  ,0,0,0,0,0,0,0,0,0,-69000,0,0,0,36000,105000,-69000,-69000
046970,聯詠群益93購01  ,0,0,0,0,0,0,0,0,0,-69000,0,0,0,31000,100000,-69000,-69000
047591,訊芯永豐93購02  ,0,0,0,0,0,0,0,0,0,-69000,0,0,0,97000,166000,-69000,-69000
051165,可成元大95購01  ,0,0,0,0,0,0,0,0,0,-69000,0,0,0,0,69000,-69000,-69000
049388,南電元大94購05  ,0,0,0,0,0,0,0,0,0,-69000,0,0,0,0,69000,-69000,-69000
053625,國巨兆豐96購03  ,0,0,0,0,0,0,0,0,0,-69000,0,0,0,30000,99000,-69000,-69000
052069,聯茂兆豐96購01  ,0,0,0,0,0,0,0,0,0,-69000,0,0,0,13000,82000,-69000,-69000
052078,大立光元富95購10,0,0,0,0,0,0,0,0,0,-69000,0,0,0,0,69000,-69000,-69000
050848,日月光國票95購01,0,0,0,0,0,0,0,0,0,-69000,0,0,0,306000,375000,-69000,-69000
051673,玉晶光元大96購04,0,0,0,0,0,0,0,0,0,-69000,0,0,0,5000,74000,-69000,-69000
051644,聯茂康和95購01  ,0,0,0,0,0,0,0,0,0,-69000,0,0,0,1000,70000,-69000,-69000
054912,群光凱基97購01  ,0,0,0,0,0,0,0,0,0,-70000,0,0,0,0,70000,-70000,-70000
054837,欣興第一97購01  ,0,0,0,0,0,0,0,0,0,-70000,0,0,0,0,70000,-70000,-70000
05419P,矽力永豐95售02  ,0,0,0,0,0,0,0,0,0,-70000,0,0,0,0,70000,-70000,-70000
055515,聚陽中信9A購01  ,0,0,0,0,0,0,0,0,0,-70000,0,0,0,0,70000,-70000,-70000
047022,聯發科元大93購07,0,0,0,0,0,0,0,0,0,-70000,0,0,0,5000,75000,-70000,-70000
046869,聯發科統一95購01,0,0,0,0,0,0,0,0,0,-70000,0,0,0,30000,100000,-70000,-70000
044751,鴻海凱基93購08  ,0,0,0,0,0,0,0,0,0,-70000,0,0,0,410000,480000,-70000,-70000
04474P,聯發科元大94售03,0,0,0,0,0,0,0,0,0,-70000,0,0,0,0,70000,-70000,-70000
046002,美律統一93購01  ,0,0,0,0,0,0,0,0,0,-70000,0,0,0,142000,212000,-70000,-70000
044479,群創統一91購01  ,0,0,0,0,0,0,0,0,0,-70000,0,0,0,0,70000,-70000,-70000
03029X,元展26          ,0,0,0,0,0,0,0,0,0,-70000,0,0,0,0,70000,-70000,-70000
046646,冠德國泰94購01  ,0,0,0,0,0,0,0,0,0,-70000,0,0,0,0,70000,-70000,-70000
04168P,元金2X凱基99售01,0,0,0,0,0,0,0,0,0,-70000,0,0,0,0,70000,-70000,-70000
048834,牧德凱基94購01  ,0,0,0,0,0,0,0,0,0,-70000,0,0,0,52000,122000,-70000,-70000
04859P,台達電群益94售04,0,0,0,0,0,0,0,0,0,-70000,0,0,0,1000,71000,-70000,-70000
050914,健鼎中信95購01  ,0,0,0,0,0,0,0,0,0,-70000,0,0,0,0,70000,-70000,-70000
049847,旺宏群益94購04  ,0,0,0,0,0,0,0,0,0,-70000,0,0,0,0,70000,-70000,-70000
047504,滬深2X國票9A購01,0,0,0,0,0,0,0,0,0,-70000,0,0,0,0,70000,-70000,-70000
051591,玉晶光元大97購01,0,0,0,0,0,0,0,0,0,-70000,0,0,0,10000,80000,-70000,-70000
051467,GIS富邦96購01   ,0,0,0,0,0,0,0,0,0,-70000,0,0,0,150000,220000,-70000,-70000
052104,英業達兆豐96購01,0,0,0,0,0,0,0,0,0,-70000,0,0,0,0,70000,-70000,-70000
052165,訊芯永豐95購03  ,0,0,0,0,0,0,0,0,0,-70000,0,0,0,10000,80000,-70000,-70000
052347,GIS凱基95購05   ,0,0,0,0,0,0,0,0,0,-70000,0,0,0,50000,120000,-70000,-70000
052323,矽力元大95購04  ,0,0,0,0,0,0,0,0,0,-70000,0,0,0,6000,76000,-70000,-70000
053576,智原元富96購01  ,0,0,0,0,0,0,0,0,0,-70000,0,0,0,0,70000,-70000,-70000
053185,友達中信99購01  ,0,0,0,0,0,0,0,0,0,-70000,0,0,0,0,70000,-70000,-70000
053210,華邦電凱基97購02,0,0,0,0,0,0,0,0,0,-70000,0,0,0,0,70000,-70000,-70000
053105,鴻海兆豐97購01  ,0,0,0,0,0,0,0,0,0,-70000,0,0,0,0,70000,-70000,-70000
05266P,華新科元大95售11,0,0,0,0,0,0,0,0,0,-70000,0,0,0,0,70000,-70000,-70000
2106,建大            ,29000,82000,-53000,0,0,0,0,0,0,-17000,0,17000,-17000,0,0,0,-70000
055337,超眾兆豐98購01  ,0,0,0,0,0,0,0,0,0,-71000,0,0,0,0,71000,-71000,-71000
05967P,臺股指麥證96售02,0,0,0,0,71000,-71000,0,0,0,-71000,0,0,0,0,71000,-71000,-71000
055106,台積電凱基98購05,0,0,0,0,0,0,0,0,0,-71000,0,0,0,40000,111000,-71000,-71000
00753L,中信中國50正2   ,0,0,0,0,0,0,0,0,0,-71000,0,0,0,163000,234000,-71000,-71000
03999P,鴻海凱基94售11  ,0,0,0,0,0,0,0,0,0,-71000,0,0,0,0,71000,-71000,-71000
046172,美律永豐92購01  ,0,0,0,0,0,0,0,0,0,-71000,0,0,0,58000,129000,-71000,-71000
046826,統一群益94購01  ,0,0,0,0,0,0,0,0,0,-71000,0,0,0,10000,81000,-71000,-71000
051195,台郡中信95購01  ,0,0,0,0,0,0,0,0,0,-71000,0,0,0,20000,91000,-71000,-71000
052552,智邦國票97購01  ,0,0,0,0,0,0,0,0,0,-71000,0,0,0,3000,74000,-71000,-71000
053166,聯詠群益96購02  ,0,0,0,0,0,0,0,0,0,-71000,0,0,0,20000,91000,-71000,-71000
051834,南電元大96購02  ,0,0,0,0,0,0,0,0,0,-71000,0,0,0,0,71000,-71000,-71000
051489,世芯凱基95購01  ,0,0,0,0,0,0,0,0,0,-71000,0,0,0,46000,117000,-71000,-71000
051383,京鼎群益96購02  ,0,0,0,0,0,0,0,0,0,-71000,0,0,0,101000,172000,-71000,-71000
054785,建準群益98購01  ,0,0,0,0,0,0,0,0,0,-72000,0,0,0,10000,82000,-72000,-72000
055580,南茂統一97購01  ,0,0,0,0,0,0,0,0,0,-72000,0,0,0,0,72000,-72000,-72000
055782,新日興凱基99購01,0,0,0,0,0,0,0,0,0,-72000,0,0,0,0,72000,-72000,-72000
05617P,大立光統一97售02,0,0,0,0,0,0,0,0,0,-72000,0,0,0,8000,80000,-72000,-72000
046889,燿華群益93購02  ,0,0,0,0,0,0,0,0,0,-72000,0,0,0,10000,82000,-72000,-72000
046538,大立光群益93購06,0,0,0,0,0,0,0,0,0,-72000,0,0,0,20000,92000,-72000,-72000
050987,台泥富邦95購01  ,0,0,0,0,0,0,0,0,0,-72000,0,0,0,1000,73000,-72000,-72000
049019,美律群益94購02  ,0,0,0,0,0,0,0,0,0,-72000,0,0,0,54000,126000,-72000,-72000
050892,聯電元大96購02  ,0,0,0,0,0,0,0,0,0,-72000,0,0,0,0,72000,-72000,-72000
053811,國巨群益98購02  ,0,0,0,0,0,0,0,0,0,-72000,0,0,0,15000,87000,-72000,-72000
055426,旺宏群益99購02  ,0,0,0,0,0,0,0,0,0,-73000,0,0,0,0,73000,-73000,-73000
054828,正崴國泰99購01  ,0,0,0,0,0,0,0,0,0,-73000,0,0,0,1000,74000,-73000,-73000
054346,世芯國票97購01  ,0,0,0,0,0,0,0,0,0,-73000,0,0,0,0,73000,-73000,-73000
054012,廣達永豐96購01  ,0,0,0,0,0,0,0,0,0,-73000,0,0,0,112000,185000,-73000,-73000
035274,華新台新97購01  ,0,0,0,0,0,0,0,0,0,-73000,0,0,0,0,73000,-73000,-73000
03856P,易華電永豐93售01,0,0,0,0,0,0,0,0,0,-73000,0,0,0,0,73000,-73000,-73000
046405,京元電元大92購07,0,0,0,0,0,0,0,0,0,-73000,0,0,0,0,73000,-73000,-73000
045344,可成凱基92購06  ,0,0,0,0,0,0,0,0,0,-73000,0,0,0,0,73000,-73000,-73000
049404,訊芯群益94購02  ,0,0,0,0,0,0,0,0,0,-73000,0,0,0,30000,103000,-73000,-73000
051246,美律元大96購01  ,0,0,0,0,0,0,0,0,0,-73000,0,0,0,23000,96000,-73000,-73000
052899,和大國票97購01  ,0,0,0,0,0,0,0,0,0,-73000,0,0,0,62000,135000,-73000,-73000
050785,全新國泰96購01  ,0,0,0,0,0,0,0,0,0,-73000,0,0,0,5000,78000,-73000,-73000
051875,聯發科兆豐95購04,0,0,0,0,0,0,0,0,0,-73000,0,0,0,5000,78000,-73000,-73000
2702,華園            ,58000,130000,-72000,0,0,0,0,0,0,-1000,0,1000,-1000,0,0,0,-73000
2354,鴻準            ,1005343,1068000,-62657,0,0,0,0,0,0,-11000,6000,17000,-11000,0,0,0,-73657
054337,智邦統一96購01  ,0,0,0,0,0,0,0,0,0,-74000,0,0,0,95000,169000,-74000,-74000
054308,嘉晶凱基98購01  ,0,0,0,0,0,0,0,0,0,-74000,0,0,0,4000,78000,-74000,-74000
055265,玉晶光永豐98購03,0,0,0,0,0,0,0,0,0,-74000,0,0,0,74000,148000,-74000,-74000
05895P,奇力新群益96售03,0,0,0,0,0,0,0,0,0,-74000,0,0,0,24000,98000,-74000,-74000
051167,京鼎元大95購01  ,0,0,0,0,0,0,0,0,0,-74000,0,0,0,75000,149000,-74000,-74000
047194,世紀鋼元大96購01,0,0,0,0,0,0,0,0,0,-74000,0,0,0,0,74000,-74000,-74000
049817,南電元大94購07  ,0,0,0,0,0,0,0,0,0,-74000,0,0,0,0,74000,-74000,-74000
048667,旺宏永豐94購02  ,0,0,0,0,0,0,0,0,0,-74000,0,0,0,38000,112000,-74000,-74000
047840,新日興元大93購03,0,0,0,0,0,0,0,0,0,-74000,0,0,0,12000,86000,-74000,-74000
047862,超眾台新93購01  ,0,0,0,0,0,0,0,0,0,-74000,0,0,0,0,74000,-74000,-74000
053774,台達電元大96購04,0,0,0,0,0,0,0,0,0,-74000,0,0,0,1000,75000,-74000,-74000
3047,訊舟            ,16000,82000,-66000,0,0,0,0,0,0,-8000,0,8000,-8000,0,0,0,-74000
05925P,晶技永豐96售03  ,0,0,0,0,0,0,0,0,0,-75000,0,0,0,0,75000,-75000,-75000
054579,聯茂元大97購01  ,0,0,0,0,0,0,0,0,0,-75000,0,0,0,0,75000,-75000,-75000
054910,信錦凱基97購01  ,0,0,0,0,0,0,0,0,0,-75000,0,0,0,0,75000,-75000,-75000
044735,光磊國泰93購01  ,0,0,0,0,0,0,0,0,0,-75000,0,0,0,45000,120000,-75000,-75000
045695,英業達兆豐93購01,0,0,0,0,0,0,0,0,0,-75000,0,0,0,5000,80000,-75000,-75000
048172,祥碩永豐93購02  ,0,0,0,0,0,0,0,0,0,-75000,0,0,0,92000,167000,-75000,-75000
048661,瑞昱統一93購05  ,0,0,0,0,0,0,0,0,0,-75000,0,0,0,20000,95000,-75000,-75000
048595,儒鴻國票96購01  ,0,0,0,0,0,0,0,0,0,-75000,0,0,0,0,75000,-75000,-75000
049757,聯茂永豐94購01  ,0,0,0,0,0,0,0,0,0,-75000,0,0,0,0,75000,-75000,-75000
053463,可成富邦98購01  ,0,0,0,0,0,0,0,0,0,-75000,0,0,0,30000,105000,-75000,-75000
053126,健策凱基97購02  ,0,0,0,0,0,0,0,0,0,-75000,0,0,0,0,75000,-75000,-75000
051378,奇力新群益95購01,0,0,0,0,0,0,0,0,0,-75000,0,0,0,135000,210000,-75000,-75000
051525,日月光凱基95購02,0,0,0,0,0,0,0,0,0,-75000,0,0,0,1000,76000,-75000,-75000
05905P,晶技統一97售01  ,0,0,0,0,0,0,0,0,0,-76000,0,0,0,16000,92000,-76000,-76000
055381,茂林元大97購02  ,0,0,0,0,0,0,0,0,0,-76000,0,0,0,31000,107000,-76000,-76000
04177P,富邦金元大94售01,0,0,0,0,0,0,0,0,0,-76000,0,0,0,0,76000,-76000,-76000
050113,欣興元大95購05  ,0,0,0,0,0,0,0,0,0,-76000,0,0,0,0,76000,-76000,-76000
045803,旺宏國票93購01  ,0,0,0,0,0,0,0,0,0,-76000,0,0,0,0,76000,-76000,-76000
051062,超眾群益95購02  ,0,0,0,0,0,0,0,0,0,-76000,0,0,0,50000,126000,-76000,-76000
04903P,全新永豐94售05  ,0,0,0,0,0,0,0,0,0,-76000,0,0,0,0,76000,-76000,-76000
051522,玉晶光凱基95購05,0,0,0,0,0,0,0,0,0,-76000,0,0,0,12000,88000,-76000,-76000
051861,鴻海凱基98購01  ,0,0,0,0,0,0,0,0,0,-76000,0,0,0,16000,92000,-76000,-76000
053340,建準國票97購01  ,0,0,0,0,0,0,0,0,0,-76000,0,0,0,0,76000,-76000,-76000
053176,矽力群益96購02  ,0,0,0,0,0,0,0,0,0,-76000,0,0,0,33000,109000,-76000,-76000
053806,鎧勝凱基96購02  ,0,0,0,0,0,0,0,0,0,-76000,0,0,0,0,76000,-76000,-76000
053658,亞光凱基96購01  ,0,0,0,0,0,0,0,0,0,-76000,0,0,0,10000,86000,-76000,-76000
2331,精英            ,103000,201000,-98000,0,0,0,0,0,0,22000,24000,2000,22000,0,0,0,-76000
05575P,玉晶光元富96售01,0,0,0,0,0,0,0,0,0,-77000,0,0,0,5000,82000,-77000,-77000
1439,中和            ,13000,86000,-73000,0,0,0,0,0,0,-4000,0,4000,-4000,0,0,0,-77000
054958,亞光元大97購03  ,0,0,0,0,0,0,0,0,0,-77000,0,0,0,43000,120000,-77000,-77000
054695,世芯永豐98購01  ,0,0,0,0,0,0,0,0,0,-77000,0,0,0,251000,328000,-77000,-77000
054350,美律國泰98購01  ,0,0,0,0,0,0,0,0,0,-77000,0,0,0,35000,112000,-77000,-77000
046412,潤泰全元大92購02,0,0,0,0,0,0,0,0,0,-77000,0,0,0,0,77000,-77000,-77000
045280,儒鴻富邦94購01  ,0,0,0,0,0,0,0,0,0,-77000,0,0,0,181000,258000,-77000,-77000
046968,台積電群益94購03,0,0,0,0,0,0,0,0,0,-77000,0,0,0,24000,101000,-77000,-77000
051103,緯穎元大96購03  ,0,0,0,0,0,0,0,0,0,-77000,0,0,0,45000,122000,-77000,-77000
050949,亞光群益96購01  ,0,0,0,0,0,0,0,0,0,-77000,0,0,0,20000,97000,-77000,-77000
052830,台光電群益96購01,0,0,0,0,0,0,0,0,0,-77000,0,0,0,39000,116000,-77000,-77000
052043,瑞昱日盛95購01  ,0,0,0,0,0,0,0,0,0,-77000,0,0,0,50000,127000,-77000,-77000
051678,鈺齊元大95購02  ,0,0,0,0,0,0,0,0,0,-77000,0,0,0,32000,109000,-77000,-77000
4137,麗豐-KY         ,31000,103000,-72000,0,0,0,0,0,0,-5000,0,1000,-1000,1000,5000,-4000,-77000
054334,超眾永豐96購04  ,0,0,0,0,0,0,0,0,0,-78000,0,0,0,0,78000,-78000,-78000
055405,華泰國泰98購01  ,0,0,0,0,0,0,0,0,0,-78000,0,0,0,22000,100000,-78000,-78000
05527P,聯茂群益96售01  ,0,0,0,0,0,0,0,0,0,-78000,0,0,0,0,78000,-78000,-78000
045814,可成麥證93購01  ,0,0,0,0,78000,-78000,0,0,0,-78000,0,0,0,0,78000,-78000,-78000
041409,創意中信93購01  ,0,0,0,0,0,0,0,0,0,-78000,0,0,0,312000,390000,-78000,-78000
052864,奇力新凱基96購02,0,0,0,0,0,0,0,0,0,-78000,0,0,0,25000,103000,-78000,-78000
052966,光磊群益96購01  ,0,0,0,0,0,0,0,0,0,-78000,0,0,0,0,78000,-78000,-78000
053114,聯茂兆豐97購01  ,0,0,0,0,0,0,0,0,0,-78000,0,0,0,71000,149000,-78000,-78000
053382,友達元大9C購02  ,0,0,0,0,0,0,0,0,0,-78000,0,0,0,20000,98000,-78000,-78000
1519,華城            ,65000,26000,39000,0,0,0,0,100000,-100000,-17000,0,17000,-17000,0,0,0,-78000
05536P,奇力新元大96售03,0,0,0,0,0,0,0,0,0,-79000,0,0,0,161000,240000,-79000,-79000
055550,華邦電凱基97購03,0,0,0,0,0,0,0,0,0,-79000,0,0,0,65000,144000,-79000,-79000
054258,牧德元大97購01  ,0,0,0,0,0,0,0,0,0,-79000,0,0,0,70000,149000,-79000,-79000
054152,漢唐國泰98購02  ,0,0,0,0,0,0,0,0,0,-79000,0,0,0,28000,107000,-79000,-79000
054632,緯穎凱基9A購01  ,0,0,0,0,0,0,0,0,0,-79000,0,0,0,61000,140000,-79000,-79000
054907,帆宣康和97購01  ,0,0,0,0,0,0,0,0,0,-79000,0,0,0,1000,80000,-79000,-79000
04318P,大成鋼永豐93售02,0,0,0,0,0,0,0,0,0,-79000,0,0,0,0,79000,-79000,-79000
047251,麗豐群益93購01  ,0,0,0,0,0,0,0,0,0,-79000,0,0,0,17000,96000,-79000,-79000
051135,建準永豐95購01  ,0,0,0,0,0,0,0,0,0,-79000,0,0,0,25000,104000,-79000,-79000
047726,友達群益94購02  ,0,0,0,0,0,0,0,0,0,-79000,0,0,0,24000,103000,-79000,-79000
048855,華新科群益94購02,0,0,0,0,0,0,0,0,0,-79000,0,0,0,110000,189000,-79000,-79000
048860,玉晶光群益96購03,0,0,0,0,0,0,0,0,0,-79000,0,0,0,10000,89000,-79000,-79000
048923,國巨永豐94購02  ,0,0,0,0,0,0,0,0,0,-79000,0,0,0,19000,98000,-79000,-79000
053322,京鼎群益97購01  ,0,0,0,0,0,0,0,0,0,-79000,0,0,0,75000,154000,-79000,-79000
050607,為升元大94購10  ,0,0,0,0,0,0,0,0,0,-79000,0,0,0,32000,111000,-79000,-79000
050674,瑞昱富邦94購02  ,0,0,0,0,0,0,0,0,0,-79000,0,0,0,0,79000,-79000,-79000
052314,鴻海元大96購11  ,0,0,0,0,0,0,0,0,0,-79000,0,0,0,1000,80000,-79000,-79000
4119,旭富            ,21000,98000,-77000,0,0,0,0,0,0,-2000,0,2000,-2000,0,0,0,-79000
054468,台郡凱基98購01  ,0,0,0,0,0,0,0,0,0,-80000,0,0,0,16000,96000,-80000,-80000
055627,亞德客永豐97購02,0,0,0,0,0,0,0,0,0,-80000,0,0,0,8000,88000,-80000,-80000
06245P,健策元富97售03  ,0,0,0,0,0,0,0,0,0,-80000,0,0,0,0,80000,-80000,-80000
06022P,緯穎永豐96售03  ,0,0,0,0,0,0,0,0,0,-80000,0,0,0,28000,108000,-80000,-80000
042805,智邦統一93購01  ,0,0,0,0,0,0,0,0,0,-80000,0,0,0,0,80000,-80000,-80000
04563P,可成凱基94售05  ,0,0,0,0,0,0,0,0,0,-80000,0,0,0,20000,100000,-80000,-80000
045720,台光電凱基93購07,0,0,0,0,0,0,0,0,0,-80000,0,0,0,0,80000,-80000,-80000
050139,華通亞東94購01  ,0,0,0,0,0,0,0,0,0,-80000,0,0,0,0,80000,-80000,-80000
049980,奇力新凱基94購04,0,0,0,0,0,0,0,0,0,-80000,0,0,0,72000,152000,-80000,-80000
050201,光磊群益94購01  ,0,0,0,0,0,0,0,0,0,-80000,0,0,0,0,80000,-80000,-80000
047997,南亞科元大93購03,0,0,0,0,0,0,0,0,0,-80000,0,0,0,0,80000,-80000,-80000
048629,滬深2X元大96購04,0,0,0,0,0,0,0,0,0,-80000,0,0,0,0,80000,-80000,-80000
049133,為升元大94購02  ,0,0,0,0,0,0,0,0,0,-80000,0,0,0,84000,164000,-80000,-80000
047537,聯發科日盛93購01,0,0,0,0,0,0,0,0,0,-80000,0,0,0,110000,190000,-80000,-80000
052386,鴻海群益96購02  ,0,0,0,0,0,0,0,0,0,-80000,0,0,0,20000,100000,-80000,-80000
052398,瑞昱凱基95購06  ,0,0,0,0,0,0,0,0,0,-80000,0,0,0,27000,107000,-80000,-80000
050782,台積電國泰96購03,0,0,0,0,0,0,0,0,0,-80000,0,0,0,0,80000,-80000,-80000
050806,華新科日盛95購01,0,0,0,0,0,0,0,0,0,-80000,0,0,0,102000,182000,-80000,-80000
051599,健鼎兆豐95購02  ,0,0,0,0,0,0,0,0,0,-80000,0,0,0,0,80000,-80000,-80000
051351,台積電元大95購15,0,0,0,0,0,0,0,0,0,-80000,0,0,0,11000,91000,-80000,-80000
053351,A50正2兆豐97購01,0,0,0,0,0,0,0,0,0,-80000,0,0,0,0,80000,-80000,-80000
053373,台泥元大96購01  ,0,0,0,0,0,0,0,0,0,-80000,0,0,0,39000,119000,-80000,-80000
05296P,牧德凱基96售01  ,0,0,0,0,0,0,0,0,0,-80000,0,0,0,100000,180000,-80000,-80000
05294P,亞光凱基95售02  ,0,0,0,0,0,0,0,0,0,-80000,0,0,0,200000,280000,-80000,-80000
052878,台虹凱基96購01  ,0,0,0,0,0,0,0,0,0,-80000,0,0,0,0,80000,-80000,-80000
2344,華邦電          ,3371039,3847000,-475961,0,0,0,6000,0,6000,389000,497000,37000,460000,100000,171000,-71000,-80961
05711P,茂林國票97售03  ,0,0,0,0,0,0,0,0,0,-81000,0,0,0,0,81000,-81000,-81000
055399,超眾統一99購01  ,0,0,0,0,0,0,0,0,0,-81000,0,0,0,0,81000,-81000,-81000
054488,禾伸堂台新96購01,0,0,0,0,0,0,0,0,0,-81000,0,0,0,55000,136000,-81000,-81000
055137,GIS富邦98購01   ,0,0,0,0,0,0,0,0,0,-81000,0,0,0,69000,150000,-81000,-81000
054614,玉晶光永豐97購03,0,0,0,0,0,0,0,0,0,-81000,0,0,0,62000,143000,-81000,-81000
046378,聯發科凱基92購04,0,0,0,0,0,0,0,0,0,-81000,0,0,0,11000,92000,-81000,-81000
04851P,創意永豐94售02  ,0,0,0,0,0,0,0,0,0,-81000,0,0,0,55000,136000,-81000,-81000
049735,台光電群益94購03,0,0,0,0,0,0,0,0,0,-81000,0,0,0,34000,115000,-81000,-81000
049738,神基群益94購01  ,0,0,0,0,0,0,0,0,0,-81000,0,0,0,11000,92000,-81000,-81000
051063,台郡群益95購01  ,0,0,0,0,0,0,0,0,0,-81000,0,0,0,11000,92000,-81000,-81000
049618,美律群益94購03  ,0,0,0,0,0,0,0,0,0,-81000,0,0,0,39000,120000,-81000,-81000
052982,鴻海元大97購06  ,0,0,0,0,0,0,0,0,0,-81000,0,0,0,0,81000,-81000,-81000
053670,台積電統一96購09,0,0,0,0,0,0,0,0,0,-81000,0,0,0,19000,100000,-81000,-81000
050898,智原元大96購01  ,0,0,0,0,0,0,0,0,0,-81000,0,0,0,157000,238000,-81000,-81000
050902,南電元大96購01  ,0,0,0,0,0,0,0,0,0,-81000,0,0,0,0,81000,-81000,-81000
052275,日月光群益95購01,0,0,0,0,0,0,0,0,0,-81000,0,0,0,0,81000,-81000,-81000
054569,GIS群益98購01   ,0,0,0,0,0,0,0,0,0,-82000,0,0,0,0,82000,-82000,-82000
055099,可成日盛97購01  ,0,0,0,0,0,0,0,0,0,-82000,0,0,0,0,82000,-82000,-82000
054914,億光凱基98購01  ,0,0,0,0,0,0,0,0,0,-82000,0,0,0,147000,229000,-82000,-82000
054316,矽創凱基97購01  ,0,0,0,0,0,0,0,0,0,-82000,0,0,0,33000,115000,-82000,-82000
053849,聯發科元富96購04,0,0,0,0,0,0,0,0,0,-82000,0,0,0,28000,110000,-82000,-82000
055402,正文元富97購02  ,0,0,0,0,0,0,0,0,0,-82000,0,0,0,0,82000,-82000,-82000
055734,奇力新元富97購02,0,0,0,0,0,0,0,0,0,-82000,0,0,0,0,82000,-82000,-82000
03957P,創意統一94售02  ,0,0,0,0,0,0,0,0,0,-82000,0,0,0,0,82000,-82000,-82000
051242,台積電元大96購06,0,0,0,0,0,0,0,0,0,-82000,0,0,0,30000,112000,-82000,-82000
051299,致茂凱基95購01  ,0,0,0,0,0,0,0,0,0,-82000,0,0,0,5000,87000,-82000,-82000
051617,台積電凱基95購14,0,0,0,0,0,0,0,0,0,-82000,0,0,0,0,82000,-82000,-82000
051687,大立光凱基95購12,0,0,0,0,0,0,0,0,0,-82000,0,0,0,2000,84000,-82000,-82000
053820,大立光群益96購05,0,0,0,0,0,0,0,0,0,-82000,0,0,0,110000,192000,-82000,-82000
053278,禾伸堂元大96購01,0,0,0,0,0,0,0,0,0,-82000,0,0,0,59000,141000,-82000,-82000
2547,日勝生          ,34000,99000,-65000,0,0,0,0,0,0,-17000,0,17000,-17000,0,0,0,-82000
8213,志超            ,20000,93000,-73000,0,0,0,0,0,0,-9000,0,9000,-9000,0,0,0,-82000
05595P,友達統一96售02  ,0,0,0,0,0,0,0,0,0,-83000,0,0,0,1000,84000,-83000,-83000
05556P,全新國票96售04  ,0,0,0,0,0,0,0,0,0,-83000,0,0,0,60000,143000,-83000,-83000
055398,超眾統一97購03  ,0,0,0,0,0,0,0,0,0,-83000,0,0,0,50000,133000,-83000,-83000
054042,華泰元大96購01  ,0,0,0,0,0,0,0,0,0,-83000,0,0,0,11000,94000,-83000,-83000
055013,訊連元富97購01  ,0,0,0,0,0,0,0,0,0,-83000,0,0,0,160000,243000,-83000,-83000
054546,玉晶光中信9B購01,0,0,0,0,0,0,0,0,0,-83000,0,0,0,25000,108000,-83000,-83000
047028,新日興元大93購02,0,0,0,0,0,0,0,0,0,-83000,0,0,0,110000,193000,-83000,-83000
052936,華通兆豐98購01  ,0,0,0,0,0,0,0,0,0,-83000,0,0,0,0,83000,-83000,-83000
051665,台積電元大96購07,0,0,0,0,0,0,0,0,0,-83000,0,0,0,0,83000,-83000,-83000
050869,健策永豐95購01  ,0,0,0,0,0,0,0,0,0,-83000,0,0,0,0,83000,-83000,-83000
052029,矽力群益95購02  ,0,0,0,0,0,0,0,0,0,-83000,0,0,0,50000,133000,-83000,-83000
054323,旺宏台新96購02  ,0,0,0,0,0,0,0,0,0,-84000,0,0,0,70000,154000,-84000,-84000
1444,力麗            ,20000,104000,-84000,0,0,0,0,0,0,0,0,0,0,0,0,0,-84000
046782,建準永豐93購01  ,0,0,0,0,0,0,0,0,0,-84000,0,0,0,125000,209000,-84000,-84000
045161,玉晶光國泰94購03,0,0,0,0,0,0,0,0,0,-84000,0,0,0,0,84000,-84000,-84000
046511,欣興元大92購08  ,0,0,0,0,0,0,0,0,0,-84000,0,0,0,0,84000,-84000,-84000
042317,台灣50永豐96購01,0,0,0,0,0,0,0,0,0,-84000,0,0,0,0,84000,-84000,-84000
051170,南電元大95購03  ,0,0,0,0,0,0,0,0,0,-84000,0,0,0,0,84000,-84000,-84000
049804,華固元大94購01  ,0,0,0,0,0,0,0,0,0,-84000,0,0,0,27000,111000,-84000,-84000
048888,牧德元富94購02  ,0,0,0,0,0,0,0,0,0,-84000,0,0,0,40000,124000,-84000,-84000
051540,力成國票95購01  ,0,0,0,0,0,0,0,0,0,-84000,0,0,0,1000,85000,-84000,-84000
6443,元晶            ,151000,235000,-84000,0,0,0,0,0,0,0,0,0,0,0,0,0,-84000
055259,玉晶光統一9A購01,0,0,0,0,0,0,0,0,0,-85000,0,0,0,40000,125000,-85000,-85000
055539,億光台新97購01  ,0,0,0,0,0,0,0,0,0,-85000,0,0,0,27000,112000,-85000,-85000
054654,全新麥證99購01  ,0,0,0,10000,95000,-85000,0,0,0,-85000,0,0,0,10000,95000,-85000,-85000
046533,為升群益92購02  ,0,0,0,0,0,0,0,0,0,-85000,0,0,0,0,85000,-85000,-85000
045227,致伸元大93購01  ,0,0,0,0,0,0,0,0,0,-85000,0,0,0,0,85000,-85000,-85000
046370,全新麥證93購01  ,0,0,0,40000,125000,-85000,0,0,0,-85000,0,0,0,40000,125000,-85000,-85000
047086,群創統一93購03  ,0,0,0,0,0,0,0,0,0,-85000,0,0,0,0,85000,-85000,-85000
046833,晶技群益93購01  ,0,0,0,0,0,0,0,0,0,-85000,0,0,0,41000,126000,-85000,-85000
048590,貿聯兆豐94購02  ,0,0,0,0,0,0,0,0,0,-85000,0,0,0,15000,100000,-85000,-85000
049408,旺宏日盛94購01  ,0,0,0,0,0,0,0,0,0,-85000,0,0,0,0,85000,-85000,-85000
049437,可成國泰96購01  ,0,0,0,0,0,0,0,0,0,-85000,0,0,0,124000,209000,-85000,-85000
049459,全新元富95購02  ,0,0,0,0,0,0,0,0,0,-85000,0,0,0,50000,135000,-85000,-85000
047432,台達電元大93購01,0,0,0,0,0,0,0,0,0,-85000,0,0,0,1000,86000,-85000,-85000
049086,晶相光凱基94購01,0,0,0,0,0,0,0,0,0,-85000,0,0,0,93000,178000,-85000,-85000
051462,世芯國泰97購01  ,0,0,0,0,0,0,0,0,0,-85000,0,0,0,176000,261000,-85000,-85000
050755,和大元富94購01  ,0,0,0,0,0,0,0,0,0,-85000,0,0,0,28000,113000,-85000,-85000
053377,台積電元大98購01,0,0,0,0,0,0,0,0,0,-85000,0,0,0,44000,129000,-85000,-85000
2616,山隆            ,2000,86000,-84000,0,0,0,0,0,0,-1000,0,1000,-1000,0,0,0,-85000
054587,玉晶光國泰99購01,0,0,0,0,0,0,0,0,0,-86000,0,0,0,11000,97000,-86000,-86000
055255,欣興統一97購02  ,0,0,0,0,0,0,0,0,0,-86000,0,0,0,0,86000,-86000,-86000
1417,嘉裕            ,29000,115000,-86000,0,0,0,0,0,0,0,0,0,0,0,0,0,-86000
00830,國泰費城半導體  ,0,0,0,0,0,0,0,0,0,-86000,0,0,0,37000,123000,-86000,-86000
051052,台積電群益95購01,0,0,0,0,0,0,0,0,0,-86000,0,0,0,63000,149000,-86000,-86000
051050,鴻海群益95購03  ,0,0,0,0,0,0,0,0,0,-86000,0,0,0,76000,162000,-86000,-86000
049357,微星富邦94購01  ,0,0,0,0,0,0,0,0,0,-86000,0,0,0,30000,116000,-86000,-86000
048791,智原元大94購02  ,0,0,0,0,0,0,0,0,0,-86000,0,0,0,39000,125000,-86000,-86000
051350,台積電元大95購14,0,0,0,0,0,0,0,0,0,-86000,0,0,0,12000,98000,-86000,-86000
2328,廣宇            ,97000,144000,-47000,0,0,0,0,0,0,-39000,0,8000,-8000,0,31000,-31000,-86000
06283P,祥碩永豐97售01  ,0,0,0,0,0,0,0,0,0,-87000,0,0,0,0,87000,-87000,-87000
055011,元翎元富97購01  ,0,0,0,0,0,0,0,0,0,-87000,0,0,0,2000,89000,-87000,-87000
054074,健策富邦98購01  ,0,0,0,0,0,0,0,0,0,-87000,0,0,0,1000,88000,-87000,-87000
036805,國巨元富93購02  ,0,0,0,0,0,0,0,0,0,-87000,0,0,0,407000,494000,-87000,-87000
042997,新光鋼元大94購01,0,0,0,0,0,0,0,0,0,-87000,0,0,0,332000,419000,-87000,-87000
047897,可成群益94購01  ,0,0,0,0,0,0,0,0,0,-87000,0,0,0,307000,394000,-87000,-87000
048495,南亞科元大93購04,0,0,0,0,0,0,0,0,0,-87000,0,0,0,90000,177000,-87000,-87000
051928,大立光中信96購03,0,0,0,0,0,0,0,0,0,-87000,0,0,0,6000,93000,-87000,-87000
053525,台積電中信96購04,0,0,0,0,0,0,0,0,0,-87000,0,0,0,166000,253000,-87000,-87000
2903,遠百            ,77000,140000,-63000,0,0,0,0,0,0,-24000,0,24000,-24000,0,0,0,-87000
8101,華冠            ,55000,142000,-87000,0,0,0,0,0,0,0,0,0,0,0,0,0,-87000
054386,鴻海統一98購03  ,0,0,0,0,0,0,0,0,0,-88000,0,0,0,0,88000,-88000,-88000
054742,京鼎凱基99購01  ,0,0,0,0,0,0,0,0,0,-88000,0,0,0,0,88000,-88000,-88000
05687P,臺股指元大96售12,0,0,0,0,0,0,0,0,0,-88000,0,0,0,48000,136000,-88000,-88000
05911P,南亞科永豐96售03,0,0,0,0,0,0,0,0,0,-88000,0,0,0,15000,103000,-88000,-88000
03416B,臺股指凱基95熊05,0,0,0,0,0,0,0,0,0,-88000,0,0,0,46000,134000,-88000,-88000
046333,康友元大92購05  ,0,0,0,0,0,0,0,0,0,-88000,0,0,0,18000,106000,-88000,-88000
046031,建準元大92購03  ,0,0,0,0,0,0,0,0,0,-88000,0,0,0,37000,125000,-88000,-88000
048435,致新國票93購01  ,0,0,0,0,0,0,0,0,0,-88000,0,0,0,21000,109000,-88000,-88000
047604,智原國泰95購01  ,0,0,0,0,0,0,0,0,0,-88000,0,0,0,103000,191000,-88000,-88000
04745P,祥碩元大94售04  ,0,0,0,0,0,0,0,0,0,-88000,0,0,0,296000,384000,-88000,-88000
047213,新日興富邦97購01,0,0,0,0,0,0,0,0,0,-88000,0,0,0,116000,204000,-88000,-88000
047142,中磊兆豐93購02  ,0,0,0,0,0,0,0,0,0,-88000,0,0,0,0,88000,-88000,-88000
047947,欣興統一93購04  ,0,0,0,0,0,0,0,0,0,-88000,0,0,0,0,88000,-88000,-88000
048640,南亞科元大93購06,0,0,0,0,0,0,0,0,0,-88000,0,0,0,0,88000,-88000,-88000
049416,美律凱基94購04  ,0,0,0,0,0,0,0,0,0,-88000,0,0,0,0,88000,-88000,-88000
052805,晶技元大97購01  ,0,0,0,0,0,0,0,0,0,-88000,0,0,0,118000,206000,-88000,-88000
052037,全新國泰96購02  ,0,0,0,0,0,0,0,0,0,-88000,0,0,0,0,88000,-88000,-88000
052415,台表科麥證95購02,0,0,0,22000,110000,-88000,0,0,0,-88000,0,0,0,22000,110000,-88000,-88000
051402,玉晶光永豐95購04,0,0,0,0,0,0,0,0,0,-88000,0,0,0,10000,98000,-88000,-88000
1598,岱宇            ,12000,99000,-87000,0,0,0,0,0,0,-1000,0,1000,-1000,0,0,0,-88000
050097,可成國泰96購02  ,0,0,0,0,0,0,0,0,0,-89000,0,0,0,63000,152000,-89000,-89000
047206,元金2X國泰94購01,0,0,0,0,0,0,0,0,0,-89000,0,0,0,580000,669000,-89000,-89000
051144,鴻海凱基95購12  ,0,0,0,0,0,0,0,0,0,-89000,0,0,0,0,89000,-89000,-89000
049950,南亞科群益94購02,0,0,0,0,0,0,0,0,0,-89000,0,0,0,10000,99000,-89000,-89000
052671,祥碩群益96購01  ,0,0,0,0,0,0,0,0,0,-89000,0,0,0,67000,156000,-89000,-89000
1736,喬山            ,150000,262000,-112000,0,0,0,0,0,0,23000,61000,3000,58000,8000,43000,-35000,-89000
054673,京鼎國泰98購01  ,0,0,0,0,0,0,0,0,0,-90000,0,0,0,184000,274000,-90000,-90000
054607,台積電永豐97購03,0,0,0,0,0,0,0,0,0,-90000,0,0,0,71000,161000,-90000,-90000
054000,訊芯群益96購02  ,0,0,0,0,0,0,0,0,0,-90000,0,0,0,31000,121000,-90000,-90000
049966,旺宏國票95購02  ,0,0,0,0,0,0,0,0,0,-90000,0,0,0,23000,113000,-90000,-90000
04690P,國巨群益94售06  ,0,0,0,0,0,0,0,0,0,-90000,0,0,0,30000,120000,-90000,-90000
046220,滬深2X元大95購03,0,0,0,0,0,0,0,0,0,-90000,0,0,0,70000,160000,-90000,-90000
046500,技嘉元大92購03  ,0,0,0,0,0,0,0,0,0,-90000,0,0,0,0,90000,-90000,-90000
048817,光寶科凱基94購02,0,0,0,0,0,0,0,0,0,-90000,0,0,0,0,90000,-90000,-90000
047969,台達電富邦97購01,0,0,0,0,0,0,0,0,0,-90000,0,0,0,272000,362000,-90000,-90000
048154,旺宏兆豐94購01  ,0,0,0,0,0,0,0,0,0,-90000,0,0,0,15000,105000,-90000,-90000
04949P,致新元大94售04  ,0,0,0,0,0,0,0,0,0,-90000,0,0,0,22000,112000,-90000,-90000
052733,台郡國泰97購01  ,0,0,0,0,0,0,0,0,0,-90000,0,0,0,46000,136000,-90000,-90000
053571,奇鋐統一96購02  ,0,0,0,0,0,0,0,0,0,-90000,0,0,0,0,90000,-90000,-90000
3703,欣陸            ,50000,140000,-90000,0,0,0,0,0,0,0,0,0,0,0,0,0,-90000
6230,超眾            ,275000,291000,-16000,0,0,0,0,92000,-92000,18000,17000,27000,-10000,44000,16000,28000,-90000
3702,大聯大          ,753897,769245,-15348,0,0,0,2000,58000,-56000,-19000,52000,170000,-118000,99000,0,99000,-90348
053968,華邦電元大97購01,0,0,0,0,0,0,0,0,0,-91000,0,0,0,5000,96000,-91000,-91000
054352,世芯國泰98購01  ,0,0,0,0,0,0,0,0,0,-91000,0,0,0,3000,94000,-91000,-91000
054303,國巨凱基96購15  ,0,0,0,0,0,0,0,0,0,-91000,0,0,0,20000,111000,-91000,-91000
054702,智邦第一97購01  ,0,0,0,0,0,0,0,0,0,-91000,0,0,0,1000,92000,-91000,-91000
054933,南港元大97購01  ,50000,50000,0,0,0,0,0,0,0,-91000,0,0,0,170000,261000,-91000,-91000
1210,大成            ,225000,255000,-30000,0,0,0,0,0,0,-61000,5000,66000,-61000,0,0,0,-91000
05657P,樺漢統一97售01  ,0,0,0,0,0,0,0,0,0,-91000,0,0,0,100000,191000,-91000,-91000
045914,超眾國票93購01  ,0,0,0,0,0,0,0,0,0,-91000,0,0,0,0,91000,-91000,-91000
050002,智原永豐94購02  ,0,0,0,0,0,0,0,0,0,-91000,0,0,0,17000,108000,-91000,-91000
05009P,大立光元富95售06,0,0,0,0,0,0,0,0,0,-91000,0,0,0,0,91000,-91000,-91000
04893P,創意元大94售03  ,0,0,0,0,0,0,0,0,0,-91000,0,0,0,10000,101000,-91000,-91000
049545,台積電群益94購09,0,0,0,0,0,0,0,0,0,-91000,0,0,0,212000,303000,-91000,-91000
049529,華新科中信95購01,0,0,0,0,0,0,0,0,0,-91000,0,0,0,66000,157000,-91000,-91000
048008,聯發科富邦95購02,0,0,0,0,0,0,0,0,0,-91000,0,0,0,2000,93000,-91000,-91000
048275,A50正2永豐93購01,0,0,0,0,0,0,0,0,0,-91000,0,0,0,0,91000,-91000,-91000
049734,瑞昱群益94購02  ,0,0,0,0,0,0,0,0,0,-91000,0,0,0,12000,103000,-91000,-91000
053534,微星永豐96購02  ,0,0,0,0,0,0,0,0,0,-91000,0,0,0,72000,163000,-91000,-91000
053647,臺股指國票96購10,0,0,0,0,0,0,0,0,0,-91000,0,0,0,0,91000,-91000,-91000
052114,華固中信95購01  ,0,0,0,0,0,0,0,0,0,-91000,0,0,0,0,91000,-91000,-91000
046577,東元元大92購02  ,0,0,0,0,0,0,0,0,0,-92000,0,0,0,8000,100000,-92000,-92000
042255,群創國票92購01  ,0,0,0,0,0,0,0,0,0,-92000,0,0,0,113000,205000,-92000,-92000
05157P,全新台新96售01  ,0,0,0,0,0,0,0,0,0,-92000,0,0,0,8000,100000,-92000,-92000
053717,聯發科凱基96購17,0,0,0,0,0,0,0,0,0,-92000,0,0,0,461000,553000,-92000,-92000
4306,炎洲            ,12000,96000,-84000,0,0,0,0,0,0,-8000,0,8000,-8000,0,0,0,-92000
054725,國巨日盛97購01  ,0,0,0,0,0,0,0,0,0,-93000,0,0,0,208000,301000,-93000,-93000
042143,奇鋐元大92購01  ,0,0,0,0,0,0,0,0,0,-93000,0,0,0,0,93000,-93000,-93000
042037,台灣50群益93購03,0,0,0,0,0,0,0,0,0,-93000,0,0,0,0,93000,-93000,-93000
048897,日電貿國泰95購01,0,0,0,0,0,0,0,0,0,-93000,0,0,0,6000,99000,-93000,-93000
053578,華新元大98購01  ,0,0,0,0,0,0,0,0,0,-93000,0,0,0,0,93000,-93000,-93000
053167,欣興群益96購03  ,0,0,0,0,0,0,0,0,0,-93000,0,0,0,253000,346000,-93000,-93000
054478,可成中信97購01  ,0,0,0,0,0,0,0,0,0,-94000,0,0,0,12000,106000,-94000,-94000
04325P,創意元大93售06  ,0,0,0,0,0,0,0,0,0,-94000,0,0,0,57000,151000,-94000,-94000
045822,TPK凱基93購03   ,0,0,0,0,0,0,0,0,0,-94000,0,0,0,0,94000,-94000,-94000
048606,聯發科日盛93購02,0,0,0,0,0,0,0,0,0,-94000,0,0,0,12000,106000,-94000,-94000
048077,中磊亞東93購02  ,0,0,0,0,0,0,0,0,0,-94000,0,0,0,0,94000,-94000,-94000
049827,正崴凱基94購01  ,0,0,0,0,0,0,0,0,0,-94000,0,0,0,6000,100000,-94000,-94000
051028,台光電元富95購02,0,0,0,0,0,0,0,0,0,-94000,0,0,0,0,94000,-94000,-94000
047218,南茂日盛93購01  ,0,0,0,0,0,0,0,0,0,-94000,0,0,0,0,94000,-94000,-94000
053499,禾伸堂兆豐96購01,0,0,0,0,0,0,0,0,0,-94000,0,0,0,0,94000,-94000,-94000
051325,台光電台新96購01,0,0,0,0,0,0,0,0,0,-94000,0,0,0,0,94000,-94000,-94000
054732,台化凱基98購01  ,0,0,0,0,0,0,0,0,0,-95000,0,0,0,0,95000,-95000,-95000
055006,晶相光元富9A購01,0,0,0,0,0,0,0,0,0,-95000,0,0,0,235000,330000,-95000,-95000
055569,聚陽統一98購01  ,0,0,0,0,0,0,0,0,0,-95000,0,0,0,0,95000,-95000,-95000
06122P,亞光元大98售01  ,0,0,0,0,0,0,0,0,0,-95000,0,0,0,40000,135000,-95000,-95000
05939P,聯發科凱基96售20,0,0,0,0,0,0,0,0,0,-95000,0,0,0,31000,126000,-95000,-95000
045937,臻鼎群益93購02  ,0,0,0,0,0,0,0,0,0,-95000,0,0,0,110000,205000,-95000,-95000
046871,美律元富93購01  ,0,0,0,0,0,0,0,0,0,-95000,0,0,0,121000,216000,-95000,-95000
044339,亞光統一91購01  ,0,0,0,0,0,0,0,0,0,-95000,0,0,0,0,95000,-95000,-95000
050984,大立光國泰97購01,0,0,0,0,0,0,0,0,0,-95000,0,0,0,2000,97000,-95000,-95000
048935,玉晶光永豐94購04,0,0,0,0,0,0,0,0,0,-95000,0,0,0,20000,115000,-95000,-95000
048857,晶豪科群益94購01,0,0,0,0,0,0,0,0,0,-95000,0,0,0,30000,125000,-95000,-95000
051602,南茂兆豐96購01  ,0,0,0,0,0,0,0,0,0,-95000,0,0,0,0,95000,-95000,-95000
053158,茂林元大96購01  ,0,0,0,0,0,0,0,0,0,-95000,0,0,0,30000,125000,-95000,-95000
053626,台積電兆豐96購03,0,0,0,0,0,0,0,0,0,-95000,0,0,0,30000,125000,-95000,-95000
052535,日月光國泰96購01,0,0,0,0,0,0,0,0,0,-95000,0,0,0,10000,105000,-95000,-95000
054818,奇力新元大97購05,0,0,0,0,0,0,0,0,0,-96000,0,0,0,553000,649000,-96000,-96000
046502,建準元大92購04  ,0,0,0,0,0,0,0,0,0,-96000,0,0,0,5000,101000,-96000,-96000
047552,潤泰全凱基94購02,0,0,0,0,0,0,0,0,0,-96000,0,0,0,0,96000,-96000,-96000
049074,光罩凱基94購02  ,0,0,0,0,0,0,0,0,0,-96000,0,0,0,145000,241000,-96000,-96000
052946,智原國票97購02  ,0,0,0,0,0,0,0,0,0,-96000,0,0,0,0,96000,-96000,-96000
053629,玉山金兆豐96購01,0,0,0,0,0,0,0,0,0,-96000,0,0,0,10000,106000,-96000,-96000
054544,統一中信97購01  ,0,0,0,0,0,0,0,0,0,-97000,0,0,0,15000,112000,-97000,-97000
055049,智邦永豐97購01  ,0,0,0,0,0,0,0,0,0,-97000,0,0,0,0,97000,-97000,-97000
051068,台積電國票97購01,100000,0,100000,0,0,0,0,0,0,-197000,0,0,0,387000,584000,-197000,-97000
048965,佳世達元大94購01,0,0,0,0,0,0,0,0,0,-97000,0,0,0,97000,194000,-97000,-97000
050220,台積電元富96購01,0,0,0,0,0,0,0,0,0,-97000,0,0,0,519000,616000,-97000,-97000
048571,美利達元大96購03,0,0,0,0,0,0,0,0,0,-97000,0,0,0,3000,100000,-97000,-97000
047438,台光電元大93購06,0,0,0,0,0,0,0,0,0,-97000,0,0,0,0,97000,-97000,-97000
6414,樺漢            ,72000,52000,20000,0,0,0,0,0,0,-117000,6000,24000,-18000,6000,105000,-99000,-97000
2492,華新科          ,1905623,2263000,-357377,0,0,0,120000,149000,-29000,289000,393000,164000,229000,99000,39000,60000,-97377
055174,精元統一97購01  ,0,0,0,0,0,0,0,0,0,-98000,0,0,0,0,98000,-98000,-98000
054799,超眾群益98購01  ,0,0,0,0,0,0,0,0,0,-98000,0,0,0,0,98000,-98000,-98000
054244,華新元大96購01  ,0,0,0,0,0,0,0,0,0,-98000,0,0,0,2000,100000,-98000,-98000
053893,京鼎群益97購02  ,0,0,0,0,0,0,0,0,0,-98000,0,0,0,89000,187000,-98000,-98000
054089,台積電群益96購11,0,0,0,0,0,0,0,0,0,-98000,0,0,0,125000,223000,-98000,-98000
055185,晶相光統一97購01,0,0,0,0,0,0,0,0,0,-98000,0,0,0,199000,297000,-98000,-98000
055371,正崴元大97購02  ,0,0,0,0,0,0,0,0,0,-98000,0,0,0,0,98000,-98000,-98000
050218,世紀鋼統一94購02,0,0,0,0,0,0,0,0,0,-98000,0,0,0,12000,110000,-98000,-98000
048651,美利達元大96購05,0,0,0,0,0,0,0,0,0,-98000,0,0,0,2000,100000,-98000,-98000
048337,致茂元大93購04  ,0,0,0,0,0,0,0,0,0,-98000,0,0,0,0,98000,-98000,-98000
053512,台積電群益96購06,0,0,0,0,0,0,0,0,0,-98000,0,0,0,220000,318000,-98000,-98000
053269,同欣電群益96購01,0,0,0,0,0,0,0,0,0,-98000,0,0,0,84000,182000,-98000,-98000
052748,群創元大9A購02  ,0,0,0,0,0,0,0,0,0,-98000,0,0,0,30000,128000,-98000,-98000
052250,光磊永豐95購01  ,0,0,0,0,0,0,0,0,0,-98000,0,0,0,109000,207000,-98000,-98000
06041P,全新永豐96售03  ,0,0,0,0,0,0,0,0,0,-99000,0,0,0,68000,167000,-99000,-99000
05978P,麗豐永豐96售02  ,0,0,0,0,0,0,0,0,0,-99000,0,0,0,0,99000,-99000,-99000
053967,華邦電元大96購03,0,0,0,0,0,0,0,0,0,-99000,0,0,0,5000,104000,-99000,-99000
053926,晶相光國票97購01,0,0,0,0,0,0,0,0,0,-99000,0,0,0,144000,243000,-99000,-99000
054237,茂林群益97購01  ,0,0,0,0,0,0,0,0,0,-99000,0,0,0,166000,265000,-99000,-99000
046457,可成凱基92購09  ,0,0,0,0,0,0,0,0,0,-99000,0,0,0,0,99000,-99000,-99000
045783,明泰元大92購01  ,0,0,0,0,0,0,0,0,0,-99000,0,0,0,0,99000,-99000,-99000
045078,玉山金元大92購01,0,0,0,0,0,0,0,0,0,-99000,0,0,0,0,99000,-99000,-99000
045100,亞光中信93購01  ,0,0,0,0,0,0,0,0,0,-99000,0,0,0,0,99000,-99000,-99000
047248,奇鋐群益95購01  ,0,0,0,0,0,0,0,0,0,-99000,0,0,0,21000,120000,-99000,-99000
047778,美利達元大93購01,0,0,0,0,0,0,0,0,0,-99000,0,0,0,1000,100000,-99000,-99000
047887,智原富邦97購01  ,0,0,0,0,0,0,0,0,0,-99000,0,0,0,68000,167000,-99000,-99000
048295,泰鼎群益93購01  ,0,0,0,0,0,0,0,0,0,-99000,0,0,0,187000,286000,-99000,-99000
048130,美利達元大96購01,0,0,0,0,0,0,0,0,0,-99000,0,0,0,1000,100000,-99000,-99000
052893,聯電群益98購01  ,0,0,0,0,0,0,0,0,0,-99000,0,0,0,61000,160000,-99000,-99000
1515,力山            ,115000,209000,-94000,0,0,0,0,0,0,-5000,0,2000,-2000,2000,5000,-3000,-99000
05446P,緯穎元大95售04  ,0,0,0,0,0,0,0,0,0,-100000,0,0,0,0,100000,-100000,-100000
054358,矽創兆豐96購01  ,0,0,0,0,0,0,0,0,0,-100000,0,0,0,0,100000,-100000,-100000
053951,T50反1台新06購02,0,0,0,0,0,0,0,0,0,-100000,0,0,0,0,100000,-100000,-100000
053985,矽創元大96購02  ,0,0,0,0,0,0,0,0,0,-100000,0,0,0,50000,150000,-100000,-100000
054004,鴻海統一96購14  ,0,0,0,0,0,0,0,0,0,-100000,0,0,0,0,100000,-100000,-100000
054148,矽創元大96購03  ,0,0,0,0,0,0,0,0,0,-100000,0,0,0,10000,110000,-100000,-100000
055148,鴻海元大98購02  ,0,0,0,0,0,0,0,0,0,-100000,0,0,0,0,100000,-100000,-100000
055020,上証2X國泰98購01,0,0,0,0,0,0,0,0,0,-100000,0,0,0,0,100000,-100000,-100000
054866,宏盛群益98購01  ,0,0,0,0,0,0,0,0,0,-100000,0,0,0,10000,110000,-100000,-100000
05772P,景碩凱基96售02  ,0,0,0,0,0,0,0,0,0,-100000,0,0,0,1000,101000,-100000,-100000
05835P,臺股指元富96售07,0,0,0,0,0,0,0,0,0,-100000,0,0,0,0,100000,-100000,-100000
055304,瑞昱第一98購01  ,0,0,0,0,0,0,0,0,0,-100000,0,0,0,0,100000,-100000,-100000
055606,矽創元大97購01  ,0,0,0,0,0,0,0,0,0,-100000,0,0,0,40000,140000,-100000,-100000
055588,瑞昱元大97購03  ,0,0,0,0,0,0,0,0,0,-100000,0,0,0,8000,108000,-100000,-100000
05636P,國巨永豐96售03  ,0,0,0,0,0,0,0,0,0,-100000,0,0,0,0,100000,-100000,-100000
046043,日月光元大92購02,0,0,0,0,0,0,0,0,0,-100000,0,0,0,0,100000,-100000,-100000
04618P,電子類群益94售02,0,0,0,0,0,0,0,0,0,-100000,0,0,0,0,100000,-100000,-100000
046206,為升國泰93購01  ,0,0,0,0,0,0,0,0,0,-100000,0,0,0,0,100000,-100000,-100000
046443,超眾兆豐93購01  ,0,0,0,0,0,0,0,0,0,-100000,0,0,0,0,100000,-100000,-100000
050183,奇鋐元大96購01  ,0,0,0,0,0,0,0,0,0,-100000,0,0,0,0,100000,-100000,-100000
049962,台光電元富94購01,0,0,0,0,0,0,0,0,0,-100000,0,0,0,0,100000,-100000,-100000
045568,上証2X元大95購01,0,0,0,0,0,0,0,0,0,-100000,0,0,0,51000,151000,-100000,-100000
04269P,華通國票93售03  ,0,0,0,0,0,0,0,0,0,-100000,0,0,0,0,100000,-100000,-100000
042902,光寶科元大94購01,0,0,0,0,0,0,0,0,0,-100000,0,0,0,0,100000,-100000,-100000
043026,康友元大92購01  ,0,0,0,0,0,0,0,0,0,-100000,0,0,0,0,100000,-100000,-100000
044689,超眾凱基93購03  ,0,0,0,0,0,0,0,0,0,-100000,0,0,0,0,100000,-100000,-100000
044574,潤泰全凱基93購01,0,0,0,0,0,0,0,0,0,-100000,0,0,0,0,100000,-100000,-100000
03751P,旺宏富邦95售01  ,0,0,0,0,0,0,0,0,0,-100000,0,0,0,0,100000,-100000,-100000
047803,卜蜂凱基93購03  ,0,0,0,0,0,0,0,0,0,-100000,0,0,0,0,100000,-100000,-100000
048779,美利達凱基94購01,0,0,0,0,0,0,0,0,0,-100000,0,0,0,0,100000,-100000,-100000
048772,智易凱基94購01  ,0,0,0,0,0,0,0,0,0,-100000,0,0,0,0,100000,-100000,-100000
049168,卜蜂凱基94購01  ,0,0,0,0,0,0,0,0,0,-100000,0,0,0,0,100000,-100000,-100000
049299,矽創群益94購01  ,0,0,0,0,0,0,0,0,0,-100000,0,0,0,20000,120000,-100000,-100000
047262,欣興國票93購04  ,0,0,0,0,0,0,0,0,0,-100000,0,0,0,0,100000,-100000,-100000
047734,欣興兆豐94購02  ,0,0,0,0,0,0,0,0,0,-100000,0,0,0,200000,300000,-100000,-100000
051097,嘉聯益元大96購02,0,0,0,0,0,0,0,0,0,-100000,0,0,0,0,100000,-100000,-100000
051219,大立光元富95購07,0,0,0,0,0,0,0,0,0,-100000,0,0,0,0,100000,-100000,-100000
051305,訊連凱基96購01  ,0,0,0,0,0,0,0,0,0,-100000,0,0,0,2000,102000,-100000,-100000
048395,南亞科國票93購02,0,0,0,0,0,0,0,0,0,-100000,0,0,0,50000,150000,-100000,-100000
049073,光罩凱基94購01  ,0,0,0,0,0,0,0,0,0,-100000,0,0,0,40000,140000,-100000,-100000
052872,智易凱基96購01  ,0,0,0,0,0,0,0,0,0,-100000,0,0,0,0,100000,-100000,-100000
052935,康友元大96購03  ,0,0,0,0,0,0,0,0,0,-100000,0,0,0,305000,405000,-100000,-100000
052939,富邦金兆豐96購01,0,0,0,0,0,0,0,0,0,-100000,0,0,0,0,100000,-100000,-100000
052969,建準群益97購01  ,0,0,0,0,0,0,0,0,0,-100000,0,0,0,41000,141000,-100000,-100000
052547,光磊兆豐96購01  ,0,0,0,0,0,0,0,0,0,-100000,0,0,0,0,100000,-100000,-100000
052634,華邦電凱基96購01,0,0,0,0,0,0,0,0,0,-100000,0,0,0,5000,105000,-100000,-100000
052183,華邦電群益95購01,0,0,0,0,0,0,0,0,0,-100000,0,0,0,0,100000,-100000,-100000
052122,新光金國票96購01,0,0,0,0,0,0,0,0,0,-100000,0,0,0,0,100000,-100000,-100000
052160,美律永豐95購03  ,0,0,0,0,0,0,0,0,0,-100000,0,0,0,0,100000,-100000,-100000
052339,光寶科凱基95購01,0,0,0,0,0,0,0,0,0,-100000,0,0,0,0,100000,-100000,-100000
051796,和碩康和95購01  ,0,0,0,0,0,0,0,0,0,-100000,0,0,0,0,100000,-100000,-100000
051689,智易凱基95購02  ,0,0,0,0,0,0,0,0,0,-100000,0,0,0,0,100000,-100000,-100000
051675,瑞儀元大96購02  ,0,0,0,0,0,0,0,0,0,-100000,0,0,0,0,100000,-100000,-100000
051342,光寶科元大95購01,0,0,0,0,0,0,0,0,0,-100000,0,0,0,0,100000,-100000,-100000
051397,聯茂兆豐95購03  ,0,0,0,0,0,0,0,0,0,-100000,0,0,0,0,100000,-100000,-100000
050710,元黃金中信96購01,0,0,0,0,0,0,0,0,0,-100000,0,0,0,100000,200000,-100000,-100000
050900,台郡元大95購02  ,0,0,0,0,0,0,0,0,0,-100000,0,0,0,37000,137000,-100000,-100000
055277,旺宏元大97購04  ,0,0,0,0,0,0,0,0,0,-101000,0,0,0,112000,213000,-101000,-101000
054701,宏全永豐97購01  ,0,0,0,0,0,0,0,0,0,-101000,0,0,0,0,101000,-101000,-101000
051240,台積電元大95購12,0,0,0,0,0,0,0,0,0,-101000,0,0,0,50000,151000,-101000,-101000
047869,景碩永豐93購01  ,0,0,0,0,0,0,0,0,0,-101000,0,0,0,19000,120000,-101000,-101000
047923,聯發科凱基94購02,0,0,0,0,0,0,0,0,0,-101000,0,0,0,233000,334000,-101000,-101000
052193,國巨元富95購06  ,0,0,0,0,0,0,0,0,0,-101000,0,0,0,118000,219000,-101000,-101000
053090,新唐元大96購01  ,0,0,0,0,0,0,0,0,0,-101000,0,0,0,0,101000,-101000,-101000
053268,日月光群益96購01,0,0,0,0,0,0,0,0,0,-101000,0,0,0,14000,115000,-101000,-101000
054820,新日興元大97購01,0,0,0,0,0,0,0,0,0,-102000,0,0,0,167000,269000,-102000,-102000
054581,訊芯元大97購02  ,0,0,0,0,0,0,0,0,0,-102000,0,0,0,57000,159000,-102000,-102000
054667,神基元富97購01  ,0,0,0,0,0,0,0,0,0,-102000,0,0,0,1000,103000,-102000,-102000
043972,大立光富邦93購02,0,0,0,0,0,0,0,0,0,-102000,0,0,0,25000,127000,-102000,-102000
047389,義隆元大94購01  ,0,0,0,0,0,0,0,0,0,-102000,0,0,0,185000,287000,-102000,-102000
049905,為升元大94購05  ,0,0,0,0,0,0,0,0,0,-102000,0,0,0,12000,114000,-102000,-102000
052761,可成群益96購02  ,0,0,0,0,0,0,0,0,0,-102000,0,0,0,52000,154000,-102000,-102000
052169,鴻海元大97購02  ,0,0,0,0,0,0,0,0,0,-102000,0,0,0,0,102000,-102000,-102000
051669,建準元大95購01  ,0,0,0,0,0,0,0,0,0,-102000,0,0,0,24000,126000,-102000,-102000
9802,鈺齊-KY         ,212000,837424,-625424,0,0,0,773000,0,773000,-250000,0,30000,-30000,5000,225000,-220000,-102424
1316,上曜            ,6000,108000,-102000,0,0,0,0,0,0,-1000,0,1000,-1000,0,0,0,-103000
1339,昭輝            ,37000,140000,-103000,0,0,0,0,0,0,0,0,0,0,0,0,0,-103000
045824,嘉聯益凱基93購02,0,0,0,0,0,0,0,0,0,-103000,0,0,0,0,103000,-103000,-103000
053024,國巨富邦97購02  ,0,0,0,0,0,0,0,0,0,-103000,0,0,0,3000,106000,-103000,-103000
8996,高力            ,182000,283341,-101341,0,0,0,0,0,0,-2000,0,2000,-2000,0,0,0,-103341
00771,元大US高息特別股,0,0,0,0,0,0,0,0,0,-104000,0,0,0,0,104000,-104000,-104000
048056,全新國泰94購02  ,0,0,0,0,0,0,0,0,0,-104000,0,0,0,0,104000,-104000,-104000
048167,旺宏永豐93購04  ,0,0,0,0,0,0,0,0,0,-104000,0,0,0,2000,106000,-104000,-104000
052669,群創群益98購06  ,0,0,0,0,0,0,0,0,0,-104000,0,0,0,10000,114000,-104000,-104000
051592,健策元大96購05  ,0,0,0,0,0,0,0,0,0,-104000,0,0,0,130000,234000,-104000,-104000
055258,玉晶光統一97購03,0,0,0,0,0,0,0,0,0,-105000,0,0,0,0,105000,-105000,-105000
054873,帆宣群益99購01  ,0,0,0,0,0,0,0,0,0,-105000,0,0,0,0,105000,-105000,-105000
045645,祥碩凱基93購03  ,0,0,0,0,0,0,0,0,0,-105000,0,0,0,94000,199000,-105000,-105000
046257,A50正2國票94購01,0,0,0,0,0,0,0,0,0,-105000,0,0,0,30000,135000,-105000,-105000
045325,元油2X永豐94購01,0,0,0,0,0,0,0,0,0,-105000,0,0,0,0,105000,-105000,-105000
048194,華邦電元大94購04,0,0,0,0,0,0,0,0,0,-105000,0,0,0,0,105000,-105000,-105000
048109,旺宏群益94購02  ,0,0,0,0,0,0,0,0,0,-105000,0,0,0,20000,125000,-105000,-105000
050389,鴻海統一95購04  ,0,0,0,0,0,0,0,0,0,-105000,0,0,0,0,105000,-105000,-105000
05055P,台表科群益95售01,0,0,0,0,0,0,0,0,0,-105000,0,0,0,7000,112000,-105000,-105000
052401,智原凱基95購01  ,0,0,0,0,0,0,0,0,0,-105000,0,0,0,17000,122000,-105000,-105000
05360P,健策元大95售03  ,0,0,0,0,0,0,0,0,0,-105000,0,0,0,50000,155000,-105000,-105000
053697,臻鼎元大96購02  ,0,0,0,0,0,0,0,0,0,-105000,0,0,0,4000,109000,-105000,-105000
2323,中環            ,776000,661000,115000,0,0,0,0,0,0,-220000,0,9000,-9000,203000,414000,-211000,-105000
05471P,聯電統一95售01  ,0,0,0,0,0,0,0,0,0,-106000,0,0,0,2000,108000,-106000,-106000
054113,奇力新台新97購01,0,0,0,0,0,0,0,0,0,-106000,0,0,0,0,106000,-106000,-106000
054069,亞光國泰98購01  ,0,0,0,0,0,0,0,0,0,-106000,0,0,0,31000,137000,-106000,-106000
049988,貿聯凱基94購02  ,0,0,0,0,0,0,0,0,0,-106000,0,0,0,44000,150000,-106000,-106000
049983,智原凱基94購02  ,0,0,0,0,0,0,0,0,0,-106000,0,0,0,30000,136000,-106000,-106000
04414P,牧德元富94售04  ,0,0,0,0,0,0,0,0,0,-106000,0,0,0,0,106000,-106000,-106000
049479,矽格永豐94購01  ,0,0,0,0,0,0,0,0,0,-106000,0,0,0,82000,188000,-106000,-106000
054280,牧德群益98購01  ,0,0,0,0,0,0,0,0,0,-107000,0,0,0,40000,147000,-107000,-107000
054885,建準統一98購01  ,0,0,0,0,0,0,0,0,0,-107000,0,0,0,0,107000,-107000,-107000
05546P,全新元大97售01  ,0,0,0,0,0,0,0,0,0,-107000,0,0,0,0,107000,-107000,-107000
049448,光磊統一94購01  ,0,0,0,0,0,0,0,0,0,-107000,0,0,0,36000,143000,-107000,-107000
047430,儒鴻元大93購05  ,0,0,0,0,0,0,0,0,0,-107000,0,0,0,4000,111000,-107000,-107000
1447,力鵬            ,1000,100000,-99000,0,0,0,0,0,0,-9000,0,9000,-9000,0,0,0,-108000
050391,大立光統一94購07,0,0,0,0,0,0,0,0,0,-108000,0,0,0,11000,119000,-108000,-108000
050301,矽創凱基94購03  ,0,0,0,0,0,0,0,0,0,-108000,0,0,0,101000,209000,-108000,-108000
050151,台積電群益94購12,0,0,0,0,0,0,0,0,0,-108000,0,0,0,104000,212000,-108000,-108000
048881,美律統一94購02  ,0,0,0,0,0,0,0,0,0,-108000,0,0,0,0,108000,-108000,-108000
050327,泰鼎永豐94購03  ,0,0,0,0,0,0,0,0,0,-108000,0,0,0,120000,228000,-108000,-108000
050375,矽創元大94購02  ,0,0,0,0,0,0,0,0,0,-108000,0,0,0,0,108000,-108000,-108000
049720,欣興凱基94購05  ,0,0,0,0,0,0,0,0,0,-108000,0,0,0,18000,126000,-108000,-108000
4564,元翎            ,229000,338000,-109000,0,0,0,0,0,0,1000,0,0,0,2000,1000,1000,-108000
1440,南紡            ,18000,104000,-86000,0,0,0,0,0,0,-23000,0,23000,-23000,0,0,0,-109000
07866P,上証2X國票97售01,0,0,0,0,0,0,0,0,0,-109000,0,0,0,0,109000,-109000,-109000
06100P,台積電日盛97售03,0,0,0,0,0,0,0,0,0,-109000,0,0,0,72000,181000,-109000,-109000
05763P,致新永豐96售01  ,0,0,0,0,0,0,0,0,0,-109000,0,0,0,58000,167000,-109000,-109000
05561P,大立光兆豐96售02,0,0,0,0,0,0,0,0,0,-109000,0,0,0,0,109000,-109000,-109000
054312,TPK凱基98購01   ,0,0,0,0,0,0,0,0,0,-109000,0,0,0,0,109000,-109000,-109000
043040,永冠元富94購01  ,0,0,0,0,0,0,0,0,0,-109000,0,0,0,40000,149000,-109000,-109000
041452,滬深2X元富93購01,0,0,0,0,0,0,0,0,0,-109000,0,0,0,492000,601000,-109000,-109000
047571,滬深2X群益99購01,0,0,0,0,0,0,0,0,0,-109000,0,0,0,221000,330000,-109000,-109000
048988,聯茂元大94購02  ,0,0,0,0,0,0,0,0,0,-109000,0,0,0,0,109000,-109000,-109000
047992,東陽元大96購01  ,0,0,0,0,0,0,0,0,0,-109000,0,0,0,50000,159000,-109000,-109000
054052,日月光元大96購06,0,0,0,0,0,0,0,0,0,-110000,0,0,0,0,110000,-110000,-110000
05799P,臺股指群益96售13,0,0,0,0,0,0,0,0,0,-110000,0,0,0,0,110000,-110000,-110000
05934P,國巨凱基96售13  ,0,0,0,0,0,0,0,0,0,-110000,0,0,0,0,110000,-110000,-110000
04131P,裕隆群益93售01  ,0,0,0,0,0,0,0,0,0,-110000,0,0,0,0,110000,-110000,-110000
045676,京元電元大92購03,0,0,0,0,0,0,0,0,0,-110000,0,0,0,0,110000,-110000,-110000
050020,為升元大94購06  ,0,0,0,0,0,0,0,0,0,-110000,0,0,0,3000,113000,-110000,-110000
045777,強茂元大92購02  ,0,0,0,0,0,0,0,0,0,-110000,0,0,0,28000,138000,-110000,-110000
047892,康控兆豐94購01  ,0,0,0,0,0,0,0,0,0,-110000,0,0,0,90000,200000,-110000,-110000
047848,可成統一93購01  ,0,0,0,0,0,0,0,0,0,-110000,0,0,0,88000,198000,-110000,-110000
047843,超眾元大93購02  ,0,0,0,0,0,0,0,0,0,-110000,0,0,0,0,110000,-110000,-110000
047838,亞光元大93購03  ,0,0,0,0,0,0,0,0,0,-110000,0,0,0,0,110000,-110000,-110000
048807,崇越中信94購01  ,0,0,0,0,0,0,0,0,0,-110000,0,0,0,377000,487000,-110000,-110000
048405,嘉晶群益93購03  ,0,0,0,0,0,0,0,0,0,-110000,0,0,0,80000,190000,-110000,-110000
053585,友達元大9C購03  ,0,0,0,0,0,0,0,0,0,-110000,0,0,0,19000,129000,-110000,-110000
053561,玉晶光國泰98購01,0,0,0,0,0,0,0,0,0,-110000,0,0,0,32000,142000,-110000,-110000
052284,日月光凱基96購01,0,0,0,0,0,0,0,0,0,-110000,0,0,0,90000,200000,-110000,-110000
055248,可成統一97購02  ,0,0,0,0,0,0,0,0,0,-111000,0,0,0,25000,136000,-111000,-111000
053869,嘉澤元大96購02  ,0,0,0,0,0,0,0,0,0,-111000,0,0,0,70000,181000,-111000,-111000
050116,嘉澤元大94購03  ,0,0,0,0,0,0,0,0,0,-111000,0,0,0,0,111000,-111000,-111000
044403,新日興凱基92購01,0,0,0,0,0,0,0,0,0,-111000,0,0,0,105000,216000,-111000,-111000
048511,美律凱基93購07  ,0,0,0,0,0,0,0,0,0,-111000,0,0,0,45000,156000,-111000,-111000
048994,南電元大94購03  ,0,0,0,0,0,0,0,0,0,-111000,0,0,0,25000,136000,-111000,-111000
05224P,華通統一95售03  ,0,0,0,0,0,0,0,0,0,-111000,0,0,0,203000,314000,-111000,-111000
053701,台積電兆豐96購05,0,0,0,0,0,0,0,0,0,-111000,0,0,0,0,111000,-111000,-111000
052484,矽創群益95購02  ,0,0,0,0,0,0,0,0,0,-111000,0,0,0,0,111000,-111000,-111000
4942,嘉彰            ,21000,128000,-107000,0,0,0,0,0,0,-4000,0,4000,-4000,0,0,0,-111000
054808,東元元大9A購01  ,0,0,0,0,0,0,0,0,0,-112000,0,0,0,47000,159000,-112000,-112000
050036,矽格元大94購03  ,0,0,0,0,0,0,0,0,0,-112000,0,0,0,113000,225000,-112000,-112000
047035,華邦電群益94購02,0,0,0,0,0,0,0,0,0,-112000,0,0,0,20000,132000,-112000,-112000
053206,聯發科麥證96購02,0,0,0,14000,126000,-112000,0,0,0,-112000,0,0,0,14000,126000,-112000,-112000
053976,亞光元大96購02  ,0,0,0,0,0,0,0,0,0,-113000,0,0,0,10000,123000,-113000,-113000
055231,大毅國票98購02  ,0,0,0,0,0,0,0,0,0,-113000,0,0,0,38000,151000,-113000,-113000
052405,聯茂凱基95購01  ,0,0,0,0,0,0,0,0,0,-113000,0,0,0,0,113000,-113000,-113000
051790,貿聯國票95購03  ,0,0,0,0,0,0,0,0,0,-113000,0,0,0,0,113000,-113000,-113000
048128,超眾元大95購01  ,0,0,0,0,0,0,0,0,0,-114000,0,0,0,26000,140000,-114000,-114000
049056,玉晶光永豐95購03,0,0,0,0,0,0,0,0,0,-114000,0,0,0,71000,185000,-114000,-114000
051311,瑞昱麥證95購01  ,0,0,0,186000,300000,-114000,0,0,0,-114000,0,0,0,186000,300000,-114000,-114000
051497,中磊亞東96購01  ,0,0,0,0,0,0,0,0,0,-114000,0,0,0,0,114000,-114000,-114000
054333,茂林永豐96購03  ,0,0,0,0,0,0,0,0,0,-115000,0,0,0,71000,186000,-115000,-115000
054800,訊芯群益99購01  ,0,0,0,0,0,0,0,0,0,-115000,0,0,0,0,115000,-115000,-115000
054611,全新永豐97購01  ,0,0,0,0,0,0,0,0,0,-115000,0,0,0,0,115000,-115000,-115000
054984,華泰元富97購01  ,0,0,0,0,0,0,0,0,0,-115000,0,0,0,0,115000,-115000,-115000
050072,京鼎凱基94購02  ,0,0,0,0,0,0,0,0,0,-115000,0,0,0,0,115000,-115000,-115000
050268,智原元大95購03  ,0,0,0,0,0,0,0,0,0,-115000,0,0,0,37000,152000,-115000,-115000
044884,嘉澤群益93購01  ,0,0,0,0,0,0,0,0,0,-115000,0,0,0,38000,153000,-115000,-115000
049739,大立光群益94購05,0,0,0,0,0,0,0,0,0,-115000,0,0,0,47000,162000,-115000,-115000
047912,台郡麥證94購01  ,0,0,0,15000,130000,-115000,0,0,0,-115000,0,0,0,15000,130000,-115000,-115000
047799,技嘉兆豐93購01  ,0,0,0,0,0,0,0,0,0,-115000,0,0,0,0,115000,-115000,-115000
048983,牧德元大95購01  ,0,0,0,0,0,0,0,0,0,-115000,0,0,0,43000,158000,-115000,-115000
050702,崇越凱基94購01  ,0,0,0,0,0,0,0,0,0,-115000,0,0,0,0,115000,-115000,-115000
053188,旺宏統一97購03  ,0,0,0,0,0,0,0,0,0,-115000,0,0,0,13000,128000,-115000,-115000
052483,超眾群益95購03  ,0,0,0,0,0,0,0,0,0,-115000,0,0,0,66000,181000,-115000,-115000
3231,緯創            ,6224068,3861652,2362416,0,0,0,4000,2000000,-1996000,-482000,18000,66000,-48000,72000,506000,-434000,-115584
054618,訊芯永豐97購01  ,0,0,0,0,0,0,0,0,0,-116000,0,0,0,38000,154000,-116000,-116000
054381,世芯群益98購01  ,0,0,0,0,0,0,0,0,0,-116000,0,0,0,74000,190000,-116000,-116000
05894P,友達群益98售02  ,0,0,0,0,0,0,0,0,0,-116000,0,0,0,2000,118000,-116000,-116000
00671R,富邦NASDAQ反1   ,2000,0,2000,0,0,0,0,0,0,-118000,0,0,0,26000,144000,-118000,-116000
049561,道瓊銀統一96購01,0,0,0,0,0,0,0,0,0,-116000,0,0,0,5000,121000,-116000,-116000
047865,健鼎康和93購01  ,0,0,0,0,0,0,0,0,0,-116000,0,0,0,0,116000,-116000,-116000
051231,健策群益97購01  ,0,0,0,0,0,0,0,0,0,-116000,0,0,0,10000,126000,-116000,-116000
052790,智邦兆豐97購01  ,0,0,0,0,0,0,0,0,0,-116000,0,0,0,162000,278000,-116000,-116000
5305,敦南            ,70000,185000,-115000,0,0,0,0,0,0,-1000,0,1000,-1000,0,0,0,-116000
8016,矽創            ,159000,283000,-124000,0,0,0,0,0,0,8000,0,1000,-1000,9000,0,9000,-116000
055634,訊芯永豐97購02  ,0,0,0,0,0,0,0,0,0,-117000,0,0,0,0,117000,-117000,-117000
054985,光罩元富97購01  ,0,0,0,0,0,0,0,0,0,-117000,0,0,0,95000,212000,-117000,-117000
055022,精元國泰99購01  ,0,0,0,0,0,0,0,0,0,-117000,0,0,0,116000,233000,-117000,-117000
051229,亞光群益95購01  ,0,0,0,0,0,0,0,0,0,-117000,0,0,0,35000,152000,-117000,-117000
047224,台光電凱基94購01,0,0,0,0,0,0,0,0,0,-117000,0,0,0,0,117000,-117000,-117000
2340,光磊            ,76000,221000,-145000,0,0,0,0,0,0,28000,30000,16000,14000,86000,72000,14000,-117000
055169,光罩統一99購01  ,0,0,0,0,0,0,0,0,0,-118000,0,0,0,0,118000,-118000,-118000
055567,訊芯凱基98購02  ,0,0,0,0,0,0,0,0,0,-118000,0,0,0,0,118000,-118000,-118000
05521P,創意永豐96售01  ,0,0,0,0,0,0,0,0,0,-118000,0,0,0,55000,173000,-118000,-118000
03686P,大立光統一98售02,0,0,0,0,0,0,0,0,0,-118000,0,0,0,46000,164000,-118000,-118000
045172,欣興兆豐94購01  ,0,0,0,0,0,0,0,0,0,-118000,0,0,0,0,118000,-118000,-118000
044704,新日興元大91購01,0,0,0,0,0,0,0,0,0,-118000,0,0,0,52000,170000,-118000,-118000
047786,燿華群益93購03  ,0,0,0,0,0,0,0,0,0,-118000,0,0,0,20000,138000,-118000,-118000
048720,智易永豐94購02  ,0,0,0,0,0,0,0,0,0,-118000,0,0,0,0,118000,-118000,-118000
053504,祥碩兆豐96購01  ,0,0,0,0,0,0,0,0,0,-118000,0,0,0,32000,150000,-118000,-118000
055613,全新國票98購01  ,0,0,0,0,0,0,0,0,0,-119000,0,0,0,11000,130000,-119000,-119000
05920P,力成元大96售04  ,0,0,0,0,0,0,0,0,0,-119000,0,0,0,70000,189000,-119000,-119000
1109,信大            ,6000,125000,-119000,0,0,0,0,0,0,0,0,0,0,0,0,0,-119000
054895,南電統一97購01  ,0,0,0,0,0,0,0,0,0,-119000,0,0,0,3000,122000,-119000,-119000
054331,世芯永豐96購03  ,0,0,0,0,0,0,0,0,0,-119000,0,0,0,620000,739000,-119000,-119000
045031,上銀群益93購02  ,0,0,0,0,0,0,0,0,0,-119000,0,0,0,42000,161000,-119000,-119000
044397,微星凱基92購01  ,0,0,0,0,0,0,0,0,0,-119000,0,0,0,1000,120000,-119000,-119000
053318,全新群益99購01  ,0,0,0,0,0,0,0,0,0,-119000,0,0,0,103000,222000,-119000,-119000
051915,日月光元大96購01,0,0,0,0,0,0,0,0,0,-119000,0,0,0,164000,283000,-119000,-119000
052319,可成元大95購12  ,0,0,0,0,0,0,0,0,0,-119000,0,0,0,223000,342000,-119000,-119000
3645,達邁            ,41000,68000,-27000,0,0,0,0,50000,-50000,-42000,0,42000,-42000,0,0,0,-119000
055155,奇力新元大99購01,0,0,0,0,0,0,0,0,0,-120000,0,0,0,183000,303000,-120000,-120000
04010P,上銀元大93售07  ,0,0,0,0,0,0,0,0,0,-120000,0,0,0,19000,139000,-120000,-120000
044119,台郡兆豐92購01  ,0,0,0,0,0,0,0,0,0,-120000,0,0,0,0,120000,-120000,-120000
046368,嘉聯益永豐92購04,0,0,0,0,0,0,0,0,0,-120000,0,0,0,0,120000,-120000,-120000
049620,美食群益94購01  ,0,0,0,0,0,0,0,0,0,-120000,0,0,0,10000,130000,-120000,-120000
047983,宏達電群益93購04,0,0,0,0,0,0,0,0,0,-120000,0,0,0,0,120000,-120000,-120000
05095P,景碩元大95售01  ,0,0,0,0,0,0,0,0,0,-120000,0,0,0,0,120000,-120000,-120000
049068,元油2X凱基95購03,0,0,0,0,0,0,0,0,0,-120000,0,0,0,0,120000,-120000,-120000
049055,聯詠永豐94購01  ,0,0,0,0,0,0,0,0,0,-120000,0,0,0,20000,140000,-120000,-120000
052102,台泥兆豐96購01  ,0,0,0,0,0,0,0,0,0,-120000,0,0,0,19000,139000,-120000,-120000
051459,臺股指元大95購19,0,0,0,0,0,0,0,0,0,-120000,0,0,0,0,120000,-120000,-120000
053452,臺股指凱基97購01,0,0,0,0,0,0,0,0,0,-120000,0,0,0,325000,445000,-120000,-120000
053388,群創元大9C購02  ,0,0,0,0,0,0,0,0,0,-120000,0,0,0,53000,173000,-120000,-120000
054568,訊芯群益97購01  ,0,0,0,0,0,0,0,0,0,-121000,0,0,0,38000,159000,-121000,-121000
054690,新興永豐97購01  ,0,0,0,0,0,0,0,0,0,-121000,0,0,0,0,121000,-121000,-121000
054182,台積電康和96購01,0,0,0,0,0,0,0,0,0,-121000,0,0,0,0,121000,-121000,-121000
046403,技嘉元大92購01  ,0,0,0,0,0,0,0,0,0,-121000,0,0,0,0,121000,-121000,-121000
043047,永冠國泰93購01  ,0,0,0,0,0,0,0,0,0,-121000,0,0,0,10000,131000,-121000,-121000
03987P,亞光群益93售02  ,0,0,0,0,0,0,0,0,0,-121000,0,0,0,131000,252000,-121000,-121000
051061,中磊群益95購01  ,0,0,0,0,0,0,0,0,0,-121000,0,0,0,113000,234000,-121000,-121000
048842,矽格凱基94購01  ,0,0,0,0,0,0,0,0,0,-121000,0,0,0,138000,259000,-121000,-121000
053574,奇力新元富99購01,0,0,0,0,0,0,0,0,0,-121000,0,0,0,114000,235000,-121000,-121000
052087,鴻海元大96購09  ,0,0,0,0,0,0,0,0,0,-121000,0,0,0,20000,141000,-121000,-121000
054292,欣興元大96購06  ,0,0,0,0,0,0,0,0,0,-122000,0,0,0,55000,177000,-122000,-122000
054798,超眾群益97購01  ,0,0,0,0,0,0,0,0,0,-122000,0,0,0,11000,133000,-122000,-122000
051470,玉晶光日盛95購01,0,0,0,0,0,0,0,0,0,-122000,0,0,0,9000,131000,-122000,-122000
052610,貿聯元大97購01  ,0,0,0,0,0,0,0,0,0,-122000,0,0,0,59000,181000,-122000,-122000
2534,宏盛            ,83000,204000,-121000,0,0,0,0,0,0,-1000,0,0,0,0,1000,-1000,-122000
047052,大毅國票93購01  ,0,0,0,0,0,0,0,0,0,-123000,0,0,0,17000,140000,-123000,-123000
049353,茂林永豐94購03  ,0,0,0,0,0,0,0,0,0,-123000,0,0,0,374000,497000,-123000,-123000
053725,晶相光凱基96購01,0,0,0,0,0,0,0,0,0,-123000,0,0,0,15000,138000,-123000,-123000
054994,建準元富97購01  ,0,0,0,0,0,0,0,0,0,-124000,0,0,0,0,124000,-124000,-124000
053858,台達電元大96購05,0,0,0,0,0,0,0,0,0,-124000,0,0,0,7000,131000,-124000,-124000
055203,建準中信97購01  ,0,0,0,0,0,0,0,0,0,-124000,0,0,0,0,124000,-124000,-124000
046919,大毅永豐93購01  ,0,0,0,0,0,0,0,0,0,-124000,0,0,0,147000,271000,-124000,-124000
045897,泰鼎元大93購04  ,0,0,0,0,0,0,0,0,0,-124000,0,0,0,80000,204000,-124000,-124000
046038,欣興元大92購07  ,0,0,0,0,0,0,0,0,0,-124000,0,0,0,30000,154000,-124000,-124000
046499,技嘉元大92購02  ,0,0,0,0,0,0,0,0,0,-124000,0,0,0,0,124000,-124000,-124000
048836,牧德凱基94購03  ,0,0,0,0,0,0,0,0,0,-124000,0,0,0,86000,210000,-124000,-124000
04843P,致新元大94售02  ,0,0,0,0,0,0,0,0,0,-124000,0,0,0,0,124000,-124000,-124000
053814,美律群益97購02  ,0,0,0,0,0,0,0,0,0,-124000,0,0,0,23000,147000,-124000,-124000
051585,美食元大95購01  ,0,0,0,0,0,0,0,0,0,-124000,0,0,0,6000,130000,-124000,-124000
050568,為升中信97購01  ,0,0,0,0,0,0,0,0,0,-124000,0,0,0,0,124000,-124000,-124000
055681,奇鋐凱基98購03  ,0,0,0,0,0,0,0,0,0,-125000,0,0,0,0,125000,-125000,-125000
054338,全新統一96購01  ,0,0,0,0,0,0,0,0,0,-125000,0,0,0,303000,428000,-125000,-125000
055156,華新科元大99購02,0,0,0,0,0,0,0,0,0,-125000,0,0,0,0,125000,-125000,-125000
045580,冠德元大92購02  ,0,0,0,0,0,0,0,0,0,-125000,0,0,0,0,125000,-125000,-125000
00648R,元大S&P500反1   ,0,0,0,0,0,0,0,0,0,-125000,0,0,0,30000,155000,-125000,-125000
03859P,聯詠元富93售04  ,0,0,0,0,0,0,0,0,0,-125000,0,0,0,0,125000,-125000,-125000
046286,高鐵兆豐93購01  ,0,0,0,0,0,0,0,0,0,-125000,0,0,0,0,125000,-125000,-125000
047517,元油反元大96購01,0,0,0,0,0,0,0,0,0,-125000,0,0,0,0,125000,-125000,-125000
051021,啟碁凱基95購02  ,0,0,0,0,0,0,0,0,0,-125000,0,0,0,0,125000,-125000,-125000
049861,正崴兆豐94購01  ,0,0,0,0,0,0,0,0,0,-125000,0,0,0,34000,159000,-125000,-125000
049442,滬深2X統一99購01,0,0,0,0,0,0,0,0,0,-125000,0,0,0,86000,211000,-125000,-125000
052390,聯詠群益95購03  ,0,0,0,0,0,0,0,0,0,-125000,0,0,0,25000,150000,-125000,-125000
053470,華邦電元大96購02,0,0,0,0,0,0,0,0,0,-125000,0,0,0,158000,283000,-125000,-125000
6108,競國            ,39000,164000,-125000,0,0,0,0,0,0,0,0,0,0,0,0,0,-125000
054121,奇鋐永豐96購02  ,0,0,0,0,0,0,0,0,0,-126000,0,0,0,0,126000,-126000,-126000
046380,神基凱基93購01  ,0,0,0,0,0,0,0,0,0,-126000,0,0,0,1000,127000,-126000,-126000
046320,明泰元大92購02  ,0,0,0,0,0,0,0,0,0,-126000,0,0,0,0,126000,-126000,-126000
04298P,祥碩元大93售02  ,0,0,0,0,0,0,0,0,0,-126000,0,0,0,0,126000,-126000,-126000
048889,牧德元富94購03  ,0,0,0,0,0,0,0,0,0,-126000,0,0,0,51000,177000,-126000,-126000
050585,矽格國票94購01  ,0,0,0,0,0,0,0,0,0,-126000,0,0,0,10000,136000,-126000,-126000
047513,嘉晶國票93購03  ,0,0,0,0,0,0,0,0,0,-126000,0,0,0,0,126000,-126000,-126000
052527,泰鼎元大96購02  ,0,0,0,0,0,0,0,0,0,-126000,0,0,0,306000,432000,-126000,-126000
054017,茂林永豐96購02  ,0,0,0,0,0,0,0,0,0,-127000,0,0,0,22000,149000,-127000,-127000
055034,建準富邦99購01  ,0,0,0,0,0,0,0,0,0,-127000,0,0,0,9000,136000,-127000,-127000
04557P,茂林群益94售03  ,0,0,0,0,0,0,0,0,0,-127000,0,0,0,0,127000,-127000,-127000
050385,貿聯國票95購02  ,0,0,0,0,0,0,0,0,0,-127000,0,0,0,21000,148000,-127000,-127000
051183,建準永豐95購02  ,0,0,0,0,0,0,0,0,0,-127000,0,0,0,10000,137000,-127000,-127000
051188,鴻海兆豐95購01  ,0,0,0,0,0,0,0,0,0,-127000,0,0,0,0,127000,-127000,-127000
048594,泰鼎群益93購02  ,0,0,0,0,0,0,0,0,0,-127000,0,0,0,375000,502000,-127000,-127000
054621,華新科兆豐98購01,0,0,0,0,0,0,0,0,0,-128000,0,0,0,10000,138000,-128000,-128000
054398,牧德永豐96購03  ,0,0,0,0,0,0,0,0,0,-128000,0,0,0,113000,241000,-128000,-128000
05633P,台表科群益96售04,0,0,0,0,0,0,0,0,0,-128000,0,0,0,47000,175000,-128000,-128000
055186,正文統一97購01  ,0,0,0,0,0,0,0,0,0,-128000,0,0,0,0,128000,-128000,-128000
006205,富邦上証        ,0,0,0,0,0,0,0,0,0,-128000,0,90000,-90000,1314000,1352000,-38000,-128000
053487,台泥兆豐97購01  ,0,0,0,0,0,0,0,0,0,-128000,0,0,0,20000,148000,-128000,-128000
053292,美律中信98購01  ,0,0,0,0,0,0,0,0,0,-128000,0,0,0,0,128000,-128000,-128000
053518,聯茂群益96購03  ,0,0,0,0,0,0,0,0,0,-128000,0,0,0,10000,138000,-128000,-128000
051340,健策永豐95購03  ,0,0,0,0,0,0,0,0,0,-128000,0,0,0,25000,153000,-128000,-128000
053912,T50反1國票97購02,0,0,0,0,0,0,0,0,0,-129000,0,0,0,43000,172000,-129000,-129000
054552,聯發科凱基98購03,0,0,0,0,0,0,0,0,0,-129000,0,0,0,37000,166000,-129000,-129000
00674R,元大S&P黃金反1  ,0,0,0,0,0,0,0,0,0,-129000,0,0,0,0,129000,-129000,-129000
049023,玉晶光群益96購04,0,0,0,0,0,0,0,0,0,-129000,0,0,0,30000,159000,-129000,-129000
048334,A50正2元大96購01,0,0,0,0,0,0,0,0,0,-129000,0,0,0,4000,133000,-129000,-129000
047479,美律凱基94購01  ,0,0,0,0,0,0,0,0,0,-129000,0,0,0,81000,210000,-129000,-129000
051445,可成元大95購06  ,0,0,0,0,0,0,0,0,0,-129000,0,0,0,63000,192000,-129000,-129000
051747,貿聯國泰96購01  ,0,0,0,0,0,0,0,0,0,-129000,0,0,0,43000,172000,-129000,-129000
053260,喬山群益96購01  ,0,0,0,0,0,0,0,0,0,-129000,0,0,0,33000,162000,-129000,-129000
054556,世芯凱基99購01  ,0,0,0,0,0,0,0,0,0,-130000,0,0,0,22000,152000,-130000,-130000
053994,微星群益96購01  ,0,0,0,0,0,0,0,0,0,-130000,0,0,0,38000,168000,-130000,-130000
045010,可成元大92購04  ,0,0,0,0,0,0,0,0,0,-130000,0,0,0,0,130000,-130000,-130000
045088,康控元大94購02  ,0,0,0,0,0,0,0,0,0,-130000,0,0,0,50000,180000,-130000,-130000
051216,為升元富95購01  ,0,0,0,0,0,0,0,0,0,-130000,0,0,0,247000,377000,-130000,-130000
04713P,創意元大95售01  ,0,0,0,0,0,0,0,0,0,-130000,0,0,0,40000,170000,-130000,-130000
049037,可成兆豐94購01  ,0,0,0,0,0,0,0,0,0,-130000,0,0,0,0,130000,-130000,-130000
048668,奇力新永豐93購04,0,0,0,0,0,0,0,0,0,-130000,0,0,0,23000,153000,-130000,-130000
048148,欣興元富93購02  ,0,0,0,0,0,0,0,0,0,-130000,0,0,0,0,130000,-130000,-130000
053161,康友元大96購04  ,0,0,0,0,0,0,0,0,0,-130000,0,0,0,6000,136000,-130000,-130000
052962,台積電凱基97購03,0,0,0,0,0,0,0,0,0,-130000,0,0,0,0,130000,-130000,-130000
050888,群創富邦95購01  ,0,0,0,0,0,0,0,0,0,-130000,0,0,0,0,130000,-130000,-130000
054931,緯穎凱基98購01  ,0,0,0,0,0,0,0,0,0,-131000,0,0,0,6000,137000,-131000,-131000
03978P,瑞儀元大93售01  ,0,0,0,0,0,0,0,0,0,-131000,0,0,0,10000,141000,-131000,-131000
039212,台達電台新9A購01,0,0,0,0,0,0,0,0,0,-131000,0,0,0,2000,133000,-131000,-131000
048192,華通元大96購01  ,0,0,0,0,0,0,0,0,0,-131000,0,0,0,69000,200000,-131000,-131000
048583,智原富邦98購01  ,0,0,0,0,0,0,0,0,0,-131000,0,0,0,0,131000,-131000,-131000
049624,嘉澤群益94購01  ,0,0,0,0,0,0,0,0,0,-131000,0,0,0,340000,471000,-131000,-131000
051168,訊連元大95購02  ,0,0,0,0,0,0,0,0,0,-131000,0,0,0,0,131000,-131000,-131000
051332,奇力新永豐95購01,0,0,0,0,0,0,0,0,0,-131000,0,0,0,0,131000,-131000,-131000
055491,奇力新元大98購03,0,0,0,0,0,0,0,0,0,-132000,0,0,0,67000,199000,-132000,-132000
055392,凱美統一97購03  ,0,0,0,0,0,0,0,0,0,-132000,0,0,0,44000,176000,-132000,-132000
041900,元油2X富邦96購01,0,0,0,0,0,0,0,0,0,-132000,0,0,0,36000,168000,-132000,-132000
045334,全新日盛92購01  ,0,0,0,0,0,0,0,0,0,-132000,0,0,0,0,132000,-132000,-132000
049733,旺宏群益94購03  ,0,0,0,0,0,0,0,0,0,-132000,0,0,0,55000,187000,-132000,-132000
052970,美律群益96購01  ,0,0,0,0,0,0,0,0,0,-132000,0,0,0,59000,191000,-132000,-132000
053342,全新國票99購01  ,0,0,0,0,0,0,0,0,0,-132000,0,0,0,60000,192000,-132000,-132000
055012,茂林元富97購01  ,0,0,0,0,0,0,0,0,0,-133000,0,0,0,121000,254000,-133000,-133000
050176,正崴元大94購03  ,0,0,0,0,0,0,0,0,0,-133000,0,0,0,0,133000,-133000,-133000
048243,儒鴻兆豐94購01  ,0,0,0,0,0,0,0,0,0,-133000,0,0,0,27000,160000,-133000,-133000
054770,健策國票98購01  ,0,0,0,0,0,0,0,0,0,-134000,0,0,0,43000,177000,-134000,-134000
054339,聯詠統一96購02  ,0,0,0,0,0,0,0,0,0,-134000,0,0,0,0,134000,-134000,-134000
055375,京鼎元大97購03  ,0,0,0,0,0,0,0,0,0,-134000,0,0,0,168000,302000,-134000,-134000
055245,凱美統一99購01  ,0,0,0,0,0,0,0,0,0,-134000,0,0,0,24000,158000,-134000,-134000
055332,奇力新兆豐98購01,0,0,0,0,0,0,0,0,0,-134000,0,0,0,100000,234000,-134000,-134000
053339,友達國票97購02  ,0,0,0,0,0,0,0,0,0,-134000,0,0,0,0,134000,-134000,-134000
052251,台光電永豐95購03,0,0,0,0,0,0,0,0,0,-134000,0,0,0,0,134000,-134000,-134000
047355,世紀鋼凱基94購01,0,0,0,0,0,0,0,0,0,-135000,0,0,0,0,135000,-135000,-135000
046319,新日興元大92購03,0,0,0,0,0,0,0,0,0,-135000,0,0,0,13000,148000,-135000,-135000
046026,友訊元大92購01  ,0,0,0,0,0,0,0,0,0,-135000,0,0,0,154000,289000,-135000,-135000
044198,友達國票92購01  ,0,0,0,0,0,0,0,0,0,-135000,0,0,0,0,135000,-135000,-135000
051786,A50正2國票95購02,0,0,0,0,0,0,0,0,0,-135000,0,0,0,50000,185000,-135000,-135000
053637,強茂永豐96購01  ,0,0,0,0,0,0,0,0,0,-135000,0,0,0,51000,186000,-135000,-135000
054551,聯發科凱基98購02,0,0,0,0,0,0,0,0,0,-136000,0,0,0,187000,323000,-136000,-136000
054528,台光電統一96購02,0,0,0,0,0,0,0,0,0,-136000,0,0,0,0,136000,-136000,-136000
054633,臺股指凱基9A購02,0,0,0,0,0,0,0,0,0,-136000,0,0,0,37000,173000,-136000,-136000
047062,鴻海凱基93購24  ,0,0,0,0,0,0,0,0,0,-136000,0,0,0,450000,586000,-136000,-136000
051907,台積電元大97購05,0,0,0,0,0,0,0,0,0,-136000,0,0,0,10000,146000,-136000,-136000
054965,健策元大98購04  ,0,0,0,0,0,0,0,0,0,-137000,0,0,0,324000,461000,-137000,-137000
055855,牧德元大99購02  ,0,0,0,0,0,0,0,0,0,-137000,0,0,0,28000,165000,-137000,-137000
04589P,祥碩永豐94售01  ,0,0,0,0,0,0,0,0,0,-137000,0,0,0,164000,301000,-137000,-137000
044641,上証2X國票93購02,0,0,0,0,0,0,0,0,0,-137000,0,0,0,5000,142000,-137000,-137000
046592,南電元大92購03  ,0,0,0,0,0,0,0,0,0,-137000,0,0,0,1000,138000,-137000,-137000
048764,台光電凱基94購03,0,0,0,0,0,0,0,0,0,-137000,0,0,0,0,137000,-137000,-137000
052353,高鐵群益97購01  ,0,0,0,0,0,0,0,0,0,-137000,0,0,0,3000,140000,-137000,-137000
052932,正文元大97購01  ,0,0,0,0,0,0,0,0,0,-137000,0,0,0,71000,208000,-137000,-137000
052813,T50正2永豐96購01,0,0,0,0,0,0,0,0,0,-137000,0,0,0,16000,153000,-137000,-137000
6698,旭暉應材        ,29000,15000,14000,0,0,0,0,151000,-151000,0,0,0,0,0,0,0,-137000
054173,奇力新台新97購02,0,0,0,0,0,0,0,0,0,-138000,0,0,0,0,138000,-138000,-138000
047419,聯發科富邦95購01,0,0,0,0,0,0,0,0,0,-138000,0,0,0,0,138000,-138000,-138000
047361,致茂群益93購01  ,0,0,0,0,0,0,0,0,0,-138000,0,0,0,11000,149000,-138000,-138000
054902,億光康和97購01  ,0,0,0,0,0,0,0,0,0,-139000,0,0,0,27000,166000,-139000,-139000
054744,晶相光凱基99購01,0,0,0,0,0,0,0,0,0,-139000,0,0,0,30000,169000,-139000,-139000
049998,奇力新永豐94購03,0,0,0,0,0,0,0,0,0,-139000,0,0,0,83000,222000,-139000,-139000
048824,聯發科凱基94購03,0,0,0,0,0,0,0,0,0,-139000,0,0,0,92000,231000,-139000,-139000
053095,台光電統一98購01,0,0,0,0,0,0,0,0,0,-139000,0,0,0,0,139000,-139000,-139000
053691,聯發科元大96購16,0,0,0,0,0,0,0,0,0,-139000,0,0,0,78000,217000,-139000,-139000
05525P,奇力新群益96售02,0,0,0,0,0,0,0,0,0,-140000,0,0,0,21000,161000,-140000,-140000
055455,健策國泰98購02  ,0,0,0,0,0,0,0,0,0,-140000,0,0,0,30000,170000,-140000,-140000
045165,台虹國泰93購01  ,0,0,0,0,0,0,0,0,0,-140000,0,0,0,0,140000,-140000,-140000
048812,上証2X凱基96購01,0,0,0,0,0,0,0,0,0,-140000,0,0,0,20000,160000,-140000,-140000
047421,聯茂富邦97購01  ,0,0,0,0,0,0,0,0,0,-140000,0,0,0,180000,320000,-140000,-140000
048917,和鑫台新94購01  ,0,0,0,0,0,0,0,0,0,-140000,0,0,0,0,140000,-140000,-140000
049813,康控元大96購02  ,0,0,0,0,0,0,0,0,0,-140000,0,0,0,0,140000,-140000,-140000
051260,鴻海永昌96購04  ,0,0,0,0,0,0,0,0,0,-140000,0,0,0,1219000,1359000,-140000,-140000
053728,茂林凱基97購01  ,0,0,0,0,0,0,0,0,0,-140000,0,0,0,52000,192000,-140000,-140000
053302,國巨凱基96購10  ,0,0,0,0,0,0,0,0,0,-140000,0,0,0,10000,150000,-140000,-140000
05286P,矽力統一95售02  ,0,0,0,0,0,0,0,0,0,-140000,0,0,0,27000,167000,-140000,-140000
052688,新日興元大96購01,0,0,0,0,0,0,0,0,0,-140000,0,0,0,106000,246000,-140000,-140000
052476,台光電群益98購01,0,0,0,0,0,0,0,0,0,-140000,0,0,0,8000,148000,-140000,-140000
2316,楠梓電          ,119000,228000,-109000,0,0,0,0,0,0,-31000,0,5000,-5000,4000,30000,-26000,-140000
1104,環泥            ,11000,152000,-141000,0,0,0,0,0,0,0,0,0,0,0,0,0,-141000
04449P,智邦凱基94售01  ,0,0,0,0,0,0,0,0,0,-141000,0,0,0,0,141000,-141000,-141000
051126,訊連群益95購01  ,0,0,0,0,0,0,0,0,0,-141000,0,0,0,64000,205000,-141000,-141000
052975,嘉聯益群益96購01,0,0,0,0,0,0,0,0,0,-141000,0,0,0,32000,173000,-141000,-141000
053593,晶技元大98購01  ,0,0,0,0,0,0,0,0,0,-141000,0,0,0,21000,162000,-141000,-141000
054786,全新群益99購02  ,0,0,0,0,0,0,0,0,0,-142000,0,0,0,50000,192000,-142000,-142000
052205,台積電中信95購09,0,0,0,0,0,0,0,0,0,-142000,0,0,0,30000,172000,-142000,-142000
2511,太子            ,28000,169000,-141000,0,0,0,0,0,0,-1000,0,1000,-1000,0,0,0,-142000
049740,禾伸堂群益94購01,0,0,0,0,0,0,0,0,0,-143000,0,0,0,77000,220000,-143000,-143000
054425,聯發科富邦99購03,0,0,0,0,0,0,0,0,0,-144000,0,0,0,98000,242000,-144000,-144000
051829,玉晶光元大98購02,0,0,0,0,0,0,0,0,0,-144000,0,0,0,78000,222000,-144000,-144000
051738,全新國票96購02  ,0,0,0,0,0,0,0,0,0,-144000,0,0,0,10000,154000,-144000,-144000
052818,智邦永豐96購01  ,0,0,0,0,0,0,0,0,0,-144000,0,0,0,12000,156000,-144000,-144000
2457,飛宏            ,22000,154000,-132000,0,0,0,0,0,0,-12000,0,12000,-12000,0,0,0,-144000
05523P,聯發科國票96售04,0,0,0,0,0,0,0,0,0,-145000,0,0,0,17000,162000,-145000,-145000
046228,神基元大92購01  ,0,0,0,0,0,0,0,0,0,-145000,0,0,0,5000,150000,-145000,-145000
047867,旺宏永豐93購02  ,0,0,0,0,0,0,0,0,0,-145000,0,0,0,83000,228000,-145000,-145000
049380,欣興元大94購04  ,0,0,0,0,0,0,0,0,0,-145000,0,0,0,29000,174000,-145000,-145000
6120,達運            ,78000,215000,-137000,0,0,0,0,0,0,-8000,0,8000,-8000,0,0,0,-145000
1463,強盛            ,4000,148000,-144000,0,0,0,0,0,0,-2000,0,2000,-2000,0,0,0,-146000
048937,玉晶光永豐95購01,0,0,0,0,0,0,0,0,0,-146000,0,0,0,41000,187000,-146000,-146000
053355,超眾兆豐97購01  ,0,0,0,0,0,0,0,0,0,-146000,0,0,0,11000,157000,-146000,-146000
053436,聯茂日盛96購01  ,0,0,0,0,0,0,0,0,0,-146000,0,0,0,80000,226000,-146000,-146000
051434,中磊元富95購02  ,0,0,0,0,0,0,0,0,0,-146000,0,0,0,18000,164000,-146000,-146000
047081,晶技康和93購01  ,0,0,0,0,0,0,0,0,0,-147000,0,0,0,0,147000,-147000,-147000
053087,冠德元大96購02  ,0,0,0,0,0,0,0,0,0,-147000,0,0,0,47000,194000,-147000,-147000
053005,微星永豐96購01  ,0,0,0,0,0,0,0,0,0,-147000,0,0,0,134000,281000,-147000,-147000
055327,致新國票98購01  ,0,0,0,0,0,0,0,0,0,-148000,0,0,0,2000,150000,-148000,-148000
049836,矽創凱基94購02  ,0,0,0,0,0,0,0,0,0,-148000,0,0,0,0,148000,-148000,-148000
055057,興勤永豐97購01  ,0,0,0,0,0,0,0,0,0,-149000,0,0,0,11000,160000,-149000,-149000
049570,華新科統一94購04,0,0,0,0,0,0,0,0,0,-149000,0,0,0,10000,159000,-149000,-149000
053599,崇越元大96購01  ,0,0,0,0,0,0,0,0,0,-149000,0,0,0,0,149000,-149000,-149000
050009,昇陽半永豐94購02,0,0,0,0,0,0,0,0,0,-150000,0,0,0,0,150000,-150000,-150000
04313P,國巨元富95售03  ,0,0,0,0,0,0,0,0,0,-150000,0,0,0,50000,200000,-150000,-150000
047512,宏達電國票94購01,0,0,0,0,0,0,0,0,0,-150000,0,0,0,170000,320000,-150000,-150000
051433,中磊元富95購01  ,0,0,0,0,0,0,0,0,0,-150000,0,0,0,35000,185000,-150000,-150000
051316,T50反1國票95購02,0,0,0,0,0,0,0,0,0,-150000,0,0,0,0,150000,-150000,-150000
051927,國巨中信96購01  ,0,0,0,0,0,0,0,0,0,-150000,0,0,0,28000,178000,-150000,-150000
054856,得力群益99購01  ,0,0,0,0,0,0,0,0,0,-151000,0,0,0,10000,161000,-151000,-151000
048406,欣興群益93購09  ,0,0,0,0,0,0,0,0,0,-151000,0,0,0,10000,161000,-151000,-151000
051511,鈺齊中信97購01  ,0,0,0,0,0,0,0,0,0,-151000,0,0,0,30000,181000,-151000,-151000
053651,台光電凱基98購01,0,0,0,0,0,0,0,0,0,-151000,0,0,0,116000,267000,-151000,-151000
045662,華邦電統一94購02,0,0,0,0,0,0,0,0,0,-152000,0,0,0,82000,234000,-152000,-152000
047039,晶技群益93購02  ,0,0,0,0,0,0,0,0,0,-152000,0,0,0,20000,172000,-152000,-152000
045119,美律元大92購06  ,0,0,0,0,0,0,0,0,0,-152000,0,0,0,20000,172000,-152000,-152000
045001,旺宏富邦94購01  ,0,0,0,0,0,0,0,0,0,-152000,0,0,0,173000,325000,-152000,-152000
04334P,中石化康和93售01,0,0,0,0,0,0,0,0,0,-153000,0,0,0,2000,155000,-153000,-153000
047979,中石化群益95購01,0,0,0,0,0,0,0,0,0,-153000,0,0,0,0,153000,-153000,-153000
04933P,中石化中信96售01,0,0,0,0,0,0,0,0,0,-153000,0,0,0,0,153000,-153000,-153000
052869,新日興凱基96購01,0,0,0,0,0,0,0,0,0,-153000,0,0,0,107000,260000,-153000,-153000
052884,台積電兆豐96購01,0,0,0,0,0,0,0,0,0,-153000,0,0,0,198000,351000,-153000,-153000
054962,玉晶光元大99購02,0,0,0,0,0,0,0,0,0,-154000,0,0,0,79000,233000,-154000,-154000
054178,中磊台新97購01  ,0,0,0,0,0,0,0,0,0,-154000,0,0,0,7000,161000,-154000,-154000
054008,大立光元富96購06,0,0,0,0,0,0,0,0,0,-154000,0,0,0,108000,262000,-154000,-154000
05628P,茂林國票97售02  ,0,0,0,0,0,0,0,0,0,-154000,0,0,0,56000,210000,-154000,-154000
2375,凱美            ,270000,433000,-163000,0,0,0,0,0,0,9000,0,5000,-5000,70000,56000,14000,-154000
055256,日電貿統一99購01,0,0,0,0,0,0,0,0,0,-155000,0,0,0,2000,157000,-155000,-155000
03908P,致茂元大93售03  ,0,0,0,0,0,0,0,0,0,-155000,0,0,0,137000,292000,-155000,-155000
053501,明泰兆豐96購01  ,0,0,0,0,0,0,0,0,0,-155000,0,0,0,31000,186000,-155000,-155000
2820,華票            ,115000,267000,-152000,0,0,0,0,0,0,-3000,0,3000,-3000,0,0,0,-155000
049372,華新科元大95購04,0,0,0,0,0,0,0,0,0,-156000,0,0,0,16000,172000,-156000,-156000
049225,達方國票94購01  ,0,0,0,0,0,0,0,0,0,-156000,0,0,0,25000,181000,-156000,-156000
03769P,聯發科元大93售04,0,0,0,0,0,0,0,0,0,-157000,0,0,0,892000,1049000,-157000,-157000
00730,富邦臺灣優質高息,0,0,0,0,0,0,0,0,0,-157000,0,0,0,167000,324000,-157000,-157000
04568P,瑞昱兆豐94售02  ,0,0,0,0,0,0,0,0,0,-157000,0,0,0,43000,200000,-157000,-157000
04620P,聯電統一94售04  ,0,0,0,0,0,0,0,0,0,-157000,0,0,0,1000,158000,-157000,-157000
05026P,貿聯群益95售01  ,0,0,0,0,0,0,0,0,0,-157000,0,0,0,0,157000,-157000,-157000
047418,智邦富邦97購01  ,0,0,0,0,0,0,0,0,0,-157000,0,0,0,171000,328000,-157000,-157000
047827,東陽元大93購01  ,0,0,0,0,0,0,0,0,0,-157000,0,0,0,80000,237000,-157000,-157000
2499,東貝            ,3000,160000,-157000,0,0,0,0,0,0,0,0,0,0,0,0,0,-157000
054370,台積電中信9A購01,0,0,0,0,0,0,0,0,0,-158000,0,0,0,30000,188000,-158000,-158000
049188,可成台新94購01  ,0,0,0,0,0,0,0,0,0,-158000,0,0,0,0,158000,-158000,-158000
055085,大毅國票97購01  ,0,0,0,0,0,0,0,0,0,-159000,0,0,0,13000,172000,-159000,-159000
05780P,台積電統一96售07,0,0,0,0,0,0,0,0,0,-159000,0,0,0,118000,277000,-159000,-159000
051109,美律統一95購02  ,0,0,0,0,0,0,0,0,0,-159000,0,0,0,269000,428000,-159000,-159000
053334,訊芯永豐96購01  ,0,0,0,0,0,0,0,0,0,-159000,0,0,0,18000,177000,-159000,-159000
053025,燿華富邦98購02  ,0,0,0,0,0,0,0,0,0,-159000,0,0,0,54000,213000,-159000,-159000
055343,國巨凱基97購03  ,0,0,0,0,0,0,0,0,0,-160000,0,0,0,0,160000,-160000,-160000
054944,精元元大97購01  ,0,0,0,0,0,0,0,0,0,-160000,0,0,0,0,160000,-160000,-160000
046230,亞光元大92購03  ,0,0,0,0,0,0,0,0,0,-160000,0,0,0,0,160000,-160000,-160000
044676,台積電凱基91購20,0,0,0,0,0,0,0,0,0,-160000,0,0,0,40000,200000,-160000,-160000
049924,欣興元大95購04  ,0,0,0,0,0,0,0,0,0,-160000,0,0,0,0,160000,-160000,-160000
049361,華通元大94購02  ,0,0,0,0,0,0,0,0,0,-160000,0,0,0,0,160000,-160000,-160000
053052,旺宏國票97購02  ,0,0,0,0,0,0,0,0,0,-160000,0,0,0,0,160000,-160000,-160000
052677,景碩富邦97購01  ,0,0,0,0,0,0,0,0,0,-160000,0,0,0,27000,187000,-160000,-160000
051406,泰鼎永豐96購01  ,0,0,0,0,0,0,0,0,0,-160000,0,0,0,163000,323000,-160000,-160000
9921,巨大            ,401740,501700,-99960,0,0,0,0,71000,-71000,10000,10000,0,10000,0,0,0,-160960
051020,健策凱基96購02  ,0,0,0,0,0,0,0,0,0,-161000,0,0,0,0,161000,-161000,-161000
047293,全新元富93購03  ,0,0,0,0,0,0,0,0,0,-161000,0,0,0,0,161000,-161000,-161000
3026,禾伸堂          ,151000,500000,-349000,0,0,0,0,0,0,188000,53000,10000,43000,175000,30000,145000,-161000
03576P,台灣50元富06售01,0,0,0,0,0,0,0,0,0,-162000,0,0,0,304000,466000,-162000,-162000
044269,群創中信95購01  ,0,0,0,0,0,0,0,0,0,-162000,0,0,0,193000,355000,-162000,-162000
2607,榮運            ,7000,169000,-162000,0,0,0,0,0,0,0,0,0,0,0,0,0,-162000
054900,金寶康和97購01  ,0,0,0,0,0,0,0,0,0,-163000,0,0,0,67000,230000,-163000,-163000
05491P,茂林元大95售04  ,0,0,0,0,0,0,0,0,0,-163000,0,0,0,1086000,1249000,-163000,-163000
04104P,臺股指國票93售11,0,0,0,0,0,0,0,0,0,-163000,0,0,0,10000,173000,-163000,-163000
050088,禾伸堂台新94購01,0,0,0,0,0,0,0,0,0,-163000,0,0,0,0,163000,-163000,-163000
050562,瑞昱元富94購02  ,0,0,0,0,0,0,0,0,0,-163000,0,0,0,40000,203000,-163000,-163000
053170,茂林群益96購04  ,0,0,0,0,0,0,0,0,0,-163000,0,0,0,105000,268000,-163000,-163000
055161,貿聯元大98購03  ,0,0,0,0,0,0,0,0,0,-164000,0,0,0,33000,197000,-164000,-164000
055378,晶相光元大97購02,0,0,0,0,0,0,0,0,0,-164000,0,0,0,90000,254000,-164000,-164000
049478,祥碩永豐94購02  ,0,0,0,0,0,0,0,0,0,-164000,0,0,0,117000,281000,-164000,-164000
048912,牧德富邦94購01  ,0,0,0,0,0,0,0,0,0,-164000,0,0,0,33000,197000,-164000,-164000
050699,京鼎凱基96購01  ,0,0,0,0,0,0,0,0,0,-164000,0,0,0,89000,253000,-164000,-164000
6668,中揚光          ,406000,957000,-551000,0,0,0,366000,0,366000,21000,23000,0,23000,0,2000,-2000,-164000
05703P,矽力群益96售03  ,0,0,0,0,0,0,0,0,0,-165000,0,0,0,0,165000,-165000,-165000
054583,玉晶光統一97購02,0,0,0,0,0,0,0,0,0,-165000,0,0,0,0,165000,-165000,-165000
053850,嘉澤元富96購03  ,0,0,0,0,0,0,0,0,0,-165000,0,0,0,44000,209000,-165000,-165000
051241,台積電元大95購13,0,0,0,0,0,0,0,0,0,-165000,0,0,0,20000,185000,-165000,-165000
048512,全新凱基93購04  ,0,0,0,0,0,0,0,0,0,-165000,0,0,0,0,165000,-165000,-165000
052717,正文凱基96購01  ,0,0,0,0,0,0,0,0,0,-165000,0,0,0,55000,220000,-165000,-165000
050358,致新群益94購01  ,0,0,0,0,0,0,0,0,0,-166000,0,0,0,294000,460000,-166000,-166000
047505,元金2X國票9B購01,0,0,0,0,0,0,0,0,0,-166000,0,0,0,0,166000,-166000,-166000
04930P,國巨統一94售08  ,0,0,0,0,0,0,0,0,0,-166000,0,0,0,210000,376000,-166000,-166000
052913,鴻海元富96購05  ,0,0,0,0,0,0,0,0,0,-166000,0,0,0,84000,250000,-166000,-166000
051985,智邦元大95購05  ,0,0,0,0,0,0,0,0,0,-166000,0,0,0,38000,204000,-166000,-166000
044289,群創凱基93購04  ,0,0,0,0,0,0,0,0,0,-167000,0,0,0,35000,202000,-167000,-167000
048493,微星元大93購04  ,0,0,0,0,0,0,0,0,0,-167000,0,0,0,59000,226000,-167000,-167000
051924,聯茂日盛95購01  ,0,0,0,0,0,0,0,0,0,-167000,0,0,0,90000,257000,-167000,-167000
055718,可成元大97購02  ,0,0,0,0,0,0,0,0,0,-168000,0,0,0,225000,393000,-168000,-168000
049431,光罩國票96購01  ,0,0,0,0,0,0,0,0,0,-168000,0,0,0,7000,175000,-168000,-168000
048547,訊芯永豐93購03  ,0,0,0,0,0,0,0,0,0,-168000,0,0,0,47000,215000,-168000,-168000
044510,台光電凱基93購04,0,0,0,0,0,0,0,0,0,-169000,0,0,0,35000,204000,-169000,-169000
051700,深中小群益99購04,0,0,0,0,0,0,0,0,0,-169000,0,0,0,12000,181000,-169000,-169000
051657,台郡元富98購01  ,0,0,0,0,0,0,0,0,0,-169000,0,0,0,0,169000,-169000,-169000
08609P,世紀鋼永豐9C售03,0,0,0,0,0,0,0,0,0,-170000,0,0,0,0,170000,-170000,-170000
044344,傳奇國泰92購01  ,0,0,0,0,0,0,0,0,0,-170000,0,0,0,10000,180000,-170000,-170000
051102,訊芯元大96購01  ,0,0,0,0,0,0,0,0,0,-170000,0,0,0,9000,179000,-170000,-170000
050929,中磊凱基95購01  ,0,0,0,0,0,0,0,0,0,-170000,0,0,0,30000,200000,-170000,-170000
051427,聯發科統一95購04,0,0,0,0,0,0,0,0,0,-170000,0,0,0,20000,190000,-170000,-170000
051723,嘉澤永豐95購01  ,0,0,0,0,0,0,0,0,0,-170000,0,0,0,281000,451000,-170000,-170000
052119,漢唐國票96購01  ,0,0,0,0,0,0,0,0,0,-170000,0,0,0,0,170000,-170000,-170000
053186,健策中信9C購01  ,0,0,0,0,0,0,0,0,0,-170000,0,0,0,94000,264000,-170000,-170000
053805,奇鋐凱基98購02  ,0,0,0,0,0,0,0,0,0,-170000,0,0,0,0,170000,-170000,-170000
055024,興勤國泰98購01  ,0,0,0,0,0,0,0,0,0,-171000,0,0,0,30000,201000,-171000,-171000
054204,元金2X國票9B購02,0,0,0,0,0,0,0,0,0,-172000,0,0,0,90000,262000,-172000,-172000
046090,冠德兆豐92購01  ,0,0,0,0,0,0,0,0,0,-172000,0,0,0,0,172000,-172000,-172000
2809,京城銀          ,215000,387000,-172000,0,0,0,2000,0,2000,-2000,0,2000,-2000,0,0,0,-172000
05761P,嘉澤永豐96售01  ,0,0,0,0,0,0,0,0,0,-174000,0,0,0,0,174000,-174000,-174000
050646,美律凱基96購01  ,0,0,0,0,0,0,0,0,0,-174000,0,0,0,0,174000,-174000,-174000
054704,玉晶光第一97購01,0,0,0,0,0,0,0,0,0,-175000,0,0,0,20000,195000,-175000,-175000
046821,奇鋐凱基93購02  ,0,0,0,0,0,0,0,0,0,-175000,0,0,0,0,175000,-175000,-175000
00651R,FH香港反1       ,0,189000,-189000,0,0,0,0,0,0,14000,0,0,0,492000,478000,14000,-175000
049587,美律元大95購01  ,0,0,0,0,0,0,0,0,0,-175000,0,0,0,469000,644000,-175000,-175000
046904,大毅凱基93購01  ,0,0,0,0,0,0,0,0,0,-176000,0,0,0,8000,184000,-176000,-176000
047013,超眾元富96購01  ,0,0,0,0,0,0,0,0,0,-177000,0,0,0,25000,202000,-177000,-177000
04003P,麗豐凱基94售03  ,0,0,0,0,0,0,0,0,0,-177000,0,0,0,0,177000,-177000,-177000
048386,華新國票94購01  ,0,0,0,0,0,0,0,0,0,-177000,0,0,0,0,177000,-177000,-177000
044060,美律元大92購05  ,0,0,0,0,0,0,0,0,0,-178000,0,0,0,2000,180000,-178000,-178000
048556,技嘉元大93購03  ,0,0,0,0,0,0,0,0,0,-179000,0,0,0,0,179000,-179000,-179000
6191,精成科          ,81000,233000,-152000,0,0,0,0,0,0,-27000,0,23000,-23000,12000,16000,-4000,-179000
054697,凌華永豐97購01  ,0,0,0,0,0,0,0,0,0,-180000,0,0,0,116000,296000,-180000,-180000
054149,達方元大96購01  ,0,0,0,0,0,0,0,0,0,-180000,0,0,0,31000,211000,-180000,-180000
048469,微星永豐93購03  ,0,0,0,0,0,0,0,0,0,-180000,0,0,0,30000,210000,-180000,-180000
051006,中磊中信95購01  ,0,0,0,0,0,0,0,0,0,-180000,0,0,0,101000,281000,-180000,-180000
052267,可成亞東95購02  ,0,0,0,0,0,0,0,0,0,-180000,0,0,0,0,180000,-180000,-180000
053822,正文群益97購01  ,0,0,0,0,0,0,0,0,0,-180000,0,0,0,41000,221000,-180000,-180000
053696,日月光元大96購05,0,0,0,0,0,0,0,0,0,-180000,0,0,0,55000,235000,-180000,-180000
052981,鴻海元大97購05  ,0,0,0,0,0,0,0,0,0,-181000,0,0,0,30000,211000,-181000,-181000
1434,福懋            ,120902,290000,-169098,0,0,0,3000,0,3000,-15000,9000,24000,-15000,0,0,0,-181098
1590,亞德客-KY       ,235159,451063,-215904,0,0,0,31000,0,31000,3000,0,1000,-1000,4000,0,4000,-181904
054693,神基永豐97購01  ,0,0,0,0,0,0,0,0,0,-182000,0,0,0,36000,218000,-182000,-182000
052907,嘉澤國票97購01  ,0,0,0,0,0,0,0,0,0,-182000,0,0,0,19000,201000,-182000,-182000
052243,致茂康和95購01  ,0,0,0,0,0,0,0,0,0,-182000,0,0,0,45000,227000,-182000,-182000
051670,欣興元大95購06  ,0,0,0,0,0,0,0,0,0,-182000,0,0,0,105000,287000,-182000,-182000
054896,聯茂日盛97購01  ,0,0,0,0,0,0,0,0,0,-183000,0,0,0,100000,283000,-183000,-183000
06069P,台積電永豐97售01,0,0,0,0,0,0,0,0,0,-183000,0,0,0,366000,549000,-183000,-183000
055660,台光電兆豐97購01,0,0,0,0,0,0,0,0,0,-183000,0,0,0,0,183000,-183000,-183000
046934,智邦元富96購01  ,0,0,0,0,0,0,0,0,0,-183000,0,0,0,0,183000,-183000,-183000
050877,美律統一95購01  ,0,0,0,0,0,0,0,0,0,-183000,0,0,0,80000,263000,-183000,-183000
053216,京鼎凱基96購02  ,0,0,0,0,0,0,0,0,0,-184000,0,0,0,35000,219000,-184000,-184000
055181,日電貿統一97購01,0,0,0,0,0,0,0,0,0,-185000,0,0,0,15000,200000,-185000,-185000
051930,國泰金兆豐97購01,0,0,0,0,0,0,0,0,0,-185000,0,0,0,0,185000,-185000,-185000
047981,南亞科群益93購02,0,0,0,0,0,0,0,0,0,-186000,0,0,0,43000,229000,-186000,-186000
051947,矽力統一95購01  ,0,0,0,0,0,0,0,0,0,-186000,0,0,0,100000,286000,-186000,-186000
1201,味全            ,37000,223038,-186038,0,0,0,0,0,0,0,0,0,0,0,0,0,-186038
1802,台玻            ,13000,175000,-162000,0,0,0,0,0,0,-25000,4000,29000,-25000,0,0,0,-187000
053411,深中小國票9B購01,0,0,0,0,0,0,0,0,0,-188000,0,0,0,17000,205000,-188000,-188000
053536,明泰永豐96購01  ,0,0,0,0,0,0,0,0,0,-188000,0,0,0,0,188000,-188000,-188000
055309,冠德群益97購01  ,0,0,0,0,0,0,0,0,0,-189000,0,0,0,10000,199000,-189000,-189000
054904,興勤康和97購01  ,0,0,0,0,0,0,0,0,0,-189000,0,0,0,0,189000,-189000,-189000
044759,新日興凱基93購01,0,0,0,0,0,0,0,0,0,-189000,0,0,0,120000,309000,-189000,-189000
047773,超眾元大96購01  ,0,0,0,0,0,0,0,0,0,-189000,0,0,0,0,189000,-189000,-189000
052836,旺宏國泰98購01  ,0,0,0,0,0,0,0,0,0,-189000,0,0,0,55000,244000,-189000,-189000
2461,光群雷          ,52000,247000,-195000,0,0,0,0,0,0,6000,11000,5000,6000,0,0,0,-189000
044620,上銀元大92購04  ,0,0,0,0,0,0,0,0,0,-190000,0,0,0,466000,656000,-190000,-190000
03744P,致茂凱基93售01  ,0,0,0,0,0,0,0,0,0,-190000,0,0,0,10000,200000,-190000,-190000
051753,華通元大96購03  ,0,0,0,0,0,0,0,0,0,-190000,0,0,0,10000,200000,-190000,-190000
048178,上銀富邦95購02  ,0,0,0,0,0,0,0,0,0,-191000,0,0,0,972000,1163000,-191000,-191000
048271,可成富邦95購02  ,0,0,0,0,0,0,0,0,0,-191000,0,0,0,940000,1131000,-191000,-191000
049364,燿華元大94購02  ,0,0,0,0,0,0,0,0,0,-192000,0,0,0,10000,202000,-192000,-192000
049949,燿華群益96購01  ,0,0,0,0,0,0,0,0,0,-192000,0,0,0,0,192000,-192000,-192000
053876,可成永昌98購01  ,0,0,0,0,0,0,0,0,0,-193000,0,0,0,63000,256000,-193000,-193000
055201,興勤群益98購01  ,0,0,0,0,0,0,0,0,0,-193000,0,0,0,10000,203000,-193000,-193000
055414,奇力新富邦9B購01,0,0,0,0,0,0,0,0,0,-193000,0,0,0,100000,293000,-193000,-193000
055585,國巨元大98購08  ,0,0,0,0,0,0,0,0,0,-193000,0,0,0,2000,195000,-193000,-193000
052590,祥碩永豐96購01  ,0,0,0,0,0,0,0,0,0,-194000,0,0,0,63000,257000,-194000,-194000
06043P,創意永豐96售06  ,0,0,0,0,0,0,0,0,0,-195000,0,0,0,0,195000,-195000,-195000
043051,天鈺國泰93購01  ,0,0,0,0,0,0,0,0,0,-195000,0,0,0,20000,215000,-195000,-195000
048368,燿華統一93購01  ,0,0,0,0,0,0,0,0,0,-195000,0,0,0,0,195000,-195000,-195000
9935,慶豐富          ,351000,507000,-156000,0,0,0,0,0,0,-39000,0,50000,-50000,15000,4000,11000,-195000
054720,禾伸堂永豐97購01,0,0,0,0,0,0,0,0,0,-196000,0,0,0,38000,234000,-196000,-196000
054519,禾伸堂元大97購02,0,0,0,0,0,0,0,0,0,-196000,0,0,0,1000,197000,-196000,-196000
044052,鴻海元大92購04  ,0,0,0,0,0,0,0,0,0,-196000,0,0,0,4000,200000,-196000,-196000
04453P,聯發科富邦94售04,0,0,0,0,0,0,0,0,0,-197000,0,0,0,201000,398000,-197000,-197000
046126,致伸元大92購05  ,0,0,0,0,0,0,0,0,0,-197000,0,0,0,0,197000,-197000,-197000
052531,台積電國泰96購06,0,0,0,0,0,0,0,0,0,-197000,0,0,0,214000,411000,-197000,-197000
053584,友達元大9B購02  ,0,0,0,0,0,0,0,0,0,-197000,0,0,0,10000,207000,-197000,-197000
053917,友達國票97購03  ,0,0,0,0,0,0,0,0,0,-198000,0,0,0,252000,450000,-198000,-198000
03857P,聯發科元富99售02,0,0,0,0,0,0,0,0,0,-198000,0,0,0,0,198000,-198000,-198000
051808,美律凱基96購02  ,0,0,0,0,0,0,0,0,0,-198000,0,0,0,0,198000,-198000,-198000
055818,晶相光國票97購02,0,0,0,0,0,0,0,0,0,-199000,0,0,0,0,199000,-199000,-199000
046372,東元凱基92購01  ,0,0,0,0,0,0,0,0,0,-199000,0,0,0,1000,200000,-199000,-199000
044853,亞光國泰93購01  ,0,0,0,0,0,0,0,0,0,-199000,0,0,0,113000,312000,-199000,-199000
050664,全新台新94購02  ,0,0,0,0,0,0,0,0,0,-199000,0,0,0,70000,269000,-199000,-199000
047380,統一元大93購01  ,0,0,0,0,0,0,0,0,0,-199000,0,0,0,68000,267000,-199000,-199000
04783P,貿聯元富94售01  ,0,0,0,0,0,0,0,0,0,-199000,0,0,0,0,199000,-199000,-199000
051385,矽創群益95購01  ,0,0,0,0,0,0,0,0,0,-199000,0,0,0,20000,219000,-199000,-199000
055635,緯穎永豐97購01  ,0,0,0,0,0,0,0,0,0,-200000,0,0,0,0,200000,-200000,-200000
055164,矽創元大98購01  ,0,0,0,0,0,0,0,0,0,-200000,0,0,0,50000,250000,-200000,-200000
046760,冠德凱基93購02  ,0,0,0,0,0,0,0,0,0,-200000,0,0,0,0,200000,-200000,-200000
044744,義隆群益91購02  ,0,0,0,0,0,0,0,0,0,-200000,0,0,0,0,200000,-200000,-200000
04050P,創意元大93售05  ,0,0,0,0,0,0,0,0,0,-200000,0,0,0,0,200000,-200000,-200000
04051P,友達中信94售02  ,0,0,0,0,0,0,0,0,0,-200000,0,0,0,0,200000,-200000,-200000
044254,深中小元大94購01,0,0,0,0,0,0,0,0,0,-200000,0,0,0,0,200000,-200000,-200000
04396P,玉晶光群益94售02,0,0,0,0,0,0,0,0,0,-200000,0,0,0,0,200000,-200000,-200000
046661,冠德元大93購01  ,0,0,0,0,0,0,0,0,0,-200000,0,0,0,0,200000,-200000,-200000
047936,美利達凱基93購02,0,0,0,0,0,0,0,0,0,-200000,0,0,0,0,200000,-200000,-200000
048132,冠德國票94購01  ,0,0,0,0,0,0,0,0,0,-200000,0,0,0,0,200000,-200000,-200000
050655,中磊凱基96購01  ,0,0,0,0,0,0,0,0,0,-200000,0,0,0,0,200000,-200000,-200000
051047,深中小群益99購01,0,0,0,0,0,0,0,0,0,-200000,0,0,0,240000,440000,-200000,-200000
051151,中磊凱基95購02  ,0,0,0,0,0,0,0,0,0,-200000,0,0,0,0,200000,-200000,-200000
048359,奇鋐永豐93購02  ,0,0,0,0,0,0,0,0,0,-200000,0,0,0,0,200000,-200000,-200000
048458,中磊凱基93購03  ,0,0,0,0,0,0,0,0,0,-200000,0,0,0,0,200000,-200000,-200000
048513,欣興凱基93購04  ,0,0,0,0,0,0,0,0,0,-200000,0,0,0,0,200000,-200000,-200000
047622,中磊凱基93購02  ,0,0,0,0,0,0,0,0,0,-200000,0,0,0,0,200000,-200000,-200000
051375,道瓊反群益9A購01,0,0,0,0,0,0,0,0,0,-200000,0,0,0,0,200000,-200000,-200000
052181,南茂元大95購05  ,0,0,0,0,0,0,0,0,0,-200000,0,0,0,402000,602000,-200000,-200000
052420,道瓊反國票9B購01,0,0,0,0,0,0,0,0,0,-200000,0,0,0,0,200000,-200000,-200000
053596,嘉澤元大96購01  ,0,0,0,0,0,0,0,0,0,-200000,0,0,0,78000,278000,-200000,-200000
03266P,寶成國票04售01  ,0,0,0,0,0,0,0,0,0,-201000,0,0,0,210000,411000,-201000,-201000
051563,泰鼎國泰96購01  ,0,0,0,0,0,0,0,0,0,-201000,0,0,0,101000,302000,-201000,-201000
047406,香港反統一94購01,0,0,0,0,0,0,0,0,0,-202000,0,0,0,168000,370000,-202000,-202000
053870,正文元大96購01  ,0,0,0,0,0,0,0,0,0,-203000,0,0,0,63000,266000,-203000,-203000
053980,泰鼎元大97購02  ,0,0,0,0,0,0,0,0,0,-203000,0,0,0,399000,602000,-203000,-203000
049979,美律凱基94購07  ,0,0,0,0,0,0,0,0,0,-203000,0,0,0,1000,204000,-203000,-203000
049606,可成第一94購01  ,0,0,0,0,0,0,0,0,0,-203000,0,0,0,15000,218000,-203000,-203000
049191,元油2X永豐95購01,0,0,0,0,0,0,0,0,0,-203000,0,0,0,0,203000,-203000,-203000
053581,台積電元大96購14,0,0,0,0,0,0,0,0,0,-203000,0,0,0,144000,347000,-203000,-203000
1522,堤維西          ,64000,267000,-203000,0,0,0,0,0,0,0,0,0,0,0,0,0,-203000
055058,大毅永豐97購01  ,0,0,0,0,0,0,0,0,0,-205000,0,0,0,6000,211000,-205000,-205000
04363P,儒鴻元富94售01  ,0,0,0,0,0,0,0,0,0,-205000,0,0,0,0,205000,-205000,-205000
048775,智伸科凱基94購01,0,0,0,0,0,0,0,0,0,-205000,0,0,0,45000,250000,-205000,-205000
055168,光罩統一98購01  ,0,0,0,0,0,0,0,0,0,-206000,0,0,0,0,206000,-206000,-206000
054606,台積電永豐97購02,0,0,0,0,0,0,0,0,0,-206000,0,0,0,46000,252000,-206000,-206000
046508,冠德元大92購04  ,0,0,0,0,0,0,0,0,0,-207000,0,0,0,0,207000,-207000,-207000
047090,緯創元富93購01  ,0,0,0,0,0,0,0,0,0,-207000,0,0,0,193000,400000,-207000,-207000
049810,欣興元大95購03  ,0,0,0,0,0,0,0,0,0,-207000,0,0,0,18000,225000,-207000,-207000
048432,全新國票95購01  ,0,0,0,0,0,0,0,0,0,-207000,0,0,0,0,207000,-207000,-207000
051429,智邦元富95購01  ,0,0,0,0,0,0,0,0,0,-207000,0,0,0,13000,220000,-207000,-207000
3006,晶豪科          ,200000,343000,-143000,0,0,0,59000,0,59000,-123000,0,9000,-9000,9000,123000,-114000,-207000
3443,創意            ,271000,375000,-104000,0,0,0,10000,2000,8000,-111000,21000,20000,1000,20000,132000,-112000,-207000
055503,健策元大98購05  ,0,0,0,0,0,0,0,0,0,-208000,0,0,0,530000,738000,-208000,-208000
046928,奇鋐富邦97購01  ,0,0,0,0,0,0,0,0,0,-208000,0,0,0,0,208000,-208000,-208000
3062,建漢            ,195000,393000,-198000,0,0,0,0,0,0,-10000,0,10000,-10000,0,0,0,-208000
055540,京鼎台新97購01  ,0,0,0,0,0,0,0,0,0,-209000,0,0,0,0,209000,-209000,-209000
046054,冠德群益93購01  ,0,0,0,0,0,0,0,0,0,-209000,0,0,0,0,209000,-209000,-209000
052985,美律元大96購02  ,0,0,0,0,0,0,0,0,0,-209000,0,0,0,161000,370000,-209000,-209000
049601,矽創元大95購02  ,0,0,0,0,0,0,0,0,0,-210000,0,0,0,0,210000,-210000,-210000
049627,嘉聯益群益94購02,0,0,0,0,0,0,0,0,0,-210000,0,0,0,10000,220000,-210000,-210000
049190,元油2X永豐94購04,0,0,0,0,0,0,0,0,0,-210000,0,0,0,0,210000,-210000,-210000
049367,全新元大96購01  ,0,0,0,0,0,0,0,0,0,-210000,0,0,0,10000,220000,-210000,-210000
047376,南電國票94購01  ,0,0,0,0,0,0,0,0,0,-210000,0,0,0,0,210000,-210000,-210000
048325,美利達凱基93購05,0,0,0,0,0,0,0,0,0,-210000,0,0,0,0,210000,-210000,-210000
048126,TPK元大94購02   ,0,0,0,0,0,0,0,0,0,-210000,0,0,0,0,210000,-210000,-210000
052575,茂林凱基96購04  ,0,0,0,0,0,0,0,0,0,-210000,0,0,0,93000,303000,-210000,-210000
049087,晶相光凱基94購02,0,0,0,0,0,0,0,0,0,-211000,0,0,0,142000,353000,-211000,-211000
050558,台積電統一94購14,0,0,0,0,0,0,0,0,0,-211000,0,0,0,7000,218000,-211000,-211000
053266,全新群益98購01  ,0,0,0,0,0,0,0,0,0,-212000,0,0,0,81000,293000,-212000,-212000
044187,泰鼎國泰93購01  ,0,0,0,0,0,0,0,0,0,-213000,0,0,0,0,213000,-213000,-213000
051530,鴻海國票97購01  ,0,0,0,0,0,0,0,0,0,-213000,0,0,0,110000,323000,-213000,-213000
053838,正文永豐96購02  ,0,0,0,0,0,0,0,0,0,-214000,0,0,0,0,214000,-214000,-214000
053476,冠德元大96購03  ,0,0,0,0,0,0,0,0,0,-214000,0,0,0,31000,245000,-214000,-214000
054224,亞光統一98購01  ,0,0,0,0,0,0,0,0,0,-215000,0,0,0,5000,220000,-215000,-215000
055413,全新富邦98購01  ,0,0,0,0,0,0,0,0,0,-215000,0,0,0,100000,315000,-215000,-215000
044347,上証2X元大94購01,0,0,0,0,0,0,0,0,0,-215000,0,0,0,10000,225000,-215000,-215000
04948P,瑞儀元大94售03  ,0,0,0,0,0,0,0,0,0,-215000,0,0,0,0,215000,-215000,-215000
048828,禾伸堂凱基94購02,0,0,0,0,0,0,0,0,0,-215000,0,0,0,4000,219000,-215000,-215000
4919,新唐            ,51000,273000,-222000,0,0,0,1000,0,1000,6000,0,0,0,11000,5000,6000,-215000
054949,奇力新元大98購01,0,0,0,0,0,0,0,0,0,-216000,0,0,0,269000,485000,-216000,-216000
048545,嘉澤永豐93購03  ,0,0,0,0,0,0,0,0,0,-216000,0,0,0,338000,554000,-216000,-216000
050350,全新群益94購04  ,0,0,0,0,0,0,0,0,0,-217000,0,0,0,103000,320000,-217000,-217000
055393,華新科統一97購03,0,0,0,0,0,0,0,0,0,-218000,0,0,0,0,218000,-218000,-218000
00670L,富邦NASDAQ正2   ,0,0,0,0,0,0,0,0,0,-218000,0,0,0,132000,350000,-218000,-218000
052342,茂林凱基96購01  ,0,0,0,0,0,0,0,0,0,-219000,0,0,0,64000,283000,-219000,-219000
054961,玉晶光元大99購01,0,0,0,0,0,0,0,0,0,-220000,0,0,0,75000,295000,-220000,-220000
053862,南亞科元大97購02,0,0,0,0,0,0,0,0,0,-220000,0,0,0,20000,240000,-220000,-220000
054071,泰鼎國泰97購02  ,0,0,0,0,0,0,0,0,0,-220000,0,0,0,10000,230000,-220000,-220000
050093,國巨永豐94購05  ,0,0,0,0,0,0,0,0,0,-220000,0,0,0,41000,261000,-220000,-220000
05354P,臺股指元富95售08,0,0,0,0,0,0,0,0,0,-220000,0,0,0,100000,320000,-220000,-220000
055564,茂林凱基98購01  ,0,0,0,0,0,0,0,0,0,-221000,0,0,0,63000,284000,-221000,-221000
045752,全新國泰93購01  ,0,0,0,0,0,0,0,0,0,-221000,0,0,0,32000,253000,-221000,-221000
054324,美律台新97購01  ,0,0,0,0,0,0,0,0,0,-222000,0,0,0,0,222000,-222000,-222000
047327,中磊元大93購04  ,0,0,0,0,0,0,0,0,0,-222000,0,0,0,0,222000,-222000,-222000
048259,新日興統一93購01,0,0,0,0,0,0,0,0,0,-222000,0,0,0,480000,702000,-222000,-222000
042796,永冠元大93購01  ,0,0,0,0,0,0,0,0,0,-223000,0,0,0,429000,652000,-223000,-223000
051488,健策凱基96購04  ,0,0,0,0,0,0,0,0,0,-223000,0,0,0,393000,616000,-223000,-223000
047420,全新富邦97購01  ,0,0,0,0,0,0,0,0,0,-225000,0,0,0,0,225000,-225000,-225000
047273,奇力新永豐93購03,0,0,0,0,0,0,0,0,0,-225000,0,0,0,0,225000,-225000,-225000
050752,美律統一94購05  ,0,0,0,0,0,0,0,0,0,-225000,0,0,0,22000,247000,-225000,-225000
5519,隆大            ,40000,265000,-225000,0,0,0,0,0,0,0,0,0,0,0,0,0,-225000
054161,友訊凱基98購01  ,0,0,0,0,0,0,0,0,0,-226000,0,0,0,25000,251000,-226000,-226000
054950,奇力新元大98購02,0,0,0,0,0,0,0,0,0,-226000,0,0,0,99000,325000,-226000,-226000
055180,文曄統一97購01  ,0,0,0,0,0,0,0,0,0,-226000,0,0,0,0,226000,-226000,-226000
054560,全新群益98購03  ,0,0,0,0,0,0,0,0,0,-227000,0,0,0,159000,386000,-227000,-227000
054561,奇力新群益97購03,0,0,0,0,0,0,0,0,0,-228000,0,0,0,82000,310000,-228000,-228000
051203,微星麥證95購01  ,0,0,0,36000,264000,-228000,0,0,0,-228000,0,0,0,36000,264000,-228000,-228000
054881,光罩統一97購01  ,0,0,0,0,0,0,0,0,0,-229000,0,0,0,0,229000,-229000,-229000
05643P,大立光中信98售01,0,0,0,0,0,0,0,0,0,-230000,0,0,0,70000,300000,-230000,-230000
055403,泰鼎元富97購01  ,0,0,0,0,0,0,0,0,0,-230000,0,0,0,10000,240000,-230000,-230000
055193,世芯元富97購02  ,0,0,0,0,0,0,0,0,0,-230000,0,0,0,42000,272000,-230000,-230000
044463,全新兆豐93購01  ,0,0,0,0,0,0,0,0,0,-230000,0,0,0,10000,240000,-230000,-230000
050160,中石化國泰95購01,0,0,0,0,0,0,0,0,0,-230000,0,0,0,0,230000,-230000,-230000
04905P,國巨國票94售04  ,0,0,0,0,0,0,0,0,0,-230000,0,0,0,107000,337000,-230000,-230000
052477,美律群益98購01  ,0,0,0,0,0,0,0,0,0,-230000,0,0,0,60000,290000,-230000,-230000
052877,矽創凱基96購01  ,0,0,0,0,0,0,0,0,0,-230000,0,0,0,55000,285000,-230000,-230000
053915,光罩國票96購02  ,0,0,0,0,0,0,0,0,0,-231000,0,0,0,5000,236000,-231000,-231000
047910,全新麥證94購01  ,0,0,0,302000,533000,-231000,0,0,0,-231000,0,0,0,302000,533000,-231000,-231000
049363,旺宏元大94購07  ,0,0,0,0,0,0,0,0,0,-231000,0,0,0,140000,371000,-231000,-231000
054870,新日興群益98購01,0,0,0,0,0,0,0,0,0,-232000,0,0,0,207000,439000,-232000,-232000
048070,聯發科元富99購03,0,0,0,0,0,0,0,0,0,-232000,0,0,0,22000,254000,-232000,-232000
052239,泰鼎國票97購01  ,0,0,0,0,0,0,0,0,0,-232000,0,0,0,0,232000,-232000,-232000
046822,亞光凱基93購04  ,0,0,0,0,0,0,0,0,0,-233000,0,0,0,18000,251000,-233000,-233000
048924,光罩永豐94購01  ,0,0,0,0,0,0,0,0,0,-233000,0,0,0,10000,243000,-233000,-233000
050494,可成永昌96購01  ,0,0,0,0,0,0,0,0,0,-233000,0,0,0,111000,344000,-233000,-233000
054959,禾伸堂元大98購01,0,0,0,0,0,0,0,0,0,-234000,0,0,0,1000,235000,-234000,-234000
04228P,貿聯永豐93售03  ,0,0,0,0,0,0,0,0,0,-234000,0,0,0,26000,260000,-234000,-234000
051317,亞德客國票96購01,0,0,0,0,0,0,0,0,0,-234000,0,0,0,11000,245000,-234000,-234000
055175,建準統一97購01  ,0,0,0,0,0,0,0,0,0,-235000,0,0,0,0,235000,-235000,-235000
055029,帆宣國泰99購01  ,0,0,0,0,0,0,0,0,0,-236000,0,0,0,169000,405000,-236000,-236000
054960,新日興元大97購02,0,0,0,0,0,0,0,0,0,-238000,0,0,0,255000,493000,-238000,-238000
042724,群創群益93購01  ,0,0,0,0,0,0,0,0,0,-238000,0,0,0,188000,426000,-238000,-238000
053885,全新兆豐96購01  ,0,0,0,0,0,0,0,0,0,-239000,0,0,0,242000,481000,-239000,-239000
050293,強茂凱基94購01  ,0,0,0,0,0,0,0,0,0,-240000,0,0,0,0,240000,-240000,-240000
051107,鴻海統一95購05  ,0,0,0,0,0,0,0,0,0,-240000,0,0,0,451000,691000,-240000,-240000
053698,中磊元大96購02  ,0,0,0,0,0,0,0,0,0,-240000,0,0,0,153000,393000,-240000,-240000
2538,基泰            ,61000,301000,-240000,0,0,0,0,0,0,0,0,0,0,0,0,0,-240000
050913,全新中信97購01  ,0,0,0,0,0,0,0,0,0,-241000,0,0,0,12000,253000,-241000,-241000
048950,達方永豐94購01  ,0,0,0,0,0,0,0,0,0,-241000,0,0,0,0,241000,-241000,-241000
052914,奇力新元富96購01,0,0,0,0,0,0,0,0,0,-241000,0,0,0,160000,401000,-241000,-241000
050559,聯發科統一94購10,0,0,0,0,0,0,0,0,0,-241000,0,0,0,15000,256000,-241000,-241000
2327,國巨            ,1388604,1910308,-521704,0,0,0,122000,0,122000,158000,247000,123000,124000,110000,76000,34000,-241704
054118,國巨永豐96購04  ,0,0,0,0,0,0,0,0,0,-242000,0,0,0,1000,243000,-242000,-242000
044125,美律凱基93購01  ,0,0,0,0,0,0,0,0,0,-242000,0,0,0,18000,260000,-242000,-242000
00708L,元大S&P黃金正2  ,0,10000,-10000,0,0,0,0,0,0,-232000,0,0,0,679000,911000,-232000,-242000
052158,華泰永豐95購01  ,0,0,0,0,0,0,0,0,0,-242000,0,0,0,10000,252000,-242000,-242000
052450,嘉澤元大95購03  ,0,0,0,0,0,0,0,0,0,-242000,0,0,0,463000,705000,-242000,-242000
047185,益航元大94購02  ,0,0,0,0,0,0,0,0,0,-243000,0,0,0,0,243000,-243000,-243000
050926,禾伸堂凱基95購01,0,0,0,0,0,0,0,0,0,-244000,0,0,0,75000,319000,-244000,-244000
053924,京鼎國票97購01  ,0,0,0,0,0,0,0,0,0,-245000,0,0,0,65000,310000,-245000,-245000
044697,美律元大93購02  ,0,0,0,0,0,0,0,0,0,-245000,0,0,0,9000,254000,-245000,-245000
047572,深中小群益95購01,0,0,0,0,0,0,0,0,0,-245000,0,0,0,10000,255000,-245000,-245000
1309,台達化          ,29000,262000,-233000,0,0,0,0,0,0,-13000,0,13000,-13000,0,0,0,-246000
052020,聯茂永豐95購02  ,0,0,0,0,0,0,0,0,0,-246000,0,0,0,49000,295000,-246000,-246000
050390,聯發科統一94購09,0,0,0,0,0,0,0,0,0,-247000,0,0,0,60000,307000,-247000,-247000
9945,潤泰新          ,265183,491000,-225817,0,0,0,0,0,0,-22000,18000,40000,-22000,0,0,0,-247817
1338,廣華-KY         ,25000,272000,-247000,0,0,0,0,0,0,-1000,0,1000,-1000,0,0,0,-248000
055395,泰鼎統一97購01  ,0,0,0,0,0,0,0,0,0,-248000,0,0,0,400000,648000,-248000,-248000
054966,貿聯元大98購02  ,0,0,0,0,0,0,0,0,0,-248000,0,0,0,94000,342000,-248000,-248000
054608,致茂永豐97購01  ,0,0,0,0,0,0,0,0,0,-248000,0,0,0,0,248000,-248000,-248000
05699P,茂林凱基96售05  ,0,0,0,0,0,0,0,0,0,-249000,0,0,0,5000,254000,-249000,-249000
051113,聯電元富95購01  ,0,0,0,0,0,0,0,0,0,-249000,0,0,0,4000,253000,-249000,-249000
051806,華通凱基96購02  ,0,0,0,0,0,0,0,0,0,-249000,0,0,0,254000,503000,-249000,-249000
053686,台積電元大97購08,0,0,0,0,0,0,0,0,0,-249000,0,0,0,30000,279000,-249000,-249000
053641,正文永豐96購01  ,0,0,0,0,0,0,0,0,0,-249000,0,0,0,20000,269000,-249000,-249000
046237,南電元大92購02  ,0,0,0,0,0,0,0,0,0,-250000,0,0,0,0,250000,-250000,-250000
047243,為升群益93購02  ,0,0,0,0,0,0,0,0,0,-250000,0,0,0,0,250000,-250000,-250000
049893,日月光富邦98購01,0,0,0,0,0,0,0,0,0,-250000,0,0,0,5000,255000,-250000,-250000
053771,華新元大97購01  ,0,0,0,0,0,0,0,0,0,-250000,0,0,0,66000,316000,-250000,-250000
052574,茂林凱基96購02  ,0,0,0,0,0,0,0,0,0,-250000,0,0,0,132000,382000,-250000,-250000
051733,中環國票96購02  ,0,0,0,0,0,0,0,0,0,-250000,0,0,0,0,250000,-250000,-250000
053014,旺宏統一97購02  ,0,0,0,0,0,0,0,0,0,-251000,0,0,0,50000,301000,-251000,-251000
053122,美律凱基98購01  ,0,0,0,0,0,0,0,0,0,-251000,0,0,0,7000,258000,-251000,-251000
2385,群光            ,640514,912225,-271711,0,0,0,1000,0,1000,19000,6000,0,6000,19000,6000,13000,-251711
053715,美律凱基96購04  ,0,0,0,0,0,0,0,0,0,-252000,0,0,0,0,252000,-252000,-252000
044710,中磊元大93購01  ,0,0,0,0,0,0,0,0,0,-253000,0,0,0,0,253000,-253000,-253000
3019,亞光            ,995000,1114000,-119000,0,0,0,0,175000,-175000,41000,24000,3000,21000,50000,30000,20000,-253000
047870,嘉澤永豐93購02  ,0,0,0,0,0,0,0,0,0,-254000,0,0,0,46000,300000,-254000,-254000
055050,敬鵬永豐97購01  ,0,0,0,0,0,0,0,0,0,-255000,0,0,0,10000,265000,-255000,-255000
045850,嘉澤永豐92購01  ,0,0,0,0,0,0,0,0,0,-255000,0,0,0,74000,329000,-255000,-255000
051297,台積電凱基95購07,0,0,0,0,0,0,0,0,0,-255000,0,0,0,11000,266000,-255000,-255000
052576,聯茂凱基96購01  ,0,0,0,0,0,0,0,0,0,-255000,0,0,0,49000,304000,-255000,-255000
03891P,晶技國泰94售02  ,0,0,0,0,0,0,0,0,0,-256000,0,0,0,49000,305000,-256000,-256000
050205,牧德群益94購02  ,0,0,0,0,0,0,0,0,0,-257000,0,0,0,95000,352000,-257000,-257000
050552,禾伸堂凱基94購05,0,0,0,0,0,0,0,0,0,-257000,0,0,0,10000,267000,-257000,-257000
2006,東和鋼鐵        ,14000,261000,-247000,0,0,0,1000,0,1000,-11000,0,11000,-11000,0,0,0,-257000
048237,致茂國票94購01  ,0,0,0,0,0,0,0,0,0,-258000,0,0,0,120000,378000,-258000,-258000
048341,全新元大94購03  ,0,0,0,0,0,0,0,0,0,-259000,0,0,0,0,259000,-259000,-259000
048442,友訊凱基94購01  ,0,0,0,0,0,0,0,0,0,-260000,0,0,0,475000,735000,-260000,-260000
046844,旺宏永豐93購01  ,0,0,0,0,0,0,0,0,0,-261000,0,0,0,9000,270000,-261000,-261000
051830,健策元大97購01  ,0,0,0,0,0,0,0,0,0,-261000,0,0,0,133000,394000,-261000,-261000
049845,台積電麥證94購01,0,0,0,0,262000,-262000,0,0,0,-262000,0,0,0,0,262000,-262000,-262000
05120P,聯發科國泰97售01,0,0,0,0,0,0,0,0,0,-262000,0,0,0,35000,297000,-262000,-262000
045993,美律富邦93購01  ,0,0,0,0,0,0,0,0,0,-264000,0,0,0,0,264000,-264000,-264000
052444,友訊元大95購01  ,0,0,0,0,0,0,0,0,0,-264000,0,0,0,12000,276000,-264000,-264000
049212,T50反1國票94購04,0,0,0,0,0,0,0,0,0,-267000,0,0,0,169000,436000,-267000,-267000
052745,欣興元大96購04  ,0,0,0,0,0,0,0,0,0,-268000,0,0,0,27000,295000,-268000,-268000
052014,光罩永豐95購01  ,0,0,0,0,0,0,0,0,0,-269000,0,0,0,292000,561000,-269000,-269000
046754,技嘉凱基93購05  ,0,0,0,0,0,0,0,0,0,-270000,0,0,0,31000,301000,-270000,-270000
048841,聯茂凱基94購06  ,0,0,0,0,0,0,0,0,0,-270000,0,0,0,0,270000,-270000,-270000
04993P,上銀兆豐96售01  ,0,0,0,0,0,0,0,0,0,-271000,0,0,0,0,271000,-271000,-271000
054889,京鼎統一99購01  ,0,0,0,0,0,0,0,0,0,-272000,0,0,0,20000,292000,-272000,-272000
054979,南港元富97購01  ,30000,0,30000,0,0,0,0,0,0,-303000,0,0,0,144000,447000,-303000,-273000
05724P,致茂永豐96售01  ,0,0,0,0,0,0,0,0,0,-273000,0,0,0,215000,488000,-273000,-273000
048559,京元電元大93購03,0,0,0,0,0,0,0,0,0,-273000,0,0,0,0,273000,-273000,-273000
047866,得力永豐93購01  ,0,0,0,0,0,0,0,0,0,-273000,0,0,0,60000,333000,-273000,-273000
055229,大毅國票97購02  ,0,0,0,0,0,0,0,0,0,-274000,0,0,0,2000,276000,-274000,-274000
050203,美律群益94購04  ,0,0,0,0,0,0,0,0,0,-274000,0,0,0,99000,373000,-274000,-274000
053019,禾伸堂元富96購01,0,0,0,0,0,0,0,0,0,-274000,0,0,0,1000,275000,-274000,-274000
054400,健策永豐96購02  ,0,0,0,0,0,0,0,0,0,-275000,0,0,0,0,275000,-275000,-275000
055645,技嘉元富97購01  ,0,0,0,0,0,0,0,0,0,-276000,0,0,0,17000,293000,-276000,-276000
05111P,台積電統一95售04,0,0,0,0,0,0,0,0,0,-276000,0,0,0,38000,314000,-276000,-276000
051827,智邦元大95購04  ,0,0,0,0,0,0,0,0,0,-276000,0,0,0,12000,288000,-276000,-276000
041973,台灣50中信94購01,0,0,0,0,0,0,0,0,0,-277000,0,0,0,52000,329000,-277000,-277000
045579,全新元大93購03  ,0,0,0,0,0,0,0,0,0,-278000,0,0,0,0,278000,-278000,-278000
049076,佳世達凱基94購01,0,0,0,0,0,0,0,0,0,-278000,0,0,0,2000,280000,-278000,-278000
05072P,聯電元富95售02  ,0,0,0,0,0,0,0,0,0,-278000,0,0,0,0,278000,-278000,-278000
052926,旺宏元大98購02  ,0,0,0,0,0,0,0,0,0,-278000,0,0,0,353000,631000,-278000,-278000
4915,致伸            ,888000,1179000,-291000,0,0,0,0,0,0,13000,0,7000,-7000,24000,4000,20000,-278000
8028,昇陽半導體      ,115000,102000,13000,0,0,0,0,291000,-291000,0,0,0,0,2000,2000,0,-278000
04974P,聯發科凱基96售02,0,0,0,0,0,0,0,0,0,-279000,0,0,0,20000,299000,-279000,-279000
053118,大立光中信9C購01,0,0,0,0,0,0,0,0,0,-281000,0,0,0,0,281000,-281000,-281000
055369,友訊元大97購01  ,0,0,0,0,0,0,0,0,0,-282000,0,0,0,200000,482000,-282000,-282000
03781P,智邦凱基93售03  ,0,0,0,0,0,0,0,0,0,-284000,0,0,0,1000,285000,-284000,-284000
053013,台積電統一97購01,0,0,0,0,0,0,0,0,0,-284000,0,0,0,64000,348000,-284000,-284000
055633,牧德永豐97購02  ,0,0,0,0,0,0,0,0,0,-287000,0,0,0,97000,384000,-287000,-287000
055519,茂林中信99購01  ,0,0,0,0,0,0,0,0,0,-287000,0,0,0,121000,408000,-287000,-287000
054330,世芯永豐96購02  ,0,0,0,0,0,0,0,0,0,-287000,0,0,0,241000,528000,-287000,-287000
053841,美律統一96購01  ,0,0,0,0,0,0,0,0,0,-287000,0,0,0,0,287000,-287000,-287000
053439,台積電凱基96購11,0,0,0,0,0,0,0,0,0,-287000,0,0,0,30000,317000,-287000,-287000
044818,可成兆豐93購02  ,0,0,0,0,0,0,0,0,0,-288000,0,0,0,0,288000,-288000,-288000
9938,百和            ,120000,417211,-297211,0,0,0,27000,0,27000,-18000,20000,0,20000,6000,44000,-38000,-288211
045622,康舒永豐92購01  ,0,0,0,0,0,0,0,0,0,-289000,0,0,0,10000,299000,-289000,-289000
049955,崇越群益95購01  ,0,0,0,0,0,0,0,0,0,-289000,0,0,0,10000,299000,-289000,-289000
049020,可成群益94購02  ,0,0,0,0,0,0,0,0,0,-289000,0,0,0,79000,368000,-289000,-289000
04871P,力成元富94售02  ,0,0,0,0,0,0,0,0,0,-289000,0,0,0,92000,381000,-289000,-289000
052929,可成元大96購02  ,0,0,0,0,0,0,0,0,0,-289000,0,0,0,135000,424000,-289000,-289000
050324,訊芯台新94購01  ,0,0,0,0,0,0,0,0,0,-290000,0,0,0,0,290000,-290000,-290000
049054,禾伸堂永豐94購01,0,0,0,0,0,0,0,0,0,-290000,0,0,0,20000,310000,-290000,-290000
052861,台光電凱基96購03,0,0,0,0,0,0,0,0,0,-291000,0,0,0,35000,326000,-291000,-291000
2102,泰豐            ,78000,357000,-279000,0,0,0,0,0,0,-13000,0,13000,-13000,0,0,0,-292000
055407,祥碩國泰98購01  ,0,0,0,0,0,0,0,0,0,-293000,0,0,0,54000,347000,-293000,-293000
1313,聯成            ,18000,299000,-281000,0,0,0,0,0,0,-13000,0,13000,-13000,0,0,0,-294000
1304,台聚            ,40000,310000,-270000,0,0,0,0,0,0,-24000,0,24000,-24000,0,0,0,-294000
05359P,嘉澤元大95售02  ,0,0,0,0,0,0,0,0,0,-294000,0,0,0,5000,299000,-294000,-294000
053363,旺宏國泰98購02  ,0,0,0,0,0,0,0,0,0,-295000,0,0,0,236000,531000,-295000,-295000
055123,億光兆豐97購01  ,0,0,0,0,0,0,0,0,0,-296000,0,0,0,66000,362000,-296000,-296000
052852,國巨元富96購02  ,0,0,0,0,0,0,0,0,0,-296000,0,0,0,390000,686000,-296000,-296000
05418P,瑞昱永豐95售02  ,0,0,0,0,0,0,0,0,0,-297000,0,0,0,0,297000,-297000,-297000
053699,臺股指元大96購22,0,0,0,0,0,0,0,0,0,-297000,0,0,0,320000,617000,-297000,-297000
2505,國揚            ,639000,778000,-139000,0,0,0,0,0,0,-159000,0,2000,-2000,0,157000,-157000,-298000
055048,台積電永豐97購04,0,0,0,0,0,0,0,0,0,-299000,0,0,0,0,299000,-299000,-299000
043920,瑞儀凱基93購01  ,0,0,0,0,0,0,0,0,0,-299000,0,0,0,0,299000,-299000,-299000
048391,友訊國票94購01  ,0,0,0,0,0,0,0,0,0,-299000,0,0,0,0,299000,-299000,-299000
047698,瑞儀日盛93購01  ,0,0,0,0,0,0,0,0,0,-299000,0,0,0,0,299000,-299000,-299000
04870P,大立光元富94售11,0,0,0,0,0,0,0,0,0,-299000,0,0,0,0,299000,-299000,-299000
053053,京元電國票97購02,0,0,0,0,0,0,0,0,0,-299000,0,0,0,0,299000,-299000,-299000
052807,貿聯元大98購01  ,0,0,0,0,0,0,0,0,0,-299000,0,0,0,63000,362000,-299000,-299000
045817,滬深2X凱基95購02,0,0,0,0,0,0,0,0,0,-300000,0,0,0,0,300000,-300000,-300000
052687,國泰金元大96購03,0,0,0,0,0,0,0,0,0,-300000,0,0,0,4000,304000,-300000,-300000
051358,台新金元大95購01,0,0,0,0,0,0,0,0,0,-300000,0,0,0,0,300000,-300000,-300000
05221P,玉晶光元大95售04,0,0,0,0,0,0,0,0,0,-300000,0,0,0,0,300000,-300000,-300000
054843,中環兆豐97購01  ,0,0,0,0,0,0,0,0,0,-301000,0,0,0,8000,309000,-301000,-301000
046264,美律凱基93購05  ,0,0,0,0,0,0,0,0,0,-301000,0,0,0,0,301000,-301000,-301000
050228,中磊中信96購01  ,0,0,0,0,0,0,0,0,0,-301000,0,0,0,0,301000,-301000,-301000
055446,奇力新統一9A購01,0,0,0,0,0,0,0,0,0,-302000,0,0,0,58000,360000,-302000,-302000
052301,華通康和95購01  ,0,0,0,0,0,0,0,0,0,-302000,0,0,0,0,302000,-302000,-302000
051410,京元電國票96購01,0,0,0,0,0,0,0,0,0,-302000,0,0,0,132000,434000,-302000,-302000
054641,祥碩中信98購01  ,0,0,0,0,0,0,0,0,0,-303000,0,0,0,171000,474000,-303000,-303000
054394,奇力新永豐96購03,0,0,0,0,0,0,0,0,0,-303000,0,0,0,50000,353000,-303000,-303000
046946,益航元大94購01  ,0,0,0,0,0,0,0,0,0,-305000,0,0,0,5000,310000,-305000,-305000
050662,智易元大96購01  ,0,0,0,0,0,0,0,0,0,-305000,0,0,0,0,305000,-305000,-305000
055334,禾伸堂兆豐97購01,0,0,0,0,0,0,0,0,0,-306000,0,0,0,15000,321000,-306000,-306000
05948P,茂林元大96售03  ,0,0,0,0,0,0,0,0,0,-307000,0,0,0,18000,325000,-307000,-307000
054518,亞光元大97購01  ,0,0,0,0,0,0,0,0,0,-307000,0,0,0,103000,410000,-307000,-307000
055062,文曄永豐97購01  ,0,0,0,0,0,0,0,0,0,-308000,0,0,0,0,308000,-308000,-308000
043728,美律國泰93購01  ,0,0,0,0,0,0,0,0,0,-308000,0,0,0,0,308000,-308000,-308000
048715,A50正2永豐94購01,0,0,0,0,0,0,0,0,0,-308000,0,0,0,12000,320000,-308000,-308000
054762,奇力新國票99購01,0,0,0,0,0,0,0,0,0,-309000,0,0,0,186000,495000,-309000,-309000
055411,國巨富邦9A購02  ,0,0,0,0,0,0,0,0,0,-309000,0,0,0,10000,319000,-309000,-309000
049951,全新群益94購03  ,0,0,0,0,0,0,0,0,0,-309000,0,0,0,60000,369000,-309000,-309000
054711,禾伸堂元富97購01,0,0,0,0,0,0,0,0,0,-310000,0,0,0,22000,332000,-310000,-310000
054572,國巨元大98購03  ,0,0,0,0,0,0,0,0,0,-310000,0,0,0,86000,396000,-310000,-310000
054088,華新群益98購02  ,0,0,0,0,0,0,0,0,0,-311000,0,0,0,0,311000,-311000,-311000
048248,聯發科兆豐95購01,0,0,0,0,0,0,0,0,0,-312000,0,0,0,11000,323000,-312000,-312000
050945,致茂群益95購01  ,0,0,0,0,0,0,0,0,0,-313000,0,0,0,16000,329000,-313000,-313000
051946,健策統一98購01  ,0,0,0,0,0,0,0,0,0,-314000,0,0,0,45000,359000,-314000,-314000
2355,敬鵬            ,59000,401501,-342501,0,0,0,0,0,0,28000,0,0,0,28000,0,28000,-314501
045055,聯發科元富98購03,0,0,0,0,0,0,0,0,0,-315000,0,0,0,23000,338000,-315000,-315000
048861,牧德群益94購01  ,0,0,0,0,0,0,0,0,0,-315000,0,0,0,130000,445000,-315000,-315000
052619,茂林國泰99購01  ,0,0,0,0,0,0,0,0,0,-315000,0,0,0,142000,457000,-315000,-315000
049034,台達電兆豐94購01,0,0,0,0,0,0,0,0,0,-317000,0,0,0,24000,341000,-317000,-317000
06157P,聯鈞統一97售02  ,0,0,0,0,0,0,0,0,0,-318000,0,0,0,0,318000,-318000,-318000
053018,旺宏元富96購02  ,0,0,0,0,0,0,0,0,0,-319000,0,0,0,1000,320000,-319000,-319000
042801,達邁元大93購01  ,0,0,0,0,0,0,0,0,0,-320000,0,0,0,40000,360000,-320000,-320000
054293,健策元大98購02  ,0,0,0,0,0,0,0,0,0,-322000,0,0,0,304000,626000,-322000,-322000
045872,元油2X元富98購03,0,0,0,0,0,0,0,0,0,-323000,0,0,0,10000,333000,-323000,-323000
051248,華固元大95購01  ,0,0,0,0,0,0,0,0,0,-323000,0,0,0,0,323000,-323000,-323000
045516,聯茂統一94購01  ,0,0,0,0,0,0,0,0,0,-324000,0,0,0,72000,396000,-324000,-324000
053419,光罩永豐96購01  ,0,0,0,0,0,0,0,0,0,-324000,0,0,0,0,324000,-324000,-324000
055141,牧德永豐98購02  ,0,0,0,0,0,0,0,0,0,-325000,0,0,0,35000,360000,-325000,-325000
048946,崇越永豐94購01  ,0,0,0,0,0,0,0,0,0,-325000,0,0,0,27000,352000,-325000,-325000
052735,燿華富邦98購01  ,0,0,0,0,0,0,0,0,0,-325000,0,0,0,4000,329000,-325000,-325000
051750,華通富邦96購01  ,0,0,0,0,0,0,0,0,0,-326000,0,0,0,0,326000,-326000,-326000
2363,矽統            ,63000,359000,-296000,0,0,0,0,0,0,-30000,0,30000,-30000,0,0,0,-326000
053860,台積電元大98購03,0,0,0,0,0,0,0,0,0,-327000,0,0,0,147000,474000,-327000,-327000
054155,美律第一96購01  ,0,0,0,0,0,0,0,0,0,-328000,0,0,0,0,328000,-328000,-328000
045658,儒鴻國泰93購01  ,0,0,0,0,0,0,0,0,0,-328000,0,0,0,35000,363000,-328000,-328000
049994,聯茂台新94購02  ,0,0,0,0,0,0,0,0,0,-328000,0,0,0,0,328000,-328000,-328000
051703,台積電群益95購04,0,0,0,0,0,0,0,0,0,-329000,0,0,0,38000,367000,-329000,-329000
054332,世芯永豐97購01  ,0,0,0,0,0,0,0,0,0,-330000,0,0,0,237000,567000,-330000,-330000
055451,台積電元富97購02,0,0,0,0,0,0,0,0,0,-330000,0,0,0,50000,380000,-330000,-330000
052212,可成元大95購11  ,0,0,0,0,0,0,0,0,0,-330000,0,0,0,0,330000,-330000,-330000
045414,康控群益94購02  ,0,0,0,0,0,0,0,0,0,-331000,0,0,0,10000,341000,-331000,-331000
06046P,健策統一96售03  ,0,0,0,0,0,0,0,0,0,-332000,0,0,0,273000,605000,-332000,-332000
3704,合勤控          ,86000,403000,-317000,0,0,0,0,0,0,-15000,0,11000,-11000,0,4000,-4000,-332000
2014,中鴻            ,267000,569000,-302000,0,0,0,0,0,0,-31000,0,31000,-31000,0,0,0,-333000
054371,台積電中信9C購01,0,0,0,0,0,0,0,0,0,-334000,0,0,0,30000,364000,-334000,-334000
050976,台光電統一95購01,0,0,0,0,0,0,0,0,0,-334000,0,0,0,0,334000,-334000,-334000
05170P,世芯元大95售01  ,0,0,0,0,0,0,0,0,0,-334000,0,0,0,1000,335000,-334000,-334000
2723,美食-KY         ,88000,412000,-324000,0,0,0,0,0,0,-11000,0,2000,-2000,2000,11000,-9000,-335000
051792,泰鼎國票96購02  ,0,0,0,0,0,0,0,0,0,-337000,0,0,0,0,337000,-337000,-337000
3016,嘉晶            ,147000,186000,-39000,0,0,0,0,0,0,-298000,0,0,0,46000,344000,-298000,-337000
054983,國巨元富97購04  ,0,0,0,0,0,0,0,0,0,-339000,0,0,0,189000,528000,-339000,-339000
046626,台光電統一94購01,0,0,0,0,0,0,0,0,0,-339000,0,0,0,80000,419000,-339000,-339000
043028,南電元大92購01  ,0,0,0,0,0,0,0,0,0,-339000,0,0,0,0,339000,-339000,-339000
05214P,台積電國票97售02,0,0,0,0,0,0,0,0,0,-341000,0,0,0,400000,741000,-341000,-341000
053996,晶相光群益97購01,0,0,0,0,0,0,0,0,0,-342000,0,0,0,404000,746000,-342000,-342000
049293,友訊群益95購01  ,0,0,0,0,0,0,0,0,0,-342000,0,0,0,152000,494000,-342000,-342000
052044,華通凱基97購01  ,0,0,0,0,0,0,0,0,0,-342000,0,0,0,1000,343000,-342000,-342000
054855,得力群益98購01  ,0,0,0,0,0,0,0,0,0,-344000,0,0,0,10000,354000,-344000,-344000
03763P,聯發科元富96售01,0,0,0,0,0,0,0,0,0,-345000,0,0,0,341000,686000,-345000,-345000
049243,佳世達元富96購02,0,0,0,0,0,0,0,0,0,-345000,0,0,0,5000,350000,-345000,-345000
048905,旺宏富邦96購01  ,0,0,0,0,0,0,0,0,0,-345000,0,0,0,7000,352000,-345000,-345000
051247,可成元大95購04  ,0,0,0,0,0,0,0,0,0,-345000,0,0,0,30000,375000,-345000,-345000
053483,嘉澤第一96購01  ,0,0,0,0,0,0,0,0,0,-345000,0,0,0,216000,561000,-345000,-345000
051712,嘉聯益群益95購01,0,0,0,0,0,0,0,0,0,-346000,0,0,0,10000,356000,-346000,-346000
054832,興勤中信97購01  ,0,0,0,0,0,0,0,0,0,-348000,0,0,0,87000,435000,-348000,-348000
055167,友訊統一97購01  ,0,0,0,0,0,0,0,0,0,-348000,0,0,0,28000,376000,-348000,-348000
048721,正文永豐94購01  ,0,0,0,0,0,0,0,0,0,-349000,0,0,0,0,349000,-349000,-349000
055415,禾伸堂富邦9B購01,0,0,0,0,0,0,0,0,0,-350000,0,0,0,302000,652000,-350000,-350000
043961,道瓊反國泰94購01,0,0,0,0,0,0,0,0,0,-350000,0,0,0,0,350000,-350000,-350000
044615,聯茂兆豐93購01  ,0,0,0,0,0,0,0,0,0,-352000,0,0,0,430000,782000,-352000,-352000
046402,華泰元大92購03  ,0,0,0,0,0,0,0,0,0,-353000,0,0,0,0,353000,-353000,-353000
053946,全新富邦97購02  ,0,0,0,0,0,0,0,0,0,-354000,0,0,0,7000,361000,-354000,-354000
054534,台積電富邦98購03,0,0,0,0,0,0,0,0,0,-355000,0,0,0,240000,595000,-355000,-355000
052256,台泥國泰96購01  ,0,0,0,0,0,0,0,0,0,-355000,0,0,0,170000,525000,-355000,-355000
044764,聯茂凱基93購03  ,0,0,0,0,0,0,0,0,0,-356000,0,0,0,22000,378000,-356000,-356000
054545,奇力新中信98購01,0,0,0,0,0,0,0,0,0,-358000,0,0,0,371000,729000,-358000,-358000
053029,國巨第一96購01  ,0,0,0,0,0,0,0,0,0,-358000,0,0,0,470000,828000,-358000,-358000
055035,興勤富邦98購01  ,0,0,0,0,0,0,0,0,0,-359000,0,0,0,0,359000,-359000,-359000
055131,茂林康和97購01  ,0,0,0,0,0,0,0,0,0,-360000,0,0,0,127000,487000,-360000,-360000
047000,和大統一93購01  ,0,0,0,0,0,0,0,0,0,-360000,0,0,0,1000,361000,-360000,-360000
053137,旺宏富邦98購01  ,0,0,0,0,0,0,0,0,0,-361000,0,0,0,15000,376000,-361000,-361000
054158,國巨日盛99購01  ,0,0,0,0,0,0,0,0,0,-363000,0,0,0,172000,535000,-363000,-363000
054264,超眾元大97購02  ,0,0,0,0,0,0,0,0,0,-363000,0,0,0,28000,391000,-363000,-363000
046046,世紀鋼元大93購03,0,0,0,0,0,0,0,0,0,-363000,0,0,0,0,363000,-363000,-363000
046602,新日興群益94購01,0,0,0,0,0,0,0,0,0,-363000,0,0,0,132000,495000,-363000,-363000
047824,臺股指凱基93購18,0,0,0,0,0,0,0,0,0,-363000,0,0,0,237000,600000,-363000,-363000
049125,禾伸堂元富94購01,0,0,0,0,0,0,0,0,0,-367000,0,0,0,301000,668000,-367000,-367000
053173,矽格群益97購01  ,0,0,0,0,0,0,0,0,0,-368000,0,0,0,31000,399000,-368000,-368000
04345P,景碩國泰94售02  ,0,0,0,0,0,0,0,0,0,-370000,0,0,0,10000,380000,-370000,-370000
049287,可成兆豐95購01  ,0,0,0,0,0,0,0,0,0,-372000,0,0,0,10000,382000,-372000,-372000
051473,台積電凱基95購10,20000,0,20000,0,0,0,0,0,0,-392000,0,0,0,0,392000,-392000,-372000
053615,光罩群益96購01  ,0,0,0,0,0,0,0,0,0,-374000,0,0,0,5000,379000,-374000,-374000
05430P,台積電統一95售07,0,0,0,0,0,0,0,0,0,-375000,0,0,0,25000,400000,-375000,-375000
049503,矽創元大94購01  ,0,0,0,0,0,0,0,0,0,-376000,0,0,0,0,376000,-376000,-376000
050713,矽格麥證94購01  ,0,0,0,23000,399000,-376000,0,0,0,-376000,0,0,0,23000,399000,-376000,-376000
052013,台積電永豐95購04,0,0,0,0,0,0,0,0,0,-376000,0,0,0,3000,379000,-376000,-376000
047102,潤泰全富邦95購01,0,0,0,0,0,0,0,0,0,-378000,0,0,0,0,378000,-378000,-378000
054574,美律元大99購01  ,0,0,0,0,0,0,0,0,0,-380000,0,0,0,7000,387000,-380000,-380000
050998,訊連元大95購01  ,0,0,0,0,0,0,0,0,0,-380000,0,0,0,24000,404000,-380000,-380000
3450,聯鈞            ,178000,479000,-301000,0,0,0,0,0,0,-81000,95000,3000,92000,45000,218000,-173000,-382000
045308,泰鼎元大93購02  ,0,0,0,0,0,0,0,0,0,-383000,0,0,0,0,383000,-383000,-383000
020000,富邦特選蘋果N   ,0,0,0,0,0,0,0,0,0,-389000,0,0,0,91000,480000,-389000,-389000
048331,臺指反富邦97購01,0,0,0,0,0,0,0,0,0,-390000,0,0,0,0,390000,-390000,-390000
054793,牧德群益9A購01  ,0,0,0,0,0,0,0,0,0,-391000,0,0,0,108000,499000,-391000,-391000
048064,可成統一93購02  ,0,0,0,0,0,0,0,0,0,-391000,0,0,0,20000,411000,-391000,-391000
048224,聯發科凱基93購31,0,0,0,0,0,0,0,0,0,-393000,0,0,0,286000,679000,-393000,-393000
051106,華通統一95購02  ,0,0,0,0,0,0,0,0,0,-394000,0,0,0,257000,651000,-394000,-394000
06181P,國巨中信97售02  ,0,0,0,0,0,0,0,0,0,-395000,0,0,0,21000,416000,-395000,-395000
044501,滬深2X凱基92購02,0,0,0,0,0,0,0,0,0,-395000,0,0,0,0,395000,-395000,-395000
052107,台積電統一95購06,0,0,0,0,0,0,0,0,0,-399000,0,0,0,140000,539000,-399000,-399000
055166,台積電統一97購05,0,0,0,0,0,0,0,0,0,-400000,0,0,0,200000,600000,-400000,-400000
054972,聯茂元大97購02  ,0,0,0,0,0,0,0,0,0,-400000,0,0,0,0,400000,-400000,-400000
054427,潤泰全富邦97購01,0,0,0,0,0,0,0,0,0,-400000,0,0,0,3000,403000,-400000,-400000
044768,深中小元大94購02,0,0,0,0,0,0,0,0,0,-400000,0,0,0,200000,600000,-400000,-400000
051122,美食群益95購01  ,0,0,0,0,0,0,0,0,0,-400000,0,0,0,10000,410000,-400000,-400000
049831,日月光凱基94購01,0,0,0,0,0,0,0,0,0,-400000,0,0,0,0,400000,-400000,-400000
052209,深中小元大95購02,0,0,0,0,0,0,0,0,0,-400000,0,0,0,200000,600000,-400000,-400000
052316,台積電元大96購10,0,0,0,0,0,0,0,0,0,-401000,0,0,0,189000,590000,-401000,-401000
05301P,矽力元大95售02  ,0,0,0,0,0,0,0,0,0,-403000,0,0,0,3000,406000,-403000,-403000
051359,中信金元大95購01,0,0,0,0,0,0,0,0,0,-404000,0,0,0,100000,504000,-404000,-404000
053798,台積電中信98購02,0,0,0,0,0,0,0,0,0,-406000,0,0,0,0,406000,-406000,-406000
053533,光罩永豐96購03  ,0,0,0,0,0,0,0,0,0,-407000,0,0,0,0,407000,-407000,-407000
055110,美律凱基98購02  ,0,0,0,0,0,0,0,0,0,-409000,0,0,0,0,409000,-409000,-409000
1310,台苯            ,166000,569000,-403000,0,0,0,0,0,0,-6000,0,6000,-6000,0,0,0,-409000
2605,新興            ,21000,315000,-294000,0,0,0,0,230000,-230000,114000,100000,0,100000,14000,0,14000,-410000
049177,美律凱基94購02  ,0,0,0,0,0,0,0,0,0,-411000,0,0,0,0,411000,-411000,-411000
049050,崇越康和94購01  ,0,0,0,0,0,0,0,0,0,-413000,0,0,0,143000,556000,-413000,-413000
04742P,瑞昱統一94售01  ,0,0,0,0,0,0,0,0,0,-414000,0,0,0,292000,706000,-414000,-414000
052016,神基永豐95購01  ,0,0,0,0,0,0,0,0,0,-415000,0,0,0,23000,438000,-415000,-415000
046663,亞光元大93購02  ,0,0,0,0,0,0,0,0,0,-419000,0,0,0,3000,422000,-419000,-419000
043156,大立光統一94購01,0,0,0,0,0,0,0,0,0,-420000,0,0,0,4000,424000,-420000,-420000
051267,美律富邦96購01  ,0,0,0,0,0,0,0,0,0,-422000,0,0,0,100000,522000,-422000,-422000
049874,全新康和94購01  ,0,0,0,0,0,0,0,0,0,-426000,0,0,0,91000,517000,-426000,-426000
055042,得力永豐97購01  ,0,0,0,0,0,0,0,0,0,-427000,0,0,0,0,427000,-427000,-427000
046295,超眾統一92購01  ,0,0,0,0,0,0,0,0,0,-427000,0,0,0,0,427000,-427000,-427000
055027,牧德國泰99購01  ,0,0,0,0,0,0,0,0,0,-433000,0,0,0,365000,798000,-433000,-433000
052028,健策群益95購02  ,0,0,0,0,0,0,0,0,0,-435000,0,0,0,20000,455000,-435000,-435000
055198,奇力新第一97購01,0,0,0,0,0,0,0,0,0,-436000,0,0,0,70000,506000,-436000,-436000
049495,欣興元大94購06  ,0,0,0,0,0,0,0,0,0,-436000,0,0,0,42000,478000,-436000,-436000
053215,禾伸堂凱基96購01,0,0,0,0,0,0,0,0,0,-438000,0,0,0,81000,519000,-438000,-438000
054377,臺股指中信99購09,2000,0,2000,0,0,0,0,0,0,-441000,0,0,0,0,441000,-441000,-439000
045070,全新元大93購02  ,0,0,0,0,0,0,0,0,0,-439000,0,0,0,0,439000,-439000,-439000
043344,可成富邦93購01  ,0,0,0,0,0,0,0,0,0,-440000,0,0,0,97000,537000,-440000,-440000
2449,京元電子        ,2852000,2061000,791000,0,0,0,0,1000000,-1000000,-231000,32000,319000,-287000,76000,20000,56000,-440000
05984P,台積電統一98售01,0,0,0,0,0,0,0,0,0,-441000,0,0,0,171000,612000,-441000,-441000
051803,矽創永豐95購03  ,0,0,0,0,0,0,0,0,0,-442000,0,0,0,6000,448000,-442000,-442000
053649,台積電凱基97購05,0,0,0,0,0,0,0,0,0,-448000,0,0,0,86000,534000,-448000,-448000
053816,聯發科群益96購02,0,0,0,0,0,0,0,0,0,-449000,0,0,0,71000,520000,-449000,-449000
050685,緯穎元富94購02  ,0,0,0,0,0,0,0,0,0,-449000,0,0,0,311000,760000,-449000,-449000
1710,東聯            ,92000,523000,-431000,0,0,0,0,0,0,-18000,0,18000,-18000,0,0,0,-449000
00631L,元大台灣50正2   ,10000,10000,0,0,0,0,0,0,0,-451000,0,216000,-216000,262000,497000,-235000,-451000
04796P,聯發科元大94售10,0,0,0,0,0,0,0,0,0,-451000,0,0,0,0,451000,-451000,-451000
054615,牧德永豐98購01  ,0,0,0,0,0,0,0,0,0,-454000,0,0,0,102000,556000,-454000,-454000
6196,帆宣            ,161000,160000,1000,0,0,0,0,464000,-464000,8000,0,3000,-3000,21000,10000,11000,-455000
05987P,健策統一96售02  ,0,0,0,0,0,0,0,0,0,-459000,0,0,0,43000,502000,-459000,-459000
045896,正文元大92購03  ,0,0,0,0,0,0,0,0,0,-462000,0,0,0,0,462000,-462000,-462000
052131,台積電凱基96購01,0,0,0,0,0,0,0,0,0,-462000,0,0,0,0,462000,-462000,-462000
6213,聯茂            ,188000,744924,-556924,0,0,0,177000,0,177000,-87000,97000,260000,-163000,109000,33000,76000,-466924
055055,精元永豐97購01  ,0,0,0,0,0,0,0,0,0,-467000,0,0,0,30000,497000,-467000,-467000
052157,東元永豐95購01  ,0,0,0,0,0,0,0,0,0,-470000,0,0,0,0,470000,-470000,-470000
049742,日月光群益94購02,0,0,0,0,0,0,0,0,0,-475000,0,0,0,10000,485000,-475000,-475000
049727,台積電中信94購02,0,0,0,0,0,0,0,0,0,-476000,0,0,0,101000,577000,-476000,-476000
043282,美律元大92購02  ,0,0,0,0,0,0,0,0,0,-479000,0,0,0,20000,499000,-479000,-479000
045089,中磊元大94購01  ,0,0,0,0,0,0,0,0,0,-480000,0,0,0,10000,490000,-480000,-480000
05033P,T50反1元大98售01,0,0,0,0,0,0,0,0,0,-480000,0,0,0,0,480000,-480000,-480000
06129P,玉晶光元富97售06,0,0,0,0,0,0,0,0,0,-481000,0,0,0,3000,484000,-481000,-481000
051010,美律日盛95購01  ,0,0,0,0,0,0,0,0,0,-481000,0,0,0,85000,566000,-481000,-481000
1718,中纖            ,54000,535000,-481000,0,0,0,0,0,0,0,0,0,0,0,0,0,-481000
055249,大毅統一99購01  ,0,0,0,0,0,0,0,0,0,-483000,0,0,0,262000,745000,-483000,-483000
051357,可成元大95購05  ,0,0,0,0,0,0,0,0,0,-483000,0,0,0,55000,538000,-483000,-483000
051302,可成凱基95購06  ,0,0,0,0,0,0,0,0,0,-491000,0,0,0,88000,579000,-491000,-491000
006208,富邦台50        ,0,0,0,0,0,0,0,0,0,-492000,0,0,0,174000,666000,-492000,-492000
053831,台積電台新97購02,0,0,0,0,0,0,0,0,0,-499000,0,0,0,0,499000,-499000,-499000
042803,天鈺元大93購01  ,0,0,0,0,0,0,0,0,0,-499000,0,0,0,0,499000,-499000,-499000
047586,聯發科永豐94購01,0,0,0,0,0,0,0,0,0,-499000,0,0,0,1020000,1519000,-499000,-499000
052991,台積電台新96購01,0,0,0,0,0,0,0,0,0,-499000,0,0,0,0,499000,-499000,-499000
05352P,臺股指元富95售06,0,0,0,0,0,0,0,0,0,-500000,0,0,0,10000,510000,-500000,-500000
049030,凌華群益94購01  ,0,0,0,0,0,0,0,0,0,-504000,0,0,0,61000,565000,-504000,-504000
052453,崇越元大95購01  ,0,0,0,0,0,0,0,0,0,-504000,0,0,0,247000,751000,-504000,-504000
053797,台積電中信98購01,0,0,0,0,0,0,0,0,0,-505000,0,0,0,5000,510000,-505000,-505000
054072,台積電富邦98購02,0,0,0,0,0,0,0,0,0,-511000,0,0,0,295000,806000,-511000,-511000
053517,崇越群益97購01  ,0,0,0,0,0,0,0,0,0,-512000,0,0,0,103000,615000,-512000,-512000
047788,欣興群益93購05  ,0,0,0,0,0,0,0,0,0,-513000,0,0,0,1184000,1697000,-513000,-513000
054679,台積電康和99購01,0,0,0,0,0,0,0,0,0,-514000,0,0,0,1000,515000,-514000,-514000
1305,華夏            ,33000,381000,-348000,0,0,0,0,0,0,-166000,0,128000,-128000,0,38000,-38000,-514000
052312,美律富邦96購02  ,0,0,0,0,0,0,0,0,0,-516000,0,0,0,4000,520000,-516000,-516000
8163,達方            ,314000,457000,-143000,0,0,0,0,370000,-370000,-4000,0,6000,-6000,6000,4000,2000,-517000
052175,可成元大95購10  ,0,0,0,0,0,0,0,0,0,-519000,0,0,0,0,519000,-519000,-519000
4414,如興            ,137000,644000,-507000,0,0,0,0,0,0,-12000,0,12000,-12000,0,0,0,-519000
048797,美律國泰95購02  ,0,0,0,0,0,0,0,0,0,-520000,0,0,0,0,520000,-520000,-520000
2915,潤泰全          ,127707,673141,-545434,0,0,0,0,0,0,20000,0,0,0,43000,23000,20000,-525434
2880,華南金          ,1365658,1905530,-539872,0,0,0,32000,0,32000,-20000,27000,70000,-43000,23000,0,23000,-527872
054353,世紀鋼國泰98購01,0,0,0,0,0,0,0,0,0,-529000,0,0,0,0,529000,-529000,-529000
3010,華立            ,52000,582000,-530000,0,0,0,0,0,0,0,0,0,0,0,0,0,-530000
055176,大毅統一98購02  ,0,0,0,0,0,0,0,0,0,-531000,0,0,0,159000,690000,-531000,-531000
051600,新日興兆豐96購02,0,0,0,0,0,0,0,0,0,-531000,0,0,0,898000,1429000,-531000,-531000
048485,泰鼎國泰94購02  ,0,0,0,0,0,0,0,0,0,-533000,0,0,0,122000,655000,-533000,-533000
05638P,國巨統一96售04  ,0,0,0,0,0,0,0,0,0,-543000,0,0,0,150000,693000,-543000,-543000
051506,台積電元富95購06,0,0,0,0,0,0,0,0,0,-543000,0,0,0,370000,913000,-543000,-543000
047202,欣興元富96購01  ,0,0,0,0,0,0,0,0,0,-546000,0,0,0,1000,547000,-546000,-546000
055379,牧德元大97購03  ,0,0,0,0,0,0,0,0,0,-560000,0,0,0,620000,1180000,-560000,-560000
3515,華擎            ,251000,883000,-632000,0,0,0,51000,0,51000,17000,35000,0,35000,19000,37000,-18000,-564000
055336,茂林兆豐98購01  ,0,0,0,0,0,0,0,0,0,-566000,0,0,0,218000,784000,-566000,-566000
053918,美律國票97購01  ,0,0,0,0,0,0,0,0,0,-568000,0,0,0,7000,575000,-568000,-568000
047972,康控富邦95購01  ,0,0,0,0,0,0,0,0,0,-570000,0,0,0,0,570000,-570000,-570000
046011,欣興元富95購01  ,0,0,0,0,0,0,0,0,0,-571000,0,0,0,21000,592000,-571000,-571000
4938,和碩            ,2577912,2936063,-358151,0,0,0,6000,209000,-203000,-12000,0,13000,-13000,33000,32000,1000,-573151
047357,欣興麥證93購01  ,0,0,0,0,577000,-577000,0,0,0,-577000,0,0,0,0,577000,-577000,-577000
054535,旺宏富邦97購02  ,0,0,0,0,0,0,0,0,0,-586000,0,0,0,276000,862000,-586000,-586000
055450,台積電元富97購01,0,0,0,0,0,0,0,0,0,-592000,0,0,0,136000,728000,-592000,-592000
052849,可成統一97購01  ,0,0,0,0,0,0,0,0,0,-593000,0,0,0,156000,749000,-593000,-593000
050859,訊芯康和95購01  ,0,0,0,0,0,0,0,0,0,-594000,0,0,0,0,594000,-594000,-594000
2812,台中銀          ,108000,748000,-640000,0,0,0,0,0,0,45000,61000,16000,45000,0,0,0,-595000
050581,美食國票94購02  ,0,0,0,0,0,0,0,0,0,-599000,0,0,0,70000,669000,-599000,-599000
050736,台積電康和94購01,0,0,0,0,0,0,0,0,0,-599000,0,0,0,150000,749000,-599000,-599000
04233P,儒鴻兆豐93售01  ,0,0,0,0,0,0,0,0,0,-600000,0,0,0,0,600000,-600000,-600000
055771,台積電日盛97購04,0,0,0,0,0,0,0,0,0,-607000,0,0,0,0,607000,-607000,-607000
053887,聯茂兆豐97購02  ,0,0,0,0,0,0,0,0,0,-611000,0,0,0,48000,659000,-611000,-611000
052670,茂林群益96購02  ,0,0,0,0,0,0,0,0,0,-611000,0,0,0,102000,713000,-611000,-611000
047690,美律富邦97購01  ,0,0,0,0,0,0,0,0,0,-615000,0,0,0,81000,696000,-615000,-615000
03960P,新日興元富96售02,0,0,0,0,0,0,0,0,0,-616000,0,0,0,125000,741000,-616000,-616000
044974,鴻海國票94購01  ,0,0,0,0,0,0,0,0,0,-616000,0,0,0,0,616000,-616000,-616000
051505,台積電元富95購05,0,0,0,0,0,0,0,0,0,-619000,0,0,0,198000,817000,-619000,-619000
054727,台積電日盛97購02,0,0,0,0,0,0,0,0,0,-621000,0,0,0,0,621000,-621000,-621000
052498,台積電永豐95購06,0,0,0,0,0,0,0,0,0,-621000,0,0,0,70000,691000,-621000,-621000
00717,富邦美國特別股  ,0,0,0,0,0,0,0,0,0,-624000,0,0,0,269000,893000,-624000,-624000
2615,萬海            ,18000,640000,-622000,0,0,0,4000,0,4000,-7000,21000,28000,-7000,0,0,0,-625000
048157,美律兆豐93購01  ,0,0,0,0,0,0,0,0,0,-628000,0,0,0,60000,688000,-628000,-628000
051178,大立光凱基95購10,0,0,0,0,0,0,0,0,0,-630000,0,0,0,100000,730000,-630000,-630000
051405,世芯永豐95購01  ,0,0,0,0,0,0,0,0,0,-630000,0,0,0,842000,1472000,-630000,-630000
1795,美時            ,41000,425277,-384277,0,0,0,0,168000,-168000,-84000,0,84000,-84000,0,0,0,-636277
052595,奇力新群益96購01,0,0,0,0,0,0,0,0,0,-637000,0,0,0,987000,1624000,-637000,-637000
051201,台積電麥證95購02,0,0,0,0,695000,-695000,0,0,0,-645000,0,0,0,50000,695000,-645000,-645000
052391,瑞儀群益95購01  ,0,0,0,0,0,0,0,0,0,-648000,0,0,0,86000,734000,-648000,-648000
050874,康控永豐95購01  ,0,0,0,0,0,0,0,0,0,-650000,0,0,0,0,650000,-650000,-650000
051943,台積電麥證95購03,0,0,0,20000,721000,-701000,0,0,0,-651000,0,0,0,70000,721000,-651000,-651000
1477,聚陽            ,305000,957896,-652896,0,0,0,0,0,0,-3000,0,7000,-7000,4000,0,4000,-655896
052648,茂林永豐96購01  ,0,0,0,0,0,0,0,0,0,-656000,0,0,0,11000,667000,-656000,-656000
05110P,上銀統一95售01  ,0,0,0,0,0,0,0,0,0,-674000,0,0,0,195000,869000,-674000,-674000
054739,義隆凱基98購02  ,0,0,0,0,0,0,0,0,0,-686000,0,0,0,2000,688000,-686000,-686000
050281,台積電日盛94購03,0,0,0,0,0,0,0,0,0,-687000,0,0,0,228000,915000,-687000,-687000
048894,光罩國泰94購01  ,0,0,0,0,0,0,0,0,0,-689000,0,0,0,20000,709000,-689000,-689000
06097P,茂林永豐97售01  ,0,0,0,0,0,0,0,0,0,-695000,0,0,0,200000,895000,-695000,-695000
01010T,京城樂富R1      ,0,0,0,0,0,0,0,0,0,-696000,0,696000,-696000,0,0,0,-696000
054387,台積電統一98購02,0,0,0,0,0,0,0,0,0,-700000,0,0,0,200000,900000,-700000,-700000
055663,崇越中信97購01  ,0,0,0,0,0,0,0,0,0,-703000,0,0,0,150000,853000,-703000,-703000
053830,台積電台新96購02,0,0,0,0,0,0,0,0,0,-704000,0,0,0,0,704000,-704000,-704000
3017,奇鋐            ,252000,1036000,-784000,0,0,0,50000,0,50000,26000,0,7000,-7000,52000,19000,33000,-708000
055140,晶相光永豐97購01,0,0,0,0,0,0,0,0,0,-730000,0,0,0,52000,782000,-730000,-730000
054980,國巨元富97購01  ,0,40000,-40000,0,0,0,0,0,0,-699000,0,0,0,290000,989000,-699000,-739000
049018,光罩群益94購01  ,0,0,0,0,0,0,0,0,0,-740000,0,0,0,69000,809000,-740000,-740000
054963,牧德元大97購02  ,0,0,0,0,0,0,0,0,0,-750000,0,0,0,819000,1569000,-750000,-750000
049900,台積電元富94購06,0,0,0,0,0,0,0,0,0,-752000,0,0,0,229000,981000,-752000,-752000
054997,文曄元富97購01  ,0,0,0,0,0,0,0,0,0,-754000,0,0,0,0,754000,-754000,-754000
8081,致新            ,228000,901000,-673000,0,0,0,0,0,0,-83000,88000,20000,68000,30000,181000,-151000,-756000
053825,南電群益96購02  ,0,0,0,0,0,0,0,0,0,-760000,0,0,0,2000,762000,-760000,-760000
3189,景碩            ,472000,378000,94000,0,0,0,0,770000,-770000,-90000,18000,71000,-53000,13000,50000,-37000,-766000
052051,京鼎凱基95購01  ,0,0,0,0,0,0,0,0,0,-775000,0,0,0,0,775000,-775000,-775000
055144,T50反1元大97購03,0,0,0,0,0,0,0,0,0,-776000,0,0,0,0,776000,-776000,-776000
049609,全新兆豐95購01  ,0,0,0,0,0,0,0,0,0,-778000,0,0,0,0,778000,-778000,-778000
1326,台化            ,495605,1153000,-657395,0,0,0,14000,150000,-136000,12000,0,13000,-13000,26000,1000,25000,-781395
053669,台積電統一96購08,0,0,0,0,0,0,0,0,0,-790000,0,0,0,56000,846000,-790000,-790000
04773P,金融類元大94售01,0,0,0,0,0,0,0,0,0,-800000,0,0,0,0,800000,-800000,-800000
050641,上証反凱基96購01,0,0,0,0,0,0,0,0,0,-800000,0,0,0,0,800000,-800000,-800000
054432,台積電台新96購05,0,0,0,0,0,0,0,0,0,-801000,0,0,0,12000,813000,-801000,-801000
052532,台積電國泰96購07,0,0,0,0,0,0,0,0,0,-802000,0,0,0,477000,1279000,-802000,-802000
00757,統一FANG+       ,0,0,0,0,0,0,0,0,0,-808000,0,0,0,0,808000,-808000,-808000
1409,新纖            ,336000,1134277,-798277,0,0,0,0,0,0,-53000,0,53000,-53000,0,0,0,-851277
2101,南港            ,233000,886000,-653000,0,0,0,0,0,0,-204000,13000,10000,3000,73000,280000,-207000,-857000
049114,玉晶光統一94購02,20000,0,20000,0,0,0,0,0,0,-879000,0,0,0,9000,888000,-879000,-859000
9910,豐泰            ,122722,957400,-834678,0,0,0,2000,31100,-29100,-17000,0,18000,-18000,1000,0,1000,-880778
044201,群創國票95購01  ,0,0,0,0,0,0,0,0,0,-891000,0,0,0,321000,1212000,-891000,-891000
6288,聯嘉            ,154000,1080000,-926000,0,0,0,0,0,0,-1000,2000,3000,-1000,0,0,0,-927000
3045,台灣大          ,1169020,2287493,-1118473,0,0,0,14000,0,14000,163000,196000,37000,159000,4000,0,4000,-941473
054658,道瓊銀元大9A購01,0,0,0,0,0,0,0,0,0,-955000,0,0,0,20000,975000,-955000,-955000
054268,健策第一96購01  ,0,0,0,0,0,0,0,0,0,-956000,0,0,0,295000,1251000,-956000,-956000
055391,光罩統一97購02  ,0,0,0,0,0,0,0,0,0,-958000,0,0,0,5000,963000,-958000,-958000
055001,京鼎元富97購01  ,0,0,0,0,0,0,0,0,0,-967000,0,0,0,250000,1217000,-967000,-967000
2637,慧洋-KY         ,33000,995000,-962000,0,0,0,1000,0,1000,-10000,0,10000,-10000,0,0,0,-971000
1301,台塑            ,1086518,2211002,-1124484,0,0,0,17000,0,17000,121000,163000,52000,111000,12000,2000,10000,-986484
3653,健策            ,628000,248000,380000,0,0,0,105000,1522000,-1417000,20000,53000,96000,-43000,136000,73000,63000,-1017000
052594,友訊群益98購01  ,0,0,0,0,0,0,0,0,0,-1019000,0,0,0,10000,1029000,-1019000,-1019000
1102,亞泥            ,2223621,3325652,-1102031,0,0,0,9000,110000,-101000,165000,244000,112000,132000,87000,54000,33000,-1038031
2885,元大金          ,4933196,6152171,-1218975,0,0,0,35000,0,35000,141000,345000,16000,329000,28000,216000,-188000,-1042975
00642U,元大S&P石油     ,0,557000,-557000,0,0,0,0,0,0,-492000,0,0,0,9000,501000,-492000,-1049000
048690,美律群益94購01  ,0,0,0,0,0,0,0,0,0,-1055000,0,0,0,2000,1057000,-1055000,-1055000
053559,台積電國泰98購01,0,0,0,0,0,0,0,0,0,-1057000,0,0,0,340000,1397000,-1057000,-1057000
2601,益航            ,102000,1152000,-1050000,0,0,0,0,0,0,-22000,0,22000,-22000,0,0,0,-1072000
2603,長榮            ,696915,1614000,-917085,0,0,0,7000,0,7000,-192000,105000,297000,-192000,0,0,0,-1102085
054640,健策中信9B購01  ,0,0,0,0,0,0,0,0,0,-1110000,0,0,0,72000,1182000,-1110000,-1110000
2369,菱生            ,332000,1480000,-1148000,0,0,0,0,0,0,-1000,0,1000,-1000,0,0,0,-1149000
3036,文曄            ,3472000,2444224,1027776,0,0,0,0,0,0,-2280000,0,2424000,-2424000,144000,0,144000,-1252224
1402,遠東新          ,2514097,3782000,-1267903,0,0,0,14000,0,14000,-11000,4000,25000,-21000,10000,0,10000,-1264903
8046,南電            ,671000,1554000,-883000,0,0,0,0,0,0,-400000,77000,314000,-237000,84000,247000,-163000,-1283000
6505,台塑化          ,605873,1830000,-1224127,0,0,0,17000,0,17000,-79000,9000,91000,-82000,3000,0,3000,-1286127
055191,牧德元富97購01  ,0,0,0,0,0,0,0,0,0,-1314000,0,0,0,64000,1378000,-1314000,-1314000
054726,台積電日盛97購01,0,0,0,0,0,0,0,0,0,-1367000,0,0,0,170000,1537000,-1367000,-1367000
051280,台積電兆豐95購04,0,0,0,0,0,0,0,0,0,-1371000,0,0,0,10000,1381000,-1371000,-1371000
00850,元大臺灣ESG永續 ,0,0,0,0,0,0,0,0,0,-1394000,30000,0,30000,64000,1488000,-1424000,-1394000
6278,台表科          ,322000,1570406,-1248406,0,0,0,0,0,0,-148000,2000,122000,-120000,5000,33000,-28000,-1396406
04588P,茂林永豐94售04  ,0,0,0,0,0,0,0,0,0,-1405000,0,0,0,734000,2139000,-1405000,-1405000
2618,長榮航          ,2038689,3375000,-1336311,0,0,0,7000,0,7000,-91000,127000,218000,-91000,10000,10000,0,-1420311
049875,台積電永豐94購04,0,0,0,0,0,0,0,0,0,-1436000,0,0,0,352000,1788000,-1436000,-1436000
9904,寶成            ,1249268,2773000,-1523732,0,0,0,8000,0,8000,-12000,0,2000,-2000,7000,17000,-10000,-1527732
00633L,富邦上証正2     ,154000,1262000,-1108000,0,0,0,0,0,0,-608024,80000,273000,-193000,2218000,2633024,-415024,-1716024
00692,富邦公司治理    ,1000,0,1000,0,0,0,0,0,0,-1812000,0,0,0,1098000,2910000,-1812000,-1811000
2610,華航            ,778068,1979000,-1200932,0,0,0,8000,0,8000,-657000,0,657000,-657000,0,0,0,-1849932
6176,瑞儀            ,109100,1945000,-1835900,0,0,0,0,0,0,-26000,0,29000,-29000,31000,28000,3000,-1861900
2313,華通            ,4846000,4207000,639000,0,0,0,100000,1256000,-1156000,-1357000,330000,1718000,-1388000,199000,168000,31000,-1874000
00655L,國泰中國A50正2  ,4000,102000,-98000,0,0,0,0,0,0,-1809000,0,0,0,737000,2546000,-1809000,-1907000
052225,台積電凱基96購03,0,0,0,0,0,0,0,0,0,-1920000,0,0,0,0,1920000,-1920000,-1920000
053563,台積電富邦97購01,0,0,0,0,0,0,0,0,0,-1922000,0,0,0,0,1922000,-1922000,-1922000
4904,遠傳            ,1431595,3272694,-1841099,0,0,0,7000,110000,-103000,-2000,0,2000,-2000,4000,4000,0,-1946099
2823,中壽            ,1579898,3332260,-1752362,0,0,0,10000,0,10000,-240000,20000,12000,8000,26000,274000,-248000,-1982362
1101,台泥            ,2515085,4921940,-2406855,0,0,0,8000,0,8000,412000,200000,55000,145000,426000,159000,267000,-1986855
052150,台積電富邦95購07,5000,0,5000,0,0,0,0,0,0,-2005000,0,0,0,763000,2768000,-2005000,-2000000
0056,元大高股息      ,0,1000,-1000,0,0,0,50000,0,50000,-2063000,55000,0,55000,239000,2357000,-2118000,-2014000
2891,中信金          ,8569085,10912763,-2343678,0,0,0,58000,0,58000,163000,82000,41000,41000,122000,0,122000,-2122678
055417,健策富邦98購02  ,0,0,0,0,0,0,0,0,0,-2175000,0,0,0,0,2175000,-2175000,-2175000
00669R,國泰美國道瓊反1 ,0,0,0,0,0,0,0,0,0,-2223000,0,0,0,170000,2393000,-2223000,-2223000
020012,富邦行動通訊N   ,0,0,0,0,0,0,0,0,0,-2326000,0,0,0,225000,2551000,-2326000,-2326000
2368,金像電          ,1626000,2439000,-813000,0,0,0,0,1699000,-1699000,38000,565000,527000,38000,0,0,0,-2474000
051133,台積電永豐95購02,0,0,0,0,0,0,0,0,0,-2514000,0,0,0,2244000,4758000,-2514000,-2514000
05775P,台積電國泰98售02,0,0,0,0,0,0,0,0,0,-2616000,0,0,0,208000,2824000,-2616000,-2616000
053447,京鼎凱基96購03  ,0,0,0,0,0,0,0,0,0,-2636000,0,0,0,4000,2640000,-2636000,-2636000
2408,南亞科          ,3230396,5827203,-2596807,0,0,0,91000,216000,-125000,-8000,157000,139000,18000,36000,62000,-26000,-2729807
044291,群創凱基93購06  ,0,0,0,0,0,0,0,0,0,-2735000,0,0,0,801000,3536000,-2735000,-2735000
054713,國巨中信9B購01  ,0,0,0,0,0,0,0,0,0,-2843000,0,0,0,45000,2888000,-2843000,-2843000
052103,台積電兆豐95購06,0,0,0,0,0,0,0,0,0,-3060000,0,0,0,0,3060000,-3060000,-3060000
3711,日月光投控      ,4762083,7610000,-2847917,0,0,0,12000,714000,-702000,59000,34000,35000,-1000,84000,24000,60000,-3490917
053856,台積電富邦98購01,0,0,0,0,0,0,0,0,0,-3590000,0,0,0,0,3590000,-3590000,-3590000
053564,台積電富邦99購01,0,0,0,0,0,0,0,0,0,-4401000,0,0,0,244000,4645000,-4401000,-4401000
2356,英業達          ,3673700,8120000,-4446300,0,0,0,5000,0,5000,24000,0,52000,-52000,96000,20000,76000,-4417300
00701,國泰股利精選30  ,0,1289000,-1289000,0,0,0,0,0,0,-3355000,0,0,0,226000,3581000,-3355000,-4644000
0050,元大台灣50      ,0,5670000,-5670000,0,0,0,87000,0,87000,199000,65000,82000,-17000,1775000,1559000,216000,-5384000
2303,聯電            ,12624572,15157304,-2532732,0,0,0,35000,450000,-415000,-3041000,336000,2945000,-2609000,27000,459000,-432000,-5988732
00672L,元大S&P原油正2  ,0,2032000,-2032000,0,0,0,0,0,0,-13994000,0,0,0,552000,14546000,-13994000,-16026000
00637L,元大滬深300正2  ,51000,11196000,-11145000,0,0,0,0,0,0,-7107000,0,2000000,-2000000,18510000,23617000,-5107000,-18252000
3037,欣興            ,1921000,24498000,-22577000,0,0,0,100000,119000,-19000,1654000,2129000,902000,1227000,522000,95000,427000,-20942000
2330,台積電          ,22198391,46768944,-24570553,0,0,0,129000,276000,-147000,2603000,1002000,366000,636000,2258000,291000,1967000,-22114553
1314,中石化          ,9713000,39703000,-29990000,0,0,0,95000,0,95000,299000,500000,0,500000,0,201000,-201000,-29596000
3481,群創            ,56300389,125728000,-69427611,0,0,0,460000,0,460000,3002000,3203000,169000,3034000,481000,513000,-32000,-65965611
