證券代號,證券名稱,外陸資買進股數(不含外資自營商),外陸資賣出股數(不含外資自營商),外陸資買賣超股數(不含外資自營商),外資自營商買進股數,外資自營商賣出股數,外資自營商買賣超股數,投信買進股數,投信賣出股數,投信買賣超股數,自營商買賣超股數,自營商買進股數(自行買賣),自營商賣出股數(自行買賣),自營商買賣超股數(自行買賣),自營商買進股數(避險),自營商賣出股數(避險),自營商買賣超股數(避險),三大法人買賣超股數
00677U,富邦VIX         ,30677000,48135000,-17458000,0,0,0,0,0,0,50340000,915000,1300000,-385000,56236000,5511000,50725000,32882000
00632R,元大台灣50反1   ,4095000,4589000,-494000,0,0,0,0,0,0,23049475,2232000,850000,1382000,31767475,10100000,21667475,22555475
2368,金像電          ,17555000,4266071,13288929,0,0,0,1550000,0,1550000,1127000,2209000,1082000,1127000,0,0,0,15965929
2448,晶電            ,13680000,3028000,10652000,0,0,0,353000,70000,283000,-724000,102000,826000,-724000,0,0,0,10211000
03840P,台積電統一99售02,0,0,0,0,0,0,0,0,0,6206000,0,0,0,6697000,491000,6206000,6206000
03033P,微星國票03售01  ,0,0,0,0,0,0,0,0,0,6141000,0,0,0,6697000,556000,6141000,6141000
00664R,國泰臺灣加權反1 ,0,0,0,0,0,0,0,0,0,4379000,0,0,0,4628000,249000,4379000,4379000
2337,旺宏            ,14465000,9640000,4825000,0,0,0,14000,389000,-375000,-529000,47000,213000,-166000,97000,460000,-363000,3921000
1909,榮成            ,6582000,3790000,2792000,0,0,0,250000,0,250000,133000,600000,467000,133000,0,0,0,3175000
8046,南電            ,2868267,817000,2051267,0,0,0,1107000,24000,1083000,-170000,23000,110000,-87000,126000,209000,-83000,2964267
00648R,元大S&P500反1   ,140000,0,140000,0,0,0,0,0,0,2816000,0,0,0,3787000,971000,2816000,2956000
4927,泰鼎-KY         ,2607000,501030,2105970,0,0,0,600000,0,600000,80000,82000,99000,-17000,248000,151000,97000,2785970
2313,華通            ,2311815,2283000,28815,0,0,0,2631000,578000,2053000,499000,518000,284000,234000,586000,321000,265000,2580815
6251,定穎            ,3485000,1076000,2409000,0,0,0,250000,0,250000,-176000,587000,763000,-176000,0,0,0,2483000
056112,勤誠永豐97購02  ,0,0,0,0,0,0,0,0,0,2236000,0,0,0,2346000,110000,2236000,2236000
3545,敦泰            ,4351000,2304859,2046141,0,0,0,0,0,0,20000,35000,15000,20000,0,0,0,2066141
6416,瑞祺電通        ,1339000,218000,1121000,0,0,0,931000,0,931000,1000,74000,71000,3000,0,2000,-2000,2053000
4142,國光生          ,4966000,2675000,2291000,0,0,0,0,0,0,-282000,34000,316000,-282000,0,0,0,2009000
1789,神隆            ,3134000,1419000,1715000,0,0,0,250000,0,250000,-14000,0,14000,-14000,0,0,0,1951000
1605,華新            ,1283567,887000,396567,0,0,0,3000,0,3000,1497000,0,341000,-341000,1866000,28000,1838000,1896567
055993,致茂國泰99購01  ,0,0,0,0,0,0,0,0,0,1799000,0,0,0,1849000,50000,1799000,1799000
05545P,台表科國泰98售01,0,0,0,0,0,0,0,0,0,1733000,0,0,0,1768000,35000,1733000,1733000
04980P,臺股指凱基96售08,0,0,0,0,0,0,0,0,0,1725000,0,0,0,2812000,1087000,1725000,1725000
054774,同欣電國票98購01,0,0,0,0,0,0,0,0,0,1724000,0,0,0,1875000,151000,1724000,1724000
044429,元金2X元大94購04,0,0,0,0,0,0,0,0,0,1691000,0,0,0,1770000,79000,1691000,1691000
045189,大立光元富98購01,0,0,0,0,0,0,0,0,0,1635000,0,0,0,2000000,365000,1635000,1635000
050123,群臺反凱基96購01,0,0,0,0,0,0,0,0,0,1549000,0,0,0,1590000,41000,1549000,1549000
3017,奇鋐            ,1278200,1658000,-379800,0,0,0,1801000,0,1801000,104000,0,12000,-12000,212000,96000,116000,1525200
052370,滬深2X元大95購04,0,0,0,0,0,0,0,0,0,1502000,0,0,0,1974000,472000,1502000,1502000
054593,滬深2X永昌9A購01,0,0,0,0,0,0,0,0,0,1473000,0,0,0,1549000,76000,1473000,1473000
2498,宏達電          ,1993000,858000,1135000,0,0,0,3000,0,3000,323000,87000,126000,-39000,709000,347000,362000,1461000
04433P,上証2X國票95售01,0,0,0,0,0,0,0,0,0,1433000,0,0,0,1543000,110000,1433000,1433000
06496P,台灣50日盛98售01,0,0,0,0,0,0,0,0,0,1427000,0,0,0,1816000,389000,1427000,1427000
052517,滬深2X元大95購05,0,0,0,0,0,0,0,0,0,1422000,0,0,0,1494000,72000,1422000,1422000
3014,聯陽            ,1798000,483881,1314119,0,0,0,0,0,0,92000,3000,95000,-92000,204000,20000,184000,1406119
050991,元油2X元大96購04,0,0,0,0,0,0,0,0,0,1396000,0,0,0,2406000,1010000,1396000,1396000
9958,世紀鋼          ,499000,710000,-211000,0,0,0,1115000,0,1115000,492000,299000,32000,267000,383000,158000,225000,1396000
047618,義隆凱基94購02  ,0,0,0,0,0,0,0,0,0,1389000,0,0,0,1389000,0,1389000,1389000
00635U,元大S&P黃金     ,154000,42000,112000,0,0,0,0,0,0,1269000,245000,184000,61000,1325000,117000,1208000,1381000
05550P,臺股指元大96售07,0,0,0,0,0,0,0,0,0,1361000,0,0,0,1550000,189000,1361000,1361000
052798,滬深2X元大96購07,0,0,0,0,0,0,0,0,0,1352000,0,0,0,1408000,56000,1352000,1352000
047505,元金2X國票9B購01,0,0,0,0,0,0,0,0,0,1249000,0,0,0,1322000,73000,1249000,1249000
6202,盛群            ,1664000,962000,702000,0,0,0,461000,0,461000,-2000,28000,137000,-109000,107000,0,107000,1161000
05515P,台積電群益96售03,0,0,0,0,0,0,0,0,0,1141000,0,0,0,1141000,0,1141000,1141000
8039,台虹            ,1541000,431220,1109780,0,0,0,0,0,0,20000,66000,60000,6000,42000,28000,14000,1129780
8150,南茂            ,647170,536000,111170,0,0,0,1014000,0,1014000,4000,0,45000,-45000,229000,180000,49000,1129170
05780P,台積電統一96售07,0,0,0,0,0,0,0,0,0,1112000,0,0,0,1112000,0,1112000,1112000
050754,元金2X元富9B購01,0,0,0,0,0,0,0,0,0,1112000,0,0,0,1276000,164000,1112000,1112000
044974,鴻海國票94購01  ,0,0,0,0,0,0,0,0,0,1087000,0,0,0,1087000,0,1087000,1087000
4977,眾達-KY         ,1276000,364000,912000,0,0,0,68000,0,68000,38000,160000,145000,15000,23000,0,23000,1018000
04327P,台積電國泰95售01,0,0,0,0,0,0,0,0,0,1005000,0,0,0,1025000,20000,1005000,1005000
047348,台光電凱基94購02,0,0,0,0,0,0,0,0,0,1000000,0,0,0,1000000,0,1000000,1000000
043040,永冠元富94購01  ,0,0,0,0,0,0,0,0,0,998000,0,0,0,998000,0,998000,998000
053371,滬深2X元大99購01,0,0,0,0,0,0,0,0,0,996000,0,0,0,1495000,499000,996000,996000
00643,群益深証中小    ,1290000,0,1290000,0,0,0,0,0,0,-307000,0,0,0,253000,560000,-307000,983000
04260P,亞德客群益93售01,0,0,0,0,0,0,0,0,0,970000,0,0,0,970000,0,970000,970000
049996,元油2X永豐94購05,0,0,0,0,0,0,0,0,0,968000,0,0,0,998000,30000,968000,968000
05229P,台積電群益95售05,0,0,0,0,0,0,0,0,0,948000,0,0,0,1096000,148000,948000,948000
8210,勤誠            ,1545000,1126000,419000,0,0,0,454000,0,454000,73000,5000,16000,-11000,128000,44000,84000,946000
057841,茂林富邦9A購02  ,0,0,0,0,0,0,0,0,0,940000,0,0,0,940000,0,940000,940000
8271,宇瞻            ,2280000,1949000,331000,0,0,0,578000,0,578000,25000,56000,31000,25000,0,0,0,934000
042953,鴻海台新01購01  ,0,0,0,0,0,0,0,0,0,932000,0,0,0,1000000,68000,932000,932000
047418,智邦富邦97購01  ,0,0,0,0,0,0,0,0,0,928000,0,0,0,1107000,179000,928000,928000
052815,滬深2X永豐97購01,0,0,0,0,0,0,0,0,0,914000,0,0,0,1022000,108000,914000,914000
056981,全新群益99購03  ,0,0,0,0,0,0,0,0,0,906000,0,0,0,928000,22000,906000,906000
05261P,鴻海元大95售20  ,0,0,0,0,0,0,0,0,0,905000,0,0,0,1805000,900000,905000,905000
03413B,臺股指凱基94熊19,0,0,0,0,0,0,0,0,0,896000,0,0,0,1045000,149000,896000,896000
054237,茂林群益97購01  ,0,0,0,0,0,0,0,0,0,891000,0,0,0,1031000,140000,891000,891000
1701,中化            ,1097000,319000,778000,0,0,0,0,0,0,105000,120000,15000,105000,0,0,0,883000
1707,葡萄王          ,500000,179000,321000,0,0,0,523000,0,523000,12000,36000,23000,13000,0,1000,-1000,856000
0061,元大寶滬深      ,108000,2000,106000,0,0,0,0,0,0,729000,20000,200000,-180000,943000,34000,909000,835000
06949P,台表科元大99售01,0,0,0,0,0,0,0,0,0,803000,0,0,0,838000,35000,803000,803000
03414B,臺股指凱基99熊01,0,0,0,0,0,0,0,0,0,802000,0,0,0,856000,54000,802000,802000
047885,元金2X富邦99購01,0,0,0,0,0,0,0,0,0,801000,0,0,0,1105000,304000,801000,801000
04219P,鴻海兆豐93售02  ,0,0,0,0,0,0,0,0,0,800000,0,0,0,800000,0,800000,800000
03016P,滬深2X群益01售09,0,0,0,0,0,0,0,0,0,798000,0,0,0,818000,20000,798000,798000
053935,華通元富96購02  ,0,0,0,0,0,0,0,0,0,788000,0,0,0,788000,0,788000,788000
06490P,鴻海富邦99售02  ,0,0,0,0,0,0,0,0,0,784000,0,0,0,784000,0,784000,784000
5471,松翰            ,1786000,995000,791000,0,0,0,0,0,0,-8000,0,8000,-8000,0,0,0,783000
052814,上証2X永豐96購02,0,0,0,0,0,0,0,0,0,772000,0,0,0,1883000,1111000,772000,772000
051278,臻鼎中信97購02  ,0,0,0,0,0,0,0,0,0,769000,0,0,0,769000,0,769000,769000
3450,聯鈞            ,1312000,341000,971000,0,0,0,0,70000,-70000,-133000,39000,19000,20000,20000,173000,-153000,768000
050853,南電國票96購01  ,0,0,0,0,0,0,0,0,0,764000,0,0,0,1030000,266000,764000,764000
051268,創意富邦97購01  ,0,0,0,0,0,0,0,0,0,752000,0,0,0,770000,18000,752000,752000
045994,康控富邦94購01  ,0,0,0,0,0,0,0,0,0,750000,0,0,0,750000,0,750000,750000
6213,聯茂            ,756099,410000,346099,0,0,0,861000,228000,633000,-233000,186000,304000,-118000,47000,162000,-115000,746099
2006,東和鋼鐵        ,990000,530385,459615,0,0,0,201000,0,201000,85000,166000,81000,85000,0,0,0,745615
052591,康友永豐97購01  ,0,0,0,0,0,0,0,0,0,743000,0,0,0,814000,71000,743000,743000
06508P,台灣50統一98售01,0,0,0,0,0,0,0,0,0,738000,0,0,0,1100000,362000,738000,738000
057820,華擎元大98購02  ,0,0,0,0,0,0,0,0,0,738000,0,0,0,781000,43000,738000,738000
046773,GIS富邦94購01   ,0,0,0,0,0,0,0,0,0,736000,0,0,0,736000,0,736000,736000
04230P,臺股指中信95售06,0,0,0,0,0,0,0,0,0,735000,0,0,0,782000,47000,735000,735000
06143P,鴻海永豐97售02  ,0,0,0,0,0,0,0,0,0,732000,0,0,0,732000,0,732000,732000
049961,GIS統一94購01   ,0,0,0,0,0,0,0,0,0,717000,0,0,0,717000,0,717000,717000
00673R,元大S&P原油反1  ,0,921000,-921000,0,0,0,0,0,0,1627000,0,1564000,-1564000,5412000,2221000,3191000,706000
057904,矽力永豐98購01  ,0,0,0,0,0,0,0,0,0,705000,0,0,0,813000,108000,705000,705000
055051,藍天永豐97購01  ,0,0,0,0,0,0,0,0,0,702000,0,0,0,711000,9000,702000,702000
05512P,華新科台新97售01,0,0,0,0,0,0,0,0,0,700000,0,0,0,700000,0,700000,700000
054657,道瓊銀元大97購01,0,0,0,0,0,0,0,0,0,700000,0,0,0,800000,100000,700000,700000
06374P,台表科元大97售06,1000,0,1000,0,0,0,0,0,0,692000,0,0,0,698000,6000,692000,693000
04294P,台積電元大95售01,0,0,0,0,0,0,0,0,0,693000,0,0,0,696000,3000,693000,693000
056628,矽創永豐98購01  ,0,0,0,0,0,0,0,0,0,691000,0,0,0,836000,145000,691000,691000
047802,滬深2X凱基95購03,0,0,0,0,0,0,0,0,0,690000,0,0,0,690000,0,690000,690000
2383,台光電          ,1253872,530000,723872,0,0,0,0,0,0,-51000,20000,91000,-71000,32000,12000,20000,672872
045101,玉晶光中信94購01,0,0,0,0,0,0,0,0,0,671000,0,0,0,671000,0,671000,671000
054932,台肥元大97購01  ,0,0,0,0,0,0,0,0,0,663000,0,0,0,713000,50000,663000,663000
04023P,臺股指元富99售02,0,0,0,0,0,0,0,0,0,652000,0,0,0,788000,136000,652000,652000
050133,鈺齊凱基94購01  ,0,0,0,0,0,0,0,0,0,650000,0,0,0,676000,26000,650000,650000
051827,智邦元大95購04  ,0,0,0,0,0,0,0,0,0,647000,0,0,0,839000,192000,647000,647000
05436P,台積電群益95售07,0,0,0,0,0,0,0,0,0,644000,0,0,0,702000,58000,644000,644000
057263,可成兆豐99購01  ,0,0,0,0,0,0,0,0,0,642000,0,0,0,806000,164000,642000,642000
057961,茂林元大9A購01  ,0,0,0,0,0,0,0,0,0,642000,0,0,0,912000,270000,642000,642000
052972,義隆群益96購04  ,0,0,0,0,0,0,0,0,0,642000,0,0,0,679000,37000,642000,642000
04395P,台積電群益94售06,0,0,0,0,0,0,0,0,0,635000,0,0,0,635000,0,635000,635000
6278,台表科          ,1058615,631000,427615,0,0,0,210000,190000,20000,187000,176000,63000,113000,102000,28000,74000,634615
057137,鈺齊凱基98購01  ,0,0,0,0,0,0,0,0,0,624000,0,0,0,644000,20000,624000,624000
05901P,臺股指凱基9C售01,0,0,0,0,0,0,0,0,0,620000,0,0,0,813000,193000,620000,620000
053978,創意元大96購05  ,0,0,0,0,0,0,0,0,0,620000,0,0,0,643000,23000,620000,620000
06851P,鈺齊元大98售01  ,0,0,0,0,0,0,0,0,0,620000,0,0,0,620000,0,620000,620000
052506,日月光日盛95購01,0,0,0,0,0,0,0,0,0,613000,0,0,0,613000,0,613000,613000
051889,智邦元富95購02  ,0,0,0,0,0,0,0,0,0,604000,0,0,0,677000,73000,604000,604000
049366,聯發科元大94購05,0,0,0,0,0,0,0,0,0,600000,0,0,0,600000,0,600000,600000
055018,緯穎元富97購02  ,0,0,0,0,0,0,0,0,0,600000,0,0,0,679000,79000,600000,600000
05583P,訊芯凱基96售01  ,0,0,0,0,0,0,0,0,0,600000,0,0,0,600000,0,600000,600000
05670P,台積電國票98售01,0,0,0,0,0,0,0,0,0,599000,0,0,0,669000,70000,599000,599000
048395,南亞科國票93購02,0,0,0,0,0,0,0,0,0,594000,0,0,0,594000,0,594000,594000
055873,聚陽元富97購01  ,0,0,0,0,0,0,0,0,0,589000,0,0,0,589000,0,589000,589000
055930,可成群益98購01  ,0,0,0,0,0,0,0,0,0,587000,0,0,0,607000,20000,587000,587000
055128,致新兆豐97購01  ,0,0,0,0,0,0,0,0,0,586000,0,0,0,586000,0,586000,586000
056536,義隆凱基98購04  ,0,0,0,0,0,0,0,0,0,585000,0,0,0,675000,90000,585000,585000
057143,台郡兆豐98購01  ,0,0,0,0,0,0,0,0,0,579000,0,0,0,609000,30000,579000,579000
04437P,滬深2X群益98售03,0,0,0,0,0,0,0,0,0,574000,0,0,0,574000,0,574000,574000
4746,台耀            ,552000,150000,402000,0,0,0,125000,0,125000,47000,48000,1000,47000,0,0,0,574000
05538P,玉晶光國票97售02,0,0,0,0,0,0,0,0,0,572000,0,0,0,603000,31000,572000,572000
05684P,臺股指元大96售09,0,0,0,0,0,0,0,0,0,567000,0,0,0,567000,0,567000,567000
00706L,元大S&P日圓正2  ,0,0,0,0,0,0,0,0,0,560000,0,0,0,570000,10000,560000,560000
054371,台積電中信9C購01,0,0,0,0,0,0,0,0,0,560000,0,0,0,697000,137000,560000,560000
05551P,電子類元大96售01,0,0,0,0,0,0,0,0,0,560000,0,0,0,601000,41000,560000,560000
053765,智邦富邦96購01  ,0,0,0,0,0,0,0,0,0,555000,0,0,0,592000,37000,555000,555000
054459,鈺齊群益96購01  ,0,0,0,0,0,0,0,0,0,550000,0,0,0,566000,16000,550000,550000
057913,健策日盛98購01  ,0,0,0,0,0,0,0,0,0,545000,0,0,0,555000,10000,545000,545000
057383,玉晶光富邦9A購01,0,0,0,0,0,0,0,0,0,541000,0,0,0,561000,20000,541000,541000
053318,全新群益99購01  ,0,0,0,0,0,0,0,0,0,534000,0,0,0,539000,5000,534000,534000
056174,億光元富97購01  ,0,0,0,0,0,0,0,0,0,532000,0,0,0,542000,10000,532000,532000
049236,元油2X元富96購06,0,0,0,0,0,0,0,0,0,531000,0,0,0,768000,237000,531000,531000
057220,鈺齊群益98購01  ,0,0,0,0,0,0,0,0,0,524000,0,0,0,556000,32000,524000,524000
06916P,聯鈞元富98售02  ,0,0,0,0,0,0,0,0,0,524000,0,0,0,547000,23000,524000,524000
051215,大立光統一95購03,0,0,0,0,0,0,0,0,0,519000,0,0,0,519000,0,519000,519000
3029,零壹            ,475000,294000,181000,0,0,0,0,0,0,338000,345000,7000,338000,0,0,0,519000
056398,南茂永豐98購01  ,0,0,0,0,0,0,0,0,0,514000,0,0,0,719000,205000,514000,514000
00703,台新MSCI中國    ,0,0,0,0,0,0,0,0,0,510000,39000,0,39000,725000,254000,471000,510000
057120,茂林康和98購01  ,0,0,0,0,0,0,0,0,0,508000,0,0,0,518000,10000,508000,508000
051420,康控國票95購05  ,0,0,0,0,0,0,0,0,0,506000,0,0,0,506000,0,506000,506000
049706,世紀鋼元大95購02,0,0,0,0,0,0,0,0,0,504000,0,0,0,518000,14000,504000,504000
049864,聯發科兆豐94購01,0,0,0,0,0,0,0,0,0,503000,0,0,0,503000,0,503000,503000
052238,智易國票96購01  ,0,0,0,0,0,0,0,0,0,503000,0,0,0,503000,0,503000,503000
056704,健策國泰99購01  ,0,0,0,0,0,0,0,0,0,502000,0,0,0,954000,452000,502000,502000
05411P,台積電國票96售08,0,0,0,0,0,0,0,0,0,502000,0,0,0,562000,60000,502000,502000
00638R,元大滬深300反1  ,305000,117000,188000,0,0,0,0,0,0,313000,0,200000,-200000,1470000,957000,513000,501000
04288P,台積電中信95售06,0,0,0,0,0,0,0,0,0,500000,0,0,0,500000,0,500000,500000
04787P,台積電永昌96售04,0,0,0,0,0,0,0,0,0,500000,0,0,0,854000,354000,500000,500000
049609,全新兆豐95購01  ,0,0,0,0,0,0,0,0,0,500000,0,0,0,500000,0,500000,500000
054040,中石化元大9C購01,0,0,0,0,0,0,0,0,0,500000,0,0,0,500000,0,500000,500000
053679,緯創富邦96購01  ,0,0,0,0,0,0,0,0,0,500000,0,0,0,500000,0,500000,500000
047983,宏達電群益93購04,0,0,0,0,0,0,0,0,0,499000,0,0,0,499000,0,499000,499000
05364P,臺股指富邦95售04,0,0,0,0,0,0,0,0,0,499000,0,0,0,575000,76000,499000,499000
050685,緯穎元富94購02  ,0,0,0,0,0,0,0,0,0,497000,0,0,0,540000,43000,497000,497000
053942,超眾國泰96購02  ,0,0,0,0,0,0,0,0,0,495000,0,0,0,505000,10000,495000,495000
00636,國泰中國A50     ,5000,0,5000,0,0,0,0,0,0,487000,40000,391000,-351000,1046000,208000,838000,492000
051739,奇力新國票97購01,0,0,0,0,0,0,0,0,0,490000,0,0,0,490000,0,490000,490000
056181,百和元富97購02  ,0,0,0,0,0,0,0,0,0,489000,0,0,0,599000,110000,489000,489000
1762,中化生          ,656000,165000,491000,0,0,0,0,0,0,-2000,0,2000,-2000,0,0,0,489000
057939,鈺齊群益98購02  ,0,0,0,0,0,0,0,0,0,487000,0,0,0,655000,168000,487000,487000
055292,聯鈞元大97購02  ,0,0,0,0,0,0,0,0,0,486000,0,0,0,530000,44000,486000,486000
047875,南電永豐93購02  ,0,0,0,0,0,0,0,0,0,481000,0,0,0,481000,0,481000,481000
1904,正隆            ,1032000,631000,401000,0,0,0,100000,0,100000,-20000,52000,72000,-20000,0,0,0,481000
06295P,國巨元大97售14  ,0,0,0,0,0,0,0,0,0,478000,0,0,0,478000,0,478000,478000
054835,致新中信97購01  ,0,0,0,0,0,0,0,0,0,477000,0,0,0,487000,10000,477000,477000
050344,鴻海元富96購01  ,0,0,0,0,0,0,0,0,0,471000,0,0,0,513000,42000,471000,471000
04935P,鴻海中信96售01  ,0,0,0,0,0,0,0,0,0,470000,0,0,0,500000,30000,470000,470000
057889,致新群益99購01  ,0,0,0,0,0,0,0,0,0,465000,0,0,0,465000,0,465000,465000
050617,神基元大94購01  ,0,0,0,0,0,0,0,0,0,465000,0,0,0,629000,164000,465000,465000
058322,玉晶光永豐99購02,0,0,0,0,0,0,0,0,0,463000,0,0,0,486000,23000,463000,463000
052805,晶技元大97購01  ,0,0,0,0,0,0,0,0,0,463000,0,0,0,591000,128000,463000,463000
057540,緯穎日盛99購01  ,0,0,0,0,0,0,0,0,0,459000,0,0,0,562000,103000,459000,459000
051650,矽力永豐95購01  ,0,0,0,0,0,0,0,0,0,459000,0,0,0,520000,61000,459000,459000
053708,道瓊反凱基98購01,0,0,0,0,0,0,0,0,0,455000,0,0,0,564000,109000,455000,455000
057071,華擎永豐98購02  ,0,0,0,0,0,0,0,0,0,454000,0,0,0,575000,121000,454000,454000
6414,樺漢            ,343000,160000,183000,0,0,0,161000,0,161000,110000,104000,80000,24000,96000,10000,86000,454000
04912P,可成元富94售06  ,0,0,0,0,0,0,0,0,0,453000,0,0,0,546000,93000,453000,453000
049522,華通兆豐94購02  ,0,0,0,0,0,0,0,0,0,451000,0,0,0,521000,70000,451000,451000
055336,茂林兆豐98購01  ,0,0,0,0,0,0,0,0,0,451000,0,0,0,517000,66000,451000,451000
04755P,大立光元富94售07,0,0,0,0,0,0,0,0,0,450000,0,0,0,500000,50000,450000,450000
04763P,臺股指凱基96售05,0,0,0,0,0,0,0,0,0,450000,0,0,0,450000,0,450000,450000
051796,和碩康和95購01  ,0,0,0,0,0,0,0,0,0,450000,0,0,0,450000,0,450000,450000
053626,台積電兆豐96購03,0,0,0,0,0,0,0,0,0,450000,0,0,0,450000,0,450000,450000
058159,健策台新9A購01  ,0,0,0,0,0,0,0,0,0,448000,0,0,0,448000,0,448000,448000
056498,A50正2富邦9B購01,0,0,0,0,0,0,0,0,0,448000,0,0,0,521000,73000,448000,448000
3041,揚智            ,640000,182000,458000,0,0,0,0,0,0,-14000,0,14000,-14000,0,0,0,444000
047047,旺宏國票95購01  ,0,0,0,0,0,0,0,0,0,443000,0,0,0,453000,10000,443000,443000
048233,南電凱基93購05  ,0,0,0,0,0,0,0,0,0,440000,0,0,0,480000,40000,440000,440000
00651R,FH香港反1       ,0,10000,-10000,0,0,0,0,0,0,448000,0,0,0,621000,173000,448000,438000
055028,佐登國泰98購01  ,0,0,0,0,0,0,0,0,0,436000,0,0,0,604000,168000,436000,436000
3698,隆達            ,647000,164000,483000,0,0,0,0,0,0,-48000,0,28000,-28000,0,20000,-20000,435000
058189,嘉澤永豐99購01  ,0,0,0,0,0,0,0,0,0,432000,0,0,0,432000,0,432000,432000
054845,智邦兆豐98購01  ,0,0,0,0,0,0,0,0,0,431000,0,0,0,572000,141000,431000,431000
04854P,鴻海國泰96售04  ,0,0,0,0,0,0,0,0,0,430000,0,0,0,431000,1000,430000,430000
051945,智邦統一95購03  ,0,0,0,0,0,0,0,0,0,430000,0,0,0,465000,35000,430000,430000
056403,茂林群益98購01  ,0,0,0,0,0,0,0,0,0,430000,0,0,0,521000,91000,430000,430000
058050,台郡元大99購05  ,0,0,0,0,0,0,0,0,0,429000,0,0,0,429000,0,429000,429000
053074,嘉晶永豐96購02  ,0,0,0,0,0,0,0,0,0,429000,0,0,0,440000,11000,429000,429000
050059,旺宏凱基94購03  ,0,0,0,0,0,0,0,0,0,428000,0,0,0,438000,10000,428000,428000
051618,智邦凱基95購06  ,0,0,0,0,0,0,0,0,0,427000,0,0,0,578000,151000,427000,427000
054980,國巨元富97購01  ,0,0,0,0,0,0,0,0,0,427000,0,0,0,995000,568000,427000,427000
06078P,臺股指凱基9A售01,0,0,0,0,0,0,0,0,0,426000,0,0,0,514000,88000,426000,426000
055421,玉晶光永豐98購04,0,0,0,0,0,0,0,0,0,426000,0,0,0,589000,163000,426000,426000
06649P,聯發科元大98售08,0,0,0,0,0,0,0,0,0,426000,0,0,0,624000,198000,426000,426000
055386,致新元大97購02  ,0,0,0,0,0,0,0,0,0,419000,0,0,0,493000,74000,419000,419000
055624,聯發科富邦99購07,0,0,0,0,0,0,0,0,0,418000,0,0,0,458000,40000,418000,418000
057970,國巨富邦99購03  ,0,0,0,0,0,0,0,0,0,416000,0,0,0,476000,60000,416000,416000
050062,聯發科凱基94購08,0,0,0,0,0,0,0,0,0,415000,0,0,0,415000,0,415000,415000
053170,茂林群益96購04  ,0,0,0,0,0,0,0,0,0,415000,0,0,0,616000,201000,415000,415000
053557,聯茂凱基96購04  ,0,0,0,0,0,0,0,0,0,410000,0,0,0,410000,0,410000,410000
05375P,健策國票96售02  ,0,0,0,0,0,0,0,0,0,410000,0,0,0,410000,0,410000,410000
056692,燿華群益98購03  ,0,0,0,0,0,0,0,0,0,407000,0,0,0,418000,11000,407000,407000
053098,國巨元富96購04  ,0,0,0,0,0,0,0,0,0,407000,0,0,0,450000,43000,407000,407000
056614,智邦永豐98購01  ,0,0,0,0,0,0,0,0,0,404000,0,0,0,439000,35000,404000,404000
055862,矽力元大97購04  ,0,0,0,0,0,0,0,0,0,403000,0,0,0,508000,105000,403000,403000
3706,神達            ,2166000,837000,1329000,0,0,0,3000,407000,-404000,-524000,55000,491000,-436000,28000,116000,-88000,401000
057080,華新科統一99購02,0,0,0,0,0,0,0,0,0,400000,0,0,0,570000,170000,400000,400000
05896P,宏達電群益96售03,0,0,0,0,0,0,0,0,0,400000,0,0,0,410000,10000,400000,400000
050053,訊芯群益94購03  ,0,0,0,0,0,0,0,0,0,400000,0,0,0,400000,0,400000,400000
049973,T50反1日盛9A購01,0,0,0,0,0,0,0,0,0,400000,0,0,0,400000,0,400000,400000
049125,禾伸堂元富94購01,0,0,0,0,0,0,0,0,0,400000,0,0,0,400000,0,400000,400000
047357,欣興麥證93購01  ,0,0,0,400000,0,400000,0,0,0,400000,0,0,0,400000,0,400000,400000
049305,元油2X凱基95購06,0,0,0,0,0,0,0,0,0,400000,0,0,0,400000,0,400000,400000
05079P,可成永豐95售01  ,0,0,0,0,0,0,0,0,0,400000,0,0,0,400000,0,400000,400000
054292,欣興元大96購06  ,0,0,0,0,0,0,0,0,0,400000,0,0,0,562000,162000,400000,400000
054653,聯發科麥證97購02,0,0,0,400000,0,400000,0,0,0,400000,0,0,0,400000,0,400000,400000
3338,泰碩            ,463000,477000,-14000,0,0,0,292000,50000,242000,172000,235000,42000,193000,114000,135000,-21000,400000
1795,美時            ,427000,26000,401000,0,0,0,0,0,0,-1000,0,1000,-1000,0,0,0,400000
06012P,世芯國票96售01  ,0,0,0,0,0,0,0,0,0,399000,0,0,0,399000,0,399000,399000
042927,道瓊反中信94購01,0,0,0,0,0,0,0,0,0,399000,0,0,0,399000,0,399000,399000
05252P,華通凱基95售01  ,0,0,0,0,0,0,0,0,0,399000,0,0,0,405000,6000,399000,399000
056210,矽創永豐97購02  ,0,0,0,0,0,0,0,0,0,399000,0,0,0,573000,174000,399000,399000
2458,義隆            ,1323000,1859687,-536687,0,0,0,1095000,0,1095000,-160000,114000,121000,-7000,41000,194000,-153000,398313
05999P,世芯元大96售01  ,0,0,0,0,0,0,0,0,0,398000,0,0,0,511000,113000,398000,398000
055966,茂林元大99購01  ,0,0,0,0,0,0,0,0,0,398000,0,0,0,525000,127000,398000,398000
055940,致新群益98購01  ,0,0,0,0,0,0,0,0,0,397000,0,0,0,590000,193000,397000,397000
054532,強茂國泰98購01  ,0,0,0,0,0,0,0,0,0,397000,0,0,0,450000,53000,397000,397000
050807,群臺反凱基95購01,0,0,0,0,0,0,0,0,0,396000,0,0,0,498000,102000,396000,396000
06488P,台積電元富98售05,0,0,0,0,0,0,0,0,0,395000,0,0,0,530000,135000,395000,395000
050743,京鼎永豐94購02  ,0,0,0,0,0,0,0,0,0,395000,0,0,0,395000,0,395000,395000
05826P,臺股指凱基96售23,0,0,0,0,0,0,0,0,0,394000,0,0,0,406000,12000,394000,394000
048935,玉晶光永豐94購04,0,0,0,0,0,0,0,0,0,393000,0,0,0,410000,17000,393000,393000
049438,嘉晶國泰96購01  ,0,0,0,0,0,0,0,0,0,391000,0,0,0,689000,298000,391000,391000
048177,臺指反富邦99購01,0,0,0,0,0,0,0,0,0,390000,0,0,0,400000,10000,390000,390000
049283,滬深2X中信95購10,0,0,0,0,0,0,0,0,0,390000,0,0,0,530000,140000,390000,390000
047785,嘉聯益第一93購01,0,0,0,0,0,0,0,0,0,390000,0,0,0,390000,0,390000,390000
050723,楠梓電國票94購01,0,0,0,0,0,0,0,0,0,390000,0,0,0,390000,0,390000,390000
055317,金寶國票98購01  ,0,0,0,0,0,0,0,0,0,390000,0,0,0,468000,78000,390000,390000
051128,台表科群益95購02,0,0,0,0,0,0,0,0,0,389000,0,0,0,511000,122000,389000,389000
056549,嘉聯益凱基98購04,0,0,0,0,0,0,0,0,0,389000,0,0,0,401000,12000,389000,389000
054439,健策台新96購03  ,0,0,0,0,0,0,0,0,0,389000,0,0,0,400000,11000,389000,389000
06100P,台積電日盛97售03,0,0,0,0,0,0,0,0,0,388000,0,0,0,1963000,1575000,388000,388000
041527,T50反1中信96購01,0,0,0,0,0,0,0,0,0,388000,0,0,0,723000,335000,388000,388000
056144,GIS元大98購01   ,0,0,0,0,0,0,0,0,0,388000,0,0,0,414000,26000,388000,388000
5469,瀚宇博          ,1099061,525000,574061,0,0,0,0,0,0,-187000,0,32000,-32000,25000,180000,-155000,387061
050240,聯發科凱基94購13,0,0,0,0,0,0,0,0,0,387000,0,0,0,387000,0,387000,387000
056953,智邦富邦98購02  ,0,0,0,0,0,0,0,0,0,384000,0,0,0,384000,0,384000,384000
03899P,滬深2X群益95售03,0,0,0,0,0,0,0,0,0,383000,0,0,0,385000,2000,383000,383000
053392,致新元大96購01  ,0,0,0,0,0,0,0,0,0,381000,0,0,0,414000,33000,381000,381000
055795,茂林國泰98購01  ,0,0,0,0,0,0,0,0,0,381000,0,0,0,420000,39000,381000,381000
049817,南電元大94購07  ,0,0,0,0,0,0,0,0,0,380000,0,0,0,380000,0,380000,380000
054254,晶豪科元大96購02,0,0,0,0,0,0,0,0,0,380000,0,0,0,433000,53000,380000,380000
055201,興勤群益98購01  ,0,0,0,0,0,0,0,0,0,380000,0,0,0,380000,0,380000,380000
050747,道瓊銀統一94購03,0,0,0,0,0,0,0,0,0,378000,0,0,0,400000,22000,378000,378000
051870,台郡凱基95購04  ,0,0,0,0,0,0,0,0,0,377000,0,0,0,377000,0,377000,377000
057447,智邦元富02購01  ,0,0,0,0,0,0,0,0,0,376000,0,0,0,397000,21000,376000,376000
058059,晶技元富98購01  ,0,0,0,0,0,0,0,0,0,376000,0,0,0,379000,3000,376000,376000
051977,泰碩凱基95購01  ,0,0,0,0,0,0,0,0,0,376000,0,0,0,587000,211000,376000,376000
050894,旺宏元大96購03  ,0,0,0,0,0,0,0,0,0,374000,0,0,0,433000,59000,374000,374000
05814P,臺股指國票96售07,0,0,0,0,0,0,0,0,0,369000,0,0,0,379000,10000,369000,369000
056461,樺漢凱基98購02  ,0,0,0,0,0,0,0,0,0,367000,0,0,0,442000,75000,367000,367000
048143,聯發科統一94購03,0,0,0,0,0,0,0,0,0,365000,0,0,0,375000,10000,365000,365000
052819,義隆永豐96購01  ,0,0,0,0,0,0,0,0,0,365000,0,0,0,495000,130000,365000,365000
05770P,聯發科凱基96售16,0,0,0,0,0,0,0,0,0,361000,0,0,0,641000,280000,361000,361000
05579P,友達凱基98售03  ,0,0,0,0,0,0,0,0,0,361000,0,0,0,361000,0,361000,361000
06441P,台積電凱基98售08,0,0,0,0,0,0,0,0,0,360000,0,0,0,413000,53000,360000,360000
048937,玉晶光永豐95購01,0,0,0,0,0,0,0,0,0,359000,0,0,0,423000,64000,359000,359000
05245P,台積電元大95售18,0,0,0,0,0,0,0,0,0,359000,0,0,0,1124000,765000,359000,359000
05612P,台積電元大96售13,0,0,0,0,0,0,0,0,0,359000,0,0,0,380000,21000,359000,359000
050934,喬山國票96購01  ,0,0,0,0,0,0,0,0,0,357000,0,0,0,357000,0,357000,357000
050493,聯發科永昌96購01,0,0,0,0,0,0,0,0,0,355000,0,0,0,385000,30000,355000,355000
053173,矽格群益97購01  ,0,0,0,0,0,0,0,0,0,355000,0,0,0,487000,132000,355000,355000
055551,致茂凱基98購01  ,0,0,0,0,0,0,0,0,0,355000,0,0,0,512000,157000,355000,355000
048842,矽格凱基94購01  ,0,0,0,0,0,0,0,0,0,353000,0,0,0,363000,10000,353000,353000
057699,可成群益9A購02  ,0,0,0,0,0,0,0,0,0,352000,0,0,0,359000,7000,352000,352000
056987,南茂群益98購01  ,0,0,0,0,0,0,0,0,0,352000,0,0,0,415000,63000,352000,352000
05235P,健鼎康和95售02  ,0,0,0,0,0,0,0,0,0,352000,0,0,0,355000,3000,352000,352000
053473,聯發科元大96購15,0,0,0,0,0,0,0,0,0,351000,0,0,0,351000,0,351000,351000
056128,和大中信99購01  ,0,0,0,0,0,0,0,0,0,350000,0,0,0,350000,0,350000,350000
058023,南電凱基98購02  ,0,0,0,0,0,0,0,0,0,349000,0,0,0,659000,310000,349000,349000
054643,上証2X群益9B購01,0,0,0,0,0,0,0,0,0,348000,0,0,0,348000,0,348000,348000
3661,世芯-KY         ,740000,544000,196000,0,0,0,0,0,0,152000,33000,16000,17000,186000,51000,135000,348000
05774P,臺股指凱基99售04,0,0,0,0,0,0,0,0,0,347000,0,0,0,594000,247000,347000,347000
053457,旺宏國泰98購03  ,0,0,0,0,0,0,0,0,0,347000,0,0,0,358000,11000,347000,347000
05729P,臺股指凱基97售02,0,0,0,0,0,0,0,0,0,346000,0,0,0,512000,166000,346000,346000
05124P,華新科富邦97售02,0,0,0,0,0,0,0,0,0,345000,0,0,0,345000,0,345000,345000
06302P,臺股指元大97售06,0,0,0,0,0,0,0,0,0,344000,0,0,0,344000,0,344000,344000
054129,技嘉元大96購02  ,0,0,0,0,0,0,0,0,0,344000,0,0,0,667000,323000,344000,344000
056098,矽創元富97購02  ,0,0,0,0,0,0,0,0,0,344000,0,0,0,401000,57000,344000,344000
056852,矽格元富98購01  ,0,0,0,0,0,0,0,0,0,343000,0,0,0,399000,56000,343000,343000
055131,茂林康和97購01  ,0,0,0,0,0,0,0,0,0,343000,0,0,0,353000,10000,343000,343000
046298,聯發科富邦94購01,0,0,0,0,0,0,0,0,0,342000,0,0,0,364000,22000,342000,342000
06608P,立積群益99售02  ,0,0,0,0,0,0,0,0,0,342000,0,0,0,344000,2000,342000,342000
056969,智易永豐98購01  ,0,0,0,0,0,0,0,0,0,341000,0,0,0,413000,72000,341000,341000
045768,大立光元富95購02,0,0,0,0,0,0,0,0,0,341000,0,0,0,366000,25000,341000,341000
05835P,臺股指元富96售07,0,0,0,0,0,0,0,0,0,340000,0,0,0,340000,0,340000,340000
055378,晶相光元大97購02,0,0,0,0,0,0,0,0,0,340000,0,0,0,551000,211000,340000,340000
05549P,臺股指元大96售03,0,0,0,0,0,0,0,0,0,340000,0,0,0,350000,10000,340000,340000
048190,道瓊反元大96購02,0,0,0,0,0,0,0,0,0,339000,0,0,0,339000,0,339000,339000
054608,致茂永豐97購01  ,0,0,0,0,0,0,0,0,0,339000,0,0,0,339000,0,339000,339000
058154,泰碩統一9A購01  ,0,0,0,0,0,0,0,0,0,338000,0,0,0,564000,226000,338000,338000
00783,富邦中証500     ,427000,0,427000,0,0,0,0,0,0,-89000,0,0,0,1101000,1190000,-89000,338000
051687,大立光凱基95購12,0,0,0,0,0,0,0,0,0,338000,0,0,0,348000,10000,338000,338000
054964,智易元大99購01  ,0,0,0,0,0,0,0,0,0,337000,0,0,0,337000,0,337000,337000
051642,鈺齊台新95購01  ,0,0,0,0,0,0,0,0,0,336000,0,0,0,336000,0,336000,336000
051924,聯茂日盛95購01  ,0,0,0,0,0,0,0,0,0,336000,0,0,0,494000,158000,336000,336000
051272,嘉晶群益95購01  ,0,0,0,0,0,0,0,0,0,335000,0,0,0,416000,81000,335000,335000
054316,矽創凱基97購01  ,0,0,0,0,0,0,0,0,0,335000,0,0,0,377000,42000,335000,335000
055772,致茂凱基97購01  ,0,0,0,0,0,0,0,0,0,335000,0,0,0,335000,0,335000,335000
055600,致伸元大97購02  ,0,0,0,0,0,0,0,0,0,335000,0,0,0,335000,0,335000,335000
049888,智邦國泰96購01  ,0,0,0,0,0,0,0,0,0,334000,0,0,0,414000,80000,334000,334000
05295P,緯創凱基95售01  ,0,0,0,0,0,0,0,0,0,334000,0,0,0,334000,0,334000,334000
051655,欣興元富95購04  ,0,0,0,0,0,0,0,0,0,334000,0,0,0,350000,16000,334000,334000
057415,和碩日盛98購01  ,0,0,0,0,0,0,0,0,0,332000,0,0,0,393000,61000,332000,332000
049189,訊芯康和94購01  ,0,0,0,0,0,0,0,0,0,330000,0,0,0,330000,0,330000,330000
047689,瑞昱富邦97購01  ,0,0,0,0,0,0,0,0,0,330000,0,0,0,330000,0,330000,330000
051493,台郡凱基95購02  ,0,0,0,0,0,0,0,0,0,330000,0,0,0,400000,70000,330000,330000
050971,緯穎永豐95購01  ,0,0,0,0,0,0,0,0,0,330000,0,0,0,330000,0,330000,330000
055041,致新富邦97購01  ,0,0,0,0,0,0,0,0,0,330000,0,0,0,330000,0,330000,330000
057269,鈺齊兆豐98購01  ,0,0,0,0,0,0,0,0,0,329000,0,0,0,683000,354000,329000,329000
057740,茂林富邦9A購01  ,0,0,0,0,0,0,0,0,0,329000,0,0,0,329000,0,329000,329000
06140P,華新科群益97售06,0,0,0,0,0,0,0,0,0,329000,0,0,0,447000,118000,329000,329000
053062,緯穎富邦97購01  ,0,0,0,0,0,0,0,0,0,327000,0,0,0,340000,13000,327000,327000
049646,旺宏凱基94購01  ,0,0,0,0,0,0,0,0,0,325000,0,0,0,335000,10000,325000,325000
044588,元金2X統一93購01,0,0,0,0,0,0,0,0,0,324000,0,0,0,324000,0,324000,324000
051989,華固元大95購02  ,0,0,0,0,0,0,0,0,0,324000,0,0,0,327000,3000,324000,324000
054563,泰碩群益99購01  ,0,0,0,0,0,0,0,0,0,324000,0,0,0,604000,280000,324000,324000
055698,茂林國票98購03  ,0,0,0,0,0,0,0,0,0,322000,0,0,0,322000,0,322000,322000
05618P,聯發科元富96售02,0,0,0,0,0,0,0,0,0,321000,0,0,0,510000,189000,321000,321000
041990,A50正2國票97購01,0,0,0,0,0,0,0,0,0,320000,0,0,0,350000,30000,320000,320000
052674,智邦國泰98購01  ,0,0,0,0,0,0,0,0,0,320000,0,0,0,469000,149000,320000,320000
057914,日月光日盛9A購01,0,0,0,0,0,0,0,0,0,319000,0,0,0,319000,0,319000,319000
058191,祥碩永豐99購01  ,0,0,0,0,0,0,0,0,0,319000,0,0,0,387000,68000,319000,319000
057798,貿聯兆豐99購01  ,0,0,0,0,0,0,0,0,0,319000,0,0,0,319000,0,319000,319000
05154P,台積電兆豐95售05,0,0,0,0,0,0,0,0,0,319000,0,0,0,319000,0,319000,319000
056402,智易群益98購02  ,0,0,0,0,0,0,0,0,0,319000,0,0,0,341000,22000,319000,319000
049325,智邦元富94購02  ,0,0,0,0,0,0,0,0,0,318000,0,0,0,318000,0,318000,318000
057559,可成兆豐99購02  ,0,0,0,0,0,0,0,0,0,317000,0,0,0,317000,0,317000,317000
056916,台達電兆豐98購02,0,0,0,0,0,0,0,0,0,317000,0,0,0,330000,13000,317000,317000
05289P,鴻海永豐95售05  ,0,0,0,0,0,0,0,0,0,317000,0,0,0,383000,66000,317000,317000
05886P,華通元富96售01  ,0,0,0,0,0,0,0,0,0,316000,0,0,0,382000,66000,316000,316000
053126,健策凱基97購02  ,0,0,0,0,0,0,0,0,0,316000,0,0,0,371000,55000,316000,316000
044465,元油2X群益97購01,0,0,0,0,0,0,0,0,0,315000,0,0,0,320000,5000,315000,315000
03430B,臺股指元大9B熊01,0,0,0,0,0,0,0,0,0,315000,0,0,0,495000,180000,315000,315000
04951P,緯創中信94售01  ,0,0,0,0,0,0,0,0,0,315000,0,0,0,400000,85000,315000,315000
051891,智邦元富95購04  ,0,0,0,0,0,0,0,0,0,315000,0,0,0,315000,0,315000,315000
051688,大立光凱基97購02,0,0,0,0,0,0,0,0,0,314000,0,0,0,376000,62000,314000,314000
050603,致新國泰96購01  ,0,0,0,0,0,0,0,0,0,314000,0,0,0,651000,337000,314000,314000
058075,貿聯凱基99購02  ,0,0,0,0,0,0,0,0,0,313000,0,0,0,317000,4000,313000,313000
057453,矽創元富98購01  ,0,0,0,0,0,0,0,0,0,313000,0,0,0,429000,116000,313000,313000
057760,聯發科凱基98購18,0,0,0,0,0,0,0,0,0,312000,0,0,0,343000,31000,312000,312000
051114,鈺齊中信95購01  ,0,0,0,0,0,0,0,0,0,312000,0,0,0,382000,70000,312000,312000
056378,欣興元富98購01  ,0,0,0,0,0,0,0,0,0,312000,0,0,0,362000,50000,312000,312000
054390,智邦元富96購03  ,0,0,0,0,0,0,0,0,0,312000,0,0,0,406000,94000,312000,312000
055286,晶技元大98購03  ,0,0,0,0,0,0,0,0,0,312000,0,0,0,355000,43000,312000,312000
054648,智原群益98購01  ,0,0,0,0,0,0,0,0,0,311000,0,0,0,311000,0,311000,311000
06795P,臺股指凱基98售05,0,0,0,0,0,0,0,0,0,311000,0,0,0,312000,1000,311000,311000
5203,訊連            ,468000,337000,131000,0,0,0,0,0,0,180000,112000,48000,64000,122000,6000,116000,311000
04983P,臺股指康和94售03,0,0,0,0,0,0,0,0,0,310000,0,0,0,380000,70000,310000,310000
046858,群創元大94購02  ,0,0,0,0,0,0,0,0,0,310000,0,0,0,310000,0,310000,310000
049875,台積電永豐94購04,0,0,0,0,0,0,0,0,0,309000,0,0,0,416000,107000,309000,309000
050915,健策中信98購01  ,0,0,0,0,0,0,0,0,0,309000,0,0,0,318000,9000,309000,309000
2439,美律            ,335000,344048,-9048,0,0,0,0,0,0,318000,230000,40000,190000,142000,14000,128000,308952
053537,玉晶光永豐98購02,0,0,0,0,0,0,0,0,0,308000,0,0,0,310000,2000,308000,308000
053410,啟碁兆豐96購01  ,0,0,0,0,0,0,0,0,0,307000,0,0,0,345000,38000,307000,307000
056257,聯茂元富97購04  ,0,0,0,0,0,0,0,0,0,305000,0,0,0,315000,10000,305000,305000
04740P,台積電富邦95售02,0,0,0,0,0,0,0,0,0,304000,0,0,0,304000,0,304000,304000
2332,友訊            ,368000,202000,166000,0,0,0,0,0,0,138000,7000,8000,-1000,159000,20000,139000,304000
053561,玉晶光國泰98購01,0,0,0,0,0,0,0,0,0,303000,0,0,0,428000,125000,303000,303000
03857P,聯發科元富99售02,0,0,0,0,0,0,0,0,0,302000,0,0,0,399000,97000,302000,302000
055294,智易元大98購01  ,0,0,0,0,0,0,0,0,0,302000,0,0,0,308000,6000,302000,302000
057255,聯發科麥證98購02,0,0,0,311000,10000,301000,0,0,0,301000,0,0,0,311000,10000,301000,301000
06564P,國巨富邦9A售04  ,0,0,0,0,0,0,0,0,0,300000,0,0,0,300000,0,300000,300000
044817,可成兆豐93購01  ,0,0,0,0,0,0,0,0,0,300000,0,0,0,420000,120000,300000,300000
048019,GIS麥證94購01   ,0,0,0,320000,20000,300000,0,0,0,300000,0,0,0,320000,20000,300000,300000
049884,訊芯永豐94購01  ,0,0,0,0,0,0,0,0,0,300000,0,0,0,300000,0,300000,300000
055701,亞德客富邦99購01,0,0,0,0,0,0,0,0,0,300000,0,0,0,311000,11000,300000,300000
046020,滬深2X元大95購02,0,0,0,0,0,0,0,0,0,299000,0,0,0,299000,0,299000,299000
052185,奇力新群益95購03,0,0,0,0,0,0,0,0,0,299000,0,0,0,340000,41000,299000,299000
055782,新日興凱基99購01,0,0,0,0,0,0,0,0,0,299000,0,0,0,355000,56000,299000,299000
055099,可成日盛97購01  ,0,0,0,0,0,0,0,0,0,299000,0,0,0,502000,203000,299000,299000
3533,嘉澤            ,320254,124000,196254,0,0,0,438000,295900,142100,-40000,20000,50000,-30000,2000,12000,-10000,298354
051023,S&P反1統一95購02,0,0,0,0,0,0,0,0,0,298000,0,0,0,298000,0,298000,298000
057311,玉晶光日盛9A購01,0,0,0,0,0,0,0,0,0,297000,0,0,0,358000,61000,297000,297000
048649,瀚宇博元大93購05,0,0,0,0,0,0,0,0,0,297000,0,0,0,297000,0,297000,297000
05287P,鴻海元富95售09  ,0,0,0,0,0,0,0,0,0,297000,0,0,0,317000,20000,297000,297000
058388,健策國票9A購01  ,0,0,0,0,0,0,0,0,0,296000,0,0,0,604000,308000,296000,296000
056160,智易凱基97購03  ,0,0,0,0,0,0,0,0,0,296000,0,0,0,364000,68000,296000,296000
052936,華通兆豐98購01  ,0,0,0,0,0,0,0,0,0,295000,0,0,0,465000,170000,295000,295000
057020,台積電凱基99購02,0,0,0,0,0,0,0,0,0,294000,0,0,0,299000,5000,294000,294000
050105,力山元大95購02  ,0,0,0,0,0,0,0,0,0,294000,0,0,0,301000,7000,294000,294000
055996,矽力國泰99購01  ,0,0,0,0,0,0,0,0,0,294000,0,0,0,628000,334000,294000,294000
06326P,鴻海中信01售01  ,0,0,0,0,0,0,0,0,0,293000,0,0,0,334000,41000,293000,293000
056992,祥碩兆豐98購01  ,0,0,0,0,0,0,0,0,0,292000,0,0,0,526000,234000,292000,292000
056782,鴻海群益98購04  ,0,0,0,0,0,0,0,0,0,292000,0,0,0,425000,133000,292000,292000
05258P,臺股指凱基96售11,0,0,0,0,0,0,0,0,0,290000,0,0,0,290000,0,290000,290000
057160,佐登永豐98購02  ,0,0,0,0,0,0,0,0,0,289000,0,0,0,299000,10000,289000,289000
057777,可成群益9A購03  ,0,0,0,0,0,0,0,0,0,289000,0,0,0,303000,14000,289000,289000
048178,上銀富邦95購02  ,0,0,0,0,0,0,0,0,0,289000,0,0,0,454000,165000,289000,289000
047973,華通兆豐94購01  ,0,0,0,0,0,0,0,0,0,289000,0,0,0,389000,100000,289000,289000
053266,全新群益98購01  ,0,0,0,0,0,0,0,0,0,288000,0,0,0,288000,0,288000,288000
06603P,立積統一99售01  ,0,0,0,0,0,0,0,0,0,288000,0,0,0,288000,0,288000,288000
049054,禾伸堂永豐94購01,0,0,0,0,0,0,0,0,0,287000,0,0,0,287000,0,287000,287000
3006,晶豪科          ,567000,54000,513000,0,0,0,0,0,0,-226000,8000,75000,-67000,14000,173000,-159000,287000
049114,玉晶光統一94購02,0,0,0,0,0,0,0,0,0,286000,0,0,0,965000,679000,286000,286000
056754,智易兆豐99購01  ,0,0,0,0,0,0,0,0,0,285000,0,0,0,382000,97000,285000,285000
05013P,台積電元大96售05,0,0,0,0,0,0,0,0,0,285000,0,0,0,547000,262000,285000,285000
06148P,台積電元大97售17,0,0,0,0,0,0,0,0,0,282000,0,0,0,524000,242000,282000,282000
054581,訊芯元大97購02  ,0,0,0,0,0,0,0,0,0,282000,0,0,0,282000,0,282000,282000
055380,智易元大98購02  ,0,0,0,0,0,0,0,0,0,281000,0,0,0,312000,31000,281000,281000
056191,世紀鋼統一97購01,0,0,0,0,0,0,0,0,0,281000,0,0,0,301000,20000,281000,281000
055667,致茂群益98購01  ,0,0,0,0,0,0,0,0,0,281000,0,0,0,294000,13000,281000,281000
057743,華擎永豐98購03  ,0,0,0,0,0,0,0,0,0,280000,0,0,0,332000,52000,280000,280000
04796P,聯發科元大94售10,0,0,0,0,0,0,0,0,0,280000,0,0,0,280000,0,280000,280000
052846,智邦統一97購01  ,0,0,0,0,0,0,0,0,0,280000,0,0,0,280000,0,280000,280000
046942,友達元大99購01  ,0,0,0,0,0,0,0,0,0,279000,0,0,0,489000,210000,279000,279000
052508,矽力日盛95購02  ,0,0,0,0,0,0,0,0,0,279000,0,0,0,299000,20000,279000,279000
054204,元金2X國票9B購02,0,0,0,0,0,0,0,0,0,279000,0,0,0,421000,142000,279000,279000
053950,緯穎富邦97購02  ,0,0,0,0,0,0,0,0,0,279000,0,0,0,379000,100000,279000,279000
055123,億光兆豐97購01  ,0,0,0,0,0,0,0,0,0,279000,0,0,0,319000,40000,279000,279000
051777,聯發科群益95購04,0,0,0,0,0,0,0,0,0,278000,0,0,0,280000,2000,278000,278000
052841,群創富邦96購02  ,0,0,0,0,0,0,0,0,0,276000,0,0,0,276000,0,276000,276000
054921,文曄凱基97購01  ,0,0,0,0,0,0,0,0,0,275000,0,0,0,275000,0,275000,275000
057565,可成富邦99購01  ,0,0,0,0,0,0,0,0,0,274000,0,0,0,284000,10000,274000,274000
056889,元油2X元大99購07,0,0,0,0,0,0,0,0,0,274000,0,0,0,300000,26000,274000,274000
06123P,玉晶光元大97售04,0,0,0,0,0,0,0,0,0,274000,0,0,0,430000,156000,274000,274000
048349,美利達元大96購02,0,0,0,0,0,0,0,0,0,274000,0,0,0,299000,25000,274000,274000
055180,文曄統一97購01  ,0,0,0,0,0,0,0,0,0,274000,0,0,0,275000,1000,274000,274000
049703,訊芯元大95購01  ,0,0,0,0,0,0,0,0,0,273000,0,0,0,273000,0,273000,273000
052172,致茂元大95購01  ,0,0,0,0,0,0,0,0,0,273000,0,0,0,273000,0,273000,273000
051524,貿聯凱基95購02  ,0,0,0,0,0,0,0,0,0,273000,0,0,0,273000,0,273000,273000
058318,致茂永豐9A購01  ,0,0,0,0,0,0,0,0,0,272000,0,0,0,272000,0,272000,272000
056786,亞光群益98購03  ,0,0,0,0,0,0,0,0,0,272000,0,0,0,295000,23000,272000,272000
055196,致新元富97購01  ,0,0,0,0,0,0,0,0,0,272000,0,0,0,297000,25000,272000,272000
055258,玉晶光統一97購03,0,0,0,0,0,0,0,0,0,272000,0,0,0,292000,20000,272000,272000
057602,聯茂群益98購02  ,0,0,0,0,0,0,0,0,0,271000,0,0,0,449000,178000,271000,271000
054969,亞翔元大97購01  ,0,0,0,0,0,0,0,0,0,271000,0,0,0,291000,20000,271000,271000
056649,智易凱基98購01  ,0,0,0,0,0,0,0,0,0,270000,0,0,0,492000,222000,270000,270000
056996,矽力日盛99購01  ,0,0,0,0,0,0,0,0,0,270000,0,0,0,272000,2000,270000,270000
049770,康控元富95購01  ,0,0,0,0,0,0,0,0,0,270000,0,0,0,300000,30000,270000,270000
052622,貿聯兆豐97購01  ,0,0,0,0,0,0,0,0,0,270000,0,0,0,270000,0,270000,270000
054358,矽創兆豐96購01  ,0,0,0,0,0,0,0,0,0,269000,0,0,0,448000,179000,269000,269000
1731,美吾華          ,411000,142000,269000,0,0,0,0,0,0,0,3000,3000,0,0,0,0,269000
057429,華新科兆豐98購03,0,0,0,0,0,0,0,0,0,268000,0,0,0,794000,526000,268000,268000
04434P,玉晶光國票96售02,0,0,0,0,0,0,0,0,0,268000,0,0,0,704000,436000,268000,268000
056172,鴻海元富97購11  ,0,0,0,0,0,0,0,0,0,268000,0,0,0,298000,30000,268000,268000
052484,矽創群益95購02  ,0,0,0,0,0,0,0,0,0,267000,0,0,0,339000,72000,267000,267000
044875,玉晶光統一93購01,0,0,0,0,0,0,0,0,0,266000,0,0,0,271000,5000,266000,266000
054046,義隆元大96購02  ,0,0,0,0,0,0,0,0,0,266000,0,0,0,665000,399000,266000,266000
06799P,臺股指凱基98售09,0,0,0,0,0,0,0,0,0,265000,0,0,0,265000,0,265000,265000
057532,智原元大98購03  ,0,0,0,0,0,0,0,0,0,264000,0,0,0,283000,19000,264000,264000
056962,技嘉永豐98購01  ,0,0,0,0,0,0,0,0,0,264000,0,0,0,320000,56000,264000,264000
057702,同欣電群益99購01,0,0,0,0,0,0,0,0,0,263000,0,0,0,325000,62000,263000,263000
06228P,亞德客凱基97售04,0,0,0,0,0,0,0,0,0,263000,0,0,0,363000,100000,263000,263000
06476P,臺股指永豐98售01,0,0,0,0,0,0,0,0,0,263000,0,0,0,276000,13000,263000,263000
045873,元油2X元富98購04,0,0,0,0,0,0,0,0,0,263000,0,0,0,1362000,1099000,263000,263000
047557,麗豐凱基94購02  ,0,0,0,0,0,0,0,0,0,263000,0,0,0,263000,0,263000,263000
048810,玉晶光第一94購01,0,0,0,0,0,0,0,0,0,263000,0,0,0,263000,0,263000,263000
052193,國巨元富95購06  ,0,0,0,0,0,0,0,0,0,263000,0,0,0,281000,18000,263000,263000
050774,健策元大96購02  ,0,0,0,0,0,0,0,0,0,263000,0,0,0,295000,32000,263000,263000
056698,T50反1國泰9A購01,0,0,0,0,0,0,0,0,0,262000,0,0,0,498000,236000,262000,262000
050172,臺指反元大98購02,0,0,0,0,0,0,0,0,0,262000,0,0,0,382000,120000,262000,262000
055990,矽創元富97購01  ,0,0,0,0,0,0,0,0,0,262000,0,0,0,416000,154000,262000,262000
06821P,臺股指元富98售10,0,0,0,0,0,0,0,0,0,262000,0,0,0,1122000,860000,262000,262000
047123,中石化中信95購01,0,0,0,0,0,0,0,0,0,260000,0,0,0,280000,20000,260000,260000
052084,台泥元大95購01  ,0,0,0,0,0,0,0,0,0,260000,0,0,0,260000,0,260000,260000
05622P,台積電中信96售02,0,0,0,0,0,0,0,0,0,260000,0,0,0,260000,0,260000,260000
06946P,T50正2元大9C售01,0,0,0,0,0,0,0,0,0,260000,0,0,0,260000,0,260000,260000
055520,矽力中信97購02  ,0,0,0,0,0,0,0,0,0,259000,0,0,0,390000,131000,259000,259000
05505P,聯發科凱基96售09,0,0,0,0,0,0,0,0,0,259000,0,0,0,283000,24000,259000,259000
05654P,台光電統一96售01,0,0,0,0,0,0,0,0,0,258000,0,0,0,290000,32000,258000,258000
050579,聯發科國票95購04,0,0,0,0,0,0,0,0,0,257000,0,0,0,466000,209000,257000,257000
2480,敦陽科          ,202000,120000,82000,0,0,0,0,0,0,174000,187000,13000,174000,0,0,0,256000
056247,台郡群益97購01  ,0,0,0,0,0,0,0,0,0,255000,0,0,0,278000,23000,255000,255000
3530,晶相光          ,317000,99000,218000,0,0,0,0,0,0,37000,2000,3000,-1000,102000,64000,38000,255000
057782,台積電國票99購07,0,0,0,0,0,0,0,0,0,254000,0,0,0,1133000,879000,254000,254000
057988,鈺齊元富98購02  ,0,0,0,0,0,0,0,0,0,254000,0,0,0,276000,22000,254000,254000
052919,鈺齊富邦98購01  ,0,0,0,0,0,0,0,0,0,254000,0,0,0,427000,173000,254000,254000
3189,景碩            ,696000,335000,361000,0,0,0,0,0,0,-107000,32000,73000,-41000,27000,93000,-66000,254000
06835P,台灣50國票9A售01,0,0,0,0,0,0,0,0,0,254000,0,0,0,402000,148000,254000,254000
03826P,瀚宇博元大95售01,0,0,0,0,0,0,0,0,0,253000,0,0,0,328000,75000,253000,253000
052324,康友元大96購02  ,0,0,0,0,0,0,0,0,0,253000,0,0,0,448000,195000,253000,253000
057579,長榮航中信9A購01,0,0,0,0,0,0,0,0,0,252000,0,0,0,276000,24000,252000,252000
056026,智易群益97購01  ,0,0,0,0,0,0,0,0,0,252000,0,0,0,350000,98000,252000,252000
4155,訊映            ,311000,56000,255000,0,0,0,0,0,0,-3000,0,3000,-3000,0,0,0,252000
052911,友達統一97購02  ,0,0,0,0,0,0,0,0,0,251000,0,0,0,251000,0,251000,251000
057780,台郡群益98購02  ,0,0,0,0,0,0,0,0,0,250000,0,0,0,250000,0,250000,250000
050752,美律統一94購05  ,0,0,0,0,0,0,0,0,0,250000,0,0,0,335000,85000,250000,250000
051825,中環元大95購01  ,0,0,0,0,0,0,0,0,0,250000,0,0,0,350000,100000,250000,250000
054350,美律國泰98購01  ,0,0,0,0,0,0,0,0,0,250000,0,0,0,250000,0,250000,250000
055789,台虹凱基97購01  ,0,0,0,0,0,0,0,0,0,250000,0,0,0,272000,22000,250000,250000
055938,矽力群益97購01  ,0,0,0,0,0,0,0,0,0,250000,0,0,0,283000,33000,250000,250000
06286P,世芯國票97售02  ,0,0,0,0,0,0,0,0,0,249000,0,0,0,266000,17000,249000,249000
047194,世紀鋼元大96購01,0,0,0,0,0,0,0,0,0,249000,0,0,0,423000,174000,249000,249000
053947,義隆富邦97購01  ,0,0,0,0,0,0,0,0,0,249000,0,0,0,390000,141000,249000,249000
053899,矽創群益96購02  ,0,0,0,0,0,0,0,0,0,249000,0,0,0,255000,6000,249000,249000
057704,台虹群益98購03  ,0,0,0,0,0,0,0,0,0,248000,0,0,0,268000,20000,248000,248000
050956,鈺齊群益95購01  ,0,0,0,0,0,0,0,0,0,247000,0,0,0,341000,94000,247000,247000
055714,智邦元大97購03  ,0,0,0,0,0,0,0,0,0,247000,0,0,0,276000,29000,247000,247000
051983,道瓊反元大95購01,0,0,0,0,0,0,0,0,0,246000,0,0,0,600000,354000,246000,246000
05170P,世芯元大95售01  ,0,0,0,0,0,0,0,0,0,246000,0,0,0,297000,51000,246000,246000
053268,日月光群益96購01,0,0,0,0,0,0,0,0,0,246000,0,0,0,354000,108000,246000,246000
053157,日月光元大96購03,0,0,0,0,0,0,0,0,0,246000,0,0,0,246000,0,246000,246000
056601,鈺齊元富98購01  ,0,0,0,0,0,0,0,0,0,245000,0,0,0,388000,143000,245000,245000
050544,聯發科凱基95購02,0,0,0,0,0,0,0,0,0,245000,0,0,0,296000,51000,245000,245000
05111P,台積電統一95售04,0,0,0,0,0,0,0,0,0,245000,0,0,0,245000,0,245000,245000
054268,健策第一96購01  ,0,0,0,0,0,0,0,0,0,245000,0,0,0,267000,22000,245000,245000
06594P,立積元大98售01  ,0,0,0,0,0,0,0,0,0,245000,0,0,0,431000,186000,245000,245000
05669P,嘉晶永豐96售03  ,0,0,0,0,0,0,0,0,0,244000,0,0,0,347000,103000,244000,244000
055007,晶相光元富9A購02,0,0,0,0,0,0,0,0,0,244000,0,0,0,514000,270000,244000,244000
046680,上証反群益95購01,0,0,0,0,0,0,0,0,0,243000,0,0,0,243000,0,243000,243000
052877,矽創凱基96購01  ,0,0,0,0,0,0,0,0,0,243000,0,0,0,243000,0,243000,243000
06197P,國巨元大97售08  ,0,0,0,0,0,0,0,0,0,242000,0,0,0,254000,12000,242000,242000
054385,矽創群益98購01  ,0,0,0,0,0,0,0,0,0,242000,0,0,0,805000,563000,242000,242000
051305,訊連凱基96購01  ,0,0,0,0,0,0,0,0,0,241000,0,0,0,589000,348000,241000,241000
051397,聯茂兆豐95購03  ,0,0,0,0,0,0,0,0,0,241000,0,0,0,241000,0,241000,241000
054278,晶技群益97購02  ,0,0,0,0,0,0,0,0,0,241000,0,0,0,276000,35000,241000,241000
056374,聯發科統一9B購01,0,0,0,0,0,0,0,0,0,241000,0,0,0,256000,15000,241000,241000
04950P,上証2X中信96售02,0,0,0,0,0,0,0,0,0,240000,0,0,0,270000,30000,240000,240000
049974,聯發科日盛94購02,0,0,0,0,0,0,0,0,0,240000,0,0,0,240000,0,240000,240000
052676,聯發科永昌98購01,0,0,0,0,0,0,0,0,0,240000,0,0,0,420000,180000,240000,240000
053876,可成永昌98購01  ,0,0,0,0,0,0,0,0,0,240000,0,0,0,381000,141000,240000,240000
048287,嘉晶兆豐94購01  ,0,0,0,0,0,0,0,0,0,239000,0,0,0,260000,21000,239000,239000
052790,智邦兆豐97購01  ,0,0,0,0,0,0,0,0,0,239000,0,0,0,269000,30000,239000,239000
055364,矽創凱基97購03  ,0,0,0,0,0,0,0,0,0,239000,0,0,0,270000,31000,239000,239000
052417,聯發科兆豐9B購01,0,0,0,0,0,0,0,0,0,238000,0,0,0,248000,10000,238000,238000
052420,道瓊反國票9B購01,0,0,0,0,0,0,0,0,0,238000,0,0,0,365000,127000,238000,238000
051095,貿聯元大95購03  ,0,0,0,0,0,0,0,0,0,238000,0,0,0,357000,119000,238000,238000
055207,致新中信99購01  ,0,0,0,0,0,0,0,0,0,238000,0,0,0,238000,0,238000,238000
06940P,旺宏永豐98售05  ,0,0,0,0,0,0,0,0,0,238000,0,0,0,310000,72000,238000,238000
3060,銘異            ,388000,143000,245000,0,0,0,0,0,0,-7000,0,7000,-7000,0,0,0,238000
06346P,聯鈞元富97售02  ,0,0,0,0,0,0,0,0,0,237000,0,0,0,317000,80000,237000,237000
050127,台積電凱基94購31,0,0,0,0,0,0,0,0,0,237000,0,0,0,237000,0,237000,237000
052216,康友元大96購01  ,0,0,0,0,0,0,0,0,0,236000,0,0,0,324000,88000,236000,236000
054120,奇力新永豐96購01,0,0,0,0,0,0,0,0,0,236000,0,0,0,248000,12000,236000,236000
054771,茂林國票98購02  ,0,0,0,0,0,0,0,0,0,236000,0,0,0,246000,10000,236000,236000
054688,兆赫永豐97購01  ,0,0,0,0,0,0,0,0,0,236000,0,0,0,263000,27000,236000,236000
053488,中石化兆豐97購01,0,0,0,0,0,0,0,0,0,236000,0,0,0,236000,0,236000,236000
057703,矽力群益98購01  ,0,0,0,0,0,0,0,0,0,235000,0,0,0,303000,68000,235000,235000
054335,緯穎永豐96購02  ,0,0,0,0,0,0,0,0,0,235000,0,0,0,255000,20000,235000,235000
054518,亞光元大97購01  ,0,0,0,0,0,0,0,0,0,235000,0,0,0,240000,5000,235000,235000
3443,創意            ,314000,59000,255000,0,0,0,2000,9000,-7000,-13000,0,5000,-5000,5000,13000,-8000,235000
051816,臺股指凱基95購07,0,0,0,0,0,0,0,0,0,234000,0,0,0,239000,5000,234000,234000
051873,緯穎凱基95購02  ,0,0,0,0,0,0,0,0,0,233000,0,0,0,278000,45000,233000,233000
050290,南亞科凱基94購06,0,0,0,0,0,0,0,0,0,233000,0,0,0,235000,2000,233000,233000
054700,致新永豐97購01  ,0,0,0,0,0,0,0,0,0,233000,0,0,0,233000,0,233000,233000
057739,新日興富邦9B購01,0,0,0,0,0,0,0,0,0,232000,0,0,0,330000,98000,232000,232000
057596,聯茂兆豐99購01  ,0,0,0,0,0,0,0,0,0,232000,0,0,0,364000,132000,232000,232000
056773,晶技元大99購03  ,0,0,0,0,0,0,0,0,0,232000,0,0,0,396000,164000,232000,232000
054853,TPK國票98購02   ,0,0,0,0,0,0,0,0,0,232000,0,0,0,262000,30000,232000,232000
054865,可成群益97購01  ,0,0,0,0,0,0,0,0,0,232000,0,0,0,242000,10000,232000,232000
03629C,元油2X元富98牛06,0,0,0,0,0,0,0,0,0,231000,0,0,0,231000,0,231000,231000
06440P,台積電凱基98售07,0,0,0,0,0,0,0,0,0,230000,0,0,0,2224000,1994000,230000,230000
053640,上緯控永豐96購01,0,0,0,0,0,0,0,0,0,230000,0,0,0,230000,0,230000,230000
053734,友達中信98購02  ,0,0,0,0,0,0,0,0,0,230000,0,0,0,400000,170000,230000,230000
051511,鈺齊中信97購01  ,0,0,0,0,0,0,0,0,0,229000,0,0,0,229000,0,229000,229000
05589P,大立光中信9A售01,0,0,0,0,0,0,0,0,0,229000,0,0,0,370000,141000,229000,229000
049150,新光金元大96購01,0,0,0,0,0,0,0,0,0,228000,0,0,0,243000,15000,228000,228000
055544,鴻海凱基97購05  ,0,0,0,0,0,0,0,0,0,228000,0,0,0,250000,22000,228000,228000
057883,中環群益98購01  ,0,0,0,0,0,0,0,0,0,227000,0,0,0,231000,4000,227000,227000
057556,智易凱基99購01  ,0,0,0,0,0,0,0,0,0,227000,0,0,0,363000,136000,227000,227000
049669,訊芯國泰95購01  ,0,0,0,0,0,0,0,0,0,227000,0,0,0,229000,2000,227000,227000
055133,致新康和97購01  ,0,0,0,0,0,0,0,0,0,227000,0,0,0,360000,133000,227000,227000
06971P,台光電元大99售03,0,0,0,0,0,0,0,0,0,227000,0,0,0,237000,10000,227000,227000
056843,冠德元富98購01  ,0,0,0,0,0,0,0,0,0,226000,0,0,0,253000,27000,226000,226000
051694,A50正2中信96購03,0,0,0,0,0,0,0,0,0,226000,0,0,0,301000,75000,226000,226000
053919,可成國票97購02  ,0,0,0,0,0,0,0,0,0,226000,0,0,0,250000,24000,226000,226000
052761,可成群益96購02  ,0,0,0,0,0,0,0,0,0,226000,0,0,0,228000,2000,226000,226000
055289,泰碩元大98購01  ,25000,0,25000,0,0,0,0,0,0,201000,0,0,0,367000,166000,201000,226000
054576,健策元大98購03  ,0,0,0,0,0,0,0,0,0,226000,0,0,0,280000,54000,226000,226000
056077,矽力元大97購07  ,0,0,0,0,0,0,0,0,0,226000,0,0,0,390000,164000,226000,226000
057113,祥碩群益98購01  ,0,0,0,0,0,0,0,0,0,225000,0,0,0,225000,0,225000,225000
053869,嘉澤元大96購02  ,0,0,0,0,0,0,0,0,0,225000,0,0,0,236000,11000,225000,225000
055008,隆達元富97購01  ,0,0,0,0,0,0,0,0,0,225000,0,0,0,255000,30000,225000,225000
057134,茂林凱基98購02  ,0,0,0,0,0,0,0,0,0,223000,0,0,0,223000,0,223000,223000
056696,茂林群益98購02  ,0,0,0,0,0,0,0,0,0,223000,0,0,0,329000,106000,223000,223000
048687,旺宏群益96購01  ,0,0,0,0,0,0,0,0,0,222000,0,0,0,222000,0,222000,222000
05239P,欣興永豐95售03  ,0,0,0,0,0,0,0,0,0,222000,0,0,0,222000,0,222000,222000
05199P,訊芯永豐95售02  ,0,0,0,0,0,0,0,0,0,222000,0,0,0,269000,47000,222000,222000
050869,健策永豐95購01  ,0,0,0,0,0,0,0,0,0,222000,0,0,0,250000,28000,222000,222000
055195,昇陽半元富97購02,0,0,0,0,0,0,0,0,0,222000,0,0,0,222000,0,222000,222000
05568P,台積電統一96售03,0,0,0,0,0,0,0,0,0,222000,0,0,0,222000,0,222000,222000
057563,旭富國泰9A購01  ,0,0,0,0,0,0,0,0,0,221000,0,0,0,2318000,2097000,221000,221000
056346,聯茂凱基99購02  ,0,0,0,0,0,0,0,0,0,221000,0,0,0,492000,271000,221000,221000
052597,茂林群益96購01  ,0,0,0,0,0,0,0,0,0,220000,0,0,0,242000,22000,220000,220000
056166,微星台新97購01  ,0,0,0,0,0,0,0,0,0,220000,0,0,0,224000,4000,220000,220000
057448,致茂元富98購01  ,0,0,0,0,0,0,0,0,0,219000,0,0,0,239000,20000,219000,219000
05137P,華新科凱基96售03,0,0,0,0,0,0,0,0,0,219000,0,0,0,220000,1000,219000,219000
050494,可成永昌96購01  ,0,0,0,0,0,0,0,0,0,219000,0,0,0,219000,0,219000,219000
050744,健策永豐94購04  ,0,0,0,0,0,0,0,0,0,218000,0,0,0,248000,30000,218000,218000
053695,智易元大97購02  ,0,0,0,0,0,0,0,0,0,218000,0,0,0,219000,1000,218000,218000
054702,智邦第一97購01  ,0,0,0,0,0,0,0,0,0,218000,0,0,0,218000,0,218000,218000
057112,立積群益99購01  ,0,0,0,0,0,0,0,0,0,217000,0,0,0,516000,299000,217000,217000
050374,上緯控元大95購01,0,0,0,0,0,0,0,0,0,217000,0,0,0,222000,5000,217000,217000
2393,億光            ,563000,342000,221000,0,0,0,0,0,0,-4000,60000,22000,38000,37000,79000,-42000,217000
054963,牧德元大97購02  ,0,0,0,0,0,0,0,0,0,216000,0,0,0,251000,35000,216000,216000
04953P,台積電群益94售13,0,0,0,0,0,0,0,0,0,215000,0,0,0,262000,47000,215000,215000
050049,華通群益96購01  ,0,0,0,0,0,0,0,0,0,215000,0,0,0,288000,73000,215000,215000
03875P,滬深2X國票05售01,0,0,0,0,0,0,0,0,0,215000,0,0,0,215000,0,215000,215000
054605,鴻海永豐97購01  ,0,0,0,0,0,0,0,0,0,215000,0,0,0,215000,0,215000,215000
054467,隆達凱基97購01  ,0,0,0,0,0,0,0,0,0,215000,0,0,0,215000,0,215000,215000
3034,聯詠            ,2546000,2365000,181000,0,0,0,3000,0,3000,31000,4000,31000,-27000,75000,17000,58000,215000
057027,祥碩凱基98購01  ,0,0,0,0,0,0,0,0,0,214000,0,0,0,393000,179000,214000,214000
06174P,國巨元大97售07  ,0,0,0,0,0,0,0,0,0,214000,0,0,0,224000,10000,214000,214000
057660,訊芯兆豐98購02  ,0,0,0,0,0,0,0,0,0,213000,0,0,0,213000,0,213000,213000
052566,國巨凱基96購04  ,0,0,0,0,0,0,0,0,0,213000,0,0,0,303000,90000,213000,213000
054684,裕隆永豐97購01  ,0,0,0,0,0,0,0,0,0,213000,0,0,0,372000,159000,213000,213000
055219,啟碁凱基98購01  ,0,0,0,0,0,0,0,0,0,213000,0,0,0,213000,0,213000,213000
057827,康友元大98購03  ,0,0,0,0,0,0,0,0,0,212000,0,0,0,337000,125000,212000,212000
05257P,欣興凱基95售04  ,0,0,0,0,0,0,0,0,0,212000,0,0,0,308000,96000,212000,212000
051830,健策元大97購01  ,0,0,0,0,0,0,0,0,0,212000,0,0,0,374000,162000,212000,212000
048247,聯發科兆豐93購03,0,0,0,0,0,0,0,0,0,211000,0,0,0,211000,0,211000,211000
050214,嘉晶台新94購01  ,0,0,0,0,0,0,0,0,0,211000,0,0,0,211000,0,211000,211000
051668,智邦元大95購02  ,0,0,0,0,0,0,0,0,0,211000,0,0,0,340000,129000,211000,211000
053986,矽創第一96購01  ,0,0,0,0,0,0,0,0,0,211000,0,0,0,217000,6000,211000,211000
054770,健策國票98購01  ,0,0,0,0,0,0,0,0,0,211000,0,0,0,775000,564000,211000,211000
057813,京元電元大98購03,0,0,0,0,0,0,0,0,0,210000,0,0,0,230000,20000,210000,210000
050205,牧德群益94購02  ,0,0,0,0,0,0,0,0,0,210000,0,0,0,251000,41000,210000,210000
047736,聯發科台新94購01,0,0,0,0,0,0,0,0,0,210000,0,0,0,210000,0,210000,210000
051611,鈺齊群益95購02  ,0,0,0,0,0,0,0,0,0,210000,0,0,0,210000,0,210000,210000
055388,華通統一97購03  ,0,0,0,0,0,0,0,0,0,210000,0,0,0,210000,0,210000,210000
051096,日月光元大95購01,0,0,0,0,0,0,0,0,0,210000,0,0,0,210000,0,210000,210000
055017,緯穎元富97購01  ,0,0,0,0,0,0,0,0,0,210000,0,0,0,210000,0,210000,210000
056139,貿聯元大97購04  ,0,0,0,0,0,0,0,0,0,210000,0,0,0,210000,0,210000,210000
056078,勤誠元大97購01  ,0,0,0,0,0,0,0,0,0,210000,0,0,0,210000,0,210000,210000
3037,欣興            ,4245070,4991760,-746690,0,0,0,1092000,0,1092000,-136000,191000,237000,-46000,78000,168000,-90000,209310
051439,川湖元大95購01  ,0,0,0,0,0,0,0,0,0,209000,0,0,0,209000,0,209000,209000
05712P,友達統一97售03  ,0,0,0,0,0,0,0,0,0,208000,0,0,0,224000,16000,208000,208000
056606,華新科富邦9A購02,0,0,0,0,0,0,0,0,0,208000,0,0,0,274000,66000,208000,208000
05823P,臺股指凱基96售20,0,0,0,0,0,0,0,0,0,208000,0,0,0,218000,10000,208000,208000
050243,華新科凱基94購10,0,0,0,0,0,0,0,0,0,208000,0,0,0,268000,60000,208000,208000
050959,元金2X永豐95購02,0,0,0,0,0,0,0,0,0,208000,0,0,0,370000,162000,208000,208000
6112,聚碩            ,239000,124000,115000,0,0,0,0,0,0,93000,100000,7000,93000,0,0,0,208000
055670,矽創群益98購02  ,0,0,0,0,0,0,0,0,0,207000,0,0,0,514000,307000,207000,207000
054791,泰碩群益99購02  ,0,0,0,0,0,0,0,0,0,207000,0,0,0,392000,185000,207000,207000
057258,中環兆豐98購01  ,0,0,0,0,0,0,0,0,0,206000,0,0,0,206000,0,206000,206000
051020,健策凱基96購02  ,0,0,0,0,0,0,0,0,0,206000,0,0,0,227000,21000,206000,206000
052851,滬深2X元富96購02,0,0,0,0,0,0,0,0,0,206000,0,0,0,289000,83000,206000,206000
055269,和大元大97購02  ,0,0,0,0,0,0,0,0,0,206000,0,0,0,300000,94000,206000,206000
057253,高股息中信99購02,0,0,0,0,0,0,0,0,0,205000,0,0,0,210000,5000,205000,205000
057517,矽創元富98購02  ,0,0,0,0,0,0,0,0,0,205000,0,0,0,278000,73000,205000,205000
05767P,國巨凱基96售11  ,0,0,0,0,0,0,0,0,0,205000,0,0,0,205000,0,205000,205000
043599,宏達電元大93購03,0,0,0,0,0,0,0,0,0,205000,0,0,0,205000,0,205000,205000
052285,康控凱基95購02  ,0,0,0,0,0,0,0,0,0,205000,0,0,0,205000,0,205000,205000
051704,智邦群益95購02  ,0,0,0,0,0,0,0,0,0,205000,0,0,0,257000,52000,205000,205000
054525,奇鋐元富96購01  ,0,0,0,0,0,0,0,0,0,205000,0,0,0,205000,0,205000,205000
053319,可成群益96購04  ,0,0,0,0,0,0,0,0,0,204000,0,0,0,204000,0,204000,204000
051202,智邦麥證95購01  ,0,0,0,204000,0,204000,0,0,0,204000,0,0,0,204000,0,204000,204000
048653,巨大元大96購02  ,0,0,0,0,0,0,0,0,0,204000,0,0,0,250000,46000,204000,204000
049017,旺宏群益96購03  ,0,0,0,0,0,0,0,0,0,204000,0,0,0,250000,46000,204000,204000
051990,泰碩元大95購01  ,0,0,0,0,0,0,0,0,0,204000,0,0,0,300000,96000,204000,204000
056423,奇鋐統一98購01  ,0,0,0,0,0,0,0,0,0,204000,0,0,0,360000,156000,204000,204000
050441,和碩凱基94購01  ,0,0,0,0,0,0,0,0,0,203000,0,0,0,301000,98000,203000,203000
06622P,牧德元大98售01  ,0,0,0,0,0,0,0,0,0,203000,0,0,0,280000,77000,203000,203000
057578,可成中信99購01  ,0,0,0,0,0,0,0,0,0,202000,0,0,0,207000,5000,202000,202000
04207P,臺股指元大93售47,0,0,0,0,0,0,0,0,0,202000,0,0,0,202000,0,202000,202000
051013,旺宏凱基95購03  ,0,0,0,0,0,0,0,0,0,202000,0,0,0,202000,0,202000,202000
055683,晶技凱基99購01  ,0,0,0,0,0,0,0,0,0,202000,0,0,0,236000,34000,202000,202000
055739,健鼎元富97購01  ,0,0,0,0,0,0,0,0,0,202000,0,0,0,212000,10000,202000,202000
06878P,台灣50日盛9B售01,0,0,0,0,0,0,0,0,0,202000,0,0,0,203000,1000,202000,202000
06042P,華新科永豐96售04,0,0,0,0,0,0,0,0,0,201000,0,0,0,413000,212000,201000,201000
054383,傳奇群益97購01  ,0,0,0,0,0,0,0,0,0,201000,0,0,0,201000,0,201000,201000
05317P,臺股指永昌95售02,0,0,0,0,0,0,0,0,0,201000,324000,0,324000,87000,210000,-123000,201000
053424,欣興永豐96購02  ,0,0,0,0,0,0,0,0,0,201000,0,0,0,234000,33000,201000,201000
05853P,欣興群益96售05  ,0,0,0,0,0,0,0,0,0,200000,0,0,0,206000,6000,200000,200000
058005,茂林群益98購04  ,0,0,0,0,0,0,0,0,0,200000,0,0,0,212000,12000,200000,200000
057168,旺宏元大99購03  ,0,0,0,0,0,0,0,0,0,200000,0,0,0,200000,0,200000,200000
044735,光磊國泰93購01  ,0,0,0,0,0,0,0,0,0,200000,0,0,0,200000,0,200000,200000
046208,滬深2X元富95購03,0,0,0,0,0,0,0,0,0,200000,0,0,0,200000,0,200000,200000
04810P,亞德客元大94售01,0,0,0,0,0,0,0,0,0,200000,0,0,0,200000,0,200000,200000
047248,奇鋐群益95購01  ,0,0,0,0,0,0,0,0,0,200000,0,0,0,200000,0,200000,200000
045660,欣興富邦93購03  ,0,0,0,0,0,0,0,0,0,200000,0,0,0,200000,0,200000,200000
048865,世紀鋼群益94購01,0,0,0,0,0,0,0,0,0,200000,0,0,0,200000,0,200000,200000
04889P,華通元大94售03  ,0,0,0,0,0,0,0,0,0,200000,0,0,0,200000,0,200000,200000
04945P,鴻海永豐94售06  ,0,0,0,0,0,0,0,0,0,200000,0,0,0,200000,0,200000,200000
050035,聯茂元大94購07  ,0,0,0,0,0,0,0,0,0,200000,0,0,0,200000,0,200000,200000
053131,華通國票97購03  ,0,0,0,0,0,0,0,0,0,200000,0,0,0,200000,0,200000,200000
053308,智易凱基96購02  ,0,0,0,0,0,0,0,0,0,200000,0,0,0,200000,0,200000,200000
050271,上緯控元大96購01,0,0,0,0,0,0,0,0,0,200000,0,0,0,200000,0,200000,200000
052448,新光金元大96購03,0,0,0,0,0,0,0,0,0,200000,0,0,0,200000,0,200000,200000
050529,矽格元大94購05  ,0,0,0,0,0,0,0,0,0,200000,0,0,0,200000,0,200000,200000
051795,T50反1台新05購02,0,0,0,0,0,0,0,0,0,200000,0,0,0,1348000,1148000,200000,200000
051751,聯茂富邦95購01  ,0,0,0,0,0,0,0,0,0,200000,0,0,0,200000,0,200000,200000
053710,華通凱基96購05  ,0,0,0,0,0,0,0,0,0,200000,0,0,0,200000,0,200000,200000
055860,啟碁元大97購04  ,0,0,0,0,0,0,0,0,0,200000,0,0,0,200000,0,200000,200000
056467,上証2X元大98購02,0,0,0,0,0,0,0,0,0,200000,0,0,0,397000,197000,200000,200000
056066,奇鋐元大98購02  ,0,0,0,0,0,0,0,0,0,200000,0,0,0,200000,0,200000,200000
053839,華通統一96購01  ,0,0,0,0,0,0,0,0,0,200000,0,0,0,200000,0,200000,200000
053904,漢唐凱基97購01  ,0,0,0,0,0,0,0,0,0,200000,0,0,0,200000,0,200000,200000
054614,玉晶光永豐97購03,0,0,0,0,0,0,0,0,0,200000,0,0,0,257000,57000,200000,200000
056553,啟碁凱基98購02  ,0,0,0,0,0,0,0,0,0,200000,0,0,0,268000,68000,200000,200000
1710,東聯            ,395000,126000,269000,0,0,0,0,0,0,-69000,0,69000,-69000,0,0,0,200000
058225,旺宏元富99購01  ,0,0,0,0,0,0,0,0,0,199000,0,0,0,199000,0,199000,199000
050128,旺宏凱基94購04  ,0,0,0,0,0,0,0,0,0,199000,0,0,0,200000,1000,199000,199000
048493,微星元大93購04  ,0,0,0,0,0,0,0,0,0,199000,0,0,0,199000,0,199000,199000
053917,友達國票97購03  ,0,0,0,0,0,0,0,0,0,199000,0,0,0,199000,0,199000,199000
055980,祥碩統一98購01  ,0,0,0,0,0,0,0,0,0,199000,0,0,0,300000,101000,199000,199000
053787,健策元大97購02  ,0,0,0,0,0,0,0,0,0,199000,0,0,0,384000,185000,199000,199000
057764,台表科凱基9A購01,0,0,0,0,0,0,0,0,0,198000,0,0,0,203000,5000,198000,198000
055804,祥碩永豐97購02  ,0,0,0,0,0,0,0,0,0,198000,0,0,0,198000,0,198000,198000
06726P,欣興元富98售04  ,0,0,0,0,0,0,0,0,0,198000,0,0,0,298000,100000,198000,198000
06108P,奇力新群益97售05,0,0,0,0,0,0,0,0,0,197000,0,0,0,197000,0,197000,197000
050119,瀚宇博元大95購03,0,0,0,0,0,0,0,0,0,197000,0,0,0,198000,1000,197000,197000
054126,和大元大96購02  ,0,0,0,0,0,0,0,0,0,197000,0,0,0,297000,100000,197000,197000
05180P,玉晶光凱基95售04,0,0,0,0,0,0,0,0,0,197000,0,0,0,252000,55000,197000,197000
056052,T50反1元大97購06,0,0,0,0,0,0,0,0,0,197000,0,0,0,207000,10000,197000,197000
056555,矽創凱基98購01  ,0,0,0,0,0,0,0,0,0,197000,0,0,0,299000,102000,197000,197000
055209,勤誠康和97購01  ,0,0,0,0,0,0,0,0,0,197000,0,0,0,424000,227000,197000,197000
056637,台光電日盛9A購01,0,0,0,0,0,0,0,0,0,196000,0,0,0,469000,273000,196000,196000
048905,旺宏富邦96購01  ,0,0,0,0,0,0,0,0,0,196000,0,0,0,404000,208000,196000,196000
046629,群創統一98購01  ,0,0,0,0,0,0,0,0,0,195000,0,0,0,240000,45000,195000,195000
050923,南亞科凱基95購03,0,0,0,0,0,0,0,0,0,195000,0,0,0,242000,47000,195000,195000
052156,滬深2X永豐95購03,0,0,0,0,0,0,0,0,0,195000,0,0,0,225000,30000,195000,195000
052849,可成統一97購01  ,0,0,0,0,0,0,0,0,0,194000,0,0,0,264000,70000,194000,194000
051621,欣興凱基95購02  ,0,0,0,0,0,0,0,0,0,194000,0,0,0,194000,0,194000,194000
056560,旺宏群益98購03  ,0,0,0,0,0,0,0,0,0,194000,0,0,0,252000,58000,194000,194000
056476,智原元大98購02  ,0,0,0,0,0,0,0,0,0,194000,0,0,0,213000,19000,194000,194000
055905,可成兆豐97購03  ,0,0,0,0,0,0,0,0,0,194000,0,0,0,233000,39000,194000,194000
055924,深中小群益9B購01,0,0,0,0,0,0,0,0,0,193000,0,0,0,1311000,1118000,193000,193000
05528P,臺股指群益96售01,0,0,0,0,0,0,0,0,0,193000,0,0,0,193000,0,193000,193000
048655,A50正2元富96購01,0,0,0,0,0,0,0,0,0,192000,0,0,0,202000,10000,192000,192000
052833,康控群益96購01  ,0,0,0,0,0,0,0,0,0,192000,0,0,0,227000,35000,192000,192000
050477,矽力永豐94購01  ,0,0,0,0,0,0,0,0,0,192000,0,0,0,262000,70000,192000,192000
052327,聯詠中信95購03  ,0,0,0,0,0,0,0,0,0,192000,0,0,0,300000,108000,192000,192000
055509,訊芯元大97購03  ,0,0,0,0,0,0,0,0,0,192000,0,0,0,192000,0,192000,192000
06938P,南電元大98售03  ,0,0,0,0,0,0,0,0,0,192000,0,0,0,192000,0,192000,192000
056777,矽力元大98購02  ,0,0,0,0,0,0,0,0,0,191000,0,0,0,231000,40000,191000,191000
057513,智邦台新98購01  ,0,0,0,0,0,0,0,0,0,191000,0,0,0,226000,35000,191000,191000
054226,燿華元富96購02  ,0,0,0,0,0,0,0,0,0,191000,0,0,0,201000,10000,191000,191000
06921P,台光電凱基98售06,0,0,0,0,0,0,0,0,0,191000,0,0,0,191000,0,191000,191000
06487P,聯發科統一99售02,0,0,0,0,0,0,0,0,0,190000,0,0,0,190000,0,190000,190000
057891,華新科統一9A購01,0,0,0,0,0,0,0,0,0,190000,0,0,0,308000,118000,190000,190000
052058,臺股指凱基95購16,0,0,0,0,0,0,0,0,0,190000,0,0,0,211000,21000,190000,190000
048571,美利達元大96購03,0,0,0,0,0,0,0,0,0,190000,0,0,0,200000,10000,190000,190000
047196,上銀統一97購01  ,0,0,0,0,0,0,0,0,0,190000,0,0,0,202000,12000,190000,190000
054141,TPK元大96購02   ,0,0,0,0,0,0,0,0,0,190000,0,0,0,190000,0,190000,190000
056286,奇鋐永豐97購01  ,0,0,0,0,0,0,0,0,0,190000,0,0,0,200000,10000,190000,190000
05628P,茂林國票97售02  ,0,0,0,0,0,0,0,0,0,190000,0,0,0,200000,10000,190000,190000
06470P,臺股指凱基99售10,0,0,0,0,0,0,0,0,0,189000,0,0,0,199000,10000,189000,189000
057558,致新凱基98購01  ,0,0,0,0,0,0,0,0,0,189000,0,0,0,334000,145000,189000,189000
046934,智邦元富96購01  ,0,0,0,0,0,0,0,0,0,189000,0,0,0,190000,1000,189000,189000
056236,台積電群益97購06,0,0,0,0,0,0,0,0,0,189000,0,0,0,529000,340000,189000,189000
06454P,緯穎元大98售04  ,0,0,0,0,0,0,0,0,0,188000,0,0,0,316000,128000,188000,188000
055988,矽力元富97購01  ,0,0,0,0,0,0,0,0,0,188000,0,0,0,226000,38000,188000,188000
06791P,聯發科凱基98售16,0,0,0,0,0,0,0,0,0,188000,0,0,0,208000,20000,188000,188000
056857,國巨群益99購02  ,0,0,0,0,0,0,0,0,0,187000,0,0,0,187000,0,187000,187000
051601,群創兆豐95購02  ,0,0,0,0,0,0,0,0,0,187000,0,0,0,200000,13000,187000,187000
05650P,台積電富邦96售01,0,0,0,0,0,0,0,0,0,187000,0,0,0,187000,0,187000,187000
054800,訊芯群益99購01  ,0,0,0,0,0,0,0,0,0,187000,0,0,0,218000,31000,187000,187000
048572,美利達元大96購04,0,0,0,0,0,0,0,0,0,186000,0,0,0,186000,0,186000,186000
053070,訊芯群益96購01  ,0,0,0,0,0,0,0,0,0,185000,0,0,0,224000,39000,185000,185000
056576,晶技元大99購02  ,0,0,0,0,0,0,0,0,0,185000,0,0,0,268000,83000,185000,185000
056075,瀚宇博元大97購03,0,0,0,0,0,0,0,0,0,185000,0,0,0,310000,125000,185000,185000
03428P,台積電元大02售28,0,0,0,0,0,0,0,0,0,184000,0,0,0,415000,231000,184000,184000
056074,茂林元大97購04  ,0,0,0,0,0,0,0,0,0,184000,0,0,0,341000,157000,184000,184000
056184,南亞科統一97購03,0,0,0,0,0,0,0,0,0,184000,0,0,0,184000,0,184000,184000
055120,南港兆豐97購01  ,0,0,0,0,0,0,0,0,0,184000,0,0,0,190000,6000,184000,184000
054637,智邦中信98購01  ,0,0,0,0,0,0,0,0,0,184000,0,0,0,204000,20000,184000,184000
054552,聯發科凱基98購03,0,0,0,0,0,0,0,0,0,184000,0,0,0,194000,10000,184000,184000
1440,南紡            ,372000,172000,200000,0,0,0,0,0,0,-16000,0,16000,-16000,0,0,0,184000
049799,旺宏元大96購01  ,0,0,0,0,0,0,0,0,0,183000,0,0,0,288000,105000,183000,183000
052134,智邦凱基95購09  ,0,0,0,0,0,0,0,0,0,183000,0,0,0,292000,109000,183000,183000
055838,致茂元大97購03  ,0,0,0,0,0,0,0,0,0,183000,0,0,0,183000,0,183000,183000
3094,聯傑            ,201000,20000,181000,0,0,0,0,0,0,2000,3000,1000,2000,0,0,0,183000
05790P,臺股指永昌96售07,0,0,0,0,0,0,0,0,0,182000,312000,0,312000,0,130000,-130000,182000
049889,欣興國泰96購01  ,0,0,0,0,0,0,0,0,0,182000,0,0,0,358000,176000,182000,182000
055311,健策群益98購02  ,0,0,0,0,0,0,0,0,0,182000,0,0,0,186000,4000,182000,182000
057505,健策麥證98購01  ,0,0,0,191000,10000,181000,0,0,0,181000,0,0,0,191000,10000,181000,181000
045618,元油2X永豐98購01,0,0,0,0,0,0,0,0,0,181000,0,0,0,254000,73000,181000,181000
053973,晶豪科元大96購01,0,0,0,0,0,0,0,0,0,181000,0,0,0,231000,50000,181000,181000
055280,智邦元大97購01  ,0,0,0,0,0,0,0,0,0,181000,0,0,0,215000,34000,181000,181000
055689,台郡凱基99購01  ,0,0,0,0,0,0,0,0,0,181000,0,0,0,226000,45000,181000,181000
057244,鈺齊凱基99購01  ,0,0,0,0,0,0,0,0,0,180000,0,0,0,181000,1000,180000,180000
052444,友訊元大95購01  ,0,0,0,0,0,0,0,0,0,180000,0,0,0,180000,0,180000,180000
055676,亞德客凱基97購03,0,0,0,0,0,0,0,0,0,180000,0,0,0,236000,56000,180000,180000
05748P,臺股指群益99售02,0,0,0,0,0,0,0,0,0,179000,0,0,0,429000,250000,179000,179000
05807P,泰鼎永豐96售03  ,0,0,0,0,0,0,0,0,0,179000,0,0,0,200000,21000,179000,179000
049233,聯發科統一94購04,0,0,0,0,0,0,0,0,0,179000,0,0,0,197000,18000,179000,179000
057502,訊芯群益98購02  ,0,0,0,0,0,0,0,0,0,178000,0,0,0,199000,21000,178000,178000
048506,華通群益94購03  ,0,0,0,0,0,0,0,0,0,178000,0,0,0,266000,88000,178000,178000
052737,滬深2X元大96購06,0,0,0,0,0,0,0,0,0,178000,0,0,0,220000,42000,178000,178000
054188,欣興永豐96購03  ,0,0,0,0,0,0,0,0,0,178000,0,0,0,201000,23000,178000,178000
055394,健策統一97購01  ,0,0,0,0,0,0,0,0,0,178000,0,0,0,206000,28000,178000,178000
052091,緯創元大95購04  ,0,0,0,0,0,0,0,0,0,177000,0,0,0,406000,229000,177000,177000
05490P,鴻海元大95售23  ,0,0,0,0,0,0,0,0,0,177000,0,0,0,187000,10000,177000,177000
054412,智邦元大96購03  ,0,0,0,0,0,0,0,0,0,177000,0,0,0,260000,83000,177000,177000
055455,健策國泰98購02  ,0,0,0,0,0,0,0,0,0,177000,0,0,0,177000,0,177000,177000
057882,華通群益9A購03  ,0,0,0,0,0,0,0,0,0,176000,0,0,0,255000,79000,176000,176000
048130,美利達元大96購01,0,0,0,0,0,0,0,0,0,176000,0,0,0,176000,0,176000,176000
053799,矽創中信9A購01  ,0,0,0,0,0,0,0,0,0,176000,0,0,0,270000,94000,176000,176000
057026,長榮航凱基98購01,0,0,0,0,0,0,0,0,0,175000,0,0,0,242000,67000,175000,175000
03428B,臺股指凱基97熊18,0,0,0,0,0,0,0,0,0,175000,0,0,0,175000,0,175000,175000
052765,新日興群益97購01,0,0,0,0,0,0,0,0,0,175000,0,0,0,257000,82000,175000,175000
053402,A50正2群益9A購02,0,0,0,0,0,0,0,0,0,175000,0,0,0,175000,0,175000,175000
051700,深中小群益99購04,0,0,0,0,0,0,0,0,0,175000,0,0,0,200000,25000,175000,175000
054668,傳奇元富97購03  ,0,0,0,0,0,0,0,0,0,174000,0,0,0,202000,28000,174000,174000
1473,台南            ,286000,109000,177000,0,0,0,0,0,0,-3000,1000,4000,-3000,0,0,0,174000
06623P,立積元大98售04  ,0,0,0,0,0,0,0,0,0,174000,0,0,0,270000,96000,174000,174000
052020,聯茂永豐95購02  ,0,0,0,0,0,0,0,0,0,173000,0,0,0,253000,80000,173000,173000
052619,茂林國泰99購01  ,0,0,0,0,0,0,0,0,0,173000,0,0,0,268000,95000,173000,173000
052434,茂林國泰97購01  ,0,0,0,0,0,0,0,0,0,173000,0,0,0,210000,37000,173000,173000
05625P,國巨國票97售01  ,0,0,0,0,0,0,0,0,0,173000,0,0,0,213000,40000,173000,173000
056971,麗豐永豐98購01  ,0,0,0,0,0,0,0,0,0,172000,0,0,0,172000,0,172000,172000
044645,元金2X群益93購01,0,0,0,0,0,0,0,0,0,172000,0,0,0,172000,0,172000,172000
055307,瑞昱群益97購02  ,0,0,0,0,0,0,0,0,0,172000,0,0,0,259000,87000,172000,172000
03638C,T50反1元大94牛03,0,0,0,0,0,0,0,0,0,171000,0,0,0,371000,200000,171000,171000
052022,南電永豐95購03  ,0,0,0,0,0,0,0,0,0,171000,0,0,0,201000,30000,171000,171000
053168,晶技群益98購01  ,0,0,0,0,0,0,0,0,0,171000,0,0,0,333000,162000,171000,171000
053516,茂林群益96購05  ,0,0,0,0,0,0,0,0,0,171000,0,0,0,276000,105000,171000,171000
053562,玉晶光國泰98購02,0,0,0,0,0,0,0,0,0,171000,0,0,0,297000,126000,171000,171000
6452,康友-KY         ,144000,50410,93590,0,0,0,0,0,0,77000,10000,11000,-1000,115000,37000,78000,170590
047027,新光金元大95購01,0,0,0,0,0,0,0,0,0,170000,0,0,0,170000,0,170000,170000
047206,元金2X國泰94購01,0,0,0,0,0,0,0,0,0,170000,0,0,0,170000,0,170000,170000
05262P,台積電元大95售19,0,0,0,0,0,0,0,0,0,170000,0,0,0,170000,0,170000,170000
051228,聯發科群益95購03,0,0,0,0,0,0,0,0,0,170000,0,0,0,170000,0,170000,170000
052680,T50反1元大96購04,0,0,0,0,0,0,0,0,0,170000,0,0,0,170000,0,170000,170000
051097,嘉聯益元大96購02,0,0,0,0,0,0,0,0,0,170000,0,0,0,170000,0,170000,170000
051098,矽格元大95購01  ,0,0,0,0,0,0,0,0,0,170000,0,0,0,176000,6000,170000,170000
056289,合勤控永豐97購01,0,0,0,0,0,0,0,0,0,170000,0,0,0,170000,0,170000,170000
054288,華邦電元大96購05,0,0,0,0,0,0,0,0,0,170000,0,0,0,242000,72000,170000,170000
057721,華擎元富98購02  ,0,0,0,0,0,0,0,0,0,169000,0,0,0,340000,171000,169000,169000
06386P,欣興永豐97售03  ,0,0,0,0,0,0,0,0,0,169000,0,0,0,169000,0,169000,169000
046624,彩晶凱基94購02  ,0,0,0,0,0,0,0,0,0,169000,0,0,0,169000,0,169000,169000
051953,矽力元富95購03  ,0,0,0,0,0,0,0,0,0,169000,0,0,0,423000,254000,169000,169000
05288P,寶成元富95售02  ,0,0,0,0,0,0,0,0,0,169000,0,0,0,220000,51000,169000,169000
05895P,奇力新群益96售03,0,0,0,0,0,0,0,0,0,168000,0,0,0,180000,12000,168000,168000
057240,茂林凱基9A購01  ,0,0,0,0,0,0,0,0,0,168000,0,0,0,218000,50000,168000,168000
057117,開發金日盛9B購01,0,0,0,0,0,0,0,0,0,168000,0,0,0,168000,0,168000,168000
052271,力成日盛95購02  ,0,0,0,0,0,0,0,0,0,168000,0,0,0,168000,0,168000,168000
048561,可成元大93購13  ,0,0,0,0,0,0,0,0,0,168000,0,0,0,168000,0,168000,168000
051252,健鼎元大95購01  ,0,0,0,0,0,0,0,0,0,168000,0,0,0,181000,13000,168000,168000
057224,和碩日盛9A購01  ,0,0,0,0,0,0,0,0,0,167000,0,0,0,257000,90000,167000,167000
058270,上緯控永豐99購01,0,0,0,0,0,0,0,0,0,167000,0,0,0,167000,0,167000,167000
048777,瀚宇博凱基94購02,0,0,0,0,0,0,0,0,0,167000,0,0,0,257000,90000,167000,167000
047763,旺宏元大94購04  ,0,0,0,0,0,0,0,0,0,167000,0,0,0,167000,0,167000,167000
055468,智邦凱基97購04  ,0,0,0,0,0,0,0,0,0,167000,0,0,0,175000,8000,167000,167000
06199P,聯發科元大97售17,0,0,0,0,0,0,0,0,0,166000,0,0,0,258000,92000,166000,166000
054333,茂林永豐96購03  ,0,0,0,0,0,0,0,0,0,166000,0,0,0,234000,68000,166000,166000
054629,華新科凱基98購01,0,0,0,0,0,0,0,0,0,166000,0,0,0,346000,180000,166000,166000
06604P,聯發科元富02售02,0,0,0,0,0,0,0,0,0,166000,0,0,0,300000,134000,166000,166000
06153P,健策元大97售04  ,0,0,0,0,0,0,0,0,0,165000,0,0,0,235000,70000,165000,165000
057499,奇鋐群益98購01  ,0,0,0,0,0,0,0,0,0,165000,0,0,0,195000,30000,165000,165000
05083P,麗豐永豐95售02  ,0,0,0,0,0,0,0,0,0,165000,0,0,0,166000,1000,165000,165000
053022,欣興國泰98購01  ,0,0,0,0,0,0,0,0,0,165000,0,0,0,192000,27000,165000,165000
052598,滬深2X元大96購05,0,0,0,0,0,0,0,0,0,165000,0,0,0,192000,27000,165000,165000
054507,鈺齊永豐96購01  ,0,0,0,0,0,0,0,0,0,165000,0,0,0,165000,0,165000,165000
06382P,大毅元富97售02  ,10000,0,10000,0,0,0,0,0,0,154000,0,0,0,272000,118000,154000,164000
03420B,臺股指元大95熊31,0,0,0,0,0,0,0,0,0,164000,0,0,0,167000,3000,164000,164000
04289P,臺股指中信95售07,0,0,0,0,0,0,0,0,0,164000,0,0,0,1025000,861000,164000,164000
049042,玉晶光兆豐95購01,0,0,0,0,0,0,0,0,0,164000,0,0,0,168000,4000,164000,164000
050801,元金2X群益98購01,0,0,0,0,0,0,0,0,0,164000,0,0,0,164000,0,164000,164000
055164,矽創元大98購01  ,0,0,0,0,0,0,0,0,0,164000,0,0,0,592000,428000,164000,164000
057407,超眾群益99購01  ,0,0,0,0,0,0,0,0,0,163000,0,0,0,163000,0,163000,163000
051971,元金2X凱基97購02,0,0,0,0,0,0,0,0,0,163000,0,0,0,320000,157000,163000,163000
052796,和碩兆豐96購01  ,0,0,0,0,0,0,0,0,0,163000,0,0,0,163000,0,163000,163000
050480,健策國票95購04  ,0,0,0,0,0,0,0,0,0,163000,0,0,0,163000,0,163000,163000
3705,永信            ,251000,76250,174750,0,0,0,0,0,0,-12000,0,12000,-12000,0,0,0,162750
06238P,台積電元大98售07,0,0,0,0,0,0,0,0,0,162000,0,0,0,372000,210000,162000,162000
06428P,國巨元大97售17  ,0,0,0,0,0,0,0,0,0,162000,0,0,0,177000,15000,162000,162000
057936,健策群益99購01  ,0,0,0,0,0,0,0,0,0,162000,0,0,0,222000,60000,162000,162000
053395,致茂中信96購01  ,0,0,0,0,0,0,0,0,0,162000,0,0,0,162000,0,162000,162000
056328,訊芯兆豐98購01  ,0,0,0,0,0,0,0,0,0,162000,0,0,0,162000,0,162000,162000
057097,致新元富98購01  ,0,0,0,0,0,0,0,0,0,161000,0,0,0,249000,88000,161000,161000
056926,日月光兆豐98購01,0,0,0,0,0,0,0,0,0,161000,0,0,0,161000,0,161000,161000
050823,信邦凱基95購01  ,0,0,0,0,0,0,0,0,0,161000,0,0,0,447000,286000,161000,161000
054667,神基元富97購01  ,0,0,0,0,0,0,0,0,0,161000,0,0,0,331000,170000,161000,161000
053357,可成統一96購02  ,0,0,0,0,0,0,0,0,0,160000,0,0,0,783000,623000,160000,160000
050223,聯茂元富94購02  ,0,0,0,0,0,0,0,0,0,160000,0,0,0,160000,0,160000,160000
042912,凌陽元大94購01  ,0,0,0,0,0,0,0,0,0,160000,0,0,0,160000,0,160000,160000
05305P,華新科國泰97售01,0,0,0,0,0,0,0,0,0,160000,0,0,0,160000,0,160000,160000
055579,健策統一9A購01  ,0,0,0,0,0,0,0,0,0,160000,0,0,0,304000,144000,160000,160000
056307,貿聯元大97購05  ,0,0,0,0,0,0,0,0,0,160000,0,0,0,160000,0,160000,160000
06635P,聯發科凱基98售15,0,0,0,0,0,0,0,0,0,160000,0,0,0,195000,35000,160000,160000
054560,全新群益98購03  ,0,0,0,0,0,0,0,0,0,159000,0,0,0,184000,25000,159000,159000
052858,華通凱基97購02  ,0,0,0,0,0,0,0,0,0,158000,0,0,0,161000,3000,158000,158000
053030,南亞科第一96購01,0,0,0,0,0,0,0,0,0,158000,0,0,0,158000,0,158000,158000
051623,和碩凱基96購02  ,0,0,0,0,0,0,0,0,0,158000,0,0,0,286000,128000,158000,158000
052194,旺宏元富95購04  ,0,0,0,0,0,0,0,0,0,158000,0,0,0,158000,0,158000,158000
054081,聯電元富96購01  ,0,0,0,0,0,0,0,0,0,158000,0,0,0,168000,10000,158000,158000
053997,健策群益97購02  ,0,0,0,0,0,0,0,0,0,158000,0,0,0,263000,105000,158000,158000
054768,泰碩國票99購02  ,0,0,0,0,0,0,0,0,0,158000,0,0,0,177000,19000,158000,158000
06725P,聯電元富98售01  ,0,0,0,0,0,0,0,0,0,158000,0,0,0,163000,5000,158000,158000
056933,國巨元富98購03  ,0,0,0,0,0,0,0,0,0,157000,0,0,0,163000,6000,157000,157000
057327,玉晶光群益9A購04,0,0,0,0,0,0,0,0,0,157000,0,0,0,160000,3000,157000,157000
05943P,欣興凱基96售03  ,0,0,0,0,0,0,0,0,0,157000,0,0,0,252000,95000,157000,157000
047926,可成凱基94購02  ,0,0,0,0,0,0,0,0,0,157000,0,0,0,157000,0,157000,157000
051829,玉晶光元大98購02,0,0,0,0,0,0,0,0,0,157000,0,0,0,167000,10000,157000,157000
052968,燿華群益98購01  ,0,0,0,0,0,0,0,0,0,157000,0,0,0,245000,88000,157000,157000
055104,台達電凱基98購01,0,0,0,0,0,0,0,0,0,157000,0,0,0,209000,52000,157000,157000
056318,鴻海群益98購02  ,0,0,0,0,0,0,0,0,0,157000,0,0,0,157000,0,157000,157000
056359,旺宏元大9A購01  ,0,0,0,0,0,0,0,0,0,157000,0,0,0,160000,3000,157000,157000
058186,聯發科永豐99購01,0,0,0,0,0,0,0,0,0,156000,0,0,0,255000,99000,156000,156000
052075,旺宏元富95購03  ,0,0,0,0,0,0,0,0,0,156000,0,0,0,156000,0,156000,156000
051385,矽創群益95購01  ,0,0,0,0,0,0,0,0,0,156000,0,0,0,307000,151000,156000,156000
052184,台光電群益95購03,0,0,0,0,0,0,0,0,0,156000,0,0,0,239000,83000,156000,156000
053445,可成凱基96購04  ,0,0,0,0,0,0,0,0,0,156000,0,0,0,156000,0,156000,156000
054888,泰碩統一97購01  ,0,0,0,0,0,0,0,0,0,156000,0,0,0,371000,215000,156000,156000
3669,圓展            ,350000,195000,155000,0,0,0,0,0,0,1000,1000,0,1000,0,0,0,156000
058055,華擎統一9A購01  ,0,0,0,0,0,0,0,0,0,155000,0,0,0,223000,68000,155000,155000
057700,新日興群益9A購01,0,0,0,0,0,0,0,0,0,155000,0,0,0,169000,14000,155000,155000
057747,致新永豐98購01  ,0,0,0,0,0,0,0,0,0,155000,0,0,0,209000,54000,155000,155000
056945,鴻海統一98購12  ,0,0,0,0,0,0,0,0,0,155000,0,0,0,171000,16000,155000,155000
049478,祥碩永豐94購02  ,0,0,0,0,0,0,0,0,0,155000,0,0,0,155000,0,155000,155000
051750,華通富邦96購01  ,0,0,0,0,0,0,0,0,0,155000,0,0,0,155000,0,155000,155000
051568,智邦富邦95購01  ,0,0,0,0,0,0,0,0,0,155000,0,0,0,155000,0,155000,155000
052746,泰碩元大97購01  ,0,0,0,0,0,0,0,0,0,155000,0,0,0,210000,55000,155000,155000
052795,健策兆豐97購01  ,0,0,0,0,0,0,0,0,0,155000,0,0,0,155000,0,155000,155000
053281,茂林元大96購02  ,0,0,0,0,0,0,0,0,0,155000,0,0,0,203000,48000,155000,155000
054603,智易台新98購01  ,0,0,0,0,0,0,0,0,0,155000,0,0,0,155000,0,155000,155000
055129,鈺齊兆豐97購01  ,0,0,0,0,0,0,0,0,0,155000,0,0,0,225000,70000,155000,155000
054997,文曄元富97購01  ,0,0,0,0,0,0,0,0,0,155000,0,0,0,165000,10000,155000,155000
055013,訊連元富97購01  ,0,0,0,0,0,0,0,0,0,155000,0,0,0,648000,493000,155000,155000
056113,新日興兆豐98購01,0,0,0,0,0,0,0,0,0,155000,0,0,0,180000,25000,155000,155000
06866P,聯發科元大98售13,0,0,0,0,0,0,0,0,0,155000,0,0,0,155000,0,155000,155000
057846,神達永豐98購01  ,0,0,0,0,0,0,0,0,0,154000,0,0,0,158000,4000,154000,154000
06298P,聯發科元大97售20,0,0,0,0,0,0,0,0,0,154000,0,0,0,179000,25000,154000,154000
050183,奇鋐元大96購01  ,0,0,0,0,0,0,0,0,0,154000,0,0,0,154000,0,154000,154000
05116P,台積電群益95售03,0,0,0,0,0,0,0,0,0,154000,0,0,0,154000,0,154000,154000
04682P,臺股指統一96售01,0,0,0,0,0,0,0,0,0,154000,0,0,0,154000,0,154000,154000
00686R,群益臺灣加權反1 ,0,0,0,0,0,0,0,0,0,154000,0,0,0,180000,26000,154000,154000
052516,臺股指凱基95購20,0,0,0,0,0,0,0,0,0,154000,0,0,0,179000,25000,154000,154000
051653,南電永豐95購02  ,0,0,0,0,0,0,0,0,0,154000,0,0,0,222000,68000,154000,154000
051015,南亞科凱基95購04,0,0,0,0,0,0,0,0,0,154000,0,0,0,154000,0,154000,154000
054786,全新群益99購02  ,0,0,0,0,0,0,0,0,0,154000,0,0,0,154000,0,154000,154000
06760P,台積電元大98售18,0,0,0,0,0,0,0,0,0,154000,0,0,0,762000,608000,154000,154000
06492P,上銀永豐98售01  ,0,0,0,0,0,0,0,0,0,153000,0,0,0,224000,71000,153000,153000
057072,日月光永豐98購01,0,0,0,0,0,0,0,0,0,153000,0,0,0,237000,84000,153000,153000
052072,健策統一95購02  ,0,0,0,0,0,0,0,0,0,153000,0,0,0,156000,3000,153000,153000
048703,康控國票95購01  ,0,0,0,0,0,0,0,0,0,153000,0,0,0,153000,0,153000,153000
053418,旺宏永豐96購02  ,0,0,0,0,0,0,0,0,0,153000,0,0,0,215000,62000,153000,153000
053596,嘉澤元大96購01  ,0,0,0,0,0,0,0,0,0,153000,0,0,0,205000,52000,153000,153000
057814,聯發科元大98購12,0,0,0,0,0,0,0,0,0,152000,0,0,0,265000,113000,152000,152000
06195P,台積電元富97售06,0,0,0,0,0,0,0,0,0,152000,0,0,0,252000,100000,152000,152000
053404,致新群益96購01  ,0,0,0,0,0,0,0,0,0,152000,0,0,0,311000,159000,152000,152000
050817,可成凱基95購01  ,0,0,0,0,0,0,0,0,0,152000,0,0,0,152000,0,152000,152000
051847,香港反中信99購01,0,0,0,0,0,0,0,0,0,152000,0,0,0,160000,8000,152000,152000
052464,大立光統一95購05,0,0,0,0,0,0,0,0,0,152000,0,0,0,188000,36000,152000,152000
051299,致茂凱基95購01  ,0,0,0,0,0,0,0,0,0,152000,0,0,0,205000,53000,152000,152000
055715,智邦元大97購04  ,0,0,0,0,0,0,0,0,0,152000,0,0,0,192000,40000,152000,152000
056185,全新統一98購01  ,0,0,0,0,0,0,0,0,0,152000,0,0,0,172000,20000,152000,152000
055318,華通國票98購01  ,0,0,0,0,0,0,0,0,0,152000,0,0,0,325000,173000,152000,152000
06640P,國巨兆豐99售02  ,0,0,0,0,0,0,0,0,0,152000,0,0,0,174000,22000,152000,152000
06778P,台積電元大99售06,0,0,0,0,0,0,0,0,0,152000,0,0,0,748000,596000,152000,152000
056977,國巨群益9A購01  ,0,0,0,0,0,0,0,0,0,151000,0,0,0,151000,0,151000,151000
056770,國產元大98購02  ,0,0,0,0,0,0,0,0,0,151000,0,0,0,151000,0,151000,151000
04744P,臻鼎元富94售04  ,0,0,0,0,0,0,0,0,0,151000,0,0,0,201000,50000,151000,151000
051962,晶相光永豐95購02,0,0,0,0,0,0,0,0,0,151000,0,0,0,246000,95000,151000,151000
056130,新日興麥證97購01,0,0,0,151000,0,151000,0,0,0,151000,0,0,0,151000,0,151000,151000
2023,燁輝            ,370000,201000,169000,0,0,0,0,0,0,-18000,0,18000,-18000,0,0,0,151000
057632,傳奇永豐98購01  ,0,0,0,0,0,0,0,0,0,150000,0,0,0,150000,0,150000,150000
057368,微星元大98購02  ,0,0,0,0,0,0,0,0,0,150000,0,0,0,160000,10000,150000,150000
05939P,聯發科凱基96售20,0,0,0,0,0,0,0,0,0,150000,0,0,0,150000,0,150000,150000
06006P,欣興永豐96售04  ,0,0,0,0,0,0,0,0,0,150000,0,0,0,175000,25000,150000,150000
050928,日月光凱基95購01,0,0,0,0,0,0,0,0,0,150000,0,0,0,150000,0,150000,150000
054015,晶豪科永豐96購03,0,0,0,0,0,0,0,0,0,150000,0,0,0,150000,0,150000,150000
050534,臻鼎兆豐94購01  ,0,0,0,0,0,0,0,0,0,150000,0,0,0,150000,0,150000,150000
052658,友達元富9C購01  ,0,0,0,0,0,0,0,0,0,150000,0,0,0,200000,50000,150000,150000
052702,群創國票97購03  ,0,0,0,0,0,0,0,0,0,150000,0,0,0,150000,0,150000,150000
053310,彩晶凱基98購02  ,0,0,0,0,0,0,0,0,0,150000,0,0,0,150000,0,150000,150000
053114,聯茂兆豐97購01  ,0,0,0,0,0,0,0,0,0,150000,0,0,0,512000,362000,150000,150000
055161,貿聯元大98購03  ,0,0,0,0,0,0,0,0,0,150000,0,0,0,150000,0,150000,150000
056762,亞德客元大98購01,0,0,0,0,0,0,0,0,0,149000,0,0,0,159000,10000,149000,149000
054374,信邦中信96購01  ,0,0,0,0,0,0,0,0,0,149000,0,0,0,175000,26000,149000,149000
054535,旺宏富邦97購02  ,0,0,0,0,0,0,0,0,0,149000,0,0,0,149000,0,149000,149000
056972,祥碩永豐98購02  ,0,0,0,0,0,0,0,0,0,148000,0,0,0,430000,282000,148000,148000
057938,台表科群益98購02,0,0,0,0,0,0,0,0,0,148000,0,0,0,234000,86000,148000,148000
053373,台泥元大96購01  ,0,0,0,0,0,0,0,0,0,148000,0,0,0,218000,70000,148000,148000
052576,聯茂凱基96購01  ,0,0,0,0,0,0,0,0,0,148000,0,0,0,188000,40000,148000,148000
055160,玉晶光元大99購03,0,0,0,0,0,0,0,0,0,148000,0,0,0,302000,154000,148000,148000
055200,和大群益98購01  ,0,0,0,0,0,0,0,0,0,148000,0,0,0,158000,10000,148000,148000
05548P,臺股指元大96售02,0,0,0,0,0,0,0,0,0,148000,0,0,0,149000,1000,148000,148000
055991,鈺齊元富97購01  ,0,0,0,0,0,0,0,0,0,148000,0,0,0,148000,0,148000,148000
055601,茂林元大97購03  ,0,0,0,0,0,0,0,0,0,148000,0,0,0,248000,100000,148000,148000
05842P,台積電元大96售15,0,0,0,0,0,0,0,0,0,147000,0,0,0,777000,630000,147000,147000
057323,智邦群益98購01  ,0,0,0,0,0,0,0,0,0,147000,0,0,0,179000,32000,147000,147000
057278,可成元大98購06  ,0,0,0,0,0,0,0,0,0,147000,0,0,0,172000,25000,147000,147000
04966P,台表科元大94售04,0,0,0,0,0,0,0,0,0,147000,0,0,0,157000,10000,147000,147000
2363,矽統            ,387000,228000,159000,0,0,0,0,0,0,-12000,0,12000,-12000,0,0,0,147000
057022,智邦凱基98購04  ,0,0,0,0,0,0,0,0,0,146000,0,0,0,258000,112000,146000,146000
048973,禾伸堂元大94購01,0,0,0,0,0,0,0,0,0,146000,0,0,0,146000,0,146000,146000
00680L,元大美債20正2   ,0,0,0,0,0,0,0,0,0,146000,0,0,0,205000,59000,146000,146000
051258,鈺齊國泰97購01  ,0,0,0,0,0,0,0,0,0,146000,0,0,0,146000,0,146000,146000
052941,康控兆豐97購01  ,0,0,0,0,0,0,0,0,0,146000,0,0,0,146000,0,146000,146000
051682,元黃金凱基97購01,0,0,0,0,0,0,0,0,0,146000,0,0,0,158000,12000,146000,146000
055788,緯穎凱基97購04  ,0,0,0,0,0,0,0,0,0,146000,0,0,0,146000,0,146000,146000
054641,祥碩中信98購01  ,0,0,0,0,0,0,0,0,0,146000,0,0,0,227000,81000,146000,146000
057398,台郡中信99購01  ,0,0,0,0,0,0,0,0,0,145000,0,0,0,251000,106000,145000,145000
057574,中磊永豐98購01  ,0,0,0,0,0,0,0,0,0,145000,0,0,0,165000,20000,145000,145000
047354,訊芯凱基94購01  ,0,0,0,0,0,0,0,0,0,145000,0,0,0,160000,15000,145000,145000
049324,臺股指凱基94購06,0,0,0,0,0,0,0,0,0,145000,0,0,0,145000,0,145000,145000
052032,臺股指群益95購05,0,0,0,0,0,0,0,0,0,145000,0,0,0,150000,5000,145000,145000
051455,樺漢元大96購01  ,0,0,0,0,0,0,0,0,0,145000,0,0,0,202000,57000,145000,145000
053982,臻鼎元大96購05  ,0,0,0,0,0,0,0,0,0,145000,0,0,0,155000,10000,145000,145000
054087,矽創亞東96購01  ,0,0,0,0,0,0,0,0,0,145000,0,0,0,145000,0,145000,145000
053075,欣興永豐96購01  ,0,0,0,0,0,0,0,0,0,145000,0,0,0,155000,10000,145000,145000
055298,啟碁元大97購02  ,0,0,0,0,0,0,0,0,0,145000,0,0,0,205000,60000,145000,145000
054699,復盛永豐97購01  ,0,0,0,0,0,0,0,0,0,145000,0,0,0,145000,0,145000,145000
056465,臺股指凱基99購07,0,0,0,0,0,0,0,0,0,145000,0,0,0,160000,15000,145000,145000
057684,聯茂日盛99購01  ,0,0,0,0,0,0,0,0,0,144000,0,0,0,165000,21000,144000,144000
056938,泰碩元富98購01  ,0,0,0,0,0,0,0,0,0,144000,0,0,0,223000,79000,144000,144000
05722P,玉晶光國票97售03,0,0,0,0,0,0,0,0,0,144000,0,0,0,171000,27000,144000,144000
053219,祥碩凱基96購01  ,0,0,0,0,0,0,0,0,0,144000,0,0,0,279000,135000,144000,144000
052929,可成元大96購02  ,0,0,0,0,0,0,0,0,0,144000,0,0,0,144000,0,144000,144000
050565,矽格元富94購01  ,0,0,0,0,0,0,0,0,0,144000,0,0,0,144000,0,144000,144000
051039,台表科康和95購01,0,0,0,0,0,0,0,0,0,144000,0,0,0,154000,10000,144000,144000
055095,啟碁群益98購01  ,0,0,0,0,0,0,0,0,0,144000,0,0,0,194000,50000,144000,144000
057468,台郡永豐98購01  ,0,0,0,0,0,0,0,0,0,143000,0,0,0,211000,68000,143000,143000
06007P,世芯永豐96售01  ,0,0,0,0,0,0,0,0,0,143000,0,0,0,203000,60000,143000,143000
051149,可成凱基95購04  ,0,0,0,0,0,0,0,0,0,143000,0,0,0,172000,29000,143000,143000
048498,嘉澤元大94購01  ,0,0,0,0,0,0,0,0,0,143000,0,0,0,159000,16000,143000,143000
054117,宏全康和96購01  ,0,0,0,0,0,0,0,0,0,143000,0,0,0,243000,100000,143000,143000
051592,健策元大96購05  ,0,0,0,0,0,0,0,0,0,143000,0,0,0,279000,136000,143000,143000
05849P,臺股指元大96售25,0,0,0,0,0,0,0,0,0,142000,0,0,0,142000,0,142000,142000
057651,矽力元大98購03  ,0,0,0,0,0,0,0,0,0,142000,0,0,0,145000,3000,142000,142000
057052,華擎元大98購01  ,0,0,0,0,0,0,0,0,0,142000,0,0,0,203000,61000,142000,142000
047245,聯發科群益94購03,0,0,0,0,0,0,0,0,0,142000,0,0,0,152000,10000,142000,142000
047503,T50反1國票93購03,0,0,0,0,0,0,0,0,0,142000,0,0,0,142000,0,142000,142000
050400,臻鼎中信97購01  ,0,0,0,0,0,0,0,0,0,142000,0,0,0,267000,125000,142000,142000
054294,世芯元大96購02  ,0,0,0,0,0,0,0,0,0,142000,0,0,0,237000,95000,142000,142000
044988,玉晶光統一95購01,0,0,0,0,0,0,0,0,0,141000,0,0,0,149000,8000,141000,141000
051429,智邦元富95購01  ,0,0,0,0,0,0,0,0,0,141000,0,0,0,550000,409000,141000,141000
051479,兆豐金凱基95購01,0,0,0,0,0,0,0,0,0,141000,0,0,0,242000,101000,141000,141000
05165P,欣興元富95售03  ,0,0,0,0,0,0,0,0,0,141000,0,0,0,150000,9000,141000,141000
056537,冠德凱基98購01  ,0,0,0,0,0,0,0,0,0,141000,0,0,0,141000,0,141000,141000
053887,聯茂兆豐97購02  ,0,0,0,0,0,0,0,0,0,141000,0,0,0,179000,38000,141000,141000
057092,健策元富98購01  ,0,0,0,0,0,0,0,0,0,140000,0,0,0,145000,5000,140000,140000
05983P,聯詠國票96售02  ,0,0,0,0,0,0,0,0,0,140000,0,0,0,140000,0,140000,140000
06099P,鴻海日盛97售03  ,0,0,0,0,0,0,0,0,0,140000,0,0,0,146000,6000,140000,140000
06355P,聯茂永豐97售02  ,0,0,0,0,0,0,0,0,0,140000,0,0,0,240000,100000,140000,140000
051446,中壽元大96購01  ,0,0,0,0,0,0,0,0,0,140000,0,0,0,213000,73000,140000,140000
052905,潤泰全國票97購01,0,0,0,0,0,0,0,0,0,140000,0,0,0,150000,10000,140000,140000
052405,聯茂凱基95購01  ,0,0,0,0,0,0,0,0,0,140000,0,0,0,240000,100000,140000,140000
053009,大成鋼統一96購02,0,0,0,0,0,0,0,0,0,140000,0,0,0,168000,28000,140000,140000
056277,上銀富邦99購02  ,0,0,0,0,0,0,0,0,0,140000,0,0,0,158000,18000,140000,140000
06047P,聯發科富邦99售04,0,0,0,0,0,0,0,0,0,139000,0,0,0,142000,3000,139000,139000
05740P,宏達電元富96售01,0,0,0,0,0,0,0,0,0,139000,0,0,0,200000,61000,139000,139000
048249,嘉澤兆豐94購01  ,0,0,0,0,0,0,0,0,0,139000,0,0,0,139000,0,139000,139000
056700,華新科國泰99購03,0,0,0,0,0,0,0,0,0,138000,0,0,0,380000,242000,138000,138000
06154P,超眾元大98售01  ,0,0,0,0,0,0,0,0,0,138000,0,0,0,424000,286000,138000,138000
058315,TPK富邦9C購01   ,0,0,0,0,0,0,0,0,0,138000,0,0,0,138000,0,138000,138000
051187,晶相光永豐95購01,0,0,0,0,0,0,0,0,0,138000,0,0,0,317000,179000,138000,138000
051346,仁寶元大95購01  ,0,0,0,0,0,0,0,0,0,138000,0,0,0,138000,0,138000,138000
051028,台光電元富95購02,0,0,0,0,0,0,0,0,0,138000,0,0,0,309000,171000,138000,138000
050761,華通元大94購05  ,0,0,0,0,0,0,0,0,0,138000,0,0,0,228000,90000,138000,138000
055896,南電統一97購02  ,0,0,0,0,0,0,0,0,0,138000,0,0,0,158000,20000,138000,138000
05487P,台表科凱基95售02,0,0,0,0,0,0,0,0,0,138000,0,0,0,138000,0,138000,138000
057406,茂林群益98購03  ,0,0,0,0,0,0,0,0,0,137000,0,0,0,192000,55000,137000,137000
057606,健策統一98購03  ,0,0,0,0,0,0,0,0,0,137000,0,0,0,137000,0,137000,137000
048747,華通元富97購01  ,0,0,0,0,0,0,0,0,0,137000,0,0,0,157000,20000,137000,137000
046573,上緯控國泰94購01,0,0,0,0,0,0,0,0,0,137000,0,0,0,257000,120000,137000,137000
055997,矽創國泰99購01  ,0,0,0,0,0,0,0,0,0,137000,0,0,0,147000,10000,137000,137000
058116,正崴中信99購02  ,0,0,0,0,0,0,0,0,0,136000,0,0,0,136000,0,136000,136000
048852,旺宏群益96購02  ,0,0,0,0,0,0,0,0,0,136000,0,0,0,157000,21000,136000,136000
05586P,臺股指凱基96售15,0,0,0,0,0,0,0,0,0,136000,0,0,0,138000,2000,136000,136000
06750P,聯發科元富02售03,0,0,0,0,0,0,0,0,0,136000,0,0,0,260000,124000,136000,136000
057458,TPK富邦9A購01   ,0,0,0,0,0,0,0,0,0,135000,0,0,0,137000,2000,135000,135000
050342,華通元富94購02  ,0,0,0,0,0,0,0,0,0,135000,0,0,0,135000,0,135000,135000
050358,致新群益94購01  ,0,0,0,0,0,0,0,0,0,135000,0,0,0,135000,0,135000,135000
04747P,臺股指元大94售22,0,0,0,0,0,0,0,0,0,135000,0,0,0,135000,0,135000,135000
051823,矽力元富95購02  ,0,0,0,0,0,0,0,0,0,135000,0,0,0,161000,26000,135000,135000
054102,百和國票97購04  ,0,0,0,0,0,0,0,0,0,135000,0,0,0,171000,36000,135000,135000
057268,臻鼎兆豐99購01  ,0,0,0,0,0,0,0,0,0,134000,0,0,0,159000,25000,134000,134000
054718,可成永豐97購01  ,0,0,0,0,0,0,0,0,0,134000,0,0,0,192000,58000,134000,134000
057465,智易永豐98購02  ,0,0,0,0,0,0,0,0,0,133000,0,0,0,133000,0,133000,133000
057203,麗豐元富98購02  ,0,0,0,0,0,0,0,0,0,133000,0,0,0,155000,22000,133000,133000
057935,晶技群益98購02  ,0,0,0,0,0,0,0,0,0,133000,0,0,0,231000,98000,133000,133000
06372P,聯發科元大97售21,0,0,0,0,0,0,0,0,0,133000,0,0,0,232000,99000,133000,133000
047033,日月光中信95購01,0,0,0,0,0,0,0,0,0,133000,0,0,0,134000,1000,133000,133000
050867,聯鈞永豐95購01  ,0,0,0,0,0,0,0,0,0,133000,0,0,0,145000,12000,133000,133000
050882,華泰國泰96購01  ,0,0,0,0,0,0,0,0,0,133000,0,0,0,133000,0,133000,133000
055332,奇力新兆豐98購01,0,0,0,0,0,0,0,0,0,133000,0,0,0,145000,12000,133000,133000
3708,上緯投控        ,133000,66000,67000,0,0,0,100000,0,100000,-34000,0,8000,-8000,4000,30000,-26000,133000
057118,欣興日盛9A購01  ,0,0,0,0,0,0,0,0,0,132000,0,0,0,204000,72000,132000,132000
057107,華新科群益98購06,0,0,0,0,0,0,0,0,0,132000,0,0,0,132000,0,132000,132000
057340,玉晶光元富98購04,0,0,0,0,0,0,0,0,0,132000,0,0,0,134000,2000,132000,132000
041528,國泰金中信93購01,0,0,0,0,0,0,0,0,0,132000,0,0,0,132000,0,132000,132000
052575,茂林凱基96購04  ,0,0,0,0,0,0,0,0,0,132000,0,0,0,132000,0,132000,132000
054879,大成鋼統一97購01,0,0,0,0,0,0,0,0,0,132000,0,0,0,132000,0,132000,132000
056344,嘉晶凱基98購02  ,0,0,0,0,0,0,0,0,0,132000,0,0,0,209000,77000,132000,132000
056446,聯發科凱基98購08,0,0,0,0,0,0,0,0,0,132000,0,0,0,230000,98000,132000,132000
050866,景碩永豐95購01  ,0,0,0,0,0,0,0,0,0,131000,0,0,0,202000,71000,131000,131000
053753,啟碁永豐96購01  ,0,0,0,0,0,0,0,0,0,131000,0,0,0,156000,25000,131000,131000
053536,明泰永豐96購01  ,0,0,0,0,0,0,0,0,0,131000,0,0,0,199000,68000,131000,131000
057201,華擎元富98購01  ,0,0,0,0,0,0,0,0,0,130000,0,0,0,150000,20000,130000,130000
057011,日月光中信99購01,0,0,0,0,0,0,0,0,0,130000,0,0,0,130000,0,130000,130000
06313P,訊芯元富97售01  ,0,0,0,0,0,0,0,0,0,130000,0,0,0,130000,0,130000,130000
03831P,臺股指中信95售02,0,0,0,0,0,0,0,0,0,130000,0,0,0,130000,0,130000,130000
050340,鴻海統一94購07  ,0,0,0,0,0,0,0,0,0,130000,0,0,0,141000,11000,130000,130000
052005,矽力國泰97購02  ,0,0,0,0,0,0,0,0,0,130000,0,0,0,165000,35000,130000,130000
048889,牧德元富94購03  ,0,0,0,0,0,0,0,0,0,130000,0,0,0,130000,0,130000,130000
049696,欣興元大95購02  ,0,0,0,0,0,0,0,0,0,130000,0,0,0,130000,0,130000,130000
050899,旭富元大95購01  ,0,0,0,0,0,0,0,0,0,130000,0,0,0,387000,257000,130000,130000
050767,京元電元大96購01,0,0,0,0,0,0,0,0,0,130000,0,0,0,230000,100000,130000,130000
050783,旺宏國泰96購02  ,0,0,0,0,0,0,0,0,0,130000,0,0,0,158000,28000,130000,130000
051332,奇力新永豐95購01,0,0,0,0,0,0,0,0,0,130000,0,0,0,130000,0,130000,130000
050465,神基中信94購01  ,0,0,0,0,0,0,0,0,0,130000,0,0,0,130000,0,130000,130000
050283,T50反1凱基9A購01,0,0,0,0,0,0,0,0,0,130000,0,0,0,160000,30000,130000,130000
053130,聯發科麥證96購01,0,0,0,150000,20000,130000,0,0,0,130000,0,0,0,150000,20000,130000,130000
05383P,鴻海富邦95售06  ,0,0,0,0,0,0,0,0,0,130000,0,0,0,130000,0,130000,130000
054693,神基永豐97購01  ,0,0,0,0,0,0,0,0,0,130000,0,0,0,209000,79000,130000,130000
055241,T50反1統一99購01,0,0,0,0,0,0,0,0,0,130000,0,0,0,130000,0,130000,130000
056010,力成中信97購01  ,0,0,0,0,0,0,0,0,0,130000,0,0,0,141000,11000,130000,130000
056502,A50正2永豐98購01,0,0,0,0,0,0,0,0,0,130000,0,0,0,162000,32000,130000,130000
06624P,訊芯元大98售06  ,0,0,0,0,0,0,0,0,0,130000,0,0,0,130000,0,130000,130000
06349P,臺股指台新99售01,0,0,0,0,0,0,0,0,0,129000,0,0,0,138000,9000,129000,129000
06521P,矽力元大98售01  ,0,0,0,0,0,0,0,0,0,129000,0,0,0,271000,142000,129000,129000
06106P,國巨群益97售02  ,0,0,0,0,0,0,0,0,0,129000,0,0,0,157000,28000,129000,129000
05011P,南電國泰96售01  ,0,0,0,0,0,0,0,0,0,129000,0,0,0,333000,204000,129000,129000
052226,旺宏凱基95購06  ,0,0,0,0,0,0,0,0,0,129000,0,0,0,129000,0,129000,129000
055221,矽創凱基97購02  ,0,0,0,0,0,0,0,0,0,129000,0,0,0,458000,329000,129000,129000
05450P,臺股指元大95售27,0,0,0,0,0,0,0,0,0,129000,0,0,0,405000,276000,129000,129000
8926,台汽電          ,272000,115000,157000,0,0,0,0,0,0,-28000,57000,85000,-28000,0,0,0,129000
056802,友達台新98購01  ,0,0,0,0,0,0,0,0,0,128000,0,0,0,148000,20000,128000,128000
043961,道瓊反國泰94購01,0,0,0,0,0,0,0,0,0,128000,0,0,0,128000,0,128000,128000
052912,日月光統一96購01,0,0,0,0,0,0,0,0,0,128000,0,0,0,238000,110000,128000,128000
050852,矽創國票95購02  ,0,0,0,0,0,0,0,0,0,128000,0,0,0,128000,0,128000,128000
054051,貿聯元大97購03  ,0,0,0,0,0,0,0,0,0,128000,0,0,0,152000,24000,128000,128000
054257,揚明光元大96購02,0,0,0,0,0,0,0,0,0,128000,0,0,0,128000,0,128000,128000
055197,致新元富97購02  ,0,0,0,0,0,0,0,0,0,128000,0,0,0,148000,20000,128000,128000
055587,智邦元大97購02  ,0,0,0,0,0,0,0,0,0,128000,0,0,0,186000,58000,128000,128000
053517,崇越群益97購01  ,0,0,0,0,0,0,0,0,0,128000,0,0,0,128000,0,128000,128000
043442,大立光台新01購01,0,0,0,0,0,0,0,0,0,127000,0,0,0,127000,0,127000,127000
051772,玉山金中信95購01,0,0,0,0,0,0,0,0,0,127000,0,0,0,127000,0,127000,127000
052719,致新凱基96購01  ,0,0,0,0,0,0,0,0,0,127000,0,0,0,127000,0,127000,127000
052700,奇鋐國票97購02  ,0,0,0,0,0,0,0,0,0,127000,0,0,0,127000,0,127000,127000
05427P,聯發科凱基96售07,0,0,0,0,0,0,0,0,0,127000,0,0,0,228000,101000,127000,127000
050848,日月光國票95購01,0,0,0,0,0,0,0,0,0,126000,0,0,0,416000,290000,126000,126000
053671,可成統一96購03  ,0,0,0,0,0,0,0,0,0,126000,0,0,0,140000,14000,126000,126000
056428,台達電凱基99購01,0,0,0,0,0,0,0,0,0,126000,0,0,0,176000,50000,126000,126000
05784P,臺股指元大96售18,0,0,0,0,0,0,0,0,0,125000,0,0,0,125000,0,125000,125000
051970,元黃金凱基98購01,0,0,0,0,0,0,0,0,0,125000,0,0,0,146000,21000,125000,125000
052297,旭富國票96購01  ,55000,0,55000,0,0,0,0,0,0,70000,0,0,0,191000,121000,70000,125000
056439,華邦電凱基98購02,0,0,0,0,0,0,0,0,0,125000,0,0,0,135000,10000,125000,125000
056335,微星凱基98購01  ,0,0,0,0,0,0,0,0,0,125000,0,0,0,125000,0,125000,125000
056162,祥碩凱基97購03  ,0,0,0,0,0,0,0,0,0,125000,0,0,0,178000,53000,125000,125000
05593P,鴻海國票97售03  ,0,0,0,0,0,0,0,0,0,125000,0,0,0,525000,400000,125000,125000
06846P,美律元大98售05  ,0,0,0,0,0,0,0,0,0,125000,0,0,0,130000,5000,125000,125000
056788,日月光群益98購01,0,0,0,0,0,0,0,0,0,124000,0,0,0,135000,11000,124000,124000
056949,義隆統一98購01  ,0,0,0,0,0,0,0,0,0,124000,0,0,0,144000,20000,124000,124000
053693,欣興元大96購05  ,0,0,0,0,0,0,0,0,0,124000,0,0,0,174000,50000,124000,124000
053731,矽創凱基96購03  ,0,0,0,0,0,0,0,0,0,124000,0,0,0,124000,0,124000,124000
06265P,美律凱基97售01  ,0,0,0,0,0,0,0,0,0,123000,0,0,0,128000,5000,123000,123000
049124,可成元富94購02  ,0,0,0,0,0,0,0,0,0,123000,0,0,0,125000,2000,123000,123000
054944,精元元大97購01  ,0,0,0,0,0,0,0,0,0,123000,0,0,0,200000,77000,123000,123000
056030,華通日盛97購01  ,0,0,0,0,0,0,0,0,0,123000,0,0,0,175000,52000,123000,123000
06576P,台光電群益98售03,0,0,0,0,0,0,0,0,0,122000,0,0,0,145000,23000,122000,122000
056961,凱美永豐98購01  ,0,0,0,0,0,0,0,0,0,122000,0,0,0,122000,0,122000,122000
056871,新日興日盛99購01,0,0,0,0,0,0,0,0,0,122000,0,0,0,147000,25000,122000,122000
057325,可成群益9A購01  ,0,0,0,0,0,0,0,0,0,122000,0,0,0,122000,0,122000,122000
057397,茂林中信9A購01  ,0,0,0,0,0,0,0,0,0,122000,0,0,0,122000,0,122000,122000
057510,泰碩統一98購02  ,0,0,0,0,0,0,0,0,0,122000,0,0,0,128000,6000,122000,122000
057842,緯穎富邦99購02  ,0,0,0,0,0,0,0,0,0,122000,0,0,0,203000,81000,122000,122000
053054,禾伸堂國票97購01,0,0,0,0,0,0,0,0,0,122000,0,0,0,122000,0,122000,122000
053302,國巨凱基96購10  ,0,0,0,0,0,0,0,0,0,122000,0,0,0,175000,53000,122000,122000
056014,上銀群益97購02  ,0,0,0,0,0,0,0,0,0,122000,0,0,0,122000,0,122000,122000
054506,矽格永豐96購01  ,0,0,0,0,0,0,0,0,0,122000,0,0,0,167000,45000,122000,122000
053884,緯穎第一96購01  ,0,0,0,0,0,0,0,0,0,122000,0,0,0,135000,13000,122000,122000
053437,啟碁日盛96購01  ,0,0,0,0,0,0,0,0,0,122000,0,0,0,122000,0,122000,122000
056785,可成群益99購01  ,0,0,0,0,0,0,0,0,0,121000,0,0,0,218000,97000,121000,121000
05694P,台積電凱基96售09,0,0,0,0,0,0,0,0,0,121000,0,0,0,201000,80000,121000,121000
050505,可成凱基94購12  ,0,0,0,0,0,0,0,0,0,121000,0,0,0,121000,0,121000,121000
051077,台郡國泰96購02  ,0,0,0,0,0,0,0,0,0,121000,0,0,0,142000,21000,121000,121000
055631,創意永豐98購01  ,0,0,0,0,0,0,0,0,0,121000,0,0,0,121000,0,121000,121000
056470,旺宏元大99購01  ,0,0,0,0,0,0,0,0,0,121000,0,0,0,161000,40000,121000,121000
054665,華通元富97購02  ,0,0,0,0,0,0,0,0,0,121000,0,0,0,454000,333000,121000,121000
05447P,臺股指元大95售24,0,0,0,0,0,0,0,0,0,121000,0,0,0,121000,0,121000,121000
054810,中橡元大9A購01  ,0,0,0,0,0,0,0,0,0,121000,0,0,0,145000,24000,121000,121000
056984,嘉晶群益98購01  ,0,0,0,0,0,0,0,0,0,120000,0,0,0,220000,100000,120000,120000
056761,元油2X元大98購07,0,0,0,0,0,0,0,0,0,120000,0,0,0,130000,10000,120000,120000
057284,新日興元大98購03,0,0,0,0,0,0,0,0,0,120000,0,0,0,120000,0,120000,120000
06369P,台積電凱基97售16,0,0,0,0,0,0,0,0,0,120000,0,0,0,130000,10000,120000,120000
05898P,旺宏凱基96售06  ,0,0,0,0,0,0,0,0,0,120000,0,0,0,120000,0,120000,120000
057931,正崴群益98購02  ,0,0,0,0,0,0,0,0,0,120000,0,0,0,120000,0,120000,120000
049355,元油2X富邦96購04,0,0,0,0,0,0,0,0,0,120000,0,0,0,280000,160000,120000,120000
051707,欣興群益95購02  ,0,0,0,0,0,0,0,0,0,120000,0,0,0,138000,18000,120000,120000
053977,新日興元大96購03,0,0,0,0,0,0,0,0,0,120000,0,0,0,120000,0,120000,120000
050503,聯發科凱基94購22,0,0,0,0,0,0,0,0,0,120000,0,0,0,120000,0,120000,120000
053032,國巨兆豐97購02  ,0,0,0,0,0,0,0,0,0,120000,0,0,0,200000,80000,120000,120000
054454,滬深2X群益96購04,0,0,0,0,0,0,0,0,0,120000,0,0,0,120000,0,120000,120000
055033,漢唐富邦98購01  ,0,0,0,0,0,0,0,0,0,120000,0,0,0,120000,0,120000,120000
06788P,臺股指元大98售05,0,0,0,0,0,0,0,0,0,120000,0,0,0,120000,0,120000,120000
3532,台勝科          ,117000,193175,-76175,0,0,0,1000,0,1000,194510,18000,65490,-47490,242000,0,242000,119335
057400,全新群益9A購01  ,0,0,0,0,0,0,0,0,0,119000,0,0,0,121000,2000,119000,119000
056914,臺股指元大99購09,0,0,0,0,0,0,0,0,0,119000,0,0,0,126000,7000,119000,119000
00766L,台新MSCI中國正2 ,0,0,0,0,0,0,0,0,0,119000,0,0,0,324000,205000,119000,119000
00693U,街口S&P黃豆     ,300000,0,300000,0,0,0,0,0,0,-181000,0,0,0,1259000,1440000,-181000,119000
053020,貿聯元富96購01  ,0,0,0,0,0,0,0,0,0,119000,0,0,0,119000,0,119000,119000
050431,聯發科凱基94購18,0,0,0,0,0,0,0,0,0,119000,0,0,0,119000,0,119000,119000
05621P,聯電中信96售01  ,0,0,0,0,0,0,0,0,0,119000,0,0,0,198000,79000,119000,119000
050173,旺宏元大96購02  ,0,0,0,0,0,0,0,0,0,118000,0,0,0,133000,15000,118000,118000
050519,旺宏元大95購03  ,0,0,0,0,0,0,0,0,0,118000,0,0,0,118000,0,118000,118000
052963,智邦凱基96購02  ,0,0,0,0,0,0,0,0,0,118000,0,0,0,246000,128000,118000,118000
056267,文曄統一97購02  ,0,0,0,0,0,0,0,0,0,118000,0,0,0,118000,0,118000,118000
055442,矽創國票98購02  ,0,0,0,0,0,0,0,0,0,118000,0,0,0,119000,1000,118000,118000
05456P,鴻海凱基95售19  ,0,0,0,0,0,0,0,0,0,118000,0,0,0,120000,2000,118000,118000
2548,華固            ,385000,236000,149000,0,0,0,0,0,0,-31000,0,23000,-23000,1000,9000,-8000,118000
057094,祥碩元富98購01  ,0,0,0,0,0,0,0,0,0,117000,0,0,0,264000,147000,117000,117000
057475,聯電元大9A購01  ,0,0,0,0,0,0,0,0,0,117000,0,0,0,140000,23000,117000,117000
057731,華擎國泰9A購02  ,0,0,0,0,0,0,0,0,0,117000,0,0,0,168000,51000,117000,117000
044402,景碩凱基93購01  ,0,0,0,0,0,0,0,0,0,117000,0,0,0,117000,0,117000,117000
054583,玉晶光統一97購02,0,0,0,0,0,0,0,0,0,117000,0,0,0,127000,10000,117000,117000
053687,智邦元大96購02  ,0,0,0,0,0,0,0,0,0,117000,0,0,0,158000,41000,117000,117000
053657,元大金凱基96購01,0,0,0,0,0,0,0,0,0,117000,0,0,0,1317000,1200000,117000,117000
056551,台郡凱基98購04  ,0,0,0,0,0,0,0,0,0,116000,0,0,0,116000,0,116000,116000
06900P,FBVIX國票12售01 ,0,0,0,0,0,0,0,0,0,116000,0,0,0,120000,4000,116000,116000
057049,新日興元大98購02,0,0,0,0,0,0,0,0,0,115000,0,0,0,204000,89000,115000,115000
06151P,華新科元大97售07,0,0,0,0,0,0,0,0,0,115000,0,0,0,515000,400000,115000,115000
049099,華新科國泰95購02,0,0,0,0,0,0,0,0,0,115000,0,0,0,115000,0,115000,115000
052254,康友永豐95購03  ,0,0,0,0,0,0,0,0,0,115000,0,0,0,254000,139000,115000,115000
052836,旺宏國泰98購01  ,0,0,0,0,0,0,0,0,0,115000,0,0,0,264000,149000,115000,115000
051425,昇陽半國票97購01,0,0,0,0,0,0,0,0,0,115000,0,0,0,115000,0,115000,115000
050614,聯發科元大95購04,0,0,0,0,0,0,0,0,0,115000,0,0,0,115000,0,115000,115000
053063,力山群益98購01  ,0,0,0,0,0,0,0,0,0,115000,0,0,0,165000,50000,115000,115000
051242,台積電元大96購06,0,0,0,0,0,0,0,0,0,115000,0,0,0,115000,0,115000,115000
054069,亞光國泰98購01  ,0,0,0,0,0,0,0,0,0,115000,0,0,0,183000,68000,115000,115000
05414P,台表科國票96售02,0,0,0,0,0,0,0,0,0,115000,0,0,0,120000,5000,115000,115000
050700,健策凱基96購01  ,0,0,0,0,0,0,0,0,0,115000,0,0,0,175000,60000,115000,115000
053409,和碩兆豐96購02  ,0,0,0,0,0,0,0,0,0,115000,0,0,0,197000,82000,115000,115000
051961,泰碩永豐95購01  ,0,0,0,0,0,0,0,0,0,115000,0,0,0,195000,80000,115000,115000
051842,大成鋼富邦97購01,0,0,0,0,0,0,0,0,0,115000,0,0,0,245000,130000,115000,115000
053592,亞光元大96購01  ,0,0,0,0,0,0,0,0,0,115000,0,0,0,115000,0,115000,115000
053539,智易永豐96購01  ,0,0,0,0,0,0,0,0,0,115000,0,0,0,115000,0,115000,115000
053545,上銀凱基96購03  ,0,0,0,0,0,0,0,0,0,115000,0,0,0,136000,21000,115000,115000
055800,欣興永豐97購02  ,0,0,0,0,0,0,0,0,0,115000,0,0,0,138000,23000,115000,115000
06139P,台積電中信99售02,0,0,0,0,0,0,0,0,0,114000,0,0,0,126000,12000,114000,114000
06503P,臺股指中信9A售02,0,0,0,0,0,0,0,0,0,114000,0,0,0,330000,216000,114000,114000
05788P,臺股指永昌96售05,0,0,0,0,0,0,0,0,0,114000,163000,0,163000,31000,80000,-49000,114000
057746,同欣電永豐98購02,0,0,0,0,0,0,0,0,0,114000,0,0,0,114000,0,114000,114000
04908P,南電國票95售03  ,0,0,0,0,0,0,0,0,0,114000,0,0,0,125000,11000,114000,114000
049154,玉晶光元大95購02,0,0,0,0,0,0,0,0,0,114000,0,0,0,124000,10000,114000,114000
04977P,力成凱基96售01  ,0,0,0,0,0,0,0,0,0,114000,0,0,0,114000,0,114000,114000
049872,聯發科台新94購03,0,0,0,0,0,0,0,0,0,114000,0,0,0,114000,0,114000,114000
051841,南茂國泰96購01  ,0,0,0,0,0,0,0,0,0,114000,0,0,0,144000,30000,114000,114000
054364,智伸科凱基96購01,0,0,0,0,0,0,0,0,0,114000,0,0,0,179000,65000,114000,114000
054000,訊芯群益96購02  ,0,0,0,0,0,0,0,0,0,114000,0,0,0,135000,21000,114000,114000
052559,茂林國票97購01  ,0,0,0,0,0,0,0,0,0,114000,0,0,0,114000,0,114000,114000
05275P,國巨凱基95售05  ,0,0,0,0,0,0,0,0,0,114000,0,0,0,120000,6000,114000,114000
056312,茂林元大98購01  ,0,0,0,0,0,0,0,0,0,114000,0,0,0,325000,211000,114000,114000
055322,欣興國票97購06  ,0,0,0,0,0,0,0,0,0,114000,0,0,0,120000,6000,114000,114000
06813P,友訊元富98售03  ,0,0,0,0,0,0,0,0,0,114000,0,0,0,114000,0,114000,114000
057333,智邦國票99購01  ,0,0,0,0,0,0,0,0,0,113000,0,0,0,206000,93000,113000,113000
056602,嘉澤國泰99購01  ,0,0,0,0,0,0,0,0,0,113000,0,0,0,113000,0,113000,113000
053128,瀚宇博凱基96購01,0,0,0,0,0,0,0,0,0,113000,0,0,0,113000,0,113000,113000
053199,旺宏日盛96購01  ,0,0,0,0,0,0,0,0,0,113000,0,0,0,123000,10000,113000,113000
051805,元黃金凱基97購02,0,0,0,0,0,0,0,0,0,113000,0,0,0,113000,0,113000,113000
056437,台積電凱基98購11,0,0,0,0,0,0,0,0,0,113000,0,0,0,129000,16000,113000,113000
056134,可成元大97購06  ,0,0,0,0,0,0,0,0,0,113000,0,0,0,289000,176000,113000,113000
8081,致新            ,299000,213000,86000,0,0,0,68000,0,68000,-41000,0,8000,-8000,13000,46000,-33000,113000
3005,神基            ,421000,834682,-413682,0,0,0,1000,0,1000,525000,150000,29000,121000,455000,51000,404000,112318
05693P,滬深2X凱基98售02,0,0,0,0,0,0,0,0,0,112000,0,0,0,202000,90000,112000,112000
05994P,奇鋐元大96售02  ,0,0,0,0,0,0,0,0,0,112000,0,0,0,137000,25000,112000,112000
048860,玉晶光群益96購03,0,0,0,0,0,0,0,0,0,112000,0,0,0,162000,50000,112000,112000
051641,矽創國票96購01  ,0,0,0,0,0,0,0,0,0,112000,0,0,0,112000,0,112000,112000
050789,矽創國泰96購01  ,0,0,0,0,0,0,0,0,0,112000,0,0,0,134000,22000,112000,112000
054234,可成群益96購05  ,0,0,0,0,0,0,0,0,0,112000,0,0,0,114000,2000,112000,112000
056396,祥碩永豐98購01  ,0,0,0,0,0,0,0,0,0,112000,0,0,0,252000,140000,112000,112000
055503,健策元大98購05  ,0,0,0,0,0,0,0,0,0,112000,0,0,0,340000,228000,112000,112000
05789P,臺股指永昌96售06,0,0,0,0,0,0,0,0,0,111000,187000,1000,186000,55000,130000,-75000,111000
058098,T50反1國泰9A購02,0,0,0,0,0,0,0,0,0,111000,0,0,0,162000,51000,111000,111000
049880,健策永豐94購02  ,0,0,0,0,0,0,0,0,0,111000,0,0,0,121000,10000,111000,111000
006207,FH滬深          ,66000,0,66000,0,0,0,0,0,0,45000,0,0,0,188000,143000,45000,111000
050857,義隆台新95購01  ,0,0,0,0,0,0,0,0,0,111000,0,0,0,112000,1000,111000,111000
05173P,臺股指元大95售17,0,0,0,0,0,0,0,0,0,111000,0,0,0,111000,0,111000,111000
055979,聯鈞統一97購03  ,0,0,0,0,0,0,0,0,0,111000,0,0,0,305000,194000,111000,111000
05811P,臺股指國票96售04,0,0,0,0,0,0,0,0,0,110000,0,0,0,130000,20000,110000,110000
057942,可成國票99購02  ,0,0,0,0,0,0,0,0,0,110000,0,0,0,110000,0,110000,110000
05877P,大立光群益96售06,0,0,0,0,0,0,0,0,0,110000,0,0,0,114000,4000,110000,110000
057176,全新元大99購02  ,0,0,0,0,0,0,0,0,0,110000,0,0,0,110000,0,110000,110000
057609,友訊元富98購01  ,0,0,0,0,0,0,0,0,0,110000,0,0,0,140000,30000,110000,110000
057610,致茂元富98購02  ,0,0,0,0,0,0,0,0,0,110000,0,0,0,110000,0,110000,110000
046011,欣興元富95購01  ,0,0,0,0,0,0,0,0,0,110000,0,0,0,176000,66000,110000,110000
045861,智邦統一93購02  ,0,0,0,0,0,0,0,0,0,110000,0,0,0,112000,2000,110000,110000
049549,瀚宇博群益94購01,0,0,0,0,0,0,0,0,0,110000,0,0,0,110000,0,110000,110000
049670,鈺齊國泰96購01  ,0,0,0,0,0,0,0,0,0,110000,0,0,0,122000,12000,110000,110000
04871P,力成元富94售02  ,0,0,0,0,0,0,0,0,0,110000,0,0,0,126000,16000,110000,110000
054011,旺宏永豐96購05  ,0,0,0,0,0,0,0,0,0,110000,0,0,0,110000,0,110000,110000
053990,晶技兆豐96購01  ,0,0,0,0,0,0,0,0,0,110000,0,0,0,120000,10000,110000,110000
054587,玉晶光國泰99購01,0,0,0,0,0,0,0,0,0,110000,0,0,0,124000,14000,110000,110000
055809,T50反1國票98購02,0,0,0,0,0,0,0,0,0,110000,0,0,0,139000,29000,110000,110000
1773,勝一            ,154000,43000,111000,0,0,0,0,0,0,-1000,0,1000,-1000,0,0,0,110000
057213,華邦電群益98購01,0,0,0,0,0,0,0,0,0,109000,0,0,0,109000,0,109000,109000
057861,台積電凱基98購16,0,0,0,0,0,0,0,0,0,109000,0,0,0,199000,90000,109000,109000
047421,聯茂富邦97購01  ,0,0,0,0,0,0,0,0,0,109000,0,0,0,417000,308000,109000,109000
049316,茂林凱基94購02  ,0,0,0,0,0,0,0,0,0,109000,0,0,0,119000,10000,109000,109000
048056,全新國泰94購02  ,0,0,0,0,0,0,0,0,0,109000,0,0,0,109000,0,109000,109000
050755,和大元富94購01  ,0,0,0,0,0,0,0,0,0,109000,0,0,0,109000,0,109000,109000
055032,億光富邦99購01  ,0,0,0,0,0,0,0,0,0,109000,0,0,0,149000,40000,109000,109000
06811P,聯發科統一98售06,0,0,0,0,0,0,0,0,0,109000,0,0,0,241000,132000,109000,109000
6504,南六            ,226000,146000,80000,0,0,0,0,0,0,29000,29000,0,29000,0,0,0,109000
048735,美利達麥證95購01,0,0,0,118000,10000,108000,0,0,0,108000,0,0,0,118000,10000,108000,108000
049588,聯發科元大94購06,0,0,0,0,0,0,0,0,0,108000,0,0,0,108000,0,108000,108000
051590,玉晶光元大96購02,0,0,0,0,0,0,0,0,0,108000,0,0,0,124000,16000,108000,108000
054259,健策元大97購03  ,0,0,0,0,0,0,0,0,0,108000,0,0,0,118000,10000,108000,108000
056266,開發金統一9A購01,0,0,0,0,0,0,0,0,0,108000,0,0,0,108000,0,108000,108000
3437,榮創            ,237000,129000,108000,0,0,0,0,0,0,0,0,0,0,0,0,0,108000
06080P,景碩群益98售02  ,0,0,0,0,0,0,0,0,0,107000,0,0,0,127000,20000,107000,107000
056676,國產元富98購01  ,0,0,0,0,0,0,0,0,0,107000,0,0,0,120000,13000,107000,107000
057557,聯茂凱基99購04  ,0,0,0,0,0,0,0,0,0,107000,0,0,0,139000,32000,107000,107000
055391,光罩統一97購02  ,0,0,0,0,0,0,0,0,0,107000,0,0,0,107000,0,107000,107000
056145,緯穎元大98購03  ,0,0,0,0,0,0,0,0,0,107000,0,0,0,194000,87000,107000,107000
053593,晶技元大98購01  ,0,0,0,0,0,0,0,0,0,107000,0,0,0,127000,20000,107000,107000
054296,世芯元大97購01  ,0,0,0,0,0,0,0,0,0,107000,0,0,0,208000,101000,107000,107000
055432,臻鼎群益97購02  ,0,0,0,0,0,0,0,0,0,107000,0,0,0,130000,23000,107000,107000
055977,南亞科統一97購01,0,0,0,0,0,0,0,0,0,107000,0,0,0,107000,0,107000,107000
056004,南電永豐97購02  ,0,0,0,0,0,0,0,0,0,107000,0,0,0,179000,72000,107000,107000
057811,南亞科元大98購08,0,0,0,0,0,0,0,0,0,106000,0,0,0,132000,26000,106000,106000
052052,嘉澤凱基95購02  ,0,0,0,0,0,0,0,0,0,106000,0,0,0,106000,0,106000,106000
047074,大立光兆豐94購02,0,0,0,0,0,0,0,0,0,106000,0,0,0,200000,94000,106000,106000
050808,台達電凱基96購02,0,0,0,0,0,0,0,0,0,106000,0,0,0,106000,0,106000,106000
051317,亞德客國票96購01,0,0,0,0,0,0,0,0,0,106000,0,0,0,106000,0,106000,106000
056008,全新中信9B購01  ,0,0,0,0,0,0,0,0,0,106000,0,0,0,106000,0,106000,106000
053757,聯發科國泰96購04,0,0,0,0,0,0,0,0,0,106000,0,0,0,106000,0,106000,106000
2542,興富發          ,1527000,1319000,208000,0,0,0,0,0,0,-102000,0,101000,-101000,0,1000,-1000,106000
1439,中和            ,141000,27000,114000,0,0,0,0,0,0,-8000,0,8000,-8000,0,0,0,106000
1217,愛之味          ,922000,792000,130000,0,0,0,0,0,0,-24000,0,24000,-24000,0,0,0,106000
05705P,上証2X永豐96售03,0,0,0,0,0,0,0,0,0,105000,0,0,0,114000,9000,105000,105000
057068,國巨永豐98購06  ,0,0,0,0,0,0,0,0,0,105000,0,0,0,105000,0,105000,105000
05928P,華邦電康和96售01,0,0,0,0,0,0,0,0,0,105000,0,0,0,105000,0,105000,105000
047202,欣興元富96購01  ,0,0,0,0,0,0,0,0,0,105000,0,0,0,120000,15000,105000,105000
052230,大立光凱基96購09,0,0,0,0,0,0,0,0,0,105000,0,0,0,105000,0,105000,105000
04876P,台光電中信94售02,0,0,0,0,0,0,0,0,0,105000,0,0,0,105000,0,105000,105000
048270,T50反1富邦99購01,0,0,0,0,0,0,0,0,0,105000,0,0,0,105000,0,105000,105000
048436,聯茂日盛93購01  ,0,0,0,0,0,0,0,0,0,105000,0,0,0,105000,0,105000,105000
053033,智易兆豐97購01  ,0,0,0,0,0,0,0,0,0,105000,0,0,0,105000,0,105000,105000
052514,嘉澤凱基96購01  ,0,0,0,0,0,0,0,0,0,105000,0,0,0,105000,0,105000,105000
052507,日月光日盛95購02,0,0,0,0,0,0,0,0,0,105000,0,0,0,105000,0,105000,105000
050432,聯發科凱基94購19,0,0,0,0,0,0,0,0,0,105000,0,0,0,105000,0,105000,105000
053218,TPK凱基96購01   ,0,0,0,0,0,0,0,0,0,105000,0,0,0,105000,0,105000,105000
05284P,鴻海兆豐95售04  ,0,0,0,0,0,0,0,0,0,105000,0,0,0,105000,0,105000,105000
050279,彩晶第一94購01  ,0,0,0,0,0,0,0,0,0,105000,0,0,0,105000,0,105000,105000
05085P,鴻海日盛95售01  ,0,0,0,0,0,0,0,0,0,105000,0,0,0,105000,0,105000,105000
053726,TPK凱基96購02   ,0,0,0,0,0,0,0,0,0,105000,0,0,0,105000,0,105000,105000
056278,全新富邦98購02  ,0,0,0,0,0,0,0,0,0,105000,0,0,0,105000,0,105000,105000
056208,崇越永豐97購01  ,0,0,0,0,0,0,0,0,0,105000,0,0,0,105000,0,105000,105000
055958,台光電元大97購02,0,0,0,0,0,0,0,0,0,105000,0,0,0,128000,23000,105000,105000
055511,大立光兆豐97購02,0,0,0,0,0,0,0,0,0,105000,0,0,0,105000,0,105000,105000
05527P,聯茂群益96售01  ,0,0,0,0,0,0,0,0,0,105000,0,0,0,216000,111000,105000,105000
058145,聯茂元大99購03  ,0,0,0,0,0,0,0,0,0,104000,0,0,0,204000,100000,104000,104000
04998P,京元電永豐95售01,0,0,0,0,0,0,0,0,0,104000,0,0,0,150000,46000,104000,104000
046905,新光金凱基99購01,0,0,0,0,0,0,0,0,0,104000,0,0,0,242000,138000,104000,104000
04592P,台積電元大94售10,0,0,0,0,0,0,0,0,0,104000,0,0,0,104000,0,104000,104000
055426,旺宏群益99購02  ,0,0,0,0,0,0,0,0,0,104000,0,0,0,104000,0,104000,104000
052319,可成元大95購12  ,0,0,0,0,0,0,0,0,0,104000,0,0,0,111000,7000,104000,104000
056452,亞光凱基98購02  ,0,0,0,0,0,0,0,0,0,104000,0,0,0,104000,0,104000,104000
2401,凌陽            ,309000,163000,146000,0,0,0,0,0,0,-42000,0,42000,-42000,0,0,0,104000
047376,南電國票94購01  ,0,0,0,0,0,0,0,0,0,103000,0,0,0,223000,120000,103000,103000
048813,元黃金凱基94購01,0,0,0,0,0,0,0,0,0,103000,0,0,0,104000,1000,103000,103000
049152,大立光元大95購06,0,0,0,0,0,0,0,0,0,103000,0,0,0,105000,2000,103000,103000
050627,華通中信94購02  ,0,0,0,0,0,0,0,0,0,103000,0,0,0,154000,51000,103000,103000
051890,智邦元富95購03  ,0,0,0,0,0,0,0,0,0,103000,0,0,0,295000,192000,103000,103000
056246,祥碩群益97購01  ,0,0,0,0,0,0,0,0,0,103000,0,0,0,193000,90000,103000,103000
055971,矽力元大97購05  ,0,0,0,0,0,0,0,0,0,103000,0,0,0,153000,50000,103000,103000
053591,大立光元大99購03,0,0,0,0,0,0,0,0,0,103000,0,0,0,113000,10000,103000,103000
053566,大立光富邦99購03,0,0,0,0,0,0,0,0,0,103000,0,0,0,108000,5000,103000,103000
055635,緯穎永豐97購01  ,0,0,0,0,0,0,0,0,0,103000,0,0,0,113000,10000,103000,103000
054398,牧德永豐96購03  ,0,0,0,0,0,0,0,0,0,103000,0,0,0,103000,0,103000,103000
054553,宏達電凱基99購01,0,0,0,0,0,0,0,0,0,103000,0,0,0,199000,96000,103000,103000
055515,聚陽中信9A購01  ,0,0,0,0,0,0,0,0,0,103000,0,0,0,146000,43000,103000,103000
055493,華新科元大97購09,0,0,0,0,0,0,0,0,0,103000,0,0,0,584000,481000,103000,103000
05543P,鴻海元富96售04  ,0,0,0,0,0,0,0,0,0,103000,0,0,0,131000,28000,103000,103000
057096,緯穎元富98購01  ,0,0,0,0,0,0,0,0,0,102000,0,0,0,102000,0,102000,102000
057539,南茂元大98購02  ,0,0,0,0,0,0,0,0,0,102000,0,0,0,218000,116000,102000,102000
048821,光磊凱基95購01  ,0,0,0,0,0,0,0,0,0,102000,0,0,0,102000,0,102000,102000
04617P,臺股指群益95售03,0,0,0,0,0,0,0,0,0,102000,0,0,0,102000,0,102000,102000
050748,道瓊銀統一94購04,0,0,0,0,0,0,0,0,0,102000,0,0,0,102000,0,102000,102000
054362,亞光凱基96購03  ,0,0,0,0,0,0,0,0,0,102000,0,0,0,102000,0,102000,102000
054370,台積電中信9A購01,0,0,0,0,0,0,0,0,0,102000,0,0,0,137000,35000,102000,102000
054173,奇力新台新97購02,0,0,0,0,0,0,0,0,0,102000,0,0,0,102000,0,102000,102000
054478,可成中信97購01  ,0,0,0,0,0,0,0,0,0,102000,0,0,0,105000,3000,102000,102000
055257,景碩統一97購01  ,0,0,0,0,0,0,0,0,0,102000,0,0,0,102000,0,102000,102000
055648,可成元富97購01  ,0,0,0,0,0,0,0,0,0,102000,0,0,0,121000,19000,102000,102000
055840,南亞科元大97購03,0,0,0,0,0,0,0,0,0,102000,0,0,0,117000,15000,102000,102000
06738P,瑞昱兆豐98售02  ,0,0,0,0,0,0,0,0,0,102000,0,0,0,207000,105000,102000,102000
8463,潤泰材          ,37000,79000,-42000,0,0,0,134000,0,134000,10000,10000,0,10000,0,0,0,102000
057548,微星凱基99購01  ,0,0,0,0,0,0,0,0,0,101000,0,0,0,130000,29000,101000,101000
057991,健策統一9C購01  ,0,0,0,0,0,0,0,0,0,101000,0,0,0,206000,105000,101000,101000
046717,世紀鋼國泰94購01,0,0,0,0,0,0,0,0,0,101000,0,0,0,155000,54000,101000,101000
047940,台光電國票93購01,0,0,0,0,0,0,0,0,0,101000,0,0,0,101000,0,101000,101000
04691P,智邦群益94售02  ,0,0,0,0,0,0,0,0,0,101000,0,0,0,101000,0,101000,101000
03429B,臺股指元富97熊07,0,0,0,0,0,0,0,0,0,101000,0,0,0,101000,0,101000,101000
05034P,台積電元大95售08,0,0,0,0,0,0,0,0,0,101000,0,0,0,104000,3000,101000,101000
049436,義隆國泰96購02  ,0,0,0,0,0,0,0,0,0,101000,0,0,0,140000,39000,101000,101000
048334,A50正2元大96購01,0,0,0,0,0,0,0,0,0,101000,0,0,0,351000,250000,101000,101000
052745,欣興元大96購04  ,0,0,0,0,0,0,0,0,0,101000,0,0,0,117000,16000,101000,101000
053271,喬山元大97購01  ,0,450000,-450000,0,0,0,0,0,0,551000,0,0,0,577000,26000,551000,101000
056474,華新科元大99購05,0,0,0,0,0,0,0,0,0,101000,0,0,0,101000,0,101000,101000
053834,卜蜂永豐96購01  ,0,0,0,0,0,0,0,0,0,101000,0,0,0,101000,0,101000,101000
06902P,聯電凱基98售02  ,0,0,0,0,0,0,0,0,0,101000,0,0,0,121000,20000,101000,101000
057990,美律統一99購02  ,0,0,0,0,0,0,0,0,0,100000,0,0,0,130000,30000,100000,100000
058047,可成元大98購11  ,0,0,0,0,0,0,0,0,0,100000,0,0,0,162000,62000,100000,100000
058241,景碩元大99購05  ,0,0,0,0,0,0,0,0,0,100000,0,0,0,100000,0,100000,100000
05888P,友達元大97售01  ,0,0,0,0,0,0,0,0,0,100000,0,0,0,133000,33000,100000,100000
06102P,智邦凱基97售03  ,0,0,0,0,0,0,0,0,0,100000,0,0,0,130000,30000,100000,100000
06208P,台郡凱基97售03  ,0,0,0,0,0,0,0,0,0,100000,0,0,0,100000,0,100000,100000
057830,T50反1台新02購02,0,0,0,0,0,0,0,0,0,100000,0,0,0,100000,0,100000,100000
057161,亞德客元大98購02,0,0,0,0,0,0,0,0,0,100000,0,0,0,100000,0,100000,100000
056897,南亞科元大98購02,0,0,0,0,0,0,0,0,0,100000,0,0,0,102000,2000,100000,100000
05689P,滬深2X中信97售02,0,0,0,0,0,0,0,0,0,100000,0,0,0,100000,0,100000,100000
049721,晶技凱基94購02  ,0,0,0,0,0,0,0,0,0,100000,0,0,0,291000,191000,100000,100000
049440,T50反1統一94購04,0,0,0,0,0,0,0,0,0,100000,0,0,0,100000,0,100000,100000
048268,長榮航中信95購01,0,0,0,0,0,0,0,0,0,100000,0,0,0,100000,0,100000,100000
049890,嘉澤國泰95購01  ,0,0,0,0,0,0,0,0,0,100000,0,0,0,100000,0,100000,100000
053354,康控兆豐97購02  ,0,0,0,0,0,0,0,0,0,100000,0,0,0,100000,0,100000,100000
048756,志超元富96購02  ,0,0,0,0,0,0,0,0,0,100000,0,0,0,100000,0,100000,100000
048874,玉晶光國票96購01,0,0,0,0,0,0,0,0,0,100000,0,0,0,100000,0,100000,100000
03371P,聯電元大02售07  ,0,0,0,0,0,0,0,0,0,100000,0,0,0,100000,0,100000,100000
04402P,TPK兆豐95售01   ,0,0,0,0,0,0,0,0,0,100000,0,0,0,100000,0,100000,100000
04348P,燿華國票94售01  ,0,0,0,0,0,0,0,0,0,100000,0,0,0,100000,0,100000,100000
04272P,元上證凱基94售01,0,0,0,0,0,0,0,0,0,100000,0,0,0,100000,0,100000,100000
044930,元黃金富邦93購01,0,0,0,0,0,0,0,0,0,100000,0,0,0,100000,0,100000,100000
03576P,台灣50元富06售01,0,0,0,0,0,0,0,0,0,100000,0,0,0,180000,80000,100000,100000
04172P,大立光凱基93售34,0,0,0,0,0,0,0,0,0,100000,0,0,0,100000,0,100000,100000
047676,臺股指元富99購01,0,0,0,0,0,0,0,0,0,100000,0,0,0,100000,0,100000,100000
04552P,南電元大94售06  ,0,0,0,0,0,0,0,0,0,100000,0,0,0,200000,100000,100000,100000
04711P,台光電元大94售05,0,0,0,0,0,0,0,0,0,100000,0,0,0,100000,0,100000,100000
046154,道瓊指群益94購01,0,0,0,0,0,0,0,0,0,100000,0,0,0,100000,0,100000,100000
053061,GIS富邦97購01   ,0,0,0,0,0,0,0,0,0,100000,0,0,0,100000,0,100000,100000
052725,為升元富96購01  ,0,0,0,0,0,0,0,0,0,100000,0,0,0,100000,0,100000,100000
050274,GIS元大94購05   ,0,0,0,0,0,0,0,0,0,100000,0,0,0,180000,80000,100000,100000
052339,光寶科凱基95購01,0,0,0,0,0,0,0,0,0,100000,0,0,0,100000,0,100000,100000
052372,台泥元大95購02  ,0,0,0,0,0,0,0,0,0,100000,0,0,0,100000,0,100000,100000
052521,友達元大9B購01  ,0,0,0,0,0,0,0,0,0,100000,0,0,0,330000,230000,100000,100000
05266P,華新科元大95售11,0,0,0,0,0,0,0,0,0,100000,0,0,0,100000,0,100000,100000
051229,亞光群益95購01  ,0,0,0,0,0,0,0,0,0,100000,0,0,0,100000,0,100000,100000
051253,緯創元大95購02  ,0,0,0,0,0,0,0,0,0,100000,0,0,0,100000,0,100000,100000
053967,華邦電元大96購03,0,0,0,0,0,0,0,0,0,100000,0,0,0,100000,0,100000,100000
050716,可成群益96購01  ,0,0,0,0,0,0,0,0,0,100000,0,0,0,120000,20000,100000,100000
051456,鈺齊元大95購01  ,0,0,0,0,0,0,0,0,0,100000,0,0,0,100000,0,100000,100000
050920,旺宏凱基95購01  ,0,0,0,0,0,0,0,0,0,100000,0,0,0,100000,0,100000,100000
051950,旺宏元富95購02  ,0,0,0,0,0,0,0,0,0,100000,0,0,0,100000,0,100000,100000
05636P,國巨永豐96售03  ,0,0,0,0,0,0,0,0,0,100000,0,0,0,100000,0,100000,100000
056244,群創群益98購09  ,0,0,0,0,0,0,0,0,0,100000,0,0,0,100000,0,100000,100000
055784,TPK凱基97購02   ,0,0,0,0,0,0,0,0,0,100000,0,0,0,100000,0,100000,100000
055781,聯詠凱基98購01  ,0,0,0,0,0,0,0,0,0,100000,0,0,0,100000,0,100000,100000
05564P,玉晶光元大97售02,0,0,0,0,0,0,0,0,0,100000,0,0,0,220000,120000,100000,100000
05595P,友達統一96售02  ,0,0,0,0,0,0,0,0,0,100000,0,0,0,100000,0,100000,100000
054706,TPK亞東97購01   ,0,0,0,0,0,0,0,0,0,100000,0,0,0,100000,0,100000,100000
054690,新興永豐97購01  ,0,0,0,0,0,0,0,0,0,100000,0,0,0,100000,0,100000,100000
054915,興勤凱基97購01  ,0,0,0,0,0,0,0,0,0,100000,0,0,0,100000,0,100000,100000
054511,香港反元大98購01,0,0,0,0,0,0,0,0,0,100000,0,0,0,100000,0,100000,100000
055360,台表科凱基97購02,0,0,0,0,0,0,0,0,0,100000,0,0,0,168000,68000,100000,100000
05522P,友達元富96售02  ,0,0,0,0,0,0,0,0,0,100000,0,0,0,102000,2000,100000,100000
056023,晶豪科群益97購01,0,0,0,0,0,0,0,0,0,100000,0,0,0,100000,0,100000,100000
056517,茂林兆豐99購01  ,0,0,0,0,0,0,0,0,0,100000,0,0,0,120000,20000,100000,100000
2882A,國泰特          ,0,0,0,0,0,0,0,0,0,100000,100000,0,100000,0,0,0,100000
04852P,臻鼎永豐94售02  ,0,0,0,0,0,0,0,0,0,99000,0,0,0,134000,35000,99000,99000
050647,聯發科凱基96購01,0,0,0,0,0,0,0,0,0,99000,0,0,0,109000,10000,99000,99000
054016,嘉晶永豐96購04  ,0,0,0,0,0,0,0,0,0,99000,0,0,0,104000,5000,99000,99000
052974,瀚宇博群益96購01,0,0,0,0,0,0,0,0,0,99000,0,0,0,99000,0,99000,99000
050581,美食國票94購02  ,0,0,0,0,0,0,0,0,0,99000,0,0,0,99000,0,99000,99000
050569,英業達中信94購01,0,0,0,0,0,0,0,0,0,99000,0,0,0,99000,0,99000,99000
052742,可成元大96購01  ,0,0,0,0,0,0,0,0,0,99000,0,0,0,196000,97000,99000,99000
056509,晶相光永豐98購01,0,0,0,0,0,0,0,0,0,99000,0,0,0,229000,130000,99000,99000
056012,勤誠中信99購01  ,0,0,0,0,0,0,0,0,0,99000,0,0,0,100000,1000,99000,99000
054520,健鼎元大96購02  ,0,0,0,0,0,0,0,0,0,99000,0,0,0,102000,3000,99000,99000
056364,亞光元大99購02  ,0,0,0,0,0,0,0,0,0,99000,0,0,0,100000,1000,99000,99000
05646P,聯發科國票96售05,0,0,0,0,0,0,0,0,0,99000,0,0,0,99000,0,99000,99000
3557,嘉威            ,120000,21000,99000,0,0,0,0,0,0,0,0,0,0,0,0,0,99000
056858,國巨群益99購03  ,0,0,0,0,0,0,0,0,0,98000,0,0,0,98000,0,98000,98000
056849,瀚宇博元富98購01,0,0,0,0,0,0,0,0,0,98000,0,0,0,98000,0,98000,98000
056838,旺宏元富98購01  ,0,0,0,0,0,0,0,0,0,98000,0,0,0,98000,0,98000,98000
057921,可成凱基98購09  ,0,0,0,0,0,0,0,0,0,98000,0,0,0,98000,0,98000,98000
048700,和鑫國票95購01  ,0,0,0,0,0,0,0,0,0,98000,0,0,0,98000,0,98000,98000
053322,京鼎群益97購01  ,0,0,0,0,0,0,0,0,0,98000,0,0,0,98000,0,98000,98000
053018,旺宏元富96購02  ,0,0,0,0,0,0,0,0,0,98000,0,0,0,98000,0,98000,98000
051075,智邦國泰97購01  ,0,0,0,0,0,0,0,0,0,98000,0,0,0,122000,24000,98000,98000
055718,可成元大97購02  ,0,0,0,0,0,0,0,0,0,98000,0,0,0,596000,498000,98000,98000
056024,大立光群益97購05,0,0,0,0,0,0,0,0,0,98000,0,0,0,98000,0,98000,98000
050296,亞光凱基94購03  ,0,0,0,0,0,0,0,0,0,97000,0,0,0,97000,0,97000,97000
049847,旺宏群益94購04  ,0,0,0,0,0,0,0,0,0,97000,0,0,0,109000,12000,97000,97000
053996,晶相光群益97購01,0,0,0,0,0,0,0,0,0,97000,0,0,0,951000,854000,97000,97000
053976,亞光元大96購02  ,0,0,0,0,0,0,0,0,0,97000,0,0,0,100000,3000,97000,97000
05291P,鴻海凱基95售16  ,0,0,0,0,0,0,0,0,0,97000,0,0,0,97000,0,97000,97000
053155,晶技元大97購02  ,0,0,0,0,0,0,0,0,0,97000,0,0,0,448000,351000,97000,97000
054788,華新科群益98購02,0,0,0,0,0,0,0,0,0,97000,0,0,0,128000,31000,97000,97000
056106,晶相光永豐97購02,0,0,0,0,0,0,0,0,0,97000,0,0,0,281000,184000,97000,97000
2913,農林            ,332000,224000,108000,0,0,0,0,0,0,-11000,22000,32000,-10000,0,1000,-1000,97000
2485,兆赫            ,191000,134000,57000,0,0,0,0,0,0,40000,23000,17000,6000,57000,23000,34000,97000
06204P,鴻海群益97售04  ,0,0,0,0,0,0,0,0,0,96000,0,0,0,116000,20000,96000,96000
06507P,台表科國票99售01,0,0,0,0,0,0,0,0,0,96000,0,0,0,158000,62000,96000,96000
057434,國巨國票99購03  ,0,0,0,0,0,0,0,0,0,96000,0,0,0,1196000,1100000,96000,96000
057365,智邦元大98購07  ,0,0,0,0,0,0,0,0,0,96000,0,0,0,126000,30000,96000,96000
052818,智邦永豐96購01  ,0,0,0,0,0,0,0,0,0,96000,0,0,0,115000,19000,96000,96000
050402,緯穎中信96購01  ,0,0,0,0,0,0,0,0,0,96000,0,0,0,146000,50000,96000,96000
054756,世紀鋼凱基99購01,0,0,0,0,0,0,0,0,0,96000,0,0,0,441000,345000,96000,96000
054870,新日興群益98購01,0,0,0,0,0,0,0,0,0,96000,0,0,0,147000,51000,96000,96000
06660P,大立光富邦9B售03,0,0,0,0,0,0,0,0,0,96000,0,0,0,96000,0,96000,96000
057310,聯發科日盛99購01,0,0,0,0,0,0,0,0,0,95000,0,0,0,95000,0,95000,95000
057401,晶豪科群益99購01,0,0,0,0,0,0,0,0,0,95000,0,0,0,148000,53000,95000,95000
056686,可成統一98購01  ,0,0,0,0,0,0,0,0,0,95000,0,0,0,95000,0,95000,95000
057862,智邦凱基99購01  ,0,0,0,0,0,0,0,0,0,95000,0,0,0,358000,263000,95000,95000
057915,台泥凱基98購01  ,0,0,0,0,0,0,0,0,0,95000,0,0,0,95000,0,95000,95000
058012,鈺齊國票99購01  ,0,0,0,0,0,0,0,0,0,95000,0,0,0,160000,65000,95000,95000
052055,緯穎凱基95購03  ,0,0,0,0,0,0,0,0,0,95000,0,0,0,148000,53000,95000,95000
049302,聯茂日盛94購01  ,0,0,0,0,0,0,0,0,0,95000,0,0,0,105000,10000,95000,95000
052116,T50反1國票97購01,0,0,0,0,0,0,0,0,0,95000,0,0,0,105000,10000,95000,95000
05330P,臺股指凱基95售14,0,0,0,0,0,0,0,0,0,95000,0,0,0,95000,0,95000,95000
05315P,鴻海永昌96售08  ,0,0,0,0,0,0,0,0,0,95000,0,0,0,213000,118000,95000,95000
053108,南亞科兆豐96購01,0,0,0,0,0,0,0,0,0,95000,0,0,0,101000,6000,95000,95000
050925,可成凱基95購02  ,0,0,0,0,0,0,0,0,0,95000,0,0,0,100000,5000,95000,95000
051919,台郡元大96購02  ,0,0,0,0,0,0,0,0,0,95000,0,0,0,105000,10000,95000,95000
054584,貿聯元富97購01  ,0,0,0,0,0,0,0,0,0,95000,0,0,0,115000,20000,95000,95000
05651P,大立光元大97售02,0,0,0,0,0,0,0,0,0,95000,0,0,0,224000,129000,95000,95000
056488,致新元大99購01  ,0,0,0,0,0,0,0,0,0,95000,0,0,0,120000,25000,95000,95000
055546,台積電凱基97購12,0,0,0,0,0,0,0,0,0,95000,0,0,0,193000,98000,95000,95000
055949,亞德客元大97購04,0,0,0,0,0,0,0,0,0,95000,0,0,0,127000,32000,95000,95000
053468,鴻海元大98購01  ,0,0,0,0,0,0,0,0,0,95000,0,0,0,159000,64000,95000,95000
053551,可成凱基96購05  ,0,0,0,0,0,0,0,0,0,95000,0,0,0,95000,0,95000,95000
058305,華邦電元大99購02,0,0,0,0,0,0,0,0,0,94000,0,0,0,94000,0,94000,94000
06177P,玉晶光元大98售07,0,0,0,0,0,0,0,0,0,94000,0,0,0,95000,1000,94000,94000
056697,緯穎群益98購01  ,0,0,0,0,0,0,0,0,0,94000,0,0,0,124000,30000,94000,94000
05668P,滬深2X永豐96售04,0,0,0,0,0,0,0,0,0,94000,0,0,0,129000,35000,94000,94000
057059,易華電元大99購01,0,0,0,0,0,0,0,0,0,94000,0,0,0,94000,0,94000,94000
046191,新光金凱基98購01,0,0,0,0,0,0,0,0,0,94000,0,0,0,100000,6000,94000,94000
047536,正崴日盛93購01  ,0,0,0,0,0,0,0,0,0,94000,0,0,0,94000,0,94000,94000
045750,鈺齊富邦94購01  ,0,0,0,0,0,0,0,0,0,94000,0,0,0,94000,0,94000,94000
04680P,臺股指統一94售05,0,0,0,0,0,0,0,0,0,94000,0,0,0,184000,90000,94000,94000
051146,旺宏凱基95購04  ,0,0,0,0,0,0,0,0,0,94000,0,0,0,94000,0,94000,94000
049034,台達電兆豐94購01,0,0,0,0,0,0,0,0,0,94000,0,0,0,94000,0,94000,94000
051985,智邦元大95購05  ,0,0,0,0,0,0,0,0,0,94000,0,0,0,215000,121000,94000,94000
050405,新光金麥證94購01,0,0,0,94000,0,94000,0,0,0,94000,0,0,0,94000,0,94000,94000
052424,泰碩國票97購01  ,0,0,0,0,0,0,0,0,0,94000,0,0,0,94000,0,94000,94000
056291,聯茂永豐97購03  ,0,0,0,0,0,0,0,0,0,94000,0,0,0,248000,154000,94000,94000
055534,晶技群益97購03  ,0,0,0,0,0,0,0,0,0,94000,0,0,0,139000,45000,94000,94000
056808,台積電統一98購06,0,0,0,0,0,0,0,0,0,93000,0,0,0,125000,32000,93000,93000
058187,泰碩永豐99購01  ,0,0,0,0,0,0,0,0,0,93000,0,0,0,136000,43000,93000,93000
05787P,臺股指永昌96售04,0,0,0,0,0,0,0,0,0,93000,82000,0,82000,41000,30000,11000,93000
050083,旺宏元富94購01  ,0,0,0,0,0,0,0,0,0,93000,0,0,0,191000,98000,93000,93000
054878,和大統一97購02  ,0,0,0,0,0,0,0,0,0,93000,0,0,0,93000,0,93000,93000
054896,聯茂日盛97購01  ,0,0,0,0,0,0,0,0,0,93000,0,0,0,124000,31000,93000,93000
056229,可成凱基97購04  ,0,0,0,0,0,0,0,0,0,93000,0,0,0,119000,26000,93000,93000
055881,康控元富97購01  ,0,0,0,0,0,0,0,0,0,93000,0,0,0,310000,217000,93000,93000
06766P,玉晶光元大99售10,0,0,0,0,0,0,0,0,0,93000,0,0,0,170000,77000,93000,93000
06189P,華新科永豐97售03,0,0,0,0,0,0,0,0,0,92000,0,0,0,273000,181000,92000,92000
06034P,世芯凱基96售03  ,0,0,0,0,0,0,0,0,0,92000,0,0,0,128000,36000,92000,92000
05995P,T50正2中信9C售01,0,0,0,0,0,0,0,0,0,92000,0,0,0,125000,33000,92000,92000
056784,南亞科群益98購01,0,0,0,0,0,0,0,0,0,92000,0,0,0,103000,11000,92000,92000
057353,玉晶光統一99購01,0,0,0,0,0,0,0,0,0,92000,0,0,0,102000,10000,92000,92000
047637,旺宏元大94購03  ,0,0,0,0,0,0,0,0,0,92000,0,0,0,192000,100000,92000,92000
05123P,鴻海永昌96售07  ,0,0,0,0,0,0,0,0,0,92000,0,0,0,705000,613000,92000,92000
051089,旺宏元大96購04  ,0,0,0,0,0,0,0,0,0,92000,0,0,0,95000,3000,92000,92000
054170,泰鼎凱基98購01  ,0,0,0,0,0,0,0,0,0,92000,0,0,0,156000,64000,92000,92000
055805,矽力永豐97購01  ,0,0,0,0,0,0,0,0,0,92000,0,0,0,188000,96000,92000,92000
056214,義隆國票99購01  ,0,0,0,0,0,0,0,0,0,92000,0,0,0,102000,10000,92000,92000
056336,南亞科凱基98購02,0,0,0,0,0,0,0,0,0,92000,0,0,0,95000,3000,92000,92000
055215,智邦凱基98購02  ,0,0,0,0,0,0,0,0,0,92000,0,0,0,160000,68000,92000,92000
055363,緯穎凱基98購03  ,0,0,0,0,0,0,0,0,0,92000,0,0,0,109000,17000,92000,92000
1519,華城            ,159000,80000,79000,0,0,0,0,0,0,13000,18000,5000,13000,0,0,0,92000
1734,杏輝            ,210000,111000,99000,0,0,0,0,0,0,-7000,0,7000,-7000,0,0,0,92000
056960,光罩永豐98購01  ,0,0,0,0,0,0,0,0,0,91000,0,0,0,106000,15000,91000,91000
044637,滬深2X元富94購01,0,0,0,0,0,0,0,0,0,91000,0,0,0,201000,110000,91000,91000
03412P,滬深2X群益98售01,0,0,0,0,0,0,0,0,0,91000,0,0,0,431000,340000,91000,91000
051822,和碩元富95購01  ,0,0,0,0,0,0,0,0,0,91000,0,0,0,91000,0,91000,91000
051507,彩晶元富95購01  ,0,0,0,0,0,0,0,0,0,91000,0,0,0,150000,59000,91000,91000
052147,上緯控群益95購01,0,0,0,0,0,0,0,0,0,91000,0,0,0,91000,0,91000,91000
054872,瀚宇博群益98購01,0,0,0,0,0,0,0,0,0,91000,0,0,0,106000,15000,91000,91000
054849,日月光兆豐97購01,0,0,0,0,0,0,0,0,0,91000,0,0,0,91000,0,91000,91000
056038,可成凱基97購01  ,0,0,0,0,0,0,0,0,0,91000,0,0,0,96000,5000,91000,91000
055808,世紀鋼永豐97購01,0,0,0,0,0,0,0,0,0,91000,0,0,0,373000,282000,91000,91000
053577,上証2X元大96購02,0,0,0,0,0,0,0,0,0,91000,0,0,0,1083000,992000,91000,91000
057153,祥碩國泰99購01  ,0,0,0,0,0,0,0,0,0,90000,0,0,0,91000,1000,90000,90000
057836,南亞科國泰9A購01,0,0,0,0,0,0,0,0,0,90000,0,0,0,110000,20000,90000,90000
057749,華新科國票99購01,0,0,0,0,0,0,0,0,0,90000,0,0,0,100000,10000,90000,90000
057906,福懋科中信99購01,0,0,0,0,0,0,0,0,0,90000,0,0,0,90000,0,90000,90000
00739,元大MSCI A股    ,0,0,0,0,0,0,0,0,0,90000,0,0,0,276000,186000,90000,90000
04203P,超眾元大93售04  ,0,0,0,0,0,0,0,0,0,90000,0,0,0,90000,0,90000,90000
047372,創意國票94購01  ,0,0,0,0,0,0,0,0,0,90000,0,0,0,90000,0,90000,90000
049962,台光電元富94購01,0,0,0,0,0,0,0,0,0,90000,0,0,0,150000,60000,90000,90000
050196,嘉聯益元大97購01,0,0,0,0,0,0,0,0,0,90000,0,0,0,90000,0,90000,90000
048829,欣興凱基94購02  ,0,0,0,0,0,0,0,0,0,90000,0,0,0,91000,1000,90000,90000
052679,致伸富邦98購01  ,0,0,0,0,0,0,0,0,0,90000,0,0,0,100000,10000,90000,90000
052482,茂林群益95購01  ,0,0,0,0,0,0,0,0,0,90000,0,0,0,118000,28000,90000,90000
052766,玉晶光群益9A購01,0,0,0,0,0,0,0,0,0,90000,0,0,0,102000,12000,90000,90000
051670,欣興元大95購06  ,0,0,0,0,0,0,0,0,0,90000,0,0,0,153000,63000,90000,90000
051846,S&P反1中信96購02,0,0,0,0,0,0,0,0,0,90000,0,0,0,188000,98000,90000,90000
05186P,鈺齊中信95售02  ,0,0,0,0,0,0,0,0,0,90000,0,0,0,170000,80000,90000,90000
054347,上緯控國票96購02,0,0,0,0,0,0,0,0,0,90000,0,0,0,105000,15000,90000,90000
05540P,亞德客凱基96售01,0,0,0,0,0,0,0,0,0,90000,0,0,0,90000,0,90000,90000
053560,漢唐國泰98購01  ,0,0,0,0,0,0,0,0,0,90000,0,0,0,100000,10000,90000,90000
055700,緯穎國泰98購02  ,0,0,0,0,0,0,0,0,0,90000,0,0,0,118000,28000,90000,90000
053812,台積電群益96購09,0,0,0,0,0,0,0,0,0,90000,0,0,0,100000,10000,90000,90000
055114,新日興凱基98購01,0,0,0,0,0,0,0,0,0,90000,0,0,0,130000,40000,90000,90000
055466,台達電凱基97購03,0,0,0,0,0,0,0,0,0,90000,0,0,0,90000,0,90000,90000
056513,臻鼎亞東99購01  ,0,0,0,0,0,0,0,0,0,90000,0,0,0,148000,58000,90000,90000
06427P,鴻海元大97售13  ,0,0,0,0,0,0,0,0,0,89000,0,0,0,99000,10000,89000,89000
06219P,國巨元富97售05  ,0,0,0,0,0,0,0,0,0,89000,0,0,0,341000,252000,89000,89000
057796,鴻海兆豐99購03  ,0,0,0,0,0,0,0,0,0,89000,0,0,0,99000,10000,89000,89000
057013,聯發科麥證98購01,0,0,0,109000,20000,89000,0,0,0,89000,0,0,0,109000,20000,89000,89000
00656R,國泰中國A50反1  ,10000,33000,-23000,0,0,0,0,0,0,112000,73000,0,73000,357000,318000,39000,89000
054337,智邦統一96購01  ,0,0,0,0,0,0,0,0,0,89000,0,0,0,117000,28000,89000,89000
054060,晶技國票97購02  ,0,0,0,0,0,0,0,0,0,89000,0,0,0,94000,5000,89000,89000
052441,亞泥元大95購01  ,0,0,0,0,0,0,0,0,0,89000,0,0,0,385000,296000,89000,89000
055458,燿華永豐98購01  ,0,0,0,0,0,0,0,0,0,89000,0,0,0,89000,0,89000,89000
055741,健策元富97購01  ,0,0,0,0,0,0,0,0,0,89000,0,0,0,222000,133000,89000,89000
4545,銘鈺            ,108000,18000,90000,0,0,0,0,0,0,-1000,1000,2000,-1000,0,0,0,89000
057073,康控永豐98購01  ,0,0,0,0,0,0,0,0,0,88000,0,0,0,190000,102000,88000,88000
057767,緯穎凱基98購06  ,0,0,0,0,0,0,0,0,0,88000,0,0,0,128000,40000,88000,88000
057641,旺宏元大98購10  ,0,0,0,0,0,0,0,0,0,88000,0,0,0,180000,92000,88000,88000
06134P,緯穎元富97售03  ,0,0,0,0,0,0,0,0,0,88000,0,0,0,138000,50000,88000,88000
049836,矽創凱基94購02  ,0,0,0,0,0,0,0,0,0,88000,0,0,0,88000,0,88000,88000
052927,友達元大98購02  ,0,0,0,0,0,0,0,0,0,88000,0,0,0,145000,57000,88000,88000
05169P,玉晶光元大95售03,0,0,0,0,0,0,0,0,0,88000,0,0,0,103000,15000,88000,88000
055666,鴻海群益97購05  ,0,0,0,0,0,0,0,0,0,88000,0,0,0,98000,10000,88000,88000
056043,力成凱基97購01  ,0,0,0,0,0,0,0,0,0,88000,0,0,0,138000,50000,88000,88000
056448,全新凱基99購01  ,0,0,0,0,0,0,0,0,0,88000,0,0,0,145000,57000,88000,88000
055274,華泰元大97購02  ,0,0,0,0,0,0,0,0,0,88000,0,0,0,118000,30000,88000,88000
054406,旺宏國票98購01  ,0,0,0,0,0,0,0,0,0,88000,0,0,0,128000,40000,88000,88000
048281,矽力永豐93購02  ,0,0,0,0,0,0,0,0,0,87000,0,0,0,106000,19000,87000,87000
04820P,聯茂永豐94售02  ,0,0,0,0,0,0,0,0,0,87000,0,0,0,97000,10000,87000,87000
050116,嘉澤元大94購03  ,0,0,0,0,0,0,0,0,0,87000,0,0,0,237000,150000,87000,87000
052786,S&P500中信96購01,0,0,0,0,0,0,0,0,0,87000,0,0,0,223000,136000,87000,87000
052353,高鐵群益97購01  ,0,0,0,0,0,0,0,0,0,87000,0,0,0,98000,11000,87000,87000
056054,亞德客元大97購05,0,0,0,0,0,0,0,0,0,87000,0,0,0,87000,0,87000,87000
056177,嘉澤元富97購01  ,0,0,0,0,0,0,0,0,0,87000,0,0,0,97000,10000,87000,87000
053894,創意群益96購01  ,0,0,0,0,0,0,0,0,0,87000,0,0,0,171000,84000,87000,87000
057930,旺宏群益99購04  ,0,0,0,0,0,0,0,0,0,86000,0,0,0,127000,41000,86000,86000
058061,貿聯元富9B購01  ,0,0,0,0,0,0,0,0,0,86000,0,0,0,170000,84000,86000,86000
057770,亞德客群益98購01,0,0,0,0,0,0,0,0,0,86000,0,0,0,95000,9000,86000,86000
05772P,景碩凱基96售02  ,0,0,0,0,0,0,0,0,0,86000,0,0,0,89000,3000,86000,86000
057218,可成群益99購03  ,0,0,0,0,0,0,0,0,0,86000,0,0,0,138000,52000,86000,86000
04888P,臺股指凱基95售03,0,0,0,0,0,0,0,0,0,86000,0,0,0,151000,65000,86000,86000
049123,可成元富94購01  ,0,0,0,0,0,0,0,0,0,86000,0,0,0,86000,0,86000,86000
052028,健策群益95購02  ,0,0,0,0,0,0,0,0,0,86000,0,0,0,108000,22000,86000,86000
052987,華新科元大99購01,0,0,0,0,0,0,0,0,0,86000,0,0,0,135000,49000,86000,86000
050933,南亞國票95購01  ,0,0,0,0,0,0,0,0,0,86000,0,0,0,86000,0,86000,86000
053751,康控永豐96購02  ,0,0,0,0,0,0,0,0,0,86000,0,0,0,86000,0,86000,86000
055760,新日興群益98購02,0,0,0,0,0,0,0,0,0,86000,0,0,0,96000,10000,86000,86000
053553,聯詠凱基96購03  ,0,0,0,0,0,0,0,0,0,86000,0,0,0,86000,0,86000,86000
053455,台光電元富96購02,0,0,0,0,0,0,0,0,0,86000,0,0,0,481000,395000,86000,86000
056530,旺宏凱基98購06  ,0,0,0,0,0,0,0,0,0,86000,0,0,0,86000,0,86000,86000
056558,台達電群益98購01,0,0,0,0,0,0,0,0,0,86000,0,0,0,86000,0,86000,86000
056844,欣興元富98購03  ,0,0,0,0,0,0,0,0,0,85000,0,0,0,112000,27000,85000,85000
057697,國巨群益98購09  ,0,0,0,0,0,0,0,0,0,85000,0,0,0,95000,10000,85000,85000
040760,T50反1凱基95購01,0,0,0,0,0,0,0,0,0,85000,0,0,0,85000,0,85000,85000
048137,力成國票93購01  ,0,0,0,0,0,0,0,0,0,85000,0,0,0,85000,0,85000,85000
050760,矽力元富94購03  ,0,0,0,0,0,0,0,0,0,85000,0,0,0,105000,20000,85000,85000
054091,晶豪科群益96購01,0,0,0,0,0,0,0,0,0,85000,0,0,0,135000,50000,85000,85000
050673,旺宏富邦96購02  ,0,0,0,0,0,0,0,0,0,85000,0,0,0,92000,7000,85000,85000
051570,和碩富邦97購01  ,0,0,0,0,0,0,0,0,0,85000,0,0,0,190000,105000,85000,85000
05267P,欣興元大95售08  ,0,0,0,0,0,0,0,0,0,85000,0,0,0,95000,10000,85000,85000
053221,彩晶凱基98購01  ,0,0,0,0,0,0,0,0,0,85000,0,0,0,85000,0,85000,85000
05140P,台表科國票96售01,0,0,0,0,0,0,0,0,0,85000,0,0,0,125000,40000,85000,85000
055297,啟碁元大97購01  ,0,0,0,0,0,0,0,0,0,85000,0,0,0,85000,0,85000,85000
053625,國巨兆豐96購03  ,0,0,0,0,0,0,0,0,0,85000,0,0,0,435000,350000,85000,85000
053641,正文永豐96購01  ,0,0,0,0,0,0,0,0,0,85000,0,0,0,95000,10000,85000,85000
055832,台達電元大97購02,0,0,0,0,0,0,0,0,0,85000,0,0,0,85000,0,85000,85000
056337,聯發科凱基98購06,0,0,0,0,0,0,0,0,0,85000,0,0,0,85000,0,85000,85000
056273,祥碩統一97購02  ,0,0,0,0,0,0,0,0,0,85000,0,0,0,86000,1000,85000,85000
08218P,滬深2X凱基96售01,0,0,0,0,0,0,0,0,0,85000,0,0,0,85000,0,85000,85000
057318,台光電凱基9A購01,0,0,0,0,0,0,0,0,0,84000,0,0,0,128000,44000,84000,84000
057193,力成元大98購02  ,0,0,0,0,0,0,0,0,0,84000,0,0,0,103000,19000,84000,84000
06459P,亞德客元富98售01,0,0,0,0,0,0,0,0,0,84000,0,0,0,85000,1000,84000,84000
048315,聯發科凱基93購32,0,0,0,0,0,0,0,0,0,84000,0,0,0,84000,0,84000,84000
050690,台達電凱基96購01,0,0,0,0,0,0,0,0,0,84000,0,0,0,94000,10000,84000,84000
056230,可成凱基98購03  ,0,0,0,0,0,0,0,0,0,84000,0,0,0,89000,5000,84000,84000
056360,智邦元大98購01  ,0,0,0,0,0,0,0,0,0,84000,0,0,0,98000,14000,84000,84000
053861,台光電元大98購01,0,0,0,0,0,0,0,0,0,84000,0,0,0,115000,31000,84000,84000
056190,昇陽半統一97購01,0,0,0,0,0,0,0,0,0,84000,0,0,0,112000,28000,84000,84000
056152,可成凱基97購02  ,0,0,0,0,0,0,0,0,0,84000,0,0,0,84000,0,84000,84000
056124,華通國票98購02  ,0,0,0,0,0,0,0,0,0,84000,0,0,0,106000,22000,84000,84000
055806,致新永豐97購02  ,0,0,0,0,0,0,0,0,0,84000,0,0,0,84000,0,84000,84000
055877,奇鋐元富97購01  ,0,0,0,0,0,0,0,0,0,84000,0,0,0,136000,52000,84000,84000
6672,騰輝電子-KY     ,168000,83000,85000,0,0,0,0,0,0,-1000,0,1000,-1000,0,0,0,84000
06375P,矽力元大97售06  ,0,0,0,0,0,0,0,0,0,83000,0,0,0,130000,47000,83000,83000
048938,玉晶光永豐95購02,0,0,0,0,0,0,0,0,0,83000,0,0,0,87000,4000,83000,83000
043642,元金2X國票97購01,0,0,0,0,0,0,0,0,0,83000,0,0,0,91000,8000,83000,83000
052195,健策元富95購01  ,0,0,0,0,0,0,0,0,0,83000,0,0,0,118000,35000,83000,83000
05171P,臺股指元大95售15,0,0,0,0,0,0,0,0,0,83000,0,0,0,83000,0,83000,83000
053610,矽力中信98購01  ,0,0,0,0,0,0,0,0,0,83000,0,0,0,354000,271000,83000,83000
053528,南電中信9A購01  ,0,0,0,0,0,0,0,0,0,83000,0,0,0,115000,32000,83000,83000
05374P,台積電國票96售07,0,0,0,0,0,0,0,0,0,83000,0,0,0,84000,1000,83000,83000
053728,茂林凱基97購01  ,0,0,0,0,0,0,0,0,0,83000,0,0,0,91000,8000,83000,83000
3645,達邁            ,145000,57000,88000,0,0,0,0,0,0,-5000,0,5000,-5000,0,0,0,83000
06646P,國巨元大98售16  ,0,0,0,0,0,0,0,0,0,83000,0,0,0,93000,10000,83000,83000
04185P,欣興統一93售05  ,0,0,0,0,0,0,0,0,0,82000,0,0,0,82000,0,82000,82000
048871,晶豪科國票94購01,0,0,0,0,0,0,0,0,0,82000,0,0,0,112000,30000,82000,82000
049229,台化富邦94購01  ,0,0,0,0,0,0,0,0,0,82000,0,0,0,82000,0,82000,82000
048483,可成國泰95購01  ,0,0,0,0,0,0,0,0,0,82000,0,0,0,96000,14000,82000,82000
05542P,滬深2X元富96售01,0,0,0,0,0,0,0,0,0,82000,0,0,0,142000,60000,82000,82000
053744,台郡國票97購03  ,0,0,0,0,0,0,0,0,0,82000,0,0,0,92000,10000,82000,82000
056056,旺宏元大97購06  ,0,0,0,0,0,0,0,0,0,82000,0,0,0,82000,0,82000,82000
053672,嘉澤元富96購02  ,0,0,0,0,0,0,0,0,0,82000,0,0,0,102000,20000,82000,82000
054548,鴻海凱基98購03  ,0,0,0,0,0,0,0,0,0,82000,0,0,0,102000,20000,82000,82000
055563,智易凱基97購02  ,0,0,0,0,0,0,0,0,0,82000,0,0,0,150000,68000,82000,82000
06589P,台積電元大98售12,0,0,0,0,0,0,0,0,0,82000,0,0,0,87000,5000,82000,82000
06366P,鴻海凱基97售10  ,0,0,0,0,0,0,0,0,0,81000,0,0,0,201000,120000,81000,81000
06150P,奇力新元大97售06,0,0,0,0,0,0,0,0,0,81000,0,0,0,180000,99000,81000,81000
06096P,全新永豐97售02  ,0,0,0,0,0,0,0,0,0,81000,0,0,0,121000,40000,81000,81000
058060,貿聯元富98購01  ,0,0,0,0,0,0,0,0,0,81000,0,0,0,184000,103000,81000,81000
058118,瑞昱群益99購01  ,0,0,0,0,0,0,0,0,0,81000,0,0,0,179000,98000,81000,81000
058111,健鼎元富98購01  ,0,0,0,0,0,0,0,0,0,81000,0,0,0,98000,17000,81000,81000
056899,可成元大98購01  ,0,0,0,0,0,0,0,0,0,81000,0,0,0,81000,0,81000,81000
056893,智邦元大98購02  ,0,0,0,0,0,0,0,0,0,81000,0,0,0,156000,75000,81000,81000
057536,康控元大99購03  ,0,0,0,0,0,0,0,0,0,81000,0,0,0,116000,35000,81000,81000
048237,致茂國票94購01  ,0,0,0,0,0,0,0,0,0,81000,0,0,0,81000,0,81000,81000
053959,晶豪科永豐96購02,0,0,0,0,0,0,0,0,0,81000,0,0,0,231000,150000,81000,81000
054213,欣興國票97購04  ,0,0,0,0,0,0,0,0,0,81000,0,0,0,81000,0,81000,81000
050836,緯穎凱基95購01  ,0,0,0,0,0,0,0,0,0,81000,0,0,0,108000,27000,81000,81000
050618,緯創元大95購01  ,0,0,0,0,0,0,0,0,0,81000,0,0,0,103000,22000,81000,81000
053176,矽力群益96購02  ,0,0,0,0,0,0,0,0,0,81000,0,0,0,91000,10000,81000,81000
052769,達興群益96購01  ,0,0,0,0,0,0,0,0,0,81000,0,0,0,107000,26000,81000,81000
055108,智邦凱基98購01  ,0,0,0,0,0,0,0,0,0,81000,0,0,0,88000,7000,81000,81000
055234,昇陽半國票98購02,0,0,0,0,0,0,0,0,0,81000,0,0,0,91000,10000,81000,81000
05488P,臺股指凱基95售21,0,0,0,0,0,0,0,0,0,81000,0,0,0,81000,0,81000,81000
053617,宏達電群益96購02,0,0,0,0,0,0,0,0,0,81000,0,0,0,100000,19000,81000,81000
053470,華邦電元大96購02,0,0,0,0,0,0,0,0,0,81000,0,0,0,101000,20000,81000,81000
055663,崇越中信97購01  ,0,0,0,0,0,0,0,0,0,81000,0,0,0,105000,24000,81000,81000
2449,京元電子        ,3602105,3974517,-372412,0,0,0,4000,0,4000,449000,78000,105000,-27000,495000,19000,476000,80588
057479,致茂元大98購03  ,0,0,0,0,0,0,0,0,0,80000,0,0,0,80000,0,80000,80000
057189,康控元大98購02  ,0,0,0,0,0,0,0,0,0,80000,0,0,0,143000,63000,80000,80000
058188,華擎永豐99購01  ,0,0,0,0,0,0,0,0,0,80000,0,0,0,180000,100000,80000,80000
06185P,台表科元大97售05,0,0,0,0,0,0,0,0,0,80000,0,0,0,395000,315000,80000,80000
06525P,上証2X國泰99售01,0,0,0,0,0,0,0,0,0,80000,0,0,0,400000,320000,80000,80000
049885,緯穎永豐94購01  ,0,0,0,0,0,0,0,0,0,80000,0,0,0,84000,4000,80000,80000
04964P,鴻海元大94售26  ,0,0,0,0,0,0,0,0,0,80000,0,0,0,81000,1000,80000,80000
050164,揚明光國泰95購01,0,0,0,0,0,0,0,0,0,80000,0,0,0,80000,0,80000,80000
04902P,國巨台新94售04  ,0,0,0,0,0,0,0,0,0,80000,0,0,0,80000,0,80000,80000
04233P,儒鴻兆豐93售01  ,0,0,0,0,0,0,0,0,0,80000,0,0,0,80000,0,80000,80000
04241P,欣興國泰95售02  ,0,0,0,0,0,0,0,0,0,80000,0,0,0,85000,5000,80000,80000
01002T,土銀國泰R1      ,80000,0,80000,0,0,0,0,0,0,0,0,0,0,0,0,0,80000
04551P,台表科元大94售02,0,0,0,0,0,0,0,0,0,80000,0,0,0,80000,0,80000,80000
050491,旺宏國泰96購01  ,0,0,0,0,0,0,0,0,0,80000,0,0,0,98000,18000,80000,80000
050588,矽創國票95購01  ,0,0,0,0,0,0,0,0,0,80000,0,0,0,80000,0,80000,80000
051078,力山富邦97購01  ,0,0,0,0,0,0,0,0,0,80000,0,0,0,80000,0,80000,80000
054162,光罩凱基98購01  ,0,0,0,0,0,0,0,0,0,80000,0,0,0,80000,0,80000,80000
054082,楠梓電元富96購01,0,0,0,0,0,0,0,0,0,80000,0,0,0,80000,0,80000,80000
050711,TPK中信94購01   ,0,0,0,0,0,0,0,0,0,80000,0,0,0,80000,0,80000,80000
051559,宏達電國泰96購01,0,0,0,0,0,0,0,0,0,80000,0,0,0,80000,0,80000,80000
051602,南茂兆豐96購01  ,0,0,0,0,0,0,0,0,0,80000,0,0,0,140000,60000,80000,80000
05575P,玉晶光元富96售01,0,0,0,0,0,0,0,0,0,80000,0,0,0,80000,0,80000,80000
056133,可成元大97購05  ,0,0,0,0,0,0,0,0,0,80000,0,0,0,154000,74000,80000,80000
054889,京鼎統一99購01  ,0,0,0,0,0,0,0,0,0,80000,0,0,0,120000,40000,80000,80000
05468P,鴻海元大96售14  ,0,0,0,0,0,0,0,0,0,80000,0,0,0,557000,477000,80000,80000
054676,牧德台新98購01  ,0,0,0,0,0,0,0,0,0,80000,0,0,0,80000,0,80000,80000
055344,國巨凱基97購04  ,0,0,0,0,0,0,0,0,0,80000,0,0,0,80000,0,80000,80000
055989,矽力元富9A購01  ,0,0,0,0,0,0,0,0,0,80000,0,0,0,150000,70000,80000,80000
1720,生達            ,158000,78000,80000,0,0,0,0,0,0,0,4000,4000,0,0,0,0,80000
057288,聯茂元大98購03  ,0,0,0,0,0,0,0,0,0,79000,0,0,0,116000,37000,79000,79000
051157,華新科富邦98購01,0,0,0,0,0,0,0,0,0,79000,0,0,0,92000,13000,79000,79000
049542,鴻海群益94購05  ,0,0,0,0,0,0,0,0,0,79000,0,0,0,79000,0,79000,79000
051769,矽力元大95購01  ,0,0,0,0,0,0,0,0,0,79000,0,0,0,81000,2000,79000,79000
052713,智邦凱基96購01  ,0,0,0,0,0,0,0,0,0,79000,0,0,0,203000,124000,79000,79000
056192,智邦富邦98購01  ,0,0,0,0,0,0,0,0,0,79000,0,0,0,651000,572000,79000,79000
056271,嘉澤統一97購01  ,0,0,0,0,0,0,0,0,0,79000,0,0,0,79000,0,79000,79000
056290,正文永豐98購01  ,0,0,0,0,0,0,0,0,0,79000,0,0,0,109000,30000,79000,79000
053482,矽力元大96購03  ,0,0,0,0,0,0,0,0,0,79000,0,0,0,80000,1000,79000,79000
4164,承業醫          ,87000,8000,79000,0,0,0,0,0,0,0,0,0,0,0,0,0,79000
056980,建準群益98購02  ,0,0,0,0,0,0,0,0,0,78000,0,0,0,102000,24000,78000,78000
056859,台積電群益98購02,0,0,0,0,0,0,0,0,0,78000,0,0,0,876000,798000,78000,78000
05957P,友達國票97售04  ,0,0,0,0,0,0,0,0,0,78000,0,0,0,148000,70000,78000,78000
049117,矽格統一96購01  ,0,0,0,0,0,0,0,0,0,78000,0,0,0,88000,10000,78000,78000
046884,元油反群益95購01,0,0,0,0,0,0,0,0,0,78000,0,0,0,117000,39000,78000,78000
046962,群創中信95購03  ,0,0,0,0,0,0,0,0,0,78000,0,0,0,78000,0,78000,78000
047624,台達電國票93購01,0,0,0,0,0,0,0,0,0,78000,0,0,0,78000,0,78000,78000
04793P,台光電元大94售07,0,0,0,0,0,0,0,0,0,78000,0,0,0,78000,0,78000,78000
044693,滬深2X元大94購01,0,0,0,0,0,0,0,0,0,78000,0,0,0,80000,2000,78000,78000
052822,泰碩永豐97購01  ,0,0,0,0,0,0,0,0,0,78000,0,0,0,151000,73000,78000,78000
052135,聯發科凱基9B購01,0,0,0,0,0,0,0,0,0,78000,0,0,0,121000,43000,78000,78000
051686,宏達電凱基95購04,0,0,0,0,0,0,0,0,0,78000,0,0,0,164000,86000,78000,78000
051474,智邦凱基95購04  ,0,0,0,0,0,0,0,0,0,78000,0,0,0,98000,20000,78000,78000
051120,南亞科群益95購01,0,0,0,0,0,0,0,0,0,78000,0,0,0,90000,12000,78000,78000
050945,致茂群益95購01  ,0,0,0,0,0,0,0,0,0,78000,0,0,0,78000,0,78000,78000
05091P,台積電元大95售11,0,0,0,0,0,0,0,0,0,78000,0,0,0,1366000,1288000,78000,78000
053380,南亞科元大97購01,0,0,0,0,0,0,0,0,0,78000,0,0,0,123000,45000,78000,78000
054070,創意國泰96購02  ,0,0,0,0,0,0,0,0,0,78000,0,0,0,100000,22000,78000,78000
053441,旺宏凱基98購01  ,0,0,0,0,0,0,0,0,0,78000,0,0,0,78000,0,78000,78000
053567,群創富邦97購01  ,0,0,0,0,0,0,0,0,0,78000,0,0,0,118000,40000,78000,78000
053755,亞光元富96購01  ,0,0,0,0,0,0,0,0,0,78000,0,0,0,98000,20000,78000,78000
055445,旺宏統一99購01  ,0,0,0,0,0,0,0,0,0,78000,0,0,0,78000,0,78000,78000
055341,台達電凱基97購02,0,0,0,0,0,0,0,0,0,78000,0,0,0,185000,107000,78000,78000
055351,聯發科凱基97購03,0,0,0,0,0,0,0,0,0,78000,0,0,0,78000,0,78000,78000
055045,台肥永豐97購01  ,0,0,0,0,0,0,0,0,0,78000,0,0,0,78000,0,78000,78000
054922,文曄凱基98購01  ,0,0,0,0,0,0,0,0,0,78000,0,0,0,78000,0,78000,78000
1514,亞力            ,257000,168000,89000,0,0,0,0,0,0,-11000,0,11000,-11000,0,0,0,78000
05921P,同欣電元大96售06,0,0,0,0,0,0,0,0,0,77000,0,0,0,100000,23000,77000,77000
057835,華擎元富9B購01  ,0,0,0,0,0,0,0,0,0,77000,0,0,0,110000,33000,77000,77000
04646P,TPK凱基94售03   ,0,0,0,0,0,0,0,0,0,77000,0,0,0,77000,0,77000,77000
045516,聯茂統一94購01  ,0,0,0,0,0,0,0,0,0,77000,0,0,0,119000,42000,77000,77000
049950,南亞科群益94購02,0,0,0,0,0,0,0,0,0,77000,0,0,0,135000,58000,77000,77000
055346,國巨凱基98購02  ,0,0,0,0,0,0,0,0,0,77000,0,0,0,252000,175000,77000,77000
056183,南亞科統一97購02,0,0,0,0,0,0,0,0,0,77000,0,0,0,77000,0,77000,77000
057583,啟碁中信9A購01  ,0,0,0,0,0,0,0,0,0,76000,0,0,0,76000,0,76000,76000
057380,技嘉國泰9A購01  ,0,0,0,0,0,0,0,0,0,76000,0,0,0,486000,410000,76000,76000
057430,富邦金兆豐98購01,0,0,0,0,0,0,0,0,0,76000,0,0,0,76000,0,76000,76000
05861P,瀚宇博永豐96售02,0,0,0,0,0,0,0,0,0,76000,0,0,0,103000,27000,76000,76000
06312P,樺漢元富97售02  ,0,0,0,0,0,0,0,0,0,76000,0,0,0,92000,16000,76000,76000
057874,可成元大99購02  ,0,0,0,0,0,0,0,0,0,76000,0,0,0,246000,170000,76000,76000
049459,全新元富95購02  ,0,0,0,0,0,0,0,0,0,76000,0,0,0,76000,0,76000,76000
048758,美利達元富96購02,0,0,0,0,0,0,0,0,0,76000,0,0,0,76000,0,76000,76000
04979P,臺股指凱基96售07,0,0,0,0,0,0,0,0,0,76000,0,0,0,278000,202000,76000,76000
047967,南亞科國泰95購01,0,0,0,0,0,0,0,0,0,76000,0,0,0,79000,3000,76000,76000
051913,緯創元大96購01  ,0,0,0,0,0,0,0,0,0,76000,0,0,0,101000,25000,76000,76000
052966,光磊群益96購01  ,0,0,0,0,0,0,0,0,0,76000,0,0,0,129000,53000,76000,76000
056324,南亞科兆豐98購01,0,0,0,0,0,0,0,0,0,76000,0,0,0,77000,1000,76000,76000
058337,日月光元富99購01,0,0,0,0,0,0,0,0,0,75000,0,0,0,75000,0,75000,75000
06193P,台積電元富97售04,0,0,0,0,0,0,0,0,0,75000,0,0,0,478000,403000,75000,75000
05856P,A50正2中信99售01,0,0,0,0,0,0,0,0,0,75000,0,0,0,95000,20000,75000,75000
057007,奇力新中信98購04,0,0,0,0,0,0,0,0,0,75000,0,0,0,75000,0,75000,75000
047880,聯發科國泰94購03,0,0,0,0,0,0,0,0,0,75000,0,0,0,97000,22000,75000,75000
04586P,光罩永豐94售02  ,0,0,0,0,0,0,0,0,0,75000,0,0,0,75000,0,75000,75000
046831,大立光群益94購01,0,0,0,0,0,0,0,0,0,75000,0,0,0,85000,10000,75000,75000
053179,大立光統一96購04,0,0,0,0,0,0,0,0,0,75000,0,0,0,75000,0,75000,75000
051506,台積電元富95購06,0,0,0,0,0,0,0,0,0,75000,0,0,0,272000,197000,75000,75000
051594,和碩元大96購01  ,0,0,0,0,0,0,0,0,0,75000,0,0,0,82000,7000,75000,75000
05623P,台積電中信96售03,0,0,0,0,0,0,0,0,0,75000,0,0,0,100000,25000,75000,75000
056165,矽力凱基98購02  ,0,0,0,0,0,0,0,0,0,75000,0,0,0,145000,70000,75000,75000
055681,奇鋐凱基98購03  ,0,0,0,0,0,0,0,0,0,75000,0,0,0,90000,15000,75000,75000
054940,台積電元大97購16,0,0,0,0,0,0,0,0,0,75000,0,0,0,118000,43000,75000,75000
054694,聯鈞永豐97購01  ,0,0,0,0,0,0,0,0,0,75000,0,0,0,119000,44000,75000,75000
055305,旺宏群益99購01  ,0,0,0,0,0,0,0,0,0,75000,0,0,0,75000,0,75000,75000
1611,中電            ,150000,67000,83000,0,0,0,0,0,0,-8000,0,8000,-8000,0,0,0,75000
06715P,台積電元大99售04,0,0,0,0,0,0,0,0,0,75000,0,0,0,1060000,985000,75000,75000
2642,宅配通          ,104000,29000,75000,0,0,0,0,0,0,0,0,0,0,0,0,0,75000
057726,華通國泰9A購01  ,0,0,0,0,0,0,0,0,0,74000,0,0,0,148000,74000,74000,74000
06125P,楠梓電元富99售01,0,0,0,0,0,0,0,0,0,74000,0,0,0,74000,0,74000,74000
06354P,大立光永豐97售04,0,0,0,0,0,0,0,0,0,74000,0,0,0,128000,54000,74000,74000
058311,緯穎元大99購05  ,0,0,0,0,0,0,0,0,0,74000,0,0,0,129000,55000,74000,74000
047930,嘉澤凱基93購03  ,0,0,0,0,0,0,0,0,0,74000,0,0,0,104000,30000,74000,74000
044567,華通凱基93購03  ,0,0,0,0,0,0,0,0,0,74000,0,0,0,84000,10000,74000,74000
053331,玉晶光永豐97購02,0,0,0,0,0,0,0,0,0,74000,0,0,0,89000,15000,74000,74000
050377,華通第一94購01  ,0,0,0,0,0,0,0,0,0,74000,0,0,0,80000,6000,74000,74000
049031,矽格群益94購01  ,0,0,0,0,0,0,0,0,0,74000,0,0,0,85000,11000,74000,74000
054057,晶豪科國票97購01,0,0,0,0,0,0,0,0,0,74000,0,0,0,84000,10000,74000,74000
053066,欣興群益96購02  ,0,0,0,0,0,0,0,0,0,74000,0,0,0,101000,27000,74000,74000
052354,健策群益96購02  ,0,0,0,0,0,0,0,0,0,74000,0,0,0,204000,130000,74000,74000
052574,茂林凱基96購02  ,0,0,0,0,0,0,0,0,0,74000,0,0,0,130000,56000,74000,74000
054677,智易台新98購02  ,0,0,0,0,0,0,0,0,0,74000,0,0,0,74000,0,74000,74000
054300,華通凱基96購07  ,0,0,0,0,0,0,0,0,0,74000,0,0,0,76000,2000,74000,74000
055153,台光電元大98購02,0,0,0,0,0,0,0,0,0,74000,0,0,0,138000,64000,74000,74000
055474,欣興凱基97購05  ,0,0,0,0,0,0,0,0,0,74000,0,0,0,255000,181000,74000,74000
055710,亞德客元大97購03,0,0,0,0,0,0,0,0,0,74000,0,0,0,118000,44000,74000,74000
055712,金寶元大97購02  ,0,0,0,0,0,0,0,0,0,74000,0,0,0,74000,0,74000,74000
055728,緯穎元大97購03  ,0,0,0,0,0,0,0,0,0,74000,0,0,0,79000,5000,74000,74000
053821,群創群益98購08  ,0,0,0,0,0,0,0,0,0,74000,0,0,0,74000,0,74000,74000
056450,可成凱基98購05  ,0,0,0,0,0,0,0,0,0,74000,0,0,0,76000,2000,74000,74000
06301P,臺股指元大97售04,0,0,0,0,0,0,0,0,0,73000,0,0,0,73000,0,73000,73000
057382,聯發科國泰9A購01,0,0,0,0,0,0,0,0,0,73000,0,0,0,171000,98000,73000,73000
048286,滬深2X兆豐94購04,0,0,0,0,0,0,0,0,0,73000,0,0,0,238000,165000,73000,73000
049913,微星元大94購01  ,0,0,0,0,0,0,0,0,0,73000,0,0,0,73000,0,73000,73000
04439P,聯發科群益94售04,0,0,0,0,0,0,0,0,0,73000,0,0,0,73000,0,73000,73000
052914,奇力新元富96購01,0,0,0,0,0,0,0,0,0,73000,0,0,0,91000,18000,73000,73000
052863,友達凱基98購02  ,0,0,0,0,0,0,0,0,0,73000,0,0,0,73000,0,73000,73000
053962,聯茂永豐96購01  ,0,0,0,0,0,0,0,0,0,73000,0,0,0,181000,108000,73000,73000
051923,聯發科日盛95購02,0,0,0,0,0,0,0,0,0,73000,0,0,0,73000,0,73000,73000
051902,T50反1元大97購01,0,0,0,0,0,0,0,0,0,73000,0,0,0,153000,80000,73000,73000
056116,義隆群益97購02  ,0,0,0,0,0,0,0,0,0,73000,0,0,0,171000,98000,73000,73000
055672,國巨日盛97購02  ,0,0,0,0,0,0,0,0,0,73000,0,0,0,137000,64000,73000,73000
055514,亞光麥證97購01  ,0,0,0,104000,31000,73000,0,0,0,73000,0,0,0,104000,31000,73000,73000
1902,台紙            ,77000,47000,30000,0,0,0,0,0,0,43000,50000,7000,43000,0,0,0,73000
057356,彩晶統一98購04  ,0,0,0,0,0,0,0,0,0,72000,0,0,0,72000,0,72000,72000
057734,訊芯國泰9A購01  ,0,0,0,0,0,0,0,0,0,72000,0,0,0,72000,0,72000,72000
056769,國產元大98購01  ,0,0,0,0,0,0,0,0,0,72000,0,0,0,72000,0,72000,72000
043735,元金2X元大94購01,0,0,0,0,0,0,0,0,0,72000,0,0,0,72000,0,72000,72000
045897,泰鼎元大93購04  ,0,0,0,0,0,0,0,0,0,72000,0,0,0,135000,63000,72000,72000
04553P,S&P正2中信95售01,0,0,0,0,0,0,0,0,0,72000,0,0,0,461000,389000,72000,72000
048704,台表科國票95購01,0,0,0,0,0,0,0,0,0,72000,0,0,0,282000,210000,72000,72000
051789,嘉澤國票96購01  ,0,0,0,0,0,0,0,0,0,72000,0,0,0,72000,0,72000,72000
054235,欣興群益96購06  ,0,0,0,0,0,0,0,0,0,72000,0,0,0,141000,69000,72000,72000
055457,聚陽永豐97購01  ,0,0,0,0,0,0,0,0,0,72000,0,0,0,72000,0,72000,72000
055357,欣興凱基97購04  ,0,0,0,0,0,0,0,0,0,72000,0,0,0,72000,0,72000,72000
054248,燿華元大97購02  ,0,0,0,0,0,0,0,0,0,72000,0,0,0,104000,32000,72000,72000
053440,台積電凱基96購12,0,0,0,0,0,0,0,0,0,72000,0,0,0,204000,132000,72000,72000
056070,新日興元大97購04,0,0,0,0,0,0,0,0,0,72000,0,0,0,129000,57000,72000,72000
07003P,聯發科兆豐99售02,0,0,0,0,0,0,0,0,0,72000,0,0,0,222000,150000,72000,72000
06752P,訊芯凱基98售05  ,0,0,0,0,0,0,0,0,0,72000,0,0,0,127000,55000,72000,72000
06853P,華擎元富98售03  ,0,0,0,0,0,0,0,0,0,72000,0,0,0,92000,20000,72000,72000
056931,智原台新98購01  ,0,0,0,0,0,0,0,0,0,71000,0,0,0,71000,0,71000,71000
057526,智邦元大98購10  ,0,0,0,0,0,0,0,0,0,71000,0,0,0,106000,35000,71000,71000
06094P,台達電中信97售01,0,0,0,0,0,0,0,0,0,71000,0,0,0,110000,39000,71000,71000
057924,健策凱基98購02  ,0,0,0,0,0,0,0,0,0,71000,0,0,0,71000,0,71000,71000
057984,聯發科台新98購01,0,0,0,0,0,0,0,0,0,71000,0,0,0,71000,0,71000,71000
046906,新光金凱基99購02,0,0,0,0,0,0,0,0,0,71000,0,0,0,71000,0,71000,71000
00743,國泰中國A150    ,0,2000,-2000,0,0,0,0,0,0,73000,0,0,0,83000,10000,73000,71000
053951,T50反1台新06購02,0,0,0,0,0,0,0,0,0,71000,0,0,0,171000,100000,71000,71000
054068,華通國泰96購02  ,0,0,0,0,0,0,0,0,0,71000,0,0,0,114000,43000,71000,71000
052452,茂林元大95購03  ,0,0,0,0,0,0,0,0,0,71000,0,0,0,163000,92000,71000,71000
055692,緯穎凱基97購03  ,0,0,0,0,0,0,0,0,0,71000,0,0,0,71000,0,71000,71000
054418,茂林元大97購01  ,0,0,0,0,0,0,0,0,0,71000,0,0,0,158000,87000,71000,71000
054795,合勤控群益98購01,0,0,0,0,0,0,0,0,0,71000,0,0,0,71000,0,71000,71000
055327,致新國票98購01  ,0,0,0,0,0,0,0,0,0,71000,0,0,0,109000,38000,71000,71000
055188,亞翔統一97購01  ,0,0,0,0,0,0,0,0,0,71000,0,0,0,90000,19000,71000,71000
055206,台虹中信97購01  ,0,0,0,0,0,0,0,0,0,71000,0,0,0,90000,19000,71000,71000
056577,玉晶光元大99購06,0,0,0,0,0,0,0,0,0,71000,0,0,0,123000,52000,71000,71000
4725,信昌化          ,106000,35000,71000,0,0,0,0,0,0,0,0,0,0,0,0,0,71000
057895,全新元富9B購01  ,0,0,0,0,0,0,0,0,0,70000,0,0,0,80000,10000,70000,70000
06070P,漢唐永豐97售01  ,0,0,0,0,0,0,0,0,0,70000,0,0,0,203000,133000,70000,70000
05956P,漢唐國票96售02  ,0,0,0,0,0,0,0,0,0,70000,0,0,0,70000,0,70000,70000
05990P,台積電群益96售13,0,0,0,0,0,0,0,0,0,70000,0,0,0,152000,82000,70000,70000
06327P,台積電中信01售01,0,0,0,0,0,0,0,0,0,70000,0,0,0,70000,0,70000,70000
057471,昇陽半永豐98購02,0,0,0,0,0,0,0,0,0,70000,0,0,0,70000,0,70000,70000
057715,聯發科統一99購03,0,0,0,0,0,0,0,0,0,70000,0,0,0,70000,0,70000,70000
057819,新日興元大99購01,0,0,0,0,0,0,0,0,0,70000,0,0,0,120000,50000,70000,70000
056965,全新永豐98購01  ,0,0,0,0,0,0,0,0,0,70000,0,0,0,75000,5000,70000,70000
057141,嘉聯益兆豐99購01,0,0,0,0,0,0,0,0,0,70000,0,0,0,70000,0,70000,70000
05685P,臺股指元大96售10,0,0,0,0,0,0,0,0,0,70000,0,0,0,250000,180000,70000,70000
00654R,富邦印度反1     ,59000,17000,42000,0,0,0,0,0,0,28000,0,0,0,28000,0,28000,70000
046939,燿華元大96購01  ,0,0,0,0,0,0,0,0,0,70000,0,0,0,127000,57000,70000,70000
04664P,臺股指國票94售03,0,0,0,0,0,0,0,0,0,70000,0,0,0,70000,0,70000,70000
047969,台達電富邦97購01,0,0,0,0,0,0,0,0,0,70000,0,0,0,70000,0,70000,70000
048676,和鑫國泰94購02  ,0,0,0,0,0,0,0,0,0,70000,0,0,0,100000,30000,70000,70000
052359,百和永豐95購01  ,0,0,0,0,0,0,0,0,0,70000,0,0,0,70000,0,70000,70000
052388,旺宏群益96購05  ,0,0,0,0,0,0,0,0,0,70000,0,0,0,133000,63000,70000,70000
052570,華新科凱基96購06,0,0,0,0,0,0,0,0,0,70000,0,0,0,95000,25000,70000,70000
052903,致茂國票97購01  ,0,0,0,0,0,0,0,0,0,70000,0,0,0,70000,0,70000,70000
050602,訊芯國泰96購01  ,0,0,0,0,0,0,0,0,0,70000,0,0,0,70000,0,70000,70000
050637,欣興國票94購02  ,0,0,0,0,0,0,0,0,0,70000,0,0,0,70000,0,70000,70000
053163,上証2X群益9A購02,0,0,0,0,0,0,0,0,0,70000,0,0,0,90000,20000,70000,70000
054006,智易統一97購01  ,0,0,0,0,0,0,0,0,0,70000,0,0,0,120000,50000,70000,70000
054031,中鋼中信98購01  ,0,0,0,0,0,0,0,0,0,70000,0,0,0,70000,0,70000,70000
050703,矽格凱基94購02  ,0,0,0,0,0,0,0,0,0,70000,0,0,0,75000,5000,70000,70000
054366,和大中信98購01  ,0,0,0,0,0,0,0,0,0,70000,0,0,0,70000,0,70000,70000
051946,健策統一98購01  ,0,0,0,0,0,0,0,0,0,70000,0,0,0,193000,123000,70000,70000
050950,健鼎群益96購01  ,0,0,0,0,0,0,0,0,0,70000,0,0,0,70000,0,70000,70000
050922,南亞科凱基95購02,0,0,0,0,0,0,0,0,0,70000,0,0,0,87000,17000,70000,70000
056575,禾伸堂元大99購01,0,0,0,0,0,0,0,0,0,70000,0,0,0,100000,30000,70000,70000
055111,宏盛凱基97購01  ,0,0,0,0,0,0,0,0,0,70000,0,0,0,70000,0,70000,70000
054627,義隆凱基98購01  ,0,0,0,0,0,0,0,0,0,70000,0,0,0,76000,6000,70000,70000
05584P,臺股指凱基96售13,0,0,0,0,0,0,0,0,0,70000,0,0,0,70000,0,70000,70000
055933,欣興群益98購02  ,0,0,0,0,0,0,0,0,0,70000,0,0,0,91000,21000,70000,70000
055927,南亞科群益97購01,0,0,0,0,0,0,0,0,0,70000,0,0,0,70000,0,70000,70000
056141,聯茂元大97購05  ,0,0,0,0,0,0,0,0,0,70000,0,0,0,92000,22000,70000,70000
053881,南亞科中信97購01,0,0,0,0,0,0,0,0,0,70000,0,0,0,70000,0,70000,70000
053749,揚明光永豐97購01,0,0,0,0,0,0,0,0,0,70000,0,0,0,70000,0,70000,70000
06128P,玉晶光元富97售05,0,0,0,0,0,0,0,0,0,69000,0,0,0,89000,20000,69000,69000
049257,南亞科元大94購03,0,0,0,0,0,0,0,0,0,69000,0,0,0,69000,0,69000,69000
052076,可成元富98購01  ,0,0,0,0,0,0,0,0,0,69000,0,0,0,79000,10000,69000,69000
048427,百和元富95購01  ,0,0,0,0,0,0,0,0,0,69000,0,0,0,112000,43000,69000,69000
04436P,聯發科中信96售02,0,0,0,0,0,0,0,0,0,69000,0,0,0,69000,0,69000,69000
050833,台郡凱基95購01  ,0,0,0,0,0,0,0,0,0,69000,0,0,0,69000,0,69000,69000
051665,台積電元大96購07,0,0,0,0,0,0,0,0,0,69000,0,0,0,69000,0,69000,69000
054140,智易元大97購03  ,0,0,0,0,0,0,0,0,0,69000,0,0,0,69000,0,69000,69000
056379,玉晶光元富98購01,0,0,0,0,0,0,0,0,0,69000,0,0,0,71000,2000,69000,69000
056399,上証2X群益9C購01,0,0,0,0,0,0,0,0,0,69000,0,0,0,375000,306000,69000,69000
054544,統一中信97購01  ,0,0,0,0,0,0,0,0,0,69000,0,0,0,150000,81000,69000,69000
056587,聯發科統一9A購01,0,0,0,0,0,0,0,0,0,69000,0,0,0,75000,6000,69000,69000
055575,華新科統一98購01,0,0,0,0,0,0,0,0,0,69000,0,0,0,87000,18000,69000,69000
5234,達興材料        ,132000,63000,69000,0,0,0,0,0,0,0,1000,5000,-4000,4000,0,4000,69000
057848,台表科永豐98購02,0,0,0,0,0,0,0,0,0,68000,0,0,0,68000,0,68000,68000
057985,華通元富02購03  ,0,0,0,0,0,0,0,0,0,68000,0,0,0,68000,0,68000,68000
057978,聯發科永豐98購05,0,0,0,0,0,0,0,0,0,68000,0,0,0,370000,302000,68000,68000
058018,南亞科凱基99購03,0,0,0,0,0,0,0,0,0,68000,0,0,0,68000,0,68000,68000
058264,瑞昱永豐99購01  ,0,0,0,0,0,0,0,0,0,68000,0,0,0,74000,6000,68000,68000
056731,國巨凱基98購04  ,0,0,0,0,0,0,0,0,0,68000,0,0,0,68000,0,68000,68000
056735,國巨凱基99購02  ,0,0,0,0,0,0,0,0,0,68000,0,0,0,68000,0,68000,68000
056608,力山永豐98購01  ,0,0,0,0,0,0,0,0,0,68000,0,0,0,94000,26000,68000,68000
057174,南亞科元大98購05,0,0,0,0,0,0,0,0,0,68000,0,0,0,70000,2000,68000,68000
057225,華新凱基98購01  ,0,0,0,0,0,0,0,0,0,68000,0,0,0,68000,0,68000,68000
057779,禾伸堂群益98購02,0,0,0,0,0,0,0,0,0,68000,0,0,0,68000,0,68000,68000
057419,奇力新凱基98購06,0,0,0,0,0,0,0,0,0,68000,0,0,0,68000,0,68000,68000
049375,大立光元大94購13,0,0,0,0,0,0,0,0,0,68000,0,0,0,68000,0,68000,68000
049613,華通中信94購01  ,0,0,0,0,0,0,0,0,0,68000,0,0,0,86000,18000,68000,68000
049434,茂林國票95購01  ,0,0,0,0,0,0,0,0,0,68000,0,0,0,68000,0,68000,68000
052251,台光電永豐95購03,0,0,0,0,0,0,0,0,0,68000,0,0,0,68000,0,68000,68000
053422,可成永豐96購01  ,0,0,0,0,0,0,0,0,0,68000,0,0,0,68000,0,68000,68000
055381,茂林元大97購02  ,0,0,0,0,0,0,0,0,0,68000,0,0,0,166000,98000,68000,68000
051675,瑞儀元大96購02  ,0,0,0,0,0,0,0,0,0,68000,0,0,0,68000,0,68000,68000
050810,鴻海凱基95購09  ,0,0,0,0,0,0,0,0,0,68000,0,0,0,68000,0,68000,68000
051024,南亞科統一95購01,0,0,0,0,0,0,0,0,0,68000,0,0,0,68000,0,68000,68000
052855,群創日盛99購01  ,0,0,0,0,0,0,0,0,0,68000,0,0,0,68000,0,68000,68000
052511,聯發科凱基95購14,0,0,0,0,0,0,0,0,0,68000,0,0,0,68000,0,68000,68000
055475,臻鼎凱基97購02  ,0,0,0,0,0,0,0,0,0,68000,0,0,0,111000,43000,68000,68000
055109,正崴凱基98購01  ,0,0,0,0,0,0,0,0,0,68000,0,0,0,68000,0,68000,68000
055096,緯穎群益97購01  ,0,0,0,0,0,0,0,0,0,68000,0,0,0,127000,59000,68000,68000
055143,臻鼎永豐97購01  ,0,0,0,0,0,0,0,0,0,68000,0,0,0,68000,0,68000,68000
054261,智伸科元大96購03,0,0,0,0,0,0,0,0,0,68000,0,0,0,130000,62000,68000,68000
054744,晶相光凱基99購01,0,0,0,0,0,0,0,0,0,68000,0,0,0,154000,86000,68000,68000
054919,興富發凱基97購01,0,0,0,0,0,0,0,0,0,68000,0,0,0,68000,0,68000,68000
056482,貿聯元大99購01  ,0,0,0,0,0,0,0,0,0,68000,0,0,0,90000,22000,68000,68000
056227,奇力新凱基98購04,0,0,0,0,0,0,0,0,0,68000,0,0,0,68000,0,68000,68000
056343,高鐵凱基98購02  ,0,0,0,0,0,0,0,0,0,68000,0,0,0,68000,0,68000,68000
055961,國泰金元大97購01,0,0,0,0,0,0,0,0,0,68000,0,0,0,68000,0,68000,68000
057249,華邦電統一9A購01,0,0,0,0,0,0,0,0,0,67000,0,0,0,87000,20000,67000,67000
057831,聯發科元富02購04,0,0,0,0,0,0,0,0,0,67000,0,0,0,86000,19000,67000,67000
057672,茂林元大98購02  ,0,0,0,0,0,0,0,0,0,67000,0,0,0,155000,88000,67000,67000
056688,聯詠統一98購01  ,0,0,0,0,0,0,0,0,0,67000,0,0,0,67000,0,67000,67000
056774,和鑫元大98購01  ,0,0,0,0,0,0,0,0,0,67000,0,0,0,68000,1000,67000,67000
06211P,鴻海元大98售04  ,0,0,0,0,0,0,0,0,0,67000,0,0,0,135000,68000,67000,67000
047490,元油反統一93購01,0,0,0,0,0,0,0,0,0,67000,0,0,0,67000,0,67000,67000
047404,香港2X統一94購01,0,0,0,0,0,0,0,0,0,67000,0,0,0,67000,0,67000,67000
050231,聯發科麥證94購03,0,0,0,77000,10000,67000,0,0,0,67000,0,0,0,77000,10000,67000,67000
053196,康控元富96購01  ,0,0,0,0,0,0,0,0,0,67000,0,0,0,67000,0,67000,67000
054020,技嘉台新97購01  ,0,0,0,0,0,0,0,0,0,67000,0,0,0,70000,3000,67000,67000
055785,祥碩凱基97購02  ,0,0,0,0,0,0,0,0,0,67000,0,0,0,258000,191000,67000,67000
055732,全新元富9A購01  ,0,0,0,0,0,0,0,0,0,67000,0,0,0,74000,7000,67000,67000
055202,神達群益97購01  ,0,0,0,0,0,0,0,0,0,67000,0,0,0,166000,99000,67000,67000
055435,佳世達中信99購01,0,0,0,0,0,0,0,0,0,67000,0,0,0,118000,51000,67000,67000
055568,緯穎凱基97購02  ,0,0,0,0,0,0,0,0,0,67000,0,0,0,67000,0,67000,67000
056529,中環凱基98購01  ,0,0,0,0,0,0,0,0,0,67000,0,0,0,67000,0,67000,67000
06697P,台積電國票99售05,0,0,0,0,0,0,0,0,0,67000,0,0,0,275000,208000,67000,67000
06670P,鴻海群益98售06  ,0,0,0,0,0,0,0,0,0,67000,0,0,0,77000,10000,67000,67000
06296P,燿華元大98售01  ,0,0,0,0,0,0,0,0,0,66000,0,0,0,66000,0,66000,66000
057888,貿聯群益98購02  ,0,0,0,0,0,0,0,0,0,66000,0,0,0,172000,106000,66000,66000
057029,緯穎凱基98購04  ,0,0,0,0,0,0,0,0,0,66000,0,0,0,66000,0,66000,66000
04287P,A50正2中信96售01,0,0,0,0,0,0,0,0,0,66000,0,0,0,111000,45000,66000,66000
049795,華通元大96購02  ,0,0,0,0,0,0,0,0,0,66000,0,0,0,78000,12000,66000,66000
05219P,鴻海元大95售17  ,0,0,0,0,0,0,0,0,0,66000,0,0,0,367000,301000,66000,66000
05321P,鴻海凱基95售17  ,0,0,0,0,0,0,0,0,0,66000,0,0,0,213000,147000,66000,66000
053162,緯穎元大97購01  ,0,0,0,0,0,0,0,0,0,66000,0,0,0,190000,124000,66000,66000
053129,緯穎凱基96購01  ,0,0,0,0,0,0,0,0,0,66000,0,0,0,100000,34000,66000,66000
054739,義隆凱基98購02  ,0,0,0,0,0,0,0,0,0,66000,0,0,0,136000,70000,66000,66000
054714,和鑫台新98購01  ,0,0,0,0,0,0,0,0,0,66000,0,0,0,66000,0,66000,66000
054801,康友群益97購02  ,0,0,0,0,0,0,0,0,0,66000,0,0,0,110000,44000,66000,66000
055273,華泰元大97購01  ,0,0,0,0,0,0,0,0,0,66000,0,0,0,111000,45000,66000,66000
054623,華新科第一97購01,0,0,0,0,0,0,0,0,0,66000,0,0,0,96000,30000,66000,66000
056055,國巨元大97購15  ,0,0,0,0,0,0,0,0,0,66000,0,0,0,147000,81000,66000,66000
06880P,鈺齊凱基98售03  ,0,0,0,0,0,0,0,0,0,66000,0,0,0,66000,0,66000,66000
9917,中保科          ,106000,31000,75000,0,0,0,21000,0,21000,-30000,0,30000,-30000,0,0,0,66000
056990,聯發科兆豐98購01,0,0,0,0,0,0,0,0,0,65000,0,0,0,65000,0,65000,65000
056798,華新科麥證98購01,0,0,0,70000,5000,65000,0,0,0,65000,0,0,0,70000,5000,65000,65000
056711,亞光永豐98購01  ,0,0,0,0,0,0,0,0,0,65000,0,0,0,130000,65000,65000,65000
057620,康控凱基99購01  ,0,0,0,0,0,0,0,0,0,65000,0,0,0,164000,99000,65000,65000
057843,晶技永豐98購02  ,0,0,0,0,0,0,0,0,0,65000,0,0,0,97000,32000,65000,65000
057427,華通兆豐99購01  ,0,0,0,0,0,0,0,0,0,65000,0,0,0,98000,33000,65000,65000
058243,華擎元大99購01  ,0,0,0,0,0,0,0,0,0,65000,0,0,0,286000,221000,65000,65000
06126P,凌陽元富97售02  ,0,0,0,0,0,0,0,0,0,65000,0,0,0,85000,20000,65000,65000
05917P,宏達電元大96售02,0,0,0,0,0,0,0,0,0,65000,0,0,0,78000,13000,65000,65000
049498,茂林元大95購01  ,0,0,0,0,0,0,0,0,0,65000,0,0,0,156000,91000,65000,65000
048269,瀚宇博國泰95購01,0,0,0,0,0,0,0,0,0,65000,0,0,0,65000,0,65000,65000
047962,T50反1中信96購02,0,0,0,0,0,0,0,0,0,65000,0,0,0,65000,0,65000,65000
051555,聯茂永豐95購01  ,0,0,0,0,0,0,0,0,0,65000,0,0,0,133000,68000,65000,65000
05608P,聯發科凱基96售10,0,0,0,0,0,0,0,0,0,65000,0,0,0,115000,50000,65000,65000
056441,燿華凱基98購01  ,0,0,0,0,0,0,0,0,0,65000,0,0,0,74000,9000,65000,65000
055668,欣興群益97購01  ,0,0,0,0,0,0,0,0,0,65000,0,0,0,141000,76000,65000,65000
054514,道瓊銀元大98購01,0,0,0,0,0,0,0,0,0,65000,0,0,0,176000,111000,65000,65000
054913,億光凱基97購01  ,0,0,0,0,0,0,0,0,0,65000,0,0,0,222000,157000,65000,65000
054931,緯穎凱基98購01  ,0,0,0,0,0,0,0,0,0,65000,0,0,0,141000,76000,65000,65000
06599P,宏達電永豐98售02,0,0,0,0,0,0,0,0,0,65000,0,0,0,65000,0,65000,65000
06744P,嘉聯益永豐98售03,0,0,0,0,0,0,0,0,0,65000,0,0,0,65000,0,65000,65000
3023,信邦            ,284150,207000,77150,0,0,0,40000,0,40000,-53000,0,50000,-50000,2000,5000,-3000,64150
06149P,台積電元大97售18,0,0,0,0,0,0,0,0,0,64000,0,0,0,541000,477000,64000,64000
05746P,台積電群益96售07,0,0,0,0,0,0,0,0,0,64000,0,0,0,84000,20000,64000,64000
057483,微星元大98購04  ,0,0,0,0,0,0,0,0,0,64000,0,0,0,146000,82000,64000,64000
056939,康控元富98購01  ,0,0,0,0,0,0,0,0,0,64000,0,0,0,71000,7000,64000,64000
056950,亞光統一99購01  ,0,0,0,0,0,0,0,0,0,64000,0,0,0,69000,5000,64000,64000
047783,聯茂國泰94購02  ,0,0,0,0,0,0,0,0,0,64000,0,0,0,64000,0,64000,64000
046999,康控富邦99購01  ,0,0,0,0,0,0,0,0,0,64000,0,0,0,75000,11000,64000,64000
048453,嘉澤凱基93購05  ,0,0,0,0,0,0,0,0,0,64000,0,0,0,94000,30000,64000,64000
051160,亞德客元大95購02,0,0,0,0,0,0,0,0,0,64000,0,0,0,76000,12000,64000,64000
051537,牧德國票96購01  ,0,0,0,0,0,0,0,0,0,64000,0,0,0,64000,0,64000,64000
052501,茂林永豐95購04  ,0,0,0,0,0,0,0,0,0,64000,0,0,0,74000,10000,64000,64000
054958,亞光元大97購03  ,0,0,0,0,0,0,0,0,0,64000,0,0,0,79000,15000,64000,64000
055039,神達富邦99購01  ,0,0,0,0,0,0,0,0,0,64000,0,0,0,64000,0,64000,64000
055610,光磊國票98購01  ,0,0,0,0,0,0,0,0,0,64000,0,0,0,74000,10000,64000,64000
055861,矽力元大97購03  ,0,0,0,0,0,0,0,0,0,64000,0,0,0,271000,207000,64000,64000
056370,台郡元大98購03  ,0,0,0,0,0,0,0,0,0,64000,0,0,0,64000,0,64000,64000
056368,祥碩元大98購02  ,0,0,0,0,0,0,0,0,0,64000,0,0,0,90000,26000,64000,64000
1218,泰山            ,427000,378000,49000,0,0,0,0,0,0,15000,15000,0,15000,0,0,0,64000
057216,聯發科群益99購01,0,0,0,0,0,0,0,0,0,63000,0,0,0,160000,97000,63000,63000
057266,TPK兆豐98購02   ,0,0,0,0,0,0,0,0,0,63000,0,0,0,70000,7000,63000,63000
057658,玉晶光兆豐99購02,0,0,0,0,0,0,0,0,0,63000,0,0,0,104000,41000,63000,63000
049804,華固元大94購01  ,0,0,0,0,0,0,0,0,0,63000,0,0,0,107000,44000,63000,63000
047844,台虹元大93購02  ,0,0,0,0,0,0,0,0,0,63000,0,0,0,63000,0,63000,63000
048176,美利達國泰94購01,0,0,0,0,0,0,0,0,0,63000,0,0,0,64000,1000,63000,63000
048186,元黃金元大96購01,0,0,0,0,0,0,0,0,0,63000,0,0,0,63000,0,63000,63000
052519,旺宏元大95購05  ,0,0,0,0,0,0,0,0,0,63000,0,0,0,158000,95000,63000,63000
052681,T50反1元大98購02,0,0,0,0,0,0,0,0,0,63000,0,0,0,70000,7000,63000,63000
053158,茂林元大96購01  ,0,0,0,0,0,0,0,0,0,63000,0,0,0,125000,62000,63000,63000
051845,世紀鋼富邦96購01,0,0,0,0,0,0,0,0,0,63000,0,0,0,158000,95000,63000,63000
056451,可成凱基99購01  ,0,0,0,0,0,0,0,0,0,63000,0,0,0,77000,14000,63000,63000
053871,臻鼎元大96購03  ,0,0,0,0,0,0,0,0,0,63000,0,0,0,100000,37000,63000,63000
055142,健策永豐98購01  ,0,0,0,0,0,0,0,0,0,63000,0,0,0,69000,6000,63000,63000
055146,華通元大98購04  ,0,0,0,0,0,0,0,0,0,63000,0,0,0,65000,2000,63000,63000
055152,旺宏元大98購04  ,0,0,0,0,0,0,0,0,0,63000,0,0,0,255000,192000,63000,63000
055220,緯穎凱基98購02  ,0,0,0,0,0,0,0,0,0,63000,0,0,0,140000,77000,63000,63000
055446,奇力新統一9A購01,0,0,0,0,0,0,0,0,0,63000,0,0,0,211000,148000,63000,63000
054827,宏全元大9A購01  ,0,0,0,0,0,0,0,0,0,63000,0,0,0,63000,0,63000,63000
057233,聯發科凱基98購14,0,0,0,0,0,0,0,0,0,62000,0,0,0,105000,43000,62000,62000
06371P,茂林國票98售04  ,0,0,0,0,0,0,0,0,0,62000,0,0,0,72000,10000,62000,62000
06491P,台積電富邦99售02,0,0,0,0,0,0,0,0,0,62000,0,0,0,254000,192000,62000,62000
058281,奇力新中信99購01,0,0,0,0,0,0,0,0,0,62000,0,0,0,273000,211000,62000,62000
04422P,玉晶光永豐94售03,0,0,0,0,0,0,0,0,0,62000,0,0,0,65000,3000,62000,62000
052864,奇力新凱基96購02,0,0,0,0,0,0,0,0,0,62000,0,0,0,62000,0,62000,62000
055265,玉晶光永豐98購03,0,0,0,0,0,0,0,0,0,62000,0,0,0,632000,570000,62000,62000
054293,健策元大98購02  ,0,0,0,0,0,0,0,0,0,62000,0,0,0,220000,158000,62000,62000
055983,全新元富9A購02  ,0,0,0,0,0,0,0,0,0,62000,0,0,0,62000,0,62000,62000
053880,智邦中信96購01  ,0,0,0,0,0,0,0,0,0,62000,0,0,0,72000,10000,62000,62000
055962,晶豪科元大97購02,0,0,0,0,0,0,0,0,0,62000,0,0,0,67000,5000,62000,62000
058249,緯穎元大99購04  ,0,0,0,0,0,0,0,0,0,61000,0,0,0,66000,5000,61000,61000
06460P,亞德客元富98售02,0,0,0,0,0,0,0,0,0,61000,0,0,0,61000,0,61000,61000
06451P,聯發科元大98售04,0,0,0,0,0,0,0,0,0,61000,0,0,0,76000,15000,61000,61000
057554,新日興凱基99購02,0,0,0,0,0,0,0,0,0,61000,0,0,0,81000,20000,61000,61000
057774,台光電群益99購02,0,0,0,0,0,0,0,0,0,61000,0,0,0,249000,188000,61000,61000
057785,智邦國票99購02  ,0,0,0,0,0,0,0,0,0,61000,0,0,0,73000,12000,61000,61000
044602,大立光國泰93購01,0,0,0,0,0,0,0,0,0,61000,0,0,0,61000,0,61000,61000
044809,道瓊反國票93購01,0,0,0,0,0,0,0,0,0,61000,0,0,0,65000,4000,61000,61000
049528,台積電中信94購01,0,0,0,0,0,0,0,0,0,61000,0,0,0,110000,49000,61000,61000
04987P,昇陽半永豐94售04,0,0,0,0,0,0,0,0,0,61000,0,0,0,61000,0,61000,61000
05005P,台表科統一95售01,0,0,0,0,0,0,0,0,0,61000,0,0,0,77000,16000,61000,61000
047833,全新元大94購02  ,0,0,0,0,0,0,0,0,0,61000,0,0,0,66000,5000,61000,61000
04965P,日月光元大94售02,0,0,0,0,0,0,0,0,0,61000,0,0,0,73000,12000,61000,61000
048855,華新科群益94購02,0,0,0,0,0,0,0,0,0,61000,0,0,0,121000,60000,61000,61000
051402,玉晶光永豐95購04,0,0,0,0,0,0,0,0,0,61000,0,0,0,61000,0,61000,61000
051654,致新永豐95購01  ,0,0,0,0,0,0,0,0,0,61000,0,0,0,61000,0,61000,61000
053519,力成群益96購02  ,0,0,0,0,0,0,0,0,0,61000,0,0,0,61000,0,61000,61000
053688,燿華元大96購05  ,0,0,0,0,0,0,0,0,0,61000,0,0,0,91000,30000,61000,61000
05479P,華新科台新96售01,0,0,0,0,0,0,0,0,0,61000,0,0,0,61000,0,61000,61000
054776,矽創國票98購01  ,0,0,0,0,0,0,0,0,0,61000,0,0,0,61000,0,61000,61000
06867P,訊芯元大98售08  ,0,0,0,0,0,0,0,0,0,61000,0,0,0,170000,109000,61000,61000
06873P,嘉晶元富98售02  ,0,0,0,0,0,0,0,0,0,61000,0,0,0,146000,85000,61000,61000
057547,技嘉凱基99購01  ,0,0,0,0,0,0,0,0,0,60000,0,0,0,60000,0,60000,60000
057242,台郡凱基98購05  ,0,0,0,0,0,0,0,0,0,60000,0,0,0,60000,0,60000,60000
057376,新日興元大98購04,0,0,0,0,0,0,0,0,0,60000,0,0,0,60000,0,60000,60000
057324,億光群益98購01  ,0,0,0,0,0,0,0,0,0,60000,0,0,0,157000,97000,60000,60000
057537,聯茂元大98購04  ,0,0,0,0,0,0,0,0,0,60000,0,0,0,62000,2000,60000,60000
05713P,大立光統一96售05,0,0,0,0,0,0,0,0,0,60000,0,0,0,60000,0,60000,60000
056834,華新元富99購01  ,0,0,0,0,0,0,0,0,0,60000,0,0,0,60000,0,60000,60000
06181P,國巨中信97售02  ,0,0,0,0,0,0,0,0,0,60000,0,0,0,110000,50000,60000,60000
05825P,臺股指凱基96售22,0,0,0,0,0,0,0,0,0,60000,0,0,0,90000,30000,60000,60000
057838,台郡國泰99購01  ,0,0,0,0,0,0,0,0,0,60000,0,0,0,60000,0,60000,60000
04897P,喬山中信94售01  ,0,0,0,0,0,0,0,0,0,60000,0,0,0,70000,10000,60000,60000
049082,晶豪科凱基94購01,0,0,0,0,0,0,0,0,0,60000,0,0,0,60000,0,60000,60000
049136,華通元大95購01  ,0,0,0,0,0,0,0,0,0,60000,0,0,0,301000,241000,60000,60000
049224,致新國票95購01  ,0,0,0,0,0,0,0,0,0,60000,0,0,0,60000,0,60000,60000
053338,台光電國票97購01,0,0,0,0,0,0,0,0,0,60000,0,0,0,60000,0,60000,60000
050292,可成凱基94購11  ,0,0,0,0,0,0,0,0,0,60000,0,0,0,60000,0,60000,60000
048606,聯發科日盛93購02,0,0,0,0,0,0,0,0,0,60000,0,0,0,60000,0,60000,60000
048435,致新國票93購01  ,0,0,0,0,0,0,0,0,0,60000,0,0,0,60000,0,60000,60000
048432,全新國票95購01  ,0,0,0,0,0,0,0,0,0,60000,0,0,0,60000,0,60000,60000
05012P,台積電元大95售07,0,0,0,0,0,0,0,0,0,60000,0,0,0,60000,0,60000,60000
050010,鈺齊永豐94購01  ,0,0,0,0,0,0,0,0,0,60000,0,0,0,60000,0,60000,60000
04412P,欣興元富94售01  ,0,0,0,0,0,0,0,0,0,60000,0,0,0,60000,0,60000,60000
039550,滬深反凱基94購01,0,0,0,0,0,0,0,0,0,60000,0,0,0,60000,0,60000,60000
046770,聯發科國泰94購01,0,0,0,0,0,0,0,0,0,60000,0,0,0,60000,0,60000,60000
04568P,瑞昱兆豐94售02  ,0,0,0,0,0,0,0,0,0,60000,0,0,0,60000,0,60000,60000
04581P,楠梓電康和94售03,0,0,0,0,0,0,0,0,0,60000,0,0,0,60000,0,60000,60000
047626,全新國票94購01  ,0,0,0,0,0,0,0,0,0,60000,0,0,0,60000,0,60000,60000
051776,上証2X群益99購01,0,0,0,0,0,0,0,0,0,60000,0,0,0,90000,30000,60000,60000
051926,聯電中信97購01  ,0,0,0,0,0,0,0,0,0,60000,0,0,0,60000,0,60000,60000
051073,同欣電國票96購01,0,0,0,0,0,0,0,0,0,60000,0,0,0,60000,0,60000,60000
050821,國泰金凱基95購01,0,0,0,0,0,0,0,0,0,60000,0,0,0,60000,0,60000,60000
050757,聯發科元富94購03,0,0,0,0,0,0,0,0,0,60000,0,0,0,60000,0,60000,60000
050940,嘉澤國票95購01  ,0,0,0,0,0,0,0,0,0,60000,0,0,0,60000,0,60000,60000
050917,瀚宇博兆豐96購01,0,0,0,0,0,0,0,0,0,60000,0,0,0,60000,0,60000,60000
050861,鴻海永豐95購01  ,0,0,0,0,0,0,0,0,0,60000,0,0,0,60000,0,60000,60000
050856,智邦台新95購01  ,0,0,0,0,0,0,0,0,0,60000,0,0,0,60000,0,60000,60000
05068P,鴻海統一95售06  ,0,0,0,0,0,0,0,0,0,60000,0,0,0,60000,0,60000,60000
054022,南亞康和96購01  ,0,0,0,0,0,0,0,0,0,60000,0,0,0,102000,42000,60000,60000
052605,聯發科元大96購06,0,0,0,0,0,0,0,0,0,60000,0,0,0,60000,0,60000,60000
05298P,上銀元大95售03  ,0,0,0,0,0,0,0,0,0,60000,0,0,0,60000,0,60000,60000
050495,大立光永昌96購01,0,0,0,0,0,0,0,0,0,60000,0,0,0,78000,18000,60000,60000
05209P,鴻海凱基96售09  ,0,0,0,0,0,0,0,0,0,60000,0,0,0,65000,5000,60000,60000
052114,華固中信95購01  ,0,0,0,0,0,0,0,0,0,60000,0,0,0,60000,0,60000,60000
052374,瑞昱元大95購02  ,0,0,0,0,0,0,0,0,0,60000,0,0,0,61000,1000,60000,60000
054272,華通中信98購01  ,0,0,0,0,0,0,0,0,0,60000,0,0,0,142000,82000,60000,60000
054675,美律台新98購01  ,0,0,0,0,0,0,0,0,0,60000,0,0,0,60000,0,60000,60000
055580,南茂統一97購01  ,0,0,0,0,0,0,0,0,0,60000,0,0,0,70000,10000,60000,60000
055582,亞德客元大97購01,0,0,0,0,0,0,0,0,0,60000,0,0,0,75000,15000,60000,60000
055173,瑞昱統一97購01  ,0,0,0,0,0,0,0,0,0,60000,0,0,0,60000,0,60000,60000
053523,T50反1中信9A購01,0,0,0,0,0,0,0,0,0,60000,0,0,0,60000,0,60000,60000
053483,嘉澤第一96購01  ,0,0,0,0,0,0,0,0,0,60000,0,0,0,60000,0,60000,60000
055969,彩晶元大99購02  ,0,0,0,0,0,0,0,0,0,60000,0,0,0,60000,0,60000,60000
055612,台光電國票97購04,0,0,0,0,0,0,0,0,0,60000,0,0,0,60000,0,60000,60000
055742,健策元富97購02  ,0,0,0,0,0,0,0,0,0,60000,0,0,0,109000,49000,60000,60000
055699,康控國票97購04  ,0,0,0,0,0,0,0,0,0,60000,0,0,0,60000,0,60000,60000
053802,南亞科凱基96購04,0,0,0,0,0,0,0,0,0,60000,0,0,0,60000,0,60000,60000
056076,超眾元大97購05  ,0,0,0,0,0,0,0,0,0,60000,0,0,0,70000,10000,60000,60000
056161,康控凱基98購02  ,0,0,0,0,0,0,0,0,0,60000,0,0,0,75000,15000,60000,60000
056367,祥碩元大98購01  ,0,0,0,0,0,0,0,0,0,60000,0,0,0,60000,0,60000,60000
056323,旺宏兆豐98購01  ,0,0,0,0,0,0,0,0,0,60000,0,0,0,60000,0,60000,60000
06282P,聯鈞永豐97售02  ,0,0,0,0,0,0,0,0,0,59000,0,0,0,89000,30000,59000,59000
057452,新日興元富98購01,0,0,0,0,0,0,0,0,0,59000,0,0,0,69000,10000,59000,59000
057235,亞光凱基98購04  ,0,0,0,0,0,0,0,0,0,59000,0,0,0,60000,1000,59000,59000
05755P,臺股指中信99售04,0,0,0,0,0,0,0,0,0,59000,0,0,0,64000,5000,59000,59000
057753,臺股指國票98購09,0,0,0,0,0,0,0,0,0,59000,0,0,0,123000,64000,59000,59000
045522,滬深2X永豐94購01,0,0,0,0,0,0,0,0,0,59000,0,0,0,69000,10000,59000,59000
050114,群創元大95購01  ,0,0,0,0,0,0,0,0,0,59000,0,0,0,103000,44000,59000,59000
052016,神基永豐95購01  ,0,0,0,0,0,0,0,0,0,59000,0,0,0,59000,0,59000,59000
050291,聯發科凱基94購16,0,0,0,0,0,0,0,0,0,59000,0,0,0,59000,0,59000,59000
052885,高鐵兆豐98購01  ,0,0,0,0,0,0,0,0,0,59000,0,0,0,60000,1000,59000,59000
056303,亞光元大97購04  ,0,0,0,0,0,0,0,0,0,59000,0,0,0,59000,0,59000,59000
054450,聯茂第一96購01  ,0,0,0,0,0,0,0,0,0,59000,0,0,0,79000,20000,59000,59000
1423,利華            ,60000,0,60000,0,0,0,0,0,0,-1000,0,1000,-1000,0,0,0,59000
3588,通嘉            ,76000,15000,61000,0,0,0,0,0,0,-2000,0,2000,-2000,0,0,0,59000
057791,可成統一99購01  ,0,0,0,0,0,0,0,0,0,58000,0,0,0,78000,20000,58000,58000
056702,欣興國泰9A購01  ,0,0,0,0,0,0,0,0,0,58000,0,0,0,105000,47000,58000,58000
057205,元翎元富98購01  ,0,0,0,0,0,0,0,0,0,58000,0,0,0,160000,102000,58000,58000
06542P,台光電國票98售05,0,0,0,0,0,0,0,0,0,58000,0,0,0,58000,0,58000,58000
053356,聯發科統一96購07,0,0,0,0,0,0,0,0,0,58000,0,0,0,86000,28000,58000,58000
048713,美利達康和94購01,0,0,0,0,0,0,0,0,0,58000,0,0,0,58000,0,58000,58000
048936,玉晶光永豐94購05,0,0,0,0,0,0,0,0,0,58000,0,0,0,58000,0,58000,58000
03418B,臺股指元大95熊20,0,0,0,0,0,0,0,0,0,58000,0,0,0,212000,154000,58000,58000
052917,大立光富邦99購02,0,0,0,0,0,0,0,0,0,58000,0,0,0,212000,154000,58000,58000
05259P,臺股指凱基96售12,0,0,0,0,0,0,0,0,0,58000,0,0,0,58000,0,58000,58000
052130,國巨凱基9B購01  ,0,0,0,0,0,0,0,0,0,58000,0,0,0,170000,112000,58000,58000
054017,茂林永豐96購02  ,0,0,0,0,0,0,0,0,0,58000,0,0,0,117000,59000,58000,58000
050682,南亞科元富94購02,0,0,0,0,0,0,0,0,0,58000,0,0,0,62000,4000,58000,58000
050702,崇越凱基94購01  ,0,0,0,0,0,0,0,0,0,58000,0,0,0,58000,0,58000,58000
054466,欣興凱基97購03  ,0,0,0,0,0,0,0,0,0,58000,0,0,0,59000,1000,58000,58000
056516,晶豪科兆豐98購01,0,0,0,0,0,0,0,0,0,58000,0,0,0,122000,64000,58000,58000
056519,創意國票99購01  ,0,0,0,0,0,0,0,0,0,58000,0,0,0,75000,17000,58000,58000
055974,上銀統一97購05  ,0,0,0,0,0,0,0,0,0,58000,0,0,0,58000,0,58000,58000
1449,佳和            ,193000,131000,62000,0,0,0,0,0,0,-4000,0,4000,-4000,0,0,0,58000
06696P,台灣50國票99售01,0,0,0,0,0,0,0,0,0,58000,0,0,0,68000,10000,58000,58000
06182P,群創兆豐97售03  ,0,0,0,0,0,0,0,0,0,57000,0,0,0,350000,293000,57000,57000
057195,南茂元大98購01  ,0,0,0,0,0,0,0,0,0,57000,0,0,0,407000,350000,57000,57000
056935,華新科元富98購02,0,0,0,0,0,0,0,0,0,57000,0,0,0,100000,43000,57000,57000
057277,可成元大98購05  ,0,0,0,0,0,0,0,0,0,57000,0,0,0,57000,0,57000,57000
057297,新日興永豐98購01,0,0,0,0,0,0,0,0,0,57000,0,0,0,57000,0,57000,57000
057385,光罩永豐99購01  ,0,0,0,0,0,0,0,0,0,57000,0,0,0,57000,0,57000,57000
049220,聯發科國票95購02,0,0,0,0,0,0,0,0,0,57000,0,0,0,57000,0,57000,57000
050036,矽格元大94購03  ,0,0,0,0,0,0,0,0,0,57000,0,0,0,225000,168000,57000,57000
049576,元油2X元大94購06,0,0,0,0,0,0,0,0,0,57000,0,0,0,57000,0,57000,57000
050179,全新元大96購02  ,0,0,0,0,0,0,0,0,0,57000,0,0,0,67000,10000,57000,57000
049720,欣興凱基94購05  ,0,0,0,0,0,0,0,0,0,57000,0,0,0,64000,7000,57000,57000
050880,大立光元富95購03,0,0,0,0,0,0,0,0,0,57000,0,0,0,84000,27000,57000,57000
051289,大立光統一96購01,0,0,0,0,0,0,0,0,0,57000,0,0,0,57000,0,57000,57000
051281,健策兆豐96購01  ,0,0,0,0,0,0,0,0,0,57000,0,0,0,57000,0,57000,57000
050543,聯發科凱基95購01,0,0,0,0,0,0,0,0,0,57000,0,0,0,120000,63000,57000,57000
05037P,華新科元大95售09,0,0,0,0,0,0,0,0,0,57000,0,0,0,57000,0,57000,57000
055691,訊芯凱基97購02  ,0,0,0,0,0,0,0,0,0,57000,0,0,0,125000,68000,57000,57000
056384,玉晶光國泰9A購02,0,0,0,0,0,0,0,0,0,57000,0,0,0,65000,8000,57000,57000
055019,福懋科元富97購01,0,0,0,0,0,0,0,0,0,57000,0,0,0,65000,8000,57000,57000
06860P,台灣50兆豐98售01,0,0,0,0,0,0,0,0,0,57000,0,0,0,137000,80000,57000,57000
06834P,訊芯群益99售02  ,0,0,0,0,0,0,0,0,0,57000,0,0,0,195000,138000,57000,57000
057516,和鑫元富98購01  ,0,0,0,0,0,0,0,0,0,56000,0,0,0,86000,30000,56000,56000
06217P,鴻海元富97售05  ,0,0,0,0,0,0,0,0,0,56000,0,0,0,86000,30000,56000,56000
04828P,聯發科凱基94售15,0,0,0,0,0,0,0,0,0,56000,0,0,0,56000,0,56000,56000
050044,聯詠兆豐94購02  ,0,0,0,0,0,0,0,0,0,56000,0,0,0,150000,94000,56000,56000
049896,聯發科統一94購06,0,0,0,0,0,0,0,0,0,56000,0,0,0,56000,0,56000,56000
048707,南電國票95購01  ,0,0,0,0,0,0,0,0,0,56000,0,0,0,56000,0,56000,56000
045376,友訊元大93購01  ,0,0,0,0,0,0,0,0,0,56000,0,0,0,56000,0,56000,56000
047491,旺宏統一94購03  ,0,0,0,0,0,0,0,0,0,56000,0,0,0,56000,0,56000,56000
047572,深中小群益95購01,0,0,0,0,0,0,0,0,0,56000,0,0,0,59000,3000,56000,56000
053005,微星永豐96購01  ,0,0,0,0,0,0,0,0,0,56000,0,0,0,83000,27000,56000,56000
053006,玉晶光永豐96購03,0,0,0,0,0,0,0,0,0,56000,0,0,0,58000,2000,56000,56000
052770,聯茂群益96購02  ,0,0,0,0,0,0,0,0,0,56000,0,0,0,98000,42000,56000,56000
053235,智原永豐96購01  ,0,0,0,0,0,0,0,0,0,56000,0,0,0,56000,0,56000,56000
051093,聯詠元大95購01  ,0,0,0,0,0,0,0,0,0,56000,0,0,0,56000,0,56000,56000
055427,技嘉群益98購01  ,0,0,0,0,0,0,0,0,0,56000,0,0,0,147000,91000,56000,56000
05602P,國巨元大96售06  ,0,0,0,0,0,0,0,0,0,56000,0,0,0,66000,10000,56000,56000
056566,臻鼎群益98購01  ,0,0,0,0,0,0,0,0,0,56000,0,0,0,109000,53000,56000,56000
054914,億光凱基98購01  ,0,0,0,0,0,0,0,0,0,56000,0,0,0,120000,64000,56000,56000
055973,亞德客統一97購01,0,0,0,0,0,0,0,0,0,56000,0,0,0,56000,0,56000,56000
053443,智邦凱基97購01  ,0,0,0,0,0,0,0,0,0,56000,0,0,0,201000,145000,56000,56000
06689P,鴻海中信9C售02  ,0,0,0,0,0,0,0,0,0,56000,0,0,0,56000,0,56000,56000
2536,宏普            ,138000,87000,51000,0,0,0,0,0,0,5000,5000,0,5000,0,0,0,56000
06172P,台虹永豐97售02  ,0,0,0,0,0,0,0,0,0,55000,0,0,0,80000,25000,55000,55000
057362,元油2X元大98購12,0,0,0,0,0,0,0,0,0,55000,0,0,0,60000,5000,55000,55000
057775,南亞科群益98購02,0,0,0,0,0,0,0,0,0,55000,0,0,0,66000,11000,55000,55000
057024,義隆凱基99購01  ,0,0,0,0,0,0,0,0,0,55000,0,0,0,232000,177000,55000,55000
056730,元油2X凱基9A購04,0,0,0,0,0,0,0,0,0,55000,0,0,0,62000,7000,55000,55000
056771,嘉晶元大99購01  ,0,0,0,0,0,0,0,0,0,55000,0,0,0,58000,3000,55000,55000
046149,宏達電國票93購01,0,0,0,0,0,0,0,0,0,55000,0,0,0,55000,0,55000,55000
03399P,欣興中信02售03  ,0,0,0,0,0,0,0,0,0,55000,0,0,0,55000,0,55000,55000
049020,可成群益94購02  ,0,0,0,0,0,0,0,0,0,55000,0,0,0,55000,0,55000,55000
049457,彩晶統一94購02  ,0,0,0,0,0,0,0,0,0,55000,0,0,0,55000,0,55000,55000
04857P,美律元富94售01  ,0,0,0,0,0,0,0,0,0,55000,0,0,0,113000,58000,55000,55000
05397P,大立光凱基96售08,0,0,0,0,0,0,0,0,0,55000,0,0,0,368000,313000,55000,55000
050918,南亞科日盛95購01,0,0,0,0,0,0,0,0,0,55000,0,0,0,55000,0,55000,55000
051862,旺宏凱基95購05  ,0,0,0,0,0,0,0,0,0,55000,0,0,0,65000,10000,55000,55000
053257,華通富邦97購01  ,0,0,0,0,0,0,0,0,0,55000,0,0,0,55000,0,55000,55000
052967,智邦群益96購01  ,0,0,0,0,0,0,0,0,0,55000,0,0,0,244000,189000,55000,55000
050233,香港2X凱基96購01,0,0,0,0,0,0,0,0,0,55000,0,0,0,220000,165000,55000,55000
052661,奇力新國票97購03,0,0,0,0,0,0,0,0,0,55000,0,0,0,65000,10000,55000,55000
052631,T50反1凱基98購02,0,0,0,0,0,0,0,0,0,55000,0,0,0,55000,0,55000,55000
05241P,鴻海國泰97售04  ,0,0,0,0,0,0,0,0,0,55000,0,0,0,255000,200000,55000,55000
052431,茂林永豐95購03  ,0,0,0,0,0,0,0,0,0,55000,0,0,0,100000,45000,55000,55000
05363P,臺股指富邦95售03,0,0,0,0,0,0,0,0,0,55000,0,0,0,75000,20000,55000,55000
056331,聯鈞國票99購01  ,0,0,0,0,0,0,0,0,0,55000,0,0,0,77000,22000,55000,55000
056107,智易永豐97購02  ,0,0,0,0,0,0,0,0,0,55000,0,0,0,82000,27000,55000,55000
054819,裕民元大9A購01  ,0,0,0,0,0,0,0,0,0,55000,0,0,0,60000,5000,55000,55000
054797,臻鼎群益97購01  ,0,0,0,0,0,0,0,0,0,55000,0,0,0,98000,43000,55000,55000
055483,和大元大97購03  ,0,0,0,0,0,0,0,0,0,55000,0,0,0,85000,30000,55000,55000
4108,懷特            ,58000,3000,55000,0,0,0,0,0,0,0,0,0,0,0,0,0,55000
06656P,GIS元大98售02   ,0,0,0,0,0,0,0,0,0,55000,0,0,0,60000,5000,55000,55000
057629,泰碩永豐98購02  ,0,0,0,0,0,0,0,0,0,54000,0,0,0,120000,66000,54000,54000
05929P,宏達電康和96售01,0,0,0,0,0,0,0,0,0,54000,0,0,0,54000,0,54000,54000
06280P,臺股指凱基97售12,0,0,0,0,0,0,0,0,0,54000,0,0,0,54000,0,54000,54000
057944,新日興國票99購02,0,0,0,0,0,0,0,0,0,54000,0,0,0,54000,0,54000,54000
058124,玉晶光國票9A購01,0,0,0,0,0,0,0,0,0,54000,0,0,0,54000,0,54000,54000
048757,美利達元富96購01,0,0,0,0,0,0,0,0,0,54000,0,0,0,124000,70000,54000,54000
00865B,國泰US短期公債  ,0,0,0,0,0,0,0,0,0,54000,0,0,0,54000,0,54000,54000
049308,台達電凱基94購04,0,0,0,0,0,0,0,0,0,54000,0,0,0,54000,0,54000,54000
046438,群創群益95購01  ,0,0,0,0,0,0,0,0,0,54000,0,0,0,129000,75000,54000,54000
052286,力成凱基95購02  ,0,0,0,0,0,0,0,0,0,54000,0,0,0,87000,33000,54000,54000
052530,台郡元大96購04  ,0,0,0,0,0,0,0,0,0,54000,0,0,0,59000,5000,54000,54000
052647,晶技永豐97購01  ,0,0,0,0,0,0,0,0,0,54000,0,0,0,64000,10000,54000,54000
050486,可成元富94購05  ,0,0,0,0,0,0,0,0,0,54000,0,0,0,74000,20000,54000,54000
053203,智易日盛96購01  ,0,0,0,0,0,0,0,0,0,54000,0,0,0,54000,0,54000,54000
051875,聯發科兆豐95購04,0,0,0,0,0,0,0,0,0,54000,0,0,0,54000,0,54000,54000
051954,矽力元富95購04  ,0,0,0,0,0,0,0,0,0,54000,0,0,0,96000,42000,54000,54000
051957,旺宏台新95購02  ,0,0,0,0,0,0,0,0,0,54000,0,0,0,107000,53000,54000,54000
055400,緯穎統一97購01  ,0,0,0,0,0,0,0,0,0,54000,0,0,0,54000,0,54000,54000
056178,嘉澤元富97購02  ,0,0,0,0,0,0,0,0,0,54000,0,0,0,64000,10000,54000,54000
053629,玉山金兆豐96購01,0,0,0,0,0,0,0,0,0,54000,0,0,0,54000,0,54000,54000
053524,聯電中信97購02  ,0,0,0,0,0,0,0,0,0,54000,0,0,0,54000,0,54000,54000
055790,南電凱基97購01  ,0,0,0,0,0,0,0,0,0,54000,0,0,0,121000,67000,54000,54000
06673P,大立光群益98售01,0,0,0,0,0,0,0,0,0,54000,0,0,0,54000,0,54000,54000
057911,國巨日盛98購01  ,0,0,0,0,0,0,0,0,0,53000,0,0,0,121000,68000,53000,53000
06561P,台灣50國泰9A售01,0,0,0,0,0,0,0,0,0,53000,0,0,0,58000,5000,53000,53000
057108,潤泰全群益98購01,0,0,0,0,0,0,0,0,0,53000,0,0,0,53000,0,53000,53000
046862,台郡元大94購01  ,0,0,0,0,0,0,0,0,0,53000,0,0,0,53000,0,53000,53000
03421B,臺股指元大99熊01,0,0,0,0,0,0,0,0,0,53000,0,0,0,53000,0,53000,53000
049143,智邦元大94購02  ,0,0,0,0,0,0,0,0,0,53000,0,0,0,53000,0,53000,53000
048577,GIS國泰94購01   ,0,0,0,0,0,0,0,0,0,53000,0,0,0,53000,0,53000,53000
048193,旺宏元大94購05  ,0,0,0,0,0,0,0,0,0,53000,0,0,0,59000,6000,53000,53000
048197,義隆元大93購04  ,0,0,0,0,0,0,0,0,0,53000,0,0,0,53000,0,53000,53000
055384,緯穎元大98購02  ,0,0,0,0,0,0,0,0,0,53000,0,0,0,83000,30000,53000,53000
055389,國巨統一98購02  ,0,0,0,0,0,0,0,0,0,53000,0,0,0,83000,30000,53000,53000
053928,智易國票97購03  ,0,0,0,0,0,0,0,0,0,53000,0,0,0,53000,0,53000,53000
054177,牧德台新97購01  ,0,0,0,0,0,0,0,0,0,53000,0,0,0,94000,41000,53000,53000
051283,亞德客統一95購01,0,0,0,0,0,0,0,0,0,53000,0,0,0,109000,56000,53000,53000
052586,晶豪科永豐96購01,0,0,0,0,0,0,0,0,0,53000,0,0,0,53000,0,53000,53000
055695,大毅國票98購03  ,0,0,0,0,0,0,0,0,0,53000,0,0,0,59000,6000,53000,53000
055957,瑞昱元大97購06  ,0,0,0,0,0,0,0,0,0,53000,0,0,0,71000,18000,53000,53000
056424,泰碩統一98購01  ,0,0,0,0,0,0,0,0,0,53000,0,0,0,93000,40000,53000,53000
05544P,台表科元富96售01,0,0,0,0,0,0,0,0,0,53000,0,0,0,53000,0,53000,53000
055440,矽力國票98購01  ,0,0,0,0,0,0,0,0,0,53000,0,0,0,63000,10000,53000,53000
054320,國喬台新96購01  ,0,0,0,0,0,0,0,0,0,53000,0,0,0,53000,0,53000,53000
06761P,台積電元大99售05,0,0,0,0,0,0,0,0,0,53000,0,0,0,510000,457000,53000,53000
3016,嘉晶            ,527000,251000,276000,0,0,0,0,0,0,-223000,69000,73000,-4000,54000,273000,-219000,53000
05695P,台積電凱基96售10,0,0,0,0,0,0,0,0,0,52000,0,0,0,70000,18000,52000,52000
056487,康友元大98購01  ,0,0,0,0,0,0,0,0,0,52000,0,0,0,382000,330000,52000,52000
056665,上証2X國票99購02,0,0,0,0,0,0,0,0,0,52000,0,0,0,71000,19000,52000,52000
057687,中502X凱基98購01,0,0,0,0,0,0,0,0,0,52000,0,0,0,52000,0,52000,52000
057781,國巨國票99購04  ,0,0,0,0,0,0,0,0,0,52000,0,0,0,61000,9000,52000,52000
057329,緯穎群益98購02  ,0,0,0,0,0,0,0,0,0,52000,0,0,0,174000,122000,52000,52000
057488,聯發科元大99購02,0,0,0,0,0,0,0,0,0,52000,0,0,0,216000,164000,52000,52000
047576,技嘉群益94購01  ,0,0,0,0,0,0,0,0,0,52000,0,0,0,52000,0,52000,52000
052558,新唐國票97購01  ,0,0,0,0,0,0,0,0,0,52000,0,0,0,52000,0,52000,52000
053103,瀚宇博元富96購01,0,0,0,0,0,0,0,0,0,52000,0,0,0,194000,142000,52000,52000
053145,元黃金元大96購02,0,0,0,0,0,0,0,0,0,52000,0,0,0,62000,10000,52000,52000
054009,欣興元富96購03  ,0,0,0,0,0,0,0,0,0,52000,0,0,0,117000,65000,52000,52000
051608,新日興群益96購01,0,0,0,0,0,0,0,0,0,52000,0,0,0,82000,30000,52000,52000
054831,緯穎國泰98購01  ,0,0,0,0,0,0,0,0,0,52000,0,0,0,56000,4000,52000,52000
055478,訊芯凱基97購01  ,0,0,0,0,0,0,0,0,0,52000,0,0,0,111000,59000,52000,52000
055577,晶技統一97購02  ,0,0,0,0,0,0,0,0,0,52000,0,0,0,52000,0,52000,52000
055564,茂林凱基98購01  ,0,0,0,0,0,0,0,0,0,52000,0,0,0,58000,6000,52000,52000
053792,百和元大96購01  ,0,0,0,0,0,0,0,0,0,52000,0,0,0,52000,0,52000,52000
055932,玉山金群益99購01,0,0,0,0,0,0,0,0,0,52000,0,0,0,63000,11000,52000,52000
053493,智邦兆豐97購02  ,0,0,0,0,0,0,0,0,0,52000,0,0,0,52000,0,52000,52000
057377,康控元大99購02  ,0,0,0,0,0,0,0,0,0,51000,0,0,0,117000,66000,51000,51000
057289,力成元大98購03  ,0,0,0,0,0,0,0,0,0,51000,0,0,0,51000,0,51000,51000
057824,日月光元大98購01,0,0,0,0,0,0,0,0,0,51000,0,0,0,120000,69000,51000,51000
056967,奇鋐永豐98購01  ,0,0,0,0,0,0,0,0,0,51000,0,0,0,174000,123000,51000,51000
057177,奇力新元大99購04,0,0,0,0,0,0,0,0,0,51000,0,0,0,87000,36000,51000,51000
05854P,華新科凱基96售09,0,0,0,0,0,0,0,0,0,51000,0,0,0,64000,13000,51000,51000
04638P,臺股指群益94售13,0,0,0,0,0,0,0,0,0,51000,0,0,0,63000,12000,51000,51000
054338,全新統一96購01  ,0,0,0,0,0,0,0,0,0,51000,0,0,0,81000,30000,51000,51000
051701,華通群益97購01  ,0,0,0,0,0,0,0,0,0,51000,0,0,0,177000,126000,51000,51000
055773,瑞昱凱基97購03  ,0,0,0,0,0,0,0,0,0,51000,0,0,0,129000,78000,51000,51000
055565,祥碩凱基97購01  ,0,0,0,0,0,0,0,0,0,51000,0,0,0,187000,136000,51000,51000
055470,南亞科凱基97購01,0,0,0,0,0,0,0,0,0,51000,0,0,0,80000,29000,51000,51000
055992,智原台新97購02  ,0,0,0,0,0,0,0,0,0,51000,0,0,0,51000,0,51000,51000
054456,華泰群益99購01  ,0,0,0,0,0,0,0,0,0,51000,0,0,0,54000,3000,51000,51000
06620P,聯發科元大98售07,0,0,0,0,0,0,0,0,0,51000,0,0,0,81000,30000,51000,51000
1316,上曜            ,59000,6000,53000,0,0,0,0,0,0,-2000,0,2000,-2000,0,0,0,51000
06480P,上銀凱基98售04  ,0,0,0,0,0,0,0,0,0,50000,0,0,0,50000,0,50000,50000
06263P,燿華凱基97售04  ,0,0,0,0,0,0,0,0,0,50000,0,0,0,50000,0,50000,50000
057890,滬深反統一98購01,0,0,0,0,0,0,0,0,0,50000,0,0,0,50000,0,50000,50000
058190,貿聯永豐99購01  ,0,0,0,0,0,0,0,0,0,50000,0,0,0,60000,10000,50000,50000
058449,台積電永豐99購01,0,0,0,0,0,0,0,0,0,50000,0,0,0,50000,0,50000,50000
056968,揚明光永豐98購02,0,0,0,0,0,0,0,0,0,50000,0,0,0,50000,0,50000,50000
056937,智原元富98購01  ,0,0,0,0,0,0,0,0,0,50000,0,0,0,50000,0,50000,50000
057061,華擎國泰9A購01  ,0,0,0,0,0,0,0,0,0,50000,0,0,0,55000,5000,50000,50000
05675P,美律群益97售01  ,0,0,0,0,0,0,0,0,0,50000,0,0,0,100000,50000,50000,50000
056868,奇力新麥證98購01,0,0,0,50000,0,50000,0,0,0,50000,0,0,0,50000,0,50000,50000
057716,神達統一98購01  ,0,0,0,0,0,0,0,0,0,50000,0,0,0,131000,81000,50000,50000
05762P,昇陽半永豐96售04,0,0,0,0,0,0,0,0,0,50000,0,0,0,50000,0,50000,50000
057357,超眾統一98購01  ,0,0,0,0,0,0,0,0,0,50000,0,0,0,50000,0,50000,50000
057371,可成元大98購08  ,0,0,0,0,0,0,0,0,0,50000,0,0,0,100000,50000,50000,50000
057313,聯發科麥證99購01,0,0,0,50000,0,50000,0,0,0,50000,0,0,0,50000,0,50000,50000
046380,神基凱基93購01  ,0,0,0,0,0,0,0,0,0,50000,0,0,0,50000,0,50000,50000
04543P,鴻海富邦95售03  ,0,0,0,0,0,0,0,0,0,50000,0,0,0,50000,0,50000,50000
045567,滬深2X富邦93購01,0,0,0,0,0,0,0,0,0,50000,0,0,0,180000,130000,50000,50000
04571P,華新科國泰95售03,0,0,0,0,0,0,0,0,0,50000,0,0,0,100000,50000,50000,50000
047989,深中小元大96購02,0,0,0,0,0,0,0,0,0,50000,0,0,0,50000,0,50000,50000
048068,南亞科元富95購01,0,0,0,0,0,0,0,0,0,50000,0,0,0,77000,27000,50000,50000
048070,聯發科元富99購03,0,0,0,0,0,0,0,0,0,50000,0,0,0,50000,0,50000,50000
042754,元黃金元大93購01,0,0,0,0,0,0,0,0,0,50000,0,0,0,50000,0,50000,50000
0055,元大MSCI金融    ,1000,1000,0,0,0,0,0,0,0,50000,0,0,0,57000,7000,50000,50000
04421P,玉晶光永豐94售02,0,0,0,0,0,0,0,0,0,50000,0,0,0,50000,0,50000,50000
03996P,旺宏國泰95售01  ,0,0,0,0,0,0,0,0,0,50000,0,0,0,90000,40000,50000,50000
03861P,群創元富99售01  ,0,0,0,0,0,0,0,0,0,50000,0,0,0,50000,0,50000,50000
048272,新光金富邦98購01,0,0,0,0,0,0,0,0,0,50000,0,0,0,50000,0,50000,50000
049499,康控元大96購01  ,0,0,0,0,0,0,0,0,0,50000,0,0,0,50000,0,50000,50000
049904,矽力元富94購01  ,0,0,0,0,0,0,0,0,0,50000,0,0,0,130000,80000,50000,50000
050192,康控元大97購01  ,0,0,0,0,0,0,0,0,0,50000,0,0,0,50000,0,50000,50000
050169,臺指反元大97購01,0,0,0,0,0,0,0,0,0,50000,0,0,0,50000,0,50000,50000
04842P,群創元大96售02  ,0,0,0,0,0,0,0,0,0,50000,0,0,0,50000,0,50000,50000
049601,矽創元大95購02  ,0,0,0,0,0,0,0,0,0,50000,0,0,0,50000,0,50000,50000
048891,傳奇元富97購02  ,0,0,0,0,0,0,0,0,0,50000,0,0,0,50000,0,50000,50000
053355,超眾兆豐97購01  ,0,0,0,0,0,0,0,0,0,50000,0,0,0,50000,0,50000,50000
05334P,臺股指國票95售03,0,0,0,0,0,0,0,0,0,50000,0,0,0,50000,0,50000,50000
049262,大立光元大94購09,0,0,0,0,0,0,0,0,0,50000,0,0,0,51000,1000,50000,50000
051165,可成元大95購01  ,0,0,0,0,0,0,0,0,0,50000,0,0,0,50000,0,50000,50000
051972,廣達凱基95購02  ,0,0,0,0,0,0,0,0,0,50000,0,0,0,50000,0,50000,50000
051981,南茂凱基96購01  ,0,0,0,0,0,0,0,0,0,50000,0,0,0,50000,0,50000,50000
050769,聯發科元大94購17,0,0,0,0,0,0,0,0,0,50000,0,0,0,50000,0,50000,50000
050957,T50反1台新05購01,0,0,0,0,0,0,0,0,0,50000,0,0,0,1056000,1006000,50000,50000
055396,瑞儀統一97購01  ,0,0,0,0,0,0,0,0,0,50000,0,0,0,50000,0,50000,50000
054042,華泰元大96購01  ,0,0,0,0,0,0,0,0,0,50000,0,0,0,50000,0,50000,50000
053961,揚明光永豐96購04,0,0,0,0,0,0,0,0,0,50000,0,0,0,50000,0,50000,50000
054059,欣興國票97購03  ,0,0,0,0,0,0,0,0,0,50000,0,0,0,60000,10000,50000,50000
053135,信邦國票96購01  ,0,0,0,0,0,0,0,0,0,50000,0,0,0,70000,20000,50000,50000
053067,牧德群益96購01  ,0,0,0,0,0,0,0,0,0,50000,0,0,0,50000,0,50000,50000
053206,聯發科麥證96購02,0,0,0,50000,0,50000,0,0,0,50000,0,0,0,50000,0,50000,50000
053301,華通凱基96購04  ,0,0,0,0,0,0,0,0,0,50000,0,0,0,110000,60000,50000,50000
050228,中磊中信96購01  ,0,0,0,0,0,0,0,0,0,50000,0,0,0,50000,0,50000,50000
050273,GIS元大94購04   ,0,0,0,0,0,0,0,0,0,50000,0,0,0,50000,0,50000,50000
051433,中磊元富95購01  ,0,0,0,0,0,0,0,0,0,50000,0,0,0,50000,0,50000,50000
052856,滬深2X凱基98購01,0,0,0,0,0,0,0,0,0,50000,0,0,0,50000,0,50000,50000
050463,百和元大94購04  ,0,0,0,0,0,0,0,0,0,50000,0,0,0,50000,0,50000,50000
052468,超眾統一96購02  ,0,0,0,0,0,0,0,0,0,50000,0,0,0,63000,13000,50000,50000
050522,聯發科元大95購03,0,0,0,0,0,0,0,0,0,50000,0,0,0,264000,214000,50000,50000
051338,揚明光永豐95購02,0,0,0,0,0,0,0,0,0,50000,0,0,0,50000,0,50000,50000
054792,揚明光群益97購01,0,0,0,0,0,0,0,0,0,50000,0,0,0,50000,0,50000,50000
055278,旺宏元大98購05  ,0,0,0,0,0,0,0,0,0,50000,0,0,0,50000,0,50000,50000
056007,上銀中信97購02  ,0,0,0,0,0,0,0,0,0,50000,0,0,0,60000,10000,50000,50000
055461,TPK永豐97購01   ,0,0,0,0,0,0,0,0,0,50000,0,0,0,50000,0,50000,50000
056545,TPK凱基98購02   ,0,0,0,0,0,0,0,0,0,50000,0,0,0,50000,0,50000,50000
05535P,台積電元大97售06,0,0,0,0,0,0,0,0,0,50000,0,0,0,1579000,1529000,50000,50000
055324,TPK國票98購03   ,0,0,0,0,0,0,0,0,0,50000,0,0,0,50000,0,50000,50000
055170,光磊統一97購01  ,0,0,0,0,0,0,0,0,0,50000,0,0,0,100000,50000,50000,50000
055020,上証2X國泰98購01,0,0,0,0,0,0,0,0,0,50000,0,0,0,50000,0,50000,50000
054988,凱美元富97購02  ,0,0,0,0,0,0,0,0,0,50000,0,0,0,50000,0,50000,50000
055112,晶豪科凱基98購01,0,0,0,0,0,0,0,0,0,50000,0,0,0,50000,0,50000,50000
055918,和鑫凱基97購01  ,0,0,0,0,0,0,0,0,0,50000,0,0,0,50000,0,50000,50000
055743,TPK元富98購01   ,0,0,0,0,0,0,0,0,0,50000,0,0,0,50000,0,50000,50000
055740,智易元富97購01  ,0,0,0,0,0,0,0,0,0,50000,0,0,0,51000,1000,50000,50000
05571P,大立光統一96售03,0,0,0,0,0,0,0,0,0,50000,0,0,0,50000,0,50000,50000
055636,元油反元富97購02,0,0,0,0,0,0,0,0,0,50000,0,0,0,50000,0,50000,50000
055931,冠德群益97購02  ,0,0,0,0,0,0,0,0,0,50000,0,0,0,246000,196000,50000,50000
05605P,嘉聯益元大97售02,0,0,0,0,0,0,0,0,0,50000,0,0,0,50000,0,50000,50000
056065,奇鋐元大97購01  ,0,0,0,0,0,0,0,0,0,50000,0,0,0,115000,65000,50000,50000
056051,T50反1元大97購05,0,0,0,0,0,0,0,0,0,50000,0,0,0,50000,0,50000,50000
056375,玉晶光統一01購01,0,0,0,0,0,0,0,0,0,50000,0,0,0,50000,0,50000,50000
056351,鴻海元大98購06  ,0,0,0,0,0,0,0,0,0,50000,0,0,0,102000,52000,50000,50000
056326,TPK兆豐98購01   ,0,0,0,0,0,0,0,0,0,50000,0,0,0,50000,0,50000,50000
056300,聯發科元大97購23,0,0,0,0,0,0,0,0,0,50000,0,0,0,315000,265000,50000,50000
056287,亞光永豐97購02  ,0,0,0,0,0,0,0,0,0,50000,0,0,0,50000,0,50000,50000
056272,嘉澤統一99購01  ,0,0,0,0,0,0,0,0,0,50000,0,0,0,50000,0,50000,50000
06758P,鴻海元大98售10  ,0,0,0,0,0,0,0,0,0,50000,0,0,0,124000,74000,50000,50000
06854P,鴻海富邦99售05  ,0,0,0,0,0,0,0,0,0,50000,0,0,0,55000,5000,50000,50000
06950P,鴻海統一9B售02  ,0,0,0,0,0,0,0,0,0,50000,0,0,0,71000,21000,50000,50000
06962P,華新科永豐99售01,0,0,0,0,0,0,0,0,0,50000,0,0,0,67000,17000,50000,50000
057352,大立光統一9A購02,0,0,0,0,0,0,0,0,0,49000,0,0,0,52000,3000,49000,49000
057477,智邦元大98購09  ,0,0,0,0,0,0,0,0,0,49000,0,0,0,88000,39000,49000,49000
056816,華通永豐98購02  ,0,0,0,0,0,0,0,0,0,49000,0,0,0,54000,5000,49000,49000
056675,聯發科元富02購01,0,0,0,0,0,0,0,0,0,49000,0,0,0,50000,1000,49000,49000
057893,亞德客元富98購03,0,0,0,0,0,0,0,0,0,49000,0,0,0,50000,1000,49000,49000
057864,奇力新凱基99購03,0,0,0,0,0,0,0,0,0,49000,0,0,0,79000,30000,49000,49000
06479P,聯發科中信99售02,0,0,0,0,0,0,0,0,0,49000,0,0,0,50000,1000,49000,49000
06540P,聯發科凱基98售13,0,0,0,0,0,0,0,0,0,49000,0,0,0,60000,11000,49000,49000
05961P,鴻海群益97售01  ,0,0,0,0,0,0,0,0,0,49000,0,0,0,69000,20000,49000,49000
049635,臺股指群益94購08,0,0,0,0,0,0,0,0,0,49000,0,0,0,154000,105000,49000,49000
044950,玉晶光群益94購01,0,0,0,0,0,0,0,0,0,49000,0,0,0,119000,70000,49000,49000
049346,新光金統一95購01,0,0,0,0,0,0,0,0,0,49000,0,0,0,50000,1000,49000,49000
04556P,大成鋼群益94售02,0,0,0,0,0,0,0,0,0,49000,0,0,0,49000,0,49000,49000
050404,元大金麥證94購01,0,0,0,50000,1000,49000,0,0,0,49000,0,0,0,50000,1000,49000,49000
053059,聯發科永昌99購01,0,0,0,0,0,0,0,0,0,49000,0,0,0,63000,14000,49000,49000
053979,健策元大98購01  ,0,0,0,0,0,0,0,0,0,49000,0,0,0,140000,91000,49000,49000
054231,國巨群益98購03  ,0,0,0,0,0,0,0,0,0,49000,0,0,0,99000,50000,49000,49000
051463,世芯國泰97購02  ,0,60000,-60000,0,0,0,0,0,0,109000,0,0,0,209000,100000,109000,49000
056376,玉晶光統一98購01,0,0,0,0,0,0,0,0,0,49000,0,0,0,50000,1000,49000,49000
055703,緯穎富邦98購01  ,0,0,0,0,0,0,0,0,0,49000,0,0,0,201000,152000,49000,49000
055068,亞翔永豐97購01  ,0,0,0,0,0,0,0,0,0,49000,0,0,0,49000,0,49000,49000
05557P,S&P500中信96售02,0,0,0,0,0,0,0,0,0,49000,0,0,0,69000,20000,49000,49000
055531,華新科群益98購03,0,0,0,0,0,0,0,0,0,49000,0,0,0,71000,22000,49000,49000
054778,世紀鋼國票99購01,0,0,0,0,0,0,0,0,0,49000,0,0,0,137000,88000,49000,49000
054753,復盛凱基98購01  ,0,0,0,0,0,0,0,0,0,49000,0,0,0,69000,20000,49000,49000
06713P,臺股指富邦99售04,0,0,0,0,0,0,0,0,0,49000,0,0,0,49000,0,49000,49000
6165,捷泰            ,82000,33000,49000,0,0,0,0,0,0,0,0,0,0,0,0,0,49000
06111P,上銀兆豐98售01  ,0,0,0,0,0,0,0,0,0,48000,0,0,0,82000,34000,48000,48000
057968,可成國泰9A購01  ,0,0,0,0,0,0,0,0,0,48000,0,0,0,73000,25000,48000,48000
058112,神達元富98購01  ,0,0,0,0,0,0,0,0,0,48000,0,0,0,48000,0,48000,48000
058412,聯發科兆豐99購01,0,0,0,0,0,0,0,0,0,48000,0,0,0,48000,0,48000,48000
058215,貿聯群益99購02  ,0,0,0,0,0,0,0,0,0,48000,0,0,0,122000,74000,48000,48000
056837,國巨元富98購02  ,0,0,0,0,0,0,0,0,0,48000,0,0,0,68000,20000,48000,48000
056974,臻鼎永昌9C購01  ,0,0,0,0,0,0,0,0,0,48000,0,0,0,48000,0,48000,48000
057441,奇力新統一98購03,0,0,0,0,0,0,0,0,0,48000,0,0,0,48000,0,48000,48000
057655,奇力新中信98購05,0,0,0,0,0,0,0,0,0,48000,0,0,0,48000,0,48000,48000
057608,南亞科台新98購01,0,0,0,0,0,0,0,0,0,48000,0,0,0,48000,0,48000,48000
044850,南亞科統一94購01,0,0,0,0,0,0,0,0,0,48000,0,0,0,48000,0,48000,48000
049901,瑞昱元富94購01  ,0,0,0,0,0,0,0,0,0,48000,0,0,0,98000,50000,48000,48000
049957,智邦統一94購01  ,0,0,0,0,0,0,0,0,0,48000,0,0,0,48000,0,48000,48000
052212,可成元大95購11  ,0,0,0,0,0,0,0,0,0,48000,0,0,0,62000,14000,48000,48000
051005,緯創中信95購02  ,0,0,0,0,0,0,0,0,0,48000,0,0,0,48000,0,48000,48000
051026,健策統一96購01  ,0,0,0,0,0,0,0,0,0,48000,0,0,0,48000,0,48000,48000
054007,貿聯統一96購01  ,0,0,0,0,0,0,0,0,0,48000,0,0,0,48000,0,48000,48000
054003,鴻海統一96購13  ,0,0,0,0,0,0,0,0,0,48000,0,0,0,48000,0,48000,48000
053189,聯發科統一96購05,0,0,0,0,0,0,0,0,0,48000,0,0,0,48000,0,48000,48000
052308,大立光國泰97購02,0,0,0,0,0,0,0,0,0,48000,0,0,0,107000,59000,48000,48000
056514,訊芯亞東99購01  ,0,0,0,0,0,0,0,0,0,48000,0,0,0,48000,0,48000,48000
055253,大立光統一97購06,0,0,0,0,0,0,0,0,0,48000,0,0,0,48000,0,48000,48000
053518,聯茂群益96購03  ,0,0,0,0,0,0,0,0,0,48000,0,0,0,58000,10000,48000,48000
056264,聯發科統一98購02,0,0,0,0,0,0,0,0,0,48000,0,0,0,48000,0,48000,48000
056123,鈺齊群益97購01  ,0,0,0,0,0,0,0,0,0,48000,0,0,0,248000,200000,48000,48000
053778,旺宏元大97購03  ,0,0,0,0,0,0,0,0,0,48000,0,0,0,112000,64000,48000,48000
053843,訊芯統一96購01  ,0,0,0,0,0,0,0,0,0,48000,0,0,0,48000,0,48000,48000
057587,微星國票99購01  ,0,0,0,0,0,0,0,0,0,47000,0,0,0,64000,17000,47000,47000
057805,華通元大98購06  ,0,0,0,0,0,0,0,0,0,47000,0,0,0,170000,123000,47000,47000
057200,技嘉元富98購01  ,0,0,0,0,0,0,0,0,0,47000,0,0,0,228000,181000,47000,47000
06411P,晶相光永豐97售03,0,0,0,0,0,0,0,0,0,47000,0,0,0,50000,3000,47000,47000
06203P,奇力新中信98售02,0,0,0,0,0,0,0,0,0,47000,0,0,0,47000,0,47000,47000
050363,臺指反元大98購04,0,0,0,0,0,0,0,0,0,47000,0,0,0,246000,199000,47000,47000
043730,旭富國泰93購01  ,0,0,0,0,0,0,0,0,0,47000,0,0,0,47000,0,47000,47000
04628P,欣興元大95售01  ,0,0,0,0,0,0,0,0,0,47000,0,0,0,50000,3000,47000,47000
052342,茂林凱基96購01  ,0,0,0,0,0,0,0,0,0,47000,0,0,0,69000,22000,47000,47000
052595,奇力新群益96購01,0,0,0,0,0,0,0,0,0,47000,0,0,0,79000,32000,47000,47000
053258,上証2X群益9A購03,0,0,0,0,0,0,0,0,0,47000,0,0,0,70000,23000,47000,47000
050616,潤泰全元大94購01,0,0,0,0,0,0,0,0,0,47000,0,0,0,47000,0,47000,47000
050236,旺宏凱基94購06  ,0,0,0,0,0,0,0,0,0,47000,0,0,0,291000,244000,47000,47000
054076,義隆第一96購01  ,0,0,0,0,0,0,0,0,0,47000,0,0,0,57000,10000,47000,47000
052621,台郡富邦97購01  ,0,0,0,0,0,0,0,0,0,47000,0,0,0,168000,121000,47000,47000
051696,新日興中信96購01,0,0,0,0,0,0,0,0,0,47000,0,0,0,180000,133000,47000,47000
055669,緯穎群益97購02  ,0,0,0,0,0,0,0,0,0,47000,0,0,0,252000,205000,47000,47000
055319,國巨國票98購03  ,0,0,0,0,0,0,0,0,0,47000,0,0,0,100000,53000,47000,47000
05847P,大立光元大96售08,0,0,0,0,0,0,0,0,0,46000,0,0,0,99000,53000,46000,46000
057887,智原群益98購04  ,0,0,0,0,0,0,0,0,0,46000,0,0,0,144000,98000,46000,46000
04784P,超眾元富94售01  ,0,0,0,0,0,0,0,0,0,46000,0,0,0,115000,69000,46000,46000
048600,嘉澤國票94購01  ,0,0,0,0,0,0,0,0,0,46000,0,0,0,46000,0,46000,46000
048380,T50反1國票94購02,0,0,0,0,0,0,0,0,0,46000,0,0,0,46000,0,46000,46000
051543,鈺齊國票96購01  ,0,0,0,0,0,0,0,0,0,46000,0,0,0,54000,8000,46000,46000
050784,美律國泰96購01  ,0,0,0,0,0,0,0,0,0,46000,0,0,0,46000,0,46000,46000
050890,南電富邦99購01  ,0,0,0,0,0,0,0,0,0,46000,0,0,0,238000,192000,46000,46000
050595,緯穎永豐94購03  ,0,0,0,0,0,0,0,0,0,46000,0,0,0,46000,0,46000,46000
052364,全新國票95購02  ,0,0,0,0,0,0,0,0,0,46000,0,0,0,56000,10000,46000,46000
055557,華新科凱基97購01,0,0,0,0,0,0,0,0,0,46000,0,0,0,56000,10000,46000,46000
054899,南港康和97購01  ,0,0,0,0,0,0,0,0,0,46000,0,0,0,46000,0,46000,46000
053780,南亞科元大96購03,0,0,0,0,0,0,0,0,0,46000,0,0,0,48000,2000,46000,46000
056097,訊芯元富97購02  ,0,0,0,0,0,0,0,0,0,46000,0,0,0,46000,0,46000,46000
6582,申豐            ,83000,33000,50000,0,0,0,0,0,0,-4000,0,4000,-4000,0,0,0,46000
2359,所羅門          ,132000,78000,54000,0,0,0,0,0,0,-8000,0,8000,-8000,0,0,0,46000
06723P,台灣50麥證99售01,0,0,0,57000,11000,46000,0,0,0,46000,0,0,0,57000,11000,46000,46000
06607P,友達台新98售02  ,0,0,0,0,0,0,0,0,0,46000,0,0,0,85000,39000,46000,46000
058107,全新台新99購01  ,0,0,0,0,0,0,0,0,0,45000,0,0,0,45000,0,45000,45000
05893P,國巨兆豐96售04  ,0,0,0,0,0,0,0,0,0,45000,0,0,0,45000,0,45000,45000
05692P,聯發科中信9A售02,0,0,0,0,0,0,0,0,0,45000,0,0,0,50000,5000,45000,45000
057643,聯發科元大99購03,0,0,0,0,0,0,0,0,0,45000,0,0,0,194000,149000,45000,45000
057403,亞光群益98購04  ,0,0,0,0,0,0,0,0,0,45000,0,0,0,73000,28000,45000,45000
049608,旺宏兆豐94購02  ,0,0,0,0,0,0,0,0,0,45000,0,0,0,45000,0,45000,45000
049167,元油2X凱基97購03,0,0,0,0,0,0,0,0,0,45000,0,0,0,65000,20000,45000,45000
049299,矽創群益94購01  ,0,0,0,0,0,0,0,0,0,45000,0,0,0,324000,279000,45000,45000
048012,嘉晶國票94購01  ,0,0,0,0,0,0,0,0,0,45000,0,0,0,45000,0,45000,45000
046370,全新麥證93購01  ,0,0,0,45000,0,45000,0,0,0,45000,0,0,0,45000,0,45000,45000
047303,寶滬深元大96購01,0,0,0,0,0,0,0,0,0,45000,0,0,0,65000,20000,45000,45000
045161,玉晶光國泰94購03,0,0,0,0,0,0,0,0,0,45000,0,0,0,45000,0,45000,45000
052445,南亞科元大95購05,0,0,0,0,0,0,0,0,0,45000,0,0,0,51000,6000,45000,45000
050443,復盛凱基94購02  ,0,0,0,0,0,0,0,0,0,45000,0,0,0,45000,0,45000,45000
050255,GIS富邦95購01   ,0,0,0,0,0,0,0,0,0,45000,0,0,0,45000,0,45000,45000
053245,全新國票97購01  ,0,0,0,0,0,0,0,0,0,45000,0,0,0,55000,10000,45000,45000
050876,復盛永豐95購01  ,0,0,0,0,0,0,0,0,0,45000,0,0,0,45000,0,45000,45000
051742,欣興國票96購01  ,0,0,0,0,0,0,0,0,0,45000,0,0,0,45000,0,45000,45000
053946,全新富邦97購02  ,0,0,0,0,0,0,0,0,0,45000,0,0,0,45000,0,45000,45000
054217,台表科國票97購05,0,0,0,0,0,0,0,0,0,45000,0,0,0,45000,0,45000,45000
055392,凱美統一97購03  ,0,0,0,0,0,0,0,0,0,45000,0,0,0,50000,5000,45000,45000
056578,智易元大99購02  ,0,0,0,0,0,0,0,0,0,45000,0,0,0,158000,113000,45000,45000
056567,瀚宇博群益98購02,0,0,0,0,0,0,0,0,0,45000,0,0,0,87000,42000,45000,45000
055501,創意元大97購01  ,0,0,0,0,0,0,0,0,0,45000,0,0,0,74000,29000,45000,45000
055056,億光永豐97購01  ,0,0,0,0,0,0,0,0,0,45000,0,0,0,45000,0,45000,45000
055139,欣興永豐97購01  ,0,0,0,0,0,0,0,0,0,45000,0,0,0,75000,30000,45000,45000
06777P,鴻海元大99售06  ,0,0,0,0,0,0,0,0,0,45000,0,0,0,192000,147000,45000,45000
8261,富鼎            ,70000,24000,46000,0,0,0,0,0,0,-1000,0,1000,-1000,0,0,0,45000
2231,為升            ,182000,117000,65000,0,0,0,1000,58147,-57147,37000,26000,8000,18000,21000,2000,19000,44853
057265,聯詠兆豐98購01  ,0,0,0,0,0,0,0,0,0,44000,0,0,0,80000,36000,44000,44000
056995,華新科日盛99購01,0,0,0,0,0,0,0,0,0,44000,0,0,0,54000,10000,44000,44000
057178,可成元大98購03  ,0,0,0,0,0,0,0,0,0,44000,0,0,0,80000,36000,44000,44000
057169,微星元大98購01  ,0,0,0,0,0,0,0,0,0,44000,0,0,0,44000,0,44000,44000
056643,奇力新凱基99購01,0,0,0,0,0,0,0,0,0,44000,0,0,0,44000,0,44000,44000
06120P,大立光凱基98售05,0,0,0,0,0,0,0,0,0,44000,0,0,0,44000,0,44000,44000
057996,臻鼎中信98購01  ,0,0,0,0,0,0,0,0,0,44000,0,0,0,108000,64000,44000,44000
048857,晶豪科群益94購01,0,0,0,0,0,0,0,0,0,44000,0,0,0,44000,0,44000,44000
048859,玉晶光群益96購02,0,0,0,0,0,0,0,0,0,44000,0,0,0,50000,6000,44000,44000
050301,矽創凱基94購03  ,0,0,0,0,0,0,0,0,0,44000,0,0,0,50000,6000,44000,44000
050315,和碩兆豐95購01  ,0,0,0,0,0,0,0,0,0,44000,0,0,0,54000,10000,44000,44000
048351,旺宏台新94購02  ,0,0,0,0,0,0,0,0,0,44000,0,0,0,44000,0,44000,44000
053415,聯茂國票97購01  ,0,0,0,0,0,0,0,0,0,44000,0,0,0,57000,13000,44000,44000
053937,光磊元富96購01  ,0,0,0,0,0,0,0,0,0,44000,0,0,0,54000,10000,44000,44000
051730,為升國票96購02  ,0,0,0,0,0,0,0,0,0,44000,0,0,0,241000,197000,44000,44000
050881,大立光元富95購04,0,0,0,0,0,0,0,0,0,44000,0,0,0,51000,7000,44000,44000
051112,台郡統一95購01  ,0,0,0,0,0,0,0,0,0,44000,0,0,0,54000,10000,44000,44000
05103P,臺股指凱基96售10,0,0,0,0,0,0,0,0,0,44000,0,0,0,44000,0,44000,44000
053134,南亞科國票97購01,0,0,0,0,0,0,0,0,0,44000,0,0,0,54000,10000,44000,44000
050633,義隆群益96購02  ,0,0,0,0,0,0,0,0,0,44000,0,0,0,76000,32000,44000,44000
056510,正文永豐98購02  ,0,0,0,0,0,0,0,0,0,44000,0,0,0,54000,10000,44000,44000
054867,華航群益99購01  ,0,0,0,0,0,0,0,0,0,44000,0,0,0,44000,0,44000,44000
054632,緯穎凱基9A購01  ,0,0,0,0,0,0,0,0,0,44000,0,0,0,78000,34000,44000,44000
056479,玉晶光元大99購05,0,0,0,0,0,0,0,0,0,44000,0,0,0,45000,1000,44000,44000
058074,欣興凱基99購01  ,0,0,0,0,0,0,0,0,0,43000,0,0,0,167000,124000,43000,43000
057878,台郡元大99購04  ,0,0,0,0,0,0,0,0,0,43000,0,0,0,47000,4000,43000,43000
057949,南電國票99購01  ,0,0,0,0,0,0,0,0,0,43000,0,0,0,101000,58000,43000,43000
05851P,力山群益97售01  ,0,0,0,0,0,0,0,0,0,43000,0,0,0,54000,11000,43000,43000
058193,緯穎永豐99購01  ,0,0,0,0,0,0,0,0,0,43000,0,0,0,63000,20000,43000,43000
06294P,臺股指國票97售08,0,0,0,0,0,0,0,0,0,43000,0,0,0,43000,0,43000,43000
056855,祥碩中信98購02  ,0,0,0,0,0,0,0,0,0,43000,0,0,0,121000,78000,43000,43000
057204,利勤元富98購01  ,0,0,0,0,0,0,0,0,0,43000,0,0,0,110000,67000,43000,43000
056943,華通統一99購01  ,0,0,0,0,0,0,0,0,0,43000,0,0,0,63000,20000,43000,43000
057648,和碩元大98購01  ,0,0,0,0,0,0,0,0,0,43000,0,0,0,54000,11000,43000,43000
057783,台積電國票9A購01,0,0,0,0,0,0,0,0,0,43000,0,0,0,80000,37000,43000,43000
048443,旺宏凱基93購08  ,0,0,0,0,0,0,0,0,0,43000,0,0,0,43000,0,43000,43000
05331P,上証2X國票96售01,0,0,0,0,0,0,0,0,0,43000,0,0,0,273000,230000,43000,43000
047046,台積電國票94購01,0,0,0,0,0,0,0,0,0,43000,0,0,0,70000,27000,43000,43000
049341,旺宏統一95購01  ,0,0,0,0,0,0,0,0,0,43000,0,0,0,63000,20000,43000,43000
049361,華通元大94購02  ,0,0,0,0,0,0,0,0,0,43000,0,0,0,43000,0,43000,43000
050578,聯發科國票95購03,0,0,0,0,0,0,0,0,0,43000,0,0,0,143000,100000,43000,43000
052712,旺宏凱基96購02  ,0,0,0,0,0,0,0,0,0,43000,0,0,0,43000,0,43000,43000
053028,康控富邦98購01  ,0,0,0,0,0,0,0,0,0,43000,0,0,0,105000,62000,43000,43000
051487,健策凱基96購03  ,0,0,0,0,0,0,0,0,0,43000,0,0,0,173000,130000,43000,43000
051899,欣興國泰97購01  ,0,0,0,0,0,0,0,0,0,43000,0,0,0,77000,34000,43000,43000
055371,正崴元大97購02  ,0,0,0,0,0,0,0,0,0,43000,0,0,0,43000,0,43000,43000
056269,新日興統一98購01,0,0,0,0,0,0,0,0,0,43000,0,0,0,43000,0,43000,43000
055820,矽力國票98購02  ,0,0,0,0,0,0,0,0,0,43000,0,0,0,89000,46000,43000,43000
056526,力山凱基98購01  ,0,0,0,0,0,0,0,0,0,43000,0,0,0,75000,32000,43000,43000
055561,奇鋐凱基97購01  ,0,0,0,0,0,0,0,0,0,43000,0,0,0,163000,120000,43000,43000
055065,神達永豐97購01  ,0,0,0,0,0,0,0,0,0,43000,0,0,0,61000,18000,43000,43000
06647P,台積電元大98售13,0,0,0,0,0,0,0,0,0,43000,0,0,0,90000,47000,43000,43000
2314,台揚            ,53000,56000,-3000,0,0,0,0,0,0,46000,0,35000,-35000,81000,0,81000,43000
4961,天鈺            ,146000,82000,64000,0,0,0,0,0,0,-21000,0,21000,-21000,0,0,0,43000
056989,鴻海兆豐98購02  ,0,0,0,0,0,0,0,0,0,42000,0,0,0,50000,8000,42000,42000
057009,信邦中信99購01  ,0,0,0,0,0,0,0,0,0,42000,0,0,0,290000,248000,42000,42000
057210,T50反1群益98購01,0,0,0,0,0,0,0,0,0,42000,0,0,0,42000,0,42000,42000
056900,可成元大98購02  ,0,0,0,0,0,0,0,0,0,42000,0,0,0,52000,10000,42000,42000
058218,緯穎群益99購01  ,0,0,0,0,0,0,0,0,0,42000,0,0,0,185000,143000,42000,42000
058455,玉晶光永豐99購03,0,0,0,0,0,0,0,0,0,42000,0,0,0,42000,0,42000,42000
057973,神達富邦9A購01  ,0,0,0,0,0,0,0,0,0,42000,0,0,0,52000,10000,42000,42000
057902,嘉晶永豐98購02  ,0,0,0,0,0,0,0,0,0,42000,0,0,0,58000,16000,42000,42000
03660C,元油2X富邦02牛04,0,0,0,0,0,0,0,0,0,42000,0,0,0,74000,32000,42000,42000
04831P,聯詠富邦96售01  ,0,0,0,0,0,0,0,0,0,42000,0,0,0,52000,10000,42000,42000
052107,台積電統一95購06,0,0,0,0,0,0,0,0,0,42000,0,0,0,77000,35000,42000,42000
052933,祥碩元大96購01  ,0,0,0,0,0,0,0,0,0,42000,0,0,0,42000,0,42000,42000
053154,聯詠元大96購01  ,0,0,0,0,0,0,0,0,0,42000,0,0,0,148000,106000,42000,42000
056542,緯創凱基98購01  ,0,0,0,0,0,0,0,0,0,42000,0,0,0,200000,158000,42000,42000
054312,TPK凱基98購01   ,0,0,0,0,0,0,0,0,0,42000,0,0,0,52000,10000,42000,42000
055620,樺漢國票98購01  ,0,0,0,0,0,0,0,0,0,42000,0,0,0,81000,39000,42000,42000
053540,健策永豐96購01  ,0,0,0,0,0,0,0,0,0,42000,0,0,0,100000,58000,42000,42000
053549,南亞科凱基96購02,0,0,0,0,0,0,0,0,0,42000,0,0,0,72000,30000,42000,42000
053661,嘉澤凱基97購01  ,0,0,0,0,0,0,0,0,0,42000,0,0,0,122000,80000,42000,42000
06745P,台積電群益98售05,0,0,0,0,0,0,0,0,0,42000,0,0,0,50000,8000,42000,42000
06721P,臺股指中信9A售03,0,0,0,0,0,0,0,0,0,42000,0,0,0,72000,30000,42000,42000
057967,聯發科國泰9A購02,0,0,0,0,0,0,0,0,0,41000,0,0,0,106000,65000,41000,41000
058308,全新元大9B購01  ,0,0,0,0,0,0,0,0,0,41000,0,0,0,47000,6000,41000,41000
058320,華新科永豐99購02,0,0,0,0,0,0,0,0,0,41000,0,0,0,111000,70000,41000,41000
056647,晶技凱基98購02  ,0,0,0,0,0,0,0,0,0,41000,0,0,0,90000,49000,41000,41000
05696P,南亞科凱基96售01,0,0,0,0,0,0,0,0,0,41000,0,0,0,45000,4000,41000,41000
050079,元油2X統一94購06,0,0,0,0,0,0,0,0,0,41000,0,0,0,54000,13000,41000,41000
049026,晶相光群益94購01,0,0,0,0,0,0,0,0,0,41000,0,0,0,51000,10000,41000,41000
053069,同欣電群益98購01,0,0,0,0,0,0,0,0,0,41000,0,0,0,72000,31000,41000,41000
052694,開發金中信98購01,0,0,0,0,0,0,0,0,0,41000,0,0,0,41000,0,41000,41000
053194,緯穎統一99購01  ,0,0,0,0,0,0,0,0,0,41000,0,0,0,53000,12000,41000,41000
052777,燿華國票98購01  ,0,0,0,0,0,0,0,0,0,41000,0,0,0,41000,0,41000,41000
05249P,臻鼎國票95售01  ,0,0,0,0,0,0,0,0,0,41000,0,0,0,41000,0,41000,41000
05149P,緯穎國泰96售01  ,0,0,0,0,0,0,0,0,0,41000,0,0,0,41000,0,41000,41000
056231,嘉聯益凱基97購02,0,0,0,0,0,0,0,0,0,41000,0,0,0,41000,0,41000,41000
054715,中橡康和97購01  ,0,0,0,0,0,0,0,0,0,41000,0,0,0,41000,0,41000,41000
055150,台積電元大98購04,0,0,0,0,0,0,0,0,0,41000,0,0,0,60000,19000,41000,41000
055333,晶豪科兆豐97購01,0,0,0,0,0,0,0,0,0,41000,0,0,0,97000,56000,41000,41000
06803P,臺股指群益98售09,0,0,0,0,0,0,0,0,0,41000,0,0,0,41000,0,41000,41000
06868P,電子類元大99售01,0,0,0,0,0,0,0,0,0,41000,0,0,0,42000,1000,41000,41000
3504,揚明光          ,95000,41000,54000,0,0,0,0,0,0,-13000,0,7000,-7000,0,6000,-6000,41000
2426,鼎元            ,112000,54000,58000,0,0,0,0,0,0,-17000,0,17000,-17000,0,0,0,41000
05698P,群創凱基96售01  ,0,0,0,0,0,0,0,0,0,40000,0,0,0,290000,250000,40000,40000
05673P,台積電群益96售05,0,0,0,0,0,0,0,0,0,40000,0,0,0,60000,20000,40000,40000
056776,聯茂元大99購01  ,0,0,0,0,0,0,0,0,0,40000,0,0,0,54000,14000,40000,40000
057569,光磊永豐98購03  ,0,0,0,0,0,0,0,0,0,40000,0,0,0,40000,0,40000,40000
057389,玉晶光永豐98購06,0,0,0,0,0,0,0,0,0,40000,0,0,0,40000,0,40000,40000
057506,聯鈞國票99購02  ,0,0,0,0,0,0,0,0,0,40000,0,0,0,52000,12000,40000,40000
058242,玉晶光元大9A購01,0,0,0,0,0,0,0,0,0,40000,0,0,0,40000,0,40000,40000
06333P,臺股指群益9C售02,0,0,0,0,0,0,0,0,0,40000,0,0,0,40000,0,40000,40000
06207P,聯發科凱基97售07,0,0,0,0,0,0,0,0,0,40000,0,0,0,90000,50000,40000,40000
06241P,大立光元富9A售01,0,0,0,0,0,0,0,0,0,40000,0,0,0,40000,0,40000,40000
06471P,臺股指凱基99售11,0,0,0,0,0,0,0,0,0,40000,0,0,0,123000,83000,40000,40000
04882P,鴻海凱基94售19  ,0,0,0,0,0,0,0,0,0,40000,0,0,0,41000,1000,40000,40000
048256,鴻海統一93購08  ,0,0,0,0,0,0,0,0,0,40000,0,0,0,40000,0,40000,40000
049448,光磊統一94購01  ,0,0,0,0,0,0,0,0,0,40000,0,0,0,80000,40000,40000,40000
048475,台郡永豐93購02  ,0,0,0,0,0,0,0,0,0,40000,0,0,0,40000,0,40000,40000
048410,和碩群益93購01  ,0,0,0,0,0,0,0,0,0,40000,0,0,0,40000,0,40000,40000
045115,玉晶光永豐94購01,0,0,0,0,0,0,0,0,0,40000,0,0,0,40000,0,40000,40000
044853,亞光國泰93購01  ,0,0,0,0,0,0,0,0,0,40000,0,0,0,130000,90000,40000,40000
044864,道瓊反國票96購01,0,0,0,0,0,0,0,0,0,40000,0,0,0,240000,200000,40000,40000
04337P,台積電元大93售25,0,0,0,0,0,0,0,0,0,40000,0,0,0,50000,10000,40000,40000
04341P,美律永豐93售03  ,0,0,0,0,0,0,0,0,0,40000,0,0,0,40000,0,40000,40000
044124,燿華凱基93購01  ,0,0,0,0,0,0,0,0,0,40000,0,0,0,40000,0,40000,40000
047758,康舒元富93購01  ,0,0,0,0,0,0,0,0,0,40000,0,0,0,40000,0,40000,40000
046155,道瓊反群益94購01,0,0,0,0,0,0,0,0,0,40000,0,0,0,70000,30000,40000,40000
04678P,臺股指統一94售03,0,0,0,0,0,0,0,0,0,40000,0,0,0,90000,50000,40000,40000
051691,台表科凱基95購01,0,0,0,0,0,0,0,0,0,40000,0,0,0,40000,0,40000,40000
051105,台光電國票96購01,0,0,0,0,0,0,0,0,0,40000,0,0,0,60000,20000,40000,40000
051438,喬山元大95購03  ,0,450000,-450000,0,0,0,0,0,0,490000,0,0,0,500000,10000,490000,40000
054378,楠梓電群益98購01,0,0,0,0,0,0,0,0,0,40000,0,0,0,45000,5000,40000,40000
051593,和碩元大95購01  ,0,0,0,0,0,0,0,0,0,40000,0,0,0,40000,0,40000,40000
050639,GIS國票96購01   ,0,0,0,0,0,0,0,0,0,40000,0,0,0,40000,0,40000,40000
054062,TPK國票96購02   ,0,0,0,0,0,0,0,0,0,40000,0,0,0,90000,50000,40000,40000
054109,南亞科凱基96購05,0,0,0,0,0,0,0,0,0,40000,0,0,0,90000,50000,40000,40000
054164,強茂凱基98購01  ,0,0,0,0,0,0,0,0,0,40000,0,0,0,40000,0,40000,40000
054169,上緯控凱基98購01,0,0,0,0,0,0,0,0,0,40000,0,0,0,42000,2000,40000,40000
052309,健策國泰97購01  ,0,0,0,0,0,0,0,0,0,40000,0,0,0,90000,50000,40000,40000
050497,臺指反凱基96購02,0,0,0,0,0,0,0,0,0,40000,0,0,0,40000,0,40000,40000
052132,旺宏凱基9B購01  ,0,0,0,0,0,0,0,0,0,40000,0,0,0,40000,0,40000,40000
05211P,國巨國票96售05  ,0,0,0,0,0,0,0,0,0,40000,0,0,0,40000,0,40000,40000
051327,元油2X永豐95購02,0,0,0,0,0,0,0,0,0,40000,0,0,0,50000,10000,40000,40000
053244,光磊國票97購01  ,0,0,0,0,0,0,0,0,0,40000,0,0,0,50000,10000,40000,40000
053047,寶成中信97購01  ,0,0,0,0,0,0,0,0,0,40000,0,0,0,100000,60000,40000,40000
050230,聯發科麥證94購02,0,0,0,50000,10000,40000,0,0,0,40000,0,0,0,50000,10000,40000,40000
050269,欣興元大94購09  ,0,0,0,0,0,0,0,0,0,40000,0,0,0,40000,0,40000,40000
055125,智原兆豐97購01  ,0,0,0,0,0,0,0,0,0,40000,0,0,0,100000,60000,40000,40000
055574,美律統一97購01  ,0,0,0,0,0,0,0,0,0,40000,0,0,0,40000,0,40000,40000
05432P,國巨元富95售07  ,0,0,0,0,0,0,0,0,0,40000,0,0,0,40000,0,40000,40000
056194,聯發科富邦9B購01,0,0,0,0,0,0,0,0,0,40000,0,0,0,228000,188000,40000,40000
056197,友訊永豐97購01  ,0,0,0,0,0,0,0,0,0,40000,0,0,0,95000,55000,40000,40000
053729,聯茂凱基96購05  ,0,0,0,0,0,0,0,0,0,40000,0,0,0,40000,0,40000,40000
053616,奇力新群益97購01,0,0,0,0,0,0,0,0,0,40000,0,0,0,70000,30000,40000,40000
053590,新光金元大9A購02,0,0,0,0,0,0,0,0,0,40000,0,0,0,40000,0,40000,40000
053423,亞光永豐96購01  ,0,0,0,0,0,0,0,0,0,40000,0,0,0,60000,20000,40000,40000
055623,貿聯國泰99購01  ,0,0,0,0,0,0,0,0,0,40000,0,0,0,60000,20000,40000,40000
055704,亞德客永豐97購04,0,0,0,0,0,0,0,0,0,40000,0,0,0,50000,10000,40000,40000
06661P,玉晶光永豐98售05,0,0,0,0,0,0,0,0,0,40000,0,0,0,40000,0,40000,40000
06664P,聯發科兆豐98售02,0,0,0,0,0,0,0,0,0,40000,0,0,0,70000,30000,40000,40000
06667P,鴻海凱基98售11  ,0,0,0,0,0,0,0,0,0,40000,0,0,0,41000,1000,40000,40000
06606P,訊芯元富98售02  ,0,0,0,0,0,0,0,0,0,40000,0,0,0,60000,20000,40000,40000
1808,潤隆            ,90000,27000,63000,0,0,0,0,0,0,-23000,0,23000,-23000,0,0,0,40000
1730,花仙子          ,67000,34000,33000,0,0,0,0,0,0,7000,7000,0,7000,0,0,0,40000
06403P,鴻海元富97售15  ,0,0,0,0,0,0,0,0,0,39000,0,0,0,63000,24000,39000,39000
06335P,台積電麥證97售02,0,0,0,39000,0,39000,0,0,0,39000,0,0,0,39000,0,39000,39000
06323P,台郡統一97售01  ,0,0,0,0,0,0,0,0,0,39000,0,0,0,95000,56000,39000,39000
058268,泰碩永豐9A購01  ,0,0,0,0,0,0,0,0,0,39000,0,0,0,53000,14000,39000,39000
057444,台泥元富98購01  ,0,0,0,0,0,0,0,0,0,39000,0,0,0,79000,40000,39000,39000
057276,全新元大99購03  ,0,0,0,0,0,0,0,0,0,39000,0,0,0,39000,0,39000,39000
056875,亞光凱基98購03  ,0,0,0,0,0,0,0,0,0,39000,0,0,0,122000,83000,39000,39000
056842,全新元富98購01  ,0,0,0,0,0,0,0,0,0,39000,0,0,0,59000,20000,39000,39000
056678,力成元富98購01  ,0,0,0,0,0,0,0,0,0,39000,0,0,0,50000,11000,39000,39000
047871,健策永豐93購02  ,0,0,0,0,0,0,0,0,0,39000,0,0,0,49000,10000,39000,39000
04914P,國巨國泰95售06  ,0,0,0,0,0,0,0,0,0,39000,0,0,0,40000,1000,39000,39000
049235,元油2X元富96購05,0,0,0,0,0,0,0,0,0,39000,0,0,0,125000,86000,39000,39000
049100,華新科國泰96購01,0,0,0,0,0,0,0,0,0,39000,0,0,0,91000,52000,39000,39000
052060,旺宏國票96購02  ,0,0,0,0,0,0,0,0,0,39000,0,0,0,116000,77000,39000,39000
052159,瑞昱永豐95購01  ,0,0,0,0,0,0,0,0,0,39000,0,0,0,60000,21000,39000,39000
051633,可成國票96購03  ,0,0,0,0,0,0,0,0,0,39000,0,0,0,89000,50000,39000,39000
054360,智邦凱基96購03  ,0,0,0,0,0,0,0,0,0,39000,0,0,0,72000,33000,39000,39000
051788,奇力新國票97購02,0,0,0,0,0,0,0,0,0,39000,0,0,0,39000,0,39000,39000
053870,正文元大96購01  ,0,0,0,0,0,0,0,0,0,39000,0,0,0,107000,68000,39000,39000
056228,可成凱基97購03  ,0,0,0,0,0,0,0,0,0,39000,0,0,0,55000,16000,39000,39000
05489P,臺股指凱基95售22,0,0,0,0,0,0,0,0,0,39000,0,0,0,90000,51000,39000,39000
055326,緯穎國票97購06  ,0,0,0,0,0,0,0,0,0,39000,0,0,0,39000,0,39000,39000
06765P,欣興元大98售11  ,0,0,0,0,0,0,0,0,0,39000,0,0,0,39000,0,39000,39000
056684,旺宏統一98購02  ,0,0,0,0,0,0,0,0,0,38000,0,0,0,86000,48000,38000,38000
056845,揚明光元富98購01,0,0,0,0,0,0,0,0,0,38000,0,0,0,38000,0,38000,38000
057199,台達電元富02購01,0,0,0,0,0,0,0,0,0,38000,0,0,0,60000,22000,38000,38000
057416,T50反1凱基9C購01,0,0,0,0,0,0,0,0,0,38000,0,0,0,210000,172000,38000,38000
057943,可成國票99購03  ,0,0,0,0,0,0,0,0,0,38000,0,0,0,38000,0,38000,38000
058008,禾伸堂國票99購02,0,0,0,0,0,0,0,0,0,38000,0,0,0,38000,0,38000,38000
058130,瑞昱元大99購01  ,0,0,0,0,0,0,0,0,0,38000,0,0,0,57000,19000,38000,38000
06050P,玉晶光國票98售01,0,0,0,0,0,0,0,0,0,38000,0,0,0,38000,0,38000,38000
05922P,京元電兆豐96售01,0,0,0,0,0,0,0,0,0,38000,0,0,0,49000,11000,38000,38000
048786,瑞昱元大94購02  ,0,0,0,0,0,0,0,0,0,38000,0,0,0,89000,51000,38000,38000
049605,旺宏第一94購01  ,0,0,0,0,0,0,0,0,0,38000,0,0,0,38000,0,38000,38000
050111,全新元大95購02  ,0,0,0,0,0,0,0,0,0,38000,0,0,0,38000,0,38000,38000
048598,瑞昱國票93購03  ,0,0,0,0,0,0,0,0,0,38000,0,0,0,38000,0,38000,38000
048158,大立光兆豐95購01,0,0,0,0,0,0,0,0,0,38000,0,0,0,38000,0,38000,38000
00688L,國泰20年美債正2 ,0,0,0,0,0,0,0,0,0,38000,0,0,0,149000,111000,38000,38000
04028P,燿華凱基94售02  ,0,0,0,0,0,0,0,0,0,38000,0,0,0,60000,22000,38000,38000
050932,台塑國票96購01  ,0,0,0,0,0,0,0,0,0,38000,0,0,0,38000,0,38000,38000
051042,中磊永豐95購01  ,0,0,0,0,0,0,0,0,0,38000,0,0,0,75000,37000,38000,38000
053405,台達電兆豐96購01,0,0,0,0,0,0,0,0,0,38000,0,0,0,38000,0,38000,38000
050735,亞光台新94購01  ,0,0,0,0,0,0,0,0,0,38000,0,0,0,38000,0,38000,38000
050662,智易元大96購01  ,0,0,0,0,0,0,0,0,0,38000,0,0,0,38000,0,38000,38000
050470,智邦台新94購01  ,0,0,0,0,0,0,0,0,0,38000,0,0,0,38000,0,38000,38000
051250,大立光元大98購01,0,0,0,0,0,0,0,0,0,38000,0,0,0,68000,30000,38000,38000
052666,瑞昱群益96購01  ,0,0,0,0,0,0,0,0,0,38000,0,0,0,60000,22000,38000,38000
050386,智伸科國票94購01,0,0,0,0,0,0,0,0,0,38000,0,0,0,38000,0,38000,38000
050264,聯發科元大94購13,0,0,0,0,0,0,0,0,0,38000,0,0,0,58000,20000,38000,38000
050580,強茂國票95購01  ,0,0,0,0,0,0,0,0,0,38000,0,0,0,38000,0,38000,38000
052909,上銀統一96購01  ,0,0,0,0,0,0,0,0,0,38000,0,0,0,56000,18000,38000,38000
052715,可成凱基96購01  ,0,0,0,0,0,0,0,0,0,38000,0,0,0,68000,30000,38000,38000
055248,可成統一97購02  ,0,0,0,0,0,0,0,0,0,38000,0,0,0,38000,0,38000,38000
055117,臻鼎凱基98購02  ,0,0,0,0,0,0,0,0,0,38000,0,0,0,39000,1000,38000,38000
055037,宏盛富邦99購01  ,0,0,0,0,0,0,0,0,0,38000,0,0,0,40000,2000,38000,38000
054985,光罩元富97購01  ,0,0,0,0,0,0,0,0,0,38000,0,0,0,38000,0,38000,38000
055541,聚陽凱基98購01  ,0,0,0,0,0,0,0,0,0,38000,0,0,0,38000,0,38000,38000
054903,億光康和97購02  ,0,0,0,0,0,0,0,0,0,38000,0,0,0,38000,0,38000,38000
054482,大成鋼台新96購01,0,0,0,0,0,0,0,0,0,38000,0,0,0,38000,0,38000,38000
054430,上銀台新96購02  ,0,0,0,0,0,0,0,0,0,38000,0,0,0,38000,0,38000,38000
05637P,聯電元大96售04  ,0,0,0,0,0,0,0,0,0,38000,0,0,0,38000,0,38000,38000
05559P,臺股指麥證96售01,0,0,0,39000,1000,38000,0,0,0,38000,0,0,0,39000,1000,38000,38000
05580P,美律凱基96售03  ,0,0,0,0,0,0,0,0,0,38000,0,0,0,125000,87000,38000,38000
053432,世紀鋼永豐96購02,0,0,0,0,0,0,0,0,0,38000,0,0,0,139000,101000,38000,38000
053601,台表科元大98購01,0,0,0,0,0,0,0,0,0,38000,0,0,0,41000,3000,38000,38000
1737,臺鹽            ,68000,30000,38000,0,0,0,0,0,0,0,0,0,0,0,0,0,38000
058314,欣興富邦9B購01  ,0,0,0,0,0,0,0,0,0,37000,0,0,0,39000,2000,37000,37000
05753P,臺股指中信99售02,0,0,0,0,0,0,0,0,0,37000,0,0,0,157000,120000,37000,37000
057761,聯發科凱基99購04,0,0,0,0,0,0,0,0,0,37000,0,0,0,37000,0,37000,37000
057082,玉晶光統一9A購04,0,0,0,0,0,0,0,0,0,37000,0,0,0,37000,0,37000,37000
056863,義隆群益98購01  ,0,0,0,0,0,0,0,0,0,37000,0,0,0,227000,190000,37000,37000
044717,旺宏統一94購01  ,0,0,0,0,0,0,0,0,0,37000,0,0,0,366000,329000,37000,37000
044683,聯鈞凱基93購01  ,0,0,0,0,0,0,0,0,0,37000,0,0,0,37000,0,37000,37000
04932P,香港2X中信96售01,0,0,0,0,0,0,0,0,0,37000,0,0,0,67000,30000,37000,37000
048602,上緯控國票96購01,0,0,0,0,0,0,0,0,0,37000,0,0,0,37000,0,37000,37000
04940P,台積電國票95售02,0,0,0,0,0,0,0,0,0,37000,0,0,0,42000,5000,37000,37000
048274,矽力台新93購01  ,0,0,0,0,0,0,0,0,0,37000,0,0,0,40000,3000,37000,37000
050005,京鼎永豐94購01  ,0,0,0,0,0,0,0,0,0,37000,0,0,0,37000,0,37000,37000
052010,兆豐金中信95購01,0,0,0,0,0,0,0,0,0,37000,0,0,0,70000,33000,37000,37000
053370,上証2X元大97購03,0,0,0,0,0,0,0,0,0,37000,0,0,0,583000,546000,37000,37000
052935,康友元大96購03  ,0,0,0,0,0,0,0,0,0,37000,0,0,0,236000,199000,37000,37000
053573,臺股指統一99購01,0,0,0,0,0,0,0,0,0,37000,0,0,0,46000,9000,37000,37000
05370P,矽創元富95售01  ,0,0,0,0,0,0,0,0,0,37000,0,0,0,37000,0,37000,37000
056477,欣興元大98購02  ,0,0,0,0,0,0,0,0,0,37000,0,0,0,73000,36000,37000,37000
056313,聯茂元大98購01  ,0,0,0,0,0,0,0,0,0,37000,0,0,0,90000,53000,37000,37000
053836,亞光永豐96購02  ,0,0,0,0,0,0,0,0,0,37000,0,0,0,37000,0,37000,37000
053889,致茂群益97購01  ,0,0,0,0,0,0,0,0,0,37000,0,0,0,48000,11000,37000,37000
056140,康控元大98購01  ,0,0,0,0,0,0,0,0,0,37000,0,0,0,86000,49000,37000,37000
054564,玉晶光群益99購01,0,0,0,0,0,0,0,0,0,37000,0,0,0,240000,203000,37000,37000
056500,大立光富邦9B購02,0,0,0,0,0,0,0,0,0,37000,0,0,0,472000,435000,37000,37000
054984,華泰元富97購01  ,0,0,0,0,0,0,0,0,0,37000,0,0,0,108000,71000,37000,37000
055070,聯茂永豐97購01  ,0,0,0,0,0,0,0,0,0,37000,0,0,0,37000,0,37000,37000
055119,力成凱基98購01  ,0,0,0,0,0,0,0,0,0,37000,0,0,0,77000,40000,37000,37000
056892,旺宏元大9A購02  ,0,0,0,0,0,0,0,0,0,36000,0,0,0,71000,35000,36000,36000
057821,晶相光元大98購03,0,0,0,0,0,0,0,0,0,36000,0,0,0,167000,131000,36000,36000
058022,樺漢凱基99購02  ,0,0,0,0,0,0,0,0,0,36000,0,0,0,66000,30000,36000,36000
052237,嘉澤國票96購02  ,0,0,0,0,0,0,0,0,0,36000,0,0,0,46000,10000,36000,36000
048811,鴻海日盛94購01  ,0,0,0,0,0,0,0,0,0,36000,0,0,0,136000,100000,36000,36000
048798,華新科國泰95購01,0,0,0,0,0,0,0,0,0,36000,0,0,0,96000,60000,36000,36000
049058,茂林永豐94購02  ,0,0,0,0,0,0,0,0,0,36000,0,0,0,36000,0,36000,36000
049897,華新科統一94購07,0,0,0,0,0,0,0,0,0,36000,0,0,0,84000,48000,36000,36000
048525,華通國票94購02  ,0,0,0,0,0,0,0,0,0,36000,0,0,0,36000,0,36000,36000
049369,義隆元大95購01  ,0,0,0,0,0,0,0,0,0,36000,0,0,0,36000,0,36000,36000
043765,GIS元大93購04   ,0,0,0,0,0,0,0,0,0,36000,0,0,0,36000,0,36000,36000
052907,嘉澤國票97購01  ,0,0,0,0,0,0,0,0,0,36000,0,0,0,84000,48000,36000,36000
052749,日月光元大96購02,0,0,0,0,0,0,0,0,0,36000,0,0,0,46000,10000,36000,36000
051412,奇力新國票96購01,0,0,0,0,0,0,0,0,0,36000,0,0,0,41000,5000,36000,36000
053041,可成凱基96購02  ,0,0,0,0,0,0,0,0,0,36000,0,0,0,36000,0,36000,36000
052696,玉晶光麥證97購01,0,0,0,55000,19000,36000,0,0,0,36000,0,0,0,55000,19000,36000,36000
053306,晶技凱基97購01  ,0,0,0,0,0,0,0,0,0,36000,0,0,0,150000,114000,36000,36000
052298,易華電國票96購01,0,0,0,0,0,0,0,0,0,36000,0,0,0,36000,0,36000,36000
052677,景碩富邦97購01  ,0,0,0,0,0,0,0,0,0,36000,0,0,0,36000,0,36000,36000
05337P,臺股指國票95售06,0,0,0,0,0,0,0,0,0,36000,0,0,0,67000,31000,36000,36000
054375,貿聯中信99購01  ,0,0,0,0,0,0,0,0,0,36000,0,0,0,50000,14000,36000,36000
055398,超眾統一97購03  ,0,0,0,0,0,0,0,0,0,36000,0,0,0,51000,15000,36000,36000
055420,欣興永豐98購01  ,0,0,0,0,0,0,0,0,0,36000,0,0,0,112000,76000,36000,36000
051995,矽力元大95購03  ,0,0,0,0,0,0,0,0,0,36000,0,0,0,38000,2000,36000,36000
055338,GIS兆豐97購01   ,0,0,0,0,0,0,0,0,0,36000,0,0,0,36000,0,36000,36000
056571,燿華元大98購02  ,0,0,0,0,0,0,0,0,0,36000,0,0,0,187000,151000,36000,36000
054890,聯鈞統一99購01  ,0,0,0,0,0,0,0,0,0,36000,0,0,0,50000,14000,36000,36000
05469P,台積電元大95售24,0,0,0,0,0,0,0,0,0,36000,0,0,0,1170000,1134000,36000,36000
053521,緯穎群益96購02  ,0,0,0,0,0,0,0,0,0,36000,0,0,0,67000,31000,36000,36000
055733,奇力新元富97購01,0,0,0,0,0,0,0,0,0,36000,0,0,0,53000,17000,36000,36000
058196,台塑中信99購01  ,0,0,0,0,0,0,0,0,0,35000,0,0,0,35000,0,35000,35000
058177,華新科凱基99購02,0,0,0,0,0,0,0,0,0,35000,0,0,0,45000,10000,35000,35000
06142P,台虹康和97售02  ,0,0,0,0,0,0,0,0,0,35000,0,0,0,48000,13000,35000,35000
057438,禾伸堂國票99購01,0,0,0,0,0,0,0,0,0,35000,0,0,0,35000,0,35000,35000
057336,聯發科國票99購01,0,0,0,0,0,0,0,0,0,35000,0,0,0,45000,10000,35000,35000
056714,晶相光永豐98購02,0,0,0,0,0,0,0,0,0,35000,0,0,0,158000,123000,35000,35000
056715,瀚宇博永豐98購01,0,0,0,0,0,0,0,0,0,35000,0,0,0,47000,12000,35000,35000
044049,元金2X元大94購03,0,0,0,0,0,0,0,0,0,35000,0,0,0,35000,0,35000,35000
03416B,臺股指凱基95熊05,0,0,0,0,0,0,0,0,0,35000,0,0,0,111000,76000,35000,35000
03763P,聯發科元富96售01,0,0,0,0,0,0,0,0,0,35000,0,0,0,125000,90000,35000,35000
047898,嘉澤群益93購02  ,0,0,0,0,0,0,0,0,0,35000,0,0,0,35000,0,35000,35000
04703P,樺漢統一95售01  ,0,0,0,0,0,0,0,0,0,35000,0,0,0,39000,4000,35000,35000
047571,滬深2X群益99購01,0,0,0,0,0,0,0,0,0,35000,0,0,0,450000,415000,35000,35000
05016P,臺股指元大95售07,0,0,0,0,0,0,0,0,0,35000,0,0,0,35000,0,35000,35000
049845,台積電麥證94購01,0,0,0,35000,0,35000,0,0,0,35000,0,0,0,35000,0,35000,35000
048697,華新科國票94購06,0,0,0,0,0,0,0,0,0,35000,0,0,0,95000,60000,35000,35000
053349,台郡國票97購02  ,0,0,0,0,0,0,0,0,0,35000,0,0,0,50000,15000,35000,35000
051914,健策元大96購06  ,0,0,0,0,0,0,0,0,0,35000,0,0,0,61000,26000,35000,35000
051779,大立光群益95購02,0,0,0,0,0,0,0,0,0,35000,0,0,0,75000,40000,35000,35000
050939,健鼎國票96購01  ,0,0,0,0,0,0,0,0,0,35000,0,0,0,40000,5000,35000,35000
055372,宏達電元大97購04,0,0,0,0,0,0,0,0,0,35000,0,0,0,108000,73000,35000,35000
054165,亞光凱基96購02  ,0,0,0,0,0,0,0,0,0,35000,0,0,0,45000,10000,35000,35000
052788,開發金中信98購02,0,0,0,0,0,0,0,0,0,35000,0,0,0,45000,10000,35000,35000
052709,光寶科日盛96購01,0,0,0,0,0,0,0,0,0,35000,0,0,0,60000,25000,35000,35000
053044,南茂凱基96購02  ,0,0,0,0,0,0,0,0,0,35000,0,0,0,100000,65000,35000,35000
055706,大立光永豐97購03,0,0,0,0,0,0,0,0,0,35000,0,0,0,105000,70000,35000,35000
053487,台泥兆豐97購01  ,0,0,0,0,0,0,0,0,0,35000,0,0,0,35000,0,35000,35000
056096,超眾元富9A購01  ,0,0,0,0,0,0,0,0,0,35000,0,0,0,41000,6000,35000,35000
053888,和大群益97購01  ,0,0,0,0,0,0,0,0,0,35000,0,0,0,124000,89000,35000,35000
056292,統一元大97購01  ,0,0,0,0,0,0,0,0,0,35000,0,0,0,42000,7000,35000,35000
056425,聯發科日盛9A購01,0,0,0,0,0,0,0,0,0,35000,0,0,0,36000,1000,35000,35000
05480P,滬深2X凱基96售05,0,0,0,0,0,0,0,0,0,35000,0,0,0,35000,0,35000,35000
054575,聯鈞元大97購01  ,0,0,0,0,0,0,0,0,0,35000,0,0,0,104000,69000,35000,35000
055101,台肥凱基97購01  ,0,0,0,0,0,0,0,0,0,35000,0,0,0,35000,0,35000,35000
06634P,欣興國票98售02  ,0,0,0,0,0,0,0,0,0,35000,0,0,0,35000,0,35000,35000
2499,東貝            ,305000,270000,35000,0,0,0,0,0,0,0,0,0,0,0,0,0,35000
2342,茂矽            ,988000,956000,32000,0,0,0,0,0,0,3000,13000,10000,3000,0,0,0,35000
056787,健鼎群益98購01  ,0,0,0,0,0,0,0,0,0,34000,0,0,0,60000,26000,34000,34000
057370,可成元大98購07  ,0,0,0,0,0,0,0,0,0,34000,0,0,0,59000,25000,34000,34000
057306,玉晶光兆豐99購01,0,0,0,0,0,0,0,0,0,34000,0,0,0,34000,0,34000,34000
057581,元大金中信9A購01,0,0,0,0,0,0,0,0,0,34000,0,0,0,100000,66000,34000,34000
06486P,麗豐元大98售02  ,0,0,0,0,0,0,0,0,0,34000,0,0,0,50000,16000,34000,34000
048273,南電富邦97購01  ,0,0,0,0,0,0,0,0,0,34000,0,0,0,84000,50000,34000,34000
047925,可成凱基94購01  ,0,0,0,0,0,0,0,0,0,34000,0,0,0,74000,40000,34000,34000
053079,世紀鋼永豐96購01,0,0,0,0,0,0,0,0,0,34000,0,0,0,109000,75000,34000,34000
052581,訊芯元富98購01  ,0,0,0,0,0,0,0,0,0,34000,0,0,0,46000,12000,34000,34000
054128,台積電元大97購10,0,0,0,0,0,0,0,0,0,34000,0,0,0,36000,2000,34000,34000
050964,晶技永豐95購02  ,0,0,0,0,0,0,0,0,0,34000,0,0,0,37000,3000,34000,34000
055335,健策兆豐98購01  ,0,0,0,0,0,0,0,0,0,34000,0,0,0,34000,0,34000,34000
056574,亞光元大99購03  ,0,0,0,0,0,0,0,0,0,34000,0,0,0,34000,0,34000,34000
056535,全新凱基99購02  ,0,0,0,0,0,0,0,0,0,34000,0,0,0,34000,0,34000,34000
054315,訊芯凱基98購01  ,0,0,0,0,0,0,0,0,0,34000,0,0,0,89000,55000,34000,34000
055282,聯發科元大97購15,0,0,0,0,0,0,0,0,0,34000,0,0,0,138000,104000,34000,34000
056299,友達元大9B購04  ,0,0,0,0,0,0,0,0,0,34000,0,0,0,50000,16000,34000,34000
056085,聯發科統一97購01,0,0,0,0,0,0,0,0,0,34000,0,0,0,34000,0,34000,34000
05366P,鴻海元富95售12  ,0,0,0,0,0,0,0,0,0,34000,0,0,0,80000,46000,34000,34000
055596,新光金元大9B購02,0,0,0,0,0,0,0,0,0,34000,0,0,0,34000,0,34000,34000
06675P,國巨國票99售02  ,0,0,0,0,0,0,0,0,0,34000,0,0,0,34000,0,34000,34000
05946P,和碩中信96售01  ,0,0,0,0,0,0,0,0,0,33000,0,0,0,71000,38000,33000,33000
057669,嘉晶元大99購03  ,0,0,0,0,0,0,0,0,0,33000,0,0,0,105000,72000,33000,33000
057404,貿聯群益99購01  ,0,0,0,0,0,0,0,0,0,33000,0,0,0,33000,0,33000,33000
057494,玉晶光元大99購09,0,0,0,0,0,0,0,0,0,33000,0,0,0,34000,1000,33000,33000
056713,華擎永豐98購01  ,0,0,0,0,0,0,0,0,0,33000,0,0,0,46000,13000,33000,33000
049296,義隆群益96購01  ,0,0,0,0,0,0,0,0,0,33000,0,0,0,33000,0,33000,33000
04838P,宏達電元大95售02,0,0,0,0,0,0,0,0,0,33000,0,0,0,33000,0,33000,33000
053333,新唐永豐96購01  ,0,0,0,0,0,0,0,0,0,33000,0,0,0,33000,0,33000,33000
050312,大立光兆豐94購04,0,0,0,0,0,0,0,0,0,33000,0,0,0,97000,64000,33000,33000
051213,華新科統一95購01,0,0,0,0,0,0,0,0,0,33000,0,0,0,75000,42000,33000,33000
048794,易華電元大97購01,0,0,0,0,0,0,0,0,0,33000,0,0,0,33000,0,33000,33000
051495,玉晶光第一95購02,0,0,0,0,0,0,0,0,0,33000,0,0,0,43000,10000,33000,33000
055387,世紀鋼元大97購01,0,0,0,0,0,0,0,0,0,33000,0,0,0,475000,442000,33000,33000
053379,南亞科元大96購01,0,0,0,0,0,0,0,0,0,33000,0,0,0,43000,10000,33000,33000
050713,矽格麥證94購01  ,0,0,0,43000,10000,33000,0,0,0,33000,0,0,0,43000,10000,33000,33000
052553,技嘉國票96購01  ,0,0,0,0,0,0,0,0,0,33000,0,0,0,51000,18000,33000,33000
053286,臺股指元大96購14,0,0,0,0,0,0,0,0,0,33000,0,0,0,68000,35000,33000,33000
053250,百和國票97購02  ,0,0,0,0,0,0,0,0,0,33000,0,0,0,43000,10000,33000,33000
051428,玉晶光統一96購01,0,0,0,0,0,0,0,0,0,33000,0,0,0,33000,0,33000,33000
050570,聯發科中信97購02,0,0,0,0,0,0,0,0,0,33000,0,0,0,33000,0,33000,33000
052860,旺宏凱基96購03  ,0,0,0,0,0,0,0,0,0,33000,0,0,0,33000,0,33000,33000
055859,啟碁元大97購03  ,0,0,0,0,0,0,0,0,0,33000,0,0,0,33000,0,33000,33000
056393,精元永豐98購01  ,0,0,0,0,0,0,0,0,0,33000,0,0,0,33000,0,33000,33000
054672,華新科國泰99購01,0,0,0,0,0,0,0,0,0,33000,0,0,0,95000,62000,33000,33000
06621P,欣興元大98售06  ,0,0,0,0,0,0,0,0,0,33000,0,0,0,40000,7000,33000,33000
056687,元大金統一98購01,0,0,0,0,0,0,0,0,0,32000,0,0,0,163000,131000,32000,32000
056911,緯穎元大99購01  ,0,0,0,0,0,0,0,0,0,32000,0,0,0,37000,5000,32000,32000
057152,緯穎國票99購03  ,0,0,0,0,0,0,0,0,0,32000,0,0,0,62000,30000,32000,32000
057159,晶技永豐98購01  ,0,0,0,0,0,0,0,0,0,32000,0,0,0,32000,0,32000,32000
057273,智邦元大98購05  ,0,0,0,0,0,0,0,0,0,32000,0,0,0,67000,35000,32000,32000
057239,貿聯凱基98購05  ,0,0,0,0,0,0,0,0,0,32000,0,0,0,168000,136000,32000,32000
057837,康控國泰99購02  ,0,0,0,0,0,0,0,0,0,32000,0,0,0,61000,29000,32000,32000
057756,瑞昱日盛99購01  ,0,0,0,0,0,0,0,0,0,32000,0,0,0,95000,63000,32000,32000
05924P,超眾元富96售04  ,0,0,0,0,0,0,0,0,0,32000,0,0,0,70000,38000,32000,32000
06432P,上銀群益98售01  ,0,0,0,0,0,0,0,0,0,32000,0,0,0,42000,10000,32000,32000
058453,可成永豐99購01  ,0,0,0,0,0,0,0,0,0,32000,0,0,0,32000,0,32000,32000
058338,康友元富99購01  ,0,0,0,0,0,0,0,0,0,32000,0,0,0,503000,471000,32000,32000
058006,台郡群益98購04  ,0,0,0,0,0,0,0,0,0,32000,0,0,0,35000,3000,32000,32000
058113,百和元富98購01  ,0,0,0,0,0,0,0,0,0,32000,0,0,0,62000,30000,32000,32000
05786P,臺股指永昌96售03,0,0,0,0,0,0,0,0,0,32000,30000,0,30000,32000,30000,2000,32000
057872,旺宏元大99購06  ,0,0,0,0,0,0,0,0,0,32000,0,0,0,44000,12000,32000,32000
050097,可成國泰96購02  ,0,0,0,0,0,0,0,0,0,32000,0,0,0,60000,28000,32000,32000
046164,健策兆豐93購03  ,0,0,0,0,0,0,0,0,0,32000,0,0,0,32000,0,32000,32000
047127,臻鼎中信95購01  ,0,0,0,0,0,0,0,0,0,32000,0,0,0,100000,68000,32000,32000
052758,友達群益99購01  ,0,0,0,0,0,0,0,0,0,32000,0,0,0,32000,0,32000,32000
050620,和碩元大94購04  ,0,0,0,0,0,0,0,0,0,32000,0,0,0,36000,4000,32000,32000
053167,欣興群益96購03  ,0,0,0,0,0,0,0,0,0,32000,0,0,0,61000,29000,32000,32000
052590,祥碩永豐96購01  ,0,0,0,0,0,0,0,0,0,32000,0,0,0,52000,20000,32000,32000
050456,聯茂元大94購09  ,0,0,0,0,0,0,0,0,0,32000,0,0,0,32000,0,32000,32000
053995,奇力新群益97購02,0,0,0,0,0,0,0,0,0,32000,0,0,0,49000,17000,32000,32000
050832,力成凱基95購01  ,0,0,0,0,0,0,0,0,0,32000,0,0,0,32000,0,32000,32000
051532,潤泰全國票96購01,0,0,0,0,0,0,0,0,0,32000,0,0,0,42000,10000,32000,32000
056493,晶技國泰99購01  ,0,0,0,0,0,0,0,0,0,32000,0,0,0,35000,3000,32000,32000
055519,茂林中信99購01  ,0,0,0,0,0,0,0,0,0,32000,0,0,0,52000,20000,32000,32000
055460,華擎永豐97購01  ,0,0,0,0,0,0,0,0,0,32000,0,0,0,35000,3000,32000,32000
05532P,臺股指群益96售05,0,0,0,0,0,0,0,0,0,32000,0,0,0,33000,1000,32000,32000
055027,牧德國泰99購01  ,0,0,0,0,0,0,0,0,0,32000,0,0,0,98000,66000,32000,32000
056400,道瓊反群益9C購01,0,0,0,0,0,0,0,0,0,32000,0,0,0,32000,0,32000,32000
05640P,旺宏元富96售03  ,0,0,0,0,0,0,0,0,0,32000,0,0,0,43000,11000,32000,32000
056069,新日興元大97購03,0,0,0,0,0,0,0,0,0,32000,0,0,0,85000,53000,32000,32000
055875,光罩元富97購02  ,0,0,0,0,0,0,0,0,0,32000,0,0,0,32000,0,32000,32000
055970,聯茂元大97購04  ,0,0,0,0,0,0,0,0,0,32000,0,0,0,44000,12000,32000,32000
1444,力麗            ,276000,225000,51000,0,0,0,0,0,0,-19000,0,19000,-19000,0,0,0,32000
3419,譁裕            ,52000,18000,34000,0,0,0,0,0,0,-2000,0,2000,-2000,0,0,0,32000
05930P,景碩康和96售01  ,0,0,0,0,0,0,0,0,0,31000,0,0,0,61000,30000,31000,31000
05996P,華新科群益96售03,0,0,0,0,0,0,0,0,0,31000,0,0,0,135000,104000,31000,31000
057759,聯發科凱基98購17,0,0,0,0,0,0,0,0,0,31000,0,0,0,61000,30000,31000,31000
057442,玉晶光統一98購03,0,0,0,0,0,0,0,0,0,31000,0,0,0,155000,124000,31000,31000
057010,景碩中信98購01  ,0,0,0,0,0,0,0,0,0,31000,0,0,0,50000,19000,31000,31000
057000,亞德客國票99購01,0,0,0,0,0,0,0,0,0,31000,0,0,0,41000,10000,31000,31000
03029X,元展26          ,0,0,0,0,0,0,0,0,0,31000,0,0,0,31000,0,31000,31000
04988P,楠梓電元大94售01,0,0,0,0,0,0,0,0,0,31000,0,0,0,31000,0,31000,31000
04991P,台表科元大94售05,0,0,0,0,0,0,0,0,0,31000,0,0,0,35000,4000,31000,31000
050351,華新科群益95購02,0,0,0,0,0,0,0,0,0,31000,0,0,0,61000,30000,31000,31000
051741,可成國票97購01  ,0,0,0,0,0,0,0,0,0,31000,0,0,0,106000,75000,31000,31000
051758,瑞昱元大95購01  ,0,0,0,0,0,0,0,0,0,31000,0,0,0,31000,0,31000,31000
050786,健策國泰96購01  ,0,0,0,0,0,0,0,0,0,31000,0,0,0,31000,0,31000,31000
051086,鴻海元大96購04  ,0,0,0,0,0,0,0,0,0,31000,0,0,0,100000,69000,31000,31000
051256,中磊元大95購01  ,0,0,0,0,0,0,0,0,0,31000,0,0,0,31000,0,31000,31000
052801,友達元大9A購01  ,0,0,0,0,0,0,0,0,0,31000,0,0,0,206000,175000,31000,31000
055653,聯詠元富01購02  ,0,0,0,0,0,0,0,0,0,31000,0,0,0,41000,10000,31000,31000
056459,茂林凱基99購01  ,0,0,0,0,0,0,0,0,0,31000,0,0,0,78000,47000,31000,31000
054588,玉晶光國泰99購02,0,0,0,0,0,0,0,0,0,31000,0,0,0,49000,18000,31000,31000
054458,復盛群益96購01  ,0,0,0,0,0,0,0,0,0,31000,0,0,0,38000,7000,31000,31000
056946,國巨統一98購05  ,0,0,0,0,0,0,0,0,0,30000,0,0,0,30000,0,30000,30000
056924,亞光兆豐98購01  ,0,0,0,0,0,0,0,0,0,30000,0,0,0,60000,30000,30000,30000
05703P,矽力群益96售03  ,0,0,0,0,0,0,0,0,0,30000,0,0,0,276000,246000,30000,30000
057149,京鼎國票99購02  ,0,0,0,0,0,0,0,0,0,30000,0,0,0,30000,0,30000,30000
056740,大立光凱基98購13,0,0,0,0,0,0,0,0,0,30000,0,0,0,40000,10000,30000,30000
057793,群創統一99購02  ,0,0,0,0,0,0,0,0,0,30000,0,0,0,30000,0,30000,30000
057817,景碩元大98購01  ,0,0,0,0,0,0,0,0,0,30000,0,0,0,30000,0,30000,30000
057691,健策凱基99購01  ,0,0,0,0,0,0,0,0,0,30000,0,0,0,30000,0,30000,30000
057642,南亞科元大98購07,0,0,0,0,0,0,0,0,0,30000,0,0,0,34000,4000,30000,30000
05862P,大立光國泰98售01,0,0,0,0,0,0,0,0,0,30000,0,0,0,106000,76000,30000,30000
06053P,緯穎國票97售05  ,0,0,0,0,0,0,0,0,0,30000,0,0,0,30000,0,30000,30000
06396P,新日興康和97售01,0,0,0,0,0,0,0,0,0,30000,0,0,0,147000,117000,30000,30000
06481P,台積電凱基98售12,0,0,0,0,0,0,0,0,0,30000,0,0,0,30000,0,30000,30000
06449P,台積電元大98售09,0,0,0,0,0,0,0,0,0,30000,0,0,0,30000,0,30000,30000
06557P,台積電兆豐98售02,0,0,0,0,0,0,0,0,0,30000,0,0,0,44000,14000,30000,30000
06571P,欣興永豐98售03  ,0,0,0,0,0,0,0,0,0,30000,0,0,0,30000,0,30000,30000
06322P,超眾統一97售04  ,0,0,0,0,0,0,0,0,0,30000,0,0,0,30000,0,30000,30000
05813P,臺股指國票96售06,0,0,0,0,0,0,0,0,0,30000,0,0,0,30000,0,30000,30000
053375,鴻海元大96購18  ,0,0,0,0,0,0,0,0,0,30000,0,0,0,30000,0,30000,30000
05335P,臺股指國票95售04,0,0,0,0,0,0,0,0,0,30000,0,0,0,30000,0,30000,30000
048841,聯茂凱基94購06  ,0,0,0,0,0,0,0,0,0,30000,0,0,0,30000,0,30000,30000
048972,晶豪科元大94購01,0,0,0,0,0,0,0,0,0,30000,0,0,0,30000,0,30000,30000
048979,晶相光元大94購03,0,0,0,0,0,0,0,0,0,30000,0,0,0,30000,0,30000,30000
048987,崇越元大94購01  ,0,0,0,0,0,0,0,0,0,30000,0,0,0,30000,0,30000,30000
048668,奇力新永豐93購04,0,0,0,0,0,0,0,0,0,30000,0,0,0,30000,0,30000,30000
049157,矽創元大95購01  ,0,0,0,0,0,0,0,0,0,30000,0,0,0,44000,14000,30000,30000
049237,元油2X元富96購07,0,0,0,0,0,0,0,0,0,30000,0,0,0,30000,0,30000,30000
049934,緯穎元大94購08  ,0,0,0,0,0,0,0,0,0,30000,0,0,0,47000,17000,30000,30000
049998,奇力新永豐94購03,0,0,0,0,0,0,0,0,0,30000,0,0,0,30000,0,30000,30000
049573,長榮航統一95購01,0,0,0,0,0,0,0,0,0,30000,0,0,0,40000,10000,30000,30000
049447,聯電統一94購01  ,0,0,0,0,0,0,0,0,0,30000,0,0,0,30000,0,30000,30000
048162,矽力麥證93購01  ,0,0,0,30000,0,30000,0,0,0,30000,0,0,0,30000,0,30000,30000
049678,臺股指國票94購11,0,0,0,0,0,0,0,0,0,30000,0,0,0,60000,30000,30000,30000
049675,台光電國票95購01,0,0,0,0,0,0,0,0,0,30000,0,0,0,30000,0,30000,30000
049761,亞德客國泰95購03,0,0,0,0,0,0,0,0,0,30000,0,0,0,39000,9000,30000,30000
049732,國巨群益94購05  ,0,0,0,0,0,0,0,0,0,30000,0,0,0,30000,0,30000,30000
049736,宏達電群益95購03,0,0,0,0,0,0,0,0,0,30000,0,0,0,50000,20000,30000,30000
04291P,鴻海富邦93售04  ,0,0,0,0,0,0,0,0,0,30000,0,0,0,30000,0,30000,30000
04371P,臺股指凱基94售01,0,0,0,0,0,0,0,0,0,30000,0,0,0,30000,0,30000,30000
047704,智邦凱基93購06  ,0,0,0,0,0,0,0,0,0,30000,0,0,0,30000,0,30000,30000
044507,燿華凱基93購03  ,0,0,0,0,0,0,0,0,0,30000,0,0,0,40000,10000,30000,30000
047730,矽力群益93購02  ,0,0,0,0,0,0,0,0,0,30000,0,0,0,30000,0,30000,30000
044396,燿華凱基93購02  ,0,0,0,0,0,0,0,0,0,30000,0,0,0,30000,0,30000,30000
044961,聯電中信94購01  ,0,0,0,0,0,0,0,0,0,30000,0,0,0,30000,0,30000,30000
045331,旺宏群益94購01  ,0,0,0,0,0,0,0,0,0,30000,0,0,0,30000,0,30000,30000
04527P,大立光凱基94售04,0,0,0,0,0,0,0,0,0,30000,0,0,0,30000,0,30000,30000
047051,可成國票94購01  ,0,0,0,0,0,0,0,0,0,30000,0,0,0,30000,0,30000,30000
046877,燿華國泰94購01  ,0,0,0,0,0,0,0,0,0,30000,0,0,0,30000,0,30000,30000
045462,美律元大93購04  ,0,0,0,0,0,0,0,0,0,30000,0,0,0,30000,0,30000,30000
045679,欣興元大94購01  ,0,0,0,0,0,0,0,0,0,30000,0,0,0,30000,0,30000,30000
045797,健策中信93購01  ,0,0,0,0,0,0,0,0,0,30000,0,0,0,30000,0,30000,30000
046134,致新國泰93購02  ,0,0,0,0,0,0,0,0,0,30000,0,0,0,30000,0,30000,30000
04655P,臺股指凱基94售14,0,0,0,0,0,0,0,0,0,30000,0,0,0,30000,0,30000,30000
047923,聯發科凱基94購02,0,0,0,0,0,0,0,0,0,30000,0,0,0,30000,0,30000,30000
047910,全新麥證94購01  ,0,0,0,30000,0,30000,0,0,0,30000,0,0,0,30000,0,30000,30000
04785P,鴻海永豐94售03  ,0,0,0,0,0,0,0,0,0,30000,0,0,0,61000,31000,30000,30000
052817,楠梓電永豐96購02,0,0,0,0,0,0,0,0,0,30000,0,0,0,30000,0,30000,30000
052828,滬深2X群益9A購02,0,0,0,0,0,0,0,0,0,30000,0,0,0,40000,10000,30000,30000
05320P,華通凱基96售03  ,0,0,0,0,0,0,0,0,0,30000,0,0,0,30000,0,30000,30000
053138,華邦電富邦96購01,0,0,0,0,0,0,0,0,0,30000,0,0,0,30000,0,30000,30000
052104,英業達兆豐96購01,0,0,0,0,0,0,0,0,0,30000,0,0,0,30000,0,30000,30000
050548,華固凱基95購01  ,0,0,0,0,0,0,0,0,0,30000,0,0,0,30000,0,30000,30000
051354,聯發科元大95購09,0,0,0,0,0,0,0,0,0,30000,0,0,0,490000,460000,30000,30000
050392,群創統一96購01  ,0,0,0,0,0,0,0,0,0,30000,0,0,0,30000,0,30000,30000
052594,友訊群益98購01  ,0,0,0,0,0,0,0,0,0,30000,0,0,0,42000,12000,30000,30000
052321,華擎元大95購01  ,0,0,0,0,0,0,0,0,0,30000,0,0,0,30000,0,30000,30000
052352,力成元富95購01  ,0,0,0,0,0,0,0,0,0,30000,0,0,0,30000,0,30000,30000
051102,訊芯元大96購01  ,0,0,0,0,0,0,0,0,0,30000,0,0,0,30000,0,30000,30000
051029,緯創元富95購01  ,0,0,0,0,0,0,0,0,0,30000,0,0,0,30000,0,30000,30000
051747,貿聯國泰96購01  ,0,0,0,0,0,0,0,0,0,30000,0,0,0,50000,20000,30000,30000
051541,GIS國票96購02   ,0,0,0,0,0,0,0,0,0,30000,0,0,0,45000,15000,30000,30000
054110,群創凱基98購09  ,0,0,0,0,0,0,0,0,0,30000,0,0,0,30000,0,30000,30000
054035,聯詠麥證96購01  ,0,0,0,30000,0,30000,0,0,0,30000,0,0,0,30000,0,30000,30000
054029,瀚宇博凱基96購02,0,0,0,0,0,0,0,0,0,30000,0,0,0,30000,0,30000,30000
051615,華通凱基96購01  ,0,0,0,0,0,0,0,0,0,30000,0,0,0,30000,0,30000,30000
055402,正文元富97購02  ,0,0,0,0,0,0,0,0,0,30000,0,0,0,40000,10000,30000,30000
055405,華泰國泰98購01  ,0,0,0,0,0,0,0,0,0,30000,0,0,0,30000,0,30000,30000
053922,亞光國票96購01  ,0,0,0,0,0,0,0,0,0,30000,0,0,0,30000,0,30000,30000
054341,燿華元富96購03  ,0,0,0,0,0,0,0,0,0,30000,0,0,0,30000,0,30000,30000
054479,緯創中信98購01  ,0,0,0,0,0,0,0,0,0,30000,0,0,0,30000,0,30000,30000
054301,楠梓電凱基98購01,0,0,0,0,0,0,0,0,0,30000,0,0,0,50000,20000,30000,30000
054565,玉晶光群益99購02,0,0,0,0,0,0,0,0,0,30000,0,0,0,58000,28000,30000,30000
054749,聯茂凱基98購01  ,0,0,0,0,0,0,0,0,0,30000,0,0,0,30000,0,30000,30000
054758,南亞國票9A購01  ,0,0,0,0,0,0,0,0,0,30000,0,0,0,30000,0,30000,30000
054927,帆宣凱基97購01  ,0,0,0,0,0,0,0,0,0,30000,0,0,0,50000,20000,30000,30000
055072,康友永豐97購02  ,0,0,0,0,0,0,0,0,0,30000,0,0,0,40000,10000,30000,30000
055436,晶豪科中信99購01,0,0,0,0,0,0,0,0,0,30000,0,0,0,30000,0,30000,30000
05516P,台積電元大96售12,0,0,0,0,0,0,0,0,0,30000,0,0,0,30000,0,30000,30000
056021,興富發群益97購01,0,0,0,0,0,0,0,0,0,30000,0,0,0,30000,0,30000,30000
056316,訊芯元大98購03  ,0,0,0,0,0,0,0,0,0,30000,0,0,0,40000,10000,30000,30000
056049,奇力新國票98購01,0,0,0,0,0,0,0,0,0,30000,0,0,0,30000,0,30000,30000
053877,奇力新亞東96購01,0,0,0,0,0,0,0,0,0,30000,0,0,0,30000,0,30000,30000
055664,和大群益98購02  ,0,0,0,0,0,0,0,0,0,30000,0,0,0,40000,10000,30000,30000
055662,上銀中信99購01  ,0,0,0,0,0,0,0,0,0,30000,0,0,0,50000,20000,30000,30000
055643,宏碁元富97購01  ,0,0,0,0,0,0,0,0,0,30000,0,0,0,50000,20000,30000,30000
05346P,臺股指統一95售06,0,0,0,0,0,0,0,0,0,30000,0,0,0,30000,0,30000,30000
053547,台積電凱基96購14,0,0,0,0,0,0,0,0,0,30000,0,0,0,30000,0,30000,30000
053669,台積電統一96購08,0,0,0,0,0,0,0,0,0,30000,0,0,0,79000,49000,30000,30000
4104,佳醫            ,40000,10000,30000,0,0,0,0,0,0,0,0,0,0,0,0,0,30000
4968,立積            ,918000,1269000,-351000,0,0,0,200000,0,200000,181000,7000,47000,-40000,305000,84000,221000,30000
2881A,富邦特          ,0,0,0,0,0,0,0,0,0,30000,50000,20000,30000,0,0,0,30000
06615P,鴻海元大9C售02  ,0,0,0,0,0,0,0,0,0,30000,0,0,0,30000,0,30000,30000
06805P,臺股指群益98售11,0,0,0,0,0,0,0,0,0,30000,0,0,0,30000,0,30000,30000
057656,大成鋼兆豐98購01,0,0,0,0,0,0,0,0,0,29000,0,0,0,75000,46000,29000,29000
057611,技嘉元富98購02  ,0,0,0,0,0,0,0,0,0,29000,0,0,0,85000,56000,29000,29000
057490,可成元大98購10  ,0,0,0,0,0,0,0,0,0,29000,0,0,0,34000,5000,29000,29000
056923,奇力新兆豐99購02,0,0,0,0,0,0,0,0,0,29000,0,0,0,45000,16000,29000,29000
05686P,臺股指元大96售11,0,0,0,0,0,0,0,0,0,29000,0,0,0,30000,1000,29000,29000
046645,技嘉國泰94購01  ,0,0,0,0,0,0,0,0,0,29000,0,0,0,111000,82000,29000,29000
049374,大立光元大94購12,0,0,0,0,0,0,0,0,0,29000,0,0,0,30000,1000,29000,29000
048109,旺宏群益94購02  ,0,0,0,0,0,0,0,0,0,29000,0,0,0,137000,108000,29000,29000
049927,健策元大94購02  ,0,0,0,0,0,0,0,0,0,29000,0,0,0,32000,3000,29000,29000
049004,聯發科中信96購01,0,0,0,0,0,0,0,0,0,29000,0,0,0,64000,35000,29000,29000
055406,大毅國泰99購01  ,0,0,0,0,0,0,0,0,0,29000,0,0,0,68000,39000,29000,29000
051600,新日興兆豐96購02,0,0,0,0,0,0,0,0,0,29000,0,0,0,132000,103000,29000,29000
054055,全新國票99購02  ,0,0,0,0,0,0,0,0,0,29000,0,0,0,69000,40000,29000,29000
05318P,臺股指永昌95售03,0,0,0,0,0,0,0,0,0,29000,109000,0,109000,30000,110000,-80000,29000
056440,智邦凱基98購03  ,0,0,0,0,0,0,0,0,0,29000,0,0,0,66000,37000,29000,29000
055482,聚陽元大97購02  ,0,0,0,0,0,0,0,0,0,29000,0,0,0,32000,3000,29000,29000
05441P,華通元大95售09  ,0,0,0,0,0,0,0,0,0,29000,0,0,0,29000,0,29000,29000
06796P,臺股指凱基98售06,0,0,0,0,0,0,0,0,0,29000,0,0,0,50000,21000,29000,29000
056846,晶相光元富98購01,0,0,0,0,0,0,0,0,0,28000,0,0,0,34000,6000,28000,28000
056993,GIS兆豐99購01   ,0,0,0,0,0,0,0,0,0,28000,0,0,0,28000,0,28000,28000
056988,聚陽兆豐98購01  ,0,0,0,0,0,0,0,0,0,28000,0,0,0,38000,10000,28000,28000
057399,滬深反群益9C購01,0,0,0,0,0,0,0,0,0,28000,0,0,0,72000,44000,28000,28000
057964,緯穎元大99購03  ,0,0,0,0,0,0,0,0,0,28000,0,0,0,35000,7000,28000,28000
058195,鈺齊永豐99購01  ,0,0,0,0,0,0,0,0,0,28000,0,0,0,446000,418000,28000,28000
06242P,大立光元富9A售02,0,0,0,0,0,0,0,0,0,28000,0,0,0,38000,10000,28000,28000
049056,玉晶光永豐95購03,0,0,0,0,0,0,0,0,0,28000,0,0,0,79000,51000,28000,28000
049738,神基群益94購01  ,0,0,0,0,0,0,0,0,0,28000,0,0,0,99000,71000,28000,28000
047296,日月光元富96購01,0,0,0,0,0,0,0,0,0,28000,0,0,0,48000,20000,28000,28000
03050X,元展47          ,0,0,0,0,0,0,0,0,0,28000,0,0,0,165000,137000,28000,28000
053095,台光電統一98購01,0,0,0,0,0,0,0,0,0,28000,0,0,0,48000,20000,28000,28000
050261,國巨元大95購04  ,0,0,0,0,0,0,0,0,0,28000,0,0,0,137000,109000,28000,28000
052457,日月光元富95購01,0,0,0,0,0,0,0,0,0,28000,0,0,0,78000,50000,28000,28000
051340,健策永豐95購03  ,0,0,0,0,0,0,0,0,0,28000,0,0,0,68000,40000,28000,28000
052102,台泥兆豐96購01  ,0,0,0,0,0,0,0,0,0,28000,0,0,0,29000,1000,28000,28000
051290,大立光統一96購02,0,0,0,0,0,0,0,0,0,28000,0,0,0,28000,0,28000,28000
052173,廣達元大95購02  ,0,0,0,0,0,0,0,0,0,28000,0,0,0,78000,50000,28000,28000
054356,可成兆豐97購01  ,0,0,0,0,0,0,0,0,0,28000,0,0,0,128000,100000,28000,28000
05176P,台積電凱基95售11,0,0,0,0,0,0,0,0,0,28000,0,0,0,30000,2000,28000,28000
05084P,嘉聯益永豐95售02,0,0,0,0,0,0,0,0,0,28000,0,0,0,38000,10000,28000,28000
054249,技嘉元大96購03  ,0,0,0,0,0,0,0,0,0,28000,0,0,0,232000,204000,28000,28000
055205,京鼎中信99購01  ,0,0,0,0,0,0,0,0,0,28000,0,0,0,48000,20000,28000,28000
055430,宏達電群益97購01,0,0,0,0,0,0,0,0,0,28000,0,0,0,108000,80000,28000,28000
056458,日月光凱基98購02,0,0,0,0,0,0,0,0,0,28000,0,0,0,196000,168000,28000,28000
056484,聯茂元大98購02  ,0,0,0,0,0,0,0,0,0,28000,0,0,0,44000,16000,28000,28000
056211,南港國票98購01  ,0,0,0,0,0,0,0,0,0,28000,0,0,0,28000,0,28000,28000
056268,新日興統一97購01,0,0,0,0,0,0,0,0,0,28000,0,0,0,56000,28000,28000,28000
053719,可成凱基96購08  ,0,0,0,0,0,0,0,0,0,28000,0,0,0,28000,0,28000,28000
053505,瑞儀兆豐97購01  ,0,0,0,0,0,0,0,0,0,28000,0,0,0,28000,0,28000,28000
05348P,美律元富98售01  ,0,0,0,0,0,0,0,0,0,28000,0,0,0,28000,0,28000,28000
053485,矽創國票97購04  ,0,0,0,0,0,0,0,0,0,28000,0,0,0,127000,99000,28000,28000
055923,矽力凱基98購01  ,0,0,0,0,0,0,0,0,0,28000,0,0,0,31000,3000,28000,28000
06936P,瑞儀元大98售01  ,0,0,0,0,0,0,0,0,0,28000,0,0,0,30000,2000,28000,28000
06895P,台灣50統一9A售01,0,0,0,0,0,0,0,0,0,28000,0,0,0,68000,40000,28000,28000
06739P,聯詠兆豐98售02  ,0,0,0,0,0,0,0,0,0,28000,0,0,0,28000,0,28000,28000
2443,億麗            ,28000,0,28000,0,0,0,0,0,0,0,0,0,0,0,0,0,28000
4190,佐登-KY         ,100000,43000,57000,0,0,0,0,0,0,-29000,1000,12000,-11000,4000,22000,-18000,28000
05991P,聯茂群益96售05  ,0,0,0,0,0,0,0,0,0,27000,0,0,0,47000,20000,27000,27000
058172,國巨凱基9B購02  ,0,0,0,0,0,0,0,0,0,27000,0,0,0,50000,23000,27000,27000
058333,鴻海元富99購04  ,0,0,0,0,0,0,0,0,0,27000,0,0,0,44000,17000,27000,27000
058009,智易國票99購01  ,0,0,0,0,0,0,0,0,0,27000,0,0,0,59000,32000,27000,27000
057261,瑞昱兆豐98購01  ,0,0,0,0,0,0,0,0,0,27000,0,0,0,123000,96000,27000,27000
057674,台郡元大99購03  ,0,0,0,0,0,0,0,0,0,27000,0,0,0,197000,170000,27000,27000
048028,聯發科凱基93購25,0,0,0,0,0,0,0,0,0,27000,0,0,0,27000,0,27000,27000
048644,華固元大93購01  ,0,0,0,0,0,0,0,0,0,27000,0,0,0,27000,0,27000,27000
048998,玉晶光國票95購03,0,0,0,0,0,0,0,0,0,27000,0,0,0,47000,20000,27000,27000
051780,矽力群益95購01  ,0,0,0,0,0,0,0,0,0,27000,0,0,0,56000,29000,27000,27000
051693,華新科統一95購02,0,0,0,0,0,0,0,0,0,27000,0,0,0,32000,5000,27000,27000
055409,元黃金富邦01購01,0,0,0,0,0,0,0,0,0,27000,0,0,0,90000,63000,27000,27000
05418P,瑞昱永豐95售02  ,0,0,0,0,0,0,0,0,0,27000,0,0,0,27000,0,27000,27000
052429,禾伸堂永豐95購02,0,0,0,0,0,0,0,0,0,27000,0,0,0,27000,0,27000,27000
052385,滬深2X群益99購05,0,0,0,0,0,0,0,0,0,27000,0,0,0,246000,219000,27000,27000
052740,聯發科元大96購07,0,0,0,0,0,0,0,0,0,27000,0,0,0,137000,110000,27000,27000
056237,智邦群益97購02  ,0,0,0,0,0,0,0,0,0,27000,0,0,0,199000,172000,27000,27000
055489,瑞昱元大97購02  ,0,0,0,0,0,0,0,0,0,27000,0,0,0,38000,11000,27000,27000
06987P,鴻海元富99售08  ,0,0,0,0,0,0,0,0,0,27000,0,0,0,30000,3000,27000,27000
1721,三晃            ,37000,7000,30000,0,0,0,0,0,0,-3000,0,3000,-3000,0,0,0,27000
056921,京元電兆豐98購01,0,0,0,0,0,0,0,0,0,26000,0,0,0,197000,171000,26000,26000
056775,康控元大99購01  ,0,0,0,0,0,0,0,0,0,26000,0,0,0,64000,38000,26000,26000
056599,臻鼎元富98購01  ,0,0,0,0,0,0,0,0,0,26000,0,0,0,70000,44000,26000,26000
058081,技嘉群益9A購03  ,0,0,0,0,0,0,0,0,0,26000,0,0,0,113000,87000,26000,26000
058334,鴻海元富99購05  ,0,0,0,0,0,0,0,0,0,26000,0,0,0,29000,3000,26000,26000
06001P,樺漢台新96售01  ,0,0,0,0,0,0,0,0,0,26000,0,0,0,26000,0,26000,26000
06510P,燿華永豐98售03  ,0,0,0,0,0,0,0,0,0,26000,0,0,0,26000,0,26000,26000
05336P,臺股指國票95售05,0,0,0,0,0,0,0,0,0,26000,0,0,0,26000,0,26000,26000
050187,群創元大94購03  ,0,0,0,0,0,0,0,0,0,26000,0,0,0,85000,59000,26000,26000
04927P,大立光凱基95售06,0,0,0,0,0,0,0,0,0,26000,0,0,0,36000,10000,26000,26000
047151,台積電國票94購02,0,0,0,0,0,0,0,0,0,26000,0,0,0,214000,188000,26000,26000
052947,晶技國票97購01  ,0,0,0,0,0,0,0,0,0,26000,0,0,0,26000,0,26000,26000
053142,緯穎永豐96購01  ,0,0,0,0,0,0,0,0,0,26000,0,0,0,72000,46000,26000,26000
053304,可成凱基96購03  ,0,0,0,0,0,0,0,0,0,26000,0,0,0,26000,0,26000,26000
05039P,鴻海凱基95售10  ,0,0,0,0,0,0,0,0,0,26000,0,0,0,50000,24000,26000,26000
052121,全新國票96購03  ,0,0,0,0,0,0,0,0,0,26000,0,0,0,26000,0,26000,26000
05297P,臻鼎凱基95售04  ,0,0,0,0,0,0,0,0,0,26000,0,0,0,26000,0,26000,26000
054139,揚明光元大96購01,0,0,0,0,0,0,0,0,0,26000,0,0,0,26000,0,26000,26000
051560,玉晶光國泰97購03,0,0,0,0,0,0,0,0,0,26000,0,0,0,143000,117000,26000,26000
050681,南亞科元富94購01,0,0,0,0,0,0,0,0,0,26000,0,0,0,36000,10000,26000,26000
05065P,燿華元大96售03  ,0,0,0,0,0,0,0,0,0,26000,0,0,0,26000,0,26000,26000
051802,同欣電永豐95購02,0,0,0,0,0,0,0,0,0,26000,0,0,0,37000,11000,26000,26000
055994,聯發科國泰99購02,0,0,0,0,0,0,0,0,0,26000,0,0,0,147000,121000,26000,26000
055005,晶相光元富97購01,0,0,0,0,0,0,0,0,0,26000,0,0,0,83000,57000,26000,26000
056442,瑞昱凱基98購02  ,0,0,0,0,0,0,0,0,0,26000,0,0,0,66000,40000,26000,26000
05382P,電子類群益95售02,0,0,0,0,0,0,0,0,0,26000,0,0,0,27000,1000,26000,26000
055955,微星元大97購01  ,0,0,0,0,0,0,0,0,0,26000,0,0,0,72000,46000,26000,26000
053428,中磊永豐96購02  ,0,0,0,0,0,0,0,0,0,26000,0,0,0,77000,51000,26000,26000
055745,臻鼎元富97購01  ,0,0,0,0,0,0,0,0,0,26000,0,0,0,83000,57000,26000,26000
055894,欣興統一97購03  ,0,0,0,0,0,0,0,0,0,26000,0,0,0,26000,0,26000,26000
055774,台光電凱基97購02,0,0,0,0,0,0,0,0,0,26000,0,0,0,116000,90000,26000,26000
2031,新光鋼          ,116000,131000,-15000,0,0,0,0,0,0,41000,64000,23000,41000,0,0,0,26000
06942P,台灣50台新02售01,0,0,0,0,0,0,0,0,0,26000,10000,0,10000,26000,10000,16000,26000
05860P,旺宏康和96售01  ,0,0,0,0,0,0,0,0,0,25000,0,0,0,25000,0,25000,25000
06144P,台光電永豐97售01,0,0,0,0,0,0,0,0,0,25000,0,0,0,25000,0,25000,25000
058307,聯發科元大99購08,0,0,0,0,0,0,0,0,0,25000,0,0,0,192000,167000,25000,25000
057866,玉山金凱基98購01,0,0,0,0,0,0,0,0,0,25000,0,0,0,27000,2000,25000,25000
056880,緯穎國票98購02  ,0,0,0,0,0,0,0,0,0,25000,0,0,0,75000,50000,25000,25000
056870,全新日盛9A購01  ,0,0,0,0,0,0,0,0,0,25000,0,0,0,175000,150000,25000,25000
057006,國巨中信98購03  ,0,0,0,0,0,0,0,0,0,25000,0,0,0,50000,25000,25000,25000
057732,牧德國泰9A購01  ,0,0,0,0,0,0,0,0,0,25000,0,0,0,42000,17000,25000,25000
05725P,嘉聯益永豐96售02,0,0,0,0,0,0,0,0,0,25000,0,0,0,35000,10000,25000,25000
057279,國揚元大98購01  ,0,0,0,0,0,0,0,0,0,25000,0,0,0,25000,0,25000,25000
05730P,臺股指凱基97售03,0,0,0,0,0,0,0,0,0,25000,0,0,0,31000,6000,25000,25000
057321,台泥群益98購01  ,0,0,0,0,0,0,0,0,0,25000,0,0,0,30000,5000,25000,25000
057445,華通元富02購01  ,0,0,0,0,0,0,0,0,0,25000,0,0,0,109000,84000,25000,25000
057487,聯發科元大98購10,0,0,0,0,0,0,0,0,0,25000,0,0,0,338000,313000,25000,25000
046741,GIS群益94購01   ,0,0,0,0,0,0,0,0,0,25000,0,0,0,25000,0,25000,25000
046602,新日興群益94購01,0,0,0,0,0,0,0,0,0,25000,0,0,0,41000,16000,25000,25000
046293,聯發科統一94購01,0,0,0,0,0,0,0,0,0,25000,0,0,0,35000,10000,25000,25000
03564P,為升群益02售02  ,0,0,0,0,0,0,0,0,0,25000,0,0,0,25000,0,25000,25000
044225,世紀鋼凱基93購02,0,0,0,0,0,0,0,0,0,25000,0,0,0,25000,0,25000,25000
05014P,臺股指元大95售05,0,0,0,0,0,0,0,0,0,25000,0,0,0,25000,0,25000,25000
048548,緯穎永豐93購02  ,0,0,0,0,0,0,0,0,0,25000,0,0,0,25000,0,25000,25000
050058,國巨凱基94購06  ,0,0,0,0,0,0,0,0,0,25000,0,0,0,36000,11000,25000,25000
053351,A50正2兆豐97購01,0,0,0,0,0,0,0,0,0,25000,0,0,0,70000,45000,25000,25000
053335,易華電永豐96購01,0,0,0,0,0,0,0,0,0,25000,0,0,0,25000,0,25000,25000
052029,矽力群益95購02  ,0,0,0,0,0,0,0,0,0,25000,0,0,0,25000,0,25000,25000
05221P,玉晶光元大95售04,0,0,0,0,0,0,0,0,0,25000,0,0,0,40000,15000,25000,25000
04894P,世紀鋼元大94售02,0,0,0,0,0,0,0,0,0,25000,0,0,0,50000,25000,25000,25000
048797,美律國泰95購02  ,0,0,0,0,0,0,0,0,0,25000,0,0,0,45000,20000,25000,25000
051817,元金2X統一95購01,0,0,0,0,0,0,0,0,0,25000,0,0,0,35000,10000,25000,25000
051872,矽力凱基96購01  ,0,0,0,0,0,0,0,0,0,25000,0,0,0,45000,20000,25000,25000
051657,台郡元富98購01  ,0,0,0,0,0,0,0,0,0,25000,0,0,0,60000,35000,25000,25000
051014,智邦凱基95購01  ,0,0,0,0,0,0,0,0,0,25000,0,0,0,25000,0,25000,25000
051062,超眾群益95購02  ,0,0,0,0,0,0,0,0,0,25000,0,0,0,25000,0,25000,25000
05097P,聯發科日盛95售01,0,0,0,0,0,0,0,0,0,25000,0,0,0,25000,0,25000,25000
051099,台郡元大95購03  ,0,0,0,0,0,0,0,0,0,25000,0,0,0,40000,15000,25000,25000
051072,強茂國票95購02  ,0,0,0,0,0,0,0,0,0,25000,0,0,0,65000,40000,25000,25000
051074,矽力國票96購01  ,0,0,0,0,0,0,0,0,0,25000,0,0,0,38000,13000,25000,25000
054158,國巨日盛99購01  ,0,0,0,0,0,0,0,0,0,25000,0,0,0,25000,0,25000,25000
050383,超眾兆豐95購01  ,0,0,0,0,0,0,0,0,0,25000,0,0,0,25000,0,25000,25000
052556,聯發科國票97購01,0,0,0,0,0,0,0,0,0,25000,0,0,0,55000,30000,25000,25000
052344,台表科凱基98購01,0,0,0,0,0,0,0,0,0,25000,0,0,0,25000,0,25000,25000
052341,泰鼎凱基96購02  ,0,0,0,0,0,0,0,0,0,25000,0,0,0,85000,60000,25000,25000
053086,宏達電元大97購01,0,0,0,0,0,0,0,0,0,25000,0,0,0,147000,122000,25000,25000
052883,百和亞東97購01  ,0,0,0,0,0,0,0,0,0,25000,0,0,0,25000,0,25000,25000
052763,晶技群益97購01  ,0,0,0,0,0,0,0,0,0,25000,0,0,0,49000,24000,25000,25000
050239,廣達凱基94購01  ,0,0,0,0,0,0,0,0,0,25000,0,0,0,25000,0,25000,25000
050587,緯穎國票94購02  ,0,0,0,0,0,0,0,0,0,25000,0,0,0,25000,0,25000,25000
055797,華通富邦98購01  ,0,0,0,0,0,0,0,0,0,25000,0,0,0,25000,0,25000,25000
055729,金寶元富99購01  ,0,0,0,0,0,0,0,0,0,25000,0,0,0,93000,68000,25000,25000
053454,創意統一96購02  ,0,0,0,0,0,0,0,0,0,25000,0,0,0,45000,20000,25000,25000
053652,友達凱基98購04  ,0,0,0,0,0,0,0,0,0,25000,0,0,0,25000,0,25000,25000
053810,台達電群益96購01,0,0,0,0,0,0,0,0,0,25000,0,0,0,36000,11000,25000,25000
056449,義隆凱基98購03  ,0,0,0,0,0,0,0,0,0,25000,0,0,0,345000,320000,25000,25000
056504,國巨永豐98購02  ,0,0,0,0,0,0,0,0,0,25000,0,0,0,37000,12000,25000,25000
055271,鴻海元大98購03  ,0,0,0,0,0,0,0,0,0,25000,0,0,0,105000,80000,25000,25000
06911P,鴻海元大99售09  ,0,0,0,0,0,0,0,0,0,25000,0,0,0,35000,10000,25000,25000
06810P,國巨統一99售03  ,0,0,0,0,0,0,0,0,0,25000,0,0,0,27000,2000,25000,25000
06989P,鴻海元富99售10  ,0,0,0,0,0,0,0,0,0,25000,0,0,0,25000,0,25000,25000
5269,祥碩            ,178000,165000,13000,0,0,0,73000,50000,23000,-11000,18000,11000,7000,9000,27000,-18000,25000
6226,光鼎            ,35000,10000,25000,0,0,0,0,0,0,0,0,0,0,0,0,0,25000
057538,緯穎元大98購07  ,0,0,0,0,0,0,0,0,0,24000,0,0,0,31000,7000,24000,24000
057440,台積電統一98購10,0,0,0,0,0,0,0,0,0,24000,0,0,0,50000,26000,24000,24000
057375,欣興元大98購09  ,0,0,0,0,0,0,0,0,0,24000,0,0,0,50000,26000,24000,24000
057078,國巨統一9A購02  ,0,0,0,0,0,0,0,0,0,24000,0,0,0,142000,118000,24000,24000
057181,亞光元大98購02  ,0,0,0,0,0,0,0,0,0,24000,0,0,0,35000,11000,24000,24000
058198,瑞昱亞東99購01  ,0,0,0,0,0,0,0,0,0,24000,0,0,0,24000,0,24000,24000
06095P,燿華永豐97售01  ,0,0,0,0,0,0,0,0,0,24000,0,0,0,24000,0,24000,24000
05969P,台積電台新96售04,0,0,0,0,0,0,0,0,0,24000,0,0,0,24000,0,24000,24000
06518P,奇力新兆豐99售01,0,0,0,0,0,0,0,0,0,24000,0,0,0,25000,1000,24000,24000
048944,茂林永豐94購01  ,0,0,0,0,0,0,0,0,0,24000,0,0,0,24000,0,24000,24000
053353,玉晶光兆豐97購03,0,0,0,0,0,0,0,0,0,24000,0,0,0,30000,6000,24000,24000
050213,華新科台新94購03,0,0,0,0,0,0,0,0,0,24000,0,0,0,24000,0,24000,24000
04164P,滬深2X元富93售03,0,0,0,0,0,0,0,0,0,24000,0,0,0,24000,0,24000,24000
03955P,華通統一93售04  ,0,0,0,0,0,0,0,0,0,24000,0,0,0,24000,0,24000,24000
047741,鴻海統一93購06  ,0,0,0,0,0,0,0,0,0,24000,0,0,0,76000,52000,24000,24000
047049,聯發科國票94購01,0,0,0,0,0,0,0,0,0,24000,0,0,0,39000,15000,24000,24000
052809,訊芯元大97購01  ,0,0,0,0,0,0,0,0,0,24000,0,0,0,385000,361000,24000,24000
052368,力成國票96購01  ,0,0,0,0,0,0,0,0,0,24000,0,0,0,49000,25000,24000,24000
050384,嘉澤國票94購02  ,0,0,0,0,0,0,0,0,0,24000,0,0,0,34000,10000,24000,24000
051226,英業達群益95購01,0,0,0,0,0,0,0,0,0,24000,0,0,0,24000,0,24000,24000
054143,茂林元大96購04  ,0,0,0,0,0,0,0,0,0,24000,0,0,0,174000,150000,24000,24000
050717,京鼎群益96購01  ,0,0,0,0,0,0,0,0,0,24000,0,0,0,170000,146000,24000,24000
050745,茂林永豐94購06  ,0,0,0,0,0,0,0,0,0,24000,0,0,0,24000,0,24000,24000
051523,牧德凱基95購02  ,0,0,0,0,0,0,0,0,0,24000,0,0,0,64000,40000,24000,24000
05386P,臺股指永豐95售05,0,0,0,0,0,0,0,0,0,24000,0,0,0,24000,0,24000,24000
053897,台郡群益96購01  ,0,0,0,0,0,0,0,0,0,24000,0,0,0,24000,0,24000,24000
055602,康控元大97購03  ,0,0,0,0,0,0,0,0,0,24000,0,0,0,92000,68000,24000,24000
055839,瑞昱元大97購04  ,0,0,0,0,0,0,0,0,0,24000,0,0,0,24000,0,24000,24000
4426,利勤            ,100000,71000,29000,0,0,0,0,0,0,-5000,0,0,0,0,5000,-5000,24000
9907,統一實          ,119000,80000,39000,0,0,0,0,0,0,-15000,0,15000,-15000,0,0,0,24000
2404,漢唐            ,54592,117000,-62408,0,0,0,0,0,0,86000,3000,26000,-23000,114000,5000,109000,23592
06328P,台積電中信01售02,0,0,0,0,0,0,0,0,0,23000,0,0,0,33000,10000,23000,23000
056896,南亞科元大98購01,0,0,0,0,0,0,0,0,0,23000,0,0,0,44000,21000,23000,23000
057576,南亞科第一9C購01,0,0,0,0,0,0,0,0,0,23000,0,0,0,29000,6000,23000,23000
047250,日月光群益94購01,0,0,0,0,0,0,0,0,0,23000,0,0,0,152000,129000,23000,23000
03993P,滬深2X中信94售03,0,0,0,0,0,0,0,0,0,23000,0,0,0,58000,35000,23000,23000
045001,旺宏富邦94購01  ,0,0,0,0,0,0,0,0,0,23000,0,0,0,23000,0,23000,23000
05163P,聯發科統一96售02,0,0,0,0,0,0,0,0,0,23000,0,0,0,23000,0,23000,23000
051801,牧德永豐95購04  ,0,0,0,0,0,0,0,0,0,23000,0,0,0,23000,0,23000,23000
053400,緯穎中信9A購01  ,0,0,0,0,0,0,0,0,0,23000,0,0,0,81000,58000,23000,23000
052488,旺宏國票96購03  ,0,0,0,0,0,0,0,0,0,23000,0,0,0,23000,0,23000,23000
050556,道瓊銀統一95購01,0,0,0,0,0,0,0,0,0,23000,0,0,0,23000,0,23000,23000
053496,義隆兆豐96購02  ,0,0,0,0,0,0,0,0,0,23000,0,0,0,181000,158000,23000,23000
056115,奇力新群益97購06,0,0,0,0,0,0,0,0,0,23000,0,0,0,23000,0,23000,23000
055260,晶相光統一98購01,0,0,0,0,0,0,0,0,0,23000,0,0,0,35000,12000,23000,23000
055303,鈺齊元大97購01  ,0,0,0,0,0,0,0,0,0,23000,0,0,0,33000,10000,23000,23000
054308,嘉晶凱基98購01  ,0,0,0,0,0,0,0,0,0,23000,0,0,0,103000,80000,23000,23000
05459P,聯詠凱基95售03  ,0,0,0,0,0,0,0,0,0,23000,0,0,0,23000,0,23000,23000
056020,義隆群益97購01  ,0,0,0,0,0,0,0,0,0,23000,0,0,0,34000,11000,23000,23000
055079,台光電中信97購01,0,0,0,0,0,0,0,0,0,23000,0,0,0,135000,112000,23000,23000
1452,宏益            ,26000,2000,24000,0,0,0,0,0,0,-1000,0,1000,-1000,0,0,0,23000
057619,玉晶光凱基98購02,0,0,0,0,0,0,0,0,0,22000,0,0,0,23000,1000,22000,22000
057762,全新凱基99購03  ,0,0,0,0,0,0,0,0,0,22000,0,0,0,60000,38000,22000,22000
056818,正崴永豐98購01  ,0,0,0,0,0,0,0,0,0,22000,0,0,0,90000,68000,22000,22000
056737,國巨凱基9A購01  ,0,0,0,0,0,0,0,0,0,22000,0,0,0,90000,68000,22000,22000
057215,友達群益98購03  ,0,0,0,0,0,0,0,0,0,22000,0,0,0,52000,30000,22000,22000
057126,台積電凱基99購03,0,0,0,0,0,0,0,0,0,22000,0,0,0,37000,15000,22000,22000
06321P,台積電統一98售03,0,0,0,0,0,0,0,0,0,22000,0,0,0,65000,43000,22000,22000
06407P,創意元富97售02  ,0,0,0,0,0,0,0,0,0,22000,0,0,0,22000,0,22000,22000
06079P,燿華群益98售02  ,0,0,0,0,0,0,0,0,0,22000,0,0,0,22000,0,22000,22000
058247,聯茂元大99購04  ,0,0,0,0,0,0,0,0,0,22000,0,0,0,22000,0,22000,22000
058248,聯茂元大99購05  ,0,0,0,0,0,0,0,0,0,22000,0,0,0,71000,49000,22000,22000
058396,力山元大99購01  ,0,0,0,0,0,0,0,0,0,22000,0,0,0,52000,30000,22000,22000
057940,和大國票99購01  ,0,0,0,0,0,0,0,0,0,22000,0,0,0,60000,38000,22000,22000
04461P,燿華元富94售01  ,0,0,0,0,0,0,0,0,0,22000,0,0,0,22000,0,22000,22000
045447,鴻海國泰94購02  ,0,0,0,0,0,0,0,0,0,22000,0,0,0,22000,0,22000,22000
049734,瑞昱群益94購02  ,0,0,0,0,0,0,0,0,0,22000,0,0,0,33000,11000,22000,22000
050012,台積電國泰95購03,0,0,0,0,0,0,0,0,0,22000,0,0,0,22000,0,22000,22000
049862,南亞科兆豐94購01,0,0,0,0,0,0,0,0,0,22000,0,0,0,22000,0,22000,22000
053337,聯電國票97購01  ,0,0,0,0,0,0,0,0,0,22000,0,0,0,32000,10000,22000,22000
048844,訊芯凱基94購02  ,0,0,0,0,0,0,0,0,0,22000,0,0,0,22000,0,22000,22000
048878,康控國票95購02  ,0,0,0,0,0,0,0,0,0,22000,0,0,0,22000,0,22000,22000
052491,泰碩國票99購01  ,0,0,0,0,0,0,0,0,0,22000,0,0,0,56000,34000,22000,22000
051233,力成群益97購01  ,0,0,0,0,0,0,0,0,0,22000,0,0,0,30000,8000,22000,22000
052131,台積電凱基96購01,0,0,0,0,0,0,0,0,0,22000,0,0,0,22000,0,22000,22000
051553,牧德永豐96購02  ,0,0,0,0,0,0,0,0,0,22000,0,0,0,44000,22000,22000,22000
051888,國巨元富95購05  ,0,0,0,0,0,0,0,0,0,22000,0,0,0,22000,0,22000,22000
051738,全新國票96購02  ,0,0,0,0,0,0,0,0,0,22000,0,0,0,22000,0,22000,22000
050948,華固群益95購01  ,0,0,0,0,0,0,0,0,0,22000,0,0,0,52000,30000,22000,22000
050995,貿聯元大95購02  ,0,0,0,0,0,0,0,0,0,22000,0,0,0,22000,0,22000,22000
054304,台積電凱基96購23,0,0,0,0,0,0,0,0,0,22000,0,0,0,68000,46000,22000,22000
054828,正崴國泰99購01  ,0,0,0,0,0,0,0,0,0,22000,0,0,0,32000,10000,22000,22000
054823,祥碩元大97購02  ,0,0,0,0,0,0,0,0,0,22000,0,0,0,22000,0,22000,22000
054933,南港元大97購01  ,0,0,0,0,0,0,0,0,0,22000,0,0,0,26000,4000,22000,22000
056135,緯創元大98購01  ,0,0,0,0,0,0,0,0,0,22000,0,0,0,25000,3000,22000,22000
05613P,臻鼎台新96售01  ,0,0,0,0,0,0,0,0,0,22000,0,0,0,22000,0,22000,22000
05604P,聯發科元大96售10,0,0,0,0,0,0,0,0,0,22000,0,0,0,633000,611000,22000,22000
056445,聯發科凱基98購07,0,0,0,0,0,0,0,0,0,22000,0,0,0,28000,6000,22000,22000
056454,欣興凱基98購02  ,0,0,0,0,0,0,0,0,0,22000,0,0,0,23000,1000,22000,22000
056455,群創凱基9A購01  ,0,0,0,0,0,0,0,0,0,22000,0,0,0,24000,2000,22000,22000
053600,同欣電元大96購04,0,0,0,0,0,0,0,0,0,22000,0,0,0,42000,20000,22000,22000
055911,可成凱基98購02  ,0,0,0,0,0,0,0,0,0,22000,0,0,0,29000,7000,22000,22000
3321,同泰            ,26000,4000,22000,0,0,0,0,0,0,0,0,0,0,0,0,0,22000
6283,淳安            ,47000,19000,28000,0,0,0,0,0,0,-6000,0,6000,-6000,0,0,0,22000
910322,康師傅-DR       ,22000,0,22000,0,0,0,0,0,0,0,0,0,0,0,0,0,22000
2034,允強            ,83000,57100,25900,0,0,0,0,0,0,-4000,0,4000,-4000,0,0,0,21900
06553P,訊芯元大98售05  ,0,0,0,0,0,0,0,0,0,21000,0,0,0,81000,60000,21000,21000
06239P,奇力新元大97售08,0,0,0,0,0,0,0,0,0,21000,0,0,0,21000,0,21000,21000
057139,華新科兆豐98購02,0,0,0,0,0,0,0,0,0,21000,0,0,0,70000,49000,21000,21000
057089,奇力新元富98購01,0,0,0,0,0,0,0,0,0,21000,0,0,0,28000,7000,21000,21000
057179,可成元大98購04  ,0,0,0,0,0,0,0,0,0,21000,0,0,0,170000,149000,21000,21000
057550,聯發科凱基02購01,0,0,0,0,0,0,0,0,0,21000,0,0,0,21000,0,21000,21000
057667,可成元大99購01  ,0,0,0,0,0,0,0,0,0,21000,0,0,0,121000,100000,21000,21000
057346,鴻海統一98購13  ,0,0,0,0,0,0,0,0,0,21000,0,0,0,22000,1000,21000,21000
049266,和碩元大94購01  ,0,0,0,0,0,0,0,0,0,21000,0,0,0,21000,0,21000,21000
052213,富邦金元大95購01,0,0,0,0,0,0,0,0,0,21000,0,0,0,21000,0,21000,21000
05015P,臺股指元大95售06,0,0,0,0,0,0,0,0,0,21000,0,0,0,25000,4000,21000,21000
04731P,臺股指中信96售03,0,0,0,0,0,0,0,0,0,21000,0,0,0,56000,35000,21000,21000
046480,群創元富96購01  ,0,0,0,0,0,0,0,0,0,21000,0,0,0,41000,20000,21000,21000
048161,旺宏麥證94購01  ,0,0,0,31000,10000,21000,0,0,0,21000,0,0,0,31000,10000,21000,21000
050952,健策群益96購01  ,0,0,0,0,0,0,0,0,0,21000,0,0,0,52000,31000,21000,21000
051725,緯穎永豐95購02  ,0,0,0,0,0,0,0,0,0,21000,0,0,0,21000,0,21000,21000
051503,玉晶光統一97購01,0,0,0,0,0,0,0,0,0,21000,0,0,0,21000,0,21000,21000
05049P,矽創永豐95售01  ,0,0,0,0,0,0,0,0,0,21000,0,0,0,42000,21000,21000,21000
053024,國巨富邦97購02  ,0,0,0,0,0,0,0,0,0,21000,0,0,0,21000,0,21000,21000
05027P,南電群益95售01  ,0,0,0,0,0,0,0,0,0,21000,0,0,0,71000,50000,21000,21000
055736,宏達電元富99購01,0,0,0,0,0,0,0,0,0,21000,0,0,0,100000,79000,21000,21000
053637,強茂永豐96購01  ,0,0,0,0,0,0,0,0,0,21000,0,0,0,77000,56000,21000,21000
056473,奇力新元大99購02,0,0,0,0,0,0,0,0,0,21000,0,0,0,31000,10000,21000,21000
056381,台虹元富98購01  ,0,0,0,0,0,0,0,0,0,21000,0,0,0,129000,108000,21000,21000
056255,華新科元富97購05,0,0,0,0,0,0,0,0,0,21000,0,0,0,21000,0,21000,21000
053808,大成鋼群益97購01,0,0,0,0,0,0,0,0,0,21000,0,0,0,41000,20000,21000,21000
05526P,茂林群益96售03  ,0,0,0,0,0,0,0,0,0,21000,0,0,0,21000,0,21000,21000
06915P,晶技元富98售02  ,0,0,0,0,0,0,0,0,0,21000,0,0,0,86000,65000,21000,21000
4766,南寶            ,82000,56000,26000,0,0,0,0,0,0,-5000,0,5000,-5000,0,0,0,21000
3030,德律            ,129000,94596,34404,0,0,0,0,0,0,-14000,0,14000,-14000,0,0,0,20404
057334,技嘉國票98購02  ,0,0,0,0,0,0,0,0,0,20000,0,0,0,50000,30000,20000,20000
057301,嘉聯益永豐98購02,0,0,0,0,0,0,0,0,0,20000,0,0,0,20000,0,20000,20000
057437,可成國票99購01  ,0,0,0,0,0,0,0,0,0,20000,0,0,0,20000,0,20000,20000
057424,訊芯凱基98購04  ,0,0,0,0,0,0,0,0,0,20000,0,0,0,20000,0,20000,20000
057482,微星元大98購03  ,0,0,0,0,0,0,0,0,0,20000,0,0,0,29000,9000,20000,20000
057670,欣興元大99購02  ,0,0,0,0,0,0,0,0,0,20000,0,0,0,42000,22000,20000,20000
057571,泰碩永豐98購01  ,0,0,0,0,0,0,0,0,0,20000,0,0,0,20000,0,20000,20000
057580,玉山金中信9A購01,0,0,0,0,0,0,0,0,0,20000,0,0,0,20000,0,20000,20000
057788,嘉聯益國票99購01,0,0,0,0,0,0,0,0,0,20000,0,0,0,20000,0,20000,20000
05717P,鴻海元大97售07  ,0,0,0,0,0,0,0,0,0,20000,0,0,0,49000,29000,20000,20000
057202,TPK元富98購02   ,0,0,0,0,0,0,0,0,0,20000,0,0,0,20000,0,20000,20000
057090,奇力新元富98購02,0,0,0,0,0,0,0,0,0,20000,0,0,0,20000,0,20000,20000
056694,欣興群益98購04  ,0,0,0,0,0,0,0,0,0,20000,0,0,0,61000,41000,20000,20000
056716,康舒永豐98購01  ,0,0,0,0,0,0,0,0,0,20000,0,0,0,20000,0,20000,20000
056664,上証反中信9B購01,0,0,0,0,0,0,0,0,0,20000,0,0,0,20000,0,20000,20000
05665P,台積電凱基96售08,0,0,0,0,0,0,0,0,0,20000,0,0,0,40000,20000,20000,20000
056827,元油2X富邦02購01,0,0,0,0,0,0,0,0,0,20000,0,0,0,33000,13000,20000,20000
06218P,鴻海元富97售06  ,0,0,0,0,0,0,0,0,0,20000,0,0,0,20000,0,20000,20000
06332P,世紀鋼群益98售01,0,0,0,0,0,0,0,0,0,20000,0,0,0,25000,5000,20000,20000
06311P,嘉聯益元富97售02,0,0,0,0,0,0,0,0,0,20000,0,0,0,20000,0,20000,20000
06384P,訊芯元富97售03  ,0,0,0,0,0,0,0,0,0,20000,0,0,0,40000,20000,20000,20000
06409P,康友元富97售03  ,0,0,0,0,0,0,0,0,0,20000,0,0,0,20000,0,20000,20000
06063P,玉晶光元富97售01,0,0,0,0,0,0,0,0,0,20000,0,0,0,102000,82000,20000,20000
06068P,玉晶光康和97售01,0,0,0,0,0,0,0,0,0,20000,0,0,0,20000,0,20000,20000
06069P,台積電永豐97售01,0,0,0,0,0,0,0,0,0,20000,0,0,0,20000,0,20000,20000
06022P,緯穎永豐96售03  ,0,0,0,0,0,0,0,0,0,20000,0,0,0,80000,60000,20000,20000
06166P,大立光國票98售01,0,0,0,0,0,0,0,0,0,20000,0,0,0,30000,10000,20000,20000
05878P,創意群益98售01  ,0,0,0,0,0,0,0,0,0,20000,0,0,0,20000,0,20000,20000
05916P,聯發科元大96售20,0,0,0,0,0,0,0,0,0,20000,0,0,0,20000,0,20000,20000
058110,光寶科元富98購01,0,0,0,0,0,0,0,0,0,20000,0,0,0,30000,10000,20000,20000
058120,台灣50國票99購03,0,0,0,0,0,0,0,0,0,20000,0,0,0,67000,47000,20000,20000
058293,光寶科凱基9A購01,0,0,0,0,0,0,0,0,0,20000,0,0,0,40000,20000,20000,20000
058312,大毅國泰9B購01  ,0,0,0,0,0,0,0,0,0,20000,0,0,0,37000,17000,20000,20000
058325,昇陽半永豐99購01,0,0,0,0,0,0,0,0,0,20000,0,0,0,20000,0,20000,20000
058182,日電貿國泰9A購01,0,0,0,0,0,0,0,0,0,20000,0,0,0,30000,10000,20000,20000
048159,聯詠兆豐93購03  ,0,0,0,0,0,0,0,0,0,20000,0,0,0,20000,0,20000,20000
048139,南電國票94購02  ,0,0,0,0,0,0,0,0,0,20000,0,0,0,30000,10000,20000,20000
048150,矽力元富93購01  ,0,0,0,0,0,0,0,0,0,20000,0,0,0,20000,0,20000,20000
049344,華固統一94購01  ,0,0,0,0,0,0,0,0,0,20000,0,0,0,30000,10000,20000,20000
047987,力成群益93購01  ,0,0,0,0,0,0,0,0,0,20000,0,0,0,20000,0,20000,20000
04669P,臺股指國票94售08,0,0,0,0,0,0,0,0,0,20000,0,0,0,20000,0,20000,20000
04607P,A50中信94售01   ,0,0,0,0,0,0,0,0,0,20000,0,0,0,20000,0,20000,20000
046460,聯鈞凱基93購02  ,0,0,0,0,0,0,0,0,0,20000,0,0,0,20000,0,20000,20000
045410,華邦電群益94購01,0,0,0,0,0,0,0,0,0,20000,0,0,0,20000,0,20000,20000
046893,華新科群益94購01,0,0,0,0,0,0,0,0,0,20000,0,0,0,20000,0,20000,20000
044457,滬深2X國票97購01,0,0,0,0,0,0,0,0,0,20000,0,0,0,100000,80000,20000,20000
044183,S&P反1國泰93購01,0,0,0,0,0,0,0,0,0,20000,0,0,0,20000,0,20000,20000
04419P,奇力新永豐94售01,0,0,0,0,0,0,0,0,0,20000,0,0,0,20000,0,20000,20000
04430P,晶相光元大94售04,0,0,0,0,0,0,0,0,0,20000,0,0,0,20000,0,20000,20000
04469P,元油2X元大94售05,0,0,0,0,0,0,0,0,0,20000,0,0,0,20000,0,20000,20000
047675,群創元富96購03  ,0,0,0,0,0,0,0,0,0,20000,0,0,0,20000,0,20000,20000
03415B,臺股指元大93熊49,0,0,0,0,0,0,0,0,0,20000,0,0,0,20000,0,20000,20000
03419B,臺股指元富99熊03,0,0,0,0,0,0,0,0,0,20000,0,0,0,20000,0,20000,20000
04404P,玉晶光國票94售01,0,0,0,0,0,0,0,0,0,20000,0,0,0,20000,0,20000,20000
04350P,欣興國票94售01  ,0,0,0,0,0,0,0,0,0,20000,0,0,0,60000,40000,20000,20000
04263P,南電群益93售03  ,0,0,0,0,0,0,0,0,0,20000,0,0,0,20000,0,20000,20000
04220P,聯發科兆豐93售04,0,0,0,0,0,0,0,0,0,20000,0,0,0,20000,0,20000,20000
050191,和碩元大94購02  ,0,0,0,0,0,0,0,0,0,20000,0,0,0,20000,0,20000,20000
05018P,臺股指元大95售09,0,0,0,0,0,0,0,0,0,20000,0,0,0,20000,0,20000,20000
048379,台郡元富96購01  ,0,0,0,0,0,0,0,0,0,20000,0,0,0,20000,0,20000,20000
048467,南電康和93購01  ,0,0,0,0,0,0,0,0,0,20000,0,0,0,20000,0,20000,20000
048586,美利達富邦93購01,0,0,0,0,0,0,0,0,0,20000,0,0,0,20000,0,20000,20000
049652,GIS凱基94購05   ,0,0,0,0,0,0,0,0,0,20000,0,0,0,20000,0,20000,20000
049638,A50反1凱基94購01,0,0,0,0,0,0,0,0,0,20000,0,0,0,20000,0,20000,20000
049835,緯穎凱基94購05  ,0,0,0,0,0,0,0,0,0,20000,0,0,0,20000,0,20000,20000
049931,矽力元大94購01  ,0,0,0,0,0,0,0,0,0,20000,0,0,0,20000,0,20000,20000
048234,美利達凱基93購03,0,0,0,0,0,0,0,0,0,20000,0,0,0,20000,0,20000,20000
04823P,台積電元富94售09,0,0,0,0,0,0,0,0,0,20000,0,0,0,20000,0,20000,20000
049525,華新科兆豐94購01,0,0,0,0,0,0,0,0,0,20000,0,0,0,30000,10000,20000,20000
049561,道瓊銀統一96購01,0,0,0,0,0,0,0,0,0,20000,0,0,0,20000,0,20000,20000
052066,華邦電兆豐96購01,0,0,0,0,0,0,0,0,0,20000,0,0,0,207000,187000,20000,20000
051147,南亞科凱基95購05,0,0,0,0,0,0,0,0,0,20000,0,0,0,20000,0,20000,20000
053359,矽力統一96購02  ,0,0,0,0,0,0,0,0,0,20000,0,0,0,20000,0,20000,20000
053367,元油反富邦97購01,0,0,0,0,0,0,0,0,0,20000,0,0,0,20000,0,20000,20000
048778,聯茂凱基94購04  ,0,0,0,0,0,0,0,0,0,20000,0,0,0,20000,0,20000,20000
048901,矽格國泰95購01  ,0,0,0,0,0,0,0,0,0,20000,0,0,0,20000,0,20000,20000
048902,昇陽半國泰96購01,0,0,0,0,0,0,0,0,0,20000,0,0,0,20000,0,20000,20000
049014,台達電群益94購02,0,0,0,0,0,0,0,0,0,20000,0,0,0,20000,0,20000,20000
049048,玉晶光台新94購01,0,0,0,0,0,0,0,0,0,20000,0,0,0,20000,0,20000,20000
048670,華新科永豐93購03,0,0,0,0,0,0,0,0,0,20000,0,0,0,22000,2000,20000,20000
048650,台表科元大93購05,0,0,0,0,0,0,0,0,0,20000,0,0,0,20000,0,20000,20000
048710,奇力新台新94購01,0,0,0,0,0,0,0,0,0,20000,0,0,0,20000,0,20000,20000
050254,大立光富邦96購02,0,0,0,0,0,0,0,0,0,20000,0,0,0,22000,2000,20000,20000
050612,台積電元大95購06,0,0,0,0,0,0,0,0,0,20000,0,0,0,20000,0,20000,20000
052843,鴻海統一96購09  ,0,0,0,0,0,0,0,0,0,20000,0,0,0,20000,0,20000,20000
052724,力成統一97購01  ,0,0,0,0,0,0,0,0,0,20000,0,0,0,30000,10000,20000,20000
052945,嘉晶國票97購01  ,0,0,0,0,0,0,0,0,0,20000,0,0,0,20000,0,20000,20000
052707,景碩台新96購01  ,0,0,0,0,0,0,0,0,0,20000,0,0,0,30000,10000,20000,20000
053312,緯穎凱基96購02  ,0,0,0,0,0,0,0,0,0,20000,0,0,0,24000,4000,20000,20000
052778,智原國票97購01  ,0,0,0,0,0,0,0,0,0,20000,0,0,0,40000,20000,20000,20000
053242,聯電國票96購04  ,0,0,0,0,0,0,0,0,0,20000,0,0,0,20000,0,20000,20000
053133,華邦電國票97購01,0,0,0,0,0,0,0,0,0,20000,0,0,0,20000,0,20000,20000
053119,日月光中信97購01,0,0,0,0,0,0,0,0,0,20000,0,0,0,20000,0,20000,20000
053120,復盛中信9A購01  ,0,0,0,0,0,0,0,0,0,20000,0,0,0,20000,0,20000,20000
051370,聯詠富邦97購01  ,0,0,0,0,0,0,0,0,0,20000,0,0,0,20000,0,20000,20000
051313,緯創麥證95購02  ,0,0,0,30000,10000,20000,0,0,0,20000,0,0,0,30000,10000,20000,20000
051245,南亞科元大95購01,0,0,0,0,0,0,0,0,0,20000,0,0,0,67000,47000,20000,20000
052483,超眾群益95購03  ,0,0,0,0,0,0,0,0,0,20000,0,0,0,60000,40000,20000,20000
052447,聯發科元大96購04,0,0,0,0,0,0,0,0,0,20000,0,0,0,20000,0,20000,20000
05240P,玉晶光永豐96售01,0,0,0,0,0,0,0,0,0,20000,0,0,0,20000,0,20000,20000
052361,大成鋼國票96購01,0,0,0,0,0,0,0,0,0,20000,0,0,0,20000,0,20000,20000
052362,瑞昱國票96購02  ,0,0,0,0,0,0,0,0,0,20000,0,0,0,20000,0,20000,20000
052338,道瓊反凱基97購02,0,0,0,0,0,0,0,0,0,20000,0,0,0,25000,5000,20000,20000
052294,創意國票96購03  ,0,0,0,0,0,0,0,0,0,20000,0,0,0,20000,0,20000,20000
052555,漢唐國票97購01  ,0,0,0,0,0,0,0,0,0,20000,0,0,0,20000,0,20000,20000
051647,華新科永豐95購02,0,0,0,0,0,0,0,0,0,20000,0,0,0,43000,23000,20000,20000
051740,可成國票96購04  ,0,0,0,0,0,0,0,0,0,20000,0,0,0,20000,0,20000,20000
051692,深中小統一95購01,0,0,0,0,0,0,0,0,0,20000,0,0,0,20000,0,20000,20000
051897,台光電國泰97購01,0,0,0,0,0,0,0,0,0,20000,0,0,0,30000,10000,20000,20000
050913,全新中信97購01  ,0,0,0,0,0,0,0,0,0,20000,0,0,0,20000,0,20000,20000
050759,貿聯元富94購02  ,0,0,0,0,0,0,0,0,0,20000,0,0,0,20000,0,20000,20000
051452,貿聯元大95購04  ,0,0,0,0,0,0,0,0,0,20000,0,0,0,40000,20000,20000,20000
050996,隆達元大95購01  ,0,0,0,0,0,0,0,0,0,20000,0,0,0,20000,0,20000,20000
051009,緯創麥證95購01  ,0,0,0,20000,0,20000,0,0,0,20000,0,0,0,20000,0,20000,20000
050966,日月光永豐95購01,0,0,0,0,0,0,0,0,0,20000,0,0,0,20000,0,20000,20000
051562,玉晶光國泰97購05,0,0,0,0,0,0,0,0,0,20000,0,0,0,75000,55000,20000,20000
054348,康控國票97購03  ,0,0,0,0,0,0,0,0,0,20000,0,0,0,30000,10000,20000,20000
054351,華新科國泰97購03,0,0,0,0,0,0,0,0,0,20000,0,0,0,31000,11000,20000,20000
055370,旺宏元大97購05  ,0,0,0,0,0,0,0,0,0,20000,0,0,0,20000,0,20000,20000
054131,南亞科元大96購04,0,0,0,0,0,0,0,0,0,20000,0,0,0,24000,4000,20000,20000
054199,大立光永昌96購07,0,0,0,0,0,0,0,0,0,20000,0,0,0,20000,0,20000,20000
05420P,大立光國泰97售03,0,0,0,0,0,0,0,0,0,20000,0,0,0,100000,80000,20000,20000
054056,華新科國票96購02,0,0,0,0,0,0,0,0,0,20000,0,0,0,30000,10000,20000,20000
054096,佳世達國票97購01,0,0,0,0,0,0,0,0,0,20000,0,0,0,30000,10000,20000,20000
054787,華新科群益97購04,0,0,0,0,0,0,0,0,0,20000,0,0,0,20000,0,20000,20000
054767,日電貿國票98購01,0,0,0,0,0,0,0,0,0,20000,0,0,0,55000,35000,20000,20000
054748,正文凱基98購01  ,0,0,0,0,0,0,0,0,0,20000,0,0,0,20000,0,20000,20000
054970,帆宣元大97購01  ,0,0,0,0,0,0,0,0,0,20000,0,0,0,20000,0,20000,20000
054270,寶滬深中信98購01,0,0,0,0,0,0,0,0,0,20000,0,0,0,40000,20000,20000,20000
054488,禾伸堂台新96購01,0,0,0,0,0,0,0,0,0,20000,0,0,0,20000,0,20000,20000
054491,瀚宇博台新96購02,0,0,0,0,0,0,0,0,0,20000,0,0,0,20000,0,20000,20000
054586,健鼎國泰99購01  ,0,0,0,0,0,0,0,0,0,20000,0,0,0,30000,10000,20000,20000
054650,南亞麥證97購01  ,0,0,0,20000,0,20000,0,0,0,20000,0,0,0,20000,0,20000,20000
054568,訊芯群益97購01  ,0,0,0,0,0,0,0,0,0,20000,0,0,0,20000,0,20000,20000
054991,南亞科元富97購01,0,0,0,0,0,0,0,0,0,20000,0,0,0,30000,10000,20000,20000
054993,南亞科元富97購03,0,0,0,0,0,0,0,0,0,20000,0,0,0,41000,21000,20000,20000
055030,帆宣國泰99購02  ,0,0,0,0,0,0,0,0,0,20000,0,0,0,150000,130000,20000,20000
055167,友訊統一97購01  ,0,0,0,0,0,0,0,0,0,20000,0,0,0,35000,15000,20000,20000
05656P,台表科統一96售01,0,0,0,0,0,0,0,0,0,20000,0,0,0,20000,0,20000,20000
055566,台表科凱基97購03,0,0,0,0,0,0,0,0,0,20000,0,0,0,20000,0,20000,20000
05380P,鴻海群益95售11  ,0,0,0,0,0,0,0,0,0,20000,0,0,0,40000,20000,20000,20000
05377P,鴻海凱基95售18  ,0,0,0,0,0,0,0,0,0,20000,0,0,0,20000,0,20000,20000
05606P,TPK國票97售02   ,0,0,0,0,0,0,0,0,0,20000,0,0,0,20000,0,20000,20000
056175,可成元富97購03  ,0,0,0,0,0,0,0,0,0,20000,0,0,0,20000,0,20000,20000
056226,聯發科凱基97購10,0,0,0,0,0,0,0,0,0,20000,0,0,0,20000,0,20000,20000
056347,GIS凱基9A購01   ,0,0,0,0,0,0,0,0,0,20000,0,0,0,37000,17000,20000,20000
053663,臺股指凱基96購24,0,0,0,0,0,0,0,0,0,20000,0,0,0,35000,15000,20000,20000
05367P,鴻海元富95售13  ,0,0,0,0,0,0,0,0,0,20000,0,0,0,50000,30000,20000,20000
053714,南亞科凱基96購03,0,0,0,0,0,0,0,0,0,20000,0,0,0,20000,0,20000,20000
053706,S&P反1凱基99購01,0,0,0,0,0,0,0,0,0,20000,0,0,0,21000,1000,20000,20000
053691,聯發科元大96購16,0,0,0,0,0,0,0,0,0,20000,0,0,0,20000,0,20000,20000
05353P,臺股指元富95售07,0,0,0,0,0,0,0,0,0,20000,0,0,0,20000,0,20000,20000
05596P,可成統一96售01  ,0,0,0,0,0,0,0,0,0,20000,0,0,0,20000,0,20000,20000
055956,瑞昱元大97購05  ,0,0,0,0,0,0,0,0,0,20000,0,0,0,31000,11000,20000,20000
055724,祥碩元大97購03  ,0,0,0,0,0,0,0,0,0,20000,0,0,0,20000,0,20000,20000
05578P,鴻海凱基96售11  ,0,0,0,0,0,0,0,0,0,20000,0,0,0,170000,150000,20000,20000
055796,南電國泰98購01  ,0,0,0,0,0,0,0,0,0,20000,0,0,0,44000,24000,20000,20000
2338,光罩            ,330000,225000,105000,0,0,0,0,0,0,-85000,0,6000,-6000,12000,91000,-79000,20000
06897P,FBVIX群益01售01 ,0,0,0,0,0,0,0,0,0,20000,0,0,0,20000,0,20000,20000
06934P,聯鈞元大98售03  ,0,0,0,0,0,0,0,0,0,20000,0,0,0,20000,0,20000,20000
06923P,鴻海群益98售09  ,0,0,0,0,0,0,0,0,0,20000,0,0,0,35000,15000,20000,20000
8497,格威傳媒        ,29000,9000,20000,0,0,0,0,0,0,0,0,0,0,0,0,0,20000
05821P,臺股指凱基96售18,0,0,0,0,0,0,0,0,0,19000,160000,0,160000,9000,150000,-141000,19000
058309,大毅元大99購02  ,0,0,0,0,0,0,0,0,0,19000,0,0,0,19000,0,19000,19000
058062,上銀中信98購01  ,0,0,0,0,0,0,0,0,0,19000,0,0,0,19000,0,19000,19000
057957,嘉晶元大98購01  ,0,0,0,0,0,0,0,0,0,19000,0,0,0,30000,11000,19000,19000
057947,和碩國票99購01  ,0,30000,-30000,0,0,0,0,0,0,49000,0,0,0,91000,42000,49000,19000
056626,同欣電永豐98購01,0,0,0,0,0,0,0,0,0,19000,0,0,0,19000,0,19000,19000
056689,玉晶光統一9A購03,0,0,0,0,0,0,0,0,0,19000,0,0,0,20000,1000,19000,19000
057649,嘉聯益元大99購04,0,0,0,0,0,0,0,0,0,19000,0,0,0,19000,0,19000,19000
057508,康控國票99購03  ,0,0,0,0,0,0,0,0,0,19000,0,0,0,19000,0,19000,19000
057296,智原永豐98購01  ,0,0,0,0,0,0,0,0,0,19000,0,0,0,19000,0,19000,19000
049972,南電國票95購02  ,0,0,0,0,0,0,0,0,0,19000,0,0,0,20000,1000,19000,19000
045414,康控群益94購02  ,0,0,0,0,0,0,0,0,0,19000,0,0,0,19000,0,19000,19000
046570,旺宏國泰94購01  ,0,0,0,0,0,0,0,0,0,19000,0,0,0,19000,0,19000,19000
04781P,欣興凱基94售06  ,0,0,0,0,0,0,0,0,0,19000,0,0,0,19000,0,19000,19000
051799,台積電永豐96購01,0,0,0,0,0,0,0,0,0,19000,0,0,0,23000,4000,19000,19000
053451,致新凱基96購02  ,0,0,0,0,0,0,0,0,0,19000,0,0,0,19000,0,19000,19000
053513,義隆群益96購05  ,0,0,0,0,0,0,0,0,0,19000,0,0,0,41000,22000,19000,19000
056589,康控統一98購01  ,0,0,0,0,0,0,0,0,0,19000,0,0,0,20000,1000,19000,19000
05461P,台積電亞東97售01,0,0,0,0,0,0,0,0,0,19000,0,0,0,49000,30000,19000,19000
054961,玉晶光元大99購01,0,0,0,0,0,0,0,0,0,19000,0,0,0,52000,33000,19000,19000
054900,金寶康和97購01  ,0,0,0,0,0,0,0,0,0,19000,0,0,0,20000,1000,19000,19000
054757,南亞國票98購01  ,0,0,0,0,0,0,0,0,0,19000,0,0,0,58000,39000,19000,19000
055268,和大元大97購01  ,0,0,0,0,0,0,0,0,0,19000,0,0,0,20000,1000,19000,19000
05758P,光罩永豐96售02  ,0,0,0,0,0,0,0,0,0,18000,0,0,0,38000,20000,18000,18000
057719,欣興元富02購01  ,0,0,0,0,0,0,0,0,0,18000,0,0,0,48000,30000,18000,18000
056633,鴻海永昌98購02  ,0,0,0,0,0,0,0,0,0,18000,0,0,0,36000,18000,18000,18000
05793P,臺股指中信99售08,0,0,0,0,0,0,0,0,0,18000,0,0,0,27000,9000,18000,18000
058207,南茂凱基99購01  ,0,0,0,0,0,0,0,0,0,18000,0,0,0,425000,407000,18000,18000
058201,華通凱基9A購01  ,0,0,0,0,0,0,0,0,0,18000,0,0,0,42000,24000,18000,18000
05963P,貿聯國票97售02  ,0,0,0,0,0,0,0,0,0,18000,0,0,0,18000,0,18000,18000
045975,祥碩凱基93購04  ,0,0,0,0,0,0,0,0,0,18000,0,0,0,18000,0,18000,18000
048051,大立光中信94購03,0,0,0,0,0,0,0,0,0,18000,0,0,0,20000,2000,18000,18000
048102,矽力凱基94購01  ,0,0,0,0,0,0,0,0,0,18000,0,0,0,30000,12000,18000,18000
047004,台積電統一99購01,0,0,0,0,0,0,0,0,0,18000,0,0,0,218000,200000,18000,18000
00663L,國泰臺灣加權正2 ,0,0,0,0,0,0,0,0,0,18000,0,0,0,64000,46000,18000,18000
03026X,元展23          ,0,0,0,0,0,0,0,0,0,18000,0,0,0,18000,0,18000,18000
050061,聯發科凱基94購07,0,0,0,0,0,0,0,0,0,18000,0,0,0,97000,79000,18000,18000
050197,矽格元大94購04  ,0,0,0,0,0,0,0,0,0,18000,0,0,0,31000,13000,18000,18000
04924P,元油2X元大94售12,0,0,0,0,0,0,0,0,0,18000,0,0,0,68000,50000,18000,18000
050797,聯發科中信99購01,0,0,0,0,0,0,0,0,0,18000,0,0,0,20000,2000,18000,18000
050921,旺宏凱基95購02  ,0,0,0,0,0,0,0,0,0,18000,0,0,0,18000,0,18000,18000
053993,旺宏群益98購02  ,0,0,0,0,0,0,0,0,0,18000,0,0,0,175000,157000,18000,18000
053927,牧德國票97購01  ,0,0,0,0,0,0,0,0,0,18000,0,0,0,18000,0,18000,18000
051619,智邦凱基95購07  ,0,0,0,0,0,0,0,0,0,18000,0,0,0,98000,80000,18000,18000
050724,國巨國票96購01  ,0,0,0,0,0,0,0,0,0,18000,0,0,0,104000,86000,18000,18000
050659,宏達電元大96購01,0,0,0,0,0,0,0,0,0,18000,0,0,0,18000,0,18000,18000
052535,日月光國泰96購01,0,0,0,0,0,0,0,0,0,18000,0,0,0,48000,30000,18000,18000
051284,上銀統一95購02  ,0,0,0,0,0,0,0,0,0,18000,0,0,0,18000,0,18000,18000
051315,同欣電麥證95購01,0,0,0,50000,32000,18000,0,0,0,18000,0,0,0,50000,32000,18000,18000
052977,奇力新麥證97購01,0,0,0,43000,25000,18000,0,0,0,18000,0,0,0,43000,25000,18000,18000
053053,京元電國票97購02,0,0,0,0,0,0,0,0,0,18000,0,0,0,110000,92000,18000,18000
053295,奇力新中信96購01,0,0,0,0,0,0,0,0,0,18000,0,0,0,218000,200000,18000,18000
050263,旺宏元大94購10  ,0,0,0,0,0,0,0,0,0,18000,0,0,0,28000,10000,18000,18000
054782,國巨群益97購01  ,0,0,0,0,0,0,0,0,0,18000,0,0,0,116000,98000,18000,18000
054447,國泰金兆豐96購01,0,0,0,0,0,0,0,0,0,18000,0,0,0,38000,20000,18000,18000
055549,旺宏凱基97購03  ,0,0,0,0,0,0,0,0,0,18000,0,0,0,18000,0,18000,18000
056015,華通群益99購01  ,0,0,0,0,0,0,0,0,0,18000,0,0,0,18000,0,18000,18000
05597P,鴻海元富96售06  ,0,0,0,0,0,0,0,0,0,18000,0,0,0,68000,50000,18000,18000
055508,矽力元大97購01  ,0,0,0,0,0,0,0,0,0,18000,0,0,0,23000,5000,18000,18000
055191,牧德元富97購01  ,0,0,0,0,0,0,0,0,0,18000,0,0,0,18000,0,18000,18000
055342,鴻海凱基97購04  ,0,0,0,0,0,0,0,0,0,18000,0,0,0,31000,13000,18000,18000
055035,興勤富邦98購01  ,0,0,0,0,0,0,0,0,0,18000,0,0,0,18000,0,18000,18000
053718,全新凱基97購02  ,0,0,0,0,0,0,0,0,0,18000,0,0,0,58000,40000,18000,18000
055798,聯茂富邦98購01  ,0,0,0,0,0,0,0,0,0,18000,0,0,0,18000,0,18000,18000
05585P,臺股指凱基96售14,0,0,0,0,0,0,0,0,0,18000,0,0,0,21000,3000,18000,18000
055645,技嘉元富97購01  ,0,0,0,0,0,0,0,0,0,18000,0,0,0,40000,22000,18000,18000
056386,TPK國泰99購01   ,0,0,0,0,0,0,0,0,0,18000,0,0,0,18000,0,18000,18000
056466,臺股指凱基99購08,0,0,0,0,0,0,0,0,0,18000,0,0,0,40000,22000,18000,18000
056444,南亞科凱基99購01,0,0,0,0,0,0,0,0,0,18000,0,0,0,19000,1000,18000,18000
056073,智伸科元大97購01,0,0,0,0,0,0,0,0,0,18000,0,0,0,18000,0,18000,18000
056093,大毅元富97購01  ,0,0,0,0,0,0,0,0,0,18000,0,0,0,18000,0,18000,18000
053905,華新科凱基96購10,0,0,0,0,0,0,0,0,0,18000,0,0,0,42000,24000,18000,18000
06842P,臺股指統一9A售03,0,0,0,0,0,0,0,0,0,18000,0,0,0,18000,0,18000,18000
2453,凌群            ,31000,11000,20000,0,0,0,0,0,0,-2000,0,2000,-2000,0,0,0,18000
3164,景岳            ,20000,2000,18000,0,0,0,0,0,0,0,0,0,0,0,0,0,18000
05920P,力成元大96售04  ,0,0,0,0,0,0,0,0,0,17000,0,0,0,17000,0,17000,17000
05852P,嘉晶群益96售01  ,0,0,0,0,0,0,0,0,0,17000,0,0,0,67000,50000,17000,17000
06058P,玉晶光凱基97售04,0,0,0,0,0,0,0,0,0,17000,0,0,0,29000,12000,17000,17000
057923,晶豪科凱基98購02,0,0,0,0,0,0,0,0,0,17000,0,0,0,56000,39000,17000,17000
058108,台郡台新99購01  ,0,0,0,0,0,0,0,0,0,17000,0,0,0,55000,38000,17000,17000
056742,玉晶光凱基9A購01,0,0,0,0,0,0,0,0,0,17000,0,0,0,46000,29000,17000,17000
056821,日電貿永豐98購01,0,0,0,0,0,0,0,0,0,17000,0,0,0,17000,0,17000,17000
057017,和大凱基98購01  ,0,0,0,0,0,0,0,0,0,17000,0,0,0,25000,8000,17000,17000
057717,友訊元富98購02  ,0,0,0,0,0,0,0,0,0,17000,0,0,0,67000,50000,17000,17000
057305,南亞科兆豐98購02,0,0,0,0,0,0,0,0,0,17000,0,0,0,17000,0,17000,17000
057541,台灣50康和9A購04,0,0,0,0,0,0,0,0,0,17000,0,0,0,100000,83000,17000,17000
050372,全新元大96購03  ,0,0,0,0,0,0,0,0,0,17000,0,0,0,70000,53000,17000,17000
049694,華新科元大95購06,0,0,0,0,0,0,0,0,0,17000,0,0,0,105000,88000,17000,17000
049742,日月光群益94購02,0,0,0,0,0,0,0,0,0,17000,0,0,0,17000,0,17000,17000
04997P,燿華台新95售02  ,0,0,0,0,0,0,0,0,0,17000,0,0,0,17000,0,17000,17000
048203,矽力元大93購02  ,0,0,0,0,0,0,0,0,0,17000,0,0,0,37000,20000,17000,17000
040381,元金2X元富95購01,0,0,0,0,0,0,0,0,0,17000,0,0,0,17000,0,17000,17000
03647P,京元電元富95售02,0,0,0,0,0,0,0,0,0,17000,0,0,0,140000,123000,17000,17000
045106,玉晶光群益95購01,0,0,0,0,0,0,0,0,0,17000,0,0,0,36000,19000,17000,17000
049307,上銀凱基94購03  ,0,0,0,0,0,0,0,0,0,17000,0,0,0,146000,129000,17000,17000
053198,亞德客日盛96購01,0,0,0,0,0,0,0,0,0,17000,0,0,0,17000,0,17000,17000
052628,樺漢中信96購01  ,0,0,0,0,0,0,0,0,0,17000,0,0,0,20000,3000,17000,17000
050686,欣興兆豐96購01  ,0,0,0,0,0,0,0,0,0,17000,0,0,0,62000,45000,17000,17000
054061,晶技國票97購03  ,0,0,0,0,0,0,0,0,0,17000,0,0,0,82000,65000,17000,17000
053748,燿華永豐96購04  ,0,0,0,0,0,0,0,0,0,17000,0,0,0,27000,10000,17000,17000
056101,光磊永豐98購01  ,0,0,0,0,0,0,0,0,0,17000,0,0,0,66000,49000,17000,17000
056057,華邦電元大97購05,0,0,0,0,0,0,0,0,0,17000,0,0,0,17000,0,17000,17000
053678,南亞科富邦97購01,0,0,0,0,0,0,0,0,0,17000,0,0,0,22000,5000,17000,17000
056546,致伸凱基98購01  ,0,0,0,0,0,0,0,0,0,17000,0,0,0,114000,97000,17000,17000
054730,上証2X凱基98購02,0,0,0,0,0,0,0,0,0,17000,0,0,0,85000,68000,17000,17000
054761,台光電國票98購02,0,0,0,0,0,0,0,0,0,17000,0,0,0,90000,73000,17000,17000
054822,祥碩元大97購01  ,0,0,0,0,0,0,0,0,0,17000,0,0,0,17000,0,17000,17000
1733,五鼎            ,90000,64000,26000,0,0,0,0,0,0,-9000,0,9000,-9000,0,0,0,17000
057528,南亞科元大99購01,0,0,0,0,0,0,0,0,0,16000,0,0,0,74000,58000,16000,16000
057257,台泥兆豐99購01  ,0,0,0,0,0,0,0,0,0,16000,0,0,0,16000,0,16000,16000
057243,樺漢凱基99購01  ,0,0,0,0,0,0,0,0,0,16000,0,0,0,106000,90000,16000,16000
057588,南亞科國票99購01,0,0,0,0,0,0,0,0,0,16000,0,0,0,60000,44000,16000,16000
056941,台郡元富9B購01  ,0,0,0,0,0,0,0,0,0,16000,0,0,0,48000,32000,16000,16000
057170,瑞昱元大98購01  ,0,0,0,0,0,0,0,0,0,16000,0,0,0,26000,10000,16000,16000
056812,泰鼎統一98購01  ,0,0,0,0,0,0,0,0,0,16000,0,0,0,261000,245000,16000,16000
056615,燿華永豐98購02  ,0,0,0,0,0,0,0,0,0,16000,0,0,0,60000,44000,16000,16000
058089,聯發科元大98購15,0,0,0,0,0,0,0,0,0,16000,0,0,0,148000,132000,16000,16000
06017P,亞光凱基96售04  ,0,0,0,0,0,0,0,0,0,16000,0,0,0,44000,28000,16000,16000
06165P,臺股指凱基9A售03,0,0,0,0,0,0,0,0,0,16000,0,0,0,16000,0,16000,16000
05950P,台積電國票97售04,0,0,0,0,0,0,0,0,0,16000,0,0,0,27000,11000,16000,16000
048136,聯茂國票93購04  ,0,0,0,0,0,0,0,0,0,16000,0,0,0,16000,0,16000,16000
04794P,友達元大96售03  ,0,0,0,0,0,0,0,0,0,16000,0,0,0,50000,34000,16000,16000
046944,奇力新元大96購01,0,0,0,0,0,0,0,0,0,16000,0,0,0,57000,41000,16000,16000
044526,訊芯凱基93購02  ,0,0,0,0,0,0,0,0,0,16000,0,0,0,26000,10000,16000,16000
04109P,臺股指永昌93售04,0,0,0,0,0,0,0,0,0,16000,0,0,0,16000,0,16000,16000
04315P,台光電國票93售04,0,0,0,0,0,0,0,0,0,16000,0,0,0,16000,0,16000,16000
049775,旺宏統一95購02  ,0,0,0,0,0,0,0,0,0,16000,0,0,0,65000,49000,16000,16000
050202,建準群益95購01  ,0,0,0,0,0,0,0,0,0,16000,0,0,0,26000,10000,16000,16000
048394,正崴國票94購01  ,0,0,0,0,0,0,0,0,0,16000,0,0,0,26000,10000,16000,16000
05333P,臺股指國票95售02,0,0,0,0,0,0,0,0,0,16000,0,0,0,21000,5000,16000,16000
048683,日月光富邦93購01,0,0,0,0,0,0,0,0,0,16000,0,0,0,16000,0,16000,16000
05409P,京元電元富95售05,0,0,0,0,0,0,0,0,0,16000,0,0,0,16000,0,16000,16000
054179,上海銀台新97購01,0,0,0,0,0,0,0,0,0,16000,0,0,0,36000,20000,16000,16000
051298,智邦凱基95購03  ,0,0,0,0,0,0,0,0,0,16000,0,0,0,16000,0,16000,16000
051248,華固元大95購01  ,0,0,0,0,0,0,0,0,0,16000,0,0,0,116000,100000,16000,16000
053195,玉晶光元富96購02,0,0,0,0,0,0,0,0,0,16000,0,0,0,16000,0,16000,16000
053276,友達元大9C購01  ,0,0,0,0,0,0,0,0,0,16000,0,0,0,36000,20000,16000,16000
053043,嘉晶凱基96購01  ,0,0,0,0,0,0,0,0,0,16000,0,0,0,115000,99000,16000,16000
053093,緯穎元大96購06  ,0,0,0,0,0,0,0,0,0,16000,0,0,0,185000,169000,16000,16000
052949,智易國票97購02  ,0,0,0,0,0,0,0,0,0,16000,0,0,0,16000,0,16000,16000
054437,欣興台新97購02  ,0,0,0,0,0,0,0,0,0,16000,0,0,0,32000,16000,16000,16000
055554,聯發科凱基97購06,0,0,0,0,0,0,0,0,0,16000,0,0,0,16000,0,16000,16000
056018,旺宏群益97購02  ,0,0,0,0,0,0,0,0,0,16000,0,0,0,16000,0,16000,16000
055022,精元國泰99購01  ,0,0,0,0,0,0,0,0,0,16000,0,0,0,61000,45000,16000,16000
055000,玉晶光元富97購04,0,0,0,0,0,0,0,0,0,16000,0,0,0,21000,5000,16000,16000
055337,超眾兆豐98購01  ,0,0,0,0,0,0,0,0,0,16000,0,0,0,121000,105000,16000,16000
1626,艾美特-KY       ,40000,24000,16000,0,0,0,0,0,0,0,0,0,0,0,0,0,16000
06797P,臺股指凱基98售07,0,0,0,0,0,0,0,0,0,16000,0,0,0,205000,189000,16000,16000
3702A,大聯大甲特      ,0,0,0,0,0,0,0,0,0,16000,16000,0,16000,0,0,0,16000
06110P,國巨國泰98售02  ,0,0,0,0,0,0,0,0,0,15000,0,0,0,50000,35000,15000,15000
06057P,大立光凱基98售01,0,0,0,0,0,0,0,0,0,15000,0,0,0,15000,0,15000,15000
06524P,臺股指麥證98售02,0,0,0,15000,0,15000,0,0,0,15000,0,0,0,15000,0,15000,15000
058372,欣興凱基99購03  ,0,0,0,0,0,0,0,0,0,15000,0,0,0,15000,0,15000,15000
056623,禾伸堂永豐98購01,0,0,0,0,0,0,0,0,0,15000,0,0,0,54000,39000,15000,15000
056991,牧德兆豐98購01  ,0,0,0,0,0,0,0,0,0,15000,0,0,0,15000,0,15000,15000
057566,欣興富邦99購01  ,0,0,0,0,0,0,0,0,0,15000,0,0,0,124000,109000,15000,15000
057644,奇力新元大98購04,0,0,0,0,0,0,0,0,0,15000,0,0,0,20000,5000,15000,15000
04911P,美律元富94售02  ,0,0,0,0,0,0,0,0,0,15000,0,0,0,20000,5000,15000,15000
049024,玉晶光群益97購01,0,0,0,0,0,0,0,0,0,15000,0,0,0,21000,6000,15000,15000
049814,超眾元大95購04  ,0,0,0,0,0,0,0,0,0,15000,0,0,0,25000,10000,15000,15000
050350,全新群益94購04  ,0,0,0,0,0,0,0,0,0,15000,0,0,0,144000,129000,15000,15000
050212,瀚宇博國票95購02,0,0,0,0,0,0,0,0,0,15000,0,0,0,15000,0,15000,15000
049745,國巨永豐94購04  ,0,0,0,0,0,0,0,0,0,15000,0,0,0,207000,192000,15000,15000
04025P,宏達電國泰94售01,0,0,0,0,0,0,0,0,0,15000,0,0,0,15000,0,15000,15000
045162,玉晶光國泰94購04,0,0,0,0,0,0,0,0,0,15000,0,0,0,15000,0,15000,15000
04496P,國巨國泰96售02  ,0,0,0,0,0,0,0,0,0,15000,0,0,0,15000,0,15000,15000
045288,元油2X元大95購02,0,0,0,0,0,0,0,0,0,15000,0,0,0,15000,0,15000,15000
03111P,元油2X富邦97售01,0,0,0,0,0,0,0,0,0,15000,0,0,0,15000,0,15000,15000
03180P,台灣50元大01售39,0,0,0,0,0,0,0,0,0,15000,0,0,0,15000,0,15000,15000
04274P,滬深2X凱基94售01,0,0,0,0,0,0,0,0,0,15000,0,0,0,15000,0,15000,15000
042916,佐登元大94購01  ,0,0,0,0,0,0,0,0,0,15000,0,0,0,15000,0,15000,15000
04544P,欣興富邦96售02  ,0,0,0,0,0,0,0,0,0,15000,0,0,0,15000,0,15000,15000
046066,長榮航凱基94購01,0,0,0,0,0,0,0,0,0,15000,0,0,0,25000,10000,15000,15000
046600,鴻海群益94購01  ,0,0,0,0,0,0,0,0,0,15000,0,0,0,51000,36000,15000,15000
046650,台表科國泰94購01,0,0,0,0,0,0,0,0,0,15000,0,0,0,15000,0,15000,15000
049343,華新科統一94購03,0,0,0,0,0,0,0,0,0,15000,0,0,0,15000,0,15000,15000
050237,智邦凱基94購03  ,0,0,0,0,0,0,0,0,0,15000,0,0,0,15000,0,15000,15000
050615,奇力新元大95購03,0,0,0,0,0,0,0,0,0,15000,0,0,0,15000,0,15000,15000
051403,玉晶光永豐95購05,0,0,0,0,0,0,0,0,0,15000,0,0,0,15000,0,15000,15000
050636,上証2X國票94購01,0,0,0,0,0,0,0,0,0,15000,0,0,0,20000,5000,15000,15000
051309,卜蜂麥證95購01  ,0,0,0,15000,0,15000,0,0,0,15000,0,0,0,15000,0,15000,15000
052096,力成元大95購01  ,0,0,0,0,0,0,0,0,0,15000,0,0,0,15000,0,15000,15000
052126,群創國票97購01  ,0,0,0,0,0,0,0,0,0,15000,0,0,0,15000,0,15000,15000
050428,光磊凱基94購05  ,0,0,0,0,0,0,0,0,0,15000,0,0,0,15000,0,15000,15000
050461,GIS元大95購04   ,0,0,0,0,0,0,0,0,0,15000,0,0,0,15000,0,15000,15000
052573,智伸科凱基97購01,0,0,0,0,0,0,0,0,0,15000,0,0,0,15000,0,15000,15000
052410,智邦亞東96購01  ,0,0,0,0,0,0,0,0,0,15000,0,0,0,15000,0,15000,15000
05243P,鴻海元大95售19  ,0,0,0,0,0,0,0,0,0,15000,0,0,0,242000,227000,15000,15000
054133,奇力新元大97購04,0,0,0,0,0,0,0,0,0,15000,0,0,0,20000,5000,15000,15000
053948,大立光富邦99購04,0,0,0,0,0,0,0,0,0,15000,0,0,0,15000,0,15000,15000
050641,上証反凱基96購01,0,0,0,0,0,0,0,0,0,15000,0,0,0,15000,0,15000,15000
055412,旺宏富邦99購01  ,0,0,0,0,0,0,0,0,0,15000,0,0,0,15000,0,15000,15000
050822,亞光凱基95購01  ,0,0,0,0,0,0,0,0,0,15000,0,0,0,55000,40000,15000,15000
050765,鴻海元大96購02  ,0,0,0,0,0,0,0,0,0,15000,0,0,0,627000,612000,15000,15000
051732,華通國票97購01  ,0,0,0,0,0,0,0,0,0,15000,0,0,0,65000,50000,15000,15000
055085,大毅國票97購01  ,0,0,0,0,0,0,0,0,0,15000,0,0,0,21000,6000,15000,15000
05599P,欣興台新96售01  ,0,0,0,0,0,0,0,0,0,15000,0,0,0,15000,0,15000,15000
055517,國巨中信97購03  ,0,0,0,0,0,0,0,0,0,15000,0,0,0,20000,5000,15000,15000
055464,聚陽凱基97購01  ,0,0,0,0,0,0,0,0,0,15000,0,0,0,17000,2000,15000,15000
055552,瑞昱凱基97購02  ,0,0,0,0,0,0,0,0,0,15000,0,0,0,18000,3000,15000,15000
056508,揚明光永豐98購01,0,0,0,0,0,0,0,0,0,15000,0,0,0,15000,0,15000,15000
05345P,臺股指統一95售05,0,0,0,0,0,0,0,0,0,15000,0,0,0,15000,0,15000,15000
055727,矽力元大97購02  ,0,0,0,0,0,0,0,0,0,15000,0,0,0,23000,8000,15000,15000
055734,奇力新元富97購02,0,0,0,0,0,0,0,0,0,15000,0,0,0,20000,5000,15000,15000
055708,茂林永豐97購02  ,0,0,0,0,0,0,0,0,0,15000,0,0,0,83000,68000,15000,15000
053758,華新科國泰97購02,0,0,0,0,0,0,0,0,0,15000,0,0,0,18000,3000,15000,15000
05635P,健策台新96售02  ,0,0,0,0,0,0,0,0,0,15000,0,0,0,15000,0,15000,15000
06819P,臺股指元富98售08,0,0,0,0,0,0,0,0,0,15000,0,0,0,15000,0,15000,15000
06831P,臺股指國票98售07,0,0,0,0,0,0,0,0,0,15000,0,0,0,15000,0,15000,15000
06892P,聯鈞元富98售01  ,0,0,0,0,0,0,0,0,0,15000,0,0,0,35000,20000,15000,15000
06719P,台灣50群益9A售01,0,0,0,0,0,0,0,0,0,15000,0,0,0,16000,1000,15000,15000
06600P,貿聯永豐98售01  ,0,0,0,0,0,0,0,0,0,15000,0,0,0,15000,0,15000,15000
06974P,臺股指元大9A售12,0,0,0,0,0,0,0,0,0,15000,0,0,0,15000,0,15000,15000
057307,瀚宇博兆豐99購01,0,0,0,0,0,0,0,0,0,14000,0,0,0,20000,6000,14000,14000
057367,技嘉元大98購02  ,0,0,0,0,0,0,0,0,0,14000,0,0,0,86000,72000,14000,14000
057462,光磊永豐98購02  ,0,0,0,0,0,0,0,0,0,14000,0,0,0,82000,68000,14000,14000
056825,深中小富邦9B購01,0,0,0,0,0,0,0,0,0,14000,0,0,0,14000,0,14000,14000
05795P,華邦電群益96售05,0,0,0,0,0,0,0,0,0,14000,0,0,0,25000,11000,14000,14000
057981,臻鼎永豐98購01  ,0,0,0,0,0,0,0,0,0,14000,0,0,0,82000,68000,14000,14000
057903,聯鈞永豐99購01  ,0,0,0,0,0,0,0,0,0,14000,0,0,0,50000,36000,14000,14000
06539P,聯發科凱基98售12,0,0,0,0,0,0,0,0,0,14000,0,0,0,142000,128000,14000,14000
06233P,訊芯永豐97售03  ,0,0,0,0,0,0,0,0,0,14000,0,0,0,59000,45000,14000,14000
06077P,GIS凱基97售02   ,0,0,0,0,0,0,0,0,0,14000,0,0,0,14000,0,14000,14000
05978P,麗豐永豐96售02  ,0,0,0,0,0,0,0,0,0,14000,0,0,0,35000,21000,14000,14000
04723P,美律凱基94售06  ,0,0,0,0,0,0,0,0,0,14000,0,0,0,57000,43000,14000,14000
04742P,瑞昱統一94售01  ,0,0,0,0,0,0,0,0,0,14000,0,0,0,30000,16000,14000,14000
049747,嘉晶永豐94購02  ,0,0,0,0,0,0,0,0,0,14000,0,0,0,14000,0,14000,14000
049690,義隆元大95購02  ,0,0,0,0,0,0,0,0,0,14000,0,0,0,90000,76000,14000,14000
048455,上緯控凱基94購01,0,0,0,0,0,0,0,0,0,14000,0,0,0,14000,0,14000,14000
052037,全新國泰96購02  ,0,0,0,0,0,0,0,0,0,14000,0,0,0,14000,0,14000,14000
049118,元油2X元富94購03,0,0,0,0,0,0,0,0,0,14000,0,0,0,45000,31000,14000,14000
053916,漢唐國票97購04  ,0,0,0,0,0,0,0,0,0,14000,0,0,0,20000,6000,14000,14000
050464,華通國泰95購01  ,0,0,0,0,0,0,0,0,0,14000,0,0,0,104000,90000,14000,14000
052892,大成鋼群益96購01,0,0,0,0,0,0,0,0,0,14000,0,0,0,31000,17000,14000,14000
05283P,健鼎元大95售04  ,0,0,0,0,0,0,0,0,0,14000,0,0,0,14000,0,14000,14000
053175,矽力群益96購01  ,0,0,0,0,0,0,0,0,0,14000,0,0,0,14000,0,14000,14000
053599,崇越元大96購01  ,0,0,0,0,0,0,0,0,0,14000,0,0,0,14000,0,14000,14000
055168,光罩統一98購01  ,0,0,0,0,0,0,0,0,0,14000,0,0,0,14000,0,14000,14000
05444P,大立光元大95售10,0,0,0,0,0,0,0,0,0,14000,0,0,0,25000,11000,14000,14000
054666,強茂元富97購01  ,0,0,0,0,0,0,0,0,0,14000,0,0,0,34000,20000,14000,14000
054837,欣興第一97購01  ,0,40000,-40000,0,0,0,0,0,0,54000,0,0,0,55000,1000,54000,14000
054951,大毅元大97購01  ,0,0,0,0,0,0,0,0,0,14000,0,0,0,14000,0,14000,14000
054743,聯鈞凱基99購01  ,0,0,0,0,0,0,0,0,0,14000,0,0,0,470000,456000,14000,14000
06642P,可成兆豐98售01  ,0,0,0,0,0,0,0,0,0,14000,0,0,0,70000,56000,14000,14000
3535,晶彩科          ,51000,37000,14000,0,0,0,0,0,0,0,0,0,0,0,0,0,14000
3576,聯合再生        ,194000,180000,14000,0,0,0,0,0,0,0,0,0,0,0,0,0,14000
2419,仲琦            ,39000,12000,27000,0,0,0,0,0,0,-13000,0,13000,-13000,0,0,0,14000
8482,商億-KY         ,162000,148000,14000,0,0,0,0,0,0,0,0,0,0,0,0,0,14000
2387,精元            ,114000,89937,24063,0,0,0,0,0,0,-11000,0,9000,-9000,2000,4000,-2000,13063
06200P,聯發科元大97售18,0,0,0,0,0,0,0,0,0,13000,0,0,0,69000,56000,13000,13000
06431P,新日興元大97售05,0,0,0,0,0,0,0,0,0,13000,0,0,0,58000,45000,13000,13000
06421P,嘉澤統一97售02  ,0,0,0,0,0,0,0,0,0,13000,0,0,0,28000,15000,13000,13000
058096,南電元大98購04  ,0,0,0,0,0,0,0,0,0,13000,0,0,0,31000,18000,13000,13000
058144,聯茂元大99購02  ,0,0,0,0,0,0,0,0,0,13000,0,0,0,13000,0,13000,13000
058054,台積電統一9C購01,0,0,0,0,0,0,0,0,0,13000,0,0,0,71000,58000,13000,13000
058298,聯茂凱基99購05  ,0,0,0,0,0,0,0,0,0,13000,0,0,0,86000,73000,13000,13000
05704P,矽力群益96售04  ,0,0,0,0,0,0,0,0,0,13000,0,0,0,13000,0,13000,13000
057182,禾伸堂元大99購02,0,0,0,0,0,0,0,0,0,13000,0,0,0,23000,10000,13000,13000
057146,技嘉國票98購01  ,0,0,0,0,0,0,0,0,0,13000,0,0,0,92000,79000,13000,13000
05747P,漢唐群益96售03  ,0,0,0,0,0,0,0,0,0,13000,0,0,0,13000,0,13000,13000
057787,TPK國票99購01   ,0,0,0,0,0,0,0,0,0,13000,0,0,0,15000,2000,13000,13000
048732,台勝科麥證95購01,0,0,0,13000,0,13000,0,0,0,13000,0,0,0,13000,0,13000,13000
050307,欣興中信95購01  ,0,0,0,0,0,0,0,0,0,13000,0,0,0,15000,2000,13000,13000
04706P,力山元大95售01  ,0,0,0,0,0,0,0,0,0,13000,0,0,0,15000,2000,13000,13000
03560P,台積電兆豐03售10,0,0,0,0,0,0,0,0,0,13000,0,0,0,13000,0,13000,13000
052896,宏達電群益96購01,0,0,0,0,0,0,0,0,0,13000,0,0,0,104000,91000,13000,13000
051399,玉晶光台新96購01,0,0,0,0,0,0,0,0,0,13000,0,0,0,13000,0,13000,13000
051435,聯茂元富95購01  ,0,0,0,0,0,0,0,0,0,13000,0,0,0,108000,95000,13000,13000
052606,聯發科元大97購04,0,0,0,0,0,0,0,0,0,13000,0,0,0,238000,225000,13000,13000
052275,日月光群益95購01,0,0,0,0,0,0,0,0,0,13000,0,0,0,23000,10000,13000,13000
054134,強茂元大96購01  ,0,0,0,0,0,0,0,0,0,13000,0,0,0,96000,83000,13000,13000
054216,聯茂國票97購03  ,0,0,0,0,0,0,0,0,0,13000,0,0,0,52000,39000,13000,13000
050778,瑞儀元大96購01  ,0,0,0,0,0,0,0,0,0,13000,0,0,0,312000,299000,13000,13000
051094,健策元大96購03  ,0,0,0,0,0,0,0,0,0,13000,0,0,0,40000,27000,13000,13000
051104,鈺齊元大96購01  ,0,0,0,0,0,0,0,0,0,13000,0,0,0,56000,43000,13000,13000
054952,大毅元大97購02  ,0,0,0,0,0,0,0,0,0,13000,0,0,0,19000,6000,13000,13000
054971,帆宣元大97購02  ,0,0,0,0,0,0,0,0,0,13000,0,0,0,19000,6000,13000,13000
054654,全新麥證99購01  ,0,0,0,23000,10000,13000,0,0,0,13000,0,0,0,23000,10000,13000,13000
055091,微星群益97購01  ,0,0,0,0,0,0,0,0,0,13000,0,0,0,111000,98000,13000,13000
055535,緯創群益98購01  ,0,0,0,0,0,0,0,0,0,13000,0,0,0,33000,20000,13000,13000
053495,聯發科兆豐96購02,0,0,0,0,0,0,0,0,0,13000,0,0,0,23000,10000,13000,13000
053522,臺股指群益99購01,0,0,0,0,0,0,0,0,0,13000,0,0,0,13000,0,13000,13000
055915,大立光凱基98購07,0,0,0,0,0,0,0,0,0,13000,0,0,0,15000,2000,13000,13000
056079,世紀鋼元大97購02,0,0,0,0,0,0,0,0,0,13000,0,0,0,461000,448000,13000,13000
6541,泰福-KY         ,146000,133000,13000,0,0,0,0,0,0,0,0,0,0,0,0,0,13000
06747P,大立光群益99售04,0,0,0,0,0,0,0,0,0,13000,0,0,0,15000,2000,13000,13000
06927P,台灣50元大9B售03,0,0,0,0,0,0,0,0,0,13000,0,0,0,514000,501000,13000,13000
057412,臺股指群益99購06,0,0,0,0,0,0,0,0,0,12000,0,0,0,12000,0,12000,12000
057337,聯發科國票99購02,0,0,0,0,0,0,0,0,0,12000,0,0,0,32000,20000,12000,12000
05699P,茂林凱基96售05  ,0,0,0,0,0,0,0,0,0,12000,0,0,0,12000,0,12000,12000
056942,昇陽半元富98購01,0,0,0,0,0,0,0,0,0,12000,0,0,0,62000,50000,12000,12000
058403,玉晶光元大99購12,0,0,0,0,0,0,0,0,0,12000,0,0,0,20000,8000,12000,12000
058429,欣興元富99購01  ,0,0,0,0,0,0,0,0,0,12000,0,0,0,12000,0,12000,12000
058031,旺宏永豐98購04  ,0,0,0,0,0,0,0,0,0,12000,0,0,0,12000,0,12000,12000
058126,元油2X元大9C購02,0,0,0,0,0,0,0,0,0,12000,0,0,0,20000,8000,12000,12000
057972,群創富邦9C購01  ,0,0,0,0,0,0,0,0,0,12000,0,0,0,33000,21000,12000,12000
06276P,臺股指凱基97售08,0,0,0,0,0,0,0,0,0,12000,0,0,0,30000,18000,12000,12000
06105P,國巨國票98售02  ,0,0,0,0,0,0,0,0,0,12000,0,0,0,59000,47000,12000,12000
06061P,訊芯統一97售01  ,0,0,0,0,0,0,0,0,0,12000,0,0,0,23000,11000,12000,12000
06020P,燿華元富96售04  ,0,0,0,0,0,0,0,0,0,12000,0,0,0,22000,10000,12000,12000
04188P,康控元富93售03  ,0,0,0,0,0,0,0,0,0,12000,0,0,0,12000,0,12000,12000
03567P,可成凱基02售06  ,0,0,0,0,0,0,0,0,0,12000,0,0,0,12000,0,12000,12000
00711B,FH彭博新興債    ,57000,0,57000,0,0,0,0,0,0,-45000,0,0,0,101000,146000,-45000,12000
04807P,聯茂元富94售01  ,0,0,0,0,0,0,0,0,0,12000,0,0,0,42000,30000,12000,12000
048052,力成中信93購01  ,0,0,0,0,0,0,0,0,0,12000,0,0,0,13000,1000,12000,12000
048782,亞泥元大94購01  ,0,0,0,0,0,0,0,0,0,12000,0,0,0,100000,88000,12000,12000
048547,訊芯永豐93購03  ,0,0,0,0,0,0,0,0,0,12000,0,0,0,12000,0,12000,12000
049437,可成國泰96購01  ,0,0,0,0,0,0,0,0,0,12000,0,0,0,42000,30000,12000,12000
049517,台光電國票94購02,0,0,0,0,0,0,0,0,0,12000,0,0,0,22000,10000,12000,12000
05151P,台光電群益95售02,0,0,0,0,0,0,0,0,0,12000,0,0,0,12000,0,12000,12000
053989,奇力新兆豐97購01,0,0,0,0,0,0,0,0,0,12000,0,0,0,12000,0,12000,12000
054365,遠東新中信96購01,0,0,0,0,0,0,0,0,0,12000,0,0,0,12000,0,12000,12000
053414,臻鼎國票97購01  ,0,0,0,0,0,0,0,0,0,12000,0,0,0,32000,20000,12000,12000
051550,日電貿永豐95購01,0,0,0,0,0,0,0,0,0,12000,0,0,0,22000,10000,12000,12000
052279,旺宏凱基95購07  ,0,0,0,0,0,0,0,0,0,12000,0,0,0,12000,0,12000,12000
052378,矽力元大96購01  ,0,0,0,0,0,0,0,0,0,12000,0,0,0,26000,14000,12000,12000
051277,聯發科中信9A購01,0,0,0,0,0,0,0,0,0,12000,0,0,0,129000,117000,12000,12000
053056,同欣電國票97購01,0,0,0,0,0,0,0,0,0,12000,0,0,0,12000,0,12000,12000
053279,景碩元大97購01  ,0,0,0,0,0,0,0,0,0,12000,0,0,0,68000,56000,12000,12000
053224,矽力凱基96購02  ,0,0,0,0,0,0,0,0,0,12000,0,0,0,79000,67000,12000,12000
056170,鴻海元富97購09  ,0,0,0,0,0,0,0,0,0,12000,0,0,0,42000,30000,12000,12000
053743,康控國票97購02  ,0,0,0,0,0,0,0,0,0,12000,0,0,0,12000,0,12000,12000
056419,欣興元富98購02  ,0,0,0,0,0,0,0,0,0,12000,0,0,0,112000,100000,12000,12000
056431,鴻海凱基98購07  ,0,0,0,0,0,0,0,0,0,12000,0,0,0,56000,44000,12000,12000
055844,大毅元大98購01  ,0,0,0,0,0,0,0,0,0,12000,0,0,0,250000,238000,12000,12000
055833,華通元大98購05  ,0,0,0,0,0,0,0,0,0,12000,0,0,0,92000,80000,12000,12000
055910,瑞昱凱基98購01  ,0,0,0,0,0,0,0,0,0,12000,0,0,0,12000,0,12000,12000
053631,欣興兆豐97購01  ,0,0,0,0,0,0,0,0,0,12000,0,0,0,12000,0,12000,12000
053656,可成凱基96購06  ,0,0,0,0,0,0,0,0,0,12000,0,0,0,16000,4000,12000,12000
055053,瑞昱永豐97購01  ,0,0,0,0,0,0,0,0,0,12000,0,0,0,12000,0,12000,12000
054571,楠梓電元大99購01,0,0,0,0,0,0,0,0,0,12000,0,0,0,30000,18000,12000,12000
054541,康控國票98購01  ,0,0,0,0,0,0,0,0,0,12000,0,0,0,12000,0,12000,12000
054464,奇力新凱基98購02,0,0,0,0,0,0,0,0,0,12000,0,0,0,12000,0,12000,12000
06912P,台光電元大99售02,0,0,0,0,0,0,0,0,0,12000,0,0,0,12000,0,12000,12000
06794P,臺股指凱基98售04,0,0,0,0,0,0,0,0,0,12000,0,0,0,67000,55000,12000,12000
6152,百一            ,23000,11000,12000,0,0,0,0,0,0,0,0,0,0,0,0,0,12000
05899P,臺股指凱基96售30,0,0,0,0,0,0,0,0,0,11000,0,0,0,31000,20000,11000,11000
06291P,臺股指國票97售05,0,0,0,0,0,0,0,0,0,11000,0,0,0,11000,0,11000,11000
06408P,聯茂元富97售02  ,0,0,0,0,0,0,0,0,0,11000,0,0,0,31000,20000,11000,11000
058010,帆宣國票98購01  ,0,0,0,0,0,0,0,0,0,11000,0,0,0,11000,0,11000,11000
058227,台灣50元大9C購01,0,0,0,0,0,0,0,0,0,11000,0,0,0,374000,363000,11000,11000
056964,聯發科永豐98購03,0,0,0,0,0,0,0,0,0,11000,0,0,0,79000,68000,11000,11000
057076,緯穎永豐98購01  ,0,0,0,0,0,0,0,0,0,11000,0,0,0,11000,0,11000,11000
056906,玉晶光元大9B購01,0,0,0,0,0,0,0,0,0,11000,0,0,0,29000,18000,11000,11000
057328,京鼎群益99購02  ,0,0,0,0,0,0,0,0,0,11000,0,0,0,11000,0,11000,11000
057295,可成永豐98購02  ,0,0,0,0,0,0,0,0,0,11000,0,0,0,80000,69000,11000,11000
05743P,創意元大96售01  ,0,0,0,0,0,0,0,0,0,11000,0,0,0,11000,0,11000,11000
057701,嘉聯益群益98購02,0,0,0,0,0,0,0,0,0,11000,0,0,0,11000,0,11000,11000
049667,大立光國泰96購01,0,0,0,0,0,0,0,0,0,11000,0,0,0,120000,109000,11000,11000
050219,台積電元富95購03,0,0,0,0,0,0,0,0,0,11000,0,0,0,81000,70000,11000,11000
048977,晶相光元大94購01,0,0,0,0,0,0,0,0,0,11000,0,0,0,61000,50000,11000,11000
049091,訊連凱基94購01  ,0,0,0,0,0,0,0,0,0,11000,0,0,0,182000,171000,11000,11000
04864P,欣興元大94售10  ,0,0,0,0,0,0,0,0,0,11000,0,0,0,11000,0,11000,11000
053345,欣興國票97購02  ,0,0,0,0,0,0,0,0,0,11000,0,0,0,29000,18000,11000,11000
051195,台郡中信95購01  ,0,0,0,0,0,0,0,0,0,11000,0,0,0,11000,0,11000,11000
04614P,光罩群益94售02  ,0,0,0,0,0,0,0,0,0,11000,0,0,0,11000,0,11000,11000
046159,群創群益98購04  ,0,0,0,0,0,0,0,0,0,11000,0,0,0,18000,7000,11000,11000
046348,嘉澤兆豐93購01  ,0,0,0,0,0,0,0,0,0,11000,0,0,0,31000,20000,11000,11000
046961,大立光中信95購02,0,0,0,0,0,0,0,0,0,11000,0,0,0,32000,21000,11000,11000
047295,欣興元富96購02  ,0,0,0,0,0,0,0,0,0,11000,0,0,0,71000,60000,11000,11000
046385,群創凱基98購03  ,0,0,0,0,0,0,0,0,0,11000,0,0,0,26000,15000,11000,11000
00639,富邦深100       ,509000,127000,382000,0,0,0,0,0,0,-371000,0,0,0,828000,1199000,-371000,11000
04276P,聯發科凱基93售33,0,0,0,0,0,0,0,0,0,11000,0,0,0,16000,5000,11000,11000
045086,玉晶光元大94購02,0,0,0,0,0,0,0,0,0,11000,0,0,0,60000,49000,11000,11000
050425,國巨凱基94購12  ,0,0,0,0,0,0,0,0,0,11000,0,0,0,23000,12000,11000,11000
052528,茂林元大95購05  ,0,0,0,0,0,0,0,0,0,11000,0,0,0,61000,50000,11000,11000
052542,友達元富98購01  ,0,0,0,0,0,0,0,0,0,11000,0,0,0,11000,0,11000,11000
054111,緯穎凱基97購01  ,0,0,0,0,0,0,0,0,0,11000,0,0,0,11000,0,11000,11000
053936,旺宏元富96購04  ,0,0,0,0,0,0,0,0,0,11000,0,0,0,11000,0,11000,11000
054064,台郡國票97購04  ,0,0,0,0,0,0,0,0,0,11000,0,0,0,21000,10000,11000,11000
054066,緯穎國票97購03  ,0,0,0,0,0,0,0,0,0,11000,0,0,0,11000,0,11000,11000
050883,嘉聯益國泰96購01,0,0,0,0,0,0,0,0,0,11000,0,0,0,11000,0,11000,11000
054561,奇力新群益97購03,0,0,0,0,0,0,0,0,0,11000,0,0,0,11000,0,11000,11000
054798,超眾群益97購01  ,0,0,0,0,0,0,0,0,0,11000,0,0,0,11000,0,11000,11000
054799,超眾群益98購01  ,0,0,0,0,0,0,0,0,0,11000,0,0,0,11000,0,11000,11000
055306,燿華群益97購01  ,0,0,0,0,0,0,0,0,0,11000,0,0,0,11000,0,11000,11000
05497P,聯詠統一96售01  ,0,0,0,0,0,0,0,0,0,11000,0,0,0,16000,5000,11000,11000
055093,京鼎群益98購01  ,0,0,0,0,0,0,0,0,0,11000,0,0,0,11000,0,11000,11000
055094,智易群益98購01  ,0,0,0,0,0,0,0,0,0,11000,0,0,0,11000,0,11000,11000
055135,聯發科富邦99購05,0,0,0,0,0,0,0,0,0,11000,0,0,0,12000,1000,11000,11000
055148,鴻海元大98購02  ,0,0,0,0,0,0,0,0,0,11000,0,0,0,11000,0,11000,11000
055536,嘉聯益群益99購02,0,0,0,0,0,0,0,0,0,11000,0,0,0,11000,0,11000,11000
055527,旺宏群益99購03  ,0,0,0,0,0,0,0,0,0,11000,0,0,0,22000,11000,11000,11000
055529,華邦電群益97購02,0,0,0,0,0,0,0,0,0,11000,0,0,0,11000,0,11000,11000
055925,上銀群益97購01  ,0,0,0,0,0,0,0,0,0,11000,0,0,0,30000,19000,11000,11000
055872,亞泥元富97購01  ,0,0,0,0,0,0,0,0,0,11000,0,0,0,21000,10000,11000,11000
055716,致茂元大97購01  ,0,0,0,0,0,0,0,0,0,11000,0,0,0,27000,16000,11000,11000
056353,鴻海元大99購02  ,0,0,0,0,0,0,0,0,0,11000,0,0,0,69000,58000,11000,11000
053893,京鼎群益97購02  ,0,0,0,0,0,0,0,0,0,11000,0,0,0,11000,0,11000,11000
056119,欣興群益97購02  ,0,0,0,0,0,0,0,0,0,11000,0,0,0,30000,19000,11000,11000
056100,楠梓電永豐97購02,0,0,0,0,0,0,0,0,0,11000,0,0,0,11000,0,11000,11000
4952,凌通            ,38000,25000,13000,0,0,0,0,0,0,-2000,0,2000,-2000,0,0,0,11000
06874P,台積電台新98售02,0,0,0,0,0,0,0,0,0,11000,0,0,0,11000,0,11000,11000
06845P,億光元大98售02  ,0,0,0,0,0,0,0,0,0,11000,0,0,0,11000,0,11000,11000
06759P,台積電元大98售17,0,0,0,0,0,0,0,0,0,11000,0,0,0,224000,213000,11000,11000
057708,臺股指群益98購08,0,0,0,0,0,0,0,0,0,10000,0,0,0,10000,0,10000,10000
057755,鴻海日盛98購01  ,0,0,0,0,0,0,0,0,0,10000,0,0,0,20000,10000,10000,10000
057725,台達電國泰9A購01,0,0,0,0,0,0,0,0,0,10000,0,0,0,10000,0,10000,10000
057816,欣興元大98購13  ,0,0,0,0,0,0,0,0,0,10000,0,0,0,22000,12000,10000,10000
057666,奇力新元大9A購01,0,0,0,0,0,0,0,0,0,10000,0,0,0,10000,0,10000,10000
057616,聯電凱基99購01  ,0,0,0,0,0,0,0,0,0,10000,0,0,0,10000,0,10000,10000
057457,華邦電富邦98購01,0,0,0,0,0,0,0,0,0,10000,0,0,0,10000,0,10000,10000
057422,欣興凱基98購04  ,0,0,0,0,0,0,0,0,0,10000,0,0,0,79000,69000,10000,10000
057410,南電群益98購01  ,0,0,0,0,0,0,0,0,0,10000,0,0,0,89000,79000,10000,10000
057530,奇鋐元大99購01  ,0,0,0,0,0,0,0,0,0,10000,0,0,0,142000,132000,10000,10000
057320,玉晶光凱基98購01,0,0,0,0,0,0,0,0,0,10000,0,0,0,12000,2000,10000,10000
057312,美律麥證98購01  ,0,0,0,30000,20000,10000,0,0,0,10000,0,0,0,30000,20000,10000,10000
056908,牧德元大99購03  ,0,0,0,0,0,0,0,0,0,10000,0,0,0,21000,11000,10000,10000
056876,群創凱基98購11  ,0,0,0,0,0,0,0,0,0,10000,0,0,0,10000,0,10000,10000
056791,嘉聯益群益98購01,0,0,0,0,0,0,0,0,0,10000,0,0,0,28000,18000,10000,10000
05676P,欣興群益96售04  ,0,0,0,0,0,0,0,0,0,10000,0,0,0,20000,10000,10000,10000
056629,昇陽半永豐98購01,0,0,0,0,0,0,0,0,0,10000,0,0,0,10000,0,10000,10000
056673,中石化元富9B購01,0,0,0,0,0,0,0,0,0,10000,0,0,0,10000,0,10000,10000
056651,聯茂凱基98購04  ,0,0,0,0,0,0,0,0,0,10000,0,0,0,20000,10000,10000,10000
056743,貿聯凱基98購04  ,0,0,0,0,0,0,0,0,0,10000,0,0,0,45000,35000,10000,10000
056693,國產群益98購01  ,0,0,0,0,0,0,0,0,0,10000,0,0,0,10000,0,10000,10000
056703,群創國泰9A購01  ,0,0,0,0,0,0,0,0,0,10000,0,0,0,10000,0,10000,10000
056705,超眾國泰99購01  ,0,0,0,0,0,0,0,0,0,10000,0,0,0,10000,0,10000,10000
057019,台積電凱基98購14,0,0,0,0,0,0,0,0,0,10000,0,0,0,40000,30000,10000,10000
057036,元油2X元大9B購04,0,0,0,0,0,0,0,0,0,10000,0,0,0,10000,0,10000,10000
057075,嘉聯益永豐98購01,0,0,0,0,0,0,0,0,0,10000,0,0,0,20000,10000,10000,10000
057173,南亞科元大98購04,0,0,0,0,0,0,0,0,0,10000,0,0,0,10000,0,10000,10000
058216,TPK群益99購01   ,0,0,0,0,0,0,0,0,0,10000,0,0,0,10000,0,10000,10000
058192,訊芯永豐99購01  ,0,0,0,0,0,0,0,0,0,10000,0,0,0,10000,0,10000,10000
05817P,可成凱基96售07  ,0,0,0,0,0,0,0,0,0,10000,0,0,0,10000,0,10000,10000
058269,世芯永豐9A購01  ,0,0,0,0,0,0,0,0,0,10000,0,0,0,76000,66000,10000,10000
058435,旺宏統一9B購02  ,0,0,0,0,0,0,0,0,0,10000,0,0,0,10000,0,10000,10000
058414,大立光兆豐99購02,0,0,0,0,0,0,0,0,0,10000,0,0,0,10000,0,10000,10000
058377,茂林凱基9A購03  ,0,0,0,0,0,0,0,0,0,10000,0,0,0,10000,0,10000,10000
058359,瑞昱凱基99購01  ,0,0,0,0,0,0,0,0,0,10000,0,0,0,21000,11000,10000,10000
057997,旺宏第一9C購01  ,0,0,0,0,0,0,0,0,0,10000,0,0,0,10000,0,10000,10000
057995,華新科中信98購02,0,0,0,0,0,0,0,0,0,10000,0,0,0,10000,0,10000,10000
058129,國巨元大99購10  ,0,0,0,0,0,0,0,0,0,10000,0,0,0,20000,10000,10000,10000
058091,欣興元大99購03  ,0,0,0,0,0,0,0,0,0,10000,0,0,0,18000,8000,10000,10000
058099,鴻海國泰9A購02  ,0,0,0,0,0,0,0,0,0,10000,0,0,0,10000,0,10000,10000
057958,禾伸堂元大99購05,0,0,0,0,0,0,0,0,0,10000,0,0,0,10000,0,10000,10000
057956,全新元大99購04  ,0,0,0,0,0,0,0,0,0,10000,0,0,0,10000,0,10000,10000
057894,華通元富02購02  ,0,0,0,0,0,0,0,0,0,10000,0,0,0,10000,0,10000,10000
06425P,TPK永豐97售02   ,0,0,0,0,0,0,0,0,0,10000,0,0,0,10000,0,10000,10000
06501P,臺股指元大9A售06,0,0,0,0,0,0,0,0,0,10000,0,0,0,10000,0,10000,10000
06385P,聯發科永豐97售02,0,0,0,0,0,0,0,0,0,10000,0,0,0,10000,0,10000,10000
06338P,亞德客統一97售02,0,0,0,0,0,0,0,0,0,10000,0,0,0,70000,60000,10000,10000
06340P,鴻海統一98售06  ,0,0,0,0,0,0,0,0,0,10000,0,0,0,10000,0,10000,10000
06011P,貿聯元富96售04  ,0,0,0,0,0,0,0,0,0,10000,0,0,0,10000,0,10000,10000
06064P,台積電台新98售01,0,0,0,0,0,0,0,0,0,10000,0,0,0,10000,0,10000,10000
06164P,臺股指凱基97售04,0,0,0,0,0,0,0,0,0,10000,0,0,0,10000,0,10000,10000
04505P,佳世達元富96售03,0,0,0,0,0,0,0,0,0,10000,0,0,0,10000,0,10000,10000
045071,奇力新元大94購01,0,0,0,0,0,0,0,0,0,10000,0,0,0,10000,0,10000,10000
04511P,臺股指元大94售06,0,0,0,0,0,0,0,0,0,10000,0,0,0,20000,10000,10000,10000
04512P,臺股指元大94售07,0,0,0,0,0,0,0,0,0,10000,0,0,0,20000,10000,10000,10000
04503P,元油2X元富98售09,0,0,0,0,0,0,0,0,0,10000,0,0,0,10000,0,10000,10000
04497P,元油2X富邦97售03,0,0,0,0,0,0,0,0,0,10000,0,0,0,10000,0,10000,10000
044909,玉晶光凱基93購02,0,0,0,0,0,0,0,0,0,10000,0,0,0,10000,0,10000,10000
044578,緯創凱基93購02  ,0,0,0,0,0,0,0,0,0,10000,0,0,0,10000,0,10000,10000
044673,上銀凱基93購04  ,0,0,0,0,0,0,0,0,0,10000,0,0,0,10000,0,10000,10000
04460P,元油2X元富96售04,0,0,0,0,0,0,0,0,0,10000,0,0,0,10000,0,10000,10000
044612,創意兆豐93購01  ,0,0,0,0,0,0,0,0,0,10000,0,0,0,10000,0,10000,10000
044282,上銀凱基93購03  ,0,0,0,0,0,0,0,0,0,10000,0,0,0,18000,8000,10000,10000
044126,奇力新凱基93購01,0,0,0,0,0,0,0,0,0,10000,0,0,0,10000,0,10000,10000
04195P,上海銀永豐93售01,0,0,0,0,0,0,0,0,0,10000,0,0,0,10000,0,10000,10000
047673,瑞昱元富96購01  ,0,0,0,0,0,0,0,0,0,10000,0,0,0,139000,129000,10000,10000
047674,群創元富96購02  ,0,0,0,0,0,0,0,0,0,10000,0,0,0,10000,0,10000,10000
042903,金寶元大94購01  ,0,0,0,0,0,0,0,0,0,10000,0,0,0,10000,0,10000,10000
046479,群創元富94購01  ,0,0,0,0,0,0,0,0,0,10000,0,0,0,20000,10000,10000,10000
04637P,臺股指群益94售12,0,0,0,0,0,0,0,0,0,10000,0,0,0,30000,20000,10000,10000
047629,深中小元大96購01,0,0,0,0,0,0,0,0,0,10000,0,0,0,20000,10000,10000,10000
047623,世紀鋼凱基94購02,0,0,0,0,0,0,0,0,0,10000,0,0,0,10000,0,10000,10000
047609,奇力新第一93購01,0,0,0,0,0,0,0,0,0,10000,0,0,0,10000,0,10000,10000
047558,臻鼎凱基93購06  ,0,0,0,0,0,0,0,0,0,10000,0,0,0,15000,5000,10000,10000
047545,智邦凱基93購05  ,0,0,0,0,0,0,0,0,0,10000,0,0,0,20000,10000,10000,10000
047546,瑞昱凱基93購06  ,0,0,0,0,0,0,0,0,0,10000,0,0,0,10000,0,10000,10000
047494,華邦電元富96購01,0,0,0,0,0,0,0,0,0,10000,0,0,0,10000,0,10000,10000
047511,義隆國票93購02  ,0,0,0,0,0,0,0,0,0,10000,0,0,0,10000,0,10000,10000
04732P,聯茂群益94售01  ,0,0,0,0,0,0,0,0,0,10000,0,0,0,21000,11000,10000,10000
04730P,臺股指中信96售02,0,0,0,0,0,0,0,0,0,10000,0,0,0,114000,104000,10000,10000
047160,台郡國票94購01  ,0,0,0,0,0,0,0,0,0,10000,0,0,0,10000,0,10000,10000
047161,世紀鋼國票94購01,0,0,0,0,0,0,0,0,0,10000,0,0,0,10000,0,10000,10000
047345,鴻海凱基94購06  ,0,0,0,0,0,0,0,0,0,10000,0,0,0,10000,0,10000,10000
047393,景碩元大93購02  ,0,0,0,0,0,0,0,0,0,10000,0,0,0,10000,0,10000,10000
047058,聯茂國票94購01  ,0,0,0,0,0,0,0,0,0,10000,0,0,0,10000,0,10000,10000
045500,聯發科凱基93購04,0,0,0,0,0,0,0,0,0,10000,0,0,0,10000,0,10000,10000
045537,華新群益94購01  ,0,0,0,0,0,0,0,0,0,10000,0,0,0,10000,0,10000,10000
045626,上銀凱基93購05  ,0,0,0,0,0,0,0,0,0,10000,0,0,0,10000,0,10000,10000
045882,滬深2X元大95購01,0,0,0,0,0,0,0,0,0,10000,0,0,0,10000,0,10000,10000
045842,T50反1台新98購01,0,0,0,0,0,0,0,0,0,10000,0,0,0,10000,0,10000,10000
045733,瑞昱國票93購01  ,0,0,0,0,0,0,0,0,0,10000,0,0,0,10000,0,10000,10000
04633P,旺宏群益96售04  ,0,0,0,0,0,0,0,0,0,10000,0,0,0,40000,30000,10000,10000
046275,台表科凱基94購01,0,0,0,0,0,0,0,0,0,10000,0,0,0,10000,0,10000,10000
046268,嘉晶凱基93購02  ,0,0,0,0,0,0,0,0,0,10000,0,0,0,10000,0,10000,10000
047865,健鼎康和93購01  ,0,0,0,0,0,0,0,0,0,10000,0,0,0,10000,0,10000,10000
046217,康友富邦94購01  ,0,0,0,0,0,0,0,0,0,10000,0,0,0,44000,34000,10000,10000
046061,中石化凱基98購01,0,0,0,0,0,0,0,0,0,10000,0,0,0,10000,0,10000,10000
045957,技嘉凱基93購03  ,0,0,0,0,0,0,0,0,0,10000,0,0,0,10000,0,10000,10000
04653P,臺股指凱基94售12,0,0,0,0,0,0,0,0,0,10000,0,0,0,11000,1000,10000,10000
048033,大立光凱基93購28,0,0,0,0,0,0,0,0,0,10000,0,0,0,40000,30000,10000,10000
049353,茂林永豐94購03  ,0,0,0,0,0,0,0,0,0,10000,0,0,0,10000,0,10000,10000
048027,京元電凱基93購03,0,0,0,0,0,0,0,0,0,10000,0,0,0,20000,10000,10000,10000
048058,大立光國泰95購01,0,0,0,0,0,0,0,0,0,10000,0,0,0,40000,30000,10000,10000
048105,滬深2X群益99購02,0,0,0,0,0,0,0,0,0,10000,0,0,0,10000,0,10000,10000
048144,華固統一93購01  ,0,0,0,0,0,0,0,0,0,10000,0,0,0,10000,0,10000,10000
049397,台達電群益94購03,0,0,0,0,0,0,0,0,0,10000,0,0,0,10000,0,10000,10000
049367,全新元大96購01  ,0,0,0,0,0,0,0,0,0,10000,0,0,0,10000,0,10000,10000
049290,元油2X群益94購02,0,0,0,0,0,0,0,0,0,10000,0,0,0,10000,0,10000,10000
052001,寶成元大95購02  ,0,0,0,0,0,0,0,0,0,10000,0,0,0,10000,0,10000,10000
052077,可成元富98購02  ,0,0,0,0,0,0,0,0,0,10000,0,0,0,10000,0,10000,10000
05207P,高股息中信97售03,0,0,0,0,0,0,0,0,0,10000,0,0,0,10000,0,10000,10000
052249,大成鋼永豐95購01,0,0,0,0,0,0,0,0,0,10000,0,0,0,10000,0,10000,10000
053350,台表科國票97購02,0,0,0,0,0,0,0,0,0,10000,0,0,0,10000,0,10000,10000
053363,旺宏國泰98購02  ,0,0,0,0,0,0,0,0,0,10000,0,0,0,20000,10000,10000,10000
049249,台達電元大94購05,0,0,0,0,0,0,0,0,0,10000,0,0,0,10000,0,10000,10000
048641,美律元大94購01  ,0,0,0,0,0,0,0,0,0,10000,0,0,0,10000,0,10000,10000
048678,統一富邦93購01  ,0,0,0,0,0,0,0,0,0,10000,0,0,0,50000,40000,10000,10000
049078,瑞昱凱基94購02  ,0,0,0,0,0,0,0,0,0,10000,0,0,0,10000,0,10000,10000
049090,茂林凱基94購01  ,0,0,0,0,0,0,0,0,0,10000,0,0,0,10000,0,10000,10000
048719,亞光永豐94購01  ,0,0,0,0,0,0,0,0,0,10000,0,0,0,10000,0,10000,10000
048696,台達電國票96購01,0,0,0,0,0,0,0,0,0,10000,0,0,0,10000,0,10000,10000
048699,嘉晶國票95購01  ,0,0,0,0,0,0,0,0,0,10000,0,0,0,10000,0,10000,10000
049109,嘉澤富邦95購01  ,0,0,0,0,0,0,0,0,0,10000,0,0,0,10000,0,10000,10000
049126,玉晶光元富94購02,0,0,0,0,0,0,0,0,0,10000,0,0,0,10000,0,10000,10000
049214,台達電國票95購01,0,0,0,0,0,0,0,0,0,10000,0,0,0,10000,0,10000,10000
049199,茂林永豐95購01  ,0,0,0,0,0,0,0,0,0,10000,0,0,0,10000,0,10000,10000
04890P,台積電元大95售05,0,0,0,0,0,0,0,0,0,10000,0,0,0,299000,289000,10000,10000
048910,和鑫富邦98購01  ,0,0,0,0,0,0,0,0,0,10000,0,0,0,10000,0,10000,10000
048939,華擎永豐94購01  ,0,0,0,0,0,0,0,0,0,10000,0,0,0,10000,0,10000,10000
049022,聯詠群益94購01  ,0,0,0,0,0,0,0,0,0,10000,0,0,0,10000,0,10000,10000
04898P,瑞儀中信95售01  ,0,0,0,0,0,0,0,0,0,10000,0,0,0,10000,0,10000,10000
049050,崇越康和94購01  ,0,0,0,0,0,0,0,0,0,10000,0,0,0,20000,10000,10000,10000
049043,新唐兆豐94購01  ,0,0,0,0,0,0,0,0,0,10000,0,0,0,10000,0,10000,10000
048769,聯鈞凱基94購01  ,0,0,0,0,0,0,0,0,0,10000,0,0,0,10000,0,10000,10000
048876,牧德國票95購02  ,0,0,0,0,0,0,0,0,0,10000,0,0,0,10000,0,10000,10000
048895,光罩國泰95購01  ,0,0,0,0,0,0,0,0,0,10000,0,0,0,50000,40000,10000,10000
048851,台達電群益94購01,0,0,0,0,0,0,0,0,0,10000,0,0,0,10000,0,10000,10000
050216,奇力新永豐94購04,0,0,0,0,0,0,0,0,0,10000,0,0,0,10000,0,10000,10000
050218,世紀鋼統一94購02,0,0,0,0,0,0,0,0,0,10000,0,0,0,183000,173000,10000,10000
050193,臻鼎元大94購02  ,0,0,0,0,0,0,0,0,0,10000,0,0,0,10000,0,10000,10000
050190,麗豐元大95購02  ,0,0,0,0,0,0,0,0,0,10000,0,0,0,10000,0,10000,10000
050175,台光電元大94購08,0,0,0,0,0,0,0,0,0,10000,0,0,0,10000,0,10000,10000
050166,彩晶國泰95購01  ,0,0,0,0,0,0,0,0,0,10000,0,0,0,10000,0,10000,10000
049595,麗豐元大95購01  ,0,0,0,0,0,0,0,0,0,10000,0,0,0,10000,0,10000,10000
049614,聯茂中信94購01  ,0,0,0,0,0,0,0,0,0,10000,0,0,0,10000,0,10000,10000
048404,大立光群益93購11,0,0,0,0,0,0,0,0,0,10000,0,0,0,10000,0,10000,10000
048371,華固統一93購02  ,0,0,0,0,0,0,0,0,0,10000,0,0,0,10000,0,10000,10000
04783P,貿聯元富94售01  ,0,0,0,0,0,0,0,0,0,10000,0,0,0,10000,0,10000,10000
049642,鴻海凱基94購16  ,0,0,0,0,0,0,0,0,0,10000,0,0,0,10000,0,10000,10000
049716,台積電凱基94購24,0,0,0,0,0,0,0,0,0,10000,0,0,0,10000,0,10000,10000
04860P,鴻海群益94售07  ,0,0,0,0,0,0,0,0,0,10000,0,0,0,30000,20000,10000,10000
049777,華新科統一94購06,0,0,0,0,0,0,0,0,0,10000,0,0,0,10000,0,10000,10000
048759,巨大元富96購01  ,0,0,0,0,0,0,0,0,0,10000,0,0,0,10000,0,10000,10000
048283,亞德客中信94購01,0,0,0,0,0,0,0,0,0,10000,0,0,0,20000,10000,10000,10000
049571,華固統一94購02  ,0,0,0,0,0,0,0,0,0,10000,0,0,0,20000,10000,10000,10000
049420,日電貿凱基94購01,0,0,0,0,0,0,0,0,0,10000,0,0,0,10000,0,10000,10000
049430,國巨國票95購02  ,0,0,0,0,0,0,0,0,0,10000,0,0,0,20000,10000,10000,10000
048189,臺指反元大96購06,0,0,0,0,0,0,0,0,0,10000,0,0,0,10000,0,10000,10000
048227,亞光凱基93購05  ,0,0,0,0,0,0,0,0,0,10000,0,0,0,30000,20000,10000,10000
050011,S&P反1國泰95購01,0,0,0,0,0,0,0,0,0,10000,0,0,0,10000,0,10000,10000
050030,嘉晶元大94購03  ,0,0,0,0,0,0,0,0,0,10000,0,0,0,10000,0,10000,10000
050078,臺指反統一97購01,0,0,0,0,0,0,0,0,0,10000,0,0,0,10000,0,10000,10000
049933,GIS元大95購01   ,0,0,0,0,0,0,0,0,0,10000,0,0,0,10000,0,10000,10000
049909,國巨元大95購01  ,0,0,0,0,0,0,0,0,0,10000,0,0,0,131000,121000,10000,10000
049857,緯穎群益94購03  ,0,0,0,0,0,0,0,0,0,10000,0,0,0,16000,6000,10000,10000
050935,劍麟國票96購01  ,0,0,0,0,0,0,0,0,0,10000,0,0,0,10000,0,10000,10000
051101,台表科元大96購02,0,0,0,0,0,0,0,0,0,10000,0,0,0,60000,50000,10000,10000
051076,緯創國泰96購01  ,0,0,0,0,0,0,0,0,0,10000,0,0,0,30000,20000,10000,10000
051471,國巨凱基97購01  ,0,0,0,0,0,0,0,0,0,10000,0,0,0,73000,63000,10000,10000
051121,裕民群益97購01  ,0,0,0,0,0,0,0,0,0,10000,0,0,0,10000,0,10000,10000
050968,超眾永豐95購01  ,0,0,0,0,0,0,0,0,0,10000,0,0,0,10000,0,10000,10000
050955,達方群益97購01  ,0,0,0,0,0,0,0,0,0,10000,0,0,0,10000,0,10000,10000
051508,元黃金中信97購01,0,0,0,0,0,0,0,0,0,10000,0,0,0,10000,0,10000,10000
051667,光磊元大96購02  ,0,0,0,0,0,0,0,0,0,10000,0,0,0,10000,0,10000,10000
051681,日月光兆豐95購01,0,0,0,0,0,0,0,0,0,10000,0,0,0,10000,0,10000,10000
051644,聯茂康和95購01  ,0,0,0,0,0,0,0,0,0,10000,0,0,0,10000,0,10000,10000
051781,緯穎群益96購01  ,0,0,0,0,0,0,0,0,0,10000,0,0,0,15000,5000,10000,10000
051743,揚明光國票96購02,0,0,0,0,0,0,0,0,0,10000,0,0,0,10000,0,10000,10000
051869,康控凱基96購01  ,0,0,0,0,0,0,0,0,0,10000,0,0,0,10000,0,10000,10000
051865,聯發科凱基96購04,0,0,0,0,0,0,0,0,0,10000,0,0,0,10000,0,10000,10000
053965,聯電元大98購04  ,0,0,0,0,0,0,0,0,0,10000,0,0,0,10000,0,10000,10000
054099,TPK國票98購01   ,0,0,0,0,0,0,0,0,0,10000,0,0,0,10000,0,10000,10000
054106,元油反凱基9C購01,0,0,0,0,0,0,0,0,0,10000,0,0,0,10000,0,10000,10000
054090,瑞昱群益97購01  ,0,0,0,0,0,0,0,0,0,10000,0,0,0,10000,0,10000,10000
054151,瑞昱國泰97購01  ,0,0,0,0,0,0,0,0,0,10000,0,0,0,10000,0,10000,10000
054184,A50正2永豐96購01,0,0,0,0,0,0,0,0,0,10000,0,0,0,10000,0,10000,10000
054161,友訊凱基98購01  ,0,0,0,0,0,0,0,0,0,10000,0,0,0,10000,0,10000,10000
050684,台郡元富94購02  ,0,0,0,0,0,0,0,0,0,10000,0,0,0,10000,0,10000,10000
052202,矽力統一96購01  ,0,0,0,0,0,0,0,0,0,10000,0,0,0,10000,0,10000,10000
050657,宏達電麥證94購01,0,0,0,30000,20000,10000,0,0,0,10000,0,0,0,30000,20000,10000,10000
050725,光磊國票96購01  ,0,0,0,0,0,0,0,0,0,10000,0,0,0,10000,0,10000,10000
052512,全新凱基96購03  ,0,0,0,0,0,0,0,0,0,10000,0,0,0,10000,0,10000,10000
052560,康舒國票97購01  ,0,0,0,0,0,0,0,0,0,10000,0,0,0,10000,0,10000,10000
052585,友達永豐97購01  ,0,0,0,0,0,0,0,0,0,10000,0,0,0,10000,0,10000,10000
05043P,佳世達元富95售01,0,0,0,0,0,0,0,0,0,10000,0,0,0,10000,0,10000,10000
050396,欣興元富94購02  ,0,0,0,0,0,0,0,0,0,10000,0,0,0,10000,0,10000,10000
052323,矽力元大95購04  ,0,0,0,0,0,0,0,0,0,10000,0,0,0,10000,0,10000,10000
052481,利勤群益95購01  ,0,0,0,0,0,0,0,0,0,10000,0,0,0,10000,0,10000,10000
05248P,矽創群益96售01  ,0,0,0,0,0,0,0,0,0,10000,0,0,0,10000,0,10000,10000
052449,創意元大95購04  ,0,0,0,0,0,0,0,0,0,10000,0,0,0,10000,0,10000,10000
052099,臺股指富邦95購02,0,0,0,0,0,0,0,0,0,10000,0,0,0,10000,0,10000,10000
051264,道瓊反富邦97購01,0,0,0,0,0,0,0,0,0,10000,0,0,0,110000,100000,10000,10000
050466,瑞儀中信94購01  ,0,0,0,0,0,0,0,0,0,10000,0,0,0,10000,0,10000,10000
050535,台表科群益94購02,0,0,0,0,0,0,0,0,0,10000,0,0,0,10000,0,10000,10000
051377,鴻海群益95購07  ,0,0,0,0,0,0,0,0,0,10000,0,0,0,10000,0,10000,10000
051352,南亞科元大95購02,0,0,0,0,0,0,0,0,0,10000,0,0,0,10000,0,10000,10000
051355,聯發科元大96購01,0,0,0,0,0,0,0,0,0,10000,0,0,0,10000,0,10000,10000
051328,力山永豐95購01  ,0,0,0,0,0,0,0,0,0,10000,0,0,0,10000,0,10000,10000
050552,禾伸堂凱基94購05,0,0,0,0,0,0,0,0,0,10000,0,0,0,10000,0,10000,10000
05053P,新日興群益95售01,0,0,0,0,0,0,0,0,0,10000,0,0,0,10000,0,10000,10000
053001,力山永豐96購01  ,0,0,0,0,0,0,0,0,0,10000,0,0,0,10000,0,10000,10000
052678,群創富邦96購01  ,0,0,0,0,0,0,0,0,0,10000,0,0,0,10000,0,10000,10000
05323P,瑞昱凱基96售02  ,0,0,0,0,0,0,0,0,0,10000,0,0,0,12000,2000,10000,10000
053277,大立光元大96購04,0,0,0,0,0,0,0,0,0,10000,0,0,0,10000,0,10000,10000
053296,貿聯中信98購01  ,0,0,0,0,0,0,0,0,0,10000,0,0,0,10000,0,10000,10000
052789,台積電麥證96購01,0,0,0,10000,0,10000,0,0,0,10000,0,0,0,10000,0,10000,10000
053299,台泥凱基96購01  ,0,0,0,0,0,0,0,0,0,10000,0,0,0,10000,0,10000,10000
053085,華新科元大97購04,0,0,0,0,0,0,0,0,0,10000,0,0,0,25000,15000,10000,10000
053051,楠梓電國票97購01,0,0,0,0,0,0,0,0,0,10000,0,0,0,10000,0,10000,10000
052698,深中小國票99購01,0,0,0,0,0,0,0,0,0,10000,0,0,0,10000,0,10000,10000
053099,正崴元富96購01  ,0,0,0,0,0,0,0,0,0,10000,0,0,0,10000,0,10000,10000
05055P,台表科群益95售01,0,0,0,0,0,0,0,0,0,10000,0,0,0,10000,0,10000,10000
05023P,和碩凱基95售01  ,0,0,0,0,0,0,0,0,0,10000,0,0,0,40000,30000,10000,10000
051436,訊芯元富95購01  ,0,0,0,0,0,0,0,0,0,10000,0,0,0,10000,0,10000,10000
051434,中磊元富95購02  ,0,0,0,0,0,0,0,0,0,10000,0,0,0,30000,20000,10000,10000
052893,聯電群益98購01  ,0,0,0,0,0,0,0,0,0,10000,0,0,0,10000,0,10000,10000
052952,矽創國票97購02  ,0,0,0,0,0,0,0,0,0,10000,0,0,0,311000,301000,10000,10000
056122,勤誠群益97購02  ,0,0,0,0,0,0,0,0,0,10000,0,0,0,10000,0,10000,10000
056125,旺宏國票98購02  ,0,0,0,0,0,0,0,0,0,10000,0,0,0,58000,48000,10000,10000
056150,台光電凱基98購02,0,0,0,0,0,0,0,0,0,10000,0,0,0,10000,0,10000,10000
053896,麗豐群益97購01  ,0,0,0,0,0,0,0,0,0,10000,0,0,0,10000,0,10000,10000
053872,臻鼎元大96購04  ,0,0,0,0,0,0,0,0,0,10000,0,0,0,11000,1000,10000,10000
053886,亞光兆豐96購01  ,0,0,0,0,0,0,0,0,0,10000,0,0,0,10000,0,10000,10000
05388P,南亞科元大95售04,0,0,0,0,0,0,0,0,0,10000,0,0,0,10000,0,10000,10000
053854,聯茂國泰97購02  ,0,0,0,0,0,0,0,0,0,10000,0,0,0,10000,0,10000,10000
053826,光磊麥證97購01  ,0,0,0,20000,10000,10000,0,0,0,10000,0,0,0,20000,10000,10000,10000
053813,友達群益9A購03  ,0,0,0,0,0,0,0,0,0,10000,0,0,0,10000,0,10000,10000
05379P,可成凱基95售11  ,0,0,0,0,0,0,0,0,0,10000,0,0,0,10000,0,10000,10000
056366,玉晶光元大99購04,0,0,0,0,0,0,0,0,0,10000,0,0,0,10000,0,10000,10000
056385,創意國泰99購01  ,0,0,0,0,0,0,0,0,0,10000,0,0,0,12000,2000,10000,10000
05641P,貿聯元富96售02  ,0,0,0,0,0,0,0,0,0,10000,0,0,0,10000,0,10000,10000
056420,台表科元富98購01,0,0,0,0,0,0,0,0,0,10000,0,0,0,10000,0,10000,10000
056411,緯穎國票99購01  ,0,0,0,0,0,0,0,0,0,10000,0,0,0,10000,0,10000,10000
056414,國巨中信98購02  ,0,0,0,0,0,0,0,0,0,10000,0,0,0,10000,0,10000,10000
056480,京鼎元大98購02  ,0,0,0,0,0,0,0,0,0,10000,0,0,0,10000,0,10000,10000
056302,大立光元大97購17,0,0,0,0,0,0,0,0,0,10000,0,0,0,10000,0,10000,10000
056298,億光元大97購02  ,0,0,0,0,0,0,0,0,0,10000,0,0,0,32000,22000,10000,10000
056213,建準國票98購02  ,0,0,0,0,0,0,0,0,0,10000,0,0,0,10000,0,10000,10000
056196,聯茂富邦98購02  ,0,0,0,0,0,0,0,0,0,10000,0,0,0,10000,0,10000,10000
056200,大毅永豐98購01  ,0,0,0,0,0,0,0,0,0,10000,0,0,0,111000,101000,10000,10000
055690,矽力凱基97購02  ,0,0,0,0,0,0,0,0,0,10000,0,0,0,50000,40000,10000,10000
055665,亞德客群益97購01,0,0,0,0,0,0,0,0,0,10000,0,0,0,24000,14000,10000,10000
05566P,景碩永豐96售01  ,0,0,0,0,0,0,0,0,0,10000,0,0,0,10000,0,10000,10000
055615,宏達電國票99購02,0,0,0,0,0,0,0,0,0,10000,0,0,0,10000,0,10000,10000
055638,上銀元富97購01  ,0,0,0,0,0,0,0,0,0,10000,0,0,0,10000,0,10000,10000
055842,建準元大98購01  ,0,0,0,0,0,0,0,0,0,10000,0,0,0,10000,0,10000,10000
055854,群創元大98購04  ,0,0,0,0,0,0,0,0,0,10000,0,0,0,10000,0,10000,10000
055951,大成鋼元大97購02,0,0,0,0,0,0,0,0,0,10000,0,0,0,76000,66000,10000,10000
053460,緯穎國泰97購01  ,0,0,0,0,0,0,0,0,0,10000,0,0,0,10000,0,10000,10000
053494,南亞科兆豐96購02,0,0,0,0,0,0,0,0,0,10000,0,0,0,10000,0,10000,10000
053489,上銀兆豐97購01  ,0,0,0,0,0,0,0,0,0,10000,0,0,0,10000,0,10000,10000
053662,矽力凱基97購01  ,0,0,0,0,0,0,0,0,0,10000,0,0,0,40000,30000,10000,10000
053705,滬深2X凱基99購01,0,0,0,0,0,0,0,0,0,10000,0,0,0,30000,20000,10000,10000
053628,微星兆豐96購01  ,0,0,0,0,0,0,0,0,0,10000,0,0,0,20000,10000,10000,10000
053602,台虹元大96購01  ,0,0,0,0,0,0,0,0,0,10000,0,0,0,40000,30000,10000,10000
05360P,健策元大95售03  ,0,0,0,0,0,0,0,0,0,10000,0,0,0,10000,0,10000,10000
053571,奇鋐統一96購02  ,0,0,0,0,0,0,0,0,0,10000,0,0,0,10000,0,10000,10000
053575,聯詠元富96購01  ,0,0,0,0,0,0,0,0,0,10000,0,0,0,20000,10000,10000,10000
05356P,臺股指元富95售10,0,0,0,0,0,0,0,0,0,10000,0,0,0,10000,0,10000,10000
056009,奇力新中信98購03,0,0,0,0,0,0,0,0,0,10000,0,0,0,10000,0,10000,10000
055476,台郡凱基97購02  ,0,0,0,0,0,0,0,0,0,10000,0,0,0,10000,0,10000,10000
055454,華邦電元富97購02,0,0,0,0,0,0,0,0,0,10000,0,0,0,10000,0,10000,10000
055496,高鐵元大97購02  ,0,0,0,0,0,0,0,0,0,10000,0,0,0,10000,0,10000,10000
055481,聚陽元大97購01  ,0,0,0,0,0,0,0,0,0,10000,0,0,0,10000,0,10000,10000
056499,鴻海富邦98購02  ,0,0,0,0,0,0,0,0,0,10000,0,0,0,10000,0,10000,10000
056494,緯創國泰99購01  ,0,0,0,0,0,0,0,0,0,10000,0,0,0,20000,10000,10000,10000
056562,奇力新群益98購01,0,0,0,0,0,0,0,0,0,10000,0,0,0,21000,11000,10000,10000
055548,旺宏凱基97購02  ,0,0,0,0,0,0,0,0,0,10000,0,0,0,10000,0,10000,10000
055586,旺宏元大98購06  ,0,0,0,0,0,0,0,0,0,10000,0,0,0,10000,0,10000,10000
055592,奇力新元大97購07,0,0,0,0,0,0,0,0,0,10000,0,0,0,10000,0,10000,10000
055545,國巨凱基97購06  ,0,0,0,0,0,0,0,0,0,10000,0,0,0,10000,0,10000,10000
055140,晶相光永豐97購01,0,0,0,0,0,0,0,0,0,10000,0,0,0,10000,0,10000,10000
055001,京鼎元富97購01  ,0,0,0,0,0,0,0,0,0,10000,0,0,0,10000,0,10000,10000
055011,元翎元富97購01  ,0,0,0,0,0,0,0,0,0,10000,0,0,0,40000,30000,10000,10000
055073,易華電永豐97購01,0,0,0,0,0,0,0,0,0,10000,0,0,0,10000,0,10000,10000
055172,凱美統一97購02  ,0,0,0,0,0,0,0,0,0,10000,0,0,0,20000,10000,10000,10000
05523P,聯發科國票96售04,0,0,0,0,0,0,0,0,0,10000,0,0,0,10000,0,10000,10000
055227,聯發科國票98購02,0,0,0,0,0,0,0,0,0,10000,0,0,0,10000,0,10000,10000
055302,達方元大97購01  ,0,0,0,0,0,0,0,0,0,10000,0,0,0,54000,44000,10000,10000
054750,聯茂凱基98購02  ,0,0,0,0,0,0,0,0,0,10000,0,0,0,24000,14000,10000,10000
054949,奇力新元大98購01,0,0,0,0,0,0,0,0,0,10000,0,0,0,10000,0,10000,10000
054950,奇力新元大98購02,0,0,0,0,0,0,0,0,0,10000,0,0,0,10000,0,10000,10000
054846,瑞昱兆豐97購01  ,0,0,0,0,0,0,0,0,0,10000,0,0,0,10000,0,10000,10000
054886,大毅統一97購01  ,0,0,0,0,0,0,0,0,0,10000,0,0,0,10000,0,10000,10000
054526,道瓊反統一98購01,0,0,0,0,0,0,0,0,0,10000,0,0,0,10000,0,10000,10000
054620,南茂永豐97購01  ,0,0,0,0,0,0,0,0,0,10000,0,0,0,20000,10000,10000,10000
054463,瑞昱凱基97購01  ,0,0,0,0,0,0,0,0,0,10000,0,0,0,25000,15000,10000,10000
054502,泰碩永豐96購01  ,0,0,0,0,0,0,0,0,0,10000,0,0,0,10000,0,10000,10000
05448P,臺股指元大95售25,0,0,0,0,0,0,0,0,0,10000,0,0,0,20000,10000,10000,10000
054440,TPK台新98購01   ,0,0,0,0,0,0,0,0,0,10000,0,0,0,10000,0,10000,10000
054274,智易中信96購02  ,0,0,0,0,0,0,0,0,0,10000,0,0,0,10000,0,10000,10000
05439P,聯發科國票95售06,0,0,0,0,0,0,0,0,0,10000,0,0,0,40000,30000,10000,10000
054391,宏達電元富96購04,0,0,0,0,0,0,0,0,0,10000,0,0,0,10000,0,10000,10000
06768P,臺股指永昌98售02,0,0,0,0,0,0,0,0,0,10000,0,0,0,10000,0,10000,10000
06746P,聯發科群益99售02,0,0,0,0,0,0,0,0,0,10000,0,0,0,10000,0,10000,10000
06662P,玉晶光中信9A售01,0,0,0,0,0,0,0,0,0,10000,0,0,0,10000,0,10000,10000
06659P,T50正2富邦9A售01,0,0,0,0,0,0,0,0,0,10000,0,0,0,10000,0,10000,10000
06585P,鴻海元大99售04  ,0,0,0,0,0,0,0,0,0,10000,0,0,0,10000,0,10000,10000
06598P,奇力新永豐98售02,0,0,0,0,0,0,0,0,0,10000,0,0,0,29000,19000,10000,10000
06839P,玉晶光統一9A售05,0,0,0,0,0,0,0,0,0,10000,0,0,0,10000,0,10000,10000
06772P,國巨中信99售01  ,0,0,0,0,0,0,0,0,0,10000,0,0,0,20000,10000,10000,10000
06910P,元油2X元大98售23,0,0,0,0,0,0,0,0,0,10000,0,0,0,10000,0,10000,10000
06904P,TPK凱基98售03   ,0,0,0,0,0,0,0,0,0,10000,0,0,0,10000,0,10000,10000
06945P,國巨群益99售04  ,0,0,0,0,0,0,0,0,0,10000,0,0,0,10000,0,10000,10000
3047,訊舟            ,28000,14000,14000,0,0,0,0,0,0,-4000,0,4000,-4000,0,0,0,10000
06169P,華新科元富97售02,0,0,0,0,0,0,0,0,0,9000,0,0,0,51000,42000,9000,9000
06023P,超眾國票96售03  ,0,0,0,0,0,0,0,0,0,9000,0,0,0,19000,10000,9000,9000
05873P,華通群益97售02  ,0,0,0,0,0,0,0,0,0,9000,0,0,0,9000,0,9000,9000
06300P,緯穎元大97售04  ,0,0,0,0,0,0,0,0,0,9000,0,0,0,205000,196000,9000,9000
06436P,台光電國票98售04,0,0,0,0,0,0,0,0,0,9000,0,0,0,9000,0,9000,9000
06468P,華新科統一98售02,0,0,0,0,0,0,0,0,0,9000,0,0,0,99000,90000,9000,9000
057900,南亞科永豐98購01,0,0,0,0,0,0,0,0,0,9000,0,0,0,10000,1000,9000,9000
057046,奇力新元大99購03,0,0,0,0,0,0,0,0,0,9000,0,0,0,49000,40000,9000,9000
057047,華新科元大99購07,0,0,0,0,0,0,0,0,0,9000,0,0,0,20000,11000,9000,9000
056959,鴻海永豐98購03  ,0,0,0,0,0,0,0,0,0,9000,0,0,0,20000,11000,9000,9000
05660P,玉晶光第一96售01,200000,0,200000,0,0,0,0,0,0,-191000,0,0,0,10000,201000,-191000,9000
05679P,台表科群益96售05,0,0,0,0,0,0,0,0,0,9000,0,0,0,9000,0,9000,9000
057500,神達群益98購01  ,0,0,0,0,0,0,0,0,0,9000,0,0,0,17000,8000,9000,9000
057676,臺股指元大98購06,0,0,0,0,0,0,0,0,0,9000,0,0,0,10000,1000,9000,9000
049718,南亞科凱基94購04,0,0,0,0,0,0,0,0,0,9000,0,0,0,26000,17000,9000,9000
048568,緯穎元大93購06  ,0,0,0,0,0,0,0,0,0,9000,0,0,0,9000,0,9000,9000
049607,台積電兆豐94購04,0,0,0,0,0,0,0,0,0,9000,0,0,0,12000,3000,9000,9000
049200,元黃金群益98購01,0,0,0,0,0,0,0,0,0,9000,0,0,0,68000,59000,9000,9000
048642,聯發科元大94購02,0,0,0,0,0,0,0,0,0,9000,0,0,0,35000,26000,9000,9000
049297,日電貿群益95購01,0,0,0,0,0,0,0,0,0,9000,0,0,0,9000,0,9000,9000
04597P,為升凱基94售02  ,0,0,0,0,0,0,0,0,0,9000,0,0,0,9000,0,9000,9000
046771,聯發科國泰94購02,0,0,0,0,0,0,0,0,0,9000,0,0,0,9000,0,9000,9000
052784,緯穎國票97購02  ,0,0,0,0,0,0,0,0,0,9000,0,0,0,26000,17000,9000,9000
052878,台虹凱基96購01  ,0,0,0,0,0,0,0,0,0,9000,0,0,0,10000,1000,9000,9000
052485,深中小國票96購01,0,0,0,0,0,0,0,0,0,9000,0,0,0,9000,0,9000,9000
051603,深中小群益99購03,0,0,0,0,0,0,0,0,0,9000,0,0,0,10000,1000,9000,9000
053407,台積電兆豐96購02,0,0,0,0,0,0,0,0,0,9000,0,0,0,9000,0,9000,9000
054146,康友元大96購06  ,0,0,0,0,0,0,0,0,0,9000,0,0,0,251000,242000,9000,9000
054127,台積電元大96購21,0,0,0,0,0,0,0,0,0,9000,0,0,0,112000,103000,9000,9000
051980,樺漢凱基96購01  ,0,0,0,0,0,0,0,0,0,9000,0,0,0,20000,11000,9000,9000
051007,台光電麥證95購01,0,0,0,30000,21000,9000,0,0,0,9000,0,0,0,30000,21000,9000,9000
051484,玉晶光凱基97購01,0,0,0,0,0,0,0,0,0,9000,0,0,0,68000,59000,9000,9000
054426,國泰金富邦97購02,0,0,0,0,0,0,0,0,0,9000,0,0,0,11000,2000,9000,9000
05517P,臻鼎元大96售01  ,0,0,0,0,0,0,0,0,0,9000,0,0,0,9000,0,9000,9000
055029,帆宣國泰99購01  ,0,0,0,0,0,0,0,0,0,9000,0,0,0,62000,53000,9000,9000
055447,華新科統一97購04,0,0,0,0,0,0,0,0,0,9000,0,0,0,10000,1000,9000,9000
053534,微星永豐96購02  ,0,0,0,0,0,0,0,0,0,9000,0,0,0,10000,1000,9000,9000
055831,台達電元大97購01,0,0,0,0,0,0,0,0,0,9000,0,0,0,39000,30000,9000,9000
055765,臺股指群益97購03,0,0,0,0,0,0,0,0,0,9000,0,0,0,9000,0,9000,9000
055609,旺宏國票99購01  ,0,0,0,0,0,0,0,0,0,9000,0,0,0,10000,1000,9000,9000
055697,牧德國票98購01  ,0,0,0,0,0,0,0,0,0,9000,0,0,0,22000,13000,9000,9000
05570P,聯發科統一96售04,0,0,0,0,0,0,0,0,0,9000,0,0,0,9000,0,9000,9000
056240,嘉晶群益97購02  ,0,0,0,0,0,0,0,0,0,9000,0,0,0,19000,10000,9000,9000
053784,奇力新元大97購02,0,0,0,0,0,0,0,0,0,9000,0,0,0,9000,0,9000,9000
056110,嘉聯益永豐97購02,0,0,0,0,0,0,0,0,0,9000,0,0,0,19000,10000,9000,9000
2482,連宇            ,20000,21000,-1000,0,0,0,0,0,0,10000,12000,2000,10000,0,0,0,9000
4560,強信-KY         ,46000,37000,9000,0,0,0,0,0,0,0,0,0,0,0,0,0,9000
4555,氣立            ,10000,1000,9000,0,0,0,0,0,0,0,0,0,0,0,0,0,9000
4989,榮科            ,14000,7000,7000,0,0,0,0,0,0,2000,2000,0,2000,0,0,0,9000
06847P,奇力新元大98售05,0,0,0,0,0,0,0,0,0,9000,0,0,0,14000,5000,9000,9000
06988P,鴻海元富99售09  ,0,0,0,0,0,0,0,0,0,9000,0,0,0,19000,10000,9000,9000
057634,道瓊反元大99購01,0,0,0,0,0,0,0,0,0,8000,0,0,0,195000,187000,8000,8000
057589,超眾國票9A購01  ,0,0,0,0,0,0,0,0,0,8000,0,0,0,10000,2000,8000,8000
057567,嘉聯益富邦9A購01,0,0,0,0,0,0,0,0,0,8000,0,0,0,18000,10000,8000,8000
057834,聯發科元富02購07,0,0,0,0,0,0,0,0,0,8000,0,0,0,8000,0,8000,8000
056639,國產康和98購01  ,0,0,0,0,0,0,0,0,0,8000,0,0,0,10000,2000,8000,8000
056691,元油2X群益9B購01,0,0,0,0,0,0,0,0,0,8000,0,0,0,8000,0,8000,8000
056747,致新凱基99購01  ,0,0,0,0,0,0,0,0,0,8000,0,0,0,357000,349000,8000,8000
056720,世紀鋼永豐98購01,0,0,0,0,0,0,0,0,0,8000,0,0,0,178000,170000,8000,8000
056726,友達日盛9A購01  ,0,0,0,0,0,0,0,0,0,8000,0,0,0,10000,2000,8000,8000
057151,易華電國票99購01,0,0,0,0,0,0,0,0,0,8000,0,0,0,16000,8000,8000,8000
057945,京鼎國票99購03  ,0,0,0,0,0,0,0,0,0,8000,0,0,0,26000,18000,8000,8000
058208,百和凱基99購01  ,0,0,0,0,0,0,0,0,0,8000,0,0,0,14000,6000,8000,8000
058212,華新科群益9A購01,0,0,0,0,0,0,0,0,0,8000,0,0,0,17000,9000,8000,8000
06424P,大成鋼永豐97售01,0,0,0,0,0,0,0,0,0,8000,0,0,0,49000,41000,8000,8000
06360P,台積電群益97售05,0,0,0,0,0,0,0,0,0,8000,0,0,0,8000,0,8000,8000
06246P,茂林元富97售03  ,0,0,0,0,0,0,0,0,0,8000,0,0,0,138000,130000,8000,8000
05949P,台積電國票96售09,0,0,0,0,0,0,0,0,0,8000,0,0,0,30000,22000,8000,8000
06024P,台郡國票97售05  ,0,0,0,0,0,0,0,0,0,8000,0,0,0,48000,40000,8000,8000
06158P,玉晶光元富97售08,0,0,0,0,0,0,0,0,0,8000,0,0,0,30000,22000,8000,8000
06147P,國巨元大97售05  ,0,0,0,0,0,0,0,0,0,8000,0,0,0,8000,0,8000,8000
049327,台郡元富94購01  ,0,0,0,0,0,0,0,0,0,8000,0,0,0,28000,20000,8000,8000
044129,群創凱基93購02  ,0,0,0,0,0,0,0,0,0,8000,0,0,0,10000,2000,8000,8000
045087,玉晶光元大95購01,0,0,0,0,0,0,0,0,0,8000,0,0,0,24000,16000,8000,8000
049102,智伸科國泰96購01,0,0,0,0,0,0,0,0,0,8000,0,0,0,9000,1000,8000,8000
049019,美律群益94購02  ,0,0,0,0,0,0,0,0,0,8000,0,0,0,8000,0,8000,8000
04896P,上証2X中信95售01,0,0,0,0,0,0,0,0,0,8000,0,0,0,13000,5000,8000,8000
052078,大立光元富95購10,0,0,0,0,0,0,0,0,0,8000,0,0,0,11000,3000,8000,8000
04995P,台達電凱基96售03,0,0,0,0,0,0,0,0,0,8000,0,0,0,8000,0,8000,8000
049955,崇越群益95購01  ,0,0,0,0,0,0,0,0,0,8000,0,0,0,8000,0,8000,8000
051483,玉晶光凱基96購02,0,0,0,0,0,0,0,0,0,8000,0,0,0,88000,80000,8000,8000
051008,大立光麥證95購01,0,0,0,11000,3000,8000,0,0,0,8000,0,0,0,12000,4000,8000,8000
051886,道瓊反統一95購03,0,0,0,0,0,0,0,0,0,8000,0,0,0,8000,0,8000,8000
051753,華通元大96購03  ,0,0,0,0,0,0,0,0,0,8000,0,0,0,8000,0,8000,8000
051539,瀚宇博國票97購01,0,0,0,0,0,0,0,0,0,8000,0,0,0,38000,30000,8000,8000
05435P,鴻海群益95售12  ,0,0,0,0,0,0,0,0,0,8000,0,0,0,38000,30000,8000,8000
051582,聯發科元大97購02,0,0,0,0,0,0,0,0,0,8000,0,0,0,108000,100000,8000,8000
051368,國泰金富邦97購01,0,0,0,0,0,0,0,0,0,8000,0,0,0,8000,0,8000,8000
050500,台積電凱基94購36,0,0,0,0,0,0,0,0,0,8000,0,0,0,27000,19000,8000,8000
052133,華邦電凱基9B購01,0,0,0,0,0,0,0,0,0,8000,0,0,0,15000,7000,8000,8000
051239,國巨元大96購02  ,0,0,0,0,0,0,0,0,0,8000,0,0,0,11000,3000,8000,8000
051286,國巨統一97購01  ,0,0,0,0,0,0,0,0,0,8000,0,0,0,9000,1000,8000,8000
053746,彰銀康和96購01  ,0,0,0,0,0,0,0,0,0,8000,0,0,0,121000,113000,8000,8000
054998,玉晶光元富97購02,0,0,0,0,0,0,0,0,0,8000,0,0,0,34000,26000,8000,8000
054681,味全永豐97購01  ,0,0,0,0,0,0,0,0,0,8000,0,0,0,8000,0,8000,8000
054533,泰碩國泰98購01  ,0,0,0,0,0,0,0,0,0,8000,0,0,0,90000,82000,8000,8000
06977P,臺股指元大9A售15,0,0,0,0,0,0,0,0,0,8000,0,0,0,10000,2000,8000,8000
06711P,臺股指台新99售08,0,0,0,0,0,0,0,0,0,8000,0,0,0,10000,2000,8000,8000
6666,羅麗芬-KY       ,10000,2000,8000,0,0,0,0,0,0,0,0,0,0,0,0,0,8000
4133,亞諾法          ,210000,202000,8000,0,0,0,0,0,0,0,0,0,0,0,0,0,8000
3356,奇偶            ,28000,19000,9000,0,0,0,0,0,0,-1000,0,1000,-1000,0,0,0,8000
8367,建新國際        ,14000,5000,9000,0,0,0,0,0,0,-1000,1000,2000,-1000,0,0,0,8000
06163P,聯詠群益97售01  ,0,0,0,0,0,0,0,0,0,7000,0,0,0,11000,4000,7000,7000
06448P,華通元大99售01  ,0,0,0,0,0,0,0,0,0,7000,0,0,0,7000,0,7000,7000
057098,新光金台新98購01,0,0,0,0,0,0,0,0,0,7000,0,0,0,7000,0,7000,7000
056966,嘉晶永豐98購01  ,0,0,0,0,0,0,0,0,0,7000,0,0,0,7000,0,7000,7000
057060,緯穎元大98購05  ,0,0,0,0,0,0,0,0,0,7000,0,0,0,21000,14000,7000,7000
05672P,鴻海群益96售03  ,0,0,0,0,0,0,0,0,0,7000,0,0,0,38000,31000,7000,7000
056752,國巨兆豐98購02  ,0,0,0,0,0,0,0,0,0,7000,0,0,0,47000,40000,7000,7000
056745,聯茂凱基99購03  ,0,0,0,0,0,0,0,0,0,7000,0,0,0,40000,33000,7000,7000
056699,光罩國泰99購01  ,0,0,0,0,0,0,0,0,0,7000,0,0,0,17000,10000,7000,7000
057738,旺宏富邦9A購01  ,0,0,0,0,0,0,0,0,0,7000,0,0,0,8000,1000,7000,7000
057624,新日興國泰99購01,0,0,0,0,0,0,0,0,0,7000,0,0,0,7000,0,7000,7000
057498,台郡元大98購04  ,0,0,0,0,0,0,0,0,0,7000,0,0,0,7000,0,7000,7000
05739P,臺股指統一97售02,0,0,0,0,0,0,0,0,0,7000,0,0,0,67000,60000,7000,7000
048199,大立光元大94購03,0,0,0,0,0,0,0,0,0,7000,0,0,0,7000,0,7000,7000
048373,A50正2元富95購01,0,0,0,0,0,0,0,0,0,7000,0,0,0,7000,0,7000,7000
048476,同欣電永豐93購01,0,0,0,0,0,0,0,0,0,7000,0,0,0,37000,30000,7000,7000
051206,大立光麥證95購02,0,0,0,10000,3000,7000,0,0,0,7000,0,0,0,10000,3000,7000,7000
048701,健策國票95購01  ,0,0,0,0,0,0,0,0,0,7000,0,0,0,7000,0,7000,7000
04526P,美律凱基94售03  ,0,0,0,0,0,0,0,0,0,7000,0,0,0,10000,3000,7000,7000
04479P,同欣電中信96售02,0,0,0,0,0,0,0,0,0,7000,0,0,0,7000,0,7000,7000
047670,矽力永豐93購01  ,0,0,0,0,0,0,0,0,0,7000,0,0,0,10000,3000,7000,7000
047860,臺股指國票93購15,0,0,0,0,0,0,0,0,0,7000,0,0,0,18000,11000,7000,7000
04626P,聯發科元大94售07,0,0,0,0,0,0,0,0,0,7000,0,0,0,31000,24000,7000,7000
047213,新日興富邦97購01,0,0,0,0,0,0,0,0,0,7000,0,0,0,22000,15000,7000,7000
052142,滬深2X群益99購04,0,0,0,0,0,0,0,0,0,7000,0,0,0,377000,370000,7000,7000
052399,台光電凱基95購03,0,0,0,0,0,0,0,0,0,7000,0,0,0,7000,0,7000,7000
053188,旺宏統一97購03  ,0,0,0,0,0,0,0,0,0,7000,0,0,0,136000,129000,7000,7000
053037,國巨凱基96購08  ,0,0,0,0,0,0,0,0,0,7000,0,0,0,92000,85000,7000,7000
054148,矽創元大96購03  ,0,0,0,0,0,0,0,0,0,7000,0,0,0,202000,195000,7000,7000
054154,智易國泰97購01  ,0,0,0,0,0,0,0,0,0,7000,0,0,0,115000,108000,7000,7000
051944,智邦統一95購02  ,0,0,0,0,0,0,0,0,0,7000,0,0,0,48000,41000,7000,7000
050764,鴻海元大94購27  ,0,0,0,0,0,0,0,0,0,7000,0,0,0,7000,0,7000,7000
054513,元金2X元大96購01,0,0,0,0,0,0,0,0,0,7000,0,0,0,7000,0,7000,7000
054661,嘉聯益元大97購03,0,0,0,0,0,0,0,0,0,7000,0,0,0,10000,3000,7000,7000
054863,億光群益97購01  ,0,0,0,0,0,0,0,0,0,7000,0,0,0,45000,38000,7000,7000
055506,台郡元大99購02  ,0,0,0,0,0,0,0,0,0,7000,0,0,0,17000,10000,7000,7000
05552P,聯詠群益96售01  ,0,0,0,0,0,0,0,0,0,7000,0,0,0,7000,0,7000,7000
053865,欣興元大97購02  ,0,0,0,0,0,0,0,0,0,7000,0,0,0,111000,104000,7000,7000
056225,聯發科凱基97購09,0,0,0,0,0,0,0,0,0,7000,0,0,0,7000,0,7000,7000
056238,聯發科群益98購02,0,0,0,0,0,0,0,0,0,7000,0,0,0,223000,216000,7000,7000
05632P,大立光群益96售02,0,0,0,0,0,0,0,0,0,7000,0,0,0,9000,2000,7000,7000
056383,上銀國泰99購01  ,0,0,0,0,0,0,0,0,0,7000,0,0,0,10000,3000,7000,7000
055647,義隆元富97購01  ,0,0,0,0,0,0,0,0,0,7000,0,0,0,64000,57000,7000,7000
053612,T50反1群益96購01,0,0,0,0,0,0,0,0,0,7000,0,0,0,7000,0,7000,7000
05359P,嘉澤元大95售02  ,0,0,0,0,0,0,0,0,0,7000,0,0,0,27000,20000,7000,7000
06602P,國巨統一99售02  ,0,0,0,0,0,0,0,0,0,7000,0,0,0,20000,13000,7000,7000
06907P,華新科國泰99售05,0,0,0,0,0,0,0,0,0,7000,0,0,0,110000,103000,7000,7000
1410,南染            ,7000,0,7000,0,0,0,0,0,0,0,0,0,0,0,0,0,7000
2002A,中鋼特          ,0,0,0,0,0,0,0,0,0,7000,8000,1000,7000,0,0,0,7000
057433,上銀國票98購04  ,0,0,0,0,0,0,0,0,0,6000,0,0,0,10000,4000,6000,6000
057545,國巨凱基99購05  ,0,0,0,0,0,0,0,0,0,6000,0,0,0,10000,4000,6000,6000
057262,友達兆豐98購03  ,0,0,0,0,0,0,0,0,0,6000,0,0,0,511000,505000,6000,6000
057630,茂林永豐98購01  ,0,0,0,0,0,0,0,0,0,6000,0,0,0,6000,0,6000,6000
057766,矽力凱基98購03  ,0,0,0,0,0,0,0,0,0,6000,0,0,0,7000,1000,6000,6000
057763,康控凱基99購02  ,0,0,0,0,0,0,0,0,0,6000,0,0,0,6000,0,6000,6000
057832,聯發科元富02購05,0,0,0,0,0,0,0,0,0,6000,0,0,0,6000,0,6000,6000
056763,國巨元大99購02  ,0,0,0,0,0,0,0,0,0,6000,0,0,0,6000,0,6000,6000
05687P,臺股指元大96售12,0,0,0,0,0,0,0,0,0,6000,0,0,0,6000,0,6000,6000
057111,立積群益98購02  ,0,0,0,0,0,0,0,0,0,6000,0,0,0,766000,760000,6000,6000
057148,玉晶光國票99購04,0,0,0,0,0,0,0,0,0,6000,0,0,0,6000,0,6000,6000
06477P,緯穎國票99售02  ,0,0,0,0,0,0,0,0,0,6000,0,0,0,9000,3000,6000,6000
06383P,聯茂元富97售01  ,0,0,0,0,0,0,0,0,0,6000,0,0,0,20000,14000,6000,6000
06049P,創意亞東97售01  ,0,0,0,0,0,0,0,0,0,6000,0,0,0,6000,0,6000,6000
05935P,台積電凱基96售19,0,0,0,0,0,0,0,0,0,6000,0,0,0,16000,10000,6000,6000
05942P,奇力新凱基96售04,0,0,0,0,0,0,0,0,0,6000,0,0,0,10000,4000,6000,6000
05998P,台積電元大97售12,0,0,0,0,0,0,0,0,0,6000,0,0,0,6000,0,6000,6000
058306,聯發科元大99購07,0,0,0,0,0,0,0,0,0,6000,0,0,0,225000,219000,6000,6000
05840P,臺股指富邦96售07,0,0,0,0,0,0,0,0,0,6000,0,0,0,6000,0,6000,6000
057959,欣興元大98購14  ,0,0,0,0,0,0,0,0,0,6000,0,0,0,30000,24000,6000,6000
05797P,臺股指群益96售11,0,0,0,0,0,0,0,0,0,6000,0,0,0,6000,0,6000,6000
05802P,臺股指兆豐96售02,0,0,0,0,0,0,0,0,0,6000,0,0,0,6000,0,6000,6000
045669,華通元大93購02  ,0,0,0,0,0,0,0,0,0,6000,0,0,0,6000,0,6000,6000
04584P,楠梓電永豐94售01,0,0,0,0,0,0,0,0,0,6000,0,0,0,6000,0,6000,6000
045572,元油2X元大98購01,0,0,0,0,0,0,0,0,0,6000,0,0,0,499000,493000,6000,6000
049384,致伸元大94購02  ,0,0,0,0,0,0,0,0,0,6000,0,0,0,6000,0,6000,6000
042556,台灣50中信96購04,0,0,0,0,0,0,0,0,0,6000,0,0,0,15000,9000,6000,6000
03152P,聯發科群益01售15,0,0,0,0,0,0,0,0,0,6000,0,0,0,6000,0,6000,6000
048733,台勝科麥證95購02,0,0,0,14000,8000,6000,0,0,0,6000,0,0,0,14000,8000,6000,6000
048960,矽格康和94購01  ,0,0,0,0,0,0,0,0,0,6000,0,0,0,6000,0,6000,6000
048824,聯發科凱基94購03,0,0,0,0,0,0,0,0,0,6000,0,0,0,6000,0,6000,6000
053342,全新國票99購01  ,0,0,0,0,0,0,0,0,0,6000,0,0,0,56000,50000,6000,6000
049725,台郡國票94購03  ,0,0,0,0,0,0,0,0,0,6000,0,0,0,6000,0,6000,6000
049488,智邦元大95購01  ,0,0,0,0,0,0,0,0,0,6000,0,0,0,6000,0,6000,6000
049567,鴻海統一94購05  ,0,0,0,0,0,0,0,0,0,6000,0,0,0,6000,0,6000,6000
049935,南電元大94購08  ,0,0,0,0,0,0,0,0,0,6000,0,0,0,30000,24000,6000,6000
050024,旺宏元大94購09  ,0,0,0,0,0,0,0,0,0,6000,0,0,0,6000,0,6000,6000
054172,易華電凱基98購01,0,0,0,0,0,0,0,0,0,6000,0,0,0,6000,0,6000,6000
054185,喬山永豐96購02  ,0,450000,-450000,0,0,0,0,0,0,456000,0,0,0,466000,10000,456000,6000
051614,元金2X凱基97購01,0,0,0,0,0,0,0,0,0,6000,0,0,0,239000,233000,6000,6000
050653,聯鈞凱基96購01  ,0,0,0,0,0,0,0,0,0,6000,0,0,0,9000,3000,6000,6000
050648,全新凱基96購01  ,0,0,0,0,0,0,0,0,0,6000,0,0,0,6000,0,6000,6000
055382,台郡元大99購01  ,0,0,0,0,0,0,0,0,0,6000,0,0,0,6000,0,6000,6000
053153,大立光元大99購02,0,0,0,0,0,0,0,0,0,6000,0,0,0,30000,24000,6000,6000
052859,國巨凱基96購07  ,0,0,0,0,0,0,0,0,0,6000,0,0,0,68000,62000,6000,6000
050598,友達麥證94購01  ,0,0,0,6000,0,6000,0,0,0,6000,0,0,0,6000,0,6000,6000
050575,南亞科國票94購01,0,0,0,0,0,0,0,0,0,6000,0,0,0,6000,0,6000,6000
052601,大成鋼元大96購01,0,0,0,0,0,0,0,0,0,6000,0,0,0,138000,132000,6000,6000
052432,康友永豐95購04  ,0,0,0,0,0,0,0,0,0,6000,0,0,0,230000,224000,6000,6000
050433,華新科凱基94購11,0,0,0,0,0,0,0,0,0,6000,0,0,0,74000,68000,6000,6000
050415,力成永豐94購01  ,0,0,0,0,0,0,0,0,0,6000,0,0,0,16000,10000,6000,6000
052546,友達中信98購01  ,0,0,0,0,0,0,0,0,0,6000,0,0,0,6000,0,6000,6000
053635,技嘉永豐96購01  ,0,0,0,0,0,0,0,0,0,6000,0,0,0,112000,106000,6000,6000
055922,台郡凱基98購03  ,0,0,0,0,0,0,0,0,0,6000,0,0,0,6000,0,6000,6000
055688,力成凱基98購02  ,0,0,0,0,0,0,0,0,0,6000,0,0,0,6000,0,6000,6000
055829,上銀元大97購06  ,0,0,0,0,0,0,0,0,0,6000,0,0,0,11000,5000,6000,6000
056405,聯茂群益98購01  ,0,0,0,0,0,0,0,0,0,6000,0,0,0,68000,62000,6000,6000
056297,台光電元大97購04,0,0,0,0,0,0,0,0,0,6000,0,0,0,136000,130000,6000,6000
053895,智易群益96購02  ,0,0,0,0,0,0,0,0,0,6000,0,0,0,6000,0,6000,6000
056120,聯茂群益97購02  ,0,0,0,0,0,0,0,0,0,6000,0,0,0,26000,20000,6000,6000
05481P,鴻海凱基95售21  ,0,0,0,0,0,0,0,0,0,6000,0,0,0,16000,10000,6000,6000
05471P,聯電統一95售01  ,0,0,0,0,0,0,0,0,0,6000,0,0,0,6000,0,6000,6000
054724,鴻海日盛97購02  ,0,0,0,0,0,0,0,0,0,6000,0,0,0,6000,0,6000,6000
055283,聯發科元大97購16,0,0,0,0,0,0,0,0,0,6000,0,0,0,187000,181000,6000,6000
054783,國巨群益98購04  ,0,0,0,0,0,0,0,0,0,6000,0,0,0,65000,59000,6000,6000
054570,易華電群益98購01,0,0,0,0,0,0,0,0,0,6000,0,0,0,6000,0,6000,6000
054266,緯穎元大96購07  ,0,0,0,0,0,0,0,0,0,6000,0,0,0,95000,89000,6000,6000
06876P,台灣50兆豐9B售01,0,0,0,0,0,0,0,0,0,6000,999000,0,999000,6000,999000,-993000,6000
06793P,臺股指凱基98售03,0,0,0,0,0,0,0,0,0,6000,0,0,0,16000,10000,6000,6000
06785P,臺股指元大98售02,0,0,0,0,0,0,0,0,0,6000,0,0,0,6000,0,6000,6000
06691P,臺股指群益9C售05,0,0,0,0,0,0,0,0,0,6000,0,0,0,17000,11000,6000,6000
06692P,瑞昱凱基98售03  ,0,0,0,0,0,0,0,0,0,6000,0,0,0,6000,0,6000,6000
3346,麗清            ,17000,11000,6000,0,0,0,0,0,0,0,0,0,0,0,0,0,6000
2495,普安            ,26000,7000,19000,0,0,0,0,0,0,-13000,0,13000,-13000,0,0,0,6000
1712,興農            ,84000,125150,-41150,0,0,0,0,0,0,47000,50000,3000,47000,0,0,0,5850
058058,大立光元富9B購02,0,0,0,0,0,0,0,0,0,5000,0,0,0,11000,6000,5000,5000
058142,瑞儀元大99購01  ,0,0,0,0,0,0,0,0,0,5000,0,0,0,15000,10000,5000,5000
058160,奇鋐元富99購01  ,0,0,0,0,0,0,0,0,0,5000,0,0,0,305000,300000,5000,5000
057950,T50正2元大9B購04,0,0,0,0,0,0,0,0,0,5000,0,0,0,5000,0,5000,5000
058219,台灣50國票9A購02,0,0,0,0,0,0,0,0,0,5000,0,0,0,30000,25000,5000,5000
06054P,臺股指中信9A售01,0,0,0,0,0,0,0,0,0,5000,0,0,0,6000,1000,5000,5000
06379P,群創統一97售05  ,0,0,0,0,0,0,0,0,0,5000,0,0,0,5000,0,5000,5000
06256P,臺股指群益97售09,0,0,0,0,0,0,0,0,0,5000,0,0,0,5000,0,5000,5000
06236P,台積電元大97售25,0,0,0,0,0,0,0,0,0,5000,0,0,0,5000,0,5000,5000
06290P,臺股指國票97售04,0,0,0,0,0,0,0,0,0,5000,0,0,0,5000,0,5000,5000
06274P,臺股指凱基97售06,0,0,0,0,0,0,0,0,0,5000,0,0,0,5000,0,5000,5000
06260P,臺股指群益97售13,0,0,0,0,0,0,0,0,0,5000,0,0,0,5000,0,5000,5000
06192P,高股息中信98售01,0,0,0,0,0,0,0,0,0,5000,0,0,0,10000,5000,5000,5000
06474P,鴻海富邦98售03  ,0,0,0,0,0,0,0,0,0,5000,0,0,0,16000,11000,5000,5000
06513P,鴻海凱基98售10  ,0,0,0,0,0,0,0,0,0,5000,0,0,0,225000,220000,5000,5000
06536P,臺股指群益98售04,0,0,0,0,0,0,0,0,0,5000,0,0,0,5000,0,5000,5000
06544P,鴻海元大98售09  ,0,0,0,0,0,0,0,0,0,5000,0,0,0,230000,225000,5000,5000
057162,上銀元大98購03  ,0,0,0,0,0,0,0,0,0,5000,0,0,0,52000,47000,5000,5000
057810,技嘉元大98購06  ,0,0,0,0,0,0,0,0,0,5000,0,0,0,160000,155000,5000,5000
05756P,臺股指中信99售05,0,0,0,0,0,0,0,0,0,5000,0,0,0,5000,0,5000,5000
057607,旺宏台新98購02  ,0,0,0,0,0,0,0,0,0,5000,0,0,0,5000,0,5000,5000
057308,同欣電兆豐99購01,0,0,0,0,0,0,0,0,0,5000,0,0,0,75000,70000,5000,5000
05727P,新光金日盛96售02,0,0,0,0,0,0,0,0,0,5000,0,0,0,21000,16000,5000,5000
057303,喬山兆豐99購01  ,0,0,0,0,0,0,0,0,0,5000,0,0,0,108000,103000,5000,5000
057381,微星國泰9A購01  ,0,0,0,0,0,0,0,0,0,5000,0,0,0,65000,60000,5000,5000
057436,義隆國票99購02  ,0,0,0,0,0,0,0,0,0,5000,0,0,0,83000,78000,5000,5000
049585,旺宏元大95購02  ,0,0,0,0,0,0,0,0,0,5000,0,0,0,15000,10000,5000,5000
049516,光罩國票94購02  ,0,0,0,0,0,0,0,0,0,5000,0,0,0,5000,0,5000,5000
04875P,台積電中信94售04,0,0,0,0,0,0,0,0,0,5000,0,0,0,20000,15000,5000,5000
04874P,高股息中信97售01,0,0,0,0,0,0,0,0,0,5000,0,0,0,5000,0,5000,5000
049763,美食國泰96購01  ,0,0,0,0,0,0,0,0,0,5000,0,0,0,5000,0,5000,5000
050137,臺指反國票96購01,0,0,0,0,0,0,0,0,0,5000,0,0,0,5000,0,5000,5000
04925P,和碩元大94售03  ,0,0,0,0,0,0,0,0,0,5000,0,0,0,70000,65000,5000,5000
050329,超眾永豐94購03  ,0,0,0,0,0,0,0,0,0,5000,0,0,0,5000,0,5000,5000
051167,京鼎元大95購01  ,0,0,0,0,0,0,0,0,0,5000,0,0,0,5000,0,5000,5000
05113P,臺股指元富95售01,0,0,0,0,0,0,0,0,0,5000,0,0,0,5000,0,5000,5000
05114P,臺股指元富95售02,0,0,0,0,0,0,0,0,0,5000,0,0,0,5000,0,5000,5000
052206,燿華中信95購02  ,0,0,0,0,0,0,0,0,0,5000,0,0,0,105000,100000,5000,5000
048872,玉晶光國票94購02,0,0,0,0,0,0,0,0,0,5000,0,0,0,55000,50000,5000,5000
04893P,創意元大94售03  ,0,0,0,0,0,0,0,0,0,5000,0,0,0,25000,20000,5000,5000
048894,光罩國泰94購01  ,0,0,0,0,0,0,0,0,0,5000,0,0,0,20000,15000,5000,5000
04868P,可成統一94售03  ,0,0,0,0,0,0,0,0,0,5000,0,0,0,47000,42000,5000,5000
049141,旺宏元大95購01  ,0,0,0,0,0,0,0,0,0,5000,0,0,0,33000,28000,5000,5000
04408P,台積電統一94售06,0,0,0,0,0,0,0,0,0,5000,0,0,0,5000,0,5000,5000
04251P,欣興統一93售06  ,0,0,0,0,0,0,0,0,0,5000,0,0,0,5000,0,5000,5000
04335P,大成鋼元大93售01,0,0,0,0,0,0,0,0,0,5000,0,0,0,5000,0,5000,5000
00684R,元大美元指數反1 ,0,0,0,0,0,0,0,0,0,5000,0,0,0,45000,40000,5000,5000
04214P,美利達凱基93售04,0,0,0,0,0,0,0,0,0,5000,0,0,0,5000,0,5000,5000
04117P,聯發科元大93售21,0,0,0,0,0,0,0,0,0,5000,0,0,0,5000,0,5000,5000
03995P,滬深2X國泰95售01,0,0,0,0,0,0,0,0,0,5000,0,0,0,5000,0,5000,5000
044763,瀚宇博凱基93購01,0,0,0,0,0,0,0,0,0,5000,0,0,0,15000,10000,5000,5000
04470P,為升元大94售01  ,0,0,0,0,0,0,0,0,0,5000,0,0,0,5000,0,5000,5000
045365,智邦兆豐93購04  ,0,0,0,0,0,0,0,0,0,5000,0,0,0,5000,0,5000,5000
04513P,元石油中信94售01,0,0,0,0,0,0,0,0,0,5000,0,0,0,5000,0,5000,5000
044689,超眾凱基93購03  ,0,0,0,0,0,0,0,0,0,5000,0,0,0,5000,0,5000,5000
048055,燿華國泰95購02  ,0,0,0,0,0,0,0,0,0,5000,0,0,0,5000,0,5000,5000
046572,貿聯國泰94購01  ,0,0,0,0,0,0,0,0,0,5000,0,0,0,30000,25000,5000,5000
046649,致伸國泰94購01  ,0,0,0,0,0,0,0,0,0,5000,0,0,0,5000,0,5000,5000
047405,香港2X統一96購01,0,0,0,0,0,0,0,0,0,5000,0,0,0,5000,0,5000,5000
047548,友達凱基99購03  ,0,0,0,0,0,0,0,0,0,5000,0,0,0,45000,40000,5000,5000
047646,貿聯元大94購01  ,0,0,0,0,0,0,0,0,0,5000,0,0,0,5000,0,5000,5000
046465,GIS凱基95購01   ,0,0,0,0,0,0,0,0,0,5000,0,0,0,5000,0,5000,5000
050423,鴻海凱基96購02  ,0,0,0,0,0,0,0,0,0,5000,0,0,0,5000,0,5000,5000
052083,S&P反1元大97購02,0,0,0,0,0,0,0,0,0,5000,0,0,0,5000,0,5000,5000
052113,漢唐中信98購01  ,0,0,0,0,0,0,0,0,0,5000,0,0,0,5000,0,5000,5000
050468,矽格中信94購01  ,0,0,0,0,0,0,0,0,0,5000,0,0,0,5000,0,5000,5000
05046P,台光電永豐95售02,0,0,0,0,0,0,0,0,0,5000,0,0,0,15000,10000,5000,5000
052115,T50反1國票95購03,0,0,0,0,0,0,0,0,0,5000,0,0,0,380000,375000,5000,5000
05061P,鴻海富邦96售03  ,0,0,0,0,0,0,0,0,0,5000,0,0,0,5000,0,5000,5000
052957,T50反1凱基99購01,0,0,0,0,0,0,0,0,0,5000,0,0,0,5000,0,5000,5000
052848,聯發科統一96購03,0,0,0,0,0,0,0,0,0,5000,0,0,0,5000,0,5000,5000
053057,聯電國泰97購02  ,0,0,0,0,0,0,0,0,0,5000,0,0,0,15000,10000,5000,5000
05278P,台郡元富95售02  ,0,0,0,0,0,0,0,0,0,5000,0,0,0,5000,0,5000,5000
053303,建準凱基96購03  ,0,0,0,0,0,0,0,0,0,5000,0,0,0,5000,0,5000,5000
052827,昇陽半永豐97購01,0,0,0,0,0,0,0,0,0,5000,0,0,0,5000,0,5000,5000
052799,上銀元大96購01  ,0,0,0,0,0,0,0,0,0,5000,0,0,0,13000,8000,5000,5000
053269,同欣電群益96購01,0,0,0,0,0,0,0,0,0,5000,0,0,0,45000,40000,5000,5000
055376,群創元大01購01  ,0,0,0,0,0,0,0,0,0,5000,0,0,0,34000,29000,5000,5000
054354,技嘉富邦97購01  ,0,0,0,0,0,0,0,0,0,5000,0,0,0,5000,0,5000,5000
051545,裕隆康和95購01  ,0,0,0,0,0,0,0,0,0,5000,0,0,0,15000,10000,5000,5000
050693,鴻海凱基96購05  ,0,0,0,0,0,0,0,0,0,5000,0,0,0,27000,22000,5000,5000
051557,昇陽半永豐96購01,0,0,0,0,0,0,0,0,0,5000,0,0,0,5000,0,5000,5000
051558,元金2X國泰97購01,0,0,0,0,0,0,0,0,0,5000,0,0,0,5000,0,5000,5000
05413P,台郡國票96售02  ,0,0,0,0,0,0,0,0,0,5000,0,0,0,5000,0,5000,5000
05144P,美律永豐95售02  ,0,0,0,0,0,0,0,0,0,5000,0,0,0,5000,0,5000,5000
052180,緯穎元大96購05  ,0,0,0,0,0,0,0,0,0,5000,0,0,0,10000,5000,5000,5000
051893,瀚宇博元富95購01,0,0,0,0,0,0,0,0,0,5000,0,0,0,5000,0,5000,5000
051836,華通國泰95購02  ,0,0,0,0,0,0,0,0,0,5000,0,0,0,5000,0,5000,5000
05184P,緯穎元富95售01  ,0,0,0,0,0,0,0,0,0,5000,0,0,0,5000,0,5000,5000
051529,東元國票96購01  ,0,0,0,0,0,0,0,0,0,5000,0,0,0,5000,0,5000,5000
051771,上銀中信95購01  ,0,0,0,0,0,0,0,0,0,5000,0,0,0,131000,126000,5000,5000
051798,國巨永豐95購03  ,0,0,0,0,0,0,0,0,0,5000,0,0,0,15000,10000,5000,5000
054264,超眾元大97購02  ,0,0,0,0,0,0,0,0,0,5000,0,0,0,15000,10000,5000,5000
054402,康控永豐96購03  ,0,0,0,0,0,0,0,0,0,5000,0,0,0,5000,0,5000,5000
054420,緯穎元大96購08  ,0,0,0,0,0,0,0,0,0,5000,0,0,0,135000,130000,5000,5000
054452,華通亞東96購01  ,0,0,0,0,0,0,0,0,0,5000,0,0,0,5000,0,5000,5000
054471,T50反1中信9C購01,0,0,0,0,0,0,0,0,0,5000,0,0,0,5000,0,5000,5000
05525P,奇力新群益96售02,0,0,0,0,0,0,0,0,0,5000,0,0,0,5000,0,5000,5000
055281,台光電元大98購03,0,0,0,0,0,0,0,0,0,5000,0,0,0,65000,60000,5000,5000
054880,華泰統一97購01  ,0,0,0,0,0,0,0,0,0,5000,0,0,0,50000,45000,5000,5000
054973,台郡元大98購02  ,0,0,0,0,0,0,0,0,0,5000,0,0,0,15000,10000,5000,5000
055542,亞德客凱基97購01,0,0,0,0,0,0,0,0,0,5000,0,0,0,5000,0,5000,5000
055472,大立光凱基97購07,0,0,0,0,0,0,0,0,0,5000,0,0,0,5000,0,5000,5000
055002,群創元富99購04  ,0,0,0,0,0,0,0,0,0,5000,0,0,0,5000,0,5000,5000
055127,台虹兆豐97購01  ,0,0,0,0,0,0,0,0,0,5000,0,0,0,25000,20000,5000,5000
055225,華邦電國票99購01,0,0,0,0,0,0,0,0,0,5000,0,0,0,5000,0,5000,5000
055230,大毅國票98購01  ,0,0,0,0,0,0,0,0,0,5000,0,0,0,8000,3000,5000,5000
055315,晶技麥證97購01  ,0,0,0,55000,50000,5000,0,0,0,5000,0,0,0,55000,50000,5000,5000
055316,上銀國票98購01  ,0,0,0,0,0,0,0,0,0,5000,0,0,0,10000,5000,5000,5000
055439,台表科國票98購02,0,0,0,0,0,0,0,0,0,5000,0,0,0,5000,0,5000,5000
05616P,台光電永豐96售01,0,0,0,0,0,0,0,0,0,5000,0,0,0,5000,0,5000,5000
056082,旺宏統一99購02  ,0,0,0,0,0,0,0,0,0,5000,0,0,0,5000,0,5000,5000
053885,全新兆豐96購01  ,0,0,0,0,0,0,0,0,0,5000,0,0,0,105000,100000,5000,5000
053867,創意元大96購04  ,0,0,0,0,0,0,0,0,0,5000,0,0,0,5000,0,5000,5000
053847,美律元富96購02  ,0,0,0,0,0,0,0,0,0,5000,0,0,0,15000,10000,5000,5000
053774,台達電元大96購04,0,0,0,0,0,0,0,0,0,5000,0,0,0,5000,0,5000,5000
056332,台郡國票99購01  ,0,0,0,0,0,0,0,0,0,5000,0,0,0,5000,0,5000,5000
056391,大立光富邦9C購01,0,0,0,0,0,0,0,0,0,5000,0,0,0,16000,11000,5000,5000
056483,TPK元大98購01   ,0,0,0,0,0,0,0,0,0,5000,0,0,0,5000,0,5000,5000
055834,國巨元大97購13  ,0,0,0,0,0,0,0,0,0,5000,0,0,0,180000,175000,5000,5000
055779,國泰金凱基97購02,0,0,0,0,0,0,0,0,0,5000,0,0,0,5000,0,5000,5000
055618,麗豐國票98購01  ,0,0,0,0,0,0,0,0,0,5000,0,0,0,5000,0,5000,5000
2109,華豐            ,0,7000,-7000,0,0,0,0,0,0,12000,12000,0,12000,0,0,0,5000
08613P,同欣電凱基9C售04,0,0,0,0,0,0,0,0,0,5000,0,0,0,5000,0,5000,5000
06705P,臻鼎元富98售03  ,0,0,0,0,0,0,0,0,0,5000,0,0,0,43000,38000,5000,5000
06731P,聯茂元大98售05  ,0,0,0,0,0,0,0,0,0,5000,0,0,0,36000,31000,5000,5000
06586P,鴻海元大9C售01  ,0,0,0,0,0,0,0,0,0,5000,0,0,0,5000,0,5000,5000
06787P,臺股指元大98售04,0,0,0,0,0,0,0,0,0,5000,0,0,0,5000,0,5000,5000
06865P,亞德客元大98售04,0,0,0,0,0,0,0,0,0,5000,0,0,0,35000,30000,5000,5000
06944P,健鼎元富98售02  ,0,0,0,0,0,0,0,0,0,5000,0,0,0,85000,80000,5000,5000
3024,憶聲            ,11000,4000,7000,0,0,0,0,0,0,-2000,1000,3000,-2000,0,0,0,5000
5706,鳳凰            ,8000,3000,5000,0,0,0,0,0,0,0,0,0,0,0,0,0,5000
9942,茂順            ,26000,21000,5000,0,0,0,0,0,0,0,0,0,0,0,0,0,5000
057529,嘉晶元大99購02  ,0,0,0,0,0,0,0,0,0,4000,0,0,0,20000,16000,4000,4000
057347,國巨統一9A購03  ,0,0,0,0,0,0,0,0,0,4000,0,0,0,4000,0,4000,4000
06578P,華新科國票98售02,0,0,0,0,0,0,0,0,0,4000,0,0,0,13000,9000,4000,4000
06415P,台積電群益97售07,0,0,0,0,0,0,0,0,0,4000,0,0,0,223000,219000,4000,4000
06420P,大立光統一98售06,0,0,0,0,0,0,0,0,0,4000,0,0,0,4000,0,4000,4000
06212P,華新科元大97售11,0,0,0,0,0,0,0,0,0,4000,0,0,0,174000,170000,4000,4000
058250,台虹元大99購01  ,0,0,0,0,0,0,0,0,0,4000,0,0,0,6000,2000,4000,4000
058043,鴻海元大98購13  ,0,0,0,0,0,0,0,0,0,4000,0,0,0,63000,59000,4000,4000
047098,大毅國泰94購01  ,0,0,0,0,0,0,0,0,0,4000,0,0,0,4000,0,4000,4000
04631P,臺股指中信95售08,0,0,0,0,0,0,0,0,0,4000,0,0,0,4000,0,4000,4000
048111,奇力新群益93購06,0,0,0,0,0,0,0,0,0,4000,0,0,0,4000,0,4000,4000
04102P,臺股指國票93售09,0,0,0,0,0,0,0,0,0,4000,0,0,0,4000,0,4000,4000
04058P,臺股指群益93售12,0,0,0,0,0,0,0,0,0,4000,0,0,0,4000,0,4000,4000
042930,大立光中信94購01,0,0,0,0,0,0,0,0,0,4000,0,0,0,4000,0,4000,4000
043605,創意元大93購01  ,0,0,0,0,0,0,0,0,0,4000,0,0,0,4000,0,4000,4000
042724,群創群益93購01  ,0,0,0,0,0,0,0,0,0,4000,0,0,0,4000,0,4000,4000
03027X,元展24          ,0,0,0,0,0,0,0,0,0,4000,0,0,0,4000,0,4000,4000
04906P,欣興國票95售01  ,0,0,0,0,0,0,0,0,0,4000,0,0,0,4000,0,4000,4000
048989,矽格元大94購02  ,0,0,0,0,0,0,0,0,0,4000,0,0,0,29000,25000,4000,4000
049040,亞光兆豐95購01  ,0,0,0,0,0,0,0,0,0,4000,0,0,0,5000,1000,4000,4000
050189,旭富元大94購01  ,0,0,0,0,0,0,0,0,0,4000,0,0,0,14000,10000,4000,4000
049792,元油2X元大94購08,0,0,0,0,0,0,0,0,0,4000,0,0,0,4000,0,4000,4000
049980,奇力新凱基94購04,0,0,0,0,0,0,0,0,0,4000,0,0,0,4000,0,4000,4000
051512,超眾麥證95購01  ,0,0,0,20000,16000,4000,0,0,0,4000,0,0,0,20000,16000,4000,4000
051041,大立光永豐95購01,0,0,0,0,0,0,0,0,0,4000,0,0,0,4000,0,4000,4000
054138,晶技元大98購02  ,0,0,0,0,0,0,0,0,0,4000,0,0,0,185000,181000,4000,4000
053949,康控富邦9A購01  ,0,0,0,0,0,0,0,0,0,4000,0,0,0,4000,0,4000,4000
050661,景碩元大94購02  ,0,0,0,0,0,0,0,0,0,4000,0,0,0,4000,0,4000,4000
052923,台積電永豐96購02,0,0,0,0,0,0,0,0,0,4000,0,0,0,208000,204000,4000,4000
052442,中環元大95購02  ,0,0,0,0,0,0,0,0,0,4000,0,0,0,4000,0,4000,4000
055591,全新元大98購01  ,0,0,0,0,0,0,0,0,0,4000,0,0,0,42000,38000,4000,4000
055644,致茂元富97購01  ,0,0,0,0,0,0,0,0,0,4000,0,0,0,44000,40000,4000,4000
05573P,仁寶元富96售02  ,0,0,0,0,0,0,0,0,0,4000,0,0,0,10000,6000,4000,4000
055963,欣興元大97購04  ,0,0,0,0,0,0,0,0,0,4000,0,0,0,12000,8000,4000,4000
05361P,聯發科富邦97售01,0,0,0,0,0,0,0,0,0,4000,0,0,0,89000,85000,4000,4000
053565,台光電富邦98購01,0,0,0,0,0,0,0,0,0,4000,0,0,0,18000,14000,4000,4000
053586,建準元大96購01  ,0,0,0,0,0,0,0,0,0,4000,0,0,0,4000,0,4000,4000
056362,聯發科元大99購01,0,0,0,0,0,0,0,0,0,4000,0,0,0,155000,151000,4000,4000
053823,茂林群益96購06  ,0,0,0,0,0,0,0,0,0,4000,0,0,0,15000,11000,4000,4000
05387P,鴻海元大95售21  ,0,0,0,0,0,0,0,0,0,4000,0,0,0,109000,105000,4000,4000
055255,欣興統一97購02  ,0,0,0,0,0,0,0,0,0,4000,0,0,0,7000,3000,4000,4000
055243,國巨統一97購04  ,0,0,0,0,0,0,0,0,0,4000,0,0,0,5000,1000,4000,4000
055089,金寶群益98購01  ,0,0,0,0,0,0,0,0,0,4000,0,0,0,64000,60000,4000,4000
055480,元上證元大97購02,0,0,0,0,0,0,0,0,0,4000,0,0,0,22000,18000,4000,4000
056002,嘉晶永豐97購01  ,0,0,0,0,0,0,0,0,0,4000,0,0,0,14000,10000,4000,4000
054780,中石化群益99購01,0,0,0,0,0,0,0,0,0,4000,0,0,0,4000,0,4000,4000
05478P,智伸科國票96售02,0,0,0,0,0,0,0,0,0,4000,0,0,0,4000,0,4000,4000
054503,京鼎永豐96購04  ,0,0,0,0,0,0,0,0,0,4000,0,0,0,4000,0,4000,4000
9103,美德醫療-DR     ,4000,0,4000,0,0,0,0,0,0,0,0,0,0,0,0,0,4000
4144,康聯-KY         ,9000,5000,4000,0,0,0,0,0,0,0,0,0,0,0,0,0,4000
3038,全台            ,135000,124000,11000,0,0,0,0,0,0,-7000,12000,19000,-7000,0,0,0,4000
2891C,中信金丙特      ,0,0,0,0,0,0,0,0,0,4000,4000,0,4000,0,0,0,4000
2451,創見            ,52000,275000,-223000,0,0,0,1000,0,1000,226000,13000,35000,-22000,248000,0,248000,4000
06986P,台積電台新9A售01,0,0,0,0,0,0,0,0,0,4000,0,0,0,4000,0,4000,4000
1809,中釉            ,21000,17000,4000,0,0,0,0,0,0,0,0,0,0,0,0,0,4000
058016,智邦凱基98購06  ,0,0,0,0,0,0,0,0,0,3000,0,0,0,91000,88000,3000,3000
05815P,台積電凱基97售06,0,0,0,0,0,0,0,0,0,3000,0,0,0,217000,214000,3000,3000
057960,聯鈞元大98購02  ,0,0,0,0,0,0,0,0,0,3000,0,0,0,81000,78000,3000,3000
058295,欣興凱基99購02  ,0,0,0,0,0,0,0,0,0,3000,0,0,0,15000,12000,3000,3000
058233,聯發科元大99購06,0,0,0,0,0,0,0,0,0,3000,0,0,0,64000,61000,3000,3000
058406,聯茂元大99購06  ,0,0,0,0,0,0,0,0,0,3000,0,0,0,66000,63000,3000,3000
058332,鴻海元富99購03  ,0,0,0,0,0,0,0,0,0,3000,0,0,0,976000,973000,3000,3000
058424,滬深2X元富99購04,0,0,0,0,0,0,0,0,0,3000,0,0,0,10000,7000,3000,3000
05979P,華新科中信96售02,0,0,0,0,0,0,0,0,0,3000,0,0,0,250000,247000,3000,3000
057633,緯穎永豐98購02  ,0,0,0,0,0,0,0,0,0,3000,0,0,0,3000,0,3000,3000
05766P,A50正2凱基99售01,0,0,0,0,0,0,0,0,0,3000,0,0,0,90000,87000,3000,3000
057004,滬深反中信9A購01,0,0,0,0,0,0,0,0,0,3000,0,0,0,3000,0,3000,3000
056813,聯茂統一99購01  ,0,0,0,0,0,0,0,0,0,3000,0,0,0,3000,0,3000,3000
056739,美律凱基98購04  ,0,0,0,0,0,0,0,0,0,3000,0,0,0,150000,147000,3000,3000
049492,聯發科元大95購02,0,0,0,0,0,0,0,0,0,3000,0,0,0,153000,150000,3000,3000
049570,華新科統一94購04,0,0,0,0,0,0,0,0,0,3000,0,0,0,3000,0,3000,3000
049562,和大統一94購01  ,0,0,0,0,0,0,0,0,0,3000,0,0,0,3000,0,3000,3000
04782P,智伸科統一96售01,0,0,0,0,0,0,0,0,0,3000,0,0,0,3000,0,3000,3000
049606,可成第一94購01  ,0,0,0,0,0,0,0,0,0,3000,0,0,0,3000,0,3000,3000
04959P,可成凱基94售14  ,0,0,0,0,0,0,0,0,0,3000,0,0,0,215000,212000,3000,3000
048949,昇陽半永豐94購01,0,0,0,0,0,0,0,0,0,3000,0,0,0,3000,0,3000,3000
048985,茂林元大94購01  ,0,0,0,0,0,0,0,0,0,3000,0,0,0,3000,0,3000,3000
052056,緯穎凱基95購04  ,0,0,0,0,0,0,0,0,0,3000,0,0,0,3000,0,3000,3000
05032P,台積電國泰96售05,0,0,0,0,0,0,0,0,0,3000,0,0,0,3000,0,3000,3000
050330,南電永豐94購01  ,0,0,0,0,0,0,0,0,0,3000,0,0,0,3000,0,3000,3000
050353,華擎群益95購01  ,0,0,0,0,0,0,0,0,0,3000,0,0,0,5000,2000,3000,3000
03454P,台積電凱基03售14,0,0,0,0,0,0,0,0,0,3000,0,0,0,3000,0,3000,3000
00666R,富邦恒生國企反1 ,104000,0,104000,0,0,0,0,0,0,-101000,0,0,0,176000,277000,-101000,3000
04768P,大立光國泰96售03,0,0,0,0,0,0,0,0,0,3000,0,0,0,15000,12000,3000,3000
04539P,力山永豐94售02  ,0,0,0,0,0,0,0,0,0,3000,0,0,0,3000,0,3000,3000
048133,臻鼎國票94購01  ,0,0,0,0,0,0,0,0,0,3000,0,0,0,53000,50000,3000,3000
048001,中工元大96購01  ,0,0,0,0,0,0,0,0,0,3000,0,0,0,3000,0,3000,3000
047780,友達中信96購01  ,0,0,0,0,0,0,0,0,0,3000,0,0,0,7000,4000,3000,3000
047769,大立光元大96購01,0,0,0,0,0,0,0,0,0,3000,0,0,0,3000,0,3000,3000
047517,元油反元大96購01,0,0,0,0,0,0,0,0,0,3000,0,0,0,3000,0,3000,3000
052625,南電亞東97購01  ,0,0,0,0,0,0,0,0,0,3000,0,0,0,3000,0,3000,3000
050459,台表科元大94購03,0,0,0,0,0,0,0,0,0,3000,0,0,0,3000,0,3000,3000
051347,國巨元大95購06  ,0,0,0,0,0,0,0,0,0,3000,0,0,0,54000,51000,3000,3000
050268,智原元大95購03  ,0,0,0,0,0,0,0,0,0,3000,0,0,0,3000,0,3000,3000
053254,群創國泰98購02  ,0,0,0,0,0,0,0,0,0,3000,0,0,0,3000,0,3000,3000
053180,同欣電統一96購01,0,0,0,0,0,0,0,0,0,3000,0,0,0,3000,0,3000,3000
054372,南亞科中信96購01,0,0,0,0,0,0,0,0,0,3000,0,0,0,3000,0,3000,3000
053925,群創國票98購01  ,0,0,0,0,0,0,0,0,0,3000,0,0,0,115000,112000,3000,3000
050988,廣達富邦95購01  ,0,0,0,0,0,0,0,0,0,3000,0,0,0,3000,0,3000,3000
051482,玉晶光凱基96購01,0,0,0,0,0,0,0,0,0,3000,0,0,0,96000,93000,3000,3000
050825,嘉澤凱基95購01  ,0,0,0,0,0,0,0,0,0,3000,0,0,0,71000,68000,3000,3000
051683,A50正2凱基97購01,0,0,0,0,0,0,0,0,0,3000,0,0,0,3000,0,3000,3000
051736,旺宏國票96購01  ,0,0,0,0,0,0,0,0,0,3000,0,0,0,11000,8000,3000,3000
051998,昇陽半元大96購02,0,0,0,0,0,0,0,0,0,3000,0,0,0,3000,0,3000,3000
054468,台郡凱基98購01  ,0,0,0,0,0,0,0,0,0,3000,0,0,0,3000,0,3000,3000
054448,矽力兆豐96購01  ,0,0,0,0,0,0,0,0,0,3000,0,0,0,3000,0,3000,3000
054285,國巨元大98購02  ,0,0,0,0,0,0,0,0,0,3000,0,0,0,3000,0,3000,3000
054539,欣興國票98購01  ,0,0,0,0,0,0,0,0,0,3000,0,0,0,76000,73000,3000,3000
054908,群電康和97購01  ,0,0,0,0,0,0,0,0,0,3000,0,0,0,3000,0,3000,3000
056565,欣興群益98購03  ,0,0,0,0,0,0,0,0,0,3000,0,0,0,211000,208000,3000,3000
055350,聯發科凱基97購02,0,0,0,0,0,0,0,0,0,3000,0,0,0,10000,7000,3000,3000
05615P,臺股指康和96售04,0,0,0,0,0,0,0,0,0,3000,0,0,0,8000,5000,3000,3000
056243,創意群益97購03  ,0,0,0,0,0,0,0,0,0,3000,0,0,0,8000,5000,3000,3000
053660,群創凱基98購08  ,0,0,0,0,0,0,0,0,0,3000,0,0,0,3000,0,3000,3000
055837,致茂元大97購02  ,0,0,0,0,0,0,0,0,0,3000,0,0,0,71000,68000,3000,3000
055887,上銀統一97購03  ,0,0,0,0,0,0,0,0,0,3000,0,0,0,5000,2000,3000,3000
1436,華友聯          ,12000,9000,3000,0,0,0,0,0,0,0,0,0,0,0,0,0,3000
2630,亞航            ,3000,0,3000,0,0,0,0,0,0,0,0,0,0,0,0,0,3000
9906,欣巴巴          ,7000,4000,3000,0,0,0,0,0,0,0,0,0,0,0,0,0,3000
9941A,裕融甲特        ,0,0,0,0,0,0,0,0,0,3000,3000,0,3000,0,0,0,3000
056616,台光電永豐98購01,0,0,0,0,0,0,0,0,0,2000,0,0,0,96000,94000,2000,2000
056940,嘉聯益元富98購01,0,0,0,0,0,0,0,0,0,2000,0,0,0,2000,0,2000,2000
057194,南電元大98購01  ,0,0,0,0,0,0,0,0,0,2000,0,0,0,9000,7000,2000,2000
05710P,禾伸堂國票97售02,0,0,0,0,0,0,0,0,0,2000,0,0,0,20000,18000,2000,2000
057614,華新科元富99購04,0,0,0,0,0,0,0,0,0,2000,0,0,0,16000,14000,2000,2000
057570,技嘉永豐98購02  ,0,0,0,0,0,0,0,0,0,2000,0,0,0,20000,18000,2000,2000
057795,鴻海兆豐99購02  ,0,0,0,0,0,0,0,0,0,2000,0,0,0,8000,6000,2000,2000
05779P,台積電統一96售06,0,0,0,0,0,0,0,0,0,2000,0,0,0,2000,0,2000,2000
057354,聯鈞統一99購03  ,0,0,0,0,0,0,0,0,0,2000,0,0,0,11000,9000,2000,2000
057280,大立光元大98購15,0,0,0,0,0,0,0,0,0,2000,0,0,0,2000,0,2000,2000
05960P,欣興統一96售01  ,0,0,0,0,0,0,0,0,0,2000,0,0,0,2000,0,2000,2000
05967P,臺股指麥證96售02,0,0,0,2000,0,2000,0,0,0,2000,0,0,0,2000,0,2000,2000
06124P,超眾元大97售03  ,0,0,0,0,0,0,0,0,0,2000,0,0,0,2000,0,2000,2000
06258P,臺股指群益97售11,0,0,0,0,0,0,0,0,0,2000,0,0,0,2000,0,2000,2000
06309P,光罩元富97售03  ,0,0,0,0,0,0,0,0,0,2000,0,0,0,282000,280000,2000,2000
06345P,臺股指統一9A售01,0,0,0,0,0,0,0,0,0,2000,0,0,0,3000,1000,2000,2000
06549P,大立光元大98售11,0,0,0,0,0,0,0,0,0,2000,0,0,0,6000,4000,2000,2000
057881,SP黃豆群益9A購01,0,0,0,0,0,0,0,0,0,2000,0,0,0,2000,0,2000,2000
057852,國巨國票99購05  ,0,0,0,0,0,0,0,0,0,2000,0,0,0,64000,62000,2000,2000
04649P,臺股指凱基94售08,0,0,0,0,0,0,0,0,0,2000,0,0,0,2000,0,2000,2000
047625,友達國票94購01  ,0,0,0,0,0,0,0,0,0,2000,0,0,0,2000,0,2000,2000
047420,全新富邦97購01  ,0,0,0,0,0,0,0,0,0,2000,0,0,0,2000,0,2000,2000
04685P,訊芯元大94售02  ,0,0,0,0,0,0,0,0,0,2000,0,0,0,28000,26000,2000,2000
04555P,元油2X群益95售01,0,0,0,0,0,0,0,0,0,2000,0,0,0,2000,0,2000,2000
046300,嘉聯益富邦94購01,0,0,0,0,0,0,0,0,0,2000,0,0,0,2000,0,2000,2000
046047,臺股指元大93購17,0,0,0,0,0,0,0,0,0,2000,0,0,0,2000,0,2000,2000
049274,臺股指元大94購09,0,0,0,0,0,0,0,0,0,2000,0,0,0,2000,0,2000,2000
045400,康友富邦93購01  ,0,0,0,0,0,0,0,0,0,2000,0,0,0,2000,0,2000,2000
045385,華新科元大93購04,0,0,0,0,0,0,0,0,0,2000,0,0,0,12000,10000,2000,2000
04464P,可成元富94售04  ,0,0,0,0,0,0,0,0,0,2000,0,0,0,2000,0,2000,2000
044310,元黃金台新93購01,0,0,0,0,0,0,0,0,0,2000,0,0,0,2000,0,2000,2000
03647C,T50反1元富99牛02,0,0,0,0,0,0,0,0,0,2000,0,0,0,2000,0,2000,2000
00682U,元大美元指數    ,0,149000,-149000,0,0,0,0,0,0,151000,0,0,0,152000,1000,151000,2000
00775B,新光投等債15+   ,0,0,0,0,0,0,0,0,0,2000,0,0,0,10000,8000,2000,2000
03427B,臺股指元大9A熊02,0,0,0,0,0,0,0,0,0,2000,0,0,0,2000,0,2000,2000
03432B,臺股指凱基98熊13,0,0,0,0,0,0,0,0,0,2000,0,0,0,7000,5000,2000,2000
042993,葡萄王元大94購01,0,0,0,0,0,0,0,0,0,2000,0,0,0,231000,229000,2000,2000
049263,大立光元大94購10,0,0,0,0,0,0,0,0,0,2000,0,0,0,2000,0,2000,2000
051175,國巨凱基95購04  ,0,0,0,0,0,0,0,0,0,2000,0,0,0,28000,26000,2000,2000
05204P,TPK元大95售03   ,0,0,0,0,0,0,0,0,0,2000,0,0,0,2000,0,2000,2000
049036,燿華兆豐95購01  ,0,0,0,0,0,0,0,0,0,2000,0,0,0,2000,0,2000,2000
048856,高鐵群益94購01  ,0,0,0,0,0,0,0,0,0,2000,0,0,0,2000,0,2000,2000
049139,台積電元大94購06,0,0,0,0,0,0,0,0,0,2000,0,0,0,2000,0,2000,2000
048336,光磊元大93購02  ,0,0,0,0,0,0,0,0,0,2000,0,0,0,2000,0,2000,2000
050117,麗豐元大96購02  ,0,0,0,0,0,0,0,0,0,2000,0,0,0,2000,0,2000,2000
048553,光磊元大93購03  ,0,0,0,0,0,0,0,0,0,2000,0,0,0,2000,0,2000,2000
048248,聯發科兆豐95購01,0,0,0,0,0,0,0,0,0,2000,0,0,0,272000,270000,2000,2000
050023,國巨元大94購12  ,0,0,0,0,0,0,0,0,0,2000,0,0,0,2000,0,2000,2000
050115,群創元大96購01  ,0,0,0,0,0,0,0,0,0,2000,0,0,0,21000,19000,2000,2000
051979,群創凱基97購01  ,0,0,0,0,0,0,0,0,0,2000,0,0,0,5000,3000,2000,2000
051784,國巨兆豐95購01  ,0,0,0,0,0,0,0,0,0,2000,0,0,0,186000,184000,2000,2000
050900,台郡元大95購02  ,0,0,0,0,0,0,0,0,0,2000,0,0,0,2000,0,2000,2000
051031,康友元富95購02  ,0,0,0,0,0,0,0,0,0,2000,0,0,0,191000,189000,2000,2000
052204,台泥中信96購01  ,0,0,0,0,0,0,0,0,0,2000,0,0,0,2000,0,2000,2000
053390,彩晶元大9A購01  ,0,0,0,0,0,0,0,0,0,2000,0,0,0,2000,0,2000,2000
05393P,鴻海統一95售14  ,0,0,0,0,0,0,0,0,0,2000,0,0,0,2000,0,2000,2000
053933,大立光統一96購06,0,0,0,0,0,0,0,0,0,2000,0,0,0,2000,0,2000,2000
054136,亞光元大96購04  ,0,0,0,0,0,0,0,0,0,2000,0,0,0,15000,13000,2000,2000
054190,矽創永豐96購01  ,0,0,0,0,0,0,0,0,0,2000,0,0,0,2000,0,2000,2000
052895,台積電群益96購04,0,0,0,0,0,0,0,0,0,2000,0,0,0,546000,544000,2000,2000
052754,上証2X群益9A購01,0,0,0,0,0,0,0,0,0,2000,0,0,0,256000,254000,2000,2000
052975,嘉聯益群益96購01,0,0,0,0,0,0,0,0,0,2000,0,0,0,11000,9000,2000,2000
053017,世紀鋼統一96購02,0,0,0,0,0,0,0,0,0,2000,0,0,0,2000,0,2000,2000
051243,微星元大95購01  ,0,0,0,0,0,0,0,0,0,2000,0,0,0,7000,5000,2000,2000
050454,嘉澤元大94購04  ,0,0,0,0,0,0,0,0,0,2000,0,0,0,2000,0,2000,2000
052587,景碩永豐97購01  ,0,0,0,0,0,0,0,0,0,2000,0,0,0,2000,0,2000,2000
052439,寶成富邦97購01  ,0,0,0,0,0,0,0,0,0,2000,0,0,0,5000,3000,2000,2000
05228P,大立光元富95售09,0,0,0,0,0,0,0,0,0,2000,0,0,0,2000,0,2000,2000
055878,泰碩元富97購02  ,0,0,0,0,0,0,0,0,0,2000,0,0,0,172000,170000,2000,2000
055625,亞光富邦98購01  ,0,0,0,0,0,0,0,0,0,2000,0,0,0,2000,0,2000,2000
055968,祥碩元大97購04  ,0,0,0,0,0,0,0,0,0,2000,0,0,0,2000,0,2000,2000
053480,祥碩元大96購02  ,0,0,0,0,0,0,0,0,0,2000,0,0,0,2000,0,2000,2000
056215,華新科國票97購03,0,0,0,0,0,0,0,0,0,2000,0,0,0,276000,274000,2000,2000
05634P,玉晶光台新97售01,0,0,0,0,0,0,0,0,0,2000,0,0,0,2000,0,2000,2000
056363,華新科元大99購04,0,0,0,0,0,0,0,0,0,2000,0,0,0,2000,0,2000,2000
056365,欣興元大98購01  ,0,0,0,0,0,0,0,0,0,2000,0,0,0,79000,77000,2000,2000
053825,南電群益96購02  ,0,0,0,0,0,0,0,0,0,2000,0,0,0,158000,156000,2000,2000
053853,康控國泰97購02  ,0,0,0,0,0,0,0,0,0,2000,0,0,0,12000,10000,2000,2000
053771,華新元大97購01  ,0,0,0,0,0,0,0,0,0,2000,0,0,0,12000,10000,2000,2000
056496,康控國泰99購01  ,0,0,0,0,0,0,0,0,0,2000,0,0,0,37000,35000,2000,2000
056596,光磊元富98購01  ,0,0,0,0,0,0,0,0,0,2000,0,0,0,50000,48000,2000,2000
055985,聯鈞元富97購01  ,0,0,0,0,0,0,0,0,0,2000,0,0,0,2000,0,2000,2000
055485,國巨元大97購09  ,0,0,0,0,0,0,0,0,0,2000,0,0,0,2000,0,2000,2000
054902,億光康和97購01  ,0,0,0,0,0,0,0,0,0,2000,0,0,0,83000,81000,2000,2000
054701,宏全永豐97購01  ,0,0,0,0,0,0,0,0,0,2000,0,0,0,92000,90000,2000,2000
054295,世芯元大96購03  ,0,0,0,0,0,0,0,0,0,2000,0,0,0,392000,390000,2000,2000
054444,緯穎台新97購01  ,0,0,0,0,0,0,0,0,0,2000,0,0,0,3000,1000,2000,2000
05442P,鴻海元大96售13  ,0,0,0,0,0,0,0,0,0,2000,0,0,0,376000,374000,2000,2000
054470,緯穎國票97購04  ,0,0,0,0,0,0,0,0,0,2000,0,0,0,8000,6000,2000,2000
054495,滬深2X永豐97購02,0,0,0,0,0,0,0,0,0,2000,0,0,0,2000,0,2000,2000
8201,無敵            ,2000,0,2000,0,0,0,0,0,0,0,0,0,0,0,0,0,2000
8104,錸寶            ,30000,27000,3000,0,0,0,0,0,0,-1000,0,1000,-1000,0,0,0,2000
2438,翔耀            ,2000,0,2000,0,0,0,0,0,0,0,0,0,0,0,0,0,2000
3454,晶睿            ,17000,11000,6000,0,0,0,0,0,0,-4000,0,4000,-4000,0,0,0,2000
6172,互億            ,7000,5000,2000,0,0,0,0,0,0,0,0,0,0,0,0,0,2000
1456,怡華            ,2000,0,2000,0,0,0,0,0,0,0,0,0,0,0,0,0,2000
08663P,台灣50元大96售01,0,0,0,0,0,0,0,0,0,2000,0,0,0,2000,0,2000,2000
06740P,台灣50國泰9A售02,0,0,0,0,0,0,0,0,0,2000,0,0,0,2000,0,2000,2000
06749P,技嘉元富98售03  ,0,0,0,0,0,0,0,0,0,2000,0,0,0,38000,36000,2000,2000
06679P,旺宏元大98售09  ,0,0,0,0,0,0,0,0,0,2000,0,0,0,2000,0,2000,2000
8454,富邦媒          ,104200,95000,9200,0,0,0,0,0,0,-8000,0,8000,-8000,0,0,0,1200
058438,大立光統一9B購01,0,0,0,0,0,0,0,0,0,1000,0,0,0,1000,0,1000,1000
058206,祥碩凱基99購01  ,0,0,0,0,0,0,0,0,0,1000,0,0,0,71000,70000,1000,1000
05828P,台積電統一97售02,0,0,0,0,0,0,0,0,0,1000,0,0,0,1000,0,1000,1000
06551P,貿聯元大98售05  ,0,0,0,0,0,0,0,0,0,1000,0,0,0,1000,0,1000,1000
06259P,臺股指群益97售12,0,0,0,0,0,0,0,0,0,1000,0,0,0,1000,0,1000,1000
06131P,京鼎元富97售02  ,0,0,0,0,0,0,0,0,0,1000,0,0,0,30000,29000,1000,1000
06074P,台積電凱基98售04,0,0,0,0,0,0,0,0,0,1000,0,0,0,1000,0,1000,1000
06009P,宏達電元富96售03,0,0,0,0,0,0,0,0,0,1000,0,0,0,20000,19000,1000,1000
05726P,易華電永豐96售02,0,0,0,0,0,0,0,0,0,1000,0,0,0,1000,0,1000,1000
05751P,台積電中信96售05,0,0,0,0,0,0,0,0,0,1000,0,0,0,1000,0,1000,1000
057446,旺宏元富02購01  ,0,0,0,0,0,0,0,0,0,1000,0,0,0,1000,0,1000,1000
057142,力成兆豐98購01  ,0,0,0,0,0,0,0,0,0,1000,0,0,0,102000,101000,1000,1000
056632,鴻海永昌98購01  ,0,0,0,0,0,0,0,0,0,1000,0,0,0,82000,81000,1000,1000
056792,訊芯群益98購01  ,0,0,0,0,0,0,0,0,0,1000,0,0,0,101000,100000,1000,1000
05677P,玉晶光群益98售03,0,0,0,0,0,0,0,0,0,1000,0,0,0,1000,0,1000,1000
049946,智邦兆豐95購01  ,0,0,0,0,0,0,0,0,0,1000,0,0,0,11000,10000,1000,1000
049877,南亞科永豐94購01,0,0,0,0,0,0,0,0,0,1000,0,0,0,1000,0,1000,1000
048211,大立光日盛93購01,0,0,0,0,0,0,0,0,0,1000,0,0,0,1000,0,1000,1000
049574,新日興統一94購03,0,0,0,0,0,0,0,0,0,1000,0,0,0,1000,0,1000,1000
04956P,臺股指日盛94售02,0,0,0,0,0,0,0,0,0,1000,0,0,0,1000,0,1000,1000
049490,京元電元大95購02,0,0,0,0,0,0,0,0,0,1000,0,0,0,10000,9000,1000,1000
049677,臺股指國票94購10,0,0,0,0,0,0,0,0,0,1000,0,0,0,1000,0,1000,1000
049598,超眾元大95購03  ,0,0,0,0,0,0,0,0,0,1000,0,0,0,1000,0,1000,1000
048619,台表科凱基93購07,0,0,0,0,0,0,0,0,0,1000,0,0,0,1000,0,1000,1000
048661,瑞昱統一93購05  ,0,0,0,0,0,0,0,0,0,1000,0,0,0,1000,0,1000,1000
049087,晶相光凱基94購02,0,0,0,0,0,0,0,0,0,1000,0,0,0,1000,0,1000,1000
04886P,臺股指凱基94售20,0,0,0,0,0,0,0,0,0,1000,0,0,0,1000,0,1000,1000
048771,嘉澤凱基94購01  ,0,0,0,0,0,0,0,0,0,1000,0,0,0,1000,0,1000,1000
048983,牧德元大95購01  ,0,0,0,0,0,0,0,0,0,1000,0,0,0,1000,0,1000,1000
052223,聯電凱基96購02  ,0,0,0,0,0,0,0,0,0,1000,0,0,0,1000,0,1000,1000
04382P,美律國泰95售01  ,0,0,0,0,0,0,0,0,0,1000,0,0,0,1000,0,1000,1000
04394P,臻鼎凱基94售01  ,0,0,0,0,0,0,0,0,0,1000,0,0,0,1000,0,1000,1000
020002,元富新中國N     ,0,0,0,0,0,0,0,0,0,1000,0,0,0,1000,0,1000,1000
03874P,臺股指群益95售01,0,0,0,0,0,0,0,0,0,1000,0,0,0,1000,0,1000,1000
047694,SP黃豆國票9B購01,0,0,0,0,0,0,0,0,0,1000,0,0,0,1000,0,1000,1000
04205P,臺股指元大93售45,0,0,0,0,0,0,0,0,0,1000,0,0,0,1000,0,1000,1000
04057P,臺股指群益93售11,0,0,0,0,0,0,0,0,0,1000,0,0,0,1000,0,1000,1000
040215,上証反凱基95購01,0,0,0,0,0,0,0,0,0,1000,0,0,0,1000,0,1000,1000
04189P,台積電兆豐94售02,0,0,0,0,0,0,0,0,0,1000,0,0,0,1000,0,1000,1000
04194P,欣興永豐93售05  ,0,0,0,0,0,0,0,0,0,1000,0,0,0,1000,0,1000,1000
04162P,南亞科統一94售02,0,0,0,0,0,0,0,0,0,1000,0,0,0,1000,0,1000,1000
04772P,欣興元大94售08  ,0,0,0,0,0,0,0,0,0,1000,0,0,0,24000,23000,1000,1000
044784,華邦電中信96購01,0,0,0,0,0,0,0,0,0,1000,0,0,0,1000,0,1000,1000
049315,上緯控凱基94購03,0,0,0,0,0,0,0,0,0,1000,0,0,0,1000,0,1000,1000
048021,滬深反凱基93購02,0,0,0,0,0,0,0,0,0,1000,0,0,0,1000,0,1000,1000
04934P,鴻海中信94售05  ,0,0,0,0,0,0,0,0,0,1000,0,0,0,1000,0,1000,1000
048081,元油反凱基96購01,0,0,0,0,0,0,0,0,0,1000,0,0,0,2000,1000,1000,1000
045963,新光金凱基93購01,0,0,0,0,0,0,0,0,0,1000,0,0,0,1000,0,1000,1000
046606,世紀鋼群益93購01,0,0,0,0,0,0,0,0,0,1000,0,0,0,1000,0,1000,1000
047768,大立光元大95購01,0,0,0,0,0,0,0,0,0,1000,0,0,0,2000,1000,1000,1000
045749,智邦富邦93購01  ,0,0,0,0,0,0,0,0,0,1000,0,0,0,1000,0,1000,1000
046791,台郡統一96購01  ,0,0,0,0,0,0,0,0,0,1000,0,0,0,1000,0,1000,1000
04639P,臺股指群益94售14,0,0,0,0,0,0,0,0,0,1000,0,0,0,1000,0,1000,1000
052453,崇越元大95購01  ,0,0,0,0,0,0,0,0,0,1000,0,0,0,1000,0,1000,1000
051261,鴻海永昌96購05  ,0,0,0,0,0,0,0,0,0,1000,0,0,0,1000,0,1000,1000
051267,美律富邦96購01  ,0,0,0,0,0,0,0,0,0,1000,0,0,0,1000,0,1000,1000
051373,華新亞東95購01  ,0,0,0,0,0,0,0,0,0,1000,0,0,0,1000,0,1000,1000
052865,大立光凱基96購11,0,0,0,0,0,0,0,0,0,1000,0,0,0,1000,0,1000,1000
052177,京鼎元大95購02  ,0,0,0,0,0,0,0,0,0,1000,0,0,0,1000,0,1000,1000
053231,奇力新康和96購01,0,0,0,0,0,0,0,0,0,1000,0,0,0,1000,0,1000,1000
052708,楠梓電永豐97購01,0,0,0,0,0,0,0,0,0,1000,0,0,0,1000,0,1000,1000
054049,亞光元大96購03  ,0,0,0,0,0,0,0,0,0,1000,0,0,0,1000,0,1000,1000
05396P,台郡元大95售05  ,0,0,0,0,0,0,0,0,0,1000,0,0,0,1000,0,1000,1000
053994,微星群益96購01  ,0,0,0,0,0,0,0,0,0,1000,0,0,0,68000,67000,1000,1000
052197,台郡元富95購03  ,0,0,0,0,0,0,0,0,0,1000,0,0,0,1000,0,1000,1000
050990,T50反1元大95購01,0,0,0,0,0,0,0,0,0,1000,0,0,0,1000,0,1000,1000
051069,智邦國票96購01  ,0,0,0,0,0,0,0,0,0,1000,0,0,0,36000,35000,1000,1000
052607,大立光元大96購03,0,0,0,0,0,0,0,0,0,1000,0,0,0,2000,1000,1000,1000
051470,玉晶光日盛95購01,0,0,0,0,0,0,0,0,0,1000,0,0,0,1000,0,1000,1000
05109P,臺股指麥證95售01,0,0,0,1000,0,1000,0,0,0,1000,0,0,0,1000,0,1000,1000
050844,大立光國票96購01,0,0,0,0,0,0,0,0,0,1000,0,0,0,1000,0,1000,1000
050931,上証2X國票95購03,0,0,0,0,0,0,0,0,0,1000,0,0,0,111000,110000,1000,1000
050842,旺宏國票97購01  ,0,0,0,0,0,0,0,0,0,1000,0,0,0,66000,65000,1000,1000
052178,台郡元大96購03  ,0,0,0,0,0,0,0,0,0,1000,0,0,0,1000,0,1000,1000
05198P,牧德永豐95售02  ,0,0,0,0,0,0,0,0,0,1000,0,0,0,1000,0,1000,1000
054442,啟碁台新96購01  ,0,0,0,0,0,0,0,0,0,1000,0,0,0,67000,66000,1000,1000
054550,旺宏凱基98購02  ,0,0,0,0,0,0,0,0,0,1000,0,0,0,78000,77000,1000,1000
054729,聯發科日盛97購02,0,0,0,0,0,0,0,0,0,1000,0,0,0,1000,0,1000,1000
05476P,聯發科群益95售06,0,0,0,0,0,0,0,0,0,1000,0,0,0,21000,20000,1000,1000
05477P,華新科群益95售06,0,0,0,0,0,0,0,0,0,1000,0,0,0,1000,0,1000,1000
055301,台虹元大97購01  ,0,0,0,0,0,0,0,0,0,1000,0,0,0,7000,6000,1000,1000
054910,信錦凱基97購01  ,0,0,0,0,0,0,0,0,0,1000,0,0,0,1000,0,1000,1000
054877,百和群益98購01  ,0,0,0,0,0,0,0,0,0,1000,0,0,0,17000,16000,1000,1000
054861,智邦群益97購01  ,0,0,0,0,0,0,0,0,0,1000,0,0,0,266000,265000,1000,1000
054826,復盛元大9A購01  ,0,0,0,0,0,0,0,0,0,1000,0,0,0,48000,47000,1000,1000
055984,大立光元富97購02,0,0,0,0,0,0,0,0,0,1000,0,0,0,1000,0,1000,1000
055522,道瓊反群益01購01,0,0,0,0,0,0,0,0,0,1000,0,0,0,1000,0,1000,1000
056506,晶豪科永豐98購02,0,0,0,0,0,0,0,0,0,1000,0,0,0,11000,10000,1000,1000
055238,茂林台新97購01  ,0,0,0,0,0,0,0,0,0,1000,0,0,0,11000,10000,1000,1000
055229,大毅國票97購02  ,0,0,0,0,0,0,0,0,0,1000,0,0,0,7000,6000,1000,1000
055009,合勤控元富97購01,0,0,0,0,0,0,0,0,0,1000,0,0,0,51000,50000,1000,1000
053830,台積電台新96購02,0,0,0,0,0,0,0,0,0,1000,0,0,0,1000,0,1000,1000
056382,道瓊反國泰9A購01,0,0,0,0,0,0,0,0,0,1000,0,0,0,1000,0,1000,1000
053475,華新科元大96購05,0,0,0,0,0,0,0,0,0,1000,0,0,0,1000,0,1000,1000
053425,京鼎永豐96購01  ,0,0,0,0,0,0,0,0,0,1000,0,0,0,1000,0,1000,1000
055935,創意群益97購02  ,0,0,0,0,0,0,0,0,0,1000,0,0,0,11000,10000,1000,1000
053594,京鼎元大96購02  ,0,0,0,0,0,0,0,0,0,1000,0,0,0,1000,0,1000,1000
8222,寶一            ,2000,1000,1000,0,0,0,0,0,0,0,0,0,0,0,0,0,1000
06716P,台積電元大9A售02,0,0,0,0,0,0,0,0,0,1000,0,0,0,59000,58000,1000,1000
06637P,大立光凱基98售15,0,0,0,0,0,0,0,0,0,1000,0,0,0,1000,0,1000,1000
06961P,台積電凱基99售05,0,0,0,0,0,0,0,0,0,1000,0,0,0,101000,100000,1000,1000
06883P,聯茂群益98售03  ,0,0,0,0,0,0,0,0,0,1000,0,0,0,21000,20000,1000,1000
06887P,華新科元大98售04,0,0,0,0,0,0,0,0,0,1000,0,0,0,76000,75000,1000,1000
06843P,鴻海元大98售11  ,0,0,0,0,0,0,0,0,0,1000,0,0,0,71000,70000,1000,1000
06789P,鴻海凱基98售12  ,0,0,0,0,0,0,0,0,0,1000,0,0,0,11000,10000,1000,1000
1235,興泰            ,1000,0,1000,0,0,0,0,0,0,0,0,0,0,0,0,0,1000
1472,三洋紡          ,4000,2000,2000,0,0,0,0,0,0,-1000,0,1000,-1000,0,0,0,1000
2243,宏旭-KY         ,1000,0,1000,0,0,0,0,0,0,0,0,0,0,0,0,0,1000
1540,喬福            ,3000,2000,1000,0,0,0,0,0,0,0,0,0,0,0,0,0,1000
5906,台南-KY         ,4000,3000,1000,0,0,0,0,0,0,0,0,0,0,0,0,0,1000
5608,四維航          ,13000,12000,1000,0,0,0,0,0,0,0,0,0,0,0,0,0,1000
5258,虹堡            ,20000,19000,1000,0,0,0,0,0,0,0,0,0,0,0,0,0,1000
4763,材料-KY         ,17000,12000,5000,0,0,0,0,0,0,-4000,0,4000,-4000,0,0,0,1000
2465,麗臺            ,0,0,0,0,0,0,0,0,0,1000,1000,0,1000,0,0,0,1000
2881B,富邦金乙特      ,0,0,0,0,0,0,0,0,0,1000,1000,0,1000,0,0,0,1000
2882B,國泰金乙特      ,0,0,0,0,0,0,0,0,0,1000,1000,0,1000,0,0,0,1000
3002,歐格            ,2000,1000,1000,0,0,0,0,0,0,0,0,0,0,0,0,0,1000
2891B,中信金乙特      ,0,0,0,0,0,0,0,0,0,1000,1000,0,1000,0,0,0,1000
3011,今皓            ,1000,0,1000,0,0,0,0,0,0,0,0,0,0,0,0,0,1000
008201,BP上證50        ,0,0,0,0,0,0,0,0,0,800,0,0,0,800,0,800,800
056772,欣興元大99購01  ,0,0,0,0,0,0,0,0,0,0,0,0,0,48000,48000,0,0
056820,欣興永豐98購02  ,0,0,0,0,0,0,0,0,0,0,0,0,0,51000,51000,0,0
05683P,矽創元大96售01  ,0,0,0,0,0,0,0,0,0,0,0,0,0,50000,50000,0,0
056841,友達元富98購03  ,0,0,0,0,0,0,0,0,0,0,0,0,0,199000,199000,0,0
056894,佳世達元大99購01,0,0,0,0,0,0,0,0,0,0,0,0,0,29000,29000,0,0
056645,大立光凱基98購12,0,0,0,0,0,0,0,0,0,0,0,0,0,1000,1000,0,0
056674,華邦電元富98購01,0,0,0,0,0,0,0,0,0,0,0,0,0,34000,34000,0,0
056611,國巨永豐98購03  ,0,0,0,0,0,0,0,0,0,0,0,0,0,10000,10000,0,0
056612,台積電永豐98購01,0,0,0,0,0,0,0,0,0,0,0,0,0,7000,7000,0,0
05663P,創意元富96售04  ,0,0,0,0,0,0,0,0,0,0,0,0,0,10000,10000,0,0
056627,訊芯永豐98購01  ,0,0,0,0,0,0,0,0,0,0,0,0,0,68000,68000,0,0
056736,國巨凱基99購03  ,0,0,0,0,0,0,0,0,0,0,0,0,0,68000,68000,0,0
056718,GIS永豐98購01   ,0,0,0,0,0,0,0,0,0,0,0,0,0,4000,4000,0,0
056701,國產國泰9A購01  ,0,0,0,0,0,0,0,0,0,0,0,0,0,4000,4000,0,0
057154,易華電國泰99購01,0,0,0,0,0,0,0,0,0,0,0,0,0,10000,10000,0,0
057166,國巨元大99購06  ,0,0,0,0,0,0,0,0,0,0,0,0,0,28000,28000,0,0
05719P,可成元大96售03  ,0,0,0,0,0,0,0,0,0,0,0,0,0,90000,90000,0,0
057212,台積電群益98購03,0,0,0,0,0,0,0,0,0,0,0,0,0,428000,428000,0,0
057038,元油2X元大9B購06,0,0,0,0,0,0,0,0,0,0,0,0,0,8000,8000,0,0
057040,國巨元大98購12  ,0,0,0,0,0,0,0,0,0,0,0,0,0,8000,8000,0,0
057077,國巨統一98購06  ,0,0,0,0,0,0,0,0,0,0,0,0,0,10000,10000,0,0
057470,易華電永豐98購02,0,0,0,0,0,0,0,0,0,0,0,0,0,25000,25000,0,0
05742P,可成元大96售04  ,0,0,0,0,0,0,0,0,0,0,0,0,0,104000,104000,0,0
057524,旺宏元大99購04  ,0,0,0,0,0,0,0,0,0,0,0,0,0,10000,10000,0,0
057491,美食元大98購03  ,0,0,0,0,0,0,0,0,0,0,0,0,0,8000,8000,0,0
057480,技嘉元大98購03  ,0,0,0,0,0,0,0,0,0,0,0,0,0,70000,70000,0,0
057282,大立光元大99購06,0,0,0,0,0,0,0,0,0,0,0,0,0,1000,1000,0,0
057341,技嘉台新98購01  ,0,0,0,0,0,0,0,0,0,0,0,0,0,51000,51000,0,0
057314,全新麥證98購01  ,0,0,0,30000,30000,0,0,0,0,0,0,0,0,30000,30000,0,0
057322,旺宏群益98購04  ,0,0,0,0,0,0,0,0,0,0,0,0,0,11000,11000,0,0
057758,鴻海凱基99購03  ,0,0,0,0,0,0,0,0,0,0,0,0,0,19000,19000,0,0
057707,臺股指群益98購07,0,0,0,0,0,0,0,0,0,0,0,0,0,10000,10000,0,0
05769P,台積電凱基96售16,0,0,0,0,0,0,0,0,0,0,0,0,0,10000,10000,0,0
057718,旺宏元富02購02  ,0,0,0,0,0,0,0,0,0,0,0,0,0,1000,1000,0,0
057727,華邦電國泰9A購01,0,0,0,0,0,0,0,0,0,0,0,0,0,10000,10000,0,0
057728,瑞昱國泰99購01  ,0,0,0,0,0,0,0,0,0,0,0,0,0,10000,10000,0,0
057729,華新科國泰99購04,0,0,0,0,0,0,0,0,0,0,0,0,0,2000,2000,0,0
057552,禾伸堂凱基98購05,0,0,0,0,0,0,0,0,0,0,0,0,0,1000,1000,0,0
057598,鴻海群益98購07  ,0,0,0,0,0,0,0,0,0,0,0,0,0,157000,157000,0,0
057671,群創元大9B購06  ,0,0,0,0,0,0,0,0,0,0,0,0,0,19000,19000,0,0
057665,技嘉元大99購01  ,0,0,0,0,0,0,0,0,0,0,0,0,0,102000,102000,0,0
05997P,嘉聯益群益96售02,0,0,0,0,0,0,0,0,0,0,0,0,0,46000,46000,0,0
06000P,GIS元大96售04   ,0,0,0,0,0,0,0,0,0,0,0,0,0,7000,7000,0,0
05936P,台積電凱基96售20,0,0,0,0,0,0,0,0,0,0,0,0,0,38000,38000,0,0
05937P,台積電凱基96售21,0,0,0,0,0,0,0,0,0,0,0,0,0,10000,10000,0,0
05932P,鴻海凱基96售16  ,0,0,0,0,0,0,0,0,0,0,0,0,0,20000,20000,0,0
05933P,鴻海凱基97售03  ,0,0,0,0,0,0,0,0,0,0,0,0,0,21000,21000,0,0
05868P,台積電凱基96售17,0,0,0,0,0,0,0,0,0,0,0,0,0,10000,10000,0,0
058554,瀚宇博永豐99購01,0,0,0,0,0,0,0,0,0,0,0,0,0,6000,6000,0,0
05918P,大立光元大96售11,0,0,0,0,0,0,0,0,0,0,0,0,0,125000,125000,0,0
06051P,嘉聯益國票97售04,0,0,0,0,0,0,0,0,0,0,0,0,0,10000,10000,0,0
06141P,大立光日盛97售01,0,0,0,0,0,0,0,0,0,0,0,0,0,2000,2000,0,0
06184P,大立光元大97售06,0,0,0,0,0,0,0,0,0,0,0,0,0,49000,49000,0,0
06191P,鴻海群益97售03  ,0,0,0,0,0,0,0,0,0,0,0,0,0,10000,10000,0,0
06267P,大立光凱基97售12,0,0,0,0,0,0,0,0,0,0,0,0,0,250000,250000,0,0
06284P,台積電國票98售03,0,0,0,0,0,0,0,0,0,0,0,0,0,7000,7000,0,0
06213P,大立光元大98售07,0,0,0,0,0,0,0,0,0,0,0,0,0,168000,168000,0,0
06231P,台積電永豐97售05,0,0,0,0,0,0,0,0,0,0,0,0,0,111000,111000,0,0
06202P,大立光元大98售06,0,0,0,0,0,0,0,0,0,0,0,0,0,25000,25000,0,0
06196P,元上證元大97售01,0,0,0,0,0,0,0,0,0,0,0,0,0,10000,10000,0,0
06316P,臺股指元富97售03,0,0,0,0,0,0,0,0,0,0,0,0,0,10000,10000,0,0
06381P,臺股指統一98售03,0,0,0,0,0,0,0,0,0,0,0,0,0,2000,2000,0,0
06373P,聯發科元大97售22,0,0,0,0,0,0,0,0,0,0,0,0,0,700000,700000,0,0
06359P,上銀群益97售03  ,0,0,0,0,0,0,0,0,0,0,0,0,0,10000,10000,0,0
06365P,鴻海凱基97售09  ,0,0,0,0,0,0,0,0,0,0,0,0,0,20000,20000,0,0
06582P,可成凱基98售06  ,0,0,0,0,0,0,0,0,0,0,0,0,0,200000,200000,0,0
06535P,可成群益99售02  ,0,0,0,0,0,0,0,0,0,0,0,0,0,50000,50000,0,0
06527P,T50正2富邦9C售01,0,0,0,0,0,0,0,0,0,0,0,0,0,15000,15000,0,0
06528P,台積電富邦99售03,0,0,0,0,0,0,0,0,0,0,0,0,0,5000,5000,0,0
06494P,鴻海永昌98售03  ,0,0,0,0,0,0,0,0,0,0,0,0,0,10000,10000,0,0
06499P,臺股指元大9A售04,0,0,0,0,0,0,0,0,0,0,0,0,0,100000,100000,0,0
06433P,大立光群益99售01,0,0,0,0,0,0,0,0,0,0,0,0,0,2000,2000,0,0
06473P,鴻海元大99售03  ,0,0,0,0,0,0,0,0,0,0,0,0,0,10000,10000,0,0
058296,明泰凱基99購01  ,0,0,0,0,0,0,0,0,0,0,0,0,0,24000,24000,0,0
058304,鴻海元大99購12  ,0,0,0,0,0,0,0,0,0,0,0,0,0,75000,75000,0,0
058246,帆宣元大99購01  ,0,0,0,0,0,0,0,0,0,0,0,0,0,29000,29000,0,0
058266,宏達電永豐99購01,0,0,0,0,0,0,0,0,0,0,0,0,0,14000,14000,0,0
058213,欣興群益99購01  ,0,0,0,0,0,0,0,0,0,0,0,0,0,29000,29000,0,0
058223,世芯統一9B購01  ,0,0,0,0,0,0,0,0,0,0,0,0,0,4000,4000,0,0
058244,神達元大99購02  ,0,0,0,0,0,0,0,0,0,0,0,0,0,6000,6000,0,0
058180,華新科國泰9A購01,0,0,0,0,0,0,0,0,0,0,0,0,0,1000,1000,0,0
058166,鴻海凱基9A購01  ,0,0,0,0,0,0,0,0,0,0,0,0,0,19000,19000,0,0
058167,鴻海凱基9A購03  ,0,0,0,0,0,0,0,0,0,0,0,0,0,46000,46000,0,0
058176,聯發科凱基99購05,0,0,0,0,0,0,0,0,0,0,0,0,0,1000,1000,0,0
058205,神達凱基9B購01  ,0,0,0,0,0,0,0,0,0,0,0,0,0,5000,5000,0,0
058402,欣興元大99購04  ,0,0,0,0,0,0,0,0,0,0,0,0,0,68000,68000,0,0
058450,旺宏永豐99購01  ,0,0,0,0,0,0,0,0,0,0,0,0,0,10000,10000,0,0
058458,牧德永豐9A購01  ,0,0,0,0,0,0,0,0,0,0,0,0,0,3000,3000,0,0
05845P,大立光元大96售06,0,0,0,0,0,0,0,0,0,0,0,0,0,49000,49000,0,0
058519,嘉澤元大99購01  ,0,0,0,0,0,0,0,0,0,0,0,0,0,32000,32000,0,0
058514,潤泰全元大99購01,0,0,0,0,0,0,0,0,0,0,0,0,0,147000,147000,0,0
058508,聯發科元大99購11,0,0,0,0,0,0,0,0,0,0,0,0,0,56000,56000,0,0
058478,聯發科凱基9A購01,0,0,0,0,0,0,0,0,0,0,0,0,0,3000,3000,0,0
058492,華通群益9B購01  ,0,0,0,0,0,0,0,0,0,0,0,0,0,12000,12000,0,0
058502,鴻海元大99購13  ,0,0,0,0,0,0,0,0,0,0,0,0,0,36000,36000,0,0
058503,鴻海元大99購14  ,0,0,0,0,0,0,0,0,0,0,0,0,0,38000,38000,0,0
058504,台積電元大99購07,0,0,0,0,0,0,0,0,0,0,0,0,0,183000,183000,0,0
058335,鴻海元富99購06  ,0,0,0,0,0,0,0,0,0,0,0,0,0,20000,20000,0,0
058342,鴻海群益9A購01  ,0,0,0,0,0,0,0,0,0,0,0,0,0,101000,101000,0,0
058343,台積電群益99購02,0,0,0,0,0,0,0,0,0,0,0,0,0,651000,651000,0,0
058352,鴻海凱基9A購05  ,0,0,0,0,0,0,0,0,0,0,0,0,0,18000,18000,0,0
058358,技嘉凱基9A購01  ,0,0,0,0,0,0,0,0,0,0,0,0,0,119000,119000,0,0
058370,聯詠凱基99購01  ,0,0,0,0,0,0,0,0,0,0,0,0,0,15000,15000,0,0
058362,聯發科凱基99購06,0,0,0,0,0,0,0,0,0,0,0,0,0,13000,13000,0,0
058367,大立光凱基9A購01,0,0,0,0,0,0,0,0,0,0,0,0,0,2000,2000,0,0
058400,聯發科元大99購09,0,0,0,0,0,0,0,0,0,0,0,0,0,173000,173000,0,0
058397,大成鋼元大99購02,0,0,0,0,0,0,0,0,0,0,0,0,0,11000,11000,0,0
057859,神達康和98購01  ,0,0,0,0,0,0,0,0,0,0,0,0,0,5000,5000,0,0
057963,緯穎元大98購08  ,0,0,0,0,0,0,0,0,0,0,0,0,0,21000,21000,0,0
057933,聯發科群益98購06,0,0,0,0,0,0,0,0,0,0,0,0,0,98000,98000,0,0
05808P,臺股指國票96售01,0,0,0,0,0,0,0,0,0,0,0,0,0,2000,2000,0,0
058093,神達元大9A購01  ,0,0,0,0,0,0,0,0,0,0,0,0,0,6000,6000,0,0
058084,大立光群益98購04,0,0,0,0,0,0,0,0,0,0,0,0,0,2000,2000,0,0
058086,鴻海元大98購14  ,0,0,0,0,0,0,0,0,0,0,0,0,0,78000,78000,0,0
058017,漢唐凱基99購01  ,0,0,0,0,0,0,0,0,0,0,0,0,0,5000,5000,0,0
057987,大立光元富98購02,0,0,0,0,0,0,0,0,0,0,0,0,0,9000,9000,0,0
058002,FBVIX群益9C購01 ,0,0,0,0,0,0,0,0,0,0,0,0,0,5000,5000,0,0
058036,南電永豐98購01  ,0,0,0,0,0,0,0,0,0,0,0,0,0,68000,68000,0,0
058044,鴻海元大99購07  ,0,0,0,0,0,0,0,0,0,0,0,0,0,80000,80000,0,0
058042,鴻海元大98購12  ,0,0,0,0,0,0,0,0,0,0,0,0,0,70000,70000,0,0
058048,群創元大9B購07  ,0,0,0,0,0,0,0,0,0,0,0,0,0,16000,16000,0,0
058063,旺宏中信98購04  ,0,0,0,0,0,0,0,0,0,0,0,0,0,10000,10000,0,0
00776,新光ICE美國權值 ,0,0,0,0,0,0,0,0,0,0,0,0,0,2000,2000,0,0
00774B,新光中國政金綠債,0,0,0,0,0,0,0,0,0,0,0,0,0,2000,2000,0,0
00767,FH美國金融股    ,0,0,0,0,0,0,0,0,0,0,0,0,0,7000,7000,0,0
00691R,兆豐藍籌30反1   ,0,0,0,0,0,0,0,0,0,0,0,0,0,1000,1000,0,0
00732,國泰RMB短期報酬 ,0,0,0,0,0,0,0,0,0,0,0,0,0,98000,98000,0,0
00668K,國泰美國道瓊+U  ,0,0,0,0,0,0,0,0,0,0,0,0,0,100,100,0,0
00657K,國泰日經225+U   ,0,0,0,0,0,0,0,0,0,0,0,0,0,100,100,0,0
00636K,國泰中國A50+U   ,0,0,0,0,0,0,0,0,0,0,0,0,0,100,100,0,0
0051,元大中型100     ,1000,1000,0,0,0,0,0,0,0,0,0,0,0,2000,2000,0,0
00625K,富邦上証+R      ,0,0,0,0,0,0,0,0,0,0,0,0,0,50000,50000,0,0
043944,欣興兆豐93購02  ,0,0,0,0,0,0,0,0,0,0,0,0,0,10000,10000,0,0
043784,鴻海凱基94購01  ,0,0,0,0,0,0,0,0,0,0,0,0,0,20000,20000,0,0
03088P,大立光元大01售17,0,0,0,0,0,0,0,0,0,0,0,0,0,15000,15000,0,0
04265P,滬深2X元富93售04,0,0,0,0,0,0,0,0,0,0,0,0,0,217000,217000,0,0
044996,嘉晶國泰95購01  ,0,0,0,0,0,0,0,0,0,0,0,0,0,50000,50000,0,0
045298,旺宏元大94購01  ,0,0,0,0,0,0,0,0,0,0,0,0,0,1000,1000,0,0
04424P,台郡永豐94售01  ,0,0,0,0,0,0,0,0,0,0,0,0,0,25000,25000,0,0
044264,大立光富邦93購03,0,0,0,0,0,0,0,0,0,0,0,0,0,10000,10000,0,0
044478,友達統一93購01  ,0,0,0,0,0,0,0,0,0,0,0,0,0,10000,10000,0,0
04459P,元油2X元富94售08,0,0,0,0,0,0,0,0,0,0,0,0,0,50000,50000,0,0
047688,亞德客富邦95購01,0,0,0,0,0,0,0,0,0,0,0,0,0,10000,10000,0,0
047701,鴻海凱基94購12  ,0,0,0,0,0,0,0,0,0,0,0,0,0,11000,11000,0,0
03671P,大立光凱基95售02,0,0,0,0,0,0,0,0,0,0,0,0,0,50000,50000,0,0
03603P,群創凱基98售04  ,0,0,0,0,0,0,0,0,0,0,0,0,0,21000,21000,0,0
046450,鴻海凱基93購12  ,0,0,0,0,0,0,0,0,0,0,0,0,0,10000,10000,0,0
04651P,臺股指凱基94售10,0,0,0,0,0,0,0,0,0,0,0,0,0,110000,110000,0,0
047526,可成元大93購08  ,0,0,0,0,0,0,0,0,0,0,0,0,0,45000,45000,0,0
047476,鴻海凱基94購08  ,0,0,0,0,0,0,0,0,0,0,0,0,0,27000,27000,0,0
047434,台積電元大93購21,0,0,0,0,0,0,0,0,0,0,0,0,0,30000,30000,0,0
047384,台積電元大93購20,0,0,0,0,0,0,0,0,0,0,0,0,0,20000,20000,0,0
047342,T50反1中信99購01,0,0,0,0,0,0,0,0,0,0,0,0,0,12000,12000,0,0
047227,華新科凱基94購01,0,0,0,0,0,0,0,0,0,0,0,0,0,4000,4000,0,0
046798,元油2X元大96購01,0,0,0,0,0,0,0,0,0,0,0,0,0,300000,300000,0,0
046896,臻鼎群益94購01  ,0,0,0,0,0,0,0,0,0,0,0,0,0,56000,56000,0,0
046937,聯電元大99購01  ,0,0,0,0,0,0,0,0,0,0,0,0,0,46000,46000,0,0
04710P,台積電元大94售16,0,0,0,0,0,0,0,0,0,0,0,0,0,114000,114000,0,0
045736,台積電群益94購01,0,0,0,0,0,0,0,0,0,0,0,0,0,10000,10000,0,0
04542P,致伸永豐94售01  ,0,0,0,0,0,0,0,0,0,0,0,0,0,17000,17000,0,0
04563P,可成凱基94售05  ,0,0,0,0,0,0,0,0,0,0,0,0,0,3000,3000,0,0
045470,康控元大94購03  ,0,0,0,0,0,0,0,0,0,0,0,0,0,10000,10000,0,0
047772,泰鼎元大93購05  ,0,0,0,0,0,0,0,0,0,0,0,0,0,2000,2000,0,0
047804,鴻海凱基93購26  ,0,0,0,0,0,0,0,0,0,0,0,0,0,499000,499000,0,0
047809,瑞昱凱基93購08  ,0,0,0,0,0,0,0,0,0,0,0,0,0,20000,20000,0,0
047761,亞德客元大93購02,0,0,0,0,0,0,0,0,0,0,0,0,0,1000,1000,0,0
047829,旺宏元大93購06  ,0,0,0,0,0,0,0,0,0,0,0,0,0,1000,1000,0,0
047879,台積電中信93購04,0,0,0,0,0,0,0,0,0,0,0,0,0,15000,15000,0,0
04792P,智邦元大94售06  ,0,0,0,0,0,0,0,0,0,0,0,0,0,9000,9000,0,0
04661P,臺股指富邦94售04,0,0,0,0,0,0,0,0,0,0,0,0,0,1260000,1260000,0,0
04658P,臺股指永昌94售02,0,0,0,0,0,0,0,0,0,0,0,0,0,90000,90000,0,0
046240,中鋼中信94購01  ,0,0,0,0,0,0,0,0,0,0,0,0,0,78000,78000,0,0
048121,亞德客元大93購05,0,0,0,0,0,0,0,0,0,0,0,0,0,1000,1000,0,0
048054,鴻海國泰95購01  ,0,0,0,0,0,0,0,0,0,0,0,0,0,4000,4000,0,0
049381,欣興元大94購05  ,0,0,0,0,0,0,0,0,0,0,0,0,0,10000,10000,0,0
049398,微星群益94購02  ,0,0,0,0,0,0,0,0,0,0,0,0,0,20000,20000,0,0
049312,亞光凱基94購02  ,0,0,0,0,0,0,0,0,0,0,0,0,0,10000,10000,0,0
049285,宏碁兆豐94購01  ,0,0,0,0,0,0,0,0,0,0,0,0,0,1000,1000,0,0
049292,鴻海群益94購04  ,0,0,0,0,0,0,0,0,0,0,0,0,0,1000,1000,0,0
048003,旭富元大93購01  ,0,0,0,0,0,0,0,0,0,0,0,0,0,10000,10000,0,0
05226P,智邦統一95售01  ,0,0,0,0,0,0,0,0,0,0,0,0,0,10000,10000,0,0
051161,喬山元大95購02  ,0,450000,-450000,0,0,0,0,0,0,450000,0,0,0,450000,0,450000,0
052026,漢唐群益95購01  ,0,0,0,0,0,0,0,0,0,0,0,0,0,16000,16000,0,0
05121P,創意國泰96售01  ,0,0,0,0,0,0,0,0,0,0,0,0,0,14000,14000,0,0
05200P,臺股指永豐95售03,0,0,0,0,0,0,0,0,0,0,0,0,0,40000,40000,0,0
049268,聯茂元大94購03  ,0,0,0,0,0,0,0,0,0,0,0,0,0,10000,10000,0,0
049270,台表科元大95購02,0,0,0,0,0,0,0,0,0,0,0,0,0,5000,5000,0,0
049273,臺股指元大94購08,0,0,0,0,0,0,0,0,0,0,0,0,0,1000,1000,0,0
053323,群創群益98購07  ,0,0,0,0,0,0,0,0,0,0,0,0,0,11000,11000,0,0
053327,彩晶台新97購01  ,0,0,0,0,0,0,0,0,0,0,0,0,0,1000,1000,0,0
050356,緯穎群益94購05  ,0,0,0,0,0,0,0,0,0,0,0,0,0,34000,34000,0,0
050341,光寶科元富94購01,0,0,0,0,0,0,0,0,0,0,0,0,0,10000,10000,0,0
050347,上証2X群益98購01,0,0,0,0,0,0,0,0,0,0,0,0,0,24000,24000,0,0
050366,鴻海元大94購19  ,0,0,0,0,0,0,0,0,0,0,0,0,0,19000,19000,0,0
050367,鴻海元大94購20  ,0,0,0,0,0,0,0,0,0,0,0,0,0,51000,51000,0,0
050370,台積電元大94購24,0,0,0,0,0,0,0,0,0,0,0,0,0,290000,290000,0,0
050371,台積電元大94購25,0,0,0,0,0,0,0,0,0,0,0,0,0,75000,75000,0,0
050332,鴻海國泰96購05  ,0,0,0,0,0,0,0,0,0,0,0,0,0,5000,5000,0,0
050320,台表科國票94購01,0,0,0,0,0,0,0,0,0,0,0,0,0,10000,10000,0,0
053376,鴻海元大96購19  ,0,0,0,0,0,0,0,0,0,0,0,0,0,1000,1000,0,0
049023,玉晶光群益96購04,0,0,0,0,0,0,0,0,0,0,0,0,0,226000,226000,0,0
048988,聯茂元大94購02  ,0,0,0,0,0,0,0,0,0,0,0,0,0,27000,27000,0,0
048980,嘉澤元大94購02  ,0,0,0,0,0,0,0,0,0,0,0,0,0,23000,23000,0,0
048818,台達電凱基94購01,0,0,0,0,0,0,0,0,0,0,0,0,0,7000,7000,0,0
048831,玉晶光凱基95購01,0,0,0,0,0,0,0,0,0,0,0,0,0,2000,2000,0,0
048832,玉晶光凱基95購02,0,0,0,0,0,0,0,0,0,0,0,0,0,6000,6000,0,0
048834,牧德凱基94購01  ,0,0,0,0,0,0,0,0,0,0,0,0,0,1000,1000,0,0
048836,牧德凱基94購03  ,0,0,0,0,0,0,0,0,0,0,0,0,0,12000,12000,0,0
048804,和碩富邦94購01  ,0,0,0,0,0,0,0,0,0,0,0,0,0,20000,20000,0,0
048728,台達電麥證94購01,0,0,0,12000,10000,2000,0,0,0,0,0,0,0,12000,12000,0,0
048633,台達電元大94購02,0,0,0,0,0,0,0,0,0,0,0,0,0,9000,9000,0,0
048635,鴻海元大94購04  ,0,0,0,0,0,0,0,0,0,0,0,0,0,62000,62000,0,0
048636,鴻海元大94購05  ,0,0,0,0,0,0,0,0,0,0,0,0,0,28000,28000,0,0
049138,台積電元大94購05,0,0,0,0,0,0,0,0,0,0,0,0,0,14000,14000,0,0
049149,華新科元大95購03,0,0,0,0,0,0,0,0,0,0,0,0,0,10000,10000,0,0
049156,緯穎元大96購01  ,0,0,0,0,0,0,0,0,0,0,0,0,0,13000,13000,0,0
049230,台達電富邦96購01,0,0,0,0,0,0,0,0,0,0,0,0,0,98000,98000,0,0
049600,緯穎元大95購02  ,0,0,0,0,0,0,0,0,0,0,0,0,0,1000,1000,0,0
049611,緯穎兆豐95購02  ,0,0,0,0,0,0,0,0,0,0,0,0,0,1000,1000,0,0
049597,泰鼎元大96購01  ,0,0,0,0,0,0,0,0,0,0,0,0,0,13000,13000,0,0
049590,華新科元大94購01,0,0,0,0,0,0,0,0,0,0,0,0,0,1000,1000,0,0
048450,聯詠凱基93購09  ,0,0,0,0,0,0,0,0,0,0,0,0,0,20000,20000,0,0
048345,緯創元大94購01  ,0,0,0,0,0,0,0,0,0,0,0,0,0,2000,2000,0,0
048425,聯茂元富96購02  ,0,0,0,0,0,0,0,0,0,0,0,0,0,11000,11000,0,0
050126,國巨凱基94購08  ,0,0,0,0,0,0,0,0,0,0,0,0,0,4000,4000,0,0
050161,鴻海國泰96購03  ,0,0,0,0,0,0,0,0,0,0,0,0,0,250000,250000,0,0
048320,聯詠凱基93購08  ,0,0,0,0,0,0,0,0,0,0,0,0,0,10000,10000,0,0
050204,華新科群益94購05,0,0,0,0,0,0,0,0,0,0,0,0,0,47000,47000,0,0
049654,臺股指凱基94購15,0,0,0,0,0,0,0,0,0,0,0,0,0,5000,5000,0,0
049656,臺股指凱基94購17,0,0,0,0,0,0,0,0,0,0,0,0,0,1000,1000,0,0
049618,美律群益94購03  ,0,0,0,0,0,0,0,0,0,0,0,0,0,20000,20000,0,0
048552,鴻海元大94購03  ,0,0,0,0,0,0,0,0,0,0,0,0,0,64000,64000,0,0
048557,瑞昱元大94購01  ,0,0,0,0,0,0,0,0,0,0,0,0,0,10000,10000,0,0
048488,大立光富邦93購05,0,0,0,0,0,0,0,0,0,0,0,0,0,10000,10000,0,0
048755,志超元富96購01  ,0,0,0,0,0,0,0,0,0,0,0,0,0,10000,10000,0,0
048762,寶齡凱基94購01  ,0,0,0,0,0,0,0,0,0,0,0,0,0,90000,90000,0,0
049713,鴻海凱基94購17  ,0,0,0,0,0,0,0,0,0,0,0,0,0,46000,46000,0,0
049700,瀚宇博元大97購01,0,0,0,0,0,0,0,0,0,0,0,0,0,6000,6000,0,0
048214,滬深2X凱基96購03,0,0,0,0,0,0,0,0,0,0,0,0,0,5000,5000,0,0
048205,臺股指元大93購39,0,0,0,0,0,0,0,0,0,0,0,0,0,170000,170000,0,0
048220,鴻海凱基93購35  ,0,0,0,0,0,0,0,0,0,0,0,0,0,6000,6000,0,0
049487,智邦元大94購03  ,0,0,0,0,0,0,0,0,0,0,0,0,0,1000,1000,0,0
04817P,創意國票95售02  ,0,0,0,0,0,0,0,0,0,0,0,0,0,10000,10000,0,0
049916,台光電元大94購06,0,0,0,0,0,0,0,0,0,0,0,0,0,6000,6000,0,0
049941,臺股指元大94購24,0,0,0,0,0,0,0,0,0,0,0,0,0,410000,410000,0,0
049920,大立光元大94購15,0,0,0,0,0,0,0,0,0,0,0,0,0,1000,1000,0,0
049908,鴻海元大94購08  ,0,0,0,0,0,0,0,0,0,0,0,0,0,5000,5000,0,0
050056,國巨凱基94購04  ,0,0,0,0,0,0,0,0,0,0,0,0,0,14000,14000,0,0
050021,鴻海元大94購10  ,0,0,0,0,0,0,0,0,0,0,0,0,0,1000,1000,0,0
050022,鴻海元大94購11  ,0,0,0,0,0,0,0,0,0,0,0,0,0,9000,9000,0,0
050028,華新科元大94購03,0,0,0,0,0,0,0,0,0,0,0,0,0,5000,5000,0,0
049977,瑞昱凱基94購03  ,0,0,0,0,0,0,0,0,0,0,0,0,0,68000,68000,0,0
05000P,臺股指永豐95售01,0,0,0,0,0,0,0,0,0,0,0,0,0,80000,80000,0,0
05217P,鴻海統一95售08  ,0,0,0,0,0,0,0,0,0,0,0,0,0,17000,17000,0,0
051973,華新科凱基96購04,0,0,0,0,0,0,0,0,0,0,0,0,0,95000,95000,0,0
051956,滬深2X台新96購01,0,0,0,0,0,0,0,0,0,0,0,0,0,10000,10000,0,0
051951,聯發科元富95購02,0,0,0,0,0,0,0,0,0,0,0,0,0,410000,410000,0,0
051934,緯穎國票96購01  ,0,0,0,0,0,0,0,0,0,0,0,0,0,6000,6000,0,0
051831,緯穎元大96購04  ,0,0,0,0,0,0,0,0,0,0,0,0,0,3000,3000,0,0
051833,昇陽半元大96購01,0,0,0,0,0,0,0,0,0,0,0,0,0,5000,5000,0,0
05178P,大立光凱基96售05,0,0,0,0,0,0,0,0,0,0,0,0,0,10000,10000,0,0
051729,華新國票96購01  ,0,0,0,0,0,0,0,0,0,0,0,0,0,10000,10000,0,0
05168P,鴻海元大95售14  ,0,0,0,0,0,0,0,0,0,0,0,0,0,8000,8000,0,0
051684,瑞昱凱基95購02  ,0,0,0,0,0,0,0,0,0,0,0,0,0,16000,16000,0,0
051521,大立光凱基96購07,0,0,0,0,0,0,0,0,0,0,0,0,0,85000,85000,0,0
051519,國泰金凱基95購02,10000,0,10000,0,0,0,0,0,0,-10000,0,0,0,10000,20000,-10000,0
050818,華新科凱基95購02,0,0,0,0,0,0,0,0,0,0,0,0,0,21000,21000,0,0
05081P,京鼎永豐95售01  ,0,0,0,0,0,0,0,0,0,0,0,0,0,43000,43000,0,0
050811,國巨凱基95購02  ,0,0,0,0,0,0,0,0,0,0,0,0,0,40000,40000,0,0
050809,鴻海凱基95購08  ,0,0,0,0,0,0,0,0,0,0,0,0,0,53000,53000,0,0
050771,華新科元大94購06,0,0,0,0,0,0,0,0,0,0,0,0,0,1000,1000,0,0
05146P,鴻海元大95售10  ,0,0,0,0,0,0,0,0,0,0,0,0,0,226000,226000,0,0
050749,道瓊銀統一96購03,0,0,0,0,0,0,0,0,0,0,0,0,0,5000,5000,0,0
05093P,可成元大95售03  ,0,0,0,0,0,0,0,0,0,0,0,0,0,25000,25000,0,0
050846,緯創國票96購01  ,0,0,0,0,0,0,0,0,0,0,0,0,0,10000,10000,0,0
050891,喬山元大95購01  ,0,450000,-450000,0,0,0,0,0,0,450000,0,0,0,450000,0,450000,0
05147P,鴻海元大95售11  ,0,0,0,0,0,0,0,0,0,0,0,0,0,10000,10000,0,0
051052,台積電群益95購01,0,0,0,0,0,0,0,0,0,0,0,0,0,69000,69000,0,0
051057,信邦群益95購01  ,0,0,0,0,0,0,0,0,0,0,0,0,0,25000,25000,0,0
051030,康友元富95購01  ,0,0,0,0,0,0,0,0,0,0,0,0,0,20000,20000,0,0
05099P,台積電凱基95售06,0,0,0,0,0,0,0,0,0,0,0,0,0,10000,10000,0,0
050972,台虹永豐95購01  ,0,0,0,0,0,0,0,0,0,0,0,0,0,30000,30000,0,0
05069P,鴻海統一96售03  ,0,0,0,0,0,0,0,0,0,0,0,0,0,59000,59000,0,0
050680,上銀元富94購01  ,0,0,0,0,0,0,0,0,0,0,0,0,0,10000,10000,0,0
053389,彩晶元大98購01  ,0,0,0,0,0,0,0,0,0,0,0,0,0,60000,60000,0,0
05338P,臺股指國票95售07,0,0,0,0,0,0,0,0,0,0,0,0,0,20000,20000,0,0
053381,友達元大9A購02  ,0,0,0,0,0,0,0,0,0,0,0,0,0,41000,41000,0,0
051572,上銀元大95購01  ,0,0,0,0,0,0,0,0,0,0,0,0,0,5000,5000,0,0
05160P,國巨國票96售03  ,0,0,0,0,0,0,0,0,0,0,0,0,0,40000,40000,0,0
055425,聚陽群益99購01  ,0,0,0,0,0,0,0,0,0,0,0,0,0,22000,22000,0,0
055375,京鼎元大97購03  ,0,0,0,0,0,0,0,0,0,0,0,0,0,57000,57000,0,0
054384,瀚宇博群益96購02,0,0,0,0,0,0,0,0,0,0,0,0,0,117000,117000,0,0
055383,GIS元大97購02   ,0,0,0,0,0,0,0,0,0,0,0,0,0,4000,4000,0,0
054357,可成兆豐97購02  ,0,0,0,0,0,0,0,0,0,0,0,0,0,6000,6000,0,0
054340,大成鋼元富96購01,0,0,0,0,0,0,0,0,0,0,0,0,0,10000,10000,0,0
054089,台積電群益96購11,0,0,0,0,0,0,0,0,0,0,0,0,0,20000,20000,0,0
054024,中鋼康和96購01  ,0,0,0,0,0,0,0,0,0,0,0,0,0,70000,70000,0,0
054021,義隆台新96購01  ,0,0,0,0,0,0,0,0,0,0,0,0,0,85000,85000,0,0
053964,上銀元大96購05  ,0,0,0,0,0,0,0,0,0,0,0,0,0,11000,11000,0,0
053941,國巨國泰96購05  ,0,0,0,0,0,0,0,0,0,0,0,0,0,10000,10000,0,0
053944,亞泥富邦97購01  ,0,0,0,0,0,0,0,0,0,0,0,0,0,10000,10000,0,0
054123,易華電永豐96購03,0,0,0,0,0,0,0,0,0,0,0,0,0,20000,20000,0,0
054147,GIS元大96購02   ,0,0,0,0,0,0,0,0,0,0,0,0,0,4000,4000,0,0
05421P,鴻海元大96售12  ,0,0,0,0,0,0,0,0,0,0,0,0,0,185000,185000,0,0
052820,宏達電永豐96購01,0,0,0,0,0,0,0,0,0,0,0,0,0,19000,19000,0,0
052802,華新科元大97購02,0,0,0,0,0,0,0,0,0,0,0,0,0,1000,1000,0,0
05280P,華通元大95售08  ,0,0,0,0,0,0,0,0,0,0,0,0,0,32000,32000,0,0
053252,華邦電國泰98購01,0,0,0,0,0,0,0,0,0,0,0,0,0,10000,10000,0,0
053205,台光電麥證96購01,0,0,0,80000,80000,0,0,0,0,0,0,0,0,80000,80000,0,0
053273,國巨元大96購08  ,0,0,0,0,0,0,0,0,0,0,0,0,0,2000,2000,0,0
053274,旺宏元大98購03  ,0,0,0,0,0,0,0,0,0,0,0,0,0,10000,10000,0,0
053267,華新科群益96購02,0,0,0,0,0,0,0,0,0,0,0,0,0,12000,12000,0,0
053060,大立光永昌96購05,0,0,0,0,0,0,0,0,0,0,0,0,0,12000,12000,0,0
053084,國巨元大98購01  ,0,0,0,0,0,0,0,0,0,0,0,0,0,6000,6000,0,0
053092,台表科元大97購02,0,0,0,0,0,0,0,0,0,0,0,0,0,20000,20000,0,0
053088,奇鋐元大98購01  ,0,0,0,0,0,0,0,0,0,0,0,0,0,200000,200000,0,0
052691,GIS元大96購01   ,0,0,0,0,0,0,0,0,0,0,0,0,0,4000,4000,0,0
052596,群創群益98購05  ,0,0,0,0,0,0,0,0,0,0,0,0,0,3000,3000,0,0
050262,台積電元大94購21,0,0,0,0,0,0,0,0,0,0,0,0,0,133000,133000,0,0
050259,鴻海元大94購14  ,0,0,0,0,0,0,0,0,0,0,0,0,0,4000,4000,0,0
050610,鴻海元大94購24  ,0,0,0,0,0,0,0,0,0,0,0,0,0,101000,101000,0,0
050609,鴻海元大94購23  ,0,0,0,0,0,0,0,0,0,0,0,0,0,4000,4000,0,0
051416,創意國票96購02  ,0,0,0,0,0,0,0,0,0,0,0,0,0,10000,10000,0,0
05273P,國巨群益95售02  ,0,0,0,0,0,0,0,0,0,0,0,0,0,10000,10000,0,0
052727,仁寶元富96購01  ,0,0,0,0,0,0,0,0,0,0,0,0,0,60000,60000,0,0
052897,緯創群益96購03  ,0,0,0,0,0,0,0,0,0,0,0,0,0,11000,11000,0,0
052890,FB上証群益9B購01,0,0,0,0,0,0,0,0,0,0,0,0,0,10000,10000,0,0
052891,台泥群益96購01  ,0,0,0,0,0,0,0,0,0,0,0,0,0,11000,11000,0,0
052938,華新科兆豐96購01,0,0,0,0,0,0,0,0,0,0,0,0,0,40000,40000,0,0
052980,上銀元大96購03  ,0,0,0,0,0,0,0,0,0,0,0,0,0,20000,20000,0,0
05134P,鴻海凱基96售06  ,0,0,0,0,0,0,0,0,0,0,0,0,0,34000,34000,0,0
05135P,鴻海凱基96售07  ,0,0,0,0,0,0,0,0,0,0,0,0,0,103000,103000,0,0
051360,緯創元大95購03  ,0,0,0,0,0,0,0,0,0,0,0,0,0,100000,100000,0,0
05136P,台積電凱基95售08,0,0,0,0,0,0,0,0,0,0,0,0,0,10000,10000,0,0
050547,華新科凱基95購01,0,0,0,0,0,0,0,0,0,0,0,0,0,23000,23000,0,0
053002,鴻海永豐96購01  ,0,0,0,0,0,0,0,0,0,0,0,0,0,50000,50000,0,0
052994,群創台新99購01  ,0,0,0,0,0,0,0,0,0,0,0,0,0,10000,10000,0,0
052665,緯穎國票96購03  ,0,0,0,0,0,0,0,0,0,0,0,0,0,6000,6000,0,0
05122P,鴻海永昌96售06  ,0,0,0,0,0,0,0,0,0,0,0,0,0,320000,320000,0,0
052097,GIS元大95購05   ,0,0,0,0,0,0,0,0,0,0,0,0,0,4000,4000,0,0
052124,京鼎國票95購01  ,0,0,0,0,0,0,0,0,0,0,0,0,0,20000,20000,0,0
05212P,台積電國票96售04,0,0,0,0,0,0,0,0,0,0,0,0,0,63000,63000,0,0
052467,嘉聯益統一96購01,0,0,0,0,0,0,0,0,0,0,0,0,0,40000,40000,0,0
052496,華通台新96購02  ,0,0,0,0,0,0,0,0,0,0,0,0,0,200000,200000,0,0
052422,聯電國票96購03  ,0,0,0,0,0,0,0,0,0,0,0,0,0,60000,60000,0,0
052278,國巨凱基95購06  ,0,0,0,0,0,0,0,0,0,0,0,0,0,9000,9000,0,0
052349,鴻海統一95購15  ,0,0,0,0,0,0,0,0,0,0,0,0,0,48000,48000,0,0
052580,高鐵元富96購01  ,0,0,0,0,0,0,0,0,0,0,0,0,0,20000,20000,0,0
052541,大立光統一95購06,0,0,0,0,0,0,0,0,0,0,0,0,0,1000,1000,0,0
052552,智邦國票97購01  ,0,0,0,0,0,0,0,0,0,0,0,0,0,3000,3000,0,0
052534,貿聯國泰96購02  ,0,0,0,0,0,0,0,0,0,0,0,0,0,10000,10000,0,0
052524,新光金元大9B購01,0,0,0,0,0,0,0,0,0,0,0,0,0,1000,1000,0,0
050446,鴻海元大94購22  ,0,0,0,0,0,0,0,0,0,0,0,0,0,22000,22000,0,0
052579,亞泥元富96購01  ,0,0,0,0,0,0,0,0,0,0,0,0,0,20000,20000,0,0
050378,上証2X群益98購02,0,0,0,0,0,0,0,0,0,0,0,0,0,160000,160000,0,0
053639,禾伸堂永豐96購01,0,0,0,0,0,0,0,0,0,0,0,0,0,10000,10000,0,0
053588,聯發科元大97購07,0,0,0,0,0,0,0,0,0,0,0,0,0,10000,10000,0,0
053644,台表科國票97購03,0,0,0,0,0,0,0,0,0,0,0,0,0,15000,15000,0,0
053713,漢唐凱基96購04  ,0,0,0,0,0,0,0,0,0,0,0,0,0,5000,5000,0,0
053696,日月光元大96購05,0,0,0,0,0,0,0,0,0,0,0,0,0,1000,1000,0,0
055954,南港元大97購02  ,0,0,0,0,0,0,0,0,0,0,0,0,0,1000,1000,0,0
055943,瑞昱麥證97購01  ,0,0,0,10000,10000,0,0,0,0,0,0,0,0,10000,10000,0,0
055972,GIS元大97購04   ,0,0,0,0,0,0,0,0,0,0,0,0,0,4000,4000,0,0
053510,聯電群益97購01  ,0,0,0,0,0,0,0,0,0,0,0,0,0,30000,30000,0,0
055594,華新科元大98購02,0,0,0,0,0,0,0,0,0,0,0,0,0,1000,1000,0,0
055658,南電元富97購01  ,0,0,0,0,0,0,0,0,0,0,0,0,0,10000,10000,0,0
055725,嘉聯益元大98購03,0,0,0,0,0,0,0,0,0,0,0,0,0,32000,32000,0,0
05587P,鴻海凱基96售12  ,0,0,0,0,0,0,0,0,0,0,0,0,0,50000,50000,0,0
055919,景碩凱基98購02  ,0,0,0,0,0,0,0,0,0,0,0,0,0,12000,12000,0,0
055912,宏達電凱基98購03,0,0,0,0,0,0,0,0,0,0,0,0,0,33000,33000,0,0
055876,美食元富9A購01  ,0,0,0,0,0,0,0,0,0,0,0,0,0,3000,3000,0,0
055830,上銀元大97購07  ,0,0,0,0,0,0,0,0,0,0,0,0,0,46000,46000,0,0
055814,晶豪科國票97購02,0,0,0,0,0,0,0,0,0,0,0,0,0,90000,90000,0,0
055828,上銀元大97購05  ,0,0,0,0,0,0,0,0,0,0,0,0,0,81000,81000,0,0
055748,GIS元富97購01   ,0,0,0,0,0,0,0,0,0,0,0,0,0,4000,4000,0,0
056387,智伸科國泰99購01,0,0,0,0,0,0,0,0,0,0,0,0,0,10000,10000,0,0
056417,欣興中信98購01  ,0,0,0,0,0,0,0,0,0,0,0,0,0,3000,3000,0,0
056469,國巨元大99購01  ,0,0,0,0,0,0,0,0,0,0,0,0,0,72000,72000,0,0
056447,聯發科凱基98購09,0,0,0,0,0,0,0,0,0,0,0,0,0,6000,6000,0,0
056350,上銀元大98購02  ,0,0,0,0,0,0,0,0,0,0,0,0,0,3000,3000,0,0
056339,聯發科凱基99購02,0,0,0,0,0,0,0,0,0,0,0,0,0,2000,2000,0,0
056310,神達元大97購02  ,0,0,0,0,0,0,0,0,0,0,0,0,0,15000,15000,0,0
05619P,創意元富96售02  ,0,0,0,0,0,0,0,0,0,0,0,0,0,10000,10000,0,0
056234,GIS麥證97購01   ,0,0,0,0,4000,-4000,0,0,0,0,0,0,0,4000,4000,0,0
053837,貿聯永豐96購02  ,0,0,0,0,0,0,0,0,0,0,0,0,0,10000,10000,0,0
053901,T50反1凱基99購03,0,0,0,0,0,0,0,0,0,0,0,0,0,10000,10000,0,0
053773,上銀元大96購04  ,0,0,0,0,0,0,0,0,0,0,0,0,0,15000,15000,0,0
053814,美律群益97購02  ,0,0,0,0,0,0,0,0,0,0,0,0,0,10000,10000,0,0
056163,嘉聯益凱基98購03,0,0,0,0,0,0,0,0,0,0,0,0,0,60000,60000,0,0
056153,華新科凱基97購02,0,0,0,0,0,0,0,0,0,0,0,0,0,35000,35000,0,0
056095,臻鼎元富9A購01  ,0,0,0,0,0,0,0,0,0,0,0,0,0,60000,60000,0,0
056068,欣興元大97購05  ,0,0,0,0,0,0,0,0,0,0,0,0,0,19000,19000,0,0
055010,佐登元富97購01  ,0,0,0,0,0,0,0,0,0,0,0,0,0,50000,50000,0,0
055049,智邦永豐97購01  ,0,0,0,0,0,0,0,0,0,0,0,0,0,68000,68000,0,0
055084,國巨第一97購01  ,0,0,0,0,0,0,0,0,0,0,0,0,0,10000,10000,0,0
055076,福懋科永豐97購01,0,0,0,0,0,0,0,0,0,0,0,0,0,21000,21000,0,0
055113,大立光凱基98購06,0,0,0,0,0,0,0,0,0,0,0,0,0,110000,110000,0,0
055228,聯發科國票98購03,0,0,0,0,0,0,0,0,0,0,0,0,0,46000,46000,0,0
055216,友達凱基98購05  ,0,0,0,0,0,0,0,0,0,0,0,0,0,160000,160000,0,0
055217,緯創凱基97購02  ,0,0,0,0,0,0,0,0,0,0,0,0,0,75000,75000,0,0
055214,聯電凱基97購02  ,0,0,0,0,0,0,0,0,0,0,0,0,0,22000,22000,0,0
055362,GIS凱基97購03   ,0,0,0,0,0,0,0,0,0,0,0,0,0,4000,4000,0,0
055313,南電群益97購01  ,0,0,0,0,0,0,0,0,0,0,0,0,0,10000,10000,0,0
055323,貿聯國票98購01  ,0,0,0,0,0,0,0,0,0,0,0,0,0,15000,15000,0,0
055339,緯穎兆豐98購01  ,0,0,0,0,0,0,0,0,0,0,0,0,0,2000,2000,0,0
056497,GIS國泰99購01   ,0,0,0,0,0,0,0,0,0,0,0,0,0,4000,4000,0,0
056524,欣興中信98購02  ,0,0,0,0,0,0,0,0,0,0,0,0,0,3000,3000,0,0
056563,華新科群益98購04,0,0,0,0,0,0,0,0,0,0,0,0,0,37000,37000,0,0
056548,瀚宇博凱基98購02,0,0,0,0,0,0,0,0,0,0,0,0,0,7000,7000,0,0
056579,麗豐元大99購01  ,0,0,0,0,0,0,0,0,0,0,0,0,0,72000,72000,0,0
05601P,鴻海元大97售04  ,0,0,0,0,0,0,0,0,0,0,0,0,0,411000,411000,0,0
055467,國巨凱基97購05  ,0,0,0,0,0,0,0,0,0,0,0,0,0,14000,14000,0,0
055456,上銀富邦99購01  ,0,0,0,0,0,0,0,0,0,0,0,0,0,2000,2000,0,0
054850,上海銀兆豐97購01,0,0,0,0,0,0,0,0,0,0,0,0,0,18000,18000,0,0
054883,億光統一97購01  ,0,0,0,0,0,0,0,0,0,0,0,0,0,20000,20000,0,0
054881,光罩統一97購01  ,0,0,0,0,0,0,0,0,0,0,0,0,0,30000,30000,0,0
054906,神達康和97購01  ,0,0,0,0,0,0,0,0,0,0,0,0,0,5000,5000,0,0
054979,南港元富97購01  ,0,0,0,0,0,0,0,0,0,0,0,0,0,100000,100000,0,0
054772,康控國票98購02  ,0,0,0,0,0,0,0,0,0,0,0,0,0,52000,52000,0,0
054716,緯穎康和97購01  ,0,0,0,0,0,0,0,0,0,0,0,0,0,14000,14000,0,0
054590,嘉聯益國泰98購01,0,0,0,0,0,0,0,0,0,0,0,0,0,14000,14000,0,0
054435,華新科台新97購02,0,0,0,0,0,0,0,0,0,0,0,0,0,151000,151000,0,0
054492,嘉聯益台新96購01,0,0,0,0,0,0,0,0,0,0,0,0,0,40000,40000,0,0
05445P,聯詠元大95售05  ,0,0,0,0,0,0,0,0,0,0,0,0,0,15000,15000,0,0
054299,南電元大96購03  ,0,0,0,0,0,0,0,0,0,0,0,0,0,17000,17000,0,0
054265,GIS元大96購03   ,0,0,0,0,0,0,0,0,0,0,0,0,0,4000,4000,0,0
054258,牧德元大97購01  ,0,0,0,0,0,0,0,0,0,0,0,0,0,3000,3000,0,0
2397,友通            ,0,4000,-4000,0,0,0,0,0,0,4000,15000,11000,4000,0,0,0,0
4807,日成-KY         ,4000,4000,0,0,0,0,0,0,0,0,0,0,0,0,0,0,0
3694,海華            ,1000,1000,0,0,0,0,0,0,0,0,0,0,0,0,0,0,0
3550,聯穎            ,0,1000,-1000,0,0,0,0,0,0,1000,1000,0,1000,0,0,0,0
5215,科嘉-KY         ,32000,27000,5000,0,0,0,0,0,0,-5000,0,5000,-5000,0,0,0,0
6491,晶碩            ,2000,2000,0,0,0,0,0,0,0,0,0,0,0,0,0,0,0
1539,巨庭            ,1000,1000,0,0,0,0,0,0,0,0,0,0,0,0,0,0,0
1323,永裕            ,9000,10000,-1000,0,0,0,0,0,0,1000,1000,0,1000,0,0,0,0
1101B,台泥乙特        ,0,0,0,0,0,0,0,0,0,0,1000,1000,0,0,0,0,0
06993P,鴻海凱基99售05  ,0,0,0,0,0,0,0,0,0,0,0,0,0,10000,10000,0,0
06776P,鴻海元大99售05  ,0,0,0,0,0,0,0,0,0,0,0,0,0,103000,103000,0,0
06875P,台灣50永昌9A售02,0,0,0,0,0,0,0,0,0,0,0,0,0,30000,30000,0,0
06869P,金融類元大99售01,0,0,0,0,0,0,0,0,0,0,0,0,0,3000,3000,0,0
06863P,欣興凱基98售05  ,0,0,0,0,0,0,0,0,0,0,0,0,0,50000,50000,0,0
06885P,國巨國票99售06  ,0,0,0,0,0,0,0,0,0,0,0,0,0,1000,1000,0,0
06881P,國巨群益98售10  ,0,0,0,0,0,0,0,0,0,0,0,0,0,5000,5000,0,0
06954P,大立光元富99售01,0,0,0,0,0,0,0,0,0,0,0,0,0,2000,2000,0,0
06929P,鴻海元大99售11  ,0,0,0,0,0,0,0,0,0,0,0,0,0,10000,10000,0,0
06930P,台積電元大98售19,0,0,0,0,0,0,0,0,0,0,0,0,0,50000,50000,0,0
06638P,鴻海統一99售02  ,0,0,0,0,0,0,0,0,0,0,0,0,0,1000,1000,0,0
06644P,亞德客元大98售03,0,0,0,0,0,0,0,0,0,0,0,0,0,20000,20000,0,0
06714P,台積電元大98售15,0,0,0,0,0,0,0,0,0,0,0,0,0,15000,15000,0,0
06722P,臺股指中信9A售04,0,0,0,0,0,0,0,0,0,0,0,0,0,100000,100000,0,0
06733P,鴻海凱基99售02  ,0,0,0,0,0,0,0,0,0,0,0,0,0,20000,20000,0,0
911616,杜康-DR         ,2000,2000,0,0,0,0,0,0,0,0,0,0,0,0,0,0,0
058064,華邦電亞東99購01,0,0,0,0,0,0,0,0,0,-1000,0,0,0,0,1000,-1000,-1000
058003,FBVIX群益9C購02 ,0,0,0,0,0,0,0,0,0,-1000,0,0,0,0,1000,-1000,-1000
05796P,臺股指群益96售10,0,0,0,0,0,0,0,0,0,-1000,0,0,0,0,1000,-1000,-1000
057962,超眾元大99購03  ,0,0,0,0,0,0,0,0,0,-1000,0,0,0,10000,11000,-1000,-1000
057877,神達元大99購01  ,0,0,0,0,0,0,0,0,0,-1000,0,0,0,6000,7000,-1000,-1000
058371,智原凱基9A購01  ,0,0,0,0,0,0,0,0,0,-1000,0,0,0,0,1000,-1000,-1000
058484,元金2X國票04購01,0,0,0,0,0,0,0,0,0,-1000,0,0,0,0,1000,-1000,-1000
058509,聯發科元大99購12,0,0,0,0,0,0,0,0,0,-1000,0,0,0,53000,54000,-1000,-1000
058321,大立光永豐99購01,0,0,0,0,0,0,0,0,0,-1000,0,0,0,8000,9000,-1000,-1000
06314P,GIS元富97售02   ,0,0,0,0,0,0,0,0,0,-1000,0,0,0,0,1000,-1000,-1000
06187P,國巨統一97售05  ,0,0,0,0,0,0,0,0,0,-1000,0,0,0,0,1000,-1000,-1000
06087P,國巨永豐97售01  ,0,0,0,0,0,0,0,0,0,-1000,0,0,0,100000,101000,-1000,-1000
05890P,彩晶元大99售01  ,0,0,0,0,0,0,0,0,0,-1000,0,0,0,0,1000,-1000,-1000
05971P,世紀鋼永豐96售04,0,0,0,0,0,0,0,0,0,-1000,0,0,0,0,1000,-1000,-1000
05958P,聯發科國票97售04,0,0,0,0,0,0,0,0,0,-1000,0,0,0,0,1000,-1000,-1000
057730,聯鈞國泰9A購01  ,0,0,0,0,0,0,0,0,0,-1000,0,0,0,9000,10000,-1000,-1000
05771P,大立光凱基96售13,0,0,0,0,0,0,0,0,0,-1000,0,0,0,0,1000,-1000,-1000
057238,群創凱基9B購03  ,0,0,0,0,0,0,0,0,0,-1000,0,0,0,0,1000,-1000,-1000
057067,元油2X永豐9B購01,0,0,0,0,0,0,0,0,0,-1000,0,0,0,0,1000,-1000,-1000
056982,華新科群益98購05,0,0,0,0,0,0,0,0,0,-1000,0,0,0,45000,46000,-1000,-1000
057086,立積統一9C購01  ,0,0,0,0,0,0,0,0,0,-1000,0,0,0,19000,20000,-1000,-1000
056679,元油2X統一98購01,0,0,0,0,0,0,0,0,0,-1000,0,0,0,0,1000,-1000,-1000
056635,亞德客日盛99購01,0,0,0,0,0,0,0,0,0,-1000,0,0,0,0,1000,-1000,-1000
056909,嘉聯益元大99購03,0,0,0,0,0,0,0,0,0,-1000,0,0,0,1000,2000,-1000,-1000
050019,T50反1元大94購04,0,0,0,0,0,0,0,0,0,-1000,0,0,0,0,1000,-1000,-1000
049907,鴻海元大94購07  ,0,0,0,0,0,0,0,0,0,-1000,0,0,0,26000,27000,-1000,-1000
048221,鴻海凱基95購01  ,0,0,0,0,0,0,0,0,0,-1000,0,0,0,58000,59000,-1000,-1000
048192,華通元大96購01  ,0,0,0,0,0,0,0,0,0,-1000,0,0,0,140000,141000,-1000,-1000
048279,聯鈞永豐93購01  ,0,0,0,0,0,0,0,0,0,-1000,0,0,0,1000,2000,-1000,-1000
049553,鴻海國泰96購02  ,0,0,0,0,0,0,0,0,0,-1000,0,0,0,2000,3000,-1000,-1000
049682,友達統一94購03  ,0,0,0,0,0,0,0,0,0,-1000,0,0,0,0,1000,-1000,-1000
048504,A50正2中信95購01,0,0,0,0,0,0,0,0,0,-1000,0,0,0,0,1000,-1000,-1000
050131,新光金凱基94購01,0,0,0,0,0,0,0,0,0,-1000,0,0,0,4000,5000,-1000,-1000
048348,矽力元大93購03  ,0,0,0,0,0,0,0,0,0,-1000,0,0,0,5000,6000,-1000,-1000
049599,樺漢元大95購01  ,0,0,0,0,0,0,0,0,0,-1000,0,0,0,39000,40000,-1000,-1000
049175,台積電凱基94購12,0,0,0,0,0,0,0,0,0,-1000,0,0,0,0,1000,-1000,-1000
048611,宏達電凱基93購04,0,0,0,0,0,0,0,0,0,-1000,0,0,0,0,1000,-1000,-1000
048689,台光電群益94購01,0,0,0,0,0,0,0,0,0,-1000,0,0,0,0,1000,-1000,-1000
048792,瑞儀元大94購01  ,0,0,0,0,0,0,0,0,0,-1000,0,0,0,20000,21000,-1000,-1000
048785,台積電元大96購01,0,0,0,0,0,0,0,0,0,-1000,0,0,0,0,1000,-1000,-1000
049052,台積電永豐94購02,0,0,0,0,0,0,0,0,0,-1000,0,0,0,20000,21000,-1000,-1000
053320,華新科群益97購01,0,0,0,0,0,0,0,0,0,-1000,0,0,0,0,1000,-1000,-1000
052053,泰鼎凱基96購01  ,0,0,0,0,0,0,0,0,0,-1000,0,0,0,149000,150000,-1000,-1000
049385,茂林元大94購03  ,0,0,0,0,0,0,0,0,0,-1000,0,0,0,0,1000,-1000,-1000
048145,大立光統一93購10,0,0,0,0,0,0,0,0,0,-1000,0,0,0,0,1000,-1000,-1000
048094,大立光凱基93購31,0,0,0,0,0,0,0,0,0,-1000,0,0,0,300000,301000,-1000,-1000
04786P,鴻海永昌96售01  ,0,0,0,0,0,0,0,0,0,-1000,0,0,0,0,1000,-1000,-1000
045630,技嘉凱基93購02  ,0,0,0,0,0,0,0,0,0,-1000,0,0,0,14000,15000,-1000,-1000
04692P,大立光群益94售06,0,0,0,0,0,0,0,0,0,-1000,0,0,0,10000,11000,-1000,-1000
046476,鴻海統一96購01  ,0,0,0,0,0,0,0,0,0,-1000,0,0,0,112000,113000,-1000,-1000
03607P,滬深2X富邦95售01,0,0,0,0,0,0,0,0,0,-1000,0,0,0,0,1000,-1000,-1000
03665C,元石油富邦03牛01,0,0,0,0,0,0,0,0,0,-1000,0,0,0,0,1000,-1000,-1000
039212,台達電台新9A購01,0,0,0,0,0,0,0,0,0,-1000,0,0,0,0,1000,-1000,-1000
04309P,滬深2X統一93售05,0,0,0,0,0,0,0,0,0,-1000,0,0,0,1000,2000,-1000,-1000
047734,欣興兆豐94購02  ,0,0,0,0,0,0,0,0,0,-1000,0,0,0,168000,169000,-1000,-1000
042692,台灣50凱基96購09,0,0,0,0,0,0,0,0,0,-1000,0,0,0,0,1000,-1000,-1000
043580,大立光元富94購01,0,0,0,0,0,0,0,0,0,-1000,0,0,0,0,1000,-1000,-1000
0054,元大台商50      ,0,0,0,0,0,0,0,0,0,-1000,0,0,0,3000,4000,-1000,-1000
00736,國泰新興市場    ,0,0,0,0,0,0,0,0,0,-1000,0,0,0,100000,101000,-1000,-1000
042168,台灣50凱基96購01,0,0,0,0,0,0,0,0,0,-1000,0,0,0,0,1000,-1000,-1000
03010X,元展10          ,0,0,0,0,0,0,0,0,0,-1000,0,0,0,0,1000,-1000,-1000
042281,元油2X富邦96購02,0,0,0,0,0,0,0,0,0,-1000,0,0,0,0,1000,-1000,-1000
052296,TPK國票96購01   ,0,0,0,0,0,0,0,0,0,-1000,0,0,0,1696000,1697000,-1000,-1000
050481,泰鼎國票96購01  ,0,0,0,0,0,0,0,0,0,-1000,0,0,0,9000,10000,-1000,-1000
05130P,聯發科統一95售03,0,0,0,0,0,0,0,0,0,-1000,0,0,0,0,1000,-1000,-1000
05131P,聯詠統一97售01  ,0,0,0,0,0,0,0,0,0,-1000,0,0,0,0,1000,-1000,-1000
051424,緯穎國票97購01  ,0,0,0,0,0,0,0,0,0,-1000,0,0,0,4000,5000,-1000,-1000
051431,群創元富99購02  ,0,0,0,0,0,0,0,0,0,-1000,0,0,0,0,1000,-1000,-1000
053294,聯發科中信9C購01,0,0,0,0,0,0,0,0,0,-1000,0,0,0,0,1000,-1000,-1000
054246,國巨元大96購12  ,0,0,0,0,0,0,0,0,0,-1000,0,0,0,31000,32000,-1000,-1000
050979,鴻海元富96購02  ,0,0,0,0,0,0,0,0,0,-1000,0,0,0,0,1000,-1000,-1000
050998,訊連元大95購01  ,0,0,0,0,0,0,0,0,0,-1000,0,0,0,11000,12000,-1000,-1000
051046,寶成永豐95購01  ,0,0,0,0,0,0,0,0,0,-1000,0,0,0,0,1000,-1000,-1000
051117,臺指反群益95購02,0,0,0,0,0,0,0,0,0,-1000,0,0,0,4000,5000,-1000,-1000
050895,聯發科元大97購01,0,0,0,0,0,0,0,0,0,-1000,0,0,0,10000,11000,-1000,-1000
051711,臻鼎群益95購03  ,0,0,0,0,0,0,0,0,0,-1000,0,0,0,0,1000,-1000,-1000
051848,元金2X中信98購02,0,0,0,0,0,0,0,0,0,-1000,0,0,0,15000,16000,-1000,-1000
054457,強茂群益96購01  ,0,0,0,0,0,0,0,0,0,-1000,0,0,0,30000,31000,-1000,-1000
054547,鴻海凱基98購02  ,0,0,0,0,0,0,0,0,0,-1000,0,0,0,0,1000,-1000,-1000
054725,國巨日盛97購01  ,0,0,0,0,0,0,0,0,0,-1000,0,0,0,370000,371000,-1000,-1000
055285,華新科元大99購03,0,0,0,0,0,0,0,0,0,-1000,0,0,0,18000,19000,-1000,-1000
054934,金寶元大97購01  ,0,0,0,0,0,0,0,0,0,-1000,0,0,0,10000,11000,-1000,-1000
054820,新日興元大97購01,0,0,0,0,0,0,0,0,0,-1000,0,0,0,0,1000,-1000,-1000
056518,美律國票99購01  ,0,0,0,0,0,0,0,0,0,-1000,0,0,0,10000,11000,-1000,-1000
055103,南港凱基97購01  ,0,0,0,0,0,0,0,0,0,-1000,0,0,0,0,1000,-1000,-1000
056117,宏達電群益97購02,0,0,0,0,0,0,0,0,0,-1000,0,0,0,10000,11000,-1000,-1000
053817,華新科群益97購02,0,0,0,0,0,0,0,0,0,-1000,0,0,0,8000,9000,-1000,-1000
053891,欣興群益98購01  ,0,0,0,0,0,0,0,0,0,-1000,0,0,0,0,1000,-1000,-1000
056265,國泰金統一97購01,0,0,0,0,0,0,0,0,0,-1000,0,0,0,1000,2000,-1000,-1000
056295,國巨元大97購16  ,0,0,0,0,0,0,0,0,0,-1000,0,0,0,0,1000,-1000,-1000
056468,鴻海元大98購07  ,0,0,0,0,0,0,0,0,0,-1000,0,0,0,107000,108000,-1000,-1000
056408,奇鋐國票99購01  ,0,0,0,0,0,0,0,0,0,-1000,0,0,0,100000,101000,-1000,-1000
055810,T50反1國票99購01,0,0,0,0,0,0,0,0,0,-1000,0,0,0,0,1000,-1000,-1000
055651,富邦金元富97購01,0,0,0,0,0,0,0,0,0,-1000,0,0,0,20000,21000,-1000,-1000
055674,南港康和97購02  ,0,0,0,0,0,0,0,0,0,-1000,0,0,0,0,1000,-1000,-1000
053466,華通元大98購01  ,0,0,0,0,0,0,0,0,0,-1000,0,0,0,0,1000,-1000,-1000
055952,上銀元大97購08  ,0,0,0,0,0,0,0,0,0,-1000,0,0,0,7000,8000,-1000,-1000
053712,台光電凱基96購04,0,0,0,0,0,0,0,0,0,-1000,0,0,0,80000,81000,-1000,-1000
8488,吉源-KY         ,0,1000,-1000,0,0,0,0,0,0,0,0,0,0,0,0,0,-1000
8466,美吉吉-KY       ,2000,3000,-1000,0,0,0,0,0,0,0,0,0,0,0,0,0,-1000
8473,山林水          ,6000,7000,-1000,0,0,0,0,0,0,0,1000,1000,0,0,0,0,-1000
8478,東哥遊艇        ,0,1000,-1000,0,0,0,0,0,0,0,0,0,0,0,0,0,-1000
8481,政伸            ,0,1000,-1000,0,0,0,0,0,0,0,0,0,0,0,0,0,-1000
06809P,電子類群益98售03,0,0,0,0,0,0,0,0,0,-1000,0,0,0,19000,20000,-1000,-1000
07010P,T50正2凱基9C售01,0,0,0,0,0,0,0,0,0,-1000,0,0,0,0,1000,-1000,-1000
07014P,華通元大99售04  ,0,0,0,0,0,0,0,0,0,-1000,0,0,0,0,1000,-1000,-1000
1324,地球            ,0,0,0,0,0,0,0,0,0,-1000,0,1000,-1000,0,0,0,-1000
1432,大魯閣          ,0,1000,-1000,0,0,0,0,0,0,0,0,0,0,0,0,0,-1000
1506,正道            ,0,1000,-1000,0,0,0,0,0,0,0,0,0,0,0,0,0,-1000
1466,聚隆            ,0,0,0,0,0,0,0,0,0,-1000,0,1000,-1000,0,0,0,-1000
1454,台富            ,2000,3000,-1000,0,0,0,0,0,0,0,1000,1000,0,0,0,0,-1000
1445,大宇            ,0,1000,-1000,0,0,0,0,0,0,0,0,0,0,0,0,0,-1000
1568,倉佑            ,1000,1000,0,0,0,0,0,0,0,-1000,0,1000,-1000,0,0,0,-1000
1530,亞崴            ,0,0,0,0,0,0,0,0,0,-1000,0,1000,-1000,0,0,0,-1000
1616,億泰            ,0,1000,-1000,0,0,0,0,0,0,0,0,0,0,0,0,0,-1000
1727,中華化          ,0,1000,-1000,0,0,0,0,0,0,0,0,0,0,0,0,0,-1000
2236,百達-KY         ,0,1000,-1000,0,0,0,0,0,0,0,0,0,0,0,0,0,-1000
1805,寶徠            ,0,0,0,0,0,0,0,0,0,-1000,0,1000,-1000,0,0,0,-1000
2024,志聯            ,0,0,0,0,0,0,0,0,0,-1000,0,1000,-1000,0,0,0,-1000
6671,三能-KY         ,2000,1000,1000,0,0,0,0,0,0,-2000,0,2000,-2000,0,0,0,-1000
6625,必應            ,0,1000,-1000,0,0,0,0,0,0,0,0,0,0,0,0,0,-1000
6655,科定            ,0,1000,-1000,0,0,0,0,0,0,0,0,0,0,0,0,0,-1000
6166,凌華            ,76334,69334,7000,0,0,0,0,6000,-6000,-2000,0,1000,-1000,0,1000,-1000,-1000
6142,友勁            ,0,21000,-21000,0,0,0,0,0,0,20000,20000,0,20000,0,0,0,-1000
3432,台端            ,0,0,0,0,0,0,0,0,0,-1000,0,1000,-1000,0,0,0,-1000
3130,一零四          ,0,1000,-1000,0,0,0,0,0,0,0,0,0,0,0,0,0,-1000
4106,雃博            ,163000,163000,0,0,0,0,0,0,0,-1000,0,1000,-1000,0,0,0,-1000
4557,永新-KY         ,0,1000,-1000,0,0,0,0,0,0,0,0,0,0,0,0,0,-1000
4551,智伸科          ,93000,95000,-2000,0,0,0,0,0,0,1000,4000,3000,1000,0,0,0,-1000
4439,冠星-KY         ,1000,2000,-1000,0,0,0,0,0,0,0,0,0,0,0,0,0,-1000
4912,聯德控股-KY     ,7000,7000,0,0,0,0,0,0,0,-1000,0,1000,-1000,0,0,0,-1000
4764,雙鍵            ,0,1000,-1000,0,0,0,0,0,0,0,0,0,0,0,0,0,-1000
2468,華經            ,1000,2000,-1000,0,0,0,0,0,0,0,0,0,0,0,0,0,-1000
3021,鴻名            ,1000,2000,-1000,0,0,0,0,0,0,0,2000,2000,0,0,0,0,-1000
2936,客思達-KY       ,2000,3000,-1000,0,0,0,0,0,0,0,0,0,0,0,0,0,-1000
2611,志信            ,1000,2000,-1000,0,0,0,0,0,0,0,0,0,0,0,0,0,-1000
2712,遠雄來          ,0,1000,-1000,0,0,0,0,0,0,0,0,0,0,0,0,0,-1000
2838A,聯邦銀甲特      ,0,0,0,0,0,0,0,0,0,-1000,9000,10000,-1000,0,0,0,-1000
056806,元油2X統一98購02,0,0,0,0,0,0,0,0,0,-2000,0,0,0,20000,22000,-2000,-2000
056640,元油2X凱基9A購01,0,0,0,0,0,0,0,0,0,-2000,0,0,0,0,2000,-2000,-2000
056750,元油2X兆豐9A購01,0,0,0,0,0,0,0,0,0,-2000,0,0,0,0,2000,-2000,-2000
057116,鴻海日盛9A購01  ,0,0,0,0,0,0,0,0,0,-2000,0,0,0,0,2000,-2000,-2000
057069,台積電永豐98購02,0,0,0,0,0,0,0,0,0,-2000,0,0,0,0,2000,-2000,-2000
057484,南亞科元大98購06,0,0,0,0,0,0,0,0,0,-2000,0,0,0,0,2000,-2000,-2000
057523,大成鋼元大99購01,0,0,0,0,0,0,0,0,0,-2000,0,0,0,109000,111000,-2000,-2000
057549,台光電凱基98購05,0,0,0,0,0,0,0,0,0,-2000,0,0,0,6000,8000,-2000,-2000
057420,美食凱基98購01  ,0,0,0,0,0,0,0,0,0,-2000,0,0,0,0,2000,-2000,-2000
057752,臺股指國票98購08,0,0,0,0,0,0,0,0,0,-2000,0,0,0,4000,6000,-2000,-2000
05959P,聯發科國票98售01,0,0,0,0,0,0,0,0,0,-2000,0,0,0,0,2000,-2000,-2000
05953P,台積電國票98售02,0,0,0,0,0,0,0,0,0,-2000,0,0,0,39000,41000,-2000,-2000
05906P,國巨元富96售05  ,0,0,0,0,0,0,0,0,0,-2000,0,0,0,100000,102000,-2000,-2000
05884P,旺宏統一96售01  ,0,0,0,0,0,0,0,0,0,-2000,0,0,0,18000,20000,-2000,-2000
06546P,聯發科元大98售05,0,0,0,0,0,0,0,0,0,-2000,0,0,0,0,2000,-2000,-2000
06543P,鴻海元大98售08  ,0,0,0,0,0,0,0,0,0,-2000,0,0,0,10000,12000,-2000,-2000
058184,鴻海永豐99購01  ,0,0,0,0,0,0,0,0,0,-2000,0,0,0,10000,12000,-2000,-2000
058211,國巨群益9A購02  ,0,0,0,0,0,0,0,0,0,-2000,0,0,0,72000,74000,-2000,-2000
058364,奇力新凱基99購04,0,0,0,0,0,0,0,0,0,-2000,0,0,0,0,2000,-2000,-2000
057901,大立光永豐98購04,0,0,0,0,0,0,0,0,0,-2000,0,0,0,0,2000,-2000,-2000
00742,新光內需收益    ,0,0,0,0,0,0,0,0,0,-2000,0,0,0,0,2000,-2000,-2000
0057,富邦摩台        ,0,0,0,0,0,0,0,0,0,-2000,0,0,0,20000,22000,-2000,-2000
006203,元大MSCI台灣    ,0,2000,-2000,0,0,0,0,0,0,0,0,0,0,0,0,0,-2000
006204,永豐臺灣加權    ,0,0,0,0,0,0,0,0,0,-2000,0,0,0,0,2000,-2000,-2000
00661,元大日經225     ,0,0,0,0,0,0,0,0,0,-2000,0,0,0,0,2000,-2000,-2000
044247,道瓊反元富97購01,0,0,0,0,0,0,0,0,0,-2000,0,0,0,428000,430000,-2000,-2000
042089,台灣50中信94購03,0,0,0,0,0,0,0,0,0,-2000,0,0,0,0,2000,-2000,-2000
03956P,欣興統一93售02  ,0,0,0,0,0,0,0,0,0,-2000,0,0,0,28000,30000,-2000,-2000
045664,元油2X元富96購01,0,0,0,0,0,0,0,0,0,-2000,0,0,0,0,2000,-2000,-2000
048125,和鑫元大96購01  ,0,0,0,0,0,0,0,0,0,-2000,0,0,0,0,2000,-2000,-2000
051162,楠梓電元大95購01,0,0,0,0,0,0,0,0,0,-2000,0,0,0,0,2000,-2000,-2000
052259,深100富邦95購01 ,0,0,0,0,0,0,0,0,0,-2000,0,0,0,0,2000,-2000,-2000
052231,景碩凱基96購01  ,0,0,0,0,0,0,0,0,0,-2000,0,0,0,0,2000,-2000,-2000
04869P,鴻海元富95售02  ,0,0,0,0,0,0,0,0,0,-2000,0,0,0,0,2000,-2000,-2000
048417,國巨統一94購01  ,0,0,0,0,0,0,0,0,0,-2000,0,0,0,0,2000,-2000,-2000
050199,南電元大94購09  ,0,0,0,0,0,0,0,0,0,-2000,0,0,0,71000,73000,-2000,-2000
048509,上証反凱基99購02,0,0,0,0,0,0,0,0,0,-2000,0,0,0,0,2000,-2000,-2000
049714,國巨凱基94購02  ,0,0,0,0,0,0,0,0,0,-2000,0,0,0,5000,7000,-2000,-2000
049442,滬深2X統一99購01,0,0,0,0,0,0,0,0,0,-2000,0,0,0,0,2000,-2000,-2000
049899,台積電元富94購05,0,0,0,0,0,0,0,0,0,-2000,0,0,0,0,2000,-2000,-2000
051884,樺漢永豐95購01  ,0,0,0,0,0,0,0,0,0,-2000,0,0,0,0,2000,-2000,-2000
051664,鴻海元大96購07  ,0,0,0,0,0,0,0,0,0,-2000,0,0,0,0,2000,-2000,-2000
05086P,鴻海凱基95售13  ,0,0,0,0,0,0,0,0,0,-2000,0,0,0,22000,24000,-2000,-2000
050782,台積電國泰96購03,0,0,0,0,0,0,0,0,0,-2000,0,0,0,0,2000,-2000,-2000
051103,緯穎元大96購03  ,0,0,0,0,0,0,0,0,0,-2000,0,0,0,0,2000,-2000,-2000
053968,華邦電元大97購01,0,0,0,0,0,0,0,0,0,-2000,0,0,0,0,2000,-2000,-2000
054101,茂林國票97購04  ,0,0,0,0,0,0,0,0,0,-2000,0,0,0,46000,48000,-2000,-2000
055377,揚明光元大98購01,0,0,0,0,0,0,0,0,0,-2000,0,0,0,18000,20000,-2000,-2000
053923,亞光國票97購01  ,0,0,0,0,0,0,0,0,0,-2000,0,0,0,0,2000,-2000,-2000
051634,大立光國票96購03,0,0,0,0,0,0,0,0,0,-2000,0,0,0,0,2000,-2000,-2000
052797,樺漢兆豐96購01  ,0,0,0,0,0,0,0,0,0,-2000,0,0,0,0,2000,-2000,-2000
053055,聯詠國票97購01  ,0,0,0,0,0,0,0,0,0,-2000,0,0,0,23000,25000,-2000,-2000
050572,大立光中信97購01,0,0,0,0,0,0,0,0,0,-2000,0,0,0,0,2000,-2000,-2000
052932,正文元大97購01  ,0,0,0,0,0,0,0,0,0,-2000,0,0,0,18000,20000,-2000,-2000
051314,嘉聯益麥證96購01,0,0,0,0,2000,-2000,0,0,0,-2000,0,0,0,0,2000,-2000,-2000
052997,國巨康和96購01  ,0,0,0,0,0,0,0,0,0,-2000,0,0,0,0,2000,-2000,-2000
053027,玉晶光富邦98購01,0,0,0,0,0,0,0,0,0,-2000,0,0,0,0,2000,-2000,-2000
05213P,台積電國票96售05,0,0,0,0,0,0,0,0,0,-2000,0,0,0,23000,25000,-2000,-2000
052110,可成元富95購02  ,0,0,0,0,0,0,0,0,0,-2000,0,0,0,0,2000,-2000,-2000
05125P,鴻海群益95售06  ,0,0,0,0,0,0,0,0,0,-2000,0,0,0,18000,20000,-2000,-2000
052274,大立光群益95購03,0,0,0,0,0,0,0,0,0,-2000,0,0,0,2000,4000,-2000,-2000
050444,卜蜂元大94購03  ,0,0,0,0,0,0,0,0,0,-2000,0,0,0,0,2000,-2000,-2000
052539,華邦電統一95購01,0,0,0,0,0,0,0,0,0,-2000,0,0,0,0,2000,-2000,-2000
055661,亞德客中信98購01,0,0,0,0,0,0,0,0,0,-2000,0,0,0,0,2000,-2000,-2000
055874,中環元富9A購01  ,0,0,0,0,0,0,0,0,0,-2000,0,0,0,30000,32000,-2000,-2000
056354,國巨元大98購10  ,0,0,0,0,0,0,0,0,0,-2000,0,0,0,184000,186000,-2000,-2000
053858,台達電元大96購05,0,0,0,0,0,0,0,0,0,-2000,0,0,0,45000,47000,-2000,-2000
053735,矽力中信97購01  ,0,0,0,0,0,0,0,0,0,-2000,0,0,0,58000,60000,-2000,-2000
055023,億光國泰98購01  ,0,0,0,0,0,0,0,0,0,-2000,0,0,0,98000,100000,-2000,-2000
05524P,瀚宇博國票97售02,0,0,0,0,0,0,0,0,0,-2000,0,0,0,8000,10000,-2000,-2000
055488,華邦電元大98購01,0,0,0,0,0,0,0,0,0,-2000,0,0,0,10000,12000,-2000,-2000
055982,T50反1元富97購01,0,0,0,0,0,0,0,0,0,-2000,0,0,0,0,2000,-2000,-2000
054844,華邦電兆豐98購01,0,0,0,0,0,0,0,0,0,-2000,0,0,0,0,2000,-2000,-2000
05486P,大立光凱基95售14,0,0,0,0,0,0,0,0,0,-2000,0,0,0,0,2000,-2000,-2000
054972,聯茂元大97購02  ,0,0,0,0,0,0,0,0,0,-2000,0,0,0,0,2000,-2000,-2000
054942,凱美元大97購02  ,0,0,0,0,0,0,0,0,0,-2000,0,0,0,0,2000,-2000,-2000
054557,臻鼎凱基98購01  ,0,0,0,0,0,0,0,0,0,-2000,0,0,0,7000,9000,-2000,-2000
054589,聯鈞國泰99購01  ,0,0,0,0,0,0,0,0,0,-2000,0,0,0,7000,9000,-2000,-2000
054455,楠梓電群益98購02,0,0,0,0,0,0,0,0,0,-2000,0,0,0,0,2000,-2000,-2000
2613,中櫃            ,0,0,0,0,0,0,0,0,0,-2000,0,2000,-2000,0,0,0,-2000
2516,新建            ,1000,1000,0,0,0,0,0,0,0,-2000,0,2000,-2000,0,0,0,-2000
4960,誠美材          ,0,2000,-2000,0,0,0,0,0,0,0,0,0,0,0,0,0,-2000
3057,喬鼎            ,0,2000,-2000,0,0,0,0,0,0,0,0,0,0,0,0,0,-2000
3528,安馳            ,1000,2000,-1000,0,0,0,0,0,0,-1000,0,1000,-1000,0,0,0,-2000
5284,jpp-KY          ,1000,3000,-2000,0,0,0,0,0,0,0,0,0,0,0,0,0,-2000
6405,悅城            ,3000,1000,2000,0,0,0,0,0,0,-4000,0,4000,-4000,0,0,0,-2000
6205,詮欣            ,0,0,0,0,0,0,0,0,0,-2000,0,2000,-2000,0,0,0,-2000
2032,新鋼            ,2000,2000,0,0,0,0,0,0,0,-2000,0,2000,-2000,0,0,0,-2000
1732,毛寶            ,2000,4000,-2000,0,0,0,0,0,0,0,0,0,0,0,0,0,-2000
1724,台硝            ,0,0,0,0,0,0,0,0,0,-2000,0,2000,-2000,0,0,0,-2000
1722,台肥            ,718000,669000,49000,0,0,0,0,0,0,-51000,0,71000,-71000,20000,0,20000,-2000
1529,樂士            ,0,0,0,0,0,0,0,0,0,-2000,1000,3000,-2000,0,0,0,-2000
1587,吉茂            ,0,1000,-1000,0,0,0,0,0,0,-1000,0,1000,-1000,0,0,0,-2000
1443,立益            ,0,2000,-2000,0,0,0,0,0,0,0,0,0,0,0,0,0,-2000
1465,偉全            ,0,0,0,0,0,0,0,0,0,-2000,0,2000,-2000,0,0,0,-2000
1474,弘裕            ,2000,3000,-1000,0,0,0,0,0,0,-1000,0,1000,-1000,0,0,0,-2000
1468,昶和            ,0,2000,-2000,0,0,0,0,0,0,0,0,0,0,0,0,0,-2000
1470,大統新創        ,0,2000,-2000,0,0,0,0,0,0,0,0,0,0,0,0,0,-2000
1341,富林-KY         ,0,2000,-2000,0,0,0,0,0,0,0,0,0,0,0,0,0,-2000
1419,新紡            ,3000,5000,-2000,0,0,0,0,0,0,0,0,0,0,0,0,0,-2000
1312A,國喬特          ,0,0,0,0,0,0,0,0,0,-2000,3000,5000,-2000,0,0,0,-2000
8467,波力-KY         ,0,1000,-1000,0,0,0,0,0,0,-1000,0,1000,-1000,0,0,0,-2000
8462,柏文            ,26000,23000,3000,0,0,0,0,5000,-5000,0,0,0,0,0,0,0,-2000
8033,雷虎            ,21000,23000,-2000,0,0,0,0,0,0,0,0,0,0,0,0,0,-2000
057934,華新科群益98購07,0,0,0,0,0,0,0,0,0,-3000,0,0,0,43000,46000,-3000,-3000
057948,嘉聯益國票99購02,0,0,0,0,0,0,0,0,0,-3000,0,0,0,17000,20000,-3000,-3000
058378,南電凱基99購01  ,0,0,0,0,0,0,0,0,0,-3000,0,0,0,74000,77000,-3000,-3000
058380,臺股指凱基99購15,0,0,0,0,0,0,0,0,0,-3000,0,0,0,0,3000,-3000,-3000
058474,鴻海凱基9A購06  ,0,0,0,0,0,0,0,0,0,-3000,0,0,0,19000,22000,-3000,-3000
05820P,臺股指凱基96售17,0,0,0,0,0,0,0,0,0,-3000,0,0,0,3000,6000,-3000,-3000
058237,嘉晶元大99購04  ,0,0,0,0,0,0,0,0,0,-3000,0,0,0,0,3000,-3000,-3000
06399P,台表科凱基97售05,0,0,0,0,0,0,0,0,0,-3000,0,0,0,0,3000,-3000,-3000
06368P,台積電凱基97售15,0,0,0,0,0,0,0,0,0,-3000,0,0,0,11000,14000,-3000,-3000
06227P,大立光群益97售04,0,0,0,0,0,0,0,0,0,-3000,0,0,0,4000,7000,-3000,-3000
05865P,大立光元大96售09,0,0,0,0,0,0,0,0,0,-3000,0,0,0,100000,103000,-3000,-3000
05903P,聯發科統一96售09,0,0,0,0,0,0,0,0,0,-3000,0,0,0,0,3000,-3000,-3000
05951P,台積電國票97售05,0,0,0,0,0,0,0,0,0,-3000,0,0,0,2000,5000,-3000,-3000
05948P,茂林元大96售03  ,0,0,0,0,0,0,0,0,0,-3000,0,0,0,0,3000,-3000,-3000
06067P,華新科康和97售01,0,0,0,0,0,0,0,0,0,-3000,0,0,0,120000,123000,-3000,-3000
057720,日電貿元富98購01,0,0,0,0,0,0,0,0,0,-3000,0,0,0,0,3000,-3000,-3000
057617,國巨凱基99購06  ,0,0,0,0,0,0,0,0,0,-3000,0,0,0,0,3000,-3000,-3000
057443,臺股指統一99購04,0,0,0,0,0,0,0,0,0,-3000,0,0,0,0,3000,-3000,-3000
057515,智原元富98購02  ,0,0,0,0,0,0,0,0,0,-3000,0,0,0,0,3000,-3000,-3000
057260,微星兆豐98購01  ,0,0,0,0,0,0,0,0,0,-3000,0,0,0,67000,70000,-3000,-3000
057283,欣興元大98購07  ,0,0,0,0,0,0,0,0,0,-3000,0,0,0,79000,82000,-3000,-3000
057042,台積電元大98購10,0,0,0,0,0,0,0,0,0,-3000,0,0,0,437000,440000,-3000,-3000
057128,台光電凱基98購03,0,0,0,0,0,0,0,0,0,-3000,0,0,0,9000,12000,-3000,-3000
056734,國巨凱基99購01  ,0,0,0,0,0,0,0,0,0,-3000,0,0,0,68000,71000,-3000,-3000
056641,華通凱基98購03  ,0,0,0,0,0,0,0,0,0,-3000,0,0,0,95000,98000,-3000,-3000
056666,元油2X國票9A購01,0,0,0,0,0,0,0,0,0,-3000,0,0,0,0,3000,-3000,-3000
056831,元油2X元富98購11,0,0,0,0,0,0,0,0,0,-3000,0,0,0,0,3000,-3000,-3000
056905,欣興元大98購03  ,0,0,0,0,0,0,0,0,0,-3000,0,0,0,26000,29000,-3000,-3000
049784,台積電兆豐94購05,0,0,0,0,0,0,0,0,0,-3000,0,0,0,0,3000,-3000,-3000
048616,智伸科凱基93購07,0,0,0,0,0,0,0,0,0,-3000,0,0,0,0,3000,-3000,-3000
049016,國巨群益94購02  ,0,0,0,0,0,0,0,0,0,-3000,0,0,0,7000,10000,-3000,-3000
048850,聯電群益96購01  ,0,0,0,0,0,0,0,0,0,-3000,0,0,0,0,3000,-3000,-3000
052242,台達電台新96購01,0,0,0,0,0,0,0,0,0,-3000,0,0,0,45000,48000,-3000,-3000
053361,友達元富99購01  ,0,0,0,0,0,0,0,0,0,-3000,0,0,0,0,3000,-3000,-3000
04774P,金融類元大94售02,0,0,0,0,0,0,0,0,0,-3000,0,0,0,20000,23000,-3000,-3000
045627,聯電凱基93購03  ,0,0,0,0,0,0,0,0,0,-3000,0,0,0,0,3000,-3000,-3000
044468,台積電群益93購01,0,0,0,0,0,0,0,0,0,-3000,0,0,0,0,3000,-3000,-3000
052307,潤泰全國泰96購01,0,0,0,0,0,0,0,0,0,-3000,0,0,0,102000,105000,-3000,-3000
05234P,美食康和95售01  ,0,0,0,0,0,0,0,0,0,-3000,0,0,0,0,3000,-3000,-3000
05237P,為升永豐95售01  ,0,0,0,0,0,0,0,0,0,-3000,0,0,0,174000,177000,-3000,-3000
052393,康友群益95購05  ,0,0,0,0,0,0,0,0,0,-3000,0,0,0,107000,110000,-3000,-3000
052489,義隆國票96購02  ,0,0,0,0,0,0,0,0,0,-3000,0,0,0,50000,53000,-3000,-3000
05054P,臻鼎群益95售02  ,0,0,0,0,0,0,0,0,0,-3000,0,0,0,7000,10000,-3000,-3000
052852,國巨元富96購02  ,0,0,0,0,0,0,0,0,0,-3000,0,0,0,10000,13000,-3000,-3000
050630,大立光亞東96購01,0,0,0,0,0,0,0,0,0,-3000,0,0,0,0,3000,-3000,-3000
052689,玉晶光元大98購03,0,0,0,0,0,0,0,0,0,-3000,0,0,0,0,3000,-3000,-3000
053307,泰碩凱基97購01  ,0,0,0,0,0,0,0,0,0,-3000,0,0,0,235000,238000,-3000,-3000
052806,玉晶光元大98購04,0,0,0,0,0,0,0,0,0,-3000,0,0,0,75000,78000,-3000,-3000
05161P,華新科國票96售01,0,0,0,0,0,0,0,0,0,-3000,0,0,0,0,3000,-3000,-3000
050669,嘉晶永豐96購01  ,0,0,0,0,0,0,0,0,0,-3000,0,0,0,0,3000,-3000,-3000
050671,超眾永豐94購04  ,0,0,0,0,0,0,0,0,0,-3000,0,0,0,0,3000,-3000,-3000
052201,超眾統一96購01  ,0,0,0,0,0,0,0,0,0,-3000,0,0,0,0,3000,-3000,-3000
053411,深中小國票9B購01,0,0,0,0,0,0,0,0,0,-3000,0,0,0,10000,13000,-3000,-3000
050983,新光金國泰97購01,0,0,0,0,0,0,0,0,0,-3000,0,0,0,0,3000,-3000,-3000
050864,亞光永豐95購01  ,0,0,0,0,0,0,0,0,0,-3000,0,0,0,0,3000,-3000,-3000
054585,禾伸堂國泰99購01,0,0,0,0,0,0,0,0,0,-3000,0,0,0,10000,13000,-3000,-3000
05454P,奇鋐群益95售04  ,0,0,0,0,0,0,0,0,0,-3000,0,0,0,0,3000,-3000,-3000
055309,冠德群益97購01  ,0,0,0,0,0,0,0,0,0,-3000,0,0,0,7000,10000,-3000,-3000
054697,凌華永豐97購01  ,0,0,0,0,0,0,0,0,0,-3000,0,0,0,0,3000,-3000,-3000
055521,S&P反1群益01購01,0,0,0,0,0,0,0,0,0,-3000,0,0,0,15000,18000,-3000,-3000
056585,台積電統一9A購01,0,0,0,0,0,0,0,0,0,-3000,0,0,0,200000,203000,-3000,-3000
056586,光罩統一98購02  ,0,0,0,0,0,0,0,0,0,-3000,0,0,0,0,3000,-3000,-3000
055176,大毅統一98購02  ,0,0,0,0,0,0,0,0,0,-3000,0,0,0,0,3000,-3000,-3000
053908,貿聯凱基98購01  ,0,0,0,0,0,0,0,0,0,-3000,0,0,0,0,3000,-3000,-3000
056389,鴻海富邦99購01  ,0,0,0,0,0,0,0,0,0,-3000,0,0,0,0,3000,-3000,-3000
056294,上銀元大97購11  ,0,0,0,0,0,0,0,0,0,-3000,0,0,0,2000,5000,-3000,-3000
055827,中石化元大98購01,0,0,0,0,0,0,0,0,0,-3000,0,0,0,0,3000,-3000,-3000
053530,聯發科康和96購01,0,0,0,0,0,0,0,0,0,-3000,0,0,0,0,3000,-3000,-3000
1521,大億            ,0,2000,-2000,0,0,0,0,0,0,-1000,0,1000,-1000,0,0,0,-3000
06978P,聯發科富邦9B售02,0,0,0,0,0,0,0,0,0,-3000,0,0,0,0,3000,-3000,-3000
1220,台榮            ,0,1000,-1000,0,0,0,0,0,0,-2000,0,2000,-2000,0,0,0,-3000
1541,錩泰            ,1000,3000,-2000,0,0,0,0,0,0,-1000,0,1000,-1000,0,0,0,-3000
1517,利奇            ,0,2000,-2000,0,0,0,0,0,0,-1000,0,1000,-1000,0,0,0,-3000
1524,耿鼎            ,3000,4000,-1000,0,0,0,0,0,0,-2000,0,2000,-2000,0,0,0,-3000
1525,江申            ,0,3000,-3000,0,0,0,0,0,0,0,0,0,0,0,0,0,-3000
1735,日勝化          ,0,2000,-2000,0,0,0,0,0,0,-1000,0,1000,-1000,0,0,0,-3000
1776,展宇            ,0,1000,-1000,0,0,0,0,0,0,-2000,0,2000,-2000,0,0,0,-3000
2028,威致            ,0,3000,-3000,0,0,0,0,0,0,0,0,0,0,0,0,0,-3000
2007,燁興            ,0,3000,-3000,0,0,0,0,0,0,0,0,0,0,0,0,0,-3000
1817,凱撒衛          ,0,3000,-3000,0,0,0,0,0,0,0,0,0,0,0,0,0,-3000
06840P,臺股指統一98售04,0,0,0,0,0,0,0,0,0,-3000,0,0,0,10000,13000,-3000,-3000
06933P,禾伸堂元大98售03,0,0,0,0,0,0,0,0,0,-3000,0,0,0,0,3000,-3000,-3000
06610P,台積電凱基9A售03,0,0,0,0,0,0,0,0,0,-3000,0,0,0,46000,49000,-3000,-3000
6215,和椿            ,1000,0,1000,0,0,0,0,0,0,-4000,3000,7000,-4000,0,0,0,-3000
6216,居易            ,0,1000,-1000,0,0,0,0,0,0,-2000,0,2000,-2000,0,0,0,-3000
6641,基士德-KY       ,12000,15000,-3000,0,0,0,0,0,0,0,0,0,0,0,0,0,-3000
3266,昇陽            ,2000,5000,-3000,0,0,0,0,0,0,0,0,0,0,0,0,0,-3000
4930,燦星網          ,0,2000,-2000,0,0,0,0,0,0,-1000,0,1000,-1000,0,0,0,-3000
4755,三福化          ,0,3000,-3000,0,0,0,0,0,0,0,0,0,0,0,0,0,-3000
4722,國精化          ,3000,5000,-2000,0,0,0,0,0,0,-1000,0,1000,-1000,0,0,0,-3000
2496,卓越            ,0,2000,-2000,0,0,0,0,0,0,-1000,0,1000,-1000,0,0,0,-3000
2497,怡利電          ,2000,4000,-2000,0,0,0,0,0,0,-1000,0,1000,-1000,0,0,0,-3000
3003,健和興          ,41000,32000,9000,0,0,0,0,0,0,-12000,0,12000,-12000,0,0,0,-3000
2906,高林            ,0,1000,-1000,0,0,0,0,0,0,-2000,0,2000,-2000,0,0,0,-3000
3027,盛達            ,1000,2000,-1000,0,0,0,0,0,0,-2000,0,2000,-2000,0,0,0,-3000
056860,正崴群益98購01  ,0,0,0,0,0,0,0,0,0,-4000,0,0,0,94000,98000,-4000,-4000
056609,楠梓電永豐98購02,0,0,0,0,0,0,0,0,0,-4000,0,0,0,2000,6000,-4000,-4000
057062,立積國泰99購01  ,0,0,0,0,0,0,0,0,0,-4000,0,0,0,312000,316000,-4000,-4000
06161P,聯發科群益97售03,0,0,0,0,0,0,0,0,0,-4000,0,0,0,10000,14000,-4000,-4000
06008P,燿華統一96售04  ,0,0,0,0,0,0,0,0,0,-4000,0,0,0,16000,20000,-4000,-4000
06574P,大立光永昌99售01,0,0,0,0,0,0,0,0,0,-4000,0,0,0,0,4000,-4000,-4000
058199,國巨康和99購01  ,0,0,0,0,0,0,0,0,0,-4000,0,0,0,0,4000,-4000,-4000
058379,臺股指凱基99購14,0,0,0,0,0,0,0,0,0,-4000,0,0,0,0,4000,-4000,-4000
058336,鴻海元富99購07  ,0,0,0,0,0,0,0,0,0,-4000,0,0,0,2000,6000,-4000,-4000
044965,大立光中信95購01,0,0,0,0,0,0,0,0,0,-4000,0,0,0,0,4000,-4000,-4000
041916,大立光中信93購01,0,0,0,0,0,0,0,0,0,-4000,0,0,0,1000,5000,-4000,-4000
020008,元大特股高息N   ,0,0,0,0,0,0,0,0,0,-4000,200000,0,200000,11000,215000,-204000,-4000
042501,台灣50凱基96購06,0,0,0,0,0,0,0,0,0,-4000,0,0,0,0,4000,-4000,-4000
047953,台積電永豐93購04,0,0,0,0,0,0,0,0,0,-4000,0,0,0,0,4000,-4000,-4000
048149,泰鼎元富95購01  ,0,0,0,0,0,0,0,0,0,-4000,0,0,0,10000,14000,-4000,-4000
049372,華新科元大95購04,0,0,0,0,0,0,0,0,0,-4000,0,0,0,10000,14000,-4000,-4000
04939P,國巨國票95售03  ,0,0,0,0,0,0,0,0,0,-4000,0,0,0,40000,44000,-4000,-4000
05029P,鴻海元富95售04  ,0,0,0,0,0,0,0,0,0,-4000,0,0,0,48000,52000,-4000,-4000
051131,玉山金台新95購01,0,0,0,0,0,0,0,0,0,-4000,0,0,0,1000,5000,-4000,-4000
052205,台積電中信95購09,0,0,0,0,0,0,0,0,0,-4000,0,0,0,0,4000,-4000,-4000
05203P,華新科元大95售10,0,0,0,0,0,0,0,0,0,-4000,0,0,0,1000,5000,-4000,-4000
051208,GIS麥證95購01   ,0,0,0,0,4000,-4000,0,0,0,-4000,0,0,0,0,4000,-4000,-4000
048888,牧德元富94購02  ,0,0,0,0,0,0,0,0,0,-4000,0,0,0,10000,14000,-4000,-4000
048788,華新科元大95購02,0,0,0,0,0,0,0,0,0,-4000,0,0,0,6000,10000,-4000,-4000
049010,台表科麥證95購01,0,0,0,0,4000,-4000,0,0,0,-4000,0,0,0,0,4000,-4000,-4000
049985,華擎凱基94購01  ,0,0,0,0,0,0,0,0,0,-4000,0,0,0,20000,24000,-4000,-4000
051001,緯穎元大96購02  ,0,0,0,0,0,0,0,0,0,-4000,0,0,0,127000,131000,-4000,-4000
054368,鴻海中信9A購02  ,0,0,0,0,0,0,0,0,0,-4000,0,0,0,1000,5000,-4000,-4000
055390,國巨統一98購03  ,0,0,0,0,0,0,0,0,0,-4000,0,0,0,0,4000,-4000,-4000
053384,聯發科元大96購13,0,0,0,0,0,0,0,0,0,-4000,0,0,0,10000,14000,-4000,-4000
053282,彩晶元大9C購01  ,0,0,0,0,0,0,0,0,0,-4000,0,0,0,0,4000,-4000,-4000
053146,滬深2X元大96購08,0,0,0,0,0,0,0,0,0,-4000,0,0,0,10000,14000,-4000,-4000
051339,智易永豐95購02  ,0,0,0,0,0,0,0,0,0,-4000,0,0,0,33000,37000,-4000,-4000
052654,友達統一97購01  ,0,0,0,0,0,0,0,0,0,-4000,0,0,0,0,4000,-4000,-4000
051291,聯詠統一95購01  ,0,0,0,0,0,0,0,0,0,-4000,0,0,0,57000,61000,-4000,-4000
050483,樺漢國票94購01  ,0,0,0,0,0,0,0,0,0,-4000,0,0,0,6000,10000,-4000,-4000
050537,鴻海凱基95購05  ,0,0,0,0,0,0,0,0,0,-4000,0,0,0,4000,8000,-4000,-4000
052369,矽力國票96購02  ,0,0,0,0,0,0,0,0,0,-4000,0,0,0,31000,35000,-4000,-4000
055858,聯茂元大97購03  ,0,0,0,0,0,0,0,0,0,-4000,0,0,0,182000,186000,-4000,-4000
05629P,聯發科永昌99售02,0,0,0,0,0,0,0,0,0,-4000,0,0,0,0,4000,-4000,-4000
056279,新日興富邦99購01,0,0,0,0,0,0,0,0,0,-4000,0,0,0,31000,35000,-4000,-4000
053911,臺股指凱基96購31,0,0,0,0,0,0,0,0,0,-4000,0,0,0,0,4000,-4000,-4000
056072,群創元大97購01  ,0,0,0,0,0,0,0,0,0,-4000,0,0,0,0,4000,-4000,-4000
055321,大立光國票98購02,0,0,0,0,0,0,0,0,0,-4000,0,0,0,0,4000,-4000,-4000
055345,國巨凱基98購01  ,0,0,0,0,0,0,0,0,0,-4000,0,0,0,270000,274000,-4000,-4000
055434,樺漢群益97購01  ,0,0,0,0,0,0,0,0,0,-4000,0,0,0,173000,177000,-4000,-4000
055287,日電貿元大97購01,0,0,0,0,0,0,0,0,0,-4000,0,0,0,0,4000,-4000,-4000
054959,禾伸堂元大98購01,0,0,0,0,0,0,0,0,0,-4000,0,0,0,2000,6000,-4000,-4000
054559,台光電群益99購01,0,0,0,0,0,0,0,0,0,-4000,0,0,0,88000,92000,-4000,-4000
054504,聯鈞永豐96購01  ,0,0,0,0,0,0,0,0,0,-4000,0,0,0,19000,23000,-4000,-4000
3040,遠見            ,0,4000,-4000,0,0,0,0,0,0,0,0,0,0,0,0,0,-4000
2427,三商電          ,0,2000,-2000,0,0,0,0,0,0,-2000,0,2000,-2000,0,0,0,-4000
2431,聯昌            ,13000,15000,-2000,0,0,0,0,0,0,-2000,0,2000,-2000,0,0,0,-4000
4956,光鋐            ,5000,7000,-2000,0,0,0,0,0,0,-2000,2000,4000,-2000,0,0,0,-4000
3591,艾笛森          ,2000,1000,1000,0,0,0,0,0,0,-5000,0,5000,-5000,0,0,0,-4000
6674,鋐寶科技        ,1000,2000,-1000,0,0,0,0,0,0,-3000,0,3000,-3000,0,0,0,-4000
6201,亞弘電          ,0,3000,-3000,0,0,0,0,0,0,-1000,0,1000,-1000,0,0,0,-4000
2228,劍麟            ,49000,53000,-4000,0,0,0,0,0,0,0,0,0,0,0,0,0,-4000
2115,六暉-KY         ,0,2000,-2000,0,0,0,0,0,0,-2000,0,2000,-2000,0,0,0,-4000
1725,元禎            ,0,4000,-4000,0,0,0,0,0,0,0,0,0,0,0,0,0,-4000
1713,國化            ,1000,6000,-5000,0,0,0,0,0,0,1000,1000,0,1000,0,0,0,-4000
1615,大山            ,1000,5000,-4000,0,0,0,0,0,0,0,0,0,0,0,0,0,-4000
1441,大東            ,0,3000,-3000,0,0,0,0,0,0,-1000,0,1000,-1000,0,0,0,-4000
8427,基勝-KY         ,1000,5000,-4000,0,0,0,0,0,0,0,0,0,0,0,0,0,-4000
058330,鴻海元富99購01  ,0,0,0,0,0,0,0,0,0,-5000,0,0,0,20000,25000,-5000,-5000
058376,貿聯凱基9A購01  ,0,0,0,0,0,0,0,0,0,-5000,0,0,0,0,5000,-5000,-5000
058477,億光凱基9A購01  ,0,0,0,0,0,0,0,0,0,-5000,0,0,0,0,5000,-5000,-5000
058462,台積電兆豐99購01,0,0,0,0,0,0,0,0,0,-5000,0,0,0,0,5000,-5000,-5000
058425,S&P正2元富01購02,0,0,0,0,0,0,0,0,0,-5000,0,0,0,0,5000,-5000,-5000
058444,國巨富邦9B購01  ,0,0,0,0,0,0,0,0,0,-5000,0,0,0,0,5000,-5000,-5000
058220,世芯國票9A購01  ,10000,10000,0,0,0,0,0,0,0,-5000,0,0,0,15000,20000,-5000,-5000
058256,臺股指元大9A購20,0,0,0,0,0,0,0,0,0,-5000,0,0,0,0,5000,-5000,-5000
057853,旺宏國票99購05  ,0,0,0,0,0,0,0,0,0,-5000,0,0,0,0,5000,-5000,-5000
057998,玉晶光麥證9A購01,0,0,0,0,5000,-5000,0,0,0,-5000,0,0,0,0,5000,-5000,-5000
058041,FBVIX元大98購02 ,0,0,0,0,0,0,0,0,0,-5000,0,0,0,5000,10000,-5000,-5000
06285P,台積電國票98售04,0,0,0,0,0,0,0,0,0,-5000,0,0,0,9000,14000,-5000,-5000
05945P,聯詠中信96售01  ,0,0,0,0,0,0,0,0,0,-5000,0,0,0,0,5000,-5000,-5000
05915P,聯發科元大96售19,0,0,0,0,0,0,0,0,0,-5000,0,0,0,0,5000,-5000,-5000
05876P,聯發科群益96售03,0,0,0,0,0,0,0,0,0,-5000,0,0,0,0,5000,-5000,-5000
06160P,台達電群益97售01,0,0,0,0,0,0,0,0,0,-5000,0,0,0,6000,11000,-5000,-5000
06190P,玉晶光永豐97售05,0,0,0,0,0,0,0,0,0,-5000,0,0,0,44000,49000,-5000,-5000
06083P,華通統一98售02  ,0,0,0,0,0,0,0,0,0,-5000,0,0,0,0,5000,-5000,-5000
06039P,亞光台新96售03  ,0,0,0,0,0,0,0,0,0,-5000,0,0,0,0,5000,-5000,-5000
057115,元油2X日盛9A購01,0,0,0,0,0,0,0,0,0,-5000,0,0,0,0,5000,-5000,-5000
05659P,A50正2中信97售01,0,0,0,0,0,0,0,0,0,-5000,0,0,0,0,5000,-5000,-5000
056604,鴻海富邦9A購01  ,0,0,0,0,0,0,0,0,0,-5000,0,0,0,0,5000,-5000,-5000
056853,元油2X中信9B購02,0,0,0,0,0,0,0,0,0,-5000,0,0,0,0,5000,-5000,-5000
056854,友達中信9A購01  ,0,0,0,0,0,0,0,0,0,-5000,0,0,0,0,5000,-5000,-5000
057254,友達麥證98購01  ,0,0,0,0,5000,-5000,0,0,0,-5000,0,0,0,0,5000,-5000,-5000
057241,超眾凱基99購02  ,0,0,0,0,0,0,0,0,0,-5000,0,0,0,17000,22000,-5000,-5000
057451,大立光元富9B購01,0,0,0,0,0,0,0,0,0,-5000,0,0,0,7000,12000,-5000,-5000
057560,華新科兆豐99購01,0,0,0,0,0,0,0,0,0,-5000,0,0,0,0,5000,-5000,-5000
057682,台積電日盛9A購03,0,0,0,0,0,0,0,0,0,-5000,0,0,0,0,5000,-5000,-5000
057647,欣興元大98購10  ,0,0,0,0,0,0,0,0,0,-5000,0,0,0,3000,8000,-5000,-5000
057744,健策永豐98購02  ,0,0,0,0,0,0,0,0,0,-5000,0,0,0,0,5000,-5000,-5000
057790,台積電統一99購04,0,0,0,0,0,0,0,0,0,-5000,0,0,0,0,5000,-5000,-5000
057829,臺股指元大98購12,0,0,0,0,0,0,0,0,0,-5000,0,0,0,0,5000,-5000,-5000
057826,祥碩元大98購08  ,0,0,0,0,0,0,0,0,0,-5000,0,0,0,60000,65000,-5000,-5000
050007,貿聯永豐94購01  ,0,0,0,0,0,0,0,0,0,-5000,0,0,0,0,5000,-5000,-5000
050108,鴻海元大94購13  ,0,0,0,0,0,0,0,0,0,-5000,0,0,0,0,5000,-5000,-5000
049500,聯茂元大94購04  ,0,0,0,0,0,0,0,0,0,-5000,0,0,0,25000,30000,-5000,-5000
048588,世紀鋼中信94購01,0,0,0,0,0,0,0,0,0,-5000,0,0,0,5000,10000,-5000,-5000
04901P,臺股指麥證94售02,0,0,0,0,5000,-5000,0,0,0,-5000,0,0,0,0,5000,-5000,-5000
049185,南電凱基94購03  ,0,0,0,0,0,0,0,0,0,-5000,0,0,0,10000,15000,-5000,-5000
052255,T50反1國泰96購01,0,0,0,0,0,0,0,0,0,-5000,0,0,0,0,5000,-5000,-5000
051137,聯詠永豐95購01  ,0,0,0,0,0,0,0,0,0,-5000,0,0,0,0,5000,-5000,-5000
049254,台積電元大96購02,0,0,0,0,0,0,0,0,0,-5000,0,0,0,10000,15000,-5000,-5000
049386,嘉聯益元大95購01,0,0,0,0,0,0,0,0,0,-5000,0,0,0,0,5000,-5000,-5000
046220,滬深2X元大95購03,0,0,0,0,0,0,0,0,0,-5000,0,0,0,0,5000,-5000,-5000
046685,世紀鋼群益93購02,0,0,0,0,0,0,0,0,0,-5000,0,0,0,35000,40000,-5000,-5000
04593P,台積電元大94售11,0,0,0,0,0,0,0,0,0,-5000,0,0,0,0,5000,-5000,-5000
045795,瀚宇博兆豐94購01,0,0,0,0,0,0,0,0,0,-5000,0,0,0,245000,250000,-5000,-5000
046903,友達凱基99購01  ,0,0,0,0,0,0,0,0,0,-5000,0,0,0,0,5000,-5000,-5000
047544,台積電凱基93購17,0,0,0,0,0,0,0,0,0,-5000,0,0,0,0,5000,-5000,-5000
047343,台達電中信95購01,0,0,0,0,0,0,0,0,0,-5000,0,0,0,0,5000,-5000,-5000
04252P,台達電元富93售02,0,0,0,0,0,0,0,0,0,-5000,0,0,0,0,5000,-5000,-5000
042793,台積電台新9C購01,0,0,0,0,0,0,0,0,0,-5000,0,0,0,0,5000,-5000,-5000
042796,永冠元大93購01  ,0,0,0,0,0,0,0,0,0,-5000,0,0,0,0,5000,-5000,-5000
03033X,元展30          ,0,0,0,0,0,0,0,0,0,-5000,0,0,0,1000,6000,-5000,-5000
00763U,街口道瓊銅      ,0,0,0,0,0,0,0,0,0,-5000,0,0,0,0,5000,-5000,-5000
04155P,全新永豐93售01  ,0,0,0,0,0,0,0,0,0,-5000,0,0,0,0,5000,-5000,-5000
03642C,臺股指元大94牛27,0,0,0,0,0,0,0,0,0,-5000,0,0,0,0,5000,-5000,-5000
044439,南電元大93購01  ,0,0,0,0,0,0,0,0,0,-5000,0,0,0,15000,20000,-5000,-5000
044382,嘉聯益群益94購01,0,0,0,0,0,0,0,0,0,-5000,0,0,0,0,5000,-5000,-5000
052333,嘉聯益兆豐96購01,0,0,0,0,0,0,0,0,0,-5000,0,0,0,0,5000,-5000,-5000
05230P,京元電群益95售01,0,0,0,0,0,0,0,0,0,-5000,0,0,0,3000,8000,-5000,-5000
052478,大立光群益95購05,0,0,0,0,0,0,0,0,0,-5000,0,0,0,21000,26000,-5000,-5000
052540,華新科統一95購03,0,0,0,0,0,0,0,0,0,-5000,0,0,0,0,5000,-5000,-5000
050449,宏達電元大95購03,0,0,0,0,0,0,0,0,0,-5000,0,0,0,0,5000,-5000,-5000
053026,奇力新富邦98購01,0,0,0,0,0,0,0,0,0,-5000,0,0,0,0,5000,-5000,-5000
053031,華新科第一96購01,0,0,0,0,0,0,0,0,0,-5000,0,0,0,0,5000,-5000,-5000
051345,鴻海元大95購09  ,0,0,0,0,0,0,0,0,0,-5000,0,0,0,0,5000,-5000,-5000
053094,聯電統一97購02  ,0,0,0,0,0,0,0,0,0,-5000,0,0,0,55000,60000,-5000,-5000
053278,禾伸堂元大96購01,0,0,0,0,0,0,0,0,0,-5000,0,0,0,49000,54000,-5000,-5000
053233,大立光永豐96購01,0,0,0,0,0,0,0,0,0,-5000,0,0,0,0,5000,-5000,-5000
053915,光罩國票96購02  ,0,0,0,0,0,0,0,0,0,-5000,0,0,0,0,5000,-5000,-5000
055417,健策富邦98購02  ,0,0,0,0,0,0,0,0,0,-5000,0,0,0,132000,137000,-5000,-5000
055418,華通永豐97購01  ,0,0,0,0,0,0,0,0,0,-5000,0,0,0,0,5000,-5000,-5000
054355,上海銀富邦98購01,0,0,0,0,0,0,0,0,0,-5000,0,0,0,0,5000,-5000,-5000
054359,南亞科日盛96購02,0,0,0,0,0,0,0,0,0,-5000,0,0,0,0,5000,-5000,-5000
054107,上銀凱基97購01  ,0,0,0,0,0,0,0,0,0,-5000,0,0,0,0,5000,-5000,-5000
053971,聯發科元大97購09,0,0,0,0,0,0,0,0,0,-5000,0,0,0,0,5000,-5000,-5000
054210,台光電國票97購03,0,0,0,0,0,0,0,0,0,-5000,0,0,0,15000,20000,-5000,-5000
054200,美律富邦97購02  ,0,0,0,0,0,0,0,0,0,-5000,0,0,0,0,5000,-5000,-5000
054167,揚明光凱基98購01,0,0,0,0,0,0,0,0,0,-5000,0,0,0,0,5000,-5000,-5000
05098P,鴻海凱基95售15  ,0,0,0,0,0,0,0,0,0,-5000,0,0,0,20000,25000,-5000,-5000
051113,聯電元富95購01  ,0,0,0,0,0,0,0,0,0,-5000,0,0,0,12000,17000,-5000,-5000
050896,華新科元大96購02,0,0,0,0,0,0,0,0,0,-5000,0,0,0,0,5000,-5000,-5000
050814,微星凱基95購01  ,0,0,0,0,0,0,0,0,0,-5000,0,0,0,0,5000,-5000,-5000
051638,聯茂國票96購01  ,0,0,0,0,0,0,0,0,0,-5000,0,0,0,6000,11000,-5000,-5000
051513,台積電凱基95購13,0,0,0,0,0,0,0,0,0,-5000,0,0,0,70000,75000,-5000,-5000
051705,富邦金群益97購01,0,0,0,0,0,0,0,0,0,-5000,0,0,0,0,5000,-5000,-5000
051766,泰鼎元大95購02  ,0,0,0,0,0,0,0,0,0,-5000,0,0,0,0,5000,-5000,-5000
051775,旺宏亞東95購01  ,0,0,0,0,0,0,0,0,0,-5000,0,0,0,0,5000,-5000,-5000
051756,台積電元大97購04,0,0,0,0,0,0,0,0,0,-5000,0,0,0,0,5000,-5000,-5000
051856,亞德客凱基95購01,0,0,0,0,0,0,0,0,0,-5000,0,0,0,2000,7000,-5000,-5000
051900,臻鼎富邦95購01  ,0,0,0,0,0,0,0,0,0,-5000,0,0,0,0,5000,-5000,-5000
05449P,臺股指元大95售26,0,0,0,0,0,0,0,0,0,-5000,0,0,0,35000,40000,-5000,-5000
054528,台光電統一96購02,0,0,0,0,0,0,0,0,0,-5000,0,0,0,10000,15000,-5000,-5000
054907,帆宣康和97購01  ,0,0,0,0,0,0,0,0,0,-5000,0,0,0,0,5000,-5000,-5000
055295,瀚宇博元大97購02,0,0,0,0,0,0,0,0,0,-5000,0,0,0,8000,13000,-5000,-5000
055331,國巨兆豐99購01  ,0,0,0,0,0,0,0,0,0,-5000,0,0,0,7000,12000,-5000,-5000
055025,華新科國泰98購02,0,0,0,0,0,0,0,0,0,-5000,0,0,0,43000,48000,-5000,-5000
05658P,日月光元富96售02,0,0,0,0,0,0,0,0,0,-5000,0,0,0,51000,56000,-5000,-5000
056053,和大元大97購05  ,0,0,0,0,0,0,0,0,0,-5000,0,0,0,0,5000,-5000,-5000
056404,嘉聯益群益9A購01,0,0,0,0,0,0,0,0,0,-5000,0,0,0,2000,7000,-5000,-5000
05642P,玉晶光兆豐97售02,0,0,0,0,0,0,0,0,0,-5000,0,0,0,100000,105000,-5000,-5000
05582P,群創凱基98售06  ,0,0,0,0,0,0,0,0,0,-5000,0,0,0,0,5000,-5000,-5000
05562P,鴻海元大96售16  ,0,0,0,0,0,0,0,0,0,-5000,0,0,0,10000,15000,-5000,-5000
055630,聯詠永豐97購02  ,0,0,0,0,0,0,0,0,0,-5000,0,0,0,0,5000,-5000,-5000
05567P,致伸群益96售01  ,0,0,0,0,0,0,0,0,0,-5000,0,0,0,0,5000,-5000,-5000
1463,強盛            ,1000,6000,-5000,0,0,0,0,0,0,0,0,0,0,0,0,0,-5000
1535,中宇            ,1000,6000,-5000,0,0,0,0,0,0,0,0,0,0,0,0,0,-5000
2239,英利-KY         ,0,5000,-5000,0,0,0,0,0,0,0,0,0,0,0,0,0,-5000
1786,科妍            ,7000,9000,-2000,0,0,0,0,0,0,-3000,0,3000,-3000,0,0,0,-5000
1760,寶齡富錦        ,34000,36000,-2000,0,0,0,0,0,0,-3000,0,3000,-3000,0,0,0,-5000
06724P,台灣50國票98售01,0,0,0,0,0,0,0,0,0,-5000,0,0,0,19000,24000,-5000,-5000
06685P,鴻海國泰9A售01  ,0,0,0,0,0,0,0,0,0,-5000,0,0,0,5000,10000,-5000,-5000
06947P,FBVIX元大01售01 ,0,0,0,0,0,0,0,0,0,-5000,0,0,0,0,5000,-5000,-5000
06906P,國巨國泰99售01  ,0,0,0,0,0,0,0,0,0,-5000,0,0,0,0,5000,-5000,-5000
06773P,台灣50兆豐9A售01,0,0,0,0,0,0,0,0,0,-5000,0,0,0,0,5000,-5000,-5000
6579,研揚            ,3000,5000,-2000,0,0,0,0,0,0,-3000,0,3000,-3000,0,0,0,-5000
3054,立萬利          ,0,0,0,0,0,0,0,0,0,-5000,0,5000,-5000,0,0,0,-5000
3257,虹冠電          ,6000,10000,-4000,0,0,0,0,0,0,-1000,0,1000,-1000,0,0,0,-5000
2546,根基            ,1000,6000,-5000,0,0,0,0,0,0,0,0,0,0,0,0,0,-5000
2748,雲品            ,5000,10000,-5000,0,0,0,0,0,0,0,0,0,0,0,0,0,-5000
057595,健鼎兆豐98購01  ,0,0,0,0,0,0,0,0,0,-6000,0,0,0,10000,16000,-6000,-6000
057590,元油2X兆豐98購02,0,0,0,0,0,0,0,0,0,-6000,0,0,0,6000,12000,-6000,-6000
057232,京元電凱基98購02,0,0,0,0,0,0,0,0,0,-6000,0,0,0,0,6000,-6000,-6000
056913,臺股指元大99購05,0,0,0,0,0,0,0,0,0,-6000,0,0,0,1000,7000,-6000,-6000
056898,全新元大98購02  ,0,0,0,0,0,0,0,0,0,-6000,0,0,0,0,6000,-6000,-6000
057155,元油2X富邦9B購02,0,0,0,0,0,0,0,0,0,-6000,0,0,0,0,6000,-6000,-6000
057079,台積電統一9A購02,0,0,0,0,0,0,0,0,0,-6000,0,0,0,0,6000,-6000,-6000
06076P,大立光凱基98售03,0,0,0,0,0,0,0,0,0,-6000,0,0,0,0,6000,-6000,-6000
06558P,旺宏元富98售02  ,0,0,0,0,0,0,0,0,0,-6000,0,0,0,0,6000,-6000,-6000
06444P,大立光凱基98售08,0,0,0,0,0,0,0,0,0,-6000,0,0,0,0,6000,-6000,-6000
058087,鴻海元大98購15  ,0,0,0,0,0,0,0,0,0,-6000,0,0,0,69000,75000,-6000,-6000
057869,大立光凱基99購01,0,0,0,0,0,0,0,0,0,-6000,0,0,0,0,6000,-6000,-6000
058480,新日興凱基9A購01,0,0,0,0,0,0,0,0,0,-6000,0,0,0,0,6000,-6000,-6000
058389,聯茂國票9A購01  ,0,0,0,0,0,0,0,0,0,-6000,0,0,0,0,6000,-6000,-6000
058341,T50反1群益99購01,0,0,0,0,0,0,0,0,0,-6000,0,0,0,0,6000,-6000,-6000
044353,宏達電元大93購04,0,0,0,0,0,0,0,0,0,-6000,0,0,0,10000,16000,-6000,-6000
047292,台光電元富96購01,0,0,0,0,0,0,0,0,0,-6000,0,0,0,0,6000,-6000,-6000
047883,臺股指永昌93購01,0,0,0,0,0,0,0,0,0,-6000,0,0,0,0,6000,-6000,-6000
050304,台光電中信94購01,0,0,0,0,0,0,0,0,0,-6000,0,0,0,0,6000,-6000,-6000
049226,元石油富邦95購01,0,0,0,0,0,0,0,0,0,-6000,0,0,0,386000,392000,-6000,-6000
048848,滬深2X群益98購02,0,0,0,0,0,0,0,0,0,-6000,0,0,0,406000,412000,-6000,-6000
049735,台光電群益94購03,0,0,0,0,0,0,0,0,0,-6000,0,0,0,22000,28000,-6000,-6000
049544,台積電群益94購08,0,0,0,0,0,0,0,0,0,-6000,0,0,0,0,6000,-6000,-6000
04990P,臻鼎元大94售04  ,0,0,0,0,0,0,0,0,0,-6000,0,0,0,0,6000,-6000,-6000
051911,大立光元大98購02,0,0,0,0,0,0,0,0,0,-6000,0,0,0,18000,24000,-6000,-6000
05182P,嘉晶統一95售03  ,0,0,0,0,0,0,0,0,0,-6000,0,0,0,0,6000,-6000,-6000
050904,臺股指元大95購11,0,0,0,0,0,0,0,0,0,-6000,0,0,0,0,6000,-6000,-6000
051081,聯茂富邦96購01  ,0,0,0,0,0,0,0,0,0,-6000,0,0,0,6000,12000,-6000,-6000
054078,鴻海中信98購01  ,0,0,0,0,0,0,0,0,0,-6000,0,0,0,0,6000,-6000,-6000
052782,超眾國票96購02  ,0,0,0,0,0,0,0,0,0,-6000,0,0,0,32000,38000,-6000,-6000
053071,南電群益96購01  ,0,0,0,0,0,0,0,0,0,-6000,0,0,0,78000,84000,-6000,-6000
052741,聯發科元大96購08,0,0,0,0,0,0,0,0,0,-6000,0,0,0,6000,12000,-6000,-6000
052325,高股息中信99購01,0,0,0,0,0,0,0,0,0,-6000,0,0,0,12000,18000,-6000,-6000
055649,華新科元富97購03,0,0,0,0,0,0,0,0,0,-6000,0,0,0,17000,23000,-6000,-6000
055909,大成鋼凱基98購02,0,0,0,0,0,0,0,0,0,-6000,0,0,0,0,6000,-6000,-6000
05350P,可成元富98售04  ,0,0,0,0,0,0,0,0,0,-6000,0,0,0,7000,13000,-6000,-6000
056154,宏達電凱基97購03,0,0,0,0,0,0,0,0,0,-6000,0,0,0,46000,52000,-6000,-6000
053788,泰鼎元大97購01  ,0,0,0,0,0,0,0,0,0,-6000,0,0,0,9000,15000,-6000,-6000
056581,超眾元大99購01  ,0,0,0,0,0,0,0,0,0,-6000,0,0,0,0,6000,-6000,-6000
055183,聯鈞統一97購01  ,0,0,0,0,0,0,0,0,0,-6000,0,0,0,0,6000,-6000,-6000
05519P,上証2X凱基98售01,0,0,0,0,0,0,0,0,0,-6000,0,0,0,0,6000,-6000,-6000
054841,亞德客兆豐97購01,0,0,0,0,0,0,0,0,0,-6000,0,0,0,20000,26000,-6000,-6000
054510,S&P反1元大98購01,0,0,0,0,0,0,0,0,0,-6000,0,0,0,136000,142000,-6000,-6000
054617,超眾永豐97購01  ,0,0,0,0,0,0,0,0,0,-6000,0,0,0,0,6000,-6000,-6000
2540,愛山林          ,0,7000,-7000,0,0,0,0,0,0,1000,1000,0,1000,0,0,0,-6000
2528,皇普            ,3000,9000,-6000,0,0,0,0,0,0,0,0,0,0,0,0,0,-6000
3004,豐達科          ,17000,21000,-4000,0,0,0,0,0,0,-2000,0,2000,-2000,0,0,0,-6000
2471,資通            ,0,3000,-3000,0,0,0,0,0,0,-3000,0,3000,-3000,0,0,0,-6000
2477,美隆電          ,10000,9000,1000,0,0,0,0,0,0,-7000,1000,8000,-7000,0,0,0,-6000
2413,環科            ,4000,8000,-4000,0,0,0,0,0,0,-2000,0,2000,-2000,0,0,0,-6000
3058,立德            ,0,3000,-3000,0,0,0,0,0,0,-3000,0,3000,-3000,0,0,0,-6000
3416,融程電          ,0,3000,-3000,0,0,0,0,0,0,-3000,0,3000,-3000,0,0,0,-6000
6573,虹揚-KY         ,0,4000,-4000,0,0,0,0,0,0,-2000,0,2000,-2000,0,0,0,-6000
6281,全國電          ,6000,5000,1000,0,0,0,0,0,0,-7000,0,7000,-7000,0,0,0,-6000
5538,東明-KY         ,0,6000,-6000,0,0,0,0,0,0,0,0,0,0,0,0,0,-6000
6133,金橋            ,0,0,0,0,0,0,0,0,0,-6000,0,6000,-6000,0,0,0,-6000
6136,富爾特          ,0,3000,-3000,0,0,0,0,0,0,-3000,0,3000,-3000,0,0,0,-6000
06686P,麗豐永豐98售02  ,0,0,0,0,0,0,0,0,0,-6000,0,0,0,38000,44000,-6000,-6000
06619P,聯發科元大98售06,0,0,0,0,0,0,0,0,0,-6000,0,0,0,36000,42000,-6000,-6000
2069,運錩            ,0,6000,-6000,0,0,0,0,0,0,0,0,0,0,0,0,0,-6000
1708,東鹼            ,20000,26000,-6000,0,0,0,0,0,0,0,0,0,0,0,0,0,-6000
1232,大統益          ,6000,8000,-2000,0,0,0,0,0,0,-4000,0,4000,-4000,0,0,0,-6000
1108,幸福            ,2000,8000,-6000,0,0,0,0,0,0,0,0,0,0,0,0,0,-6000
058401,華航元大9A購01  ,0,0,0,0,0,0,0,0,0,-7000,0,0,0,59000,66000,-7000,-7000
058427,大毅元富99購01  ,0,0,0,0,0,0,0,0,0,-7000,0,0,0,6000,13000,-7000,-7000
058297,茂林凱基9A購02  ,0,0,0,0,0,0,0,0,0,-7000,0,0,0,0,7000,-7000,-7000
057892,上証2X元富02購01,0,0,0,0,0,0,0,0,0,-7000,0,0,0,0,7000,-7000,-7000
057896,嘉晶元富98購01  ,0,0,0,0,0,0,0,0,0,-7000,0,0,0,0,7000,-7000,-7000
058069,美律凱基99購05  ,0,0,0,0,0,0,0,0,0,-7000,0,0,0,0,7000,-7000,-7000
058079,鴻海群益98購08  ,0,0,0,0,0,0,0,0,0,-7000,0,0,0,37000,44000,-7000,-7000
05800P,台積電兆豐96售04,0,0,0,0,0,0,0,0,0,-7000,0,0,0,4000,11000,-7000,-7000
06155P,智邦統一97售02  ,0,0,0,0,0,0,0,0,0,-7000,0,0,0,10000,17000,-7000,-7000
057003,立積國票98購01  ,0,0,0,0,0,0,0,0,0,-7000,0,0,0,64000,71000,-7000,-7000
057109,信邦群益98購01  ,0,0,0,0,0,0,0,0,0,-7000,0,0,0,179000,186000,-7000,-7000
056895,技嘉元大98購01  ,0,0,0,0,0,0,0,0,0,-7000,0,0,0,76000,83000,-7000,-7000
056847,佐登元富98購01  ,0,0,0,0,0,0,0,0,0,-7000,0,0,0,0,7000,-7000,-7000
056836,國巨元富98購01  ,0,0,0,0,0,0,0,0,0,-7000,0,0,0,211000,218000,-7000,-7000
05738P,臺股指統一97售01,0,0,0,0,0,0,0,0,0,-7000,0,0,0,0,7000,-7000,-7000
057659,台表科兆豐98購01,0,0,0,0,0,0,0,0,0,-7000,0,0,0,20000,27000,-7000,-7000
057724,亞德客國泰99購01,0,0,0,0,0,0,0,0,0,-7000,0,0,0,46000,53000,-7000,-7000
049408,旺宏日盛94購01  ,0,0,0,0,0,0,0,0,0,-7000,0,0,0,0,7000,-7000,-7000
049632,臺股指群益94購05,0,0,0,0,0,0,0,0,0,-7000,0,0,0,0,7000,-7000,-7000
048399,祥碩國票94購01  ,0,0,0,0,0,0,0,0,0,-7000,0,0,0,0,7000,-7000,-7000
04832P,為升元大94售09  ,0,0,0,0,0,0,0,0,0,-7000,0,0,0,3000,10000,-7000,-7000
049593,群創元大9A購01  ,0,0,0,0,0,0,0,0,0,-7000,0,0,0,31000,38000,-7000,-7000
048882,智原統一96購01  ,0,0,0,0,0,0,0,0,0,-7000,0,0,0,0,7000,-7000,-7000
049255,旺宏元大97購02  ,0,0,0,0,0,0,0,0,0,-7000,0,0,0,0,7000,-7000,-7000
04806P,臻鼎元富94售06  ,0,0,0,0,0,0,0,0,0,-7000,0,0,0,20000,27000,-7000,-7000
03637C,臺股指凱基94牛18,0,0,0,0,0,0,0,0,0,-7000,0,0,0,0,7000,-7000,-7000
052635,奇力新凱基98購01,0,0,0,0,0,0,0,0,0,-7000,0,0,0,0,7000,-7000,-7000
052531,台積電國泰96購06,0,0,0,0,0,0,0,0,0,-7000,0,0,0,0,7000,-7000,-7000
051227,技嘉群益97購01  ,0,0,0,0,0,0,0,0,0,-7000,0,0,0,30000,37000,-7000,-7000
053081,上銀元大97購02  ,0,0,0,0,0,0,0,0,0,-7000,0,0,0,19000,26000,-7000,-7000
053115,滬深2X中信97購01,0,0,0,0,0,0,0,0,0,-7000,0,0,0,0,7000,-7000,-7000
054345,世芯國票96購02  ,0,0,0,0,0,0,0,0,0,-7000,0,0,0,33000,40000,-7000,-7000
050905,臺股指元大95購12,0,0,0,0,0,0,0,0,0,-7000,0,0,0,0,7000,-7000,-7000
05092P,全新元大95售03  ,0,0,0,0,0,0,0,0,0,-7000,0,0,0,0,7000,-7000,-7000
051947,矽力統一95購01  ,0,0,0,0,0,0,0,0,0,-7000,0,0,0,33000,40000,-7000,-7000
051685,台光電凱基95購01,0,0,0,0,0,0,0,0,0,-7000,0,0,0,126000,133000,-7000,-7000
054318,台虹凱基98購01  ,0,0,0,0,0,0,0,0,0,-7000,0,0,0,18000,25000,-7000,-7000
055328,鈺齊國票98購01  ,0,0,0,0,0,0,0,0,0,-7000,0,0,0,63000,70000,-7000,-7000
055484,華通元大97購04  ,0,0,0,0,0,0,0,0,0,-7000,0,0,0,85000,92000,-7000,-7000
055499,大立光元大98購05,0,0,0,0,0,0,0,0,0,-7000,0,0,0,3000,10000,-7000,-7000
053725,晶相光凱基96購01,0,0,0,0,0,0,0,0,0,-7000,0,0,0,52000,59000,-7000,-7000
056463,台虹凱基98購02  ,0,0,0,0,0,0,0,0,0,-7000,0,0,0,3000,10000,-7000,-7000
056338,聯發科凱基99購01,0,0,0,0,0,0,0,0,0,-7000,0,0,0,3000,10000,-7000,-7000
053449,超眾凱基98購01  ,0,0,0,0,0,0,0,0,0,-7000,0,0,0,10000,17000,-7000,-7000
053655,全新凱基98購02  ,0,0,0,0,0,0,0,0,0,-7000,0,0,0,0,7000,-7000,-7000
053580,國巨元大96購10  ,0,0,0,0,0,0,0,0,0,-7000,0,0,0,176000,183000,-7000,-7000
1783,和康生          ,7000,13000,-6000,0,0,0,0,0,0,-1000,0,1000,-1000,0,0,0,-7000
1533,車王電          ,7000,15000,-8000,0,0,0,0,0,0,1000,1000,0,1000,0,0,0,-7000
2062,橋椿            ,3000,8000,-5000,0,0,0,0,0,0,-2000,0,2000,-2000,0,0,0,-7000
06814P,臺股指元富98售03,0,0,0,0,0,0,0,0,0,-7000,0,0,0,0,7000,-7000,-7000
6183,關貿            ,8000,11000,-3000,0,0,0,0,0,0,-4000,0,4000,-4000,0,0,0,-7000
5533,皇鼎            ,3000,10000,-7000,0,0,0,0,0,0,0,0,0,0,0,0,0,-7000
4999,鑫禾            ,4000,6000,-2000,0,0,0,0,0,0,-5000,0,5000,-5000,0,0,0,-7000
6409,旭隼            ,54000,56000,-2000,0,0,0,0,0,0,-5000,0,5000,-5000,0,0,0,-7000
6464,台數科          ,0,7000,-7000,0,0,0,0,0,0,0,0,0,0,0,0,0,-7000
4566,時碩工業        ,12000,19000,-7000,0,0,0,0,0,0,0,1000,1000,0,0,0,0,-7000
4438,廣越            ,30000,30000,0,0,0,0,0,0,0,-7000,0,7000,-7000,0,0,0,-7000
2415,錩新            ,0,0,0,0,0,0,0,0,0,-7000,0,7000,-7000,0,0,0,-7000
2530,華建            ,3000,10000,-7000,0,0,0,0,0,0,0,0,0,0,0,0,0,-7000
8411,福貞-KY         ,1000,3000,-2000,0,0,0,0,0,0,-5000,0,5000,-5000,0,0,0,-7000
9937,全國            ,0,7000,-7000,0,0,0,0,0,0,0,0,0,0,0,0,0,-7000
057654,A50正2中信98購01,0,0,0,0,0,0,0,0,0,-8000,0,0,0,12000,20000,-8000,-8000
057272,台積電元大98購14,0,0,0,0,0,0,0,0,0,-8000,0,0,0,8000,16000,-8000,-8000
05744P,台表科元大96售04,0,0,0,0,0,0,0,0,0,-8000,0,0,0,72000,80000,-8000,-8000
057464,大立光永豐98購02,0,0,0,0,0,0,0,0,0,-8000,0,0,0,0,8000,-8000,-8000
056764,友達元大9A購03  ,0,0,0,0,0,0,0,0,0,-8000,0,0,0,0,8000,-8000,-8000
056910,超眾元大99購02  ,0,0,0,0,0,0,0,0,0,-8000,0,0,0,2000,10000,-8000,-8000
056656,華邦電元大98購02,0,0,0,0,0,0,0,0,0,-8000,0,0,0,5000,13000,-8000,-8000
056709,華通永豐98購01  ,0,0,0,0,0,0,0,0,0,-8000,0,0,0,168000,176000,-8000,-8000
05900P,臺股指凱基99售05,0,0,0,0,0,0,0,0,0,-8000,0,0,0,42000,50000,-8000,-8000
06577P,聯發科日盛9A售02,0,0,0,0,0,0,0,0,0,-8000,0,0,0,0,8000,-8000,-8000
06240P,奇力新元富97售03,0,0,0,0,0,0,0,0,0,-8000,0,0,0,30000,38000,-8000,-8000
06352P,臺股指富邦99售02,0,0,0,0,0,0,0,0,0,-8000,0,0,0,10000,18000,-8000,-8000
058164,FBVIX凱基03購02 ,0,0,0,0,0,0,0,0,0,-8000,0,0,0,2000,10000,-8000,-8000
057884,華邦電群益98購02,0,0,0,0,0,0,0,0,0,-8000,0,0,0,64000,72000,-8000,-8000
058410,國巨兆豐99購03  ,0,0,0,0,0,0,0,0,0,-8000,0,0,0,2000,10000,-8000,-8000
058417,國巨麥證99購01  ,0,0,0,2000,10000,-8000,0,0,0,-8000,0,0,0,2000,10000,-8000,-8000
03885P,華新科統一96售01,0,0,0,0,0,0,0,0,0,-8000,0,0,0,0,8000,-8000,-8000
042116,元油2X國票97購01,0,0,0,0,0,0,0,0,0,-8000,0,0,0,0,8000,-8000,-8000
020011,統一微波高息20N ,0,0,0,0,0,0,0,0,0,-8000,0,0,0,0,8000,-8000,-8000
006206,元大上證50      ,6000,58000,-52000,0,0,0,0,0,0,44000,0,0,0,90000,46000,44000,-8000
03022X,富展01          ,0,0,0,0,0,0,0,0,0,-8000,0,0,0,1000,9000,-8000,-8000
048085,鴻海凱基93購32  ,0,0,0,0,0,0,0,0,0,-8000,0,0,0,13000,21000,-8000,-8000
046148,友達中信94購01  ,0,0,0,0,0,0,0,0,0,-8000,0,0,0,2000,10000,-8000,-8000
047144,華通群益94購01  ,0,0,0,0,0,0,0,0,0,-8000,0,0,0,120000,128000,-8000,-8000
04693P,超眾群益95售01  ,0,0,0,0,0,0,0,0,0,-8000,0,0,0,0,8000,-8000,-8000
051178,大立光凱基95購10,0,0,0,0,0,0,0,0,0,-8000,0,0,0,0,8000,-8000,-8000
049922,禾伸堂元大95購01,0,0,0,0,0,0,0,0,0,-8000,0,0,0,12000,20000,-8000,-8000
050901,樺漢元大95購02  ,0,0,0,0,0,0,0,0,0,-8000,0,0,0,101000,109000,-8000,-8000
051450,世芯元大95購02  ,0,0,0,0,0,0,0,0,0,-8000,0,0,0,248000,256000,-8000,-8000
054171,台郡凱基97購01  ,0,0,0,0,0,0,0,0,0,-8000,0,0,0,0,8000,-8000,-8000
05416P,喬山永豐95售04  ,0,0,0,0,0,0,0,0,0,-8000,0,0,0,26000,34000,-8000,-8000
05417P,燿華永豐95售07  ,0,0,0,0,0,0,0,0,0,-8000,0,0,0,12000,20000,-8000,-8000
053080,力山元大96購02  ,0,0,0,0,0,0,0,0,0,-8000,0,0,0,0,8000,-8000,-8000
053288,臺股指元大96購16,0,0,0,0,0,0,0,0,0,-8000,0,0,0,0,8000,-8000,-8000
051409,美律國票96購01  ,0,0,0,0,0,0,0,0,0,-8000,0,0,0,5000,13000,-8000,-8000
050561,上証2X元富97購01,0,0,0,0,0,0,0,0,0,-8000,0,0,0,10000,18000,-8000,-8000
050288,台積電凱基94購32,0,0,0,0,0,0,0,0,0,-8000,0,0,0,0,8000,-8000,-8000
051225,台積電群益95購02,0,0,0,0,0,0,0,0,0,-8000,0,0,0,323000,331000,-8000,-8000
052578,大立光統一97購01,0,0,0,0,0,0,0,0,0,-8000,0,0,0,1000,9000,-8000,-8000
053464,喬山元大96購01  ,0,450000,-450000,0,0,0,0,0,0,442000,0,0,0,457000,15000,442000,-8000
055604,訊芯元大98購02  ,0,0,0,0,0,0,0,0,0,-8000,0,0,0,32000,40000,-8000,-8000
055707,聯鈞永豐98購01  ,0,0,0,0,0,0,0,0,0,-8000,0,0,0,23000,31000,-8000,-8000
055747,康舒元富97購01  ,0,0,0,0,0,0,0,0,0,-8000,0,0,0,0,8000,-8000,-8000
056422,全新統一98購02  ,0,0,0,0,0,0,0,0,0,-8000,0,0,0,0,8000,-8000,-8000
053818,富邦金群益98購01,0,0,0,0,0,0,0,0,0,-8000,0,0,0,5000,13000,-8000,-8000
056044,同欣電凱基97購03,0,0,0,0,0,0,0,0,0,-8000,0,0,0,0,8000,-8000,-8000
05495P,大立光統一95售07,0,0,0,0,0,0,0,0,0,-8000,0,0,0,10000,18000,-8000,-8000
9944,新麗            ,186000,192000,-6000,0,0,0,0,0,0,-2000,2000,4000,-2000,0,0,0,-8000
9918,欣天然          ,1000,9000,-8000,0,0,0,0,0,0,0,0,0,0,0,0,0,-8000
3025,星通            ,2000,3000,-1000,0,0,0,0,0,0,-7000,1000,8000,-7000,0,0,0,-8000
2491,吉祥全          ,0,5000,-5000,0,0,0,0,0,0,-3000,0,3000,-3000,0,0,0,-8000
2444,兆勁            ,0,8000,-8000,0,0,0,0,0,0,0,0,0,0,0,0,0,-8000
2466,冠西電          ,2000,8000,-6000,0,0,0,0,0,0,-2000,0,2000,-2000,0,0,0,-8000
6533,晶心科          ,45000,51000,-6000,0,0,0,0,0,0,-2000,0,2000,-2000,0,0,0,-8000
6235,華孚            ,5000,11000,-6000,0,0,0,0,0,0,-2000,0,2000,-2000,0,0,0,-8000
6189,豐藝            ,13000,19000,-6000,0,0,0,0,0,0,-2000,0,2000,-2000,0,0,0,-8000
06939P,國巨永豐98售09  ,0,0,0,0,0,0,0,0,0,-8000,0,0,0,9000,17000,-8000,-8000
2038,海光            ,1000,8000,-7000,0,0,0,0,0,0,-1000,0,1000,-1000,0,0,0,-8000
1558,伸興            ,0,8000,-8000,0,0,0,0,0,0,0,0,0,0,0,0,0,-8000
1583,程泰            ,0,8000,-8000,0,0,0,0,0,0,0,0,0,0,0,0,0,-8000
058463,宏達電兆豐99購02,0,0,0,0,0,0,0,0,0,-9000,0,0,0,0,9000,-9000,-9000
058518,玉晶光元大99購13,0,0,0,0,0,0,0,0,0,-9000,0,0,0,2000,11000,-9000,-9000
057871,國巨元大99購09  ,0,0,0,0,0,0,0,0,0,-9000,0,0,0,0,9000,-9000,-9000
058524,超眾元大99購04  ,0,0,0,0,0,0,0,0,0,-9000,0,0,0,0,9000,-9000,-9000
06159P,牧德元富97售02  ,0,0,0,0,0,0,0,0,0,-9000,0,0,0,20000,29000,-9000,-9000
06170P,禾伸堂元富97售02,0,0,0,0,0,0,0,0,0,-9000,0,0,0,12000,21000,-9000,-9000
06176P,台積電元大97售22,0,0,0,0,0,0,0,0,0,-9000,0,0,0,3000,12000,-9000,-9000
057129,聯發科凱基99購03,0,0,0,0,0,0,0,0,0,-9000,0,0,0,7000,16000,-9000,-9000
057032,A50反1元大9B購01,0,0,0,0,0,0,0,0,0,-9000,0,0,0,0,9000,-9000,-9000
056978,技嘉群益99購01  ,0,0,0,0,0,0,0,0,0,-9000,0,0,0,67000,76000,-9000,-9000
056925,群創兆豐98購03  ,0,0,0,0,0,0,0,0,0,-9000,0,0,0,0,9000,-9000,-9000
057751,神達國票99購02  ,0,0,0,0,0,0,0,0,0,-9000,0,0,0,5000,14000,-9000,-9000
050102,鴻海富邦95購04  ,0,0,0,0,0,0,0,0,0,-9000,0,0,0,1000,10000,-9000,-9000
048191,亞德客元大93購06,0,0,0,0,0,0,0,0,0,-9000,0,0,0,0,9000,-9000,-9000
049527,國巨中信95購01  ,0,0,0,0,0,0,0,0,0,-9000,0,0,0,11000,20000,-9000,-9000
05031P,台光電元富95售01,0,0,0,0,0,0,0,0,0,-9000,0,0,0,36000,45000,-9000,-9000
050334,鴻海國泰96購07  ,0,0,0,0,0,0,0,0,0,-9000,0,0,0,21000,30000,-9000,-9000
048784,台積電元大94購04,0,0,0,0,0,0,0,0,0,-9000,0,0,0,0,9000,-9000,-9000
049086,晶相光凱基94購01,0,0,0,0,0,0,0,0,0,-9000,0,0,0,1000,10000,-9000,-9000
047073,大立光兆豐94購01,0,0,0,0,0,0,0,0,0,-9000,0,0,0,1000,10000,-9000,-9000
049300,南電群益94購01  ,0,0,0,0,0,0,0,0,0,-9000,0,0,0,16000,25000,-9000,-9000
042387,台積電永昌93購02,0,0,0,0,0,0,0,0,0,-9000,0,0,0,34000,43000,-9000,-9000
00657,國泰日經225     ,0,0,0,0,0,0,0,0,0,-9000,0,0,0,100000,109000,-9000,-9000
047659,大立光麥證93購01,0,0,0,1000,10000,-9000,0,0,0,-9000,0,0,0,1000,10000,-9000,-9000
03654C,元油2X凱基9B牛02,0,0,0,0,0,0,0,0,0,-9000,0,0,0,0,9000,-9000,-9000
050390,聯發科統一94購09,0,0,0,0,0,0,0,0,0,-9000,0,0,0,0,9000,-9000,-9000
050576,南亞科國票95購01,0,0,0,0,0,0,0,0,0,-9000,0,0,0,11000,20000,-9000,-9000
052690,台表科元大97購01,0,0,0,0,0,0,0,0,0,-9000,0,0,0,36000,45000,-9000,-9000
050813,旺宏凱基96購01  ,0,0,0,0,0,0,0,0,0,-9000,0,0,0,1000,10000,-9000,-9000
050792,可成富邦96購01  ,0,0,0,0,0,0,0,0,0,-9000,0,0,0,146000,155000,-9000,-9000
050850,訊連國票96購01  ,0,0,0,0,0,0,0,0,0,-9000,0,0,0,0,9000,-9000,-9000
050946,瑞昱群益95購01  ,0,0,0,0,0,0,0,0,0,-9000,0,0,0,63000,72000,-9000,-9000
051943,台積電麥證95購03,0,0,0,0,9000,-9000,0,0,0,-9000,0,0,0,0,9000,-9000,-9000
051849,旺宏中信98購01  ,0,0,0,0,0,0,0,0,0,-9000,0,0,0,11000,20000,-9000,-9000
05430P,台積電統一95售07,0,0,0,0,0,0,0,0,0,-9000,0,0,0,1000,10000,-9000,-9000
054572,國巨元大98購03  ,0,0,0,0,0,0,0,0,0,-9000,0,0,0,91000,100000,-9000,-9000
056491,南亞科國泰99購01,0,0,0,0,0,0,0,0,0,-9000,0,0,0,10000,19000,-9000,-9000
055438,鴻海國票98購01  ,0,0,0,0,0,0,0,0,0,-9000,0,0,0,0,9000,-9000,-9000
055048,台積電永豐97購04,0,0,0,0,0,0,0,0,0,-9000,0,0,0,0,9000,-9000,-9000
056050,晶技國票98購01  ,0,0,0,0,0,0,0,0,0,-9000,0,0,0,162000,171000,-9000,-9000
055816,新日興國票98購01,0,0,0,0,0,0,0,0,0,-9000,0,0,0,3000,12000,-9000,-9000
1537,廣隆            ,9000,13000,-4000,0,0,0,0,0,0,-5000,0,5000,-5000,0,0,0,-9000
1526,日馳            ,7000,13000,-6000,0,0,0,0,0,0,-3000,0,3000,-3000,0,0,0,-9000
1219,福壽            ,0,8000,-8000,0,0,0,0,0,0,-1000,0,1000,-1000,0,0,0,-9000
06992P,玉晶光日盛9B售01,0,0,0,0,0,0,0,0,0,-9000,0,0,0,0,9000,-9000,-9000
06708P,臺股指台新99售05,0,0,0,0,0,0,0,0,0,-9000,0,0,0,8000,17000,-9000,-9000
06754P,台積電永豐98售03,0,0,0,0,0,0,0,0,0,-9000,0,0,0,1000,10000,-9000,-9000
6117,迎廣            ,0,8000,-8000,0,0,0,0,0,0,-1000,0,1000,-1000,0,0,0,-9000
4576,大銀微系統      ,0,9000,-9000,0,0,0,0,0,0,0,0,0,0,0,0,0,-9000
3312,弘憶股          ,19000,28000,-9000,0,0,0,0,0,0,0,0,0,0,0,0,0,-9000
3062,建漢            ,140000,141000,-1000,0,0,0,0,0,0,-8000,0,8000,-8000,0,0,0,-9000
3167,大量            ,7000,9000,-2000,0,0,0,0,0,0,-7000,0,7000,-7000,0,0,0,-9000
2462,良得電          ,1000,9000,-8000,0,0,0,0,0,0,-1000,0,1000,-1000,0,0,0,-9000
2506,太設            ,0,5000,-5000,0,0,0,0,0,0,-4000,0,4000,-4000,0,0,0,-9000
9931,欣高            ,0,9000,-9000,0,0,0,0,0,0,0,0,0,0,0,0,0,-9000
057698,奇力新群益98購02,0,0,0,0,0,0,0,0,0,-10000,0,0,0,24000,34000,-10000,-10000
057828,緯穎元大99購02  ,0,0,0,0,0,0,0,0,0,-10000,0,0,0,20000,30000,-10000,-10000
057778,大立光群益98購02,0,0,0,0,0,0,0,0,0,-10000,0,0,0,0,10000,-10000,-10000
057768,華新科中信9A購01,0,0,0,0,0,0,0,0,0,-10000,0,0,0,4000,14000,-10000,-10000
057604,鴻海統一9C購01  ,0,0,0,0,0,0,0,0,0,-10000,0,0,0,15000,25000,-10000,-10000
057605,旺宏統一99購03  ,0,0,0,0,0,0,0,0,0,-10000,0,0,0,0,10000,-10000,-10000
057551,華新科凱基98購06,0,0,0,0,0,0,0,0,0,-10000,0,0,0,89000,99000,-10000,-10000
057454,上銀國泰99購02  ,0,0,0,0,0,0,0,0,0,-10000,0,0,0,0,10000,-10000,-10000
057463,華邦電永豐98購01,0,0,0,0,0,0,0,0,0,-10000,0,0,0,0,10000,-10000,-10000
057512,華邦電台新98購01,0,0,0,0,0,0,0,0,0,-10000,0,0,0,0,10000,-10000,-10000
057476,國巨元大98購19  ,0,0,0,0,0,0,0,0,0,-10000,0,0,0,5000,15000,-10000,-10000
057271,國巨元大98購17  ,0,0,0,0,0,0,0,0,0,-10000,0,0,0,0,10000,-10000,-10000
057386,聯發科永豐98購04,0,0,0,0,0,0,0,0,0,-10000,0,0,0,0,10000,-10000,-10000
057379,寶成元大98購02  ,0,0,0,0,0,0,0,0,0,-10000,0,0,0,0,10000,-10000,-10000
057366,智邦元大98購08  ,0,0,0,0,0,0,0,0,0,-10000,0,0,0,46000,56000,-10000,-10000
057369,奇力新元大99購05,0,0,0,0,0,0,0,0,0,-10000,0,0,0,0,10000,-10000,-10000
057005,元油2X中信9C購01,0,0,0,0,0,0,0,0,0,-10000,0,0,0,0,10000,-10000,-10000
057012,康控中信98購01  ,0,0,0,0,0,0,0,0,0,-10000,0,0,0,0,10000,-10000,-10000
057014,元油2X凱基9A購05,0,0,0,0,0,0,0,0,0,-10000,0,0,0,0,10000,-10000,-10000
057015,元油2X凱基9B購04,0,0,0,0,0,0,0,0,0,-10000,0,0,0,0,10000,-10000,-10000
057104,康友中信99購01  ,0,0,0,0,0,0,0,0,0,-10000,0,0,0,10000,20000,-10000,-10000
057228,友達凱基9B購01  ,0,0,0,0,0,0,0,0,0,-10000,0,0,0,0,10000,-10000,-10000
056882,華邦電康和98購01,0,0,0,0,0,0,0,0,0,-10000,0,0,0,0,10000,-10000,-10000
056833,和大元富9B購01  ,0,0,0,0,0,0,0,0,0,-10000,0,0,0,20000,30000,-10000,-10000
06171P,台積電統一97售06,0,0,0,0,0,0,0,0,0,-10000,0,0,0,0,10000,-10000,-10000
06138P,台積電中信99售01,0,0,0,0,0,0,0,0,0,-10000,0,0,0,5000,15000,-10000,-10000
058544,FBVIX富邦9B購01 ,0,0,0,0,0,0,0,0,0,-10000,0,0,0,0,10000,-10000,-10000
05962P,大立光群益96售07,0,0,0,0,0,0,0,0,0,-10000,0,0,0,2000,12000,-10000,-10000
06002P,華通康和96售01  ,0,0,0,0,0,0,0,0,0,-10000,0,0,0,0,10000,-10000,-10000
05973P,聯詠元大96售06  ,0,0,0,0,0,0,0,0,0,-10000,0,0,0,35000,45000,-10000,-10000
05982P,漢唐國票96售03  ,0,0,0,0,0,0,0,0,0,-10000,0,0,0,0,10000,-10000,-10000
06350P,臺股指台新99售02,0,0,0,0,0,0,0,0,0,-10000,0,0,0,0,10000,-10000,-10000
06220P,廣宇元富97售02  ,0,0,0,0,0,0,0,0,0,-10000,0,0,0,0,10000,-10000,-10000
06466P,台積電統一9B售01,0,0,0,0,0,0,0,0,0,-10000,0,0,0,0,10000,-10000,-10000
06404P,鴻海元富97售16  ,0,0,0,0,0,0,0,0,0,-10000,0,0,0,0,10000,-10000,-10000
05785P,臺股指元大96售19,0,0,0,0,0,0,0,0,0,-10000,0,0,0,0,10000,-10000,-10000
057910,華新科兆豐99購02,0,0,0,0,0,0,0,0,0,-10000,0,0,0,0,10000,-10000,-10000
05792P,臺股指中信99售07,0,0,0,0,0,0,0,0,0,-10000,0,0,0,0,10000,-10000,-10000
057928,鈺齊凱基98購02  ,0,0,0,0,0,0,0,0,0,-10000,0,0,0,58000,68000,-10000,-10000
058155,牧德統一9A購01  ,0,0,0,0,0,0,0,0,0,-10000,0,0,0,0,10000,-10000,-10000
058139,臻鼎元大99購01  ,0,0,0,0,0,0,0,0,0,-10000,0,0,0,0,10000,-10000,-10000
058030,國巨永豐98購08  ,0,0,0,0,0,0,0,0,0,-10000,0,0,0,0,10000,-10000,-10000
05803P,臺股指兆豐96售03,0,0,0,0,0,0,0,0,0,-10000,50000,0,50000,71000,131000,-60000,-10000
058446,新光金富邦9C購01,0,0,0,0,0,0,0,0,0,-10000,0,0,0,0,10000,-10000,-10000
05843P,台積電元大96售16,0,0,0,0,0,0,0,0,0,-10000,0,0,0,0,10000,-10000,-10000
058441,T50反1台新03購01,0,0,0,0,0,0,0,0,0,-10000,0,0,0,0,10000,-10000,-10000
058373,晶技凱基99購02  ,0,0,0,0,0,0,0,0,0,-10000,0,0,0,0,10000,-10000,-10000
058356,華邦電凱基99購01,0,0,0,0,0,0,0,0,0,-10000,0,0,0,0,10000,-10000,-10000
058357,智邦凱基99購02  ,0,0,0,0,0,0,0,0,0,-10000,0,0,0,13000,23000,-10000,-10000
058287,國巨國票9A購02  ,0,0,0,0,0,0,0,0,0,-10000,0,0,0,0,10000,-10000,-10000
058292,上銀凱基9A購01  ,0,0,0,0,0,0,0,0,0,-10000,0,0,0,0,10000,-10000,-10000
058202,鴻海凱基9A購04  ,0,0,0,0,0,0,0,0,0,-10000,0,0,0,19000,29000,-10000,-10000
03595P,聯發科凱基02售11,0,0,0,0,0,0,0,0,0,-10000,0,0,0,0,10000,-10000,-10000
03982P,智易國票94售02  ,0,0,0,0,0,0,0,0,0,-10000,0,0,0,0,10000,-10000,-10000
04011P,台積電元大93售22,0,0,0,0,0,0,0,0,0,-10000,0,0,0,0,10000,-10000,-10000
04764P,台光電台新94售01,0,0,0,0,0,0,0,0,0,-10000,0,0,0,0,10000,-10000,-10000
047656,聯詠兆豐93購02  ,0,0,0,0,0,0,0,0,0,-10000,0,0,0,0,10000,-10000,-10000
047726,友達群益94購02  ,0,0,0,0,0,0,0,0,0,-10000,0,0,0,0,10000,-10000,-10000
047699,亞德客凱基93購04,0,0,0,0,0,0,0,0,0,-10000,0,0,0,0,10000,-10000,-10000
047685,嘉聯益國泰95購01,0,0,0,0,0,0,0,0,0,-10000,0,0,0,0,10000,-10000,-10000
04159P,滬深2X中信95售08,0,0,0,0,0,0,0,0,0,-10000,0,0,0,0,10000,-10000,-10000
04142P,元油反凱基99售01,0,0,0,0,0,0,0,0,0,-10000,0,0,0,250000,260000,-10000,-10000
044987,宏達電統一94購01,0,0,0,0,0,0,0,0,0,-10000,0,0,0,0,10000,-10000,-10000
045250,華通凱基94購01  ,0,0,0,0,0,0,0,0,0,-10000,0,0,0,0,10000,-10000,-10000
04536P,長榮航統一94售01,0,0,0,0,0,0,0,0,0,-10000,0,0,0,0,10000,-10000,-10000
00731,FH富時高息低波  ,0,0,0,0,0,0,0,0,0,-10000,0,0,0,191000,201000,-10000,-10000
042502,上銀凱基93購01  ,0,0,0,0,0,0,0,0,0,-10000,0,0,0,0,10000,-10000,-10000
042942,永冠國票94購01  ,0,0,0,0,0,0,0,0,0,-10000,0,0,0,0,10000,-10000,-10000
03021P,玉晶光群益02售25,0,0,0,0,0,0,0,0,0,-10000,0,0,0,0,10000,-10000,-10000
04391P,玉晶光凱基95售03,0,0,0,0,0,0,0,0,0,-10000,0,0,0,0,10000,-10000,-10000
043921,台表科凱基93購01,0,0,0,0,0,0,0,0,0,-10000,0,0,0,0,10000,-10000,-10000
044011,鴻海凱基93購03  ,0,0,0,0,0,0,0,0,0,-10000,0,0,0,18000,28000,-10000,-10000
03492P,創意元大02售03  ,0,0,0,0,0,0,0,0,0,-10000,0,0,0,0,10000,-10000,-10000
03417B,臺股指凱基95熊19,0,0,0,0,0,0,0,0,0,-10000,0,0,0,20000,30000,-10000,-10000
04801P,矽力元大94售02  ,0,0,0,0,0,0,0,0,0,-10000,0,0,0,0,10000,-10000,-10000
047993,鑽全元大96購01  ,0,0,0,0,0,0,0,0,0,-10000,0,0,0,0,10000,-10000,-10000
049337,台達電統一94購03,0,0,0,0,0,0,0,0,0,-10000,0,0,0,0,10000,-10000,-10000
04805P,創意元富94售01  ,0,0,0,0,0,0,0,0,0,-10000,0,0,0,0,10000,-10000,-10000
049407,台積電日盛94購02,0,0,0,0,0,0,0,0,0,-10000,0,0,0,0,10000,-10000,-10000
046185,正崴凱基93購02  ,0,0,0,0,0,0,0,0,0,-10000,0,0,0,40000,50000,-10000,-10000
045996,南電富邦94購01  ,0,0,0,0,0,0,0,0,0,-10000,0,0,0,0,10000,-10000,-10000
047873,上緯控永豐93購02,0,0,0,0,0,0,0,0,0,-10000,0,0,0,0,10000,-10000,-10000
047955,南亞科永豐93購01,0,0,0,0,0,0,0,0,0,-10000,0,0,0,0,10000,-10000,-10000
047818,台郡凱基93購04  ,0,0,0,0,0,0,0,0,0,-10000,0,0,0,0,10000,-10000,-10000
04699P,臺股指元富94售05,0,0,0,0,0,0,0,0,0,-10000,0,0,0,280000,290000,-10000,-10000
047014,元油反元大99購01,0,0,0,0,0,0,0,0,0,-10000,0,0,0,1000,11000,-10000,-10000
046882,智易富邦97購01  ,0,0,0,0,0,0,0,0,0,-10000,0,0,0,0,10000,-10000,-10000
046914,友達台新96購01  ,0,0,0,0,0,0,0,0,0,-10000,0,0,0,0,10000,-10000,-10000
046797,T50反1元大96購01,0,0,0,0,0,0,0,0,0,-10000,0,0,0,230000,240000,-10000,-10000
04576P,上海銀統一94售04,0,0,0,0,0,0,0,0,0,-10000,0,0,0,0,10000,-10000,-10000
045818,鴻海凱基93購10  ,0,0,0,0,0,0,0,0,0,-10000,0,0,0,0,10000,-10000,-10000
045444,群創元富98購02  ,0,0,0,0,0,0,0,0,0,-10000,0,0,0,0,10000,-10000,-10000
045504,群創凱基94購01  ,0,0,0,0,0,0,0,0,0,-10000,0,0,0,3000,13000,-10000,-10000
04734P,上海銀兆豐94售02,0,0,0,0,0,0,0,0,0,-10000,0,0,0,0,10000,-10000,-10000
047599,大立光統一93購08,0,0,0,0,0,0,0,0,0,-10000,0,0,0,203000,213000,-10000,-10000
04760P,旺宏凱基94售02  ,0,0,0,0,0,0,0,0,0,-10000,0,0,0,0,10000,-10000,-10000
047642,宏達電元大93購08,0,0,0,0,0,0,0,0,0,-10000,0,0,0,3000,13000,-10000,-10000
049061,元油2X日盛94購01,0,0,0,0,0,0,0,0,0,-10000,0,0,0,0,10000,-10000,-10000
048612,嘉晶凱基93購05  ,0,0,0,0,0,0,0,0,0,-10000,0,0,0,0,10000,-10000,-10000
048630,南亞元大93購01  ,0,0,0,0,0,0,0,0,0,-10000,0,0,0,0,10000,-10000,-10000
048657,大成鋼統一93購04,0,0,0,0,0,0,0,0,0,-10000,0,0,0,0,10000,-10000,-10000
048702,正文國票95購01  ,0,0,0,0,0,0,0,0,0,-10000,0,0,0,10000,20000,-10000,-10000
048729,鴻海麥證94購01  ,0,0,0,0,10000,-10000,0,0,0,-10000,0,0,0,0,10000,-10000,-10000
049228,台塑富邦94購01  ,0,0,0,0,0,0,0,0,0,-10000,0,0,0,20000,30000,-10000,-10000
049222,和碩國票94購01  ,0,0,0,0,0,0,0,0,0,-10000,0,0,0,10000,20000,-10000,-10000
048793,超眾元大95購02  ,0,0,0,0,0,0,0,0,0,-10000,0,0,0,0,10000,-10000,-10000
049044,和碩兆豐94購01  ,0,0,0,0,0,0,0,0,0,-10000,0,0,0,40000,50000,-10000,-10000
048909,聯詠富邦94購01  ,0,0,0,0,0,0,0,0,0,-10000,0,0,0,10000,20000,-10000,-10000
04892P,聯發科元大94售14,0,0,0,0,0,0,0,0,0,-10000,0,0,0,0,10000,-10000,-10000
049256,瑞昱元大94購04  ,0,0,0,0,0,0,0,0,0,-10000,0,0,0,0,10000,-10000,-10000
049269,超眾元大96購02  ,0,0,0,0,0,0,0,0,0,-10000,0,0,0,0,10000,-10000,-10000
049808,聯詠元大94購03  ,0,0,0,0,0,0,0,0,0,-10000,0,0,0,0,10000,-10000,-10000
053358,晶技統一98購01  ,0,0,0,0,0,0,0,0,0,-10000,0,0,0,0,10000,-10000,-10000
053344,嘉晶國票97購02  ,0,0,0,0,0,0,0,0,0,-10000,0,0,0,60000,70000,-10000,-10000
051203,微星麥證95購01  ,0,0,0,0,10000,-10000,0,0,0,-10000,0,0,0,0,10000,-10000,-10000
052017,奇鋐永豐95購01  ,0,0,0,0,0,0,0,0,0,-10000,0,0,0,0,10000,-10000,-10000
052043,瑞昱日盛95購01  ,0,0,0,0,0,0,0,0,0,-10000,0,0,0,40000,50000,-10000,-10000
052045,瑞昱凱基96購01  ,0,0,0,0,0,0,0,0,0,-10000,0,0,0,0,10000,-10000,-10000
052228,聯發科凱基96購06,0,0,0,0,0,0,0,0,0,-10000,0,0,0,10000,20000,-10000,-10000
052073,矽力統一95購03  ,0,0,0,0,0,0,0,0,0,-10000,0,0,0,0,10000,-10000,-10000
049559,香港反統一94購02,0,0,0,0,0,0,0,0,0,-10000,0,0,0,0,10000,-10000,-10000
049529,華新科中信95購01,0,0,0,0,0,0,0,0,0,-10000,0,0,0,144000,154000,-10000,-10000
049547,新光金群益94購01,0,0,0,0,0,0,0,0,0,-10000,0,0,0,20000,30000,-10000,-10000
048299,聯詠麥證93購02  ,0,0,0,0,10000,-10000,0,0,0,-10000,0,0,0,0,10000,-10000,-10000
048298,華通麥證94購01  ,0,0,0,0,12000,-12000,0,0,0,-10000,0,0,0,2000,12000,-10000,-10000
048217,亞德客凱基93購06,0,0,0,0,0,0,0,0,0,-10000,0,0,0,0,10000,-10000,-10000
049417,奇力新凱基94購02,0,0,0,0,0,0,0,0,0,-10000,0,0,0,0,10000,-10000,-10000
049449,宏碁統一94購01  ,0,0,0,0,0,0,0,0,0,-10000,0,0,0,0,10000,-10000,-10000
04946P,華通元大94售04  ,0,0,0,0,0,0,0,0,0,-10000,0,0,0,10000,20000,-10000,-10000
049474,台光電永豐94購02,0,0,0,0,0,0,0,0,0,-10000,0,0,0,0,10000,-10000,-10000
050091,喬山永豐94購02  ,0,0,0,0,0,0,0,0,0,-10000,0,0,0,0,10000,-10000,-10000
050018,高股息元大94購02,0,0,0,0,0,0,0,0,0,-10000,0,0,0,20000,30000,-10000,-10000
050039,鴻海中信94購03  ,0,0,0,0,0,0,0,0,0,-10000,0,0,0,20000,30000,-10000,-10000
049892,國巨富邦96購01  ,0,0,0,0,0,0,0,0,0,-10000,0,0,0,0,10000,-10000,-10000
049855,台表科群益94購01,0,0,0,0,0,0,0,0,0,-10000,0,0,0,20000,30000,-10000,-10000
049846,台泥群益94購01  ,0,0,0,0,0,0,0,0,0,-10000,0,0,0,10000,20000,-10000,-10000
049592,欣興元大96購01  ,0,0,0,0,0,0,0,0,0,-10000,0,0,0,0,10000,-10000,-10000
04834P,鴻海元大94售17  ,0,0,0,0,0,0,0,0,0,-10000,0,0,0,20000,30000,-10000,-10000
048416,台達電統一93購02,0,0,0,0,0,0,0,0,0,-10000,0,0,0,10000,20000,-10000,-10000
049649,信邦凱基94購01  ,0,0,0,0,0,0,0,0,0,-10000,0,0,0,0,10000,-10000,-10000
048480,FB上証中信94購01,0,0,0,0,0,0,0,0,0,-10000,0,0,0,0,10000,-10000,-10000
048534,貿聯國票94購01  ,0,0,0,0,0,0,0,0,0,-10000,0,0,0,0,10000,-10000,-10000
048562,宏達電元大95購01,0,0,0,0,0,0,0,0,0,-10000,0,0,0,54000,64000,-10000,-10000
048567,台郡元大93購03  ,0,0,0,0,0,0,0,0,0,-10000,0,0,0,0,10000,-10000,-10000
048556,技嘉元大93購03  ,0,0,0,0,0,0,0,0,0,-10000,0,0,0,0,10000,-10000,-10000
049772,臺股指元富94購01,0,0,0,0,0,0,0,0,0,-10000,0,0,0,0,10000,-10000,-10000
049773,臺股指元富94購02,0,0,0,0,0,0,0,0,0,-10000,0,0,0,0,10000,-10000,-10000
049796,國巨元大94購10  ,0,0,0,0,0,0,0,0,0,-10000,0,0,0,0,10000,-10000,-10000
048746,台達電元富94購01,0,0,0,0,0,0,0,0,0,-10000,0,0,0,10000,20000,-10000,-10000
048593,華新科群益93購04,0,0,0,0,0,0,0,0,0,-10000,0,0,0,20000,30000,-10000,-10000
048607,上銀凱基93購11  ,0,0,0,0,0,0,0,0,0,-10000,0,0,0,0,10000,-10000,-10000
051868,貿聯凱基96購01  ,0,0,0,0,0,0,0,0,0,-10000,0,0,0,0,10000,-10000,-10000
051937,廣達群益95購01  ,0,0,0,0,0,0,0,0,0,-10000,0,0,0,22000,32000,-10000,-10000
05167P,百和元富95售03  ,0,0,0,0,0,0,0,0,0,-10000,0,0,0,0,10000,-10000,-10000
051680,國泰金第一95購01,0,0,0,0,0,0,0,0,0,-10000,0,0,0,0,10000,-10000,-10000
051527,台郡凱基95購03  ,0,0,0,0,0,0,0,0,0,-10000,0,0,0,0,10000,-10000,-10000
051636,嘉晶國票95購02  ,0,0,0,0,0,0,0,0,0,-10000,0,0,0,0,10000,-10000,-10000
051748,超眾國泰96購01  ,0,0,0,0,0,0,0,0,0,-10000,0,0,0,0,10000,-10000,-10000
051719,鴻海永豐95購04  ,0,0,0,0,0,0,0,0,0,-10000,0,0,0,0,10000,-10000,-10000
051461,聯詠國泰96購01  ,0,0,0,0,0,0,0,0,0,-10000,0,0,0,0,10000,-10000,-10000
05074P,鴻海麥證95售01  ,0,0,0,0,10000,-10000,0,0,0,-10000,0,0,0,0,10000,-10000,-10000
050779,超眾元大96購03  ,0,0,0,0,0,0,0,0,0,-10000,0,0,0,0,10000,-10000,-10000
051109,美律統一95購02  ,0,0,0,0,0,0,0,0,0,-10000,0,0,0,0,10000,-10000,-10000
051119,光寶科群益95購01,0,0,0,0,0,0,0,0,0,-10000,0,0,0,0,10000,-10000,-10000
051116,可成麥證95購01  ,0,0,0,0,10000,-10000,0,0,0,-10000,0,0,0,0,10000,-10000,-10000
051025,晶華統一95購01  ,0,0,0,0,0,0,0,0,0,-10000,0,0,0,0,10000,-10000,-10000
051050,鴻海群益95購03  ,0,0,0,0,0,0,0,0,0,-10000,0,0,0,10000,20000,-10000,-10000
051067,台積電國票96購03,0,0,0,0,0,0,0,0,0,-10000,0,0,0,101000,111000,-10000,-10000
054180,亞泥康和96購01  ,0,0,0,0,0,0,0,0,0,-10000,0,0,0,0,10000,-10000,-10000
054191,香港2X中信98購01,0,0,0,0,0,0,0,0,0,-10000,0,0,0,0,10000,-10000,-10000
05419P,矽力永豐95售02  ,0,0,0,0,0,0,0,0,0,-10000,0,0,0,0,10000,-10000,-10000
054195,亞泥國泰98購01  ,0,0,0,0,0,0,0,0,0,-10000,0,0,0,0,10000,-10000,-10000
054196,台光電國泰97購02,0,0,0,0,0,0,0,0,0,-10000,0,0,0,10000,20000,-10000,-10000
054152,漢唐國泰98購02  ,0,0,0,0,0,0,0,0,0,-10000,0,0,0,10000,20000,-10000,-10000
054088,華新群益98購02  ,0,0,0,0,0,0,0,0,0,-10000,0,0,0,0,10000,-10000,-10000
054094,創意群益96購02  ,0,0,0,0,0,0,0,0,0,-10000,0,0,0,0,10000,-10000,-10000
054014,宏達電永豐96購04,0,0,0,0,0,0,0,0,0,-10000,0,0,0,220000,230000,-10000,-10000
054005,旺宏統一97購04  ,0,0,0,0,0,0,0,0,0,-10000,0,0,0,90000,100000,-10000,-10000
054034,景碩中信96購01  ,0,0,0,0,0,0,0,0,0,-10000,0,0,0,0,10000,-10000,-10000
054041,鴻海元大96購22  ,0,0,0,0,0,0,0,0,0,-10000,0,0,0,101000,111000,-10000,-10000
053421,南亞科永豐96購01,0,0,0,0,0,0,0,0,0,-10000,0,0,0,0,10000,-10000,-10000
055415,禾伸堂富邦9B購01,0,0,0,0,0,0,0,0,0,-10000,0,0,0,0,10000,-10000,-10000
053913,華新國票97購01  ,0,0,0,0,0,0,0,0,0,-10000,0,0,0,0,10000,-10000,-10000
050674,瑞昱富邦94購02  ,0,0,0,0,0,0,0,0,0,-10000,0,0,0,0,10000,-10000,-10000
050642,和大凱基94購03  ,0,0,0,0,0,0,0,0,0,-10000,0,0,0,0,10000,-10000,-10000
050645,台積電凱基94購39,0,0,0,0,0,0,0,0,0,-10000,0,0,0,0,10000,-10000,-10000
053073,技嘉康和96購01  ,0,0,0,0,0,0,0,0,0,-10000,0,0,0,10000,20000,-10000,-10000
053087,冠德元大96購02  ,0,0,0,0,0,0,0,0,0,-10000,0,0,0,0,10000,-10000,-10000
053064,國巨群益96購04  ,0,0,0,0,0,0,0,0,0,-10000,0,0,0,27000,37000,-10000,-10000
053100,美律元富96購01  ,0,0,0,0,0,0,0,0,0,-10000,0,0,0,0,10000,-10000,-10000
053132,國巨國票97購02  ,0,0,0,0,0,0,0,0,0,-10000,0,0,0,0,10000,-10000,-10000
053161,康友元大96購04  ,0,0,0,0,0,0,0,0,0,-10000,0,0,0,0,10000,-10000,-10000
053236,群創永豐97購02  ,0,0,0,0,0,0,0,0,0,-10000,0,0,0,0,10000,-10000,-10000
053204,旺宏麥證96購01  ,0,0,0,10000,20000,-10000,0,0,0,-10000,0,0,0,10000,20000,-10000,-10000
052705,超眾國票97購01  ,0,0,0,0,0,0,0,0,0,-10000,0,0,0,0,10000,-10000,-10000
050586,康友國票94購01  ,0,0,0,0,0,0,0,0,0,-10000,0,0,0,0,10000,-10000,-10000
050558,台積電統一94購14,0,0,0,0,0,0,0,0,0,-10000,0,0,0,40000,50000,-10000,-10000
051396,健鼎兆豐95購01  ,0,0,0,0,0,0,0,0,0,-10000,0,0,0,0,10000,-10000,-10000
050634,華新科群益96購01,0,0,0,0,0,0,0,0,0,-10000,0,0,0,25000,35000,-10000,-10000
051388,大立光麥證95購03,0,0,0,0,10000,-10000,0,0,0,-10000,0,0,0,0,10000,-10000,-10000
052739,國巨元大96購04  ,0,0,0,0,0,0,0,0,0,-10000,0,0,0,0,10000,-10000,-10000
050427,台積電凱基94購34,0,0,0,0,0,0,0,0,0,-10000,0,0,0,0,10000,-10000,-10000
050408,臻鼎台新94購02  ,0,0,0,0,0,0,0,0,0,-10000,0,0,0,0,10000,-10000,-10000
052567,台積電凱基96購05,0,0,0,0,0,0,0,0,0,-10000,0,0,0,10000,20000,-10000,-10000
052536,聯茂國泰97購01  ,0,0,0,0,0,0,0,0,0,-10000,0,0,0,20000,30000,-10000,-10000
05250P,臻鼎國票96售01  ,0,0,0,0,0,0,0,0,0,-10000,0,0,0,10000,20000,-10000,-10000
052313,聯電元大98購01  ,0,0,0,0,0,0,0,0,0,-10000,0,0,0,30000,40000,-10000,-10000
052305,GIS永豐95購03   ,0,0,0,0,0,0,0,0,0,-10000,0,0,0,4000,14000,-10000,-10000
052345,矽力凱基95購01  ,0,0,0,0,0,0,0,0,0,-10000,0,0,0,2000,12000,-10000,-10000
052367,聯茂國票96購02  ,0,0,0,0,0,0,0,0,0,-10000,0,0,0,0,10000,-10000,-10000
052373,鴻海元大95購22  ,0,0,0,0,0,0,0,0,0,-10000,0,0,0,70000,80000,-10000,-10000
052470,華新科亞東97購01,0,0,0,0,0,0,0,0,0,-10000,0,0,0,0,10000,-10000,-10000
052466,聯詠統一95購03  ,0,0,0,0,0,0,0,0,0,-10000,0,0,0,0,10000,-10000,-10000
052400,聯詠凱基97購01  ,0,0,0,0,0,0,0,0,0,-10000,0,0,0,0,10000,-10000,-10000
052105,南亞科兆豐95購01,0,0,0,0,0,0,0,0,0,-10000,0,0,0,10000,20000,-10000,-10000
051310,台達電麥證95購01,0,0,0,0,10000,-10000,0,0,0,-10000,0,0,0,0,10000,-10000,-10000
050541,智邦凱基94購04  ,0,0,0,0,0,0,0,0,0,-10000,0,0,0,0,10000,-10000,-10000
050525,嘉晶元大95購02  ,0,0,0,0,0,0,0,0,0,-10000,0,0,0,39000,49000,-10000,-10000
052969,建準群益97購01  ,0,0,0,0,0,0,0,0,0,-10000,0,0,0,10000,20000,-10000,-10000
051383,京鼎群益96購02  ,0,0,0,0,0,0,0,0,0,-10000,0,0,0,10000,20000,-10000,-10000
053016,鈺齊統一96購01  ,0,0,0,0,0,0,0,0,0,-10000,0,0,0,0,10000,-10000,-10000
05301P,矽力元大95售02  ,0,0,0,0,0,0,0,0,0,-10000,0,0,0,0,10000,-10000,-10000
052991,台積電台新96購01,0,0,0,0,0,0,0,0,0,-10000,0,0,0,4000,14000,-10000,-10000
052652,台虹永豐96購01  ,0,0,0,0,0,0,0,0,0,-10000,0,0,0,0,10000,-10000,-10000
052648,茂林永豐96購01  ,0,0,0,0,0,0,0,0,0,-10000,0,0,0,0,10000,-10000,-10000
052667,漢唐群益96購01  ,0,0,0,0,0,0,0,0,0,-10000,0,0,0,16000,26000,-10000,-10000
055767,臺股指群益97購05,0,0,0,0,0,0,0,0,0,-10000,0,0,0,0,10000,-10000,-10000
055730,建準元富97購02  ,0,0,0,0,0,0,0,0,0,-10000,0,0,0,0,10000,-10000,-10000
055731,美律元富97購01  ,0,0,0,0,0,0,0,0,0,-10000,0,0,0,0,10000,-10000,-10000
055687,瀚宇博凱基97購01,0,0,0,0,0,0,0,0,0,-10000,0,0,0,22000,32000,-10000,-10000
053477,大立光元大97購03,0,0,0,0,0,0,0,0,0,-10000,0,0,0,50000,60000,-10000,-10000
053502,智伸科兆豐97購01,0,0,0,0,0,0,0,0,0,-10000,0,0,0,0,10000,-10000,-10000
053541,泰鼎永豐96購02  ,0,0,0,0,0,0,0,0,0,-10000,0,0,0,0,10000,-10000,-10000
053446,欣興凱基96購02  ,0,0,0,0,0,0,0,0,0,-10000,0,0,0,0,10000,-10000,-10000
053430,樺漢永豐96購01  ,0,0,0,0,0,0,0,0,0,-10000,0,0,0,0,10000,-10000,-10000
053584,友達元大9B購02  ,0,0,0,0,0,0,0,0,0,-10000,0,0,0,0,10000,-10000,-10000
05357P,臺股指元富95售11,0,0,0,0,0,0,0,0,0,-10000,0,0,0,0,10000,-10000,-10000
053627,宏碁兆豐97購01  ,0,0,0,0,0,0,0,0,0,-10000,0,0,0,0,10000,-10000,-10000
053642,瀚宇博永豐96購01,0,0,0,0,0,0,0,0,0,-10000,0,0,0,0,10000,-10000,-10000
053673,超眾元富96購03  ,0,0,0,0,0,0,0,0,0,-10000,0,0,0,50000,60000,-10000,-10000
053722,新光金凱基9C購01,0,0,0,0,0,0,0,0,0,-10000,0,0,0,0,10000,-10000,-10000
056089,同欣電統一98購01,0,0,0,0,0,0,0,0,0,-10000,0,0,0,0,10000,-10000,-10000
056086,奇力新統一98購01,0,0,0,0,0,0,0,0,0,-10000,0,0,0,0,10000,-10000,-10000
05614P,臺股指康和96售03,0,0,0,0,0,0,0,0,0,-10000,0,0,0,0,10000,-10000,-10000
056142,超眾元大97購06  ,0,0,0,0,0,0,0,0,0,-10000,0,0,0,0,10000,-10000,-10000
056129,義隆麥證97購01  ,0,0,0,0,10000,-10000,0,0,0,-10000,0,0,0,0,10000,-10000,-10000
056169,鴻海元富97購08  ,0,0,0,0,0,0,0,0,0,-10000,0,0,0,20000,30000,-10000,-10000
053767,臻鼎富邦97購02  ,0,0,0,0,0,0,0,0,0,-10000,0,0,0,0,10000,-10000,-10000
053739,A50正2國票9A購01,0,0,0,0,0,0,0,0,0,-10000,0,0,0,9000,19000,-10000,-10000
053863,聯發科元大96購18,0,0,0,0,0,0,0,0,0,-10000,0,0,0,0,10000,-10000,-10000
05381P,聯詠群益95售02  ,0,0,0,0,0,0,0,0,0,-10000,0,0,0,0,10000,-10000,-10000
053827,漢唐麥證9A購01  ,0,0,0,0,10000,-10000,0,0,0,-10000,0,0,0,0,10000,-10000,-10000
056433,鴻海凱基98購09  ,0,0,0,0,0,0,0,0,0,-10000,0,0,0,68000,78000,-10000,-10000
056434,國巨凱基98購03  ,0,0,0,0,0,0,0,0,0,-10000,0,0,0,0,10000,-10000,-10000
056435,台積電凱基98購09,0,0,0,0,0,0,0,0,0,-10000,0,0,0,110000,120000,-10000,-10000
056406,建準國票99購01  ,0,0,0,0,0,0,0,0,0,-10000,0,0,0,0,10000,-10000,-10000
056275,國巨國泰98購04  ,0,0,0,0,0,0,0,0,0,-10000,0,0,0,0,10000,-10000,-10000
056285,可成永豐97購02  ,0,0,0,0,0,0,0,0,0,-10000,0,0,0,0,10000,-10000,-10000
056263,友訊統一99購01  ,0,0,0,0,0,0,0,0,0,-10000,0,0,0,0,10000,-10000,-10000
055074,台虹永豐97購01  ,0,0,0,0,0,0,0,0,0,-10000,0,0,0,0,10000,-10000,-10000
055015,帆宣元富97購01  ,0,0,0,0,0,0,0,0,0,-10000,0,0,0,0,10000,-10000,-10000
054994,建準元富97購01  ,0,0,0,0,0,0,0,0,0,-10000,0,0,0,0,10000,-10000,-10000
054989,精元元富97購01  ,0,0,0,0,0,0,0,0,0,-10000,0,0,0,0,10000,-10000,-10000
054990,凌陽元富97購01  ,0,0,0,0,0,0,0,0,0,-10000,0,0,0,0,10000,-10000,-10000
05507P,聯茂凱基96售02  ,0,0,0,0,0,0,0,0,0,-10000,0,0,0,0,10000,-10000,-10000
055433,嘉聯益群益99購01,0,0,0,0,0,0,0,0,0,-10000,0,0,0,2000,12000,-10000,-10000
055178,晶豪科統一97購01,0,0,0,0,0,0,0,0,0,-10000,0,0,0,40000,50000,-10000,-10000
055212,和大凱基97購02  ,0,0,0,0,0,0,0,0,0,-10000,0,0,0,0,10000,-10000,-10000
055223,和大國票98購01  ,0,0,0,0,0,0,0,0,0,-10000,0,0,0,0,10000,-10000,-10000
055242,道瓊銀統一98購01,0,0,0,0,0,0,0,0,0,-10000,0,0,0,20000,30000,-10000,-10000
056507,創意永豐98購02  ,0,0,0,0,0,0,0,0,0,-10000,0,0,0,37000,47000,-10000,-10000
056512,易華電永豐98購01,0,0,0,0,0,0,0,0,0,-10000,0,0,0,0,10000,-10000,-10000
056554,GIS凱基99購01   ,0,0,0,0,0,0,0,0,0,-10000,0,0,0,4000,14000,-10000,-10000
055584,國巨元大97購11  ,0,0,0,0,0,0,0,0,0,-10000,0,0,0,111000,121000,-10000,-10000
055516,上銀中信97購01  ,0,0,0,0,0,0,0,0,0,-10000,0,0,0,0,10000,-10000,-10000
055528,華邦電群益97購01,0,0,0,0,0,0,0,0,0,-10000,0,0,0,0,10000,-10000,-10000
056029,國巨麥證98購01  ,0,0,0,0,10000,-10000,0,0,0,-10000,0,0,0,0,10000,-10000,-10000
05457P,鴻海凱基95售20  ,0,0,0,0,0,0,0,0,0,-10000,0,0,0,11000,21000,-10000,-10000
054592,美律永昌9A購01  ,0,0,0,0,0,0,0,0,0,-10000,0,0,0,0,10000,-10000,-10000
054600,中壽台新97購01  ,0,0,0,0,0,0,0,0,0,-10000,0,0,0,90000,100000,-10000,-10000
05463P,創意國票96售04  ,0,0,0,0,0,0,0,0,0,-10000,0,0,0,0,10000,-10000,-10000
054655,貿聯麥證98購01  ,0,0,0,0,10000,-10000,0,0,0,-10000,0,0,0,0,10000,-10000,-10000
054649,聯茂群益97購01  ,0,0,0,0,0,0,0,0,0,-10000,0,0,0,44000,54000,-10000,-10000
05466P,旺宏富邦97售01  ,0,0,0,0,0,0,0,0,0,-10000,0,0,0,0,10000,-10000,-10000
054465,亞光凱基97購01  ,0,0,0,0,0,0,0,0,0,-10000,0,0,0,0,10000,-10000,-10000
054476,聯發科中信96購03,0,0,0,0,0,0,0,0,0,-10000,0,0,0,0,10000,-10000,-10000
054434,友達台新96購03  ,0,0,0,0,0,0,0,0,0,-10000,0,0,0,0,10000,-10000,-10000
05443P,宏達電元大95售05,0,0,0,0,0,0,0,0,0,-10000,0,0,0,0,10000,-10000,-10000
054428,禾伸堂富邦98購01,0,0,0,0,0,0,0,0,0,-10000,0,0,0,0,10000,-10000,-10000
054943,群光元大97購01  ,0,0,0,0,0,0,0,0,0,-10000,0,0,0,10000,20000,-10000,-10000
054968,佐登元大97購01  ,0,0,0,0,0,0,0,0,0,-10000,0,0,0,0,10000,-10000,-10000
054930,群電凱基98購01  ,0,0,0,0,0,0,0,0,0,-10000,0,0,0,0,10000,-10000,-10000
054937,國巨元大97購03  ,0,0,0,0,0,0,0,0,0,-10000,0,0,0,0,10000,-10000,-10000
054924,景碩凱基98購01  ,0,0,0,0,0,0,0,0,0,-10000,0,0,0,19000,29000,-10000,-10000
054829,亞光國泰99購01  ,0,0,0,0,0,0,0,0,0,-10000,0,0,0,0,10000,-10000,-10000
054821,貿聯元大9A購01  ,0,0,0,0,0,0,0,0,0,-10000,0,0,0,20000,30000,-10000,-10000
054816,聯發科元大97購12,0,0,0,0,0,0,0,0,0,-10000,0,0,0,0,10000,-10000,-10000
054808,東元元大9A購01  ,0,0,0,0,0,0,0,0,0,-10000,0,0,0,0,10000,-10000,-10000
054857,信錦群益97購01  ,0,0,0,0,0,0,0,0,0,-10000,0,0,0,0,10000,-10000,-10000
055290,玉晶光元大98購08,0,0,0,0,0,0,0,0,0,-10000,0,0,0,0,10000,-10000,-10000
054793,牧德群益9A購01  ,0,0,0,0,0,0,0,0,0,-10000,0,0,0,7000,17000,-10000,-10000
055259,玉晶光統一9A購01,0,0,0,0,0,0,0,0,0,-10000,0,0,0,0,10000,-10000,-10000
055262,台虹國泰98購01  ,0,0,0,0,0,0,0,0,0,-10000,0,0,0,10000,20000,-10000,-10000
055270,上銀元大97購03  ,0,0,0,0,0,0,0,0,0,-10000,0,0,0,96000,106000,-10000,-10000
8443,阿瘦            ,0,9000,-9000,0,0,0,0,0,0,-1000,0,1000,-1000,0,0,0,-10000
8103,瀚荃            ,0,9000,-9000,0,0,0,0,0,0,-1000,0,1000,-1000,0,0,0,-10000
2305,全友            ,0,11000,-11000,0,0,0,0,0,0,1000,2000,1000,1000,0,0,0,-10000
2348,海悅            ,5000,12000,-7000,0,0,0,0,0,0,-3000,1000,4000,-3000,0,0,0,-10000
3032,偉訓            ,1000,10000,-9000,0,0,0,0,0,0,-1000,0,1000,-1000,0,0,0,-10000
6581,鋼聯            ,0,8000,-8000,0,0,0,0,0,0,-2000,0,2000,-2000,0,0,0,-10000
06677P,牧德國票98售02  ,0,0,0,0,0,0,0,0,0,-10000,0,0,0,0,10000,-10000,-10000
06584P,欣興凱基98售03  ,0,0,0,0,0,0,0,0,0,-10000,0,0,0,0,10000,-10000,-10000
06655P,TPK元大98售02   ,0,0,0,0,0,0,0,0,0,-10000,0,0,0,0,10000,-10000,-10000
06955P,臻鼎元富99售01  ,0,0,0,0,0,0,0,0,0,-10000,0,0,0,80000,90000,-10000,-10000
06951P,台積電統一9B售02,0,0,0,0,0,0,0,0,0,-10000,0,0,0,0,10000,-10000,-10000
06872P,亞德客元富98售04,0,0,0,0,0,0,0,0,0,-10000,0,0,0,20000,30000,-10000,-10000
06817P,臺股指元富98售06,0,0,0,0,0,0,0,0,0,-10000,0,0,0,0,10000,-10000,-10000
06984P,上銀富邦9B售01  ,0,0,0,0,0,0,0,0,0,-10000,0,0,0,0,10000,-10000,-10000
08703P,華碩凱基01售02  ,0,0,0,0,0,0,0,0,0,-10000,0,0,0,0,10000,-10000,-10000
1528,恩德            ,2000,12000,-10000,0,0,0,0,0,0,0,0,0,0,0,0,0,-10000
1603,華電            ,20000,31000,-11000,0,0,0,0,0,0,1000,1000,0,1000,0,0,0,-10000
1903,士紙            ,0,10000,-10000,0,0,0,0,0,0,0,0,0,0,0,0,0,-10000
058183,國巨富邦9A購06  ,0,0,0,0,0,0,0,0,0,-11000,0,0,0,0,11000,-11000,-11000
058299,同欣電凱基9A購01,0,0,0,0,0,0,0,0,0,-11000,0,0,0,4000,15000,-11000,-11000
058348,台表科群益99購01,0,0,0,0,0,0,0,0,0,-11000,0,0,0,4000,15000,-11000,-11000
058344,旺宏群益99購05  ,0,0,0,0,0,0,0,0,0,-11000,0,0,0,13000,24000,-11000,-11000
06269P,群創凱基98售10  ,0,0,0,0,0,0,0,0,0,-11000,0,0,0,34000,45000,-11000,-11000
06146P,S&P反1元大97售03,0,0,0,0,0,0,0,0,0,-11000,0,0,0,0,11000,-11000,-11000
056790,彩晶群益98購03  ,0,0,0,0,0,0,0,0,0,-11000,0,0,0,0,11000,-11000,-11000
056657,華邦電元大99購01,0,0,0,0,0,0,0,0,0,-11000,0,0,0,0,11000,-11000,-11000
057501,超眾群益98購04  ,0,0,0,0,0,0,0,0,0,-11000,0,0,0,30000,41000,-11000,-11000
057618,台光電凱基99購01,0,0,0,0,0,0,0,0,0,-11000,0,0,0,19000,30000,-11000,-11000
057809,英業達元大98購01,0,0,0,0,0,0,0,0,0,-11000,0,0,0,20000,31000,-11000,-11000
049691,可成元大94購06  ,0,0,0,0,0,0,0,0,0,-11000,0,0,0,10000,21000,-11000,-11000
049733,旺宏群益94購03  ,0,0,0,0,0,0,0,0,0,-11000,0,0,0,0,11000,-11000,-11000
050201,光磊群益94購01  ,0,0,0,0,0,0,0,0,0,-11000,0,0,0,0,11000,-11000,-11000
050220,台積電元富96購01,0,0,0,0,0,0,0,0,0,-11000,0,0,0,0,11000,-11000,-11000
052059,臺股指凱基95購17,0,0,0,0,0,0,0,0,0,-11000,0,0,0,0,11000,-11000,-11000
053339,友達國票97購02  ,0,0,0,0,0,0,0,0,0,-11000,0,0,0,0,11000,-11000,-11000
050333,鴻海國泰96購06  ,0,0,0,0,0,0,0,0,0,-11000,0,0,0,5000,16000,-11000,-11000
00707R,元大S&P日圓反1  ,0,0,0,0,0,0,0,0,0,-11000,0,0,0,271000,282000,-11000,-11000
03618C,高股息凱基95牛01,0,0,0,0,0,0,0,0,0,-11000,0,0,0,0,11000,-11000,-11000
052640,台表科凱基97購01,0,0,0,0,0,0,0,0,0,-11000,0,0,0,0,11000,-11000,-11000
052983,國巨元大96購07  ,0,0,0,0,0,0,0,0,0,-11000,0,0,0,35000,46000,-11000,-11000
051234,南電群益95購02  ,0,0,0,0,0,0,0,0,0,-11000,0,0,0,45000,56000,-11000,-11000
052085,聯電元大95購01  ,0,0,0,0,0,0,0,0,0,-11000,0,0,0,20000,31000,-11000,-11000
052630,滬深2X日盛96購01,0,0,0,0,0,0,0,0,0,-11000,0,0,0,0,11000,-11000,-11000
053164,台光電群益96購02,0,0,0,0,0,0,0,0,0,-11000,0,0,0,42000,53000,-11000,-11000
053048,同欣電麥證96購01,0,0,0,10000,21000,-11000,0,0,0,-11000,0,0,0,10000,21000,-11000,-11000
054137,聯詠元大97購02  ,0,0,0,0,0,0,0,0,0,-11000,0,0,0,187000,198000,-11000,-11000
051940,康舒群益95購01  ,0,0,0,0,0,0,0,0,0,-11000,0,0,0,98000,109000,-11000,-11000
054794,貿聯群益98購01  ,0,0,0,0,0,0,0,0,0,-11000,0,0,0,0,11000,-11000,-11000
05431P,台光電統一97售01,0,0,0,0,0,0,0,0,0,-11000,0,0,0,0,11000,-11000,-11000
05453P,智邦群益95售03  ,0,0,0,0,0,0,0,0,0,-11000,0,0,0,0,11000,-11000,-11000
055590,聯發科元大98購02,0,0,0,0,0,0,0,0,0,-11000,0,0,0,115000,126000,-11000,-11000
056527,大成鋼凱基98購03,0,0,0,0,0,0,0,0,0,-11000,0,0,0,22000,33000,-11000,-11000
054996,聯陽元富97購01  ,0,0,0,0,0,0,0,0,0,-11000,0,0,0,542000,553000,-11000,-11000
05626P,景碩國票97售03  ,0,0,0,0,0,0,0,0,0,-11000,0,0,0,23000,34000,-11000,-11000
053892,景碩群益96購02  ,0,0,0,0,0,0,0,0,0,-11000,0,0,0,0,11000,-11000,-11000
055726,台表科元大98購03,0,0,0,0,0,0,0,0,0,-11000,0,0,0,3000,14000,-11000,-11000
2114,鑫永銓          ,0,11000,-11000,0,0,0,0,0,0,0,0,0,0,0,0,0,-11000
1702,南僑            ,17000,26000,-9000,0,0,0,0,0,0,-2000,0,2000,-2000,0,0,0,-11000
1618,合機            ,0,14000,-14000,0,0,0,0,0,0,3000,5000,2000,3000,0,0,0,-11000
06980P,緯穎永豐99售02  ,0,0,0,0,0,0,0,0,0,-11000,0,0,0,0,11000,-11000,-11000
1467,南緯            ,0,9000,-9000,0,0,0,0,0,0,-2000,0,2000,-2000,0,0,0,-11000
1416,廣豐            ,0,10000,-10000,0,0,0,0,0,0,-1000,0,1000,-1000,0,0,0,-11000
06925P,致茂群益9A售02  ,0,0,0,0,0,0,0,0,0,-11000,0,0,0,0,11000,-11000,-11000
06651P,華新科元大99售09,0,0,0,0,0,0,0,0,0,-11000,0,0,0,139000,150000,-11000,-11000
06593P,欣興元大98售05  ,0,0,0,0,0,0,0,0,0,-11000,0,0,0,110000,121000,-11000,-11000
06616P,國巨元大98售15  ,0,0,0,0,0,0,0,0,0,-11000,0,0,0,30000,41000,-11000,-11000
06709P,臺股指台新99售06,0,0,0,0,0,0,0,0,0,-11000,0,0,0,0,11000,-11000,-11000
4994,傳奇            ,63000,52000,11000,0,0,0,0,0,0,-22000,0,16000,-16000,0,6000,-6000,-11000
3229,晟鈦            ,0,11000,-11000,0,0,0,0,0,0,0,0,0,0,0,0,0,-11000
4720,德淵            ,23000,7000,16000,0,0,0,0,0,0,-27000,18000,45000,-27000,0,0,0,-11000
3043,科風            ,0,11000,-11000,0,0,0,0,0,0,0,0,0,0,0,0,0,-11000
2358,廷鑫            ,7000,17000,-10000,0,0,0,0,0,0,-1000,0,1000,-1000,0,0,0,-11000
2380,虹光            ,0,11000,-11000,0,0,0,0,0,0,0,0,0,0,0,0,0,-11000
2486,一詮            ,20000,26000,-6000,0,0,0,0,0,0,-5000,0,5000,-5000,0,0,0,-11000
9943,好樂迪          ,4000,14000,-10000,0,0,0,0,0,0,-1000,0,1000,-1000,0,0,0,-11000
057603,樺漢群益98購02  ,0,0,0,0,0,0,0,0,0,-12000,0,0,0,101000,113000,-12000,-12000
057417,國巨凱基9A購03  ,0,0,0,0,0,0,0,0,0,-12000,0,0,0,1000,13000,-12000,-12000
057251,泰鼎統一98購02  ,0,0,0,0,0,0,0,0,0,-12000,0,0,0,48000,60000,-12000,-12000
056795,鴻海麥證98購01  ,0,0,0,20000,32000,-12000,0,0,0,-12000,0,0,0,20000,32000,-12000,-12000
06318P,臺股指元富97售05,0,0,0,0,0,0,0,0,0,-12000,0,0,0,0,12000,-12000,-12000
06434P,超眾群益98售02  ,0,0,0,0,0,0,0,0,0,-12000,0,0,0,16000,28000,-12000,-12000
058276,道瓊指中信9C購01,0,0,0,0,0,0,0,0,0,-12000,0,0,0,1000,13000,-12000,-12000
058232,聯發科元大99購05,0,0,0,0,0,0,0,0,0,-12000,0,0,0,67000,79000,-12000,-12000
04198P,滬深2X群益95售04,0,0,0,0,0,0,0,0,0,-12000,0,0,0,28000,40000,-12000,-12000
00689R,國泰20年美債反1 ,0,0,0,0,0,0,0,0,0,-12000,0,0,0,116000,128000,-12000,-12000
04583P,滬深2X永豐94售06,0,0,0,0,0,0,0,0,0,-12000,0,0,0,8000,20000,-12000,-12000
049388,南電元大94購05  ,0,0,0,0,0,0,0,0,0,-12000,0,0,0,8000,20000,-12000,-12000
04931P,臻鼎元富94售09  ,0,0,0,0,0,0,0,0,0,-12000,0,0,0,10000,22000,-12000,-12000
04909P,鴻海統一94售10  ,0,0,0,0,0,0,0,0,0,-12000,0,0,0,0,12000,-12000,-12000
048429,旺宏國票94購02  ,0,0,0,0,0,0,0,0,0,-12000,0,0,0,10000,22000,-12000,-12000
049762,華邦電國泰95購01,0,0,0,0,0,0,0,0,0,-12000,0,0,0,0,12000,-12000,-12000
051088,台積電元大95購09,0,0,0,0,0,0,0,0,0,-12000,0,0,0,0,12000,-12000,-12000
054065,樺漢國票97購01  ,0,0,0,0,0,0,0,0,0,-12000,0,0,0,9000,21000,-12000,-12000
054058,晶豪科國票98購01,0,0,0,0,0,0,0,0,0,-12000,0,0,0,8000,20000,-12000,-12000
05218P,大立光永昌96售04,0,0,0,0,0,0,0,0,0,-12000,0,0,0,32000,44000,-12000,-12000
050698,明泰凱基96購01  ,0,0,0,0,0,0,0,0,0,-12000,0,0,0,0,12000,-12000,-12000
053382,友達元大9C購02  ,0,0,0,0,0,0,0,0,0,-12000,0,0,0,0,12000,-12000,-12000
052686,華新科元大96購03,0,0,0,0,0,0,0,0,0,-12000,0,0,0,7000,19000,-12000,-12000
052706,台虹國票97購01  ,0,0,0,0,0,0,0,0,0,-12000,0,0,0,0,12000,-12000,-12000
051401,華新科永豐95購01,0,0,0,0,0,0,0,0,0,-12000,0,0,0,20000,32000,-12000,-12000
050251,樺漢凱基94購02  ,0,0,0,0,0,0,0,0,0,-12000,0,0,0,124000,136000,-12000,-12000
052317,台積電元大96購11,0,0,0,0,0,0,0,0,0,-12000,0,0,0,0,12000,-12000,-12000
053013,台積電統一97購01,0,0,0,0,0,0,0,0,0,-12000,0,0,0,0,12000,-12000,-12000
053490,為升兆豐97購01  ,0,0,0,0,0,0,0,0,0,-12000,0,0,0,0,12000,-12000,-12000
056173,廣達元富97購01  ,0,0,0,0,0,0,0,0,0,-12000,0,0,0,40000,52000,-12000,-12000
056137,聯鈞元大9A購01  ,0,0,0,0,0,0,0,0,0,-12000,0,0,0,17000,29000,-12000,-12000
056281,深中小永豐97購01,0,0,0,0,0,0,0,0,0,-12000,0,0,0,20000,32000,-12000,-12000
05652P,臻鼎群益96售01  ,0,0,0,0,0,0,0,0,0,-12000,0,0,0,20000,32000,-12000,-12000
056000,佳世達永豐97購01,0,0,0,0,0,0,0,0,0,-12000,0,0,0,0,12000,-12000,-12000
054621,華新科兆豐98購01,0,0,0,0,0,0,0,0,0,-12000,0,0,0,10000,22000,-12000,-12000
054277,亞光群益97購01  ,0,0,0,0,0,0,0,0,0,-12000,0,0,0,98000,110000,-12000,-12000
9926,新海            ,0,12000,-12000,0,0,0,0,0,0,0,0,0,0,0,0,0,-12000
3013,晟銘電          ,3000,2000,1000,0,0,0,0,0,0,-13000,0,13000,-13000,0,0,0,-12000
2616,山隆            ,12000,22000,-10000,0,0,0,0,0,0,-2000,0,2000,-2000,0,0,0,-12000
4148,全宇生技-KY     ,7000,18000,-11000,0,0,0,0,0,0,-1000,0,1000,-1000,0,0,0,-12000
5288,豐祥-KY         ,3000,14000,-11000,0,0,0,0,0,0,-1000,0,0,0,0,1000,-1000,-12000
6128,上福            ,1000,10000,-9000,0,0,0,0,0,0,-3000,0,3000,-3000,0,0,0,-12000
6525,捷敏-KY         ,31000,39000,-8000,0,0,0,0,0,0,-4000,0,4000,-4000,0,0,0,-12000
06671P,台積電群益98售04,0,0,0,0,0,0,0,0,0,-12000,0,0,0,12000,24000,-12000,-12000
06922P,元上證群益9C售01,0,0,0,0,0,0,0,0,0,-12000,0,0,0,208000,220000,-12000,-12000
06973P,臺股指元大9A售11,0,0,0,0,0,0,0,0,0,-12000,0,0,0,0,12000,-12000,-12000
1236,宏亞            ,0,10000,-10000,0,0,0,0,0,0,-2000,0,2000,-2000,0,0,0,-12000
1256,鮮活果汁-KY     ,4000,16000,-12000,0,0,0,0,0,0,0,0,0,0,0,0,0,-12000
058423,臺股指麥證99購01,0,0,0,0,13000,-13000,0,0,0,-13000,0,0,0,0,13000,-13000,-13000
058497,新日興群益9B購01,0,0,0,0,0,0,0,0,0,-13000,0,0,0,0,13000,-13000,-13000
06395P,台積電元大97售29,0,0,0,0,0,0,0,0,0,-13000,0,0,0,212000,225000,-13000,-13000
06568P,國巨永豐98售05  ,0,0,0,0,0,0,0,0,0,-13000,0,0,0,0,13000,-13000,-13000
06329P,大立光兆豐97售04,0,0,0,0,0,0,0,0,0,-13000,0,0,0,0,13000,-13000,-13000
06180P,禾伸堂群益97售01,0,0,0,0,0,0,0,0,0,-13000,0,0,0,22000,35000,-13000,-13000
06107P,美律群益98售02  ,0,0,0,0,0,0,0,0,0,-13000,0,0,0,0,13000,-13000,-13000
05926P,智易永豐96售02  ,0,0,0,0,0,0,0,0,0,-13000,0,0,0,0,13000,-13000,-13000
056783,國巨群益99購01  ,0,0,0,0,0,0,0,0,0,-13000,0,0,0,25000,38000,-13000,-13000
057147,新日興國票99購01,0,0,0,0,0,0,0,0,0,-13000,0,0,0,0,13000,-13000,-13000
05700P,臻鼎凱基96售02  ,0,0,0,0,0,0,0,0,0,-13000,0,0,0,0,13000,-13000,-13000
057237,群創凱基9B購02  ,0,0,0,0,0,0,0,0,0,-13000,0,0,0,2000,15000,-13000,-13000
049477,泰鼎永豐94購01  ,0,0,0,0,0,0,0,0,0,-13000,0,0,0,51000,64000,-13000,-13000
049552,鴻海國泰96購01  ,0,0,0,0,0,0,0,0,0,-13000,0,0,0,6000,19000,-13000,-13000
052063,臺股指國票95購10,0,0,0,0,0,0,0,0,0,-13000,0,0,0,3000,16000,-13000,-13000
050419,鴻海凱基95購02  ,0,0,0,0,0,0,0,0,0,-13000,0,0,0,0,13000,-13000,-13000
052561,矽創國票97購01  ,0,0,0,0,0,0,0,0,0,-13000,0,0,0,153000,166000,-13000,-13000
053912,T50反1國票97購02,0,0,0,0,0,0,0,0,0,-13000,0,0,0,0,13000,-13000,-13000
055416,欣興富邦98購01  ,0,0,0,0,0,0,0,0,0,-13000,0,0,0,1000,14000,-13000,-13000
053412,台達電國票97購02,0,0,0,0,0,0,0,0,0,-13000,0,0,0,20000,33000,-13000,-13000
054925,神達凱基97購01  ,0,0,0,0,0,0,0,0,0,-13000,0,0,0,9000,22000,-13000,-13000
054912,群光凱基97購01  ,0,0,0,0,0,0,0,0,0,-13000,0,0,0,0,13000,-13000,-13000
056582,易華電元大98購01,0,0,0,0,0,0,0,0,0,-13000,0,0,0,20000,33000,-13000,-13000
055138,大毅永豐97購02  ,0,0,0,0,0,0,0,0,0,-13000,0,0,0,0,13000,-13000,-13000
056306,晶相光元大98購01,0,0,0,0,0,0,0,0,0,-13000,0,0,0,220000,233000,-13000,-13000
056048,同欣電兆豐97購01,0,0,0,0,0,0,0,0,0,-13000,0,0,0,16000,29000,-13000,-13000
053427,鎧勝永豐96購02  ,0,0,0,0,0,0,0,0,0,-13000,0,0,0,0,13000,-13000,-13000
05365P,臺股指富邦95售05,0,0,0,0,0,0,0,0,0,-13000,0,0,0,20000,33000,-13000,-13000
08671P,友訊國票01售01  ,0,0,0,0,0,0,0,0,0,-13000,0,0,0,0,13000,-13000,-13000
1338,廣華-KY         ,1000,18000,-17000,0,0,0,0,0,0,4000,5000,1000,4000,0,0,0,-13000
2009,第一銅          ,2000,11000,-9000,0,0,0,0,0,0,-4000,0,4000,-4000,0,0,0,-13000
6715,嘉基            ,5000,23000,-18000,0,0,0,0,0,0,5000,5000,0,5000,0,0,0,-13000
6184,大豐電          ,1000,14000,-13000,0,0,0,0,0,0,0,0,0,0,0,0,0,-13000
4572,駐龍            ,4000,17000,-13000,0,0,0,0,0,0,0,0,0,0,0,0,0,-13000
2539,櫻花建          ,0,13000,-13000,0,0,0,0,0,0,0,0,0,0,0,0,0,-13000
3015,全漢            ,2000,13000,-11000,0,0,0,0,0,0,-2000,0,2000,-2000,0,0,0,-13000
2939,凱羿-KY         ,17000,30000,-13000,0,0,0,0,0,0,0,0,0,0,0,0,0,-13000
2910,統領            ,0,13000,-13000,0,0,0,0,0,0,0,0,0,0,0,0,0,-13000
2460,建通            ,0,0,0,0,0,0,0,0,0,-13000,0,13000,-13000,0,0,0,-13000
057291,國巨國泰9A購01  ,0,0,0,0,0,0,0,0,0,-14000,0,0,0,16000,30000,-14000,-14000
057503,世紀鋼群益98購02,0,0,0,0,0,0,0,0,0,-14000,0,0,0,100000,114000,-14000,-14000
056904,大立光元大99購05,0,0,0,0,0,0,0,0,0,-14000,0,0,0,10000,24000,-14000,-14000
05914P,友達元大96售04  ,0,0,0,0,0,0,0,0,0,-14000,0,0,0,6000,20000,-14000,-14000
05904P,大立光統一96售07,0,0,0,0,0,0,0,0,0,-14000,0,0,0,0,14000,-14000,-14000
05889P,群創元大98售02  ,0,0,0,0,0,0,0,0,0,-14000,0,0,0,0,14000,-14000,-14000
06376P,上銀統一99售01  ,0,0,0,0,0,0,0,0,0,-14000,0,0,0,126000,140000,-14000,-14000
06388P,鴻海兆豐97售04  ,0,0,0,0,0,0,0,0,0,-14000,0,0,0,46000,60000,-14000,-14000
06452P,大立光元大98售08,0,0,0,0,0,0,0,0,0,-14000,0,0,0,0,14000,-14000,-14000
058157,華通台新99購01  ,0,0,0,0,0,0,0,0,0,-14000,0,0,0,18000,32000,-14000,-14000
05119P,聯發科國泰96售02,0,0,0,0,0,0,0,0,0,-14000,0,0,0,135000,149000,-14000,-14000
048698,宏達電國票95購01,0,0,0,0,0,0,0,0,0,-14000,0,0,0,80000,94000,-14000,-14000
048986,訊連元大94購01  ,0,0,0,0,0,0,0,0,0,-14000,0,0,0,0,14000,-14000,-14000
035277,景碩台新97購01  ,0,0,0,0,0,0,0,0,0,-14000,0,0,0,0,14000,-14000,-14000
04003P,麗豐凱基94售03  ,0,0,0,0,0,0,0,0,0,-14000,0,0,0,5000,19000,-14000,-14000
054214,京鼎國票97購02  ,0,0,0,0,0,0,0,0,0,-14000,0,0,0,38000,52000,-14000,-14000
052618,群創國泰98購01  ,0,0,0,0,0,0,0,0,0,-14000,0,0,0,46000,60000,-14000,-14000
051058,景碩群益96購01  ,0,0,0,0,0,0,0,0,0,-14000,0,0,0,18000,32000,-14000,-14000
051928,大立光中信96購03,0,0,0,0,0,0,0,0,0,-14000,0,0,0,1000,15000,-14000,-14000
050510,元油2X元大94購10,0,0,0,0,0,0,0,0,0,-14000,0,0,0,0,14000,-14000,-14000
052764,景碩群益98購01  ,0,0,0,0,0,0,0,0,0,-14000,0,0,0,0,14000,-14000,-14000
053222,聯茂凱基96購03  ,0,0,0,0,0,0,0,0,0,-14000,0,0,0,78000,92000,-14000,-14000
053581,台積電元大96購14,0,0,0,0,0,0,0,0,0,-14000,0,0,0,1000,15000,-14000,-14000
055763,鎧勝群益97購01  ,0,0,0,0,0,0,0,0,0,-14000,0,0,0,102000,116000,-14000,-14000
056039,宏達電凱基97購02,0,0,0,0,0,0,0,0,0,-14000,0,0,0,19000,33000,-14000,-14000
053737,華新科麥證96購01,0,0,0,36000,50000,-14000,0,0,0,-14000,0,0,0,36000,50000,-14000,-14000
05649P,矽創國票97售03  ,0,0,0,0,0,0,0,0,0,-14000,0,0,0,9000,23000,-14000,-14000
055288,日電貿元大97購02,0,0,0,0,0,0,0,0,0,-14000,0,0,0,0,14000,-14000,-14000
054542,台表科國票98購01,0,0,0,0,0,0,0,0,0,-14000,0,0,0,60000,74000,-14000,-14000
2636,台驊投控        ,12000,27000,-15000,0,0,0,0,0,0,1000,2000,1000,1000,0,0,0,-14000
4414,如興            ,166000,174000,-8000,0,0,0,0,0,0,-6000,3000,9000,-6000,0,0,0,-14000
6177,達麗            ,9000,23000,-14000,0,0,0,0,0,0,0,0,0,0,0,0,0,-14000
08749P,鴻海台新01售02  ,0,0,0,0,0,0,0,0,0,-14000,0,0,0,0,14000,-14000,-14000
08897P,國巨群益01售10  ,0,0,0,0,0,0,0,0,0,-14000,0,0,0,66000,80000,-14000,-14000
06894P,鈺齊元富98售03  ,0,0,0,0,0,0,0,0,0,-14000,0,0,0,21000,35000,-14000,-14000
058078,景碩國票99購01  ,0,0,0,0,0,0,0,0,0,-15000,0,0,0,0,15000,-15000,-15000
057954,宏碁元大99購01  ,0,0,0,0,0,0,0,0,0,-15000,0,0,0,0,15000,-15000,-15000
058520,智易元大99購03  ,0,0,0,0,0,0,0,0,0,-15000,0,0,0,0,15000,-15000,-15000
058386,A50正2國票9B購01,0,0,0,0,0,0,0,0,0,-15000,0,0,0,0,15000,-15000,-15000
06416P,大立光群益97售06,0,0,0,0,0,0,0,0,0,-15000,0,0,0,6000,21000,-15000,-15000
05871P,全新凱基96售04  ,0,0,0,0,0,0,0,0,0,-15000,0,0,0,0,15000,-15000,-15000
06092P,嘉聯益統一97售01,0,0,0,0,0,0,0,0,0,-15000,0,0,0,43000,58000,-15000,-15000
06013P,世芯國泰97售03  ,0,0,0,0,0,0,0,0,0,-15000,0,0,0,131000,146000,-15000,-15000
06036P,台表科凱基96售04,0,0,0,0,0,0,0,0,0,-15000,0,0,0,0,15000,-15000,-15000
056800,臺股指麥證98購01,0,0,0,0,15000,-15000,0,0,0,-15000,0,0,0,0,15000,-15000,-15000
056658,美食元大98購01  ,0,0,0,0,0,0,0,0,0,-15000,0,0,0,40000,55000,-15000,-15000
057217,奇力新群益99購01,0,0,0,0,0,0,0,0,0,-15000,0,0,0,5000,20000,-15000,-15000
057514,華新科元富99購03,0,0,0,0,0,0,0,0,0,-15000,0,0,0,15000,30000,-15000,-15000
057635,中鋼元大98購01  ,0,0,0,0,0,0,0,0,0,-15000,0,0,0,0,15000,-15000,-15000
057623,友訊國泰99購01  ,0,0,0,0,0,0,0,0,0,-15000,0,0,0,0,15000,-15000,-15000
057696,聯電群益9A購01  ,0,0,0,0,0,0,0,0,0,-15000,0,0,0,2000,17000,-15000,-15000
057822,牧德元大9A購01  ,0,0,0,0,0,0,0,0,0,-15000,0,0,0,0,15000,-15000,-15000
03619C,臺股指元大95牛02,0,0,0,0,0,0,0,0,0,-15000,0,0,0,7000,22000,-15000,-15000
03655C,元油2X凱基02牛01,0,0,0,0,0,0,0,0,0,-15000,0,0,0,0,15000,-15000,-15000
045053,聯發科元富98購01,0,0,0,0,0,0,0,0,0,-15000,0,0,0,837000,852000,-15000,-15000
049352,泰鼎永豐95購01  ,0,0,0,0,0,0,0,0,0,-15000,0,0,0,0,15000,-15000,-15000
04797P,華新科元大94售04,0,0,0,0,0,0,0,0,0,-15000,0,0,0,0,15000,-15000,-15000
046716,欣興國泰93購03  ,0,0,0,0,0,0,0,0,0,-15000,0,0,0,0,15000,-15000,-15000
046375,友達凱基98購01  ,0,0,0,0,0,0,0,0,0,-15000,0,0,0,2000,17000,-15000,-15000
049049,玉晶光康和94購02,0,0,0,0,0,0,0,0,0,-15000,0,0,0,45000,60000,-15000,-15000
048870,義隆國票96購01  ,0,0,0,0,0,0,0,0,0,-15000,0,0,0,0,15000,-15000,-15000
049128,滬深2X元大97購03,0,0,0,0,0,0,0,0,0,-15000,0,0,0,0,15000,-15000,-15000
051193,新日興兆豐96購01,0,0,0,0,0,0,0,0,0,-15000,0,0,0,28000,43000,-15000,-15000
05332P,臺股指國票95售01,0,0,0,0,0,0,0,0,0,-15000,0,0,0,17000,32000,-15000,-15000
049560,香港反統一95購01,0,0,0,0,0,0,0,0,0,-15000,0,0,0,0,15000,-15000,-15000
050003,景碩永豐94購01  ,0,0,0,0,0,0,0,0,0,-15000,0,0,0,15000,30000,-15000,-15000
049612,香港反中信96購01,0,0,0,0,0,0,0,0,0,-15000,0,0,0,50000,65000,-15000,-15000
05328P,臺股指凱基95售12,0,0,0,0,0,0,0,0,0,-15000,0,0,0,0,15000,-15000,-15000
053116,華新科中信96購01,0,0,0,0,0,0,0,0,0,-15000,0,0,0,30000,45000,-15000,-15000
052925,日電貿永豐96購01,0,0,0,0,0,0,0,0,0,-15000,0,0,0,0,15000,-15000,-15000
052958,T50反1凱基99購02,0,0,0,0,0,0,0,0,0,-15000,0,0,0,5000,20000,-15000,-15000
052948,景碩國票97購02  ,0,0,0,0,0,0,0,0,0,-15000,0,0,0,20000,35000,-15000,-15000
050513,亞泥元大94購02  ,0,0,0,0,0,0,0,0,0,-15000,0,0,0,0,15000,-15000,-15000
052984,漢唐元大96購01  ,0,0,0,0,0,0,0,0,0,-15000,0,0,0,17000,32000,-15000,-15000
051369,新光金富邦9A購01,0,0,0,0,0,0,0,0,0,-15000,0,0,0,0,15000,-15000,-15000
051334,宏達電永豐95購01,0,0,0,0,0,0,0,0,0,-15000,0,0,0,49000,64000,-15000,-15000
052593,台積電群益96購02,0,0,0,0,0,0,0,0,0,-15000,0,0,0,98000,113000,-15000,-15000
052543,聯詠元富95購01  ,0,0,0,0,0,0,0,0,0,-15000,0,0,0,2000,17000,-15000,-15000
052477,美律群益98購01  ,0,0,0,0,0,0,0,0,0,-15000,0,0,0,111000,126000,-15000,-15000
05187P,力山凱基95售01  ,0,0,0,0,0,0,0,0,0,-15000,0,0,0,0,15000,-15000,-15000
052616,鴻海國泰98購02  ,0,0,0,0,0,0,0,0,0,-15000,0,0,0,10000,25000,-15000,-15000
05108P,欣興中信95售02  ,0,0,0,0,0,0,0,0,0,-15000,0,0,0,120000,135000,-15000,-15000
051460,S&P反1國泰97購01,0,0,0,0,0,0,0,0,0,-15000,0,0,0,25000,40000,-15000,-15000
054228,貿聯元富96購03  ,0,0,0,0,0,0,0,0,0,-15000,0,0,0,83000,98000,-15000,-15000
053972,華新科元大96購06,0,0,0,0,0,0,0,0,0,-15000,0,0,0,5000,20000,-15000,-15000
053974,大立光元大96購10,0,0,0,0,0,0,0,0,0,-15000,0,0,0,0,15000,-15000,-15000
053393,元油反中信98購01,0,0,0,0,0,0,0,0,0,-15000,0,0,0,0,15000,-15000,-15000
051576,台積電元大97購02,0,0,0,0,0,0,0,0,0,-15000,0,0,0,1000,16000,-15000,-15000
054607,台積電永豐97購03,0,0,0,0,0,0,0,0,0,-15000,0,0,0,45000,60000,-15000,-15000
054634,FB上証中信99購01,0,0,0,0,0,0,0,0,0,-15000,0,0,0,15000,30000,-15000,-15000
054297,台郡元大98購01  ,0,0,0,0,0,0,0,0,0,-15000,0,0,0,0,15000,-15000,-15000
054414,全新元大97購02  ,0,0,0,0,0,0,0,0,0,-15000,0,0,0,30000,45000,-15000,-15000
056570,旺宏元大98購07  ,0,0,0,0,0,0,0,0,0,-15000,0,0,0,0,15000,-15000,-15000
056025,嘉晶群益97購01  ,0,0,0,0,0,0,0,0,0,-15000,0,0,0,20000,35000,-15000,-15000
055097,福懋科群益97購01,0,0,0,0,0,0,0,0,0,-15000,0,0,0,17000,32000,-15000,-15000
055004,群創元富99購06  ,0,0,0,0,0,0,0,0,0,-15000,0,0,0,0,15000,-15000,-15000
053769,香港反元大99購01,0,0,0,0,0,0,0,0,0,-15000,0,0,0,0,15000,-15000,-15000
056252,聯發科兆豐97購03,0,0,0,0,0,0,0,0,0,-15000,0,0,0,0,15000,-15000,-15000
05591P,義隆群益96售03  ,0,0,0,0,0,0,0,0,0,-15000,0,0,0,0,15000,-15000,-15000
055867,臺股指元大97購05,0,0,0,0,0,0,0,0,0,-15000,0,0,0,40000,55000,-15000,-15000
053664,臺股指凱基96購25,0,0,0,0,0,0,0,0,0,-15000,0,0,0,0,15000,-15000,-15000
053462,元油反富邦97購02,0,0,0,0,0,0,0,0,0,-15000,0,0,0,27000,42000,-15000,-15000
053506,南茂兆豐97購01  ,0,0,0,0,0,0,0,0,0,-15000,0,0,0,45000,60000,-15000,-15000
06882P,聯發科群益98售07,0,0,0,0,0,0,0,0,0,-15000,0,0,0,0,15000,-15000,-15000
06641P,智邦兆豐99售01  ,0,0,0,0,0,0,0,0,0,-15000,0,0,0,13000,28000,-15000,-15000
07008P,台郡中信99售02  ,0,0,0,0,0,0,0,0,0,-15000,0,0,0,0,15000,-15000,-15000
1414,東和            ,4000,18000,-14000,0,0,0,0,0,0,-1000,0,1000,-1000,0,0,0,-15000
1457,宜進            ,41000,56000,-15000,0,0,0,0,0,0,0,0,0,0,0,0,0,-15000
5515,建國            ,0,15000,-15000,0,0,0,0,0,0,0,0,0,0,0,0,0,-15000
2705,六福            ,1000,16000,-15000,0,0,0,0,0,0,0,0,0,0,0,0,0,-15000
3022,威強電          ,9000,17000,-8000,0,0,0,0,0,0,-7000,0,7000,-7000,0,0,0,-15000
8374,羅昇            ,1000,16000,-15000,0,0,0,0,0,0,0,0,0,0,0,0,0,-15000
9908,大台北          ,1000,16000,-15000,0,0,0,0,0,0,0,0,0,0,0,0,0,-15000
3026,禾伸堂          ,243125,244000,-875,0,0,0,0,0,0,-15000,20000,25000,-5000,0,10000,-10000,-15875
057686,中50凱基99購01  ,0,0,0,0,0,0,0,0,0,-16000,0,0,0,0,16000,-16000,-16000
05754P,臺股指中信99售03,0,0,0,0,0,0,0,0,0,-16000,0,0,0,5000,21000,-16000,-16000
057534,旭富元大98購01  ,0,0,0,0,0,0,0,0,0,-16000,0,0,0,506000,522000,-16000,-16000
057123,上銀凱基98購05  ,0,0,0,0,0,0,0,0,0,-16000,0,0,0,68000,84000,-16000,-16000
056668,光磊國票99購01  ,0,0,0,0,0,0,0,0,0,-16000,0,0,0,6000,22000,-16000,-16000
06423P,亞光台新97售01  ,0,0,0,0,0,0,0,0,0,-16000,0,0,0,0,16000,-16000,-16000
058512,宏達電元大99購04,0,0,0,0,0,0,0,0,0,-16000,0,0,0,19000,35000,-16000,-16000
058468,聯茂中信99購02  ,0,0,0,0,0,0,0,0,0,-16000,0,0,0,0,16000,-16000,-16000
058174,台積電凱基9A購05,0,0,0,0,0,0,0,0,0,-16000,0,0,0,73000,89000,-16000,-16000
050209,華通國票95購01  ,0,0,0,0,0,0,0,0,0,-16000,0,0,0,0,16000,-16000,-16000
04963P,鴻海元大94售25  ,0,0,0,0,0,0,0,0,0,-16000,0,0,0,41000,57000,-16000,-16000
048892,台郡元富97購01  ,0,0,0,0,0,0,0,0,0,-16000,0,0,0,10000,26000,-16000,-16000
049318,樺漢凱基94購01  ,0,0,0,0,0,0,0,0,0,-16000,0,0,0,0,16000,-16000,-16000
054071,泰鼎國泰97購02  ,0,0,0,0,0,0,0,0,0,-16000,0,0,0,0,16000,-16000,-16000
051451,世芯元大95購03  ,0,0,0,0,0,0,0,0,0,-16000,0,0,0,7000,23000,-16000,-16000
051486,玉晶光凱基97購03,0,0,0,0,0,0,0,0,0,-16000,0,0,0,0,16000,-16000,-16000
050982,台積電國泰96購04,0,0,0,0,0,0,0,0,0,-16000,0,0,0,0,16000,-16000,-16000
052428,嘉晶永豐95購01  ,0,0,0,0,0,0,0,0,0,-16000,0,0,0,37000,53000,-16000,-16000
05025P,聯發科群益95售02,0,0,0,0,0,0,0,0,0,-16000,0,0,0,7000,23000,-16000,-16000
05306P,泰碩國泰97售01  ,0,0,0,0,0,0,0,0,0,-16000,0,0,0,222000,238000,-16000,-16000
055758,旺宏群益97購01  ,0,0,0,0,0,0,0,0,0,-16000,0,0,0,24000,40000,-16000,-16000
056206,泰鼎永豐97購01  ,0,0,0,0,0,0,0,0,0,-16000,0,0,0,34000,50000,-16000,-16000
05645P,聯發科凱基96售13,0,0,0,0,0,0,0,0,0,-16000,0,0,0,0,16000,-16000,-16000
054965,健策元大98購04  ,0,0,0,0,0,0,0,0,0,-16000,0,0,0,90000,106000,-16000,-16000
2527,宏璟            ,2000,16000,-14000,0,0,0,0,0,0,-2000,1000,3000,-2000,0,0,0,-16000
5285,界霖            ,9000,19000,-10000,0,0,0,0,0,0,-6000,0,6000,-6000,0,0,0,-16000
6449,鈺邦            ,4000,22000,-18000,0,0,0,0,0,0,2000,2000,0,2000,0,0,0,-16000
06669P,緯穎凱基98售05  ,0,0,0,0,0,0,0,0,0,-16000,0,0,0,0,16000,-16000,-16000
06858P,道瓊指中信9B售01,0,0,0,0,0,0,0,0,0,-16000,0,0,0,62000,78000,-16000,-16000
9902,台火            ,4000,16000,-12000,0,0,0,0,0,0,-4000,0,4000,-4000,0,0,0,-16000
058158,台積電台新99購01,0,0,0,0,0,0,0,0,0,-17000,0,0,0,1010000,1027000,-17000,-17000
06391P,上銀中信97售03  ,0,0,0,0,0,0,0,0,0,-17000,0,0,0,0,17000,-17000,-17000
06377P,華通統一97售04  ,0,0,0,0,0,0,0,0,0,-17000,0,0,0,0,17000,-17000,-17000
057245,福懋科台新98購01,0,0,0,0,0,0,0,0,0,-17000,0,0,0,0,17000,-17000,-17000
047105,和大元大94購01  ,0,0,0,0,0,0,0,0,0,-17000,0,0,0,0,17000,-17000,-17000
04518P,高鐵群益95售01  ,0,0,0,0,0,0,0,0,0,-17000,0,0,0,0,17000,-17000,-17000
043513,台灣50元大96購05,0,0,0,0,0,0,0,0,0,-17000,0,0,0,5000,22000,-17000,-17000
01003T,兆豐新光R1      ,2000,19000,-17000,0,0,0,0,0,0,0,0,0,0,0,0,0,-17000
052217,台光電日盛95購01,0,0,0,0,0,0,0,0,0,-17000,0,0,0,40000,57000,-17000,-17000
048328,滬深2X永昌94購01,0,0,0,0,0,0,0,0,0,-17000,0,0,0,5000,22000,-17000,-17000
049900,台積電元富94購06,0,0,0,0,0,0,0,0,0,-17000,0,0,0,1060000,1077000,-17000,-17000
049583,台積電元大95購04,0,0,0,0,0,0,0,0,0,-17000,0,0,0,93000,110000,-17000,-17000
05060P,台達電富邦97售02,0,0,0,0,0,0,0,0,0,-17000,0,0,0,97000,114000,-17000,-17000
050395,大立光元富94購10,0,0,0,0,0,0,0,0,0,-17000,0,0,0,0,17000,-17000,-17000
051361,泰鼎元大95購01  ,0,0,0,0,0,0,0,0,0,-17000,0,0,0,23000,40000,-17000,-17000
052662,華新科國票97購01,0,0,0,0,0,0,0,0,0,-17000,0,0,0,11000,28000,-17000,-17000
052145,京元電群益95購02,0,0,0,0,0,0,0,0,0,-17000,0,0,0,0,17000,-17000,-17000
054203,滬深2X國票96購03,0,0,0,0,0,0,0,0,0,-17000,0,0,0,0,17000,-17000,-17000
052191,超眾群益96購01  ,0,0,0,0,0,0,0,0,0,-17000,0,0,0,20000,37000,-17000,-17000
054938,國巨元大97購04  ,0,0,0,0,0,0,0,0,0,-17000,0,0,0,21000,38000,-17000,-17000
055934,景碩群益98購03  ,0,0,0,0,0,0,0,0,0,-17000,0,0,0,3000,20000,-17000,-17000
053552,華新科凱基96購08,0,0,0,0,0,0,0,0,0,-17000,0,0,0,34000,51000,-17000,-17000
8249,菱光            ,4000,12000,-8000,0,0,0,0,0,0,-9000,0,9000,-9000,0,0,0,-17000
9927,泰銘            ,2000,20000,-18000,0,0,0,0,0,0,1000,3000,2000,1000,0,0,0,-17000
06605P,玉晶光元富98售03,0,0,0,0,0,0,0,0,0,-17000,0,0,0,0,17000,-17000,-17000
1233,天仁            ,0,15000,-15000,0,0,0,0,0,0,-2000,0,2000,-2000,0,0,0,-17000
5305,敦南            ,21000,32000,-11000,0,0,0,0,0,0,-6000,0,6000,-6000,0,0,0,-17000
5007,三星            ,4000,18000,-14000,0,0,0,0,0,0,-3000,0,3000,-3000,0,0,0,-17000
3501,維熹            ,2000,19000,-17000,0,0,0,0,0,0,0,0,0,0,0,0,0,-17000
2535,達欣工          ,175000,166000,9000,0,0,0,0,0,0,-26000,4000,30000,-26000,0,0,0,-17000
2493,揚博            ,5000,22000,-17000,0,0,0,0,0,0,0,0,0,0,0,0,0,-17000
057748,華通國票98購04  ,0,0,0,0,0,0,0,0,0,-18000,0,0,0,22000,40000,-18000,-18000
056779,元油2X群益9A購02,0,0,0,0,0,0,0,0,0,-18000,0,0,0,0,18000,-18000,-18000
056930,晶豪科台新98購01,0,0,0,0,0,0,0,0,0,-18000,0,0,0,20000,38000,-18000,-18000
06498P,臺股指元大9A售03,0,0,0,0,0,0,0,0,0,-18000,0,0,0,16000,34000,-18000,-18000
06516P,國巨凱基98售08  ,0,0,0,0,0,0,0,0,0,-18000,0,0,0,109000,127000,-18000,-18000
058239,景碩元大99購03  ,0,0,0,0,0,0,0,0,0,-18000,0,0,0,0,18000,-18000,-18000
058513,宏達電元大99購05,0,0,0,0,0,0,0,0,0,-18000,0,0,0,19000,37000,-18000,-18000
05839P,臺股指富邦96售06,0,0,0,0,0,0,0,0,0,-18000,0,0,0,15000,33000,-18000,-18000
049432,聯詠國票95購01  ,0,0,0,0,0,0,0,0,0,-18000,0,0,0,23000,41000,-18000,-18000
042994,葡萄王元大94購02,0,0,0,0,0,0,0,0,0,-18000,0,0,0,151000,169000,-18000,-18000
054118,國巨永豐96購04  ,0,0,0,0,0,0,0,0,0,-18000,0,0,0,12000,30000,-18000,-18000
051464,彩晶國泰96購01  ,0,0,0,0,0,0,0,0,0,-18000,0,0,0,32000,50000,-18000,-18000
050954,樺漢群益95購01  ,0,0,0,0,0,0,0,0,0,-18000,0,0,0,0,18000,-18000,-18000
050902,南電元大96購01  ,0,0,0,0,0,0,0,0,0,-18000,0,0,0,22000,40000,-18000,-18000
052179,康友元大95購03  ,0,0,0,0,0,0,0,0,0,-18000,0,0,0,6000,24000,-18000,-18000
051737,瑞昱國票96購01  ,0,0,0,0,0,0,0,0,0,-18000,0,0,0,40000,58000,-18000,-18000
051249,潤泰全元大95購01,0,0,0,0,0,0,0,0,0,-18000,0,0,0,209000,227000,-18000,-18000
051271,華新科群益95購04,0,0,0,0,0,0,0,0,0,-18000,0,0,0,132000,150000,-18000,-18000
050417,喬山凱基94購01  ,0,450000,-450000,0,0,0,0,0,0,432000,0,0,0,559000,127000,432000,-18000
052870,玉晶光凱基96購03,0,0,0,0,0,0,0,0,0,-18000,0,0,0,150000,168000,-18000,-18000
052871,群創凱基98購07  ,0,0,0,0,0,0,0,0,0,-18000,0,0,0,2000,20000,-18000,-18000
053181,滬深2X元富99購02,0,0,0,0,0,0,0,0,0,-18000,0,0,0,196000,214000,-18000,-18000
053658,亞光凱基96購01  ,0,0,0,0,0,0,0,0,0,-18000,0,0,0,55000,73000,-18000,-18000
055960,義隆元大97購01  ,0,0,0,0,0,0,0,0,0,-18000,0,0,0,93000,111000,-18000,-18000
055711,上銀元大97購04  ,0,0,0,0,0,0,0,0,0,-18000,0,0,0,18000,36000,-18000,-18000
053745,康友國票97購01  ,0,0,0,0,0,0,0,0,0,-18000,0,0,0,16000,34000,-18000,-18000
056092,亞德客元富97購02,0,0,0,0,0,0,0,0,0,-18000,0,0,0,10000,28000,-18000,-18000
056182,台光電統一97購03,0,0,0,0,0,0,0,0,0,-18000,0,0,0,70000,88000,-18000,-18000
055107,旺宏凱基98購04  ,0,0,0,0,0,0,0,0,0,-18000,0,0,0,138000,156000,-18000,-18000
055082,台郡中信97購01  ,0,0,0,0,0,0,0,0,0,-18000,0,0,0,10000,28000,-18000,-18000
055232,泰碩國票98購01  ,0,0,0,0,0,0,0,0,0,-18000,0,0,0,257000,275000,-18000,-18000
2702,華園            ,1000,15000,-14000,0,0,0,0,0,0,-4000,0,4000,-4000,0,0,0,-18000
3607,谷崧            ,5000,22000,-17000,0,0,0,0,0,0,-1000,0,1000,-1000,0,0,0,-18000
5283,禾聯碩          ,0,18000,-18000,0,0,0,0,0,0,0,0,0,0,0,0,0,-18000
6192,巨路            ,4000,22000,-18000,0,0,0,0,0,0,0,0,0,0,0,0,0,-18000
06682P,玉晶光元大99售08,0,0,0,0,0,0,0,0,0,-18000,0,0,0,0,18000,-18000,-18000
9930,中聯資源        ,2000,15000,-13000,0,0,0,0,0,0,-5000,0,5000,-5000,0,0,0,-18000
9136,巨騰-DR         ,1000,19000,-18000,0,0,0,0,0,0,0,0,0,0,0,0,0,-18000
9905,大華            ,10000,25000,-15000,0,0,0,0,0,0,-3000,0,3000,-3000,0,0,0,-18000
058482,祥碩凱基99購02  ,0,0,0,0,0,0,0,0,0,-19000,0,0,0,20000,39000,-19000,-19000
058291,元油2X日盛99購01,0,0,0,0,0,0,0,0,0,-19000,0,0,0,0,19000,-19000,-19000
06545P,致茂元大98售01  ,0,0,0,0,0,0,0,0,0,-19000,0,0,0,0,19000,-19000,-19000
06175P,台積電元大97售21,0,0,0,0,0,0,0,0,0,-19000,0,0,0,26000,45000,-19000,-19000
05907P,聯發科元富96售05,0,0,0,0,0,0,0,0,0,-19000,0,0,0,2000,21000,-19000,-19000
057250,大立光統一98購08,0,0,0,0,0,0,0,0,0,-19000,0,0,0,0,19000,-19000,-19000
050040,鴻海中信94購04  ,0,0,0,0,0,0,0,0,0,-19000,0,0,0,1000,20000,-19000,-19000
048847,A50群益98購01   ,0,0,0,0,0,0,0,0,0,-19000,0,0,0,68000,87000,-19000,-19000
048908,慧洋富邦95購01  ,0,0,0,0,0,0,0,0,0,-19000,0,0,0,0,19000,-19000,-19000
049170,亞德客凱基94購01,0,0,0,0,0,0,0,0,0,-19000,0,0,0,6000,25000,-19000,-19000
051363,矽創元大95購03  ,0,0,0,0,0,0,0,0,0,-19000,0,0,0,31000,50000,-19000,-19000
051382,玉晶光群益98購02,0,0,0,0,0,0,0,0,0,-19000,0,0,0,50000,69000,-19000,-19000
05096P,台積電日盛95售01,0,0,0,0,0,0,0,0,0,-19000,0,0,0,1000,20000,-19000,-19000
054048,國泰金元大96購04,0,0,0,0,0,0,0,0,0,-19000,0,0,0,1000,20000,-19000,-19000
051588,聯詠元大95購03  ,0,0,0,0,0,0,0,0,0,-19000,0,0,0,0,19000,-19000,-19000
055431,和鑫群益98購01  ,0,0,0,0,0,0,0,0,0,-19000,0,0,0,31000,50000,-19000,-19000
05648P,康控國票97售01  ,0,0,0,0,0,0,0,0,0,-19000,0,0,0,21000,40000,-19000,-19000
054967,神達元大97購01  ,0,0,0,0,0,0,0,0,0,-19000,0,0,0,20000,39000,-19000,-19000
055696,華新科國票98購01,0,0,0,0,0,0,0,0,0,-19000,0,0,0,271000,290000,-19000,-19000
053436,聯茂日盛96購01  ,0,0,0,0,0,0,0,0,0,-19000,0,0,0,223000,242000,-19000,-19000
053587,京元電元大98購01,0,0,0,0,0,0,0,0,0,-19000,0,0,0,120000,139000,-19000,-19000
2033,佳大            ,2000,21000,-19000,0,0,0,0,0,0,0,0,0,0,0,0,0,-19000
6168,宏齊            ,35000,42000,-7000,0,0,0,0,0,0,-12000,0,12000,-12000,0,0,0,-19000
3209,全科            ,42000,58000,-16000,0,0,0,0,0,0,-3000,1000,4000,-3000,0,0,0,-19000
8341,日友            ,63390,76000,-12610,0,0,0,0,0,0,-7000,0,7000,-7000,0,0,0,-19610
057474,T50反1元大98購09,0,0,0,0,0,0,0,0,0,-20000,0,0,0,0,20000,-20000,-20000
057088,上銀元富98購01  ,0,0,0,0,0,0,0,0,0,-20000,0,0,0,10000,30000,-20000,-20000
056652,上証反元大9B購01,0,0,0,0,0,0,0,0,0,-20000,0,0,0,0,20000,-20000,-20000
056624,景碩永豐98購01  ,0,0,0,0,0,0,0,0,0,-20000,0,0,0,0,20000,-20000,-20000
056695,景碩群益99購01  ,0,0,0,0,0,0,0,0,0,-20000,0,0,0,0,20000,-20000,-20000
05887P,友達元富99售03  ,0,0,0,0,0,0,0,0,0,-20000,0,0,0,20000,40000,-20000,-20000
05874P,台積電群益96售10,0,0,0,0,0,0,0,0,0,-20000,0,0,0,0,20000,-20000,-20000
058551,義隆永豐99購03  ,0,0,0,0,0,0,0,0,0,-20000,0,0,0,0,20000,-20000,-20000
05988P,光磊元富96售02  ,0,0,0,0,0,0,0,0,0,-20000,0,0,0,0,20000,-20000,-20000
06135P,志超元富97售01  ,0,0,0,0,0,0,0,0,0,-20000,0,0,0,0,20000,-20000,-20000
06489P,台積電元富98售06,0,0,0,0,0,0,0,0,0,-20000,0,0,0,0,20000,-20000,-20000
06248P,國巨統一97售07  ,0,0,0,0,0,0,0,0,0,-20000,0,0,0,12000,32000,-20000,-20000
06223P,漢唐元富97售02  ,0,0,0,0,0,0,0,0,0,-20000,0,0,0,0,20000,-20000,-20000
058327,大毅統一9B購01  ,0,0,0,0,0,0,0,0,0,-20000,0,0,0,0,20000,-20000,-20000
058254,臺股指元大9A購18,0,0,0,0,0,0,0,0,0,-20000,0,0,0,0,20000,-20000,-20000
058236,大立光元大99購09,0,0,0,0,0,0,0,0,0,-20000,0,0,0,10000,30000,-20000,-20000
058210,臺股指凱基9C購04,0,0,0,0,0,0,0,0,0,-20000,0,0,0,0,20000,-20000,-20000
05848P,臺股指元大96售24,0,0,0,0,0,0,0,0,0,-20000,0,0,0,0,20000,-20000,-20000
058505,台積電元大99購08,0,0,0,0,0,0,0,0,0,-20000,0,0,0,5000,25000,-20000,-20000
058393,元油2X元大99購13,0,0,0,0,0,0,0,0,0,-20000,0,0,0,0,20000,-20000,-20000
057839,台積電富邦9A購02,0,0,0,0,0,0,0,0,0,-20000,0,0,0,15000,35000,-20000,-20000
05220P,台積電元大95售16,0,0,0,0,0,0,0,0,0,-20000,0,0,0,0,20000,-20000,-20000
05115P,T50反1群益95售02,0,0,0,0,0,0,0,0,0,-20000,0,0,0,0,20000,-20000,-20000
053316,友達群益9A購01  ,0,0,0,0,0,0,0,0,0,-20000,0,0,0,10000,30000,-20000,-20000
050325,台積電永豐94購05,0,0,0,0,0,0,0,0,0,-20000,0,0,0,0,20000,-20000,-20000
050326,正崴永豐94購03  ,0,0,0,0,0,0,0,0,0,-20000,0,0,0,0,20000,-20000,-20000
050094,T50反1國泰95購01,0,0,0,0,0,0,0,0,0,-20000,0,0,0,0,20000,-20000,-20000
049956,國巨統一94購05  ,0,0,0,0,0,0,0,0,0,-20000,0,0,0,102000,122000,-20000,-20000
049445,遠東新統一94購01,0,0,0,0,0,0,0,0,0,-20000,0,0,0,0,20000,-20000,-20000
048181,A50正2群益95購01,0,0,0,0,0,0,0,0,0,-20000,0,0,0,0,20000,-20000,-20000
050135,禾伸堂兆豐95購01,0,0,0,0,0,0,0,0,0,-20000,0,0,0,0,20000,-20000,-20000
050155,華新科群益95購01,0,0,0,0,0,0,0,0,0,-20000,0,0,0,15000,35000,-20000,-20000
049617,光罩群益94購03  ,0,0,0,0,0,0,0,0,0,-20000,0,0,0,0,20000,-20000,-20000
04856P,光磊元富94售01  ,0,0,0,0,0,0,0,0,0,-20000,0,0,0,0,20000,-20000,-20000
048575,旺宏國泰94購04  ,0,0,0,0,0,0,0,0,0,-20000,0,0,0,10000,30000,-20000,-20000
04972P,緯穎元富94售03  ,0,0,0,0,0,0,0,0,0,-20000,0,0,0,0,20000,-20000,-20000
049685,T50反1元大94購01,0,0,0,0,0,0,0,0,0,-20000,0,0,0,0,20000,-20000,-20000
048580,台達電富邦93購01,0,0,0,0,0,0,0,0,0,-20000,0,0,0,0,20000,-20000,-20000
047708,聯發科凱基93購17,0,0,0,0,0,0,0,0,0,-20000,0,0,0,0,20000,-20000,-20000
03945P,欣興群益94售01  ,0,0,0,0,0,0,0,0,0,-20000,0,0,0,0,20000,-20000,-20000
03788P,聯發科群益94售02,0,0,0,0,0,0,0,0,0,-20000,0,0,0,0,20000,-20000,-20000
045361,鈺齊凱基93購01  ,0,0,0,0,0,0,0,0,0,-20000,0,0,0,0,20000,-20000,-20000
045409,台積電群益93購02,0,0,0,0,0,0,0,0,0,-20000,0,0,0,0,20000,-20000,-20000
044364,超眾中信94購01  ,0,0,0,0,0,0,0,0,0,-20000,0,0,0,0,20000,-20000,-20000
044249,T50反1中信94購01,0,0,0,0,0,0,0,0,0,-20000,0,0,0,0,20000,-20000,-20000
04454P,大立光富邦98售02,0,0,0,0,0,0,0,0,0,-20000,0,0,0,0,20000,-20000,-20000
042801,達邁元大93購01  ,0,0,0,0,0,0,0,0,0,-20000,0,0,0,0,20000,-20000,-20000
043912,華新科凱基93購01,0,0,0,0,0,0,0,0,0,-20000,0,0,0,10000,30000,-20000,-20000
03025P,國巨元大01售12  ,0,0,0,0,0,0,0,0,0,-20000,0,0,0,0,20000,-20000,-20000
047013,超眾元富96購01  ,0,0,0,0,0,0,0,0,0,-20000,0,0,0,0,20000,-20000,-20000
045479,T50反1中信95購01,0,0,0,0,0,0,0,0,0,-20000,0,0,0,0,20000,-20000,-20000
045866,南茂統一94購01  ,0,0,0,0,0,0,0,0,0,-20000,0,0,0,0,20000,-20000,-20000
04647P,上海銀凱基94售04,0,0,0,0,0,0,0,0,0,-20000,0,0,0,0,20000,-20000,-20000
047350,華新科凱基94購02,0,0,0,0,0,0,0,0,0,-20000,0,0,0,5000,25000,-20000,-20000
047482,新光金凱基99購03,0,0,0,0,0,0,0,0,0,-20000,0,0,0,0,20000,-20000,-20000
047187,亞光元大94購01  ,0,0,0,0,0,0,0,0,0,-20000,0,0,0,0,20000,-20000,-20000
049345,富邦金統一94購02,0,0,0,0,0,0,0,0,0,-20000,0,0,0,10000,30000,-20000,-20000
049293,友訊群益95購01  ,0,0,0,0,0,0,0,0,0,-20000,0,0,0,50000,70000,-20000,-20000
049287,可成兆豐95購01  ,0,0,0,0,0,0,0,0,0,-20000,0,0,0,0,20000,-20000,-20000
048097,聯詠凱基93購07  ,0,0,0,0,0,0,0,0,0,-20000,0,0,0,0,20000,-20000,-20000
046740,大立光群益95購01,0,0,0,0,0,0,0,0,0,-20000,0,0,0,4000,24000,-20000,-20000
046492,旺宏富邦94購02  ,0,0,0,0,0,0,0,0,0,-20000,0,0,0,12000,32000,-20000,-20000
045991,為升富邦95購01  ,0,0,0,0,0,0,0,0,0,-20000,0,0,0,0,20000,-20000,-20000
046180,裕隆凱基93購01  ,0,0,0,0,0,0,0,0,0,-20000,0,0,0,0,20000,-20000,-20000
047917,台積電凱基94購01,0,0,0,0,0,0,0,0,0,-20000,0,0,0,0,20000,-20000,-20000
047905,元油反元大96購04,0,0,0,0,0,0,0,0,0,-20000,0,0,0,0,20000,-20000,-20000
051616,鴻海凱基96購08  ,0,0,0,0,0,0,0,0,0,-20000,0,0,0,0,20000,-20000,-20000
051624,智邦麥證95購02  ,0,0,0,36000,40000,-4000,0,0,0,-20000,0,0,0,36000,56000,-20000,-20000
051622,和碩凱基96購01  ,0,0,0,0,0,0,0,0,0,-20000,0,0,0,0,20000,-20000,-20000
055399,超眾統一99購01  ,0,0,0,0,0,0,0,0,0,-20000,0,0,0,80000,100000,-20000,-20000
054083,智伸科元富96購01,0,0,0,0,0,0,0,0,0,-20000,0,0,0,0,20000,-20000,-20000
051049,亞德客群益95購01,0,0,0,0,0,0,0,0,0,-20000,0,0,0,0,20000,-20000,-20000
05106P,鴻海永豐95售02  ,0,0,0,0,0,0,0,0,0,-20000,0,0,0,10000,30000,-20000,-20000
051033,台積電兆豐95購03,0,0,0,0,0,0,0,0,0,-20000,0,0,0,0,20000,-20000,-20000
052617,景碩國泰98購01  ,0,0,0,0,0,0,0,0,0,-20000,0,0,0,0,20000,-20000,-20000
052615,鴻海國泰98購01  ,0,0,0,0,0,0,0,0,0,-20000,0,0,0,0,20000,-20000,-20000
050937,可成國票96購02  ,0,0,0,0,0,0,0,0,0,-20000,0,0,0,0,20000,-20000,-20000
050766,燿華元大96購02  ,0,0,0,0,0,0,0,0,0,-20000,0,0,0,0,20000,-20000,-20000
050812,台積電凱基95購01,0,0,0,0,0,0,0,0,0,-20000,0,0,0,0,20000,-20000,-20000
051761,富邦金元大96購01,0,0,0,0,0,0,0,0,0,-20000,0,0,0,10000,30000,-20000,-20000
051786,A50正2國票95購02,0,0,0,0,0,0,0,0,0,-20000,0,0,0,0,20000,-20000,-20000
051787,燿華國票96購02  ,0,0,0,0,0,0,0,0,0,-20000,0,0,0,0,20000,-20000,-20000
051535,新日興國票96購01,0,0,0,0,0,0,0,0,0,-20000,0,0,0,50000,70000,-20000,-20000
051988,台光電元大95購01,0,0,0,0,0,0,0,0,0,-20000,0,0,0,14000,34000,-20000,-20000
051967,康友永豐95購02  ,0,0,0,0,0,0,0,0,0,-20000,0,0,0,0,20000,-20000,-20000
051910,大立光元大97購01,0,0,0,0,0,0,0,0,0,-20000,0,0,0,0,20000,-20000,-20000
05181P,健策凱基95售01  ,0,0,0,0,0,0,0,0,0,-20000,0,0,0,0,20000,-20000,-20000
052976,台表科群益96購03,0,0,0,0,0,0,0,0,0,-20000,0,0,0,1000,21000,-20000,-20000
05132P,鴻海元富95售07  ,0,0,0,0,0,0,0,0,0,-20000,0,0,0,10000,30000,-20000,-20000
051319,光磊國票96購02  ,0,0,0,0,0,0,0,0,0,-20000,0,0,0,20000,40000,-20000,-20000
050540,台積電凱基94購38,0,0,0,0,0,0,0,0,0,-20000,0,0,0,0,20000,-20000,-20000
05300P,健策元大95售02  ,0,0,0,0,0,0,0,0,0,-20000,0,0,0,80000,100000,-20000,-20000
053019,禾伸堂元富96購01,0,0,0,0,0,0,0,0,0,-20000,0,0,0,0,20000,-20000,-20000
051280,台積電兆豐95購04,0,0,0,0,0,0,0,0,0,-20000,0,0,0,0,20000,-20000,-20000
050538,鴻海凱基95購06  ,0,0,0,0,0,0,0,0,0,-20000,0,0,0,0,20000,-20000,-20000
05051P,鴻海群益95售05  ,0,0,0,0,0,0,0,0,0,-20000,0,0,0,20000,40000,-20000,-20000
050391,大立光統一94購07,0,0,0,0,0,0,0,0,0,-20000,0,0,0,0,20000,-20000,-20000
053172,瑞儀群益97購01  ,0,0,0,0,0,0,0,0,0,-20000,0,0,0,0,20000,-20000,-20000
053156,緯創元大96購02  ,0,0,0,0,0,0,0,0,0,-20000,0,0,0,0,20000,-20000,-20000
052816,上銀永豐96購01  ,0,0,0,0,0,0,0,0,0,-20000,0,0,0,0,20000,-20000,-20000
052781,瀚宇博國票97購03,0,0,0,0,0,0,0,0,0,-20000,0,0,0,0,20000,-20000,-20000
052774,京元電亞東96購01,0,0,0,0,0,0,0,0,0,-20000,0,0,0,0,20000,-20000,-20000
052854,聯詠日盛96購01  ,0,0,0,0,0,0,0,0,0,-20000,0,0,0,0,20000,-20000,-20000
05272P,臻鼎中信97售03  ,0,0,0,0,0,0,0,0,0,-20000,0,0,0,0,20000,-20000,-20000
051392,玉山金兆豐95購01,0,0,0,0,0,0,0,0,0,-20000,0,0,0,0,20000,-20000,-20000
051432,群創元富99購03  ,0,0,0,0,0,0,0,0,0,-20000,0,0,0,50000,70000,-20000,-20000
051448,聯詠元大95購02  ,0,0,0,0,0,0,0,0,0,-20000,0,0,0,0,20000,-20000,-20000
05024P,華通國票96售01  ,0,0,0,0,0,0,0,0,0,-20000,0,0,0,0,20000,-20000,-20000
050234,國巨凱基94購10  ,0,0,0,0,0,0,0,0,0,-20000,0,0,0,19000,39000,-20000,-20000
052602,聯電元大97購01  ,0,0,0,0,0,0,0,0,0,-20000,0,0,0,0,20000,-20000,-20000
053589,宏達電元大97購02,0,0,0,0,0,0,0,0,0,-20000,0,0,0,19000,39000,-20000,-20000
053578,華新元大98購01  ,0,0,0,0,0,0,0,0,0,-20000,0,0,0,0,20000,-20000,-20000
053621,臺股指群益96購07,0,0,0,0,0,0,0,0,0,-20000,0,0,0,40000,60000,-20000,-20000
053651,台光電凱基98購01,0,0,0,0,0,0,0,0,0,-20000,0,0,0,18000,38000,-20000,-20000
053666,臺股指凱基96購29,0,0,0,0,0,0,0,0,0,-20000,0,0,0,0,20000,-20000,-20000
055598,欣興元大97購03  ,0,0,0,0,0,0,0,0,0,-20000,0,0,0,80000,100000,-20000,-20000
055621,國巨國泰98購03  ,0,0,0,0,0,0,0,0,0,-20000,0,0,0,10000,30000,-20000,-20000
055634,訊芯永豐97購02  ,0,0,0,0,0,0,0,0,0,-20000,0,0,0,0,20000,-20000,-20000
055652,聯詠元富01購01  ,0,0,0,0,0,0,0,0,0,-20000,0,0,0,0,20000,-20000,-20000
055655,群創元富99購07  ,0,0,0,0,0,0,0,0,0,-20000,0,0,0,0,20000,-20000,-20000
055794,聯發科國泰99購01,0,0,0,0,0,0,0,0,0,-20000,0,0,0,0,20000,-20000,-20000
056168,鴻海元富97購07  ,0,0,0,0,0,0,0,0,0,-20000,0,0,0,40000,60000,-20000,-20000
056158,新日興凱基98購02,0,0,0,0,0,0,0,0,0,-20000,0,0,0,0,20000,-20000,-20000
056159,牧德凱基99購01  ,0,0,0,0,0,0,0,0,0,-20000,0,0,0,0,20000,-20000,-20000
053772,大成鋼元大96購02,0,0,0,0,0,0,0,0,0,-20000,0,0,0,0,20000,-20000,-20000
053874,台表科元大96購05,0,0,0,0,0,0,0,0,0,-20000,0,0,0,0,20000,-20000,-20000
053859,台積電元大97購09,0,0,0,0,0,0,0,0,0,-20000,0,0,0,50000,70000,-20000,-20000
056250,瑞昱兆豐97購02  ,0,0,0,0,0,0,0,0,0,-20000,0,0,0,0,20000,-20000,-20000
054948,聯發科元大97購14,0,0,0,0,0,0,0,0,0,-20000,0,0,0,0,20000,-20000,-20000
055308,聯發科群益97購04,0,0,0,0,0,0,0,0,0,-20000,0,0,0,0,20000,-20000,-20000
054720,禾伸堂永豐97購01,0,0,0,0,0,0,0,0,0,-20000,0,0,0,0,20000,-20000,-20000
054759,台化國票98購01  ,0,0,0,0,0,0,0,0,0,-20000,0,0,0,0,20000,-20000,-20000
054493,同欣電台新96購01,0,0,0,0,0,0,0,0,0,-20000,0,0,0,0,20000,-20000,-20000
054280,牧德群益98購01  ,0,0,0,0,0,0,0,0,0,-20000,0,0,0,36000,56000,-20000,-20000
054591,GIS國泰98購01   ,0,0,0,0,0,0,0,0,0,-20000,0,0,0,0,20000,-20000,-20000
054619,昇陽半永豐97購03,0,0,0,0,0,0,0,0,0,-20000,0,0,0,0,20000,-20000,-20000
054652,裕隆麥證97購01  ,0,0,0,80000,100000,-20000,0,0,0,-20000,0,0,0,80000,100000,-20000,-20000
054545,奇力新中信98購01,0,0,0,0,0,0,0,0,0,-20000,0,0,0,5000,25000,-20000,-20000
054574,美律元大99購01  ,0,0,0,0,0,0,0,0,0,-20000,0,0,0,0,20000,-20000,-20000
054558,劍麟群益99購01  ,0,0,0,0,0,0,0,0,0,-20000,0,0,0,0,20000,-20000,-20000
055250,華新科統一97購02,0,0,0,0,0,0,0,0,0,-20000,0,0,0,10000,30000,-20000,-20000
8499,鼎炫-KY         ,4000,24000,-20000,0,0,0,0,0,0,0,0,0,0,0,0,0,-20000
3296,勝德            ,0,10000,-10000,0,0,0,0,0,0,-10000,0,10000,-10000,0,0,0,-20000
5534,長虹            ,14000,97000,-83000,0,0,0,76000,0,76000,-13000,0,13000,-13000,0,0,0,-20000
3033,威健            ,13000,33000,-20000,0,0,0,0,0,0,0,0,0,0,0,0,0,-20000
1726,永記            ,15000,34000,-19000,0,0,0,0,0,0,-1000,0,1000,-1000,0,0,0,-20000
08484P,台灣50中信96售01,0,0,0,0,0,0,0,0,0,-20000,0,0,0,0,20000,-20000,-20000
06688P,鴻海中信02售01  ,0,0,0,0,0,0,0,0,0,-20000,0,0,0,0,20000,-20000,-20000
06698P,玉晶光國票99售05,0,0,0,0,0,0,0,0,0,-20000,0,0,0,20000,40000,-20000,-20000
06609P,元油2X凱基9B售06,0,0,0,0,0,0,0,0,0,-20000,0,0,0,50000,70000,-20000,-20000
06953P,景碩統一9A售01  ,0,0,0,0,0,0,0,0,0,-20000,0,0,0,0,20000,-20000,-20000
058076,神達凱基98購02  ,0,0,0,0,0,0,0,0,0,-21000,0,0,0,53000,74000,-21000,-21000
058523,聯茂元大99購08  ,0,0,0,0,0,0,0,0,0,-21000,0,0,0,14000,35000,-21000,-21000
05981P,可成永昌98售02  ,0,0,0,0,0,0,0,0,0,-21000,0,0,0,148000,169000,-21000,-21000
057351,奇力新統一98購02,0,0,0,0,0,0,0,0,0,-21000,0,0,0,48000,69000,-21000,-21000
047383,鴻海元大95購01  ,0,0,0,0,0,0,0,0,0,-21000,0,0,0,68000,89000,-21000,-21000
04517P,宏達電群益95售01,0,0,0,0,0,0,0,0,0,-21000,0,0,0,0,21000,-21000,-21000
049569,光磊統一94購02  ,0,0,0,0,0,0,0,0,0,-21000,0,0,0,0,21000,-21000,-21000
048962,宏全康和94購01  ,0,0,0,0,0,0,0,0,0,-21000,0,0,0,185000,206000,-21000,-21000
053082,聯電元大98購03  ,0,0,0,0,0,0,0,0,0,-21000,0,0,0,10000,31000,-21000,-21000
052527,泰鼎元大96購02  ,0,0,0,0,0,0,0,0,0,-21000,0,0,0,70000,91000,-21000,-21000
051895,聯茂元富95購02  ,0,0,0,0,0,0,0,0,0,-21000,0,0,0,39000,60000,-21000,-21000
05189P,新光金凱基97售02,0,0,0,0,0,0,0,0,0,-21000,0,0,0,5000,26000,-21000,-21000
051639,康友國票96購02  ,0,0,0,0,0,0,0,0,0,-21000,0,0,0,1000,22000,-21000,-21000
051575,國巨元大96購03  ,0,0,0,0,0,0,0,0,0,-21000,0,0,0,371000,392000,-21000,-21000
056561,台光電群益98購02,0,0,0,0,0,0,0,0,0,-21000,0,0,0,56000,77000,-21000,-21000
056235,鴻海群益97購07  ,0,0,0,0,0,0,0,0,0,-21000,0,0,0,0,21000,-21000,-21000
056485,同欣電元大98購01,0,0,0,0,0,0,0,0,0,-21000,0,0,0,9000,30000,-21000,-21000
056412,上証2X中信9A購02,0,0,0,0,0,0,0,0,0,-21000,0,0,0,11000,32000,-21000,-21000
053819,大立光群益96購04,0,0,0,0,0,0,0,0,0,-21000,0,0,0,60000,81000,-21000,-21000
056146,台虹元大98購01  ,0,0,0,0,0,0,0,0,0,-21000,0,0,0,0,21000,-21000,-21000
056147,鴻海日盛97購05  ,0,0,0,0,0,0,0,0,0,-21000,0,0,0,0,21000,-21000,-21000
055605,緯穎元大97購02  ,0,0,0,0,0,0,0,0,0,-21000,0,0,0,187000,208000,-21000,-21000
06893P,致新元富98售02  ,0,0,0,0,0,0,0,0,0,-21000,0,0,0,0,21000,-21000,-21000
1806,冠軍            ,2000,19000,-17000,0,0,0,0,0,0,-4000,0,4000,-4000,0,0,0,-21000
2704,國賓            ,23000,44000,-21000,0,0,0,0,0,0,0,0,0,0,0,0,0,-21000
5434,崇越            ,54620,68000,-13380,0,0,0,0,0,0,-8000,4000,11000,-7000,0,1000,-1000,-21380
057450,國泰金元富98購01,0,0,0,0,0,0,0,0,0,-22000,0,0,0,10000,32000,-22000,-22000
05757P,旺宏永豐96售03  ,0,0,0,0,0,0,0,0,0,-22000,0,0,0,13000,35000,-22000,-22000
056621,宏達電永豐98購01,0,0,0,0,0,0,0,0,0,-22000,0,0,0,14000,36000,-22000,-22000
056610,鴻海永豐98購01  ,0,0,0,0,0,0,0,0,0,-22000,0,0,0,88000,110000,-22000,-22000
056807,元油2X統一9B購01,0,0,0,0,0,0,0,0,0,-22000,0,0,0,0,22000,-22000,-22000
057093,臻鼎元富98購02  ,0,0,0,0,0,0,0,0,0,-22000,0,0,0,40000,62000,-22000,-22000
05697P,友達凱基96售01  ,0,0,0,0,0,0,0,0,0,-22000,0,0,0,32000,54000,-22000,-22000
058310,大立光元大99購10,0,0,0,0,0,0,0,0,0,-22000,0,0,0,0,22000,-22000,-22000
05794P,華邦電群益96售04,0,0,0,0,0,0,0,0,0,-22000,0,0,0,11000,33000,-22000,-22000
04880P,GIS永豐94售02   ,0,0,0,0,0,0,0,0,0,-22000,0,0,0,0,22000,-22000,-22000
049213,滬深2X國票94購02,0,0,0,0,0,0,0,0,0,-22000,0,0,0,10000,32000,-22000,-22000
051158,嘉晶富邦96購01  ,0,0,0,0,0,0,0,0,0,-22000,0,0,0,3000,25000,-22000,-22000
050149,東元群益94購01  ,0,0,0,0,0,0,0,0,0,-22000,0,0,0,0,22000,-22000,-22000
044530,台積電富邦94購01,0,0,0,0,0,0,0,0,0,-22000,0,0,0,61000,83000,-22000,-22000
04462P,全新元富96售01  ,0,0,0,0,0,0,0,0,0,-22000,0,0,0,0,22000,-22000,-22000
04313P,國巨元富95售03  ,0,0,0,0,0,0,0,0,0,-22000,0,0,0,0,22000,-22000,-22000
0053,元大電子        ,0,0,0,0,0,0,0,0,0,-22000,0,0,0,3000,25000,-22000,-22000
045837,群創群益98購02  ,0,0,0,0,0,0,0,0,0,-22000,0,0,0,24000,46000,-22000,-22000
046949,群創元大99購01  ,0,0,0,0,0,0,0,0,0,-22000,0,0,0,18000,40000,-22000,-22000
045992,鴻海富邦94購01  ,0,0,0,0,0,0,0,0,0,-22000,0,0,0,0,22000,-22000,-22000
05067P,欣興兆豐96售02  ,0,0,0,0,0,0,0,0,0,-22000,0,0,0,0,22000,-22000,-22000
054074,健策富邦98購01  ,0,0,0,0,0,0,0,0,0,-22000,0,0,0,0,22000,-22000,-22000
054025,鴻海凱基96購17  ,0,0,0,0,0,0,0,0,0,-22000,0,0,0,0,22000,-22000,-22000
054202,樺漢富邦97購01  ,0,0,0,0,0,0,0,0,0,-22000,0,0,0,100000,122000,-22000,-22000
05152P,玉晶光群益96售05,0,0,0,0,0,0,0,0,0,-22000,0,0,0,10000,32000,-22000,-22000
051735,台積電國票96購06,0,0,0,0,0,0,0,0,0,-22000,0,0,0,8000,30000,-22000,-22000
051918,聯茂元大95購01  ,0,0,0,0,0,0,0,0,0,-22000,0,0,0,15000,37000,-22000,-22000
05078P,義隆永豐95售01  ,0,0,0,0,0,0,0,0,0,-22000,0,0,0,0,22000,-22000,-22000
052152,創意富邦98購01  ,0,0,0,0,0,0,0,0,0,-22000,0,0,0,28000,50000,-22000,-22000
05265P,正崴元大95售03  ,0,0,0,0,0,0,0,0,0,-22000,0,0,0,19000,41000,-22000,-22000
052697,滬深2X國票98購01,0,0,0,0,0,0,0,0,0,-22000,0,0,0,0,22000,-22000,-22000
055705,微星永豐97購01  ,0,0,0,0,0,0,0,0,0,-22000,0,0,0,5000,27000,-22000,-22000
053481,同欣電元大97購01,0,0,0,0,0,0,0,0,0,-22000,0,0,0,0,22000,-22000,-22000
056114,台達電群益97購02,0,0,0,0,0,0,0,0,0,-22000,0,0,0,0,22000,-22000,-22000
056016,鴻海群益97購06  ,0,0,0,0,0,0,0,0,0,-22000,0,0,0,43000,65000,-22000,-22000
055186,正文統一97購01  ,0,0,0,0,0,0,0,0,0,-22000,0,0,0,26000,48000,-22000,-22000
055014,達興元富97購01  ,0,0,0,0,0,0,0,0,0,-22000,0,0,0,0,22000,-22000,-22000
054679,台積電康和99購01,0,0,0,0,0,0,0,0,0,-22000,0,0,0,0,22000,-22000,-22000
2706,第一店          ,0,22000,-22000,0,0,0,0,0,0,0,0,0,0,0,0,0,-22000
3031,佰鴻            ,36000,58000,-22000,0,0,0,0,0,0,0,0,0,0,0,0,0,-22000
3048,益登            ,4000,20000,-16000,0,0,0,0,0,0,-6000,0,6000,-6000,0,0,0,-22000
2459,敦吉            ,0,12000,-12000,0,0,0,0,0,0,-10000,0,10000,-10000,0,0,0,-22000
05805P,義隆永豐96售02  ,0,0,0,0,0,0,0,0,0,-23000,0,0,0,50000,73000,-23000,-23000
058288,南亞科國票9A購01,0,0,0,0,0,0,0,0,0,-23000,0,0,0,0,23000,-23000,-23000
06089P,矽創永豐97售01  ,0,0,0,0,0,0,0,0,0,-23000,0,0,0,0,23000,-23000,-23000
06262P,國巨凱基97售07  ,0,0,0,0,0,0,0,0,0,-23000,0,0,0,0,23000,-23000,-23000
06461P,玉晶光國泰9A售01,0,0,0,0,0,0,0,0,0,-23000,0,0,0,71000,94000,-23000,-23000
06580P,元油2X凱基9A售06,0,0,0,0,0,0,0,0,0,-23000,0,0,0,50000,73000,-23000,-23000
05763P,致新永豐96售01  ,0,0,0,0,0,0,0,0,0,-23000,0,0,0,27000,50000,-23000,-23000
057784,台積電國票9B購01,0,0,0,0,0,0,0,0,0,-23000,0,0,0,11000,34000,-23000,-23000
057234,宏達電凱基98購05,0,0,0,0,0,0,0,0,0,-23000,0,0,0,29000,52000,-23000,-23000
047937,元金2X國票97購02,0,0,0,0,0,0,0,0,0,-23000,0,0,0,2000,25000,-23000,-23000
048037,台表科凱基93購05,0,0,0,0,0,0,0,0,0,-23000,0,0,0,10000,33000,-23000,-23000
040160,SP黃豆元富95購01,0,0,0,0,0,0,0,0,0,-23000,0,0,0,0,23000,-23000,-23000
04974P,聯發科凱基96售02,0,0,0,0,0,0,0,0,0,-23000,0,0,0,0,23000,-23000,-23000
049883,台表科永豐94購02,0,0,0,0,0,0,0,0,0,-23000,0,0,0,0,23000,-23000,-23000
050081,聯發科統一94購07,0,0,0,0,0,0,0,0,0,-23000,0,0,0,30000,53000,-23000,-23000
051139,康友永豐95購01  ,0,0,0,0,0,0,0,0,0,-23000,0,0,0,92000,115000,-23000,-23000
052767,智伸科群益98購01,0,0,0,0,0,0,0,0,0,-23000,0,0,0,0,23000,-23000,-23000
052659,上証2X國票99購01,0,0,0,0,0,0,0,0,0,-23000,0,0,0,0,23000,-23000,-23000
051699,世紀鋼麥證95購01,0,0,0,20000,43000,-23000,0,0,0,-23000,0,0,0,20000,43000,-23000,-23000
054273,宏達電中信98購01,0,0,0,0,0,0,0,0,0,-23000,0,0,0,0,23000,-23000,-23000
055471,聯發科凱基97購04,0,0,0,0,0,0,0,0,0,-23000,0,0,0,7000,30000,-23000,-23000
056552,台表科凱基99購01,0,0,0,0,0,0,0,0,0,-23000,0,0,0,30000,53000,-23000,-23000
053645,臺股指國票96購08,0,0,0,0,0,0,0,0,0,-23000,0,0,0,30000,53000,-23000,-23000
055713,國巨元大98購09  ,0,0,0,0,0,0,0,0,0,-23000,0,0,0,11000,34000,-23000,-23000
2423,固緯            ,4000,26000,-22000,0,0,0,0,0,0,-1000,0,1000,-1000,0,0,0,-23000
2701,萬企            ,0,18000,-18000,0,0,0,0,0,0,-5000,0,5000,-5000,0,0,0,-23000
2020,美亞            ,0,13000,-13000,0,0,0,0,0,0,-10000,0,10000,-10000,0,0,0,-23000
06728P,全新元大98售03  ,0,0,0,0,0,0,0,0,0,-23000,0,0,0,54000,77000,-23000,-23000
8070,長華*           ,7000,27000,-20000,0,0,0,0,0,0,-3000,0,3000,-3000,0,0,0,-23000
05678P,群創群益97售01  ,0,0,0,0,0,0,0,0,0,-24000,0,0,0,0,24000,-24000,-24000
06485P,玉晶光群益9A售02,0,0,0,0,0,0,0,0,0,-24000,0,0,0,57000,81000,-24000,-24000
05976P,國巨凱基96售14  ,0,0,0,0,0,0,0,0,0,-24000,0,0,0,0,24000,-24000,-24000
05977P,旺宏永豐96售06  ,0,0,0,0,0,0,0,0,0,-24000,0,0,0,38000,62000,-24000,-24000
058149,百和元大99購02  ,0,0,0,0,0,0,0,0,0,-24000,0,0,0,0,24000,-24000,-24000
052067,中磊兆豐96購01  ,0,0,0,0,0,0,0,0,0,-24000,0,0,0,136000,160000,-24000,-24000
048933,晶豪科永豐94購01,0,0,0,0,0,0,0,0,0,-24000,0,0,0,0,24000,-24000,-24000
051773,元大金中信95購02,0,0,0,0,0,0,0,0,0,-24000,0,0,0,1000,25000,-24000,-24000
053984,康友元大96購05  ,0,0,0,0,0,0,0,0,0,-24000,0,0,0,277000,301000,-24000,-24000
051380,禾伸堂群益95購01,0,0,0,0,0,0,0,0,0,-24000,0,0,0,71000,95000,-24000,-24000
05251P,喬山台新95售02  ,0,0,0,0,0,0,0,0,0,-24000,0,0,0,30000,54000,-24000,-24000
055678,上銀凱基97購02  ,0,0,0,0,0,0,0,0,0,-24000,0,0,0,0,24000,-24000,-24000
05368P,可成元富95售03  ,0,0,0,0,0,0,0,0,0,-24000,0,0,0,7000,31000,-24000,-24000
053585,友達元大9C購03  ,0,0,0,0,0,0,0,0,0,-24000,0,0,0,0,24000,-24000,-24000
053467,鴻海元大96購20  ,0,0,0,0,0,0,0,0,0,-24000,0,0,0,54000,78000,-24000,-24000
053730,樺漢凱基98購01  ,0,0,0,0,0,0,0,0,0,-24000,0,0,0,20000,44000,-24000,-24000
055154,聯發科元大98購01,0,0,0,0,0,0,0,0,0,-24000,0,0,0,110000,134000,-24000,-24000
054804,南亞元大9A購01  ,0,0,0,0,0,0,0,0,0,-24000,0,0,0,26000,50000,-24000,-24000
06735P,奇力新凱基98售07,0,0,0,0,0,0,0,0,0,-24000,0,0,0,44000,68000,-24000,-24000
06901P,亞德客凱基98售02,0,0,0,0,0,0,0,0,0,-24000,0,0,0,340000,364000,-24000,-24000
06841P,臺股指統一9A售02,0,0,0,0,0,0,0,0,0,-24000,0,0,0,6000,30000,-24000,-24000
1614,三洋電          ,0,21000,-21000,0,0,0,0,0,0,-3000,0,3000,-3000,0,0,0,-24000
1531,高林股          ,1000,23000,-22000,0,0,0,0,0,0,-2000,0,2000,-2000,0,0,0,-24000
058324,嘉聯益永豐9A購01,0,0,0,0,0,0,0,0,0,-25000,0,0,0,0,25000,-25000,-25000
058148,百和元大99購01  ,0,0,0,0,0,0,0,0,0,-25000,0,0,0,0,25000,-25000,-25000
057873,義隆元大98購03  ,0,0,0,0,0,0,0,0,0,-25000,0,0,0,38000,63000,-25000,-25000
05875P,旺宏群益98售01  ,0,0,0,0,0,0,0,0,0,-25000,0,0,0,21000,46000,-25000,-25000
06090P,旺宏統一97售06  ,0,0,0,0,0,0,0,0,0,-25000,0,0,0,0,25000,-25000,-25000
06581P,南亞科凱基98售04,0,0,0,0,0,0,0,0,0,-25000,0,0,0,0,25000,-25000,-25000
056823,智伸科永豐98購01,0,0,0,0,0,0,0,0,0,-25000,0,0,0,0,25000,-25000,-25000
056903,大立光元大99購04,0,0,0,0,0,0,0,0,0,-25000,0,0,0,0,25000,-25000,-25000
056979,微星群益98購01  ,0,0,0,0,0,0,0,0,0,-25000,0,0,0,22000,47000,-25000,-25000
048240,嘉聯益國票94購03,0,0,0,0,0,0,0,0,0,-25000,0,0,0,0,25000,-25000,-25000
04452P,超眾國泰95售01  ,0,0,0,0,0,0,0,0,0,-25000,0,0,0,0,25000,-25000,-25000
042929,台積電中信95購02,0,0,0,0,0,0,0,0,0,-25000,0,0,0,0,25000,-25000,-25000
048069,南亞科元富95購02,0,0,0,0,0,0,0,0,0,-25000,0,0,0,0,25000,-25000,-25000
047222,鴻海凱基94購04  ,0,0,0,0,0,0,0,0,0,-25000,0,0,0,30000,55000,-25000,-25000
052953,百和國票97購01  ,0,0,0,0,0,0,0,0,0,-25000,0,0,0,0,25000,-25000,-25000
050720,上証2X國票94購02,0,0,0,0,0,0,0,0,0,-25000,0,0,0,10000,35000,-25000,-25000
05157P,全新台新96售01  ,0,0,0,0,0,0,0,0,0,-25000,0,0,0,0,25000,-25000,-25000
054343,世紀鋼元富96購02,0,0,0,0,0,0,0,0,0,-25000,0,0,0,249000,274000,-25000,-25000
054349,同欣電國票97購02,0,0,0,0,0,0,0,0,0,-25000,0,0,0,0,25000,-25000,-25000
051916,和碩元大95購02  ,0,0,0,0,0,0,0,0,0,-25000,0,0,0,41000,66000,-25000,-25000
050911,光磊中信98購01  ,0,0,0,0,0,0,0,0,0,-25000,0,0,0,0,25000,-25000,-25000
054710,東元元富97購01  ,0,0,0,0,0,0,0,0,0,-25000,0,0,0,5000,30000,-25000,-25000
054638,國泰金中信99購01,0,0,0,0,0,0,0,0,0,-25000,0,0,0,0,25000,-25000,-25000
055156,華新科元大99購02,0,0,0,0,0,0,0,0,0,-25000,0,0,0,0,25000,-25000,-25000
056573,華新科元大99購06,0,0,0,0,0,0,0,0,0,-25000,0,0,0,0,25000,-25000,-25000
055498,大立光元大97購07,0,0,0,0,0,0,0,0,0,-25000,0,0,0,0,25000,-25000,-25000
056155,嘉晶凱基97購01  ,0,0,0,0,0,0,0,0,0,-25000,0,0,0,111000,136000,-25000,-25000
05349P,可成元富98售03  ,0,0,0,0,0,0,0,0,0,-25000,0,0,0,0,25000,-25000,-25000
055953,上銀元大97購09  ,0,0,0,0,0,0,0,0,0,-25000,0,0,0,13000,38000,-25000,-25000
1612,宏泰            ,2000,24000,-22000,0,0,0,0,0,0,-3000,0,3000,-3000,0,0,0,-25000
1203,味王            ,0,25000,-25000,0,0,0,0,0,0,0,0,0,0,0,0,0,-25000
06957P,FBVIX凱基01售01 ,0,0,0,0,0,0,0,0,0,-25000,0,0,0,15000,40000,-25000,-25000
2428,興勤            ,117000,141000,-24000,0,0,0,0,0,0,-1000,0,5000,-5000,9000,5000,4000,-25000
2373,震旦行          ,5000,20000,-15000,0,0,0,0,0,0,-10000,0,10000,-10000,0,0,0,-25000
3305,昇貿            ,3000,28000,-25000,0,0,0,0,0,0,0,0,0,0,0,0,0,-25000
06517P,國巨凱基98售09  ,0,0,0,0,0,0,0,0,0,-26000,0,0,0,0,26000,-26000,-26000
06028P,智邦台新97售01  ,0,0,0,0,0,0,0,0,0,-26000,0,0,0,139000,165000,-26000,-26000
057885,台光電群益98購04,0,0,0,0,0,0,0,0,0,-26000,0,0,0,85000,111000,-26000,-26000
058390,樺漢國票9A購01  ,0,0,0,0,0,0,0,0,0,-26000,0,0,0,0,26000,-26000,-26000
047722,南電凱基94購02  ,0,0,0,0,0,0,0,0,0,-26000,0,0,0,84000,110000,-26000,-26000
049785,華新科兆豐95購01,0,0,0,0,0,0,0,0,0,-26000,0,0,0,34000,60000,-26000,-26000
049173,鴻海凱基94購15  ,0,0,0,0,0,0,0,0,0,-26000,0,0,0,14000,40000,-26000,-26000
051056,華新科群益95購03,0,0,0,0,0,0,0,0,0,-26000,0,0,0,0,26000,-26000,-26000
052693,微星中信96購01  ,0,0,0,0,0,0,0,0,0,-26000,0,0,0,24000,50000,-26000,-26000
053174,同欣電群益98購02,0,0,0,0,0,0,0,0,0,-26000,0,0,0,34000,60000,-26000,-26000
052771,GIS群益96購01   ,0,0,0,0,0,0,0,0,0,-26000,0,0,0,0,26000,-26000,-26000
05428P,滬深2X統一95售01,0,0,0,0,0,0,0,0,0,-26000,0,0,0,24000,50000,-26000,-26000
054408,義隆國票98購01  ,0,0,0,0,0,0,0,0,0,-26000,0,0,0,34000,60000,-26000,-26000
6108,競國            ,22000,37000,-15000,0,0,0,0,0,0,-11000,0,11000,-11000,0,0,0,-26000
6698,旭暉應材        ,17000,22000,-5000,0,0,0,0,21000,-21000,0,0,0,0,0,0,0,-26000
2488,漢平            ,9000,35000,-26000,0,0,0,0,0,0,0,0,0,0,0,0,0,-26000
2739,寒舍            ,0,25000,-25000,0,0,0,0,0,0,-1000,0,1000,-1000,0,0,0,-26000
06829P,臺股指國票98售05,0,0,0,0,0,0,0,0,0,-26000,0,0,0,5000,31000,-26000,-26000
06782P,大立光元大99售07,0,0,0,0,0,0,0,0,0,-26000,0,0,0,0,26000,-26000,-26000
058289,奇鋐國票9A購01  ,0,0,0,0,0,0,0,0,0,-27000,0,0,0,64000,91000,-27000,-27000
057860,金寶凱基98購01  ,0,0,0,0,0,0,0,0,0,-27000,0,0,0,20000,47000,-27000,-27000
058525,台虹元大99購02  ,0,0,0,0,0,0,0,0,0,-27000,0,0,0,0,27000,-27000,-27000
05947P,大成鋼元大96售03,0,0,0,0,0,0,0,0,0,-27000,0,0,0,16000,43000,-27000,-27000
06455P,上銀統一99售03  ,0,0,0,0,0,0,0,0,0,-27000,0,0,0,0,27000,-27000,-27000
053332,創意永豐96購03  ,0,0,0,0,0,0,0,0,0,-27000,0,0,0,0,27000,-27000,-27000
041870,A50正2凱基96購01,0,0,0,0,0,0,0,0,0,-27000,0,0,0,0,27000,-27000,-27000
035275,台積電台新97購01,0,0,0,0,0,0,0,0,0,-27000,0,0,0,1000,28000,-27000,-27000
051408,台積電國票95購03,0,0,0,0,0,0,0,0,0,-27000,0,0,0,0,27000,-27000,-27000
052343,同欣電凱基95購03,0,0,0,0,0,0,0,0,0,-27000,0,0,0,0,27000,-27000,-27000
050854,世紀鋼國票97購01,0,0,0,0,0,0,0,0,0,-27000,0,0,0,4000,31000,-27000,-27000
055576,嘉晶統一98購01  ,0,0,0,0,0,0,0,0,0,-27000,0,0,0,0,27000,-27000,-27000
055329,百和國票98購01  ,0,0,0,0,0,0,0,0,0,-27000,0,0,0,100000,127000,-27000,-27000
053882,聯發科中信98購02,0,0,0,0,0,0,0,0,0,-27000,0,0,0,0,27000,-27000,-27000
056293,上銀元大97購10  ,0,0,0,0,0,0,0,0,0,-27000,0,0,0,19000,46000,-27000,-27000
06964P,臺股指凱基9B售01,0,0,0,0,0,0,0,0,0,-27000,0,0,0,0,27000,-27000,-27000
1234,黑松            ,14000,37000,-23000,0,0,0,0,0,0,-4000,0,4000,-4000,0,0,0,-27000
2707,晶華            ,15000,31000,-16000,0,0,0,0,0,0,-11000,2000,13000,-11000,0,0,0,-27000
3617,碩天            ,4000,28000,-24000,0,0,0,0,0,0,-3000,2000,4000,-2000,0,1000,-1000,-27000
8114,振樺電          ,1000,27000,-26000,0,0,0,0,0,0,-1000,2000,3000,-1000,0,0,0,-27000
06438P,玉晶光國票99售02,0,0,0,0,0,0,0,0,0,-28000,0,0,0,0,28000,-28000,-28000
06310P,精元元富97售02  ,0,0,0,0,0,0,0,0,0,-28000,0,0,0,22000,50000,-28000,-28000
06305P,臺股指元大97售11,0,0,0,0,0,0,0,0,0,-28000,0,0,0,0,28000,-28000,-28000
058530,為升元富99購01  ,0,0,0,0,0,0,0,0,0,-28000,0,0,0,0,28000,-28000,-28000
06071P,大立光永豐97售01,0,0,0,0,0,0,0,0,0,-28000,0,0,0,0,28000,-28000,-28000
057847,聯茂永豐98購01  ,0,0,0,0,0,0,0,0,0,-28000,0,0,0,67000,95000,-28000,-28000
058229,為升元大99購02  ,0,0,0,0,0,0,0,0,0,-28000,0,0,0,8000,36000,-28000,-28000
05664P,國巨凱基96售09  ,0,0,0,0,0,0,0,0,0,-28000,0,0,0,9000,37000,-28000,-28000
057435,旺宏國票99購04  ,0,0,0,0,0,0,0,0,0,-28000,0,0,0,0,28000,-28000,-28000
057411,臺股指群益99購05,0,0,0,0,0,0,0,0,0,-28000,0,0,0,77000,105000,-28000,-28000
057497,祥碩元大98購06  ,0,0,0,0,0,0,0,0,0,-28000,0,0,0,109000,137000,-28000,-28000
057640,台積電元大98購16,0,0,0,0,0,0,0,0,0,-28000,0,0,0,1000,29000,-28000,-28000
00728,第一金工業30    ,0,0,0,0,0,0,0,0,0,-28000,0,0,0,606000,634000,-28000,-28000
046870,大立光統一95購01,0,0,0,0,0,0,0,0,0,-28000,0,0,0,1000,29000,-28000,-28000
051170,南電元大95購03  ,0,0,0,0,0,0,0,0,0,-28000,0,0,0,141000,169000,-28000,-28000
049172,鴻海凱基94購14  ,0,0,0,0,0,0,0,0,0,-28000,0,0,0,23000,51000,-28000,-28000
050168,緯創富邦95購01  ,0,0,0,0,0,0,0,0,0,-28000,0,0,0,3000,31000,-28000,-28000
051915,日月光元大96購01,0,0,0,0,0,0,0,0,0,-28000,0,0,0,22000,50000,-28000,-28000
053386,聯詠元大96購03  ,0,0,0,0,0,0,0,0,0,-28000,0,0,0,5000,33000,-28000,-28000
050467,力成中信94購01  ,0,0,0,0,0,0,0,0,0,-28000,0,0,0,22000,50000,-28000,-28000
053212,友達凱基99購04  ,0,0,0,0,0,0,0,0,0,-28000,0,0,0,3000,31000,-28000,-28000
056084,漢唐統一97購03  ,0,0,0,0,0,0,0,0,0,-28000,0,0,0,0,28000,-28000,-28000
053618,新唐群益96購01  ,0,0,0,0,0,0,0,0,0,-28000,0,0,0,30000,58000,-28000,-28000
055211,A50反1凱基9A購01,0,0,0,0,0,0,0,0,0,-28000,0,0,0,108000,136000,-28000,-28000
055272,國巨元大98購04  ,0,0,0,0,0,0,0,0,0,-28000,0,0,0,45000,73000,-28000,-28000
054818,奇力新元大97購05,0,0,0,0,0,0,0,0,0,-28000,0,0,0,95000,123000,-28000,-28000
2888A,新光金甲特      ,0,18000,-18000,0,0,0,0,0,0,-10000,0,10000,-10000,0,0,0,-28000
2509,全坤建          ,0,28000,-28000,0,0,0,0,0,0,0,0,0,0,0,0,0,-28000
2414,精技            ,1000,29000,-28000,0,0,0,0,0,0,0,0,0,0,0,0,0,-28000
1225,福懋油          ,3000,30000,-27000,0,0,0,0,0,0,-1000,0,1000,-1000,0,0,0,-28000
06780P,義隆元大98售02  ,0,0,0,0,0,0,0,0,0,-28000,0,0,0,0,28000,-28000,-28000
06595P,祥碩元大98售03  ,0,0,0,0,0,0,0,0,0,-28000,0,0,0,0,28000,-28000,-28000
3008,大立光          ,246600,275239,-28639,0,0,0,3000,1000,2000,-2000,3000,4000,-1000,1000,2000,-1000,-28639
057584,國巨亞東99購01  ,0,0,0,0,0,0,0,0,0,-29000,0,0,0,0,29000,-29000,-29000
05773P,臺股指凱基99售03,0,0,0,0,0,0,0,0,0,-29000,0,0,0,6000,35000,-29000,-29000
058422,百和麥證99購01  ,0,0,0,0,29000,-29000,0,0,0,-29000,0,0,0,0,29000,-29000,-29000
057937,神達群益98購02  ,0,0,0,0,0,0,0,0,0,-29000,0,0,0,204000,233000,-29000,-29000
058106,神達統一98購02  ,0,0,0,0,0,0,0,0,0,-29000,0,0,0,12000,41000,-29000,-29000
058077,超眾凱基98購02  ,0,0,0,0,0,0,0,0,0,-29000,0,0,0,0,29000,-29000,-29000
047395,聯茂元大94購01  ,0,0,0,0,0,0,0,0,0,-29000,0,0,0,11000,40000,-29000,-29000
046291,友達統一94購01  ,0,0,0,0,0,0,0,0,0,-29000,0,0,0,71000,100000,-29000,-29000
01010T,京城樂富R1      ,1000,0,1000,0,0,0,0,0,0,-30000,0,30000,-30000,0,0,0,-29000
04293P,滬深2X元大96售02,0,0,0,0,0,0,0,0,0,-29000,0,0,0,32000,61000,-29000,-29000
051422,超眾國票96購01  ,0,0,0,0,0,0,0,0,0,-29000,0,0,0,10000,39000,-29000,-29000
051564,和碩國泰96購01  ,0,0,0,0,0,0,0,0,0,-29000,0,0,0,28000,57000,-29000,-29000
053394,鴻海中信9A購01  ,0,0,0,0,0,0,0,0,0,-29000,0,0,0,0,29000,-29000,-29000
05172P,臺股指元大95售16,0,0,0,0,0,0,0,0,0,-29000,0,0,0,1000,30000,-29000,-29000
050791,聯發科富邦96購01,0,0,0,0,0,0,0,0,0,-29000,0,0,0,3000,32000,-29000,-29000
055299,康友元大97購02  ,0,0,0,0,0,0,0,0,0,-29000,0,0,0,134000,163000,-29000,-29000
055512,聯詠兆豐97購01  ,0,0,0,0,0,0,0,0,0,-29000,0,0,0,9000,38000,-29000,-29000
055944,日月光麥證97購01,0,0,0,31000,60000,-29000,0,0,0,-29000,0,0,0,31000,60000,-29000,-29000
055771,台積電日盛97購04,0,0,0,0,0,0,0,0,0,-29000,0,0,0,0,29000,-29000,-29000
05611P,康控群益96售02  ,0,0,0,0,0,0,0,0,0,-29000,0,0,0,0,29000,-29000,-29000
2484,希華            ,26000,52000,-26000,0,0,0,0,0,0,-3000,1000,4000,-3000,0,0,0,-29000
058046,國巨元大9A購01  ,0,0,0,0,0,0,0,0,0,-30000,0,0,0,10000,40000,-30000,-30000
057994,技嘉中信98購01  ,0,0,0,0,0,0,0,0,0,-30000,0,0,0,20000,50000,-30000,-30000
057840,健策富邦99購01  ,0,0,0,0,0,0,0,0,0,-30000,0,0,0,10000,40000,-30000,-30000
058491,滬深2X群益01購01,0,0,0,0,0,0,0,0,0,-30000,0,0,0,0,30000,-30000,-30000
058353,國巨凱基99購09  ,0,0,0,0,0,0,0,0,0,-30000,0,0,0,0,30000,-30000,-30000
058528,世紀鋼元大99購02,0,0,0,0,0,0,0,0,0,-30000,0,0,0,0,30000,-30000,-30000
05902P,華通國票96售02  ,0,0,0,0,0,0,0,0,0,-30000,0,0,0,10000,40000,-30000,-30000
06209P,旺宏統一97售07  ,0,0,0,0,0,0,0,0,0,-30000,0,0,0,15000,45000,-30000,-30000
057845,晶相光永豐98購03,0,0,0,0,0,0,0,0,0,-30000,0,0,0,311000,341000,-30000,-30000
057544,鴻海凱基02購01  ,0,0,0,0,0,0,0,0,0,-30000,0,0,0,18000,48000,-30000,-30000
056727,滬深反凱基9B購01,0,0,0,0,0,0,0,0,0,-30000,0,0,0,0,30000,-30000,-30000
056869,國巨日盛99購03  ,0,0,0,0,0,0,0,0,0,-30000,0,0,0,30000,60000,-30000,-30000
056797,台積電麥證98購01,0,0,0,10000,40000,-30000,0,0,0,-30000,0,0,0,10000,40000,-30000,-30000
056976,喬山群益98購01  ,0,450000,-450000,0,0,0,0,0,0,420000,0,0,0,461000,41000,420000,-30000
057157,群創富邦98購02  ,0,0,0,0,0,0,0,0,0,-30000,0,0,0,0,30000,-30000,-30000
043641,深中小國票94購01,0,0,0,0,0,0,0,0,0,-30000,0,0,0,30000,60000,-30000,-30000
04367P,滬深2X凱基95售04,0,0,0,0,0,0,0,0,0,-30000,0,0,0,0,30000,-30000,-30000
04250P,嘉晶統一95售02  ,0,0,0,0,0,0,0,0,0,-30000,0,0,0,166000,196000,-30000,-30000
04267P,康控元富93售04  ,0,0,0,0,0,0,0,0,0,-30000,0,0,0,0,30000,-30000,-30000
04311P,奇力新統一95售01,0,0,0,0,0,0,0,0,0,-30000,0,0,0,10000,40000,-30000,-30000
03641C,臺股指凱基95牛18,0,0,0,0,0,0,0,0,0,-30000,0,0,0,0,30000,-30000,-30000
044533,S&P反1中信94購02,0,0,0,0,0,0,0,0,0,-30000,0,0,0,0,30000,-30000,-30000
044764,聯茂凱基93購03  ,0,0,0,0,0,0,0,0,0,-30000,0,0,0,30000,60000,-30000,-30000
044879,上証2X群益93購01,0,0,0,0,0,0,0,0,0,-30000,0,0,0,0,30000,-30000,-30000
046200,上海銀凱基93購01,0,0,0,0,0,0,0,0,0,-30000,0,0,0,10000,40000,-30000,-30000
046574,泰鼎國泰94購01  ,0,0,0,0,0,0,0,0,0,-30000,0,0,0,92000,122000,-30000,-30000
048035,聯詠凱基93購06  ,0,0,0,0,0,0,0,0,0,-30000,0,0,0,0,30000,-30000,-30000
049357,微星富邦94購01  ,0,0,0,0,0,0,0,0,0,-30000,0,0,0,20000,50000,-30000,-30000
04724P,可成凱基94售08  ,0,0,0,0,0,0,0,0,0,-30000,0,0,0,0,30000,-30000,-30000
047514,亞光國票94購01  ,0,0,0,0,0,0,0,0,0,-30000,0,0,0,30000,60000,-30000,-30000
046869,聯發科統一95購01,0,0,0,0,0,0,0,0,0,-30000,0,0,0,0,30000,-30000,-30000
04707P,喬山元大94售01  ,0,0,0,0,0,0,0,0,0,-30000,0,0,0,0,30000,-30000,-30000
045446,鴻海國泰94購01  ,0,0,0,0,0,0,0,0,0,-30000,0,0,0,0,30000,-30000,-30000
04850P,全新永豐94售03  ,0,0,0,0,0,0,0,0,0,-30000,0,0,0,0,30000,-30000,-30000
048505,滬深2X群益99購03,0,0,0,0,0,0,0,0,0,-30000,0,0,0,0,30000,-30000,-30000
048259,新日興統一93購01,0,0,0,0,0,0,0,0,0,-30000,0,0,0,20000,50000,-30000,-30000
049938,臺股指元大94購19,0,0,0,0,0,0,0,0,0,-30000,0,0,0,630000,660000,-30000,-30000
049166,元油2X凱基97購02,0,0,0,0,0,0,0,0,0,-30000,0,0,0,0,30000,-30000,-30000
049038,高鐵兆豐94購01  ,0,0,0,0,0,0,0,0,0,-30000,0,0,0,0,30000,-30000,-30000
048866,滬深2X兆豐95購01,0,0,0,0,0,0,0,0,0,-30000,0,0,0,0,30000,-30000,-30000
052024,臺股指永豐95購04,0,0,0,0,0,0,0,0,0,-30000,0,0,0,0,30000,-30000,-30000
049802,可成元大94購10  ,0,0,0,0,0,0,0,0,0,-30000,0,0,0,0,30000,-30000,-30000
05030P,台積電元富95售04,0,0,0,0,0,0,0,0,0,-30000,0,0,0,0,30000,-30000,-30000
051466,玉晶光富邦97購01,0,0,0,0,0,0,0,0,0,-30000,0,0,0,0,30000,-30000,-30000
05100P,智邦凱基95售02  ,0,0,0,0,0,0,0,0,0,-30000,0,0,0,0,30000,-30000,-30000
051697,康友中信95購02  ,0,0,0,0,0,0,0,0,0,-30000,0,0,0,0,30000,-30000,-30000
051520,新光金凱基97購01,0,0,0,0,0,0,0,0,0,-30000,0,0,0,0,30000,-30000,-30000
051871,同欣電凱基95購02,0,0,0,0,0,0,0,0,0,-30000,0,0,0,10000,40000,-30000,-30000
055367,台積電元大97購23,0,0,0,0,0,0,0,0,0,-30000,0,0,0,33000,63000,-30000,-30000
053918,美律國票97購01  ,0,0,0,0,0,0,0,0,0,-30000,0,0,0,0,30000,-30000,-30000
051573,鴻海元大95購15  ,0,0,0,0,0,0,0,0,0,-30000,0,0,0,0,30000,-30000,-30000
050663,麗豐元大96購03  ,0,0,0,0,0,0,0,0,0,-30000,0,0,0,0,30000,-30000,-30000
053998,泰鼎群益98購01  ,0,0,0,0,0,0,0,0,0,-30000,0,0,0,69000,99000,-30000,-30000
054026,台積電凱基97購08,0,0,0,0,0,0,0,0,0,-30000,0,0,0,0,30000,-30000,-30000
052943,奇力新國票96購02,0,0,0,0,0,0,0,0,0,-30000,0,0,0,0,30000,-30000,-30000
052732,新唐國泰97購01  ,0,0,0,0,0,0,0,0,0,-30000,0,0,0,0,30000,-30000,-30000
053220,瀚宇博凱基98購01,0,0,0,0,0,0,0,0,0,-30000,0,0,0,0,30000,-30000,-30000
053255,貿聯國泰97購01  ,0,0,0,0,0,0,0,0,0,-30000,0,0,0,180000,210000,-30000,-30000
052684,旺宏元大98購01  ,0,0,0,0,0,0,0,0,0,-30000,0,0,0,20000,50000,-30000,-30000
050518,台積電元大94購28,0,0,0,0,0,0,0,0,0,-30000,0,0,0,0,30000,-30000,-30000
052090,聯發科元大97購03,0,0,0,0,0,0,0,0,0,-30000,0,0,0,0,30000,-30000,-30000
052990,超眾元大97購01  ,0,0,0,0,0,0,0,0,0,-30000,0,0,0,0,30000,-30000,-30000
052386,鴻海群益96購02  ,0,0,0,0,0,0,0,0,0,-30000,0,0,0,188000,218000,-30000,-30000
052396,台積電凱基97購01,0,0,0,0,0,0,0,0,0,-30000,0,0,0,0,30000,-30000,-30000
056040,亞光凱基98購01  ,0,0,0,0,0,0,0,0,0,-30000,0,0,0,0,30000,-30000,-30000
056042,京鼎凱基97購02  ,0,0,0,0,0,0,0,0,0,-30000,0,0,0,0,30000,-30000,-30000
056276,同欣電國泰98購01,0,0,0,0,0,0,0,0,0,-30000,0,0,0,20000,50000,-30000,-30000
05624P,同欣電中信98售01,0,0,0,0,0,0,0,0,0,-30000,0,0,0,0,30000,-30000,-30000
056204,嘉澤永豐97購01  ,0,0,0,0,0,0,0,0,0,-30000,0,0,0,0,30000,-30000,-30000
055754,和大兆豐97購01  ,0,0,0,0,0,0,0,0,0,-30000,0,0,0,0,30000,-30000,-30000
055721,聯詠元大97購04  ,0,0,0,0,0,0,0,0,0,-30000,0,0,0,10000,40000,-30000,-30000
055964,正文元大97購02  ,0,0,0,0,0,0,0,0,0,-30000,0,0,0,43000,73000,-30000,-30000
053498,大立光兆豐96購03,0,0,0,0,0,0,0,0,0,-30000,0,0,0,0,30000,-30000,-30000
053529,國巨麥證96購01  ,0,0,0,0,30000,-30000,0,0,0,-30000,0,0,0,0,30000,-30000,-30000
055465,和大凱基97購03  ,0,0,0,0,0,0,0,0,0,-30000,0,0,0,0,30000,-30000,-30000
056027,樺漢群益97購02  ,0,0,0,0,0,0,0,0,0,-30000,0,0,0,0,30000,-30000,-30000
055593,華新科元大97購10,0,0,0,0,0,0,0,0,0,-30000,0,0,0,20000,50000,-30000,-30000
05556P,全新國票96售04  ,0,0,0,0,0,0,0,0,0,-30000,0,0,0,17000,47000,-30000,-30000
056534,京元電凱基98購01,0,0,0,0,0,0,0,0,0,-30000,0,0,0,2000,32000,-30000,-30000
055169,光罩統一99購01  ,0,0,0,0,0,0,0,0,0,-30000,0,0,0,0,30000,-30000,-30000
055312,台虹群益99購01  ,0,0,0,0,0,0,0,0,0,-30000,0,0,0,0,30000,-30000,-30000
055314,華邦電中信99購01,0,0,0,0,0,0,0,0,0,-30000,0,0,0,0,30000,-30000,-30000
054762,奇力新國票99購01,0,0,0,0,0,0,0,0,0,-30000,0,0,0,0,30000,-30000,-30000
054732,台化凱基98購01  ,0,0,0,0,0,0,0,0,0,-30000,0,0,0,5000,35000,-30000,-30000
05492P,聯茂元大95售02  ,0,0,0,0,0,0,0,0,0,-30000,0,0,0,224000,254000,-30000,-30000
054433,南亞科台新96購02,0,0,0,0,0,0,0,0,0,-30000,0,0,0,0,30000,-30000,-30000
054578,世芯元大99購01  ,0,0,0,0,0,0,0,0,0,-30000,0,0,0,467000,497000,-30000,-30000
054680,華新科康和97購02,0,0,0,0,0,0,0,0,0,-30000,0,0,0,10000,40000,-30000,-30000
054538,台光電國票98購01,0,0,0,0,0,0,0,0,0,-30000,0,0,0,0,30000,-30000,-30000
2433,互盛電          ,2000,25000,-23000,0,0,0,0,0,0,-7000,0,7000,-7000,0,0,0,-30000
2430,燦坤            ,0,24000,-24000,0,0,0,0,0,0,-6000,0,6000,-6000,0,0,0,-30000
06645P,上銀元大98售05  ,0,0,0,0,0,0,0,0,0,-30000,0,0,0,39000,69000,-30000,-30000
06694P,臺股指凱基99售13,0,0,0,0,0,0,0,0,0,-30000,0,0,0,0,30000,-30000,-30000
06905P,上証2X國泰99售02,0,0,0,0,0,0,0,0,0,-30000,0,0,0,0,30000,-30000,-30000
06889P,臺股指元大98售13,0,0,0,0,0,0,0,0,0,-30000,0,0,0,0,30000,-30000,-30000
08163P,T50正2中信95售01,0,0,0,0,0,0,0,0,0,-30000,0,0,0,0,30000,-30000,-30000
08795P,聯發科凱基01售11,0,0,0,0,0,0,0,0,0,-30000,0,0,0,20000,50000,-30000,-30000
1442,名軒            ,8000,38000,-30000,0,0,0,0,0,0,0,0,0,0,0,0,0,-30000
8480,泰昇-KY         ,9000,39000,-30000,0,0,0,0,0,0,0,0,0,0,0,0,0,-30000
2915,潤泰全          ,706717,1017000,-310283,0,0,0,0,0,0,280000,0,29000,-29000,319000,10000,309000,-30283
057165,國巨元大99購05  ,0,0,0,0,0,0,0,0,0,-31000,0,0,0,11000,42000,-31000,-31000
056707,鴻海富邦99購03  ,0,0,0,0,0,0,0,0,0,-31000,0,0,0,21000,52000,-31000,-31000
057349,聯發科統一98購04,0,0,0,0,0,0,0,0,0,-31000,0,0,0,0,31000,-31000,-31000
06010P,國泰金元富96售01,0,0,0,0,0,0,0,0,0,-31000,0,0,0,45000,76000,-31000,-31000
058143,瑞儀元大99購02  ,0,0,0,0,0,0,0,0,0,-31000,0,0,0,0,31000,-31000,-31000
050337,南電國泰95購01  ,0,0,0,0,0,0,0,0,0,-31000,0,0,0,27000,58000,-31000,-31000
051150,宏達電凱基95購02,0,0,0,0,0,0,0,0,0,-31000,0,0,0,19000,50000,-31000,-31000
052233,台郡凱基96購01  ,0,0,0,0,0,0,0,0,0,-31000,0,0,0,51000,82000,-31000,-31000
050031,嘉澤元大95購01  ,0,0,0,0,0,0,0,0,0,-31000,0,0,0,186000,217000,-31000,-31000
04855P,上証2X元富94售02,0,0,0,0,0,0,0,0,0,-31000,0,0,0,13000,44000,-31000,-31000
048154,旺宏兆豐94購01  ,0,0,0,0,0,0,0,0,0,-31000,0,0,0,19000,50000,-31000,-31000
046628,大立光統一98購01,0,0,0,0,0,0,0,0,0,-31000,0,0,0,39000,70000,-31000,-31000
03828P,致茂中信95售01  ,0,0,0,0,0,0,0,0,0,-31000,0,0,0,0,31000,-31000,-31000
04366P,全新元富95售01  ,0,0,0,0,0,0,0,0,0,-31000,0,0,0,0,31000,-31000,-31000
00770,國泰北美科技    ,0,0,0,0,0,0,0,0,0,-31000,0,0,0,40000,71000,-31000,-31000
052446,聯發科元大96購03,0,0,0,0,0,0,0,0,0,-31000,0,0,0,0,31000,-31000,-31000
053178,南亞科統一98購01,0,0,0,0,0,0,0,0,0,-31000,0,0,0,20000,51000,-31000,-31000
051400,國巨永豐95購01  ,0,0,0,0,0,0,0,0,0,-31000,0,0,0,29000,60000,-31000,-31000
054108,台積電凱基96購22,0,0,0,0,0,0,0,0,0,-31000,0,0,0,10000,41000,-31000,-31000
053385,聯詠元大96購02  ,0,0,0,0,0,0,0,0,0,-31000,0,0,0,170000,201000,-31000,-31000
051863,技嘉凱基95購01  ,0,0,0,0,0,0,0,0,0,-31000,0,0,0,60000,91000,-31000,-31000
050875,訊芯永豐95購01  ,0,0,0,0,0,0,0,0,0,-31000,0,0,0,0,31000,-31000,-31000
056550,瑞儀凱基99購01  ,0,0,0,0,0,0,0,0,0,-31000,0,0,0,0,31000,-31000,-31000
055639,上銀元富97購02  ,0,0,0,0,0,0,0,0,0,-31000,0,0,0,0,31000,-31000,-31000
05590P,臺股指中信96售05,0,0,0,0,0,0,0,0,0,-31000,0,0,0,3000,34000,-31000,-31000
056245,嘉澤群益97購01  ,0,0,0,0,0,0,0,0,0,-31000,0,0,0,77000,108000,-31000,-31000
056462,訊芯凱基98購03  ,0,0,0,0,0,0,0,0,0,-31000,0,0,0,80000,111000,-31000,-31000
06767P,台積電永昌99售03,0,0,0,0,0,0,0,0,0,-31000,0,0,0,100000,131000,-31000,-31000
058522,聯茂元大99購07  ,0,0,0,0,0,0,0,0,0,-32000,0,0,0,31000,63000,-32000,-32000
06358P,力成中信97售02  ,0,0,0,0,0,0,0,0,0,-32000,0,0,0,100000,132000,-32000,-32000
05723P,華通永豐96售03  ,0,0,0,0,0,0,0,0,0,-32000,0,0,0,10000,42000,-32000,-32000
057114,台虹群益98購01  ,0,0,0,0,0,0,0,0,0,-32000,0,0,0,48000,80000,-32000,-32000
057034,道瓊反元大9B購01,0,0,0,0,0,0,0,0,0,-32000,0,0,0,10000,42000,-32000,-32000
049370,可成元大94購03  ,0,0,0,0,0,0,0,0,0,-32000,0,0,0,212000,244000,-32000,-32000
04716P,中石化凱基94售01,0,0,0,0,0,0,0,0,0,-32000,0,0,0,0,32000,-32000,-32000
054381,世芯群益98購01  ,0,0,0,0,0,0,0,0,0,-32000,0,0,0,24000,56000,-32000,-32000
054382,康控群益96購03  ,0,0,0,0,0,0,0,0,0,-32000,0,0,0,58000,90000,-32000,-32000
052839,上海銀國泰97購01,0,0,0,0,0,0,0,0,0,-32000,0,0,0,100000,132000,-32000,-32000
052490,禾伸堂國票95購01,0,0,0,0,0,0,0,0,0,-32000,0,0,0,20000,52000,-32000,-32000
056111,力成永豐97購01  ,0,0,0,0,0,0,0,0,0,-32000,0,0,0,1000,33000,-32000,-32000
053754,英業達元富96購02,0,0,0,0,0,0,0,0,0,-32000,0,0,0,20000,52000,-32000,-32000
055913,中信金凱基97購01,0,0,0,0,0,0,0,0,0,-32000,0,0,0,20000,52000,-32000,-32000
056538,國泰金凱基98購01,0,0,0,0,0,0,0,0,0,-32000,0,0,0,18000,50000,-32000,-32000
055179,大立光統一97購04,0,0,0,0,0,0,0,0,0,-32000,0,0,0,57000,89000,-32000,-32000
2008,高興昌          ,0,32000,-32000,0,0,0,0,0,0,0,0,0,0,0,0,0,-32000
3679,新至陞          ,2000,32000,-30000,0,0,0,0,0,0,-2000,0,2000,-2000,0,0,0,-32000
4739,康普            ,32000,59000,-27000,0,0,0,0,0,0,-5000,0,5000,-5000,0,0,0,-32000
057132,華新科凱基98購05,0,0,0,0,0,0,0,0,0,-33000,0,0,0,70000,103000,-33000,-33000
057331,台積電國票99購04,0,0,0,0,0,0,0,0,0,-33000,0,0,0,29000,62000,-33000,-33000
057679,臺股指元大98購09,0,0,0,0,0,0,0,0,0,-33000,0,0,0,0,33000,-33000,-33000
06059P,泰碩元大97售02  ,0,0,0,0,0,0,0,0,0,-33000,0,0,0,113000,146000,-33000,-33000
00733,富邦臺灣中小    ,0,0,0,0,0,0,0,0,0,-33000,0,0,0,200000,233000,-33000,-33000
04322P,可成元大94售01  ,0,0,0,0,0,0,0,0,0,-33000,0,0,0,5000,38000,-33000,-33000
050142,聯發科元富9A購01,0,0,0,0,0,0,0,0,0,-33000,0,0,0,43000,76000,-33000,-33000
052252,大立光永豐95購03,0,0,0,0,0,0,0,0,0,-33000,0,0,0,1000,34000,-33000,-33000
049119,元油2X元富94購04,0,0,0,0,0,0,0,0,0,-33000,0,0,0,37000,70000,-33000,-33000
053034,上海銀兆豐96購01,0,0,0,0,0,0,0,0,0,-33000,0,0,0,0,33000,-33000,-33000
050517,台積電元大94購27,0,0,0,0,0,0,0,0,0,-33000,0,0,0,7000,40000,-33000,-33000
052934,中磊元大96購01  ,0,0,0,0,0,0,0,0,0,-33000,0,0,0,51000,84000,-33000,-33000
051896,柏文元富95購01  ,0,0,0,0,0,0,0,0,0,-33000,0,0,0,0,33000,-33000,-33000
056543,京鼎凱基98購01  ,0,0,0,0,0,0,0,0,0,-33000,0,0,0,0,33000,-33000,-33000
056283,鴻海永豐97購03  ,0,0,0,0,0,0,0,0,0,-33000,0,0,0,0,33000,-33000,-33000
4571,鈞興-KY         ,3000,0,3000,0,0,0,0,0,0,-36000,0,36000,-36000,0,0,0,-33000
4536,拓凱            ,15000,48000,-33000,0,0,0,0,0,0,0,0,0,0,0,0,0,-33000
2597,潤弘            ,6000,15000,-9000,0,0,0,0,0,0,-24000,0,24000,-24000,0,0,0,-33000
1337,再生-KY         ,2000,29000,-27000,0,0,0,0,0,0,-6000,0,6000,-6000,0,0,0,-33000
06704P,玉晶光元富98售05,0,0,0,0,0,0,0,0,0,-33000,0,0,0,10000,43000,-33000,-33000
06630P,國巨群益98售08  ,0,0,0,0,0,0,0,0,0,-33000,0,0,0,12000,45000,-33000,-33000
06899P,嘉澤群益98售01  ,0,0,0,0,0,0,0,0,0,-33000,0,0,0,0,33000,-33000,-33000
06958P,FBVIX凱基9C售02 ,10000,0,10000,0,0,0,0,0,0,-43000,0,0,0,0,43000,-43000,-33000
8101,華冠            ,1000,34000,-33000,0,0,0,0,0,0,0,0,0,0,0,0,0,-33000
06188P,大立光元富97售01,0,0,0,0,0,0,0,0,0,-34000,0,0,0,0,34000,-34000,-34000
058156,超眾統一9A購02  ,0,0,0,0,0,0,0,0,0,-34000,0,0,0,75000,109000,-34000,-34000
057946,晶相光國票99購01,0,0,0,0,0,0,0,0,0,-34000,0,0,0,25000,59000,-34000,-34000
056619,強茂永豐98購01  ,0,0,0,0,0,0,0,0,0,-34000,0,0,0,41000,75000,-34000,-34000
049947,S&P反1中信97購01,0,0,0,0,0,0,0,0,0,-34000,0,0,0,0,34000,-34000,-34000
03162P,泰碩元大01售02  ,0,0,0,0,0,0,0,0,0,-34000,0,0,0,38000,72000,-34000,-34000
00735,國泰臺韓科技    ,0,32000,-32000,0,0,0,0,0,0,-2000,0,0,0,104000,106000,-2000,-34000
03643C,臺股指元富99牛04,0,0,0,0,0,0,0,0,0,-34000,0,0,0,5000,39000,-34000,-34000
047895,台積電群益94購04,0,0,0,0,0,0,0,0,0,-34000,0,0,0,1000,35000,-34000,-34000
051640,GIS國票96購03   ,0,0,0,0,0,0,0,0,0,-34000,0,0,0,0,34000,-34000,-34000
052866,大立光凱基96購12,0,0,0,0,0,0,0,0,0,-34000,0,0,0,21000,55000,-34000,-34000
053083,中環元大99購01  ,0,0,0,0,0,0,0,0,0,-34000,0,0,0,10000,44000,-34000,-34000
050484,世紀鋼國票95購02,0,0,0,0,0,0,0,0,0,-34000,0,0,0,110000,144000,-34000,-34000
052402,健策凱基97購01  ,0,0,0,0,0,0,0,0,0,-34000,0,0,0,313000,347000,-34000,-34000
050416,高股息凱基96購02,0,0,0,0,0,0,0,0,0,-34000,0,0,0,25000,59000,-34000,-34000
055841,南亞科元大97購04,0,0,0,0,0,0,0,0,0,-34000,0,0,0,5000,39000,-34000,-34000
055965,泰鼎元大97購03  ,0,0,0,0,0,0,0,0,0,-34000,0,0,0,224000,258000,-34000,-34000
055569,聚陽統一98購01  ,0,0,0,0,0,0,0,0,0,-34000,0,0,0,41000,75000,-34000,-34000
055469,台光電凱基97購01,0,0,0,0,0,0,0,0,0,-34000,0,0,0,12000,46000,-34000,-34000
055115,日月光凱基98購01,0,0,0,0,0,0,0,0,0,-34000,0,0,0,154000,188000,-34000,-34000
054522,康友元大96購07  ,0,0,0,0,0,0,0,0,0,-34000,0,0,0,171000,205000,-34000,-34000
054628,可成凱基98購01  ,0,0,0,0,0,0,0,0,0,-34000,0,0,0,134000,168000,-34000,-34000
054630,聯鈞凱基98購01  ,0,0,0,0,0,0,0,0,0,-34000,0,0,0,0,34000,-34000,-34000
06681P,致茂元大98售02  ,0,0,0,0,0,0,0,0,0,-34000,0,0,0,0,34000,-34000,-34000
1305,華夏            ,249000,265000,-16000,0,0,0,0,0,0,-18000,9000,27000,-18000,0,0,0,-34000
2059,川湖            ,12000,76000,-64000,0,0,0,31000,0,31000,-1000,0,1000,-1000,0,0,0,-34000
3622,洋華            ,13000,48000,-35000,0,0,0,0,0,0,1000,1000,0,1000,0,0,0,-34000
6477,安集            ,3000,33000,-30000,0,0,0,0,0,0,-4000,0,4000,-4000,0,0,0,-34000
5522,遠雄            ,201000,215000,-14000,0,0,0,0,0,0,-20000,47000,67000,-20000,0,0,0,-34000
057267,康控兆豐99購01  ,0,0,0,0,0,0,0,0,0,-35000,0,0,0,40000,75000,-35000,-35000
058004,大立光群益98購03,0,0,0,0,0,0,0,0,0,-35000,0,0,0,2000,37000,-35000,-35000
05858P,矽力中信96售01  ,0,0,0,0,0,0,0,0,0,-35000,0,0,0,120000,155000,-35000,-35000
06222P,致茂元富97售02  ,0,0,0,0,0,0,0,0,0,-35000,0,0,0,10000,45000,-35000,-35000
06559P,玉晶光元富98售02,0,0,0,0,0,0,0,0,0,-35000,0,0,0,1000,36000,-35000,-35000
04630P,嘉聯益元大95售02,0,0,0,0,0,0,0,0,0,-35000,0,0,0,0,35000,-35000,-35000
04668P,臺股指國票94售07,0,0,0,0,0,0,0,0,0,-35000,0,0,0,12000,47000,-35000,-35000
048153,台積電兆豐94購01,0,0,0,0,0,0,0,0,0,-35000,0,0,0,30000,65000,-35000,-35000
047975,緯創兆豐93購01  ,0,0,0,0,0,0,0,0,0,-35000,0,0,0,30000,65000,-35000,-35000
047406,香港反統一94購01,0,0,0,0,0,0,0,0,0,-35000,0,0,0,131000,166000,-35000,-35000
03960P,新日興元富96售02,0,0,0,0,0,0,0,0,0,-35000,0,0,0,20000,55000,-35000,-35000
04471P,華通元大95售03  ,0,0,0,0,0,0,0,0,0,-35000,0,0,0,0,35000,-35000,-35000
050121,南電元大95購02  ,0,0,0,0,0,0,0,0,0,-35000,0,0,0,130000,165000,-35000,-35000
053343,宏達電國票97購02,0,0,0,0,0,0,0,0,0,-35000,0,0,0,14000,49000,-35000,-35000
052532,台積電國泰96購07,0,0,0,0,0,0,0,0,0,-35000,0,0,0,5000,40000,-35000,-35000
052290,鴻海元富97購01  ,0,0,0,0,0,0,0,0,0,-35000,0,0,0,0,35000,-35000,-35000
052747,京鼎元大97購01  ,0,0,0,0,0,0,0,0,0,-35000,0,0,0,10000,45000,-35000,-35000
05286P,矽力統一95售02  ,0,0,0,0,0,0,0,0,0,-35000,0,0,0,20000,55000,-35000,-35000
050566,高股息中信97購02,0,0,0,0,0,0,0,0,0,-35000,0,0,0,1000,36000,-35000,-35000
052962,台積電凱基97購03,0,0,0,0,0,0,0,0,0,-35000,0,0,0,0,35000,-35000,-35000
054461,台積電凱基97購09,0,0,0,0,0,0,0,0,0,-35000,0,0,0,0,35000,-35000,-35000
054802,高股息元大97購01,0,0,0,0,0,0,0,0,0,-35000,0,0,0,0,35000,-35000,-35000
055819,晶相光國票98購01,0,0,0,0,0,0,0,0,0,-35000,0,0,0,10000,45000,-35000,-35000
056352,鴻海元大99購01  ,0,0,0,0,0,0,0,0,0,-35000,0,0,0,70000,105000,-35000,-35000
07006P,旺宏統一9B售03  ,0,0,0,0,0,0,0,0,0,-35000,0,0,0,0,35000,-35000,-35000
06956P,國巨日盛99售04  ,0,0,0,0,0,0,0,0,0,-35000,0,0,0,15000,50000,-35000,-35000
05897P,國巨凱基96售12  ,0,0,0,0,0,0,0,0,0,-36000,0,0,0,91000,127000,-36000,-36000
058347,玉晶光群益9B購01,0,0,0,0,0,0,0,0,0,-36000,0,0,0,3000,39000,-36000,-36000
057423,台郡凱基98購06  ,0,0,0,0,0,0,0,0,0,-36000,0,0,0,188000,224000,-36000,-36000
052071,臺股指兆豐95購01,0,0,0,0,0,0,0,0,0,-36000,0,0,0,0,36000,-36000,-36000
052003,泰碩國泰97購02  ,0,0,0,0,0,0,0,0,0,-36000,0,0,0,564000,600000,-36000,-36000
049633,臺股指群益94購06,0,0,0,0,0,0,0,0,0,-36000,0,0,0,10000,46000,-36000,-36000
03635C,滬深2X元富99牛01,0,0,0,0,0,0,0,0,0,-36000,0,0,0,15000,51000,-36000,-36000
049338,台達電統一94購04,0,0,0,0,0,0,0,0,0,-36000,0,0,0,0,36000,-36000,-36000
047966,華通國泰94購01  ,0,0,0,0,0,0,0,0,0,-36000,0,0,0,112000,148000,-36000,-36000
050229,鴻海麥證94購02  ,0,0,0,10000,46000,-36000,0,0,0,-36000,0,0,0,10000,46000,-36000,-36000
053309,泰鼎凱基96購03  ,0,0,0,0,0,0,0,0,0,-36000,0,0,0,0,36000,-36000,-36000
052146,泰碩群益95購01  ,0,0,0,0,0,0,0,0,0,-36000,0,0,0,51000,87000,-36000,-36000
051662,大立光永昌96購03,0,0,0,0,0,0,0,0,0,-36000,0,0,0,0,36000,-36000,-36000
051969,世紀鋼永豐95購01,0,0,0,0,0,0,0,0,0,-36000,0,0,0,112000,148000,-36000,-36000
051085,鴻海元大95購03  ,0,0,0,0,0,0,0,0,0,-36000,0,0,0,10000,46000,-36000,-36000
05647P,聯發科國票97售02,0,0,0,0,0,0,0,0,0,-36000,0,0,0,36000,72000,-36000,-36000
055864,臺股指元大97購01,0,0,0,0,0,0,0,0,0,-36000,0,0,0,0,36000,-36000,-36000
054918,華新科凱基98購02,0,0,0,0,0,0,0,0,0,-36000,0,0,0,144000,180000,-36000,-36000
054644,A50正2群益9B購01,0,0,0,0,0,0,0,0,0,-36000,0,0,0,28000,64000,-36000,-36000
06734P,智邦凱基98售05  ,0,0,0,0,0,0,0,0,0,-36000,0,0,0,76000,112000,-36000,-36000
1455,集盛            ,18000,48000,-30000,0,0,0,0,0,0,-6000,0,6000,-6000,0,0,0,-36000
2022,聚亨            ,6000,37000,-31000,0,0,0,0,0,0,-5000,0,5000,-5000,0,0,0,-36000
6197,佳必琪          ,22000,53000,-31000,0,0,0,0,0,0,-5000,0,5000,-5000,0,0,0,-36000
3311,閎暉            ,11000,46000,-35000,0,0,0,0,0,0,-1000,0,1000,-1000,0,0,0,-36000
4526,東台            ,0,36000,-36000,0,0,0,0,0,0,0,0,0,0,0,0,0,-36000
056661,臺股指元大9A購08,0,0,0,0,0,0,0,0,0,-37000,0,0,0,30000,67000,-37000,-37000
05680P,聯發科元大96售12,0,0,0,0,0,0,0,0,0,-37000,0,0,0,368000,405000,-37000,-37000
057180,華新科元大99購08,0,0,0,0,0,0,0,0,0,-37000,0,0,0,148000,185000,-37000,-37000
057979,華新科永豐98購03,0,0,0,0,0,0,0,0,0,-37000,0,0,0,31000,68000,-37000,-37000
06393P,台積電元大97售27,0,0,0,0,0,0,0,0,0,-37000,0,0,0,8000,45000,-37000,-37000
048061,鴻海統一95購03  ,0,0,0,0,0,0,0,0,0,-37000,0,0,0,118000,155000,-37000,-37000
046792,京元電元富96購01,0,0,0,0,0,0,0,0,0,-37000,0,0,0,0,37000,-37000,-37000
04177P,富邦金元大94售01,0,0,0,0,0,0,0,0,0,-37000,0,0,0,6000,43000,-37000,-37000
04903P,全新永豐94售05  ,0,0,0,0,0,0,0,0,0,-37000,0,0,0,0,37000,-37000,-37000
050692,鴻海凱基96購04  ,0,0,0,0,0,0,0,0,0,-37000,0,0,0,0,37000,-37000,-37000
051260,鴻海永昌96購04  ,0,0,0,0,0,0,0,0,0,-37000,0,0,0,84000,121000,-37000,-37000
051266,國巨富邦99購01  ,0,0,0,0,0,0,0,0,0,-37000,0,0,0,8000,45000,-37000,-37000
052831,華固群益96購01  ,0,0,0,0,0,0,0,0,0,-37000,0,0,0,59000,96000,-37000,-37000
051384,康友群益95購01  ,0,0,0,0,0,0,0,0,0,-37000,0,0,0,90000,127000,-37000,-37000
054663,同欣電元大97購03,0,0,0,0,0,0,0,0,0,-37000,0,0,0,8000,45000,-37000,-37000
054573,漢唐元大98購01  ,0,0,0,0,0,0,0,0,0,-37000,0,0,0,0,37000,-37000,-37000
054386,鴻海統一98購03  ,0,0,0,0,0,0,0,0,0,-37000,0,0,0,0,37000,-37000,-37000
055249,大毅統一99購01  ,0,0,0,0,0,0,0,0,0,-37000,0,0,0,60000,97000,-37000,-37000
055588,瑞昱元大97購03  ,0,0,0,0,0,0,0,0,0,-37000,0,0,0,184000,221000,-37000,-37000
055746,同欣電元富97購01,0,0,0,0,0,0,0,0,0,-37000,0,0,0,23000,60000,-37000,-37000
3605,宏致            ,66000,96000,-30000,0,0,0,0,0,0,-7000,3000,10000,-7000,0,0,0,-37000
5225,東科-KY         ,66000,100000,-34000,0,0,0,0,0,0,-3000,0,3000,-3000,0,0,0,-37000
2816,旺旺保          ,11000,48000,-37000,0,0,0,0,0,0,0,1000,1000,0,0,0,0,-37000
3050,鈺德            ,11000,48000,-37000,0,0,0,0,0,0,0,0,0,0,0,0,0,-37000
1451,年興            ,1000,36000,-35000,0,0,0,0,0,0,-2000,0,2000,-2000,0,0,0,-37000
06073P,健策永豐97售01  ,0,0,0,0,0,0,0,0,0,-38000,0,0,0,209000,247000,-38000,-38000
06093P,華通元富97售03  ,0,0,0,0,0,0,0,0,0,-38000,0,0,0,152000,190000,-38000,-38000
057897,華通富邦99購01  ,0,0,0,0,0,0,0,0,0,-38000,0,0,0,102000,140000,-38000,-38000
058447,玉晶光富邦9A購02,0,0,0,0,0,0,0,0,0,-38000,0,0,0,0,38000,-38000,-38000
057130,全新凱基98購03  ,0,0,0,0,0,0,0,0,0,-38000,0,0,0,71000,109000,-38000,-38000
057105,致茂群益9A購01  ,0,0,0,0,0,0,0,0,0,-38000,0,0,0,148000,186000,-38000,-38000
052241,台郡國票96購01  ,0,0,0,0,0,0,0,0,0,-38000,0,0,0,0,38000,-38000,-38000
04826P,華新科麥證95售01,0,0,0,2000,40000,-38000,0,0,0,-38000,0,0,0,2000,40000,-38000,-38000
00700,富邦恒生國企    ,0,0,0,0,0,0,0,0,0,-38000,0,0,0,90000,128000,-38000,-38000
046528,聯詠中信94購01  ,0,0,0,0,0,0,0,0,0,-38000,0,0,0,20000,58000,-38000,-38000
050260,鴻海元大94購15  ,0,0,0,0,0,0,0,0,0,-38000,0,0,0,167000,205000,-38000,-38000
052779,欣興國票97購01  ,0,0,0,0,0,0,0,0,0,-38000,0,0,0,100000,138000,-38000,-38000
052154,緯創台新95購01  ,0,0,0,0,0,0,0,0,0,-38000,0,0,0,0,38000,-38000,-38000
050407,聯詠台新94購02  ,0,0,0,0,0,0,0,0,0,-38000,0,0,0,0,38000,-38000,-38000
054080,微星中信98購01  ,0,0,0,0,0,0,0,0,0,-38000,0,0,0,0,38000,-38000,-38000
050843,富邦金國票96購01,0,0,0,0,0,0,0,0,0,-38000,0,0,0,0,38000,-38000,-38000
051643,瑞昱康和95購01  ,0,0,0,0,0,0,0,0,0,-38000,0,0,0,121000,159000,-38000,-38000
051714,健鼎台新95購01  ,0,0,0,0,0,0,0,0,0,-38000,0,0,0,0,38000,-38000,-38000
053459,康控國泰97購01  ,0,0,0,0,0,0,0,0,0,-38000,0,0,0,87000,125000,-38000,-38000
053741,漢唐國票97購03  ,0,0,0,0,0,0,0,0,0,-38000,0,0,0,0,38000,-38000,-38000
056179,康友元富97購02  ,0,0,0,0,0,0,0,0,0,-38000,0,0,0,146000,184000,-38000,-38000
055487,國巨元大98購07  ,0,0,0,0,0,0,0,0,0,-38000,0,0,0,10000,48000,-38000,-38000
054330,世芯永豐96購02  ,0,0,0,0,0,0,0,0,0,-38000,0,0,0,78000,116000,-38000,-38000
054546,玉晶光中信9B購01,0,0,0,0,0,0,0,0,0,-38000,0,0,0,220000,258000,-38000,-38000
054602,聯詠台新97購01  ,0,0,0,0,0,0,0,0,0,-38000,0,0,0,0,38000,-38000,-38000
054769,創意國票98購01  ,0,0,0,0,0,0,0,0,0,-38000,0,0,0,0,38000,-38000,-38000
1325,恆大            ,331000,369000,-38000,0,0,0,0,0,0,0,0,0,0,0,0,0,-38000
2365,昆盈            ,40000,56000,-16000,0,0,0,0,0,0,-22000,0,22000,-22000,0,0,0,-38000
4137,麗豐-KY         ,86000,108000,-22000,0,0,0,0,0,0,-16000,1000,10000,-9000,2000,9000,-7000,-38000
3704,合勤控          ,265000,280000,-15000,0,0,0,0,0,0,-23000,1000,3000,-2000,0,21000,-21000,-38000
8404,百和興業-KY     ,32000,68000,-36000,0,0,0,0,0,0,-2000,4000,6000,-2000,0,0,0,-38000
057223,富邦金日盛99購01,0,0,0,0,0,0,0,0,0,-39000,0,0,0,11000,50000,-39000,-39000
057599,技嘉群益9A購01  ,0,0,0,0,0,0,0,0,0,-39000,0,0,0,22000,61000,-39000,-39000
057772,台積電群益99購01,0,0,0,0,0,0,0,0,0,-39000,0,0,0,509000,548000,-39000,-39000
058411,技嘉兆豐99購01  ,0,0,0,0,0,0,0,0,0,-39000,0,0,0,4000,43000,-39000,-39000
057971,華新科富邦9B購02,0,0,0,0,0,0,0,0,0,-39000,0,0,0,0,39000,-39000,-39000
04674P,全新統一95售01  ,0,0,0,0,0,0,0,0,0,-39000,0,0,0,0,39000,-39000,-39000
03951P,新光金凱基95售01,0,0,0,0,0,0,0,0,0,-39000,0,0,0,0,39000,-39000,-39000
049507,和大凱基94購01  ,0,0,0,0,0,0,0,0,0,-39000,0,0,0,0,39000,-39000,-39000
048576,義隆國泰95購01  ,0,0,0,0,0,0,0,0,0,-39000,0,0,0,179000,218000,-39000,-39000
04837P,華新科元大94售05,0,0,0,0,0,0,0,0,0,-39000,0,0,0,0,39000,-39000,-39000
049120,元油2X元富94購05,0,0,0,0,0,0,0,0,0,-39000,0,0,0,1000,40000,-39000,-39000
05403P,台積電富邦95售08,0,0,0,0,0,0,0,0,0,-39000,0,0,0,0,39000,-39000,-39000
05340P,臺股指國票95售08,0,0,0,0,0,0,0,0,0,-39000,0,0,0,1000,40000,-39000,-39000
052768,泰鼎群益96購01  ,0,0,0,0,0,0,0,0,0,-39000,0,0,0,72000,111000,-39000,-39000
05127P,鴻海亞東96售01  ,0,0,0,0,0,0,0,0,0,-39000,0,0,0,100000,139000,-39000,-39000
053264,南亞科群益96購01,0,0,0,0,0,0,0,0,0,-39000,0,0,0,57000,96000,-39000,-39000
05269P,臻鼎元大95售05  ,0,0,0,0,0,0,0,0,0,-39000,0,0,0,11000,50000,-39000,-39000
054926,神達凱基98購01  ,0,0,0,0,0,0,0,0,0,-39000,0,0,0,18000,57000,-39000,-39000
054843,中環兆豐97購01  ,0,0,0,0,0,0,0,0,0,-39000,0,0,0,0,39000,-39000,-39000
054671,國巨國泰98購01  ,0,0,0,0,0,0,0,0,0,-39000,0,0,0,44000,83000,-39000,-39000
05655P,南亞科統一96售01,0,0,0,0,0,0,0,0,0,-39000,0,0,0,0,39000,-39000,-39000
055235,金寶台新98購01  ,0,0,0,0,0,0,0,0,0,-39000,0,0,0,0,39000,-39000,-39000
055204,宏達電中信99購01,0,0,0,0,0,0,0,0,0,-39000,0,0,0,0,39000,-39000,-39000
055106,台積電凱基98購05,0,0,0,0,0,0,0,0,0,-39000,0,0,0,0,39000,-39000,-39000
055040,台虹富邦99購01  ,0,0,0,0,0,0,0,0,0,-39000,0,0,0,0,39000,-39000,-39000
053809,上銀群益96購02  ,0,0,0,0,0,0,0,0,0,-39000,0,0,0,49000,88000,-39000,-39000
056241,緯創群益97購01  ,0,0,0,0,0,0,0,0,0,-39000,0,0,0,1000,40000,-39000,-39000
5519,隆大            ,19000,56000,-37000,0,0,0,0,0,0,-2000,0,2000,-2000,0,0,0,-39000
2911,麗嬰房          ,1000,37000,-36000,0,0,0,0,0,0,-3000,0,3000,-3000,0,0,0,-39000
2607,榮運            ,117000,146000,-29000,0,0,0,0,0,0,-10000,0,10000,-10000,0,0,0,-39000
1617,榮星            ,0,35000,-35000,0,0,0,0,0,0,-4000,0,4000,-4000,0,0,0,-39000
06625P,華新科統一98售03,0,0,0,0,0,0,0,0,0,-39000,0,0,0,5000,44000,-39000,-39000
4552,力達-KY         ,4000,41360,-37360,0,0,0,0,0,0,-2000,0,2000,-2000,0,0,0,-39360
057876,隆達元大98購01  ,0,0,0,0,0,0,0,0,0,-40000,0,0,0,0,40000,-40000,-40000
058445,旺宏富邦9C購01  ,0,0,0,0,0,0,0,0,0,-40000,0,0,0,0,40000,-40000,-40000
058230,國巨元大99購11  ,0,0,0,0,0,0,0,0,0,-40000,0,0,0,0,40000,-40000,-40000
06016P,京元電凱基96售03,0,0,0,0,0,0,0,0,0,-40000,0,0,0,0,40000,-40000,-40000
06113P,台積電群益97售01,0,0,0,0,0,0,0,0,0,-40000,0,0,0,232000,272000,-40000,-40000
05910P,力山永豐96售02  ,0,0,0,0,0,0,0,0,0,-40000,0,0,0,0,40000,-40000,-40000
058547,世紀鋼富邦9A購01,0,0,0,0,0,0,0,0,0,-40000,0,0,0,0,40000,-40000,-40000
06198P,台積電元大98售06,0,0,0,0,0,0,0,0,0,-40000,0,0,0,931000,971000,-40000,-40000
057723,臺股指元富98購02,0,0,0,0,0,0,0,0,0,-40000,0,0,0,0,40000,-40000,-40000
057673,臻鼎元大98購01  ,0,0,0,0,0,0,0,0,0,-40000,0,0,0,0,40000,-40000,-40000
05764P,世紀鋼永豐96售03,0,0,0,0,0,0,0,0,0,-40000,0,0,0,20000,60000,-40000,-40000
057637,上銀元大98購07  ,0,0,0,0,0,0,0,0,0,-40000,0,0,0,33000,73000,-40000,-40000
057100,國巨中信9A購02  ,0,0,0,0,0,0,0,0,0,-40000,0,0,0,0,40000,-40000,-40000
057087,台郡統一99購01  ,0,0,0,0,0,0,0,0,0,-40000,0,0,0,0,40000,-40000,-40000
057133,京鼎凱基98購02  ,0,0,0,0,0,0,0,0,0,-40000,0,0,0,0,40000,-40000,-40000
056794,上銀麥證98購01  ,0,0,0,0,40000,-40000,0,0,0,-40000,0,0,0,0,40000,-40000,-40000
056873,友達凱基98購07  ,0,0,0,0,0,0,0,0,0,-40000,0,0,0,0,40000,-40000,-40000
056891,國巨元大99購03  ,0,0,0,0,0,0,0,0,0,-40000,0,0,0,4000,44000,-40000,-40000
04863P,技嘉元大94售02  ,0,0,0,0,0,0,0,0,0,-40000,0,0,0,0,40000,-40000,-40000
052215,樺漢元大96購02  ,0,0,0,0,0,0,0,0,0,-40000,0,0,0,4000,44000,-40000,-40000
052070,GIS兆豐95購03   ,0,0,0,0,0,0,0,0,0,-40000,0,0,0,0,40000,-40000,-40000
050134,世紀鋼凱基94購04,0,0,0,0,0,0,0,0,0,-40000,0,0,0,0,40000,-40000,-40000
049719,義隆凱基94購03  ,0,0,0,0,0,0,0,0,0,-40000,0,0,0,0,40000,-40000,-40000
03612C,臺股指元大95牛01,0,0,0,0,0,0,0,0,0,-40000,0,0,0,0,40000,-40000,-40000
04165P,南亞科元富95售03,0,0,0,0,0,0,0,0,0,-40000,0,0,0,0,40000,-40000,-40000
044927,聯詠國泰94購01  ,0,0,0,0,0,0,0,0,0,-40000,0,0,0,0,40000,-40000,-40000
03444P,道瓊銀群益02售04,0,0,0,0,0,0,0,0,0,-40000,0,0,0,0,40000,-40000,-40000
04271P,南亞科國票93售03,0,0,0,0,0,0,0,0,0,-40000,0,0,0,0,40000,-40000,-40000
047487,南電凱基94購01  ,0,0,0,0,0,0,0,0,0,-40000,0,0,0,11000,51000,-40000,-40000
04745P,祥碩元大94售04  ,0,0,0,0,0,0,0,0,0,-40000,0,0,0,0,40000,-40000,-40000
04735P,聯茂兆豐94售01  ,0,0,0,0,0,0,0,0,0,-40000,0,0,0,0,40000,-40000,-40000
049402,奇鋐群益95購02  ,0,0,0,0,0,0,0,0,0,-40000,0,0,0,0,40000,-40000,-40000
048010,嘉聯益富邦97購01,0,0,0,0,0,0,0,0,0,-40000,0,0,0,50000,90000,-40000,-40000
04598P,光罩凱基94售03  ,0,0,0,0,0,0,0,0,0,-40000,0,0,0,16000,56000,-40000,-40000
053275,燿華元大97購01  ,0,0,0,0,0,0,0,0,0,-40000,0,0,0,20000,60000,-40000,-40000
053229,南電台新97購01  ,0,0,0,0,0,0,0,0,0,-40000,0,0,0,142000,182000,-40000,-40000
052792,大立光兆豐96購01,0,0,0,0,0,0,0,0,0,-40000,0,0,0,0,40000,-40000,-40000
052899,和大國票97購01  ,0,0,0,0,0,0,0,0,0,-40000,0,0,0,0,40000,-40000,-40000
052944,宏達電國票97購01,0,0,0,0,0,0,0,0,0,-40000,0,0,0,40000,80000,-40000,-40000
052744,聯詠元大97購01  ,0,0,0,0,0,0,0,0,0,-40000,0,0,0,0,40000,-40000,-40000
050508,上証2X元大97購01,0,0,0,0,0,0,0,0,0,-40000,0,0,0,0,40000,-40000,-40000
052669,群創群益98購06  ,0,0,0,0,0,0,0,0,0,-40000,0,0,0,50000,90000,-40000,-40000
051357,可成元大95購05  ,0,0,0,0,0,0,0,0,0,-40000,0,0,0,0,40000,-40000,-40000
052499,合勤控永豐95購01,0,0,0,0,0,0,0,0,0,-40000,0,0,0,0,40000,-40000,-40000
055414,奇力新富邦9B購01,0,0,0,0,0,0,0,0,0,-40000,0,0,0,0,40000,-40000,-40000
05155P,聯發科兆豐95售03,0,0,0,0,0,0,0,0,0,-40000,0,0,0,0,40000,-40000,-40000
054233,聯發科群益96購04,0,0,0,0,0,0,0,0,0,-40000,0,0,0,10000,50000,-40000,-40000
051898,富邦金國泰97購01,0,0,0,0,0,0,0,0,0,-40000,0,0,0,0,40000,-40000,-40000
050951,緯創群益96購01  ,0,0,0,0,0,0,0,0,0,-40000,0,0,0,0,40000,-40000,-40000
051082,上証2X元大98購01,0,0,0,0,0,0,0,0,0,-40000,0,0,0,10000,50000,-40000,-40000
051011,國巨凱基95購03  ,0,0,0,0,0,0,0,0,0,-40000,0,0,0,87000,127000,-40000,-40000
051003,中環中信97購01  ,0,0,0,0,0,0,0,0,0,-40000,0,0,0,0,40000,-40000,-40000
05603P,聯發科元大96售09,0,0,0,0,0,0,0,0,0,-40000,0,0,0,384000,424000,-40000,-40000
053852,南亞科國泰98購01,0,0,0,0,0,0,0,0,0,-40000,0,0,0,75000,115000,-40000,-40000
05609P,國泰金凱基96售01,0,0,0,0,0,0,0,0,0,-40000,0,0,0,0,40000,-40000,-40000
053574,奇力新元富99購01,0,0,0,0,0,0,0,0,0,-40000,0,0,0,60000,100000,-40000,-40000
05369P,可成元富95售04  ,0,0,0,0,0,0,0,0,0,-40000,0,0,0,8000,48000,-40000,-40000
055642,廣宇元富97購01  ,0,0,0,0,0,0,0,0,0,-40000,0,0,0,10000,50000,-40000,-40000
05509P,智邦元富96售02  ,0,0,0,0,0,0,0,0,0,-40000,0,0,0,0,40000,-40000,-40000
055365,華通元大97購03  ,0,0,0,0,0,0,0,0,0,-40000,0,0,0,105000,145000,-40000,-40000
055443,台虹國票98購01  ,0,0,0,0,0,0,0,0,0,-40000,0,0,0,30000,70000,-40000,-40000
055347,台積電凱基97購10,0,0,0,0,0,0,0,0,0,-40000,0,0,0,68000,108000,-40000,-40000
056540,聯詠凱基98購02  ,0,0,0,0,0,0,0,0,0,-40000,0,0,0,72000,112000,-40000,-40000
054289,聯發科元大97購11,0,0,0,0,0,0,0,0,0,-40000,0,0,0,0,40000,-40000,-40000
2929,淘帝-KY         ,104000,146000,-42000,0,0,0,0,0,0,2000,2000,0,2000,0,0,0,-40000
2362,藍天            ,78000,79000,-1000,0,0,0,0,0,0,-39000,0,39000,-39000,0,0,0,-40000
06676P,華新科國票98售03,0,0,0,0,0,0,0,0,0,-40000,0,0,0,38000,78000,-40000,-40000
06943P,致茂元富98售03  ,0,0,0,0,0,0,0,0,0,-40000,0,0,0,10000,50000,-40000,-40000
056719,台虹永豐98購01  ,0,0,0,0,0,0,0,0,0,-41000,0,0,0,0,41000,-41000,-41000
057192,力成元大98購01  ,0,0,0,0,0,0,0,0,0,-41000,0,0,0,0,41000,-41000,-41000
06465P,國巨統一98售04  ,0,0,0,0,0,0,0,0,0,-41000,0,0,0,0,41000,-41000,-41000
05912P,和大元大96售01  ,0,0,0,0,0,0,0,0,0,-41000,0,0,0,0,41000,-41000,-41000
06145P,華新科永豐97售02,0,0,0,0,0,0,0,0,0,-41000,0,0,0,190000,231000,-41000,-41000
058355,旺宏凱基99購04  ,0,0,0,0,0,0,0,0,0,-41000,0,0,0,10000,51000,-41000,-41000
04051P,友達中信94售02  ,0,0,0,0,0,0,0,0,0,-41000,0,0,0,0,41000,-41000,-41000
050841,國巨國票96購02  ,0,0,0,0,0,0,0,0,0,-41000,0,0,0,29000,70000,-41000,-41000
054192,國巨中信98購01  ,0,0,0,0,0,0,0,0,0,-41000,0,0,0,6000,47000,-41000,-41000
051381,玉晶光群益98購01,0,0,0,0,0,0,0,0,0,-41000,0,0,0,50000,91000,-41000,-41000
053112,中磊兆豐97購01  ,0,0,0,0,0,0,0,0,0,-41000,0,0,0,34000,75000,-41000,-41000
055880,神達元富97購02  ,0,0,0,0,0,0,0,0,0,-41000,0,0,0,10000,51000,-41000,-41000
06935P,神達元大98售02  ,0,0,0,0,0,0,0,0,0,-41000,0,0,0,9000,50000,-41000,-41000
06690P,玉晶光群益9A售05,0,0,0,0,0,0,0,0,0,-41000,0,0,0,13000,54000,-41000,-41000
1437,勤益控          ,3000,44000,-41000,0,0,0,0,0,0,0,0,0,0,0,0,0,-41000
1231,聯華食          ,4000,45000,-41000,0,0,0,0,0,0,0,0,0,0,0,0,0,-41000
2374,佳能            ,0,17000,-17000,0,0,0,0,0,0,-24000,0,24000,-24000,0,0,0,-41000
2425,承啟            ,201000,242000,-41000,0,0,0,0,0,0,0,1000,1000,0,0,0,0,-41000
2478,大毅            ,346000,368000,-22000,0,0,0,0,0,0,-19000,0,0,0,10000,29000,-19000,-41000
5243,乙盛-KY         ,106000,139000,-33000,0,0,0,0,0,0,-8000,0,8000,-8000,0,0,0,-41000
058385,創意中信99購01  ,0,0,0,0,0,0,0,0,0,-42000,0,0,0,0,42000,-42000,-42000
06066P,群創台新98售01  ,0,0,0,0,0,0,0,0,0,-42000,0,0,0,0,42000,-42000,-42000
05927P,正文永豐96售03  ,0,0,0,0,0,0,0,0,0,-42000,0,0,0,0,42000,-42000,-42000
057150,貿聯國票99購02  ,0,0,0,0,0,0,0,0,0,-42000,0,0,0,0,42000,-42000,-42000
056958,喬山永豐98購01  ,0,450000,-450000,0,0,0,0,0,0,408000,0,0,0,477000,69000,408000,-42000
057688,國巨凱基99購07  ,0,0,0,0,0,0,0,0,0,-42000,0,0,0,10000,52000,-42000,-42000
045054,聯發科元富98購02,0,0,0,0,0,0,0,0,0,-42000,0,0,0,26000,68000,-42000,-42000
049451,富邦金統一94購03,0,0,0,0,0,0,0,0,0,-42000,0,0,0,16000,58000,-42000,-42000
051152,鴻海國泰97購01  ,0,0,0,0,0,0,0,0,0,-42000,0,0,0,0,42000,-42000,-42000
050327,泰鼎永豐94購03  ,0,0,0,0,0,0,0,0,0,-42000,0,0,0,10000,52000,-42000,-42000
053283,同欣電元大96購03,0,0,0,0,0,0,0,0,0,-42000,0,0,0,8000,50000,-42000,-42000
050282,T50反1凱基97購01,0,0,0,0,0,0,0,0,0,-42000,0,0,0,145000,187000,-42000,-42000
05231P,GIS群益95售03   ,0,0,0,0,0,0,0,0,0,-42000,0,0,0,13000,55000,-42000,-42000
054352,世芯國泰98購01  ,0,0,0,0,0,0,0,0,0,-42000,0,0,0,61000,103000,-42000,-42000
05145P,道瓊反元大98售01,0,0,0,0,0,0,0,0,0,-42000,0,0,0,0,42000,-42000,-42000
055801,景碩永豐97購02  ,0,0,0,0,0,0,0,0,0,-42000,0,0,0,0,42000,-42000,-42000
053558,訊芯凱基96購02  ,0,0,0,0,0,0,0,0,0,-42000,0,0,0,26000,68000,-42000,-42000
056478,晶技元大99購01  ,0,0,0,0,0,0,0,0,0,-42000,0,0,0,237000,279000,-42000,-42000
054741,亞光凱基99購01  ,0,0,0,0,0,0,0,0,0,-42000,0,0,0,0,42000,-42000,-42000
055562,欣興凱基97購06  ,0,0,0,0,0,0,0,0,0,-42000,0,0,0,26000,68000,-42000,-42000
6141,柏承            ,55000,96000,-41000,0,0,0,0,0,0,-1000,0,1000,-1000,0,0,0,-42000
05777P,台積電統一96售04,0,0,0,0,0,0,0,0,0,-43000,0,0,0,0,43000,-43000,-43000
056631,臺股指永豐98購03,0,0,0,0,0,0,0,0,0,-43000,0,0,0,0,43000,-43000,-43000
06048P,大立光富邦96售05,0,0,0,0,0,0,0,0,0,-43000,0,0,0,0,43000,-43000,-43000
06552P,茂林元大99售02  ,0,0,0,0,0,0,0,0,0,-43000,0,0,0,16000,59000,-43000,-43000
06566P,華通永豐98售03  ,0,0,0,0,0,0,0,0,0,-43000,0,0,0,0,43000,-43000,-43000
058313,台積電富邦9B購04,0,0,0,0,0,0,0,0,0,-43000,0,0,0,56000,99000,-43000,-43000
050319,康控國票95購04  ,0,0,0,0,0,0,0,0,0,-43000,0,0,0,0,43000,-43000,-43000
052250,光磊永豐95購01  ,0,0,0,0,0,0,0,0,0,-43000,0,0,0,0,43000,-43000,-43000
048634,華通元大94購01  ,0,0,0,0,0,0,0,0,0,-43000,0,0,0,97000,140000,-43000,-43000
048500,樺漢元大93購03  ,0,0,0,0,0,0,0,0,0,-43000,0,0,0,138000,181000,-43000,-43000
04751P,智邦兆豐95售02  ,0,0,0,0,0,0,0,0,0,-43000,0,0,0,31000,74000,-43000,-43000
052523,奇力新元大97購01,0,0,0,0,0,0,0,0,0,-43000,0,0,0,30000,73000,-43000,-43000
050553,緯穎凱基94購06  ,0,0,0,0,0,0,0,0,0,-43000,0,0,0,4000,47000,-43000,-43000
052875,樺漢凱基96購02  ,0,0,0,0,0,0,0,0,0,-43000,0,0,0,0,43000,-43000,-43000
055361,樺漢凱基97購01  ,0,0,0,0,0,0,0,0,0,-43000,0,0,0,100000,143000,-43000,-43000
056340,可成凱基98購04  ,0,0,0,0,0,0,0,0,0,-43000,0,0,0,70000,113000,-43000,-43000
056059,美律元大98購02  ,0,0,0,0,0,0,0,0,0,-43000,0,0,0,20000,63000,-43000,-43000
4976,佳凌            ,29000,68000,-39000,0,0,0,0,0,0,-4000,0,4000,-4000,0,0,0,-43000
07005P,台積電統一9B售05,0,0,0,0,0,0,0,0,0,-43000,0,0,0,77000,120000,-43000,-43000
2029,盛餘            ,1000,41000,-40000,0,0,0,0,0,0,-3000,0,3000,-3000,0,0,0,-43000
058328,世紀鋼統一9B購01,0,0,0,0,0,0,0,0,0,-44000,0,0,0,1000,45000,-44000,-44000
058238,奇鋐元大99購02  ,0,0,0,0,0,0,0,0,0,-44000,0,0,0,170000,214000,-44000,-44000
058127,FBVIX元大9C購01 ,0,0,0,0,0,0,0,0,0,-44000,0,0,0,26000,70000,-44000,-44000
056997,台灣50康和9A購02,0,0,0,0,0,0,0,0,0,-44000,0,0,0,0,44000,-44000,-44000
047408,嘉晶統一95購01  ,0,0,0,0,0,0,0,0,0,-44000,0,0,0,114000,158000,-44000,-44000
04506P,旺宏元大94售06  ,0,0,0,0,0,0,0,0,0,-44000,0,0,0,6000,50000,-44000,-44000
052260,為升富邦97購02  ,0,0,0,0,0,0,0,0,0,-44000,0,0,0,140000,184000,-44000,-44000
050604,上証2X永昌94購01,0,0,0,0,0,0,0,0,0,-44000,0,0,0,10000,54000,-44000,-44000
051968,勤誠永豐95購01  ,0,0,0,0,0,0,0,0,0,-44000,0,0,0,40000,84000,-44000,-44000
051974,華新科凱基96購05,0,0,0,0,0,0,0,0,0,-44000,0,0,0,95000,139000,-44000,-44000
055369,友訊元大97購01  ,0,0,0,0,0,0,0,0,0,-44000,0,0,0,42000,86000,-44000,-44000
051577,台積電元大97購03,0,0,0,0,0,0,0,0,0,-44000,0,0,0,15000,59000,-44000,-44000
053900,T50反1日盛99購01,0,0,0,0,0,0,0,0,0,-44000,0,0,0,1357000,1401000,-44000,-44000
053707,A50正2凱基99購02,0,0,0,0,0,0,0,0,0,-44000,0,0,0,86000,130000,-44000,-44000
055888,鴻海統一97購04  ,0,0,0,0,0,0,0,0,0,-44000,0,0,0,0,44000,-44000,-44000
05657P,樺漢統一97售01  ,0,0,0,0,0,0,0,0,0,-44000,0,0,0,0,44000,-44000,-44000
05485P,旺宏凱基95售08  ,0,0,0,0,0,0,0,0,0,-44000,0,0,0,38000,82000,-44000,-44000
4916,事欣科          ,3000,44000,-41000,0,0,0,0,0,0,-3000,0,3000,-3000,0,0,0,-44000
3028,增你強          ,19000,58000,-39000,0,0,0,0,0,0,-5000,0,5000,-5000,0,0,0,-44000
9925,新保            ,3000,38000,-35000,0,0,0,0,0,0,-9000,0,9000,-9000,0,0,0,-44000
5525,順天            ,5000,49413,-44413,0,0,0,0,0,0,0,1000,1000,0,0,0,0,-44413
057221,華通國票98購03  ,0,0,0,0,0,0,0,0,0,-45000,0,0,0,59000,104000,-45000,-45000
058117,元石油群益9B購02,0,0,0,0,0,0,0,0,0,-45000,0,0,0,0,45000,-45000,-45000
058052,南電元大98購02  ,0,0,0,0,0,0,0,0,0,-45000,0,0,0,8000,53000,-45000,-45000
04907P,超眾國票95售01  ,0,0,0,0,0,0,0,0,0,-45000,0,0,0,0,45000,-45000,-45000
049653,緯穎凱基94購03  ,0,0,0,0,0,0,0,0,0,-45000,0,0,0,0,45000,-45000,-45000
049688,台光電元大94購04,0,0,0,0,0,0,0,0,0,-45000,0,0,0,14000,59000,-45000,-45000
048305,深100凱基96購01 ,0,0,0,0,0,0,0,0,0,-45000,0,0,0,0,45000,-45000,-45000
049582,台積電元大95購03,0,0,0,0,0,0,0,0,0,-45000,0,0,0,367000,412000,-45000,-45000
047389,義隆元大94購01  ,0,0,0,0,0,0,0,0,0,-45000,0,0,0,0,45000,-45000,-45000
046855,嘉晶元大94購01  ,0,0,0,0,0,0,0,0,0,-45000,0,0,0,10000,55000,-45000,-45000
04809P,台光電群益94售04,0,0,0,0,0,0,0,0,0,-45000,0,0,0,55000,100000,-45000,-45000
050722,聯電國票96購01  ,0,0,0,0,0,0,0,0,0,-45000,0,0,0,0,45000,-45000,-45000
054053,聯茂元大96購01  ,0,0,0,0,0,0,0,0,0,-45000,0,0,0,0,45000,-45000,-45000
051996,康友元大95購01  ,0,0,0,0,0,0,0,0,0,-45000,0,0,0,5000,50000,-45000,-45000
051907,台積電元大97購05,0,0,0,0,0,0,0,0,0,-45000,0,0,0,24000,69000,-45000,-45000
053280,群創元大9C購01  ,0,0,0,0,0,0,0,0,0,-45000,0,0,0,65000,110000,-45000,-45000
05129P,鴻海兆豐95售02  ,0,0,0,0,0,0,0,0,0,-45000,0,0,0,0,45000,-45000,-45000
054281,世芯群益97購01  ,0,0,0,0,0,0,0,0,0,-45000,0,0,0,50000,95000,-45000,-45000
054683,川湖永豐97購01  ,0,0,0,0,0,0,0,0,0,-45000,0,0,0,0,45000,-45000,-45000
056212,台光電國票98購03,0,0,0,0,0,0,0,0,0,-45000,0,0,0,0,45000,-45000,-45000
057969,緯穎國泰99購01  ,0,0,0,0,0,0,0,0,0,-46000,0,0,0,220000,266000,-46000,-46000
06032P,健策群益97售03  ,0,0,0,0,0,0,0,0,0,-46000,0,0,0,0,46000,-46000,-46000
057211,鴻海群益98購05  ,0,0,0,0,0,0,0,0,0,-46000,0,0,0,123000,169000,-46000,-46000
057039,元油2X元大9B購07,0,0,0,0,0,0,0,0,0,-46000,0,0,0,4000,50000,-46000,-46000
057478,智邦元大99購01  ,0,0,0,0,0,0,0,0,0,-46000,0,0,0,175000,221000,-46000,-46000
049393,世紀鋼第一94購01,0,0,0,0,0,0,0,0,0,-46000,0,0,0,0,46000,-46000,-46000
00710B,FH彭博高收益債  ,0,0,0,0,0,0,0,0,0,-46000,0,0,0,0,46000,-46000,-46000
049046,同欣電兆豐94購01,0,0,0,0,0,0,0,0,0,-46000,0,0,0,0,46000,-46000,-46000
052079,康友元富98購01  ,0,0,0,0,0,0,0,0,0,-46000,0,0,0,173000,219000,-46000,-46000
05120P,聯發科國泰97售01,0,0,0,0,0,0,0,0,0,-46000,0,0,0,20000,66000,-46000,-46000
050346,康友元富94購03  ,0,0,0,0,0,0,0,0,0,-46000,0,0,0,52000,98000,-46000,-46000
05264P,微星元大95售02  ,0,0,0,0,0,0,0,0,0,-46000,0,0,0,15000,61000,-46000,-46000
052898,樺漢群益96購01  ,0,0,0,0,0,0,0,0,0,-46000,0,0,0,0,46000,-46000,-46000
051840,康友國泰97購02  ,0,0,0,0,0,0,0,0,0,-46000,0,0,0,272000,318000,-46000,-46000
05400P,台積電永豐95售05,0,0,0,0,0,0,0,0,0,-46000,0,0,0,246000,292000,-46000,-46000
05073P,臺股指中信95售09,0,0,0,0,0,0,0,0,0,-46000,0,0,0,4000,50000,-46000,-46000
056233,超眾凱基97購02  ,0,0,0,0,0,0,0,0,0,-46000,0,0,0,0,46000,-46000,-46000
056242,緯創群益9A購01  ,0,0,0,0,0,0,0,0,0,-46000,0,0,0,80000,126000,-46000,-46000
055787,聯茂凱基99購01  ,0,0,0,0,0,0,0,0,0,-46000,0,0,0,63000,109000,-46000,-46000
6277,宏正            ,18000,59000,-41000,0,0,0,0,0,0,-5000,0,5000,-5000,0,0,0,-46000
2420,新巨            ,11000,49000,-38000,0,0,0,0,0,0,-8000,0,8000,-8000,0,0,0,-46000
2013,中鋼構          ,19000,65000,-46000,0,0,0,0,0,0,0,0,0,0,0,0,0,-46000
1340,勝悅-KY         ,13000,54494,-41494,0,0,0,0,0,0,-5000,0,5000,-5000,0,0,0,-46494
057456,道瓊銀富邦9C購01,0,0,0,0,0,0,0,0,0,-47000,0,0,0,0,47000,-47000,-47000
057378,康友元大98購02  ,0,0,0,0,0,0,0,0,0,-47000,0,0,0,189000,236000,-47000,-47000
056732,國巨凱基98購07  ,0,0,0,0,0,0,0,0,0,-47000,0,0,0,31000,78000,-47000,-47000
05972P,瑞昱元大96售01  ,0,0,0,0,0,0,0,0,0,-47000,0,0,0,28000,75000,-47000,-47000
06467P,旺宏統一98售01  ,0,0,0,0,0,0,0,0,0,-47000,0,0,0,0,47000,-47000,-47000
06406P,可成元富97售04  ,0,0,0,0,0,0,0,0,0,-47000,0,0,0,18000,65000,-47000,-47000
057986,華新科元富99購05,0,0,0,0,0,0,0,0,0,-47000,0,0,0,21000,68000,-47000,-47000
057922,華新科凱基99購01,0,0,0,0,0,0,0,0,0,-47000,0,0,0,283000,330000,-47000,-47000
054098,嘉晶國票97購04  ,0,0,0,0,0,0,0,0,0,-47000,0,0,0,0,47000,-47000,-47000
050632,國巨群益94購07  ,0,0,0,0,0,0,0,0,0,-47000,0,0,0,89000,136000,-47000,-47000
051410,京元電國票96購01,0,0,0,0,0,0,0,0,0,-47000,0,0,0,328000,375000,-47000,-47000
053137,旺宏富邦98購01  ,0,0,0,0,0,0,0,0,0,-47000,0,0,0,3000,50000,-47000,-47000
052633,國巨凱基96購05  ,0,0,0,0,0,0,0,0,0,-47000,0,0,0,21000,68000,-47000,-47000
2206,三陽工業        ,92000,131000,-39000,0,0,0,0,0,0,-8000,0,8000,-8000,0,0,0,-47000
06703P,新日興元富98售02,0,0,0,0,0,0,0,0,0,-47000,0,0,0,79000,126000,-47000,-47000
2351,順德            ,24000,44000,-20000,0,0,0,0,0,0,-27000,0,27000,-27000,0,0,0,-47000
9911,櫻花            ,205000,253924,-48924,0,0,0,0,0,0,1000,2000,1000,1000,0,0,0,-47924
058235,大立光元大99購08,0,0,0,0,0,0,0,0,0,-48000,0,0,0,1000,49000,-48000,-48000
06569P,可成永豐98售01  ,0,0,0,0,0,0,0,0,0,-48000,0,0,0,0,48000,-48000,-48000
06133P,帆宣元富97售02  ,1000,0,1000,0,0,0,0,0,0,-49000,0,0,0,0,49000,-49000,-48000
056677,智伸科元富98購01,0,0,0,0,0,0,0,0,0,-48000,0,0,0,0,48000,-48000,-48000
057294,台灣50永豐99購01,0,0,0,0,0,0,0,0,0,-48000,0,0,0,0,48000,-48000,-48000
050339,鴻海統一94購06  ,0,0,0,0,0,0,0,0,0,-48000,0,0,0,0,48000,-48000,-48000
052013,台積電永豐95購04,0,0,0,0,0,0,0,0,0,-48000,0,0,0,221000,269000,-48000,-48000
04841P,群創元大94售04  ,0,0,0,0,0,0,0,0,0,-48000,0,0,0,63000,111000,-48000,-48000
048527,鴻海國票94購02  ,0,0,0,0,0,0,0,0,0,-48000,0,0,0,62000,110000,-48000,-48000
00714,群益道瓊美國地產,0,20000,-20000,0,0,0,0,0,0,-28000,0,0,0,40000,68000,-28000,-48000
050385,貿聯國票95購02  ,0,0,0,0,0,0,0,0,0,-48000,0,0,0,0,48000,-48000,-48000
052461,和大統一95購01  ,0,0,0,0,0,0,0,0,0,-48000,0,0,0,0,48000,-48000,-48000
051341,訊連永豐95購02  ,0,0,0,0,0,0,0,0,0,-48000,0,0,0,0,48000,-48000,-48000
053117,大立光中信9A購02,0,0,0,0,0,0,0,0,0,-48000,0,0,0,0,48000,-48000,-48000
053052,旺宏國票97購02  ,0,0,0,0,0,0,0,0,0,-48000,0,0,0,23000,71000,-48000,-48000
050560,聯詠統一94購02  ,0,0,0,0,0,0,0,0,0,-48000,0,0,0,0,48000,-48000,-48000
050227,大立光中信96購01,0,0,0,0,0,0,0,0,0,-48000,0,0,0,0,48000,-48000,-48000
052847,漢唐統一99購01  ,0,0,0,0,0,0,0,0,0,-48000,0,0,0,0,48000,-48000,-48000
053987,宏碁亞東96購01  ,0,0,0,0,0,0,0,0,0,-48000,0,0,0,0,48000,-48000,-48000
054339,聯詠統一96購02  ,0,0,0,0,0,0,0,0,0,-48000,0,0,0,0,48000,-48000,-48000
055753,貿聯第一98購01  ,0,0,0,0,0,0,0,0,0,-48000,0,0,0,2000,50000,-48000,-48000
056260,鴻海統一98購07  ,0,0,0,0,0,0,0,0,0,-48000,0,0,0,0,48000,-48000,-48000
056198,台光電永豐97購02,0,0,0,0,0,0,0,0,0,-48000,0,0,0,50000,98000,-48000,-48000
056373,上銀統一99購02  ,0,0,0,0,0,0,0,0,0,-48000,0,0,0,0,48000,-48000,-48000
056421,鴻海統一98購08  ,0,0,0,0,0,0,0,0,0,-48000,0,0,0,0,48000,-48000,-48000
053841,美律統一96購01  ,0,0,0,0,0,0,0,0,0,-48000,0,0,0,0,48000,-48000,-48000
054530,台光電國泰97購03,0,0,0,0,0,0,0,0,0,-48000,0,0,0,12000,60000,-48000,-48000
055261,帆宣統一98購01  ,0,0,0,0,0,0,0,0,0,-48000,0,0,0,3000,51000,-48000,-48000
055513,旺宏亞東98購01  ,0,0,0,0,0,0,0,0,0,-48000,0,0,0,0,48000,-48000,-48000
055171,凱美統一97購01  ,0,0,0,0,0,0,0,0,0,-48000,0,0,0,0,48000,-48000,-48000
055088,聯詠亞東97購01  ,0,0,0,0,0,0,0,0,0,-48000,0,0,0,0,48000,-48000,-48000
3149,正達            ,1000,49000,-48000,0,0,0,0,0,0,0,0,0,0,0,0,0,-48000
06802P,緯穎群益98售03  ,0,0,0,0,0,0,0,0,0,-48000,0,0,0,23000,71000,-48000,-48000
057533,晶相光元大98購02,0,0,0,0,0,0,0,0,0,-49000,0,0,0,88000,137000,-49000,-49000
056738,國巨凱基9A購02  ,0,0,0,0,0,0,0,0,0,-49000,0,0,0,21000,70000,-49000,-49000
056936,禾伸堂元富98購01,0,0,0,0,0,0,0,0,0,-49000,0,0,0,23000,72000,-49000,-49000
04599P,南亞科凱基94售03,0,0,0,0,0,0,0,0,0,-49000,0,0,0,0,49000,-49000,-49000
04859P,台達電群益94售04,0,0,0,0,0,0,0,0,0,-49000,0,0,0,0,49000,-49000,-49000
049565,楠梓電統一94購01,0,0,0,0,0,0,0,0,0,-49000,0,0,0,0,49000,-49000,-49000
050343,鴻海元富94購01  ,0,0,0,0,0,0,0,0,0,-49000,0,0,0,21000,70000,-49000,-49000
054376,聯茂中信97購01  ,0,0,0,0,0,0,0,0,0,-49000,0,0,0,228000,277000,-49000,-49000
054178,中磊台新97購01  ,0,0,0,0,0,0,0,0,0,-49000,0,0,0,2000,51000,-49000,-49000
051755,台積電元大96購08,0,0,0,0,0,0,0,0,0,-49000,0,0,0,31000,80000,-49000,-49000
050590,晶技永豐95購01  ,0,0,0,0,0,0,0,0,0,-49000,0,0,0,71000,120000,-49000,-49000
052168,鴻海元大96購10  ,0,0,0,0,0,0,0,0,0,-49000,0,0,0,50000,99000,-49000,-49000
05482P,鴻海凱基95售22  ,0,0,0,0,0,0,0,0,0,-49000,0,0,0,20000,69000,-49000,-49000
054645,奇力新群益97購04,0,0,0,0,0,0,0,0,0,-49000,0,0,0,0,49000,-49000,-49000
054594,國巨麥證97購01  ,0,0,0,30000,79000,-49000,0,0,0,-49000,0,0,0,30000,79000,-49000,-49000
056394,晶豪科永豐98購01,0,0,0,0,0,0,0,0,0,-49000,0,0,0,0,49000,-49000,-49000
055786,彩晶凱基99購02  ,0,0,0,0,0,0,0,0,0,-49000,0,0,0,6000,55000,-49000,-49000
06822P,上銀富邦99售03  ,0,0,0,0,0,0,0,0,0,-49000,0,0,0,25000,74000,-49000,-49000
06870P,台灣50群益9A售03,0,0,0,0,0,0,0,0,0,-49000,0,0,0,241000,290000,-49000,-49000
1339,昭輝            ,14000,60000,-46000,0,0,0,0,0,0,-3000,1000,4000,-3000,0,0,0,-49000
056952,元油2X國泰99購01,0,0,0,0,0,0,0,0,0,-50000,0,0,0,0,50000,-50000,-50000
057065,牧德富邦99購01  ,0,0,0,0,0,0,0,0,0,-50000,0,0,0,0,50000,-50000,-50000
05721P,全新群益98售02  ,0,0,0,0,0,0,0,0,0,-50000,0,0,0,30000,80000,-50000,-50000
056912,臺股指元大99購04,0,0,0,0,0,0,0,0,0,-50000,0,0,0,0,50000,-50000,-50000
057504,技嘉麥證98購01  ,0,0,0,54000,104000,-50000,0,0,0,-50000,0,0,0,58000,108000,-50000,-50000
057274,友達元大98購03  ,0,0,0,0,0,0,0,0,0,-50000,0,0,0,0,50000,-50000,-50000
057363,華通元大99購02  ,0,0,0,0,0,0,0,0,0,-50000,0,0,0,224000,274000,-50000,-50000
05731P,創意統一96售03  ,0,0,0,0,0,0,0,0,0,-50000,0,0,0,0,50000,-50000,-50000
06162P,大立光群益97售02,0,0,0,0,0,0,0,0,0,-50000,0,0,0,0,50000,-50000,-50000
06021P,世紀鋼元富96售03,0,0,0,0,0,0,0,0,0,-50000,0,0,0,10000,60000,-50000,-50000
05989P,健策元富96售01  ,0,0,0,0,0,0,0,0,0,-50000,0,0,0,20000,70000,-50000,-50000
058555,矽創永豐9A購01  ,0,0,0,0,0,0,0,0,0,-50000,0,0,0,7000,57000,-50000,-50000
06245P,健策元富97售03  ,0,0,0,0,0,0,0,0,0,-50000,0,0,0,0,50000,-50000,-50000
06299P,可成元大97售04  ,0,0,0,0,0,0,0,0,0,-50000,0,0,0,150000,200000,-50000,-50000
051130,百和群益96購01  ,0,0,0,0,0,0,0,0,0,-50000,0,0,0,0,50000,-50000,-50000
049267,瀚宇博元大95購02,0,0,0,0,0,0,0,0,0,-50000,0,0,0,0,50000,-50000,-50000
051166,可成元大95購02  ,0,0,0,0,0,0,0,0,0,-50000,0,0,0,0,50000,-50000,-50000
052273,新光金群益95購02,0,0,0,0,0,0,0,0,0,-50000,0,0,0,0,50000,-50000,-50000
048789,大立光元大95購04,0,0,0,0,0,0,0,0,0,-50000,0,0,0,0,50000,-50000,-50000
048622,南電凱基93購07  ,0,0,0,0,0,0,0,0,0,-50000,0,0,0,40000,90000,-50000,-50000
049997,聯發科永豐94購04,0,0,0,0,0,0,0,0,0,-50000,0,0,0,50000,100000,-50000,-50000
050072,京鼎凱基94購02  ,0,0,0,0,0,0,0,0,0,-50000,0,0,0,0,50000,-50000,-50000
049731,A50正2群益94購02,0,0,0,0,0,0,0,0,0,-50000,0,0,0,0,50000,-50000,-50000
048433,聯詠國票94購01  ,0,0,0,0,0,0,0,0,0,-50000,0,0,0,0,50000,-50000,-50000
050188,貿聯元大96購01  ,0,0,0,0,0,0,0,0,0,-50000,0,0,0,50000,100000,-50000,-50000
046142,康舒統一93購01  ,0,0,0,0,0,0,0,0,0,-50000,0,0,0,0,50000,-50000,-50000
046630,京元電元富95購03,0,0,0,0,0,0,0,0,0,-50000,0,0,0,10000,60000,-50000,-50000
046599,S&P反1群益93購01,0,0,0,0,0,0,0,0,0,-50000,0,0,0,0,50000,-50000,-50000
049378,聯詠元大94購02  ,0,0,0,0,0,0,0,0,0,-50000,0,0,0,0,50000,-50000,-50000
04559P,華通凱基94售03  ,0,0,0,0,0,0,0,0,0,-50000,0,0,0,0,50000,-50000,-50000
047547,友達凱基99購02  ,0,0,0,0,0,0,0,0,0,-50000,0,0,0,10000,60000,-50000,-50000
043656,上証反元大94購01,0,0,0,0,0,0,0,0,0,-50000,0,0,0,0,50000,-50000,-50000
04401P,玉晶光兆豐94售01,0,0,0,0,0,0,0,0,0,-50000,0,0,0,0,50000,-50000,-50000
045371,元石油元大95購01,0,0,0,0,0,0,0,0,0,-50000,0,0,0,0,50000,-50000,-50000
04210P,鴻海凱基93售36  ,0,0,0,0,0,0,0,0,0,-50000,0,0,0,0,50000,-50000,-50000
047711,華新科凱基94購03,0,0,0,0,0,0,0,0,0,-50000,0,0,0,16000,66000,-50000,-50000
052641,聯詠台新96購01  ,0,0,0,0,0,0,0,0,0,-50000,0,0,0,0,50000,-50000,-50000
052683,鴻海元大97購03  ,0,0,0,0,0,0,0,0,0,-50000,0,0,0,0,50000,-50000,-50000
052419,上証2X國票96購02,0,0,0,0,0,0,0,0,0,-50000,0,0,0,0,50000,-50000,-50000
052443,台積電元大95購23,0,0,0,0,0,0,0,0,0,-50000,0,0,0,25000,75000,-50000,-50000
050601,台表科國泰96購01,0,0,0,0,0,0,0,0,0,-50000,0,0,0,10000,60000,-50000,-50000
050611,鴻海元大95購02  ,0,0,0,0,0,0,0,0,0,-50000,0,0,0,0,50000,-50000,-50000
05138P,嘉聯益凱基96售02,0,0,0,0,0,0,0,0,0,-50000,0,0,0,0,50000,-50000,-50000
052861,台光電凱基96購03,0,0,0,0,0,0,0,0,0,-50000,0,0,0,86000,136000,-50000,-50000
052760,盟立群益96購01  ,0,0,0,0,0,0,0,0,0,-50000,0,0,0,20000,70000,-50000,-50000
053113,瀚宇博兆豐97購01,0,0,0,0,0,0,0,0,0,-50000,0,0,0,0,50000,-50000,-50000
053262,華邦電群益96購02,0,0,0,0,0,0,0,0,0,-50000,0,0,0,0,50000,-50000,-50000
051518,富邦金凱基95購01,0,0,0,0,0,0,0,0,0,-50000,0,0,0,10000,60000,-50000,-50000
051528,亞泥國票96購01  ,0,0,0,0,0,0,0,0,0,-50000,0,0,0,0,50000,-50000,-50000
051903,T50反1元大97購02,0,0,0,0,0,0,0,0,0,-50000,0,0,0,0,50000,-50000,-50000
052181,南茂元大95購05  ,0,0,0,0,0,0,0,0,0,-50000,0,0,0,0,50000,-50000,-50000
050978,鴻海元富95購03  ,0,0,0,0,0,0,0,0,0,-50000,0,0,0,0,50000,-50000,-50000
051068,台積電國票97購01,0,0,0,0,0,0,0,0,0,-50000,0,0,0,0,50000,-50000,-50000
05107P,鴻海兆豐96售02  ,0,0,0,0,0,0,0,0,0,-50000,0,0,0,0,50000,-50000,-50000
053387,緯創元大97購01  ,0,0,0,0,0,0,0,0,0,-50000,0,0,0,150000,200000,-50000,-50000
055762,智伸科群益97購01,0,0,0,0,0,0,0,0,0,-50000,0,0,0,0,50000,-50000,-50000
055889,鴻海統一97購05  ,0,0,0,0,0,0,0,0,0,-50000,0,0,0,0,50000,-50000,-50000
055851,智原元大98購01  ,0,0,0,0,0,0,0,0,0,-50000,0,0,0,0,50000,-50000,-50000
055709,深中小元大97購03,0,0,0,0,0,0,0,0,0,-50000,0,0,0,130000,180000,-50000,-50000
055694,光罩國票98購01  ,0,0,0,0,0,0,0,0,0,-50000,0,0,0,10000,60000,-50000,-50000
053458,聯詠國泰97購01  ,0,0,0,0,0,0,0,0,0,-50000,0,0,0,0,50000,-50000,-50000
056262,台積電統一98購04,0,0,0,0,0,0,0,0,0,-50000,0,0,0,48000,98000,-50000,-50000
056345,嘉聯益凱基99購01,0,0,0,0,0,0,0,0,0,-50000,0,0,0,0,50000,-50000,-50000
056304,創意元大97購03  ,0,0,0,0,0,0,0,0,0,-50000,0,0,0,0,50000,-50000,-50000
056102,億光永豐97購02  ,0,0,0,0,0,0,0,0,0,-50000,0,0,0,0,50000,-50000,-50000
054291,高鐵元大97購01  ,0,0,0,0,0,0,0,0,0,-50000,0,0,0,0,50000,-50000,-50000
054387,台積電統一98購02,0,0,0,0,0,0,0,0,0,-50000,0,0,0,0,50000,-50000,-50000
054410,國巨元大96購14  ,0,0,0,0,0,0,0,0,0,-50000,0,0,0,44000,94000,-50000,-50000
054848,群創兆豐98購01  ,0,0,0,0,0,0,0,0,0,-50000,0,0,0,10000,60000,-50000,-50000
054936,鴻海元大97購10  ,0,0,0,0,0,0,0,0,0,-50000,0,0,0,127000,177000,-50000,-50000
054779,台塑群益98購01  ,0,0,0,0,0,0,0,0,0,-50000,0,0,0,0,50000,-50000,-50000
055077,臺股指永豐97購02,0,0,0,0,0,0,0,0,0,-50000,0,0,0,0,50000,-50000,-50000
055075,南電永豐97購01  ,0,0,0,0,0,0,0,0,0,-50000,0,0,0,40000,90000,-50000,-50000
055021,亞德客國泰98購01,0,0,0,0,0,0,0,0,0,-50000,0,0,0,30000,80000,-50000,-50000
1110,東泥            ,0,50000,-50000,0,0,0,0,0,0,0,0,0,0,0,0,0,-50000
1532,勤美            ,11000,58000,-47000,0,0,0,0,0,0,-3000,0,3000,-3000,0,0,0,-50000
06629P,台灣50第一98售01,0,0,0,0,0,0,0,0,0,-50000,0,0,0,0,50000,-50000,-50000
3018,同開            ,16632,67000,-50368,0,0,0,0,0,0,0,0,0,0,0,0,0,-50368
05891P,聯發科中信98售03,0,0,0,0,0,0,0,0,0,-51000,0,0,0,12000,63000,-51000,-51000
058121,國巨國票9A購01  ,0,0,0,0,0,0,0,0,0,-51000,0,0,0,0,51000,-51000,-51000
045293,鴻海元大94購01  ,0,0,0,0,0,0,0,0,0,-51000,0,0,0,69000,120000,-51000,-51000
04590P,元石油元大97售01,0,0,0,0,0,0,0,0,0,-51000,0,0,0,0,51000,-51000,-51000
049622,聯詠群益94購02  ,0,0,0,0,0,0,0,0,0,-51000,0,0,0,0,51000,-51000,-51000
049101,聯詠國泰95購01  ,0,0,0,0,0,0,0,0,0,-51000,0,0,0,0,51000,-51000,-51000
052042,台積電日盛95購02,0,0,0,0,0,0,0,0,0,-51000,0,0,0,325000,376000,-51000,-51000
050688,大立光日盛94購03,0,0,0,0,0,0,0,0,0,-51000,0,0,0,294000,345000,-51000,-51000
051673,玉晶光元大96購04,0,0,0,0,0,0,0,0,0,-51000,0,0,0,79000,130000,-51000,-51000
052772,台虹群益96購01  ,0,0,0,0,0,0,0,0,0,-51000,0,0,0,6000,57000,-51000,-51000
051430,瑞昱元富95購02  ,0,0,0,0,0,0,0,0,0,-51000,0,0,0,133000,184000,-51000,-51000
052455,樺漢元大96購03  ,0,0,0,0,0,0,0,0,0,-51000,0,0,0,0,51000,-51000,-51000
053692,聯詠元大96購04  ,0,0,0,0,0,0,0,0,0,-51000,0,0,0,0,51000,-51000,-51000
4141,龍燈-KY         ,59000,110000,-51000,0,0,0,0,0,0,0,0,0,0,0,0,0,-51000
06657P,寶成元大98售01  ,0,0,0,0,0,0,0,0,0,-51000,0,0,0,9000,60000,-51000,-51000
06702P,智邦元富98售01  ,0,0,0,0,0,0,0,0,0,-51000,0,0,0,17000,68000,-51000,-51000
06748P,智邦台新98售02  ,0,0,0,0,0,0,0,0,0,-51000,0,0,0,0,51000,-51000,-51000
2227,裕日車          ,4000,48000,-44000,0,0,0,0,0,0,-7000,0,7000,-7000,0,0,0,-51000
058029,台灣50永豐9A購01,0,0,0,0,0,0,0,0,0,-52000,0,0,0,0,52000,-52000,-52000
057364,國巨元大98購18  ,0,0,0,0,0,0,0,0,0,-52000,0,0,0,0,52000,-52000,-52000
057396,健鼎中信99購01  ,0,0,0,0,0,0,0,0,0,-52000,0,0,0,48000,100000,-52000,-52000
05760P,京鼎永豐96售02  ,0,0,0,0,0,0,0,0,0,-52000,0,0,0,98000,150000,-52000,-52000
04618P,電子類群益94售02,0,0,0,0,0,0,0,0,0,-52000,0,0,0,0,52000,-52000,-52000
03959P,義隆元富96售01  ,0,0,0,0,0,0,0,0,0,-52000,0,0,0,0,52000,-52000,-52000
052900,大成鋼國票97購01,0,0,0,0,0,0,0,0,0,-52000,0,0,0,170000,222000,-52000,-52000
053045,國巨中信97購01  ,0,0,0,0,0,0,0,0,0,-52000,0,0,0,54000,106000,-52000,-52000
051485,玉晶光凱基97購02,0,0,0,0,0,0,0,0,0,-52000,0,0,0,106000,158000,-52000,-52000
054363,世芯凱基97購01  ,0,0,0,0,0,0,0,0,0,-52000,0,0,0,45000,97000,-52000,-52000
053985,矽創元大96購02  ,0,0,0,0,0,0,0,0,0,-52000,0,0,0,264000,316000,-52000,-52000
053438,玉晶光麥證97購02,0,0,0,1000,53000,-52000,0,0,0,-52000,0,0,0,1000,53000,-52000,-52000
055885,大成鋼統一97購02,0,0,0,0,0,0,0,0,0,-52000,0,0,0,56000,108000,-52000,-52000
05653P,華邦電統一96售02,0,0,0,0,0,0,0,0,0,-52000,0,0,0,26000,78000,-52000,-52000
054326,宏達電台新97購02,0,0,0,0,0,0,0,0,0,-52000,0,0,0,0,52000,-52000,-52000
2233,宇隆            ,20000,72000,-52000,0,0,0,0,0,0,0,0,0,0,0,0,0,-52000
06982P,義隆凱基99售02  ,0,0,0,0,0,0,0,0,0,-52000,0,0,0,0,52000,-52000,-52000
1446,宏和            ,5000,51000,-46000,0,0,0,0,0,0,-6000,0,6000,-6000,0,0,0,-52000
6115,鎰勝            ,21000,65000,-44000,0,0,0,0,0,0,-8000,0,8000,-8000,0,0,0,-52000
056768,宏達電元大99購03,0,0,0,0,0,0,0,0,0,-53000,0,0,0,19000,72000,-53000,-53000
056672,元油2X元富98購10,0,0,0,0,0,0,0,0,0,-53000,0,0,0,21000,74000,-53000,-53000
057016,中石化凱基9B購01,0,0,0,0,0,0,0,0,0,-53000,0,0,0,0,53000,-53000,-53000
058025,聯茂國泰99購01  ,0,0,0,0,0,0,0,0,0,-53000,0,0,0,0,53000,-53000,-53000
058040,FBVIX元大98購01 ,0,0,0,0,0,0,0,0,0,-53000,0,0,0,7000,60000,-53000,-53000
057856,聯鈞國票99購03  ,0,0,0,0,0,0,0,0,0,-53000,0,0,0,44000,97000,-53000,-53000
05954P,旺宏國票97售03  ,0,0,0,0,0,0,0,0,0,-53000,0,0,0,0,53000,-53000,-53000
00685L,群益臺灣加權正2 ,0,0,0,0,0,0,0,0,0,-53000,0,0,0,5000,58000,-53000,-53000
045428,彩晶凱基94購01  ,0,0,0,0,0,0,0,0,0,-53000,0,0,0,57000,110000,-53000,-53000
050785,全新國泰96購01  ,0,0,0,0,0,0,0,0,0,-53000,0,0,0,12000,65000,-53000,-53000
051734,台積電國票95購04,0,0,0,0,0,0,0,0,0,-53000,0,0,0,310000,363000,-53000,-53000
05276P,GIS永豐95售02   ,0,0,0,0,0,0,0,0,0,-53000,0,0,0,0,53000,-53000,-53000
050594,康友永豐94購01  ,0,0,0,0,0,0,0,0,0,-53000,0,0,0,12000,65000,-53000,-53000
051240,台積電元大95購12,0,0,0,0,0,0,0,0,0,-53000,0,0,0,90000,143000,-53000,-53000
054419,嘉聯益元大98購02,0,0,0,0,0,0,0,0,0,-53000,0,0,0,2000,55000,-53000,-53000
054460,和大凱基97購01  ,0,0,0,0,0,0,0,0,0,-53000,0,0,0,0,53000,-53000,-53000
054704,玉晶光第一97購01,0,0,0,0,0,0,0,0,0,-53000,0,0,0,105000,158000,-53000,-53000
053463,可成富邦98購01  ,0,0,0,0,0,0,0,0,0,-53000,0,0,0,42000,95000,-53000,-53000
056401,國巨群益98購07  ,0,0,0,0,0,0,0,0,0,-53000,0,0,0,18000,71000,-53000,-53000
3712,永崴投控        ,11000,40000,-29000,0,0,0,0,0,0,-24000,0,24000,-24000,0,0,0,-53000
2731,雄獅            ,3000,56000,-53000,0,0,0,0,0,0,0,0,0,0,0,0,0,-53000
2390,云辰            ,63000,111000,-48000,0,0,0,0,0,0,-5000,0,5000,-5000,0,0,0,-53000
06666P,台積電日盛9A售02,0,0,0,0,0,0,0,0,0,-53000,0,0,0,125000,178000,-53000,-53000
06631P,玉晶光群益9A售03,0,0,0,0,0,0,0,0,0,-53000,0,0,0,0,53000,-53000,-53000
06928P,鴻海元大99售10  ,0,0,0,0,0,0,0,0,0,-53000,0,0,0,72000,125000,-53000,-53000
06230P,亞德客永豐97售03,0,0,0,0,0,0,0,0,0,-54000,0,0,0,105000,159000,-54000,-54000
06533P,上証2X中信9B售01,0,0,0,0,0,0,0,0,0,-54000,0,0,0,0,54000,-54000,-54000
057899,台積電永豐98購04,0,0,0,0,0,0,0,0,0,-54000,0,0,0,0,54000,-54000,-54000
057908,國泰金亞東99購01,0,0,0,0,0,0,0,0,0,-54000,0,0,0,0,54000,-54000,-54000
048128,超眾元大95購01  ,0,0,0,0,0,0,0,0,0,-54000,0,0,0,0,54000,-54000,-54000
044639,京元電元富94購01,0,0,0,0,0,0,0,0,0,-54000,0,0,0,85000,139000,-54000,-54000
05255P,義隆凱基95售01  ,0,0,0,0,0,0,0,0,0,-54000,0,0,0,0,54000,-54000,-54000
050226,華新科中信94購01,0,0,0,0,0,0,0,0,0,-54000,0,0,0,128000,182000,-54000,-54000
05282P,可成元大95售09  ,0,0,0,0,0,0,0,0,0,-54000,0,0,0,0,54000,-54000,-54000
053543,臺股指永豐96購02,0,0,0,0,0,0,0,0,0,-54000,0,0,0,0,54000,-54000,-54000
05565P,鎧勝元大96售01  ,0,0,0,0,0,0,0,0,0,-54000,0,0,0,0,54000,-54000,-54000
054717,亞德客永豐97購01,0,0,0,0,0,0,0,0,0,-54000,0,0,0,4000,58000,-54000,-54000
055507,樺漢元大98購02  ,0,0,0,0,0,0,0,0,0,-54000,0,0,0,253000,307000,-54000,-54000
06730P,祥碩元大98售07  ,0,0,0,0,0,0,0,0,0,-54000,0,0,0,5000,59000,-54000,-54000
1307,三芳            ,0,50000,-50000,0,0,0,0,0,0,-4000,0,4000,-4000,0,0,0,-54000
2388,威盛            ,23000,77000,-54000,0,0,0,1000,0,1000,-1000,0,1000,-1000,0,0,0,-54000
4532,瑞智            ,33000,82000,-49000,0,0,0,0,0,0,-5000,0,5000,-5000,0,0,0,-54000
6155,鈞寶            ,19000,72000,-53000,0,0,0,0,0,0,-1000,0,1000,-1000,0,0,0,-54000
058011,台虹國票99購01  ,0,0,0,0,0,0,0,0,0,-55000,0,0,0,35000,90000,-55000,-55000
058209,臺股指凱基01購01,0,0,0,0,0,0,0,0,0,-55000,0,0,0,8000,63000,-55000,-55000
058204,世芯凱基9A購01  ,0,0,0,0,0,0,0,0,0,-55000,0,0,0,14000,69000,-55000,-55000
058326,祥碩台新99購01  ,0,0,0,0,0,0,0,0,0,-55000,0,0,0,31000,86000,-55000,-55000
05944P,富邦金中信96售01,0,0,0,0,0,0,0,0,0,-55000,0,0,0,33000,88000,-55000,-55000
06060P,玉晶光元大97售03,0,0,0,0,0,0,0,0,0,-55000,0,0,0,25000,80000,-55000,-55000
06118P,上証2X凱基98售03,0,0,0,0,0,0,0,0,0,-55000,0,0,0,153000,208000,-55000,-55000
056617,美律永豐98購01  ,0,0,0,0,0,0,0,0,0,-55000,0,0,0,0,55000,-55000,-55000
056760,元油2X元大98購06,0,0,0,0,0,0,0,0,0,-55000,0,0,0,0,55000,-55000,-55000
056915,上銀兆豐99購01  ,0,0,0,0,0,0,0,0,0,-55000,0,0,0,15000,70000,-55000,-55000
057786,聯發科國票98購05,0,0,0,0,0,0,0,0,0,-55000,0,0,0,16000,71000,-55000,-55000
057248,台積電統一98購08,0,0,0,0,0,0,0,0,0,-55000,0,0,0,0,55000,-55000,-55000
00753L,中信中國50正2   ,0,0,0,0,0,0,0,0,0,-55000,0,0,0,118000,173000,-55000,-55000
050348,鴻海群益94購06  ,0,0,0,0,0,0,0,0,0,-55000,0,0,0,49000,104000,-55000,-55000
048923,國巨永豐94購02  ,0,0,0,0,0,0,0,0,0,-55000,0,0,0,0,55000,-55000,-55000
050077,臺股指凱基99購02,0,0,0,0,0,0,0,0,0,-55000,0,0,0,55000,110000,-55000,-55000
04957P,上証2X凱基96售02,0,0,0,0,0,0,0,0,0,-55000,0,0,0,0,55000,-55000,-55000
052920,景碩台新96購02  ,0,0,0,0,0,0,0,0,0,-55000,0,0,0,0,55000,-55000,-55000
056569,T50正2元大9B購02,0,0,0,0,0,0,0,0,0,-55000,0,0,0,2000,57000,-55000,-55000
054405,樺漢康和96購01  ,0,0,0,0,0,0,0,0,0,-55000,0,0,0,32000,87000,-55000,-55000
055650,華新科元富98購01,0,0,0,0,0,0,0,0,0,-55000,0,0,0,10000,65000,-55000,-55000
056083,億光統一97購03  ,0,0,0,0,0,0,0,0,0,-55000,0,0,0,57000,112000,-55000,-55000
053798,台積電中信98購02,0,0,0,0,0,0,0,0,0,-55000,0,0,0,5000,60000,-55000,-55000
05894P,友達群益98售02  ,0,0,0,0,0,0,0,0,0,-56000,0,0,0,44000,100000,-56000,-56000
06229P,欣興凱基97售07  ,0,0,0,0,0,0,0,0,0,-56000,0,0,0,194000,250000,-56000,-56000
049668,大立光國泰96購02,0,0,0,0,0,0,0,0,0,-56000,0,0,0,225000,281000,-56000,-56000
049766,滬深2X元富94購02,0,0,0,0,0,0,0,0,0,-56000,0,0,0,21000,77000,-56000,-56000
049589,奇力新元大95購02,0,0,0,0,0,0,0,0,0,-56000,0,0,0,4000,60000,-56000,-56000
052208,力成麥證95購01  ,0,0,0,59000,115000,-56000,0,0,0,-56000,0,0,0,59000,115000,-56000,-56000
044270,群創中信95購02  ,0,0,0,0,0,0,0,0,0,-56000,0,0,0,3000,59000,-56000,-56000
052568,漢唐凱基96購02  ,0,0,0,0,0,0,0,0,0,-56000,0,0,0,6000,62000,-56000,-56000
051224,華通群益96購03  ,0,0,0,0,0,0,0,0,0,-56000,0,0,0,98000,154000,-56000,-56000
052322,力成元大96購01  ,0,0,0,0,0,0,0,0,0,-56000,0,0,0,81000,137000,-56000,-56000
05644P,大立光中信9A售03,0,0,0,0,0,0,0,0,0,-56000,0,0,0,0,56000,-56000,-56000
056443,南亞科凱基98購03,0,0,0,0,0,0,0,0,0,-56000,0,0,0,0,56000,-56000,-56000
05347P,滬深2X元富9B售02,0,0,0,0,0,0,0,0,0,-56000,0,0,0,331000,387000,-56000,-56000
055320,建準國票98購01  ,0,0,0,0,0,0,0,0,0,-56000,0,0,0,0,56000,-56000,-56000
1714,和桐            ,942000,988000,-46000,0,0,0,0,0,0,-10000,5000,15000,-10000,0,0,0,-56000
06857P,超眾永豐98售02  ,0,0,0,0,0,0,0,0,0,-56000,0,0,0,24000,80000,-56000,-56000
05783P,嘉澤元富96售01  ,0,0,0,0,0,0,0,0,0,-57000,0,0,0,43000,100000,-57000,-57000
057409,台虹群益98購02  ,0,0,0,0,0,0,0,0,0,-57000,0,0,0,0,57000,-57000,-57000
056642,旺宏凱基98購07  ,0,0,0,0,0,0,0,0,0,-57000,0,0,0,1000,58000,-57000,-57000
056721,台灣50永昌9A購01,0,0,0,0,0,0,0,0,0,-57000,0,0,0,20000,77000,-57000,-57000
047797,臺股指群益93購08,0,0,0,0,0,0,0,0,0,-57000,0,0,0,612000,669000,-57000,-57000
052170,台積電元大95購20,0,0,0,0,0,0,0,0,0,-57000,0,0,0,1000,58000,-57000,-57000
050512,台泥元大94購01  ,0,0,0,0,0,0,0,0,0,-57000,0,0,0,64000,121000,-57000,-57000
051324,康友國票96購01  ,0,0,0,0,0,0,0,0,0,-57000,0,0,0,0,57000,-57000,-57000
051930,國泰金兆豐97購01,0,0,0,0,0,0,0,0,0,-57000,0,0,0,0,57000,-57000,-57000
053383,京元電元大97購01,0,0,0,0,0,0,0,0,0,-57000,0,0,0,22000,79000,-57000,-57000
05470P,康控元大95售05  ,0,0,0,0,0,0,0,0,0,-57000,0,0,0,2000,59000,-57000,-57000
055857,嘉聯益元大97購04,0,0,0,0,0,0,0,0,0,-57000,0,0,0,3000,60000,-57000,-57000
06812P,台灣50元富9C售01,0,0,0,0,0,0,0,0,0,-57000,0,0,0,40000,97000,-57000,-57000
06779P,智邦元大98售12  ,0,0,0,0,0,0,0,0,0,-57000,0,0,0,0,57000,-57000,-57000
057048,新日興元大98購01,0,0,0,0,0,0,0,0,0,-58000,0,0,0,20000,78000,-58000,-58000
057742,喬山永豐98購02  ,0,0,0,0,0,0,0,0,0,-58000,0,0,0,0,58000,-58000,-58000
057627,和大永豐98購01  ,0,0,0,0,0,0,0,0,0,-58000,0,0,0,0,58000,-58000,-58000
06458P,玉晶光統一9A售02,0,0,0,0,0,0,0,0,0,-58000,0,0,0,0,58000,-58000,-58000
05911P,南亞科永豐96售03,0,0,0,0,0,0,0,0,0,-58000,0,0,0,0,58000,-58000,-58000
05869P,旺宏凱基96售05  ,0,0,0,0,0,0,0,0,0,-58000,0,0,0,0,58000,-58000,-58000
049159,同欣電中信96購01,0,0,0,0,0,0,0,0,0,-58000,0,0,0,30000,88000,-58000,-58000
05158P,華通永豐95售01  ,0,0,0,0,0,0,0,0,0,-58000,0,0,0,0,58000,-58000,-58000
050687,上銀日盛94購01  ,0,0,0,0,0,0,0,0,0,-58000,0,0,0,192000,250000,-58000,-58000
054155,美律第一96購01  ,0,0,0,0,0,0,0,0,0,-58000,0,0,0,12000,70000,-58000,-58000
054121,奇鋐永豐96購02  ,0,0,0,0,0,0,0,0,0,-58000,0,0,0,92000,150000,-58000,-58000
054243,國喬元大96購01  ,0,0,0,0,0,0,0,0,0,-58000,0,0,0,10000,68000,-58000,-58000
053072,國巨台新97購01  ,0,0,0,0,0,0,0,0,0,-58000,0,0,0,0,58000,-58000,-58000
055802,新日興永豐97購01,0,0,0,0,0,0,0,0,0,-58000,0,0,0,10000,68000,-58000,-58000
053535,宏達電永豐96購02,0,0,0,0,0,0,0,0,0,-58000,0,0,0,16000,74000,-58000,-58000
056355,台積電元大98購08,0,0,0,0,0,0,0,0,0,-58000,0,0,0,18000,76000,-58000,-58000
056131,鴻海元大97購12  ,0,0,0,0,0,0,0,0,0,-58000,0,0,0,52000,110000,-58000,-58000
054946,億光元大97購01  ,0,0,0,0,0,0,0,0,0,-58000,0,0,0,65000,123000,-58000,-58000
054824,同欣電元大97購04,0,0,0,0,0,0,0,0,0,-58000,0,0,0,10000,68000,-58000,-58000
054517,高鐵元大96購01  ,0,0,0,0,0,0,0,0,0,-58000,0,0,0,62000,120000,-58000,-58000
055359,超眾凱基97購01  ,0,0,0,0,0,0,0,0,0,-58000,0,0,0,10000,68000,-58000,-58000
1516,川飛            ,2000,58000,-56000,0,0,0,0,0,0,-2000,0,2000,-2000,0,0,0,-58000
2472,立隆電          ,12000,70000,-58000,0,0,0,0,0,0,0,14000,14000,0,0,0,0,-58000
2545,皇翔            ,12000,69000,-57000,0,0,0,0,0,0,-1000,0,1000,-1000,0,0,0,-58000
2524,京城            ,6000,60000,-54000,0,0,0,0,0,0,-4000,0,4000,-4000,0,0,0,-58000
1417,嘉裕            ,1000,59499,-58499,0,0,0,0,0,0,0,0,0,0,0,0,0,-58499
05741P,聯發科元大96售14,0,0,0,0,0,0,0,0,0,-59000,0,0,0,281000,340000,-59000,-59000
057335,技嘉國票99購01  ,0,0,0,0,0,0,0,0,0,-59000,0,0,0,11000,70000,-59000,-59000
056685,光罩統一98購03  ,0,0,0,0,0,0,0,0,0,-59000,0,0,0,4000,63000,-59000,-59000
05688P,臺股指元大96售13,0,0,0,0,0,0,0,0,0,-59000,0,0,0,221000,280000,-59000,-59000
049272,世紀鋼元大96購02,0,0,0,0,0,0,0,0,0,-59000,0,0,0,35000,94000,-59000,-59000
049250,華通元大95購04  ,0,0,0,0,0,0,0,0,0,-59000,0,0,0,18000,77000,-59000,-59000
049789,世紀鋼兆豐94購01,0,0,0,0,0,0,0,0,0,-59000,0,0,0,60000,119000,-59000,-59000
049491,聯發科元大95購01,0,0,0,0,0,0,0,0,0,-59000,0,0,0,638000,697000,-59000,-59000
047495,新日興元富96購01,0,0,0,0,0,0,0,0,0,-59000,0,0,0,3000,62000,-59000,-59000
050992,台積電元大97購01,0,0,0,0,0,0,0,0,0,-59000,0,0,0,32000,91000,-59000,-59000
054322,國巨台新96購02  ,0,0,0,0,0,0,0,0,0,-59000,0,0,0,0,59000,-59000,-59000
053890,華新科群益98購01,0,0,0,0,0,0,0,0,0,-59000,0,0,0,0,59000,-59000,-59000
053444,奇力新凱基96購03,0,0,0,0,0,0,0,0,0,-59000,0,0,0,0,59000,-59000,-59000
06614P,祥碩永豐98售03  ,0,0,0,0,0,0,0,0,0,-59000,0,0,0,1000,60000,-59000,-59000
6209,今國光          ,86000,138000,-52000,0,0,0,0,0,0,-7000,0,7000,-7000,0,0,0,-59000
6605,帝寶            ,6000,62000,-56000,0,0,0,0,0,0,-3000,0,3000,-3000,0,0,0,-59000
4943,康控-KY         ,182000,195000,-13000,0,0,0,0,0,0,-46000,0,13000,-13000,10000,43000,-33000,-59000
056724,臻鼎中信9A購01  ,0,0,0,0,0,0,0,0,0,-60000,0,0,0,30000,90000,-60000,-60000
057091,華新科元富9A購01,0,0,0,0,0,0,0,0,0,-60000,0,0,0,55000,115000,-60000,-60000
057372,華新科元大99購10,0,0,0,0,0,0,0,0,0,-60000,0,0,0,0,60000,-60000,-60000
05919P,京鼎元大96售03  ,0,0,0,0,0,0,0,0,0,-60000,0,0,0,51000,111000,-60000,-60000
06031P,新光金兆豐96售02,0,0,0,0,0,0,0,0,0,-60000,0,0,0,50000,110000,-60000,-60000
058251,百和元大99購03  ,0,0,0,0,0,0,0,0,0,-60000,0,0,0,40000,100000,-60000,-60000
04489P,大立光凱基94售03,0,0,0,0,0,0,0,0,0,-60000,0,0,0,20000,80000,-60000,-60000
04383P,泰鼎國泰95售01  ,0,0,0,0,0,0,0,0,0,-60000,0,0,0,0,60000,-60000,-60000
048438,台表科麥證94購01,0,0,0,0,60000,-60000,0,0,0,-60000,0,0,0,0,60000,-60000,-60000
049809,聯詠元大94購04  ,0,0,0,0,0,0,0,0,0,-60000,0,0,0,2000,62000,-60000,-60000
050368,國巨元大94購14  ,0,0,0,0,0,0,0,0,0,-60000,0,0,0,225000,285000,-60000,-60000
050308,矽創中信97購01  ,0,0,0,0,0,0,0,0,0,-60000,0,0,0,0,60000,-60000,-60000
051216,為升元富95購01  ,0,0,0,0,0,0,0,0,0,-60000,0,0,0,0,60000,-60000,-60000
051494,中環兆豐95購01  ,0,0,0,0,0,0,0,0,0,-60000,0,0,0,0,60000,-60000,-60000
050780,台表科元大96購01,0,0,0,0,0,0,0,0,0,-60000,0,0,0,0,60000,-60000,-60000
051677,達方元大95購01  ,0,0,0,0,0,0,0,0,0,-60000,0,0,0,35000,95000,-60000,-60000
054156,聯電亞東98購01  ,0,0,0,0,0,0,0,0,0,-60000,0,0,0,0,60000,-60000,-60000
055373,聯詠元大97購03  ,0,0,0,0,0,0,0,0,0,-60000,0,0,0,0,60000,-60000,-60000
055424,聚陽群益98購01  ,0,0,0,0,0,0,0,0,0,-60000,0,0,0,30000,90000,-60000,-60000
052688,新日興元大96購01,0,0,0,0,0,0,0,0,0,-60000,0,0,0,10000,70000,-60000,-60000
053270,台塑元大96購01  ,0,0,0,0,0,0,0,0,0,-60000,0,0,0,30000,90000,-60000,-60000
052751,臺股指元大96購05,0,0,0,0,0,0,0,0,0,-60000,0,0,0,0,60000,-60000,-60000
05028P,康控永豐95售02  ,0,0,0,0,0,0,0,0,0,-60000,0,0,0,93000,153000,-60000,-60000
051311,瑞昱麥證95購01  ,0,0,0,170000,230000,-60000,0,0,0,-60000,0,0,0,170000,230000,-60000,-60000
051364,鴻海國泰97購03  ,0,0,0,0,0,0,0,0,0,-60000,0,0,0,0,60000,-60000,-60000
053014,旺宏統一97購02  ,0,0,0,0,0,0,0,0,0,-60000,0,0,0,0,60000,-60000,-60000
050524,宏達電元大95購04,0,0,0,0,0,0,0,0,0,-60000,0,0,0,0,60000,-60000,-60000
053653,京元電凱基96購02,0,0,0,0,0,0,0,0,0,-60000,0,0,0,0,60000,-60000,-60000
053611,聯茂麥證96購01  ,0,0,0,7000,70000,-63000,0,0,0,-60000,0,0,0,17000,77000,-60000,-60000
055757,大成鋼群益99購01,0,0,0,0,0,0,0,0,0,-60000,0,0,0,0,60000,-60000,-60000
055656,新唐元富97購01  ,0,0,0,0,0,0,0,0,0,-60000,0,0,0,0,60000,-60000,-60000
05631P,國巨富邦9A售01  ,0,0,0,0,0,0,0,0,0,-60000,0,0,0,0,60000,-60000,-60000
05458P,台積電凱基97售02,0,0,0,0,0,0,0,0,0,-60000,0,0,0,67000,127000,-60000,-60000
055190,華新科元富97購01,0,0,0,0,0,0,0,0,0,-60000,0,0,0,355000,415000,-60000,-60000
2450,神腦            ,10000,34000,-24000,0,0,0,0,0,0,-36000,0,36000,-36000,0,0,0,-60000
06920P,台灣50凱基9A售01,0,0,0,0,0,0,0,0,0,-60000,0,0,0,68000,128000,-60000,-60000
1608,華榮            ,3000,53000,-50000,0,0,0,0,0,0,-10000,1000,11000,-10000,0,0,0,-60000
2012,春雨            ,0,60000,-60000,0,0,0,0,0,0,0,0,0,0,0,0,0,-60000
058407,滬深2X兆豐9A購01,0,0,0,0,0,0,0,0,0,-61000,0,0,0,15000,76000,-61000,-61000
057932,美律群益98購04  ,0,0,0,0,0,0,0,0,0,-61000,0,0,0,50000,111000,-61000,-61000
06364P,鴻海凱基97售08  ,0,0,0,0,0,0,0,0,0,-61000,0,0,0,30000,91000,-61000,-61000
057645,華新科元大99購11,0,0,0,0,0,0,0,0,0,-61000,0,0,0,11000,72000,-61000,-61000
056751,和大兆豐98購01  ,0,0,0,0,0,0,0,0,0,-61000,0,0,0,100000,161000,-61000,-61000
05006P,華通元富95售01  ,0,0,0,0,0,0,0,0,0,-61000,0,0,0,0,61000,-61000,-61000
050075,南電凱基94購04  ,0,0,0,0,0,0,0,0,0,-61000,0,0,0,25000,86000,-61000,-61000
049820,世紀鋼元大96購03,0,0,0,0,0,0,0,0,0,-61000,0,0,0,2000,63000,-61000,-61000
00690,兆豐藍籌30      ,0,0,0,0,0,0,0,0,0,-61000,0,0,0,150000,211000,-61000,-61000
052101,滬深2X兆豐96購01,0,0,0,0,0,0,0,0,0,-61000,0,0,0,0,61000,-61000,-61000
052961,國巨凱基97購02  ,0,0,0,0,0,0,0,0,0,-61000,0,0,0,9000,70000,-61000,-61000
051991,泰碩元大95購02  ,0,0,0,0,0,0,0,0,0,-61000,0,0,0,148000,209000,-61000,-61000
051834,南電元大96購02  ,0,0,0,0,0,0,0,0,0,-61000,0,0,0,20000,81000,-61000,-61000
051064,鴻海國票95購01  ,0,0,0,0,0,0,0,0,0,-61000,0,0,0,170000,231000,-61000,-61000
054781,台化群益99購01  ,0,0,0,0,0,0,0,0,0,-61000,0,0,0,0,61000,-61000,-61000
053570,京元電統一96購01,0,0,0,0,0,0,0,0,0,-61000,0,0,0,0,61000,-61000,-61000
1109,信大            ,28000,84000,-56000,0,0,0,0,0,0,-5000,0,5000,-5000,0,0,0,-61000
8011,台通            ,2000,59000,-57000,0,0,0,0,0,0,-4000,0,4000,-4000,0,0,0,-61000
8213,志超            ,103000,170227,-67227,0,0,0,0,0,0,6000,0,1000,-1000,7000,0,7000,-61227
057613,瑞昱元富02購02  ,0,0,0,0,0,0,0,0,0,-62000,0,0,0,114000,176000,-62000,-62000
057493,聯詠元大98購02  ,0,0,0,0,0,0,0,0,0,-62000,0,0,0,8000,70000,-62000,-62000
04047P,華邦電元大94售03,0,0,0,0,0,0,0,0,0,-62000,0,0,0,3000,65000,-62000,-62000
05410P,聯發科元富95售04,0,0,0,0,0,0,0,0,0,-62000,0,0,0,0,62000,-62000,-62000
06926P,可成群益9A售04  ,0,0,0,0,0,0,0,0,0,-62000,0,0,0,10000,72000,-62000,-62000
057803,上銀元大98購08  ,0,0,0,0,0,0,0,0,0,-63000,0,0,0,7000,70000,-63000,-63000
056654,元油2X元大98購02,0,0,0,0,0,0,0,0,0,-63000,0,0,0,8000,71000,-63000,-63000
06062P,宏達電元富97售01,0,0,0,0,0,0,0,0,0,-63000,0,0,0,47000,110000,-63000,-63000
058105,旺宏統一9A購02  ,0,0,0,0,0,0,0,0,0,-63000,0,0,0,37000,100000,-63000,-63000
047616,鴻海凱基94購10  ,0,0,0,0,0,0,0,0,0,-63000,0,0,0,55000,118000,-63000,-63000
04737P,正崴永豐94售02  ,0,0,0,0,0,0,0,0,0,-63000,0,0,0,0,63000,-63000,-63000
049870,南電兆豐94購01  ,0,0,0,0,0,0,0,0,0,-63000,0,0,0,209000,272000,-63000,-63000
049192,元油2X永豐96購02,0,0,0,0,0,0,0,0,0,-63000,0,0,0,0,63000,-63000,-63000
051500,聯茂群益95購01  ,0,0,0,0,0,0,0,0,0,-63000,0,0,0,122000,185000,-63000,-63000
050489,聯詠元富94購01  ,0,0,0,0,0,0,0,0,0,-63000,0,0,0,10000,73000,-63000,-63000
053704,國巨群益96購06  ,0,0,0,0,0,0,0,0,0,-63000,0,0,0,122000,185000,-63000,-63000
056011,矽力中信99購01  ,0,0,0,0,0,0,0,0,0,-63000,0,0,0,197000,260000,-63000,-63000
06658P,台灣50富邦9C售01,0,0,0,0,0,0,0,0,0,-63000,0,0,0,947000,1010000,-63000,-63000
2010,春源            ,0,61000,-61000,0,0,0,0,0,0,-2000,0,2000,-2000,0,0,0,-63000
05791P,臺股指中信99售06,0,0,0,0,0,0,0,0,0,-64000,0,0,0,75000,139000,-64000,-64000
05850P,台積電兆豐96售06,0,0,0,0,0,0,0,0,0,-64000,0,0,0,70000,134000,-64000,-64000
06179P,國巨群益97售04  ,0,0,0,0,0,0,0,0,0,-64000,0,0,0,35000,99000,-64000,-64000
057823,神達元大98購01  ,0,0,0,0,0,0,0,0,0,-64000,0,0,0,5000,69000,-64000,-64000
057709,電子類群益98購01,0,0,0,0,0,0,0,0,0,-64000,0,0,0,1000,65000,-64000,-64000
052955,國巨日盛96購01  ,0,0,0,0,0,0,0,0,0,-64000,0,0,0,0,64000,-64000,-64000
053123,京元電凱基96購01,0,0,0,0,0,0,0,0,0,-64000,0,0,0,0,64000,-64000,-64000
05104P,智邦台新95售02  ,0,0,0,0,0,0,0,0,0,-64000,0,0,0,0,64000,-64000,-64000
055571,鴻海統一97購03  ,0,0,0,0,0,0,0,0,0,-64000,0,0,0,0,64000,-64000,-64000
054981,國巨元富97購02  ,0,0,0,0,0,0,0,0,0,-64000,0,0,0,71000,135000,-64000,-64000
054811,裕隆元大9A購01  ,0,0,0,0,0,0,0,0,0,-64000,0,0,0,163000,227000,-64000,-64000
053668,鴻海統一97購01  ,0,0,0,0,0,0,0,0,0,-64000,0,0,0,10000,74000,-64000,-64000
053554,欣興凱基97購02  ,0,0,0,0,0,0,0,0,0,-64000,0,0,0,0,64000,-64000,-64000
055850,聯詠元大97購06  ,0,0,0,0,0,0,0,0,0,-64000,0,0,0,206000,270000,-64000,-64000
4737,華廣            ,32000,93000,-61000,0,0,0,0,0,0,-3000,0,3000,-3000,0,0,0,-64000
057722,臺股指元富98購01,0,0,0,0,0,0,0,0,0,-65000,0,0,0,0,65000,-65000,-65000
05715P,創意元富96售05  ,0,0,0,0,0,0,0,0,0,-65000,0,0,0,10000,75000,-65000,-65000
057919,技嘉凱基98購03  ,0,0,0,0,0,0,0,0,0,-65000,0,0,0,225000,290000,-65000,-65000
049508,上銀凱基94購04  ,0,0,0,0,0,0,0,0,0,-65000,0,0,0,0,65000,-65000,-65000
04629P,康控元大94售05  ,0,0,0,0,0,0,0,0,0,-65000,0,0,0,0,65000,-65000,-65000
051063,台郡群益95購01  ,0,0,0,0,0,0,0,0,0,-65000,0,0,0,135000,200000,-65000,-65000
051534,景碩國票97購01  ,0,0,0,0,0,0,0,0,0,-65000,0,0,0,1000,66000,-65000,-65000
054092,大立光群益97購01,0,0,0,0,0,0,0,0,0,-65000,0,0,0,13000,78000,-65000,-65000
051591,玉晶光元大97購01,0,0,0,0,0,0,0,0,0,-65000,0,0,0,46000,111000,-65000,-65000
052685,技嘉元大96購01  ,0,0,0,0,0,0,0,0,0,-65000,0,0,0,203000,268000,-65000,-65000
05307P,光寶科中信95售01,0,0,0,0,0,0,0,0,0,-65000,0,0,0,55000,120000,-65000,-65000
050562,瑞昱元富94購02  ,0,0,0,0,0,0,0,0,0,-65000,0,0,0,0,65000,-65000,-65000
053450,同欣電凱基96購02,0,0,0,0,0,0,0,0,0,-65000,0,0,0,3000,68000,-65000,-65000
054975,福懋科元大97購01,0,0,0,0,0,0,0,0,0,-65000,0,0,0,47000,112000,-65000,-65000
056532,技嘉凱基98購01  ,0,0,0,0,0,0,0,0,0,-65000,0,0,0,129000,194000,-65000,-65000
9940,信義            ,39000,61000,-22000,0,0,0,0,0,0,-43000,0,43000,-43000,0,0,0,-65000
058459,南電永豐99購01  ,0,0,0,0,0,0,0,0,0,-66000,0,0,0,26000,92000,-66000,-66000
058175,旺宏凱基99購03  ,0,0,0,0,0,0,0,0,0,-66000,0,0,0,0,66000,-66000,-66000
05987P,健策統一96售02  ,0,0,0,0,0,0,0,0,0,-66000,0,0,0,0,66000,-66000,-66000
056644,宏達電凱基98購04,0,0,0,0,0,0,0,0,0,-66000,0,0,0,182000,248000,-66000,-66000
057612,瑞昱元富02購01  ,0,0,0,0,0,0,0,0,0,-66000,0,0,0,100000,166000,-66000,-66000
057236,聯詠凱基98購03  ,0,0,0,0,0,0,0,0,0,-66000,0,0,0,68000,134000,-66000,-66000
044705,群創元大93購03  ,0,0,0,0,0,0,0,0,0,-66000,0,0,0,0,66000,-66000,-66000
049679,臺股指國票94購12,0,0,0,0,0,0,0,0,0,-66000,0,0,0,3000,69000,-66000,-66000
050252,聯發科國泰95購01,0,0,0,0,0,0,0,0,0,-66000,0,0,0,10000,76000,-66000,-66000
053777,台積電元大96購20,0,0,0,0,0,0,0,0,0,-66000,0,0,0,76000,142000,-66000,-66000
1503,士電            ,5000,40000,-35000,0,0,0,0,0,0,-31000,3000,34000,-31000,0,0,0,-66000
057804,為升元大98購01  ,0,0,0,0,0,0,0,0,0,-67000,0,0,0,9000,76000,-67000,-67000
06214P,國巨國票98售04  ,0,0,0,0,0,0,0,0,0,-67000,0,0,0,11000,78000,-67000,-67000
058452,義隆永豐99購02  ,0,0,0,0,0,0,0,0,0,-67000,0,0,0,0,67000,-67000,-67000
04915P,鴻海永昌96售02  ,0,0,0,0,0,0,0,0,0,-67000,0,0,0,11000,78000,-67000,-67000
04754P,宏達電元富94售02,0,0,0,0,0,0,0,0,0,-67000,0,0,0,43000,110000,-67000,-67000
053292,美律中信98購01  ,0,0,0,0,0,0,0,0,0,-67000,0,0,0,0,67000,-67000,-67000
053228,康友台新97購01  ,0,0,0,0,0,0,0,0,0,-67000,0,0,0,0,67000,-67000,-67000
055401,亞光元富9A購01  ,0,0,0,0,0,0,0,0,0,-67000,0,0,0,33000,100000,-67000,-67000
3583,辛耘            ,18000,84000,-66000,0,0,0,0,0,0,-1000,0,1000,-1000,0,0,0,-67000
2461,光群雷          ,49000,94000,-45000,0,0,0,0,0,0,-22000,0,22000,-22000,0,0,0,-67000
058265,奇力新永豐9A購01,0,0,0,0,0,0,0,0,0,-68000,0,0,0,0,68000,-68000,-68000
058092,牧德元大98購02  ,0,0,0,0,0,0,0,0,0,-68000,0,0,0,50000,118000,-68000,-68000
058014,上銀凱基99購02  ,0,0,0,0,0,0,0,0,0,-68000,0,0,0,0,68000,-68000,-68000
058070,華新科凱基98購07,0,0,0,0,0,0,0,0,0,-68000,0,0,0,30000,98000,-68000,-68000
06389P,聯發科兆豐97售01,0,0,0,0,0,0,0,0,0,-68000,0,0,0,10000,78000,-68000,-68000
05975P,國巨日盛99售02  ,0,0,0,0,0,0,0,0,0,-68000,0,0,0,10000,78000,-68000,-68000
057807,友訊元大98購02  ,0,0,0,0,0,0,0,0,0,-68000,0,0,0,0,68000,-68000,-68000
057572,明泰永豐98購01  ,0,0,0,0,0,0,0,0,0,-68000,0,0,0,0,68000,-68000,-68000
057631,康控永豐98購02  ,0,0,0,0,0,0,0,0,0,-68000,0,0,0,45000,113000,-68000,-68000
057496,佐登元大98購02  ,0,0,0,0,0,0,0,0,0,-68000,0,0,0,0,68000,-68000,-68000
056622,高鐵永豐98購01  ,0,0,0,0,0,0,0,0,0,-68000,0,0,0,0,68000,-68000,-68000
056710,漢唐永豐98購01  ,0,0,0,0,0,0,0,0,0,-68000,0,0,0,0,68000,-68000,-68000
056766,義隆元大98購01  ,0,0,0,0,0,0,0,0,0,-68000,0,0,0,101000,169000,-68000,-68000
057227,台積電凱基98購15,0,0,0,0,0,0,0,0,0,-68000,0,0,0,0,68000,-68000,-68000
04714P,上海銀元大94售01,0,0,0,0,0,0,0,0,0,-68000,0,0,0,0,68000,-68000,-68000
04578P,微星富邦96售01  ,0,0,0,0,0,0,0,0,0,-68000,0,0,0,0,68000,-68000,-68000
046864,和大統一97購01  ,0,0,0,0,0,0,0,0,0,-68000,0,0,0,42000,110000,-68000,-68000
048026,瑞昱凱基94購01  ,0,0,0,0,0,0,0,0,0,-68000,0,0,0,0,68000,-68000,-68000
049144,瑞昱元大94購03  ,0,0,0,0,0,0,0,0,0,-68000,0,0,0,0,68000,-68000,-68000
052270,力成日盛95購01  ,0,0,0,0,0,0,0,0,0,-68000,0,0,0,12000,80000,-68000,-68000
053374,台達電元大96購03,0,0,0,0,0,0,0,0,0,-68000,0,0,0,0,68000,-68000,-68000
049248,台達電元大94購04,0,0,0,0,0,0,0,0,0,-68000,0,0,0,0,68000,-68000,-68000
050194,臻鼎元大94購03  ,0,0,0,0,0,0,0,0,0,-68000,0,0,0,0,68000,-68000,-68000
050092,鴻海永豐94購04  ,0,0,0,0,0,0,0,0,0,-68000,0,0,0,0,68000,-68000,-68000
051587,大立光元大95購08,0,0,0,0,0,0,0,0,0,-68000,0,0,0,0,68000,-68000,-68000
054189,貿聯永豐96購03  ,0,0,0,0,0,0,0,0,0,-68000,0,0,0,0,68000,-68000,-68000
054130,漢唐元大97購02  ,0,0,0,0,0,0,0,0,0,-68000,0,0,0,5000,73000,-68000,-68000
051728,道瓊反國票97購01,0,0,0,0,0,0,0,0,0,-68000,0,0,0,77000,145000,-68000,-68000
053216,京鼎凱基96購02  ,0,0,0,0,0,0,0,0,0,-68000,0,0,0,0,68000,-68000,-68000
05268P,玉晶光元大98售01,0,0,0,0,0,0,0,0,0,-68000,0,0,0,83000,151000,-68000,-68000
050238,瑞昱凱基94購05  ,0,0,0,0,0,0,0,0,0,-68000,0,0,0,0,68000,-68000,-68000
052636,大立光凱基96購10,0,0,0,0,0,0,0,0,0,-68000,0,0,0,0,68000,-68000,-68000
056136,京鼎元大98購01  ,0,0,0,0,0,0,0,0,0,-68000,0,0,0,0,68000,-68000,-68000
056035,鴻海凱基97購06  ,0,0,0,0,0,0,0,0,0,-68000,0,0,0,47000,115000,-68000,-68000
056305,群創元大9A購03  ,0,0,0,0,0,0,0,0,0,-68000,0,0,0,173000,241000,-68000,-68000
056430,鴻海凱基98購06  ,0,0,0,0,0,0,0,0,0,-68000,0,0,0,330000,398000,-68000,-68000
056557,世紀鋼凱基98購02,0,0,0,0,0,0,0,0,0,-68000,0,0,0,66000,134000,-68000,-68000
055547,台積電凱基97購13,0,0,0,0,0,0,0,0,0,-68000,0,0,0,0,68000,-68000,-68000
055061,聯詠永豐97購01  ,0,0,0,0,0,0,0,0,0,-68000,0,0,0,0,68000,-68000,-68000
055147,鴻海元大97購11  ,0,0,0,0,0,0,0,0,0,-68000,0,0,0,48000,116000,-68000,-68000
05511P,T50反1台新06售01,0,0,0,0,0,0,0,0,0,-68000,0,0,0,0,68000,-68000,-68000
054941,凱美元大97購01  ,0,0,0,0,0,0,0,0,0,-68000,0,0,0,0,68000,-68000,-68000
2727,王品            ,4000,74000,-70000,0,0,0,0,0,0,2000,2000,0,2000,0,0,0,-68000
6288,聯嘉            ,75000,109000,-34000,0,0,0,0,0,0,-34000,0,34000,-34000,0,0,0,-68000
056934,國巨元富98購04  ,0,0,0,0,0,0,0,0,0,-69000,0,0,0,0,69000,-69000,-69000
056986,超眾群益98購03  ,0,0,0,0,0,0,0,0,0,-69000,0,0,0,56000,125000,-69000,-69000
052080,康友元富98購02  ,0,0,0,0,0,0,0,0,0,-69000,0,0,0,31000,100000,-69000,-69000
04930P,國巨統一94售08  ,0,0,0,0,0,0,0,0,0,-69000,0,0,0,969000,1038000,-69000,-69000
052695,台表科中信98購01,0,0,0,0,0,0,0,0,0,-69000,0,0,0,41000,110000,-69000,-69000
054682,東元永豐97購01  ,0,0,0,0,0,0,0,0,0,-69000,0,0,0,0,69000,-69000,-69000
054413,台光電元大96購03,0,0,0,0,0,0,0,0,0,-69000,0,0,0,0,69000,-69000,-69000
6552,易華電          ,26000,91000,-65000,0,0,0,0,0,0,-4000,0,4000,-4000,1000,1000,0,-69000
6558,興能高          ,37000,71000,-34000,0,0,0,0,32000,-32000,-3000,0,3000,-3000,0,0,0,-69000
3010,華立            ,53000,111000,-58000,0,0,0,0,0,0,-11000,0,11000,-11000,0,0,0,-69000
1906,寶隆            ,44000,111000,-67000,0,0,0,0,0,0,-2000,0,2000,-2000,0,0,0,-69000
056983,大立光群益99購02,0,0,0,0,0,0,0,0,0,-70000,0,0,0,0,70000,-70000,-70000
057214,瑞昱群益98購01  ,0,0,0,0,0,0,0,0,0,-70000,0,0,0,49000,119000,-70000,-70000
056826,A50正2富邦9B購02,0,0,0,0,0,0,0,0,0,-70000,0,0,0,10000,80000,-70000,-70000
06137P,玉晶光永豐97售04,0,0,0,0,0,0,0,0,0,-70000,0,0,0,0,70000,-70000,-70000
06532P,友達元富98售04  ,0,0,0,0,0,0,0,0,0,-70000,0,0,0,40000,110000,-70000,-70000
06264P,友達凱基98售06  ,0,0,0,0,0,0,0,0,0,-70000,0,0,0,1000,71000,-70000,-70000
058123,亞光國票9A購01  ,0,0,0,0,0,0,0,0,0,-70000,0,0,0,0,70000,-70000,-70000
058181,華新科國泰9B購01,0,0,0,0,0,0,0,0,0,-70000,0,0,0,11000,81000,-70000,-70000
058451,智邦永豐9A購01  ,0,0,0,0,0,0,0,0,0,-70000,0,0,0,40000,110000,-70000,-70000
049291,華通群益94購04  ,0,0,0,0,0,0,0,0,0,-70000,0,0,0,2000,72000,-70000,-70000
048135,瀚宇博國票94購01,0,0,0,0,0,0,0,0,0,-70000,0,0,0,0,70000,-70000,-70000
038489,T50反1台新9A購01,0,0,0,0,0,0,0,0,0,-70000,0,0,0,0,70000,-70000,-70000
052207,台郡中信95購02  ,0,0,0,0,0,0,0,0,0,-70000,0,0,0,0,70000,-70000,-70000
04877P,聯發科麥證94售04,0,0,0,30000,100000,-70000,0,0,0,-70000,0,0,0,30000,100000,-70000,-70000
050064,華新科凱基94購08,0,0,0,0,0,0,0,0,0,-70000,0,0,0,111000,181000,-70000,-70000
053151,華新科元大96購04,0,0,0,0,0,0,0,0,0,-70000,0,0,0,5000,75000,-70000,-70000
052794,群創兆豐97購01  ,0,0,0,0,0,0,0,0,0,-70000,0,0,0,0,70000,-70000,-70000
050750,上銀統一94購02  ,0,0,0,0,0,0,0,0,0,-70000,0,0,0,245000,315000,-70000,-70000
050742,新日興永豐94購01,0,0,0,0,0,0,0,0,0,-70000,0,0,0,0,70000,-70000,-70000
053924,京鼎國票97購01  ,0,0,0,0,0,0,0,0,0,-70000,0,0,0,0,70000,-70000,-70000
054481,鎧勝中信96購01  ,0,0,0,0,0,0,0,0,0,-70000,0,0,0,100000,170000,-70000,-70000
054639,台新金中信99購01,0,0,0,0,0,0,0,0,0,-70000,0,0,0,0,70000,-70000,-70000
054536,宏達電富邦97購03,0,0,0,0,0,0,0,0,0,-70000,0,0,0,50000,120000,-70000,-70000
055189,台虹統一97購01  ,0,0,0,0,0,0,0,0,0,-70000,0,0,0,0,70000,-70000,-70000
055349,京元電凱基97購02,0,0,0,0,0,0,0,0,0,-70000,0,0,0,60000,130000,-70000,-70000
053764,A50正2富邦99購01,0,0,0,0,0,0,0,0,0,-70000,0,0,0,0,70000,-70000,-70000
06627P,華新科元富99售01,0,0,0,0,0,0,0,0,0,-70000,0,0,0,61000,131000,-70000,-70000
06790P,台積電凱基9A售04,0,0,0,0,0,0,0,0,0,-70000,0,0,0,147000,217000,-70000,-70000
4942,嘉彰            ,118000,194000,-76000,0,0,0,0,0,0,6000,10000,4000,6000,0,0,0,-70000
8429,金麗-KY         ,5000,67000,-62000,0,0,0,0,0,0,-8000,0,8000,-8000,0,0,0,-70000
3406,玉晶光          ,617705,757000,-139295,0,0,0,181000,0,181000,-112000,42000,99000,-57000,1000,56000,-55000,-70295
06505P,康控國票99售02  ,0,0,0,0,0,0,0,0,0,-71000,0,0,0,0,71000,-71000,-71000
057084,立積統一9B購01  ,0,0,0,0,0,0,0,0,0,-71000,0,0,0,52000,123000,-71000,-71000
048261,鴻海元富95購01  ,0,0,0,0,0,0,0,0,0,-71000,0,0,0,143000,214000,-71000,-71000
049759,元黃金富邦9A購01,0,0,0,0,0,0,0,0,0,-71000,0,0,0,0,71000,-71000,-71000
00866,新光Shiller CAPE,0,0,0,0,0,0,0,0,0,-71000,0,0,0,14000,85000,-71000,-71000
049304,元油2X凱基95購05,0,0,0,0,0,0,0,0,0,-71000,0,0,0,4000,75000,-71000,-71000
051854,鴻海麥證95購04  ,0,0,0,0,71000,-71000,0,0,0,-71000,0,0,0,0,71000,-71000,-71000
053520,康友群益96購01  ,0,0,0,0,0,0,0,0,0,-71000,0,0,0,0,71000,-71000,-71000
054549,台積電凱基98購01,0,0,0,0,0,0,0,0,0,-71000,0,0,0,0,71000,-71000,-71000
054923,晶技凱基98購01  ,0,0,0,0,0,0,0,0,0,-71000,0,0,0,104000,175000,-71000,-71000
2850,新產            ,5000,76000,-71000,0,0,0,0,0,0,0,0,0,0,0,0,0,-71000
1810,和成            ,2000,68000,-66000,0,0,0,0,0,0,-5000,0,5000,-5000,0,0,0,-71000
06215P,康控永豐97售02  ,0,0,0,0,0,0,0,0,0,-72000,0,0,0,38000,110000,-72000,-72000
05992P,華通元大96售05  ,0,0,0,0,0,0,0,0,0,-72000,0,0,0,0,72000,-72000,-72000
05938P,旺宏凱基96售07  ,0,0,0,0,0,0,0,0,0,-72000,0,0,0,0,72000,-72000,-72000
058026,上銀富邦9A購01  ,0,0,0,0,0,0,0,0,0,-72000,0,0,0,148000,220000,-72000,-72000
058019,美律凱基99購04  ,0,0,0,0,0,0,0,0,0,-72000,0,0,0,0,72000,-72000,-72000
05070P,鴻海統一96售04  ,0,0,0,0,0,0,0,0,0,-72000,0,0,0,1000,73000,-72000,-72000
052186,宏達電群益95購04,0,0,0,0,0,0,0,0,0,-72000,0,0,0,19000,91000,-72000,-72000
053960,晶技永豐96購02  ,0,0,0,0,0,0,0,0,0,-72000,0,0,0,0,72000,-72000,-72000
052714,義隆凱基96購02  ,0,0,0,0,0,0,0,0,0,-72000,0,0,0,49000,121000,-72000,-72000
055722,聯鈞元大97購03  ,0,0,0,0,0,0,0,0,0,-72000,0,0,0,32000,104000,-72000,-72000
056088,台郡統一97購02  ,0,0,0,0,0,0,0,0,0,-72000,0,0,0,18000,90000,-72000,-72000
056127,致新國票98購02  ,0,0,0,0,0,0,0,0,0,-72000,0,0,0,116000,188000,-72000,-72000
056472,美律元大99購03  ,0,0,0,0,0,0,0,0,0,-72000,0,0,0,30000,102000,-72000,-72000
06833P,矽力群益99售01  ,0,0,0,0,0,0,0,0,0,-72000,0,0,0,91000,163000,-72000,-72000
06966P,健策台新9A售02  ,0,0,0,0,0,0,0,0,0,-72000,0,0,0,0,72000,-72000,-72000
2609,陽明            ,141000,213000,-72000,0,0,0,0,0,0,0,0,0,0,0,0,0,-72000
3703,欣陸            ,49000,116000,-67000,0,0,0,0,0,0,-5000,0,5000,-5000,0,0,0,-72000
8016,矽創            ,369693,481000,-111307,0,0,0,132000,0,132000,-93000,0,5000,-5000,15000,103000,-88000,-72307
058436,聯發科統一9B購03,0,0,0,0,0,0,0,0,0,-73000,0,0,0,0,73000,-73000,-73000
06038P,國泰金台新96售01,0,0,0,0,0,0,0,0,0,-73000,0,0,0,0,73000,-73000,-73000
057568,友訊永豐99購01  ,0,0,0,0,0,0,0,0,0,-73000,0,0,0,0,73000,-73000,-73000
04687P,全新凱基94售02  ,0,0,0,0,0,0,0,0,0,-73000,0,0,0,0,73000,-73000,-73000
03425B,臺股指元大9A熊01,0,0,0,0,0,0,0,0,0,-73000,0,0,0,50000,123000,-73000,-73000
052057,臺股指凱基95購15,0,0,0,0,0,0,0,0,0,-73000,0,0,0,0,73000,-73000,-73000
050451,嘉晶元大95購01  ,0,0,0,0,0,0,0,0,0,-73000,0,0,0,265000,338000,-73000,-73000
052565,上銀凱基96購01  ,0,0,0,0,0,0,0,0,0,-73000,0,0,0,22000,95000,-73000,-73000
054240,訊芯群益96購03  ,0,0,0,0,0,0,0,0,0,-73000,0,0,0,26000,99000,-73000,-73000
051083,A50正2元大98購01,0,0,0,0,0,0,0,0,0,-73000,0,0,0,12000,85000,-73000,-73000
056282,S&P反1永豐97購01,0,0,0,0,0,0,0,0,0,-73000,0,0,0,0,73000,-73000,-73000
055657,超眾元富97購02  ,0,0,0,0,0,0,0,0,0,-73000,0,0,0,47000,120000,-73000,-73000
055296,康舒元大97購02  ,0,0,0,0,0,0,0,0,0,-73000,0,0,0,0,73000,-73000,-73000
056544,貿聯凱基98購03  ,0,0,0,0,0,0,0,0,0,-73000,0,0,0,0,73000,-73000,-73000
3518,柏騰            ,17000,89000,-72000,0,0,0,0,0,0,-1000,0,1000,-1000,0,0,0,-73000
2104,國際中橡        ,222000,243000,-21000,0,0,0,0,0,0,-52000,2000,49000,-47000,0,5000,-5000,-73000
1592,英瑞-KY         ,6000,78000,-72000,0,0,0,0,0,0,-1000,0,1000,-1000,0,0,0,-73000
05761P,嘉澤永豐96售01  ,0,0,0,0,0,0,0,0,0,-74000,0,0,0,40000,114000,-74000,-74000
058428,大立光元富99購02,0,0,0,0,0,0,0,0,0,-74000,0,0,0,2000,76000,-74000,-74000
058147,鈺齊元大99購01  ,0,0,0,0,0,0,0,0,0,-74000,0,0,0,205000,279000,-74000,-74000
052069,聯茂兆豐96購01  ,0,0,0,0,0,0,0,0,0,-74000,0,0,0,236000,310000,-74000,-74000
048210,鴻海日盛93購01  ,0,0,0,0,0,0,0,0,0,-74000,0,0,0,120000,194000,-74000,-74000
04994P,大成鋼凱基95售01,0,0,0,0,0,0,0,0,0,-74000,0,0,0,8000,82000,-74000,-74000
054084,旺宏統一97購05  ,0,0,0,0,0,0,0,0,0,-74000,0,0,0,0,74000,-74000,-74000
052642,滬深2X永豐96購03,0,0,0,0,0,0,0,0,0,-74000,0,0,0,30000,104000,-74000,-74000
054582,致新元大97購01  ,0,0,0,0,0,0,0,0,0,-74000,0,0,0,10000,84000,-74000,-74000
054472,道瓊反中信9A購01,0,0,0,0,0,0,0,0,0,-74000,0,0,0,6000,80000,-74000,-74000
053677,同欣電國泰97購01,0,0,0,0,0,0,0,0,0,-74000,0,0,0,20000,94000,-74000,-74000
05630P,大立光永昌96售06,0,0,0,0,0,0,0,0,0,-74000,0,0,0,0,74000,-74000,-74000
6591,動力-KY         ,34000,108000,-74000,0,0,0,0,0,0,0,0,0,0,0,0,0,-74000
2429,銘旺科          ,50000,124000,-74000,0,0,0,0,0,0,0,0,0,0,0,0,0,-74000
057586,台積電國票99購06,0,0,0,0,0,0,0,0,0,-75000,0,0,0,11000,86000,-75000,-75000
057431,京鼎兆豐98購02  ,0,0,0,0,0,0,0,0,0,-75000,0,0,0,0,75000,-75000,-75000
052269,T50反1日盛9B購01,0,0,0,0,0,0,0,0,0,-75000,0,0,0,150000,225000,-75000,-75000
049178,宏達電凱基94購02,0,0,0,0,0,0,0,0,0,-75000,0,0,0,250000,325000,-75000,-75000
048652,巨大元大96購01  ,0,0,0,0,0,0,0,0,0,-75000,0,0,0,60000,135000,-75000,-75000
045871,元油2X元富96購03,0,0,0,0,0,0,0,0,0,-75000,0,0,0,76000,151000,-75000,-75000
04547P,高鐵元大94售01  ,0,0,0,0,0,0,0,0,0,-75000,0,0,0,1000,76000,-75000,-75000
049319,GIS凱基94購03   ,0,0,0,0,0,0,0,0,0,-75000,0,0,0,0,75000,-75000,-75000
052148,康友群益95購03  ,0,0,0,0,0,0,0,0,0,-75000,0,0,0,123000,198000,-75000,-75000
052454,力成元大95購02  ,0,0,0,0,0,0,0,0,0,-75000,0,0,0,0,75000,-75000,-75000
054344,景碩國票97購04  ,0,0,0,0,0,0,0,0,0,-75000,0,0,0,25000,100000,-75000,-75000
053761,健策國泰98購01  ,0,0,0,0,0,0,0,0,0,-75000,0,0,0,378000,453000,-75000,-75000
053736,友達麥證96購01  ,0,0,0,35000,110000,-75000,0,0,0,-75000,0,0,0,35000,110000,-75000,-75000
053786,新日興元大96購02,0,0,0,0,0,0,0,0,0,-75000,0,0,0,0,75000,-75000,-75000
055914,大立光凱基97購13,0,0,0,0,0,0,0,0,0,-75000,0,0,0,0,75000,-75000,-75000
06884P,台郡群益98售03  ,0,0,0,0,0,0,0,0,0,-75000,0,0,0,21000,96000,-75000,-75000
057461,國巨永豐98購07  ,0,0,0,0,0,0,0,0,0,-76000,0,0,0,8000,84000,-76000,-76000
057163,上銀元大98購04  ,0,0,0,0,0,0,0,0,0,-76000,0,0,0,13000,89000,-76000,-76000
056864,新日興群益99購01,0,0,0,0,0,0,0,0,0,-76000,0,0,0,0,76000,-76000,-76000
05434P,世紀鋼元富95售02,0,0,0,0,0,0,0,0,0,-76000,0,0,0,0,76000,-76000,-76000
054220,國巨統一97購02  ,0,0,0,0,0,0,0,0,0,-76000,0,0,0,22000,98000,-76000,-76000
050870,旭富永豐95購01  ,0,0,0,0,0,0,0,0,0,-76000,0,0,0,112000,188000,-76000,-76000
052821,晶技永豐96購01  ,0,0,0,0,0,0,0,0,0,-76000,0,0,0,0,76000,-76000,-76000
055866,臺股指元大97購03,0,0,0,0,0,0,0,0,0,-76000,0,0,0,0,76000,-76000,-76000
055811,國巨國票98購05  ,0,0,0,0,0,0,0,0,0,-76000,0,0,0,39000,115000,-76000,-76000
8105,凌巨            ,146000,194000,-48000,0,0,0,0,0,0,-28000,0,28000,-28000,0,0,0,-76000
057806,國巨元大98購20  ,0,0,0,0,0,0,0,0,0,-77000,0,0,0,27000,104000,-77000,-77000
058163,道瓊反凱基9B購01,0,0,0,0,0,0,0,0,0,-77000,0,0,0,0,77000,-77000,-77000
058303,華通元大99購03  ,0,0,0,0,0,0,0,0,0,-77000,0,0,0,35000,112000,-77000,-77000
049298,矽格群益95購01  ,0,0,0,0,0,0,0,0,0,-77000,0,0,0,134000,211000,-77000,-77000
053369,T50反1元大96購06,0,0,0,0,0,0,0,0,0,-77000,0,0,0,0,77000,-77000,-77000
050605,上証2X元大97購02,0,0,0,0,0,0,0,0,0,-77000,0,0,0,0,77000,-77000,-77000
052360,FB上証國票96購01,0,0,0,0,0,0,0,0,0,-77000,0,0,0,0,77000,-77000,-77000
053431,志超永豐96購01  ,0,0,0,0,0,0,0,0,0,-77000,0,0,0,0,77000,-77000,-77000
056525,T50反1凱基99購06,0,0,0,0,0,0,0,0,0,-77000,0,0,0,0,77000,-77000,-77000
055046,上銀永豐97購01  ,0,0,0,0,0,0,0,0,0,-77000,0,0,0,0,77000,-77000,-77000
2852,第一保          ,0,77000,-77000,0,0,0,0,0,0,0,0,0,0,0,0,0,-77000
058088,鴻海元大9A購01  ,0,0,0,0,0,0,0,0,0,-78000,0,0,0,45000,123000,-78000,-78000
058034,神達永豐98購02  ,0,0,0,0,0,0,0,0,0,-78000,0,0,0,10000,88000,-78000,-78000
057600,大立光群益99購03,0,0,0,0,0,0,0,0,0,-78000,0,0,0,27000,105000,-78000,-78000
057507,貿聯國票98購02  ,0,0,0,0,0,0,0,0,0,-78000,0,0,0,0,78000,-78000,-78000
057317,技嘉凱基98購02  ,0,0,0,0,0,0,0,0,0,-78000,0,0,0,10000,88000,-78000,-78000
04721P,正崴凱基94售02  ,0,0,0,0,0,0,0,0,0,-78000,0,0,0,0,78000,-78000,-78000
050420,鴻海凱基95購03  ,0,0,0,0,0,0,0,0,0,-78000,0,0,0,0,78000,-78000,-78000
053406,國巨兆豐96購02  ,0,0,0,0,0,0,0,0,0,-78000,0,0,0,91000,169000,-78000,-78000
053709,台達電凱基96購04,0,0,0,0,0,0,0,0,0,-78000,0,0,0,0,78000,-78000,-78000
053845,和大元富96購01  ,0,0,0,0,0,0,0,0,0,-78000,0,0,0,0,78000,-78000,-78000
2399,映泰            ,47000,118000,-71000,0,0,0,0,0,0,-7000,0,7000,-7000,0,0,0,-78000
06701P,臺股指統一99售06,0,0,0,0,0,0,0,0,0,-78000,0,0,0,150000,228000,-78000,-78000
053417,上銀永豐96購02  ,0,0,0,0,0,0,0,0,0,-79000,0,0,0,141000,220000,-79000,-79000
05153P,台表科群益96售01,0,0,0,0,0,0,0,0,0,-79000,0,0,0,220000,299000,-79000,-79000
053720,宏達電凱基97購01,0,0,0,0,0,0,0,0,0,-79000,0,0,0,79000,158000,-79000,-79000
055452,台積電元富97購03,0,0,0,0,0,0,0,0,0,-79000,0,0,0,100000,179000,-79000,-79000
1598,岱宇            ,4000,15000,-11000,0,0,0,0,0,0,-68000,0,68000,-68000,0,0,0,-79000
1582,信錦            ,34000,170250,-136250,0,0,0,0,0,0,57000,63000,6000,57000,0,0,0,-79250
1315,達新            ,42000,121500,-79500,0,0,0,0,0,0,0,3000,3000,0,0,0,0,-79500
057119,微星康和98購01  ,0,0,0,0,0,0,0,0,0,-80000,0,0,0,0,80000,-80000,-80000
06114P,台積電統一97售03,0,0,0,0,0,0,0,0,0,-80000,0,0,0,0,80000,-80000,-80000
05974P,國巨富邦97售03  ,0,0,0,0,0,0,0,0,0,-80000,0,0,0,9000,89000,-80000,-80000
06224P,可成元富97售02  ,0,0,0,0,0,0,0,0,0,-80000,0,0,0,0,80000,-80000,-80000
045870,元油2X元富96購02,0,0,0,0,0,0,0,0,0,-80000,0,0,0,0,80000,-80000,-80000
049303,S&P反1凱基94購02,0,0,0,0,0,0,0,0,0,-80000,0,0,0,519000,599000,-80000,-80000
053377,台積電元大98購01,0,0,0,0,0,0,0,0,0,-80000,0,0,0,0,80000,-80000,-80000
04993P,上銀兆豐96售01  ,10000,0,10000,0,0,0,0,0,0,-90000,0,0,0,7000,97000,-90000,-80000
049833,正文凱基94購05  ,0,0,0,0,0,0,0,0,0,-80000,0,0,0,120000,200000,-80000,-80000
049524,可成兆豐95購02  ,0,0,0,0,0,0,0,0,0,-80000,0,0,0,0,80000,-80000,-80000
054208,台積電國票97購07,0,0,0,0,0,0,0,0,0,-80000,0,0,0,2000,82000,-80000,-80000
050442,復盛凱基94購01  ,0,0,0,0,0,0,0,0,0,-80000,0,0,0,200000,280000,-80000,-80000
051231,健策群益97購01  ,0,0,0,0,0,0,0,0,0,-80000,0,0,0,69000,149000,-80000,-80000
055543,為升凱基97購01  ,0,0,0,0,0,0,0,0,0,-80000,0,0,0,0,80000,-80000,-80000
056598,京元電元富98購01,0,0,0,0,0,0,0,0,0,-80000,0,0,0,128000,208000,-80000,-80000
055240,京元電元富97購01,0,0,0,0,0,0,0,0,0,-80000,0,0,0,10000,90000,-80000,-80000
054785,建準群益98購01  ,0,0,0,0,0,0,0,0,0,-80000,0,0,0,0,80000,-80000,-80000
053822,正文群益97購01  ,0,0,0,0,0,0,0,0,0,-80000,0,0,0,0,80000,-80000,-80000
056475,宏達電元大99購02,0,0,0,0,0,0,0,0,0,-80000,0,0,0,30000,110000,-80000,-80000
056395,玉晶光永豐9B購01,0,0,0,0,0,0,0,0,0,-80000,0,0,0,22000,102000,-80000,-80000
06687P,A50正2中信9A售01,0,0,0,0,0,0,0,0,0,-80000,0,0,0,240000,320000,-80000,-80000
06732P,台灣50日盛9A售01,0,0,0,0,0,0,0,0,0,-80000,0,0,0,30000,110000,-80000,-80000
2511,太子            ,80000,145000,-65000,0,0,0,0,0,0,-15000,0,15000,-15000,0,0,0,-80000
2481,強茂            ,277000,274100,2900,0,0,0,0,0,0,-83000,0,16000,-16000,10000,77000,-67000,-80100
058085,景碩群益9A購01  ,0,0,0,0,0,0,0,0,0,-81000,0,0,0,0,81000,-81000,-81000
056862,聯發科群益98購03,0,0,0,0,0,0,0,0,0,-81000,0,0,0,153000,234000,-81000,-81000
056669,貿聯國票99購01  ,0,0,0,0,0,0,0,0,0,-81000,0,0,0,50000,131000,-81000,-81000
048471,旭富永豐93購01  ,0,0,0,0,0,0,0,0,0,-81000,0,0,0,248000,329000,-81000,-81000
049289,樺漢兆豐94購01  ,0,0,0,0,0,0,0,0,0,-81000,0,0,0,40000,121000,-81000,-81000
047457,旺宏群益95購01  ,0,0,0,0,0,0,0,0,0,-81000,0,0,0,12000,93000,-81000,-81000
052926,旺宏元大98購02  ,0,0,0,0,0,0,0,0,0,-81000,0,0,0,31000,112000,-81000,-81000
051855,道瓊反凱基97購01,0,0,0,0,0,0,0,0,0,-81000,0,0,0,31000,112000,-81000,-81000
051939,同欣電群益97購01,0,0,0,0,0,0,0,0,0,-81000,0,0,0,10000,91000,-81000,-81000
050919,台積電凱基95購03,0,0,0,0,0,0,0,0,0,-81000,0,0,0,241000,322000,-81000,-81000
055224,鴻海國票99購02  ,0,0,0,0,0,0,0,0,0,-81000,0,0,0,10000,91000,-81000,-81000
06741P,台積電富邦98售04,0,0,0,0,0,0,0,0,0,-81000,0,0,0,62000,143000,-81000,-81000
057095,祥碩元富98購02  ,0,0,0,0,0,0,0,0,0,-82000,0,0,0,190000,272000,-82000,-82000
057929,上銀群益98購02  ,0,0,0,0,0,0,0,0,0,-82000,0,0,0,41000,123000,-82000,-82000
05827P,台積電統一96售10,0,0,0,0,0,0,0,0,0,-82000,0,0,0,20000,102000,-82000,-82000
06414P,矽力凱基97售03  ,0,0,0,0,0,0,0,0,0,-82000,0,0,0,11000,93000,-82000,-82000
04756P,大立光元富94售08,0,0,0,0,0,0,0,0,0,-82000,0,0,0,1000,83000,-82000,-82000
047897,可成群益94購01  ,0,0,0,0,0,0,0,0,0,-82000,0,0,0,78000,160000,-82000,-82000
044016,義隆凱基93購01  ,0,0,0,0,0,0,0,0,0,-82000,0,0,0,46000,128000,-82000,-82000
03765P,大立光元富96售01,0,0,0,0,0,0,0,0,0,-82000,0,0,0,1000,83000,-82000,-82000
049843,康友中信95購01  ,0,0,0,0,0,0,0,0,0,-82000,0,0,0,32000,114000,-82000,-82000
055353,華新科凱基98購03,0,0,0,0,0,0,0,0,0,-82000,0,0,0,25000,107000,-82000,-82000
054613,大立光永豐97購02,0,0,0,0,0,0,0,0,0,-82000,0,0,0,6000,88000,-82000,-82000
057976,旺宏永豐98購03  ,0,0,0,0,0,0,0,0,0,-83000,0,0,0,106000,189000,-83000,-83000
057675,同欣電元大98購02,0,0,0,0,0,0,0,0,0,-83000,0,0,0,0,83000,-83000,-83000
057799,世紀鋼兆豐98購01,0,0,0,0,0,0,0,0,0,-83000,0,0,0,262000,345000,-83000,-83000
048484,大立光國泰95購02,0,0,0,0,0,0,0,0,0,-83000,0,0,0,29000,112000,-83000,-83000
049625,智易群益95購01  ,0,0,0,0,0,0,0,0,0,-83000,0,0,0,76000,159000,-83000,-83000
00702,國泰標普低波高息,0,0,0,0,0,0,0,0,0,-83000,0,0,0,9000,92000,-83000,-83000
05263P,台積電元大96售09,0,0,0,0,0,0,0,0,0,-83000,0,0,0,20000,103000,-83000,-83000
054809,大成鋼元大97購01,0,0,0,0,0,0,0,0,0,-83000,0,0,0,48000,131000,-83000,-83000
055239,帆宣台新97購01  ,0,0,0,0,0,0,0,0,0,-83000,0,0,0,65000,148000,-83000,-83000
055525,國巨群益98購05  ,0,0,0,0,0,0,0,0,0,-83000,0,0,0,32000,115000,-83000,-83000
056171,鴻海元富97購10  ,0,0,0,0,0,0,0,0,0,-83000,0,0,0,0,83000,-83000,-83000
06611P,祥碩國票98售01  ,0,0,0,0,0,0,0,0,0,-83000,0,0,0,0,83000,-83000,-83000
1435,中福            ,13000,96000,-83000,0,0,0,0,0,0,0,0,0,0,0,0,0,-83000
058045,鴻海元大99購08  ,0,0,0,0,0,0,0,0,0,-84000,0,0,0,44000,128000,-84000,-84000
048059,欣興國泰95購01  ,0,0,0,0,0,0,0,0,0,-84000,0,0,0,170000,254000,-84000,-84000
050628,美律中信94購02  ,0,0,0,0,0,0,0,0,0,-84000,0,0,0,10000,94000,-84000,-84000
056239,宏達電群益98購01,0,0,0,0,0,0,0,0,0,-84000,0,0,0,30000,114000,-84000,-84000
055012,茂林元富97購01  ,0,0,0,0,0,0,0,0,0,-84000,0,0,0,549000,633000,-84000,-84000
054813,鴻海元大97購09  ,0,0,0,0,0,0,0,0,0,-84000,0,0,0,354000,438000,-84000,-84000
1104,環泥            ,5000,89000,-84000,0,0,0,0,0,0,0,0,0,0,0,0,0,-84000
06405P,億光元富97售02  ,0,0,0,0,0,0,0,0,0,-85000,0,0,0,25000,110000,-85000,-85000
05966P,矽力凱基96售03  ,0,0,0,0,0,0,0,0,0,-85000,0,0,0,0,85000,-85000,-85000
00713,元大台灣高息低波,0,73000,-73000,0,0,0,0,0,0,-12000,0,0,0,15000,27000,-12000,-85000
052787,國巨中信96購02  ,0,0,0,0,0,0,0,0,0,-85000,0,0,0,29000,114000,-85000,-85000
050893,鴻海元大96購03  ,0,0,0,0,0,0,0,0,0,-85000,0,0,0,22000,107000,-85000,-85000
05610P,國巨群益98售01  ,0,0,0,0,0,0,0,0,0,-85000,0,0,0,45000,130000,-85000,-85000
055907,台虹兆豐98購01  ,0,0,0,0,0,0,0,0,0,-85000,0,0,0,20000,105000,-85000,-85000
06998P,S&P正2中信9B售01,0,0,0,0,0,0,0,0,0,-85000,0,0,0,60000,145000,-85000,-85000
06683P,訊芯元大98售07  ,0,0,0,0,0,0,0,0,0,-85000,0,0,0,190000,275000,-85000,-85000
057854,聯發科國票99購03,0,0,0,0,0,0,0,0,0,-86000,0,0,0,39000,125000,-86000,-86000
054067,百和國票97購03  ,0,0,0,0,0,0,0,0,0,-86000,0,0,0,20000,106000,-86000,-86000
052830,台光電群益96購01,0,0,0,0,0,0,0,0,0,-86000,0,0,0,68000,154000,-86000,-86000
056118,聯詠群益97購03  ,0,0,0,0,0,0,0,0,0,-86000,0,0,0,12000,98000,-86000,-86000
06665P,欣興兆豐99售01  ,0,0,0,0,0,0,0,0,0,-86000,0,0,0,4000,90000,-86000,-86000
058115,台光電中信99購01,0,0,0,0,0,0,0,0,0,-87000,0,0,0,85000,172000,-87000,-87000
058290,南電國票9A購01  ,0,0,0,0,0,0,0,0,0,-87000,0,0,0,31000,118000,-87000,-87000
06152P,玉晶光元大98售06,0,0,0,0,0,0,0,0,0,-87000,0,0,0,53000,140000,-87000,-87000
056865,樺漢群益98購01  ,0,0,0,0,0,0,0,0,0,-87000,0,0,0,120000,207000,-87000,-87000
053829,力成麥證96購01  ,0,0,0,30000,117000,-87000,0,0,0,-87000,0,0,0,30000,117000,-87000,-87000
055737,開發金元富97購01,0,0,0,0,0,0,0,0,0,-87000,0,0,0,0,87000,-87000,-87000
054404,新日興康和96購01,0,0,0,0,0,0,0,0,0,-87000,0,0,0,46000,133000,-87000,-87000
056828,國巨富邦9A購03  ,0,0,0,0,0,0,0,0,0,-88000,0,0,0,14000,102000,-88000,-88000
057171,台光電元大9B購01,0,0,0,0,0,0,0,0,0,-88000,0,0,0,49000,137000,-88000,-88000
057622,元油2X國泰99購03,0,0,0,0,0,0,0,0,0,-88000,0,0,0,0,88000,-88000,-88000
057466,泰鼎永豐98購01  ,0,0,0,0,0,0,0,0,0,-88000,0,0,0,79000,167000,-88000,-88000
058345,台光電群益99購03,0,0,0,0,0,0,0,0,0,-88000,0,0,0,45000,133000,-88000,-88000
058027,鴻海富邦98購04  ,0,0,0,0,0,0,0,0,0,-88000,0,0,0,10000,98000,-88000,-88000
042752,台灣50元大96購03,0,0,0,0,0,0,0,0,0,-88000,0,0,0,154000,242000,-88000,-88000
049681,旺宏統一94購04  ,0,0,0,0,0,0,0,0,0,-88000,0,0,0,110000,198000,-88000,-88000
049137,華通元大95購02  ,0,0,0,0,0,0,0,0,0,-88000,0,0,0,82000,170000,-88000,-88000
048994,南電元大94購03  ,0,0,0,0,0,0,0,0,0,-88000,0,0,0,0,88000,-88000,-88000
055083,康友中信97購01  ,0,0,0,0,0,0,0,0,0,-88000,0,0,0,5000,93000,-88000,-88000
055356,大立光凱基97購06,0,0,0,0,0,0,0,0,0,-88000,0,0,0,10000,98000,-88000,-88000
056062,大立光元大97購12,0,0,0,0,0,0,0,0,0,-88000,0,0,0,0,88000,-88000,-88000
2476,鉅祥            ,1000,76000,-75000,0,0,0,0,0,0,-13000,0,13000,-13000,0,0,0,-88000
06412P,南亞科日盛97售01,0,0,0,0,0,0,0,0,0,-89000,0,0,0,0,89000,-89000,-89000
057140,宏達電兆豐98購01,0,0,0,0,0,0,0,0,0,-89000,0,0,0,5000,94000,-89000,-89000
049803,華新科元大95購07,0,0,0,0,0,0,0,0,0,-89000,0,0,0,68000,157000,-89000,-89000
05020P,廣達中信95售01  ,0,0,0,0,0,0,0,0,0,-89000,0,0,0,10000,99000,-89000,-89000
053265,南亞科群益96購02,0,0,0,0,0,0,0,0,0,-89000,0,0,0,161000,250000,-89000,-89000
054103,T50反1凱基99購04,0,0,0,0,0,0,0,0,0,-89000,0,0,0,5000,94000,-89000,-89000
056064,大立光元大97購14,0,0,0,0,0,0,0,0,0,-89000,0,0,0,0,89000,-89000,-89000
053507,百和兆豐96購01  ,0,0,0,0,0,0,0,0,0,-89000,0,0,0,10000,99000,-89000,-89000
055149,國巨元大97購06  ,0,0,0,0,0,0,0,0,0,-89000,0,0,0,33000,122000,-89000,-89000
055151,台積電元大98購05,0,0,0,0,0,0,0,0,0,-89000,0,0,0,0,89000,-89000,-89000
054874,帆宣群益99購02  ,0,0,0,0,0,0,0,0,0,-89000,0,0,0,11000,100000,-89000,-89000
055284,全新元大99購01  ,0,0,0,0,0,0,0,0,0,-89000,0,0,0,28000,117000,-89000,-89000
057690,美律凱基99購03  ,0,0,0,0,0,0,0,0,0,-90000,0,0,0,0,90000,-90000,-90000
057582,亞光中信9A購02  ,0,0,0,0,0,0,0,0,0,-90000,0,0,0,0,90000,-90000,-90000
05782P,聯詠元富96售02  ,0,0,0,0,0,0,0,0,0,-90000,0,0,0,20000,110000,-90000,-90000
050130,華新科凱基94購09,0,0,0,0,0,0,0,0,0,-90000,0,0,0,0,90000,-90000,-90000
053341,聯發科國票97購03,0,0,0,0,0,0,0,0,0,-90000,0,0,0,0,90000,-90000,-90000
051207,聯茂麥證95購01  ,0,0,0,0,90000,-90000,0,0,0,-90000,0,0,0,0,90000,-90000,-90000
048726,儒鴻麥證95購01  ,0,0,0,40000,130000,-90000,0,0,0,-90000,0,0,0,40000,130000,-90000,-90000
049380,欣興元大94購04  ,0,0,0,0,0,0,0,0,0,-90000,0,0,0,0,90000,-90000,-90000
047137,健策凱基94購01  ,0,0,0,0,0,0,0,0,0,-90000,0,0,0,50000,140000,-90000,-90000
054367,鴻海中信98購03  ,0,0,0,0,0,0,0,0,0,-90000,0,0,0,0,90000,-90000,-90000
051053,台光電群益95購01,0,0,0,0,0,0,0,0,0,-90000,0,0,0,32000,122000,-90000,-90000
053291,旺宏中信9A購01  ,0,0,0,0,0,0,0,0,0,-90000,0,0,0,0,90000,-90000,-90000
052807,貿聯元大98購01  ,0,0,0,0,0,0,0,0,0,-90000,0,0,0,10000,100000,-90000,-90000
051406,泰鼎永豐96購01  ,0,0,0,0,0,0,0,0,0,-90000,0,0,0,3000,93000,-90000,-90000
050280,國巨日盛94購01  ,0,0,0,0,0,0,0,0,0,-90000,0,0,0,138000,228000,-90000,-90000
05285P,同欣電群益95售02,0,0,0,0,0,0,0,0,0,-90000,0,0,0,0,90000,-90000,-90000
050526,貿聯元大95購01  ,0,0,0,0,0,0,0,0,0,-90000,0,0,0,10000,100000,-90000,-90000
054713,國巨中信9B購01  ,0,0,0,0,0,0,0,0,0,-90000,0,0,0,896000,986000,-90000,-90000
054966,貿聯元大98購02  ,0,0,0,0,0,0,0,0,0,-90000,0,0,0,10000,100000,-90000,-90000
055437,禾伸堂中信99購01,0,0,0,0,0,0,0,0,0,-90000,0,0,0,10000,100000,-90000,-90000
055486,國巨元大98購06  ,0,0,0,0,0,0,0,0,0,-90000,0,0,0,11000,101000,-90000,-90000
053797,台積電中信98購01,0,0,0,0,0,0,0,0,0,-90000,0,0,0,0,90000,-90000,-90000
053752,超眾永豐96購02  ,0,0,0,0,0,0,0,0,0,-90000,0,0,0,0,90000,-90000,-90000
2030,彰源            ,19000,108000,-89000,0,0,0,0,0,0,-1000,2000,3000,-1000,0,0,0,-90000
057175,美律元大98購03  ,0,0,0,0,0,0,0,0,0,-91000,0,0,0,30000,121000,-91000,-91000
056922,全新兆豐99購01  ,0,0,0,0,0,0,0,0,0,-91000,0,0,0,203000,294000,-91000,-91000
058274,世紀鋼永豐99購01,0,0,0,0,0,0,0,0,0,-91000,0,0,0,95000,186000,-91000,-91000
03832P,臺股指中信95售03,0,0,0,0,0,0,0,0,0,-91000,0,0,0,421000,512000,-91000,-91000
048422,瑞昱元富96購02  ,0,0,0,0,0,0,0,0,0,-91000,0,0,0,12000,103000,-91000,-91000
053121,上証2X凱基9C購01,0,0,0,0,0,0,0,0,0,-91000,0,0,0,5000,96000,-91000,-91000
051879,健策台新96購01  ,0,0,0,0,0,0,0,0,0,-91000,0,0,0,10000,101000,-91000,-91000
054095,同欣電群益98購03,0,0,0,0,0,0,0,0,0,-91000,0,0,0,71000,162000,-91000,-91000
054825,康友元大97購01  ,0,0,0,0,0,0,0,0,0,-91000,0,0,0,213000,304000,-91000,-91000
054425,聯發科富邦99購03,0,0,0,0,0,0,0,0,0,-91000,0,0,0,45000,136000,-91000,-91000
054624,台積電凱基98購03,0,0,0,0,0,0,0,0,0,-91000,0,0,0,0,91000,-91000,-91000
058028,國巨富邦99購04  ,0,0,0,0,0,0,0,0,0,-92000,0,0,0,13000,105000,-92000,-92000
06330P,南亞科群益97售03,0,0,0,0,0,0,0,0,0,-92000,0,0,0,7000,99000,-92000,-92000
056851,瑞儀元富98購01  ,0,0,0,0,0,0,0,0,0,-92000,0,0,0,25000,117000,-92000,-92000
057103,禾伸堂中信9A購01,0,0,0,0,0,0,0,0,0,-92000,0,0,0,38000,130000,-92000,-92000
057045,美律元大99購04  ,0,0,0,0,0,0,0,0,0,-92000,0,0,0,2000,94000,-92000,-92000
050174,技嘉元大94購01  ,0,0,0,0,0,0,0,0,0,-92000,0,0,0,52000,144000,-92000,-92000
053152,大立光元大99購01,0,0,0,0,0,0,0,0,0,-92000,0,0,0,0,92000,-92000,-92000
057138,亞德客兆豐98購01,0,0,0,0,0,0,0,0,0,-93000,0,0,0,17000,110000,-93000,-93000
056839,台光電元富98購02,0,0,0,0,0,0,0,0,0,-93000,0,0,0,7000,100000,-93000,-93000
056486,樺漢元大98購04  ,0,0,0,0,0,0,0,0,0,-93000,0,0,0,167000,260000,-93000,-93000
057518,世紀鋼元富98購01,0,0,0,0,0,0,0,0,0,-93000,0,0,0,918000,1011000,-93000,-93000
06457P,玉晶光統一98售02,0,0,0,0,0,0,0,0,0,-93000,0,0,0,15000,108000,-93000,-93000
057849,南茂永豐98購02  ,0,0,0,0,0,0,0,0,0,-93000,0,0,0,125000,218000,-93000,-93000
049902,大立光元富94購05,0,0,0,0,0,0,0,0,0,-93000,0,0,0,0,93000,-93000,-93000
052035,臺股指群益95購08,0,0,0,0,0,0,0,0,0,-93000,0,0,0,0,93000,-93000,-93000
048000,義隆元大93購03  ,0,0,0,0,0,0,0,0,0,-93000,0,0,0,0,93000,-93000,-93000
052549,喬山國票97購01  ,0,0,0,0,0,0,0,0,0,-93000,0,0,0,7000,100000,-93000,-93000
052293,泰碩國票95購03  ,0,45000,-45000,0,0,0,0,0,0,-48000,0,0,0,148000,196000,-48000,-93000
052406,力成凱基95購03  ,0,0,0,0,0,0,0,0,0,-93000,0,0,0,10000,103000,-93000,-93000
055429,華新科群益99購01,0,0,0,0,0,0,0,0,0,-93000,0,0,0,41000,134000,-93000,-93000
05491P,茂林元大95售04  ,10000,0,10000,0,0,0,0,0,0,-103000,0,0,0,255000,358000,-103000,-93000
056032,勤誠康和97購03  ,0,0,0,0,0,0,0,0,0,-93000,0,0,0,25000,118000,-93000,-93000
056280,上証2X永豐98購01,0,0,0,0,0,0,0,0,0,-93000,0,0,0,0,93000,-93000,-93000
057886,聯詠群益98購01  ,0,0,0,0,0,0,0,0,0,-94000,0,0,0,64000,158000,-94000,-94000
058131,義隆元大99購02  ,0,0,0,0,0,0,0,0,0,-94000,0,0,0,93000,187000,-94000,-94000
057646,玉山金元大98購01,0,0,0,0,0,0,0,0,0,-94000,0,0,0,111000,205000,-94000,-94000
056655,旺宏元大99購02  ,0,0,0,0,0,0,0,0,0,-94000,0,0,0,16000,110000,-94000,-94000
049515,同欣電凱基94購01,0,0,0,0,0,0,0,0,0,-94000,0,0,0,5000,99000,-94000,-94000
050151,台積電群益94購12,0,0,0,0,0,0,0,0,0,-94000,0,0,0,3000,97000,-94000,-94000
05572P,群創統一96售02  ,0,0,0,0,0,0,0,0,0,-94000,0,0,0,0,94000,-94000,-94000
054814,台積電元大97購13,0,0,0,0,0,0,0,0,0,-94000,0,0,0,51000,145000,-94000,-94000
054854,台積電麥證97購01,0,0,0,15000,109000,-94000,0,0,0,-94000,0,0,0,15000,109000,-94000,-94000
054866,宏盛群益98購01  ,0,0,0,0,0,0,0,0,0,-94000,0,0,0,27000,121000,-94000,-94000
054527,國巨統一97購03  ,0,0,0,0,0,0,0,0,0,-94000,0,0,0,0,94000,-94000,-94000
06699P,台積電統一98售11,0,0,0,0,0,0,0,0,0,-94000,0,0,0,10000,104000,-94000,-94000
06783P,亞光元大98售03  ,0,0,0,0,0,0,0,0,0,-94000,0,0,0,2000,96000,-94000,-94000
2908,特力            ,0,87000,-87000,0,0,0,0,0,0,-7000,0,7000,-7000,0,0,0,-94000
057302,福懋科中信98購01,0,0,0,0,0,0,0,0,0,-95000,0,0,0,20000,115000,-95000,-95000
058122,美律國票9A購01  ,0,0,0,0,0,0,0,0,0,-95000,0,0,0,20000,115000,-95000,-95000
06201P,可成元大97售01  ,0,0,0,0,0,0,0,0,0,-95000,0,0,0,227000,322000,-95000,-95000
052243,致茂康和95購01  ,0,0,0,0,0,0,0,0,0,-95000,0,0,0,165000,260000,-95000,-95000
053366,樺漢國泰98購01  ,0,0,0,0,0,0,0,0,0,-95000,0,0,0,12000,107000,-95000,-95000
03639C,元油2X元大9B牛01,0,0,0,0,0,0,0,0,0,-95000,0,0,0,23000,118000,-95000,-95000
04427P,滬深2X元大97售02,0,0,0,0,0,0,0,0,0,-95000,0,0,0,40000,135000,-95000,-95000
052956,聯發科日盛96購01,0,0,0,0,0,0,0,0,0,-95000,0,0,0,0,95000,-95000,-95000
054737,京元電凱基99購01,0,0,0,0,0,0,0,0,0,-95000,0,0,0,70000,165000,-95000,-95000
055537,康友群益97購03  ,0,0,0,0,0,0,0,0,0,-95000,0,0,0,107000,202000,-95000,-95000
6024,群益期          ,0,95000,-95000,0,0,0,0,0,0,0,0,0,0,0,0,0,-95000
0052,富邦科技        ,11000,9000,2000,0,0,0,0,0,0,-98000,0,0,0,119000,217000,-98000,-96000
04958P,和大凱基94售04  ,0,0,0,0,0,0,0,0,0,-96000,0,0,0,25000,121000,-96000,-96000
05539P,鎧勝永豐96售01  ,0,0,0,0,0,0,0,0,0,-96000,0,0,0,10000,106000,-96000,-96000
052610,貿聯元大97購01  ,0,0,0,0,0,0,0,0,0,-96000,0,0,0,29000,125000,-96000,-96000
054962,玉晶光元大99購02,0,0,0,0,0,0,0,0,0,-96000,0,0,0,39000,135000,-96000,-96000
054443,樺漢台新96購02  ,0,0,0,0,0,0,0,0,0,-96000,0,0,0,0,96000,-96000,-96000
055892,國巨統一99購01  ,0,0,0,0,0,0,0,0,0,-96000,0,0,0,139000,235000,-96000,-96000
053866,景碩元大97購02  ,0,0,0,0,0,0,0,0,0,-96000,0,0,0,0,96000,-96000,-96000
057486,美律元大98購04  ,0,0,0,0,0,0,0,0,0,-97000,0,0,0,0,97000,-97000,-97000
057713,美律統一99購01  ,0,0,0,0,0,0,0,0,0,-97000,0,0,0,102000,199000,-97000,-97000
057066,緯穎富邦99購01  ,0,0,0,0,0,0,0,0,0,-97000,0,0,0,14000,111000,-97000,-97000
056954,聯詠富邦9A購01  ,0,0,0,0,0,0,0,0,0,-97000,0,0,0,235000,332000,-97000,-97000
049828,華新科凱基94購06,0,0,0,0,0,0,0,0,0,-97000,0,0,0,90000,187000,-97000,-97000
049986,嘉澤凱基94購02  ,0,0,0,0,0,0,0,0,0,-97000,0,0,0,166000,263000,-97000,-97000
05035P,聯發科元大95售06,0,0,0,0,0,0,0,0,0,-97000,0,0,0,280000,377000,-97000,-97000
052721,友達統一96購01  ,0,0,0,0,0,0,0,0,0,-97000,0,0,0,420000,517000,-97000,-97000
051372,樺漢富邦96購01  ,0,0,0,0,0,0,0,0,0,-97000,0,0,0,106000,203000,-97000,-97000
055852,聯鈞元大98購01  ,0,0,0,0,0,0,0,0,0,-97000,0,0,0,19000,116000,-97000,-97000
2832,台產            ,5000,102000,-97000,0,0,0,0,0,0,0,0,0,0,0,0,0,-97000
058134,信邦元大99購01  ,0,0,0,0,0,0,0,0,0,-98000,0,0,0,2000,100000,-98000,-98000
058231,技嘉元大99購02  ,0,0,0,0,0,0,0,0,0,-98000,0,0,0,95000,193000,-98000,-98000
053324,康舒群益96購01  ,0,0,0,0,0,0,0,0,0,-98000,0,0,0,0,98000,-98000,-98000
051214,大立光統一95購02,0,0,0,0,0,0,0,0,0,-98000,0,0,0,0,98000,-98000,-98000
049873,華新科台新94購02,0,0,0,0,0,0,0,0,0,-98000,0,0,0,8000,106000,-98000,-98000
049501,台郡元大95購01  ,0,0,0,0,0,0,0,0,0,-98000,0,0,0,0,98000,-98000,-98000
04455P,台積電統一94售07,0,0,0,0,0,0,0,0,0,-98000,0,0,0,0,98000,-98000,-98000
052390,聯詠群益95購03  ,0,0,0,0,0,0,0,0,0,-98000,0,0,0,0,98000,-98000,-98000
054859,鴻海群益97購02  ,0,0,0,0,0,0,0,0,0,-98000,0,0,0,0,98000,-98000,-98000
055157,晶豪科元大97購01,0,0,0,0,0,0,0,0,0,-98000,0,0,0,107000,205000,-98000,-98000
055090,國巨群益97購03  ,0,0,0,0,0,0,0,0,0,-98000,0,0,0,0,98000,-98000,-98000
1723,中碳            ,37000,122000,-85000,0,0,0,0,0,0,-13000,0,13000,-13000,0,0,0,-98000
06235P,國巨元大97售12  ,0,0,0,0,0,0,0,0,0,-99000,0,0,0,160000,259000,-99000,-99000
057136,立積凱基98購02  ,0,0,0,0,0,0,0,0,0,-99000,0,0,0,234000,333000,-99000,-99000
052064,臺股指國票95購11,0,0,0,0,0,0,0,0,0,-99000,0,0,0,0,99000,-99000,-99000
052759,京元電群益96購01,0,0,0,0,0,0,0,0,0,-99000,0,0,0,0,99000,-99000,-99000
053759,晶相光國泰98購01,0,0,0,0,0,0,0,0,0,-99000,0,0,0,540000,639000,-99000,-99000
056416,華新科中信98購01,0,0,0,0,0,0,0,0,0,-99000,0,0,0,56000,155000,-99000,-99000
056357,台積電元大9A購01,0,0,0,0,0,0,0,0,0,-99000,0,0,0,113000,212000,-99000,-99000
9924,福興            ,8000,105000,-97000,0,0,0,0,0,0,-2000,0,2000,-2000,0,0,0,-99000
05718P,國巨元大96售09  ,0,0,0,0,0,0,0,0,0,-100000,0,0,0,30000,130000,-100000,-100000
05701P,彩晶凱基96售01  ,0,0,0,0,0,0,0,0,0,-100000,0,0,0,0,100000,-100000,-100000
057018,亞德客凱基98購01,0,0,0,0,0,0,0,0,0,-100000,0,0,0,0,100000,-100000,-100000
057585,鴻海國票99購05  ,0,0,0,0,0,0,0,0,0,-100000,0,0,0,0,100000,-100000,-100000
057481,技嘉元大98購04  ,0,0,0,0,0,0,0,0,0,-100000,0,0,0,87000,187000,-100000,-100000
057543,華通凱基99購02  ,0,0,0,0,0,0,0,0,0,-100000,0,0,0,0,100000,-100000,-100000
05855P,滬深2X中信9C售01,0,0,0,0,0,0,0,0,0,-100000,0,0,0,5000,105000,-100000,-100000
058361,美律凱基99購06  ,0,0,0,0,0,0,0,0,0,-100000,0,0,0,0,100000,-100000,-100000
058507,美律元大9A購01  ,0,0,0,0,0,0,0,0,0,-100000,0,0,0,0,100000,-100000,-100000
058132,義隆元大99購03  ,0,0,0,0,0,0,0,0,0,-100000,0,0,0,141000,241000,-100000,-100000
058165,FBVIX凱基9C購01 ,0,0,0,0,0,0,0,0,0,-100000,0,0,0,5000,105000,-100000,-100000
058038,滬深反元大98購01,0,0,0,0,0,0,0,0,0,-100000,0,0,0,0,100000,-100000,-100000
057851,鴻海國票99購06  ,0,0,0,0,0,0,0,0,0,-100000,0,0,0,0,100000,-100000,-100000
051189,鴻海兆豐96購01  ,0,0,0,0,0,0,0,0,0,-100000,0,0,0,0,100000,-100000,-100000
051142,臺股指永豐95購02,0,0,0,0,0,0,0,0,0,-100000,0,0,0,0,100000,-100000,-100000
049800,瑞昱元大94購05  ,0,0,0,0,0,0,0,0,0,-100000,0,0,0,0,100000,-100000,-100000
049210,昇陽半群益94購02,0,0,0,0,0,0,0,0,0,-100000,0,0,0,0,100000,-100000,-100000
049242,佳世達元富96購01,0,0,0,0,0,0,0,0,0,-100000,0,0,0,10000,110000,-100000,-100000
049496,和鑫元大95購01  ,0,0,0,0,0,0,0,0,0,-100000,0,0,0,0,100000,-100000,-100000
04821P,臺股指永豐94售01,0,0,0,0,0,0,0,0,0,-100000,0,0,0,10000,110000,-100000,-100000
049425,喬山兆豐95購01  ,0,0,0,0,0,0,0,0,0,-100000,0,0,0,0,100000,-100000,-100000
049915,瑞昱元大94購07  ,0,0,0,0,0,0,0,0,0,-100000,0,0,0,0,100000,-100000,-100000
048426,超眾元富93購01  ,0,0,0,0,0,0,0,0,0,-100000,0,0,0,0,100000,-100000,-100000
050195,上海銀元大94購03,0,0,0,0,0,0,0,0,0,-100000,0,0,0,0,100000,-100000,-100000
04453P,聯發科富邦94售04,0,0,0,0,0,0,0,0,0,-100000,0,0,0,6000,106000,-100000,-100000
04507P,台光電元大94售03,0,0,0,0,0,0,0,0,0,-100000,0,0,0,0,100000,-100000,-100000
03751P,旺宏富邦95售01  ,0,0,0,0,0,0,0,0,0,-100000,0,0,0,0,100000,-100000,-100000
04014P,聯發科元大93售18,0,0,0,0,0,0,0,0,0,-100000,0,0,0,0,100000,-100000,-100000
04226P,宏達電元富93售01,0,0,0,0,0,0,0,0,0,-100000,0,0,0,0,100000,-100000,-100000
04290P,滬深2X富邦96售03,0,0,0,0,0,0,0,0,0,-100000,0,0,0,0,100000,-100000,-100000
04379P,大立光元大94售06,0,0,0,0,0,0,0,0,0,-100000,0,0,0,0,100000,-100000,-100000
049379,智原元大95購01  ,0,0,0,0,0,0,0,0,0,-100000,0,0,0,0,100000,-100000,-100000
049390,元油2X中信96購01,0,0,0,0,0,0,0,0,0,-100000,0,0,0,0,100000,-100000,-100000
04603P,訊芯凱基94售03  ,0,0,0,0,0,0,0,0,0,-100000,0,0,0,0,100000,-100000,-100000
045782,欣興元大93購04  ,0,0,0,0,0,0,0,0,0,-100000,0,0,0,0,100000,-100000,-100000
047604,智原國泰95購01  ,0,0,0,0,0,0,0,0,0,-100000,0,0,0,0,100000,-100000,-100000
052757,華邦電群益96購01,0,0,0,0,0,0,0,0,0,-100000,0,0,0,0,100000,-100000,-100000
053038,華邦電凱基97購01,0,0,0,0,0,0,0,0,0,-100000,0,0,0,0,100000,-100000,-100000
052785,滬深2X中信99購03,0,0,0,0,0,0,0,0,0,-100000,0,0,0,0,100000,-100000,-100000
053263,華邦電群益96購03,0,0,0,0,0,0,0,0,0,-100000,0,0,0,0,100000,-100000,-100000
050394,大立光元富94購09,0,0,0,0,0,0,0,0,0,-100000,0,0,0,0,100000,-100000,-100000
052092,貿聯元大96購02  ,0,0,0,0,0,0,0,0,0,-100000,0,0,0,0,100000,-100000,-100000
05260P,和碩元富95售02  ,0,0,0,0,0,0,0,0,0,-100000,0,0,0,0,100000,-100000,-100000
051004,台新金中信95購02,0,0,0,0,0,0,0,0,0,-100000,0,0,0,0,100000,-100000,-100000
051878,鴻海台新96購01  ,0,0,0,0,0,0,0,0,0,-100000,0,0,0,0,100000,-100000,-100000
051551,新日興永豐95購01,0,0,0,0,0,0,0,0,0,-100000,0,0,0,0,100000,-100000,-100000
050691,楠梓電凱基96購01,0,0,0,0,0,0,0,0,0,-100000,0,0,0,0,100000,-100000,-100000
050738,臺股指康和94購01,0,0,0,0,0,0,0,0,0,-100000,0,0,0,0,100000,-100000,-100000
054023,和大康和96購01  ,0,0,0,0,0,0,0,0,0,-100000,0,0,0,50000,150000,-100000,-100000
053785,聯詠元大96購05  ,0,0,0,0,0,0,0,0,0,-100000,0,0,0,0,100000,-100000,-100000
055868,臺股指元大97購07,0,0,0,0,0,0,0,0,0,-100000,0,0,0,0,100000,-100000,-100000
055759,技嘉群益98購02  ,0,0,0,0,0,0,0,0,0,-100000,0,0,0,85000,185000,-100000,-100000
055776,宏達電凱基98購02,0,0,0,0,0,0,0,0,0,-100000,0,0,0,19000,119000,-100000,-100000
055627,亞德客永豐97購02,0,0,0,0,0,0,0,0,0,-100000,0,0,0,9000,109000,-100000,-100000
053716,京元電凱基97購01,0,0,0,0,0,0,0,0,0,-100000,0,0,0,0,100000,-100000,-100000
053697,臻鼎元大96購02  ,0,0,0,0,0,0,0,0,0,-100000,0,0,0,11000,111000,-100000,-100000
053619,和碩群益96購01  ,0,0,0,0,0,0,0,0,0,-100000,0,0,0,11000,111000,-100000,-100000
055358,臻鼎凱基97購01  ,0,0,0,0,0,0,0,0,0,-100000,0,0,0,0,100000,-100000,-100000
055459,建準永豐97購03  ,0,0,0,0,0,0,0,0,0,-100000,0,0,0,0,100000,-100000,-100000
05558P,鴻海麥證96售01  ,0,0,0,10000,110000,-100000,0,0,0,-100000,0,0,0,10000,110000,-100000,-100000
056501,貿聯富邦99購01  ,0,0,0,0,0,0,0,0,0,-100000,0,0,0,0,100000,-100000,-100000
054884,友達統一99購01  ,0,0,0,0,0,0,0,0,0,-100000,0,0,0,30000,130000,-100000,-100000
054974,台表科元大98購02,0,0,0,0,0,0,0,0,0,-100000,0,0,0,0,100000,-100000,-100000
054698,同欣電永豐97購01,0,0,0,0,0,0,0,0,0,-100000,0,0,0,0,100000,-100000,-100000
054687,建準永豐97購02  ,0,0,0,0,0,0,0,0,0,-100000,0,0,0,0,100000,-100000,-100000
06832P,玉晶光凱基98售03,0,0,0,0,0,0,0,0,0,-100000,0,0,0,0,100000,-100000,-100000
1464,得力            ,19000,105187,-86187,0,0,0,0,0,0,-14000,3000,17000,-14000,0,0,0,-100187
06157P,聯鈞統一97售02  ,0,0,0,0,0,0,0,0,0,-101000,0,0,0,130000,231000,-101000,-101000
06088P,建準永豐97售01  ,2000,0,2000,0,0,0,0,0,0,-103000,0,0,0,0,103000,-103000,-101000
06560P,台積電統一98售07,0,0,0,0,0,0,0,0,0,-101000,0,0,0,5000,106000,-101000,-101000
056634,為升兆豐99購01  ,0,0,0,0,0,0,0,0,0,-101000,0,0,0,2000,103000,-101000,-101000
047542,華通凱基94購02  ,0,0,0,0,0,0,0,0,0,-101000,0,0,0,103000,204000,-101000,-101000
047774,台表科元大95購01,0,0,0,0,0,0,0,0,0,-101000,0,0,0,0,101000,-101000,-101000
04221P,大立光兆豐93售05,0,0,0,0,0,0,0,0,0,-101000,0,0,0,0,101000,-101000,-101000
049007,玉晶光中信96購01,0,0,0,0,0,0,0,0,0,-101000,0,0,0,42000,143000,-101000,-101000
050873,新唐永豐95購01  ,0,0,0,0,0,0,0,0,0,-101000,0,0,0,18000,119000,-101000,-101000
057183,玉晶光元大99購07,0,0,0,0,0,0,0,0,0,-102000,0,0,0,2000,104000,-102000,-102000
057198,智伸科統一9B購01,0,0,0,0,0,0,0,0,0,-102000,0,0,0,6000,108000,-102000,-102000
057757,鴻海凱基98購13  ,0,0,0,0,0,0,0,0,0,-102000,0,0,0,133000,235000,-102000,-102000
06308P,國巨元富97售06  ,0,0,0,0,0,0,0,0,0,-102000,0,0,0,69000,171000,-102000,-102000
058097,台灣50國泰99購01,0,0,0,0,0,0,0,0,0,-102000,0,0,0,90000,192000,-102000,-102000
058383,道瓊指中信9C購02,0,0,0,0,0,0,0,0,0,-102000,0,0,0,0,102000,-102000,-102000
048900,精成科國泰95購01,0,0,0,0,0,0,0,0,0,-102000,0,0,0,51000,153000,-102000,-102000
00645,富邦日本        ,0,0,0,0,0,0,0,0,0,-102000,0,0,0,0,102000,-102000,-102000
042317,台灣50永豐96購01,0,0,0,0,0,0,0,0,0,-102000,0,0,0,3000,105000,-102000,-102000
03661C,臺股指凱基9C牛03,0,0,0,0,0,0,0,0,0,-102000,0,0,0,2000,104000,-102000,-102000
054201,聯詠富邦97購02  ,0,0,0,0,0,0,0,0,0,-102000,0,0,0,0,102000,-102000,-102000
051578,智邦元大96購01  ,0,0,0,0,0,0,0,0,0,-102000,0,0,0,95000,197000,-102000,-102000
052959,聯電凱基97購01  ,0,0,0,0,0,0,0,0,0,-102000,0,0,0,0,102000,-102000,-102000
058068,旺宏凱基98購11  ,0,0,0,0,0,0,0,0,0,-103000,0,0,0,0,103000,-103000,-103000
06469P,臺股指凱基99售09,0,0,0,0,0,0,0,0,0,-103000,0,0,0,93000,196000,-103000,-103000
06475P,牧德永豐98售03  ,0,0,0,0,0,0,0,0,0,-103000,0,0,0,0,103000,-103000,-103000
057657,國巨兆豐98購04  ,0,0,0,0,0,0,0,0,0,-103000,0,0,0,6000,109000,-103000,-103000
057683,技嘉日盛98購01  ,0,0,0,0,0,0,0,0,0,-103000,0,0,0,105000,208000,-103000,-103000
053336,元油反國票9B購02,0,0,0,0,0,0,0,0,0,-103000,0,0,0,0,103000,-103000,-103000
053182,大立光元富96購02,0,0,0,0,0,0,0,0,0,-103000,0,0,0,0,103000,-103000,-103000
051501,康友群益95購02  ,0,0,0,0,0,0,0,0,0,-103000,0,0,0,118000,221000,-103000,-103000
054733,鴻海凱基98購04  ,0,0,0,0,0,0,0,0,0,-103000,0,0,0,0,103000,-103000,-103000
2208,台船            ,13000,98000,-85000,0,0,0,0,0,0,-18000,0,18000,-18000,0,0,0,-103000
057597,華通群益9A購02  ,0,0,0,0,0,0,0,0,0,-104000,0,0,0,60000,164000,-104000,-104000
05830P,滬深2X元富99售03,0,0,0,0,0,0,0,0,0,-104000,0,0,0,139000,243000,-104000,-104000
04717P,和大凱基94售02  ,0,0,0,0,0,0,0,0,0,-104000,0,0,0,0,104000,-104000,-104000
047298,聯茂元富96購01  ,0,0,0,0,0,0,0,0,0,-104000,0,0,0,6000,110000,-104000,-104000
055368,台積電元大97購24,0,0,0,0,0,0,0,0,0,-104000,0,0,0,166000,270000,-104000,-104000
054230,上銀群益96購03  ,0,0,0,0,0,0,0,0,0,-104000,0,0,0,43000,147000,-104000,-104000
055310,聯詠群益97購02  ,0,0,0,0,0,0,0,0,0,-104000,0,0,0,10000,114000,-104000,-104000
06838P,台積電統一99售05,0,0,0,0,0,0,0,0,0,-104000,0,0,0,20000,124000,-104000,-104000
03252P,台積電台新02售01,0,0,0,0,0,0,0,0,0,-105000,0,0,0,5000,110000,-105000,-105000
04833P,鴻海元大94售16  ,0,0,0,0,0,0,0,0,0,-105000,0,0,0,1000,106000,-105000,-105000
05246P,南電元大95售04  ,0,0,0,0,0,0,0,0,0,-105000,0,0,0,11000,116000,-105000,-105000
052476,台光電群益98購01,0,0,0,0,0,0,0,0,0,-105000,0,0,0,153000,258000,-105000,-105000
1604,聲寶            ,46000,155000,-109000,0,0,0,0,0,0,4000,5000,1000,4000,0,0,0,-105000
06979P,台灣50永豐9A售02,0,0,0,0,0,0,0,0,0,-105000,0,0,0,70000,175000,-105000,-105000
6706,惠特            ,39000,156000,-117000,0,0,0,0,0,0,12000,12000,0,12000,0,0,0,-105000
6670,復盛應用        ,45000,183000,-138000,0,0,0,0,0,0,33000,40000,7000,33000,0,0,0,-105000
3059,華晶科          ,38000,133000,-95000,0,0,0,0,0,0,-10000,0,10000,-10000,0,0,0,-105000
057663,國巨元大99購08  ,0,0,0,0,0,0,0,0,0,-106000,0,0,0,78000,184000,-106000,-106000
052421,元油反國票9B購01,0,0,0,0,0,0,0,0,0,-106000,0,0,0,88000,194000,-106000,-106000
050281,台積電日盛94購03,0,0,0,0,0,0,0,0,0,-106000,0,0,0,30000,136000,-106000,-106000
053378,台積電元大98購02,0,0,0,0,0,0,0,0,0,-106000,0,0,0,0,106000,-106000,-106000
053647,臺股指國票96購10,0,0,0,0,0,0,0,0,0,-106000,0,0,0,10000,116000,-106000,-106000
055677,喬山凱基97購01  ,0,450000,-450000,0,0,0,0,0,0,344000,0,0,0,450000,106000,344000,-106000
6531,愛普            ,307000,411000,-104000,0,0,0,0,0,0,-2000,7000,9000,-2000,0,0,0,-106000
1709,和益            ,108000,210000,-102000,0,0,0,0,0,0,-4000,1000,5000,-4000,0,0,0,-106000
06736P,新日興凱基98售03,0,0,0,0,0,0,0,0,0,-106000,0,0,0,0,106000,-106000,-106000
03821P,上海銀統一95售01,0,0,0,0,0,0,0,0,0,-107000,0,0,0,0,107000,-107000,-107000
051718,上証2X永豐95購01,0,0,0,0,0,0,0,0,0,-107000,0,0,0,58000,165000,-107000,-107000
052498,台積電永豐95購06,0,0,0,0,0,0,0,0,0,-107000,0,0,0,32000,139000,-107000,-107000
054999,玉晶光元富97購03,0,0,0,0,0,0,0,0,0,-107000,0,0,0,7000,114000,-107000,-107000
06613P,華新科富邦9A售03,0,0,0,0,0,0,0,0,0,-107000,0,0,0,235000,342000,-107000,-107000
3052,夆典            ,3000,99000,-96000,0,0,0,0,0,0,-11000,0,11000,-11000,0,0,0,-107000
2331,精英            ,16000,97000,-81000,0,0,0,0,0,0,-26000,0,26000,-26000,0,0,0,-107000
056680,華通統一98購04  ,0,0,0,0,0,0,0,0,0,-108000,0,0,0,10000,118000,-108000,-108000
06394P,台積電元大97售28,0,0,0,0,0,0,0,0,0,-108000,0,0,0,122000,230000,-108000,-108000
04676P,彩晶統一94售03  ,0,0,0,0,0,0,0,0,0,-108000,0,0,0,0,108000,-108000,-108000
050090,鈺齊康和94購01  ,0,0,0,0,0,0,0,0,0,-108000,0,0,0,0,108000,-108000,-108000
053192,創意統一96購01  ,0,0,0,0,0,0,0,0,0,-108000,0,0,0,10000,118000,-108000,-108000
053091,同欣電元大96購01,0,0,0,0,0,0,0,0,0,-108000,0,0,0,0,108000,-108000,-108000
053391,嘉聯益元大99購01,0,0,0,0,0,0,0,0,0,-108000,0,0,0,0,108000,-108000,-108000
054159,T50正2凱基99購01,0,0,0,0,0,0,0,0,0,-108000,0,0,0,35000,143000,-108000,-108000
055490,台光電元大97購01,0,0,0,0,0,0,0,0,0,-108000,0,0,0,10000,118000,-108000,-108000
055613,全新國票98購01  ,0,0,0,0,0,0,0,0,0,-108000,0,0,0,20000,128000,-108000,-108000
05569P,漢唐統一97售01  ,0,0,0,0,0,0,0,0,0,-108000,0,0,0,0,108000,-108000,-108000
053670,台積電統一96購09,0,0,0,0,0,0,0,0,0,-108000,0,0,0,2000,110000,-108000,-108000
053694,創意元大96購03  ,0,0,0,0,0,0,0,0,0,-108000,0,0,0,0,108000,-108000,-108000
056432,鴻海凱基98購08  ,0,0,0,0,0,0,0,0,0,-108000,0,0,0,64000,172000,-108000,-108000
058101,台積電富邦9C購01,0,0,0,0,0,0,0,0,0,-109000,0,0,0,0,109000,-109000,-109000
051861,鴻海凱基98購01  ,0,0,0,0,0,0,0,0,0,-109000,0,0,0,6000,115000,-109000,-109000
054253,宏達電元大97購03,0,0,0,0,0,0,0,0,0,-109000,0,0,0,29000,138000,-109000,-109000
06800P,台灣50群益9A售02,0,0,0,0,0,0,0,0,0,-109000,0,0,0,122000,231000,-109000,-109000
058151,台積電統一9A購04,0,0,0,0,0,0,0,0,0,-110000,0,0,0,207000,317000,-110000,-110000
057857,牧德國票99購01  ,0,0,0,0,0,0,0,0,0,-110000,0,0,0,10000,120000,-110000,-110000
058261,大立光富邦03購01,0,0,0,0,0,0,0,0,0,-110000,0,0,0,10000,120000,-110000,-110000
058399,美律元大99購05  ,0,0,0,0,0,0,0,0,0,-110000,0,0,0,0,110000,-110000,-110000
056867,華通麥證98購01  ,0,0,0,70000,180000,-110000,0,0,0,-110000,0,0,0,70000,180000,-110000,-110000
057025,華新科凱基98購04,0,0,0,0,0,0,0,0,0,-110000,0,0,0,10000,120000,-110000,-110000
057677,臺股指元大98購07,0,0,0,0,0,0,0,0,0,-110000,0,0,0,60000,170000,-110000,-110000
048271,可成富邦95購02  ,0,0,0,0,0,0,0,0,0,-110000,0,0,0,0,110000,-110000,-110000
049153,大立光元大96購02,0,0,0,0,0,0,0,0,0,-110000,0,0,0,0,110000,-110000,-110000
04696P,亞德客國泰95售02,0,0,0,0,0,0,0,0,0,-110000,0,0,0,144000,254000,-110000,-110000
04727P,臺股指凱基96售03,0,0,0,0,0,0,0,0,0,-110000,0,0,0,0,110000,-110000,-110000
047169,滬深2X永豐95購01,0,0,0,0,0,0,0,0,0,-110000,0,0,0,0,110000,-110000,-110000
03543P,台泥中信02售01  ,0,0,0,0,0,0,0,0,0,-110000,0,0,0,100000,210000,-110000,-110000
051959,台郡台新95購03  ,0,0,0,0,0,0,0,0,0,-110000,0,0,0,0,110000,-110000,-110000
051536,玉晶光國票97購01,0,0,0,0,0,0,0,0,0,-110000,0,0,0,20000,130000,-110000,-110000
054113,奇力新台新97購01,0,0,0,0,0,0,0,0,0,-110000,0,0,0,44000,154000,-110000,-110000
051237,鴻海元大97購01  ,0,0,0,0,0,0,0,0,0,-110000,0,0,0,0,110000,-110000,-110000
054537,南亞科亞東97購01,0,0,0,0,0,0,0,0,0,-110000,0,0,0,0,110000,-110000,-110000
056583,昇陽半元大98購02,0,0,0,0,0,0,0,0,0,-110000,0,0,0,0,110000,-110000,-110000
053624,A50正2兆豐97購02,0,0,0,0,0,0,0,0,0,-110000,0,0,0,100000,210000,-110000,-110000
055679,華通凱基99購01  ,0,0,0,0,0,0,0,0,0,-110000,0,0,0,1000,111000,-110000,-110000
06970P,旺宏元大99售08  ,0,0,0,0,0,0,0,0,0,-110000,0,0,0,10000,120000,-110000,-110000
8028,昇陽半導體      ,81000,161000,-80000,0,0,0,0,0,0,-30000,2000,22000,-20000,2000,12000,-10000,-110000
057789,上銀統一9A購01  ,0,0,0,0,0,0,0,0,0,-111000,0,0,0,0,111000,-111000,-111000
057773,技嘉群益9A購02  ,0,0,0,0,0,0,0,0,0,-111000,0,0,0,30000,141000,-111000,-111000
053042,大立光凱基97購03,0,0,0,0,0,0,0,0,0,-111000,0,0,0,0,111000,-111000,-111000
053169,貿聯群益97購01  ,0,0,0,0,0,0,0,0,0,-111000,0,0,0,0,111000,-111000,-111000
052844,台積電統一96購02,0,0,0,0,0,0,0,0,0,-111000,0,0,0,24000,135000,-111000,-111000
054194,國巨麥證96購02  ,0,0,0,40000,151000,-111000,0,0,0,-111000,0,0,0,40000,151000,-111000,-111000
051931,美律國票96購02  ,0,0,0,0,0,0,0,0,0,-111000,0,0,0,12000,123000,-111000,-111000
051978,泰碩凱基96購01  ,0,0,0,0,0,0,0,0,0,-111000,0,0,0,33000,144000,-111000,-111000
06824P,台灣50國票99售02,0,0,0,0,0,0,0,0,0,-111000,0,0,0,20000,131000,-111000,-111000
06674P,祥碩群益98售02  ,0,0,0,0,0,0,0,0,0,-111000,0,0,0,65000,176000,-111000,-111000
057825,和碩元大98購02  ,0,0,0,0,0,0,0,0,0,-112000,0,0,0,169000,281000,-112000,-112000
057662,上銀元大9A購01  ,0,0,0,0,0,0,0,0,0,-112000,0,0,0,24000,136000,-112000,-112000
05682P,大立光元大98售03,0,0,0,0,0,0,0,0,0,-112000,0,0,0,110000,222000,-112000,-112000
03644C,臺股指元大94牛28,0,0,0,0,0,0,0,0,0,-112000,0,0,0,8000,120000,-112000,-112000
056515,燿華兆豐99購01  ,0,0,0,0,0,0,0,0,0,-112000,0,0,0,133000,245000,-112000,-112000
055063,玉晶光永豐99購01,0,0,0,0,0,0,0,0,0,-112000,0,0,0,0,112000,-112000,-112000
055300,緯穎元大98購01  ,0,0,0,0,0,0,0,0,0,-112000,0,0,0,309000,421000,-112000,-112000
057771,鴻海群益99購01  ,0,0,0,0,0,0,0,0,0,-113000,0,0,0,115000,228000,-113000,-113000
057388,奇鋐永豐98購02  ,0,0,0,0,0,0,0,0,0,-113000,0,0,0,151000,264000,-113000,-113000
058323,泰鼎永豐9A購01  ,0,0,0,0,0,0,0,0,0,-113000,0,0,0,102000,215000,-113000,-113000
06243P,亞光元富97售01  ,0,0,0,0,0,0,0,0,0,-113000,0,0,0,0,113000,-113000,-113000
04808P,訊芯永豐94售02  ,0,0,0,0,0,0,0,0,0,-113000,0,0,0,71000,184000,-113000,-113000
052886,世紀鋼兆豐96購01,0,0,0,0,0,0,0,0,0,-113000,0,0,0,66000,179000,-113000,-113000
054862,群光群益97購01  ,0,0,0,0,0,0,0,0,0,-113000,0,0,0,0,113000,-113000,-113000
055671,世紀鋼群益97購01,0,0,0,0,0,0,0,0,0,-113000,0,0,0,64000,177000,-113000,-113000
053791,同欣電元大96購05,0,0,0,0,0,0,0,0,0,-113000,0,0,0,10000,123000,-113000,-113000
2923,鼎固-KY         ,1000,116000,-115000,0,0,0,0,0,0,2000,2000,0,2000,0,0,0,-113000
2608,嘉里大榮        ,7000,111000,-104000,0,0,0,0,0,0,-9000,15000,24000,-9000,0,0,0,-113000
06247P,同欣電元富97售02,0,0,0,0,0,0,0,0,0,-114000,0,0,0,36000,150000,-114000,-114000
056890,國巨元大98購11  ,0,0,0,0,0,0,0,0,0,-114000,0,0,0,39000,153000,-114000,-114000
053150,聯發科元大96購11,0,0,0,0,0,0,0,0,0,-114000,0,0,0,31000,145000,-114000,-114000
051853,京元電亞東95購01,0,0,0,0,0,0,0,0,0,-114000,0,0,0,0,114000,-114000,-114000
051065,台積電國票96購01,0,0,0,0,0,0,0,0,0,-114000,0,0,0,1000,115000,-114000,-114000
054380,世芯群益97購02  ,0,0,0,0,0,0,0,0,0,-114000,0,0,0,59000,173000,-114000,-114000
053532,台積電永豐96購03,0,0,0,0,0,0,0,0,0,-114000,0,0,0,60000,174000,-114000,-114000
05546P,全新元大97售01  ,0,0,0,0,0,0,0,0,0,-114000,0,0,0,0,114000,-114000,-114000
056028,GIS群益97購02   ,0,0,0,0,0,0,0,0,0,-114000,0,0,0,0,114000,-114000,-114000
2395,研華            ,651331,743000,-91669,0,0,0,2000,0,2000,-25000,1000,27000,-26000,1000,0,1000,-114669
051344,鴻海元大95購08  ,0,0,0,0,0,0,0,0,0,-115000,0,0,0,0,115000,-115000,-115000
05555P,健策群益98售01  ,0,0,0,0,0,0,0,0,0,-115000,0,0,0,0,115000,-115000,-115000
054992,南亞科元富97購02,0,0,0,0,0,0,0,0,0,-115000,0,0,0,0,115000,-115000,-115000
054709,宏達電統一97購01,0,0,0,0,0,0,0,0,0,-115000,0,0,0,0,115000,-115000,-115000
054555,欣興凱基98購01  ,0,0,0,0,0,0,0,0,0,-115000,0,0,0,146000,261000,-115000,-115000
2402,毅嘉            ,22000,162000,-140000,0,0,0,50000,0,50000,-25000,0,25000,-25000,0,0,0,-115000
4540,全球傳動        ,73000,188000,-115000,0,0,0,0,0,0,0,0,0,0,0,0,0,-115000
06877P,台積電兆豐98售04,0,0,0,0,0,0,0,0,0,-115000,0,0,0,249000,364000,-115000,-115000
04381P,世紀鋼元大94售01,0,0,0,0,0,0,0,0,0,-116000,0,0,0,0,116000,-116000,-116000
049260,華新科元大96購01,0,0,0,0,0,0,0,0,0,-116000,0,0,0,26000,142000,-116000,-116000
049410,統一凱基94購02  ,0,0,0,0,0,0,0,0,0,-116000,0,0,0,1000,117000,-116000,-116000
053186,健策中信9C購01  ,0,0,0,0,0,0,0,0,0,-116000,0,0,0,148000,264000,-116000,-116000
050831,超眾凱基95購01  ,0,0,0,0,0,0,0,0,0,-116000,0,0,0,10000,126000,-116000,-116000
051843,聯發科富邦99購01,0,0,0,0,0,0,0,0,0,-116000,0,0,0,200000,316000,-116000,-116000
054806,台化元大9A購01  ,0,0,0,0,0,0,0,0,0,-116000,0,0,0,0,116000,-116000,-116000
055879,神達元富97購01  ,0,0,0,0,0,0,0,0,0,-116000,0,0,0,65000,181000,-116000,-116000
057575,世紀鋼永豐98購02,0,0,0,0,0,0,0,0,0,-117000,0,0,0,83000,200000,-117000,-117000
057980,聯詠永豐98購01  ,0,0,0,0,0,0,0,0,0,-117000,0,0,0,20000,137000,-117000,-117000
048603,中磊國票94購02  ,0,0,0,0,0,0,0,0,0,-117000,0,0,0,30000,147000,-117000,-117000
052670,茂林群益96購02  ,0,0,0,0,0,0,0,0,0,-117000,0,0,0,60000,177000,-117000,-117000
056457,嘉澤凱基98購01  ,0,0,0,0,0,0,0,0,0,-117000,0,0,0,123000,240000,-117000,-117000
2515,中工            ,400000,433000,-33000,0,0,0,0,0,0,-84000,0,60000,-60000,0,24000,-24000,-117000
058080,台積電群益98購06,0,0,0,0,0,0,0,0,0,-118000,0,0,0,636000,754000,-118000,-118000
05993P,國巨元大96售13  ,0,0,0,0,0,0,0,0,0,-118000,0,0,0,0,118000,-118000,-118000
050322,世紀鋼國票95購01,0,0,0,0,0,0,0,0,0,-118000,0,0,0,20000,138000,-118000,-118000
04463P,可成元富94售03  ,0,0,0,0,0,0,0,0,0,-118000,0,0,0,0,118000,-118000,-118000
044221,群創凱基93購03  ,0,0,0,0,0,0,0,0,0,-118000,0,0,0,12000,130000,-118000,-118000
056460,同欣電凱基99購01,0,0,0,0,0,0,0,0,0,-118000,0,0,0,0,118000,-118000,-118000
054424,大成鋼富邦97購02,0,0,0,0,0,0,0,0,0,-118000,0,0,0,0,118000,-118000,-118000
056588,聯發科統一9A購02,0,0,0,0,0,0,0,0,0,-118000,0,0,0,54000,172000,-118000,-118000
6668,中揚光          ,109000,227000,-118000,0,0,0,0,0,0,0,2000,2000,0,0,0,0,-118000
6206,飛捷            ,6000,103000,-97000,0,0,0,0,0,0,-21000,0,21000,-21000,0,0,0,-118000
058007,南電群益98購02  ,0,0,0,0,0,0,0,0,0,-119000,0,0,0,33000,152000,-119000,-119000
05837P,臺股指富邦96售04,0,0,0,0,0,0,0,0,0,-119000,0,0,0,157000,276000,-119000,-119000
047974,新光金兆豐93購01,0,0,0,0,0,0,0,0,0,-119000,0,0,0,0,119000,-119000,-119000
051659,力山國泰97購01  ,0,0,0,0,0,0,0,0,0,-119000,0,0,0,61000,180000,-119000,-119000
051645,光寶科永豐95購01,0,0,0,0,0,0,0,0,0,-119000,0,0,0,45000,164000,-119000,-119000
050726,可成國票96購01  ,0,0,0,0,0,0,0,0,0,-119000,0,0,0,60000,179000,-119000,-119000
05514P,康舒永豐96售01  ,0,0,0,0,0,0,0,0,0,-119000,0,0,0,0,119000,-119000,-119000
3049,和鑫            ,544000,607000,-63000,0,0,0,0,0,0,-56000,0,28000,-28000,0,28000,-28000,-119000
2369,菱生            ,193000,298000,-105000,0,0,0,0,0,0,-14000,7000,21000,-14000,0,0,0,-119000
8131,福懋科          ,61000,168000,-107000,0,0,0,0,0,0,-12000,0,24000,-24000,14000,2000,12000,-119000
057156,元油2X富邦9C購01,0,0,0,0,0,0,0,0,0,-120000,0,0,0,0,120000,-120000,-120000
057106,美律群益98購03  ,0,0,0,0,0,0,0,0,0,-120000,0,0,0,0,120000,-120000,-120000
049810,欣興元大95購03  ,0,0,0,0,0,0,0,0,0,-120000,0,0,0,0,120000,-120000,-120000
048560,聯發科元大94購01,0,0,0,0,0,0,0,0,0,-120000,0,0,0,0,120000,-120000,-120000
050976,台光電統一95購01,0,0,0,0,0,0,0,0,0,-120000,0,0,0,148000,268000,-120000,-120000
052363,廣達國票96購01  ,0,0,0,0,0,0,0,0,0,-120000,0,0,0,0,120000,-120000,-120000
052793,健鼎兆豐96購01  ,0,0,0,0,0,0,0,0,0,-120000,0,0,0,0,120000,-120000,-120000
054540,泰鼎國票99購01  ,0,0,0,0,0,0,0,0,0,-120000,0,0,0,6000,126000,-120000,-120000
054830,世芯國泰99購01  ,0,0,0,0,0,0,0,0,0,-120000,0,0,0,38000,158000,-120000,-120000
054689,華新科永豐97購01,0,0,0,0,0,0,0,0,0,-120000,0,0,0,186000,306000,-120000,-120000
055849,聯詠元大97購05  ,0,0,0,0,0,0,0,0,0,-120000,0,0,0,0,120000,-120000,-120000
6592,和潤企業        ,29000,149000,-120000,0,0,0,0,0,0,0,0,0,0,0,0,0,-120000
057472,T50正2元大9B購03,0,0,0,0,0,0,0,0,0,-121000,0,0,0,5000,126000,-121000,-121000
058413,義隆兆豐99購01  ,0,0,0,0,0,0,0,0,0,-121000,0,0,0,0,121000,-121000,-121000
06206P,台積電凱基97售11,0,0,0,0,0,0,0,0,0,-121000,0,0,0,59000,180000,-121000,-121000
047145,鴻海群益95購01  ,0,0,0,0,0,0,0,0,0,-121000,0,0,0,46000,167000,-121000,-121000
03663C,臺股指元大04牛01,0,0,0,0,0,0,0,0,0,-121000,0,0,0,0,121000,-121000,-121000
042792,T50反1台新9C購01,0,0,0,0,0,0,0,0,0,-121000,0,0,0,15000,136000,-121000,-121000
055883,樺漢元富97購01  ,0,0,0,0,0,0,0,0,0,-121000,0,0,0,30000,151000,-121000,-121000
05500P,臺股指中信96售04,0,0,0,0,0,0,0,0,0,-121000,0,0,0,10000,131000,-121000,-121000
9955,佳龍            ,59000,180000,-121000,0,0,0,0,0,0,0,1000,1000,0,0,0,0,-121000
05984P,台積電統一98售01,0,0,0,0,0,0,0,0,0,-122000,0,0,0,40000,162000,-122000,-122000
057064,華新科富邦9B購01,0,0,0,0,0,0,0,0,0,-122000,0,0,0,96000,218000,-122000,-122000
051000,台郡元大96購01  ,0,0,0,0,0,0,0,0,0,-122000,0,0,0,25000,147000,-122000,-122000
056061,國泰金元大97購02,0,0,0,0,0,0,0,0,0,-122000,0,0,0,0,122000,-122000,-122000
4306,炎洲            ,10000,126000,-116000,0,0,0,0,0,0,-6000,4000,10000,-6000,0,0,0,-122000
3563,牧德            ,48000,163000,-115000,0,0,0,0,0,0,-7000,0,2000,-2000,8000,13000,-5000,-122000
056866,矽創群益98購03  ,0,0,0,0,0,0,0,0,0,-123000,0,0,0,291000,414000,-123000,-123000
056778,元石油群益9B購01,0,0,0,0,0,0,0,0,0,-123000,0,0,0,140000,263000,-123000,-123000
05749P,臺股指群益99售03,0,0,0,0,0,0,0,0,0,-123000,0,0,0,66000,189000,-123000,-123000
06127P,泰碩元富97售01  ,0,0,0,0,0,0,0,0,0,-123000,0,0,0,36000,159000,-123000,-123000
00676R,富邦臺灣加權反1 ,0,0,0,0,0,0,0,0,0,-123000,0,0,0,801000,924000,-123000,-123000
056321,創意群益98購02  ,0,0,0,0,0,0,0,0,0,-123000,0,0,0,0,123000,-123000,-123000
06387P,緯穎永豐97售02  ,0,0,0,0,0,0,0,0,0,-124000,0,0,0,40000,164000,-124000,-124000
057685,台灣50凱基9C購01,0,0,0,0,0,0,0,0,0,-124000,0,0,0,6000,130000,-124000,-124000
056670,樺漢國票99購01  ,0,0,0,0,0,0,0,0,0,-124000,0,0,0,520000,644000,-124000,-124000
046568,臻鼎元富95購01  ,0,0,0,0,0,0,0,0,0,-124000,0,0,0,271000,395000,-124000,-124000
049615,香港2X群益98購01,0,0,0,0,0,0,0,0,0,-124000,0,0,0,26000,150000,-124000,-124000
052550,鴻海國票97購02  ,0,0,0,0,0,0,0,0,0,-124000,0,0,0,6000,130000,-124000,-124000
055902,同欣電中信99購01,0,0,0,0,0,0,0,0,0,-124000,0,0,0,41000,165000,-124000,-124000
054939,台積電元大97購15,0,0,0,0,0,0,0,0,0,-124000,0,0,0,82000,206000,-124000,-124000
056746,超眾凱基99購01  ,0,0,0,0,0,0,0,0,0,-125000,0,0,0,1000,126000,-125000,-125000
056789,和碩群益98購01  ,0,0,0,0,0,0,0,0,0,-125000,0,0,0,27000,152000,-125000,-125000
058418,台積電麥證99購01,0,0,0,0,125000,-125000,0,0,0,-125000,0,0,0,0,125000,-125000,-125000
052563,京元電日盛96購01,0,0,0,0,0,0,0,0,0,-125000,0,0,0,0,125000,-125000,-125000
052888,台表科中信9A購01,0,0,0,0,0,0,0,0,0,-125000,0,0,0,55000,180000,-125000,-125000
051866,聯發科凱基96購05,0,0,0,0,0,0,0,0,0,-125000,0,0,0,0,125000,-125000,-125000
053966,旺宏元大96購08  ,0,0,0,0,0,0,0,0,0,-125000,0,0,0,257000,382000,-125000,-125000
054432,台積電台新96購05,0,0,0,0,0,0,0,0,0,-125000,0,0,0,0,125000,-125000,-125000
055917,禾伸堂凱基98購02,0,0,0,0,0,0,0,0,0,-125000,0,0,0,0,125000,-125000,-125000
056261,台積電統一97購07,0,0,0,0,0,0,0,0,0,-125000,0,0,0,0,125000,-125000,-125000
1215,卜蜂            ,44000,84000,-40000,0,0,0,0,80000,-80000,-5000,0,0,0,0,5000,-5000,-125000
057668,華新科元大9A購01,0,0,0,0,0,0,0,0,0,-126000,0,0,0,4000,130000,-126000,-126000
05341P,臺股指兆豐95售02,0,0,0,0,0,0,0,0,0,-126000,0,0,0,0,126000,-126000,-126000
051774,聯茂中信96購01  ,0,0,0,0,0,0,0,0,0,-126000,0,0,0,77000,203000,-126000,-126000
054812,鴻海元大97購08  ,0,0,0,0,0,0,0,0,0,-126000,0,0,0,248000,374000,-126000,-126000
055492,華新科元大97購08,0,0,0,0,0,0,0,0,0,-126000,0,0,0,2000,128000,-126000,-126000
6224,聚鼎            ,11000,71000,-60000,0,0,0,0,65000,-65000,-1000,1000,2000,-1000,0,0,0,-126000
1201,味全            ,136194,263000,-126806,0,0,0,0,0,0,0,0,0,0,0,0,0,-126806
05885P,牧德統一96售01  ,0,0,0,0,0,0,0,0,0,-127000,0,0,0,60000,187000,-127000,-127000
04999P,南電永豐95售01  ,0,0,0,0,0,0,0,0,0,-127000,0,0,0,5000,132000,-127000,-127000
00709,富邦歐洲        ,0,0,0,0,0,0,0,0,0,-127000,0,0,0,101000,228000,-127000,-127000
055477,同欣電凱基98購01,0,0,0,0,0,0,0,0,0,-127000,0,0,0,4000,131000,-127000,-127000
053724,聯詠凱基96購04  ,0,0,0,0,0,0,0,0,0,-127000,0,0,0,108000,235000,-127000,-127000
1560,中砂            ,22000,148000,-126000,0,0,0,0,0,0,-1000,0,1000,-1000,0,0,0,-127000
2538,基泰            ,0,100000,-100000,0,0,0,0,0,0,-27000,0,27000,-27000,0,0,0,-127000
2547,日勝生          ,130000,235000,-105000,0,0,0,0,0,0,-22000,0,22000,-22000,0,0,0,-127000
057207,立積元富98購02  ,0,0,0,0,0,0,0,0,0,-128000,0,0,0,124000,252000,-128000,-128000
04137P,元油反國票97售01,0,0,0,0,0,0,0,0,0,-128000,0,0,0,0,128000,-128000,-128000
050887,台積電富邦95購05,0,0,0,0,0,0,0,0,0,-128000,0,0,0,15000,143000,-128000,-128000
053230,達方台新97購01  ,0,0,0,0,0,0,0,0,0,-128000,0,0,0,20000,148000,-128000,-128000
052163,康舒永豐95購02  ,0,0,0,0,0,0,0,0,0,-128000,0,0,0,0,128000,-128000,-128000
056436,台積電凱基98購10,0,0,0,0,0,0,0,0,0,-128000,0,0,0,175000,303000,-128000,-128000
054891,聯鈞統一99購02  ,0,0,0,0,0,0,0,0,0,-128000,0,0,0,140000,268000,-128000,-128000
058200,世芯康和99購01  ,0,0,0,0,0,0,0,0,0,-129000,0,0,0,102000,231000,-129000,-129000
050093,國巨永豐94購05  ,0,0,0,0,0,0,0,0,0,-129000,0,0,0,40000,169000,-129000,-129000
053148,華邦電元大96購01,0,0,0,0,0,0,0,0,0,-129000,0,0,0,30000,159000,-129000,-129000
1711,永光            ,26000,148000,-122000,0,0,0,0,0,0,-7000,0,7000,-7000,0,0,0,-129000
058100,聯茂國泰99購02  ,0,0,0,0,0,0,0,0,0,-130000,0,0,0,14000,144000,-130000,-130000
05864P,元油反元大96售07,0,0,0,0,0,0,0,0,0,-130000,0,0,0,0,130000,-130000,-130000
057208,上海銀元富98購01,0,0,0,0,0,0,0,0,0,-130000,0,0,0,52000,182000,-130000,-130000
057001,華邦電國票99購02,0,0,0,0,0,0,0,0,0,-130000,0,0,0,0,130000,-130000,-130000
057678,臺股指元大98購08,0,0,0,0,0,0,0,0,0,-130000,0,0,0,0,130000,-130000,-130000
049406,T50反1日盛97購01,0,0,0,0,0,0,0,0,0,-130000,0,0,0,180000,310000,-130000,-130000
047219,美律麥證94購01  ,0,0,0,0,130000,-130000,0,0,0,-130000,0,0,0,0,130000,-130000,-130000
052776,力山國票97購01  ,0,0,0,0,0,0,0,0,0,-130000,0,0,0,20000,150000,-130000,-130000
052826,嘉聯益永豐96購01,0,0,0,0,0,0,0,0,0,-130000,0,0,0,0,130000,-130000,-130000
052982,鴻海元大97購06  ,0,0,0,0,0,0,0,0,0,-130000,0,0,0,60000,190000,-130000,-130000
054389,為升元富96購02  ,0,0,0,0,0,0,0,0,0,-130000,0,0,0,80000,210000,-130000,-130000
053782,京元電元大98購02,0,0,0,0,0,0,0,0,0,-130000,0,0,0,0,130000,-130000,-130000
053474,聯發科元大97購06,0,0,0,0,0,0,0,0,0,-130000,0,0,0,70000,200000,-130000,-130000
055646,漢唐元富97購01  ,0,0,0,0,0,0,0,0,0,-130000,0,0,0,40000,170000,-130000,-130000
06654P,欣興元大98售08  ,0,0,0,0,0,0,0,0,0,-130000,0,0,0,13000,143000,-130000,-130000
2340,光磊            ,104000,198000,-94000,0,0,0,0,0,0,-36000,6000,27000,-21000,35000,50000,-15000,-130000
051505,台積電元富95購05,0,0,0,0,0,0,0,0,0,-131000,0,0,0,16000,147000,-131000,-131000
054229,超眾元富96購05  ,0,0,0,0,0,0,0,0,0,-131000,0,0,0,10000,141000,-131000,-131000
053439,台積電凱基96購11,0,0,0,0,0,0,0,0,0,-131000,0,0,0,0,131000,-131000,-131000
054276,國巨群益96購07  ,0,0,0,0,0,0,0,0,0,-131000,0,0,0,8000,139000,-131000,-131000
056919,英業達兆豐98購01,0,0,0,0,0,0,0,0,0,-132000,0,0,0,74000,206000,-132000,-132000
04733P,康控兆豐95售01  ,0,0,0,0,0,0,0,0,0,-132000,0,0,0,0,132000,-132000,-132000
055967,臻鼎元大97購01  ,0,0,0,0,0,0,0,0,0,-132000,0,0,0,54000,186000,-132000,-132000
6230,超眾            ,188367,192000,-3633,0,0,0,12000,0,12000,-141000,19000,161000,-142000,18000,17000,1000,-132633
3596,智易            ,235300,329000,-93700,0,0,0,0,0,0,-39000,28000,19000,9000,72000,120000,-48000,-132700
051932,康控國票96購02  ,0,0,0,0,0,0,0,0,0,-133000,0,0,0,12000,145000,-133000,-133000
5907,大洋-KY         ,12000,139000,-127000,0,0,0,0,0,0,-6000,0,6000,-6000,0,0,0,-133000
1522,堤維西          ,10000,143000,-133000,0,0,0,0,0,0,0,0,0,0,0,0,0,-133000
058194,勤誠永豐99購01  ,0,0,0,0,0,0,0,0,0,-134000,0,0,0,27000,161000,-134000,-134000
054047,富邦金元大97購01,0,0,0,0,0,0,0,0,0,-134000,0,0,0,24000,158000,-134000,-134000
053604,臺股指元大96購21,0,0,0,0,0,0,0,0,0,-134000,0,0,0,0,134000,-134000,-134000
056189,樺漢統一97購02  ,0,0,0,0,0,0,0,0,0,-134000,0,0,0,0,134000,-134000,-134000
2617,台航            ,30000,146000,-116000,0,0,0,0,0,0,-18000,0,18000,-18000,0,0,0,-134000
057601,中磊群益98購01  ,0,0,0,0,0,0,0,0,0,-135000,0,0,0,68000,203000,-135000,-135000
05019P,喬山中信95售01  ,0,0,0,0,0,0,0,0,0,-135000,0,0,0,10000,145000,-135000,-135000
051828,微星元大95購03  ,0,0,0,0,0,0,0,0,0,-135000,0,0,0,19000,154000,-135000,-135000
056109,彩晶永豐98購01  ,0,0,0,0,0,0,0,0,0,-135000,0,0,0,27000,162000,-135000,-135000
056646,奇鋐凱基99購02  ,0,0,0,0,0,0,0,0,0,-136000,0,0,0,170000,306000,-136000,-136000
058109,台灣50元富9B購01,0,0,0,0,0,0,0,0,0,-136000,0,0,0,33000,169000,-136000,-136000
06453P,群創元大9B售02  ,0,0,0,0,0,0,0,0,0,-136000,0,0,0,100000,236000,-136000,-136000
049602,南電元大95購01  ,0,0,0,0,0,0,0,0,0,-136000,0,0,0,207000,343000,-136000,-136000
04333P,儒鴻凱基93售06  ,0,0,0,0,0,0,0,0,0,-136000,0,0,0,0,136000,-136000,-136000
052979,上銀元大96購02  ,0,0,0,0,0,0,0,0,0,-136000,0,0,0,136000,272000,-136000,-136000
055855,牧德元大99購02  ,0,0,0,0,0,0,0,0,0,-136000,0,0,0,0,136000,-136000,-136000
054955,宏達電元大98購01,0,0,0,0,0,0,0,0,0,-136000,0,0,0,36000,172000,-136000,-136000
1460,宏遠            ,14000,144000,-130000,0,0,0,0,0,0,-6000,0,6000,-6000,0,0,0,-136000
06307P,聚陽元富97售02  ,0,0,0,0,0,0,0,0,0,-137000,0,0,0,56000,193000,-137000,-137000
058253,臺股指元大9A購17,0,0,0,0,0,0,0,0,0,-137000,0,0,0,3000,140000,-137000,-137000
006205,富邦上証        ,47000,909000,-862000,0,0,0,0,0,0,725000,50000,50000,0,2983000,2258000,725000,-137000
044963,台積電中信96購01,0,0,0,0,0,0,0,0,0,-137000,0,0,0,36000,173000,-137000,-137000
052882,南電凱基96購02  ,0,0,0,0,0,0,0,0,0,-137000,0,0,0,712000,849000,-137000,-137000
054708,華通統一97購02  ,0,0,0,0,0,0,0,0,0,-137000,0,0,0,1000,138000,-137000,-137000
06597P,國巨富邦9A售05  ,0,0,0,0,0,0,0,0,0,-137000,0,0,0,61000,198000,-137000,-137000
2457,飛宏            ,14000,140000,-126000,0,0,0,0,0,0,-11000,1000,12000,-11000,0,0,0,-137000
057467,祥碩永豐98購04  ,0,0,0,0,0,0,0,0,0,-138000,0,0,0,384000,522000,-138000,-138000
03636C,元油2X元富04牛01,0,0,0,0,0,0,0,0,0,-138000,0,0,0,128000,266000,-138000,-138000
055355,大立光凱基97購05,0,0,0,0,0,0,0,0,0,-138000,0,0,0,0,138000,-138000,-138000
056099,上銀永豐97購02  ,0,0,0,0,0,0,0,0,0,-138000,0,0,0,60000,198000,-138000,-138000
06959P,鴻海凱基9A售02  ,0,0,0,0,0,0,0,0,0,-138000,0,0,0,1000,139000,-138000,-138000
03652C,臺股指元大03牛01,0,0,0,0,0,0,0,0,0,-139000,0,0,0,50000,189000,-139000,-139000
05201P,玉晶光國泰97售02,0,0,0,0,0,0,0,0,0,-139000,0,0,0,11000,150000,-139000,-139000
054893,帆宣統一99購01  ,0,0,0,0,0,0,0,0,0,-139000,0,0,0,0,139000,-139000,-139000
057469,康友永豐98購02  ,0,0,0,0,0,0,0,0,0,-140000,0,0,0,204000,344000,-140000,-140000
058489,台灣50群益9B購01,0,0,0,0,0,0,0,0,0,-140000,0,0,0,0,140000,-140000,-140000
05806P,宏達電永豐96售03,0,0,0,0,0,0,0,0,0,-140000,0,0,0,29000,169000,-140000,-140000
047737,義隆麥證94購01  ,0,0,0,50000,190000,-140000,0,0,0,-140000,0,0,0,50000,190000,-140000,-140000
044105,聯詠中信95購01  ,0,0,0,0,0,0,0,0,0,-140000,0,0,0,0,140000,-140000,-140000
049294,南亞科群益94購01,0,0,0,0,0,0,0,0,0,-140000,0,0,0,0,140000,-140000,-140000
053207,SP黃豆凱基96購01,0,0,0,0,0,0,0,0,0,-140000,0,0,0,10000,150000,-140000,-140000
053025,燿華富邦98購02  ,0,0,0,0,0,0,0,0,0,-140000,0,0,0,180000,320000,-140000,-140000
050422,鴻海凱基96購01  ,0,0,0,0,0,0,0,0,0,-140000,0,0,0,0,140000,-140000,-140000
052413,上証反中信97購01,0,0,0,0,0,0,0,0,0,-140000,0,0,0,10000,150000,-140000,-140000
050753,百和統一94購01  ,0,0,0,0,0,0,0,0,0,-140000,0,0,0,24000,164000,-140000,-140000
056584,鴻海統一9B購01  ,0,0,0,0,0,0,0,0,0,-140000,0,0,0,6000,146000,-140000,-140000
056429,華通凱基98購02  ,0,0,0,0,0,0,0,0,0,-140000,0,0,0,69000,209000,-140000,-140000
055976,台積電統一99購03,0,0,0,0,0,0,0,0,0,-140000,0,0,0,0,140000,-140000,-140000
055929,聯發科群益97購05,0,0,0,0,0,0,0,0,0,-140000,0,0,0,0,140000,-140000,-140000
08539P,元油2X國票99售01,0,0,0,0,0,0,0,0,0,-140000,0,0,0,10000,150000,-140000,-140000
06410P,祥碩統一97售01  ,0,0,0,0,0,0,0,0,0,-141000,0,0,0,281000,422000,-141000,-141000
06046P,健策統一96售03  ,0,0,0,0,0,0,0,0,0,-141000,0,0,0,49000,190000,-141000,-141000
053921,嘉晶國票97購03  ,0,0,0,0,0,0,0,0,0,-141000,0,0,0,114000,255000,-141000,-141000
050624,鈺齊元大94購01  ,0,0,0,0,0,0,0,0,0,-141000,0,0,0,145000,286000,-141000,-141000
053646,臺股指國票96購09,0,0,0,0,0,0,0,0,0,-141000,0,0,0,10000,151000,-141000,-141000
056356,台積電元大99購01,0,0,0,0,0,0,0,0,0,-141000,0,0,0,245000,386000,-141000,-141000
056284,台積電永豐97購06,0,0,0,0,0,0,0,0,0,-141000,0,0,0,164000,305000,-141000,-141000
06668P,祥碩凱基98售02  ,0,0,0,0,0,0,0,0,0,-141000,0,0,0,0,141000,-141000,-141000
06770P,台灣50第一9C售01,0,0,0,0,0,0,0,0,0,-141000,0,0,0,0,141000,-141000,-141000
057955,技嘉元大98購07  ,0,0,0,0,0,0,0,0,0,-142000,0,0,0,145000,287000,-142000,-142000
053969,瑞昱元大97購01  ,0,0,0,0,0,0,0,0,0,-142000,0,0,0,102000,244000,-142000,-142000
050984,大立光國泰97購01,0,0,0,0,0,0,0,0,0,-142000,0,0,0,32000,174000,-142000,-142000
056407,嘉晶國票99購01  ,0,0,0,0,0,0,0,0,0,-142000,0,0,0,4000,146000,-142000,-142000
5521,工信            ,97000,222000,-125000,0,0,0,0,0,0,-17000,0,17000,-17000,0,0,0,-142000
06225P,華新科元富97售04,0,0,0,0,0,0,0,0,0,-143000,0,0,0,191000,334000,-143000,-143000
06924P,台積電群益98售07,0,0,0,0,0,0,0,0,0,-143000,0,0,0,1222000,1365000,-143000,-143000
058217,新唐群益99購01  ,0,0,0,0,0,0,0,0,0,-144000,0,0,0,11000,155000,-144000,-144000
049708,滬深2X凱基94購02,0,0,0,0,0,0,0,0,0,-144000,0,0,0,0,144000,-144000,-144000
049778,宏達電統一94購02,0,0,0,0,0,0,0,0,0,-144000,0,0,0,0,144000,-144000,-144000
049485,台積電元大96購03,0,0,0,0,0,0,0,0,0,-144000,0,0,0,333000,477000,-144000,-144000
053559,台積電國泰98購01,0,0,0,0,0,0,0,0,0,-144000,0,0,0,40000,184000,-144000,-144000
1309,台達化          ,149000,280000,-131000,0,0,0,0,0,0,-13000,0,13000,-13000,0,0,0,-144000
8996,高力            ,56000,103000,-47000,0,0,0,0,100000,-100000,3000,5000,2000,3000,0,0,0,-144000
056315,同欣電元大97購05,0,0,0,0,0,0,0,0,0,-145000,0,0,0,35000,180000,-145000,-145000
055526,台積電群益97購02,0,0,0,0,0,0,0,0,0,-145000,0,0,0,0,145000,-145000,-145000
054868,國泰金群益9A購01,10000,0,10000,0,0,0,0,0,0,-156000,0,0,0,1014000,1170000,-156000,-146000
056220,上証2X凱基99購01,0,0,0,0,0,0,0,0,0,-146000,0,0,0,400000,546000,-146000,-146000
1321,大洋            ,10000,105000,-95000,0,0,0,0,0,0,-51000,0,51000,-51000,0,0,0,-146000
06014P,聯發科富邦97售02,0,0,0,0,0,0,0,0,0,-147000,0,0,0,6000,153000,-147000,-147000
057425,臺股指凱基9C購02,0,0,0,0,0,0,0,0,0,-147000,0,0,0,13000,160000,-147000,-147000
048754,瀚宇博元富97購01,0,0,0,0,0,0,0,0,0,-147000,0,0,0,1000,148000,-147000,-147000
052660,京元電國票97購01,0,0,0,0,0,0,0,0,0,-147000,0,0,0,42000,189000,-147000,-147000
057592,美律兆豐99購01  ,0,0,0,0,0,0,0,0,0,-148000,0,0,0,100000,248000,-148000,-148000
06506P,台郡國票99售02  ,0,0,0,0,0,0,0,0,0,-148000,0,0,0,0,148000,-148000,-148000
051155,聯發科國泰96購01,0,0,0,0,0,0,0,0,0,-148000,0,0,0,7000,155000,-148000,-148000
050649,華新科凱基96購01,0,0,0,0,0,0,0,0,0,-148000,0,0,0,21000,169000,-148000,-148000
054960,新日興元大97購02,0,0,0,0,0,0,0,0,0,-148000,0,0,0,2000,150000,-148000,-148000
06653P,美食元大98售02  ,0,0,0,0,0,0,0,0,0,-148000,0,0,0,20000,168000,-148000,-148000
057299,立積永豐98購02  ,0,0,0,0,0,0,0,0,0,-149000,0,0,0,538000,687000,-149000,-149000
056618,京元電永豐98購01,0,0,0,0,0,0,0,0,0,-149000,0,0,0,28000,177000,-149000,-149000
051138,訊連永豐95購01  ,0,0,0,0,0,0,0,0,0,-149000,0,0,0,0,149000,-149000,-149000
054001,康友群益96購02  ,0,0,0,0,0,0,0,0,0,-149000,0,0,0,145000,294000,-149000,-149000
056311,泰鼎元大98購01  ,0,0,0,0,0,0,0,0,0,-149000,0,0,0,226000,375000,-149000,-149000
053898,康友群益97購01  ,0,0,0,0,0,0,0,0,0,-149000,0,0,0,113000,262000,-149000,-149000
056725,鴻海國票99購03  ,0,0,0,0,0,0,0,0,0,-150000,0,0,0,0,150000,-150000,-150000
057041,國巨元大99購04  ,0,0,0,0,0,0,0,0,0,-150000,0,0,0,45000,195000,-150000,-150000
057750,神達國票99購01  ,0,0,0,0,0,0,0,0,0,-150000,0,0,0,41000,191000,-150000,-150000
058282,聯茂中信99購01  ,0,0,0,0,0,0,0,0,0,-150000,0,0,0,115000,265000,-150000,-150000
049309,台達電凱基94購05,0,0,0,0,0,0,0,0,0,-150000,0,0,0,0,150000,-150000,-150000
047156,群創國票94購01  ,0,0,0,0,0,0,0,0,0,-150000,0,0,0,0,150000,-150000,-150000
054044,京元電元大96購03,0,0,0,0,0,0,0,0,0,-150000,0,0,0,0,150000,-150000,-150000
051048,臺指反群益96購01,0,0,0,0,0,0,0,0,0,-150000,0,0,0,0,150000,-150000,-150000
052832,益航群益96購01  ,0,0,0,0,0,0,0,0,0,-150000,0,0,0,232000,382000,-150000,-150000
054656,深中小元大97購01,0,0,0,0,0,0,0,0,0,-150000,0,0,0,0,150000,-150000,-150000
06601P,臺股指永豐98售04,0,0,0,0,0,0,0,0,0,-150000,0,0,0,0,150000,-150000,-150000
058415,祥碩兆豐99購01  ,0,0,0,0,0,0,0,0,0,-151000,0,0,0,0,151000,-151000,-151000
052387,台積電群益95購08,0,0,0,0,0,0,0,0,0,-151000,0,0,0,660000,811000,-151000,-151000
055276,台積電元大97購20,0,0,0,0,0,0,0,0,0,-151000,0,0,0,22000,173000,-151000,-151000
053770,元金2X元大98購01,0,0,0,0,0,0,0,0,0,-151000,0,0,0,280000,431000,-151000,-151000
056091,百和統一97購01  ,0,0,0,0,0,0,0,0,0,-151000,0,0,0,0,151000,-151000,-151000
2375,凱美            ,172000,324000,-152000,0,0,0,0,0,0,1000,0,0,0,3000,2000,1000,-151000
1319,東陽            ,311300,422000,-110700,0,0,0,0,0,0,-41000,0,41000,-41000,0,0,0,-151700
049871,T50反1台新9A購02,0,0,0,0,0,0,0,0,0,-152000,0,0,0,50000,202000,-152000,-152000
052377,景碩元大96購02  ,0,0,0,0,0,0,0,0,0,-152000,0,0,0,18000,170000,-152000,-152000
055660,台光電兆豐97購01,0,0,0,0,0,0,0,0,0,-152000,0,0,0,60000,212000,-152000,-152000
051948,滬深2X元富9B購01,0,0,0,0,0,0,0,0,0,-153000,0,0,0,2000,155000,-153000,-153000
05531P,臺股指群益96售04,0,0,0,0,0,0,0,0,0,-153000,0,0,0,158000,311000,-153000,-153000
06509P,鴻海群益98售03  ,0,0,0,0,0,0,0,0,0,-154000,0,0,0,59000,213000,-154000,-154000
06044P,同欣電永豐96售03,0,0,0,0,0,0,0,0,0,-154000,0,0,0,0,154000,-154000,-154000
04936P,大立光中信95售03,0,0,0,0,0,0,0,0,0,-154000,0,0,0,0,154000,-154000,-154000
054303,國巨凱基96購15  ,0,0,0,0,0,0,0,0,0,-154000,0,0,0,55000,209000,-154000,-154000
053850,嘉澤元富96購03  ,0,0,0,0,0,0,0,0,0,-154000,0,0,0,118000,272000,-154000,-154000
2405,浩鑫            ,19000,173000,-154000,0,0,0,0,0,0,0,0,0,0,0,0,0,-154000
6214,精誠            ,59000,197000,-138000,0,0,0,0,0,0,-16000,0,16000,-16000,0,0,0,-154000
6415,矽力-KY         ,275000,414000,-139000,0,0,0,22000,10000,12000,-27000,0,9000,-9000,10000,28000,-18000,-154000
057712,南亞科統一9A購01,0,0,0,0,0,0,0,0,0,-155000,0,0,0,55000,210000,-155000,-155000
05674P,瑞昱群益96售02  ,0,0,0,0,0,0,0,0,0,-155000,0,0,0,15000,170000,-155000,-155000
041824,元油2X國票96購01,0,0,0,0,0,0,0,0,0,-155000,0,0,0,0,155000,-155000,-155000
049246,大成鋼元大94購02,0,0,0,0,0,0,0,0,0,-155000,0,0,0,0,155000,-155000,-155000
055792,臺股指凱基97購15,0,0,0,0,0,0,0,0,0,-155000,0,0,0,0,155000,-155000,-155000
053568,智伸科富邦98購01,0,0,0,0,0,0,0,0,0,-155000,0,0,0,10000,165000,-155000,-155000
057226,上銀凱基98購06  ,0,0,0,0,0,0,0,0,0,-156000,0,0,0,0,156000,-156000,-156000
051526,超眾凱基95購02  ,0,0,0,0,0,0,0,0,0,-156000,0,0,0,10000,166000,-156000,-156000
052355,為升永豐95購02  ,0,0,0,0,0,0,0,0,0,-156000,0,0,0,10000,166000,-156000,-156000
056348,S&P反1元大9A購01,0,0,0,0,0,0,0,0,0,-156000,0,0,0,9000,165000,-156000,-156000
055354,宏達電凱基98購01,0,0,0,0,0,0,0,0,0,-156000,0,0,0,19000,175000,-156000,-156000
055570,華通統一98購03  ,0,0,0,0,0,0,0,0,0,-156000,0,0,0,118000,274000,-156000,-156000
6443,元晶            ,6000,162000,-156000,0,0,0,0,0,0,0,0,0,0,0,0,0,-156000
05244P,台積電元大95售17,0,0,0,0,0,0,0,0,0,-157000,0,0,0,1183000,1340000,-157000,-157000
055530,聯發科群益98購01,0,0,0,0,0,0,0,0,0,-157000,0,0,0,0,157000,-157000,-157000
058267,奇鋐永豐99購01  ,0,0,0,0,0,0,0,0,0,-158000,0,0,0,40000,198000,-158000,-158000
056219,T50反1日盛02購01,0,0,0,0,0,0,0,0,0,-158000,0,0,0,57000,215000,-158000,-158000
056254,為升元富97購01  ,0,0,0,0,0,0,0,0,0,-158000,0,0,0,0,158000,-158000,-158000
2851,中再保          ,3000,157000,-154000,0,0,0,0,0,0,-4000,0,4000,-4000,0,0,0,-158000
06550P,健策元大99售01  ,0,0,0,0,0,0,0,0,0,-159000,0,0,0,3000,162000,-159000,-159000
057692,臺股指凱基98購10,0,0,0,0,0,0,0,0,0,-159000,0,0,0,44000,203000,-159000,-159000
052210,華夏元大95購01  ,0,0,0,0,0,0,0,0,0,-159000,0,0,0,0,159000,-159000,-159000
055595,宏達電元大98購02,0,0,0,0,0,0,0,0,0,-159000,0,0,0,32000,191000,-159000,-159000
057298,旭富永豐98購01  ,0,0,0,0,0,0,0,0,0,-160000,0,0,0,807000,967000,-160000,-160000
06450P,聯發科元大98售03,0,0,0,0,0,0,0,0,0,-160000,0,0,0,175000,335000,-160000,-160000
044201,群創國票95購01  ,0,0,0,0,0,0,0,0,0,-160000,0,0,0,0,160000,-160000,-160000
03497P,金像電凱基02售06,0,0,0,0,0,0,0,0,0,-160000,0,0,0,0,160000,-160000,-160000
045906,鴻海中信94購01  ,0,0,0,0,0,0,0,0,0,-160000,0,0,0,0,160000,-160000,-160000
052427,上証2X永豐96購01,0,0,0,0,0,0,0,0,0,-160000,0,0,0,0,160000,-160000,-160000
052577,台積電統一96購01,0,0,0,0,0,0,0,0,0,-160000,0,0,0,0,160000,-160000,-160000
053029,國巨第一96購01  ,0,0,0,0,0,0,0,0,0,-160000,0,0,0,87000,247000,-160000,-160000
052701,群創國票96購01  ,0,0,0,0,0,0,0,0,0,-160000,0,0,0,20000,180000,-160000,-160000
053472,漢唐元大96購02  ,0,0,0,0,0,0,0,0,0,-160000,0,0,0,0,160000,-160000,-160000
056426,上証2X凱基9A購01,0,0,0,0,0,0,0,0,0,-160000,0,0,0,0,160000,-160000,-160000
055024,興勤國泰98購01  ,0,0,0,0,0,0,0,0,0,-160000,0,0,0,70000,230000,-160000,-160000
06463P,大立光富邦9A售01,0,0,0,0,0,0,0,0,0,-161000,0,0,0,160000,321000,-161000,-161000
06378P,國巨統一97售08  ,0,0,0,0,0,0,0,0,0,-161000,0,0,0,5000,166000,-161000,-161000
046793,聯發科元富99購01,0,0,0,0,0,0,0,0,0,-161000,0,0,0,70000,231000,-161000,-161000
2612,中航            ,13000,161000,-148000,0,0,0,0,0,0,-13000,2000,15000,-13000,0,0,0,-161000
05801P,正崴兆豐96售01  ,0,0,0,0,0,0,0,0,0,-162000,0,0,0,0,162000,-162000,-162000
049306,元油2X凱基96購01,0,0,0,0,0,0,0,0,0,-162000,0,0,0,106000,268000,-162000,-162000
03253P,台灣50國泰03售02,0,0,0,0,0,0,0,0,0,-162000,0,0,0,361000,523000,-162000,-162000
048945,訊連永豐94購01  ,0,0,0,0,0,0,0,0,0,-162000,0,0,0,25000,187000,-162000,-162000
052200,台光電統一95購02,0,0,0,0,0,0,0,0,0,-162000,0,0,0,0,162000,-162000,-162000
054860,台積電群益98購01,0,0,0,0,0,0,0,0,0,-162000,0,0,0,463000,625000,-162000,-162000
2614,東森            ,106000,260000,-154000,0,0,0,0,0,0,-8000,0,8000,-8000,0,0,0,-162000
053940,康友元富96購01  ,0,0,0,0,0,0,0,0,0,-163000,0,0,0,45000,208000,-163000,-163000
2849,安泰銀          ,0,119000,-119000,0,0,0,0,0,0,-44000,0,44000,-44000,0,0,0,-163000
057745,泰鼎永豐99購01  ,0,0,0,0,0,0,0,0,0,-164000,0,0,0,12000,176000,-164000,-164000
051844,宏達電富邦96購01,0,0,0,0,0,0,0,0,0,-164000,0,0,0,6000,170000,-164000,-164000
053149,京元電元大96購02,0,0,0,0,0,0,0,0,0,-164000,0,0,0,0,164000,-164000,-164000
06680P,智邦元大98售06  ,0,0,0,0,0,0,0,0,0,-164000,0,0,0,87000,251000,-164000,-164000
056765,友達元大9B購05  ,0,0,0,0,0,0,0,0,0,-165000,0,0,0,45000,210000,-165000,-165000
058354,台積電凱基9A購06,0,0,0,0,0,0,0,0,0,-165000,0,0,0,90000,255000,-165000,-165000
048442,友訊凱基94購01  ,0,0,0,0,0,0,0,0,0,-165000,0,0,0,135000,300000,-165000,-165000
053980,泰鼎元大97購02  ,0,0,0,0,0,0,0,0,0,-165000,0,0,0,229000,394000,-165000,-165000
053465,聯電元大96購05  ,0,0,0,0,0,0,0,0,0,-165000,0,0,0,0,165000,-165000,-165000
06173P,華通元大97售02  ,0,0,0,0,0,0,0,0,0,-166000,0,0,0,35000,201000,-166000,-166000
053352,義隆兆豐96購01  ,0,0,0,0,0,0,0,0,0,-166000,0,0,0,19000,185000,-166000,-166000
051941,樺漢群益95購02  ,0,0,0,0,0,0,0,0,0,-166000,0,0,0,0,166000,-166000,-166000
051126,訊連群益95購01  ,0,0,0,0,0,0,0,0,0,-166000,0,0,0,50000,216000,-166000,-166000
052663,奇鋐國票97購01  ,0,0,0,0,0,0,0,0,0,-166000,0,0,0,131000,297000,-166000,-166000
5607,遠雄港          ,100000,262000,-162000,0,0,0,0,0,0,-4000,0,4000,-4000,0,0,0,-166000
058283,世紀鋼中信99購01,0,0,0,0,0,0,0,0,0,-167000,0,0,0,65000,232000,-167000,-167000
053698,中磊元大96購02  ,0,0,0,0,0,0,0,0,0,-167000,0,0,0,37000,204000,-167000,-167000
04848P,康控凱基94售02  ,0,0,0,0,0,0,0,0,0,-168000,0,0,0,0,168000,-168000,-168000
6153,嘉聯益          ,642474,671000,-28526,0,0,0,0,0,0,-140000,51000,25000,26000,22000,188000,-166000,-168526
057191,祥碩元大98購05  ,0,0,0,0,0,0,0,0,0,-169000,0,0,0,204000,373000,-169000,-169000
046703,瑞昱元富95購01  ,0,0,0,0,0,0,0,0,0,-169000,0,0,0,82000,251000,-169000,-169000
051012,台積電凱基95購04,0,0,0,0,0,0,0,0,0,-169000,0,0,0,0,169000,-169000,-169000
2329,華泰            ,449000,548000,-99000,0,0,0,0,0,0,-70000,0,27000,-27000,14000,57000,-43000,-169000
1527,鑽全            ,27000,192000,-165000,0,0,0,0,0,0,-4000,1000,5000,-4000,0,0,0,-169000
058286,道瓊指國票9B購01,0,0,0,0,0,0,0,0,0,-170000,0,0,0,0,170000,-170000,-170000
058511,華新科元大9B購01,0,0,0,0,0,0,0,0,0,-170000,0,0,0,0,170000,-170000,-170000
05934P,國巨凱基96售13  ,0,0,0,0,0,0,0,0,0,-170000,0,0,0,49000,219000,-170000,-170000
00683L,元大美元指數正2 ,0,0,0,0,0,0,0,0,0,-170000,0,0,0,0,170000,-170000,-170000
049701,聯茂元大94購05  ,0,0,0,0,0,0,0,0,0,-170000,0,0,0,0,170000,-170000,-170000
050124,元金2X凱基95購01,0,0,0,0,0,0,0,0,0,-170000,0,0,0,113000,283000,-170000,-170000
05405P,大立光群益95售04,0,0,0,0,0,0,0,0,0,-170000,0,0,0,0,170000,-170000,-170000
05326P,臺股指凱基95售10,0,0,0,0,0,0,0,0,0,-170000,0,0,0,0,170000,-170000,-170000
055003,群創元富99購05  ,0,0,0,0,0,0,0,0,0,-170000,0,0,0,73000,243000,-170000,-170000
055198,奇力新第一97購01,0,0,0,0,0,0,0,0,0,-170000,0,0,0,100000,270000,-170000,-170000
057167,台積電元大99購03,0,0,0,0,0,0,0,0,0,-171000,0,0,0,36000,207000,-171000,-171000
00851,台新全球AI      ,0,0,0,0,0,0,0,0,0,-171000,0,0,0,55000,226000,-171000,-171000
047569,世紀鋼國票94購02,0,0,0,0,0,0,0,0,0,-171000,0,0,0,100000,271000,-171000,-171000
054361,技嘉凱基96購01  ,0,0,0,0,0,0,0,0,0,-171000,0,0,0,440000,611000,-171000,-171000
057158,義隆永豐99購01  ,0,0,0,0,0,0,0,0,0,-172000,0,0,0,247000,419000,-172000,-172000
058368,奇鋐凱基9A購01  ,0,0,0,0,0,0,0,0,0,-172000,0,0,0,30000,202000,-172000,-172000
04575P,新日興統一94售02,0,0,0,0,0,0,0,0,0,-172000,0,0,0,40000,212000,-172000,-172000
051703,台積電群益95購04,0,0,0,0,0,0,0,0,0,-172000,0,0,0,116000,288000,-172000,-172000
050445,鴻海元大94購21  ,0,0,0,0,0,0,0,0,0,-172000,0,0,0,738000,910000,-172000,-172000
06762P,智邦元大98售11  ,0,0,0,0,0,0,0,0,0,-172000,0,0,0,45000,217000,-172000,-172000
057292,國巨國泰9B購01  ,0,0,0,0,0,0,0,0,0,-173000,0,0,0,107000,280000,-173000,-173000
049782,世紀鋼統一94購01,0,0,0,0,0,0,0,0,0,-173000,0,0,0,0,173000,-173000,-173000
056248,康友群益97購04  ,0,0,0,0,0,0,0,0,0,-173000,0,0,0,140000,313000,-173000,-173000
05863P,滬深2X元大96售09,0,0,0,0,0,0,0,0,0,-174000,0,0,0,105000,279000,-174000,-174000
06018P,康控凱基96售03  ,0,0,0,0,0,0,0,0,0,-174000,0,0,0,0,174000,-174000,-174000
051762,國泰金元大95購01,0,0,0,0,0,0,0,0,0,-174000,0,0,0,0,174000,-174000,-174000
051904,深100元大95購01 ,0,0,0,0,0,0,0,0,0,-174000,0,0,0,77000,251000,-174000,-174000
1313,聯成            ,48000,221000,-173000,0,0,0,0,0,0,-1000,17000,18000,-1000,0,0,0,-174000
047703,台積電凱基93購19,0,0,0,0,0,0,0,0,0,-175000,0,0,0,0,175000,-175000,-175000
052906,緯創國票97購01  ,0,0,0,0,0,0,0,0,0,-175000,0,0,0,0,175000,-175000,-175000
055869,臺股指元大97購08,0,0,0,0,0,0,0,0,0,-175000,0,0,0,0,175000,-175000,-175000
8110,華東            ,43000,235000,-192000,0,0,0,0,0,0,17000,34000,17000,17000,0,0,0,-175000
056749,滬深2X兆豐99購01,0,0,0,0,0,0,0,0,0,-176000,0,0,0,140000,316000,-176000,-176000
056717,康友永豐98購01  ,0,0,0,0,0,0,0,0,0,-176000,0,0,0,149000,325000,-176000,-176000
052937,國巨兆豐97購01  ,0,0,0,0,0,0,0,0,0,-176000,0,0,0,36000,212000,-176000,-176000
05089P,亞德客元大95售01,0,0,0,0,0,0,0,0,0,-176000,0,0,0,10000,186000,-176000,-176000
057413,臺股指群益9C購04,0,0,0,0,0,0,0,0,0,-177000,0,0,0,0,177000,-177000,-177000
054976,上証2X元富9A購01,0,0,0,0,0,0,0,0,0,-177000,0,0,0,60000,237000,-177000,-177000
054640,健策中信9B購01  ,0,0,0,0,0,0,0,0,0,-177000,0,0,0,7000,184000,-177000,-177000
04514P,元石油中信97售01,0,0,0,0,0,0,0,0,0,-178000,0,0,0,20000,198000,-178000,-178000
049966,旺宏國票95購02  ,0,0,0,0,0,0,0,0,0,-178000,0,0,0,160000,338000,-178000,-178000
054353,世紀鋼國泰98購01,0,0,0,0,0,0,0,0,0,-178000,0,0,0,10000,188000,-178000,-178000
2467,志聖            ,140000,311000,-171000,0,0,0,0,0,0,-7000,0,7000,-7000,0,0,0,-178000
056572,義隆元大99購01  ,0,0,0,0,0,0,0,0,0,-179000,0,0,0,17000,196000,-179000,-179000
049537,元石油群益97購01,0,0,0,0,0,0,0,0,0,-180000,0,0,0,0,180000,-180000,-180000
051390,京元電兆豐95購01,0,0,0,0,0,0,0,0,0,-180000,0,0,0,42000,222000,-180000,-180000
051358,台新金元大95購01,0,0,0,0,0,0,0,0,0,-180000,0,0,0,0,180000,-180000,-180000
055826,中石化元大97購01,0,0,0,0,0,0,0,0,0,-180000,0,0,0,0,180000,-180000,-180000
057231,美律凱基98購05  ,0,0,0,0,0,0,0,0,0,-181000,0,0,0,4000,185000,-181000,-181000
054079,鴻海中信98購02  ,0,0,0,0,0,0,0,0,0,-181000,0,0,0,10000,191000,-181000,-181000
055807,勤誠永豐97購01  ,0,0,0,0,0,0,0,0,0,-181000,0,0,0,0,181000,-181000,-181000
055451,台積電元富97購02,0,0,0,0,0,0,0,0,0,-181000,0,0,0,24000,205000,-181000,-181000
054319,世紀鋼凱基96購02,0,0,0,0,0,0,0,0,0,-181000,0,0,0,106000,287000,-181000,-181000
058090,聯發科元大98購16,0,0,0,0,0,0,0,0,0,-182000,0,0,0,284000,466000,-182000,-182000
045517,元油2X元富98購01,0,0,0,0,0,0,0,0,0,-182000,0,0,0,0,182000,-182000,-182000
054556,世芯凱基99購01  ,0,0,0,0,0,0,0,0,0,-182000,0,0,0,69000,251000,-182000,-182000
2102,泰豐            ,1000,165000,-164000,0,0,0,0,0,0,-18000,0,18000,-18000,0,0,0,-182000
2108,南帝            ,51000,217000,-166000,0,0,0,0,0,0,-16000,3000,19000,-16000,0,0,0,-182000
9939,宏全            ,166000,226000,-60000,0,0,0,0,114000,-114000,-8000,10000,18000,-8000,0,0,0,-182000
056662,臺股指元大9A購09,0,0,0,0,0,0,0,0,0,-183000,0,0,0,2000,185000,-183000,-183000
00665L,富邦恒生國企正2 ,0,23000,-23000,0,0,0,0,0,0,-160000,0,0,0,14000,174000,-160000,-183000
049967,華新科國票94購07,0,0,0,0,0,0,0,0,0,-183000,0,0,0,109000,292000,-183000,-183000
053171,中磊群益96購01  ,0,0,0,0,0,0,0,0,0,-183000,0,0,0,52000,235000,-183000,-183000
054882,台光電統一97購02,0,0,0,0,0,0,0,0,0,-183000,0,0,0,100000,283000,-183000,-183000
2204,中華            ,163000,310000,-147000,0,0,0,0,0,0,-36000,0,36000,-36000,0,0,0,-183000
049798,台積電元大94購18,0,0,0,0,0,0,0,0,0,-184000,0,0,0,101000,285000,-184000,-184000
052884,台積電兆豐96購01,0,0,0,0,0,0,0,0,0,-184000,0,0,0,1000,185000,-184000,-184000
2436,偉詮電          ,95000,268000,-173000,0,0,0,0,0,0,-11000,0,11000,-11000,0,0,0,-184000
053184,世紀鋼元富96購01,0,0,0,0,0,0,0,0,0,-185000,0,0,0,959000,1144000,-185000,-185000
056392,玉晶光富邦9C購01,0,0,0,0,0,0,0,0,0,-185000,0,0,0,130000,315000,-185000,-185000
056157,聯詠凱基97購03  ,0,0,0,0,0,0,0,0,0,-185000,0,0,0,180000,365000,-185000,-185000
2312,金寶            ,790000,883000,-93000,0,0,0,0,0,0,-92000,2000,104000,-102000,16000,6000,10000,-185000
05745P,富邦金兆豐96售02,0,0,0,0,0,0,0,0,0,-186000,0,0,0,0,186000,-186000,-186000
053003,國巨永豐96購02  ,0,0,0,0,0,0,0,0,0,-186000,0,0,0,7000,193000,-186000,-186000
054122,康友永豐96購01  ,0,0,0,0,0,0,0,0,0,-186000,0,0,0,0,186000,-186000,-186000
053456,大立光元富96購04,0,0,0,0,0,0,0,0,0,-186000,0,0,0,3000,189000,-186000,-186000
054282,泰鼎群益98購02  ,0,0,0,0,0,0,0,0,0,-186000,0,0,0,247000,433000,-186000,-186000
051927,國巨中信96購01  ,0,0,0,0,0,0,0,0,0,-187000,0,0,0,51000,238000,-187000,-187000
053124,聯發科凱基96購12,0,0,0,0,0,0,0,0,0,-187000,0,0,0,100000,287000,-187000,-187000
1515,力山            ,199639,374000,-174361,0,0,0,0,0,0,-13000,0,3000,-3000,2000,12000,-10000,-187361
3665,貿聯-KY         ,36000,228585,-192585,0,0,0,0,0,0,5000,22000,8000,14000,3000,12000,-9000,-187585
051145,台積電凱基95購05,0,0,0,0,0,0,0,0,0,-188000,0,0,0,40000,228000,-188000,-188000
04652P,臺股指凱基94售11,0,0,0,0,0,0,0,0,0,-188000,0,0,0,35000,223000,-188000,-188000
052391,瑞儀群益95購01  ,0,0,0,0,0,0,0,0,0,-188000,0,0,0,22000,210000,-188000,-188000
051938,旭富群益95購01  ,0,0,0,0,0,0,0,0,0,-188000,0,0,0,170000,358000,-188000,-188000
053632,新唐兆豐96購01  ,0,0,0,0,0,0,0,0,0,-188000,0,0,0,44000,232000,-188000,-188000
6285,啟碁            ,86000,257000,-171000,0,0,0,1000,0,1000,-18000,0,25000,-25000,43000,36000,7000,-188000
06856P,台灣50永豐99售03,0,0,0,0,0,0,0,0,0,-188000,0,0,0,30000,218000,-188000,-188000
058037,台灣50元大9B購02,0,0,0,0,0,0,0,0,0,-189000,0,0,0,353000,542000,-189000,-189000
058408,華通兆豐99購02  ,0,0,0,0,0,0,0,0,0,-189000,0,0,0,0,189000,-189000,-189000
06194P,台積電元富97售05,0,0,0,0,0,0,0,0,0,-189000,0,0,0,111000,300000,-189000,-189000
049113,大立光統一94購06,0,0,0,0,0,0,0,0,0,-189000,0,0,0,1000,190000,-189000,-189000
055821,勤誠國票98購01  ,0,0,0,0,0,0,0,0,0,-189000,0,0,0,135000,324000,-189000,-189000
056006,義隆亞東97購01  ,0,0,0,0,0,0,0,0,0,-189000,0,0,0,0,189000,-189000,-189000
3413,京鼎            ,77000,113000,-36000,0,0,0,0,169000,-169000,16000,27000,3000,24000,3000,11000,-8000,-189000
06504P,麗豐國票99售02  ,0,0,0,0,0,0,0,0,0,-190000,0,0,0,0,190000,-190000,-190000
05857P,旺宏中信98售02  ,0,0,0,0,0,0,0,0,0,-190000,0,0,0,0,190000,-190000,-190000
058381,元石油中信9C購01,0,0,0,0,0,0,0,0,0,-190000,0,0,0,210000,400000,-190000,-190000
056663,臺股指元大9A購10,0,0,0,0,0,0,0,0,0,-190000,0,0,0,252000,442000,-190000,-190000
04913P,聯詠元富94售02  ,0,0,0,0,0,0,0,0,0,-190000,0,0,0,10000,200000,-190000,-190000
048990,台表科元大94購01,0,0,0,0,0,0,0,0,0,-190000,0,0,0,0,190000,-190000,-190000
050100,台積電永昌96購02,0,0,0,0,0,0,0,0,0,-190000,0,0,0,304000,494000,-190000,-190000
00757,統一FANG+       ,0,0,0,0,0,0,0,0,0,-190000,0,0,0,0,190000,-190000,-190000
054073,群創富邦96購03  ,0,0,0,0,0,0,0,0,0,-190000,0,0,0,10000,200000,-190000,-190000
4919,新唐            ,204000,496000,-292000,0,0,0,0,0,0,102000,0,8000,-8000,134000,24000,110000,-190000
057527,億光元大98購01  ,0,0,0,0,0,0,0,0,0,-191000,0,0,0,30000,221000,-191000,-191000
06538P,國巨凱基98售11  ,0,0,0,0,0,0,0,0,0,-191000,0,0,0,0,191000,-191000,-191000
047529,嘉晶元大94購02  ,0,0,0,0,0,0,0,0,0,-191000,0,0,0,130000,321000,-191000,-191000
04938P,亞德客國票95售01,0,0,0,0,0,0,0,0,0,-191000,0,0,0,0,191000,-191000,-191000
055403,泰鼎元富97購01  ,0,0,0,0,0,0,0,0,0,-191000,0,0,0,11000,202000,-191000,-191000
054670,康友元富97購01  ,0,0,0,0,0,0,0,0,0,-191000,0,0,0,95000,286000,-191000,-191000
06136P,華新科國泰99售02,0,0,0,0,0,0,0,0,0,-192000,0,0,0,211000,403000,-192000,-192000
056180,南茂元富97購01  ,0,0,0,0,0,0,0,0,0,-192000,0,0,0,287000,479000,-192000,-192000
3055,蔚華科          ,36000,228000,-192000,0,0,0,0,0,0,0,0,0,0,0,0,0,-192000
057449,華新科元富99購02,0,0,0,0,0,0,0,0,0,-193000,0,0,0,27000,220000,-193000,-193000
047630,元油反元大96購02,0,0,0,0,0,0,0,0,0,-193000,0,0,0,22000,215000,-193000,-193000
050150,國巨群益95購01  ,0,0,0,0,0,0,0,0,0,-193000,0,0,0,46000,239000,-193000,-193000
049130,臺指反元大98購01,0,0,0,0,0,0,0,0,0,-193000,0,0,0,7000,200000,-193000,-193000
058153,景碩統一9B購01  ,0,0,0,0,0,0,0,0,0,-194000,0,0,0,0,194000,-194000,-194000
051858,上銀凱基95購01  ,0,0,0,0,0,0,0,0,0,-195000,0,0,0,10000,205000,-195000,-195000
052726,鴻海元富96購03  ,0,0,0,0,0,0,0,0,0,-195000,0,0,0,5000,200000,-195000,-195000
06844P,智邦元大98售13  ,0,0,0,0,0,0,0,0,0,-195000,0,0,0,0,195000,-195000,-195000
056390,台積電富邦9B購01,0,0,0,0,0,0,0,0,0,-196000,0,0,0,10000,206000,-196000,-196000
053864,義隆元大96購01  ,0,0,0,0,0,0,0,0,0,-197000,0,0,0,179000,376000,-197000,-197000
05925P,晶技永豐96售03  ,0,0,0,0,0,0,0,0,0,-198000,0,0,0,22000,220000,-198000,-198000
057402,嘉晶群益98購02  ,0,0,0,0,0,0,0,0,0,-198000,0,0,0,42000,240000,-198000,-198000
052880,台積電凱基96購06,0,0,0,0,0,0,0,0,0,-198000,0,0,0,87000,285000,-198000,-198000
1717,長興            ,97000,218000,-121000,0,0,0,0,0,0,-77000,0,77000,-77000,0,0,0,-198000
049837,臺股指凱基96購02,0,0,0,0,0,0,0,0,0,-199000,0,0,0,0,199000,-199000,-199000
055926,國巨群益98購06  ,0,0,0,0,0,0,0,0,0,-199000,0,0,0,1000,200000,-199000,-199000
054262,瀚宇博元大96購03,0,0,0,0,0,0,0,0,0,-199000,0,0,0,48000,247000,-199000,-199000
057264,新光金兆豐98購01,0,0,0,0,0,0,0,0,0,-200000,0,0,0,0,200000,-200000,-200000
058382,S&P500中信99購01,0,0,0,0,0,0,0,0,0,-200000,0,0,0,0,200000,-200000,-200000
058501,S&P正2元大99購01,0,0,0,0,0,0,0,0,0,-200000,0,0,0,0,200000,-200000,-200000
049903,大立光元富94購06,0,0,0,0,0,0,0,0,0,-200000,0,0,0,0,200000,-200000,-200000
049227,元油2X富邦96購03,0,0,0,0,0,0,0,0,0,-200000,0,0,0,0,200000,-200000,-200000
048879,瀚宇博國票95購01,0,0,0,0,0,0,0,0,0,-200000,0,0,0,0,200000,-200000,-200000
052011,欣興中信96購01  ,0,0,0,0,0,0,0,0,0,-200000,0,0,0,0,200000,-200000,-200000
047523,瑞昱元大93購09  ,0,0,0,0,0,0,0,0,0,-200000,0,0,0,0,200000,-200000,-200000
01009T,王道圓滿R1      ,0,0,0,0,0,0,0,0,0,-200000,0,200000,-200000,0,0,0,-200000
052284,日月光凱基96購01,0,0,0,0,0,0,0,0,0,-200000,0,0,0,60000,260000,-200000,-200000
052505,友達日盛9B購02  ,0,0,0,0,0,0,0,0,0,-200000,0,0,0,0,200000,-200000,-200000
050516,華通元大95購05  ,0,0,0,0,0,0,0,0,0,-200000,0,0,0,12000,212000,-200000,-200000
051994,瀚宇博元大96購01,0,0,0,0,0,0,0,0,0,-200000,0,0,0,0,200000,-200000,-200000
051727,S&P反1國票97購01,0,0,0,0,0,0,0,0,0,-200000,0,0,0,0,200000,-200000,-200000
05072P,聯電元富95售02  ,0,0,0,0,0,0,0,0,0,-200000,0,0,0,0,200000,-200000,-200000
054052,日月光元大96購06,0,0,0,0,0,0,0,0,0,-200000,0,0,0,0,200000,-200000,-200000
05598P,國巨元富96售03  ,0,0,0,0,0,0,0,0,0,-200000,0,0,0,0,200000,-200000,-200000
055038,華航富邦99購01  ,0,0,0,0,0,0,0,0,0,-200000,0,0,0,50000,250000,-200000,-200000
049893,日月光富邦98購01,0,0,0,0,0,0,0,0,0,-201000,0,0,0,24000,225000,-201000,-201000
050158,上海銀群益96購01,0,0,0,0,0,0,0,0,0,-201000,0,0,0,1000,202000,-201000,-201000
051415,晶技國票96購01  ,0,0,0,0,0,0,0,0,0,-201000,0,0,0,59000,260000,-201000,-201000
054647,禾伸堂群益99購01,0,0,0,0,0,0,0,0,0,-201000,0,0,0,0,201000,-201000,-201000
057754,臺股指國票98購10,0,0,0,0,0,0,0,0,0,-202000,0,0,0,0,202000,-202000,-202000
057057,立積元大9A購01  ,0,0,0,0,0,0,0,0,0,-202000,0,0,0,59000,261000,-202000,-202000
049494,華新科元大95購05,0,0,0,0,0,0,0,0,0,-202000,0,0,0,120000,322000,-202000,-202000
051127,同欣電群益95購01,0,0,0,0,0,0,0,0,0,-202000,0,0,0,135000,337000,-202000,-202000
06244P,智易元富97售02  ,0,0,0,0,0,0,0,0,0,-203000,0,0,0,0,203000,-203000,-203000
053983,樺漢元大97購02  ,0,0,0,0,0,0,0,0,0,-203000,0,0,0,363000,566000,-203000,-203000
053525,台積電中信96購04,0,0,0,0,0,0,0,0,0,-203000,0,0,0,7000,210000,-203000,-203000
057638,上銀元大99購01  ,0,0,0,0,0,0,0,0,0,-204000,0,0,0,17000,221000,-204000,-204000
052065,臺股指國票95購12,0,0,0,0,0,0,0,0,0,-204000,0,0,0,0,204000,-204000,-204000
03896P,長榮航凱基95售01,0,0,0,0,0,0,0,0,0,-204000,0,0,0,0,204000,-204000,-204000
052723,新唐統一97購01  ,0,0,0,0,0,0,0,0,0,-204000,0,0,0,0,204000,-204000,-204000
057636,上銀元大98購06  ,0,0,0,0,0,0,0,0,0,-205000,0,0,0,28000,233000,-205000,-205000
057693,臺股指凱基98購11,0,0,0,0,0,0,0,0,0,-205000,0,0,0,0,205000,-205000,-205000
06337P,祥碩元大97售05  ,0,0,0,0,0,0,0,0,0,-205000,0,0,0,199000,404000,-205000,-205000
00660,元大歐洲50      ,0,0,0,0,0,0,0,0,0,-205000,0,0,0,0,205000,-205000,-205000
00681R,元大美債20反1   ,0,0,0,0,0,0,0,0,0,-205000,0,0,0,82000,287000,-205000,-205000
048346,智易元大95購01  ,0,0,0,0,0,0,0,0,0,-205000,0,0,0,3000,208000,-205000,-205000
05077P,智易群益95售02  ,0,0,0,0,0,0,0,0,0,-205000,0,0,0,0,205000,-205000,-205000
053700,臺股指元大96購23,0,0,0,0,0,0,0,0,0,-205000,0,0,0,5000,210000,-205000,-205000
057977,台光電永豐98購02,0,0,0,0,0,0,0,0,0,-206000,0,0,0,1000,207000,-206000,-206000
057063,立積國泰9A購01  ,0,0,0,0,0,0,0,0,0,-206000,0,0,0,197000,403000,-206000,-206000
050397,力成元富94購01  ,0,0,0,0,0,0,0,0,0,-206000,0,0,0,70000,276000,-206000,-206000
052981,鴻海元大97購05  ,0,0,0,0,0,0,0,0,0,-207000,0,0,0,109000,316000,-207000,-207000
053689,台光電元大96購01,0,0,0,0,0,0,0,0,0,-207000,0,0,0,48000,255000,-207000,-207000
1905,華紙            ,55000,241000,-186000,0,0,0,0,0,0,-21000,0,21000,-21000,0,0,0,-207000
057056,立積元大99購02  ,0,0,0,0,0,0,0,0,0,-208000,0,0,0,99000,307000,-208000,-208000
058033,景碩永豐98購02  ,0,0,0,0,0,0,0,0,0,-208000,0,0,0,0,208000,-208000,-208000
052950,超眾國票98購01  ,0,0,0,0,0,0,0,0,0,-208000,0,0,0,21000,229000,-208000,-208000
055928,南亞科群益97購02,0,0,0,0,0,0,0,0,0,-208000,0,0,0,123000,331000,-208000,-208000
054580,樺漢元大98購01  ,0,0,0,0,0,0,0,0,0,-208000,0,0,0,195000,403000,-208000,-208000
055244,國巨統一98購01  ,0,0,0,0,0,0,0,0,0,-208000,0,0,0,0,208000,-208000,-208000
055448,健策統一97購02  ,0,0,0,0,0,0,0,0,0,-208000,0,0,0,10000,218000,-208000,-208000
06823P,台灣50永豐98售02,0,0,0,0,0,0,0,0,0,-208000,0,0,0,5000,213000,-208000,-208000
057348,台積電統一98購09,0,0,0,0,0,0,0,0,0,-209000,0,0,0,0,209000,-209000,-209000
057343,道瓊反統一9A購01,0,0,0,0,0,0,0,0,0,-209000,0,0,0,1000,210000,-209000,-209000
058280,SGBR2X中信99購01,0,0,0,0,0,0,0,0,0,-210000,0,0,0,0,210000,-210000,-210000
051153,鴻海國泰97購02  ,0,0,0,0,0,0,0,0,0,-210000,0,0,0,0,210000,-210000,-210000
050294,宏達電凱基94購04,0,0,0,0,0,0,0,0,0,-210000,0,0,0,0,210000,-210000,-210000
052629,訊芯中信99購01  ,0,0,0,0,0,0,0,0,0,-210000,0,0,0,0,210000,-210000,-210000
050460,GIS元大95購03   ,0,0,0,0,0,0,0,0,0,-210000,0,0,0,0,210000,-210000,-210000
052320,緯創元大95購05  ,0,0,0,0,0,0,0,0,0,-210000,0,0,0,31000,241000,-210000,-210000
055213,大成鋼凱基98購01,0,0,0,0,0,0,0,0,0,-210000,0,0,0,0,210000,-210000,-210000
052004,泰碩國泰97購03  ,0,0,0,0,0,0,0,0,0,-211000,0,0,0,433000,644000,-211000,-211000
052986,聯發科元大97購05,0,0,0,0,0,0,0,0,0,-211000,0,0,0,153000,364000,-211000,-211000
05836P,臺股指元富96售08,0,0,0,0,0,0,0,0,0,-212000,0,0,0,30000,242000,-212000,-212000
06361P,聯發科群益97售06,0,0,0,0,0,0,0,0,0,-212000,0,0,0,26000,238000,-212000,-212000
048350,世紀鋼元大95購01,0,0,0,0,0,0,0,0,0,-212000,0,0,0,119000,331000,-212000,-212000
047355,世紀鋼凱基94購01,0,0,0,0,0,0,0,0,0,-212000,0,0,0,25000,237000,-212000,-212000
050879,樺漢統一95購02  ,0,0,0,0,0,0,0,0,0,-212000,0,0,0,0,212000,-212000,-212000
06737P,台郡凱基98售07  ,0,0,0,0,0,0,0,0,0,-212000,0,0,0,0,212000,-212000,-212000
054336,台積電統一96購11,0,0,0,0,0,0,0,0,0,-213000,0,0,0,820000,1033000,-213000,-213000
053215,禾伸堂凱基96購01,0,0,0,0,0,0,0,0,0,-213000,0,0,0,7000,220000,-213000,-213000
052829,上銀群益96購01  ,0,0,0,0,0,0,0,0,0,-214000,0,0,0,56000,270000,-214000,-214000
055863,緯穎元大97購05  ,0,0,0,0,0,0,0,0,0,-214000,0,0,0,181000,395000,-214000,-214000
2014,中鴻            ,838419,921000,-82581,0,0,0,0,0,0,-132000,0,132000,-132000,0,0,0,-214581
053650,華邦電凱基98購01,0,0,0,0,0,0,0,0,0,-215000,0,0,0,0,215000,-215000,-215000
049518,宏達電國票95購02,0,0,0,0,0,0,0,0,0,-216000,0,0,0,0,216000,-216000,-216000
054346,世芯國票97購01  ,0,0,0,0,0,0,0,0,0,-216000,0,0,0,0,216000,-216000,-216000
1589,永冠-KY         ,94000,284000,-190000,0,0,0,0,0,0,-26000,23000,44000,-21000,0,5000,-5000,-216000
047886,京元電富邦95購01,0,0,0,0,0,0,0,0,0,-217000,0,0,0,0,217000,-217000,-217000
00771,元大US高息特別股,0,0,0,0,0,0,0,0,0,-217000,16000,0,16000,0,233000,-233000,-217000
050357,南電群益94購02  ,0,0,0,0,0,0,0,0,0,-218000,0,0,0,103000,321000,-218000,-218000
051509,鴻海中信97購01  ,0,0,0,0,0,0,0,0,0,-218000,0,0,0,0,218000,-218000,-218000
2103,台橡            ,188000,357000,-169000,0,0,0,0,0,0,-49000,0,49000,-49000,0,0,0,-218000
9941,裕融            ,17488,224000,-206512,0,0,0,0,0,0,-13000,2000,15000,-13000,0,0,0,-219512
049842,道瓊反中信98購01,0,0,0,0,0,0,0,0,0,-220000,0,0,0,0,220000,-220000,-220000
043958,臻鼎元富94購01  ,0,0,0,0,0,0,0,0,0,-220000,0,0,0,261000,481000,-220000,-220000
055163,訊芯元大98購01  ,0,0,0,0,0,0,0,0,0,-220000,0,0,0,40000,260000,-220000,-220000
058226,世芯元富99購01  ,0,0,0,0,0,0,0,0,0,-221000,0,0,0,0,221000,-221000,-221000
056881,台灣50康和9A購01,0,0,0,0,0,0,0,0,0,-221000,0,0,0,2000,223000,-221000,-221000
05452P,亞德客群益95售02,0,0,0,0,0,0,0,0,0,-221000,0,0,0,22000,243000,-221000,-221000
046432,宏達電中信94購01,0,0,0,0,0,0,0,0,0,-222000,0,0,0,0,222000,-222000,-222000
056388,勤誠國泰99購01  ,0,0,0,0,0,0,0,0,0,-222000,0,0,0,40000,262000,-222000,-222000
058259,訊連國泰9B購01  ,0,0,0,0,0,0,0,0,0,-223000,0,0,0,32000,255000,-223000,-223000
054232,台積電群益96購12,0,0,0,0,0,0,0,0,0,-223000,0,0,0,154000,377000,-223000,-223000
055720,宏達電元大97購05,0,0,0,0,0,0,0,0,0,-223000,0,0,0,35000,258000,-223000,-223000
053187,國巨統一96購05  ,0,0,0,0,0,0,0,0,0,-224000,0,0,0,0,224000,-224000,-224000
2106,建大            ,74000,255000,-181000,0,0,0,0,0,0,-43000,0,43000,-43000,0,0,0,-224000
053039,聯發科凱基96購11,0,0,0,0,0,0,0,0,0,-225000,0,0,0,0,225000,-225000,-225000
052750,臺股指元大96購04,0,0,0,0,0,0,0,0,0,-225000,0,0,0,65000,290000,-225000,-225000
058173,台積電凱基99購04,0,0,0,0,0,0,0,0,0,-226000,0,0,0,844000,1070000,-226000,-226000
056856,華通群益9A購01  ,0,0,0,0,0,0,0,0,0,-226000,0,0,0,111000,337000,-226000,-226000
05724P,致茂永豐96售01  ,0,0,0,0,0,0,0,0,0,-226000,0,0,0,0,226000,-226000,-226000
052672,世紀鋼群益96購02,0,0,0,0,0,0,0,0,0,-226000,0,0,0,45000,271000,-226000,-226000
06684P,緯穎元大98售06  ,0,0,0,0,0,0,0,0,0,-226000,0,0,0,0,226000,-226000,-226000
2464,盟立            ,18000,242033,-224033,0,0,0,0,0,0,-2000,2000,4000,-2000,0,0,0,-226033
051733,中環國票96購02  ,0,0,0,0,0,0,0,0,0,-227000,0,0,0,0,227000,-227000,-227000
051850,臻鼎中信96購01  ,0,0,0,0,0,0,0,0,0,-227000,0,0,0,20000,247000,-227000,-227000
056322,臺股指群益98購01,0,0,0,0,0,0,0,0,0,-227000,0,0,0,0,227000,-227000,-227000
055177,宏達電統一99購01,0,0,0,0,0,0,0,0,0,-227000,0,0,0,20000,247000,-227000,-227000
056222,台積電凱基9A購01,0,0,0,0,0,0,0,0,0,-228000,0,0,0,0,228000,-228000,-228000
08637P,台灣50中信96售03,0,0,0,0,0,0,0,0,0,-228000,0,0,0,1288000,1516000,-228000,-228000
057394,台積電中信9C購02,0,0,0,0,0,0,0,0,0,-229000,0,0,0,0,229000,-229000,-229000
049219,聯發科國票95購01,0,0,0,0,0,0,0,0,0,-229000,0,0,0,0,229000,-229000,-229000
051522,玉晶光凱基95購05,0,0,0,0,0,0,0,0,0,-229000,0,0,0,102000,331000,-229000,-229000
050855,華通台新95購01  ,0,0,0,0,0,0,0,0,0,-229000,0,0,0,32000,261000,-229000,-229000
9935,慶豐富          ,71000,300000,-229000,0,0,0,0,0,0,0,6000,6000,0,0,0,0,-229000
056861,美律群益99購01  ,0,0,0,0,0,0,0,0,0,-230000,0,0,0,100000,330000,-230000,-230000
056758,元石油元大98購02,0,0,0,0,0,0,0,0,0,-230000,0,0,0,0,230000,-230000,-230000
05714P,群創統一97售03  ,0,0,0,0,0,0,0,0,0,-230000,0,0,0,145000,375000,-230000,-230000
058392,元油2X元大99購12,0,0,0,0,0,0,0,0,0,-230000,0,0,0,0,230000,-230000,-230000
06033P,可成凱基96售09  ,0,0,0,0,0,0,0,0,0,-230000,0,0,0,10000,240000,-230000,-230000
045829,滬深2X群益95購02,0,0,0,0,0,0,0,0,0,-230000,0,0,0,70000,300000,-230000,-230000
047141,宏達電兆豐94購01,0,0,0,0,0,0,0,0,0,-230000,0,0,0,0,230000,-230000,-230000
044464,滬深2X群益95購01,0,0,0,0,0,0,0,0,0,-230000,0,0,0,0,230000,-230000,-230000
053824,樺漢群益96購02  ,0,0,0,0,0,0,0,0,0,-230000,0,0,0,22000,252000,-230000,-230000
055770,欣興麥證97購01  ,0,0,0,69000,300000,-231000,0,0,0,-231000,0,0,0,69000,300000,-231000,-231000
1590,亞德客-KY       ,907334,1159165,-251831,0,0,0,50000,4000,46000,-26000,0,21000,-21000,1000,6000,-5000,-231831
045907,鴻海中信94購02  ,0,0,0,0,0,0,0,0,0,-232000,0,0,0,10000,242000,-232000,-232000
051488,健策凱基96購04  ,0,0,0,0,0,0,0,0,0,-232000,0,0,0,119000,351000,-232000,-232000
057974,上銀永豐98購02  ,0,0,0,0,0,0,0,0,0,-234000,0,0,0,90000,324000,-234000,-234000
057706,臺股指群益98購06,0,0,0,0,0,0,0,0,0,-234000,0,0,0,0,234000,-234000,-234000
048875,晶相光國票94購01,0,0,0,0,0,0,0,0,0,-234000,0,0,0,20000,254000,-234000,-234000
052738,聯電元大98購02  ,0,0,0,0,0,0,0,0,0,-234000,0,0,0,50000,284000,-234000,-234000
058457,創意永豐99購01  ,0,0,0,0,0,0,0,0,0,-235000,0,0,0,0,235000,-235000,-235000
049636,上証反凱基9A購01,0,0,0,0,0,0,0,0,0,-235000,0,0,0,30000,265000,-235000,-235000
055986,祥碩元富97購01  ,0,0,0,0,0,0,0,0,0,-236000,0,0,0,270000,506000,-236000,-236000
054279,揚明光群益98購01,0,0,0,0,0,0,0,0,0,-236000,0,0,0,100000,336000,-236000,-236000
1229,聯華            ,172000,302000,-130000,0,0,0,0,0,0,-106000,0,106000,-106000,0,0,0,-236000
03645C,臺股指凱基96牛27,0,0,0,0,0,0,0,0,0,-237000,0,0,0,0,237000,-237000,-237000
052913,鴻海元富96購05  ,0,0,0,0,0,0,0,0,0,-237000,0,0,0,0,237000,-237000,-237000
054039,元油反元大96購08,0,0,0,0,0,0,0,0,0,-237000,0,0,0,50000,287000,-237000,-237000
057315,台灣50康和9A購03,0,0,0,0,0,0,0,0,0,-238000,0,0,0,0,238000,-238000,-238000
045869,滬深2X元富95購01,0,0,0,0,0,0,0,0,0,-238000,0,0,0,0,238000,-238000,-238000
051366,康友國泰97購01  ,0,0,0,0,0,0,0,0,0,-238000,0,0,0,251000,489000,-238000,-238000
057304,為升兆豐99購02  ,0,0,0,0,0,0,0,0,0,-239000,0,0,0,0,239000,-239000,-239000
05708P,奇力新國票97售04,0,0,0,0,0,0,0,0,0,-239000,0,0,0,20000,259000,-239000,-239000
06417P,台積電兆豐97售03,0,0,0,0,0,0,0,0,0,-239000,0,0,0,155000,394000,-239000,-239000
055233,康友國票98購01  ,0,0,0,0,0,0,0,0,0,-239000,0,0,0,1000,240000,-239000,-239000
057594,宏達電兆豐99購01,0,0,0,0,0,0,0,0,0,-240000,0,0,0,1000,241000,-240000,-240000
054695,世芯永豐98購01  ,0,0,0,0,0,0,0,0,0,-240000,0,0,0,28000,268000,-240000,-240000
055856,新唐元大97購03  ,0,0,0,0,0,0,0,0,0,-240000,0,0,0,0,240000,-240000,-240000
050942,S&P正2群益95購01,20000,0,20000,0,0,0,0,0,0,-261000,0,0,0,0,261000,-261000,-241000
053902,S&P反1凱基97購01,0,0,0,0,0,0,0,0,0,-241000,0,0,0,301000,542000,-241000,-241000
053649,台積電凱基97購05,0,0,0,0,0,0,0,0,0,-242000,0,0,0,0,242000,-242000,-242000
054331,世芯永豐96購03  ,0,0,0,0,0,0,0,0,0,-242000,0,0,0,90000,332000,-242000,-242000
052869,新日興凱基96購01,0,0,0,0,0,0,0,0,0,-243000,0,0,0,44000,287000,-243000,-243000
055738,玉山金元富97購01,0,0,0,0,0,0,0,0,0,-243000,0,0,0,10000,253000,-243000,-243000
057414,華新科日盛9A購01,0,0,0,0,0,0,0,0,0,-245000,0,0,0,33000,278000,-245000,-245000
054256,創意元大96購07  ,0,0,0,0,0,0,0,0,0,-245000,0,0,0,28000,273000,-245000,-245000
054851,樺漢兆豐97購01  ,0,0,0,0,0,0,0,0,0,-245000,0,0,0,96000,341000,-245000,-245000
057953,聚陽元大98購01  ,0,0,0,0,0,0,0,0,0,-246000,0,0,0,90000,336000,-246000,-246000
053313,世紀鋼凱基96購01,0,0,0,0,0,0,0,0,0,-246000,0,0,0,115000,361000,-246000,-246000
052939,富邦金兆豐96購01,0,0,0,0,0,0,0,0,0,-246000,0,0,0,12000,258000,-246000,-246000
052371,元金2X元大95購01,0,0,0,0,0,0,0,0,0,-246000,0,0,0,125000,371000,-246000,-246000
2101,南港            ,272000,453000,-181000,0,0,0,0,0,0,-65000,0,44000,-44000,1000,22000,-21000,-246000
2017,官田鋼          ,1002,247000,-245998,0,0,0,0,0,0,-1000,0,1000,-1000,0,0,0,-246998
057053,立積元大98購02  ,0,0,0,0,0,0,0,0,0,-247000,0,0,0,232000,479000,-247000,-247000
050393,樺漢統一94購01  ,0,0,0,0,0,0,0,0,0,-247000,0,0,0,10000,257000,-247000,-247000
2441,超豐            ,78000,294000,-216000,0,0,0,0,0,0,-32000,0,32000,-32000,0,0,0,-248000
056767,大毅元大99購01  ,0,0,0,0,0,0,0,0,0,-249000,0,0,0,1000,250000,-249000,-249000
4906,正文            ,188000,372000,-184000,0,0,0,0,0,0,-65000,7000,20000,-13000,10000,62000,-52000,-249000
05923P,旺宏元富96售05  ,0,0,0,0,0,0,0,0,0,-250000,0,0,0,0,250000,-250000,-250000
047680,上証反中信96購01,0,0,0,0,0,0,0,0,0,-250000,0,0,0,0,250000,-250000,-250000
052942,聯發科中信97購04,0,0,0,0,0,0,0,0,0,-250000,0,0,0,155000,405000,-250000,-250000
050559,聯發科統一94購10,0,0,0,0,0,0,0,0,0,-250000,0,0,0,350000,600000,-250000,-250000
4967,十銓            ,544000,681000,-137000,0,0,0,0,0,0,-113000,3000,116000,-113000,0,0,0,-250000
2505,國揚            ,54000,252000,-198000,0,0,0,0,0,0,-52000,0,47000,-47000,0,5000,-5000,-250000
06695P,群創兆豐98售04  ,0,0,0,0,0,0,0,0,0,-250000,0,0,0,120000,370000,-250000,-250000
052733,台郡國泰97購01  ,0,0,0,0,0,0,0,0,0,-252000,0,0,0,85000,337000,-252000,-252000
053638,信邦永豐96購01  ,0,0,0,0,0,0,0,0,0,-252000,0,0,0,38000,290000,-252000,-252000
048246,京元電兆豐93購02,0,0,0,0,0,0,0,0,0,-253000,0,0,0,0,253000,-253000,-253000
056221,鴻海凱基99購01  ,0,0,0,0,0,0,0,0,0,-254000,0,0,0,10000,264000,-254000,-254000
055524,鴻海群益98購01  ,0,0,0,0,0,0,0,0,0,-254000,0,0,0,373000,627000,-254000,-254000
2501,國建            ,67000,226000,-159000,0,0,0,0,0,0,-95000,0,95000,-95000,0,0,0,-254000
057815,信邦元大98購01  ,0,0,0,0,0,0,0,0,0,-255000,0,0,0,0,255000,-255000,-255000
1103,嘉泥            ,263000,432000,-169000,0,0,0,0,0,0,-87000,0,87000,-87000,0,0,0,-256000
057664,台積電元大9A購03,0,0,0,0,0,0,0,0,0,-257000,0,0,0,519000,776000,-257000,-257000
057135,立積凱基98購01  ,0,0,0,0,0,0,0,0,0,-257000,0,0,0,376000,633000,-257000,-257000
047681,滬深反中信95購01,0,0,0,0,0,0,0,0,0,-257000,0,0,0,278000,535000,-257000,-257000
051598,瑞昱兆豐95購01  ,0,0,0,0,0,0,0,0,0,-257000,0,0,0,101000,358000,-257000,-257000
045055,聯發科元富98購03,0,0,0,0,0,0,0,0,0,-259000,0,0,0,67000,326000,-259000,-259000
051997,康友元大95購02  ,0,0,0,0,0,0,0,0,0,-259000,0,0,0,17000,276000,-259000,-259000
055494,華新科元大98購01,0,0,0,0,0,0,0,0,0,-259000,0,0,0,0,259000,-259000,-259000
053690,南亞科元大96購02,0,0,0,0,0,0,0,0,0,-259000,0,0,0,14000,273000,-259000,-259000
5531,鄉林            ,58000,308000,-250000,0,0,0,0,0,0,-9000,0,9000,-9000,0,0,0,-259000
056270,群創統一98購04  ,0,0,0,0,0,0,0,0,0,-260000,0,0,0,0,260000,-260000,-260000
055155,奇力新元大99購01,0,0,0,0,0,0,0,0,0,-260000,0,0,0,0,260000,-260000,-260000
08801P,聯發科元大01售13,0,0,0,0,0,0,0,0,0,-260000,0,0,0,0,260000,-260000,-260000
056994,緯穎兆豐98購02  ,0,0,0,0,0,0,0,0,0,-261000,0,0,0,25000,286000,-261000,-261000
049545,台積電群益94購09,0,0,0,0,0,0,0,0,0,-261000,0,0,0,290000,551000,-261000,-261000
051489,世芯凱基95購01  ,0,0,0,0,0,0,0,0,0,-261000,0,0,0,44000,305000,-261000,-261000
052894,國巨群益96購03  ,0,0,0,0,0,0,0,0,0,-261000,0,0,0,91000,352000,-261000,-261000
058214,世芯群益9A購01  ,0,0,0,0,0,0,0,0,0,-262000,0,0,0,85000,347000,-262000,-262000
057863,美律凱基9A購01  ,0,0,0,0,0,0,0,0,0,-263000,0,0,0,0,263000,-263000,-263000
056811,健策統一9B購01  ,0,0,0,0,0,0,0,0,0,-263000,0,0,0,284000,547000,-263000,-263000
055343,國巨凱基97購03  ,0,0,0,0,0,0,0,0,0,-263000,0,0,0,32000,295000,-263000,-263000
6669,緯穎            ,368815,626049,-257234,0,0,0,3000,0,3000,-9000,41000,13000,28000,5000,42000,-37000,-263234
4119,旭富            ,564000,995000,-431000,0,0,0,45000,0,45000,122000,79000,69000,10000,246000,134000,112000,-264000
1507,永大            ,51000,305000,-254000,0,0,0,0,0,0,-10000,4000,14000,-10000,0,0,0,-264000
2385,群光            ,524775,1326000,-801225,0,0,0,341000,0,341000,196000,34000,42000,-8000,205000,1000,204000,-264225
044643,滬深2X群益96購01,0,0,0,0,0,0,0,0,0,-265000,0,0,0,0,265000,-265000,-265000
048049,滬深反中信96購01,0,0,0,0,0,0,0,0,0,-265000,0,0,0,165000,430000,-265000,-265000
056528,為升凱基98購01  ,0,0,0,0,0,0,0,0,0,-266000,0,0,0,151000,417000,-266000,-266000
048555,技嘉元大93購02  ,0,0,0,0,0,0,0,0,0,-267000,0,0,0,0,267000,-267000,-267000
1308,亞聚            ,56000,317000,-261000,0,0,0,0,0,0,-6000,0,6000,-6000,0,0,0,-267000
057912,美律日盛99購01  ,0,0,0,0,0,0,0,0,0,-268000,0,0,0,40000,308000,-268000,-268000
052810,易華電元大96購02,0,0,0,0,0,0,0,0,0,-268000,0,0,0,53000,321000,-268000,-268000
054206,鴻海國票99購01  ,0,0,0,0,0,0,0,0,0,-269000,0,0,0,40000,309000,-269000,-269000
06331P,南亞科群益97售04,0,0,0,0,0,0,0,0,0,-270000,0,0,0,0,270000,-270000,-270000
055908,GIS日盛97購01   ,0,0,0,0,0,0,0,0,0,-270000,0,0,0,10000,280000,-270000,-270000
054726,台積電日盛97購01,0,0,0,0,0,0,0,0,0,-271000,0,0,0,0,271000,-271000,-271000
057909,台光電兆豐98購01,0,0,0,0,0,0,0,0,0,-272000,0,0,0,206000,478000,-272000,-272000
06908P,健策國泰99售02  ,0,0,0,0,0,0,0,0,0,-272000,0,0,0,54000,326000,-272000,-272000
4564,元翎            ,10000,282000,-272000,0,0,0,0,0,0,0,0,0,0,0,0,0,-272000
053630,奇鋐兆豐97購01  ,0,0,0,0,0,0,0,0,0,-273000,0,0,0,247000,520000,-273000,-273000
053298,SP黃豆凱基99購01,0,0,0,0,0,0,0,0,0,-275000,0,0,0,10000,285000,-275000,-275000
051269,康友富邦97購01  ,0,0,0,0,0,0,0,0,0,-275000,0,0,0,302000,577000,-275000,-275000
053614,台積電群益96購08,0,0,0,0,0,0,0,0,0,-275000,0,0,0,0,275000,-275000,-275000
057905,臺股指永豐98購06,0,0,0,0,0,0,0,0,0,-276000,0,0,0,270000,546000,-276000,-276000
06347P,祥碩元富97售02  ,0,0,0,0,0,0,0,0,0,-277000,0,0,0,90000,367000,-277000,-277000
056660,臺股指元大9A購07,0,0,0,0,0,0,0,0,0,-277000,0,0,0,6000,283000,-277000,-277000
055865,臺股指元大97購02,0,0,0,0,0,0,0,0,0,-277000,0,0,0,0,277000,-277000,-277000
053855,康友國泰98購01  ,0,0,0,0,0,0,0,0,0,-277000,0,0,0,450000,727000,-277000,-277000
056495,泰鼎國泰99購01  ,0,0,0,0,0,0,0,0,0,-277000,0,0,0,7000,284000,-277000,-277000
050705,南電凱基96購01  ,0,0,0,0,0,0,0,0,0,-278000,0,0,0,266000,544000,-278000,-278000
05412P,泰碩國票95售02  ,0,0,0,0,0,0,0,0,0,-279000,0,0,0,130000,409000,-279000,-279000
049848,聯發科群益94購06,0,0,0,0,0,0,0,0,0,-280000,0,0,0,0,280000,-280000,-280000
051473,台積電凱基95購10,0,0,0,0,0,0,0,0,0,-280000,0,0,0,0,280000,-280000,-280000
052668,聯發科群益97購01,0,0,0,0,0,0,0,0,0,-280000,0,0,0,0,280000,-280000,-280000
05041P,大立光凱基95售09,0,0,0,0,0,0,0,0,0,-280000,0,0,0,70000,350000,-280000,-280000
056793,臺股指群益98購03,0,0,0,0,0,0,0,0,0,-281000,0,0,0,229000,510000,-281000,-281000
055818,晶相光國票97購02,0,0,0,0,0,0,0,0,0,-283000,0,0,0,46000,329000,-283000,-283000
8422,可寧衛          ,46000,334000,-288000,0,0,0,0,0,0,5000,10000,5000,5000,0,0,0,-283000
052838,新唐國泰98購01  ,0,0,0,0,0,0,0,0,0,-284000,0,0,0,166000,450000,-284000,-284000
054836,勤誠中信97購01  ,0,0,0,0,0,0,0,0,0,-284000,0,0,0,32000,316000,-284000,-284000
054577,世芯元大98購01  ,0,0,0,0,0,0,0,0,0,-284000,0,0,0,159000,443000,-284000,-284000
053945,國巨富邦98購02  ,0,0,0,0,0,0,0,0,0,-286000,0,0,0,276000,562000,-286000,-286000
06030P,友達兆豐96售02  ,0,0,0,0,0,0,0,0,0,-287000,0,0,0,31000,318000,-287000,-287000
052970,美律群益96購01  ,0,0,0,0,0,0,0,0,0,-287000,0,0,0,11000,298000,-287000,-287000
6139,亞翔            ,42000,321000,-279000,0,0,0,0,0,0,-8000,0,14000,-14000,9000,3000,6000,-287000
055978,大立光統一98購05,0,0,0,0,0,0,0,0,0,-288000,0,0,0,120000,408000,-288000,-288000
051115,華通麥證96購01  ,0,0,0,153000,442000,-289000,0,0,0,-289000,0,0,0,153000,442000,-289000,-289000
056087,世芯統一97購01  ,0,0,0,0,0,0,0,0,0,-289000,0,0,0,345000,634000,-289000,-289000
00650L,FH香港正2       ,0,0,0,0,0,0,0,0,0,-290000,0,0,0,307000,597000,-290000,-290000
051322,國泰金國票96購01,0,0,0,0,0,0,0,0,0,-290000,0,0,0,0,290000,-290000,-290000
053068,智伸科群益96購01,0,0,0,0,0,0,0,0,0,-290000,0,0,0,0,290000,-290000,-290000
054658,道瓊銀元大9A購01,0,0,0,0,0,0,0,0,0,-290000,0,0,0,5000,295000,-290000,-290000
057776,京元電群益98購02,0,0,0,0,0,0,0,0,0,-291000,0,0,0,10000,301000,-291000,-291000
2809,京城銀          ,483000,923000,-440000,0,0,0,1000,0,1000,148000,229000,81000,148000,0,0,0,-291000
051156,鴻海富邦97購01  ,0,0,0,0,0,0,0,0,0,-292000,0,0,0,0,292000,-292000,-292000
05327P,臺股指凱基95售11,0,0,0,0,0,0,0,0,0,-292000,0,0,0,108000,400000,-292000,-292000
046486,樺漢國泰94購01  ,0,0,0,0,0,0,0,0,0,-293000,0,0,0,0,293000,-293000,-293000
052804,淘帝元大96購01  ,0,0,0,0,0,0,0,0,0,-293000,0,0,0,0,293000,-293000,-293000
056418,台光電元富98購01,0,0,0,0,0,0,0,0,0,-294000,0,0,0,44000,338000,-294000,-294000
2107,厚生            ,43000,342000,-299000,0,0,0,0,0,0,5000,5000,0,5000,0,0,0,-294000
06115P,台積電統一97售04,0,0,0,0,0,0,0,0,0,-295000,0,0,0,0,295000,-295000,-295000
053256,上銀富邦98購01  ,0,0,0,0,0,0,0,0,0,-296000,0,0,0,19000,315000,-296000,-296000
052753,電子類元大96購02,0,0,0,0,0,0,0,0,0,-296000,0,0,0,13000,309000,-296000,-296000
051462,世芯國泰97購01  ,0,0,0,0,0,0,0,0,0,-296000,0,0,0,255000,551000,-296000,-296000
058224,世芯統一9B購02  ,0,0,0,0,0,0,0,0,0,-297000,0,0,0,1000,298000,-297000,-297000
056653,元石油元大98購01,0,0,0,0,0,0,0,0,0,-297000,0,0,0,2000,299000,-297000,-297000
055166,台積電統一97購05,0,0,0,0,0,0,0,0,0,-297000,0,0,0,273000,570000,-297000,-297000
055538,鴻海日盛97購04  ,0,0,0,0,0,0,0,0,0,-298000,0,0,0,73000,371000,-298000,-298000
2601,益航            ,89000,363000,-274000,0,0,0,0,0,0,-24000,0,24000,-24000,0,0,0,-298000
058527,世紀鋼元大99購01,0,0,0,0,0,0,0,0,0,-299000,0,0,0,0,299000,-299000,-299000
03181P,台灣50元大01售40,0,0,0,0,0,0,0,0,0,-299000,0,0,0,100000,399000,-299000,-299000
048787,義隆元大94購02  ,0,0,0,0,0,0,0,0,0,-299000,0,0,0,0,299000,-299000,-299000
049538,元油2X群益98購01,0,0,0,0,0,0,0,0,0,-299000,0,0,0,196000,495000,-299000,-299000
050600,瑞儀國泰95購01  ,0,0,0,0,0,0,0,0,0,-299000,0,0,0,10000,309000,-299000,-299000
052813,T50正2永豐96購01,0,0,0,0,0,0,0,0,0,-299000,0,0,0,3000,302000,-299000,-299000
050528,瑞儀元大94購02  ,0,0,0,0,0,0,0,0,0,-299000,0,0,0,0,299000,-299000,-299000
052518,道瓊反元大95購02,0,0,0,0,0,0,0,0,0,-299000,0,0,0,0,299000,-299000,-299000
054982,國巨元富97購03  ,0,0,0,0,0,0,0,0,0,-299000,0,0,0,531000,830000,-299000,-299000
056317,華通群益99購02  ,0,0,0,0,0,0,0,0,0,-299000,0,0,0,0,299000,-299000,-299000
04690P,國巨群益94售06  ,0,0,0,0,0,0,0,0,0,-300000,0,0,0,0,300000,-300000,-300000
047460,富邦金群益95購01,0,0,0,0,0,0,0,0,0,-300000,0,0,0,0,300000,-300000,-300000
052752,臺股指元大96購06,0,0,0,0,0,0,0,0,0,-300000,0,0,0,0,300000,-300000,-300000
050655,中磊凱基96購01  ,0,0,0,0,0,0,0,0,0,-300000,0,0,0,0,300000,-300000,-300000
056325,群創兆豐9A購01  ,0,0,0,0,0,0,0,0,0,-300000,0,0,0,0,300000,-300000,-300000
055783,群創凱基99購03  ,0,0,0,0,0,0,0,0,0,-300000,0,0,0,300000,600000,-300000,-300000
9914,美利達          ,57800,276000,-218200,0,0,0,16000,73000,-57000,-26000,3000,27000,-24000,0,2000,-2000,-301200
5264,鎧勝-KY         ,94000,366366,-272366,0,0,0,0,0,0,-30000,5000,29000,-24000,2000,8000,-6000,-302366
06205P,台積電群益97售03,0,0,0,0,0,0,0,0,0,-303000,0,0,0,1552000,1855000,-303000,-303000
057615,元油2X凱基98購02,0,0,0,0,0,0,0,0,0,-303000,0,0,0,98000,401000,-303000,-303000
055906,大立光兆豐97購03,0,0,0,0,0,0,0,0,0,-303000,0,0,0,0,303000,-303000,-303000
056333,台積電日盛9B購01,0,0,0,0,0,0,0,0,0,-303000,0,0,0,70000,373000,-303000,-303000
2905,三商            ,26000,291000,-265000,0,0,0,0,0,0,-38000,2000,40000,-38000,0,0,0,-303000
3019,亞光            ,310000,481000,-171000,0,0,0,0,0,0,-133000,71000,154000,-83000,3000,53000,-50000,-304000
2442,新美齊          ,50000,323000,-273000,0,0,0,0,0,0,-31000,0,31000,-31000,0,0,0,-304000
05090P,國巨元大95售05  ,0,0,0,0,0,0,0,0,0,-305000,0,0,0,0,305000,-305000,-305000
05638P,國巨統一96售04  ,0,0,0,0,0,0,0,0,0,-305000,0,0,0,801000,1106000,-305000,-305000
055719,可成元大97購03  ,0,0,0,0,0,0,0,0,0,-305000,0,0,0,429000,734000,-305000,-305000
055518,華新科中信99購01,0,0,0,0,0,0,0,0,0,-305000,0,0,0,459000,764000,-305000,-305000
058506,台積電元大99購09,0,0,0,0,0,0,0,0,0,-306000,0,0,0,0,306000,-306000,-306000
058271,訊連永豐99購01  ,0,0,0,0,0,0,0,0,0,-307000,0,0,0,83000,390000,-307000,-307000
00675L,富邦臺灣加權正2 ,0,36000,-36000,0,0,0,0,0,0,-271000,0,0,0,77000,348000,-271000,-307000
052326,滬深反中信99購01,0,0,0,0,0,0,0,0,0,-307000,0,0,0,123000,430000,-307000,-307000
055505,新唐元大97購02  ,0,0,0,0,0,0,0,0,0,-307000,0,0,0,0,307000,-307000,-307000
06849P,欣興元大98售12  ,0,0,0,0,0,0,0,0,0,-307000,0,0,0,0,307000,-307000,-307000
056505,聯發科永豐98購01,0,0,0,0,0,0,0,0,0,-308000,0,0,0,208000,516000,-308000,-308000
050714,深中小群益98購01,0,0,0,0,0,0,0,0,0,-309000,0,0,0,1057000,1366000,-309000,-309000
06864P,健策凱基98售01  ,0,0,0,0,0,0,0,0,0,-309000,0,0,0,5000,314000,-309000,-309000
058433,台積電統一9B購04,0,0,0,0,0,0,0,0,0,-310000,0,0,0,0,310000,-310000,-310000
045280,儒鴻富邦94購01  ,0,0,0,0,0,0,0,0,0,-310000,0,0,0,20000,330000,-310000,-310000
050496,鴻海富邦96購01  ,0,0,0,0,0,0,0,0,0,-310000,0,0,0,10000,320000,-310000,-310000
057546,台積電凱基02購01,0,0,0,0,0,0,0,0,0,-312000,0,0,0,10000,322000,-312000,-312000
2355,敬鵬            ,47000,310597,-263597,0,0,0,0,0,0,-50000,0,49000,-49000,0,1000,-1000,-313597
06109P,華新科群益97售05,0,0,0,0,0,0,0,0,0,-314000,0,0,0,200000,514000,-314000,-314000
06072P,牧德永豐97售01  ,0,0,0,0,0,0,0,0,0,-314000,0,0,0,0,314000,-314000,-314000
052289,為升元富95購02  ,0,0,0,0,0,0,0,0,0,-317000,0,0,0,21000,338000,-317000,-317000
06879P,長榮航凱基98售02,0,0,0,0,0,0,0,0,0,-318000,0,0,0,0,318000,-318000,-318000
058258,世芯國泰9A購01  ,0,0,0,0,0,0,0,0,0,-319000,0,0,0,252000,571000,-319000,-319000
049463,華新科富邦97購01,0,0,0,0,0,0,0,0,0,-319000,0,0,0,50000,369000,-319000,-319000
06237P,台積電元大97售26,0,0,0,0,0,0,0,0,0,-320000,0,0,0,15000,335000,-320000,-320000
051597,T50反1中信99購02,0,0,0,0,0,0,0,0,0,-320000,0,0,0,20000,340000,-320000,-320000
6451,訊芯-KY         ,160000,289000,-129000,0,0,0,0,147000,-147000,-44000,2000,0,2000,2000,48000,-46000,-320000
053654,聯發科凱基98購01,0,0,0,0,0,0,0,0,0,-321000,0,0,0,0,321000,-321000,-321000
2049,上銀            ,1331000,1677000,-346000,0,0,0,19000,0,19000,5000,34000,32000,2000,36000,33000,3000,-322000
052150,台積電富邦95購07,0,0,0,0,0,0,0,0,0,-323000,0,0,0,0,323000,-323000,-323000
054477,聯發科中信9C購02,0,0,0,0,0,0,0,0,0,-323000,0,0,0,67000,390000,-323000,-323000
05759P,智邦永豐96售02  ,0,0,0,0,0,0,0,0,0,-324000,0,0,0,280000,604000,-324000,-324000
1802,台玻            ,114000,295000,-181000,0,0,0,0,0,0,-143000,1000,144000,-143000,0,0,0,-324000
052167,亞泥元大96購01  ,0,0,0,0,0,0,0,0,0,-325000,0,0,0,124000,449000,-325000,-325000
055006,晶相光元富9A購01,0,0,0,0,0,0,0,0,0,-325000,0,0,0,159000,484000,-325000,-325000
1227,佳格            ,255000,523000,-268000,0,0,0,0,0,0,-59000,2000,61000,-59000,0,0,0,-327000
2514,龍邦            ,49000,381000,-332000,0,0,0,0,0,0,5000,9000,4000,5000,0,0,0,-327000
056218,億光中信98購01  ,0,0,0,0,0,0,0,0,0,-328000,0,0,0,0,328000,-328000,-328000
051168,訊連元大95購02  ,0,0,0,0,0,0,0,0,0,-329000,0,0,0,10000,339000,-329000,-329000
055693,南茂凱基97購01  ,0,0,0,0,0,0,0,0,0,-329000,0,0,0,155000,484000,-329000,-329000
03651C,臺股指凱基97牛17,0,0,0,0,0,0,0,0,0,-330000,0,0,0,364000,694000,-330000,-330000
056361,美律元大99購02  ,0,0,0,0,0,0,0,0,0,-330000,0,0,0,0,330000,-330000,-330000
2455,全新            ,122000,428000,-306000,0,0,0,40000,0,40000,-64000,23000,29000,-6000,13000,71000,-58000,-330000
056034,華通凱基98購01  ,0,0,0,0,0,0,0,0,0,-331000,0,0,0,76000,407000,-331000,-331000
058500,元石油元大9C購01,0,0,0,0,0,0,0,0,0,-332000,0,0,0,0,332000,-332000,-332000
048627,T50反1元大96購02,0,0,0,0,0,0,0,0,0,-333000,0,0,0,0,333000,-333000,-333000
056193,聯發科富邦99購08,0,0,0,0,0,0,0,0,0,-333000,0,0,0,714000,1047000,-333000,-333000
04049P,大立光元大95售02,0,0,0,0,0,0,0,0,0,-335000,0,0,0,55000,390000,-335000,-335000
053779,台光電元大96購02,0,0,0,0,0,0,0,0,0,-335000,0,0,0,27000,362000,-335000,-335000
057927,勤誠凱基98購01  ,0,0,0,0,0,0,0,0,0,-336000,0,0,0,82000,418000,-336000,-336000
058094,祥碩元大98購09  ,0,0,0,0,0,0,0,0,0,-337000,0,0,0,182000,519000,-337000,-337000
06129P,玉晶光元富97售06,0,0,0,0,0,0,0,0,0,-337000,0,0,0,0,337000,-337000,-337000
06572P,台積電永昌99售01,0,0,0,0,0,0,0,0,0,-339000,0,0,0,5797000,6136000,-339000,-339000
054858,台肥群益97購01  ,0,0,0,0,0,0,0,0,0,-339000,0,0,0,149000,488000,-339000,-339000
052282,宏達電凱基95購05,0,0,0,0,0,0,0,0,0,-340000,0,0,0,37000,377000,-340000,-340000
052456,滬深2X元富9B購03,0,0,0,0,0,0,0,0,0,-343000,0,0,0,421000,764000,-343000,-343000
05844P,旺宏元大96售07  ,0,0,0,0,0,0,0,0,0,-346000,0,0,0,232000,578000,-346000,-346000
3035,智原            ,365000,664000,-299000,0,0,0,1000,0,1000,-48000,0,37000,-37000,0,11000,-11000,-346000
2605,新興            ,11000,358000,-347000,0,0,0,0,0,0,0,0,0,0,0,0,0,-347000
6412,群電            ,178000,506000,-328000,0,0,0,0,0,0,-19000,0,19000,-19000,0,0,0,-347000
049619,宏達電群益95購02,0,0,0,0,0,0,0,0,0,-350000,0,0,0,0,350000,-350000,-350000
052653,臺股指永豐97購01,0,0,0,0,0,0,0,0,0,-350000,0,0,0,0,350000,-350000,-350000
3515,華擎            ,162000,492000,-330000,0,0,0,0,0,0,-21000,34000,14000,20000,5000,46000,-41000,-351000
2207,和泰車          ,143000,477000,-334000,0,0,0,1000,0,1000,-18000,0,20000,-20000,2000,0,2000,-351000
058228,為升元大99購01  ,0,0,0,0,0,0,0,0,0,-352000,0,0,0,15000,367000,-352000,-352000
2841,台開            ,39000,361000,-322000,0,0,0,0,0,0,-30000,0,30000,-30000,0,0,0,-352000
06422P,勤誠統一98售01  ,0,0,0,0,0,0,0,0,0,-354000,0,0,0,0,354000,-354000,-354000
057121,立積康和98購01  ,0,0,0,0,0,0,0,0,0,-354000,0,0,0,170000,524000,-354000,-354000
05905P,晶技統一97售01  ,0,0,0,0,0,0,0,0,0,-356000,0,0,0,0,356000,-356000,-356000
056593,台積電元富98購02,0,0,0,0,0,0,0,0,0,-356000,0,0,0,587000,943000,-356000,-356000
055606,矽創元大97購01  ,0,0,0,0,0,0,0,0,0,-356000,0,0,0,443000,799000,-356000,-356000
6196,帆宣            ,78000,167000,-89000,0,0,0,0,261000,-261000,-6000,0,1000,-1000,9000,14000,-5000,-356000
044964,旺宏中信94購01  ,0,0,0,0,0,0,0,0,0,-358000,0,0,0,1000,359000,-358000,-358000
054487,京元電台新97購01,0,0,0,0,0,0,0,0,0,-359000,0,0,0,0,359000,-359000,-359000
2316,楠梓電          ,210000,539000,-329000,0,0,0,0,0,0,-31000,0,31000,-31000,7000,7000,0,-360000
050099,台積電永昌96購01,0,0,0,0,0,0,0,0,0,-362000,0,0,0,136000,498000,-362000,-362000
3380,明泰            ,89033,268000,-178967,0,0,0,0,0,0,-187000,86000,275000,-189000,8000,6000,2000,-365967
2836,高雄銀          ,3000,360000,-357000,0,0,0,0,0,0,-9000,1000,10000,-9000,0,0,0,-366000
9105,泰金寶-DR       ,35000,401000,-366000,0,0,0,0,0,0,0,0,0,0,0,0,0,-366000
057418,台光電凱基98購04,0,0,0,0,0,0,0,0,0,-367000,0,0,0,113000,480000,-367000,-367000
5388,中磊            ,329742,810000,-480258,0,0,0,0,0,0,113000,88000,68000,20000,98000,5000,93000,-367258
1513,中興電          ,31000,399125,-368125,0,0,0,0,0,0,0,6000,6000,0,0,0,0,-368125
049584,台積電元大96購04,0,0,0,0,0,0,0,0,0,-369000,0,0,0,219000,588000,-369000,-369000
054329,華新科永豐96購02,0,0,0,0,0,0,0,0,0,-369000,0,0,0,0,369000,-369000,-369000
2327,國巨            ,2007453,2104490,-97037,0,0,0,8000,152000,-144000,-127998,91000,333000,-242000,182000,67998,114002,-369035
048781,臺股指凱基96購01,0,0,0,0,0,0,0,0,0,-370000,0,0,0,151000,521000,-370000,-370000
052538,和大統一95購02  ,0,0,0,0,0,0,0,0,0,-370000,0,0,0,30000,400000,-370000,-370000
055871,群創台新97購02  ,0,0,0,0,0,0,0,0,0,-370000,0,0,0,130000,500000,-370000,-370000
055975,鴻海統一98購05  ,0,0,0,0,0,0,0,0,0,-370000,0,0,0,0,370000,-370000,-370000
053760,牧德國泰98購01  ,0,0,0,0,0,0,0,0,0,-370000,0,0,0,11000,381000,-370000,-370000
057058,祥碩元大98購04  ,0,0,0,0,0,0,0,0,0,-372000,0,0,0,204000,576000,-372000,-372000
051514,智邦凱基95購05  ,0,0,0,0,0,0,0,0,0,-372000,0,0,0,430000,802000,-372000,-372000
056597,宏碁元富98購01  ,0,0,0,0,0,0,0,0,0,-374000,0,0,0,202000,576000,-374000,-374000
047784,元油反富邦94購03,0,0,0,0,0,0,0,0,0,-375000,0,0,0,131000,506000,-375000,-375000
049165,元油2X凱基97購01,0,0,0,0,0,0,0,0,0,-376000,0,0,0,0,376000,-376000,-376000
00652,富邦印度        ,1000,223000,-222000,0,0,0,0,0,0,-155000,0,0,0,9000,164000,-155000,-377000
053197,超眾元富96購02  ,0,0,0,0,0,0,0,0,0,-377000,0,0,0,35000,412000,-377000,-377000
1718,中纖            ,91000,468000,-377000,0,0,0,0,0,0,0,0,0,0,0,0,0,-377000
057300,訊連永豐98購01  ,0,0,0,0,0,0,0,0,0,-378000,0,0,0,142000,520000,-378000,-378000
05768P,台積電凱基96售15,0,0,0,0,0,0,0,0,0,-378000,0,0,0,269000,647000,-378000,-378000
050306,聯發科中信97購01,0,0,0,0,0,0,0,0,0,-380000,0,0,0,70000,450000,-380000,-380000
054427,潤泰全富邦97購01,0,0,0,0,0,0,0,0,0,-380000,0,0,0,355000,735000,-380000,-380000
2328,廣宇            ,86000,438000,-352000,0,0,0,0,0,0,-28000,1000,39000,-38000,10000,0,10000,-380000
057735,台灣50富邦9C購02,0,0,0,0,0,0,0,0,0,-384000,0,0,0,65000,449000,-384000,-384000
04373P,滬深2X元大97售01,0,0,0,0,0,0,0,0,0,-385000,0,0,0,234000,619000,-385000,-385000
03657C,T50反1元大99牛01,0,0,0,0,0,0,0,0,0,-385000,0,0,0,80000,465000,-385000,-385000
055744,茂林元富97購02  ,0,0,0,0,0,0,0,0,0,-385000,0,0,0,397000,782000,-385000,-385000
057083,立積統一98購01  ,0,0,0,0,0,0,0,0,0,-386000,0,0,0,71000,457000,-386000,-386000
04363P,儒鴻元富94售01  ,0,0,0,0,0,0,0,0,0,-386000,0,0,0,0,386000,-386000,-386000
3042,晶技            ,1969000,2400000,-431000,0,0,0,283000,0,283000,-240000,66000,201000,-135000,193000,298000,-105000,-388000
06652P,長榮航元大98售01,0,0,0,0,0,0,0,0,0,-388000,0,0,0,10000,398000,-388000,-388000
051222,世紀鋼元富95購01,0,0,0,0,0,0,0,0,0,-389000,0,0,0,85000,474000,-389000,-389000
4915,致伸            ,937699,1298000,-360301,0,0,0,0,0,0,-29000,8000,36000,-28000,0,1000,-1000,-389301
057818,泰碩元大9A購01  ,0,0,0,0,0,0,0,0,0,-391000,0,0,0,80000,471000,-391000,-391000
8021,尖點            ,16000,398000,-382000,0,0,0,0,0,0,-11000,0,11000,-11000,0,0,0,-393000
052731,宏達電國泰98購01,0,0,0,0,0,0,0,0,0,-394000,0,0,0,19000,413000,-394000,-394000
054153,宏達電國泰97購01,0,0,0,0,0,0,0,0,0,-394000,0,0,0,32000,426000,-394000,-394000
053801,台積電凱基96購18,0,0,0,0,0,0,0,0,0,-396000,0,0,0,0,396000,-396000,-396000
054332,世芯永豐97購01  ,0,0,0,0,0,0,0,0,0,-397000,0,0,0,8000,405000,-397000,-397000
054473,鴻海中信96購02  ,0,0,0,0,0,0,0,0,0,-398000,0,0,0,2000,400000,-398000,-398000
051999,勤誠元大95購01  ,0,0,0,0,0,0,0,0,0,-399000,0,0,0,151000,550000,-399000,-399000
04435P,台積電中信95售07,0,0,0,0,0,0,0,0,0,-400000,0,0,0,0,400000,-400000,-400000
05045P,台積電永豐95售01,0,0,0,0,0,0,0,0,0,-400000,0,0,0,0,400000,-400000,-400000
055685,日月光凱基97購02,0,0,0,0,0,0,0,0,0,-400000,0,0,0,0,400000,-400000,-400000
2015,豐興            ,164000,528000,-364000,0,0,0,0,0,0,-36000,0,36000,-36000,0,0,0,-400000
056580,泰鼎元大9A購01  ,5000,0,5000,0,0,0,0,0,0,-408000,0,0,0,564000,972000,-408000,-403000
041991,元油2X國票98購01,0,0,0,0,0,0,0,0,0,-405000,0,0,0,0,405000,-405000,-405000
053284,樺漢元大97購01  ,0,0,0,0,0,0,0,0,0,-405000,0,0,0,92000,497000,-405000,-405000
054497,國巨永豐96購05  ,0,0,0,0,0,0,0,0,0,-405000,0,0,0,20000,425000,-405000,-405000
054311,世芯凱基96購02  ,0,0,0,0,0,0,0,0,0,-406000,0,0,0,15000,421000,-406000,-406000
05867P,友達兆豐97售02  ,0,0,0,0,0,0,0,0,0,-407000,0,0,0,100000,507000,-407000,-407000
2421,建準            ,613000,955000,-342000,0,0,0,0,0,0,-66000,1000,40000,-39000,13000,40000,-27000,-408000
050719,世紀鋼群益96購01,0,0,0,0,0,0,0,0,0,-411000,0,0,0,99000,510000,-411000,-411000
057055,立積元大99購01  ,0,0,0,0,0,0,0,0,0,-412000,0,0,0,203000,615000,-412000,-412000
057043,台積電元大99購02,0,0,0,0,0,0,0,0,0,-412000,0,0,0,448000,860000,-412000,-412000
047584,元金2X永豐95購01,0,0,0,0,0,0,0,0,0,-412000,0,0,0,641000,1053000,-412000,-412000
044805,旭富凱基93購01  ,0,0,0,0,0,0,0,0,0,-413000,0,0,0,116000,529000,-413000,-413000
057625,泰鼎國泰9A購01  ,0,0,0,0,0,0,0,0,0,-414000,0,0,0,212000,626000,-414000,-414000
056327,樺漢兆豐98購01  ,0,0,0,0,0,0,0,0,0,-414000,0,0,0,77000,491000,-414000,-414000
047687,元金2X富邦96購01,0,0,0,0,0,0,0,0,0,-415000,0,0,0,0,415000,-415000,-415000
053926,晶相光國票97購01,0,0,0,0,0,0,0,0,0,-415000,0,0,0,467000,882000,-415000,-415000
049539,元油2X群益9A購01,0,0,0,0,0,0,0,0,0,-417000,0,0,0,322000,739000,-417000,-417000
05620P,大立光富邦9B售01,0,0,0,0,0,0,0,0,0,-417000,0,0,0,0,417000,-417000,-417000
057124,為升凱基98購02  ,0,0,0,0,0,0,0,0,0,-418000,0,0,0,53000,471000,-418000,-418000
048391,友訊國票94購01  ,0,0,0,0,0,0,0,0,0,-418000,0,0,0,60000,478000,-418000,-418000
048898,晶相光國泰96購01,0,0,0,0,0,0,0,0,0,-419000,0,0,0,99000,518000,-419000,-419000
050944,智邦群益95購01  ,0,0,0,0,0,0,0,0,0,-419000,0,0,0,0,419000,-419000,-419000
050564,臻鼎元富94購08  ,0,0,0,0,0,0,0,0,0,-420000,0,0,0,0,420000,-420000,-420000
055122,國巨兆豐98購01  ,0,0,0,0,0,0,0,0,0,-420000,0,0,0,209000,629000,-420000,-420000
2534,宏盛            ,43000,458655,-415655,0,0,0,0,0,0,-5000,2000,7000,-5000,0,0,0,-420655
047212,宏達電富邦97購01,0,0,0,0,0,0,0,0,0,-422000,0,0,0,16000,438000,-422000,-422000
045213,A50正2元大95購01,0,0,0,0,0,0,0,0,0,-423000,0,0,0,1000,424000,-423000,-423000
6269,台郡            ,1387000,1787000,-400000,0,0,0,0,0,0,-23000,26000,45000,-19000,24000,28000,-4000,-423000
056590,樺漢統一9A購01  ,0,0,0,0,0,0,0,0,0,-425000,0,0,0,180000,605000,-425000,-425000
053701,台積電兆豐96購05,0,0,0,0,0,0,0,0,0,-427000,0,0,0,137000,564000,-427000,-427000
06587P,國巨元大98售13  ,0,0,0,0,0,0,0,0,0,-427000,0,0,0,10000,437000,-427000,-427000
4935,茂林-KY         ,209000,402000,-193000,0,0,0,28000,0,28000,-264000,3000,16000,-13000,4000,255000,-251000,-429000
056080,世紀鋼元大97購03,0,0,0,0,0,0,0,0,0,-431000,0,0,0,175000,606000,-431000,-431000
055145,T50反1元大97購04,0,0,0,0,0,0,0,0,0,-431000,0,0,0,0,431000,-431000,-431000
06859P,元金2X中信9C售01,0,0,0,0,0,0,0,0,0,-432000,0,0,0,10000,442000,-432000,-432000
8464,億豐            ,175000,415000,-240000,0,0,0,0,175000,-175000,-18000,0,18000,-18000,0,0,0,-433000
057564,台積電富邦9B購03,0,0,0,0,0,0,0,0,0,-435000,0,0,0,0,435000,-435000,-435000
04778P,可成凱基94售10  ,0,0,0,0,0,0,0,0,0,-440000,0,0,0,24000,464000,-440000,-440000
052515,矽力凱基95購02  ,0,0,0,0,0,0,0,0,0,-440000,0,0,0,19000,459000,-440000,-440000
055422,康控永豐97購01  ,0,0,0,0,0,0,0,0,0,-440000,0,0,0,20000,460000,-440000,-440000
055891,鴻海統一9A購01  ,0,0,0,0,0,0,0,0,0,-440000,0,0,0,382000,822000,-440000,-440000
1609,大亞            ,43000,424000,-381000,0,0,0,0,0,0,-60000,0,60000,-60000,0,0,0,-441000
051405,世芯永豐95購01  ,0,0,0,0,0,0,0,0,0,-442000,0,0,0,135000,577000,-442000,-442000
9938,百和            ,604000,1020000,-416000,0,0,0,0,0,0,-28000,4000,17000,-13000,29000,44000,-15000,-444000
03427P,聯電元大02售11  ,0,0,0,0,0,0,0,0,0,-445000,0,0,0,605000,1050000,-445000,-445000
056121,勤誠群益97購01  ,0,0,0,0,0,0,0,0,0,-445000,0,0,0,84000,529000,-445000,-445000
057737,國巨富邦99購02  ,0,100000,-100000,0,0,0,0,0,0,-347000,0,0,0,141000,488000,-347000,-447000
058146,勤誠元大99購01  ,0,0,0,0,0,0,0,0,0,-447000,0,0,0,100000,547000,-447000,-447000
058278,FBVIX中信03購02 ,0,0,0,0,0,0,0,0,0,-450000,0,0,0,35000,485000,-450000,-450000
047483,新光金凱基99購04,0,0,0,0,0,0,0,0,0,-450000,0,0,0,0,450000,-450000,-450000
050104,元石油元大97購02,0,0,0,0,0,0,0,0,0,-450000,0,0,0,0,450000,-450000,-450000
055812,台積電國票99購02,0,0,0,0,0,0,0,0,0,-452000,0,0,0,0,452000,-452000,-452000
2504,國產            ,299000,635000,-336000,0,0,0,0,0,0,-116000,0,114000,-114000,0,2000,-2000,-452000
051359,中信金元大95購01,0,0,0,0,0,0,0,0,0,-457000,0,0,0,459000,916000,-457000,-457000
055945,上証2X元大97購04,0,0,0,0,0,0,0,0,0,-458000,0,0,0,0,458000,-458000,-458000
00674R,元大S&P黃金反1  ,0,0,0,0,0,0,0,0,0,-459000,0,0,0,60000,519000,-459000,-459000
050521,聯發科元大94購15,0,0,0,0,0,0,0,0,0,-460000,0,0,0,40000,500000,-460000,-460000
1447,力鵬            ,10000,463030,-453030,0,0,0,0,0,0,-8000,0,8000,-8000,0,0,0,-461030
058138,晶相光元大9C購01,0,0,0,0,0,0,0,0,0,-464000,0,0,0,81000,545000,-464000,-464000
051490,世芯凱基96購01  ,0,0,0,0,0,0,0,0,0,-465000,0,0,0,88000,553000,-465000,-465000
053144,上証2X元大96購01,0,0,0,0,0,0,0,0,0,-466000,0,0,0,0,466000,-466000,-466000
056918,台積電兆豐98購01,0,0,0,0,0,0,0,0,0,-467000,0,0,0,200000,667000,-467000,-467000
8163,達方            ,131000,589000,-458000,0,0,0,0,0,0,-9000,2000,25000,-23000,17000,3000,14000,-467000
2606,裕民            ,85000,501000,-416000,0,0,0,1000,0,1000,-54000,0,51000,-51000,0,3000,-3000,-469000
053090,新唐元大96購01  ,0,0,0,0,0,0,0,0,0,-470000,0,0,0,255000,725000,-470000,-470000
052902,鴻海國票97購04  ,0,0,0,0,0,0,0,0,0,-470000,0,0,0,20000,490000,-470000,-470000
051316,T50反1國票95購02,0,0,0,0,0,0,0,0,0,-470000,0,0,0,200000,670000,-470000,-470000
9946,三發地產        ,61000,530000,-469000,0,0,0,0,0,0,-1000,5000,6000,-1000,0,0,0,-470000
051826,智邦元大95購03  ,0,0,0,0,0,0,0,0,0,-471000,0,0,0,129000,600000,-471000,-471000
00662,富邦NASDAQ      ,2000,7000,-5000,0,0,0,0,0,0,-468000,2000,0,2000,48000,518000,-470000,-473000
045600,道瓊指國票95購01,0,0,0,0,0,0,0,0,0,-473000,0,0,0,599000,1072000,-473000,-473000
052451,旭富元大95購02  ,0,0,0,0,0,0,0,0,0,-473000,0,0,0,323000,796000,-473000,-473000
053766,友達富邦97購01  ,0,0,0,0,0,0,0,0,0,-477000,0,0,0,78000,555000,-477000,-477000
057259,台積電兆豐98購03,0,0,0,0,0,0,0,0,0,-479000,0,0,0,311000,790000,-479000,-479000
053683,上証2X元大96購03,0,0,0,0,0,0,0,0,0,-479000,0,0,0,0,479000,-479000,-479000
05534P,元油反元大96售06,0,0,0,0,0,0,0,0,0,-480000,0,0,0,20000,500000,-480000,-480000
055210,S&P正2凱基97購01,0,0,0,0,0,0,0,0,0,-482000,0,0,0,0,482000,-482000,-482000
054727,台積電日盛97購02,0,0,0,0,0,0,0,0,0,-485000,0,0,0,80000,565000,-485000,-485000
052985,美律元大96購02  ,0,0,0,0,0,0,0,0,0,-486000,0,0,0,100000,586000,-486000,-486000
00712,FH富時不動產    ,0,158000,-158000,0,0,0,0,0,0,-329000,0,0,0,44000,373000,-329000,-487000
054755,世紀鋼凱基98購01,0,0,0,0,0,0,0,0,0,-490000,0,0,0,440000,930000,-490000,-490000
2723,美食-KY         ,125000,594636,-469636,0,0,0,0,0,0,-22000,3000,19000,-16000,0,6000,-6000,-491636
6239,力成            ,1677000,2136731,-459731,0,0,0,3000,159000,-156000,119000,200000,75000,125000,8000,14000,-6000,-496731
053738,群創麥證96購01  ,0,0,0,3000,500000,-497000,0,0,0,-497000,0,0,0,3000,500000,-497000,-497000
055293,晶相光元大97購01,0,0,0,0,0,0,0,0,0,-498000,0,0,0,75000,573000,-498000,-498000
3056,總太            ,38000,493000,-455000,0,0,0,0,0,0,-43000,3000,46000,-43000,0,0,0,-498000
9933,中鼎            ,145000,602000,-457000,0,0,0,0,0,0,-41000,0,41000,-41000,0,0,0,-498000
051090,光磊元大96購01  ,0,0,0,0,0,0,0,0,0,-499000,0,0,0,0,499000,-499000,-499000
06541P,元油2X國票9A售02,0,0,0,0,0,0,0,0,0,-500000,0,0,0,10000,510000,-500000,-500000
053511,鴻海群益96購04  ,0,0,0,0,0,0,0,0,0,-500000,0,0,0,42000,542000,-500000,-500000
056188,晶相光統一99購01,0,0,0,0,0,0,0,0,0,-501000,0,0,0,193000,694000,-501000,-501000
03662C,FBVIX凱基03牛01 ,0,0,0,0,0,0,0,0,0,-504000,0,0,0,0,504000,-504000,-504000
054395,華新科永豐96購03,0,0,0,0,0,0,0,0,0,-504000,0,0,0,297000,801000,-504000,-504000
047504,滬深2X國票9A購01,0,0,0,0,0,0,0,0,0,-505000,0,0,0,205000,710000,-505000,-505000
06283P,祥碩永豐97售01  ,0,0,0,0,0,0,0,0,0,-507000,0,0,0,0,507000,-507000,-507000
056805,元石油統一9B購01,0,0,0,0,0,0,0,0,0,-507000,0,0,0,37000,544000,-507000,-507000
3376,新日興          ,693000,1338000,-645000,0,0,0,412000,511000,-99000,237000,415000,144000,271000,7000,41000,-34000,-507000
3673,TPK-KY          ,300830,725000,-424170,0,0,0,0,0,0,-83000,2000,33000,-31000,4000,56000,-52000,-507170
057197,立積台新98購01  ,0,0,0,0,0,0,0,0,0,-508000,0,0,0,326000,834000,-508000,-508000
057074,立積永豐98購01  ,0,0,0,0,0,0,0,0,0,-509000,0,0,0,337000,846000,-509000,-509000
051835,百和元大95購03  ,0,0,0,0,0,0,0,0,0,-512000,0,0,0,0,512000,-512000,-512000
3682,亞太電          ,194000,706000,-512000,0,0,0,0,0,0,0,0,0,0,0,0,0,-512000
058035,旭富永豐98購02  ,0,0,0,0,0,0,0,0,0,-514000,0,0,0,489000,1003000,-514000,-514000
2520,冠德            ,230145,734279,-504134,0,0,0,0,0,0,-10000,0,7000,-7000,0,3000,-3000,-514134
06081P,深中小元大97售02,0,0,0,0,0,0,0,0,0,-515000,0,0,0,370000,885000,-515000,-515000
055222,臺股指凱基97購05,0,0,0,0,0,0,0,0,0,-516000,0,0,0,0,516000,-516000,-516000
058257,聯陽國泰9B購01  ,1000,0,1000,0,0,0,0,0,0,-521000,0,0,0,42000,563000,-521000,-520000
057330,台積電國票99購03,0,0,0,0,0,0,0,0,0,-520000,0,0,0,72000,592000,-520000,-520000
042433,元油2X永豐96購01,0,0,0,0,0,0,0,0,0,-520000,0,0,0,0,520000,-520000,-520000
052328,台表科中信99購01,0,0,0,0,0,0,0,0,0,-520000,0,0,0,0,520000,-520000,-520000
055275,台積電元大97購19,0,0,0,0,0,0,0,0,0,-528000,0,0,0,0,528000,-528000,-528000
2537,聯上發          ,93000,609000,-516000,0,0,0,0,0,0,-12000,0,12000,-12000,0,0,0,-528000
06573P,台積電永昌99售02,0,0,0,0,0,0,0,0,0,-529000,0,0,0,45000,574000,-529000,-529000
057562,奇鋐兆豐98購01  ,0,0,0,0,0,0,0,0,0,-530000,0,0,0,120000,650000,-530000,-530000
056835,聯電元富99購01  ,0,0,0,0,0,0,0,0,0,-530000,0,0,0,52000,582000,-530000,-530000
048744,儒鴻元富97購01  ,0,0,0,0,0,0,0,0,0,-533000,0,0,0,21000,554000,-533000,-533000
049783,元油2X兆豐95購01,0,0,0,0,0,0,0,0,0,-535000,0,0,0,0,535000,-535000,-535000
049212,T50反1國票94購04,0,0,0,0,0,0,0,0,0,-540000,0,0,0,110000,650000,-540000,-540000
057309,南茂兆豐99購01  ,0,0,0,0,0,0,0,0,0,-543000,0,0,0,308000,851000,-543000,-543000
00678,群益NBI生技     ,0,171000,-171000,0,0,0,0,0,0,-377000,0,0,0,399000,776000,-377000,-548000
048284,臺股指中信95購04,0,0,0,0,0,0,0,0,0,-555000,0,0,0,0,555000,-555000,-555000
057206,立積元富98購01  ,0,0,0,0,0,0,0,0,0,-556000,0,0,0,106000,662000,-556000,-556000
06091P,華新科統一97售01,0,0,0,0,0,0,0,0,0,-556000,0,0,0,2000,558000,-556000,-556000
048595,儒鴻國票96購01  ,0,0,0,0,0,0,0,0,0,-556000,0,0,0,74000,630000,-556000,-556000
053699,臺股指元大96購22,0,0,0,0,0,0,0,0,0,-556000,0,0,0,13000,569000,-556000,-556000
054864,聯發科群益97購02,0,0,0,0,0,0,0,0,0,-557000,0,0,0,50000,607000,-557000,-557000
057855,晶技國票99購01  ,0,0,0,0,0,0,0,0,0,-563000,0,0,0,115000,678000,-563000,-563000
06757P,台灣50元大9B售01,0,10000,-10000,0,0,0,0,0,0,-553000,499000,0,499000,454000,1506000,-1052000,-563000
042712,元石油國票95購01,0,0,0,0,0,0,0,0,0,-564000,0,0,0,0,564000,-564000,-564000
2379,瑞昱            ,1814000,2364000,-550000,0,0,0,1000,0,1000,-16000,15000,17000,-2000,12000,26000,-14000,-565000
050421,鴻海凱基95購04  ,0,0,0,0,0,0,0,0,0,-569000,0,0,0,461000,1030000,-569000,-569000
055791,臺股指凱基97購14,0,0,0,0,0,0,0,0,0,-569000,0,0,0,190000,759000,-569000,-569000
06210P,元油反元大97售01,0,0,0,0,0,0,0,0,0,-570000,0,0,0,0,570000,-570000,-570000
057054,立積元大98購03  ,0,0,0,0,0,0,0,0,0,-575000,0,0,0,308000,883000,-575000,-575000
056033,T50正2凱基99購02,0,0,0,0,0,0,0,0,0,-577000,0,0,0,0,577000,-577000,-577000
2347,聯強            ,1433000,2413989,-980989,0,0,0,4000,0,4000,399000,1000,115000,-114000,513000,0,513000,-577989
055450,台積電元富97購01,0,0,0,0,0,0,0,0,0,-578000,0,0,0,315000,893000,-578000,-578000
2489,瑞軒            ,43000,528775,-485775,0,0,0,0,0,0,-94000,0,94000,-94000,0,0,0,-579775
054606,台積電永豐97購02,0,0,0,0,0,0,0,0,0,-583000,0,0,0,0,583000,-583000,-583000
056824,元石油富邦9B購01,0,0,0,0,0,0,0,0,0,-584000,0,0,0,100000,684000,-584000,-584000
048499,達運元大96購01  ,0,0,0,0,0,0,0,0,0,-585000,0,0,0,20000,605000,-585000,-585000
2417,圓剛            ,385000,962000,-577000,0,0,0,0,0,0,-9000,11000,20000,-9000,0,0,0,-586000
053807,T50反1群益96購02,0,0,0,0,0,0,0,0,0,-589000,0,0,0,0,589000,-589000,-589000
055890,鴻海統一99購01  ,0,0,0,0,0,0,0,0,0,-591000,0,0,0,10000,601000,-591000,-591000
1736,喬山            ,226856,730000,-503144,0,0,0,0,0,0,-89000,1000,33000,-32000,5000,62000,-57000,-592144
2406,國碩            ,359000,952000,-593000,0,0,0,0,0,0,-1000,0,1000,-1000,0,0,0,-594000
057391,樺漢永豐98購01  ,0,0,0,0,0,0,0,0,0,-597000,0,0,0,84000,681000,-597000,-597000
00752,中信中國50      ,3000,0,3000,0,0,0,0,0,0,-600000,0,0,0,459000,1059000,-600000,-597000
057190,立積元大9A購02  ,0,0,0,0,0,0,0,0,0,-609000,0,0,0,436000,1045000,-609000,-609000
056671,台灣50元富9A購01,0,0,0,0,0,0,0,0,0,-610000,0,0,0,190000,800000,-610000,-610000
6116,彩晶            ,1561000,1269000,292000,0,0,0,0,0,0,-904000,21000,193000,-172000,41000,773000,-732000,-612000
054275,華通群益97購03  ,0,0,0,0,0,0,0,0,0,-614000,0,0,0,156000,770000,-614000,-614000
047825,道瓊反元大96購01,0,0,0,0,0,0,0,0,0,-619000,0,0,0,0,619000,-619000,-619000
055060,聯陽永豐97購01  ,0,0,0,0,0,0,0,0,0,-625000,0,0,0,150000,775000,-625000,-625000
058083,聯發科群益98購08,0,0,0,0,0,0,0,0,0,-628000,0,0,0,78000,706000,-628000,-628000
9919,康那香          ,504000,1132000,-628000,0,0,0,0,0,0,-1000,0,1000,-1000,0,0,0,-629000
2897,王道銀行        ,1000,509000,-508000,0,0,0,3000,0,3000,-128000,0,128000,-128000,0,0,0,-633000
4934,太極            ,102000,737000,-635000,0,0,0,0,0,0,0,0,0,0,0,0,0,-635000
00671R,富邦NASDAQ反1   ,34000,0,34000,0,0,0,0,0,0,-670000,0,0,0,1058000,1728000,-670000,-636000
052239,泰鼎國票97購01  ,0,0,0,0,0,0,0,0,0,-643000,0,0,0,10000,653000,-643000,-643000
056464,臺股指凱基99購06,0,0,0,0,0,0,0,0,0,-653000,0,0,0,16000,669000,-653000,-653000
00668,國泰美國道瓊    ,0,0,0,0,0,0,0,0,0,-658000,20000,0,20000,101000,779000,-678000,-658000
051367,可成富邦97購01  ,0,0,0,0,0,0,0,0,0,-660000,0,0,0,0,660000,-660000,-660000
055614,華新科國票97購02,0,0,0,0,0,0,0,0,0,-665000,0,0,0,35000,700000,-665000,-665000
1210,大成            ,129001,493720,-364719,0,0,0,0,252000,-252000,-53000,0,53000,-53000,0,0,0,-669719
042093,台灣50群益94購02,0,0,0,0,0,0,0,0,0,-670000,0,0,0,33000,703000,-670000,-670000
057085,立積統一9B購02  ,0,0,0,0,0,0,0,0,0,-674000,0,0,0,381000,1055000,-674000,-674000
051749,矽力國泰97購01  ,0,0,0,0,0,0,0,0,0,-682000,0,0,0,194000,876000,-682000,-682000
2855,統一證          ,143000,827000,-684000,0,0,0,0,0,0,0,0,0,0,0,0,0,-684000
056659,泰碩元大99購01  ,0,0,0,0,0,0,0,0,0,-687000,0,0,0,87000,774000,-687000,-687000
056371,樺漢元大98購03  ,0,0,0,0,0,0,0,0,0,-687000,0,0,0,174000,861000,-687000,-687000
057535,泰鼎元大99購01  ,0,0,0,0,0,0,0,0,0,-692000,0,0,0,113000,805000,-692000,-692000
2360,致茂            ,190000,616000,-426000,0,0,0,0,197000,-197000,-69000,4000,29000,-25000,6000,50000,-44000,-692000
2454,聯發科          ,4081675,4819487,-737812,0,0,0,206000,16000,190000,-145000,44000,86000,-42000,11000,114000,-103000,-692812
06500P,臺股指元大9A售05,0,0,0,0,0,0,0,0,0,-695000,0,0,0,25000,720000,-695000,-695000
2903,遠百            ,121599,760302,-638703,0,0,0,0,0,0,-57000,16000,73000,-57000,0,0,0,-695703
6005,群益證          ,226000,924006,-698006,0,0,0,0,0,0,0,0,0,0,0,0,0,-698006
2456,奇力新          ,557197,595000,-37803,0,0,0,0,521000,-521000,-141000,21000,37000,-16000,6000,131000,-125000,-699803
052291,鴻海元富97購02  ,0,0,0,0,0,0,0,0,0,-700000,0,0,0,0,700000,-700000,-700000
056047,台積電兆豐97購02,0,0,0,0,0,0,0,0,0,-700000,0,0,0,40000,740000,-700000,-700000
054509,上証反元大99購01,0,0,0,0,0,0,0,0,0,-700000,0,0,0,510000,1210000,-700000,-700000
050665,南電台新94購01  ,0,0,0,0,0,0,0,0,0,-705000,0,0,0,75000,780000,-705000,-705000
056595,台積電元富98購04,0,0,0,0,0,0,0,0,0,-710000,0,0,0,497000,1207000,-710000,-710000
3044,健鼎            ,108000,763000,-655000,0,0,0,0,0,0,-60000,19000,28000,-9000,6000,57000,-51000,-715000
055192,世芯元富97購01  ,0,0,0,0,0,0,0,0,0,-720000,0,0,0,852000,1572000,-720000,-720000
043231,鴻海中信95購01  ,0,0,0,0,0,0,0,0,0,-728000,0,0,0,1000,729000,-728000,-728000
051259,鴻海永昌96購03  ,0,0,0,0,0,0,0,0,0,-728000,0,0,0,1796000,2524000,-728000,-728000
6191,精成科          ,294000,1004000,-710000,0,0,0,0,0,0,-21000,5000,29000,-24000,20000,17000,3000,-731000
00641R,富邦日本反1     ,38000,1000,37000,0,0,0,0,0,0,-769000,0,0,0,132000,901000,-769000,-732000
056017,台積電群益97購04,0,0,0,0,0,0,0,0,0,-732000,0,0,0,379000,1111000,-732000,-732000
3702,大聯大          ,1010000,2137000,-1127000,0,0,0,7000,0,7000,388000,0,198000,-198000,586000,0,586000,-732000
052149,電子類群益95購01,0,0,0,0,0,0,0,0,0,-736000,0,0,0,0,736000,-736000,-736000
1536,和大            ,670000,845000,-175000,0,0,0,0,561000,-561000,-3000,21000,14000,7000,5000,15000,-10000,-739000
050715,台積電群益96購01,0,0,0,0,0,0,0,0,0,-742000,0,0,0,761000,1503000,-742000,-742000
00762,元大全球AI      ,0,0,0,0,0,0,0,0,0,-750000,0,0,0,7000,757000,-750000,-750000
052123,泰碩國票95購01  ,0,0,0,0,0,0,0,0,0,-750000,0,0,0,89000,839000,-750000,-750000
052637,欣興凱基97購01  ,0,0,0,0,0,0,0,0,0,-750000,0,0,0,19000,769000,-750000,-750000
053413,台積電國票99購01,0,0,0,0,0,0,0,0,0,-755000,0,0,0,150000,905000,-755000,-755000
00737,國泰AI+Robo     ,0,88000,-88000,0,0,0,0,0,0,-669000,0,0,0,71000,740000,-669000,-757000
058203,信邦凱基99購01  ,0,0,0,0,0,0,0,0,0,-759000,0,0,0,37000,796000,-759000,-759000
054421,臺股指元大99購03,0,0,0,0,0,0,0,0,0,-760000,0,0,0,0,760000,-760000,-760000
052867,晶技凱基96購01  ,0,0,0,0,0,0,0,0,0,-763000,0,0,0,130000,893000,-763000,-763000
6257,矽格            ,516641,1336708,-820067,0,0,0,0,0,0,51000,221000,29000,192000,11000,152000,-141000,-769067
055102,上銀凱基98購01  ,0,0,0,0,0,0,0,0,0,-772000,0,0,0,127000,899000,-772000,-772000
8215,明基材          ,137000,870000,-733000,0,0,0,0,0,0,-41000,0,29000,-29000,0,12000,-12000,-774000
051173,元油2X凱基98購01,0,0,0,0,0,0,0,0,0,-775000,0,0,0,0,775000,-775000,-775000
2634,漢翔            ,49000,786000,-737000,0,0,0,1000,0,1000,-48000,0,48000,-48000,0,0,0,-784000
00730,富邦臺灣優質高息,1000,0,1000,0,0,0,0,0,0,-787000,0,0,0,438000,1225000,-787000,-786000
04168P,元金2X凱基99售01,0,0,0,0,0,0,0,0,0,-791000,0,0,0,22000,813000,-791000,-791000
05162P,玉晶光國票96售03,0,0,0,0,0,0,0,0,0,-793000,0,0,0,590000,1383000,-793000,-793000
06303P,臺股指元大97售09,0,0,0,0,0,0,0,0,0,-796000,0,0,0,4000,800000,-796000,-796000
058339,康友元富99購02  ,0,0,0,0,0,0,0,0,0,-798000,0,0,0,88000,886000,-798000,-798000
054534,台積電富邦98購03,0,0,0,0,0,0,0,0,0,-802000,0,0,0,89000,891000,-802000,-802000
2912,統一超          ,528000,1295026,-767026,0,0,0,1000,0,1000,-37000,7000,45000,-38000,1000,0,1000,-803026
9945,潤泰新          ,238703,987600,-748897,0,0,0,0,0,0,-55000,16000,71000,-55000,0,0,0,-803897
06855P,聯發科富邦9A售01,0,0,0,0,0,0,0,0,0,-806000,0,0,0,134000,940000,-806000,-806000
055998,臺股指富邦99購01,0,0,0,0,0,0,0,0,0,-814000,0,0,0,0,814000,-814000,-814000
052006,康友富邦98購01  ,0,0,0,0,0,0,0,0,0,-816000,0,0,0,146000,962000,-816000,-816000
055263,華新科富邦9A購01,0,0,0,0,0,0,0,0,0,-817000,0,0,0,256000,1073000,-817000,-817000
1907,永豐餘          ,241000,802000,-561000,0,0,0,0,0,0,-256000,0,256000,-256000,0,0,0,-817000
045663,元油2X元富94購01,0,0,0,0,0,0,0,0,0,-819000,0,0,0,0,819000,-819000,-819000
03686P,大立光統一98售02,0,0,0,0,0,0,0,0,0,-837000,0,0,0,32000,869000,-837000,-837000
058067,台積電第一9C購01,0,0,0,0,0,0,0,0,0,-844000,0,0,0,0,844000,-844000,-844000
6456,GIS-KY          ,117711,924000,-806289,0,0,0,0,0,0,-39000,0,25000,-25000,4000,18000,-14000,-845289
047285,鴻海統一95購02  ,0,0,0,0,0,0,0,0,0,-846000,0,0,0,0,846000,-846000,-846000
3090,日電貿          ,104000,900000,-796000,0,0,0,0,0,0,-52000,3000,10000,-7000,0,45000,-45000,-848000
056592,台積電元富98購01,0,0,0,0,0,0,0,0,0,-850000,0,0,0,1284000,2134000,-850000,-850000
2820,華票            ,145000,513817,-368817,0,0,0,0,0,0,-482000,0,482000,-482000,0,0,0,-850817
054198,台積電永昌96購08,0,0,0,0,0,0,0,0,0,-860000,0,0,0,55000,915000,-860000,-860000
1409,新纖            ,578000,2331000,-1753000,0,0,0,0,0,0,887000,1000000,113000,887000,0,0,0,-866000
6271,同欣電          ,298000,853000,-555000,0,0,0,0,254000,-254000,-59000,22000,33000,-11000,3000,51000,-48000,-868000
048460,盛群凱基94購01  ,46000,0,46000,0,0,0,0,0,0,-915000,0,0,0,572000,1487000,-915000,-869000
06618P,智邦元大98售04  ,0,0,0,0,0,0,0,0,0,-869000,0,0,0,72000,941000,-869000,-869000
055825,臺股指國票97購12,0,0,0,0,0,0,0,0,0,-870000,0,0,0,0,870000,-870000,-870000
053401,臺股指中信99購01,0,0,0,0,0,0,0,0,0,-874000,0,0,0,5000,879000,-874000,-874000
006208,富邦台50        ,0,0,0,0,0,0,0,0,0,-877000,0,0,0,321000,1198000,-877000,-877000
058245,訊連元大99購01  ,0,0,0,0,0,0,0,0,0,-885000,0,0,0,65000,950000,-885000,-885000
2367,燿華            ,612527,1410000,-797473,0,0,0,0,0,0,-88000,2000,31000,-29000,38000,97000,-59000,-885473
6120,達運            ,255000,1124000,-869000,0,0,0,0,0,0,-17000,0,17000,-17000,0,0,0,-886000
9802,鈺齊-KY         ,154720,978000,-823280,0,0,0,20000,0,20000,-86000,0,7000,-7000,23000,102000,-79000,-889280
05293P,廣達凱基95售01  ,0,0,0,0,0,0,0,0,0,-890000,0,0,0,10000,900000,-890000,-890000
054633,臺股指凱基9A購02,0,0,0,0,0,0,0,0,0,-895000,0,0,0,0,895000,-895000,-895000
057473,T50反1元大98購08,0,0,0,0,0,0,0,0,0,-910000,0,0,0,30000,940000,-910000,-910000
2812,台中銀          ,630000,1331000,-701000,0,0,0,0,0,0,-215000,0,215000,-215000,0,0,0,-916000
2615,萬海            ,206523,816000,-609477,0,0,0,2000,200000,-198000,-127000,0,127000,-127000,0,0,0,-934477
05547P,群創元大96售03  ,0,0,0,0,0,0,0,0,0,-951000,0,0,0,33000,984000,-951000,-951000
054038,T50反1元大98購04,0,0,0,0,0,0,0,0,0,-954000,0,0,0,63000,1017000,-954000,-954000
2392,正崴            ,101154,1021000,-919846,0,0,0,0,0,0,-41000,0,35000,-35000,0,6000,-6000,-960846
9910,豐泰            ,142000,1128900,-986900,0,0,0,0,0,0,15000,46000,31000,15000,0,0,0,-971900
1434,福懋            ,517299,1378000,-860701,0,0,0,2000,0,2000,-123000,0,123000,-123000,0,0,0,-981701
051356,全新元大96購04  ,0,0,0,0,0,0,0,0,0,-990000,0,0,0,0,990000,-990000,-990000
050055,道瓊反凱基95購01,0,0,0,0,0,0,0,0,0,-992000,0,0,0,160000,1152000,-992000,-992000
055641,鴻海元富97購04  ,0,0,0,0,0,0,0,0,0,-993000,0,0,0,50000,1043000,-993000,-993000
00669R,國泰美國道瓊反1 ,0,37000,-37000,0,0,0,0,0,0,-957000,0,0,0,3366000,4323000,-957000,-994000
9934,成霖            ,46000,1006000,-960000,0,0,0,0,0,0,-35000,5000,40000,-35000,0,0,0,-995000
04041P,大立光統一94售03,0,0,0,0,0,0,0,0,0,-998000,0,0,0,0,998000,-998000,-998000
048341,全新元大94購03  ,0,0,0,0,0,0,0,0,0,-998000,0,0,0,0,998000,-998000,-998000
06084P,宏達電元富97售02,0,0,0,0,0,0,0,0,0,-1004000,0,0,0,116000,1120000,-1004000,-1004000
056013,T50反1群益97購01,0,0,0,0,0,0,0,0,0,-1006000,0,0,0,10000,1016000,-1006000,-1006000
020000,富邦特選蘋果N   ,0,0,0,0,0,0,0,0,0,-1014000,0,0,0,0,1014000,-1014000,-1014000
058466,SGBR2X中信99購02,0,0,0,0,0,0,0,0,0,-1019000,0,0,0,0,1019000,-1019000,-1019000
3653,健策            ,152000,378000,-226000,0,0,0,0,515000,-515000,-280000,17000,196000,-179000,32000,133000,-101000,-1021000
044104,鴻海中信95購03  ,0,0,0,0,0,0,0,0,0,-1023000,0,0,0,0,1023000,-1023000,-1023000
053851,鴻海國泰98購03  ,0,0,0,0,0,0,0,0,0,-1023000,0,0,0,0,1023000,-1023000,-1023000
2357,華碩            ,540000,1612000,-1072000,0,0,0,2000,0,2000,43000,0,32000,-32000,75000,0,75000,-1027000
2637,慧洋-KY         ,105173,1343000,-1237827,0,0,0,1000,0,1000,195000,235000,40000,195000,0,0,0,-1041827
1476,儒鴻            ,89000,1088000,-999000,0,0,0,1000,68000,-67000,22000,12000,11000,1000,21000,0,21000,-1044000
054515,華通元大98購02  ,0,0,0,0,0,0,0,0,0,-1050000,0,0,0,15000,1065000,-1050000,-1050000
06617P,智邦元大98售03  ,0,0,0,0,0,0,0,0,0,-1051000,0,0,0,186000,1237000,-1051000,-1051000
057110,立積群益98購01  ,0,0,0,0,0,0,0,0,0,-1057000,0,0,0,1070000,2127000,-1057000,-1057000
05196P,台積電永豐95售03,0,0,0,0,0,0,0,0,0,-1070000,0,0,0,0,1070000,-1070000,-1070000
054369,鴻海中信9C購01  ,0,0,0,0,0,0,0,0,0,-1074000,0,0,0,40000,1114000,-1074000,-1074000
056594,台積電元富98購03,0,0,0,0,0,0,0,0,0,-1077000,0,0,0,800000,1877000,-1077000,-1077000
2352,佳世達          ,213848,1205000,-991152,0,0,0,7000,0,7000,-103000,10000,117000,-107000,4000,0,4000,-1087152
056256,聯茂元富97購03  ,0,0,0,0,0,0,0,0,0,-1089000,0,0,0,80000,1169000,-1089000,-1089000
052061,樺漢國票96購01  ,0,0,0,0,0,0,0,0,0,-1093000,0,0,0,6000,1099000,-1093000,-1093000
03656C,臺股指凱基99牛12,0,0,0,0,0,0,0,0,0,-1100000,0,0,0,27000,1127000,-1100000,-1100000
057384,台灣50永豐99購02,0,0,0,0,0,0,0,0,0,-1113000,0,0,0,42000,1155000,-1113000,-1113000
1312,國喬            ,221987,1239502,-1017515,0,0,0,0,0,0,-98000,0,84000,-84000,0,14000,-14000,-1115515
052687,國泰金元大96購03,0,0,0,0,0,0,0,0,0,-1125000,0,0,0,37000,1162000,-1125000,-1125000
8112,至上            ,693000,1765000,-1072000,0,0,0,60000,0,60000,-113000,12000,125000,-113000,0,0,0,-1125000
9921,巨大            ,355300,1295000,-939700,0,0,0,0,178000,-178000,-18000,0,18000,-18000,0,0,0,-1135700
053512,台積電群益96購06,0,0,0,0,0,0,0,0,0,-1139000,0,0,0,10000,1149000,-1139000,-1139000
06367P,台積電凱基97售14,0,0,0,0,0,0,0,0,0,-1140000,0,0,0,680000,1820000,-1140000,-1140000
054763,宏達電國票99購01,0,0,0,0,0,0,0,0,0,-1142000,0,0,0,30000,1172000,-1142000,-1142000
2838,聯邦銀          ,12000,971000,-959000,0,0,0,0,0,0,-192000,0,192000,-192000,0,0,0,-1151000
3036,文曄            ,102000,1284000,-1182000,0,0,0,0,0,0,22000,135000,34000,101000,62000,141000,-79000,-1160000
046147,道瓊指中信96購02,0,0,0,0,0,0,0,0,0,-1162000,0,0,0,0,1162000,-1162000,-1162000
056848,泰鼎元富98購01  ,0,0,0,0,0,0,0,0,0,-1164000,0,0,0,198000,1362000,-1164000,-1164000
2323,中環            ,723000,1620000,-897000,0,0,0,4000,0,4000,-272000,3000,108000,-105000,0,167000,-167000,-1165000
2492,華新科          ,851514,1905915,-1054401,0,0,0,0,96000,-96000,-38000,179000,312000,-133000,212000,117000,95000,-1188401
6176,瑞儀            ,592650,1957885,-1365235,0,0,0,0,0,0,173000,14000,31000,-17000,195000,5000,190000,-1192235
4904,遠傳            ,1455000,2438588,-983588,0,0,0,3000,0,3000,-213000,0,213000,-213000,0,0,0,-1193588
6505,台塑化          ,1458000,2388000,-930000,0,0,0,9000,100000,-91000,-173000,1000,386000,-385000,217000,5000,212000,-1194000
054377,臺股指中信99購09,0,0,0,0,0,0,0,0,0,-1198000,0,0,0,31000,1229000,-1198000,-1198000
6282,康舒            ,87000,1274000,-1187000,0,0,0,0,0,0,-33000,0,42000,-42000,18000,9000,9000,-1220000
053036,聯電凱基98購01  ,0,0,0,0,0,0,0,0,0,-1228000,0,0,0,10000,1238000,-1228000,-1228000
2474,可成            ,1000810,2112000,-1111190,0,0,0,0,0,0,-130000,63000,44000,19000,12000,161000,-149000,-1241190
1314,中石化          ,1124472,1014000,110472,0,0,0,3000,0,3000,-1356350,0,1256350,-1256350,5000,105000,-100000,-1242878
05980P,台積電永昌96售09,0,0,0,0,0,0,0,0,0,-1277000,0,0,0,6039000,7316000,-1277000,-1277000
03314P,台積電元大02售16,0,0,0,0,0,0,0,0,0,-1289000,0,0,0,225000,1514000,-1289000,-1289000
2349,錸德            ,52000,1298000,-1246000,0,0,0,4000,50000,-46000,0,0,0,0,0,0,0,-1292000
058405,訊連元大99購02  ,0,0,0,0,0,0,0,0,0,-1301000,0,0,0,109000,1410000,-1301000,-1301000
048745,儒鴻元富97購02  ,0,0,0,0,0,0,0,0,0,-1319000,0,0,0,110000,1429000,-1319000,-1319000
00701,國泰股利精選30  ,5000,51000,-46000,0,0,0,0,0,0,-1282000,60000,0,60000,100000,1442000,-1342000,-1328000
051066,台積電國票96購02,0,0,0,0,0,0,0,0,0,-1328000,0,0,0,47000,1375000,-1328000,-1328000
051201,台積電麥證95購02,0,0,0,0,1332000,-1332000,0,0,0,-1332000,0,0,0,0,1332000,-1332000,-1332000
054036,T50反1元大96購08,0,0,0,0,0,0,0,0,0,-1354000,0,0,0,0,1354000,-1354000,-1354000
055144,T50反1元大97購03,0,0,0,0,0,0,0,0,0,-1359000,0,0,0,110000,1469000,-1359000,-1359000
2889,國票金          ,317000,1426000,-1109000,0,0,0,0,0,0,-256000,0,256000,-256000,0,0,0,-1365000
1304,台聚            ,154000,1568000,-1414000,0,0,0,0,0,0,3000,15000,12000,3000,0,0,0,-1411000
050101,台積電永昌96購03,0,0,0,0,0,0,0,0,0,-1412000,0,0,0,359000,1771000,-1412000,-1412000
056706,元油2X富邦9B購01,0,0,0,0,0,0,0,0,0,-1422000,0,0,0,0,1422000,-1422000,-1422000
050708,臺股指凱基96購06,0,0,0,0,0,0,0,0,0,-1426000,0,0,0,110000,1536000,-1426000,-1426000
00717,富邦美國特別股  ,0,396000,-396000,0,0,0,0,0,0,-1052000,20000,0,20000,501000,1573000,-1072000,-1448000
056756,T50反1元大98購06,0,0,0,0,0,0,0,0,0,-1467000,0,0,0,148000,1615000,-1467000,-1467000
051276,SGBR2X中信97購01,0,0,0,0,0,0,0,0,0,-1480000,0,0,0,0,1480000,-1480000,-1480000
4958,臻鼎-KY         ,1947000,3544378,-1597378,0,0,0,307000,148000,159000,-58000,84000,113000,-29000,4000,33000,-29000,-1496378
2345,智邦            ,1078966,2526000,-1447034,0,0,0,138000,0,138000,-225000,144000,174000,-30000,33000,228000,-195000,-1534034
054400,健策永豐96購02  ,0,0,0,0,0,0,0,0,0,-1561000,0,0,0,102000,1663000,-1561000,-1561000
055735,宏達電元富98購01,0,0,0,0,0,0,0,0,0,-1569000,0,0,0,70000,1639000,-1569000,-1569000
2376,技嘉            ,491000,2494000,-2003000,0,0,0,2000,0,2000,422000,147000,30000,117000,363000,58000,305000,-1579000
2201,裕隆            ,303129,1771420,-1468291,0,0,0,0,0,0,-121000,0,88000,-88000,22000,55000,-33000,-1589291
058039,元石油元大98購03,0,0,0,0,0,0,0,0,0,-1598000,0,0,0,100000,1698000,-1598000,-1598000
00653L,富邦印度正2     ,5000,807000,-802000,0,0,0,0,0,0,-817000,0,0,0,238000,1055000,-817000,-1619000
07480P,FBVIX凱基94售01 ,0,0,0,0,0,0,0,0,0,-1620000,0,0,0,92000,1712000,-1620000,-1620000
058103,台積電永豐98購06,0,0,0,0,0,0,0,0,0,-1626000,0,0,0,12000,1638000,-1626000,-1626000
043538,元石油國票97購01,0,0,0,0,0,0,0,0,0,-1647000,0,0,0,0,1647000,-1647000,-1647000
056591,S&P正2元富9A購01,0,0,0,0,0,0,0,0,0,-1647000,0,0,0,18000,1665000,-1647000,-1647000
045872,元油2X元富98購03,0,0,0,0,0,0,0,0,0,-1657000,0,0,0,0,1657000,-1657000,-1657000
052287,臺股指中信95購12,0,0,0,0,0,0,0,0,0,-1695000,0,0,0,0,1695000,-1695000,-1695000
1477,聚陽            ,168000,1848000,-1680000,0,0,0,0,0,0,-26000,0,20000,-20000,0,6000,-6000,-1706000
2377,微星            ,503000,1740235,-1237235,0,0,0,3000,700000,-697000,226000,58000,50000,8000,228000,10000,218000,-1708235
00631L,元大台灣50正2   ,33000,64000,-31000,0,0,0,0,0,0,-1699000,0,0,0,784000,2483000,-1699000,-1730000
055193,世芯元富97購02  ,0,0,0,0,0,0,0,0,0,-1772000,0,0,0,683000,2455000,-1772000,-1772000
045700,道瓊指中信94購01,0,0,0,0,0,0,0,0,0,-1776000,0,0,0,1146000,2922000,-1776000,-1776000
2867,三商壽          ,144000,1791000,-1647000,0,0,0,0,0,0,-133000,0,133000,-133000,0,0,0,-1780000
1310,台苯            ,218000,1954000,-1736000,0,0,0,0,0,0,-56000,0,56000,-56000,0,0,0,-1792000
053563,台積電富邦97購01,0,0,0,0,0,0,0,0,0,-1801000,0,0,0,0,1801000,-1801000,-1801000
056341,宏達電凱基9A購01,0,0,0,0,0,0,0,0,0,-1814000,0,0,0,69000,1883000,-1814000,-1814000
00738U,元大道瓊白銀    ,0,70000,-70000,0,0,0,0,0,0,-1796000,0,0,0,1122000,2918000,-1796000,-1866000
056605,台積電富邦9B購02,0,0,0,0,0,0,0,0,0,-1881000,0,0,0,2000,1883000,-1881000,-1881000
00655L,國泰中國A50正2  ,270000,0,270000,0,0,0,0,0,0,-2224000,0,16000,-16000,2569000,4777000,-2208000,-1954000
054197,台積電永昌96購07,0,0,0,0,0,0,0,0,0,-1969000,0,0,0,584000,2553000,-1969000,-1969000
00670L,富邦NASDAQ正2   ,2000,72000,-70000,0,0,0,0,0,0,-1919000,0,0,0,646000,2565000,-1919000,-1989000
00708L,元大S&P黃金正2  ,381000,0,381000,0,0,0,0,0,0,-2373000,0,0,0,7744000,10117000,-2373000,-1992000
058329,S&P正2元富01購01,0,0,0,0,0,0,0,0,0,-2043000,0,0,0,0,2043000,-2043000,-2043000
044269,群創中信95購01  ,0,0,0,0,0,0,0,0,0,-2048000,0,0,0,125000,2173000,-2048000,-2048000
00830,國泰費城半導體  ,5000,126000,-121000,0,0,0,0,0,0,-1928000,0,0,0,472000,2400000,-1928000,-2049000
2356,英業達          ,1057000,3672369,-2615369,0,0,0,13000,0,13000,552000,0,275000,-275000,839000,12000,827000,-2050369
1102,亞泥            ,2597000,5170000,-2573000,0,0,0,3000,0,3000,515000,87000,123000,-36000,554000,3000,551000,-2055000
054037,T50反1元大96購09,0,0,0,0,0,0,0,0,0,-2060000,0,0,0,1000,2061000,-2060000,-2060000
2845,遠東銀          ,308000,2176000,-1868000,0,0,0,3000,0,3000,-198000,0,198000,-198000,0,0,0,-2063000
00633L,富邦上証正2     ,467000,1636000,-1169000,0,0,0,0,0,0,-918000,0,0,0,4481000,5399000,-918000,-2087000
00647L,元大S&P500正2   ,4000,2000,2000,0,0,0,0,0,0,-2104000,0,0,0,437000,2541000,-2104000,-2102000
2412,中華電          ,2668000,4479332,-1811332,0,0,0,7000,0,7000,-299000,13000,329000,-316000,17000,0,17000,-2103332
00640L,富邦日本正2     ,3000,0,3000,0,0,0,0,0,0,-2116000,0,0,0,302000,2418000,-2116000,-2113000
047595,元石油元富97購01,0,0,0,0,0,0,0,0,0,-2119000,0,0,0,0,2119000,-2119000,-2119000
054072,台積電富邦98購02,0,0,0,0,0,0,0,0,0,-2146000,0,0,0,150000,2296000,-2146000,-2146000
2105,正新            ,533000,2543941,-2010941,0,0,0,0,0,0,-137000,0,138000,-138000,1000,0,1000,-2147941
2382,廣達            ,2599000,5005482,-2406482,0,0,0,13000,0,13000,160000,21000,148000,-127000,287000,0,287000,-2233482
056060,宏達電元大99購01,0,0,0,0,0,0,0,0,0,-2234000,0,0,0,51000,2285000,-2234000,-2234000
1216,統一            ,4508117,6729480,-2221363,0,0,0,145000,0,145000,-161000,17000,172000,-155000,2000,8000,-6000,-2237363
052314,鴻海元大96購11  ,0,0,0,0,0,0,0,0,0,-2295000,0,0,0,131000,2426000,-2295000,-2295000
1504,東元            ,2184000,4398000,-2214000,0,0,0,2000,0,2000,-110000,1000,111000,-110000,0,0,0,-2322000
054685,國巨永豐97購02  ,0,0,0,0,0,0,0,0,0,-2323000,0,0,0,907000,3230000,-2323000,-2323000
049389,元石油中信97購02,0,0,0,0,0,0,0,0,0,-2368000,0,0,0,0,2368000,-2368000,-2368000
2027,大成鋼          ,401000,3408000,-3007000,0,0,0,0,0,0,629000,11000,91000,-80000,772000,63000,709000,-2378000
2408,南亞科          ,2810489,5307389,-2496900,0,0,0,36000,0,36000,81000,77000,237000,-160000,288000,47000,241000,-2379900
053314,A50正2群益9A購01,0,0,0,0,0,0,0,0,0,-2394000,0,0,0,30000,2424000,-2394000,-2394000
056829,台積電富邦9A購01,0,0,0,0,0,0,0,0,0,-2481000,0,0,0,811000,3292000,-2481000,-2481000
041973,台灣50中信94購01,0,0,0,0,0,0,0,0,0,-2506000,0,0,0,1080000,3586000,-2506000,-2506000
2354,鴻準            ,438000,2908000,-2470000,0,0,0,0,0,0,-63000,9000,72000,-63000,0,0,0,-2533000
057393,台積電中信02購01,5000,0,5000,0,0,0,0,0,0,-2568000,0,0,0,194000,2762000,-2568000,-2563000
2308,台達電          ,1846425,4231000,-2384575,0,0,0,7000,48000,-41000,-153000,1000,139000,-138000,6000,21000,-15000,-2578575
056955,台灣50永豐98購01,0,0,0,0,0,0,0,0,0,-2581000,0,0,0,117000,2698000,-2581000,-2581000
00634R,富邦上証反1     ,0,130000,-130000,0,0,0,0,0,0,-2485000,200000,300000,-100000,729000,3114000,-2385000,-2615000
2353,宏碁            ,3275000,5738000,-2463000,0,0,0,9000,0,9000,-221000,0,230000,-230000,10000,1000,9000,-2675000
2603,長榮            ,2500432,4845000,-2344568,0,0,0,4000,0,4000,-359000,0,359000,-359000,0,0,0,-2699568
1402,遠東新          ,2672078,5232000,-2559922,0,0,0,5000,0,5000,-201000,0,211000,-211000,20000,10000,10000,-2755922
055081,健鼎中信97購01  ,0,0,0,0,0,0,0,0,0,-2800000,0,0,0,0,2800000,-2800000,-2800000
3045,台灣大          ,1678000,4519895,-2841895,0,0,0,7000,0,7000,-69000,110000,178000,-68000,1000,2000,-1000,-2903895
05174P,元金2X富邦9B售01,0,0,0,0,0,0,0,0,0,-2911000,0,0,0,64000,2975000,-2911000,-2911000
00692,富邦公司治理    ,0,0,0,0,0,0,0,0,0,-3024000,0,0,0,690000,3714000,-3024000,-3024000
00850,元大臺灣ESG永續 ,0,0,0,0,0,0,0,0,0,-3059000,0,0,0,107000,3166000,-3059000,-3059000
5871,中租-KY         ,3687000,6962072,-3275072,0,0,0,8000,0,8000,-41000,0,41000,-41000,0,0,0,-3308072
00646,元大S&P500      ,12000,9000,3000,0,0,0,0,0,0,-3318000,90000,0,90000,43000,3451000,-3408000,-3315000
051133,台積電永豐95購02,0,0,0,0,0,0,0,0,0,-3419000,0,0,0,2616000,6035000,-3419000,-3419000
053564,台積電富邦99購01,0,0,0,0,0,0,0,0,0,-3509000,0,0,0,0,3509000,-3509000,-3509000
1303,南亞            ,2671509,5898976,-3227467,0,0,0,7000,0,7000,-342000,3000,345000,-342000,0,0,0,-3562467
2633,台灣高鐵        ,1817000,5286000,-3469000,0,0,0,3000,0,3000,-105000,200000,305000,-105000,1000,1000,0,-3571000
2301,光寶科          ,1332000,5293000,-3961000,0,0,0,0,0,0,318000,115000,142000,-27000,364000,19000,345000,-3643000
2344,華邦電          ,3888000,7424000,-3536000,0,0,0,14000,0,14000,-188000,374000,349000,25000,36000,249000,-213000,-3710000
3711,日月光投控      ,2360000,5651168,-3291168,0,0,0,34000,0,34000,-498000,6000,244000,-238000,17000,277000,-260000,-3755168
1326,台化            ,1043000,4693000,-3650000,0,0,0,5000,199000,-194000,-9000,1000,191000,-190000,185000,4000,181000,-3853000
2618,長榮航          ,6054000,9727967,-3673967,0,0,0,5000,0,5000,-322000,249000,574000,-325000,4000,1000,3000,-3990967
054983,國巨元富97購04  ,0,0,0,0,0,0,0,0,0,-4017000,0,0,0,221000,4238000,-4017000,-4017000
1301,台塑            ,1950000,5716000,-3766000,0,0,0,7000,200000,-193000,-214000,0,218000,-218000,7000,3000,4000,-4173000
2371,大同            ,1577000,5860000,-4283000,0,0,0,7000,0,7000,-268000,1000,269000,-268000,0,0,0,-4544000
4938,和碩            ,2500000,7573000,-5073000,0,0,0,9000,0,9000,58000,0,100000,-100000,257000,99000,158000,-5006000
2324,仁寶            ,4814000,10903000,-6089000,0,0,0,18000,0,18000,858000,0,177000,-177000,1037000,2000,1035000,-5213000
1101,台泥            ,3185477,9561067,-6375590,0,0,0,200000,0,200000,373000,5000,9000,-4000,560000,183000,377000,-5802590
5876,上海商銀        ,3587000,9347000,-5760000,0,0,0,0,0,0,-109000,0,77000,-77000,35000,67000,-32000,-5869000
2823,中壽            ,2028000,7852646,-5824646,0,0,0,4000,0,4000,-257000,0,278000,-278000,39000,18000,21000,-6077646
2801,彰銀            ,2017000,7936040,-5919040,0,0,0,10000,0,10000,-249000,59000,319000,-260000,31000,20000,11000,-6158040
9904,寶成            ,1509600,7563142,-6053542,0,0,0,3000,0,3000,-184000,20000,184000,-164000,0,20000,-20000,-6234542
00637L,元大滬深300正2  ,0,6125000,-6125000,0,0,0,0,0,0,-905000,0,0,0,31277000,32182000,-905000,-7030000
2890,永豐金          ,17082000,24408495,-7326495,0,0,0,10000,0,10000,-33000,311000,365000,-54000,41000,20000,21000,-7349495
2880,華南金          ,2839000,10125163,-7286163,0,0,0,12000,0,12000,-400000,0,380000,-380000,0,20000,-20000,-7674163
00861,元大全球未來通訊,0,1213000,-1213000,0,0,0,0,0,0,-7095000,75000,0,75000,649000,7819000,-7170000,-8308000
2610,華航            ,1011000,9482000,-8471000,0,0,0,5000,0,5000,55000,455000,396000,59000,13000,17000,-4000,-8411000
5880,合庫金          ,3551000,11657353,-8106353,0,0,0,12000,0,12000,-469000,0,413000,-413000,0,56000,-56000,-8563353
2884,玉山金          ,9456000,17842761,-8386761,0,0,0,11000,0,11000,-373000,16000,392000,-376000,103000,100000,3000,-8748761
020012,富邦行動通訊N   ,0,0,0,0,0,0,0,0,0,-9010000,0,0,0,0,9010000,-9010000,-9010000
2892,第一金          ,7323190,16767040,-9443850,0,0,0,11000,0,11000,-198000,194000,379000,-185000,1000,14000,-13000,-9630850
2881,富邦金          ,3133000,12489061,-9356061,0,0,0,11000,0,11000,-310000,0,322000,-322000,82000,70000,12000,-9655061
2834,臺企銀          ,1183000,10734276,-9551276,0,0,0,7000,0,7000,-426000,0,386000,-386000,0,40000,-40000,-9970276
2887,台新金          ,9779000,19754649,-9975649,0,0,0,10000,0,10000,-87000,269000,340000,-71000,0,16000,-16000,-10052649
2885,元大金          ,8071000,18645671,-10574671,0,0,0,12000,0,12000,255000,265000,6000,259000,92000,96000,-4000,-10307671
0050,元大台灣50      ,256200,8241000,-7984800,0,0,0,0,0,0,-3090001,709000,1390000,-681000,2026000,4435001,-2409001,-11074801
3231,緯創            ,1952000,13546000,-11594000,0,0,0,11000,0,11000,183000,5000,179000,-174000,577000,220000,357000,-11400000
2002,中鋼            ,2813000,15327344,-12514344,0,0,0,15000,0,15000,-527000,2000,530000,-528000,1000,0,1000,-13026344
00852L,國泰美國道瓊正2 ,0,57000,-57000,0,0,0,0,0,0,-13592000,100000,0,100000,908000,14600000,-13692000,-13649000
2886,兆豐金          ,4351000,18887000,-14536000,0,0,0,13000,510000,-497000,279000,240000,447000,-207000,578000,92000,486000,-14754000
2883,開發金          ,4927000,19966738,-15039738,0,0,0,14000,0,14000,-475000,1000,401000,-400000,1000,76000,-75000,-15500738
2891,中信金          ,23820000,40814884,-16994884,0,0,0,19000,0,19000,394000,1000000,623000,377000,45000,28000,17000,-16581884
2409,友達            ,13605909,23268000,-9662091,0,0,0,37000,5231000,-5194000,-2165000,81000,775000,-694000,372000,1843000,-1471000,-17021091
00672L,元大S&P原油正2  ,180000,8213000,-8033000,0,0,0,0,0,0,-10671000,200000,0,200000,7535000,18406000,-10871000,-18704000
2888,新光金          ,12024535,31505948,-19481413,0,0,0,11000,0,11000,214000,486000,256000,230000,664000,680000,-16000,-19256413
2317,鴻海            ,10010000,28297320,-18287320,0,0,0,158000,0,158000,-1377000,81000,558000,-477000,187000,1087000,-900000,-19506320
3481,群創            ,20965340,36831000,-15865660,0,0,0,27000,2856000,-2829000,-1712000,417000,442000,-25000,292000,1979000,-1687000,-20406660
0056,元大高股息      ,4000,0,4000,0,0,0,440000,0,440000,-22336000,366000,0,366000,0,22702000,-22702000,-21892000
2882,國泰金          ,1530215,26401000,-24870785,0,0,0,12000,0,12000,-413000,0,417000,-417000,36000,32000,4000,-25271785
2303,聯電            ,32519043,58723038,-26203995,0,0,0,46000,500000,-454000,-807000,488000,1039000,-551000,0,256000,-256000,-27464995
2330,台積電          ,9957714,44714739,-34757025,0,0,0,110000,79000,31000,-1183970,422000,1108000,-686000,287000,784970,-497970,-35909995
00715L,街口布蘭特油正2 ,0,3936000,-3936000,0,0,0,0,0,0,-43264000,0,0,0,102000,43366000,-43264000,-47200000
00642U,元大S&P石油     ,10791000,3550000,7241000,0,0,0,0,0,0,-63901000,220000,0,220000,3528000,67649000,-64121000,-56660000
