證券代號,證券名稱,外陸資買進股數(不含外資自營商),外陸資賣出股數(不含外資自營商),外陸資買賣超股數(不含外資自營商),外資自營商買進股數,外資自營商賣出股數,外資自營商買賣超股數,投信買進股數,投信賣出股數,投信買賣超股數,自營商買賣超股數,自營商買進股數(自行買賣),自營商賣出股數(自行買賣),自營商買賣超股數(自行買賣),自營商買進股數(避險),自營商賣出股數(避險),自營商買賣超股數(避險),三大法人買賣超股數
00653L,富邦印度正2     ,1718000,1523000,195000,0,0,0,0,0,0,9980829,0,0,0,11099000,1118171,9980829,10175829
00708L,元大S&P黃金正2  ,1479000,1000,1478000,0,0,0,0,0,0,3566000,0,0,0,4224000,658000,3566000,5044000
0056,元大高股息      ,93050,104000,-10950,0,0,0,0,65000,-65000,4550000,10000,10000,0,4770000,220000,4550000,4474050
064152,義隆統一02購02  ,0,0,0,0,0,0,0,0,0,3007000,0,0,0,3424000,417000,3007000,3007000
2448,晶電            ,12024000,8722000,3302000,0,0,0,100000,196000,-96000,-277000,713000,975000,-262000,0,15000,-15000,2929000
1515,力山            ,4407000,1460000,2947000,0,0,0,0,0,0,-160000,0,111000,-111000,127000,176000,-49000,2787000
5264,鎧勝-KY         ,3518000,2945000,573000,0,0,0,2034000,0,2034000,-86000,6000,36000,-30000,162000,218000,-56000,2521000
2327,國巨            ,4011682,1719900,2291782,0,0,0,27000,7000,20000,-73000,48000,126000,-78000,214000,209000,5000,2238782
061536,華擎統一9C購02  ,0,0,0,0,0,0,0,0,0,2162000,0,0,0,2181000,19000,2162000,2162000
042315,T50反1台新96購01,0,0,0,0,0,0,0,0,0,2066000,0,0,0,2066000,0,2066000,2066000
062807,和碩統一9B購01  ,0,0,0,0,0,0,0,0,0,2063000,0,0,0,2319000,256000,2063000,2063000
062221,奇力新統一01購01,0,0,0,0,0,0,0,0,0,2050000,0,0,0,2164000,114000,2050000,2050000
3038,全台            ,3691000,1759000,1932000,0,0,0,0,0,0,16000,110000,94000,16000,0,0,0,1948000
00677U,富邦VIX         ,79907000,112844000,-32937000,0,0,0,0,0,0,34839000,438000,6946000,-6508000,68655000,27308000,41347000,1902000
063140,聯發科統一9B購08,0,0,0,0,0,0,0,0,0,1845000,0,0,0,2469000,624000,1845000,1845000
050400,臻鼎中信97購01  ,0,0,0,0,0,0,0,0,0,1752000,0,0,0,1752000,0,1752000,1752000
2382,廣達            ,4149640,2414000,1735640,0,0,0,0,214000,-214000,202000,412000,141000,271000,4000,73000,-69000,1723640
045873,元油2X元富98購04,0,0,0,0,0,0,0,0,0,1590000,0,0,0,1590000,0,1590000,1590000
064172,義隆元富9C購01  ,0,0,0,0,0,0,0,0,0,1584000,0,0,0,1927000,343000,1584000,1584000
064047,義隆統一02購01  ,0,0,0,0,0,0,0,0,0,1547000,0,0,0,1567000,20000,1547000,1547000
064151,義隆統一01購01  ,0,0,0,0,0,0,0,0,0,1528000,0,0,0,2192000,664000,1528000,1528000
051530,鴻海國票97購01  ,0,0,0,0,0,0,0,0,0,1522000,0,0,0,1522000,0,1522000,1522000
058380,臺股指凱基99購15,0,0,0,0,0,0,0,0,0,1495000,0,0,0,2012000,517000,1495000,1495000
057940,和大國票99購01  ,0,0,0,0,0,0,0,0,0,1460000,0,0,0,1540000,80000,1460000,1460000
2108,南帝            ,1290000,395000,895000,0,0,0,581000,0,581000,-17000,0,17000,-17000,0,0,0,1459000
4119,旭富            ,1596000,274000,1322000,0,0,0,0,0,0,119000,7000,13000,-6000,202000,77000,125000,1441000
00664R,國泰臺灣加權反1 ,0,0,0,0,0,0,0,0,0,1382000,0,0,0,2362000,980000,1382000,1382000
1611,中電            ,2806000,1426000,1380000,0,0,0,0,0,0,0,0,0,0,0,0,0,1380000
2049,上銀            ,2515583,1376000,1139583,0,0,0,100000,6000,94000,124000,10000,38000,-28000,179000,27000,152000,1357583
064373,和大元富03購01  ,0,0,0,0,0,0,0,0,0,1349000,0,0,0,1709000,360000,1349000,1349000
8215,明基材          ,1579000,236000,1343000,0,0,0,0,0,0,-1000,0,1000,-1000,0,0,0,1342000
064161,世芯統一01購02  ,0,0,0,0,0,0,0,0,0,1338000,0,0,0,1511000,173000,1338000,1338000
062026,華邦電群益9B購01,0,0,0,0,0,0,0,0,0,1189000,0,0,0,1192000,3000,1189000,1189000
08097P,嘉澤永豐9B售03  ,0,0,0,0,0,0,0,0,0,1188000,0,0,0,1188000,0,1188000,1188000
2337,旺宏            ,7074000,5659000,1415000,0,0,0,0,0,0,-231000,184000,222000,-38000,244000,437000,-193000,1184000
063198,仁寶統一01購02  ,0,0,0,0,0,0,0,0,0,1167000,0,0,0,1184000,17000,1167000,1167000
057727,華邦電國泰9A購01,0,0,0,0,0,0,0,0,0,1163000,0,0,0,1163000,0,1163000,1163000
058156,超眾統一9A購02  ,0,0,0,0,0,0,0,0,0,1151000,0,0,0,1171000,20000,1151000,1151000
061134,大成鋼統一9C購01,0,0,0,0,0,0,0,0,0,1142000,0,0,0,1194000,52000,1142000,1142000
064055,台郡統一02購01  ,0,0,0,0,0,0,0,0,0,1133000,0,0,0,1183000,50000,1133000,1133000
064423,義隆兆豐9C購02  ,0,0,0,0,0,0,0,0,0,1122000,0,0,0,1691000,569000,1122000,1122000
07315P,台積電台新99售06,0,0,0,0,0,0,0,0,0,1117000,0,0,0,1117000,0,1117000,1117000
2614,東森            ,1333000,218000,1115000,0,0,0,0,0,0,0,0,0,0,0,0,0,1115000
054546,玉晶光中信9B購01,0,0,0,0,0,0,0,0,0,1111000,0,0,0,2315000,1204000,1111000,1111000
064165,同欣電統一01購01,0,0,0,0,0,0,0,0,0,1108000,0,0,0,1118000,10000,1108000,1108000
6251,定穎            ,1787000,1087000,700000,0,0,0,0,0,0,398000,0,2000,-2000,400000,0,400000,1098000
060682,牧德元大9A購03  ,0,0,0,0,0,0,0,0,0,1091000,0,0,0,1600000,509000,1091000,1091000
060047,道瓊反凱基99購01,0,0,0,0,0,0,0,0,0,1072000,0,0,0,1529000,457000,1072000,1072000
056417,欣興中信98購01  ,0,0,0,0,0,0,0,0,0,1069000,0,0,0,1226000,157000,1069000,1069000
064053,祥碩統一02購01  ,0,0,0,0,0,0,0,0,0,1056000,0,0,0,1211000,155000,1056000,1056000
061024,南電國泰9B購01  ,0,0,0,0,0,0,0,0,0,1014000,0,0,0,1087000,73000,1014000,1014000
062386,京鼎國泰9C購01  ,0,0,0,0,0,0,0,0,0,995000,0,0,0,1022000,27000,995000,995000
053045,國巨中信97購01  ,0,0,0,0,0,0,0,0,0,991000,0,0,0,991000,0,991000,991000
056420,台表科元富98購01,0,0,0,0,0,0,0,0,0,939000,0,0,0,1139000,200000,939000,939000
058733,同欣電永豐99購02,0,0,0,0,0,0,0,0,0,933000,0,0,0,1052000,119000,933000,933000
063347,祥碩統一01購03  ,0,0,0,0,0,0,0,0,0,920000,0,0,0,920000,0,920000,920000
063323,同欣電群益9B購03,0,0,0,0,0,0,0,0,0,897000,0,0,0,900000,3000,897000,897000
063581,同欣電國泰9C購01,0,0,0,0,0,0,0,0,0,888000,0,0,0,1035000,147000,888000,888000
2498,宏達電          ,2449000,2334000,115000,0,0,0,0,0,0,769000,14000,53000,-39000,853000,45000,808000,884000
1795,美時            ,1149000,268000,881000,0,0,0,0,0,0,0,0,0,0,0,0,0,881000
064182,臻鼎富邦01購01  ,0,0,0,0,0,0,0,0,0,874000,0,0,0,896000,22000,874000,874000
051536,玉晶光國票97購01,0,0,0,0,0,0,0,0,0,870000,0,0,0,899000,29000,870000,870000
06684P,緯穎元大98售06  ,0,0,0,0,0,0,0,0,0,859000,0,0,0,901000,42000,859000,859000
062219,燿華統一9B購01  ,0,0,0,0,0,0,0,0,0,858000,0,0,0,2270000,1412000,858000,858000
061437,燿華凱基9A購01  ,0,0,0,0,0,0,0,0,0,844000,0,0,0,902000,58000,844000,844000
063146,南六統一9B購02  ,0,0,0,0,0,0,0,0,0,835000,0,0,0,1629000,794000,835000,835000
058196,台塑中信99購01  ,0,0,0,0,0,0,0,0,0,834000,0,0,0,834000,0,834000,834000
064164,祥碩統一01購05  ,0,0,0,0,0,0,0,0,0,834000,0,0,0,1358000,524000,834000,834000
057792,群創統一99購01  ,0,0,0,0,0,0,0,0,0,821000,0,0,0,842000,21000,821000,821000
064186,燿華永豐9C購01  ,0,0,0,0,0,0,0,0,0,799000,0,0,0,879000,80000,799000,799000
063209,巨大統一01購01  ,0,0,0,0,0,0,0,0,0,796000,0,0,0,1008000,212000,796000,796000
062416,和大統一01購02  ,0,0,0,0,0,0,0,0,0,790000,0,0,0,1269000,479000,790000,790000
062213,和大統一9B購02  ,0,0,0,0,0,0,0,0,0,785000,0,0,0,805000,20000,785000,785000
1701,中化            ,922000,132000,790000,0,0,0,0,0,0,-6000,0,6000,-6000,0,0,0,784000
3682,亞太電          ,1500000,705000,795000,0,0,0,0,0,0,-12000,0,12000,-12000,0,0,0,783000
064071,台郡永豐9C購01  ,0,0,0,0,0,0,0,0,0,780000,0,0,0,780000,0,780000,780000
064463,聯茂統一01購02  ,0,0,0,0,0,0,0,0,0,763000,0,0,0,763000,0,763000,763000
07433P,臺股指國票9A售05,0,0,0,0,0,0,0,0,0,749000,0,0,0,849000,100000,749000,749000
058239,景碩元大99購03  ,0,0,0,0,0,0,0,0,0,749000,0,0,0,894000,145000,749000,749000
062229,南六統一9B購01  ,0,0,0,0,0,0,0,0,0,740000,0,0,0,1354000,614000,740000,740000
064068,義隆永豐9C購01  ,0,0,0,0,0,0,0,0,0,731000,0,0,0,985000,254000,731000,731000
061350,牧德元大9B購03  ,0,0,0,0,0,0,0,0,0,721000,0,0,0,737000,16000,721000,721000
2340,光磊            ,1007000,285000,722000,0,0,0,0,0,0,-5000,12000,19000,-7000,42000,40000,2000,717000
062542,南電國泰9C購01  ,0,0,0,0,0,0,0,0,0,716000,0,0,0,759000,43000,716000,716000
1309,台達化          ,1381000,668000,713000,0,0,0,0,0,0,0,0,0,0,0,0,0,713000
058035,旭富永豐98購02  ,0,0,0,0,0,0,0,0,0,703000,0,0,0,1063000,360000,703000,703000
063893,微星群益9C購01  ,0,0,0,0,0,0,0,0,0,701000,0,0,0,704000,3000,701000,701000
07861P,台灣50中信03售08,0,0,0,0,0,0,0,0,0,697000,0,0,0,750000,53000,697000,697000
061613,南六統一9C購01  ,0,0,0,0,0,0,0,0,0,695000,0,0,0,1032000,337000,695000,695000
055614,華新科國票97購02,0,0,0,0,0,0,0,0,0,688000,0,0,0,688000,0,688000,688000
061611,南六統一01購01  ,0,0,0,0,0,0,0,0,0,687000,0,0,0,776000,89000,687000,687000
1720,生達            ,1692000,1006000,686000,0,0,0,0,0,0,-1000,0,1000,-1000,0,0,0,685000
061244,和碩兆豐9A購01  ,0,0,0,0,0,0,0,0,0,684000,0,0,0,725000,41000,684000,684000
00671R,富邦NASDAQ反1   ,3000,151000,-148000,0,0,0,0,0,0,824000,0,0,0,1763000,939000,824000,676000
2102,泰豐            ,1016000,343000,673000,0,0,0,0,0,0,-1000,0,1000,-1000,0,0,0,672000
2379,瑞昱            ,1467480,846942,620538,0,0,0,136000,0,136000,-88000,35000,103000,-68000,44000,64000,-20000,668538
4927,泰鼎-KY         ,1933000,1138000,795000,0,0,0,211000,0,211000,-338000,0,4000,-4000,107000,441000,-334000,668000
060826,牧德元大9B購02  ,0,0,0,0,0,0,0,0,0,660000,0,0,0,700000,40000,660000,660000
061800,泰鼎永豐9B購01  ,0,0,0,0,0,0,0,0,0,655000,0,0,0,731000,76000,655000,655000
056677,智伸科元富98購01,0,0,0,0,0,0,0,0,0,653000,0,0,0,703000,50000,653000,653000
054640,健策中信9B購01  ,0,0,0,0,0,0,0,0,0,644000,0,0,0,1066000,422000,644000,644000
059024,大立光統一9B購04,0,0,0,0,0,0,0,0,0,644000,0,0,0,679000,35000,644000,644000
063884,台表科元富03購01,0,0,0,0,0,0,0,0,0,641000,0,0,0,816000,175000,641000,641000
063348,祥碩統一01購04  ,0,0,0,0,0,0,0,0,0,641000,0,0,0,811000,170000,641000,641000
055244,國巨統一98購01  ,0,0,0,0,0,0,0,0,0,640000,0,0,0,670000,30000,640000,640000
056121,勤誠群益97購01  ,0,0,0,0,0,0,0,0,0,640000,0,0,0,660000,20000,640000,640000
060435,鈺齊永豐9A購01  ,0,0,0,0,0,0,0,0,0,637000,0,0,0,638000,1000,637000,637000
058739,喬山中信99購01  ,0,0,0,0,0,0,0,0,0,631000,0,0,0,751000,120000,631000,631000
057782,台積電國票99購07,0,0,0,0,0,0,0,0,0,631000,0,0,0,631000,0,631000,631000
062012,燿華富邦9C購01  ,0,0,0,0,0,0,0,0,0,624000,0,0,0,753000,129000,624000,624000
1434,福懋            ,2318907,1457000,861907,0,0,0,0,1000,-1000,-240000,78000,318000,-240000,0,0,0,620907
061439,寶成凱基9A購01  ,0,0,0,0,0,0,0,0,0,620000,0,0,0,630000,10000,620000,620000
063139,聯發科統一9B購07,0,0,0,0,0,0,0,0,0,620000,0,0,0,620000,0,620000,620000
058764,康友群益99購01  ,0,0,0,0,0,0,0,0,0,614000,0,0,0,614000,0,614000,614000
062061,台勝科統一01購01,0,0,0,0,0,0,0,0,0,609000,0,0,0,609000,0,609000,609000
056823,智伸科永豐98購01,0,0,0,0,0,0,0,0,0,607000,0,0,0,631000,24000,607000,607000
08111P,臺股指中信01售06,0,0,0,0,0,0,0,0,0,601000,0,0,0,800000,199000,601000,601000
061080,華邦電兆豐9B購01,0,0,0,0,0,0,0,0,0,601000,0,0,0,621000,20000,601000,601000
3705,永信            ,684000,80000,604000,0,0,0,0,0,0,-4000,0,4000,-4000,0,0,0,600000
03648C,T50反1元大96牛07,0,0,0,0,0,0,0,0,0,600000,0,0,0,600000,0,600000,600000
061293,聯茂統一9A購01  ,0,0,0,0,0,0,0,0,0,599000,0,0,0,822000,223000,599000,599000
053297,鎧勝中信98購01  ,0,0,0,0,0,0,0,0,0,596000,0,0,0,875000,279000,596000,596000
063441,台達電統一9C購01,0,0,0,0,0,0,0,0,0,593000,0,0,0,613000,20000,593000,593000
064193,華新群益9C購01  ,0,0,0,0,0,0,0,0,0,591000,0,0,0,728000,137000,591000,591000
064246,南六統一9C購02  ,0,0,0,0,0,0,0,0,0,589000,0,0,0,653000,64000,589000,589000
062690,華擎統一9B購01  ,0,0,0,0,0,0,0,0,0,589000,0,0,0,644000,55000,589000,589000
061283,智邦統一9A購01  ,5000,0,5000,0,0,0,0,0,0,583000,0,0,0,955000,372000,583000,588000
055619,同欣電國票98購02,0,0,0,0,0,0,0,0,0,585000,0,0,0,585000,0,585000,585000
064209,燿華凱基01購01  ,0,0,0,0,0,0,0,0,0,583000,0,0,0,632000,49000,583000,583000
062666,和碩群益9B購01  ,0,0,0,0,0,0,0,0,0,582000,0,0,0,612000,30000,582000,582000
063876,華新元富9C購01  ,0,0,0,0,0,0,0,0,0,577000,0,0,0,1003000,426000,577000,577000
062986,T50反1中信02購01,0,0,0,0,0,0,0,0,0,571000,0,0,0,699000,128000,571000,571000
060298,鎧勝元大9C購01  ,0,0,0,0,0,0,0,0,0,564000,0,0,0,651000,87000,564000,564000
2308,台達電          ,3714733,4222919,-508186,0,0,0,665000,2000,663000,407000,501000,90000,411000,29000,33000,-4000,561814
064149,美律統一02購01  ,0,0,0,0,0,0,0,0,0,559000,0,0,0,559000,0,559000,559000
064532,聯茂兆豐01購01  ,0,0,0,0,0,0,0,0,0,546000,0,0,0,727000,181000,546000,546000
060907,金像電元大9A購02,0,0,0,0,0,0,0,0,0,544000,0,0,0,560000,16000,544000,544000
4746,台耀            ,1048000,489000,559000,0,0,0,0,0,0,-17000,0,17000,-17000,0,0,0,542000
061694,玉山金群益9A購01,0,0,0,0,0,0,0,0,0,542000,0,0,0,543000,1000,542000,542000
060571,京元電永豐9A購01,0,0,0,0,0,0,0,0,0,541000,0,0,0,541000,0,541000,541000
2454,聯發科          ,3363168,3057196,305972,0,0,0,424000,6000,418000,-186000,18000,104000,-86000,27000,127000,-100000,537972
063674,力山國泰01購02  ,0,0,0,0,0,0,0,0,0,536000,0,0,0,831000,295000,536000,536000
062543,華通富邦9C購01  ,0,0,0,0,0,0,0,0,0,536000,0,0,0,602000,66000,536000,536000
057670,欣興元大99購02  ,0,0,0,0,0,0,0,0,0,529000,0,0,0,567000,38000,529000,529000
055826,中石化元大97購01,0,0,0,0,0,0,0,0,0,529000,0,0,0,530000,1000,529000,529000
063808,台表科兆豐9C購01,0,0,0,0,0,0,0,0,0,529000,0,0,0,656000,127000,529000,529000
064200,華通兆豐01購01  ,0,0,0,0,0,0,0,0,0,528000,0,0,0,628000,100000,528000,528000
064070,祥碩永豐9C購01  ,0,0,0,0,0,0,0,0,0,527000,0,0,0,552000,25000,527000,527000
064140,台達電統一01購01,0,0,0,0,0,0,0,0,0,525000,0,0,0,713000,188000,525000,525000
059796,台積電國票99購10,0,0,0,0,0,0,0,0,0,524000,0,0,0,528000,4000,524000,524000
059140,大立光兆豐9A購02,0,0,0,0,0,0,0,0,0,524000,0,0,0,534000,10000,524000,524000
060008,華邦電群益9A購01,0,0,0,0,0,0,0,0,0,521000,0,0,0,619000,98000,521000,521000
3029,零壹            ,2835000,2307000,528000,0,0,0,0,0,0,-11000,20000,31000,-11000,0,0,0,517000
057969,緯穎國泰99購01  ,0,0,0,0,0,0,0,0,0,517000,0,0,0,554000,37000,517000,517000
060867,智伸科永豐9A購01,0,0,0,0,0,0,0,0,0,516000,0,0,0,537000,21000,516000,516000
060012,電子類群益99購02,0,0,0,0,0,0,0,0,0,515000,0,0,0,515000,0,515000,515000
057716,神達統一98購01  ,0,0,0,0,0,0,0,0,0,514000,0,0,0,514000,0,514000,514000
063167,同欣電永豐9B購03,0,0,0,0,0,0,0,0,0,514000,0,0,0,526000,12000,514000,514000
1590,亞德客-KY       ,990150,542000,448150,0,0,0,100000,72000,28000,36000,0,7000,-7000,52000,9000,43000,512150
063516,香港反凱基03購01,0,0,0,0,0,0,0,0,0,511000,0,0,0,585000,74000,511000,511000
06878P,台灣50日盛9B售01,0,0,0,0,0,0,0,0,0,510000,0,0,0,787000,277000,510000,510000
059188,京元電富邦9B購01,0,0,0,0,0,0,0,0,0,510000,0,0,0,547000,37000,510000,510000
062227,南六統一01購02  ,0,0,0,0,0,0,0,0,0,505000,0,0,0,846000,341000,505000,505000
060807,新光金群益9A購01,0,0,0,0,0,0,0,0,0,503000,0,0,0,503000,0,503000,503000
1722,台肥            ,496000,512000,-16000,0,0,0,562000,1000,561000,-43000,0,41000,-41000,0,2000,-2000,502000
055458,燿華永豐98購01  ,0,0,0,0,0,0,0,0,0,500000,0,0,0,500000,0,500000,500000
053296,貿聯中信98購01  ,0,0,0,0,0,0,0,0,0,500000,0,0,0,500000,0,500000,500000
053131,華通國票97購03  ,0,0,0,0,0,0,0,0,0,500000,0,0,0,500000,0,500000,500000
063051,仁寶統一01購01  ,0,0,0,0,0,0,0,0,0,498000,0,0,0,508000,10000,498000,498000
064145,宏碁統一02購01  ,0,0,0,0,0,0,0,0,0,496000,0,0,0,979000,483000,496000,496000
057415,和碩日盛98購01  ,0,0,0,0,0,0,0,0,0,495000,0,0,0,495000,0,495000,495000
058605,華邦電元大99購04,0,0,0,0,0,0,0,0,0,492000,0,0,0,687000,195000,492000,492000
062904,台光電元大9B購06,0,0,0,0,0,0,0,0,0,492000,0,0,0,537000,45000,492000,492000
063327,燿華國票9C購02  ,0,0,0,0,0,0,0,0,0,491000,0,0,0,571000,80000,491000,491000
059128,友達中信99購02  ,0,0,0,0,0,0,0,0,0,484000,0,0,0,484000,0,484000,484000
063623,祥碩兆豐9B購02  ,0,0,0,0,0,0,0,0,0,483000,0,0,0,632000,149000,483000,483000
064171,燿華元富9C購01  ,0,0,0,0,0,0,0,0,0,482000,0,0,0,579000,97000,482000,482000
060956,超眾群益9A購01  ,0,0,0,0,0,0,0,0,0,481000,0,0,0,481000,0,481000,481000
063925,祥碩元富9C購01  ,0,0,0,0,0,0,0,0,0,481000,0,0,0,487000,6000,481000,481000
057217,奇力新群益99購01,0,0,0,0,0,0,0,0,0,480000,0,0,0,480000,0,480000,480000
062533,嘉澤統一9C購01  ,0,0,0,0,0,0,0,0,0,480000,0,0,0,482000,2000,480000,480000
062015,喬山永豐9B購01  ,0,0,0,0,0,0,0,0,0,477000,0,0,0,530000,53000,477000,477000
3014,聯陽            ,615000,176000,439000,0,0,0,0,0,0,35000,0,6000,-6000,67000,26000,41000,474000
060733,和大統一9C購01  ,0,0,0,0,0,0,0,0,0,472000,0,0,0,486000,14000,472000,472000
064477,南六國泰02購01  ,0,0,0,0,0,0,0,0,0,471000,0,0,0,541000,70000,471000,471000
061339,京元電元大9A購05,0,0,0,0,0,0,0,0,0,469000,0,0,0,469000,0,469000,469000
063705,臻鼎群益9B購03  ,0,0,0,0,0,0,0,0,0,469000,0,0,0,552000,83000,469000,469000
051849,旺宏中信98購01  ,0,0,0,0,0,0,0,0,0,467000,0,0,0,507000,40000,467000,467000
058766,力山兆豐99購01  ,0,0,0,0,0,0,0,0,0,466000,0,0,0,628000,162000,466000,466000
057581,元大金中信9A購01,0,0,0,0,0,0,0,0,0,464000,0,0,0,569000,105000,464000,464000
058514,潤泰全元大99購01,0,0,0,0,0,0,0,0,0,459000,0,0,0,498000,39000,459000,459000
063343,美律統一9C購01  ,0,0,0,0,0,0,0,0,0,459000,0,0,0,509000,50000,459000,459000
062527,美律統一01購01  ,0,0,0,0,0,0,0,0,0,457000,0,0,0,509000,52000,457000,457000
063449,全新統一9B購02  ,0,0,0,0,0,0,0,0,0,456000,0,0,0,511000,55000,456000,456000
063204,高鐵統一9C購01  ,0,0,0,0,0,0,0,0,0,453000,0,0,0,655000,202000,453000,453000
063113,聯茂兆豐9B購01  ,0,0,0,0,0,0,0,0,0,453000,0,0,0,500000,47000,453000,453000
060968,台灣50元大9C購28,0,0,0,0,0,0,0,0,0,451000,0,0,0,451000,0,451000,451000
063056,嘉澤統一9C購02  ,0,0,0,0,0,0,0,0,0,451000,0,0,0,456000,5000,451000,451000
062271,華通群益9C購02  ,0,0,0,0,0,0,0,0,0,451000,0,0,0,455000,4000,451000,451000
063874,志超永豐9C購01  ,0,0,0,0,0,0,0,0,0,445000,0,0,0,455000,10000,445000,445000
054134,強茂元大96購01  ,0,0,0,0,0,0,0,0,0,443000,0,0,0,497000,54000,443000,443000
063671,GIS統一01購01   ,0,0,0,0,0,0,0,0,0,443000,0,0,0,565000,122000,443000,443000
062981,祥碩元富9B購01  ,0,0,0,0,0,0,0,0,0,442000,0,0,0,462000,20000,442000,442000
062699,台積電元大01購02,0,0,0,0,0,0,0,0,0,442000,0,0,0,1157000,715000,442000,442000
059776,台灣50元大9C購17,0,0,0,0,0,0,0,0,0,441000,0,0,0,441000,0,441000,441000
062809,同欣電統一9C購01,0,0,0,0,0,0,0,0,0,440000,0,0,0,764000,324000,440000,440000
063356,台表科元富02購01,0,0,0,0,0,0,0,0,0,440000,0,0,0,581000,141000,440000,440000
061662,瑞儀永豐9A購02  ,0,0,0,0,0,0,0,0,0,439000,0,0,0,469000,30000,439000,439000
060143,台積電國票9B購03,0,0,0,0,0,0,0,0,0,437000,0,0,0,506000,69000,437000,437000
057713,美律統一99購01  ,0,0,0,0,0,0,0,0,0,435000,0,0,0,499000,64000,435000,435000
061661,京鼎永豐9A購02  ,0,0,0,0,0,0,0,0,0,435000,0,0,0,435000,0,435000,435000
063779,華邦電永豐9B購01,0,0,0,0,0,0,0,0,0,435000,0,0,0,503000,68000,435000,435000
063159,嘉澤國泰01購01  ,0,0,0,0,0,0,0,0,0,434000,0,0,0,434000,0,434000,434000
056227,奇力新凱基98購04,0,0,0,0,0,0,0,0,0,430000,0,0,0,430000,0,430000,430000
00639,富邦深100       ,323000,47000,276000,0,0,0,0,0,0,153000,190000,10000,180000,1278000,1305000,-27000,429000
060234,凱美元大9C購01  ,0,0,0,0,0,0,0,0,0,428000,0,0,0,430000,2000,428000,428000
1519,華城            ,815000,388000,427000,0,0,0,0,0,0,0,0,0,0,0,0,0,427000
060628,和大富邦9B購01  ,0,0,0,0,0,0,0,0,0,427000,0,0,0,469000,42000,427000,427000
064233,燿華統一9C購02  ,0,0,0,0,0,0,0,0,0,427000,0,0,0,947000,520000,427000,427000
061123,燿華永豐9A購01  ,0,0,0,0,0,0,0,0,0,426000,0,0,0,574000,148000,426000,426000
060421,華擎永豐9A購01  ,0,0,0,0,0,0,0,0,0,425000,0,0,0,430000,5000,425000,425000
064204,瑞儀兆豐01購01  ,0,0,0,0,0,0,0,0,0,425000,0,0,0,445000,20000,425000,425000
062017,京鼎永豐9B購01  ,0,0,0,0,0,0,0,0,0,423000,0,0,0,423000,0,423000,423000
061370,晶技國泰9C購01  ,0,0,0,0,0,0,0,0,0,421000,0,0,0,584000,163000,421000,421000
057704,台虹群益98購03  ,0,0,0,0,0,0,0,0,0,420000,0,0,0,498000,78000,420000,420000
062987,祥碩中信01購01  ,0,0,0,0,0,0,0,0,0,418000,0,0,0,418000,0,418000,418000
064227,和碩國票01購01  ,0,0,0,0,0,0,0,0,0,418000,0,0,0,418000,0,418000,418000
061306,瑞祺永豐9A購02  ,0,0,0,0,0,0,0,0,0,417000,0,0,0,502000,85000,417000,417000
2360,致茂            ,964000,542000,422000,0,0,0,18000,0,18000,-24000,20000,36000,-16000,2000,10000,-8000,416000
1733,五鼎            ,512000,98000,414000,0,0,0,0,0,0,0,0,0,0,0,0,0,414000
061094,彩晶統一9B購02  ,0,0,0,0,0,0,0,0,0,414000,0,0,0,414000,0,414000,414000
6213,聯茂            ,1719000,1206000,513000,0,0,0,64000,0,64000,-164000,138000,205000,-67000,44000,141000,-97000,413000
059051,和大凱基9A購01  ,0,0,0,0,0,0,0,0,0,413000,0,0,0,441000,28000,413000,413000
058091,欣興元大99購03  ,0,0,0,0,0,0,0,0,0,412000,0,0,0,432000,20000,412000,412000
064358,台達電統一01購02,0,0,0,0,0,0,0,0,0,412000,0,0,0,414000,2000,412000,412000
062327,燿華統一9B購02  ,0,0,0,0,0,0,0,0,0,412000,0,0,0,412000,0,412000,412000
057833,聯發科元富02購06,0,0,0,0,0,0,0,0,0,409000,0,0,0,409000,0,409000,409000
061457,TPK凱基9A購01   ,0,0,0,0,0,0,0,0,0,409000,0,0,0,409000,0,409000,409000
058773,和碩兆豐99購01  ,0,0,0,0,0,0,0,0,0,408000,0,0,0,408000,0,408000,408000
064057,緯穎統一02購01  ,0,0,0,0,0,0,0,0,0,408000,0,0,0,469000,61000,408000,408000
3380,明泰            ,709000,282000,427000,0,0,0,0,0,0,-20000,0,0,0,0,20000,-20000,407000
07482P,南亞科元富9A售04,0,0,0,0,0,0,0,0,0,407000,0,0,0,448000,41000,407000,407000
063804,華邦電兆豐01購01,0,0,0,0,0,0,0,0,0,405000,0,0,0,417000,12000,405000,405000
063112,祥碩兆豐9B購01  ,0,0,0,0,0,0,0,0,0,404000,0,0,0,494000,90000,404000,404000
056977,國巨群益9A購01  ,0,0,0,0,0,0,0,0,0,403000,0,0,0,403000,0,403000,403000
061170,南茂兆豐9B購01  ,0,0,0,0,0,0,0,0,0,403000,0,0,0,601000,198000,403000,403000
1305,華夏            ,716000,243000,473000,0,0,0,0,0,0,-71000,0,71000,-71000,0,0,0,402000
063641,泰鼎元大9B購04  ,0,0,0,0,0,0,0,0,0,401000,0,0,0,717000,316000,401000,401000
052291,鴻海元富97購02  ,0,0,0,0,0,0,0,0,0,400000,0,0,0,400000,0,400000,400000
054794,貿聯群益98購01  ,0,0,0,0,0,0,0,0,0,400000,0,0,0,400000,0,400000,400000
061373,華通富邦9A購02  ,0,0,0,0,0,0,0,0,0,400000,0,0,0,428000,28000,400000,400000
063228,聯茂群益9B購01  ,0,0,0,0,0,0,0,0,0,400000,0,0,0,400000,0,400000,400000
062392,國巨富邦02購01  ,0,0,0,0,0,0,0,0,0,400000,0,0,0,400000,0,400000,400000
054517,高鐵元大96購01  ,0,0,0,0,0,0,0,0,0,398000,0,0,0,398000,0,398000,398000
055496,高鐵元大97購02  ,0,0,0,0,0,0,0,0,0,398000,0,0,0,398000,0,398000,398000
058868,元油2X國票99購06,0,0,0,0,0,0,0,0,0,398000,0,0,0,398000,0,398000,398000
062879,美食兆豐9B購01  ,0,0,0,0,0,0,0,0,0,398000,0,0,0,484000,86000,398000,398000
063680,寶成富邦9C購01  ,0,0,0,0,0,0,0,0,0,398000,0,0,0,398000,0,398000,398000
064330,燿華元大9C購02  ,0,0,0,0,0,0,0,0,0,398000,0,0,0,506000,108000,398000,398000
064294,和大中信9C購01  ,0,0,0,0,0,0,0,0,0,397000,0,0,0,536000,139000,397000,397000
063511,南電群益9B購02  ,0,0,0,0,0,0,0,0,0,397000,0,0,0,398000,1000,397000,397000
06458P,玉晶光統一9A售02,0,0,0,0,0,0,0,0,0,396000,0,0,0,453000,57000,396000,396000
058722,台郡元富99購01  ,0,0,0,0,0,0,0,0,0,393000,0,0,0,478000,85000,393000,393000
062296,南六永豐9B購02  ,0,0,0,0,0,0,0,0,0,392000,0,0,0,407000,15000,392000,392000
054567,拓凱群益98購01  ,0,0,0,0,0,0,0,0,0,391000,0,0,0,494000,103000,391000,391000
063766,南茂元富9B購01  ,0,0,0,0,0,0,0,0,0,391000,0,0,0,523000,132000,391000,391000
064184,矽格富邦02購01  ,0,0,0,0,0,0,0,0,0,389000,0,0,0,389000,0,389000,389000
064056,GIS統一01購02   ,0,0,0,0,0,0,0,0,0,389000,0,0,0,410000,21000,389000,389000
062650,南電富邦01購01  ,0,0,0,0,0,0,0,0,0,389000,0,0,0,404000,15000,389000,389000
063433,臻鼎元富9B購01  ,0,0,0,0,0,0,0,0,0,387000,0,0,0,541000,154000,387000,387000
061282,台積電統一9C購06,0,0,0,0,0,0,0,0,0,385000,0,0,0,403000,18000,385000,385000
058585,S&P正2中信9B購02,0,0,0,0,0,0,0,0,0,385000,0,0,0,428000,43000,385000,385000
053294,聯發科中信9C購01,0,0,0,0,0,0,0,0,0,384000,0,0,0,628000,244000,384000,384000
064256,玉晶光國泰02購02,0,0,0,0,0,0,0,0,0,384000,0,0,0,566000,182000,384000,384000
062885,臻鼎兆豐9C購01  ,0,0,0,0,0,0,0,0,0,384000,0,0,0,646000,262000,384000,384000
058327,大毅統一9B購01  ,0,0,0,0,0,0,0,0,0,383000,0,0,0,604000,221000,383000,383000
061231,聚陽元大9A購02  ,0,0,0,0,0,0,0,0,0,382000,0,0,0,401000,19000,382000,382000
062167,燿華永豐9B購01  ,0,0,0,0,0,0,0,0,0,381000,0,0,0,381000,0,381000,381000
063886,南電元富9C購01  ,0,0,0,0,0,0,0,0,0,381000,0,0,0,389000,8000,381000,381000
062350,台表科群益9B購01,0,0,0,0,0,0,0,0,0,380000,0,0,0,412000,32000,380000,380000
062887,台積電群益9C購05,0,0,0,0,0,0,0,0,0,380000,0,0,0,380000,0,380000,380000
061379,鈺齊永豐9A購02  ,0,0,0,0,0,0,0,0,0,379000,0,0,0,386000,7000,379000,379000
053661,嘉澤凱基97購01  ,0,0,0,0,0,0,0,0,0,378000,0,0,0,378000,0,378000,378000
063153,南六元富9B購01  ,0,0,0,0,0,0,0,0,0,378000,0,0,0,556000,178000,378000,378000
062029,牧德群益9B購03  ,0,0,0,0,0,0,0,0,0,376000,0,0,0,426000,50000,376000,376000
055902,同欣電中信99購01,0,0,0,0,0,0,0,0,0,374000,0,0,0,1066000,692000,374000,374000
058456,京鼎永豐99購01  ,0,0,0,0,0,0,0,0,0,373000,0,0,0,373000,0,373000,373000
055746,同欣電元富97購01,0,0,0,0,0,0,0,0,0,371000,0,0,0,371000,0,371000,371000
058614,台郡元大9A購01  ,0,0,0,0,0,0,0,0,0,371000,0,0,0,514000,143000,371000,371000
058994,道瓊指元大99購01,0,0,0,0,0,0,0,0,0,370000,0,0,0,370000,0,370000,370000
063075,祥碩永豐9B購04  ,0,0,0,0,0,0,0,0,0,370000,0,0,0,371000,1000,370000,370000
062214,金寶統一01購01  ,0,0,0,0,0,0,0,0,0,369000,0,0,0,389000,20000,369000,369000
063583,GIS國泰01購01   ,0,0,0,0,0,0,0,0,0,369000,0,0,0,578000,209000,369000,369000
063470,泰鼎元大9B購03  ,0,0,0,0,0,0,0,0,0,368000,0,0,0,539000,171000,368000,368000
062265,南茂元大9B購01  ,0,0,0,0,0,0,0,0,0,368000,0,0,0,397000,29000,368000,368000
4958,臻鼎-KY         ,2137747,1794558,343189,0,0,0,297000,2000,295000,-271000,54000,226000,-172000,11000,110000,-99000,367189
063144,超眾統一9C購02  ,0,0,0,0,0,0,0,0,0,367000,0,0,0,448000,81000,367000,367000
057616,聯電凱基99購01  ,0,0,0,0,0,0,0,0,0,366000,0,0,0,422000,56000,366000,366000
060375,葡萄王元富9A購01,0,0,0,0,0,0,0,0,0,366000,0,0,0,1169000,803000,366000,366000
00676R,富邦臺灣加權反1 ,0,0,0,0,0,0,0,0,0,365000,0,0,0,2004000,1639000,365000,365000
063529,聯茂凱基9B購02  ,0,0,0,0,0,0,0,0,0,365000,0,0,0,407000,42000,365000,365000
062351,瑞祺群益9C購01  ,0,0,0,0,0,0,0,0,0,365000,0,0,0,380000,15000,365000,365000
061765,義隆元大9B購01  ,0,0,0,0,0,0,0,0,0,360000,0,0,0,360000,0,360000,360000
062406,臻鼎永豐9B購01  ,0,0,0,0,0,0,0,0,0,359000,0,0,0,360000,1000,359000,359000
056571,燿華元大98購02  ,0,0,0,0,0,0,0,0,0,358000,0,0,0,873000,515000,358000,358000
060058,牧德凱基9B購01  ,0,0,0,0,0,0,0,0,0,358000,0,0,0,385000,27000,358000,358000
058763,和碩群益99購01  ,0,0,0,0,0,0,0,0,0,358000,0,0,0,358000,0,358000,358000
062982,同欣電元富9B購01,0,0,0,0,0,0,0,0,0,358000,0,0,0,553000,195000,358000,358000
052152,創意富邦98購01  ,0,0,0,0,0,0,0,0,0,357000,0,0,0,357000,0,357000,357000
062954,世芯永豐9B購03  ,0,0,0,0,0,0,0,0,0,357000,0,0,0,405000,48000,357000,357000
064153,中壽統一9C購01  ,0,0,0,0,0,0,0,0,0,357000,0,0,0,357000,0,357000,357000
00752,中信中國50      ,7000,7000,0,0,0,0,0,0,0,353000,0,0,0,745000,392000,353000,353000
057184,群創元大98購05  ,0,0,0,0,0,0,0,0,0,353000,0,0,0,353000,0,353000,353000
064364,高鐵統一9C購02  ,0,0,0,0,0,0,0,0,0,353000,0,0,0,353000,0,353000,353000
062805,台勝科統一9C購01,0,0,0,0,0,0,0,0,0,353000,0,0,0,354000,1000,353000,353000
052777,燿華國票98購01  ,0,0,0,0,0,0,0,0,0,351000,0,0,0,624000,273000,351000,351000
058776,台積電國票9A購03,0,0,0,0,0,0,0,0,0,351000,0,0,0,751000,400000,351000,351000
055030,帆宣國泰99購02  ,0,0,0,0,0,0,0,0,0,350000,0,0,0,430000,80000,350000,350000
054163,燿華凱基97購02  ,0,0,0,0,0,0,0,0,0,350000,0,0,0,350000,0,350000,350000
056289,合勤控永豐97購01,0,0,0,0,0,0,0,0,0,350000,0,0,0,350000,0,350000,350000
062978,世芯元富9B購01  ,0,0,0,0,0,0,0,0,0,350000,0,0,0,374000,24000,350000,350000
054600,中壽台新97購01  ,0,0,0,0,0,0,0,0,0,349000,0,0,0,349000,0,349000,349000
063663,台光電統一9C購01,0,0,0,0,0,0,0,0,0,349000,0,0,0,349000,0,349000,349000
058769,友達兆豐99購01  ,0,0,0,0,0,0,0,0,0,348000,0,0,0,350000,2000,348000,348000
1783,和康生          ,605000,256000,349000,0,0,0,0,0,0,-2000,0,2000,-2000,0,0,0,347000
062207,牧德國票9B購02  ,0,0,0,0,0,0,0,0,0,345000,0,0,0,345000,0,345000,345000
058910,泰鼎元大99購03  ,0,0,0,0,0,0,0,0,0,343000,0,0,0,353000,10000,343000,343000
06771P,台灣50中信02售01,0,0,0,0,0,0,0,0,0,342000,0,0,0,350000,8000,342000,342000
061792,和大永豐9B購01  ,0,0,0,0,0,0,0,0,0,342000,0,0,0,355000,13000,342000,342000
055579,健策統一9A購01  ,0,0,0,0,0,0,0,0,0,341000,0,0,0,531000,190000,341000,341000
060503,技嘉元大9A購01  ,0,0,0,0,0,0,0,0,0,340000,0,0,0,375000,35000,340000,340000
061042,致新永豐9A購02  ,0,0,0,0,0,0,0,0,0,336000,0,0,0,394000,58000,336000,336000
057741,超眾富邦98購01  ,0,0,0,0,0,0,0,0,0,336000,0,0,0,336000,0,336000,336000
059139,全新兆豐9A購01  ,0,0,0,0,0,0,0,0,0,335000,0,0,0,336000,1000,335000,335000
063978,美食兆豐9C購01  ,0,0,0,0,0,0,0,0,0,335000,0,0,0,458000,123000,335000,335000
062057,華邦電統一01購01,0,0,0,0,0,0,0,0,0,334000,0,0,0,453000,119000,334000,334000
063390,嘉晶兆豐9B購01  ,0,0,0,0,0,0,0,0,0,333000,0,0,0,385000,52000,333000,333000
1762,中化生          ,1105000,959000,146000,0,0,0,184000,0,184000,0,0,0,0,0,0,0,330000
063885,南六元富9C購01  ,0,0,0,0,0,0,0,0,0,330000,0,0,0,349000,19000,330000,330000
063392,聯電群益9B購02  ,0,0,0,0,0,0,0,0,0,328000,0,0,0,360000,32000,328000,328000
063207,聯茂統一01購01  ,0,0,0,0,0,0,0,0,0,328000,0,0,0,618000,290000,328000,328000
063582,瑞祺國泰9C購01  ,0,0,0,0,0,0,0,0,0,328000,0,0,0,352000,24000,328000,328000
057197,立積台新98購01  ,0,0,0,0,0,0,0,0,0,327000,0,0,0,327000,0,327000,327000
059938,凱美永豐99購01  ,0,0,0,0,0,0,0,0,0,326000,0,0,0,326000,0,326000,326000
053537,玉晶光永豐98購02,0,0,0,0,0,0,0,0,0,323000,0,0,0,324000,1000,323000,323000
062722,京元電凱基9B購02,0,0,0,0,0,0,0,0,0,322000,0,0,0,328000,6000,322000,322000
1313,聯成            ,637000,302000,335000,0,0,0,0,0,0,-14000,0,14000,-14000,0,0,0,321000
056942,昇陽半元富98購01,0,0,0,0,0,0,0,0,0,321000,0,0,0,321000,0,321000,321000
052794,群創兆豐97購01  ,0,0,0,0,0,0,0,0,0,319000,0,0,0,319000,0,319000,319000
055987,台表科元富97購01,0,0,0,0,0,0,0,0,0,317000,0,0,0,327000,10000,317000,317000
057609,友訊元富98購01  ,0,0,0,0,0,0,0,0,0,317000,0,0,0,520000,203000,317000,317000
060695,同欣電麥證9A購01,0,0,0,327000,10000,317000,0,0,0,317000,0,0,0,327000,10000,317000,317000
057186,群創元大99購04  ,0,0,0,0,0,0,0,0,0,316000,0,0,0,316000,0,316000,316000
3376,新日興          ,282000,677000,-395000,0,0,0,512000,0,512000,197000,128000,16000,112000,97000,12000,85000,314000
062428,超眾統一9B購01  ,0,0,0,0,0,0,0,0,0,313000,0,0,0,323000,10000,313000,313000
057794,T50反1兆豐99購02,0,0,0,0,0,0,0,0,0,312000,0,0,0,312000,0,312000,312000
07122P,欣興凱基99售05  ,0,0,0,0,0,0,0,0,0,311000,0,0,0,420000,109000,311000,311000
060894,奇力新凱基9A購03,0,0,0,0,0,0,0,0,0,311000,0,0,0,332000,21000,311000,311000
056998,麗豐康和98購01  ,0,0,0,0,0,0,0,0,0,310000,0,0,0,310000,0,310000,310000
058848,台積電群益99購07,0,0,0,0,0,0,0,0,0,310000,0,0,0,310000,0,310000,310000
064350,茂林元大01購01  ,0,0,0,0,0,0,0,0,0,310000,0,0,0,310000,0,310000,310000
061164,燿華兆豐9B購01  ,0,0,0,0,0,0,0,0,0,309000,0,0,0,401000,92000,309000,309000
061900,志超永豐9B購01  ,0,0,0,0,0,0,0,0,0,309000,0,0,0,309000,0,309000,309000
062549,中租永豐9B購01  ,0,0,0,0,0,0,0,0,0,309000,0,0,0,443000,134000,309000,309000
057017,和大凱基98購01  ,0,0,0,0,0,0,0,0,0,307000,0,0,0,389000,82000,307000,307000
1905,華紙            ,441000,135000,306000,0,0,0,0,0,0,0,0,0,0,0,0,0,306000
058656,燿華中信99購01  ,0,0,0,0,0,0,0,0,0,306000,0,0,0,464000,158000,306000,306000
062172,南六永豐9B購01  ,0,0,0,0,0,0,0,0,0,306000,0,0,0,445000,139000,306000,306000
08484P,台灣50中信96售01,0,0,0,0,0,0,0,0,0,304000,0,0,0,304000,0,304000,304000
059766,同欣電永豐99購03,0,0,0,0,0,0,0,0,0,304000,0,0,0,340000,36000,304000,304000
061991,牧德元大9C購01  ,0,1000,-1000,0,0,0,0,0,0,305000,0,0,0,489000,184000,305000,304000
9945,潤泰新          ,1346680,1016000,330680,0,0,0,0,0,0,-28000,0,51000,-51000,23000,0,23000,302680
061612,南六統一9A購01  ,0,0,0,0,0,0,0,0,0,302000,0,0,0,608000,306000,302000,302000
062404,新唐永豐9B購01  ,0,0,0,0,0,0,0,0,0,302000,0,0,0,314000,12000,302000,302000
063077,巨大永豐9B購03  ,0,0,0,0,0,0,0,0,0,302000,0,0,0,371000,69000,302000,302000
063355,超眾元富9B購01  ,0,0,0,0,0,0,0,0,0,302000,0,0,0,302000,0,302000,302000
6197,佳必琪          ,356000,54000,302000,0,0,0,0,0,0,-1000,0,1000,-1000,0,0,0,301000
054894,GIS統一97購01   ,0,0,0,0,0,0,0,0,0,301000,0,0,0,400000,99000,301000,301000
061673,仁寶元大9B購01  ,0,0,0,0,0,0,0,0,0,301000,0,0,0,381000,80000,301000,301000
07319P,台積電凱基01售02,0,0,0,0,0,0,0,0,0,300000,0,0,0,301000,1000,300000,300000
043538,元石油國票97購01,0,0,0,0,0,0,0,0,0,300000,0,0,0,300000,0,300000,300000
058522,聯茂元大99購07  ,0,0,0,0,0,0,0,0,0,300000,0,0,0,444000,144000,300000,300000
059050,元油2X凱基9B購08,0,0,0,0,0,0,0,0,0,300000,0,0,0,300000,0,300000,300000
063393,華通群益9C購05  ,0,0,0,0,0,0,0,0,0,300000,0,0,0,300000,0,300000,300000
06307P,聚陽元富97售02  ,0,0,0,0,0,0,0,0,0,300000,0,0,0,300000,0,300000,300000
054556,世芯凱基99購01  ,0,0,0,0,0,0,0,0,0,299000,0,0,0,505000,206000,299000,299000
059101,康控統一9A購01  ,0,0,0,0,0,0,0,0,0,299000,0,0,0,311000,12000,299000,299000
059688,燿華永豐99購01  ,0,0,0,0,0,0,0,0,0,298000,0,0,0,308000,10000,298000,298000
061517,瑞祺永豐9A購03  ,0,0,0,0,0,0,0,0,0,297000,0,0,0,365000,68000,297000,297000
063539,世紀鋼統一9B購02,0,0,0,0,0,0,0,0,0,297000,0,0,0,331000,34000,297000,297000
06982P,義隆凱基99售02  ,0,0,0,0,0,0,0,0,0,296000,0,0,0,606000,310000,296000,296000
062984,致新元富9B購01  ,0,0,0,0,0,0,0,0,0,296000,0,0,0,424000,128000,296000,296000
064378,群創元富9C購01  ,0,0,0,0,0,0,0,0,0,295000,0,0,0,297000,2000,295000,295000
063076,柏文永豐9B購02  ,0,0,0,0,0,0,0,0,0,294000,0,0,0,330000,36000,294000,294000
062163,大毅國泰01購01  ,0,0,0,0,0,0,0,0,0,294000,0,0,0,427000,133000,294000,294000
056699,光罩國泰99購01  ,0,0,0,0,0,0,0,0,0,293000,0,0,0,310000,17000,293000,293000
057717,友訊元富98購02  ,0,0,0,0,0,0,0,0,0,293000,0,0,0,514000,221000,293000,293000
060402,神隆國泰9B購01  ,0,0,0,0,0,0,0,0,0,293000,0,0,0,1070000,777000,293000,293000
062337,台表科統一01購01,0,0,0,0,0,0,0,0,0,293000,0,0,0,358000,65000,293000,293000
064251,緯創元富9C購01  ,0,0,0,0,0,0,0,0,0,293000,0,0,0,352000,59000,293000,293000
058105,旺宏統一9A購02  ,0,0,0,0,0,0,0,0,0,292000,0,0,0,299000,7000,292000,292000
063175,燿華兆豐9C購01  ,0,0,0,0,0,0,0,0,0,292000,0,0,0,292000,0,292000,292000
062975,京鼎元富9B購01  ,0,0,0,0,0,0,0,0,0,292000,0,0,0,382000,90000,292000,292000
054164,強茂凱基98購01  ,0,0,0,0,0,0,0,0,0,291000,0,0,0,351000,60000,291000,291000
062423,聯發科統一9C購07,0,0,0,0,0,0,0,0,0,291000,0,0,0,450000,159000,291000,291000
07292P,臺股指凱基99售44,0,0,0,0,0,0,0,0,0,290000,0,0,0,320000,30000,290000,290000
00650L,FH香港正2       ,82000,82000,0,0,0,0,0,0,0,290000,0,0,0,933000,643000,290000,290000
062473,同欣電凱基9B購01,0,0,0,0,0,0,0,0,0,290000,0,0,0,358000,68000,290000,290000
062785,世芯元大9C購01  ,0,0,0,0,0,0,0,0,0,288000,0,0,0,332000,44000,288000,288000
063538,神達統一9C購01  ,0,0,0,0,0,0,0,0,0,288000,0,0,0,288000,0,288000,288000
063923,世芯元富9C購01  ,0,0,0,0,0,0,0,0,0,288000,0,0,0,314000,26000,288000,288000
064000,台郡兆豐9C購01  ,0,0,0,0,0,0,0,0,0,288000,0,0,0,384000,96000,288000,288000
051484,玉晶光凱基97購01,0,0,0,0,0,0,0,0,0,287000,0,0,0,315000,28000,287000,287000
054808,東元元大9A購01  ,0,0,0,0,0,0,0,0,0,287000,0,0,0,315000,28000,287000,287000
064264,智伸科永豐9C購01,0,0,0,0,0,0,0,0,0,287000,0,0,0,287000,0,287000,287000
063349,台郡統一9C購01  ,0,0,0,0,0,0,0,0,0,287000,0,0,0,443000,156000,287000,287000
2383,台光電          ,472000,509000,-37000,0,0,0,425000,0,425000,-102000,58000,131000,-73000,64000,93000,-29000,286000
056399,上証2X群益9C購01,0,0,0,0,0,0,0,0,0,286000,0,0,0,286000,0,286000,286000
055894,欣興統一97購03  ,0,0,0,0,0,0,0,0,0,286000,0,0,0,396000,110000,286000,286000
060817,華邦電台新9A購01,0,0,0,0,0,0,0,0,0,286000,0,0,0,311000,25000,286000,286000
064174,致新元富9C購02  ,0,0,0,0,0,0,0,0,0,286000,0,0,0,391000,105000,286000,286000
062836,同欣電群益9B購02,0,0,0,0,0,0,0,0,0,286000,0,0,0,306000,20000,286000,286000
056385,創意國泰99購01  ,0,0,0,0,0,0,0,0,0,284000,0,0,0,294000,10000,284000,284000
063749,聯發科國票9C購04,0,0,0,0,0,0,0,0,0,284000,0,0,0,400000,116000,284000,284000
1731,美吾華          ,356000,73000,283000,0,0,0,0,0,0,0,0,0,0,0,0,0,283000
060336,南電康和9A購01  ,0,0,0,0,0,0,0,0,0,283000,0,0,0,346000,63000,283000,283000
00861,元大全球未來通訊,35000,33000,2000,0,0,0,0,0,0,280000,0,230000,-230000,3377000,2867000,510000,282000
056271,嘉澤統一97購01  ,0,0,0,0,0,0,0,0,0,282000,0,0,0,282000,0,282000,282000
057663,國巨元大99購08  ,0,0,0,0,0,0,0,0,0,282000,0,0,0,282000,0,282000,282000
063322,台郡群益9B購02  ,0,0,0,0,0,0,0,0,0,281000,0,0,0,301000,20000,281000,281000
08228P,華擎國票9C售01  ,0,0,0,0,0,0,0,0,0,279000,0,0,0,281000,2000,279000,279000
063205,貿聯統一9C購01  ,0,0,0,0,0,0,0,0,0,279000,0,0,0,279000,0,279000,279000
062018,台勝科永豐9B購01,0,0,0,0,0,0,0,0,0,279000,0,0,0,347000,68000,279000,279000
07826P,台積電富邦9B售07,0,0,0,0,0,0,0,0,0,278000,0,0,0,278000,0,278000,278000
062606,聯電凱基9C購02  ,0,0,0,0,0,0,0,0,0,278000,0,0,0,304000,26000,278000,278000
063701,燿華群益9B購02  ,0,0,0,0,0,0,0,0,0,278000,0,0,0,451000,173000,278000,278000
056835,聯電元富99購01  ,0,0,0,0,0,0,0,0,0,277000,0,0,0,467000,190000,277000,277000
056089,同欣電統一98購01,0,0,0,0,0,0,0,0,0,275000,0,0,0,335000,60000,275000,275000
060259,潤泰全凱基9C購01,0,0,0,0,0,0,0,0,0,275000,0,0,0,295000,20000,275000,275000
058807,和大統一9B購01  ,0,0,0,0,0,0,0,0,0,275000,0,0,0,2375000,2100000,275000,275000
063154,南六元富9B購02  ,0,0,0,0,0,0,0,0,0,275000,0,0,0,492000,217000,275000,275000
062856,世芯永豐9B購02  ,0,0,0,0,0,0,0,0,0,275000,0,0,0,288000,13000,275000,275000
053821,群創群益98購08  ,0,0,0,0,0,0,0,0,0,274000,0,0,0,324000,50000,274000,274000
060195,旭富元富9A購02  ,0,0,0,0,0,0,0,0,0,274000,0,0,0,667000,393000,274000,274000
058660,樺漢中信9A購01  ,0,0,0,0,0,0,0,0,0,274000,0,0,0,307000,33000,274000,274000
00693U,街口S&P黃豆     ,43000,11000,32000,0,0,0,0,0,0,241000,0,0,0,305000,64000,241000,273000
063379,帆宣永豐9B購01  ,0,0,0,0,0,0,0,0,0,273000,0,0,0,284000,11000,273000,273000
064399,和大凱基02購01  ,0,0,0,0,0,0,0,0,0,272000,0,0,0,346000,74000,272000,272000
062427,嘉澤統一01購01  ,0,0,0,0,0,0,0,0,0,272000,0,0,0,489000,217000,272000,272000
061062,和大凱基9A購02  ,0,0,0,0,0,0,0,0,0,271000,0,0,0,301000,30000,271000,271000
064304,信邦兆豐01購01  ,0,0,0,0,0,0,0,0,0,271000,0,0,0,293000,22000,271000,271000
063383,億豐永豐9B購02  ,0,0,0,0,0,0,0,0,0,270000,0,0,0,270000,0,270000,270000
063373,晶技永豐9B購02  ,0,0,0,0,0,0,0,0,0,269000,0,0,0,269000,0,269000,269000
058546,玉晶光富邦9B購01,0,0,0,0,0,0,0,0,0,267000,0,0,0,325000,58000,267000,267000
062382,燿華國泰9C購01  ,0,0,0,0,0,0,0,0,0,267000,0,0,0,537000,270000,267000,267000
062117,燿華中信9B購01  ,0,0,0,0,0,0,0,0,0,267000,0,0,0,267000,0,267000,267000
061110,超眾元大9A購03  ,0,0,0,0,0,0,0,0,0,266000,0,0,0,273000,7000,266000,266000
063592,瑞祺永豐9B購02  ,0,0,0,0,0,0,0,0,0,266000,0,0,0,266000,0,266000,266000
062286,台郡群益9B購01  ,0,0,0,0,0,0,0,0,0,264000,0,0,0,264000,0,264000,264000
057719,欣興元富02購01  ,0,0,0,0,0,0,0,0,0,263000,0,0,0,458000,195000,263000,263000
062220,台光電統一01購01,5000,0,5000,0,0,0,0,0,0,258000,0,0,0,481000,223000,258000,263000
064354,同欣電元大9C購05,0,0,0,0,0,0,0,0,0,263000,0,0,0,301000,38000,263000,263000
057674,台郡元大99購03  ,0,0,0,0,0,0,0,0,0,262000,0,0,0,299000,37000,262000,262000
058615,矽創元大99購01  ,0,0,0,0,0,0,0,0,0,262000,0,0,0,290000,28000,262000,262000
064450,致茂統一01購01  ,0,0,0,0,0,0,0,0,0,260000,0,0,0,634000,374000,260000,260000
054550,旺宏凱基98購02  ,0,0,0,0,0,0,0,0,0,260000,0,0,0,260000,0,260000,260000
061114,南電元大9A購04  ,0,0,0,0,0,0,0,0,0,260000,0,0,0,291000,31000,260000,260000
060962,義隆凱基9B購01  ,0,0,0,0,0,0,0,0,0,260000,0,0,0,386000,126000,260000,260000
056848,泰鼎元富98購01  ,0,0,0,0,0,0,0,0,0,259000,0,0,0,300000,41000,259000,259000
063990,世芯永豐01購01  ,0,0,0,0,0,0,0,0,0,258000,0,0,0,283000,25000,258000,258000
063690,健鼎永豐9B購01  ,0,0,0,0,0,0,0,0,0,258000,0,0,0,268000,10000,258000,258000
064054,中租統一02購01  ,0,0,0,0,0,0,0,0,0,257000,0,0,0,315000,58000,257000,257000
057730,聯鈞國泰9A購01  ,0,0,0,0,0,0,0,0,0,256000,0,0,0,326000,70000,256000,256000
08190P,宏達電元富9B售04,0,0,0,0,0,0,0,0,0,255000,0,0,0,296000,41000,255000,255000
056177,嘉澤元富97購01  ,0,0,0,0,0,0,0,0,0,255000,0,0,0,365000,110000,255000,255000
060428,瑞祺永豐9A購01  ,0,0,0,0,0,0,0,0,0,255000,0,0,0,340000,85000,255000,255000
060312,潤泰全永豐9A購01,0,0,0,0,0,0,0,0,0,254000,0,0,0,254000,0,254000,254000
058328,世紀鋼統一9B購01,0,0,0,0,0,0,0,0,0,254000,0,0,0,399000,145000,254000,254000
063793,和大凱基9C購01  ,0,0,0,0,0,0,0,0,0,254000,0,0,0,257000,3000,254000,254000
062835,瑞儀群益9B購01  ,0,0,0,0,0,0,0,0,0,254000,0,0,0,254000,0,254000,254000
08209P,上銀元富9B售06  ,0,0,0,0,0,0,0,0,0,253000,0,0,0,280000,27000,253000,253000
060676,京元電元大9A購03,0,0,0,0,0,0,0,0,0,253000,0,0,0,256000,3000,253000,253000
062532,聯詠統一9C購01  ,0,0,0,0,0,0,0,0,0,253000,0,0,0,656000,403000,253000,253000
052986,聯發科元大97購05,0,0,0,0,0,0,0,0,0,252000,0,0,0,272000,20000,252000,252000
064466,聯電元富9C購01  ,0,0,0,0,0,0,0,0,0,251000,0,0,0,363000,112000,251000,251000
057606,健策統一98購03  ,0,0,0,0,0,0,0,0,0,251000,0,0,0,251000,0,251000,251000
063667,全新統一01購02  ,0,0,0,0,0,0,0,0,0,251000,0,0,0,376000,125000,251000,251000
056206,泰鼎永豐97購01  ,0,0,0,0,0,0,0,0,0,250000,0,0,0,313000,63000,250000,250000
061535,群創統一9C購01  ,0,0,0,0,0,0,0,0,0,249000,0,0,0,309000,60000,249000,249000
063780,高鐵永豐9B購02  ,0,0,0,0,0,0,0,0,0,249000,0,0,0,249000,0,249000,249000
08011P,玉晶光元大9B售05,0,0,0,0,0,0,0,0,0,247000,0,0,0,270000,23000,247000,247000
020012,富邦行動通訊N   ,0,0,0,0,0,0,0,0,0,247000,0,0,0,255000,8000,247000,247000
061956,和大統一01購01  ,0,0,0,0,0,0,0,0,0,247000,0,0,0,280000,33000,247000,247000
054088,華新群益98購02  ,0,0,0,0,0,0,0,0,0,246000,0,0,0,422000,176000,246000,246000
055809,T50反1國票98購02,0,0,0,0,0,0,0,0,0,246000,0,0,0,386000,140000,246000,246000
057776,京元電群益98購02,0,0,0,0,0,0,0,0,0,246000,0,0,0,282000,36000,246000,246000
06234P,亞德客元大97售02,0,0,0,0,0,0,0,0,0,246000,0,0,0,366000,120000,246000,246000
064461,致伸統一01購01  ,0,0,0,0,0,0,0,0,0,245000,0,0,0,245000,0,245000,245000
062541,臻鼎國泰01購01  ,0,0,0,0,0,0,0,0,0,245000,0,0,0,250000,5000,245000,245000
054819,裕民元大9A購01  ,0,0,0,0,0,0,0,0,0,244000,0,0,0,353000,109000,244000,244000
062942,嘉澤凱基9B購02  ,0,0,0,0,0,0,0,0,0,244000,0,0,0,254000,10000,244000,244000
063339,智邦統一01購01  ,0,0,0,0,0,0,0,0,0,244000,0,0,0,269000,25000,244000,244000
058698,華通元大99購05  ,0,0,0,0,0,0,0,0,0,243000,0,0,0,260000,17000,243000,243000
063288,泰鼎元大9B購02  ,0,0,0,0,0,0,0,0,0,242000,0,0,0,281000,39000,242000,242000
062687,華擎統一01購02  ,0,0,0,0,0,0,0,0,0,242000,0,0,0,272000,30000,242000,242000
062084,台郡元大9B購04  ,0,0,0,0,0,0,0,0,0,242000,0,0,0,255000,13000,242000,242000
07649P,金像電永豐9A售02,0,0,0,0,0,0,0,0,0,241000,0,0,0,485000,244000,241000,241000
054471,T50反1中信9C購01,0,0,0,0,0,0,0,0,0,241000,0,0,0,431000,190000,241000,241000
062594,祥碩統一01購02  ,0,0,0,0,0,0,0,0,0,241000,0,0,0,317000,76000,241000,241000
050283,T50反1凱基9A購01,0,0,0,0,0,0,0,0,0,240000,0,0,0,436000,196000,240000,240000
060658,台灣50凱基01購04,0,0,0,0,0,0,0,0,0,240000,0,0,0,240000,0,240000,240000
060888,金像電統一9C購01,0,0,0,0,0,0,0,0,0,240000,0,0,0,266000,26000,240000,240000
063311,喬山群益9B購01  ,0,0,0,0,0,0,0,0,0,240000,0,0,0,358000,118000,240000,240000
063475,同欣電元大9C購01,0,0,0,0,0,0,0,0,0,239000,0,0,0,432000,193000,239000,239000
053736,友達麥證96購01  ,0,0,0,238000,0,238000,0,0,0,238000,0,0,0,238000,0,238000,238000
056480,京鼎元大98購02  ,0,0,0,0,0,0,0,0,0,238000,0,0,0,238000,0,238000,238000
062943,世芯凱基9B購03  ,0,0,0,0,0,0,0,0,0,238000,0,0,0,316000,78000,238000,238000
06822P,上銀富邦99售03  ,0,0,0,0,0,0,0,0,0,237000,0,0,0,406000,169000,237000,237000
3052,夆典            ,458000,221000,237000,0,0,0,0,0,0,0,0,0,0,0,0,0,237000
055741,健策元富97購01  ,0,0,0,0,0,0,0,0,0,237000,0,0,0,237000,0,237000,237000
058973,麗豐永豐99購01  ,0,0,0,0,0,0,0,0,0,237000,0,0,0,237000,0,237000,237000
061553,南電群益9A購03  ,0,0,0,0,0,0,0,0,0,237000,0,0,0,237000,0,237000,237000
063774,GIS富邦9B購02   ,0,0,0,0,0,0,0,0,0,237000,0,0,0,874000,637000,237000,237000
064144,智邦統一01購02  ,0,0,0,0,0,0,0,0,0,237000,0,0,0,270000,33000,237000,237000
064452,微星統一01購02  ,0,0,0,0,0,0,0,0,0,236000,0,0,0,271000,35000,236000,236000
060901,臺股指凱基9A購13,0,0,0,0,0,0,0,0,0,236000,0,0,0,549000,313000,236000,236000
063062,群創元富9B購01  ,0,0,0,0,0,0,0,0,0,236000,0,0,0,259000,23000,236000,236000
064462,致伸統一02購01  ,0,0,0,0,0,0,0,0,0,235000,0,0,0,290000,55000,235000,235000
08318P,台積電台新01售01,0,0,0,0,0,0,0,0,0,235000,0,0,0,270000,35000,235000,235000
057347,國巨統一9A購03  ,0,0,0,0,0,0,0,0,0,235000,0,0,0,457000,222000,235000,235000
058025,聯茂國泰99購01  ,0,0,0,0,0,0,0,0,0,235000,0,0,0,271000,36000,235000,235000
063924,致新元富9C購01  ,0,0,0,0,0,0,0,0,0,235000,0,0,0,320000,85000,235000,235000
060514,南電元大9A購02  ,0,0,0,0,0,0,0,0,0,234000,0,0,0,239000,5000,234000,234000
064291,南六元大9C購04  ,0,0,0,0,0,0,0,0,0,234000,0,0,0,330000,96000,234000,234000
061824,聯電麥證9B購01  ,0,0,0,351000,117000,234000,0,0,0,234000,0,0,0,351000,117000,234000,234000
056472,美律元大99購03  ,0,0,0,0,0,0,0,0,0,233000,0,0,0,253000,20000,233000,233000
056492,全新國泰9A購01  ,0,0,0,0,0,0,0,0,0,233000,0,0,0,233000,0,233000,233000
060995,泰鼎元大9A購03  ,0,0,0,0,0,0,0,0,0,233000,0,0,0,299000,66000,233000,233000
062226,臻鼎統一9B購01  ,0,0,0,0,0,0,0,0,0,233000,0,0,0,268000,35000,233000,233000
062461,智伸科群益9B購01,0,0,0,0,0,0,0,0,0,232000,0,0,0,237000,5000,232000,232000
3026,禾伸堂          ,254000,256000,-2000,0,0,0,250000,0,250000,-17000,0,7000,-7000,24000,34000,-10000,231000
2436,偉詮電          ,497000,259000,238000,0,0,0,0,0,0,-7000,0,7000,-7000,0,0,0,231000
061140,華擎統一9C購01  ,0,0,0,0,0,0,0,0,0,231000,0,0,0,231000,0,231000,231000
055160,玉晶光元大99購03,0,0,0,0,0,0,0,0,0,230000,0,0,0,230000,0,230000,230000
062097,台光電永豐9B購01,0,0,0,0,0,0,0,0,0,230000,0,0,0,231000,1000,230000,230000
058926,勤誠元富99購01  ,0,0,0,0,0,0,0,0,0,229000,0,0,0,229000,0,229000,229000
062497,遠東新群益9B購01,0,0,0,0,0,0,0,0,0,228000,0,0,0,238000,10000,228000,228000
06286P,世芯國票97售02  ,0,0,0,0,0,0,0,0,0,228000,0,0,0,240000,12000,228000,228000
053449,超眾凱基98購01  ,0,0,0,0,0,0,0,0,0,227000,0,0,0,277000,50000,227000,227000
058838,國巨中信99購03  ,0,0,0,0,0,0,0,0,0,227000,0,0,0,237000,10000,227000,227000
050515,聯電元大96購01  ,0,0,0,0,0,0,0,0,0,226000,0,0,0,226000,0,226000,226000
046629,群創統一98購01  ,0,0,0,0,0,0,0,0,0,226000,0,0,0,276000,50000,226000,226000
056954,聯詠富邦9A購01  ,0,0,0,0,0,0,0,0,0,226000,0,0,0,659000,433000,226000,226000
061592,義隆永豐9A購03  ,0,0,0,0,0,0,0,0,0,226000,0,0,0,331000,105000,226000,226000
060133,牧德群益9B購01  ,0,0,0,0,0,0,0,0,0,226000,0,0,0,226000,0,226000,226000
060644,泰鼎永豐9A購02  ,0,0,0,0,0,0,0,0,0,226000,0,0,0,259000,33000,226000,226000
064150,全新統一01購03  ,0,0,0,0,0,0,0,0,0,226000,0,0,0,246000,20000,226000,226000
063454,瑞儀統一9B購01  ,0,0,0,0,0,0,0,0,0,226000,0,0,0,263000,37000,226000,226000
063438,聚陽統一9C購01  ,0,0,0,0,0,0,0,0,0,226000,0,0,0,395000,169000,226000,226000
07981P,上銀群益9B售04  ,0,0,0,0,0,0,0,0,0,223000,0,0,0,333000,110000,223000,223000
060683,泰鼎元大9A購02  ,0,0,0,0,0,0,0,0,0,223000,0,0,0,245000,22000,223000,223000
058140,臻鼎元大99購02  ,0,0,0,0,0,0,0,0,0,223000,0,0,0,233000,10000,223000,223000
05268P,玉晶光元大98售01,0,0,0,0,0,0,0,0,0,222000,0,0,0,423000,201000,222000,222000
058658,瑞儀中信99購01  ,0,0,0,0,0,0,0,0,0,222000,0,0,0,242000,20000,222000,222000
063898,旭富群益9C購01  ,0,0,0,0,0,0,0,0,0,221000,0,0,0,379000,158000,221000,221000
063085,嘉澤凱基9C購01  ,0,0,0,0,0,0,0,0,0,221000,0,0,0,221000,0,221000,221000
07892P,臺股指國票9B售02,0,0,0,0,0,0,0,0,0,220000,0,0,0,220000,0,220000,220000
064464,台郡統一01購01  ,0,0,0,0,0,0,0,0,0,220000,0,0,0,260000,40000,220000,220000
063087,南六凱基9C購02  ,0,0,0,0,0,0,0,0,0,220000,0,0,0,241000,21000,220000,220000
062950,貿聯富邦01購01  ,0,0,0,0,0,0,0,0,0,220000,0,0,0,240000,20000,220000,220000
062537,聯電國泰9C購01  ,0,0,0,0,0,0,0,0,0,220000,0,0,0,318000,98000,220000,220000
062730,致伸凱基9B購01  ,0,30000,-30000,0,0,0,0,0,0,249000,0,0,0,280000,31000,249000,219000
056852,矽格元富98購01  ,0,0,0,0,0,0,0,0,0,218000,0,0,0,278000,60000,218000,218000
058012,鈺齊國票99購01  ,0,0,0,0,0,0,0,0,0,217000,0,0,0,222000,5000,217000,217000
058023,南電凱基98購02  ,0,0,0,0,0,0,0,0,0,217000,0,0,0,222000,5000,217000,217000
062911,聯詠元大9B購03  ,0,0,0,0,0,0,0,0,0,217000,0,0,0,271000,54000,217000,217000
061607,台表科凱基9B購02,0,0,0,0,0,0,0,0,0,216000,0,0,0,238000,22000,216000,216000
07535P,上銀元富9A售03  ,0,0,0,0,0,0,0,0,0,215000,0,0,0,600000,385000,215000,215000
061005,可成兆豐9A購01  ,0,0,0,0,0,0,0,0,0,215000,0,0,0,230000,15000,215000,215000
060243,潤泰全元大9C購02,0,0,0,0,0,0,0,0,0,215000,0,0,0,335000,120000,215000,215000
062293,麗豐永豐9B購01  ,0,0,0,0,0,0,0,0,0,215000,0,0,0,215000,0,215000,215000
056941,台郡元富9B購01  ,0,0,0,0,0,0,0,0,0,214000,0,0,0,311000,97000,214000,214000
060242,潤泰全元大9C購01,0,0,0,0,0,0,0,0,0,214000,0,0,0,293000,79000,214000,214000
064218,南六凱基01購01  ,0,0,0,0,0,0,0,0,0,214000,0,0,0,230000,16000,214000,214000
057357,超眾統一98購01  ,0,0,0,0,0,0,0,0,0,213000,0,0,0,219000,6000,213000,213000
057875,京鼎元大98購03  ,0,0,0,0,0,0,0,0,0,213000,0,0,0,218000,5000,213000,213000
063612,金像電群益9B購04,0,0,0,0,0,0,0,0,0,213000,0,0,0,213000,0,213000,213000
062059,聯發科統一9C購06,0,0,0,0,0,0,0,0,0,213000,0,0,0,213000,0,213000,213000
062808,祥碩統一9C購01  ,0,0,0,0,0,0,0,0,0,213000,0,0,0,234000,21000,213000,213000
062972,京元電元富9B購01,0,0,0,0,0,0,0,0,0,213000,0,0,0,213000,0,213000,213000
8926,台汽電          ,398000,127000,271000,0,0,0,0,0,0,-58000,32000,109000,-77000,39000,20000,19000,213000
058526,鈺齊元大99購02  ,0,0,0,0,0,0,0,0,0,212000,0,0,0,212000,0,212000,212000
053568,智伸科富邦98購01,0,0,0,0,0,0,0,0,0,212000,0,0,0,489000,277000,212000,212000
060537,台灣50凱基9B購01,0,0,0,0,0,0,0,0,0,212000,0,0,0,213000,1000,212000,212000
062407,同欣電永豐9B購01,0,0,0,0,0,0,0,0,0,212000,0,0,0,212000,0,212000,212000
054137,聯詠元大97購02  ,0,0,0,0,0,0,0,0,0,211000,0,0,0,211000,0,211000,211000
056742,玉晶光凱基9A購01,0,0,0,0,0,0,0,0,0,211000,0,0,0,221000,10000,211000,211000
058801,致伸元大99購01  ,0,0,0,0,0,0,0,0,0,211000,0,0,0,351000,140000,211000,211000
062748,祥碩永豐9B購02  ,0,0,0,0,0,0,0,0,0,211000,0,0,0,213000,2000,211000,211000
062651,世紀鋼富邦9C購01,0,0,0,0,0,0,0,0,0,211000,0,0,0,346000,135000,211000,211000
063901,緯穎群益9C購01  ,0,0,0,0,0,0,0,0,0,211000,0,0,0,222000,11000,211000,211000
064469,臻鼎元富9C購01  ,0,0,0,0,0,0,0,0,0,210000,0,0,0,350000,140000,210000,210000
056774,和鑫元大98購01  ,0,0,0,0,0,0,0,0,0,210000,0,0,0,210000,0,210000,210000
057585,鴻海國票99購05  ,0,0,0,0,0,0,0,0,0,210000,0,0,0,210000,0,210000,210000
061340,義隆元大9A購01  ,0,0,0,0,0,0,0,0,0,210000,0,0,0,240000,30000,210000,210000
060784,鴻海富邦9C購01  ,0,0,0,0,0,0,0,0,0,210000,0,0,0,230000,20000,210000,210000
058670,鴻海群益9A購03  ,0,0,0,0,0,0,0,0,0,210000,0,0,0,210000,0,210000,210000
063447,聯發科統一9B購12,0,0,0,0,0,0,0,0,0,210000,0,0,0,254000,44000,210000,210000
00651R,FH香港反1       ,20000,16000,4000,0,0,0,0,0,0,205000,700000,0,700000,539000,1034000,-495000,209000
058928,國巨統一9C購01  ,0,0,0,0,0,0,0,0,0,209000,0,0,0,319000,110000,209000,209000
064228,同欣電國票01購01,0,5000,-5000,0,0,0,0,0,0,214000,0,0,0,382000,168000,214000,209000
062091,世紀鋼元大9B購01,0,0,0,0,0,0,0,0,0,209000,0,0,0,259000,50000,209000,209000
056566,臻鼎群益98購01  ,0,0,0,0,0,0,0,0,0,208000,0,0,0,218000,10000,208000,208000
057199,台達電元富02購01,0,0,0,0,0,0,0,0,0,208000,0,0,0,208000,0,208000,208000
059039,致伸群益99購01  ,0,0,0,0,0,0,0,0,0,208000,0,0,0,271000,63000,208000,208000
061886,力山國泰01購01  ,0,0,0,0,0,0,0,0,0,208000,0,0,0,541000,333000,208000,208000
063262,南六富邦9C購01  ,0,0,0,0,0,0,0,0,0,207000,0,0,0,656000,449000,207000,207000
063265,瑞祺永豐9B購01  ,0,0,0,0,0,0,0,0,0,207000,0,0,0,208000,1000,207000,207000
051732,華通國票97購01  ,0,0,0,0,0,0,0,0,0,206000,0,0,0,206000,0,206000,206000
063917,南六凱基02購01  ,0,0,0,0,0,0,0,0,0,206000,0,0,0,212000,6000,206000,206000
056579,麗豐元大99購01  ,0,0,0,0,0,0,0,0,0,205000,0,0,0,572000,367000,205000,205000
060816,世紀鋼凱基9C購02,0,0,0,0,0,0,0,0,0,205000,0,0,0,205000,0,205000,205000
061997,台郡元大9B購03  ,0,0,0,0,0,0,0,0,0,205000,0,0,0,309000,104000,205000,205000
064097,友訊群益9C購01  ,0,0,0,0,0,0,0,0,0,204000,0,0,0,204000,0,204000,204000
056943,華通統一99購01  ,0,0,0,0,0,0,0,0,0,203000,0,0,0,214000,11000,203000,203000
061647,南六元大9A購03  ,0,0,0,0,0,0,0,0,0,203000,0,0,0,268000,65000,203000,203000
063427,南六凱基9B購04  ,0,0,0,0,0,0,0,0,0,203000,0,0,0,222000,19000,203000,203000
063340,英業達統一9B購01,0,0,0,0,0,0,0,0,0,203000,0,0,0,256000,53000,203000,203000
063658,瑞祺元富9B購01  ,0,0,0,0,0,0,0,0,0,203000,0,0,0,291000,88000,203000,203000
057712,南亞科統一9A購01,0,0,0,0,0,0,0,0,0,202000,0,0,0,270000,68000,202000,202000
063933,TPK統一01購01   ,0,0,0,0,0,0,0,0,0,202000,0,0,0,202000,0,202000,202000
062319,南六凱基9B購02  ,0,0,0,0,0,0,0,0,0,202000,0,0,0,273000,71000,202000,202000
4164,承業醫          ,387000,186000,201000,0,0,0,0,0,0,0,22000,22000,0,0,0,0,201000
060327,美律群益9A購02  ,0,0,0,0,0,0,0,0,0,201000,0,0,0,201000,0,201000,201000
061707,超眾國票9B購01  ,0,0,0,0,0,0,0,0,0,201000,0,0,0,201000,0,201000,201000
062828,聯詠群益9B購02  ,0,0,0,0,0,0,0,0,0,201000,0,0,0,243000,42000,201000,201000
064571,帆宣群益9C購01  ,0,0,0,0,0,0,0,0,0,200000,0,0,0,200000,0,200000,200000
07947P,國巨統一9B售12  ,0,0,0,0,0,0,0,0,0,200000,0,0,0,200000,0,200000,200000
07687P,上銀元大9A售06  ,0,0,0,0,0,0,0,0,0,200000,0,0,0,200000,0,200000,200000
054828,正崴國泰99購01  ,0,0,0,0,0,0,0,0,0,200000,0,0,0,200000,0,200000,200000
054999,玉晶光元富97購03,0,0,0,0,0,0,0,0,0,200000,0,0,0,200000,0,200000,200000
055121,鴻海兆豐97購03  ,0,0,0,0,0,0,0,0,0,200000,0,0,0,200000,0,200000,200000
057512,華邦電台新98購01,0,0,0,0,0,0,0,0,0,200000,0,0,0,210000,10000,200000,200000
062609,帆宣凱基9B購01  ,0,0,0,0,0,0,0,0,0,200000,0,0,0,209000,9000,200000,200000
063432,金寶元富9B購01  ,0,0,0,0,0,0,0,0,0,200000,0,0,0,285000,85000,200000,200000
06545P,致茂元大98售01  ,0,0,0,0,0,0,0,0,0,199000,0,0,0,199000,0,199000,199000
053094,聯電統一97購02  ,0,0,0,0,0,0,0,0,0,199000,0,0,0,199000,0,199000,199000
061548,聯詠群益9A購02  ,0,0,0,0,0,0,0,0,0,199000,0,0,0,199000,0,199000,199000
061465,聯詠群益9A購01  ,0,0,0,0,0,0,0,0,0,199000,0,0,0,199000,0,199000,199000
063286,嘉澤元大9B購04  ,0,0,0,0,0,0,0,0,0,199000,0,0,0,226000,27000,199000,199000
063715,鈺齊凱基9C購01  ,0,0,0,0,0,0,0,0,0,199000,0,0,0,289000,90000,199000,199000
061043,百和永豐9A購01  ,0,0,0,0,0,0,0,0,0,198000,0,0,0,198000,0,198000,198000
062360,華邦電元大9B購01,0,0,0,0,0,0,0,0,0,198000,0,0,0,251000,53000,198000,198000
064441,嘉澤凱基9C購02  ,0,0,0,0,0,0,0,0,0,197000,0,0,0,270000,73000,197000,197000
1604,聲寶            ,356000,159000,197000,0,0,0,0,0,0,0,0,0,0,0,0,0,197000
060239,國揚元大9C購01  ,0,0,0,0,0,0,0,0,0,197000,0,0,0,197000,0,197000,197000
063208,鈺齊統一9C購01  ,0,0,0,0,0,0,0,0,0,197000,0,0,0,341000,144000,197000,197000
06899P,嘉澤群益98售01  ,0,0,0,0,0,0,0,0,0,196000,0,0,0,200000,4000,196000,196000
053095,台光電統一98購01,0,0,0,0,0,0,0,0,0,196000,0,0,0,196000,0,196000,196000
046949,群創元大99購01  ,0,0,0,0,0,0,0,0,0,196000,0,0,0,200000,4000,196000,196000
061597,南六永豐9A購04  ,0,0,0,0,0,0,0,0,0,196000,0,0,0,201000,5000,196000,196000
063314,美律群益9B購01  ,0,0,0,0,0,0,0,0,0,196000,0,0,0,199000,3000,196000,196000
062181,義隆元大9B購03  ,0,0,0,0,0,0,0,0,0,196000,0,0,0,369000,173000,196000,196000
063120,台光電元大9C購01,0,0,0,0,0,0,0,0,0,196000,0,0,0,216000,20000,196000,196000
054803,味全元大9A購01  ,0,0,0,0,0,0,0,0,0,195000,0,0,0,290000,95000,195000,195000
056559,華通群益98購02  ,0,0,0,0,0,0,0,0,0,194000,0,0,0,216000,22000,194000,194000
2520,冠德            ,404000,266000,138000,0,0,0,0,0,0,55000,60000,5000,55000,0,0,0,193000
056715,瀚宇博永豐98購01,0,0,0,0,0,0,0,0,0,193000,0,0,0,222000,29000,193000,193000
055896,南電統一97購02  ,0,0,0,0,0,0,0,0,0,193000,0,0,0,210000,17000,193000,193000
056497,GIS國泰99購01   ,0,0,0,0,0,0,0,0,0,193000,0,0,0,209000,16000,193000,193000
064112,宏碁國票01購01  ,0,0,0,0,0,0,0,0,0,193000,0,0,0,348000,155000,193000,193000
061418,世紀鋼群益9A購02,0,0,0,0,0,0,0,0,0,192000,0,0,0,696000,504000,192000,192000
063100,聚陽群益9C購02  ,0,0,0,0,0,0,0,0,0,192000,0,0,0,193000,1000,192000,192000
062524,鴻海統一9C購09  ,0,0,0,0,0,0,0,0,0,192000,0,0,0,192000,0,192000,192000
056676,國產元富98購01  ,0,0,0,0,0,0,0,0,0,191000,0,0,0,306000,115000,191000,191000
061054,台積電群益9A購04,0,0,0,0,0,0,0,0,0,191000,0,0,0,212000,21000,191000,191000
060684,同欣電元大9A購01,0,0,0,0,0,0,0,0,0,191000,0,0,0,191000,0,191000,191000
062035,瑞祺群益9B購01  ,0,0,0,0,0,0,0,0,0,191000,0,0,0,191000,0,191000,191000
063883,超眾元富9C購02  ,0,0,0,0,0,0,0,0,0,191000,0,0,0,191000,0,191000,191000
064710,元金2X統一03購01,0,0,0,0,0,0,0,0,0,190000,0,0,0,200000,10000,190000,190000
056619,強茂永豐98購01  ,0,0,0,0,0,0,0,0,0,190000,0,0,0,196000,6000,190000,190000
057002,友達國票98購01  ,0,0,0,0,0,0,0,0,0,190000,0,0,0,220000,30000,190000,190000
058143,瑞儀元大99購02  ,0,0,0,0,0,0,0,0,0,190000,0,0,0,213000,23000,190000,190000
063250,同欣電元大9B購03,0,0,0,0,0,0,0,0,0,190000,0,0,0,226000,36000,190000,190000
063035,燿華凱基9B購02  ,0,0,0,0,0,0,0,0,0,190000,0,0,0,191000,1000,190000,190000
07210P,智邦凱基99售03  ,0,0,0,0,0,0,0,0,0,189000,0,0,0,200000,11000,189000,189000
060896,晶技凱基9A購02  ,0,0,0,0,0,0,0,0,0,189000,0,0,0,189000,0,189000,189000
063672,GIS統一9C購01   ,0,0,0,0,0,0,0,0,0,189000,0,0,0,325000,136000,189000,189000
063947,大毅元大9C購02  ,0,0,0,0,0,0,0,0,0,189000,0,0,0,253000,64000,189000,189000
057207,立積元富98購02  ,0,0,0,0,0,0,0,0,0,188000,0,0,0,228000,40000,188000,188000
059485,台灣50兆豐99購02,0,0,0,0,0,0,0,0,0,188000,0,0,0,188000,0,188000,188000
059515,牧德永豐99購01  ,0,0,0,0,0,0,0,0,0,188000,0,0,0,190000,2000,188000,188000
055176,大毅統一98購02  ,0,0,0,0,0,0,0,0,0,188000,0,0,0,218000,30000,188000,188000
051929,GIS中信96購01   ,0,0,0,0,0,0,0,0,0,188000,0,0,0,188000,0,188000,188000
060468,聯鈞元大9A購02  ,0,0,0,0,0,0,0,0,0,188000,0,0,0,188000,0,188000,188000
062309,燿華凱基9B購01  ,0,0,0,0,0,0,0,0,0,188000,0,0,0,218000,30000,188000,188000
060115,南電元大99購06  ,0,0,0,0,0,0,0,0,0,187000,0,0,0,187000,0,187000,187000
061663,南六永豐9A購05  ,0,0,0,0,0,0,0,0,0,187000,0,0,0,210000,23000,187000,187000
062007,台光電國泰9C購01,0,0,0,0,0,0,0,0,0,187000,0,0,0,199000,12000,187000,187000
063258,緯穎國泰9C購01  ,0,0,0,0,0,0,0,0,0,187000,0,0,0,212000,25000,187000,187000
063548,同欣電兆豐9B購01,0,0,0,0,0,0,0,0,0,186000,0,0,0,232000,46000,186000,186000
063994,台光電群益9C購01,0,0,0,0,0,0,0,0,0,186000,0,0,0,256000,70000,186000,186000
058901,美律元大99購07  ,0,0,0,0,0,0,0,0,0,185000,0,0,0,185000,0,185000,185000
060297,和碩元大9A購02  ,0,0,0,0,0,0,0,0,0,185000,0,0,0,185000,0,185000,185000
063307,同欣電凱基9B購02,0,0,0,0,0,0,0,0,0,185000,0,0,0,270000,85000,185000,185000
063760,聯詠統一9C購02  ,0,0,0,0,0,0,0,0,0,184000,0,0,0,313000,129000,184000,184000
062363,燿華元大9B購03  ,0,0,0,0,0,0,0,0,0,184000,0,0,0,198000,14000,184000,184000
062136,南亞科群益9B購01,0,0,0,0,0,0,0,0,0,184000,0,0,0,184000,0,184000,184000
062246,力山元大9B購02  ,0,0,0,0,0,0,0,0,0,184000,0,0,0,240000,56000,184000,184000
063042,同欣電凱基9C購01,0,0,0,0,0,0,0,0,0,184000,0,0,0,247000,63000,184000,184000
1417,嘉裕            ,203000,17000,186000,0,0,0,0,0,0,-3000,0,3000,-3000,0,0,0,183000
062793,鴻海統一9B購06  ,0,0,0,0,0,0,0,0,0,183000,0,0,0,183000,0,183000,183000
064443,同欣電凱基03購01,0,0,0,0,0,0,0,0,0,182000,0,0,0,242000,60000,182000,182000
054466,欣興凱基97購03  ,0,0,0,0,0,0,0,0,0,182000,0,0,0,182000,0,182000,182000
056883,美食康和98購01  ,0,0,0,0,0,0,0,0,0,182000,0,0,0,182000,0,182000,182000
060566,聯詠富邦9C購01  ,0,0,0,0,0,0,0,0,0,182000,0,0,0,182000,0,182000,182000
061030,喬山永豐9A購01  ,0,0,0,0,0,0,0,0,0,182000,0,0,0,227000,45000,182000,182000
062569,南電中信01購01  ,0,0,0,0,0,0,0,0,0,182000,0,0,0,192000,10000,182000,182000
07081P,南電群益9A售01  ,0,0,0,0,0,0,0,0,0,181000,0,0,0,257000,76000,181000,181000
4155,訊映            ,217000,36000,181000,0,0,0,0,0,0,0,0,0,0,0,0,0,181000
054827,宏全元大9A購01  ,0,0,0,0,0,0,0,0,0,181000,0,0,0,186000,5000,181000,181000
059090,台新金元大99購01,0,0,0,0,0,0,0,0,0,181000,0,0,0,204000,23000,181000,181000
063384,巨大永豐9B購04  ,0,0,0,0,0,0,0,0,0,181000,0,0,0,226000,45000,181000,181000
06779P,智邦元大98售12  ,0,0,0,0,0,0,0,0,0,180000,0,0,0,250000,70000,180000,180000
055586,旺宏元大98購06  ,0,0,0,0,0,0,0,0,0,180000,0,0,0,190000,10000,180000,180000
055672,國巨日盛97購02  ,0,0,0,0,0,0,0,0,0,180000,0,0,0,180000,0,180000,180000
058123,亞光國票9A購01  ,0,0,0,0,0,0,0,0,0,180000,0,0,0,218000,38000,180000,180000
063634,台光電元大9B購09,0,0,0,0,0,0,0,0,0,180000,0,0,0,186000,6000,180000,180000
064064,義隆富邦03購01  ,0,0,0,0,0,0,0,0,0,180000,0,0,0,303000,123000,180000,180000
057366,智邦元大98購08  ,0,0,0,0,0,0,0,0,0,179000,0,0,0,180000,1000,179000,179000
063873,南六永豐9C購01  ,0,0,0,0,0,0,0,0,0,179000,0,0,0,211000,32000,179000,179000
063662,上銀統一01購03  ,0,0,0,0,0,0,0,0,0,179000,0,0,0,212000,33000,179000,179000
055398,超眾統一97購03  ,0,0,0,0,0,0,0,0,0,178000,0,0,0,178000,0,178000,178000
058189,嘉澤永豐99購01  ,0,0,0,0,0,0,0,0,0,178000,0,0,0,238000,60000,178000,178000
061616,鴻海群益9A購07  ,0,0,0,0,0,0,0,0,0,178000,0,0,0,282000,104000,178000,178000
063976,正崴兆豐9C購01  ,0,0,0,0,0,0,0,0,0,178000,0,0,0,188000,10000,178000,178000
062617,京鼎元大9B購01  ,0,0,0,0,0,0,0,0,0,178000,0,0,0,268000,90000,178000,178000
062331,大立光統一9B購10,0,0,0,0,0,0,0,0,0,178000,0,0,0,178000,0,178000,178000
2471,資通            ,258000,81000,177000,0,0,0,0,0,0,0,0,0,0,0,0,0,177000
056515,燿華兆豐99購01  ,0,0,0,0,0,0,0,0,0,177000,0,0,0,177000,0,177000,177000
051277,聯發科中信9A購01,0,0,0,0,0,0,0,0,0,177000,0,0,0,177000,0,177000,177000
060431,復盛永豐9A購01  ,0,0,0,0,0,0,0,0,0,177000,0,0,0,178000,1000,177000,177000
062384,聯詠國泰9C購01  ,0,0,0,0,0,0,0,0,0,177000,0,0,0,177000,0,177000,177000
062732,南六凱基9B購03  ,0,0,0,0,0,0,0,0,0,177000,0,0,0,183000,6000,177000,177000
063649,南六元大9C購02  ,0,0,0,0,0,0,0,0,0,177000,0,0,0,270000,93000,177000,177000
9136,巨騰-DR         ,182000,5000,177000,0,0,0,0,0,0,0,0,0,0,0,0,0,177000
1477,聚陽            ,999589,838000,161589,0,0,0,0,0,0,15000,62000,36000,26000,9000,20000,-11000,176589
060510,大立光元大9A購03,0,0,0,0,0,0,0,0,0,176000,0,0,0,200000,24000,176000,176000
061269,嘉澤凱基9A購01  ,0,0,0,0,0,0,0,0,0,176000,0,0,0,180000,4000,176000,176000
058707,泰鼎元大99購02  ,0,0,0,0,0,0,0,0,0,176000,0,0,0,267000,91000,176000,176000
058495,元大金群益9B購01,0,0,0,0,0,0,0,0,0,175000,0,0,0,268000,93000,175000,175000
057745,泰鼎永豐99購01  ,0,0,0,0,0,0,0,0,0,175000,0,0,0,278000,103000,175000,175000
060296,和碩元大9A購01  ,0,0,0,0,0,0,0,0,0,175000,0,0,0,175000,0,175000,175000
062385,玉晶光國泰01購01,0,0,0,0,0,0,0,0,0,175000,0,0,0,302000,127000,175000,175000
053970,聯發科元大97購08,0,0,0,0,0,0,0,0,0,174000,0,0,0,192000,18000,174000,174000
053651,台光電凱基98購01,0,0,0,0,0,0,0,0,0,174000,0,0,0,370000,196000,174000,174000
062020,智伸科永豐9B購01,0,0,0,0,0,0,0,0,0,174000,0,0,0,429000,255000,174000,174000
063133,喬山統一01購01  ,0,0,0,0,0,0,0,0,0,174000,0,0,0,348000,174000,174000,174000
063064,台表科元富9B購01,0,0,0,0,0,0,0,0,0,174000,0,0,0,214000,40000,174000,174000
063179,群創兆豐9B購01  ,0,0,0,0,0,0,0,0,0,174000,0,0,0,196000,22000,174000,174000
059178,臺股指凱基99購30,0,0,0,0,0,0,0,0,0,173000,0,0,0,173000,0,173000,173000
062877,可成兆豐9C購01  ,0,0,0,0,0,0,0,0,0,173000,0,0,0,288000,115000,173000,173000
056422,全新統一98購02  ,0,0,0,0,0,0,0,0,0,172000,0,0,0,172000,0,172000,172000
059177,臺股指凱基99購28,0,0,0,0,0,0,0,0,0,172000,0,0,0,185000,13000,172000,172000
063013,技嘉元大9B購02  ,0,0,0,0,0,0,0,0,0,172000,0,0,0,330000,158000,172000,172000
064197,智伸科群益9C購01,0,0,0,0,0,0,0,0,0,172000,0,0,0,172000,0,172000,172000
054349,同欣電國票97購02,0,0,0,0,0,0,0,0,0,171000,0,0,0,181000,10000,171000,171000
059519,台郡永豐99購01  ,0,0,0,0,0,0,0,0,0,171000,0,0,0,171000,0,171000,171000
063600,燿華凱基9B購04  ,0,0,0,0,0,0,0,0,0,171000,0,0,0,235000,64000,171000,171000
064708,帆宣永豐9C購01  ,0,0,0,0,0,0,0,0,0,170000,0,0,0,170000,0,170000,170000
057598,鴻海群益98購07  ,0,0,0,0,0,0,0,0,0,170000,0,0,0,200000,30000,170000,170000
06328P,台積電中信01售02,0,0,0,0,0,0,0,0,0,170000,0,0,0,190000,20000,170000,170000
062649,緯穎富邦9B購03  ,0,0,0,0,0,0,0,0,0,170000,0,0,0,300000,130000,170000,170000
057203,麗豐元富98購02  ,0,0,0,0,0,0,0,0,0,169000,0,0,0,171000,2000,169000,169000
057087,台郡統一99購01  ,0,0,0,0,0,0,0,0,0,169000,0,0,0,169000,0,169000,169000
060127,牧德永豐99購02  ,0,0,0,0,0,0,0,0,0,169000,0,0,0,181000,12000,169000,169000
062915,嘉澤元大9B購03  ,0,0,0,0,0,0,0,0,0,169000,0,0,0,290000,121000,169000,169000
062033,瀚宇博群益9B購01,0,0,0,0,0,0,0,0,0,169000,0,0,0,171000,2000,169000,169000
061996,矽格元大9B購01  ,0,0,0,0,0,0,0,0,0,169000,0,0,0,190000,21000,169000,169000
062344,力山群益9B購02  ,0,0,0,0,0,0,0,0,0,169000,0,0,0,274000,105000,169000,169000
064468,健策元富9C購02  ,0,0,0,0,0,0,0,0,0,168000,0,0,0,188000,20000,168000,168000
055331,國巨兆豐99購01  ,0,0,0,0,0,0,0,0,0,168000,0,0,0,310000,142000,168000,168000
059073,元油2X元大9C購14,0,0,0,0,0,0,0,0,0,168000,0,0,0,168000,0,168000,168000
061879,超眾元大9C購01  ,0,0,0,0,0,0,0,0,0,168000,0,0,0,202000,34000,168000,168000
063269,儒鴻兆豐9C購01  ,0,0,0,0,0,0,0,0,0,168000,0,0,0,169000,1000,168000,168000
063143,嘉澤統一9B購02  ,0,0,0,0,0,0,0,0,0,168000,0,0,0,334000,166000,168000,168000
063870,健策永豐01購01  ,0,0,0,0,0,0,0,0,0,168000,0,0,0,168000,0,168000,168000
056842,全新元富98購01  ,0,0,0,0,0,0,0,0,0,167000,0,0,0,167000,0,167000,167000
061020,超眾國票9A購02  ,0,0,0,0,0,0,0,0,0,167000,0,0,0,167000,0,167000,167000
063890,正隆群益9C購01  ,0,0,0,0,0,0,0,0,0,167000,0,0,0,372000,205000,167000,167000
064229,台表科國票01購01,0,0,0,0,0,0,0,0,0,167000,0,0,0,181000,14000,167000,167000
062036,致新群益9B購01  ,0,0,0,0,0,0,0,0,0,167000,0,0,0,167000,0,167000,167000
053677,同欣電國泰97購01,0,0,0,0,0,0,0,0,0,166000,0,0,0,169000,3000,166000,166000
060199,台郡元富9A購01  ,0,0,0,0,0,0,0,0,0,166000,0,0,0,206000,40000,166000,166000
061903,宏全永豐9B購01  ,0,0,0,0,0,0,0,0,0,166000,0,0,0,166000,0,166000,166000
063530,同欣電凱基9C購02,0,0,0,0,0,0,0,0,0,166000,0,0,0,258000,92000,166000,166000
07491P,臺股指國票9A售09,0,0,0,0,0,0,0,0,0,165000,0,0,0,207000,42000,165000,165000
055399,超眾統一99購01  ,0,0,0,0,0,0,0,0,0,165000,0,0,0,195000,30000,165000,165000
057269,鈺齊兆豐98購01  ,0,0,0,0,0,0,0,0,0,165000,0,0,0,175000,10000,165000,165000
058197,國巨中信99購02  ,0,0,0,0,0,0,0,0,0,165000,0,0,0,184000,19000,165000,165000
063481,緯穎元大9B購08  ,0,0,0,0,0,0,0,0,0,165000,0,0,0,170000,5000,165000,165000
063251,同欣電元大9B購04,0,0,0,0,0,0,0,0,0,165000,0,0,0,175000,10000,165000,165000
063902,志超群益9C購01  ,0,0,0,0,0,0,0,0,0,165000,0,0,0,170000,5000,165000,165000
062903,燿華元大9B購04  ,0,0,0,0,0,0,0,0,0,165000,0,0,0,175000,10000,165000,165000
00675L,富邦臺灣加權正2 ,0,0,0,0,0,0,0,0,0,164000,0,0,0,319000,155000,164000,164000
061416,聯茂群益9A購01  ,0,0,0,0,0,0,0,0,0,164000,0,0,0,357000,193000,164000,164000
063196,力成元富9B購01  ,0,0,0,0,0,0,0,0,0,164000,0,0,0,236000,72000,164000,164000
058583,臻鼎群益99購01  ,0,0,0,0,0,0,0,0,0,163000,0,0,0,163000,0,163000,163000
08077P,亞德客國票9B售02,0,0,0,0,0,0,0,0,0,162000,0,0,0,240000,78000,162000,162000
063597,健策中信9B購02  ,0,0,0,0,0,0,0,0,0,162000,0,0,0,211000,49000,162000,162000
064366,群創統一01購01  ,0,0,0,0,0,0,0,0,0,162000,0,0,0,162000,0,162000,162000
063119,華通元大9B購07  ,0,0,0,0,0,0,0,0,0,162000,0,0,0,165000,3000,162000,162000
062735,和大國票9B購01  ,0,0,0,0,0,0,0,0,0,161000,0,0,0,171000,10000,161000,161000
061880,台郡元大9B購02  ,0,0,0,0,0,0,0,0,0,161000,0,0,0,161000,0,161000,161000
062031,臻鼎群益9B購01  ,0,0,0,0,0,0,0,0,0,161000,0,0,0,199000,38000,161000,161000
057350,全新統一98購03  ,0,0,0,0,0,0,0,0,0,160000,0,0,0,160000,0,160000,160000
056243,創意群益97購03  ,0,0,0,0,0,0,0,0,0,160000,0,0,0,160000,0,160000,160000
058229,為升元大99購02  ,0,0,0,0,0,0,0,0,0,160000,0,0,0,187000,27000,160000,160000
061782,智邦群益9B購01  ,0,0,0,0,0,0,0,0,0,160000,0,0,0,170000,10000,160000,160000
062218,燿華統一01購01  ,0,0,0,0,0,0,0,0,0,160000,0,0,0,1701000,1541000,160000,160000
062784,世芯元大9B購01  ,0,0,0,0,0,0,0,0,0,160000,0,0,0,189000,29000,160000,160000
064312,大立光群益01購01,0,0,0,0,0,0,0,0,0,160000,0,0,0,160000,0,160000,160000
063962,台達電國票01購01,0,0,0,0,0,0,0,0,0,160000,0,0,0,195000,35000,160000,160000
063932,世芯統一01購01  ,63000,0,63000,0,0,0,0,0,0,97000,0,0,0,750000,653000,97000,160000
046942,友達元大99購01  ,0,0,0,0,0,0,0,0,0,159000,0,0,0,251000,92000,159000,159000
058822,樺漢國泰9B購01  ,0,0,0,0,0,0,0,0,0,159000,0,0,0,159000,0,159000,159000
062592,牧德統一01購01  ,0,0,0,0,0,0,0,0,0,159000,0,0,0,169000,10000,159000,159000
062269,葡萄王群益9B購01,0,0,0,0,0,0,0,0,0,159000,0,0,0,200000,41000,159000,159000
06047P,聯發科富邦99售04,0,0,0,0,0,0,0,0,0,158000,0,0,0,158000,0,158000,158000
062034,同欣電群益9B購01,0,0,0,0,0,0,0,0,0,158000,0,0,0,158000,0,158000,158000
062676,南六台新9B購01  ,0,0,0,0,0,0,0,0,0,158000,0,0,0,166000,8000,158000,158000
064342,晶技元大9C購01  ,0,0,0,0,0,0,0,0,0,158000,0,0,0,158000,0,158000,158000
064483,瑞儀永豐9C購01  ,0,0,0,0,0,0,0,0,0,157000,0,0,0,157000,0,157000,157000
046628,大立光統一98購01,0,0,0,0,0,0,0,0,0,157000,0,0,0,374000,217000,157000,157000
054606,台積電永豐97購02,0,0,0,0,0,0,0,0,0,157000,0,0,0,157000,0,157000,157000
054578,世芯元大99購01  ,0,0,0,0,0,0,0,0,0,157000,0,0,0,204000,47000,157000,157000
063128,智伸科元大9B購01,0,0,0,0,0,0,0,0,0,157000,0,0,0,157000,0,157000,157000
062166,致新國泰01購01  ,0,0,0,0,0,0,0,0,0,157000,0,0,0,157000,0,157000,157000
04729P,臺股指中信96售01,0,0,0,0,0,0,0,0,0,156000,0,0,0,156000,0,156000,156000
06105P,國巨國票98售02  ,0,0,0,0,0,0,0,0,0,156000,0,0,0,203000,47000,156000,156000
060422,台勝科永豐9A購01,0,0,0,0,0,0,0,0,0,156000,0,0,0,279000,123000,156000,156000
07958P,華擎群益9B售01  ,0,0,0,0,0,0,0,0,0,155000,0,0,0,165000,10000,155000,155000
08169P,台光電群益9B售04,0,0,0,0,0,0,0,0,0,155000,0,0,0,155000,0,155000,155000
4104,佳醫            ,204000,49000,155000,0,0,0,0,0,0,0,0,0,0,0,0,0,155000
054590,嘉聯益國泰98購01,0,0,0,0,0,0,0,0,0,155000,0,0,0,155000,0,155000,155000
05631P,國巨富邦9A售01  ,0,0,0,0,0,0,0,0,0,155000,0,0,0,485000,330000,155000,155000
059958,鎧勝康和99購01  ,0,0,0,0,0,0,0,0,0,155000,0,0,0,175000,20000,155000,155000
056767,大毅元大99購01  ,0,0,0,0,0,0,0,0,0,154000,0,0,0,249000,95000,154000,154000
054301,楠梓電凱基98購01,0,0,0,0,0,0,0,0,0,154000,0,0,0,154000,0,154000,154000
058312,大毅國泰9B購01  ,0,0,0,0,0,0,0,0,0,154000,0,0,0,371000,217000,154000,154000
062161,南六凱基9C購01  ,0,0,0,0,0,0,0,0,0,154000,0,0,0,211000,57000,154000,154000
062162,世紀鋼凱基9B購03,0,0,0,0,0,0,0,0,0,154000,0,0,0,154000,0,154000,154000
064168,南電統一01購01  ,0,0,0,0,0,0,0,0,0,154000,0,0,0,203000,49000,154000,154000
058527,世紀鋼元大99購01,0,0,0,0,0,0,0,0,0,153000,0,0,0,172000,19000,153000,153000
064169,南電統一9C購01  ,0,0,0,0,0,0,0,0,0,153000,0,0,0,208000,55000,153000,153000
063983,麗豐兆豐9C購01  ,0,0,0,0,0,0,0,0,0,153000,0,0,0,153000,0,153000,153000
063554,GIS國票9C購03   ,0,0,0,0,0,0,0,0,0,153000,0,0,0,153000,0,153000,153000
062490,聯茂永豐9B購01  ,0,0,0,0,0,0,0,0,0,153000,0,0,0,153000,0,153000,153000
061354,瑞儀元大9A購01  ,0,0,0,0,0,0,0,0,0,152000,0,0,0,152000,0,152000,152000
058147,鈺齊元大99購01  ,0,0,0,0,0,0,0,0,0,152000,0,0,0,152000,0,152000,152000
060281,卜蜂元大9C購01  ,0,0,0,0,0,0,0,0,0,152000,0,0,0,172000,20000,152000,152000
063053,聯發科統一01購04,0,0,0,0,0,0,0,0,0,152000,0,0,0,202000,50000,152000,152000
06296P,燿華元大98售01  ,0,0,0,0,0,0,0,0,0,152000,0,0,0,157000,5000,152000,152000
063488,金像電國泰01購01,0,0,0,0,0,0,0,0,0,152000,0,0,0,508000,356000,152000,152000
06984P,上銀富邦9B售01  ,0,0,0,0,0,0,0,0,0,151000,0,0,0,229000,78000,151000,151000
057237,群創凱基9B購02  ,0,0,0,0,0,0,0,0,0,151000,0,0,0,151000,0,151000,151000
055388,華通統一97購03  ,0,0,0,0,0,0,0,0,0,151000,0,0,0,151000,0,151000,151000
060716,新唐永豐9A購01  ,0,0,0,0,0,0,0,0,0,151000,0,0,0,155000,4000,151000,151000
061357,寶成元大9A購01  ,0,0,0,0,0,0,0,0,0,151000,0,0,0,176000,25000,151000,151000
058429,欣興元富99購01  ,0,0,0,0,0,0,0,0,0,151000,0,0,0,170000,19000,151000,151000
059261,華邦電中信01購01,0,0,0,0,0,0,0,0,0,151000,0,0,0,281000,130000,151000,151000
063706,台虹群益9B購01  ,0,0,0,0,0,0,0,0,0,151000,0,0,0,151000,0,151000,151000
062855,嘉澤永豐9B購02  ,0,0,0,0,0,0,0,0,0,151000,0,0,0,151000,0,151000,151000
062320,南電凱基9B購03  ,0,0,0,0,0,0,0,0,0,151000,0,0,0,155000,4000,151000,151000
00643,群益深証中小    ,181000,11000,170000,0,0,0,0,0,0,-20000,0,20000,-20000,146000,146000,0,150000
052546,友達中信98購01  ,0,0,0,0,0,0,0,0,0,150000,0,0,0,150000,0,150000,150000
059074,元油2X元大9C購15,0,0,0,0,0,0,0,0,0,150000,0,0,0,151000,1000,150000,150000
061113,南電元大9A購03  ,0,0,0,0,0,0,0,0,0,150000,0,0,0,156000,6000,150000,150000
063017,台光電元大9B購07,0,0,0,0,0,0,0,0,0,150000,0,0,0,199000,49000,150000,150000
06412P,南亞科日盛97售01,0,0,0,0,0,0,0,0,0,150000,0,0,0,150000,0,150000,150000
08234P,華擎元富9B售03  ,0,0,0,0,0,0,0,0,0,149000,0,0,0,241000,92000,149000,149000
054627,義隆凱基98購01  ,0,0,0,0,0,0,0,0,0,149000,0,0,0,184000,35000,149000,149000
056599,臻鼎元富98購01  ,0,0,0,0,0,0,0,0,0,149000,0,0,0,149000,0,149000,149000
060144,全新國票9B購01  ,0,0,0,0,0,0,0,0,0,149000,0,0,0,189000,40000,149000,149000
064521,群創群益02購01  ,0,0,0,0,0,0,0,0,0,148000,0,0,0,167000,19000,148000,148000
058536,群創統一9B購01  ,0,0,0,0,0,0,0,0,0,148000,0,0,0,175000,27000,148000,148000
064240,群創統一02購02  ,0,0,0,0,0,0,0,0,0,148000,0,0,0,148000,0,148000,148000
052681,T50反1元大98購02,0,0,0,0,0,0,0,0,0,147000,0,0,0,171000,24000,147000,147000
061243,麗豐兆豐9A購01  ,0,0,0,0,0,0,0,0,0,147000,0,0,0,157000,10000,147000,147000
060209,喬山康和9A購01  ,0,0,0,0,0,0,0,0,0,147000,0,0,0,152000,5000,147000,147000
060799,茂林永豐9A購01  ,0,0,0,0,0,0,0,0,0,147000,0,0,0,147000,0,147000,147000
059631,京元電凱基99購02,0,0,0,0,0,0,0,0,0,147000,0,0,0,151000,4000,147000,147000
062275,燿華群益9B購01  ,0,0,0,0,0,0,0,0,0,147000,0,0,0,232000,85000,147000,147000
6288,聯嘉            ,312000,166000,146000,0,0,0,0,0,0,0,6000,6000,0,0,0,0,146000
03657C,T50反1元大99牛01,0,0,0,0,0,0,0,0,0,146000,0,0,0,430000,284000,146000,146000
055198,奇力新第一97購01,0,0,0,0,0,0,0,0,0,146000,0,0,0,146000,0,146000,146000
053805,奇鋐凱基98購02  ,0,0,0,0,0,0,0,0,0,146000,0,0,0,160000,14000,146000,146000
055745,臻鼎元富97購01  ,0,0,0,0,0,0,0,0,0,146000,0,0,0,152000,6000,146000,146000
063991,南六永豐9C購02  ,0,0,0,0,0,0,0,0,0,146000,0,0,0,199000,53000,146000,146000
07667P,亞德客元大9A售05,0,0,0,0,0,0,0,0,0,145000,0,0,0,174000,29000,145000,145000
057428,正崴兆豐98購01  ,0,0,0,0,0,0,0,0,0,145000,0,0,0,155000,10000,145000,145000
057886,聯詠群益98購01  ,0,0,0,0,0,0,0,0,0,145000,0,0,0,249000,104000,145000,145000
064260,矽創富邦9C購01  ,0,0,0,0,0,0,0,0,0,145000,0,0,0,145000,0,145000,145000
063510,台表科群益9C購01,0,0,0,0,0,0,0,0,0,145000,0,0,0,160000,15000,145000,145000
063586,燿華永豐9B購02  ,0,0,0,0,0,0,0,0,0,145000,0,0,0,145000,0,145000,145000
058996,台達電元大99購02,0,0,0,0,0,0,0,0,0,144000,0,0,0,199000,55000,144000,144000
058314,欣興富邦9B購01  ,0,0,0,0,0,0,0,0,0,144000,0,0,0,157000,13000,144000,144000
059830,台郡凱基99購05  ,0,0,0,0,0,0,0,0,0,144000,0,0,0,144000,0,144000,144000
060161,牧德永豐9A購02  ,0,0,0,0,0,0,0,0,0,144000,0,0,0,144000,0,144000,144000
07950P,智邦元大9B售04  ,0,0,0,0,0,0,0,0,0,143000,0,0,0,143000,0,143000,143000
07248P,可成凱基99售06  ,0,0,0,0,0,0,0,0,0,143000,0,0,0,178000,35000,143000,143000
056650,彩晶凱基9A購01  ,0,0,0,0,0,0,0,0,0,143000,0,0,0,166000,23000,143000,143000
058524,超眾元大99購04  ,0,0,0,0,0,0,0,0,0,143000,0,0,0,150000,7000,143000,143000
060052,宏碁凱基99購01  ,0,0,0,0,0,0,0,0,0,143000,0,0,0,190000,47000,143000,143000
060415,葡萄王永豐9A購01,0,0,0,0,0,0,0,0,0,143000,0,0,0,143000,0,143000,143000
057928,鈺齊凱基98購02  ,0,0,0,0,0,0,0,0,0,143000,0,0,0,187000,44000,143000,143000
062325,鴻海統一9B購05  ,0,0,0,0,0,0,0,0,0,143000,0,0,0,144000,1000,143000,143000
062025,台達電群益9B購01,0,0,0,0,0,0,0,0,0,143000,0,0,0,206000,63000,143000,143000
064591,臻鼎永豐9C購01  ,0,0,0,0,0,0,0,0,0,142000,0,0,0,142000,0,142000,142000
055442,矽創國票98購02  ,0,0,0,0,0,0,0,0,0,142000,0,0,0,142000,0,142000,142000
056398,南茂永豐98購01  ,0,0,0,0,0,0,0,0,0,142000,0,0,0,166000,24000,142000,142000
00686R,群益臺灣加權反1 ,0,0,0,0,0,0,0,0,0,142000,0,0,0,155000,13000,142000,142000
059061,晶技凱基9A購01  ,0,0,0,0,0,0,0,0,0,142000,0,0,0,148000,6000,142000,142000
061032,金像電永豐9A購03,0,0,0,0,0,0,0,0,0,142000,0,0,0,210000,68000,142000,142000
058195,鈺齊永豐99購01  ,0,0,0,0,0,0,0,0,0,142000,0,0,0,142000,0,142000,142000
063292,致新元大9B購02  ,0,0,0,0,0,0,0,0,0,142000,0,0,0,217000,75000,142000,142000
07583P,台積電富邦9B售05,0,0,0,0,0,0,0,0,0,141000,0,0,0,141000,0,141000,141000
051078,力山富邦97購01  ,0,0,0,0,0,0,0,0,0,141000,0,0,0,141000,0,141000,141000
052948,景碩國票97購02  ,0,0,0,0,0,0,0,0,0,141000,0,0,0,142000,1000,141000,141000
053913,華新國票97購01  ,0,0,0,0,0,0,0,0,0,141000,0,0,0,267000,126000,141000,141000
054695,世芯永豐98購01  ,0,0,0,0,0,0,0,0,0,141000,0,0,0,161000,20000,141000,141000
060410,台苯永豐9A購01  ,0,0,0,0,0,0,0,0,0,141000,0,0,0,150000,9000,141000,141000
061734,全新中信9B購02  ,0,0,0,0,0,0,0,0,0,141000,0,0,0,141000,0,141000,141000
064173,國產元富9C購01  ,0,0,0,0,0,0,0,0,0,141000,0,0,0,326000,185000,141000,141000
063107,矽創群益9B購01  ,0,0,0,0,0,0,0,0,0,141000,0,0,0,183000,42000,141000,141000
064732,GIS統一01購03   ,0,0,0,0,0,0,0,0,0,140000,0,0,0,210000,70000,140000,140000
00674R,元大S&P黃金反1  ,0,0,0,0,0,0,0,0,0,140000,0,0,0,317000,177000,140000,140000
00783,富邦中証500     ,120000,3000,117000,0,0,0,0,0,0,23000,0,0,0,873000,850000,23000,140000
057268,臻鼎兆豐99購01  ,0,0,0,0,0,0,0,0,0,140000,0,0,0,140000,0,140000,140000
056890,國巨元大98購11  ,0,0,0,0,0,0,0,0,0,140000,0,0,0,140000,0,140000,140000
061349,嘉澤元大9A購02  ,0,0,0,0,0,0,0,0,0,140000,0,0,0,239000,99000,140000,140000
060738,矽格統一9C購01  ,0,0,0,0,0,0,0,0,0,140000,0,0,0,140000,0,140000,140000
061202,和大元大9A購02  ,0,0,0,0,0,0,0,0,0,140000,0,0,0,154000,14000,140000,140000
059613,泰鼎永豐99購02  ,0,0,0,0,0,0,0,0,0,140000,0,0,0,181000,41000,140000,140000
062743,微星國泰01購01  ,0,0,0,0,0,0,0,0,0,140000,0,0,0,333000,193000,140000,140000
06431P,新日興元大97售05,0,0,0,0,0,0,0,0,0,140000,0,0,0,150000,10000,140000,140000
063346,TPK統一9C購01   ,0,0,0,0,0,0,0,0,0,140000,0,0,0,140000,0,140000,140000
063368,遠東新永豐9B購01,0,0,0,0,0,0,0,0,0,140000,0,0,0,259000,119000,140000,140000
064446,聚陽統一02購02  ,0,0,0,0,0,0,0,0,0,139000,0,0,0,177000,38000,139000,139000
03682C,臺股指凱基9C牛07,0,0,0,0,0,0,0,0,0,139000,0,0,0,339000,200000,139000,139000
054771,茂林國票98購02  ,0,0,0,0,0,0,0,0,0,139000,0,0,0,139000,0,139000,139000
060289,京元電元大9A購01,0,10000,-10000,0,0,0,0,0,0,149000,0,0,0,216000,67000,149000,139000
059109,台積電富邦9C購03,0,0,0,0,0,0,0,0,0,139000,0,0,0,140000,1000,139000,139000
063479,南六元大9B購06  ,0,0,0,0,0,0,0,0,0,139000,0,0,0,209000,70000,139000,139000
064166,和潤統一02購01  ,0,0,0,0,0,0,0,0,0,139000,0,0,0,150000,11000,139000,139000
063012,技嘉元大9B購01  ,0,0,0,0,0,0,0,0,0,139000,0,0,0,227000,88000,139000,139000
08246P,亞德客群益01售01,0,0,0,0,0,0,0,0,0,138000,0,0,0,163000,25000,138000,138000
056419,欣興元富98購02  ,0,0,0,0,0,0,0,0,0,138000,0,0,0,172000,34000,138000,138000
060378,台灣50凱基04購01,0,0,0,0,0,0,0,0,0,138000,0,0,0,138000,0,138000,138000
059581,日月光元富99購02,0,0,0,0,0,0,0,0,0,138000,0,0,0,379000,241000,138000,138000
058694,鈺齊國票9A購02  ,0,0,0,0,0,0,0,0,0,138000,0,0,0,138000,0,138000,138000
062604,東元凱基9B購01  ,0,0,0,0,0,0,0,0,0,138000,0,0,0,138000,0,138000,138000
064333,義隆元大9C購02  ,0,0,0,0,0,0,0,0,0,138000,0,0,0,373000,235000,138000,138000
064004,全新凱基01購01  ,0,0,0,0,0,0,0,0,0,138000,0,0,0,150000,12000,138000,138000
063351,億豐統一9B購01  ,0,0,0,0,0,0,0,0,0,138000,0,0,0,139000,1000,138000,138000
051292,牧德統一97購01  ,0,0,0,0,0,0,0,0,0,137000,0,0,0,137000,0,137000,137000
059475,元石油群益99購02,0,0,0,0,0,0,0,0,0,137000,0,0,0,137000,0,137000,137000
055657,超眾元富97購02  ,0,0,0,0,0,0,0,0,0,137000,0,0,0,137000,0,137000,137000
063593,GIS永豐9B購01   ,0,0,0,0,0,0,0,0,0,137000,0,0,0,188000,51000,137000,137000
063637,聯發科元大9C購02,0,0,0,0,0,0,0,0,0,137000,0,0,0,438000,301000,137000,137000
062814,台光電兆豐9B購01,0,0,0,0,0,0,0,0,0,137000,0,0,0,232000,95000,137000,137000
062908,晶豪科元大9B購03,0,0,0,0,0,0,0,0,0,137000,0,0,0,268000,131000,137000,137000
07084P,S&P正2元富9B售02,0,0,0,0,0,0,0,0,0,136000,0,0,0,136000,0,136000,136000
061091,奇力新統一9C購02,0,0,0,0,0,0,0,0,0,136000,0,0,0,151000,15000,136000,136000
064178,台郡國泰01購01  ,0,0,0,0,0,0,0,0,0,136000,0,0,0,140000,4000,136000,136000
07988P,台積電台新9C售03,0,0,0,0,0,0,0,0,0,135000,0,0,0,165000,30000,135000,135000
058104,國巨統一9A購04  ,0,0,0,0,0,0,0,0,0,135000,0,0,0,135000,0,135000,135000
059290,全新元富99購01  ,0,0,0,0,0,0,0,0,0,135000,0,0,0,161000,26000,135000,135000
061413,台勝科群益9A購01,0,0,0,0,0,0,0,0,0,135000,0,0,0,214000,79000,135000,135000
063788,矽創統一02購01  ,0,0,0,0,0,0,0,0,0,135000,0,0,0,220000,85000,135000,135000
07035P,大立光元富99售04,0,0,0,0,0,0,0,0,0,134000,0,0,0,151000,17000,134000,134000
057024,義隆凱基99購01  ,0,0,0,0,0,0,0,0,0,134000,0,0,0,187000,53000,134000,134000
059503,大立光富邦9B購04,0,0,0,0,0,0,0,0,0,134000,0,0,0,224000,90000,134000,134000
056297,台光電元大97購04,0,0,0,0,0,0,0,0,0,134000,0,0,0,148000,14000,134000,134000
061033,台光電永豐9A購01,0,0,0,0,0,0,0,0,0,134000,0,0,0,349000,215000,134000,134000
063899,同欣電群益9C購01,0,0,0,0,0,0,0,0,0,134000,0,0,0,149000,15000,134000,134000
063553,同欣電國票9B購03,0,0,0,0,0,0,0,0,0,134000,0,0,0,134000,0,134000,134000
063560,力山元大9B購05  ,0,0,0,0,0,0,0,0,0,134000,0,0,0,226000,92000,134000,134000
063469,牧德元大9C購02  ,0,0,0,0,0,0,0,0,0,134000,0,0,0,134000,0,134000,134000
062894,道瓊銀元大9B購02,0,0,0,0,0,0,0,0,0,134000,0,0,0,134000,0,134000,134000
061826,台郡麥證9B購01  ,0,0,0,134000,0,134000,0,0,0,134000,0,0,0,134000,0,134000,134000
061831,智邦凱基9B購02  ,0,0,0,0,0,0,0,0,0,134000,0,0,0,134000,0,134000,134000
06654P,欣興元大98售08  ,0,0,0,0,0,0,0,0,0,133000,0,0,0,250000,117000,133000,133000
059992,S&P正2元富9B購04,0,0,0,0,0,0,0,0,0,133000,0,0,0,141000,8000,133000,133000
057085,立積統一9B購02  ,0,0,0,0,0,0,0,0,0,133000,0,0,0,140000,7000,133000,133000
057411,臺股指群益99購05,0,0,0,0,0,0,0,0,0,133000,0,0,0,254000,121000,133000,133000
056550,瑞儀凱基99購01  ,0,0,0,0,0,0,0,0,0,133000,0,0,0,331000,198000,133000,133000
060916,金像電國泰9C購01,0,0,0,0,0,0,0,0,0,133000,0,0,0,356000,223000,133000,133000
058153,景碩統一9B購01  ,0,0,0,0,0,0,0,0,0,133000,0,0,0,186000,53000,133000,133000
057998,玉晶光麥證9A購01,0,0,0,133000,0,133000,0,0,0,133000,0,0,0,133000,0,133000,133000
061142,南電統一9A購01  ,0,0,0,0,0,0,0,0,0,133000,0,0,0,143000,10000,133000,133000
064445,聚陽統一02購01  ,0,0,0,0,0,0,0,0,0,132000,0,0,0,152000,20000,132000,132000
08315P,台積電元大9C售08,0,0,0,0,0,0,0,0,0,132000,0,0,0,245000,113000,132000,132000
056755,聯茂兆豐98購01  ,0,0,0,0,0,0,0,0,0,132000,0,0,0,163000,31000,132000,132000
054400,健策永豐96購02  ,0,0,0,0,0,0,0,0,0,132000,0,0,0,153000,21000,132000,132000
058018,南亞科凱基99購03,0,0,0,0,0,0,0,0,0,132000,0,0,0,132000,0,132000,132000
060933,南電永豐9A購02  ,0,0,0,0,0,0,0,0,0,132000,0,0,0,132000,0,132000,132000
060397,群創國票9A購01  ,0,0,0,0,0,0,0,0,0,132000,0,0,0,137000,5000,132000,132000
059844,大立光富邦9C購04,0,0,0,0,0,0,0,0,0,132000,0,0,0,142000,10000,132000,132000
058406,聯茂元大99購06  ,0,0,0,0,0,0,0,0,0,132000,0,0,0,200000,68000,132000,132000
062056,國巨統一9C購08  ,0,0,0,0,0,0,0,0,0,132000,0,0,0,152000,20000,132000,132000
063509,超眾群益9B購03  ,0,0,0,0,0,0,0,0,0,132000,0,0,0,132000,0,132000,132000
063930,高鐵統一02購02  ,0,0,0,0,0,0,0,0,0,132000,0,0,0,132000,0,132000,132000
063957,臻鼎元大9C購01  ,0,0,0,0,0,0,0,0,0,132000,0,0,0,227000,95000,132000,132000
059996,美律元富99購01  ,0,0,0,0,0,0,0,0,0,131000,0,0,0,184000,53000,131000,131000
056020,義隆群益97購01  ,0,0,0,0,0,0,0,0,0,131000,0,0,0,132000,1000,131000,131000
058299,同欣電凱基9A購01,0,0,0,0,0,0,0,0,0,131000,0,0,0,356000,225000,131000,131000
061491,嘉聯益兆豐9B購01,0,0,0,0,0,0,0,0,0,131000,0,0,0,132000,1000,131000,131000
062389,台表科國泰01購01,0,0,0,0,0,0,0,0,0,131000,0,0,0,131000,0,131000,131000
08009P,華擎統一9B售02  ,0,0,0,0,0,0,0,0,0,130000,0,0,0,175000,45000,130000,130000
056236,台積電群益97購06,0,0,0,0,0,0,0,0,0,130000,0,0,0,140000,10000,130000,130000
060093,友達元大03購01  ,0,0,0,0,0,0,0,0,0,130000,0,0,0,132000,2000,130000,130000
056746,超眾凱基99購01  ,0,0,0,0,0,0,0,0,0,130000,0,0,0,142000,12000,130000,130000
054378,楠梓電群益98購01,0,0,0,0,0,0,0,0,0,130000,0,0,0,143000,13000,130000,130000
053593,晶技元大98購01  ,0,0,0,0,0,0,0,0,0,130000,0,0,0,170000,40000,130000,130000
057464,大立光永豐98購02,0,0,0,0,0,0,0,0,0,130000,0,0,0,130000,0,130000,130000
059274,國巨元大99購22  ,0,0,0,0,0,0,0,0,0,130000,0,0,0,130000,0,130000,130000
063452,創意統一01購01  ,0,0,0,0,0,0,0,0,0,130000,0,0,0,140000,10000,130000,130000
059065,南電凱基9A購01  ,0,0,0,0,0,0,0,0,0,129000,0,0,0,133000,4000,129000,129000
057988,鈺齊元富98購02  ,0,0,0,0,0,0,0,0,0,129000,0,0,0,139000,10000,129000,129000
063147,東元元富9B購01  ,0,0,0,0,0,0,0,0,0,129000,0,0,0,129000,0,129000,129000
061949,大立光群益9B購03,0,0,0,0,0,0,0,0,0,129000,0,0,0,129000,0,129000,129000
062712,晶技麥證9B購02  ,0,0,0,129000,0,129000,0,0,0,129000,0,0,0,129000,0,129000,129000
056272,嘉澤統一99購01  ,0,0,0,0,0,0,0,0,0,128000,0,0,0,128000,0,128000,128000
057987,大立光元富98購02,0,0,0,0,0,0,0,0,0,128000,0,0,0,146000,18000,128000,128000
057813,京元電元大98購03,0,0,0,0,0,0,0,0,0,128000,0,0,0,232000,104000,128000,128000
062607,美食凱基9B購01  ,0,0,0,0,0,0,0,0,0,128000,0,0,0,148000,20000,128000,128000
062956,同欣電永豐9B購02,0,0,0,0,0,0,0,0,0,128000,0,0,0,128000,0,128000,128000
063110,牧德兆豐9B購01  ,0,0,0,0,0,0,0,0,0,128000,0,0,0,130000,2000,128000,128000
059847,喬山永豐99購01  ,0,0,0,0,0,0,0,0,0,127000,0,0,0,127000,0,127000,127000
058774,台郡兆豐9A購01  ,0,0,0,0,0,0,0,0,0,127000,0,0,0,127000,0,127000,127000
060437,宏全永豐9A購01  ,0,0,0,0,0,0,0,0,0,127000,0,0,0,132000,5000,127000,127000
060737,瑞儀統一9C購01  ,0,0,0,0,0,0,0,0,0,127000,0,0,0,137000,10000,127000,127000
062459,聯詠群益9B購01  ,0,0,0,0,0,0,0,0,0,127000,0,0,0,199000,72000,127000,127000
063446,台光電統一01購02,0,0,0,0,0,0,0,0,0,127000,0,0,0,138000,11000,127000,127000
063819,致新群益9C購01  ,0,0,0,0,0,0,0,0,0,127000,0,0,0,127000,0,127000,127000
063836,台塑元大9C購01  ,0,0,0,0,0,0,0,0,0,127000,0,0,0,210000,83000,127000,127000
064356,矽創元大01購01  ,0,0,0,0,0,0,0,0,0,127000,0,0,0,138000,11000,127000,127000
06644P,亞德客元大98售03,0,0,0,0,0,0,0,0,0,126000,0,0,0,141000,15000,126000,126000
057646,玉山金元大98購01,0,0,0,0,0,0,0,0,0,126000,0,0,0,127000,1000,126000,126000
03433B,臺股指元大9C熊01,0,0,0,0,0,0,0,0,0,126000,0,0,0,161000,35000,126000,126000
062550,啟碁永豐9B購01  ,0,0,0,0,0,0,0,0,0,126000,0,0,0,126000,0,126000,126000
6598,ABC-KY          ,148000,23000,125000,0,0,0,0,0,0,0,0,0,0,0,0,0,125000
053055,聯詠國票97購01  ,0,0,0,0,0,0,0,0,0,125000,0,0,0,125000,0,125000,125000
060482,東元富邦9A購01  ,0,0,0,0,0,0,0,0,0,125000,0,0,0,125000,0,125000,125000
062483,致新國票9B購01  ,0,0,0,0,0,0,0,0,0,125000,0,0,0,125000,0,125000,125000
063213,智伸科國票9C購01,0,0,0,0,0,0,0,0,0,125000,0,0,0,125000,0,125000,125000
08301P,台積電兆豐9C售02,0,0,0,0,0,0,0,0,0,124000,0,0,0,135000,11000,124000,124000
06824P,台灣50國票99售02,0,0,0,0,0,0,0,0,0,124000,0,0,0,251000,127000,124000,124000
058107,全新台新99購01  ,0,0,0,0,0,0,0,0,0,124000,0,0,0,124000,0,124000,124000
062914,嘉澤元大9B購02  ,0,0,0,0,0,0,0,0,0,124000,0,0,0,218000,94000,124000,124000
06949P,台表科元大99售01,0,0,0,0,0,0,0,0,0,123000,0,0,0,300000,177000,123000,123000
064487,和大元大9C購01  ,0,0,0,0,0,0,0,0,0,123000,0,0,0,173000,50000,123000,123000
058110,光寶科元富98購01,0,0,0,0,0,0,0,0,0,123000,0,0,0,184000,61000,123000,123000
060715,日電貿永豐9A購01,0,0,0,0,0,0,0,0,0,123000,0,0,0,123000,0,123000,123000
063565,旺宏元大9B購08  ,0,0,0,0,0,0,0,0,0,123000,0,0,0,142000,19000,123000,123000
064143,旺宏統一01購05  ,0,0,0,0,0,0,0,0,0,123000,0,0,0,139000,16000,123000,123000
064523,聯茂群益9C購01  ,0,0,0,0,0,0,0,0,0,122000,0,0,0,245000,123000,122000,122000
054890,聯鈞統一99購01  ,0,0,0,0,0,0,0,0,0,122000,0,0,0,122000,0,122000,122000
056325,群創兆豐9A購01  ,0,0,0,0,0,0,0,0,0,122000,0,0,0,122000,0,122000,122000
062496,矽創中信9B購01  ,0,0,0,0,0,0,0,0,0,122000,0,0,0,329000,207000,122000,122000
062653,正隆永豐9B購01  ,0,0,0,0,0,0,0,0,0,122000,0,0,0,269000,147000,122000,122000
062667,立積群益9B購01  ,0,0,0,0,0,0,0,0,0,122000,0,0,0,122000,0,122000,122000
061743,祥碩凱基9B購02  ,0,0,0,0,0,0,0,0,0,122000,0,0,0,123000,1000,122000,122000
2404,漢唐            ,811225,846000,-34775,0,0,0,96000,0,96000,60000,43000,65000,-22000,126000,44000,82000,121225
056970,TPK永豐98購01   ,0,0,0,0,0,0,0,0,0,121000,0,0,0,123000,2000,121000,121000
051423,GIS國票97購01   ,0,0,0,0,0,0,0,0,0,121000,0,0,0,123000,2000,121000,121000
062522,同欣電元大9B購02,0,0,0,0,0,0,0,0,0,121000,0,0,0,138000,17000,121000,121000
063646,帆宣元大9B購02  ,0,0,0,0,0,0,0,0,0,121000,0,0,0,285000,164000,121000,121000
064380,超眾元富9C購03  ,0,0,0,0,0,0,0,0,0,120000,0,0,0,120000,0,120000,120000
06645P,上銀元大98售05  ,0,0,0,0,0,0,0,0,0,120000,0,0,0,310000,190000,120000,120000
07407P,欣興凱基99售07  ,0,0,0,0,0,0,0,0,0,120000,0,0,0,170000,50000,120000,120000
048192,華通元大96購01  ,0,0,0,0,0,0,0,0,0,120000,0,0,0,120000,0,120000,120000
056537,冠德凱基98購01  ,0,0,0,0,0,0,0,0,0,120000,0,0,0,149000,29000,120000,120000
056321,創意群益98購02  ,0,0,0,0,0,0,0,0,0,120000,0,0,0,120000,0,120000,120000
056304,創意元大97購03  ,0,0,0,0,0,0,0,0,0,120000,0,0,0,120000,0,120000,120000
056811,健策統一9B購01  ,0,0,0,0,0,0,0,0,0,120000,0,0,0,130000,10000,120000,120000
055430,宏達電群益97購01,0,0,0,0,0,0,0,0,0,120000,0,0,0,130000,10000,120000,120000
058021,牧德凱基98購02  ,0,0,0,0,0,0,0,0,0,120000,0,0,0,120000,0,120000,120000
060763,聯鈞元大9A購03  ,0,0,0,0,0,0,0,0,0,120000,0,0,0,125000,5000,120000,120000
063418,京元電凱基9B購03,0,0,0,0,0,0,0,0,0,120000,0,0,0,120000,0,120000,120000
06736P,新日興凱基98售03,0,0,0,0,0,0,0,0,0,119000,0,0,0,120000,1000,119000,119000
057149,京鼎國票99購02  ,0,0,0,0,0,0,0,0,0,119000,0,0,0,186000,67000,119000,119000
060591,富邦金台新9A購01,0,0,0,0,0,0,0,0,0,119000,0,0,0,119000,0,119000,119000
057743,華擎永豐98購03  ,0,0,0,0,0,0,0,0,0,119000,0,0,0,130000,11000,119000,119000
061701,友達國票9B購02  ,0,0,0,0,0,0,0,0,0,119000,0,0,0,119000,0,119000,119000
063830,智伸科國票01購01,0,0,0,0,0,0,0,0,0,119000,0,0,0,153000,34000,119000,119000
062765,祥碩凱基9B購04  ,0,0,0,0,0,0,0,0,0,119000,0,0,0,120000,1000,119000,119000
056602,嘉澤國泰99購01  ,0,0,0,0,0,0,0,0,0,118000,0,0,0,171000,53000,118000,118000
063024,祥碩元大9B購05  ,0,0,0,0,0,0,0,0,0,118000,0,0,0,164000,46000,118000,118000
056921,京元電兆豐98購01,0,0,0,0,0,0,0,0,0,117000,0,0,0,140000,23000,117000,117000
057807,友訊元大98購02  ,0,0,0,0,0,0,0,0,0,117000,0,0,0,122000,5000,117000,117000
058631,鈺齊國票9A購01  ,0,0,0,0,0,0,0,0,0,117000,0,0,0,126000,9000,117000,117000
061021,聯電國泰9B購01  ,0,0,0,0,0,0,0,0,0,117000,0,0,0,203000,86000,117000,117000
064015,立積國票01購01  ,0,0,0,0,0,0,0,0,0,117000,0,0,0,156000,39000,117000,117000
063274,鈺齊兆豐9B購01  ,0,0,0,0,0,0,0,0,0,117000,0,0,0,167000,50000,117000,117000
064603,和碩元富9C購01  ,0,0,0,0,0,0,0,0,0,116000,0,0,0,128000,12000,116000,116000
08323P,華新科凱基9C售04,0,0,0,0,0,0,0,0,0,116000,0,0,0,164000,48000,116000,116000
056534,京元電凱基98購01,0,0,0,0,0,0,0,0,0,116000,0,0,0,119000,3000,116000,116000
060466,玉山金元大9A購01,0,0,0,0,0,0,0,0,0,116000,0,0,0,117000,1000,116000,116000
057990,美律統一99購02  ,0,0,0,0,0,0,0,0,0,116000,0,0,0,116000,0,116000,116000
063235,台積電元大9B購06,0,0,0,0,0,0,0,0,0,116000,0,0,0,118000,2000,116000,116000
063805,技嘉兆豐9C購01  ,0,0,0,0,0,0,0,0,0,116000,0,0,0,586000,470000,116000,116000
2207,和泰車          ,417549,286872,130677,0,0,0,0,6000,-6000,-9000,7000,16000,-9000,0,0,0,115677
064492,技嘉元大9C購01  ,0,0,0,0,0,0,0,0,0,115000,0,0,0,146000,31000,115000,115000
064005,義隆凱基01購01  ,0,0,0,0,0,0,0,0,0,115000,0,0,0,191000,76000,115000,115000
064191,聯發科中信03購01,0,0,0,0,0,0,0,0,0,115000,0,0,0,429000,314000,115000,115000
064293,勤誠元大9C購01  ,0,0,0,0,0,0,0,0,0,115000,0,0,0,205000,90000,115000,115000
063429,南電凱基01購01  ,0,0,0,0,0,0,0,0,0,115000,0,0,0,120000,5000,115000,115000
063361,台表科國泰01購02,0,0,0,0,0,0,0,0,0,115000,0,0,0,115000,0,115000,115000
2395,研華            ,513187,393000,120187,0,0,0,0,1000,-1000,-5000,0,5000,-5000,0,0,0,114187
2636,台驊投控        ,143000,29000,114000,0,0,0,0,0,0,0,0,0,0,0,0,0,114000
3698,隆達            ,810000,631000,179000,0,0,0,0,0,0,-65000,0,30000,-30000,0,35000,-35000,114000
07208P,台積電凱基99售14,0,0,0,0,0,0,0,0,0,114000,0,0,0,279000,165000,114000,114000
055261,帆宣統一98購01  ,0,0,0,0,0,0,0,0,0,114000,0,0,0,335000,221000,114000,114000
056958,喬山永豐98購01  ,0,0,0,0,0,0,0,0,0,114000,0,0,0,123000,9000,114000,114000
058504,台積電元大99購07,0,0,0,0,0,0,0,0,0,114000,0,0,0,128000,14000,114000,114000
056555,矽創凱基98購01  ,0,0,0,0,0,0,0,0,0,114000,0,0,0,224000,110000,114000,114000
061356,南電元大9A購06  ,0,0,0,0,0,0,0,0,0,114000,0,0,0,123000,9000,114000,114000
060991,京鼎元大9A購01  ,0,0,0,0,0,0,0,0,0,114000,0,0,0,122000,8000,114000,114000
063867,全新永豐9C購01  ,0,0,0,0,0,0,0,0,0,114000,0,0,0,115000,1000,114000,114000
062991,台光電群益9B購03,0,0,0,0,0,0,0,0,0,114000,0,0,0,182000,68000,114000,114000
062949,聯發科富邦01購01,0,0,0,0,0,0,0,0,0,114000,0,0,0,242000,128000,114000,114000
062484,臺股指國票9B購10,0,0,0,0,0,0,0,0,0,114000,0,0,0,114000,0,114000,114000
062446,聯詠元大9B購02  ,0,0,0,0,0,0,0,0,0,114000,0,0,0,175000,61000,114000,114000
062426,大立光統一02購02,0,0,0,0,0,0,0,0,0,114000,0,0,0,149000,35000,114000,114000
062138,力成群益9B購01  ,0,0,0,0,0,0,0,0,0,114000,0,0,0,141000,27000,114000,114000
056986,超眾群益98購03  ,0,0,0,0,0,0,0,0,0,113000,0,0,0,123000,10000,113000,113000
055311,健策群益98購02  ,0,0,0,0,0,0,0,0,0,113000,0,0,0,128000,15000,113000,113000
020000,富邦特選蘋果N   ,0,0,0,0,0,0,0,0,0,113000,0,0,0,594000,481000,113000,113000
060611,同欣電凱基9A購02,0,0,0,0,0,0,0,0,0,113000,0,0,0,118000,5000,113000,113000
056981,全新群益99購03  ,0,0,0,0,0,0,0,0,0,112000,0,0,0,210000,98000,112000,112000
056355,台積電元大98購08,0,0,0,0,0,0,0,0,0,112000,0,0,0,112000,0,112000,112000
056023,晶豪科群益97購01,0,0,0,0,0,0,0,0,0,112000,0,0,0,124000,12000,112000,112000
060457,中橡元大9A購02  ,0,0,0,0,0,0,0,0,0,112000,0,0,0,208000,96000,112000,112000
061278,和大統一9A購01  ,0,0,0,0,0,0,0,0,0,112000,0,0,0,112000,0,112000,112000
061730,旺宏統一01購02  ,0,0,0,0,0,0,0,0,0,112000,0,0,0,112000,0,112000,112000
059017,台灣50統一9B購03,0,0,0,0,0,0,0,0,0,112000,0,0,0,112000,0,112000,112000
063086,祥碩凱基9C購01  ,0,0,0,0,0,0,0,0,0,112000,0,0,0,205000,93000,112000,112000
056567,瀚宇博群益98購02,0,0,0,0,0,0,0,0,0,111000,0,0,0,111000,0,111000,111000
03680C,臺股指凱基9A牛26,0,0,0,0,0,0,0,0,0,111000,0,0,0,152000,41000,111000,111000
054789,高鐵群益98購01  ,0,0,0,0,0,0,0,0,0,111000,0,0,0,211000,100000,111000,111000
058905,京鼎元大99購01  ,0,0,0,0,0,0,0,0,0,111000,0,0,0,119000,8000,111000,111000
060851,國巨國泰9C購01  ,0,0,0,0,0,0,0,0,0,111000,0,0,0,422000,311000,111000,111000
062593,健策統一9B購03  ,0,0,0,0,0,0,0,0,0,111000,0,0,0,113000,2000,111000,111000
061841,晶技凱基9C購01  ,0,0,0,0,0,0,0,0,0,111000,0,0,0,120000,9000,111000,111000
063984,華邦電國泰02購01,0,0,0,0,0,0,0,0,0,111000,0,0,0,150000,39000,111000,111000
064234,正崴統一01購01  ,0,0,0,0,0,0,0,0,0,111000,0,0,0,111000,0,111000,111000
063374,嘉澤永豐9B購04  ,0,0,0,0,0,0,0,0,0,111000,0,0,0,111000,0,111000,111000
064478,聚陽富邦01購01  ,0,0,0,0,0,0,0,0,0,110000,0,0,0,200000,90000,110000,110000
055369,友訊元大97購01  ,0,0,0,0,0,0,0,0,0,110000,0,0,0,110000,0,110000,110000
051055,友達群益98購01  ,0,0,0,0,0,0,0,0,0,110000,0,0,0,120000,10000,110000,110000
052849,可成統一97購01  ,0,0,0,0,0,0,0,0,0,110000,0,0,0,110000,0,110000,110000
059450,和大永豐99購01  ,0,0,0,0,0,0,0,0,0,110000,0,0,0,181000,71000,110000,110000
061210,玉山金元大9A購02,0,0,0,0,0,0,0,0,0,110000,0,0,0,160000,50000,110000,110000
058809,國巨統一9B購03  ,0,0,0,0,0,0,0,0,0,110000,0,0,0,110000,0,110000,110000
061716,瑞儀凱基9B購01  ,0,0,0,0,0,0,0,0,0,110000,0,0,0,181000,71000,110000,110000
058323,泰鼎永豐9A購01  ,0,0,0,0,0,0,0,0,0,110000,0,0,0,236000,126000,110000,110000
063197,遠東新統一9C購01,0,0,0,0,0,0,0,0,0,110000,0,0,0,110000,0,110000,110000
063832,矽創國票01購01  ,0,0,0,0,0,0,0,0,0,110000,0,0,0,145000,35000,110000,110000
061930,臺股指凱基9B購05,0,0,0,0,0,0,0,0,0,110000,0,0,0,148000,38000,110000,110000
063105,健策群益9C購01  ,0,0,0,0,0,0,0,0,0,110000,0,0,0,113000,3000,110000,110000
052313,聯電元大98購01  ,0,0,0,0,0,0,0,0,0,109000,0,0,0,166000,57000,109000,109000
058556,百和永豐99購01  ,0,0,0,0,0,0,0,0,0,109000,0,0,0,146000,37000,109000,109000
060923,全新永豐9A購01  ,0,0,0,0,0,0,0,0,0,109000,0,0,0,109000,0,109000,109000
062869,帆宣中信9B購01  ,0,0,0,0,0,0,0,0,0,109000,0,0,0,229000,120000,109000,109000
063782,致新永豐9B購02  ,0,0,0,0,0,0,0,0,0,109000,0,0,0,177000,68000,109000,109000
064266,聯茂永豐9C購01  ,0,0,0,0,0,0,0,0,0,109000,0,0,0,125000,16000,109000,109000
064514,喬山群益9C購01  ,0,0,0,0,0,0,0,0,0,108000,0,0,0,108000,0,108000,108000
3312,弘憶股          ,135000,24000,111000,0,0,0,0,0,0,-3000,0,3000,-3000,0,0,0,108000
056657,華邦電元大99購01,0,0,0,0,0,0,0,0,0,108000,0,0,0,108000,0,108000,108000
059656,T50反1元大99購11,0,0,0,0,0,0,0,0,0,108000,0,0,0,389000,281000,108000,108000
057718,旺宏元富02購02  ,0,0,0,0,0,0,0,0,0,108000,0,0,0,114000,6000,108000,108000
064274,燿華元大9C購01  ,0,0,0,0,0,0,0,0,0,108000,0,0,0,114000,6000,108000,108000
06937P,GIS元大98售03   ,0,0,0,0,0,0,0,0,0,107000,0,0,0,126000,19000,107000,107000
054943,群光元大97購01  ,0,0,0,0,0,0,0,0,0,107000,0,0,0,107000,0,107000,107000
056457,嘉澤凱基98購01  ,0,0,0,0,0,0,0,0,0,107000,0,0,0,122000,15000,107000,107000
061579,京鼎元大9A購02  ,0,0,0,0,0,0,0,0,0,107000,0,0,0,135000,28000,107000,107000
061473,台積電元大9A購33,0,0,0,0,0,0,0,0,0,107000,0,0,0,108000,1000,107000,107000
060714,晶技永豐9A購02  ,0,0,0,0,0,0,0,0,0,107000,0,0,0,215000,108000,107000,107000
058154,泰碩統一9A購01  ,0,0,0,0,0,0,0,0,0,107000,0,0,0,116000,9000,107000,107000
064284,京鼎元大9C購01  ,0,0,0,0,0,0,0,0,0,107000,0,0,0,115000,8000,107000,107000
063854,南電元大9C購01  ,0,0,0,0,0,0,0,0,0,107000,0,0,0,136000,29000,107000,107000
062704,大毅元大9C購01  ,0,0,0,0,0,0,0,0,0,107000,0,0,0,213000,106000,107000,107000
062028,晶技群益9B購01  ,0,0,0,0,0,0,0,0,0,107000,0,0,0,128000,21000,107000,107000
06448P,華通元大99售01  ,0,0,0,0,0,0,0,0,0,106000,0,0,0,131000,25000,106000,106000
057767,緯穎凱基98購06  ,0,0,0,0,0,0,0,0,0,106000,0,0,0,221000,115000,106000,106000
062288,南六群益9B購01  ,0,0,0,0,0,0,0,0,0,106000,0,0,0,235000,129000,106000,106000
064009,超眾凱基01購01  ,0,0,0,0,0,0,0,0,0,106000,0,0,0,112000,6000,106000,106000
063665,南亞科統一01購02,0,0,0,0,0,0,0,0,0,106000,0,0,0,207000,101000,106000,106000
063725,聯電元大9C購03  ,0,0,0,0,0,0,0,0,0,106000,0,0,0,213000,107000,106000,106000
053025,燿華富邦98購02  ,0,0,0,0,0,0,0,0,0,105000,0,0,0,105000,0,105000,105000
055197,致新元富97購02  ,0,0,0,0,0,0,0,0,0,105000,0,0,0,105000,0,105000,105000
00666R,富邦恒生國企反1 ,0,19000,-19000,0,0,0,0,0,0,124000,0,0,0,254000,130000,124000,105000
056769,國產元大98購01  ,0,0,0,0,0,0,0,0,0,105000,0,0,0,181000,76000,105000,105000
05924P,超眾元富96售04  ,0,0,0,0,0,0,0,0,0,105000,0,0,0,105000,0,105000,105000
061360,智邦兆豐9B購02  ,0,0,0,0,0,0,0,0,0,105000,0,0,0,231000,126000,105000,105000
057707,臺股指群益98購07,0,0,0,0,0,0,0,0,0,105000,0,0,0,105000,0,105000,105000
061230,臺指反元大01購04,0,0,0,0,0,0,0,0,0,105000,0,0,0,105000,0,105000,105000
063656,台光電元富03購01,0,0,0,0,0,0,0,0,0,105000,0,0,0,301000,196000,105000,105000
064196,健策群益01購01  ,0,0,0,0,0,0,0,0,0,105000,0,0,0,183000,78000,105000,105000
062833,世芯群益9B購01  ,0,0,0,0,0,0,0,0,0,105000,0,0,0,133000,28000,105000,105000
060103,聯詠元大99購01  ,0,0,0,0,0,0,0,0,0,104000,0,0,0,107000,3000,104000,104000
058951,南電群益99購01  ,0,0,0,0,0,0,0,0,0,104000,0,0,0,108000,4000,104000,104000
057981,臻鼎永豐98購01  ,0,0,0,0,0,0,0,0,0,104000,0,0,0,174000,70000,104000,104000
062373,泰鼎元大9B購01  ,0,0,0,0,0,0,0,0,0,104000,0,0,0,260000,156000,104000,104000
063896,世芯群益9C購01  ,0,0,0,0,0,0,0,0,0,104000,0,0,0,299000,195000,104000,104000
063350,台表科統一02購02,0,0,0,0,0,0,0,0,0,104000,0,0,0,154000,50000,104000,104000
055931,冠德群益97購02  ,0,0,0,0,0,0,0,0,0,103000,0,0,0,103000,0,103000,103000
056578,智易元大99購02  ,0,0,0,0,0,0,0,0,0,103000,0,0,0,103000,0,103000,103000
057514,華新科元富99購03,0,0,0,0,0,0,0,0,0,103000,0,0,0,103000,0,103000,103000
058244,神達元大99購02  ,0,0,0,0,0,0,0,0,0,103000,0,0,0,113000,10000,103000,103000
063929,高鐵統一02購01  ,0,0,0,0,0,0,0,0,0,103000,0,0,0,103000,0,103000,103000
061974,光寶科元大9B購01,0,0,0,0,0,0,0,0,0,103000,0,0,0,302000,199000,103000,103000
062711,台表科元大9B購05,0,0,0,0,0,0,0,0,0,103000,0,0,0,191000,88000,103000,103000
057517,矽創元富98購02  ,0,0,0,0,0,0,0,0,0,102000,0,0,0,137000,35000,102000,102000
057437,可成國票99購01  ,0,0,0,0,0,0,0,0,0,102000,0,0,0,109000,7000,102000,102000
058190,貿聯永豐99購01  ,0,0,0,0,0,0,0,0,0,102000,0,0,0,103000,1000,102000,102000
059370,玉晶光元富99購02,0,0,0,0,0,0,0,0,0,102000,0,0,0,120000,18000,102000,102000
060376,瑞祺元富9A購01  ,0,0,0,0,0,0,0,0,0,102000,0,0,0,209000,107000,102000,102000
062762,聯詠凱基9B購02  ,0,0,0,0,0,0,0,0,0,102000,0,0,0,102000,0,102000,102000
062090,南電元大9B購02  ,0,0,0,0,0,0,0,0,0,102000,0,0,0,113000,11000,102000,102000
061786,義隆群益9B購01  ,0,0,0,0,0,0,0,0,0,102000,0,0,0,107000,5000,102000,102000
064028,大毅元大01購01  ,0,0,0,0,0,0,0,0,0,102000,0,0,0,130000,28000,102000,102000
07251P,台灣50元富01售04,0,0,0,0,0,0,0,0,0,101000,0,0,0,115000,14000,101000,101000
2472,立隆電          ,225000,130000,95000,0,0,0,0,0,0,6000,27000,21000,6000,0,0,0,101000
057119,微星康和98購01  ,0,0,0,0,0,0,0,0,0,101000,0,0,0,169000,68000,101000,101000
055972,GIS元大97購04   ,0,0,0,0,0,0,0,0,0,101000,0,0,0,115000,14000,101000,101000
060028,國揚永豐99購01  ,0,0,0,0,0,0,0,0,0,101000,0,0,0,131000,30000,101000,101000
061708,同欣電國票9A購02,0,0,0,0,0,0,0,0,0,101000,0,0,0,129000,28000,101000,101000
060868,致伸永豐9A購01  ,0,0,0,0,0,0,0,0,0,101000,0,0,0,102000,1000,101000,101000
061001,智邦兆豐9B購01  ,0,0,0,0,0,0,0,0,0,101000,0,0,0,137000,36000,101000,101000
060633,玉晶光富邦02購01,0,0,0,0,0,0,0,0,0,101000,0,0,0,152000,51000,101000,101000
063295,京元電麥證9B購01,0,0,0,105000,4000,101000,0,0,0,101000,0,0,0,105000,4000,101000,101000
08082P,台灣50元大9B售21,0,0,0,0,0,0,0,0,0,100000,0,0,0,100000,0,100000,100000
07031P,台灣50中信03售02,0,0,0,0,0,0,0,0,0,100000,0,0,0,100000,0,100000,100000
07451P,鴻海元大9B售01  ,0,0,0,0,0,0,0,0,0,100000,0,0,0,100000,0,100000,100000
07316P,長榮航康和99售01,0,0,0,0,0,0,0,0,0,100000,0,0,0,100000,0,100000,100000
06912P,台光電元大99售02,0,0,0,0,0,0,0,0,0,100000,0,0,0,100000,0,100000,100000
06653P,美食元大98售02  ,0,0,0,0,0,0,0,0,0,100000,0,0,0,190000,90000,100000,100000
06681P,致茂元大98售02  ,0,0,0,0,0,0,0,0,0,100000,0,0,0,100000,0,100000,100000
06507P,台表科國票99售01,0,0,0,0,0,0,0,0,0,100000,0,0,0,100000,0,100000,100000
059473,T50反1群益99購03,0,0,0,0,0,0,0,0,0,100000,0,0,0,100000,0,100000,100000
058493,台積電群益9A購01,0,0,0,0,0,0,0,0,0,100000,0,0,0,100000,0,100000,100000
055979,聯鈞統一97購03  ,0,0,0,0,0,0,0,0,0,100000,0,0,0,100000,0,100000,100000
056215,華新科國票97購03,0,0,0,0,0,0,0,0,0,100000,0,0,0,100000,0,100000,100000
056307,貿聯元大97購05  ,0,0,0,0,0,0,0,0,0,100000,0,0,0,168000,68000,100000,100000
056292,統一元大97購01  ,0,0,0,0,0,0,0,0,0,100000,0,0,0,106000,6000,100000,100000
057108,潤泰全群益98購01,0,0,0,0,0,0,0,0,0,100000,0,0,0,100000,0,100000,100000
057187,群創元大9B購04  ,0,0,0,0,0,0,0,0,0,100000,0,0,0,102000,2000,100000,100000
057066,緯穎富邦99購01  ,0,0,0,0,0,0,0,0,0,100000,0,0,0,100000,0,100000,100000
055675,亞德客凱基97購02,0,0,0,0,0,0,0,0,0,100000,0,0,0,140000,40000,100000,100000
054690,新興永豐97購01  ,0,0,0,0,0,0,0,0,0,100000,0,0,0,100000,0,100000,100000
05331P,上証2X國票96售01,0,0,0,0,0,0,0,0,0,100000,0,0,0,100000,0,100000,100000
055262,台虹國泰98購01  ,0,0,0,0,0,0,0,0,0,100000,0,0,0,100000,0,100000,100000
053646,臺股指國票96購09,0,0,0,0,0,0,0,0,0,100000,0,0,0,100000,0,100000,100000
055397,超眾統一97購02  ,0,0,0,0,0,0,0,0,0,100000,0,0,0,100000,0,100000,100000
054147,GIS元大96購02   ,0,0,0,0,0,0,0,0,0,100000,0,0,0,100000,0,100000,100000
054263,聯茂元大96購02  ,0,0,0,0,0,0,0,0,0,100000,0,0,0,115000,15000,100000,100000
052424,泰碩國票97購01  ,0,0,0,0,0,0,0,0,0,100000,0,0,0,100000,0,100000,100000
052779,欣興國票97購01  ,0,0,0,0,0,0,0,0,0,100000,0,0,0,100000,0,100000,100000
052807,貿聯元大98購01  ,0,0,0,0,0,0,0,0,0,100000,0,0,0,100000,0,100000,100000
053107,旺宏兆豐97購01  ,0,0,0,0,0,0,0,0,0,100000,0,0,0,100000,0,100000,100000
055157,晶豪科元大97購01,0,0,0,0,0,0,0,0,0,100000,0,0,0,100000,0,100000,100000
03445B,臺股指元大02熊01,0,0,0,0,0,0,0,0,0,100000,0,0,0,754000,654000,100000,100000
061232,和大元大9A購03  ,0,0,0,0,0,0,0,0,0,100000,0,0,0,130000,30000,100000,100000
058082,美律群益98購05  ,0,0,0,0,0,0,0,0,0,100000,0,0,0,100000,0,100000,100000
061622,臻鼎群益9A購01  ,0,0,0,0,0,0,0,0,0,100000,0,0,0,100000,0,100000,100000
061626,超眾群益9A購02  ,0,0,0,0,0,0,0,0,0,100000,0,0,0,106000,6000,100000,100000
058927,勤誠元富99購02  ,0,0,0,0,0,0,0,0,0,100000,0,0,0,100000,0,100000,100000
057989,旺宏統一99購04  ,0,0,0,0,0,0,0,0,0,100000,0,0,0,100000,0,100000,100000
061342,華新科元大9A購17,0,0,0,0,0,0,0,0,0,100000,0,0,0,100000,0,100000,100000
058405,訊連元大99購02  ,0,0,0,0,0,0,0,0,0,100000,0,0,0,100000,0,100000,100000
059691,大立光永豐99購02,0,0,0,0,0,0,0,0,0,100000,0,0,0,100000,0,100000,100000
063733,聯發科元大9B購27,0,0,0,0,0,0,0,0,0,100000,0,0,0,258000,158000,100000,100000
06216P,上銀元富97售03  ,0,0,0,0,0,0,0,0,0,100000,0,0,0,100000,0,100000,100000
062498,華通群益9C購04  ,0,0,0,0,0,0,0,0,0,100000,0,0,0,100000,0,100000,100000
063025,超眾元大9B購01  ,0,0,0,0,0,0,0,0,0,100000,0,0,0,115000,15000,100000,100000
063045,國巨兆豐9C購02  ,0,0,0,0,0,0,0,0,0,100000,0,0,0,100000,0,100000,100000
064427,喬山凱基01購01  ,0,0,0,0,0,0,0,0,0,99000,0,0,0,154000,55000,99000,99000
064606,南電元富9C購03  ,0,0,0,0,0,0,0,0,0,99000,0,0,0,200000,101000,99000,99000
064651,GIS凱基9C購02   ,0,0,0,0,0,0,0,0,0,99000,0,0,0,150000,51000,99000,99000
060988,華新科元大9A購12,0,0,0,0,0,0,0,0,0,99000,0,0,0,100000,1000,99000,99000
060954,國泰金群益9A購02,0,0,0,0,0,0,0,0,0,99000,0,0,0,99000,0,99000,99000
058597,瑞昱台新99購01  ,0,0,0,0,0,0,0,0,0,99000,0,0,0,100000,1000,99000,99000
063756,鴻海統一9B購09  ,0,0,0,0,0,0,0,0,0,99000,0,0,0,99000,0,99000,99000
063888,TPK中信01購01   ,0,0,0,0,0,0,0,0,0,99000,0,0,0,109000,10000,99000,99000
064192,巨大中信9C購01  ,0,0,0,0,0,0,0,0,0,99000,0,0,0,139000,40000,99000,99000
07520P,臺股指元大9B售11,0,0,0,0,0,0,0,0,0,98000,0,0,0,100000,2000,98000,98000
07989P,玉晶光凱基9B售07,0,0,0,0,0,0,0,0,0,98000,0,0,0,200000,102000,98000,98000
054265,GIS元大96購03   ,0,0,0,0,0,0,0,0,0,98000,0,0,0,98000,0,98000,98000
053875,GIS元大97購01   ,0,0,0,0,0,0,0,0,0,98000,0,0,0,98000,0,98000,98000
056413,上証反中信9A購01,0,0,0,0,0,0,0,0,0,98000,0,0,0,100000,2000,98000,98000
057381,微星國泰9A購01  ,0,0,0,0,0,0,0,0,0,98000,0,0,0,98000,0,98000,98000
056075,瀚宇博元大97購03,0,0,0,0,0,0,0,0,0,98000,0,0,0,98000,0,98000,98000
060251,易華電元大9C購01,0,0,0,0,0,0,0,0,0,98000,0,0,0,134000,36000,98000,98000
060221,大立光凱基9A購07,0,0,0,0,0,0,0,0,0,98000,0,0,0,104000,6000,98000,98000
061633,統一元大9A購01  ,0,0,0,0,0,0,0,0,0,98000,0,0,0,195000,97000,98000,98000
064147,瑞昱統一01購04  ,0,0,0,0,0,0,0,0,0,98000,0,0,0,235000,137000,98000,98000
063584,南六國泰01購01  ,0,0,0,0,0,0,0,0,0,98000,0,0,0,263000,165000,98000,98000
06447P,上銀元大98售01  ,0,0,0,0,0,0,0,0,0,97000,0,0,0,120000,23000,97000,97000
06855P,聯發科富邦9A售01,0,0,0,0,0,0,0,0,0,97000,0,0,0,100000,3000,97000,97000
059945,嘉澤永豐99購03  ,0,0,0,0,0,0,0,0,0,97000,0,0,0,97000,0,97000,97000
054957,興富發元大97購01,0,0,0,0,0,0,0,0,0,97000,0,0,0,97000,0,97000,97000
061466,創意群益9A購01  ,0,0,0,0,0,0,0,0,0,97000,0,0,0,128000,31000,97000,97000
061443,大立光統一9C購02,0,0,0,0,0,0,0,0,0,97000,0,0,0,97000,0,97000,97000
060212,華航康和9A購01  ,0,0,0,0,0,0,0,0,0,97000,0,0,0,97000,0,97000,97000
060361,南亞科元富9A購03,0,0,0,0,0,0,0,0,0,97000,0,0,0,97000,0,97000,97000
060819,國巨統一9C購04  ,0,0,0,0,0,0,0,0,0,97000,0,0,0,100000,3000,97000,97000
061092,可成統一9C購02  ,0,0,0,0,0,0,0,0,0,97000,0,0,0,119000,22000,97000,97000
063618,智邦兆豐9C購01  ,0,0,0,0,0,0,0,0,0,97000,0,0,0,119000,22000,97000,97000
4934,太極            ,400000,303000,97000,0,0,0,0,0,0,-1000,0,1000,-1000,0,0,0,96000
058664,百和兆豐99購01  ,0,0,0,0,0,0,0,0,0,96000,0,0,0,119000,23000,96000,96000
061489,高鐵兆豐9A購01  ,0,0,0,0,0,0,0,0,0,96000,0,0,0,150000,54000,96000,96000
058936,國喬中信99購01  ,0,0,0,0,0,0,0,0,0,96000,0,0,0,265000,169000,96000,96000
057823,神達元大98購01  ,0,0,0,0,0,0,0,0,0,96000,0,0,0,121000,25000,96000,96000
063324,道瓊反國票9B購03,0,0,0,0,0,0,0,0,0,96000,0,0,0,520000,424000,96000,96000
063230,緯穎群益9B購02  ,0,0,0,0,0,0,0,0,0,96000,0,0,0,103000,7000,96000,96000
062823,台表科兆豐9B購01,0,0,0,0,0,0,0,0,0,96000,0,0,0,109000,13000,96000,96000
062955,立積永豐9B購02  ,0,0,0,0,0,0,0,0,0,96000,0,0,0,111000,15000,96000,96000
062253,燿華元大9B購02  ,0,0,0,0,0,0,0,0,0,96000,0,0,0,260000,164000,96000,96000
057531,禾伸堂元大99購04,0,0,0,0,0,0,0,0,0,95000,0,0,0,95000,0,95000,95000
057279,國揚元大98購01  ,0,0,0,0,0,0,0,0,0,95000,0,0,0,95000,0,95000,95000
057244,鈺齊凱基99購01  ,0,0,0,0,0,0,0,0,0,95000,0,0,0,115000,20000,95000,95000
057016,中石化凱基9B購01,0,0,0,0,0,0,0,0,0,95000,0,0,0,115000,20000,95000,95000
056626,同欣電永豐98購01,0,0,0,0,0,0,0,0,0,95000,0,0,0,95000,0,95000,95000
058712,鴻海統一9B購03  ,0,0,0,0,0,0,0,0,0,95000,0,0,0,95000,0,95000,95000
060845,欣興國票9A購01  ,0,0,0,0,0,0,0,0,0,95000,0,0,0,132000,37000,95000,95000
061961,台積電統一01購02,0,0,0,0,0,0,0,0,0,95000,0,0,0,150000,55000,95000,95000
063714,超眾凱基9B購03  ,0,0,0,0,0,0,0,0,0,95000,0,0,0,115000,20000,95000,95000
064286,TPK元大9C購02   ,0,0,0,0,0,0,0,0,0,95000,0,0,0,100000,5000,95000,95000
064048,大立光統一9C購07,0,0,0,0,0,0,0,0,0,95000,0,0,0,95000,0,95000,95000
2820,華票            ,61000,379000,-318000,0,0,0,466000,0,466000,-54000,0,54000,-54000,0,0,0,94000
054057,晶豪科國票97購01,0,0,0,0,0,0,0,0,0,94000,0,0,0,94000,0,94000,94000
058646,聯茂富邦9A購01  ,0,0,0,0,0,0,0,0,0,94000,0,0,0,107000,13000,94000,94000
058007,南電群益98購02  ,0,0,0,0,0,0,0,0,0,94000,0,0,0,104000,10000,94000,94000
058929,可成統一9C購01  ,0,0,0,0,0,0,0,0,0,94000,0,0,0,216000,122000,94000,94000
064036,矽創元大9C購01  ,0,0,0,0,0,0,0,0,0,94000,0,0,0,134000,40000,94000,94000
062909,大立光元大9C購04,0,0,0,0,0,0,0,0,0,94000,0,0,0,114000,20000,94000,94000
064620,大立光元大01購03,0,0,0,0,0,0,0,0,0,93000,0,0,0,93000,0,93000,93000
08034P,台積電兆豐9B售02,0,0,0,0,0,0,0,0,0,93000,0,0,0,93000,0,93000,93000
054170,泰鼎凱基98購01  ,0,0,0,0,0,0,0,0,0,93000,0,0,0,115000,22000,93000,93000
061344,禾伸堂元大9A購02,0,0,0,0,0,0,0,0,0,93000,0,0,0,93000,0,93000,93000
061347,創意元大9A購02  ,0,0,0,0,0,0,0,0,0,93000,0,0,0,208000,115000,93000,93000
061503,臻鼎國票9B購01  ,0,0,0,0,0,0,0,0,0,93000,0,0,0,132000,39000,93000,93000
058315,TPK富邦9C購01   ,0,0,0,0,0,0,0,0,0,93000,0,0,0,148000,55000,93000,93000
060417,正隆永豐9A購01  ,0,0,0,0,0,0,0,0,0,93000,0,0,0,120000,27000,93000,93000
060685,康友元大9A購01  ,0,0,0,0,0,0,0,0,0,93000,0,0,0,100000,7000,93000,93000
061050,康友中信9A購01  ,0,0,0,0,0,0,0,0,0,93000,0,0,0,93000,0,93000,93000
061132,志超永豐9A購01  ,0,0,0,0,0,0,0,0,0,93000,0,0,0,93000,0,93000,93000
062968,仁寶元富9B購01  ,0,0,0,0,0,0,0,0,0,93000,0,0,0,214000,121000,93000,93000
063191,台表科凱基9B購03,0,0,0,0,0,0,0,0,0,93000,0,0,0,101000,8000,93000,93000
057493,聯詠元大98購02  ,0,0,0,0,0,0,0,0,0,92000,0,0,0,207000,115000,92000,92000
055536,嘉聯益群益99購02,0,0,0,0,0,0,0,0,0,92000,0,0,0,92000,0,92000,92000
059949,啟碁永豐99購01  ,0,0,0,0,0,0,0,0,0,92000,0,0,0,98000,6000,92000,92000
059157,元石油凱基9C購01,0,0,0,0,0,0,0,0,0,92000,0,0,0,92000,0,92000,92000
063273,緯穎兆豐9C購01  ,0,0,0,0,0,0,0,0,0,92000,0,0,0,125000,33000,92000,92000
062290,聯發科富邦9C購04,0,0,0,0,0,0,0,0,0,92000,0,0,0,114000,22000,92000,92000
057655,奇力新中信98購05,0,0,0,0,0,0,0,0,0,91000,0,0,0,91000,0,91000,91000
006205,富邦上証        ,107000,2000,105000,0,0,0,0,200000,-200000,186000,90000,0,90000,1284000,1188000,96000,91000
059832,超眾康和99購01  ,0,0,0,0,0,0,0,0,0,91000,0,0,0,91000,0,91000,91000
057931,正崴群益98購02  ,0,0,0,0,0,0,0,0,0,91000,0,0,0,91000,0,91000,91000
060157,致茂永豐9A購02  ,0,0,0,0,0,0,0,0,0,91000,0,0,0,281000,190000,91000,91000
061037,嘉澤永豐9A購01  ,0,0,0,0,0,0,0,0,0,91000,0,0,0,91000,0,91000,91000
061081,宏碁兆豐9A購01  ,0,0,0,0,0,0,0,0,0,91000,0,0,0,507000,416000,91000,91000
058262,大立光富邦9C購02,0,0,0,0,0,0,0,0,0,91000,0,0,0,91000,0,91000,91000
07845P,南亞科元大9A售08,0,0,0,0,0,0,0,0,0,90000,0,0,0,100000,10000,90000,90000
054848,群創兆豐98購01  ,0,0,0,0,0,0,0,0,0,90000,0,0,0,90000,0,90000,90000
056498,A50正2富邦9B購01,0,0,0,0,0,0,0,0,0,90000,0,0,0,110000,20000,90000,90000
054040,中石化元大9C購01,0,0,0,0,0,0,0,0,0,90000,0,0,0,150000,60000,90000,90000
058518,玉晶光元大99購13,0,0,0,0,0,0,0,0,0,90000,0,0,0,90000,0,90000,90000
058245,訊連元大99購01  ,0,0,0,0,0,0,0,0,0,90000,0,0,0,100000,10000,90000,90000
058113,百和元富98購01  ,0,0,0,0,0,0,0,0,0,90000,0,0,0,141000,51000,90000,90000
058124,玉晶光國票9A購01,0,0,0,0,0,0,0,0,0,90000,0,0,0,90000,0,90000,90000
061089,台積電統一9C購04,0,0,0,0,0,0,0,0,0,90000,0,0,0,91000,1000,90000,90000
058637,晶技兆豐99購01  ,0,0,0,0,0,0,0,0,0,90000,0,0,0,290000,200000,90000,90000
060996,臻鼎元大9A購01  ,0,0,0,0,0,0,0,0,0,90000,0,0,0,90000,0,90000,90000
060735,鴻海統一9C購03  ,0,0,0,0,0,0,0,0,0,90000,0,0,0,100000,10000,90000,90000
061141,臻鼎統一9A購01  ,0,0,0,0,0,0,0,0,0,90000,0,0,0,90000,0,90000,90000
060338,鴻海統一9C購02  ,0,0,0,0,0,0,0,0,0,90000,0,0,0,120000,30000,90000,90000
060798,旭富永豐9A購01  ,0,0,0,0,0,0,0,0,0,90000,0,0,0,100000,10000,90000,90000
058845,元油2X群益9C購04,0,0,0,0,0,0,0,0,0,90000,0,0,0,90000,0,90000,90000
061368,南六國票9A購01  ,0,0,0,0,0,0,0,0,0,90000,0,0,0,124000,34000,90000,90000
061267,玉山金凱基9B購01,0,0,0,0,0,0,0,0,0,90000,0,0,0,170000,80000,90000,90000
061430,致新元大9A購01  ,0,0,0,0,0,0,0,0,0,90000,0,0,0,90000,0,90000,90000
059278,群創元大9A購04  ,0,0,0,0,0,0,0,0,0,90000,0,0,0,122000,32000,90000,90000
062085,同欣電元大9B購01,0,0,0,0,0,0,0,0,0,90000,0,0,0,120000,30000,90000,90000
06173P,華通元大97售02  ,0,0,0,0,0,0,0,0,0,90000,0,0,0,100000,10000,90000,90000
061865,力山元大9B購01  ,0,0,0,0,0,0,0,0,0,90000,0,0,0,421000,331000,90000,90000
062590,亞光統一9B購01  ,0,0,0,0,0,0,0,0,0,90000,0,0,0,90000,0,90000,90000
062680,微星統一01購01  ,0,0,0,0,0,0,0,0,0,90000,0,0,0,126000,36000,90000,90000
062630,全新國票9B購02  ,0,0,0,0,0,0,0,0,0,90000,0,0,0,90000,0,90000,90000
064132,神達元大9C購02  ,0,0,0,0,0,0,0,0,0,90000,0,0,0,141000,51000,90000,90000
064176,京元電國泰01購01,0,0,0,0,0,0,0,0,0,90000,0,0,0,158000,68000,90000,90000
8422,可寧衛          ,135000,42000,93000,0,0,0,0,0,0,-3000,0,3000,-3000,0,0,0,90000
057242,台郡凱基98購05  ,0,0,0,0,0,0,0,0,0,89000,0,0,0,95000,6000,89000,89000
058982,台積電凱基99購08,0,0,0,0,0,0,0,0,0,89000,0,0,0,103000,14000,89000,89000
064180,國巨富邦02購03  ,0,0,0,0,0,0,0,0,0,89000,0,0,0,133000,44000,89000,89000
064103,大立光群益9C購03,0,0,0,0,0,0,0,0,0,89000,0,0,0,106000,17000,89000,89000
064267,南六永豐9C購03  ,0,0,0,0,0,0,0,0,0,89000,0,0,0,169000,80000,89000,89000
063956,神達元大9C購01  ,0,0,0,0,0,0,0,0,0,89000,0,0,0,89000,0,89000,89000
063833,致新國票01購01  ,0,0,0,0,0,0,0,0,0,89000,0,0,0,90000,1000,89000,89000
063280,燿華元大9B購05  ,0,0,0,0,0,0,0,0,0,89000,0,0,0,106000,17000,89000,89000
07020P,玉晶光台新99售02,0,0,0,0,0,0,0,0,0,88000,0,0,0,360000,272000,88000,88000
057665,技嘉元大99購01  ,0,0,0,0,0,0,0,0,0,88000,0,0,0,90000,2000,88000,88000
056545,TPK凱基98購02   ,0,0,0,0,0,0,0,0,0,88000,0,0,0,88000,0,88000,88000
058507,美律元大9A購01  ,0,0,0,0,0,0,0,0,0,88000,0,0,0,198000,110000,88000,88000
050137,臺指反國票96購01,0,0,0,0,0,0,0,0,0,88000,0,0,0,88000,0,88000,88000
061196,世芯永豐9A購06  ,0,0,0,0,0,0,0,0,0,88000,0,0,0,153000,65000,88000,88000
062707,致伸元大9B購01  ,0,0,0,0,0,0,0,0,0,88000,0,0,0,105000,17000,88000,88000
062787,超眾元大9C購02  ,0,0,0,0,0,0,0,0,0,88000,0,0,0,98000,10000,88000,88000
061931,力山國票9B購02  ,0,0,0,0,0,0,0,0,0,88000,0,0,0,141000,53000,88000,88000
062280,大立光群益9C購01,0,0,0,0,0,0,0,0,0,88000,0,0,0,93000,5000,88000,88000
064488,台達電元大9C購01,0,0,0,0,0,0,0,0,0,87000,0,0,0,92000,5000,87000,87000
08060P,嘉澤元大9B售01  ,0,0,0,0,0,0,0,0,0,87000,0,0,0,93000,6000,87000,87000
055153,台光電元大98購02,0,0,0,0,0,0,0,0,0,87000,0,0,0,135000,48000,87000,87000
060511,群創元大9B購08  ,0,0,0,0,0,0,0,0,0,87000,0,0,0,113000,26000,87000,87000
058270,上緯控永豐99購01,0,0,0,0,0,0,0,0,0,87000,0,0,0,87000,0,87000,87000
057772,台積電群益99購01,0,0,0,0,0,0,0,0,0,87000,0,0,0,117000,30000,87000,87000
061625,聯茂群益9A購02  ,0,0,0,0,0,0,0,0,0,87000,0,0,0,230000,143000,87000,87000
061989,晶技元大9B購04  ,0,0,0,0,0,0,0,0,0,87000,0,0,0,92000,5000,87000,87000
061842,牧德凱基9C購01  ,0,0,0,0,0,0,0,0,0,87000,0,0,0,87000,0,87000,87000
061843,億豐凱基9C購01  ,0,0,0,0,0,0,0,0,0,87000,0,0,0,87000,0,87000,87000
062564,矽創凱基9B購01  ,0,0,0,0,0,0,0,0,0,87000,0,0,0,87000,0,87000,87000
063039,大立光凱基9C購02,0,0,0,0,0,0,0,0,0,87000,0,0,0,137000,50000,87000,87000
063016,微星元大9C購02  ,0,0,0,0,0,0,0,0,0,87000,0,0,0,92000,5000,87000,87000
063063,泰鼎元富9B購01  ,0,0,0,0,0,0,0,0,0,87000,0,0,0,465000,378000,87000,87000
063644,祥碩元大9B購10  ,0,0,0,0,0,0,0,0,0,87000,0,0,0,102000,15000,87000,87000
064038,景碩台新9C購01  ,0,0,0,0,0,0,0,0,0,87000,0,0,0,87000,0,87000,87000
064100,義隆群益9C購01  ,0,0,0,0,0,0,0,0,0,87000,0,0,0,219000,132000,87000,87000
08423P,台積電統一9C售13,0,0,0,0,0,0,0,0,0,86000,0,0,0,87000,1000,86000,86000
054229,超眾元富96購05  ,0,0,0,0,0,0,0,0,0,86000,0,0,0,86000,0,86000,86000
054351,華新科國泰97購03,0,0,0,0,0,0,0,0,0,86000,0,0,0,88000,2000,86000,86000
060009,南亞科群益99購03,0,0,0,0,0,0,0,0,0,86000,0,0,0,86000,0,86000,86000
059991,超眾元大9A購02  ,0,0,0,0,0,0,0,0,0,86000,0,0,0,94000,8000,86000,86000
060011,臺股指群益9C購06,0,0,0,0,0,0,0,0,0,86000,0,0,0,93000,7000,86000,86000
05545P,台表科國泰98售01,0,0,0,0,0,0,0,0,0,86000,0,0,0,234000,148000,86000,86000
057405,麗豐群益98購01  ,0,0,0,0,0,0,0,0,0,86000,0,0,0,86000,0,86000,86000
057647,欣興元大98購10  ,0,0,0,0,0,0,0,0,0,86000,0,0,0,160000,74000,86000,86000
057182,禾伸堂元大99購02,0,0,0,0,0,0,0,0,0,86000,0,0,0,86000,0,86000,86000
059364,昇陽半永豐99購02,0,0,0,0,0,0,0,0,0,86000,0,0,0,120000,34000,86000,86000
058711,鴻海統一9A購02  ,0,0,0,0,0,0,0,0,0,86000,0,0,0,91000,5000,86000,86000
060654,大毅群益9B購01  ,0,0,0,0,0,0,0,0,0,86000,0,0,0,193000,107000,86000,86000
063953,世芯元大01購01  ,0,0,0,0,0,0,0,0,0,86000,0,0,0,90000,4000,86000,86000
063928,可成統一01購02  ,0,0,0,0,0,0,0,0,0,86000,0,0,0,86000,0,86000,86000
063807,超眾兆豐01購01  ,0,0,0,0,0,0,0,0,0,86000,0,0,0,86000,0,86000,86000
063631,燿華元大9B購06  ,0,0,0,0,0,0,0,0,0,86000,0,0,0,101000,15000,86000,86000
063502,南電永豐9B購02  ,0,0,0,0,0,0,0,0,0,86000,0,0,0,88000,2000,86000,86000
063019,聯發科元大9C購01,0,0,0,0,0,0,0,0,0,86000,0,0,0,97000,11000,86000,86000
062863,聯茂國票9B購01  ,0,0,0,0,0,0,0,0,0,86000,0,0,0,135000,49000,86000,86000
062766,台郡凱基9B購02  ,0,0,0,0,0,0,0,0,0,86000,0,0,0,94000,8000,86000,86000
062159,聯詠凱基9B購01  ,0,0,0,0,0,0,0,0,0,86000,0,0,0,86000,0,86000,86000
062408,致新永豐9B購01  ,0,0,0,0,0,0,0,0,0,86000,0,0,0,91000,5000,86000,86000
08047P,臺股指國票9B售12,0,0,0,0,0,0,0,0,0,85000,0,0,0,90000,5000,85000,85000
07543P,台積電凱基9A售17,0,0,0,0,0,0,0,0,0,85000,0,0,0,100000,15000,85000,85000
07420P,可成元大99售07  ,0,0,0,0,0,0,0,0,0,85000,0,0,0,85000,0,85000,85000
07293P,臺股指凱基99售45,0,0,0,0,0,0,0,0,0,85000,0,0,0,110000,25000,85000,85000
064613,聯電元大9C購05  ,0,0,0,0,0,0,0,0,0,85000,0,0,0,85000,0,85000,85000
064593,鈺齊永豐9C購01  ,0,0,0,0,0,0,0,0,0,85000,0,0,0,85000,0,85000,85000
064573,復盛群益9C購01  ,0,0,0,0,0,0,0,0,0,85000,0,0,0,85000,0,85000,85000
06564P,國巨富邦9A售04  ,0,0,0,0,0,0,0,0,0,85000,0,0,0,180000,95000,85000,85000
057158,義隆永豐99購01  ,0,0,0,0,0,0,0,0,0,85000,0,0,0,87000,2000,85000,85000
057383,玉晶光富邦9A購01,0,0,0,0,0,0,0,0,0,85000,0,0,0,105000,20000,85000,85000
055689,台郡凱基99購01  ,0,0,0,0,0,0,0,0,0,85000,0,0,0,112000,27000,85000,85000
060911,大毅元大9A購01  ,0,0,0,0,0,0,0,0,0,85000,0,0,0,87000,2000,85000,85000
060882,大立光中信9A購05,0,0,0,0,0,0,0,0,0,85000,0,0,0,85000,0,85000,85000
061723,嘉聯益永豐9A購03,0,0,0,0,0,0,0,0,0,85000,0,0,0,85000,0,85000,85000
061490,茂林兆豐9B購01  ,0,0,0,0,0,0,0,0,0,85000,0,0,0,85000,0,85000,85000
058790,楠梓電元大99購03,0,0,0,0,0,0,0,0,0,85000,0,0,0,93000,8000,85000,85000
062195,聚陽中信9C購01  ,0,0,0,0,0,0,0,0,0,85000,0,0,0,174000,89000,85000,85000
06246P,茂林元富97售03  ,0,0,0,0,0,0,0,0,0,85000,0,0,0,85000,0,85000,85000
063029,喬山凱基9B購01  ,0,0,0,0,0,0,0,0,0,85000,0,0,0,194000,109000,85000,85000
062976,嘉澤元富9B購01  ,0,0,0,0,0,0,0,0,0,85000,0,0,0,338000,253000,85000,85000
062979,茂林元富9B購01  ,0,0,0,0,0,0,0,0,0,85000,0,0,0,85000,0,85000,85000
063406,麗豐國票9C購01  ,0,0,0,0,0,0,0,0,0,85000,0,0,0,85000,0,85000,85000
063810,香港反群益03購01,0,0,0,0,0,0,0,0,0,85000,0,0,0,85000,0,85000,85000
063792,香港反凱基9C購01,0,0,0,0,0,0,0,0,0,85000,0,0,0,85000,0,85000,85000
07576P,可成元大9A售01  ,0,0,0,0,0,0,0,0,0,84000,0,0,0,145000,61000,84000,84000
055970,聯茂元大97購04  ,0,0,0,0,0,0,0,0,0,84000,0,0,0,84000,0,84000,84000
056851,瑞儀元富98購01  ,0,0,0,0,0,0,0,0,0,84000,0,0,0,134000,50000,84000,84000
057556,智易凱基99購01  ,0,0,0,0,0,0,0,0,0,84000,0,0,0,142000,58000,84000,84000
048187,臺指反元大96購04,0,0,0,0,0,0,0,0,0,84000,0,0,0,84000,0,84000,84000
064007,嘉澤凱基02購01  ,0,0,0,0,0,0,0,0,0,84000,0,0,0,134000,50000,84000,84000
063437,聚陽統一01購01  ,0,0,0,0,0,0,0,0,0,84000,0,0,0,239000,155000,84000,84000
063591,麗豐永豐9B購02  ,0,0,0,0,0,0,0,0,0,84000,0,0,0,122000,38000,84000,84000
062861,世芯國票9C購01  ,0,0,0,0,0,0,0,0,0,84000,0,0,0,112000,28000,84000,84000
062501,台積電群益9C購03,0,0,0,0,0,0,0,0,0,84000,0,0,0,118000,34000,84000,84000
062123,台積電統一9B購13,0,0,0,0,0,0,0,0,0,84000,0,0,0,91000,7000,84000,84000
062395,台表科富邦9C購01,0,0,0,0,0,0,0,0,0,84000,0,0,0,94000,10000,84000,84000
056674,華邦電元富98購01,0,0,0,0,0,0,0,0,0,83000,0,0,0,181000,98000,83000,83000
059643,日月光凱基99購02,0,0,0,0,0,0,0,0,0,83000,0,0,0,135000,52000,83000,83000
061162,南電群益9A購02  ,0,0,0,0,0,0,0,0,0,83000,0,0,0,86000,3000,83000,83000
062418,台積電統一01購06,0,0,0,0,0,0,0,0,0,83000,0,0,0,87000,4000,83000,83000
062608,智易凱基9B購01  ,0,0,0,0,0,0,0,0,0,83000,0,0,0,86000,3000,83000,83000
07868P,健策元大9B售05  ,0,0,0,0,0,0,0,0,0,82000,0,0,0,100000,18000,82000,82000
06721P,臺股指中信9A售03,0,0,0,0,0,0,0,0,0,82000,0,0,0,151000,69000,82000,82000
064565,高鐵群益01購01  ,0,0,0,0,0,0,0,0,0,82000,0,0,0,82000,0,82000,82000
064403,正崴凱基01購01  ,0,0,0,0,0,0,0,0,0,82000,0,0,0,90000,8000,82000,82000
057137,鈺齊凱基98購01  ,0,0,0,0,0,0,0,0,0,82000,0,0,0,82000,0,82000,82000
051486,玉晶光凱基97購03,0,0,0,0,0,0,0,0,0,82000,0,0,0,106000,24000,82000,82000
056468,鴻海元大98購07  ,0,0,0,0,0,0,0,0,0,82000,0,0,0,82000,0,82000,82000
053337,聯電國票97購01  ,0,0,0,0,0,0,0,0,0,82000,0,0,0,86000,4000,82000,82000
058590,南電中信9A購02  ,0,0,0,0,0,0,0,0,0,82000,0,0,0,136000,54000,82000,82000
058142,瑞儀元大99購01  ,0,0,0,0,0,0,0,0,0,82000,0,0,0,112000,30000,82000,82000
059836,大立光國泰9B購02,0,0,0,0,0,0,0,0,0,82000,0,0,0,122000,40000,82000,82000
062747,立積永豐9B購01  ,0,0,0,0,0,0,0,0,0,82000,0,0,0,82000,0,82000,82000
062867,東元中信9B購01  ,0,0,0,0,0,0,0,0,0,82000,0,0,0,82000,0,82000,82000
062194,遠東新中信9C購01,0,0,0,0,0,0,0,0,0,82000,0,0,0,99000,17000,82000,82000
063758,聯發科統一9B購14,0,0,0,0,0,0,0,0,0,82000,0,0,0,275000,193000,82000,82000
063745,喬山國票9C購01  ,0,0,0,0,0,0,0,0,0,82000,0,0,0,82000,0,82000,82000
064353,力成元大9C購02  ,0,0,0,0,0,0,0,0,0,82000,0,0,0,82000,0,82000,82000
064392,喬山永豐9C購01  ,0,0,0,0,0,0,0,0,0,81000,0,0,0,160000,79000,81000,81000
051003,中環中信97購01  ,0,0,0,0,0,0,0,0,0,81000,0,0,0,81000,0,81000,81000
056615,燿華永豐98購02  ,0,0,0,0,0,0,0,0,0,81000,0,0,0,91000,10000,81000,81000
056308,TPK元大97購02   ,0,0,0,0,0,0,0,0,0,81000,0,0,0,149000,68000,81000,81000
058483,道瓊指國票9A購01,0,0,0,0,0,0,0,0,0,81000,0,0,0,81000,0,81000,81000
061470,鈺齊群益9A購02  ,0,0,0,0,0,0,0,0,0,81000,0,0,0,180000,99000,81000,81000
060433,億豐永豐9A購01  ,0,0,0,0,0,0,0,0,0,81000,0,0,0,111000,30000,81000,81000
061145,臻鼎中信9A購02  ,0,0,0,0,0,0,0,0,0,81000,0,0,0,101000,20000,81000,81000
060303,宏達電富邦9B購01,0,0,0,0,0,0,0,0,0,81000,0,0,0,221000,140000,81000,81000
064426,群創兆豐9C購01  ,0,0,0,0,0,0,0,0,0,80000,0,0,0,80000,0,80000,80000
064497,可成元大01購02  ,0,0,0,0,0,0,0,0,0,80000,0,0,0,134000,54000,80000,80000
056978,技嘉群益99購01  ,0,0,0,0,0,0,0,0,0,80000,0,0,0,100000,20000,80000,80000
056276,同欣電國泰98購01,0,0,0,0,0,0,0,0,0,80000,0,0,0,80000,0,80000,80000
055624,聯發科富邦99購07,0,0,0,0,0,0,0,0,0,80000,0,0,0,80000,0,80000,80000
052235,聯發科國票96購02,0,0,0,0,0,0,0,0,0,80000,0,0,0,85000,5000,80000,80000
00739,元大MSCI A股    ,0,0,0,0,0,0,0,0,0,80000,0,0,0,360000,280000,80000,80000
055338,GIS兆豐97購01   ,0,0,0,0,0,0,0,0,0,80000,0,0,0,100000,20000,80000,80000
053573,臺股指統一99購01,0,0,0,0,0,0,0,0,0,80000,0,0,0,102000,22000,80000,80000
057605,旺宏統一99購03  ,0,0,0,0,0,0,0,0,0,80000,0,0,0,100000,20000,80000,80000
058168,國巨凱基9A購04  ,0,0,0,0,0,0,0,0,0,80000,0,0,0,80000,0,80000,80000
058036,南電永豐98購01  ,0,0,0,0,0,0,0,0,0,80000,0,0,0,81000,1000,80000,80000
061552,南六群益9A購02  ,0,0,0,0,0,0,0,0,0,80000,0,0,0,137000,57000,80000,80000
06167P,欣興國票97售05  ,0,0,0,0,0,0,0,0,0,80000,0,0,0,80000,0,80000,80000
064175,華通國泰02購01  ,0,0,0,0,0,0,0,0,0,80000,0,0,0,80000,0,80000,80000
063503,香港反中信9C購01,0,0,0,0,0,0,0,0,0,80000,0,0,0,80000,0,80000,80000
063377,泰鼎永豐9B購03  ,0,0,0,0,0,0,0,0,0,80000,0,0,0,87000,7000,80000,80000
062128,祥碩統一01購01  ,0,0,0,0,0,0,0,0,0,80000,0,0,0,91000,11000,80000,80000
061814,聯發科群益9B購04,0,0,0,0,0,0,0,0,0,80000,0,0,0,80000,0,80000,80000
062506,巨大群益9C購01  ,0,0,0,0,0,0,0,0,0,80000,0,0,0,87000,7000,80000,80000
056375,玉晶光統一01購01,0,0,0,0,0,0,0,0,0,79000,0,0,0,94000,15000,79000,79000
055033,漢唐富邦98購01  ,0,0,0,0,0,0,0,0,0,79000,0,0,0,79000,0,79000,79000
056694,欣興群益98購04  ,0,0,0,0,0,0,0,0,0,79000,0,0,0,89000,10000,79000,79000
061658,聯茂富邦9A購03  ,0,0,0,0,0,0,0,0,0,79000,0,0,0,79000,0,79000,79000
061643,嘉澤元大9A購05  ,0,0,0,0,0,0,0,0,0,79000,0,0,0,143000,64000,79000,79000
061279,鴻海統一9C購04  ,0,0,0,0,0,0,0,0,0,79000,0,0,0,79000,0,79000,79000
059125,台積電第一03購02,0,0,0,0,0,0,0,0,0,79000,0,0,0,130000,51000,79000,79000
058358,技嘉凱基9A購01  ,0,0,0,0,0,0,0,0,0,79000,0,0,0,105000,26000,79000,79000
062798,台光電統一9B購01,0,0,0,0,0,0,0,0,0,79000,0,0,0,803000,724000,79000,79000
062881,緯創兆豐9C購01  ,0,0,0,0,0,0,0,0,0,79000,0,0,0,187000,108000,79000,79000
061971,力山元大9C購02  ,0,0,0,0,0,0,0,0,0,79000,0,0,0,200000,121000,79000,79000
062252,華邦電元大9C購01,0,0,0,0,0,0,0,0,0,79000,0,0,0,132000,53000,79000,79000
063691,聯鈞永豐9B購01  ,0,0,0,0,0,0,0,0,0,79000,0,0,0,95000,16000,79000,79000
064365,美食統一01購02  ,0,0,0,0,0,0,0,0,0,79000,0,0,0,79000,0,79000,79000
063973,緯穎國票9C購01  ,0,0,0,0,0,0,0,0,0,79000,0,0,0,194000,115000,79000,79000
055408,力成國泰98購01  ,0,0,0,0,0,0,0,0,0,78000,0,0,0,156000,78000,78000,78000
059944,欣興永豐99購03  ,0,0,0,0,0,0,0,0,0,78000,0,0,0,86000,8000,78000,78000
057537,聯茂元大98購04  ,0,0,0,0,0,0,0,0,0,78000,0,0,0,78000,0,78000,78000
059695,聯鈞永豐99購02  ,0,0,0,0,0,0,0,0,0,78000,0,0,0,78000,0,78000,78000
060909,金像電元大9B購01,0,0,0,0,0,0,0,0,0,78000,0,0,0,99000,21000,78000,78000
061155,華新科群益9A購06,0,0,0,0,0,0,0,0,0,78000,0,0,0,78000,0,78000,78000
064084,群創中信06購02  ,0,0,0,0,0,0,0,0,0,78000,0,0,0,79000,1000,78000,78000
063698,上銀群益9B購05  ,0,0,0,0,0,0,0,0,0,78000,0,0,0,130000,52000,78000,78000
062598,華通台新9B購02  ,0,0,0,0,0,0,0,0,0,78000,0,0,0,120000,42000,78000,78000
062764,世芯凱基9B購02  ,0,0,0,0,0,0,0,0,0,78000,0,0,0,92000,14000,78000,78000
062638,茂林國票9C購01  ,0,0,0,0,0,0,0,0,0,78000,0,0,0,78000,0,78000,78000
056523,光寶科中信98購01,0,0,0,0,0,0,0,0,0,77000,0,0,0,130000,53000,77000,77000
052927,友達元大98購02  ,0,0,0,0,0,0,0,0,0,77000,0,0,0,77000,0,77000,77000
061197,矽創永豐9A購02  ,0,0,0,0,0,0,0,0,0,77000,0,0,0,132000,55000,77000,77000
057706,臺股指群益98購06,0,0,0,0,0,0,0,0,0,77000,0,0,0,100000,23000,77000,77000
057848,台表科永豐98購02,0,0,0,0,0,0,0,0,0,77000,0,0,0,77000,0,77000,77000
062970,智邦元富9B購01  ,0,0,0,0,0,0,0,0,0,77000,0,0,0,118000,41000,77000,77000
061747,南亞科統一01購01,0,0,0,0,0,0,0,0,0,77000,0,0,0,223000,146000,77000,77000
061914,台光電中信9B購01,0,0,0,0,0,0,0,0,0,77000,0,0,0,79000,2000,77000,77000
063318,京鼎群益9C購02  ,0,0,0,0,0,0,0,0,0,77000,0,0,0,77000,0,77000,77000
063187,全新凱基9B購02  ,0,0,0,0,0,0,0,0,0,77000,0,0,0,152000,75000,77000,77000
064465,台表科統一01購02,0,0,0,0,0,0,0,0,0,76000,0,0,0,76000,0,76000,76000
054873,帆宣群益99購01  ,0,0,0,0,0,0,0,0,0,76000,0,0,0,76000,0,76000,76000
056395,玉晶光永豐9B購01,0,0,0,0,0,0,0,0,0,76000,0,0,0,76000,0,76000,76000
055327,致新國票98購01  ,0,0,0,0,0,0,0,0,0,76000,0,0,0,76000,0,76000,76000
061348,聯鈞元大9A購05  ,0,0,0,0,0,0,0,0,0,76000,0,0,0,76000,0,76000,76000
061693,華新科群益9B購02,0,0,0,0,0,0,0,0,0,76000,0,0,0,81000,5000,76000,76000
057744,健策永豐98購02  ,0,0,0,0,0,0,0,0,0,76000,0,0,0,78000,2000,76000,76000
060842,新光金國票9B購01,0,0,0,0,0,0,0,0,0,76000,0,0,0,76000,0,76000,76000
060406,瑞祺國泰9B購01  ,0,0,0,0,0,0,0,0,0,76000,0,0,0,117000,41000,76000,76000
060315,易華電永豐9A購01,0,0,0,0,0,0,0,0,0,76000,0,0,0,76000,0,76000,76000
063176,南亞科兆豐9B購01,0,0,0,0,0,0,0,0,0,76000,0,0,0,110000,34000,76000,76000
063270,喬山兆豐9C購01  ,0,0,0,0,0,0,0,0,0,76000,0,0,0,215000,139000,76000,76000
063482,緯穎元大9B購09  ,0,0,0,0,0,0,0,0,0,76000,0,0,0,117000,41000,76000,76000
063483,致新元大9B購03  ,0,0,0,0,0,0,0,0,0,76000,0,0,0,172000,96000,76000,76000
063083,聯發科凱基01購02,0,0,0,0,0,0,0,0,0,76000,0,0,0,76000,0,76000,76000
062916,智易元大9B購01  ,0,0,0,0,0,0,0,0,0,76000,0,0,0,130000,54000,76000,76000
064455,美食統一01購03  ,0,0,0,0,0,0,0,0,0,75000,0,0,0,75000,0,75000,75000
07692P,玉晶光元大9A售11,0,0,0,0,0,0,0,0,0,75000,0,0,0,120000,45000,75000,75000
08235P,南電國泰9C售03  ,0,0,0,0,0,0,0,0,0,75000,0,0,0,75000,0,75000,75000
6452,康友-KY         ,249000,172000,77000,0,0,0,0,0,0,-2000,0,9000,-9000,7000,0,7000,75000
053782,京元電元大98購02,0,0,0,0,0,0,0,0,0,75000,0,0,0,75000,0,75000,75000
054975,福懋科元大97購01,0,0,0,0,0,0,0,0,0,75000,0,0,0,75000,0,75000,75000
058531,華通元富99購01  ,0,0,0,0,0,0,0,0,0,75000,0,0,0,85000,10000,75000,75000
060640,京鼎永豐9A購01  ,0,0,0,0,0,0,0,0,0,75000,0,0,0,80000,5000,75000,75000
060448,道瓊反元大9A購04,0,0,0,0,0,0,0,0,0,75000,0,0,0,80000,5000,75000,75000
057720,日電貿元富98購01,0,0,0,0,0,0,0,0,0,75000,0,0,0,148000,73000,75000,75000
057740,茂林富邦9A購01  ,0,0,0,0,0,0,0,0,0,75000,0,0,0,110000,35000,75000,75000
059853,超眾永豐99購03  ,0,0,0,0,0,0,0,0,0,75000,0,0,0,75000,0,75000,75000
062922,南六元大9B購03  ,0,0,0,0,0,0,0,0,0,75000,0,0,0,313000,238000,75000,75000
062832,嘉澤群益9B購02  ,0,0,0,0,0,0,0,0,0,75000,0,0,0,125000,50000,75000,75000
062753,台積電麥證9B購01,0,0,0,75000,0,75000,0,0,0,75000,0,0,0,75000,0,75000,75000
061950,日月光群益9B購01,0,0,0,0,0,0,0,0,0,75000,0,0,0,85000,10000,75000,75000
061951,南電群益9B購01  ,0,0,0,0,0,0,0,0,0,75000,0,0,0,75000,0,75000,75000
062069,喬山元大9B購01  ,0,0,0,0,0,0,0,0,0,75000,0,0,0,160000,85000,75000,75000
063263,高鐵永豐9B購01  ,0,0,0,0,0,0,0,0,0,75000,0,0,0,143000,68000,75000,75000
063881,嘉晶元富9C購01  ,0,0,0,0,0,0,0,0,0,75000,0,0,0,109000,34000,75000,75000
08059P,京鼎元大9B售02  ,0,0,0,0,0,0,0,0,0,74000,0,0,0,121000,47000,74000,74000
051741,可成國票97購01  ,0,0,0,0,0,0,0,0,0,74000,0,0,0,74000,0,74000,74000
057824,日月光元大98購01,0,0,0,0,0,0,0,0,0,74000,0,0,0,74000,0,74000,74000
063531,台表科凱基9B購04,0,0,0,0,0,0,0,0,0,74000,0,0,0,149000,75000,74000,74000
063689,可成永豐9B購04  ,0,0,0,0,0,0,0,0,0,74000,0,0,0,88000,14000,74000,74000
062636,聯鈞國票9B購01  ,0,0,0,0,0,0,0,0,0,74000,0,0,0,112000,38000,74000,74000
062674,百和中信03購01  ,0,0,0,0,0,0,0,0,0,74000,0,0,0,85000,11000,74000,74000
062906,全新元大9B購03  ,0,0,0,0,0,0,0,0,0,74000,0,0,0,90000,16000,74000,74000
063014,技嘉元大9B購03  ,0,0,0,0,0,0,0,0,0,74000,0,0,0,105000,31000,74000,74000
07708P,玉晶光元大9A售13,0,0,0,0,0,0,0,0,0,73000,0,0,0,111000,38000,73000,73000
064507,臻鼎元大9C購02  ,0,0,0,0,0,0,0,0,0,73000,0,0,0,73000,0,73000,73000
064538,鈺齊國票01購01  ,0,0,0,0,0,0,0,0,0,73000,0,0,0,78000,5000,73000,73000
064585,中壽永豐9C購01  ,0,0,0,0,0,0,0,0,0,73000,0,0,0,73000,0,73000,73000
052468,超眾統一96購02  ,0,0,0,0,0,0,0,0,0,73000,0,0,0,73000,0,73000,73000
055207,致新中信99購01  ,0,0,0,0,0,0,0,0,0,73000,0,0,0,83000,10000,73000,73000
056481,創意元大98購01  ,0,0,0,0,0,0,0,0,0,73000,0,0,0,73000,0,73000,73000
057558,致新凱基98購01  ,0,0,0,0,0,0,0,0,0,73000,0,0,0,73000,0,73000,73000
054411,光磊元大97購02  ,0,0,0,0,0,0,0,0,0,73000,0,0,0,73000,0,73000,73000
055963,欣興元大97購04  ,0,0,0,0,0,0,0,0,0,73000,0,0,0,73000,0,73000,73000
057249,華邦電統一9A購01,0,0,0,0,0,0,0,0,0,73000,0,0,0,83000,10000,73000,73000
057742,喬山永豐98購02  ,0,0,0,0,0,0,0,0,0,73000,0,0,0,74000,1000,73000,73000
061544,大毅群益9B購02  ,0,0,0,0,0,0,0,0,0,73000,0,0,0,99000,26000,73000,73000
061070,超眾凱基9C購01  ,0,0,0,0,0,0,0,0,0,73000,0,0,0,73000,0,73000,73000
058093,神達元大9A購01  ,0,0,0,0,0,0,0,0,0,73000,0,0,0,73000,0,73000,73000
061237,晶技元大9A購01  ,0,0,0,0,0,0,0,0,0,73000,0,0,0,88000,15000,73000,73000
061959,鴻海統一9B購04  ,0,0,0,0,0,0,0,0,0,73000,0,0,0,173000,100000,73000,73000
061877,貿聯元大9B購01  ,0,0,0,0,0,0,0,0,0,73000,0,0,0,93000,20000,73000,73000
063589,美食永豐9B購02  ,0,0,0,0,0,0,0,0,0,73000,0,0,0,73000,0,73000,73000
063537,華擎統一9C購03  ,0,0,0,0,0,0,0,0,0,73000,0,0,0,208000,135000,73000,73000
063409,GIS國票9C購02   ,0,0,0,0,0,0,0,0,0,73000,0,0,0,166000,93000,73000,73000
063380,台表科永豐9B購03,0,0,0,0,0,0,0,0,0,73000,0,0,0,73000,0,73000,73000
063798,台積電凱基02購03,0,0,0,0,0,0,0,0,0,73000,0,0,0,395000,322000,73000,73000
910861,神州-DR         ,73000,0,73000,0,0,0,0,0,0,0,0,0,0,0,0,0,73000
07710P,華擎元大9A售05  ,0,0,0,0,0,0,0,0,0,72000,0,0,0,72000,0,72000,72000
07058P,台積電凱基9A售07,0,0,0,0,0,0,0,0,0,72000,0,0,0,74000,2000,72000,72000
08333P,大立光富邦02售03,0,0,0,0,0,0,0,0,0,72000,0,0,0,87000,15000,72000,72000
057257,台泥兆豐99購01  ,0,0,0,0,0,0,0,0,0,72000,0,0,0,90000,18000,72000,72000
059516,TPK永豐99購01   ,0,0,0,0,0,0,0,0,0,72000,0,0,0,72000,0,72000,72000
054740,強茂凱基99購01  ,0,0,0,0,0,0,0,0,0,72000,0,0,0,196000,124000,72000,72000
061241,晶技兆豐9A購01  ,0,0,0,0,0,0,0,0,0,72000,0,0,0,102000,30000,72000,72000
061127,美食永豐9A購01  ,0,0,0,0,0,0,0,0,0,72000,0,0,0,130000,58000,72000,72000
060762,長榮航元大9A購02,0,0,0,0,0,0,0,0,0,72000,0,0,0,72000,0,72000,72000
061713,華邦電凱基9A購01,0,0,0,0,0,0,0,0,0,72000,0,0,0,72000,0,72000,72000
058741,欣興日盛99購01  ,0,0,0,0,0,0,0,0,0,72000,0,0,0,89000,17000,72000,72000
063394,金像電群益9B購01,0,0,0,0,0,0,0,0,0,72000,0,0,0,82000,10000,72000,72000
062237,緯創凱基9B購01  ,0,0,0,0,0,0,0,0,0,72000,0,0,0,152000,80000,72000,72000
063066,同欣電麥證9B購01,0,0,0,82000,10000,72000,0,0,0,72000,0,0,0,82000,10000,72000,72000
07264P,台積電元大99售38,0,0,0,0,0,0,0,0,0,71000,0,0,0,105000,34000,71000,71000
055104,台達電凱基98購01,0,0,0,0,0,0,0,0,0,71000,0,0,0,71000,0,71000,71000
054874,帆宣群益99購02  ,0,0,0,0,0,0,0,0,0,71000,0,0,0,71000,0,71000,71000
056127,致新國票98購02  ,0,0,0,0,0,0,0,0,0,71000,0,0,0,71000,0,71000,71000
057404,貿聯群益99購01  ,0,0,0,0,0,0,0,0,0,71000,0,0,0,71000,0,71000,71000
057202,TPK元富98購02   ,0,0,0,0,0,0,0,0,0,71000,0,0,0,71000,0,71000,71000
056855,祥碩中信98購02  ,0,0,0,0,0,0,0,0,0,71000,0,0,0,178000,107000,71000,71000
059772,可成群益9A購05  ,0,0,0,0,0,0,0,0,0,71000,0,0,0,71000,0,71000,71000
061645,超眾元大9A購06  ,0,0,0,0,0,0,0,0,0,71000,0,0,0,87000,16000,71000,71000
058558,鴻海日盛9A購02  ,0,0,0,0,0,0,0,0,0,71000,0,0,0,85000,14000,71000,71000
060162,碩天永豐9A購01  ,0,0,0,0,0,0,0,0,0,71000,0,0,0,156000,85000,71000,71000
061055,康控群益9A購01  ,0,0,0,0,0,0,0,0,0,71000,0,0,0,81000,10000,71000,71000
062756,臺指反凱基9C購01,0,0,0,0,0,0,0,0,0,71000,0,0,0,86000,15000,71000,71000
062186,晶技元大9B購05  ,0,0,0,0,0,0,0,0,0,71000,0,0,0,82000,11000,71000,71000
062318,台郡凱基9B購01  ,0,0,0,0,0,0,0,0,0,71000,0,0,0,71000,0,71000,71000
063260,信邦富邦9B購01  ,0,0,0,0,0,0,0,0,0,71000,0,0,0,81000,10000,71000,71000
063232,裕隆元大9B購01  ,0,0,0,0,0,0,0,0,0,71000,0,0,0,84000,13000,71000,71000
063633,金像電元大9B購05,0,0,0,0,0,0,0,0,0,71000,0,0,0,71000,0,71000,71000
06706P,智原台新98售02  ,0,0,0,0,0,0,0,0,0,70000,0,0,0,70000,0,70000,70000
06863P,欣興凱基98售05  ,0,0,0,0,0,0,0,0,0,70000,0,0,0,85000,15000,70000,70000
055570,華通統一98購03  ,0,0,0,0,0,0,0,0,0,70000,0,0,0,80000,10000,70000,70000
057007,奇力新中信98購04,0,0,0,0,0,0,0,0,0,70000,0,0,0,70000,0,70000,70000
057423,台郡凱基98購06  ,0,0,0,0,0,0,0,0,0,70000,0,0,0,70000,0,70000,70000
056326,TPK兆豐98購01   ,0,0,0,0,0,0,0,0,0,70000,0,0,0,70000,0,70000,70000
059537,大立光凱基99購09,0,0,0,0,0,0,0,0,0,70000,0,0,0,70000,0,70000,70000
048422,瑞昱元富96購02  ,0,0,0,0,0,0,0,0,0,70000,0,0,0,80000,10000,70000,70000
052684,旺宏元大98購01  ,0,0,0,0,0,0,0,0,0,70000,0,0,0,70000,0,70000,70000
056365,欣興元大98購01  ,0,0,0,0,0,0,0,0,0,70000,0,0,0,83000,13000,70000,70000
056409,麗豐國票99購01  ,0,0,0,0,0,0,0,0,0,70000,0,0,0,70000,0,70000,70000
054291,高鐵元大97購01  ,0,0,0,0,0,0,0,0,0,70000,0,0,0,170000,100000,70000,70000
058062,上銀中信98購01  ,0,0,0,0,0,0,0,0,0,70000,0,0,0,150000,80000,70000,70000
061205,旺宏元大9A購11  ,0,0,0,0,0,0,0,0,0,70000,0,0,0,92000,22000,70000,70000
060506,京元電元大9A購02,0,0,0,0,0,0,0,0,0,70000,0,0,0,110000,40000,70000,70000
059685,T50正2永豐99購02,0,0,0,0,0,0,0,0,0,70000,0,0,0,109000,39000,70000,70000
058723,元石油國泰9A購01,0,0,0,0,0,0,0,0,0,70000,0,0,0,70000,0,70000,70000
063536,美食統一01購01  ,0,0,0,0,0,0,0,0,0,70000,0,0,0,107000,37000,70000,70000
063799,華邦電凱基9C購02,0,0,0,0,0,0,0,0,0,70000,0,0,0,92000,22000,70000,70000
063861,南亞科國泰02購01,0,0,0,0,0,0,0,0,0,70000,0,0,0,180000,110000,70000,70000
064006,晶技凱基9C購02  ,0,0,0,0,0,0,0,0,0,70000,0,0,0,70000,0,70000,70000
064139,裕隆統一01購02  ,0,0,0,0,0,0,0,0,0,70000,0,0,0,424000,354000,70000,70000
064316,貿聯群益9C購02  ,0,0,0,0,0,0,0,0,0,70000,0,0,0,70000,0,70000,70000
062142,喬山國票9B購01  ,0,0,0,0,0,0,0,0,0,70000,0,0,0,130000,60000,70000,70000
062853,大毅永豐9B購03  ,0,0,0,0,0,0,0,0,0,70000,0,0,0,70000,0,70000,70000
056488,致新元大99購01  ,0,0,0,0,0,0,0,0,0,69000,0,0,0,94000,25000,69000,69000
055923,矽力凱基98購01  ,0,0,0,0,0,0,0,0,0,69000,0,0,0,79000,10000,69000,69000
057318,台光電凱基9A購01,0,0,0,0,0,0,0,0,0,69000,0,0,0,130000,61000,69000,69000
056818,正崴永豐98購01  ,0,0,0,0,0,0,0,0,0,69000,0,0,0,69000,0,69000,69000
055417,健策富邦98購02  ,0,0,0,0,0,0,0,0,0,69000,0,0,0,674000,605000,69000,69000
059765,嘉聯益永豐99購02,0,0,0,0,0,0,0,0,0,69000,0,0,0,79000,10000,69000,69000
059052,為升凱基99購01  ,0,0,0,0,0,0,0,0,0,69000,0,0,0,69000,0,69000,69000
059856,昇陽半永豐99購03,0,0,0,0,0,0,0,0,0,69000,0,0,0,69000,0,69000,69000
059239,台積電凱基99購12,0,0,0,0,0,0,0,0,0,69000,0,0,0,70000,1000,69000,69000
058808,大成鋼統一9B購01,0,0,0,0,0,0,0,0,0,69000,0,0,0,116000,47000,69000,69000
062768,南電凱基9B購04  ,0,0,0,0,0,0,0,0,0,69000,0,0,0,73000,4000,69000,69000
062197,聯發科中信01購03,0,0,0,0,0,0,0,0,0,69000,0,0,0,69000,0,69000,69000
061929,嘉澤凱基9B購01  ,0,0,0,0,0,0,0,0,0,69000,0,0,0,69000,0,69000,69000
063722,遠東新元大9B購02,0,0,0,0,0,0,0,0,0,69000,0,0,0,117000,48000,69000,69000
056551,台郡凱基98購04  ,0,0,0,0,0,0,0,0,0,68000,0,0,0,68000,0,68000,68000
056770,國產元大98購02  ,0,0,0,0,0,0,0,0,0,68000,0,0,0,154000,86000,68000,68000
057649,嘉聯益元大99購04,0,0,0,0,0,0,0,0,0,68000,0,0,0,68000,0,68000,68000
052316,台積電元大96購10,0,0,0,0,0,0,0,0,0,68000,0,0,0,68000,0,68000,68000
061353,康控元大9A購01  ,0,0,0,0,0,0,0,0,0,68000,0,0,0,68000,0,68000,68000
060713,聯詠永豐9A購01  ,0,0,0,0,0,0,0,0,0,68000,0,0,0,75000,7000,68000,68000
063650,矽創元大9B購03  ,0,0,0,0,0,0,0,0,0,68000,0,0,0,97000,29000,68000,68000
063871,瀚宇博永豐9C購01,0,0,0,0,0,0,0,0,0,68000,0,0,0,68000,0,68000,68000
063781,健策永豐9B購08  ,0,0,0,0,0,0,0,0,0,68000,0,0,0,72000,4000,68000,68000
062263,康控元大9B購03  ,0,0,0,0,0,0,0,0,0,68000,0,0,0,78000,10000,68000,68000
062767,GIS凱基9B購02   ,0,0,0,0,0,0,0,0,0,68000,0,0,0,70000,2000,68000,68000
062528,全新統一9C購01  ,0,0,0,0,0,0,0,0,0,68000,0,0,0,68000,0,68000,68000
062449,臻鼎元大9B購01  ,0,0,0,0,0,0,0,0,0,68000,0,0,0,78000,10000,68000,68000
062456,台積電群益9B購05,0,0,0,0,0,0,0,0,0,68000,0,0,0,349000,281000,68000,68000
1439,中和            ,78000,11000,67000,0,0,0,0,0,0,0,0,0,0,0,0,0,67000
060396,友達國票9A購01  ,0,0,0,0,0,0,0,0,0,67000,0,0,0,67000,0,67000,67000
060308,劍麟永豐9A購01  ,0,0,0,0,0,0,0,0,0,67000,0,0,0,72000,5000,67000,67000
061302,晶技永豐9A購04  ,0,0,0,0,0,0,0,0,0,67000,0,0,0,67000,0,67000,67000
061483,TPK元大9A購01   ,0,0,0,0,0,0,0,0,0,67000,0,0,0,71000,4000,67000,67000
062705,美食元大9B購01  ,0,0,0,0,0,0,0,0,0,67000,0,0,0,67000,0,67000,67000
062945,世芯國泰01購01  ,0,0,0,0,0,0,0,0,0,67000,0,0,0,176000,109000,67000,67000
061816,長榮航群益9B購02,0,0,0,0,0,0,0,0,0,67000,0,0,0,170000,103000,67000,67000
063778,亞德客永豐9B購02,0,0,0,0,0,0,0,0,0,67000,0,0,0,67000,0,67000,67000
064241,貿聯統一02購02  ,0,0,0,0,0,0,0,0,0,67000,0,0,0,80000,13000,67000,67000
064252,嘉澤元富9C購01  ,0,0,0,0,0,0,0,0,0,67000,0,0,0,370000,303000,67000,67000
063527,美食凱基01購01  ,0,0,0,0,0,0,0,0,0,67000,0,0,0,67000,0,67000,67000
07908P,台積電統一9B售11,0,0,0,0,0,0,0,0,0,66000,0,0,0,76000,10000,66000,66000
057568,友訊永豐99購01  ,0,0,0,0,0,0,0,0,0,66000,0,0,0,66000,0,66000,66000
053644,台表科國票97購03,0,0,0,0,0,0,0,0,0,66000,0,0,0,66000,0,66000,66000
061675,華新科元大9A購23,0,0,0,0,0,0,0,0,0,66000,0,0,0,66000,0,66000,66000
058410,國巨兆豐99購03  ,0,0,0,0,0,0,0,0,0,66000,0,0,0,66000,0,66000,66000
060504,技嘉元大9A購02  ,0,0,0,0,0,0,0,0,0,66000,0,0,0,94000,28000,66000,66000
060825,聯詠元大9A購05  ,0,0,0,0,0,0,0,0,0,66000,0,0,0,122000,56000,66000,66000
063655,華通元富9B購01  ,0,0,0,0,0,0,0,0,0,66000,0,0,0,86000,20000,66000,66000
064300,英業達兆豐9C購01,0,0,0,0,0,0,0,0,0,66000,0,0,0,91000,25000,66000,66000
061853,晶技國票9B購02  ,0,0,0,0,0,0,0,0,0,66000,0,0,0,72000,6000,66000,66000
061984,華新科元大9B購05,0,0,0,0,0,0,0,0,0,66000,0,0,0,66000,0,66000,66000
062994,祥碩群益9B購05  ,0,0,0,0,0,0,0,0,0,66000,0,0,0,66000,0,66000,66000
062744,超眾國泰9C購01  ,0,0,0,0,0,0,0,0,0,66000,0,0,0,66000,0,66000,66000
07894P,燿華元大9B售01  ,0,0,0,0,0,0,0,0,0,65000,0,0,0,124000,59000,65000,65000
07645P,華通元大9A售06  ,0,0,0,0,0,0,0,0,0,65000,0,0,0,65000,0,65000,65000
07791P,奇鋐元大9A售02  ,0,0,0,0,0,0,0,0,0,65000,0,0,0,65000,0,65000,65000
07173P,臺股指國票99售10,0,0,0,0,0,0,0,0,0,65000,0,0,0,65000,0,65000,65000
07128P,大毅元大99售04  ,0,0,0,0,0,0,0,0,0,65000,0,0,0,115000,50000,65000,65000
07466P,亞德客元大9A售02,0,0,0,0,0,0,0,0,0,65000,0,0,0,100000,35000,65000,65000
06765P,欣興元大98售11  ,0,0,0,0,0,0,0,0,0,65000,0,0,0,123000,58000,65000,65000
064480,聚陽永豐9C購01  ,0,0,0,0,0,0,0,0,0,65000,0,0,0,75000,10000,65000,65000
3588,通嘉            ,148000,82000,66000,0,0,0,0,0,0,-1000,0,1000,-1000,0,0,0,65000
054710,東元元富97購01  ,0,0,0,0,0,0,0,0,0,65000,0,0,0,145000,80000,65000,65000
054791,泰碩群益99購02  ,0,0,0,0,0,0,0,0,0,65000,0,0,0,105000,40000,65000,65000
052112,滬深2X中信99購01,0,0,0,0,0,0,0,0,0,65000,0,0,0,65000,0,65000,65000
055124,建準兆豐97購01  ,0,0,0,0,0,0,0,0,0,65000,0,0,0,65000,0,65000,65000
055119,力成凱基98購01  ,0,0,0,0,0,0,0,0,0,65000,0,0,0,65000,0,65000,65000
055227,聯發科國票98購02,0,0,0,0,0,0,0,0,0,65000,0,0,0,65000,0,65000,65000
056572,義隆元大99購01  ,0,0,0,0,0,0,0,0,0,65000,0,0,0,65000,0,65000,65000
055437,禾伸堂中信99購01,0,0,0,0,0,0,0,0,0,65000,0,0,0,150000,85000,65000,65000
058598,T50反1元大99購04,0,0,0,0,0,0,0,0,0,65000,0,0,0,100000,35000,65000,65000
061233,國巨元大9A購17  ,0,0,0,0,0,0,0,0,0,65000,0,0,0,65000,0,65000,65000
060129,祥碩永豐99購03  ,0,0,0,0,0,0,0,0,0,65000,0,0,0,70000,5000,65000,65000
058146,勤誠元大99購01  ,0,0,0,0,0,0,0,0,0,65000,0,0,0,105000,40000,65000,65000
058687,聯茂凱基9A購01  ,0,0,0,0,0,0,0,0,0,65000,0,0,0,120000,55000,65000,65000
059006,樺漢元大99購01  ,0,0,0,0,0,0,0,0,0,65000,0,0,0,65000,0,65000,65000
061275,臺股指凱基9A購25,0,0,0,0,0,0,0,0,0,65000,0,0,0,213000,148000,65000,65000
057973,神達富邦9A購01  ,0,0,0,0,0,0,0,0,0,65000,0,0,0,88000,23000,65000,65000
063115,台積電麥證9B購02,0,0,0,75000,10000,65000,0,0,0,65000,0,0,0,75000,10000,65000,65000
062255,聯發科元大9B購07,0,0,0,0,0,0,0,0,0,65000,0,0,0,67000,2000,65000,65000
063841,國巨元大01購01  ,0,0,0,0,0,0,0,0,0,65000,0,0,0,113000,48000,65000,65000
063852,瀚宇博元大9C購01,0,0,0,0,0,0,0,0,0,65000,0,0,0,66000,1000,65000,65000
063891,國巨群益9C購07  ,0,0,0,0,0,0,0,0,0,65000,0,0,0,93000,28000,65000,65000
063150,聯發科元富05購03,0,0,0,0,0,0,0,0,0,65000,0,0,0,75000,10000,65000,65000
08231P,上銀元富9B售10  ,0,0,0,0,0,0,0,0,0,64000,0,0,0,220000,156000,64000,64000
056141,聯茂元大97購05  ,0,0,0,0,0,0,0,0,0,64000,0,0,0,89000,25000,64000,64000
006207,FH滬深          ,0,1000,-1000,0,0,0,0,0,0,65000,10000,0,10000,169000,114000,55000,64000
058095,昇陽半元大98購03,0,0,0,0,0,0,0,0,0,64000,0,0,0,119000,55000,64000,64000
060967,鈺齊凱基9A購02  ,0,0,0,0,0,0,0,0,0,64000,0,0,0,90000,26000,64000,64000
060288,群光元大9C購01  ,0,0,0,0,0,0,0,0,0,64000,0,0,0,109000,45000,64000,64000
061192,奇鋐永豐9A購01  ,0,0,0,0,0,0,0,0,0,64000,0,0,0,100000,36000,64000,64000
063466,美食元大9B購02  ,0,0,0,0,0,0,0,0,0,64000,0,0,0,74000,10000,64000,64000
063879,台積電元富9C購01,0,0,0,0,0,0,0,0,0,64000,0,0,0,75000,11000,64000,64000
064239,群創統一02購01  ,0,0,0,0,0,0,0,0,0,64000,0,0,0,74000,10000,64000,64000
064127,聯發科元大9C購06,0,0,0,0,0,0,0,0,0,64000,0,0,0,101000,37000,64000,64000
062973,聯發科元富05購01,0,0,0,0,0,0,0,0,0,64000,0,0,0,64000,0,64000,64000
064408,TPK凱基02購01   ,0,0,0,0,0,0,0,0,0,63000,0,0,0,63000,0,63000,63000
06491P,台積電富邦99售02,0,0,0,0,0,0,0,0,0,63000,0,0,0,63000,0,63000,63000
03662C,FBVIX凱基03牛01 ,0,0,0,0,0,0,0,0,0,63000,0,0,0,138000,75000,63000,63000
059452,全新永豐99購03  ,0,0,0,0,0,0,0,0,0,63000,0,0,0,63000,0,63000,63000
056984,嘉晶群益98購01  ,0,0,0,0,0,0,0,0,0,63000,0,0,0,66000,3000,63000,63000
060091,技嘉元大99購03  ,0,0,0,0,0,0,0,0,0,63000,0,0,0,94000,31000,63000,63000
057367,技嘉元大98購02  ,0,0,0,0,0,0,0,0,0,63000,0,0,0,65000,2000,63000,63000
061212,聯鈞元大9A購04  ,0,0,0,0,0,0,0,0,0,63000,0,0,0,66000,3000,63000,63000
060753,上銀元大9A購05  ,0,0,0,0,0,0,0,0,0,63000,0,0,0,63000,0,63000,63000
058811,台積電統一9A購05,0,0,0,0,0,0,0,0,0,63000,0,0,0,65000,2000,63000,63000
061796,興勤永豐9B購01  ,0,0,0,0,0,0,0,0,0,63000,0,0,0,63000,0,63000,63000
061762,台塑元大9B購01  ,0,0,0,0,0,0,0,0,0,63000,0,0,0,74000,11000,63000,63000
061776,晶技國票9B購01  ,0,0,0,0,0,0,0,0,0,63000,0,0,0,73000,10000,63000,63000
06327P,台積電中信01售01,0,0,0,0,0,0,0,0,0,63000,0,0,0,83000,20000,63000,63000
063408,茂林國票9C購02  ,0,0,0,0,0,0,0,0,0,63000,0,0,0,66000,3000,63000,63000
056124,華通國票98購02  ,0,0,0,0,0,0,0,0,0,62000,0,0,0,62000,0,62000,62000
056358,友訊元大99購01  ,0,0,0,0,0,0,0,0,0,62000,0,0,0,62000,0,62000,62000
057570,技嘉永豐98購02  ,0,0,0,0,0,0,0,0,0,62000,0,0,0,439000,377000,62000,62000
057934,華新科群益98購07,0,0,0,0,0,0,0,0,0,62000,0,0,0,62000,0,62000,62000
061501,嘉澤國票9A購01  ,0,0,0,0,0,0,0,0,0,62000,0,0,0,77000,15000,62000,62000
061378,南六永豐9A購03  ,0,0,0,0,0,0,0,0,0,62000,0,0,0,131000,69000,62000,62000
060912,華新科元大9A購10,0,0,0,0,0,0,0,0,0,62000,0,0,0,74000,12000,62000,62000
058108,台郡台新99購01  ,0,0,0,0,0,0,0,0,0,62000,0,0,0,62000,0,62000,62000
061121,智邦永豐9A購02  ,0,0,0,0,0,0,0,0,0,62000,0,0,0,72000,10000,62000,62000
060293,緯創元大9A購01  ,0,0,0,0,0,0,0,0,0,62000,0,0,0,104000,42000,62000,62000
063381,和潤永豐9B購01  ,0,0,0,0,0,0,0,0,0,62000,0,0,0,74000,12000,62000,62000
063287,嘉澤元大9B購05  ,0,0,0,0,0,0,0,0,0,62000,0,0,0,166000,104000,62000,62000
063496,儒鴻永豐9B購01  ,0,0,0,0,0,0,0,0,0,62000,0,0,0,62000,0,62000,62000
063636,聯發科元大9B購26,0,0,0,0,0,0,0,0,0,62000,0,0,0,216000,154000,62000,62000
063628,華通元大9B購09  ,0,0,0,0,0,0,0,0,0,62000,0,0,0,84000,22000,62000,62000
064167,緯穎統一01購03  ,0,0,0,0,0,0,0,0,0,62000,0,0,0,103000,41000,62000,62000
063942,台積電元大01購03,0,0,0,0,0,0,0,0,0,62000,0,0,0,98000,36000,62000,62000
062048,義隆台新9B購01  ,0,0,0,0,0,0,0,0,0,62000,0,0,0,82000,20000,62000,62000
062946,祥碩國泰9C購02  ,0,0,0,0,0,0,0,0,0,62000,0,0,0,134000,72000,62000,62000
057505,健策麥證98購01  ,0,0,0,235000,14000,221000,0,0,0,61000,0,0,0,235000,174000,61000,61000
056136,京鼎元大98購01  ,0,0,0,0,0,0,0,0,0,61000,0,0,0,61000,0,61000,61000
05546P,全新元大97售01  ,0,0,0,0,0,0,0,0,0,61000,0,0,0,101000,40000,61000,61000
057691,健策凱基99購01  ,0,0,0,0,0,0,0,0,0,61000,0,0,0,111000,50000,61000,61000
060224,台灣50元大9A購09,0,0,0,0,0,0,0,0,0,61000,0,0,0,61000,0,61000,61000
061082,台光電兆豐9A購01,0,0,0,0,0,0,0,0,0,61000,0,0,0,61000,0,61000,61000
061392,泰鼎群益9A購02  ,0,0,0,0,0,0,0,0,0,61000,0,0,0,141000,80000,61000,61000
061414,牧德群益9B購02  ,0,0,0,0,0,0,0,0,0,61000,0,0,0,61000,0,61000,61000
061650,南電元大9A購07  ,0,0,0,0,0,0,0,0,0,61000,0,0,0,66000,5000,61000,61000
059094,臻鼎元大99購03  ,0,0,0,0,0,0,0,0,0,61000,0,0,0,61000,0,61000,61000
058704,台積電元大99購17,0,0,0,0,0,0,0,0,0,61000,0,0,0,61000,0,61000,61000
059822,聯發科凱基99購19,0,0,0,0,0,0,0,0,0,61000,0,0,0,61000,0,61000,61000
062923,緯穎元大9B購06  ,0,0,0,0,0,0,0,0,0,61000,0,0,0,61000,0,61000,61000
062631,奇力新國票9B購01,0,0,0,0,0,0,0,0,0,61000,0,0,0,61000,0,61000,61000
062109,聯詠國票9C購01  ,0,0,0,0,0,0,0,0,0,61000,0,0,0,61000,0,61000,61000
064253,貿聯元富9C購01  ,0,0,0,0,0,0,0,0,0,61000,0,0,0,92000,31000,61000,61000
063595,燿華中信9B購02  ,0,0,0,0,0,0,0,0,0,61000,0,0,0,115000,54000,61000,61000
064447,喬山統一02購01  ,0,0,0,0,0,0,0,0,0,60000,0,0,0,60000,0,60000,60000
07794P,智邦國票9A售03  ,0,0,0,0,0,0,0,0,0,60000,0,0,0,66000,6000,60000,60000
07959P,健策永豐9B售05  ,0,0,0,0,0,0,0,0,0,60000,0,0,0,60000,0,60000,60000
055492,華新科元大97購08,0,0,0,0,0,0,0,0,0,60000,0,0,0,60000,0,60000,60000
055493,華新科元大97購09,0,0,0,0,0,0,0,0,0,60000,0,0,0,60000,0,60000,60000
056610,鴻海永豐98購01  ,0,0,0,0,0,0,0,0,0,60000,0,0,0,60000,0,60000,60000
057283,欣興元大98購07  ,0,0,0,0,0,0,0,0,0,60000,0,0,0,60000,0,60000,60000
057214,瑞昱群益98購01  ,0,0,0,0,0,0,0,0,0,60000,0,0,0,60000,0,60000,60000
057121,立積康和98購01  ,0,0,0,0,0,0,0,0,0,60000,0,0,0,60000,0,60000,60000
056150,台光電凱基98購02,0,0,0,0,0,0,0,0,0,60000,0,0,0,64000,4000,60000,60000
056178,嘉澤元富97購02  ,0,0,0,0,0,0,0,0,0,60000,0,0,0,283000,223000,60000,60000
056300,聯發科元大97購23,0,0,0,0,0,0,0,0,0,60000,0,0,0,60000,0,60000,60000
055808,世紀鋼永豐97購01,0,0,0,0,0,0,0,0,0,60000,0,0,0,70000,10000,60000,60000
058457,創意永豐99購01  ,0,0,0,0,0,0,0,0,0,60000,0,0,0,80000,20000,60000,60000
056961,凱美永豐98購01  ,0,0,0,0,0,0,0,0,0,60000,0,0,0,60000,0,60000,60000
05755P,臺股指中信99售04,0,0,0,0,0,0,0,0,0,60000,0,0,0,70000,10000,60000,60000
053761,健策國泰98購01  ,0,0,0,0,0,0,0,0,0,60000,0,0,0,100000,40000,60000,60000
054480,和碩中信98購01  ,0,0,0,0,0,0,0,0,0,60000,0,0,0,60000,0,60000,60000
055265,玉晶光永豐98購03,0,0,0,0,0,0,0,0,0,60000,0,0,0,60000,0,60000,60000
055337,超眾兆豐98購01  ,0,0,0,0,0,0,0,0,0,60000,0,0,0,60000,0,60000,60000
055362,GIS凱基97購03   ,0,0,0,0,0,0,0,0,0,60000,0,0,0,80000,20000,60000,60000
053381,友達元大9A購02  ,0,0,0,0,0,0,0,0,0,60000,0,0,0,80000,20000,60000,60000
054928,帆宣凱基98購01  ,0,0,0,0,0,0,0,0,0,60000,0,0,0,70000,10000,60000,60000
051570,和碩富邦97購01  ,0,0,0,0,0,0,0,0,0,60000,0,0,0,120000,60000,60000,60000
059121,瑞儀永豐99購01  ,0,0,0,0,0,0,0,0,0,60000,0,0,0,77000,17000,60000,60000
058865,群創凱基01購01  ,0,0,0,0,0,0,0,0,0,60000,0,0,0,85000,25000,60000,60000
058854,樺漢群益9B購01  ,0,0,0,0,0,0,0,0,0,60000,0,0,0,70000,10000,60000,60000
057947,和碩國票99購01  ,0,0,0,0,0,0,0,0,0,60000,0,0,0,60000,0,60000,60000
057957,嘉晶元大98購01  ,0,0,0,0,0,0,0,0,0,60000,0,0,0,62000,2000,60000,60000
060414,中興電永豐9A購01,0,0,0,0,0,0,0,0,0,60000,0,0,0,110000,50000,60000,60000
060363,美律元富9A購01  ,0,0,0,0,0,0,0,0,0,60000,0,0,0,175000,115000,60000,60000
060472,中租元大9A購02  ,0,0,0,0,0,0,0,0,0,60000,0,0,0,85000,25000,60000,60000
060641,聯鈞永豐9A購01  ,0,0,0,0,0,0,0,0,0,60000,0,0,0,60000,0,60000,60000
060635,義隆永豐9A購01  ,0,0,0,0,0,0,0,0,0,60000,0,0,0,60000,0,60000,60000
063568,高鐵元大9B購01  ,0,0,0,0,0,0,0,0,0,60000,0,0,0,113000,53000,60000,60000
063149,聯發科元富05購02,0,0,0,0,0,0,0,0,0,60000,0,0,0,90000,30000,60000,60000
063410,南六國票9C購01  ,0,0,0,0,0,0,0,0,0,60000,0,0,0,62000,2000,60000,60000
064265,嘉聯益永豐9C購02,0,0,0,0,0,0,0,0,0,60000,0,0,0,100000,40000,60000,60000
064008,日月光凱基9C購01,0,0,0,0,0,0,0,0,0,60000,0,0,0,60000,0,60000,60000
064023,智邦元大9C購02  ,0,0,0,0,0,0,0,0,0,60000,0,0,0,148000,88000,60000,60000
062169,禾伸堂永豐9B購01,0,0,0,0,0,0,0,0,0,60000,0,0,0,68000,8000,60000,60000
062380,巨大元大9B購01  ,0,0,0,0,0,0,0,0,0,60000,0,0,0,60000,0,60000,60000
061926,晶技凱基9B購02  ,0,0,0,0,0,0,0,0,0,60000,0,0,0,60000,0,60000,60000
061836,華新科凱基05購01,0,0,0,0,0,0,0,0,0,60000,0,0,0,60000,0,60000,60000
062947,國巨富邦01購01  ,0,0,0,0,0,0,0,0,0,60000,0,0,0,120000,60000,60000,60000
062837,復盛群益9B購01  ,0,0,0,0,0,0,0,0,0,60000,0,0,0,60000,0,60000,60000
062857,SP黃豆國票9C購01,0,0,0,0,0,0,0,0,0,60000,0,0,0,60000,0,60000,60000
063118,中鋼元大9C購01  ,0,0,0,0,0,0,0,0,0,60000,0,0,0,60000,0,60000,60000
07879P,瑞昱群益9C售01  ,0,0,0,0,0,0,0,0,0,59000,0,0,0,69000,10000,59000,59000
054916,聯發科凱基98購04,0,0,0,0,0,0,0,0,0,59000,0,0,0,164000,105000,59000,59000
057593,聯發科兆豐98購03,0,0,0,0,0,0,0,0,0,59000,0,0,0,59000,0,59000,59000
057539,南茂元大98購02  ,0,0,0,0,0,0,0,0,0,59000,0,0,0,146000,87000,59000,59000
060105,牧德元大9B購01  ,0,0,0,0,0,0,0,0,0,59000,0,0,0,59000,0,59000,59000
056044,同欣電凱基97購03,0,0,0,0,0,0,0,0,0,59000,0,0,0,59000,0,59000,59000
055444,致新台新97購01  ,0,0,0,0,0,0,0,0,0,59000,0,0,0,59000,0,59000,59000
060290,興富發元大9C購01,0,0,0,0,0,0,0,0,0,59000,0,0,0,149000,90000,59000,59000
061188,大成鋼富邦9B購01,0,0,0,0,0,0,0,0,0,59000,0,0,0,575000,516000,59000,59000
060248,日月光元大9A購01,0,0,0,0,0,0,0,0,0,59000,0,0,0,69000,10000,59000,59000
060232,友訊元大9C購01  ,0,0,0,0,0,0,0,0,0,59000,0,0,0,129000,70000,59000,59000
060678,聯詠元大9A購03  ,0,0,0,0,0,0,0,0,0,59000,0,0,0,61000,2000,59000,59000
061492,超眾兆豐9B購01  ,0,0,0,0,0,0,0,0,0,59000,0,0,0,60000,1000,59000,59000
058705,長榮航元大99購01,0,0,0,0,0,0,0,0,0,59000,0,0,0,128000,69000,59000,59000
063130,聯茂元大9B購02  ,0,0,0,0,0,0,0,0,0,59000,0,0,0,89000,30000,59000,59000
063041,貿聯凱基9B購01  ,0,0,0,0,0,0,0,0,0,59000,0,0,0,60000,1000,59000,59000
062761,嘉晶凱基9C購01  ,0,0,0,0,0,0,0,0,0,59000,0,0,0,390000,331000,59000,59000
062235,億光凱基9B購01  ,0,0,0,0,0,0,0,0,0,59000,0,0,0,59000,0,59000,59000
064025,友達元大02購01  ,0,0,0,0,0,0,0,0,0,59000,0,0,0,75000,16000,59000,59000
064258,臻鼎國泰01購02  ,0,0,0,0,0,0,0,0,0,59000,0,0,0,82000,23000,59000,59000
063535,聯發科統一9B購13,0,0,0,0,0,0,0,0,0,59000,0,0,0,254000,195000,59000,59000
063508,緯創群益9B購01  ,0,0,0,0,0,0,0,0,0,59000,0,0,0,118000,59000,59000,59000
063460,智邦元大9B購08  ,0,0,0,0,0,0,0,0,0,59000,0,0,0,83000,24000,59000,59000
056647,晶技凱基98購02  ,0,0,0,0,0,0,0,0,0,58000,0,0,0,58000,0,58000,58000
057010,景碩中信98購01  ,0,0,0,0,0,0,0,0,0,58000,0,0,0,108000,50000,58000,58000
059535,玉山金凱基99購01,0,0,0,0,0,0,0,0,0,58000,0,0,0,59000,1000,58000,58000
055108,智邦凱基98購01  ,0,0,0,0,0,0,0,0,0,58000,0,0,0,65000,7000,58000,58000
059030,奇力新兆豐99購03,0,0,0,0,0,0,0,0,0,58000,0,0,0,58000,0,58000,58000
059252,聯詠凱基99購03  ,0,0,0,0,0,0,0,0,0,58000,0,0,0,89000,31000,58000,58000
057816,欣興元大98購13  ,0,0,0,0,0,0,0,0,0,58000,0,0,0,108000,50000,58000,58000
061372,世紀鋼國泰9C購01,0,0,0,0,0,0,0,0,0,58000,0,0,0,155000,97000,58000,58000
060707,台郡富邦9A購01  ,0,0,0,0,0,0,0,0,0,58000,0,0,0,68000,10000,58000,58000
061104,華新科元大9A購13,0,0,0,0,0,0,0,0,0,58000,0,0,0,68000,10000,58000,58000
063751,祥碩國票9C購02  ,0,0,0,0,0,0,0,0,0,58000,0,0,0,58000,0,58000,58000
063341,燿華統一9C購01  ,0,0,0,0,0,0,0,0,0,58000,0,0,0,313000,255000,58000,58000
063285,華擎元大9B購03  ,0,0,0,0,0,0,0,0,0,58000,0,0,0,68000,10000,58000,58000
063895,新光金群益01購01,0,0,0,0,0,0,0,0,0,58000,0,0,0,400000,342000,58000,58000
062100,矽格永豐9B購01  ,0,0,0,0,0,0,0,0,0,58000,0,0,0,58000,0,58000,58000
061768,晶技元大9B購02  ,0,0,0,0,0,0,0,0,0,58000,0,0,0,68000,10000,58000,58000
061808,聯發科統一01購02,0,0,0,0,0,0,0,0,0,58000,0,0,0,120000,62000,58000,58000
061939,中租國票9B購01  ,0,0,0,0,0,0,0,0,0,58000,0,0,0,58000,0,58000,58000
062717,華邦電凱基9C購01,0,0,0,0,0,0,0,0,0,58000,0,0,0,108000,50000,58000,58000
062485,華通國泰01購01  ,0,0,0,0,0,0,0,0,0,58000,0,0,0,68000,10000,58000,58000
062567,祥碩中信9C購01  ,0,0,0,0,0,0,0,0,0,58000,0,0,0,81000,23000,58000,58000
063026,南六元大9B購04  ,0,0,0,0,0,0,0,0,0,58000,0,0,0,237000,179000,58000,58000
062918,祥碩元大9C購02  ,0,0,0,0,0,0,0,0,0,58000,0,0,0,70000,12000,58000,58000
06857P,超眾永豐98售02  ,0,0,0,0,0,0,0,0,0,57000,0,0,0,57000,0,57000,57000
056378,欣興元富98購01  ,0,0,0,0,0,0,0,0,0,57000,0,0,0,124000,67000,57000,57000
055377,揚明光元大98購01,0,0,0,0,0,0,0,0,0,57000,0,0,0,130000,73000,57000,57000
054258,牧德元大97購01  ,0,0,0,0,0,0,0,0,0,57000,0,0,0,58000,1000,57000,57000
060156,光磊永豐9A購01  ,0,0,0,0,0,0,0,0,0,57000,0,0,0,122000,65000,57000,57000
062184,奇鋐元大9B購02  ,0,0,0,0,0,0,0,0,0,57000,0,0,0,68000,11000,57000,57000
064016,南六國票01購01  ,0,0,0,0,0,0,0,0,0,57000,0,0,0,81000,24000,57000,57000
063982,TPK兆豐9C購01   ,0,0,0,0,0,0,0,0,0,57000,0,0,0,57000,0,57000,57000
063313,南亞科群益9B購02,0,0,0,0,0,0,0,0,0,57000,0,0,0,60000,3000,57000,57000
08068P,宏達電國泰9C售01,0,0,0,0,0,0,0,0,0,56000,0,0,0,96000,40000,56000,56000
054951,大毅元大97購01  ,0,0,0,0,0,0,0,0,0,56000,0,0,0,56000,0,56000,56000
059461,鈺齊永豐99購03  ,0,0,0,0,0,0,0,0,0,56000,0,0,0,56000,0,56000,56000
060033,臻鼎永豐99購01  ,0,0,0,0,0,0,0,0,0,56000,0,0,0,66000,10000,56000,56000
055907,台虹兆豐98購01  ,0,0,0,0,0,0,0,0,0,56000,0,0,0,56000,0,56000,56000
057032,A50反1元大9B購01,0,0,0,0,0,0,0,0,0,56000,0,0,0,60000,4000,56000,56000
060646,南電永豐9A購01  ,0,0,0,0,0,0,0,0,0,56000,0,0,0,99000,43000,56000,56000
061038,TPK永豐9A購01   ,0,0,0,0,0,0,0,0,0,56000,0,0,0,90000,34000,56000,56000
061318,智邦凱基9B購01  ,0,0,0,0,0,0,0,0,0,56000,0,0,0,145000,89000,56000,56000
061573,義隆元大9A購02  ,0,0,0,0,0,0,0,0,0,56000,0,0,0,195000,139000,56000,56000
063281,京元電元大9B購01,0,0,0,0,0,0,0,0,0,56000,0,0,0,168000,112000,56000,56000
063769,玉晶光國泰02購01,0,0,0,0,0,0,0,0,0,56000,0,0,0,315000,259000,56000,56000
063461,金像電元大9B購03,0,0,0,0,0,0,0,0,0,56000,0,0,0,58000,2000,56000,56000
063862,世紀鋼國泰02購01,0,0,0,0,0,0,0,0,0,56000,0,0,0,130000,74000,56000,56000
064285,貿聯元大9C購02  ,0,0,0,0,0,0,0,0,0,56000,0,0,0,56000,0,56000,56000
064130,創意元大9C購02  ,0,0,0,0,0,0,0,0,0,56000,0,0,0,101000,45000,56000,56000
062217,旺宏統一9C購01  ,0,0,0,0,0,0,0,0,0,56000,0,0,0,56000,0,56000,56000
062854,日電貿永豐9B購01,0,0,0,0,0,0,0,0,0,56000,0,0,0,56000,0,56000,56000
064672,同欣電元大01購01,0,0,0,0,0,0,0,0,0,55000,0,0,0,65000,10000,55000,55000
08196P,上銀元大9B售07  ,0,0,0,0,0,0,0,0,0,55000,0,0,0,55000,0,55000,55000
057169,微星元大98購01  ,0,0,0,0,0,0,0,0,0,55000,0,0,0,55000,0,55000,55000
057195,南茂元大98購01  ,0,0,0,0,0,0,0,0,0,55000,0,0,0,205000,150000,55000,55000
057368,微星元大98購02  ,0,0,0,0,0,0,0,0,0,55000,0,0,0,55000,0,55000,55000
057639,國巨元大99購07  ,0,0,0,0,0,0,0,0,0,55000,0,0,0,68000,13000,55000,55000
055421,玉晶光永豐98購04,0,0,0,0,0,0,0,0,0,55000,0,0,0,85000,30000,55000,55000
056241,緯創群益97購01  ,0,0,0,0,0,0,0,0,0,55000,0,0,0,93000,38000,55000,55000
054929,群電凱基97購01  ,0,0,0,0,0,0,0,0,0,55000,0,0,0,55000,0,55000,55000
055137,GIS富邦98購01   ,0,0,0,0,0,0,0,0,0,55000,0,0,0,55000,0,55000,55000
061474,瑞昱元大9A購04  ,0,0,0,0,0,0,0,0,0,55000,0,0,0,72000,17000,55000,55000
060688,世紀鋼元大9C購01,0,0,0,0,0,0,0,0,0,55000,0,0,0,63000,8000,55000,55000
060702,玉晶光國泰9C購02,0,0,0,0,0,0,0,0,0,55000,0,0,0,75000,20000,55000,55000
060388,世紀鋼凱基9B購01,0,0,0,0,0,0,0,0,0,55000,0,0,0,55000,0,55000,55000
060114,緯穎元大99購10  ,0,0,0,0,0,0,0,0,0,55000,0,0,0,81000,26000,55000,55000
060238,強茂元大9C購01  ,0,0,0,0,0,0,0,0,0,55000,0,0,0,70000,15000,55000,55000
060300,佐登國泰9B購01  ,0,0,0,0,0,0,0,0,0,55000,0,0,0,60000,5000,55000,55000
06240P,奇力新元富97售03,0,0,0,0,0,0,0,0,0,55000,0,0,0,55000,0,55000,55000
061928,群創凱基9B購06  ,0,0,0,0,0,0,0,0,0,55000,0,0,0,88000,33000,55000,55000
064351,中租元大9C購01  ,0,0,0,0,0,0,0,0,0,55000,0,0,0,61000,6000,55000,55000
064345,創意元大9C購03  ,0,0,0,0,0,0,0,0,0,55000,0,0,0,100000,45000,55000,55000
063570,嘉晶元大9C購02  ,0,0,0,0,0,0,0,0,0,55000,0,0,0,90000,35000,55000,55000
08506P,台灣50中信96售02,0,0,0,0,0,0,0,0,0,54000,0,0,0,54000,0,54000,54000
1730,花仙子          ,72000,18000,54000,0,0,0,0,0,0,0,0,0,0,0,0,0,54000
3518,柏騰            ,140000,86000,54000,0,0,0,0,0,0,0,0,0,0,0,0,0,54000
059970,台灣50元大9B購07,0,0,0,0,0,0,0,0,0,54000,0,0,0,54000,0,54000,54000
061135,聯發科統一9C購03,0,0,0,0,0,0,0,0,0,54000,0,0,0,54000,0,54000,54000
058813,旺宏統一9B購04  ,0,0,0,0,0,0,0,0,0,54000,0,0,0,116000,62000,54000,54000
063551,美食國票9B購02  ,0,0,0,0,0,0,0,0,0,54000,0,0,0,92000,38000,54000,54000
063459,華通元大9B購08  ,0,0,0,0,0,0,0,0,0,54000,0,0,0,57000,3000,54000,54000
063614,美食群益9B購03  ,0,0,0,0,0,0,0,0,0,54000,0,0,0,64000,10000,54000,54000
063645,瑞儀元大9B購02  ,0,0,0,0,0,0,0,0,0,54000,0,0,0,153000,99000,54000,54000
063652,國泰金台新9B購01,0,0,0,0,0,0,0,0,0,54000,0,0,0,88000,34000,54000,54000
063252,緯穎元大9B購07  ,0,0,0,0,0,0,0,0,0,54000,0,0,0,174000,120000,54000,54000
063192,技嘉台新9B購01  ,0,0,0,0,0,0,0,0,0,54000,0,0,0,54000,0,54000,54000
064292,南茂元大01購01  ,0,0,0,0,0,0,0,0,0,54000,0,0,0,103000,49000,54000,54000
063905,健策麥證02購01  ,0,0,0,63000,9000,54000,0,0,0,54000,0,0,0,63000,9000,54000,54000
063853,同欣電元大9C購02,0,0,0,0,0,0,0,0,0,54000,0,0,0,92000,38000,54000,54000
061981,聯發科元大9B購02,0,0,0,0,0,0,0,0,0,54000,0,0,0,66000,12000,54000,54000
062409,巨大永豐9B購02  ,0,0,0,0,0,0,0,0,0,54000,0,0,0,77000,23000,54000,54000
063018,聯發科元大9B購14,0,0,0,0,0,0,0,0,0,54000,0,0,0,95000,41000,54000,54000
062995,聚陽國票9C購01  ,0,0,0,0,0,0,0,0,0,54000,0,0,0,54000,0,54000,54000
064448,裕隆統一02購01  ,0,0,0,0,0,0,0,0,0,53000,0,0,0,114000,61000,53000,53000
08006P,長榮航中信03售01,0,0,0,0,0,0,0,0,0,53000,0,0,0,83000,30000,53000,53000
07416P,台積電元大99售53,0,0,0,0,0,0,0,0,0,53000,0,0,0,98000,45000,53000,53000
058520,智易元大99購03  ,0,0,0,0,0,0,0,0,0,53000,0,0,0,54000,1000,53000,53000
055443,台虹國票98購01  ,0,0,0,0,0,0,0,0,0,53000,0,0,0,55000,2000,53000,53000
057027,祥碩凱基98購01  ,0,0,0,0,0,0,0,0,0,53000,0,0,0,53000,0,53000,53000
061634,遠東新元大9A購01,0,0,0,0,0,0,0,0,0,53000,0,0,0,130000,77000,53000,53000
057738,旺宏富邦9A購01  ,0,0,0,0,0,0,0,0,0,53000,0,0,0,63000,10000,53000,53000
059632,聯發科凱基01購01,0,0,0,0,0,0,0,0,0,53000,0,0,0,53000,0,53000,53000
061109,臻鼎元大9A購03  ,0,0,0,0,0,0,0,0,0,53000,0,0,0,73000,20000,53000,53000
063131,聯茂元大9B購03  ,0,0,0,0,0,0,0,0,0,53000,0,0,0,111000,58000,53000,53000
062481,同欣電國票9B購01,0,0,0,0,0,0,0,0,0,53000,0,0,0,111000,58000,53000,53000
061995,超眾元大01購01  ,0,0,0,0,0,0,0,0,0,53000,0,0,0,53000,0,53000,53000
064308,國巨群益9C購09  ,0,0,0,0,0,0,0,0,0,53000,0,0,0,53000,0,53000,53000
064090,祥碩凱基9C購03  ,0,0,0,0,0,0,0,0,0,53000,0,0,0,91000,38000,53000,53000
063463,瑞昱元大9B購05  ,0,0,0,0,0,0,0,0,0,53000,0,0,0,78000,25000,53000,53000
063578,瑞祺元大9B購03  ,0,0,0,0,0,0,0,0,0,53000,0,0,0,160000,107000,53000,53000
06925P,致茂群益9A售02  ,0,0,0,0,0,0,0,0,0,52000,0,0,0,54000,2000,52000,52000
6531,愛普            ,12000,40000,-28000,0,0,0,0,0,0,80000,0,0,0,80000,0,80000,52000
1410,南染            ,52000,0,52000,0,0,0,0,0,0,0,0,0,0,0,0,0,52000
057354,聯鈞統一99購03  ,0,0,0,0,0,0,0,0,0,52000,0,0,0,117000,65000,52000,52000
057675,同欣電元大98購02,0,0,0,0,0,0,0,0,0,52000,0,0,0,99000,47000,52000,52000
056581,超眾元大99購01  ,0,0,0,0,0,0,0,0,0,52000,0,0,0,52000,0,52000,52000
055591,全新元大98購01  ,0,0,0,0,0,0,0,0,0,52000,0,0,0,52000,0,52000,52000
057553,景碩凱基98購03  ,0,0,0,0,0,0,0,0,0,52000,0,0,0,103000,51000,52000,52000
061085,聯茂兆豐9A購01  ,0,0,0,0,0,0,0,0,0,52000,0,0,0,681000,629000,52000,52000
060824,旺宏元大9A購06  ,0,0,0,0,0,0,0,0,0,52000,0,0,0,52000,0,52000,52000
060322,卜蜂群益9A購01  ,0,0,0,0,0,0,0,0,0,52000,0,0,0,91000,39000,52000,52000
061203,國巨元大9A購15  ,0,0,0,0,0,0,0,0,0,52000,0,0,0,52000,0,52000,52000
057798,貿聯兆豐99購01  ,0,0,0,0,0,0,0,0,0,52000,0,0,0,102000,50000,52000,52000
063533,緯穎凱基9B購06  ,0,0,0,0,0,0,0,0,0,52000,0,0,0,72000,20000,52000,52000
063647,超眾元大9B購02  ,0,0,0,0,0,0,0,0,0,52000,0,0,0,52000,0,52000,52000
063761,嘉澤統一02購01  ,0,0,0,0,0,0,0,0,0,52000,0,0,0,52000,0,52000,52000
063762,緯穎統一9C購01  ,0,0,0,0,0,0,0,0,0,52000,0,0,0,52000,0,52000,52000
061870,智邦元大9B購02  ,0,0,0,0,0,0,0,0,0,52000,0,0,0,53000,1000,52000,52000
062191,台郡元大9B購05  ,0,0,0,0,0,0,0,0,0,52000,0,0,0,157000,105000,52000,52000
062554,台積電凱基9B購08,0,0,0,0,0,0,0,0,0,52000,0,0,0,57000,5000,52000,52000
056418,台光電元富98購01,0,0,0,0,0,0,0,0,0,51000,0,0,0,127000,76000,51000,51000
054540,泰鼎國票99購01  ,0,0,0,0,0,0,0,0,0,51000,0,0,0,68000,17000,51000,51000
057389,玉晶光永豐98購06,0,0,0,0,0,0,0,0,0,51000,0,0,0,59000,8000,51000,51000
059791,超眾元大99購06  ,0,0,0,0,0,0,0,0,0,51000,0,0,0,60000,9000,51000,51000
059166,友達凱基99購05  ,0,0,0,0,0,0,0,0,0,51000,0,0,0,51000,0,51000,51000
058325,昇陽半永豐99購01,0,0,0,0,0,0,0,0,0,51000,0,0,0,81000,30000,51000,51000
057955,技嘉元大98購07  ,0,0,0,0,0,0,0,0,0,51000,0,0,0,85000,34000,51000,51000
061144,玉晶光中信9B購02,0,0,0,0,0,0,0,0,0,51000,0,0,0,153000,102000,51000,51000
062646,聯發科國泰01購02,0,0,0,0,0,0,0,0,0,51000,0,0,0,52000,1000,51000,51000
063468,聯詠元大9B購04  ,0,0,0,0,0,0,0,0,0,51000,0,0,0,96000,45000,51000,51000
064131,群創元大01購02  ,0,0,0,0,0,0,0,0,0,51000,0,0,0,96000,45000,51000,51000
064058,儒鴻麥證01購01  ,0,0,0,60000,9000,51000,0,0,0,51000,0,0,0,60000,9000,51000,51000
06867P,訊芯元大98售08  ,0,0,0,0,0,0,0,0,0,50000,0,0,0,50000,0,50000,50000
06488P,台積電元富98售05,0,0,0,0,0,0,0,0,0,50000,0,0,0,50000,0,50000,50000
06683P,訊芯元大98售07  ,0,0,0,0,0,0,0,0,0,50000,0,0,0,60000,10000,50000,50000
06678P,大立光統一99售01,0,0,0,0,0,0,0,0,0,50000,0,0,0,50000,0,50000,50000
064414,臺股指凱基9C購10,0,0,0,0,0,0,0,0,0,50000,0,0,0,55000,5000,50000,50000
064386,友達富邦01購01  ,0,0,0,0,0,0,0,0,0,50000,0,0,0,70000,20000,50000,50000
064660,華通元大9C購05  ,0,0,0,0,0,0,0,0,0,50000,0,0,0,50000,0,50000,50000
064570,TPK群益9C購03   ,0,0,0,0,0,0,0,0,0,50000,0,0,0,50000,0,50000,50000
07400P,國巨凱基99售20  ,0,0,0,0,0,0,0,0,0,50000,0,0,0,50000,0,50000,50000
07559P,祥碩元大9A售03  ,0,0,0,0,0,0,0,0,0,50000,0,0,0,50000,0,50000,50000
07241P,台灣50國票9A售05,0,0,0,0,0,0,0,0,0,50000,0,0,0,60000,10000,50000,50000
07898P,國巨國泰9C售02  ,0,0,0,0,0,0,0,0,0,50000,0,0,0,54000,4000,50000,50000
057228,友達凱基9B購01  ,0,0,0,0,0,0,0,0,0,50000,0,0,0,50000,0,50000,50000
055597,禾伸堂元大98購02,0,0,0,0,0,0,0,0,0,50000,0,0,0,50000,0,50000,50000
055668,欣興群益97購01  ,0,0,0,0,0,0,0,0,0,50000,0,0,0,50000,0,50000,50000
056688,聯詠統一98購01  ,0,0,0,0,0,0,0,0,0,50000,0,0,0,50000,0,50000,50000
055698,茂林國票98購03  ,0,0,0,0,0,0,0,0,0,50000,0,0,0,50000,0,50000,50000
056563,華新科群益98購04,0,0,0,0,0,0,0,0,0,50000,0,0,0,50000,0,50000,50000
058511,華新科元大9B購01,0,0,0,0,0,0,0,0,0,50000,0,0,0,50000,0,50000,50000
056964,聯發科永豐98購03,0,0,0,0,0,0,0,0,0,50000,0,0,0,84000,34000,50000,50000
059981,聯發科元大99購36,0,0,0,0,0,0,0,0,0,50000,0,0,0,50000,0,50000,50000
060086,鴻海元大99購42  ,0,0,0,0,0,0,0,0,0,50000,0,0,0,50000,0,50000,50000
055955,微星元大97購01  ,0,0,0,0,0,0,0,0,0,50000,0,0,0,50000,0,50000,50000
056051,T50反1元大97購05,0,0,0,0,0,0,0,0,0,50000,0,0,0,50000,0,50000,50000
055744,茂林元富97購02  ,0,0,0,0,0,0,0,0,0,50000,0,0,0,50000,0,50000,50000
054589,聯鈞國泰99購01  ,0,0,0,0,0,0,0,0,0,50000,0,0,0,50000,0,50000,50000
054308,嘉晶凱基98購01  ,0,0,0,0,0,0,0,0,0,50000,0,0,0,202000,152000,50000,50000
054416,禾伸堂元大97購01,0,0,0,0,0,0,0,0,0,50000,0,0,0,50000,0,50000,50000
054062,TPK國票96購02   ,0,0,0,0,0,0,0,0,0,50000,0,0,0,50000,0,50000,50000
055319,國巨國票98購03  ,0,0,0,0,0,0,0,0,0,50000,0,0,0,50000,0,50000,50000
056370,台郡元大98購03  ,0,0,0,0,0,0,0,0,0,50000,0,0,0,50000,0,50000,50000
053925,群創國票98購01  ,0,0,0,0,0,0,0,0,0,50000,0,0,0,50000,0,50000,50000
054795,合勤控群益98購01,0,0,0,0,0,0,0,0,0,50000,0,0,0,50000,0,50000,50000
054788,華新科群益98購02,0,0,0,0,0,0,0,0,0,50000,0,0,0,50000,0,50000,50000
055093,京鼎群益98購01  ,0,0,0,0,0,0,0,0,0,50000,0,0,0,50000,0,50000,50000
054959,禾伸堂元大98購01,0,0,0,0,0,0,0,0,0,50000,0,0,0,50000,0,50000,50000
047780,友達中信96購01  ,0,0,0,0,0,0,0,0,0,50000,0,0,0,50000,0,50000,50000
051876,宏達電國票96購01,0,0,0,0,0,0,0,0,0,50000,0,0,0,50000,0,50000,50000
052863,友達凱基98購02  ,0,0,0,0,0,0,0,0,0,50000,0,0,0,50000,0,50000,50000
052368,力成國票96購01  ,0,0,0,0,0,0,0,0,0,50000,0,0,0,50000,0,50000,50000
052704,TPK國票97購01   ,0,0,0,0,0,0,0,0,0,50000,0,0,0,50000,0,50000,50000
061189,可成富邦9B購02  ,0,0,0,0,0,0,0,0,0,50000,0,0,0,50000,0,50000,50000
061181,牧德凱基9A購01  ,0,0,0,0,0,0,0,0,0,50000,0,0,0,50000,0,50000,50000
061178,晶技凱基9B購01  ,0,0,0,0,0,0,0,0,0,50000,0,0,0,50000,0,50000,50000
061216,世芯元大9A購06  ,0,0,0,0,0,0,0,0,0,50000,0,0,0,67000,17000,50000,50000
061218,臺股指元大9A購55,0,0,0,0,0,0,0,0,0,50000,0,0,0,50000,0,50000,50000
060286,佳世達元大9C購01,0,0,0,0,0,0,0,0,0,50000,0,0,0,133000,83000,50000,50000
059623,聯電凱基99購02  ,0,0,0,0,0,0,0,0,0,50000,0,0,0,92000,42000,50000,50000
06110P,國巨國泰98售02  ,0,0,0,0,0,0,0,0,0,50000,0,0,0,50000,0,50000,50000
058622,國巨國票99購07  ,0,0,0,0,0,0,0,0,0,50000,0,0,0,50000,0,50000,50000
058131,義隆元大99購02  ,0,0,0,0,0,0,0,0,0,50000,0,0,0,50000,0,50000,50000
058170,國巨凱基9A購06  ,0,0,0,0,0,0,0,0,0,50000,0,0,0,150000,100000,50000,50000
060626,貿聯元大9A購04  ,0,0,0,0,0,0,0,0,0,50000,0,0,0,50000,0,50000,50000
058793,鴻海元大99購19  ,0,0,0,0,0,0,0,0,0,50000,0,0,0,50000,0,50000,50000
057902,嘉晶永豐98購02  ,0,0,0,0,0,0,0,0,0,50000,0,0,0,60000,10000,50000,50000
061291,玉晶光統一01購05,0,0,0,0,0,0,0,0,0,50000,0,0,0,60000,10000,50000,50000
058931,玉晶光統一9C購01,0,0,0,0,0,0,0,0,0,50000,0,0,0,54000,4000,50000,50000
061576,華新科元大9A購21,0,0,0,0,0,0,0,0,0,50000,0,0,0,50000,0,50000,50000
061527,牧德凱基9A購02  ,0,3000,-3000,0,0,0,0,0,0,53000,0,0,0,57000,4000,53000,50000
058346,嘉晶群益99購01  ,0,0,0,0,0,0,0,0,0,50000,0,0,0,50000,0,50000,50000
058747,友達凱基9A購03  ,0,0,0,0,0,0,0,0,0,50000,0,0,0,50000,0,50000,50000
057778,大立光群益98購02,0,0,0,0,0,0,0,0,0,50000,0,0,0,50000,0,50000,50000
057747,致新永豐98購01  ,0,0,0,0,0,0,0,0,0,50000,0,0,0,60000,10000,50000,50000
063816,TPK群益9C購01   ,0,0,0,0,0,0,0,0,0,50000,0,0,0,50000,0,50000,50000
063814,嘉晶群益9C購01  ,0,0,0,0,0,0,0,0,0,50000,0,0,0,121000,71000,50000,50000
064122,國巨元大9C購17  ,0,0,0,0,0,0,0,0,0,50000,0,0,0,50000,0,50000,50000
063569,美食元大9B購03  ,0,0,0,0,0,0,0,0,0,50000,0,0,0,80000,30000,50000,50000
063590,華擎永豐9B購01  ,0,0,0,0,0,0,0,0,0,50000,0,0,0,50000,0,50000,50000
063739,台勝科元大9B購03,0,0,0,0,0,0,0,0,0,50000,0,0,0,75000,25000,50000,50000
063728,國巨元大9B購21  ,0,0,0,0,0,0,0,0,0,50000,0,0,0,50000,0,50000,50000
063165,泰碩永豐9B購02  ,0,0,0,0,0,0,0,0,0,50000,0,0,0,50000,0,50000,50000
063222,群創群益9B購03  ,0,0,0,0,0,0,0,0,0,50000,0,0,0,78000,28000,50000,50000
063315,京元電群益9B購03,0,0,0,0,0,0,0,0,0,50000,0,0,0,50000,0,50000,50000
062700,台光電元大9B購05,0,0,0,0,0,0,0,0,0,50000,0,0,0,75000,25000,50000,50000
062685,華新科統一9C購03,0,0,0,0,0,0,0,0,0,50000,0,0,0,50000,0,50000,50000
062724,可成凱基9B購04  ,0,0,0,0,0,0,0,0,0,50000,0,0,0,52000,2000,50000,50000
062458,全新群益9B購03  ,0,0,0,0,0,0,0,0,0,50000,0,0,0,50000,0,50000,50000
062492,牧德第一9B購01  ,0,0,0,0,0,0,0,0,0,50000,0,0,0,50000,0,50000,50000
063122,聯發科元大9B購15,0,0,0,0,0,0,0,0,0,50000,0,0,0,51000,1000,50000,50000
062941,大立光凱基9B購07,0,0,0,0,0,0,0,0,0,50000,0,0,0,50000,0,50000,50000
062902,智邦元大9B購07  ,0,0,0,0,0,0,0,0,0,50000,0,0,0,50000,0,50000,50000
062224,玉晶光統一9C購03,0,0,0,0,0,0,0,0,0,50000,0,0,0,54000,4000,50000,50000
062248,國巨元大9B購08  ,0,0,0,0,0,0,0,0,0,50000,0,0,0,50000,0,50000,50000
062187,台勝科元大9B購02,0,0,0,0,0,0,0,0,0,50000,0,0,0,50000,0,50000,50000
062419,台積電統一9B購15,0,0,0,0,0,0,0,0,0,50000,0,0,0,64000,14000,50000,50000
061904,台灣50中信9B購01,0,0,0,0,0,0,0,0,0,50000,0,0,0,50000,0,50000,50000
061766,華新科元大9B購02,0,0,0,0,0,0,0,0,0,50000,0,0,0,50000,0,50000,50000
061745,南電凱基9B購02  ,0,0,0,0,0,0,0,0,0,50000,0,0,0,150000,100000,50000,50000
07048P,台積電中信03售01,0,0,0,0,0,0,0,0,0,49000,0,0,0,118000,69000,49000,49000
06682P,玉晶光元大99售08,0,0,0,0,0,0,0,0,0,49000,0,0,0,130000,81000,49000,49000
052092,貿聯元大96購02  ,0,0,0,0,0,0,0,0,0,49000,0,0,0,49000,0,49000,49000
048001,中工元大96購01  ,0,0,0,0,0,0,0,0,0,49000,0,0,0,49000,0,49000,49000
053276,友達元大9C購01  ,0,0,0,0,0,0,0,0,0,49000,0,0,0,49000,0,49000,49000
053865,欣興元大97購02  ,0,0,0,0,0,0,0,0,0,49000,0,0,0,51000,2000,49000,49000
057230,建準凱基98購02  ,0,0,0,0,0,0,0,0,0,49000,0,0,0,49000,0,49000,49000
057353,玉晶光統一99購01,0,0,0,0,0,0,0,0,0,49000,0,0,0,61000,12000,49000,49000
056992,祥碩兆豐98購01  ,0,0,0,0,0,0,0,0,0,49000,0,0,0,49000,0,49000,49000
059146,貿聯國票9A購02  ,0,0,0,0,0,0,0,0,0,49000,0,0,0,49000,0,49000,49000
058344,旺宏群益99購05  ,0,0,0,0,0,0,0,0,0,49000,0,0,0,49000,0,49000,49000
061398,力成中信9A購01  ,0,0,0,0,0,0,0,0,0,49000,0,0,0,49000,0,49000,49000
06139P,台積電中信99售02,0,0,0,0,0,0,0,0,0,49000,0,0,0,61000,12000,49000,49000
061429,南六元大9A購02  ,0,0,0,0,0,0,0,0,0,49000,0,0,0,55000,6000,49000,49000
061583,矽創元大9A購01  ,0,0,0,0,0,0,0,0,0,49000,0,0,0,84000,35000,49000,49000
060977,亞德客元大9A購04,0,0,0,0,0,0,0,0,0,49000,0,0,0,111000,62000,49000,49000
060785,國巨富邦9B購04  ,0,0,0,0,0,0,0,0,0,49000,0,0,0,90000,41000,49000,49000
061972,華新元大9B購01  ,0,0,0,0,0,0,0,0,0,49000,0,0,0,130000,81000,49000,49000
062896,中興電元大9B購01,0,0,0,0,0,0,0,0,0,49000,0,0,0,87000,38000,49000,49000
062927,同欣電國票9B購02,0,0,0,0,0,0,0,0,0,49000,0,0,0,69000,20000,49000,49000
064104,TPK群益9C購02   ,0,0,0,0,0,0,0,0,0,49000,0,0,0,59000,10000,49000,49000
063815,玉晶光群益02購01,0,0,0,0,0,0,0,0,0,49000,0,0,0,58000,9000,49000,49000
063996,貿聯群益9C購01  ,0,0,0,0,0,0,0,0,0,49000,0,0,0,49000,0,49000,49000
06496P,台灣50日盛98售01,0,0,0,0,0,0,0,0,0,48000,0,0,0,608000,560000,48000,48000
064743,聯詠國票01購01  ,0,0,0,0,0,0,0,0,0,48000,0,0,0,50000,2000,48000,48000
064491,金像電元大9C購03,0,0,0,0,0,0,0,0,0,48000,0,0,0,48000,0,48000,48000
1734,杏輝            ,516000,468000,48000,0,0,0,0,0,0,0,0,0,0,0,0,0,48000
056558,台達電群益98購01,0,0,0,0,0,0,0,0,0,48000,0,0,0,48000,0,48000,48000
056744,麗豐凱基9A購01  ,0,0,0,0,0,0,0,0,0,48000,0,0,0,75000,27000,48000,48000
056350,上銀元大98購02  ,0,0,0,0,0,0,0,0,0,48000,0,0,0,48000,0,48000,48000
056142,超眾元大97購06  ,0,0,0,0,0,0,0,0,0,48000,0,0,0,117000,69000,48000,48000
059950,百和永豐99購02  ,0,0,0,0,0,0,0,0,0,48000,0,0,0,48000,0,48000,48000
058523,聯茂元大99購08  ,0,0,0,0,0,0,0,0,0,48000,0,0,0,71000,23000,48000,48000
055136,聯發科富邦99購06,0,0,0,0,0,0,0,0,0,48000,0,0,0,54000,6000,48000,48000
046383,群創凱基98購01  ,0,0,0,0,0,0,0,0,0,48000,0,0,0,108000,60000,48000,48000
052491,泰碩國票99購01  ,0,0,0,0,0,0,0,0,0,48000,0,0,0,48000,0,48000,48000
060249,正文元大9C購01  ,0,0,0,0,0,0,0,0,0,48000,0,0,0,50000,2000,48000,48000
060266,潤泰全國票9A購01,0,0,0,0,0,0,0,0,0,48000,0,0,0,58000,10000,48000,48000
060900,超眾凱基9B購01  ,0,0,0,0,0,0,0,0,0,48000,0,0,0,48000,0,48000,48000
058231,技嘉元大99購02  ,0,0,0,0,0,0,0,0,0,48000,0,0,0,49000,1000,48000,48000
061680,崇越元大9A購01  ,0,0,0,0,0,0,0,0,0,48000,0,0,0,68000,20000,48000,48000
061327,台郡凱基9A購02  ,0,0,0,0,0,0,0,0,0,48000,0,0,0,59000,11000,48000,48000
057873,義隆元大98購03  ,0,0,0,0,0,0,0,0,0,48000,0,0,0,50000,2000,48000,48000
057843,晶技永豐98購02  ,0,0,0,0,0,0,0,0,0,48000,0,0,0,48000,0,48000,48000
059852,康控永豐99購02  ,0,0,0,0,0,0,0,0,0,48000,0,0,0,98000,50000,48000,48000
063742,道瓊指國票9C購01,0,0,0,0,0,0,0,0,0,48000,0,0,0,88000,40000,48000,48000
063666,京元電統一9C購01,0,0,0,0,0,0,0,0,0,48000,0,0,0,88000,40000,48000,48000
061958,鴻海統一01購01  ,0,0,0,0,0,0,0,0,0,48000,0,0,0,63000,15000,48000,48000
062071,華通元大9B購02  ,0,0,0,0,0,0,0,0,0,48000,0,0,0,88000,40000,48000,48000
06929P,鴻海元大99售11  ,0,0,0,0,0,0,0,0,0,47000,0,0,0,162000,115000,47000,47000
07392P,台積電國泰02售01,0,0,0,0,0,0,0,0,0,47000,0,0,0,47000,0,47000,47000
050890,南電富邦99購01  ,0,0,0,0,0,0,0,0,0,47000,0,0,0,112000,65000,47000,47000
054735,漢唐凱基98購01  ,0,0,0,0,0,0,0,0,0,47000,0,0,0,90000,43000,47000,47000
057563,旭富國泰9A購01  ,0,0,0,0,0,0,0,0,0,47000,0,0,0,60000,13000,47000,47000
057491,美食元大98購03  ,0,0,0,0,0,0,0,0,0,47000,0,0,0,50000,3000,47000,47000
056251,聯發科兆豐97購02,0,0,0,0,0,0,0,0,0,47000,0,0,0,47000,0,47000,47000
057420,美食凱基98購01  ,0,0,0,0,0,0,0,0,0,47000,0,0,0,57000,10000,47000,47000
061305,帆宣永豐9A購01  ,0,0,0,0,0,0,0,0,0,47000,0,0,0,47000,0,47000,47000
058909,神達元大99購03  ,0,0,0,0,0,0,0,0,0,47000,0,0,0,52000,5000,47000,47000
061472,台積電元大9A購32,0,0,0,0,0,0,0,0,0,47000,0,0,0,56000,9000,47000,47000
058074,欣興凱基99購01  ,0,0,0,0,0,0,0,0,0,47000,0,0,0,47000,0,47000,47000
058676,聯茂群益99購01  ,0,0,0,0,0,0,0,0,0,47000,0,0,0,170000,123000,47000,47000
058041,FBVIX元大98購02 ,0,0,0,0,0,0,0,0,0,47000,0,0,0,50000,3000,47000,47000
06025P,臺股指元大99售02,0,0,0,0,0,0,0,0,0,47000,0,0,0,131000,84000,47000,47000
058540,嘉聯益國泰9A購02,0,0,0,0,0,0,0,0,0,47000,0,0,0,47000,0,47000,47000
060582,玉晶光群益9C購01,0,0,0,0,0,0,0,0,0,47000,0,0,0,47000,0,47000,47000
062055,鴻海統一9C購07  ,0,0,0,0,0,0,0,0,0,47000,0,0,0,48000,1000,47000,47000
062368,聯詠元大9B購01  ,0,0,0,0,0,0,0,0,0,47000,0,0,0,81000,34000,47000,47000
063117,聯茂麥證9B購01  ,0,0,0,47000,0,47000,0,0,0,47000,0,0,0,47000,0,47000,47000
063642,茂林元大9B購08  ,0,0,0,0,0,0,0,0,0,47000,0,0,0,67000,20000,47000,47000
063615,瑞祺群益9B購03  ,0,0,0,0,0,0,0,0,0,47000,0,0,0,47000,0,47000,47000
063609,南電凱基9B購05  ,0,0,0,0,0,0,0,0,0,47000,0,0,0,52000,5000,47000,47000
063407,泰鼎國票9C購01  ,0,0,0,0,0,0,0,0,0,47000,0,0,0,126000,79000,47000,47000
063850,玉晶光元大9C購07,0,0,0,0,0,0,0,0,0,47000,0,0,0,186000,139000,47000,47000
06421P,嘉澤統一97售02  ,0,0,0,0,0,0,0,0,0,47000,0,0,0,51000,4000,47000,47000
06696P,台灣50國票99售01,0,0,0,0,0,0,0,0,0,46000,0,0,0,100000,54000,46000,46000
057422,欣興凱基98購04  ,0,0,0,0,0,0,0,0,0,46000,0,0,0,52000,6000,46000,46000
057112,立積群益99購01  ,0,0,0,0,0,0,0,0,0,46000,0,0,0,72000,26000,46000,46000
056894,佳世達元大99購01,0,0,0,0,0,0,0,0,0,46000,0,0,0,70000,24000,46000,46000
060100,新光金元大9C購01,0,0,0,0,0,0,0,0,0,46000,0,0,0,78000,32000,46000,46000
055365,華通元大97購03  ,0,0,0,0,0,0,0,0,0,46000,0,0,0,186000,140000,46000,46000
055403,泰鼎元富97購01  ,0,0,0,0,0,0,0,0,0,46000,0,0,0,68000,22000,46000,46000
054363,世芯凱基97購01  ,0,0,0,0,0,0,0,0,0,46000,0,0,0,58000,12000,46000,46000
00753L,中信中國50正2   ,0,0,0,0,0,0,0,0,0,46000,0,0,0,365000,319000,46000,46000
060164,合勤控永豐9A購01,0,0,0,0,0,0,0,0,0,46000,0,0,0,103000,57000,46000,46000
058004,大立光群益98購03,0,0,0,0,0,0,0,0,0,46000,0,0,0,52000,6000,46000,46000
061084,京元電兆豐9A購02,0,0,0,0,0,0,0,0,0,46000,0,0,0,46000,0,46000,46000
058159,健策台新9A購01  ,0,0,0,0,0,0,0,0,0,46000,0,0,0,46000,0,46000,46000
058290,南電國票9A購01  ,0,0,0,0,0,0,0,0,0,46000,0,0,0,75000,29000,46000,46000
061273,臺股指凱基9A購23,0,0,0,0,0,0,0,0,0,46000,0,0,0,50000,4000,46000,46000
059298,大立光元富9C購02,0,0,0,0,0,0,0,0,0,46000,0,0,0,59000,13000,46000,46000
058345,台光電群益99購03,0,0,0,0,0,0,0,0,0,46000,0,0,0,46000,0,46000,46000
064314,信邦群益9C購01  ,0,0,0,0,0,0,0,0,0,46000,0,0,0,46000,0,46000,46000
063948,高鐵元大9C購01  ,0,0,0,0,0,0,0,0,0,46000,0,0,0,123000,77000,46000,46000
063224,泰鼎群益9B購02  ,0,0,0,0,0,0,0,0,0,46000,0,0,0,211000,165000,46000,46000
063136,智邦統一9B購02  ,0,0,0,0,0,0,0,0,0,46000,0,0,0,202000,156000,46000,46000
062574,美食群益9B購02  ,0,0,0,0,0,0,0,0,0,46000,0,0,0,66000,20000,46000,46000
06187P,國巨統一97售05  ,0,0,0,0,0,0,0,0,0,46000,0,0,0,46000,0,46000,46000
07387P,臺股指群益99售25,0,0,0,0,0,0,0,0,0,45000,0,0,0,45000,0,45000,45000
08053P,臺股指國票9B售18,0,0,0,0,0,0,0,0,0,45000,0,0,0,165000,120000,45000,45000
8104,錸寶            ,75000,30000,45000,0,0,0,0,0,0,0,0,0,0,0,0,0,45000
056962,技嘉永豐98購01  ,0,0,0,0,0,0,0,0,0,45000,0,0,0,62000,17000,45000,45000
056209,超眾永豐97購02  ,0,0,0,0,0,0,0,0,0,45000,0,0,0,45000,0,45000,45000
056791,嘉聯益群益98購01,0,0,0,0,0,0,0,0,0,45000,0,0,0,45000,0,45000,45000
056625,致伸永豐98購01  ,0,0,0,0,0,0,0,0,0,45000,0,0,0,45000,0,45000,45000
058700,鴻海元大99購15  ,0,0,0,0,0,0,0,0,0,45000,0,0,0,50000,5000,45000,45000
061351,智伸科元大9A購01,0,0,0,0,0,0,0,0,0,45000,0,0,0,50000,5000,45000,45000
061642,創意元大9A購04  ,0,0,0,0,0,0,0,0,0,45000,0,0,0,157000,112000,45000,45000
058077,超眾凱基98購02  ,0,0,0,0,0,0,0,0,0,45000,0,0,0,51000,6000,45000,45000
060244,大立光元大9B購02,0,0,0,0,0,0,0,0,0,45000,0,0,0,45000,0,45000,45000
060528,友達中信9C購01  ,0,0,0,0,0,0,0,0,0,45000,0,0,0,60000,15000,45000,45000
062589,友達統一9C購03  ,0,0,0,0,0,0,0,0,0,45000,0,0,0,50000,5000,45000,45000
063090,道瓊反中信9C購02,0,0,0,0,0,0,0,0,0,45000,0,0,0,50000,5000,45000,45000
063492,台積電富邦02購02,0,0,0,0,0,0,0,0,0,45000,0,0,0,54000,9000,45000,45000
063622,健策兆豐9B購01  ,0,0,0,0,0,0,0,0,0,45000,0,0,0,45000,0,45000,45000
064214,群創凱基03購01  ,0,0,0,0,0,0,0,0,0,45000,0,0,0,74000,29000,45000,45000
1513,中興電          ,315000,329000,-14000,0,0,0,0,0,0,58000,58000,8000,50000,30000,22000,8000,44000
07734P,台積電富邦9C售10,0,0,0,0,0,0,0,0,0,44000,0,0,0,52000,8000,44000,44000
064552,巨大凱基01購01  ,0,0,0,0,0,0,0,0,0,44000,0,0,0,60000,16000,44000,44000
064596,台表科統一01購03,0,0,0,0,0,0,0,0,0,44000,0,0,0,45000,1000,44000,44000
052747,京鼎元大97購01  ,0,0,0,0,0,0,0,0,0,44000,0,0,0,44000,0,44000,44000
055063,玉晶光永豐99購01,0,0,0,0,0,0,0,0,0,44000,0,0,0,85000,41000,44000,44000
054585,禾伸堂國泰99購01,0,0,0,0,0,0,0,0,0,44000,0,0,0,75000,31000,44000,44000
057527,億光元大98購01  ,0,0,0,0,0,0,0,0,0,44000,0,0,0,44000,0,44000,44000
060796,世芯永豐9A購03  ,0,0,0,0,0,0,0,0,0,44000,0,0,0,77000,33000,44000,44000
061138,晶技統一9C購01  ,0,0,0,0,0,0,0,0,0,44000,0,0,0,50000,6000,44000,44000
060754,華通元大9A購04  ,0,0,0,0,0,0,0,0,0,44000,0,0,0,44000,0,44000,44000
061593,智原永豐9A購01  ,0,0,0,0,0,0,0,0,0,44000,0,0,0,64000,20000,44000,44000
059032,元石油群益9C購03,0,0,0,0,0,0,0,0,0,44000,0,0,0,44000,0,44000,44000
059281,創意永豐99購02  ,0,0,0,0,0,0,0,0,0,44000,0,0,0,81000,37000,44000,44000
064126,聯發科元大9C購05,0,0,0,0,0,0,0,0,0,44000,0,0,0,269000,225000,44000,44000
062831,嘉澤群益9B購01  ,0,0,0,0,0,0,0,0,0,44000,0,0,0,44000,0,44000,44000
061801,祥碩永豐9B購01  ,0,0,0,0,0,0,0,0,0,44000,0,0,0,45000,1000,44000,44000
06453P,群創元大9B售02  ,0,0,0,0,0,0,0,0,0,43000,0,0,0,141000,98000,43000,43000
07170P,臺股指國票99售07,0,0,0,0,0,0,0,0,0,43000,0,0,0,215000,172000,43000,43000
3708,上緯投控        ,149000,97000,52000,0,0,0,0,0,0,-9000,0,6000,-6000,0,3000,-3000,43000
057603,樺漢群益98購02  ,0,0,0,0,0,0,0,0,0,43000,0,0,0,43000,0,43000,43000
056506,晶豪科永豐98購02,0,0,0,0,0,0,0,0,0,43000,0,0,0,80000,37000,43000,43000
053162,緯穎元大97購01  ,0,0,0,0,0,0,0,0,0,43000,0,0,0,43000,0,43000,43000
055705,微星永豐97購01  ,0,0,0,0,0,0,0,0,0,43000,0,0,0,43000,0,43000,43000
056352,鴻海元大99購01  ,0,0,0,0,0,0,0,0,0,43000,0,0,0,43000,0,43000,43000
058795,可成元大99購03  ,0,0,0,0,0,0,0,0,0,43000,0,0,0,93000,50000,43000,43000
057938,台表科群益98購02,0,0,0,0,0,0,0,0,0,43000,0,0,0,43000,0,43000,43000
062821,華擎兆豐9C購01  ,0,0,0,0,0,0,0,0,0,43000,0,0,0,128000,85000,43000,43000
063111,TPK兆豐9B購01   ,0,0,0,0,0,0,0,0,0,43000,0,0,0,43000,0,43000,43000
062482,台表科國票9B購01,0,0,0,0,0,0,0,0,0,43000,0,0,0,47000,4000,43000,43000
062634,玉晶光國票9B購03,0,0,0,0,0,0,0,0,0,43000,0,0,0,63000,20000,43000,43000
063244,華新科元大9B購11,0,0,0,0,0,0,0,0,0,43000,0,0,0,54000,11000,43000,43000
063215,台表科國票9C購02,0,0,0,0,0,0,0,0,0,43000,0,0,0,58000,15000,43000,43000
4976,佳凌            ,139000,95000,44000,0,0,0,0,0,0,-2000,0,2000,-2000,0,0,0,42000
07677P,祥碩永豐9A售01  ,0,0,0,0,0,0,0,0,0,42000,0,0,0,50000,8000,42000,42000
06879P,長榮航凱基98售02,0,0,0,0,0,0,0,0,0,42000,0,0,0,52000,10000,42000,42000
057683,技嘉日盛98購01  ,0,0,0,0,0,0,0,0,0,42000,0,0,0,47000,5000,42000,42000
055196,致新元富97購01  ,0,0,0,0,0,0,0,0,0,42000,0,0,0,92000,50000,42000,42000
057465,智易永豐98購02  ,0,0,0,0,0,0,0,0,0,42000,0,0,0,48000,6000,42000,42000
058864,欣興凱基99購04  ,0,0,0,0,0,0,0,0,0,42000,0,0,0,42000,0,42000,42000
061508,南六國泰9C購02  ,0,0,0,0,0,0,0,0,0,42000,0,0,0,42000,0,42000,42000
059118,晶技永豐9A購01  ,0,0,0,0,0,0,0,0,0,42000,0,0,0,52000,10000,42000,42000
059031,元石油中信03購01,0,0,0,0,0,0,0,0,0,42000,0,0,0,52000,10000,42000,42000
058977,SGBR2X凱基03購01,0,0,0,0,0,0,0,0,0,42000,0,0,0,72000,30000,42000,42000
058721,立積元富9C購01  ,0,0,0,0,0,0,0,0,0,42000,0,0,0,252000,210000,42000,42000
060722,矽格永豐9A購01  ,0,0,0,0,0,0,0,0,0,42000,0,0,0,42000,0,42000,42000
061048,國巨中信9A購05  ,0,0,0,0,0,0,0,0,0,42000,0,0,0,42000,0,42000,42000
060154,堤維西永豐9A購01,0,0,0,0,0,0,0,0,0,42000,0,0,0,83000,41000,42000,42000
061187,瀚宇博國泰9C購01,0,0,0,0,0,0,0,0,0,42000,0,0,0,42000,0,42000,42000
060467,神基元大9A購01  ,0,0,0,0,0,0,0,0,0,42000,0,0,0,78000,36000,42000,42000
063333,同欣電國票9C購01,0,0,0,0,0,0,0,0,0,42000,0,0,0,99000,57000,42000,42000
063934,寶成統一02購01  ,0,0,0,0,0,0,0,0,0,42000,0,0,0,42000,0,42000,42000
063997,泰鼎群益9C購01  ,0,0,0,0,0,0,0,0,0,42000,0,0,0,140000,98000,42000,42000
063089,巨大凱基9C購01  ,0,0,0,0,0,0,0,0,0,42000,0,0,0,72000,30000,42000,42000
063091,聯電中信9B購01  ,0,0,0,0,0,0,0,0,0,42000,0,0,0,214000,172000,42000,42000
062817,富邦金兆豐9B購01,0,0,0,0,0,0,0,0,0,42000,0,0,0,213000,171000,42000,42000
062083,健策元大9C購03  ,0,0,0,0,0,0,0,0,0,42000,0,0,0,67000,25000,42000,42000
4906,正文            ,278000,214000,64000,0,0,0,0,0,0,-23000,7000,9000,-2000,9000,30000,-21000,41000
057475,聯電元大9A購01  ,0,0,0,0,0,0,0,0,0,41000,0,0,0,1119000,1078000,41000,41000
054101,茂林國票97購04  ,0,0,0,0,0,0,0,0,0,41000,0,0,0,41000,0,41000,41000
052542,友達元富98購01  ,0,0,0,0,0,0,0,0,0,41000,0,0,0,221000,180000,41000,41000
057107,華新科群益98購06,0,0,0,0,0,0,0,0,0,41000,0,0,0,41000,0,41000,41000
057626,技嘉富邦9A購01  ,0,0,0,0,0,0,0,0,0,41000,0,0,0,343000,302000,41000,41000
056224,聯發科凱基97購08,0,0,0,0,0,0,0,0,0,41000,0,0,0,57000,16000,41000,41000
060043,全新群益9B購02  ,0,0,0,0,0,0,0,0,0,41000,0,0,0,41000,0,41000,41000
060915,旭富元大9A購01  ,0,0,0,0,0,0,0,0,0,41000,0,0,0,230000,189000,41000,41000
060423,智易永豐9A購01  ,0,0,0,0,0,0,0,0,0,41000,0,0,0,43000,2000,41000,41000
058061,貿聯元富9B購01  ,0,0,0,0,0,0,0,0,0,41000,0,0,0,81000,40000,41000,41000
058173,台積電凱基99購04,0,0,0,0,0,0,0,0,0,41000,0,0,0,123000,82000,41000,41000
061428,南六元大9A購01  ,0,0,0,0,0,0,0,0,0,41000,0,0,0,49000,8000,41000,41000
061644,健策元大9C購02  ,0,0,0,0,0,0,0,0,0,41000,0,0,0,150000,109000,41000,41000
062663,聯發科群益9B購07,0,0,0,0,0,0,0,0,0,41000,0,0,0,41000,0,41000,41000
064297,台郡國票01購01  ,0,0,0,0,0,0,0,0,0,41000,0,0,0,206000,165000,41000,41000
064349,泰鼎元大9C購02  ,0,0,0,0,0,0,0,0,0,41000,0,0,0,172000,131000,41000,41000
063227,祥碩群益9B購06  ,0,0,0,0,0,0,0,0,0,41000,0,0,0,152000,111000,41000,41000
063704,麗豐群益9B購01  ,0,0,0,0,0,0,0,0,0,41000,0,0,0,43000,2000,41000,41000
2464,盟立            ,88000,47000,41000,0,0,0,0,0,0,-1000,0,1000,-1000,0,0,0,40000
1474,弘裕            ,150000,110000,40000,0,0,0,0,0,0,0,0,0,0,0,0,0,40000
08305P,茂林群益9C售01  ,0,0,0,0,0,0,0,0,0,40000,0,0,0,40000,0,40000,40000
08181P,華新科國泰9C售02,0,0,0,0,0,0,0,0,0,40000,0,0,0,150000,110000,40000,40000
064495,南亞科元大9C購03,0,0,0,0,0,0,0,0,0,40000,0,0,0,50000,10000,40000,40000
064379,TPK元富9C購01   ,0,0,0,0,0,0,0,0,0,40000,0,0,0,70000,30000,40000,40000
07793P,同欣電元大9A售02,0,0,0,0,0,0,0,0,0,40000,0,0,0,60000,20000,40000,40000
07750P,台表科凱基9A售04,0,0,0,0,0,0,0,0,0,40000,0,0,0,40000,0,40000,40000
07963P,智邦統一9B售01  ,0,0,0,0,0,0,0,0,0,40000,0,0,0,40000,0,40000,40000
07189P,聯發科富邦9B售03,0,0,0,0,0,0,0,0,0,40000,0,0,0,80000,40000,40000,40000
07552P,技嘉元大9A售03  ,0,0,0,0,0,0,0,0,0,40000,0,0,0,40000,0,40000,40000
058482,祥碩凱基99購02  ,0,0,0,0,0,0,0,0,0,40000,0,0,0,40000,0,40000,40000
059472,T50正2群益99購01,0,0,0,0,0,0,0,0,0,40000,0,0,0,40000,0,40000,40000
059536,新光金凱基99購05,0,0,0,0,0,0,0,0,0,40000,0,0,0,40000,0,40000,40000
055865,臺股指元大97購02,0,0,0,0,0,0,0,0,0,40000,0,0,0,40000,0,40000,40000
055736,宏達電元富99購01,0,0,0,0,0,0,0,0,0,40000,0,0,0,210000,170000,40000,40000
057356,彩晶統一98購04  ,0,0,0,0,0,0,0,0,0,40000,0,0,0,40000,0,40000,40000
056543,京鼎凱基98購01  ,0,0,0,0,0,0,0,0,0,40000,0,0,0,50000,10000,40000,40000
055551,致茂凱基98購01  ,0,0,0,0,0,0,0,0,0,40000,0,0,0,40000,0,40000,40000
053232,友達永豐97購02  ,0,0,0,0,0,0,0,0,0,40000,0,0,0,40000,0,40000,40000
050170,臺指反元大97購02,0,0,0,0,0,0,0,0,0,40000,0,0,0,40000,0,40000,40000
053492,華邦電兆豐97購01,0,0,0,0,0,0,0,0,0,40000,0,0,0,40000,0,40000,40000
055324,TPK國票98購03   ,0,0,0,0,0,0,0,0,0,40000,0,0,0,40000,0,40000,40000
055259,玉晶光統一9A購01,0,0,0,0,0,0,0,0,0,40000,0,0,0,40000,0,40000,40000
055285,華新科元大99購03,0,0,0,0,0,0,0,0,0,40000,0,0,0,40000,0,40000,40000
054564,玉晶光群益99購01,0,0,0,0,0,0,0,0,0,40000,0,0,0,40000,0,40000,40000
054449,中環第一96購01  ,0,0,0,0,0,0,0,0,0,40000,0,0,0,40000,0,40000,40000
054287,台積電元大97購11,0,0,0,0,0,0,0,0,0,40000,0,0,0,40000,0,40000,40000
053888,和大群益97購01  ,0,0,0,0,0,0,0,0,0,40000,0,0,0,40000,0,40000,40000
061695,群創群益9A購01  ,0,0,0,0,0,0,0,0,0,40000,0,0,0,60000,20000,40000,40000
061410,緯穎國票9A購03  ,0,0,0,0,0,0,0,0,0,40000,0,0,0,65000,25000,40000,40000
061395,健策統一9C購02  ,0,0,0,0,0,0,0,0,0,40000,0,0,0,81000,41000,40000,40000
061528,超眾凱基9A購04  ,0,0,0,0,0,0,0,0,0,40000,0,0,0,40000,0,40000,40000
057958,禾伸堂元大99購05,0,0,0,0,0,0,0,0,0,40000,0,0,0,115000,75000,40000,40000
057959,欣興元大98購14  ,0,0,0,0,0,0,0,0,0,40000,0,0,0,95000,55000,40000,40000
059217,台積電元大99購30,0,0,0,0,0,0,0,0,0,40000,0,0,0,44000,4000,40000,40000
059174,訊芯凱基99購01  ,0,0,0,0,0,0,0,0,0,40000,0,0,0,53000,13000,40000,40000
059253,康控凱基9B購02  ,0,0,0,0,0,0,0,0,0,40000,0,0,0,40000,0,40000,40000
059297,大立光元富9C購01,0,0,0,0,0,0,0,0,0,40000,0,0,0,85000,45000,40000,40000
059823,奇力新凱基99購07,0,0,0,0,0,0,0,0,0,40000,0,0,0,70000,30000,40000,40000
058212,華新科群益9A購01,0,0,0,0,0,0,0,0,0,40000,0,0,0,40000,0,40000,40000
058293,光寶科凱基9A購01,0,0,0,0,0,0,0,0,0,40000,0,0,0,64000,24000,40000,40000
058294,華新科凱基9A購01,0,0,0,0,0,0,0,0,0,40000,0,0,0,40000,0,40000,40000
058075,貿聯凱基99購02  ,0,0,0,0,0,0,0,0,0,40000,0,0,0,50000,10000,40000,40000
058121,國巨國票9A購01  ,0,0,0,0,0,0,0,0,0,40000,0,0,0,40000,0,40000,40000
058623,國巨國票99購08  ,0,0,0,0,0,0,0,0,0,40000,0,0,0,51000,11000,40000,40000
058617,南電元大99購01  ,0,0,0,0,0,0,0,0,0,40000,0,0,0,58000,18000,40000,40000
060742,臺指反國票9B購02,0,0,0,0,0,0,0,0,0,40000,0,0,0,60000,20000,40000,40000
060936,T50反1國票9A購09,0,0,0,0,0,0,0,0,0,40000,0,0,0,40000,0,40000,40000
060908,金像電元大9A購03,0,0,0,0,0,0,0,0,0,40000,0,0,0,53000,13000,40000,40000
060553,祥碩凱基9A購01  ,0,0,0,0,0,0,0,0,0,40000,0,0,0,40000,0,40000,40000
060554,中租凱基9A購01  ,0,0,0,0,0,0,0,0,0,40000,0,0,0,40000,0,40000,40000
058570,臻鼎凱基9A購01  ,0,0,0,0,0,0,0,0,0,40000,0,0,0,45000,5000,40000,40000
059564,鴻海凱基9A購15  ,0,0,0,0,0,0,0,0,0,40000,0,0,0,40000,0,40000,40000
063767,義隆國泰02購01  ,0,0,0,0,0,0,0,0,0,40000,0,0,0,100000,60000,40000,40000
063629,台積電元大9B購08,0,0,0,0,0,0,0,0,0,40000,0,0,0,40000,0,40000,40000
063497,東元永豐9B購01  ,0,0,0,0,0,0,0,0,0,40000,0,0,0,40000,0,40000,40000
063526,台光電凱基9B購04,0,0,0,0,0,0,0,0,0,40000,0,0,0,40000,0,40000,40000
063277,大成鋼元大9B購03,0,0,0,0,0,0,0,0,0,40000,0,0,0,181000,141000,40000,40000
063189,臻鼎凱基9B購01  ,0,0,0,0,0,0,0,0,0,40000,0,0,0,50000,10000,40000,40000
063334,復盛國票9B購01  ,0,0,0,0,0,0,0,0,0,40000,0,0,0,40000,0,40000,40000
063422,奇鋐凱基9B購04  ,0,0,0,0,0,0,0,0,0,40000,0,0,0,60000,20000,40000,40000
063423,聯詠凱基9C購02  ,0,0,0,0,0,0,0,0,0,40000,0,0,0,40000,0,40000,40000
064091,台郡凱基01購01  ,0,0,0,0,0,0,0,0,0,40000,0,0,0,40000,0,40000,40000
063987,台灣50永豐9C購01,0,0,0,0,0,0,0,0,0,40000,0,0,0,85000,45000,40000,40000
064060,同欣電麥證01購01,0,0,0,66000,26000,40000,0,0,0,40000,0,0,0,66000,26000,40000,40000
061835,華新科凱基02購03,0,0,0,0,0,0,0,0,0,40000,0,0,0,40000,0,40000,40000
08239P,南六永豐9B售03  ,0,0,0,0,0,0,0,0,0,39000,0,0,0,50000,11000,39000,39000
08092P,仁寶元富9B售02  ,0,0,0,0,0,0,0,0,0,39000,0,0,0,59000,20000,39000,39000
057375,欣興元大98購09  ,0,0,0,0,0,0,0,0,0,39000,0,0,0,130000,91000,39000,39000
057059,易華電元大99購01,0,0,0,0,0,0,0,0,0,39000,0,0,0,49000,10000,39000,39000
056114,台達電群益97購02,0,0,0,0,0,0,0,0,0,39000,0,0,0,100000,61000,39000,39000
058459,南電永豐99購01  ,0,0,0,0,0,0,0,0,0,39000,0,0,0,39000,0,39000,39000
060079,台郡台新99購03  ,0,0,0,0,0,0,0,0,0,39000,0,0,0,39000,0,39000,39000
060478,南電元大9A購01  ,0,0,0,0,0,0,0,0,0,39000,0,0,0,47000,8000,39000,39000
060299,友訊國泰9B購01  ,0,0,0,0,0,0,0,0,0,39000,0,0,0,40000,1000,39000,39000
060151,旺宏富邦9A購02  ,0,0,0,0,0,0,0,0,0,39000,0,0,0,40000,1000,39000,39000
060213,牧德康和9A購01  ,0,0,0,0,0,0,0,0,0,39000,0,0,0,39000,0,39000,39000
060680,玉晶光元大9C購03,0,0,0,0,0,0,0,0,0,39000,0,0,0,39000,0,39000,39000
058699,楠梓電元大99購02,0,0,0,0,0,0,0,0,0,39000,0,0,0,69000,30000,39000,39000
057788,嘉聯益國票99購01,0,0,0,0,0,0,0,0,0,39000,0,0,0,39000,0,39000,39000
058397,大成鋼元大99購02,0,0,0,0,0,0,0,0,0,39000,0,0,0,149000,110000,39000,39000
058955,台積電國票9A購04,0,0,0,0,0,0,0,0,0,39000,0,0,0,66000,27000,39000,39000
061295,台積電國泰9B購02,0,1000,-1000,0,0,0,0,0,0,40000,0,0,0,47000,7000,40000,39000
058912,祥碩元大99購01  ,0,0,0,0,0,0,0,0,0,39000,0,0,0,39000,0,39000,39000
062355,華通元大9B購03  ,0,0,0,0,0,0,0,0,0,39000,0,0,0,41000,2000,39000,39000
062450,臻鼎元大9B購02  ,0,0,0,0,0,0,0,0,0,39000,0,0,0,89000,50000,39000,39000
063831,帆宣國票01購01  ,0,0,0,0,0,0,0,0,0,39000,0,0,0,39000,0,39000,39000
063878,國巨元富9C購01  ,0,0,0,0,0,0,0,0,0,39000,0,0,0,51000,12000,39000,39000
064136,致新元大9C購01  ,0,0,0,0,0,0,0,0,0,39000,0,0,0,39000,0,39000,39000
063518,儒鴻凱基9B購02  ,0,0,0,0,0,0,0,0,0,39000,0,0,0,62000,23000,39000,39000
063486,聚陽國泰9C購01  ,0,0,0,0,0,0,0,0,0,39000,0,0,0,39000,0,39000,39000
2421,建準            ,1157000,432000,725000,0,0,0,0,727000,-727000,40000,0,20000,-20000,110000,50000,60000,38000
2642,宅配通          ,131000,73000,58000,0,0,0,0,0,0,-20000,0,20000,-20000,0,0,0,38000
07086P,力成元富9C售01  ,0,0,0,0,0,0,0,0,0,38000,0,0,0,38000,0,38000,38000
07660P,聯茂凱基9A售03  ,0,0,0,0,0,0,0,0,0,38000,0,0,0,135000,97000,38000,38000
056004,南電永豐97購02  ,0,0,0,0,0,0,0,0,0,38000,0,0,0,68000,30000,38000,38000
055821,勤誠國票98購01  ,0,0,0,0,0,0,0,0,0,38000,0,0,0,38000,0,38000,38000
057364,國巨元大98購18  ,0,0,0,0,0,0,0,0,0,38000,0,0,0,38000,0,38000,38000
057482,微星元大98購03  ,0,0,0,0,0,0,0,0,0,38000,0,0,0,48000,10000,38000,38000
054673,京鼎國泰98購01  ,0,0,0,0,0,0,0,0,0,38000,0,0,0,38000,0,38000,38000
00731,FH富時高息低波  ,4000,4000,0,0,0,0,0,0,0,38000,0,0,0,1121000,1083000,38000,38000
00652,富邦印度        ,15000,15000,0,0,0,0,0,0,0,38000,0,0,0,107000,69000,38000,38000
058942,南茂中信99購01  ,0,0,0,0,0,0,0,0,0,38000,0,0,0,48000,10000,38000,38000
061334,華通元大9A購09  ,0,0,0,0,0,0,0,0,0,38000,0,0,0,62000,24000,38000,38000
059687,卜蜂永豐99購01  ,0,0,0,0,0,0,0,0,0,38000,0,0,0,38000,0,38000,38000
059083,華通元大99購07  ,0,0,0,0,0,0,0,0,0,38000,0,0,0,50000,12000,38000,38000
060928,明泰永豐9A購01  ,0,0,0,0,0,0,0,0,0,38000,0,0,0,38000,0,38000,38000
061139,玉晶光統一9C購02,0,0,0,0,0,0,0,0,0,38000,0,0,0,40000,2000,38000,38000
060789,禾伸堂富邦9B購02,0,0,0,0,0,0,0,0,0,38000,0,0,0,53000,15000,38000,38000
063643,臻鼎元大9B購03  ,0,0,0,0,0,0,0,0,0,38000,0,0,0,141000,103000,38000,38000
063750,和鑫國票9B購01  ,0,0,0,0,0,0,0,0,0,38000,0,0,0,38000,0,38000,38000
064156,大立光統一01購06,0,0,0,0,0,0,0,0,0,38000,0,0,0,76000,38000,38000,38000
064242,TPK統一02購01   ,0,0,0,0,0,0,0,0,0,38000,0,0,0,69000,31000,38000,38000
06396P,新日興康和97售01,0,0,0,0,0,0,0,0,0,38000,0,0,0,38000,0,38000,38000
062654,技嘉永豐9B購01  ,0,0,0,0,0,0,0,0,0,38000,0,0,0,63000,25000,38000,38000
062948,台積電富邦01購02,0,0,0,0,0,0,0,0,0,38000,0,0,0,100000,62000,38000,38000
062992,聯發科群益9B購09,0,0,0,0,0,0,0,0,0,38000,0,0,0,48000,10000,38000,38000
062310,南亞科凱基9B購02,0,0,0,0,0,0,0,0,0,38000,0,0,0,59000,21000,38000,38000
062297,億豐永豐9B購01  ,0,0,0,0,0,0,0,0,0,38000,0,0,0,38000,0,38000,38000
061901,柏文永豐9B購01  ,0,0,0,0,0,0,0,0,0,38000,0,0,0,66000,28000,38000,38000
07055P,景碩群益9A售02  ,0,0,0,0,0,0,0,0,0,37000,0,0,0,156000,119000,37000,37000
07023P,南電永豐99售02  ,0,0,0,0,0,0,0,0,0,37000,0,0,0,37000,0,37000,37000
06597P,國巨富邦9A售05  ,0,0,0,0,0,0,0,0,0,37000,0,0,0,60000,23000,37000,37000
055291,京鼎元大97購02  ,0,0,0,0,0,0,0,0,0,37000,0,0,0,229000,192000,37000,37000
053582,英業達元大97購01,0,0,0,0,0,0,0,0,0,37000,0,0,0,42000,5000,37000,37000
056454,欣興凱基98購02  ,0,0,0,0,0,0,0,0,0,37000,0,0,0,37000,0,37000,37000
057572,明泰永豐98購01  ,0,0,0,0,0,0,0,0,0,37000,0,0,0,37000,0,37000,37000
057507,貿聯國票98購02  ,0,0,0,0,0,0,0,0,0,37000,0,0,0,37000,0,37000,37000
056346,聯茂凱基99購02  ,0,0,0,0,0,0,0,0,0,37000,0,0,0,49000,12000,37000,37000
060083,和大元大99購02  ,0,0,0,0,0,0,0,0,0,37000,0,0,0,39000,2000,37000,37000
059942,全新永豐99購04  ,0,0,0,0,0,0,0,0,0,37000,0,0,0,37000,0,37000,37000
060010,義隆群益99購02  ,0,0,0,0,0,0,0,0,0,37000,0,0,0,40000,3000,37000,37000
060776,世芯凱基9B購01  ,0,0,0,0,0,0,0,0,0,37000,0,0,0,37000,0,37000,37000
059731,康控元大99購04  ,0,0,0,0,0,0,0,0,0,37000,0,0,0,47000,10000,37000,37000
059363,超眾永豐99購02  ,0,0,0,0,0,0,0,0,0,37000,0,0,0,37000,0,37000,37000
061262,智邦凱基9A購02  ,0,0,0,0,0,0,0,0,0,37000,0,0,0,108000,71000,37000,37000
058797,大毅元大99購03  ,0,0,0,0,0,0,0,0,0,37000,0,0,0,52000,15000,37000,37000
061722,健策永豐9B購03  ,0,0,0,0,0,0,0,0,0,37000,0,0,0,50000,13000,37000,37000
062037,華新凱基9B購01  ,0,0,0,0,0,0,0,0,0,37000,0,0,0,170000,133000,37000,37000
062341,台表科麥證9C購01,0,0,0,37000,0,37000,0,0,0,37000,0,0,0,37000,0,37000,37000
062434,華通元大9B購04  ,0,0,0,0,0,0,0,0,0,37000,0,0,0,68000,31000,37000,37000
062160,南六凱基9B購01  ,0,0,0,0,0,0,0,0,0,37000,0,0,0,89000,52000,37000,37000
062558,義隆凱基9B購02  ,0,0,0,0,0,0,0,0,0,37000,0,0,0,101000,64000,37000,37000
063362,台表科國泰01購03,0,0,0,0,0,0,0,0,0,37000,0,0,0,40000,3000,37000,37000
064390,台塑永豐9C購01  ,0,0,0,0,0,0,0,0,0,36000,0,0,0,36000,0,36000,36000
07766P,美律群益9A售03  ,0,0,0,0,0,0,0,0,0,36000,0,0,0,36000,0,36000,36000
056104,義隆永豐97購01  ,0,0,0,0,0,0,0,0,0,36000,0,0,0,46000,10000,36000,36000
057618,台光電凱基99購01,0,0,0,0,0,0,0,0,0,36000,0,0,0,108000,72000,36000,36000
057150,貿聯國票99購02  ,0,0,0,0,0,0,0,0,0,36000,0,0,0,36000,0,36000,36000
057196,茂林台新98購01  ,0,0,0,0,0,0,0,0,0,36000,0,0,0,36000,0,36000,36000
053854,聯茂國泰97購02  ,0,0,0,0,0,0,0,0,0,36000,0,0,0,44000,8000,36000,36000
053562,玉晶光國泰98購02,0,0,0,0,0,0,0,0,0,36000,0,0,0,36000,0,36000,36000
054632,緯穎凱基9A購01  ,0,0,0,0,0,0,0,0,0,36000,0,0,0,36000,0,36000,36000
050915,健策中信98購01  ,0,0,0,0,0,0,0,0,0,36000,0,0,0,66000,30000,36000,36000
050758,聯發科元富9B購01,0,0,0,0,0,0,0,0,0,36000,0,0,0,42000,6000,36000,36000
061574,大毅元大9B購01  ,0,0,0,0,0,0,0,0,0,36000,0,0,0,59000,23000,36000,36000
057838,台郡國泰99購01  ,0,0,0,0,0,0,0,0,0,36000,0,0,0,36000,0,36000,36000
057840,健策富邦99購01  ,0,0,0,0,0,0,0,0,0,36000,0,0,0,136000,100000,36000,36000
061297,台積電富邦9C購09,0,0,0,0,0,0,0,0,0,36000,0,0,0,50000,14000,36000,36000
058746,華通凱基9A購02  ,0,0,0,0,0,0,0,0,0,36000,0,0,0,40000,4000,36000,36000
060409,味全永豐9A購01  ,0,0,0,0,0,0,0,0,0,36000,0,0,0,66000,30000,36000,36000
060846,欣興國票9A購02  ,0,0,0,0,0,0,0,0,0,36000,0,0,0,46000,10000,36000,36000
058673,華新科群益9A購02,0,0,0,0,0,0,0,0,0,36000,0,0,0,54000,18000,36000,36000
063382,南茂永豐9B購01  ,0,0,0,0,0,0,0,0,0,36000,0,0,0,66000,30000,36000,36000
063759,義隆統一9C購01  ,0,0,0,0,0,0,0,0,0,36000,0,0,0,36000,0,36000,36000
063657,茂林元富9B購04  ,0,0,0,0,0,0,0,0,0,36000,0,0,0,127000,91000,36000,36000
063506,嘉晶群益9B購01  ,0,0,0,0,0,0,0,0,0,36000,0,0,0,350000,314000,36000,36000
063913,貿聯凱基02購01  ,0,0,0,0,0,0,0,0,0,36000,0,0,0,71000,35000,36000,36000
064162,貿聯統一02購01  ,0,0,0,0,0,0,0,0,0,36000,0,0,0,71000,35000,36000,36000
06254P,臺股指群益97售07,0,0,0,0,0,0,0,0,0,36000,0,0,0,36000,0,36000,36000
062797,瑞昱統一9B購01  ,0,0,0,0,0,0,0,0,0,36000,0,0,0,396000,360000,36000,36000
062165,聯茂國泰01購01  ,0,0,0,0,0,0,0,0,0,36000,0,0,0,110000,74000,36000,36000
062439,聯發科元大9B購10,0,0,0,0,0,0,0,0,0,36000,0,0,0,54000,18000,36000,36000
062421,台積電統一9C購09,0,0,0,0,0,0,0,0,0,36000,0,0,0,68000,32000,36000,36000
062356,國巨元大9B購10  ,0,0,0,0,0,0,0,0,0,36000,0,0,0,36000,0,36000,36000
07922P,大立光群益9B售05,0,0,0,0,0,0,0,0,0,35000,0,0,0,40000,5000,35000,35000
08063P,立積國票9B售03  ,0,0,0,0,0,0,0,0,0,35000,0,0,0,35000,0,35000,35000
07127P,精元元大99售01  ,0,0,0,0,0,0,0,0,0,35000,0,0,0,35000,0,35000,35000
06437P,玉晶光國票99售01,0,0,0,0,0,0,0,0,0,35000,0,0,0,35000,0,35000,35000
064590,牧德永豐9C購01  ,0,0,0,0,0,0,0,0,0,35000,0,0,0,37000,2000,35000,35000
064583,光寶科永豐9C購01,0,0,0,0,0,0,0,0,0,35000,0,0,0,210000,175000,35000,35000
07006P,旺宏統一9B售03  ,0,0,0,0,0,0,0,0,0,35000,0,0,0,40000,5000,35000,35000
054935,華通元大98購03  ,0,0,0,0,0,0,0,0,0,35000,0,0,0,50000,15000,35000,35000
054060,晶技國票97購02  ,0,0,0,0,0,0,0,0,0,35000,0,0,0,35000,0,35000,35000
055531,華新科群益98購03,0,0,0,0,0,0,0,0,0,35000,0,0,0,45000,10000,35000,35000
055720,宏達電元大97購05,0,0,0,0,0,0,0,0,0,35000,0,0,0,35000,0,35000,35000
061100,SP黃豆元大9A購04,0,0,0,0,0,0,0,0,0,35000,0,0,0,85000,50000,35000,35000
060476,瑞祺元大9A購02  ,0,0,0,0,0,0,0,0,0,35000,0,0,0,35000,0,35000,35000
060630,國巨富邦9C購03  ,0,0,0,0,0,0,0,0,0,35000,0,0,0,35000,0,35000,35000
060339,國巨統一01購01  ,0,0,0,0,0,0,0,0,0,35000,0,0,0,35000,0,35000,35000
059664,立積元大9C購01  ,0,0,0,0,0,0,0,0,0,35000,0,0,0,35000,0,35000,35000
059113,群光永豐99購01  ,0,0,0,0,0,0,0,0,0,35000,0,0,0,35000,0,35000,35000
057796,鴻海兆豐99購03  ,0,0,0,0,0,0,0,0,0,35000,0,0,0,35000,0,35000,35000
059786,全新元大99購06  ,0,0,0,0,0,0,0,0,0,35000,0,0,0,35000,0,35000,35000
057899,台積電永豐98購04,0,0,0,0,0,0,0,0,0,35000,0,0,0,40000,5000,35000,35000
061415,健策群益9A購04  ,0,0,0,0,0,0,0,0,0,35000,0,0,0,41000,6000,35000,35000
062403,健策永豐9B購06  ,0,0,0,0,0,0,0,0,0,35000,0,0,0,36000,1000,35000,35000
062170,健策永豐9B購04  ,0,0,0,0,0,0,0,0,0,35000,0,0,0,45000,10000,35000,35000
061840,長榮航凱基9C購01,0,0,0,0,0,0,0,0,0,35000,0,0,0,40000,5000,35000,35000
061817,高鐵群益9B購01  ,0,0,0,0,0,0,0,0,0,35000,0,0,0,35000,0,35000,35000
062928,富邦金台新9B購02,0,0,0,0,0,0,0,0,0,35000,0,0,0,35000,0,35000,35000
063068,聯發科國泰01購03,0,0,0,0,0,0,0,0,0,35000,0,0,0,65000,30000,35000,35000
062733,巨大凱基9B購01  ,0,0,0,0,0,0,0,0,0,35000,0,0,0,35000,0,35000,35000
064207,國巨凱基03購02  ,0,0,0,0,0,0,0,0,0,35000,0,0,0,35000,0,35000,35000
064296,奇鋐國票01購01  ,0,0,0,0,0,0,0,0,0,35000,0,0,0,35000,0,35000,35000
064307,聚陽群益9C購03  ,30000,0,30000,0,0,0,0,0,0,5000,0,0,0,106000,101000,5000,35000
063943,台光電元大9C購02,0,0,0,0,0,0,0,0,0,35000,0,0,0,85000,50000,35000,35000
064045,南亞科統一9C購04,0,1000,-1000,0,0,0,0,0,0,36000,0,0,0,53000,17000,36000,35000
063523,微星凱基9B購03  ,0,0,0,0,0,0,0,0,0,35000,0,0,0,35000,0,35000,35000
063632,金像電元大9B購04,0,0,0,0,0,0,0,0,0,35000,0,0,0,55000,20000,35000,35000
063354,茂林元富9B購02  ,0,0,0,0,0,0,0,0,0,35000,0,0,0,85000,50000,35000,35000
063152,健策元富9C購01  ,0,0,0,0,0,0,0,0,0,35000,0,0,0,35000,0,35000,35000
9902,台火            ,40000,5000,35000,0,0,0,0,0,0,0,0,0,0,0,0,0,35000
06999P,玉晶光國票9B售01,0,0,0,0,0,0,0,0,0,34000,0,0,0,44000,10000,34000,34000
055844,大毅元大98購01  ,0,0,0,0,0,0,0,0,0,34000,0,0,0,34000,0,34000,34000
055670,矽創群益98購02  ,0,0,0,0,0,0,0,0,0,34000,0,0,0,54000,20000,34000,34000
057147,新日興國票99購01,0,0,0,0,0,0,0,0,0,34000,0,0,0,34000,0,34000,34000
056996,矽力日盛99購01  ,0,0,0,0,0,0,0,0,0,34000,0,0,0,50000,16000,34000,34000
054296,世芯元大97購01  ,0,0,0,0,0,0,0,0,0,34000,0,0,0,76000,42000,34000,34000
054923,晶技凱基98購01  ,0,0,0,0,0,0,0,0,0,34000,0,0,0,37000,3000,34000,34000
061390,大立光群益9A購04,0,0,0,0,0,0,0,0,0,34000,0,0,0,85000,51000,34000,34000
061463,智邦群益9A購02  ,0,0,0,0,0,0,0,0,0,34000,0,0,0,99000,65000,34000,34000
061567,華通元大9A購11  ,0,0,0,0,0,0,0,0,0,34000,0,0,0,36000,2000,34000,34000
058792,鴻海元大99購18  ,0,0,0,0,0,0,0,0,0,34000,0,0,0,50000,16000,34000,34000
058784,臺股指國票99購03,0,0,0,0,0,0,0,0,0,34000,0,0,0,34000,0,34000,34000
057836,南亞科國泰9A購01,0,0,0,0,0,0,0,0,0,34000,0,0,0,40000,6000,34000,34000
057962,超眾元大99購03  ,0,0,0,0,0,0,0,0,0,34000,0,0,0,41000,7000,34000,34000
061247,玉晶光群益9A購09,0,0,0,0,0,0,0,0,0,34000,0,0,0,68000,34000,34000,34000
058943,元石油群益9C購01,0,0,0,0,0,0,0,0,0,34000,0,0,0,34000,0,34000,34000
058319,大毅永豐9A購01  ,0,0,0,0,0,0,0,0,0,34000,0,0,0,34000,0,34000,34000
060247,牧德元大9A購02  ,0,0,0,0,0,0,0,0,0,34000,0,0,0,34000,0,34000,34000
060485,華新科富邦9C購04,0,0,0,0,0,0,0,0,0,34000,0,0,0,34000,0,34000,34000
058009,智易國票99購01  ,0,0,0,0,0,0,0,0,0,34000,0,0,0,38000,4000,34000,34000
060384,葡萄王凱基9B購01,0,0,0,0,0,0,0,0,0,34000,0,0,0,64000,30000,34000,34000
060699,華新科國泰9B購03,0,0,0,0,0,0,0,0,0,34000,0,0,0,40000,6000,34000,34000
060921,中橡永豐9A購02  ,0,0,0,0,0,0,0,0,0,34000,0,0,0,74000,40000,34000,34000
060942,智邦國票9A購02  ,0,0,0,0,0,0,0,0,0,34000,0,0,0,34000,0,34000,34000
063960,南電元大9C購03  ,0,0,0,0,0,0,0,0,0,34000,0,0,0,66000,32000,34000,34000
063897,神達群益9C購01  ,0,0,0,0,0,0,0,0,0,34000,0,0,0,34000,0,34000,34000
062379,致新元大9B購01  ,0,0,0,0,0,0,0,0,0,34000,0,0,0,59000,25000,34000,34000
062306,華通凱基9B購01  ,0,0,0,0,0,0,0,0,0,34000,0,0,0,54000,20000,34000,34000
064401,台達電凱基06購01,0,0,0,0,0,0,0,0,0,33000,0,0,0,33000,0,33000,33000
07070P,晶相光元富99售01,0,0,0,0,0,0,0,0,0,33000,0,0,0,50000,17000,33000,33000
050566,高股息中信97購02,0,0,0,0,0,0,0,0,0,33000,0,0,0,33000,0,33000,33000
052049,緯創凱基97購01  ,0,0,0,0,0,0,0,0,0,33000,0,0,0,43000,10000,33000,33000
054728,聯發科日盛97購01,0,0,0,0,0,0,0,0,0,33000,0,0,0,33000,0,33000,33000
057495,牧德元大99購04  ,0,0,0,0,0,0,0,0,0,33000,0,0,0,53000,20000,33000,33000
057097,致新元富98購01  ,0,0,0,0,0,0,0,0,0,33000,0,0,0,33000,0,33000,33000
056832,元油2X元富98購12,0,0,0,0,0,0,0,0,0,33000,0,0,0,33000,0,33000,33000
056895,技嘉元大98購01  ,0,0,0,0,0,0,0,0,0,33000,0,0,0,68000,35000,33000,33000
055801,景碩永豐97購02  ,0,0,0,0,0,0,0,0,0,33000,0,0,0,140000,107000,33000,33000
056214,義隆國票99購01  ,0,0,0,0,0,0,0,0,0,33000,0,0,0,33000,0,33000,33000
056065,奇鋐元大97購01  ,0,0,0,0,0,0,0,0,0,33000,0,0,0,57000,24000,33000,33000
060960,金像電凱基9B購01,0,0,0,0,0,0,0,0,0,33000,0,0,0,36000,3000,33000,33000
060747,聯鈞國票9A購02  ,0,0,0,0,0,0,0,0,0,33000,0,0,0,38000,5000,33000,33000
058200,世芯康和99購01  ,0,0,0,0,0,0,0,0,0,33000,0,0,0,307000,274000,33000,33000
060561,台積電富邦04購01,0,0,0,0,0,0,0,0,0,33000,0,0,0,170000,137000,33000,33000
061186,牧德國泰9C購01  ,0,0,0,0,0,0,0,0,0,33000,0,0,0,59000,26000,33000,33000
059282,嘉聯益永豐99購01,0,0,0,0,0,0,0,0,0,33000,0,0,0,33000,0,33000,33000
061248,健策群益9A購03  ,0,0,0,0,0,0,0,0,0,33000,0,0,0,33000,0,33000,33000
057956,全新元大99購04  ,0,0,0,0,0,0,0,0,0,33000,0,0,0,33000,0,33000,33000
061581,貿聯元大9A購05  ,0,0,0,0,0,0,0,0,0,33000,0,0,0,86000,53000,33000,33000
061687,大成鋼群益9A購01,0,0,0,0,0,0,0,0,0,33000,0,0,0,87000,54000,33000,33000
061486,國巨兆豐9B購02  ,0,0,0,0,0,0,0,0,0,33000,0,0,0,40000,7000,33000,33000
062086,瑞祺元大9B購01  ,0,0,0,0,0,0,0,0,0,33000,0,0,0,33000,0,33000,33000
061992,祥碩元大9B購02  ,0,0,0,0,0,0,0,0,0,33000,0,0,0,33000,0,33000,33000
064355,南六元大01購01  ,0,0,0,0,0,0,0,0,0,33000,0,0,0,143000,110000,33000,33000
063420,奇力新凱基9B購03,0,0,0,0,0,0,0,0,0,33000,0,0,0,33000,0,33000,33000
063664,漢唐統一9C購01  ,0,0,0,0,0,0,0,0,0,33000,0,0,0,224000,191000,33000,33000
07553P,嘉晶元大9A售02  ,0,0,0,0,0,0,0,0,0,32000,0,0,0,40000,8000,32000,32000
08036P,嘉澤群益9B售03  ,0,0,0,0,0,0,0,0,0,32000,0,0,0,121000,89000,32000,32000
064410,超眾凱基02購01  ,0,0,0,0,0,0,0,0,0,32000,0,0,0,48000,16000,32000,32000
06638P,鴻海統一99售02  ,0,0,0,0,0,0,0,0,0,32000,0,0,0,32000,0,32000,32000
3557,嘉威            ,273000,241000,32000,0,0,0,0,0,0,0,0,0,0,0,0,0,32000
08213P,台光電統一9B售03,0,0,0,0,0,0,0,0,0,32000,0,0,0,123000,91000,32000,32000
05606P,TPK國票97售02   ,0,0,0,0,0,0,0,0,0,32000,0,0,0,32000,0,32000,32000
056128,和大中信99購01  ,0,0,0,0,0,0,0,0,0,32000,0,0,0,32000,0,32000,32000
05851P,力山群益97售01  ,0,0,0,0,0,0,0,0,0,32000,0,0,0,42000,10000,32000,32000
057045,美律元大99購04  ,0,0,0,0,0,0,0,0,0,32000,0,0,0,100000,68000,32000,32000
057365,智邦元大98購07  ,0,0,0,0,0,0,0,0,0,32000,0,0,0,32000,0,32000,32000
057835,華擎元富9B購01  ,0,0,0,0,0,0,0,0,0,32000,0,0,0,127000,95000,32000,32000
059344,長榮航凱基99購01,0,0,0,0,0,0,0,0,0,32000,0,0,0,32000,0,32000,32000
059425,SGBR2X元大9A購02,0,0,0,0,0,0,0,0,0,32000,0,0,0,238000,206000,32000,32000
058998,鴻海元大99購22  ,0,0,0,0,0,0,0,0,0,32000,0,0,0,32000,0,32000,32000
061131,崇越永豐9A購01  ,0,0,0,0,0,0,0,0,0,32000,0,0,0,32000,0,32000,32000
059568,台積電凱基9A購13,0,0,0,0,0,0,0,0,0,32000,0,0,0,33000,1000,32000,32000
060399,康友國票9A購02  ,0,0,0,0,0,0,0,0,0,32000,0,0,0,32000,0,32000,32000
061027,儒鴻永豐9A購02  ,0,0,0,0,0,0,0,0,0,32000,0,0,0,32000,0,32000,32000
063684,上銀永豐9B購02  ,0,0,0,0,0,0,0,0,0,32000,0,0,0,33000,1000,32000,32000
063693,智易永豐9B購02  ,0,0,0,0,0,0,0,0,0,32000,0,0,0,32000,0,32000,32000
063575,矽格元大9B購02  ,0,0,0,0,0,0,0,0,0,32000,0,0,0,123000,91000,32000,32000
063367,GIS富邦9B購01   ,0,0,0,0,0,0,0,0,0,32000,0,0,0,33000,1000,32000,32000
062371,健策元大9B購08  ,0,0,0,0,0,0,0,0,0,32000,0,0,0,50000,18000,32000,32000
062272,鴻海群益9B購05  ,0,0,0,0,0,0,0,0,0,32000,0,0,0,33000,1000,32000,32000
063049,上海銀兆豐9B購01,0,0,0,0,0,0,0,0,0,32000,0,0,0,42000,10000,32000,32000
06887P,華新科元大98售04,0,0,0,0,0,0,0,0,0,31000,0,0,0,31000,0,31000,31000
06837P,上銀統一9A售02  ,0,0,0,0,0,0,0,0,0,31000,0,0,0,31000,0,31000,31000
07865P,可成元大9B售02  ,0,0,0,0,0,0,0,0,0,31000,0,0,0,50000,19000,31000,31000
057449,華新科元富99購02,0,0,0,0,0,0,0,0,0,31000,0,0,0,54000,23000,31000,31000
057084,立積統一9B購01  ,0,0,0,0,0,0,0,0,0,31000,0,0,0,31000,0,31000,31000
058450,旺宏永豐99購01  ,0,0,0,0,0,0,0,0,0,31000,0,0,0,43000,12000,31000,31000
056094,大立光元富97購03,0,0,0,0,0,0,0,0,0,31000,0,0,0,32000,1000,31000,31000
057451,大立光元富9B購01,0,0,0,0,0,0,0,0,0,31000,0,0,0,50000,19000,31000,31000
058178,國巨國泰9A購02  ,0,0,0,0,0,0,0,0,0,31000,0,0,0,41000,10000,31000,31000
060169,群電永豐9A購01  ,0,0,0,0,0,0,0,0,0,31000,0,0,0,31000,0,31000,31000
059027,神達台新99購02  ,0,0,0,0,0,0,0,0,0,31000,0,0,0,31000,0,31000,31000
057917,台積電凱基98購17,0,0,0,0,0,0,0,0,0,31000,0,0,0,66000,35000,31000,31000
061432,世紀鋼元大9A購05,0,0,0,0,0,0,0,0,0,31000,0,0,0,31000,0,31000,31000
061649,緯穎元大9A購06  ,0,0,0,0,0,0,0,0,0,31000,0,0,0,83000,52000,31000,31000
062560,奇鋐凱基9B購02  ,0,0,0,0,0,0,0,0,0,31000,0,0,0,68000,37000,31000,31000
062512,美食國票9B購01  ,0,0,0,0,0,0,0,0,0,31000,0,0,0,60000,29000,31000,31000
064278,高鐵元大9C購02  ,0,0,0,0,0,0,0,0,0,31000,0,0,0,75000,44000,31000,31000
063818,矽創群益9C購01  ,0,0,0,0,0,0,0,0,0,31000,0,0,0,171000,140000,31000,31000
064039,亞德客統一02購01,0,0,0,0,0,0,0,0,0,31000,0,0,0,46000,15000,31000,31000
07871P,台積電群益9C售02,0,0,0,0,0,0,0,0,0,30000,0,0,0,30000,0,30000,30000
07895P,美律元大9B售01  ,0,0,0,0,0,0,0,0,0,30000,0,0,0,30000,0,30000,30000
07888P,大立光國票9B售01,0,0,0,0,0,0,0,0,0,30000,0,0,0,50000,20000,30000,30000
07994P,臺股指群益9B售04,0,0,0,0,0,0,0,0,0,30000,0,0,0,170000,140000,30000,30000
07776P,國巨群益9B售02  ,0,0,0,0,0,0,0,0,0,30000,0,0,0,30000,0,30000,30000
07619P,鴻海統一9A售03  ,0,0,0,0,0,0,0,0,0,30000,0,0,0,30000,0,30000,30000
07524P,臺股指中信9B售06,0,0,0,0,0,0,0,0,0,30000,0,0,0,50000,20000,30000,30000
07346P,FBVIX群益99售04 ,0,0,0,0,0,0,0,0,0,30000,0,0,0,30000,0,30000,30000
07354P,臺股指國票99售22,0,0,0,0,0,0,0,0,0,30000,0,0,0,30000,0,30000,30000
07363P,大立光元大99售26,0,0,0,0,0,0,0,0,0,30000,0,0,0,30000,0,30000,30000
07009P,臺股指中信9B售01,0,0,0,0,0,0,0,0,0,30000,0,0,0,54000,24000,30000,30000
06716P,台積電元大9A售02,0,0,0,0,0,0,0,0,0,30000,0,0,0,30000,0,30000,30000
064415,群創麥證9C購01  ,0,0,0,60000,30000,30000,0,0,0,30000,0,0,0,60000,30000,30000,30000
1773,勝一            ,79000,49000,30000,0,0,0,0,0,0,0,5000,5000,0,0,0,0,30000
057476,國巨元大98購19  ,0,0,0,0,0,0,0,0,0,30000,0,0,0,30000,0,30000,30000
056463,台虹凱基98購02  ,0,0,0,0,0,0,0,0,0,30000,0,0,0,30000,0,30000,30000
053828,貿聯麥證96購01  ,0,0,0,30000,0,30000,0,0,0,30000,0,0,0,30000,0,30000,30000
053834,卜蜂永豐96購01  ,0,0,0,0,0,0,0,0,0,30000,0,0,0,30000,0,30000,30000
053759,晶相光國泰98購01,0,0,0,0,0,0,0,0,0,30000,0,0,0,30000,0,30000,30000
054747,麗豐凱基98購01  ,0,0,0,0,0,0,0,0,0,30000,0,0,0,30000,0,30000,30000
054404,新日興康和96購01,0,0,0,0,0,0,0,0,0,30000,0,0,0,30000,0,30000,30000
053316,友達群益9A購01  ,0,0,0,0,0,0,0,0,0,30000,0,0,0,48000,18000,30000,30000
052572,群創凱基99購01  ,0,0,0,0,0,0,0,0,0,30000,0,0,0,50000,20000,30000,30000
052594,友訊群益98購01  ,0,0,0,0,0,0,0,0,0,30000,0,0,0,30000,0,30000,30000
052392,台表科群益96購02,0,0,0,0,0,0,0,0,0,30000,0,0,0,30000,0,30000,30000
047769,大立光元大96購01,0,0,0,0,0,0,0,0,0,30000,0,0,0,30000,0,30000,30000
046061,中石化凱基98購01,0,0,0,0,0,0,0,0,0,30000,0,0,0,30000,0,30000,30000
055159,玉晶光元大98購05,0,0,0,0,0,0,0,0,0,30000,0,0,0,30000,0,30000,30000
053246,聯詠國票97購02  ,0,0,0,0,0,0,0,0,0,30000,0,0,0,30000,0,30000,30000
055156,華新科元大99購02,0,0,0,0,0,0,0,0,0,30000,0,0,0,30000,0,30000,30000
056116,義隆群益97購02  ,0,0,0,0,0,0,0,0,0,30000,0,0,0,30000,0,30000,30000
056118,聯詠群益97購03  ,0,0,0,0,0,0,0,0,0,30000,0,0,0,30000,0,30000,30000
056160,智易凱基97購03  ,0,0,0,0,0,0,0,0,0,30000,0,0,0,30000,0,30000,30000
058519,嘉澤元大99購01  ,0,0,0,0,0,0,0,0,0,30000,0,0,0,35000,5000,30000,30000
059434,全新元大99購05  ,0,0,0,0,0,0,0,0,0,30000,0,0,0,30000,0,30000,30000
059493,國巨國票9B購01  ,0,0,0,0,0,0,0,0,0,30000,0,0,0,30000,0,30000,30000
057093,臻鼎元富98購02  ,0,0,0,0,0,0,0,0,0,30000,0,0,0,30000,0,30000,30000
057219,群創群益98購10  ,0,0,0,0,0,0,0,0,0,30000,0,0,0,50000,20000,30000,30000
057632,傳奇永豐98購01  ,0,0,0,0,0,0,0,0,0,30000,0,0,0,30000,0,30000,30000
055703,緯穎富邦98購01  ,0,0,0,0,0,0,0,0,0,30000,0,0,0,30000,0,30000,30000
056751,和大兆豐98購01  ,0,0,0,0,0,0,0,0,0,30000,0,0,0,192000,162000,30000,30000
055560,大立光凱基97購10,0,0,0,0,0,0,0,0,0,30000,0,0,0,30000,0,30000,30000
055429,華新科群益99購01,0,0,0,0,0,0,0,0,0,30000,0,0,0,30000,0,30000,30000
057652,欣興永昌9C購01  ,0,0,0,0,0,0,0,0,0,30000,0,0,0,30000,0,30000,30000
06161P,聯發科群益97售03,0,0,0,0,0,0,0,0,0,30000,0,0,0,50000,20000,30000,30000
061732,智邦中信9B購01  ,0,0,0,0,0,0,0,0,0,30000,0,0,0,60000,30000,30000,30000
06138P,台積電中信99售01,0,0,0,0,0,0,0,0,0,30000,0,0,0,330000,300000,30000,30000
061407,鴻海國票9A購07  ,0,0,0,0,0,0,0,0,0,30000,0,0,0,30000,0,30000,30000
057923,晶豪科凱基98購02,0,0,0,0,0,0,0,0,0,30000,0,0,0,40000,10000,30000,30000
057949,南電國票99購01  ,0,0,0,0,0,0,0,0,0,30000,0,0,0,32000,2000,30000,30000
061270,彩晶凱基9A購02  ,0,0,0,0,0,0,0,0,0,30000,0,0,0,50000,20000,30000,30000
061272,超眾凱基9A購03  ,0,0,0,0,0,0,0,0,0,30000,0,0,0,30000,0,30000,30000
059097,世紀鋼元大99購05,0,0,0,0,0,0,0,0,0,30000,0,0,0,69000,39000,30000,30000
059080,亞泥元大99購01  ,0,0,0,0,0,0,0,0,0,30000,0,0,0,51000,21000,30000,30000
05897P,國巨凱基96售12  ,0,0,0,0,0,0,0,0,0,30000,0,0,0,30000,0,30000,30000
058749,康控凱基99購03  ,0,0,0,0,0,0,0,0,0,30000,0,0,0,30000,0,30000,30000
057739,新日興富邦9B購01,0,0,0,0,0,0,0,0,0,30000,0,0,0,230000,200000,30000,30000
059814,SP黃豆凱基9A購02,0,0,0,0,0,0,0,0,0,30000,0,0,0,60000,30000,30000,30000
06024P,台郡國票97售05  ,0,0,0,0,0,0,0,0,0,30000,0,0,0,30000,0,30000,30000
060275,元黃金元大9A購01,0,0,0,0,0,0,0,0,0,30000,0,0,0,30000,0,30000,30000
060333,金寶康和9A購01  ,0,0,0,0,0,0,0,0,0,30000,0,0,0,41000,11000,30000,30000
061242,玉晶光兆豐9B購02,0,0,0,0,0,0,0,0,0,30000,0,0,0,31000,1000,30000,30000
059647,超眾凱基99購04  ,0,0,0,0,0,0,0,0,0,30000,0,0,0,30000,0,30000,30000
060550,可成凱基9A購02  ,0,0,0,0,0,0,0,0,0,30000,0,0,0,31000,1000,30000,30000
060775,世芯凱基9A購02  ,0,0,0,0,0,0,0,0,0,30000,0,0,0,30000,0,30000,30000
058213,欣興群益99購01  ,0,0,0,0,0,0,0,0,0,30000,0,0,0,40000,10000,30000,30000
058076,神達凱基98購02  ,0,0,0,0,0,0,0,0,0,30000,0,0,0,30000,0,30000,30000
058078,景碩國票99購01  ,0,0,0,0,0,0,0,0,0,30000,0,0,0,40000,10000,30000,30000
058685,TPK凱基99購01   ,0,0,0,0,0,0,0,0,0,30000,0,0,0,30000,0,30000,30000
061067,貿聯凱基9A購03  ,0,0,0,0,0,0,0,0,0,30000,0,0,0,50000,20000,30000,30000
061108,臻鼎元大9A購02  ,0,0,0,0,0,0,0,0,0,30000,0,0,0,30000,0,30000,30000
061064,可成凱基9B購02  ,0,0,0,0,0,0,0,0,0,30000,0,0,0,31000,1000,30000,30000
060899,超眾凱基9A購01  ,0,0,0,0,0,0,0,0,0,30000,0,0,0,30000,0,30000,30000
060408,和潤國泰9C購01  ,0,0,0,0,0,0,0,0,0,30000,0,0,0,34000,4000,30000,30000
060425,凌華永豐9A購01  ,0,0,0,0,0,0,0,0,0,30000,0,0,0,30000,0,30000,30000
060427,聯茂永豐9A購01  ,0,0,0,0,0,0,0,0,0,30000,0,0,0,50000,20000,30000,30000
060743,鴻海國票9A購03  ,0,0,0,0,0,0,0,0,0,30000,0,0,0,30000,0,30000,30000
063906,T50反1凱基02購03,0,0,0,0,0,0,0,0,0,30000,0,0,0,30000,0,30000,30000
064257,台勝科國泰01購01,0,0,0,0,0,0,0,0,0,30000,0,0,0,40000,10000,30000,30000
064210,台光電凱基03購01,0,0,0,0,0,0,0,0,0,30000,0,0,0,96000,66000,30000,30000
063300,華通凱基9B購05  ,0,0,0,0,0,0,0,0,0,30000,0,0,0,34000,4000,30000,30000
063173,矽格中信9B購01  ,0,0,0,0,0,0,0,0,0,30000,0,0,0,30000,0,30000,30000
062749,元金2X中信9B購01,0,0,0,0,0,0,0,0,0,30000,0,0,0,30000,0,30000,30000
062437,廣達元大9B購01  ,0,0,0,0,0,0,0,0,0,30000,0,0,0,35000,5000,30000,30000
062442,華新科元大9C購02,0,0,0,0,0,0,0,0,0,30000,0,0,0,78000,48000,30000,30000
062003,國巨國泰01購01  ,0,0,0,0,0,0,0,0,0,30000,0,0,0,76000,46000,30000,30000
061944,聯電群益9B購01  ,0,0,0,0,0,0,0,0,0,30000,0,0,0,181000,151000,30000,30000
061923,友達凱基9B購04  ,0,0,0,0,0,0,0,0,0,30000,0,0,0,30000,0,30000,30000
061753,南亞科台新9B購01,0,0,0,0,0,0,0,0,0,30000,0,0,0,30000,0,30000,30000
061737,南亞科凱基9B購01,0,0,0,0,0,0,0,0,0,30000,0,0,0,30000,0,30000,30000
2546,根基            ,39000,10000,29000,0,0,0,0,0,0,0,0,0,0,0,0,0,29000
3164,景岳            ,40000,11000,29000,0,0,0,0,0,0,0,0,0,0,0,0,0,29000
064518,華新科群益02購01,0,0,0,0,0,0,0,0,0,29000,0,0,0,29000,0,29000,29000
07046P,大立光富邦9C售03,0,0,0,0,0,0,0,0,0,29000,0,0,0,29000,0,29000,29000
057240,茂林凱基9A購01  ,0,0,0,0,0,0,0,0,0,29000,0,0,0,29000,0,29000,29000
059956,玉山金康和99購01,0,0,0,0,0,0,0,0,0,29000,0,0,0,80000,51000,29000,29000
056245,嘉澤群益97購01  ,0,0,0,0,0,0,0,0,0,29000,0,0,0,33000,4000,29000,29000
05624P,同欣電中信98售01,0,0,0,0,0,0,0,0,0,29000,0,0,0,30000,1000,29000,29000
055774,台光電凱基97購02,0,0,0,0,0,0,0,0,0,29000,0,0,0,29000,0,29000,29000
055023,億光國泰98購01  ,0,0,0,0,0,0,0,0,0,29000,0,0,0,29000,0,29000,29000
050142,聯發科元富9A購01,0,0,0,0,0,0,0,0,0,29000,0,0,0,29000,0,29000,29000
055358,臻鼎凱基97購01  ,0,0,0,0,0,0,0,0,0,29000,0,0,0,30000,1000,29000,29000
054366,和大中信98購01  ,0,0,0,0,0,0,0,0,0,29000,0,0,0,528000,499000,29000,29000
060413,東元永豐9A購01  ,0,0,0,0,0,0,0,0,0,29000,0,0,0,55000,26000,29000,29000
060400,南電國票9A購03  ,0,0,0,0,0,0,0,0,0,29000,0,0,0,41000,12000,29000,29000
058247,聯茂元大99購04  ,0,0,0,0,0,0,0,0,0,29000,0,0,0,29000,0,29000,29000
060505,友達元大9C購05  ,0,0,0,0,0,0,0,0,0,29000,0,0,0,65000,36000,29000,29000
059594,奇力新元大9B購01,0,0,0,0,0,0,0,0,0,29000,0,0,0,32000,3000,29000,29000
060215,柏文康和9A購01  ,0,0,0,0,0,0,0,0,0,29000,0,0,0,44000,15000,29000,29000
060227,和大元大9A購01  ,0,0,0,0,0,0,0,0,0,29000,0,0,0,37000,8000,29000,29000
058342,鴻海群益9A購01  ,0,0,0,0,0,0,0,0,0,29000,0,0,0,29000,0,29000,29000
059732,超眾元大9A購01  ,0,0,0,0,0,0,0,0,0,29000,0,0,0,47000,18000,29000,29000
058874,聯鈞國票9A購01  ,0,0,0,0,0,0,0,0,0,29000,0,0,0,67000,38000,29000,29000
06154P,超眾元大98售01  ,0,0,0,0,0,0,0,0,0,29000,0,0,0,32000,3000,29000,29000
061871,瑞昱元大9B購01  ,0,0,0,0,0,0,0,0,0,29000,0,0,0,47000,18000,29000,29000
062208,旭富國票9C購01  ,0,0,0,0,0,0,0,0,0,29000,0,0,0,140000,111000,29000,29000
062684,華新科統一01購02,0,0,0,0,0,0,0,0,0,29000,0,0,0,30000,1000,29000,29000
064012,泰碩國票01購02  ,0,0,0,0,0,0,0,0,0,29000,0,0,0,35000,6000,29000,29000
08042P,臺股指群益9B售15,0,0,0,0,0,0,0,0,0,28000,0,0,0,106000,78000,28000,28000
08222P,南六凱基9B售05  ,0,0,0,0,0,0,0,0,0,28000,0,0,0,104000,76000,28000,28000
08152P,祥碩統一9B售02  ,0,0,0,0,0,0,0,0,0,28000,0,0,0,160000,132000,28000,28000
055360,台表科凱基97購02,0,0,0,0,0,0,0,0,0,28000,0,0,0,28000,0,28000,28000
054080,微星中信98購01  ,0,0,0,0,0,0,0,0,0,28000,0,0,0,48000,20000,28000,28000
053256,上銀富邦98購01  ,0,0,0,0,0,0,0,0,0,28000,0,0,0,28000,0,28000,28000
00763U,街口道瓊銅      ,0,0,0,0,0,0,0,0,0,28000,0,0,0,29000,1000,28000,28000
056247,台郡群益97購01  ,0,0,0,0,0,0,0,0,0,28000,0,0,0,28000,0,28000,28000
060041,T50反1群益99購04,0,0,0,0,0,0,0,0,0,28000,0,0,0,28000,0,28000,28000
058503,鴻海元大99購14  ,0,0,0,0,0,0,0,0,0,28000,0,0,0,32000,4000,28000,28000
058455,玉晶光永豐99購03,0,0,0,0,0,0,0,0,0,28000,0,0,0,29000,1000,28000,28000
057216,聯發科群益99購01,0,0,0,0,0,0,0,0,0,28000,0,0,0,28000,0,28000,28000
057128,台光電凱基98購03,0,0,0,0,0,0,0,0,0,28000,0,0,0,28000,0,28000,28000
061679,健策元大9B購04  ,0,0,0,0,0,0,0,0,0,28000,0,0,0,79000,51000,28000,28000
061274,臺股指凱基9A購24,0,0,0,0,0,0,0,0,0,28000,0,0,0,38000,10000,28000,28000
059296,大立光元富99購06,0,0,0,0,0,0,0,0,0,28000,0,0,0,28000,0,28000,28000
060474,中租元大9B購01  ,0,0,0,0,0,0,0,0,0,28000,0,0,0,53000,25000,28000,28000
063848,大立光元大9C購09,0,0,0,0,0,0,0,0,0,28000,0,0,0,28000,0,28000,28000
064181,景碩富邦9C購01  ,0,0,0,0,0,0,0,0,0,28000,0,0,0,28000,0,28000,28000
064363,聯發科統一9C購14,0,0,0,0,0,0,0,0,0,28000,0,0,0,28000,0,28000,28000
062672,兆豐金中信03購01,0,0,0,0,0,0,0,0,0,28000,0,0,0,34000,6000,28000,28000
062751,華擎中信9C購01  ,0,0,0,0,0,0,0,0,0,28000,0,0,0,50000,22000,28000,28000
062362,致茂元大9B購01  ,0,0,0,0,0,0,0,0,0,28000,0,0,0,52000,24000,28000,28000
2426,鼎元            ,154000,119000,35000,0,0,0,0,0,0,-8000,0,8000,-8000,0,0,0,27000
06616P,國巨元大98售15  ,0,0,0,0,0,0,0,0,0,27000,0,0,0,47000,20000,27000,27000
056191,世紀鋼統一97購01,0,0,0,0,0,0,0,0,0,27000,0,0,0,37000,10000,27000,27000
055803,鎧勝永豐97購01  ,0,0,0,0,0,0,0,0,0,27000,0,0,0,325000,298000,27000,27000
020008,元大特股高息N   ,0,0,0,0,0,0,0,0,0,27000,0,0,0,27000,0,27000,27000
055228,聯發科國票98購03,0,0,0,0,0,0,0,0,0,27000,0,0,0,27000,0,27000,27000
049700,瀚宇博元大97購01,0,0,0,0,0,0,0,0,0,27000,0,0,0,30000,3000,27000,27000
053605,臺股指永昌96購01,0,0,0,0,0,0,0,0,0,27000,0,0,0,498000,471000,27000,27000
054477,聯發科中信9C購02,0,0,0,0,0,0,0,0,0,27000,0,0,0,27000,0,27000,27000
053901,T50反1凱基99購03,0,0,0,0,0,0,0,0,0,27000,0,0,0,58000,31000,27000,27000
059649,矽力凱基99購02  ,0,0,0,0,0,0,0,0,0,27000,0,0,0,27000,0,27000,27000
060183,南亞科元富9A購01,0,0,0,0,0,0,0,0,0,27000,0,0,0,27000,0,27000,27000
060671,亞德客元大9A購03,0,0,0,0,0,0,0,0,0,27000,0,0,0,241000,214000,27000,27000
058194,勤誠永豐99購01  ,0,10000,-10000,0,0,0,0,0,0,37000,0,0,0,37000,0,37000,27000
060856,健策富邦9B購02  ,0,0,0,0,0,0,0,0,0,27000,0,0,0,28000,1000,27000,27000
057714,聯發科統一98購05,0,0,0,0,0,0,0,0,0,27000,0,0,0,27000,0,27000,27000
057802,卜蜂元大98購01  ,0,0,0,0,0,0,0,0,0,27000,0,0,0,123000,96000,27000,27000
058995,台達電元大99購01,0,0,0,0,0,0,0,0,0,27000,0,0,0,27000,0,27000,27000
059064,緯穎凱基99購02  ,0,0,0,0,0,0,0,0,0,27000,0,0,0,30000,3000,27000,27000
059009,世紀鋼元大99購04,0,0,0,0,0,0,0,0,0,27000,0,0,0,176000,149000,27000,27000
061689,國巨群益9A購12  ,0,0,0,0,0,0,0,0,0,27000,0,0,0,47000,20000,27000,27000
061520,健策中信9A購01  ,0,0,0,0,0,0,0,0,0,27000,0,0,0,30000,3000,27000,27000
061506,瑞祺國票9A購02  ,0,0,0,0,0,0,0,0,0,27000,0,0,0,28000,1000,27000,27000
061975,華通元大9B購01  ,0,0,0,0,0,0,0,0,0,27000,0,0,0,65000,38000,27000,27000
061964,台積電統一01購05,0,0,0,0,0,0,0,0,0,27000,0,0,0,106000,79000,27000,27000
062661,華通群益9B購05  ,0,0,0,0,0,0,0,0,0,27000,0,0,0,27000,0,27000,27000
062479,TPK國票9B購01   ,0,0,0,0,0,0,0,0,0,27000,0,0,0,27000,0,27000,27000
06261P,上銀凱基97售03  ,0,0,0,0,0,0,0,0,0,27000,0,0,0,27000,0,27000,27000
063806,瀚宇博兆豐01購01,0,0,0,0,0,0,0,0,0,27000,0,0,0,27000,0,27000,27000
06598P,奇力新永豐98售02,0,0,0,0,0,0,0,0,0,26000,0,0,0,26000,0,26000,26000
064670,智伸科元大9C購01,0,0,0,0,0,0,0,0,0,26000,0,0,0,26000,0,26000,26000
07837P,華邦電元大9A售01,0,0,0,0,0,0,0,0,0,26000,0,0,0,30000,4000,26000,26000
07121P,華新科凱基99售03,0,0,0,0,0,0,0,0,0,26000,0,0,0,56000,30000,26000,26000
07533P,臺股指中信9C售04,0,0,0,0,0,0,0,0,0,26000,0,0,0,26000,0,26000,26000
054479,緯創中信98購01  ,0,0,0,0,0,0,0,0,0,26000,0,0,0,89000,63000,26000,26000
055217,緯創凱基97購02  ,0,0,0,0,0,0,0,0,0,26000,0,0,0,56000,30000,26000,26000
059885,台積電國票99購12,0,0,0,0,0,0,0,0,0,26000,0,0,0,36000,10000,26000,26000
060022,勤誠康和99購01  ,0,0,0,0,0,0,0,0,0,26000,0,0,0,46000,20000,26000,26000
057176,全新元大99購02  ,0,0,0,0,0,0,0,0,0,26000,0,0,0,26000,0,26000,26000
057282,大立光元大99購06,0,0,0,0,0,0,0,0,0,26000,0,0,0,35000,9000,26000,26000
056772,欣興元大99購01  ,0,0,0,0,0,0,0,0,0,26000,0,0,0,73000,47000,26000,26000
056709,華通永豐98購01  ,0,0,0,0,0,0,0,0,0,26000,0,0,0,26000,0,26000,26000
061668,信邦中信9B購01  ,0,0,0,0,0,0,0,0,0,26000,0,0,0,84000,58000,26000,26000
059056,技嘉凱基99購02  ,0,0,0,0,0,0,0,0,0,26000,0,0,0,52000,26000,26000,26000
058957,貿聯國票9A購01  ,0,0,0,0,0,0,0,0,0,26000,0,0,0,26000,0,26000,26000
059143,國巨國票9A購04  ,0,0,0,0,0,0,0,0,0,26000,0,0,0,34000,8000,26000,26000
060424,中租永豐9A購01  ,0,0,0,0,0,0,0,0,0,26000,0,0,0,52000,26000,26000,26000
060978,國巨元大9A購13  ,0,0,0,0,0,0,0,0,0,26000,0,0,0,26000,0,26000,26000
058204,世芯凱基9A購01  ,0,0,0,0,0,0,0,0,0,26000,0,0,0,26000,0,26000,26000
060283,台肥元大9C購01  ,0,0,0,0,0,0,0,0,0,26000,0,0,0,78000,52000,26000,26000
060788,嘉晶富邦9B購01  ,0,0,0,0,0,0,0,0,0,26000,0,0,0,31000,5000,26000,26000
058557,健策第一01購01  ,0,0,0,0,0,0,0,0,0,26000,0,0,0,26000,0,26000,26000
063229,台表科群益9B購04,0,0,0,0,0,0,0,0,0,26000,0,0,0,70000,44000,26000,26000
063317,大立光群益9B購06,0,0,0,0,0,0,0,0,0,26000,0,0,0,26000,0,26000,26000
062352,南六群益9B購02  ,0,0,0,0,0,0,0,0,0,26000,0,0,0,73000,47000,26000,26000
062438,台光電元大9B購04,0,0,0,0,0,0,0,0,0,26000,0,0,0,73000,47000,26000,26000
07683P,宏達電凱基9A售03,0,0,0,0,0,0,0,0,0,25000,0,0,0,35000,10000,25000,25000
064592,同欣電永豐9C購01,0,0,0,0,0,0,0,0,0,25000,0,0,0,25000,0,25000,25000
06948P,FBVIX元大01售02 ,0,0,0,0,0,0,0,0,0,25000,0,0,0,25000,0,25000,25000
06870P,台灣50群益9A售03,0,0,0,0,0,0,0,0,0,25000,0,0,0,75000,50000,25000,25000
06761P,台積電元大99售05,0,0,0,0,0,0,0,0,0,25000,0,0,0,25000,0,25000,25000
056680,華通統一98購04  ,0,0,0,0,0,0,0,0,0,25000,0,0,0,25000,0,25000,25000
055594,華新科元大98購02,0,0,0,0,0,0,0,0,0,25000,0,0,0,25000,0,25000,25000
057627,和大永豐98購01  ,0,0,0,0,0,0,0,0,0,25000,0,0,0,25000,0,25000,25000
057629,泰碩永豐98購02  ,0,0,0,0,0,0,0,0,0,25000,0,0,0,25000,0,25000,25000
060002,T50反1群益9A購01,0,0,0,0,0,0,0,0,0,25000,0,0,0,45000,20000,25000,25000
059876,智易凱基99購02  ,0,0,0,0,0,0,0,0,0,25000,0,0,0,25000,0,25000,25000
055747,康舒元富97購01  ,0,0,0,0,0,0,0,0,0,25000,0,0,0,25000,0,25000,25000
056267,文曄統一97購02  ,0,0,0,0,0,0,0,0,0,25000,0,0,0,25000,0,25000,25000
055032,億光富邦99購01  ,0,0,0,0,0,0,0,0,0,25000,0,0,0,35000,10000,25000,25000
053612,T50反1群益96購01,0,0,0,0,0,0,0,0,0,25000,0,0,0,25000,0,25000,25000
053997,健策群益97購02  ,0,0,0,0,0,0,0,0,0,25000,0,0,0,26000,1000,25000,25000
053791,同欣電元大96購05,0,0,0,0,0,0,0,0,0,25000,0,0,0,25000,0,25000,25000
053673,超眾元富96購03  ,0,0,0,0,0,0,0,0,0,25000,0,0,0,25000,0,25000,25000
056495,泰鼎國泰99購01  ,0,0,0,0,0,0,0,0,0,25000,0,0,0,25000,0,25000,25000
060475,瑞祺元大9A購01  ,0,0,0,0,0,0,0,0,0,25000,0,0,0,30000,5000,25000,25000
060498,華通元大9A購03  ,0,0,0,0,0,0,0,0,0,25000,0,0,0,25000,0,25000,25000
058187,泰碩永豐99購01  ,0,0,0,0,0,0,0,0,0,25000,0,0,0,25000,0,25000,25000
060886,國巨統一01購03  ,0,0,0,0,0,0,0,0,0,25000,0,0,0,25000,0,25000,25000
058771,神達兆豐99購01  ,0,0,0,0,0,0,0,0,0,25000,0,0,0,35000,10000,25000,25000
058904,晶技元大99購05  ,0,0,0,0,0,0,0,0,0,25000,0,0,0,25000,0,25000,25000
057888,貿聯群益98購02  ,0,0,0,0,0,0,0,0,0,25000,0,0,0,25000,0,25000,25000
062405,泰鼎永豐9B購02  ,0,0,0,0,0,0,0,0,0,25000,0,0,0,167000,142000,25000,25000
062365,台光電元大9B購03,0,0,0,0,0,0,0,0,0,25000,0,0,0,43000,18000,25000,25000
062313,聯詠凱基9C購01  ,0,0,0,0,0,0,0,0,0,25000,0,0,0,65000,40000,25000,25000
062133,大成鋼群益9B購01,0,0,0,0,0,0,0,0,0,25000,0,0,0,247000,222000,25000,25000
061979,友達元大9C購08  ,0,0,0,0,0,0,0,0,0,25000,0,0,0,25000,0,25000,25000
06190P,玉晶光永豐97售05,0,0,0,0,0,0,0,0,0,25000,0,0,0,25000,0,25000,25000
062664,群創群益9B購02  ,0,0,0,0,0,0,0,0,0,25000,0,0,0,25000,0,25000,25000
063415,台積電凱基03購01,0,0,0,0,0,0,0,0,0,25000,0,0,0,42000,17000,25000,25000
063161,祥碩富邦9B購02  ,0,0,0,0,0,0,0,0,0,25000,0,0,0,25000,0,25000,25000
063473,茂林元大9B購05  ,0,0,0,0,0,0,0,0,0,25000,0,0,0,25000,0,25000,25000
064020,華通元大01購01  ,0,0,0,0,0,0,0,0,0,25000,0,0,0,25000,0,25000,25000
063967,華新科國票01購01,0,0,0,0,0,0,0,0,0,25000,0,0,0,25000,0,25000,25000
064328,華通元大9C購04  ,0,0,0,0,0,0,0,0,0,25000,0,0,0,25000,0,25000,25000
064231,鴻海統一01購03  ,0,0,0,0,0,0,0,0,0,25000,0,0,0,25000,0,25000,25000
064489,宏碁元大9C購01  ,0,0,0,0,0,0,0,0,0,24000,0,0,0,34000,10000,24000,24000
07818P,台積電國票9C售01,0,0,0,0,0,0,0,0,0,24000,0,0,0,24000,0,24000,24000
08214P,南六統一9B售03  ,0,0,0,0,0,0,0,0,0,24000,0,0,0,618000,594000,24000,24000
057580,玉山金中信9A購01,0,0,0,0,0,0,0,0,0,24000,0,0,0,54000,30000,24000,24000
053763,T50反1富邦98購01,0,0,0,0,0,0,0,0,0,24000,0,0,0,24000,0,24000,24000
054577,世芯元大98購01  ,0,0,0,0,0,0,0,0,0,24000,0,0,0,25000,1000,24000,24000
053293,聯發科中信9B購01,0,0,0,0,0,0,0,0,0,24000,0,0,0,40000,16000,24000,24000
053186,健策中信9C購01  ,0,0,0,0,0,0,0,0,0,24000,0,0,0,35000,11000,24000,24000
04788P,台積電永昌96售05,0,0,0,0,0,0,0,0,0,24000,0,0,0,24000,0,24000,24000
054926,神達凱基98購01  ,0,0,0,0,0,0,0,0,0,24000,0,0,0,24000,0,24000,24000
042752,台灣50元大96購03,0,0,0,0,0,0,0,0,0,24000,0,0,0,34000,10000,24000,24000
05625P,國巨國票97售01  ,0,0,0,0,0,0,0,0,0,24000,0,0,0,40000,16000,24000,24000
060096,聯發科元大99購43,0,0,0,0,0,0,0,0,0,24000,0,0,0,24000,0,24000,24000
056548,瀚宇博凱基98購02,0,0,0,0,0,0,0,0,0,24000,0,0,0,32000,8000,24000,24000
061259,台積電凱基9A購21,0,0,0,0,0,0,0,0,0,24000,0,0,0,28000,4000,24000,24000
061502,嘉澤國票9A購02  ,0,0,0,0,0,0,0,0,0,24000,0,0,0,24000,0,24000,24000
061499,嘉晶國票9A購03  ,0,0,0,0,0,0,0,0,0,24000,0,0,0,26000,2000,24000,24000
061546,大立光群益9A購05,0,0,0,0,0,0,0,0,0,24000,0,0,0,115000,91000,24000,24000
061397,上銀台新9A購01  ,0,0,0,0,0,0,0,0,0,24000,0,0,0,43000,19000,24000,24000
060961,台光電凱基9A購03,0,0,0,0,0,0,0,0,0,24000,0,0,0,51000,27000,24000,24000
060730,台積電群益9A購03,0,0,0,0,0,0,0,0,0,24000,0,0,0,29000,5000,24000,24000
058022,樺漢凱基99購02  ,0,0,0,0,0,0,0,0,0,24000,0,0,0,33000,9000,24000,24000
061126,京元電永豐9A購02,0,0,0,0,0,0,0,0,0,24000,0,0,0,28000,4000,24000,24000
060159,健和興永豐9A購01,0,0,0,0,0,0,0,0,0,24000,0,0,0,30000,6000,24000,24000
064270,華通元大9C購03  ,0,0,0,0,0,0,0,0,0,24000,0,0,0,25000,1000,24000,24000
064096,台積電群益9C購07,0,0,0,0,0,0,0,0,0,24000,0,0,0,30000,6000,24000,24000
063822,聯發科麥證01購01,0,0,0,24000,0,24000,0,0,0,24000,0,0,0,24000,0,24000,24000
063707,儒鴻凱基9C購01  ,0,0,0,0,0,0,0,0,0,24000,0,0,0,53000,29000,24000,24000
063731,台積電元大9B購10,0,0,0,0,0,0,0,0,0,24000,0,0,0,177000,153000,24000,24000
063225,茂林群益9B購04  ,0,0,0,0,0,0,0,0,0,24000,0,0,0,34000,10000,24000,24000
063246,嘉晶元大9C購01  ,0,0,0,0,0,0,0,0,0,24000,0,0,0,139000,115000,24000,24000
062618,祥碩元大9B購04  ,0,0,0,0,0,0,0,0,0,24000,0,0,0,29000,5000,24000,24000
063036,聯發科凱基9B購11,0,0,0,0,0,0,0,0,0,24000,0,0,0,69000,45000,24000,24000
062151,世紀鋼國票01購01,0,0,0,0,0,0,0,0,0,24000,0,0,0,24000,0,24000,24000
062234,廣達凱基9B購01  ,0,0,0,0,0,0,0,0,0,24000,0,0,0,24000,0,24000,24000
062299,台積電第一9B購01,0,0,0,0,0,0,0,0,0,24000,0,0,0,25000,1000,24000,24000
07884P,華新科凱基9B售08,0,0,0,0,0,0,0,0,0,23000,0,0,0,63000,40000,23000,23000
07413P,國巨元大99售33  ,0,0,0,0,0,0,0,0,0,23000,0,0,0,23000,0,23000,23000
07187P,臺股指台新99售10,0,0,0,0,0,0,0,0,0,23000,0,0,0,23000,0,23000,23000
064470,世紀鋼元富03購01,0,0,0,0,0,0,0,0,0,23000,0,0,0,23000,0,23000,23000
06991P,矽創群益99售01  ,0,0,0,0,0,0,0,0,0,23000,0,0,0,40000,17000,23000,23000
056641,華通凱基98購03  ,0,0,0,0,0,0,0,0,0,23000,0,0,0,23000,0,23000,23000
057340,玉晶光元富98購04,0,0,0,0,0,0,0,0,0,23000,0,0,0,41000,18000,23000,23000
057306,玉晶光兆豐99購01,0,0,0,0,0,0,0,0,0,23000,0,0,0,43000,20000,23000,23000
056909,嘉聯益元大99購03,0,0,0,0,0,0,0,0,0,23000,0,0,0,70000,47000,23000,23000
056200,大毅永豐98購01  ,0,0,0,0,0,0,0,0,0,23000,0,0,0,23000,0,23000,23000
00656R,國泰中國A50反1  ,0,0,0,0,0,0,0,0,0,23000,0,0,0,71000,48000,23000,23000
051659,力山國泰97購01  ,0,0,0,0,0,0,0,0,0,23000,0,0,0,35000,12000,23000,23000
056458,日月光凱基98購02,0,0,0,0,0,0,0,0,0,23000,0,0,0,30000,7000,23000,23000
060287,燿華元大9A購01  ,0,0,0,0,0,0,0,0,0,23000,0,0,0,214000,191000,23000,23000
058686,祥碩凱基99購03  ,0,0,0,0,0,0,0,0,0,23000,0,0,0,23000,0,23000,23000
060418,中橡永豐9A購01  ,0,0,0,0,0,0,0,0,0,23000,0,0,0,59000,36000,23000,23000
058373,晶技凱基99購02  ,0,0,0,0,0,0,0,0,0,23000,0,0,0,33000,10000,23000,23000
059807,大立光元富99購09,15000,15000,0,0,0,0,0,0,0,23000,0,0,0,51000,28000,23000,23000
057805,華通元大98購06  ,0,0,0,0,0,0,0,0,0,23000,0,0,0,33000,10000,23000,23000
063121,友達元大9C購09  ,0,0,0,0,0,0,0,0,0,23000,0,0,0,23000,0,23000,23000
062852,聯發科永豐9B購02,0,0,0,0,0,0,0,0,0,23000,0,0,0,53000,30000,23000,23000
062577,泰鼎群益9B購01  ,0,0,0,0,0,0,0,0,0,23000,0,0,0,241000,218000,23000,23000
062719,微星凱基9B購01  ,0,0,0,0,0,0,0,0,0,23000,0,0,0,53000,30000,23000,23000
063240,聯發科元大9B購17,0,0,0,0,0,0,0,0,0,23000,0,0,0,31000,8000,23000,23000
063233,國巨元大9B購19  ,0,0,0,0,0,0,0,0,0,23000,0,0,0,23000,0,23000,23000
063282,奇力新元大9B購06,0,0,0,0,0,0,0,0,0,23000,0,0,0,23000,0,23000,23000
063428,矽創凱基9B購02  ,0,0,0,0,0,0,0,0,0,23000,0,0,0,23000,0,23000,23000
063411,和潤國票9C購01  ,0,0,0,0,0,0,0,0,0,23000,0,0,0,38000,15000,23000,23000
063306,聯茂凱基9C購01  ,0,0,0,0,0,0,0,0,0,23000,0,0,0,44000,21000,23000,23000
063366,台表科富邦9C購02,0,0,0,0,0,0,0,0,0,23000,0,0,0,23000,0,23000,23000
063557,聚陽元大9B購01  ,0,0,0,0,0,0,0,0,0,23000,0,0,0,33000,10000,23000,23000
063940,國巨元大01購02  ,0,0,0,0,0,0,0,0,0,23000,0,0,0,24000,1000,23000,23000
9906,欣巴巴          ,24000,1000,23000,0,0,0,0,0,0,0,0,0,0,0,0,0,23000
06783P,亞光元大98售03  ,0,0,0,0,0,0,0,0,0,22000,0,0,0,55000,33000,22000,22000
06560P,台積電統一98售07,0,0,0,0,0,0,0,0,0,22000,0,0,0,22000,0,22000,22000
064616,智邦元大9C購04  ,0,0,0,0,0,0,0,0,0,22000,0,0,0,69000,47000,22000,22000
07929P,旺宏統一9B售07  ,0,0,0,0,0,0,0,0,0,22000,0,0,0,40000,18000,22000,22000
057582,亞光中信9A購02  ,0,0,0,0,0,0,0,0,0,22000,0,0,0,22000,0,22000,22000
054530,台光電國泰97購03,0,0,0,0,0,0,0,0,0,22000,0,0,0,22000,0,22000,22000
054272,華通中信98購01  ,0,0,0,0,0,0,0,0,0,22000,0,0,0,22000,0,22000,22000
053339,友達國票97購02  ,0,0,0,0,0,0,0,0,0,22000,0,0,0,22000,0,22000,22000
055254,聯詠統一97購03  ,0,0,0,0,0,0,0,0,0,22000,0,0,0,57000,35000,22000,22000
055971,矽力元大97購05  ,0,0,0,0,0,0,0,0,0,22000,0,0,0,30000,8000,22000,22000
060084,聯電元大99購02  ,0,0,0,0,0,0,0,0,0,22000,0,0,0,88000,66000,22000,22000
055449,超眾統一9A購01  ,0,0,0,0,0,0,0,0,0,22000,0,0,0,22000,0,22000,22000
059172,台郡凱基99購03  ,0,0,0,0,0,0,0,0,0,22000,0,0,0,22000,0,22000,22000
061703,信邦國票9A購01  ,0,0,0,0,0,0,0,0,0,22000,0,0,0,22000,0,22000,22000
061559,南亞科國票9A購02,0,0,0,0,0,0,0,0,0,22000,0,0,0,22000,0,22000,22000
060871,台灣50中信01購03,0,0,0,0,0,0,0,0,0,22000,0,0,0,46000,24000,22000,22000
060341,國巨統一9C購02  ,0,0,0,0,0,0,0,0,0,22000,0,0,0,22000,0,22000,22000
058535,玉晶光統一9A購06,0,0,0,0,0,0,0,0,0,22000,0,0,0,36000,14000,22000,22000
060813,高鐵凱基9A購01  ,0,0,0,0,0,0,0,0,0,22000,0,0,0,22000,0,22000,22000
063719,T50反1元大9B購11,0,0,0,0,0,0,0,0,0,22000,0,0,0,168000,146000,22000,22000
063345,嘉晶統一9C購02  ,0,0,0,0,0,0,0,0,0,22000,0,0,0,272000,250000,22000,22000
063404,金像電國票9B購01,0,0,0,0,0,0,0,0,0,22000,0,0,0,22000,0,22000,22000
063259,廣達富邦9C購01  ,0,0,0,0,0,0,0,0,0,22000,0,0,0,32000,10000,22000,22000
062635,創意國票9B購01  ,0,0,0,0,0,0,0,0,0,22000,0,0,0,22000,0,22000,22000
062890,祥碩群益9B購04  ,0,0,0,0,0,0,0,0,0,22000,0,0,0,52000,30000,22000,22000
061882,矽創元大9B購01  ,0,0,0,0,0,0,0,0,0,22000,0,0,0,80000,58000,22000,22000
8271,宇瞻            ,117000,110000,7000,0,0,0,0,0,0,15000,52000,37000,15000,0,0,0,22000
07858P,旺宏永豐9A售03  ,0,0,0,0,0,0,0,0,0,21000,0,0,0,50000,29000,21000,21000
08123P,台表科國票9C售01,0,0,0,0,0,0,0,0,0,21000,0,0,0,41000,20000,21000,21000
08309P,GIS凱基9C售01   ,0,0,0,0,0,0,0,0,0,21000,0,0,0,53000,32000,21000,21000
057225,華新凱基98購01  ,0,0,0,0,0,0,0,0,0,21000,0,0,0,96000,75000,21000,21000
056182,台光電統一97購03,0,0,0,0,0,0,0,0,0,21000,0,0,0,31000,10000,21000,21000
054043,漢唐元大97購01  ,0,0,0,0,0,0,0,0,0,21000,0,0,0,26000,5000,21000,21000
060459,鴻海元大9A購07  ,0,0,0,0,0,0,0,0,0,21000,0,0,0,21000,0,21000,21000
060236,精元元大9C購01  ,0,0,0,0,0,0,0,0,0,21000,0,0,0,70000,49000,21000,21000
060203,緯穎元富9A購01  ,0,0,0,0,0,0,0,0,0,21000,0,0,0,70000,49000,21000,21000
060981,旺宏元大9A購08  ,0,0,0,0,0,0,0,0,0,21000,0,0,0,21000,0,21000,21000
061071,復盛凱基9A購01  ,0,0,0,0,0,0,0,0,0,21000,0,0,0,37000,16000,21000,21000
061619,大立光群益9B購01,0,0,0,0,0,0,0,0,0,21000,0,0,0,21000,0,21000,21000
058875,台表科國票9A購02,0,0,0,0,0,0,0,0,0,21000,0,0,0,29000,8000,21000,21000
061363,儒鴻國票9B購01  ,0,0,0,0,0,0,0,0,0,21000,0,0,0,22000,1000,21000,21000
058832,立積永豐99購01  ,0,0,0,0,0,0,0,0,0,21000,0,0,0,31000,10000,21000,21000
05797P,臺股指群益96售11,0,0,0,0,0,0,0,0,0,21000,0,0,0,321000,300000,21000,21000
059160,華通凱基99購03  ,0,0,0,0,0,0,0,0,0,21000,0,0,0,21000,0,21000,21000
057793,群創統一99購02  ,0,0,0,0,0,0,0,0,0,21000,0,0,0,21000,0,21000,21000
058387,國巨國票9A購03  ,0,0,0,0,0,0,0,0,0,21000,0,0,0,32000,11000,21000,21000
058311,緯穎元大99購05  ,0,0,0,0,0,0,0,0,0,21000,0,0,0,89000,68000,21000,21000
059040,訊芯群益99購03  ,0,0,0,0,0,0,0,0,0,21000,0,0,0,21000,0,21000,21000
061855,台郡國票9B購01  ,0,0,0,0,0,0,0,0,0,21000,0,0,0,21000,0,21000,21000
061749,群創統一9C購02  ,0,0,0,0,0,0,0,0,0,21000,0,0,0,21000,0,21000,21000
061823,勤誠群益9B購01  ,0,0,0,0,0,0,0,0,0,21000,0,0,0,48000,27000,21000,21000
062189,康控元大9B購02  ,0,0,0,0,0,0,0,0,0,21000,0,0,0,21000,0,21000,21000
062913,創意元大9B購02  ,0,0,0,0,0,0,0,0,0,21000,0,0,0,88000,67000,21000,21000
062622,南電元大9B購03  ,0,0,0,0,0,0,0,0,0,21000,0,0,0,22000,1000,21000,21000
063416,台積電凱基9B購10,0,0,0,0,0,0,0,0,0,21000,0,0,0,29000,8000,21000,21000
063528,元大金凱基9B購01,0,0,0,0,0,0,0,0,0,21000,0,0,0,65000,44000,21000,21000
910322,康師傅-DR       ,21000,0,21000,0,0,0,0,0,0,0,0,0,0,0,0,0,21000
08285P,國巨凱基9C售07  ,0,0,0,0,0,0,0,0,0,20000,0,0,0,20000,0,20000,20000
08360P,國巨國泰02售01  ,0,0,0,0,0,0,0,0,0,20000,0,0,0,20000,0,20000,20000
08205P,智邦凱基9B售03  ,0,0,0,0,0,0,0,0,0,20000,0,0,0,101000,81000,20000,20000
08224P,臺股指凱基9B售19,0,0,0,0,0,0,0,0,0,20000,0,0,0,20000,0,20000,20000
08245P,台灣50群益9C售05,0,0,0,0,0,0,0,0,0,20000,0,0,0,20000,0,20000,20000
1612,宏泰            ,28000,8000,20000,0,0,0,0,0,0,0,0,0,0,0,0,0,20000
2887E,台新戊特        ,0,0,0,0,0,0,0,0,0,20000,20000,0,20000,0,0,0,20000
4552,力達-KY         ,74000,157000,-83000,0,0,0,103000,0,103000,0,0,0,0,0,0,0,20000
08008P,華新科統一9B售05,0,0,0,0,0,0,0,0,0,20000,0,0,0,20000,0,20000,20000
07777P,創意元大9A售03  ,0,0,0,0,0,0,0,0,0,20000,0,0,0,30000,10000,20000,20000
07675P,全新永豐9A售02  ,0,0,0,0,0,0,0,0,0,20000,0,0,0,20000,0,20000,20000
07126P,台積電元大99售23,0,0,0,0,0,0,0,0,0,20000,0,0,0,20000,0,20000,20000
07047P,S&P500中信9B售02,0,0,0,0,0,0,0,0,0,20000,0,0,0,20000,0,20000,20000
07069P,欣興元富99售02  ,0,0,0,0,0,0,0,0,0,20000,0,0,0,20000,0,20000,20000
07415P,台積電元大99售52,0,0,0,0,0,0,0,0,0,20000,0,0,0,20000,0,20000,20000
064631,臺股指元大9C購17,0,0,0,0,0,0,0,0,0,20000,0,0,0,20000,0,20000,20000
064607,台灣50元大9C購41,0,0,0,0,0,0,0,0,0,20000,0,0,0,23000,3000,20000,20000
064566,大立光群益9C購04,0,0,0,0,0,0,0,0,0,20000,0,0,0,20000,0,20000,20000
064417,創意中信9C購01  ,0,0,0,0,0,0,0,0,0,20000,0,0,0,20000,0,20000,20000
064413,世紀鋼凱基02購01,0,0,0,0,0,0,0,0,0,20000,0,0,0,30000,10000,20000,20000
06570P,大立光永豐98售01,0,0,0,0,0,0,0,0,0,20000,0,0,0,20000,0,20000,20000
06581P,南亞科凱基98售04,0,0,0,0,0,0,0,0,0,20000,0,0,0,20000,0,20000,20000
06479P,聯發科中信99售02,0,0,0,0,0,0,0,0,0,20000,0,0,0,30000,10000,20000,20000
06685P,鴻海國泰9A售01  ,0,0,0,0,0,0,0,0,0,20000,0,0,0,40000,20000,20000,20000
07008P,台郡中信99售02  ,0,0,0,0,0,0,0,0,0,20000,0,0,0,20000,0,20000,20000
06967P,台郡台新99售02  ,0,0,0,0,0,0,0,0,0,20000,0,0,0,20000,0,20000,20000
053561,玉晶光國泰98購01,0,0,0,0,0,0,0,0,0,20000,0,0,0,20000,0,20000,20000
055384,緯穎元大98購02  ,0,0,0,0,0,0,0,0,0,20000,0,0,0,30000,10000,20000,20000
055249,大毅統一99購01  ,0,0,0,0,0,0,0,0,0,20000,0,0,0,35000,15000,20000,20000
055351,聯發科凱基97購03,0,0,0,0,0,0,0,0,0,20000,0,0,0,20000,0,20000,20000
054169,上緯控凱基98購01,0,0,0,0,0,0,0,0,0,20000,0,0,0,38000,18000,20000,20000
05431P,台光電統一97售01,0,0,0,0,0,0,0,0,0,20000,0,0,0,20000,0,20000,20000
054330,世芯永豐96購02  ,0,0,0,0,0,0,0,0,0,20000,0,0,0,20000,0,20000,20000
054697,凌華永豐97購01  ,0,0,0,0,0,0,0,0,0,20000,0,0,0,20000,0,20000,20000
05463P,創意國票96售04  ,0,0,0,0,0,0,0,0,0,20000,0,0,0,20000,0,20000,20000
053939,台表科元富96購03,0,0,0,0,0,0,0,0,0,20000,0,0,0,20000,0,20000,20000
056379,玉晶光元富98購01,0,0,0,0,0,0,0,0,0,20000,0,0,0,20000,0,20000,20000
053842,聯發科統一96購08,0,0,0,0,0,0,0,0,0,20000,0,0,0,20000,0,20000,20000
054742,京鼎凱基99購01  ,0,0,0,0,0,0,0,0,0,20000,0,0,0,20000,0,20000,20000
051847,香港反中信99購01,0,0,0,0,0,0,0,0,0,20000,0,0,0,40000,20000,20000,20000
052734,台表科國泰98購02,0,0,0,0,0,0,0,0,0,20000,0,0,0,20000,0,20000,20000
00703,台新MSCI中國    ,2000,1000,1000,0,0,0,0,0,0,19000,0,0,0,37000,18000,19000,20000
045517,元油2X元富98購01,0,0,0,0,0,0,0,0,0,20000,0,0,0,20000,0,20000,20000
054881,光罩統一97購01  ,0,0,0,0,0,0,0,0,0,20000,0,0,0,20000,0,20000,20000
049892,國巨富邦96購01  ,0,0,0,0,0,0,0,0,0,20000,0,0,0,20000,0,20000,20000
052978,貿聯麥證97購01  ,0,0,0,20000,0,20000,0,0,0,20000,0,0,0,20000,0,20000,20000
055036,中工富邦9B購01  ,0,0,0,0,0,0,0,0,0,20000,0,0,0,20000,0,20000,20000
055094,智易群益98購01  ,0,0,0,0,0,0,0,0,0,20000,0,0,0,20000,0,20000,20000
056176,創意元富97購01  ,0,0,0,0,0,0,0,0,0,20000,0,0,0,20000,0,20000,20000
055824,臺股指國票97購11,0,0,0,0,0,0,0,0,0,20000,0,0,0,23000,3000,20000,20000
056233,超眾凱基97購02  ,0,0,0,0,0,0,0,0,0,20000,0,0,0,20000,0,20000,20000
056303,亞光元大97購04  ,0,0,0,0,0,0,0,0,0,20000,0,0,0,20000,0,20000,20000
059997,華航元富99購01  ,0,0,0,0,0,0,0,0,0,20000,0,0,0,20000,0,20000,20000
059934,華通永豐99購02  ,0,0,0,0,0,0,0,0,0,20000,0,0,0,20000,0,20000,20000
058463,宏達電兆豐99購02,0,0,0,0,0,0,0,0,0,20000,0,0,0,20000,0,20000,20000
057125,國巨凱基98購12  ,0,0,0,0,0,0,0,0,0,20000,0,0,0,20000,0,20000,20000
057029,緯穎凱基98購04  ,0,0,0,0,0,0,0,0,0,20000,0,0,0,20000,0,20000,20000
057236,聯詠凱基98購03  ,0,0,0,0,0,0,0,0,0,20000,0,0,0,20000,0,20000,20000
057241,超眾凱基99購02  ,0,0,0,0,0,0,0,0,0,20000,0,0,0,20000,0,20000,20000
057640,台積電元大98購16,0,0,0,0,0,0,0,0,0,20000,0,0,0,33000,13000,20000,20000
057431,京鼎兆豐98購02  ,0,0,0,0,0,0,0,0,0,20000,0,0,0,20000,0,20000,20000
056569,T50正2元大9B購02,0,0,0,0,0,0,0,0,0,20000,0,0,0,20000,0,20000,20000
056590,樺漢統一9A購01  ,0,0,0,0,0,0,0,0,0,20000,0,0,0,20000,0,20000,20000
055578,群創統一98購03  ,0,0,0,0,0,0,0,0,0,20000,0,0,0,20000,0,20000,20000
055885,大成鋼統一97購02,0,0,0,0,0,0,0,0,0,20000,0,0,0,90000,70000,20000,20000
058356,華邦電凱基99購01,0,0,0,0,0,0,0,0,0,20000,0,0,0,50000,30000,20000,20000
058770,貿聯兆豐9A購01  ,0,0,0,0,0,0,0,0,0,20000,0,0,0,21000,1000,20000,20000
059401,牧德元富99購01  ,0,0,0,0,0,0,0,0,0,20000,0,0,0,20000,0,20000,20000
059129,麗豐中信99購01  ,0,0,0,0,0,0,0,0,0,20000,0,0,0,30000,10000,20000,20000
059206,元石油元大99購02,0,0,0,0,0,0,0,0,0,20000,0,0,0,20000,0,20000,20000
059277,群創元大99購05  ,0,0,0,0,0,0,0,0,0,20000,0,0,0,50000,30000,20000,20000
059348,日月光凱基99購01,0,0,0,0,0,0,0,0,0,20000,0,0,0,20000,0,20000,20000
059351,台虹凱基99購01  ,0,0,0,0,0,0,0,0,0,20000,0,0,0,57000,37000,20000,20000
058821,泰鼎國泰9B購01  ,0,0,0,0,0,0,0,0,0,20000,0,0,0,20000,0,20000,20000
057877,神達元大99購01  ,0,0,0,0,0,0,0,0,0,20000,0,0,0,20000,0,20000,20000
061362,台塑國票9B購01  ,0,0,0,0,0,0,0,0,0,20000,0,0,0,50000,30000,20000,20000
061325,晶技凱基9A購03  ,0,0,0,0,0,0,0,0,0,20000,0,0,0,20000,0,20000,20000
061289,玉晶光統一01購03,0,0,0,0,0,0,0,0,0,20000,0,0,0,20000,0,20000,20000
058876,南電國票9A購02  ,0,0,0,0,0,0,0,0,0,20000,0,0,0,36000,16000,20000,20000
058895,鴻海元大99購20  ,0,0,0,0,0,0,0,0,0,20000,0,0,0,20000,0,20000,20000
061601,台積電凱基9A購26,0,0,0,0,0,0,0,0,0,20000,0,0,0,20000,0,20000,20000
061409,力成國票9A購02  ,0,0,0,0,0,0,0,0,0,20000,0,0,0,20000,0,20000,20000
061388,台積電群益9A購05,0,0,0,0,0,0,0,0,0,20000,0,0,0,24000,4000,20000,20000
061442,玉晶光永豐9A購07,0,0,0,0,0,0,0,0,0,20000,0,0,0,20000,0,20000,20000
061068,祥碩凱基9B購01  ,0,0,0,0,0,0,0,0,0,20000,0,0,0,20000,0,20000,20000
057708,臺股指群益98購08,0,0,0,0,0,0,0,0,0,20000,0,0,0,43000,23000,20000,20000
058616,台虹元大9A購01  ,0,0,0,0,0,0,0,0,0,20000,0,0,0,30000,10000,20000,20000
058019,美律凱基99購04  ,0,0,0,0,0,0,0,0,0,20000,0,0,0,20000,0,20000,20000
05800P,台積電兆豐96售04,0,0,0,0,0,0,0,0,0,20000,0,0,0,20000,0,20000,20000
058253,臺股指元大9A購17,0,0,0,0,0,0,0,0,0,20000,0,0,0,20000,0,20000,20000
061057,華新科國票9A購04,0,0,0,0,0,0,0,0,0,20000,0,0,0,20000,0,20000,20000
060885,世紀鋼中信9A購01,0,0,0,0,0,0,0,0,0,20000,0,0,0,20000,0,20000,20000
060390,聯鈞群益9A購01  ,0,0,0,0,0,0,0,0,0,20000,0,0,0,20000,0,20000,20000
061133,玉晶光第一9A購01,0,0,0,0,0,0,0,0,0,20000,0,0,0,24000,4000,20000,20000
058534,友達統一9B購01  ,0,0,0,0,0,0,0,0,0,20000,0,0,0,20000,0,20000,20000
060340,國巨統一01購02  ,0,0,0,0,0,0,0,0,0,20000,0,0,0,70000,50000,20000,20000
061194,聯鈞永豐9A購02  ,0,0,0,0,0,0,0,0,0,20000,0,0,0,20000,0,20000,20000
060512,祥碩元大9A購02  ,0,0,0,0,0,0,0,0,0,20000,0,0,0,20000,0,20000,20000
060587,牧德元富9A購01  ,0,0,0,0,0,0,0,0,0,20000,0,0,0,20000,0,20000,20000
058572,百和凱基9A購01  ,0,0,0,0,0,0,0,0,0,20000,0,0,0,28000,8000,20000,20000
063545,華通兆豐9B購03  ,0,0,0,0,0,0,0,0,0,20000,0,0,0,20000,0,20000,20000
063713,麗豐凱基9B購01  ,0,0,0,0,0,0,0,0,0,20000,0,0,0,20000,0,20000,20000
063711,高鐵凱基9B購01  ,0,0,0,0,0,0,0,0,0,20000,0,0,0,20000,0,20000,20000
063386,國巨兆豐9B購04  ,0,0,0,0,0,0,0,0,0,20000,0,0,0,220000,200000,20000,20000
063166,超眾永豐9B購01  ,0,0,0,0,0,0,0,0,0,20000,0,0,0,21000,1000,20000,20000
063212,聯發科國票9C購02,0,0,0,0,0,0,0,0,0,20000,0,0,0,28000,8000,20000,20000
063946,聯發科元大9C購04,0,0,0,0,0,0,0,0,0,20000,0,0,0,306000,286000,20000,20000
063977,義隆兆豐9C購01  ,0,0,0,0,0,0,0,0,0,20000,0,0,0,20000,0,20000,20000
064211,友達凱基02購01  ,0,0,0,0,0,0,0,0,0,20000,0,0,0,20000,0,20000,20000
064225,健策國票01購02  ,0,0,0,0,0,0,0,0,0,20000,0,0,0,20000,0,20000,20000
064367,貿聯統一01購02  ,0,0,0,0,0,0,0,0,0,20000,0,0,0,55000,35000,20000,20000
062697,國巨元大9C購01  ,0,0,0,0,0,0,0,0,0,20000,0,0,0,40000,20000,20000,20000
062727,華擎凱基9B購03  ,0,0,0,0,0,0,0,0,0,20000,0,0,0,20000,0,20000,20000
062721,美律凱基9B購02  ,0,0,0,0,0,0,0,0,0,20000,0,0,0,20000,0,20000,20000
062731,力成凱基9B購02  ,0,0,0,0,0,0,0,0,0,20000,0,0,0,20000,0,20000,20000
062770,臺股指凱基9B購14,0,0,0,0,0,0,0,0,0,20000,0,0,0,90000,70000,20000,20000
063079,儒鴻凱基9B購01  ,0,0,0,0,0,0,0,0,0,20000,0,0,0,30000,10000,20000,20000
063096,勤誠國票9B購02  ,0,0,0,0,0,0,0,0,0,20000,0,0,0,20000,0,20000,20000
062212,臻鼎台新9B購01  ,0,0,0,0,0,0,0,0,0,20000,0,0,0,20000,0,20000,20000
06214P,國巨國票98售04  ,0,0,0,0,0,0,0,0,0,20000,0,0,0,30000,10000,20000,20000
062340,力成麥證9B購01  ,0,0,0,20000,0,20000,0,0,0,20000,0,0,0,20000,0,20000,20000
061744,超眾凱基9B購02  ,0,0,0,0,0,0,0,0,0,20000,0,0,0,20000,0,20000,20000
061892,亞德客永豐9B購01,0,0,0,0,0,0,0,0,0,20000,0,0,0,20000,0,20000,20000
061933,光寶科國票9B購01,0,0,0,0,0,0,0,0,0,20000,0,0,0,38000,18000,20000,20000
062022,緯穎永豐9B購01  ,0,0,0,0,0,0,0,0,0,20000,0,0,0,20000,0,20000,20000
06667P,鴻海凱基98售11  ,0,0,0,0,0,0,0,0,0,19000,0,0,0,19000,0,19000,19000
064428,裕隆凱基02購01  ,0,0,0,0,0,0,0,0,0,19000,0,0,0,19000,0,19000,19000
064626,聯茂元大9C購01  ,0,0,0,0,0,0,0,0,0,19000,0,0,0,39000,20000,19000,19000
07027P,台積電群益99售04,0,0,0,0,0,0,0,0,0,19000,0,0,0,30000,11000,19000,19000
07106P,國巨統一9B售05  ,0,0,0,0,0,0,0,0,0,19000,0,0,0,20000,1000,19000,19000
08026P,臺股指凱基9B售12,0,0,0,0,0,0,0,0,0,19000,0,0,0,23000,4000,19000,19000
08160P,茂林元富9B售03  ,0,0,0,0,0,0,0,0,0,19000,0,0,0,61000,42000,19000,19000
056608,力山永豐98購01  ,0,0,0,0,0,0,0,0,0,19000,0,0,0,19000,0,19000,19000
057436,義隆國票99購02  ,0,0,0,0,0,0,0,0,0,19000,0,0,0,19000,0,19000,19000
055220,緯穎凱基98購02  ,0,0,0,0,0,0,0,0,0,19000,0,0,0,19000,0,19000,19000
051727,S&P反1國票97購01,0,0,0,0,0,0,0,0,0,19000,0,0,0,20000,1000,19000,19000
05953P,台積電國票98售02,0,0,0,0,0,0,0,0,0,19000,0,0,0,34000,15000,19000,19000
060155,友訊永豐9A購01  ,0,0,0,0,0,0,0,0,0,19000,0,0,0,68000,49000,19000,19000
061699,燿華國票9A購01  ,0,0,0,0,0,0,0,0,0,19000,0,0,0,278000,259000,19000,19000
059224,大立光元大99購15,0,0,0,0,0,0,0,0,0,19000,0,0,0,22000,3000,19000,19000
059155,台表科日盛99購01,0,0,0,0,0,0,0,0,0,19000,0,0,0,30000,11000,19000,19000
057721,華擎元富98購02  ,0,0,0,0,0,0,0,0,0,19000,0,0,0,105000,86000,19000,19000
058371,智原凱基9A購01  ,0,0,0,0,0,0,0,0,0,19000,0,0,0,19000,0,19000,19000
062043,牧德凱基9B購04  ,0,0,0,0,0,0,0,0,0,19000,0,0,0,25000,6000,19000,19000
061874,義隆元大9B購02  ,0,0,0,0,0,0,0,0,0,19000,0,0,0,19000,0,19000,19000
061788,信邦群益9B購01  ,0,0,0,0,0,0,0,0,0,19000,0,0,0,41000,22000,19000,19000
062898,華通元大9B購05  ,0,0,0,0,0,0,0,0,0,19000,0,0,0,39000,20000,19000,19000
062874,微星兆豐9B購01  ,0,0,0,0,0,0,0,0,0,19000,0,0,0,29000,10000,19000,19000
064085,儒鴻凱基9C購02  ,0,0,0,0,0,0,0,0,0,19000,0,0,0,52000,33000,19000,19000
064134,瑞祺元大9C購02  ,0,0,0,0,0,0,0,0,0,19000,0,0,0,55000,36000,19000,19000
063838,上銀元大9C購01  ,0,0,0,0,0,0,0,0,0,19000,0,0,0,80000,61000,19000,19000
063444,金像電統一03購01,0,0,0,0,0,0,0,0,0,19000,0,0,0,23000,4000,19000,19000
063329,健策國票9C購01  ,0,0,0,0,0,0,0,0,0,19000,0,0,0,19000,0,19000,19000
063685,鴻海永豐9B購03  ,0,0,0,0,0,0,0,0,0,19000,0,0,0,19000,0,19000,19000
07995P,臺股指麥證9C售01,0,0,0,20000,2000,18000,0,0,0,18000,0,0,0,20000,2000,18000,18000
07967P,力山元大9B售03  ,0,0,0,0,0,0,0,0,0,18000,0,0,0,18000,0,18000,18000
07101P,台郡元大99售06  ,0,0,0,0,0,0,0,0,0,18000,0,0,0,85000,67000,18000,18000
06492P,上銀永豐98售01  ,0,0,0,0,0,0,0,0,0,18000,0,0,0,50000,32000,18000,18000
06954P,大立光元富99售01,0,0,0,0,0,0,0,0,0,18000,0,0,0,28000,10000,18000,18000
06996P,臺股指凱基99售17,0,0,0,0,0,0,0,0,0,18000,0,0,0,18000,0,18000,18000
046384,群創凱基98購02  ,0,0,0,0,0,0,0,0,0,18000,0,0,0,44000,26000,18000,18000
057292,國巨國泰9B購01  ,0,0,0,0,0,0,0,0,0,18000,0,0,0,50000,32000,18000,18000
057161,亞德客元大98購02,0,0,0,0,0,0,0,0,0,18000,0,0,0,135000,117000,18000,18000
057672,茂林元大98購02  ,0,0,0,0,0,0,0,0,0,18000,0,0,0,18000,0,18000,18000
057682,台積電日盛9A購03,0,0,0,0,0,0,0,0,0,18000,0,0,0,73000,55000,18000,18000
055647,義隆元富97購01  ,0,0,0,0,0,0,0,0,0,18000,0,0,0,18000,0,18000,18000
059993,上銀元富99購01  ,0,0,0,0,0,0,0,0,0,18000,0,0,0,21000,3000,18000,18000
056250,瑞昱兆豐97購02  ,0,0,0,0,0,0,0,0,0,18000,0,0,0,40000,22000,18000,18000
059694,創意永豐99購03  ,0,0,0,0,0,0,0,0,0,18000,0,0,0,28000,10000,18000,18000
059862,全新群益99購04  ,0,0,0,0,0,0,0,0,0,18000,0,0,0,58000,40000,18000,18000
059850,日電貿永豐99購01,0,0,0,0,0,0,0,0,0,18000,0,0,0,18000,0,18000,18000
061254,道瓊反凱基9A購02,0,0,0,0,0,0,0,0,0,18000,0,0,0,20000,2000,18000,18000
058788,喬山元大99購01  ,0,0,0,0,0,0,0,0,0,18000,0,0,0,88000,70000,18000,18000
057964,緯穎元大99購03  ,0,0,0,0,0,0,0,0,0,18000,0,0,0,18000,0,18000,18000
060134,鈺齊群益9A購01  ,0,0,0,0,0,0,0,0,0,18000,0,0,0,18000,0,18000,18000
060240,富邦金元大9A購01,0,0,0,0,0,0,0,0,0,18000,0,0,0,83000,65000,18000,18000
060254,世紀鋼元大9A購01,0,0,0,0,0,0,0,0,0,18000,0,0,0,21000,3000,18000,18000
060347,大立光統一02購01,0,0,0,0,0,0,0,0,0,18000,0,0,0,20000,2000,18000,18000
060355,元金2X元富9C購01,0,0,0,0,0,0,0,0,0,18000,0,0,0,40000,22000,18000,18000
060610,玉晶光凱基9B購02,0,0,0,0,0,0,0,0,0,18000,0,0,0,43000,25000,18000,18000
060625,華擎元大9A購01  ,0,0,0,0,0,0,0,0,0,18000,0,0,0,18000,0,18000,18000
060963,禾伸堂凱基9A購01,0,0,0,0,0,0,0,0,0,18000,0,0,0,42000,24000,18000,18000
058069,美律凱基99購05  ,0,0,0,0,0,0,0,0,0,18000,0,0,0,20000,2000,18000,18000
063712,高鐵凱基9C購01  ,0,0,0,0,0,0,0,0,0,18000,0,0,0,68000,50000,18000,18000
063572,麗豐元大9B購01  ,0,0,0,0,0,0,0,0,0,18000,0,0,0,43000,25000,18000,18000
063610,儒鴻群益9B購02  ,0,0,0,0,0,0,0,0,0,18000,0,0,0,94000,76000,18000,18000
063305,亞光凱基9B購01  ,0,0,0,0,0,0,0,0,0,18000,0,0,0,118000,100000,18000,18000
063401,中租群益9B購03  ,0,0,0,0,0,0,0,0,0,18000,0,0,0,148000,130000,18000,18000
062728,健策凱基9B購04  ,0,0,0,0,0,0,0,0,0,18000,0,0,0,74000,56000,18000,18000
062740,致伸國票9B購01  ,0,0,0,0,0,0,0,0,0,18000,0,0,0,18000,0,18000,18000
062625,華通國票9B購02  ,0,0,0,0,0,0,0,0,0,18000,0,0,0,41000,23000,18000,18000
062477,聯詠國票9B購01  ,0,0,0,0,0,0,0,0,0,18000,0,0,0,29000,11000,18000,18000
061769,晶技元大9B購03  ,0,0,0,0,0,0,0,0,0,18000,0,0,0,93000,75000,18000,18000
06189P,華新科永豐97售03,0,0,0,0,0,0,0,0,0,18000,0,0,0,18000,0,18000,18000
062303,台表科中信01購01,0,0,0,0,0,0,0,0,0,18000,0,0,0,38000,20000,18000,18000
062314,玉晶光凱基9B購06,0,0,0,0,0,0,0,0,0,18000,0,0,0,51000,33000,18000,18000
062192,南六元大9B購01  ,0,0,0,0,0,0,0,0,0,18000,0,0,0,31000,13000,18000,18000
06490P,鴻海富邦99售02  ,0,0,0,0,0,0,0,0,0,17000,0,0,0,20000,3000,17000,17000
06481P,台積電凱基98售12,0,0,0,0,0,0,0,0,0,17000,0,0,0,17000,0,17000,17000
064382,台積電國泰01購01,0,0,0,0,0,0,0,0,0,17000,0,0,0,30000,13000,17000,17000
07374P,鴻海元大99售41  ,0,0,0,0,0,0,0,0,0,17000,0,0,0,17000,0,17000,17000
07903P,台積電群益9B售03,0,0,0,0,0,0,0,0,0,17000,0,0,0,17000,0,17000,17000
07720P,臺股指群益9A售09,0,0,0,0,0,0,0,0,0,17000,0,0,0,87000,70000,17000,17000
08098P,大立光凱基9B售09,0,0,0,0,0,0,0,0,0,17000,0,0,0,75000,58000,17000,17000
056843,冠德元富98購01  ,0,0,0,0,0,0,0,0,0,17000,0,0,0,17000,0,17000,17000
056668,光磊國票99購01  ,0,0,0,0,0,0,0,0,0,17000,0,0,0,77000,60000,17000,17000
053971,聯發科元大97購09,0,0,0,0,0,0,0,0,0,17000,0,0,0,25000,8000,17000,17000
058273,同欣電永豐99購01,0,0,0,0,0,0,0,0,0,17000,0,0,0,40000,23000,17000,17000
060955,大立光群益9A購02,0,0,0,0,0,0,0,0,0,17000,0,0,0,17000,0,17000,17000
060637,玉晶光永豐9A購03,0,0,0,0,0,0,0,0,0,17000,0,0,0,17000,0,17000,17000
060523,鴻海中信9C購03  ,0,0,0,0,0,0,0,0,0,17000,0,0,0,17000,0,17000,17000
060456,正隆元大9A購01  ,0,0,0,0,0,0,0,0,0,17000,0,0,0,138000,121000,17000,17000
061151,友訊群益9A購01  ,0,0,0,0,0,0,0,0,0,17000,0,0,0,96000,79000,17000,17000
058896,中環元大99購03  ,0,0,0,0,0,0,0,0,0,17000,0,0,0,17000,0,17000,17000
061346,玉晶光元大9B購03,0,0,0,0,0,0,0,0,0,17000,0,0,0,22000,5000,17000,17000
059120,致伸永豐99購01  ,0,0,0,0,0,0,0,0,0,17000,0,0,0,17000,0,17000,17000
058361,美律凱基99購06  ,0,0,0,0,0,0,0,0,0,17000,0,0,0,20000,3000,17000,17000
058424,滬深2X元富99購04,0,0,0,0,0,0,0,0,0,17000,0,0,0,156000,139000,17000,17000
058439,玉晶光統一01購02,0,0,0,0,0,0,0,0,0,17000,0,0,0,60000,43000,17000,17000
062521,玉晶光元大9C購05,0,0,0,0,0,0,0,0,0,17000,0,0,0,45000,28000,17000,17000
062781,微星元大9C購01  ,0,0,0,0,0,0,0,0,0,17000,0,0,0,22000,5000,17000,17000
063651,金像電台新9B購01,0,0,0,0,0,0,0,0,0,17000,0,0,0,20000,3000,17000,17000
064002,仁寶凱基9C購01  ,0,0,0,0,0,0,0,0,0,17000,0,0,0,48000,31000,17000,17000
064063,健策國泰01購02  ,0,0,0,0,0,0,0,0,0,17000,0,0,0,62000,45000,17000,17000
1786,科妍            ,31000,14000,17000,0,0,0,0,0,0,-1000,2000,3000,-1000,0,0,0,16000
5706,鳳凰            ,39000,23000,16000,0,0,0,0,0,0,0,0,0,0,0,0,0,16000
3356,奇偶            ,56000,40000,16000,0,0,0,0,0,0,0,0,0,0,0,0,0,16000
07904P,聯發科群益9B售05,0,0,0,0,0,0,0,0,0,16000,0,0,0,42000,26000,16000,16000
07867P,晶技元大9B售01  ,0,0,0,0,0,0,0,0,0,16000,0,0,0,16000,0,16000,16000
064610,儒鴻元大9C購03  ,0,0,0,0,0,0,0,0,0,16000,0,0,0,58000,42000,16000,16000
057549,台光電凱基98購05,0,0,0,0,0,0,0,0,0,16000,0,0,0,16000,0,16000,16000
057671,群創元大9B購06  ,0,0,0,0,0,0,0,0,0,16000,0,0,0,24000,8000,16000,16000
057260,微星兆豐98購01  ,0,0,0,0,0,0,0,0,0,16000,0,0,0,30000,14000,16000,16000
058748,景碩凱基9A購01  ,0,0,0,0,0,0,0,0,0,16000,0,0,0,26000,10000,16000,16000
058309,大毅元大99購02  ,0,0,0,0,0,0,0,0,0,16000,0,0,0,31000,15000,16000,16000
059767,矽力永豐99購01  ,0,0,0,0,0,0,0,0,0,16000,0,0,0,19000,3000,16000,16000
059062,群創凱基99購05  ,0,0,0,0,0,0,0,0,0,16000,0,0,0,46000,30000,16000,16000
059148,百和國票9A購01  ,0,0,0,0,0,0,0,0,0,16000,0,0,0,16000,0,16000,16000
057810,技嘉元大98購06  ,0,0,0,0,0,0,0,0,0,16000,0,0,0,73000,57000,16000,16000
059875,信邦凱基99購02  ,0,0,0,0,0,0,0,0,0,16000,0,0,0,20000,4000,16000,16000
061448,旺宏中信9A購02  ,0,0,0,0,0,0,0,0,0,16000,0,0,0,20000,4000,16000,16000
061211,玉晶光元大9A購12,0,0,0,0,0,0,0,0,0,16000,0,0,0,32000,16000,16000,16000
060306,台肥永豐9A購01  ,0,0,0,0,0,0,0,0,0,16000,0,0,0,46000,30000,16000,16000
060235,瑞昱元大9A購01  ,0,0,0,0,0,0,0,0,0,16000,0,0,0,67000,51000,16000,16000
061136,可成統一9A購01  ,0,0,0,0,0,0,0,0,0,16000,0,0,0,180000,164000,16000,16000
060774,南亞科凱基9A購01,0,0,0,0,0,0,0,0,0,16000,0,0,0,16000,0,16000,16000
060484,聯發科富邦9C購02,0,0,0,0,0,0,0,0,0,16000,0,0,0,89000,73000,16000,16000
060642,華擎永豐9A購02  ,0,0,0,0,0,0,0,0,0,16000,0,0,0,20000,4000,16000,16000
060547,瑞昱凱基9A購01  ,0,0,0,0,0,0,0,0,0,16000,0,0,0,16000,0,16000,16000
058571,緯穎凱基9A購02  ,0,0,0,0,0,0,0,0,0,16000,0,0,0,16000,0,16000,16000
060823,旺宏元大9A購05  ,0,0,0,0,0,0,0,0,0,16000,0,0,0,27000,11000,16000,16000
060874,中鋼中信02購01  ,0,0,0,0,0,0,0,0,0,16000,0,0,0,16000,0,16000,16000
05812P,臺股指國票96售05,0,0,0,0,0,0,0,0,0,16000,0,0,0,16000,0,16000,16000
064346,貿聯元大01購01  ,0,0,0,0,0,0,0,0,0,16000,0,0,0,16000,0,16000,16000
06394P,台積電元大97售28,0,0,0,0,0,0,0,0,0,16000,0,0,0,16000,0,16000,16000
063677,台光電國泰9C購02,0,0,0,0,0,0,0,0,0,16000,0,0,0,16000,0,16000,16000
063694,貿聯永豐9B購01  ,0,0,0,0,0,0,0,0,0,16000,0,0,0,26000,10000,16000,16000
063478,GIS元大9B購03   ,0,0,0,0,0,0,0,0,0,16000,0,0,0,81000,65000,16000,16000
063247,信邦元大9B購02  ,0,0,0,0,0,0,0,0,0,16000,0,0,0,16000,0,16000,16000
062474,台表科凱基9C購01,0,0,0,0,0,0,0,0,0,16000,0,0,0,18000,2000,16000,16000
062610,啟碁凱基9B購01  ,0,0,0,0,0,0,0,0,0,16000,0,0,0,60000,44000,16000,16000
063040,聯詠凱基9B購03  ,0,0,0,0,0,0,0,0,0,16000,0,0,0,26000,10000,16000,16000
061803,巨大永豐9B購01  ,0,0,0,0,0,0,0,0,0,16000,0,0,0,16000,0,16000,16000
061813,鴻海群益9B購02  ,0,0,0,0,0,0,0,0,0,16000,0,0,0,16000,0,16000,16000
061980,聯發科元大9B購01,0,0,0,0,0,0,0,0,0,16000,0,0,0,16000,0,16000,16000
061962,台積電統一01購03,0,0,0,0,0,0,0,0,0,16000,0,0,0,21000,5000,16000,16000
06477P,緯穎國票99售02  ,0,0,0,0,0,0,0,0,0,15000,0,0,0,70000,55000,15000,15000
064381,道瓊銀國泰02購01,0,0,0,0,0,0,0,0,0,15000,0,0,0,15000,0,15000,15000
064411,台表科凱基02購01,0,0,0,0,0,0,0,0,0,15000,0,0,0,22000,7000,15000,15000
064400,大成鋼凱基01購01,0,0,0,0,0,0,0,0,0,15000,0,0,0,30000,15000,15000,15000
064481,技嘉永豐9C購01  ,0,0,0,0,0,0,0,0,0,15000,0,0,0,15000,0,15000,15000
06752P,訊芯凱基98售05  ,0,0,0,0,0,0,0,0,0,15000,0,0,0,25000,10000,15000,15000
07961P,滬深2X中信01售02,0,0,0,0,0,0,0,0,0,15000,0,0,0,15000,0,15000,15000
07974P,上証2X元大9B售02,0,0,0,0,0,0,0,0,0,15000,0,0,0,15000,0,15000,15000
07742P,台積電凱基9A售25,0,0,0,0,0,0,0,0,0,15000,0,0,0,15000,0,15000,15000
07103P,南電元大99售04  ,0,0,0,0,0,0,0,0,0,15000,0,0,0,15000,0,15000,15000
3338,泰碩            ,176000,188000,-12000,0,0,0,50000,0,50000,-23000,2000,19000,-17000,0,6000,-6000,15000
1904,正隆            ,532000,1497000,-965000,0,0,0,1028000,0,1028000,-48000,0,49000,-49000,43000,42000,1000,15000
057363,華通元大99購02  ,0,0,0,0,0,0,0,0,0,15000,0,0,0,16000,1000,15000,15000
057630,茂林永豐98購01  ,0,0,0,0,0,0,0,0,0,15000,0,0,0,15000,0,15000,15000
056264,聯發科統一98購02,0,0,0,0,0,0,0,0,0,15000,0,0,0,22000,7000,15000,15000
059943,信邦永豐99購01  ,0,0,0,0,0,0,0,0,0,15000,0,0,0,25000,10000,15000,15000
059909,鴻海元大99購36  ,0,0,0,0,0,0,0,0,0,15000,0,0,0,15000,0,15000,15000
059924,世紀鋼元大99購06,0,0,0,0,0,0,0,0,0,15000,0,0,0,28000,13000,15000,15000
054811,裕隆元大9A購01  ,0,0,0,0,0,0,0,0,0,15000,0,0,0,15000,0,15000,15000
053358,晶技統一98購01  ,0,0,0,0,0,0,0,0,0,15000,0,0,0,15000,0,15000,15000
054098,嘉晶國票97購04  ,0,0,0,0,0,0,0,0,0,15000,0,0,0,15000,0,15000,15000
050485,國巨統一96購01  ,0,0,0,0,0,0,0,0,0,15000,0,0,0,76000,61000,15000,15000
054826,復盛元大9A購01  ,0,0,0,0,0,0,0,0,0,15000,0,0,0,15000,0,15000,15000
052095,彩晶元大97購01  ,0,0,0,0,0,0,0,0,0,15000,0,0,0,70000,55000,15000,15000
051931,美律國票96購02  ,0,0,0,0,0,0,0,0,0,15000,0,0,0,15000,0,15000,15000
058207,南茂凱基99購01  ,0,0,0,0,0,0,0,0,0,15000,0,0,0,135000,120000,15000,15000
061072,南電凱基9B購01  ,0,0,0,0,0,0,0,0,0,15000,0,0,0,15000,0,15000,15000
060723,致新永豐9A購01  ,0,0,0,0,0,0,0,0,0,15000,0,0,0,16000,1000,15000,15000
060709,緯穎富邦9B購01  ,0,0,0,0,0,0,0,0,0,15000,0,0,0,100000,85000,15000,15000
060744,鴻海國票9A購04  ,0,0,0,0,0,0,0,0,0,15000,0,0,0,40000,25000,15000,15000
060818,上銀統一9C購01  ,0,0,0,0,0,0,0,0,0,15000,0,0,0,15000,0,15000,15000
060123,光罩永豐99購02  ,0,0,0,0,0,0,0,0,0,15000,0,0,0,15000,0,15000,15000
061175,台積電凱基9A購19,0,0,0,0,0,0,0,0,0,15000,0,0,0,19000,4000,15000,15000
061533,友達統一9C購02  ,0,0,0,0,0,0,0,0,0,15000,0,0,0,50000,35000,15000,15000
058851,大立光群益99購07,0,0,0,0,0,0,0,0,0,15000,0,0,0,28000,13000,15000,15000
057980,聯詠永豐98購01  ,0,0,0,0,0,0,0,0,0,15000,0,0,0,27000,12000,15000,15000
05878P,創意群益98售01  ,0,0,0,0,0,0,0,0,0,15000,0,0,0,15000,0,15000,15000
061333,華通元大9A購08  ,0,0,0,0,0,0,0,0,0,15000,0,0,0,16000,1000,15000,15000
061335,國巨元大9A購19  ,0,0,0,0,0,0,0,0,0,15000,0,0,0,15000,0,15000,15000
058920,SGBR2X元富99購06,0,0,0,0,0,0,0,0,0,15000,0,0,0,15000,0,15000,15000
057818,泰碩元大9A購01  ,0,0,0,0,0,0,0,0,0,15000,0,0,0,19000,4000,15000,15000
059867,華邦電凱基99購02,0,0,0,0,0,0,0,0,0,15000,0,0,0,30000,15000,15000,15000
059020,元油2X統一9B購02,0,0,0,0,0,0,0,0,0,15000,0,0,0,25000,10000,15000,15000
058727,嘉晶富邦9A購01  ,0,0,0,0,0,0,0,0,0,15000,0,0,0,15000,0,15000,15000
06185P,台表科元大97售05,0,0,0,0,0,0,0,0,0,15000,0,0,0,15000,0,15000,15000
062154,國巨凱基9C購02  ,0,0,0,0,0,0,0,0,0,15000,0,0,0,15000,0,15000,15000
062464,T50反1凱基9C購03,0,0,0,0,0,0,0,0,0,15000,0,0,0,15000,0,15000,15000
062632,嘉晶國票9B購01  ,0,0,0,0,0,0,0,0,0,15000,0,0,0,15000,0,15000,15000
063257,牧德國泰01購01  ,0,0,0,0,0,0,0,0,0,15000,0,0,0,20000,5000,15000,15000
063391,南電兆豐9C購01  ,0,0,0,0,0,0,0,0,0,15000,0,0,0,31000,16000,15000,15000
063435,儒鴻統一01購02  ,0,0,0,0,0,0,0,0,0,15000,0,0,0,63000,48000,15000,15000
063316,聯發科群益9C購03,0,0,0,0,0,0,0,0,0,15000,0,0,0,35000,20000,15000,15000
063606,TPK凱基9C購01   ,0,0,0,0,0,0,0,0,0,15000,0,0,0,22000,7000,15000,15000
063627,上銀元大9B購09  ,0,0,0,0,0,0,0,0,0,15000,0,0,0,15000,0,15000,15000
063787,玉晶光統一01購07,0,0,0,0,0,0,0,0,0,15000,0,0,0,39000,24000,15000,15000
064135,復盛元大9C購01  ,0,0,0,0,0,0,0,0,0,15000,0,0,0,29000,14000,15000,15000
5608,四維航          ,106000,92000,14000,0,0,0,0,0,0,0,0,0,0,0,0,0,14000
07092P,上銀凱基99售03  ,0,0,0,0,0,0,0,0,0,14000,0,0,0,20000,6000,14000,14000
07998P,聯電凱基9C售01  ,20000,0,20000,0,0,0,0,0,0,-6000,0,0,0,25000,31000,-6000,14000
064713,和大統一02購01  ,0,0,0,0,0,0,0,0,0,14000,0,0,0,55000,41000,14000,14000
050633,義隆群益96購02  ,0,0,0,0,0,0,0,0,0,14000,0,0,0,15000,1000,14000,14000
047196,上銀統一97購01  ,0,0,0,0,0,0,0,0,0,14000,0,0,0,14000,0,14000,14000
054576,健策元大98購03  ,0,0,0,0,0,0,0,0,0,14000,0,0,0,15000,1000,14000,14000
054538,台光電國票98購01,0,0,0,0,0,0,0,0,0,14000,0,0,0,14000,0,14000,14000
054152,漢唐國泰98購02  ,0,0,0,0,0,0,0,0,0,14000,0,0,0,18000,4000,14000,14000
056455,群創凱基9A購01  ,0,0,0,0,0,0,0,0,0,14000,0,0,0,48000,34000,14000,14000
059912,國巨元大99購28  ,0,0,0,0,0,0,0,0,0,14000,0,0,0,17000,3000,14000,14000
056092,亞德客元富97購02,0,0,0,0,0,0,0,0,0,14000,0,0,0,20000,6000,14000,14000
056079,世紀鋼元大97購02,0,0,0,0,0,0,0,0,0,14000,0,0,0,39000,25000,14000,14000
056658,美食元大98購01  ,0,0,0,0,0,0,0,0,0,14000,0,0,0,100000,86000,14000,14000
056833,和大元富9B購01  ,0,0,0,0,0,0,0,0,0,14000,0,0,0,14000,0,14000,14000
058731,貿聯永豐99購02  ,0,0,0,0,0,0,0,0,0,14000,0,0,0,54000,40000,14000,14000
058402,欣興元大99購04  ,0,0,0,0,0,0,0,0,0,14000,0,0,0,44000,30000,14000,14000
059086,國巨元大99購18  ,0,0,0,0,0,0,0,0,0,14000,0,0,0,44000,30000,14000,14000
057936,健策群益99購01  ,0,0,0,0,0,0,0,0,0,14000,0,0,0,22000,8000,14000,14000
061530,智邦台新9A購02  ,0,0,0,0,0,0,0,0,0,14000,0,0,0,14000,0,14000,14000
061476,大毅元大9A購02  ,0,0,0,0,0,0,0,0,0,14000,0,0,0,34000,20000,14000,14000
061204,國巨元大9A購16  ,0,0,0,0,0,0,0,0,0,14000,0,0,0,14000,0,14000,14000
060624,玉晶光元大9C購02,0,0,0,0,0,0,0,0,0,14000,0,0,0,20000,6000,14000,14000
061052,和大群益9A購01  ,0,0,0,0,0,0,0,0,0,14000,0,0,0,32000,18000,14000,14000
058216,TPK群益99購01   ,0,0,0,0,0,0,0,0,0,14000,0,0,0,15000,1000,14000,14000
058243,華擎元大99購01  ,0,0,0,0,0,0,0,0,0,14000,0,0,0,15000,1000,14000,14000
058267,奇鋐永豐99購01  ,0,0,0,0,0,0,0,0,0,14000,0,0,0,96000,82000,14000,14000
06411P,晶相光永豐97售03,0,0,0,0,0,0,0,0,0,14000,0,0,0,25000,11000,14000,14000
064154,大立光統一01購04,0,0,0,0,0,0,0,0,0,14000,0,0,0,14000,0,14000,14000
064086,旺宏凱基9C購01  ,0,0,0,0,0,0,0,0,0,14000,0,0,0,14000,0,14000,14000
064187,亞光永豐9C購01  ,0,0,0,0,0,0,0,0,0,14000,0,0,0,79000,65000,14000,14000
063395,金像電群益9B購02,0,0,0,0,0,0,0,0,0,14000,0,0,0,14000,0,14000,14000
063155,緯穎元富9B購03  ,0,0,0,0,0,0,0,0,0,14000,0,0,0,35000,21000,14000,14000
062790,臺股指元大9B購33,0,0,0,0,0,0,0,0,0,14000,0,0,0,14000,0,14000,14000
062720,南亞科凱基9B購03,0,0,0,0,0,0,0,0,0,14000,0,0,0,16000,2000,14000,14000
062478,牧德國票9B購03  ,0,0,0,0,0,0,0,0,0,14000,0,0,0,16000,2000,14000,14000
06282P,聯鈞永豐97售02  ,0,0,0,0,0,0,0,0,0,14000,0,0,0,24000,10000,14000,14000
062204,京元電國票9C購01,0,0,0,0,0,0,0,0,0,14000,0,0,0,86000,72000,14000,14000
061767,信邦元大9B購01  ,0,0,0,0,0,0,0,0,0,14000,0,0,0,14000,0,14000,14000
062080,奇力新元大9B購02,0,0,0,0,0,0,0,0,0,14000,0,0,0,14000,0,14000,14000
064674,鈺齊元大9C購01  ,0,0,0,0,0,0,0,0,0,13000,0,0,0,13000,0,13000,13000
06730P,祥碩元大98售07  ,0,0,0,0,0,0,0,0,0,13000,0,0,0,52000,39000,13000,13000
07130P,台郡元大9B售01  ,0,0,0,0,0,0,0,0,0,13000,0,0,0,13000,0,13000,13000
07067P,旺宏台新99售02  ,0,0,0,0,0,0,0,0,0,13000,0,0,0,32000,19000,13000,13000
5546,永固-KY         ,18000,5000,13000,0,0,0,0,0,0,0,0,0,0,0,0,0,13000
8072,陞泰            ,33000,31000,2000,0,0,0,0,0,0,11000,11000,0,11000,0,0,0,13000
055645,技嘉元富97購01  ,0,0,0,0,0,0,0,0,0,13000,0,0,0,13000,0,13000,13000
057684,聯茂日盛99購01  ,0,0,0,0,0,0,0,0,0,13000,0,0,0,24000,11000,13000,13000
056576,晶技元大99購02  ,0,0,0,0,0,0,0,0,0,13000,0,0,0,15000,2000,13000,13000
057151,易華電國票99購01,0,0,0,0,0,0,0,0,0,13000,0,0,0,13000,0,13000,13000
055919,景碩凱基98購02  ,0,0,0,0,0,0,0,0,0,13000,0,0,0,28000,15000,13000,13000
060015,國巨康和99購03  ,0,0,0,0,0,0,0,0,0,13000,0,0,0,16000,3000,13000,13000
057587,微星國票99購01  ,0,0,0,0,0,0,0,0,0,13000,0,0,0,13000,0,13000,13000
054259,健策元大97購03  ,0,0,0,0,0,0,0,0,0,13000,0,0,0,14000,1000,13000,13000
00713,元大台灣高息低波,2000,2000,0,0,0,0,0,0,0,13000,0,0,0,29000,16000,13000,13000
00737,國泰AI+Robo     ,0,146000,-146000,0,0,0,0,0,0,159000,0,0,0,255000,96000,159000,13000
058632,世紀鋼國票9A購01,0,0,0,0,0,0,0,0,0,13000,0,0,0,13000,0,13000,13000
060520,臺指2X中信01購02,0,0,0,0,0,0,0,0,0,13000,0,0,0,20000,7000,13000,13000
061482,健策元大9C購01  ,0,0,0,0,0,0,0,0,0,13000,0,0,0,19000,6000,13000,13000
061507,南電國票9A購05  ,0,0,0,0,0,0,0,0,0,13000,0,0,0,13000,0,13000,13000
061524,華通凱基9A購07  ,0,0,0,0,0,0,0,0,0,13000,0,0,0,13000,0,13000,13000
061584,勤誠元大9A購01  ,0,0,0,0,0,0,0,0,0,13000,0,0,0,151000,138000,13000,13000
061566,華通元大9A購10  ,0,0,0,0,0,0,0,0,0,13000,0,0,0,105000,92000,13000,13000
059359,精元永豐99購01  ,0,0,0,0,0,0,0,0,0,13000,0,0,0,50000,37000,13000,13000
062238,臻鼎凱基9C購01  ,0,0,0,0,0,0,0,0,0,13000,0,0,0,35000,22000,13000,13000
062150,南六國票9B購01  ,0,0,0,0,0,0,0,0,0,13000,0,0,0,34000,21000,13000,13000
062144,華通國票9B購01  ,0,0,0,0,0,0,0,0,0,13000,0,0,0,14000,1000,13000,13000
062413,台光電中信9B購02,0,0,0,0,0,0,0,0,0,13000,0,0,0,72000,59000,13000,13000
062830,玉晶光群益01購05,0,0,0,0,0,0,0,0,0,13000,0,0,0,13000,0,13000,13000
062710,盛群元大9B購01  ,0,0,0,0,0,0,0,0,0,13000,0,0,0,13000,0,13000,13000
063521,國巨凱基03購01  ,0,0,0,0,0,0,0,0,0,13000,0,0,0,15000,2000,13000,13000
063915,祥碩凱基01購01  ,0,0,0,0,0,0,0,0,0,13000,0,0,0,223000,210000,13000,13000
064032,群創元大9C購06  ,0,0,0,0,0,0,0,0,0,13000,0,0,0,21000,8000,13000,13000
6582,申豐            ,108000,93000,15000,0,0,0,0,0,0,-3000,0,3000,-3000,0,0,0,12000
3022,威強電          ,81000,64000,17000,0,0,0,0,0,0,-5000,0,5000,-5000,0,0,0,12000
08173P,金像電凱基9B售02,0,0,0,0,0,0,0,0,0,12000,0,0,0,63000,51000,12000,12000
08175P,金像電統一9B售02,0,0,0,0,0,0,0,0,0,12000,0,0,0,52000,40000,12000,12000
08671P,友訊國票01售01  ,0,0,0,0,0,0,0,0,0,12000,0,0,0,12000,0,12000,12000
07171P,臺股指國票99售08,0,0,0,0,0,0,0,0,0,12000,0,0,0,12000,0,12000,12000
08054P,臺股指國票9B售19,0,0,0,0,0,0,0,0,0,12000,0,0,0,35000,23000,12000,12000
07916P,臺股指元大9B售22,0,0,0,0,0,0,0,0,0,12000,0,0,0,12000,0,12000,12000
07919P,創意永豐9B售01  ,0,0,0,0,0,0,0,0,0,12000,0,0,0,12000,0,12000,12000
07743P,智邦凱基9A售03  ,0,0,0,0,0,0,0,0,0,12000,0,0,0,12000,0,12000,12000
06613P,華新科富邦9A售03,0,0,0,0,0,0,0,0,0,12000,0,0,0,38000,26000,12000,12000
06468P,華新科統一98售02,0,0,0,0,0,0,0,0,0,12000,0,0,0,18000,6000,12000,12000
064572,同欣電群益9C購02,0,0,0,0,0,0,0,0,0,12000,0,0,0,43000,31000,12000,12000
064486,聚陽元大9C購01  ,0,0,0,0,0,0,0,0,0,12000,0,0,0,18000,6000,12000,12000
051946,健策統一98購01  ,0,0,0,0,0,0,0,0,0,12000,0,0,0,12000,0,12000,12000
00865B,國泰US短期公債  ,0,0,0,0,0,0,0,0,0,12000,0,0,0,113000,101000,12000,12000
052928,美律元大98購01  ,0,0,0,0,0,0,0,0,0,12000,0,0,0,12000,0,12000,12000
046793,聯發科元富99購01,0,0,0,0,0,0,0,0,0,12000,0,0,0,12000,0,12000,12000
054161,友訊凱基98購01  ,0,0,0,0,0,0,0,0,0,12000,0,0,0,12000,0,12000,12000
053980,泰鼎元大97購02  ,0,0,0,0,0,0,0,0,0,12000,0,0,0,12000,0,12000,12000
057569,光磊永豐98購03  ,0,0,0,0,0,0,0,0,0,12000,0,0,0,12000,0,12000,12000
060044,大立光群益99購09,0,0,0,0,0,0,0,0,0,12000,0,0,0,12000,0,12000,12000
060097,華新科元大99購23,0,0,0,0,0,0,0,0,0,12000,0,0,0,12000,0,12000,12000
059436,大立光元大99購18,0,0,0,0,0,0,0,0,0,12000,0,0,0,12000,0,12000,12000
056126,台郡國票98購02  ,0,0,0,0,0,0,0,0,0,12000,0,0,0,12000,0,12000,12000
056856,華通群益9A購01  ,0,0,0,0,0,0,0,0,0,12000,0,0,0,23000,11000,12000,12000
056776,聯茂元大99購01  ,0,0,0,0,0,0,0,0,0,12000,0,0,0,14000,2000,12000,12000
059218,台積電元大99購31,0,0,0,0,0,0,0,0,0,12000,0,0,0,12000,0,12000,12000
059203,勤誠永豐99購02  ,0,0,0,0,0,0,0,0,0,12000,0,0,0,34000,22000,12000,12000
059820,南亞科凱基99購07,0,0,0,0,0,0,0,0,0,12000,0,0,0,48000,36000,12000,12000
058959,南茂國票9A購01  ,0,0,0,0,0,0,0,0,0,12000,0,0,0,12000,0,12000,12000
058408,華通兆豐99購02  ,0,0,0,0,0,0,0,0,0,12000,0,0,0,12000,0,12000,12000
058399,美律元大99購05  ,0,0,0,0,0,0,0,0,0,12000,0,0,0,94000,82000,12000,12000
058322,玉晶光永豐99購02,0,0,0,0,0,0,0,0,0,12000,0,0,0,12000,0,12000,12000
061617,微星群益9A購02  ,0,0,0,0,0,0,0,0,0,12000,0,0,0,37000,25000,12000,12000
061683,台灣50群益9B購09,0,0,0,0,0,0,0,0,0,12000,0,0,0,13000,1000,12000,12000
058937,仁寶中信99購01  ,0,0,0,0,0,0,0,0,0,12000,0,0,0,30000,18000,12000,12000
058581,大立光群益99購05,0,0,0,0,0,0,0,0,0,12000,0,0,0,12000,0,12000,12000
061160,瑞祺群益9A購01  ,0,0,0,0,0,0,0,0,0,12000,0,0,0,22000,10000,12000,12000
060208,卜蜂康和9A購01  ,0,0,0,0,0,0,0,0,0,12000,0,0,0,184000,172000,12000,12000
057995,華新科中信98購02,0,0,0,0,0,0,0,0,0,12000,0,0,0,12000,0,12000,12000
058209,臺股指凱基01購01,0,0,0,0,0,0,0,0,0,12000,0,0,0,1017000,1005000,12000,12000
060984,南亞科元大9A購07,0,0,0,0,0,0,0,0,0,12000,0,0,0,12000,0,12000,12000
06069P,台積電永豐97售01,0,0,0,0,0,0,0,0,0,12000,0,0,0,12000,0,12000,12000
060838,華通國票9A購05  ,0,0,0,0,0,0,0,0,0,12000,0,0,0,12000,0,12000,12000
064011,嘉晶國票9C購01  ,0,0,0,0,0,0,0,0,0,12000,0,0,0,13000,1000,12000,12000
064083,群創中信06購01  ,0,0,0,0,0,0,0,0,0,12000,0,0,0,32000,20000,12000,12000
063519,聚陽凱基9B購02  ,0,0,0,0,0,0,0,0,0,12000,0,0,0,25000,13000,12000,12000
063485,巨大元大9B購04  ,0,0,0,0,0,0,0,0,0,12000,0,0,0,39000,27000,12000,12000
063163,京元電永豐9B購01,0,0,0,0,0,0,0,0,0,12000,0,0,0,12000,0,12000,12000
063403,鈺齊群益9B購01  ,0,0,0,0,0,0,0,0,0,12000,0,0,0,14000,2000,12000,12000
062694,遠東新元大9B購01,0,0,0,0,0,0,0,0,0,12000,0,0,0,13000,1000,12000,12000
062642,帆宣國票9B購01  ,0,0,0,0,0,0,0,0,0,12000,0,0,0,12000,0,12000,12000
062538,台積電國泰9C購02,0,0,0,0,0,0,0,0,0,12000,0,0,0,25000,13000,12000,12000
063008,華通元大9B購06  ,0,0,0,0,0,0,0,0,0,12000,0,0,0,16000,4000,12000,12000
063129,祥碩元大9C購03  ,0,0,0,0,0,0,0,0,0,12000,0,0,0,17000,5000,12000,12000
062149,牧德國票9B購01  ,0,0,0,0,0,0,0,0,0,12000,0,0,0,12000,0,12000,12000
064440,大立光凱基03購03,0,0,0,0,0,0,0,0,0,11000,0,0,0,11000,0,11000,11000
07820P,臺股指國票9A售11,0,0,0,0,0,0,0,0,0,11000,0,0,0,26000,15000,11000,11000
07920P,大立光中信01售01,0,65000,-65000,0,0,0,0,0,0,76000,0,0,0,87000,11000,76000,11000
07181P,臺股指凱基99售23,0,0,0,0,0,0,0,0,0,11000,0,0,0,17000,6000,11000,11000
07062P,台積電元大99售15,0,0,0,0,0,0,0,0,0,11000,0,0,0,38000,27000,11000,11000
08275P,南亞科元富9C售01,0,0,0,0,0,0,0,0,0,11000,0,0,0,220000,209000,11000,11000
08226P,台灣50元大9B售26,0,0,0,0,0,0,0,0,0,11000,0,0,0,21000,10000,11000,11000
055690,矽力凱基97購02  ,0,0,0,0,0,0,0,0,0,11000,0,0,0,31000,20000,11000,11000
055603,超眾元大97購04  ,0,0,0,0,0,0,0,0,0,11000,0,0,0,46000,35000,11000,11000
057386,聯發科永豐98購04,0,0,0,0,0,0,0,0,0,11000,0,0,0,11000,0,11000,11000
056083,億光統一97購03  ,0,0,0,0,0,0,0,0,0,11000,0,0,0,11000,0,11000,11000
056919,英業達兆豐98購01,0,0,0,0,0,0,0,0,0,11000,0,0,0,11000,0,11000,11000
059458,鎧勝永豐99購01  ,0,0,0,0,0,0,0,0,0,11000,0,0,0,11000,0,11000,11000
053811,國巨群益98購02  ,0,0,0,0,0,0,0,0,0,11000,0,0,0,11000,0,11000,11000
054817,聯發科元大97購13,0,0,0,0,0,0,0,0,0,11000,0,0,0,12000,1000,11000,11000
053338,台光電國票97購01,0,0,0,0,0,0,0,0,0,11000,0,0,0,11000,0,11000,11000
055230,大毅國票98購01  ,0,0,0,0,0,0,0,0,0,11000,0,0,0,20000,9000,11000,11000
053035,台表科兆豐97購01,0,0,0,0,0,0,0,0,0,11000,0,0,0,11000,0,11000,11000
052130,國巨凱基9B購01  ,0,0,0,0,0,0,0,0,0,11000,0,0,0,11000,0,11000,11000
061003,南亞科兆豐9A購01,0,0,0,0,0,0,0,0,0,11000,0,0,0,21000,10000,11000,11000
060922,金像電永豐9A購01,0,0,0,0,0,0,0,0,0,11000,0,0,0,65000,54000,11000,11000
060197,臻鼎元富9A購02  ,0,0,0,0,0,0,0,0,0,11000,0,0,0,11000,0,11000,11000
06023P,超眾國票96售03  ,0,0,0,0,0,0,0,0,0,11000,0,0,0,11000,0,11000,11000
060490,華新科台新9A購01,0,0,0,0,0,0,0,0,0,11000,0,0,0,11000,0,11000,11000
060622,玉晶光元大9B購02,0,0,0,0,0,0,0,0,0,11000,0,0,0,11000,0,11000,11000
061624,中租群益9A購01  ,0,0,0,0,0,0,0,0,0,11000,0,0,0,11000,0,11000,11000
061610,力成統一9C購01  ,0,0,0,0,0,0,0,0,0,11000,0,0,0,11000,0,11000,11000
061419,國巨元大9A購21  ,0,0,0,0,0,0,0,0,0,11000,0,0,0,11000,0,11000,11000
058390,樺漢國票9A購01  ,0,0,0,0,0,0,0,0,0,11000,0,0,0,17000,6000,11000,11000
058378,南電凱基99購01  ,0,0,0,0,0,0,0,0,0,11000,0,0,0,12000,1000,11000,11000
059660,華新科元大9A購04,0,0,0,0,0,0,0,0,0,11000,0,0,0,11000,0,11000,11000
058956,健策國票9A購02  ,0,0,0,0,0,0,0,0,0,11000,0,0,0,21000,10000,11000,11000
059689,南亞科永豐99購02,0,0,0,0,0,0,0,0,0,11000,0,0,0,30000,19000,11000,11000
059790,立積元大9C購02  ,0,0,0,0,0,0,0,0,0,11000,0,0,0,11000,0,11000,11000
059849,興勤永豐99購01  ,0,0,0,0,0,0,0,0,0,11000,0,0,0,121000,110000,11000,11000
062101,T50反1國票01購01,0,0,0,0,0,0,0,0,0,11000,0,0,0,11000,0,11000,11000
062041,華擎凱基9C購01  ,0,0,0,0,0,0,0,0,0,11000,0,0,0,11000,0,11000,11000
062494,中石化中信9C購01,0,0,0,0,0,0,0,0,0,11000,0,0,0,11000,0,11000,11000
062488,台光電永豐9B購02,0,0,0,0,0,0,0,0,0,11000,0,0,0,11000,0,11000,11000
06249P,億光統一97售02  ,0,0,0,0,0,0,0,0,0,11000,0,0,0,11000,0,11000,11000
062752,世芯中信9B購01  ,0,0,0,0,0,0,0,0,0,11000,0,0,0,22000,11000,11000,11000
063434,和潤元富9B購01  ,0,0,0,0,0,0,0,0,0,11000,0,0,0,158000,147000,11000,11000
063358,華擎國泰01購01  ,0,0,0,0,0,0,0,0,0,11000,0,0,0,41000,30000,11000,11000
063157,鴻海台新9B購02  ,0,0,0,0,0,0,0,0,0,11000,0,0,0,11000,0,11000,11000
063268,GIS中信9B購01   ,0,0,0,0,0,0,0,0,0,11000,0,0,0,282000,271000,11000,11000
06326P,鴻海中信01售01  ,0,0,0,0,0,0,0,0,0,11000,0,0,0,69000,58000,11000,11000
063472,茂林元大9B購04  ,0,0,0,0,0,0,0,0,0,11000,0,0,0,11000,0,11000,11000
063494,金像電富邦9B購01,0,0,0,0,0,0,0,0,0,11000,0,0,0,13000,2000,11000,11000
063599,智邦凱基9B購04  ,0,0,0,0,0,0,0,0,0,11000,0,0,0,12000,1000,11000,11000
063737,大立光元大9C購07,0,0,0,0,0,0,0,0,0,11000,0,0,0,20000,9000,11000,11000
064208,智邦凱基02購01  ,0,0,0,0,0,0,0,0,0,11000,0,0,0,150000,139000,11000,11000
064309,聯發科群益9C購07,0,0,0,0,0,0,0,0,0,11000,0,0,0,11000,0,11000,11000
063829,晶技國票01購01  ,0,0,0,0,0,0,0,0,0,11000,0,0,0,89000,78000,11000,11000
08240P,華通中信06售03  ,0,0,0,0,0,0,0,0,0,10000,0,0,0,10000,0,10000,10000
08251P,臺股指群益9C售09,0,0,0,0,0,0,0,0,0,10000,0,0,0,15000,5000,10000,10000
08257P,台積電元大9C售04,0,0,0,0,0,0,0,0,0,10000,0,0,0,10000,0,10000,10000
08149P,祥碩群益9B售07  ,0,0,0,0,0,0,0,0,0,10000,0,0,0,10000,0,10000,10000
08101P,超眾群益9B售02  ,0,0,0,0,0,0,0,0,0,10000,0,0,0,10000,0,10000,10000
08289P,智邦統一9C售01  ,0,0,0,0,0,0,0,0,0,10000,0,0,0,77000,67000,10000,10000
08370P,台積電凱基01售06,0,0,0,0,0,0,0,0,0,10000,0,0,0,10000,0,10000,10000
08400P,美律元富9C售02  ,0,0,0,0,0,0,0,0,0,10000,0,0,0,18000,8000,10000,10000
2882A,國泰特          ,3000,5000,-2000,0,0,0,0,0,0,12000,44000,32000,12000,0,0,0,10000
07045P,上銀國票9A售01  ,0,0,0,0,0,0,0,0,0,10000,0,0,0,10000,0,10000,10000
07111P,台積電群益99售08,0,0,0,0,0,0,0,0,0,10000,0,0,0,10000,0,10000,10000
07160P,台灣50中信03售04,0,0,0,0,0,0,0,0,0,10000,0,0,0,10000,0,10000,10000
07333P,台灣50國票9B售03,0,0,0,0,0,0,0,0,0,10000,0,0,0,10000,0,10000,10000
07311P,台灣50元大99售09,0,0,0,0,0,0,0,0,0,10000,0,0,0,10000,0,10000,10000
07395P,台積電群益99售13,0,0,0,0,0,0,0,0,0,10000,0,0,0,10000,0,10000,10000
07558P,玉晶光元大9A售10,0,0,0,0,0,0,0,0,0,10000,0,0,0,15000,5000,10000,10000
07545P,玉晶光凱基9A售07,0,0,0,0,0,0,0,0,0,10000,0,0,0,90000,80000,10000,10000
07484P,台灣50凱基04售02,0,0,0,0,0,0,0,0,0,10000,0,0,0,10000,0,10000,10000
07856P,力成凱基9A售02  ,0,0,0,0,0,0,0,0,0,10000,0,0,0,10000,0,10000,10000
07854P,台積電凱基9A售28,0,0,0,0,0,0,0,0,0,10000,0,0,0,10000,0,10000,10000
07983P,茂林群益9B售03  ,0,0,0,0,0,0,0,0,0,10000,0,0,0,10000,0,10000,10000
07977P,華新科群益01售01,0,0,0,0,0,0,0,0,0,10000,0,0,0,50000,40000,10000,10000
07802P,瑞昱永豐9A售03  ,0,0,0,0,0,0,0,0,0,10000,0,0,0,10000,0,10000,10000
07749P,台郡凱基9A售01  ,0,0,0,0,0,0,0,0,0,10000,0,0,0,10000,0,10000,10000
064604,聯茂元富9C購01  ,0,0,0,0,0,0,0,0,0,10000,0,0,0,10000,0,10000,10000
064609,滬深2X元大9C購12,0,0,0,0,0,0,0,0,0,10000,0,0,0,10000,0,10000,10000
064612,聯電元大01購01  ,0,0,0,0,0,0,0,0,0,10000,0,0,0,32000,22000,10000,10000
06632P,創意群益98售03  ,0,0,0,0,0,0,0,0,0,10000,0,0,0,10000,0,10000,10000
06715P,台積電元大99售04,0,0,0,0,0,0,0,0,0,10000,0,0,0,10000,0,10000,10000
06579P,臺股指麥證98售03,0,0,0,0,50000,-50000,0,0,0,10000,0,0,0,60000,50000,10000,10000
06528P,台積電富邦99售03,0,0,0,0,0,0,0,0,0,10000,0,0,0,10000,0,10000,10000
06780P,義隆元大98售02  ,0,0,0,0,0,0,0,0,0,10000,0,0,0,130000,120000,10000,10000
06841P,臺股指統一9A售02,0,0,0,0,0,0,0,0,0,10000,0,0,0,10000,0,10000,10000
06936P,瑞儀元大98售01  ,0,0,0,0,0,0,0,0,0,10000,0,0,0,10000,0,10000,10000
06900P,FBVIX國票12售01 ,0,0,0,0,0,0,0,0,0,10000,0,0,0,20000,10000,10000,10000
052239,泰鼎國票97購01  ,0,0,0,0,0,0,0,0,0,10000,0,0,0,10000,0,10000,10000
052260,為升富邦97購02  ,0,0,0,0,0,0,0,0,0,10000,0,0,0,10000,0,10000,10000
052489,義隆國票96購02  ,0,0,0,0,0,0,0,0,0,10000,0,0,0,10000,0,10000,10000
052527,泰鼎元大96購02  ,0,0,0,0,0,0,0,0,0,10000,0,0,0,10000,0,10000,10000
052536,聯茂國泰97購01  ,0,0,0,0,0,0,0,0,0,10000,0,0,0,20000,10000,10000,10000
052776,力山國票97購01  ,0,0,0,0,0,0,0,0,0,10000,0,0,0,10000,0,10000,10000
050992,台積電元大97購01,0,0,0,0,0,0,0,0,0,10000,0,0,0,10000,0,10000,10000
050854,世紀鋼國票97購01,0,0,0,0,0,0,0,0,0,10000,0,0,0,10000,0,10000,10000
051462,世芯國泰97購01  ,0,0,0,0,0,0,0,0,0,10000,0,0,0,10000,0,10000,10000
051268,創意富邦97購01  ,0,0,0,0,0,0,0,0,0,10000,0,0,0,10000,0,10000,10000
03016X,元展16          ,0,0,0,0,0,0,0,0,0,10000,0,0,0,10000,0,10000,10000
055209,勤誠康和97購01  ,0,0,0,0,0,0,0,0,0,10000,0,0,0,10000,0,10000,10000
055049,智邦永豐97購01  ,0,0,0,0,0,0,0,0,0,10000,0,0,0,10000,0,10000,10000
055075,南電永豐97購01  ,0,0,0,0,0,0,0,0,0,10000,0,0,0,10000,0,10000,10000
055085,大毅國票97購01  ,0,0,0,0,0,0,0,0,0,10000,0,0,0,10000,0,10000,10000
055188,亞翔統一97購01  ,0,0,0,0,0,0,0,0,0,10000,0,0,0,10000,0,10000,10000
055060,聯陽永豐97購01  ,0,0,0,0,0,0,0,0,0,10000,0,0,0,10000,0,10000,10000
055021,亞德客國泰98購01,0,0,0,0,0,0,0,0,0,10000,0,0,0,10000,0,10000,10000
054980,國巨元富97購01  ,0,0,0,0,0,0,0,0,0,10000,0,0,0,10000,0,10000,10000
054930,群電凱基98購01  ,0,0,0,0,0,0,0,0,0,10000,0,0,0,10000,0,10000,10000
046864,和大統一97購01  ,0,0,0,0,0,0,0,0,0,10000,0,0,0,10000,0,10000,10000
03650C,T50反1元大98牛05,0,0,0,0,0,0,0,0,0,10000,0,0,0,10000,0,10000,10000
050714,深中小群益98購01,0,0,0,0,0,0,0,0,0,10000,0,0,0,10000,0,10000,10000
050493,聯發科永昌96購01,0,0,0,0,0,0,0,0,0,10000,0,0,0,20000,10000,10000,10000
054841,亞德客兆豐97購01,0,0,0,0,0,0,0,0,0,10000,0,0,0,10000,0,10000,10000
054895,南電統一97購01  ,0,0,0,0,0,0,0,0,0,10000,0,0,0,20000,10000,10000,10000
054905,國揚康和97購01  ,0,0,0,0,0,0,0,0,0,10000,0,0,0,10000,0,10000,10000
054912,群光凱基97購01  ,0,0,0,0,0,0,0,0,0,10000,0,0,0,10000,0,10000,10000
048273,南電富邦97購01  ,0,0,0,0,0,0,0,0,0,10000,0,0,0,20000,10000,10000,10000
055367,台積電元大97購23,0,0,0,0,0,0,0,0,0,10000,0,0,0,10000,0,10000,10000
055374,明泰元大97購01  ,0,0,0,0,0,0,0,0,0,10000,0,0,0,10000,0,10000,10000
055282,聯發科元大97購15,0,0,0,0,0,0,0,0,0,10000,0,0,0,16000,6000,10000,10000
054034,景碩中信96購01  ,0,0,0,0,0,0,0,0,0,10000,0,0,0,10000,0,10000,10000
054036,T50反1元大96購08,0,0,0,0,0,0,0,0,0,10000,0,0,0,10000,0,10000,10000
054074,健策富邦98購01  ,0,0,0,0,0,0,0,0,0,10000,0,0,0,10000,0,10000,10000
055385,昇陽半元大98購01,0,0,0,0,0,0,0,0,0,10000,0,0,0,10000,0,10000,10000
053628,微星兆豐96購01  ,0,0,0,0,0,0,0,0,0,10000,0,0,0,10000,0,10000,10000
053637,強茂永豐96購01  ,0,0,0,0,0,0,0,0,0,10000,0,0,0,10000,0,10000,10000
053502,智伸科兆豐97購01,0,0,0,0,0,0,0,0,0,10000,0,0,0,10000,0,10000,10000
054158,國巨日盛99購01  ,0,0,0,0,0,0,0,0,0,10000,0,0,0,10000,0,10000,10000
054266,緯穎元大96購07  ,0,0,0,0,0,0,0,0,0,10000,0,0,0,10000,0,10000,10000
054327,亞光台新96購02  ,0,0,0,0,0,0,0,0,0,10000,0,0,0,10000,0,10000,10000
054299,南電元大96購03  ,0,0,0,0,0,0,0,0,0,10000,0,0,0,10000,0,10000,10000
054406,旺宏國票98購01  ,0,0,0,0,0,0,0,0,0,10000,0,0,0,30000,20000,10000,10000
054551,聯發科凱基98購02,0,0,0,0,0,0,0,0,0,10000,0,0,0,10000,0,10000,10000
054447,國泰金兆豐96購01,0,0,0,0,0,0,0,0,0,10000,0,0,0,10000,0,10000,10000
054469,同欣電凱基97購01,0,0,0,0,0,0,0,0,0,10000,0,0,0,10000,0,10000,10000
054684,裕隆永豐97購01  ,0,0,0,0,0,0,0,0,0,10000,0,0,0,10000,0,10000,10000
054712,上証2X中信98購02,0,0,0,0,0,0,0,0,0,10000,0,0,0,10000,0,10000,10000
053733,華邦電中信98購01,0,0,0,0,0,0,0,0,0,10000,0,0,0,10000,0,10000,10000
053800,華通凱基97購03  ,0,0,0,0,0,0,0,0,0,10000,0,0,0,10000,0,10000,10000
053891,欣興群益98購01  ,0,0,0,0,0,0,0,0,0,10000,0,0,0,10000,0,10000,10000
054738,聯發科凱基97購01,0,0,0,0,0,0,0,0,0,10000,0,0,0,10000,0,10000,10000
053946,全新富邦97購02  ,0,0,0,0,0,0,0,0,0,10000,0,0,0,10000,0,10000,10000
053914,國巨國票96購08  ,0,0,0,0,0,0,0,0,0,10000,0,0,0,10000,0,10000,10000
056381,台虹元富98購01  ,0,0,0,0,0,0,0,0,0,10000,0,0,0,10000,0,10000,10000
056390,台積電富邦9B購01,0,0,0,0,0,0,0,0,0,10000,0,0,0,10000,0,10000,10000
056445,聯發科凱基98購07,0,0,0,0,0,0,0,0,0,10000,0,0,0,10000,0,10000,10000
056449,義隆凱基98購03  ,0,0,0,0,0,0,0,0,0,10000,0,0,0,10000,0,10000,10000
056429,華通凱基98購02  ,0,0,0,0,0,0,0,0,0,10000,0,0,0,10000,0,10000,10000
056426,上証2X凱基9A購01,0,0,0,0,0,0,0,0,0,10000,0,0,0,10000,0,10000,10000
057571,泰碩永豐98購01  ,0,0,0,0,0,0,0,0,0,10000,0,0,0,10000,0,10000,10000
057501,超眾群益98購04  ,0,0,0,0,0,0,0,0,0,10000,0,0,0,10000,0,10000,10000
057509,聯發科統一9A購03,0,0,0,0,0,0,0,0,0,10000,0,0,0,22000,12000,10000,10000
056473,奇力新元大99購02,0,0,0,0,0,0,0,0,0,10000,0,0,0,10000,0,10000,10000
056519,創意國票99購01  ,0,0,0,0,0,0,0,0,0,10000,0,0,0,15000,5000,10000,10000
057480,技嘉元大98購03  ,0,0,0,0,0,0,0,0,0,10000,0,0,0,12000,2000,10000,10000
057488,聯發科元大99購02,0,0,0,0,0,0,0,0,0,10000,0,0,0,10000,0,10000,10000
056526,力山凱基98購01  ,0,0,0,0,0,0,0,0,0,10000,0,0,0,60000,50000,10000,10000
059459,訊芯永豐99購04  ,0,0,0,0,0,0,0,0,0,10000,0,0,0,10000,0,10000,10000
058452,義隆永豐99購02  ,0,0,0,0,0,0,0,0,0,10000,0,0,0,10000,0,10000,10000
056969,智易永豐98購01  ,0,0,0,0,0,0,0,0,0,10000,0,0,0,20000,10000,10000,10000
060108,泰鼎元大99購04  ,0,0,0,0,0,0,0,0,0,10000,0,0,0,20000,10000,10000,10000
060070,國巨元富99購02  ,0,0,0,0,0,0,0,0,0,10000,0,0,0,10000,0,10000,10000
059987,大立光元大99購28,0,0,0,0,0,0,0,0,0,10000,0,0,0,10000,0,10000,10000
059974,臺指反元大9C購05,0,0,0,0,0,0,0,0,0,10000,0,0,0,10000,0,10000,10000
059917,華新科元大99購19,0,0,0,0,0,0,0,0,0,10000,0,0,0,60000,50000,10000,10000
059936,台積電永豐99購06,0,0,0,0,0,0,0,0,0,10000,0,0,0,10000,0,10000,10000
056910,超眾元大99購02  ,0,0,0,0,0,0,0,0,0,10000,0,0,0,70000,60000,10000,10000
056904,大立光元大99購05,0,0,0,0,0,0,0,0,0,10000,0,0,0,10000,0,10000,10000
055882,嘉聯益元富97購01,0,0,0,0,0,0,0,0,0,10000,0,0,0,10000,0,10000,10000
055815,亞光國票99購01  ,0,0,0,0,0,0,0,0,0,10000,0,0,0,10000,0,10000,10000
056261,台積電統一97購07,0,0,0,0,0,0,0,0,0,10000,0,0,0,30000,20000,10000,10000
056254,為升元富97購01  ,0,0,0,0,0,0,0,0,0,10000,0,0,0,10000,0,10000,10000
056291,聯茂永豐97購03  ,0,0,0,0,0,0,0,0,0,10000,0,0,0,30000,20000,10000,10000
056318,鴻海群益98購02  ,0,0,0,0,0,0,0,0,0,10000,0,0,0,10000,0,10000,10000
056037,美律凱基98購03  ,0,0,0,0,0,0,0,0,0,10000,0,0,0,10000,0,10000,10000
056144,GIS元大98購01   ,0,0,0,0,0,0,0,0,0,10000,0,0,0,26000,16000,10000,10000
056232,瑞儀凱基98購01  ,0,0,0,0,0,0,0,0,0,10000,0,0,0,10000,0,10000,10000
057417,國巨凱基9A購03  ,0,0,0,0,0,0,0,0,0,10000,0,0,0,10000,0,10000,10000
057434,國巨國票99購03  ,0,0,0,0,0,0,0,0,0,10000,0,0,0,10000,0,10000,10000
057619,玉晶光凱基98購02,0,0,0,0,0,0,0,0,0,10000,0,0,0,11000,1000,10000,10000
057307,瀚宇博兆豐99購01,0,0,0,0,0,0,0,0,0,10000,0,0,0,30000,20000,10000,10000
05710P,禾伸堂國票97售02,0,0,0,0,0,0,0,0,0,10000,0,0,0,10000,0,10000,10000
057224,和碩日盛9A購01  ,0,0,0,0,0,0,0,0,0,10000,0,0,0,12000,2000,10000,10000
057177,奇力新元大99購04,0,0,0,0,0,0,0,0,0,10000,0,0,0,10000,0,10000,10000
057191,祥碩元大98購05  ,0,0,0,0,0,0,0,0,0,10000,0,0,0,14000,4000,10000,10000
057103,禾伸堂中信9A購01,0,0,0,0,0,0,0,0,0,10000,0,0,0,10000,0,10000,10000
057090,奇力新元富98購02,0,0,0,0,0,0,0,0,0,10000,0,0,0,10000,0,10000,10000
056719,台虹永豐98購01  ,0,0,0,0,0,0,0,0,0,10000,0,0,0,10000,0,10000,10000
055577,晶技統一97購02  ,0,0,0,0,0,0,0,0,0,10000,0,0,0,10000,0,10000,10000
056860,正崴群益98購01  ,0,0,0,0,0,0,0,0,0,10000,0,0,0,10000,0,10000,10000
057669,嘉晶元大99購03  ,0,0,0,0,0,0,0,0,0,10000,0,0,0,10000,0,10000,10000
056663,臺股指元大9A購10,0,0,0,0,0,0,0,0,0,10000,0,0,0,10000,0,10000,10000
055554,聯發科凱基97購06,0,0,0,0,0,0,0,0,0,10000,0,0,0,10000,0,10000,10000
059855,緯穎永豐99購04  ,0,0,0,0,0,0,0,0,0,10000,0,0,0,10000,0,10000,10000
059863,和大凱基99購01  ,0,0,0,0,0,0,0,0,0,10000,0,0,0,10000,0,10000,10000
057831,聯發科元富02購04,0,0,0,0,0,0,0,0,0,10000,0,0,0,10000,0,10000,10000
057757,鴻海凱基98購13  ,0,0,0,0,0,0,0,0,0,10000,0,0,0,11000,1000,10000,10000
059214,國巨元大99購20  ,0,0,0,0,0,0,0,0,0,10000,0,0,0,23000,13000,10000,10000
059209,華通元大99購08  ,0,0,0,0,0,0,0,0,0,10000,0,0,0,10000,0,10000,10000
059114,華新科永豐99購05,0,0,0,0,0,0,0,0,0,10000,0,0,0,20000,10000,10000,10000
059349,台郡凱基99購04  ,0,0,0,0,0,0,0,0,0,10000,0,0,0,10000,0,10000,10000
059324,智易元大99購04  ,0,0,0,0,0,0,0,0,0,10000,0,0,0,10000,0,10000,10000
059334,A50正2國票9A購02,0,0,0,0,0,0,0,0,0,10000,0,0,0,25000,15000,10000,10000
059314,上銀元大99購03  ,0,0,0,0,0,0,0,0,0,10000,0,0,0,10000,0,10000,10000
059315,鴻海元大99購30  ,0,0,0,0,0,0,0,0,0,10000,0,0,0,10000,0,10000,10000
059692,聯詠永豐99購01  ,0,0,0,0,0,0,0,0,0,10000,0,0,0,46000,36000,10000,10000
059723,美律元大9A購02  ,0,0,0,0,0,0,0,0,0,10000,0,0,0,43000,33000,10000,10000
058968,T50正2永豐99購01,0,0,0,0,0,0,0,0,0,10000,0,0,0,10000,0,10000,10000
058986,華新科凱基9A購03,0,0,0,0,0,0,0,0,0,10000,0,0,0,10000,0,10000,10000
059069,臺指反元大9C購01,0,0,0,0,0,0,0,0,0,10000,0,0,0,20000,10000,10000,10000
059082,華通元大99購06  ,0,0,0,0,0,0,0,0,0,10000,0,0,0,10000,0,10000,10000
059025,台灣50台新9B購02,0,0,0,0,0,0,0,0,0,10000,0,0,0,10000,0,10000,10000
059041,南茂群益99購02  ,0,0,0,0,0,0,0,0,0,10000,0,0,0,20000,10000,10000,10000
058740,T50反1日盛9B購02,0,0,0,0,0,0,0,0,0,10000,0,0,0,10000,0,10000,10000
060372,A50正2元富9A購04,0,0,0,0,0,0,0,0,0,10000,0,0,0,10000,0,10000,10000
058438,大立光統一9B購01,0,0,0,0,0,0,0,0,0,10000,0,0,0,10000,0,10000,10000
058374,玉晶光凱基9A購03,0,0,0,0,0,0,0,0,0,10000,0,0,0,14000,4000,10000,10000
058413,義隆兆豐99購01  ,0,0,0,0,0,0,0,0,0,10000,0,0,0,10000,0,10000,10000
058377,茂林凱基9A購03  ,0,0,0,0,0,0,0,0,0,10000,0,0,0,10000,0,10000,10000
061458,臻鼎凱基9A購02  ,0,0,0,0,0,0,0,0,0,10000,0,0,0,30000,20000,10000,10000
06151P,華新科元大97售07,0,0,0,0,0,0,0,0,0,10000,0,0,0,10000,0,10000,10000
061571,奇力新元大9A購03,0,0,0,0,0,0,0,0,0,10000,0,0,0,13000,3000,10000,10000
06157P,聯鈞統一97售02  ,0,0,0,0,0,0,0,0,0,10000,0,0,0,10000,0,10000,10000
061665,旺宏中信9C購01  ,0,0,0,0,0,0,0,0,0,10000,0,0,0,10000,0,10000,10000
061733,聯發科中信01購01,0,0,0,0,0,0,0,0,0,10000,0,0,0,10000,0,10000,10000
061705,健策國票9A購06  ,0,0,0,0,0,0,0,0,0,10000,0,0,0,13000,3000,10000,10000
061365,國巨國票9B購05  ,0,0,0,0,0,0,0,0,0,10000,0,0,0,11000,1000,10000,10000
061371,嘉澤國泰9C購01  ,0,0,0,0,0,0,0,0,0,10000,0,0,0,10000,0,10000,10000
057919,技嘉凱基98購03  ,0,0,0,0,0,0,0,0,0,10000,0,0,0,67000,57000,10000,10000
058819,華通國泰9B購01  ,0,0,0,0,0,0,0,0,0,10000,0,0,0,20000,10000,10000,10000
057943,可成國票99購03  ,0,0,0,0,0,0,0,0,0,10000,0,0,0,14000,4000,10000,10000
060583,南亞科元富9A購05,0,0,0,0,0,0,0,0,0,10000,0,0,0,10000,0,10000,10000
060473,中租元大9A購03  ,0,0,0,0,0,0,0,0,0,10000,0,0,0,10000,0,10000,10000
060772,FBVIX凱基9A購03 ,0,0,0,0,0,0,0,0,0,10000,0,0,0,10000,0,10000,10000
060458,華通元大9A購02  ,0,0,0,0,0,0,0,0,0,10000,0,0,0,10000,0,10000,10000
060460,鴻海元大9A購08  ,0,0,0,0,0,0,0,0,0,10000,0,0,0,10000,0,10000,10000
060462,鴻海元大9A購10  ,0,0,0,0,0,0,0,0,0,10000,0,0,0,10000,0,10000,10000
059597,大立光元大99購21,0,0,0,0,0,0,0,0,0,10000,0,0,0,10000,0,10000,10000
060755,鴻海元大9A購15  ,0,0,0,0,0,0,0,0,0,10000,0,0,0,10000,0,10000,10000
060178,T50反1元富04購05,0,0,0,0,0,0,0,0,0,10000,0,0,0,10000,0,10000,10000
060188,華新科元富9A購03,0,0,0,0,0,0,0,0,0,10000,0,0,0,10000,0,10000,10000
060219,聯發科凱基9A購09,0,0,0,0,0,0,0,0,0,10000,0,0,0,10000,0,10000,10000
060116,世紀鋼元大99購07,0,0,0,0,0,0,0,0,0,10000,0,0,0,10000,0,10000,10000
060158,廣達永豐9A購01  ,0,0,0,0,0,0,0,0,0,10000,0,0,0,15000,5000,10000,10000
060166,佐登永豐9A購01  ,0,0,0,0,0,0,0,0,0,10000,0,0,0,10000,0,10000,10000
061152,微星群益9A購01  ,0,0,0,0,0,0,0,0,0,10000,0,0,0,43000,33000,10000,10000
061148,道瓊反群益9A購02,0,0,0,0,0,0,0,0,0,10000,0,0,0,10000,0,10000,10000
061185,嘉晶國泰9B購01  ,0,0,0,0,0,0,0,0,0,10000,0,0,0,10000,0,10000,10000
061235,台積電元大9A購23,0,0,0,0,0,0,0,0,0,10000,0,0,0,40000,30000,10000,10000
060291,高鐵元大9A購01  ,0,0,0,0,0,0,0,0,0,10000,0,0,0,10000,0,10000,10000
058533,玉晶光元富99購01,0,0,0,0,0,0,0,0,0,10000,0,0,0,10000,0,10000,10000
060914,健策元大9A購03  ,0,0,0,0,0,0,0,0,0,10000,0,0,0,10000,0,10000,10000
060898,世芯凱基9A購03  ,0,0,0,0,0,0,0,0,0,10000,0,0,0,14000,4000,10000,10000
060999,國巨兆豐9A購01  ,0,0,0,0,0,0,0,0,0,10000,0,0,0,10000,0,10000,10000
061015,旺宏麥證9A購03  ,0,0,0,10000,0,10000,0,0,0,10000,0,0,0,10000,0,10000,10000
060655,國巨統一9B購06  ,0,0,0,0,0,0,0,0,0,10000,0,0,0,10000,0,10000,10000
058233,聯發科元大99購06,0,0,0,0,0,0,0,0,0,10000,0,0,0,10000,0,10000,10000
058274,世紀鋼永豐99購01,0,0,0,0,0,0,0,0,0,10000,0,0,0,50000,40000,10000,10000
058248,聯茂元大99購05  ,0,0,0,0,0,0,0,0,0,10000,0,0,0,19000,9000,10000,10000
058612,健策元大99購02  ,0,0,0,0,0,0,0,0,0,10000,0,0,0,13000,3000,10000,10000
061106,群創元大9B購09  ,0,0,0,0,0,0,0,0,0,10000,0,0,0,25000,15000,10000,10000
064066,達新永豐9C購01  ,0,0,0,0,0,0,0,0,0,10000,0,0,0,10000,0,10000,10000
063949,大立光元大9C購10,0,0,0,0,0,0,0,0,0,10000,0,0,0,10000,0,10000,10000
063931,牧德統一01購02  ,0,0,0,0,0,0,0,0,0,10000,0,0,0,10000,0,10000,10000
063981,貿聯兆豐9C購01  ,0,0,0,0,0,0,0,0,0,10000,0,0,0,10000,0,10000,10000
064319,南電群益9C購01  ,0,0,0,0,0,0,0,0,0,10000,0,0,0,37000,27000,10000,10000
064269,台灣50元大9C購38,0,0,0,0,0,0,0,0,0,10000,0,0,0,10000,0,10000,10000
063726,鴻海元大9B購04  ,0,0,0,0,0,0,0,0,0,10000,0,0,0,10000,0,10000,10000
063605,健策凱基9C購02  ,0,0,0,0,0,0,0,0,0,10000,0,0,0,53000,43000,10000,10000
063601,金像電凱基01購01,0,0,0,0,0,0,0,0,0,10000,0,0,0,10000,0,10000,10000
063498,金像電永豐9B購02,0,0,0,0,0,0,0,0,0,10000,0,0,0,10000,0,10000,10000
06349P,臺股指台新99售01,0,0,0,0,0,0,0,0,0,10000,0,0,0,10000,0,10000,10000
063234,國巨元大9C購03  ,0,0,0,0,0,0,0,0,0,10000,0,0,0,10000,0,10000,10000
063177,友達兆豐9B購01  ,0,0,0,0,0,0,0,0,0,10000,0,0,0,10000,0,10000,10000
063203,華新科統一9C購04,0,0,0,0,0,0,0,0,0,10000,0,0,0,30000,20000,10000,10000
063360,茂林國泰9C購02  ,0,0,0,0,0,0,0,0,0,10000,0,0,0,10000,0,10000,10000
063417,金像電凱基9B購03,0,0,0,0,0,0,0,0,0,10000,0,0,0,60000,50000,10000,10000
06338P,亞德客統一97售02,0,0,0,0,0,0,0,0,0,10000,0,0,0,80000,70000,10000,10000
062547,玉晶光永豐9B購05,0,0,0,0,0,0,0,0,0,10000,0,0,0,10000,0,10000,10000
062561,瀚宇博凱基9B購01,0,0,0,0,0,0,0,0,0,10000,0,0,0,10000,0,10000,10000
063141,聯發科統一9C購10,0,0,0,0,0,0,0,0,0,10000,0,0,0,175000,165000,10000,10000
063058,A50正2元富02購01,0,0,0,0,0,0,0,0,0,10000,0,0,0,10000,0,10000,10000
063001,巨大國票9B購01  ,0,0,0,0,0,0,0,0,0,10000,0,0,0,23000,13000,10000,10000
063043,台灣50兆豐9B購02,0,0,0,0,0,0,0,0,0,10000,0,0,0,10000,0,10000,10000
062812,國巨兆豐9B購03  ,0,0,0,0,0,0,0,0,0,10000,0,0,0,10000,0,10000,10000
061960,國巨統一01購05  ,0,0,0,0,0,0,0,0,0,10000,0,0,0,40000,30000,10000,10000
061966,旺宏統一01購03  ,0,0,0,0,0,0,0,0,0,10000,0,0,0,10000,0,10000,10000
061940,世紀鋼國票9C購01,0,0,0,0,0,0,0,0,0,10000,0,0,0,10000,0,10000,10000
061784,聯發科群益9B購02,0,0,0,0,0,0,0,0,0,10000,0,0,0,10000,0,10000,10000
061791,康友群益9B購01  ,0,0,0,0,0,0,0,0,0,10000,0,0,0,10000,0,10000,10000
061878,茂林元大9B購01  ,0,0,0,0,0,0,0,0,0,10000,0,0,0,10000,0,10000,10000
062147,大毅國票9B購02  ,0,0,0,0,0,0,0,0,0,10000,0,0,0,33000,23000,10000,10000
062261,嘉晶元大9B購02  ,0,0,0,0,0,0,0,0,0,10000,0,0,0,10000,0,10000,10000
062412,道瓊指中信9C購05,0,0,0,0,0,0,0,0,0,10000,0,0,0,10000,0,10000,10000
062435,國巨元大9B購13  ,0,0,0,0,0,0,0,0,0,10000,0,0,0,10000,0,10000,10000
062374,茂林元大9B購03  ,0,0,0,0,0,0,0,0,0,10000,0,0,0,10000,0,10000,10000
06236P,台積電元大97售25,0,0,0,0,0,0,0,0,0,10000,0,0,0,59000,49000,10000,10000
062391,台達電富邦9C購01,0,0,0,0,0,0,0,0,0,10000,0,0,0,182000,172000,10000,10000
062315,健策凱基9C購01  ,0,0,0,0,0,0,0,0,0,10000,0,0,0,23000,13000,10000,10000
062282,禾伸堂群益9B購01,0,0,0,0,0,0,0,0,0,10000,0,0,0,10000,0,10000,10000
062283,玉晶光群益01購01,0,0,0,0,0,0,0,0,0,10000,0,0,0,15000,5000,10000,10000
06789P,鴻海凱基98售12  ,0,0,0,0,0,0,0,0,0,9000,0,0,0,74000,65000,9000,9000
064584,英業達永豐9C購01,0,0,0,0,0,0,0,0,0,9000,0,0,0,9000,0,9000,9000
07643P,禾伸堂凱基9A售02,0,0,0,0,0,0,0,0,0,9000,0,0,0,10000,1000,9000,9000
07471P,南亞科元大9A售01,0,0,0,0,0,0,0,0,0,9000,0,0,0,100000,91000,9000,9000
4912,聯德控股-KY     ,14000,5000,9000,0,0,0,0,0,0,0,0,0,0,0,0,0,9000
2002A,中鋼特          ,0,0,0,0,0,0,0,0,0,9000,9000,0,9000,0,0,0,9000
057168,旺宏元大99購03  ,0,0,0,0,0,0,0,0,0,9000,0,0,0,9000,0,9000,9000
056006,義隆亞東97購01  ,0,0,0,0,0,0,0,0,0,9000,0,0,0,69000,60000,9000,9000
056343,高鐵凱基98購02  ,0,0,0,0,0,0,0,0,0,9000,0,0,0,9000,0,9000,9000
060073,台積電元富99購03,0,0,0,0,0,0,0,0,0,9000,0,0,0,11000,2000,9000,9000
059474,元石油群益99購01,0,0,0,0,0,0,0,0,0,9000,0,0,0,9000,0,9000,9000
057466,泰鼎永豐98購01  ,0,0,0,0,0,0,0,0,0,9000,0,0,0,59000,50000,9000,9000
056511,超眾永豐98購01  ,0,0,0,0,0,0,0,0,0,9000,0,0,0,9000,0,9000,9000
056484,聯茂元大98購02  ,0,0,0,0,0,0,0,0,0,9000,0,0,0,12000,3000,9000,9000
054426,國泰金富邦97購02,0,0,0,0,0,0,0,0,0,9000,0,0,0,9000,0,9000,9000
053443,智邦凱基97購01  ,0,0,0,0,0,0,0,0,0,9000,0,0,0,9000,0,9000,9000
03604P,群創凱基98售05  ,0,0,0,0,0,0,0,0,0,9000,0,0,0,10000,1000,9000,9000
045054,聯發科元富98購02,0,0,0,0,0,0,0,0,0,9000,0,0,0,9000,0,9000,9000
03017X,元展17          ,0,0,0,0,0,0,0,0,0,9000,0,0,0,9000,0,9000,9000
052919,鈺齊富邦98購01  ,0,0,0,0,0,0,0,0,0,9000,0,0,0,10000,1000,9000,9000
058630,日月光國票9A購01,0,0,0,0,0,0,0,0,0,9000,0,0,0,31000,22000,9000,9000
058134,信邦元大99購01  ,0,0,0,0,0,0,0,0,0,9000,0,0,0,9000,0,9000,9000
060445,S&P反1元大9A購04,0,0,0,0,0,0,0,0,0,9000,0,0,0,9000,0,9000,9000
060404,台勝科國泰9B購01,0,0,0,0,0,0,0,0,0,9000,0,0,0,88000,79000,9000,9000
061023,茂林國泰9B購02  ,0,0,0,0,0,0,0,0,0,9000,0,0,0,9000,0,9000,9000
061172,大立光麥證9A購02,0,0,0,9000,0,9000,0,0,0,9000,0,0,0,9000,0,9000,9000
058573,鴻海群益9A購02  ,0,0,0,0,0,0,0,0,0,9000,0,0,0,9000,0,9000,9000
060572,景碩永豐9A購01  ,0,0,0,0,0,0,0,0,0,9000,0,0,0,11000,2000,9000,9000
058923,華新科元富99購06,0,0,0,0,0,0,0,0,0,9000,0,0,0,9000,0,9000,9000
061646,力成元大9A購02  ,0,0,0,0,0,0,0,0,0,9000,0,0,0,9000,0,9000,9000
061425,華新科元大9A購19,0,0,0,0,0,0,0,0,0,9000,0,0,0,9000,0,9000,9000
061405,亞德客國票9B購01,0,0,0,0,0,0,0,0,0,9000,0,0,0,9000,0,9000,9000
059163,台積電凱基99購10,0,0,0,0,0,0,0,0,0,9000,0,0,0,55000,46000,9000,9000
062262,茂林元大9B購02  ,0,0,0,0,0,0,0,0,0,9000,0,0,0,9000,0,9000,9000
062106,華邦電國票9B購02,0,0,0,0,0,0,0,0,0,9000,0,0,0,47000,38000,9000,9000
061856,台郡國票9B購02  ,0,0,0,0,0,0,0,0,0,9000,0,0,0,9000,0,9000,9000
061994,瑞儀元大9B購01  ,0,0,0,0,0,0,0,0,0,9000,0,0,0,62000,53000,9000,9000
062089,矽創元大9B購02  ,0,0,0,0,0,0,0,0,0,9000,0,0,0,22000,13000,9000,9000
063046,聯發科兆豐9C購01,0,0,0,0,0,0,0,0,0,9000,0,0,0,9000,0,9000,9000
063074,創意永豐9B購02  ,0,0,0,0,0,0,0,0,0,9000,0,0,0,36000,27000,9000,9000
063135,國巨統一9B購16  ,0,0,0,0,0,0,0,0,0,9000,0,0,0,45000,36000,9000,9000
062451,瀚宇博元大9B購02,0,0,0,0,0,0,0,0,0,9000,0,0,0,50000,41000,9000,9000
062739,嘉晶國票9B購02  ,0,0,0,0,0,0,0,0,0,9000,0,0,0,9000,0,9000,9000
062643,緯穎國票9B購01  ,0,0,0,0,0,0,0,0,0,9000,0,0,0,17000,8000,9000,9000
063624,GIS兆豐9B購01   ,0,0,0,0,0,0,0,0,0,9000,0,0,0,20000,11000,9000,9000
063730,台積電元大9B購09,0,0,0,0,0,0,0,0,0,9000,0,0,0,9000,0,9000,9000
064247,廣達元富9C購01  ,0,0,0,0,0,0,0,0,0,9000,0,0,0,9000,0,9000,9000
064185,裕隆永豐9C購01  ,0,0,0,0,0,0,0,0,0,9000,0,0,0,59000,50000,9000,9000
064099,億光群益9C購01  ,0,0,0,0,0,0,0,0,0,9000,0,0,0,24000,15000,9000,9000
064133,力成元大9C購01  ,0,0,0,0,0,0,0,0,0,9000,0,0,0,9000,0,9000,9000
063950,信邦元大9C購01  ,0,0,0,0,0,0,0,0,0,9000,0,0,0,9000,0,9000,9000
063839,華通元大9C購02  ,0,0,0,0,0,0,0,0,0,9000,0,0,0,29000,20000,9000,9000
8201,無敵            ,2000,0,2000,0,0,0,0,0,0,7000,9000,2000,7000,0,0,0,9000
8103,瀚荃            ,11000,3000,8000,0,0,0,0,0,0,0,0,0,0,0,0,0,8000
2936,客思達-KY       ,12000,4000,8000,0,0,0,0,0,0,0,0,0,0,0,0,0,8000
07166P,台灣50兆豐03售01,0,0,0,0,0,0,0,0,0,8000,0,0,0,8000,0,8000,8000
06853P,華擎元富98售03  ,0,0,0,0,0,0,0,0,0,8000,0,0,0,351000,343000,8000,8000
06743P,創意永豐98售03  ,0,0,0,0,0,0,0,0,0,8000,0,0,0,151000,143000,8000,8000
051838,國巨國泰97購01  ,0,0,0,0,0,0,0,0,0,8000,0,0,0,10000,2000,8000,8000
052766,玉晶光群益9A購01,0,0,0,0,0,0,0,0,0,8000,0,0,0,8000,0,8000,8000
00706L,元大S&P日圓正2  ,0,0,0,0,0,0,0,0,0,8000,0,0,0,9000,1000,8000,8000
050402,緯穎中信96購01  ,0,0,0,0,0,0,0,0,0,8000,0,0,0,8000,0,8000,8000
052952,矽創國票97購02  ,0,0,0,0,0,0,0,0,0,8000,0,0,0,8000,0,8000,8000
053190,聯發科統一99購01,0,0,0,0,0,0,0,0,0,8000,0,0,0,10000,2000,8000,8000
054425,聯發科富邦99購03,0,0,0,0,0,0,0,0,0,8000,0,0,0,10000,2000,8000,8000
054237,茂林群益97購01  ,0,0,0,0,0,0,0,0,0,8000,0,0,0,8000,0,8000,8000
056434,國巨凱基98購03  ,0,0,0,0,0,0,0,0,0,8000,0,0,0,42000,34000,8000,8000
058462,台積電兆豐99購01,0,0,0,0,0,0,0,0,0,8000,0,0,0,8000,0,8000,8000
055814,晶豪科國票97購02,0,0,0,0,0,0,0,0,0,8000,0,0,0,168000,160000,8000,8000
056162,祥碩凱基97購03  ,0,0,0,0,0,0,0,0,0,8000,0,0,0,8000,0,8000,8000
057152,緯穎國票99購03  ,0,0,0,0,0,0,0,0,0,8000,0,0,0,8000,0,8000,8000
05569P,漢唐統一97售01  ,0,0,0,0,0,0,0,0,0,8000,0,0,0,8000,0,8000,8000
055605,緯穎元大97購02  ,0,0,0,0,0,0,0,0,0,8000,0,0,0,8000,0,8000,8000
058321,大立光永豐99購01,0,0,0,0,0,0,0,0,0,8000,0,0,0,8000,0,8000,8000
059665,嘉聯益元大99購06,0,0,0,0,0,0,0,0,0,8000,0,0,0,8000,0,8000,8000
059005,嘉晶元大99購06  ,0,0,0,0,0,0,0,0,0,8000,0,0,0,23000,15000,8000,8000
059070,道瓊指元大99購02,0,0,0,0,0,0,0,0,0,8000,0,0,0,8000,0,8000,8000
059107,南茂國泰9A購01  ,0,0,0,0,0,0,0,0,0,8000,0,0,0,29000,21000,8000,8000
061387,鴻海群益9A購05  ,0,0,0,0,0,0,0,0,0,8000,0,0,0,8000,0,8000,8000
061653,上証2X國票9A購02,0,0,0,0,0,0,0,0,0,8000,0,0,0,8000,0,8000,8000
061698,智邦國票9A購04  ,0,0,0,0,0,0,0,0,0,8000,0,0,0,11000,3000,8000,8000
05887P,友達元富99售03  ,0,0,0,0,0,0,0,0,0,8000,0,0,0,52000,44000,8000,8000
060565,大立光富邦01購01,0,0,0,0,0,0,0,0,0,8000,0,0,0,8000,0,8000,8000
060586,玉晶光元富9A購03,0,0,0,0,0,0,0,0,0,8000,0,0,0,8000,0,8000,8000
060453,儒鴻元大9A購02  ,0,0,0,0,0,0,0,0,0,8000,0,0,0,8000,0,8000,8000
061207,美律元大9A購04  ,0,0,0,0,0,0,0,0,0,8000,0,0,0,8000,0,8000,8000
060530,聯發科中信9C購03,0,0,0,0,0,0,0,0,0,8000,0,0,0,9000,1000,8000,8000
060881,玉山金中信02購01,0,0,0,0,0,0,0,0,0,8000,0,0,0,86000,78000,8000,8000
060429,南六永豐9A購01  ,0,0,0,0,0,0,0,0,0,8000,0,0,0,10000,2000,8000,8000
058090,聯發科元大98購16,0,0,0,0,0,0,0,0,0,8000,0,0,0,8000,0,8000,8000
058050,台郡元大99購05  ,0,0,0,0,0,0,0,0,0,8000,0,0,0,18000,10000,8000,8000
063790,南亞科台新9C購01,0,0,0,0,0,0,0,0,0,8000,0,0,0,8000,0,8000,8000
064035,GIS元大9C購03   ,0,0,0,0,0,0,0,0,0,8000,0,0,0,100000,92000,8000,8000
063702,聯發科群益9C購04,0,0,0,0,0,0,0,0,0,8000,0,0,0,8000,0,8000,8000
063512,聯發科麥證9B購02,0,0,0,8000,0,8000,0,0,0,8000,0,0,0,8000,0,8000,8000
063544,華新科台新9B購02,0,0,0,0,0,0,0,0,0,8000,0,0,0,15000,7000,8000,8000
063450,華新科統一02購01,0,0,0,0,0,0,0,0,0,8000,0,0,0,63000,55000,8000,8000
063094,玉晶光國票01購03,0,0,0,0,0,0,0,0,0,8000,0,0,0,10000,2000,8000,8000
06294P,臺股指國票97售08,0,0,0,0,0,0,0,0,0,8000,0,0,0,9000,1000,8000,8000
061963,台積電統一01購04,0,0,0,0,0,0,0,0,0,8000,0,0,0,142000,134000,8000,8000
061927,玉晶光凱基9C購01,0,0,0,0,0,0,0,0,0,8000,0,0,0,10000,2000,8000,8000
06186P,鴻海統一97售02  ,0,0,0,0,0,0,0,0,0,8000,0,0,0,15000,7000,8000,8000
061913,宏碁中信9B購01  ,0,0,0,0,0,0,0,0,0,8000,0,0,0,145000,137000,8000,8000
062098,億光永豐9B購01  ,0,0,0,0,0,0,0,0,0,8000,0,0,0,8000,0,8000,8000
062203,燿華國票9C購01  ,0,0,0,0,0,0,0,0,0,8000,0,0,0,62000,54000,8000,8000
064457,禾伸堂統一01購02,0,0,0,0,0,0,0,0,0,7000,0,0,0,7000,0,7000,7000
07255P,國巨凱基99售15  ,0,0,0,0,0,0,0,0,0,7000,0,0,0,10000,3000,7000,7000
08040P,臺股指群益9B售13,0,0,0,0,0,0,0,0,0,7000,0,0,0,10000,3000,7000,7000
3311,閎暉            ,25000,18000,7000,0,0,0,0,0,0,0,0,0,0,0,0,0,7000
3167,大量            ,17000,8000,9000,0,0,0,0,0,0,-2000,0,2000,-2000,0,0,0,7000
1456,怡華            ,4000,2000,2000,0,0,0,0,0,0,5000,7000,2000,5000,0,0,0,7000
08253P,鴻海元大9C售06  ,0,0,0,0,0,0,0,0,0,7000,0,0,0,7000,0,7000,7000
055598,欣興元大97購03  ,0,0,0,0,0,0,0,0,0,7000,0,0,0,10000,3000,7000,7000
056660,臺股指元大9A購07,0,0,0,0,0,0,0,0,0,7000,0,0,0,7000,0,7000,7000
055409,元黃金富邦01購01,0,0,0,0,0,0,0,0,0,7000,0,0,0,7000,0,7000,7000
056552,台表科凱基99購01,0,0,0,0,0,0,0,0,0,7000,0,0,0,44000,37000,7000,7000
057288,聯茂元大98購03  ,0,0,0,0,0,0,0,0,0,7000,0,0,0,43000,36000,7000,7000
055813,聯發科國票98購04,0,0,0,0,0,0,0,0,0,7000,0,0,0,7000,0,7000,7000
059538,健策凱基99購03  ,0,0,0,0,0,0,0,0,0,7000,0,0,0,7000,0,7000,7000
059940,微星永豐99購01  ,0,0,0,0,0,0,0,0,0,7000,0,0,0,27000,20000,7000,7000
054760,台化國票9A購01  ,0,0,0,0,0,0,0,0,0,7000,0,0,0,7000,0,7000,7000
057596,聯茂兆豐99購01  ,0,0,0,0,0,0,0,0,0,7000,0,0,0,7000,0,7000,7000
054126,和大元大96購02  ,0,0,0,0,0,0,0,0,0,7000,0,0,0,22000,15000,7000,7000
054554,大立光凱基98購02,0,0,0,0,0,0,0,0,0,7000,0,0,0,7000,0,7000,7000
055245,凱美統一99購01  ,0,0,0,0,0,0,0,0,0,7000,0,0,0,10000,3000,7000,7000
053584,友達元大9B購02  ,0,0,0,0,0,0,0,0,0,7000,0,0,0,7000,0,7000,7000
058649,健策永豐99購01  ,0,0,0,0,0,0,0,0,0,7000,0,0,0,9000,2000,7000,7000
058272,超眾永豐9A購01  ,0,0,0,0,0,0,0,0,0,7000,0,0,0,7000,0,7000,7000
06086P,台積電康和97售01,0,0,0,0,0,0,0,0,0,7000,0,0,0,7000,0,7000,7000
060891,世芯統一9A購01  ,0,0,0,0,0,0,0,0,0,7000,0,0,0,7000,0,7000,7000
060125,強茂永豐99購01  ,0,0,0,0,0,0,0,0,0,7000,0,0,0,16000,9000,7000,7000
060524,國巨中信9A購03  ,0,0,0,0,0,0,0,0,0,7000,0,0,0,10000,3000,7000,7000
060812,智邦凱基9A購01  ,0,0,0,0,0,0,0,0,0,7000,0,0,0,17000,10000,7000,7000
057977,台光電永豐98購02,0,0,0,0,0,0,0,0,0,7000,0,0,0,18000,11000,7000,7000
057927,勤誠凱基98購01  ,0,0,0,0,0,0,0,0,0,7000,0,0,0,17000,10000,7000,7000
061582,麗豐元大9A購01  ,0,0,0,0,0,0,0,0,0,7000,0,0,0,37000,30000,7000,7000
061570,瑞昱元大9A購05  ,0,0,0,0,0,0,0,0,0,7000,0,0,0,80000,73000,7000,7000
061381,台灣50群益9B購07,0,0,0,0,0,0,0,0,0,7000,0,0,0,7000,0,7000,7000
061515,泰碩永豐9A購03  ,0,0,0,0,0,0,0,0,0,7000,0,0,0,7000,0,7000,7000
061551,GIS群益9A購01   ,0,0,0,0,0,0,0,0,0,7000,0,0,0,7000,0,7000,7000
060365,京鼎元富9A購01  ,0,0,0,0,0,0,0,0,0,7000,0,0,0,7000,0,7000,7000
058389,聯茂國票9A購01  ,0,0,0,0,0,0,0,0,0,7000,0,0,0,22000,15000,7000,7000
059115,美食永豐99購01  ,0,0,0,0,0,0,0,0,0,7000,0,0,0,27000,20000,7000,7000
059210,鴻海元大99購26  ,0,0,0,0,0,0,0,0,0,7000,0,0,0,7000,0,7000,7000
059169,可成凱基99購04  ,0,0,0,0,0,0,0,0,0,7000,0,0,0,10000,3000,7000,7000
057804,為升元大98購01  ,0,0,0,0,0,0,0,0,0,7000,0,0,0,57000,50000,7000,7000
059787,奇力新元大9A購02,0,0,0,0,0,0,0,0,0,7000,0,0,0,9000,2000,7000,7000
057815,信邦元大98購01  ,0,0,0,0,0,0,0,0,0,7000,0,0,0,7000,0,7000,7000
061783,友達群益9B購01  ,0,0,0,0,0,0,0,0,0,7000,0,0,0,7000,0,7000,7000
061965,台積電統一02購02,0,0,0,0,0,0,0,0,0,7000,0,0,0,7000,0,7000,7000
062088,緯穎元大9B購04  ,0,0,0,0,0,0,0,0,0,7000,0,0,0,90000,83000,7000,7000
063513,聯發科麥證9B購03,0,0,0,9000,2000,7000,0,0,0,7000,0,0,0,9000,2000,7000,7000
064059,新日興麥證01購01,0,0,0,54000,47000,7000,0,0,0,7000,0,0,0,54000,47000,7000,7000
064021,國巨元大9C購15  ,0,0,0,0,0,0,0,0,0,7000,0,0,0,10000,3000,7000,7000
063800,玉晶光凱基9C購02,0,0,0,0,0,0,0,0,0,7000,0,0,0,91000,84000,7000,7000
064155,大立光統一01購05,0,0,0,0,0,0,0,0,0,7000,0,0,0,10000,3000,7000,7000
064188,玉晶光永豐9C購02,0,0,0,0,0,0,0,0,0,7000,0,0,0,7000,0,7000,7000
1707,葡萄王          ,248852,216000,32852,0,0,0,0,0,0,-26000,4000,25000,-21000,8000,13000,-5000,6852
08128P,聯發科元大9B售22,0,0,0,0,0,0,0,0,0,6000,0,0,0,18000,12000,6000,6000
07987P,大立光統一9B售13,0,0,0,0,0,0,0,0,0,6000,0,0,0,7000,1000,6000,6000
07118P,台積電凱基99售09,0,0,0,0,0,0,0,0,0,6000,0,0,0,6000,0,6000,6000
07373P,A50正2元大99售01,0,0,0,0,0,0,0,0,0,6000,0,0,0,6000,0,6000,6000
064460,健策統一9C購03  ,0,0,0,0,0,0,0,0,0,6000,0,0,0,72000,66000,6000,6000
064697,健策群益01購02  ,0,0,0,0,0,0,0,0,0,6000,0,0,0,15000,9000,6000,6000
06755P,大立光永豐98售03,0,0,0,0,0,0,0,0,0,6000,0,0,0,7000,1000,6000,6000
053528,南電中信9A購01  ,0,0,0,0,0,0,0,0,0,6000,0,0,0,6000,0,6000,6000
054217,台表科國票97購05,0,0,0,0,0,0,0,0,0,6000,0,0,0,7000,1000,6000,6000
054376,聯茂中信97購01  ,0,0,0,0,0,0,0,0,0,6000,0,0,0,6000,0,6000,6000
056470,旺宏元大99購01  ,0,0,0,0,0,0,0,0,0,6000,0,0,0,16000,10000,6000,6000
053947,義隆富邦97購01  ,0,0,0,0,0,0,0,0,0,6000,0,0,0,6000,0,6000,6000
052950,超眾國票98購01  ,0,0,0,0,0,0,0,0,0,6000,0,0,0,6000,0,6000,6000
054974,台表科元大98購02,0,0,0,0,0,0,0,0,0,6000,0,0,0,6000,0,6000,6000
047962,T50反1中信96購02,0,0,0,0,0,0,0,0,0,6000,0,0,0,6000,0,6000,6000
0054,元大台商50      ,0,0,0,0,0,0,0,0,0,6000,0,0,0,9000,3000,6000,6000
052514,嘉澤凱基96購01  ,0,0,0,0,0,0,0,0,0,6000,0,0,0,6000,0,6000,6000
059954,華新科康和99購01,0,0,0,0,0,0,0,0,0,6000,0,0,0,31000,25000,6000,6000
059529,華新科凱基9A購04,0,0,0,0,0,0,0,0,0,6000,0,0,0,6000,0,6000,6000
056936,禾伸堂元富98購01,0,0,0,0,0,0,0,0,0,6000,0,0,0,6000,0,6000,6000
058487,晶技國票9A購01  ,0,0,0,0,0,0,0,0,0,6000,0,0,0,6000,0,6000,6000
055780,禾伸堂凱基99購01,0,0,0,0,0,0,0,0,0,6000,0,0,0,6000,0,6000,6000
056903,大立光元大99購04,0,0,0,0,0,0,0,0,0,6000,0,0,0,6000,0,6000,6000
056341,宏達電凱基9A購01,0,0,0,0,0,0,0,0,0,6000,0,0,0,36000,30000,6000,6000
056263,友訊統一99購01  ,0,0,0,0,0,0,0,0,0,6000,0,0,0,6000,0,6000,6000
056119,欣興群益97購02  ,0,0,0,0,0,0,0,0,0,6000,0,0,0,60000,54000,6000,6000
057334,技嘉國票98購02  ,0,0,0,0,0,0,0,0,0,6000,0,0,0,74000,68000,6000,6000
057056,立積元大99購02  ,0,0,0,0,0,0,0,0,0,6000,0,0,0,10000,4000,6000,6000
055522,道瓊反群益01購01,0,0,0,0,0,0,0,0,0,6000,0,0,0,11000,5000,6000,6000
059211,鴻海元大99購27  ,0,0,0,0,0,0,0,0,0,6000,0,0,0,6000,0,6000,6000
059014,SGBR2X元富03購01,0,0,0,0,0,0,0,0,0,6000,0,0,0,6000,0,6000,6000
059003,中壽元大99購01  ,0,0,0,0,0,0,0,0,0,6000,0,0,0,16000,10000,6000,6000
061518,達方永豐9A購02  ,0,0,0,0,0,0,0,0,0,6000,0,0,0,16000,10000,6000,6000
061580,華擎元大9A購06  ,0,0,0,0,0,0,0,0,0,6000,0,0,0,6000,0,6000,6000
061603,瑞昱凱基9A購02  ,0,0,0,0,0,0,0,0,0,6000,0,0,0,86000,80000,6000,6000
057972,群創富邦9C購01  ,0,0,0,0,0,0,0,0,0,6000,0,0,0,33000,27000,6000,6000
058846,鴻海群益99購03  ,0,0,0,0,0,0,0,0,0,6000,0,0,0,6000,0,6000,6000
057876,隆達元大98購01  ,0,0,0,0,0,0,0,0,0,6000,0,0,0,6000,0,6000,6000
061307,和潤永豐9A購02  ,0,0,0,0,0,0,0,0,0,6000,0,0,0,80000,74000,6000,6000
058555,矽創永豐9A購01  ,0,0,0,0,0,0,0,0,0,6000,0,0,0,6000,0,6000,6000
060253,昇陽半元大9C購01,0,0,0,0,0,0,0,0,0,6000,0,0,0,35000,29000,6000,6000
060906,旺宏元大9A購07  ,0,0,0,0,0,0,0,0,0,6000,0,0,0,19000,13000,6000,6000
060964,日月光凱基9A購01,0,0,0,0,0,0,0,0,0,6000,0,0,0,6000,0,6000,6000
060386,台勝科凱基9B購01,0,0,0,0,0,0,0,0,0,6000,0,0,0,6000,0,6000,6000
058295,欣興凱基99購02  ,0,0,0,0,0,0,0,0,0,6000,0,0,0,200000,194000,6000,6000
05813P,臺股指國票96售06,0,0,0,0,0,0,0,0,0,6000,0,0,0,405000,399000,6000,6000
058643,T50正2富邦03購01,0,0,0,0,0,0,0,0,0,6000,0,0,0,36000,30000,6000,6000
064289,台郡元大9C購01  ,0,0,0,0,0,0,0,0,0,6000,0,0,0,6000,0,6000,6000
063916,瀚宇博凱基01購01,0,0,0,0,0,0,0,0,0,6000,0,0,0,6000,0,6000,6000
064030,泰碩元大01購01  ,0,0,0,0,0,0,0,0,0,6000,0,0,0,6000,0,6000,6000
063517,遠東新凱基01購01,0,0,0,0,0,0,0,0,0,6000,0,0,0,6000,0,6000,6000
063543,技嘉台新9B購02  ,0,0,0,0,0,0,0,0,0,6000,0,0,0,6000,0,6000,6000
063740,矽格元大9B購03  ,0,0,0,0,0,0,0,0,0,6000,0,0,0,18000,12000,6000,6000
063619,聯發科兆豐01購01,0,0,0,0,0,0,0,0,0,6000,0,0,0,6000,0,6000,6000
061771,玉晶光元大9C購04,0,0,0,0,0,0,0,0,0,6000,0,0,0,62000,56000,6000,6000
062254,台光電元大9B購02,0,0,0,0,0,0,0,0,0,6000,0,0,0,16000,10000,6000,6000
062827,神基群益9B購01  ,0,0,0,0,0,0,0,0,0,6000,0,0,0,34000,28000,6000,6000
062862,瑞儀國票9B購01  ,0,0,0,0,0,0,0,0,0,6000,0,0,0,6000,0,6000,6000
063000,緯穎國票9B購03  ,0,0,0,0,0,0,0,0,0,6000,0,0,0,11000,5000,6000,6000
062639,臻鼎國票9C購01  ,0,0,0,0,0,0,0,0,0,6000,0,0,0,47000,41000,6000,6000
062628,廣達國票9B購01  ,0,0,0,0,0,0,0,0,0,6000,0,0,0,6000,0,6000,6000
062620,台表科元大9B購04,0,0,0,0,0,0,0,0,0,6000,0,0,0,12000,6000,6000,6000
062580,華通統一9C購03  ,0,0,0,0,0,0,0,0,0,6000,0,0,0,20000,14000,6000,6000
9914,美利達          ,1027000,1762000,-735000,0,0,0,748000,0,748000,-7000,31000,38000,-7000,0,0,0,6000
06898P,FBVIX群益9C售03 ,0,0,0,0,0,0,0,0,0,5000,0,0,0,10000,5000,5000,5000
06633P,國巨國票99售01  ,0,0,0,0,0,0,0,0,0,5000,0,0,0,7000,2000,5000,5000
064731,台郡統一01購02  ,0,0,0,0,0,0,0,0,0,5000,0,0,0,5000,0,5000,5000
064564,義隆群益9C購02  ,0,0,0,0,0,0,0,0,0,5000,0,0,0,100000,95000,5000,5000
064422,聯發科兆豐01購02,0,0,0,0,0,0,0,0,0,5000,0,0,0,5000,0,5000,5000
064385,台積電富邦03購02,0,0,0,0,0,0,0,0,0,5000,0,0,0,85000,80000,5000,5000
07397P,大立光群益99售10,0,0,0,0,0,0,0,0,0,5000,0,0,0,5000,0,5000,5000
07410P,鴻海元大99售44  ,0,0,0,0,0,0,0,0,0,5000,0,0,0,5000,0,5000,5000
07522P,台積電中信9A售03,0,0,0,0,0,0,0,0,0,5000,0,0,0,5000,0,5000,5000
07090P,台灣50凱基01售01,0,0,0,0,0,0,0,0,0,5000,0,0,0,12000,7000,5000,5000
07083P,台積電統一9A售06,0,0,0,0,0,0,0,0,0,5000,0,0,0,5000,0,5000,5000
07227P,聯發科元富99售05,0,0,0,0,0,0,0,0,0,5000,0,0,0,480000,475000,5000,5000
07262P,台灣50元大9B售05,0,0,0,0,0,0,0,0,0,5000,0,0,0,5000,0,5000,5000
07971P,臺股指元大9B售29,0,0,0,0,0,0,0,0,0,5000,0,0,0,5000,0,5000,5000
08005P,台積電群益9C售04,0,0,0,0,0,0,0,0,0,5000,0,0,0,5000,0,5000,5000
07877P,晶技永豐9B售01  ,0,0,0,0,0,0,0,0,0,5000,0,0,0,5000,0,5000,5000
07698P,臺股指元大9A售51,0,0,0,0,0,0,0,0,0,5000,0,0,0,5000,0,5000,5000
08204P,台灣50中信01售04,0,0,0,0,0,0,0,0,0,5000,0,0,0,5000,0,5000,5000
08223P,臺股指凱基9B售18,0,0,0,0,0,0,0,0,0,5000,0,0,0,20000,15000,5000,5000
08191P,鴻海台新9B售03  ,0,0,0,0,0,0,0,0,0,5000,0,0,0,5000,0,5000,5000
08296P,同欣電元大9C售04,0,0,0,0,0,0,0,0,0,5000,0,0,0,5000,0,5000,5000
08355P,智邦元大9C售03  ,0,0,0,0,0,0,0,0,0,5000,0,0,0,37000,32000,5000,5000
08332P,智邦台新9C售03  ,0,0,0,0,0,0,0,0,0,5000,0,0,0,20000,15000,5000,5000
1615,大山            ,18000,13000,5000,0,0,0,0,0,0,0,0,0,0,0,0,0,5000
1558,伸興            ,14000,49000,-35000,0,0,0,40000,0,40000,0,0,0,0,0,0,0,5000
3229,晟鈦            ,5000,0,5000,0,0,0,0,0,0,0,0,0,0,0,0,0,5000
2425,承啟            ,76000,71000,5000,0,0,0,0,0,0,0,0,0,0,0,0,0,5000
055435,佳世達中信99購01,0,0,0,0,0,0,0,0,0,5000,0,0,0,5000,0,5000,5000
056614,智邦永豐98購01  ,0,0,0,0,0,0,0,0,0,5000,0,0,0,19000,14000,5000,5000
056609,楠梓電永豐98購02,0,0,0,0,0,0,0,0,0,5000,0,0,0,5000,0,5000,5000
056588,聯發科統一9A購02,0,0,0,0,0,0,0,0,0,5000,0,0,0,10000,5000,5000,5000
055623,貿聯國泰99購01  ,0,0,0,0,0,0,0,0,0,5000,0,0,0,5000,0,5000,5000
055702,美律富邦98購01  ,0,0,0,0,0,0,0,0,0,5000,0,0,0,5000,0,5000,5000
056846,晶相光元富98購01,0,0,0,0,0,0,0,0,0,5000,0,0,0,25000,20000,5000,5000
057058,祥碩元大98購04  ,0,0,0,0,0,0,0,0,0,5000,0,0,0,5000,0,5000,5000
057326,景碩群益99購02  ,0,0,0,0,0,0,0,0,0,5000,0,0,0,10000,5000,5000,5000
055958,台光電元大97購02,0,0,0,0,0,0,0,0,0,5000,0,0,0,54000,49000,5000,5000
056347,GIS凱基9A購01   ,0,0,0,0,0,0,0,0,0,5000,0,0,0,5000,0,5000,5000
055794,聯發科國泰99購01,0,0,0,0,0,0,0,0,0,5000,0,0,0,5000,0,5000,5000
059877,康控凱基99購05  ,0,0,0,0,0,0,0,0,0,5000,0,0,0,20000,15000,5000,5000
059476,道瓊指群益9C購01,0,0,0,0,0,0,0,0,0,5000,0,0,0,10000,5000,5000,5000
059456,智易永豐99購01  ,0,0,0,0,0,0,0,0,0,5000,0,0,0,5000,0,5000,5000
060017,全新康和99購01  ,0,0,0,0,0,0,0,0,0,5000,0,0,0,5000,0,5000,5000
052367,聯茂國票96購02  ,0,0,0,0,0,0,0,0,0,5000,0,0,0,20000,15000,5000,5000
052659,上証2X國票99購01,0,0,0,0,0,0,0,0,0,5000,0,0,0,10000,5000,5000,5000
03047X,元展44          ,0,0,0,0,0,0,0,0,0,5000,0,0,0,5000,0,5000,5000
03091X,元展85          ,0,0,0,0,0,0,0,0,0,5000,0,0,0,5000,0,5000,5000
052068,瑞儀兆豐96購01  ,0,0,0,0,0,0,0,0,0,5000,0,0,0,5000,0,5000,5000
047885,元金2X富邦99購01,0,0,0,0,0,0,0,0,0,5000,0,0,0,5000,0,5000,5000
047547,友達凱基99購02  ,0,0,0,0,0,0,0,0,0,5000,0,0,0,5000,0,5000,5000
03670C,元油2X元富99牛01,0,0,0,0,0,0,0,0,0,5000,0,0,0,5000,0,5000,5000
055154,聯發科元大98購01,0,0,0,0,0,0,0,0,0,5000,0,0,0,5000,0,5000,5000
053173,矽格群益97購01  ,0,0,0,0,0,0,0,0,0,5000,0,0,0,5000,0,5000,5000
05315P,鴻海永昌96售08  ,0,0,0,0,0,0,0,0,0,5000,0,0,0,5000,0,5000,5000
053013,台積電統一97購01,0,0,0,0,0,0,0,0,0,5000,0,0,0,5000,0,5000,5000
055167,友訊統一97購01  ,0,0,0,0,0,0,0,0,0,5000,0,0,0,5000,0,5000,5000
053084,國巨元大98購01  ,0,0,0,0,0,0,0,0,0,5000,0,0,0,5000,0,5000,5000
053932,華新科統一96購03,0,0,0,0,0,0,0,0,0,5000,0,0,0,5000,0,5000,5000
056366,玉晶光元大99購04,0,0,0,0,0,0,0,0,0,5000,0,0,0,14000,9000,5000,5000
056459,茂林凱基99購01  ,0,0,0,0,0,0,0,0,0,5000,0,0,0,45000,40000,5000,5000
054807,台化元大9A購02  ,0,0,0,0,0,0,0,0,0,5000,0,0,0,5000,0,5000,5000
05478P,智伸科國票96售02,0,0,0,0,0,0,0,0,0,5000,0,0,0,25000,20000,5000,5000
053681,臺股指富邦96購02,0,0,0,0,0,0,0,0,0,5000,0,0,0,5000,0,5000,5000
056512,易華電永豐98購01,0,0,0,0,0,0,0,0,0,5000,0,0,0,5000,0,5000,5000
056525,T50反1凱基99購06,0,0,0,0,0,0,0,0,0,5000,0,0,0,5000,0,5000,5000
057597,華通群益9A購02  ,0,0,0,0,0,0,0,0,0,5000,0,0,0,5000,0,5000,5000
057529,嘉晶元大99購02  ,0,0,0,0,0,0,0,0,0,5000,0,0,0,5000,0,5000,5000
054375,貿聯中信99購01  ,0,0,0,0,0,0,0,0,0,5000,0,0,0,5000,0,5000,5000
054317,昇陽半凱基98購01,0,0,0,0,0,0,0,0,0,5000,0,0,0,5000,0,5000,5000
054082,楠梓電元富96購01,0,0,0,0,0,0,0,0,0,5000,0,0,0,5000,0,5000,5000
053979,健策元大98購01  ,0,0,0,0,0,0,0,0,0,5000,0,0,0,5000,0,5000,5000
055354,宏達電凱基98購01,0,0,0,0,0,0,0,0,0,5000,0,0,0,5000,0,5000,5000
055308,聯發科群益97購04,0,0,0,0,0,0,0,0,0,5000,0,0,0,5000,0,5000,5000
058610,欣興元大99購05  ,0,0,0,0,0,0,0,0,0,5000,0,0,0,59000,54000,5000,5000
061087,國巨統一01購04  ,0,0,0,0,0,0,0,0,0,5000,0,0,0,60000,55000,5000,5000
061069,嘉聯益凱基9A購01,0,0,0,0,0,0,0,0,0,5000,0,0,0,5000,0,5000,5000
057996,臻鼎中信98購01  ,0,0,0,0,0,0,0,0,0,5000,0,0,0,5000,0,5000,5000
058677,矽格群益99購01  ,0,0,0,0,0,0,0,0,0,5000,0,0,0,5000,0,5000,5000
058051,同欣電元大98購03,0,0,0,0,0,0,0,0,0,5000,0,0,0,5000,0,5000,5000
058111,健鼎元富98購01  ,0,0,0,0,0,0,0,0,0,5000,0,0,0,5000,0,5000,5000
060653,全新群益9A購02  ,0,0,0,0,0,0,0,0,0,5000,0,0,0,5000,0,5000,5000
060687,GIS元大9A購01   ,0,0,0,0,0,0,0,0,0,5000,0,0,0,20000,15000,5000,5000
060245,聯陽元大9C購01  ,0,0,0,0,0,0,0,0,0,5000,0,0,0,5000,0,5000,5000
060229,楠梓電元大9C購01,0,0,0,0,0,0,0,0,0,5000,0,0,0,8000,3000,5000,5000
061193,玉晶光永豐9B購02,0,0,0,0,0,0,0,0,0,5000,0,0,0,15000,10000,5000,5000
061215,健策元大9A購06  ,0,0,0,0,0,0,0,0,0,5000,0,0,0,22000,17000,5000,5000
061226,台積電中信9A購05,0,0,0,0,0,0,0,0,0,5000,0,0,0,80000,75000,5000,5000
059544,創意亞東99購01  ,0,0,0,0,0,0,0,0,0,5000,0,0,0,15000,10000,5000,5000
060539,道瓊反凱基9A購01,0,0,0,0,0,0,0,0,0,5000,0,0,0,5000,0,5000,5000
060492,元黃金元富9A購01,0,0,0,0,0,0,0,0,0,5000,0,0,0,5000,0,5000,5000
060578,臺股指中信9C購03,0,0,0,0,0,0,0,0,0,5000,0,0,0,5000,0,5000,5000
060551,大立光凱基9B購02,0,0,0,0,0,0,0,0,0,5000,0,0,0,9000,4000,5000,5000
061309,鴻海統一9C購05  ,0,0,0,0,0,0,0,0,0,5000,0,0,0,5000,0,5000,5000
061298,華新科富邦01購02,0,0,0,0,0,0,0,0,0,5000,0,0,0,15000,10000,5000,5000
061364,國巨國票9A購09  ,0,0,0,0,0,0,0,0,0,5000,0,0,0,11000,6000,5000,5000
057971,華新科富邦9B購02,0,0,0,0,0,0,0,0,0,5000,0,0,0,5000,0,5000,5000
061586,智邦富邦9A購02  ,0,0,0,0,0,0,0,0,0,5000,0,0,0,5000,0,5000,5000
061539,國巨群益9B購03  ,0,0,0,0,0,0,0,0,0,5000,0,0,0,5000,0,5000,5000
061391,晶技群益9A購02  ,0,0,0,0,0,0,0,0,0,5000,0,0,0,5000,0,5000,5000
061417,力成群益9A購01  ,0,0,0,0,0,0,0,0,0,5000,0,0,0,25000,20000,5000,5000
059019,元石油統一9B購03,0,0,0,0,0,0,0,0,0,5000,0,0,0,5000,0,5000,5000
059084,鴻海元大99購24  ,0,0,0,0,0,0,0,0,0,5000,0,0,0,55000,50000,5000,5000
058401,華航元大9A購01  ,0,0,0,0,0,0,0,0,0,5000,0,0,0,5000,0,5000,5000
058375,群創凱基9B購04  ,0,0,0,0,0,0,0,0,0,5000,0,0,0,34000,29000,5000,5000
058326,祥碩台新99購01  ,0,0,0,0,0,0,0,0,0,5000,0,0,0,5000,0,5000,5000
059212,鴻海元大99購28  ,0,0,0,0,0,0,0,0,0,5000,0,0,0,5000,0,5000,5000
059240,台積電凱基9A購09,0,0,0,0,0,0,0,0,0,5000,0,0,0,11000,6000,5000,5000
059187,國巨富邦9B購02  ,0,0,0,0,0,0,0,0,0,5000,0,0,0,5000,0,5000,5000
059198,華新科永豐99購06,0,0,0,0,0,0,0,0,0,5000,0,0,0,5000,0,5000,5000
059117,禾伸堂永豐99購01,0,0,0,0,0,0,0,0,0,5000,0,0,0,25000,20000,5000,5000
059870,全新凱基99購05  ,0,0,0,0,0,0,0,0,0,5000,0,0,0,5000,0,5000,5000
059821,美律凱基99購08  ,0,0,0,0,0,0,0,0,0,5000,0,0,0,40000,35000,5000,5000
057764,台表科凱基9A購01,0,0,0,0,0,0,0,0,0,5000,0,0,0,5000,0,5000,5000
062688,華擎統一01購03  ,0,0,0,0,0,0,0,0,0,5000,0,0,0,10000,5000,5000,5000
062689,華擎統一02購01  ,0,0,0,0,0,0,0,0,0,5000,0,0,0,5000,0,5000,5000
062729,神達凱基9B購02  ,0,0,0,0,0,0,0,0,0,5000,0,0,0,10000,5000,5000,5000
062789,臺股指元大9B購32,0,0,0,0,0,0,0,0,0,5000,0,0,0,5000,0,5000,5000
062999,聯茂國票9C購01  ,0,0,0,0,0,0,0,0,0,5000,0,0,0,5000,0,5000,5000
063023,華擎元大9B購02  ,0,0,0,0,0,0,0,0,0,5000,0,0,0,5000,0,5000,5000
062847,臺股指富邦9B購01,0,0,0,0,0,0,0,0,0,5000,0,0,0,5000,0,5000,5000
062820,禾伸堂兆豐9B購01,0,0,0,0,0,0,0,0,0,5000,0,0,0,15000,10000,5000,5000
062095,旺宏富邦9C購03  ,0,0,0,0,0,0,0,0,0,5000,0,0,0,10000,5000,5000,5000
062361,智邦元大9B購06  ,0,0,0,0,0,0,0,0,0,5000,0,0,0,65000,60000,5000,5000
062387,健策國泰01購01  ,0,0,0,0,0,0,0,0,0,5000,0,0,0,25000,20000,5000,5000
061932,上銀國票9B購01  ,0,0,0,0,0,0,0,0,0,5000,0,0,0,45000,40000,5000,5000
063754,道瓊指統一9B購01,0,0,0,0,0,0,0,0,0,5000,0,0,0,10000,5000,5000,5000
063718,T50反1元大9B購10,0,0,0,0,0,0,0,0,0,5000,0,0,0,5000,0,5000,5000
063576,台表科元大9B購08,0,0,0,0,0,0,0,0,0,5000,0,0,0,5000,0,5000,5000
063201,廣達統一01購01  ,0,0,0,0,0,0,0,0,0,5000,0,0,0,5000,0,5000,5000
063877,鴻海元富9C購01  ,0,0,0,0,0,0,0,0,0,5000,0,0,0,5000,0,5000,5000
064323,滬深2X元大9C購09,0,0,0,0,0,0,0,0,0,5000,0,0,0,5000,0,5000,5000
064375,智邦元富03購01  ,0,0,0,0,0,0,0,0,0,5000,0,0,0,112000,107000,5000,5000
064163,康控統一01購01  ,0,0,0,0,0,0,0,0,0,5000,0,0,0,35000,30000,5000,5000
064106,國巨兆豐9C購04  ,0,0,0,0,0,0,0,0,0,5000,0,0,0,5000,0,5000,5000
064081,國產中信06購01  ,0,0,0,0,0,0,0,0,0,5000,0,0,0,58000,53000,5000,5000
9912,偉聯            ,6000,1000,5000,0,0,0,0,0,0,0,0,0,0,0,0,0,5000
6235,華孚            ,59000,44000,15000,0,0,0,0,0,0,-11000,0,11000,-11000,0,0,0,4000
1219,福壽            ,15000,11000,4000,0,0,0,0,0,0,0,0,0,0,0,0,0,4000
08328P,國巨國票9C售07  ,0,0,0,0,0,0,0,0,0,4000,0,0,0,4000,0,4000,4000
07807P,聯茂永豐9A售02  ,0,0,0,0,0,0,0,0,0,4000,0,0,0,4000,0,4000,4000
08072P,祥碩永豐9B售03  ,0,0,0,0,0,0,0,0,0,4000,0,0,0,4000,0,4000,4000
07233P,台灣50元大99售04,0,0,0,0,0,0,0,0,0,4000,0,0,0,11000,7000,4000,4000
07595P,台灣50中信03售07,0,0,0,0,0,0,0,0,0,4000,0,0,0,4000,0,4000,4000
064442,嘉聯益凱基9C購01,0,0,0,0,0,0,0,0,0,4000,0,0,0,4000,0,4000,4000
064520,京鼎群益02購01  ,0,0,0,0,0,0,0,0,0,4000,0,0,0,4000,0,4000,4000
064541,元黃金凱基01購02,0,0,0,0,0,0,0,0,0,4000,0,0,0,5000,1000,4000,4000
06903P,技嘉凱基98售04  ,0,0,0,0,0,0,0,0,0,4000,0,0,0,4000,0,4000,4000
055382,台郡元大99購01  ,0,0,0,0,0,0,0,0,0,4000,0,0,0,4000,0,4000,4000
057503,世紀鋼群益98購02,0,0,0,0,0,0,0,0,0,4000,0,0,0,4000,0,4000,4000
057592,美律兆豐99購01  ,0,0,0,0,0,0,0,0,0,4000,0,0,0,4000,0,4000,4000
057479,致茂元大98購03  ,0,0,0,0,0,0,0,0,0,4000,0,0,0,21000,17000,4000,4000
056479,玉晶光元大99購05,0,0,0,0,0,0,0,0,0,4000,0,0,0,12000,8000,4000,4000
056425,聯發科日盛9A購01,0,0,0,0,0,0,0,0,0,4000,0,0,0,4000,0,4000,4000
053027,玉晶光富邦98購01,0,0,0,0,0,0,0,0,0,4000,0,0,0,4000,0,4000,4000
00728,第一金工業30    ,0,0,0,0,0,0,0,0,0,4000,0,0,0,302000,298000,4000,4000
00742,新光內需收益    ,0,0,0,0,0,0,0,0,0,4000,50000,50000,0,235000,231000,4000,4000
059959,訊芯康和99購01  ,0,0,0,0,0,0,0,0,0,4000,0,0,0,4000,0,4000,4000
056983,大立光群益99購02,0,0,0,0,0,0,0,0,0,4000,0,0,0,56000,52000,4000,4000
056920,友達兆豐98購02  ,0,0,0,0,0,0,0,0,0,4000,0,0,0,14000,10000,4000,4000
056225,聯發科凱基97購09,0,0,0,0,0,0,0,0,0,4000,0,0,0,4000,0,4000,4000
057311,玉晶光日盛9A購01,0,0,0,0,0,0,0,0,0,4000,0,0,0,41000,37000,4000,4000
057430,富邦金兆豐98購01,0,0,0,0,0,0,0,0,0,4000,0,0,0,4000,0,4000,4000
056993,GIS兆豐99購01   ,0,0,0,0,0,0,0,0,0,4000,0,0,0,10000,6000,4000,4000
056849,瀚宇博元富98購01,0,0,0,0,0,0,0,0,0,4000,0,0,0,4000,0,4000,4000
056810,群創統一9A購01  ,0,0,0,0,0,0,0,0,0,4000,0,0,0,154000,150000,4000,4000
059381,TPK亞東99購01   ,0,0,0,0,0,0,0,0,0,4000,0,0,0,4000,0,4000,4000
059302,大立光群益99購08,0,0,0,0,0,0,0,0,0,4000,0,0,0,4000,0,4000,4000
058367,大立光凱基9A購01,0,0,0,0,0,0,0,0,0,4000,0,0,0,4000,0,4000,4000
059744,禾伸堂元富99購02,0,0,0,0,0,0,0,0,0,4000,0,0,0,4000,0,4000,4000
061521,亞光兆豐9A購02  ,0,0,0,0,0,0,0,0,0,4000,0,0,0,285000,281000,4000,4000
060502,國巨元大9A購07  ,0,0,0,0,0,0,0,0,0,4000,0,0,0,4000,0,4000,4000
059607,台積電富邦9C購04,0,0,0,0,0,0,0,0,0,4000,0,0,0,106000,102000,4000,4000
058551,義隆永豐99購03  ,0,0,0,0,0,0,0,0,0,4000,0,0,0,4000,0,4000,4000
060394,欣興麥證9A購01  ,0,0,0,4000,0,4000,0,0,0,4000,0,0,0,4000,0,4000,4000
060436,巨大永豐9A購01  ,0,0,0,0,0,0,0,0,0,4000,0,0,0,4000,0,4000,4000
061019,大毅國票9A購01  ,0,0,0,0,0,0,0,0,0,4000,0,0,0,19000,15000,4000,4000
060929,健策永豐9A購01  ,0,0,0,0,0,0,0,0,0,4000,0,0,0,15000,11000,4000,4000
058096,南電元大98購04  ,0,0,0,0,0,0,0,0,0,4000,0,0,0,9000,5000,4000,4000
061083,京元電兆豐9A購01,0,0,0,0,0,0,0,0,0,4000,0,0,0,4000,0,4000,4000
064244,GIS統一02購01   ,0,0,0,0,0,0,0,0,0,4000,0,0,0,17000,13000,4000,4000
063827,國巨國票02購01  ,0,0,0,0,0,0,0,0,0,4000,0,0,0,16000,12000,4000,4000
064073,南電永豐9C購01  ,0,0,0,0,0,0,0,0,0,4000,0,0,0,6000,2000,4000,4000
063966,大毅國票01購01  ,0,0,0,0,0,0,0,0,0,4000,0,0,0,62000,58000,4000,4000
063425,台勝科凱基9B購02,0,0,0,0,0,0,0,0,0,4000,0,0,0,4000,0,4000,4000
063357,聯發科國泰01購04,0,0,0,0,0,0,0,0,0,4000,0,0,0,50000,46000,4000,4000
061873,友達元大9C購07  ,0,0,0,0,0,0,0,0,0,4000,0,0,0,4000,0,4000,4000
061867,旺宏元大9B購02  ,0,0,0,0,0,0,0,0,0,4000,0,0,0,125000,121000,4000,4000
062940,華新科凱基9C購02,0,0,0,0,0,0,0,0,0,4000,0,0,0,4000,0,4000,4000
06278P,臺股指凱基97售10,0,0,0,0,0,0,0,0,0,4000,0,0,0,4000,0,4000,4000
06275P,臺股指凱基97售07,0,0,0,0,0,0,0,0,0,4000,0,0,0,4000,0,4000,4000
062741,立積國票9B購02  ,0,0,0,0,0,0,0,0,0,4000,0,0,0,15000,11000,4000,4000
06256P,臺股指群益97售09,0,0,0,0,0,0,0,0,0,4000,0,0,0,4000,0,4000,4000
07005P,台積電統一9B售05,0,0,0,0,0,0,0,0,0,3000,0,0,0,33000,30000,3000,3000
06587P,國巨元大98售13  ,0,0,0,0,0,0,0,0,0,3000,0,0,0,3000,0,3000,3000
064402,宏碁凱基01購01  ,0,0,0,0,0,0,0,0,0,3000,0,0,0,30000,27000,3000,3000
07238P,台灣50國票99售07,0,0,0,0,0,0,0,0,0,3000,0,0,0,3000,0,3000,3000
07056P,臺股指麥證99售02,0,0,0,3000,0,3000,0,0,0,3000,0,0,0,3000,0,3000,3000
07039P,南電台新99售01  ,0,0,0,0,0,0,0,0,0,3000,0,0,0,3000,0,3000,3000
08039P,臺股指群益9B售12,0,0,0,0,0,0,0,0,0,3000,0,0,0,3000,0,3000,3000
07875P,祥碩群益9B售01  ,0,0,0,0,0,0,0,0,0,3000,0,0,0,15000,12000,3000,3000
07758P,台積電國票9A售06,0,0,0,0,0,0,0,0,0,3000,0,0,0,3000,0,3000,3000
07763P,嘉澤永豐9A售02  ,0,0,0,0,0,0,0,0,0,3000,0,0,0,3000,0,3000,3000
08280P,臺股指中信02售01,0,0,0,0,0,0,0,0,0,3000,0,0,0,8000,5000,3000,3000
1541,錩泰            ,15000,7000,8000,0,0,0,0,0,0,-5000,6000,11000,-5000,0,0,0,3000
5906,台南-KY         ,4000,0,4000,0,0,0,0,0,0,-1000,0,1000,-1000,0,0,0,3000
5484,慧友            ,5000,0,5000,0,0,0,0,0,0,-2000,0,2000,-2000,0,0,0,3000
3686,達能            ,6000,2000,4000,0,0,0,0,0,0,-1000,0,1000,-1000,0,0,0,3000
2465,麗臺            ,7000,1000,6000,0,0,0,0,0,0,-3000,0,3000,-3000,0,0,0,3000
3025,星通            ,4000,1000,3000,0,0,0,0,0,0,0,0,0,0,0,0,0,3000
3002,歐格            ,7000,3000,4000,0,0,0,0,0,0,-1000,0,1000,-1000,0,0,0,3000
2897A,王道銀甲特      ,0,0,0,0,0,0,0,0,0,3000,3000,0,3000,0,0,0,3000
2882B,國泰金乙特      ,0,0,0,0,0,0,0,0,0,3000,3000,0,3000,0,0,0,3000
2881A,富邦特          ,0,0,0,0,0,0,0,0,0,3000,3000,0,3000,0,0,0,3000
2881B,富邦金乙特      ,0,0,0,0,0,0,0,0,0,3000,3000,0,3000,0,0,0,3000
2838A,聯邦銀甲特      ,0,0,0,0,0,0,0,0,0,3000,3000,0,3000,0,0,0,3000
055717,聯發科元大97購19,0,0,0,0,0,0,0,0,0,3000,0,0,0,3000,0,3000,3000
056762,亞德客元大98購01,0,0,0,0,0,0,0,0,0,3000,0,0,0,99000,96000,3000,3000
056705,超眾國泰99購01  ,0,0,0,0,0,0,0,0,0,3000,0,0,0,3000,0,3000,3000
057055,立積元大99購01  ,0,0,0,0,0,0,0,0,0,3000,0,0,0,121000,118000,3000,3000
056041,禾伸堂凱基98購03,0,0,0,0,0,0,0,0,0,3000,0,0,0,3000,0,3000,3000
059899,上証2X元大9C購04,0,0,0,0,0,0,0,0,0,3000,0,0,0,3000,0,3000,3000
060085,華通元大99購10  ,0,0,0,0,0,0,0,0,0,3000,0,0,0,3000,0,3000,3000
02001L,富邦蘋果正二N   ,0,0,0,0,0,0,0,0,0,3000,0,0,0,15000,12000,3000,3000
0053,元大電子        ,0,0,0,0,0,0,0,0,0,3000,0,0,0,7000,4000,3000,3000
05263P,台積電元大96售09,0,0,0,0,0,0,0,0,0,3000,0,0,0,3000,0,3000,3000
052402,健策凱基97購01  ,0,0,0,0,0,0,0,0,0,3000,0,0,0,3000,0,3000,3000
052417,聯發科兆豐9B購01,0,0,0,0,0,0,0,0,0,3000,0,0,0,3000,0,3000,3000
053132,國巨國票97購02  ,0,0,0,0,0,0,0,0,0,3000,0,0,0,3000,0,3000,3000
053126,健策凱基97購02  ,0,0,0,0,0,0,0,0,0,3000,0,0,0,3000,0,3000,3000
055058,大毅永豐97購01  ,0,0,0,0,0,0,0,0,0,3000,0,0,0,3000,0,3000,3000
054932,台肥元大97購01  ,0,0,0,0,0,0,0,0,0,3000,0,0,0,3000,0,3000,3000
052937,國巨兆豐97購01  ,0,0,0,0,0,0,0,0,0,3000,0,0,0,3000,0,3000,3000
049024,玉晶光群益97購01,0,0,0,0,0,0,0,0,0,3000,0,0,0,3000,0,3000,3000
057477,智邦元大98購09  ,0,0,0,0,0,0,0,0,0,3000,0,0,0,3000,0,3000,3000
057481,技嘉元大98購04  ,0,0,0,0,0,0,0,0,0,3000,0,0,0,4000,1000,3000,3000
054420,緯穎元大96購08  ,0,0,0,0,0,0,0,0,0,3000,0,0,0,25000,22000,3000,3000
058635,華新科兆豐99購03,0,0,0,0,0,0,0,0,0,3000,0,0,0,3000,0,3000,3000
058008,禾伸堂國票99購02,0,0,0,0,0,0,0,0,0,3000,0,0,0,38000,35000,3000,3000
05814P,臺股指國票96售07,0,0,0,0,0,0,0,0,0,3000,0,0,0,3000,0,3000,3000
060992,健策元大9A購05  ,0,0,0,0,0,0,0,0,0,3000,0,0,0,3000,0,3000,3000
059596,大立光元大99購20,0,0,0,0,0,0,0,0,0,3000,0,0,0,3000,0,3000,3000
060584,玉晶光元富9A購01,0,0,0,0,0,0,0,0,0,3000,0,0,0,5000,2000,3000,3000
060325,旺宏群益9A購02  ,0,0,0,0,0,0,0,0,0,3000,0,0,0,3000,0,3000,3000
061246,玉晶光群益9A購08,0,0,0,0,0,0,0,0,0,3000,0,0,0,29000,26000,3000,3000
061240,華新科兆豐9A購01,0,0,0,0,0,0,0,0,0,3000,0,0,0,3000,0,3000,3000
060187,華新科元富9A購02,0,0,0,0,0,0,0,0,0,3000,0,0,0,23000,20000,3000,3000
060200,同欣電元富9A購01,0,0,0,0,0,0,0,0,0,3000,0,0,0,3000,0,3000,3000
06018P,康控凱基96售03  ,0,0,0,0,0,0,0,0,0,3000,0,0,0,3000,0,3000,3000
061572,奇力新元大9A購04,0,0,0,0,0,0,0,0,0,3000,0,0,0,3000,0,3000,3000
057909,台光電兆豐98購01,0,0,0,0,0,0,0,0,0,3000,0,0,0,3000,0,3000,3000
057856,聯鈞國票99購03  ,0,0,0,0,0,0,0,0,0,3000,0,0,0,3000,0,3000,3000
058824,晶技富邦9A購01  ,0,0,0,0,0,0,0,0,0,3000,0,0,0,3000,0,3000,3000
058298,聯茂凱基99購05  ,0,0,0,0,0,0,0,0,0,3000,0,0,0,93000,90000,3000,3000
058719,智邦元富99購01  ,0,0,0,0,0,0,0,0,0,3000,0,0,0,3000,0,3000,3000
062445,大立光元大9C購02,0,0,0,0,0,0,0,0,0,3000,0,0,0,3000,0,3000,3000
062455,鴻海群益9C購01  ,0,0,0,0,0,0,0,0,0,3000,0,0,0,3000,0,3000,3000
062460,京鼎群益9C購01  ,0,0,0,0,0,0,0,0,0,3000,0,0,0,3000,0,3000,3000
062493,元金反中信9B購01,0,0,0,0,0,0,0,0,0,3000,0,0,0,3000,0,3000,3000
062843,臺股指群益9B購10,0,0,0,0,0,0,0,0,0,3000,0,0,0,3000,0,3000,3000
063015,微星元大9B購01  ,0,0,0,0,0,0,0,0,0,3000,0,0,0,3000,0,3000,3000
063132,台表科元大9C購02,0,0,0,0,0,0,0,0,0,3000,0,0,0,4000,1000,3000,3000
063116,大立光麥證9C購01,0,0,0,3000,0,3000,0,0,0,3000,0,0,0,3000,0,3000,3000
061860,臺股指國票9B購04,0,0,0,0,0,0,0,0,0,3000,0,0,0,9000,6000,3000,3000
062146,大毅國票9B購01  ,0,0,0,0,0,0,0,0,0,3000,0,0,0,9000,6000,3000,3000
063210,百和統一9C購01  ,0,0,0,0,0,0,0,0,0,3000,0,0,0,3000,0,3000,3000
063172,廣達中信9C購01  ,0,0,0,0,0,0,0,0,0,3000,0,0,0,3000,0,3000,3000
063237,微星元大9B購02  ,0,0,0,0,0,0,0,0,0,3000,0,0,0,63000,60000,3000,3000
063276,和大元大9B購01  ,0,0,0,0,0,0,0,0,0,3000,0,0,0,94000,91000,3000,3000
063604,群創凱基01購02  ,0,0,0,0,0,0,0,0,0,3000,0,0,0,58000,55000,3000,3000
063748,台積電國票9C購05,0,0,0,0,0,0,0,0,0,3000,0,0,0,23000,20000,3000,3000
064040,鴻海統一9C購18  ,0,0,0,0,0,0,0,0,0,3000,0,0,0,6000,3000,3000,3000
063904,大立光麥證01購01,0,0,0,3000,0,3000,0,0,0,3000,0,0,0,3000,0,3000,3000
064238,玉晶光統一01購08,0,0,0,0,0,0,0,0,0,3000,0,0,0,7000,4000,3000,3000
08182P,金像電永豐9B售01,0,0,0,0,0,0,0,0,0,2000,0,0,0,2000,0,2000,2000
08178P,南亞科元大9B售01,0,0,0,0,0,0,0,0,0,2000,0,0,0,52000,50000,2000,2000
08150P,立積國票9C售01  ,0,0,0,0,0,0,0,0,0,2000,0,0,0,50000,48000,2000,2000
07800P,華新科國泰9B售04,0,0,0,0,0,0,0,0,0,2000,0,0,0,42000,40000,2000,2000
07798P,同欣電國票9A售01,0,0,0,0,0,0,0,0,0,2000,0,0,0,12000,10000,2000,2000
07674P,金融類元大9A售01,0,0,0,0,0,0,0,0,0,2000,0,0,0,7000,5000,2000,2000
07955P,大成鋼群益9B售02,0,0,0,0,0,0,0,0,0,2000,0,0,0,45000,43000,2000,2000
07143P,FBVIX元大99售02 ,0,0,0,0,0,0,0,0,0,2000,0,0,0,16000,14000,2000,2000
07281P,鴻海凱基99售13  ,0,0,0,0,0,0,0,0,0,2000,0,0,0,2000,0,2000,2000
07284P,大立光凱基99售10,0,0,0,0,0,0,0,0,0,2000,0,0,0,2000,0,2000,2000
07586P,FBVIX台新9A售01 ,0,0,0,0,0,0,0,0,0,2000,0,0,0,2000,0,2000,2000
07365P,超眾元大99售07  ,0,0,0,0,0,0,0,0,0,2000,0,0,0,2000,0,2000,2000
07350P,台灣50國票99售11,0,0,0,0,0,0,0,0,0,2000,0,0,0,102000,100000,2000,2000
07306P,台灣50凱基9A售09,0,0,0,0,0,0,0,0,0,2000,0,0,0,2000,0,2000,2000
06440P,台積電凱基98售07,0,0,0,0,0,0,0,0,0,2000,0,0,0,2000,0,2000,2000
064625,健策元大01購02  ,0,0,0,0,0,0,0,0,0,2000,0,0,0,32000,30000,2000,2000
06466P,台積電統一9B售01,0,0,0,0,0,0,0,0,0,2000,0,0,0,2000,0,2000,2000
06634P,欣興國票98售02  ,0,0,0,0,0,0,0,0,0,2000,0,0,0,2000,0,2000,2000
06671P,台積電群益98售04,0,0,0,0,0,0,0,0,0,2000,0,0,0,2000,0,2000,2000
06961P,台積電凱基99售05,0,0,0,0,0,0,0,0,0,2000,0,0,0,2000,0,2000,2000
054261,智伸科元大96購03,0,0,0,0,0,0,0,0,0,2000,0,0,0,2000,0,2000,2000
054515,華通元大98購02  ,0,0,0,0,0,0,0,0,0,2000,0,0,0,2000,0,2000,2000
054504,聯鈞永豐96購01  ,0,0,0,0,0,0,0,0,0,2000,0,0,0,2000,0,2000,2000
053645,臺股指國票96購08,0,0,0,0,0,0,0,0,0,2000,0,0,0,2000,0,2000,2000
053400,緯穎中信9A購01  ,0,0,0,0,0,0,0,0,0,2000,0,0,0,7000,5000,2000,2000
056536,義隆凱基98購04  ,0,0,0,0,0,0,0,0,0,2000,0,0,0,2000,0,2000,2000
057550,聯發科凱基02購01,0,0,0,0,0,0,0,0,0,2000,0,0,0,2000,0,2000,2000
057511,健策統一98購02  ,0,0,0,0,0,0,0,0,0,2000,0,0,0,2000,0,2000,2000
057540,緯穎日盛99購01  ,0,0,0,0,0,0,0,0,0,2000,0,0,0,2000,0,2000,2000
056435,台積電凱基98購09,0,0,0,0,0,0,0,0,0,2000,0,0,0,7000,5000,2000,2000
056404,嘉聯益群益9A購01,0,0,0,0,0,0,0,0,0,2000,0,0,0,2000,0,2000,2000
053814,美律群益97購02  ,0,0,0,0,0,0,0,0,0,2000,0,0,0,2000,0,2000,2000
054924,景碩凱基98購01  ,0,0,0,0,0,0,0,0,0,2000,0,0,0,2000,0,2000,2000
055038,華航富邦99購01  ,0,0,0,0,0,0,0,0,0,2000,0,0,0,2000,0,2000,2000
053072,國巨台新97購01  ,0,0,0,0,0,0,0,0,0,2000,0,0,0,2000,0,2000,2000
052475,滬深2X群益99購06,0,0,0,0,0,0,0,0,0,2000,0,0,0,2000,0,2000,2000
03424B,臺股指元大96熊26,0,0,0,0,0,0,0,0,0,2000,0,0,0,2000,0,2000,2000
051657,台郡元富98購01  ,0,0,0,0,0,0,0,0,0,2000,0,0,0,2000,0,2000,2000
00688L,國泰20年美債正2 ,0,0,0,0,0,0,0,0,0,2000,0,0,0,129000,127000,2000,2000
00681R,元大美債20反1   ,3000,0,3000,0,0,0,0,0,0,-1000,0,0,0,7000,8000,-1000,2000
052076,可成元富98購01  ,0,0,0,0,0,0,0,0,0,2000,0,0,0,2000,0,2000,2000
00775B,新光投等債15+   ,0,0,0,0,0,0,0,0,0,2000,0,0,0,2000,0,2000,2000
00743,國泰中國A150    ,0,0,0,0,0,0,0,0,0,2000,0,0,0,11000,9000,2000,2000
059966,台積電凱基99購19,0,0,0,0,0,0,0,0,0,2000,0,0,0,2000,0,2000,2000
059889,華新科國票99購04,0,0,0,0,0,0,0,0,0,2000,0,0,0,2000,0,2000,2000
059532,華新科凱基9B購03,0,0,0,0,0,0,0,0,0,2000,0,0,0,2000,0,2000,2000
059488,大立光兆豐99購03,0,0,0,0,0,0,0,0,0,2000,0,0,0,2000,0,2000,2000
059435,大立光元大99購17,0,0,0,0,0,0,0,0,0,2000,0,0,0,2000,0,2000,2000
059480,美律群益9A購01  ,0,0,0,0,0,0,0,0,0,2000,0,0,0,100000,98000,2000,2000
055782,新日興凱基99購01,0,0,0,0,0,0,0,0,0,2000,0,0,0,2000,0,2000,2000
055787,聯茂凱基99購01  ,0,0,0,0,0,0,0,0,0,2000,0,0,0,181000,179000,2000,2000
056279,新日興富邦99購01,0,0,0,0,0,0,0,0,0,2000,0,0,0,112000,110000,2000,2000
057614,華新科元富99購04,0,0,0,0,0,0,0,0,0,2000,0,0,0,2000,0,2000,2000
057003,立積國票98購01  ,0,0,0,0,0,0,0,0,0,2000,0,0,0,2000,0,2000,2000
057009,信邦中信99購01  ,0,0,0,0,0,0,0,0,0,2000,0,0,0,50000,48000,2000,2000
057148,玉晶光國票99購04,0,0,0,0,0,0,0,0,0,2000,0,0,0,18000,16000,2000,2000
057221,華通國票98購03  ,0,0,0,0,0,0,0,0,0,2000,0,0,0,4000,2000,2000,2000
057343,道瓊反統一9A購01,0,0,0,0,0,0,0,0,0,2000,0,0,0,17000,15000,2000,2000
056713,華擎永豐98購01  ,0,0,0,0,0,0,0,0,0,2000,0,0,0,2000,0,2000,2000
056820,欣興永豐98購02  ,0,0,0,0,0,0,0,0,0,2000,0,0,0,26000,24000,2000,2000
056836,國巨元富98購01  ,0,0,0,0,0,0,0,0,0,2000,0,0,0,2000,0,2000,2000
055456,上銀富邦99購01  ,0,0,0,0,0,0,0,0,0,2000,0,0,0,2000,0,2000,2000
058440,玉晶光統一99購02,0,0,0,0,0,0,0,0,0,2000,0,0,0,2000,0,2000,2000
059770,A50正2群益9C購01,0,0,0,0,0,0,0,0,0,2000,0,0,0,3000,1000,2000,2000
059088,台積電元大99購27,0,0,0,0,0,0,0,0,0,2000,0,0,0,6000,4000,2000,2000
059245,聯發科凱基9A購03,0,0,0,0,0,0,0,0,0,2000,0,0,0,2000,0,2000,2000
059268,鎧勝中信01購01  ,0,0,0,0,0,0,0,0,0,2000,0,0,0,2000,0,2000,2000
059264,台光電中信99購02,0,0,0,0,0,0,0,0,0,2000,0,0,0,22000,20000,2000,2000
05916P,聯發科元大96售20,0,0,0,0,0,0,0,0,0,2000,0,0,0,2000,0,2000,2000
059784,台光電元大9A購01,0,0,0,0,0,0,0,0,0,2000,0,0,0,12000,10000,2000,2000
057916,國巨凱基98購13  ,0,0,0,0,0,0,0,0,0,2000,0,0,0,2000,0,2000,2000
058916,SGBR2X元富99購02,0,0,0,0,0,0,0,0,0,2000,0,0,0,2000,0,2000,2000
061462,國巨群益9A購11  ,0,0,0,0,0,0,0,0,0,2000,0,0,0,2000,0,2000,2000
060185,聯發科元富04購01,0,0,0,0,0,0,0,0,0,2000,0,0,0,2000,0,2000,2000
060264,華新科國票9A購02,0,0,0,0,0,0,0,0,0,2000,0,0,0,2000,0,2000,2000
061234,國巨元大9A購18  ,0,0,0,0,0,0,0,0,0,2000,0,0,0,2000,0,2000,2000
061200,道瓊反元大9A購06,0,0,0,0,0,0,0,0,0,2000,0,0,0,2000,0,2000,2000
061209,聯發科元大9A購10,0,0,0,0,0,0,0,0,0,2000,0,0,0,2000,0,2000,2000
061179,華擎凱基9A購01  ,0,0,0,0,0,0,0,0,0,2000,0,0,0,2000,0,2000,2000
061161,南六群益9A購01  ,0,0,0,0,0,0,0,0,0,2000,0,0,0,2000,0,2000,2000
060576,欣興中信9B購01  ,0,0,0,0,0,0,0,0,0,2000,0,0,0,2000,0,2000,2000
060643,牧德永豐9A購03  ,0,0,0,0,0,0,0,0,0,2000,0,0,0,4000,2000,2000,2000
060496,滬深2X元大9A購05,0,0,0,0,0,0,0,0,0,2000,0,0,0,2000,0,2000,2000
060480,億豐元大9A購02  ,0,0,0,0,0,0,0,0,0,2000,0,0,0,7000,5000,2000,2000
059590,台積電元大99購39,0,0,0,0,0,0,0,0,0,2000,0,0,0,3000,1000,2000,2000
059560,T50反1凱基99購08,0,0,0,0,0,0,0,0,0,2000,0,0,0,2000,0,2000,2000
058567,華新科凱基9A購02,0,0,0,0,0,0,0,0,0,2000,0,0,0,2000,0,2000,2000
059617,A50正2群益01購02,0,0,0,0,0,0,0,0,0,2000,0,0,0,2000,0,2000,2000
061025,創意富邦9B購01  ,0,0,0,0,0,0,0,0,0,2000,0,0,0,30000,28000,2000,2000
061056,臺指反國票02購01,0,0,0,0,0,0,0,0,0,2000,0,0,0,2000,0,2000,2000
060405,中租國泰9C購01  ,0,0,0,0,0,0,0,0,0,2000,0,0,0,2000,0,2000,2000
058162,上銀日盛9B購01  ,0,0,0,0,0,0,0,0,0,2000,0,0,0,2000,0,2000,2000
058139,臻鼎元大99購01  ,0,0,0,0,0,0,0,0,0,2000,0,0,0,107000,105000,2000,2000
058088,鴻海元大9A購01  ,0,0,0,0,0,0,0,0,0,2000,0,0,0,2000,0,2000,2000
058033,景碩永豐98購02  ,0,0,0,0,0,0,0,0,0,2000,0,0,0,2000,0,2000,2000
058613,茂林元大99購03  ,0,0,0,0,0,0,0,0,0,2000,0,0,0,2000,0,2000,2000
064226,TPK國票01購01   ,0,0,0,0,0,0,0,0,0,2000,0,0,0,40000,38000,2000,2000
064288,瀚宇博元大9C購02,0,0,0,0,0,0,0,0,0,2000,0,0,0,2000,0,2000,2000
064359,華通統一9C購05  ,0,0,0,0,0,0,0,0,0,2000,0,0,0,37000,35000,2000,2000
063912,信邦凱基01購01  ,0,0,0,0,0,0,0,0,0,2000,0,0,0,20000,18000,2000,2000
063919,大立光元富03購01,0,0,0,0,0,0,0,0,0,2000,0,0,0,2000,0,2000,2000
063922,大立光元富9C購04,0,0,0,0,0,0,0,0,0,2000,0,0,0,65000,63000,2000,2000
063791,玉晶光台新9C購01,0,0,0,0,0,0,0,0,0,2000,0,0,0,2000,0,2000,2000
064017,道瓊反元大9C購03,0,0,0,0,0,0,0,0,0,2000,0,0,0,12000,10000,2000,2000
063734,可成元大9B購04  ,0,0,0,0,0,0,0,0,0,2000,0,0,0,13000,11000,2000,2000
063768,華新科國泰9C購03,0,0,0,0,0,0,0,0,0,2000,0,0,0,2000,0,2000,2000
063389,大立光兆豐9C購02,0,0,0,0,0,0,0,0,0,2000,0,0,0,2000,0,2000,2000
062188,貿聯元大9B購02  ,0,0,0,0,0,0,0,0,0,2000,0,0,0,2000,0,2000,2000
062256,聯發科元大9B購08,0,0,0,0,0,0,0,0,0,2000,0,0,0,2000,0,2000,2000
062378,台表科元大9C購01,0,0,0,0,0,0,0,0,0,2000,0,0,0,32000,30000,2000,2000
062376,中租元大9B購02  ,0,0,0,0,0,0,0,0,0,2000,0,0,0,76000,74000,2000,2000
061851,智邦國票9B購01  ,0,0,0,0,0,0,0,0,0,2000,0,0,0,2000,0,2000,2000
061952,臺股指群益9B購01,0,0,0,0,0,0,0,0,0,2000,0,0,0,5000,3000,2000,2000
062042,台勝科凱基9C購01,0,0,0,0,0,0,0,0,0,2000,0,0,0,2000,0,2000,2000
062009,聯發科國泰01購01,0,0,0,0,0,0,0,0,0,2000,0,0,0,2000,0,2000,2000
063114,南電兆豐9B購01  ,0,0,0,0,0,0,0,0,0,2000,0,0,0,2000,0,2000,2000
063126,TPK元大9B購01   ,0,0,0,0,0,0,0,0,0,2000,0,0,0,5000,3000,2000,2000
062818,大立光兆豐9C購01,0,0,0,0,0,0,0,0,0,2000,0,0,0,2000,0,2000,2000
062448,健策元大9C購04  ,0,0,0,0,0,0,0,0,0,2000,0,0,0,3000,1000,2000,2000
062759,旺宏凱基9B購07  ,0,0,0,0,0,0,0,0,0,2000,0,0,0,6000,4000,2000,2000
06904P,TPK凱基98售03   ,0,0,0,0,0,0,0,0,0,1000,0,0,0,96000,95000,1000,1000
06922P,元上證群益9C售01,0,0,0,0,0,0,0,0,0,1000,0,0,0,1000,0,1000,1000
06877P,台積電兆豐98售04,0,0,0,0,0,0,0,0,0,1000,0,0,0,23000,22000,1000,1000
06630P,國巨群益98售08  ,0,0,0,0,0,0,0,0,0,1000,0,0,0,1000,0,1000,1000
06688P,鴻海中信02售01  ,0,0,0,0,0,0,0,0,0,1000,0,0,0,1000,0,1000,1000
06689P,鴻海中信9C售02  ,0,0,0,0,0,0,0,0,0,1000,0,0,0,217000,216000,1000,1000
064586,緯創永豐9C購01  ,0,0,0,0,0,0,0,0,0,1000,0,0,0,7000,6000,1000,1000
064407,貿聯凱基02購02  ,0,0,0,0,0,0,0,0,0,1000,0,0,0,1000,0,1000,1000
064536,富邦金國票01購01,0,0,0,0,0,0,0,0,0,1000,0,0,0,66000,65000,1000,1000
07044P,台積電元大99售13,0,0,0,0,0,0,0,0,0,1000,0,0,0,2000,1000,1000,1000
07050P,宏達電中信9B售01,0,0,0,0,0,0,0,0,0,1000,0,0,0,30000,29000,1000,1000
07901P,臺股指凱基9B售04,0,0,0,0,0,0,0,0,0,1000,0,0,0,1000,0,1000,1000
07686P,祥碩凱基9A售02  ,0,0,0,0,0,0,0,0,0,1000,0,0,0,1000,0,1000,1000
07638P,長榮航國票9A售01,0,0,0,0,0,0,0,0,0,1000,0,0,0,41000,40000,1000,1000
07808P,超眾永豐9A售04  ,0,0,0,0,0,0,0,0,0,1000,0,0,0,1000,0,1000,1000
07752P,台灣50元大9C售33,0,0,0,0,0,0,0,0,0,1000,0,0,0,1000,0,1000,1000
07729P,臺股指凱基9A售21,0,0,0,0,0,0,0,0,0,1000,0,0,0,1000,0,1000,1000
07773P,台灣50群益9A售15,0,0,0,0,0,0,0,0,0,1000,0,0,0,1000,0,1000,1000
07781P,高鐵凱基9A售02  ,0,0,0,0,0,0,0,0,0,1000,0,0,0,1000,0,1000,1000
08162P,台灣50台新9C售06,0,0,0,0,0,0,0,0,0,1000,0,0,0,1000,0,1000,1000
08188P,群創群益9B售04  ,0,0,0,0,0,0,0,0,0,1000,0,0,0,41000,40000,1000,1000
08206P,鴻海群益9C售03  ,0,0,0,0,0,0,0,0,0,1000,0,0,0,1000,0,1000,1000
08353P,聯電元大9C售04  ,0,0,0,0,0,0,0,0,0,1000,0,0,0,228000,227000,1000,1000
1529,樂士            ,3000,12000,-9000,0,0,0,0,0,0,10000,10000,0,10000,0,0,0,1000
1312A,國喬特          ,0,0,0,0,0,0,0,0,0,1000,1000,0,1000,0,0,0,1000
1903,士紙            ,28000,27000,1000,0,0,0,0,0,0,0,0,0,0,0,0,0,1000
3305,昇貿            ,1000,0,1000,0,0,0,0,0,0,0,0,0,0,0,0,0,1000
3060,銘異            ,195000,193000,2000,0,0,0,0,0,0,-1000,0,1000,-1000,0,0,0,1000
2429,銘旺科          ,1000,0,1000,0,0,0,0,0,0,0,0,0,0,0,0,0,1000
4571,鈞興-KY         ,3000,2000,1000,0,0,0,0,0,0,0,0,0,0,0,0,0,1000
6655,科定            ,2000,1000,1000,0,0,0,0,0,0,0,0,0,0,0,0,0,1000
055439,台表科國票98購02,0,0,0,0,0,0,0,0,0,1000,0,0,0,1000,0,1000,1000
056624,景碩永豐98購01  ,0,0,0,0,0,0,0,0,0,1000,0,0,0,1000,0,1000,1000
056662,臺股指元大9A購09,0,0,0,0,0,0,0,0,0,1000,0,0,0,1000,0,1000,1000
056697,緯穎群益98購01  ,0,0,0,0,0,0,0,0,0,1000,0,0,0,1000,0,1000,1000
056704,健策國泰99購01  ,0,0,0,0,0,0,0,0,0,1000,0,0,0,1000,0,1000,1000
055584,國巨元大97購11  ,0,0,0,0,0,0,0,0,0,1000,0,0,0,1000,0,1000,1000
057317,技嘉凱基98購02  ,0,0,0,0,0,0,0,0,0,1000,0,0,0,127000,126000,1000,1000
057308,同欣電兆豐99購01,0,0,0,0,0,0,0,0,0,1000,0,0,0,1000,0,1000,1000
057323,智邦群益98購01  ,0,0,0,0,0,0,0,0,0,1000,0,0,0,1000,0,1000,1000
057296,智原永豐98購01  ,0,0,0,0,0,0,0,0,0,1000,0,0,0,1000,0,1000,1000
057270,遠東新元大98購01,0,0,0,0,0,0,0,0,0,1000,0,0,0,1000,0,1000,1000
057166,國巨元大99購06  ,0,0,0,0,0,0,0,0,0,1000,0,0,0,10000,9000,1000,1000
057099,元油2X中信9B購03,0,0,0,0,0,0,0,0,0,1000,0,0,0,1000,0,1000,1000
057092,健策元富98購01  ,0,0,0,0,0,0,0,0,0,1000,0,0,0,122000,121000,1000,1000
056252,聯發科兆豐97購03,0,0,0,0,0,0,0,0,0,1000,0,0,0,35000,34000,1000,1000
056295,國巨元大97購16  ,0,0,0,0,0,0,0,0,0,1000,0,0,0,1000,0,1000,1000
056320,京鼎群益99購01  ,0,0,0,0,0,0,0,0,0,1000,0,0,0,1000,0,1000,1000
055732,全新元富9A購01  ,0,0,0,0,0,0,0,0,0,1000,0,0,0,1000,0,1000,1000
055798,聯茂富邦98購01  ,0,0,0,0,0,0,0,0,0,1000,0,0,0,1000,0,1000,1000
05689P,滬深2X中信97售02,0,0,0,0,0,0,0,0,0,1000,0,0,0,1000,0,1000,1000
056025,嘉晶群益97購01  ,0,0,0,0,0,0,0,0,0,1000,0,0,0,1000,0,1000,1000
056015,華通群益99購01  ,0,0,0,0,0,0,0,0,0,1000,0,0,0,1000,0,1000,1000
056135,緯創元大98購01  ,0,0,0,0,0,0,0,0,0,1000,0,0,0,15000,14000,1000,1000
059521,南電永豐99購03  ,0,0,0,0,0,0,0,0,0,1000,0,0,0,1000,0,1000,1000
059903,S&P正2元大99購02,0,0,0,0,0,0,0,0,0,1000,0,0,0,1000,0,1000,1000
059978,國巨元大99購29  ,0,0,0,0,0,0,0,0,0,1000,0,0,0,1000,0,1000,1000
05998P,台積電元大97售12,0,0,0,0,0,0,0,0,0,1000,0,0,0,1000,0,1000,1000
059982,聯發科元大99購37,0,0,0,0,0,0,0,0,0,1000,0,0,0,1000,0,1000,1000
05992P,華通元大96售05  ,0,0,0,0,0,0,0,0,0,1000,0,0,0,1000,0,1000,1000
03012X,元展12          ,0,0,0,0,0,0,0,0,0,1000,0,0,0,3000,2000,1000,1000
03035X,元展32          ,0,0,0,0,0,0,0,0,0,1000,0,0,0,1000,0,1000,1000
05241P,鴻海國泰97售04  ,0,0,0,0,0,0,0,0,0,1000,0,0,0,1000,0,1000,1000
052318,友達元大98購01  ,0,0,0,0,0,0,0,0,0,1000,0,0,0,1000,0,1000,1000
052604,建準元大97購01  ,0,0,0,0,0,0,0,0,0,1000,0,0,0,36000,35000,1000,1000
052969,建準群益97購01  ,0,0,0,0,0,0,0,0,0,1000,0,0,0,1000,0,1000,1000
053174,同欣電群益98購02,0,0,0,0,0,0,0,0,0,1000,0,0,0,1000,0,1000,1000
055138,大毅永豐97購02  ,0,0,0,0,0,0,0,0,0,1000,0,0,0,1000,0,1000,1000
054965,健策元大98購04  ,0,0,0,0,0,0,0,0,0,1000,0,0,0,1000,0,1000,1000
050786,健策國泰96購01  ,0,0,0,0,0,0,0,0,0,1000,0,0,0,1000,0,1000,1000
050492,漢唐國泰96購01  ,0,0,0,0,0,0,0,0,0,1000,0,0,0,1000,0,1000,1000
050171,臺指反元大97購03,0,0,0,0,0,0,0,0,0,1000,0,0,0,1000,0,1000,1000
03675C,臺股指元大04牛02,0,0,0,0,0,0,0,0,0,1000,0,0,0,1000,0,1000,1000
04590P,元石油元大97售01,0,0,0,0,0,0,0,0,0,1000,0,0,0,1000,0,1000,1000
056405,聯茂群益98購01  ,0,0,0,0,0,0,0,0,0,1000,0,0,0,1000,0,1000,1000
056367,祥碩元大98購01  ,0,0,0,0,0,0,0,0,0,1000,0,0,0,1000,0,1000,1000
056408,奇鋐國票99購01  ,0,0,0,0,0,0,0,0,0,1000,0,0,0,1000,0,1000,1000
056415,聯發科中信98購04,0,0,0,0,0,0,0,0,0,1000,0,0,0,21000,20000,1000,1000
057526,智邦元大98購10  ,0,0,0,0,0,0,0,0,0,1000,0,0,0,1000,0,1000,1000
057536,康控元大99購03  ,0,0,0,0,0,0,0,0,0,1000,0,0,0,1000,0,1000,1000
053474,聯發科元大97購06,0,0,0,0,0,0,0,0,0,1000,0,0,0,1000,0,1000,1000
055335,健策兆豐98購01  ,0,0,0,0,0,0,0,0,0,1000,0,0,0,1000,0,1000,1000
055270,上銀元大97購03  ,0,0,0,0,0,0,0,0,0,1000,0,0,0,1000,0,1000,1000
054102,百和國票97購04  ,0,0,0,0,0,0,0,0,0,1000,0,0,0,1000,0,1000,1000
054510,S&P反1元大98購01,0,0,0,0,0,0,0,0,0,1000,0,0,0,1000,0,1000,1000
054268,健策第一96購01  ,0,0,0,0,0,0,0,0,0,1000,0,0,0,1000,0,1000,1000
058618,南電元大99購02  ,0,0,0,0,0,0,0,0,0,1000,0,0,0,1000,0,1000,1000
061093,華新科統一9B購03,0,0,0,0,0,0,0,0,0,1000,0,0,0,1000,0,1000,1000
05865P,大立光元大96售09,0,0,0,0,0,0,0,0,0,1000,0,0,0,1000,0,1000,1000
058112,神達元富98購01  ,0,0,0,0,0,0,0,0,0,1000,0,0,0,1000,0,1000,1000
058116,正崴中信99購02  ,0,0,0,0,0,0,0,0,0,1000,0,0,0,49000,48000,1000,1000
058167,鴻海凱基9A購03  ,0,0,0,0,0,0,0,0,0,1000,0,0,0,1000,0,1000,1000
058275,S&P500中信9B購01,0,0,0,0,0,0,0,0,0,1000,0,0,0,4000,3000,1000,1000
058181,華新科國泰9B購01,0,0,0,0,0,0,0,0,0,1000,0,0,0,6000,5000,1000,1000
06041P,全新永豐96售03  ,0,0,0,0,0,0,0,0,0,1000,0,0,0,1000,0,1000,1000
060746,玉晶光國票9B購02,0,0,0,0,0,0,0,0,0,1000,0,0,0,1000,0,1000,1000
058574,台積電群益99購03,0,0,0,0,0,0,0,0,0,1000,0,0,0,5000,4000,1000,1000
059555,台灣50凱基9A購06,0,0,0,0,0,0,0,0,0,1000,0,0,0,2000,1000,1000,1000
059600,緯穎元大99購07  ,0,0,0,0,0,0,0,0,0,1000,0,0,0,1000,0,1000,1000
059606,上銀富邦9B購02  ,0,0,0,0,0,0,0,0,0,1000,0,0,0,1000,0,1000,1000
060529,聯發科中信9A購04,0,0,0,0,0,0,0,0,0,1000,0,0,0,1000,0,1000,1000
060607,玉晶光凱基9A購06,0,0,0,0,0,0,0,0,0,1000,0,0,0,1000,0,1000,1000
061239,聯發科兆豐9A購01,0,0,0,0,0,0,0,0,0,1000,0,0,0,1000,0,1000,1000
060295,貿聯元大9A購03  ,0,0,0,0,0,0,0,0,0,1000,0,0,0,8000,7000,1000,1000
060301,國巨富邦9C購02  ,0,0,0,0,0,0,0,0,0,1000,0,0,0,1000,0,1000,1000
060262,臺股指凱基9B購02,0,0,0,0,0,0,0,0,0,1000,0,0,0,1000,0,1000,1000
061128,大立光永豐9A購02,0,0,0,0,0,0,0,0,0,1000,0,0,0,1000,0,1000,1000
060111,臻鼎元大99購04  ,0,0,0,0,0,0,0,0,0,1000,0,0,0,1000,0,1000,1000
061412,儒鴻群益9A購01  ,0,0,0,0,0,0,0,0,0,1000,0,0,0,1000,0,1000,1000
061408,華新科國票9A購06,0,0,0,0,0,0,0,0,0,1000,0,0,0,19000,18000,1000,1000
061549,泰碩群益9A購01  ,0,0,0,0,0,0,0,0,0,1000,0,0,0,1000,0,1000,1000
061493,T50反1國票9B購04,0,0,0,0,0,0,0,0,0,1000,0,0,0,3000,2000,1000,1000
061471,台積電元大9A購31,0,0,0,0,0,0,0,0,0,1000,0,0,0,3000,2000,1000,1000
06165P,臺股指凱基9A售03,0,0,0,0,0,0,0,0,0,1000,0,0,0,1000,0,1000,1000
061681,南電元大9A購08  ,0,0,0,0,0,0,0,0,0,1000,0,0,0,13000,12000,1000,1000
061674,聯發科元大9A購12,0,0,0,0,0,0,0,0,0,1000,0,0,0,1000,0,1000,1000
061341,華新科元大9A購16,0,0,0,0,0,0,0,0,0,1000,0,0,0,1000,0,1000,1000
057976,旺宏永豐98購03  ,0,0,0,0,0,0,0,0,0,1000,0,0,0,1000,0,1000,1000
058833,台表科永豐99購01,0,0,0,0,0,0,0,0,0,1000,0,0,0,8000,7000,1000,1000
058783,臺股指國票99購02,0,0,0,0,0,0,0,0,0,1000,0,0,0,28000,27000,1000,1000
059871,義隆凱基99購03  ,0,0,0,0,0,0,0,0,0,1000,0,0,0,1000,0,1000,1000
059165,南亞科凱基99購04,0,0,0,0,0,0,0,0,0,1000,0,0,0,1000,0,1000,1000
059112,上銀永豐99購01  ,0,0,0,0,0,0,0,0,0,1000,0,0,0,1000,0,1000,1000
059145,創意國票99購02  ,0,0,0,0,0,0,0,0,0,1000,0,0,0,2000,1000,1000,1000
059355,國巨富邦9B購03  ,0,0,0,0,0,0,0,0,0,1000,0,0,0,1000,0,1000,1000
059361,玉晶光永豐99購04,0,0,0,0,0,0,0,0,0,1000,0,0,0,1000,0,1000,1000
059087,台積電元大99購26,0,0,0,0,0,0,0,0,0,1000,0,0,0,5000,4000,1000,1000
059704,聯發科凱基9A購08,0,0,0,0,0,0,0,0,0,1000,0,0,0,1000,0,1000,1000
05899P,臺股指凱基96售30,0,0,0,0,0,0,0,0,0,1000,0,0,0,1000,0,1000,1000
059673,玉山金元富99購01,0,0,0,0,0,0,0,0,0,1000,0,0,0,1000,0,1000,1000
058765,緯穎群益99購03  ,0,0,0,0,0,0,0,0,0,1000,0,0,0,1000,0,1000,1000
058310,大立光元大99購10,0,0,0,0,0,0,0,0,0,1000,0,0,0,1000,0,1000,1000
058409,鴻海兆豐99購05  ,0,0,0,0,0,0,0,0,0,1000,0,0,0,2000,1000,1000,1000
062775,大成鋼元大9B購02,0,0,0,0,0,0,0,0,0,1000,0,0,0,298000,297000,1000,1000
062776,鴻海元大9B購03  ,0,0,0,0,0,0,0,0,0,1000,0,0,0,1000,0,1000,1000
062777,鴻海元大9C購03  ,0,0,0,0,0,0,0,0,0,1000,0,0,0,1000,0,1000,1000
062737,聯發科國票9B購03,0,0,0,0,0,0,0,0,0,1000,0,0,0,1000,0,1000,1000
06274P,臺股指凱基97售06,0,0,0,0,0,0,0,0,0,1000,0,0,0,1000,0,1000,1000
062619,台表科元大9B購03,0,0,0,0,0,0,0,0,0,1000,0,0,0,12000,11000,1000,1000
062623,元金2X國票01購01,0,0,0,0,0,0,0,0,0,1000,0,0,0,1000,0,1000,1000
062841,臺股指群益9B購08,0,0,0,0,0,0,0,0,0,1000,0,0,0,1000,0,1000,1000
062860,華擎國票9B購02  ,0,0,0,0,0,0,0,0,0,1000,0,0,0,1000,0,1000,1000
063088,緯穎凱基9B購04  ,0,0,0,0,0,0,0,0,0,1000,0,0,0,84000,83000,1000,1000
063084,可成凱基9C購01  ,0,0,0,0,0,0,0,0,0,1000,0,0,0,36000,35000,1000,1000
062997,嘉晶國票9B購03  ,0,0,0,0,0,0,0,0,0,1000,0,0,0,1000,0,1000,1000
061978,旺宏元大9C購01  ,0,0,0,0,0,0,0,0,0,1000,0,0,0,1000,0,1000,1000
061754,晶技麥證9B購01  ,0,0,0,1000,0,1000,0,0,0,1000,0,0,0,1000,0,1000,1000
061795,智邦永豐9B購01  ,0,0,0,0,0,0,0,0,0,1000,0,0,0,1000,0,1000,1000
062300,T50反1中信03購02,0,0,0,0,0,0,0,0,0,1000,0,0,0,1000,0,1000,1000
063442,金像電統一01購01,0,0,0,0,0,0,0,0,0,1000,0,0,0,5000,4000,1000,1000
063221,京元電群益9B購02,0,0,0,0,0,0,0,0,0,1000,0,0,0,1000,0,1000,1000
063178,聯發科兆豐9B購04,0,0,0,0,0,0,0,0,0,1000,0,0,0,1000,0,1000,1000
063193,聯發科台新9B購02,0,0,0,0,0,0,0,0,0,1000,0,0,0,1000,0,1000,1000
064037,寶成元大9C購02  ,0,0,0,0,0,0,0,0,0,1000,0,0,0,123000,122000,1000,1000
063802,南茂凱基9C購01  ,0,0,0,0,0,0,0,0,0,1000,0,0,0,66000,65000,1000,1000
064341,聯詠元大9C購01  ,0,0,0,0,0,0,0,0,0,1000,0,0,0,49000,48000,1000,1000
064352,嘉聯益元大9C購01,0,0,0,0,0,0,0,0,0,1000,0,0,0,1000,0,1000,1000
064111,國巨國票02購02  ,0,0,0,0,0,0,0,0,0,1000,0,0,0,7000,6000,1000,1000
8367,建新國際        ,3000,2000,1000,0,0,0,0,0,0,0,0,0,0,0,0,0,1000
8443,阿瘦            ,0,2000,-2000,0,0,0,0,0,0,3000,3000,0,3000,0,0,0,1000
6671,三能-KY         ,1000,1000,0,0,0,0,0,0,0,0,0,0,0,0,0,0,0
3383,新世紀          ,1000,1000,0,0,0,0,0,0,0,0,0,0,0,0,0,0,0
2739,寒舍            ,24000,23000,1000,0,0,0,0,0,0,-1000,0,1000,-1000,0,0,0,0
1324,地球            ,2000,2000,0,0,0,0,0,0,0,0,0,0,0,0,0,0,0
08284P,鴻海凱基01售03  ,0,0,0,0,0,0,0,0,0,0,0,0,0,20000,20000,0,0
08405P,聯發科元大9C售11,0,0,0,0,0,0,0,0,0,0,0,0,0,10000,10000,0,0
08412P,群創凱基01售03  ,0,0,0,0,0,0,0,0,0,0,0,0,0,40000,40000,0,0
08179P,華新科元大9B售13,0,0,0,0,0,0,0,0,0,0,0,0,0,40000,40000,0,0
08259P,華新科元大9C售04,0,0,0,0,0,0,0,0,0,0,0,0,0,40000,40000,0,0
08165P,台表科永豐9B售02,0,0,0,0,0,0,0,0,0,0,0,0,0,20000,20000,0,0
08153P,台表科統一9B售01,0,0,0,0,0,0,0,0,0,0,0,0,0,40000,40000,0,0
07788P,華新科群益9A售08,0,0,0,0,0,0,0,0,0,0,0,0,0,40000,40000,0,0
07767P,華新科群益9A售07,0,0,0,0,0,0,0,0,0,0,0,0,0,40000,40000,0,0
07730P,臺股指凱基9A售22,0,0,0,0,0,0,0,0,0,0,0,0,0,15000,15000,0,0
07745P,華新科凱基9A售10,0,0,0,0,0,0,0,0,0,0,0,0,0,40000,40000,0,0
07746P,華新科凱基9A售11,0,0,0,0,0,0,0,0,0,0,0,0,0,40000,40000,0,0
07614P,華新科群益9A售04,0,0,0,0,0,0,0,0,0,0,0,0,0,40000,40000,0,0
07609P,台灣50國票9C售04,0,0,0,0,0,0,0,0,0,0,0,0,0,1000,1000,0,0
07610P,大立光國票9A售04,0,0,0,0,0,0,0,0,0,0,0,0,0,10000,10000,0,0
07690P,華新科元大9A售15,0,0,0,0,0,0,0,0,0,0,0,0,0,40000,40000,0,0
07669P,華新科元大9A售14,0,0,0,0,0,0,0,0,0,0,0,0,0,40000,40000,0,0
07676P,華新科永豐9A售02,0,0,0,0,0,0,0,0,0,0,0,0,0,40000,40000,0,0
07917P,可成永豐9B售01  ,0,0,0,0,0,0,0,0,0,0,0,0,0,30000,30000,0,0
07873P,華新科群益9B售03,0,0,0,0,0,0,0,0,0,0,0,0,0,20000,20000,0,0
07245P,台積電凱基99售16,0,0,0,0,0,0,0,0,0,0,0,0,0,7000,7000,0,0
07172P,臺股指國票99售09,0,0,0,0,0,0,0,0,0,0,0,0,0,1000,1000,0,0
07211P,南亞科凱基99售05,0,0,0,0,0,0,0,0,0,0,0,0,0,20000,20000,0,0
07304P,臺股指元大9A售37,0,0,0,0,0,0,0,0,0,0,0,0,0,105000,105000,0,0
07388P,臺股指群益9C售07,0,0,0,0,0,0,0,0,0,0,0,0,0,3000,3000,0,0
07390P,華新科康和99售02,0,0,0,0,0,0,0,0,0,0,0,0,0,40000,40000,0,0
07456P,華新科元大9A售06,0,0,0,0,0,0,0,0,0,0,0,0,0,40000,40000,0,0
07473P,祥碩元大9A售01  ,0,0,0,0,0,0,0,0,0,0,0,0,0,79000,79000,0,0
07489P,國巨國票9A售07  ,0,0,0,0,0,0,0,0,0,0,0,0,0,20000,20000,0,0
07512P,國巨元大9A售08  ,0,0,0,0,0,0,0,0,0,0,0,0,0,50000,50000,0,0
07501P,華新科元大9A售07,0,0,0,0,0,0,0,0,0,0,0,0,0,40000,40000,0,0
064505,康控元大9C購01  ,0,0,0,0,0,0,0,0,0,0,0,0,0,18000,18000,0,0
064535,國產國票01購01  ,0,0,0,0,0,0,0,0,0,0,0,0,0,35000,35000,0,0
064473,技嘉麥證9C購01  ,0,0,0,35000,35000,0,0,0,0,0,0,0,0,35000,35000,0,0
064501,大立光元大01購02,0,0,0,0,0,0,0,0,0,0,0,0,0,4000,4000,0,0
064503,日電貿元大9C購01,0,0,0,0,0,0,0,0,0,0,0,0,0,59000,59000,0,0
064437,可成凱基02購01  ,0,0,0,0,0,0,0,0,0,0,0,0,0,2000,2000,0,0
064458,玉晶光統一01購09,0,0,0,0,0,0,0,0,0,0,0,0,0,4000,4000,0,0
064449,金寶統一01購02  ,0,0,0,0,0,0,0,0,0,0,0,0,0,35000,35000,0,0
064578,TPK國泰02購01   ,0,0,0,0,0,0,0,0,0,0,0,0,0,23000,23000,0,0
064659,台達電元大9C購02,0,0,0,0,0,0,0,0,0,0,0,0,0,10000,10000,0,0
064669,健策元大01購03  ,0,0,0,0,0,0,0,0,0,0,0,0,0,44000,44000,0,0
064673,南茂元大9C購01  ,0,0,0,0,0,0,0,0,0,0,0,0,0,17000,17000,0,0
064785,康友群益9C購01  ,0,0,0,0,0,0,0,0,0,0,0,0,0,5000,5000,0,0
064758,可成凱基02購02  ,0,0,0,0,0,0,0,0,0,0,0,0,0,3000,3000,0,0
06731P,聯茂元大98售05  ,0,0,0,0,0,0,0,0,0,0,0,0,0,26000,26000,0,0
06631P,玉晶光群益9A售03,0,0,0,0,0,0,0,0,0,0,0,0,0,20000,20000,0,0
06617P,智邦元大98售03  ,0,0,0,0,0,0,0,0,0,0,0,0,0,100000,100000,0,0
06594P,立積元大98售01  ,0,0,0,0,0,0,0,0,0,0,0,0,0,30000,30000,0,0
06608P,立積群益99售02  ,0,0,0,0,0,0,0,0,0,0,0,0,0,40000,40000,0,0
06543P,鴻海元大98售08  ,0,0,0,0,0,0,0,0,0,0,0,0,0,50000,50000,0,0
064830,可成統一9C購04  ,0,0,0,0,0,0,0,0,0,0,0,0,0,3000,3000,0,0
06487P,聯發科統一99售02,0,0,0,0,0,0,0,0,0,0,0,0,0,20000,20000,0,0
06495P,華新科亞東9A售01,0,0,0,0,0,0,0,0,0,0,0,0,0,1786000,1786000,0,0
06874P,台積電台新98售02,0,0,0,0,0,0,0,0,0,0,0,0,0,10000,10000,0,0
06854P,鴻海富邦99售05  ,0,0,0,0,0,0,0,0,0,0,0,0,0,100000,100000,0,0
06843P,鴻海元大98售11  ,0,0,0,0,0,0,0,0,0,0,0,0,0,650000,650000,0,0
06778P,台積電元大99售06,0,0,0,0,0,0,0,0,0,0,0,0,0,500000,500000,0,0
06767P,台積電永昌99售03,0,0,0,0,0,0,0,0,0,0,0,0,0,10000,10000,0,0
06911P,鴻海元大99售09  ,0,0,0,0,0,0,0,0,0,0,0,0,0,50000,50000,0,0
06981P,台灣50麥證99售02,0,0,0,0,50000,-50000,0,0,0,0,0,0,0,50000,50000,0,0
06993P,鴻海凱基99售05  ,0,0,0,0,0,0,0,0,0,0,0,0,0,200000,200000,0,0
06985P,華新科富邦9C售02,0,0,0,0,0,0,0,0,0,0,0,0,0,10000,10000,0,0
054231,國巨群益98購03  ,0,0,0,0,0,0,0,0,0,0,0,0,0,3000,3000,0,0
054233,聯發科群益96購04,0,0,0,0,0,0,0,0,0,0,0,0,0,80000,80000,0,0
054112,台積電麥證96購02,0,0,0,205000,0,205000,0,0,0,0,0,0,0,205000,205000,0,0
054194,國巨麥證96購02  ,0,0,0,201000,0,201000,0,0,0,0,0,0,0,201000,201000,0,0
054197,台積電永昌96購07,0,0,0,0,0,0,0,0,0,0,0,0,0,425000,425000,0,0
054318,台虹凱基98購01  ,0,0,0,0,0,0,0,0,0,0,0,0,0,50000,50000,0,0
054309,禾伸堂凱基98購01,0,0,0,0,0,0,0,0,0,0,0,0,0,30000,30000,0,0
054467,隆達凱基97購01  ,0,0,0,0,0,0,0,0,0,0,0,0,0,40000,40000,0,0
054731,S&P反1凱基98購01,0,0,0,0,0,0,0,0,0,0,0,0,0,5000,5000,0,0
054707,聯茂亞東97購01  ,0,0,0,0,0,0,0,0,0,0,0,0,0,300000,300000,0,0
054665,華通元富97購02  ,0,0,0,0,0,0,0,0,0,0,0,0,0,257000,257000,0,0
054610,聯發科永豐97購01,0,0,0,0,0,0,0,0,0,0,0,0,0,10000,10000,0,0
054076,義隆第一96購01  ,0,0,0,0,0,0,0,0,0,0,0,0,0,10000,10000,0,0
053977,新日興元大96購03,0,0,0,0,0,0,0,0,0,0,0,0,0,2000,2000,0,0
053660,群創凱基98購08  ,0,0,0,0,0,0,0,0,0,0,0,0,0,25000,25000,0,0
055312,台虹群益99購01  ,0,0,0,0,0,0,0,0,0,0,0,0,0,100000,100000,0,0
055363,緯穎凱基98購03  ,0,0,0,0,0,0,0,0,0,0,0,0,0,10000,10000,0,0
057506,聯鈞國票99購02  ,0,0,0,0,0,0,0,0,0,0,0,0,0,2000,2000,0,0
057548,微星凱基99購01  ,0,0,0,0,0,0,0,0,0,0,0,0,0,125000,125000,0,0
056532,技嘉凱基98購01  ,0,0,0,0,0,0,0,0,0,0,0,0,0,1000,1000,0,0
057478,智邦元大99購01  ,0,0,0,0,0,0,0,0,0,0,0,0,0,10000,10000,0,0
056487,康友元大98購01  ,0,0,0,0,0,0,0,0,0,0,0,0,0,300000,300000,0,0
056428,台達電凱基99購01,0,0,0,0,0,0,0,0,0,0,0,0,0,5000,5000,0,0
05395P,旺宏元大96售06  ,0,0,0,0,0,0,0,0,0,0,0,0,0,100000,100000,0,0
053848,聯發科元富96購03,0,0,0,0,0,0,0,0,0,0,0,0,0,20000,20000,0,0
053662,矽力凱基97購01  ,0,0,0,0,0,0,0,0,0,0,0,0,0,2000,2000,0,0
054816,聯發科元大97購12,0,0,0,0,0,0,0,0,0,0,0,0,0,32000,32000,0,0
054756,世紀鋼凱基99購01,0,0,0,0,0,0,0,0,0,0,0,0,0,25000,25000,0,0
046159,群創群益98購04  ,0,0,0,0,0,0,0,0,0,0,0,0,0,1000,1000,0,0
035276,南亞科台新97購01,0,0,0,0,0,0,0,0,0,0,0,0,0,30000,30000,0,0
048747,華通元富97購01  ,0,0,0,0,0,0,0,0,0,0,0,0,0,88000,88000,0,0
048892,台郡元富97購01  ,0,0,0,0,0,0,0,0,0,0,0,0,0,106000,106000,0,0
050783,旺宏國泰96購02  ,0,0,0,0,0,0,0,0,0,0,0,0,0,85000,85000,0,0
054896,聯茂日盛97購01  ,0,0,0,0,0,0,0,0,0,0,0,0,0,70000,70000,0,0
054933,南港元大97購01  ,0,0,0,0,0,0,0,0,0,0,0,0,0,1000,1000,0,0
054948,聯發科元大97購14,0,0,0,0,0,0,0,0,0,0,0,0,0,30000,30000,0,0
055142,健策永豐98購01  ,0,0,0,0,0,0,0,0,0,0,0,0,0,21000,21000,0,0
055192,世芯元富97購01  ,0,0,0,0,0,0,0,0,0,0,0,0,0,31000,31000,0,0
055193,世芯元富97購02  ,0,0,0,0,0,0,0,0,0,0,0,0,0,204000,204000,0,0
055087,瑞昱亞東97購01  ,0,0,0,0,0,0,0,0,0,0,0,0,0,200000,200000,0,0
053226,國巨台新97購02  ,0,0,0,0,0,0,0,0,0,0,0,0,0,100000,100000,0,0
053257,華通富邦97購01  ,0,0,0,0,0,0,0,0,0,0,0,0,0,20000,20000,0,0
053258,上証2X群益9A購03,0,0,0,0,0,0,0,0,0,0,0,0,0,50000,50000,0,0
053014,旺宏統一97購02  ,0,0,0,0,0,0,0,0,0,0,0,0,0,50000,50000,0,0
053022,欣興國泰98購01  ,0,0,0,0,0,0,0,0,0,0,0,0,0,4000,4000,0,0
052621,台郡富邦97購01  ,0,0,0,0,0,0,0,0,0,0,0,0,0,10000,10000,0,0
052696,玉晶光麥證97購01,0,0,0,1000,0,1000,0,0,0,0,0,0,0,1000,1000,0,0
052496,華通台新96購02  ,0,0,0,0,0,0,0,0,0,0,0,0,0,210000,210000,0,0
03052X,元展49          ,0,0,0,0,0,0,0,0,0,0,0,0,0,4000,4000,0,0
051503,玉晶光統一97購01,0,0,0,0,0,0,0,0,0,0,0,0,0,1000,1000,0,0
051231,健策群益97購01  ,0,0,0,0,0,0,0,0,0,0,0,0,0,41000,41000,0,0
051382,玉晶光群益98購02,0,0,0,0,0,0,0,0,0,0,0,0,0,6000,6000,0,0
051979,群創凱基97購01  ,0,0,0,0,0,0,0,0,0,0,0,0,0,20000,20000,0,0
052061,樺漢國票96購01  ,0,0,0,0,0,0,0,0,0,0,0,0,0,44000,44000,0,0
00732,國泰RMB短期報酬 ,0,0,0,0,0,0,0,0,0,0,0,0,0,100000,100000,0,0
00707R,元大S&P日圓反1  ,0,0,0,0,0,0,0,0,0,0,0,0,0,1000,1000,0,0
00668K,國泰美國道瓊+U  ,0,0,0,0,0,0,0,0,0,0,0,0,0,100,100,0,0
00657K,國泰日經225+U   ,0,0,0,0,0,0,0,0,0,0,0,0,0,100,100,0,0
00660,元大歐洲50      ,0,0,0,0,0,0,0,0,0,0,0,0,0,132000,132000,0,0
00625K,富邦上証+R      ,0,0,0,0,0,0,0,0,0,0,0,0,0,50000,50000,0,0
00636K,國泰中國A50+U   ,0,0,0,0,0,0,0,0,0,0,0,0,0,100,100,0,0
059893,台積電台新9A購02,0,0,0,0,0,0,0,0,0,0,0,0,0,2000,2000,0,0
059957,中信金康和99購01,0,0,0,0,0,0,0,0,0,0,0,0,0,48000,48000,0,0
060080,台灣50元大02購01,0,0,0,0,0,0,0,0,0,0,0,0,0,121000,121000,0,0
060063,可成兆豐9B購01  ,0,0,0,0,0,0,0,0,0,0,0,0,0,1000,1000,0,0
060089,台積電元大99購54,0,0,0,0,0,0,0,0,0,0,0,0,0,3000,3000,0,0
059530,華新科凱基9A購05,0,0,0,0,0,0,0,0,0,0,0,0,0,9000,9000,0,0
059531,華新科凱基9B購02,0,0,0,0,0,0,0,0,0,0,0,0,0,5000,5000,0,0
059511,宏達電永豐99購02,0,0,0,0,0,0,0,0,0,0,0,0,0,107000,107000,0,0
059467,旺宏元大99購15  ,0,0,0,0,0,0,0,0,0,0,0,0,0,1000,1000,0,0
059469,智邦元大99購03  ,0,0,0,0,0,0,0,0,0,0,0,0,0,21000,21000,0,0
059438,群創元大99購06  ,0,0,0,0,0,0,0,0,0,0,0,0,0,12000,12000,0,0
059440,康控元大9B購01  ,0,0,0,0,0,0,0,0,0,0,0,0,0,31000,31000,0,0
056939,康控元富98購01  ,0,0,0,0,0,0,0,0,0,0,0,0,0,98000,98000,0,0
058505,台積電元大99購08,0,0,0,0,0,0,0,0,0,0,0,0,0,2000,2000,0,0
056138,群創元大9B購01  ,0,0,0,0,0,0,0,0,0,0,0,0,0,106000,106000,0,0
056139,貿聯元大97購04  ,0,0,0,0,0,0,0,0,0,0,0,0,0,68000,68000,0,0
056132,台光電元大97購03,0,0,0,0,0,0,0,0,0,0,0,0,0,2000,2000,0,0
056129,義隆麥證97購01  ,0,0,0,10000,10000,0,0,0,0,0,0,0,0,10000,10000,0,0
056016,鴻海群益97購06  ,0,0,0,0,0,0,0,0,0,0,0,0,0,1395000,1395000,0,0
05601P,鴻海元大97售04  ,0,0,0,0,0,0,0,0,0,0,0,0,0,150000,150000,0,0
056053,和大元大97購05  ,0,0,0,0,0,0,0,0,0,0,0,0,0,162000,162000,0,0
055911,可成凱基98購02  ,0,0,0,0,0,0,0,0,0,0,0,0,0,3000,3000,0,0
056876,群創凱基98購11  ,0,0,0,0,0,0,0,0,0,0,0,0,0,2000,2000,0,0
056877,群創凱基99購04  ,0,0,0,0,0,0,0,0,0,0,0,0,0,2000,2000,0,0
056907,群創元大9C購04  ,0,0,0,0,0,0,0,0,0,0,0,0,0,8000,8000,0,0
055797,華通富邦98購01  ,0,0,0,0,0,0,0,0,0,0,0,0,0,11000,11000,0,0
055788,緯穎凱基97購04  ,0,0,0,0,0,0,0,0,0,0,0,0,0,21000,21000,0,0
055755,禾伸堂兆豐97購02,0,0,0,0,0,0,0,0,0,0,0,0,0,94000,94000,0,0
056334,台積電凱基98購06,0,0,0,0,0,0,0,0,0,0,0,0,0,6000,6000,0,0
056280,上証2X永豐98購01,0,0,0,0,0,0,0,0,0,0,0,0,0,5000,5000,0,0
056309,合勤控元大97購01,0,0,0,0,0,0,0,0,0,0,0,0,0,68000,68000,0,0
057062,立積國泰99購01  ,0,0,0,0,0,0,0,0,0,0,0,0,0,3000,3000,0,0
057072,日月光永豐98購01,0,0,0,0,0,0,0,0,0,0,0,0,0,50000,50000,0,0
057050,群創元大99購03  ,0,0,0,0,0,0,0,0,0,0,0,0,0,2000,2000,0,0
057051,群創元大9B購03  ,0,0,0,0,0,0,0,0,0,0,0,0,0,9000,9000,0,0
057143,台郡兆豐98購01  ,0,0,0,0,0,0,0,0,0,0,0,0,0,303000,303000,0,0
057211,鴻海群益98購05  ,0,0,0,0,0,0,0,0,0,0,0,0,0,130000,130000,0,0
057189,康控元大98購02  ,0,0,0,0,0,0,0,0,0,0,0,0,0,68000,68000,0,0
057325,可成群益9A購01  ,0,0,0,0,0,0,0,0,0,0,0,0,0,1000,1000,0,0
057331,台積電國票99購04,0,0,0,0,0,0,0,0,0,0,0,0,0,21000,21000,0,0
057429,華新科兆豐98購03,0,0,0,0,0,0,0,0,0,0,0,0,0,139000,139000,0,0
057371,可成元大98購08  ,0,0,0,0,0,0,0,0,0,0,0,0,0,19000,19000,0,0
055587,智邦元大97購02  ,0,0,0,0,0,0,0,0,0,0,0,0,0,2000,2000,0,0
055664,和大群益98購02  ,0,0,0,0,0,0,0,0,0,0,0,0,0,5000,5000,0,0
056689,玉晶光統一9A購03,0,0,0,0,0,0,0,0,0,0,0,0,0,7000,7000,0,0
056693,國產群益98購01  ,0,0,0,0,0,0,0,0,0,0,0,0,0,98000,98000,0,0
056681,鴻海統一98購09  ,0,0,0,0,0,0,0,0,0,0,0,0,0,1000,1000,0,0
056771,嘉晶元大99購01  ,0,0,0,0,0,0,0,0,0,0,0,0,0,1000,1000,0,0
056747,致新凱基99購01  ,0,0,0,0,0,0,0,0,0,0,0,0,0,10000,10000,0,0
056646,奇鋐凱基99購02  ,0,0,0,0,0,0,0,0,0,0,0,0,0,25000,25000,0,0
055535,緯創群益98購01  ,0,0,0,0,0,0,0,0,0,0,0,0,0,100000,100000,0,0
056623,禾伸堂永豐98購01,0,0,0,0,0,0,0,0,0,0,0,0,0,20000,20000,0,0
056593,台積電元富98購02,0,0,0,0,0,0,0,0,0,0,0,0,0,20000,20000,0,0
056556,南電凱基98購01  ,0,0,0,0,0,0,0,0,0,0,0,0,0,11000,11000,0,0
056542,緯創凱基98購01  ,0,0,0,0,0,0,0,0,0,0,0,0,0,100000,100000,0,0
058426,旺宏元富99購02  ,0,0,0,0,0,0,0,0,0,0,0,0,0,311000,311000,0,0
058432,台積電統一9B購03,0,0,0,0,0,0,0,0,0,0,0,0,0,10000,10000,0,0
058422,百和麥證99購01  ,0,0,0,50000,50000,0,0,0,0,0,0,0,0,50000,50000,0,0
058743,可成康和99購01  ,0,0,0,0,0,0,0,0,0,0,0,0,0,3000,3000,0,0
058732,矽格永豐99購01  ,0,0,0,0,0,0,0,0,0,0,0,0,0,50000,50000,0,0
058980,鴻海凱基99購06  ,0,0,0,0,0,0,0,0,0,0,0,0,0,1000,1000,0,0
059763,華擎永豐99購03  ,0,0,0,0,0,0,0,0,0,0,0,0,0,10000,10000,0,0
059717,國巨元大99購21  ,0,0,0,0,0,0,0,0,0,0,0,0,0,1000,1000,0,0
059720,台積電元大99購43,0,0,0,0,0,0,0,0,0,0,0,0,0,2000,2000,0,0
059729,群創元大9C購05  ,0,0,0,0,0,0,0,0,0,0,0,0,0,6000,6000,0,0
059066,道瓊指國票04購01,0,0,0,0,0,0,0,0,0,0,0,0,0,5000,5000,0,0
059081,和大元大99購01  ,0,0,0,0,0,0,0,0,0,0,0,0,0,6000,6000,0,0
059058,可成凱基9B購01  ,0,0,0,0,0,0,0,0,0,0,0,0,0,8000,8000,0,0
059366,台積電台新99購04,0,0,0,0,0,0,0,0,0,0,0,0,0,3000,3000,0,0
059317,台積電元大99購34,0,0,0,0,0,0,0,0,0,0,0,0,0,104000,104000,0,0
059216,台積電元大99購29,0,0,0,0,0,0,0,0,0,0,0,0,0,2000,2000,0,0
059247,可成凱基99購05  ,0,0,0,0,0,0,0,0,0,0,0,0,0,4000,4000,0,0
059151,臺股指國票99購14,0,0,0,0,0,0,0,0,0,0,0,0,0,3000,3000,0,0
059161,鴻海凱基9A購09  ,0,0,0,0,0,0,0,0,0,0,0,0,0,1000,1000,0,0
058777,台光電國票9A購01,0,0,0,0,0,0,0,0,0,0,0,0,0,2000,2000,0,0
059795,鴻海國票99購07  ,0,0,0,0,0,0,0,0,0,0,0,0,0,1000,1000,0,0
059783,旺宏元大99購17  ,0,0,0,0,0,0,0,0,0,0,0,0,0,11000,11000,0,0
059779,滬深2X元大9C購05,0,0,0,0,0,0,0,0,0,0,0,0,0,4000,4000,0,0
057790,台積電統一99購04,0,0,0,0,0,0,0,0,0,0,0,0,0,3000,3000,0,0
057724,亞德客國泰99購01,0,0,0,0,0,0,0,0,0,0,0,0,0,10000,10000,0,0
057728,瑞昱國泰99購01  ,0,0,0,0,0,0,0,0,0,0,0,0,0,2000,2000,0,0
05787P,臺股指永昌96售04,0,0,0,0,0,0,0,0,0,0,0,0,0,69000,69000,0,0
05879P,台積電台新96售03,0,0,0,0,0,0,0,0,0,0,0,0,0,10000,10000,0,0
058826,台積電永豐99購02,0,0,0,0,0,0,0,0,0,0,0,0,0,2000,2000,0,0
058830,健策永豐99購02  ,0,0,0,0,0,0,0,0,0,0,0,0,0,1000,1000,0,0
058812,台積電統一9B購06,0,0,0,0,0,0,0,0,0,0,0,0,0,2000,2000,0,0
057852,國巨國票99購05  ,0,0,0,0,0,0,0,0,0,0,0,0,0,12000,12000,0,0
05786P,臺股指永昌96售03,0,0,0,0,0,0,0,0,0,0,0,0,0,109000,109000,0,0
057975,台積電永豐98購05,0,0,0,0,0,0,0,0,0,0,0,0,0,2000,2000,0,0
05793P,臺股指中信99售08,0,0,0,0,0,0,0,0,0,0,0,0,0,5000,5000,0,0
057960,聯鈞元大98購02  ,0,0,0,0,0,0,0,0,0,0,0,0,0,20000,20000,0,0
058863,可成凱基99購02  ,0,0,0,0,0,0,0,0,0,0,0,0,0,1000,1000,0,0
061296,台積電國泰9C購01,0,0,0,0,0,0,0,0,0,0,0,0,0,10000,10000,0,0
061288,大立光統一9C購01,0,0,0,0,0,0,0,0,0,0,0,0,0,30000,30000,0,0
058907,健策元大99購04  ,0,0,0,0,0,0,0,0,0,0,0,0,0,6000,6000,0,0
058930,華新科統一9B購01,0,0,0,0,0,0,0,0,0,0,0,0,0,60000,60000,0,0
061669,崇越中信9A購01  ,0,0,0,0,0,0,0,0,0,0,0,0,0,100000,100000,0,0
061449,大立光中信9C購02,0,0,0,0,0,0,0,0,0,0,0,0,0,85000,85000,0,0
061438,牧德凱基9B購02  ,0,0,0,0,0,0,0,0,0,0,0,0,0,3000,3000,0,0
060260,京鼎凱基9C購01  ,0,0,0,0,0,0,0,0,0,0,0,0,0,9000,9000,0,0
060294,嘉澤元大9A購01  ,0,0,0,0,0,0,0,0,0,0,0,0,0,28000,28000,0,0
060343,台積電統一9C購02,0,0,0,0,0,0,0,0,0,0,0,0,0,1000,1000,0,0
060328,可成群益9A購06  ,0,0,0,0,0,0,0,0,0,0,0,0,0,3000,3000,0,0
060590,台積電台新9C購02,0,0,0,0,0,0,0,0,0,0,0,0,0,1000,1000,0,0
060623,玉晶光元大9C購01,0,0,0,0,0,0,0,0,0,0,0,0,0,4000,4000,0,0
06064P,台積電台新98售01,0,0,0,0,0,0,0,0,0,0,0,0,0,115000,115000,0,0
060600,台積電凱基9C購01,0,0,0,0,0,0,0,0,0,0,0,0,0,3000,3000,0,0
060552,群創凱基9B購05  ,0,0,0,0,0,0,0,0,0,0,0,0,0,22000,22000,0,0
060569,台積電永豐9A購01,0,0,0,0,0,0,0,0,0,0,0,0,0,1000,1000,0,0
060525,台積電中信01購04,0,0,0,0,0,0,0,0,0,0,0,0,0,1000,1000,0,0
060527,台積電中信9C購04,0,0,0,0,0,0,0,0,0,0,0,0,0,2000,2000,0,0
060495,台灣50元大01購13,0,0,0,0,0,0,0,0,0,0,0,0,0,2000,2000,0,0
060451,中石化元大9C購02,0,0,0,0,0,0,0,0,0,0,0,0,0,51000,51000,0,0
060463,台積電元大9A購10,0,0,0,0,0,0,0,0,0,0,0,0,0,2000,2000,0,0
059540,新光金日盛99購01,0,0,0,0,0,0,0,0,0,0,0,0,0,100000,100000,0,0
059567,台積電凱基9A購12,0,0,0,0,0,0,0,0,0,0,0,0,0,1000,1000,0,0
059626,台積電凱基01購01,0,0,0,0,0,0,0,0,0,0,0,0,0,1000,1000,0,0
059650,緯穎凱基99購04  ,0,0,0,0,0,0,0,0,0,0,0,0,0,10000,10000,0,0
059640,聯詠凱基99購04  ,0,0,0,0,0,0,0,0,0,0,0,0,0,6000,6000,0,0
059641,群創凱基99購06  ,0,0,0,0,0,0,0,0,0,0,0,0,0,10000,10000,0,0
06080P,景碩群益98售02  ,0,0,0,0,0,0,0,0,0,0,0,0,0,10000,10000,0,0
060800,華新科第一9A購01,0,0,0,0,0,0,0,0,0,0,0,0,0,80000,80000,0,0
060664,聯詠凱基9A購01  ,0,0,0,0,0,0,0,0,0,0,0,0,0,10000,10000,0,0
060420,神基永豐9A購01  ,0,0,0,0,0,0,0,0,0,0,0,0,0,10000,10000,0,0
061065,神基凱基9A購01  ,0,0,0,0,0,0,0,0,0,0,0,0,0,10000,10000,0,0
061018,台積電國票9B購05,0,0,0,0,0,0,0,0,0,0,0,0,0,5000,5000,0,0
060993,健策元大9B購03  ,0,0,0,0,0,0,0,0,0,0,0,0,0,2000,2000,0,0
060980,台積電元大9A購21,0,0,0,0,0,0,0,0,0,0,0,0,0,2000,2000,0,0
060947,台積電統一9C購03,0,0,0,0,0,0,0,0,0,0,0,0,0,1000,1000,0,0
060939,鴻海國票9A購06  ,0,0,0,0,0,0,0,0,0,0,0,0,0,1000,1000,0,0
058208,百和凱基99購01  ,0,0,0,0,0,0,0,0,0,0,0,0,0,8000,8000,0,0
058163,道瓊反凱基9B購01,0,0,0,0,0,0,0,0,0,0,0,0,0,10000,10000,0,0
058157,華通台新99購01  ,0,0,0,0,0,0,0,0,0,0,0,0,0,10000,10000,0,0
058145,聯茂元大99購03  ,0,0,0,0,0,0,0,0,0,0,0,0,0,68000,68000,0,0
058079,鴻海群益98購08  ,0,0,0,0,0,0,0,0,0,0,0,0,0,10000,10000,0,0
058080,台積電群益98購06,0,0,0,0,0,0,0,0,0,0,0,0,0,6000,6000,0,0
058683,可成凱基9A購01  ,0,0,0,0,0,0,0,0,0,0,0,0,0,2000,2000,0,0
058684,健策凱基99購02  ,0,0,0,0,0,0,0,0,0,0,0,0,0,3000,3000,0,0
058052,南電元大98購02  ,0,0,0,0,0,0,0,0,0,0,0,0,0,5000,5000,0,0
058048,群創元大9B購07  ,0,0,0,0,0,0,0,0,0,0,0,0,0,9000,9000,0,0
058011,台虹國票99購01  ,0,0,0,0,0,0,0,0,0,0,0,0,0,13000,13000,0,0
061095,台積電台新9B購03,0,0,0,0,0,0,0,0,0,0,0,0,0,2000,2000,0,0
061112,台表科元大9A購03,0,0,0,0,0,0,0,0,0,0,0,0,0,3000,3000,0,0
061120,台積電永豐9A購03,0,0,0,0,0,0,0,0,0,0,0,0,0,1000,1000,0,0
064109,上銀國票01購01  ,0,0,0,0,0,0,0,0,0,0,0,0,0,22000,22000,0,0
064177,立積國泰01購01  ,0,0,0,0,0,0,0,0,0,0,0,0,0,154000,154000,0,0
064224,玉晶光國票01購04,0,0,0,0,0,0,0,0,0,0,0,0,0,4000,4000,0,0
06432P,上銀群益98售01  ,0,0,0,0,0,0,0,0,0,0,0,0,0,30000,30000,0,0
064336,可成元大9C購06  ,0,0,0,0,0,0,0,0,0,0,0,0,0,32000,32000,0,0
063910,漢唐凱基9C購01  ,0,0,0,0,0,0,0,0,0,0,0,0,0,80000,80000,0,0
063907,華通凱基9C購03  ,0,0,0,0,0,0,0,0,0,0,0,0,0,2000,2000,0,0
06405P,億光元富97售02  ,0,0,0,0,0,0,0,0,0,0,0,0,0,10000,10000,0,0
064065,大立光富邦02購02,0,0,0,0,0,0,0,0,0,0,0,0,0,20000,20000,0,0
063941,國巨元大9C購12  ,0,0,0,0,0,0,0,0,0,0,0,0,0,50000,50000,0,0
063162,國喬永豐9B購01  ,0,0,0,0,0,0,0,0,0,0,0,0,0,68000,68000,0,0
063284,大立光元大9B購07,0,0,0,0,0,0,0,0,0,0,0,0,0,50000,50000,0,0
063430,台積電台新9B購07,0,0,0,0,0,0,0,0,0,0,0,0,0,2000,2000,0,0
063421,可成凱基9C購02  ,0,0,0,0,0,0,0,0,0,0,0,0,0,12000,12000,0,0
063338,國巨統一9C購11  ,0,0,0,0,0,0,0,0,0,0,0,0,0,50000,50000,0,0
063332,矽格國票9B購01  ,0,0,0,0,0,0,0,0,0,0,0,0,0,19000,19000,0,0
063325,SP黃豆國票9C購02,0,0,0,0,0,0,0,0,0,0,0,0,0,20000,20000,0,0
063700,台積電群益9B購09,0,0,0,0,0,0,0,0,0,0,0,0,0,1000,1000,0,0
063613,全新群益9C購01  ,0,0,0,0,0,0,0,0,0,0,0,0,0,40000,40000,0,0
063607,中租凱基9B購02  ,0,0,0,0,0,0,0,0,0,0,0,0,0,10000,10000,0,0
063564,台積電元大9B購07,0,0,0,0,0,0,0,0,0,0,0,0,0,90000,90000,0,0
063571,TPK元大9B購03   ,0,0,0,0,0,0,0,0,0,0,0,0,0,5000,5000,0,0
063585,台積電永豐9B購03,0,0,0,0,0,0,0,0,0,0,0,0,0,1000,1000,0,0
062367,禾伸堂元大9B購02,0,0,0,0,0,0,0,0,0,0,0,0,0,68000,68000,0,0
062358,國巨元大9B購12  ,0,0,0,0,0,0,0,0,0,0,0,0,0,50000,50000,0,0
062441,華新科元大9C購01,0,0,0,0,0,0,0,0,0,0,0,0,0,50000,50000,0,0
062420,台積電統一9C購08,0,0,0,0,0,0,0,0,0,0,0,0,0,3000,3000,0,0
062249,台積電元大9B購01,0,0,0,0,0,0,0,0,0,0,0,0,0,2000,2000,0,0
062278,聯發科群益9C購01,0,0,0,0,0,0,0,0,0,0,0,0,0,5000,5000,0,0
062209,台積電台新9B購05,0,0,0,0,0,0,0,0,0,0,0,0,0,1000,1000,0,0
062231,台光電麥證9C購01,0,0,0,2000,2000,0,0,0,0,0,0,0,0,2000,2000,0,0
062156,美律凱基9B購01  ,0,0,0,0,0,0,0,0,0,0,0,0,0,30000,30000,0,0
062145,億光國票9B購01  ,0,0,0,0,0,0,0,0,0,0,0,0,0,35000,35000,0,0
061789,群創群益9B購01  ,0,0,0,0,0,0,0,0,0,0,0,0,0,3000,3000,0,0
061781,台積電群益9C購01,0,0,0,0,0,0,0,0,0,0,0,0,0,3000,3000,0,0
06177P,玉晶光元大98售07,0,0,0,0,0,0,0,0,0,0,0,0,0,53000,53000,0,0
061910,台積電中信05購03,0,0,0,0,0,0,0,0,0,0,0,0,0,1000,1000,0,0
061911,台積電中信05購04,0,0,0,0,0,0,0,0,0,0,0,0,0,1000,1000,0,0
06188P,大立光元富97售01,0,0,0,0,0,0,0,0,0,0,0,0,0,1000,1000,0,0
061894,台積電永豐9B購01,0,0,0,0,0,0,0,0,0,0,0,0,0,1000,1000,0,0
061948,美食群益9B購01  ,0,0,0,0,0,0,0,0,0,0,0,0,0,55000,55000,0,0
06193P,台積電元富97售04,0,0,0,0,0,0,0,0,0,0,0,0,0,32000,32000,0,0
063033,台積電凱基9B購09,0,0,0,0,0,0,0,0,0,0,0,0,0,5000,5000,0,0
062839,臺股指群益9B購06,0,0,0,0,0,0,0,0,0,0,0,0,0,3000,3000,0,0
062900,台積電元大9B購04,0,0,0,0,0,0,0,0,0,0,0,0,0,4000,4000,0,0
06257P,臺股指群益97售10,2000,0,2000,0,0,0,0,0,0,-2000,0,0,0,1000,3000,-2000,0
062553,台積電凱基9B購07,0,0,0,0,0,0,0,0,0,0,0,0,0,5000,5000,0,0
06277P,臺股指凱基97售09,0,0,0,0,0,0,0,0,0,0,0,0,0,1000,1000,0,0
062675,台積電台新9B購06,0,0,0,0,0,0,0,0,0,0,0,0,0,1000,1000,0,0
06919P,臺股指日盛98售02,0,0,0,0,0,0,0,0,0,-1000,0,0,0,9000,10000,-1000,-1000
06807P,臺股指群益98售13,0,0,0,0,0,0,0,0,0,-1000,0,0,0,0,1000,-1000,-1000
06868P,電子類元大99售01,0,0,0,0,0,0,0,0,0,-1000,0,0,0,0,1000,-1000,-1000
06869P,金融類元大99售01,0,0,0,0,0,0,0,0,0,-1000,0,0,0,0,1000,-1000,-1000
064855,聯發科國泰02購01,0,0,0,0,0,0,0,0,0,-1000,0,0,0,0,1000,-1000,-1000
06533P,上証2X中信9B售01,0,0,0,0,0,0,0,0,0,-1000,0,0,0,0,1000,-1000,-1000
064751,亞德客凱基9C購02,0,0,0,0,0,0,0,0,0,-1000,0,0,0,1000,2000,-1000,-1000
064796,緯穎國票01購01  ,0,0,0,0,0,0,0,0,0,-1000,0,0,0,0,1000,-1000,-1000
06469P,臺股指凱基99售09,0,0,0,0,0,0,0,0,0,-1000,0,0,0,0,1000,-1000,-1000
06470P,臺股指凱基99售10,0,0,0,0,0,0,0,0,0,-1000,0,0,0,0,1000,-1000,-1000
06456P,聯發科統一98售03,0,0,0,0,0,0,0,0,0,-1000,0,0,0,0,1000,-1000,-1000
064405,美食凱基01購02  ,0,0,0,0,0,0,0,0,0,-1000,0,0,0,9000,10000,-1000,-1000
064525,臺股指群益9C購10,0,0,0,0,0,0,0,0,0,-1000,0,0,0,5000,6000,-1000,-1000
07215P,大立光凱基99售07,0,0,0,0,0,0,0,0,0,-1000,0,0,0,0,1000,-1000,-1000
07886P,國巨國票9B售06  ,0,0,0,0,0,0,0,0,0,-1000,0,0,0,0,1000,-1000,-1000
08043P,電子類群益9B售01,0,0,0,0,0,0,0,0,0,-1000,0,0,0,1000,2000,-1000,-1000
07644P,南電凱基9A售03  ,0,0,0,0,0,0,0,0,0,-1000,0,0,0,0,1000,-1000,-1000
07655P,台灣50凱基01售09,0,0,0,0,0,0,0,0,0,-1000,0,0,0,0,1000,-1000,-1000
08415P,台灣50元大9C售42,0,0,0,0,0,0,0,0,0,-1000,0,0,0,0,1000,-1000,-1000
08431P,景碩凱基9C售02  ,0,0,0,0,0,0,0,0,0,-1000,0,0,0,0,1000,-1000,-1000
08299P,玉晶光國票02售01,0,0,0,0,0,0,0,0,0,-1000,0,0,0,0,1000,-1000,-1000
08282P,南六群益9C售01  ,0,0,0,0,0,0,0,0,0,-1000,0,0,0,105000,106000,-1000,-1000
08310P,南電凱基9C售01  ,0,0,0,0,0,0,0,0,0,-1000,0,0,0,9000,10000,-1000,-1000
08357P,聯發科元大9C售09,0,0,0,0,0,0,0,0,0,-1000,0,0,0,0,1000,-1000,-1000
08335P,香港2X中信03售01,0,0,0,0,0,0,0,0,0,-1000,0,0,0,15000,16000,-1000,-1000
1235,興泰            ,0,1000,-1000,0,0,0,0,0,0,0,0,0,0,0,0,0,-1000
1413,宏洲            ,0,1000,-1000,0,0,0,0,0,0,0,0,0,0,0,0,0,-1000
1341,富林-KY         ,0,1000,-1000,0,0,0,0,0,0,0,0,0,0,0,0,0,-1000
1438,裕豐            ,0,0,0,0,0,0,0,0,0,-1000,0,1000,-1000,0,0,0,-1000
1453,大將            ,3000,4000,-1000,0,0,0,0,0,0,0,0,0,0,0,0,0,-1000
1470,大統新創        ,1000,2000,-1000,0,0,0,0,0,0,0,0,0,0,0,0,0,-1000
1539,巨庭            ,0,1000,-1000,0,0,0,0,0,0,0,0,0,0,0,0,0,-1000
1568,倉佑            ,0,1000,-1000,0,0,0,0,0,0,0,0,0,0,0,0,0,-1000
2008,高興昌          ,0,1000,-1000,0,0,0,0,0,0,0,0,0,0,0,0,0,-1000
1724,台硝            ,0,1000,-1000,0,0,0,0,0,0,0,0,0,0,0,0,0,-1000
2115,六暉-KY         ,2000,2000,0,0,0,0,0,0,0,-1000,0,1000,-1000,0,0,0,-1000
3296,勝德            ,0,1000,-1000,0,0,0,0,0,0,0,0,0,0,0,0,0,-1000
6591,動力-KY         ,47000,48000,-1000,0,0,0,0,0,0,0,2000,2000,0,0,0,0,-1000
4557,永新-KY         ,1000,2000,-1000,0,0,0,0,0,0,0,0,0,0,0,0,0,-1000
5284,jpp-KY          ,0,1000,-1000,0,0,0,0,0,0,0,0,0,0,0,0,0,-1000
4148,全宇生技-KY     ,18000,18000,0,0,0,0,0,0,0,-1000,0,1000,-1000,0,0,0,-1000
3702A,大聯大甲特      ,0,1000,-1000,0,0,0,0,0,0,0,0,0,0,0,0,0,-1000
055416,欣興富邦98購01  ,0,0,0,0,0,0,0,0,0,-1000,0,0,0,0,1000,-1000,-1000
055446,奇力新統一9A購01,0,0,0,0,0,0,0,0,0,-1000,0,0,0,30000,31000,-1000,-1000
056651,聯茂凱基98購04  ,0,0,0,0,0,0,0,0,0,-1000,0,0,0,2000,3000,-1000,-1000
056765,友達元大9B購05  ,0,0,0,0,0,0,0,0,0,-1000,0,0,0,0,1000,-1000,-1000
056756,T50反1元大98購06,0,0,0,0,0,0,0,0,0,-1000,0,0,0,0,1000,-1000,-1000
056821,日電貿永豐98購01,0,0,0,0,0,0,0,0,0,-1000,0,0,0,0,1000,-1000,-1000
056684,旺宏統一98購02  ,0,0,0,0,0,0,0,0,0,-1000,0,0,0,0,1000,-1000,-1000
056685,光罩統一98購03  ,0,0,0,0,0,0,0,0,0,-1000,0,0,0,0,1000,-1000,-1000
056727,滬深反凱基9B購01,0,0,0,0,0,0,0,0,0,-1000,0,0,0,0,1000,-1000,-1000
057390,台表科永豐98購01,0,0,0,0,0,0,0,0,0,-1000,0,0,0,19000,20000,-1000,-1000
057445,華通元富02購01  ,0,0,0,0,0,0,0,0,0,-1000,0,0,0,6000,7000,-1000,-1000
057057,立積元大9A購01  ,0,0,0,0,0,0,0,0,0,-1000,0,0,0,2000,3000,-1000,-1000
057079,台積電統一9A購02,0,0,0,0,0,0,0,0,0,-1000,0,0,0,0,1000,-1000,-1000
057021,台積電凱基9A購02,0,0,0,0,0,0,0,0,0,-1000,0,0,0,0,1000,-1000,-1000
055850,聯詠元大97購06  ,0,0,0,0,0,0,0,0,0,-1000,0,0,0,0,1000,-1000,-1000
055954,南港元大97購02  ,0,0,0,0,0,0,0,0,0,-1000,0,0,0,0,1000,-1000,-1000
059891,臺股指國票99購25,0,0,0,0,0,0,0,0,0,-1000,0,0,0,0,1000,-1000,-1000
060109,茂林元大99購05  ,0,0,0,0,0,0,0,0,0,-1000,0,0,0,27000,28000,-1000,-1000
060061,旺宏兆豐99購02  ,0,0,0,0,0,0,0,0,0,-1000,0,0,0,68000,69000,-1000,-1000
060042,台積電群益99購12,0,0,0,0,0,0,0,0,0,-1000,0,0,0,0,1000,-1000,-1000
00636,國泰中國A50     ,9000,0,9000,0,0,0,0,0,0,-10000,30000,20000,10000,368000,388000,-20000,-1000
006204,永豐臺灣加權    ,0,0,0,0,0,0,0,0,0,-1000,0,0,0,20000,21000,-1000,-1000
0051,元大中型100     ,4000,4000,0,0,0,0,0,0,0,-1000,0,0,0,5000,6000,-1000,-1000
00657,國泰日經225     ,0,12000,-12000,0,0,0,0,0,0,11000,0,0,0,13000,2000,11000,-1000
00689R,國泰20年美債反1 ,0,71000,-71000,0,0,0,0,0,0,70000,0,0,0,170000,100000,70000,-1000
00685L,群益臺灣加權正2 ,0,0,0,0,0,0,0,0,0,-1000,0,0,0,13000,14000,-1000,-1000
052004,泰碩國泰97購03  ,0,0,0,0,0,0,0,0,0,-1000,0,0,0,0,1000,-1000,-1000
03006X,元展06          ,0,0,0,0,0,0,0,0,0,-1000,0,0,0,0,1000,-1000,-1000
00774B,新光中國政金綠債,6000,3000,3000,0,0,0,0,0,0,-4000,0,0,0,0,4000,-4000,-1000
051218,聯發科元富9B購02,0,0,0,0,0,0,0,0,0,-1000,0,0,0,0,1000,-1000,-1000
03022X,富展01          ,0,0,0,0,0,0,0,0,0,-1000,0,0,0,0,1000,-1000,-1000
052470,華新科亞東97購01,0,0,0,0,0,0,0,0,0,-1000,0,0,0,0,1000,-1000,-1000
055205,京鼎中信99購01  ,0,0,0,0,0,0,0,0,0,-1000,0,0,0,0,1000,-1000,-1000
053114,聯茂兆豐97購01  ,0,0,0,0,0,0,0,0,0,-1000,0,0,0,1000,2000,-1000,-1000
055133,致新康和97購01  ,0,0,0,0,0,0,0,0,0,-1000,0,0,0,0,1000,-1000,-1000
052945,嘉晶國票97購01  ,0,0,0,0,0,0,0,0,0,-1000,0,0,0,10000,11000,-1000,-1000
054871,明泰群益98購01  ,0,0,0,0,0,0,0,0,0,-1000,0,0,0,0,1000,-1000,-1000
049636,上証反凱基9A購01,0,0,0,0,0,0,0,0,0,-1000,0,0,0,0,1000,-1000,-1000
03676C,臺股指元大04牛03,0,0,0,0,0,0,0,0,0,-1000,0,0,0,0,1000,-1000,-1000
03810P,大立光富邦98售01,0,0,0,0,0,0,0,0,0,-1000,0,0,0,0,1000,-1000,-1000
039212,台達電台新9A購01,0,0,0,0,0,0,0,0,0,-1000,0,0,0,0,1000,-1000,-1000
044864,道瓊反國票96購01,0,0,0,0,0,0,0,0,0,-1000,0,0,0,0,1000,-1000,-1000
047211,華新科富邦99購01,0,0,0,0,0,0,0,0,0,-1000,0,0,0,0,1000,-1000,-1000
047418,智邦富邦97購01  ,0,0,0,0,0,0,0,0,0,-1000,0,0,0,0,1000,-1000,-1000
054739,義隆凱基98購02  ,0,0,0,0,0,0,0,0,0,-1000,0,0,0,51000,52000,-1000,-1000
05480P,滬深2X凱基96售05,0,0,0,0,0,0,0,0,0,-1000,0,0,0,0,1000,-1000,-1000
053732,S&P反1中信9C購01,0,0,0,0,0,0,0,0,0,-1000,0,0,0,0,1000,-1000,-1000
056496,康控國泰99購01  ,0,0,0,0,0,0,0,0,0,-1000,0,0,0,38000,39000,-1000,-1000
055272,國巨元大98購04  ,0,0,0,0,0,0,0,0,0,-1000,0,0,0,0,1000,-1000,-1000
054587,玉晶光國泰99購01,0,0,0,0,0,0,0,0,0,-1000,0,0,0,0,1000,-1000,-1000
054201,聯詠富邦97購02  ,0,0,0,0,0,0,0,0,0,-1000,0,0,0,0,1000,-1000,-1000
058106,神達統一98購02  ,0,0,0,0,0,0,0,0,0,-1000,0,0,0,0,1000,-1000,-1000
058127,FBVIX元大9C購01 ,0,0,0,0,0,0,0,0,0,-1000,0,0,0,0,1000,-1000,-1000
058238,奇鋐元大99購02  ,0,0,0,0,0,0,0,0,0,-1000,0,0,0,1000,2000,-1000,-1000
060656,國巨統一9C購03  ,0,0,0,0,0,0,0,0,0,-1000,0,0,0,0,1000,-1000,-1000
060734,華通統一9C購01  ,0,0,0,0,0,0,0,0,0,-1000,0,0,0,10000,11000,-1000,-1000
059637,大立光凱基01購01,0,0,0,0,0,0,0,0,0,-1000,0,0,0,1000,2000,-1000,-1000
059559,T50反1凱基99購07,0,0,0,0,0,0,0,0,0,-1000,0,0,0,0,1000,-1000,-1000
059580,大立光元富99購07,0,0,0,0,0,0,0,0,0,-1000,0,0,0,3000,4000,-1000,-1000
05855P,滬深2X中信9C售01,0,0,0,0,0,0,0,0,0,-1000,0,0,0,0,1000,-1000,-1000
058592,聯發科統一9C購01,0,0,0,0,0,0,0,0,0,-1000,0,0,0,0,1000,-1000,-1000
060489,世紀鋼群益9A購01,0,0,0,0,0,0,0,0,0,-1000,0,0,0,1000,2000,-1000,-1000
060575,大立光中信9B購02,0,0,0,0,0,0,0,0,0,-1000,0,0,0,0,1000,-1000,-1000
060594,國巨麥證9A購01  ,0,0,0,0,1000,-1000,0,0,0,-1000,0,0,0,0,1000,-1000,-1000
060317,台灣50群益02購01,0,0,0,0,0,0,0,0,0,-1000,0,0,0,0,1000,-1000,-1000
061143,道瓊指中信9C購04,0,0,0,0,0,0,0,0,0,-1000,0,0,0,0,1000,-1000,-1000
06117P,臺股指日盛97售02,0,0,0,0,0,0,0,0,0,-1000,0,0,0,0,1000,-1000,-1000
061171,大立光麥證9A購01,0,0,0,1000,2000,-1000,0,0,0,-1000,0,0,0,1000,2000,-1000,-1000
061198,世紀鋼永豐9A購03,0,0,0,0,0,0,0,0,0,-1000,0,0,0,9000,10000,-1000,-1000
061195,健策永豐9B購02  ,0,0,0,0,0,0,0,0,0,-1000,0,0,0,12000,13000,-1000,-1000
061435,元金2X凱基9C購03,0,0,0,0,0,0,0,0,0,-1000,0,0,0,0,1000,-1000,-1000
061519,T50反1中信03購01,0,0,0,0,0,0,0,0,0,-1000,0,0,0,0,1000,-1000,-1000
061577,泰碩元大9A購03  ,0,0,0,0,0,0,0,0,0,-1000,0,0,0,20000,21000,-1000,-1000
061631,SP黃豆元大9A購05,0,0,0,0,0,0,0,0,0,-1000,0,0,0,0,1000,-1000,-1000
061271,聯茂凱基9A購04  ,0,0,0,0,0,0,0,0,0,-1000,0,0,0,0,1000,-1000,-1000
061310,華新科麥證9A購01,0,0,0,0,1000,-1000,0,0,0,-1000,0,0,0,0,1000,-1000,-1000
058855,台積電兆豐99購02,0,0,0,0,0,0,0,0,0,-1000,0,0,0,0,1000,-1000,-1000
057748,華通國票98購04  ,0,0,0,0,0,0,0,0,0,-1000,0,0,0,1000,2000,-1000,-1000
059415,台灣50元大9A購03,0,0,0,0,0,0,0,0,0,-1000,0,0,0,0,1000,-1000,-1000
059427,國巨元大99購24  ,0,0,0,0,0,0,0,0,0,-1000,0,0,0,0,1000,-1000,-1000
060374,儒鴻元富9A購01  ,0,0,0,0,0,0,0,0,0,-1000,0,0,0,0,1000,-1000,-1000
059811,高股息凱基99購02,0,0,0,0,0,0,0,0,0,-1000,0,0,0,10000,11000,-1000,-1000
059833,緯穎康和99購01  ,0,0,0,0,0,0,0,0,0,-1000,0,0,0,7000,8000,-1000,-1000
059162,國巨凱基99購12  ,0,0,0,0,0,0,0,0,0,-1000,0,0,0,2000,3000,-1000,-1000
059234,台灣50凱基9C購03,0,0,0,0,0,0,0,0,0,-1000,0,0,0,0,1000,-1000,-1000
059257,臺股指凱基99購35,0,0,0,0,0,0,0,0,0,-1000,0,0,0,0,1000,-1000,-1000
059299,欣興元富99購03  ,0,0,0,0,0,0,0,0,0,-1000,0,0,0,1000,2000,-1000,-1000
059358,旺宏永豐99購02  ,0,0,0,0,0,0,0,0,0,-1000,0,0,0,0,1000,-1000,-1000
059049,元油2X凱基9A購12,0,0,0,0,0,0,0,0,0,-1000,0,0,0,0,1000,-1000,-1000
058958,台表科國票9A購03,0,0,0,0,0,0,0,0,0,-1000,0,0,0,0,1000,-1000,-1000
058443,T50正2富邦01購01,0,0,0,0,0,0,0,0,0,-1000,0,0,0,5000,6000,-1000,-1000
059675,大立光元富99購08,0,0,0,0,0,0,0,0,0,-1000,0,0,0,2000,3000,-1000,-1000
058396,力山元大99購01  ,0,0,0,0,0,0,0,0,0,-1000,0,0,0,30000,31000,-1000,-1000
058347,玉晶光群益9B購01,0,0,0,0,0,0,0,0,0,-1000,0,0,0,24000,25000,-1000,-1000
062552,南電永豐9B購01  ,0,0,0,0,0,0,0,0,0,-1000,0,0,0,9000,10000,-1000,-1000
062572,元金反群益9C購01,0,0,0,0,0,0,0,0,0,-1000,0,0,0,0,1000,-1000,-1000
062470,智邦凱基9C購01  ,0,0,0,0,0,0,0,0,0,-1000,0,0,0,25000,26000,-1000,-1000
062507,臺股指群益9B購02,0,0,0,0,0,0,0,0,0,-1000,0,0,0,0,1000,-1000,-1000
062531,大立光統一9C購06,0,0,0,0,0,0,0,0,0,-1000,0,0,0,0,1000,-1000,-1000
06284P,台積電國票98售03,0,0,0,0,0,0,0,0,0,-1000,0,0,0,0,1000,-1000,-1000
062866,臺股指國票9B購23,0,0,0,0,0,0,0,0,0,-1000,0,0,0,10000,11000,-1000,-1000
062804,玉晶光統一9C購04,0,0,0,0,0,0,0,0,0,-1000,0,0,0,82000,83000,-1000,-1000
063007,儒鴻元大9B購01  ,0,0,0,0,0,0,0,0,0,-1000,0,0,0,15000,16000,-1000,-1000
062983,緯穎元富9B購01  ,0,0,0,0,0,0,0,0,0,-1000,0,0,0,94000,95000,-1000,-1000
061945,華通群益9B購04  ,0,0,0,0,0,0,0,0,0,-1000,0,0,0,0,1000,-1000,-1000
062044,健策凱基9B購02  ,0,0,0,0,0,0,0,0,0,-1000,0,0,0,12000,13000,-1000,-1000
061827,台灣50凱基02購01,0,0,0,0,0,0,0,0,0,-1000,0,0,0,0,1000,-1000,-1000
062250,台積電元大9B購02,0,0,0,0,0,0,0,0,0,-1000,0,0,0,0,1000,-1000,-1000
062436,國巨元大9B購14  ,0,0,0,0,0,0,0,0,0,-1000,0,0,0,0,1000,-1000,-1000
06362P,臺股指麥證97售01,0,0,0,0,1000,-1000,0,0,0,-1000,0,0,0,0,1000,-1000,-1000
063679,群創國泰01購01  ,0,0,0,0,0,0,0,0,0,-1000,0,0,0,61000,62000,-1000,-1000
063682,達新永豐9B購01  ,0,0,0,0,0,0,0,0,0,-1000,0,0,0,0,1000,-1000,-1000
063388,台光電兆豐9C購01,0,0,0,0,0,0,0,0,0,-1000,0,0,0,153000,154000,-1000,-1000
063272,GIS兆豐9C購01   ,0,0,0,0,0,0,0,0,0,-1000,0,0,0,10000,11000,-1000,-1000
063267,台表科中信01購02,0,0,0,0,0,0,0,0,0,-1000,0,0,0,114000,115000,-1000,-1000
063927,奇力新統一02購01,0,0,0,0,0,0,0,0,0,-1000,0,0,0,0,1000,-1000,-1000
063851,健策元大01購01  ,0,0,0,0,0,0,0,0,0,-1000,0,0,0,57000,58000,-1000,-1000
064287,日月光元大9C購01,0,0,0,0,0,0,0,0,0,-1000,0,0,0,9000,10000,-1000,-1000
064322,T50反1元大9C購06,0,0,0,0,0,0,0,0,0,-1000,0,0,0,0,1000,-1000,-1000
8480,泰昇-KY         ,0,1000,-1000,0,0,0,0,0,0,0,0,0,0,0,0,0,-1000
8481,政伸            ,0,1000,-1000,0,0,0,0,0,0,0,0,0,0,0,0,0,-1000
8427,基勝-KY         ,0,1000,-1000,0,0,0,0,0,0,0,0,0,0,0,0,0,-1000
8497,格威傳媒        ,0,1000,-1000,0,0,0,0,0,0,0,0,0,0,0,0,0,-1000
4144,康聯-KY         ,96000,92000,4000,0,0,0,0,0,0,-6000,0,6000,-6000,0,0,0,-2000
4562,穎漢            ,2000,4000,-2000,0,0,0,0,0,0,0,0,0,0,0,0,0,-2000
6541,泰福-KY         ,78000,77000,1000,0,0,0,0,0,0,-3000,0,3000,-3000,0,0,0,-2000
6172,互億            ,5000,4000,1000,0,0,0,0,0,0,-3000,0,3000,-3000,0,0,0,-2000
6216,居易            ,4000,6000,-2000,0,0,0,0,0,0,0,0,0,0,0,0,0,-2000
3046,建碁            ,0,2000,-2000,0,0,0,0,0,0,0,0,0,0,0,0,0,-2000
2904,匯僑            ,1000,3000,-2000,0,0,0,0,0,0,0,0,0,0,0,0,0,-2000
2460,建通            ,2000,3000,-1000,0,0,0,0,0,0,-1000,0,1000,-1000,0,0,0,-2000
2440,太空梭          ,0,0,0,0,0,0,0,0,0,-2000,0,2000,-2000,0,0,0,-2000
2712,遠雄來          ,3000,4000,-1000,0,0,0,0,0,0,-1000,0,1000,-1000,0,0,0,-2000
1725,元禎            ,0,1000,-1000,0,0,0,0,0,0,-1000,0,1000,-1000,0,0,0,-2000
1603,華電            ,34000,36000,-2000,0,0,0,0,0,0,0,0,0,0,0,0,0,-2000
1735,日勝化          ,0,2000,-2000,0,0,0,0,0,0,0,0,0,0,0,0,0,-2000
1465,偉全            ,12000,14000,-2000,0,0,0,0,0,0,0,0,0,0,0,0,0,-2000
1516,川飛            ,1000,1000,0,0,0,0,0,0,0,-2000,0,2000,-2000,0,0,0,-2000
1256,鮮活果汁-KY     ,1000,3000,-2000,0,0,0,0,0,0,0,0,0,0,0,0,0,-2000
08091P,A50正2元富9B售02,0,0,0,0,0,0,0,0,0,-2000,0,0,0,0,2000,-2000,-2000
07707P,玉山金元大9A售03,0,0,0,0,0,0,0,0,0,-2000,0,0,0,0,2000,-2000,-2000
07953P,健策元大9B售07  ,0,0,0,0,0,0,0,0,0,-2000,0,0,0,114000,116000,-2000,-2000
07946P,華通統一9B售02  ,0,0,0,0,0,0,0,0,0,-2000,0,0,0,0,2000,-2000,-2000
07190P,臺股指富邦9C售02,0,0,0,0,0,0,0,0,0,-2000,0,0,0,2000,4000,-2000,-2000
07288P,台灣50凱基99售06,0,0,0,0,0,0,0,0,0,-2000,0,0,0,0,2000,-2000,-2000
07283P,華新科凱基99售07,0,0,0,0,0,0,0,0,0,-2000,0,0,0,8000,10000,-2000,-2000
07444P,聯發科凱基9A售10,0,0,0,0,0,0,0,0,0,-2000,0,0,0,0,2000,-2000,-2000
07423P,大立光元大99售33,0,0,0,0,0,0,0,0,0,-2000,0,0,0,0,2000,-2000,-2000
07370P,南亞科凱基99售08,0,0,0,0,0,0,0,0,0,-2000,0,0,0,0,2000,-2000,-2000
064504,玉晶光元大01購02,0,0,0,0,0,0,0,0,0,-2000,0,0,0,12000,14000,-2000,-2000
064608,滬深2X元大9C購11,0,0,0,0,0,0,0,0,0,-2000,0,0,0,0,2000,-2000,-2000
064602,玉晶光元富9C購03,0,0,0,0,0,0,0,0,0,-2000,0,0,0,0,2000,-2000,-2000
064693,玉晶光群益01購06,0,0,0,0,0,0,0,0,0,-2000,0,0,0,8000,10000,-2000,-2000
06532P,友達元富98售04  ,0,0,0,0,0,0,0,0,0,-2000,0,0,0,50000,52000,-2000,-2000
06602P,國巨統一99售02  ,0,0,0,0,0,0,0,0,0,-2000,0,0,0,0,2000,-2000,-2000
064807,義隆元大9C購03  ,0,0,0,0,0,0,0,0,0,-2000,0,0,0,0,2000,-2000,-2000
06673P,大立光群益98售01,0,0,0,0,0,0,0,0,0,-2000,0,0,0,0,2000,-2000,-2000
06666P,台積電日盛9A售02,0,0,0,0,0,0,0,0,0,-2000,0,0,0,17000,19000,-2000,-2000
06781P,大立光元大98售19,0,0,0,0,0,0,0,0,0,-2000,0,0,0,0,2000,-2000,-2000
053627,宏碁兆豐97購01  ,0,0,0,0,0,0,0,0,0,-2000,0,0,0,0,2000,-2000,-2000
054148,矽創元大96購03  ,0,0,0,0,0,0,0,0,0,-2000,0,0,0,0,2000,-2000,-2000
057494,玉晶光元大99購09,0,0,0,0,0,0,0,0,0,-2000,0,0,0,15000,17000,-2000,-2000
057547,技嘉凱基99購01  ,0,0,0,0,0,0,0,0,0,-2000,0,0,0,74000,76000,-2000,-2000
057573,京鼎永豐98購02  ,0,0,0,0,0,0,0,0,0,-2000,0,0,0,10000,12000,-2000,-2000
057530,奇鋐元大99購01  ,0,0,0,0,0,0,0,0,0,-2000,0,0,0,0,2000,-2000,-2000
03677C,臺股指元大05牛02,0,0,0,0,0,0,0,0,0,-2000,0,0,0,5000,7000,-2000,-2000
054967,神達元大97購01  ,0,0,0,0,0,0,0,0,0,-2000,0,0,0,0,2000,-2000,-2000
055229,大毅國票97購02  ,0,0,0,0,0,0,0,0,0,-2000,0,0,0,14000,16000,-2000,-2000
051381,玉晶光群益98購01,0,0,0,0,0,0,0,0,0,-2000,0,0,0,0,2000,-2000,-2000
00691R,兆豐藍籌30反1   ,0,0,0,0,0,0,0,0,0,-2000,0,0,0,0,2000,-2000,-2000
059886,可成國票99購04  ,0,0,0,0,0,0,0,0,0,-2000,0,0,0,0,2000,-2000,-2000
058481,玉晶光凱基9A購04,0,0,0,0,0,0,0,0,0,-2000,0,0,0,6000,8000,-2000,-2000
055934,景碩群益98購03  ,0,0,0,0,0,0,0,0,0,-2000,0,0,0,0,2000,-2000,-2000
055848,大立光元大97購11,0,0,0,0,0,0,0,0,0,-2000,0,0,0,0,2000,-2000,-2000
055589,台光電元大98購04,0,0,0,0,0,0,0,0,0,-2000,0,0,0,0,2000,-2000,-2000
056861,美律群益99購01  ,0,0,0,0,0,0,0,0,0,-2000,0,0,0,0,2000,-2000,-2000
059681,華新科國泰9B購02,0,0,0,0,0,0,0,0,0,-2000,0,0,0,1000,3000,-2000,-2000
058725,美律富邦9A購01  ,0,0,0,0,0,0,0,0,0,-2000,0,0,0,0,2000,-2000,-2000
059700,鴻海凱基9A購16  ,0,0,0,0,0,0,0,0,0,-2000,0,0,0,0,2000,-2000,-2000
059037,宏達電群益99購02,0,0,0,0,0,0,0,0,0,-2000,0,0,0,129000,131000,-2000,-2000
059373,滬深2X群益01購03,0,0,0,0,0,0,0,0,0,-2000,0,0,0,0,2000,-2000,-2000
057784,台積電國票9B購01,0,0,0,0,0,0,0,0,0,-2000,0,0,0,0,2000,-2000,-2000
057945,京鼎國票99購03  ,0,0,0,0,0,0,0,0,0,-2000,0,0,0,0,2000,-2000,-2000
058779,大立光國票9A購02,0,0,0,0,0,0,0,0,0,-2000,0,0,0,0,2000,-2000,-2000
058933,FBVIX台新9B購01 ,0,0,0,0,0,0,0,0,0,-2000,0,0,0,0,2000,-2000,-2000
058885,元石油元大9C購02,0,0,0,0,0,0,0,0,0,-2000,0,0,0,2000,4000,-2000,-2000
061596,健策永豐9A購03  ,0,0,0,0,0,0,0,0,0,-2000,0,0,0,8000,10000,-2000,-2000
061479,泰碩元大9A購02  ,0,0,0,0,0,0,0,0,0,-2000,0,0,0,0,2000,-2000,-2000
061481,嘉澤元大9A購03  ,0,0,0,0,0,0,0,0,0,-2000,0,0,0,206000,208000,-2000,-2000
061446,鴻海中信04購01  ,0,0,0,0,0,0,0,0,0,-2000,0,0,0,0,2000,-2000,-2000
061447,鴻海中信04購02  ,0,0,0,0,0,0,0,0,0,-2000,0,0,0,2000,4000,-2000,-2000
061169,GIS兆豐9A購01   ,0,0,0,0,0,0,0,0,0,-2000,0,0,0,10000,12000,-2000,-2000
058537,彩晶統一9B購01  ,0,0,0,0,0,0,0,0,0,-2000,0,0,0,88000,90000,-2000,-2000
059619,台積電日盛9A購04,0,0,0,0,0,0,0,0,0,-2000,0,0,0,60000,62000,-2000,-2000
060725,台積電第一9A購01,0,0,0,0,0,0,0,0,0,-2000,0,0,0,0,2000,-2000,-2000
060392,華擎群益9C購02  ,0,0,0,0,0,0,0,0,0,-2000,0,0,0,8000,10000,-2000,-2000
061073,T50反1兆豐9A購01,0,0,0,0,0,0,0,0,0,-2000,0,0,0,0,2000,-2000,-2000
058655,鴻海中信03購02  ,0,0,0,0,0,0,0,0,0,-2000,0,0,0,0,2000,-2000,-2000
064222,玉山金國票01購01,0,0,0,0,0,0,0,0,0,-2000,0,0,0,0,2000,-2000,-2000
064198,超眾群益9C購01  ,0,0,0,0,0,0,0,0,0,-2000,0,0,0,26000,28000,-2000,-2000
063909,旺宏凱基02購01  ,0,0,0,0,0,0,0,0,0,-2000,0,0,0,0,2000,-2000,-2000
063869,玉晶光永豐9C購01,0,0,0,0,0,0,0,0,0,-2000,0,0,0,13000,15000,-2000,-2000
063398,信邦群益9B購02  ,0,0,0,0,0,0,0,0,0,-2000,0,0,0,58000,60000,-2000,-2000
063639,華擎元大9C購03  ,0,0,0,0,0,0,0,0,0,-2000,0,0,0,19000,21000,-2000,-2000
063752,瑞祺國票9C購01  ,0,0,0,0,0,0,0,0,0,-2000,0,0,0,61000,63000,-2000,-2000
063608,力成凱基9B購03  ,0,0,0,0,0,0,0,0,0,-2000,0,0,0,110000,112000,-2000,-2000
062202,國巨國票9C購04  ,0,0,0,0,0,0,0,0,0,-2000,0,0,0,0,2000,-2000,-2000
062122,國巨統一02購01  ,0,0,0,0,0,0,0,0,0,-2000,0,0,0,20000,22000,-2000,-2000
061852,大立光國票9B購02,0,0,0,0,0,0,0,0,0,-2000,0,0,0,0,2000,-2000,-2000
062068,滬深2X元大9B購02,0,0,0,0,0,0,0,0,0,-2000,0,0,0,0,2000,-2000,-2000
062824,國巨群益9C購03  ,0,0,0,0,0,0,0,0,0,-2000,0,0,0,0,2000,-2000,-2000
062845,微星富邦01購01  ,0,0,0,0,0,0,0,0,0,-2000,0,0,0,0,2000,-2000,-2000
062540,茂林國泰9C購01  ,0,0,0,0,0,0,0,0,0,-2000,0,0,0,27000,29000,-2000,-2000
062755,茂林麥證9B購01  ,0,0,0,0,2000,-2000,0,0,0,-2000,0,0,0,0,2000,-2000,-2000
9929,秋雨            ,0,0,0,0,0,0,0,0,0,-2000,0,2000,-2000,0,0,0,-2000
8467,波力-KY         ,0,2000,-2000,0,0,0,0,0,0,0,0,0,0,0,0,0,-2000
9943,好樂迪          ,21000,23000,-2000,0,0,0,0,0,0,0,0,0,0,0,0,0,-2000
06921P,台光電凱基98售06,0,0,0,0,0,0,0,0,0,-3000,0,0,0,0,3000,-3000,-3000
064843,巨大統一02購01  ,0,0,0,0,0,0,0,0,0,-3000,0,0,0,0,3000,-3000,-3000
064846,旺宏元富03購01  ,0,0,0,0,0,0,0,0,0,-3000,0,0,0,0,3000,-3000,-3000
064871,緯穎永豐9C購03  ,0,0,0,0,0,0,0,0,0,-3000,0,0,0,0,3000,-3000,-3000
064568,聯鈞群益9C購01  ,0,0,0,0,0,0,0,0,0,-3000,0,0,0,0,3000,-3000,-3000
064579,大立光富邦03購02,0,0,0,0,0,0,0,0,0,-3000,0,0,0,125000,128000,-3000,-3000
064614,友訊元大9C購02  ,0,0,0,0,0,0,0,0,0,-3000,0,0,0,107000,110000,-3000,-3000
064509,台表科元大9C購08,0,0,0,0,0,0,0,0,0,-3000,0,0,0,0,3000,-3000,-3000
064387,GIS富邦9C購01   ,0,0,0,0,0,0,0,0,0,-3000,0,0,0,2000,5000,-3000,-3000
07305P,T50正2群益99售02,0,0,0,0,0,0,0,0,0,-3000,0,0,0,60000,63000,-3000,-3000
07521P,台積電中信01售05,0,0,0,0,0,0,0,0,0,-3000,0,0,0,0,3000,-3000,-3000
07184P,台灣50元富01售01,0,0,0,0,0,0,0,0,0,-3000,0,0,0,0,3000,-3000,-3000
07049P,聯發科中信99售03,0,0,0,0,0,0,0,0,0,-3000,0,0,0,0,3000,-3000,-3000
08069P,大立光國泰01售02,0,0,0,0,0,0,0,0,0,-3000,0,0,0,5000,8000,-3000,-3000
08065P,瑞昱凱基9B售03  ,0,0,0,0,0,0,0,0,0,-3000,0,0,0,0,3000,-3000,-3000
07685P,玉晶光凱基9B售03,0,0,0,0,0,0,0,0,0,-3000,0,0,0,0,3000,-3000,-3000
07629P,臺股指凱基9A售10,0,0,0,0,0,0,0,0,0,-3000,0,0,0,0,3000,-3000,-3000
08354P,旺宏元大9C售05  ,0,0,0,0,0,0,0,0,0,-3000,0,0,0,2000,5000,-3000,-3000
08346P,大立光元大9C售15,0,0,0,0,0,0,0,0,0,-3000,0,0,0,0,3000,-3000,-3000
08401P,玉晶光元富9C售04,0,0,0,0,0,0,0,0,0,-3000,0,0,0,50000,53000,-3000,-3000
08373P,大立光凱基01售05,0,0,0,0,0,0,0,0,0,-3000,0,0,0,0,3000,-3000,-3000
1525,江申            ,1000,4000,-3000,0,0,0,0,0,0,0,0,0,0,0,0,0,-3000
1776,展宇            ,1000,2000,-1000,0,0,0,0,0,0,-2000,0,2000,-2000,0,0,0,-3000
2033,佳大            ,0,0,0,0,0,0,0,0,0,-3000,0,3000,-3000,0,0,0,-3000
2024,志聯            ,0,3000,-3000,0,0,0,0,0,0,0,0,0,0,0,0,0,-3000
2497,怡利電          ,2000,5000,-3000,0,0,0,0,0,0,0,0,0,0,0,0,0,-3000
3054,立萬利          ,0,3000,-3000,0,0,0,0,0,0,0,0,0,0,0,0,0,-3000
3432,台端            ,0,3000,-3000,0,0,0,0,0,0,0,0,0,0,0,0,0,-3000
6405,悅城            ,1000,2000,-1000,0,0,0,0,0,0,-2000,0,2000,-2000,0,0,0,-3000
6674,鋐寶科技        ,1000,3000,-2000,0,0,0,0,0,0,-1000,0,1000,-1000,0,0,0,-3000
6666,羅麗芬-KY       ,1000,4000,-3000,0,0,0,0,0,0,0,0,0,0,0,0,0,-3000
4755,三福化          ,1000,4000,-3000,0,0,0,0,0,0,0,0,0,0,0,0,0,-3000
4737,華廣            ,5000,8000,-3000,0,0,0,0,0,0,0,0,0,0,0,0,0,-3000
4807,日成-KY         ,4000,5000,-1000,0,0,0,0,0,0,-2000,0,2000,-2000,0,0,0,-3000
4942,嘉彰            ,39000,32000,7000,0,0,0,0,0,0,-10000,0,10000,-10000,0,0,0,-3000
4439,冠星-KY         ,0,3000,-3000,0,0,0,0,0,0,0,0,0,0,0,0,0,-3000
3593,力銘            ,0,0,0,0,0,0,0,0,0,-3000,0,3000,-3000,0,0,0,-3000
3528,安馳            ,0,3000,-3000,0,0,0,0,0,0,0,0,0,0,0,0,0,-3000
056628,矽創永豐98購01  ,0,0,0,0,0,0,0,0,0,-3000,0,0,0,0,3000,-3000,-3000
057091,華新科元富9A購01,0,0,0,0,0,0,0,0,0,-3000,0,0,0,482000,485000,-3000,-3000
057201,華擎元富98購01  ,0,0,0,0,0,0,0,0,0,-3000,0,0,0,13000,16000,-3000,-3000
057651,矽力元大98購03  ,0,0,0,0,0,0,0,0,0,-3000,0,0,0,0,3000,-3000,-3000
057374,禾伸堂元大99購03,0,0,0,0,0,0,0,0,0,-3000,0,0,0,52000,55000,-3000,-3000
057321,台泥群益98購01  ,0,0,0,0,0,0,0,0,0,-3000,0,0,0,0,3000,-3000,-3000
055830,上銀元大97購07  ,0,0,0,0,0,0,0,0,0,-3000,0,0,0,2000,5000,-3000,-3000
055966,茂林元大99購01  ,0,0,0,0,0,0,0,0,0,-3000,0,0,0,55000,58000,-3000,-3000
056155,嘉晶凱基97購01  ,0,0,0,0,0,0,0,0,0,-3000,0,0,0,123000,126000,-3000,-3000
056087,世芯統一97購01  ,0,0,0,0,0,0,0,0,0,-3000,0,0,0,2000,5000,-3000,-3000
059980,台積電元大99購50,0,0,0,0,0,0,0,0,0,-3000,0,0,0,2000,5000,-3000,-3000
059923,緯穎元大99購09  ,0,0,0,0,0,0,0,0,0,-3000,0,0,0,0,3000,-3000,-3000
020011,統一微波高息20N ,0,0,0,0,0,0,0,0,0,-3000,0,0,0,0,3000,-3000,-3000
0057,富邦摩台        ,0,0,0,0,0,0,0,0,0,-3000,0,0,0,65000,68000,-3000,-3000
052890,FB上証群益9B購01,0,0,0,0,0,0,0,0,0,-3000,0,0,0,0,3000,-3000,-3000
05088P,大立光富邦99售01,0,0,0,0,0,0,0,0,0,-3000,0,0,0,0,3000,-3000,-3000
051843,聯發科富邦99購01,0,0,0,0,0,0,0,0,0,-3000,0,0,0,0,3000,-3000,-3000
053059,聯發科永昌99購01,0,0,0,0,0,0,0,0,0,-3000,0,0,0,0,3000,-3000,-3000
053363,旺宏國泰98購02  ,0,0,0,0,0,0,0,0,0,-3000,0,0,0,187000,190000,-3000,-3000
054159,T50正2凱基99購01,0,0,0,0,0,0,0,0,0,-3000,0,0,0,0,3000,-3000,-3000
060385,台勝科凱基9A購01,0,0,0,0,0,0,0,0,0,-3000,0,0,0,27000,30000,-3000,-3000
060940,國巨國票9B購03  ,0,0,0,0,0,0,0,0,0,-3000,0,0,0,1000,4000,-3000,-3000
060872,高股息中信02購01,0,0,0,0,0,0,0,0,0,-3000,0,0,0,0,3000,-3000,-3000
060767,世紀鋼元大9A購02,0,0,0,0,0,0,0,0,0,-3000,0,0,0,0,3000,-3000,-3000
058584,百和群益9A購01  ,0,0,0,0,0,0,0,0,0,-3000,0,0,0,2000,5000,-3000,-3000
060526,台積電中信9A購02,0,0,0,0,0,0,0,0,0,-3000,0,0,0,2000,5000,-3000,-3000
060222,貿聯凱基9A購02  ,0,0,0,0,0,0,0,0,0,-3000,0,0,0,0,3000,-3000,-3000
061445,道瓊指中信9A購01,0,0,0,0,0,0,0,0,0,-3000,0,0,0,0,3000,-3000,-3000
061406,華通國票9A購06  ,0,0,0,0,0,0,0,0,0,-3000,0,0,0,0,3000,-3000,-3000
061504,祥碩國票9A購02  ,0,0,0,0,0,0,0,0,0,-3000,0,0,0,0,3000,-3000,-3000
06166P,大立光國票98售01,0,0,0,0,0,0,0,0,0,-3000,0,0,0,0,3000,-3000,-3000
061719,緯穎凱基9A購06  ,0,0,0,0,0,0,0,0,0,-3000,0,0,0,30000,33000,-3000,-3000
058950,國巨群益99購06  ,0,0,0,0,0,0,0,0,0,-3000,0,0,0,8000,11000,-3000,-3000
061316,台積電凱基9A購24,0,0,0,0,0,0,0,0,0,-3000,0,0,0,2000,5000,-3000,-3000
061268,玉晶光凱基9B購04,0,0,0,0,0,0,0,0,0,-3000,0,0,0,0,3000,-3000,-3000
057832,聯發科元富02購05,0,0,0,0,0,0,0,0,0,-3000,0,0,0,0,3000,-3000,-3000
059055,旺宏凱基9B購02  ,0,0,0,0,0,0,0,0,0,-3000,0,0,0,0,3000,-3000,-3000
059702,台積電凱基9A購14,0,0,0,0,0,0,0,0,0,-3000,0,0,0,19000,22000,-3000,-3000
058379,臺股指凱基99購14,0,0,0,0,0,0,0,0,0,-3000,0,0,0,310000,313000,-3000,-3000
062534,力成統一01購01  ,0,0,0,0,0,0,0,0,0,-3000,0,0,0,0,3000,-3000,-3000
062557,台光電凱基9B購02,0,0,0,0,0,0,0,0,0,-3000,0,0,0,22000,25000,-3000,-3000
062799,聯發科統一9C購09,0,0,0,0,0,0,0,0,0,-3000,0,0,0,5000,8000,-3000,-3000
062873,國巨兆豐9C購01  ,0,0,0,0,0,0,0,0,0,-3000,0,0,0,0,3000,-3000,-3000
062926,嘉澤國票9B購01  ,0,0,0,0,0,0,0,0,0,-3000,0,0,0,59000,62000,-3000,-3000
062176,元金2X元大9B購01,0,0,0,0,0,0,0,0,0,-3000,0,0,0,0,3000,-3000,-3000
062270,上銀群益9B購03  ,0,0,0,0,0,0,0,0,0,-3000,0,0,0,33000,36000,-3000,-3000
062400,晶豪科永豐9B購02,0,0,0,0,0,0,0,0,0,-3000,0,0,0,0,3000,-3000,-3000
063546,國巨兆豐9C購03  ,0,0,0,0,0,0,0,0,0,-3000,0,0,0,0,3000,-3000,-3000
063321,泰鼎群益9B購03  ,0,0,0,0,0,0,0,0,0,-3000,0,0,0,20000,23000,-3000,-3000
063243,聯發科元大9B購20,0,0,0,0,0,0,0,0,0,-3000,0,0,0,1000,4000,-3000,-3000
063199,台積電統一01購07,0,0,0,0,0,0,0,0,0,-3000,0,0,0,0,3000,-3000,-3000
064027,義隆元大9C購01  ,0,0,0,0,0,0,0,0,0,-3000,0,0,0,40000,43000,-3000,-3000
06426P,T50正2元大9B售01,0,0,0,0,0,0,0,0,0,-3000,0,0,0,0,3000,-3000,-3000
064335,可成元大9C購05  ,0,0,0,0,0,0,0,0,0,-3000,0,0,0,0,3000,-3000,-3000
9937,全國            ,0,3000,-3000,0,0,0,0,0,0,0,0,0,0,0,0,0,-3000
8442,威宏-KY         ,0,3000,-3000,0,0,0,0,0,0,0,0,0,0,0,0,0,-3000
8499,鼎炫-KY         ,34000,37000,-3000,0,0,0,0,0,0,0,0,0,0,0,0,0,-3000
9188,精熙-DR         ,0,3000,-3000,0,0,0,0,0,0,0,0,0,0,0,0,0,-3000
4720,德淵            ,196000,200000,-4000,0,0,0,0,0,0,0,0,0,0,0,0,0,-4000
6592,和潤企業        ,324000,361000,-37000,0,0,0,29000,0,29000,4000,10000,15000,-5000,34000,25000,9000,-4000
2901,欣欣            ,0,4000,-4000,0,0,0,0,0,0,0,0,0,0,0,0,0,-4000
3003,健和興          ,106000,90000,16000,0,0,0,0,0,0,-20000,0,11000,-11000,1000,10000,-9000,-4000
2939,凱羿-KY         ,16000,19000,-3000,0,0,0,0,0,0,-1000,0,1000,-1000,0,0,0,-4000
2483,百容            ,0,4000,-4000,0,0,0,0,0,0,0,0,0,0,0,0,0,-4000
2613,中櫃            ,0,3000,-3000,0,0,0,0,0,0,-1000,0,1000,-1000,0,0,0,-4000
2413,環科            ,3000,7000,-4000,0,0,0,0,0,0,0,0,0,0,0,0,0,-4000
1727,中華化          ,1000,5000,-4000,0,0,0,0,0,0,0,0,0,0,0,0,0,-4000
2236,百達-KY         ,0,1000,-1000,0,0,0,0,0,0,-3000,0,3000,-3000,0,0,0,-4000
1583,程泰            ,0,4000,-4000,0,0,0,0,0,0,0,0,0,0,0,0,0,-4000
1236,宏亞            ,0,4000,-4000,0,0,0,0,0,0,0,0,0,0,0,0,0,-4000
1232,大統益          ,0,4000,-4000,0,0,0,0,0,0,0,0,0,0,0,0,0,-4000
1443,立益            ,0,4000,-4000,0,0,0,0,0,0,0,0,0,0,0,0,0,-4000
08271P,華通元富9C售01  ,0,0,0,0,0,0,0,0,0,-4000,0,0,0,10000,14000,-4000,-4000
08237P,台積電富邦03售01,0,0,0,0,0,0,0,0,0,-4000,0,0,0,1000,5000,-4000,-4000
08221P,台表科凱基9B售05,0,0,0,0,0,0,0,0,0,-4000,0,0,0,50000,54000,-4000,-4000
07673P,電子類元大9A售01,0,0,0,0,0,0,0,0,0,-4000,0,0,0,103000,107000,-4000,-4000
08061P,大毅國票9B售04  ,0,0,0,0,0,0,0,0,0,-4000,0,0,0,6000,10000,-4000,-4000
08018P,牧德國票9B售04  ,0,0,0,0,0,0,0,0,0,-4000,0,0,0,0,4000,-4000,-4000
06733P,鴻海凱基99售02  ,0,0,0,0,0,0,0,0,0,-4000,0,0,0,5000,9000,-4000,-4000
06988P,鴻海元富99售09  ,0,0,0,0,0,0,0,0,0,-4000,0,0,0,0,4000,-4000,-4000
06804P,臺股指群益98售10,0,0,0,0,0,0,0,0,0,-4000,0,0,0,0,4000,-4000,-4000
06888P,日月光元大98售02,0,0,0,0,0,0,0,0,0,-4000,0,0,0,0,4000,-4000,-4000
06856P,台灣50永豐99售03,0,0,0,0,0,0,0,0,0,-4000,0,0,0,0,4000,-4000,-4000
054526,道瓊反統一98購01,0,0,0,0,0,0,0,0,0,-4000,0,0,0,0,4000,-4000,-4000
060065,大立光兆豐9B購01,0,0,0,0,0,0,0,0,0,-4000,0,0,0,0,4000,-4000,-4000
059901,滬深2X元大9C購07,0,0,0,0,0,0,0,0,0,-4000,0,0,0,0,4000,-4000,-4000
059489,上証2X國票9A購01,0,0,0,0,0,0,0,0,0,-4000,0,0,0,0,4000,-4000,-4000
057373,大立光元大98購17,0,0,0,0,0,0,0,0,0,-4000,0,0,0,20000,24000,-4000,-4000
057633,緯穎永豐98購02  ,0,0,0,0,0,0,0,0,0,-4000,0,0,0,13000,17000,-4000,-4000
056603,嘉聯益國泰9A購01,0,0,0,0,0,0,0,0,0,-4000,0,0,0,0,4000,-4000,-4000
055713,國巨元大98購09  ,0,0,0,0,0,0,0,0,0,-4000,0,0,0,1000,5000,-4000,-4000
058431,國巨統一9B購01  ,0,0,0,0,0,0,0,0,0,-4000,0,0,0,58000,62000,-4000,-4000
058403,玉晶光元大99購12,0,0,0,0,0,0,0,0,0,-4000,0,0,0,18000,22000,-4000,-4000
058304,鴻海元大99購12  ,0,0,0,0,0,0,0,0,0,-4000,0,0,0,0,4000,-4000,-4000
059004,嘉晶元大99購05  ,0,0,0,0,0,0,0,0,0,-4000,0,0,0,46000,50000,-4000,-4000
057825,和碩元大98購02  ,0,0,0,0,0,0,0,0,0,-4000,0,0,0,0,4000,-4000,-4000
059386,上銀凱基99購07  ,0,0,0,0,0,0,0,0,0,-4000,0,0,0,2000,6000,-4000,-4000
059255,臺股指凱基99購33,0,0,0,0,0,0,0,0,0,-4000,0,0,0,5000,9000,-4000,-4000
059262,致茂中信01購01  ,0,0,0,0,0,0,0,0,0,-4000,0,0,0,24000,28000,-4000,-4000
061251,臺股指群益9A購02,0,0,0,0,0,0,0,0,0,-4000,0,0,0,0,4000,-4000,-4000
057963,緯穎元大98購08  ,0,0,0,0,0,0,0,0,0,-4000,0,0,0,0,4000,-4000,-4000
058849,奇力新群益99購02,0,0,0,0,0,0,0,0,0,-4000,0,0,0,0,4000,-4000,-4000
061441,大毅永豐9A購04  ,0,0,0,0,0,0,0,0,0,-4000,0,0,0,76000,80000,-4000,-4000
060280,元金2X元大9A購01,0,0,0,0,0,0,0,0,0,-4000,0,0,0,0,4000,-4000,-4000
061150,國巨群益9A購09  ,0,0,0,0,0,0,0,0,0,-4000,0,0,0,80000,84000,-4000,-4000
060966,台表科凱基9B購01,0,0,0,0,0,0,0,0,0,-4000,0,0,0,46000,50000,-4000,-4000
061026,南電富邦9B購01  ,0,0,0,0,0,0,0,0,0,-4000,0,0,0,0,4000,-4000,-4000
060719,瀚宇博永豐9A購01,0,0,0,0,0,0,0,0,0,-4000,0,0,0,0,4000,-4000,-4000
064148,瑞昱統一02購01  ,0,0,0,0,0,0,0,0,0,-4000,0,0,0,2000,6000,-4000,-4000
064013,創意國票01購01  ,0,0,0,0,0,0,0,0,0,-4000,0,0,0,49000,53000,-4000,-4000
063974,南電國票01購01  ,0,0,0,0,0,0,0,0,0,-4000,0,0,0,4000,8000,-4000,-4000
063566,台光電元大9B購08,0,0,0,0,0,0,0,0,0,-4000,0,0,0,20000,24000,-4000,-4000
063577,台表科元大9C購04,0,0,0,0,0,0,0,0,0,-4000,0,0,0,66000,70000,-4000,-4000
063477,訊芯元大9B購01  ,0,0,0,0,0,0,0,0,0,-4000,0,0,0,18000,22000,-4000,-4000
062440,聯發科元大9B購11,0,0,0,0,0,0,0,0,0,-4000,0,0,0,3000,7000,-4000,-4000
062345,和大群益9B購01  ,0,0,0,0,0,0,0,0,0,-4000,0,0,0,41000,45000,-4000,-4000
062200,臺指反國票03購01,0,0,0,0,0,0,0,0,0,-4000,0,0,0,16000,20000,-4000,-4000
062110,華擎國票9B購01  ,0,0,0,0,0,0,0,0,0,-4000,0,0,0,0,4000,-4000,-4000
06191P,鴻海群益97售03  ,0,0,0,0,0,0,0,0,0,-4000,0,0,0,0,4000,-4000,-4000
061976,國巨元大9B購01  ,0,0,0,0,0,0,0,0,0,-4000,0,0,0,6000,10000,-4000,-4000
061787,華新科群益9C購01,0,0,0,0,0,0,0,0,0,-4000,0,0,0,27000,31000,-4000,-4000
061793,上銀永豐9B購01  ,0,0,0,0,0,0,0,0,0,-4000,0,0,0,17000,21000,-4000,-4000
061738,聯發科凱基9B購04,0,0,0,0,0,0,0,0,0,-4000,0,0,0,0,4000,-4000,-4000
062529,可成統一9C購03  ,0,0,0,0,0,0,0,0,0,-4000,0,0,0,0,4000,-4000,-4000
9926,新海            ,0,4000,-4000,0,0,0,0,0,0,0,0,0,0,0,0,0,-4000
8488,吉源-KY         ,0,4000,-4000,0,0,0,0,0,0,0,0,0,0,0,0,0,-4000
06892P,聯鈞元富98售01  ,0,0,0,0,0,0,0,0,0,-5000,0,0,0,0,5000,-5000,-5000
06893P,致新元富98售02  ,0,0,0,0,0,0,0,0,0,-5000,0,0,0,110000,115000,-5000,-5000
06806P,臺股指群益98售12,0,0,0,0,0,0,0,0,0,-5000,0,0,0,10000,15000,-5000,-5000
06958P,FBVIX凱基9C售02 ,0,0,0,0,0,0,0,0,0,-5000,0,0,0,0,5000,-5000,-5000
06724P,台灣50國票98售01,0,0,0,0,0,0,0,0,0,-5000,0,0,0,0,5000,-5000,-5000
06697P,台積電國票99售05,0,0,0,0,0,0,0,0,0,-5000,0,0,0,0,5000,-5000,-5000
06504P,麗豐國票99售02  ,0,0,0,0,0,0,0,0,0,-5000,0,0,0,0,5000,-5000,-5000
064804,英業達元大9C購01,0,0,0,0,0,0,0,0,0,-5000,0,0,0,0,5000,-5000,-5000
064806,微星元大01購01  ,0,0,0,0,0,0,0,0,0,-5000,0,0,0,0,5000,-5000,-5000
06558P,旺宏元富98售02  ,0,0,0,0,0,0,0,0,0,-5000,0,0,0,0,5000,-5000,-5000
064774,聚陽群益9C購04  ,0,0,0,0,0,0,0,0,0,-5000,0,0,0,0,5000,-5000,-5000
08023P,臺股指凱基9B售09,0,0,0,0,0,0,0,0,0,-5000,0,0,0,0,5000,-5000,-5000
07982P,全新群益9B售04  ,0,0,0,0,0,0,0,0,0,-5000,0,0,0,0,5000,-5000,-5000
07872P,聯發科群益9B售03,0,0,0,0,0,0,0,0,0,-5000,0,0,0,20000,25000,-5000,-5000
07600P,台灣50凱基04售06,0,0,0,0,0,0,0,0,0,-5000,0,0,0,0,5000,-5000,-5000
07616P,瑞昱中信02售01  ,0,0,0,0,0,0,0,0,0,-5000,0,0,0,0,5000,-5000,-5000
07785P,鴻海中信04售03  ,0,0,0,0,0,0,0,0,0,-5000,0,0,0,0,5000,-5000,-5000
07033P,大立光統一9B售03,0,0,0,0,0,0,0,0,0,-5000,0,0,0,1000,6000,-5000,-5000
07030P,鈺齊群益99售01  ,0,0,0,0,0,0,0,0,0,-5000,0,0,0,0,5000,-5000,-5000
07100P,華航元大99售01  ,0,0,0,0,0,0,0,0,0,-5000,0,0,0,0,5000,-5000,-5000
07280P,FBVIX凱基99售01 ,0,0,0,0,0,0,0,0,0,-5000,0,0,0,1000,6000,-5000,-5000
07259P,滬深2X國票01售01,0,0,0,0,0,0,0,0,0,-5000,0,0,0,0,5000,-5000,-5000
07468P,聯電元大9A售02  ,0,0,0,0,0,0,0,0,0,-5000,0,0,0,110000,115000,-5000,-5000
07301P,臺股指元大9A售34,0,0,0,0,0,0,0,0,0,-5000,0,0,0,0,5000,-5000,-5000
07341P,台積電凱基99售18,0,0,0,0,0,0,0,0,0,-5000,0,0,0,0,5000,-5000,-5000
07424P,大立光元大9B售01,0,0,0,0,0,0,0,0,0,-5000,0,0,0,80000,85000,-5000,-5000
07431P,臺股指國票9A售03,0,0,0,0,0,0,0,0,0,-5000,0,0,0,0,5000,-5000,-5000
07446P,台灣50元大9A售06,0,0,0,0,0,0,0,0,0,-5000,0,0,0,0,5000,-5000,-5000
08249P,聯發科群益9C售06,0,0,0,0,0,0,0,0,0,-5000,0,0,0,0,5000,-5000,-5000
08444P,臺股指麥證9C售02,0,0,0,0,5000,-5000,0,0,0,-5000,0,0,0,0,5000,-5000,-5000
08358P,大立光元大9C售18,0,0,0,0,0,0,0,0,0,-5000,0,0,0,0,5000,-5000,-5000
08362P,國巨凱基02售01  ,0,0,0,0,0,0,0,0,0,-5000,0,0,0,0,5000,-5000,-5000
1435,中福            ,0,5000,-5000,0,0,0,0,0,0,0,0,0,0,0,0,0,-5000
1233,天仁            ,0,5000,-5000,0,0,0,0,0,0,0,0,0,0,0,0,0,-5000
1220,台榮            ,0,5000,-5000,0,0,0,0,0,0,0,0,0,0,0,0,0,-5000
1535,中宇            ,0,4000,-4000,0,0,0,0,0,0,-1000,0,1000,-1000,0,0,0,-5000
1617,榮星            ,0,5000,-5000,0,0,0,0,0,0,0,0,0,0,0,0,0,-5000
1530,亞崴            ,0,5000,-5000,0,0,0,0,0,0,0,0,0,0,0,0,0,-5000
1713,國化            ,0,5000,-5000,0,0,0,0,0,0,0,0,0,0,0,0,0,-5000
2012,春雨            ,1000,6000,-5000,0,0,0,0,0,0,0,0,0,0,0,0,0,-5000
1817,凱撒衛          ,2000,7000,-5000,0,0,0,0,0,0,0,0,0,0,0,0,0,-5000
2415,錩新            ,18000,23000,-5000,0,0,0,0,0,0,0,0,0,0,0,0,0,-5000
2630,亞航            ,0,5000,-5000,0,0,0,0,0,0,0,0,0,0,0,0,0,-5000
2611,志信            ,3000,8000,-5000,0,0,0,0,0,0,0,0,0,0,0,0,0,-5000
2488,漢平            ,15000,20000,-5000,0,0,0,0,0,0,0,0,0,0,0,0,0,-5000
2509,全坤建          ,2000,7000,-5000,0,0,0,0,0,0,0,0,0,0,0,0,0,-5000
3701,大眾控          ,0,5000,-5000,0,0,0,0,0,0,0,0,0,0,0,0,0,-5000
055692,緯穎凱基97購03  ,0,0,0,0,0,0,0,0,0,-5000,0,0,0,8000,13000,-5000,-5000
055519,茂林中信99購01  ,0,0,0,0,0,0,0,0,0,-5000,0,0,0,10000,15000,-5000,-5000
055521,S&P反1群益01購01,0,0,0,0,0,0,0,0,0,-5000,0,0,0,4000,9000,-5000,-5000
056659,泰碩元大99購01  ,0,0,0,0,0,0,0,0,0,-5000,0,0,0,0,5000,-5000,-5000
057645,華新科元大99購11,0,0,0,0,0,0,0,0,0,-5000,0,0,0,0,5000,-5000,-5000
057140,宏達電兆豐98購01,0,0,0,0,0,0,0,0,0,-5000,0,0,0,0,5000,-5000,-5000
056960,光罩永豐98購01  ,0,0,0,0,0,0,0,0,0,-5000,0,0,0,0,5000,-5000,-5000
058446,新光金富邦9C購01,0,0,0,0,0,0,0,0,0,-5000,0,0,0,0,5000,-5000,-5000
060071,國巨元富99購03  ,0,0,0,0,0,0,0,0,0,-5000,0,0,0,0,5000,-5000,-5000
059913,台積電元大99購44,0,0,0,0,0,0,0,0,0,-5000,0,0,0,17000,22000,-5000,-5000
059999,緯穎元富99購01  ,0,0,0,0,0,0,0,0,0,-5000,0,0,0,20000,25000,-5000,-5000
056158,新日興凱基98購02,0,0,0,0,0,0,0,0,0,-5000,0,0,0,30000,35000,-5000,-5000
056197,友訊永豐97購01  ,0,0,0,0,0,0,0,0,0,-5000,0,0,0,100000,105000,-5000,-5000
055996,矽力國泰99購01  ,0,0,0,0,0,0,0,0,0,-5000,0,0,0,10000,15000,-5000,-5000
056930,晶豪科台新98購01,0,0,0,0,0,0,0,0,0,-5000,0,0,0,0,5000,-5000,-5000
056944,鴻海統一98購11  ,0,0,0,0,0,0,0,0,0,-5000,0,0,0,0,5000,-5000,-5000
05347P,滬深2X元富9B售02,0,0,0,0,0,0,0,0,0,-5000,0,0,0,0,5000,-5000,-5000
053347,茂林國票98購01  ,0,0,0,0,0,0,0,0,0,-5000,0,0,0,10000,15000,-5000,-5000
057564,台積電富邦9B購03,0,0,0,0,0,0,0,0,0,-5000,0,0,0,0,5000,-5000,-5000
05748P,臺股指群益99售02,0,0,0,0,0,0,0,0,0,-5000,0,0,0,0,5000,-5000,-5000
053723,奇鋐凱基98購01  ,0,0,0,0,0,0,0,0,0,-5000,0,0,0,5000,10000,-5000,-5000
053798,台積電中信98購02,0,0,0,0,0,0,0,0,0,-5000,0,0,0,0,5000,-5000,-5000
056414,國巨中信98購02  ,0,0,0,0,0,0,0,0,0,-5000,0,0,0,0,5000,-5000,-5000
053255,貿聯國泰97購01  ,0,0,0,0,0,0,0,0,0,-5000,0,0,0,15000,20000,-5000,-5000
050099,台積電永昌96購01,0,0,0,0,0,0,0,0,0,-5000,0,0,0,0,5000,-5000,-5000
051614,元金2X凱基97購01,0,0,0,0,0,0,0,0,0,-5000,0,0,0,0,5000,-5000,-5000
00661,元大日經225     ,0,0,0,0,0,0,0,0,0,-5000,0,0,0,0,5000,-5000,-5000
03007X,元展07          ,0,0,0,0,0,0,0,0,0,-5000,0,0,0,0,5000,-5000,-5000
051939,同欣電群益97購01,0,0,0,0,0,0,0,0,0,-5000,0,0,0,0,5000,-5000,-5000
00684R,元大美元指數反1 ,0,0,0,0,0,0,0,0,0,-5000,0,0,0,0,5000,-5000,-5000
060661,台積電凱基9A購18,0,0,0,0,0,0,0,0,0,-5000,0,0,0,9000,14000,-5000,-5000
060833,道瓊反國票9A購01,0,0,0,0,0,0,0,0,0,-5000,0,0,0,15000,20000,-5000,-5000
061102,台積電元大9A購22,0,0,0,0,0,0,0,0,0,-5000,0,0,0,20000,25000,-5000,-5000
061090,奇力新統一9C購01,0,0,0,0,0,0,0,0,0,-5000,0,0,0,0,5000,-5000,-5000
058184,鴻海永豐99購01  ,0,0,0,0,0,0,0,0,0,-5000,0,0,0,0,5000,-5000,-5000
058547,世紀鋼富邦9A購01,0,0,0,0,0,0,0,0,0,-5000,0,0,0,0,5000,-5000,-5000
060324,台積電群益9B購02,0,0,0,0,0,0,0,0,0,-5000,0,0,0,0,5000,-5000,-5000
060174,T50反1元富04購01,0,0,0,0,0,0,0,0,0,-5000,0,0,0,0,5000,-5000,-5000
060479,億豐元大9A購01  ,0,0,0,0,0,0,0,0,0,-5000,0,0,0,9000,14000,-5000,-5000
06054P,臺股指中信9A售01,0,0,0,0,0,0,0,0,0,-5000,0,0,0,0,5000,-5000,-5000
060556,緯穎凱基9A購04  ,0,0,0,0,0,0,0,0,0,-5000,0,0,0,140000,145000,-5000,-5000
058579,聯發科群益99購04,0,0,0,0,0,0,0,0,0,-5000,0,0,0,3000,8000,-5000,-5000
05959P,聯發科國票98售01,0,0,0,0,0,0,0,0,0,-5000,0,0,0,10000,15000,-5000,-5000
059566,台積電凱基9A購11,0,0,0,0,0,0,0,0,0,-5000,0,0,0,0,5000,-5000,-5000
060756,鴻海元大9A購16  ,0,0,0,0,0,0,0,0,0,-5000,0,0,0,0,5000,-5000,-5000
060794,景碩永豐9A購02  ,0,0,0,0,0,0,0,0,0,-5000,0,0,0,0,5000,-5000,-5000
060778,臺股指凱基9A購06,0,0,0,0,0,0,0,0,0,-5000,0,0,0,0,5000,-5000,-5000
061402,矽創兆豐9B購01  ,0,0,0,0,0,0,0,0,0,-5000,0,0,0,10000,15000,-5000,-5000
061498,大立光國票9A購10,0,0,0,0,0,0,0,0,0,-5000,0,0,0,0,5000,-5000,-5000
061585,台積電富邦9B購06,0,0,0,0,0,0,0,0,0,-5000,0,0,0,0,5000,-5000,-5000
061589,世紀鋼富邦9B購01,0,0,0,0,0,0,0,0,0,-5000,0,0,0,5000,10000,-5000,-5000
061609,華新科統一9C購01,0,0,0,0,0,0,0,0,0,-5000,0,0,0,5000,10000,-5000,-5000
057933,聯發科群益98購06,0,0,0,0,0,0,0,0,0,-5000,0,0,0,0,5000,-5000,-5000
057878,台郡元大99購04  ,0,0,0,0,0,0,0,0,0,-5000,0,0,0,0,5000,-5000,-5000
058798,大立光元大99購11,0,0,0,0,0,0,0,0,0,-5000,0,0,0,5000,10000,-5000,-5000
058782,臺股指國票99購01,0,0,0,0,0,0,0,0,0,-5000,0,0,0,0,5000,-5000,-5000
061253,臺股指群益9A購04,0,0,0,0,0,0,0,0,0,-5000,0,0,0,20000,25000,-5000,-5000
061277,智邦台新9A購01  ,0,0,0,0,0,0,0,0,0,-5000,0,0,0,0,5000,-5000,-5000
059286,S&P正2元富01購03,0,0,0,0,0,0,0,0,0,-5000,0,0,0,0,5000,-5000,-5000
059309,滬深2X元大99購02,0,0,0,0,0,0,0,0,0,-5000,0,0,0,0,5000,-5000,-5000
059153,臺股指國票99購16,0,0,0,0,0,0,0,0,0,-5000,0,0,0,5000,10000,-5000,-5000
059126,臺指反中信9B購01,0,0,0,0,0,0,0,0,0,-5000,0,0,0,0,5000,-5000,-5000
059782,A50正2元大9C購04,0,0,0,0,0,0,0,0,0,-5000,0,0,0,15000,20000,-5000,-5000
058967,可成麥證99購01  ,0,0,0,3000,7000,-4000,0,0,0,-5000,0,0,0,5000,10000,-5000,-5000
059758,滬深2X永豐99購05,0,0,0,0,0,0,0,0,0,-5000,0,0,0,0,5000,-5000,-5000
058718,台灣50元富03購01,0,0,0,0,0,0,0,0,0,-5000,0,0,0,0,5000,-5000,-5000
062563,緯穎凱基9B購03  ,0,0,0,0,0,0,0,0,0,-5000,0,0,0,50000,55000,-5000,-5000
062779,台積電元大9B購03,0,0,0,0,0,0,0,0,0,-5000,0,0,0,1000,6000,-5000,-5000
062782,聯發科元大9B購12,0,0,0,0,0,0,0,0,0,-5000,0,0,0,2000,7000,-5000,-5000
062980,康控元富9B購01  ,0,0,0,0,0,0,0,0,0,-5000,0,0,0,188000,193000,-5000,-5000
062974,奇力新元富9B購01,0,0,0,0,0,0,0,0,0,-5000,0,0,0,13000,18000,-5000,-5000
063020,奇力新元大9B購04,0,0,0,0,0,0,0,0,0,-5000,0,0,0,0,5000,-5000,-5000
061764,旺宏元大9B購01  ,0,0,0,0,0,0,0,0,0,-5000,0,0,0,0,5000,-5000,-5000
061825,聯發科麥證9B購01,0,0,0,0,5000,-5000,0,0,0,-5000,0,0,0,0,5000,-5000,-5000
062082,嘉晶元大9B購01  ,0,0,0,0,0,0,0,0,0,-5000,0,0,0,0,5000,-5000,-5000
062129,世紀鋼統一02購01,0,0,0,0,0,0,0,0,0,-5000,0,0,0,0,5000,-5000,-5000
062366,義隆元大9B購04  ,0,0,0,0,0,0,0,0,0,-5000,0,0,0,5000,10000,-5000,-5000
063465,友達元大9C購10  ,0,0,0,0,0,0,0,0,0,-5000,0,0,0,50000,55000,-5000,-5000
063703,晶豪科群益9B購02,0,0,0,0,0,0,0,0,0,-5000,0,0,0,0,5000,-5000,-5000
063727,鴻海元大9C購05  ,0,0,0,0,0,0,0,0,0,-5000,0,0,0,0,5000,-5000,-5000
06366P,鴻海凱基97售10  ,0,0,0,0,0,0,0,0,0,-5000,0,0,0,0,5000,-5000,-5000
063218,台塑群益9B購01  ,0,0,0,0,0,0,0,0,0,-5000,0,0,0,0,5000,-5000,-5000
063283,華新科元大9C購03,0,0,0,0,0,0,0,0,0,-5000,0,0,0,29000,34000,-5000,-5000
063312,台積電群益9B購07,0,0,0,0,0,0,0,0,0,-5000,0,0,0,12000,17000,-5000,-5000
063371,南亞科永豐9B購01,0,0,0,0,0,0,0,0,0,-5000,0,0,0,0,5000,-5000,-5000
063985,香港反富邦02購01,0,0,0,0,0,0,0,0,0,-5000,0,0,0,0,5000,-5000,-5000
063920,大立光元富03購02,0,0,0,0,0,0,0,0,0,-5000,0,0,0,3000,8000,-5000,-5000
06380P,臺股指統一98售02,0,0,0,0,0,0,0,0,0,-5000,0,0,0,0,5000,-5000,-5000
064137,台泥統一02購01  ,0,0,0,0,0,0,0,0,0,-5000,0,0,0,0,5000,-5000,-5000
064254,景碩台新9C購02  ,0,0,0,0,0,0,0,0,0,-5000,0,0,0,0,5000,-5000,-5000
8463,潤泰材          ,2000,7000,-5000,0,0,0,0,0,0,0,0,0,0,0,0,0,-5000
3591,艾笛森          ,1000,4000,-3000,0,0,0,0,0,0,-3000,0,3000,-3000,0,0,0,-6000
4438,廣越            ,31000,22000,9000,0,0,0,0,0,0,-15000,0,15000,-15000,0,0,0,-6000
4999,鑫禾            ,15000,18000,-3000,0,0,0,0,0,0,-3000,0,3000,-3000,0,0,0,-6000
6205,詮欣            ,81000,90000,-9000,0,0,0,0,0,0,3000,3000,0,3000,0,0,0,-6000
2540,愛山林          ,0,6000,-6000,0,0,0,0,0,0,0,0,0,0,0,0,0,-6000
2491,吉祥全          ,3000,1000,2000,0,0,0,0,0,0,-8000,0,8000,-8000,0,0,0,-6000
2433,互盛電          ,7000,9000,-2000,0,0,0,0,0,0,-4000,0,4000,-4000,0,0,0,-6000
2443,億麗            ,0,6000,-6000,0,0,0,0,0,0,0,0,0,0,0,0,0,-6000
3027,盛達            ,8000,9000,-1000,0,0,0,0,0,0,-5000,0,5000,-5000,0,0,0,-6000
2028,威致            ,0,4000,-4000,0,0,0,0,0,0,-2000,0,2000,-2000,0,0,0,-6000
1323,永裕            ,0,4000,-4000,0,0,0,0,0,0,-2000,0,2000,-2000,0,0,0,-6000
1436,華友聯          ,1000,7000,-6000,0,0,0,0,0,0,0,0,0,0,0,0,0,-6000
08345P,大立光元大9C售14,0,0,0,0,0,0,0,0,0,-6000,0,0,0,0,6000,-6000,-6000
08279P,南電元富9C售02  ,0,0,0,0,0,0,0,0,0,-6000,0,0,0,4000,10000,-6000,-6000
08194P,同欣電國票9C售03,0,0,0,0,0,0,0,0,0,-6000,0,0,0,20000,26000,-6000,-6000
07371P,滬深2X元大99售07,0,0,0,0,0,0,0,0,0,-6000,0,0,0,0,6000,-6000,-6000
07577P,華新科元大9A售09,0,0,0,0,0,0,0,0,0,-6000,0,0,0,40000,46000,-6000,-6000
07091P,SGBR2X凱基9A售02,0,0,0,0,0,0,0,0,0,-6000,0,0,0,1000,7000,-6000,-6000
07053P,台灣50兆豐01售01,0,0,0,0,0,0,0,0,0,-6000,0,0,0,0,6000,-6000,-6000
07855P,旺宏凱基9A售09  ,0,0,0,0,0,0,0,0,0,-6000,0,0,0,0,6000,-6000,-6000
064764,聯茂凱基01購01  ,0,0,0,0,0,0,0,0,0,-6000,0,0,0,0,6000,-6000,-6000
064750,緯穎麥證9C購01  ,0,0,0,0,6000,-6000,0,0,0,-6000,0,0,0,0,6000,-6000,-6000
06552P,茂林元大99售02  ,0,0,0,0,0,0,0,0,0,-6000,0,0,0,9000,15000,-6000,-6000
06538P,國巨凱基98售11  ,0,0,0,0,0,0,0,0,0,-6000,0,0,0,5000,11000,-6000,-6000
06926P,可成群益9A售04  ,0,0,0,0,0,0,0,0,0,-6000,0,0,0,0,6000,-6000,-6000
06891P,緯穎富邦99售03  ,0,0,0,0,0,0,0,0,0,-6000,0,0,0,154000,160000,-6000,-6000
06901P,亞德客凱基98售02,0,0,0,0,0,0,0,0,0,-6000,0,0,0,10000,16000,-6000,-6000
06897P,FBVIX群益01售01 ,0,0,0,0,0,0,0,0,0,-6000,0,0,0,0,6000,-6000,-6000
06886P,旺宏元大99售07  ,0,0,0,0,0,0,0,0,0,-6000,0,0,0,2000,8000,-6000,-6000
00866,新光Shiller CAPE,0,0,0,0,0,0,0,0,0,-6000,0,0,0,26000,32000,-6000,-6000
03425B,臺股指元大9A熊01,0,0,0,0,0,0,0,0,0,-6000,0,0,0,6000,12000,-6000,-6000
054891,聯鈞統一99購02  ,0,0,0,0,0,0,0,0,0,-6000,0,0,0,0,6000,-6000,-6000
056412,上証2X中信9A購02,0,0,0,0,0,0,0,0,0,-6000,0,0,0,4000,10000,-6000,-6000
057532,智原元大98購03  ,0,0,0,0,0,0,0,0,0,-6000,0,0,0,5000,11000,-6000,-6000
055953,上銀元大97購09  ,0,0,0,0,0,0,0,0,0,-6000,0,0,0,0,6000,-6000,-6000
055910,瑞昱凱基98購01  ,0,0,0,0,0,0,0,0,0,-6000,0,0,0,40000,46000,-6000,-6000
056151,建準凱基97購01  ,0,0,0,0,0,0,0,0,0,-6000,0,0,0,0,6000,-6000,-6000
060032,利勤永豐99購01  ,0,0,0,0,0,0,0,0,0,-6000,0,0,0,7000,13000,-6000,-6000
059466,國巨元大99購26  ,0,0,0,0,0,0,0,0,0,-6000,0,0,0,3000,9000,-6000,-6000
057123,上銀凱基98購05  ,0,0,0,0,0,0,0,0,0,-6000,0,0,0,20000,26000,-6000,-6000
057054,立積元大98購03  ,0,0,0,0,0,0,0,0,0,-6000,0,0,0,94000,100000,-6000,-6000
056997,台灣50康和9A購02,0,0,0,0,0,0,0,0,0,-6000,0,0,0,0,6000,-6000,-6000
057385,光罩永豐99購01  ,0,0,0,0,0,0,0,0,0,-6000,0,0,0,0,6000,-6000,-6000
057243,樺漢凱基99購01  ,0,0,0,0,0,0,0,0,0,-6000,0,0,0,3000,9000,-6000,-6000
056799,群創麥證98購01  ,0,0,0,0,6000,-6000,0,0,0,-6000,0,0,0,0,6000,-6000,-6000
055661,亞德客中信98購01,0,0,0,0,0,0,0,0,0,-6000,0,0,0,4000,10000,-6000,-6000
058720,旭富元富99購01  ,0,0,0,0,0,0,0,0,0,-6000,0,0,0,400000,406000,-6000,-6000
059682,可成富邦9A購01  ,0,0,0,0,0,0,0,0,0,-6000,0,0,0,0,6000,-6000,-6000
059709,上証2X元大9C購01,0,0,0,0,0,0,0,0,0,-6000,0,0,0,0,6000,-6000,-6000
05905P,晶技統一97售01  ,0,0,0,0,0,0,0,0,0,-6000,0,0,0,0,6000,-6000,-6000
059091,中信金元大99購01,0,0,0,0,0,0,0,0,0,-6000,0,0,0,0,6000,-6000,-6000
057819,新日興元大99購01,0,0,0,0,0,0,0,0,0,-6000,0,0,0,12000,18000,-6000,-6000
059292,華新科元富9B購02,0,0,0,0,0,0,0,0,0,-6000,0,0,0,1000,7000,-6000,-6000
059256,臺股指凱基99購34,0,0,0,0,0,0,0,0,0,-6000,0,0,0,6000,12000,-6000,-6000
061628,緯穎群益9A購04  ,0,0,0,0,0,0,0,0,0,-6000,0,0,0,14000,20000,-6000,-6000
061496,華新科國票9A購07,0,0,0,0,0,0,0,0,0,-6000,0,0,0,26000,32000,-6000,-6000
061531,奇鋐台新9A購01  ,0,0,0,0,0,0,0,0,0,-6000,0,0,0,0,6000,-6000,-6000
060793,微星永豐9A購01  ,0,0,0,0,0,0,0,0,0,-6000,0,0,0,20000,26000,-6000,-6000
059562,上銀凱基99購09  ,0,0,0,0,0,0,0,0,0,-6000,0,0,0,0,6000,-6000,-6000
060545,台積電凱基9B購02,0,0,0,0,0,0,0,0,0,-6000,0,0,0,1000,7000,-6000,-6000
060210,上銀康和9A購01  ,0,0,0,0,0,0,0,0,0,-6000,0,0,0,0,6000,-6000,-6000
060246,晶相光元大9C購03,0,0,0,0,0,0,0,0,0,-6000,0,0,0,0,6000,-6000,-6000
063202,南亞科統一9C購02,0,0,0,0,0,0,0,0,0,-6000,0,0,0,17000,23000,-6000,-6000
063489,新日興國泰01購01,0,0,0,0,0,0,0,0,0,-6000,0,0,0,0,6000,-6000,-6000
062019,嘉澤永豐9B購01  ,0,0,0,0,0,0,0,0,0,-6000,0,0,0,111000,117000,-6000,-6000
061893,鴻海永豐9B購01  ,0,0,0,0,0,0,0,0,0,-6000,0,0,0,0,6000,-6000,-6000
062996,致茂國票9C購01  ,0,0,0,0,0,0,0,0,0,-6000,0,0,0,35000,41000,-6000,-6000
062937,旺宏凱基9B購08  ,0,0,0,0,0,0,0,0,0,-6000,0,0,0,1000,7000,-6000,-6000
062786,立積元大9C購03  ,0,0,0,0,0,0,0,0,0,-6000,0,0,0,131000,137000,-6000,-6000
8222,寶一            ,3000,9000,-6000,0,0,0,0,0,0,0,0,0,0,0,0,0,-6000
9931,欣高            ,0,6000,-6000,0,0,0,0,0,0,0,0,0,0,0,0,0,-6000
9918,欣天然          ,1000,7000,-6000,0,0,0,0,0,0,0,0,0,0,0,0,0,-6000
064664,微星元大9C購04  ,0,0,0,0,0,0,0,0,0,-7000,0,0,0,0,7000,-7000,-7000
08045P,健策國票9B售01  ,0,0,0,0,0,0,0,0,0,-7000,0,0,0,20000,27000,-7000,-7000
07844P,可成國票9A售01  ,0,0,0,0,0,0,0,0,0,-7000,0,0,0,121000,128000,-7000,-7000
07688P,華通元大9A售07  ,0,0,0,0,0,0,0,0,0,-7000,0,0,0,27000,34000,-7000,-7000
07442P,華航康和9A售02  ,0,0,0,0,0,0,0,0,0,-7000,0,0,0,0,7000,-7000,-7000
07389P,臺股指群益9C售08,0,0,0,0,0,0,0,0,0,-7000,0,0,0,2000,9000,-7000,-7000
08208P,臺股指群益9B售16,0,0,0,0,0,0,0,0,0,-7000,0,0,0,5000,12000,-7000,-7000
08272P,鴻海元富9C售02  ,0,0,0,0,0,0,0,0,0,-7000,0,0,0,11000,18000,-7000,-7000
1540,喬福            ,0,7000,-7000,0,0,0,0,0,0,0,0,0,0,0,0,0,-7000
057337,聯發科國票99購02,0,0,0,0,0,0,0,0,0,-7000,0,0,0,3000,10000,-7000,-7000
060035,臺股指永豐99購04,0,0,0,0,0,0,0,0,0,-7000,0,0,0,0,7000,-7000,-7000
055962,晶豪科元大97購02,0,0,0,0,0,0,0,0,0,-7000,0,0,0,9000,16000,-7000,-7000
056002,嘉晶永豐97購01  ,0,0,0,0,0,0,0,0,0,-7000,0,0,0,13000,20000,-7000,-7000
057535,泰鼎元大99購01  ,0,0,0,0,0,0,0,0,0,-7000,0,0,0,0,7000,-7000,-7000
055288,日電貿元大97購02,0,0,0,0,0,0,0,0,0,-7000,0,0,0,69000,76000,-7000,-7000
053631,欣興兆豐97購01  ,0,0,0,0,0,0,0,0,0,-7000,0,0,0,3000,10000,-7000,-7000
051907,台積電元大97購05,0,0,0,0,0,0,0,0,0,-7000,0,0,0,0,7000,-7000,-7000
01003T,兆豐新光R1      ,0,7000,-7000,0,0,0,0,0,0,0,0,0,0,0,0,0,-7000
060226,道瓊反元大9A購01,0,0,0,0,0,0,0,0,0,-7000,0,0,0,20000,27000,-7000,-7000
060279,SP黃豆元大9A購01,0,0,0,0,0,0,0,0,0,-7000,0,0,0,0,7000,-7000,-7000
060311,盟立永豐9A購01  ,0,0,0,0,0,0,0,0,0,-7000,0,0,0,3000,10000,-7000,-7000
060334,群光康和9A購01  ,0,0,0,0,0,0,0,0,0,-7000,0,0,0,0,7000,-7000,-7000
060346,華新科統一01購01,0,0,0,0,0,0,0,0,0,-7000,0,0,0,0,7000,-7000,-7000
060540,南亞凱基9A購01  ,0,0,0,0,0,0,0,0,0,-7000,0,0,0,0,7000,-7000,-7000
058118,瑞昱群益99購01  ,0,0,0,0,0,0,0,0,0,-7000,0,0,0,0,7000,-7000,-7000
061678,玉晶光元大9B購04,0,0,0,0,0,0,0,0,0,-7000,0,0,0,3000,10000,-7000,-7000
058939,台積電中信9B購01,0,0,0,0,0,0,0,0,0,-7000,0,0,0,79000,86000,-7000,-7000
057986,華新科元富99購05,0,0,0,0,0,0,0,0,0,-7000,0,0,0,286000,293000,-7000,-7000
059142,道瓊指國票9B購02,0,0,0,0,0,0,0,0,0,-7000,0,0,0,0,7000,-7000,-7000
059238,台積電凱基99購11,0,0,0,0,0,0,0,0,0,-7000,0,0,0,2000,9000,-7000,-7000
057834,聯發科元富02購07,0,0,0,0,0,0,0,0,0,-7000,0,0,0,4000,11000,-7000,-7000
057751,神達國票99購02  ,0,0,0,0,0,0,0,0,0,-7000,0,0,0,0,7000,-7000,-7000
059047,元油2X凱基9A購10,0,0,0,0,0,0,0,0,0,-7000,0,0,0,28000,35000,-7000,-7000
059762,禾伸堂永豐99購02,0,0,0,0,0,0,0,0,0,-7000,0,0,0,30000,37000,-7000,-7000
062718,技嘉凱基9B購01  ,0,0,0,0,0,0,0,0,0,-7000,0,0,0,33000,40000,-7000,-7000
062677,儒鴻統一01購01  ,0,0,0,0,0,0,0,0,0,-7000,0,0,0,25000,32000,-7000,-7000
062597,世紀鋼統一01購01,0,0,0,0,0,0,0,0,0,-7000,0,0,0,4000,11000,-7000,-7000
062859,玉晶光國票01購02,0,0,0,0,0,0,0,0,0,-7000,0,0,0,2000,9000,-7000,-7000
062989,鴻海群益9B購07  ,0,0,0,0,0,0,0,0,0,-7000,0,0,0,0,7000,-7000,-7000
063092,聯發科中信9B購03,0,0,0,0,0,0,0,0,0,-7000,0,0,0,36000,43000,-7000,-7000
062113,瑞祺國票9B購01  ,0,0,0,0,0,0,0,0,0,-7000,0,0,0,28000,35000,-7000,-7000
063458,正隆元大9B購01  ,0,0,0,0,0,0,0,0,0,-7000,0,0,0,46000,53000,-7000,-7000
063549,國巨國票9C購05  ,0,0,0,0,0,0,0,0,0,-7000,0,0,0,0,7000,-7000,-7000
064329,國巨元大01購03  ,0,0,0,0,0,0,0,0,0,-7000,0,0,0,1000,8000,-7000,-7000
064026,建準元大9C購02  ,0,0,0,0,0,0,0,0,0,-7000,0,0,0,5000,12000,-7000,-7000
8466,美吉吉-KY       ,0,7000,-7000,0,0,0,0,0,0,0,0,0,0,0,0,0,-7000
8478,東哥遊艇        ,0,7000,-7000,0,0,0,0,0,0,0,0,0,0,0,0,0,-7000
1592,英瑞-KY         ,127000,134000,-7000,0,0,0,0,0,0,-1000,0,1000,-1000,0,0,0,-8000
08095P,大立光元富9B售03,0,0,0,0,0,0,0,0,0,-8000,0,0,0,2000,10000,-8000,-8000
08148P,長榮航群益9B售03,0,0,0,0,0,0,0,0,0,-8000,0,0,0,0,8000,-8000,-8000
3011,今皓            ,0,8000,-8000,0,0,0,0,0,0,0,0,0,0,0,0,0,-8000
2597,潤弘            ,1000,9000,-8000,0,0,0,0,0,0,0,0,0,0,0,0,0,-8000
6215,和椿            ,10000,18000,-8000,0,0,0,0,0,0,0,0,0,0,0,0,0,-8000
6243,迅杰            ,0,8000,-8000,0,0,0,0,0,0,0,0,0,0,0,0,0,-8000
6128,上福            ,1000,9000,-8000,0,0,0,0,0,0,0,0,0,0,0,0,0,-8000
6464,台數科          ,0,8000,-8000,0,0,0,0,0,0,0,0,0,0,0,0,0,-8000
07396P,聯發科群益9B售01,0,0,0,0,0,0,0,0,0,-8000,0,0,0,0,8000,-8000,-8000
07575P,瑞昱元大9A售02  ,0,0,0,0,0,0,0,0,0,-8000,0,0,0,60000,68000,-8000,-8000
07517P,台積電元大9A售17,0,0,0,0,0,0,0,0,0,-8000,0,0,0,0,8000,-8000,-8000
07141P,台灣50國票9A售03,0,0,0,0,0,0,0,0,0,-8000,0,0,0,23000,31000,-8000,-8000
064755,南亞科凱基01購02,0,0,0,0,0,0,0,0,0,-8000,0,0,0,0,8000,-8000,-8000
064636,臺股指元大9C購22,0,0,0,0,0,0,0,0,0,-8000,0,0,0,0,8000,-8000,-8000
064467,南亞科元富9C購02,0,0,0,0,0,0,0,0,0,-8000,0,0,0,42000,50000,-8000,-8000
06834P,訊芯群益99售02  ,0,0,0,0,0,0,0,0,0,-8000,0,0,0,0,8000,-8000,-8000
064857,T50反1富邦01購02,0,0,0,0,0,0,0,0,0,-8000,0,0,0,0,8000,-8000,-8000
06693P,臺股指凱基98售01,0,0,0,0,0,0,0,0,0,-8000,0,0,0,10000,18000,-8000,-8000
06680P,智邦元大98售06  ,0,0,0,0,0,0,0,0,0,-8000,0,0,0,0,8000,-8000,-8000
06742P,可成富邦99售02  ,0,0,0,0,0,0,0,0,0,-8000,0,0,0,0,8000,-8000,-8000
06656P,GIS元大98售02   ,0,0,0,0,0,0,0,0,0,-8000,0,0,0,105000,113000,-8000,-8000
050347,上証2X群益98購01,0,0,0,0,0,0,0,0,0,-8000,0,0,0,0,8000,-8000,-8000
057533,晶相光元大98購02,0,0,0,0,0,0,0,0,0,-8000,0,0,0,2000,10000,-8000,-8000
05473P,聯詠統一97售02  ,0,0,0,0,0,0,0,0,0,-8000,0,0,0,0,8000,-8000,-8000
056891,國巨元大99購03  ,0,0,0,0,0,0,0,0,0,-8000,0,0,0,10000,18000,-8000,-8000
055777,冠德凱基97購01  ,0,0,0,0,0,0,0,0,0,-8000,0,0,0,12000,20000,-8000,-8000
060056,大立光凱基9B購01,0,0,0,0,0,0,0,0,0,-8000,0,0,0,0,8000,-8000,-8000
059973,A50正2元大99購02,0,0,0,0,0,0,0,0,0,-8000,0,0,0,2000,10000,-8000,-8000
056724,臻鼎中信9A購01  ,0,0,0,0,0,0,0,0,0,-8000,0,0,0,27000,35000,-8000,-8000
055695,大毅國票98購03  ,0,0,0,0,0,0,0,0,0,-8000,0,0,0,0,8000,-8000,-8000
056583,昇陽半元大98購02,0,0,0,0,0,0,0,0,0,-8000,0,0,0,50000,58000,-8000,-8000
059036,可成群益9B購03  ,0,0,0,0,0,0,0,0,0,-8000,0,0,0,19000,27000,-8000,-8000
05873P,華通群益97售02  ,0,0,0,0,0,0,0,0,0,-8000,0,0,0,0,8000,-8000,-8000
058368,奇鋐凱基9A購01  ,0,0,0,0,0,0,0,0,0,-8000,0,0,0,22000,30000,-8000,-8000
059360,全新永豐99購02  ,0,0,0,0,0,0,0,0,0,-8000,0,0,0,24000,32000,-8000,-8000
061685,道瓊反群益9A購03,0,0,0,0,0,0,0,0,0,-8000,0,0,0,0,8000,-8000,-8000
058063,旺宏中信98購04  ,0,0,0,0,0,0,0,0,0,-8000,0,0,0,12000,20000,-8000,-8000
061111,台表科元大9A購02,0,0,0,0,0,0,0,0,0,-8000,0,0,0,6000,14000,-8000,-8000
058047,可成元大98購11  ,0,0,0,0,0,0,0,0,0,-8000,0,0,0,60000,68000,-8000,-8000
060836,上銀國票9A購03  ,0,0,0,0,0,0,0,0,0,-8000,0,0,0,0,8000,-8000,-8000
060412,儒鴻永豐9A購01  ,0,0,0,0,0,0,0,0,0,-8000,0,0,0,30000,38000,-8000,-8000
060614,T50反1元大9A購06,0,0,0,0,0,0,0,0,0,-8000,0,0,0,0,8000,-8000,-8000
063863,儒鴻富邦02購01  ,0,0,0,0,0,0,0,0,0,-8000,0,0,0,107000,115000,-8000,-8000
064331,微星元大9C購03  ,0,0,0,0,0,0,0,0,0,-8000,0,0,0,0,8000,-8000,-8000
064114,南茂國票01購01  ,0,0,0,0,0,0,0,0,0,-8000,0,0,0,94000,102000,-8000,-8000
062081,華新科元大9B購06,0,0,0,0,0,0,0,0,0,-8000,0,0,0,2000,10000,-8000,-8000
062062,貿聯統一01購01  ,0,0,0,0,0,0,0,0,0,-8000,0,0,0,38000,46000,-8000,-8000
063123,聯發科元大9B購16,0,0,0,0,0,0,0,0,0,-8000,0,0,0,43000,51000,-8000,-8000
062566,嘉晶中信9C購01  ,0,0,0,0,0,0,0,0,0,-8000,0,0,0,7000,15000,-8000,-8000
062520,晶豪科元大9B購02,0,0,0,0,0,0,0,0,0,-8000,0,0,0,32000,40000,-8000,-8000
8940,新天地          ,15000,16000,-1000,0,0,0,0,0,0,-7000,0,7000,-7000,0,0,0,-8000
912000,晨訊科-DR       ,0,8000,-8000,0,0,0,0,0,0,0,0,0,0,0,0,0,-8000
6409,旭隼            ,130000,136405,-6405,0,0,0,0,0,0,-2000,1000,3000,-2000,0,0,0,-8405
6136,富爾特          ,0,9000,-9000,0,0,0,0,0,0,0,0,0,0,0,0,0,-9000
6573,虹揚-KY         ,1000,10000,-9000,0,0,0,0,0,0,0,0,0,0,0,0,0,-9000
8070,長華*           ,0,7000,-7000,0,0,0,0,0,0,-2000,0,2000,-2000,0,0,0,-9000
4763,材料-KY         ,3000,9000,-6000,0,0,0,0,0,0,-3000,0,3000,-3000,0,0,0,-9000
4930,燦星網          ,1000,6000,-5000,0,0,0,0,0,0,-4000,0,4000,-4000,0,0,0,-9000
3550,聯穎            ,0,8000,-8000,0,0,0,0,0,0,-1000,0,1000,-1000,0,0,0,-9000
3043,科風            ,0,9000,-9000,0,0,0,0,0,0,0,0,0,0,0,0,0,-9000
08247P,台積電群益9C售06,0,0,0,0,0,0,0,0,0,-9000,0,0,0,0,9000,-9000,-9000
08199P,大毅元大9B售02  ,0,0,0,0,0,0,0,0,0,-9000,0,0,0,0,9000,-9000,-9000
08312P,旺宏國票01售01  ,0,0,0,0,0,0,0,0,0,-9000,0,0,0,0,9000,-9000,-9000
1521,大億            ,0,9000,-9000,0,0,0,0,0,0,0,0,0,0,0,0,0,-9000
1414,東和            ,2000,11000,-9000,0,0,0,0,0,0,0,0,0,0,0,0,0,-9000
2032,新鋼            ,0,7000,-7000,0,0,0,0,0,0,-2000,0,2000,-2000,0,0,0,-9000
2059,川湖            ,56000,71000,-15000,0,0,0,11000,5000,6000,0,4000,3000,1000,0,1000,-1000,-9000
1726,永記            ,0,9000,-9000,0,0,0,0,0,0,0,0,0,0,0,0,0,-9000
1805,寶徠            ,0,9000,-9000,0,0,0,0,0,0,0,0,0,0,0,0,0,-9000
06589P,台積電元大98售12,0,0,0,0,0,0,0,0,0,-9000,0,0,0,100000,109000,-9000,-9000
07014P,華通元大99售04  ,0,0,0,0,0,0,0,0,0,-9000,0,0,0,54000,63000,-9000,-9000
064412,緯穎凱基01購01  ,0,0,0,0,0,0,0,0,0,-9000,0,0,0,56000,65000,-9000,-9000
064459,創意統一02購01  ,0,0,0,0,0,0,0,0,0,-9000,0,0,0,51000,60000,-9000,-9000
064685,裕隆群益9C購01  ,0,0,0,0,0,0,0,0,0,-9000,0,0,0,0,9000,-9000,-9000
07217P,大立光凱基9A售05,0,0,0,0,0,0,0,0,0,-9000,0,0,0,21000,30000,-9000,-9000
07094P,華通國票9A售03  ,0,0,0,0,0,0,0,0,0,-9000,0,0,0,1000,10000,-9000,-9000
07117P,SGBR2X凱基9C售01,0,0,0,0,0,0,0,0,0,-9000,0,0,0,0,9000,-9000,-9000
07125P,台積電元大99售22,0,0,0,0,0,0,0,0,0,-9000,0,0,0,0,9000,-9000,-9000
059947,貿聯永豐99購03  ,0,0,0,0,0,0,0,0,0,-9000,0,0,0,1000,10000,-9000,-9000
059907,道瓊指元大99購03,0,0,0,0,0,0,0,0,0,-9000,0,0,0,1000,10000,-9000,-9000
055842,建準元大98購01  ,0,0,0,0,0,0,0,0,0,-9000,0,0,0,140000,149000,-9000,-9000
056339,聯發科凱基99購02,0,0,0,0,0,0,0,0,0,-9000,0,0,0,13000,22000,-9000,-9000
056330,玉晶光國票99購03,0,0,0,0,0,0,0,0,0,-9000,0,0,0,1000,10000,-9000,-9000
056469,國巨元大99購01  ,0,0,0,0,0,0,0,0,0,-9000,0,0,0,29000,38000,-9000,-9000
054559,台光電群益99購01,0,0,0,0,0,0,0,0,0,-9000,0,0,0,22000,31000,-9000,-9000
054154,智易國泰97購01  ,0,0,0,0,0,0,0,0,0,-9000,0,0,0,0,9000,-9000,-9000
054213,欣興國票97購04  ,0,0,0,0,0,0,0,0,0,-9000,0,0,0,0,9000,-9000,-9000
03674C,臺股指元富9C牛02,0,0,0,0,0,0,0,0,0,-9000,0,0,0,0,9000,-9000,-9000
055232,泰碩國票98購01  ,0,0,0,0,0,0,0,0,0,-9000,0,0,0,0,9000,-9000,-9000
00851,台新全球AI      ,0,0,0,0,0,0,0,0,0,-9000,0,0,0,28000,37000,-9000,-9000
05131P,聯詠統一97售01  ,0,0,0,0,0,0,0,0,0,-9000,0,0,0,40000,49000,-9000,-9000
052135,聯發科凱基9B購01,0,0,0,0,0,0,0,0,0,-9000,0,0,0,2000,11000,-9000,-9000
052788,開發金中信98購02,0,0,0,0,0,0,0,0,0,-9000,0,0,0,1000,10000,-9000,-9000
060454,葡萄王元大9A購01,0,0,0,0,0,0,0,0,0,-9000,0,0,0,278000,287000,-9000,-9000
058564,元金2X凱基9C購01,0,0,0,0,0,0,0,0,0,-9000,0,0,0,0,9000,-9000,-9000
061124,微星永豐9A購02  ,0,0,0,0,0,0,0,0,0,-9000,0,0,0,76000,85000,-9000,-9000
060398,立積國票9B購01  ,0,0,0,0,0,0,0,0,0,-9000,0,0,0,1000,10000,-9000,-9000
060681,華擎元大9A購02  ,0,0,0,0,0,0,0,0,0,-9000,0,0,0,1000,10000,-9000,-9000
058188,華擎永豐99購01  ,0,0,0,0,0,0,0,0,0,-9000,0,0,0,104000,113000,-9000,-9000
058820,致茂國泰9B購01  ,0,0,0,0,0,0,0,0,0,-9000,0,0,0,16000,25000,-9000,-9000
057953,聚陽元大98購01  ,0,0,0,0,0,0,0,0,0,-9000,0,0,0,1000,10000,-9000,-9000
058750,緯穎凱基9A購03  ,0,0,0,0,0,0,0,0,0,-9000,0,0,0,21000,30000,-9000,-9000
059760,楠梓電永豐99購01,0,0,0,0,0,0,0,0,0,-9000,0,0,0,21000,30000,-9000,-9000
059705,華新科凱基9A購07,0,0,0,0,0,0,0,0,0,-9000,0,0,0,3000,12000,-9000,-9000
058970,鴻海永豐99購02  ,0,0,0,0,0,0,0,0,0,-9000,0,0,0,1000,10000,-9000,-9000
062510,台積電國票01購01,0,0,0,0,0,0,0,0,0,-9000,0,0,0,0,9000,-9000,-9000
062457,京元電群益9B購01,0,0,0,0,0,0,0,0,0,-9000,0,0,0,1000,10000,-9000,-9000
062462,GIS群益9B購01   ,0,0,0,0,0,0,0,0,0,-9000,0,0,0,29000,38000,-9000,-9000
062939,奇力新凱基9B購02,0,0,0,0,0,0,0,0,0,-9000,0,0,0,16000,25000,-9000,-9000
06293P,臺股指國票97售07,0,0,0,0,0,0,0,0,0,-9000,0,0,0,1000,10000,-9000,-9000
061942,亞德客群益9B購01,0,0,0,0,0,0,0,0,0,-9000,0,0,0,3000,12000,-9000,-9000
062414,臻鼎中信01購01  ,0,0,0,0,0,0,0,0,0,-9000,0,0,0,1000,10000,-9000,-9000
064327,金寶元大01購01  ,0,0,0,0,0,0,0,0,0,-9000,0,0,0,0,9000,-9000,-9000
063993,華通群益01購01  ,0,0,0,0,0,0,0,0,0,-9000,0,0,0,0,9000,-9000,-9000
063573,茂林元大9B購06  ,0,0,0,0,0,0,0,0,0,-9000,0,0,0,2000,11000,-9000,-9000
063640,貿聯元大9B購03  ,0,0,0,0,0,0,0,0,0,-9000,0,0,0,53000,62000,-9000,-9000
063145,台表科統一02購01,0,0,0,0,0,0,0,0,0,-9000,0,0,0,27000,36000,-9000,-9000
063342,台光電統一9B購02,0,0,0,0,0,0,0,0,0,-9000,0,0,0,0,9000,-9000,-9000
911868,同方友友-DR     ,0,9000,-9000,0,0,0,0,0,0,0,0,0,0,0,0,0,-9000
07243P,台灣50凱基9A售04,0,0,0,0,0,0,0,0,0,-10000,0,0,0,0,10000,-10000,-10000
07291P,臺股指凱基99售43,0,0,0,0,0,0,0,0,0,-10000,0,0,0,0,10000,-10000,-10000
07285P,上証2X群益01售02,0,0,0,0,0,0,0,0,0,-10000,0,0,0,0,10000,-10000,-10000
07503P,禾伸堂元大9A售01,0,0,0,0,0,0,0,0,0,-10000,0,0,0,0,10000,-10000,-10000
07555P,玉晶光元大9A售07,0,0,0,0,0,0,0,0,0,-10000,0,0,0,0,10000,-10000,-10000
07402P,瑞昱凱基99售02  ,0,0,0,0,0,0,0,0,0,-10000,0,0,0,0,10000,-10000,-10000
07426P,上証2X國票9B售01,0,0,0,0,0,0,0,0,0,-10000,0,0,0,300000,310000,-10000,-10000
07462P,臺股指元大9B售05,0,0,0,0,0,0,0,0,0,-10000,0,0,0,12000,22000,-10000,-10000
07718P,臺股指群益9A售07,0,0,0,0,0,0,0,0,0,-10000,0,0,0,0,10000,-10000,-10000
07842P,力成元大9A售01  ,0,0,0,0,0,0,0,0,0,-10000,0,0,0,10000,20000,-10000,-10000
07832P,台積電群益9A售08,0,0,0,0,0,0,0,0,0,-10000,0,0,0,0,10000,-10000,-10000
07816P,聯發科群益9A售02,0,0,0,0,0,0,0,0,0,-10000,0,0,0,0,10000,-10000,-10000
07786P,南電中信9C售01  ,0,0,0,0,0,0,0,0,0,-10000,0,0,0,20000,30000,-10000,-10000
07761P,智邦永豐9A售03  ,0,0,0,0,0,0,0,0,0,-10000,0,0,0,0,10000,-10000,-10000
08016P,臺股指凱基02售02,0,0,0,0,0,0,0,0,0,-10000,0,0,0,0,10000,-10000,-10000
08028P,臺股指元大9B售30,0,0,0,0,0,0,0,0,0,-10000,0,0,0,0,10000,-10000,-10000
07851P,聯發科國票9A售05,0,0,0,0,0,0,0,0,0,-10000,0,0,0,50000,60000,-10000,-10000
07890P,南電國票9B售01  ,0,0,0,0,0,0,0,0,0,-10000,0,0,0,26000,36000,-10000,-10000
07954P,台表科元大9B售02,0,0,0,0,0,0,0,0,0,-10000,0,0,0,0,10000,-10000,-10000
07969P,臺股指元大9B售27,0,0,0,0,0,0,0,0,0,-10000,0,0,0,0,10000,-10000,-10000
07927P,國巨統一9B售08  ,0,0,0,0,0,0,0,0,0,-10000,0,0,0,0,10000,-10000,-10000
064716,國巨統一9C購14  ,0,0,0,0,0,0,0,0,0,-10000,0,0,0,0,10000,-10000,-10000
064667,大立光元大02購01,0,0,0,0,0,0,0,0,0,-10000,0,0,0,87000,97000,-10000,-10000
064681,牧德兆豐01購01  ,0,0,0,0,0,0,0,0,0,-10000,0,0,0,26000,36000,-10000,-10000
064749,巨大國票01購01  ,0,0,0,0,0,0,0,0,0,-10000,0,0,0,0,10000,-10000,-10000
064623,創意元大9C購04  ,0,0,0,0,0,0,0,0,0,-10000,0,0,0,50000,60000,-10000,-10000
064601,嘉晶元富9C購03  ,0,0,0,0,0,0,0,0,0,-10000,0,0,0,0,10000,-10000,-10000
064404,奇力新凱基02購01,0,0,0,0,0,0,0,0,0,-10000,0,0,0,0,10000,-10000,-10000
06455P,上銀統一99售03  ,0,0,0,0,0,0,0,0,0,-10000,0,0,0,0,10000,-10000,-10000
06990P,康友元富99售03  ,0,0,0,0,0,0,0,0,0,-10000,0,0,0,0,10000,-10000,-10000
06992P,玉晶光日盛9B售01,0,0,0,0,0,0,0,0,0,-10000,0,0,0,0,10000,-10000,-10000
06797P,臺股指凱基98售07,0,0,0,0,0,0,0,0,0,-10000,0,0,0,0,10000,-10000,-10000
064863,台積電永豐9C購01,0,0,0,0,0,0,0,0,0,-10000,0,0,0,0,10000,-10000,-10000
064866,義隆永豐9C購02  ,0,0,0,0,0,0,0,0,0,-10000,0,0,0,0,10000,-10000,-10000
06500P,臺股指元大9A售05,0,0,0,0,0,0,0,0,0,-10000,0,0,0,0,10000,-10000,-10000
064803,智邦元大9C購05  ,0,0,0,0,0,0,0,0,0,-10000,0,0,0,16000,26000,-10000,-10000
06650P,聯發科元大98售09,0,0,0,0,0,0,0,0,0,-10000,0,0,0,0,10000,-10000,-10000
06732P,台灣50日盛9A售01,0,0,0,0,0,0,0,0,0,-10000,0,0,0,0,10000,-10000,-10000
06726P,欣興元富98售04  ,0,0,0,0,0,0,0,0,0,-10000,0,0,0,0,10000,-10000,-10000
2013,中鋼構          ,31000,41000,-10000,0,0,0,0,0,0,0,0,0,0,0,0,0,-10000
1441,大東            ,0,10000,-10000,0,0,0,0,0,0,0,0,0,0,0,0,0,-10000
1466,聚隆            ,0,10000,-10000,0,0,0,0,0,0,0,0,0,0,0,0,0,-10000
1616,億泰            ,0,10000,-10000,0,0,0,0,0,0,0,0,0,0,0,0,0,-10000
08292P,華新科台新9C售01,0,0,0,0,0,0,0,0,0,-10000,0,0,0,20000,30000,-10000,-10000
08359P,緯創元大9C售02  ,0,0,0,0,0,0,0,0,0,-10000,0,0,0,0,10000,-10000,-10000
08440P,玉晶光國票01售05,0,0,0,0,0,0,0,0,0,-10000,0,0,0,0,10000,-10000,-10000
08421P,台積電群益9C售10,0,0,0,0,0,0,0,0,0,-10000,0,0,0,0,10000,-10000,-10000
08422P,玉晶光群益02售03,0,0,0,0,0,0,0,0,0,-10000,0,0,0,40000,50000,-10000,-10000
08365P,貿聯凱基9C售01  ,0,0,0,0,0,0,0,0,0,-10000,0,0,0,12000,22000,-10000,-10000
08407P,臺股指元大9C售13,0,0,0,0,0,0,0,0,0,-10000,0,0,0,0,10000,-10000,-10000
08392P,上銀群益9C售01  ,0,0,0,0,0,0,0,0,0,-10000,0,0,0,0,10000,-10000,-10000
08180P,聯發科國泰01售05,0,0,0,0,0,0,0,0,0,-10000,0,0,0,0,10000,-10000,-10000
08172P,台積電凱基03售02,0,0,0,0,0,0,0,0,0,-10000,0,0,0,2000,12000,-10000,-10000
08252P,台積電國票9C售06,0,0,0,0,0,0,0,0,0,-10000,0,0,0,0,10000,-10000,-10000
08176P,國巨元大9B售20  ,0,0,0,0,0,0,0,0,0,-10000,0,0,0,0,10000,-10000,-10000
08139P,華新科元大9B售12,0,0,0,0,0,0,0,0,0,-10000,0,0,0,40000,50000,-10000,-10000
2462,良得電          ,0,9000,-9000,0,0,0,0,0,0,-1000,0,1000,-1000,0,0,0,-10000
2427,三商電          ,0,7000,-7000,0,0,0,0,0,0,-3000,0,3000,-3000,0,0,0,-10000
3622,洋華            ,9000,18000,-9000,0,0,0,0,0,0,-1000,0,1000,-1000,0,0,0,-10000
6579,研揚            ,0,9000,-9000,0,0,0,0,0,0,-1000,0,1000,-1000,0,0,0,-10000
6164,華興            ,1000,11000,-10000,0,0,0,0,0,0,0,0,0,0,0,0,0,-10000
052785,滬深2X中信99購03,0,0,0,0,0,0,0,0,0,-10000,0,0,0,0,10000,-10000,-10000
052694,開發金中信98購01,0,0,0,0,0,0,0,0,0,-10000,0,0,0,0,10000,-10000,-10000
050797,聯發科中信99購01,0,0,0,0,0,0,0,0,0,-10000,0,0,0,0,10000,-10000,-10000
03422B,臺股指凱基96熊28,0,0,0,0,0,0,0,0,0,-10000,0,0,0,0,10000,-10000,-10000
055234,昇陽半國票98購02,0,0,0,0,0,0,0,0,0,-10000,0,0,0,0,10000,-10000,-10000
055221,矽創凱基97購02  ,0,0,0,0,0,0,0,0,0,-10000,0,0,0,0,10000,-10000,-10000
053274,旺宏元大98購03  ,0,0,0,0,0,0,0,0,0,-10000,0,0,0,0,10000,-10000,-10000
053111,緯創兆豐97購01  ,0,0,0,0,0,0,0,0,0,-10000,0,0,0,17000,27000,-10000,-10000
054976,上証2X元富9A購01,0,0,0,0,0,0,0,0,0,-10000,0,0,0,0,10000,-10000,-10000
054977,SP黃豆元富9B購01,0,0,0,0,0,0,0,0,0,-10000,0,0,0,0,10000,-10000,-10000
054996,聯陽元富97購01  ,0,0,0,0,0,0,0,0,0,-10000,0,0,0,0,10000,-10000,-10000
03683C,T50反1元大9C牛04,0,0,0,0,0,0,0,0,0,-10000,0,0,0,1000,11000,-10000,-10000
047342,T50反1中信99購01,0,0,0,0,0,0,0,0,0,-10000,0,0,0,0,10000,-10000,-10000
046191,新光金凱基98購01,0,0,0,0,0,0,0,0,0,-10000,0,0,0,0,10000,-10000,-10000
054167,揚明光凱基98購01,0,0,0,0,0,0,0,0,0,-10000,0,0,0,0,10000,-10000,-10000
054527,國巨統一97購03  ,0,0,0,0,0,0,0,0,0,-10000,0,0,0,30000,40000,-10000,-10000
054512,元油反元大99購03,0,0,0,0,0,0,0,0,0,-10000,0,0,0,0,10000,-10000,-10000
054470,緯穎國票97購04  ,0,0,0,0,0,0,0,0,0,-10000,0,0,0,0,10000,-10000,-10000
053524,聯電中信97購02  ,0,0,0,0,0,0,0,0,0,-10000,0,0,0,0,10000,-10000,-10000
054111,緯穎凱基97購01  ,0,0,0,0,0,0,0,0,0,-10000,0,0,0,35000,45000,-10000,-10000
055333,晶豪科兆豐97購01,0,0,0,0,0,0,0,0,0,-10000,0,0,0,0,10000,-10000,-10000
055334,禾伸堂兆豐97購01,0,0,0,0,0,0,0,0,0,-10000,0,0,0,0,10000,-10000,-10000
055341,台達電凱基97購02,0,0,0,0,0,0,0,0,0,-10000,0,0,0,10000,20000,-10000,-10000
053411,深中小國票9B購01,0,0,0,0,0,0,0,0,0,-10000,0,0,0,0,10000,-10000,-10000
053398,和鑫中信99購01  ,0,0,0,0,0,0,0,0,0,-10000,0,0,0,0,10000,-10000,-10000
056516,晶豪科兆豐98購01,0,0,0,0,0,0,0,0,0,-10000,0,0,0,10000,20000,-10000,-10000
057460,楠梓電永豐98購03,0,0,0,0,0,0,0,0,0,-10000,0,0,0,0,10000,-10000,-10000
057566,欣興富邦99購01  ,0,0,0,0,0,0,0,0,0,-10000,0,0,0,0,10000,-10000,-10000
057554,新日興凱基99購02,0,0,0,0,0,0,0,0,0,-10000,0,0,0,40000,50000,-10000,-10000
057578,可成中信99購01  ,0,0,0,0,0,0,0,0,0,-10000,0,0,0,30000,40000,-10000,-10000
054806,台化元大9A購01  ,0,0,0,0,0,0,0,0,0,-10000,0,0,0,0,10000,-10000,-10000
053860,台積電元大98購03,0,0,0,0,0,0,0,0,0,-10000,0,0,0,20000,30000,-10000,-10000
056427,上銀凱基98購03  ,0,0,0,0,0,0,0,0,0,-10000,0,0,0,0,10000,-10000,-10000
056353,鴻海元大99購02  ,0,0,0,0,0,0,0,0,0,-10000,0,0,0,50000,60000,-10000,-10000
056872,旺宏凱基98購08  ,0,0,0,0,0,0,0,0,0,-10000,0,0,0,0,10000,-10000,-10000
055806,致新永豐97購02  ,0,0,0,0,0,0,0,0,0,-10000,0,0,0,0,10000,-10000,-10000
056074,茂林元大97購04  ,0,0,0,0,0,0,0,0,0,-10000,0,0,0,0,10000,-10000,-10000
056153,華新科凱基97購02,0,0,0,0,0,0,0,0,0,-10000,0,0,0,20000,30000,-10000,-10000
056157,聯詠凱基97購03  ,0,0,0,0,0,0,0,0,0,-10000,0,0,0,0,10000,-10000,-10000
056106,晶相光永豐97購02,0,0,0,0,0,0,0,0,0,-10000,0,0,0,0,10000,-10000,-10000
056112,勤誠永豐97購02  ,0,0,0,0,0,0,0,0,0,-10000,0,0,0,0,10000,-10000,-10000
059510,華新科永豐99購07,0,0,0,0,0,0,0,0,0,-10000,0,0,0,0,10000,-10000,-10000
059506,滬深2X永豐99購04,0,0,0,0,0,0,0,0,0,-10000,0,0,0,0,10000,-10000,-10000
056967,奇鋐永豐98購01  ,0,0,0,0,0,0,0,0,0,-10000,0,0,0,0,10000,-10000,-10000
056971,麗豐永豐98購01  ,0,0,0,0,0,0,0,0,0,-10000,0,0,0,65000,75000,-10000,-10000
059918,華新科元大99購20,0,0,0,0,0,0,0,0,0,-10000,0,0,0,83000,93000,-10000,-10000
059964,元金2X凱基99購02,0,0,0,0,0,0,0,0,0,-10000,0,0,0,0,10000,-10000,-10000
060090,台積電元大99購55,0,0,0,0,0,0,0,0,0,-10000,0,0,0,1000,11000,-10000,-10000
056594,台積電元富98購03,0,0,0,0,0,0,0,0,0,-10000,0,0,0,0,10000,-10000,-10000
056596,光磊元富98購01  ,0,0,0,0,0,0,0,0,0,-10000,0,0,0,0,10000,-10000,-10000
057690,美律凱基99購03  ,0,0,0,0,0,0,0,0,0,-10000,0,0,0,20000,30000,-10000,-10000
056544,貿聯凱基98購03  ,0,0,0,0,0,0,0,0,0,-10000,0,0,0,0,10000,-10000,-10000
055541,聚陽凱基98購01  ,0,0,0,0,0,0,0,0,0,-10000,0,0,0,50000,60000,-10000,-10000
055475,臻鼎凱基97購02  ,0,0,0,0,0,0,0,0,0,-10000,0,0,0,0,10000,-10000,-10000
056786,亞光群益98購03  ,0,0,0,0,0,0,0,0,0,-10000,0,0,0,0,10000,-10000,-10000
056805,元石油統一9B購01,0,0,0,0,0,0,0,0,0,-10000,0,0,0,0,10000,-10000,-10000
056844,欣興元富98購03  ,0,0,0,0,0,0,0,0,0,-10000,0,0,0,66000,76000,-10000,-10000
056726,友達日盛9A購01  ,0,0,0,0,0,0,0,0,0,-10000,0,0,0,0,10000,-10000,-10000
056743,貿聯凱基98購04  ,0,0,0,0,0,0,0,0,0,-10000,0,0,0,0,10000,-10000,-10000
056703,群創國泰9A購01  ,0,0,0,0,0,0,0,0,0,-10000,0,0,0,0,10000,-10000,-10000
055652,聯詠元富01購01  ,0,0,0,0,0,0,0,0,0,-10000,0,0,0,118000,128000,-10000,-10000
055609,旺宏國票99購01  ,0,0,0,0,0,0,0,0,0,-10000,0,0,0,10000,20000,-10000,-10000
057272,台積電元大98購14,0,0,0,0,0,0,0,0,0,-10000,0,0,0,0,10000,-10000,-10000
057286,群創元大9B購05  ,0,0,0,0,0,0,0,0,0,-10000,0,0,0,2000,12000,-10000,-10000
057418,台光電凱基98購04,0,0,0,0,0,0,0,0,0,-10000,0,0,0,0,10000,-10000,-10000
057406,茂林群益98購03  ,0,0,0,0,0,0,0,0,0,-10000,0,0,0,0,10000,-10000,-10000
057023,美律凱基99購02  ,0,0,0,0,0,0,0,0,0,-10000,0,0,0,20000,30000,-10000,-10000
057035,元油2X元大9B購03,0,0,0,0,0,0,0,0,0,-10000,0,0,0,0,10000,-10000,-10000
057075,嘉聯益永豐98購01,0,0,0,0,0,0,0,0,0,-10000,0,0,0,1000,11000,-10000,-10000
057105,致茂群益9A購01  ,0,0,0,0,0,0,0,0,0,-10000,0,0,0,15000,25000,-10000,-10000
057118,欣興日盛9A購01  ,0,0,0,0,0,0,0,0,0,-10000,0,0,0,44000,54000,-10000,-10000
058985,可成凱基99購03  ,0,0,0,0,0,0,0,0,0,-10000,0,0,0,1000,11000,-10000,-10000
059707,健策凱基9A購03  ,0,0,0,0,0,0,0,0,0,-10000,0,0,0,0,10000,-10000,-10000
059721,旺宏元大99購16  ,0,0,0,0,0,0,0,0,0,-10000,0,0,0,14000,24000,-10000,-10000
059730,晶相光元大9C購02,0,0,0,0,0,0,0,0,0,-10000,0,0,0,0,10000,-10000,-10000
059043,聯電日盛99購01  ,0,0,0,0,0,0,0,0,0,-10000,0,0,0,0,10000,-10000,-10000
058444,國巨富邦9B購01  ,0,0,0,0,0,0,0,0,0,-10000,0,0,0,0,10000,-10000,-10000
058313,台積電富邦9B購04,0,0,0,0,0,0,0,0,0,-10000,0,0,0,0,10000,-10000,-10000
058383,道瓊指中信9C購02,0,0,0,0,0,0,0,0,0,-10000,0,0,0,0,10000,-10000,-10000
059323,新日興元大99購02,0,0,0,0,0,0,0,0,0,-10000,0,0,0,0,10000,-10000,-10000
059346,新日興凱基99購03,0,0,0,0,0,0,0,0,0,-10000,0,0,0,0,10000,-10000,-10000
059266,緯創中信01購01  ,0,0,0,0,0,0,0,0,0,-10000,0,0,0,0,10000,-10000,-10000
059199,欣興永豐99購02  ,0,0,0,0,0,0,0,0,0,-10000,0,0,0,12000,22000,-10000,-10000
059197,可成永豐99購02  ,0,0,0,0,0,0,0,0,0,-10000,0,0,0,1000,11000,-10000,-10000
059168,奇力新凱基99購05,0,0,0,0,0,0,0,0,0,-10000,0,0,0,0,10000,-10000,-10000
057750,神達國票99購01  ,0,0,0,0,0,0,0,0,0,-10000,0,0,0,0,10000,-10000,-10000
057828,緯穎元大99購02  ,0,0,0,0,0,0,0,0,0,-10000,0,0,0,0,10000,-10000,-10000
059873,華新科凱基99購09,0,0,0,0,0,0,0,0,0,-10000,0,0,0,0,10000,-10000,-10000
059828,健策凱基99購05  ,0,0,0,0,0,0,0,0,0,-10000,0,0,0,0,10000,-10000,-10000
059817,華通凱基99購05  ,0,0,0,0,0,0,0,0,0,-10000,0,0,0,0,10000,-10000,-10000
059789,貿聯元大9A購02  ,0,0,0,0,0,0,0,0,0,-10000,0,0,0,0,10000,-10000,-10000
059801,T50反1元富99購10,0,0,0,0,0,0,0,0,0,-10000,0,0,0,0,10000,-10000,-10000
058840,T50反1群益99購02,0,0,0,0,0,0,0,0,0,-10000,0,0,0,0,10000,-10000,-10000
057915,台泥凱基98購01  ,0,0,0,0,0,0,0,0,0,-10000,0,0,0,0,10000,-10000,-10000
058800,健策元大99購03  ,0,0,0,0,0,0,0,0,0,-10000,0,0,0,1000,11000,-10000,-10000
05880P,創意康和96售01  ,0,0,0,0,0,0,0,0,0,-10000,0,0,0,10000,20000,-10000,-10000
057841,茂林富邦9A購02  ,0,0,0,0,0,0,0,0,0,-10000,0,0,0,0,10000,-10000,-10000
058884,世紀鋼永豐99購02,0,0,0,0,0,0,0,0,0,-10000,0,0,0,0,10000,-10000,-10000
058938,台積電中信01購03,0,0,0,0,0,0,0,0,0,-10000,0,0,0,39000,49000,-10000,-10000
061264,全新凱基9B購01  ,0,0,0,0,0,0,0,0,0,-10000,0,0,0,0,10000,-10000,-10000
061255,道瓊反凱基9C購01,0,0,0,0,0,0,0,0,0,-10000,0,0,0,0,10000,-10000,-10000
061345,玉晶光元大9A購14,0,0,0,0,0,0,0,0,0,-10000,0,0,0,0,10000,-10000,-10000
061648,緯穎元大9A購04  ,0,0,0,0,0,0,0,0,0,-10000,0,0,0,10000,20000,-10000,-10000
061595,智易永豐9A購02  ,0,0,0,0,0,0,0,0,0,-10000,0,0,0,0,10000,-10000,-10000
061587,美律富邦9A購02  ,0,0,0,0,0,0,0,0,0,-10000,0,0,0,0,10000,-10000,-10000
061600,聯電凱基9B購01  ,0,0,0,0,0,0,0,0,0,-10000,0,0,0,122000,132000,-10000,-10000
061532,和大統一9C購02  ,0,0,0,0,0,0,0,0,0,-10000,0,0,0,0,10000,-10000,-10000
061475,漢唐元大9A購01  ,0,0,0,0,0,0,0,0,0,-10000,0,0,0,0,10000,-10000,-10000
061456,玉晶光凱基9B購05,0,0,0,0,0,0,0,0,0,-10000,0,0,0,0,10000,-10000,-10000
061386,道瓊銀群益9A購03,0,0,0,0,0,0,0,0,0,-10000,0,0,0,0,10000,-10000,-10000
06140P,華新科群益97售06,0,0,0,0,0,0,0,0,0,-10000,0,0,0,0,10000,-10000,-10000
061450,嘉晶中信9A購01  ,0,0,0,0,0,0,0,0,0,-10000,0,0,0,0,10000,-10000,-10000
058201,華通凱基9A購01  ,0,0,0,0,0,0,0,0,0,-10000,0,0,0,0,10000,-10000,-10000
058282,聯茂中信99購01  ,0,0,0,0,0,0,0,0,0,-10000,0,0,0,0,10000,-10000,-10000
058129,國巨元大99購10  ,0,0,0,0,0,0,0,0,0,-10000,0,0,0,0,10000,-10000,-10000
058642,旺宏麥證9A購01  ,0,0,0,0,10000,-10000,0,0,0,-10000,0,0,0,0,10000,-10000,-10000
060693,台積電麥證9A購02,0,0,0,0,10000,-10000,0,0,0,-10000,0,0,0,0,10000,-10000,-10000
060704,台積電富邦01購01,0,0,0,0,0,0,0,0,0,-10000,0,0,0,0,10000,-10000,-10000
060749,祥碩國票9A購01  ,0,0,0,0,0,0,0,0,0,-10000,0,0,0,0,10000,-10000,-10000
061034,晶豪科永豐9A購01,0,0,0,0,0,0,0,0,0,-10000,0,0,0,55000,65000,-10000,-10000
060895,華新科凱基9B購05,0,0,0,0,0,0,0,0,0,-10000,0,0,0,0,10000,-10000,-10000
061129,文曄永豐9A購01  ,0,0,0,0,0,0,0,0,0,-10000,0,0,0,0,10000,-10000,-10000
060777,茂林凱基9C購01  ,0,0,0,0,0,0,0,0,0,-10000,0,0,0,0,10000,-10000,-10000
060120,聯電富邦9B購01  ,0,0,0,0,0,0,0,0,0,-10000,0,0,0,0,10000,-10000,-10000
060351,滬深2X元富9A購01,0,0,0,0,0,0,0,0,0,-10000,0,0,0,0,10000,-10000,-10000
058549,藍天永豐99購01  ,0,0,0,0,0,0,0,0,0,-10000,0,0,0,0,10000,-10000,-10000
061245,晶技群益9A購01  ,0,0,0,0,0,0,0,0,0,-10000,0,0,0,0,10000,-10000,-10000
061168,力成兆豐9A購01  ,0,0,0,0,0,0,0,0,0,-10000,0,0,0,50000,60000,-10000,-10000
061213,群創元大9A購05  ,0,0,0,0,0,0,0,0,0,-10000,0,0,0,10000,20000,-10000,-10000
05859P,台表科國票97售04,0,0,0,0,0,0,0,0,0,-10000,0,0,0,0,10000,-10000,-10000
058602,台積電元大99購11,0,0,0,0,0,0,0,0,0,-10000,0,0,0,2000,12000,-10000,-10000
059558,T50正2凱基9C購03,0,0,0,0,0,0,0,0,0,-10000,0,0,0,10000,20000,-10000,-10000
060779,臺股指凱基9A購07,0,0,0,0,0,0,0,0,0,-10000,0,0,0,12000,22000,-10000,-10000
059622,上銀凱基99購10  ,0,0,0,0,0,0,0,0,0,-10000,0,0,0,0,10000,-10000,-10000
059630,美律凱基99購07  ,0,0,0,0,0,0,0,0,0,-10000,0,0,0,20000,30000,-10000,-10000
059642,健策凱基99購04  ,0,0,0,0,0,0,0,0,0,-10000,0,0,0,0,10000,-10000,-10000
06079P,燿華群益98售02  ,0,0,0,0,0,0,0,0,0,-10000,0,0,0,0,10000,-10000,-10000
060814,健策凱基9B購01  ,0,0,0,0,0,0,0,0,0,-10000,0,0,0,0,10000,-10000,-10000
060757,台積電元大9A購18,0,0,0,0,0,0,0,0,0,-10000,0,0,0,0,10000,-10000,-10000
060764,華擎元大9A購03  ,0,0,0,0,0,0,0,0,0,-10000,0,0,0,11000,21000,-10000,-10000
060538,S&P反1凱基9A購01,0,0,0,0,0,0,0,0,0,-10000,0,0,0,0,10000,-10000,-10000
060521,鴻海中信01購03  ,0,0,0,0,0,0,0,0,0,-10000,0,0,0,0,10000,-10000,-10000
060609,玉晶光凱基9B購01,0,0,0,0,0,0,0,0,0,-10000,0,0,0,21000,31000,-10000,-10000
060617,華新科元大9A購08,0,0,0,0,0,0,0,0,0,-10000,0,0,0,0,10000,-10000,-10000
060560,欣興國泰9C購01  ,0,0,0,0,0,0,0,0,0,-10000,0,0,0,10000,20000,-10000,-10000
063692,華擎永豐9B購02  ,0,0,0,0,0,0,0,0,0,-10000,0,0,0,0,10000,-10000,-10000
06371P,茂林國票98售04  ,0,0,0,0,0,0,0,0,0,-10000,0,0,0,0,10000,-10000,-10000
06374P,台表科元大97售06,0,0,0,0,0,0,0,0,0,-10000,0,0,0,0,10000,-10000,-10000
06359P,上銀群益97售03  ,0,0,0,0,0,0,0,0,0,-10000,0,0,0,20000,30000,-10000,-10000
06395P,台積電元大97售29,0,0,0,0,0,0,0,0,0,-10000,0,0,0,0,10000,-10000,-10000
063866,聯發科永豐9C購01,0,0,0,0,0,0,0,0,0,-10000,0,0,0,0,10000,-10000,-10000
063812,智邦群益9C購02  ,0,0,0,0,0,0,0,0,0,-10000,0,0,0,10000,20000,-10000,-10000
063785,華通中信06購02  ,0,0,0,0,0,0,0,0,0,-10000,0,0,0,0,10000,-10000,-10000
064128,國產元大9C購01  ,0,0,0,0,0,0,0,0,0,-10000,0,0,0,50000,60000,-10000,-10000
064213,大立光凱基03購01,0,0,0,0,0,0,0,0,0,-10000,0,0,0,0,10000,-10000,-10000
06415P,台積電群益97售07,0,0,0,0,0,0,0,0,0,-10000,0,0,0,0,10000,-10000,-10000
06242P,大立光元富9A售02,0,0,0,0,0,0,0,0,0,-10000,0,0,0,0,10000,-10000,-10000
062369,創意元大9B購01  ,0,0,0,0,0,0,0,0,0,-10000,0,0,0,50000,60000,-10000,-10000
062121,奇鋐台新9B購01  ,0,0,0,0,0,0,0,0,0,-10000,0,0,0,0,10000,-10000,-10000
06209P,旺宏統一97售07  ,0,0,0,0,0,0,0,0,0,-10000,0,0,0,0,10000,-10000,-10000
062107,台光電國票9B購01,0,0,0,0,0,0,0,0,0,-10000,0,0,0,0,10000,-10000,-10000
062273,國巨群益9C購02  ,0,0,0,0,0,0,0,0,0,-10000,0,0,0,0,10000,-10000,-10000
061902,百和永豐9B購01  ,0,0,0,0,0,0,0,0,0,-10000,0,0,0,0,10000,-10000,-10000
061907,裕隆中信9B購01  ,0,0,0,0,0,0,0,0,0,-10000,0,0,0,15000,25000,-10000,-10000
061909,台積電中信05購02,0,0,0,0,0,0,0,0,0,-10000,0,0,0,1000,11000,-10000,-10000
061858,南電國票9B購02  ,0,0,0,0,0,0,0,0,0,-10000,0,0,0,4000,14000,-10000,-10000
061872,友達元大9C購06  ,0,0,0,0,0,0,0,0,0,-10000,0,0,0,12000,22000,-10000,-10000
061830,元金2X凱基01購01,0,0,0,0,0,0,0,0,0,-10000,0,0,0,0,10000,-10000,-10000
061812,臺指反群益9B購02,0,0,0,0,0,0,0,0,0,-10000,0,0,0,0,10000,-10000,-10000
061779,上銀群益9B購01  ,0,0,0,0,0,0,0,0,0,-10000,0,0,0,5000,15000,-10000,-10000
062868,葡萄王中信9B購01,0,0,0,0,0,0,0,0,0,-10000,0,0,0,58000,68000,-10000,-10000
063069,道瓊銀富邦05購01,0,0,0,0,0,0,0,0,0,-10000,0,0,0,5000,15000,-10000,-10000
062525,鴻海統一9C購10  ,0,0,0,0,0,0,0,0,0,-10000,0,0,0,0,10000,-10000,-10000
062545,嘉晶永豐9B購01  ,0,0,0,0,0,0,0,0,0,-10000,0,0,0,0,10000,-10000,-10000
062703,可成元大9C購02  ,0,0,0,0,0,0,0,0,0,-10000,0,0,0,1000,11000,-10000,-10000
06263P,燿華凱基97售04  ,0,0,0,0,0,0,0,0,0,-10000,0,0,0,60000,70000,-10000,-10000
062640,訊連國票9C購01  ,0,0,0,0,0,0,0,0,0,-10000,0,0,0,0,10000,-10000,-10000
062670,瑞昱中信03購01  ,0,0,0,0,0,0,0,0,0,-10000,0,0,0,88000,98000,-10000,-10000
062783,大立光元大9C購03,0,0,0,0,0,0,0,0,0,-10000,0,0,0,0,10000,-10000,-10000
6115,鎰勝            ,3000,5000,-2000,0,0,0,0,0,0,-9000,0,9000,-9000,0,0,0,-11000
5533,皇鼎            ,0,13000,-13000,0,0,0,0,0,0,2000,3000,1000,2000,0,0,0,-11000
8114,振樺電          ,2000,13000,-11000,0,0,0,0,0,0,0,0,0,0,0,0,0,-11000
3058,立德            ,1000,11000,-10000,0,0,0,0,0,0,-1000,0,1000,-1000,0,0,0,-11000
06559P,玉晶光元富98售02,0,0,0,0,0,0,0,0,0,-11000,0,0,0,0,11000,-11000,-11000
06924P,台積電群益98售07,0,0,0,0,0,0,0,0,0,-11000,0,0,0,0,11000,-11000,-11000
064398,聚陽凱基01購01  ,0,0,0,0,0,0,0,0,0,-11000,0,0,0,55000,66000,-11000,-11000
07759P,臺股指富邦9A售04,0,0,0,0,0,0,0,0,0,-11000,0,0,0,0,11000,-11000,-11000
07754P,日月光元大9A售02,0,0,0,0,0,0,0,0,0,-11000,0,0,0,0,11000,-11000,-11000
07839P,嘉澤元大9A售04  ,0,0,0,0,0,0,0,0,0,-11000,0,0,0,0,11000,-11000,-11000
07580P,緯穎元大9A售03  ,0,0,0,0,0,0,0,0,0,-11000,0,0,0,5000,16000,-11000,-11000
07557P,玉晶光元大9A售09,0,0,0,0,0,0,0,0,0,-11000,0,0,0,0,11000,-11000,-11000
07134P,臺股指元大9A售28,0,0,0,0,0,0,0,0,0,-11000,0,0,0,10000,21000,-11000,-11000
057106,美律群益98購03  ,0,0,0,0,0,0,0,0,0,-11000,0,0,0,106000,117000,-11000,-11000
057399,滬深反群益9C購01,0,0,0,0,0,0,0,0,0,-11000,0,0,0,201000,212000,-11000,-11000
057638,上銀元大99購01  ,0,0,0,0,0,0,0,0,0,-11000,0,0,0,10000,21000,-11000,-11000
057433,上銀國票98購04  ,0,0,0,0,0,0,0,0,0,-11000,0,0,0,0,11000,-11000,-11000
057444,台泥元富98購01  ,0,0,0,0,0,0,0,0,0,-11000,0,0,0,85000,96000,-11000,-11000
057346,鴻海統一98購13  ,0,0,0,0,0,0,0,0,0,-11000,0,0,0,0,11000,-11000,-11000
056736,國巨凱基99購03  ,0,0,0,0,0,0,0,0,0,-11000,0,0,0,0,11000,-11000,-11000
056738,國巨凱基9A購02  ,0,0,0,0,0,0,0,0,0,-11000,0,0,0,0,11000,-11000,-11000
056586,光罩統一98購02  ,0,0,0,0,0,0,0,0,0,-11000,0,0,0,0,11000,-11000,-11000
055839,瑞昱元大97購04  ,0,0,0,0,0,0,0,0,0,-11000,0,0,0,2000,13000,-11000,-11000
055795,茂林國泰98購01  ,0,0,0,0,0,0,0,0,0,-11000,0,0,0,0,11000,-11000,-11000
056918,台積電兆豐98購01,0,0,0,0,0,0,0,0,0,-11000,0,0,0,0,11000,-11000,-11000
00711B,FH彭博新興債    ,0,0,0,0,0,0,0,0,0,-11000,0,0,0,100000,111000,-11000,-11000
00733,富邦臺灣中小    ,0,0,0,0,0,0,0,0,0,-11000,0,0,0,252000,263000,-11000,-11000
060557,南電凱基9A購02  ,0,0,0,0,0,0,0,0,0,-11000,0,0,0,3000,14000,-11000,-11000
060651,瑞儀中信9B購01  ,0,0,0,0,0,0,0,0,0,-11000,0,0,0,84000,95000,-11000,-11000
060629,鴻海富邦9B購01  ,0,0,0,0,0,0,0,0,0,-11000,0,0,0,0,11000,-11000,-11000
060945,緯穎國票9A購02  ,0,0,0,0,0,0,0,0,0,-11000,0,0,0,30000,41000,-11000,-11000
058669,上銀群益99購01  ,0,0,0,0,0,0,0,0,0,-11000,0,0,0,0,11000,-11000,-11000
061078,台積電兆豐9A購01,0,0,0,0,0,0,0,0,0,-11000,0,0,0,0,11000,-11000,-11000
061286,大立光統一9A購05,0,0,0,0,0,0,0,0,0,-11000,0,0,0,0,11000,-11000,-11000
059431,旺宏元大99購14  ,0,0,0,0,0,0,0,0,0,-11000,0,0,0,13000,24000,-11000,-11000
062652,上証2X永豐9B購01,0,0,0,0,0,0,0,0,0,-11000,0,0,0,5000,16000,-11000,-11000
063095,健策國票9B購02  ,0,0,0,0,0,0,0,0,0,-11000,0,0,0,0,11000,-11000,-11000
063797,台積電凱基02購02,0,0,0,0,0,0,0,0,0,-11000,0,0,0,4000,15000,-11000,-11000
06386P,欣興永豐97售03  ,0,0,0,0,0,0,0,0,0,-11000,0,0,0,29000,40000,-11000,-11000
063736,大立光元大9B購08,0,0,0,0,0,0,0,0,0,-11000,0,0,0,0,11000,-11000,-11000
063738,奇鋐元大9B購03  ,0,0,0,0,0,0,0,0,0,-11000,0,0,0,0,11000,-11000,-11000
8482,商億-KY         ,11000,22000,-11000,0,0,0,0,0,0,0,0,0,0,0,0,0,-11000
07270P,台灣50元大01售09,0,0,0,0,0,0,0,0,0,-12000,0,0,0,0,12000,-12000,-12000
07398P,鴻海凱基99售18  ,0,0,0,0,0,0,0,0,0,-12000,0,0,0,0,12000,-12000,-12000
07399P,鴻海凱基99售19  ,0,0,0,0,0,0,0,0,0,-12000,0,0,0,0,12000,-12000,-12000
07317P,T50正2凱基9B售02,0,0,0,0,0,0,0,0,0,-12000,0,0,0,0,12000,-12000,-12000
064389,台泥永豐9C購01  ,0,0,0,0,0,0,0,0,0,-12000,0,0,0,0,12000,-12000,-12000
06956P,國巨日盛99售04  ,0,0,0,0,0,0,0,0,0,-12000,0,0,0,40000,52000,-12000,-12000
06962P,華新科永豐99售01,0,0,0,0,0,0,0,0,0,-12000,0,0,0,64000,76000,-12000,-12000
06977P,臺股指元大9A售15,0,0,0,0,0,0,0,0,0,-12000,0,0,0,0,12000,-12000,-12000
06647P,台積電元大98售13,0,0,0,0,0,0,0,0,0,-12000,0,0,0,0,12000,-12000,-12000
3437,榮創            ,300000,311000,-11000,0,0,0,0,0,0,-1000,0,1000,-1000,0,0,0,-12000
2543,皇昌            ,0,12000,-12000,0,0,0,0,0,0,0,0,0,0,0,0,0,-12000
6192,巨路            ,10000,21000,-11000,0,0,0,0,0,0,-1000,0,1000,-1000,0,0,0,-12000
5525,順天            ,1000,13000,-12000,0,0,0,0,0,0,0,0,0,0,0,0,0,-12000
08396P,鴻海元富9C售04  ,0,0,0,0,0,0,0,0,0,-12000,0,0,0,0,12000,-12000,-12000
08366P,祥碩凱基9C售04  ,0,0,0,0,0,0,0,0,0,-12000,0,0,0,0,12000,-12000,-12000
08337P,台灣50凱基01售15,0,0,0,0,0,0,0,0,0,-12000,0,0,0,0,12000,-12000,-12000
1560,中砂            ,55000,67000,-12000,0,0,0,0,0,0,0,0,0,0,0,0,0,-12000
1524,耿鼎            ,0,12000,-12000,0,0,0,0,0,0,0,0,0,0,0,0,0,-12000
1110,東泥            ,0,12000,-12000,0,0,0,0,0,0,0,0,0,0,0,0,0,-12000
0055,元大MSCI金融    ,0,0,0,0,0,0,0,0,0,-12000,0,0,0,11000,23000,-12000,-12000
057685,台灣50凱基9C購01,0,0,0,0,0,0,0,0,0,-12000,0,0,0,0,12000,-12000,-12000
059072,元油2X元大9C購13,0,0,0,0,0,0,0,0,0,-12000,0,0,0,0,12000,-12000,-12000
061338,台積電元大9A購28,0,0,0,0,0,0,0,0,0,-12000,0,0,0,3000,15000,-12000,-12000
058932,FBVIX台新99購01 ,0,0,0,0,0,0,0,0,0,-12000,0,0,0,51000,63000,-12000,-12000
058835,元油2X中信9C購02,0,0,0,0,0,0,0,0,0,-12000,0,0,0,0,12000,-12000,-12000
057961,茂林元大9A購01  ,0,0,0,0,0,0,0,0,0,-12000,0,0,0,20000,32000,-12000,-12000
061433,華通麥證9A購03  ,0,0,0,0,12000,-12000,0,0,0,-12000,0,0,0,0,12000,-12000,-12000
057991,健策統一9C購01  ,0,0,0,0,0,0,0,0,0,-12000,0,0,0,14000,26000,-12000,-12000
058055,華擎統一9A購01  ,0,0,0,0,0,0,0,0,0,-12000,0,0,0,19000,31000,-12000,-12000
05819P,臺股指凱基96售16,0,0,0,0,0,0,0,0,0,-12000,0,0,0,0,12000,-12000,-12000
060434,台汽電永豐9A購01,0,0,0,0,0,0,0,0,0,-12000,0,0,0,144000,156000,-12000,-12000
060621,玉晶光元大9A購05,0,0,0,0,0,0,0,0,0,-12000,0,0,0,52000,64000,-12000,-12000
060585,玉晶光元富9A購02,0,0,0,0,0,0,0,0,0,-12000,0,0,0,10000,22000,-12000,-12000
058576,南亞科群益99購01,0,0,0,0,0,0,0,0,0,-12000,0,0,0,0,12000,-12000,-12000
060230,台積電元大9A購07,0,0,0,0,0,0,0,0,0,-12000,0,0,0,22000,34000,-12000,-12000
063828,台積電國票01購02,0,0,0,0,0,0,0,0,0,-12000,0,0,0,12000,24000,-12000,-12000
063986,聯發科富邦02購01,0,0,0,0,0,0,0,0,0,-12000,0,0,0,1000,13000,-12000,-12000
064117,中興電元大9C購01,0,0,0,0,0,0,0,0,0,-12000,0,0,0,34000,46000,-12000,-12000
062346,智邦群益9B購02  ,0,0,0,0,0,0,0,0,0,-12000,0,0,0,2000,14000,-12000,-12000
062348,聯發科群益9B購06,0,0,0,0,0,0,0,0,0,-12000,0,0,0,6000,18000,-12000,-12000
062339,瑞昱麥證9C購01  ,0,0,0,20000,32000,-12000,0,0,0,-12000,0,0,0,40000,52000,-12000,-12000
062334,健策統一9B購02  ,0,0,0,0,0,0,0,0,0,-12000,0,0,0,8000,20000,-12000,-12000
062328,南亞科統一9C購01,0,0,0,0,0,0,0,0,0,-12000,0,0,0,17000,29000,-12000,-12000
9905,大華            ,0,11000,-11000,0,0,0,0,0,0,-1000,0,1000,-1000,0,0,0,-12000
2069,運錩            ,0,13000,-13000,0,0,0,0,0,0,0,0,0,0,0,0,0,-13000
2358,廷鑫            ,0,13000,-13000,0,0,0,0,0,0,0,0,0,0,0,0,0,-13000
08127P,聯發科元大9B售21,0,0,0,0,0,0,0,0,0,-13000,0,0,0,33000,46000,-13000,-13000
5515,建國            ,5000,18000,-13000,0,0,0,0,0,0,0,0,0,0,0,0,0,-13000
4572,駐龍            ,0,13000,-13000,0,0,0,0,0,0,0,0,0,0,0,0,0,-13000
6581,鋼聯            ,3000,16000,-13000,0,0,0,0,0,0,0,0,0,0,0,0,0,-13000
2701,萬企            ,0,11000,-11000,0,0,0,0,0,0,-2000,0,2000,-2000,0,0,0,-13000
2482,連宇            ,65000,78000,-13000,0,0,0,0,0,0,0,0,0,0,0,0,0,-13000
2380,虹光            ,0,13000,-13000,0,0,0,0,0,0,0,0,0,0,0,0,0,-13000
3266,昇陽            ,0,12000,-12000,0,0,0,0,0,0,-1000,0,1000,-1000,0,0,0,-13000
064782,健策群益9C購02  ,0,0,0,0,0,0,0,0,0,-13000,0,0,0,0,13000,-13000,-13000
064797,道瓊反元大01購01,0,0,0,0,0,0,0,0,0,-13000,0,0,0,0,13000,-13000,-13000
07206P,鴻海凱基9A售11  ,0,0,0,0,0,0,0,0,0,-13000,0,0,0,0,13000,-13000,-13000
07146P,瑞昱元大99售02  ,0,0,0,0,0,0,0,0,0,-13000,0,0,0,32000,45000,-13000,-13000
07799P,南電國票9A售04  ,0,0,0,0,0,0,0,0,0,-13000,0,0,0,0,13000,-13000,-13000
08030P,臺股指元大9B售37,0,0,0,0,0,0,0,0,0,-13000,0,0,0,0,13000,-13000,-13000
056582,易華電元大98購01,0,0,0,0,0,0,0,0,0,-13000,0,0,0,0,13000,-13000,-13000
056302,大立光元大97購17,0,0,0,0,0,0,0,0,0,-13000,0,0,0,0,13000,-13000,-13000
060101,大立光元大99購31,0,0,0,0,0,0,0,0,0,-13000,0,0,0,0,13000,-13000,-13000
059990,健策元大9A購01  ,0,0,0,0,0,0,0,0,0,-13000,0,0,0,15000,28000,-13000,-13000
00645,富邦日本        ,0,0,0,0,0,0,0,0,0,-13000,0,0,0,79000,92000,-13000,-13000
058601,台積電元大99購10,0,0,0,0,0,0,0,0,0,-13000,0,0,0,3000,16000,-13000,-13000
059605,臺股指元大9A購42,0,0,0,0,0,0,0,0,0,-13000,0,0,0,0,13000,-13000,-13000
060595,台灣50凱基04購04,0,0,0,0,0,0,0,0,0,-13000,0,0,0,0,13000,-13000,-13000
060645,台表科永豐9A購02,0,0,0,0,0,0,0,0,0,-13000,0,0,0,4000,17000,-13000,-13000
060449,元金2X元大9A購02,0,0,0,0,0,0,0,0,0,-13000,0,0,0,0,13000,-13000,-13000
060854,台積電富邦9C購08,0,0,0,0,0,0,0,0,0,-13000,0,0,0,3000,16000,-13000,-13000
061480,泰碩元大9B購01  ,0,0,0,0,0,0,0,0,0,-13000,0,0,0,7000,20000,-13000,-13000
058941,華新科中信99購03,0,0,0,0,0,0,0,0,0,-13000,0,0,0,0,13000,-13000,-13000
057734,訊芯國泰9A購01  ,0,0,0,0,0,0,0,0,0,-13000,0,0,0,0,13000,-13000,-13000
063011,台積電元大9C購01,0,0,0,0,0,0,0,0,0,-13000,0,0,0,0,13000,-13000,-13000
062864,臺股指國票9B購21,0,0,0,0,0,0,0,0,0,-13000,0,0,0,0,13000,-13000,-13000
062919,聯茂元大9B購01  ,0,0,0,0,0,0,0,0,0,-13000,0,0,0,118000,131000,-13000,-13000
062780,旺宏元大01購01  ,0,0,0,0,0,0,0,0,0,-13000,0,0,0,64000,77000,-13000,-13000
062573,大毅群益9B購03  ,0,0,0,0,0,0,0,0,0,-13000,0,0,0,103000,116000,-13000,-13000
064236,奇力新統一01購04,0,0,0,0,0,0,0,0,0,-13000,0,0,0,0,13000,-13000,-13000
064034,台表科元大9C購07,0,0,0,0,0,0,0,0,0,-13000,0,0,0,28000,41000,-13000,-13000
063563,國巨元大9C購07  ,0,0,0,0,0,0,0,0,0,-13000,0,0,0,0,13000,-13000,-13000
063462,金像電元大9C購01,0,0,0,0,0,0,0,0,0,-13000,0,0,0,37000,50000,-13000,-13000
063484,達方元大9B購01  ,0,0,0,0,0,0,0,0,0,-13000,0,0,0,10000,23000,-13000,-13000
06321P,台積電統一98售03,0,0,0,0,0,0,0,0,0,-13000,0,0,0,0,13000,-13000,-13000
07289P,台灣50凱基99售07,0,0,0,0,0,0,0,0,0,-14000,0,0,0,1000,15000,-14000,-14000
07570P,旺宏凱基9A售04  ,0,0,0,0,0,0,0,0,0,-14000,0,0,0,0,14000,-14000,-14000
06463P,大立光富邦9A售01,0,0,0,0,0,0,0,0,0,-14000,0,0,0,0,14000,-14000,-14000
064645,義隆凱基03購01  ,0,0,0,0,0,0,0,0,0,-14000,0,0,0,421000,435000,-14000,-14000
064648,臻鼎凱基9C購02  ,0,0,0,0,0,0,0,0,0,-14000,0,0,0,0,14000,-14000,-14000
06657P,寶成元大98售01  ,0,0,0,0,0,0,0,0,0,-14000,0,0,0,2000,16000,-14000,-14000
2852,第一保          ,0,14000,-14000,0,0,0,0,0,0,0,0,0,0,0,0,0,-14000
2397,友通            ,2000,12000,-10000,0,0,0,0,0,0,-4000,0,4000,-4000,0,0,0,-14000
2461,光群雷          ,24000,37000,-13000,0,0,0,0,0,0,-1000,0,1000,-1000,0,0,0,-14000
2516,新建            ,3000,17000,-14000,0,0,0,0,0,0,0,0,0,0,0,0,0,-14000
6117,迎廣            ,12000,26000,-14000,0,0,0,0,0,0,0,0,0,0,0,0,0,-14000
6152,百一            ,0,13000,-13000,0,0,0,0,0,0,-1000,0,1000,-1000,0,0,0,-14000
3501,維熹            ,1000,15000,-14000,0,0,0,0,0,0,0,0,0,0,0,0,0,-14000
08084P,台表科元大9B售06,0,0,0,0,0,0,0,0,0,-14000,0,0,0,0,14000,-14000,-14000
08159P,日月光元富9B售01,0,0,0,0,0,0,0,0,0,-14000,0,0,0,36000,50000,-14000,-14000
08187P,大毅群益9B售04  ,0,0,0,0,0,0,0,0,0,-14000,0,0,0,0,14000,-14000,-14000
08202P,台表科國泰01售04,0,0,0,0,0,0,0,0,0,-14000,0,0,0,40000,54000,-14000,-14000
08394P,大立光群益9C售05,0,0,0,0,0,0,0,0,0,-14000,0,0,0,2000,16000,-14000,-14000
056486,樺漢元大98購04  ,0,0,0,0,0,0,0,0,0,-14000,0,0,0,0,14000,-14000,-14000
054533,泰碩國泰98購01  ,0,0,0,0,0,0,0,0,0,-14000,0,0,0,16000,30000,-14000,-14000
059513,揚明光永豐99購01,0,0,0,0,0,0,0,0,0,-14000,0,0,0,0,14000,-14000,-14000
055650,華新科元富98購01,0,0,0,0,0,0,0,0,0,-14000,0,0,0,0,14000,-14000,-14000
057332,旺宏國票99購03  ,0,0,0,0,0,0,0,0,0,-14000,0,0,0,40000,54000,-14000,-14000
059295,大立光元富99購05,0,0,0,0,0,0,0,0,0,-14000,0,0,0,36000,50000,-14000,-14000
058433,台積電統一9B購04,0,0,0,0,0,0,0,0,0,-14000,0,0,0,10000,24000,-14000,-14000
057944,新日興國票99購02,0,0,0,0,0,0,0,0,0,-14000,0,0,0,0,14000,-14000,-14000
057985,華通元富02購03  ,0,0,0,0,0,0,0,0,0,-14000,0,0,0,31000,45000,-14000,-14000
060705,台光電富邦9B購01,0,0,0,0,0,0,0,0,0,-14000,0,0,0,20000,34000,-14000,-14000
060924,大毅永豐9A購03  ,0,0,0,0,0,0,0,0,0,-14000,0,0,0,0,14000,-14000,-14000
058175,旺宏凱基99購03  ,0,0,0,0,0,0,0,0,0,-14000,0,0,0,27000,41000,-14000,-14000
058085,景碩群益9A購01  ,0,0,0,0,0,0,0,0,0,-14000,0,0,0,0,14000,-14000,-14000
058101,台積電富邦9C購01,0,0,0,0,0,0,0,0,0,-14000,0,0,0,50000,64000,-14000,-14000
060761,南亞科元大9A購05,0,0,0,0,0,0,0,0,0,-14000,0,0,0,0,14000,-14000,-14000
060163,健策永豐9B購01  ,0,0,0,0,0,0,0,0,0,-14000,0,0,0,6000,20000,-14000,-14000
063296,可成麥證9B購01  ,0,0,0,1000,14000,-13000,0,0,0,-14000,0,0,0,1000,15000,-14000,-14000
063602,金像電凱基9B購04,0,0,0,0,0,0,0,0,0,-14000,0,0,0,36000,50000,-14000,-14000
063626,聚陽元大9B購03  ,0,0,0,0,0,0,0,0,0,-14000,0,0,0,64000,78000,-14000,-14000
064118,喬山元大01購01  ,0,0,0,0,0,0,0,0,0,-14000,0,0,0,96000,110000,-14000,-14000
062526,友達統一01購01  ,0,0,0,0,0,0,0,0,0,-14000,0,0,0,36000,50000,-14000,-14000
062736,漢唐國票9B購01  ,0,0,0,0,0,0,0,0,0,-14000,0,0,0,14000,28000,-14000,-14000
062141,遠東新國票9B購01,0,0,0,0,0,0,0,0,0,-14000,0,0,0,38000,52000,-14000,-14000
9927,泰銘            ,0,14000,-14000,0,0,0,0,0,0,0,0,0,0,0,0,0,-14000
1454,台富            ,27000,42000,-15000,0,0,0,0,0,0,0,0,0,0,0,0,0,-15000
3494,誠研            ,0,15000,-15000,0,0,0,0,0,0,0,0,0,0,0,0,0,-15000
5283,禾聯碩          ,2000,3000,-1000,0,0,0,0,0,0,-14000,0,14000,-14000,0,0,0,-15000
2608,嘉里大榮        ,83000,86000,-3000,0,0,0,0,0,0,-12000,0,12000,-12000,0,0,0,-15000
2438,翔耀            ,3000,18000,-15000,0,0,0,0,0,0,0,0,0,0,0,0,0,-15000
2450,神腦            ,21000,25000,-4000,0,0,0,0,0,0,-11000,0,11000,-11000,0,0,0,-15000
3416,融程電          ,18000,15000,3000,0,0,0,0,0,0,-18000,0,18000,-18000,0,0,0,-15000
3055,蔚華科          ,0,15000,-15000,0,0,0,0,0,0,0,0,0,0,0,0,0,-15000
06728P,全新元大98售03  ,0,0,0,0,0,0,0,0,0,-15000,0,0,0,15000,30000,-15000,-15000
06729P,聯詠元大98售03  ,0,0,0,0,0,0,0,0,0,-15000,0,0,0,0,15000,-15000,-15000
06567P,鴻海永豐98售02  ,0,0,0,0,0,0,0,0,0,-15000,0,0,0,0,15000,-15000,-15000
06515P,國巨凱基98售06  ,0,0,0,0,0,0,0,0,0,-15000,0,0,0,0,15000,-15000,-15000
064671,聯茂元大9C購02  ,0,0,0,0,0,0,0,0,0,-15000,0,0,0,0,15000,-15000,-15000
064717,台積電統一01購08,0,0,0,0,0,0,0,0,0,-15000,0,0,0,0,15000,-15000,-15000
064706,嘉晶富邦01購01  ,0,0,0,0,0,0,0,0,0,-15000,0,0,0,5000,20000,-15000,-15000
07509P,牧德國票9A售03  ,0,0,0,0,0,0,0,0,0,-15000,0,0,0,0,15000,-15000,-15000
07487P,鴻海國票9A售01  ,0,0,0,0,0,0,0,0,0,-15000,0,0,0,0,15000,-15000,-15000
07303P,臺股指元大9A售36,0,0,0,0,0,0,0,0,0,-15000,0,0,0,70000,85000,-15000,-15000
08015P,可成凱基9B售05  ,0,0,0,0,0,0,0,0,0,-15000,0,0,0,0,15000,-15000,-15000
07712P,茂林元大9A售03  ,0,0,0,0,0,0,0,0,0,-15000,0,0,0,0,15000,-15000,-15000
05730P,臺股指凱基97售03,0,0,0,0,0,0,0,0,0,-15000,0,0,0,30000,45000,-15000,-15000
057042,台積電元大98購10,0,0,0,0,0,0,0,0,0,-15000,0,0,0,15000,30000,-15000,-15000
057162,上銀元大98購03  ,0,0,0,0,0,0,0,0,0,-15000,0,0,0,11000,26000,-15000,-15000
057198,智伸科統一9B購01,0,0,0,0,0,0,0,0,0,-15000,0,0,0,21000,36000,-15000,-15000
056664,上証反中信9B購01,0,0,0,0,0,0,0,0,0,-15000,0,0,0,0,15000,-15000,-15000
059477,FBVIX群益99購01 ,0,0,0,0,0,0,0,0,0,-15000,0,0,0,0,15000,-15000,-15000
058512,宏達電元大99購04,0,0,0,0,0,0,0,0,0,-15000,0,0,0,4000,19000,-15000,-15000
056945,鴻海統一98購12  ,0,0,0,0,0,0,0,0,0,-15000,0,0,0,0,15000,-15000,-15000
056946,國巨統一98購05  ,0,0,0,0,0,0,0,0,0,-15000,0,0,0,88000,103000,-15000,-15000
056196,聯茂富邦98購02  ,0,0,0,0,0,0,0,0,0,-15000,0,0,0,200000,215000,-15000,-15000
056011,矽力中信99購01  ,0,0,0,0,0,0,0,0,0,-15000,0,0,0,0,15000,-15000,-15000
056520,鴻海日盛99購01  ,0,0,0,0,0,0,0,0,0,-15000,0,0,0,25000,40000,-15000,-15000
00638R,元大滬深300反1  ,5000,0,5000,0,0,0,0,0,0,-20000,0,500000,-500000,1050000,570000,480000,-15000
00709,富邦歐洲        ,0,0,0,0,0,0,0,0,0,-15000,0,0,0,108000,123000,-15000,-15000
052698,深中小國票99購01,0,0,0,0,0,0,0,0,0,-15000,0,0,0,0,15000,-15000,-15000
052326,滬深反中信99購01,0,0,0,0,0,0,0,0,0,-15000,0,0,0,0,15000,-15000,-15000
036628,統一台新99購01  ,0,0,0,0,0,0,0,0,0,-15000,0,0,0,0,15000,-15000,-15000
055039,神達富邦99購01  ,0,0,0,0,0,0,0,0,0,-15000,0,0,0,7000,22000,-15000,-15000
061137,晶技統一9B購01  ,0,0,0,0,0,0,0,0,0,-15000,0,0,0,0,15000,-15000,-15000
058569,健策凱基9A購01  ,0,0,0,0,0,0,0,0,0,-15000,0,0,0,7000,22000,-15000,-15000
058586,鴻海中信01購02  ,0,0,0,0,0,0,0,0,0,-15000,0,0,0,25000,40000,-15000,-15000
058150,中502X統一9B購01,0,0,0,0,0,0,0,0,0,-15000,0,0,0,0,15000,-15000,-15000
058242,玉晶光元大9A購01,0,0,0,0,0,0,0,0,0,-15000,0,0,0,15000,30000,-15000,-15000
060877,華邦電中信02購01,0,0,0,0,0,0,0,0,0,-15000,0,0,0,0,15000,-15000,-15000
060679,聯詠元大9A購04  ,0,0,0,0,0,0,0,0,0,-15000,0,0,0,45000,60000,-15000,-15000
060848,聯茂國票9A購02  ,0,0,0,0,0,0,0,0,0,-15000,0,0,0,34000,49000,-15000,-15000
057929,上銀群益98購02  ,0,0,0,0,0,0,0,0,0,-15000,0,0,0,0,15000,-15000,-15000
061615,鴻海群益9A購06  ,0,0,0,0,0,0,0,0,0,-15000,0,0,0,0,15000,-15000,-15000
061684,T50反1群益9A購06,0,0,0,0,0,0,0,0,0,-15000,0,0,0,0,15000,-15000,-15000
061709,SP黃豆凱基01購02,0,0,0,0,0,0,0,0,0,-15000,0,0,0,0,15000,-15000,-15000
058442,玉晶光台新99購01,0,0,0,0,0,0,0,0,0,-15000,0,0,0,0,15000,-15000,-15000
059147,矽創國票99購01  ,0,0,0,0,0,0,0,0,0,-15000,0,0,0,18000,33000,-15000,-15000
059181,世紀鋼元富9C購01,0,0,0,0,0,0,0,0,0,-15000,0,0,0,45000,60000,-15000,-15000
059215,台積電元大99購28,0,0,0,0,0,0,0,0,0,-15000,0,0,0,51000,66000,-15000,-15000
061802,勤誠永豐9B購01  ,0,0,0,0,0,0,0,0,0,-15000,0,0,0,65000,80000,-15000,-15000
061798,晶豪科永豐9B購01,0,0,0,0,0,0,0,0,0,-15000,0,0,0,0,15000,-15000,-15000
061850,國巨國票9C購02  ,0,0,0,0,0,0,0,0,0,-15000,0,0,0,0,15000,-15000,-15000
062471,國泰金凱基9B購02,0,0,0,0,0,0,0,0,0,-15000,0,0,0,36000,51000,-15000,-15000
062562,瑞儀凱基9B購02  ,0,0,0,0,0,0,0,0,0,-15000,0,0,0,24000,39000,-15000,-15000
063021,大立光元大9C購05,0,0,0,0,0,0,0,0,0,-15000,0,0,0,50000,65000,-15000,-15000
063124,奇力新元大9B購05,0,0,0,0,0,0,0,0,0,-15000,0,0,0,0,15000,-15000,-15000
063541,華擎元富9B購02  ,0,0,0,0,0,0,0,0,0,-15000,0,0,0,70000,85000,-15000,-15000
063369,聚陽永豐9B購01  ,0,0,0,0,0,0,0,0,0,-15000,0,0,0,30000,45000,-15000,-15000
063261,康控富邦03購01  ,0,0,0,0,0,0,0,0,0,-15000,0,0,0,10000,25000,-15000,-15000
2423,固緯            ,8143,25000,-16857,0,0,0,0,0,0,1000,1000,0,1000,0,0,0,-15857
3346,麗清            ,7000,23000,-16000,0,0,0,0,0,0,0,0,0,0,0,0,0,-16000
2731,雄獅            ,29000,48000,-19000,0,0,0,0,0,0,3000,3000,0,3000,0,0,0,-16000
1618,合機            ,0,10000,-10000,0,0,0,0,0,0,-6000,0,6000,-6000,0,0,0,-16000
08393P,鴻海群益9C售05  ,0,0,0,0,0,0,0,0,0,-16000,0,0,0,2787000,2803000,-16000,-16000
07074P,FBVIX凱基9A售01 ,0,0,0,0,0,0,0,0,0,-16000,0,0,0,0,16000,-16000,-16000
064575,鈺齊群益9C購01  ,0,0,0,0,0,0,0,0,0,-16000,0,0,0,69000,85000,-16000,-16000
06603P,立積統一99售01  ,0,0,0,0,0,0,0,0,0,-16000,0,0,0,26000,42000,-16000,-16000
00648R,元大S&P500反1   ,100000,0,100000,0,0,0,0,0,0,-116000,0,0,0,865000,981000,-116000,-16000
056406,建準國票99購01  ,0,0,0,0,0,0,0,0,0,-16000,0,0,0,0,16000,-16000,-16000
053643,漢唐國票97購02  ,0,0,0,0,0,0,0,0,0,-16000,0,0,0,0,16000,-16000,-16000
056165,矽力凱基98購02  ,0,0,0,0,0,0,0,0,0,-16000,0,0,0,4000,20000,-16000,-16000
055615,宏達電國票99購02,0,0,0,0,0,0,0,0,0,-16000,0,0,0,29000,45000,-16000,-16000
059127,國巨中信99購04  ,0,0,0,0,0,0,0,0,0,-16000,0,0,0,0,16000,-16000,-16000
058385,創意中信99購01  ,0,0,0,0,0,0,0,0,0,-16000,0,0,0,30000,46000,-16000,-16000
061629,FBVIX元大9A購01 ,0,0,0,0,0,0,0,0,0,-16000,0,0,0,5000,21000,-16000,-16000
060878,奇力新中信9C購01,0,0,0,0,0,0,0,0,0,-16000,0,0,0,0,16000,-16000,-16000
058688,矽創凱基9A購01  ,0,0,0,0,0,0,0,0,0,-16000,0,0,0,12000,28000,-16000,-16000
059591,台積電元大9A購04,0,0,0,0,0,0,0,0,0,-16000,0,0,0,3000,19000,-16000,-16000
060601,技嘉凱基9A購02  ,0,0,0,0,0,0,0,0,0,-16000,0,0,0,14000,30000,-16000,-16000
061238,晶技元大9A購02  ,0,0,0,0,0,0,0,0,0,-16000,0,0,0,2000,18000,-16000,-16000
064216,矽格凱基01購01  ,0,0,0,0,0,0,0,0,0,-16000,0,0,0,76000,92000,-16000,-16000
062511,台光電國票9B購02,0,0,0,0,0,0,0,0,0,-16000,0,0,0,31000,47000,-16000,-16000
062708,立積元大9B購01  ,0,0,0,0,0,0,0,0,0,-16000,0,0,0,70000,86000,-16000,-16000
062695,華通元大9C購01  ,0,0,0,0,0,0,0,0,0,-16000,0,0,0,25000,41000,-16000,-16000
061857,康友國票9B購01  ,0,0,0,0,0,0,0,0,0,-16000,0,0,0,11000,27000,-16000,-16000
061773,和潤元大9B購01  ,0,0,0,0,0,0,0,0,0,-16000,0,0,0,59000,75000,-16000,-16000
061953,台積電台新9B購04,0,0,0,0,0,0,0,0,0,-16000,0,0,0,2000,18000,-16000,-16000
061969,大立光統一01購02,0,0,0,0,0,0,0,0,0,-16000,0,0,0,70000,86000,-16000,-16000
06735P,奇力新凱基98售07,0,0,0,0,0,0,0,0,0,-17000,0,0,0,50000,67000,-17000,-17000
06839P,玉晶光統一9A售05,0,0,0,0,0,0,0,0,0,-17000,0,0,0,0,17000,-17000,-17000
064542,聯電凱基02購01  ,0,0,0,0,0,0,0,0,0,-17000,0,0,0,86000,103000,-17000,-17000
07276P,臺股指群益99售19,0,0,0,0,0,0,0,0,0,-17000,0,0,0,13000,30000,-17000,-17000
07805P,義隆永豐9A售02  ,0,0,0,0,0,0,0,0,0,-17000,0,0,0,11000,28000,-17000,-17000
1423,利華            ,4000,21000,-17000,0,0,0,0,0,0,0,0,0,0,0,0,0,-17000
1231,聯華食          ,7000,24000,-17000,0,0,0,0,0,0,0,0,0,0,0,0,0,-17000
1316,上曜            ,10000,27000,-17000,0,0,0,0,0,0,0,0,0,0,0,0,0,-17000
1721,三晃            ,1000,18000,-17000,0,0,0,0,0,0,0,0,0,0,0,0,0,-17000
3032,偉訓            ,6000,22000,-16000,0,0,0,0,0,0,-1000,0,1000,-1000,0,0,0,-17000
057335,技嘉國票99購01  ,0,0,0,0,0,0,0,0,0,-17000,0,0,0,79000,96000,-17000,-17000
059533,富邦金凱基99購01,0,0,0,0,0,0,0,0,0,-17000,0,0,0,2000,19000,-17000,-17000
056394,晶豪科永豐98購01,0,0,0,0,0,0,0,0,0,-17000,0,0,0,80000,97000,-17000,-17000
056430,鴻海凱基98購06  ,0,0,0,0,0,0,0,0,0,-17000,0,0,0,5000,22000,-17000,-17000
056471,台光電元大99購01,0,0,0,0,0,0,0,0,0,-17000,0,0,0,0,17000,-17000,-17000
055114,新日興凱基98購01,0,0,0,0,0,0,0,0,0,-17000,0,0,0,10000,27000,-17000,-17000
061159,同欣電群益9A購01,0,0,0,0,0,0,0,0,0,-17000,0,0,0,113000,130000,-17000,-17000
061287,大立光統一9B購06,0,0,0,0,0,0,0,0,0,-17000,0,0,0,0,17000,-17000,-17000
062276,瑞昱群益9B購01  ,0,0,0,0,0,0,0,0,0,-17000,0,0,0,26000,43000,-17000,-17000
062673,台新金中信03購01,0,0,0,0,0,0,0,0,0,-17000,0,0,0,20000,37000,-17000,-17000
062500,國巨群益01購01  ,0,0,0,0,0,0,0,0,0,-17000,0,0,0,19000,36000,-17000,-17000
062536,玉晶光麥證9B購01,0,0,0,2000,18000,-16000,0,0,0,-17000,0,0,0,2000,19000,-17000,-17000
064220,力山國票01購01  ,0,0,0,0,0,0,0,0,0,-17000,0,0,0,13000,30000,-17000,-17000
064206,鴻海凱基03購02  ,0,0,0,0,0,0,0,0,0,-17000,0,0,0,0,17000,-17000,-17000
063310,和大群益9B購02  ,0,0,0,0,0,0,0,0,0,-17000,0,0,0,161000,178000,-17000,-17000
063683,大成鋼永豐9B購01,0,0,0,0,0,0,0,0,0,-17000,0,0,0,0,17000,-17000,-17000
2430,燦坤            ,5000,21000,-16000,0,0,0,0,0,0,-2000,0,2000,-2000,0,0,0,-18000
4764,雙鍵            ,1000,19000,-18000,0,0,0,0,0,0,0,0,0,0,0,0,0,-18000
6449,鈺邦            ,0,17000,-17000,0,0,0,0,0,0,-1000,2000,3000,-1000,0,0,0,-18000
1446,宏和            ,3000,21000,-18000,0,0,0,0,0,0,0,0,0,0,0,0,0,-18000
1419,新紡            ,1000,19000,-18000,0,0,0,0,0,0,0,0,0,0,0,0,0,-18000
08089P,嘉澤凱基9B售03  ,0,0,0,0,0,0,0,0,0,-18000,0,0,0,41000,59000,-18000,-18000
07715P,台灣50群益9A售14,0,0,0,0,0,0,0,0,0,-18000,0,0,0,92000,110000,-18000,-18000
07560P,台積電國泰9B售01,0,0,0,0,0,0,0,0,0,-18000,0,0,0,15000,33000,-18000,-18000
06449P,台積電元大98售09,0,0,0,0,0,0,0,0,0,-18000,0,0,0,50000,68000,-18000,-18000
06908P,健策國泰99售02  ,0,0,0,0,0,0,0,0,0,-18000,0,0,0,20000,38000,-18000,-18000
052132,旺宏凱基9B購01  ,0,0,0,0,0,0,0,0,0,-18000,0,0,0,13000,31000,-18000,-18000
057567,嘉聯益富邦9A購01,0,0,0,0,0,0,0,0,0,-18000,0,0,0,2000,20000,-18000,-18000
053489,上銀兆豐97購01  ,0,0,0,0,0,0,0,0,0,-18000,0,0,0,0,18000,-18000,-18000
054421,臺股指元大99購03,0,0,0,0,0,0,0,0,0,-18000,0,0,0,30000,48000,-18000,-18000
058484,元金2X國票04購01,0,0,0,0,0,0,0,0,0,-18000,0,0,0,0,18000,-18000,-18000
056137,聯鈞元大9A購01  ,0,0,0,0,0,0,0,0,0,-18000,0,0,0,0,18000,-18000,-18000
056068,欣興元大97購05  ,0,0,0,0,0,0,0,0,0,-18000,0,0,0,32000,50000,-18000,-18000
056058,建準元大97購02  ,0,0,0,0,0,0,0,0,0,-18000,0,0,0,44000,62000,-18000,-18000
055909,大成鋼凱基98購02,0,0,0,0,0,0,0,0,0,-18000,0,0,0,30000,48000,-18000,-18000
056333,台積電日盛9B購01,0,0,0,0,0,0,0,0,0,-18000,0,0,0,56000,74000,-18000,-18000
055497,開發金元大97購01,0,0,0,0,0,0,0,0,0,-18000,0,0,0,0,18000,-18000,-18000
061294,奇力新麥證9A購01,0,0,0,0,18000,-18000,0,0,0,-18000,0,0,0,0,18000,-18000,-18000
058709,臺股指元大9A購22,0,0,0,0,0,0,0,0,0,-18000,0,0,0,25000,43000,-18000,-18000
059007,南電元大99購05  ,0,0,0,0,0,0,0,0,0,-18000,0,0,0,11000,29000,-18000,-18000
059771,台積電群益99購11,0,0,0,0,0,0,0,0,0,-18000,0,0,0,10000,28000,-18000,-18000
060533,臺股指中信9B購05,0,0,0,0,0,0,0,0,0,-18000,0,0,0,0,18000,-18000,-18000
058040,FBVIX元大98購01 ,0,0,0,0,0,0,0,0,0,-18000,0,0,0,0,18000,-18000,-18000
063638,華新科元大9B購14,0,0,0,0,0,0,0,0,0,-18000,0,0,0,35000,53000,-18000,-18000
063445,金像電統一9B購01,0,0,0,0,0,0,0,0,0,-18000,0,0,0,65000,83000,-18000,-18000
063231,台泥元大9B購01  ,0,0,0,0,0,0,0,0,0,-18000,0,0,0,5000,23000,-18000,-18000
064249,聯發科元富06購01,0,0,0,0,0,0,0,0,0,-18000,0,0,0,5000,23000,-18000,-18000
062336,茂林統一01購02  ,0,0,0,0,0,0,0,0,0,-18000,0,0,0,2000,20000,-18000,-18000
061774,T50反1國票9B購06,0,0,0,0,0,0,0,0,0,-18000,0,0,0,183000,201000,-18000,-18000
5269,祥碩            ,213009,249000,-35991,0,0,0,136000,80000,56000,-39000,4000,10000,-6000,1000,34000,-33000,-18991
4916,事欣科          ,7000,26000,-19000,0,0,0,0,0,0,0,0,0,0,0,0,0,-19000
6177,達麗            ,115000,134000,-19000,0,0,0,0,0,0,0,0,0,0,0,0,0,-19000
07013P,玉晶光群益9A售06,0,0,0,0,0,0,0,0,0,-19000,0,0,0,0,19000,-19000,-19000
064544,國巨凱基9C購09  ,0,0,0,0,0,0,0,0,0,-19000,0,0,0,0,19000,-19000,-19000
064605,GIS元富9C購01   ,0,0,0,0,0,0,0,0,0,-19000,0,0,0,85000,104000,-19000,-19000
07941P,國巨凱基9B售07  ,0,0,0,0,0,0,0,0,0,-19000,0,0,0,0,19000,-19000,-19000
056169,鴻海元富97購08  ,0,0,0,0,0,0,0,0,0,-19000,0,0,0,0,19000,-19000,-19000
058502,鴻海元大99購13  ,0,0,0,0,0,0,0,0,0,-19000,0,0,0,10000,29000,-19000,-19000
053630,奇鋐兆豐97購01  ,0,0,0,0,0,0,0,0,0,-19000,0,0,0,1000,20000,-19000,-19000
060847,康控國票9A購01  ,0,0,0,0,0,0,0,0,0,-19000,0,0,0,54000,73000,-19000,-19000
059546,FBVIX群益99購03 ,0,0,0,0,0,0,0,0,0,-19000,0,0,0,0,19000,-19000,-19000
061125,億光永豐9A購01  ,0,0,0,0,0,0,0,0,0,-19000,0,0,0,35000,54000,-19000,-19000
060218,台積電凱基9A購15,0,0,0,0,0,0,0,0,0,-19000,0,0,0,2000,21000,-19000,-19000
059339,上銀凱基99購06  ,0,0,0,0,0,0,0,0,0,-19000,0,0,0,10000,29000,-19000,-19000
058897,國巨元大99購17  ,0,0,0,0,0,0,0,0,0,-19000,0,0,0,33000,52000,-19000,-19000
061488,奇力新兆豐9A購01,0,0,0,0,0,0,0,0,0,-19000,0,0,0,0,19000,-19000,-19000
061770,泰碩元大9B購02  ,0,0,0,0,0,0,0,0,0,-19000,0,0,0,40000,59000,-19000,-19000
062616,玉晶光元大9C購06,0,0,0,0,0,0,0,0,0,-19000,0,0,0,11000,30000,-19000,-19000
062774,儒鴻元大9C購01  ,0,0,0,0,0,0,0,0,0,-19000,0,0,0,53000,72000,-19000,-19000
062964,FBVIX元富9B購01 ,0,0,0,0,0,0,0,0,0,-19000,0,0,0,11000,30000,-19000,-19000
063955,TPK元大9C購01   ,0,0,0,0,0,0,0,0,0,-19000,0,0,0,42000,61000,-19000,-19000
07899P,和大凱基9B售01  ,0,0,0,0,0,0,0,0,0,-20000,0,0,0,100000,120000,-20000,-20000
07997P,上銀凱基9B售04  ,0,0,0,0,0,0,0,0,0,-20000,0,0,0,80000,100000,-20000,-20000
08067P,大立光凱基9B售08,0,0,0,0,0,0,0,0,0,-20000,0,0,0,0,20000,-20000,-20000
07765P,台積電群益9A售06,0,0,0,0,0,0,0,0,0,-20000,0,0,0,0,20000,-20000,-20000
07819P,旺宏國票9B售01  ,0,0,0,0,0,0,0,0,0,-20000,0,0,0,80000,100000,-20000,-20000
07632P,臺股指凱基9A售14,0,0,0,0,0,0,0,0,0,-20000,0,0,0,0,20000,-20000,-20000
07633P,台灣50元大9A售18,0,0,0,0,0,0,0,0,0,-20000,0,0,0,0,20000,-20000,-20000
07544P,大立光凱基9A售09,0,0,0,0,0,0,0,0,0,-20000,0,0,0,0,20000,-20000,-20000
07490P,大立光國票9A售03,0,0,0,0,0,0,0,0,0,-20000,0,0,0,20000,40000,-20000,-20000
07525P,臺股指中信9B售07,0,0,0,0,0,0,0,0,0,-20000,0,0,0,0,20000,-20000,-20000
07314P,T50正2元大9C售03,0,0,0,0,0,0,0,0,0,-20000,0,0,0,0,20000,-20000,-20000
07266P,大立光元大99售19,0,0,0,0,0,0,0,0,0,-20000,0,0,0,22000,42000,-20000,-20000
07235P,T50正2元大9C售02,0,0,0,0,0,0,0,0,0,-20000,0,0,0,0,20000,-20000,-20000
07229P,T50正2群益9A售01,0,0,0,0,0,0,0,0,0,-20000,0,0,0,0,20000,-20000,-20000
064527,裕隆中信01購01  ,0,0,0,0,0,0,0,0,0,-20000,0,0,0,0,20000,-20000,-20000
07011P,宏達電凱基99售02,0,0,0,0,0,0,0,0,0,-20000,0,0,0,16000,36000,-20000,-20000
06928P,鴻海元大99售10  ,0,0,0,0,0,0,0,0,0,-20000,0,0,0,55000,75000,-20000,-20000
06832P,玉晶光凱基98售03,0,0,0,0,0,0,0,0,0,-20000,0,0,0,150000,170000,-20000,-20000
06880P,鈺齊凱基98售03  ,0,0,0,0,0,0,0,0,0,-20000,0,0,0,0,20000,-20000,-20000
06790P,台積電凱基9A售04,0,0,0,0,0,0,0,0,0,-20000,0,0,0,0,20000,-20000,-20000
06825P,臺股指國票98售01,0,0,0,0,0,0,0,0,0,-20000,0,0,0,0,20000,-20000,-20000
06691P,臺股指群益9C售05,0,0,0,0,0,0,0,0,0,-20000,0,0,0,0,20000,-20000,-20000
06692P,瑞昱凱基98售03  ,0,0,0,0,0,0,0,0,0,-20000,0,0,0,0,20000,-20000,-20000
06668P,祥碩凱基98售02  ,0,0,0,0,0,0,0,0,0,-20000,0,0,0,0,20000,-20000,-20000
06553P,訊芯元大98售05  ,0,0,0,0,0,0,0,0,0,-20000,0,0,0,50000,70000,-20000,-20000
06525P,上証2X國泰99售01,0,0,0,0,0,0,0,0,0,-20000,0,0,0,0,20000,-20000,-20000
3543,州巧            ,0,20000,-20000,0,0,0,0,0,0,0,0,0,0,0,0,0,-20000
3028,增你強          ,2000,22000,-20000,0,0,0,0,0,0,0,0,0,0,0,0,0,-20000
3209,全科            ,17000,33000,-16000,0,0,0,0,0,0,-4000,0,4000,-4000,0,0,0,-20000
08116P,臺股指凱基9B售17,0,0,0,0,0,0,0,0,0,-20000,0,0,0,0,20000,-20000,-20000
08157P,大立光元富9B售06,0,0,0,0,0,0,0,0,0,-20000,0,0,0,0,20000,-20000,-20000
08147P,聯發科群益9B售10,0,0,0,0,0,0,0,0,0,-20000,0,0,0,94000,114000,-20000,-20000
08383P,智邦群益9C售03  ,0,0,0,0,0,0,0,0,0,-20000,0,0,0,0,20000,-20000,-20000
08442P,臺股指麥證01售01,1000,0,1000,0,21000,-21000,0,0,0,-21000,0,0,0,0,21000,-21000,-20000
1203,味王            ,0,20000,-20000,0,0,0,0,0,0,0,0,0,0,0,0,0,-20000
08356P,聯發科元大9C售08,0,0,0,0,0,0,0,0,0,-20000,0,0,0,0,20000,-20000,-20000
1432,大魯閣          ,0,20000,-20000,0,0,0,0,0,0,0,0,0,0,0,0,0,-20000
2029,盛餘            ,2000,21000,-19000,0,0,0,0,0,0,-1000,0,1000,-1000,0,0,0,-20000
054357,可成兆豐97購02  ,0,0,0,0,0,0,0,0,0,-20000,0,0,0,20000,40000,-20000,-20000
054273,宏達電中信98購01,0,0,0,0,0,0,0,0,0,-20000,0,0,0,0,20000,-20000,-20000
054279,揚明光群益98購01,0,0,0,0,0,0,0,0,0,-20000,0,0,0,0,20000,-20000,-20000
054586,健鼎國泰99購01  ,0,0,0,0,0,0,0,0,0,-20000,0,0,0,0,20000,-20000,-20000
057458,TPK富邦9A購01   ,0,0,0,0,0,0,0,0,0,-20000,0,0,0,0,20000,-20000,-20000
056432,鴻海凱基98購08  ,0,0,0,0,0,0,0,0,0,-20000,0,0,0,0,20000,-20000,-20000
056450,可成凱基98購05  ,0,0,0,0,0,0,0,0,0,-20000,0,0,0,80000,100000,-20000,-20000
056416,華新科中信98購01,0,0,0,0,0,0,0,0,0,-20000,0,0,0,0,20000,-20000,-20000
053706,S&P反1凱基99購01,0,0,0,0,0,0,0,0,0,-20000,0,0,0,0,20000,-20000,-20000
051911,大立光元大98購02,0,0,0,0,0,0,0,0,0,-20000,0,0,0,0,20000,-20000,-20000
051510,新光金中信97購01,0,0,0,0,0,0,0,0,0,-20000,0,0,0,0,20000,-20000,-20000
00682U,元大美元指數    ,0,0,0,0,0,0,0,0,0,-20000,0,0,0,0,20000,-20000,-20000
05207P,高股息中信97售03,0,0,0,0,0,0,0,0,0,-20000,0,0,0,0,20000,-20000,-20000
054955,宏達電元大98購01,0,0,0,0,0,0,0,0,0,-20000,0,0,0,0,20000,-20000,-20000
053134,南亞科國票97購01,0,0,0,0,0,0,0,0,0,-20000,0,0,0,0,20000,-20000,-20000
05305P,華新科國泰97售01,0,0,0,0,0,0,0,0,0,-20000,0,0,0,50000,70000,-20000,-20000
053063,力山群益98購01  ,0,0,0,0,0,0,0,0,0,-20000,0,0,0,58000,78000,-20000,-20000
042168,台灣50凱基96購01,0,0,0,0,0,0,0,0,0,-20000,0,0,0,0,20000,-20000,-20000
04437P,滬深2X群益98售03,0,0,0,0,0,0,0,0,0,-20000,0,0,0,0,20000,-20000,-20000
047504,滬深2X國票9A購01,0,0,0,0,0,0,0,0,0,-20000,0,0,0,0,20000,-20000,-20000
050754,元金2X元富9B購01,0,0,0,0,0,0,0,0,0,-20000,0,0,0,0,20000,-20000,-20000
054883,億光統一97購01  ,0,0,0,0,0,0,0,0,0,-20000,0,0,0,0,20000,-20000,-20000
050014,國巨富邦98購01  ,0,0,0,0,0,0,0,0,0,-20000,0,0,0,0,20000,-20000,-20000
050303,S&P反1中信96購01,0,0,0,0,0,0,0,0,0,-20000,0,0,0,0,20000,-20000,-20000
059539,緯穎凱基99購03  ,0,0,0,0,0,0,0,0,0,-20000,0,0,0,30000,50000,-20000,-20000
060048,元金2X凱基99購03,0,0,0,0,0,0,0,0,0,-20000,0,0,0,30000,50000,-20000,-20000
056207,茂林永豐97購03  ,0,0,0,0,0,0,0,0,0,-20000,0,0,0,0,20000,-20000,-20000
056928,旺宏台新98購01  ,0,0,0,0,0,0,0,0,0,-20000,0,0,0,0,20000,-20000,-20000
055515,聚陽中信9A購01  ,0,0,0,0,0,0,0,0,0,-20000,0,0,0,0,20000,-20000,-20000
056667,上銀國票99購01  ,0,0,0,0,0,0,0,0,0,-20000,0,0,0,0,20000,-20000,-20000
056573,華新科元大99購06,0,0,0,0,0,0,0,0,0,-20000,0,0,0,20000,40000,-20000,-20000
057659,台表科兆豐98購01,0,0,0,0,0,0,0,0,0,-20000,0,0,0,0,20000,-20000,-20000
055688,力成凱基98購02  ,0,0,0,0,0,0,0,0,0,-20000,0,0,0,0,20000,-20000,-20000
056847,佐登元富98購01  ,0,0,0,0,0,0,0,0,0,-20000,0,0,0,0,20000,-20000,-20000
056858,國巨群益99購03  ,0,0,0,0,0,0,0,0,0,-20000,0,0,0,0,20000,-20000,-20000
057304,為升兆豐99購02  ,0,0,0,0,0,0,0,0,0,-20000,0,0,0,0,20000,-20000,-20000
061540,台積電群益9A購07,0,0,0,0,0,0,0,0,0,-20000,0,0,0,7000,27000,-20000,-20000
061454,國巨凱基9A購16  ,0,0,0,0,0,0,0,0,0,-20000,0,0,0,0,20000,-20000,-20000
061654,旺宏國票9A購02  ,0,0,0,0,0,0,0,0,0,-20000,0,0,0,0,20000,-20000,-20000
058888,元油2X元大99購16,0,0,0,0,0,0,0,0,0,-20000,0,0,0,0,20000,-20000,-20000
058889,元油2X元大9C購05,0,0,0,0,0,0,0,0,0,-20000,0,0,0,0,20000,-20000,-20000
058852,貿聯群益99購04  ,0,0,0,0,0,0,0,0,0,-20000,0,0,0,0,20000,-20000,-20000
057842,緯穎富邦99購02  ,0,0,0,0,0,0,0,0,0,-20000,0,0,0,0,20000,-20000,-20000
059124,台積電第一03購01,0,0,0,0,0,0,0,0,0,-20000,0,0,0,0,20000,-20000,-20000
059204,台灣50元大01購02,0,0,0,0,0,0,0,0,0,-20000,0,0,0,0,20000,-20000,-20000
057773,技嘉群益9A購02  ,0,0,0,0,0,0,0,0,0,-20000,0,0,0,64000,84000,-20000,-20000
059829,超眾凱基99購05  ,0,0,0,0,0,0,0,0,0,-20000,0,0,0,0,20000,-20000,-20000
059761,國巨永豐99購06  ,0,0,0,0,0,0,0,0,0,-20000,0,0,0,0,20000,-20000,-20000
059719,台積電元大99購42,0,0,0,0,0,0,0,0,0,-20000,0,0,0,7000,27000,-20000,-20000
058997,鴻海元大99購21  ,0,0,0,0,0,0,0,0,0,-20000,0,0,0,0,20000,-20000,-20000
061201,FBVIX元大01購03 ,0,0,0,0,0,0,0,0,0,-20000,0,0,0,10000,30000,-20000,-20000
061191,可成永豐9A購02  ,0,0,0,0,0,0,0,0,0,-20000,0,0,0,10000,30000,-20000,-20000
05957P,友達國票97售04  ,0,0,0,0,0,0,0,0,0,-20000,0,0,0,0,20000,-20000,-20000
060815,茂林凱基9B購01  ,0,0,0,0,0,0,0,0,0,-20000,0,0,0,20000,40000,-20000,-20000
060721,瑞儀永豐9A購01  ,0,0,0,0,0,0,0,0,0,-20000,0,0,0,98000,118000,-20000,-20000
060717,康控永豐9A購01  ,0,0,0,0,0,0,0,0,0,-20000,0,0,0,0,20000,-20000,-20000
060875,華通中信02購01  ,0,0,0,0,0,0,0,0,0,-20000,0,0,0,0,20000,-20000,-20000
060897,健策凱基9A購04  ,0,0,0,0,0,0,0,0,0,-20000,0,0,0,1000,21000,-20000,-20000
061007,聯詠兆豐9A購01  ,0,0,0,0,0,0,0,0,0,-20000,0,0,0,0,20000,-20000,-20000
058257,聯陽國泰9B購01  ,0,0,0,0,0,0,0,0,0,-20000,0,0,0,10000,30000,-20000,-20000
058264,瑞昱永豐99購01  ,0,0,0,0,0,0,0,0,0,-20000,0,0,0,0,20000,-20000,-20000
058151,台積電統一9A購04,0,0,0,0,0,0,0,0,0,-20000,0,0,0,0,20000,-20000,-20000
058067,台積電第一9C購01,0,0,0,0,0,0,0,0,0,-20000,0,0,0,0,20000,-20000,-20000
058071,大立光凱基98購19,0,0,0,0,0,0,0,0,0,-20000,0,0,0,0,20000,-20000,-20000
063823,T50反1國票01購02,0,0,0,0,0,0,0,0,0,-20000,0,0,0,155000,175000,-20000,-20000
064305,健鼎兆豐9C購02  ,0,0,0,0,0,0,0,0,0,-20000,0,0,0,10000,30000,-20000,-20000
064295,聚陽國票01購01  ,0,0,0,0,0,0,0,0,0,-20000,0,0,0,69000,89000,-20000,-20000
064221,華通國票01購01  ,0,0,0,0,0,0,0,0,0,-20000,0,0,0,0,20000,-20000,-20000
06339P,上銀統一97售06  ,0,0,0,0,0,0,0,0,0,-20000,0,0,0,0,20000,-20000,-20000
063319,神達群益9B購01  ,0,0,0,0,0,0,0,0,0,-20000,0,0,0,80000,100000,-20000,-20000
063746,上銀國票9C購01  ,0,0,0,0,0,0,0,0,0,-20000,0,0,0,0,20000,-20000,-20000
063542,泰鼎元富9B購02  ,0,0,0,0,0,0,0,0,0,-20000,0,0,0,531000,551000,-20000,-20000
06353P,電子類富邦99售02,0,0,0,0,0,0,0,0,0,-20000,0,0,0,50000,70000,-20000,-20000
062934,大成鋼凱基9B購02,0,0,0,0,0,0,0,0,0,-20000,0,0,0,56000,76000,-20000,-20000
062842,臺股指群益9B購09,0,0,0,0,0,0,0,0,0,-20000,0,0,0,0,20000,-20000,-20000
063138,聯發科統一01購05,0,0,0,0,0,0,0,0,0,-20000,0,0,0,22000,42000,-20000,-20000
063022,嘉晶元大9B購04  ,0,0,0,0,0,0,0,0,0,-20000,0,0,0,51000,71000,-20000,-20000
063028,巨大元大9B購02  ,0,0,0,0,0,0,0,0,0,-20000,0,0,0,10000,30000,-20000,-20000
062757,華通凱基9B購02  ,0,0,0,0,0,0,0,0,0,-20000,0,0,0,0,20000,-20000,-20000
062769,臺股指凱基9B購13,0,0,0,0,0,0,0,0,0,-20000,0,0,0,0,20000,-20000,-20000
062746,致伸永豐9B購01  ,0,0,0,0,0,0,0,0,0,-20000,0,0,0,0,20000,-20000,-20000
062568,緯穎中信9C購01  ,0,0,0,0,0,0,0,0,0,-20000,0,0,0,3000,23000,-20000,-20000
061934,台積電國票9B購06,0,0,0,0,0,0,0,0,0,-20000,0,0,0,30000,50000,-20000,-20000
062311,奇力新凱基9B購01,0,0,0,0,0,0,0,0,0,-20000,0,0,0,0,20000,-20000,-20000
2302,麗正            ,0,20000,-20000,0,0,0,0,0,0,-1000,0,1000,-1000,0,0,0,-21000
1614,三洋電          ,5000,26000,-21000,0,0,0,0,0,0,0,0,0,0,0,0,0,-21000
1517,利奇            ,103000,123000,-20000,0,0,0,0,0,0,-1000,0,1000,-1000,0,0,0,-21000
08210P,健策元富9B售02  ,0,0,0,0,0,0,0,0,0,-21000,0,0,0,210000,231000,-21000,-21000
2468,華經            ,71000,92000,-21000,0,0,0,0,0,0,0,0,0,0,0,0,0,-21000
2538,基泰            ,80000,101000,-21000,0,0,0,0,0,0,0,0,0,0,0,0,0,-21000
2530,華建            ,28000,47000,-19000,0,0,0,0,0,0,-2000,0,2000,-2000,0,0,0,-21000
07385P,緯穎群益99售04  ,0,0,0,0,0,0,0,0,0,-21000,0,0,0,0,21000,-21000,-21000
057206,立積元富98購01  ,0,0,0,0,0,0,0,0,0,-21000,0,0,0,26000,47000,-21000,-21000
055029,帆宣國泰99購01  ,0,0,0,0,0,0,0,0,0,-21000,0,0,0,39000,60000,-21000,-21000
052003,泰碩國泰97購02  ,0,0,0,0,0,0,0,0,0,-21000,0,0,0,0,21000,-21000,-21000
051266,國巨富邦99購01  ,0,0,0,0,0,0,0,0,0,-21000,0,0,0,39000,60000,-21000,-21000
053609,華新中信9A購01  ,0,0,0,0,0,0,0,0,0,-21000,0,0,0,0,21000,-21000,-21000
061041,南電永豐9A購03  ,0,0,0,0,0,0,0,0,0,-21000,0,0,0,9000,30000,-21000,-21000
060932,南六永豐9A購02  ,0,0,0,0,0,0,0,0,0,-21000,0,0,0,0,21000,-21000,-21000
060602,京元電凱基9A購01,0,0,0,0,0,0,0,0,0,-21000,0,0,0,31000,52000,-21000,-21000
060534,友達麥證9A購01  ,0,0,0,14000,35000,-21000,0,0,0,-21000,0,0,0,14000,35000,-21000,-21000
059008,鈺齊元大99購03  ,0,0,0,0,0,0,0,0,0,-21000,0,0,0,101000,122000,-21000,-21000
057735,台灣50富邦9C購02,0,0,0,0,0,0,0,0,0,-21000,0,0,0,4000,25000,-21000,-21000
058802,矽創元大99購02  ,0,0,0,0,0,0,0,0,0,-21000,0,0,0,15000,36000,-21000,-21000
061847,力山國票9B購01  ,0,0,0,0,0,0,0,0,0,-21000,0,0,0,41000,62000,-21000,-21000
061912,台積電中信05購05,0,0,0,0,0,0,0,0,0,-21000,0,0,0,2000,23000,-21000,-21000
063620,奇力新兆豐9B購01,0,0,0,0,0,0,0,0,0,-21000,0,0,0,0,21000,-21000,-21000
08051P,臺股指國票9B售16,0,0,0,0,0,0,0,0,0,-22000,0,0,0,0,22000,-22000,-22000
06583P,可成凱基98售07  ,0,0,0,0,0,0,0,0,0,-22000,0,0,0,0,22000,-22000,-22000
064835,嘉晶統一02購01  ,0,0,0,0,0,0,0,0,0,-22000,0,0,0,0,22000,-22000,-22000
064526,臺股指群益9C購11,0,0,0,0,0,0,0,0,0,-22000,0,0,0,0,22000,-22000,-22000
064435,聯發科凱基02購03,0,0,0,0,0,0,0,0,0,-22000,0,0,0,2000,24000,-22000,-22000
6184,大豐電          ,0,22000,-22000,0,0,0,0,0,0,0,0,0,0,0,0,0,-22000
08145P,台灣50群益9B售11,0,0,0,0,0,0,0,0,0,-22000,0,0,0,142000,164000,-22000,-22000
08411P,技嘉凱基9C售01  ,0,0,0,0,0,0,0,0,0,-22000,0,0,0,0,22000,-22000,-22000
1463,強盛            ,0,20000,-20000,0,0,0,0,0,0,-2000,0,2000,-2000,0,0,0,-22000
1537,廣隆            ,16000,38000,-22000,0,0,0,0,0,0,0,0,0,0,0,0,0,-22000
052917,大立光富邦99購02,0,0,0,0,0,0,0,0,0,-22000,0,0,0,0,22000,-22000,-22000
00735,國泰臺韓科技    ,0,26000,-26000,0,0,0,0,0,0,4000,0,0,0,310000,306000,4000,-22000
055026,健和興國泰98購01,0,0,0,0,0,0,0,0,0,-22000,0,0,0,8000,30000,-22000,-22000
057401,晶豪科群益99購01,0,0,0,0,0,0,0,0,0,-22000,0,0,0,50000,72000,-22000,-22000
059042,世紀鋼群益99購02,0,0,0,0,0,0,0,0,0,-22000,0,0,0,0,22000,-22000,-22000
059067,上銀國票9A購02  ,0,0,0,0,0,0,0,0,0,-22000,0,0,0,0,22000,-22000,-22000
060618,玉晶光元大9A購02,0,0,0,0,0,0,0,0,0,-22000,0,0,0,20000,42000,-22000,-22000
060983,南亞科元大9A購06,0,0,0,0,0,0,0,0,0,-22000,0,0,0,50000,72000,-22000,-22000
063331,瑞儀國票9C購01  ,0,0,0,0,0,0,0,0,0,-22000,0,0,0,10000,32000,-22000,-22000
06378P,國巨統一97售08  ,0,0,0,0,0,0,0,0,0,-22000,0,0,0,40000,62000,-22000,-22000
063954,世芯元大01購02  ,0,0,0,0,0,0,0,0,0,-22000,0,0,0,282000,304000,-22000,-22000
062772,T50反1元大9B購06,0,0,0,0,0,0,0,0,0,-22000,0,0,0,0,22000,-22000,-22000
063047,大立光兆豐9B購03,0,0,0,0,0,0,0,0,0,-22000,0,0,0,2000,24000,-22000,-22000
062803,嘉晶統一9B購02  ,0,0,0,0,0,0,0,0,0,-22000,0,0,0,0,22000,-22000,-22000
1416,廣豐            ,0,23000,-23000,0,0,0,0,0,0,0,0,0,0,0,0,0,-23000
6281,全國電          ,16000,37000,-21000,0,0,0,0,0,0,-2000,0,2000,-2000,0,0,0,-23000
4989,榮科            ,7000,29000,-22000,0,0,0,0,0,0,-1000,0,1000,-1000,0,0,0,-23000
4994,傳奇            ,16000,21000,-5000,0,0,0,0,0,0,-18000,0,18000,-18000,0,0,0,-23000
2616,山隆            ,29000,52000,-23000,0,0,0,0,0,0,0,0,0,0,0,0,0,-23000
064809,冠德元大9C購01  ,0,0,0,0,0,0,0,0,0,-23000,0,0,0,0,23000,-23000,-23000
064815,台表科元大01購01,0,0,0,0,0,0,0,0,0,-23000,0,0,0,7000,30000,-23000,-23000
07546P,玉晶光凱基9A售09,0,0,0,0,0,0,0,0,0,-23000,0,0,0,33000,56000,-23000,-23000
07163P,臺股指群益99售14,0,0,0,0,0,0,0,0,0,-23000,0,0,0,87000,110000,-23000,-23000
055973,亞德客統一97購01,0,0,0,0,0,0,0,0,0,-23000,0,0,0,396000,419000,-23000,-23000
059525,上銀凱基99購08  ,0,0,0,0,0,0,0,0,0,-23000,0,0,0,0,23000,-23000,-23000
058480,新日興凱基9A購01,0,0,0,0,0,0,0,0,0,-23000,0,0,0,48000,71000,-23000,-23000
03428B,臺股指凱基97熊18,0,0,0,0,0,0,0,0,0,-23000,0,0,0,0,23000,-23000,-23000
00710B,FH彭博高收益債  ,0,30000,-30000,0,0,0,0,0,0,7000,0,0,0,144000,137000,7000,-23000
053378,台積電元大98購02,0,0,0,0,0,0,0,0,0,-23000,0,0,0,13000,36000,-23000,-23000
060880,中壽中信9C購01  ,0,0,0,0,0,0,0,0,0,-23000,0,0,0,7000,30000,-23000,-23000
062453,聚陽群益9C購01  ,0,0,0,0,0,0,0,0,0,-23000,0,0,0,50000,73000,-23000,-23000
064014,貿聯國票01購01  ,0,0,0,0,0,0,0,0,0,-23000,0,0,0,22000,45000,-23000,-23000
9944,新麗            ,455000,477000,-22000,0,0,0,0,0,0,-1000,0,1000,-1000,0,0,0,-23000
08037P,台表科群益9B售02,0,0,0,0,0,0,0,0,0,-24000,0,0,0,7000,31000,-24000,-24000
07671P,超眾元大9A售04  ,0,0,0,0,0,0,0,0,0,-24000,0,0,0,0,24000,-24000,-24000
2535,達欣工          ,194000,73000,121000,0,0,0,0,0,0,-145000,0,145000,-145000,0,0,0,-24000
2496,卓越            ,0,24000,-24000,0,0,0,0,0,0,0,0,0,0,0,0,0,-24000
2816,旺旺保          ,8000,32000,-24000,0,0,0,0,0,0,0,0,0,0,0,0,0,-24000
1437,勤益控          ,5000,29000,-24000,0,0,0,0,0,0,0,0,0,0,0,0,0,-24000
08248P,旺宏群益9C售02  ,0,0,0,0,0,0,0,0,0,-24000,0,0,0,0,24000,-24000,-24000
054090,瑞昱群益97購01  ,0,0,0,0,0,0,0,0,0,-24000,0,0,0,0,24000,-24000,-24000
054768,泰碩國票99購02  ,0,0,0,0,0,0,0,0,0,-24000,0,0,0,0,24000,-24000,-24000
00770,國泰北美科技    ,0,8000,-8000,0,0,0,0,0,0,-16000,0,0,0,273000,289000,-16000,-24000
059882,臺股指凱基9C購06,0,0,0,0,0,0,0,0,0,-24000,0,0,0,71000,95000,-24000,-24000
060088,國巨元大99購30  ,0,0,0,0,0,0,0,0,0,-24000,0,0,0,2000,26000,-24000,-24000
055854,群創元大98購04  ,0,0,0,0,0,0,0,0,0,-24000,0,0,0,0,24000,-24000,-24000
058296,明泰凱基99購01  ,0,0,0,0,0,0,0,0,0,-24000,0,0,0,0,24000,-24000,-24000
058692,華邦電國票9B購01,0,0,0,0,0,0,0,0,0,-24000,0,0,0,20000,44000,-24000,-24000
060128,健策永豐99購06  ,0,0,0,0,0,0,0,0,0,-24000,0,0,0,1000,25000,-24000,-24000
061122,敬鵬永豐9A購01  ,0,0,0,0,0,0,0,0,0,-24000,0,0,0,17000,41000,-24000,-24000
060367,緯穎元富9A購02  ,0,0,0,0,0,0,0,0,0,-24000,0,0,0,148000,172000,-24000,-24000
059803,S&P正2元富9B購03,0,0,0,0,0,0,0,0,0,-24000,0,0,0,0,24000,-24000,-24000
057870,大立光凱基99購02,0,0,0,0,0,0,0,0,0,-24000,0,0,0,0,24000,-24000,-24000
063945,京元電元大9C購01,0,0,0,0,0,0,0,0,0,-24000,0,0,0,159000,183000,-24000,-24000
064215,康控凱基02購01  ,0,0,0,0,0,0,0,0,0,-24000,0,0,0,0,24000,-24000,-24000
063710,光寶科凱基9C購01,0,0,0,0,0,0,0,0,0,-24000,0,0,0,41000,65000,-24000,-24000
062907,可成元大9C購03  ,0,0,0,0,0,0,0,0,0,-24000,0,0,0,27000,51000,-24000,-24000
062047,緯穎凱基9B購01  ,0,0,0,0,0,0,0,0,0,-24000,0,0,0,56000,80000,-24000,-24000
062148,奇鋐國票9B購01  ,0,0,0,0,0,0,0,0,0,-24000,0,0,0,2000,26000,-24000,-24000
08131P,立積元大9B售02  ,0,0,0,0,0,0,0,0,0,-25000,0,0,0,1000,26000,-25000,-25000
08104P,晶技元大9B售06  ,0,0,0,0,0,0,0,0,0,-25000,0,0,0,0,25000,-25000,-25000
08344P,旺宏元大01售02  ,0,0,0,0,0,0,0,0,0,-25000,0,0,0,0,25000,-25000,-25000
08308P,聯發科凱基01售03,0,0,0,0,0,0,0,0,0,-25000,0,0,0,0,25000,-25000,-25000
1321,大洋            ,2000,27000,-25000,0,0,0,0,0,0,0,0,0,0,0,0,0,-25000
2239,英利-KY         ,128000,152000,-24000,0,0,0,0,0,0,-1000,0,1000,-1000,0,0,0,-25000
5288,豐祥-KY         ,18000,43000,-25000,0,0,0,0,0,0,0,0,0,0,0,0,0,-25000
4725,信昌化          ,0,25000,-25000,0,0,0,0,0,0,0,0,0,0,0,0,0,-25000
07999P,台達電凱基9B售02,0,0,0,0,0,0,0,0,0,-25000,0,0,0,27000,52000,-25000,-25000
07852P,臺股指國票9A售13,0,0,0,0,0,0,0,0,0,-25000,0,0,0,0,25000,-25000,-25000
07176P,臺股指凱基99售18,0,0,0,0,0,0,0,0,0,-25000,0,0,0,0,25000,-25000,-25000
07198P,臺股指元大99售14,0,0,0,0,0,0,0,0,0,-25000,0,0,0,0,25000,-25000,-25000
07531P,大立光國泰9B售03,0,0,0,0,0,0,0,0,0,-25000,0,0,0,0,25000,-25000,-25000
07518P,臺股指元大9B售09,0,0,0,0,0,0,0,0,0,-25000,0,0,0,0,25000,-25000,-25000
07328P,FBVIX國泰9B售01 ,0,0,0,0,0,0,0,0,0,-25000,0,0,0,0,25000,-25000,-25000
06677P,牧德國票98售02  ,0,0,0,0,0,0,0,0,0,-25000,0,0,0,0,25000,-25000,-25000
064419,鴻海兆豐9C購01  ,0,0,0,0,0,0,0,0,0,-25000,0,0,0,0,25000,-25000,-25000
064496,聯發科元大9C購10,0,0,0,0,0,0,0,0,0,-25000,0,0,0,362000,387000,-25000,-25000
064786,GIS群益9C購04   ,0,0,0,0,0,0,0,0,0,-25000,0,0,0,8000,33000,-25000,-25000
056290,正文永豐98購01  ,0,0,0,0,0,0,0,0,0,-25000,0,0,0,0,25000,-25000,-25000
060020,康控康和99購01  ,0,0,0,0,0,0,0,0,0,-25000,0,0,0,48000,73000,-25000,-25000
057440,台積電統一98購10,0,0,0,0,0,0,0,0,0,-25000,0,0,0,25000,50000,-25000,-25000
056540,聯詠凱基98購02  ,0,0,0,0,0,0,0,0,0,-25000,0,0,0,20000,45000,-25000,-25000
055002,群創元富99購04  ,0,0,0,0,0,0,0,0,0,-25000,0,0,0,0,25000,-25000,-25000
057872,旺宏元大99購06  ,0,0,0,0,0,0,0,0,0,-25000,0,0,0,1000,26000,-25000,-25000
058947,SGBR2X群益9B購02,0,0,0,0,0,0,0,0,0,-25000,0,0,0,5000,30000,-25000,-25000
059340,鴻海凱基9A購12  ,0,0,0,0,0,0,0,0,0,-25000,0,0,0,0,25000,-25000,-25000
059263,瑞昱中信01購01  ,0,0,0,0,0,0,0,0,0,-25000,0,0,0,22000,47000,-25000,-25000
060150,華通富邦9B購01  ,0,0,0,0,0,0,0,0,0,-25000,0,0,0,0,25000,-25000,-25000
060184,建準元富9A購01  ,0,0,0,0,0,0,0,0,0,-25000,0,0,0,0,25000,-25000,-25000
060542,上銀凱基9A購04  ,0,0,0,0,0,0,0,0,0,-25000,0,0,0,0,25000,-25000,-25000
062349,新日興群益9B購02,0,0,0,0,0,0,0,0,0,-25000,0,0,0,0,25000,-25000,-25000
062377,力成元大9B購01  ,0,0,0,0,0,0,0,0,0,-25000,0,0,0,28000,53000,-25000,-25000
061990,台勝科元大9C購01,0,0,0,0,0,0,0,0,0,-25000,0,0,0,5000,30000,-25000,-25000
061790,中租群益9B購01  ,0,0,0,0,0,0,0,0,0,-25000,0,0,0,30000,55000,-25000,-25000
063777,儒鴻永豐9B購02  ,0,0,0,0,0,0,0,0,0,-25000,0,0,0,0,25000,-25000,-25000
063185,聯發科凱基9C購03,0,0,0,0,0,0,0,0,0,-25000,0,0,0,35000,60000,-25000,-25000
06717P,可成元大98售09  ,0,0,0,0,0,0,0,0,0,-26000,0,0,0,1000,27000,-26000,-26000
07874P,長榮航群益9B售01,0,0,0,0,0,0,0,0,0,-26000,0,0,0,0,26000,-26000,-26000
07880P,可成群益9B售05  ,0,0,0,0,0,0,0,0,0,-26000,0,0,0,0,26000,-26000,-26000
07909P,台積電統一9B售12,0,0,0,0,0,0,0,0,0,-26000,0,0,0,0,26000,-26000,-26000
4545,銘鈺            ,2000,28000,-26000,0,0,0,0,0,0,0,0,0,0,0,0,0,-26000
8081,致新            ,276000,218000,58000,0,0,0,0,0,0,-84000,0,14000,-14000,0,70000,-70000,-26000
2359,所羅門          ,4000,25000,-21000,0,0,0,0,0,0,-5000,0,5000,-5000,0,0,0,-26000
1459,聯發            ,1000,26000,-25000,0,0,0,0,0,0,-1000,0,1000,-1000,0,0,0,-26000
1452,宏益            ,0,26000,-26000,0,0,0,0,0,0,0,0,0,0,0,0,0,-26000
08168P,金像電群益9B售03,0,0,0,0,0,0,0,0,0,-26000,0,0,0,64000,90000,-26000,-26000
00714,群益道瓊美國地產,0,21000,-21000,0,0,0,0,0,0,-5000,0,0,0,1031000,1036000,-5000,-26000
00700,富邦恒生國企    ,0,0,0,0,0,0,0,0,0,-26000,0,0,0,76000,102000,-26000,-26000
058577,南亞科群益99購02,0,0,0,0,0,0,0,0,0,-26000,0,0,0,9000,35000,-26000,-26000
058625,旺宏國票9A購01  ,0,0,0,0,0,0,0,0,0,-26000,0,0,0,0,26000,-26000,-26000
060982,旺宏元大9A購09  ,0,0,0,0,0,0,0,0,0,-26000,0,0,0,24000,50000,-26000,-26000
060419,漢翔永豐9A購01  ,0,0,0,0,0,0,0,0,0,-26000,0,0,0,62000,88000,-26000,-26000
059276,可成元大99購06  ,0,0,0,0,0,0,0,0,0,-26000,0,0,0,6000,32000,-26000,-26000
059280,台灣50永豐99購06,0,0,0,0,0,0,0,0,0,-26000,0,0,0,0,26000,-26000,-26000
057812,友達元大9A購05  ,0,0,0,0,0,0,0,0,0,-26000,0,0,0,0,26000,-26000,-26000
058702,國巨元大99購16  ,0,0,0,0,0,0,0,0,0,-26000,0,0,0,5000,31000,-26000,-26000
059693,智原永豐99購01  ,0,0,0,0,0,0,0,0,0,-26000,0,0,0,5000,31000,-26000,-26000
061509,SP黃豆富邦9C購01,0,0,0,0,0,0,0,0,0,-26000,0,0,0,85000,111000,-26000,-26000
063253,巨大元大9B購03  ,0,0,0,0,0,0,0,0,0,-26000,0,0,0,83000,109000,-26000,-26000
061908,台積電中信05購01,0,0,0,0,0,0,0,0,0,-26000,0,0,0,35000,61000,-26000,-26000
062093,台積電富邦9C購11,0,0,0,0,0,0,0,0,0,-26000,0,0,0,150000,176000,-26000,-26000
08307P,台積電凱基9C售03,0,0,0,0,0,0,0,0,0,-27000,0,0,0,3000,30000,-27000,-27000
08425P,世紀鋼元富9C售03,0,0,0,0,0,0,0,0,0,-27000,0,0,0,0,27000,-27000,-27000
2373,震旦行          ,1000,20000,-19000,0,0,0,0,0,0,-8000,0,8000,-8000,0,0,0,-27000
6477,安集            ,12000,37000,-25000,0,0,0,0,0,0,-2000,0,2000,-2000,0,0,0,-27000
4581,光隆精密-KY     ,0,26000,-26000,0,0,0,0,0,0,-1000,0,1000,-1000,0,0,0,-27000
4566,時碩工業        ,3000,30000,-27000,0,0,0,0,0,0,0,0,0,0,0,0,0,-27000
2911,麗嬰房          ,3000,30000,-27000,0,0,0,0,0,0,0,0,0,0,0,0,0,-27000
2528,皇普            ,1000,28000,-27000,0,0,0,0,0,0,0,1000,1000,0,0,0,0,-27000
2444,兆勁            ,0,17000,-17000,0,0,0,0,0,0,-10000,0,10000,-10000,0,0,0,-27000
07214P,聯發科凱基9A售04,0,0,0,0,0,0,0,0,0,-27000,0,0,0,0,27000,-27000,-27000
06864P,健策凱基98售01  ,0,0,0,0,0,0,0,0,0,-27000,0,0,0,96000,123000,-27000,-27000
07002P,鴻海兆豐99售04  ,0,0,0,0,0,0,0,0,0,-27000,0,0,0,0,27000,-27000,-27000
06467P,旺宏統一98售01  ,0,0,0,0,0,0,0,0,0,-27000,0,0,0,43000,70000,-27000,-27000
064650,台表科凱基03購01,0,0,0,0,0,0,0,0,0,-27000,0,0,0,0,27000,-27000,-27000
064622,晶技元大01購01  ,0,0,0,0,0,0,0,0,0,-27000,0,0,0,58000,85000,-27000,-27000
05749P,臺股指群益99售03,0,0,0,0,0,0,0,0,0,-27000,0,0,0,50000,77000,-27000,-27000
055773,瑞昱凱基97購03  ,0,0,0,0,0,0,0,0,0,-27000,0,0,0,20000,47000,-27000,-27000
061563,群創國票9B購02  ,0,0,0,0,0,0,0,0,0,-27000,0,0,0,0,27000,-27000,-27000
05889P,群創元大98售02  ,0,0,0,0,0,0,0,0,0,-27000,0,0,0,45000,72000,-27000,-27000
058428,大立光元富99購02,0,0,0,0,0,0,0,0,0,-27000,0,0,0,5000,32000,-27000,-27000
058263,大成鋼永豐99購01,0,0,0,0,0,0,0,0,0,-27000,0,0,0,0,27000,-27000,-27000
060541,正隆凱基9A購01  ,0,0,0,0,0,0,0,0,0,-27000,0,0,0,44000,71000,-27000,-27000
060126,創意永豐99購04  ,0,0,0,0,0,0,0,0,0,-27000,0,0,0,0,27000,-27000,-27000
06230P,亞德客永豐97售03,0,0,0,0,0,0,0,0,0,-27000,0,0,0,0,27000,-27000,-27000
063038,富邦金凱基9B購02,0,0,0,0,0,0,0,0,0,-27000,0,0,0,15000,42000,-27000,-27000
063625,儒鴻元大9B購03  ,0,0,0,0,0,0,0,0,0,-27000,0,0,0,89000,116000,-27000,-27000
064141,國巨統一01購08  ,0,0,0,0,0,0,0,0,0,-27000,0,0,0,116000,143000,-27000,-27000
8374,羅昇            ,3000,29000,-26000,0,0,0,0,0,0,-1000,0,1000,-1000,0,0,0,-27000
064537,健鼎國票01購02  ,0,0,0,0,0,0,0,0,0,-28000,0,0,0,35000,63000,-28000,-28000
06885P,國巨國票99售06  ,0,0,0,0,0,0,0,0,0,-28000,0,0,0,0,28000,-28000,-28000
07976P,聯發科群益9C售02,0,0,0,0,0,0,0,0,0,-28000,0,0,0,40000,68000,-28000,-28000
07637P,國巨國票9A售08  ,0,0,0,0,0,0,0,0,0,-28000,0,0,0,5000,33000,-28000,-28000
2305,全友            ,1000,28000,-27000,0,0,0,0,0,0,-1000,0,1000,-1000,0,0,0,-28000
08258P,旺宏元大9C售04  ,0,0,0,0,0,0,0,0,0,-28000,0,0,0,5000,33000,-28000,-28000
056585,台積電統一9A購01,0,0,0,0,0,0,0,0,0,-28000,0,0,0,0,28000,-28000,-28000
056828,國巨富邦9A購03  ,0,0,0,0,0,0,0,0,0,-28000,0,0,0,0,28000,-28000,-28000
056507,創意永豐98購02  ,0,0,0,0,0,0,0,0,0,-28000,0,0,0,27000,55000,-28000,-28000
061660,禾伸堂永豐9A購01,0,0,0,0,0,0,0,0,0,-28000,0,0,0,146000,174000,-28000,-28000
064098,正崴群益9C購01  ,0,0,0,0,0,0,0,0,0,-28000,0,0,0,19000,47000,-28000,-28000
063723,儒鴻元大9B購04  ,0,0,0,0,0,0,0,0,0,-28000,0,0,0,42000,70000,-28000,-28000
063579,GIS元大9C購01   ,0,0,0,0,0,0,0,0,0,-28000,0,0,0,47000,75000,-28000,-28000
063106,台表科群益9B購03,0,0,0,0,0,0,0,0,0,-28000,0,0,0,48000,76000,-28000,-28000
062880,大立光兆豐9B購02,0,0,0,0,0,0,0,0,0,-28000,0,0,0,0,28000,-28000,-28000
062559,嘉晶凱基9B購02  ,0,0,0,0,0,0,0,0,0,-28000,0,0,0,18000,46000,-28000,-28000
062738,可成國票9B購02  ,0,0,0,0,0,0,0,0,0,-28000,0,0,0,1000,29000,-28000,-28000
062111,台勝科國票9B購01,0,0,0,0,0,0,0,0,0,-28000,0,0,0,0,28000,-28000,-28000
08389P,技嘉國票9C售01  ,0,0,0,0,0,0,0,0,0,-29000,0,0,0,40000,69000,-29000,-29000
1528,恩德            ,46000,72000,-26000,0,0,0,0,0,0,-3000,0,3000,-3000,0,0,0,-29000
1442,名軒            ,1000,29000,-28000,0,0,0,0,0,0,-1000,0,1000,-1000,0,0,0,-29000
2477,美隆電          ,0,21000,-21000,0,0,0,0,0,0,-8000,0,8000,-8000,0,0,0,-29000
2390,云辰            ,3000,32000,-29000,0,0,0,0,0,0,0,0,0,0,0,0,0,-29000
3694,海華            ,9000,37000,-28000,0,0,0,0,0,0,-1000,0,1000,-1000,0,0,0,-29000
6668,中揚光          ,35000,63000,-28000,0,0,0,0,0,0,-1000,0,1000,-1000,0,0,0,-29000
07646P,世芯元大9A售04  ,0,0,0,0,0,0,0,0,0,-29000,0,0,0,316000,345000,-29000,-29000
08066P,南亞科凱基9B售04,0,0,0,0,0,0,0,0,0,-29000,0,0,0,20000,49000,-29000,-29000
07257P,臺股指凱基99售37,0,0,0,0,0,0,0,0,0,-29000,0,0,0,16000,45000,-29000,-29000
064856,GIS國泰02購01   ,0,0,0,0,0,0,0,0,0,-29000,0,0,0,26000,55000,-29000,-29000
057664,台積電元大9A購03,0,0,0,0,0,0,0,0,0,-29000,0,0,0,0,29000,-29000,-29000
057170,瑞昱元大98購01  ,0,0,0,0,0,0,0,0,0,-29000,0,0,0,21000,50000,-29000,-29000
055726,台表科元大98購03,0,0,0,0,0,0,0,0,0,-29000,0,0,0,4000,33000,-29000,-29000
057924,健策凱基98購02  ,0,0,0,0,0,0,0,0,0,-29000,0,0,0,23000,52000,-29000,-29000
059831,聯詠康和99購01  ,0,0,0,0,0,0,0,0,0,-29000,0,0,0,37000,66000,-29000,-29000
058639,南電兆豐99購01  ,0,0,0,0,0,0,0,0,0,-29000,0,0,0,75000,104000,-29000,-29000
060918,康友國泰9C購01  ,0,0,0,0,0,0,0,0,0,-29000,0,0,0,12000,41000,-29000,-29000
061936,旺宏國票9B購03  ,0,0,0,0,0,0,0,0,0,-29000,0,0,0,0,29000,-29000,-29000
062513,玉晶光國票9C購01,0,0,0,0,0,0,0,0,0,-29000,0,0,0,49000,78000,-29000,-29000
063514,南電麥證9C購01  ,0,0,0,27000,44000,-17000,0,0,0,-29000,0,0,0,31000,60000,-29000,-29000
063195,訊連元富9B購01  ,0,0,0,0,0,0,0,0,0,-29000,0,0,0,62000,91000,-29000,-29000
063959,GIS元大9C購02   ,0,0,0,0,0,0,0,0,0,-29000,0,0,0,119000,148000,-29000,-29000
063837,亞德客元大01購01,0,0,0,0,0,0,0,0,0,-29000,0,0,0,20000,49000,-29000,-29000
06539P,聯發科凱基98售12,0,0,0,0,0,0,0,0,0,-30000,0,0,0,0,30000,-30000,-30000
06615P,鴻海元大9C售02  ,0,0,0,0,0,0,0,0,0,-30000,0,0,0,0,30000,-30000,-30000
06622P,牧德元大98售01  ,0,0,0,0,0,0,0,0,0,-30000,0,0,0,0,30000,-30000,-30000
07000P,T50反1元大99售03,0,0,0,0,0,0,0,0,0,-30000,0,0,0,1000,31000,-30000,-30000
064723,大立光統一02購04,0,0,0,0,0,0,0,0,0,-30000,0,0,0,0,30000,-30000,-30000
07140P,台灣50日盛99售01,0,0,0,0,0,0,0,0,0,-30000,0,0,0,525000,555000,-30000,-30000
07362P,聯發科元大99售35,0,0,0,0,0,0,0,0,0,-30000,0,0,0,20000,50000,-30000,-30000
07515P,台積電元大9A售15,0,0,0,0,0,0,0,0,0,-30000,0,0,0,0,30000,-30000,-30000
08049P,臺股指國票9B售14,0,0,0,0,0,0,0,0,0,-30000,0,0,0,0,30000,-30000,-30000
08031P,臺股指元大9B售38,0,0,0,0,0,0,0,0,0,-30000,0,0,0,0,30000,-30000,-30000
08025P,臺股指凱基9B售11,0,0,0,0,0,0,0,0,0,-30000,0,0,0,0,30000,-30000,-30000
07991P,鴻海群益9C售02  ,0,0,0,0,0,0,0,0,0,-30000,0,0,0,31000,61000,-30000,-30000
07682P,聯發科凱基9A售15,0,0,0,0,0,0,0,0,0,-30000,0,0,0,0,30000,-30000,-30000
07748P,茂林凱基9A售04  ,0,0,0,0,0,0,0,0,0,-30000,0,0,0,0,30000,-30000,-30000
4141,龍燈-KY         ,2000,32000,-30000,0,0,0,0,0,0,0,0,0,0,0,0,0,-30000
2233,宇隆            ,17000,47000,-30000,0,0,0,0,0,0,0,0,0,0,0,0,0,-30000
08288P,鴻海統一9C售17  ,0,0,0,0,0,0,0,0,0,-30000,0,0,0,0,30000,-30000,-30000
08233P,國泰金元富9B售01,0,0,0,0,0,0,0,0,0,-30000,0,0,0,39000,69000,-30000,-30000
08171P,嘉澤國票9C售01  ,0,0,0,0,0,0,0,0,0,-30000,0,0,0,30000,60000,-30000,-30000
08156P,大立光元富9B售05,0,0,0,0,0,0,0,0,0,-30000,0,0,0,11000,41000,-30000,-30000
08094P,華新科元富9B售05,0,0,0,0,0,0,0,0,0,-30000,0,0,0,10000,40000,-30000,-30000
08118P,嘉澤元富9B售02  ,0,0,0,0,0,0,0,0,0,-30000,0,0,0,0,30000,-30000,-30000
055763,鎧勝群益97購01  ,0,0,0,0,0,0,0,0,0,-30000,0,0,0,147000,177000,-30000,-30000
055735,宏達電元富98購01,0,0,0,0,0,0,0,0,0,-30000,0,0,0,0,30000,-30000,-30000
055781,聯詠凱基98購01  ,0,0,0,0,0,0,0,0,0,-30000,0,0,0,20000,50000,-30000,-30000
055912,宏達電凱基98購03,0,0,0,0,0,0,0,0,0,-30000,0,0,0,0,30000,-30000,-30000
056222,台積電凱基9A購01,0,0,0,0,0,0,0,0,0,-30000,0,0,0,0,30000,-30000,-30000
059939,技嘉永豐99購01  ,0,0,0,0,0,0,0,0,0,-30000,0,0,0,10000,40000,-30000,-30000
060023,T50反1國泰9A購03,0,0,0,0,0,0,0,0,0,-30000,0,0,0,0,30000,-30000,-30000
059443,嘉聯益元大9B購01,0,0,0,0,0,0,0,0,0,-30000,0,0,0,0,30000,-30000,-30000
057135,立積凱基98購01  ,0,0,0,0,0,0,0,0,0,-30000,0,0,0,0,30000,-30000,-30000
056671,台灣50元富9A購01,0,0,0,0,0,0,0,0,0,-30000,0,0,0,0,30000,-30000,-30000
056494,緯創國泰99購01  ,0,0,0,0,0,0,0,0,0,-30000,0,0,0,0,30000,-30000,-30000
057474,T50反1元大98購09,0,0,0,0,0,0,0,0,0,-30000,0,0,0,0,30000,-30000,-30000
057498,台郡元大98購04  ,0,0,0,0,0,0,0,0,0,-30000,0,0,0,0,30000,-30000,-30000
056380,麗豐元富98購01  ,0,0,0,0,0,0,0,0,0,-30000,0,0,0,0,30000,-30000,-30000
055357,欣興凱基97購04  ,0,0,0,0,0,0,0,0,0,-30000,0,0,0,0,30000,-30000,-30000
054446,美食兆豐97購01  ,0,0,0,0,0,0,0,0,0,-30000,0,0,0,0,30000,-30000,-30000
054130,漢唐元大97購02  ,0,0,0,0,0,0,0,0,0,-30000,0,0,0,10000,40000,-30000,-30000
052827,昇陽半永豐97購01,0,0,0,0,0,0,0,0,0,-30000,0,0,0,0,30000,-30000,-30000
052203,T50反1中信99購03,0,0,0,0,0,0,0,0,0,-30000,0,0,0,40000,70000,-30000,-30000
052619,茂林國泰99購01  ,0,0,0,0,0,0,0,0,0,-30000,0,0,0,0,30000,-30000,-30000
054961,玉晶光元大99購01,0,0,0,0,0,0,0,0,0,-30000,0,0,0,0,30000,-30000,-30000
053036,聯電凱基98購01  ,0,0,0,0,0,0,0,0,0,-30000,0,0,0,0,30000,-30000,-30000
053181,滬深2X元富99購02,0,0,0,0,0,0,0,0,0,-30000,0,0,0,0,30000,-30000,-30000
053092,台表科元大97購02,0,0,0,0,0,0,0,0,0,-30000,0,0,0,0,30000,-30000,-30000
03448B,臺股指元大9C熊11,0,0,0,0,0,0,0,0,0,-30000,0,0,0,5000,35000,-30000,-30000
058038,滬深反元大98購01,0,0,0,0,0,0,0,0,0,-30000,0,0,0,0,30000,-30000,-30000
058015,旺宏凱基99購02  ,0,0,0,0,0,0,0,0,0,-30000,0,0,0,0,30000,-30000,-30000
058297,茂林凱基9A購02  ,0,0,0,0,0,0,0,0,0,-30000,0,0,0,20000,50000,-30000,-30000
060130,瀚宇博永豐99購02,0,0,0,0,0,0,0,0,0,-30000,0,0,0,0,30000,-30000,-30000
060452,儒鴻元大9A購01  ,0,0,0,0,0,0,0,0,0,-30000,0,0,0,13000,43000,-30000,-30000
059654,T50反1元大99購09,0,0,0,0,0,0,0,0,0,-30000,0,0,0,0,30000,-30000,-30000
059860,台積電群益9A購02,0,0,0,0,0,0,0,0,0,-30000,0,0,0,55000,85000,-30000,-30000
059788,華新科元大9A購05,0,0,0,0,0,0,0,0,0,-30000,0,0,0,0,30000,-30000,-30000
059194,元金2X永豐99購01,0,0,0,0,0,0,0,0,0,-30000,0,0,0,0,30000,-30000,-30000
059137,電子類群益99購01,0,0,0,0,0,0,0,0,0,-30000,0,0,0,0,30000,-30000,-30000
063936,道瓊反元大9C購02,0,0,0,0,0,0,0,0,0,-30000,0,0,0,0,30000,-30000,-30000
064082,緯創中信06購01  ,0,0,0,0,0,0,0,0,0,-30000,0,0,0,0,30000,-30000,-30000
064078,台積電中信06購04,0,0,0,0,0,0,0,0,0,-30000,0,0,0,19000,49000,-30000,-30000
064089,新日興凱基02購01,0,0,0,0,0,0,0,0,0,-30000,0,0,0,0,30000,-30000,-30000
064121,國巨元大9C購16  ,0,0,0,0,0,0,0,0,0,-30000,0,0,0,30000,60000,-30000,-30000
063580,立積國泰9C購01  ,0,0,0,0,0,0,0,0,0,-30000,0,0,0,157000,187000,-30000,-30000
063659,世紀鋼元富9B購01,0,0,0,0,0,0,0,0,0,-30000,0,0,0,20000,50000,-30000,-30000
062658,聯茂第一9B購01  ,0,0,0,0,0,0,0,0,0,-30000,0,0,0,50000,80000,-30000,-30000
062040,玉晶光凱基01購01,0,0,0,0,0,0,0,0,0,-30000,0,0,0,0,30000,-30000,-30000
061876,明泰元大9B購01  ,0,0,0,0,0,0,0,0,0,-30000,0,0,0,60000,90000,-30000,-30000
061780,國巨群益9C購01  ,0,0,0,0,0,0,0,0,0,-30000,0,0,0,0,30000,-30000,-30000
062116,元金2X第一9B購01,0,0,0,0,0,0,0,0,0,-30000,0,0,0,0,30000,-30000,-30000
062127,台勝科統一01購02,0,0,0,0,0,0,0,0,0,-30000,0,0,0,0,30000,-30000,-30000
062316,康控凱基9B購03  ,0,0,0,0,0,0,0,0,0,-30000,0,0,0,0,30000,-30000,-30000
8462,柏文            ,27000,48000,-21000,0,0,0,0,0,0,-9000,0,0,0,0,9000,-9000,-30000
08144P,臺股指凱基02售03,0,0,0,0,0,0,0,0,0,-31000,0,0,0,0,31000,-31000,-31000
08297P,寶成元大9C售01  ,0,0,0,0,0,0,0,0,0,-31000,0,0,0,10000,41000,-31000,-31000
2114,鑫永銓          ,2000,27000,-25000,0,0,0,0,0,0,-6000,0,6000,-6000,0,0,0,-31000
2007,燁興            ,0,30000,-30000,0,0,0,0,0,0,-1000,0,1000,-1000,0,0,0,-31000
1732,毛寶            ,193000,253000,-60000,0,0,0,0,0,0,29000,0,3000,-3000,32000,0,32000,-31000
3679,新至陞          ,2000,33000,-31000,0,0,0,0,0,0,0,0,0,0,0,0,0,-31000
3617,碩天            ,20000,49000,-29000,0,0,0,0,0,0,-2000,0,3000,-3000,1000,0,1000,-31000
2419,仲琦            ,47000,77000,-30000,0,0,0,0,0,0,-1000,0,1000,-1000,0,0,0,-31000
2506,太設            ,1000,32000,-31000,0,0,0,0,0,0,0,0,0,0,0,0,0,-31000
07944P,華新科元大9B售08,0,0,0,0,0,0,0,0,0,-31000,0,0,0,44000,75000,-31000,-31000
07878P,智邦群益9C售01  ,0,0,0,0,0,0,0,0,0,-31000,0,0,0,12000,43000,-31000,-31000
064436,聯發科凱基03購02,0,0,0,0,0,0,0,0,0,-31000,0,0,0,60000,91000,-31000,-31000
06658P,台灣50富邦9C售01,0,0,0,0,0,0,0,0,0,-31000,0,0,0,38000,69000,-31000,-31000
055320,建準國票98購01  ,0,0,0,0,0,0,0,0,0,-31000,0,0,0,0,31000,-31000,-31000
057523,大成鋼元大99購01,0,0,0,0,0,0,0,0,0,-31000,0,0,0,103000,134000,-31000,-31000
056477,欣興元大98購02  ,0,0,0,0,0,0,0,0,0,-31000,0,0,0,43000,74000,-31000,-31000
060019,彰銀康和99購01  ,0,0,0,0,0,0,0,0,0,-31000,0,0,0,0,31000,-31000,-31000
055980,祥碩統一98購01  ,0,0,0,0,0,0,0,0,0,-31000,0,0,0,10000,41000,-31000,-31000
05582P,群創凱基98售06  ,0,0,0,0,0,0,0,0,0,-31000,0,0,0,40000,71000,-31000,-31000
05692P,聯發科中信9A售02,0,0,0,0,0,0,0,0,0,-31000,0,0,0,120000,151000,-31000,-31000
059093,旭富元大99購01  ,0,0,0,0,0,0,0,0,0,-31000,0,0,0,360000,391000,-31000,-31000
058836,FBVIX中信03購05 ,0,0,0,0,0,0,0,0,0,-31000,0,0,0,138000,169000,-31000,-31000
061358,世紀鋼元大9A購04,0,0,0,0,0,0,0,0,0,-31000,0,0,0,4000,35000,-31000,-31000
061721,道瓊反富邦9B購01,0,0,0,0,0,0,0,0,0,-31000,0,0,0,0,31000,-31000,-31000
060258,T50反1凱基9A購06,0,0,0,0,0,0,0,0,0,-31000,0,0,0,0,31000,-31000,-31000
062411,玉晶光第一9B購01,0,0,0,0,0,0,0,0,0,-31000,0,0,0,8000,39000,-31000,-31000
062050,亞德客統一9C購01,0,0,0,0,0,0,0,0,0,-31000,0,0,0,5000,36000,-31000,-31000
062865,臺股指國票9B購22,0,0,0,0,0,0,0,0,0,-31000,0,0,0,21000,52000,-31000,-31000
063630,智邦元大9B購09  ,0,0,0,0,0,0,0,0,0,-31000,0,0,0,197000,228000,-31000,-31000
8473,山林水          ,0,31000,-31000,0,0,0,0,0,0,0,0,0,0,0,0,0,-31000
07178P,臺股指凱基99售20,0,0,0,0,0,0,0,0,0,-32000,0,0,0,4000,36000,-32000,-32000
3031,佰鴻            ,4000,35000,-31000,0,0,0,0,0,0,-1000,0,1000,-1000,0,0,0,-32000
05627P,致伸國票97售01  ,0,0,0,0,0,0,0,0,0,-32000,0,0,0,0,32000,-32000,-32000
059979,台積電元大99購49,0,0,0,0,0,0,0,0,0,-32000,0,0,0,3000,35000,-32000,-32000
059928,道瓊銀富邦03購01,0,0,0,0,0,0,0,0,0,-32000,0,0,0,0,32000,-32000,-32000
057190,立積元大9A購02  ,0,0,0,0,0,0,0,0,0,-32000,0,0,0,100000,132000,-32000,-32000
053458,聯詠國泰97購01  ,0,0,0,0,0,0,0,0,0,-32000,0,0,0,8000,40000,-32000,-32000
059659,旺宏元大9A購03  ,0,0,0,0,0,0,0,0,0,-32000,0,0,0,0,32000,-32000,-32000
060430,和潤永豐9A購01  ,0,0,0,0,0,0,0,0,0,-32000,0,0,0,23000,55000,-32000,-32000
058900,旺宏元大99購11  ,0,0,0,0,0,0,0,0,0,-32000,0,0,0,71000,103000,-32000,-32000
059092,聯陽元大99購01  ,0,0,0,0,0,0,0,0,0,-32000,0,0,0,2000,34000,-32000,-32000
058735,南茂永豐99購01  ,0,0,0,0,0,0,0,0,0,-32000,0,0,0,30000,62000,-32000,-32000
063336,大成鋼統一9C購02,0,0,0,0,0,0,0,0,0,-32000,0,0,0,229000,261000,-32000,-32000
3057,喬鼎            ,1000,33000,-32000,0,0,0,0,0,0,-1000,0,1000,-1000,0,0,0,-33000
5225,東科-KY         ,14000,47000,-33000,0,0,0,0,0,0,0,0,0,0,0,0,0,-33000
06803P,臺股指群益98售09,0,0,0,0,0,0,0,0,0,-33000,0,0,0,0,33000,-33000,-33000
03427B,臺股指元大9A熊02,0,0,0,0,0,0,0,0,0,-33000,0,0,0,30000,63000,-33000,-33000
00736,國泰新興市場    ,0,0,0,0,0,0,0,0,0,-33000,0,0,0,114000,147000,-33000,-33000
006206,元大上證50      ,0,26000,-26000,0,0,0,0,0,0,-7000,0,0,0,181000,188000,-7000,-33000
059100,元油2X統一9C購02,0,0,0,0,0,0,0,0,0,-33000,0,0,0,152000,185000,-33000,-33000
05901P,臺股指凱基9C售01,0,0,0,0,0,0,0,0,0,-33000,0,0,0,0,33000,-33000,-33000
060698,旺宏國泰9C購01  ,0,0,0,0,0,0,0,0,0,-33000,0,0,0,20000,53000,-33000,-33000
063206,貿聯統一9C購02  ,0,0,0,0,0,0,0,0,0,-33000,0,0,0,22000,55000,-33000,-33000
062469,旺宏凱基9B購05  ,0,0,0,0,0,0,0,0,0,-33000,0,0,0,55000,88000,-33000,-33000
062575,景碩群益9B購01  ,0,0,0,0,0,0,0,0,0,-33000,0,0,0,15000,48000,-33000,-33000
062053,華通統一9C購02  ,0,0,0,0,0,0,0,0,0,-33000,0,0,0,2000,35000,-33000,-33000
8464,億豐            ,379190,352000,27190,0,0,0,0,41000,-41000,-20000,0,10000,-10000,1000,11000,-10000,-33810
064831,宏達電統一02購01,0,0,0,0,0,0,0,0,0,-34000,0,0,0,0,34000,-34000,-34000
07933P,大立光富邦9C售06,0,0,0,0,0,0,0,0,0,-34000,0,0,0,0,34000,-34000,-34000
4722,國精化          ,92000,124000,-32000,0,0,0,0,0,0,-2000,0,2000,-2000,0,0,0,-34000
2906,高林            ,31000,46000,-15000,0,0,0,0,0,0,-19000,0,19000,-19000,0,0,0,-34000
2612,中航            ,1000,34000,-33000,0,0,0,0,0,0,-1000,0,1000,-1000,0,0,0,-34000
1533,車王電          ,2000,36000,-34000,0,0,0,0,0,0,0,0,0,0,0,0,0,-34000
054679,台積電康和99購01,0,0,0,0,0,0,0,0,0,-34000,0,0,0,7000,41000,-34000,-34000
057000,亞德客國票99購01,0,0,0,0,0,0,0,0,0,-34000,0,0,0,0,34000,-34000,-34000
061039,台表科永豐9A購03,0,0,0,0,0,0,0,0,0,-34000,0,0,0,0,34000,-34000,-34000
058249,緯穎元大99購04  ,0,0,0,0,0,0,0,0,0,-34000,0,0,0,37000,71000,-34000,-34000
060782,道瓊指富邦9C購01,0,0,0,0,0,0,0,0,0,-34000,0,0,0,10000,44000,-34000,-34000
058552,欣興永豐99購01  ,0,0,0,0,0,0,0,0,0,-34000,0,0,0,0,34000,-34000,-34000
058600,國巨元大99購15  ,0,0,0,0,0,0,0,0,0,-34000,0,0,0,0,34000,-34000,-34000
059610,上銀永豐99購02  ,0,0,0,0,0,0,0,0,0,-34000,0,0,0,0,34000,-34000,-34000
058372,欣興凱基99購03  ,0,0,0,0,0,0,0,0,0,-34000,0,0,0,0,34000,-34000,-34000
059213,國巨元大99購19  ,0,0,0,0,0,0,0,0,0,-34000,0,0,0,12000,46000,-34000,-34000
061718,GIS凱基9B購01   ,0,0,0,0,0,0,0,0,0,-34000,0,0,0,89000,123000,-34000,-34000
061547,禾伸堂群益9A購01,0,0,0,0,0,0,0,0,0,-34000,0,0,0,10000,44000,-34000,-34000
062489,可成永豐9B購02  ,0,0,0,0,0,0,0,0,0,-34000,0,0,0,0,34000,-34000,-34000
063170,智邦第一9B購01  ,0,0,0,0,0,0,0,0,0,-34000,0,0,0,10000,44000,-34000,-34000
063168,台表科永豐9B購01,0,0,0,0,0,0,0,0,0,-34000,0,0,0,30000,64000,-34000,-34000
063326,正隆國票9B購01  ,0,0,0,0,0,0,0,0,0,-34000,0,0,0,19000,53000,-34000,-34000
063301,鴻海凱基9B購08  ,0,0,0,0,0,0,0,0,0,-34000,0,0,0,20000,54000,-34000,-34000
2405,浩鑫            ,0,33000,-33000,0,0,0,0,0,0,-2000,0,2000,-2000,0,0,0,-35000
5007,三星            ,4000,39000,-35000,0,0,0,0,0,0,0,0,0,0,0,0,0,-35000
8021,尖點            ,441000,473000,-32000,0,0,0,0,0,0,-3000,0,3000,-3000,0,0,0,-35000
6277,宏正            ,46000,75000,-29000,0,0,0,0,0,0,-6000,0,6000,-6000,0,0,0,-35000
08056P,華通群益9B售06  ,0,0,0,0,0,0,0,0,0,-35000,0,0,0,10000,45000,-35000,-35000
07651P,道瓊指中信01售01,0,0,0,0,0,0,0,0,0,-35000,0,0,0,0,35000,-35000,-35000
07110P,台灣50群益9B售03,0,0,0,0,0,0,0,0,0,-35000,0,0,0,37000,72000,-35000,-35000
064451,技嘉統一01購02  ,0,0,0,0,0,0,0,0,0,-35000,0,0,0,0,35000,-35000,-35000
064545,智邦凱基9C購02  ,0,0,0,0,0,0,0,0,0,-35000,0,0,0,0,35000,-35000,-35000
064533,技嘉國票01購01  ,0,0,0,0,0,0,0,0,0,-35000,0,0,0,30000,65000,-35000,-35000
057080,華新科統一99購02,0,0,0,0,0,0,0,0,0,-35000,0,0,0,0,35000,-35000,-35000
057239,貿聯凱基98購05  ,0,0,0,0,0,0,0,0,0,-35000,0,0,0,0,35000,-35000,-35000
058497,新日興群益9B購01,0,0,0,0,0,0,0,0,0,-35000,0,0,0,10000,45000,-35000,-35000
056198,台光電永豐97購02,0,0,0,0,0,0,0,0,0,-35000,0,0,0,90000,125000,-35000,-35000
054463,瑞昱凱基97購01  ,0,0,0,0,0,0,0,0,0,-35000,0,0,0,0,35000,-35000,-35000
00690,兆豐藍籌30      ,0,0,0,0,0,0,0,0,0,-35000,0,0,0,232000,267000,-35000,-35000
052853,友達日盛99購01  ,0,0,0,0,0,0,0,0,0,-35000,0,0,0,0,35000,-35000,-35000
052893,聯電群益98購01  ,0,0,0,0,0,0,0,0,0,-35000,0,0,0,100000,135000,-35000,-35000
061568,國巨元大9A購25  ,0,0,0,0,0,0,0,0,0,-35000,0,0,0,0,35000,-35000,-35000
058370,聯詠凱基99購01  ,0,0,0,0,0,0,0,0,0,-35000,0,0,0,0,35000,-35000,-35000
058608,華新科元大99購13,0,0,0,0,0,0,0,0,0,-35000,0,0,0,25000,60000,-35000,-35000
058588,致茂中信9B購01  ,0,0,0,0,0,0,0,0,0,-35000,0,0,0,46000,81000,-35000,-35000
058568,宏達電凱基9A購02,0,0,0,0,0,0,0,0,0,-35000,0,0,0,32000,67000,-35000,-35000
059638,大立光凱基99購11,0,0,0,0,0,0,0,0,0,-35000,0,0,0,0,35000,-35000,-35000
060619,玉晶光元大9A購03,0,0,0,0,0,0,0,0,0,-35000,0,0,0,20000,55000,-35000,-35000
060121,新光金富邦99購01,0,0,0,0,0,0,0,0,0,-35000,0,0,0,30000,65000,-35000,-35000
060342,台積電統一02購01,0,0,0,0,0,0,0,0,0,-35000,0,0,0,0,35000,-35000,-35000
060401,世紀鋼國票9B購01,0,0,0,0,0,0,0,0,0,-35000,0,0,0,199000,234000,-35000,-35000
063308,緯穎凱基9B購05  ,0,0,0,0,0,0,0,0,0,-35000,0,0,0,40000,75000,-35000,-35000
063385,可成中信9C購01  ,0,0,0,0,0,0,0,0,0,-35000,0,0,0,13000,48000,-35000,-35000
063826,中興電國票01購01,0,0,0,0,0,0,0,0,0,-35000,0,0,0,0,35000,-35000,-35000
062858,微星國票9B購01  ,0,0,0,0,0,0,0,0,0,-35000,0,0,0,0,35000,-35000,-35000
061833,華新科凱基02購01,0,0,0,0,0,0,0,0,0,-35000,0,0,0,0,35000,-35000,-35000
062287,康友群益9B購02  ,0,0,0,0,0,0,0,0,0,-35000,0,0,0,28000,63000,-35000,-35000
06503P,臺股指中信9A售02,0,0,0,0,0,0,0,0,0,-36000,0,0,0,572000,608000,-36000,-36000
06593P,欣興元大98售05  ,0,0,0,0,0,0,0,0,0,-36000,0,0,0,0,36000,-36000,-36000
06995P,臺股指凱基99售16,0,0,0,0,0,0,0,0,0,-36000,0,0,0,40000,76000,-36000,-36000
08062P,華擎國票9B售03  ,0,0,0,0,0,0,0,0,0,-36000,0,0,0,42000,78000,-36000,-36000
6183,關貿            ,67000,102000,-35000,0,0,0,0,0,0,-1000,0,1000,-1000,0,0,0,-36000
6141,柏承            ,62000,97000,-35000,0,0,0,0,0,0,-1000,0,1000,-1000,0,0,0,-36000
8011,台通            ,101000,136000,-35000,0,0,0,0,0,0,-1000,0,1000,-1000,0,0,0,-36000
4952,凌通            ,5000,40000,-35000,0,0,0,0,0,0,-1000,0,1000,-1000,0,0,0,-36000
2748,雲品            ,5000,41000,-36000,0,0,0,0,0,0,0,0,0,0,0,0,0,-36000
08390P,旺宏凱基9C售02  ,0,0,0,0,0,0,0,0,0,-36000,0,0,0,0,36000,-36000,-36000
08406P,緯穎元大9C售01  ,0,0,0,0,0,0,0,0,0,-36000,0,0,0,10000,46000,-36000,-36000
054638,國泰金中信99購01,0,0,0,0,0,0,0,0,0,-36000,0,0,0,0,36000,-36000,-36000
054215,創意國票97購02  ,0,0,0,0,0,0,0,0,0,-36000,0,0,0,5000,41000,-36000,-36000
057175,美律元大98購03  ,0,0,0,0,0,0,0,0,0,-36000,0,0,0,330000,366000,-36000,-36000
058532,禾伸堂元富99購01,0,0,0,0,0,0,0,0,0,-36000,0,0,0,1000,37000,-36000,-36000
060307,南港永豐9A購01  ,0,0,0,0,0,0,0,0,0,-36000,0,0,0,296000,332000,-36000,-36000
057774,台光電群益99購02,0,0,0,0,0,0,0,0,0,-36000,0,0,0,12000,48000,-36000,-36000
061676,新光金元大9A購03,0,0,0,0,0,0,0,0,0,-36000,0,0,0,16000,52000,-36000,-36000
061700,瑞昱國票9A購02  ,0,0,0,0,0,0,0,0,0,-36000,0,0,0,57000,93000,-36000,-36000
061355,康友元大9A購03  ,0,0,0,0,0,0,0,0,0,-36000,0,0,0,74000,110000,-36000,-36000
061326,新日興凱基9B購01,0,0,0,0,0,0,0,0,0,-36000,0,0,0,38000,74000,-36000,-36000
062264,南六元大9B購02  ,0,0,0,0,0,0,0,0,0,-36000,0,0,0,167000,203000,-36000,-36000
061866,力山元大9C購01  ,0,0,0,0,0,0,0,0,0,-36000,0,0,0,158000,194000,-36000,-36000
062073,國巨元大9B購06  ,0,0,0,0,0,0,0,0,0,-36000,0,0,0,0,36000,-36000,-36000
062998,泰碩國票01購01  ,0,0,0,0,0,0,0,0,0,-36000,0,0,0,0,36000,-36000,-36000
062467,國巨凱基9B購08  ,0,0,0,0,0,0,0,0,0,-36000,0,0,0,0,36000,-36000,-36000
063992,大立光中信9C購03,0,0,0,0,0,0,0,0,0,-36000,0,0,0,99000,135000,-36000,-36000
064061,GIS麥證01購01   ,0,0,0,11000,47000,-36000,0,0,0,-36000,0,0,0,11000,47000,-36000,-36000
064279,新光金元大01購01,0,0,0,0,0,0,0,0,0,-36000,0,0,0,6000,42000,-36000,-36000
063214,康控國票9C購01  ,0,0,0,0,0,0,0,0,0,-36000,0,0,0,5000,41000,-36000,-36000
8454,富邦媒          ,89000,116000,-27000,0,0,0,0,1000,-1000,-8000,0,8000,-8000,0,0,0,-36000
08229P,祥碩國票9B售04  ,0,0,0,0,0,0,0,0,0,-37000,0,0,0,1000,38000,-37000,-37000
1234,黑松            ,0,36000,-36000,0,0,0,0,0,0,-1000,0,1000,-1000,0,0,0,-37000
8110,華東            ,60000,96000,-36000,0,0,0,0,0,0,-1000,8000,9000,-1000,0,0,0,-37000
6698,旭暉應材        ,4000,41000,-37000,0,0,0,0,0,0,0,0,0,0,0,0,0,-37000
6605,帝寶            ,25000,62000,-37000,0,0,0,0,0,0,0,0,0,0,0,0,0,-37000
07870P,鴻海群益9B售01  ,0,0,0,0,0,0,0,0,0,-37000,0,0,0,0,37000,-37000,-37000
07025P,玉晶光凱基99售01,0,0,0,0,0,0,0,0,0,-37000,0,0,0,313000,350000,-37000,-37000
064511,GIS元大9C購05   ,0,0,0,0,0,0,0,0,0,-37000,0,0,0,0,37000,-37000,-37000
064550,南茂凱基01購01  ,0,0,0,0,0,0,0,0,0,-37000,0,0,0,40000,77000,-37000,-37000
057837,康控國泰99購02  ,0,0,0,0,0,0,0,0,0,-37000,0,0,0,115000,152000,-37000,-37000
058701,鴻海元大99購16  ,0,0,0,0,0,0,0,0,0,-37000,0,0,0,5000,42000,-37000,-37000
058014,上銀凱基99購02  ,0,0,0,0,0,0,0,0,0,-37000,0,0,0,0,37000,-37000,-37000
063653,儒鴻元富9B購01  ,0,0,0,0,0,0,0,0,0,-37000,0,0,0,107000,144000,-37000,-37000
064344,緯創元大9C購01  ,0,0,0,0,0,0,0,0,0,-37000,0,0,0,128000,165000,-37000,-37000
063821,南亞科麥證9C購01,0,0,0,0,37000,-37000,0,0,0,-37000,0,0,0,0,37000,-37000,-37000
063921,大立光元富9C購03,0,0,0,0,0,0,0,0,0,-37000,0,0,0,20000,57000,-37000,-37000
062850,友訊永豐9B購01  ,0,0,0,0,0,0,0,0,0,-37000,0,0,0,152000,189000,-37000,-37000
064508,力成元大9C購03  ,0,0,0,0,0,0,0,0,0,-38000,0,0,0,17000,55000,-38000,-38000
064475,台積電國泰02購03,0,0,0,0,0,0,0,0,0,-38000,0,0,0,90000,128000,-38000,-38000
06725P,聯電元富98售01  ,0,0,0,0,0,0,0,0,0,-38000,0,0,0,62000,100000,-38000,-38000
07900P,臺股指凱基9B售03,0,0,0,0,0,0,0,0,0,-38000,0,0,0,9000,47000,-38000,-38000
07702P,台積電中信9A售06,0,0,0,0,0,0,0,0,0,-38000,0,0,0,0,38000,-38000,-38000
07085P,超眾元富9C售01  ,0,0,0,0,0,0,0,0,0,-38000,0,0,0,48000,86000,-38000,-38000
1806,冠軍            ,10000,48000,-38000,0,0,0,0,0,0,0,0,0,0,0,0,0,-38000
2038,海光            ,21000,59000,-38000,0,0,0,0,0,0,0,0,0,0,0,0,0,-38000
1108,幸福            ,5000,43000,-38000,0,0,0,0,0,0,0,0,0,0,0,0,0,-38000
057096,緯穎元富98購01  ,0,0,0,0,0,0,0,0,0,-38000,0,0,0,0,38000,-38000,-38000
056911,緯穎元大99購01  ,0,0,0,0,0,0,0,0,0,-38000,0,0,0,122000,160000,-38000,-38000
054354,技嘉富邦97購01  ,0,0,0,0,0,0,0,0,0,-38000,0,0,0,136000,174000,-38000,-38000
056518,美律國票99購01  ,0,0,0,0,0,0,0,0,0,-38000,0,0,0,0,38000,-38000,-38000
056410,康控國票99購01  ,0,0,0,0,0,0,0,0,0,-38000,0,0,0,0,38000,-38000,-38000
052968,燿華群益98購01  ,0,0,0,0,0,0,0,0,0,-38000,0,0,0,36000,74000,-38000,-38000
060469,台勝科元大9A購02,0,0,0,0,0,0,0,0,0,-38000,0,0,0,12000,50000,-38000,-38000
058363,全新凱基9A購02  ,0,0,0,0,0,0,0,0,0,-38000,0,0,0,22000,60000,-38000,-38000
059742,富邦金元富99購01,0,0,0,0,0,0,0,0,0,-38000,0,0,0,80000,118000,-38000,-38000
061614,亞德客群益9A購01,0,0,0,0,0,0,0,0,0,-38000,0,0,0,76000,114000,-38000,-38000
06269P,群創凱基98售10  ,0,0,0,0,0,0,0,0,0,-38000,0,0,0,25000,63000,-38000,-38000
061925,禾伸堂凱基9C購01,0,0,0,0,0,0,0,0,0,-38000,0,0,0,20000,58000,-38000,-38000
06182P,群創兆豐97售03  ,0,0,0,0,0,0,0,0,0,-38000,0,0,0,12000,50000,-38000,-38000
063842,國巨元大9C購10  ,0,0,0,0,0,0,0,0,0,-38000,0,0,0,1000,39000,-38000,-38000
063552,晶技國票9B購03  ,0,0,0,0,0,0,0,0,0,-38000,0,0,0,53000,91000,-38000,-38000
6226,光鼎            ,52000,76000,-24000,0,0,0,0,0,0,-15000,0,15000,-15000,0,0,0,-39000
2867,三商壽          ,957000,846000,111000,0,0,0,0,0,0,-150000,0,150000,-150000,0,0,0,-39000
2913,農林            ,80000,119000,-39000,0,0,0,0,0,0,0,0,0,0,0,0,0,-39000
2539,櫻花建          ,7000,46000,-39000,0,0,0,0,0,0,0,0,0,0,0,0,0,-39000
07502P,美食元大9A售01  ,0,0,0,0,0,0,0,0,0,-39000,0,0,0,31000,70000,-39000,-39000
07590P,玉晶光國票9A售03,0,0,0,0,0,0,0,0,0,-39000,0,0,0,12000,51000,-39000,-39000
07764P,世紀鋼永豐9A售04,0,0,0,0,0,0,0,0,0,-39000,0,0,0,5000,44000,-39000,-39000
06626P,大立光統一9A售01,0,0,0,0,0,0,0,0,0,-39000,0,0,0,0,39000,-39000,-39000
051739,奇力新國票97購01,0,0,0,0,0,0,0,0,0,-39000,0,0,0,11000,50000,-39000,-39000
006203,元大MSCI台灣    ,0,0,0,0,0,0,0,0,0,-39000,0,0,0,4000,43000,-39000,-39000
060202,康友元富9A購01  ,0,0,0,0,0,0,0,0,0,-39000,0,0,0,25000,64000,-39000,-39000
060849,力成國票9A購01  ,0,0,0,0,0,0,0,0,0,-39000,0,0,0,37000,76000,-39000,-39000
063594,上銀中信9C購01  ,0,0,0,0,0,0,0,0,0,-39000,0,0,0,49000,88000,-39000,-39000
063200,瑞昱統一9C購01  ,0,0,0,0,0,0,0,0,0,-39000,0,0,0,116000,155000,-39000,-39000
063180,台塑凱基9B購01  ,0,0,0,0,0,0,0,0,0,-39000,0,0,0,11000,50000,-39000,-39000
062002,鴻海國泰01購01  ,0,0,0,0,0,0,0,0,0,-39000,0,0,0,0,39000,-39000,-39000
8341,日友            ,28000,50000,-22000,0,0,0,0,20000,-20000,3000,4000,1000,3000,0,0,0,-39000
9930,中聯資源        ,0,39000,-39000,0,0,0,0,0,0,0,0,0,0,0,0,0,-39000
06534P,聯發科群益98售04,0,0,0,0,0,0,0,0,0,-40000,0,0,0,20000,60000,-40000,-40000
07024P,臺股指永豐99售02,0,0,0,0,0,0,0,0,0,-40000,0,0,0,0,40000,-40000,-40000
06838P,台積電統一99售05,0,0,0,0,0,0,0,0,0,-40000,0,0,0,0,40000,-40000,-40000
064733,南六統一9C購03  ,0,0,0,0,0,0,0,0,0,-40000,0,0,0,76000,116000,-40000,-40000
064766,矽創凱基9C購01  ,0,0,0,0,0,0,0,0,0,-40000,0,0,0,0,40000,-40000,-40000
064582,裕隆永豐9C購02  ,0,0,0,0,0,0,0,0,0,-40000,0,0,0,0,40000,-40000,-40000
07618P,大立光中信9A售06,0,0,0,0,0,0,0,0,0,-40000,0,0,0,10000,50000,-40000,-40000
07945P,上銀國票9B售02  ,0,0,0,0,0,0,0,0,0,-40000,0,0,0,0,40000,-40000,-40000
07105P,大毅元富99售02  ,0,0,0,0,0,0,0,0,0,-40000,0,0,0,0,40000,-40000,-40000
07191P,台積電元大99售32,0,0,0,0,0,0,0,0,0,-40000,0,0,0,0,40000,-40000,-40000
6189,豐藝            ,10000,19000,-9000,0,0,0,0,0,0,-31000,0,31000,-31000,0,0,0,-40000
08395P,燿華永豐9C售02  ,0,0,0,0,0,0,0,0,0,-40000,0,0,0,10000,50000,-40000,-40000
08347P,大立光元大9C售16,0,0,0,0,0,0,0,0,0,-40000,0,0,0,10000,50000,-40000,-40000
08351P,南六國票01售02  ,0,0,0,0,0,0,0,0,0,-40000,0,0,0,30000,70000,-40000,-40000
051577,台積電元大97購03,0,0,0,0,0,0,0,0,0,-40000,0,0,0,0,40000,-40000,-40000
050801,元金2X群益98購01,0,0,0,0,0,0,0,0,0,-40000,0,0,0,0,40000,-40000,-40000
050842,旺宏國票97購01  ,0,0,0,0,0,0,0,0,0,-40000,0,0,0,25000,65000,-40000,-40000
054770,健策國票98購01  ,0,0,0,0,0,0,0,0,0,-40000,0,0,0,40000,80000,-40000,-40000
054343,世紀鋼元富96購02,0,0,0,0,0,0,0,0,0,-40000,0,0,0,0,40000,-40000,-40000
054312,TPK凱基98購01   ,0,0,0,0,0,0,0,0,0,-40000,0,0,0,0,40000,-40000,-40000
054451,上銀亞東98購01  ,0,0,0,0,0,0,0,0,0,-40000,0,0,0,0,40000,-40000,-40000
055381,茂林元大97購02  ,0,0,0,0,0,0,0,0,0,-40000,0,0,0,0,40000,-40000,-40000
055776,宏達電凱基98購02,0,0,0,0,0,0,0,0,0,-40000,0,0,0,0,40000,-40000,-40000
056281,深中小永豐97購01,0,0,0,0,0,0,0,0,0,-40000,0,0,0,0,40000,-40000,-40000
056323,旺宏兆豐98購01  ,0,0,0,0,0,0,0,0,0,-40000,0,0,0,0,40000,-40000,-40000
056130,新日興麥證97購01,0,0,0,20000,60000,-40000,0,0,0,-40000,0,0,0,20000,60000,-40000,-40000
057231,美律凱基98購05  ,0,0,0,0,0,0,0,0,0,-40000,0,0,0,20000,60000,-40000,-40000
055438,鴻海國票98購01  ,0,0,0,0,0,0,0,0,0,-40000,0,0,0,0,40000,-40000,-40000
055611,燿華國票98購02  ,0,0,0,0,0,0,0,0,0,-40000,0,0,0,0,40000,-40000,-40000
060840,可成國票9B購01  ,0,0,0,0,0,0,0,0,0,-40000,0,0,0,1000,41000,-40000,-40000
060381,元黃金凱基9A購01,0,0,0,0,0,0,0,0,0,-40000,0,0,0,10000,50000,-40000,-40000
061035,亞光永豐9A購01  ,0,0,0,0,0,0,0,0,0,-40000,0,0,0,35000,75000,-40000,-40000
060890,大立光統一01購01,0,0,0,0,0,0,0,0,0,-40000,0,0,0,20000,60000,-40000,-40000
060204,矽創元富9A購01  ,0,0,0,0,0,0,0,0,0,-40000,0,0,0,10000,50000,-40000,-40000
060455,葡萄王元大9A購02,0,0,0,0,0,0,0,0,0,-40000,0,0,0,337000,377000,-40000,-40000
060513,緯穎元大9B購01  ,0,0,0,0,0,0,0,0,0,-40000,0,0,0,50000,90000,-40000,-40000
061569,旺宏元大9A購14  ,0,0,0,0,0,0,0,0,0,-40000,0,0,0,10000,50000,-40000,-40000
061426,玉晶光元大9A購15,0,0,0,0,0,0,0,0,0,-40000,0,0,0,10000,50000,-40000,-40000
058751,南茂凱基9A購01  ,0,0,0,0,0,0,0,0,0,-40000,0,0,0,20000,60000,-40000,-40000
058761,欣興群益99購02  ,0,0,0,0,0,0,0,0,0,-40000,0,0,0,10000,50000,-40000,-40000
058753,元石油群益9B購03,0,0,0,0,0,0,0,0,0,-40000,0,0,0,0,40000,-40000,-40000
057770,亞德客群益98購01,0,0,0,0,0,0,0,0,0,-40000,0,0,0,0,40000,-40000,-40000
059318,旺宏元大99購13  ,0,0,0,0,0,0,0,0,0,-40000,0,0,0,13000,53000,-40000,-40000
062243,臺指反元大02購04,0,0,0,0,0,0,0,0,0,-40000,0,0,0,0,40000,-40000,-40000
062432,上銀元大9B購04  ,0,0,0,0,0,0,0,0,0,-40000,0,0,0,11000,51000,-40000,-40000
062715,T50反1凱基03購01,0,0,0,0,0,0,0,0,0,-40000,0,0,0,10000,50000,-40000,-40000
062758,國巨凱基9B購09  ,0,0,0,0,0,0,0,0,0,-40000,0,0,0,0,40000,-40000,-40000
062615,亞德客元大9B購02,0,0,0,0,0,0,0,0,0,-40000,0,0,0,68000,108000,-40000,-40000
062962,道瓊反元富9B購01,0,0,0,0,0,0,0,0,0,-40000,0,0,0,0,40000,-40000,-40000
063302,國巨凱基9C購05  ,0,0,0,0,0,0,0,0,0,-40000,0,0,0,0,40000,-40000,-40000
063598,國巨凱基9B購14  ,0,0,0,0,0,0,0,0,0,-40000,0,0,0,0,40000,-40000,-40000
08368P,台積電兆豐9C售04,0,0,0,0,0,0,0,0,0,-41000,0,0,0,0,41000,-41000,-41000
08193P,同欣電國票9C售02,0,0,0,0,0,0,0,0,0,-41000,0,0,0,0,41000,-41000,-41000
1608,華榮            ,9000,49000,-40000,0,0,0,0,0,0,-1000,0,1000,-1000,0,0,0,-41000
4190,佐登-KY         ,3000,42000,-39000,0,0,0,0,0,0,-2000,0,0,0,0,2000,-2000,-41000
06826P,臺股指國票98售02,0,0,0,0,0,0,0,0,0,-41000,0,0,0,3000,44000,-41000,-41000
064839,旭富統一9C購01  ,0,0,0,0,0,0,0,0,0,-41000,0,0,0,0,41000,-41000,-41000
059878,聯茂凱基99購07  ,0,0,0,0,0,0,0,0,0,-41000,0,0,0,45000,86000,-41000,-41000
055112,晶豪科凱基98購01,0,0,0,0,0,0,0,0,0,-41000,0,0,0,10000,51000,-41000,-41000
059164,旺宏凱基99購06  ,0,0,0,0,0,0,0,0,0,-41000,0,0,0,0,41000,-41000,-41000
059000,台積電元大99購25,0,0,0,0,0,0,0,0,0,-41000,0,0,0,12000,53000,-41000,-41000
061436,上銀凱基9A購07  ,0,0,0,0,0,0,0,0,0,-41000,0,0,0,19000,60000,-41000,-41000
061478,奇鋐元大9A購01  ,0,0,0,0,0,0,0,0,0,-41000,0,0,0,42000,83000,-41000,-41000
061252,臺股指群益9A購03,0,0,0,0,0,0,0,0,0,-41000,0,0,0,0,41000,-41000,-41000
058603,台積電元大99購12,0,0,0,0,0,0,0,0,0,-41000,0,0,0,80000,121000,-41000,-41000
060329,鎧勝群益9B購01  ,0,0,0,0,0,0,0,0,0,-41000,0,0,0,116000,157000,-41000,-41000
06376P,上銀統一99售01  ,0,0,0,0,0,0,0,0,0,-41000,0,0,0,27000,68000,-41000,-41000
064018,儒鴻元大9C購02  ,0,0,0,0,0,0,0,0,0,-41000,0,0,0,38000,79000,-41000,-41000
063998,聯發科兆豐9C購02,0,0,0,0,0,0,0,0,0,-41000,0,0,0,117000,158000,-41000,-41000
064276,聯發科元大9C購07,0,0,0,0,0,0,0,0,0,-41000,0,0,0,160000,201000,-41000,-41000
064142,國巨統一9C購13  ,0,0,0,0,0,0,0,0,0,-41000,0,0,0,50000,91000,-41000,-41000
062359,旺宏元大9C購02  ,0,0,0,0,0,0,0,0,0,-41000,0,0,0,0,41000,-41000,-41000
062049,亞德客統一01購01,0,0,0,0,0,0,0,0,0,-41000,0,0,0,173000,214000,-41000,-41000
061881,緯穎元大9B購02  ,0,0,0,0,0,0,0,0,0,-41000,0,0,0,20000,61000,-41000,-41000
06712P,臺股指台新99售09,0,0,0,0,0,0,0,0,0,-42000,0,0,0,7000,49000,-42000,-42000
07617P,聯發科中信9C售04,0,0,0,0,0,0,0,0,0,-42000,0,0,0,50000,92000,-42000,-42000
3024,憶聲            ,12000,53000,-41000,0,0,0,0,0,0,-1000,0,1000,-1000,0,0,0,-42000
3018,同開            ,6000,48000,-42000,0,0,0,0,0,0,0,0,0,0,0,0,0,-42000
3149,正達            ,6000,47000,-41000,0,0,0,0,0,0,-1000,0,1000,-1000,0,0,0,-42000
2374,佳能            ,12000,53000,-41000,0,0,0,0,0,0,-1000,0,1000,-1000,0,0,0,-42000
1810,和成            ,0,42000,-42000,0,0,0,0,0,0,0,0,0,0,0,0,0,-42000
08374P,緯穎凱基9C售01  ,0,0,0,0,0,0,0,0,0,-42000,0,0,0,0,42000,-42000,-42000
045189,大立光元富98購01,0,0,0,0,0,0,0,0,0,-42000,0,0,0,0,42000,-42000,-42000
054481,鎧勝中信96購01  ,0,0,0,0,0,0,0,0,0,-42000,0,0,0,60000,102000,-42000,-42000
060620,玉晶光元大9A購04,0,0,0,0,0,0,0,0,0,-42000,0,0,0,13000,55000,-42000,-42000
060946,世紀鋼國票9A購02,0,0,0,0,0,0,0,0,0,-42000,0,0,0,199000,241000,-42000,-42000
058908,貿聯元大99購03  ,0,0,0,0,0,0,0,0,0,-42000,0,0,0,50000,92000,-42000,-42000
061998,緯穎元大9B購03  ,0,0,0,0,0,0,0,0,0,-42000,0,0,0,35000,77000,-42000,-42000
062153,智邦麥證9B購01  ,0,0,0,56000,98000,-42000,0,0,0,-42000,0,0,0,56000,98000,-42000,-42000
063174,臺股指中信01購04,0,0,0,0,0,0,0,0,0,-42000,0,0,0,23000,65000,-42000,-42000
08325P,臺股指凱基9C售08,0,0,0,0,0,0,0,0,0,-43000,0,0,0,94000,137000,-43000,-43000
08121P,聯發科國票9B售05,0,0,0,0,0,0,0,0,0,-43000,0,0,0,10000,53000,-43000,-43000
2331,精英            ,70000,110000,-40000,0,0,0,0,0,0,-3000,0,3000,-3000,0,0,0,-43000
1589,永冠-KY         ,46000,90000,-44000,0,0,0,0,0,0,1000,0,0,0,1000,0,1000,-43000
1467,南緯            ,57000,100000,-43000,0,0,0,0,0,0,0,0,0,0,0,0,0,-43000
3504,揚明光          ,202000,225000,-23000,0,0,0,0,0,0,-20000,0,3000,-3000,3000,20000,-17000,-43000
6142,友勁            ,0,48000,-48000,0,0,0,0,0,0,5000,6000,1000,5000,0,0,0,-43000
057544,鴻海凱基02購01  ,0,0,0,0,0,0,0,0,0,-43000,0,0,0,0,43000,-43000,-43000
00680L,元大美債20正2   ,2000,0,2000,0,0,0,0,0,0,-45000,0,0,0,15000,60000,-45000,-43000
056348,S&P反1元大9A購01,0,0,0,0,0,0,0,0,0,-43000,0,0,0,2000,45000,-43000,-43000
059805,台積電元富99購02,0,0,0,0,0,0,0,0,0,-43000,0,0,0,10000,53000,-43000,-43000
060411,達新永豐9A購01  ,0,0,0,0,0,0,0,0,0,-43000,0,0,0,24000,67000,-43000,-43000
060252,緯穎元大9A購02  ,0,0,0,0,0,0,0,0,0,-43000,0,0,0,15000,58000,-43000,-43000
063186,聯發科凱基9C購04,0,0,0,0,0,0,0,0,0,-43000,0,0,0,0,43000,-43000,-43000
063419,聯發科凱基03購01,0,0,0,0,0,0,0,0,0,-43000,0,0,0,0,43000,-43000,-43000
063556,儒鴻元大9B購02  ,0,0,0,0,0,0,0,0,0,-43000,0,0,0,75000,118000,-43000,-43000
063908,國巨凱基9C購06  ,0,0,0,0,0,0,0,0,0,-43000,0,0,0,0,43000,-43000,-43000
062230,緯穎統一01購01  ,0,0,0,0,0,0,0,0,0,-43000,0,0,0,40000,83000,-43000,-43000
062075,智邦元大9B購03  ,0,0,0,0,0,0,0,0,0,-43000,0,0,0,8000,51000,-43000,-43000
1626,艾美特-KY       ,2000,45648,-43648,0,0,0,0,0,0,0,0,0,0,0,0,0,-43648
1473,台南            ,9000,53000,-44000,0,0,0,0,0,0,0,0,0,0,0,0,0,-44000
08096P,大立光元富9B售04,0,0,0,0,0,0,0,0,0,-44000,0,0,0,10000,54000,-44000,-44000
08244P,同欣電凱基9C售03,0,0,0,0,0,0,0,0,0,-44000,0,0,0,7000,51000,-44000,-44000
08404P,技嘉元大9C售02  ,0,0,0,0,0,0,0,0,0,-44000,0,0,0,10000,54000,-44000,-44000
3607,谷崧            ,0,43000,-43000,0,0,0,0,0,0,-1000,0,1000,-1000,0,0,0,-44000
056101,光磊永豐98購01  ,0,0,0,0,0,0,0,0,0,-44000,0,0,0,16000,60000,-44000,-44000
058521,日月光元大99購01,0,0,0,0,0,0,0,0,0,-44000,0,0,0,6000,50000,-44000,-44000
060034,立積永豐99購04  ,0,0,0,0,0,0,0,0,0,-44000,0,0,0,0,44000,-44000,-44000
05712P,友達統一97售03  ,0,0,0,0,0,0,0,0,0,-44000,0,0,0,61000,105000,-44000,-44000
00665L,富邦恒生國企正2 ,89000,230000,-141000,0,0,0,0,0,0,97000,0,0,0,607000,510000,97000,-44000
054532,強茂國泰98購01  ,0,0,0,0,0,0,0,0,0,-44000,0,0,0,0,44000,-44000,-44000
060631,微星富邦9B購01  ,0,0,0,0,0,0,0,0,0,-44000,0,0,0,3000,47000,-44000,-44000
059021,台積電統一9B購07,0,0,0,0,0,0,0,0,0,-44000,0,0,0,118000,162000,-44000,-44000
061720,智邦國泰9C購01  ,0,0,0,0,0,0,0,0,0,-44000,0,0,0,71000,115000,-44000,-44000
062185,禾伸堂元大9B購01,0,0,0,0,0,0,0,0,0,-44000,0,0,0,82000,126000,-44000,-44000
063868,嘉晶永豐9C購01  ,0,0,0,0,0,0,0,0,0,-44000,0,0,0,0,44000,-44000,-44000
063480,南六元大9C購01  ,0,0,0,0,0,0,0,0,0,-44000,0,0,0,154000,198000,-44000,-44000
063729,國巨元大9C購08  ,0,0,0,0,0,0,0,0,0,-44000,0,0,0,0,44000,-44000,-44000
8429,金麗-KY         ,2000,46000,-44000,0,0,0,0,0,0,0,0,0,0,0,0,0,-44000
3013,晟銘電          ,1000,42000,-41000,0,0,0,0,0,0,-4000,0,4000,-4000,0,0,0,-45000
08120P,南亞科國票9C售01,0,0,0,0,0,0,0,0,0,-45000,0,0,0,0,45000,-45000,-45000
07300P,臺股指元大9A售33,0,0,0,0,0,0,0,0,0,-45000,0,0,0,0,45000,-45000,-45000
06914P,南茂元大98售03  ,0,0,0,0,0,0,0,0,0,-45000,0,0,0,5000,50000,-45000,-45000
064715,和大統一02購03  ,0,0,0,0,0,0,0,0,0,-45000,0,0,0,0,45000,-45000,-45000
064718,友達統一02購01  ,0,0,0,0,0,0,0,0,0,-45000,0,0,0,0,45000,-45000,-45000
056411,緯穎國票99購01  ,0,0,0,0,0,0,0,0,0,-45000,0,0,0,75000,120000,-45000,-45000
00702,國泰標普低波高息,0,10000,-10000,0,0,0,0,0,0,-35000,0,0,0,162000,197000,-35000,-45000
052806,玉晶光元大98購04,0,0,0,0,0,0,0,0,0,-45000,0,0,0,89000,134000,-45000,-45000
042793,台積電台新9C購01,0,0,0,0,0,0,0,0,0,-45000,0,0,0,6000,51000,-45000,-45000
054971,帆宣元大97購02  ,0,0,0,0,0,0,0,0,0,-45000,0,0,0,0,45000,-45000,-45000
055459,建準永豐97購03  ,0,0,0,0,0,0,0,0,0,-45000,0,0,0,0,45000,-45000,-45000
061403,滬深2X國票9A購06,0,0,0,0,0,0,0,0,0,-45000,0,0,0,0,45000,-45000,-45000
058803,世紀鋼元大99購03,0,0,0,0,0,0,0,0,0,-45000,0,0,0,69000,114000,-45000,-45000
059096,百和元大99購04  ,0,0,0,0,0,0,0,0,0,-45000,0,0,0,23000,68000,-45000,-45000
059754,訊芯群益9A購01  ,0,0,0,0,0,0,0,0,0,-45000,0,0,0,16000,61000,-45000,-45000
060313,淘帝永豐9A購01  ,0,0,0,0,0,0,0,0,0,-45000,0,0,0,0,45000,-45000,-45000
058010,帆宣國票98購01  ,0,0,0,0,0,0,0,0,0,-45000,0,0,0,33000,78000,-45000,-45000
061086,FBVIX統一01購01 ,0,0,0,0,0,0,0,0,0,-45000,0,0,0,55000,100000,-45000,-45000
063661,聚陽統一9C購02  ,0,0,0,0,0,0,0,0,0,-45000,0,0,0,169000,214000,-45000,-45000
063448,聯發科統一9C購11,0,0,0,0,0,0,0,0,0,-45000,0,0,0,365000,410000,-45000,-45000
064088,大立光凱基02購01,0,0,0,0,0,0,0,0,0,-45000,0,0,0,0,45000,-45000,-45000
064105,南茂群益9C購01  ,0,0,0,0,0,0,0,0,0,-45000,0,0,0,6000,51000,-45000,-45000
064361,旺宏統一01購06  ,0,0,0,0,0,0,0,0,0,-45000,0,0,0,22000,67000,-45000,-45000
062168,大毅永豐9B購01  ,0,0,0,0,0,0,0,0,0,-45000,0,0,0,42000,87000,-45000,-45000
062143,大成鋼國票9B購01,0,0,0,0,0,0,0,0,0,-45000,0,0,0,55000,100000,-45000,-45000
061916,元金2X凱基02購01,0,0,0,0,0,0,0,0,0,-45000,0,0,0,5000,50000,-45000,-45000
062499,鴻海群益01購01  ,0,0,0,0,0,0,0,0,0,-45000,0,0,0,0,45000,-45000,-45000
062771,臺股指凱基9B購15,0,0,0,0,0,0,0,0,0,-45000,0,0,0,0,45000,-45000,-45000
9941,裕融            ,19000,46000,-27000,0,0,0,0,0,0,-18000,0,18000,-18000,0,0,0,-45000
07843P,緯穎元大9A售05  ,0,0,0,0,0,0,0,0,0,-46000,0,0,0,80000,126000,-46000,-46000
08230P,台表科國票9C售03,0,0,0,0,0,0,0,0,0,-46000,0,0,0,0,46000,-46000,-46000
2706,第一店          ,0,45000,-45000,0,0,0,0,0,0,-1000,0,1000,-1000,0,0,0,-46000
4555,氣立            ,5000,51000,-46000,0,0,0,0,0,0,0,0,0,0,0,0,0,-46000
056103,聯發科永豐97購03,0,0,0,0,0,0,0,0,0,-46000,0,0,0,2000,48000,-46000,-46000
056156,禾伸堂凱基98購04,0,0,0,0,0,0,0,0,0,-46000,0,0,0,4000,50000,-46000,-46000
056211,南港國票98購01  ,0,0,0,0,0,0,0,0,0,-46000,0,0,0,15000,61000,-46000,-46000
03033X,元展30          ,0,0,0,0,0,0,0,0,0,-46000,0,0,0,6000,52000,-46000,-46000
057525,光磊元大99購01  ,0,0,0,0,0,0,0,0,0,-46000,0,0,0,25000,71000,-46000,-46000
060706,群創富邦9A購01  ,0,0,0,0,0,0,0,0,0,-46000,0,0,0,20000,66000,-46000,-46000
060700,華新科國泰9C購01,0,0,0,0,0,0,0,0,0,-46000,0,0,0,0,46000,-46000,-46000
060791,聯茂富邦9A購02  ,0,0,0,0,0,0,0,0,0,-46000,0,0,0,0,46000,-46000,-46000
062468,台積電凱基9B購06,0,0,0,0,0,0,0,0,0,-46000,0,0,0,52000,98000,-46000,-46000
063399,智原群益9B購01  ,0,0,0,0,0,0,0,0,0,-46000,0,0,0,0,46000,-46000,-46000
4766,南寶            ,5000,52000,-47000,0,0,0,0,0,0,0,0,0,0,0,0,0,-47000
08391P,智邦凱基02售02  ,0,0,0,0,0,0,0,0,0,-47000,0,0,0,3000,50000,-47000,-47000
1527,鑽全            ,39000,86000,-47000,0,0,0,0,0,0,0,0,0,0,0,0,0,-47000
1225,福懋油          ,1000,48000,-47000,0,0,0,0,0,0,0,0,0,0,0,0,0,-47000
07782P,寶成凱基9A售02  ,0,0,0,0,0,0,0,0,0,-47000,0,0,0,20000,67000,-47000,-47000
07721P,台積電凱基9A售22,0,0,0,0,0,0,0,0,0,-47000,0,0,0,0,47000,-47000,-47000
07344P,鴻海富邦9A售03  ,0,0,0,0,0,0,0,0,0,-47000,0,0,0,0,47000,-47000,-47000
07391P,台灣50國泰02售01,0,0,0,0,0,0,0,0,0,-47000,0,0,0,20000,67000,-47000,-47000
064704,嘉晶國泰01購01  ,0,0,0,0,0,0,0,0,0,-47000,0,0,0,1000,48000,-47000,-47000
057602,聯茂群益98購02  ,0,0,0,0,0,0,0,0,0,-47000,0,0,0,2000,49000,-47000,-47000
055271,鴻海元大98購03  ,0,0,0,0,0,0,0,0,0,-47000,0,0,0,0,47000,-47000,-47000
0052,富邦科技        ,2000,2000,0,0,0,0,0,0,0,-47000,0,0,0,215000,262000,-47000,-47000
056980,建準群益98購02  ,0,0,0,0,0,0,0,0,0,-47000,0,0,0,3000,50000,-47000,-47000
056991,牧德兆豐98購01  ,0,0,0,0,0,0,0,0,0,-47000,0,0,0,303000,350000,-47000,-47000
060758,台積電元大9A購19,0,0,0,0,0,0,0,0,0,-47000,0,0,0,0,47000,-47000,-47000
059728,聯鈞元大99購01  ,0,0,0,0,0,0,0,0,0,-47000,0,0,0,3000,50000,-47000,-47000
058781,康友國票9A購01  ,0,0,0,0,0,0,0,0,0,-47000,0,0,0,23000,70000,-47000,-47000
063412,寶成國票9C購01  ,0,0,0,0,0,0,0,0,0,-47000,0,0,0,28000,75000,-47000,-47000
063248,創意元大9C購01  ,0,0,0,0,0,0,0,0,0,-47000,0,0,0,85000,132000,-47000,-47000
063857,臺股指元大9C購10,0,0,0,0,0,0,0,0,0,-47000,0,0,0,1000,48000,-47000,-47000
063969,晶豪科國票01購01,0,0,0,0,0,0,0,0,0,-47000,0,0,0,32000,79000,-47000,-47000
063142,奇力新統一9C購04,0,0,0,0,0,0,0,0,0,-47000,0,0,0,0,47000,-47000,-47000
8411,福貞-KY         ,0,42000,-42000,0,0,0,0,0,0,-5000,0,5000,-5000,0,0,0,-47000
064629,和潤元大9C購01  ,0,0,0,0,0,0,0,0,0,-48000,0,0,0,30000,78000,-48000,-48000
06600P,貿聯永豐98售01  ,0,0,0,0,0,0,0,0,0,-48000,0,0,0,140000,188000,-48000,-48000
07648P,祥碩國票9B售01  ,0,0,0,0,0,0,0,0,0,-48000,0,0,0,215000,263000,-48000,-48000
08372P,大立光凱基01售04,0,0,0,0,0,0,0,0,0,-48000,0,0,0,0,48000,-48000,-48000
08241P,微星中信06售01  ,0,0,0,0,0,0,0,0,0,-48000,0,0,0,20000,68000,-48000,-48000
057299,立積永豐98購02  ,0,0,0,0,0,0,0,0,0,-48000,0,0,0,7000,55000,-48000,-48000
05579P,友達凱基98售03  ,0,0,0,0,0,0,0,0,0,-48000,0,0,0,34000,82000,-48000,-48000
051728,道瓊反國票97購01,0,0,0,0,0,0,0,0,0,-48000,0,0,0,10000,58000,-48000,-48000
054852,奇鋐國票98購01  ,0,0,0,0,0,0,0,0,0,-48000,0,0,0,0,48000,-48000,-48000
056383,上銀國泰99購01  ,0,0,0,0,0,0,0,0,0,-48000,0,0,0,46000,94000,-48000,-48000
060546,旺宏凱基9A購02  ,0,0,0,0,0,0,0,0,0,-48000,0,0,0,0,48000,-48000,-48000
062990,台積電群益9B購06,0,0,0,0,0,0,0,0,0,-48000,0,0,0,21000,69000,-48000,-48000
061772,健策元大9B購06  ,0,0,0,0,0,0,0,0,0,-48000,0,0,0,43000,91000,-48000,-48000
062354,台達電元大9B購01,0,0,0,0,0,0,0,0,0,-48000,0,0,0,12000,60000,-48000,-48000
063847,聯發科元大9C購03,0,0,0,0,0,0,0,0,0,-48000,0,0,0,280000,328000,-48000,-48000
063249,祥碩元大9B購06  ,0,2000,-2000,0,0,0,0,0,0,-46000,0,0,0,154000,200000,-46000,-48000
063293,億豐元大9B購01  ,0,0,0,0,0,0,0,0,0,-48000,0,0,0,27000,75000,-48000,-48000
08350P,臺股指中信9C售06,0,0,0,0,0,0,0,0,0,-49000,0,0,0,0,49000,-49000,-49000
1340,勝悅-KY         ,8000,52000,-44000,0,0,0,0,0,0,-5000,0,5000,-5000,0,0,0,-49000
07034P,大立光元富99售03,0,0,0,0,0,0,0,0,0,-49000,0,0,0,0,49000,-49000,-49000
056021,興富發群益97購01,0,0,0,0,0,0,0,0,0,-49000,0,0,0,0,49000,-49000,-49000
058494,可成群益9B購01  ,0,0,0,0,0,0,0,0,0,-49000,0,0,0,1000,50000,-49000,-49000
059952,旺宏康和99購01  ,0,0,0,0,0,0,0,0,0,-49000,0,0,0,12000,61000,-49000,-49000
056574,亞光元大99購03  ,0,0,0,0,0,0,0,0,0,-49000,0,0,0,68000,117000,-49000,-49000
060450,南亞元大9A購02  ,0,0,0,0,0,0,0,0,0,-49000,0,0,0,12000,61000,-49000,-49000
061028,聚陽永豐9A購01  ,0,0,0,0,0,0,0,0,0,-49000,0,0,0,54000,103000,-49000,-49000
058081,技嘉群益9A購03  ,0,0,0,0,0,0,0,0,0,-49000,0,0,0,10000,59000,-49000,-49000
058149,百和元大99購02  ,0,0,0,0,0,0,0,0,0,-49000,0,0,0,19000,68000,-49000,-49000
059663,旭富元大9C購02  ,0,0,0,0,0,0,0,0,0,-49000,0,0,0,69000,118000,-49000,-49000
061918,上銀凱基9B購02  ,0,0,0,0,0,0,0,0,0,-49000,0,0,0,10000,59000,-49000,-49000
062076,美律元大9B購02  ,0,0,0,0,0,0,0,0,0,-49000,0,0,0,21000,70000,-49000,-49000
07057P,大立光康和9B售02,0,0,0,0,0,0,0,0,0,-50000,0,0,0,0,50000,-50000,-50000
07250P,台灣50永豐99售07,0,0,0,0,0,0,0,0,0,-50000,0,0,0,0,50000,-50000,-50000
07428P,華新科國票9A售01,0,0,0,0,0,0,0,0,0,-50000,0,0,0,0,50000,-50000,-50000
07454P,台積電元大9A售06,0,0,0,0,0,0,0,0,0,-50000,0,0,0,0,50000,-50000,-50000
07493P,台灣50元大9A售10,0,0,0,0,0,0,0,0,0,-50000,0,0,0,0,50000,-50000,-50000
07494P,葡萄王元大9A售03,0,0,0,0,0,0,0,0,0,-50000,0,0,0,0,50000,-50000,-50000
07642P,華通凱基9A售05  ,0,0,0,0,0,0,0,0,0,-50000,0,0,0,0,50000,-50000,-50000
07847P,國巨群益9A售13  ,0,0,0,0,0,0,0,0,0,-50000,0,0,0,0,50000,-50000,-50000
07850P,健策群益9A售06  ,0,0,0,0,0,0,0,0,0,-50000,0,0,0,0,50000,-50000,-50000
07940P,國巨群益9B售06  ,0,0,0,0,0,0,0,0,0,-50000,0,0,0,0,50000,-50000,-50000
07905P,大立光群益9B售04,0,0,0,0,0,0,0,0,0,-50000,0,0,0,0,50000,-50000,-50000
08057P,京鼎群益9B售01  ,0,0,0,0,0,0,0,0,0,-50000,0,0,0,0,50000,-50000,-50000
064640,和大凱基03購01  ,0,0,0,0,0,0,0,0,0,-50000,0,0,0,13000,63000,-50000,-50000
064643,瑞昱凱基04購01  ,0,0,0,0,0,0,0,0,0,-50000,0,0,0,24000,74000,-50000,-50000
064615,智邦元大01購01  ,0,0,0,0,0,0,0,0,0,-50000,0,0,0,26000,76000,-50000,-50000
064703,T50反1國泰01購01,0,0,0,0,0,0,0,0,0,-50000,0,0,0,0,50000,-50000,-50000
064753,英業達凱基9C購01,0,0,0,0,0,0,0,0,0,-50000,0,0,0,0,50000,-50000,-50000
064516,華通群益02購01  ,0,0,0,0,0,0,0,0,0,-50000,0,0,0,0,50000,-50000,-50000
1531,高林股          ,1000,50000,-49000,0,0,0,0,0,0,-1000,0,1000,-1000,0,0,0,-50000
1503,士電            ,8000,54000,-46000,0,0,0,0,0,0,-4000,0,4000,-4000,0,0,0,-50000
2109,華豐            ,2000,52000,-50000,0,0,0,0,0,0,0,0,0,0,0,0,0,-50000
08398P,台積電元富9C售04,0,0,0,0,0,0,0,0,0,-50000,0,0,0,0,50000,-50000,-50000
08216P,聯發科群益9C售05,10000,0,10000,0,0,0,0,0,0,-60000,0,0,0,0,60000,-60000,-50000
08115P,聯發科凱基9B售13,0,0,0,0,0,0,0,0,0,-50000,0,0,0,30000,80000,-50000,-50000
08133P,臺股指元大9B售39,0,0,0,0,0,0,0,0,0,-50000,0,0,0,0,50000,-50000,-50000
08170P,緯穎群益9B售03  ,0,0,0,0,0,0,0,0,0,-50000,0,0,0,0,50000,-50000,-50000
2514,龍邦            ,1000,37000,-36000,0,0,0,0,0,0,-14000,0,14000,-14000,0,0,0,-50000
057650,力成元大98購04  ,0,0,0,0,0,0,0,0,0,-50000,0,0,0,18000,68000,-50000,-50000
057409,台虹群益98購02  ,0,0,0,0,0,0,0,0,0,-50000,0,0,0,0,50000,-50000,-50000
056987,南茂群益98購01  ,0,0,0,0,0,0,0,0,0,-50000,0,0,0,0,50000,-50000,-50000
057089,奇力新元富98購01,0,0,0,0,0,0,0,0,0,-50000,0,0,0,0,50000,-50000,-50000
059932,世紀鋼富邦9A購02,0,0,0,0,0,0,0,0,0,-50000,0,0,0,15000,65000,-50000,-50000
059926,世紀鋼國泰9B購01,0,0,0,0,0,0,0,0,0,-50000,0,0,0,9000,59000,-50000,-50000
056100,楠梓電永豐97購02,0,0,0,0,0,0,0,0,0,-50000,0,0,0,0,50000,-50000,-50000
056146,台虹元大98購01  ,0,0,0,0,0,0,0,0,0,-50000,0,0,0,0,50000,-50000,-50000
05626P,景碩國票97售03  ,0,0,0,0,0,0,0,0,0,-50000,0,0,0,50000,100000,-50000,-50000
056317,華通群益99購02  ,0,0,0,0,0,0,0,0,0,-50000,0,0,0,0,50000,-50000,-50000
053916,漢唐國票97購04  ,0,0,0,0,0,0,0,0,0,-50000,0,0,0,0,50000,-50000,-50000
056423,奇鋐統一98購01  ,0,0,0,0,0,0,0,0,0,-50000,0,0,0,0,50000,-50000,-50000
056438,旺宏凱基98購05  ,0,0,0,0,0,0,0,0,0,-50000,0,0,0,0,50000,-50000,-50000
054778,世紀鋼國票99購01,0,0,0,0,0,0,0,0,0,-50000,0,0,0,0,50000,-50000,-50000
054059,欣興國票97購03  ,0,0,0,0,0,0,0,0,0,-50000,0,0,0,0,50000,-50000,-50000
054628,可成凱基98購01  ,0,0,0,0,0,0,0,0,0,-50000,0,0,0,0,50000,-50000,-50000
05466P,旺宏富邦97售01  ,0,0,0,0,0,0,0,0,0,-50000,0,0,0,0,50000,-50000,-50000
055118,嘉聯益凱基98購02,0,0,0,0,0,0,0,0,0,-50000,0,0,0,0,50000,-50000,-50000
055131,茂林康和97購01  ,0,0,0,0,0,0,0,0,0,-50000,0,0,0,0,50000,-50000,-50000
053082,聯電元大98購03  ,0,0,0,0,0,0,0,0,0,-50000,0,0,0,0,50000,-50000,-50000
052277,台達電凱基97購01,0,0,0,0,0,0,0,0,0,-50000,0,0,0,0,50000,-50000,-50000
059016,晶相光元富99購03,0,0,0,0,0,0,0,0,0,-50000,0,0,0,0,50000,-50000,-50000
059029,旺宏兆豐99購01  ,0,0,0,0,0,0,0,0,0,-50000,0,0,0,0,50000,-50000,-50000
059819,台積電凱基99購17,0,0,0,0,0,0,0,0,0,-50000,0,0,0,0,50000,-50000,-50000
057729,華新科國泰99購04,0,0,0,0,0,0,0,0,0,-50000,0,0,0,0,50000,-50000,-50000
059350,樺漢凱基9A購01  ,0,0,0,0,0,0,0,0,0,-50000,0,0,0,16000,66000,-50000,-50000
058847,國巨群益99購05  ,0,0,0,0,0,0,0,0,0,-50000,0,0,0,0,50000,-50000,-50000
061394,FBVIX統一9B購01 ,0,0,0,0,0,0,0,0,0,-50000,0,0,0,544000,594000,-50000,-50000
061541,旺宏群益9A購03  ,0,0,0,0,0,0,0,0,0,-50000,0,0,0,0,50000,-50000,-50000
058144,聯茂元大99購02  ,0,0,0,0,0,0,0,0,0,-50000,0,0,0,18000,68000,-50000,-50000
058068,旺宏凱基98購11  ,0,0,0,0,0,0,0,0,0,-50000,0,0,0,0,50000,-50000,-50000
060470,台勝科元大9A購03,0,0,0,0,0,0,0,0,0,-50000,0,0,0,0,50000,-50000,-50000
059634,可成凱基99購07  ,0,0,0,0,0,0,0,0,0,-50000,0,0,0,1000,51000,-50000,-50000
061983,華新科元大9B購04,0,0,0,0,0,0,0,0,0,-50000,0,0,0,0,50000,-50000,-50000
061920,台積電凱基9C購02,0,0,0,0,0,0,0,0,0,-50000,0,0,0,0,50000,-50000,-50000
061922,瑞昱凱基9B購01  ,0,0,0,0,0,0,0,0,0,-50000,0,0,0,5000,55000,-50000,-50000
061897,泰碩永豐9B購01  ,0,0,0,0,0,0,0,0,0,-50000,0,0,0,0,50000,-50000,-50000
061868,旺宏元大9B購03  ,0,0,0,0,0,0,0,0,0,-50000,0,0,0,0,50000,-50000,-50000
061775,臺指反國票9B購04,0,0,0,0,0,0,0,0,0,-50000,0,0,0,0,50000,-50000,-50000
061829,T50反1凱基9C購02,0,0,0,0,0,0,0,0,0,-50000,0,0,0,0,50000,-50000,-50000
062444,大立光元大9C購01,0,0,0,0,0,0,0,0,0,-50000,0,0,0,50000,100000,-50000,-50000
063009,國巨元大9B購18  ,0,0,0,0,0,0,0,0,0,-50000,0,0,0,0,50000,-50000,-50000
063217,元金2X群益9B購03,0,0,0,0,0,0,0,0,0,-50000,0,0,0,0,50000,-50000,-50000
064340,大立光元大9C購17,0,0,0,0,0,0,0,0,0,-50000,0,0,0,0,50000,-50000,-50000
064113,新日興國票01購01,0,0,0,0,0,0,0,0,0,-50000,0,0,0,0,50000,-50000,-50000
064199,南六群益01購01  ,0,0,0,0,0,0,0,0,0,-50000,0,0,0,45000,95000,-50000,-50000
08434P,臺股指凱基03售02,0,0,0,0,0,0,0,0,0,-51000,0,0,0,0,51000,-51000,-51000
08316P,祥碩元大9C售04  ,0,0,0,0,0,0,0,0,0,-51000,0,0,0,0,51000,-51000,-51000
07504P,聯詠元大9A售02  ,0,0,0,0,0,0,0,0,0,-51000,0,0,0,0,51000,-51000,-51000
054749,聯茂凱基98購01  ,0,0,0,0,0,0,0,0,0,-51000,0,0,0,0,51000,-51000,-51000
059920,宏達電元大99購07,0,0,0,0,0,0,0,0,0,-51000,0,0,0,299000,350000,-51000,-51000
059951,台塑康和99購01  ,0,0,0,0,0,0,0,0,0,-51000,0,0,0,47000,98000,-51000,-51000
057053,立積元大98購02  ,0,0,0,0,0,0,0,0,0,-51000,0,0,0,4000,55000,-51000,-51000
059611,台積電永豐99購05,0,0,0,0,0,0,0,0,0,-51000,0,0,0,1000,52000,-51000,-51000
058634,可成兆豐99購03  ,0,0,0,0,0,0,0,0,0,-51000,0,0,0,15000,66000,-51000,-51000
060987,華新科元大9A購11,0,0,0,0,0,0,0,0,0,-51000,0,0,0,0,51000,-51000,-51000
061263,微星凱基9A購01  ,0,0,0,0,0,0,0,0,0,-51000,0,0,0,30000,81000,-51000,-51000
059275,可成元大99購05  ,0,0,0,0,0,0,0,0,0,-51000,0,0,0,9000,60000,-51000,-51000
057791,可成統一99購01  ,0,0,0,0,0,0,0,0,0,-51000,0,0,0,0,51000,-51000,-51000
05830P,滬深2X元富99售03,0,0,0,0,0,0,0,0,0,-51000,0,0,0,24000,75000,-51000,-51000
064205,台灣50凱基01購14,0,0,0,0,0,0,0,0,0,-51000,0,0,0,0,51000,-51000,-51000
064311,新光金群益01購02,0,0,0,0,0,0,0,0,0,-51000,0,0,0,0,51000,-51000,-51000
063732,建準元大9B購02  ,0,0,0,0,0,0,0,0,0,-51000,0,0,0,53000,104000,-51000,-51000
062659,台灣50群益9B購10,0,0,0,0,0,0,0,0,0,-51000,0,0,0,0,51000,-51000,-51000
062321,力成台新9B購01  ,0,0,0,0,0,0,0,0,0,-51000,0,0,0,2000,53000,-51000,-51000
062016,美食永豐9B購01  ,0,0,0,0,0,0,0,0,0,-51000,0,0,0,20000,71000,-51000,-51000
9942,茂順            ,7000,58000,-51000,0,0,0,0,0,0,0,0,0,0,0,0,0,-51000
07082P,美律元大99售06  ,0,0,0,0,0,0,0,0,0,-52000,0,0,0,22000,74000,-52000,-52000
07910P,台積電統一9C售07,0,0,0,0,0,0,0,0,0,-52000,0,0,0,0,52000,-52000,-52000
5285,界霖            ,6000,53000,-47000,0,0,0,0,0,0,-5000,0,5000,-5000,0,0,0,-52000
6672,騰輝電子-KY     ,38000,90000,-52000,0,0,0,0,0,0,0,0,0,0,0,0,0,-52000
056213,建準國票98購02  ,0,0,0,0,0,0,0,0,0,-52000,0,0,0,0,52000,-52000,-52000
056508,揚明光永豐98購01,0,0,0,0,0,0,0,0,0,-52000,0,0,0,0,52000,-52000,-52000
03678C,臺股指凱基01牛02,0,5000,-5000,0,0,0,0,0,0,-47000,0,0,0,15000,62000,-47000,-52000
058946,SGBR2X群益9B購01,0,0,0,0,0,0,0,0,0,-52000,0,0,0,1000,53000,-52000,-52000
061066,嘉晶凱基9B購01  ,0,0,0,0,0,0,0,0,0,-52000,0,0,0,15000,67000,-52000,-52000
062108,晶豪科國票9B購01,0,0,0,0,0,0,0,0,0,-52000,0,0,0,0,52000,-52000,-52000
062938,聯發科凱基9B購10,0,0,0,0,0,0,0,0,0,-52000,0,0,0,63000,115000,-52000,-52000
063559,力山元大9B購04  ,0,0,0,0,0,0,0,0,0,-52000,0,0,0,122000,174000,-52000,-52000
063414,鴻海凱基03購01  ,0,0,0,0,0,0,0,0,0,-52000,0,0,0,0,52000,-52000,-52000
064158,健鼎統一02購01  ,0,0,0,0,0,0,0,0,0,-52000,0,0,0,28000,80000,-52000,-52000
063795,上銀凱基9C購01  ,0,0,0,0,0,0,0,0,0,-52000,0,0,0,0,52000,-52000,-52000
064074,南茂永豐9C購01  ,0,0,0,0,0,0,0,0,0,-52000,0,0,0,26000,78000,-52000,-52000
9908,大台北          ,4000,56000,-52000,0,0,0,0,0,0,0,0,0,0,0,0,0,-52000
2105,正新            ,2265630,2156000,109630,0,0,0,0,1000,-1000,-161000,2000,163000,-161000,0,0,0,-52370
6209,今國光          ,63000,115000,-52000,0,0,0,0,0,0,-1000,0,1000,-1000,0,0,0,-53000
4536,拓凱            ,12000,56000,-44000,0,0,0,0,0,0,-9000,0,0,0,0,9000,-9000,-53000
2832,台產            ,0,53000,-53000,0,0,0,0,0,0,0,0,0,0,0,0,0,-53000
07568P,鴻海凱基9A售22  ,0,0,0,0,0,0,0,0,0,-53000,0,0,0,0,53000,-53000,-53000
064567,晶技群益01購01  ,0,0,0,0,0,0,0,0,0,-53000,0,0,0,124000,177000,-53000,-53000
03857P,聯發科元富99售02,0,0,0,0,0,0,0,0,0,-53000,0,0,0,0,53000,-53000,-53000
055933,欣興群益98購02  ,0,0,0,0,0,0,0,0,0,-53000,0,0,0,37000,90000,-53000,-53000
056655,旺宏元大99購02  ,0,0,0,0,0,0,0,0,0,-53000,0,0,0,21000,74000,-53000,-53000
060736,旺宏統一01購01  ,0,0,0,0,0,0,0,0,0,-53000,0,0,0,0,53000,-53000,-53000
059612,奇鋐永豐99購02  ,0,0,0,0,0,0,0,0,0,-53000,0,0,0,0,53000,-53000,-53000
061664,上銀中信9A購01  ,0,0,0,0,0,0,0,0,0,-53000,0,0,0,31000,84000,-53000,-53000
058952,南茂群益99購01  ,0,0,0,0,0,0,0,0,0,-53000,0,0,0,19000,72000,-53000,-53000
064075,台積電中信06購01,0,0,0,0,0,0,0,0,0,-53000,0,0,0,208000,261000,-53000,-53000
063958,瑞祺元大9C購01  ,0,0,0,0,0,0,0,0,0,-53000,0,0,0,15000,68000,-53000,-53000
063057,祥碩統一03購01  ,10000,0,10000,0,0,0,0,0,0,-63000,0,0,0,487000,550000,-63000,-53000
062671,國泰金中信03購01,0,0,0,0,0,0,0,0,0,-53000,0,0,0,0,53000,-53000,-53000
07102P,南電元大99售03  ,0,0,0,0,0,0,0,0,0,-54000,0,0,0,61000,115000,-54000,-54000
07921P,鴻海群益9B售04  ,0,0,0,0,0,0,0,0,0,-54000,0,0,0,0,54000,-54000,-54000
07972P,大立光統一9C售05,0,0,0,0,0,0,0,0,0,-54000,0,0,0,0,54000,-54000,-54000
07704P,台積電元大9A售25,0,0,0,0,0,0,0,0,0,-54000,0,0,0,0,54000,-54000,-54000
2707,晶華            ,22000,68000,-46000,0,0,0,0,0,0,-8000,0,8000,-8000,0,0,0,-54000
8033,雷虎            ,2000,49000,-47000,0,0,0,0,0,0,-7000,0,7000,-7000,0,0,0,-54000
2062,橋椿            ,2000,56000,-54000,0,0,0,0,0,0,0,0,0,0,0,0,0,-54000
08200P,祥碩元大9B售08  ,0,0,0,0,0,0,0,0,0,-54000,0,0,0,0,54000,-54000,-54000
057273,智邦元大98購05  ,0,0,0,0,0,0,0,0,0,-54000,0,0,0,13000,67000,-54000,-54000
052775,滬深2X國票99購02,0,0,0,0,0,0,0,0,0,-54000,0,0,0,5000,59000,-54000,-54000
057542,上銀凱基99購01  ,0,0,0,0,0,0,0,0,0,-54000,0,0,0,0,54000,-54000,-54000
059646,聯茂凱基99購06  ,0,0,0,0,0,0,0,0,0,-54000,0,0,0,28000,82000,-54000,-54000
060876,國巨中信9A購04  ,0,0,0,0,0,0,0,0,0,-54000,0,0,0,0,54000,-54000,-54000
062491,矽創永豐9B購01  ,0,0,0,0,0,0,0,0,0,-54000,0,0,0,46000,100000,-54000,-54000
064072,康友永豐9C購01  ,0,0,0,0,0,0,0,0,0,-54000,0,0,0,18000,72000,-54000,-54000
063783,儒鴻中信9C購01  ,0,0,0,0,0,0,0,0,0,-54000,0,0,0,20000,74000,-54000,-54000
063747,國巨國票9C購06  ,0,0,0,0,0,0,0,0,0,-54000,0,0,0,1000,55000,-54000,-54000
6108,競國            ,29000,83000,-54000,0,0,0,0,0,0,-1000,0,1000,-1000,0,0,0,-55000
2466,冠西電          ,1000,55000,-54000,0,0,0,0,0,0,-1000,0,1000,-1000,0,0,0,-55000
07891P,臺股指國票9B售01,0,0,0,0,0,0,0,0,0,-55000,0,0,0,5000,60000,-55000,-55000
064772,FBVIX群益9C購04 ,0,0,0,0,0,0,0,0,0,-55000,0,0,0,0,55000,-55000,-55000
064551,鈺齊凱基9C購02  ,0,0,0,0,0,0,0,0,0,-55000,0,0,0,33000,88000,-55000,-55000
056538,國泰金凱基98購01,0,0,0,0,0,0,0,0,0,-55000,0,0,0,30000,85000,-55000,-55000
057504,技嘉麥證98購01  ,0,0,0,6000,61000,-55000,0,0,0,-55000,0,0,0,6000,61000,-55000,-55000
057552,禾伸堂凱基98購05,0,0,0,0,0,0,0,0,0,-55000,0,0,0,5000,60000,-55000,-55000
053904,漢唐凱基97購01  ,0,0,0,0,0,0,0,0,0,-55000,0,0,0,0,55000,-55000,-55000
056913,臺股指元大99購05,0,0,0,0,0,0,0,0,0,-55000,0,0,0,5000,60000,-55000,-55000
060596,元黃金凱基9A購02,0,0,0,0,0,0,0,0,0,-55000,0,0,0,0,55000,-55000,-55000
061174,鴻海凱基9A購23  ,0,0,0,0,0,0,0,0,0,-55000,0,0,0,25000,80000,-55000,-55000
061184,大立光國泰9C購01,0,0,0,0,0,0,0,0,0,-55000,0,0,0,22000,77000,-55000,-55000
059079,SGBR2X元大99購01,0,0,0,0,0,0,0,0,0,-55000,0,0,0,65000,120000,-55000,-55000
059864,亞德客凱基99購01,0,0,0,0,0,0,0,0,0,-55000,0,0,0,0,55000,-55000,-55000
061639,晶豪科元大9A購02,0,0,0,0,0,0,0,0,0,-55000,0,0,0,3000,58000,-55000,-55000
061377,聯發科永豐9A購04,0,0,0,0,0,0,0,0,0,-55000,0,0,0,1000,56000,-55000,-55000
063918,復盛凱基9C購01  ,0,0,0,0,0,0,0,0,0,-55000,0,0,0,15000,70000,-55000,-55000
064261,力山永豐9C購01  ,0,0,0,0,0,0,0,0,0,-55000,0,0,0,80000,135000,-55000,-55000
062750,可成中信9B購01  ,0,0,0,0,0,0,0,0,0,-55000,0,0,0,0,55000,-55000,-55000
063010,國巨元大9C購02  ,0,0,0,0,0,0,0,0,0,-55000,0,0,0,10000,65000,-55000,-55000
062236,信邦凱基9B購01  ,0,0,0,0,0,0,0,0,0,-55000,0,0,0,0,55000,-55000,-55000
07383P,聯發科群益99售06,0,0,0,0,0,0,0,0,0,-56000,0,0,0,0,56000,-56000,-56000
3454,晶睿            ,9000,62000,-53000,0,0,0,0,0,0,-3000,0,3000,-3000,0,0,0,-56000
6155,鈞寶            ,23000,79000,-56000,0,0,0,0,0,0,0,0,0,0,0,0,0,-56000
3583,辛耘            ,23000,79000,-56000,0,0,0,0,0,0,0,0,0,0,0,0,0,-56000
5234,達興材料        ,3000,56000,-53000,0,0,0,0,0,0,-3000,0,3000,-3000,0,0,0,-56000
057109,信邦群益98購01  ,0,0,0,0,0,0,0,0,0,-56000,0,0,0,27000,83000,-56000,-56000
054563,泰碩群益99購01  ,0,0,0,0,0,0,0,0,0,-56000,0,0,0,79000,135000,-56000,-56000
00668,國泰美國道瓊    ,6000,6000,0,0,0,0,0,0,0,-56000,0,0,0,163000,219000,-56000,-56000
061431,鈺齊元大9A購01  ,0,0,0,0,0,0,0,0,0,-56000,0,0,0,3000,59000,-56000,-56000
058435,旺宏統一9B購02  ,0,0,0,0,0,0,0,0,0,-56000,0,0,0,0,56000,-56000,-56000
060599,國巨凱基9C購01  ,0,0,0,0,0,0,0,0,0,-56000,0,0,0,2000,58000,-56000,-56000
060731,奇力新群益9A購01,0,0,0,0,0,0,0,0,0,-56000,0,0,0,0,56000,-56000,-56000
060432,達方永豐9A購01  ,0,0,0,0,0,0,0,0,0,-56000,0,0,0,109000,165000,-56000,-56000
063103,技嘉群益9B購01  ,0,0,0,0,0,0,0,0,0,-56000,0,0,0,0,56000,-56000,-56000
064079,英業達中信9C購01,0,0,0,0,0,0,0,0,0,-56000,0,0,0,63000,119000,-56000,-56000
3050,鈺德            ,0,52000,-52000,0,0,0,0,0,0,-5000,0,5000,-5000,0,0,0,-57000
1109,信大            ,0,57000,-57000,0,0,0,0,0,0,0,0,0,0,0,0,0,-57000
1445,大宇            ,11000,68000,-57000,0,0,0,0,0,0,0,0,0,0,0,0,0,-57000
07469P,台達電元大9A售01,0,0,0,0,0,0,0,0,0,-57000,0,0,0,35000,92000,-57000,-57000
07040P,台灣50元大9C售02,0,0,0,0,0,0,0,0,0,-57000,0,0,0,14000,71000,-57000,-57000
07779P,鴻海凱基9B售04  ,0,0,0,0,0,0,0,0,0,-57000,0,0,0,0,57000,-57000,-57000
055899,群創中信99購01  ,0,0,0,0,0,0,0,0,0,-57000,0,0,0,0,57000,-57000,-57000
061077,國巨兆豐9B購01  ,0,0,0,0,0,0,0,0,0,-57000,0,0,0,29000,86000,-57000,-57000
060493,美律元富01購01  ,0,0,0,0,0,0,0,0,0,-57000,0,0,0,145000,202000,-57000,-57000
058775,台積電國票9A購02,0,0,0,0,0,0,0,0,0,-57000,0,0,0,15000,72000,-57000,-57000
058883,旭富永豐99購01  ,0,0,0,0,0,0,0,0,0,-57000,0,0,0,76000,133000,-57000,-57000
06424P,大成鋼永豐97售01,0,0,0,0,0,0,0,0,0,-57000,0,0,0,42000,99000,-57000,-57000
063574,茂林元大9B購07  ,0,0,0,0,0,0,0,0,0,-57000,0,0,0,10000,67000,-57000,-57000
062266,世紀鋼元大9B購02,0,0,0,0,0,0,0,0,0,-57000,0,0,0,10000,67000,-57000,-57000
07756P,台灣50國票04售01,0,0,0,0,0,0,0,0,0,-58000,0,0,0,10000,68000,-58000,-58000
07996P,亞德客凱基9B售03,0,0,0,0,0,0,0,0,0,-58000,0,0,0,15000,73000,-58000,-58000
08027P,嘉晶元大9B售03  ,0,0,0,0,0,0,0,0,0,-58000,0,0,0,141000,199000,-58000,-58000
06933P,禾伸堂元大98售03,0,0,0,0,0,0,0,0,0,-58000,0,0,0,0,58000,-58000,-58000
1809,中釉            ,11000,66000,-55000,0,0,0,0,0,0,-3000,0,3000,-3000,0,0,0,-58000
08336P,聯發科中信9C售05,0,0,0,0,0,0,0,0,0,-58000,0,0,0,140000,198000,-58000,-58000
08262P,茂林元大9C售01  ,0,0,0,0,0,0,0,0,0,-58000,0,0,0,0,58000,-58000,-58000
4560,強信-KY         ,158000,216000,-58000,0,0,0,0,0,0,0,0,0,0,0,0,0,-58000
059397,T50反1元富99購05,0,0,0,0,0,0,0,0,0,-58000,0,0,0,6000,64000,-58000,-58000
058100,聯茂國泰99購02  ,0,0,0,0,0,0,0,0,0,-58000,0,0,0,56000,114000,-58000,-58000
061036,晶技永豐9A購03  ,0,0,0,0,0,0,0,0,0,-58000,0,0,0,101000,159000,-58000,-58000
061040,康友永豐9A購01  ,0,0,0,0,0,0,0,0,0,-58000,0,0,0,0,58000,-58000,-58000
062178,上銀元大9B購03  ,0,0,0,0,0,0,0,0,0,-58000,0,0,0,39000,97000,-58000,-58000
063037,聯發科凱基9C購02,0,0,0,0,0,0,0,0,0,-58000,0,0,0,22000,80000,-58000,-58000
063495,台光電富邦9C購01,0,0,0,0,0,0,0,0,0,-58000,0,0,0,529000,587000,-58000,-58000
063291,緯穎元大01購01  ,0,0,0,0,0,0,0,0,0,-58000,0,0,0,51000,109000,-58000,-58000
06436P,台光電國票98售04,0,0,0,0,0,0,0,0,0,-58000,0,0,0,22000,80000,-58000,-58000
064050,景碩統一01購01  ,2000,0,2000,0,0,0,0,0,0,-60000,0,0,0,22000,82000,-60000,-58000
6533,晶心科          ,63000,126000,-63000,0,0,0,0,0,0,4000,5000,1000,4000,0,0,0,-59000
08219P,上銀凱基9B售08  ,0,0,0,0,0,0,0,0,0,-59000,0,0,0,20000,79000,-59000,-59000
08088P,義隆凱基9B售03  ,0,0,0,0,0,0,0,0,0,-59000,0,0,0,36000,95000,-59000,-59000
08093P,英業達元富9B售02,0,0,0,0,0,0,0,0,0,-59000,0,0,0,64000,123000,-59000,-59000
1709,和益            ,29000,81000,-52000,0,0,0,0,0,0,-7000,0,7000,-7000,0,0,0,-59000
06690P,玉晶光群益9A售05,0,0,0,0,0,0,0,0,0,-59000,0,0,0,4000,63000,-59000,-59000
059925,可成國泰9B購01  ,0,0,0,0,0,0,0,0,0,-59000,0,0,0,4000,63000,-59000,-59000
03875P,滬深2X國票05售01,0,0,0,0,0,0,0,0,0,-59000,0,0,0,1000,60000,-59000,-59000
05750P,臺股指群益99售04,0,0,0,0,0,0,0,0,0,-59000,0,0,0,0,59000,-59000,-59000
056465,臺股指凱基99購07,0,0,0,0,0,0,0,0,0,-59000,0,0,0,51000,110000,-59000,-59000
061146,台表科中信9A購02,0,0,0,0,0,0,0,0,0,-59000,0,0,0,69000,128000,-59000,-59000
059375,道瓊反群益9C購02,0,0,0,0,0,0,0,0,0,-59000,0,0,0,340000,399000,-59000,-59000
058736,鈺齊永豐99購02  ,0,0,0,0,0,0,0,0,0,-59000,0,0,0,111000,170000,-59000,-59000
058318,致茂永豐9A購01  ,0,0,0,0,0,0,0,0,0,-59000,0,0,0,0,59000,-59000,-59000
058337,日月光元富99購01,0,0,0,0,0,0,0,0,0,-59000,0,0,0,50000,109000,-59000,-59000
057867,大立光凱基98購17,0,0,0,0,0,0,0,0,0,-59000,0,0,0,0,59000,-59000,-59000
063744,儒鴻國票9C購01  ,0,0,0,0,0,0,0,0,0,-59000,0,0,0,0,59000,-59000,-59000
062586,國巨統一01購06  ,0,0,0,0,0,0,0,0,0,-59000,0,0,0,0,59000,-59000,-59000
06505P,康控國票99售02  ,0,0,0,0,0,0,0,0,0,-60000,0,0,0,20000,80000,-60000,-60000
064818,華新統一01購01  ,0,0,0,0,0,0,0,0,0,-60000,0,0,0,0,60000,-60000,-60000
06746P,聯發科群益99售02,0,0,0,0,0,0,0,0,0,-60000,0,0,0,0,60000,-60000,-60000
064485,儒鴻元大01購01  ,0,0,0,0,0,0,0,0,0,-60000,0,0,0,14000,74000,-60000,-60000
07863P,華新科凱基9B售07,0,0,0,0,0,0,0,0,0,-60000,0,0,0,25000,85000,-60000,-60000
07639P,緯穎國票9A售01  ,0,0,0,0,0,0,0,0,0,-60000,0,0,0,0,60000,-60000,-60000
07129P,華新科元大99售14,0,0,0,0,0,0,0,0,0,-60000,0,0,0,40000,100000,-60000,-60000
07258P,台灣50台新9A售01,0,0,0,0,0,0,0,0,0,-60000,0,0,0,0,60000,-60000,-60000
07358P,鴻海元大99售39  ,0,0,0,0,0,0,0,0,0,-60000,0,0,0,10000,70000,-60000,-60000
1472,三洋紡          ,44000,104000,-60000,0,0,0,0,0,0,0,0,0,0,0,0,0,-60000
5607,遠雄港          ,72000,132000,-60000,0,0,0,0,0,0,0,0,0,0,0,0,0,-60000
2428,興勤            ,77000,121000,-44000,0,0,0,0,0,0,-16000,0,9000,-9000,0,7000,-7000,-60000
053744,台郡國票97購03  ,0,0,0,0,0,0,0,0,0,-60000,0,0,0,0,60000,-60000,-60000
05272P,臻鼎中信97售03  ,0,0,0,0,0,0,0,0,0,-60000,0,0,0,0,60000,-60000,-60000
052338,道瓊反凱基97購02,0,0,0,0,0,0,0,0,0,-60000,0,0,0,0,60000,-60000,-60000
059453,奇力新永豐99購01,0,0,0,0,0,0,0,0,0,-60000,0,0,0,22000,82000,-60000,-60000
059454,亞光永豐99購01  ,0,0,0,0,0,0,0,0,0,-60000,0,0,0,84000,144000,-60000,-60000
056028,GIS群益97購02   ,0,0,0,0,0,0,0,0,0,-60000,0,0,0,0,60000,-60000,-60000
055820,矽力國票98購02  ,0,0,0,0,0,0,0,0,0,-60000,0,0,0,7000,67000,-60000,-60000
057941,聯電國票99購01  ,0,0,0,0,0,0,0,0,0,-60000,0,0,0,21000,81000,-60000,-60000
058434,旺宏統一9B購01  ,0,0,0,0,0,0,0,0,0,-60000,0,0,0,0,60000,-60000,-60000
059059,宏達電凱基99購03,0,0,0,0,0,0,0,0,0,-60000,0,0,0,53000,113000,-60000,-60000
060802,道瓊指中信9C購03,0,0,0,0,0,0,0,0,0,-60000,0,0,0,0,60000,-60000,-60000
060979,國巨元大9A購14  ,0,0,0,0,0,0,0,0,0,-60000,0,0,0,0,60000,-60000,-60000
060884,超眾中信9B購01  ,0,0,0,0,0,0,0,0,0,-60000,0,0,0,25000,85000,-60000,-60000
062259,可成元大9B購03  ,0,0,0,0,0,0,0,0,0,-60000,0,0,0,3000,63000,-60000,-60000
062215,華通統一9B購01  ,0,0,0,0,0,0,0,0,0,-60000,0,0,0,83000,143000,-60000,-60000
062045,崇越凱基9B購01  ,0,0,0,0,0,0,0,0,0,-60000,0,0,0,0,60000,-60000,-60000
062046,矽格凱基9B購01  ,0,0,0,0,0,0,0,0,0,-60000,0,0,0,61000,121000,-60000,-60000
061947,旺宏群益9B購02  ,0,0,0,0,0,0,0,0,0,-60000,0,0,0,4000,64000,-60000,-60000
061917,亞德客凱基9B購02,0,0,0,0,0,0,0,0,0,-60000,0,0,0,50000,110000,-60000,-60000
063184,台光電凱基9B購03,0,0,0,0,0,0,0,0,0,-60000,0,0,0,74000,134000,-60000,-60000
064255,泰碩國泰02購01  ,0,0,0,0,0,0,0,0,0,-60000,0,0,0,0,60000,-60000,-60000
2459,敦吉            ,6000,62000,-56000,0,0,0,0,0,0,-5000,0,5000,-5000,0,0,0,-61000
1457,宜進            ,3000,64000,-61000,0,0,0,0,0,0,0,0,0,0,0,0,0,-61000
08261P,玉晶光元大9C售08,0,0,0,0,0,0,0,0,0,-61000,0,0,0,100000,161000,-61000,-61000
07814P,華通群益9A售06  ,0,0,0,0,0,0,0,0,0,-61000,0,0,0,20000,81000,-61000,-61000
05729P,臺股指凱基97售02,0,0,0,0,0,0,0,0,0,-61000,0,0,0,137000,198000,-61000,-61000
047004,台積電統一99購01,0,0,0,0,0,0,0,0,0,-61000,0,0,0,37000,98000,-61000,-61000
057705,臺股指群益98購05,0,0,0,0,0,0,0,0,0,-61000,0,0,0,57000,118000,-61000,-61000
058969,亞德客永豐99購01,0,0,0,0,0,0,0,0,0,-61000,0,0,0,78000,139000,-61000,-61000
059662,旭富元大9C購01  ,0,0,0,0,0,0,0,0,0,-61000,0,0,0,87000,148000,-61000,-61000
059312,元石油元大99購05,0,0,0,0,0,0,0,0,0,-61000,0,0,0,150000,211000,-61000,-61000
059872,華新科凱基01購01,0,0,0,0,0,0,0,0,0,-61000,0,0,0,42000,103000,-61000,-61000
058839,瑞儀中信99購02  ,0,0,0,0,0,0,0,0,0,-61000,0,0,0,20000,81000,-61000,-61000
064368,日月光統一01購01,0,0,0,0,0,0,0,0,0,-61000,0,0,0,0,61000,-61000,-61000
063964,瑞昱國票01購01  ,0,0,0,0,0,0,0,0,0,-61000,0,0,0,23000,84000,-61000,-61000
063298,統一凱基9B購01  ,0,0,0,0,0,0,0,0,0,-61000,0,0,0,4000,65000,-61000,-61000
061832,聯發科凱基9B購06,0,0,0,0,0,0,0,0,0,-61000,0,0,0,1000,62000,-61000,-61000
061819,茂林群益9B購01  ,0,0,0,0,0,0,0,0,0,-61000,0,0,0,48000,109000,-61000,-61000
062279,晶豪科群益9B購01,0,0,0,0,0,0,0,0,0,-61000,0,0,0,33000,94000,-61000,-61000
062171,中磊永豐9B購01  ,0,0,0,0,0,0,0,0,0,-61000,0,0,0,13000,74000,-61000,-61000
062920,康友元大9B購01  ,0,0,0,0,0,0,0,0,0,-61000,0,0,0,5000,66000,-61000,-61000
2204,中華            ,155000,221600,-66600,0,0,0,0,0,0,5000,18000,13000,5000,0,0,0,-61600
08339P,上銀統一9C售04  ,0,0,0,0,0,0,0,0,0,-62000,0,0,0,0,62000,-62000,-62000
07668P,旺宏元大9A售10  ,0,0,0,0,0,0,0,0,0,-62000,0,0,0,4000,66000,-62000,-62000
07952P,富邦金元大9B售02,0,0,0,0,0,0,0,0,0,-62000,0,0,0,0,62000,-62000,-62000
057376,新日興元大98購04,0,0,0,0,0,0,0,0,0,-62000,0,0,0,0,62000,-62000,-62000
057447,智邦元富02購01  ,0,0,0,0,0,0,0,0,0,-62000,0,0,0,119000,181000,-62000,-62000
060055,宏達電凱基99購06,0,0,0,0,0,0,0,0,0,-62000,0,0,0,56000,118000,-62000,-62000
05958P,聯發科國票97售04,0,0,0,0,0,0,0,0,0,-62000,0,0,0,0,62000,-62000,-62000
06050P,玉晶光國票98售01,0,0,0,0,0,0,0,0,0,-62000,0,0,0,200000,262000,-62000,-62000
058550,南亞科永豐99購01,0,0,0,0,0,0,0,0,0,-62000,0,0,0,0,62000,-62000,-62000
060278,道瓊反元大9A購03,0,0,0,0,0,0,0,0,0,-62000,0,0,0,0,62000,-62000,-62000
060171,宏達電台新9A購01,0,0,0,0,0,0,0,0,0,-62000,0,0,0,0,62000,-62000,-62000
062851,建準永豐9B購02  ,0,0,0,0,0,0,0,0,0,-62000,0,0,0,0,62000,-62000,-62000
062621,緯穎元大9B購05  ,0,0,0,0,0,0,0,0,0,-62000,0,0,0,1000,63000,-62000,-62000
062180,瑞昱元大9B購03  ,0,0,0,0,0,0,0,0,0,-62000,0,0,0,21000,83000,-62000,-62000
062302,聯詠中信05購02  ,0,0,0,0,0,0,0,0,0,-62000,0,0,0,68000,130000,-62000,-62000
063825,道瓊銀國票01購01,0,0,0,0,0,0,0,0,0,-62000,0,0,0,0,62000,-62000,-62000
063820,華邦電麥證01購01,0,0,0,67000,112000,-45000,0,0,0,-62000,0,0,0,67000,129000,-62000,-62000
064263,貿聯永豐9C購01  ,0,0,0,0,0,0,0,0,0,-62000,0,0,0,0,62000,-62000,-62000
064202,景碩兆豐9C購01  ,0,0,0,0,0,0,0,0,0,-62000,0,0,0,53000,115000,-62000,-62000
07889P,旭富國票9B售01  ,0,0,0,0,0,0,0,0,0,-63000,0,0,0,37000,100000,-63000,-63000
064679,晶技兆豐9C購01  ,0,0,0,0,0,0,0,0,0,-63000,0,0,0,0,63000,-63000,-63000
2524,京城            ,16000,53000,-37000,0,0,0,0,0,0,-26000,0,26000,-26000,0,0,0,-63000
3094,聯傑            ,33000,95000,-62000,0,0,0,0,0,0,-1000,0,1000,-1000,0,0,0,-63000
055949,亞德客元大97購04,0,0,0,0,0,0,0,0,0,-63000,0,0,0,0,63000,-63000,-63000
058053,上銀統一9B購01  ,0,0,0,0,0,0,0,0,0,-63000,0,0,0,303000,366000,-63000,-63000
05888P,友達元大97售01  ,0,0,0,0,0,0,0,0,0,-63000,0,0,0,0,63000,-63000,-63000
058752,鈺齊凱基9A購01  ,0,0,0,0,0,0,0,0,0,-63000,0,0,0,137000,200000,-63000,-63000
064370,聯茂統一02購01  ,0,0,0,0,0,0,0,0,0,-63000,0,0,0,145000,208000,-63000,-63000
063724,亞德客元大9B購03,0,0,0,0,0,0,0,0,0,-63000,0,0,0,31000,94000,-63000,-63000
061741,新光金凱基9B購01,0,0,0,0,0,0,0,0,0,-63000,0,0,0,8000,71000,-63000,-63000
061986,晶豪科元大9B購01,0,0,0,0,0,0,0,0,0,-63000,0,0,0,26000,89000,-63000,-63000
063034,致茂凱基9B購01  ,0,0,0,0,0,0,0,0,0,-63000,0,0,0,30000,93000,-63000,-63000
9924,福興            ,17000,80000,-63000,0,0,0,0,0,0,0,0,0,0,0,0,0,-63000
6166,凌華            ,41302,95000,-53698,0,0,0,0,0,0,-10000,0,10000,-10000,0,0,0,-63698
6416,瑞祺電通        ,172000,202000,-30000,0,0,0,0,0,0,-34000,31000,2000,29000,1000,64000,-63000,-64000
08184P,可成永豐9B售03  ,0,0,0,0,0,0,0,0,0,-64000,0,0,0,0,64000,-64000,-64000
064493,南亞科元大9C購01,0,0,0,0,0,0,0,0,0,-64000,0,0,0,86000,150000,-64000,-64000
064556,華通群益02購02  ,0,0,0,0,0,0,0,0,0,-64000,0,0,0,0,64000,-64000,-64000
056265,國泰金統一97購01,0,0,0,0,0,0,0,0,0,-64000,0,0,0,5000,69000,-64000,-64000
057624,新日興國泰99購01,0,0,0,0,0,0,0,0,0,-64000,0,0,0,7000,71000,-64000,-64000
06239P,奇力新元大97售08,0,0,0,0,0,0,0,0,0,-64000,0,0,0,86000,150000,-64000,-64000
064217,GIS凱基02購02   ,0,0,0,0,0,0,0,0,0,-64000,0,0,0,6000,70000,-64000,-64000
06391P,上銀中信97售03  ,0,0,0,0,0,0,0,0,0,-64000,0,0,0,6000,70000,-64000,-64000
06828P,臺股指國票98售04,0,0,0,0,0,0,0,0,0,-65000,0,0,0,0,65000,-65000,-65000
06983P,台積電國泰9A售02,0,0,0,0,0,0,0,0,0,-65000,0,0,0,5000,70000,-65000,-65000
07951P,智邦元大9B售05  ,0,0,0,0,0,0,0,0,0,-65000,0,0,0,11000,76000,-65000,-65000
08055P,臺股指國票9B售20,0,0,0,0,0,0,0,0,0,-65000,0,0,0,11000,76000,-65000,-65000
07312P,台灣50元大99售10,0,0,0,0,0,0,0,0,0,-65000,0,0,0,0,65000,-65000,-65000
1338,廣華-KY         ,21000,85000,-64000,0,0,0,0,0,0,-1000,0,1000,-1000,0,0,0,-65000
4426,利勤            ,29000,94000,-65000,0,0,0,0,0,0,0,0,0,0,0,0,0,-65000
056621,宏達電永豐98購01,0,0,0,0,0,0,0,0,0,-65000,0,0,0,0,65000,-65000,-65000
052738,聯電元大98購02  ,0,0,0,0,0,0,0,0,0,-65000,0,0,0,235000,300000,-65000,-65000
059159,上銀凱基99購05  ,0,0,0,0,0,0,0,0,0,-65000,0,0,0,0,65000,-65000,-65000
058693,旭富國票9A購01  ,0,0,0,0,0,0,0,0,0,-65000,0,0,0,61000,126000,-65000,-65000
058691,友訊國票9A購01  ,0,0,0,0,0,0,0,0,0,-65000,0,0,0,35000,100000,-65000,-65000
060965,中租凱基9B購01  ,0,0,0,0,0,0,0,0,0,-65000,0,0,0,85000,150000,-65000,-65000
063961,世紀鋼元大9C購05,0,0,0,0,0,0,0,0,0,-65000,0,0,0,0,65000,-65000,-65000
064003,台積電凱基01購03,0,0,0,0,0,0,0,0,0,-65000,0,0,0,32000,97000,-65000,-65000
064194,燿華群益9C購01  ,0,0,0,0,0,0,0,0,0,-65000,0,0,0,237000,302000,-65000,-65000
064299,宏碁兆豐9C購01  ,0,0,0,0,0,0,0,0,0,-65000,0,0,0,99000,164000,-65000,-65000
063158,瑞昱台新9B購02  ,0,0,0,0,0,0,0,0,0,-65000,0,0,0,88000,153000,-65000,-65000
062930,旺宏統一9C購02  ,0,0,0,0,0,0,0,0,0,-65000,0,0,0,0,65000,-65000,-65000
2314,台揚            ,183000,248000,-65000,0,0,0,0,0,0,-1000,0,1000,-1000,0,0,0,-66000
08378P,世紀鋼元富9C售02,0,0,0,0,0,0,0,0,0,-66000,0,0,0,0,66000,-66000,-66000
08375P,聯電元富9C售02  ,0,0,0,0,0,0,0,0,0,-66000,0,0,0,125000,191000,-66000,-66000
07459P,緯穎元大9A售01  ,0,0,0,0,0,0,0,0,0,-66000,0,0,0,124000,190000,-66000,-66000
07150P,和碩元大99售01  ,0,0,0,0,0,0,0,0,0,-66000,0,0,0,34000,100000,-66000,-66000
07966P,瑞祺群益9B售02  ,0,0,0,0,0,0,0,0,0,-66000,0,0,0,5000,71000,-66000,-66000
07762P,聯發科永豐9A售03,0,0,0,0,0,0,0,0,0,-66000,0,0,0,0,66000,-66000,-66000
05537P,群創中信98售01  ,0,0,0,0,0,0,0,0,0,-66000,0,0,0,0,66000,-66000,-66000
055415,禾伸堂富邦9B購01,0,0,0,0,0,0,0,0,0,-66000,0,0,0,4000,70000,-66000,-66000
057232,京元電凱基98購02,0,0,0,0,0,0,0,0,0,-66000,0,0,0,64000,130000,-66000,-66000
060021,立積康和99購01  ,0,0,0,0,0,0,0,0,0,-66000,0,0,0,15000,81000,-66000,-66000
057912,美律日盛99購01  ,0,0,0,0,0,0,0,0,0,-66000,0,0,0,235000,301000,-66000,-66000
061822,和潤群益9B購01  ,0,0,0,0,0,0,0,0,0,-66000,0,0,0,13000,79000,-66000,-66000
07626P,台灣50凱基04售07,0,0,0,0,0,0,0,0,0,-67000,0,0,0,3000,70000,-67000,-67000
1210,大成            ,315000,303000,12000,0,0,0,0,0,0,-79000,0,79000,-79000,0,0,0,-67000
08435P,台積電群益9C售11,0,0,0,0,0,0,0,0,0,-67000,0,0,0,0,67000,-67000,-67000
08426P,奇力新國票01售01,0,0,0,0,0,0,0,0,0,-67000,0,0,0,0,67000,-67000,-67000
057226,上銀凱基98購06  ,0,0,0,0,0,0,0,0,0,-67000,0,0,0,0,67000,-67000,-67000
057803,上銀元大98購08  ,0,0,0,0,0,0,0,0,0,-67000,0,0,0,29000,96000,-67000,-67000
060870,旭富群益9A購01  ,0,0,0,0,0,0,0,0,0,-67000,0,0,0,90000,157000,-67000,-67000
064067,美律永豐9C購01  ,0,0,0,0,0,0,0,0,0,-67000,0,0,0,1000,68000,-67000,-67000
063989,大立光永豐9C購01,0,0,0,0,0,0,0,0,0,-67000,0,0,0,2000,69000,-67000,-67000
3008,大立光          ,193165,247633,-54468,0,0,0,0,6300,-6300,-7000,6000,12000,-6000,0,1000,-1000,-67768
3669,圓展            ,336000,403000,-67000,0,0,0,0,0,0,-1000,0,1000,-1000,0,0,0,-68000
08361P,玉晶光永豐9C售04,0,0,0,0,0,0,0,0,0,-68000,0,0,0,0,68000,-68000,-68000
08211P,台表科元富9B售03,0,0,0,0,0,0,0,0,0,-68000,0,0,0,20000,88000,-68000,-68000
08238P,嘉晶永豐9B售03  ,0,0,0,0,0,0,0,0,0,-68000,0,0,0,0,68000,-68000,-68000
08085P,華通凱基9B售04  ,0,0,0,0,0,0,0,0,0,-68000,0,0,0,0,68000,-68000,-68000
2009,第一銅          ,0,68000,-68000,0,0,0,0,0,0,0,0,0,0,0,0,0,-68000
07506P,中租元大9A售01  ,0,0,0,0,0,0,0,0,0,-68000,0,0,0,0,68000,-68000,-68000
064393,友訊永豐9C購01  ,0,0,0,0,0,0,0,0,0,-68000,0,0,0,0,68000,-68000,-68000
064611,亞德客元大9C購02,0,0,0,0,0,0,0,0,0,-68000,0,0,0,0,68000,-68000,-68000
057178,可成元大98購03  ,0,0,0,0,0,0,0,0,0,-68000,0,0,0,0,68000,-68000,-68000
057277,可成元大98購05  ,0,0,0,0,0,0,0,0,0,-68000,0,0,0,0,68000,-68000,-68000
057370,可成元大98購07  ,0,0,0,0,0,0,0,0,0,-68000,0,0,0,0,68000,-68000,-68000
056813,聯茂統一99購01  ,0,0,0,0,0,0,0,0,0,-68000,0,0,0,40000,108000,-68000,-68000
060014,中鋼康和99購01  ,0,0,0,0,0,0,0,0,0,-68000,0,0,0,0,68000,-68000,-68000
056288,健鼎永豐97購01  ,0,0,0,0,0,0,0,0,0,-68000,0,0,0,0,68000,-68000,-68000
056361,美律元大99購02  ,0,0,0,0,0,0,0,0,0,-68000,0,0,0,0,68000,-68000,-68000
056899,可成元大98購01  ,0,0,0,0,0,0,0,0,0,-68000,0,0,0,0,68000,-68000,-68000
056905,欣興元大98購03  ,0,0,0,0,0,0,0,0,0,-68000,0,0,0,47000,115000,-68000,-68000
055989,矽力元富9A購01  ,0,0,0,0,0,0,0,0,0,-68000,0,0,0,12000,80000,-68000,-68000
056133,可成元大97購05  ,0,0,0,0,0,0,0,0,0,-68000,0,0,0,0,68000,-68000,-68000
054758,南亞國票9A購01  ,0,0,0,0,0,0,0,0,0,-68000,0,0,0,0,68000,-68000,-68000
057809,英業達元大98購01,0,0,0,0,0,0,0,0,0,-68000,0,0,0,7000,75000,-68000,-68000
057849,南茂永豐98購02  ,0,0,0,0,0,0,0,0,0,-68000,0,0,0,12000,80000,-68000,-68000
057874,可成元大99購02  ,0,0,0,0,0,0,0,0,0,-68000,0,0,0,0,68000,-68000,-68000
064272,鴻海元大9C購09  ,0,0,0,0,0,0,0,0,0,-68000,0,0,0,0,68000,-68000,-68000
063303,聯發科凱基9B購14,0,0,0,0,0,0,0,0,0,-68000,0,0,0,0,68000,-68000,-68000
063372,漢翔永豐9B購01  ,0,0,0,0,0,0,0,0,0,-68000,0,0,0,0,68000,-68000,-68000
063424,新日興凱基01購01,0,0,0,0,0,0,0,0,0,-68000,0,0,0,0,68000,-68000,-68000
061875,華新科元大9B購03,0,0,0,0,0,0,0,0,0,-68000,0,0,0,0,68000,-68000,-68000
062021,康控永豐9B購01  ,0,0,0,0,0,0,0,0,0,-68000,0,0,0,0,68000,-68000,-68000
062822,力成兆豐9B購01  ,0,0,0,0,0,0,0,0,0,-68000,0,0,0,0,68000,-68000,-68000
064694,玉晶光群益02購02,0,0,0,0,0,0,0,0,0,-69000,0,0,0,17000,86000,-69000,-69000
064725,緯創統一02購01  ,0,0,0,0,0,0,0,0,0,-69000,0,0,0,0,69000,-69000,-69000
2022,聚亨            ,0,34000,-34000,0,0,0,0,0,0,-35000,0,35000,-35000,0,0,0,-69000
1339,昭輝            ,4000,72000,-68000,0,0,0,0,0,0,-1000,0,1000,-1000,0,0,0,-69000
5258,虹堡            ,1000,40000,-39000,0,0,0,0,0,0,-30000,4000,34000,-30000,0,0,0,-69000
6525,捷敏-KY         ,3000,71000,-68000,0,0,0,0,0,0,-1000,0,1000,-1000,0,0,0,-69000
053361,友達元富99購01  ,0,0,0,0,0,0,0,0,0,-69000,0,0,0,21000,90000,-69000,-69000
058473,上銀凱基9A購03  ,0,0,0,0,0,0,0,0,0,-69000,0,0,0,0,69000,-69000,-69000
056840,友達元富98購02  ,0,0,0,0,0,0,0,0,0,-69000,0,0,0,30000,99000,-69000,-69000
059068,台虹國票9A購01  ,0,0,0,0,0,0,0,0,0,-69000,0,0,0,71000,140000,-69000,-69000
06243P,亞光元富97售01  ,0,0,0,0,0,0,0,0,0,-69000,0,0,0,0,69000,-69000,-69000
063951,新日興元大9C購01,0,0,0,0,0,0,0,0,0,-69000,0,0,0,99000,168000,-69000,-69000
064046,聯發科統一9C購12,0,0,0,0,0,0,0,0,0,-69000,0,0,0,34000,103000,-69000,-69000
5907,大洋-KY         ,0,70000,-70000,0,0,0,0,0,0,0,0,0,0,0,0,0,-70000
5203,訊連            ,55000,118000,-63000,0,0,0,0,0,0,-7000,0,3000,-3000,0,4000,-4000,-70000
2705,六福            ,2000,72000,-70000,0,0,0,0,0,0,0,0,0,0,0,0,0,-70000
2545,皇翔            ,17000,87000,-70000,0,0,0,0,0,0,0,0,0,0,0,0,0,-70000
2431,聯昌            ,0,70000,-70000,0,0,0,0,0,0,0,0,0,0,0,0,0,-70000
08270P,鴻海富邦9C售02  ,0,0,0,0,0,0,0,0,0,-70000,0,0,0,2000,72000,-70000,-70000
06461P,玉晶光國泰9A售01,0,0,0,0,0,0,0,0,0,-70000,0,0,0,77000,147000,-70000,-70000
055569,聚陽統一98購01  ,0,0,0,0,0,0,0,0,0,-70000,0,0,0,0,70000,-70000,-70000
058398,中環元大99購02  ,0,0,0,0,0,0,0,0,0,-70000,0,0,0,0,70000,-70000,-70000
058934,台灣50中信03購03,0,0,0,0,0,0,0,0,0,-70000,0,0,0,110000,180000,-70000,-70000
06067P,華新科康和97售01,0,0,0,0,0,0,0,0,0,-70000,0,0,0,170000,240000,-70000,-70000
060666,聯茂凱基9A購02  ,0,0,0,0,0,0,0,0,0,-70000,0,0,0,30000,100000,-70000,-70000
058611,欣興元大99購06  ,0,0,0,0,0,0,0,0,0,-70000,0,0,0,31000,101000,-70000,-70000
061154,可成群益9B購04  ,0,0,0,0,0,0,0,0,0,-70000,0,0,0,0,70000,-70000,-70000
061223,T50反1中信01購01,0,0,0,0,0,0,0,0,0,-70000,0,0,0,30000,100000,-70000,-70000
06342P,世芯統一98售01  ,0,0,0,0,0,0,0,0,0,-70000,0,0,0,0,70000,-70000,-70000
063290,GIS元大9B購02   ,0,0,0,0,0,0,0,0,0,-70000,0,0,0,66000,136000,-70000,-70000
063242,聯發科元大9B購19,0,0,0,0,0,0,0,0,0,-70000,0,0,0,0,70000,-70000,-70000
063648,台表科元大9C購05,0,0,0,0,0,0,0,0,0,-70000,0,0,0,22000,92000,-70000,-70000
062139,臺指反國票9C購02,0,0,0,0,0,0,0,0,0,-70000,0,0,0,0,70000,-70000,-70000
062281,奇鋐群益9B購01  ,0,0,0,0,0,0,0,0,0,-70000,0,0,0,0,70000,-70000,-70000
6415,矽力-KY         ,227060,288292,-61232,0,0,0,4000,2000,2000,-11000,3000,13000,-10000,0,1000,-1000,-70232
1506,正道            ,0,71000,-71000,0,0,0,0,0,0,0,0,0,0,0,0,0,-71000
06744P,嘉聯益永豐98售03,0,0,0,0,0,0,0,0,0,-71000,0,0,0,7000,78000,-71000,-71000
07247P,聯發科凱基9A售06,0,0,0,0,0,0,0,0,0,-71000,0,0,0,195000,266000,-71000,-71000
07071P,立積元富99售01  ,0,0,0,0,0,0,0,0,0,-71000,0,0,0,94000,165000,-71000,-71000
07783P,聯發科富邦9C售03,0,0,0,0,0,0,0,0,0,-71000,0,0,0,50000,121000,-71000,-71000
056592,台積電元富98購01,0,0,0,0,0,0,0,0,0,-71000,0,0,0,21000,92000,-71000,-71000
057599,技嘉群益9A購01  ,0,0,0,0,0,0,0,0,0,-71000,0,0,0,74000,145000,-71000,-71000
060887,台積電統一01購01,0,0,0,0,0,0,0,0,0,-71000,0,0,0,0,71000,-71000,-71000
062626,台積電國票9C購04,0,0,0,0,0,0,0,0,0,-71000,0,0,0,4000,75000,-71000,-71000
062633,亞光國票9B購01  ,0,0,0,0,0,0,0,0,0,-71000,0,0,0,15000,86000,-71000,-71000
08004P,大毅永豐9B售02  ,0,0,0,0,0,0,0,0,0,-72000,0,0,0,5000,77000,-72000,-72000
08014P,微星凱基9B售02  ,0,0,0,0,0,0,0,0,0,-72000,0,0,0,22000,94000,-72000,-72000
07059P,華通國票9A售02  ,0,0,0,0,0,0,0,0,0,-72000,0,0,0,60000,132000,-72000,-72000
07022P,嘉晶永豐99售02  ,0,0,0,0,0,0,0,0,0,-72000,0,0,0,160000,232000,-72000,-72000
1702,南僑            ,17000,89000,-72000,0,0,0,0,0,0,0,0,0,0,0,0,0,-72000
052077,可成元富98購02  ,0,0,0,0,0,0,0,0,0,-72000,0,0,0,48000,120000,-72000,-72000
056963,建準永豐98購01  ,0,0,0,0,0,0,0,0,0,-72000,0,0,0,65000,137000,-72000,-72000
055943,瑞昱麥證97購01  ,0,0,0,0,72000,-72000,0,0,0,-72000,0,0,0,0,72000,-72000,-72000
060675,南亞科元大9A購02,0,0,0,0,0,0,0,0,0,-72000,0,0,0,0,72000,-72000,-72000
060712,建準永豐9A購01  ,0,0,0,0,0,0,0,0,0,-72000,0,0,0,97000,169000,-72000,-72000
058338,康友元富99購01  ,0,0,0,0,0,0,0,0,0,-72000,0,0,0,5000,77000,-72000,-72000
062884,康控兆豐9C購01  ,0,0,0,0,0,0,0,0,0,-72000,0,0,0,38000,110000,-72000,-72000
8249,菱光            ,3000,75000,-72000,0,0,0,0,0,0,0,0,0,0,0,0,0,-72000
08225P,臺股指凱基9B售20,0,0,0,0,0,0,0,0,0,-73000,0,0,0,222000,295000,-73000,-73000
07652P,臺股指中信9A售07,0,0,0,0,0,0,0,0,0,-73000,0,0,0,49000,122000,-73000,-73000
05848P,臺股指元大96售24,0,0,0,0,0,0,0,0,0,-73000,0,0,0,0,73000,-73000,-73000
054785,建準群益98購01  ,0,0,0,0,0,0,0,0,0,-73000,0,0,0,44000,117000,-73000,-73000
061257,上銀凱基9A購06  ,0,0,0,0,0,0,0,0,0,-73000,0,0,0,0,73000,-73000,-73000
06082P,華通統一98售01  ,0,0,0,0,0,0,0,0,0,-73000,0,0,0,2000,75000,-73000,-73000
061229,緯穎中信9B購01  ,0,0,0,0,0,0,0,0,0,-73000,0,0,0,70000,143000,-73000,-73000
059618,台積電日盛99購01,0,0,0,0,0,0,0,0,0,-73000,0,0,0,81000,154000,-73000,-73000
062576,華擎群益9B購02  ,0,0,0,0,0,0,0,0,0,-73000,0,0,0,12000,85000,-73000,-73000
063487,國巨國泰01購02  ,0,0,0,0,0,0,0,0,0,-73000,0,0,0,13000,86000,-73000,-73000
1476,儒鴻            ,396210,397000,-790,0,0,0,6000,35000,-29000,-44000,30000,75000,-45000,6000,5000,1000,-73790
08117P,聯發科元富9B售04,0,0,0,0,0,0,0,0,0,-74000,0,0,0,5000,79000,-74000,-74000
6715,嘉基            ,21000,99000,-78000,0,0,0,4000,0,4000,0,0,0,0,0,0,0,-74000
2495,普安            ,15000,84000,-69000,0,0,0,0,0,0,-5000,0,5000,-5000,0,0,0,-74000
046937,聯電元大99購01  ,0,0,0,0,0,0,0,0,0,-74000,0,0,0,87000,161000,-74000,-74000
03658C,T50反1元大9A牛02,0,0,0,0,0,0,0,0,0,-74000,0,0,0,27000,101000,-74000,-74000
060077,台積電台新9B購01,0,0,0,0,0,0,0,0,0,-74000,0,0,0,1000,75000,-74000,-74000
057019,台積電凱基98購14,0,0,0,0,0,0,0,0,0,-74000,0,0,0,3000,77000,-74000,-74000
060309,佳世達永豐9A購01,0,0,0,0,0,0,0,0,0,-74000,0,0,0,371000,445000,-74000,-74000
058645,康控富邦01購01  ,0,0,0,0,0,0,0,0,0,-74000,0,0,0,0,74000,-74000,-74000
062645,國巨國泰9B購08  ,0,0,0,0,0,0,0,0,0,-74000,0,0,0,57000,131000,-74000,-74000
062971,英業達元富9B購01,0,0,0,0,0,0,0,0,0,-74000,0,0,0,107000,181000,-74000,-74000
062251,旺宏元大9B購06  ,0,0,0,0,0,0,0,0,0,-74000,0,0,0,1000,75000,-74000,-74000
062027,國泰金群益9B購01,0,0,0,0,0,0,0,0,0,-74000,0,0,0,0,74000,-74000,-74000
3015,全漢            ,1000,75000,-74000,0,0,0,0,0,0,-1000,0,1000,-1000,0,0,0,-75000
08074P,緯穎元富9B售02  ,0,0,0,0,0,0,0,0,0,-75000,0,0,0,20000,95000,-75000,-75000
064510,GIS元大01購01   ,0,0,0,0,0,0,0,0,0,-75000,0,0,0,6000,81000,-75000,-75000
055599,TPK元大97購01   ,0,0,0,0,0,0,0,0,0,-75000,0,0,0,0,75000,-75000,-75000
059931,緯穎富邦9A購01  ,0,0,0,0,0,0,0,0,0,-75000,0,0,0,20000,95000,-75000,-75000
058513,宏達電元大99購05,0,0,0,0,0,0,0,0,0,-75000,0,0,0,92000,167000,-75000,-75000
058471,台積電日盛9C購01,0,0,0,0,0,0,0,0,0,-75000,0,0,0,2000,77000,-75000,-75000
03446B,臺股指元大9B熊26,0,0,0,0,0,0,0,0,0,-75000,0,0,0,195000,270000,-75000,-75000
055318,華通國票98購01  ,0,0,0,0,0,0,0,0,0,-75000,0,0,0,30000,105000,-75000,-75000
060241,國泰金元大9A購01,0,0,0,0,0,0,0,0,0,-75000,0,0,0,32000,107000,-75000,-75000
061516,力成永豐9A購02  ,0,0,0,0,0,0,0,0,0,-75000,0,0,0,0,75000,-75000,-75000
061750,台達電台新9B購01,0,0,0,0,0,0,0,0,0,-75000,0,0,0,0,75000,-75000,-75000
062333,嘉晶統一9C購01  ,0,0,0,0,0,0,0,0,0,-75000,0,0,0,39000,114000,-75000,-75000
062871,大成鋼兆豐9B購01,0,0,0,0,0,0,0,0,0,-75000,0,0,0,74000,149000,-75000,-75000
062813,台積電兆豐9B購01,0,0,0,0,0,0,0,0,0,-75000,0,0,0,0,75000,-75000,-75000
063504,國巨群益9C購06  ,0,0,0,0,0,0,0,0,0,-75000,0,0,0,0,75000,-75000,-75000
063219,友達群益9B購03  ,0,0,0,0,0,0,0,0,0,-75000,0,0,0,98000,173000,-75000,-75000
063413,台積電麥證01購01,0,0,0,0,75000,-75000,0,0,0,-75000,0,0,0,0,75000,-75000,-75000
063397,廣達群益9B購02  ,0,0,0,0,0,0,0,0,0,-75000,0,0,0,0,75000,-75000,-75000
064170,儒鴻元富9C購01  ,0,0,0,0,0,0,0,0,0,-75000,0,0,0,47000,122000,-75000,-75000
064600,技嘉元富9C購01  ,0,0,0,0,0,0,0,0,0,-76000,0,0,0,0,76000,-76000,-76000
07149P,健鼎元大99售03  ,0,0,0,0,0,0,0,0,0,-76000,0,0,0,0,76000,-76000,-76000
3419,譁裕            ,7000,83000,-76000,0,0,0,0,0,0,0,0,0,0,0,0,0,-76000
05524P,瀚宇博國票97售02,0,0,0,0,0,0,0,0,0,-76000,0,0,0,0,76000,-76000,-76000
054511,香港反元大98購01,0,0,0,0,0,0,0,0,0,-76000,0,0,0,105000,181000,-76000,-76000
057658,玉晶光兆豐99購02,0,0,0,0,0,0,0,0,0,-76000,0,0,0,24000,100000,-76000,-76000
055477,同欣電凱基98購01,0,0,0,0,0,0,0,0,0,-76000,0,0,0,0,76000,-76000,-76000
057278,可成元大98購06  ,0,0,0,0,0,0,0,0,0,-76000,0,0,0,1000,77000,-76000,-76000
060835,亞德客國票9A購01,0,0,0,0,0,0,0,0,0,-76000,0,0,0,0,76000,-76000,-76000
064076,台積電中信06購02,0,0,0,0,0,0,0,0,0,-76000,0,0,0,2000,78000,-76000,-76000
06333P,臺股指群益9C售02,0,0,0,0,0,0,0,0,0,-76000,0,0,0,5000,81000,-76000,-76000
08158P,嘉澤元富9B售03  ,0,0,0,0,0,0,0,0,0,-77000,0,0,0,51000,128000,-77000,-77000
08386P,臺股指群益9C售14,0,0,0,0,0,0,0,0,0,-77000,0,0,0,5000,82000,-77000,-77000
1737,臺鹽            ,0,77000,-77000,0,0,0,0,0,0,0,0,0,0,0,0,0,-77000
07133P,臺股指元大9A售27,0,0,0,0,0,0,0,0,0,-77000,0,0,0,43000,120000,-77000,-77000
064499,可成元大9C購07  ,0,0,0,0,0,0,0,0,0,-77000,0,0,0,0,77000,-77000,-77000
06750P,聯發科元富02售03,0,0,0,0,0,0,0,0,0,-77000,0,0,0,0,77000,-77000,-77000
00683L,元大美元指數正2 ,0,0,0,0,0,0,0,0,0,-77000,0,0,0,41000,118000,-77000,-77000
061075,亞德客兆豐9A購01,0,0,0,0,0,0,0,0,0,-77000,0,0,0,53000,130000,-77000,-77000
059259,FBVIX中信03購06 ,0,0,0,0,0,0,0,0,0,-77000,0,0,0,90000,167000,-77000,-77000
064080,宏達電中信06購01,0,0,0,0,0,0,0,0,0,-77000,0,0,0,286000,363000,-77000,-77000
064306,和潤兆豐01購01  ,0,0,0,0,0,0,0,0,0,-77000,0,0,0,103000,180000,-77000,-77000
9946,三發地產        ,0,77000,-77000,0,0,0,0,0,0,0,0,0,0,0,0,0,-77000
2010,春源            ,2000,80000,-78000,0,0,0,0,0,0,0,0,0,0,0,0,0,-78000
054558,劍麟群益99購01  ,0,0,0,0,0,0,0,0,0,-78000,0,0,0,32000,110000,-78000,-78000
053728,茂林凱基97購01  ,0,0,0,0,0,0,0,0,0,-78000,0,0,0,0,78000,-78000,-78000
057612,瑞昱元富02購01  ,0,0,0,0,0,0,0,0,0,-78000,0,0,0,163000,241000,-78000,-78000
058661,臺股指中信9C購01,0,0,0,0,0,0,0,0,0,-78000,0,0,0,17000,95000,-78000,-78000
060850,康友國票9A購03  ,0,0,0,0,0,0,0,0,0,-78000,0,0,0,0,78000,-78000,-78000
063938,上銀元大9C購03  ,0,0,0,0,0,0,0,0,0,-78000,0,0,0,24000,102000,-78000,-78000
06377P,華通統一97售04  ,0,0,0,0,0,0,0,0,0,-78000,0,0,0,0,78000,-78000,-78000
063171,光寶科中信9B購01,0,0,0,0,0,0,0,0,0,-78000,0,0,0,216000,294000,-78000,-78000
062183,奇鋐元大9B購01  ,0,0,0,0,0,0,0,0,0,-78000,0,0,0,0,78000,-78000,-78000
2034,允強            ,2000,81000,-79000,0,0,0,0,0,0,0,0,0,0,0,0,0,-79000
07635P,世芯永豐9A售05  ,0,0,0,0,0,0,0,0,0,-79000,0,0,0,133000,212000,-79000,-79000
055627,亞德客永豐97購02,0,0,0,0,0,0,0,0,0,-79000,0,0,0,0,79000,-79000,-79000
062177,上銀元大9B購02  ,0,0,0,0,0,0,0,0,0,-79000,0,0,0,14000,93000,-79000,-79000
063755,上銀統一9C購03  ,0,0,0,0,0,0,0,0,0,-79000,0,0,0,69000,148000,-79000,-79000
064019,上銀元大9C購05  ,0,0,0,0,0,0,0,0,0,-79000,0,0,0,80000,159000,-79000,-79000
07109P,聯發科中信9B售02,0,0,0,0,0,0,0,0,0,-80000,0,0,0,0,80000,-80000,-80000
07342P,大立光凱基99售14,0,0,0,0,0,0,0,0,0,-80000,0,0,0,10000,90000,-80000,-80000
06770P,台灣50第一9C售01,0,0,0,0,0,0,0,0,0,-80000,0,0,0,0,80000,-80000,-80000
064745,聯鈞國票01購01  ,0,0,0,0,0,0,0,0,0,-80000,0,0,0,20000,100000,-80000,-80000
064683,台表科兆豐9C購02,0,0,0,0,0,0,0,0,0,-80000,0,0,0,5000,85000,-80000,-80000
059908,元金2X元大99購01,0,0,0,0,0,0,0,0,0,-80000,0,0,0,20000,100000,-80000,-80000
059906,臺指反元大9C購04,0,0,0,0,0,0,0,0,0,-80000,0,0,0,0,80000,-80000,-80000
060050,鴻海凱基9B購01  ,0,0,0,0,0,0,0,0,0,-80000,0,0,0,0,80000,-80000,-80000
056184,南亞科統一97購03,0,0,0,0,0,0,0,0,0,-80000,0,0,0,0,80000,-80000,-80000
054335,緯穎永豐96購02  ,0,0,0,0,0,0,0,0,0,-80000,0,0,0,0,80000,-80000,-80000
00670L,富邦NASDAQ正2   ,23000,69000,-46000,0,0,0,0,0,0,-34000,76000,676000,-600000,1292000,726000,566000,-80000
00662,富邦NASDAQ      ,2000,29000,-27000,0,0,0,0,0,0,-53000,166000,0,166000,36000,255000,-219000,-80000
049200,元黃金群益98購01,0,0,0,0,0,0,0,0,0,-80000,0,0,0,0,80000,-80000,-80000
060931,GIS永豐9A購01   ,0,0,0,0,0,0,0,0,0,-80000,0,0,0,1000,81000,-80000,-80000
061455,京元電凱基9B購01,0,0,0,0,0,0,0,0,0,-80000,0,0,0,31000,111000,-80000,-80000
063968,新光金國票01購01,0,0,0,0,0,0,0,0,0,-80000,0,0,0,0,80000,-80000,-80000
062889,可成群益9C購01  ,0,0,0,0,0,0,0,0,0,-80000,0,0,0,4000,84000,-80000,-80000
062696,國巨元大9B購16  ,0,0,0,0,0,0,0,0,0,-80000,0,0,0,0,80000,-80000,-80000
1906,寶隆            ,118000,199000,-81000,0,0,0,0,0,0,0,0,0,0,0,0,0,-81000
08436P,TPK群益9C售04   ,0,0,0,0,0,0,0,0,0,-81000,0,0,0,0,81000,-81000,-81000
2850,新產            ,1000,82000,-81000,0,0,0,0,0,0,0,0,0,0,0,0,0,-81000
2527,宏璟            ,2000,80000,-78000,0,0,0,0,0,0,-3000,0,3000,-3000,0,0,0,-81000
057574,中磊永豐98購01  ,0,0,0,0,0,0,0,0,0,-81000,0,0,0,0,81000,-81000,-81000
061550,聯鈞群益9A購03  ,0,0,0,0,0,0,0,0,0,-81000,0,0,0,48000,129000,-81000,-81000
061924,聯發科凱基9C購01,0,0,0,0,0,0,0,0,0,-81000,0,0,0,34000,115000,-81000,-81000
063344,臺企銀統一9C購01,0,0,0,0,0,0,0,0,0,-81000,0,0,0,40000,121000,-81000,-81000
064678,嘉晶兆豐01購01  ,0,0,0,0,0,0,0,0,0,-82000,0,0,0,0,82000,-82000,-82000
064628,南六元大9C購05  ,0,0,0,0,0,0,0,0,0,-82000,0,0,0,49000,131000,-82000,-82000
054751,GIS凱基98購01   ,0,0,0,0,0,0,0,0,0,-82000,0,0,0,35000,117000,-82000,-82000
059941,聯發科永豐99購04,0,0,0,0,0,0,0,0,0,-82000,0,0,0,0,82000,-82000,-82000
057138,亞德客兆豐98購01,0,0,0,0,0,0,0,0,0,-82000,0,0,0,0,82000,-82000,-82000
06083P,華通統一98售02  ,0,0,0,0,0,0,0,0,0,-82000,0,0,0,0,82000,-82000,-82000
060380,T50反1凱基9A購08,0,0,0,0,0,0,0,0,0,-82000,0,0,0,18000,100000,-82000,-82000
064041,國巨統一01購07  ,0,0,0,0,0,0,0,0,0,-82000,0,0,0,0,82000,-82000,-82000
063880,可成元富9C購01  ,0,0,0,0,0,0,0,0,0,-82000,0,0,0,0,82000,-82000,-82000
064376,美律元富9C購01  ,0,0,0,0,0,0,0,0,0,-82000,0,0,0,86000,168000,-82000,-82000
2017,官田鋼          ,59000,141000,-82000,0,0,0,0,0,0,-1000,0,1000,-1000,0,0,0,-83000
057534,旭富元大98購01  ,0,0,0,0,0,0,0,0,0,-83000,0,0,0,135000,218000,-83000,-83000
061190,力山永豐9A購02  ,0,0,0,0,0,0,0,0,0,-83000,0,0,0,39000,122000,-83000,-83000
064010,GIS凱基02購01   ,0,0,0,0,0,0,0,0,0,-83000,0,0,0,47000,130000,-83000,-83000
061752,瑞昱台新9B購01  ,0,0,0,0,0,0,0,0,0,-83000,0,0,0,65000,148000,-83000,-83000
062888,漢唐群益9B購01  ,0,0,0,0,0,0,0,0,0,-83000,0,0,0,17000,100000,-83000,-83000
063137,瑞昱統一01購02  ,0,0,0,0,0,0,0,0,0,-83000,0,0,0,55000,138000,-83000,-83000
2365,昆盈            ,1000,83000,-82000,0,0,0,0,0,0,-2000,0,2000,-2000,0,0,0,-84000
08215P,旺宏群益9B售04  ,0,0,0,0,0,0,0,0,0,-84000,0,0,0,0,84000,-84000,-84000
064420,台積電兆豐9C購03,0,0,0,0,0,0,0,0,0,-84000,0,0,0,1000,85000,-84000,-84000
00757,統一FANG+       ,0,0,0,0,0,0,0,0,0,-84000,0,0,0,205000,289000,-84000,-84000
057637,上銀元大98購07  ,0,0,0,0,0,0,0,0,0,-84000,0,0,0,0,84000,-84000,-84000
057862,智邦凱基99購01  ,0,0,0,0,0,0,0,0,0,-84000,0,0,0,20000,104000,-84000,-84000
063082,瑞昱凱基9B購04  ,0,0,0,0,0,0,0,0,0,-84000,0,0,0,177000,261000,-84000,-84000
062239,台汽電凱基9B購01,0,0,0,0,0,0,0,0,0,-84000,0,0,0,100000,184000,-84000,-84000
062277,廣達群益9B購01  ,0,0,0,0,0,0,0,0,0,-84000,0,0,0,0,84000,-84000,-84000
064656,聚陽元大9C購03  ,0,0,0,0,0,0,0,0,0,-85000,0,0,0,0,85000,-85000,-85000
064680,創意兆豐01購01  ,0,0,0,0,0,0,0,0,0,-85000,0,0,0,0,85000,-85000,-85000
08304P,大立光中信02售01,0,0,0,0,0,0,0,0,0,-85000,0,0,0,0,85000,-85000,-85000
054037,T50反1元大96購09,0,0,0,0,0,0,0,0,0,-85000,0,0,0,0,85000,-85000,-85000
059816,聯電凱基99購03  ,0,0,0,0,0,0,0,0,0,-85000,0,0,0,36000,121000,-85000,-85000
057768,華新科中信9A購01,0,0,0,0,0,0,0,0,0,-85000,0,0,0,15000,100000,-85000,-85000
060337,FBVIX統一9A購01 ,0,0,0,0,0,0,0,0,0,-85000,0,0,0,339000,424000,-85000,-85000
061828,T50反1凱基02購01,0,0,0,0,0,0,0,0,0,-85000,0,0,0,0,85000,-85000,-85000
064077,台積電中信06購03,0,0,0,0,0,0,0,0,0,-85000,0,0,0,87000,172000,-85000,-85000
4540,全球傳動        ,134000,220000,-86000,0,0,0,0,0,0,0,0,0,0,0,0,0,-86000
059919,宏達電元大99購06,0,0,0,0,0,0,0,0,0,-86000,0,0,0,173000,259000,-86000,-86000
061640,智原元大9A購01  ,0,0,0,0,0,0,0,0,0,-86000,0,0,0,78000,164000,-86000,-86000
063859,國巨國泰01購03  ,0,0,0,0,0,0,0,0,0,-86000,0,0,0,25000,111000,-86000,-86000
062305,遠東新凱基9B購01,0,0,0,0,0,0,0,0,0,-86000,0,0,0,16000,102000,-86000,-86000
062504,旭富群益9B購02  ,0,0,0,0,0,0,0,0,0,-86000,0,0,0,121000,207000,-86000,-86000
1808,潤隆            ,8000,78800,-70800,0,0,0,0,0,0,-16000,0,16000,-16000,0,0,0,-86800
059534,國泰金凱基99購01,0,0,0,0,0,0,0,0,0,-87000,0,0,0,0,87000,-87000,-87000
058517,景碩元大99購06  ,0,0,0,0,0,0,0,0,0,-87000,0,0,0,56000,143000,-87000,-87000
058479,亞光凱基9A購01  ,0,0,0,0,0,0,0,0,0,-87000,0,0,0,0,87000,-87000,-87000
06152P,玉晶光元大98售06,0,0,0,0,0,0,0,0,0,-87000,0,0,0,0,87000,-87000,-87000
063670,美食統一9C購01  ,0,0,0,0,0,0,0,0,0,-87000,0,0,0,132000,219000,-87000,-87000
08177P,金像電元大9B售02,0,0,0,0,0,0,0,0,0,-88000,0,0,0,5000,93000,-88000,-88000
3321,同泰            ,7000,94000,-87000,0,0,0,0,0,0,-1000,0,1000,-1000,0,0,0,-88000
06457P,玉晶光統一98售02,0,0,0,0,0,0,0,0,0,-88000,0,0,0,0,88000,-88000,-88000
064546,燿華凱基02購01  ,0,0,0,0,0,0,0,0,0,-88000,0,0,0,54000,142000,-88000,-88000
064838,旭富統一01購01  ,0,0,0,0,0,0,0,0,0,-88000,0,0,0,0,88000,-88000,-88000
055916,奇鋐凱基99購01  ,0,0,0,0,0,0,0,0,0,-88000,0,0,0,27000,115000,-88000,-88000
055710,亞德客元大97購03,0,0,0,0,0,0,0,0,0,-88000,0,0,0,0,88000,-88000,-88000
03684C,臺股指元大06牛01,0,0,0,0,0,0,0,0,0,-88000,0,0,0,0,88000,-88000,-88000
059075,FBVIX元大99購01 ,0,0,0,0,0,0,0,0,0,-88000,0,0,0,11000,99000,-88000,-88000
059103,旭富元富99購03  ,0,0,0,0,0,0,0,0,0,-88000,0,0,0,201000,289000,-88000,-88000
061224,道瓊反中信01購01,0,0,0,0,0,0,0,0,0,-88000,0,0,0,0,88000,-88000,-88000
060990,新光金元大9B購03,0,0,0,0,0,0,0,0,0,-88000,0,0,0,12000,100000,-88000,-88000
058225,旺宏元富99購01  ,0,0,0,0,0,0,0,0,0,-88000,0,0,0,10000,98000,-88000,-88000
063860,旺宏國泰02購01  ,0,0,0,0,0,0,0,0,0,-88000,0,0,0,50000,138000,-88000,-88000
064094,達新群益9C購01  ,0,0,0,0,0,0,0,0,0,-88000,0,0,0,102000,190000,-88000,-88000
062364,瑞昱元大9B購04  ,0,0,0,0,0,0,0,0,0,-88000,0,0,0,20000,108000,-88000,-88000
062196,聯發科中信01購02,0,0,0,0,0,0,0,0,0,-88000,0,0,0,1000,89000,-88000,-88000
062030,旭富群益9B購01  ,0,0,0,0,0,0,0,0,0,-88000,0,0,0,21000,109000,-88000,-88000
064581,葡萄王永豐9C購01,0,0,0,0,0,0,0,0,0,-89000,0,0,0,31000,120000,-89000,-89000
07760P,力山永豐9A售03  ,0,0,0,0,0,0,0,0,0,-89000,0,0,0,0,89000,-89000,-89000
08243P,祥碩凱基9C售02  ,0,0,0,0,0,0,0,0,0,-89000,0,0,0,0,89000,-89000,-89000
053401,臺股指中信99購01,0,0,0,0,0,0,0,0,0,-89000,0,0,0,0,89000,-89000,-89000
061000,旺宏兆豐9A購02  ,0,0,0,0,0,0,0,0,0,-89000,0,0,0,0,89000,-89000,-89000
061228,聯茂中信9A購01  ,0,0,0,0,0,0,0,0,0,-89000,0,0,0,66000,155000,-89000,-89000
060172,智原台新9A購01  ,0,0,0,0,0,0,0,0,0,-89000,0,0,0,10000,99000,-89000,-89000
061526,宏達電凱基9A購04,0,0,0,0,0,0,0,0,0,-89000,0,0,0,73000,162000,-89000,-89000
057865,富邦金凱基98購01,0,0,0,0,0,0,0,0,0,-89000,0,0,0,0,89000,-89000,-89000
062295,康友永豐9B購01  ,0,0,0,0,0,0,0,0,0,-89000,0,0,0,20000,109000,-89000,-89000
062433,上銀元大9B購05  ,0,0,0,0,0,0,0,0,0,-89000,0,0,0,3000,92000,-89000,-89000
062556,瑞昱凱基9B購02  ,0,0,0,0,0,0,0,0,0,-89000,0,0,0,56000,145000,-89000,-89000
063027,台汽電元大9B購01,0,0,0,0,0,0,0,0,0,-89000,0,0,0,344000,433000,-89000,-89000
062834,立積群益9B購02  ,0,0,0,0,0,0,0,0,0,-89000,0,0,0,27000,116000,-89000,-89000
063697,香港反群益9C購01,0,0,0,0,0,0,0,0,0,-89000,0,0,0,0,89000,-89000,-89000
063402,GIS群益9B購02   ,0,0,0,0,0,0,0,0,0,-89000,0,0,0,144000,233000,-89000,-89000
08186P,泰碩永豐9B售03  ,0,0,0,0,0,0,0,0,0,-90000,0,0,0,30000,120000,-90000,-90000
3665,貿聯-KY         ,241000,442000,-201000,0,0,0,93000,0,93000,18000,42000,11000,31000,11000,24000,-13000,-90000
064682,嘉聯益兆豐01購01,0,0,0,0,0,0,0,0,0,-90000,0,0,0,0,90000,-90000,-90000
06627P,華新科元富99售01,0,0,0,0,0,0,0,0,0,-90000,0,0,0,6000,96000,-90000,-90000
057524,旺宏元大99購04  ,0,0,0,0,0,0,0,0,0,-90000,0,0,0,64000,154000,-90000,-90000
03861P,群創元富99售01  ,0,0,0,0,0,0,0,0,0,-90000,0,0,0,0,90000,-90000,-90000
03444B,臺股指元大9C熊02,0,0,0,0,0,0,0,0,0,-90000,0,0,0,10000,100000,-90000,-90000
055174,精元統一97購01  ,0,0,0,0,0,0,0,0,0,-90000,0,0,0,10000,100000,-90000,-90000
056642,旺宏凱基98購07  ,0,0,0,0,0,0,0,0,0,-90000,0,0,0,3000,93000,-90000,-90000
056219,T50反1日盛02購01,0,0,0,0,0,0,0,0,0,-90000,0,0,0,43000,133000,-90000,-90000
059671,滬深2X元富99購05,0,0,0,0,0,0,0,0,0,-90000,0,0,0,45000,135000,-90000,-90000
060732,玉晶光群益9C購02,0,0,0,0,0,0,0,0,0,-90000,0,0,0,10000,100000,-90000,-90000
060657,旺宏統一9B購05  ,0,0,0,0,0,0,0,0,0,-90000,0,0,0,0,90000,-90000,-90000
063387,台積電兆豐9B購03,0,0,0,0,0,0,0,0,0,-90000,0,0,0,22000,112000,-90000,-90000
064102,宏達電群益9C購01,0,0,0,0,0,0,0,0,0,-90000,0,0,0,209000,299000,-90000,-90000
063887,香港2X中信02購01,0,0,0,0,0,0,0,0,0,-90000,0,0,0,10000,100000,-90000,-90000
062921,GIS元大9B購01   ,0,0,0,0,0,0,0,0,0,-90000,0,0,0,20000,110000,-90000,-90000
062669,微星中信03購01  ,0,0,0,0,0,0,0,0,0,-90000,0,0,0,20000,110000,-90000,-90000
062242,臺指反元大02購03,0,0,0,0,0,0,0,0,0,-90000,0,0,0,0,90000,-90000,-90000
064444,聚陽統一01購02  ,0,0,0,0,0,0,0,0,0,-91000,0,0,0,112000,203000,-91000,-91000
6224,聚鼎            ,127000,216000,-89000,0,0,0,0,0,0,-2000,0,2000,-2000,0,0,0,-91000
2486,一詮            ,6000,96000,-90000,0,0,0,0,0,0,-1000,0,1000,-1000,0,0,0,-91000
2617,台航            ,7000,97000,-90000,0,0,0,0,0,0,-1000,0,1000,-1000,0,0,0,-91000
2030,彰源            ,5000,95000,-90000,0,0,0,0,0,0,-1000,0,1000,-1000,0,0,0,-91000
057142,力成兆豐98購01  ,0,0,0,0,0,0,0,0,0,-91000,0,0,0,0,91000,-91000,-91000
00673R,元大S&P原油反1  ,0,0,0,0,0,0,0,0,0,-91000,0,0,0,339000,430000,-91000,-91000
060708,康友富邦9B購01  ,0,0,0,0,0,0,0,0,0,-91000,0,0,0,50000,141000,-91000,-91000
060855,華新科富邦01購01,0,0,0,0,0,0,0,0,0,-91000,0,0,0,0,91000,-91000,-91000
058382,S&P500中信99購01,0,0,0,0,0,0,0,0,0,-91000,0,0,0,10000,101000,-91000,-91000
063914,和碩凱基9C購01  ,0,0,0,0,0,0,0,0,0,-91000,0,0,0,141000,232000,-91000,-91000
063241,聯發科元大9B購18,0,0,0,0,0,0,0,0,0,-91000,0,0,0,0,91000,-91000,-91000
063524,瑞昱凱基9B購05  ,0,0,0,0,0,0,0,0,0,-91000,0,0,0,32000,123000,-91000,-91000
063558,聚陽元大9B購02  ,0,0,0,0,0,0,0,0,0,-91000,0,0,0,137000,228000,-91000,-91000
064619,南亞科元大9C購05,0,0,0,0,0,0,0,0,0,-92000,0,0,0,9000,101000,-92000,-92000
07975P,國巨元大9B售15  ,0,0,0,0,0,0,0,0,0,-92000,0,0,0,0,92000,-92000,-92000
07926P,上銀統一9B售02  ,0,0,0,0,0,0,0,0,0,-92000,0,0,0,0,92000,-92000,-92000
07076P,鴻海凱基9A售08  ,0,0,0,0,0,0,0,0,0,-92000,0,0,0,80000,172000,-92000,-92000
057636,上銀元大98購06  ,0,0,0,0,0,0,0,0,0,-92000,0,0,0,5000,97000,-92000,-92000
057320,玉晶光凱基98購01,0,0,0,0,0,0,0,0,0,-92000,0,0,0,2000,94000,-92000,-92000
056120,聯茂群益97購02  ,0,0,0,0,0,0,0,0,0,-92000,0,0,0,0,92000,-92000,-92000
058240,景碩元大99購04  ,0,0,0,0,0,0,0,0,0,-92000,0,0,0,0,92000,-92000,-92000
063500,嘉晶永豐9B購02  ,0,0,0,0,0,0,0,0,0,-92000,0,0,0,0,92000,-92000,-92000
061943,上銀群益9B購02  ,0,0,0,0,0,0,0,0,0,-92000,0,0,0,9000,101000,-92000,-92000
062886,中興電群益9B購01,0,0,0,0,0,0,0,0,0,-92000,0,0,0,21000,113000,-92000,-92000
07183P,臺股指凱基99售25,0,0,0,0,0,0,0,0,0,-93000,0,0,0,0,93000,-93000,-93000
064684,巨大兆豐9C購01  ,0,0,0,0,0,0,0,0,0,-93000,0,0,0,0,93000,-93000,-93000
1507,永大            ,2000,78000,-76000,0,0,0,0,0,0,-17000,0,17000,-17000,0,0,0,-93000
1325,恆大            ,401000,475000,-74000,0,0,0,20000,0,20000,-39000,37000,71000,-34000,0,5000,-5000,-93000
08201P,祥碩元大9B售09  ,0,0,0,0,0,0,0,0,0,-93000,0,0,0,131000,224000,-93000,-93000
057284,新日興元大98購03,0,0,0,0,0,0,0,0,0,-93000,0,0,0,13000,106000,-93000,-93000
055716,致茂元大97購01  ,0,0,0,0,0,0,0,0,0,-93000,0,0,0,6000,99000,-93000,-93000
052654,友達統一97購01  ,0,0,0,0,0,0,0,0,0,-93000,0,0,0,25000,118000,-93000,-93000
061604,台光電凱基9B購01,0,0,0,0,0,0,0,0,0,-93000,0,0,0,125000,218000,-93000,-93000
063824,S&P反1國票9C購01,0,0,0,0,0,0,0,0,0,-93000,0,0,0,0,93000,-93000,-93000
08331P,義隆元富9C售02  ,0,0,0,0,0,0,0,0,0,-94000,0,0,0,82000,176000,-94000,-94000
3257,虹冠電          ,78000,171000,-93000,0,0,0,0,0,0,-1000,0,1000,-1000,0,0,0,-94000
054569,GIS群益98購01   ,0,0,0,0,0,0,0,0,0,-94000,0,0,0,18000,112000,-94000,-94000
061606,景碩凱基9A購02  ,0,0,0,0,0,0,0,0,0,-94000,0,0,0,188000,282000,-94000,-94000
060674,瑞昱元大9A購03  ,0,0,0,0,0,0,0,0,0,-94000,0,0,0,21000,115000,-94000,-94000
3040,遠見            ,43000,137000,-94000,0,0,0,0,0,0,-1000,0,1000,-1000,0,0,0,-95000
06604P,聯發科元富02售02,0,0,0,0,0,0,0,0,0,-95000,0,0,0,0,95000,-95000,-95000
06934P,聯鈞元大98售03  ,0,0,0,0,0,0,0,0,0,-95000,0,0,0,25000,120000,-95000,-95000
07948P,大成鋼凱基9B售01,0,0,0,0,0,0,0,0,0,-95000,0,0,0,89000,184000,-95000,-95000
057183,玉晶光元大99購07,0,0,0,0,0,0,0,0,0,-95000,0,0,0,130000,225000,-95000,-95000
060477,和潤元大9A購01  ,0,0,0,0,0,0,0,0,0,-95000,0,0,0,309000,404000,-95000,-95000
061017,國泰金麥證9A購01,0,0,0,2000,97000,-95000,0,0,0,-95000,0,0,0,2000,97000,-95000,-95000
060989,國泰金元大9A購02,0,0,0,0,0,0,0,0,0,-95000,0,0,0,15000,110000,-95000,-95000
061423,廣達元大9A購01  ,0,0,0,0,0,0,0,0,0,-95000,0,0,0,29000,124000,-95000,-95000
064360,台積電統一9C購12,0,0,0,0,0,0,0,0,0,-95000,0,0,0,118000,213000,-95000,-95000
063226,康控群益9B購03  ,0,0,0,0,0,0,0,0,0,-95000,0,0,0,0,95000,-95000,-95000
062810,華通兆豐9B購02  ,0,0,0,0,0,0,0,0,0,-95000,0,0,0,0,95000,-95000,-95000
064721,國泰金統一02購01,0,0,0,0,0,0,0,0,0,-96000,0,0,0,0,96000,-96000,-96000
08363P,南亞科凱基01售01,0,0,0,0,0,0,0,0,0,-96000,0,0,0,0,96000,-96000,-96000
047969,台達電富邦97購01,0,0,0,0,0,0,0,0,0,-96000,0,0,0,0,96000,-96000,-96000
059841,國巨富邦9C購01  ,0,0,0,0,0,0,0,0,0,-96000,0,0,0,42000,138000,-96000,-96000
059176,臺股指凱基99購27,0,0,0,0,0,0,0,0,0,-96000,0,0,0,61000,157000,-96000,-96000
063364,聯發科富邦01購02,0,0,0,0,0,0,0,0,0,-96000,0,0,0,325000,421000,-96000,-96000
064334,可成元大01購01  ,0,0,0,0,0,0,0,0,0,-96000,0,0,0,2000,98000,-96000,-96000
3033,威健            ,4000,100000,-96000,0,0,0,0,0,0,-1000,0,1000,-1000,0,0,0,-97000
6024,群益期          ,8000,105000,-97000,0,0,0,0,0,0,0,0,0,0,0,0,0,-97000
3645,達邁            ,35000,126000,-91000,0,0,0,0,0,0,-6000,0,6000,-6000,0,0,0,-97000
07815P,美律群益9A售04  ,0,0,0,0,0,0,0,0,0,-97000,0,0,0,0,97000,-97000,-97000
051485,玉晶光凱基97購02,0,0,0,0,0,0,0,0,0,-97000,0,0,0,10000,107000,-97000,-97000
060686,康友元大9A購02  ,0,0,0,0,0,0,0,0,0,-97000,0,0,0,76000,173000,-97000,-97000
064348,TPK元大9C購03   ,0,0,0,0,0,0,0,0,0,-97000,0,0,0,5000,102000,-97000,-97000
063515,香港2X凱基01購01,0,0,0,0,0,0,0,0,0,-97000,0,0,0,24000,121000,-97000,-97000
2399,映泰            ,17000,114000,-97000,0,0,0,0,0,0,-1000,0,1000,-1000,0,0,0,-98000
055305,旺宏群益99購01  ,0,0,0,0,0,0,0,0,0,-98000,0,0,0,0,98000,-98000,-98000
056444,南亞科凱基99購01,0,0,0,0,0,0,0,0,0,-98000,0,0,0,2000,100000,-98000,-98000
056788,日月光群益98購01,0,0,0,0,0,0,0,0,0,-98000,0,0,0,0,98000,-98000,-98000
060865,創意永豐9A購01  ,0,0,0,0,0,0,0,0,0,-98000,0,0,0,68000,166000,-98000,-98000
058160,奇鋐元富99購01  ,0,0,0,0,0,0,0,0,0,-98000,0,0,0,9000,107000,-98000,-98000
061706,旭富國票9A購02  ,0,0,0,0,0,0,0,0,0,-98000,0,0,0,22000,120000,-98000,-98000
062958,長榮航麥證9B購01,0,0,0,0,98000,-98000,0,0,0,-98000,0,0,0,0,98000,-98000,-98000
062754,台勝科麥證9B購01,0,0,0,0,98000,-98000,0,0,0,-98000,0,0,0,0,98000,-98000,-98000
9955,佳龍            ,5000,103000,-98000,0,0,0,0,0,0,0,0,0,0,0,0,0,-98000
064554,儒鴻群益9C購01  ,0,0,0,0,0,0,0,0,0,-99000,0,0,0,0,99000,-99000,-99000
06902P,聯電凱基98售02  ,0,0,0,0,0,0,0,0,0,-99000,0,0,0,42000,141000,-99000,-99000
057034,道瓊反元大9B購01,0,0,0,0,0,0,0,0,0,-99000,0,0,0,0,99000,-99000,-99000
062815,聯發科兆豐9B購03,0,0,0,0,0,0,0,0,0,-99000,0,0,0,0,99000,-99000,-99000
063048,聯詠兆豐9B購01  ,0,0,0,0,0,0,0,0,0,-99000,0,0,0,217000,316000,-99000,-99000
06905P,上証2X國泰99售02,0,0,0,0,0,0,0,0,0,-100000,0,0,0,0,100000,-100000,-100000
06517P,國巨凱基98售09  ,0,0,0,0,0,0,0,0,0,-100000,0,0,0,0,100000,-100000,-100000
06618P,智邦元大98售04  ,0,0,0,0,0,0,0,0,0,-100000,0,0,0,200000,300000,-100000,-100000
064757,義隆凱基01購02  ,0,0,0,0,0,0,0,0,0,-100000,0,0,0,0,100000,-100000,-100000
064666,華新科元大02購01,0,0,0,0,0,0,0,0,0,-100000,0,0,0,0,100000,-100000,-100000
07840P,康控元大9A售02  ,0,0,0,0,0,0,0,0,0,-100000,0,0,0,307000,407000,-100000,-100000
07913P,友達元大01售01  ,0,0,0,0,0,0,0,0,0,-100000,0,0,0,0,100000,-100000,-100000
08058P,華新科元大9B售10,0,0,0,0,0,0,0,0,0,-100000,0,0,0,30000,130000,-100000,-100000
07147P,高鐵元大99售01  ,0,0,0,0,0,0,0,0,0,-100000,0,0,0,0,100000,-100000,-100000
07148P,富邦金元大99售01,0,0,0,0,0,0,0,0,0,-100000,0,0,0,71000,171000,-100000,-100000
07099P,台積電元大99售19,0,0,0,0,0,0,0,0,0,-100000,0,0,0,13000,113000,-100000,-100000
07347P,上証2X凱基99售02,0,0,0,0,0,0,0,0,0,-100000,0,0,0,0,100000,-100000,-100000
07578P,高鐵元大9A售02  ,0,0,0,0,0,0,0,0,0,-100000,0,0,0,0,100000,-100000,-100000
07579P,聯茂元大9A售01  ,0,0,0,0,0,0,0,0,0,-100000,0,0,0,0,100000,-100000,-100000
3605,宏致            ,49000,149000,-100000,0,0,0,0,0,0,0,0,0,0,0,0,0,-100000
1451,年興            ,1000,101000,-100000,0,0,0,0,0,0,0,0,0,0,0,0,0,-100000
057179,可成元大98購04  ,0,0,0,0,0,0,0,0,0,-100000,0,0,0,0,100000,-100000,-100000
057136,立積凱基98購02  ,0,0,0,0,0,0,0,0,0,-100000,0,0,0,3000,103000,-100000,-100000
057641,旺宏元大98購10  ,0,0,0,0,0,0,0,0,0,-100000,0,0,0,0,100000,-100000,-100000
05588P,群創兆豐97售02  ,0,0,0,0,0,0,0,0,0,-100000,0,0,0,0,100000,-100000,-100000
057601,中磊群益98購01  ,0,0,0,0,0,0,0,0,0,-100000,0,0,0,0,100000,-100000,-100000
057453,矽創元富98購01  ,0,0,0,0,0,0,0,0,0,-100000,0,0,0,0,100000,-100000,-100000
054427,潤泰全富邦97購01,0,0,0,0,0,0,0,0,0,-100000,0,0,0,0,100000,-100000,-100000
049130,臺指反元大98購01,0,0,0,0,0,0,0,0,0,-100000,0,0,0,0,100000,-100000,-100000
03669C,滬深2X元富09牛01,0,0,0,0,0,0,0,0,0,-100000,0,0,0,1000,101000,-100000,-100000
045872,元油2X元富98購03,0,100000,-100000,0,0,0,0,0,0,0,0,0,0,0,0,0,-100000
057851,鴻海國票99購06  ,0,0,0,0,0,0,0,0,0,-100000,0,0,0,0,100000,-100000,-100000
061256,亞德客凱基9B購01,0,0,0,0,0,0,0,0,0,-100000,0,0,0,0,100000,-100000,-100000
058017,漢唐凱基99購01  ,0,0,0,0,0,0,0,0,0,-100000,0,0,0,62000,162000,-100000,-100000
060182,旺宏元富9A購01  ,0,0,0,0,0,0,0,0,0,-100000,0,0,0,0,100000,-100000,-100000
058544,FBVIX富邦9B購01 ,0,0,0,0,0,0,0,0,0,-100000,0,0,0,54000,154000,-100000,-100000
063097,台灣50群益01購01,0,0,0,0,0,0,0,0,0,-100000,0,0,0,0,100000,-100000,-100000
062693,中石化元大02購01,0,0,0,0,0,0,0,0,0,-100000,0,0,0,0,100000,-100000,-100000
061799,奇鋐永豐9B購01  ,0,0,0,0,0,0,0,0,0,-100000,0,0,0,0,100000,-100000,-100000
064277,可成元大9C購04  ,0,0,0,0,0,0,0,0,0,-100000,0,0,0,2000,102000,-100000,-100000
063846,智邦元大9C購01  ,0,0,0,0,0,0,0,0,0,-100000,0,0,0,60000,160000,-100000,-100000
063952,玉晶光元大01購01,0,0,0,0,0,0,0,0,0,-100000,0,0,0,10000,110000,-100000,-100000
5243,乙盛-KY         ,18000,118000,-100000,0,0,0,0,0,0,-1000,0,1000,-1000,0,0,0,-101000
00663L,國泰臺灣加權正2 ,0,26000,-26000,0,0,0,0,0,0,-75000,0,0,0,43000,118000,-75000,-101000
056560,旺宏群益98購03  ,0,0,0,0,0,0,0,0,0,-101000,0,0,0,0,101000,-101000,-101000
057102,亞光中信9A購01  ,0,0,0,0,0,0,0,0,0,-101000,0,0,0,0,101000,-101000,-101000
060364,奇力新元富9A購01,0,0,0,0,0,0,0,0,0,-101000,0,0,0,16000,117000,-101000,-101000
061464,瑞昱群益9A購01  ,0,0,0,0,0,0,0,0,0,-101000,0,0,0,2000,103000,-101000,-101000
064326,裕隆元大9C購01  ,0,0,0,0,0,0,0,0,0,-101000,0,0,0,17000,118000,-101000,-101000
061820,康控群益9B購02  ,0,0,0,0,0,0,0,0,0,-101000,0,0,0,0,101000,-101000,-101000
062681,全新統一01購01  ,0,0,0,0,0,0,0,0,0,-101000,0,0,0,0,101000,-101000,-101000
2476,鉅祥            ,3000,104000,-101000,0,0,0,0,0,0,-1000,0,1000,-1000,0,0,0,-102000
1582,信錦            ,33000,138000,-105000,0,0,0,0,0,0,3000,0,7000,-7000,10000,0,10000,-102000
08276P,可成元富9C售02  ,0,0,0,0,0,0,0,0,0,-102000,0,0,0,0,102000,-102000,-102000
08099P,聯發科中信9B售04,0,0,0,0,0,0,0,0,0,-102000,0,0,0,0,102000,-102000,-102000
064668,大立光元大9C購21,0,0,0,0,0,0,0,0,0,-102000,0,0,0,0,102000,-102000,-102000
07026P,超眾凱基99售03  ,0,0,0,0,0,0,0,0,0,-102000,0,0,0,6000,108000,-102000,-102000
055701,亞德客富邦99購01,0,0,0,0,0,0,0,0,0,-102000,0,0,0,3000,105000,-102000,-102000
059713,滬深2X元大9C購04,0,0,0,0,0,0,0,0,0,-102000,0,0,0,0,102000,-102000,-102000
062052,華通統一01購01  ,0,0,0,0,0,0,0,0,0,-102000,0,0,0,50000,152000,-102000,-102000
06980P,緯穎永豐99售02  ,0,0,0,0,0,0,0,0,0,-103000,0,0,0,10000,113000,-103000,-103000
064617,台光電元大01購01,0,0,0,0,0,0,0,0,0,-103000,0,0,0,87000,190000,-103000,-103000
054072,台積電富邦98購02,0,0,0,0,0,0,0,0,0,-103000,0,0,0,0,103000,-103000,-103000
062679,技嘉統一01購01  ,0,0,0,0,0,0,0,0,0,-103000,0,0,0,106000,209000,-103000,-103000
08019P,緯穎國票9B售02  ,0,0,0,0,0,0,0,0,0,-104000,0,0,0,10000,114000,-104000,-104000
1460,宏遠            ,98000,200000,-102000,0,0,0,0,0,0,-2000,0,2000,-2000,0,0,0,-104000
1315,達新            ,39000,149000,-110000,0,0,0,0,0,0,6000,0,0,0,6000,0,6000,-104000
2607,榮運            ,58000,161000,-103000,0,0,0,0,0,0,-1000,0,1000,-1000,0,0,0,-104000
5519,隆大            ,1000,105000,-104000,0,0,0,0,0,0,0,0,0,0,0,0,0,-104000
4526,東台            ,1000,104000,-103000,0,0,0,0,0,0,-1000,0,1000,-1000,0,0,0,-104000
054221,華新科統一96購05,0,0,0,0,0,0,0,0,0,-104000,0,0,0,0,104000,-104000,-104000
054757,南亞國票98購01  ,0,0,0,0,0,0,0,0,0,-104000,0,0,0,0,104000,-104000,-104000
057082,玉晶光統一9A購04,0,0,0,0,0,0,0,0,0,-104000,0,0,0,287000,391000,-104000,-104000
056994,緯穎兆豐98購02  ,0,0,0,0,0,0,0,0,0,-104000,0,0,0,9000,113000,-104000,-104000
062126,創意統一9B購01  ,0,0,0,0,0,0,0,0,0,-104000,0,0,0,54000,158000,-104000,-104000
063965,漢唐國票01購01  ,0,0,0,0,0,0,0,0,0,-104000,0,0,0,18000,122000,-104000,-104000
063491,國巨富邦02購02  ,0,0,0,0,0,0,0,0,0,-104000,0,0,0,22000,126000,-104000,-104000
8404,百和興業-KY     ,56000,159000,-103000,0,0,0,0,0,0,-1000,4000,5000,-1000,0,0,0,-104000
6176,瑞儀            ,614000,623000,-9000,0,0,0,69000,0,69000,-165000,17000,48000,-31000,4000,138000,-134000,-105000
08334P,智邦永豐9C售01  ,0,0,0,0,0,0,0,0,0,-105000,0,0,0,0,105000,-105000,-105000
059914,台積電元大99購47,0,0,0,0,0,0,0,0,0,-105000,0,0,0,6000,111000,-105000,-105000
05644P,大立光中信9A售03,0,0,0,0,0,0,0,0,0,-105000,0,0,0,561000,666000,-105000,-105000
00672L,元大S&P原油正2  ,0,0,0,0,0,0,0,0,0,-105000,0,0,0,75000,180000,-105000,-105000
061369,T50反1國泰9B購03,0,0,0,0,0,0,0,0,0,-105000,0,0,0,0,105000,-105000,-105000
057974,上銀永豐98購02  ,0,0,0,0,0,0,0,0,0,-105000,0,0,0,0,105000,-105000,-105000
060190,國泰金元富9A購01,0,0,0,0,0,0,0,0,0,-105000,0,0,0,144000,249000,-105000,-105000
063784,華通中信06購01  ,0,0,0,0,0,0,0,0,0,-105000,0,0,0,130000,235000,-105000,-105000
062872,華通兆豐9C購01  ,0,0,0,0,0,0,0,0,0,-105000,0,0,0,100000,205000,-105000,-105000
08341P,國泰金台新9C售01,0,0,0,0,0,0,0,0,0,-106000,0,0,0,27000,133000,-106000,-106000
4576,大銀微系統      ,20000,126000,-106000,0,0,0,0,0,0,0,0,0,0,0,0,0,-106000
07593P,臺股指凱基9A售08,0,0,0,0,0,0,0,0,0,-106000,0,0,0,0,106000,-106000,-106000
06813P,友訊元富98售03  ,0,0,0,0,0,0,0,0,0,-106000,0,0,0,76000,182000,-106000,-106000
059948,正文永豐99購01  ,0,0,0,0,0,0,0,0,0,-106000,0,0,0,30000,136000,-106000,-106000
057088,上銀元富98購01  ,0,0,0,0,0,0,0,0,0,-106000,0,0,0,198000,304000,-106000,-106000
061511,緯穎富邦9B購02  ,9000,0,9000,0,0,0,0,0,0,-115000,0,0,0,243000,358000,-115000,-106000
062870,亞德客兆豐9C購01,0,0,0,0,0,0,0,0,0,-106000,0,0,0,0,106000,-106000,-106000
062134,國巨群益9B購04  ,0,0,0,0,0,0,0,0,0,-106000,0,0,0,40000,146000,-106000,-106000
063239,建準元大9B購01  ,0,0,0,0,0,0,0,0,0,-106000,0,0,0,12000,118000,-106000,-106000
06766P,玉晶光元大99售10,0,0,0,0,0,0,0,0,0,-107000,0,0,0,5000,112000,-107000,-107000
08000P,奇鋐凱基9B售03  ,0,0,0,0,0,0,0,0,0,-107000,0,0,0,2000,109000,-107000,-107000
056683,台積電統一98購05,0,0,0,0,0,0,0,0,0,-107000,0,0,0,63000,170000,-107000,-107000
061638,國泰金元大9A購03,0,0,0,0,0,0,0,0,0,-107000,0,0,0,13000,120000,-107000,-107000
057930,旺宏群益99購04  ,0,0,0,0,0,0,0,0,0,-107000,0,0,0,0,107000,-107000,-107000
058037,台灣50元大9B購02,0,0,0,0,0,0,0,0,0,-107000,0,0,0,0,107000,-107000,-107000
063849,奇鋐元大9C購01  ,0,0,0,0,0,0,0,0,0,-107000,0,0,0,36000,143000,-107000,-107000
061973,上銀元大9B購01  ,0,0,0,0,0,0,0,0,0,-107000,0,0,0,7000,114000,-107000,-107000
062912,新日興元大9B購01,0,0,0,0,0,0,0,0,0,-107000,0,0,0,93000,200000,-107000,-107000
06551P,貿聯元大98售05  ,0,0,0,0,0,0,0,0,0,-108000,0,0,0,100000,208000,-108000,-108000
2401,凌陽            ,173000,259000,-86000,0,0,0,0,0,0,-22000,14000,36000,-22000,0,0,0,-108000
056113,新日興兆豐98購01,0,0,0,0,0,0,0,0,0,-108000,0,0,0,49000,157000,-108000,-108000
055287,日電貿元大97購01,0,0,0,0,0,0,0,0,0,-108000,0,0,0,0,108000,-108000,-108000
060383,葡萄王凱基9A購01,0,0,0,0,0,0,0,0,0,-108000,0,0,0,50000,158000,-108000,-108000
058591,台灣50統一9B購02,0,0,0,0,0,0,0,0,0,-108000,0,0,0,2000,110000,-108000,-108000
062422,億光統一01購01  ,0,0,0,0,0,0,0,0,0,-108000,0,0,0,83000,191000,-108000,-108000
062372,旭富元大9B購01  ,0,0,0,0,0,0,0,0,0,-108000,0,0,0,128000,236000,-108000,-108000
063451,漢翔統一9C購01  ,0,0,0,0,0,0,0,0,0,-108000,0,0,0,35000,143000,-108000,-108000
063741,GIS元大9B購04   ,0,0,0,0,0,0,0,0,0,-108000,0,0,0,153000,261000,-108000,-108000
059509,奇力新永豐99購02,0,0,0,0,0,0,0,0,0,-109000,0,0,0,36000,145000,-109000,-109000
3004,豐達科          ,32000,132000,-100000,0,0,0,0,0,0,-10000,0,10000,-10000,0,0,0,-110000
6139,亞翔            ,27000,129000,-102000,0,0,0,0,0,0,-8000,0,1000,-1000,0,7000,-7000,-110000
06845P,億光元大98售02  ,0,0,0,0,0,0,0,0,0,-110000,0,0,0,0,110000,-110000,-110000
064744,創意國票01購02  ,0,0,0,0,0,0,0,0,0,-110000,0,0,0,0,110000,-110000,-110000
058525,台虹元大99購02  ,0,0,0,0,0,0,0,0,0,-110000,0,0,0,0,110000,-110000,-110000
055877,奇鋐元富97購01  ,0,0,0,0,0,0,0,0,0,-110000,0,0,0,14000,124000,-110000,-110000
056739,美律凱基98購04  ,0,0,0,0,0,0,0,0,0,-110000,0,0,0,0,110000,-110000,-110000
057696,聯電群益9A購01  ,0,0,0,0,0,0,0,0,0,-110000,0,0,0,0,110000,-110000,-110000
057074,立積永豐98購01  ,0,0,0,0,0,0,0,0,0,-110000,0,0,0,2000,112000,-110000,-110000
053056,同欣電國票97購01,0,0,0,0,0,0,0,0,0,-110000,0,0,0,0,110000,-110000,-110000
061227,日月光中信9B購01,0,0,0,0,0,0,0,0,0,-110000,0,0,0,0,110000,-110000,-110000
061728,華新科麥證9A購02,0,0,0,0,110000,-110000,0,0,0,-110000,0,0,0,0,110000,-110000,-110000
061682,南電元大9B購01  ,0,0,0,0,0,0,0,0,0,-110000,0,0,0,151000,261000,-110000,-110000
058767,亞德客兆豐99購01,0,0,0,0,0,0,0,0,0,-110000,0,0,0,0,110000,-110000,-110000
063944,建準元大9C購01  ,0,0,0,0,0,0,0,0,0,-110000,0,0,0,93000,203000,-110000,-110000
062301,聯詠中信05購01  ,0,0,0,0,0,0,0,0,0,-110000,0,0,0,0,110000,-110000,-110000
062004,國巨國泰9C購03  ,0,0,0,0,0,0,0,0,0,-110000,0,0,0,0,110000,-110000,-110000
07530P,聯發科凱基9A售11,0,0,0,0,0,0,0,0,0,-111000,0,0,0,0,111000,-111000,-111000
2923,鼎固-KY         ,18000,126000,-108000,0,0,0,0,0,0,-3000,0,3000,-3000,0,0,0,-111000
2929,淘帝-KY         ,35000,146000,-111000,0,0,0,0,0,0,0,0,0,0,0,0,0,-111000
3048,益登            ,10000,90000,-80000,0,0,0,0,0,0,-31000,0,31000,-31000,0,0,0,-111000
08106P,聯發科統一9B售09,0,0,0,0,0,0,0,0,0,-111000,0,0,0,40000,151000,-111000,-111000
056716,康舒永豐98購01  ,0,0,0,0,0,0,0,0,0,-111000,0,0,0,0,111000,-111000,-111000
1464,得力            ,28000,140000,-112000,0,0,0,0,0,0,0,0,0,0,0,0,0,-112000
063616,上銀兆豐9C購01  ,0,0,0,0,0,0,0,0,0,-112000,0,0,0,2000,114000,-112000,-112000
07131P,緯穎元大99售06  ,0,0,0,0,0,0,0,0,0,-113000,0,0,0,0,113000,-113000,-113000
064658,喬山元大9C購01  ,0,0,0,0,0,0,0,0,0,-113000,0,0,0,0,113000,-113000,-113000
053259,卜蜂群益97購01  ,0,0,0,0,0,0,0,0,0,-113000,0,0,0,0,113000,-113000,-113000
00635U,元大S&P黃金     ,0,0,0,0,0,0,0,0,0,-113000,0,50000,-50000,243000,306000,-63000,-113000
059219,旺宏元大99購12  ,0,0,0,0,0,0,0,0,0,-113000,0,0,0,7000,120000,-113000,-113000
060360,南亞科元富9A購02,0,0,0,0,0,0,0,0,0,-113000,0,0,0,120000,233000,-113000,-113000
060943,宏達電國票9B購02,0,0,0,0,0,0,0,0,0,-113000,0,0,0,48000,161000,-113000,-113000
064029,宏達電元大9C購01,0,0,0,0,0,0,0,0,0,-113000,0,0,0,324000,437000,-113000,-113000
08075P,聯電群益9C售01  ,0,0,0,0,0,0,0,0,0,-114000,0,0,0,0,114000,-114000,-114000
060934,台汽電永豐9A購02,0,0,0,0,0,0,0,0,0,-114000,0,0,0,200000,314000,-114000,-114000
060959,金像電凱基9A購01,0,0,0,0,0,0,0,0,0,-114000,0,0,0,35000,149000,-114000,-114000
058246,帆宣元大99購01  ,0,0,0,0,0,0,0,0,0,-114000,0,0,0,36000,150000,-114000,-114000
064042,國巨統一9C購12  ,0,0,0,0,0,0,0,0,0,-114000,0,0,0,15000,129000,-114000,-114000
063900,GIS群益9C購03   ,0,0,0,0,0,0,0,0,0,-114000,0,0,0,42000,156000,-114000,-114000
063675,亞德客國泰01購01,0,0,0,0,0,0,0,0,0,-114000,0,0,0,316000,430000,-114000,-114000
062005,旺宏國泰01購01  ,0,0,0,0,0,0,0,0,0,-114000,0,0,0,12000,126000,-114000,-114000
08135P,玉晶光國泰01售02,0,0,0,0,0,0,0,0,0,-115000,0,0,0,60000,175000,-115000,-115000
6165,捷泰            ,2000,117000,-115000,0,0,0,0,0,0,0,0,0,0,0,0,0,-115000
052622,貿聯兆豐97購01  ,0,0,0,0,0,0,0,0,0,-115000,0,0,0,0,115000,-115000,-115000
056386,TPK國泰99購01   ,0,0,0,0,0,0,0,0,0,-115000,0,0,0,20000,135000,-115000,-115000
060998,華通兆豐9A購01  ,0,0,0,0,0,0,0,0,0,-115000,0,0,0,0,115000,-115000,-115000
060677,京元電元大9A購04,0,0,0,0,0,0,0,0,0,-115000,0,0,0,87000,202000,-115000,-115000
058963,華新科兆豐99購05,0,0,0,0,0,0,0,0,0,-115000,0,0,0,0,115000,-115000,-115000
057887,智原群益98購04  ,0,0,0,0,0,0,0,0,0,-115000,0,0,0,0,115000,-115000,-115000
6669,緯穎            ,445070,526534,-81464,0,0,0,21000,15000,6000,-40000,6000,40000,-34000,5000,11000,-6000,-115464
08302P,長榮航國泰02售01,0,0,0,0,0,0,0,0,0,-116000,0,0,0,30000,146000,-116000,-116000
064630,巨大元大9C購01  ,0,0,0,0,0,0,0,0,0,-116000,0,0,0,6000,122000,-116000,-116000
060718,中磊永豐9A購01  ,0,0,0,0,0,0,0,0,0,-116000,0,0,0,30000,146000,-116000,-116000
061869,智邦元大9B購01  ,0,0,0,0,0,0,0,0,0,-116000,0,0,0,13000,129000,-116000,-116000
056461,樺漢凱基98購02  ,0,0,0,0,0,0,0,0,0,-117000,0,0,0,23000,140000,-117000,-117000
057044,旺宏元大98購08  ,0,0,0,0,0,0,0,0,0,-117000,0,0,0,0,117000,-117000,-117000
4977,眾達-KY         ,136000,253000,-117000,0,0,0,0,0,0,-1000,0,0,0,0,1000,-1000,-118000
05950P,台積電國票97售04,0,0,0,0,0,0,0,0,0,-118000,0,0,0,21000,139000,-118000,-118000
05894P,友達群益98售02  ,0,0,0,0,0,0,0,0,0,-118000,0,0,0,20000,138000,-118000,-118000
062806,世芯統一02購01  ,0,0,0,0,0,0,0,0,0,-118000,0,0,0,773000,891000,-118000,-118000
2385,群光            ,1490680,1445224,45456,0,0,0,75000,148000,-73000,-91000,0,6000,-6000,0,85000,-85000,-118544
061605,華新科凱基9A購14,0,0,0,0,0,0,0,0,0,-119000,0,0,0,2000,121000,-119000,-119000
4532,瑞智            ,35000,155000,-120000,0,0,0,0,0,0,0,0,0,0,0,0,0,-120000
06764P,聯發科元大98售11,0,0,0,0,0,0,0,0,0,-120000,0,0,0,0,120000,-120000,-120000
07532P,台灣50中信01售02,0,0,0,0,0,0,0,0,0,-120000,0,0,0,10000,130000,-120000,-120000
056554,GIS凱基99購01   ,0,0,0,0,0,0,0,0,0,-120000,0,0,0,308000,428000,-120000,-120000
056605,台積電富邦9B購02,0,0,0,0,0,0,0,0,0,-120000,0,0,0,84000,204000,-120000,-120000
057546,台積電凱基02購01,0,0,0,0,0,0,0,0,0,-120000,0,0,0,0,120000,-120000,-120000
043442,大立光台新01購01,0,0,0,0,0,0,0,0,0,-120000,0,0,0,0,120000,-120000,-120000
058250,台虹元大99購01  ,0,0,0,0,0,0,0,0,0,-120000,0,0,0,0,120000,-120000,-120000
058599,T50反1元大99購05,0,0,0,0,0,0,0,0,0,-120000,0,0,0,0,120000,-120000,-120000
063813,瑞昱群益9C購02  ,0,0,0,0,0,0,0,0,0,-120000,0,0,0,0,120000,-120000,-120000
3413,京鼎            ,226000,278000,-52000,0,0,0,0,0,0,-69000,0,3000,-3000,1000,67000,-66000,-121000
060124,奇力新永豐99購03,0,0,0,0,0,0,0,0,0,-121000,0,0,0,0,121000,-121000,-121000
061696,南茂群益9A購01  ,0,0,0,0,0,0,0,0,0,-121000,0,0,0,39000,160000,-121000,-121000
061319,聯發科凱基9A購16,0,0,0,0,0,0,0,0,0,-121000,0,0,0,0,121000,-121000,-121000
062323,上銀統一9B購03  ,0,0,0,0,0,0,0,0,0,-121000,0,0,0,95000,216000,-121000,-121000
6552,易華電          ,110000,200000,-90000,0,0,0,0,0,0,-32000,0,0,0,6000,38000,-32000,-122000
07731P,臺股指凱基9A售28,0,0,0,0,0,0,0,0,0,-122000,0,0,0,69000,191000,-122000,-122000
07672P,南電元大9A售05  ,0,0,0,0,0,0,0,0,0,-122000,0,0,0,0,122000,-122000,-122000
064599,台積電元富9C購03,0,0,0,0,0,0,0,0,0,-122000,0,0,0,476000,598000,-122000,-122000
061690,旺宏群益9A購05  ,0,0,0,0,0,0,0,0,0,-122000,0,0,0,0,122000,-122000,-122000
058180,華新科國泰9A購01,0,0,0,0,0,0,0,0,0,-122000,0,0,0,152000,274000,-122000,-122000
060958,儒鴻凱基9A購02  ,0,0,0,0,0,0,0,0,0,-122000,0,0,0,0,122000,-122000,-122000
063635,漢唐元大9B購04  ,0,0,0,0,0,0,0,0,0,-122000,0,0,0,123000,245000,-122000,-122000
06701P,臺股指統一99售06,0,0,0,0,0,0,0,0,0,-123000,0,0,0,156000,279000,-123000,-123000
07789P,緯穎群益9A售03  ,0,0,0,0,0,0,0,0,0,-123000,0,0,0,0,123000,-123000,-123000
063673,GIS統一9C購02   ,0,0,0,0,0,0,0,0,0,-123000,0,0,0,0,123000,-123000,-123000
063236,旺宏元大9B購07  ,0,0,0,0,0,0,0,0,0,-123000,0,0,0,0,123000,-123000,-123000
063072,裕隆永豐9B購01  ,0,0,0,0,0,0,0,0,0,-123000,0,0,0,66000,189000,-123000,-123000
6283,淳安            ,17000,140000,-123000,0,0,0,0,0,0,-1000,0,1000,-1000,0,0,0,-124000
1337,再生-KY         ,0,124000,-124000,0,0,0,0,0,0,0,0,0,0,0,0,0,-124000
056054,亞德客元大97購05,0,0,0,0,0,0,0,0,0,-124000,0,0,0,0,124000,-124000,-124000
07841P,臻鼎元大9A售04  ,0,0,0,0,0,0,0,0,0,-125000,0,0,0,45000,170000,-125000,-125000
054218,S&P反1統一98購02,0,0,0,0,0,0,0,0,0,-125000,0,0,0,0,125000,-125000,-125000
058278,FBVIX中信03購02 ,0,0,0,0,0,0,0,0,0,-125000,0,0,0,2000,127000,-125000,-125000
058604,華邦電元大99購03,0,0,0,0,0,0,0,0,0,-125000,0,0,0,148000,273000,-125000,-125000
06259P,臺股指群益97售12,0,0,0,0,0,0,0,0,0,-125000,0,0,0,0,125000,-125000,-125000
8261,富鼎            ,12000,135000,-123000,0,0,0,0,0,0,-2000,0,2000,-2000,0,0,0,-125000
6414,樺漢            ,54000,149000,-95000,0,0,0,0,0,0,-31000,4000,15000,-11000,1000,21000,-20000,-126000
060953,富邦金群益9A購01,0,0,0,0,0,0,0,0,0,-126000,0,0,0,161000,287000,-126000,-126000
063476,台表科元大9C購03,0,0,0,0,0,0,0,0,0,-126000,0,0,0,45000,171000,-126000,-126000
063561,上銀元大9B購08  ,0,0,0,0,0,0,0,0,0,-126000,0,0,0,11000,137000,-126000,-126000
064283,奇鋐元大9C購02  ,0,0,0,0,0,0,0,0,0,-126000,0,0,0,12000,138000,-126000,-126000
056464,臺股指凱基99購06,0,0,0,0,0,0,0,0,0,-127000,0,0,0,43000,170000,-127000,-127000
058222,玉晶光統一9B購01,0,0,0,0,0,0,0,0,0,-127000,0,0,0,0,127000,-127000,-127000
058671,旺宏群益9A購01  ,0,0,0,0,0,0,0,0,0,-127000,0,0,0,0,127000,-127000,-127000
059680,台積電國泰9A購03,0,0,0,0,0,0,0,0,0,-127000,0,0,0,13000,140000,-127000,-127000
063937,上銀元大9C購02  ,0,0,0,0,0,0,0,0,0,-127000,0,0,0,50000,177000,-127000,-127000
062383,大立光國泰01購01,0,0,0,0,0,0,0,0,0,-127000,0,0,0,21000,148000,-127000,-127000
062268,力山群益9B購01  ,0,0,0,0,0,0,0,0,0,-127000,0,0,0,49000,176000,-127000,-127000
061839,華新科凱基05購04,0,0,0,0,0,0,0,0,0,-127000,0,0,0,0,127000,-127000,-127000
2457,飛宏            ,8000,131000,-123000,0,0,0,0,0,0,-5000,0,5000,-5000,0,0,0,-128000
2485,兆赫            ,58000,175000,-117000,0,0,0,0,0,0,-11000,8000,19000,-11000,0,0,0,-128000
060104,新日興元大99購03,0,0,0,0,0,0,0,0,0,-128000,0,0,0,31000,159000,-128000,-128000
061735,上銀凱基9B購01  ,0,0,0,0,0,0,0,0,0,-128000,0,0,0,19000,147000,-128000,-128000
1307,三芳            ,72000,199000,-127000,0,0,0,0,0,0,-2000,0,2000,-2000,0,0,0,-129000
2348,海悅            ,73000,183000,-110000,0,0,0,0,0,0,-19000,2000,21000,-19000,0,0,0,-129000
064555,力山群益01購01  ,0,0,0,0,0,0,0,0,0,-129000,0,0,0,0,129000,-129000,-129000
060106,旭富元大99購02  ,0,0,0,0,0,0,0,0,0,-129000,0,0,0,146000,275000,-129000,-129000
057662,上銀元大9A購01  ,0,0,0,0,0,0,0,0,0,-129000,0,0,0,0,129000,-129000,-129000
056392,玉晶光富邦9C購01,0,0,0,0,0,0,0,0,0,-129000,0,0,0,1000,130000,-129000,-129000
053864,義隆元大96購01  ,0,0,0,0,0,0,0,0,0,-129000,0,0,0,1000,130000,-129000,-129000
061300,臺股指富邦9A購02,0,0,0,0,0,0,0,0,0,-129000,0,0,0,0,129000,-129000,-129000
061074,儒鴻兆豐9B購01  ,0,0,0,0,0,0,0,0,0,-129000,0,0,0,32000,161000,-129000,-129000
07992P,玉晶光群益01售04,0,0,0,0,0,0,0,0,0,-130000,0,0,0,50000,180000,-130000,-130000
07500P,微星元大9A售01  ,0,0,0,0,0,0,0,0,0,-130000,0,0,0,0,130000,-130000,-130000
1532,勤美            ,18000,148000,-130000,0,0,0,0,0,0,0,0,0,0,0,0,0,-130000
08161P,台表科元富9B售02,0,0,0,0,0,0,0,0,0,-130000,0,0,0,40000,170000,-130000,-130000
057490,可成元大98購10  ,0,0,0,0,0,0,0,0,0,-130000,0,0,0,0,130000,-130000,-130000
057324,億光群益98購01  ,0,0,0,0,0,0,0,0,0,-130000,0,0,0,0,130000,-130000,-130000
061105,宏達電元大9A購04,0,0,0,0,0,0,0,0,0,-130000,0,0,0,94000,224000,-130000,-130000
060831,T50反1國票9B購03,0,0,0,0,0,0,0,0,0,-130000,0,0,0,0,130000,-130000,-130000
061422,台積電元大9A購30,0,0,0,0,0,0,0,0,0,-130000,0,0,0,0,130000,-130000,-130000
2228,劍麟            ,28000,159000,-131000,0,0,0,0,0,0,0,0,0,0,0,0,0,-131000
2536,宏普            ,209000,240000,-31000,0,0,0,0,100000,-100000,0,0,0,0,0,0,0,-131000
060944,國泰金國票9A購01,0,0,0,0,0,0,0,0,0,-131000,0,0,0,77000,208000,-131000,-131000
07883P,可成凱基9B售03  ,0,0,0,0,0,0,0,0,0,-132000,0,0,0,57000,189000,-132000,-132000
07792P,牧德元大9A售04  ,0,0,0,0,0,0,0,0,0,-132000,0,0,0,0,132000,-132000,-132000
07694P,超眾元大9A售05  ,0,0,0,0,0,0,0,0,0,-132000,0,0,0,20000,152000,-132000,-132000
057181,亞光元大98購02  ,0,0,0,0,0,0,0,0,0,-132000,0,0,0,68000,200000,-132000,-132000
058999,台積電元大99購24,0,0,0,0,0,0,0,0,0,-132000,0,0,0,0,132000,-132000,-132000
062760,漢唐凱基9B購01  ,0,0,0,0,0,0,0,0,0,-132000,0,0,0,0,132000,-132000,-132000
062292,旭富永豐9B購01  ,0,0,0,0,0,0,0,0,0,-133000,0,0,0,239000,372000,-133000,-133000
07088P,訊芯永豐99售02  ,0,0,0,0,0,0,0,0,0,-134000,0,0,0,124000,258000,-134000,-134000
057789,上銀統一9A購01  ,0,0,0,0,0,0,0,0,0,-134000,0,0,0,67000,201000,-134000,-134000
062917,旭富元大9C購03  ,0,0,0,0,0,0,0,0,0,-134000,0,0,0,160000,294000,-134000,-134000
063786,瑞昱中信06購01  ,0,0,0,0,0,0,0,0,0,-134000,0,0,0,193000,327000,-134000,-134000
07744P,奇力新凱基9A售05,0,0,0,0,0,0,0,0,0,-135000,0,0,0,45000,180000,-135000,-135000
2702,華園            ,14000,149000,-135000,0,0,0,0,0,0,0,0,0,0,0,0,0,-135000
6412,群電            ,110000,222000,-112000,0,0,0,0,0,0,-23000,0,2000,-2000,0,21000,-21000,-135000
060562,旺宏富邦9C購02  ,0,0,0,0,0,0,0,0,0,-135000,0,0,0,12000,147000,-135000,-135000
064052,創意統一01購02  ,0,0,0,0,0,0,0,0,0,-135000,0,0,0,350000,485000,-135000,-135000
062164,禾伸堂國泰01購01,0,0,0,0,0,0,0,0,0,-135000,0,0,0,102000,237000,-135000,-135000
08348P,貿聯元大9C售01  ,0,0,0,0,0,0,0,0,0,-136000,0,0,0,50000,186000,-136000,-136000
064125,聯發科元大02購01,0,0,0,0,0,0,0,0,0,-136000,0,0,0,349000,485000,-136000,-136000
064237,奇鋐統一01購01  ,0,0,0,0,0,0,0,0,0,-136000,0,0,0,20000,156000,-136000,-136000
06320P,上銀統一97售04  ,0,0,0,0,0,0,0,0,0,-136000,0,0,0,416000,552000,-136000,-136000
06699P,台積電統一98售11,0,0,0,0,0,0,0,0,0,-137000,0,0,0,40000,177000,-137000,-137000
059922,大立光元大99購25,0,0,0,0,0,0,0,0,0,-137000,0,0,0,4000,141000,-137000,-137000
020015,統一MSCI美低波N ,0,0,0,0,0,0,0,0,0,-137000,0,0,0,134000,271000,-137000,-137000
060786,聯發科富邦9B購06,0,0,0,0,0,0,0,0,0,-137000,0,0,0,0,137000,-137000,-137000
063352,上銀元富9B購02  ,0,0,0,0,0,0,0,0,0,-137000,0,0,0,172000,309000,-137000,-137000
06851P,鈺齊元大98售01  ,0,0,0,0,0,0,0,0,0,-138000,0,0,0,0,138000,-138000,-138000
08113P,台灣50凱基02售04,0,0,0,0,0,0,0,0,0,-138000,0,0,0,62000,200000,-138000,-138000
2227,裕日車          ,13000,71000,-58000,0,0,0,0,81000,-81000,1000,2000,1000,1000,0,0,0,-138000
058477,億光凱基9A購01  ,0,0,0,0,0,0,0,0,0,-138000,0,0,0,10000,148000,-138000,-138000
060752,上銀元大9A購04  ,0,0,0,0,0,0,0,0,0,-138000,0,0,0,25000,163000,-138000,-138000
1712,興農            ,70000,193000,-123000,0,0,0,0,0,0,-16000,0,16000,-16000,0,0,0,-139000
08367P,臺股指凱基9C售11,0,0,0,0,0,0,0,0,0,-139000,0,0,0,150000,289000,-139000,-139000
07714P,世紀鋼元大9A售03,0,0,0,0,0,0,0,0,0,-139000,0,0,0,10000,149000,-139000,-139000
058421,國泰金麥證01購01,0,0,0,2000,141000,-139000,0,0,0,-139000,0,0,0,2000,141000,-139000,-139000
061477,晶豪科元大9A購01,0,0,0,0,0,0,0,0,0,-139000,0,0,0,17000,156000,-139000,-139000
064332,聯發科元大01購01,0,6000,-6000,0,0,0,0,0,0,-133000,0,0,0,330000,463000,-133000,-139000
062698,台積電元大01購01,0,0,0,0,0,0,0,0,0,-139000,0,0,0,90000,229000,-139000,-139000
08002P,大毅國票9B售03  ,0,0,0,0,0,0,0,0,0,-140000,0,0,0,0,140000,-140000,-140000
07060P,台表科國票9A售01,0,0,0,0,0,0,0,0,0,-140000,0,0,0,91000,231000,-140000,-140000
07263P,台積電元大99售37,0,0,0,0,0,0,0,0,0,-140000,0,0,0,80000,220000,-140000,-140000
07467P,上銀元大9A售03  ,0,0,0,0,0,0,0,0,0,-140000,0,0,0,0,140000,-140000,-140000
2206,三陽工業        ,31000,171000,-140000,0,0,0,0,0,0,0,0,0,0,0,0,0,-140000
2351,順德            ,22000,155000,-133000,0,0,0,0,0,0,-7000,0,7000,-7000,0,0,0,-140000
1708,東鹼            ,5000,145000,-140000,0,0,0,0,0,0,0,0,0,0,0,0,0,-140000
058498,世紀鋼群益99購01,0,0,0,0,0,0,0,0,0,-140000,0,0,0,0,140000,-140000,-140000
00678,群益NBI生技     ,0,270000,-270000,0,0,0,0,0,0,130000,0,0,0,169000,39000,130000,-140000
055025,華新科國泰98購02,0,0,0,0,0,0,0,0,0,-140000,0,0,0,0,140000,-140000,-140000
055330,上銀兆豐98購02  ,0,0,0,0,0,0,0,0,0,-140000,0,0,0,12000,152000,-140000,-140000
062425,可成統一01購01  ,0,0,0,0,0,0,0,0,0,-140000,0,0,0,0,140000,-140000,-140000
6168,宏齊            ,9000,144000,-135000,0,0,0,0,0,0,-6000,0,6000,-6000,0,0,0,-141000
057145,上銀國票98購03  ,0,0,0,0,0,0,0,0,0,-141000,0,0,0,0,141000,-141000,-141000
060862,美律永豐9A購01  ,0,0,0,0,0,0,0,0,0,-141000,0,0,0,324000,465000,-141000,-141000
061059,世芯國票9B購01  ,0,0,0,0,0,0,0,0,0,-141000,0,0,0,32000,173000,-141000,-141000
063294,美律麥證9B購01  ,0,0,0,35000,176000,-141000,0,0,0,-141000,0,0,0,35000,176000,-141000,-141000
2371,大同            ,2333100,2344000,-10900,0,0,0,0,0,0,-131000,4000,135000,-131000,0,0,0,-141900
4106,雃博            ,638000,779000,-141000,0,0,0,0,0,0,-1000,0,1000,-1000,0,0,0,-142000
060265,宏達電國票9A購02,0,0,0,0,0,0,0,0,0,-142000,0,0,0,7000,149000,-142000,-142000
062353,亞德客元大9B購01,0,0,0,0,0,0,0,0,0,-142000,0,0,0,0,142000,-142000,-142000
06741P,台積電富邦98售04,0,0,0,0,0,0,0,0,0,-143000,0,0,0,357000,500000,-143000,-143000
055681,奇鋐凱基98購03  ,0,0,0,0,0,0,0,0,0,-143000,0,0,0,22000,165000,-143000,-143000
056268,新日興統一97購01,0,0,0,0,0,0,0,0,0,-143000,0,0,0,0,143000,-143000,-143000
058758,台積電群益99購05,0,0,0,0,0,0,0,0,0,-143000,0,0,0,20000,163000,-143000,-143000
064728,健策統一9C購04  ,0,0,0,0,0,0,0,0,0,-144000,0,0,0,3000,147000,-144000,-144000
08371P,京元電凱基9C售01,0,0,0,0,0,0,0,0,0,-144000,0,0,0,5000,149000,-144000,-144000
058445,旺宏富邦9C購01  ,0,0,0,0,0,0,0,0,0,-144000,0,0,0,0,144000,-144000,-144000
060710,上銀永豐9A購01  ,0,0,0,0,0,0,0,0,0,-144000,0,0,0,25000,169000,-144000,-144000
058266,宏達電永豐99購01,0,0,0,0,0,0,0,0,0,-144000,0,0,0,120000,264000,-144000,-144000
062132,神隆群益9B購01  ,0,0,0,0,0,0,0,0,0,-144000,0,0,0,632000,776000,-144000,-144000
6451,訊芯-KY         ,57000,198000,-141000,0,0,0,0,0,0,-4000,2000,0,2000,1000,7000,-6000,-145000
2601,益航            ,65000,191000,-126000,0,0,0,0,0,0,-19000,0,19000,-19000,0,0,0,-145000
05306P,泰碩國泰97售01  ,0,0,0,0,0,0,0,0,0,-145000,0,0,0,0,145000,-145000,-145000
060926,宏達電永豐9A購01,0,0,0,0,0,0,0,0,0,-145000,0,0,0,143000,288000,-145000,-145000
058979,上銀凱基99購04  ,0,0,0,0,0,0,0,0,0,-145000,0,0,0,10000,155000,-145000,-145000
063695,上銀第一9B購01  ,0,0,0,0,0,0,0,0,0,-145000,0,0,0,0,145000,-145000,-145000
5215,科嘉-KY         ,299000,387000,-88000,0,0,0,0,31000,-31000,-27000,0,27000,-27000,0,0,0,-146000
08377P,臻鼎元富9C售02  ,0,0,0,0,0,0,0,0,0,-146000,0,0,0,0,146000,-146000,-146000
07768P,緯穎群益9A售02  ,0,0,0,0,0,0,0,0,0,-146000,0,0,0,0,146000,-146000,-146000
059755,宏達電國泰9A購01,0,0,0,0,0,0,0,0,0,-146000,0,0,0,108000,254000,-146000,-146000
060821,SP黃豆元大9A購02,0,0,0,0,0,0,0,0,0,-146000,0,0,0,95000,241000,-146000,-146000
063763,上銀元富9B購07  ,0,0,0,0,0,0,0,0,0,-146000,0,0,0,74000,220000,-146000,-146000
062233,神隆凱基9B購01  ,0,0,0,0,0,0,0,0,0,-146000,0,0,0,624000,770000,-146000,-146000
2727,王品            ,49000,191000,-142000,0,0,0,0,0,0,-5000,0,5000,-5000,0,0,0,-147000
060759,南亞科元大9A購03,0,0,0,0,0,0,0,0,0,-147000,0,0,0,9000,156000,-147000,-147000
062702,可成元大9C購01  ,0,0,0,0,0,0,0,0,0,-147000,0,0,0,27000,174000,-147000,-147000
063709,上銀凱基9B購07  ,0,0,0,0,0,0,0,0,0,-147000,0,0,0,0,147000,-147000,-147000
063188,TPK凱基9B購01   ,0,0,0,0,0,0,0,0,0,-147000,0,0,0,153000,300000,-147000,-147000
07821P,臺股指國票9A售12,0,0,0,0,0,0,0,0,0,-148000,0,0,0,260000,408000,-148000,-148000
07218P,臺股指凱基99售31,0,0,0,0,0,0,0,0,0,-148000,0,0,0,357000,505000,-148000,-148000
020016,統一MSCI美科技N ,0,0,0,0,0,0,0,0,0,-148000,0,0,0,99000,247000,-148000,-148000
057613,瑞昱元富02購02  ,0,0,0,0,0,0,0,0,0,-148000,0,0,0,126000,274000,-148000,-148000
060660,國巨凱基9B購04  ,0,0,0,0,0,0,0,0,0,-148000,0,0,0,0,148000,-148000,-148000
06434P,超眾群益98售02  ,0,0,0,0,0,0,0,0,0,-148000,0,0,0,69000,217000,-148000,-148000
062849,中興電永豐9B購02,0,0,0,0,0,0,0,0,0,-148000,0,0,0,0,148000,-148000,-148000
063006,道瓊反元大9C購01,0,0,0,0,0,0,0,0,0,-148000,0,0,0,1000,149000,-148000,-148000
058651,FBVIX中信9C購01 ,0,0,0,0,0,0,0,0,0,-149000,0,0,0,150000,299000,-149000,-149000
059283,康友永豐99購02  ,0,0,0,0,0,0,0,0,0,-149000,0,0,0,10000,159000,-149000,-149000
2836,高雄銀          ,48000,198000,-150000,0,0,0,0,0,0,0,0,0,0,0,0,0,-150000
055951,大成鋼元大97購02,0,0,0,0,0,0,0,0,0,-150000,0,0,0,0,150000,-150000,-150000
054205,華新國票97購02  ,0,0,0,0,0,0,0,0,0,-150000,0,0,0,0,150000,-150000,-150000
057861,台積電凱基98購16,0,0,0,0,0,0,0,0,0,-150000,0,0,0,0,150000,-150000,-150000
058070,華新科凱基98購07,0,0,0,0,0,0,0,0,0,-150000,0,0,0,0,150000,-150000,-150000
062603,台化凱基9B購01  ,0,0,0,0,0,0,0,0,0,-150000,0,0,0,0,150000,-150000,-150000
062509,SP黃豆國票9B購03,0,0,0,0,0,0,0,0,0,-150000,0,0,0,0,150000,-150000,-150000
062094,台積電富邦9C購12,0,0,0,0,0,0,0,0,0,-150000,0,0,0,10000,160000,-150000,-150000
07359P,台積電元大99售45,0,0,0,0,0,0,0,0,0,-151000,0,0,0,23000,174000,-151000,-151000
07838P,泰碩元大9A售04  ,0,0,0,0,0,0,0,0,0,-151000,0,0,0,0,151000,-151000,-151000
07711P,世芯元大9A售07  ,0,0,0,0,0,0,0,0,0,-152000,0,0,0,28000,180000,-152000,-152000
07653P,華新科群益9A售05,0,0,0,0,0,0,0,0,0,-152000,0,0,0,44000,196000,-152000,-152000
064290,GIS元大9C購04   ,0,0,0,0,0,0,0,0,0,-152000,0,0,0,116000,268000,-152000,-152000
2375,凱美            ,182000,205000,-23000,0,0,0,0,0,0,-130000,0,9000,-9000,0,121000,-121000,-153000
063817,GIS群益9C購01   ,0,0,0,0,0,0,0,0,0,-153000,0,0,0,47000,200000,-153000,-153000
062565,漢唐中信9C購01  ,0,0,0,0,0,0,0,0,0,-153000,0,0,0,30000,183000,-153000,-153000
055527,旺宏群益99購03  ,0,0,0,0,0,0,0,0,0,-154000,0,0,0,0,154000,-154000,-154000
059023,可成統一9B購02  ,0,0,0,0,0,0,0,0,0,-154000,0,0,0,216000,370000,-154000,-154000
063550,可成國票9C購01  ,0,0,0,0,0,0,0,0,0,-154000,0,0,0,6000,160000,-154000,-154000
1104,環泥            ,6000,159000,-153000,0,0,0,0,0,0,-2000,0,2000,-2000,0,0,0,-155000
061704,景碩國票9A購01  ,0,0,0,0,0,0,0,0,0,-155000,0,0,0,1000,156000,-155000,-155000
059911,國巨元大99購27  ,0,0,0,0,0,0,0,0,0,-156000,0,0,0,64000,220000,-156000,-156000
00762,元大全球AI      ,3000,0,3000,0,0,0,0,0,0,-159000,0,0,0,18000,177000,-159000,-156000
060790,日月光富邦9A購01,0,0,0,0,0,0,0,0,0,-156000,0,0,0,150000,306000,-156000,-156000
063493,金像電富邦01購01,0,0,0,0,0,0,0,0,0,-156000,0,0,0,57000,213000,-156000,-156000
062709,帆宣元大9B購01  ,0,0,0,0,0,0,0,0,0,-156000,0,0,0,46000,202000,-156000,-156000
08134P,臺股指元大9B售40,0,0,0,0,0,0,0,0,0,-157000,0,0,0,1000,158000,-157000,-157000
2851,中再保          ,19000,176000,-157000,0,0,0,0,0,0,0,0,0,0,0,0,0,-157000
07334P,臺股指國票99售19,0,0,0,0,0,0,0,0,0,-157000,0,0,0,0,157000,-157000,-157000
058205,神達凱基9B購01  ,0,0,0,0,0,0,0,0,0,-157000,0,0,0,0,157000,-157000,-157000
062011,上銀富邦9C購01  ,0,0,0,0,0,0,0,0,0,-157000,0,0,0,24000,181000,-157000,-157000
063151,奇鋐元富9B購01  ,0,0,0,0,0,0,0,0,0,-157000,0,0,0,13000,170000,-157000,-157000
058587,台積電中信9C購03,0,0,0,0,0,0,0,0,0,-158000,0,0,0,31000,189000,-158000,-158000
9925,新保            ,4000,160000,-156000,0,0,0,0,0,0,-2000,0,2000,-2000,0,0,0,-158000
9935,慶豐富          ,369000,527000,-158000,0,0,0,0,0,0,0,0,0,0,0,0,0,-158000
064421,技嘉兆豐01購01  ,0,0,0,0,0,0,0,0,0,-159000,0,0,0,50000,209000,-159000,-159000
2420,新巨            ,9000,161000,-152000,0,0,0,0,0,0,-7000,0,7000,-7000,0,0,0,-159000
05348P,美律元富98售01  ,0,0,0,0,0,0,0,0,0,-159000,0,0,0,20000,179000,-159000,-159000
059343,宏達電凱基99購04,0,0,0,0,0,0,0,0,0,-159000,0,0,0,108000,267000,-159000,-159000
062910,亞光元大9B購01  ,0,0,0,0,0,0,0,0,0,-159000,0,0,0,81000,240000,-159000,-159000
5305,敦南            ,86000,243000,-157000,0,0,0,0,0,0,-3000,0,3000,-3000,0,0,0,-160000
1455,集盛            ,49000,208000,-159000,0,0,0,0,0,0,-1000,0,1000,-1000,0,0,0,-160000
06592P,欣興元大98售04  ,0,0,0,0,0,0,0,0,0,-160000,0,0,0,10000,170000,-160000,-160000
056456,群創凱基9B購01  ,0,0,0,0,0,0,0,0,0,-160000,0,0,0,0,160000,-160000,-160000
054784,順德群益9A購01  ,0,0,0,0,0,0,0,0,0,-160000,0,0,0,0,160000,-160000,-160000
057261,瑞昱兆豐98購01  ,0,0,0,0,0,0,0,0,0,-160000,0,0,0,48000,208000,-160000,-160000
06262P,國巨凱基97售07  ,0,0,0,0,0,0,0,0,0,-160000,0,0,0,0,160000,-160000,-160000
062605,上銀凱基9B購03  ,0,0,0,0,0,0,0,0,0,-160000,0,0,0,10000,170000,-160000,-160000
059230,滬深2X國票9B購02,0,0,0,0,0,0,0,0,0,-161000,0,0,0,148000,309000,-161000,-161000
060920,超眾富邦9B購01  ,0,0,0,0,0,0,0,0,0,-161000,0,0,0,75000,236000,-161000,-161000
062875,瑞昱兆豐9C購01  ,0,0,0,0,0,0,0,0,0,-161000,0,0,0,53000,214000,-161000,-161000
063520,上銀凱基9B購05  ,0,0,0,0,0,0,0,0,0,-161000,0,0,0,20000,181000,-161000,-161000
064129,新日興元大9C購02,0,0,0,0,0,0,0,0,0,-161000,0,0,0,70000,231000,-161000,-161000
08263P,台表科元大9C售06,0,0,0,0,0,0,0,0,0,-162000,0,0,0,20000,182000,-162000,-162000
3535,晶彩科          ,50000,212000,-162000,0,0,0,0,0,0,0,0,0,0,0,0,0,-162000
058049,帆宣元大98購01  ,0,0,0,0,0,0,0,0,0,-162000,0,0,0,18000,180000,-162000,-162000
062415,聯茂中信9C購01  ,0,0,0,0,0,0,0,0,0,-162000,0,0,0,34000,196000,-162000,-162000
07830P,牧德凱基9A售03  ,0,0,0,0,0,0,0,0,0,-163000,0,0,0,8000,171000,-163000,-163000
057064,華新科富邦9B購01,0,0,0,0,0,0,0,0,0,-163000,0,0,0,690000,853000,-163000,-163000
058221,上銀統一99購04  ,0,0,0,0,0,0,0,0,0,-163000,0,0,0,75000,238000,-163000,-163000
062398,建準永豐9B購01  ,0,0,0,0,0,0,0,0,0,-163000,0,0,0,35000,198000,-163000,-163000
08338P,台灣50凱基9C售11,0,0,0,0,0,0,0,0,0,-164000,0,0,0,49000,213000,-164000,-164000
08320P,智邦統一9C售02  ,0,0,0,0,0,0,0,0,0,-165000,0,0,0,40000,205000,-165000,-165000
06849P,欣興元大98售12  ,0,0,0,0,0,0,0,0,0,-165000,0,0,0,0,165000,-165000,-165000
057329,緯穎群益98購02  ,0,0,0,0,0,0,0,0,0,-165000,0,0,0,153000,318000,-165000,-165000
061742,奇鋐凱基9B購01  ,0,0,0,0,0,0,0,0,0,-165000,0,0,0,53000,218000,-165000,-165000
063975,台積電兆豐9C購01,0,0,0,0,0,0,0,0,0,-165000,0,0,0,80000,245000,-165000,-165000
2849,安泰銀          ,4000,130000,-126000,0,0,0,0,0,0,-40000,0,40000,-40000,0,0,0,-166000
049842,道瓊反中信98購01,0,0,0,0,0,0,0,0,0,-166000,0,0,0,35000,201000,-166000,-166000
063845,旺宏元大9C購03  ,0,0,0,0,0,0,0,0,0,-166000,0,0,0,32000,198000,-166000,-166000
4306,炎洲            ,0,167000,-167000,0,0,0,0,0,0,0,0,0,0,0,0,0,-167000
052764,景碩群益98購01  ,0,0,0,0,0,0,0,0,0,-167000,0,0,0,0,167000,-167000,-167000
057327,玉晶光群益9A購04,0,0,0,0,0,0,0,0,0,-167000,0,0,0,19000,186000,-167000,-167000
057154,易華電國泰99購01,0,0,0,0,0,0,0,0,0,-167000,0,0,0,0,167000,-167000,-167000
058472,亞德客凱基9A購01,0,0,0,0,0,0,0,0,0,-167000,0,0,0,50000,217000,-167000,-167000
062087,瑞祺元大9B購02  ,0,0,0,0,0,0,0,0,0,-167000,0,0,0,15000,182000,-167000,-167000
2537,聯上發          ,57000,225000,-168000,0,0,0,0,0,0,0,0,0,0,0,0,0,-168000
08387P,臺股指群益9C售15,0,0,0,0,0,0,0,0,0,-168000,0,0,0,56000,224000,-168000,-168000
056644,宏達電凱基98購04,0,0,0,0,0,0,0,0,0,-168000,0,0,0,76000,244000,-168000,-168000
060310,瑞昱永豐9A購01  ,0,0,0,0,0,0,0,0,0,-168000,0,0,0,13000,181000,-168000,-168000
064248,億光元富9C購01  ,0,0,0,0,0,0,0,0,0,-168000,0,0,0,17000,185000,-168000,-168000
063708,上銀凱基9B購06  ,0,0,0,0,0,0,0,0,0,-168000,0,0,0,0,168000,-168000,-168000
063439,正隆統一01購01  ,0,0,0,0,0,0,0,0,0,-168000,0,0,0,0,168000,-168000,-168000
058506,台積電元大99購09,0,0,0,0,0,0,0,0,0,-169000,0,0,0,63000,232000,-169000,-169000
058135,景碩元大99購01  ,0,0,0,0,0,0,0,0,0,-169000,0,0,0,31000,200000,-169000,-169000
061265,富邦金凱基9B購01,0,0,0,0,0,0,0,0,0,-169000,0,0,0,57000,226000,-169000,-169000
063721,道瓊銀元大9B購03,0,0,0,0,0,0,0,0,0,-169000,0,0,0,0,169000,-169000,-169000
062393,智邦富邦9B購01  ,0,0,0,0,0,0,0,0,0,-170000,0,0,0,129000,299000,-170000,-170000
1514,亞力            ,236000,407000,-171000,0,0,0,0,0,0,0,0,0,0,0,0,0,-171000
064729,聯茂統一02購02  ,0,0,0,0,0,0,0,0,0,-171000,0,0,0,0,171000,-171000,-171000
060379,T50反1凱基9A購07,0,0,0,0,0,0,0,0,0,-171000,0,0,0,0,171000,-171000,-171000
062644,中環國泰9C購01  ,0,0,0,0,0,0,0,0,0,-171000,0,0,0,67000,238000,-171000,-171000
2106,建大            ,75000,220000,-145000,0,0,0,0,0,0,-27000,0,27000,-27000,0,0,0,-172000
08376P,南亞科元富9C售03,0,0,0,0,0,0,0,0,0,-172000,0,0,0,0,172000,-172000,-172000
057462,光磊永豐98購02  ,0,0,0,0,0,0,0,0,0,-172000,0,0,0,74000,246000,-172000,-172000
059313,元石油元大99購06,0,0,0,0,0,0,0,0,0,-172000,0,0,0,28000,200000,-172000,-172000
061985,富邦金元大9B購01,0,0,0,0,0,0,0,0,0,-173000,0,0,0,25000,198000,-173000,-173000
07536P,華新科元富9A售04,0,0,0,0,0,0,0,0,0,-174000,0,0,0,46000,220000,-174000,-174000
051431,群創元富99購02  ,0,0,0,0,0,0,0,0,0,-174000,0,0,0,90000,264000,-174000,-174000
06192P,高股息中信98售01,0,0,0,0,0,0,0,0,0,-174000,0,0,0,0,174000,-174000,-174000
063271,中磊兆豐9C購01  ,0,0,0,0,0,0,0,0,0,-174000,0,0,0,0,174000,-174000,-174000
064740,台光電國票01購01,0,0,0,0,0,0,0,0,0,-175000,0,0,0,0,175000,-175000,-175000
064649,同欣電凱基01購01,0,0,0,0,0,0,0,0,0,-175000,0,0,0,0,175000,-175000,-175000
06788P,臺股指元大98售05,0,0,0,0,0,0,0,0,0,-175000,0,0,0,0,175000,-175000,-175000
053396,漢唐中信9A購01  ,0,0,0,0,0,0,0,0,0,-175000,0,0,0,3000,178000,-175000,-175000
059288,旺宏元富99購03  ,0,0,0,0,0,0,0,0,0,-175000,0,0,0,0,175000,-175000,-175000
064146,瑞昱統一01購03  ,0,0,0,0,0,0,0,0,0,-175000,0,0,0,30000,205000,-175000,-175000
062058,瑞昱統一01購01  ,0,0,0,0,0,0,0,0,0,-175000,0,0,0,0,175000,-175000,-175000
08384P,臺股指群益9C售12,0,0,0,0,0,0,0,0,0,-176000,0,0,0,35000,211000,-176000,-176000
058292,上銀凱基9A購01  ,0,0,0,0,0,0,0,0,0,-176000,0,0,0,10000,186000,-176000,-176000
062381,上銀國泰9C購01  ,0,0,0,0,0,0,0,0,0,-176000,0,0,0,20000,196000,-176000,-176000
08290P,高鐵統一01售01  ,0,0,0,0,0,0,0,0,0,-177000,0,0,0,0,177000,-177000,-177000
4961,天鈺            ,27000,203000,-176000,0,0,0,0,0,0,-1000,0,1000,-1000,0,0,0,-177000
064714,和大統一02購02  ,0,0,0,0,0,0,0,0,0,-177000,0,0,0,3000,180000,-177000,-177000
2704,國賓            ,10000,187000,-177000,0,0,0,0,0,0,-1000,0,1000,-1000,0,0,0,-178000
057787,TPK國票99購01   ,0,0,0,0,0,0,0,0,0,-178000,0,0,0,0,178000,-178000,-178000
064337,大毅元大01購02  ,0,0,0,0,0,0,0,0,0,-178000,0,0,0,137000,315000,-178000,-178000
063794,亞德客凱基9C購01,0,0,0,0,0,0,0,0,0,-178000,0,0,0,50000,228000,-178000,-178000
8105,凌巨            ,126000,286000,-160000,0,0,0,0,0,0,-20000,0,20000,-20000,0,0,0,-180000
059976,道瓊銀元大99購01,0,0,0,0,0,0,0,0,0,-180000,0,0,0,0,180000,-180000,-180000
063939,上銀元大9C購04  ,0,0,0,0,0,0,0,0,0,-180000,0,0,0,5000,185000,-180000,-180000
063359,泰鼎國泰01購01  ,0,0,0,0,0,0,0,0,0,-180000,0,0,0,430000,610000,-180000,-180000
063490,儒鴻富邦9C購01  ,0,0,0,0,0,0,0,0,0,-180000,0,0,0,247000,427000,-180000,-180000
06168P,台表科國票97售06,0,0,0,0,0,0,0,0,0,-181000,0,0,0,30000,211000,-181000,-181000
063971,健鼎國票01購01  ,0,0,0,0,0,0,0,0,0,-181000,0,0,0,0,181000,-181000,-181000
062897,上銀元大9B購06  ,0,0,0,0,0,0,0,0,0,-181000,0,0,0,0,181000,-181000,-181000
07693P,群創元大9B售10  ,0,0,0,0,0,0,0,0,0,-182000,0,0,0,10000,192000,-182000,-182000
057416,T50反1凱基9C購01,0,0,0,0,0,0,0,0,0,-182000,0,0,0,10000,192000,-182000,-182000
057298,旭富永豐98購01  ,0,0,0,0,0,0,0,0,0,-183000,0,0,0,335000,518000,-183000,-183000
048270,T50反1富邦99購01,0,0,0,0,0,0,0,0,0,-183000,0,0,0,34000,217000,-183000,-183000
060857,旭富富邦9B購01  ,0,0,0,0,0,0,0,0,0,-183000,0,0,0,53000,236000,-183000,-183000
063080,裕隆凱基9B購01  ,0,0,0,0,0,0,0,0,0,-183000,0,0,0,148000,331000,-183000,-183000
062486,瑞昱富邦9B購01  ,0,0,0,0,0,0,0,0,0,-183000,0,0,0,285000,468000,-183000,-183000
07174P,臺股指國票99售11,0,0,0,0,0,0,0,0,0,-184000,0,0,0,332000,516000,-184000,-184000
060937,T50反1國票9A購10,0,0,0,0,0,0,0,0,0,-184000,0,0,0,280000,464000,-184000,-184000
07634P,金像電元大9A售01,0,0,0,0,0,0,0,0,0,-185000,0,0,0,51000,236000,-185000,-185000
058287,國巨國票9A購02  ,0,0,0,0,0,0,0,0,0,-186000,0,0,0,10000,196000,-186000,-186000
060509,宏達電元大9A購02,0,0,0,0,0,0,0,0,0,-186000,0,0,0,95000,281000,-186000,-186000
064031,玉晶光元大02購01,0,0,0,0,0,0,0,0,0,-186000,0,0,0,15000,201000,-186000,-186000
08427P,義隆國票9C售01  ,0,0,0,0,0,0,0,0,0,-187000,0,0,0,0,187000,-187000,-187000
063864,健策富邦01購01  ,0,0,0,0,0,0,0,0,0,-187000,0,0,0,15000,202000,-187000,-187000
9911,櫻花            ,8000,180000,-172000,0,0,0,0,0,0,-15000,0,15000,-15000,0,0,0,-187000
064212,可成凱基03購01  ,0,0,0,0,0,0,0,0,0,-188000,0,0,0,0,188000,-188000,-188000
2362,藍天            ,38000,205100,-167100,0,0,0,0,0,0,-21000,10000,31000,-21000,0,0,0,-188100
08112P,臺股指中信01售07,0,0,0,0,0,0,0,0,0,-189000,0,0,0,57000,246000,-189000,-189000
07409P,台積電台新99售07,0,0,0,0,0,0,0,0,0,-189000,0,0,0,10000,199000,-189000,-189000
057049,新日興元大98購02,0,0,0,0,0,0,0,0,0,-189000,0,0,0,11000,200000,-189000,-189000
062503,玉晶光群益01購03,0,0,0,0,0,0,0,0,0,-189000,0,0,0,18000,207000,-189000,-189000
2015,豐興            ,77000,170000,-93000,0,0,0,0,60000,-60000,-37000,0,37000,-37000,0,0,0,-190000
00634R,富邦上証反1     ,59000,27000,32000,0,0,0,0,0,0,-222000,0,0,0,37000,259000,-222000,-190000
054777,昇陽半國票98購01,0,0,0,0,0,0,0,0,0,-190000,0,0,0,0,190000,-190000,-190000
058814,南亞科台新99購01,0,0,0,0,0,0,0,0,0,-190000,0,0,0,0,190000,-190000,-190000
063081,技嘉凱基9B購02  ,0,0,0,0,0,0,0,0,0,-190000,0,0,0,47000,237000,-190000,-190000
063532,GIS凱基9B購03   ,0,0,0,0,0,0,0,0,0,-191000,0,0,0,119000,310000,-191000,-191000
063245,富邦金元大9B購03,0,0,0,0,0,0,0,0,0,-191000,0,0,0,84000,275000,-191000,-191000
08256P,台積電元大9C售02,0,0,0,0,0,0,0,0,0,-192000,0,0,0,0,192000,-192000,-192000
08424P,群創元富9C售03  ,0,0,0,0,0,0,0,0,0,-192000,0,0,0,0,192000,-192000,-192000
07771P,義隆國票9A售01  ,0,0,0,0,0,0,0,0,0,-192000,0,0,0,78000,270000,-192000,-192000
064547,宏達電凱基9C購01,0,0,0,0,0,0,0,0,0,-192000,0,0,0,60000,252000,-192000,-192000
6558,興能高          ,134000,323400,-189400,0,0,0,0,0,0,-3000,0,3000,-3000,0,0,0,-192400
1736,喬山            ,352000,460000,-108000,0,0,0,0,0,0,-85000,0,0,0,6000,91000,-85000,-193000
07719P,臺股指群益9A售08,0,0,0,0,0,0,0,0,0,-193000,0,0,0,123000,316000,-193000,-193000
056845,揚明光元富98購01,0,0,0,0,0,0,0,0,0,-193000,0,0,0,77000,270000,-193000,-193000
056915,上銀兆豐99購01  ,0,0,0,0,0,0,0,0,0,-193000,0,0,0,2000,195000,-193000,-193000
059403,T50反1台新03購03,0,0,0,0,0,0,0,0,0,-193000,0,0,0,0,193000,-193000,-193000
8996,高力            ,214000,402000,-188000,0,0,0,0,5000,-5000,0,4000,4000,0,0,0,0,-193000
1103,嘉泥            ,52000,244000,-192000,0,0,0,0,0,0,-2000,0,2000,-2000,0,0,0,-194000
2634,漢翔            ,73000,264000,-191000,0,0,0,0,0,0,-3000,0,29000,-29000,29000,3000,26000,-194000
4564,元翎            ,35000,223000,-188000,0,0,0,0,0,0,-7000,0,1000,-1000,0,6000,-6000,-195000
055034,建準富邦99購01  ,0,0,0,0,0,0,0,0,0,-195000,0,0,0,5000,200000,-195000,-195000
063926,南亞科統一03購01,0,0,0,0,0,0,0,0,0,-195000,0,0,0,172000,367000,-195000,-195000
4551,智伸科          ,71000,236000,-165000,0,0,0,51000,0,51000,-83000,11000,33000,-22000,4000,65000,-61000,-197000
2442,新美齊          ,33000,220000,-187000,0,0,0,0,0,0,-10000,0,10000,-10000,0,0,0,-197000
05639P,欣興統一97售01  ,0,0,0,0,0,0,0,0,0,-197000,0,0,0,45000,242000,-197000,-197000
3530,晶相光          ,57000,240000,-183000,0,0,0,0,0,0,-15000,0,15000,-15000,0,0,0,-198000
064456,禾伸堂統一01購01,0,0,0,0,0,0,0,0,0,-198000,0,0,0,100000,298000,-198000,-198000
03050X,元展47          ,0,0,0,0,0,0,0,0,0,-198000,0,0,0,44000,242000,-198000,-198000
07408P,台積電兆豐99售06,0,0,0,0,0,0,0,0,0,-199000,0,0,0,52000,251000,-199000,-199000
059865,國巨凱基01購01  ,0,0,0,0,0,0,0,0,0,-199000,0,0,0,22000,221000,-199000,-199000
07463P,台積電國票9A售05,0,0,0,0,0,0,0,0,0,-200000,0,0,0,0,200000,-200000,-200000
07796P,聯發科國票9A售03,0,0,0,0,0,0,0,0,0,-200000,0,0,0,0,200000,-200000,-200000
06836P,玉晶光國票99售06,0,0,0,0,0,0,0,0,0,-200000,0,0,0,64000,264000,-200000,-200000
4137,麗豐-KY         ,86000,173000,-87000,0,0,0,0,54000,-54000,-59000,0,36000,-36000,1000,24000,-23000,-200000
08321P,世芯永豐9C售01  ,0,0,0,0,0,0,0,0,0,-200000,0,0,0,1000,201000,-200000,-200000
08185P,華新科永豐9B售01,0,0,0,0,0,0,0,0,0,-200000,0,0,0,40000,240000,-200000,-200000
057621,崇越凱基98購01  ,0,0,0,0,0,0,0,0,0,-200000,0,0,0,0,200000,-200000,-200000
2356,英業達          ,3431630,4633000,-1201370,0,0,0,1398000,2000,1396000,-395000,0,150000,-150000,5000,250000,-245000,-200370
055779,國泰金凱基97購02,0,0,0,0,0,0,0,0,0,-201000,0,0,0,107000,308000,-201000,-201000
063587,漢唐永豐9B購02  ,0,0,0,0,0,0,0,0,0,-201000,0,0,0,0,201000,-201000,-201000
063660,儒鴻統一9C購01  ,0,0,0,0,0,0,0,0,0,-201000,0,0,0,20000,221000,-201000,-201000
062060,奇鋐統一9C購01  ,0,0,0,0,0,0,0,0,0,-202000,0,0,0,0,202000,-202000,-202000
063134,裕隆統一01購01  ,0,0,0,0,0,0,0,0,0,-203000,0,0,0,1148000,1351000,-203000,-203000
6504,南六            ,536041,1147000,-610959,0,0,0,479000,0,479000,-72000,119000,38000,81000,48000,201000,-153000,-203959
08105P,景碩元大9B售01  ,0,0,0,0,0,0,0,0,0,-204000,0,0,0,35000,239000,-204000,-204000
056301,開發金元大9A購01,0,0,0,0,0,0,0,0,0,-204000,0,0,0,0,204000,-204000,-204000
060696,道瓊反國泰9C購01,0,0,0,0,0,0,0,0,0,-204000,0,0,0,4000,208000,-204000,-204000
063801,GIS凱基01購01   ,0,0,0,0,0,0,0,0,0,-204000,0,0,0,96000,300000,-204000,-204000
08409P,臺股指元大9C售15,0,0,0,0,0,0,0,0,0,-205000,0,0,0,0,205000,-205000,-205000
3090,日電貿          ,91000,274000,-183000,0,0,0,0,0,0,-22000,0,10000,-10000,0,12000,-12000,-205000
2453,凌群            ,657000,865000,-208000,0,0,0,0,0,0,1000,6000,5000,1000,0,0,0,-207000
2484,希華            ,63000,268000,-205000,0,0,0,0,0,0,-2000,0,2000,-2000,0,0,0,-207000
2451,創見            ,122000,479000,-357000,0,0,0,182000,0,182000,-33000,50000,21000,29000,0,62000,-62000,-208000
6443,元晶            ,12000,218000,-206000,0,0,0,0,0,0,-2000,0,2000,-2000,0,0,0,-208000
3019,亞光            ,532151,752000,-219849,0,0,0,0,0,0,11000,46000,20000,26000,21000,36000,-15000,-208849
08349P,南六元大9C售03  ,0,0,0,0,0,0,0,0,0,-209000,0,0,0,57000,266000,-209000,-209000
06801P,技嘉群益99售02  ,0,0,0,0,0,0,0,0,0,-209000,0,0,0,23000,232000,-209000,-209000
062745,聯詠永豐9B購01  ,0,0,0,0,0,0,0,0,0,-209000,0,0,0,1000,210000,-209000,-209000
06889P,臺股指元大98售13,0,0,0,0,0,0,0,0,0,-210000,0,0,0,5000,215000,-210000,-210000
06529P,貿聯富邦99售03  ,0,0,0,0,0,0,0,0,0,-210000,0,0,0,140000,350000,-210000,-210000
07836P,大成鋼元大9A售01,0,0,0,0,0,0,0,0,0,-210000,0,0,0,100000,310000,-210000,-210000
058137,玉晶光元大99購11,0,0,0,0,0,0,0,0,0,-210000,0,0,0,2000,212000,-210000,-210000
064119,上銀元大9C購06  ,0,0,0,0,0,0,0,0,0,-210000,0,0,0,25000,235000,-210000,-210000
5388,中磊            ,62000,275000,-213000,0,0,0,0,0,0,1000,0,11000,-11000,17000,5000,12000,-212000
060060,台積電兆豐99購05,0,0,0,0,0,0,0,0,0,-212000,0,0,0,0,212000,-212000,-212000
054893,帆宣統一99購01  ,0,0,0,0,0,0,0,0,0,-212000,0,0,0,2000,214000,-212000,-212000
063999,日月光兆豐9C購01,0,0,0,0,0,0,0,0,0,-212000,0,0,0,53000,265000,-212000,-212000
057454,上銀國泰99購02  ,0,0,0,0,0,0,0,0,0,-213000,0,0,0,0,213000,-213000,-213000
055974,上銀統一97購05  ,0,0,0,0,0,0,0,0,0,-213000,0,0,0,0,213000,-213000,-213000
061031,神隆永豐9A購02  ,0,0,0,0,0,0,0,0,0,-213000,0,0,0,852000,1065000,-213000,-213000
064357,中橡統一9C購01  ,0,0,0,0,0,0,0,0,0,-213000,0,0,0,24000,237000,-213000,-213000
08313P,健策國票01售01  ,0,0,0,0,0,0,0,0,0,-214000,0,0,0,60000,274000,-214000,-214000
060809,康友群益9A購01  ,0,0,0,0,0,0,0,0,0,-214000,0,0,0,125000,339000,-214000,-214000
9917,中保科          ,82000,361000,-279000,0,0,0,80000,0,80000,-15000,0,15000,-15000,0,0,0,-214000
1449,佳和            ,23000,235000,-212000,0,0,0,0,0,0,-3000,0,3000,-3000,0,0,0,-215000
00766L,台新MSCI中國正2 ,0,0,0,0,0,0,0,0,0,-215000,0,0,0,439000,654000,-215000,-215000
060604,宏達電凱基9B購01,0,0,0,0,0,0,0,0,0,-215000,0,0,0,48000,263000,-215000,-215000
1444,力麗            ,27000,242000,-215000,0,0,0,0,0,0,-1000,0,1000,-1000,0,0,0,-216000
07202P,台灣50凱基9C售04,0,0,0,0,0,0,0,0,0,-216000,0,0,0,160000,376000,-216000,-216000
061555,聯電國票9B購01  ,0,0,0,0,0,0,0,0,0,-217000,0,0,0,105000,322000,-217000,-217000
062487,中興電永豐9B購01,0,0,0,0,0,0,0,0,0,-217000,0,0,0,0,217000,-217000,-217000
064406,健策凱基03購01  ,0,0,0,0,0,0,0,0,0,-218000,0,0,0,48000,266000,-218000,-218000
053965,聯電元大98購04  ,0,0,0,0,0,0,0,0,0,-219000,0,0,0,200000,419000,-219000,-219000
062796,技嘉統一9C購01  ,0,0,0,0,0,0,0,0,0,-219000,0,0,0,79000,298000,-219000,-219000
06471P,臺股指凱基99售11,0,0,0,0,0,0,0,0,0,-220000,0,0,0,40000,260000,-220000,-220000
07382P,台積電群益9B售01,0,0,0,0,0,0,0,0,0,-220000,0,0,0,1000,221000,-220000,-220000
056475,宏達電元大99購02,0,0,0,0,0,0,0,0,0,-220000,0,0,0,97000,317000,-220000,-220000
057163,上銀元大98購04  ,0,0,0,0,0,0,0,0,0,-220000,0,0,0,0,220000,-220000,-220000
064043,台積電統一9C購10,0,0,0,0,0,0,0,0,0,-220000,0,0,0,294000,514000,-220000,-220000
057656,大成鋼兆豐98購01,0,0,0,0,0,0,0,0,0,-221000,0,0,0,10000,231000,-221000,-221000
055092,開發金群益9B購01,0,0,0,0,0,0,0,0,0,-221000,0,0,0,0,221000,-221000,-221000
061266,國泰金凱基9B購01,0,0,0,0,0,0,0,0,0,-221000,0,0,0,10000,231000,-221000,-221000
060792,信錦永豐9A購01  ,0,0,0,0,0,0,0,0,0,-221000,0,0,0,0,221000,-221000,-221000
059995,南亞科元富99購01,0,0,0,0,0,0,0,0,0,-222000,0,0,0,2000,224000,-222000,-222000
059242,南亞科凱基99購06,0,0,0,0,0,0,0,0,0,-222000,0,0,0,1000,223000,-222000,-222000
057063,立積國泰9A購01  ,0,0,0,0,0,0,0,0,0,-224000,0,0,0,9000,233000,-224000,-224000
07452P,國巨元大9A售05  ,0,0,0,0,0,0,0,0,0,-225000,0,0,0,0,225000,-225000,-225000
06763P,技嘉元大98售05  ,0,0,0,0,0,0,0,0,0,-226000,0,0,0,17000,243000,-226000,-226000
3044,健鼎            ,457000,690000,-233000,0,0,0,78000,0,78000,-71000,12000,226000,-214000,161000,18000,143000,-226000
064273,華邦電元大9C購02,0,0,0,0,0,0,0,0,0,-226000,0,0,0,34000,260000,-226000,-226000
061818,富邦金群益9C購01,0,0,0,0,0,0,0,0,0,-226000,0,0,0,141000,367000,-226000,-226000
3042,晶技            ,503000,952000,-449000,0,0,0,403000,0,403000,-181000,50000,106000,-56000,36000,161000,-125000,-227000
05977P,旺宏永豐96售06  ,0,0,0,0,0,0,0,0,0,-227000,0,0,0,65000,292000,-227000,-227000
06125P,楠梓電元富99售01,0,0,0,0,0,0,0,0,0,-228000,0,0,0,0,228000,-228000,-228000
060913,宏達電元大9A購03,0,0,0,0,0,0,0,0,0,-228000,0,0,0,180000,408000,-228000,-228000
058468,聯茂中信99購02  ,0,0,0,0,0,0,0,0,0,-229000,0,0,0,71000,300000,-229000,-229000
1201,味全            ,75000,291000,-216000,0,0,0,0,0,0,-14000,0,0,0,3000,17000,-14000,-230000
064759,景碩凱基9C購01  ,0,0,0,0,0,0,0,0,0,-230000,0,0,0,0,230000,-230000,-230000
07527P,台灣50凱基9B售02,0,0,0,0,0,0,0,0,0,-230000,0,0,0,85000,315000,-230000,-230000
060228,亞德客元大9A購01,0,0,0,0,0,0,0,0,0,-230000,0,0,0,3000,233000,-230000,-230000
061594,玉晶光永豐9A購08,0,0,0,0,0,0,0,0,0,-230000,0,0,0,27000,257000,-230000,-230000
062882,新日興兆豐9C購01,0,0,0,0,0,0,0,0,0,-230000,0,0,0,158000,388000,-230000,-230000
063654,上銀元富9B購05  ,0,0,0,0,0,0,0,0,0,-230000,0,0,0,39000,269000,-230000,-230000
057817,景碩元大98購01  ,0,0,0,0,0,0,0,0,0,-231000,0,0,0,58000,289000,-231000,-231000
3533,嘉澤            ,277111,673000,-395889,0,0,0,268000,31000,237000,-73000,2000,10000,-8000,4000,69000,-65000,-231889
064396,創意永豐9C購01  ,0,0,0,0,0,0,0,0,0,-232000,0,0,0,0,232000,-232000,-232000
06624P,訊芯元大98售06  ,0,0,0,0,0,0,0,0,0,-232000,0,0,0,50000,282000,-232000,-232000
059424,SGBR2X元大9A購01,0,0,0,0,0,0,0,0,0,-232000,0,0,0,165000,397000,-232000,-232000
061010,上銀麥證9A購02  ,0,0,0,1000,233000,-232000,0,0,0,-232000,0,0,0,1000,233000,-232000,-232000
064325,亞德客元大9C購01,0,0,0,0,0,0,0,0,0,-232000,0,0,0,0,232000,-232000,-232000
064371,矽格統一9C購02  ,0,0,0,0,0,0,0,0,0,-232000,0,0,0,56000,288000,-232000,-232000
4968,立積            ,407000,624000,-217000,0,0,0,51000,0,51000,-67000,1000,19000,-18000,21000,70000,-49000,-233000
062734,臺指反國票9C購03,0,0,0,0,0,0,0,0,0,-234000,0,0,0,130000,364000,-234000,-234000
2388,威盛            ,25000,258000,-233000,0,0,0,0,0,0,-2000,0,2000,-2000,0,0,0,-235000
2031,新光鋼          ,39000,235000,-196000,0,0,0,0,0,0,-39000,6000,45000,-39000,0,0,0,-235000
064524,GIS群益02購01   ,0,0,0,0,0,0,0,0,0,-235000,0,0,0,0,235000,-235000,-235000
07505P,台勝科元大9A售01,0,0,0,0,0,0,0,0,0,-235000,0,0,0,831000,1066000,-235000,-235000
059189,國泰金富邦9B購01,0,0,0,0,0,0,0,0,0,-235000,0,0,0,17000,252000,-235000,-235000
06935P,神達元大98售02  ,0,0,0,0,0,0,0,0,0,-236000,0,0,0,2000,238000,-236000,-236000
2231,為升            ,46000,250000,-204000,0,0,0,0,0,0,-32000,2000,19000,-17000,0,15000,-15000,-236000
060191,亞光元富9A購02  ,0,0,0,0,0,0,0,0,0,-236000,0,0,0,53000,289000,-236000,-236000
062332,大立光統一9B購11,0,0,0,0,0,0,0,0,0,-236000,0,0,0,103000,339000,-236000,-236000
5521,工信            ,122000,364000,-242000,0,0,0,0,0,0,4000,4000,0,4000,0,0,0,-238000
055887,上銀統一97購03  ,0,0,0,0,0,0,0,0,0,-238000,0,0,0,0,238000,-238000,-238000
056441,燿華凱基98購01  ,0,0,0,0,0,0,0,0,0,-238000,0,0,0,70000,308000,-238000,-238000
064754,漢唐凱基02購01  ,0,0,0,0,0,0,0,0,0,-239000,0,0,0,0,239000,-239000,-239000
00771,元大US高息特別股,4000,4000,0,0,0,0,0,0,0,-239000,0,0,0,120000,359000,-239000,-239000
061714,華新科凱基9A購15,0,0,0,0,0,0,0,0,0,-240000,0,0,0,0,240000,-240000,-240000
2903,遠百            ,315000,514000,-199000,0,0,0,0,0,0,-42000,0,42000,-42000,0,0,0,-241000
08132P,南六元大9B售05  ,0,0,0,0,0,0,0,0,0,-241000,0,0,0,164000,405000,-241000,-241000
055891,鴻海統一9A購01  ,0,0,0,0,0,0,0,0,0,-241000,0,0,0,39000,280000,-241000,-241000
063405,聯發科國票9C購03,0,0,0,0,0,0,0,0,0,-241000,0,0,0,469000,710000,-241000,-241000
6491,晶碩            ,82000,319000,-237000,0,0,0,0,0,0,-5000,0,5000,-5000,0,0,0,-242000
07990P,緯穎凱基9B售02  ,0,0,0,0,0,0,0,0,0,-242000,0,0,0,0,242000,-242000,-242000
063169,台汽電永豐9B購01,0,0,0,0,0,0,0,0,0,-242000,0,0,0,0,242000,-242000,-242000
063676,上銀國泰9C購02  ,0,0,0,0,0,0,0,0,0,-242000,0,0,0,246000,488000,-242000,-242000
063071,華新科富邦02購01,0,0,0,0,0,0,0,0,0,-242000,0,0,0,21000,263000,-242000,-242000
3563,牧德            ,71000,241000,-170000,0,0,0,0,0,0,-73000,0,18000,-18000,8000,63000,-55000,-243000
053569,漢唐統一98購01  ,0,0,0,0,0,0,0,0,0,-243000,0,0,0,0,243000,-243000,-243000
060285,聯電元大9C購01  ,0,0,0,0,0,0,0,0,0,-243000,0,0,0,145000,388000,-243000,-243000
3062,建漢            ,30000,261000,-231000,0,0,0,0,0,0,-14000,0,14000,-14000,0,0,0,-245000
056577,玉晶光元大99購06,0,0,0,0,0,0,0,0,0,-245000,0,0,0,90000,335000,-245000,-245000
057377,康控元大99購02  ,0,0,0,0,0,0,0,0,0,-245000,0,0,0,72000,317000,-245000,-245000
059183,T50反1台新03購02,0,0,0,0,0,0,0,0,0,-245000,0,0,0,0,245000,-245000,-245000
064250,亞光元富9C購01  ,0,0,0,0,0,0,0,0,0,-245000,0,0,0,98000,343000,-245000,-245000
6670,復盛應用        ,17000,98000,-81000,0,0,0,0,95000,-95000,-70000,5000,58000,-53000,0,17000,-17000,-246000
2369,菱生            ,75000,308000,-233000,0,0,0,0,0,0,-13000,0,13000,-13000,0,0,0,-246000
058516,健鼎元大99購02  ,0,0,0,0,0,0,0,0,0,-249000,0,0,0,80000,329000,-249000,-249000
062647,南電國泰9C購02  ,0,0,0,0,0,0,0,0,0,-249000,0,0,0,484000,733000,-249000,-249000
058136,景碩元大99購02  ,0,0,0,0,0,0,0,0,0,-250000,0,0,0,112000,362000,-250000,-250000
3056,總太            ,58000,283000,-225000,0,0,0,0,0,0,-26000,0,26000,-26000,0,0,0,-251000
07864P,可成元大9B售01  ,0,0,0,0,0,0,0,0,0,-251000,0,0,0,55000,306000,-251000,-251000
064500,國泰金元大9C購01,0,0,0,0,0,0,0,0,0,-251000,0,0,0,10000,261000,-251000,-251000
08130P,義隆元大9B售05  ,0,0,0,0,0,0,0,0,0,-252000,0,0,0,142000,394000,-252000,-252000
08300P,世芯國票01售01  ,0,0,0,0,0,0,0,0,0,-252000,0,0,0,55000,307000,-252000,-252000
063865,旺宏永豐9C購01  ,0,0,0,0,0,0,0,0,0,-254000,0,0,0,0,254000,-254000,-254000
08140P,祥碩元大9B售07  ,0,0,0,0,0,0,0,0,0,-255000,0,0,0,118000,373000,-255000,-255000
07587P,台灣50國票9A售11,0,0,0,0,0,0,0,0,0,-255000,0,0,0,10000,265000,-255000,-255000
052328,台表科中信99購01,0,0,0,0,0,0,0,0,0,-255000,0,0,0,316000,571000,-255000,-255000
058925,旭富元富99購02  ,0,0,0,0,0,0,0,0,0,-255000,0,0,0,371000,626000,-255000,-255000
00730,富邦臺灣優質高息,6000,6000,0,0,0,0,0,0,0,-257000,0,0,0,376000,633000,-257000,-257000
060861,漢唐永豐9A購01  ,0,0,0,0,0,0,0,0,0,-257000,0,0,0,84000,341000,-257000,-257000
9939,宏全            ,11000,205000,-194000,0,0,0,0,0,0,-63000,0,36000,-36000,0,27000,-27000,-257000
06847P,奇力新元大98售05,0,0,0,0,0,0,0,0,0,-258000,0,0,0,65000,323000,-258000,-258000
6706,惠特            ,113000,316000,-203000,0,0,0,101000,0,101000,-156000,0,156000,-156000,0,0,0,-258000
057043,台積電元大99購02,0,0,0,0,0,0,0,0,0,-258000,0,0,0,153000,411000,-258000,-258000
060804,T50反1群益9A購02,0,0,0,0,0,0,0,0,0,-258000,0,0,0,51000,309000,-258000,-258000
057442,玉晶光統一98購03,0,0,0,0,0,0,0,0,0,-259000,0,0,0,488000,747000,-259000,-259000
2605,新興            ,84000,429000,-345000,0,0,0,0,0,0,85000,85000,0,85000,0,0,0,-260000
07835P,台表科群益9A售02,0,0,0,0,0,0,0,0,0,-260000,0,0,0,0,260000,-260000,-260000
062410,台積電第一9B購02,0,0,0,0,0,0,0,0,0,-260000,0,0,0,0,260000,-260000,-260000
3023,信邦            ,192000,417000,-225000,0,0,0,0,21000,-21000,-15000,4000,7000,-3000,0,12000,-12000,-261000
063765,上銀元富9B購09  ,0,0,0,0,0,0,0,0,0,-262000,0,0,0,50000,312000,-262000,-262000
07728P,臺股指凱基9A售20,0,0,0,0,0,0,0,0,0,-263000,0,0,0,15000,278000,-263000,-263000
060031,旭富永豐99購02  ,0,0,0,0,0,0,0,0,0,-263000,0,0,0,135000,398000,-263000,-263000
055874,中環元富9A購01  ,0,0,0,0,0,0,0,0,0,-264000,0,0,0,18000,282000,-264000,-264000
062701,漢唐元大9B購01  ,0,0,0,0,0,0,0,0,0,-264000,0,0,0,79000,343000,-264000,-264000
062523,世紀鋼元大9C購03,0,0,0,0,0,0,0,0,0,-264000,0,0,0,90000,354000,-264000,-264000
07657P,技嘉凱基9A售03  ,0,0,0,0,0,0,0,0,0,-265000,0,0,0,5000,270000,-265000,-265000
06595P,祥碩元大98售03  ,0,0,0,0,0,0,0,0,0,-265000,0,0,0,495000,760000,-265000,-265000
4108,懷特            ,150000,413000,-263000,0,0,0,0,0,0,-2000,0,2000,-2000,0,0,0,-265000
08086P,燿華凱基9B售03  ,0,0,0,0,0,0,0,0,0,-265000,0,0,0,5000,270000,-265000,-265000
057681,T50反1日盛9C購01,0,0,0,0,0,0,0,0,0,-266000,0,0,0,11000,277000,-266000,-266000
053117,大立光中信9A購02,0,0,0,0,0,0,0,0,0,-268000,0,0,0,0,268000,-268000,-268000
07641P,上銀凱基9A售05  ,0,0,0,0,0,0,0,0,0,-269000,0,0,0,111000,380000,-269000,-269000
056635,亞德客日盛99購01,0,0,0,0,0,0,0,0,0,-269000,0,0,0,10000,279000,-269000,-269000
8131,福懋科          ,28000,141000,-113000,0,0,0,0,130000,-130000,-26000,0,17000,-17000,0,9000,-9000,-269000
064881,聯茂兆豐01購02  ,0,0,0,0,0,0,0,0,0,-270000,0,0,0,0,270000,-270000,-270000
08207P,金像電群益9B售05,0,0,0,0,0,0,0,0,0,-270000,0,0,0,73000,343000,-270000,-270000
056012,勤誠中信99購01  ,0,0,0,0,0,0,0,0,0,-270000,0,0,0,0,270000,-270000,-270000
060099,宏達電元大99購09,0,0,0,0,0,0,0,0,0,-270000,0,0,0,67000,337000,-270000,-270000
056979,微星群益98購01  ,0,0,0,0,0,0,0,0,0,-270000,0,0,0,30000,300000,-270000,-270000
060233,宏碁元大9A購01  ,0,0,0,0,0,0,0,0,0,-270000,0,0,0,81000,351000,-270000,-270000
9940,信義            ,11000,288000,-277000,0,0,0,0,0,0,6000,30000,24000,6000,0,0,0,-271000
07162P,臺股指群益99售13,0,0,0,0,0,0,0,0,0,-272000,0,0,0,282000,554000,-272000,-272000
05995P,T50正2中信9C售01,0,0,0,0,0,0,0,0,0,-272000,0,0,0,11000,283000,-272000,-272000
064179,上銀富邦01購01  ,0,0,0,0,0,0,0,0,0,-272000,0,0,0,280000,552000,-272000,-272000
05722P,玉晶光國票97售03,0,0,0,0,0,0,0,0,0,-273000,0,0,0,179000,452000,-273000,-273000
056995,華新科日盛99購01,0,0,0,0,0,0,0,0,0,-273000,0,0,0,0,273000,-273000,-273000
063764,上銀元富9B購08  ,0,0,0,0,0,0,0,0,0,-273000,0,0,0,61000,334000,-273000,-273000
056768,宏達電元大99購03,0,0,0,0,0,0,0,0,0,-274000,0,0,0,140000,414000,-274000,-274000
054370,台積電中信9A購01,0,0,0,0,0,0,0,0,0,-275000,0,0,0,20000,295000,-275000,-275000
4919,新唐            ,67000,315000,-248000,0,0,0,0,0,0,-27244,2000,1000,1000,0,28244,-28244,-275244
3515,華擎            ,99000,222000,-123000,0,0,0,0,50000,-50000,-103000,5000,24000,-19000,20000,104000,-84000,-276000
2316,楠梓電          ,169000,429000,-260000,0,0,0,0,0,0,-16000,33000,17000,16000,0,32000,-32000,-276000
057394,台積電中信9C購02,0,0,0,0,0,0,0,0,0,-276000,0,0,0,0,276000,-276000,-276000
00830,國泰費城半導體  ,10000,594000,-584000,0,0,0,0,0,0,307000,262000,0,262000,272000,227000,45000,-277000
063995,健鼎群益9C購01  ,0,0,0,0,0,0,0,0,0,-277000,0,0,0,60000,337000,-277000,-277000
060841,宏達電國票9B購01,0,0,0,0,0,0,0,0,0,-278000,0,0,0,78000,356000,-278000,-278000
08080P,祥碩國票9B售03  ,0,0,0,0,0,0,0,0,0,-279000,0,0,0,145000,424000,-279000,-279000
8046,南電            ,1805000,2782000,-977000,0,0,0,1426000,0,1426000,-728000,41000,356000,-315000,26000,439000,-413000,-279000
063717,宏達電兆豐9B購02,0,0,0,0,0,0,0,0,0,-279000,0,0,0,0,279000,-279000,-279000
08311P,台積電國票9C售07,0,0,0,0,0,0,0,0,0,-280000,0,0,0,0,280000,-280000,-280000
057234,宏達電凱基98購05,0,0,0,0,0,0,0,0,0,-280000,0,0,0,97000,377000,-280000,-280000
3010,華立            ,159000,423000,-264000,0,0,0,0,0,0,-17000,0,17000,-17000,0,0,0,-281000
057450,國泰金元富98購01,0,0,0,0,0,0,0,0,0,-282000,0,0,0,177000,459000,-282000,-282000
059095,訊芯元大99購01  ,0,0,0,0,0,0,0,0,0,-283000,0,0,0,66000,349000,-283000,-283000
061937,聯發科國票9B購02,0,0,0,0,0,0,0,0,0,-283000,0,0,0,285000,568000,-283000,-283000
3047,訊舟            ,91000,374000,-283000,0,0,0,0,0,0,-1000,0,1000,-1000,0,0,0,-284000
062891,台汽電群益9B購01,0,0,0,0,0,0,0,0,0,-284000,0,0,0,240000,524000,-284000,-284000
6206,飛捷            ,28000,303000,-275000,0,0,0,0,0,0,-10000,0,10000,-10000,0,0,0,-285000
052602,聯電元大97購01  ,0,0,0,0,0,0,0,0,0,-285000,0,0,0,0,285000,-285000,-285000
062051,上銀統一9C購02  ,0,0,0,0,0,0,0,0,0,-286000,0,0,0,2000,288000,-286000,-286000
062324,上銀統一9B購04  ,0,0,0,0,0,0,0,0,0,-286000,0,0,0,0,286000,-286000,-286000
1215,卜蜂            ,475000,548000,-73000,0,0,0,0,195000,-195000,-19000,5000,0,5000,15000,39000,-24000,-287000
059307,T50反1元大99購06,0,0,0,0,0,0,0,0,0,-287000,0,0,0,111000,398000,-287000,-287000
059395,T50反1元富99購03,0,0,0,0,0,0,0,0,0,-287000,0,0,0,110000,397000,-287000,-287000
07986P,大成鋼統一9B售02,0,0,0,0,0,0,0,0,0,-288000,0,0,0,27000,315000,-288000,-288000
00641R,富邦日本反1     ,20000,425000,-405000,0,0,0,0,0,0,117000,0,0,0,454000,337000,117000,-288000
059986,宏達電元大99購08,0,0,0,0,0,0,0,0,0,-289000,0,0,0,33000,322000,-289000,-289000
061891,力山永豐9B購01  ,0,0,0,0,0,0,0,0,0,-289000,0,0,0,0,289000,-289000,-289000
062819,奇鋐兆豐9B購01  ,0,0,0,0,0,0,0,0,0,-289000,0,0,0,198000,487000,-289000,-289000
07080P,健策群益9A售01  ,0,0,0,0,0,0,0,0,0,-290000,0,0,0,45000,335000,-290000,-290000
061452,大成鋼凱基9A購01,0,0,0,0,0,0,0,0,0,-290000,0,0,0,26000,316000,-290000,-290000
060302,台積電富邦02購01,0,0,0,0,0,0,0,0,0,-291000,0,0,0,41000,332000,-291000,-291000
062228,南六統一02購01  ,0,0,0,0,0,0,0,0,0,-291000,0,0,0,310000,601000,-291000,-291000
2402,毅嘉            ,7000,296000,-289000,0,0,0,0,0,0,-4000,0,4000,-4000,0,0,0,-293000
062008,南亞科國泰9C購01,0,0,0,0,0,0,0,0,0,-293000,0,0,0,24000,317000,-293000,-293000
3059,華晶科          ,74000,367000,-293000,0,0,0,0,0,0,-1000,0,1000,-1000,0,0,0,-294000
2493,揚博            ,53000,316000,-263000,0,0,0,0,0,0,-32000,0,32000,-32000,0,0,0,-295000
056356,台積電元大99購01,0,0,0,0,0,0,0,0,0,-296000,0,0,0,48000,344000,-296000,-296000
00738U,元大道瓊白銀    ,859000,75000,784000,0,0,0,0,0,0,-1080000,0,0,0,510000,1590000,-1080000,-296000
058972,新日興永豐9A購01,0,0,0,0,0,0,0,0,0,-296000,0,0,0,0,296000,-296000,-296000
058648,聯陽永豐99購01  ,0,0,0,0,0,0,0,0,0,-298000,0,0,0,225000,523000,-298000,-298000
062801,宏達電統一01購01,0,0,0,0,0,0,0,0,0,-298000,0,0,0,249000,547000,-298000,-298000
063220,建準群益9B購01  ,0,0,0,0,0,0,0,0,0,-298000,0,0,0,7000,305000,-298000,-298000
4960,誠美材          ,285000,581000,-296000,0,0,0,0,0,0,-3000,0,3000,-3000,0,0,0,-299000
07949P,滬深2X元大9B售04,0,0,0,0,0,0,0,0,0,-299000,0,0,0,1000,300000,-299000,-299000
056527,大成鋼凱基98購03,0,0,0,0,0,0,0,0,0,-299000,0,0,0,0,299000,-299000,-299000
055214,聯電凱基97購02  ,0,0,0,0,0,0,0,0,0,-300000,0,0,0,0,300000,-300000,-300000
063353,上銀元富9B購03  ,0,0,0,0,0,0,0,0,0,-300000,0,0,0,32000,332000,-300000,-300000
06332P,世紀鋼群益98售01,0,0,0,0,0,0,0,0,0,-300000,0,0,0,0,300000,-300000,-300000
063050,葡萄王統一01購01,0,0,0,0,0,0,0,0,0,-300000,0,0,0,326000,626000,-300000,-300000
053291,旺宏中信9A購01  ,50000,11000,39000,0,0,0,0,0,0,-340000,0,0,0,0,340000,-340000,-301000
2387,精元            ,320000,607000,-287000,0,0,0,0,0,0,-15000,0,8000,-8000,3000,10000,-7000,-302000
2414,精技            ,90000,391000,-301000,0,0,0,0,0,0,-1000,0,1000,-1000,0,0,0,-302000
08438P,鴻海國票01售02  ,0,0,0,0,0,0,0,0,0,-302000,0,0,0,0,302000,-302000,-302000
062601,富邦金台新9B購01,0,0,0,0,0,0,0,0,0,-302000,0,0,0,90000,392000,-302000,-302000
063894,漢唐群益9C購01  ,0,0,0,0,0,0,0,0,0,-302000,0,0,0,0,302000,-302000,-302000
6230,超眾            ,46000,287000,-241000,0,0,0,0,1000,-1000,-61000,0,2000,-2000,2000,61000,-59000,-303000
2480,敦陽科          ,283000,430239,-147239,0,0,0,0,0,0,-156000,0,156000,-156000,0,0,0,-303239
3443,創意            ,112037,454000,-341963,0,0,0,0,0,0,38000,38000,22000,16000,42000,20000,22000,-303963
6196,帆宣            ,236000,515000,-279000,0,0,0,0,0,0,-26000,0,1000,-1000,30000,55000,-25000,-305000
07164P,臺股指群益99售15,0,0,0,0,0,0,0,0,0,-305000,0,0,0,30000,335000,-305000,-305000
03840P,台積電統一99售02,0,0,0,0,0,0,0,0,0,-307000,0,0,0,0,307000,-307000,-307000
2208,台船            ,84000,392000,-308000,0,0,0,0,0,0,0,0,0,0,0,0,0,-308000
058501,S&P正2元大99購01,0,0,0,0,0,0,0,0,0,-309000,0,0,0,0,309000,-309000,-309000
4943,康控-KY         ,105000,378000,-273000,0,0,0,0,3000,-3000,-36000,0,8000,-8000,6000,34000,-28000,-312000
061173,T50反1凱基04購01,0,0,0,0,0,0,0,0,0,-312000,0,0,0,20000,332000,-312000,-312000
059076,FBVIX元大99購04 ,0,0,0,0,0,0,0,0,0,-312000,0,0,0,0,312000,-312000,-312000
9919,康那香          ,2145000,2508000,-363000,0,0,0,0,0,0,51000,51000,0,51000,0,0,0,-312000
2882,國泰金          ,8143660,8614245,-470585,0,0,0,0,6000,-6000,164000,20000,296000,-276000,495000,55000,440000,-312585
056710,漢唐永豐98購01  ,0,0,0,0,0,0,0,0,0,-313000,0,0,0,77000,390000,-313000,-313000
060632,可成富邦9B購01  ,0,0,0,0,0,0,0,0,0,-313000,0,0,0,13000,326000,-313000,-313000
05519P,上証2X凱基98售01,0,0,0,0,0,0,0,0,0,-315000,0,0,0,0,315000,-315000,-315000
061763,聯電元大9C購02  ,0,0,0,0,0,0,0,0,0,-315000,0,0,0,252000,567000,-315000,-315000
1308,亞聚            ,210000,483000,-273000,0,0,0,0,0,0,-44000,0,44000,-44000,0,0,0,-317000
062013,奇鋐富邦9B購01  ,0,0,0,0,0,0,0,0,0,-317000,0,0,0,0,317000,-317000,-317000
06323P,台郡統一97售01  ,0,0,0,0,0,0,0,0,0,-317000,0,0,0,40000,357000,-317000,-317000
063471,泰鼎元大9C購01  ,0,0,0,0,0,0,0,0,0,-318000,0,0,0,92000,410000,-318000,-318000
062140,元金2X國票9B購03,0,0,0,0,0,0,0,0,0,-318000,0,0,0,47000,365000,-318000,-318000
4133,亞諾法          ,2456000,2775000,-319000,0,0,0,0,0,0,-1000,0,1000,-1000,0,0,0,-320000
057266,TPK兆豐98購02   ,0,0,0,0,0,0,0,0,0,-320000,0,0,0,50000,370000,-320000,-320000
057048,新日興元大98購01,0,0,0,0,0,0,0,0,0,-320000,0,0,0,0,320000,-320000,-320000
064655,聚陽元大9C購02  ,0,0,0,0,0,0,0,0,0,-322000,0,0,0,3000,325000,-322000,-322000
064062,創意國泰01購01  ,0,0,0,0,0,0,0,0,0,-322000,0,0,0,225000,547000,-322000,-322000
064259,矽格富邦9C購01  ,0,0,0,0,0,0,0,0,0,-322000,0,0,0,0,322000,-322000,-322000
058706,聯鈞元大9C購01  ,0,0,0,0,0,0,0,0,0,-323000,0,0,0,31000,354000,-323000,-323000
07089P,臺指2X中信01售01,0,0,0,0,0,0,0,0,0,-324000,0,0,0,135000,459000,-324000,-324000
08329P,台達電統一9C售02,0,0,0,0,0,0,0,0,0,-324000,0,0,0,52000,376000,-324000,-324000
059326,康友元大99購01  ,0,0,0,0,0,0,0,0,0,-327000,0,0,0,88000,415000,-327000,-327000
08010P,大成鋼元大9B售01,0,0,0,0,0,0,0,0,0,-328000,0,0,0,136000,464000,-328000,-328000
06438P,玉晶光國票99售02,0,0,0,0,0,0,0,0,0,-331000,0,0,0,53000,384000,-331000,-331000
2501,國建            ,4000,260000,-256000,0,0,0,0,0,0,-75000,0,75000,-75000,0,0,0,-331000
0061,元大寶滬深      ,5000,244000,-239000,0,0,0,0,0,0,-94000,50000,10000,40000,72000,206000,-134000,-333000
063453,創意統一9C購01  ,0,0,0,0,0,0,0,0,0,-335000,0,0,0,35000,370000,-335000,-335000
062591,新日興統一9C購01,0,0,0,0,0,0,0,0,0,-335000,0,0,0,466000,801000,-335000,-335000
06970P,旺宏元大99售08  ,0,0,0,0,0,0,0,0,0,-336000,0,0,0,25000,361000,-336000,-336000
056906,玉晶光元大9B購01,0,0,0,0,0,0,0,0,0,-337000,0,0,0,508000,845000,-337000,-337000
2534,宏盛            ,8000,346000,-338000,0,0,0,0,0,0,0,0,0,0,0,0,0,-338000
061374,力山永豐9A購04  ,0,0,0,0,0,0,0,0,0,-338000,0,0,0,58000,396000,-338000,-338000
058878,旭富國泰9B購01  ,0,0,0,0,0,0,0,0,0,-338000,0,0,0,88000,426000,-338000,-338000
064245,GIS統一02購02   ,0,0,0,0,0,0,0,0,0,-338000,0,0,0,0,338000,-338000,-338000
2020,美亞            ,212000,552000,-340000,0,0,0,0,0,0,0,0,0,0,0,0,0,-340000
1723,中碳            ,16000,345000,-329000,0,0,0,0,0,0,-11000,0,11000,-11000,0,0,0,-340000
064391,亞德客永豐9C購01,0,0,0,0,0,0,0,0,0,-340000,0,0,0,0,340000,-340000,-340000
07876P,台灣50國泰01售01,0,0,0,0,0,0,0,0,0,-340000,0,0,0,0,340000,-340000,-340000
058768,南港兆豐99購01  ,0,0,0,0,0,0,0,0,0,-342000,0,0,0,354000,696000,-342000,-342000
9103,美德醫療-DR     ,24000,447000,-423000,0,0,0,0,0,0,80000,0,0,0,80000,0,80000,-343000
5531,鄉林            ,31000,374000,-343000,0,0,0,0,0,0,-1000,0,1000,-1000,0,0,0,-344000
063440,上銀統一01購02  ,0,0,0,0,0,0,0,0,0,-345000,0,0,0,45000,390000,-345000,-345000
2392,正崴            ,206000,408000,-202000,0,0,0,0,0,0,-144000,8000,51000,-43000,0,101000,-101000,-346000
1522,堤維西          ,73000,417000,-344000,0,0,0,0,0,0,-2000,0,0,0,0,2000,-2000,-346000
063882,玉晶光元富9C購01,0,0,0,0,0,0,0,0,0,-346000,0,0,0,1000,347000,-346000,-346000
6202,盛群            ,141000,467000,-326000,0,0,0,0,0,0,-21000,3000,12000,-9000,0,12000,-12000,-347000
061451,南電中信9A購03  ,0,0,0,0,0,0,0,0,0,-347000,0,0,0,69000,416000,-347000,-347000
1526,日馳            ,282000,629000,-347000,0,0,0,0,0,0,-1000,0,1000,-1000,0,0,0,-348000
056084,漢唐統一97購03  ,0,0,0,0,0,0,0,0,0,-349000,0,0,0,22000,371000,-349000,-349000
064539,玉晶光麥證01購01,0,0,0,0,350000,-350000,0,0,0,-350000,0,0,0,0,350000,-350000,-350000
04731P,臺股指中信96售03,0,0,0,0,0,0,0,0,0,-350000,0,0,0,20000,370000,-350000,-350000
060616,宏碁元大9A購02  ,0,0,0,0,0,0,0,0,0,-350000,0,0,0,94000,444000,-350000,-350000
5434,崇越            ,115000,454000,-339000,0,0,0,0,0,0,-14000,5000,13000,-8000,0,6000,-6000,-353000
07472P,和碩元大9A售03  ,0,0,0,0,0,0,0,0,0,-354000,0,0,0,13000,367000,-354000,-354000
062211,玉晶光台新9B購01,0,0,0,0,0,0,0,0,0,-354000,0,0,0,11000,365000,-354000,-354000
2338,光罩            ,120000,429000,-309000,0,0,0,0,0,0,-46000,0,1000,-1000,2000,47000,-45000,-355000
2908,特力            ,30000,394000,-364000,0,0,0,0,0,0,6000,6000,0,6000,0,0,0,-358000
053797,台積電中信98購01,0,0,0,0,0,0,0,0,0,-359000,0,0,0,101000,460000,-359000,-359000
060770,宏達電麥證9A購01,0,0,0,0,361000,-361000,0,0,0,-361000,0,0,0,0,361000,-361000,-361000
061915,T50反1凱基02購02,0,0,0,0,0,0,0,0,0,-362000,0,0,0,130000,492000,-362000,-362000
9921,巨大            ,1021330,1354000,-332670,0,0,0,0,0,0,-30000,29000,46000,-17000,1000,14000,-13000,-362670
3017,奇鋐            ,601000,1105000,-504000,0,0,0,0,0,0,141000,0,2000,-2000,178000,35000,143000,-363000
07010P,T50正2凱基9C售01,0,0,0,0,0,0,0,0,0,-364000,0,0,0,1000,365000,-364000,-364000
006208,富邦台50        ,0,0,0,0,0,0,0,0,0,-365000,0,0,0,347000,712000,-365000,-365000
9934,成霖            ,2000,367000,-365000,0,0,0,0,0,0,0,0,0,0,0,0,0,-365000
3041,揚智            ,87000,452000,-365000,0,0,0,0,0,0,-1000,0,1000,-1000,0,0,0,-366000
2107,厚生            ,38000,405000,-367000,0,0,0,0,0,0,-2000,0,2000,-2000,0,0,0,-369000
064641,神隆凱基9C購01  ,0,0,0,0,0,0,0,0,0,-369000,0,0,0,260000,629000,-369000,-369000
053088,奇鋐元大98購01  ,0,0,0,0,0,0,0,0,0,-369000,0,0,0,18000,387000,-369000,-369000
063979,健鼎兆豐9C購01  ,0,0,0,0,0,0,0,0,0,-370000,0,0,0,38000,408000,-370000,-370000
07098P,台積電元大99售18,0,0,0,0,0,0,0,0,0,-371000,0,0,0,230000,601000,-371000,-371000
064374,旺宏元富9C購01  ,0,0,0,0,0,0,0,0,0,-372000,0,0,0,0,372000,-372000,-372000
061896,景碩永豐9B購01  ,0,0,0,0,0,0,0,0,0,-374000,0,0,0,165000,539000,-374000,-374000
3035,智原            ,659000,738000,-79000,0,0,0,0,250000,-250000,-46000,2000,10000,-8000,8000,46000,-38000,-375000
064812,旭富元大9C購04  ,0,0,0,0,0,0,0,0,0,-376000,0,0,0,100000,476000,-376000,-376000
061427,旭富元大9A購02  ,0,0,0,0,0,0,0,0,0,-377000,0,0,0,251000,628000,-377000,-377000
057579,長榮航中信9A購01,0,0,0,0,0,0,0,0,0,-378000,0,0,0,112000,490000,-378000,-378000
056794,上銀麥證98購01  ,0,0,0,4000,383000,-379000,0,0,0,-379000,0,0,0,4000,383000,-379000,-379000
063522,技嘉凱基9B購03  ,0,0,0,0,0,0,0,0,0,-379000,0,0,0,10000,389000,-379000,-379000
9907,統一實          ,28000,394000,-366000,0,0,0,0,0,0,-13000,0,13000,-13000,0,0,0,-379000
057737,國巨富邦99購02  ,0,0,0,0,0,0,0,0,0,-380000,0,0,0,0,380000,-380000,-380000
07825P,健策國泰9B售04  ,0,0,0,0,0,0,0,0,0,-382000,0,0,0,60000,442000,-382000,-382000
1319,東陽            ,125589,476755,-351166,0,0,0,0,0,0,-34000,0,34000,-34000,0,0,0,-385166
6214,精誠            ,68000,542000,-474000,0,0,0,0,0,0,88000,100000,12000,88000,0,0,0,-386000
056266,開發金統一9A購01,0,0,0,0,0,0,0,0,0,-387000,0,0,0,219000,606000,-387000,-387000
062969,旺宏元富9B購01  ,0,0,0,0,0,0,0,0,0,-388000,0,0,0,10000,398000,-388000,-388000
3596,智易            ,71000,441000,-370000,0,0,0,0,5000,-5000,-15000,7000,12000,-5000,0,10000,-10000,-390000
052113,漢唐中信98購01  ,0,0,0,0,0,0,0,0,0,-393000,0,0,0,70000,463000,-393000,-393000
062878,宏達電兆豐9B購01,0,0,0,0,0,0,0,0,0,-394000,0,0,0,3000,397000,-394000,-394000
00655L,國泰中國A50正2  ,11000,49000,-38000,0,0,0,0,0,0,-358000,0,0,0,1926000,2284000,-358000,-396000
064024,漢唐元大9C購01  ,0,0,0,0,0,0,0,0,0,-396000,0,0,0,56000,452000,-396000,-396000
3450,聯鈞            ,194000,497000,-303000,0,0,0,5000,0,5000,-100000,0,24000,-24000,0,76000,-76000,-398000
055639,上銀元富97購02  ,0,0,0,0,0,0,0,0,0,-398000,0,0,0,131000,529000,-398000,-398000
060194,旭富元富9A購01  ,0,0,0,0,0,0,0,0,0,-398000,0,0,0,602000,1000000,-398000,-398000
058674,宏達電群益99購01,0,0,0,0,0,0,0,0,0,-398000,0,0,0,23000,421000,-398000,-398000
063743,道瓊反國票9C購02,0,0,0,0,0,0,0,0,0,-398000,0,0,0,0,398000,-398000,-398000
064397,旭富永豐9C購01  ,0,0,0,0,0,0,0,0,0,-400000,0,0,0,52000,452000,-400000,-400000
056787,健鼎群益98購01  ,0,0,0,0,0,0,0,0,0,-400000,0,0,0,55000,455000,-400000,-400000
04006P,滬深2X國票9B售01,0,0,0,0,0,0,0,0,0,-400000,0,0,0,0,400000,-400000,-400000
062802,宏達電統一9B購01,0,0,0,0,0,0,0,0,0,-402000,0,0,0,40000,442000,-402000,-402000
064230,上銀統一01購04  ,0,0,0,0,0,0,0,0,0,-404000,0,0,0,0,404000,-404000,-404000
063436,儒鴻統一01購03  ,0,0,0,0,0,0,0,0,0,-405000,0,0,0,64000,469000,-405000,-405000
064160,新日興統一01購03,0,0,0,0,0,0,0,0,0,-406000,0,0,0,15000,421000,-406000,-406000
2841,台開            ,76000,482000,-406000,0,0,0,0,0,0,-1000,0,1000,-1000,0,0,0,-407000
07366P,國巨康和99售02  ,0,0,0,0,0,0,0,0,0,-411000,0,0,0,530000,941000,-411000,-411000
063320,旭富群益9B購03  ,0,0,0,0,0,0,0,0,0,-411000,0,0,0,127000,538000,-411000,-411000
00717,富邦美國特別股  ,0,171000,-171000,0,0,0,0,0,0,-240488,0,0,0,532000,772488,-240488,-411488
08381P,台灣50群益9C售06,0,0,0,0,0,0,0,0,0,-412000,0,0,0,0,412000,-412000,-412000
062514,玉晶光國票9C購02,0,0,0,0,0,0,0,0,0,-412000,0,0,0,65000,477000,-412000,-412000
3532,台勝科          ,138000,235000,-97000,0,0,0,0,221000,-221000,-96000,0,17000,-17000,1000,80000,-79000,-414000
4739,康普            ,45000,91000,-46000,0,0,0,0,367000,-367000,-1000,1000,0,1000,0,2000,-2000,-414000
1609,大亞            ,68000,248000,-180000,0,0,0,0,0,0,-237000,0,237000,-237000,0,0,0,-417000
00640L,富邦日本正2     ,22000,0,22000,0,0,0,0,0,0,-440000,0,0,0,882000,1322000,-440000,-418000
062232,聯詠麥證9C購01  ,0,0,0,0,419000,-419000,0,0,0,-419000,0,0,0,0,419000,-419000,-419000
06629P,台灣50第一98售01,0,0,0,0,0,0,0,0,0,-420000,0,0,0,59000,479000,-420000,-420000
060107,旭富元大99購03  ,0,0,0,0,0,0,0,0,0,-421000,0,0,0,104000,525000,-421000,-421000
062539,可成國泰01購01  ,0,0,0,0,0,0,0,0,0,-421000,0,0,0,416000,837000,-421000,-421000
063238,漢唐元大9B購02  ,0,0,0,0,0,0,0,0,0,-421000,0,0,0,95000,516000,-421000,-421000
07647P,健策國票9A售04  ,0,0,0,0,0,0,0,0,0,-422000,0,0,0,0,422000,-422000,-422000
2104,國際中橡        ,573000,988000,-415000,0,0,0,0,0,0,-9000,0,28000,-28000,39000,20000,19000,-424000
2489,瑞軒            ,58000,454000,-396000,0,0,0,0,0,0,-28000,0,28000,-28000,0,0,0,-424000
8150,南茂            ,1103000,1406000,-303000,0,0,0,0,0,0,-122000,0,32000,-32000,34000,124000,-90000,-425000
058515,健鼎元大99購01  ,0,0,0,0,0,0,0,0,0,-426000,0,0,0,10000,436000,-426000,-426000
06705P,臻鼎元富98售03  ,0,0,0,0,0,0,0,0,0,-427000,0,0,0,1000,428000,-427000,-427000
060189,宏達電元富9B購03,0,0,0,0,0,0,0,0,0,-427000,0,0,0,105000,532000,-427000,-427000
061941,道瓊指群益9B購01,0,0,0,0,0,0,0,0,0,-427000,0,0,0,0,427000,-427000,-427000
2441,超豐            ,64000,480000,-416000,0,0,0,0,0,0,-14000,10000,24000,-14000,0,0,0,-430000
8039,台虹            ,107000,489000,-382000,0,0,0,0,0,0,-51000,10000,11000,-1000,0,50000,-50000,-433000
053799,矽創中信9A購01  ,0,0,0,0,0,0,0,0,0,-435000,0,0,0,51000,486000,-435000,-435000
062596,緯穎統一01購02  ,0,0,0,0,0,0,0,0,0,-435000,0,0,0,71000,506000,-435000,-435000
3703,欣陸            ,2000,410000,-408000,0,0,0,0,0,0,-28000,0,28000,-28000,0,0,0,-436000
4935,茂林-KY         ,32000,348000,-316000,0,0,0,0,98000,-98000,-23000,1000,11000,-10000,0,13000,-13000,-437000
3712,永崴投控        ,32000,469000,-437000,0,0,0,0,0,0,-1000,0,1000,-1000,0,0,0,-438000
2547,日勝生          ,39000,436000,-397000,0,0,0,0,0,0,-41000,0,41000,-41000,0,0,0,-438000
064384,聯電富邦01購01  ,0,0,0,0,0,0,0,0,0,-438000,0,0,0,0,438000,-438000,-438000
053768,S&P反1元大99購01,0,0,0,0,0,0,0,0,0,-441000,0,0,0,20000,461000,-441000,-441000
2455,全新            ,185000,649000,-464000,0,0,0,180000,0,180000,-159000,34000,78000,-44000,3000,118000,-115000,-443000
061411,T50反1群益9A購05,0,0,0,0,0,0,0,0,0,-443000,0,0,0,33000,476000,-443000,-443000
4967,十銓            ,196000,624000,-428000,0,0,0,0,0,0,-16000,0,16000,-16000,0,0,0,-444000
07499P,台積電元大9A售12,0,0,0,0,0,0,0,0,0,-444000,0,0,0,0,444000,-444000,-444000
9105,泰金寶-DR       ,32000,476000,-444000,0,0,0,0,0,0,0,0,0,0,0,0,0,-444000
6282,康舒            ,218000,637000,-419000,0,0,0,0,0,0,-26000,0,19000,-19000,0,7000,-7000,-445000
00647L,元大S&P500正2   ,51000,65000,-14000,0,0,0,0,0,0,-431000,0,0,0,528000,959000,-431000,-445000
07588P,滬深2X國票9C售01,0,0,0,0,0,0,0,0,0,-449000,0,0,0,0,449000,-449000,-449000
03447B,臺股指凱基9B熊16,0,0,0,0,0,0,0,0,0,-449000,0,0,0,739000,1188000,-449000,-449000
3030,德律            ,98000,519000,-421000,0,0,0,0,0,0,-30000,0,30000,-30000,0,0,0,-451000
8210,勤誠            ,91000,428000,-337000,0,0,0,0,0,0,-114000,0,56000,-56000,0,58000,-58000,-451000
1598,岱宇            ,157000,652000,-495000,0,0,0,0,0,0,43000,97000,54000,43000,0,0,0,-452000
060638,玉晶光永豐9A購04,0,0,0,0,0,0,0,0,0,-453000,0,0,0,27000,480000,-453000,-453000
08326P,臺股指凱基9C售09,0,0,0,0,0,0,0,0,0,-454000,0,0,0,26000,480000,-454000,-454000
6153,嘉聯益          ,832000,1149000,-317000,0,0,0,0,0,0,-138000,28000,58000,-30000,4000,112000,-108000,-455000
062546,新日興永豐9B購01,0,0,0,0,0,0,0,0,0,-455000,0,0,0,0,455000,-455000,-455000
057783,台積電國票9A購01,0,0,0,0,0,0,0,0,0,-457000,0,0,0,12000,469000,-457000,-457000
058666,上証反群益01購01,0,0,0,0,0,0,0,0,0,-458000,0,0,0,0,458000,-458000,-458000
057954,宏碁元大99購01  ,0,0,0,0,0,0,0,0,0,-460000,0,0,0,130000,590000,-460000,-460000
060276,S&P反1元大9A購03,0,0,0,0,0,0,0,0,0,-461000,0,0,0,0,461000,-461000,-461000
00692,富邦公司治理    ,7000,5000,2000,0,0,0,0,0,0,-464000,0,0,0,1589000,2053000,-464000,-462000
1440,南紡            ,151000,602000,-451000,0,0,0,0,0,0,-13000,0,13000,-13000,0,0,0,-464000
060225,S&P反1元大9A購02,0,0,0,0,0,0,0,0,0,-466000,0,0,0,0,466000,-466000,-466000
2606,裕民            ,85000,526000,-441000,0,0,0,0,0,0,-26000,0,26000,-26000,0,0,0,-467000
062102,T50反1國票9B購07,0,0,0,0,0,0,0,0,0,-467000,0,0,0,428000,895000,-467000,-467000
5534,長虹            ,28000,477000,-449000,0,0,0,0,0,0,-19000,2000,21000,-19000,0,0,0,-468000
060889,國泰金統一9C購01,0,0,0,0,0,0,0,0,0,-471000,0,0,0,211000,682000,-471000,-471000
2328,廣宇            ,134000,522000,-388000,0,0,0,0,0,0,-85000,0,55000,-55000,0,30000,-30000,-473000
06844P,智邦元大98售13  ,0,0,0,0,0,0,0,0,0,-482000,0,0,0,68000,550000,-482000,-482000
061957,上銀統一01購01  ,0,0,0,0,0,0,0,0,0,-486000,0,0,0,91000,577000,-486000,-486000
06478P,臺股指日盛9A售01,0,0,0,0,0,0,0,0,0,-488000,0,0,0,0,488000,-488000,-488000
8028,昇陽半導體      ,106000,594000,-488000,0,0,0,0,0,0,0,54000,2000,52000,0,52000,-52000,-488000
063773,可成富邦9C購01  ,0,0,0,0,0,0,0,0,0,-488000,0,0,0,15000,503000,-488000,-488000
2406,國碩            ,376000,866000,-490000,0,0,0,0,0,0,0,0,0,0,0,0,0,-490000
057483,微星元大98購04  ,0,0,0,0,0,0,0,0,0,-492000,0,0,0,8000,500000,-492000,-492000
064138,亞德客統一01購02,0,0,0,0,0,0,0,0,0,-497000,0,0,0,190000,687000,-497000,-497000
08146P,台積電群益9B售08,0,0,0,0,0,0,0,0,0,-499000,0,0,0,0,499000,-499000,-499000
064388,緯穎富邦9C購01  ,0,0,0,0,0,0,0,0,0,-499000,0,0,0,111000,610000,-499000,-499000
054509,上証反元大99購01,0,0,0,0,0,0,0,0,0,-499000,0,0,0,0,499000,-499000,-499000
056829,台積電富邦9A購01,0,0,0,0,0,0,0,0,0,-500000,0,0,0,0,500000,-500000,-500000
2809,京城銀          ,1304000,1768000,-464000,0,0,0,0,0,0,-41000,18000,59000,-41000,0,0,0,-505000
056061,國泰金元大97購02,0,0,0,0,0,0,0,0,0,-505000,0,0,0,118000,623000,-505000,-505000
1217,愛之味          ,212000,724000,-512000,0,0,0,0,0,0,0,0,0,0,0,0,0,-512000
00642U,元大S&P石油     ,31000,30000,1000,0,0,0,0,0,0,-515000,0,0,0,500000,1015000,-515000,-514000
064343,健鼎元大9C購01  ,0,0,0,0,0,0,0,0,0,-514000,0,0,0,10000,524000,-514000,-514000
062388,旭富國泰01購01  ,0,0,0,0,0,0,0,0,0,-516000,0,0,0,518000,1034000,-516000,-516000
08090P,嘉澤統一9B售01  ,0,0,0,0,0,0,0,0,0,-517000,0,0,0,61000,578000,-517000,-517000
08379P,台積電國泰02售02,0,0,0,0,0,0,0,0,0,-518000,0,0,0,2035000,2553000,-518000,-518000
062967,上銀元富9B購01  ,0,0,0,0,0,0,0,0,0,-518000,0,0,0,118000,636000,-518000,-518000
2889,國票金          ,793000,1222000,-429000,0,0,0,0,0,0,-90000,41000,131000,-90000,0,0,0,-519000
07021P,台積電富邦9C售02,0,0,0,0,0,0,0,0,0,-519000,0,0,0,262000,781000,-519000,-519000
2478,大毅            ,691000,1095000,-404000,0,0,0,0,0,0,-121000,2000,5000,-3000,20000,138000,-118000,-525000
059078,FBVIX元大99購06 ,0,0,0,0,0,0,0,0,0,-525000,0,0,0,23000,548000,-525000,-525000
2542,興富發          ,493860,969000,-475140,0,0,0,0,0,0,-52000,12000,64000,-52000,0,0,0,-527140
2377,微星            ,1343630,1543268,-199638,0,0,0,0,93000,-93000,-235000,24000,165000,-141000,11000,105000,-94000,-527638
2505,國揚            ,335000,738000,-403000,0,0,0,0,0,0,-127000,10000,40000,-30000,0,97000,-97000,-530000
06698P,玉晶光國票99售05,0,0,0,0,0,0,0,0,0,-531000,0,0,0,15000,546000,-531000,-531000
063148,建準元富9B購01  ,0,0,0,0,0,0,0,0,0,-532000,0,0,0,0,532000,-532000,-532000
2456,奇力新          ,368000,643200,-275200,0,0,0,0,230000,-230000,-28000,44000,11000,33000,23000,84000,-61000,-533200
2355,敬鵬            ,65000,568000,-503000,0,0,0,0,0,0,-34000,61000,99000,-38000,4000,0,4000,-537000
057446,旺宏元富02購01  ,0,0,0,0,0,0,0,0,0,-537000,0,0,0,11000,548000,-537000,-537000
9938,百和            ,210000,612000,-402000,0,0,0,4000,0,4000,-141000,6000,108000,-102000,0,39000,-39000,-539000
047564,滬深2X國票99購01,0,0,0,0,0,0,0,0,0,-540000,0,0,0,0,540000,-540000,-540000
07478P,南電康和9A售02  ,0,0,0,0,0,0,0,0,0,-541000,0,0,0,231000,772000,-541000,-541000
2838,聯邦銀          ,145000,588000,-443000,0,0,0,0,0,0,-100000,0,100000,-100000,0,0,0,-543000
2905,三商            ,145000,666000,-521000,0,0,0,0,0,0,-23000,0,23000,-23000,0,0,0,-544000
3006,晶豪科          ,383000,792000,-409000,0,0,0,0,0,0,-138000,24000,85000,-61000,14000,91000,-77000,-547000
064513,T50反1群益9C購01,0,0,0,0,0,0,0,0,0,-547000,0,0,0,45000,592000,-547000,-547000
07612P,國巨國泰9B售06  ,0,0,0,0,0,0,0,0,0,-550000,0,0,0,10000,560000,-550000,-550000
055653,聯詠元富01購02  ,0,0,0,0,0,0,0,0,0,-550000,0,0,0,353000,903000,-550000,-550000
3036,文曄            ,173000,645000,-472000,0,0,0,0,0,0,-81000,0,81000,-81000,0,0,0,-553000
07145P,為升元大99售03  ,0,0,0,0,0,0,0,0,0,-554000,0,0,0,0,554000,-554000,-554000
3034,聯詠            ,773610,1488000,-714390,0,0,0,183000,1000,182000,-24000,59000,45000,14000,22000,60000,-38000,-556390
063501,旭富永豐9B購02  ,0,0,0,0,0,0,0,0,0,-557000,0,0,0,246000,803000,-557000,-557000
059524,FBVIX凱基9A購02 ,0,0,0,0,0,0,0,0,0,-560000,0,0,0,60000,620000,-560000,-560000
062476,神隆國票9B購01  ,0,0,0,0,0,0,0,0,0,-560000,0,0,0,198000,758000,-560000,-560000
6191,精成科          ,162000,717000,-555000,0,0,0,0,0,0,-6000,0,6000,-6000,0,0,0,-561000
062816,華新科兆豐9B購01,0,0,0,0,0,0,0,0,0,-561000,0,0,0,18000,579000,-561000,-561000
6257,矽格            ,211000,997000,-786000,0,0,0,378000,0,378000,-155000,8000,52000,-44000,44000,155000,-111000,-563000
2467,志聖            ,17000,574000,-557000,0,0,0,0,0,0,-7000,0,7000,-7000,0,0,0,-564000
00712,FH富時不動產    ,77000,1137000,-1060000,0,0,0,0,0,0,496000,0,0,0,1131000,635000,496000,-564000
05711P,茂林國票97售03  ,0,0,0,0,0,0,0,0,0,-570000,0,0,0,28000,598000,-570000,-570000
1714,和桐            ,117000,689000,-572000,0,0,0,0,0,0,0,0,0,0,0,0,0,-572000
1304,台聚            ,148000,722000,-574000,0,0,0,0,0,0,0,1000,1000,0,0,0,0,-574000
9910,豐泰            ,458370,657000,-198630,0,0,0,0,360000,-360000,-16000,13000,29000,-16000,0,0,0,-574630
062655,漢唐永豐9B購01  ,0,0,0,0,0,0,0,0,0,-575000,0,0,0,15000,590000,-575000,-575000
2329,華泰            ,163000,652000,-489000,0,0,0,0,0,0,-89000,0,19000,-19000,0,70000,-70000,-578000
2342,茂矽            ,750000,1329000,-579000,0,0,0,0,0,0,-1000,0,1000,-1000,0,0,0,-580000
3016,嘉晶            ,1577000,1795000,-218000,0,0,0,20000,315000,-295000,-73000,4000,4000,0,28000,101000,-73000,-586000
059293,宏達電元富9B購01,0,0,0,0,0,0,0,0,0,-586000,0,0,0,575000,1161000,-586000,-586000
060122,亞德客永豐99購02,0,0,0,0,0,0,0,0,0,-590000,0,0,0,0,590000,-590000,-590000
4915,致伸            ,426000,1143000,-717000,0,0,0,190000,0,190000,-68000,0,33000,-33000,0,35000,-35000,-595000
00631L,元大台灣50正2   ,1498000,1201000,297000,0,0,0,0,0,0,-896000,0,0,0,1055000,1951000,-896000,-599000
2915,潤泰全          ,246000,704000,-458000,0,0,0,0,0,0,-143000,0,23000,-23000,0,120000,-120000,-601000
056277,上銀富邦99購02  ,0,0,0,0,0,0,0,0,0,-601000,0,0,0,215000,816000,-601000,-601000
058730,玉晶光永豐9A購01,0,0,0,0,0,0,0,0,0,-602000,0,0,0,15000,617000,-602000,-602000
2897,王道銀行        ,4000,518000,-514000,0,0,0,0,0,0,-89000,0,89000,-89000,0,0,0,-603000
08110P,臺股指中信01售05,0,0,0,0,0,0,0,0,0,-604000,0,0,0,26000,630000,-604000,-604000
064116,T50反1元大9C購03,0,0,0,0,0,0,0,0,0,-612000,0,0,0,0,612000,-612000,-612000
2014,中鴻            ,132000,749000,-617000,0,0,0,0,0,0,-1000,0,1000,-1000,0,0,0,-618000
1711,永光            ,342000,952000,-610000,0,0,0,0,0,0,-10000,0,10000,-10000,0,0,0,-620000
06465P,國巨統一98售04  ,0,0,0,0,0,0,0,0,0,-621000,0,0,0,489000,1110000,-621000,-621000
9802,鈺齊-KY         ,201000,594000,-393000,0,0,0,50000,0,50000,-280000,5000,216000,-211000,12000,81000,-69000,-623000
08136P,祥碩國泰01售01  ,0,0,0,0,0,0,0,0,0,-626000,0,0,0,773000,1399000,-626000,-626000
061453,台達電凱基9B購01,0,0,0,0,0,0,0,0,0,-626000,0,0,0,34000,660000,-626000,-626000
08408P,臺股指元大9C售14,0,0,0,0,0,0,0,0,0,-628000,0,0,0,2000,630000,-628000,-628000
056269,新日興統一98購01,0,0,0,0,0,0,0,0,0,-630000,0,0,0,10000,640000,-630000,-630000
062201,臺指反國票9B購05,0,0,0,0,0,0,0,0,0,-633000,0,0,0,30000,663000,-633000,-633000
3406,玉晶光          ,539000,1329000,-790000,0,0,0,160000,0,160000,-6000,112000,76000,36000,27000,69000,-42000,-636000
2515,中工            ,444000,1067000,-623000,0,0,0,0,0,0,-15000,0,0,0,0,15000,-15000,-638000
063669,宏達電統一9C購01,0,0,0,0,0,0,0,0,0,-638000,0,0,0,90000,728000,-638000,-638000
038489,T50反1台新9A購01,0,0,0,0,0,0,0,0,0,-640000,0,0,0,0,640000,-640000,-640000
058898,台積電元大99購20,0,0,0,0,0,0,0,0,0,-640000,0,0,0,166000,806000,-640000,-640000
058026,上銀富邦9A購01  ,0,0,0,0,0,0,0,0,0,-640000,0,0,0,47000,687000,-640000,-640000
053827,漢唐麥證9A購01  ,0,0,0,0,667000,-667000,0,0,0,-642000,0,0,0,25000,667000,-642000,-642000
060783,亞德客富邦9B購01,0,0,0,0,0,0,0,0,0,-643000,0,0,0,313000,956000,-643000,-643000
1447,力鵬            ,27000,669600,-642600,0,0,0,0,0,0,-1000,0,1000,-1000,0,0,0,-643600
07774P,台灣50群益9A售16,0,0,0,0,0,0,0,0,0,-645000,0,0,0,250000,895000,-645000,-645000
2615,萬海            ,39000,616000,-577000,0,0,0,0,0,0,-69000,0,69000,-69000,0,0,0,-646000
2103,台橡            ,36000,668000,-632000,0,0,0,0,0,0,-27000,0,27000,-27000,0,0,0,-659000
06679P,旺宏元大98售09  ,0,0,0,0,0,0,0,0,0,-659000,0,0,0,55000,714000,-659000,-659000
8163,達方            ,53000,686000,-633000,0,0,0,0,0,0,-29000,0,11000,-11000,4000,22000,-18000,-662000
058210,臺股指凱基9C購04,0,0,0,0,0,0,0,0,0,-663000,0,0,0,151000,814000,-663000,-663000
061303,玉晶光永豐9B購03,0,0,0,0,0,0,0,0,0,-673000,0,0,0,28000,701000,-673000,-673000
1310,台苯            ,49000,632000,-583000,0,0,0,0,0,0,-93000,0,41000,-41000,0,52000,-52000,-676000
5871,中租-KY         ,1542310,2170030,-627720,0,0,0,0,1000,-1000,-49000,0,40000,-40000,2000,11000,-9000,-677720
3653,健策            ,662000,1022000,-360000,0,0,0,19000,223000,-204000,-117000,53000,101000,-48000,62000,131000,-69000,-681000
08277P,嘉晶元富9C售02  ,0,0,0,0,0,0,0,0,0,-692000,0,0,0,0,692000,-692000,-692000
6239,力成            ,617740,1470456,-852716,0,0,0,200000,0,200000,-44000,18000,57000,-39000,10000,15000,-5000,-696716
057595,健鼎兆豐98購01  ,0,0,0,0,0,0,0,0,0,-697000,0,0,0,120000,817000,-697000,-697000
00654R,富邦印度反1     ,0,128000,-128000,0,0,0,0,0,0,-574000,0,0,0,0,574000,-574000,-702000
2474,可成            ,1243444,1535035,-291591,0,0,0,0,400000,-400000,-13000,0,19000,-19000,14000,8000,6000,-704591
058738,FBVIX中信03購04 ,0,0,0,0,0,0,0,0,0,-709000,0,0,0,2000,711000,-709000,-709000
064301,漢唐兆豐01購01  ,0,0,0,0,0,0,0,0,0,-710000,0,0,0,24000,734000,-710000,-710000
2323,中環            ,1676000,2409000,-733000,0,0,0,0,0,0,21000,22000,38000,-16000,90000,53000,37000,-712000
1227,佳格            ,289510,960000,-670490,0,0,0,0,0,0,-45000,0,45000,-45000,0,0,0,-715490
07032P,聯發科統一9C售02,0,0,0,0,0,0,0,0,0,-717000,0,0,0,10000,727000,-717000,-717000
6112,聚碩            ,53000,767000,-714000,0,0,0,0,0,0,-14000,0,14000,-14000,0,0,0,-728000
1710,東聯            ,94000,783000,-689000,0,0,0,0,0,0,-41000,0,41000,-41000,0,0,0,-730000
062660,神隆群益9B購02  ,0,0,0,0,0,0,0,0,0,-732000,0,0,0,1006000,1738000,-732000,-732000
3711,日月光投控      ,4652250,5244822,-592572,0,0,0,0,13000,-13000,-128000,56000,170000,-114000,33000,47000,-14000,-733572
052847,漢唐統一99購01  ,0,0,0,0,0,0,0,0,0,-734000,0,0,0,0,734000,-734000,-734000
060284,南港元大01購01  ,0,0,0,0,0,0,0,0,0,-735000,0,0,0,244000,979000,-735000,-735000
08432P,台勝科凱基9C售02,0,0,0,0,0,0,0,0,0,-750000,0,0,0,0,750000,-750000,-750000
2492,華新科          ,777370,1328000,-550630,0,0,0,0,1000,-1000,-200000,20000,33000,-13000,67000,254000,-187000,-751630
2855,統一證          ,65000,480000,-415000,0,0,0,0,343000,-343000,0,0,0,0,0,0,0,-758000
1312,國喬            ,595000,1335000,-740000,0,0,0,0,0,0,-23000,0,14000,-14000,0,9000,-9000,-763000
06619P,聯發科元大98售06,0,0,0,0,0,0,0,0,0,-770000,0,0,0,610000,1380000,-770000,-770000
064377,宏達電元富9C購01,0,0,0,0,0,0,0,0,0,-778000,0,0,0,85000,863000,-778000,-778000
2363,矽統            ,1008000,1783000,-775000,0,0,0,0,0,0,-4000,0,4000,-4000,0,0,0,-779000
5471,松翰            ,810000,1561000,-751000,0,0,0,0,0,0,-32000,0,32000,-32000,0,0,0,-783000
06662P,玉晶光中信9A售01,0,0,0,0,0,0,0,0,0,-786000,0,0,0,668000,1454000,-786000,-786000
060811,亞德客凱基9A購02,0,0,0,0,0,0,0,0,0,-796000,0,0,0,11000,807000,-796000,-796000
1229,聯華            ,203000,807000,-604000,0,0,0,0,140000,-140000,-53000,0,53000,-53000,0,0,0,-797000
6456,GIS-KY          ,690000,1483000,-793000,0,0,0,109000,25000,84000,-94000,0,37000,-37000,78000,135000,-57000,-803000
057396,健鼎中信99購01  ,0,0,0,0,0,0,0,0,0,-804000,0,0,0,196000,1000000,-804000,-804000
2637,慧洋-KY         ,44000,827000,-783000,0,0,0,0,0,0,-40000,0,40000,-40000,0,0,0,-823000
2349,錸德            ,103000,930000,-827000,0,0,0,0,0,0,-5000,0,5000,-5000,0,0,0,-832000
2881,富邦金          ,6272020,6970000,-697980,0,0,0,0,5000,-5000,-133000,17000,247000,-230000,137000,40000,97000,-835980
2417,圓剛            ,4000,1245000,-1241000,0,0,0,0,0,0,399000,300000,1000,299000,100000,0,100000,-842000
048383,元金2X國票99購01,0,0,0,0,0,0,0,0,0,-842000,0,0,0,660000,1502000,-842000,-842000
9958,世紀鋼          ,196000,952000,-756000,0,0,0,0,0,0,-88000,34000,16000,18000,30000,136000,-106000,-844000
6285,啟碁            ,152000,905000,-753000,0,0,0,0,50000,-50000,-43000,0,21000,-21000,0,22000,-22000,-846000
060829,T50反1國票9A購06,0,0,0,0,0,0,0,0,0,-850000,0,0,0,0,850000,-850000,-850000
2345,智邦            ,854470,1620150,-765680,0,0,0,17000,0,17000,-102000,73000,141000,-68000,25000,59000,-34000,-850680
2458,義隆            ,4525000,3760000,765000,0,0,0,0,166000,-166000,-1452000,18000,1000000,-982000,42000,512000,-470000,-853000
062742,技嘉國泰01購01  ,0,0,0,0,0,0,0,0,0,-859000,0,0,0,22000,881000,-859000,-859000
8016,矽創            ,78000,900000,-822000,0,0,0,0,0,0,-38000,2000,39000,-37000,5000,6000,-1000,-860000
8213,志超            ,128000,919000,-791000,0,0,0,0,0,0,-74000,0,1000,-1000,5000,78000,-73000,-865000
2812,台中銀          ,344000,1089060,-745060,0,0,0,0,0,0,-130000,0,130000,-130000,0,0,0,-875060
4414,如興            ,366000,1241000,-875000,0,0,0,0,0,0,-1000,0,1000,-1000,0,0,0,-876000
06852P,臺股指元大98售11,0,0,0,0,0,0,0,0,0,-880000,0,0,0,935000,1815000,-880000,-880000
062466,FBVIX凱基9B購01 ,0,0,0,0,0,0,0,0,0,-882000,0,0,0,404000,1286000,-882000,-882000
6269,台郡            ,340000,1255000,-915000,0,0,0,203000,10000,193000,-161000,26000,92000,-66000,7000,102000,-95000,-883000
2609,陽明            ,0,889000,-889000,0,0,0,0,0,0,0,0,0,0,0,0,0,-889000
6278,台表科          ,1277000,1971000,-694000,0,0,0,63000,0,63000,-261000,140000,254000,-114000,55000,202000,-147000,-892000
2633,台灣高鐵        ,1535207,2334000,-798793,0,0,0,248000,2000,246000,-343000,19000,99000,-80000,19000,282000,-263000,-895793
08410P,臺股指元大9C售16,0,0,0,0,0,0,0,0,0,-900000,0,0,0,25000,925000,-900000,-900000
1218,泰山            ,73000,975000,-902000,0,0,0,0,0,0,0,0,0,0,0,0,0,-902000
2548,華固            ,403000,1388000,-985000,0,0,0,0,0,0,83000,115000,32000,83000,0,0,0,-902000
056584,鴻海統一9B購01  ,0,0,0,0,0,0,0,0,0,-903000,0,0,0,910000,1813000,-903000,-903000
2439,美律            ,176000,987000,-811000,0,0,0,0,0,0,-93000,29000,60000,-31000,6000,68000,-62000,-904000
063055,創意統一9B購02  ,0,0,0,0,0,0,0,0,0,-905000,0,0,0,249000,1154000,-905000,-905000
3189,景碩            ,4941000,4560000,381000,0,0,0,120000,1242000,-1122000,-167000,99000,281000,-182000,126000,111000,15000,-908000
055810,T50反1國票99購01,0,0,0,0,0,0,0,0,0,-913000,0,0,0,17000,930000,-913000,-913000
057890,滬深反統一98購01,0,0,0,0,0,0,0,0,0,-914000,0,0,0,15000,929000,-914000,-914000
060051,台積電凱基9B購01,0,0,0,0,0,0,0,0,0,-915000,0,0,0,197000,1112000,-915000,-915000
3005,神基            ,640000,1402000,-762000,0,0,0,0,0,0,-158000,10000,33000,-23000,0,135000,-135000,-920000
058841,深中小群益01購01,0,0,0,0,0,0,0,0,0,-927000,0,0,0,407000,1334000,-927000,-927000
1760,寶齡富錦        ,894000,1612821,-718821,0,0,0,0,220000,-220000,5000,5000,0,5000,0,0,0,-933821
5469,瀚宇博          ,72000,946000,-874000,0,0,0,0,0,0,-61000,0,3000,-3000,0,58000,-58000,-935000
064779,義隆群益9C購03  ,0,0,0,0,0,0,0,0,0,-944000,0,0,0,0,944000,-944000,-944000
6120,達運            ,67000,998000,-931000,0,0,0,0,0,0,-21000,0,21000,-21000,0,0,0,-952000
2393,億光            ,263000,1168000,-905000,0,0,0,0,0,0,-57000,40000,54000,-14000,4000,47000,-43000,-962000
07630P,臺股指凱基9A售11,0,0,0,0,0,0,0,0,0,-972000,0,0,0,116000,1088000,-972000,-972000
054472,道瓊反中信9A購01,0,0,0,0,0,0,0,0,0,-982000,0,0,0,115000,1097000,-982000,-982000
2845,遠東銀          ,433000,1296000,-863000,0,0,0,0,2000,-2000,-119000,0,119000,-119000,0,0,0,-984000
053118,大立光中信9C購01,0,0,0,0,0,0,0,0,0,-987000,0,0,0,993000,1980000,-987000,-987000
2352,佳世達          ,375000,1300000,-925000,0,0,0,0,0,0,-72000,14000,39000,-25000,20000,67000,-47000,-997000
00850,元大臺灣ESG永續 ,0,4000,-4000,0,0,0,0,0,0,-997000,0,0,0,596000,1593000,-997000,-1001000
2610,華航            ,2430230,3330000,-899770,0,0,0,0,2000,-2000,-101000,0,4000,-4000,0,97000,-97000,-1002770
2101,南港            ,626000,1879000,-1253000,0,0,0,46000,0,46000,200000,0,25000,-25000,289000,64000,225000,-1007000
054371,台積電中信9C購01,0,0,0,0,0,0,0,0,0,-1010000,0,0,0,19000,1029000,-1010000,-1010000
00646,元大S&P500      ,13000,178000,-165000,0,0,0,0,0,0,-848000,24000,500000,-476000,387000,759000,-372000,-1013000
2511,太子            ,45000,1031000,-986000,0,0,0,0,0,0,-28000,0,28000,-28000,0,0,0,-1014000
2723,美食-KY         ,208000,1174000,-966000,0,0,0,0,2000,-2000,-55000,0,20000,-20000,3000,38000,-35000,-1023000
6271,同欣電          ,285000,710000,-425000,0,0,0,131000,435000,-304000,-294000,104000,186000,-82000,8000,220000,-212000,-1023000
1402,遠東新          ,2261559,3371858,-1110299,0,0,0,340000,3000,337000,-251000,19000,152000,-133000,0,118000,-118000,-1024299
9933,中鼎            ,729000,1729000,-1000000,0,0,0,0,0,0,-26000,0,26000,-26000,0,0,0,-1026000
2412,中華電          ,2769575,3835036,-1065461,0,0,0,0,3000,-3000,42000,216000,234000,-18000,60000,0,60000,-1026461
3661,世芯-KY         ,744031,1456000,-711969,0,0,0,16000,227000,-211000,-109000,38000,90000,-52000,14000,71000,-57000,-1031969
2912,統一超          ,305772,1358138,-1052366,0,0,0,0,0,0,13000,40000,27000,13000,0,0,0,-1039366
5876,上海商銀        ,1581700,2530000,-948300,0,0,0,0,0,0,-95000,15000,109000,-94000,0,1000,-1000,-1043300
057393,台積電中信02購01,0,0,0,0,0,0,0,0,0,-1047000,0,0,0,22000,1069000,-1047000,-1047000
8112,至上            ,773000,1813000,-1040000,0,0,0,0,0,0,-13000,0,13000,-13000,0,0,0,-1053000
1789,神隆            ,3739000,5254000,-1515000,0,0,0,0,156000,-156000,618000,0,3000,-3000,844000,223000,621000,-1053000
3545,敦泰            ,1638000,2696000,-1058000,0,0,0,0,0,0,-1000,0,1000,-1000,0,0,0,-1059000
060046,S&P反1凱基99購02,0,0,0,0,0,0,0,0,0,-1078000,0,0,0,0,1078000,-1078000,-1078000
3704,合勤控          ,129000,1126000,-997000,0,0,0,0,0,0,-89000,0,2000,-2000,0,87000,-87000,-1086000
07287P,全新群益9B售01  ,0,0,0,0,0,0,0,0,0,-1093000,0,0,0,7000,1100000,-1093000,-1093000
5522,遠雄            ,134000,1199000,-1065000,0,0,0,0,0,0,-44000,7000,51000,-44000,0,0,0,-1109000
2006,東和鋼鐵        ,191000,1312000,-1121000,0,0,0,0,0,0,10000,66000,56000,10000,0,0,0,-1111000
2376,技嘉            ,1305000,2446000,-1141000,0,0,0,201000,0,201000,-175000,229000,324000,-95000,127000,207000,-80000,-1115000
2354,鴻準            ,857120,1963000,-1105880,0,0,0,0,0,0,-35000,10000,45000,-35000,0,0,0,-1140880
2023,燁輝            ,103000,1241000,-1138000,0,0,0,0,0,0,-3000,0,3000,-3000,0,0,0,-1141000
08319P,台積電統一9C售11,0,0,0,0,0,0,0,0,0,-1150000,0,0,0,1000,1151000,-1150000,-1150000
057330,台積電國票99購03,0,0,0,0,0,0,0,0,0,-1150000,0,0,0,59000,1209000,-1150000,-1150000
4956,光鋐            ,755000,1919000,-1164000,0,0,0,0,0,0,0,0,0,0,0,0,0,-1164000
2353,宏碁            ,2494430,4202000,-1707570,0,0,0,0,2000,-2000,523000,380000,139000,241000,690000,408000,282000,-1186570
064051,新日興統一01購01,0,0,0,0,0,0,0,0,0,-1193000,0,0,0,11000,1204000,-1193000,-1193000
1536,和大            ,389000,1696000,-1307000,0,0,0,428000,0,428000,-316000,32000,95000,-63000,19000,272000,-253000,-1195000
00875,國泰網路資安    ,0,983000,-983000,0,0,0,0,0,0,-215000,0,0,0,374000,589000,-215000,-1198000
1907,永豐餘          ,1433000,2570000,-1137000,0,0,0,0,0,0,-86000,0,86000,-86000,0,0,0,-1223000
063054,健鼎統一01購01  ,0,0,0,0,0,0,0,0,0,-1229000,0,0,0,412000,1641000,-1229000,-1229000
064095,鴻海群益01購02  ,0,0,0,0,0,0,0,0,0,-1261000,0,0,0,59000,1320000,-1261000,-1261000
064159,新日興統一01購02,0,0,0,0,0,0,0,0,0,-1276000,0,0,0,13000,1289000,-1276000,-1276000
00715L,街口布蘭特油正2 ,0,0,0,0,0,0,0,0,0,-1280000,0,0,0,0,1280000,-1280000,-1280000
063567,漢唐元大9B購03  ,0,0,0,0,0,0,0,0,0,-1295000,0,0,0,47000,1342000,-1295000,-1295000
064531,旭富兆豐9C購01  ,0,0,0,0,0,0,0,0,0,-1298000,0,0,0,97000,1395000,-1298000,-1298000
058054,台積電統一9C購01,0,1000,-1000,0,0,0,0,0,0,-1299000,0,0,0,910000,2209000,-1299000,-1300000
1718,中纖            ,181000,1473190,-1292190,0,0,0,0,0,0,-15000,0,15000,-15000,0,0,0,-1307190
056638,臺股指日盛98購01,0,0,0,0,0,0,0,0,0,-1310000,0,0,0,631000,1941000,-1310000,-1310000
055518,華新科中信99購01,0,0,0,0,0,0,0,0,0,-1338000,0,0,0,0,1338000,-1338000,-1338000
2301,光寶科          ,1672200,3427000,-1754800,0,0,0,133000,2000,131000,256000,404000,35000,369000,9000,122000,-113000,-1367800
064760,玉晶光凱基01購02,0,0,0,0,0,0,0,0,0,-1375000,0,0,0,4000,1379000,-1375000,-1375000
2347,聯強            ,1790390,4618000,-2827610,0,0,0,189000,0,189000,1251000,62000,483000,-421000,1800000,128000,1672000,-1387610
3049,和鑫            ,228000,1346000,-1118000,0,0,0,0,0,0,-288000,0,4000,-4000,0,284000,-284000,-1406000
00669R,國泰美國道瓊反1 ,420000,597000,-177000,0,0,0,0,0,0,-1263000,0,0,0,5367000,6630000,-1263000,-1440000
059396,T50反1元富99購04,0,0,0,0,0,0,0,0,0,-1441000,0,0,0,0,1441000,-1441000,-1441000
062846,國泰金富邦9C購01,0,0,0,0,0,0,0,0,0,-1455000,0,0,0,189000,1644000,-1455000,-1455000
4904,遠傳            ,1765434,3180000,-1414566,0,0,0,0,1000,-1000,-65000,47000,108000,-61000,0,4000,-4000,-1480566
060416,神隆永豐9A購01  ,0,0,0,0,0,0,0,0,0,-1481000,0,0,0,861000,2342000,-1481000,-1481000
3576,聯合再生        ,18000,1517000,-1499000,0,0,0,0,0,0,-12000,0,12000,-12000,0,0,0,-1511000
062096,神隆永豐9B購01  ,0,0,0,0,0,0,0,0,0,-1549000,0,0,0,620000,2169000,-1549000,-1549000
1504,東元            ,149000,1471000,-1322000,0,0,0,0,1000,-1000,-228000,2000,102000,-100000,24000,152000,-128000,-1551000
4142,國光生          ,5903000,7467000,-1564000,0,0,0,0,0,0,10000,0,0,0,10000,0,10000,-1554000
2357,華碩            ,1082580,2818000,-1735420,0,0,0,197000,0,197000,-37000,7000,23000,-16000,0,21000,-21000,-1575420
2201,裕隆            ,1094000,2692000,-1598000,0,0,0,67000,0,67000,-46000,88000,96000,-8000,164000,202000,-38000,-1577000
057555,玉晶光凱基9A購02,0,0,0,0,0,0,0,0,0,-1654000,0,0,0,28000,1682000,-1654000,-1654000
1909,榮成            ,2724000,4475000,-1751000,0,0,0,170000,0,170000,-82000,653000,739000,-86000,4000,0,4000,-1663000
07597P,臺股指中信01售02,0,0,0,0,0,0,0,0,0,-1676000,0,0,0,1230000,2906000,-1676000,-1676000
051369,新光金富邦9A購01,0,0,0,0,0,0,0,0,0,-1677000,0,0,0,0,1677000,-1677000,-1677000
2481,強茂            ,1267000,2669000,-1402000,0,0,0,0,200000,-200000,-218000,13000,117000,-104000,7000,121000,-114000,-1820000
3231,緯創            ,5240220,8468918,-3228698,0,0,0,1728000,2000,1726000,-323000,90000,186000,-96000,52000,279000,-227000,-1825698
1802,台玻            ,657000,2431000,-1774000,0,0,0,0,0,0,-86000,0,86000,-86000,0,0,0,-1860000
063431,神隆元富9B購01  ,0,0,0,0,0,0,0,0,0,-1871000,0,0,0,1411000,3282000,-1871000,-1871000
1102,亞泥            ,2236290,4051360,-1815070,0,0,0,186000,33000,153000,-235000,6000,96000,-90000,0,145000,-145000,-1897070
3673,TPK-KY          ,242000,2025000,-1783000,0,0,0,0,0,0,-161000,38000,89000,-51000,65000,175000,-110000,-1944000
2603,長榮            ,1554130,3623000,-2068870,0,0,0,0,2000,-2000,-88000,164000,252000,-88000,0,0,0,-2158870
1409,新纖            ,313000,2058000,-1745000,0,0,0,0,403000,-403000,-76000,0,76000,-76000,0,0,0,-2224000
2368,金像電          ,6394000,3474000,2920000,0,0,0,0,4669000,-4669000,-503000,43000,461000,-418000,26000,111000,-85000,-2252000
2618,長榮航          ,1715713,3708000,-1992287,0,0,0,0,1000,-1000,-298000,35000,56000,-21000,0,277000,-277000,-2291287
00633L,富邦上証正2     ,60000,909000,-849000,0,0,0,0,0,0,-1495035,0,0,0,770000,2265035,-1495035,-2344035
03414B,臺股指凱基99熊01,50000,0,50000,0,0,0,0,0,0,-2408000,0,0,0,786000,3194000,-2408000,-2358000
2312,金寶            ,272000,2586000,-2314000,0,0,0,0,0,0,-60000,0,6000,-6000,7000,61000,-54000,-2374000
00701,國泰股利精選30  ,3000,42000,-39000,0,0,0,0,0,0,-2351000,0,0,0,141000,2492000,-2351000,-2390000
064157,健鼎統一01購02  ,0,0,0,0,0,0,0,0,0,-2391000,0,0,0,23000,2414000,-2391000,-2391000
058877,T50反1國泰9B購01,0,0,0,0,0,0,0,0,0,-2450000,0,0,0,22000,2472000,-2450000,-2450000
1605,華新            ,1492000,3103000,-1611000,0,0,0,0,0,0,-852000,2000,74000,-72000,85000,865000,-780000,-2463000
6116,彩晶            ,677000,2707000,-2030000,0,0,0,0,0,0,-439000,12000,49000,-37000,0,402000,-402000,-2469000
2332,友訊            ,721000,2809000,-2088000,0,0,0,0,0,0,-402000,34000,115000,-81000,56000,377000,-321000,-2490000
3702,大聯大          ,967780,3696000,-2728220,0,0,0,216000,0,216000,-24000,201000,52000,149000,0,173000,-173000,-2536220
6505,台塑化          ,1038593,3404000,-2365407,0,0,0,0,1000,-1000,-247000,34000,281000,-247000,0,0,0,-2613407
1303,南亞            ,3707314,6138957,-2431643,0,0,0,0,4000,-4000,-198000,13000,208000,-195000,0,3000,-3000,-2633643
2504,國產            ,152000,1272000,-1120000,0,0,0,0,1408000,-1408000,-164000,0,21000,-21000,78000,221000,-143000,-2692000
2367,燿華            ,8983000,10370000,-1387000,0,0,0,0,0,0,-1582000,20000,61000,-41000,342000,1883000,-1541000,-2969000
3045,台灣大          ,562735,3636424,-3073689,0,0,0,0,1000,-1000,42000,155000,113000,42000,0,0,0,-3032689
6005,群益證          ,416000,1043100,-627100,0,0,0,0,2591000,-2591000,0,0,0,0,0,0,0,-3218100
2886,兆豐金          ,4182830,8090000,-3907170,0,0,0,1100000,7000,1093000,-436000,50000,342000,-292000,0,144000,-144000,-3250170
2883,開發金          ,10290290,13371000,-3080710,0,0,0,0,10000,-10000,-219000,0,411000,-411000,311000,119000,192000,-3309710
061844,T50反1國票9C購02,0,0,0,0,0,0,0,0,0,-3324000,0,0,0,87000,3411000,-3324000,-3324000
2823,中壽            ,3004610,6410000,-3405390,0,0,0,0,2000,-2000,71000,8000,163000,-155000,302000,76000,226000,-3336390
1717,長興            ,1611000,4899000,-3288000,0,0,0,0,0,0,-61000,45000,106000,-61000,0,0,0,-3349000
2324,仁寶            ,2876830,6069760,-3192930,0,0,0,382000,3000,379000,-730000,0,184000,-184000,0,546000,-546000,-3543930
062844,T50反1國泰9C購01,0,0,0,0,0,0,0,0,0,-3607000,0,0,0,10000,3617000,-3607000,-3607000
3706,神達            ,169000,2441000,-2272000,0,0,0,0,1000000,-1000000,-430000,10000,196000,-186000,2000,246000,-244000,-3702000
07193P,聯發科元大99售24,0,0,0,0,0,0,0,0,0,-3784000,0,0,0,0,3784000,-3784000,-3784000
1301,台塑            ,1715407,6224639,-4509232,0,0,0,818000,0,818000,-181000,16000,186000,-170000,0,11000,-11000,-3872232
1326,台化            ,2057037,6012000,-3954963,0,0,0,0,3000,-3000,-198000,4000,157000,-153000,0,45000,-45000,-4155963
0050,元大台灣50      ,1158125,1124000,34125,0,0,0,0,0,0,-4198000,37000,150000,-113000,661000,4746000,-4085000,-4163875
1216,統一            ,4703391,8711564,-4008173,0,0,0,0,27000,-27000,-146000,2000,127000,-125000,0,21000,-21000,-4181173
4938,和碩            ,3140050,7391000,-4250950,0,0,0,172000,8000,164000,-195000,282000,74000,208000,1000,404000,-403000,-4281950
1314,中石化          ,1395000,5452000,-4057000,0,0,0,0,0,0,-380000,40000,332000,-292000,0,88000,-88000,-4437000
2449,京元電子        ,906000,4748000,-3842000,0,0,0,147000,160000,-13000,-688000,0,417000,-417000,42000,313000,-271000,-4543000
9904,寶成            ,2188580,6658608,-4470028,0,0,0,0,2000,-2000,-219000,0,134000,-134000,0,85000,-85000,-4691028
2313,華通            ,1042000,5742000,-4700000,0,0,0,1055000,16000,1039000,-1070000,405000,917000,-512000,69000,627000,-558000,-4731000
2027,大成鋼          ,501000,4952000,-4451000,0,0,0,0,0,0,-301000,156000,125000,31000,104000,436000,-332000,-4752000
2801,彰銀            ,1415536,6496000,-5080464,0,0,0,0,4000,-4000,136000,0,278000,-278000,420000,6000,414000,-4948464
3037,欣興            ,7820000,12298000,-4478000,0,0,0,331000,1000,330000,-803000,584000,975000,-391000,152000,564000,-412000,-4951000
00852L,國泰美國道瓊正2 ,0,933000,-933000,0,0,0,0,0,0,-4063000,0,30000,-30000,8078000,12111000,-4033000,-4996000
1101,台泥            ,4521610,9591000,-5069390,0,0,0,204000,45000,159000,-232000,600000,668000,-68000,0,164000,-164000,-5142390
2887,台新金          ,5052010,10489920,-5437910,0,0,0,0,7000,-7000,-63000,82000,277000,-195000,132000,0,132000,-5507910
2888,新光金          ,12881380,19602000,-6720620,0,0,0,0,8000,-8000,564000,160000,795000,-635000,1285000,86000,1199000,-6164620
2880,華南金          ,3140750,9192000,-6051250,0,0,0,0,6000,-6000,-244000,54000,299000,-245000,1000,0,1000,-6301250
2330,台積電          ,16210399,22673227,-6462828,0,0,0,526000,141000,385000,-276980,406000,588000,-182000,661000,755980,-94980,-6354808
2317,鴻海            ,8126625,14916400,-6789775,0,0,0,0,8000,-8000,-715000,60000,376000,-316000,232000,631000,-399000,-7512775
2344,華邦電          ,3750090,10389000,-6638910,0,0,0,0,0,0,-966000,260000,402000,-142000,23000,847000,-824000,-7604910
5880,合庫金          ,3555470,10991000,-7435530,0,0,0,0,7000,-7000,-306000,0,308000,-308000,2000,0,2000,-7748530
2408,南亞科          ,1958148,8726000,-6767852,0,0,0,80000,512000,-432000,-577000,203000,696000,-493000,55000,139000,-84000,-7776852
00632R,元大台灣50反1   ,33905000,1641000,32264000,0,0,0,0,0,0,-41773000,5932000,271000,5661000,19764000,67198000,-47434000,-9509000
2834,臺企銀          ,3037797,13843500,-10805703,0,0,0,0,3000,-3000,-161000,10000,206000,-196000,65000,30000,35000,-10969703
2002,中鋼            ,5586496,16916000,-11329504,0,0,0,0,9000,-9000,-427000,0,377000,-377000,0,50000,-50000,-11765504
2892,第一金          ,3855400,14113000,-10257600,0,0,0,0,2176000,-2176000,197000,500000,313000,187000,10000,0,10000,-12236600
2890,永豐金          ,2375180,14650000,-12274820,0,0,0,0,7000,-7000,-273000,10000,277000,-267000,0,6000,-6000,-12554820
2884,玉山金          ,5326920,18167978,-12841058,0,0,0,0,8000,-8000,-410734,0,322000,-322000,0,88734,-88734,-13259792
2885,元大金          ,5849590,23545650,-17696060,0,0,0,0,7000,-7000,1230000,1400000,150000,1250000,0,20000,-20000,-16473060
2891,中信金          ,15022671,32105418,-17082747,0,0,0,693000,12000,681000,-406000,4000,477000,-473000,77000,10000,67000,-16807747
2303,聯電            ,8275844,25945498,-17669654,0,0,0,0,45000,-45000,-805000,650000,523000,127000,175000,1107000,-932000,-18519654
2409,友達            ,16629020,36854000,-20224980,0,0,0,665000,0,665000,-1644000,52000,656000,-604000,125000,1165000,-1040000,-21203980
3481,群創            ,24597290,50201000,-25603710,0,0,0,0,0,0,-2845000,160000,524000,-364000,290000,2771000,-2481000,-28448710
00637L,元大滬深300正2  ,1190000,16522000,-15332000,0,0,0,0,0,0,-17570000,0,200000,-200000,7758000,25128000,-17370000,-32902000
