證券代號,證券名稱,外陸資買進股數(不含外資自營商),外陸資賣出股數(不含外資自營商),外陸資買賣超股數(不含外資自營商),外資自營商買進股數,外資自營商賣出股數,外資自營商買賣超股數,投信買進股數,投信賣出股數,投信買賣超股數,自營商買賣超股數,自營商買進股數(自行買賣),自營商賣出股數(自行買賣),自營商買賣超股數(自行買賣),自營商買進股數(避險),自營商賣出股數(避險),自營商買賣超股數(避險),三大法人買賣超股數
3481,群創            ,88115000,43653252,44461748,0,0,0,0,600000,-600000,9416000,1875000,441000,1434000,8838000,856000,7982000,53277748
2409,友達            ,61438132,26814702,34623430,0,0,0,0,0,0,8867000,4203000,774000,3429000,5944000,506000,5438000,43490430
2303,聯電            ,33844348,10208943,23635405,0,0,0,860000,1402000,-542000,88000,57000,558000,-501000,651000,62000,589000,23181405
2888,新光金          ,27321530,6559202,20762328,0,0,0,0,0,0,528000,90000,337000,-247000,1082000,307000,775000,21290328
2330,台積電          ,31702241,11867921,19834320,0,0,0,379000,93000,286000,768000,289000,101000,188000,903000,323000,580000,20888320
0056,元大高股息      ,0,4000,-4000,0,0,0,0,160000,-160000,16572000,1218000,0,1218000,15766000,412000,15354000,16408000
2408,南亞科          ,13683000,4103869,9579131,0,0,0,115000,0,115000,635000,604000,21000,583000,716000,664000,52000,10329131
00861,元大全球未來通訊,1031000,0,1031000,0,0,0,0,0,0,6962000,553000,0,553000,6956000,547000,6409000,7993000
2610,華航            ,13474777,6226572,7248205,0,0,0,0,0,0,421000,9000,0,9000,636000,224000,412000,7669205
2356,英業達          ,7444000,2195572,5248428,0,0,0,1000000,0,1000000,-474000,24000,0,24000,120000,618000,-498000,5774428
1314,中石化          ,8160000,2805000,5355000,0,0,0,0,0,0,-14000,2000,53000,-51000,144000,107000,37000,5341000
2891,中信金          ,11320570,7339238,3981332,0,0,0,1353000,0,1353000,-8000,0,8000,-8000,0,0,0,5326332
0050,元大台灣50      ,236000,286375,-50375,0,0,0,23000,0,23000,5322000,95000,0,95000,5600000,373000,5227000,5294625
2883,開發金          ,8878000,4479127,4398873,0,0,0,0,0,0,430000,380000,0,380000,50000,0,50000,4828873
2344,華邦電          ,10286858,6881067,3405791,0,0,0,0,0,0,1242000,801000,43000,758000,502000,18000,484000,4647791
2308,台達電          ,7093437,3151037,3942400,0,0,0,270000,6000,264000,137000,204000,46000,158000,8000,29000,-21000,4343400
2449,京元電子        ,6120000,2874000,3246000,0,0,0,0,110000,-110000,1086000,435000,2000,433000,933000,280000,653000,4222000
2542,興富發          ,4877000,1059289,3817711,0,0,0,0,0,0,242000,168000,96000,72000,170000,0,170000,4059711
2618,長榮航          ,13893911,11508743,2385168,0,0,0,1297000,0,1297000,353000,64000,546000,-482000,965000,130000,835000,4035168
2882,國泰金          ,9053082,5228953,3824129,0,0,0,0,0,0,146000,0,0,0,166000,20000,146000,3970129
1434,福懋            ,4053000,526324,3526676,0,0,0,0,0,0,117000,120000,3000,117000,0,0,0,3643676
2603,長榮            ,12103000,7591458,4511542,0,0,0,110000,1300000,-1190000,51000,81000,28000,53000,0,2000,-2000,3372542
2324,仁寶            ,5536000,2970140,2565860,0,0,0,145000,0,145000,600000,1038000,0,1038000,21000,459000,-438000,3310860
2448,晶電            ,7139580,5058000,2081580,0,0,0,812000,0,812000,109000,580000,497000,83000,26000,0,26000,3002580
2892,第一金          ,8839000,5866637,2972363,0,0,0,0,0,0,-3000,2000,5000,-3000,0,0,0,2969363
2633,台灣高鐵        ,2644000,726290,1917710,0,0,0,242000,0,242000,592000,34000,23000,11000,660000,79000,581000,2751710
2606,裕民            ,2904000,274000,2630000,0,0,0,0,0,0,-2000,95000,156000,-61000,59000,0,59000,2628000
2376,技嘉            ,6374000,4762388,1611612,0,0,0,783000,106000,677000,320000,422000,426000,-4000,854000,530000,324000,2608612
2367,燿華            ,3974000,1707000,2267000,0,0,0,0,0,0,328000,50000,0,50000,515000,237000,278000,2595000
2323,中環            ,2742000,352000,2390000,0,0,0,0,0,0,58000,4000,0,4000,102000,48000,54000,2448000
5880,合庫金          ,4752231,2358895,2393336,0,0,0,0,0,0,38000,0,6000,-6000,44000,0,44000,2431336
2823,中壽            ,5141621,2659651,2481970,0,0,0,0,0,0,-96000,1000,3000,-2000,18000,112000,-94000,2385970
2481,強茂            ,2360000,954000,1406000,0,0,0,830000,0,830000,92000,100000,2000,98000,20000,26000,-6000,2328000
1301,台塑            ,3908000,2116149,1791851,0,0,0,536000,0,536000,-26000,29000,48000,-19000,1000,8000,-7000,2301851
3049,和鑫            ,2391000,175000,2216000,0,0,0,0,0,0,53000,1000,0,1000,52000,0,52000,2269000
2329,華泰            ,2435000,166000,2269000,0,0,0,0,0,0,0,0,0,0,0,0,0,2269000
00850,元大臺灣ESG永續 ,0,0,0,0,0,0,0,0,0,2215000,0,0,0,2419000,204000,2215000,2215000
063437,聚陽統一01購01  ,0,0,0,0,0,0,0,0,0,2097000,0,0,0,2964000,867000,2097000,2097000
2104,國際中橡        ,3158000,1261000,1897000,0,0,0,0,0,0,197000,0,26000,-26000,243000,20000,223000,2094000
061787,華新科群益9C購01,0,0,0,0,0,0,0,0,0,1958000,0,0,0,2103000,145000,1958000,1958000
3231,緯創            ,5053000,4153255,899745,0,0,0,1000000,0,1000000,54000,518000,0,518000,5000,469000,-464000,1953745
060302,台積電富邦02購01,0,0,0,0,0,0,0,0,0,1923000,0,0,0,1958000,35000,1923000,1923000
00631L,元大台灣50正2   ,442000,388000,54000,0,0,0,0,0,0,1854000,216000,300000,-84000,2735000,797000,1938000,1908000
062163,大毅國泰01購01  ,0,0,0,0,0,0,0,0,0,1840000,0,0,0,1987000,147000,1840000,1840000
1101,台泥            ,3861000,1825878,2035122,0,0,0,429000,363000,66000,-366000,61000,50000,11000,4000,381000,-377000,1735122
056236,台積電群益97購06,0,0,0,0,0,0,0,0,0,1704000,0,0,0,1704000,0,1704000,1704000
6120,達運            ,1950000,277000,1673000,0,0,0,0,0,0,0,1000,1000,0,0,0,0,1673000
07922P,大立光群益9B售05,0,0,0,0,0,0,0,0,0,1672000,0,0,0,1734000,62000,1672000,1672000
2377,微星            ,4403000,2620914,1782086,0,0,0,227000,240000,-13000,-113000,265000,170000,95000,109000,317000,-208000,1656086
5876,上海商銀        ,2578489,820773,1757716,0,0,0,0,0,0,-109000,0,1000,-1000,9000,117000,-108000,1648716
9933,中鼎            ,2042000,406000,1636000,0,0,0,0,0,0,9000,10000,1000,9000,0,0,0,1645000
063072,裕隆永豐9B購01  ,0,0,0,0,0,0,0,0,0,1635000,0,0,0,1740000,105000,1635000,1635000
2301,光寶科          ,2956000,1917044,1038956,0,0,0,750000,0,750000,-174000,51000,1000,50000,0,224000,-224000,1614956
1909,榮成            ,1932000,485000,1447000,0,0,0,0,0,0,158000,158000,0,158000,0,0,0,1605000
1402,遠東新          ,2821559,1863589,957970,0,0,0,502000,0,502000,123000,70000,2000,68000,89000,34000,55000,1582970
1409,新纖            ,2210000,634000,1576000,0,0,0,0,0,0,0,0,0,0,0,0,0,1576000
9802,鈺齊-KY         ,1274000,1397000,-123000,0,0,0,1416000,0,1416000,273000,62000,0,62000,217000,6000,211000,1566000
055744,茂林元富97購02  ,0,0,0,0,0,0,0,0,0,1558000,0,0,0,2665000,1107000,1558000,1558000
1477,聚陽            ,2099000,889000,1210000,0,0,0,204000,0,204000,137000,194000,12000,182000,55000,100000,-45000,1551000
056917,國巨兆豐98購03  ,0,0,0,0,0,0,0,0,0,1539000,0,0,0,1569000,30000,1539000,1539000
07354P,臺股指國票99售22,0,0,0,0,0,0,0,0,0,1522000,0,0,0,2021000,499000,1522000,1522000
2885,元大金          ,7811000,6283044,1527956,0,0,0,0,0,0,-7000,0,7000,-7000,0,0,0,1520956
062337,台表科統一01購01,0,0,0,0,0,0,0,0,0,1514000,0,0,0,2096000,582000,1514000,1514000
9945,潤泰新          ,1800000,301446,1498554,0,0,0,0,0,0,1000,0,0,0,1000,0,1000,1499554
05375P,健策國票96售02  ,0,0,0,0,0,0,0,0,0,1497000,0,0,0,1497000,0,1497000,1497000
063356,台表科元富02購01,0,0,0,0,0,0,0,0,0,1468000,0,0,0,1845000,377000,1468000,1468000
2601,益航            ,1471842,34000,1437842,0,0,0,0,0,0,0,0,0,0,0,0,0,1437842
2841,台開            ,1447000,35000,1412000,0,0,0,0,0,0,0,1000,1000,0,0,0,0,1412000
020012,富邦行動通訊N   ,0,0,0,0,0,0,0,0,0,1412000,0,0,0,1453000,41000,1412000,1412000
00639,富邦深100       ,725000,3000,722000,0,0,0,0,0,0,684972,80000,0,80000,1790972,1186000,604972,1406972
2881,富邦金          ,5036000,3688030,1347970,0,0,0,0,0,0,57000,15000,3000,12000,46000,1000,45000,1404970
6116,彩晶            ,5099000,4993000,106000,0,0,0,0,0,0,1279000,99000,96000,3000,1440000,164000,1276000,1385000
2382,廣達            ,4986000,3928948,1057052,0,0,0,81000,35000,46000,281000,482000,2000,480000,21000,220000,-199000,1384052
2867,三商壽          ,1644000,268099,1375901,0,0,0,0,0,0,1000,1000,0,1000,0,0,0,1376901
052602,聯電元大97購01  ,0,0,0,0,0,0,0,0,0,1376000,0,0,0,1625000,249000,1376000,1376000
063064,台表科元富9B購01,0,0,0,0,0,0,0,0,0,1366000,0,0,0,1396000,30000,1366000,1366000
063134,裕隆統一01購01  ,0,0,0,0,0,0,0,0,0,1322000,0,0,0,3065000,1743000,1322000,1322000
056248,康友群益97購04  ,0,0,0,0,0,0,0,0,0,1319000,0,0,0,1319000,0,1319000,1319000
060234,凱美元大9C購01  ,0,0,0,0,0,0,0,0,0,1317000,0,0,0,1325000,8000,1317000,1317000
3711,日月光投控      ,5862000,4943883,918117,0,0,0,264000,13000,251000,147000,88000,41000,47000,113000,13000,100000,1316117
055245,凱美統一99購01  ,0,0,0,0,0,0,0,0,0,1309000,0,0,0,1379000,70000,1309000,1309000
059560,T50反1凱基99購08,0,0,0,0,0,0,0,0,0,1300000,0,0,0,1300000,0,1300000,1300000
1305,華夏            ,1543000,125080,1417920,0,0,0,0,130000,-130000,0,0,0,0,0,0,0,1287920
063438,聚陽統一9C購01  ,0,0,0,0,0,0,0,0,0,1279000,0,0,0,1615000,336000,1279000,1279000
1312,國喬            ,1990000,611494,1378506,0,0,0,243000,0,243000,-354000,4000,350000,-346000,0,8000,-8000,1267506
1714,和桐            ,1554000,303000,1251000,0,0,0,0,0,0,0,0,0,0,0,0,0,1251000
2357,華碩            ,1390438,319610,1070828,0,0,0,200000,0,200000,-44000,4000,2000,2000,0,46000,-46000,1226828
059375,道瓊反群益9C購02,0,0,0,0,0,0,0,0,0,1226000,0,0,0,1282000,56000,1226000,1226000
06656P,GIS元大98售02   ,0,0,0,0,0,0,0,0,0,1223000,0,0,0,1258000,35000,1223000,1223000
2349,錸德            ,1379000,161660,1217340,0,0,0,0,0,0,0,0,0,0,0,0,0,1217340
062015,喬山永豐9B購01  ,0,0,0,0,0,0,0,0,0,1192000,0,0,0,1282000,90000,1192000,1192000
00692,富邦公司治理    ,2218,0,2218,0,0,0,0,0,0,1185000,0,0,0,2048000,863000,1185000,1187218
063168,台表科永豐9B購01,0,0,0,0,0,0,0,0,0,1186000,0,0,0,1301000,115000,1186000,1186000
2014,中鴻            ,1473000,289000,1184000,0,0,0,0,0,0,0,0,0,0,0,0,0,1184000
062824,國巨群益9C購03  ,0,0,0,0,0,0,0,0,0,1169000,0,0,0,1239000,70000,1169000,1169000
2609,陽明            ,1393000,231822,1161178,0,0,0,0,0,0,0,0,0,0,0,0,0,1161178
058838,國巨中信99購03  ,0,0,0,0,0,0,0,0,0,1143000,0,0,0,1441000,298000,1143000,1143000
1710,東聯            ,1200000,59000,1141000,0,0,0,0,0,0,0,0,0,0,0,0,0,1141000
056995,華新科日盛99購01,0,0,0,0,0,0,0,0,0,1133000,0,0,0,1321000,188000,1133000,1133000
1326,台化            ,3556000,2313011,1242989,0,0,0,0,0,0,-113000,0,1000,-1000,0,112000,-112000,1129989
063453,創意統一9C購01  ,0,0,0,0,0,0,0,0,0,1129000,0,0,0,1182000,53000,1129000,1129000
2312,金寶            ,2442000,1542000,900000,0,0,0,0,0,0,224000,2000,0,2000,406000,184000,222000,1124000
058379,臺股指凱基99購14,0,0,0,0,0,0,0,0,0,1124000,0,0,0,1229000,105000,1124000,1124000
063217,元金2X群益9B購03,0,0,0,0,0,0,0,0,0,1123000,0,0,0,1223000,100000,1123000,1123000
3682,亞太電          ,2130000,1008000,1122000,0,0,0,0,0,0,0,0,0,0,0,0,0,1122000
2371,大同            ,2522000,1145729,1376271,0,0,0,0,0,0,-263000,0,263000,-263000,0,0,0,1113271
063055,創意統一9B購02  ,0,0,0,0,0,0,0,0,0,1103000,0,0,0,1438000,335000,1103000,1103000
048383,元金2X國票99購01,0,0,0,0,0,0,0,0,0,1099000,0,0,0,1293000,194000,1099000,1099000
063536,美食統一01購01  ,0,0,0,0,0,0,0,0,0,1098000,0,0,0,1355000,257000,1098000,1098000
2363,矽統            ,2604000,1510000,1094000,0,0,0,0,0,0,2000,2000,0,2000,0,0,0,1096000
055792,臺股指凱基97購15,0,0,0,0,0,0,0,0,0,1065000,0,0,0,1065000,0,1065000,1065000
055987,台表科元富97購01,0,0,0,0,0,0,0,0,0,1064000,0,0,0,1064000,0,1064000,1064000
046942,友達元大99購01  ,0,0,0,0,0,0,0,0,0,1063000,0,0,0,1370000,307000,1063000,1063000
2208,台船            ,1087000,28000,1059000,0,0,0,0,0,0,0,0,0,0,0,0,0,1059000
063349,台郡統一9C購01  ,0,0,0,0,0,0,0,0,0,1057000,0,0,0,1200000,143000,1057000,1057000
2515,中工            ,1360000,291000,1069000,0,0,0,0,0,0,-19000,0,6000,-6000,0,13000,-13000,1050000
3698,隆達            ,2123000,1263000,860000,0,0,0,0,0,0,168000,172000,29000,143000,25000,0,25000,1028000
00830,國泰費城半導體  ,78000,0,78000,0,0,0,0,0,0,946000,638000,0,638000,943000,635000,308000,1024000
051530,鴻海國票97購01  ,0,0,0,0,0,0,0,0,0,1018000,0,0,0,1018000,0,1018000,1018000
062682,全新統一9B購01  ,0,0,0,0,0,0,0,0,0,1013000,0,0,0,1028000,15000,1013000,1013000
049024,玉晶光群益97購01,0,0,0,0,0,0,0,0,0,1010000,0,0,0,1025000,15000,1010000,1010000
1907,永豐餘          ,1594000,600000,994000,0,0,0,0,0,0,10000,10000,0,10000,0,0,0,1004000
061545,華新科群益9A購09,0,0,0,0,0,0,0,0,0,1001000,0,0,0,1024000,23000,1001000,1001000
058178,國巨國泰9A購02  ,0,0,0,0,0,0,0,0,0,998000,0,0,0,998000,0,998000,998000
063398,信邦群益9B購02  ,0,0,0,0,0,0,0,0,0,996000,0,0,0,1010000,14000,996000,996000
063366,台表科富邦9C購02,0,0,0,0,0,0,0,0,0,991000,0,0,0,991000,0,991000,991000
2342,茂矽            ,2567000,1579000,988000,0,0,0,0,0,0,1000,1000,0,1000,0,0,0,989000
1102,亞泥            ,3079000,3007856,71144,0,0,0,312000,330000,-18000,923000,1120000,0,1120000,116000,313000,-197000,976144
063450,華新科統一02購01,0,0,0,0,0,0,0,0,0,965000,0,0,0,1017000,52000,965000,965000
2489,瑞軒            ,1163000,200000,963000,0,0,0,0,0,0,1000,15000,14000,1000,0,0,0,964000
2103,台橡            ,1017000,56000,961000,0,0,0,0,0,0,1000,1000,0,1000,0,0,0,962000
061293,聯茂統一9A購01  ,0,0,0,0,0,0,0,0,0,957000,0,0,0,1060000,103000,957000,957000
063390,嘉晶兆豐9B購01  ,0,0,0,0,0,0,0,0,0,952000,0,0,0,1163000,211000,952000,952000
6153,嘉聯益          ,1091000,458000,633000,0,0,0,0,0,0,318000,350000,178000,172000,175000,29000,146000,951000
060157,致茂永豐9A購02  ,0,0,0,0,0,0,0,0,0,950000,0,0,0,1258000,308000,950000,950000
1789,神隆            ,900000,137129,762871,0,0,0,0,0,0,185000,3000,4000,-1000,186000,0,186000,947871
061153,奇力新群益9A購02,0,0,0,0,0,0,0,0,0,946000,0,0,0,956000,10000,946000,946000
1309,台達化          ,2235000,1441000,794000,0,0,0,0,0,0,151000,151000,0,151000,0,0,0,945000
062165,聯茂國泰01購01  ,0,0,0,0,0,0,0,0,0,943000,0,0,0,1081000,138000,943000,943000
053919,可成國票97購02  ,0,0,0,0,0,0,0,0,0,927000,0,0,0,927000,0,927000,927000
1513,中興電          ,866000,309000,557000,0,0,0,0,0,0,365000,42000,32000,10000,355000,0,355000,922000
1303,南亞            ,3134689,1408940,1725749,0,0,0,0,779000,-779000,-29000,2000,31000,-29000,0,0,0,917749
060183,南亞科元富9A購01,0,0,0,0,0,0,0,0,0,917000,0,0,0,983000,66000,917000,917000
07458P,長榮航元大9A售01,0,0,0,0,0,0,0,0,0,915000,0,0,0,1063000,148000,915000,915000
5521,工信            ,936000,22000,914000,0,0,0,0,0,0,0,0,0,0,0,0,0,914000
062126,創意統一9B購01  ,0,0,0,0,0,0,0,0,0,906000,0,0,0,1103000,197000,906000,906000
8016,矽創            ,988000,276000,712000,0,0,0,133000,72000,61000,130000,7000,1000,6000,124000,0,124000,903000
058855,台積電兆豐99購02,0,0,0,0,0,0,0,0,0,902000,0,0,0,1302000,400000,902000,902000
1718,中纖            ,1193000,307000,886000,0,0,0,0,0,0,15000,16000,1000,15000,0,0,0,901000
056676,國產元富98購01  ,0,0,0,0,0,0,0,0,0,901000,0,0,0,1123000,222000,901000,901000
054801,康友群益97購02  ,0,0,0,0,0,0,0,0,0,897000,0,0,0,897000,0,897000,897000
063322,台郡群益9B購02  ,0,0,0,0,0,0,0,0,0,887000,0,0,0,1070000,183000,887000,887000
08117P,聯發科元富9B售04,0,0,0,0,0,0,0,0,0,882000,0,0,0,1027000,145000,882000,882000
2338,光罩            ,1163000,389000,774000,0,0,0,0,0,0,100000,1000,1000,0,138000,38000,100000,874000
058788,喬山元大99購01  ,0,0,0,0,0,0,0,0,0,870000,0,0,0,972000,102000,870000,870000
2634,漢翔            ,764000,278000,486000,0,0,0,0,0,0,382000,80000,0,80000,356000,54000,302000,868000
063506,嘉晶群益9B購01  ,0,0,0,0,0,0,0,0,0,867000,0,0,0,1538000,671000,867000,867000
3380,明泰            ,2320000,1277800,1042200,0,0,0,0,0,0,-176000,84000,219000,-135000,105000,146000,-41000,866200
2454,聯發科          ,4651864,4108478,543386,0,0,0,317000,57000,260000,61000,75000,12000,63000,49000,51000,-2000,864386
063505,奇力新群益9B購03,0,0,0,0,0,0,0,0,0,864000,0,0,0,887000,23000,864000,864000
3029,零壹            ,1410000,541000,869000,0,0,0,0,0,0,-8000,0,8000,-8000,0,0,0,861000
6552,易華電          ,944000,248000,696000,0,0,0,27000,0,27000,127000,0,1000,-1000,131000,3000,128000,850000
00708L,元大S&P黃金正2  ,0,9000,-9000,0,0,0,0,0,0,858000,0,0,0,1929000,1071000,858000,849000
00671R,富邦NASDAQ反1   ,501000,0,501000,0,0,0,0,0,0,339000,0,0,0,605000,266000,339000,840000
6505,台塑化          ,2187200,1361253,825947,0,0,0,0,0,0,8000,8000,0,8000,0,0,0,833947
006208,富邦台50        ,0,0,0,0,0,0,0,0,0,830000,0,0,0,1147000,317000,830000,830000
2467,志聖            ,1099000,274000,825000,0,0,0,0,0,0,1000,1000,0,1000,0,0,0,826000
061466,創意群益9A購01  ,0,0,0,0,0,0,0,0,0,807000,0,0,0,842000,35000,807000,807000
063668,奇力新統一01購03,0,0,0,0,0,0,0,0,0,801000,0,0,0,826000,25000,801000,801000
058925,旭富元富99購02  ,0,0,0,0,0,0,0,0,0,800000,0,0,0,815000,15000,800000,800000
2498,宏達電          ,1759000,1017000,742000,0,0,0,0,0,0,43000,28000,0,28000,93000,78000,15000,785000
057087,台郡統一99購01  ,0,0,0,0,0,0,0,0,0,785000,0,0,0,1136000,351000,785000,785000
2102,泰豐            ,961000,178000,783000,0,0,0,0,0,0,0,0,0,0,0,0,0,783000
062743,微星國泰01購01  ,0,0,0,0,0,0,0,0,0,779000,0,0,0,779000,0,779000,779000
6005,群益證          ,1211000,432000,779000,0,0,0,0,0,0,0,0,0,0,0,0,0,779000
4960,誠美材          ,1067000,298000,769000,0,0,0,0,0,0,2000,2000,0,2000,0,0,0,771000
061488,奇力新兆豐9A購01,0,0,0,0,0,0,0,0,0,765000,0,0,0,865000,100000,765000,765000
1304,台聚            ,1327000,565000,762000,0,0,0,0,0,0,1000,1000,0,1000,0,0,0,763000
2511,太子            ,892000,134000,758000,0,0,0,0,0,0,0,0,0,0,0,0,0,758000
060700,華新科國泰9C購01,0,0,0,0,0,0,0,0,0,756000,0,0,0,801000,45000,756000,756000
063881,嘉晶元富9C購01  ,0,0,0,0,0,0,0,0,0,754000,0,0,0,1150000,396000,754000,754000
1760,寶齡富錦        ,2340000,1449000,891000,0,0,0,0,96000,-96000,-55000,0,55000,-55000,0,0,0,740000
8215,明基材          ,801000,67000,734000,0,0,0,0,0,0,0,0,0,0,0,0,0,734000
063898,旭富群益9C購01  ,0,0,0,0,0,0,0,0,0,733000,0,0,0,796000,63000,733000,733000
060653,全新群益9A購02  ,0,0,0,0,0,0,0,0,0,732000,0,0,0,800000,68000,732000,732000
061802,勤誠永豐9B購01  ,0,0,0,0,0,0,0,0,0,726000,0,0,0,818000,92000,726000,726000
061053,國巨群益9A購08  ,0,0,0,0,0,0,0,0,0,721000,0,0,0,765000,44000,721000,721000
1476,儒鴻            ,2048000,1443182,604818,0,0,0,74000,0,74000,42000,89000,86000,3000,48000,9000,39000,720818
059139,全新兆豐9A購01  ,0,0,0,0,0,0,0,0,0,719000,0,0,0,719000,0,719000,719000
3017,奇鋐            ,1904000,1190000,714000,0,0,0,0,0,0,3000,0,0,0,32000,29000,3000,717000
058648,聯陽永豐99購01  ,0,0,0,0,0,0,0,0,0,715000,0,0,0,903000,188000,715000,715000
062820,禾伸堂兆豐9B購01,0,0,0,0,0,0,0,0,0,715000,0,0,0,758000,43000,715000,715000
3576,聯合再生        ,767000,53354,713646,0,0,0,0,0,0,0,0,0,0,0,0,0,713646
057074,立積永豐98購01  ,0,0,0,0,0,0,0,0,0,708000,0,0,0,710000,2000,708000,708000
062350,台表科群益9B購01,0,0,0,0,0,0,0,0,0,705000,0,0,0,848000,143000,705000,705000
062138,力成群益9B購01  ,0,0,0,0,0,0,0,0,0,703000,0,0,0,713000,10000,703000,703000
063537,華擎統一9C購03  ,0,0,0,0,0,0,0,0,0,699000,0,0,0,908000,209000,699000,699000
059198,華新科永豐99購06,0,0,0,0,0,0,0,0,0,699000,0,0,0,775000,76000,699000,699000
4919,新唐            ,970000,251000,719000,0,0,0,0,0,0,-22000,16000,13000,3000,29000,54000,-25000,697000
5607,遠雄港          ,779000,83000,696000,0,0,0,0,0,0,0,0,0,0,0,0,0,696000
06901P,亞德客凱基98售02,0,0,0,0,0,0,0,0,0,695000,0,0,0,1004000,309000,695000,695000
062680,微星統一01購01  ,0,0,0,0,0,0,0,0,0,695000,0,0,0,2040000,1345000,695000,695000
061547,禾伸堂群益9A購01,0,0,0,0,0,0,0,0,0,695000,0,0,0,760000,65000,695000,695000
057510,泰碩統一98購02  ,0,0,0,0,0,0,0,0,0,692000,0,0,0,692000,0,692000,692000
06725P,聯電元富98售01  ,0,0,0,0,0,0,0,0,0,689000,0,0,0,821000,132000,689000,689000
055648,可成元富97購01  ,0,0,0,0,0,0,0,0,0,689000,0,0,0,689000,0,689000,689000
061283,智邦統一9A購01  ,0,0,0,0,0,0,0,0,0,689000,0,0,0,851000,162000,689000,689000
047962,T50反1中信96購02,0,0,0,0,0,0,0,0,0,688000,0,0,0,1513000,825000,688000,688000
061151,友訊群益9A購01  ,0,0,0,0,0,0,0,0,0,687000,0,0,0,757000,70000,687000,687000
061785,奇力新群益9B購01,0,0,0,0,0,0,0,0,0,682000,0,0,0,702000,20000,682000,682000
07408P,台積電兆豐99售06,0,0,0,0,0,0,0,0,0,681000,0,0,0,924000,243000,681000,681000
9938,百和            ,841000,228000,613000,0,0,0,0,0,0,59000,12000,12000,0,61000,2000,59000,672000
056829,台積電富邦9A購01,0,0,0,0,0,0,0,0,0,671000,0,0,0,671000,0,671000,671000
2353,宏碁            ,2972000,2425606,546394,0,0,0,0,0,0,123000,25000,6000,19000,157000,53000,104000,669394
07428P,華新科國票9A售01,0,0,0,0,0,0,0,0,0,666000,0,0,0,698000,32000,666000,666000
050708,臺股指凱基96購06,0,0,0,0,0,0,0,0,0,666000,0,0,0,666000,0,666000,666000
063452,創意統一01購01  ,0,0,0,0,0,0,0,0,0,661000,0,0,0,669000,8000,661000,661000
3673,TPK-KY          ,976000,919000,57000,0,0,0,0,0,0,604000,92000,4000,88000,605000,89000,516000,661000
062333,嘉晶統一9C購01  ,0,0,0,0,0,0,0,0,0,658000,0,0,0,790000,132000,658000,658000
063667,全新統一01購02  ,0,0,0,0,0,0,0,0,0,655000,0,0,0,694000,39000,655000,655000
07648P,祥碩國票9B售01  ,0,0,0,0,0,0,0,0,0,654000,0,0,0,912000,258000,654000,654000
060788,嘉晶富邦9B購01  ,0,0,0,0,0,0,0,0,0,653000,0,0,0,659000,6000,653000,653000
056459,茂林凱基99購01  ,0,0,0,0,0,0,0,0,0,649000,0,0,0,1145000,496000,649000,649000
9958,世紀鋼          ,517000,139000,378000,0,0,0,0,0,0,266000,54000,28000,26000,300000,60000,240000,644000
054983,國巨元富97購04  ,0,0,0,0,0,0,0,0,0,642000,0,0,0,642000,0,642000,642000
063049,上海銀兆豐9B購01,0,0,0,0,0,0,0,0,0,638000,0,0,0,648000,10000,638000,638000
2332,友訊            ,6536000,6491000,45000,0,0,0,0,0,0,591000,253000,182000,71000,1959000,1439000,520000,636000
058926,勤誠元富99購01  ,0,0,0,0,0,0,0,0,0,633000,0,0,0,633000,0,633000,633000
062797,瑞昱統一9B購01  ,0,0,0,0,0,0,0,0,0,631000,0,0,0,716000,85000,631000,631000
063232,裕隆元大9B購01  ,0,0,0,0,0,0,0,0,0,628000,0,0,0,727000,99000,628000,628000
063859,國巨國泰01購03  ,0,0,0,0,0,0,0,0,0,627000,0,0,0,845000,218000,627000,627000
058410,國巨兆豐99購03  ,0,0,0,0,0,0,0,0,0,625000,0,0,0,719000,94000,625000,625000
057971,華新科富邦9B購02,0,0,0,0,0,0,0,0,0,624000,0,0,0,644000,20000,624000,624000
058156,超眾統一9A購02  ,0,0,0,0,0,0,0,0,0,619000,0,0,0,656000,37000,619000,619000
058849,奇力新群益99購02,0,0,0,0,0,0,0,0,0,614000,0,0,0,636000,22000,614000,614000
063270,喬山兆豐9C購01  ,0,0,0,0,0,0,0,0,0,613000,0,0,0,811000,198000,613000,613000
062826,奇力新群益9C購01,0,0,0,0,0,0,0,0,0,613000,0,0,0,613000,0,613000,613000
057298,旭富永豐98購01  ,0,0,0,0,0,0,0,0,0,612000,0,0,0,667000,55000,612000,612000
9921,巨大            ,1270000,729231,540769,0,0,0,51000,0,51000,16000,17000,16000,1000,22000,7000,15000,607769
063639,華擎元大9C購03  ,0,0,0,0,0,0,0,0,0,607000,0,0,0,625000,18000,607000,607000
055755,禾伸堂兆豐97購02,0,0,0,0,0,0,0,0,0,605000,0,0,0,607000,2000,605000,605000
056925,群創兆豐98購03  ,0,0,0,0,0,0,0,0,0,602000,0,0,0,602000,0,602000,602000
053898,康友群益97購01  ,0,0,0,0,0,0,0,0,0,598000,0,0,0,598000,0,598000,598000
07963P,智邦統一9B售01  ,0,0,0,0,0,0,0,0,0,597000,0,0,0,1010000,413000,597000,597000
063544,華新科台新9B購02,0,0,0,0,0,0,0,0,0,595000,0,0,0,600000,5000,595000,595000
056693,國產群益98購01  ,0,0,0,0,0,0,0,0,0,593000,0,0,0,691000,98000,593000,593000
056420,台表科元富98購01,0,0,0,0,0,0,0,0,0,591000,0,0,0,1061000,470000,591000,591000
053418,旺宏永豐96購02  ,0,0,0,0,0,0,0,0,0,590000,0,0,0,590000,0,590000,590000
060336,南電康和9A購01  ,0,0,0,0,0,0,0,0,0,590000,0,0,0,611000,21000,590000,590000
061304,創意永豐9A購02  ,0,0,0,0,0,0,0,0,0,590000,0,0,0,717000,127000,590000,590000
3038,全台            ,700000,171000,529000,0,0,0,0,0,0,58000,58000,0,58000,0,0,0,587000
2493,揚博            ,606000,24000,582000,0,0,0,0,0,0,4000,5000,1000,4000,0,0,0,586000
063144,超眾統一9C購02  ,0,0,0,0,0,0,0,0,0,582000,0,0,0,843000,261000,582000,582000
061536,華擎統一9C購02  ,0,0,0,0,0,0,0,0,0,579000,0,0,0,785000,206000,579000,579000
4906,正文            ,916000,311000,605000,0,0,0,0,0,0,-26000,0,41000,-41000,22000,7000,15000,579000
061188,大成鋼富邦9B購01,0,0,0,0,0,0,0,0,0,577000,0,0,0,605000,28000,577000,577000
056325,群創兆豐9A購01  ,0,0,0,0,0,0,0,0,0,574000,0,0,0,574000,0,574000,574000
058514,潤泰全元大99購01,0,0,0,0,0,0,0,0,0,570000,0,0,0,600000,30000,570000,570000
058209,臺股指凱基01購01,0,0,0,0,0,0,0,0,0,568000,0,0,0,1277000,709000,568000,568000
061659,信邦永豐9A購01  ,0,0,0,0,0,0,0,0,0,566000,0,0,0,566000,0,566000,566000
062271,華通群益9C購02  ,0,0,0,0,0,0,0,0,0,566000,0,0,0,571000,5000,566000,566000
063927,奇力新統一02購01,0,0,0,0,0,0,0,0,0,563000,0,0,0,618000,55000,563000,563000
06852P,臺股指元大98售11,0,0,0,0,0,0,0,0,0,563000,0,0,0,1314000,751000,563000,563000
063229,台表科群益9B購04,0,0,0,0,0,0,0,0,0,563000,0,0,0,652000,89000,563000,563000
058312,大毅國泰9B購01  ,0,0,0,0,0,0,0,0,0,562000,0,0,0,643000,81000,562000,562000
057312,美律麥證98購01  ,0,0,0,553000,0,553000,0,0,0,553000,0,0,0,553000,0,553000,553000
059078,FBVIX元大99購06 ,0,0,0,0,0,0,0,0,0,551000,0,0,0,605000,54000,551000,551000
060051,台積電凱基9B購01,0,0,0,0,0,0,0,0,0,546000,0,0,0,547000,1000,546000,546000
056023,晶豪科群益97購01,0,0,0,0,0,0,0,0,0,545000,0,0,0,601000,56000,545000,545000
3059,華晶科          ,659000,118000,541000,0,0,0,0,0,0,2000,2000,0,2000,0,0,0,543000
3060,銘異            ,593000,53000,540000,0,0,0,0,0,0,3000,5000,2000,3000,0,0,0,543000
1717,長興            ,1525000,397000,1128000,0,0,0,0,0,0,-585000,35000,620000,-585000,0,0,0,543000
058963,華新科兆豐99購05,0,0,0,0,0,0,0,0,0,543000,0,0,0,543000,0,543000,543000
8150,南茂            ,1477000,1128000,349000,0,0,0,0,0,0,194000,1000,54000,-53000,274000,27000,247000,543000
1460,宏遠            ,560000,18000,542000,0,0,0,0,0,0,-1000,0,1000,-1000,0,0,0,541000
063153,南六元富9B購01  ,0,0,0,0,0,0,0,0,0,540000,0,0,0,540000,0,540000,540000
1464,得力            ,633000,92000,541000,0,0,0,0,0,0,-4000,0,0,0,7000,11000,-4000,537000
1440,南紡            ,614000,79000,535000,0,0,0,0,0,0,1000,1000,0,1000,0,0,0,536000
054866,宏盛群益98購01  ,0,0,0,0,0,0,0,0,0,533000,0,0,0,534000,1000,533000,533000
00651R,FH香港反1       ,18000,40000,-22000,0,0,0,0,0,0,555000,0,0,0,776000,221000,555000,533000
063029,喬山凱基9B購01  ,0,0,0,0,0,0,0,0,0,531000,0,0,0,593000,62000,531000,531000
062978,世芯元富9B購01  ,0,0,0,0,0,0,0,0,0,530000,0,0,0,624000,94000,530000,530000
061823,勤誠群益9B購01  ,0,0,0,0,0,0,0,0,0,526000,0,0,0,546000,20000,526000,526000
057696,聯電群益9A購01  ,0,0,0,0,0,0,0,0,0,525000,0,0,0,650000,125000,525000,525000
060948,可成第一9A購01  ,0,0,0,0,0,0,0,0,0,523000,0,0,0,533000,10000,523000,523000
059355,國巨富邦9B購03  ,0,0,0,0,0,0,0,0,0,522000,0,0,0,525000,3000,522000,522000
060869,超眾永豐9A購02  ,0,0,0,0,0,0,0,0,0,521000,0,0,0,521000,0,521000,521000
063203,華新科統一9C購04,0,0,0,0,0,0,0,0,0,520000,0,0,0,629000,109000,520000,520000
1218,泰山            ,603000,86000,517000,0,0,0,0,0,0,0,0,0,0,0,0,0,517000
1217,愛之味          ,617000,104000,513000,0,0,0,0,0,0,0,0,0,0,0,0,0,513000
060854,台積電富邦9C購08,0,0,0,0,0,0,0,0,0,513000,0,0,0,519000,6000,513000,513000
062069,喬山元大9B購01  ,0,0,0,0,0,0,0,0,0,512000,0,0,0,798000,286000,512000,512000
054638,國泰金中信99購01,0,0,0,0,0,0,0,0,0,510000,0,0,0,510000,0,510000,510000
1313,聯成            ,594000,84681,509319,0,0,0,0,0,0,0,0,0,0,0,0,0,509319
2501,國建            ,146000,208000,-62000,0,0,0,0,0,0,571000,571000,0,571000,0,0,0,509000
9136,巨騰-DR         ,494000,14000,480000,0,0,0,0,0,0,25000,25000,0,25000,0,0,0,505000
060188,華新科元富9A購03,0,0,0,0,0,0,0,0,0,504000,0,0,0,504000,0,504000,504000
060731,奇力新群益9A購01,0,0,0,0,0,0,0,0,0,501000,0,0,0,501000,0,501000,501000
060816,世紀鋼凱基9C購02,0,0,0,0,0,0,0,0,0,500000,0,0,0,531000,31000,500000,500000
062286,台郡群益9B購01  ,0,10000,-10000,0,0,0,0,0,0,509000,0,0,0,568000,59000,509000,499000
1514,亞力            ,919000,427000,492000,0,0,0,0,0,0,1000,1000,0,1000,0,0,0,493000
060787,奇力新富邦9A購01,0,0,0,0,0,0,0,0,0,493000,0,0,0,493000,0,493000,493000
062185,禾伸堂元大9B購01,0,0,0,0,0,0,0,0,0,493000,0,0,0,541000,48000,493000,493000
056583,昇陽半元大98購02,0,0,0,0,0,0,0,0,0,492000,0,0,0,492000,0,492000,492000
063880,可成元富9C購01  ,0,0,0,0,0,0,0,0,0,490000,0,0,0,516000,26000,490000,490000
06604P,聯發科元富02售02,0,0,0,0,0,0,0,0,0,489000,0,0,0,735000,246000,489000,489000
6141,柏承            ,499000,10000,489000,0,0,0,0,0,0,0,0,0,0,0,0,0,489000
063311,喬山群益9B購01  ,0,0,0,0,0,0,0,0,0,488000,0,0,0,833000,345000,488000,488000
2390,云辰            ,586000,99000,487000,0,0,0,0,0,0,0,0,0,0,0,0,0,487000
056677,智伸科元富98購01,0,0,0,0,0,0,0,0,0,487000,0,0,0,666000,179000,487000,487000
063884,台表科元富03購01,0,0,0,0,0,0,0,0,0,484000,0,0,0,1421000,937000,484000,484000
07707P,玉山金元大9A售03,0,0,0,0,0,0,0,0,0,481000,0,0,0,482000,1000,481000,481000
057085,立積統一9B購02  ,0,0,0,0,0,0,0,0,0,481000,0,0,0,923000,442000,481000,481000
063522,技嘉凱基9B購03  ,0,0,0,0,0,0,0,0,0,480000,0,0,0,822000,342000,480000,480000
4967,十銓            ,608000,128000,480000,0,0,0,0,0,0,-1000,0,1000,-1000,0,0,0,479000
063133,喬山統一01購01  ,0,0,0,0,0,0,0,0,0,478000,0,0,0,988000,510000,478000,478000
058848,台積電群益99購07,0,0,0,0,0,0,0,0,0,477000,0,0,0,530000,53000,477000,477000
063143,嘉澤統一9B購02  ,0,0,0,0,0,0,0,0,0,476000,0,0,0,590000,114000,476000,476000
062346,智邦群益9B購02  ,0,0,0,0,0,0,0,0,0,475000,0,0,0,475000,0,475000,475000
2548,華固            ,968000,520000,448000,0,0,0,0,0,0,26000,26000,0,26000,0,0,0,474000
057002,友達國票98購01  ,0,0,0,0,0,0,0,0,0,470000,0,0,0,470000,0,470000,470000
063393,華通群益9C購05  ,0,0,0,0,0,0,0,0,0,470000,0,0,0,472000,2000,470000,470000
055244,國巨統一98購01  ,0,0,0,0,0,0,0,0,0,465000,0,0,0,604000,139000,465000,465000
058923,華新科元富99購06,0,0,0,0,0,0,0,0,0,464000,0,0,0,474000,10000,464000,464000
057835,華擎元富9B購01  ,0,0,0,0,0,0,0,0,0,463000,0,0,0,521000,58000,463000,463000
056981,全新群益99購03  ,0,0,0,0,0,0,0,0,0,460000,0,0,0,460000,0,460000,460000
8039,台虹            ,688000,396000,292000,0,0,0,0,0,0,168000,52000,1000,51000,130000,13000,117000,460000
1609,大亞            ,541000,84000,457000,0,0,0,0,0,0,0,0,0,0,0,0,0,457000
045444,群創元富98購02  ,0,0,0,0,0,0,0,0,0,457000,0,0,0,458000,1000,457000,457000
058212,華新科群益9A購01,0,0,0,0,0,0,0,0,0,456000,0,0,0,468000,12000,456000,456000
063204,高鐵統一9C購01  ,0,0,0,0,0,0,0,0,0,456000,0,0,0,1080000,624000,456000,456000
061808,聯發科統一01購02,0,0,0,0,0,0,0,0,0,456000,0,0,0,642000,186000,456000,456000
061416,聯茂群益9A購01  ,0,0,0,0,0,0,0,0,0,455000,0,0,0,455000,0,455000,455000
058082,美律群益98購05  ,0,0,0,0,0,0,0,0,0,454000,0,0,0,454000,0,454000,454000
3665,貿聯-KY         ,505000,123000,382000,0,0,0,28000,0,28000,43000,26000,0,26000,29000,12000,17000,453000
07855P,旺宏凱基9A售09  ,0,0,0,0,0,0,0,0,0,453000,0,0,0,667000,214000,453000,453000
07074P,FBVIX凱基9A售01 ,0,0,0,0,0,0,0,0,0,453000,0,0,0,463000,10000,453000,453000
061944,聯電群益9B購01  ,0,0,0,0,0,0,0,0,0,453000,0,0,0,519000,66000,453000,453000
062500,國巨群益01購01  ,0,0,0,0,0,0,0,0,0,451000,0,0,0,452000,1000,451000,451000
2002,中鋼            ,7686000,7232759,453241,0,0,0,0,0,0,-3000,2000,5000,-3000,0,0,0,450241
046793,聯發科元富99購01,0,0,0,0,0,0,0,0,0,450000,0,0,0,450000,0,450000,450000
054377,臺股指中信99購09,0,0,0,0,0,0,0,0,0,450000,0,0,0,450000,0,450000,450000
0061,元大寶滬深      ,7000,9000,-2000,0,0,0,0,0,0,451000,80000,0,80000,377000,6000,371000,449000
056321,創意群益98購02  ,0,0,0,0,0,0,0,0,0,449000,0,0,0,469000,20000,449000,449000
9907,統一實          ,667000,210000,457000,0,0,0,0,0,0,-8000,2000,10000,-8000,0,0,0,449000
063808,台表科兆豐9C購01,0,0,0,0,0,0,0,0,0,446000,0,0,0,481000,35000,446000,446000
059938,凱美永豐99購01  ,0,0,0,0,0,0,0,0,0,445000,0,0,0,477000,32000,445000,445000
05644P,大立光中信9A售03,0,0,0,0,0,0,0,0,0,444000,0,0,0,469000,25000,444000,444000
1515,力山            ,757000,527000,230000,0,0,0,93000,0,93000,119000,29000,13000,16000,111000,8000,103000,442000
062295,康友永豐9B購01  ,0,0,0,0,0,0,0,0,0,441000,0,0,0,451000,10000,441000,441000
060870,旭富群益9A購01  ,0,0,0,0,0,0,0,0,0,441000,0,0,0,451000,10000,441000,441000
059943,信邦永豐99購01  ,0,0,0,0,0,0,0,0,0,439000,0,0,0,439000,0,439000,439000
062812,國巨兆豐9B購03  ,0,0,0,0,0,0,0,0,0,437000,0,0,0,447000,10000,437000,437000
061356,南電元大9A購06  ,0,0,0,0,0,0,0,0,0,436000,0,0,0,616000,180000,436000,436000
058951,南電群益99購01  ,0,0,0,0,0,0,0,0,0,435000,0,0,0,545000,110000,435000,435000
057299,立積永豐98購02  ,0,0,0,0,0,0,0,0,0,434000,0,0,0,445000,11000,434000,434000
063648,台表科元大9C購05,0,0,0,0,0,0,0,0,0,431000,0,0,0,492000,61000,431000,431000
063145,台表科統一02購01,0,0,0,0,0,0,0,0,0,431000,0,0,0,1093000,662000,431000,431000
058807,和大統一9B購01  ,0,0,0,0,0,0,0,0,0,430000,0,0,0,470000,40000,430000,430000
063586,燿華永豐9B購02  ,0,0,0,0,0,0,0,0,0,428000,0,0,0,441000,13000,428000,428000
1720,生達            ,571000,143000,428000,0,0,0,0,0,0,0,0,0,0,0,0,0,428000
056979,微星群益98購01  ,0,0,0,0,0,0,0,0,0,428000,0,0,0,428000,0,428000,428000
063207,聯茂統一01購01  ,0,0,0,0,0,0,0,0,0,428000,0,0,0,623000,195000,428000,428000
057009,信邦中信99購01  ,0,0,0,0,0,0,0,0,0,427000,0,0,0,560000,133000,427000,427000
059607,台積電富邦9C購04,0,0,0,0,0,0,0,0,0,427000,0,0,0,563000,136000,427000,427000
1310,台苯            ,1038000,627000,411000,0,0,0,0,0,0,15000,0,0,0,15000,0,15000,426000
061907,裕隆中信9B購01  ,0,0,0,0,0,0,0,0,0,425000,0,0,0,445000,20000,425000,425000
061693,華新科群益9B購02,0,0,0,0,0,0,0,0,0,424000,0,0,0,429000,5000,424000,424000
063449,全新統一9B購02  ,0,0,0,0,0,0,0,0,0,423000,0,0,0,543000,120000,423000,423000
059281,創意永豐99購02  ,0,0,0,0,0,0,0,0,0,423000,0,0,0,459000,36000,423000,423000
2023,燁輝            ,525000,102000,423000,0,0,0,0,0,0,-1000,0,1000,-1000,0,0,0,422000
060561,台積電富邦04購01,0,0,0,0,0,0,0,0,0,422000,0,0,0,553000,131000,422000,422000
062427,嘉澤統一01購01  ,0,0,0,0,0,0,0,0,0,422000,0,0,0,534000,112000,422000,422000
063056,嘉澤統一9C購02  ,0,0,0,0,0,0,0,0,0,421000,0,0,0,421000,0,421000,421000
00638R,元大滬深300反1  ,3000,40000,-37000,0,0,0,0,0,0,457000,0,0,0,459000,2000,457000,420000
058210,臺股指凱基9C購04,0,0,0,0,0,0,0,0,0,420000,0,0,0,690000,270000,420000,420000
063339,智邦統一01購01  ,0,0,0,0,0,0,0,0,0,420000,0,0,0,480000,60000,420000,420000
062294,盛群永豐9B購01  ,0,0,0,0,0,0,0,0,0,420000,0,0,0,538000,118000,420000,420000
07030P,鈺齊群益99售01  ,0,0,0,0,0,0,0,0,0,419000,0,0,0,435000,16000,419000,419000
061507,南電國票9A購05  ,0,0,0,0,0,0,0,0,0,418000,0,0,0,450000,32000,418000,418000
1905,華紙            ,506000,89000,417000,0,0,0,0,0,0,0,0,0,0,0,0,0,417000
051847,香港反中信99購01,0,0,0,0,0,0,0,0,0,416000,0,0,0,734000,318000,416000,416000
062747,立積永豐9B購01  ,0,0,0,0,0,0,0,0,0,416000,0,0,0,524000,108000,416000,416000
062872,華通兆豐9C購01  ,0,0,0,0,0,0,0,0,0,415000,0,0,0,415000,0,415000,415000
06475P,牧德永豐98售03  ,0,0,0,0,0,0,0,0,0,414000,0,0,0,414000,0,414000,414000
2426,鼎元            ,529000,118000,411000,0,0,0,0,0,0,1000,1000,0,1000,0,0,0,412000
064052,創意統一01購02  ,0,0,0,0,0,0,0,0,0,411000,0,0,0,550000,139000,411000,411000
060364,奇力新元富9A購01,0,0,0,0,0,0,0,0,0,410000,0,0,0,420000,10000,410000,410000
061140,華擎統一9C購01  ,0,0,0,0,0,0,0,0,0,410000,0,0,0,483000,73000,410000,410000
3437,榮創            ,486000,77000,409000,0,0,0,0,0,0,0,0,0,0,0,0,0,409000
052367,聯茂國票96購02  ,0,0,0,0,0,0,0,0,0,406000,0,0,0,438000,32000,406000,406000
063917,南六凱基02購01  ,0,0,0,0,0,0,0,0,0,403000,0,0,0,408000,5000,403000,403000
062853,大毅永豐9B購03  ,0,0,0,0,0,0,0,0,0,403000,0,0,0,403000,0,403000,403000
062689,華擎統一02購01  ,0,0,0,0,0,0,0,0,0,403000,0,0,0,422000,19000,403000,403000
063545,華通兆豐9B購03  ,0,0,0,0,0,0,0,0,0,402000,0,0,0,408000,6000,402000,402000
1701,中化            ,497000,95000,402000,0,0,0,0,0,0,0,0,0,0,0,0,0,402000
060126,創意永豐99購04  ,0,0,0,0,0,0,0,0,0,402000,0,0,0,430000,28000,402000,402000
062823,台表科兆豐9B購01,0,0,0,0,0,0,0,0,0,402000,0,0,0,494000,92000,402000,402000
063154,南六元富9B購02  ,0,0,0,0,0,0,0,0,0,402000,0,0,0,403000,1000,402000,402000
6456,GIS-KY          ,659000,900000,-241000,0,0,0,371000,0,371000,271000,202000,57000,145000,179000,53000,126000,401000
053745,康友國票97購01  ,0,0,0,0,0,0,0,0,0,400000,0,0,0,400000,0,400000,400000
055450,台積電元富97購01,0,0,0,0,0,0,0,0,0,400000,0,0,0,400000,0,400000,400000
054843,中環兆豐97購01  ,0,0,0,0,0,0,0,0,0,400000,0,0,0,400000,0,400000,400000
056393,精元永豐98購01  ,0,0,0,0,0,0,0,0,0,400000,0,0,0,400000,0,400000,400000
3189,景碩            ,609000,398000,211000,0,0,0,0,111000,-111000,298000,289000,4000,285000,22000,9000,13000,398000
054708,華通統一97購02  ,0,0,0,0,0,0,0,0,0,398000,0,0,0,518000,120000,398000,398000
062993,華新科群益9B購05,0,0,0,0,0,0,0,0,0,398000,0,0,0,517000,119000,398000,398000
060632,可成富邦9B購01  ,0,0,0,0,0,0,0,0,0,396000,0,0,0,581000,185000,396000,396000
060654,大毅群益9B購01  ,0,0,0,0,0,0,0,0,0,393000,0,0,0,426000,33000,393000,393000
060299,友訊國泰9B購01  ,0,0,0,0,0,0,0,0,0,393000,0,0,0,680000,287000,393000,393000
056559,華通群益98購02  ,0,0,0,0,0,0,0,0,0,392000,0,0,0,1145000,753000,392000,392000
00668,國泰美國道瓊    ,0,0,0,0,0,0,0,0,0,391000,0,0,0,403000,12000,391000,391000
064042,國巨統一9C購12  ,0,0,0,0,0,0,0,0,0,390000,0,0,0,402000,12000,390000,390000
8105,凌巨            ,453000,70000,383000,0,0,0,0,0,0,7000,7000,0,7000,0,0,0,390000
3563,牧德            ,465000,96000,369000,0,0,0,16000,0,16000,4000,0,6000,-6000,19000,9000,10000,389000
2727,王品            ,417000,28000,389000,0,0,0,0,0,0,0,0,0,0,0,0,0,389000
03445B,臺股指元大02熊01,0,0,0,0,0,0,0,0,0,388000,0,0,0,807000,419000,388000,388000
054050,創意元大96購06  ,0,0,0,0,0,0,0,0,0,388000,0,0,0,398000,10000,388000,388000
054943,群光元大97購01  ,0,0,0,0,0,0,0,0,0,387000,0,0,0,415000,28000,387000,387000
2704,國賓            ,422000,36000,386000,0,0,0,0,0,0,0,0,0,0,0,0,0,386000
4935,茂林-KY         ,554000,364000,190000,0,0,0,0,32000,-32000,227000,89000,4000,85000,210000,68000,142000,385000
055288,日電貿元大97購02,0,0,0,0,0,0,0,0,0,384000,0,0,0,420000,36000,384000,384000
055584,國巨元大97購11  ,0,0,0,0,0,0,0,0,0,384000,0,0,0,384000,0,384000,384000
063321,泰鼎群益9B購03  ,0,0,0,0,0,0,0,0,0,384000,0,0,0,399000,15000,384000,384000
057578,可成中信99購01  ,0,0,0,0,0,0,0,0,0,383000,0,0,0,539000,156000,383000,383000
2352,佳世達          ,838000,444000,394000,0,0,0,0,0,0,-12000,3000,6000,-3000,0,9000,-9000,382000
07647P,健策國票9A售04  ,0,0,0,0,0,0,0,0,0,382000,0,0,0,482000,100000,382000,382000
059023,可成統一9B購02  ,0,0,0,0,0,0,0,0,0,382000,0,0,0,487000,105000,382000,382000
058720,旭富元富99購01  ,0,0,0,0,0,0,0,0,0,382000,0,0,0,384000,2000,382000,382000
062428,超眾統一9B購01  ,0,0,0,0,0,0,0,0,0,382000,0,0,0,412000,30000,382000,382000
2369,菱生            ,528000,148000,380000,0,0,0,0,0,0,1000,1000,0,1000,0,0,0,381000
055579,健策統一9A購01  ,0,0,0,0,0,0,0,0,0,380000,0,0,0,546000,166000,380000,380000
057674,台郡元大99購03  ,0,0,0,0,0,0,0,0,0,378000,0,0,0,450000,72000,378000,378000
057390,台表科永豐98購01,0,0,0,0,0,0,0,0,0,378000,0,0,0,407000,29000,378000,378000
062168,大毅永豐9B購01  ,0,0,0,0,0,0,0,0,0,376000,0,0,0,376000,0,376000,376000
062650,南電富邦01購01  ,0,0,0,0,0,0,0,0,0,376000,0,0,0,475000,99000,376000,376000
07060P,台表科國票9A售01,0,0,0,0,0,0,0,0,0,375000,0,0,0,435000,60000,375000,375000
060915,旭富元大9A購01  ,0,0,0,0,0,0,0,0,0,375000,0,0,0,704000,329000,375000,375000
058532,禾伸堂元富99購01,0,0,0,0,0,0,0,0,0,374000,0,0,0,374000,0,374000,374000
060865,創意永豐9A購01  ,0,0,0,0,0,0,0,0,0,374000,0,0,0,374000,0,374000,374000
053932,華新科統一96購03,0,0,0,0,0,0,0,0,0,373000,0,0,0,383000,10000,373000,373000
4934,太極            ,495000,122000,373000,0,0,0,0,0,0,0,0,0,0,0,0,0,373000
056466,臺股指凱基99購08,0,0,0,0,0,0,0,0,0,372000,0,0,0,407000,35000,372000,372000
063237,微星元大9B購02  ,0,0,0,0,0,0,0,0,0,372000,0,0,0,531000,159000,372000,372000
047885,元金2X富邦99購01,0,0,0,0,0,0,0,0,0,371000,0,0,0,371000,0,371000,371000
060194,旭富元富9A購01  ,0,0,0,0,0,0,0,0,0,371000,0,0,0,371000,0,371000,371000
1319,東陽            ,398448,148000,250448,0,0,0,0,0,0,120000,220000,100000,120000,0,0,0,370448
063074,創意永豐9B購02  ,0,0,0,0,0,0,0,0,0,370000,0,0,0,403000,33000,370000,370000
062081,華新科元大9B購06,0,0,0,0,0,0,0,0,0,370000,0,0,0,391000,21000,370000,370000
055249,大毅統一99購01  ,0,0,0,0,0,0,0,0,0,368000,0,0,0,445000,77000,368000,368000
060650,奇力新中信9A購01,0,0,0,0,0,0,0,0,0,368000,0,0,0,501000,133000,368000,368000
059218,台積電元大99購31,0,0,0,0,0,0,0,0,0,368000,0,0,0,368000,0,368000,368000
063136,智邦統一9B購02  ,0,0,0,0,0,0,0,0,0,368000,0,0,0,529000,161000,368000,368000
00650L,FH香港正2       ,0,0,0,0,0,0,0,0,0,367000,0,0,0,955000,588000,367000,367000
060218,台積電凱基9A購15,0,0,0,0,0,0,0,0,0,366000,0,0,0,510000,144000,366000,366000
063610,儒鴻群益9B購02  ,0,0,0,0,0,0,0,0,0,365000,0,0,0,651000,286000,365000,365000
062003,國巨國泰01購01  ,0,0,0,0,0,0,0,0,0,365000,0,0,0,430000,65000,365000,365000
062731,力成凱基9B購02  ,0,0,0,0,0,0,0,0,0,364000,0,0,0,369000,5000,364000,364000
056671,台灣50元富9A購01,0,0,0,0,0,0,0,0,0,360000,0,0,0,360000,0,360000,360000
055331,國巨兆豐99購01  ,0,0,0,0,0,0,0,0,0,360000,0,0,0,414000,54000,360000,360000
057721,華擎元富98購02  ,0,0,0,0,0,0,0,0,0,357000,0,0,0,474000,117000,357000,357000
057613,瑞昱元富02購02  ,0,0,0,0,0,0,0,0,0,357000,0,0,0,424000,67000,357000,357000
4414,如興            ,765000,404000,361000,0,0,0,0,0,0,-5000,0,5000,-5000,0,0,0,356000
062528,全新統一9C購01  ,0,0,0,0,0,0,0,0,0,355000,0,0,0,355000,0,355000,355000
063563,國巨元大9C購07  ,0,0,0,0,0,0,0,0,0,353000,0,0,0,365000,12000,353000,353000
054585,禾伸堂國泰99購01,0,0,0,0,0,0,0,0,0,353000,0,0,0,353000,0,353000,353000
060716,新唐永豐9A購01  ,0,0,0,0,0,0,0,0,0,353000,0,0,0,428000,75000,353000,353000
052700,奇鋐國票97購02  ,0,0,0,0,0,0,0,0,0,352000,0,0,0,372000,20000,352000,352000
060159,健和興永豐9A購01,0,0,0,0,0,0,0,0,0,352000,0,0,0,354000,2000,352000,352000
059424,SGBR2X元大9A購01,0,0,0,0,0,0,0,0,0,350000,0,0,0,476000,126000,350000,350000
063146,南六統一9B購02  ,0,0,0,0,0,0,0,0,0,348000,0,0,0,398000,50000,348000,348000
062164,禾伸堂國泰01購01,0,0,0,0,0,0,0,0,0,347000,0,0,0,452000,105000,347000,347000
3504,揚明光          ,378000,117000,261000,0,0,0,0,0,0,84000,0,0,0,85000,1000,84000,345000
061728,華新科麥證9A購02,0,0,0,344000,0,344000,0,0,0,344000,0,0,0,344000,0,344000,344000
056813,聯茂統一99購01  ,0,0,0,0,0,0,0,0,0,343000,0,0,0,343000,0,343000,343000
060923,全新永豐9A購01  ,0,0,0,0,0,0,0,0,0,343000,0,0,0,343000,0,343000,343000
9935,慶豐富          ,390000,46000,344000,0,0,0,0,0,0,-1000,0,1000,-1000,0,0,0,343000
057612,瑞昱元富02購01  ,0,0,0,0,0,0,0,0,0,341000,0,0,0,630000,289000,341000,341000
063345,嘉晶統一9C購02  ,0,0,0,0,0,0,0,0,0,341000,0,0,0,451000,110000,341000,341000
00752,中信中國50      ,0,0,0,0,0,0,0,0,0,338192,0,0,0,681192,343000,338192,338192
06477P,緯穎國票99售02  ,0,0,0,0,0,0,0,0,0,337000,0,0,0,352000,15000,337000,337000
056770,國產元大98購02  ,0,0,0,0,0,0,0,0,0,337000,0,0,0,437000,100000,337000,337000
053107,旺宏兆豐97購01  ,0,0,0,0,0,0,0,0,0,336000,0,0,0,380000,44000,336000,336000
063570,嘉晶元大9C購02  ,0,0,0,0,0,0,0,0,0,335000,0,0,0,418000,83000,335000,335000
063187,全新凱基9B購02  ,0,0,0,0,0,0,0,0,0,334000,0,0,0,404000,70000,334000,334000
057698,奇力新群益98購02,0,0,0,0,0,0,0,0,0,332000,0,0,0,415000,83000,332000,332000
061689,國巨群益9A購12  ,0,0,0,0,0,0,0,0,0,332000,0,0,0,369000,37000,332000,332000
058941,華新科中信99購03,0,0,0,0,0,0,0,0,0,331000,0,0,0,376000,45000,331000,331000
058721,立積元富9C購01  ,0,0,0,0,0,0,0,0,0,331000,0,0,0,719000,388000,331000,331000
062273,國巨群益9C購02  ,0,0,0,0,0,0,0,0,0,331000,0,0,0,336000,5000,331000,331000
3041,揚智            ,519000,140000,379000,0,0,0,0,0,0,-49000,1000,50000,-49000,0,0,0,330000
054317,昇陽半凱基98購01,0,0,0,0,0,0,0,0,0,330000,0,0,0,415000,85000,330000,330000
060232,友訊元大9C購01  ,0,0,0,0,0,0,0,0,0,327000,0,0,0,644000,317000,327000,327000
2637,慧洋-KY         ,1029000,703000,326000,0,0,0,0,0,0,0,0,0,0,0,0,0,326000
058035,旭富永豐98購02  ,0,0,0,0,0,0,0,0,0,325000,0,0,0,361000,36000,325000,325000
063285,華擎元大9B購03  ,0,0,0,0,0,0,0,0,0,325000,0,0,0,325000,0,325000,325000
061815,奇力新群益9B購02,0,0,0,0,0,0,0,0,0,324000,0,0,0,354000,30000,324000,324000
062974,奇力新元富9B購01,0,0,0,0,0,0,0,0,0,323000,0,0,0,418000,95000,323000,323000
059114,華新科永豐99購05,0,0,0,0,0,0,0,0,0,322000,0,0,0,360000,38000,322000,322000
056358,友訊元大99購01  ,0,0,0,0,0,0,0,0,0,322000,0,0,0,478000,156000,322000,322000
060431,復盛永豐9A購01  ,0,0,0,0,0,0,0,0,0,322000,0,0,0,334000,12000,322000,322000
057278,可成元大98購06  ,0,0,0,0,0,0,0,0,0,322000,0,0,0,422000,100000,322000,322000
2457,飛宏            ,377000,61000,316000,0,0,0,0,0,0,5000,5000,0,5000,0,0,0,321000
062704,大毅元大9C購01  ,0,0,0,0,0,0,0,0,0,321000,0,0,0,363000,42000,321000,321000
056507,創意永豐98購02  ,0,0,0,0,0,0,0,0,0,320000,0,0,0,423000,103000,320000,320000
057215,友達群益98購03  ,0,0,0,0,0,0,0,0,0,320000,0,0,0,320000,0,320000,320000
060043,全新群益9B購02  ,0,0,0,0,0,0,0,0,0,319000,0,0,0,329000,10000,319000,319000
2547,日勝生          ,473000,155000,318000,0,0,0,0,0,0,0,0,0,0,0,0,0,318000
05958P,聯發科國票97售04,0,0,0,0,0,0,0,0,0,318000,0,0,0,329000,11000,318000,318000
6271,同欣電          ,531000,531000,0,0,0,0,150000,72000,78000,239000,199000,42000,157000,98000,16000,82000,317000
057207,立積元富98購02  ,0,0,0,0,0,0,0,0,0,316000,0,0,0,409000,93000,316000,316000
061005,可成兆豐9A購01  ,0,0,0,0,0,0,0,0,0,316000,0,0,0,366000,50000,316000,316000
060707,台郡富邦9A購01  ,0,0,0,0,0,0,0,0,0,316000,0,0,0,388000,72000,316000,316000
8271,宇瞻            ,468000,152000,316000,0,0,0,0,0,0,-1000,0,1000,-1000,0,0,0,315000
06983P,台積電國泰9A售02,0,0,0,0,0,0,0,0,0,314000,0,0,0,402000,88000,314000,314000
062093,台積電富邦9C購11,0,0,0,0,0,0,0,0,0,314000,0,0,0,472000,158000,314000,314000
06529P,貿聯富邦99售03  ,0,0,0,0,0,0,0,0,0,313000,0,0,0,333000,20000,313000,313000
063501,旭富永豐9B購02  ,0,0,0,0,0,0,0,0,0,312000,0,0,0,332000,20000,312000,312000
08000P,奇鋐凱基9B售03  ,0,0,0,0,0,0,0,0,0,311000,0,0,0,317000,6000,311000,311000
054784,順德群益9A購01  ,0,0,0,0,0,0,0,0,0,310000,0,0,0,310000,0,310000,310000
1711,永光            ,318000,8210,309790,0,0,0,0,0,0,0,0,0,0,0,0,0,309790
058927,勤誠元富99購02  ,0,0,0,0,0,0,0,0,0,308000,0,0,0,322000,14000,308000,308000
058878,旭富國泰9B購01  ,0,0,0,0,0,0,0,0,0,308000,0,0,0,310000,2000,308000,308000
061124,微星永豐9A購02  ,0,0,0,0,0,0,0,0,0,308000,0,0,0,318000,10000,308000,308000
063947,大毅元大9C購02  ,0,0,0,0,0,0,0,0,0,307000,0,0,0,349000,42000,307000,307000
060019,彰銀康和99購01  ,0,0,0,0,0,0,0,0,0,306000,0,0,0,515000,209000,306000,306000
2607,榮運            ,537000,233000,304000,0,0,0,0,0,0,1000,1000,0,1000,0,0,0,305000
054959,禾伸堂元大98購01,0,0,0,0,0,0,0,0,0,304000,0,0,0,304000,0,304000,304000
061434,國巨麥證9A購04  ,0,0,0,304000,0,304000,0,0,0,304000,0,0,0,304000,0,304000,304000
2485,兆赫            ,327000,32000,295000,0,0,0,0,0,0,8000,8000,0,8000,0,0,0,303000
07070P,晶相光元富99售01,0,0,0,0,0,0,0,0,0,303000,0,0,0,303000,0,303000,303000
060016,廣達康和99購01  ,0,0,0,0,0,0,0,0,0,303000,0,0,0,303000,0,303000,303000
06836P,玉晶光國票99售06,0,0,0,0,0,0,0,0,0,302000,0,0,0,662000,360000,302000,302000
055318,華通國票98購01  ,0,0,0,0,0,0,0,0,0,302000,0,0,0,309000,7000,302000,302000
057109,信邦群益98購01  ,0,0,0,0,0,0,0,0,0,302000,0,0,0,302000,0,302000,302000
07316P,長榮航康和99售01,0,0,0,0,0,0,0,0,0,301000,0,0,0,301000,0,301000,301000
07820P,臺股指國票9A售11,0,0,0,0,0,0,0,0,0,300000,0,0,0,350000,50000,300000,300000
061574,大毅元大9B購01  ,0,0,0,0,0,0,0,0,0,300000,0,0,0,300000,0,300000,300000
062463,世紀鋼麥證9B購01,0,0,0,300000,0,300000,0,0,0,300000,0,0,0,300000,0,300000,300000
062152,國巨麥證9C購01  ,0,0,0,300000,0,300000,0,0,0,300000,0,0,0,300000,0,300000,300000
062815,聯發科兆豐9B購03,0,0,0,0,0,0,0,0,0,300000,0,0,0,350000,50000,300000,300000
063613,全新群益9C購01  ,0,0,0,0,0,0,0,0,0,299000,0,0,0,452000,153000,299000,299000
056605,台積電富邦9B購02,0,0,0,0,0,0,0,0,0,299000,0,0,0,1054000,755000,299000,299000
058034,神達永豐98購02  ,0,0,0,0,0,0,0,0,0,299000,0,0,0,300000,1000,299000,299000
056029,國巨麥證98購01  ,0,0,0,298000,0,298000,0,0,0,298000,0,0,0,298000,0,298000,298000
063355,超眾元富9B購01  ,0,0,0,0,0,0,0,0,0,298000,0,0,0,348000,50000,298000,298000
062292,旭富永豐9B購01  ,0,0,0,0,0,0,0,0,0,298000,0,0,0,298000,0,298000,298000
1904,正隆            ,911000,499000,412000,0,0,0,95000,230000,-135000,20000,30000,0,30000,0,10000,-10000,297000
1455,集盛            ,299000,3000,296000,0,0,0,0,0,0,1000,1000,0,1000,0,0,0,297000
2101,南港            ,518000,201000,317000,0,0,0,0,0,0,-20000,0,0,0,12000,32000,-20000,297000
060911,大毅元大9A購01  ,0,0,0,0,0,0,0,0,0,297000,0,0,0,322000,25000,297000,297000
059073,元油2X元大9C購14,0,0,0,0,0,0,0,0,0,296000,0,0,0,296000,0,296000,296000
9939,宏全            ,294000,61000,233000,0,0,0,0,0,0,63000,32000,0,32000,31000,0,31000,296000
6269,台郡            ,1378000,1261006,116994,0,0,0,355000,40000,315000,-136000,69000,109000,-40000,23000,119000,-96000,295994
053118,大立光中信9C購01,0,0,0,0,0,0,0,0,0,295000,0,0,0,326000,31000,295000,295000
05211P,國巨國票96售05  ,0,0,0,0,0,0,0,0,0,295000,0,0,0,295000,0,295000,295000
059093,旭富元大99購01  ,0,0,0,0,0,0,0,0,0,295000,0,0,0,553000,258000,295000,295000
058270,上緯控永豐99購01,0,0,0,0,0,0,0,0,0,295000,0,0,0,382000,87000,295000,295000
061584,勤誠元大9A購01  ,0,0,0,0,0,0,0,0,0,295000,0,0,0,408000,113000,295000,295000
2461,光群雷          ,415000,124000,291000,0,0,0,0,0,0,1000,1000,0,1000,0,0,0,292000
059155,台表科日盛99購01,0,0,0,0,0,0,0,0,0,292000,0,0,0,319000,27000,292000,292000
055841,南亞科元大97購04,0,0,0,0,0,0,0,0,0,292000,0,0,0,360000,68000,292000,292000
058559,華新科日盛99購02,0,0,0,0,0,0,0,0,0,292000,0,0,0,292000,0,292000,292000
6558,興能高          ,342000,50000,292000,0,0,0,0,0,0,0,0,0,0,0,0,0,292000
6177,達麗            ,347000,55000,292000,0,0,0,0,0,0,0,0,0,0,0,0,0,292000
063248,創意元大9C購01  ,0,0,0,0,0,0,0,0,0,291000,0,0,0,322000,31000,291000,291000
3056,總太            ,386000,96000,290000,0,0,0,0,0,0,0,0,0,0,0,0,0,290000
2031,新光鋼          ,342000,42000,300000,0,0,0,0,0,0,-10000,0,10000,-10000,0,0,0,290000
056481,創意元大98購01  ,0,0,0,0,0,0,0,0,0,290000,0,0,0,290000,0,290000,290000
059980,台積電元大99購50,0,0,0,0,0,0,0,0,0,290000,0,0,0,290000,0,290000,290000
057391,樺漢永豐98購01  ,0,0,0,0,0,0,0,0,0,290000,0,0,0,300000,10000,290000,290000
057314,全新麥證98購01  ,0,0,0,300000,10000,290000,0,0,0,290000,0,0,0,300000,10000,290000,290000
061012,國巨麥證9A購03  ,0,0,0,300000,10000,290000,0,0,0,290000,0,0,0,300000,10000,290000,290000
063022,嘉晶元大9B購04  ,0,0,0,0,0,0,0,0,0,289000,0,0,0,435000,146000,289000,289000
07719P,臺股指群益9A售08,0,0,0,0,0,0,0,0,0,288000,0,0,0,405000,117000,288000,288000
058876,南電國票9A購02  ,0,0,0,0,0,0,0,0,0,288000,0,0,0,306000,18000,288000,288000
062856,世芯永豐9B購02  ,0,0,0,0,0,0,0,0,0,288000,0,0,0,318000,30000,288000,288000
059944,欣興永豐99購03  ,0,0,0,0,0,0,0,0,0,287000,0,0,0,387000,100000,287000,287000
062533,嘉澤統一9C購01  ,0,0,0,0,0,0,0,0,0,287000,0,0,0,373000,86000,287000,287000
063960,南電元大9C購03  ,0,0,0,0,0,0,0,0,0,286000,0,0,0,357000,71000,286000,286000
055334,禾伸堂兆豐97購01,0,0,0,0,0,0,0,0,0,286000,0,0,0,346000,60000,286000,286000
060708,康友富邦9B購01  ,0,0,0,0,0,0,0,0,0,285000,0,0,0,335000,50000,285000,285000
3005,神基            ,790000,426000,364000,0,0,0,0,0,0,-80000,5000,47000,-42000,243000,281000,-38000,284000
058950,國巨群益99購06  ,0,0,0,0,0,0,0,0,0,284000,0,0,0,296000,12000,284000,284000
062442,華新科元大9C購02,0,0,0,0,0,0,0,0,0,284000,0,0,0,294000,10000,284000,284000
2605,新興            ,709000,368000,341000,0,0,0,0,0,0,-58000,1000,59000,-58000,0,0,0,283000
063073,瑞昱永豐9B購01  ,0,0,0,0,0,0,0,0,0,283000,0,0,0,303000,20000,283000,283000
06634P,欣興國票98售02  ,0,0,0,0,0,0,0,0,0,282000,0,0,0,282000,0,282000,282000
061349,嘉澤元大9A購02  ,0,0,0,0,0,0,0,0,0,282000,0,0,0,338000,56000,282000,282000
061725,國巨麥證9A購05  ,0,0,0,282000,0,282000,0,0,0,282000,0,0,0,282000,0,282000,282000
07174P,臺股指國票99售11,0,0,0,0,0,0,0,0,0,281000,0,0,0,731000,450000,281000,281000
057328,京鼎群益99購02  ,0,0,0,0,0,0,0,0,0,280000,0,0,0,378000,98000,280000,280000
056946,國巨統一98購05  ,0,0,0,0,0,0,0,0,0,280000,0,0,0,479000,199000,280000,280000
060829,T50反1國票9A購06,0,0,0,0,0,0,0,0,0,280000,0,0,0,280000,0,280000,280000
07300P,臺股指元大9A售33,0,0,0,0,0,0,0,0,0,279000,0,0,0,314000,35000,279000,279000
2388,威盛            ,299000,20000,279000,0,0,0,0,0,0,0,0,0,0,0,0,0,279000
4306,炎洲            ,344000,62162,281838,0,0,0,0,0,0,-3000,1000,4000,-3000,0,0,0,278838
1522,堤維西          ,325000,303000,22000,0,0,0,0,0,0,256000,0,2000,-2000,258000,0,258000,278000
06654P,欣興元大98售08  ,0,0,0,0,0,0,0,0,0,278000,0,0,0,280000,2000,278000,278000
063576,台表科元大9B購08,0,0,0,0,0,0,0,0,0,278000,0,0,0,328000,50000,278000,278000
2228,劍麟            ,162000,179387,-17387,0,0,0,263000,0,263000,32000,29000,0,29000,3000,0,3000,277613
057836,南亞科國泰9A購01,0,0,0,0,0,0,0,0,0,275000,0,0,0,587000,312000,275000,275000
058200,世芯康和99購01  ,25000,0,25000,0,0,0,0,0,0,250000,0,0,0,545000,295000,250000,275000
058153,景碩統一9B購01  ,0,0,0,0,0,0,0,0,0,275000,0,0,0,460000,185000,275000,275000
057931,正崴群益98購02  ,0,0,0,0,0,0,0,0,0,274000,0,0,0,368000,94000,274000,274000
062362,致茂元大9B購01  ,0,0,0,0,0,0,0,0,0,273000,0,0,0,329000,56000,273000,273000
07459P,緯穎元大9A售01  ,0,0,0,0,0,0,0,0,0,272000,0,0,0,272000,0,272000,272000
064021,國巨元大9C購15  ,0,0,0,0,0,0,0,0,0,271000,0,0,0,366000,95000,271000,271000
058457,創意永豐99購01  ,0,0,0,0,0,0,0,0,0,271000,0,0,0,348000,77000,271000,271000
062667,立積群益9B購01  ,0,0,0,0,0,0,0,0,0,271000,0,0,0,311000,40000,271000,271000
062955,立積永豐9B購02  ,0,0,0,0,0,0,0,0,0,271000,0,0,0,415000,144000,271000,271000
060226,道瓊反元大9A購01,0,0,0,0,0,0,0,0,0,270000,0,0,0,270000,0,270000,270000
063655,華通元富9B購01  ,0,0,0,0,0,0,0,0,0,269000,0,0,0,364000,95000,269000,269000
052004,泰碩國泰97購03  ,0,0,0,0,0,0,0,0,0,269000,0,0,0,354000,85000,269000,269000
062906,全新元大9B購03  ,0,0,0,0,0,0,0,0,0,269000,0,0,0,395000,126000,269000,269000
061030,喬山永豐9A購01  ,0,0,0,0,0,0,0,0,0,269000,0,0,0,463000,194000,269000,269000
07782P,寶成凱基9A售02  ,0,0,0,0,0,0,0,0,0,268000,0,0,0,268000,0,268000,268000
061658,聯茂富邦9A購03  ,0,0,0,0,0,0,0,0,0,268000,0,0,0,268000,0,268000,268000
061626,超眾群益9A購02  ,0,0,0,0,0,0,0,0,0,268000,0,0,0,298000,30000,268000,268000
056796,國巨麥證98購02  ,0,0,0,267000,0,267000,0,0,0,267000,0,0,0,267000,0,267000,267000
060031,旭富永豐99購02  ,0,0,0,0,0,0,0,0,0,267000,0,0,0,270000,3000,267000,267000
059086,國巨元大99購18  ,0,0,0,0,0,0,0,0,0,267000,0,0,0,418000,151000,267000,267000
056555,矽創凱基98購01  ,0,0,0,0,0,0,0,0,0,266000,0,0,0,266000,0,266000,266000
062388,旭富國泰01購01  ,0,0,0,0,0,0,0,0,0,266000,0,0,0,317000,51000,266000,266000
4968,立積            ,755000,513000,242000,0,0,0,0,0,0,24000,81000,15000,66000,49000,91000,-42000,266000
3004,豐達科          ,411000,296000,115000,0,0,0,0,0,0,150000,150000,0,150000,0,0,0,265000
063286,嘉澤元大9B購04  ,0,0,0,0,0,0,0,0,0,265000,0,0,0,301000,36000,265000,265000
6112,聚碩            ,392000,127000,265000,0,0,0,0,0,0,0,0,0,0,0,0,0,265000
6452,康友-KY         ,401000,192000,209000,0,0,0,0,0,0,56000,0,0,0,63000,7000,56000,265000
061956,和大統一01購01  ,0,0,0,0,0,0,0,0,0,264000,0,0,0,264000,0,264000,264000
056783,國巨群益99購01  ,0,0,0,0,0,0,0,0,0,263000,0,0,0,278000,15000,263000,263000
057780,台郡群益98購02  ,0,0,0,0,0,0,0,0,0,263000,0,0,0,299000,36000,263000,263000
063260,信邦富邦9B購01  ,0,0,0,0,0,0,0,0,0,263000,0,0,0,325000,62000,263000,263000
2439,美律            ,598438,378000,220438,0,0,0,0,0,0,42000,120000,19000,101000,55000,114000,-59000,262438
07162P,臺股指群益99售13,0,0,0,0,0,0,0,0,0,262000,0,0,0,444000,182000,262000,262000
058822,樺漢國泰9B購01  ,0,0,0,0,0,0,0,0,0,262000,0,0,0,520000,258000,262000,262000
060988,華新科元大9A購12,0,0,0,0,0,0,0,0,0,262000,0,0,0,306000,44000,262000,262000
07804P,美律永豐9A售02  ,0,0,0,0,0,0,0,0,0,261000,0,0,0,281000,20000,261000,261000
063841,國巨元大01購01  ,0,0,0,0,0,0,0,0,0,260000,0,0,0,264000,4000,260000,260000
03603P,群創凱基98售04  ,0,0,0,0,0,0,0,0,0,260000,0,0,0,270000,10000,260000,260000
053297,鎧勝中信98購01  ,0,0,0,0,0,0,0,0,0,260000,0,0,0,413000,153000,260000,260000
062504,旭富群益9B購02  ,0,0,0,0,0,0,0,0,0,260000,0,0,0,348000,88000,260000,260000
053537,玉晶光永豐98購02,0,0,0,0,0,0,0,0,0,259000,0,0,0,270000,11000,259000,259000
6715,嘉基            ,419000,143000,276000,0,0,0,79000,0,79000,-96000,20000,116000,-96000,0,0,0,259000
060806,華新科群益9A購03,0,0,0,0,0,0,0,0,0,258000,0,0,0,258000,0,258000,258000
063589,美食永豐9B購02  ,0,0,0,0,0,0,0,0,0,257000,0,0,0,325000,68000,257000,257000
063454,瑞儀統一9B購01  ,0,0,0,0,0,0,0,0,0,257000,0,0,0,274000,17000,257000,257000
056177,嘉澤元富97購01  ,0,0,0,0,0,0,0,0,0,257000,0,0,0,277000,20000,257000,257000
062004,國巨國泰9C購03  ,0,0,0,0,0,0,0,0,0,257000,0,0,0,289000,32000,257000,257000
062573,大毅群益9B購03  ,0,0,0,0,0,0,0,0,0,257000,0,0,0,371000,114000,257000,257000
063941,國巨元大9C購12  ,0,0,0,0,0,0,0,0,0,256000,0,0,0,258000,2000,256000,256000
062806,世芯統一02購01  ,0,0,0,0,0,0,0,0,0,256000,0,0,0,833000,577000,256000,256000
3704,合勤控          ,422000,161000,261000,0,0,0,0,0,0,-6000,2000,0,2000,21000,29000,-8000,255000
062914,嘉澤元大9B購02  ,0,0,0,0,0,0,0,0,0,255000,0,0,0,299000,44000,255000,255000
2392,正崴            ,619100,369000,250100,0,0,0,0,0,0,4000,62000,37000,25000,77000,98000,-21000,254100
1536,和大            ,418000,130000,288000,0,0,0,0,0,0,-34000,9000,8000,1000,0,35000,-35000,254000
058182,日電貿國泰9A購01,0,0,0,0,0,0,0,0,0,254000,0,0,0,314000,60000,254000,254000
063510,台表科群益9C購01,40000,0,40000,0,0,0,0,0,0,212000,0,0,0,406000,194000,212000,252000
07086P,力成元富9C售01  ,0,0,0,0,0,0,0,0,0,252000,0,0,0,411000,159000,252000,252000
063361,台表科國泰01購02,0,0,0,0,0,0,0,0,0,252000,0,0,0,464000,212000,252000,252000
061441,大毅永豐9A購04  ,0,0,0,0,0,0,0,0,0,252000,0,0,0,312000,60000,252000,252000
063541,華擎元富9B購02  ,0,0,0,0,0,0,0,0,0,251000,0,0,0,357000,106000,251000,251000
062697,國巨元大9C購01  ,0,0,0,0,0,0,0,0,0,251000,0,0,0,342000,91000,251000,251000
6288,聯嘉            ,377000,126000,251000,0,0,0,0,0,0,0,0,0,0,0,0,0,251000
3045,台灣大          ,949000,913102,35898,0,0,0,0,0,0,215000,215000,0,215000,0,0,0,250898
052550,鴻海國票97購02  ,0,0,0,0,0,0,0,0,0,250000,0,0,0,250000,0,250000,250000
05538P,玉晶光國票97售02,0,0,0,0,0,0,0,0,0,250000,0,0,0,250000,0,250000,250000
057169,微星元大98購01  ,0,0,0,0,0,0,0,0,0,250000,0,0,0,275000,25000,250000,250000
057261,瑞昱兆豐98購01  ,0,0,0,0,0,0,0,0,0,250000,0,0,0,260000,10000,250000,250000
2348,海悅            ,354000,106000,248000,0,0,0,0,0,0,1000,1000,0,1000,0,0,0,249000
07967P,力山元大9B售03  ,0,0,0,0,0,0,0,0,0,249000,0,0,0,250000,1000,249000,249000
08132P,南六元大9B售05  ,0,0,0,0,0,0,0,0,0,249000,0,0,0,403000,154000,249000,249000
2453,凌群            ,265000,17000,248000,0,0,0,0,0,0,0,0,0,0,0,0,0,248000
054101,茂林國票97購04  ,0,0,0,0,0,0,0,0,0,248000,0,0,0,248000,0,248000,248000
055657,超眾元富97購02  ,0,0,0,0,0,0,0,0,0,248000,0,0,0,258000,10000,248000,248000
061607,台表科凱基9B購02,0,0,0,0,0,0,0,0,0,248000,0,0,0,327000,79000,248000,248000
5471,松翰            ,804000,557000,247000,0,0,0,0,0,0,1000,1000,0,1000,0,0,0,248000
2406,國碩            ,640000,393000,247000,0,0,0,0,0,0,0,0,0,0,0,0,0,247000
059862,全新群益99購04  ,0,0,0,0,0,0,0,0,0,247000,0,0,0,287000,40000,247000,247000
6191,精成科          ,434000,187000,247000,0,0,0,0,0,0,0,0,0,0,0,0,0,247000
063638,華新科元大9B購14,0,0,0,0,0,0,0,0,0,245000,0,0,0,260000,15000,245000,245000
063259,廣達富邦9C購01  ,0,0,0,0,0,0,0,0,0,245000,0,0,0,491000,246000,245000,245000
063854,南電元大9C購01  ,0,0,0,0,0,0,0,0,0,244000,0,0,0,320000,76000,244000,244000
07468P,聯電元大9A售02  ,0,0,0,0,0,0,0,0,0,244000,0,0,0,244000,0,244000,244000
056255,華新科元富97購05,0,0,0,0,0,0,0,0,0,243000,0,0,0,243000,0,243000,243000
055287,日電貿元大97購01,0,0,0,0,0,0,0,0,0,243000,0,0,0,270000,27000,243000,243000
060769,國巨麥證9A購02  ,0,0,0,243000,0,243000,0,0,0,243000,0,0,0,243000,0,243000,243000
062135,國巨群益9B購05  ,0,0,0,0,0,0,0,0,0,243000,0,0,0,311000,68000,243000,243000
059878,聯茂凱基99購07  ,0,0,0,0,0,0,0,0,0,242000,0,0,0,242000,0,242000,242000
057307,瀚宇博兆豐99購01,0,0,0,0,0,0,0,0,0,242000,0,0,0,356000,114000,242000,242000
063360,茂林國泰9C購02  ,0,0,0,0,0,0,0,0,0,242000,0,0,0,411000,169000,242000,242000
056261,台積電統一97購07,0,0,0,0,0,0,0,0,0,241000,0,0,0,925000,684000,241000,241000
062800,奇力新統一01購02,0,0,0,0,0,0,0,0,0,239000,0,0,0,279000,40000,239000,239000
06491P,台積電富邦99售02,0,0,0,0,0,0,0,0,0,238000,0,0,0,412000,174000,238000,238000
051813,GIS凱基96購02   ,0,0,0,0,0,0,0,0,0,238000,0,0,0,238000,0,238000,238000
055876,美食元富9A購01  ,0,0,0,0,0,0,0,0,0,237000,0,0,0,237000,0,237000,237000
057874,可成元大99購02  ,0,0,0,0,0,0,0,0,0,237000,0,0,0,237000,0,237000,237000
059761,國巨永豐99購06  ,0,0,0,0,0,0,0,0,0,237000,0,0,0,237000,0,237000,237000
062539,可成國泰01購01  ,0,0,0,0,0,0,0,0,0,237000,0,0,0,622000,385000,237000,237000
061019,大毅國票9A購01  ,0,0,0,0,0,0,0,0,0,237000,0,0,0,297000,60000,237000,237000
054446,美食兆豐97購01  ,0,0,0,0,0,0,0,0,0,236000,0,0,0,443000,207000,236000,236000
060625,華擎元大9A購01  ,0,0,0,0,0,0,0,0,0,236000,0,0,0,296000,60000,236000,236000
061240,華新科兆豐9A購01,0,0,0,0,0,0,0,0,0,236000,0,0,0,286000,50000,236000,236000
00737,國泰AI+Robo     ,271000,0,271000,0,0,0,0,0,0,-36000,0,0,0,179000,215000,-36000,235000
060736,旺宏統一01購01  ,0,0,0,0,0,0,0,0,0,235000,0,0,0,323000,88000,235000,235000
062640,訊連國票9C購01  ,0,0,0,0,0,0,0,0,0,235000,0,0,0,273000,38000,235000,235000
1611,中電            ,440000,206000,234000,0,0,0,0,0,0,0,0,0,0,0,0,0,234000
059786,全新元大99購06  ,0,0,0,0,0,0,0,0,0,234000,0,0,0,241000,7000,234000,234000
056943,華通統一99購01  ,0,0,0,0,0,0,0,0,0,233000,0,0,0,343000,110000,233000,233000
057335,技嘉國票99購01  ,0,0,0,0,0,0,0,0,0,233000,0,0,0,330000,97000,233000,233000
060385,台勝科凱基9A購01,0,0,0,0,0,0,0,0,0,233000,0,0,0,315000,82000,233000,233000
060924,大毅永豐9A購03  ,0,0,0,0,0,0,0,0,0,233000,0,0,0,234000,1000,233000,233000
061856,台郡國票9B購02  ,0,0,0,0,0,0,0,0,0,233000,0,0,0,245000,12000,233000,233000
044864,道瓊反國票96購01,0,0,0,0,0,0,0,0,0,232000,0,0,0,232000,0,232000,232000
061512,國巨永豐9A購04  ,0,0,0,0,0,0,0,0,0,232000,0,0,0,232000,0,232000,232000
062606,聯電凱基9C購02  ,0,0,0,0,0,0,0,0,0,232000,0,0,0,308000,76000,232000,232000
3669,圓展            ,564000,330000,234000,0,0,0,0,0,0,-3000,0,3000,-3000,0,0,0,231000
056638,臺股指日盛98購01,0,0,0,0,0,0,0,0,0,231000,0,0,0,231000,0,231000,231000
056309,合勤控元大97購01,0,0,0,0,0,0,0,0,0,231000,0,0,0,459000,228000,231000,231000
058795,可成元大99購03  ,0,0,0,0,0,0,0,0,0,231000,0,0,0,231000,0,231000,231000
062296,南六永豐9B購02  ,0,0,0,0,0,0,0,0,0,231000,0,0,0,261000,30000,231000,231000
061703,信邦國票9A購01  ,0,0,0,0,0,0,0,0,0,231000,0,0,0,232000,1000,231000,231000
046147,道瓊指中信96購02,0,0,0,0,0,0,0,0,0,230000,0,0,0,230000,0,230000,230000
058494,可成群益9B購01  ,0,0,0,0,0,0,0,0,0,230000,0,0,0,264000,34000,230000,230000
057206,立積元富98購01  ,0,0,0,0,0,0,0,0,0,230000,0,0,0,320000,90000,230000,230000
057483,微星元大98購04  ,0,0,0,0,0,0,0,0,0,230000,0,0,0,230000,0,230000,230000
054695,世芯永豐98購01  ,0,0,0,0,0,0,0,0,0,229000,0,0,0,234000,5000,229000,229000
057552,禾伸堂凱基98購05,0,0,0,0,0,0,0,0,0,229000,0,0,0,244000,15000,229000,229000
061953,台積電台新9B購04,0,0,0,0,0,0,0,0,0,229000,0,0,0,260000,31000,229000,229000
061134,大成鋼統一9C購01,0,0,0,0,0,0,0,0,0,229000,0,0,0,277000,48000,229000,229000
061278,和大統一9A購01  ,0,0,0,0,0,0,0,0,0,229000,0,0,0,285000,56000,229000,229000
062913,創意元大9B購02  ,0,0,0,0,0,0,0,0,0,229000,0,0,0,337000,108000,229000,229000
06453P,群創元大9B售02  ,0,0,0,0,0,0,0,0,0,228000,0,0,0,255000,27000,228000,228000
063686,國巨永豐9B購04  ,0,0,0,0,0,0,0,0,0,228000,0,0,0,242000,14000,228000,228000
058999,台積電元大99購24,0,0,0,0,0,0,0,0,0,228000,0,0,0,242000,14000,228000,228000
057802,卜蜂元大98購01  ,0,0,0,0,0,0,0,0,0,228000,0,0,0,242000,14000,228000,228000
1439,中和            ,250000,23000,227000,0,0,0,0,0,0,0,0,0,0,0,0,0,227000
00641R,富邦日本反1     ,2000,35000,-33000,0,0,0,0,0,0,260000,0,0,0,470000,210000,260000,227000
060514,南電元大9A購02  ,0,0,0,0,0,0,0,0,0,227000,0,0,0,345000,118000,227000,227000
060238,強茂元大9C購01  ,0,0,0,0,0,0,0,0,0,227000,0,0,0,234000,7000,227000,227000
063135,國巨統一9B購16  ,0,0,0,0,0,0,0,0,0,227000,0,0,0,300000,73000,227000,227000
9944,新麗            ,283000,56000,227000,0,0,0,0,0,0,0,0,0,0,0,0,0,227000
9955,佳龍            ,243000,18000,225000,0,0,0,0,0,0,0,0,0,0,0,0,0,225000
061378,南六永豐9A購03  ,0,0,0,0,0,0,0,0,0,224000,0,0,0,250000,26000,224000,224000
055859,啟碁元大97購03  ,0,0,0,0,0,0,0,0,0,223000,0,0,0,278000,55000,223000,223000
055591,全新元大98購01  ,0,0,0,0,0,0,0,0,0,222000,0,0,0,222000,0,222000,222000
059054,國巨凱基99購11  ,0,0,0,0,0,0,0,0,0,222000,0,0,0,302000,80000,222000,222000
057958,禾伸堂元大99購05,0,0,0,0,0,0,0,0,0,222000,0,0,0,262000,40000,222000,222000
061462,國巨群益9A購11  ,0,0,0,0,0,0,0,0,0,222000,0,0,0,443000,221000,222000,222000
063289,台表科元大9B購07,0,0,0,0,0,0,0,0,0,222000,0,0,0,254000,32000,222000,222000
6414,樺漢            ,277000,167000,110000,0,0,0,80000,0,80000,32000,0,4000,-4000,44000,8000,36000,222000
3530,晶相光          ,250000,28000,222000,0,0,0,0,0,0,-1000,0,0,0,1000,2000,-1000,221000
061625,聯茂群益9A購02  ,0,0,0,0,0,0,0,0,0,221000,0,0,0,450000,229000,221000,221000
061650,南電元大9A購07  ,0,0,0,0,0,0,0,0,0,220000,0,0,0,400000,180000,220000,220000
063343,美律統一9C購01  ,0,0,0,0,0,0,0,0,0,220000,0,0,0,315000,95000,220000,220000
063773,可成富邦9C購01  ,0,0,0,0,0,0,0,0,0,219000,0,0,0,319000,100000,219000,219000
00635U,元大S&P黃金     ,20000,0,20000,0,0,0,0,0,0,199000,0,49000,-49000,440000,192000,248000,219000
057894,華通元富02購02  ,0,0,0,0,0,0,0,0,0,219000,0,0,0,292000,73000,219000,219000
059103,旭富元富99購03  ,0,0,0,0,0,0,0,0,0,219000,0,0,0,229000,10000,219000,219000
063200,瑞昱統一9C購01  ,0,0,0,0,0,0,0,0,0,219000,0,0,0,219000,0,219000,219000
062356,國巨元大9B購10  ,0,0,0,0,0,0,0,0,0,219000,0,0,0,251000,32000,219000,219000
062311,奇力新凱基9B購01,0,0,0,0,0,0,0,0,0,219000,0,0,0,219000,0,219000,219000
062458,全新群益9B購03  ,0,0,0,0,0,0,0,0,0,219000,0,0,0,219000,0,219000,219000
063504,國巨群益9C購06  ,0,0,0,0,0,0,0,0,0,218000,0,0,0,389000,171000,218000,218000
054137,聯詠元大97購02  ,0,0,0,0,0,0,0,0,0,218000,0,0,0,253000,35000,218000,218000
061123,燿華永豐9A購01  ,0,0,0,0,0,0,0,0,0,218000,0,0,0,293000,75000,218000,218000
056591,S&P正2元富9A購01,0,0,0,0,0,0,0,0,0,217000,0,0,0,217000,0,217000,217000
054788,華新科群益98購02,0,0,0,0,0,0,0,0,0,217000,0,0,0,217000,0,217000,217000
060025,台積電富邦9C購06,0,0,0,0,0,0,0,0,0,217000,0,0,0,228000,11000,217000,217000
057428,正崴兆豐98購01  ,0,0,0,0,0,0,0,0,0,217000,0,0,0,237000,20000,217000,217000
3019,亞光            ,573000,465310,107690,0,0,0,0,0,0,109000,95000,2000,93000,23000,7000,16000,216690
1474,弘裕            ,278000,62000,216000,0,0,0,0,0,0,0,0,0,0,0,0,0,216000
058722,台郡元富99購01  ,0,0,0,0,0,0,0,0,0,216000,0,0,0,411000,195000,216000,216000
058637,晶技兆豐99購01  ,0,0,0,0,0,0,0,0,0,216000,0,0,0,253000,37000,216000,216000
058327,大毅統一9B購01  ,0,0,0,0,0,0,0,0,0,216000,0,0,0,1105000,889000,216000,216000
062094,台積電富邦9C購12,0,0,0,0,0,0,0,0,0,216000,0,0,0,231000,15000,216000,216000
062549,中租永豐9B購01  ,0,0,0,0,0,0,0,0,0,216000,0,0,0,216000,0,216000,216000
062367,禾伸堂元大9B購02,0,0,0,0,0,0,0,0,0,216000,0,0,0,221000,5000,216000,216000
6196,帆宣            ,501000,423000,78000,0,0,0,0,0,0,138000,1000,0,1000,140000,3000,137000,216000
07743P,智邦凱基9A售03  ,0,0,0,0,0,0,0,0,0,215000,0,0,0,220000,5000,215000,215000
063782,致新永豐9B購02  ,0,0,0,0,0,0,0,0,0,215000,0,0,0,231000,16000,215000,215000
054378,楠梓電群益98購01,0,0,0,0,0,0,0,0,0,215000,0,0,0,291000,76000,215000,215000
052468,超眾統一96購02  ,0,0,0,0,0,0,0,0,0,215000,0,0,0,323000,108000,215000,215000
056991,牧德兆豐98購01  ,0,0,0,0,0,0,0,0,0,215000,0,0,0,559000,344000,215000,215000
059873,華新科凱基99購09,0,0,0,0,0,0,0,0,0,215000,0,0,0,235000,20000,215000,215000
060107,旭富元大99購03  ,0,0,0,0,0,0,0,0,0,215000,0,0,0,328000,113000,215000,215000
062142,喬山國票9B購01  ,0,0,0,0,0,0,0,0,0,215000,0,0,0,263000,48000,215000,215000
2379,瑞昱            ,799281,581687,217594,0,0,0,52000,10000,42000,-45000,16000,32000,-16000,3000,32000,-29000,214594
2484,希華            ,242000,29000,213000,0,0,0,0,0,0,1000,1000,0,1000,0,0,0,214000
08222P,南六凱基9B售05  ,0,0,0,0,0,0,0,0,0,214000,0,0,0,324000,110000,214000,214000
06674P,祥碩群益98售02  ,0,0,0,0,0,0,0,0,0,214000,0,0,0,374000,160000,214000,214000
058363,全新凱基9A購02  ,0,0,0,0,0,0,0,0,0,214000,0,0,0,249000,35000,214000,214000
060209,喬山康和9A購01  ,0,0,0,0,0,0,0,0,0,214000,0,0,0,220000,6000,214000,214000
056470,旺宏元大99購01  ,0,0,0,0,0,0,0,0,0,213000,0,0,0,213000,0,213000,213000
061361,世紀鋼兆豐9A購01,0,0,0,0,0,0,0,0,0,213000,0,0,0,231000,18000,213000,213000
8163,達方            ,574000,515000,59000,0,0,0,0,0,0,154000,30000,0,30000,132000,8000,124000,213000
058996,台達電元大99購02,0,0,0,0,0,0,0,0,0,212000,0,0,0,222000,10000,212000,212000
054197,台積電永昌96購07,0,0,0,0,0,0,0,0,0,212000,0,0,0,2635000,2423000,212000,212000
060799,茂林永豐9A購01  ,0,0,0,0,0,0,0,0,0,212000,0,0,0,291000,79000,212000,212000
063246,嘉晶元大9C購01  ,0,0,0,0,0,0,0,0,0,212000,0,0,0,425000,213000,212000,212000
062875,瑞昱兆豐9C購01  ,0,0,0,0,0,0,0,0,0,212000,0,0,0,259000,47000,212000,212000
3062,建漢            ,347000,136000,211000,0,0,0,0,0,0,0,0,0,0,0,0,0,211000
049255,旺宏元大97購02  ,0,0,0,0,0,0,0,0,0,211000,0,0,0,378000,167000,211000,211000
055531,華新科群益98購03,0,0,0,0,0,0,0,0,0,211000,0,0,0,326000,115000,211000,211000
059901,滬深2X元大9C購07,0,0,0,0,0,0,0,0,0,211000,0,0,0,211000,0,211000,211000
062395,台表科富邦9C購01,0,0,0,0,0,0,0,0,0,211000,0,0,0,356000,145000,211000,211000
07390P,華新科康和99售02,0,0,0,0,0,0,0,0,0,210000,0,0,0,210000,0,210000,210000
063761,嘉澤統一02購01  ,0,0,0,0,0,0,0,0,0,210000,0,0,0,217000,7000,210000,210000
052653,臺股指永豐97購01,0,0,0,0,0,0,0,0,0,210000,0,0,0,210000,0,210000,210000
056494,緯創國泰99購01  ,0,0,0,0,0,0,0,0,0,210000,0,0,0,210000,0,210000,210000
057283,欣興元大98購07  ,0,0,0,0,0,0,0,0,0,210000,0,0,0,315000,105000,210000,210000
057449,華新科元富99購02,0,0,0,0,0,0,0,0,0,210000,0,0,0,216000,6000,210000,210000
063294,美律麥證9B購01  ,0,0,0,264000,54000,210000,0,0,0,210000,0,0,0,264000,54000,210000,210000
061726,台積電麥證9A購05,0,0,0,210000,0,210000,0,0,0,210000,0,0,0,210000,0,210000,210000
061455,京元電凱基9B購01,0,0,0,0,0,0,0,0,0,210000,0,0,0,314000,104000,210000,210000
1730,花仙子          ,236000,27000,209000,0,0,0,0,0,0,0,0,0,0,0,0,0,209000
056519,創意國票99購01  ,0,0,0,0,0,0,0,0,0,209000,0,0,0,209000,0,209000,209000
056767,大毅元大99購01  ,0,0,0,0,0,0,0,0,0,209000,0,0,0,341000,132000,209000,209000
06652P,長榮航元大98售01,0,0,0,0,0,0,0,0,0,208000,0,0,0,468000,260000,208000,208000
053029,國巨第一96購01  ,0,0,0,0,0,0,0,0,0,208000,0,0,0,208000,0,208000,208000
1589,永冠-KY         ,214000,48000,166000,0,0,0,0,0,0,41000,42000,1000,41000,0,0,0,207000
057568,友訊永豐99購01  ,0,0,0,0,0,0,0,0,0,207000,0,0,0,470000,263000,207000,207000
059841,國巨富邦9C購01  ,0,0,0,0,0,0,0,0,0,207000,0,0,0,614000,407000,207000,207000
056855,祥碩中信98購02  ,0,0,0,0,0,0,0,0,0,207000,0,0,0,248000,41000,207000,207000
062084,台郡元大9B購04  ,0,0,0,0,0,0,0,0,0,207000,0,0,0,218000,11000,207000,207000
063012,技嘉元大9B購01  ,0,0,0,0,0,0,0,0,0,207000,0,0,0,489000,282000,207000,207000
055732,全新元富9A購01  ,0,0,0,0,0,0,0,0,0,206000,0,0,0,206000,0,206000,206000
062917,旭富元大9C購03  ,0,0,0,0,0,0,0,0,0,206000,0,0,0,259000,53000,206000,206000
063283,華新科元大9C購03,0,0,0,0,0,0,0,0,0,206000,0,0,0,240000,34000,206000,206000
063220,建準群益9B購01  ,0,0,0,0,0,0,0,0,0,206000,0,0,0,207000,1000,206000,206000
062620,台表科元大9B購04,0,0,0,0,0,0,0,0,0,206000,0,0,0,274000,68000,206000,206000
061898,茂林永豐9B購01  ,0,0,0,0,0,0,0,0,0,206000,0,0,0,306000,100000,206000,206000
061544,大毅群益9B購02  ,0,0,0,0,0,0,0,0,0,206000,0,0,0,300000,94000,206000,206000
2399,映泰            ,218000,13000,205000,0,0,0,0,0,0,0,0,0,0,0,0,0,205000
063953,世芯元大01購01  ,0,0,0,0,0,0,0,0,0,205000,0,0,0,210000,5000,205000,205000
060485,華新科富邦9C購04,0,0,0,0,0,0,0,0,0,205000,0,0,0,205000,0,205000,205000
062435,國巨元大9B購13  ,0,0,0,0,0,0,0,0,0,205000,0,0,0,254000,49000,205000,205000
6451,訊芯-KY         ,278000,75000,203000,0,0,0,0,0,0,2000,0,1000,-1000,5000,2000,3000,205000
2530,華建            ,238000,34000,204000,0,0,0,0,0,0,0,0,0,0,0,0,0,204000
054578,世芯元大99購01  ,0,0,0,0,0,0,0,0,0,204000,0,0,0,470000,266000,204000,204000
041991,元油2X國票98購01,0,0,0,0,0,0,0,0,0,204000,0,0,0,204000,0,204000,204000
062462,GIS群益9B購01   ,0,0,0,0,0,0,0,0,0,204000,0,0,0,309000,105000,204000,204000
062649,緯穎富邦9B購03  ,0,0,0,0,0,0,0,0,0,204000,0,0,0,220000,16000,204000,204000
061389,華新科群益9B購01,0,0,0,0,0,0,0,0,0,204000,0,0,0,216000,12000,204000,204000
058134,信邦元大99購01  ,0,0,0,0,0,0,0,0,0,203000,0,0,0,253000,50000,203000,203000
060733,和大統一9C購01  ,0,0,0,0,0,0,0,0,0,203000,0,0,0,203000,0,203000,203000
052152,創意富邦98購01  ,0,0,0,0,0,0,0,0,0,202000,0,0,0,501000,299000,202000,202000
053035,台表科兆豐97購01,0,0,0,0,0,0,0,0,0,202000,0,0,0,202000,0,202000,202000
058385,創意中信99購01  ,0,0,0,0,0,0,0,0,0,202000,0,0,0,356000,154000,202000,202000
2354,鴻準            ,836000,660352,175648,0,0,0,0,0,0,26000,29000,3000,26000,0,0,0,201648
2328,廣宇            ,377000,204000,173000,0,0,0,0,0,0,28000,18000,0,18000,10000,0,10000,201000
07993P,寶成群益9B售01  ,0,0,0,0,0,0,0,0,0,201000,0,0,0,201000,0,201000,201000
07706P,長榮航元大9A售03,0,0,0,0,0,0,0,0,0,201000,0,0,0,260000,59000,201000,201000
053196,康控元富96購01  ,0,0,0,0,0,0,0,0,0,201000,0,0,0,201000,0,201000,201000
047420,全新富邦97購01  ,0,0,0,0,0,0,0,0,0,201000,0,0,0,201000,0,201000,201000
059780,滬深2X元大9C購06,0,0,0,0,0,0,0,0,0,201000,0,0,0,201000,0,201000,201000
061315,滬深2X凱基9C購06,0,0,0,0,0,0,0,0,0,201000,0,0,0,201000,0,201000,201000
062932,滬深2X凱基01購01,0,0,0,0,0,0,0,0,0,201000,0,0,0,201000,0,201000,201000
07506P,中租元大9A售01  ,0,0,0,0,0,0,0,0,0,200000,0,0,0,200000,0,200000,200000
08210P,健策元富9B售02  ,0,0,0,0,0,0,0,0,0,200000,0,0,0,230000,30000,200000,200000
07371P,滬深2X元大99售07,0,0,0,0,0,0,0,0,0,200000,0,0,0,200000,0,200000,200000
07350P,台灣50國票99售11,0,0,0,0,0,0,0,0,0,200000,0,0,0,200000,0,200000,200000
052086,鴻海元大96購08  ,0,0,0,0,0,0,0,0,0,200000,0,0,0,200000,0,200000,200000
055509,訊芯元大97購03  ,0,0,0,0,0,0,0,0,0,200000,0,0,0,200000,0,200000,200000
056184,南亞科統一97購03,0,0,0,0,0,0,0,0,0,200000,0,0,0,200000,0,200000,200000
054879,大成鋼統一97購01,0,0,0,0,0,0,0,0,0,200000,0,0,0,200000,0,200000,200000
057775,南亞科群益98購02,0,0,0,0,0,0,0,0,0,200000,0,0,0,210000,10000,200000,200000
063087,南六凱基9C購02  ,0,0,0,0,0,0,0,0,0,200000,0,0,0,209000,9000,200000,200000
058577,南亞科群益99購02,0,0,0,0,0,0,0,0,0,199000,0,0,0,265000,66000,199000,199000
060729,國巨群益9A購05  ,0,0,0,0,0,0,0,0,0,199000,0,0,0,199000,0,199000,199000
6412,群電            ,418000,141000,277000,0,0,0,0,70000,-70000,-8000,2000,0,2000,10000,20000,-10000,199000
058970,鴻海永豐99購02  ,0,0,0,0,0,0,0,0,0,198000,0,0,0,201000,3000,198000,198000
055662,上銀中信99購01  ,0,0,0,0,0,0,0,0,0,198000,0,0,0,198000,0,198000,198000
06375P,矽力元大97售06  ,0,0,0,0,0,0,0,0,0,197000,0,0,0,197000,0,197000,197000
2636,台驊投控        ,151000,4000,147000,0,0,0,50000,0,50000,0,0,0,0,0,0,0,197000
060187,華新科元富9A購02,0,0,0,0,0,0,0,0,0,197000,0,0,0,217000,20000,197000,197000
062874,微星兆豐9B購01  ,0,0,0,0,0,0,0,0,0,197000,0,0,0,353000,156000,197000,197000
061476,大毅元大9A購02  ,0,0,0,0,0,0,0,0,0,197000,0,0,0,197000,0,197000,197000
2897,王道銀行        ,255000,59000,196000,0,0,0,0,0,0,0,0,0,0,0,0,0,196000
08213P,台光電統一9B售03,0,0,0,0,0,0,0,0,0,196000,0,0,0,328000,132000,196000,196000
054455,楠梓電群益98購02,0,0,0,0,0,0,0,0,0,196000,0,0,0,196000,0,196000,196000
054215,創意國票97購02  ,0,0,0,0,0,0,0,0,0,196000,0,0,0,236000,40000,196000,196000
051277,聯發科中信9A購01,0,0,0,0,0,0,0,0,0,196000,0,0,0,196000,0,196000,196000
057141,嘉聯益兆豐99購01,0,0,0,0,0,0,0,0,0,196000,0,0,0,196000,0,196000,196000
058108,台郡台新99購01  ,0,0,0,0,0,0,0,0,0,195000,0,0,0,201000,6000,195000,195000
063137,瑞昱統一01購02  ,0,0,0,0,0,0,0,0,0,195000,0,0,0,195000,0,195000,195000
062550,啟碁永豐9B購01  ,0,0,0,0,0,0,0,0,0,195000,0,0,0,214000,19000,195000,195000
2393,億光            ,711000,625000,86000,0,0,0,0,0,0,108000,26000,0,26000,83000,1000,82000,194000
058095,昇陽半元大98購03,0,0,0,0,0,0,0,0,0,194000,0,0,0,522000,328000,194000,194000
063244,華新科元大9B購11,0,0,0,0,0,0,0,0,0,194000,0,0,0,223000,29000,194000,194000
061077,國巨兆豐9B購01  ,0,0,0,0,0,0,0,0,0,194000,0,0,0,255000,61000,194000,194000
8110,華東            ,395000,194000,201000,0,0,0,0,0,0,-7000,1000,8000,-7000,0,0,0,194000
4746,台耀            ,554000,355000,199000,0,0,0,0,0,0,-5000,2000,7000,-5000,0,0,0,194000
06744P,嘉聯益永豐98售03,0,0,0,0,0,0,0,0,0,193000,0,0,0,193000,0,193000,193000
061360,智邦兆豐9B購02  ,0,0,0,0,0,0,0,0,0,193000,0,0,0,282000,89000,193000,193000
061620,禾伸堂群益9A購02,0,0,0,0,0,0,0,0,0,193000,0,0,0,343000,150000,193000,193000
062205,奇力新國票9C購01,0,0,0,0,0,0,0,0,0,193000,0,0,0,193000,0,193000,193000
6239,力成            ,1148790,1183115,-34325,0,0,0,228000,0,228000,-1000,8000,4000,4000,7000,12000,-5000,192675
063750,和鑫國票9B購01  ,0,0,0,0,0,0,0,0,0,192000,0,0,0,294000,102000,192000,192000
07892P,臺股指國票9B售02,0,0,0,0,0,0,0,0,0,192000,0,0,0,200000,8000,192000,192000
056271,嘉澤統一97購01  ,0,0,0,0,0,0,0,0,0,192000,0,0,0,192000,0,192000,192000
058271,訊連永豐99購01  ,0,0,0,0,0,0,0,0,0,192000,0,0,0,192000,0,192000,192000
062400,晶豪科永豐9B購02,0,0,0,0,0,0,0,0,0,192000,0,0,0,243000,51000,192000,192000
061798,晶豪科永豐9B購01,0,0,0,0,0,0,0,0,0,192000,0,0,0,200000,8000,192000,192000
063932,世芯統一01購01  ,0,0,0,0,0,0,0,0,0,191000,0,0,0,398000,207000,191000,191000
055437,禾伸堂中信99購01,0,0,0,0,0,0,0,0,0,191000,0,0,0,298000,107000,191000,191000
05545P,台表科國泰98售01,0,0,0,0,0,0,0,0,0,191000,0,0,0,191000,0,191000,191000
058518,玉晶光元大99購13,0,0,0,0,0,0,0,0,0,191000,0,0,0,252000,61000,191000,191000
062976,嘉澤元富9B購01  ,0,0,0,0,0,0,0,0,0,191000,0,0,0,201000,10000,191000,191000
06893P,致新元富98售02  ,0,0,0,0,0,0,0,0,0,190000,0,0,0,190000,0,190000,190000
057089,奇力新元富98購01,0,0,0,0,0,0,0,0,0,190000,0,0,0,190000,0,190000,190000
057882,華通群益9A購03  ,0,0,0,0,0,0,0,0,0,190000,0,0,0,192000,2000,190000,190000
057369,奇力新元大99購05,0,0,0,0,0,0,0,0,0,190000,0,0,0,200000,10000,190000,190000
062498,華通群益9C購04  ,0,0,0,0,0,0,0,0,0,190000,0,0,0,246000,56000,190000,190000
2615,萬海            ,484000,295000,189000,0,0,0,0,0,0,0,0,0,0,0,0,0,189000
059452,全新永豐99購03  ,0,0,0,0,0,0,0,0,0,189000,0,0,0,189000,0,189000,189000
062215,華通統一9B購01  ,0,0,0,0,0,0,0,0,0,189000,0,0,0,383000,194000,189000,189000
061062,和大凱基9A購02  ,0,0,0,0,0,0,0,0,0,189000,0,0,0,190000,1000,189000,189000
07263P,台積電元大99售37,0,0,0,0,0,0,0,0,0,188000,0,0,0,326000,138000,188000,188000
061242,玉晶光兆豐9B購02,0,0,0,0,0,0,0,0,0,188000,0,0,0,232000,44000,188000,188000
061767,信邦元大9B購01  ,0,0,0,0,0,0,0,0,0,188000,0,0,0,276000,88000,188000,188000
062486,瑞昱富邦9B購01  ,0,0,0,0,0,0,0,0,0,188000,0,0,0,456000,268000,188000,188000
063181,聚陽凱基9B購01  ,0,0,0,0,0,0,0,0,0,188000,0,0,0,238000,50000,188000,188000
063476,台表科元大9C購03,0,0,0,0,0,0,0,0,0,187000,0,0,0,509000,322000,187000,187000
051739,奇力新國票97購01,0,0,0,0,0,0,0,0,0,187000,0,0,0,251000,64000,187000,187000
050400,臻鼎中信97購01  ,0,0,0,0,0,0,0,0,0,187000,0,0,0,187000,0,187000,187000
057083,立積統一98購01  ,0,0,0,0,0,0,0,0,0,187000,0,0,0,187000,0,187000,187000
057684,聯茂日盛99購01  ,0,0,0,0,0,0,0,0,0,187000,0,0,0,197000,10000,187000,187000
063100,聚陽群益9C購02  ,0,0,0,0,0,0,0,0,0,187000,0,0,0,323000,136000,187000,187000
062372,旭富元大9B購01  ,0,0,0,0,0,0,0,0,0,187000,0,0,0,214000,27000,187000,187000
061663,南六永豐9A購05  ,0,0,0,0,0,0,0,0,0,187000,0,0,0,188000,1000,187000,187000
060793,微星永豐9A購01  ,0,0,0,0,0,0,0,0,0,187000,0,0,0,199000,12000,187000,187000
4426,利勤            ,228000,45000,183000,0,0,0,0,0,0,4000,5000,0,5000,5000,6000,-1000,187000
2905,三商            ,325000,138787,186213,0,0,0,0,0,0,0,0,0,0,0,0,0,186213
055235,金寶台新98購01  ,0,0,0,0,0,0,0,0,0,186000,0,0,0,391000,205000,186000,186000
060156,光磊永豐9A購01  ,0,0,0,0,0,0,0,0,0,186000,0,0,0,293000,107000,186000,186000
062474,台表科凱基9C購01,0,0,0,0,0,0,0,0,0,186000,0,0,0,186000,0,186000,186000
4155,訊映            ,205000,20000,185000,0,0,0,0,0,0,1000,1000,0,1000,0,0,0,186000
1762,中化生          ,789000,607000,182000,0,0,0,0,0,0,3000,3000,0,3000,0,0,0,185000
07837P,華邦電元大9A售01,0,0,0,0,0,0,0,0,0,185000,0,0,0,190000,5000,185000,185000
063487,國巨國泰01購02  ,0,0,0,0,0,0,0,0,0,185000,0,0,0,261000,76000,185000,185000
061452,大成鋼凱基9A購01,0,0,0,0,0,0,0,0,0,185000,0,0,0,189000,4000,185000,185000
063620,奇力新兆豐9B購01,0,0,0,0,0,0,0,0,0,184000,0,0,0,262000,78000,184000,184000
3413,京鼎            ,477000,364000,113000,0,0,0,0,0,0,71000,13000,10000,3000,76000,8000,68000,184000
4916,事欣科          ,208000,24000,184000,0,0,0,0,0,0,0,0,0,0,0,0,0,184000
8213,志超            ,930000,793000,137000,0,0,0,0,0,0,47000,1000,0,1000,70000,24000,46000,184000
06851P,鈺齊元大98售01  ,0,0,0,0,0,0,0,0,0,183000,0,0,0,228000,45000,183000,183000
054059,欣興國票97購03  ,0,0,0,0,0,0,0,0,0,183000,0,0,0,183000,0,183000,183000
056922,全新兆豐99購01  ,0,0,0,0,0,0,0,0,0,183000,0,0,0,198000,15000,183000,183000
059307,T50反1元大99購06,0,0,0,0,0,0,0,0,0,183000,0,0,0,285000,102000,183000,183000
059870,全新凱基99購05  ,0,0,0,0,0,0,0,0,0,183000,0,0,0,218000,35000,183000,183000
052986,聯發科元大97購05,0,0,0,0,0,0,0,0,0,182000,0,0,0,182000,0,182000,182000
056524,欣興中信98購02  ,0,0,0,0,0,0,0,0,0,182000,0,0,0,182000,0,182000,182000
057393,台積電中信02購01,0,0,0,0,0,0,0,0,0,182000,0,0,0,182000,0,182000,182000
063378,茂林永豐9B購02  ,0,0,0,0,0,0,0,0,0,182000,0,0,0,294000,112000,182000,182000
07022P,嘉晶永豐99售02  ,0,0,0,0,0,0,0,0,0,181000,0,0,0,195000,14000,181000,181000
1337,再生-KY         ,183000,3000,180000,0,0,0,0,0,0,1000,1000,0,1000,0,0,0,181000
055525,國巨群益98購05  ,0,0,0,0,0,0,0,0,0,181000,0,0,0,211000,30000,181000,181000
054067,百和國票97購03  ,0,0,0,0,0,0,0,0,0,181000,0,0,0,181000,0,181000,181000
059954,華新科康和99購01,0,0,0,0,0,0,0,0,0,181000,0,0,0,190000,9000,181000,181000
057773,技嘉群益9A購02  ,0,0,0,0,0,0,0,0,0,181000,0,0,0,272000,91000,181000,181000
057112,立積群益99購01  ,0,0,0,0,0,0,0,0,0,181000,0,0,0,466000,285000,181000,181000
063191,台表科凱基9B購03,0,0,0,0,0,0,0,0,0,181000,0,0,0,310000,129000,181000,181000
2239,英利-KY         ,110000,160000,-50000,0,0,0,230000,0,230000,0,0,0,0,0,0,0,180000
063820,華邦電麥證01購01,0,0,0,200000,50000,150000,0,0,0,180000,0,0,0,230000,50000,180000,180000
055209,勤誠康和97購01  ,0,0,0,0,0,0,0,0,0,180000,0,0,0,180000,0,180000,180000
062807,和碩統一9B購01  ,0,0,0,0,0,0,0,0,0,180000,0,0,0,182000,2000,180000,180000
062710,盛群元大9B購01  ,0,0,0,0,0,0,0,0,0,180000,0,0,0,351000,171000,180000,180000
062307,華通凱基9C購01  ,0,0,0,0,0,0,0,0,0,180000,0,0,0,180000,0,180000,180000
062227,南六統一01購02  ,0,0,0,0,0,0,0,0,0,180000,0,0,0,554000,374000,180000,180000
062058,瑞昱統一01購01  ,0,0,0,0,0,0,0,0,0,180000,0,0,0,200000,20000,180000,180000
061028,聚陽永豐9A購01  ,0,0,0,0,0,0,0,0,0,180000,0,0,0,261000,81000,180000,180000
060912,華新科元大9A購10,0,0,0,0,0,0,0,0,0,180000,0,0,0,192000,12000,180000,180000
063609,南電凱基9B購05  ,0,0,0,0,0,0,0,0,0,179000,0,0,0,180000,1000,179000,179000
061651,世紀鋼元大9C購02,0,0,0,0,0,0,0,0,0,179000,0,0,0,193000,14000,179000,179000
063070,奇力新富邦01購01,0,0,0,0,0,0,0,0,0,179000,0,0,0,199000,20000,179000,179000
6214,精誠            ,287000,119000,168000,0,0,0,0,0,0,11000,11000,0,11000,0,0,0,179000
3356,奇偶            ,192000,14000,178000,0,0,0,0,0,0,0,0,0,0,0,0,0,178000
059290,全新元富99購01  ,0,0,0,0,0,0,0,0,0,178000,0,0,0,201000,23000,178000,178000
5225,東科-KY         ,200000,22000,178000,0,0,0,0,0,0,0,0,0,0,0,0,0,178000
063023,華擎元大9B購02  ,0,0,0,0,0,0,0,0,0,177000,0,0,0,320000,143000,177000,177000
4572,駐龍            ,214000,37000,177000,0,0,0,0,0,0,0,0,0,0,0,0,0,177000
6491,晶碩            ,125000,138000,-13000,0,0,0,172000,0,172000,18000,19000,1000,18000,0,0,0,177000
06603P,立積統一99售01  ,0,0,0,0,0,0,0,0,0,176000,0,0,0,226000,50000,176000,176000
055343,國巨凱基97購03  ,0,0,0,0,0,0,0,0,0,176000,0,0,0,176000,0,176000,176000
058364,奇力新凱基99購04,0,0,0,0,0,0,0,0,0,176000,0,0,0,185000,9000,176000,176000
063470,泰鼎元大9B購03  ,0,0,0,0,0,0,0,0,0,175000,0,0,0,175000,0,175000,175000
3031,佰鴻            ,176000,2000,174000,0,0,0,0,0,0,1000,1000,0,1000,0,0,0,175000
054088,華新群益98購02  ,0,0,0,0,0,0,0,0,0,175000,0,0,0,185000,10000,175000,175000
03414B,臺股指凱基99熊01,30000,50000,-20000,0,0,0,0,0,0,195000,0,0,0,637000,442000,195000,175000
060878,奇力新中信9C購01,0,0,0,0,0,0,0,0,0,175000,0,0,0,297000,122000,175000,175000
061373,華通富邦9A購02  ,0,0,0,0,0,0,0,0,0,175000,0,0,0,453000,278000,175000,175000
6443,元晶            ,206000,31000,175000,0,0,0,0,0,0,0,0,0,0,0,0,0,175000
2108,南帝            ,264000,155000,109000,0,0,0,0,0,0,65000,65000,0,65000,0,0,0,174000
047780,友達中信96購01  ,0,0,0,0,0,0,0,0,0,174000,0,0,0,174000,0,174000,174000
053644,台表科國票97購03,0,0,0,0,0,0,0,0,0,174000,0,0,0,174000,0,174000,174000
058588,致茂中信9B購01  ,0,0,0,0,0,0,0,0,0,174000,0,0,0,305000,131000,174000,174000
060998,華通兆豐9A購01  ,0,0,0,0,0,0,0,0,0,174000,0,0,0,200000,26000,174000,174000
062208,旭富國票9C購01  ,0,0,0,0,0,0,0,0,0,174000,0,0,0,219000,45000,174000,174000
054221,華新科統一96購05,0,0,0,0,0,0,0,0,0,173000,0,0,0,273000,100000,173000,173000
3617,碩天            ,177000,5000,172000,0,0,0,0,0,0,0,0,2000,-2000,2000,0,2000,172000
056788,日月光群益98購01,0,0,0,0,0,0,0,0,0,172000,0,0,0,192000,20000,172000,172000
059836,大立光國泰9B購02,0,0,0,0,0,0,0,0,0,172000,0,0,0,201000,29000,172000,172000
057174,南亞科元大98購05,0,0,0,0,0,0,0,0,0,172000,0,0,0,182000,10000,172000,172000
060195,旭富元富9A購02  ,0,0,0,0,0,0,0,0,0,172000,0,0,0,185000,13000,172000,172000
062425,可成統一01購01  ,0,0,0,0,0,0,0,0,0,172000,0,0,0,172000,0,172000,172000
061834,華新科凱基02購02,0,0,0,0,0,0,0,0,0,172000,0,0,0,172000,0,172000,172000
1449,佳和            ,225000,54000,171000,0,0,0,0,0,0,0,0,0,0,0,0,0,171000
059805,台積電元富99購02,0,0,0,0,0,0,0,0,0,171000,0,0,0,171000,0,171000,171000
2520,冠德            ,748000,567000,181000,0,0,0,0,80000,-80000,69000,80000,0,80000,0,11000,-11000,170000
06760P,台積電元大98售18,0,0,0,0,0,0,0,0,0,170000,0,0,0,170000,0,170000,170000
054563,泰碩群益99購01  ,0,0,0,0,0,0,0,0,0,170000,0,0,0,215000,45000,170000,170000
054684,裕隆永豐97購01  ,0,0,0,0,0,0,0,0,0,170000,0,0,0,171000,1000,170000,170000
050568,為升中信97購01  ,0,0,0,0,0,0,0,0,0,170000,0,0,0,170000,0,170000,170000
053439,台積電凱基96購11,0,0,0,0,0,0,0,0,0,170000,0,0,0,278000,108000,170000,170000
056716,康舒永豐98購01  ,0,0,0,0,0,0,0,0,0,170000,0,0,0,170000,0,170000,170000
057374,禾伸堂元大99購03,0,0,0,0,0,0,0,0,0,170000,0,0,0,206000,36000,170000,170000
057119,微星康和98購01  ,0,0,0,0,0,0,0,0,0,170000,0,0,0,202000,32000,170000,170000
062881,緯創兆豐9C購01  ,0,0,0,0,0,0,0,0,0,170000,0,0,0,191000,21000,170000,170000
4551,智伸科          ,194000,169000,25000,0,0,0,182000,0,182000,-37000,2000,25000,-23000,1000,15000,-14000,170000
063879,台積電元富9C購01,0,0,0,0,0,0,0,0,0,169000,0,0,0,490000,321000,169000,169000
054217,台表科國票97購05,0,0,0,0,0,0,0,0,0,169000,0,0,0,172000,3000,169000,169000
058797,大毅元大99購03  ,0,0,0,0,0,0,0,0,0,169000,0,0,0,169000,0,169000,169000
060106,旭富元大99購02  ,0,0,0,0,0,0,0,0,0,169000,0,0,0,229000,60000,169000,169000
063125,華擎元大9C購02  ,0,0,0,0,0,0,0,0,0,169000,0,0,0,258000,89000,169000,169000
061796,興勤永豐9B購01  ,0,0,0,0,0,0,0,0,0,169000,0,0,0,169000,0,169000,169000
061155,華新科群益9A購06,0,0,0,0,0,0,0,0,0,169000,0,0,0,170000,1000,169000,169000
9910,豐泰            ,875000,471316,403684,0,0,0,40000,302000,-262000,26000,40000,14000,26000,0,0,0,167684
063819,致新群益9C購01  ,0,0,0,0,0,0,0,0,0,167000,0,0,0,192000,25000,167000,167000
063621,華新科兆豐9B購02,0,0,0,0,0,0,0,0,0,167000,0,0,0,177000,10000,167000,167000
06431P,新日興元大97售05,0,0,0,0,0,0,0,0,0,167000,0,0,0,277000,110000,167000,167000
07687P,上銀元大9A售06  ,0,0,0,0,0,0,0,0,0,167000,0,0,0,200000,33000,167000,167000
08258P,旺宏元大9C售04  ,0,0,0,0,0,0,0,0,0,167000,0,0,0,180000,13000,167000,167000
056503,楠梓電永豐98購01,0,0,0,0,0,0,0,0,0,167000,0,0,0,177000,10000,167000,167000
058507,美律元大9A購01  ,0,0,0,0,0,0,0,0,0,167000,0,0,0,272000,105000,167000,167000
061231,聚陽元大9A購02  ,0,0,0,0,0,0,0,0,0,167000,0,0,0,197000,30000,167000,167000
062832,嘉澤群益9B購02  ,0,0,0,0,0,0,0,0,0,167000,0,0,0,262000,95000,167000,167000
055698,茂林國票98購03  ,0,0,0,0,0,0,0,0,0,166000,0,0,0,192000,26000,166000,166000
058930,華新科統一9B購01,0,0,0,0,0,0,0,0,0,166000,0,0,0,260000,94000,166000,166000
060329,鎧勝群益9B購01  ,0,0,0,0,0,0,0,0,0,166000,0,0,0,226000,60000,166000,166000
057927,勤誠凱基98購01  ,0,0,0,0,0,0,0,0,0,166000,0,0,0,166000,0,166000,166000
059932,世紀鋼富邦9A購02,0,0,0,0,0,0,0,0,0,166000,0,0,0,600000,434000,166000,166000
058725,美律富邦9A購01  ,0,0,0,0,0,0,0,0,0,166000,0,0,0,238000,72000,166000,166000
061187,瀚宇博國泰9C購01,0,0,0,0,0,0,0,0,0,166000,0,0,0,201000,35000,166000,166000
08278P,玉晶光元富9C售02,0,0,0,0,0,0,0,0,0,165000,0,0,0,200000,35000,165000,165000
07825P,健策國泰9B售04  ,0,0,0,0,0,0,0,0,0,165000,0,0,0,165000,0,165000,165000
056552,台表科凱基99購01,0,0,0,0,0,0,0,0,0,165000,0,0,0,168000,3000,165000,165000
060978,國巨元大9A購13  ,0,0,0,0,0,0,0,0,0,165000,0,0,0,185000,20000,165000,165000
062319,南六凱基9B購02  ,0,0,0,0,0,0,0,0,0,165000,0,0,0,184000,19000,165000,165000
062687,華擎統一01購02  ,0,0,0,0,0,0,0,0,0,165000,0,0,0,529000,364000,165000,165000
3047,訊舟            ,203000,41000,162000,0,0,0,0,0,0,2000,2000,0,2000,0,0,0,164000
058587,台積電中信9C購03,0,0,0,0,0,0,0,0,0,164000,0,0,0,232000,68000,164000,164000
060758,台積電元大9A購19,0,0,0,0,0,0,0,0,0,164000,0,0,0,360000,196000,164000,164000
060409,味全永豐9A購01  ,0,0,0,0,0,0,0,0,0,164000,0,0,0,282000,118000,164000,164000
063267,台表科中信01購02,0,0,0,0,0,0,0,0,0,164000,0,0,0,221000,57000,164000,164000
060641,聯鈞永豐9A購01  ,0,0,0,0,0,0,0,0,0,163000,0,0,0,163000,0,163000,163000
058505,台積電元大99購08,0,0,0,0,0,0,0,0,0,163000,0,0,0,163000,0,163000,163000
058047,可成元大98購11  ,0,0,0,0,0,0,0,0,0,163000,0,0,0,163000,0,163000,163000
5288,豐祥-KY         ,118000,14000,104000,0,0,0,49000,0,49000,10000,10000,0,10000,0,0,0,163000
2617,台航            ,326000,166000,160000,0,0,0,0,0,0,2000,2000,0,2000,0,0,0,162000
1466,聚隆            ,1000,0,1000,0,0,0,0,0,0,161000,0,1000,-1000,162000,0,162000,162000
063735,華新科元大9B購15,0,0,0,0,0,0,0,0,0,161000,0,0,0,164000,3000,161000,161000
061427,旭富元大9A購02  ,0,0,0,0,0,0,0,0,0,161000,0,0,0,397000,236000,161000,161000
064049,信邦統一01購01  ,0,0,0,0,0,0,0,0,0,160000,0,0,0,170000,10000,160000,160000
06600P,貿聯永豐98售01  ,0,0,0,0,0,0,0,0,0,160000,0,0,0,180000,20000,160000,160000
2464,盟立            ,229000,69000,160000,0,0,0,0,0,0,0,1000,0,1000,0,1000,-1000,160000
07945P,上銀國票9B售02  ,0,0,0,0,0,0,0,0,0,160000,0,0,0,200000,40000,160000,160000
056398,南茂永豐98購01  ,0,0,0,0,0,0,0,0,0,160000,0,0,0,304000,144000,160000,160000
056136,京鼎元大98購01  ,0,0,0,0,0,0,0,0,0,160000,0,0,0,230000,70000,160000,160000
054005,旺宏統一97購04  ,0,0,0,0,0,0,0,0,0,160000,0,0,0,280000,120000,160000,160000
054006,智易統一97購01  ,0,0,0,0,0,0,0,0,0,160000,0,0,0,160000,0,160000,160000
052546,友達中信98購01  ,0,0,0,0,0,0,0,0,0,160000,0,0,0,160000,0,160000,160000
058309,大毅元大99購02  ,0,0,0,0,0,0,0,0,0,160000,0,0,0,172000,12000,160000,160000
059646,聯茂凱基99購06  ,0,0,0,0,0,0,0,0,0,160000,0,0,0,160000,0,160000,160000
060566,聯詠富邦9C購01  ,0,0,0,0,0,0,0,0,0,160000,0,0,0,256000,96000,160000,160000
061049,奇力新中信9A購02,0,0,0,0,0,0,0,0,0,160000,0,0,0,160000,0,160000,160000
061484,華通兆豐9B購01  ,0,0,0,0,0,0,0,0,0,160000,0,0,0,160000,0,160000,160000
6226,光鼎            ,187000,17000,170000,0,0,0,0,0,0,-10000,0,10000,-10000,0,0,0,160000
056755,聯茂兆豐98購01  ,0,0,0,0,0,0,0,0,0,159000,0,0,0,192000,33000,159000,159000
060421,華擎永豐9A購01  ,0,0,0,0,0,0,0,0,0,159000,0,0,0,171000,12000,159000,159000
06662P,玉晶光中信9A售01,0,0,0,0,0,0,0,0,0,158000,0,0,0,458000,300000,158000,158000
07257P,臺股指凱基99售37,0,0,0,0,0,0,0,0,0,158000,0,0,0,158000,0,158000,158000
056144,GIS元大98購01   ,0,0,0,0,0,0,0,0,0,158000,0,0,0,239000,81000,158000,158000
06645P,上銀元大98售05  ,0,0,0,0,0,0,0,0,0,157000,0,0,0,189000,32000,157000,157000
058203,信邦凱基99購01  ,0,0,0,0,0,0,0,0,0,157000,0,0,0,165000,8000,157000,157000
058608,華新科元大99購13,0,0,0,0,0,0,0,0,0,157000,0,0,0,197000,40000,157000,157000
059343,宏達電凱基99購04,0,0,0,0,0,0,0,0,0,157000,0,0,0,179000,22000,157000,157000
062028,晶技群益9B購01  ,0,0,0,0,0,0,0,0,0,157000,0,0,0,309000,152000,157000,157000
9940,信義            ,159000,2592,156408,0,0,0,0,0,0,0,0,0,0,0,0,0,156408
056215,華新科國票97購03,0,0,0,0,0,0,0,0,0,156000,0,0,0,282000,126000,156000,156000
056247,台郡群益97購01  ,0,0,0,0,0,0,0,0,0,156000,0,0,0,206000,50000,156000,156000
051903,T50反1元大97購02,0,0,0,0,0,0,0,0,0,156000,0,0,0,156000,0,156000,156000
057347,國巨統一9A購03  ,0,0,0,0,0,0,0,0,0,156000,0,0,0,526000,370000,156000,156000
063128,智伸科元大9B購01,0,0,0,0,0,0,0,0,0,156000,0,0,0,318000,162000,156000,156000
059772,可成群益9A購05  ,0,0,0,0,0,0,0,0,0,155000,0,0,0,171000,16000,155000,155000
057514,華新科元富99購03,0,0,0,0,0,0,0,0,0,155000,0,0,0,255000,100000,155000,155000
058213,欣興群益99購01  ,0,0,0,0,0,0,0,0,0,155000,0,0,0,173000,18000,155000,155000
057103,禾伸堂中信9A購01,0,0,0,0,0,0,0,0,0,155000,0,0,0,185000,30000,155000,155000
059276,可成元大99購06  ,0,0,0,0,0,0,0,0,0,154000,0,0,0,193000,39000,154000,154000
062578,超眾群益9B購01  ,0,0,0,0,0,0,0,0,0,154000,0,0,0,174000,20000,154000,154000
061837,華新科凱基05購02,0,0,0,0,0,0,0,0,0,154000,0,0,0,169000,15000,154000,154000
055983,全新元富9A購02  ,0,0,0,0,0,0,0,0,0,153000,0,0,0,203000,50000,153000,153000
056448,全新凱基99購01  ,0,0,0,0,0,0,0,0,0,153000,0,0,0,153000,0,153000,153000
05990P,台積電群益96售13,0,0,0,0,0,0,0,0,0,153000,0,0,0,153000,0,153000,153000
059695,聯鈞永豐99購02  ,0,0,0,0,0,0,0,0,0,153000,0,0,0,244000,91000,153000,153000
058146,勤誠元大99購01  ,0,0,0,0,0,0,0,0,0,153000,0,0,0,233000,80000,153000,153000
061989,晶技元大9B購04  ,0,0,0,0,0,0,0,0,0,153000,0,0,0,158000,5000,153000,153000
063013,技嘉元大9B購02  ,0,0,0,0,0,0,0,0,0,153000,0,0,0,484000,331000,153000,153000
5519,隆大            ,212000,60000,152000,0,0,0,0,0,0,1000,1000,0,1000,0,0,0,153000
1733,五鼎            ,170000,18000,152000,0,0,0,0,0,0,0,1000,1000,0,0,0,0,152000
056241,緯創群益97購01  ,0,0,0,0,0,0,0,0,0,152000,0,0,0,152000,0,152000,152000
054308,嘉晶凱基98購01  ,0,0,0,0,0,0,0,0,0,152000,0,0,0,152000,0,152000,152000
057569,光磊永豐98購03  ,0,0,0,0,0,0,0,0,0,152000,0,0,0,152000,0,152000,152000
062854,日電貿永豐9B購01,0,0,0,0,0,0,0,0,0,152000,0,0,0,152000,0,152000,152000
062619,台表科元大9B購03,0,0,0,0,0,0,0,0,0,152000,0,0,0,178000,26000,152000,152000
062369,創意元大9B購01  ,0,0,0,0,0,0,0,0,0,152000,0,0,0,172000,20000,152000,152000
061925,禾伸堂凱基9C購01,0,0,0,0,0,0,0,0,0,152000,0,0,0,173000,21000,152000,152000
060894,奇力新凱基9A購03,0,0,0,0,0,0,0,0,0,152000,0,0,0,172000,20000,152000,152000
061113,南電元大9A購03  ,0,0,0,0,0,0,0,0,0,152000,0,0,0,308000,156000,152000,152000
6416,瑞祺電通        ,347000,110000,237000,0,0,0,57000,194000,-137000,52000,24000,28000,-4000,64000,8000,56000,152000
1592,英瑞-KY         ,175000,24000,151000,0,0,0,0,0,0,0,0,0,0,0,0,0,151000
056842,全新元富98購01  ,0,0,0,0,0,0,0,0,0,151000,0,0,0,249000,98000,151000,151000
060642,華擎永豐9A購02  ,0,0,0,0,0,0,0,0,0,151000,0,0,0,155000,4000,151000,151000
061597,南六永豐9A購04  ,0,0,0,0,0,0,0,0,0,151000,0,0,0,168000,17000,151000,151000
062154,國巨凱基9C購02  ,0,0,0,0,0,0,0,0,0,151000,0,0,0,162000,11000,151000,151000
063320,旭富群益9B購03  ,0,0,0,0,0,0,0,0,0,151000,0,0,0,247000,96000,151000,151000
055399,超眾統一99購01  ,0,0,0,0,0,0,0,0,0,150000,0,0,0,150000,0,150000,150000
051425,昇陽半國票97購01,0,0,0,0,0,0,0,0,0,150000,0,0,0,150000,0,150000,150000
050566,高股息中信97購02,0,0,0,0,0,0,0,0,0,150000,0,0,0,150000,0,150000,150000
047673,瑞昱元富96購01  ,0,0,0,0,0,0,0,0,0,150000,0,0,0,150000,0,150000,150000
056141,聯茂元大97購05  ,0,0,0,0,0,0,0,0,0,150000,0,0,0,150000,0,150000,150000
062957,鴻海麥證9C購01  ,0,0,0,150000,0,150000,0,0,0,150000,0,0,0,150000,0,150000,150000
06208P,台郡凱基97售03  ,0,0,0,0,0,0,0,0,0,150000,0,0,0,150000,0,150000,150000
060920,超眾富邦9B購01  ,0,0,0,0,0,0,0,0,0,150000,0,0,0,263000,113000,150000,150000
6282,康舒            ,590000,423000,167000,0,0,0,0,0,0,-17000,1000,0,1000,0,18000,-18000,150000
3016,嘉晶            ,1396000,894000,502000,0,0,0,0,0,0,-353000,2000,1000,1000,47000,401000,-354000,149000
053401,臺股指中信99購01,0,0,0,0,0,0,0,0,0,149000,0,0,0,149000,0,149000,149000
057938,台表科群益98購02,0,0,0,0,0,0,0,0,0,149000,0,0,0,163000,14000,149000,149000
061580,華擎元大9A購06  ,0,0,0,0,0,0,0,0,0,149000,0,0,0,156000,7000,149000,149000
048651,美利達元大96購05,0,0,0,0,0,0,0,0,0,148000,0,0,0,264000,116000,148000,148000
057779,禾伸堂群益98購02,0,0,0,0,0,0,0,0,0,148000,0,0,0,191000,43000,148000,148000
062996,致茂國票9C購01  ,0,0,0,0,0,0,0,0,0,148000,0,0,0,193000,45000,148000,148000
059853,超眾永豐99購03  ,0,0,0,0,0,0,0,0,0,147000,0,0,0,157000,10000,147000,147000
058614,台郡元大9A購01  ,0,0,0,0,0,0,0,0,0,147000,0,0,0,348000,201000,147000,147000
063166,超眾永豐9B購01  ,0,0,0,0,0,0,0,0,0,147000,0,0,0,147000,0,147000,147000
3419,譁裕            ,150000,5000,145000,0,0,0,0,0,0,1000,1000,0,1000,0,0,0,146000
07791P,奇鋐元大9A售02  ,0,0,0,0,0,0,0,0,0,146000,0,0,0,150000,4000,146000,146000
056846,晶相光元富98購01,0,0,0,0,0,0,0,0,0,146000,0,0,0,154000,8000,146000,146000
060504,技嘉元大9A購02  ,0,0,0,0,0,0,0,0,0,146000,0,0,0,184000,38000,146000,146000
060284,南港元大01購01  ,0,0,0,0,0,0,0,0,0,146000,0,0,0,359000,213000,146000,146000
061714,華新科凱基9A購15,0,0,0,0,0,0,0,0,0,146000,0,0,0,146000,0,146000,146000
6168,宏齊            ,156000,11000,145000,0,0,0,0,0,0,1000,1000,0,1000,0,0,0,146000
063551,美食國票9B購02  ,0,0,0,0,0,0,0,0,0,145000,0,0,0,152000,7000,145000,145000
058883,旭富永豐99購01  ,0,0,0,0,0,0,0,0,0,145000,0,0,0,205000,60000,145000,145000
4532,瑞智            ,157000,13000,144000,0,0,0,0,0,0,1000,1000,0,1000,0,0,0,145000
063893,微星群益9C購01  ,0,0,0,0,0,0,0,0,0,144000,0,0,0,555000,411000,144000,144000
1608,華榮            ,284000,141000,143000,0,0,0,0,0,0,1000,1000,0,1000,0,0,0,144000
054558,劍麟群益99購01  ,0,0,0,0,0,0,0,0,0,144000,0,0,0,341000,197000,144000,144000
061564,華擎國票9A購02  ,0,0,0,0,0,0,0,0,0,144000,0,0,0,160000,16000,144000,144000
061347,創意元大9A購02  ,0,0,0,0,0,0,0,0,0,144000,0,0,0,519000,375000,144000,144000
060789,禾伸堂富邦9B購02,0,0,0,0,0,0,0,0,0,143000,0,0,0,149000,6000,143000,143000
061419,國巨元大9A購21  ,0,0,0,0,0,0,0,0,0,143000,0,0,0,143000,0,143000,143000
062336,茂林統一01購02  ,0,0,0,0,0,0,0,0,0,143000,0,0,0,195000,52000,143000,143000
3018,同開            ,147000,5000,142000,0,0,0,0,0,0,0,0,0,0,0,0,0,142000
055085,大毅國票97購01  ,0,0,0,0,0,0,0,0,0,142000,0,0,0,162000,20000,142000,142000
056852,矽格元富98購01  ,0,0,0,0,0,0,0,0,0,142000,0,0,0,242000,100000,142000,142000
059360,全新永豐99購02  ,0,0,0,0,0,0,0,0,0,142000,0,0,0,142000,0,142000,142000
060015,國巨康和99購03  ,0,0,0,0,0,0,0,0,0,142000,0,0,0,152000,10000,142000,142000
063336,大成鋼統一9C購02,0,0,0,0,0,0,0,0,0,142000,0,0,0,165000,23000,142000,142000
2231,為升            ,179000,38000,141000,0,0,0,0,0,0,0,4000,0,4000,3000,7000,-4000,141000
055373,聯詠元大97購03  ,0,0,0,0,0,0,0,0,0,141000,0,0,0,149000,8000,141000,141000
060098,華新科元大99購24,0,0,0,0,0,0,0,0,0,141000,0,0,0,151000,10000,141000,141000
060958,儒鴻凱基9A購02  ,0,0,0,0,0,0,0,0,0,141000,0,0,0,321000,180000,141000,141000
2013,中鋼構          ,213000,70000,143000,0,0,0,0,0,0,-3000,0,3000,-3000,0,0,0,140000
1731,美吾華          ,162000,22000,140000,0,0,0,0,0,0,0,0,0,0,0,0,0,140000
055127,台虹兆豐97購01  ,0,0,0,0,0,0,0,0,0,140000,0,0,0,140000,0,140000,140000
05627P,致伸國票97售01  ,0,0,0,0,0,0,0,0,0,140000,0,0,0,140000,0,140000,140000
051634,大立光國票96購03,0,0,0,0,0,0,0,0,0,140000,0,0,0,140000,0,140000,140000
053758,華新科國泰97購02,0,0,0,0,0,0,0,0,0,140000,0,0,0,150000,10000,140000,140000
059030,奇力新兆豐99購03,0,0,0,0,0,0,0,0,0,140000,0,0,0,220000,80000,140000,140000
060328,可成群益9A購06  ,0,0,0,0,0,0,0,0,0,140000,0,0,0,202000,62000,140000,140000
063557,聚陽元大9B購01  ,0,0,0,0,0,0,0,0,0,139000,0,0,0,233000,94000,139000,139000
06771P,台灣50中信02售01,0,0,0,0,0,0,0,0,0,139000,0,0,0,139000,0,139000,139000
07255P,國巨凱基99售15  ,0,0,0,0,0,0,0,0,0,139000,0,0,0,331000,192000,139000,139000
06984P,上銀富邦9B售01  ,0,0,0,0,0,0,0,0,0,139000,0,0,0,317000,178000,139000,139000
055545,國巨凱基97購06  ,0,0,0,0,0,0,0,0,0,139000,0,0,0,159000,20000,139000,139000
00730,富邦臺灣優質高息,0,0,0,0,0,0,0,0,0,139000,0,0,0,482000,343000,139000,139000
048192,華通元大96購01  ,0,0,0,0,0,0,0,0,0,139000,0,0,0,139000,0,139000,139000
047004,台積電統一99購01,0,0,0,0,0,0,0,0,0,139000,0,0,0,152000,13000,139000,139000
055873,聚陽元富97購01  ,0,0,0,0,0,0,0,0,0,139000,0,0,0,139000,0,139000,139000
058829,華新科永豐99購04,0,0,0,0,0,0,0,0,0,139000,0,0,0,323000,184000,139000,139000
061237,晶技元大9A購01  ,0,0,0,0,0,0,0,0,0,139000,0,0,0,210000,71000,139000,139000
063374,嘉澤永豐9B購04  ,0,0,0,0,0,0,0,0,0,139000,0,0,0,149000,10000,139000,139000
062327,燿華統一9B購02  ,0,0,0,0,0,0,0,0,0,139000,0,0,0,321000,182000,139000,139000
06879P,長榮航凱基98售02,0,0,0,0,0,0,0,0,0,138000,0,0,0,306000,168000,138000,138000
053485,矽創國票97購04  ,0,0,0,0,0,0,0,0,0,138000,0,0,0,138000,0,138000,138000
059458,鎧勝永豐99購01  ,0,0,0,0,0,0,0,0,0,138000,0,0,0,138000,0,138000,138000
058194,勤誠永豐99購01  ,0,0,0,0,0,0,0,0,0,138000,0,0,0,138000,0,138000,138000
057670,欣興元大99購02  ,0,0,0,0,0,0,0,0,0,138000,0,0,0,226000,88000,138000,138000
2106,建大            ,190000,53000,137000,0,0,0,0,0,0,0,0,0,0,0,0,0,137000
07711P,世芯元大9A售07  ,0,0,0,0,0,0,0,0,0,137000,0,0,0,324000,187000,137000,137000
059851,晶相光永豐99購02,0,0,0,0,0,0,0,0,0,137000,0,0,0,137000,0,137000,137000
062348,聯發科群益9B購06,0,0,0,0,0,0,0,0,0,137000,0,0,0,158000,21000,137000,137000
060796,世芯永豐9A購03  ,0,0,0,0,0,0,0,0,0,137000,0,0,0,152000,15000,137000,137000
1528,恩德            ,175000,40000,135000,0,0,0,0,0,0,1000,1000,0,1000,0,0,0,136000
3645,達邁            ,146000,10000,136000,0,0,0,0,0,0,0,0,0,0,0,0,0,136000
00652,富邦印度        ,105000,51000,54000,0,0,0,0,0,0,82000,0,0,0,169000,87000,82000,136000
058768,南港兆豐99購01  ,0,0,0,0,0,0,0,0,0,136000,0,0,0,138000,2000,136000,136000
058453,可成永豐99購01  ,0,0,0,0,0,0,0,0,0,136000,0,0,0,136000,0,136000,136000
061939,中租國票9B購01  ,0,0,0,0,0,0,0,0,0,136000,0,0,0,136000,0,136000,136000
062733,巨大凱基9B購01  ,0,0,0,0,0,0,0,0,0,136000,0,0,0,155000,19000,136000,136000
062379,致新元大9B購01  ,0,0,0,0,0,0,0,0,0,135000,0,0,0,144000,9000,135000,135000
063080,裕隆凱基9B購01  ,0,0,0,0,0,0,0,0,0,135000,0,0,0,241000,106000,135000,135000
062046,矽格凱基9B購01  ,0,0,0,0,0,0,0,0,0,135000,0,0,0,135000,0,135000,135000
060857,旭富富邦9B購01  ,0,0,0,0,0,0,0,0,0,135000,0,0,0,135000,0,135000,135000
061298,華新科富邦01購02,0,0,0,0,0,0,0,0,0,135000,0,0,0,165000,30000,135000,135000
4976,佳凌            ,187000,52000,135000,0,0,0,0,0,0,0,0,0,0,0,0,0,135000
063759,義隆統一9C購01  ,0,0,0,0,0,0,0,0,0,134000,0,0,0,181000,47000,134000,134000
055138,大毅永豐97購02  ,0,0,0,0,0,0,0,0,0,134000,0,0,0,134000,0,134000,134000
054343,世紀鋼元富96購02,0,0,0,0,0,0,0,0,0,134000,0,0,0,232000,98000,134000,134000
061112,台表科元大9A購03,0,0,0,0,0,0,0,0,0,134000,0,0,0,202000,68000,134000,134000
062870,亞德客兆豐9C購01,0,0,0,0,0,0,0,0,0,134000,0,0,0,152000,18000,134000,134000
3712,永崴投控        ,240000,107000,133000,0,0,0,0,0,0,1000,1000,0,1000,0,0,0,134000
063883,超眾元富9C購02  ,0,0,0,0,0,0,0,0,0,133000,0,0,0,163000,30000,133000,133000
053293,聯發科中信9B購01,0,0,0,0,0,0,0,0,0,133000,0,0,0,213000,80000,133000,133000
00643,群益深証中小    ,163000,182000,-19000,0,0,0,0,0,0,152000,10000,0,10000,207000,65000,142000,133000
058672,可成群益9B購02  ,0,0,0,0,0,0,0,0,0,133000,0,0,0,188000,55000,133000,133000
062879,美食兆豐9B購01  ,0,0,0,0,0,0,0,0,0,133000,0,0,0,133000,0,133000,133000
063410,南六國票9C購01  ,0,0,0,0,0,0,0,0,0,133000,0,0,0,156000,23000,133000,133000
062234,廣達凱基9B購01  ,0,0,0,0,0,0,0,0,0,133000,0,0,0,179000,46000,133000,133000
062711,台表科元大9B購05,0,0,0,0,0,0,0,0,0,133000,0,0,0,267000,134000,133000,133000
060846,欣興國票9A購02  ,0,0,0,0,0,0,0,0,0,133000,0,0,0,155000,22000,133000,133000
061732,智邦中信9B購01  ,0,0,0,0,0,0,0,0,0,133000,0,0,0,133000,0,133000,133000
2038,海光            ,143000,9000,134000,0,0,0,0,0,0,-2000,0,2000,-2000,0,0,0,132000
03050X,元展47          ,0,0,0,0,0,0,0,0,0,132000,0,0,0,162000,30000,132000,132000
056375,玉晶光統一01購01,0,0,0,0,0,0,0,0,0,132000,0,0,0,132000,0,132000,132000
057450,國泰金元富98購01,0,0,0,0,0,0,0,0,0,132000,0,0,0,356000,224000,132000,132000
060197,臻鼎元富9A購02  ,0,0,0,0,0,0,0,0,0,132000,0,0,0,152000,20000,132000,132000
057199,台達電元富02購01,0,0,0,0,0,0,0,0,0,132000,0,0,0,367000,235000,132000,132000
062569,南電中信01購01  ,0,0,0,0,0,0,0,0,0,132000,0,0,0,172000,40000,132000,132000
062260,華新科元大9B購09,0,0,0,0,0,0,0,0,0,132000,0,0,0,142000,10000,132000,132000
063401,中租群益9B購03  ,0,0,0,0,0,0,0,0,0,132000,0,0,0,133000,1000,132000,132000
063745,喬山國票9C購01  ,0,0,0,0,0,0,0,0,0,131000,0,0,0,131000,0,131000,131000
053867,創意元大96購04  ,0,0,0,0,0,0,0,0,0,131000,0,0,0,131000,0,131000,131000
06679P,旺宏元大98售09  ,0,0,0,0,0,0,0,0,0,130000,0,0,0,228000,98000,130000,130000
054167,揚明光凱基98購01,0,0,0,0,0,0,0,0,0,130000,0,0,0,140000,10000,130000,130000
055850,聯詠元大97購06  ,0,0,0,0,0,0,0,0,0,130000,0,0,0,143000,13000,130000,130000
058929,可成統一9C購01  ,0,0,0,0,0,0,0,0,0,130000,0,0,0,239000,109000,130000,130000
060090,台積電元大99購55,0,0,0,0,0,0,0,0,0,130000,0,0,0,132000,2000,130000,130000
062523,世紀鋼元大9C購03,0,0,0,0,0,0,0,0,0,130000,0,0,0,415000,285000,130000,130000
06864P,健策凱基98售01  ,0,0,0,0,0,0,0,0,0,129000,0,0,0,179000,50000,129000,129000
063908,國巨凱基9C購06  ,0,0,0,0,0,0,0,0,0,129000,0,0,0,159000,30000,129000,129000
3257,虹冠電          ,222000,93000,129000,0,0,0,0,0,0,0,0,0,0,0,0,0,129000
00656R,國泰中國A50反1  ,0,0,0,0,0,0,0,0,0,129000,0,0,0,158000,29000,129000,129000
057176,全新元大99購02  ,0,0,0,0,0,0,0,0,0,129000,0,0,0,140000,11000,129000,129000
062785,世芯元大9C購01  ,0,0,0,0,0,0,0,0,0,129000,0,0,0,200000,71000,129000,129000
1709,和益            ,138000,10000,128000,0,0,0,0,0,0,0,0,0,0,0,0,0,128000
063483,致新元大9B購03  ,0,0,0,0,0,0,0,0,0,128000,0,0,0,134000,6000,128000,128000
051788,奇力新國票97購02,0,0,0,0,0,0,0,0,0,128000,0,0,0,128000,0,128000,128000
054803,味全元大9A購01  ,0,0,0,0,0,0,0,0,0,128000,0,0,0,650000,522000,128000,128000
057177,奇力新元大99購04,0,0,0,0,0,0,0,0,0,128000,0,0,0,128000,0,128000,128000
057815,信邦元大98購01  ,0,0,0,0,0,0,0,0,0,128000,0,0,0,148000,20000,128000,128000
061899,復盛永豐9B購01  ,0,0,0,0,0,0,0,0,0,128000,0,0,0,133000,5000,128000,128000
060886,國巨統一01購03  ,0,0,0,0,0,0,0,0,0,128000,0,0,0,136000,8000,128000,128000
063531,台表科凱基9B購04,0,0,0,0,0,0,0,0,0,127000,0,0,0,147000,20000,127000,127000
057375,欣興元大98購09  ,0,0,0,0,0,0,0,0,0,127000,0,0,0,138000,11000,127000,127000
060203,緯穎元富9A購01  ,0,0,0,0,0,0,0,0,0,127000,0,0,0,164000,37000,127000,127000
060628,和大富邦9B購01  ,0,0,0,0,0,0,0,0,0,127000,0,0,0,127000,0,127000,127000
058265,奇力新永豐9A購01,0,0,0,0,0,0,0,0,0,127000,0,0,0,195000,68000,127000,127000
061238,晶技元大9A購02  ,0,0,0,0,0,0,0,0,0,127000,0,0,0,160000,33000,127000,127000
061880,台郡元大9B購02  ,0,0,0,0,0,0,0,0,0,127000,0,0,0,183000,56000,127000,127000
062889,可成群益9C購01  ,0,0,0,0,0,0,0,0,0,127000,0,0,0,146000,19000,127000,127000
063577,台表科元大9C購04,0,0,0,0,0,0,0,0,0,126000,0,0,0,168000,42000,126000,126000
058977,SGBR2X凱基03購01,0,0,0,0,0,0,0,0,0,126000,0,0,0,205000,79000,126000,126000
058786,元黃金元大99購01,0,0,0,0,0,0,0,0,0,126000,0,0,0,129000,3000,126000,126000
042116,元油2X國票97購01,0,0,0,0,0,0,0,0,0,126000,0,0,0,126000,0,126000,126000
052838,新唐國泰98購01  ,0,0,0,0,0,0,0,0,0,126000,0,0,0,312000,186000,126000,126000
060361,南亞科元富9A購03,0,0,0,0,0,0,0,0,0,126000,0,0,0,745000,619000,126000,126000
05729P,臺股指凱基97售02,0,0,0,0,0,0,0,0,0,126000,0,0,0,131000,5000,126000,126000
058658,瑞儀中信99購01  ,0,0,0,0,0,0,0,0,0,126000,0,0,0,176000,50000,126000,126000
062787,超眾元大9C購02  ,0,0,0,0,0,0,0,0,0,126000,0,0,0,149000,23000,126000,126000
063924,致新元富9C購01  ,0,0,0,0,0,0,0,0,0,125000,0,0,0,254000,129000,125000,125000
06780P,義隆元大98售02  ,0,0,0,0,0,0,0,0,0,125000,0,0,0,150000,25000,125000,125000
06686P,麗豐永豐98售02  ,0,0,0,0,0,0,0,0,0,125000,0,0,0,125000,0,125000,125000
08201P,祥碩元大9B售09  ,0,0,0,0,0,0,0,0,0,125000,0,0,0,146000,21000,125000,125000
058803,世紀鋼元大99購03,0,0,0,0,0,0,0,0,0,125000,0,0,0,371000,246000,125000,125000
059942,全新永豐99購04  ,0,0,0,0,0,0,0,0,0,125000,0,0,0,125000,0,125000,125000
057531,禾伸堂元大99購04,0,0,0,0,0,0,0,0,0,125000,0,0,0,175000,50000,125000,125000
062877,可成兆豐9C購01  ,0,0,0,0,0,0,0,0,0,125000,0,0,0,179000,54000,125000,125000
063247,信邦元大9B購02  ,0,0,0,0,0,0,0,0,0,125000,0,0,0,158000,33000,125000,125000
1444,力麗            ,648000,522000,126000,0,0,0,0,0,0,-2000,0,2000,-2000,0,0,0,124000
3033,威健            ,141000,13000,128000,0,0,0,0,0,0,-4000,0,4000,-4000,0,0,0,124000
059117,禾伸堂永豐99購01,0,0,0,0,0,0,0,0,0,124000,0,0,0,129000,5000,124000,124000
060017,全新康和99購01  ,0,0,0,0,0,0,0,0,0,124000,0,0,0,129000,5000,124000,124000
057820,華擎元大98購02  ,0,0,0,0,0,0,0,0,0,124000,0,0,0,126000,2000,124000,124000
058429,欣興元富99購01  ,0,0,0,0,0,0,0,0,0,124000,0,0,0,128000,4000,124000,124000
061342,華新科元大9A購17,0,0,0,0,0,0,0,0,0,124000,0,0,0,154000,30000,124000,124000
2836,高雄銀          ,168000,45000,123000,0,0,0,0,0,0,0,0,0,0,0,0,0,123000
2908,特力            ,269000,146000,123000,0,0,0,0,0,0,0,0,0,0,0,0,0,123000
006207,FH滬深          ,5000,6000,-1000,0,0,0,0,0,0,124000,0,0,0,268000,144000,124000,123000
059819,台積電凱基99購17,0,0,0,0,0,0,0,0,0,123000,0,0,0,153000,30000,123000,123000
057599,技嘉群益9A購01  ,0,0,0,0,0,0,0,0,0,123000,0,0,0,340000,217000,123000,123000
062566,嘉晶中信9C購01  ,0,0,0,0,0,0,0,0,0,123000,0,0,0,162000,39000,123000,123000
1315,達新            ,146000,32800,113200,0,0,0,0,0,0,9000,9000,0,9000,0,0,0,122200
07080P,健策群益9A售01  ,0,0,0,0,0,0,0,0,0,122000,0,0,0,192000,70000,122000,122000
059100,元油2X統一9C購02,0,0,0,0,0,0,0,0,0,122000,0,0,0,141000,19000,122000,122000
056961,凱美永豐98購01  ,0,0,0,0,0,0,0,0,0,122000,0,0,0,122000,0,122000,122000
061706,旭富國票9A購02  ,0,0,0,0,0,0,0,0,0,122000,0,0,0,139000,17000,122000,122000
058318,致茂永豐9A購01  ,0,0,0,0,0,0,0,0,0,121000,0,0,0,185000,64000,121000,121000
061214,華擎元大9A購04  ,0,0,0,0,0,0,0,0,0,121000,0,0,0,211000,90000,121000,121000
060987,華新科元大9A購11,0,0,0,0,0,0,0,0,0,121000,0,0,0,121000,0,121000,121000
4164,承業醫          ,127000,4000,123000,0,0,0,0,0,0,-2000,0,2000,-2000,0,0,0,121000
07205P,鴻海凱基99售11  ,0,0,0,0,0,0,0,0,0,120000,0,0,0,120000,0,120000,120000
063480,南六元大9C購01  ,0,0,0,0,0,0,0,0,0,120000,0,0,0,180000,60000,120000,120000
08066P,南亞科凱基9B售04,0,0,0,0,0,0,0,0,0,120000,0,0,0,140000,20000,120000,120000
00670L,富邦NASDAQ正2   ,55000,5000,50000,0,0,0,0,0,0,70000,0,0,0,349000,279000,70000,120000
052927,友達元大98購02  ,0,0,0,0,0,0,0,0,0,120000,0,0,0,120000,0,120000,120000
053534,微星永豐96購02  ,0,0,0,0,0,0,0,0,0,120000,0,0,0,140000,20000,120000,120000
058820,致茂國泰9B購01  ,0,0,0,0,0,0,0,0,0,120000,0,0,0,120000,0,120000,120000
056492,全新國泰9A購01  ,0,0,0,0,0,0,0,0,0,120000,0,0,0,120000,0,120000,120000
058006,台郡群益98購04  ,0,0,0,0,0,0,0,0,0,120000,0,0,0,130000,10000,120000,120000
057300,訊連永豐98購01  ,0,0,0,0,0,0,0,0,0,120000,0,0,0,120000,0,120000,120000
057625,泰鼎國泰9A購01  ,0,0,0,0,0,0,0,0,0,120000,0,0,0,120000,0,120000,120000
061463,智邦群益9A購02  ,0,0,0,0,0,0,0,0,0,120000,0,0,0,120000,0,120000,120000
2838,聯邦銀          ,246000,128000,118000,0,0,0,0,0,0,1000,1000,0,1000,0,0,0,119000
00634R,富邦上証反1     ,89000,0,89000,0,0,0,0,0,0,30000,0,0,0,82000,52000,30000,119000
058576,南亞科群益99購01,0,0,0,0,0,0,0,0,0,119000,0,0,0,144000,25000,119000,119000
060956,超眾群益9A購01  ,0,0,0,0,0,0,0,0,0,119000,0,0,0,119000,0,119000,119000
061122,敬鵬永豐9A購01  ,0,0,0,0,0,0,0,0,0,119000,0,0,0,207000,88000,119000,119000
062401,信邦永豐9B購01  ,0,0,0,0,0,0,0,0,0,119000,0,0,0,120000,1000,119000,119000
062860,華擎國票9B購02  ,0,0,0,0,0,0,0,0,0,119000,0,0,0,141000,22000,119000,119000
3596,智易            ,292000,201000,91000,0,0,0,0,0,0,27000,0,4000,-4000,63000,32000,31000,118000
07856P,力成凱基9A售02  ,0,0,0,0,0,0,0,0,0,118000,0,0,0,160000,42000,118000,118000
063647,超眾元大9B購02  ,0,0,0,0,0,0,0,0,0,118000,0,0,0,139000,21000,118000,118000
059680,台積電國泰9A購03,0,0,0,0,0,0,0,0,0,118000,0,0,0,600000,482000,118000,118000
060165,上緯控永豐9A購01,0,0,0,0,0,0,0,0,0,118000,0,0,0,118000,0,118000,118000
062575,景碩群益9B購01  ,0,0,0,0,0,0,0,0,0,118000,0,0,0,120000,2000,118000,118000
061344,禾伸堂元大9A購02,0,0,0,0,0,0,0,0,0,118000,0,0,0,178000,60000,118000,118000
061042,致新永豐9A購02  ,0,0,0,0,0,0,0,0,0,118000,0,0,0,118000,0,118000,118000
060879,華新科中信9A購02,0,0,0,0,0,0,0,0,0,118000,0,0,0,203000,85000,118000,118000
2801,彰銀            ,2276200,2935237,-659037,0,0,0,0,0,0,777000,215000,22000,193000,584000,0,584000,117963
063689,可成永豐9B購04  ,0,0,0,0,0,0,0,0,0,117000,0,0,0,137000,20000,117000,117000
054347,上緯控國票96購02,0,0,0,0,0,0,0,0,0,117000,0,0,0,1216000,1099000,117000,117000
058550,南亞科永豐99購01,0,0,0,0,0,0,0,0,0,117000,0,0,0,131000,14000,117000,117000
061769,晶技元大9B購03  ,0,0,0,0,0,0,0,0,0,117000,0,0,0,232000,115000,117000,117000
1410,南染            ,116000,0,116000,0,0,0,0,0,0,0,0,0,0,0,0,0,116000
056623,禾伸堂永豐98購01,0,0,0,0,0,0,0,0,0,116000,0,0,0,156000,40000,116000,116000
051157,華新科富邦98購01,0,0,0,0,0,0,0,0,0,116000,0,0,0,126000,10000,116000,116000
056116,義隆群益97購02  ,0,0,0,0,0,0,0,0,0,116000,0,0,0,136000,20000,116000,116000
055360,台表科凱基97購02,0,0,0,0,0,0,0,0,0,116000,0,0,0,126000,10000,116000,116000
058033,景碩永豐98購02  ,0,0,0,0,0,0,0,0,0,116000,0,0,0,116000,0,116000,116000
062405,泰鼎永豐9B購02  ,0,0,0,0,0,0,0,0,0,116000,0,0,0,122000,6000,116000,116000
3094,聯傑            ,214000,97000,117000,0,0,0,0,0,0,-2000,0,2000,-2000,0,0,0,115000
07535P,上銀元富9A售03  ,0,0,0,0,0,0,0,0,0,115000,0,0,0,297000,182000,115000,115000
063641,泰鼎元大9B購04  ,0,0,0,0,0,0,0,0,0,115000,0,0,0,250000,135000,115000,115000
063611,儒鴻群益9B購03  ,0,0,0,0,0,0,0,0,0,115000,0,0,0,405000,290000,115000,115000
052871,群創凱基98購07  ,0,0,0,0,0,0,0,0,0,115000,0,0,0,115000,0,115000,115000
059618,台積電日盛99購01,0,0,0,0,0,0,0,0,0,115000,0,0,0,1129000,1014000,115000,115000
057614,華新科元富99購04,0,0,0,0,0,0,0,0,0,115000,0,0,0,200000,85000,115000,115000
057334,技嘉國票98購02  ,0,0,0,0,0,0,0,0,0,115000,0,0,0,210000,95000,115000,115000
056928,旺宏台新98購01  ,0,0,0,0,0,0,0,0,0,115000,0,0,0,225000,110000,115000,115000
063132,台表科元大9C購02,0,0,0,0,0,0,0,0,0,115000,0,0,0,340000,225000,115000,115000
063195,訊連元富9B購01  ,0,0,0,0,0,0,0,0,0,115000,0,0,0,410000,295000,115000,115000
062091,世紀鋼元大9B購01,0,0,0,0,0,0,0,0,0,115000,0,0,0,253000,138000,115000,115000
03442B,臺股指元大9A熊48,0,0,0,0,0,0,0,0,0,114000,0,0,0,419000,305000,114000,114000
054916,聯發科凱基98購04,0,0,0,0,0,0,0,0,0,114000,0,0,0,120000,6000,114000,114000
056496,康控國泰99購01  ,0,0,0,0,0,0,0,0,0,114000,0,0,0,114000,0,114000,114000
055795,茂林國泰98購01  ,0,0,0,0,0,0,0,0,0,114000,0,0,0,230000,116000,114000,114000
061977,國巨元大9B購02  ,0,0,0,0,0,0,0,0,0,114000,0,0,0,127000,13000,114000,114000
061568,國巨元大9A購25  ,0,0,0,0,0,0,0,0,0,114000,0,0,0,120000,6000,114000,114000
060868,致伸永豐9A購01  ,0,0,0,0,0,0,0,0,0,114000,0,0,0,114000,0,114000,114000
6668,中揚光          ,161000,47000,114000,0,0,0,0,0,0,0,0,0,0,0,0,0,114000
063978,美食兆豐9C購01  ,0,0,0,0,0,0,0,0,0,113000,0,0,0,196000,83000,113000,113000
2402,毅嘉            ,459000,347000,112000,0,0,0,0,0,0,1000,1000,0,1000,0,0,0,113000
057675,同欣電元大98購02,0,0,0,0,0,0,0,0,0,113000,0,0,0,230000,117000,113000,113000
057704,台虹群益98購03  ,0,0,0,0,0,0,0,0,0,113000,0,0,0,650000,537000,113000,113000
058272,超眾永豐9A購01  ,0,0,0,0,0,0,0,0,0,113000,0,0,0,113000,0,113000,113000
063201,廣達統一01購01  ,0,0,0,0,0,0,0,0,0,113000,0,0,0,293000,180000,113000,113000
063362,台表科國泰01購03,0,0,0,0,0,0,0,0,0,113000,0,0,0,113000,0,113000,113000
3705,永信            ,216000,104000,112000,0,0,0,0,0,0,0,0,0,0,0,0,0,112000
057179,可成元大98購04  ,0,0,0,0,0,0,0,0,0,112000,0,0,0,152000,40000,112000,112000
060786,聯發科富邦9B購06,0,0,0,0,0,0,0,0,0,112000,0,0,0,112000,0,112000,112000
057288,聯茂元大98購03  ,0,0,0,0,0,0,0,0,0,112000,0,0,0,135000,23000,112000,112000
061095,台積電台新9B購03,0,0,0,0,0,0,0,0,0,112000,0,0,0,212000,100000,112000,112000
2020,美亞            ,244000,133000,111000,0,0,0,0,0,0,0,0,0,0,0,0,0,111000
058839,瑞儀中信99購02  ,0,0,0,0,0,0,0,0,0,111000,0,0,0,131000,20000,111000,111000
058961,台灣50兆豐9C購01,0,0,0,0,0,0,0,0,0,111000,0,0,0,111000,0,111000,111000
057523,大成鋼元大99購01,0,0,0,0,0,0,0,0,0,111000,0,0,0,384000,273000,111000,111000
2614,東森            ,451000,341000,110000,0,0,0,0,0,0,0,0,0,0,0,0,0,110000
07219P,臺股指凱基99售32,0,0,0,0,0,0,0,0,0,110000,0,0,0,110000,0,110000,110000
047421,聯茂富邦97購01  ,0,0,0,0,0,0,0,0,0,110000,0,0,0,110000,0,110000,110000
05052P,友達群益97售01  ,0,0,0,0,0,0,0,0,0,110000,0,0,0,220000,110000,110000,110000
053026,奇力新富邦98購01,0,0,0,0,0,0,0,0,0,110000,0,0,0,110000,0,110000,110000
052827,昇陽半永豐97購01,0,0,0,0,0,0,0,0,0,110000,0,0,0,110000,0,110000,110000
053072,國巨台新97購01  ,0,0,0,0,0,0,0,0,0,110000,0,0,0,110000,0,110000,110000
057220,鈺齊群益98購01  ,0,0,0,0,0,0,0,0,0,110000,0,0,0,110000,0,110000,110000
056937,智原元富98購01  ,0,0,0,0,0,0,0,0,0,110000,0,0,0,110000,0,110000,110000
056910,超眾元大99購02  ,0,0,0,0,0,0,0,0,0,110000,0,0,0,190000,80000,110000,110000
058247,聯茂元大99購04  ,0,0,0,0,0,0,0,0,0,110000,0,0,0,232000,122000,110000,110000
058168,國巨凱基9A購04  ,0,0,0,0,0,0,0,0,0,110000,0,0,0,110000,0,110000,110000
061271,聯茂凱基9A購04  ,0,0,0,0,0,0,0,0,0,110000,0,0,0,110000,0,110000,110000
061660,禾伸堂永豐9A購01,0,0,0,0,0,0,0,0,0,110000,0,0,0,231000,121000,110000,110000
062480,茂林國票9B購01  ,0,0,0,0,0,0,0,0,0,110000,0,0,0,132000,22000,110000,110000
08289P,智邦統一9C售01  ,0,0,0,0,0,0,0,0,0,109000,0,0,0,233000,124000,109000,109000
053817,華新科群益97購02,0,0,0,0,0,0,0,0,0,109000,0,0,0,110000,1000,109000,109000
063224,泰鼎群益9B購02  ,0,0,0,0,0,0,0,0,0,109000,0,0,0,128000,19000,109000,109000
061911,台積電中信05購04,0,0,0,0,0,0,0,0,0,109000,0,0,0,112000,3000,109000,109000
2486,一詮            ,107000,0,107000,0,0,0,0,0,0,1000,1000,0,1000,0,0,0,108000
063626,聚陽元大9B購03  ,0,0,0,0,0,0,0,0,0,108000,0,0,0,355000,247000,108000,108000
056609,楠梓電永豐98購02,0,0,0,0,0,0,0,0,0,108000,0,0,0,108000,0,108000,108000
056401,國巨群益98購07  ,0,0,0,0,0,0,0,0,0,108000,0,0,0,133000,25000,108000,108000
058266,宏達電永豐99購01,0,0,0,0,0,0,0,0,0,108000,0,0,0,108000,0,108000,108000
058144,聯茂元大99購02  ,0,0,0,0,0,0,0,0,0,108000,0,0,0,118000,10000,108000,108000
057458,TPK富邦9A購01   ,0,0,0,0,0,0,0,0,0,108000,0,0,0,108000,0,108000,108000
059991,超眾元大9A購02  ,0,0,0,0,0,0,0,0,0,108000,0,0,0,108000,0,108000,108000
058567,華新科凱基9A購02,0,0,0,0,0,0,0,0,0,108000,0,0,0,232000,124000,108000,108000
059830,台郡凱基99購05  ,0,0,0,0,0,0,0,0,0,108000,0,0,0,108000,0,108000,108000
062610,啟碁凱基9B購01  ,0,0,0,0,0,0,0,0,0,108000,0,0,0,235000,127000,108000,108000
062751,華擎中信9C購01  ,0,0,0,0,0,0,0,0,0,108000,0,0,0,140000,32000,108000,108000
062225,華擎統一01購01  ,0,0,0,0,0,0,0,0,0,108000,0,0,0,110000,2000,108000,108000
054370,台積電中信9A購01,0,0,0,0,0,0,0,0,0,107000,0,0,0,218000,111000,107000,107000
057460,楠梓電永豐98購03,0,0,0,0,0,0,0,0,0,107000,0,0,0,107000,0,107000,107000
060253,昇陽半元大9C購01,0,0,0,0,0,0,0,0,0,107000,0,0,0,282000,175000,107000,107000
062656,全新永豐9B購01  ,0,0,0,0,0,0,0,0,0,107000,0,0,0,107000,0,107000,107000
063549,國巨國票9C購05  ,0,0,0,0,0,0,0,0,0,106000,0,0,0,126000,20000,106000,106000
1722,台肥            ,1301000,1395000,-94000,0,0,0,188000,0,188000,12000,0,2000,-2000,14000,0,14000,106000
052669,群創群益98購06  ,0,0,0,0,0,0,0,0,0,106000,0,0,0,106000,0,106000,106000
053627,宏碁兆豐97購01  ,0,0,0,0,0,0,0,0,0,106000,0,0,0,206000,100000,106000,106000
058881,全新永豐99購01  ,0,0,0,0,0,0,0,0,0,106000,0,0,0,106000,0,106000,106000
054768,泰碩國票99購02  ,0,0,0,0,0,0,0,0,0,106000,0,0,0,131000,25000,106000,106000
059200,京鼎永豐99購02  ,0,0,0,0,0,0,0,0,0,106000,0,0,0,128000,22000,106000,106000
6582,申豐            ,190000,107000,83000,0,0,0,0,0,0,23000,28000,5000,23000,0,0,0,106000
6166,凌華            ,99000,5000,94000,0,0,0,0,0,0,12000,0,0,0,13000,1000,12000,106000
2207,和泰車          ,269000,162407,106593,0,0,0,0,0,0,-1000,0,1000,-1000,0,0,0,105593
1734,杏輝            ,124000,19000,105000,0,0,0,0,0,0,0,0,0,0,0,0,0,105000
3607,谷崧            ,125000,19000,106000,0,0,0,0,0,0,-1000,0,1000,-1000,0,0,0,105000
064028,大毅元大01購01  ,0,0,0,0,0,0,0,0,0,105000,0,0,0,105000,0,105000,105000
056430,鴻海凱基98購06  ,0,0,0,0,0,0,0,0,0,105000,0,0,0,105000,0,105000,105000
056178,嘉澤元富97購02  ,0,0,0,0,0,0,0,0,0,105000,0,0,0,130000,25000,105000,105000
052618,群創國泰98購01  ,0,0,0,0,0,0,0,0,0,105000,0,0,0,105000,0,105000,105000
056615,燿華永豐98購02  ,0,0,0,0,0,0,0,0,0,105000,0,0,0,105000,0,105000,105000
057916,國巨凱基98購13  ,0,0,0,0,0,0,0,0,0,105000,0,0,0,160000,55000,105000,105000
061766,華新科元大9B購02,0,0,0,0,0,0,0,0,0,105000,0,0,0,105000,0,105000,105000
061154,可成群益9B購04  ,0,0,0,0,0,0,0,0,0,105000,0,0,0,172000,67000,105000,105000
061241,晶技兆豐9A購01  ,0,0,0,0,0,0,0,0,0,105000,0,0,0,354000,249000,105000,105000
060913,宏達電元大9A購03,0,0,0,0,0,0,0,0,0,105000,0,0,0,183000,78000,105000,105000
063486,聚陽國泰9C購01  ,0,0,0,0,0,0,0,0,0,104000,0,0,0,164000,60000,104000,104000
063677,台光電國泰9C購02,0,0,0,0,0,0,0,0,0,104000,0,0,0,104000,0,104000,104000
07966P,瑞祺群益9B售02  ,0,0,0,0,0,0,0,0,0,104000,0,0,0,125000,21000,104000,104000
056121,勤誠群益97購01  ,0,0,0,0,0,0,0,0,0,104000,0,0,0,154000,50000,104000,104000
058335,鴻海元富99購06  ,0,0,0,0,0,0,0,0,0,104000,0,0,0,104000,0,104000,104000
058468,聯茂中信99購02  ,0,0,0,0,0,0,0,0,0,104000,0,0,0,164000,60000,104000,104000
062441,華新科元大9C購01,0,0,0,0,0,0,0,0,0,104000,0,0,0,164000,60000,104000,104000
062990,台積電群益9B購06,0,0,0,0,0,0,0,0,0,104000,0,0,0,123000,19000,104000,104000
4108,懷特            ,118000,14000,104000,0,0,0,0,0,0,0,0,0,0,0,0,0,104000
2359,所羅門          ,111000,8000,103000,0,0,0,0,0,0,0,0,0,0,0,0,0,103000
055256,日電貿統一99購01,0,0,0,0,0,0,0,0,0,103000,0,0,0,154000,51000,103000,103000
058181,華新科國泰9B購01,0,0,0,0,0,0,0,0,0,103000,0,0,0,217000,114000,103000,103000
057111,立積群益98購02  ,0,0,0,0,0,0,0,0,0,103000,0,0,0,106000,3000,103000,103000
062635,創意國票9B購01  ,0,0,0,0,0,0,0,0,0,103000,0,0,0,110000,7000,103000,103000
07527P,台灣50凱基9B售02,0,0,0,0,0,0,0,0,0,102000,0,0,0,107000,5000,102000,102000
052738,聯電元大98購02  ,0,0,0,0,0,0,0,0,0,102000,0,0,0,226000,124000,102000,102000
058522,聯茂元大99購07  ,0,0,0,0,0,0,0,0,0,102000,0,0,0,217000,115000,102000,102000
06021P,世紀鋼元富96售03,0,0,0,0,0,0,0,0,0,102000,0,0,0,102000,0,102000,102000
060054,華新科凱基9B購04,0,0,0,0,0,0,0,0,0,102000,0,0,0,106000,4000,102000,102000
059949,啟碁永豐99購01  ,0,0,0,0,0,0,0,0,0,102000,0,0,0,102000,0,102000,102000
057807,友訊元大98購02  ,0,0,0,0,0,0,0,0,0,102000,0,0,0,223000,121000,102000,102000
058683,可成凱基9A購01  ,0,0,0,0,0,0,0,0,0,102000,0,0,0,104000,2000,102000,102000
062351,瑞祺群益9C購01  ,0,0,0,0,0,0,0,0,0,102000,0,0,0,110000,8000,102000,102000
060907,金像電元大9A購02,0,0,0,0,0,0,0,0,0,102000,0,0,0,173000,71000,102000,102000
6209,今國光          ,116000,15000,101000,0,0,0,0,0,0,1000,1000,0,1000,0,0,0,102000
07843P,緯穎元大9A售05  ,0,0,0,0,0,0,0,0,0,101000,0,0,0,103000,2000,101000,101000
07826P,台積電富邦9B售07,0,0,0,0,0,0,0,0,0,101000,0,0,0,101000,0,101000,101000
063554,GIS國票9C購03   ,0,0,0,0,0,0,0,0,0,101000,0,0,0,137000,36000,101000,101000
042315,T50反1台新96購01,0,0,0,0,0,0,0,0,0,101000,0,0,0,101000,0,101000,101000
060424,中租永豐9A購01  ,0,0,0,0,0,0,0,0,0,101000,0,0,0,209000,108000,101000,101000
058248,聯茂元大99購05  ,0,0,0,0,0,0,0,0,0,101000,0,0,0,169000,68000,101000,101000
062258,奇力新元大9B購03,0,0,0,0,0,0,0,0,0,101000,0,0,0,109000,8000,101000,101000
062949,聯發科富邦01購01,0,0,0,0,0,0,0,0,0,101000,0,0,0,101000,0,101000,101000
063234,國巨元大9C購03  ,0,0,0,0,0,0,0,0,0,101000,0,0,0,101000,0,101000,101000
063566,台光電元大9B購08,0,0,0,0,0,0,0,0,0,100000,0,0,0,150000,50000,100000,100000
08286P,大立光凱基9C售04,0,0,0,0,0,0,0,0,0,100000,0,0,0,100000,0,100000,100000
08186P,泰碩永豐9B售03  ,0,0,0,0,0,0,0,0,0,100000,0,0,0,100000,0,100000,100000
051594,和碩元大96購01  ,0,0,0,0,0,0,0,0,0,100000,0,0,0,100000,0,100000,100000
00685L,群益臺灣加權正2 ,0,0,0,0,0,0,0,0,0,100000,0,0,0,107000,7000,100000,100000
050493,聯發科永昌96購01,0,0,0,0,0,0,0,0,0,100000,0,0,0,100000,0,100000,100000
053087,冠德元大96購02  ,0,0,0,0,0,0,0,0,0,100000,0,0,0,100000,0,100000,100000
053145,元黃金元大96購02,0,0,0,0,0,0,0,0,0,100000,0,0,0,100000,0,100000,100000
054260,貿聯元大96購03  ,0,0,0,0,0,0,0,0,0,100000,0,0,0,400000,300000,100000,100000
053746,彰銀康和96購01  ,0,0,0,0,0,0,0,0,0,100000,0,0,0,100000,0,100000,100000
053734,友達中信98購02  ,0,0,0,0,0,0,0,0,0,100000,0,0,0,100000,0,100000,100000
053655,全新凱基98購02  ,0,0,0,0,0,0,0,0,0,100000,0,0,0,100000,0,100000,100000
056585,台積電統一9A購01,0,0,0,0,0,0,0,0,0,100000,0,0,0,100000,0,100000,100000
052953,百和國票97購01  ,0,0,0,0,0,0,0,0,0,100000,0,0,0,100000,0,100000,100000
055000,玉晶光元富97購04,0,0,0,0,0,0,0,0,0,100000,0,0,0,100000,0,100000,100000
055348,旺宏凱基97購01  ,0,0,0,0,0,0,0,0,0,100000,0,0,0,100000,0,100000,100000
055353,華新科凱基98購03,0,0,0,0,0,0,0,0,0,100000,0,0,0,110000,10000,100000,100000
056478,晶技元大99購01  ,0,0,0,0,0,0,0,0,0,100000,0,0,0,100000,0,100000,100000
054862,群光群益97購01  ,0,0,0,0,0,0,0,0,0,100000,0,0,0,100000,0,100000,100000
054683,川湖永豐97購01  ,0,0,0,0,0,0,0,0,0,100000,0,0,0,100000,0,100000,100000
058240,景碩元大99購04  ,0,0,0,0,0,0,0,0,0,100000,0,0,0,100000,0,100000,100000
058221,上銀統一99購04  ,0,0,0,0,0,0,0,0,0,100000,0,0,0,100000,0,100000,100000
058399,美律元大99購05  ,0,0,0,0,0,0,0,0,0,100000,0,0,0,258000,158000,100000,100000
058171,國巨凱基9A購07  ,0,0,0,0,0,0,0,0,0,100000,0,0,0,100000,0,100000,100000
058136,景碩元大99購02  ,0,0,0,0,0,0,0,0,0,100000,0,0,0,169000,69000,100000,100000
058729,國巨永豐99購03  ,0,0,0,0,0,0,0,0,0,100000,0,0,0,100000,0,100000,100000
056832,元油2X元富98購12,0,0,0,0,0,0,0,0,0,100000,0,0,0,100000,0,100000,100000
057821,晶相光元大98購03,0,0,0,0,0,0,0,0,0,100000,0,0,0,100000,0,100000,100000
059077,FBVIX元大99購05 ,0,0,0,0,0,0,0,0,0,100000,0,0,0,100000,0,100000,100000
057479,致茂元大98購03  ,0,0,0,0,0,0,0,0,0,100000,0,0,0,100000,0,100000,100000
057208,上海銀元富98購01,0,0,0,0,0,0,0,0,0,100000,0,0,0,100000,0,100000,100000
06332P,世紀鋼群益98售01,0,0,0,0,0,0,0,0,0,100000,0,0,0,100000,0,100000,100000
062876,全新兆豐9B購01  ,0,0,0,0,0,0,0,0,0,100000,0,0,0,100000,0,100000,100000
062871,大成鋼兆豐9B購01,0,0,0,0,0,0,0,0,0,100000,0,0,0,138000,38000,100000,100000
062209,台積電台新9B購05,0,0,0,0,0,0,0,0,0,100000,0,0,0,100000,0,100000,100000
062645,國巨國泰9B購08  ,0,0,0,0,0,0,0,0,0,100000,0,0,0,151000,51000,100000,100000
062676,南六台新9B購01  ,0,0,0,0,0,0,0,0,0,100000,0,0,0,103000,3000,100000,100000
060896,晶技凱基9A購02  ,0,0,0,0,0,0,0,0,0,100000,0,0,0,113000,13000,100000,100000
06144P,台光電永豐97售01,0,0,0,0,0,0,0,0,0,100000,0,0,0,100000,0,100000,100000
061645,超眾元大9A購06  ,0,0,0,0,0,0,0,0,0,100000,0,0,0,173000,73000,100000,100000
061616,鴻海群益9A購07  ,0,0,0,0,0,0,0,0,0,100000,0,0,0,100000,0,100000,100000
063790,南亞科台新9C購01,0,0,0,0,0,0,0,0,0,99000,0,0,0,99000,0,99000,99000
06937P,GIS元大98售03   ,0,0,0,0,0,0,0,0,0,99000,0,0,0,184000,85000,99000,99000
053736,友達麥證96購01  ,0,0,0,99000,0,99000,0,0,0,99000,0,0,0,99000,0,99000,99000
00663L,國泰臺灣加權正2 ,0,0,0,0,0,0,0,0,0,99000,0,0,0,129000,30000,99000,99000
057621,崇越凱基98購01  ,0,0,0,0,0,0,0,0,0,99000,0,0,0,99000,0,99000,99000
057637,上銀元大98購07  ,0,0,0,0,0,0,0,0,0,99000,0,0,0,99000,0,99000,99000
057823,神達元大98購01  ,0,0,0,0,0,0,0,0,0,99000,0,0,0,100000,1000,99000,99000
061945,華通群益9B購04  ,0,0,0,0,0,0,0,0,0,99000,0,0,0,100000,1000,99000,99000
062512,美食國票9B購01  ,0,0,0,0,0,0,0,0,0,99000,0,0,0,100000,1000,99000,99000
063130,聯茂元大9B購02  ,0,0,0,0,0,0,0,0,0,99000,0,0,0,129000,30000,99000,99000
063282,奇力新元大9B購06,0,0,0,0,0,0,0,0,0,99000,0,0,0,99000,0,99000,99000
08296P,同欣電元大9C售04,0,0,0,0,0,0,0,0,0,98000,0,0,0,98000,0,98000,98000
07997P,上銀凱基9B售04  ,0,0,0,0,0,0,0,0,0,98000,0,0,0,216000,118000,98000,98000
07906P,中租群益9B售02  ,0,0,0,0,0,0,0,0,0,98000,0,0,0,108000,10000,98000,98000
056473,奇力新元大99購02,0,0,0,0,0,0,0,0,0,98000,0,0,0,108000,10000,98000,98000
057701,嘉聯益群益98購02,0,0,0,0,0,0,0,0,0,98000,0,0,0,98000,0,98000,98000
059421,滬深2X元大99購05,0,0,0,0,0,0,0,0,0,98000,0,0,0,98000,0,98000,98000
063310,和大群益9B購02  ,0,0,0,0,0,0,0,0,0,98000,0,0,0,99000,1000,98000,98000
061390,大立光群益9A購04,0,0,0,0,0,0,0,0,0,98000,0,0,0,98000,0,98000,98000
061320,奇力新凱基9A購04,0,0,0,0,0,0,0,0,0,98000,0,0,0,108000,10000,98000,98000
1809,中釉            ,112000,14000,98000,0,0,0,0,0,0,-1000,0,1000,-1000,0,0,0,97000
06447P,上銀元大98售01  ,0,0,0,0,0,0,0,0,0,97000,0,0,0,204000,107000,97000,97000
055344,國巨凱基97購04  ,0,0,0,0,0,0,0,0,0,97000,0,0,0,97000,0,97000,97000
058790,楠梓電元大99購03,0,0,0,0,0,0,0,0,0,97000,0,0,0,216000,119000,97000,97000
054098,嘉晶國票97購04  ,0,0,0,0,0,0,0,0,0,97000,0,0,0,106000,9000,97000,97000
053630,奇鋐兆豐97購01  ,0,0,0,0,0,0,0,0,0,97000,0,0,0,158000,61000,97000,97000
061189,可成富邦9B購02  ,0,0,0,0,0,0,0,0,0,97000,0,0,0,110000,13000,97000,97000
062161,南六凱基9C購01  ,0,0,0,0,0,0,0,0,0,97000,0,0,0,129000,32000,97000,97000
054164,強茂凱基98購01  ,0,0,0,0,0,0,0,0,0,96000,0,0,0,136000,40000,96000,96000
00743,國泰中國A150    ,73000,0,73000,0,0,0,0,0,0,23000,0,0,0,68000,45000,23000,96000
055716,致茂元大97購01  ,0,0,0,0,0,0,0,0,0,96000,0,0,0,96000,0,96000,96000
059570,全新凱基99購04  ,0,0,0,0,0,0,0,0,0,96000,0,0,0,96000,0,96000,96000
062389,台表科國泰01購01,0,0,0,0,0,0,0,0,0,96000,0,0,0,96000,0,96000,96000
063025,超眾元大9B購01  ,0,0,0,0,0,0,0,0,0,96000,0,0,0,110000,14000,96000,96000
06904P,TPK凱基98售03   ,0,0,0,0,0,0,0,0,0,95000,0,0,0,133000,38000,95000,95000
054481,鎧勝中信96購01  ,0,0,0,0,0,0,0,0,0,95000,0,0,0,125000,30000,95000,95000
055916,奇鋐凱基99購01  ,0,0,0,0,0,0,0,0,0,95000,0,0,0,100000,5000,95000,95000
054057,晶豪科國票97購01,0,0,0,0,0,0,0,0,0,95000,0,0,0,100000,5000,95000,95000
056724,臻鼎中信9A購01  ,0,0,0,0,0,0,0,0,0,95000,0,0,0,136000,41000,95000,95000
058100,聯茂國泰99購02  ,0,0,0,0,0,0,0,0,0,95000,0,0,0,97000,2000,95000,95000
058634,可成兆豐99購03  ,0,0,0,0,0,0,0,0,0,95000,0,0,0,95000,0,95000,95000
059995,南亞科元富99購01,0,0,0,0,0,0,0,0,0,95000,0,0,0,582000,487000,95000,95000
059823,奇力新凱基99購07,0,0,0,0,0,0,0,0,0,95000,0,0,0,95000,0,95000,95000
057570,技嘉永豐98購02  ,0,0,0,0,0,0,0,0,0,95000,0,0,0,507000,412000,95000,95000
063131,聯茂元大9B購03  ,0,0,0,0,0,0,0,0,0,95000,0,0,0,111000,16000,95000,95000
062172,南六永豐9B購01  ,0,0,0,0,0,0,0,0,0,95000,0,0,0,138000,43000,95000,95000
062453,聚陽群益9C購01  ,0,0,0,0,0,0,0,0,0,95000,0,0,0,132000,37000,95000,95000
060704,台積電富邦01購01,0,0,0,0,0,0,0,0,0,95000,0,0,0,115000,20000,95000,95000
061835,華新科凱基02購03,0,0,0,0,0,0,0,0,0,95000,0,0,0,95000,0,95000,95000
061822,和潤群益9B購01  ,0,0,0,0,0,0,0,0,0,95000,0,0,0,143000,48000,95000,95000
00640L,富邦日本正2     ,0,0,0,0,0,0,0,0,0,94239,0,0,0,572239,478000,94239,94239
056611,國巨永豐98購03  ,0,0,0,0,0,0,0,0,0,94000,0,0,0,94000,0,94000,94000
05901P,臺股指凱基9C售01,0,0,0,0,0,0,0,0,0,94000,0,0,0,94000,0,94000,94000
057211,鴻海群益98購05  ,0,0,0,0,0,0,0,0,0,94000,0,0,0,155000,61000,94000,94000
057325,可成群益9A購01  ,0,0,0,0,0,0,0,0,0,94000,0,0,0,98000,4000,94000,94000
057173,南亞科元大98購04,0,0,0,0,0,0,0,0,0,94000,0,0,0,94000,0,94000,94000
060761,南亞科元大9A購05,0,0,0,0,0,0,0,0,0,94000,0,0,0,207000,113000,94000,94000
063365,義隆富邦01購01  ,0,0,0,0,0,0,0,0,0,94000,0,0,0,95000,1000,94000,94000
063287,嘉澤元大9B購05  ,0,0,0,0,0,0,0,0,0,94000,0,0,0,206000,112000,94000,94000
055409,元黃金富邦01購01,0,0,0,0,0,0,0,0,0,93000,0,0,0,93000,0,93000,93000
058524,超眾元大99購04  ,0,0,0,0,0,0,0,0,0,93000,0,0,0,103000,10000,93000,93000
063433,臻鼎元富9B購01  ,0,0,0,0,0,0,0,0,0,93000,0,0,0,251000,158000,93000,93000
5907,大洋-KY         ,119000,27000,92000,0,0,0,0,0,0,1000,1000,0,1000,0,0,0,93000
07595P,台灣50中信03售07,0,0,0,0,0,0,0,0,0,92000,0,0,0,92000,0,92000,92000
053871,臻鼎元大96購03  ,0,0,0,0,0,0,0,0,0,92000,0,0,0,95000,3000,92000,92000
056673,中石化元富9B購01,0,0,0,0,0,0,0,0,0,92000,0,0,0,536000,444000,92000,92000
055003,群創元富99購05  ,0,0,0,0,0,0,0,0,0,92000,0,0,0,92000,0,92000,92000
057841,茂林富邦9A購02  ,0,0,0,0,0,0,0,0,0,92000,0,0,0,152000,60000,92000,92000
062416,和大統一01購02  ,0,0,0,0,0,0,0,0,0,92000,0,0,0,234000,142000,92000,92000
5531,鄉林            ,175000,83000,92000,0,0,0,0,0,0,0,0,0,0,0,0,0,92000
08061P,大毅國票9B售04  ,0,0,0,0,0,0,0,0,0,91000,0,0,0,141000,50000,91000,91000
056385,創意國泰99購01  ,0,0,0,0,0,0,0,0,0,91000,0,0,0,306000,215000,91000,91000
060122,亞德客永豐99購02,0,0,0,0,0,0,0,0,0,91000,0,0,0,94000,3000,91000,91000
060322,卜蜂群益9A購01  ,0,0,0,0,0,0,0,0,0,91000,0,0,0,188000,97000,91000,91000
062423,聯發科統一9C購07,0,0,0,0,0,0,0,0,0,91000,0,0,0,232000,141000,91000,91000
062683,可成統一9B購04  ,0,0,0,0,0,0,0,0,0,91000,0,0,0,97000,6000,91000,91000
062019,嘉澤永豐9B購01  ,0,0,0,0,0,0,0,0,0,91000,0,0,0,141000,50000,91000,91000
060667,力成凱基9A購01  ,0,0,0,0,0,0,0,0,0,91000,0,0,0,110000,19000,91000,91000
060884,超眾中信9B購01  ,0,0,0,0,0,0,0,0,0,91000,0,0,0,94000,3000,91000,91000
055858,聯茂元大97購03  ,0,0,0,0,0,0,0,0,0,90000,0,0,0,125000,35000,90000,90000
056599,臻鼎元富98購01  ,15000,0,15000,0,0,0,0,0,0,75000,0,0,0,142000,67000,75000,90000
060636,大毅永豐9A購02  ,0,0,0,0,0,0,0,0,0,90000,0,0,0,107000,17000,90000,90000
060116,世紀鋼元大99購07,0,0,0,0,0,0,0,0,0,90000,0,0,0,100000,10000,90000,90000
060150,華通富邦9B購01  ,0,0,0,0,0,0,0,0,0,90000,0,0,0,90000,0,90000,90000
060048,元金2X凱基99購03,0,0,0,0,0,0,0,0,0,90000,0,0,0,100000,10000,90000,90000
057484,南亞科元大98購06,0,0,0,0,0,0,0,0,0,90000,0,0,0,100000,10000,90000,90000
057408,台郡群益98購01  ,0,0,0,0,0,0,0,0,0,90000,0,0,0,100000,10000,90000,90000
057816,欣興元大98購13  ,0,0,0,0,0,0,0,0,0,90000,0,0,0,97000,7000,90000,90000
060867,智伸科永豐9A購01,0,0,0,0,0,0,0,0,0,90000,0,0,0,109000,19000,90000,90000
062380,巨大元大9B購01  ,0,0,0,0,0,0,0,0,0,90000,0,0,0,126000,36000,90000,90000
062160,南六凱基9B購01  ,0,0,0,0,0,0,0,0,0,90000,0,0,0,122000,32000,90000,90000
063061,華新科元富9B購04,0,0,0,0,0,0,0,0,0,90000,0,0,0,90000,0,90000,90000
063019,聯發科元大9C購01,0,0,0,0,0,0,0,0,0,90000,0,0,0,96000,6000,90000,90000
062898,華通元大9B購05  ,0,0,0,0,0,0,0,0,0,90000,0,0,0,93000,3000,90000,90000
07593P,臺股指凱基9A售08,0,0,0,0,0,0,0,0,0,89000,0,0,0,149000,60000,89000,89000
1519,華城            ,163000,50000,113000,0,0,0,0,0,0,-24000,92000,116000,-24000,0,0,0,89000
06594P,立積元大98售01  ,0,0,0,0,0,0,0,0,0,89000,0,0,0,89000,0,89000,89000
054351,華新科國泰97購03,0,0,0,0,0,0,0,0,0,89000,0,0,0,89000,0,89000,89000
056488,致新元大99購01  ,0,0,0,0,0,0,0,0,0,89000,0,0,0,150000,61000,89000,89000
060193,群創元富9A購01  ,0,0,0,0,0,0,0,0,0,89000,0,0,0,91000,2000,89000,89000
058188,華擎永豐99購01  ,0,0,0,0,0,0,0,0,0,89000,0,0,0,305000,216000,89000,89000
058026,上銀富邦9A購01  ,0,0,0,0,0,0,0,0,0,89000,0,0,0,89000,0,89000,89000
059509,奇力新永豐99購02,0,0,0,0,0,0,0,0,0,89000,0,0,0,119000,30000,89000,89000
060976,SP黃豆元大9A購03,0,0,0,0,0,0,0,0,0,89000,0,0,0,89000,0,89000,89000
061836,華新科凱基05購01,0,0,0,0,0,0,0,0,0,89000,0,0,0,93000,4000,89000,89000
06411P,晶相光永豐97售03,0,0,0,0,0,0,0,0,0,88000,0,0,0,88000,0,88000,88000
054791,泰碩群益99購02  ,0,0,0,0,0,0,0,0,0,88000,0,0,0,230000,142000,88000,88000
053249,致伸國票97購02  ,0,0,0,0,0,0,0,0,0,88000,0,0,0,88000,0,88000,88000
055439,台表科國票98購02,0,0,0,0,0,0,0,0,0,88000,0,0,0,105000,17000,88000,88000
045836,群創群益98購01  ,0,0,0,0,0,0,0,0,0,88000,0,0,0,196000,108000,88000,88000
059791,超眾元大99購06  ,0,0,0,0,0,0,0,0,0,88000,0,0,0,111000,23000,88000,88000
059036,可成群益9B購03  ,0,0,0,0,0,0,0,0,0,88000,0,0,0,174000,86000,88000,88000
060097,華新科元大99購23,0,0,0,0,0,0,0,0,0,88000,0,0,0,88000,0,88000,88000
060124,奇力新永豐99購03,0,0,0,0,0,0,0,0,0,88000,0,0,0,118000,30000,88000,88000
063034,致茂凱基9B購01  ,0,0,0,0,0,0,0,0,0,88000,0,0,0,118000,30000,88000,88000
062766,台郡凱基9B購02  ,0,0,0,0,0,0,0,0,0,88000,0,0,0,198000,110000,88000,88000
8021,尖點            ,153000,66000,87000,0,0,0,0,0,0,1000,1000,0,1000,0,0,0,88000
8404,百和興業-KY     ,237000,149000,88000,0,0,0,0,0,0,0,0,0,0,0,0,0,88000
07386P,臺股指群益99售24,0,0,0,0,0,0,0,0,0,87000,0,0,0,87000,0,87000,87000
063509,超眾群益9B購03  ,0,0,0,0,0,0,0,0,0,87000,0,0,0,87000,0,87000,87000
07975P,國巨元大9B售15  ,0,0,0,0,0,0,0,0,0,87000,0,0,0,90000,3000,87000,87000
056535,全新凱基99購02  ,0,0,0,0,0,0,0,0,0,87000,0,0,0,126000,39000,87000,87000
056563,華新科群益98購04,0,0,0,0,0,0,0,0,0,87000,0,0,0,87000,0,87000,87000
057541,台灣50康和9A購04,0,0,0,0,0,0,0,0,0,87000,0,0,0,87000,0,87000,87000
058643,T50正2富邦03購01,0,0,0,0,0,0,0,0,0,87000,0,0,0,87000,0,87000,87000
060567,華擎富邦9C購01  ,0,0,0,0,0,0,0,0,0,87000,0,0,0,87000,0,87000,87000
062657,華新科第一9B購01,0,0,0,0,0,0,0,0,0,87000,0,0,0,102000,15000,87000,87000
062150,南六國票9B購01  ,0,0,0,0,0,0,0,0,0,87000,0,0,0,100000,13000,87000,87000
061850,國巨國票9C購02  ,0,0,0,0,0,0,0,0,0,87000,0,0,0,127000,40000,87000,87000
3311,閎暉            ,315000,228000,87000,0,0,0,0,0,0,-1000,0,1000,-1000,0,0,0,86000
2471,資通            ,101000,15000,86000,0,0,0,0,0,0,0,0,0,0,0,0,0,86000
07164P,臺股指群益99售15,0,0,0,0,0,0,0,0,0,86000,0,0,0,116000,30000,86000,86000
055323,貿聯國票98購01  ,0,0,0,0,0,0,0,0,0,86000,0,0,0,143000,57000,86000,86000
020000,富邦特選蘋果N   ,0,0,0,0,0,0,0,0,0,86000,0,0,0,118000,32000,86000,86000
00690,兆豐藍籌30      ,0,0,0,0,0,0,0,0,0,86000,0,0,0,270000,184000,86000,86000
056643,奇力新凱基99購01,0,0,0,0,0,0,0,0,0,86000,0,0,0,86000,0,86000,86000
058517,景碩元大99購06  ,0,0,0,0,0,0,0,0,0,86000,0,0,0,86000,0,86000,86000
061469,瑞祺群益9A購02  ,0,0,0,0,0,0,0,0,0,86000,0,0,0,104000,18000,86000,86000
062186,晶技元大9B購05  ,0,0,0,0,0,0,0,0,0,86000,0,0,0,86000,0,86000,86000
6206,飛捷            ,142000,54000,88000,0,0,0,0,0,0,-2000,0,2000,-2000,0,0,0,86000
063460,智邦元大9B購08  ,0,0,0,0,0,0,0,0,0,85000,0,0,0,103000,18000,85000,85000
056715,瀚宇博永豐98購01,0,0,0,0,0,0,0,0,0,85000,0,0,0,120000,35000,85000,85000
053459,康控國泰97購01  ,0,0,0,0,0,0,0,0,0,85000,0,0,0,85000,0,85000,85000
054974,台表科元大98購02,0,0,0,0,0,0,0,0,0,85000,0,0,0,95000,10000,85000,85000
059531,華新科凱基9B購02,0,0,0,0,0,0,0,0,0,85000,0,0,0,87000,2000,85000,85000
060190,國泰金元富9A購01,0,0,0,0,0,0,0,0,0,85000,0,0,0,85000,0,85000,85000
059847,喬山永豐99購01  ,0,0,0,0,0,0,0,0,0,85000,0,0,0,99000,14000,85000,85000
062288,南六群益9B購01  ,0,0,0,0,0,0,0,0,0,85000,0,0,0,99000,14000,85000,85000
062670,瑞昱中信03購01  ,0,0,0,0,0,0,0,0,0,85000,0,0,0,138000,53000,85000,85000
063009,國巨元大9B購18  ,0,0,0,0,0,0,0,0,0,85000,0,0,0,85000,0,85000,85000
061439,寶成凱基9A購01  ,0,0,0,0,0,0,0,0,0,85000,0,0,0,195000,110000,85000,85000
063873,南六永豐9C購01  ,0,0,0,0,0,0,0,0,0,84000,0,0,0,88000,4000,84000,84000
1560,中砂            ,162000,47000,115000,0,0,0,0,31000,-31000,0,0,0,0,0,0,0,84000
056054,亞德客元大97購05,0,0,0,0,0,0,0,0,0,84000,0,0,0,84000,0,84000,84000
051722,玉晶光永豐97購01,0,0,0,0,0,0,0,0,0,84000,0,0,0,84000,0,84000,84000
059849,興勤永豐99購01  ,0,0,0,0,0,0,0,0,0,84000,0,0,0,84000,0,84000,84000
059065,南電凱基9A購01  ,0,0,0,0,0,0,0,0,0,84000,0,0,0,121000,37000,84000,84000
058241,景碩元大99購05  ,0,0,0,0,0,0,0,0,0,84000,0,0,0,107000,23000,84000,84000
061750,台達電台新9B購01,0,0,0,0,0,0,0,0,0,84000,0,0,0,84000,0,84000,84000
063008,華通元大9B購06  ,0,0,0,0,0,0,0,0,0,84000,0,0,0,84000,0,84000,84000
2537,聯上發          ,293000,211000,82000,0,0,0,0,0,0,1000,1000,0,1000,0,0,0,83000
08245P,台灣50群益9C售05,0,0,0,0,0,0,0,0,0,83000,0,0,0,84000,1000,83000,83000
07842P,力成元大9A售01  ,0,0,0,0,0,0,0,0,0,83000,0,0,0,110000,27000,83000,83000
063618,智邦兆豐9C購01  ,0,0,0,0,0,0,0,0,0,83000,0,0,0,84000,1000,83000,83000
055583,國巨元大97購10  ,0,0,0,0,0,0,0,0,0,83000,0,0,0,84000,1000,83000,83000
058531,華通元富99購01  ,0,0,0,0,0,0,0,0,0,83000,0,0,0,95000,12000,83000,83000
060503,技嘉元大9A購01  ,0,0,0,0,0,0,0,0,0,83000,0,0,0,464000,381000,83000,83000
056851,瑞儀元富98購01  ,0,0,0,0,0,0,0,0,0,83000,0,0,0,180000,97000,83000,83000
062534,力成統一01購01  ,0,0,0,0,0,0,0,0,0,83000,0,0,0,83000,0,83000,83000
061559,南亞科國票9A購02,0,0,0,0,0,0,0,0,0,83000,0,0,0,191000,108000,83000,83000
061997,台郡元大9B購03  ,0,0,0,0,0,0,0,0,0,83000,0,0,0,146000,63000,83000,83000
061447,鴻海中信04購02  ,0,0,0,0,0,0,0,0,0,83000,0,0,0,86000,3000,83000,83000
061048,國巨中信9A購05  ,0,0,0,0,0,0,0,0,0,83000,0,0,0,123000,40000,83000,83000
07000P,T50反1元大99售03,0,0,0,0,0,0,0,0,0,82000,0,0,0,82000,0,82000,82000
08027P,嘉晶元大9B售03  ,0,0,0,0,0,0,0,0,0,82000,0,0,0,263000,181000,82000,82000
2204,中華            ,443000,466000,-23000,0,0,0,0,0,0,105000,105000,0,105000,0,0,0,82000
054045,奇力新元大97購03,0,0,0,0,0,0,0,0,0,82000,0,0,0,82000,0,82000,82000
054134,強茂元大96購01  ,0,0,0,0,0,0,0,0,0,82000,0,0,0,215000,133000,82000,82000
057699,可成群益9A購02  ,0,0,0,0,0,0,0,0,0,82000,0,0,0,101000,19000,82000,82000
058610,欣興元大99購05  ,0,0,0,0,0,0,0,0,0,82000,0,0,0,108000,26000,82000,82000
060104,新日興元大99購03,0,0,0,0,0,0,0,0,0,82000,0,0,0,96000,14000,82000,82000
06089P,矽創永豐97售01  ,0,0,0,0,0,0,0,0,0,82000,0,0,0,82000,0,82000,82000
061351,智伸科元大9A購01,0,0,0,0,0,0,0,0,0,82000,0,0,0,84000,2000,82000,82000
061877,貿聯元大9B購01  ,0,0,0,0,0,0,0,0,0,82000,0,0,0,82000,0,82000,82000
062732,南六凱基9B購03  ,0,0,0,0,0,0,0,0,0,82000,0,0,0,88000,6000,82000,82000
062213,和大統一9B購02  ,0,0,0,0,0,0,0,0,0,82000,0,0,0,82000,0,82000,82000
2314,台揚            ,95000,15000,80000,0,0,0,0,0,0,1000,1000,0,1000,0,0,0,81000
1527,鑽全            ,177000,96000,81000,0,0,0,0,0,0,0,0,0,0,0,0,0,81000
08045P,健策國票9B售01  ,0,0,0,0,0,0,0,0,0,81000,0,0,0,81000,0,81000,81000
1201,味全            ,254000,151000,103000,0,0,0,0,0,0,-22000,0,0,0,0,22000,-22000,81000
07841P,臻鼎元大9A售04  ,0,0,0,0,0,0,0,0,0,81000,0,0,0,200000,119000,81000,81000
063628,華通元大9B購09  ,0,0,0,0,0,0,0,0,0,81000,0,0,0,137000,56000,81000,81000
063691,聯鈞永豐9B購01  ,0,0,0,0,0,0,0,0,0,81000,0,0,0,85000,4000,81000,81000
050992,台積電元大97購01,0,0,0,0,0,0,0,0,0,81000,0,0,0,102000,21000,81000,81000
056635,亞德客日盛99購01,0,0,0,0,0,0,0,0,0,81000,0,0,0,85000,4000,81000,81000
055388,華通統一97購03  ,0,0,0,0,0,0,0,0,0,81000,0,0,0,131000,50000,81000,81000
053396,漢唐中信9A購01  ,0,0,0,0,0,0,0,0,0,81000,0,0,0,101000,20000,81000,81000
053568,智伸科富邦98購01,0,0,0,0,0,0,0,0,0,81000,0,0,0,103000,22000,81000,81000
052662,華新科國票97購01,0,0,0,0,0,0,0,0,0,81000,0,0,0,82000,1000,81000,81000
057720,日電貿元富98購01,0,0,0,0,0,0,0,0,0,81000,0,0,0,165000,84000,81000,81000
058050,台郡元大99購05  ,0,0,0,0,0,0,0,0,0,81000,0,0,0,137000,56000,81000,81000
062293,麗豐永豐9B購01  ,0,0,0,0,0,0,0,0,0,81000,0,0,0,81000,0,81000,81000
062940,華新科凱基9C購02,0,0,0,0,0,0,0,0,0,81000,0,0,0,83000,2000,81000,81000
061558,旺宏國票9B購02  ,0,0,0,0,0,0,0,0,0,81000,0,0,0,131000,50000,81000,81000
063919,大立光元富03購01,0,0,0,0,0,0,0,0,0,80000,0,0,0,86000,6000,80000,80000
07327P,台灣50群益9A售06,0,0,0,0,0,0,0,0,0,80000,0,0,0,80000,0,80000,80000
2739,寒舍            ,82000,2000,80000,0,0,0,0,0,0,0,0,0,0,0,0,0,80000
052733,台郡國泰97購01  ,0,0,0,0,0,0,0,0,0,80000,0,0,0,80000,0,80000,80000
053323,群創群益98購07  ,0,0,0,0,0,0,0,0,0,80000,0,0,0,80000,0,80000,80000
055573,國巨統一97購06  ,0,0,0,0,0,0,0,0,0,80000,0,0,0,80000,0,80000,80000
035274,華新台新97購01  ,0,0,0,0,0,0,0,0,0,80000,0,0,0,80000,0,80000,80000
050117,麗豐元大96購02  ,0,0,0,0,0,0,0,0,0,80000,0,0,0,80000,0,80000,80000
056151,建準凱基97購01  ,0,0,0,0,0,0,0,0,0,80000,0,0,0,80000,0,80000,80000
059168,奇力新凱基99購05,0,0,0,0,0,0,0,0,0,80000,0,0,0,124000,44000,80000,80000
055762,智伸科群益97購01,0,0,0,0,0,0,0,0,0,80000,0,0,0,84000,4000,80000,80000
057860,金寶凱基98購01  ,0,0,0,0,0,0,0,0,0,80000,0,0,0,300000,220000,80000,80000
057920,奇力新凱基98購08,0,0,0,0,0,0,0,0,0,80000,0,0,0,110000,30000,80000,80000
057447,智邦元富02購01  ,0,0,0,0,0,0,0,0,0,80000,0,0,0,108000,28000,80000,80000
061782,智邦群益9B購01  ,0,0,0,0,0,0,0,0,0,80000,0,0,0,123000,43000,80000,80000
061838,華新科凱基05購03,0,0,0,0,0,0,0,0,0,80000,0,0,0,80000,0,80000,80000
061092,可成統一9C購02  ,0,0,0,0,0,0,0,0,0,80000,0,0,0,183000,103000,80000,80000
060972,T50反1元大9A購10,0,0,0,0,0,0,0,0,0,80000,0,0,0,80000,0,80000,80000
062943,世芯凱基9B購03  ,0,0,0,0,0,0,0,0,0,80000,0,0,0,144000,64000,80000,80000
062169,禾伸堂永豐9B購01,0,0,0,0,0,0,0,0,0,80000,0,0,0,110000,30000,80000,80000
6277,宏正            ,175000,95000,80000,0,0,0,0,0,0,0,0,0,0,0,0,0,80000
3653,健策            ,427000,232000,195000,0,0,0,6000,113000,-107000,-9000,33000,41000,-8000,57000,58000,-1000,79000
054718,可成永豐97購01  ,0,0,0,0,0,0,0,0,0,79000,0,0,0,79000,0,79000,79000
055597,禾伸堂元大98購02,0,0,0,0,0,0,0,0,0,79000,0,0,0,79000,0,79000,79000
057876,隆達元大98購01  ,0,0,0,0,0,0,0,0,0,79000,0,0,0,130000,51000,79000,79000
060775,世芯凱基9A購02  ,0,0,0,0,0,0,0,0,0,79000,0,0,0,89000,10000,79000,79000
062482,台表科國票9B購01,0,0,0,0,0,0,0,0,0,79000,0,0,0,98000,19000,79000,79000
061159,同欣電群益9A購01,0,0,0,0,0,0,0,0,0,79000,0,0,0,100000,21000,79000,79000
063867,全新永豐9C購01  ,0,0,0,0,0,0,0,0,0,78000,0,0,0,78000,0,78000,78000
063868,嘉晶永豐9C購01  ,0,0,0,0,0,0,0,0,0,78000,0,0,0,188000,110000,78000,78000
053050,華通國票97購02  ,0,0,0,0,0,0,0,0,0,78000,0,0,0,78000,0,78000,78000
052077,可成元富98購02  ,0,0,0,0,0,0,0,0,0,78000,0,0,0,88000,10000,78000,78000
056572,義隆元大99購01  ,0,0,0,0,0,0,0,0,0,78000,0,0,0,78000,0,78000,78000
056434,國巨凱基98購03  ,0,0,0,0,0,0,0,0,0,78000,0,0,0,243000,165000,78000,78000
056133,可成元大97購05  ,0,0,0,0,0,0,0,0,0,78000,0,0,0,78000,0,78000,78000
058833,台表科永豐99購01,0,0,0,0,0,0,0,0,0,78000,0,0,0,160000,82000,78000,78000
059040,訊芯群益99購03  ,0,0,0,0,0,0,0,0,0,78000,0,0,0,100000,22000,78000,78000
057642,南亞科元大98購07,0,0,0,0,0,0,0,0,0,78000,0,0,0,78000,0,78000,78000
060891,世芯統一9A購01  ,0,0,0,0,0,0,0,0,0,78000,0,0,0,131000,53000,78000,78000
060673,旺宏元大9A購04  ,0,0,0,0,0,0,0,0,0,78000,0,0,0,150000,72000,78000,78000
061505,力成國票9A購03  ,0,0,0,0,0,0,0,0,0,78000,0,0,0,117000,39000,78000,78000
4994,傳奇            ,92000,14000,78000,0,0,0,0,0,0,0,0,0,0,0,0,0,78000
2419,仲琦            ,87000,11000,76000,0,0,0,0,0,0,1000,1000,0,1000,0,0,0,77000
058850,華新科群益99購03,0,0,0,0,0,0,0,0,0,77000,0,0,0,82000,5000,77000,77000
058819,華通國泰9B購01  ,0,0,0,0,0,0,0,0,0,77000,0,0,0,83000,6000,77000,77000
059214,國巨元大99購20  ,0,0,0,0,0,0,0,0,0,77000,0,0,0,77000,0,77000,77000
059945,嘉澤永豐99購03  ,0,0,0,0,0,0,0,0,0,77000,0,0,0,77000,0,77000,77000
057817,景碩元大98購01  ,0,0,0,0,0,0,0,0,0,77000,0,0,0,195000,118000,77000,77000
061572,奇力新元大9A購04,0,0,0,0,0,0,0,0,0,77000,0,0,0,77000,0,77000,77000
062071,華通元大9B購02  ,0,0,0,0,0,0,0,0,0,77000,0,0,0,88000,11000,77000,77000
060991,京鼎元大9A購01  ,0,0,0,0,0,0,0,0,0,77000,0,0,0,176000,99000,77000,77000
061363,儒鴻國票9B購01  ,0,0,0,0,0,0,0,0,0,77000,0,0,0,156000,79000,77000,77000
063048,聯詠兆豐9B購01  ,0,0,0,0,0,0,0,0,0,77000,0,0,0,167000,90000,77000,77000
07634P,金像電元大9A售01,0,0,0,0,0,0,0,0,0,76000,0,0,0,108000,32000,76000,76000
058984,全新凱基9A購03  ,0,0,0,0,0,0,0,0,0,76000,0,0,0,76000,0,76000,76000
056344,嘉晶凱基98購02  ,0,0,0,0,0,0,0,0,0,76000,0,0,0,89000,13000,76000,76000
05582P,群創凱基98售06  ,0,0,0,0,0,0,0,0,0,76000,0,0,0,176000,100000,76000,76000
00647L,元大S&P500正2   ,16000,61000,-45000,0,0,0,0,0,0,121000,0,0,0,377000,256000,121000,76000
057803,上銀元大98購08  ,0,0,0,0,0,0,0,0,0,76000,0,0,0,78000,2000,76000,76000
058652,SGBR2X中信01購01,0,0,0,0,0,0,0,0,0,76000,0,0,0,76000,0,76000,76000
057371,可成元大98購08  ,0,0,0,0,0,0,0,0,0,76000,0,0,0,76000,0,76000,76000
059359,精元永豐99購01  ,0,0,0,0,0,0,0,0,0,76000,0,0,0,146000,70000,76000,76000
059694,創意永豐99購03  ,0,0,0,0,0,0,0,0,0,76000,0,0,0,76000,0,76000,76000
063387,台積電兆豐9B購03,0,0,0,0,0,0,0,0,0,76000,0,0,0,109000,33000,76000,76000
062158,禾伸堂凱基9B購01,0,0,0,0,0,0,0,0,0,76000,0,0,0,76000,0,76000,76000
062290,聯發科富邦9C購04,0,0,0,0,0,0,0,0,0,76000,0,0,0,76000,0,76000,76000
061383,高股息群益9A購01,0,0,0,0,0,0,0,0,0,76000,0,0,0,76000,0,76000,76000
060881,玉山金中信02購01,0,0,0,0,0,0,0,0,0,76000,0,0,0,76000,0,76000,76000
08312P,旺宏國票01售01  ,0,0,0,0,0,0,0,0,0,75000,0,0,0,76000,1000,75000,75000
2612,中航            ,84000,7000,77000,0,0,0,0,0,0,-2000,0,2000,-2000,0,0,0,75000
063921,大立光元富9C購03,0,0,0,0,0,0,0,0,0,75000,0,0,0,84000,9000,75000,75000
06668P,祥碩凱基98售02  ,0,0,0,0,0,0,0,0,0,75000,0,0,0,185000,110000,75000,75000
052296,TPK國票96購01   ,0,0,0,0,0,0,0,0,0,75000,0,0,0,75000,0,75000,75000
054072,台積電富邦98購02,0,0,0,0,0,0,0,0,0,75000,0,0,0,2274000,2199000,75000,75000
053947,義隆富邦97購01  ,0,0,0,0,0,0,0,0,0,75000,0,0,0,85000,10000,75000,75000
054332,世芯永豐97購01  ,0,0,0,0,0,0,0,0,0,75000,0,0,0,85000,10000,75000,75000
054582,致新元大97購01  ,0,0,0,0,0,0,0,0,0,75000,0,0,0,75000,0,75000,75000
059127,國巨中信99購04  ,0,0,0,0,0,0,0,0,0,75000,0,0,0,80000,5000,75000,75000
056068,欣興元大97購05  ,0,0,0,0,0,0,0,0,0,75000,0,0,0,126000,51000,75000,75000
059732,超眾元大9A購01  ,0,0,0,0,0,0,0,0,0,75000,0,0,0,75000,0,75000,75000
058135,景碩元大99購01  ,0,0,0,0,0,0,0,0,0,75000,0,0,0,125000,50000,75000,75000
057266,TPK兆豐98購02   ,0,0,0,0,0,0,0,0,0,75000,0,0,0,729000,654000,75000,75000
061424,華新科元大9A購18,0,0,0,0,0,0,0,0,0,75000,0,0,0,75000,0,75000,75000
061335,國巨元大9A購19  ,0,0,0,0,0,0,0,0,0,75000,0,0,0,75000,0,75000,75000
061855,台郡國票9B購01  ,0,0,0,0,0,0,0,0,0,75000,0,0,0,95000,20000,75000,75000
061669,崇越中信9A購01  ,0,0,0,0,0,0,0,0,0,75000,0,0,0,85000,10000,75000,75000
063253,巨大元大9B購03  ,0,0,0,0,0,0,0,0,0,75000,0,0,0,189000,114000,75000,75000
063194,華新科台新9B購01,0,0,0,0,0,0,0,0,0,75000,0,0,0,75000,0,75000,75000
06677P,牧德國票98售02  ,0,0,0,0,0,0,0,0,0,74000,0,0,0,74000,0,74000,74000
06906P,國巨國泰99售01  ,0,0,0,0,0,0,0,0,0,74000,0,0,0,74000,0,74000,74000
063768,華新科國泰9C購03,0,0,0,0,0,0,0,0,0,74000,0,0,0,90000,16000,74000,74000
3543,州巧            ,80000,6000,74000,0,0,0,0,0,0,0,0,0,0,0,0,0,74000
2206,三陽工業        ,234000,160000,74000,0,0,0,0,0,0,0,0,0,0,0,0,0,74000
08196P,上銀元大9B售07  ,0,0,0,0,0,0,0,0,0,74000,0,0,0,100000,26000,74000,74000
08087P,聯發科凱基9B售12,0,0,0,0,0,0,0,0,0,74000,0,0,0,74000,0,74000,74000
055931,冠德群益97購02  ,40000,0,40000,0,0,0,0,0,0,34000,0,0,0,81000,47000,34000,74000
056686,可成統一98購01  ,0,0,0,0,0,0,0,0,0,74000,0,0,0,74000,0,74000,74000
006206,元大上證50      ,15000,589000,-574000,0,0,0,0,0,0,648000,0,20000,-20000,1135000,467000,668000,74000
057962,超眾元大99購03  ,0,0,0,0,0,0,0,0,0,74000,0,0,0,74000,0,74000,74000
060099,宏達電元大99購09,0,0,0,0,0,0,0,0,0,74000,0,0,0,190000,116000,74000,74000
057136,立積凱基98購02  ,0,0,0,0,0,0,0,0,0,74000,0,0,0,77000,3000,74000,74000
062330,可成統一9B購03  ,0,0,0,0,0,0,0,0,0,74000,0,0,0,74000,0,74000,74000
061643,嘉澤元大9A購05  ,0,0,0,0,0,0,0,0,0,74000,0,0,0,91000,17000,74000,74000
061910,台積電中信05購03,0,0,0,0,0,0,0,0,0,74000,0,0,0,77000,3000,74000,74000
8033,雷虎            ,94000,14000,80000,0,0,0,0,0,0,-6000,0,6000,-6000,0,0,0,74000
08121P,聯發科國票9B售05,0,0,0,0,0,0,0,0,0,73000,0,0,0,80000,7000,73000,73000
050842,旺宏國票97購01  ,0,0,0,0,0,0,0,0,0,73000,0,0,0,169000,96000,73000,73000
056732,國巨凱基98購07  ,0,0,0,0,0,0,0,0,0,73000,0,0,0,73000,0,73000,73000
058245,訊連元大99購01  ,0,0,0,0,0,0,0,0,0,73000,0,0,0,150000,77000,73000,73000
058037,台灣50元大9B購02,0,0,0,0,0,0,0,0,0,73000,0,0,0,75000,2000,73000,73000
057357,超眾統一98購01  ,0,0,0,0,0,0,0,0,0,73000,0,0,0,343000,270000,73000,73000
057466,泰鼎永豐98購01  ,0,0,0,0,0,0,0,0,0,73000,0,0,0,106000,33000,73000,73000
059958,鎧勝康和99購01  ,0,0,0,0,0,0,0,0,0,73000,0,0,0,73000,0,73000,73000
061848,國巨國票9B購07  ,0,0,0,0,0,0,0,0,0,73000,0,0,0,80000,7000,73000,73000
062970,智邦元富9B購01  ,0,0,0,0,0,0,0,0,0,73000,0,0,0,123000,50000,73000,73000
063108,世紀鋼群益9C購01,0,0,0,0,0,0,0,0,0,73000,0,0,0,199000,126000,73000,73000
3003,健和興          ,193000,70000,123000,0,0,0,0,0,0,-51000,1000,0,1000,0,52000,-52000,72000
046061,中石化凱基98購01,0,0,0,0,0,0,0,0,0,72000,0,0,0,125000,53000,72000,72000
056464,臺股指凱基99購06,0,0,0,0,0,0,0,0,0,72000,0,0,0,383000,311000,72000,72000
057886,聯詠群益98購01  ,0,0,0,0,0,0,0,0,0,72000,0,0,0,94000,22000,72000,72000
060559,世紀鋼凱基9C購01,0,0,0,0,0,0,0,0,0,72000,0,0,0,72000,0,72000,72000
063076,柏文永豐9B購02  ,0,0,0,0,0,0,0,0,0,72000,0,0,0,72000,0,72000,72000
062834,立積群益9B購02  ,0,0,0,0,0,0,0,0,0,72000,0,0,0,314000,242000,72000,72000
063396,金像電群益9C購01,0,0,0,0,0,0,0,0,0,72000,0,0,0,72000,0,72000,72000
062758,國巨凱基9B購09  ,0,0,0,0,0,0,0,0,0,72000,0,0,0,72000,0,72000,72000
061025,創意富邦9B購01  ,0,0,0,0,0,0,0,0,0,72000,0,0,0,168000,96000,72000,72000
6592,和潤企業        ,271000,113000,158000,0,0,0,0,0,0,-86000,0,98000,-98000,14000,2000,12000,72000
5469,瀚宇博          ,472000,272059,199941,0,0,0,0,0,0,-128000,1000,50000,-49000,10000,89000,-79000,71941
08219P,上銀凱基9B售08  ,0,0,0,0,0,0,0,0,0,71000,0,0,0,138000,67000,71000,71000
055025,華新科國泰98購02,0,0,0,0,0,0,0,0,0,71000,0,0,0,211000,140000,71000,71000
058743,可成康和99購01  ,0,0,0,0,0,0,0,0,0,71000,0,0,0,128000,57000,71000,71000
052388,旺宏群益96購05  ,0,0,0,0,0,0,0,0,0,71000,0,0,0,71000,0,71000,71000
051428,玉晶光統一96購01,0,0,0,0,0,0,0,0,0,71000,0,0,0,71000,0,71000,71000
060293,緯創元大9A購01  ,0,0,0,0,0,0,0,0,0,71000,0,0,0,76000,5000,71000,71000
060774,南亞科凱基9A購01,0,0,0,0,0,0,0,0,0,71000,0,0,0,324000,253000,71000,71000
058242,玉晶光元大9A購01,0,0,0,0,0,0,0,0,0,71000,0,0,0,78000,7000,71000,71000
057878,台郡元大99購04  ,0,0,0,0,0,0,0,0,0,71000,0,0,0,71000,0,71000,71000
059349,台郡凱基99購04  ,0,0,0,0,0,0,0,0,0,71000,0,0,0,81000,10000,71000,71000
059918,華新科元大99購20,0,0,0,0,0,0,0,0,0,71000,0,0,0,133000,62000,71000,71000
061066,嘉晶凱基9B購01  ,0,0,0,0,0,0,0,0,0,71000,0,0,0,97000,26000,71000,71000
061127,美食永豐9A購01  ,0,0,0,0,0,0,0,0,0,71000,0,0,0,136000,65000,71000,71000
061633,統一元大9A購01  ,5000,0,5000,0,0,0,0,0,0,66000,0,0,0,73000,7000,66000,71000
061720,智邦國泰9C購01  ,0,0,0,0,0,0,0,0,0,71000,0,0,0,195000,124000,71000,71000
062987,祥碩中信01購01  ,0,0,0,0,0,0,0,0,0,71000,0,0,0,85000,14000,71000,71000
063020,奇力新元大9B購04,0,0,0,0,0,0,0,0,0,71000,0,0,0,102000,31000,71000,71000
06886P,旺宏元大99售07  ,0,0,0,0,0,0,0,0,0,70000,0,0,0,85000,15000,70000,70000
07243P,台灣50凱基9A售04,0,0,0,0,0,0,0,0,0,70000,0,0,0,70000,0,70000,70000
03604P,群創凱基98售05  ,0,0,0,0,0,0,0,0,0,70000,0,0,0,80000,10000,70000,70000
046383,群創凱基98購01  ,0,0,0,0,0,0,0,0,0,70000,0,0,0,70000,0,70000,70000
04854P,鴻海國泰96售04  ,0,0,0,0,0,0,0,0,0,70000,0,0,0,361000,291000,70000,70000
055576,嘉晶統一98購01  ,0,0,0,0,0,0,0,0,0,70000,0,0,0,82000,12000,70000,70000
056581,超眾元大99購01  ,0,0,0,0,0,0,0,0,0,70000,0,0,0,91000,21000,70000,70000
058995,台達電元大99購01,0,0,0,0,0,0,0,0,0,70000,0,0,0,70000,0,70000,70000
055005,晶相光元富97購01,0,0,0,0,0,0,0,0,0,70000,0,0,0,70000,0,70000,70000
058580,華新科群益99購02,0,0,0,0,0,0,0,0,0,70000,0,0,0,70000,0,70000,70000
05995P,T50正2中信9C售01,0,0,0,0,0,0,0,0,0,70000,0,0,0,160000,90000,70000,70000
059203,勤誠永豐99購02  ,0,0,0,0,0,0,0,0,0,70000,0,0,0,70000,0,70000,70000
05923P,旺宏元富96售05  ,0,0,0,0,0,0,0,0,0,70000,0,0,0,70000,0,70000,70000
059259,FBVIX中信03購06 ,0,0,0,0,0,0,0,0,0,70000,0,0,0,105000,35000,70000,70000
060022,勤誠康和99購01  ,0,0,0,0,0,0,0,0,0,70000,0,0,0,70000,0,70000,70000
056926,日月光兆豐98購01,0,0,0,0,0,0,0,0,0,70000,0,0,0,70000,0,70000,70000
057125,國巨凱基98購12  ,0,0,0,0,0,0,0,0,0,70000,0,0,0,80000,10000,70000,70000
060644,泰鼎永豐9A購02  ,0,0,0,0,0,0,0,0,0,70000,0,0,0,86000,16000,70000,70000
060355,元金2X元富9C購01,0,0,0,0,0,0,0,0,0,70000,0,0,0,71000,1000,70000,70000
062935,華通凱基9C購02  ,0,0,0,0,0,0,0,0,0,70000,0,0,0,120000,50000,70000,70000
062919,聯茂元大9B購01  ,0,0,0,0,0,0,0,0,0,70000,0,0,0,139000,69000,70000,70000
062757,華通凱基9B購02  ,0,0,0,0,0,0,0,0,0,70000,0,0,0,70000,0,70000,70000
062561,瀚宇博凱基9B購01,0,0,0,0,0,0,0,0,0,70000,0,0,0,105000,35000,70000,70000
062418,台積電統一01購06,0,0,0,0,0,0,0,0,0,70000,0,0,0,70000,0,70000,70000
062232,聯詠麥證9C購01  ,0,0,0,70000,0,70000,0,0,0,70000,0,0,0,70000,0,70000,70000
06650P,聯發科元大98售09,0,0,0,0,0,0,0,0,0,69000,0,0,0,70000,1000,69000,69000
063991,南六永豐9C購02  ,0,0,0,0,0,0,0,0,0,69000,0,0,0,71000,2000,69000,69000
063459,華通元大9B購08  ,0,0,0,0,0,0,0,0,0,69000,0,0,0,103000,34000,69000,69000
058910,泰鼎元大99購03  ,0,0,0,0,0,0,0,0,0,69000,0,0,0,154000,85000,69000,69000
056520,鴻海日盛99購01  ,0,0,0,0,0,0,0,0,0,69000,0,0,0,69000,0,69000,69000
054201,聯詠富邦97購02  ,0,0,0,0,0,0,0,0,0,69000,0,0,0,70000,1000,69000,69000
050854,世紀鋼國票97購01,0,0,0,0,0,0,0,0,0,69000,0,0,0,69000,0,69000,69000
06051P,嘉聯益國票97售04,0,0,0,0,0,0,0,0,0,69000,0,0,0,69000,0,69000,69000
060785,國巨富邦9B購04  ,0,0,0,0,0,0,0,0,0,69000,0,0,0,121000,52000,69000,69000
060030,晶相光永豐99購03,0,0,0,0,0,0,0,0,0,69000,0,0,0,127000,58000,69000,69000
057887,智原群益98購04  ,0,0,0,0,0,0,0,0,0,69000,0,0,0,69000,0,69000,69000
057237,群創凱基9B購02  ,0,0,0,0,0,0,0,0,0,69000,0,0,0,69000,0,69000,69000
057212,台積電群益98購03,0,0,0,0,0,0,0,0,0,69000,0,0,0,69000,0,69000,69000
059834,友達國泰9B購01  ,0,0,0,0,0,0,0,0,0,69000,0,0,0,90000,21000,69000,69000
062939,奇力新凱基9B購02,0,0,0,0,0,0,0,0,0,69000,0,0,0,77000,8000,69000,69000
062863,聯茂國票9B購01  ,0,0,0,0,0,0,0,0,0,69000,0,0,0,83000,14000,69000,69000
063306,聯茂凱基9C購01  ,0,0,0,0,0,0,0,0,0,69000,0,0,0,117000,48000,69000,69000
061647,南六元大9A購03  ,0,0,0,0,0,0,0,0,0,69000,0,0,0,81000,12000,69000,69000
062075,智邦元大9B購03  ,0,0,0,0,0,0,0,0,0,69000,0,0,0,105000,36000,69000,69000
061420,國巨元大9A購22  ,0,0,0,0,0,0,0,0,0,69000,0,0,0,96000,27000,69000,69000
060713,聯詠永豐9A購01  ,0,0,0,0,0,0,0,0,0,69000,0,0,0,110000,41000,69000,69000
08140P,祥碩元大9B售07  ,0,0,0,0,0,0,0,0,0,68000,0,0,0,255000,187000,68000,68000
053982,臻鼎元大96購05  ,0,0,0,0,0,0,0,0,0,68000,0,0,0,68000,0,68000,68000
055592,奇力新元大97購07,0,0,0,0,0,0,0,0,0,68000,0,0,0,68000,0,68000,68000
055604,訊芯元大98購02  ,0,0,0,0,0,0,0,0,0,68000,0,0,0,73000,5000,68000,68000
056320,京鼎群益99購01  ,0,0,0,0,0,0,0,0,0,68000,0,0,0,273000,205000,68000,68000
057650,力成元大98購04  ,0,0,0,0,0,0,0,0,0,68000,0,0,0,68000,0,68000,68000
057827,康友元大98購03  ,0,0,0,0,0,0,0,0,0,68000,0,0,0,68000,0,68000,68000
057743,華擎永豐98購03  ,0,0,0,0,0,0,0,0,0,68000,0,0,0,145000,77000,68000,68000
057495,牧德元大99購04  ,0,0,0,0,0,0,0,0,0,68000,0,0,0,68000,0,68000,68000
057498,台郡元大98購04  ,0,0,0,0,0,0,0,0,0,68000,0,0,0,118000,50000,68000,68000
057392,福懋科永豐98購01,0,0,0,0,0,0,0,0,0,68000,0,0,0,68000,0,68000,68000
060125,強茂永豐99購01  ,0,0,0,0,0,0,0,0,0,68000,0,0,0,76000,8000,68000,68000
057135,立積凱基98購01  ,0,0,0,0,0,0,0,0,0,68000,0,0,0,68000,0,68000,68000
059660,華新科元大9A購04,0,0,0,0,0,0,0,0,0,68000,0,0,0,68000,0,68000,68000
059567,台積電凱基9A購12,0,0,0,0,0,0,0,0,0,68000,0,0,0,70000,2000,68000,68000
060848,聯茂國票9A購02  ,0,0,0,0,0,0,0,0,0,68000,0,0,0,138000,70000,68000,68000
061229,緯穎中信9B購01  ,0,0,0,0,0,0,0,0,0,68000,0,0,0,146000,78000,68000,68000
063359,泰鼎國泰01購01  ,0,0,0,0,0,0,0,0,0,68000,0,0,0,98000,30000,68000,68000
063147,東元元富9B購01  ,0,0,0,0,0,0,0,0,0,68000,0,0,0,68000,0,68000,68000
063266,聯發科第一9B購01,0,0,0,0,0,0,0,0,0,68000,0,0,0,68000,0,68000,68000
062954,世芯永豐9B購03  ,0,0,0,0,0,0,0,0,0,68000,0,0,0,107000,39000,68000,68000
062624,大成鋼國票9B購02,0,0,0,0,0,0,0,0,0,68000,0,0,0,116000,48000,68000,68000
2929,淘帝-KY         ,207000,139874,67126,0,0,0,0,0,0,0,0,0,0,0,0,0,67126
07639P,緯穎國票9A售01  ,0,0,0,0,0,0,0,0,0,67000,0,0,0,130000,63000,67000,67000
063612,金像電群益9B購04,0,0,0,0,0,0,0,0,0,67000,0,0,0,82000,15000,67000,67000
07114P,旺宏兆豐9A售01  ,0,0,0,0,0,0,0,0,0,67000,0,0,0,68000,1000,67000,67000
047547,友達凱基99購02  ,0,0,0,0,0,0,0,0,0,67000,0,0,0,127000,60000,67000,67000
00733,富邦臺灣中小    ,0,0,0,0,0,0,0,0,0,67000,0,0,0,268000,201000,67000,67000
035276,南亞科台新97購01,0,0,0,0,0,0,0,0,0,67000,0,0,0,108000,41000,67000,67000
056986,超眾群益98購03  ,0,0,0,0,0,0,0,0,0,67000,0,0,0,67000,0,67000,67000
060310,瑞昱永豐9A購01  ,0,0,0,0,0,0,0,0,0,67000,0,0,0,67000,0,67000,67000
057902,嘉晶永豐98購02  ,0,0,0,0,0,0,0,0,0,67000,0,0,0,87000,20000,67000,67000
062574,美食群益9B購02  ,0,0,0,0,0,0,0,0,0,67000,0,0,0,106000,39000,67000,67000
062983,緯穎元富9B購01  ,0,0,0,0,0,0,0,0,0,67000,0,0,0,154000,87000,67000,67000
062984,致新元富9B購01  ,0,0,0,0,0,0,0,0,0,67000,0,0,0,171000,104000,67000,67000
6183,關貿            ,141000,73000,68000,0,0,0,0,0,0,-1000,0,1000,-1000,0,0,0,67000
063725,聯電元大9C購03  ,0,0,0,0,0,0,0,0,0,66000,0,0,0,132000,66000,66000,66000
063836,台塑元大9C購01  ,0,0,0,0,0,0,0,0,0,66000,0,0,0,76000,10000,66000,66000
042793,台積電台新9C購01,0,0,0,0,0,0,0,0,0,66000,0,0,0,67000,1000,66000,66000
055515,聚陽中信9A購01  ,0,0,0,0,0,0,0,0,0,66000,0,0,0,86000,20000,66000,66000
058987,華新科凱基9B購01,0,0,0,0,0,0,0,0,0,66000,0,0,0,66000,0,66000,66000
058051,同欣電元大98購03,0,0,0,0,0,0,0,0,0,66000,0,0,0,68000,2000,66000,66000
063026,南六元大9B購04  ,0,0,0,0,0,0,0,0,0,66000,0,0,0,133000,67000,66000,66000
062880,大立光兆豐9B購02,0,0,0,0,0,0,0,0,0,66000,0,0,0,104000,38000,66000,66000
063780,高鐵永豐9B購02  ,0,0,0,0,0,0,0,0,0,65000,0,0,0,65000,0,65000,65000
06551P,貿聯元大98售05  ,0,0,0,0,0,0,0,0,0,65000,0,0,0,66000,1000,65000,65000
08063P,立積國票9B售03  ,0,0,0,0,0,0,0,0,0,65000,0,0,0,80000,15000,65000,65000
1229,聯華            ,240000,175000,65000,0,0,0,0,0,0,0,0,0,0,0,0,0,65000
05889P,群創元大98售02  ,0,0,0,0,0,0,0,0,0,65000,0,0,0,96000,31000,65000,65000
056699,光罩國泰99購01  ,0,0,0,0,0,0,0,0,0,65000,0,0,0,230000,165000,65000,65000
052557,群創國票97購02  ,0,0,0,0,0,0,0,0,0,65000,0,0,0,65000,0,65000,65000
059503,大立光富邦9B購04,0,0,0,0,0,0,0,0,0,65000,0,0,0,114000,49000,65000,65000
057895,全新元富9B購01  ,0,0,0,0,0,0,0,0,0,65000,0,0,0,163000,98000,65000,65000
056898,全新元大98購02  ,0,0,0,0,0,0,0,0,0,65000,0,0,0,65000,0,65000,65000
057219,群創群益98購10  ,0,0,0,0,0,0,0,0,0,65000,0,0,0,65000,0,65000,65000
058693,旭富國票9A購01  ,0,0,0,0,0,0,0,0,0,65000,0,0,0,82000,17000,65000,65000
062816,華新科兆豐9B購01,0,0,0,0,0,0,0,0,0,65000,0,0,0,76000,11000,65000,65000
062543,華通富邦9C購01  ,0,0,0,0,0,0,0,0,0,65000,0,0,0,295000,230000,65000,65000
062688,華擎統一01購03  ,0,0,0,0,0,0,0,0,0,65000,0,0,0,328000,263000,65000,65000
060966,台表科凱基9B購01,0,0,0,0,0,0,0,0,0,65000,0,0,0,143000,78000,65000,65000
062031,臻鼎群益9B購01  ,0,0,0,0,0,0,0,0,0,65000,0,0,0,67000,2000,65000,65000
061576,華新科元大9A購21,0,0,0,0,0,0,0,0,0,65000,0,0,0,65000,0,65000,65000
061501,嘉澤國票9A購01  ,0,0,0,0,0,0,0,0,0,65000,0,0,0,93000,28000,65000,65000
08092P,仁寶元富9B售02  ,0,0,0,0,0,0,0,0,0,64000,0,0,0,100000,36000,64000,64000
3149,正達            ,73000,9000,64000,0,0,0,0,0,0,0,0,0,0,0,0,0,64000
06396P,新日興康和97售01,0,0,0,0,0,0,0,0,0,64000,0,0,0,64000,0,64000,64000
063950,信邦元大9C購01  ,0,0,0,0,0,0,0,0,0,64000,0,0,0,139000,75000,64000,64000
056584,鴻海統一9B購01  ,0,0,0,0,0,0,0,0,0,64000,0,0,0,934000,870000,64000,64000
052945,嘉晶國票97購01  ,0,0,0,0,0,0,0,0,0,64000,0,0,0,94000,30000,64000,64000
058586,鴻海中信01購02  ,0,0,0,0,0,0,0,0,0,64000,0,0,0,165000,101000,64000,64000
058573,鴻海群益9A購02  ,0,0,0,0,0,0,0,0,0,64000,0,0,0,69000,5000,64000,64000
059771,台積電群益99購11,0,0,0,0,0,0,0,0,0,64000,0,0,0,74000,10000,64000,64000
059908,元金2X元大99購01,0,0,0,0,0,0,0,0,0,64000,0,0,0,116000,52000,64000,64000
057385,光罩永豐99購01  ,0,0,0,0,0,0,0,0,0,64000,0,0,0,139000,75000,64000,64000
058428,大立光元富99購02,0,0,0,0,0,0,0,0,0,64000,0,0,0,74000,10000,64000,64000
058204,世芯凱基9A購01  ,0,0,0,0,0,0,0,0,0,64000,0,0,0,64000,0,64000,64000
058008,禾伸堂國票99購02,0,0,0,0,0,0,0,0,0,64000,0,0,0,64000,0,64000,64000
062020,智伸科永豐9B購01,0,0,0,0,0,0,0,0,0,64000,0,0,0,118000,54000,64000,64000
061870,智邦元大9B購02  ,0,0,0,0,0,0,0,0,0,64000,0,0,0,115000,51000,64000,64000
060800,華新科第一9A購01,0,0,0,0,0,0,0,0,0,64000,0,0,0,104000,40000,64000,64000
061110,超眾元大9A購03  ,0,0,0,0,0,0,0,0,0,64000,0,0,0,112000,48000,64000,64000
062661,華通群益9B購05  ,0,0,0,0,0,0,0,0,0,64000,0,0,0,65000,1000,64000,64000
062341,台表科麥證9C購01,0,0,0,74000,10000,64000,0,0,0,64000,0,0,0,74000,10000,64000,64000
5258,虹堡            ,68000,2000,66000,0,0,0,0,0,0,-2000,1000,3000,-2000,0,0,0,64000
2362,藍天            ,100000,8000,92000,0,0,0,0,0,0,-29000,1000,30000,-29000,0,0,0,63000
053522,臺股指群益99購01,0,0,0,0,0,0,0,0,0,63000,0,0,0,63000,0,63000,63000
058875,台表科國票9A購02,0,0,0,0,0,0,0,0,0,63000,0,0,0,71000,8000,63000,63000
055166,台積電統一97購05,0,0,0,0,0,0,0,0,0,63000,0,0,0,63000,0,63000,63000
055848,大立光元大97購11,0,0,0,0,0,0,0,0,0,63000,0,0,0,101000,38000,63000,63000
054523,GIS元大96購05   ,0,0,0,0,0,0,0,0,0,63000,0,0,0,88000,25000,63000,63000
059687,卜蜂永豐99購01  ,0,0,0,0,0,0,0,0,0,63000,0,0,0,63000,0,63000,63000
060327,美律群益9A購02  ,0,0,0,0,0,0,0,0,0,63000,0,0,0,300000,237000,63000,63000
060539,道瓊反凱基9A購01,0,0,0,0,0,0,0,0,0,63000,0,0,0,72000,9000,63000,63000
056936,禾伸堂元富98購01,0,0,0,0,0,0,0,0,0,63000,0,0,0,63000,0,63000,63000
056900,可成元大98購02  ,0,0,0,0,0,0,0,0,0,63000,0,0,0,68000,5000,63000,63000
059292,華新科元富9B購02,0,0,0,0,0,0,0,0,0,63000,0,0,0,69000,6000,63000,63000
062408,致新永豐9B購01  ,0,0,0,0,0,0,0,0,0,63000,0,0,0,142000,79000,63000,63000
062182,華新科元大9B購07,0,0,0,0,0,0,0,0,0,63000,0,0,0,63000,0,63000,63000
062744,超眾國泰9C購01  ,0,0,0,0,0,0,0,0,0,63000,0,0,0,63000,0,63000,63000
062576,華擎群益9B購02  ,0,0,0,0,0,0,0,0,0,63000,0,0,0,63000,0,63000,63000
062995,聚陽國票9C購01  ,0,0,0,0,0,0,0,0,0,63000,0,0,0,129000,66000,63000,63000
063233,國巨元大9B購19  ,0,0,0,0,0,0,0,0,0,63000,0,0,0,65000,2000,63000,63000
063155,緯穎元富9B購03  ,0,0,0,0,0,0,0,0,0,63000,0,0,0,84000,21000,63000,63000
063420,奇力新凱基9B購03,0,0,0,0,0,0,0,0,0,63000,0,0,0,67000,4000,63000,63000
4566,時碩工業        ,66000,3000,63000,0,0,0,0,0,0,0,0,0,0,0,0,0,63000
6449,鈺邦            ,67000,4000,63000,0,0,0,0,0,0,0,3000,3000,0,0,0,0,63000
8261,富鼎            ,142000,73000,69000,0,0,0,0,0,0,-6000,0,6000,-6000,0,0,0,63000
1447,力鵬            ,262000,200000,62000,0,0,0,0,0,0,0,0,0,0,0,0,0,62000
2850,新產            ,95000,34000,61000,0,0,0,0,0,0,1000,1000,0,1000,0,0,0,62000
063598,國巨凱基9B購14  ,0,0,0,0,0,0,0,0,0,62000,0,0,0,70000,8000,62000,62000
063479,南六元大9B購06  ,0,0,0,0,0,0,0,0,0,62000,0,0,0,134000,72000,62000,62000
063500,嘉晶永豐9B購02  ,0,0,0,0,0,0,0,0,0,62000,0,0,0,151000,89000,62000,62000
056558,台達電群益98購01,0,0,0,0,0,0,0,0,0,62000,0,0,0,62000,0,62000,62000
054135,大立光元大97購04,0,0,0,0,0,0,0,0,0,62000,0,0,0,68000,6000,62000,62000
060557,南電凱基9A購02  ,0,0,0,0,0,0,0,0,0,62000,0,0,0,68000,6000,62000,62000
060430,和潤永豐9A購01  ,0,0,0,0,0,0,0,0,0,62000,0,0,0,72000,10000,62000,62000
060453,儒鴻元大9A購02  ,0,0,0,0,0,0,0,0,0,62000,0,0,0,123000,61000,62000,62000
057172,南亞科元大98購03,0,0,0,0,0,0,0,0,0,62000,0,0,0,110000,48000,62000,62000
058140,臻鼎元大99購02  ,0,0,0,0,0,0,0,0,0,62000,0,0,0,70000,8000,62000,62000
061228,聯茂中信9A購01  ,0,0,0,0,0,0,0,0,0,62000,0,0,0,110000,48000,62000,62000
063885,南六元富9C購01  ,0,0,0,0,0,0,0,0,0,61000,0,0,0,64000,3000,61000,61000
07314P,T50正2元大9C售03,0,0,0,0,0,0,0,0,0,61000,0,0,0,61000,0,61000,61000
2506,太設            ,61000,0,61000,0,0,0,0,0,0,0,0,0,0,0,0,0,61000
049485,台積電元大96購03,0,0,0,0,0,0,0,0,0,61000,0,0,0,61000,0,61000,61000
053784,奇力新元大97購02,0,0,0,0,0,0,0,0,0,61000,0,0,0,61000,0,61000,61000
055393,華新科統一97購03,0,0,0,0,0,0,0,0,0,61000,0,0,0,61000,0,61000,61000
055594,華新科元大98購02,0,0,0,0,0,0,0,0,0,61000,0,0,0,61000,0,61000,61000
055781,聯詠凱基98購01  ,0,0,0,0,0,0,0,0,0,61000,0,0,0,111000,50000,61000,61000
055058,大毅永豐97購01  ,0,0,0,0,0,0,0,0,0,61000,0,0,0,67000,6000,61000,61000
056119,欣興群益97購02  ,0,0,0,0,0,0,0,0,0,61000,0,0,0,90000,29000,61000,61000
060744,鴻海國票9A購04  ,0,0,0,0,0,0,0,0,0,61000,0,0,0,141000,80000,61000,61000
060379,T50反1凱基9A購07,0,0,0,0,0,0,0,0,0,61000,0,0,0,61000,0,61000,61000
059656,T50反1元大99購11,0,0,0,0,0,0,0,0,0,61000,0,0,0,170000,109000,61000,61000
058180,華新科國泰9A購01,0,0,0,0,0,0,0,0,0,61000,0,0,0,136000,75000,61000,61000
058488,華擎國票9A購01  ,0,0,0,0,0,0,0,0,0,61000,0,0,0,61000,0,61000,61000
057272,台積電元大98購14,0,0,0,0,0,0,0,0,0,61000,0,0,0,101000,40000,61000,61000
059075,FBVIX元大99購01 ,0,0,0,0,0,0,0,0,0,61000,0,0,0,66000,5000,61000,61000
057601,中磊群益98購01  ,0,0,0,0,0,0,0,0,0,61000,0,0,0,82000,21000,61000,61000
060699,華新科國泰9B購03,0,0,0,0,0,0,0,0,0,61000,0,0,0,78000,17000,61000,61000
061839,華新科凱基05購04,0,0,0,0,0,0,0,0,0,61000,0,0,0,96000,35000,61000,61000
061617,微星群益9A購02  ,0,0,0,0,0,0,0,0,0,61000,0,0,0,86000,25000,61000,61000
063278,國巨元大9C購04  ,0,0,0,0,0,0,0,0,0,61000,0,0,0,61000,0,61000,61000
062685,華新科統一9C購03,0,0,0,0,0,0,0,0,0,61000,0,0,0,62000,1000,61000,61000
4952,凌通            ,62000,1000,61000,0,0,0,0,0,0,0,0,0,0,0,0,0,61000
6197,佳必琪          ,95000,34000,61000,0,0,0,0,0,0,0,0,0,0,0,0,0,61000
2514,龍邦            ,65000,4480,60520,0,0,0,0,0,0,0,0,0,0,0,0,0,60520
2233,宇隆            ,58000,79000,-21000,0,0,0,0,0,0,81000,86000,5000,81000,0,0,0,60000
08015P,可成凱基9B售05  ,0,0,0,0,0,0,0,0,0,60000,0,0,0,60000,0,60000,60000
07659P,中租凱基9A售02  ,0,0,0,0,0,0,0,0,0,60000,0,0,0,60000,0,60000,60000
07951P,智邦元大9B售05  ,0,0,0,0,0,0,0,0,0,60000,0,0,0,60000,0,60000,60000
07455P,聯發科元大9A售01,0,0,0,0,0,0,0,0,0,60000,0,0,0,90000,30000,60000,60000
06391P,上銀中信97售03  ,0,0,0,0,0,0,0,0,0,60000,0,0,0,60000,0,60000,60000
063517,遠東新凱基01購01,0,0,0,0,0,0,0,0,0,60000,0,0,0,60000,0,60000,60000
063728,國巨元大9B購21  ,0,0,0,0,0,0,0,0,0,60000,0,0,0,60000,0,60000,60000
06370P,貿聯凱基97售03  ,0,0,0,0,0,0,0,0,0,60000,0,0,0,205000,145000,60000,60000
05606P,TPK國票97售02   ,0,0,0,0,0,0,0,0,0,60000,0,0,0,60000,0,60000,60000
05478P,智伸科國票96售02,0,0,0,0,0,0,0,0,0,60000,0,0,0,60000,0,60000,60000
055131,茂林康和97購01  ,0,0,0,0,0,0,0,0,0,60000,0,0,0,60000,0,60000,60000
058993,滬深反元大9C購01,0,0,0,0,0,0,0,0,0,60000,0,0,0,60000,0,60000,60000
059000,台積電元大99購25,0,0,0,0,0,0,0,0,0,60000,0,0,0,95000,35000,60000,60000
056763,國巨元大99購02  ,0,0,0,0,0,0,0,0,0,60000,0,0,0,60000,0,60000,60000
055400,緯穎統一97購01  ,0,0,0,0,0,0,0,0,0,60000,0,0,0,64000,4000,60000,60000
053055,聯詠國票97購01  ,0,0,0,0,0,0,0,0,0,60000,0,0,0,60000,0,60000,60000
052893,聯電群益98購01  ,0,0,0,0,0,0,0,0,0,60000,0,0,0,70000,10000,60000,60000
05348P,美律元富98售01  ,0,0,0,0,0,0,0,0,0,60000,0,0,0,80000,20000,60000,60000
053494,南亞科兆豐96購02,0,0,0,0,0,0,0,0,0,60000,0,0,0,60000,0,60000,60000
053632,新唐兆豐96購01  ,0,0,0,0,0,0,0,0,0,60000,0,0,0,60000,0,60000,60000
053398,和鑫中信99購01  ,0,0,0,0,0,0,0,0,0,60000,0,0,0,60000,0,60000,60000
053913,華新國票97購01  ,0,0,0,0,0,0,0,0,0,60000,0,0,0,60000,0,60000,60000
054205,華新國票97購02  ,0,0,0,0,0,0,0,0,0,60000,0,0,0,60000,0,60000,60000
051846,S&P反1中信96購02,0,0,0,0,0,0,0,0,0,60000,0,0,0,60000,0,60000,60000
051561,玉晶光國泰97購04,0,0,0,0,0,0,0,0,0,60000,0,0,0,60000,0,60000,60000
059051,和大凱基9A購01  ,0,0,0,0,0,0,0,0,0,60000,0,0,0,60000,0,60000,60000
059880,世紀鋼凱基99購02,0,0,0,0,0,0,0,0,0,60000,0,0,0,70000,10000,60000,60000
057745,泰鼎永豐99購01  ,0,0,0,0,0,0,0,0,0,60000,0,0,0,191000,131000,60000,60000
058739,喬山中信99購01  ,0,0,0,0,0,0,0,0,0,60000,0,0,0,423000,363000,60000,60000
057437,可成國票99購01  ,0,0,0,0,0,0,0,0,0,60000,0,0,0,71000,11000,60000,60000
057535,泰鼎元大99購01  ,0,0,0,0,0,0,0,0,0,60000,0,0,0,60000,0,60000,60000
057864,奇力新凱基99購03,0,0,0,0,0,0,0,0,0,60000,0,0,0,60000,0,60000,60000
057319,奇力新凱基99購02,0,0,0,0,0,0,0,0,0,60000,0,0,0,99000,39000,60000,60000
059524,FBVIX凱基9A購02 ,0,0,0,0,0,0,0,0,0,60000,0,0,0,62000,2000,60000,60000
060776,世芯凱基9B購01  ,0,0,0,0,0,0,0,0,0,60000,0,0,0,88000,28000,60000,60000
058107,全新台新99購01  ,0,0,0,0,0,0,0,0,0,60000,0,0,0,60000,0,60000,60000
057197,立積台新98購01  ,0,0,0,0,0,0,0,0,0,60000,0,0,0,60000,0,60000,60000
062778,國巨元大9B購17  ,0,0,0,0,0,0,0,0,0,60000,0,0,0,60000,0,60000,60000
062557,台光電凱基9B購02,0,0,0,0,0,0,0,0,0,60000,0,0,0,60000,0,60000,60000
062497,遠東新群益9B購01,0,0,0,0,0,0,0,0,0,60000,0,0,0,60000,0,60000,60000
062355,華通元大9B購03  ,0,0,0,0,0,0,0,0,0,60000,0,0,0,75000,15000,60000,60000
062329,奇力新統一9C購03,0,0,0,0,0,0,0,0,0,60000,0,0,0,60000,0,60000,60000
063162,國喬永豐9B購01  ,0,0,0,0,0,0,0,0,0,60000,0,0,0,65000,5000,60000,60000
063300,華通凱基9B購05  ,0,0,0,0,0,0,0,0,0,60000,0,0,0,60000,0,60000,60000
060681,華擎元大9A購02  ,0,0,0,0,0,0,0,0,0,60000,0,0,0,65000,5000,60000,60000
061052,和大群益9A購01  ,0,0,0,0,0,0,0,0,0,60000,0,0,0,60000,0,60000,60000
061262,智邦凱基9A購02  ,0,0,0,0,0,0,0,0,0,60000,0,0,0,60000,0,60000,60000
061336,國巨元大9A購20  ,0,0,0,0,0,0,0,0,0,60000,0,0,0,60000,0,60000,60000
4540,全球傳動        ,97000,38000,59000,0,0,0,0,0,0,1000,1000,0,1000,0,0,0,60000
9943,好樂迪          ,71000,11000,60000,0,0,0,0,0,0,0,0,0,0,0,0,0,60000
058142,瑞儀元大99購01  ,0,0,0,0,0,0,0,0,0,59000,0,0,0,94000,35000,59000,59000
057451,大立光元富9B購01,0,0,0,0,0,0,0,0,0,59000,0,0,0,69000,10000,59000,59000
059268,鎧勝中信01購01  ,0,0,0,0,0,0,0,0,0,59000,0,0,0,160000,101000,59000,59000
057712,南亞科統一9A購01,0,0,0,0,0,0,0,0,0,59000,0,0,0,90000,31000,59000,59000
061451,南電中信9A購03  ,0,0,0,0,0,0,0,0,0,59000,0,0,0,117000,58000,59000,59000
063427,南六凱基9B購04  ,0,0,0,0,0,0,0,0,0,59000,0,0,0,66000,7000,59000,59000
062821,華擎兆豐9C購01  ,0,0,0,0,0,0,0,0,0,59000,0,0,0,283000,224000,59000,59000
06658P,台灣50富邦9C售01,0,0,0,0,0,0,0,0,0,58000,0,0,0,480000,422000,58000,58000
1307,三芳            ,133000,75000,58000,0,0,0,0,0,0,0,0,0,0,0,0,0,58000
2913,農林            ,206000,149000,57000,0,0,0,0,0,0,1000,1000,0,1000,0,0,0,58000
053972,華新科元大96購06,0,0,0,0,0,0,0,0,0,58000,0,0,0,140000,82000,58000,58000
053294,聯發科中信9C購01,0,0,0,0,0,0,0,0,0,58000,0,0,0,85000,27000,58000,58000
056286,奇鋐永豐97購01  ,0,0,0,0,0,0,0,0,0,58000,0,0,0,58000,0,58000,58000
059195,國巨永豐99購04  ,0,0,0,0,0,0,0,0,0,58000,0,0,0,58000,0,58000,58000
058687,聯茂凱基9A購01  ,0,0,0,0,0,0,0,0,0,58000,0,0,0,65000,7000,58000,58000
057667,可成元大99購01  ,0,0,0,0,0,0,0,0,0,58000,0,0,0,68000,10000,58000,58000
058177,華新科凱基99購02,0,0,0,0,0,0,0,0,0,58000,0,0,0,58000,0,58000,58000
062415,聯茂中信9C購01  ,0,0,0,0,0,0,0,0,0,58000,0,0,0,122000,64000,58000,58000
062236,信邦凱基9B購01  ,0,0,0,0,0,0,0,0,0,58000,0,0,0,124000,66000,58000,58000
061970,大立光統一9C購03,0,0,0,0,0,0,0,0,0,58000,0,0,0,58000,0,58000,58000
061198,世紀鋼永豐9A購03,0,0,0,0,0,0,0,0,0,58000,0,0,0,58000,0,58000,58000
06855P,聯發科富邦9A售01,0,0,0,0,0,0,0,0,0,57000,0,0,0,117000,60000,57000,57000
07407P,欣興凱基99售07  ,0,0,0,0,0,0,0,0,0,57000,0,0,0,158000,101000,57000,57000
059145,創意國票99購02  ,0,0,0,0,0,0,0,0,0,57000,0,0,0,60000,3000,57000,57000
058812,台積電統一9B購06,0,0,0,0,0,0,0,0,0,57000,0,0,0,88000,31000,57000,57000
057651,矽力元大98購03  ,0,0,0,0,0,0,0,0,0,57000,0,0,0,58000,1000,57000,57000
059248,華新科凱基99購04,0,0,0,0,0,0,0,0,0,57000,0,0,0,57000,0,57000,57000
062803,嘉晶統一9B購02  ,0,0,0,0,0,0,0,0,0,57000,0,0,0,103000,46000,57000,57000
062784,世芯元大9B購01  ,0,0,0,0,0,0,0,0,0,57000,0,0,0,57000,0,57000,57000
063842,國巨元大9C購10  ,0,0,0,0,0,0,0,0,0,56000,0,0,0,183000,127000,56000,56000
1708,東鹼            ,57000,1000,56000,0,0,0,0,0,0,0,0,0,0,0,0,0,56000
056419,欣興元富98購02  ,0,0,0,0,0,0,0,0,0,56000,0,0,0,64000,8000,56000,56000
00713,元大台灣高息低波,0,0,0,0,0,0,0,0,0,56000,0,0,0,63000,7000,56000,56000
059887,華新科國票99購02,0,0,0,0,0,0,0,0,0,56000,0,0,0,56000,0,56000,56000
057875,京鼎元大98購03  ,0,0,0,0,0,0,0,0,0,56000,0,0,0,150000,94000,56000,56000
060034,立積永豐99購04  ,0,0,0,0,0,0,0,0,0,56000,0,0,0,141000,85000,56000,56000
058317,國巨永豐99購02  ,0,0,0,0,0,0,0,0,0,56000,0,0,0,56000,0,56000,56000
062409,巨大永豐9B購02  ,0,0,0,0,0,0,0,0,0,56000,0,0,0,111000,55000,56000,56000
062485,華通國泰01購01  ,0,0,0,0,0,0,0,0,0,56000,0,0,0,153000,97000,56000,56000
061179,華擎凱基9A購01  ,0,0,0,0,0,0,0,0,0,56000,0,0,0,56000,0,56000,56000
061387,鴻海群益9A購05  ,0,0,0,0,0,0,0,0,0,56000,0,0,0,66000,10000,56000,56000
6533,晶心科          ,87000,31000,56000,0,0,0,0,0,0,0,0,0,0,0,0,0,56000
06471P,臺股指凱基99售11,0,0,0,0,0,0,0,0,0,55000,0,0,0,72000,17000,55000,55000
053502,智伸科兆豐97購01,0,0,0,0,0,0,0,0,0,55000,0,0,0,55000,0,55000,55000
053694,創意元大96購03  ,0,0,0,0,0,0,0,0,0,55000,0,0,0,155000,100000,55000,55000
053800,華通凱基97購03  ,0,0,0,0,0,0,0,0,0,55000,0,0,0,55000,0,55000,55000
054550,旺宏凱基98購02  ,0,0,0,0,0,0,0,0,0,55000,0,0,0,230000,175000,55000,55000
054589,聯鈞國泰99購01  ,0,0,0,0,0,0,0,0,0,55000,0,0,0,92000,37000,55000,55000
058773,和碩兆豐99購01  ,0,0,0,0,0,0,0,0,0,55000,0,0,0,55000,0,55000,55000
055291,京鼎元大97購02  ,0,0,0,0,0,0,0,0,0,55000,0,0,0,167000,112000,55000,55000
059246,奇力新凱基9A購02,0,0,0,0,0,0,0,0,0,55000,0,0,0,55000,0,55000,55000
061264,全新凱基9B購01  ,0,0,0,0,0,0,0,0,0,55000,0,0,0,65000,10000,55000,55000
062083,健策元大9C購03  ,0,0,0,0,0,0,0,0,0,55000,0,0,0,111000,56000,55000,55000
062631,奇力新國票9B購01,0,0,0,0,0,0,0,0,0,55000,0,0,0,103000,48000,55000,55000
062438,台光電元大9B購04,0,0,0,0,0,0,0,0,0,55000,0,0,0,60000,5000,55000,55000
06216P,上銀元富97售03  ,0,0,0,0,0,0,0,0,0,55000,0,0,0,55000,0,55000,55000
062922,南六元大9B購03  ,0,0,0,0,0,0,0,0,0,55000,0,0,0,146000,91000,55000,55000
06622P,牧德元大98售01  ,0,0,0,0,0,0,0,0,0,54000,0,0,0,60000,6000,54000,54000
063812,智邦群益9C購02  ,0,0,0,0,0,0,0,0,0,54000,0,0,0,58000,4000,54000,54000
2305,全友            ,57000,4000,53000,0,0,0,0,0,0,1000,2000,1000,1000,0,0,0,54000
07923P,元金2X凱基02售02,0,0,0,0,0,0,0,0,0,54000,0,0,0,78000,24000,54000,54000
07715P,台灣50群益9A售14,0,0,0,0,0,0,0,0,0,54000,0,0,0,74000,20000,54000,54000
056289,合勤控永豐97購01,0,0,0,0,0,0,0,0,0,54000,0,0,0,55000,1000,54000,54000
053455,台光電元富96購02,0,0,0,0,0,0,0,0,0,54000,0,0,0,65000,11000,54000,54000
058676,聯茂群益99購01  ,0,0,0,0,0,0,0,0,0,54000,0,0,0,152000,98000,54000,54000
056919,英業達兆豐98購01,0,0,0,0,0,0,0,0,0,54000,0,0,0,64000,10000,54000,54000
059450,和大永豐99購01  ,0,0,0,0,0,0,0,0,0,54000,0,0,0,54000,0,54000,54000
060484,聯發科富邦9C購02,0,0,0,0,0,0,0,0,0,54000,0,0,0,54000,0,54000,54000
061256,亞德客凱基9B購01,0,0,0,0,0,0,0,0,0,54000,0,0,0,54000,0,54000,54000
1339,昭輝            ,100000,47000,53000,0,0,0,0,0,0,0,0,0,0,0,0,0,53000
063969,晶豪科國票01購01,0,0,0,0,0,0,0,0,0,53000,0,0,0,53000,0,53000,53000
064062,創意國泰01購01  ,0,0,0,0,0,0,0,0,0,53000,0,0,0,140000,87000,53000,53000
06682P,玉晶光元大99售08,0,0,0,0,0,0,0,0,0,53000,0,0,0,103000,50000,53000,53000
06888P,日月光元大98售02,0,0,0,0,0,0,0,0,0,53000,0,0,0,53000,0,53000,53000
045055,聯發科元富98購03,0,0,0,0,0,0,0,0,0,53000,0,0,0,53000,0,53000,53000
054464,奇力新凱基98購02,0,0,0,0,0,0,0,0,0,53000,0,0,0,53000,0,53000,53000
054739,義隆凱基98購02  ,0,0,0,0,0,0,0,0,0,53000,0,0,0,55000,2000,53000,53000
058055,華擎統一9A購01  ,0,0,0,0,0,0,0,0,0,53000,0,0,0,78000,25000,53000,53000
062266,世紀鋼元大9B購02,0,0,0,0,0,0,0,0,0,53000,0,0,0,148000,95000,53000,53000
063922,大立光元富9C購04,0,0,0,0,0,0,0,0,0,52000,0,0,0,73000,21000,52000,52000
063806,瀚宇博兆豐01購01,0,0,0,0,0,0,0,0,0,52000,0,0,0,52000,0,52000,52000
3583,辛耘            ,159000,107000,52000,0,0,0,0,0,0,0,0,0,0,0,0,0,52000
3694,海華            ,82000,30000,52000,0,0,0,0,0,0,0,0,0,0,0,0,0,52000
056169,鴻海元富97購08  ,0,0,0,0,0,0,0,0,0,52000,0,0,0,52000,0,52000,52000
046385,群創凱基98購03  ,0,0,0,0,0,0,0,0,0,52000,0,0,0,96000,44000,52000,52000
047690,美律富邦97購01  ,0,0,0,0,0,0,0,0,0,52000,0,0,0,52000,0,52000,52000
053660,群創凱基98購08  ,0,0,0,0,0,0,0,0,0,52000,0,0,0,86000,34000,52000,52000
054309,禾伸堂凱基98購01,0,0,0,0,0,0,0,0,0,52000,0,0,0,62000,10000,52000,52000
056721,台灣50永昌9A購01,0,0,0,0,0,0,0,0,0,52000,0,0,0,52000,0,52000,52000
056621,宏達電永豐98購01,0,0,0,0,0,0,0,0,0,52000,0,0,0,52000,0,52000,52000
059529,華新科凱基9A購04,0,0,0,0,0,0,0,0,0,52000,0,0,0,52000,0,52000,52000
059176,臺股指凱基99購27,0,0,0,0,0,0,0,0,0,52000,0,0,0,90000,38000,52000,52000
059999,緯穎元富99購01  ,0,0,0,0,0,0,0,0,0,52000,0,0,0,127000,75000,52000,52000
057315,台灣50康和9A購03,0,0,0,0,0,0,0,0,0,52000,0,0,0,53000,1000,52000,52000
057422,欣興凱基98購04  ,0,0,0,0,0,0,0,0,0,52000,0,0,0,52000,0,52000,52000
057717,友訊元富98購02  ,0,0,0,0,0,0,0,0,0,52000,0,0,0,1086000,1034000,52000,52000
057729,華新科國泰99購04,0,0,0,0,0,0,0,0,0,52000,0,0,0,72000,20000,52000,52000
059254,台表科凱基9A購02,0,0,0,0,0,0,0,0,0,52000,0,0,0,52000,0,52000,52000
062195,聚陽中信9C購01  ,0,0,0,0,0,0,0,0,0,52000,0,0,0,354000,302000,52000,52000
062855,嘉澤永豐9B購02  ,0,0,0,0,0,0,0,0,0,52000,0,0,0,120000,68000,52000,52000
063123,聯發科元大9B購16,0,0,0,0,0,0,0,0,0,52000,0,0,0,53000,1000,52000,52000
063333,同欣電國票9C購01,0,0,0,0,0,0,0,0,0,52000,0,0,0,54000,2000,52000,52000
061263,微星凱基9A購01  ,1000,0,1000,0,0,0,0,0,0,51000,0,0,0,85000,34000,51000,52000
061435,元金2X凱基9C購03,0,0,0,0,0,0,0,0,0,52000,0,0,0,55000,3000,52000,52000
2535,達欣工          ,25000,46000,-21000,0,0,0,0,0,0,72000,72000,0,72000,0,0,0,51000
2468,華經            ,57000,7000,50000,0,0,0,0,0,0,1000,1000,0,1000,0,0,0,51000
07553P,嘉晶元大9A售02  ,0,0,0,0,0,0,0,0,0,51000,0,0,0,117000,66000,51000,51000
07953P,健策元大9B售07  ,0,0,0,0,0,0,0,0,0,51000,0,0,0,51000,0,51000,51000
08019P,緯穎國票9B售02  ,0,10000,-10000,0,0,0,0,0,0,61000,0,0,0,154000,93000,61000,51000
06680P,智邦元大98售06  ,0,0,0,0,0,0,0,0,0,51000,0,0,0,51000,0,51000,51000
052837,友達國泰97購01  ,0,0,0,0,0,0,0,0,0,51000,0,0,0,70000,19000,51000,51000
05626P,景碩國票97售03  ,0,0,0,0,0,0,0,0,0,51000,0,0,0,51000,0,51000,51000
058405,訊連元大99購02  ,0,0,0,0,0,0,0,0,0,51000,0,0,0,155000,104000,51000,51000
057010,景碩中信98購01  ,0,0,0,0,0,0,0,0,0,51000,0,0,0,51000,0,51000,51000
060908,金像電元大9A購03,0,0,0,0,0,0,0,0,0,51000,0,0,0,90000,39000,51000,51000
061573,義隆元大9A購02  ,0,0,0,0,0,0,0,0,0,51000,0,0,0,88000,37000,51000,51000
062151,世紀鋼國票01購01,0,0,0,0,0,0,0,0,0,51000,0,0,0,138000,87000,51000,51000
06232P,智易永豐97售01  ,0,0,0,0,0,0,0,0,0,51000,0,0,0,51000,0,51000,51000
062740,致伸國票9B購01  ,0,0,0,0,0,0,0,0,0,51000,0,0,0,61000,10000,51000,51000
062607,美食凱基9B購01  ,0,0,0,0,0,0,0,0,0,51000,0,0,0,71000,20000,51000,51000
06661P,玉晶光永豐98售05,0,0,0,0,0,0,0,0,0,50000,0,0,0,50000,0,50000,50000
07020P,玉晶光台新99售02,0,0,0,0,0,0,0,0,0,50000,0,0,0,160000,110000,50000,50000
07352P,台積電國票99售11,0,0,0,0,0,0,0,0,0,50000,0,0,0,50000,0,50000,50000
07301P,臺股指元大9A售34,0,0,0,0,0,0,0,0,0,50000,0,0,0,50000,0,50000,50000
07283P,華新科凱基99售07,0,0,0,0,0,0,0,0,0,50000,0,0,0,50000,0,50000,50000
063855,臺股指元大9C購08,0,0,0,0,0,0,0,0,0,50000,0,0,0,50000,0,50000,50000
063901,緯穎群益9C購01  ,0,0,0,0,0,0,0,0,0,50000,0,0,0,50000,0,50000,50000
063940,國巨元大01購02  ,0,0,0,0,0,0,0,0,0,50000,0,0,0,89000,39000,50000,50000
08065P,瑞昱凱基9B售03  ,0,0,0,0,0,0,0,0,0,50000,0,0,0,50000,0,50000,50000
08227P,T50反1元大9B售09,0,0,0,0,0,0,0,0,0,50000,0,0,0,50000,0,50000,50000
07783P,聯發科富邦9C售03,0,0,0,0,0,0,0,0,0,50000,0,0,0,50000,0,50000,50000
07771P,義隆國票9A售01  ,0,0,0,0,0,0,0,0,0,50000,0,0,0,50000,0,50000,50000
1340,勝悅-KY         ,50000,1000,49000,0,0,0,0,0,0,1000,1000,0,1000,0,0,0,50000
2442,新美齊          ,464000,417000,47000,0,0,0,0,0,0,3000,3000,0,3000,0,0,0,50000
05678P,群創群益97售01  ,0,0,0,0,0,0,0,0,0,50000,0,0,0,50000,0,50000,50000
054475,鴻海中信96購04  ,0,0,0,0,0,0,0,0,0,50000,0,0,0,50000,0,50000,50000
054666,強茂元富97購01  ,0,0,0,0,0,0,0,0,0,50000,0,0,0,50000,0,50000,50000
05466P,旺宏富邦97售01  ,0,0,0,0,0,0,0,0,0,50000,0,0,0,50000,0,50000,50000
055970,聯茂元大97購04  ,0,0,0,0,0,0,0,0,0,50000,0,0,0,50000,0,50000,50000
054785,建準群益98購01  ,0,0,0,0,0,0,0,0,0,50000,0,0,0,87000,37000,50000,50000
056059,美律元大98購02  ,0,0,0,0,0,0,0,0,0,50000,0,0,0,50000,0,50000,50000
055129,鈺齊兆豐97購01  ,0,0,0,0,0,0,0,0,0,50000,0,0,0,50000,0,50000,50000
055013,訊連元富97購01  ,0,0,0,0,0,0,0,0,0,50000,0,0,0,50000,0,50000,50000
055014,達興元富97購01  ,0,0,0,0,0,0,0,0,0,50000,0,0,0,50000,0,50000,50000
055036,中工富邦9B購01  ,0,0,0,0,0,0,0,0,0,50000,0,0,0,50000,0,50000,50000
054951,大毅元大97購01  ,0,0,0,0,0,0,0,0,0,50000,0,0,0,50000,0,50000,50000
054947,興勤元大97購01  ,0,0,0,0,0,0,0,0,0,50000,0,0,0,150000,100000,50000,50000
054875,群電群益97購01  ,0,0,0,0,0,0,0,0,0,50000,0,0,0,50000,0,50000,50000
059173,矽力凱基99購01  ,0,0,0,0,0,0,0,0,0,50000,0,0,0,50000,0,50000,50000
058975,台灣50凱基01購02,0,0,0,0,0,0,0,0,0,50000,0,0,0,50000,0,50000,50000
058972,新日興永豐9A購01,0,0,0,0,0,0,0,0,0,50000,0,0,0,60000,10000,50000,50000
052849,可成統一97購01  ,0,0,0,0,0,0,0,0,0,50000,0,0,0,50000,0,50000,50000
055475,臻鼎凱基97購02  ,0,0,0,0,0,0,0,0,0,50000,0,0,0,50000,0,50000,50000
054371,台積電中信9C購01,0,0,0,0,0,0,0,0,0,50000,0,0,0,50000,0,50000,50000
053385,聯詠元大96購02  ,0,0,0,0,0,0,0,0,0,50000,0,0,0,50000,0,50000,50000
053236,群創永豐97購02  ,0,0,0,0,0,0,0,0,0,50000,0,0,0,50000,0,50000,50000
053973,晶豪科元大96購01,0,0,0,0,0,0,0,0,0,50000,0,0,0,50000,0,50000,50000
054198,台積電永昌96購08,0,0,0,0,0,0,0,0,0,50000,0,0,0,50000,0,50000,50000
054177,牧德台新97購01  ,0,0,0,0,0,0,0,0,0,50000,0,0,0,50000,0,50000,50000
054077,中石化中信98購01,0,0,0,0,0,0,0,0,0,50000,0,0,0,50000,0,50000,50000
00866,新光Shiller CAPE,0,0,0,0,0,0,0,0,0,50000,0,0,0,76000,26000,50000,50000
051325,台光電台新96購01,0,0,0,0,0,0,0,0,0,50000,0,0,0,50000,0,50000,50000
058253,臺股指元大9A購17,0,0,0,0,0,0,0,0,0,50000,0,0,0,50000,0,50000,50000
059528,華新科凱基99購06,0,0,0,0,0,0,0,0,0,50000,0,0,0,50000,0,50000,50000
059469,智邦元大99購03  ,0,0,0,0,0,0,0,0,0,50000,0,0,0,54000,4000,50000,50000
058662,禾伸堂兆豐99購01,0,0,0,0,0,0,0,0,0,50000,0,0,0,50000,0,50000,50000
05779P,台積電統一96售06,0,0,0,0,0,0,0,0,0,50000,0,0,0,290000,240000,50000,50000
057804,為升元大98購01  ,0,0,0,0,0,0,0,0,0,50000,0,0,0,204000,154000,50000,50000
059909,鴻海元大99購36  ,0,0,0,0,0,0,0,0,0,50000,0,0,0,50000,0,50000,50000
057624,新日興國泰99購01,0,0,0,0,0,0,0,0,0,50000,0,0,0,50000,0,50000,50000
057413,臺股指群益9C購04,0,0,0,0,0,0,0,0,0,50000,0,0,0,50000,0,50000,50000
057397,茂林中信9A購01  ,0,0,0,0,0,0,0,0,0,50000,0,0,0,120000,70000,50000,50000
057277,可成元大98購05  ,0,0,0,0,0,0,0,0,0,50000,0,0,0,50000,0,50000,50000
05790P,臺股指永昌96售07,0,0,0,0,0,0,0,0,0,50000,50000,0,50000,0,0,0,50000
056897,南亞科元大98購02,0,0,0,0,0,0,0,0,0,50000,0,0,0,60000,10000,50000,50000
062779,台積電元大9B購03,0,0,0,0,0,0,0,0,0,50000,0,0,0,103000,53000,50000,50000
062313,聯詠凱基9C購01  ,0,0,0,0,0,0,0,0,0,50000,0,0,0,50000,0,50000,50000
062237,緯創凱基9B購01  ,0,0,0,0,0,0,0,0,0,50000,0,0,0,50000,0,50000,50000
063176,南亞科兆豐9B購01,0,0,0,0,0,0,0,0,0,50000,0,0,0,653000,603000,50000,50000
063228,聯茂群益9B購01  ,0,0,0,0,0,0,0,0,0,50000,0,0,0,51000,1000,50000,50000
063129,祥碩元大9C購03  ,0,0,0,0,0,0,0,0,0,50000,0,0,0,50000,0,50000,50000
06296P,燿華元大98售01  ,0,0,0,0,0,0,0,0,0,50000,0,0,0,50000,0,50000,50000
061586,智邦富邦9A購02  ,0,0,0,0,0,0,0,0,0,50000,0,0,0,50000,0,50000,50000
061679,健策元大9B購04  ,0,0,0,0,0,0,0,0,0,50000,0,0,0,50000,0,50000,50000
062072,國巨元大9B購05  ,0,0,0,0,0,0,0,0,0,50000,0,0,0,50000,0,50000,50000
062116,元金2X第一9B購01,0,0,0,0,0,0,0,0,0,50000,0,0,0,50000,0,50000,50000
061983,華新科元大9B購04,0,0,0,0,0,0,0,0,0,50000,0,0,0,100000,50000,50000,50000
060805,國巨群益9A購06  ,0,0,0,0,0,0,0,0,0,50000,0,0,0,50000,0,50000,50000
060791,聯茂富邦9A購02  ,0,0,0,0,0,0,0,0,0,50000,0,0,0,50000,0,50000,50000
061327,台郡凱基9A購02  ,0,0,0,0,0,0,0,0,0,50000,0,0,0,52000,2000,50000,50000
2608,嘉里大榮        ,70000,21000,49000,0,0,0,0,0,0,0,0,0,0,0,0,0,49000
063515,香港2X凱基01購01,0,0,0,0,0,0,0,0,0,49000,0,0,0,52000,3000,49000,49000
063567,漢唐元大9B購03  ,0,0,0,0,0,0,0,0,0,49000,0,0,0,79000,30000,49000,49000
051614,元金2X凱基97購01,0,0,0,0,0,0,0,0,0,49000,0,0,0,550000,501000,49000,49000
0053,元大電子        ,0,0,0,0,0,0,0,0,0,49000,0,0,0,53000,4000,49000,49000
052313,聯電元大98購01  ,0,0,0,0,0,0,0,0,0,49000,0,0,0,207000,158000,49000,49000
054374,信邦中信96購01  ,0,0,0,0,0,0,0,0,0,49000,0,0,0,49000,0,49000,49000
054311,世芯凱基96購02  ,0,0,0,0,0,0,0,0,0,49000,0,0,0,79000,30000,49000,49000
054753,復盛凱基98購01  ,0,0,0,0,0,0,0,0,0,49000,0,0,0,49000,0,49000,49000
056894,佳世達元大99購01,0,0,0,0,0,0,0,0,0,49000,0,0,0,120000,71000,49000,49000
059939,技嘉永豐99購01  ,0,0,0,0,0,0,0,0,0,49000,0,0,0,216000,167000,49000,49000
057689,南亞科凱基99購02,0,0,0,0,0,0,0,0,0,49000,0,0,0,49000,0,49000,49000
060617,華新科元大9A購08,0,0,0,0,0,0,0,0,0,49000,0,0,0,64000,15000,49000,49000
061234,國巨元大9A購18  ,0,0,0,0,0,0,0,0,0,49000,0,0,0,50000,1000,49000,49000
060898,世芯凱基9A購03  ,0,0,0,0,0,0,0,0,0,49000,0,0,0,59000,10000,49000,49000
061524,華通凱基9A購07  ,0,0,0,0,0,0,0,0,0,49000,0,0,0,49000,0,49000,49000
062171,中磊永豐9B購01  ,0,0,0,0,0,0,0,0,0,49000,0,0,0,76000,27000,49000,49000
9934,成霖            ,97000,49000,48000,0,0,0,0,0,0,1000,1000,0,1000,0,0,0,49000
2395,研華            ,457398,412791,44607,0,0,0,0,0,0,4000,4000,0,4000,0,0,0,48607
08115P,聯發科凱基9B售13,0,0,0,0,0,0,0,0,0,48000,0,0,0,50000,2000,48000,48000
059160,華通凱基99購03  ,0,0,0,0,0,0,0,0,0,48000,0,0,0,60000,12000,48000,48000
059162,國巨凱基99購12  ,0,0,0,0,0,0,0,0,0,48000,0,0,0,51000,3000,48000,48000
059113,群光永豐99購01  ,0,0,0,0,0,0,0,0,0,48000,0,0,0,50000,2000,48000,48000
052621,台郡富邦97購01  ,0,0,0,0,0,0,0,0,0,48000,0,0,0,48000,0,48000,48000
056662,臺股指元大9A購09,0,0,0,0,0,0,0,0,0,48000,0,0,0,168000,120000,48000,48000
060602,京元電凱基9A購01,0,0,0,0,0,0,0,0,0,48000,0,0,0,142000,94000,48000,48000
060456,正隆元大9A購01  ,0,0,0,0,0,0,0,0,0,48000,0,0,0,56000,8000,48000,48000
058091,欣興元大99購03  ,0,0,0,0,0,0,0,0,0,48000,0,0,0,91000,43000,48000,48000
06025P,臺股指元大99售02,0,0,0,0,0,0,0,0,0,48000,0,0,0,118000,70000,48000,48000
060266,潤泰全國票9A購01,0,0,0,0,0,0,0,0,0,48000,0,0,0,48000,0,48000,48000
058480,新日興凱基9A購01,0,0,0,0,0,0,0,0,0,48000,0,0,0,60000,12000,48000,48000
057805,華通元大98購06  ,0,0,0,0,0,0,0,0,0,48000,0,0,0,49000,1000,48000,48000
060964,日月光凱基9A購01,0,0,0,0,0,0,0,0,0,48000,0,0,0,135000,87000,48000,48000
061104,華新科元大9A購13,0,0,0,0,0,0,0,0,0,48000,0,0,0,50000,2000,48000,48000
4961,天鈺            ,62000,15000,47000,0,0,0,0,0,0,1000,1000,0,1000,0,0,0,48000
5522,遠雄            ,171000,129000,42000,0,0,0,0,0,0,6000,6000,0,6000,0,0,0,48000
08057P,京鼎群益9B售01  ,0,0,0,0,0,0,0,0,0,47000,0,0,0,70000,23000,47000,47000
1473,台南            ,139000,92000,47000,0,0,0,0,0,0,0,0,0,0,0,0,0,47000
07049P,聯發科中信99售03,0,0,0,0,0,0,0,0,0,47000,0,0,0,50000,3000,47000,47000
049584,台積電元大96購04,0,0,0,0,0,0,0,0,0,47000,0,0,0,47000,0,47000,47000
055337,超眾兆豐98購01  ,0,0,0,0,0,0,0,0,0,47000,0,0,0,217000,170000,47000,47000
055803,鎧勝永豐97購01  ,0,0,0,0,0,0,0,0,0,47000,0,0,0,116000,69000,47000,47000
057819,新日興元大99購01,0,0,0,0,0,0,0,0,0,47000,0,0,0,48000,1000,47000,47000
057753,臺股指國票98購09,0,0,0,0,0,0,0,0,0,47000,0,0,0,47000,0,47000,47000
060387,盛群凱基9A購01  ,0,0,0,0,0,0,0,0,0,47000,0,0,0,140000,93000,47000,47000
060993,健策元大9B購03  ,0,0,0,0,0,0,0,0,0,47000,0,0,0,100000,53000,47000,47000
061567,華通元大9A購11  ,0,0,0,0,0,0,0,0,0,47000,0,0,0,48000,1000,47000,47000
063030,華通凱基9B購03  ,0,0,0,0,0,0,0,0,0,47000,0,0,0,50000,3000,47000,47000
4722,國精化          ,65000,18000,47000,0,0,0,0,0,0,0,0,0,0,0,0,0,47000
3008,大立光          ,273360,253756,19604,0,0,0,9300,0,9300,18000,16000,0,16000,3000,1000,2000,46904
2488,漢平            ,49000,4000,45000,0,0,0,0,0,0,1000,1000,0,1000,0,0,0,46000
2851,中再保          ,83000,37000,46000,0,0,0,0,0,0,0,0,0,0,0,0,0,46000
1615,大山            ,56000,6000,50000,0,0,0,0,0,0,-4000,0,4000,-4000,0,0,0,46000
2415,錩新            ,49000,3000,46000,0,0,0,0,0,0,0,0,0,0,0,0,0,46000
2109,華豐            ,55000,9000,46000,0,0,0,0,0,0,0,0,0,0,0,0,0,46000
07589P,玉晶光國票9A售02,0,0,0,0,0,0,0,0,0,46000,0,0,0,46000,0,46000,46000
06954P,大立光元富99售01,0,0,0,0,0,0,0,0,0,46000,0,0,0,114000,68000,46000,46000
063529,聯茂凱基9B購02  ,0,0,0,0,0,0,0,0,0,46000,0,0,0,46000,0,46000,46000
056168,鴻海元富97購07  ,0,0,0,0,0,0,0,0,0,46000,0,0,0,46000,0,46000,46000
051603,深中小群益99購03,0,0,0,0,0,0,0,0,0,46000,0,0,0,56000,10000,46000,46000
053854,聯茂國泰97購02  ,0,0,0,0,0,0,0,0,0,46000,0,0,0,46000,0,46000,46000
060368,緯穎元富9A購03  ,0,0,0,0,0,0,0,0,0,46000,0,0,0,71000,25000,46000,46000
060427,聯茂永豐9A購01  ,0,0,0,0,0,0,0,0,0,46000,0,0,0,70000,24000,46000,46000
059729,群創元大9C購05  ,0,0,0,0,0,0,0,0,0,46000,0,0,0,49000,3000,46000,46000
058731,貿聯永豐99購02  ,0,0,0,0,0,0,0,0,0,46000,0,0,0,147000,101000,46000,46000
057777,可成群益9A購03  ,0,0,0,0,0,0,0,0,0,46000,0,0,0,138000,92000,46000,46000
062942,嘉澤凱基9B購02  ,0,0,0,0,0,0,0,0,0,46000,0,0,0,70000,24000,46000,46000
062143,大成鋼國票9B購01,0,0,0,0,0,0,0,0,0,46000,0,0,0,46000,0,46000,46000
061656,華新科國票9A購08,0,0,0,0,0,0,0,0,0,46000,0,0,0,60000,14000,46000,46000
8374,羅昇            ,53000,8000,45000,0,0,0,0,0,0,1000,1000,0,1000,0,0,0,46000
06844P,智邦元大98售13  ,0,0,0,0,0,0,0,0,0,45000,0,0,0,50000,5000,45000,45000
06592P,欣興元大98售04  ,0,0,0,0,0,0,0,0,0,45000,0,0,0,100000,55000,45000,45000
3013,晟銘電          ,54000,10000,44000,0,0,0,0,0,0,1000,1000,0,1000,0,0,0,45000
055445,旺宏統一99購01  ,0,0,0,0,0,0,0,0,0,45000,0,0,0,45000,0,45000,45000
053638,信邦永豐96購01  ,0,0,0,0,0,0,0,0,0,45000,0,0,0,55000,10000,45000,45000
00766L,台新MSCI中國正2 ,0,0,0,0,0,0,0,0,0,45000,0,0,0,147000,102000,45000,45000
048653,巨大元大96購02  ,0,0,0,0,0,0,0,0,0,45000,0,0,0,45000,0,45000,45000
050220,台積電元富96購01,0,0,0,0,0,0,0,0,0,45000,0,0,0,65000,20000,45000,45000
054531,聯發科國泰97購02,0,0,0,0,0,0,0,0,0,45000,0,0,0,45000,0,45000,45000
054716,緯穎康和97購01  ,0,0,0,0,0,0,0,0,0,45000,0,0,0,45000,0,45000,45000
056113,新日興兆豐98購01,0,0,0,0,0,0,0,0,0,45000,0,0,0,52000,7000,45000,45000
059163,台積電凱基99購10,0,0,0,0,0,0,0,0,0,45000,0,0,0,54000,9000,45000,45000
058758,台積電群益99購05,0,0,0,0,0,0,0,0,0,45000,0,0,0,80000,35000,45000,45000
058799,晶技元大99購04  ,0,0,0,0,0,0,0,0,0,45000,0,0,0,45000,0,45000,45000
058815,華新科台新99購03,0,0,0,0,0,0,0,0,0,45000,0,0,0,45000,0,45000,45000
059987,大立光元大99購28,0,0,0,0,0,0,0,0,0,45000,0,0,0,50000,5000,45000,45000
059882,臺股指凱基9C購06,0,0,0,0,0,0,0,0,0,45000,0,0,0,63000,18000,45000,45000
05977P,旺宏永豐96售06  ,0,0,0,0,0,0,0,0,0,45000,0,0,0,65000,20000,45000,45000
060144,全新國票9B購01  ,0,0,0,0,0,0,0,0,0,45000,0,0,0,98000,53000,45000,45000
057257,台泥兆豐99購01  ,0,0,0,0,0,0,0,0,0,45000,0,0,0,101000,56000,45000,45000
057554,新日興凱基99購02,0,0,0,0,0,0,0,0,0,45000,0,0,0,65000,20000,45000,45000
057225,華新凱基98購01  ,0,0,0,0,0,0,0,0,0,45000,0,0,0,45000,0,45000,45000
058294,華新科凱基9A購01,0,0,0,0,0,0,0,0,0,45000,0,0,0,55000,10000,45000,45000
058159,健策台新9A購01  ,0,0,0,0,0,0,0,0,0,45000,0,0,0,71000,26000,45000,45000
060362,建準元富9A購02  ,0,0,0,0,0,0,0,0,0,45000,0,0,0,45000,0,45000,45000
060342,台積電統一02購01,0,0,0,0,0,0,0,0,0,45000,0,0,0,45000,0,45000,45000
060277,道瓊反元大9A購02,0,0,0,0,0,0,0,0,0,45000,0,0,0,65000,20000,45000,45000
060764,華擎元大9A購03  ,0,0,0,0,0,0,0,0,0,45000,0,0,0,210000,165000,45000,45000
061709,SP黃豆凱基01購02,0,0,0,0,0,0,0,0,0,45000,0,0,0,80000,35000,45000,45000
061478,奇鋐元大9A購01  ,0,0,0,0,0,0,0,0,0,45000,0,0,0,115000,70000,45000,45000
061831,智邦凱基9B購02  ,0,0,0,0,0,0,0,0,0,45000,0,0,0,55000,10000,45000,45000
062323,上銀統一9B購03  ,0,0,0,0,0,0,0,0,0,45000,0,0,0,55000,10000,45000,45000
062345,和大群益9B購01  ,0,0,0,0,0,0,0,0,0,45000,0,0,0,143000,98000,45000,45000
062436,國巨元大9B購14  ,0,0,0,0,0,0,0,0,0,45000,0,0,0,45000,0,45000,45000
062769,臺股指凱基9B購13,0,0,0,0,0,0,0,0,0,45000,0,0,0,47000,2000,45000,45000
063364,聯發科富邦01購02,0,0,0,0,0,0,0,0,0,45000,0,0,0,70000,25000,45000,45000
3708,上緯投控        ,201000,144000,57000,0,0,0,0,0,0,-12000,0,0,0,1000,13000,-12000,45000
07672P,南電元大9A售05  ,0,0,0,0,0,0,0,0,0,44000,0,0,0,69000,25000,44000,44000
063805,技嘉兆豐9C購01  ,0,0,0,0,0,0,0,0,0,44000,0,0,0,433000,389000,44000,44000
058947,SGBR2X群益9B購02,0,0,0,0,0,0,0,0,0,44000,0,0,0,55000,11000,44000,44000
054771,茂林國票98購02  ,0,0,0,0,0,0,0,0,0,44000,0,0,0,46000,2000,44000,44000
055780,禾伸堂凱基99購01,0,0,0,0,0,0,0,0,0,44000,0,0,0,44000,0,44000,44000
056209,超眾永豐97購02  ,0,0,0,0,0,0,0,0,0,44000,0,0,0,44000,0,44000,44000
060227,和大元大9A購01  ,0,0,0,0,0,0,0,0,0,44000,0,0,0,79000,35000,44000,44000
060493,美律元富01購01  ,0,0,0,0,0,0,0,0,0,44000,0,0,0,305000,261000,44000,44000
057118,欣興日盛9A購01  ,0,0,0,0,0,0,0,0,0,44000,0,0,0,54000,10000,44000,44000
058287,國巨國票9A購02  ,0,0,0,0,0,0,0,0,0,44000,0,0,0,61000,17000,44000,44000
058409,鴻海兆豐99購05  ,0,0,0,0,0,0,0,0,0,44000,0,0,0,44000,0,44000,44000
059530,華新科凱基9A購05,0,0,0,0,0,0,0,0,0,44000,0,0,0,44000,0,44000,44000
059297,大立光元富9C購01,0,0,0,0,0,0,0,0,0,44000,0,0,0,55000,11000,44000,44000
058611,欣興元大99購06  ,0,0,0,0,0,0,0,0,0,44000,0,0,0,94000,50000,44000,44000
059239,台積電凱基99購12,0,0,0,0,0,0,0,0,0,44000,0,0,0,87000,43000,44000,44000
059213,國巨元大99購19  ,0,0,0,0,0,0,0,0,0,44000,0,0,0,62000,18000,44000,44000
057705,臺股指群益98購05,0,0,0,0,0,0,0,0,0,44000,0,0,0,44000,0,44000,44000
057838,台郡國泰99購01  ,0,0,0,0,0,0,0,0,0,44000,0,0,0,114000,70000,44000,44000
063400,華擎群益9B購03  ,0,0,0,0,0,0,0,0,0,44000,0,0,0,149000,105000,44000,44000
063252,緯穎元大9B購07  ,0,0,0,0,0,0,0,0,0,44000,0,0,0,298000,254000,44000,44000
062926,嘉澤國票9B購01  ,0,0,0,0,0,0,0,0,0,44000,0,0,0,45000,1000,44000,44000
062885,臻鼎兆豐9C購01  ,0,0,0,0,0,0,0,0,0,44000,0,0,0,201000,157000,44000,44000
062551,緯穎永豐9B購02  ,0,0,0,0,0,0,0,0,0,44000,0,0,0,74000,30000,44000,44000
061091,奇力新統一9C購02,0,0,0,0,0,0,0,0,0,44000,0,0,0,245000,201000,44000,44000
061146,台表科中信9A購02,0,0,0,0,0,0,0,0,0,44000,0,0,0,84000,40000,44000,44000
063539,世紀鋼統一9B購02,0,0,0,0,0,0,0,0,0,43000,0,0,0,138000,95000,43000,43000
063564,台積電元大9B購07,0,0,0,0,0,0,0,0,0,43000,0,0,0,43000,0,43000,43000
063464,廣達元大9B購02  ,0,0,0,0,0,0,0,0,0,43000,0,0,0,105000,62000,43000,43000
08072P,祥碩永豐9B售03  ,0,0,0,0,0,0,0,0,0,43000,0,0,0,43000,0,43000,43000
1416,廣豐            ,44000,2000,42000,0,0,0,0,0,0,1000,1000,0,1000,0,0,0,43000
056170,鴻海元富97購09  ,0,0,0,0,0,0,0,0,0,43000,0,0,0,43000,0,43000,43000
055763,鎧勝群益97購01  ,0,0,0,0,0,0,0,0,0,43000,0,0,0,141000,98000,43000,43000
056094,大立光元富97購03,0,0,0,0,0,0,0,0,0,43000,0,0,0,54000,11000,43000,43000
059004,嘉晶元大99購05  ,0,0,0,0,0,0,0,0,0,43000,0,0,0,44000,1000,43000,43000
053341,聯發科國票97購03,0,0,0,0,0,0,0,0,0,43000,0,0,0,43000,0,43000,43000
057983,緯穎永豐98購03  ,0,0,0,0,0,0,0,0,0,43000,0,0,0,43000,0,43000,43000
057944,新日興國票99購02,0,0,0,0,0,0,0,0,0,43000,0,0,0,45000,2000,43000,43000
057445,華通元富02購01  ,0,0,0,0,0,0,0,0,0,43000,0,0,0,49000,6000,43000,43000
061024,南電國泰9B購01  ,0,0,0,0,0,0,0,0,0,43000,0,0,0,574000,531000,43000,43000
061540,台積電群益9A購07,0,0,0,0,0,0,0,0,0,43000,0,0,0,43000,0,43000,43000
062491,矽創永豐9B購01  ,0,0,0,0,0,0,0,0,0,43000,0,0,0,43000,0,43000,43000
062653,正隆永豐9B購01  ,0,0,0,0,0,0,0,0,0,43000,0,0,0,95000,52000,43000,43000
062690,華擎統一9B購01  ,0,0,0,0,0,0,0,0,0,43000,0,0,0,188000,145000,43000,43000
062248,國巨元大9B購08  ,0,0,0,0,0,0,0,0,0,43000,0,0,0,43000,0,43000,43000
062947,國巨富邦01購01  ,0,0,0,0,0,0,0,0,0,43000,0,0,0,75000,32000,43000,43000
5706,鳳凰            ,53000,10000,43000,0,0,0,0,0,0,0,0,0,0,0,0,0,43000
2880,華南金          ,3765371,3721170,44201,0,0,0,0,0,0,-2000,3000,5000,-2000,0,0,0,42201
3416,融程電          ,50000,8000,42000,0,0,0,0,0,0,0,0,0,0,0,0,0,42000
06623P,立積元大98售04  ,0,0,0,0,0,0,0,0,0,42000,0,0,0,42000,0,42000,42000
058908,貿聯元大99購03  ,0,0,0,0,0,0,0,0,0,42000,0,0,0,73000,31000,42000,42000
054797,臻鼎群益97購01  ,0,0,0,0,0,0,0,0,0,42000,0,0,0,42000,0,42000,42000
055741,健策元富97購01  ,0,0,0,0,0,0,0,0,0,42000,0,0,0,47000,5000,42000,42000
05722P,玉晶光國票97售03,0,0,0,0,0,0,0,0,0,42000,0,0,0,629000,587000,42000,42000
056883,美食康和98購01  ,0,0,0,0,0,0,0,0,0,42000,0,0,0,44000,2000,42000,42000
059934,華通永豐99購02  ,0,0,0,0,0,0,0,0,0,42000,0,0,0,42000,0,42000,42000
058320,華新科永豐99購02,0,0,0,0,0,0,0,0,0,42000,0,0,0,190000,148000,42000,42000
060629,鴻海富邦9B購01  ,0,0,0,0,0,0,0,0,0,42000,0,0,0,62000,20000,42000,42000
057167,台積電元大99購03,0,0,0,0,0,0,0,0,0,42000,0,0,0,42000,0,42000,42000
058145,聯茂元大99購03  ,0,0,0,0,0,0,0,0,0,42000,0,0,0,52000,10000,42000,42000
063098,台灣50群益01購02,0,0,0,0,0,0,0,0,0,42000,0,0,0,45000,3000,42000,42000
062226,臻鼎統一9B購01  ,0,0,0,0,0,0,0,0,0,42000,0,0,0,42000,0,42000,42000
062188,貿聯元大9B購02  ,0,0,0,0,0,0,0,0,0,42000,0,0,0,45000,3000,42000,42000
061381,台灣50群益9B購07,0,0,0,0,0,0,0,0,0,42000,0,0,0,42000,0,42000,42000
063569,美食元大9B購03  ,0,0,0,0,0,0,0,0,0,41000,0,0,0,184000,143000,41000,41000
2351,順德            ,174000,131000,43000,0,0,0,0,0,0,-2000,0,0,0,0,2000,-2000,41000
08232P,聯發科元富9B售06,0,0,0,0,0,0,0,0,0,41000,0,0,0,41000,0,41000,41000
055963,欣興元大97購04  ,0,0,0,0,0,0,0,0,0,41000,0,0,0,41000,0,41000,41000
056041,禾伸堂凱基98購03,0,0,0,0,0,0,0,0,0,41000,0,0,0,41000,0,41000,41000
054969,亞翔元大97購01  ,0,0,0,0,0,0,0,0,0,41000,0,0,0,51000,10000,41000,41000
055026,健和興國泰98購01,0,0,0,0,0,0,0,0,0,41000,0,0,0,90000,49000,41000,41000
053609,華新中信9A購01  ,0,0,0,0,0,0,0,0,0,41000,0,0,0,61000,20000,41000,41000
052536,聯茂國泰97購01  ,0,0,0,0,0,0,0,0,0,41000,0,0,0,41000,0,41000,41000
059941,聯發科永豐99購04,0,0,0,0,0,0,0,0,0,41000,0,0,0,41000,0,41000,41000
059756,奇力新富邦9C購01,0,0,0,0,0,0,0,0,0,41000,0,0,0,41000,0,41000,41000
05856P,A50正2中信99售01,0,0,0,0,0,0,0,0,0,41000,0,0,0,41000,0,41000,41000
058646,聯茂富邦9A購01  ,0,0,0,0,0,0,0,0,0,41000,0,0,0,61000,20000,41000,41000
061167,臻鼎兆豐9B購01  ,0,0,0,0,0,0,0,0,0,41000,0,0,0,41000,0,41000,41000
062048,義隆台新9B購01  ,0,0,0,0,0,0,0,0,0,41000,0,0,0,47000,6000,41000,41000
1210,大成            ,278724,568700,-289976,0,0,0,210000,0,210000,120000,120000,0,120000,0,0,0,40024
08233P,國泰金元富9B售01,0,0,0,0,0,0,0,0,0,40000,0,0,0,71000,31000,40000,40000
08014P,微星凱基9B售02  ,0,0,0,0,0,0,0,0,0,40000,0,0,0,85000,45000,40000,40000
07684P,大立光凱基9A售11,0,0,0,0,0,0,0,0,0,40000,0,0,0,40000,0,40000,40000
06582P,可成凱基98售06  ,0,0,0,0,0,0,0,0,0,40000,0,0,0,40000,0,40000,40000
06900P,FBVIX國票12售01 ,0,0,0,0,0,0,0,0,0,40000,0,0,0,40000,0,40000,40000
07057P,大立光康和9B售02,0,0,0,0,0,0,0,0,0,40000,0,0,0,40000,0,40000,40000
07395P,台積電群益99售13,0,0,0,0,0,0,0,0,0,40000,0,0,0,40000,0,40000,40000
07409P,台積電台新99售07,0,0,0,0,0,0,0,0,0,40000,0,0,0,50000,10000,40000,40000
053579,華通元大97購01  ,0,0,0,0,0,0,0,0,0,40000,0,0,0,40000,0,40000,40000
047969,台達電富邦97購01,0,0,0,0,0,0,0,0,0,40000,0,0,0,40000,0,40000,40000
047675,群創元富96購03  ,0,0,0,0,0,0,0,0,0,40000,0,0,0,40000,0,40000,40000
04437P,滬深2X群益98售03,0,0,0,0,0,0,0,0,0,40000,0,0,0,40000,0,40000,40000
052223,聯電凱基96購02  ,0,0,0,0,0,0,0,0,0,40000,0,0,0,40000,0,40000,40000
052434,茂林國泰97購01  ,0,0,0,0,0,0,0,0,0,40000,0,0,0,80000,40000,40000,40000
051210,S&P反1統一97購01,0,0,0,0,0,0,0,0,0,40000,0,0,0,40000,0,40000,40000
051912,健鼎元大96購01  ,0,0,0,0,0,0,0,0,0,40000,0,0,0,40000,0,40000,40000
054848,群創兆豐98購01  ,0,0,0,0,0,0,0,0,0,40000,0,0,0,40000,0,40000,40000
058967,可成麥證99購01  ,0,0,0,45000,0,45000,0,0,0,40000,0,0,0,45000,5000,40000,40000
05880P,創意康和96售01  ,0,0,0,0,0,0,0,0,0,40000,0,0,0,50000,10000,40000,40000
055893,大立光統一97購07,0,0,0,0,0,0,0,0,0,40000,0,0,0,60000,20000,40000,40000
055687,瀚宇博凱基97購01,0,0,0,0,0,0,0,0,0,40000,0,0,0,40000,0,40000,40000
056228,可成凱基97購03  ,0,0,0,0,0,0,0,0,0,40000,0,0,0,40000,0,40000,40000
056562,奇力新群益98購01,0,0,0,0,0,0,0,0,0,40000,0,0,0,50000,10000,40000,40000
056462,訊芯凱基98購03  ,0,0,0,0,0,0,0,0,0,40000,0,0,0,90000,50000,40000,40000
056775,康控元大99購01  ,0,0,0,0,0,0,0,0,0,40000,0,0,0,40000,0,40000,40000
056819,奇力新永豐98購01,0,0,0,0,0,0,0,0,0,40000,0,0,0,40000,0,40000,40000
056295,國巨元大97購16  ,0,0,0,0,0,0,0,0,0,40000,0,0,0,40000,0,40000,40000
058727,嘉晶富邦9A購01  ,0,0,0,0,0,0,0,0,0,40000,0,0,0,46000,6000,40000,40000
057739,新日興富邦9B購01,0,0,0,0,0,0,0,0,0,40000,0,0,0,70000,30000,40000,40000
059087,台積電元大99購26,0,0,0,0,0,0,0,0,0,40000,0,0,0,55000,15000,40000,40000
060131,GIS永豐99購03   ,0,0,0,0,0,0,0,0,0,40000,0,0,0,40000,0,40000,40000
057241,超眾凱基99購02  ,0,0,0,0,0,0,0,0,0,40000,0,0,0,40000,0,40000,40000
057953,聚陽元大98購01  ,0,0,0,0,0,0,0,0,0,40000,0,0,0,40000,0,40000,40000
058129,國巨元大99購10  ,0,0,0,0,0,0,0,0,0,40000,0,0,0,95000,55000,40000,40000
057132,華新科凱基98購05,0,0,0,0,0,0,0,0,0,40000,0,0,0,40000,0,40000,40000
057090,奇力新元富98購02,0,0,0,0,0,0,0,0,0,40000,0,0,0,40000,0,40000,40000
058041,FBVIX元大98購02 ,0,0,0,0,0,0,0,0,0,40000,0,0,0,40000,0,40000,40000
062073,國巨元大9B購06  ,0,0,0,0,0,0,0,0,0,40000,0,0,0,90000,50000,40000,40000
061571,奇力新元大9A購03,0,0,0,0,0,0,0,0,0,40000,0,0,0,65000,25000,40000,40000
061717,力成凱基9B購01  ,0,0,0,0,0,0,0,0,0,40000,0,0,0,40000,0,40000,40000
061334,華通元大9A購09  ,0,0,0,0,0,0,0,0,0,40000,0,0,0,53000,13000,40000,40000
060999,國巨兆豐9A購01  ,0,0,0,0,0,0,0,0,0,40000,0,0,0,46000,6000,40000,40000
060874,中鋼中信02購01  ,0,0,0,0,0,0,0,0,0,40000,0,0,0,70000,30000,40000,40000
06269P,群創凱基98售10  ,0,0,0,0,0,0,0,0,0,40000,0,0,0,40000,0,40000,40000
062763,華擎凱基9C購02  ,0,0,0,0,0,0,0,0,0,40000,0,0,0,42000,2000,40000,40000
062628,廣達國票9B購01  ,0,0,0,0,0,0,0,0,0,40000,0,0,0,54000,14000,40000,40000
063124,奇力新元大9B購05,0,0,0,0,0,0,0,0,0,40000,0,0,0,184000,144000,40000,40000
07009P,臺股指中信9B售01,0,0,0,0,0,0,0,0,0,39000,0,0,0,90000,51000,39000,39000
07494P,葡萄王元大9A售03,0,0,0,0,0,0,0,0,0,39000,0,0,0,39000,0,39000,39000
2642,宅配通          ,204000,158000,46000,0,0,0,0,0,0,-7000,0,7000,-7000,0,0,0,39000
056155,嘉晶凱基97購01  ,0,0,0,0,0,0,0,0,0,39000,0,0,0,39000,0,39000,39000
056232,瑞儀凱基98購01  ,0,0,0,0,0,0,0,0,0,39000,0,0,0,114000,75000,39000,39000
055726,台表科元大98購03,0,0,0,0,0,0,0,0,0,39000,0,0,0,64000,25000,39000,39000
056025,嘉晶群益97購01  ,0,0,0,0,0,0,0,0,0,39000,0,0,0,39000,0,39000,39000
05537P,群創中信98售01  ,0,0,0,0,0,0,0,0,0,39000,0,0,0,49000,10000,39000,39000
00728,第一金工業30    ,0,0,0,0,0,0,0,0,0,39000,0,0,0,318000,279000,39000,39000
048572,美利達元大96購04,0,0,0,0,0,0,0,0,0,39000,0,0,0,39000,0,39000,39000
056660,臺股指元大9A購07,0,0,0,0,0,0,0,0,0,39000,0,0,0,39000,0,39000,39000
058354,台積電凱基9A購06,0,0,0,0,0,0,0,0,0,39000,0,0,0,39000,0,39000,39000
059532,華新科凱基9B購03,0,0,0,0,0,0,0,0,0,39000,0,0,0,39000,0,39000,39000
063399,智原群益9B購01  ,0,0,0,0,0,0,0,0,0,39000,0,0,0,39000,0,39000,39000
063302,國巨凱基9C購05  ,0,0,0,0,0,0,0,0,0,39000,0,0,0,39000,0,39000,39000
062299,台積電第一9B購01,0,0,0,0,0,0,0,0,0,39000,0,0,0,39000,0,39000,39000
061942,亞德客群益9B購01,0,0,0,0,0,0,0,0,0,39000,0,0,0,101000,62000,39000,39000
061896,景碩永豐9B購01  ,0,0,0,0,0,0,0,0,0,39000,0,0,0,39000,0,39000,39000
4943,康控-KY         ,518000,657000,-139000,0,0,0,0,0,0,178000,0,0,0,206000,28000,178000,39000
2939,凱羿-KY         ,49000,11000,38000,0,0,0,0,0,0,0,0,0,0,0,0,0,38000
2431,聯昌            ,42000,4000,38000,0,0,0,0,0,0,0,0,0,0,0,0,0,38000
07998P,聯電凱基9C售01  ,0,0,0,0,0,0,0,0,0,38000,0,0,0,38000,0,38000,38000
06457P,玉晶光統一98售02,0,0,0,0,0,0,0,0,0,38000,0,0,0,80000,42000,38000,38000
063801,GIS凱基01購01   ,0,0,0,0,0,0,0,0,0,38000,0,0,0,112000,74000,38000,38000
055566,台表科凱基97購03,0,0,0,0,0,0,0,0,0,38000,0,0,0,43000,5000,38000,38000
053244,光磊國票97購01  ,0,0,0,0,0,0,0,0,0,38000,0,0,0,38000,0,38000,38000
03434B,臺股指元大99熊10,0,0,0,0,0,0,0,0,0,38000,0,0,0,38000,0,38000,38000
055022,精元國泰99購01  ,0,0,0,0,0,0,0,0,0,38000,0,0,0,79000,41000,38000,38000
058780,牧德國票9A購01  ,0,0,0,0,0,0,0,0,0,38000,0,0,0,38000,0,38000,38000
054567,拓凱群益98購01  ,0,0,0,0,0,0,0,0,0,38000,0,0,0,198000,160000,38000,38000
056203,興富發永豐97購01,0,0,0,0,0,0,0,0,0,38000,0,0,0,38000,0,38000,38000
056576,晶技元大99購02  ,0,0,0,0,0,0,0,0,0,38000,0,0,0,56000,18000,38000,38000
056497,GIS國泰99購01   ,0,0,0,0,0,0,0,0,0,38000,0,0,0,50000,12000,38000,38000
059719,台積電元大99購42,0,0,0,0,0,0,0,0,0,38000,0,0,0,49000,11000,38000,38000
05971P,世紀鋼永豐96售04,0,0,0,0,0,0,0,0,0,38000,0,0,0,38000,0,38000,38000
058483,道瓊指國票9A購01,0,0,0,0,0,0,0,0,0,38000,0,0,0,60000,22000,38000,38000
06047P,聯發科富邦99售04,0,0,0,0,0,0,0,0,0,38000,0,0,0,88000,50000,38000,38000
057501,超眾群益98購04  ,0,0,0,0,0,0,0,0,0,38000,0,0,0,38000,0,38000,38000
057915,台泥凱基98購01  ,0,0,0,0,0,0,0,0,0,38000,0,0,0,48000,10000,38000,38000
059787,奇力新元大9A購02,0,0,0,0,0,0,0,0,0,38000,0,0,0,83000,45000,38000,38000
06182P,群創兆豐97售03  ,0,0,0,0,0,0,0,0,0,38000,0,0,0,50000,12000,38000,38000
061849,國巨國票9B購08  ,0,0,0,0,0,0,0,0,0,38000,0,0,0,38000,0,38000,38000
060876,國巨中信9A購04  ,0,0,0,0,0,0,0,0,0,38000,0,0,0,38000,0,38000,38000
060895,華新科凱基9B購05,0,0,0,0,0,0,0,0,0,38000,0,0,0,38000,0,38000,38000
062302,聯詠中信05購02  ,0,0,0,0,0,0,0,0,0,38000,0,0,0,68000,30000,38000,38000
062587,國巨統一9B購13  ,0,0,0,0,0,0,0,0,0,38000,0,0,0,38000,0,38000,38000
062559,嘉晶凱基9B購02  ,0,0,0,0,0,0,0,0,0,38000,0,0,0,42000,4000,38000,38000
062912,新日興元大9B購01,0,0,0,0,0,0,0,0,0,38000,0,0,0,129000,91000,38000,38000
06569P,可成永豐98售01  ,0,0,0,0,0,0,0,0,0,37000,0,0,0,37000,0,37000,37000
06783P,亞光元大98售03  ,0,0,0,0,0,0,0,0,0,37000,0,0,0,37000,0,37000,37000
06880P,鈺齊凱基98售03  ,0,0,0,0,0,0,0,0,0,37000,0,0,0,57000,20000,37000,37000
08214P,南六統一9B售03  ,0,0,0,0,0,0,0,0,0,37000,0,0,0,381000,344000,37000,37000
1442,名軒            ,38000,1000,37000,0,0,0,0,0,0,0,0,0,0,0,0,0,37000
3346,麗清            ,41000,4000,37000,0,0,0,0,0,0,0,0,0,0,0,0,0,37000
059120,致伸永豐99購01  ,0,0,0,0,0,0,0,0,0,37000,0,0,0,37000,0,37000,37000
055276,台積電元大97購20,0,0,0,0,0,0,0,0,0,37000,0,0,0,37000,0,37000,37000
054760,台化國票9A購01  ,0,0,0,0,0,0,0,0,0,37000,0,0,0,38000,1000,37000,37000
056712,京鼎永豐98購01  ,0,0,0,0,0,0,0,0,0,37000,0,0,0,43000,6000,37000,37000
059796,台積電國票99購10,0,0,0,0,0,0,0,0,0,37000,0,0,0,80000,43000,37000,37000
057537,聯茂元大98購04  ,0,0,0,0,0,0,0,0,0,37000,0,0,0,87000,50000,37000,37000
059594,奇力新元大9B購01,0,0,0,0,0,0,0,0,0,37000,0,0,0,37000,0,37000,37000
059466,國巨元大99購26  ,0,0,0,0,0,0,0,0,0,37000,0,0,0,42000,5000,37000,37000
063258,緯穎國泰9C購01  ,0,0,0,0,0,0,0,0,0,37000,0,0,0,333000,296000,37000,37000
062202,國巨國票9C購04  ,0,0,0,0,0,0,0,0,0,37000,0,0,0,37000,0,37000,37000
061272,超眾凱基9A購03  ,0,0,0,0,0,0,0,0,0,37000,0,0,0,37000,0,37000,37000
06143P,鴻海永豐97售02  ,0,0,0,0,0,0,0,0,0,37000,0,0,0,37000,0,37000,37000
06161P,聯發科群益97售03,0,0,0,0,0,0,0,0,0,37000,0,0,0,62000,25000,37000,37000
1325,恆大            ,24000,7700,16300,0,0,0,0,0,0,20000,0,0,0,20000,0,20000,36300
00753L,中信中國50正2   ,0,0,0,0,0,0,0,0,0,36250,0,0,0,236250,200000,36250,36250
08205P,智邦凱基9B售03  ,0,0,0,0,0,0,0,0,0,36000,0,0,0,36000,0,36000,36000
08242P,聯發科凱基9C售06,0,0,0,0,0,0,0,0,0,36000,0,0,0,36000,0,36000,36000
08263P,台表科元大9C售06,0,0,0,0,0,0,0,0,0,36000,0,0,0,80000,44000,36000,36000
3321,同泰            ,70000,34000,36000,0,0,0,0,0,0,0,0,0,0,0,0,0,36000
2331,精英            ,81000,45000,36000,0,0,0,0,0,0,0,0,0,0,0,0,0,36000
07256P,臺股指凱基99售36,0,0,0,0,0,0,0,0,0,36000,0,0,0,36000,0,36000,36000
06800P,台灣50群益9A售02,0,0,0,0,0,0,0,0,0,36000,0,0,0,36000,0,36000,36000
00675L,富邦臺灣加權正2 ,83000,29000,54000,0,0,0,0,0,0,-18000,0,0,0,52000,70000,-18000,36000
05758P,光罩永豐96售02  ,0,0,0,0,0,0,0,0,0,36000,0,0,0,36000,0,36000,36000
058798,大立光元大99購11,0,0,0,0,0,0,0,0,0,36000,0,0,0,51000,15000,36000,36000
056156,禾伸堂凱基98購04,0,0,0,0,0,0,0,0,0,36000,0,0,0,49000,13000,36000,36000
056738,國巨凱基9A購02  ,0,0,0,0,0,0,0,0,0,36000,0,0,0,40000,4000,36000,36000
055689,台郡凱基99購01  ,0,0,0,0,0,0,0,0,0,36000,0,0,0,66000,30000,36000,36000
058401,華航元大9A購01  ,0,0,0,0,0,0,0,0,0,36000,0,0,0,52000,16000,36000,36000
056993,GIS兆豐99購01   ,0,0,0,0,0,0,0,0,0,36000,0,0,0,36000,0,36000,36000
060599,國巨凱基9C購01  ,0,0,0,0,0,0,0,0,0,36000,0,0,0,105000,69000,36000,36000
057934,華新科群益98購07,0,0,0,0,0,0,0,0,0,36000,0,0,0,36000,0,36000,36000
059363,超眾永豐99購02  ,0,0,0,0,0,0,0,0,0,36000,0,0,0,36000,0,36000,36000
060084,聯電元大99購02  ,0,0,0,0,0,0,0,0,0,36000,0,0,0,58000,22000,36000,36000
059094,臻鼎元大99購03  ,0,0,0,0,0,0,0,0,0,36000,0,0,0,39000,3000,36000,36000
058707,泰鼎元大99購02  ,0,0,0,0,0,0,0,0,0,36000,0,0,0,65000,29000,36000,36000
059951,台塑康和99購01  ,0,0,0,0,0,0,0,0,0,36000,0,0,0,36000,0,36000,36000
061502,嘉澤國票9A購02  ,0,0,0,0,0,0,0,0,0,36000,0,0,0,36000,0,36000,36000
061996,矽格元大9B購01  ,0,0,0,0,0,0,0,0,0,36000,0,0,0,86000,50000,36000,36000
061322,華新科凱基9A購12,0,0,0,0,0,0,0,0,0,36000,0,0,0,36000,0,36000,36000
061180,華擎凱基9B購01  ,0,0,0,0,0,0,0,0,0,36000,0,0,0,36000,0,36000,36000
060960,金像電凱基9B購01,0,0,0,0,0,0,0,0,0,36000,0,0,0,36000,0,36000,36000
060979,國巨元大9A購14  ,0,0,0,0,0,0,0,0,0,36000,0,0,0,66000,30000,36000,36000
060932,南六永豐9A購02  ,0,0,0,0,0,0,0,0,0,36000,0,0,0,41000,5000,36000,36000
4766,南寶            ,39000,3000,36000,0,0,0,0,0,0,0,0,0,0,0,0,0,36000
8222,寶一            ,45000,9000,36000,0,0,0,0,0,0,0,0,0,0,0,0,0,36000
07420P,可成元大99售07  ,0,0,0,0,0,0,0,0,0,35000,0,0,0,45000,10000,35000,35000
063527,美食凱基01購01  ,0,0,0,0,0,0,0,0,0,35000,0,0,0,41000,6000,35000,35000
063596,嘉澤中信9B購01  ,0,0,0,0,0,0,0,0,0,35000,0,0,0,65000,30000,35000,35000
1472,三洋紡          ,63000,28000,35000,0,0,0,0,0,0,0,0,0,0,0,0,0,35000
2480,敦陽科          ,130000,79000,51000,0,0,0,0,0,0,-16000,0,16000,-16000,0,0,0,35000
08131P,立積元大9B售02  ,0,0,0,0,0,0,0,0,0,35000,0,0,0,60000,25000,35000,35000
055713,國巨元大98購09  ,0,0,0,0,0,0,0,0,0,35000,0,0,0,42000,7000,35000,35000
054634,FB上証中信99購01,0,0,0,0,0,0,0,0,0,35000,0,0,0,35000,0,35000,35000
056302,大立光元大97購17,0,0,0,0,0,0,0,0,0,35000,0,0,0,68000,33000,35000,35000
056365,欣興元大98購01  ,0,0,0,0,0,0,0,0,0,35000,0,0,0,88000,53000,35000,35000
051047,深中小群益99購01,0,0,0,0,0,0,0,0,0,35000,0,0,0,60000,25000,35000,35000
051577,台積電元大97購03,0,0,0,0,0,0,0,0,0,35000,0,0,0,349000,314000,35000,35000
051732,華通國票97購01  ,0,0,0,0,0,0,0,0,0,35000,0,0,0,35000,0,35000,35000
052113,漢唐中信98購01  ,0,0,0,0,0,0,0,0,0,35000,0,0,0,35000,0,35000,35000
053850,嘉澤元富96購03  ,0,0,0,0,0,0,0,0,0,35000,0,0,0,35000,0,35000,35000
053452,臺股指凱基97購01,0,0,0,0,0,0,0,0,0,35000,0,0,0,35000,0,35000,35000
054330,世芯永豐96購02  ,0,0,0,0,0,0,0,0,0,35000,0,0,0,35000,0,35000,35000
058568,宏達電凱基9A購02,0,0,0,0,0,0,0,0,0,35000,0,0,0,35000,0,35000,35000
057672,茂林元大98購02  ,0,0,0,0,0,0,0,0,0,35000,0,0,0,50000,15000,35000,35000
060285,聯電元大9C購01  ,0,0,0,0,0,0,0,0,0,35000,0,0,0,58000,23000,35000,35000
058174,台積電凱基9A購05,0,0,0,0,0,0,0,0,0,35000,0,0,0,43000,8000,35000,35000
06068P,玉晶光康和97售01,0,0,0,0,0,0,0,0,0,35000,0,0,0,45000,10000,35000,35000
062018,台勝科永豐9B購01,0,0,0,0,0,0,0,0,0,35000,0,0,0,35000,0,35000,35000
061879,超眾元大9C購01  ,0,0,0,0,0,0,0,0,0,35000,0,0,0,139000,104000,35000,35000
062365,台光電元大9B購03,0,0,0,0,0,0,0,0,0,35000,0,0,0,35000,0,35000,35000
062684,華新科統一01購02,0,0,0,0,0,0,0,0,0,35000,0,0,0,196000,161000,35000,35000
062956,同欣電永豐9B購02,0,0,0,0,0,0,0,0,0,35000,0,0,0,35000,0,35000,35000
5871,中租-KY         ,948000,929079,18921,0,0,0,22000,0,22000,-6000,3000,8000,-5000,0,1000,-1000,34921
08108P,聯發科元富9B售03,0,0,0,0,0,0,0,0,0,34000,0,0,0,74000,40000,34000,34000
063900,GIS群益9C購03   ,0,0,0,0,0,0,0,0,0,34000,0,0,0,34000,0,34000,34000
052316,台積電元大96購10,0,0,0,0,0,0,0,0,0,34000,0,0,0,93000,59000,34000,34000
056347,GIS凱基9A購01   ,0,0,0,0,0,0,0,0,0,34000,0,0,0,34000,0,34000,34000
056378,欣興元富98購01  ,0,0,0,0,0,0,0,0,0,34000,0,0,0,34000,0,34000,34000
056477,欣興元大98購02  ,0,0,0,0,0,0,0,0,0,34000,0,0,0,54000,20000,34000,34000
056250,瑞昱兆豐97購02  ,0,0,0,0,0,0,0,0,0,34000,0,0,0,34000,0,34000,34000
058074,欣興凱基99購01  ,0,0,0,0,0,0,0,0,0,34000,0,0,0,39000,5000,34000,34000
057571,泰碩永豐98購01  ,0,0,0,0,0,0,0,0,0,34000,0,0,0,77000,43000,34000,34000
057462,光磊永豐98購02  ,0,0,0,0,0,0,0,0,0,34000,0,0,0,85000,51000,34000,34000
062795,國巨統一9B購15  ,0,0,0,0,0,0,0,0,0,34000,0,0,0,34000,0,34000,34000
062162,世紀鋼凱基9B購03,0,0,0,0,0,0,0,0,0,34000,0,0,0,94000,60000,34000,34000
062074,旺宏元大9B購04  ,0,0,0,0,0,0,0,0,0,34000,0,0,0,60000,26000,34000,34000
060845,欣興國票9A購01  ,0,0,0,0,0,0,0,0,0,34000,0,0,0,58000,24000,34000,34000
060943,宏達電國票9B購02,0,0,0,0,0,0,0,0,0,34000,0,0,0,34000,0,34000,34000
061216,世芯元大9A購06  ,0,0,0,0,0,0,0,0,0,34000,0,0,0,40000,6000,34000,34000
061341,華新科元大9A購16,0,0,0,0,0,0,0,0,0,34000,0,0,0,34000,0,34000,34000
08250P,GIS群益9C售02   ,0,0,0,0,0,0,0,0,0,33000,0,0,0,33000,0,33000,33000
1906,寶隆            ,74000,40000,34000,0,0,0,0,0,0,-1000,0,1000,-1000,0,0,0,33000
055834,國巨元大97購13  ,0,0,0,0,0,0,0,0,0,33000,0,0,0,33000,0,33000,33000
056298,億光元大97購02  ,0,0,0,0,0,0,0,0,0,33000,0,0,0,68000,35000,33000,33000
056816,華通永豐98購02  ,0,0,0,0,0,0,0,0,0,33000,0,0,0,33000,0,33000,33000
054028,臻鼎凱基96購03  ,0,0,0,0,0,0,0,0,0,33000,0,0,0,33000,0,33000,33000
049335,聯電統一97購01  ,0,0,0,0,0,0,0,0,0,33000,0,0,0,55000,22000,33000,33000
056902,大立光元大98購12,0,0,0,0,0,0,0,0,0,33000,0,0,0,33000,0,33000,33000
059197,可成永豐99購02  ,0,0,0,0,0,0,0,0,0,33000,0,0,0,49000,16000,33000,33000
058081,技嘉群益9A購03  ,0,0,0,0,0,0,0,0,0,33000,0,0,0,37000,4000,33000,33000
060940,國巨國票9B購03  ,0,0,0,0,0,0,0,0,0,33000,0,0,0,48000,15000,33000,33000
062264,南六元大9B購02  ,0,0,0,0,0,0,0,0,0,33000,0,0,0,239000,206000,33000,33000
062352,南六群益9B購02  ,0,0,0,0,0,0,0,0,0,33000,0,0,0,48000,15000,33000,33000
06243P,亞光元富97售01  ,0,0,0,0,0,0,0,0,0,33000,0,0,0,33000,0,33000,33000
2731,雄獅            ,172000,140000,32000,0,0,0,0,0,0,0,0,0,0,0,0,0,32000
063966,大毅國票01購01  ,0,0,0,0,0,0,0,0,0,32000,0,0,0,32000,0,32000,32000
054075,GIS富邦97購02   ,0,0,0,0,0,0,0,0,0,32000,0,0,0,33000,1000,32000,32000
051503,玉晶光統一97購01,0,0,0,0,0,0,0,0,0,32000,0,0,0,32000,0,32000,32000
0051,元大中型100     ,0,0,0,0,0,0,0,0,0,32000,0,0,0,32000,0,32000,32000
052647,晶技永豐97購01  ,0,0,0,0,0,0,0,0,0,32000,0,0,0,54000,22000,32000,32000
055425,聚陽群益99購01  ,0,0,0,0,0,0,0,0,0,32000,0,0,0,32000,0,32000,32000
056540,聯詠凱基98購02  ,0,0,0,0,0,0,0,0,0,32000,0,0,0,32000,0,32000,32000
05588P,群創兆豐97售02  ,0,0,0,0,0,0,0,0,0,32000,0,0,0,50000,18000,32000,32000
058746,華通凱基9A購02  ,0,0,0,0,0,0,0,0,0,32000,0,0,0,35000,3000,32000,32000
059147,矽創國票99購01  ,0,0,0,0,0,0,0,0,0,32000,0,0,0,42000,10000,32000,32000
060168,台表科永豐9A購01,0,0,0,0,0,0,0,0,0,32000,0,0,0,32000,0,32000,32000
060239,國揚元大9C購01  ,0,0,0,0,0,0,0,0,0,32000,0,0,0,163000,131000,32000,32000
058334,鴻海元富99購05  ,0,0,0,0,0,0,0,0,0,32000,0,0,0,32000,0,32000,32000
059453,奇力新永豐99購01,0,0,0,0,0,0,0,0,0,32000,0,0,0,52000,20000,32000,32000
059390,華新科凱基99購05,0,0,0,0,0,0,0,0,0,32000,0,0,0,32000,0,32000,32000
059275,可成元大99購05  ,0,0,0,0,0,0,0,0,0,32000,0,0,0,40000,8000,32000,32000
058735,南茂永豐99購01  ,0,0,0,0,0,0,0,0,0,32000,0,0,0,129000,97000,32000,32000
059762,禾伸堂永豐99購02,0,0,0,0,0,0,0,0,0,32000,0,0,0,117000,85000,32000,32000
059914,台積電元大99購47,0,0,0,0,0,0,0,0,0,32000,0,0,0,32000,0,32000,32000
057896,嘉晶元富98購01  ,0,0,0,0,0,0,0,0,0,32000,0,0,0,32000,0,32000,32000
057482,微星元大98購03  ,0,0,0,0,0,0,0,0,0,32000,0,0,0,101000,69000,32000,32000
057587,微星國票99購01  ,0,0,0,0,0,0,0,0,0,32000,0,0,0,48000,16000,32000,32000
062643,緯穎國票9B購01  ,0,0,0,0,0,0,0,0,0,32000,0,0,0,42000,10000,32000,32000
062459,聯詠群益9B購01  ,0,0,0,0,0,0,0,0,0,32000,0,0,0,33000,1000,32000,32000
063071,華新科富邦02購01,0,0,0,0,0,0,0,0,0,32000,0,0,0,189000,157000,32000,32000
061204,國巨元大9A購16  ,0,0,0,0,0,0,0,0,0,32000,0,0,0,32000,0,32000,32000
061471,台積電元大9A購31,0,0,0,0,0,0,0,0,0,32000,0,0,0,47000,15000,32000,32000
4560,強信-KY         ,239000,207000,32000,0,0,0,0,0,0,0,0,0,0,0,0,0,32000
063793,和大凱基9C購01  ,0,0,0,0,0,0,0,0,0,31000,0,0,0,31000,0,31000,31000
1732,毛寶            ,77000,46000,31000,0,0,0,0,0,0,0,0,0,0,0,0,0,31000
056127,致新國票98購02  ,0,0,0,0,0,0,0,0,0,31000,0,0,0,66000,35000,31000,31000
055032,億光富邦99購01  ,0,0,0,0,0,0,0,0,0,31000,0,0,0,55000,24000,31000,31000
055075,南電永豐97購01  ,0,0,0,0,0,0,0,0,0,31000,0,0,0,47000,16000,31000,31000
05639P,欣興統一97售01  ,0,0,0,0,0,0,0,0,0,31000,0,0,0,32000,1000,31000,31000
059816,聯電凱基99購03  ,0,0,0,0,0,0,0,0,0,31000,0,0,0,62000,31000,31000,31000
058267,奇鋐永豐99購01  ,0,0,0,0,0,0,0,0,0,31000,0,0,0,41000,10000,31000,31000
060417,正隆永豐9A購01  ,0,0,0,0,0,0,0,0,0,31000,0,0,0,96000,65000,31000,31000
061548,聯詠群益9A購02  ,0,0,0,0,0,0,0,0,0,31000,0,0,0,31000,0,31000,31000
061702,奇鋐國票9A購02  ,0,0,0,0,0,0,0,0,0,31000,0,0,0,38000,7000,31000,31000
060965,中租凱基9B購01  ,0,0,0,0,0,0,0,0,0,31000,0,0,0,31000,0,31000,31000
063011,台積電元大9C購01,0,0,0,0,0,0,0,0,0,31000,0,0,0,61000,30000,31000,31000
063340,英業達統一9B購01,0,0,0,0,0,0,0,0,0,31000,0,0,0,207000,176000,31000,31000
062712,晶技麥證9B購02  ,0,0,0,40000,9000,31000,0,0,0,31000,0,0,0,40000,9000,31000,31000
4555,氣立            ,55000,63000,-8000,0,0,0,0,0,0,39000,39000,0,39000,0,0,0,31000
4545,銘鈺            ,60000,29000,31000,0,0,0,0,0,0,0,0,0,0,0,0,0,31000
00654R,富邦印度反1     ,16000,1000,15000,0,0,0,0,0,0,15900,0,0,0,41000,25100,15900,30900
1529,樂士            ,10000,0,10000,0,0,0,0,0,0,20000,20000,0,20000,0,0,0,30000
1537,廣隆            ,30000,0,30000,0,0,0,0,0,0,0,0,0,0,0,0,0,30000
2017,官田鋼          ,29000,0,29000,0,0,0,0,0,0,1000,1000,0,1000,0,0,0,30000
2616,山隆            ,33000,3000,30000,0,0,0,0,0,0,0,0,0,0,0,0,0,30000
08130P,義隆元大9B售05  ,0,0,0,0,0,0,0,0,0,30000,0,0,0,121000,91000,30000,30000
08064P,上証2X凱基9C售02,0,0,0,0,0,0,0,0,0,30000,0,0,0,30000,0,30000,30000
07529P,國巨凱基9A售11  ,0,0,0,0,0,0,0,0,0,30000,0,0,0,30000,0,30000,30000
07729P,臺股指凱基9A售21,0,0,0,0,0,0,0,0,0,30000,0,0,0,90000,60000,30000,30000
07921P,鴻海群益9B售04  ,0,0,0,0,0,0,0,0,0,30000,0,0,0,30000,0,30000,30000
07887P,台積電國票9C售03,0,0,0,0,0,0,0,0,0,30000,0,0,0,30000,0,30000,30000
063692,華擎永豐9B購02  ,0,0,0,0,0,0,0,0,0,30000,0,0,0,30000,0,30000,30000
063448,聯發科統一9C購11,0,0,0,0,0,0,0,0,0,30000,0,0,0,30000,0,30000,30000
063489,新日興國泰01購01,0,0,0,0,0,0,0,0,0,30000,0,0,0,30000,0,30000,30000
07368P,國巨凱基99售19  ,0,0,0,0,0,0,0,0,0,30000,0,0,0,30000,0,30000,30000
03658C,T50反1元大9A牛02,0,0,0,0,0,0,0,0,0,30000,0,0,0,30000,0,30000,30000
054178,中磊台新97購01  ,0,0,0,0,0,0,0,0,0,30000,0,0,0,40000,10000,30000,30000
050115,群創元大96購01  ,0,0,0,0,0,0,0,0,0,30000,0,0,0,30000,0,30000,30000
055457,聚陽永豐97購01  ,0,0,0,0,0,0,0,0,0,30000,0,0,0,30000,0,30000,30000
053797,台積電中信98購01,0,0,0,0,0,0,0,0,0,30000,0,0,0,40000,10000,30000,30000
053818,富邦金群益98購01,0,0,0,0,0,0,0,0,0,30000,0,0,0,30000,0,30000,30000
052746,泰碩元大97購01  ,0,0,0,0,0,0,0,0,0,30000,0,0,0,67000,37000,30000,30000
053085,華新科元大97購04,0,0,0,0,0,0,0,0,0,30000,0,0,0,30000,0,30000,30000
054303,國巨凱基96購15  ,0,0,0,0,0,0,0,0,0,30000,0,0,0,30000,0,30000,30000
053487,台泥兆豐97購01  ,0,0,0,0,0,0,0,0,0,30000,0,0,0,30000,0,30000,30000
053666,臺股指凱基96購29,0,0,0,0,0,0,0,0,0,30000,0,0,0,30000,0,30000,30000
056772,欣興元大99購01  ,0,0,0,0,0,0,0,0,0,30000,0,0,0,105000,75000,30000,30000
056550,瑞儀凱基99購01  ,0,0,0,0,0,0,0,0,0,30000,0,0,0,45000,15000,30000,30000
056153,華新科凱基97購02,0,0,0,0,0,0,0,0,0,30000,0,0,0,40000,10000,30000,30000
056491,南亞科國泰99購01,0,0,0,0,0,0,0,0,0,30000,0,0,0,30000,0,30000,30000
056021,興富發群益97購01,0,0,0,0,0,0,0,0,0,30000,0,0,0,100000,70000,30000,30000
055663,崇越中信97購01  ,0,0,0,0,0,0,0,0,0,30000,0,0,0,30000,0,30000,30000
055668,欣興群益97購01  ,0,0,0,0,0,0,0,0,0,30000,0,0,0,30000,0,30000,30000
054554,大立光凱基98購02,0,0,0,0,0,0,0,0,0,30000,0,0,0,30000,0,30000,30000
055779,國泰金凱基97購02,0,0,0,0,0,0,0,0,0,30000,0,0,0,30000,0,30000,30000
055262,台虹國泰98購01  ,0,0,0,0,0,0,0,0,0,30000,0,0,0,30000,0,30000,30000
055214,聯電凱基97購02  ,0,0,0,0,0,0,0,0,0,30000,0,0,0,30000,0,30000,30000
056035,鴻海凱基97購06  ,0,0,0,0,0,0,0,0,0,30000,0,0,0,30000,0,30000,30000
055365,華通元大97購03  ,0,0,0,0,0,0,0,0,0,30000,0,0,0,296000,266000,30000,30000
055357,欣興凱基97購04  ,0,0,0,0,0,0,0,0,0,30000,0,0,0,30000,0,30000,30000
055359,超眾凱基97購01  ,0,0,0,0,0,0,0,0,0,30000,0,0,0,30000,0,30000,30000
058794,旺宏元大99購09  ,0,0,0,0,0,0,0,0,0,30000,0,0,0,30000,0,30000,30000
058904,晶技元大99購05  ,0,0,0,0,0,0,0,0,0,30000,0,0,0,30000,0,30000,30000
060597,華通凱基9A購04  ,0,0,0,0,0,0,0,0,0,30000,0,0,0,30000,0,30000,30000
060538,S&P反1凱基9A購01,0,0,0,0,0,0,0,0,0,30000,0,0,0,30000,0,30000,30000
060267,上緯控國票9C購01,0,0,0,0,0,0,0,0,0,30000,0,0,0,30000,0,30000,30000
060300,佐登國泰9B購01  ,0,0,0,0,0,0,0,0,0,30000,0,0,0,33000,3000,30000,30000
058097,台灣50國泰99購01,0,0,0,0,0,0,0,0,0,30000,0,0,0,30000,0,30000,30000
058278,FBVIX中信03購02 ,0,0,0,0,0,0,0,0,0,30000,0,0,0,30000,0,30000,30000
058230,國巨元大99購11  ,0,0,0,0,0,0,0,0,0,30000,0,0,0,30000,0,30000,30000
058339,康友元富99購02  ,0,0,0,0,0,0,0,0,0,30000,0,0,0,30000,0,30000,30000
059706,嘉晶凱基99購01  ,0,0,0,0,0,0,0,0,0,30000,0,0,0,66000,36000,30000,30000
056997,台灣50康和9A購02,0,0,0,0,0,0,0,0,0,30000,0,0,0,30000,0,30000,30000
057032,A50反1元大9B購01,0,0,0,0,0,0,0,0,0,30000,0,0,0,30000,0,30000,30000
059763,華擎永豐99購03  ,0,0,0,0,0,0,0,0,0,30000,0,0,0,40000,10000,30000,30000
058619,台灣50國票99購04,0,0,0,0,0,0,0,0,0,30000,0,0,0,30000,0,30000,30000
058621,華通國票9A購01  ,0,0,0,0,0,0,0,0,0,30000,0,0,0,32000,2000,30000,30000
059092,聯陽元大99購01  ,0,0,0,0,0,0,0,0,0,30000,0,0,0,30000,0,30000,30000
056837,國巨元富98購02  ,0,0,0,0,0,0,0,0,0,30000,0,0,0,30000,0,30000,30000
059985,華新科元大99購22,0,0,0,0,0,0,0,0,0,30000,0,0,0,44000,14000,30000,30000
057407,超眾群益99購01  ,0,0,0,0,0,0,0,0,0,30000,0,0,0,50000,20000,30000,30000
057436,義隆國票99購02  ,0,0,0,0,0,0,0,0,0,30000,0,0,0,45000,15000,30000,30000
059284,緯穎永豐99購03  ,0,0,0,0,0,0,0,0,0,30000,0,0,0,40000,10000,30000,30000
057903,聯鈞永豐99購01  ,0,0,0,0,0,0,0,0,0,30000,0,0,0,65000,35000,30000,30000
057321,台泥群益98購01  ,0,0,0,0,0,0,0,0,0,30000,0,0,0,30000,0,30000,30000
062699,台積電元大01購02,0,0,0,0,0,0,0,0,0,30000,0,0,0,502000,472000,30000,30000
062764,世芯凱基9B購02  ,0,0,0,0,0,0,0,0,0,30000,0,0,0,30000,0,30000,30000
062598,華通台新9B購02  ,0,0,0,0,0,0,0,0,0,30000,0,0,0,133000,103000,30000,30000
062257,聯發科元大9B購09,0,0,0,0,0,0,0,0,0,30000,0,0,0,30000,0,30000,30000
062247,國巨元大9B購07  ,0,0,0,0,0,0,0,0,0,30000,0,0,0,85000,55000,30000,30000
063417,金像電凱基9B購03,0,0,0,0,0,0,0,0,0,30000,0,0,0,39000,9000,30000,30000
062907,可成元大9C購03  ,0,0,0,0,0,0,0,0,0,30000,0,0,0,88000,58000,30000,30000
062918,祥碩元大9C購02  ,0,0,0,0,0,0,0,0,0,30000,0,0,0,30000,0,30000,30000
062902,智邦元大9B購07  ,0,0,0,0,0,0,0,0,0,30000,0,0,0,31000,1000,30000,30000
062840,臺股指群益9B購07,0,0,0,0,0,0,0,0,0,30000,0,0,0,30000,0,30000,30000
060951,元黃金群益9A購01,0,0,0,0,0,0,0,0,0,30000,0,0,0,30000,0,30000,30000
061070,超眾凱基9C購01  ,0,0,0,0,0,0,0,0,0,30000,0,0,0,30000,0,30000,30000
060861,漢唐永豐9A購01  ,0,0,0,0,0,0,0,0,0,30000,0,0,0,30000,0,30000,30000
060905,台積電元大9A購20,0,0,0,0,0,0,0,0,0,30000,0,0,0,30000,0,30000,30000
061083,京元電兆豐9A購01,0,0,0,0,0,0,0,0,0,30000,0,0,0,30000,0,30000,30000
061343,大立光元大9A購04,0,0,0,0,0,0,0,0,0,30000,0,0,0,30000,0,30000,30000
061384,T50反1群益9A購04,0,0,0,0,0,0,0,0,0,30000,0,0,0,30000,0,30000,30000
061677,泰碩元大9A購05  ,0,0,0,0,0,0,0,0,0,30000,0,0,0,283000,253000,30000,30000
062052,華通統一01購01  ,0,0,0,0,0,0,0,0,0,30000,0,0,0,85000,55000,30000,30000
062041,華擎凱基9C購01  ,0,0,0,0,0,0,0,0,0,30000,0,0,0,30000,0,30000,30000
061866,力山元大9C購01  ,0,0,0,0,0,0,0,0,0,30000,0,0,0,180000,150000,30000,30000
4989,榮科            ,31000,1000,30000,0,0,0,0,0,0,0,0,0,0,0,0,0,30000
07369P,台積電凱基99售20,0,0,0,0,0,0,0,0,0,29000,0,0,0,29000,0,29000,29000
06570P,大立光永豐98售01,0,0,0,0,0,0,0,0,0,29000,0,0,0,59000,30000,29000,29000
063904,大立光麥證01購01,0,0,0,39000,1000,38000,0,0,0,29000,0,0,0,39000,10000,29000,29000
063998,聯發科兆豐9C購02,0,0,0,0,0,0,0,0,0,29000,0,0,0,30000,1000,29000,29000
08155P,聯發科元富9B售05,0,0,0,0,0,0,0,0,0,29000,0,0,0,51000,22000,29000,29000
08243P,祥碩凱基9C售02  ,0,0,0,0,0,0,0,0,0,29000,0,0,0,31000,2000,29000,29000
055108,智邦凱基98購01  ,0,0,0,0,0,0,0,0,0,29000,0,0,0,31000,2000,29000,29000
056651,聯茂凱基98購04  ,0,0,0,0,0,0,0,0,0,29000,0,0,0,29000,0,29000,29000
057783,台積電國票9A購01,0,0,0,0,0,0,0,0,0,29000,0,0,0,30000,1000,29000,29000
059832,超眾康和99購01  ,0,0,0,0,0,0,0,0,0,29000,0,0,0,29000,0,29000,29000
060235,瑞昱元大9A購01  ,0,0,0,0,0,0,0,0,0,29000,0,0,0,99000,70000,29000,29000
062129,世紀鋼統一02購01,0,0,0,0,0,0,0,0,0,29000,0,0,0,50000,21000,29000,29000
061668,信邦中信9B購01  ,0,0,0,0,0,0,0,0,0,29000,0,0,0,44000,15000,29000,29000
061532,和大統一9C購02  ,0,0,0,0,0,0,0,0,0,29000,0,0,0,49000,20000,29000,29000
061496,華新科國票9A購07,0,0,0,0,0,0,0,0,0,29000,0,0,0,39000,10000,29000,29000
060812,智邦凱基9A購01  ,0,0,0,0,0,0,0,0,0,29000,0,0,0,31000,2000,29000,29000
060942,智邦國票9A購02  ,0,0,0,0,0,0,0,0,0,29000,0,0,0,49000,20000,29000,29000
062911,聯詠元大9B購03  ,0,0,0,0,0,0,0,0,0,29000,0,0,0,109000,80000,29000,29000
062454,華通群益9C購03  ,0,0,0,0,0,0,0,0,0,29000,0,0,0,29000,0,29000,29000
4763,材料-KY         ,31000,2000,29000,0,0,0,0,0,0,0,0,0,0,0,0,0,29000
07875P,祥碩群益9B售01  ,0,0,0,0,0,0,0,0,0,28000,0,0,0,54000,26000,28000,28000
01003T,兆豐新光R1      ,28000,0,28000,0,0,0,0,0,0,0,0,0,0,0,0,0,28000
055168,光罩統一98購01  ,0,0,0,0,0,0,0,0,0,28000,0,0,0,28000,0,28000,28000
056222,台積電凱基9A購01,0,0,0,0,0,0,0,0,0,28000,0,0,0,38000,10000,28000,28000
057034,道瓊反元大9B購01,0,0,0,0,0,0,0,0,0,28000,0,0,0,28000,0,28000,28000
059613,泰鼎永豐99購02  ,0,0,0,0,0,0,0,0,0,28000,0,0,0,39000,11000,28000,28000
058371,智原凱基9A購01  ,0,0,0,0,0,0,0,0,0,28000,0,0,0,38000,10000,28000,28000
057826,祥碩元大98購08  ,0,0,0,0,0,0,0,0,0,28000,0,0,0,31000,3000,28000,28000
057852,國巨國票99購05  ,0,0,0,0,0,0,0,0,0,28000,0,0,0,63000,35000,28000,28000
062705,美食元大9B購01  ,0,0,0,0,0,0,0,0,0,28000,0,0,0,77000,49000,28000,28000
062256,聯發科元大9B購08,0,0,0,0,0,0,0,0,0,28000,0,0,0,28000,0,28000,28000
062862,瑞儀國票9B購01  ,0,0,0,0,0,0,0,0,0,28000,0,0,0,57000,29000,28000,28000
063326,正隆國票9B購01  ,0,0,0,0,0,0,0,0,0,28000,0,0,0,76000,48000,28000,28000
063328,京元電國票9C購02,0,0,0,0,0,0,0,0,0,28000,0,0,0,43000,15000,28000,28000
063254,臺股指元大9B購41,0,0,0,0,0,0,0,0,0,28000,0,0,0,28000,0,28000,28000
061403,滬深2X國票9A購06,0,0,0,0,0,0,0,0,0,28000,0,0,0,30000,2000,28000,28000
061423,廣達元大9A購01  ,0,0,0,0,0,0,0,0,0,28000,0,0,0,180000,152000,28000,28000
061585,台積電富邦9B購06,0,0,0,0,0,0,0,0,0,28000,0,0,0,28000,0,28000,28000
062007,台光電國泰9C購01,0,0,0,0,0,0,0,0,0,28000,0,0,0,28000,0,28000,28000
08188P,群創群益9B售04  ,0,0,0,0,0,0,0,0,0,27000,0,0,0,53000,26000,27000,27000
08150P,立積國票9C售01  ,0,0,0,0,0,0,0,0,0,27000,0,0,0,33000,6000,27000,27000
063591,麗豐永豐9B購02  ,0,0,0,0,0,0,0,0,0,27000,0,0,0,54000,27000,27000,27000
07228P,台灣50群益9B售06,0,0,0,0,0,0,0,0,0,27000,0,0,0,27000,0,27000,27000
056472,美律元大99購03  ,0,0,0,0,0,0,0,0,0,27000,0,0,0,60000,33000,27000,27000
054952,大毅元大97購02  ,0,0,0,0,0,0,0,0,0,27000,0,0,0,30000,3000,27000,27000
060115,南電元大99購06  ,0,0,0,0,0,0,0,0,0,27000,0,0,0,83000,56000,27000,27000
059296,大立光元富99購06,0,0,0,0,0,0,0,0,0,27000,0,0,0,54000,27000,27000,27000
058378,南電凱基99購01  ,0,0,0,0,0,0,0,0,0,27000,0,0,0,28000,1000,27000,27000
060475,瑞祺元大9A購01  ,0,0,0,0,0,0,0,0,0,27000,0,0,0,83000,56000,27000,27000
062006,瑞昱國泰9C購01  ,0,0,0,0,0,0,0,0,0,27000,0,0,0,80000,53000,27000,27000
061995,超眾元大01購01  ,0,0,0,0,0,0,0,0,0,27000,0,0,0,79000,52000,27000,27000
062110,華擎國票9B購01  ,0,0,0,0,0,0,0,0,0,27000,0,0,0,29000,2000,27000,27000
061492,超眾兆豐9B購01  ,0,0,0,0,0,0,0,0,0,27000,0,0,0,30000,3000,27000,27000
061454,國巨凱基9A購16  ,0,0,0,0,0,0,0,0,0,27000,0,0,0,27000,0,27000,27000
061324,華新科凱基9C購01,0,0,0,0,0,0,0,0,0,27000,0,0,0,82000,55000,27000,27000
063010,國巨元大9C購02  ,0,0,0,0,0,0,0,0,0,27000,0,0,0,50000,23000,27000,27000
063084,可成凱基9C購01  ,0,0,0,0,0,0,0,0,0,27000,0,0,0,39000,12000,27000,27000
062357,國巨元大9B購11  ,0,0,0,0,0,0,0,0,0,27000,0,0,0,27000,0,27000,27000
062777,鴻海元大9C購03  ,0,0,0,0,0,0,0,0,0,27000,0,0,0,27000,0,27000,27000
062752,世芯中信9B購01  ,0,0,0,0,0,0,0,0,0,27000,0,0,0,49000,22000,27000,27000
6024,群益期          ,39000,12000,27000,0,0,0,0,0,0,0,0,0,0,0,0,0,27000
8463,潤泰材          ,40000,13000,27000,0,0,0,0,0,0,0,0,0,0,0,0,0,27000
07370P,南亞科凱基99售08,0,0,0,0,0,0,0,0,0,26000,0,0,0,58000,32000,26000,26000
07008P,台郡中信99售02  ,0,0,0,0,0,0,0,0,0,26000,0,0,0,46000,20000,26000,26000
07149P,健鼎元大99售03  ,0,0,0,0,0,0,0,0,0,26000,0,0,0,36000,10000,26000,26000
063747,國巨國票9C購06  ,0,0,0,0,0,0,0,0,0,26000,0,0,0,26000,0,26000,26000
063828,台積電國票01購02,0,0,0,0,0,0,0,0,0,26000,0,0,0,40000,14000,26000,26000
3454,晶睿            ,37000,11000,26000,0,0,0,0,0,0,0,0,0,0,0,0,0,26000
3535,晶彩科          ,144000,118000,26000,0,0,0,0,0,0,0,0,0,0,0,0,0,26000
2420,新巨            ,29000,3000,26000,0,0,0,0,0,0,0,0,0,0,0,0,0,26000
2355,敬鵬            ,302000,336000,-34000,0,0,0,0,0,0,60000,73000,0,73000,0,13000,-13000,26000
056467,上証2X元大98購02,0,0,0,0,0,0,0,0,0,26000,0,0,0,26000,0,26000,26000
056453,禾伸堂凱基99購02,0,0,0,0,0,0,0,0,0,26000,0,0,0,26000,0,26000,26000
020008,元大特股高息N   ,0,0,0,0,0,0,0,0,0,26000,0,0,0,47000,21000,26000,26000
050142,聯發科元富9A購01,0,0,0,0,0,0,0,0,0,26000,0,0,0,26000,0,26000,26000
056610,鴻海永豐98購01  ,0,0,0,0,0,0,0,0,0,26000,0,0,0,26000,0,26000,26000
056614,智邦永豐98購01  ,0,0,0,0,0,0,0,0,0,26000,0,0,0,26000,0,26000,26000
053882,聯發科中信98購02,0,0,0,0,0,0,0,0,0,26000,0,0,0,26000,0,26000,26000
059521,南電永豐99購03  ,0,0,0,0,0,0,0,0,0,26000,0,0,0,26000,0,26000,26000
059571,奇力新凱基99購06,0,0,0,0,0,0,0,0,0,26000,0,0,0,26000,0,26000,26000
058196,台塑中信99購01  ,0,0,0,0,0,0,0,0,0,26000,0,0,0,50000,24000,26000,26000
058019,美律凱基99購04  ,0,0,0,0,0,0,0,0,0,26000,0,0,0,30000,4000,26000,26000
059929,華新科富邦9C購03,0,0,0,0,0,0,0,0,0,26000,0,0,0,26000,0,26000,26000
062361,智邦元大9B購06  ,0,0,0,0,0,0,0,0,0,26000,0,0,0,91000,65000,26000,26000
062318,台郡凱基9B購01  ,0,0,0,0,0,0,0,0,0,26000,0,0,0,54000,28000,26000,26000
062973,聯發科元富05購01,0,0,0,0,0,0,0,0,0,26000,0,0,0,30000,4000,26000,26000
063165,泰碩永豐9B購02  ,0,0,0,0,0,0,0,0,0,26000,0,0,0,50000,24000,26000,26000
060910,聯發科元大9A購05,0,0,0,0,0,0,0,0,0,26000,0,0,0,26000,0,26000,26000
061770,泰碩元大9B購02  ,0,0,0,0,0,0,0,0,0,26000,0,0,0,221000,195000,26000,26000
6215,和椿            ,27000,1000,26000,0,0,0,0,0,0,0,0,0,0,0,0,0,26000
4526,東台            ,65000,39000,26000,0,0,0,0,0,0,0,0,0,0,0,0,0,26000
08145P,台灣50群益9B售11,0,0,0,0,0,0,0,0,0,25000,0,0,0,50000,25000,25000,25000
08284P,鴻海凱基01售03  ,0,0,0,0,0,0,0,0,0,25000,0,0,0,25000,0,25000,25000
07668P,旺宏元大9A售10  ,0,0,0,0,0,0,0,0,0,25000,0,0,0,50000,25000,25000,25000
07557P,玉晶光元大9A售09,0,0,0,0,0,0,0,0,0,25000,0,0,0,25000,0,25000,25000
07147P,高鐵元大99售01  ,0,0,0,0,0,0,0,0,0,25000,0,0,0,30000,5000,25000,25000
06502P,A50中信98售01   ,0,0,0,0,0,0,0,0,0,25000,0,0,0,25000,0,25000,25000
054298,台表科元大97購03,0,0,0,0,0,0,0,0,0,25000,0,0,0,25000,0,25000,25000
053162,緯穎元大97購01  ,0,0,0,0,0,0,0,0,0,25000,0,0,0,188000,163000,25000,25000
051799,台積電永豐96購01,0,0,0,0,0,0,0,0,0,25000,0,0,0,433000,408000,25000,25000
056776,聯茂元大99購01  ,0,0,0,0,0,0,0,0,0,25000,0,0,0,25000,0,25000,25000
056279,新日興富邦99購01,0,0,0,0,0,0,0,0,0,25000,0,0,0,25000,0,25000,25000
056331,聯鈞國票99購01  ,0,0,0,0,0,0,0,0,0,25000,0,0,0,120000,95000,25000,25000
055196,致新元富97購01  ,0,0,0,0,0,0,0,0,0,25000,0,0,0,98000,73000,25000,25000
055230,大毅國票98購01  ,0,0,0,0,0,0,0,0,0,25000,0,0,0,40000,15000,25000,25000
058920,SGBR2X元富99購06,0,0,0,0,0,0,0,0,0,25000,0,0,0,35000,10000,25000,25000
059923,緯穎元大99購09  ,0,0,0,0,0,0,0,0,0,25000,0,0,0,33000,8000,25000,25000
059866,國巨凱基99購18  ,0,0,0,0,0,0,0,0,0,25000,0,0,0,60000,35000,25000,25000
059817,華通凱基99購05  ,0,0,0,0,0,0,0,0,0,25000,0,0,0,25000,0,25000,25000
059312,元石油元大99購05,0,0,0,0,0,0,0,0,0,25000,0,0,0,25000,0,25000,25000
059287,華通元富99購03  ,0,0,0,0,0,0,0,0,0,25000,0,0,0,25000,0,25000,25000
057273,智邦元大98購05  ,0,0,0,0,0,0,0,0,0,25000,0,0,0,26000,1000,25000,25000
057296,智原永豐98購01  ,0,0,0,0,0,0,0,0,0,25000,0,0,0,25000,0,25000,25000
057093,臻鼎元富98購02  ,0,0,0,0,0,0,0,0,0,25000,0,0,0,36000,11000,25000,25000
057110,立積群益98購01  ,0,0,0,0,0,0,0,0,0,25000,0,0,0,55000,30000,25000,25000
057079,台積電統一9A購02,0,0,0,0,0,0,0,0,0,25000,0,0,0,25000,0,25000,25000
058545,義隆富邦9C購01  ,0,0,0,0,0,0,0,0,0,25000,0,0,0,25000,0,25000,25000
058433,台積電統一9B購04,0,0,0,0,0,0,0,0,0,25000,0,0,0,45000,20000,25000,25000
060502,國巨元大9A購07  ,0,0,0,0,0,0,0,0,0,25000,0,0,0,25000,0,25000,25000
060767,世紀鋼元大9A購02,0,0,0,0,0,0,0,0,0,25000,0,0,0,135000,110000,25000,25000
060321,元金2X群益9B購01,0,0,0,0,0,0,0,0,0,25000,0,0,0,25000,0,25000,25000
060317,台灣50群益02購01,0,0,0,0,0,0,0,0,0,25000,0,0,0,25000,0,25000,25000
062030,旭富群益9B購01  ,0,0,0,0,0,0,0,0,0,25000,0,0,0,75000,50000,25000,25000
060794,景碩永豐9A購02  ,0,0,0,0,0,0,0,0,0,25000,0,0,0,39000,14000,25000,25000
061021,聯電國泰9B購01  ,0,0,0,0,0,0,0,0,0,25000,0,0,0,55000,30000,25000,25000
061244,和碩兆豐9A購01  ,0,0,0,0,0,0,0,0,0,25000,0,0,0,135000,110000,25000,25000
063190,聯茂凱基9B購01  ,0,0,0,0,0,0,0,0,0,25000,0,0,0,36000,11000,25000,25000
062819,奇鋐兆豐9B購01  ,0,0,0,0,0,0,0,0,0,25000,0,0,0,84000,59000,25000,25000
062858,微星國票9B購01  ,0,0,0,0,0,0,0,0,0,25000,0,0,0,95000,70000,25000,25000
062865,臺股指國票9B購22,0,0,0,0,0,0,0,0,0,25000,0,0,0,25000,0,25000,25000
062678,華通統一9C購04  ,0,0,0,0,0,0,0,0,0,25000,0,0,0,25000,0,25000,25000
062477,聯詠國票9B購01  ,0,0,0,0,0,0,0,0,0,25000,0,0,0,25000,0,25000,25000
4912,聯德控股-KY     ,47000,22000,25000,0,0,0,0,0,0,0,1000,1000,0,0,0,0,25000
8422,可寧衛          ,58000,33000,25000,0,0,0,0,0,0,0,0,0,0,0,0,0,25000
063645,瑞儀元大9B購02  ,0,0,0,0,0,0,0,0,0,24000,0,0,0,69000,45000,24000,24000
063528,元大金凱基9B購01,0,0,0,0,0,0,0,0,0,24000,0,0,0,40000,16000,24000,24000
07829P,旺宏凱基9A售07  ,0,0,0,0,0,0,0,0,0,24000,0,0,0,30000,6000,24000,24000
1323,永裕            ,36000,12000,24000,0,0,0,0,0,0,0,0,0,0,0,0,0,24000
08168P,金像電群益9B售03,0,0,0,0,0,0,0,0,0,24000,0,0,0,90000,66000,24000,24000
08018P,牧德國票9B售04  ,0,8000,-8000,0,0,0,0,0,0,32000,0,0,0,32000,0,32000,24000
2010,春源            ,68000,44000,24000,0,0,0,0,0,0,0,0,0,0,0,0,0,24000
1707,葡萄王          ,212000,210000,2000,0,0,0,0,0,0,22000,0,0,0,24000,2000,22000,24000
2852,第一保          ,25000,3000,22000,0,0,0,0,0,0,2000,2000,0,2000,0,0,0,24000
056080,世紀鋼元大97購03,0,0,0,0,0,0,0,0,0,24000,0,0,0,34000,10000,24000,24000
056335,微星凱基98購01  ,0,0,0,0,0,0,0,0,0,24000,0,0,0,86000,62000,24000,24000
056394,晶豪科永豐98購01,0,0,0,0,0,0,0,0,0,24000,0,0,0,41000,17000,24000,24000
056198,台光電永豐97購02,0,0,0,0,0,0,0,0,0,24000,0,0,0,24000,0,24000,24000
048349,美利達元大96購02,0,0,0,0,0,0,0,0,0,24000,0,0,0,25000,1000,24000,24000
05315P,鴻海永昌96售08  ,0,0,0,0,0,0,0,0,0,24000,0,0,0,54000,30000,24000,24000
055473,禾伸堂凱基97購01,0,0,0,0,0,0,0,0,0,24000,0,0,0,24000,0,24000,24000
060766,世芯元大9A購02  ,0,0,0,0,0,0,0,0,0,24000,0,0,0,24000,0,24000,24000
060631,微星富邦9B購01  ,0,0,0,0,0,0,0,0,0,24000,0,0,0,74000,50000,24000,24000
060623,玉晶光元大9C購01,0,0,0,0,0,0,0,0,0,24000,0,0,0,25000,1000,24000,24000
058348,台表科群益99購01,0,0,0,0,0,0,0,0,0,24000,0,0,0,24000,0,24000,24000
05830P,滬深2X元富99售03,0,0,0,0,0,0,0,0,0,24000,0,0,0,27000,3000,24000,24000
057368,微星元大98購02  ,0,0,0,0,0,0,0,0,0,24000,0,0,0,39000,15000,24000,24000
059340,鴻海凱基9A購12  ,0,0,0,0,0,0,0,0,0,24000,0,0,0,24000,0,24000,24000
059833,緯穎康和99購01  ,0,0,0,0,0,0,0,0,0,24000,0,0,0,34000,10000,24000,24000
059948,正文永豐99購01  ,0,0,0,0,0,0,0,0,0,24000,0,0,0,199000,175000,24000,24000
062726,華擎凱基9B購02  ,0,0,0,0,0,0,0,0,0,24000,0,0,0,24000,0,24000,24000
062305,遠東新凱基9B購01,0,0,0,0,0,0,0,0,0,24000,0,0,0,54000,30000,24000,24000
062193,瑞昱第一9B購01  ,0,0,0,0,0,0,0,0,0,24000,0,0,0,100000,76000,24000,24000
063262,南六富邦9C購01  ,0,0,0,0,0,0,0,0,0,24000,0,0,0,59000,35000,24000,24000
061203,國巨元大9A購15  ,0,0,0,0,0,0,0,0,0,24000,0,0,0,25000,1000,24000,24000
061277,智邦台新9A購01  ,0,0,0,0,0,0,0,0,0,24000,0,0,0,24000,0,24000,24000
06138P,台積電中信99售01,0,0,0,0,0,0,0,0,0,24000,0,0,0,24000,0,24000,24000
061057,華新科國票9A購04,0,0,0,0,0,0,0,0,0,24000,0,0,0,30000,6000,24000,24000
061037,嘉澤永豐9A購01  ,0,0,0,0,0,0,0,0,0,24000,0,0,0,70000,46000,24000,24000
06096P,全新永豐97售02  ,0,0,0,0,0,0,0,0,0,24000,0,0,0,24000,0,24000,24000
061908,台積電中信05購01,0,0,0,0,0,0,0,0,0,24000,0,0,0,80000,56000,24000,24000
8341,日友            ,56000,26000,30000,0,0,0,0,6000,-6000,0,0,0,0,0,0,0,24000
2527,宏璟            ,47000,25000,22000,0,0,0,0,0,0,1000,1000,0,1000,0,0,0,23000
3014,聯陽            ,486000,537000,-51000,0,0,0,71000,0,71000,3000,92000,10000,82000,34000,113000,-79000,23000
3040,遠見            ,106000,83000,23000,0,0,0,0,0,0,0,0,0,0,0,0,0,23000
07884P,華新科凱基9B售08,0,0,0,0,0,0,0,0,0,23000,0,0,0,50000,27000,23000,23000
063785,華通中信06購02  ,0,0,0,0,0,0,0,0,0,23000,0,0,0,25000,2000,23000,23000
063988,華通永豐9C購01  ,0,0,0,0,0,0,0,0,0,23000,0,0,0,23000,0,23000,23000
06448P,華通元大99售01  ,0,0,0,0,0,0,0,0,0,23000,0,0,0,35000,12000,23000,23000
06689P,鴻海中信9C售02  ,0,0,0,0,0,0,0,0,0,23000,0,0,0,38000,15000,23000,23000
07413P,國巨元大99售33  ,0,0,0,0,0,0,0,0,0,23000,0,0,0,24000,1000,23000,23000
053095,台光電統一98購01,0,0,0,0,0,0,0,0,0,23000,0,0,0,75000,52000,23000,23000
052807,貿聯元大98購01  ,0,0,0,0,0,0,0,0,0,23000,0,0,0,23000,0,23000,23000
054252,奇力新元大96購04,0,0,0,0,0,0,0,0,0,23000,0,0,0,23000,0,23000,23000
055327,致新國票98購01  ,0,0,0,0,0,0,0,0,0,23000,0,0,0,26000,3000,23000,23000
055382,台郡元大99購01  ,0,0,0,0,0,0,0,0,0,23000,0,0,0,28000,5000,23000,23000
058809,國巨統一9B購03  ,0,0,0,0,0,0,0,0,0,23000,0,0,0,114000,91000,23000,23000
059024,大立光統一9B購04,0,0,0,0,0,0,0,0,0,23000,0,0,0,65000,42000,23000,23000
057847,聯茂永豐98購01  ,0,0,0,0,0,0,0,0,0,23000,0,0,0,23000,0,23000,23000
060047,道瓊反凱基99購01,0,0,0,0,0,0,0,0,0,23000,0,0,0,25000,2000,23000,23000
058427,大毅元富99購01  ,0,0,0,0,0,0,0,0,0,23000,0,0,0,43000,20000,23000,23000
058487,晶技國票9A購01  ,0,0,0,0,0,0,0,0,0,23000,0,0,0,50000,27000,23000,23000
058470,台灣50日盛9B購02,0,0,0,0,0,0,0,0,0,23000,0,0,0,23000,0,23000,23000
061674,聯發科元大9A購12,0,0,0,0,0,0,0,0,0,23000,0,0,0,23000,0,23000,23000
061503,臻鼎國票9B購01  ,0,0,0,0,0,0,0,0,0,23000,0,0,0,32000,9000,23000,23000
062695,華通元大9C購01  ,0,0,0,0,0,0,0,0,0,23000,0,0,0,122000,99000,23000,23000
9930,中聯資源        ,24000,1000,23000,0,0,0,0,0,0,0,0,0,0,0,0,0,23000
5283,禾聯碩          ,17101,0,17101,0,0,0,0,0,0,5000,0,0,0,5000,0,5000,22101
07365P,超眾元大99售07  ,0,0,0,0,0,0,0,0,0,22000,0,0,0,30000,8000,22000,22000
07027P,台積電群益99售04,0,0,0,0,0,0,0,0,0,22000,0,0,0,32000,10000,22000,22000
06599P,宏達電永豐98售02,0,0,0,0,0,0,0,0,0,22000,0,0,0,22000,0,22000,22000
063525,廣達凱基9B購02  ,0,0,0,0,0,0,0,0,0,22000,0,0,0,22000,0,22000,22000
063466,美食元大9B購02  ,0,0,0,0,0,0,0,0,0,22000,0,0,0,134000,112000,22000,22000
063741,GIS元大9B購04   ,0,0,0,0,0,0,0,0,0,22000,0,0,0,293000,271000,22000,22000
1103,嘉泥            ,171000,149000,22000,0,0,0,0,0,0,0,0,0,0,0,0,0,22000
08272P,鴻海元富9C售02  ,0,0,0,0,0,0,0,0,0,22000,0,0,0,34000,12000,22000,22000
1465,偉全            ,22000,0,22000,0,0,0,0,0,0,0,0,0,0,0,0,0,22000
059128,友達中信99購02  ,0,0,0,0,0,0,0,0,0,22000,0,0,0,22000,0,22000,22000
058948,道瓊銀群益9C購01,0,0,0,0,0,0,0,0,0,22000,0,0,0,22000,0,22000,22000
058936,國喬中信99購01  ,0,0,0,0,0,0,0,0,0,22000,0,0,0,154000,132000,22000,22000
058986,華新科凱基9A購03,0,0,0,0,0,0,0,0,0,22000,0,0,0,22000,0,22000,22000
054817,聯發科元大97購13,0,0,0,0,0,0,0,0,0,22000,0,0,0,30000,8000,22000,22000
054540,泰鼎國票99購01  ,0,0,0,0,0,0,0,0,0,22000,0,0,0,406000,384000,22000,22000
052809,訊芯元大97購01  ,0,0,0,0,0,0,0,0,0,22000,0,0,0,22000,0,22000,22000
056619,強茂永豐98購01  ,0,0,0,0,0,0,0,0,0,22000,0,0,0,22000,0,22000,22000
059705,華新科凱基9A購07,0,0,0,0,0,0,0,0,0,22000,0,0,0,30000,8000,22000,22000
059722,南亞科元大99購02,0,0,0,0,0,0,0,0,0,22000,0,0,0,69000,47000,22000,22000
059544,創意亞東99購01  ,0,0,0,0,0,0,0,0,0,22000,0,0,0,71000,49000,22000,22000
060645,台表科永豐9A購02,0,0,0,0,0,0,0,0,0,22000,0,0,0,22000,0,22000,22000
057175,美律元大98購03  ,0,0,0,0,0,0,0,0,0,22000,0,0,0,531000,509000,22000,22000
057297,新日興永豐98購01,0,0,0,0,0,0,0,0,0,22000,0,0,0,52000,30000,22000,22000
057577,廣宇中信9A購01  ,0,0,0,0,0,0,0,0,0,22000,0,0,0,50000,28000,22000,22000
059977,鴻海元大99購40  ,0,0,0,0,0,0,0,0,0,22000,0,0,0,72000,50000,22000,22000
062630,全新國票9B購02  ,0,0,0,0,0,0,0,0,0,22000,0,0,0,22000,0,22000,22000
063277,大成鋼元大9B購03,0,0,0,0,0,0,0,0,0,22000,0,0,0,218000,196000,22000,22000
063353,上銀元富9B購03  ,0,0,0,0,0,0,0,0,0,22000,0,0,0,22000,0,22000,22000
061981,聯發科元大9B購02,0,0,0,0,0,0,0,0,0,22000,0,0,0,22000,0,22000,22000
060944,國泰金國票9A購01,0,0,0,0,0,0,0,0,0,22000,0,0,0,60000,38000,22000,22000
061023,茂林國泰9B購02  ,0,0,0,0,0,0,0,0,0,22000,0,0,0,35000,13000,22000,22000
063440,上銀統一01購02  ,0,0,0,0,0,0,0,0,0,22000,0,0,0,34000,12000,22000,22000
9941,裕融            ,80000,58000,22000,0,0,0,0,0,0,0,0,0,0,0,0,0,22000
00783,富邦中証500     ,1000,1000,0,0,0,0,0,0,0,21497,0,0,0,924497,903000,21497,21497
1626,艾美特-KY       ,21000,0,21000,0,0,0,0,0,0,0,0,0,0,0,0,0,21000
3679,新至陞          ,22000,1000,21000,0,0,0,0,0,0,0,0,0,0,0,0,0,21000
2495,普安            ,20000,0,20000,0,0,0,0,0,0,1000,1000,0,1000,0,0,0,21000
07611P,大立光國票9A售05,0,0,0,0,0,0,0,0,0,21000,0,0,0,21000,0,21000,21000
07657P,技嘉凱基9A售03  ,0,0,0,0,0,0,0,0,0,21000,0,0,0,31000,10000,21000,21000
063447,聯發科統一9B購12,0,0,0,0,0,0,0,0,0,21000,0,0,0,59000,38000,21000,21000
06439P,上銀凱基98售02  ,0,0,0,0,0,0,0,0,0,21000,0,0,0,100000,79000,21000,21000
06765P,欣興元大98售11  ,0,0,0,0,0,0,0,0,0,21000,0,0,0,129000,108000,21000,21000
07035P,大立光元富99售04,0,0,0,0,0,0,0,0,0,21000,0,0,0,32000,11000,21000,21000
01002T,土銀國泰R1      ,21000,0,21000,0,0,0,0,0,0,0,0,0,0,0,0,0,21000
00645,富邦日本        ,0,0,0,0,0,0,0,0,0,21000,0,0,0,81000,60000,21000,21000
054229,超眾元富96購05  ,0,0,0,0,0,0,0,0,0,21000,0,0,0,44000,23000,21000,21000
054128,台積電元大97購10,0,0,0,0,0,0,0,0,0,21000,0,0,0,21000,0,21000,21000
045053,聯發科元富98購01,0,0,0,0,0,0,0,0,0,21000,0,0,0,21000,0,21000,21000
053946,全新富邦97購02  ,0,0,0,0,0,0,0,0,0,21000,0,0,0,21000,0,21000,21000
053911,臺股指凱基96購31,0,0,0,0,0,0,0,0,0,21000,0,0,0,21000,0,21000,21000
055424,聚陽群益98購01  ,0,0,0,0,0,0,0,0,0,21000,0,0,0,21000,0,21000,21000
053503,臻鼎兆豐97購01  ,0,0,0,0,0,0,0,0,0,21000,0,0,0,21000,0,21000,21000
053582,英業達元大97購01,0,0,0,0,0,0,0,0,0,21000,0,0,0,130000,109000,21000,21000
055972,GIS元大97購04   ,0,0,0,0,0,0,0,0,0,21000,0,0,0,147000,126000,21000,21000
054584,貿聯元富97購01  ,0,0,0,0,0,0,0,0,0,21000,0,0,0,21000,0,21000,21000
055368,台積電元大97購24,0,0,0,0,0,0,0,0,0,21000,0,0,0,21000,0,21000,21000
059875,信邦凱基99購02  ,0,0,0,0,0,0,0,0,0,21000,0,0,0,31000,10000,21000,21000
059884,鴻海國票99購09  ,0,0,0,0,0,0,0,0,0,21000,0,0,0,22000,1000,21000,21000
057444,台泥元富98購01  ,0,0,0,0,0,0,0,0,0,21000,0,0,0,90000,69000,21000,21000
060079,台郡台新99購03  ,0,0,0,0,0,0,0,0,0,21000,0,0,0,21000,0,21000,21000
059619,台積電日盛9A購04,0,0,0,0,0,0,0,0,0,21000,0,0,0,786000,765000,21000,21000
058268,泰碩永豐9A購01  ,0,0,0,0,0,0,0,0,0,21000,0,0,0,70000,49000,21000,21000
058259,訊連國泰9B購01  ,0,0,0,0,0,0,0,0,0,21000,0,0,0,21000,0,21000,21000
061101,道瓊銀元大9A購02,0,0,0,0,0,0,0,0,0,21000,0,0,0,53000,32000,21000,21000
061152,微星群益9A購01  ,0,0,0,0,0,0,0,0,0,21000,0,0,0,44000,23000,21000,21000
061975,華通元大9B購01  ,0,0,0,0,0,0,0,0,0,21000,0,0,0,85000,64000,21000,21000
062053,華通統一9C購02  ,0,0,0,0,0,0,0,0,0,21000,0,0,0,29000,8000,21000,21000
061800,泰鼎永豐9B購01  ,0,0,0,0,0,0,0,0,0,21000,0,0,0,172000,151000,21000,21000
061486,國巨兆豐9B購02  ,0,0,0,0,0,0,0,0,0,21000,0,0,0,187000,166000,21000,21000
062545,嘉晶永豐9B購01  ,0,0,0,0,0,0,0,0,0,21000,0,0,0,66000,45000,21000,21000
062567,祥碩中信9C購01  ,0,0,0,0,0,0,0,0,0,21000,0,0,0,41000,20000,21000,21000
07059P,華通國票9A售02  ,0,0,0,0,0,0,0,0,0,20000,0,0,0,30000,10000,20000,20000
07131P,緯穎元大99售06  ,0,0,0,0,0,0,0,0,0,20000,0,0,0,87000,67000,20000,20000
07011P,宏達電凱基99售02,0,0,0,0,0,0,0,0,0,20000,0,0,0,20000,0,20000,20000
06876P,台灣50兆豐9B售01,0,0,0,0,0,0,0,0,0,20000,0,0,0,20000,0,20000,20000
07328P,FBVIX國泰9B售01 ,0,0,0,0,0,0,0,0,0,20000,0,0,0,20000,0,20000,20000
07373P,A50正2元大99售01,0,0,0,0,0,0,0,0,0,20000,0,0,0,20000,0,20000,20000
07410P,鴻海元大99售44  ,0,0,0,0,0,0,0,0,0,20000,0,0,0,30000,10000,20000,20000
07466P,亞德客元大9A售02,0,0,0,0,0,0,0,0,0,20000,0,0,0,112000,92000,20000,20000
07212P,聯發科凱基99售14,0,0,0,0,0,0,0,0,0,20000,0,0,0,20000,0,20000,20000
07246P,旺宏凱基99售08  ,0,0,0,0,0,0,0,0,0,20000,0,0,0,220000,200000,20000,20000
07280P,FBVIX凱基99售01 ,0,0,0,0,0,0,0,0,0,20000,0,0,0,20000,0,20000,20000
06795P,臺股指凱基98售05,0,0,0,0,0,0,0,0,0,20000,0,0,0,20000,0,20000,20000
06750P,聯發科元富02售03,0,0,0,0,0,0,0,0,0,20000,0,0,0,50000,30000,20000,20000
06669P,緯穎凱基98售05  ,0,0,0,0,0,0,0,0,0,20000,0,0,0,20000,0,20000,20000
06418P,T50反1統一9A售02,0,0,0,0,0,0,0,0,0,20000,0,0,0,20000,0,20000,20000
063714,超眾凱基9B購03  ,0,0,0,0,0,0,0,0,0,20000,0,0,0,20000,0,20000,20000
063624,GIS兆豐9B購01   ,0,0,0,0,0,0,0,0,0,20000,0,0,0,97000,77000,20000,20000
063967,華新科國票01購01,0,50000,-50000,0,0,0,0,0,0,70000,0,0,0,103000,33000,70000,20000
063833,致新國票01購01  ,0,0,0,0,0,0,0,0,0,20000,0,0,0,28000,8000,20000,20000
07703P,玉晶光中信9B售03,0,0,0,0,0,0,0,0,0,20000,0,0,0,30000,10000,20000,20000
07948P,大成鋼凱基9B售01,0,0,0,0,0,0,0,0,0,20000,0,0,0,20000,0,20000,20000
2030,彰源            ,63000,43000,20000,0,0,0,0,0,0,0,0,0,0,0,0,0,20000
056049,奇力新國票98購01,0,0,0,0,0,0,0,0,0,20000,0,0,0,20000,0,20000,20000
055167,友訊統一97購01  ,0,0,0,0,0,0,0,0,0,20000,0,0,0,20000,0,20000,20000
055139,欣興永豐97購01  ,0,0,0,0,0,0,0,0,0,20000,0,0,0,20000,0,20000,20000
059172,台郡凱基99購03  ,0,0,0,0,0,0,0,0,0,20000,0,0,0,20000,0,20000,20000
058834,GIS永豐99購01   ,0,0,0,0,0,0,0,0,0,20000,0,0,0,20000,0,20000,20000
054868,國泰金群益9A購01,0,0,0,0,0,0,0,0,0,20000,0,0,0,20000,0,20000,20000
054552,聯發科凱基98購03,0,0,0,0,0,0,0,0,0,20000,0,0,0,20000,0,20000,20000
055733,奇力新元富97購01,0,0,0,0,0,0,0,0,0,20000,0,0,0,20000,0,20000,20000
056194,聯發科富邦9B購01,0,0,0,0,0,0,0,0,0,20000,0,0,0,20000,0,20000,20000
056213,建準國票98購02  ,0,0,0,0,0,0,0,0,0,20000,0,0,0,25000,5000,20000,20000
056437,台積電凱基98購11,0,0,0,0,0,0,0,0,0,20000,0,0,0,269000,249000,20000,20000
056498,A50正2富邦9B購01,0,0,0,0,0,0,0,0,0,20000,0,0,0,35000,15000,20000,20000
056511,超眾永豐98購01  ,0,0,0,0,0,0,0,0,0,20000,0,0,0,20000,0,20000,20000
056390,台積電富邦9B購01,0,0,0,0,0,0,0,0,0,20000,0,0,0,20000,0,20000,20000
056414,國巨中信98購02  ,0,0,0,0,0,0,0,0,0,20000,0,0,0,40000,20000,20000,20000
056305,群創元大9A購03  ,0,0,0,0,0,0,0,0,0,20000,0,0,0,20000,0,20000,20000
053438,玉晶光麥證97購02,0,0,0,20000,0,20000,0,0,0,20000,0,0,0,20000,0,20000,20000
052785,滬深2X中信99購03,0,0,0,0,0,0,0,0,0,20000,0,0,0,20000,0,20000,20000
05431P,台光電統一97售01,0,0,0,0,0,0,0,0,0,20000,0,0,0,20000,0,20000,20000
054376,聯茂中信97購01  ,0,0,0,0,0,0,0,0,0,20000,0,0,0,20000,0,20000,20000
053889,致茂群益97購01  ,0,0,0,0,0,0,0,0,0,20000,0,0,0,20000,0,20000,20000
052928,美律元大98購01  ,0,0,0,0,0,0,0,0,0,20000,0,0,0,20000,0,20000,20000
056603,嘉聯益國泰9A購01,0,0,0,0,0,0,0,0,0,20000,0,0,0,20000,0,20000,20000
056713,華擎永豐98購01  ,0,0,0,0,0,0,0,0,0,20000,0,0,0,25000,5000,20000,20000
056705,超眾國泰99購01  ,0,0,0,0,0,0,0,0,0,20000,0,0,0,20000,0,20000,20000
050633,義隆群益96購02  ,0,0,0,0,0,0,0,0,0,20000,0,0,0,20000,0,20000,20000
053985,矽創元大96購02  ,0,0,0,0,0,0,0,0,0,20000,0,0,0,20000,0,20000,20000
046905,新光金凱基99購01,0,0,0,0,0,0,0,0,0,20000,0,0,0,20000,0,20000,20000
04729P,臺股指中信96售01,0,0,0,0,0,0,0,0,0,20000,0,0,0,20000,0,20000,20000
047548,友達凱基99購03  ,0,0,0,0,0,0,0,0,0,20000,0,0,0,20000,0,20000,20000
047773,超眾元大96購01  ,0,0,0,0,0,0,0,0,0,20000,0,0,0,20000,0,20000,20000
054123,易華電永豐96購03,0,0,0,0,0,0,0,0,0,20000,0,0,0,20000,0,20000,20000
054156,聯電亞東98購01  ,0,0,0,0,0,0,0,0,0,20000,0,0,0,20000,0,20000,20000
054090,瑞昱群益97購01  ,0,0,0,0,0,0,0,0,0,20000,0,0,0,30000,10000,20000,20000
05214P,台積電國票97售02,0,0,0,0,0,0,0,0,0,20000,0,0,0,20000,0,20000,20000
052220,T50反1凱基98購01,0,0,0,0,0,0,0,0,0,20000,0,0,0,20000,0,20000,20000
051633,可成國票96購03  ,0,0,0,0,0,0,0,0,0,20000,0,0,0,20000,0,20000,20000
051659,力山國泰97購01  ,0,0,0,0,0,0,0,0,0,20000,0,0,0,20000,0,20000,20000
051078,力山富邦97購01  ,0,0,0,0,0,0,0,0,0,20000,0,0,0,20000,0,20000,20000
04286P,滬深2X中信96售01,0,0,0,0,0,0,0,0,0,20000,0,0,0,20000,0,20000,20000
058264,瑞昱永豐99購01  ,0,0,0,0,0,0,0,0,0,20000,0,0,0,26000,6000,20000,20000
058319,大毅永豐9A購01  ,0,0,0,0,0,0,0,0,0,20000,0,0,0,42000,22000,20000,20000
058361,美律凱基99購06  ,0,0,0,0,0,0,0,0,0,20000,0,0,0,30000,10000,20000,20000
059699,華通凱基99購04  ,0,0,0,0,0,0,0,0,0,20000,0,0,0,20000,0,20000,20000
059510,華新科永豐99購07,0,0,0,0,0,0,0,0,0,20000,0,0,0,20000,0,20000,20000
05943P,欣興凱基96售03  ,0,0,0,0,0,0,0,0,0,20000,0,0,0,20000,0,20000,20000
058437,可成統一9B購01  ,0,0,0,0,0,0,0,0,0,20000,0,0,0,20000,0,20000,20000
056968,揚明光永豐98購02,0,0,0,0,0,0,0,0,0,20000,0,0,0,20000,0,20000,20000
057021,台積電凱基9A購02,0,0,0,0,0,0,0,0,0,20000,0,0,0,60000,40000,20000,20000
057000,亞德客國票99購01,0,0,0,0,0,0,0,0,0,20000,0,0,0,21000,1000,20000,20000
057084,立積統一9B購01  ,0,0,0,0,0,0,0,0,0,20000,0,0,0,48000,28000,20000,20000
05708P,奇力新國票97售04,0,0,0,0,0,0,0,0,0,20000,0,0,0,20000,0,20000,20000
057123,上銀凱基98購05  ,0,0,0,0,0,0,0,0,0,20000,0,0,0,20000,0,20000,20000
058077,超眾凱基98購02  ,0,0,0,0,0,0,0,0,0,20000,0,0,0,58000,38000,20000,20000
060198,祥碩元富9A購02  ,0,0,0,0,0,0,0,0,0,20000,0,0,0,20000,0,20000,20000
060755,鴻海元大9A購15  ,0,0,0,0,0,0,0,0,0,20000,0,0,0,20000,0,20000,20000
060275,元黃金元大9A購01,0,0,0,0,0,0,0,0,0,20000,0,0,0,30000,10000,20000,20000
060527,台積電中信9C購04,0,0,0,0,0,0,0,0,0,20000,0,0,0,20000,0,20000,20000
060064,華新科兆豐99購07,0,0,0,0,0,0,0,0,0,20000,0,0,0,20000,0,20000,20000
060055,宏達電凱基99購06,0,0,0,0,0,0,0,0,0,20000,0,0,0,30000,10000,20000,20000
060049,華通凱基99購06  ,0,0,0,0,0,0,0,0,0,20000,0,0,0,20000,0,20000,20000
060050,鴻海凱基9B購01  ,0,0,0,0,0,0,0,0,0,20000,0,0,0,21000,1000,20000,20000
056929,華新科台新98購01,0,0,0,0,0,0,0,0,0,20000,0,0,0,20000,0,20000,20000
056935,華新科元富98購02,0,0,0,0,0,0,0,0,0,20000,0,0,0,20000,0,20000,20000
05789P,臺股指永昌96售06,0,0,0,0,0,0,0,0,0,20000,0,0,0,20000,0,20000,20000
057438,禾伸堂國票99購01,0,0,0,0,0,0,0,0,0,20000,0,0,0,20000,0,20000,20000
057419,奇力新凱基98購06,0,0,0,0,0,0,0,0,0,20000,0,0,0,20000,0,20000,20000
057503,世紀鋼群益98購02,0,0,0,0,0,0,0,0,0,20000,0,0,0,20000,0,20000,20000
057546,台積電凱基02購01,0,0,0,0,0,0,0,0,0,20000,0,0,0,20000,0,20000,20000
059325,超眾元大99購05  ,0,0,0,0,0,0,0,0,0,20000,0,0,0,20000,0,20000,20000
059313,元石油元大99購06,0,0,0,0,0,0,0,0,0,20000,0,0,0,20000,0,20000,20000
059825,嘉晶凱基99購02  ,0,0,0,0,0,0,0,0,0,20000,0,0,0,45000,25000,20000,20000
059793,滬深2X國票99購03,0,0,0,0,0,0,0,0,0,20000,0,0,0,20000,0,20000,20000
059059,宏達電凱基99購03,0,0,0,0,0,0,0,0,0,20000,0,0,0,30000,10000,20000,20000
057602,聯茂群益98購02  ,0,0,0,0,0,0,0,0,0,20000,0,0,0,20000,0,20000,20000
058647,華新科永豐99購03,0,0,0,0,0,0,0,0,0,20000,0,0,0,20000,0,20000,20000
057735,台灣50富邦9C購02,0,0,0,0,0,0,0,0,0,20000,0,0,0,20000,0,20000,20000
06246P,茂林元富97售03  ,0,0,0,0,0,0,0,0,0,20000,0,0,0,40000,20000,20000,20000
062156,美律凱基9B購01  ,0,0,0,0,0,0,0,0,0,20000,0,0,0,20000,0,20000,20000
062347,台光電群益9B購02,0,0,0,0,0,0,0,0,0,20000,0,0,0,20000,0,20000,20000
062439,聯發科元大9B購10,0,0,0,0,0,0,0,0,0,20000,0,0,0,30000,10000,20000,20000
062448,健策元大9C購04  ,0,0,0,0,0,0,0,0,0,20000,0,0,0,68000,48000,20000,20000
063408,茂林國票9C購02  ,0,0,0,0,0,0,0,0,0,20000,0,0,0,77000,57000,20000,20000
063183,國巨凱基9B購12  ,0,0,0,0,0,0,0,0,0,20000,0,0,0,20000,0,20000,20000
063159,嘉澤國泰01購01  ,0,0,0,0,0,0,0,0,0,20000,0,0,0,118000,98000,20000,20000
063015,微星元大9B購01  ,0,0,0,0,0,0,0,0,0,20000,0,0,0,20000,0,20000,20000
063082,瑞昱凱基9B購04  ,0,0,0,0,0,0,0,0,0,20000,0,0,0,50000,30000,20000,20000
061481,嘉澤元大9A購03  ,0,0,0,0,0,0,0,0,0,20000,0,0,0,33000,13000,20000,20000
061508,南六國泰9C購02  ,0,0,0,0,0,0,0,0,0,20000,0,0,0,20000,0,20000,20000
061657,智原國票9A購01  ,0,0,0,0,0,0,0,0,0,20000,0,0,0,20000,0,20000,20000
062056,國巨統一9C購08  ,0,0,0,0,0,0,0,0,0,20000,0,0,0,50000,30000,20000,20000
061090,奇力新統一9C購01,0,0,0,0,0,0,0,0,0,20000,0,0,0,20000,0,20000,20000
061408,華新科國票9A購06,0,0,0,0,0,0,0,0,0,20000,0,0,0,30000,10000,20000,20000
061282,台積電統一9C購06,0,0,0,0,0,0,0,0,0,20000,0,0,0,20000,0,20000,20000
061026,南電富邦9B購01  ,0,0,0,0,0,0,0,0,0,20000,0,0,0,40000,20000,20000,20000
061076,台達電兆豐9A購01,0,0,0,0,0,0,0,0,0,20000,0,0,0,20000,0,20000,20000
060925,華新科永豐9A購01,0,0,0,0,0,0,0,0,0,20000,0,0,0,20000,0,20000,20000
060813,高鐵凱基9A購01  ,0,0,0,0,0,0,0,0,0,20000,0,0,0,20000,0,20000,20000
060875,華通中信02購01  ,0,0,0,0,0,0,0,0,0,20000,0,0,0,20000,0,20000,20000
060864,可成永豐9A購01  ,0,0,0,0,0,0,0,0,0,20000,0,0,0,29000,9000,20000,20000
060825,聯詠元大9A購05  ,0,0,0,0,0,0,0,0,0,20000,0,0,0,146000,126000,20000,20000
5234,達興材料        ,20000,0,20000,0,0,0,0,0,0,0,0,0,0,0,0,0,20000
5533,皇鼎            ,30000,10000,20000,0,0,0,0,0,0,0,0,0,0,0,0,0,20000
2430,燦坤            ,34000,11000,23000,0,0,0,0,0,0,-4000,0,4000,-4000,0,0,0,19000
1524,耿鼎            ,17000,0,17000,0,0,0,0,0,0,2000,2000,0,2000,0,0,0,19000
2707,晶華            ,38000,18000,20000,0,0,0,0,0,0,-1000,0,1000,-1000,0,0,0,19000
08190P,宏達電元富9B售04,0,0,0,0,0,0,0,0,0,19000,0,0,0,20000,1000,19000,19000
07173P,臺股指國票99售10,0,0,0,0,0,0,0,0,0,19000,0,0,0,136000,117000,19000,19000
046476,鴻海統一96購01  ,0,0,0,0,0,0,0,0,0,19000,0,0,0,159000,140000,19000,19000
053970,聯發科元大97購08,0,0,0,0,0,0,0,0,0,19000,0,0,0,30000,11000,19000,19000
052890,FB上証群益9B購01,0,0,0,0,0,0,0,0,0,19000,0,0,0,20000,1000,19000,19000
052624,微星亞東97購01  ,0,0,0,0,0,0,0,0,0,19000,0,0,0,42000,23000,19000,19000
052806,玉晶光元大98購04,0,0,0,0,0,0,0,0,0,19000,0,0,0,20000,1000,19000,19000
055690,矽力凱基97購02  ,0,0,0,0,0,0,0,0,0,19000,0,0,0,29000,10000,19000,19000
054527,國巨統一97購03  ,0,0,0,0,0,0,0,0,0,19000,0,0,0,152000,133000,19000,19000
055989,矽力元富9A購01  ,0,0,0,0,0,0,0,0,0,19000,0,0,0,31000,12000,19000,19000
055932,玉山金群益99購01,0,0,0,0,0,0,0,0,0,19000,0,0,0,19000,0,19000,19000
058955,台積電國票9A購04,0,0,0,0,0,0,0,0,0,19000,0,0,0,44000,25000,19000,19000
054767,日電貿國票98購01,0,0,0,0,0,0,0,0,0,19000,0,0,0,57000,38000,19000,19000
057691,健策凱基99購01  ,0,0,0,0,0,0,0,0,0,19000,0,0,0,20000,1000,19000,19000
059082,華通元大99購06  ,0,0,0,0,0,0,0,0,0,19000,0,0,0,25000,6000,19000,19000
059061,晶技凱基9A購01  ,0,0,0,0,0,0,0,0,0,19000,0,0,0,29000,10000,19000,19000
059886,可成國票99購04  ,0,0,0,0,0,0,0,0,0,19000,0,0,0,40000,21000,19000,19000
057420,美食凱基98購01  ,0,0,0,0,0,0,0,0,0,19000,0,0,0,62000,43000,19000,19000
056921,京元電兆豐98購01,0,0,0,0,0,0,0,0,0,19000,0,0,0,50000,31000,19000,19000
060114,緯穎元大99購10  ,0,0,0,0,0,0,0,0,0,19000,0,0,0,25000,6000,19000,19000
060060,台積電兆豐99購05,0,0,0,0,0,0,0,0,0,19000,0,0,0,19000,0,19000,19000
060411,達新永豐9A購01  ,0,0,0,0,0,0,0,0,0,19000,0,0,0,24000,5000,19000,19000
060784,鴻海富邦9C購01  ,0,0,0,0,0,0,0,0,0,19000,0,0,0,19000,0,19000,19000
060762,長榮航元大9A購02,0,0,0,0,0,0,0,0,0,19000,0,0,0,78000,59000,19000,19000
057201,華擎元富98購01  ,0,0,0,0,0,0,0,0,0,19000,0,0,0,19000,0,19000,19000
05717P,鴻海元大97售07  ,0,0,0,0,0,0,0,0,0,19000,0,0,0,343000,324000,19000,19000
059635,華新科凱基9A購06,0,0,0,0,0,0,0,0,0,19000,0,0,0,21000,2000,19000,19000
058269,世芯永豐9A購01  ,0,0,0,0,0,0,0,0,0,19000,0,0,0,19000,0,19000,19000
061207,美律元大9A購04  ,0,0,0,0,0,0,0,0,0,19000,0,0,0,87000,68000,19000,19000
061803,巨大永豐9B購01  ,0,0,0,0,0,0,0,0,0,19000,0,0,0,54000,35000,19000,19000
061648,緯穎元大9A購04  ,0,0,0,0,0,0,0,0,0,19000,0,0,0,29000,10000,19000,19000
061566,華通元大9A購10  ,0,0,0,0,0,0,0,0,0,19000,0,0,0,74000,55000,19000,19000
063172,廣達中信9C購01  ,0,0,0,0,0,0,0,0,0,19000,0,0,0,110000,91000,19000,19000
063199,台積電統一01購07,0,0,0,0,0,0,0,0,0,19000,0,0,0,22000,3000,19000,19000
063367,GIS富邦9B購01   ,0,0,0,0,0,0,0,0,0,19000,0,0,0,104000,85000,19000,19000
5007,三星            ,31000,12000,19000,0,0,0,0,0,0,0,0,0,0,0,0,0,19000
07170P,臺股指國票99售07,0,0,0,0,0,0,0,0,0,18000,0,0,0,227000,209000,18000,18000
07077P,緯穎凱基99售01  ,0,0,0,0,0,0,0,0,0,18000,0,0,0,20000,2000,18000,18000
08191P,鴻海台新9B售03  ,0,0,0,0,0,0,0,0,0,18000,0,0,0,18000,0,18000,18000
08277P,嘉晶元富9C售02  ,0,0,0,0,0,0,0,0,0,18000,0,0,0,34000,16000,18000,18000
1220,台榮            ,18000,0,18000,0,0,0,0,0,0,0,0,0,0,0,0,0,18000
08078P,聯發科國票9B售04,0,0,0,0,0,0,0,0,0,18000,0,0,0,18000,0,18000,18000
07899P,和大凱基9B售01  ,0,0,0,0,0,0,0,0,0,18000,0,0,0,170000,152000,18000,18000
07754P,日月光元大9A售02,0,0,0,0,0,0,0,0,0,18000,0,0,0,24000,6000,18000,18000
2881A,富邦特          ,18000,0,18000,0,0,0,0,0,0,0,0,0,0,0,0,0,18000
3050,鈺德            ,26000,8000,18000,0,0,0,0,0,0,0,0,0,0,0,0,0,18000
1533,車王電          ,24000,6000,18000,0,0,0,0,0,0,0,0,0,0,0,0,0,18000
054756,世紀鋼凱基99購01,0,0,0,0,0,0,0,0,0,18000,0,0,0,50000,32000,18000,18000
054811,裕隆元大9A購01  ,0,0,0,0,0,0,0,0,0,18000,0,0,0,71000,53000,18000,18000
054912,群光凱基97購01  ,0,0,0,0,0,0,0,0,0,18000,0,0,0,38000,20000,18000,18000
055049,智邦永豐97購01  ,0,0,0,0,0,0,0,0,0,18000,0,0,0,30000,12000,18000,18000
059154,可成日盛99購02  ,0,0,0,0,0,0,0,0,0,18000,0,0,0,18000,0,18000,18000
055929,聯發科群益97購05,0,0,0,0,0,0,0,0,0,18000,0,0,0,30000,12000,18000,18000
054556,世芯凱基99購01  ,0,0,0,0,0,0,0,0,0,18000,0,0,0,25000,7000,18000,18000
055705,微星永豐97購01  ,0,0,0,0,0,0,0,0,0,18000,0,0,0,200000,182000,18000,18000
052325,高股息中信99購01,0,0,0,0,0,0,0,0,0,18000,0,0,0,18000,0,18000,18000
035275,台積電台新97購01,0,0,0,0,0,0,0,0,0,18000,0,0,0,31000,13000,18000,18000
050758,聯發科元富9B購01,0,0,0,0,0,0,0,0,0,18000,0,0,0,40000,22000,18000,18000
059568,台積電凱基9A購13,0,0,0,0,0,0,0,0,0,18000,0,0,0,20000,2000,18000,18000
059480,美律群益9A購01  ,0,0,0,0,0,0,0,0,0,18000,0,0,0,527000,509000,18000,18000
057003,立積國票98購01  ,0,0,0,0,0,0,0,0,0,18000,0,0,0,56000,38000,18000,18000
056978,技嘉群益99購01  ,0,0,0,0,0,0,0,0,0,18000,0,0,0,75000,57000,18000,18000
058070,華新科凱基98購07,0,0,0,0,0,0,0,0,0,18000,0,0,0,18000,0,18000,18000
058139,臻鼎元大99購01  ,0,0,0,0,0,0,0,0,0,18000,0,0,0,23000,5000,18000,18000
060754,華通元大9A購04  ,0,0,0,0,0,0,0,0,0,18000,0,0,0,18000,0,18000,18000
060535,群創麥證9A購01  ,0,0,0,108000,90000,18000,0,0,0,18000,0,0,0,108000,90000,18000,18000
057856,聯鈞國票99購03  ,0,0,0,0,0,0,0,0,0,18000,0,0,0,56000,38000,18000,18000
057214,瑞昱群益98購01  ,0,0,0,0,0,0,0,0,0,18000,0,0,0,20000,2000,18000,18000
059370,玉晶光元富99購02,0,0,0,0,0,0,0,0,0,18000,0,0,0,28000,10000,18000,18000
059090,台新金元大99購01,0,0,0,0,0,0,0,0,0,18000,0,0,0,86000,68000,18000,18000
05922P,京元電兆豐96售01,0,0,0,0,0,0,0,0,0,18000,0,0,0,30000,12000,18000,18000
063358,華擎國泰01購01  ,0,0,0,0,0,0,0,0,0,18000,0,0,0,118000,100000,18000,18000
063292,致新元大9B購02  ,0,0,0,0,0,0,0,0,0,18000,0,0,0,192000,174000,18000,18000
063184,台光電凱基9B購03,0,0,0,0,0,0,0,0,0,18000,0,0,0,24000,6000,18000,18000
062414,臻鼎中信01購01  ,0,0,0,0,0,0,0,0,0,18000,0,0,0,28000,10000,18000,18000
062374,茂林元大9B購03  ,0,0,0,0,0,0,0,0,0,18000,0,0,0,135000,117000,18000,18000
062177,上銀元大9B購02  ,0,0,0,0,0,0,0,0,0,18000,0,0,0,30000,12000,18000,18000
062452,A50正2群益01購04,0,0,0,0,0,0,0,0,0,18000,0,0,0,20000,2000,18000,18000
061033,台光電永豐9A購01,0,0,0,0,0,0,0,0,0,18000,0,0,0,78000,60000,18000,18000
2365,昆盈            ,16000,1985,14015,0,0,0,0,0,0,3000,3000,0,3000,0,0,0,17015
1532,勤美            ,168000,151000,17000,0,0,0,0,0,0,0,0,0,0,0,0,0,17000
2906,高林            ,21000,4000,17000,0,0,0,0,0,0,0,0,0,0,0,0,0,17000
07014P,華通元大99售04  ,0,0,0,0,0,0,0,0,0,17000,0,0,0,40000,23000,17000,17000
07292P,臺股指凱基99售44,0,0,0,0,0,0,0,0,0,17000,0,0,0,313000,296000,17000,17000
06481P,台積電凱基98售12,0,0,0,0,0,0,0,0,0,17000,0,0,0,17000,0,17000,17000
051789,嘉澤國票96購01  ,0,0,0,0,0,0,0,0,0,17000,0,0,0,17000,0,17000,17000
052235,聯發科國票96購02,0,0,0,0,0,0,0,0,0,17000,0,0,0,19000,2000,17000,17000
054080,微星中信98購01  ,0,0,0,0,0,0,0,0,0,17000,0,0,0,50000,33000,17000,17000
054058,晶豪科國票98購01,0,0,0,0,0,0,0,0,0,17000,0,0,0,93000,76000,17000,17000
054408,義隆國票98購01  ,0,0,0,0,0,0,0,0,0,17000,0,0,0,17000,0,17000,17000
053686,台積電元大97購08,0,0,0,0,0,0,0,0,0,17000,0,0,0,17000,0,17000,17000
055442,矽創國票98購02  ,0,0,0,0,0,0,0,0,0,17000,0,0,0,17000,0,17000,17000
056694,欣興群益98購04  ,0,0,0,0,0,0,0,0,0,17000,0,0,0,37000,20000,17000,17000
055631,創意永豐98購01  ,0,0,0,0,0,0,0,0,0,17000,0,0,0,75000,58000,17000,17000
055902,同欣電中信99購01,0,0,0,0,0,0,0,0,0,17000,0,0,0,331000,314000,17000,17000
055320,建準國票98購01  ,0,0,0,0,0,0,0,0,0,17000,0,0,0,17000,0,17000,17000
059856,昇陽半永豐99購03,0,0,0,0,0,0,0,0,0,17000,0,0,0,36000,19000,17000,17000
059795,鴻海國票99購07  ,0,0,0,0,0,0,0,0,0,17000,0,0,0,24000,7000,17000,17000
058601,台積電元大99購10,0,0,0,0,0,0,0,0,0,17000,0,0,0,18000,1000,17000,17000
058604,華邦電元大99購03,0,0,0,0,0,0,0,0,0,17000,0,0,0,60000,43000,17000,17000
059347,京鼎凱基99購02  ,0,0,0,0,0,0,0,0,0,17000,0,0,0,32000,15000,17000,17000
05797P,臺股指群益96售11,0,0,0,0,0,0,0,0,0,17000,0,0,0,18000,1000,17000,17000
057467,祥碩永豐98購04  ,0,0,0,0,0,0,0,0,0,17000,0,0,0,17000,0,17000,17000
060065,大立光兆豐9B購01,0,0,0,0,0,0,0,0,0,17000,0,0,0,19000,2000,17000,17000
060472,中租元大9A購02  ,0,0,0,0,0,0,0,0,0,17000,0,0,0,17000,0,17000,17000
060288,群光元大9C購01  ,0,0,0,0,0,0,0,0,0,17000,0,0,0,118000,101000,17000,17000
060208,卜蜂康和9A購01  ,0,0,0,0,0,0,0,0,0,17000,0,0,0,50000,33000,17000,17000
057028,台郡凱基99購02  ,0,0,0,0,0,0,0,0,0,17000,0,0,0,20000,3000,17000,17000
057076,緯穎永豐98購01  ,0,0,0,0,0,0,0,0,0,17000,0,0,0,17000,0,17000,17000
059493,國巨國票9B購01  ,0,0,0,0,0,0,0,0,0,17000,0,0,0,20000,3000,17000,17000
05959P,聯發科國票98售01,0,0,0,0,0,0,0,0,0,17000,0,0,0,20000,3000,17000,17000
060680,玉晶光元大9C購03,0,0,0,0,0,0,0,0,0,17000,0,0,0,30000,13000,17000,17000
061258,華通凱基9A購06  ,0,0,0,0,0,0,0,0,0,17000,0,0,0,37000,20000,17000,17000
061465,聯詠群益9A購01  ,0,0,0,0,0,0,0,0,0,17000,0,0,0,40000,23000,17000,17000
061624,中租群益9A購01  ,0,0,0,0,0,0,0,0,0,17000,0,0,0,17000,0,17000,17000
061773,和潤元大9B購01  ,0,0,0,0,0,0,0,0,0,17000,0,0,0,17000,0,17000,17000
062017,京鼎永豐9B購01  ,0,0,0,0,0,0,0,0,0,17000,0,0,0,94000,77000,17000,17000
062371,健策元大9B購08  ,0,0,0,0,0,0,0,0,0,17000,0,0,0,71000,54000,17000,17000
062353,亞德客元大9B購01,0,0,0,0,0,0,0,0,0,17000,0,0,0,57000,40000,17000,17000
063348,祥碩統一01購04  ,0,0,0,0,0,0,0,0,0,17000,0,0,0,25000,8000,17000,17000
4438,廣越            ,48000,31000,17000,0,0,0,0,0,0,0,0,0,0,0,0,0,17000
8499,鼎炫-KY         ,10000,6000,4000,0,0,0,13000,0,13000,0,0,0,0,0,0,0,17000
06461P,玉晶光國泰9A售01,0,0,0,0,0,0,0,0,0,16000,0,0,0,20000,4000,16000,16000
07227P,聯發科元富99售05,0,0,0,0,0,0,0,0,0,16000,0,0,0,406000,390000,16000,16000
063802,南茂凱基9C購01  ,0,0,0,0,0,0,0,0,0,16000,0,0,0,183000,167000,16000,16000
063584,南六國泰01購01  ,0,0,0,0,0,0,0,0,0,16000,0,0,0,20000,4000,16000,16000
063590,華擎永豐9B購01  ,0,0,0,0,0,0,0,0,0,16000,0,0,0,16000,0,16000,16000
063558,聚陽元大9B購02  ,0,0,0,0,0,0,0,0,0,16000,0,0,0,207000,191000,16000,16000
2923,鼎固-KY         ,20000,4000,16000,0,0,0,0,0,0,0,0,0,0,0,0,0,16000
3209,全科            ,32000,16000,16000,0,0,0,0,0,0,0,0,0,0,0,0,0,16000
1604,聲寶            ,374000,358000,16000,0,0,0,0,0,0,0,0,0,0,0,0,0,16000
1618,合機            ,12000,4000,8000,0,0,0,0,0,0,8000,8000,0,8000,0,0,0,16000
1810,和成            ,81000,65000,16000,0,0,0,0,0,0,0,0,0,0,0,0,0,16000
2227,裕日車          ,8000,9000,-1000,0,0,0,0,0,0,17000,17000,0,17000,0,0,0,16000
07957P,晶技群益9B售02  ,0,0,0,0,0,0,0,0,0,16000,0,0,0,26000,10000,16000,16000
07653P,華新科群益9A售05,0,0,0,0,0,0,0,0,0,16000,0,0,0,18000,2000,16000,16000
08147P,聯發科群益9B售10,0,0,0,0,0,0,0,0,0,16000,0,0,0,29000,13000,16000,16000
08071P,臺股指富邦9B售04,0,0,0,0,0,0,0,0,0,16000,0,0,0,16000,0,16000,16000
08321P,世芯永豐9C售01  ,0,0,0,0,0,0,0,0,0,16000,0,0,0,16000,0,16000,16000
059020,元油2X統一9B購02,0,0,0,0,0,0,0,0,0,16000,0,0,0,20000,4000,16000,16000
055653,聯詠元富01購02  ,0,0,0,0,0,0,0,0,0,16000,0,0,0,234000,218000,16000,16000
055791,臺股指凱基97購14,0,0,0,0,0,0,0,0,0,16000,0,0,0,29000,13000,16000,16000
056340,可成凱基98購04  ,0,0,0,0,0,0,0,0,0,16000,0,0,0,16000,0,16000,16000
056484,聯茂元大98購02  ,0,0,0,0,0,0,0,0,0,16000,0,0,0,16000,0,16000,16000
052919,鈺齊富邦98購01  ,0,0,0,0,0,0,0,0,0,16000,0,0,0,23000,7000,16000,16000
053635,技嘉永豐96購01  ,0,0,0,0,0,0,0,0,0,16000,0,0,0,43000,27000,16000,16000
051756,台積電元大97購04,0,0,0,0,0,0,0,0,0,16000,0,0,0,294000,278000,16000,16000
051929,GIS中信96購01   ,0,0,0,0,0,0,0,0,0,16000,0,0,0,110000,94000,16000,16000
059540,新光金日盛99購01,0,0,0,0,0,0,0,0,0,16000,0,0,0,416000,400000,16000,16000
060260,京鼎凱基9C購01  ,0,0,0,0,0,0,0,0,0,16000,0,0,0,73000,57000,16000,16000
060487,盛群富邦9B購01  ,0,0,0,0,0,0,0,0,0,16000,0,0,0,26000,10000,16000,16000
060529,聯發科中信9A購04,0,0,0,0,0,0,0,0,0,16000,0,0,0,16000,0,16000,16000
060593,華通麥證9A購01  ,0,0,0,20000,4000,16000,0,0,0,16000,0,0,0,20000,4000,16000,16000
057285,群創元大98購07  ,0,0,0,0,0,0,0,0,0,16000,0,0,0,16000,0,16000,16000
057589,超眾國票9A購01  ,0,0,0,0,0,0,0,0,0,16000,0,0,0,16000,0,16000,16000
057959,欣興元大98購14  ,0,0,0,0,0,0,0,0,0,16000,0,0,0,25000,9000,16000,16000
063215,台表科國票9C購02,0,0,0,0,0,0,0,0,0,16000,0,0,0,101000,85000,16000,16000
063279,國巨元大9C購05  ,0,0,0,0,0,0,0,0,0,16000,0,0,0,16000,0,16000,16000
062021,康控永豐9B購01  ,0,0,0,0,0,0,0,0,0,16000,0,0,0,26000,10000,16000,16000
6128,上福            ,15000,0,15000,0,0,0,0,0,0,1000,1000,0,1000,0,0,0,16000
8464,億豐            ,296013,277382,18631,0,0,0,0,10000,-10000,7000,0,0,0,7000,0,7000,15631
07633P,台灣50元大9A售18,0,0,0,0,0,0,0,0,0,15000,0,0,0,15000,0,15000,15000
07629P,臺股指凱基9A售10,0,0,0,0,0,0,0,0,0,15000,0,0,0,15000,0,15000,15000
07547P,緯穎凱基9A售05  ,0,0,0,0,0,0,0,0,0,15000,0,0,0,15000,0,15000,15000
07889P,旭富國票9B售01  ,0,0,0,0,0,0,0,0,0,15000,0,0,0,99000,84000,15000,15000
07883P,可成凱基9B售03  ,0,0,0,0,0,0,0,0,0,15000,0,0,0,20000,5000,15000,15000
2444,兆勁            ,64000,49000,15000,0,0,0,0,0,0,0,0,0,0,0,0,0,15000
1525,江申            ,15000,0,15000,0,0,0,0,0,0,0,0,0,0,0,0,0,15000
3338,泰碩            ,261000,149000,112000,0,0,0,0,300000,-300000,203000,43000,19000,24000,262000,83000,179000,15000
2816,旺旺保          ,20000,5000,15000,0,0,0,0,0,0,0,0,0,0,0,0,0,15000
063973,緯穎國票9C購01  ,0,0,0,0,0,0,0,0,0,15000,0,0,0,38000,23000,15000,15000
064006,晶技凱基9C購02  ,0,0,0,0,0,0,0,0,0,15000,0,0,0,15000,0,15000,15000
07463P,台積電國票9A售05,0,0,0,0,0,0,0,0,0,15000,0,0,0,15000,0,15000,15000
07033P,大立光統一9B售03,0,0,0,0,0,0,0,0,0,15000,0,0,0,15000,0,15000,15000
07102P,南電元大99售03  ,0,0,0,0,0,0,0,0,0,15000,0,0,0,35000,20000,15000,15000
06556P,臺股指元大99售08,0,0,0,0,0,0,0,0,0,15000,0,0,0,15000,0,15000,15000
00678,群益NBI生技     ,5000,0,5000,0,0,0,0,0,0,10000,0,0,0,311000,301000,10000,15000
054133,奇力新元大97購04,0,0,0,0,0,0,0,0,0,15000,0,0,0,15000,0,15000,15000
052119,漢唐國票96購01  ,0,0,0,0,0,0,0,0,0,15000,0,0,0,15000,0,15000,15000
049670,鈺齊國泰96購01  ,0,0,0,0,0,0,0,0,0,15000,0,0,0,15000,0,15000,15000
045837,群創群益98購02  ,0,0,0,0,0,0,0,0,0,15000,0,0,0,15000,0,15000,15000
053475,華新科元大96購05,0,0,0,0,0,0,0,0,0,15000,0,0,0,15000,0,15000,15000
053122,美律凱基98購01  ,0,0,0,0,0,0,0,0,0,15000,0,0,0,40000,25000,15000,15000
054296,世芯元大97購01  ,0,0,0,0,0,0,0,0,0,15000,0,0,0,16000,1000,15000,15000
054289,聯發科元大97購11,0,0,0,0,0,0,0,0,0,15000,0,0,0,15000,0,15000,15000
056710,漢唐永豐98購01  ,0,0,0,0,0,0,0,0,0,15000,0,0,0,75000,60000,15000,15000
056592,台積電元富98購01,0,0,0,0,0,0,0,0,0,15000,0,0,0,15000,0,15000,15000
055507,樺漢元大98購02  ,0,0,0,0,0,0,0,0,0,15000,0,0,0,15000,0,15000,15000
056441,燿華凱基98購01  ,0,0,0,0,0,0,0,0,0,15000,0,0,0,25000,10000,15000,15000
056454,欣興凱基98購02  ,0,0,0,0,0,0,0,0,0,15000,0,0,0,25000,10000,15000,15000
056465,臺股指凱基99購07,0,0,0,0,0,0,0,0,0,15000,0,0,0,35000,20000,15000,15000
056569,T50正2元大9B購02,0,0,0,0,0,0,0,0,0,15000,0,0,0,15000,0,15000,15000
054575,聯鈞元大97購01  ,0,0,0,0,0,0,0,0,0,15000,0,0,0,15000,0,15000,15000
054586,健鼎國泰99購01  ,0,0,0,0,0,0,0,0,0,15000,0,0,0,15000,0,15000,15000
054559,台光電群益99購01,0,0,0,0,0,0,0,0,0,15000,0,0,0,15000,0,15000,15000
059115,美食永豐99購01  ,0,0,0,0,0,0,0,0,0,15000,0,0,0,40000,25000,15000,15000
054780,中石化群益99購01,0,0,0,0,0,0,0,0,0,15000,0,0,0,15000,0,15000,15000
055350,聯發科凱基97購02,0,0,0,0,0,0,0,0,0,15000,0,0,0,15000,0,15000,15000
055124,建準兆豐97購01  ,0,0,0,0,0,0,0,0,0,15000,0,0,0,15000,0,15000,15000
057925,貿聯凱基99購01  ,0,0,0,0,0,0,0,0,0,15000,0,0,0,15000,0,15000,15000
057526,智邦元大98購10  ,0,0,0,0,0,0,0,0,0,15000,0,0,0,19000,4000,15000,15000
057379,寶成元大98購02  ,0,0,0,0,0,0,0,0,0,15000,0,0,0,15000,0,15000,15000
059033,元油2X群益9C購05,0,0,0,0,0,0,0,0,0,15000,0,0,0,15000,0,15000,15000
059215,台積電元大99購28,0,0,0,0,0,0,0,0,0,15000,0,0,0,15000,0,15000,15000
059984,華新科元大99購21,0,0,0,0,0,0,0,0,0,15000,0,0,0,25000,10000,15000,15000
056870,全新日盛9A購01  ,0,0,0,0,0,0,0,0,0,15000,0,0,0,15000,0,15000,15000
060492,元黃金元富9A購01,0,0,0,0,0,0,0,0,0,15000,0,0,0,15000,0,15000,15000
060477,和潤元大9A購01  ,0,0,0,0,0,0,0,0,0,15000,0,0,0,36000,21000,15000,15000
060343,台積電統一9C購02,0,0,0,0,0,0,0,0,0,15000,0,0,0,15000,0,15000,15000
060381,元黃金凱基9A購01,0,0,0,0,0,0,0,0,0,15000,0,0,0,15000,0,15000,15000
060281,卜蜂元大9C購01  ,0,0,0,0,0,0,0,0,0,15000,0,0,0,15000,0,15000,15000
060298,鎧勝元大9C購01  ,0,0,0,0,0,0,0,0,0,15000,0,0,0,115000,100000,15000,15000
060311,盟立永豐9A購01  ,0,0,0,0,0,0,0,0,0,15000,0,0,0,15000,0,15000,15000
06072P,牧德永豐97售01  ,0,0,0,0,0,0,0,0,0,15000,0,0,0,15000,0,15000,15000
05845P,大立光元大96售06,0,0,0,0,0,0,0,0,0,15000,0,0,0,15000,0,15000,15000
05848P,臺股指元大96售24,0,0,0,0,0,0,0,0,0,15000,0,0,0,20000,5000,15000,15000
062051,上銀統一9C購02  ,0,0,0,0,0,0,0,0,0,15000,0,0,0,35000,20000,15000,15000
061477,晶豪科元大9A購01,0,0,0,0,0,0,0,0,0,15000,0,0,0,35000,20000,15000,15000
061406,華通國票9A購06  ,0,0,0,0,0,0,0,0,0,15000,0,0,0,15000,0,15000,15000
06326P,鴻海中信01售01  ,0,0,0,0,0,0,0,0,0,15000,0,0,0,95000,80000,15000,15000
062149,牧德國票9B購01  ,0,0,0,0,0,0,0,0,0,15000,0,0,0,21000,6000,15000,15000
062741,立積國票9B購02  ,0,0,0,0,0,0,0,0,0,15000,0,0,0,24000,9000,15000,15000
6698,旭暉應材        ,17000,2000,15000,0,0,0,0,0,0,0,0,0,0,0,0,0,15000
4999,鑫禾            ,28000,13000,15000,0,0,0,0,0,0,0,0,0,0,0,0,0,15000
06613P,華新科富邦9A售03,0,0,0,0,0,0,0,0,0,14000,0,0,0,24000,10000,14000,14000
07195P,大立光元大99售12,0,0,0,0,0,0,0,0,0,14000,0,0,0,14000,0,14000,14000
063542,泰鼎元富9B購02  ,0,0,0,0,0,0,0,0,0,14000,0,0,0,44000,30000,14000,14000
2477,美隆電          ,14000,1000,13000,0,0,0,0,0,0,1000,1000,0,1000,0,0,0,14000
1413,宏洲            ,14000,0,14000,0,0,0,0,0,0,0,0,0,0,0,0,0,14000
07580P,緯穎元大9A售03  ,0,0,0,0,0,0,0,0,0,14000,0,0,0,25000,11000,14000,14000
08088P,義隆凱基9B售03  ,0,0,0,0,0,0,0,0,0,14000,0,0,0,160000,146000,14000,14000
055254,聯詠統一97購03  ,0,0,0,0,0,0,0,0,0,14000,0,0,0,64000,50000,14000,14000
058832,立積永豐99購01  ,0,0,0,0,0,0,0,0,0,14000,0,0,0,14000,0,14000,14000
058796,可成元大99購04  ,0,0,0,0,0,0,0,0,0,14000,0,0,0,22000,8000,14000,14000
055958,台光電元大97購02,0,0,0,0,0,0,0,0,0,14000,0,0,0,14000,0,14000,14000
055623,貿聯國泰99購01  ,0,0,0,0,0,0,0,0,0,14000,0,0,0,25000,11000,14000,14000
056332,台郡國票99購01  ,0,0,0,0,0,0,0,0,0,14000,0,0,0,14000,0,14000,14000
056404,嘉聯益群益9A購01,0,0,0,0,0,0,0,0,0,14000,0,0,0,140000,126000,14000,14000
056593,台積電元富98購02,0,0,0,0,0,0,0,0,0,14000,0,0,0,14000,0,14000,14000
05660P,玉晶光第一96售01,0,0,0,0,0,0,0,0,0,14000,0,0,0,14000,0,14000,14000
053834,卜蜂永豐96購01  ,0,0,0,0,0,0,0,0,0,14000,0,0,0,44000,30000,14000,14000
055444,致新台新97購01  ,0,0,0,0,0,0,0,0,0,14000,0,0,0,14000,0,14000,14000
055466,台達電凱基97購03,0,0,0,0,0,0,0,0,0,14000,0,0,0,34000,20000,14000,14000
053130,聯發科麥證96購01,0,0,0,14000,0,14000,0,0,0,14000,0,0,0,14000,0,14000,14000
057077,國巨統一98購06  ,0,0,0,0,0,0,0,0,0,14000,0,0,0,15000,1000,14000,14000
059623,聯電凱基99購02  ,0,16000,-16000,0,0,0,0,0,0,30000,0,0,0,51000,21000,30000,14000
059663,旭富元大9C購02  ,0,0,0,0,0,0,0,0,0,14000,0,0,0,58000,44000,14000,14000
058322,玉晶光永豐99購02,0,0,0,0,0,0,0,0,0,14000,0,0,0,14000,0,14000,14000
060199,台郡元富9A購01  ,0,0,0,0,0,0,0,0,0,14000,0,0,0,14000,0,14000,14000
057178,可成元大98購03  ,0,0,0,0,0,0,0,0,0,14000,0,0,0,82000,68000,14000,14000
060101,大立光元大99購31,0,0,0,0,0,0,0,0,0,14000,0,0,0,24000,10000,14000,14000
057532,智原元大98購03  ,0,0,0,0,0,0,0,0,0,14000,0,0,0,20000,6000,14000,14000
057490,可成元大98購10  ,0,0,0,0,0,0,0,0,0,14000,0,0,0,69000,55000,14000,14000
057454,上銀國泰99購02  ,0,0,0,0,0,0,0,0,0,14000,0,0,0,14000,0,14000,14000
057270,遠東新元大98購01,0,0,0,0,0,0,0,0,0,14000,0,0,0,14000,0,14000,14000
062746,致伸永豐9B購01  ,0,0,0,0,0,0,0,0,0,14000,0,0,0,14000,0,14000,14000
062471,國泰金凱基9B購02,0,0,0,0,0,0,0,0,0,14000,0,0,0,24000,10000,14000,14000
062223,大立光統一9C購04,0,0,0,0,0,0,0,0,0,14000,0,0,0,14000,0,14000,14000
06336P,鴻海元大98售05  ,0,0,0,0,0,0,0,0,0,14000,0,0,0,29000,15000,14000,14000
063389,大立光兆豐9C購02,0,0,0,0,0,0,0,0,0,14000,0,0,0,14000,0,14000,14000
061326,新日興凱基9B購01,0,0,0,0,0,0,0,0,0,14000,0,0,0,56000,42000,14000,14000
060855,華新科富邦01購01,0,0,0,0,0,0,0,0,0,14000,0,0,0,70000,56000,14000,14000
061039,台表科永豐9A購03,0,0,0,0,0,0,0,0,0,14000,0,0,0,20000,6000,14000,14000
062011,上銀富邦9C購01  ,0,0,0,0,0,0,0,0,0,14000,0,0,0,14000,0,14000,14000
6115,鎰勝            ,13000,1000,12000,0,0,0,0,0,0,2000,2000,0,2000,0,0,0,14000
6172,互億            ,14000,0,14000,0,0,0,0,0,0,0,0,0,0,0,0,0,14000
08062P,華擎國票9B售03  ,0,0,0,0,0,0,0,0,0,13000,0,0,0,13000,0,13000,13000
1231,聯華食          ,22000,10000,12000,0,0,0,0,0,0,1000,1000,0,1000,0,0,0,13000
07920P,大立光中信01售01,0,0,0,0,0,0,0,0,0,13000,0,0,0,44000,31000,13000,13000
2107,厚生            ,140000,128000,12000,0,0,0,0,0,0,1000,1000,0,1000,0,0,0,13000
3024,憶聲            ,19000,6000,13000,0,0,0,0,0,0,0,0,0,0,0,0,0,13000
07082P,美律元大99售06  ,0,0,0,0,0,0,0,0,0,13000,0,0,0,35000,22000,13000,13000
06667P,鴻海凱基98售11  ,0,0,0,0,0,0,0,0,0,13000,0,0,0,13000,0,13000,13000
06576P,台光電群益98售03,0,0,0,0,0,0,0,0,0,13000,0,0,0,47000,34000,13000,13000
054346,世芯國票97購01  ,0,0,0,0,0,0,0,0,0,13000,0,0,0,13000,0,13000,13000
053013,台積電統一97購01,0,0,0,0,0,0,0,0,0,13000,0,0,0,13000,0,13000,13000
056480,京鼎元大98購02  ,0,0,0,0,0,0,0,0,0,13000,0,0,0,170000,157000,13000,13000
056227,奇力新凱基98購04,0,0,0,0,0,0,0,0,0,13000,0,0,0,36000,23000,13000,13000
055707,聯鈞永豐98購01  ,0,0,0,0,0,0,0,0,0,13000,0,0,0,13000,0,13000,13000
054416,禾伸堂元大97購01,0,0,0,0,0,0,0,0,0,13000,0,0,0,43000,30000,13000,13000
059011,臺股指元大9A購30,0,0,0,0,0,0,0,0,0,13000,0,0,0,13000,0,13000,13000
054750,聯茂凱基98購02  ,0,0,0,0,0,0,0,0,0,13000,0,0,0,13000,0,13000,13000
054740,強茂凱基99購01  ,0,0,0,0,0,0,0,0,0,13000,0,0,0,13000,0,13000,13000
059364,昇陽半永豐99購02,0,0,0,0,0,0,0,0,0,13000,0,0,0,23000,10000,13000,13000
057492,大立光元大98購18,0,0,0,0,0,0,0,0,0,13000,0,0,0,50000,37000,13000,13000
057481,技嘉元大98購04  ,0,0,0,0,0,0,0,0,0,13000,0,0,0,92000,79000,13000,13000
057787,TPK國票99購01   ,0,0,0,0,0,0,0,0,0,13000,0,0,0,20000,7000,13000,13000
059253,康控凱基9B購02  ,0,0,0,0,0,0,0,0,0,13000,0,0,0,93000,80000,13000,13000
059273,臺指反元大9C購03,0,0,0,0,0,0,0,0,0,13000,0,0,0,13000,0,13000,13000
060748,臻鼎國票9A購01  ,0,0,0,0,0,0,0,0,0,13000,0,0,0,13000,0,13000,13000
060312,潤泰全永豐9A購01,0,0,0,0,0,0,0,0,0,13000,0,0,0,53000,40000,13000,13000
060394,欣興麥證9A購01  ,0,0,0,19000,6000,13000,0,0,0,13000,0,0,0,19000,6000,13000,13000
060476,瑞祺元大9A購02  ,0,0,0,0,0,0,0,0,0,13000,0,0,0,118000,105000,13000,13000
058207,南茂凱基99購01  ,0,0,0,0,0,0,0,0,0,13000,0,0,0,153000,140000,13000,13000
061973,上銀元大9B購01  ,0,0,0,0,0,0,0,0,0,13000,0,0,0,13000,0,13000,13000
062097,台光電永豐9B購01,0,0,0,0,0,0,0,0,0,13000,0,0,0,14000,1000,13000,13000
061589,世紀鋼富邦9B購01,0,0,0,0,0,0,0,0,0,13000,0,0,0,619000,606000,13000,13000
061196,世芯永豐9A購06  ,0,0,0,0,0,0,0,0,0,13000,0,0,0,133000,120000,13000,13000
061109,臻鼎元大9A購03  ,0,0,0,0,0,0,0,0,0,13000,0,0,0,13000,0,13000,13000
063385,可成中信9C購01  ,0,0,0,0,0,0,0,0,0,13000,0,0,0,80000,67000,13000,13000
063171,光寶科中信9B購01,0,0,0,0,0,0,0,0,0,13000,0,0,0,20000,7000,13000,13000
062303,台表科中信01購01,0,0,0,0,0,0,0,0,0,13000,0,0,0,33000,20000,13000,13000
062332,大立光統一9B購11,0,0,0,0,0,0,0,0,0,13000,0,0,0,53000,40000,13000,13000
062538,台積電國泰9C購02,0,0,0,0,0,0,0,0,0,13000,0,0,0,15000,2000,13000,13000
062729,神達凱基9B購02  ,0,0,0,0,0,0,0,0,0,13000,0,0,0,80000,67000,13000,13000
062700,台光電元大9B購05,0,0,0,0,0,0,0,0,0,13000,0,0,0,43000,30000,13000,13000
8454,富邦媒          ,94000,93000,1000,0,0,0,20000,3000,17000,-5000,0,5000,-5000,0,0,0,13000
06923P,鴻海群益98售09  ,0,0,0,0,0,0,0,0,0,12000,0,0,0,12000,0,12000,12000
064027,義隆元大9C購01  ,0,0,0,0,0,0,0,0,0,12000,0,0,0,12000,0,12000,12000
3518,柏騰            ,39000,27000,12000,0,0,0,0,0,0,0,0,0,0,0,0,0,12000
2059,川湖            ,99000,87000,12000,0,0,0,0,0,0,0,2000,2000,0,0,0,0,12000
1452,宏益            ,12000,0,12000,0,0,0,0,0,0,0,0,0,0,0,0,0,12000
07590P,玉晶光國票9A售03,0,0,0,0,0,0,0,0,0,12000,0,0,0,12000,0,12000,12000
07727P,臺股指凱基9A售19,0,0,0,0,0,0,0,0,0,12000,0,0,0,12000,0,12000,12000
08124P,臻鼎群益9B售02  ,0,0,0,0,0,0,0,0,0,12000,0,0,0,20000,8000,12000,12000
058874,聯鈞國票9A購01  ,0,0,0,0,0,0,0,0,0,12000,0,0,0,85000,73000,12000,12000
059153,臺股指國票99購16,0,0,0,0,0,0,0,0,0,12000,0,0,0,12000,0,12000,12000
054717,亞德客永豐97購01,0,0,0,0,0,0,0,0,0,12000,0,0,0,12000,0,12000,12000
056354,國巨元大98購10  ,0,0,0,0,0,0,0,0,0,12000,0,0,0,12000,0,12000,12000
056266,開發金統一9A購01,0,0,0,0,0,0,0,0,0,12000,0,0,0,126000,114000,12000,12000
055482,聚陽元大97購02  ,0,0,0,0,0,0,0,0,0,12000,0,0,0,12000,0,12000,12000
055553,聯發科凱基97購05,0,0,0,0,0,0,0,0,0,12000,0,0,0,12000,0,12000,12000
056668,光磊國票99購01  ,0,0,0,0,0,0,0,0,0,12000,0,0,0,124000,112000,12000,12000
053443,智邦凱基97購01  ,0,0,0,0,0,0,0,0,0,12000,0,0,0,12000,0,12000,12000
052135,聯發科凱基9B購01,0,0,0,0,0,0,0,0,0,12000,0,0,0,12000,0,12000,12000
052437,聯發科富邦99購02,0,0,0,0,0,0,0,0,0,12000,0,0,0,12000,0,12000,12000
00657,國泰日經225     ,46000,0,46000,0,0,0,0,0,0,-34000,0,0,0,149000,183000,-34000,12000
057100,國巨中信9A購02  ,0,0,0,0,0,0,0,0,0,12000,0,0,0,12000,0,12000,12000
057040,國巨元大98購12  ,0,0,0,0,0,0,0,0,0,12000,0,0,0,12000,0,12000,12000
057024,義隆凱基99購01  ,0,0,0,0,0,0,0,0,0,12000,0,0,0,12000,0,12000,12000
05701P,彩晶凱基96售01  ,0,0,0,0,0,0,0,0,0,12000,0,0,0,12000,0,12000,12000
059662,旭富元大9C購01  ,0,0,0,0,0,0,0,0,0,12000,0,0,0,57000,45000,12000,12000
06046P,健策統一96售03  ,0,0,0,0,0,0,0,0,0,12000,0,0,0,21000,9000,12000,12000
060555,台表科凱基9A購03,0,0,0,0,0,0,0,0,0,12000,0,0,0,12000,0,12000,12000
060658,台灣50凱基01購04,0,0,0,0,0,0,0,0,0,12000,0,0,0,12000,0,12000,12000
058078,景碩國票99購01  ,0,0,0,0,0,0,0,0,0,12000,0,0,0,12000,0,12000,12000
058700,鴻海元大99購15  ,0,0,0,0,0,0,0,0,0,12000,0,0,0,62000,50000,12000,12000
059088,台積電元大99購27,0,0,0,0,0,0,0,0,0,12000,0,0,0,16000,4000,12000,12000
058623,國巨國票99購08  ,0,0,0,0,0,0,0,0,0,12000,0,0,0,77000,65000,12000,12000
062770,臺股指凱基9B購14,0,0,0,0,0,0,0,0,0,12000,0,0,0,42000,30000,12000,12000
062481,同欣電國票9B購01,0,0,0,0,0,0,0,0,0,12000,0,0,0,21000,9000,12000,12000
063047,大立光兆豐9B購03,0,0,0,0,0,0,0,0,0,12000,0,0,0,14000,2000,12000,12000
062999,聯茂國票9C購01  ,0,0,0,0,0,0,0,0,0,12000,0,0,0,21000,9000,12000,12000
061340,義隆元大9A購01  ,0,0,0,0,0,0,0,0,0,12000,0,0,0,12000,0,12000,12000
061275,臺股指凱基9A購25,0,0,0,0,0,0,0,0,0,12000,0,0,0,47000,35000,12000,12000
061429,南六元大9A購02  ,0,0,0,0,0,0,0,0,0,12000,0,0,0,15000,3000,12000,12000
061402,矽創兆豐9B購01  ,0,0,0,0,0,0,0,0,0,12000,0,0,0,12000,0,12000,12000
060949,祥碩中信9A購01  ,0,0,0,0,0,0,0,0,0,12000,0,0,0,32000,20000,12000,12000
06169P,華新科元富97售02,0,0,0,0,0,0,0,0,0,12000,0,0,0,42000,30000,12000,12000
061858,南電國票9B購02  ,0,0,0,0,0,0,0,0,0,12000,0,0,0,13000,1000,12000,12000
08105P,景碩元大9B售01  ,0,0,0,0,0,0,0,0,0,11000,0,0,0,11000,0,11000,11000
1108,幸福            ,12000,2000,10000,0,0,0,0,0,0,1000,1000,0,1000,0,0,0,11000
1817,凱撒衛          ,11000,0,11000,0,0,0,0,0,0,0,0,0,0,0,0,0,11000
3501,維熹            ,19000,8000,11000,0,0,0,0,0,0,0,0,0,0,0,0,0,11000
3055,蔚華科          ,11000,0,11000,0,0,0,0,0,0,0,0,0,0,0,0,0,11000
2543,皇昌            ,11000,0,11000,0,0,0,0,0,0,0,0,0,0,0,0,0,11000
07023P,南電永豐99售02  ,0,0,0,0,0,0,0,0,0,11000,0,0,0,11000,0,11000,11000
07317P,T50正2凱基9B售02,0,0,0,0,0,0,0,0,0,11000,0,0,0,14000,3000,11000,11000
06688P,鴻海中信02售01  ,0,0,0,0,0,0,0,0,0,11000,0,0,0,16000,5000,11000,11000
06755P,大立光永豐98售03,0,0,0,0,0,0,0,0,0,11000,0,0,0,21000,10000,11000,11000
06860P,台灣50兆豐98售01,0,0,0,0,0,0,0,0,0,11000,0,0,0,11000,0,11000,11000
051432,群創元富99購03  ,0,0,0,0,0,0,0,0,0,11000,0,0,0,21000,10000,11000,11000
056538,國泰金凱基98購01,0,0,0,0,0,0,0,0,0,11000,0,0,0,11000,0,11000,11000
056187,京鼎統一97購01  ,0,0,0,0,0,0,0,0,0,11000,0,0,0,48000,37000,11000,11000
055815,亞光國票99購01  ,0,0,0,0,0,0,0,0,0,11000,0,0,0,11000,0,11000,11000
054886,大毅統一97購01  ,0,0,0,0,0,0,0,0,0,11000,0,0,0,11000,0,11000,11000
059785,美律元大9A購03  ,0,0,0,0,0,0,0,0,0,11000,0,0,0,75000,64000,11000,11000
059877,康控凱基99購05  ,0,0,0,0,0,0,0,0,0,11000,0,0,0,26000,15000,11000,11000
057529,嘉晶元大99購02  ,0,0,0,0,0,0,0,0,0,11000,0,0,0,13000,2000,11000,11000
060010,義隆群益99購02  ,0,0,0,0,0,0,0,0,0,11000,0,0,0,31000,20000,11000,11000
060320,元金2X群益02購01,0,0,0,0,0,0,0,0,0,11000,0,0,0,11000,0,11000,11000
060231,台積電元大9A購08,0,0,0,0,0,0,0,0,0,11000,0,0,0,11000,0,11000,11000
060578,臺股指中信9C購03,0,0,0,0,0,0,0,0,0,11000,0,0,0,11000,0,11000,11000
059491,國巨國票9A購05  ,0,0,0,0,0,0,0,0,0,11000,0,0,0,11000,0,11000,11000
058389,聯茂國票9A購01  ,0,0,0,0,0,0,0,0,0,11000,0,0,0,12000,1000,11000,11000
058225,旺宏元富99購01  ,0,0,0,0,0,0,0,0,0,11000,0,0,0,115000,104000,11000,11000
058256,臺股指元大9A購20,0,0,0,0,0,0,0,0,0,11000,0,0,0,12000,1000,11000,11000
058462,台積電兆豐99購01,0,0,0,0,0,0,0,0,0,11000,0,0,0,11000,0,11000,11000
057052,華擎元大98購01  ,0,0,0,0,0,0,0,0,0,11000,0,0,0,21000,10000,11000,11000
058173,台積電凱基99購04,0,0,0,0,0,0,0,0,0,11000,0,0,0,11000,0,11000,11000
061525,華新科凱基9A購13,0,0,0,0,0,0,0,0,0,11000,0,0,0,11000,0,11000,11000
061528,超眾凱基9A購04  ,0,0,0,0,0,0,0,0,0,11000,0,0,0,31000,20000,11000,11000
061036,晶技永豐9A購03  ,0,0,0,0,0,0,0,0,0,11000,0,0,0,11000,0,11000,11000
061064,可成凱基9B購02  ,0,0,0,0,0,0,0,0,0,11000,0,0,0,13000,2000,11000,11000
060838,華通國票9A購05  ,0,0,0,0,0,0,0,0,0,11000,0,0,0,13000,2000,11000,11000
061089,台積電統一9C購04,0,0,0,0,0,0,0,0,0,11000,0,0,0,11000,0,11000,11000
063043,台灣50兆豐9B購02,0,0,0,0,0,0,0,0,0,11000,0,0,0,241000,230000,11000,11000
062845,微星富邦01購01  ,0,0,0,0,0,0,0,0,0,11000,0,0,0,11000,0,11000,11000
062786,立積元大9C購03  ,0,0,0,0,0,0,0,0,0,11000,0,0,0,132000,121000,11000,11000
9937,全國            ,11000,0,11000,0,0,0,0,0,0,0,0,0,0,0,0,0,11000
06832P,玉晶光凱基98售03,0,0,0,0,0,0,0,0,0,10000,0,0,0,10000,0,10000,10000
06841P,臺股指統一9A售02,0,0,0,0,0,0,0,0,0,10000,0,0,0,10000,0,10000,10000
06736P,新日興凱基98售03,0,0,0,0,0,0,0,0,0,10000,0,0,0,120000,110000,10000,10000
06573P,台積電永昌99售02,0,0,0,0,0,0,0,0,0,10000,0,0,0,10000,0,10000,10000
06425P,TPK永豐97售02   ,0,0,0,0,0,0,0,0,0,10000,0,0,0,10000,0,10000,10000
06454P,緯穎元大98售04  ,0,0,0,0,0,0,0,0,0,10000,0,0,0,88000,78000,10000,10000
07355P,臺股指國票99售23,0,0,0,0,0,0,0,0,0,10000,0,0,0,10000,0,10000,10000
07424P,大立光元大9B售01,0,0,0,0,0,0,0,0,0,10000,0,0,0,60000,50000,10000,10000
07284P,大立光凱基99售10,0,0,0,0,0,0,0,0,0,10000,0,0,0,10000,0,10000,10000
07281P,鴻海凱基99售13  ,0,0,0,0,0,0,0,0,0,10000,0,0,0,10000,0,10000,10000
07309P,聯發科凱基99售18,0,0,0,0,0,0,0,0,0,10000,0,0,0,10000,0,10000,10000
07265P,大立光元大99售16,0,0,0,0,0,0,0,0,0,10000,0,0,0,12000,2000,10000,10000
07270P,台灣50元大01售09,0,0,0,0,0,0,0,0,0,10000,0,0,0,10000,0,10000,10000
06991P,矽創群益99售01  ,0,0,0,0,0,0,0,0,0,10000,0,0,0,30000,20000,10000,10000
06938P,南電元大98售03  ,0,0,0,0,0,0,0,0,0,10000,0,0,0,10000,0,10000,10000
06971P,台光電元大99售03,0,0,0,0,0,0,0,0,0,10000,0,0,0,10000,0,10000,10000
06935P,神達元大98售02  ,0,0,0,0,0,0,0,0,0,10000,0,0,0,10000,0,10000,10000
06896P,信邦中信98售01  ,0,0,0,0,0,0,0,0,0,10000,0,0,0,10000,0,10000,10000
07026P,超眾凱基99售03  ,0,0,0,0,0,0,0,0,0,10000,0,0,0,10000,0,10000,10000
07046P,大立光富邦9C售03,0,0,0,0,0,0,0,0,0,10000,0,0,0,10000,0,10000,10000
064074,南茂永豐9C購01  ,0,0,0,0,0,0,0,0,0,10000,0,0,0,10000,0,10000,10000
063813,瑞昱群益9C購02  ,0,0,0,0,0,0,0,0,0,10000,0,0,0,10000,0,10000,10000
063871,瀚宇博永豐9C購01,0,0,0,0,0,0,0,0,0,10000,0,0,0,10000,0,10000,10000
063887,香港2X中信02購01,0,0,0,0,0,0,0,0,0,10000,0,0,0,10000,0,10000,10000
063592,瑞祺永豐9B購02  ,0,0,0,0,0,0,0,0,0,10000,0,0,0,10000,0,10000,10000
063494,金像電富邦9B購01,0,0,0,0,0,0,0,0,0,10000,0,0,0,10000,0,10000,10000
063633,金像電元大9B購05,0,0,0,0,0,0,0,0,0,10000,0,0,0,10000,0,10000,10000
2911,麗嬰房          ,9000,0,9000,0,0,0,0,0,0,1000,1000,0,1000,0,0,0,10000
1568,倉佑            ,12000,2000,10000,0,0,0,0,0,0,0,0,0,0,0,0,0,10000
1414,東和            ,10000,0,10000,0,0,0,0,0,0,0,0,0,0,0,0,0,10000
2007,燁興            ,10000,0,10000,0,0,0,0,0,0,0,0,0,0,0,0,0,10000
2358,廷鑫            ,9000,0,9000,0,0,0,0,0,0,1000,1000,0,1000,0,0,0,10000
08316P,祥碩元大9C售04  ,0,0,0,0,0,0,0,0,0,10000,0,0,0,10000,0,10000,10000
08177P,金像電元大9B售02,0,0,0,0,0,0,0,0,0,10000,0,0,0,10000,0,10000,10000
08276P,可成元富9C售02  ,0,0,0,0,0,0,0,0,0,10000,0,0,0,40000,30000,10000,10000
08086P,燿華凱基9B售03  ,0,0,0,0,0,0,0,0,0,10000,0,0,0,10000,0,10000,10000
07710P,華擎元大9A售05  ,0,0,0,0,0,0,0,0,0,10000,0,0,0,70000,60000,10000,10000
07698P,臺股指元大9A售51,0,0,0,0,0,0,0,0,0,10000,0,0,0,15000,5000,10000,10000
07680P,鴻海凱基9A售24  ,0,0,0,0,0,0,0,0,0,10000,0,0,0,10000,0,10000,10000
07632P,臺股指凱基9A售14,0,0,0,0,0,0,0,0,0,10000,0,0,0,10000,0,10000,10000
07539P,玉山金台新9A售01,0,0,0,0,0,0,0,0,0,10000,0,0,0,10000,0,10000,10000
07509P,牧德國票9A售03  ,0,0,0,0,0,0,0,0,0,10000,0,0,0,55000,45000,10000,10000
07493P,台灣50元大9A售10,0,0,0,0,0,0,0,0,0,10000,0,0,0,10000,0,10000,10000
07880P,可成群益9B售05  ,0,0,0,0,0,0,0,0,0,10000,0,0,0,10000,0,10000,10000
07894P,燿華元大9B售01  ,0,0,0,0,0,0,0,0,0,10000,0,0,0,10000,0,10000,10000
07760P,力山永豐9A售03  ,0,0,0,0,0,0,0,0,0,10000,0,0,0,10000,0,10000,10000
07741P,滬深2X凱基9B售04,0,0,0,0,0,0,0,0,0,10000,0,0,0,10000,0,10000,10000
07745P,華新科凱基9A售10,0,0,0,0,0,0,0,0,0,10000,0,0,0,10000,0,10000,10000
07799P,南電國票9A售04  ,0,0,0,0,0,0,0,0,0,10000,0,0,0,10000,0,10000,10000
054925,神達凱基97購01  ,0,0,0,0,0,0,0,0,0,10000,0,0,0,30000,20000,10000,10000
055059,健和興永豐97購01,0,0,0,0,0,0,0,0,0,10000,0,0,0,10000,0,10000,10000
055065,神達永豐97購01  ,0,0,0,0,0,0,0,0,0,10000,0,0,0,10000,0,10000,10000
055067,禾聯碩永豐97購01,0,0,0,0,0,0,0,0,0,10000,0,0,0,10000,0,10000,10000
055222,臺股指凱基97購05,0,0,0,0,0,0,0,0,0,10000,0,0,0,10000,0,10000,10000
055157,晶豪科元大97購01,0,0,0,0,0,0,0,0,0,10000,0,0,0,10000,0,10000,10000
055106,台積電凱基98購05,0,0,0,0,0,0,0,0,0,10000,0,0,0,10000,0,10000,10000
055385,昇陽半元大98購01,0,0,0,0,0,0,0,0,0,10000,0,0,0,10000,0,10000,10000
054842,台達電兆豐98購01,0,0,0,0,0,0,0,0,0,10000,0,0,0,10000,0,10000,10000
054845,智邦兆豐98購01  ,0,0,0,0,0,0,0,0,0,10000,0,0,0,10000,0,10000,10000
056048,同欣電兆豐97購01,0,0,0,0,0,0,0,0,0,10000,0,0,0,10000,0,10000,10000
059169,可成凱基99購04  ,0,0,0,0,0,0,0,0,0,10000,0,0,0,20000,10000,10000,10000
05881P,彩晶康和96售01  ,0,0,0,0,0,0,0,0,0,10000,0,0,0,10000,0,10000,10000
058863,可成凱基99購02  ,0,0,0,0,0,0,0,0,0,10000,0,0,0,12000,2000,10000,10000
058916,SGBR2X元富99購02,0,0,0,0,0,0,0,0,0,10000,0,0,0,10000,0,10000,10000
059010,臺股指元大99購12,0,0,0,0,0,0,0,0,0,10000,0,0,0,10000,0,10000,10000
058958,台表科國票9A購03,0,0,0,0,0,0,0,0,0,10000,0,0,0,10000,0,10000,10000
054539,欣興國票98購01  ,0,0,0,0,0,0,0,0,0,10000,0,0,0,10000,0,10000,10000
054426,國泰金富邦97購02,0,0,0,0,0,0,0,0,0,10000,0,0,0,10000,0,10000,10000
054427,潤泰全富邦97購01,0,0,0,0,0,0,0,0,0,10000,0,0,0,10000,0,10000,10000
055692,緯穎凱基97購03  ,0,0,0,0,0,0,0,0,0,10000,0,0,0,20000,10000,10000,10000
055658,南電元富97購01  ,0,0,0,0,0,0,0,0,0,10000,0,0,0,10000,0,10000,10000
055943,瑞昱麥證97購01  ,0,0,0,10000,0,10000,0,0,0,10000,0,0,0,10000,0,10000,10000
055993,致茂國泰99購01  ,0,0,0,0,0,0,0,0,0,10000,0,0,0,10000,0,10000,10000
055884,臺股指元富97購01,0,0,0,0,0,0,0,0,0,10000,0,0,0,10000,0,10000,10000
055831,台達電元大97購01,0,0,0,0,0,0,0,0,0,10000,0,0,0,10000,0,10000,10000
055844,大毅元大98購01  ,0,0,0,0,0,0,0,0,0,10000,0,0,0,20000,10000,10000,10000
054652,裕隆麥證97購01  ,0,0,0,10000,0,10000,0,0,0,10000,0,0,0,10000,0,10000,10000
05617P,大立光統一97售02,0,0,0,0,0,0,0,0,0,10000,0,0,0,10000,0,10000,10000
05648P,康控國票97售01  ,0,0,0,0,0,0,0,0,0,10000,0,0,0,10000,0,10000,10000
056513,臻鼎亞東99購01  ,0,0,0,0,0,0,0,0,0,10000,0,0,0,10000,0,10000,10000
056451,可成凱基99購01  ,0,0,0,0,0,0,0,0,0,10000,0,0,0,12000,2000,10000,10000
056452,亞光凱基98購02  ,0,0,0,0,0,0,0,0,0,10000,0,0,0,20000,10000,10000,10000
056299,友達元大9B購04  ,0,0,0,0,0,0,0,0,0,10000,0,0,0,10000,0,10000,10000
056294,上銀元大97購11  ,0,0,0,0,0,0,0,0,0,10000,0,0,0,10000,0,10000,10000
056745,聯茂凱基99購03  ,0,0,0,0,0,0,0,0,0,10000,0,0,0,10000,0,10000,10000
056396,祥碩永豐98購01  ,0,0,0,0,0,0,0,0,0,10000,0,0,0,10000,0,10000,10000
051431,群創元富99購02  ,0,0,0,0,0,0,0,0,0,10000,0,0,0,30000,20000,10000,10000
051539,瀚宇博國票97購01,0,0,0,0,0,0,0,0,0,10000,0,0,0,10000,0,10000,10000
051930,國泰金兆豐97購01,0,0,0,0,0,0,0,0,0,10000,0,0,0,10000,0,10000,10000
051931,美律國票96購02  ,0,0,0,0,0,0,0,0,0,10000,0,0,0,10000,0,10000,10000
03029X,元展26          ,0,0,0,0,0,0,0,0,0,10000,0,0,0,10000,0,10000,10000
042317,台灣50永豐96購01,0,0,0,0,0,0,0,0,0,10000,0,0,0,10000,0,10000,10000
052237,嘉澤國票96購02  ,0,0,0,0,0,0,0,0,0,10000,0,0,0,10000,0,10000,10000
052228,聯發科凱基96購06,0,0,0,0,0,0,0,0,0,10000,0,0,0,10000,0,10000,10000
05212P,台積電國票96售04,0,0,0,0,0,0,0,0,0,10000,0,0,0,310000,300000,10000,10000
052104,英業達兆豐96購01,0,0,0,0,0,0,0,0,0,10000,0,0,0,10000,0,10000,10000
054239,台郡群益96購02  ,0,0,0,0,0,0,0,0,0,10000,0,0,0,10000,0,10000,10000
052076,可成元富98購01  ,0,0,0,0,0,0,0,0,0,10000,0,0,0,10000,0,10000,10000
054053,聯茂元大96購01  ,0,0,0,0,0,0,0,0,0,10000,0,0,0,10000,0,10000,10000
045054,聯發科元富98購02,0,0,0,0,0,0,0,0,0,10000,0,0,0,10000,0,10000,10000
046937,聯電元大99購01  ,0,0,0,0,0,0,0,0,0,10000,0,0,0,10000,0,10000,10000
047418,智邦富邦97購01  ,0,0,0,0,0,0,0,0,0,10000,0,0,0,10000,0,10000,10000
048070,聯發科元富99購03,0,0,0,0,0,0,0,0,0,10000,0,0,0,10000,0,10000,10000
049820,世紀鋼元大96購03,0,0,0,0,0,0,0,0,0,10000,0,0,0,10000,0,10000,10000
048892,台郡元富97購01  ,0,0,0,0,0,0,0,0,0,10000,0,0,0,10000,0,10000,10000
050485,國巨統一96購01  ,0,0,0,0,0,0,0,0,0,10000,0,0,0,212000,202000,10000,10000
050306,聯發科中信97購01,0,0,0,0,0,0,0,0,0,10000,0,0,0,10000,0,10000,10000
053904,漢唐凱基97購01  ,0,0,0,0,0,0,0,0,0,10000,0,0,0,10000,0,10000,10000
053449,超眾凱基98購01  ,0,0,0,0,0,0,0,0,0,10000,0,0,0,30000,20000,10000,10000
053458,聯詠國泰97購01  ,0,0,0,0,0,0,0,0,0,10000,0,0,0,10000,0,10000,10000
053365,彩晶國泰98購01  ,0,0,0,0,0,0,0,0,0,10000,0,0,0,10000,0,10000,10000
053411,深中小國票9B購01,0,0,0,0,0,0,0,0,0,10000,0,0,0,10000,0,10000,10000
053184,世紀鋼元富96購01,0,0,0,0,0,0,0,0,0,10000,0,0,0,10000,0,10000,10000
053631,欣興兆豐97購01  ,0,0,0,0,0,0,0,0,0,10000,0,0,0,15000,5000,10000,10000
053596,嘉澤元大96購01  ,0,0,0,0,0,0,0,0,0,10000,0,0,0,10000,0,10000,10000
053588,聯發科元大97購07,0,0,0,0,0,0,0,0,0,10000,0,0,0,10000,0,10000,10000
053550,聯發科凱基96購15,0,0,0,0,0,0,0,0,0,10000,0,0,0,10000,0,10000,10000
053768,S&P反1元大99購01,0,0,0,0,0,0,0,0,0,10000,0,0,0,10000,0,10000,10000
053708,道瓊反凱基98購01,0,0,0,0,0,0,0,0,0,10000,0,0,0,10000,0,10000,10000
054356,可成兆豐97購01  ,0,0,0,0,0,0,0,0,0,10000,0,0,0,10000,0,10000,10000
052522,聯發科元大96購05,0,0,0,0,0,0,0,0,0,10000,0,0,0,10000,0,10000,10000
052530,台郡元大96購04  ,0,0,0,0,0,0,0,0,0,10000,0,0,0,10000,0,10000,10000
052532,台積電國泰96購07,0,0,0,0,0,0,0,0,0,10000,0,0,0,176000,166000,10000,10000
054277,亞光群益97購01  ,0,0,0,0,0,0,0,0,0,10000,0,0,0,10000,0,10000,10000
052470,華新科亞東97購01,0,0,0,0,0,0,0,0,0,10000,0,0,0,160000,150000,10000,10000
053131,華通國票97購03  ,0,0,0,0,0,0,0,0,0,10000,0,0,0,10000,0,10000,10000
052801,友達元大9A購01  ,0,0,0,0,0,0,0,0,0,10000,0,0,0,10000,0,10000,10000
055568,緯穎凱基97購02  ,0,0,0,0,0,0,0,0,0,10000,0,0,0,10000,0,10000,10000
056641,華通凱基98購03  ,0,0,0,0,0,0,0,0,0,10000,0,0,0,10000,0,10000,10000
056665,上証2X國票99購02,0,0,0,0,0,0,0,0,0,10000,0,0,0,10000,0,10000,10000
055489,瑞昱元大97購02  ,0,0,0,0,0,0,0,0,0,10000,0,0,0,10000,0,10000,10000
055476,台郡凱基97購02  ,0,0,0,0,0,0,0,0,0,10000,0,0,0,10000,0,10000,10000
055448,健策統一97購02  ,0,0,0,0,0,0,0,0,0,10000,0,0,0,150000,140000,10000,10000
055415,禾伸堂富邦9B購01,0,0,0,0,0,0,0,0,0,10000,0,0,0,10000,0,10000,10000
055426,旺宏群益99購02  ,0,0,0,0,0,0,0,0,0,10000,0,0,0,10000,0,10000,10000
055432,臻鼎群益97購02  ,0,0,0,0,0,0,0,0,0,10000,0,0,0,10000,0,10000,10000
052888,台表科中信9A購01,0,0,0,0,0,0,0,0,0,10000,0,0,0,10000,0,10000,10000
053888,和大群益97購01  ,0,0,0,0,0,0,0,0,0,10000,0,0,0,22000,12000,10000,10000
053869,嘉澤元大96購02  ,0,0,0,0,0,0,0,0,0,10000,0,0,0,10000,0,10000,10000
058193,緯穎永豐99購01  ,0,0,0,0,0,0,0,0,0,10000,0,0,0,10000,0,10000,10000
058492,華通群益9B購01  ,0,0,0,0,0,0,0,0,0,10000,0,0,0,10000,0,10000,10000
058510,全新元大9B購02  ,0,0,0,0,0,0,0,0,0,10000,0,0,0,10000,0,10000,10000
057993,中環中信98購01  ,0,0,0,0,0,0,0,0,0,10000,0,0,0,10000,0,10000,10000
057060,緯穎元大98購05  ,0,0,0,0,0,0,0,0,0,10000,0,0,0,10000,0,10000,10000
057062,立積國泰99購01  ,0,0,0,0,0,0,0,0,0,10000,0,0,0,10000,0,10000,10000
059186,華通富邦9A購01  ,0,0,0,0,0,0,0,0,0,10000,0,0,0,10000,0,10000,10000
057022,智邦凱基98購04  ,0,0,0,0,0,0,0,0,0,10000,0,0,0,10000,0,10000,10000
057017,和大凱基98購01  ,0,0,0,0,0,0,0,0,0,10000,0,0,0,10000,0,10000,10000
057027,祥碩凱基98購01  ,0,0,0,0,0,0,0,0,0,10000,0,0,0,10000,0,10000,10000
056984,嘉晶群益98購01  ,0,0,0,0,0,0,0,0,0,10000,0,0,0,10000,0,10000,10000
056996,矽力日盛99購01  ,0,0,0,0,0,0,0,0,0,10000,0,0,0,10000,0,10000,10000
058274,世紀鋼永豐99購01,0,0,0,0,0,0,0,0,0,10000,0,0,0,10000,0,10000,10000
058360,台光電凱基9A購02,0,0,0,0,0,0,0,0,0,10000,0,0,0,10000,0,10000,10000
059519,台郡永豐99購01  ,0,0,0,0,0,0,0,0,0,10000,0,0,0,10000,0,10000,10000
059500,鴻海元富99購11  ,0,0,0,0,0,0,0,0,0,10000,0,0,0,10000,0,10000,10000
059572,華新科凱基99購08,0,0,0,0,0,0,0,0,0,10000,0,0,0,10000,0,10000,10000
059565,國巨凱基99購16  ,0,0,0,0,0,0,0,0,0,10000,0,0,0,10000,0,10000,10000
059387,華通凱基9A購03  ,0,0,0,0,0,0,0,0,0,10000,0,0,0,10000,0,10000,10000
059682,可成富邦9A購01  ,0,0,0,0,0,0,0,0,0,10000,0,0,0,10000,0,10000,10000
059678,鴻海國泰9A購03  ,0,0,0,0,0,0,0,0,0,10000,0,0,0,11000,1000,10000,10000
059720,台積電元大99購43,0,0,0,0,0,0,0,0,0,10000,0,0,0,10000,0,10000,10000
059614,致新永豐99購01  ,0,0,0,0,0,0,0,0,0,10000,0,0,0,10000,0,10000,10000
059597,大立光元大99購21,0,0,0,0,0,0,0,0,0,10000,0,0,0,10000,0,10000,10000
059634,可成凱基99購07  ,0,0,0,0,0,0,0,0,0,10000,0,0,0,30000,20000,10000,10000
059647,超眾凱基99購04  ,0,0,0,0,0,0,0,0,0,10000,0,0,0,10000,0,10000,10000
060389,世紀鋼凱基9B購02,0,0,0,0,0,0,0,0,0,10000,0,0,0,50000,40000,10000,10000
060734,華通統一9C購01  ,0,0,0,0,0,0,0,0,0,10000,0,0,0,13000,3000,10000,10000
057131,奇力新凱基98購05,0,0,0,0,0,0,0,0,0,10000,0,0,0,30000,20000,10000,10000
060211,智邦康和9A購01  ,0,0,0,0,0,0,0,0,0,10000,0,0,0,10000,0,10000,10000
058131,義隆元大99購02  ,0,0,0,0,0,0,0,0,0,10000,0,0,0,14000,4000,10000,10000
059630,美律凱基99購07  ,0,0,0,0,0,0,0,0,0,10000,0,0,0,30000,20000,10000,10000
060045,嘉晶群益99購02  ,0,0,0,0,0,0,0,0,0,10000,0,0,0,10000,0,10000,10000
060095,聯發科元大99購42,0,0,0,0,0,0,0,0,0,10000,0,0,0,10000,0,10000,10000
060085,華通元大99購10  ,0,0,0,0,0,0,0,0,0,10000,0,0,0,10000,0,10000,10000
057303,喬山兆豐99購01  ,0,0,0,0,0,0,0,0,0,10000,0,0,0,10000,0,10000,10000
057322,旺宏群益98購04  ,0,0,0,0,0,0,0,0,0,10000,0,0,0,10000,0,10000,10000
057859,神達康和98購01  ,0,0,0,0,0,0,0,0,0,10000,0,0,0,44000,34000,10000,10000
057557,聯茂凱基99購04  ,0,0,0,0,0,0,0,0,0,10000,0,0,0,10000,0,10000,10000
057218,可成群益99購03  ,0,0,0,0,0,0,0,0,0,10000,0,0,0,10000,0,10000,10000
057472,T50正2元大9B購03,0,0,0,0,0,0,0,0,0,10000,0,0,0,10000,0,10000,10000
05749P,臺股指群益99售03,0,0,0,0,0,0,0,0,0,10000,0,0,0,10000,0,10000,10000
057429,華新科兆豐98購03,0,0,0,0,0,0,0,0,0,10000,0,0,0,10000,0,10000,10000
057987,大立光元富98購02,0,0,0,0,0,0,0,0,0,10000,0,0,0,88000,78000,10000,10000
057252,牧德元富98購01  ,0,0,0,0,0,0,0,0,0,10000,0,0,0,10000,0,10000,10000
057230,建準凱基98購02  ,0,0,0,0,0,0,0,0,0,10000,0,0,0,10000,0,10000,10000
057223,富邦金日盛99購01,0,0,0,0,0,0,0,0,0,10000,0,0,0,10000,0,10000,10000
059871,義隆凱基99購03  ,0,0,0,0,0,0,0,0,0,10000,0,0,0,10000,0,10000,10000
059879,GIS凱基99購03   ,0,0,0,0,0,0,0,0,0,10000,0,0,0,10000,0,10000,10000
059814,SP黃豆凱基9A購02,0,0,0,0,0,0,0,0,0,10000,0,0,0,163000,153000,10000,10000
05870P,聯發科凱基96售19,0,0,0,0,0,0,0,0,0,10000,0,0,0,10000,0,10000,10000
057762,全新凱基99購03  ,0,0,0,0,0,0,0,0,0,10000,0,0,0,10000,0,10000,10000
057765,康舒凱基98購01  ,0,0,0,0,0,0,0,0,0,10000,0,0,0,10000,0,10000,10000
057791,可成統一99購01  ,0,0,0,0,0,0,0,0,0,10000,0,0,0,10000,0,10000,10000
056847,佐登元富98購01  ,0,0,0,0,0,0,0,0,0,10000,0,0,0,10000,0,10000,10000
059272,台灣50元大99購01,0,0,0,0,0,0,0,0,0,10000,0,0,0,10000,0,10000,10000
059255,臺股指凱基99購33,0,0,0,0,0,0,0,0,0,10000,0,0,0,10000,0,10000,10000
059256,臺股指凱基99購34,0,0,0,0,0,0,0,0,0,10000,0,0,0,10000,0,10000,10000
058654,鴻海中信03購01  ,0,0,0,0,0,0,0,0,0,10000,0,0,0,11000,1000,10000,10000
057738,旺宏富邦9A購01  ,0,0,0,0,0,0,0,0,0,10000,0,0,0,70000,60000,10000,10000
059252,聯詠凱基99購03  ,0,0,0,0,0,0,0,0,0,10000,0,0,0,10000,0,10000,10000
059209,華通元大99購08  ,0,0,0,0,0,0,0,0,0,10000,0,0,0,11000,1000,10000,10000
059981,聯發科元大99購36,0,0,0,0,0,0,0,0,0,10000,0,0,0,10000,0,10000,10000
059975,元金2X元大99購02,0,0,0,0,0,0,0,0,0,10000,0,0,0,42000,32000,10000,10000
059965,鴻海凱基99購16  ,0,0,0,0,0,0,0,0,0,10000,0,0,0,10000,0,10000,10000
062721,美律凱基9B購02  ,0,0,0,0,0,0,0,0,0,10000,0,0,0,50000,40000,10000,10000
062470,智邦凱基9C購01  ,0,0,0,0,0,0,0,0,0,10000,0,0,0,27000,17000,10000,10000
062541,臻鼎國泰01購01  ,0,0,0,0,0,0,0,0,0,10000,0,0,0,11000,1000,10000,10000
062602,華通麥證9C購01  ,0,0,0,10000,0,10000,0,0,0,10000,0,0,0,10000,0,10000,10000
062306,華通凱基9B購01  ,0,0,0,0,0,0,0,0,0,10000,0,0,0,30000,20000,10000,10000
062354,台達電元大9B購01,0,0,0,0,0,0,0,0,0,10000,0,0,0,10000,0,10000,10000
062375,祥碩元大9B購03  ,0,0,0,0,0,0,0,0,0,10000,0,0,0,10000,0,10000,10000
062403,健策永豐9B購06  ,0,0,0,0,0,0,0,0,0,10000,0,0,0,11000,1000,10000,10000
062250,台積電元大9B購02,0,0,0,0,0,0,0,0,0,10000,0,0,0,10000,0,10000,10000
062261,嘉晶元大9B購02  ,0,0,0,0,0,0,0,0,0,10000,0,0,0,86000,76000,10000,10000
062204,京元電國票9C購01,0,0,0,0,0,0,0,0,0,10000,0,0,0,54000,44000,10000,10000
062851,建準永豐9B購02  ,0,0,0,0,0,0,0,0,0,10000,0,0,0,10000,0,10000,10000
062814,台光電兆豐9B購01,0,0,0,0,0,0,0,0,0,10000,0,0,0,10000,0,10000,10000
063085,嘉澤凱基9C購01  ,0,0,0,0,0,0,0,0,0,10000,0,0,0,40000,30000,10000,10000
063063,泰鼎元富9B購01  ,0,0,0,0,0,0,0,0,0,10000,0,0,0,78000,68000,10000,10000
063122,聯發科元大9B購15,0,0,0,0,0,0,0,0,0,10000,0,0,0,10000,0,10000,10000
063142,奇力新統一9C購04,0,0,0,0,0,0,0,0,0,10000,0,0,0,20000,10000,10000,10000
063212,聯發科國票9C購02,0,0,0,0,0,0,0,0,0,10000,0,0,0,10000,0,10000,10000
063180,台塑凱基9B購01  ,0,0,0,0,0,0,0,0,0,10000,0,0,0,10000,0,10000,10000
063243,聯發科元大9B購20,0,0,0,0,0,0,0,0,0,10000,0,0,0,10000,0,10000,10000
063241,聯發科元大9B購18,0,0,0,0,0,0,0,0,0,10000,0,0,0,10000,0,10000,10000
061150,國巨群益9A購09  ,0,0,0,0,0,0,0,0,0,10000,0,0,0,100000,90000,10000,10000
061208,聯發科元大9A購09,0,0,0,0,0,0,0,0,0,10000,0,0,0,10000,0,10000,10000
061226,台積電中信9A購05,0,0,0,0,0,0,0,0,0,10000,0,0,0,10000,0,10000,10000
06130P,玉晶光元富97售07,0,0,0,0,0,0,0,0,0,10000,0,0,0,10000,0,10000,10000
061321,華新科凱基9A購09,0,0,0,0,0,0,0,0,0,10000,0,0,0,10000,0,10000,10000
060885,世紀鋼中信9A購01,0,0,0,0,0,0,0,0,0,10000,0,0,0,10000,0,10000,10000
060900,超眾凱基9B購01  ,0,0,0,0,0,0,0,0,0,10000,0,0,0,10000,0,10000,10000
060897,健策凱基9A購04  ,0,0,0,0,0,0,0,0,0,10000,0,0,0,25000,15000,10000,10000
060666,聯茂凱基9A購02  ,0,0,0,0,0,0,0,0,0,10000,0,0,0,10000,0,10000,10000
060994,世芯元大9A購03  ,0,0,0,0,0,0,0,0,0,10000,0,0,0,10000,0,10000,10000
061596,健策永豐9A購03  ,0,0,0,0,0,0,0,0,0,10000,0,0,0,11000,1000,10000,10000
061603,瑞昱凱基9A購02  ,0,0,0,0,0,0,0,0,0,10000,0,0,0,10000,0,10000,10000
061560,友達國票9B購01  ,0,0,0,0,0,0,0,0,0,10000,0,0,0,10000,0,10000,10000
061733,聯發科中信01購01,0,0,0,0,0,0,0,0,0,10000,0,0,0,10000,0,10000,10000
061745,南電凱基9B購02  ,0,0,0,0,0,0,0,0,0,10000,0,0,0,10000,0,10000,10000
06173P,華通元大97售02  ,0,0,0,0,0,0,0,0,0,10000,0,0,0,10000,0,10000,10000
061664,上銀中信9A購01  ,0,0,0,0,0,0,0,0,0,10000,0,0,0,10000,0,10000,10000
061860,臺股指國票9B購04,0,0,0,0,0,0,0,0,0,10000,0,0,0,10000,0,10000,10000
061792,和大永豐9B購01  ,0,0,0,0,0,0,0,0,0,10000,0,0,0,10000,0,10000,10000
06190P,玉晶光永豐97售05,0,0,0,0,0,0,0,0,0,10000,0,0,0,30000,20000,10000,10000
062113,瑞祺國票9B購01  ,0,0,0,0,0,0,0,0,0,10000,0,0,0,10000,0,10000,10000
06211P,鴻海元大98售04  ,0,0,0,0,0,0,0,0,0,10000,0,0,0,10000,0,10000,10000
8103,瀚荃            ,13000,3000,10000,0,0,0,0,0,0,0,0,0,0,0,0,0,10000
5525,順天            ,14000,4000,10000,0,0,0,0,0,0,0,0,0,0,0,0,0,10000
1219,福壽            ,9000,0,9000,0,0,0,0,0,0,0,0,0,0,0,0,0,9000
1256,鮮活果汁-KY     ,10000,1000,9000,0,0,0,0,0,0,0,0,0,0,0,0,0,9000
2028,威致            ,9000,0,9000,0,0,0,0,0,0,0,0,0,0,0,0,0,9000
1540,喬福            ,12000,3000,9000,0,0,0,0,0,0,0,0,0,0,0,0,0,9000
2702,華園            ,46000,37000,9000,0,0,0,0,0,0,0,0,0,0,0,0,0,9000
2497,怡利電          ,9000,0,9000,0,0,0,0,0,0,0,0,0,0,0,0,0,9000
2462,良得電          ,10000,1000,9000,0,0,0,0,0,0,0,0,0,0,0,0,0,9000
063562,國巨元大9C購06  ,0,0,0,0,0,0,0,0,0,9000,0,0,0,127000,118000,9000,9000
063846,智邦元大9C購01  ,0,0,0,0,0,0,0,0,0,9000,0,0,0,66000,57000,9000,9000
063817,GIS群益9C購01   ,0,0,0,0,0,0,0,0,0,9000,0,0,0,33000,24000,9000,9000
063981,貿聯兆豐9C購01  ,0,0,0,0,0,0,0,0,0,9000,0,0,0,9000,0,9000,9000
063916,瀚宇博凱基01購01,0,0,0,0,0,0,0,0,0,9000,0,0,0,10000,1000,9000,9000
07039P,南電台新99售01  ,0,0,0,0,0,0,0,0,0,9000,0,0,0,10000,1000,9000,9000
07103P,南電元大99售04  ,0,0,0,0,0,0,0,0,0,9000,0,0,0,9000,0,9000,9000
07126P,台積電元大99售23,0,0,0,0,0,0,0,0,0,9000,0,0,0,9000,0,9000,9000
07442P,華航康和9A售02  ,0,0,0,0,0,0,0,0,0,9000,0,0,0,39000,30000,9000,9000
07404P,華新科凱基99售10,0,0,0,0,0,0,0,0,0,9000,0,0,0,9000,0,9000,9000
06539P,聯發科凱基98售12,0,0,0,0,0,0,0,0,0,9000,0,0,0,9000,0,9000,9000
06746P,聯發科群益99售02,0,0,0,0,0,0,0,0,0,9000,0,0,0,9000,0,9000,9000
055446,奇力新統一9A購01,0,0,0,0,0,0,0,0,0,9000,0,0,0,10000,1000,9000,9000
045443,群創元富98購01  ,0,0,0,0,0,0,0,0,0,9000,0,0,0,35000,26000,9000,9000
051946,健策統一98購01  ,0,0,0,0,0,0,0,0,0,9000,0,0,0,24000,15000,9000,9000
056794,上銀麥證98購01  ,0,0,0,9000,0,9000,0,0,0,9000,0,0,0,9000,0,9000,9000
05642P,玉晶光兆豐97售02,0,0,0,0,0,0,0,0,0,9000,0,0,0,9000,0,9000,9000
054872,瀚宇博群益98購01,0,0,0,0,0,0,0,0,0,9000,0,0,0,107000,98000,9000,9000
055652,聯詠元富01購01  ,0,0,0,0,0,0,0,0,0,9000,0,0,0,76000,67000,9000,9000
058931,玉晶光統一9C購01,0,0,0,0,0,0,0,0,0,9000,0,0,0,38000,29000,9000,9000
058864,欣興凱基99購04  ,0,0,0,0,0,0,0,0,0,9000,0,0,0,9000,0,9000,9000
054749,聯茂凱基98購01  ,0,0,0,0,0,0,0,0,0,9000,0,0,0,9000,0,9000,9000
059217,台積電元大99購30,0,0,0,0,0,0,0,0,0,9000,0,0,0,9000,0,9000,9000
058594,台灣50元富9B購03,0,0,0,0,0,0,0,0,0,9000,0,0,0,38000,29000,9000,9000
057509,聯發科統一9A購03,0,0,0,0,0,0,0,0,0,9000,0,0,0,150000,141000,9000,9000
060033,臻鼎永豐99購01  ,0,0,0,0,0,0,0,0,0,9000,0,0,0,9000,0,9000,9000
060143,台積電國票9B購03,0,0,0,0,0,0,0,0,0,9000,0,0,0,18000,9000,9000,9000
060295,貿聯元大9A購03  ,0,0,0,0,0,0,0,0,0,9000,0,0,0,28000,19000,9000,9000
060643,牧德永豐9A購03  ,0,0,0,0,0,0,0,0,0,9000,0,0,0,10000,1000,9000,9000
058411,技嘉兆豐99購01  ,0,0,0,0,0,0,0,0,0,9000,0,0,0,9000,0,9000,9000
062066,元黃金元大9B購01,0,0,0,0,0,0,0,0,0,9000,0,0,0,10000,1000,9000,9000
061980,聯發科元大9B購01,0,0,0,0,0,0,0,0,0,9000,0,0,0,9000,0,9000,9000
061778,元金2X群益9B購02,0,0,0,0,0,0,0,0,0,9000,0,0,0,9000,0,9000,9000
060714,晶技永豐9A購02  ,0,0,0,0,0,0,0,0,0,9000,0,0,0,36000,27000,9000,9000
061450,嘉晶中信9A購01  ,0,0,0,0,0,0,0,0,0,9000,0,0,0,24000,15000,9000,9000
061111,台表科元大9A購02,0,0,0,0,0,0,0,0,0,9000,0,0,0,19000,10000,9000,9000
063007,儒鴻元大9B購01  ,0,0,0,0,0,0,0,0,0,9000,0,0,0,97000,88000,9000,9000
062835,瑞儀群益9B購01  ,0,0,0,0,0,0,0,0,0,9000,0,0,0,189000,180000,9000,9000
062852,聯發科永豐9B購02,0,0,0,0,0,0,0,0,0,9000,0,0,0,16000,7000,9000,9000
062181,義隆元大9B購03  ,0,0,0,0,0,0,0,0,0,9000,0,0,0,17000,8000,9000,9000
062338,鴻海麥證9B購01  ,0,0,0,9000,0,9000,0,0,0,9000,0,0,0,9000,0,9000,9000
062672,兆豐金中信03購01,0,0,0,0,0,0,0,0,0,9000,0,0,0,10000,1000,9000,9000
06739P,聯詠兆豐98售02  ,0,0,0,0,0,0,0,0,0,8000,0,0,0,8000,0,8000,8000
06543P,鴻海元大98售08  ,0,0,0,0,0,0,0,0,0,8000,0,0,0,49000,41000,8000,8000
07216P,大立光凱基99售08,0,0,0,0,0,0,0,0,0,8000,0,0,0,8000,0,8000,8000
063732,建準元大9B購02  ,0,0,0,0,0,0,0,0,0,8000,0,0,0,60000,52000,8000,8000
06368P,台積電凱基97售15,0,0,0,0,0,0,0,0,0,8000,0,0,0,8000,0,8000,8000
2546,根基            ,14000,6000,8000,0,0,0,0,0,0,0,0,0,0,0,0,0,8000
3164,景岳            ,8000,0,8000,0,0,0,0,0,0,0,0,0,0,0,0,0,8000
08484P,台灣50中信96售01,0,0,0,0,0,0,0,0,0,8000,0,0,0,8000,0,8000,8000
08271P,華通元富9C售01  ,0,0,0,0,0,0,0,0,0,8000,0,0,0,20000,12000,8000,8000
07972P,大立光統一9C售05,0,0,0,0,0,0,0,0,0,8000,0,0,0,8000,0,8000,8000
07674P,金融類元大9A售01,0,0,0,0,0,0,0,0,0,8000,0,0,0,8000,0,8000,8000
055332,奇力新兆豐98購01,0,0,0,0,0,0,0,0,0,8000,0,0,0,46000,38000,8000,8000
055104,台達電凱基98購01,0,0,0,0,0,0,0,0,0,8000,0,0,0,30000,22000,8000,8000
055251,華新科統一99購01,0,0,0,0,0,0,0,0,0,8000,0,0,0,8000,0,8000,8000
054971,帆宣元大97購02  ,0,0,0,0,0,0,0,0,0,8000,0,0,0,75000,67000,8000,8000
058899,旺宏元大99購10  ,0,0,0,0,0,0,0,0,0,8000,0,0,0,8000,0,8000,8000
059018,滬深2X統一9A購01,0,0,0,0,0,0,0,0,0,8000,0,0,0,8000,0,8000,8000
055923,矽力凱基98購01  ,0,0,0,0,0,0,0,0,0,8000,0,0,0,13000,5000,8000,8000
055846,大立光元大97購09,0,0,0,0,0,0,0,0,0,8000,0,0,0,18000,10000,8000,8000
054066,緯穎國票97購03  ,0,0,0,0,0,0,0,0,0,8000,0,0,0,10000,2000,8000,8000
051843,聯發科富邦99購01,0,0,0,0,0,0,0,0,0,8000,0,0,0,9000,1000,8000,8000
051233,力成群益97購01  ,0,0,0,0,0,0,0,0,0,8000,0,0,0,8000,0,8000,8000
052907,嘉澤國票97購01  ,0,0,0,0,0,0,0,0,0,8000,0,0,0,8000,0,8000,8000
055557,華新科凱基97購01,0,0,0,0,0,0,0,0,0,8000,0,0,0,38000,30000,8000,8000
055589,台光電元大98購04,0,0,0,0,0,0,0,0,0,8000,0,0,0,9000,1000,8000,8000
058333,鴻海元富99購04  ,0,0,0,0,0,0,0,0,0,8000,0,0,0,8000,0,8000,8000
059675,大立光元富99購08,0,0,0,0,0,0,0,0,0,8000,0,0,0,8000,0,8000,8000
058464,矽創兆豐9A購01  ,0,0,0,0,0,0,0,0,0,8000,0,0,0,34000,26000,8000,8000
058471,台積電日盛9C購01,0,0,0,0,0,0,0,0,0,8000,0,0,0,8000,0,8000,8000
058015,旺宏凱基99購02  ,0,0,0,0,0,0,0,0,0,8000,0,0,0,20000,12000,8000,8000
060541,正隆凱基9A購01  ,0,0,0,0,0,0,0,0,0,8000,0,0,0,30000,22000,8000,8000
060360,南亞科元富9A購02,0,0,0,0,0,0,0,0,0,8000,0,0,0,1043000,1035000,8000,8000
059174,訊芯凱基99購01  ,0,0,0,0,0,0,0,0,0,8000,0,0,0,61000,53000,8000,8000
059755,宏達電國泰9A購01,0,0,0,0,0,0,0,0,0,8000,0,0,0,94000,86000,8000,8000
059262,致茂中信01購01  ,0,0,0,0,0,0,0,0,0,8000,0,0,0,30000,22000,8000,8000
058702,國巨元大99購16  ,0,0,0,0,0,0,0,0,0,8000,0,0,0,197000,189000,8000,8000
062738,可成國票9B購02  ,0,0,0,0,0,0,0,0,0,8000,0,0,0,46000,38000,8000,8000
062775,大成鋼元大9B購02,0,0,0,0,0,0,0,0,0,8000,0,0,0,102000,94000,8000,8000
062510,台積電國票01購01,0,0,0,0,0,0,0,0,0,8000,0,0,0,11000,3000,8000,8000
062312,大立光凱基9B購03,0,0,0,0,0,0,0,0,0,8000,0,0,0,10000,2000,8000,8000
062179,旺宏元大9B購05  ,0,0,0,0,0,0,0,0,0,8000,0,0,0,68000,60000,8000,8000
062128,祥碩統一01購01  ,0,0,0,0,0,0,0,0,0,8000,0,0,0,10000,2000,8000,8000
062259,可成元大9B購03  ,0,0,0,0,0,0,0,0,0,8000,0,0,0,30000,22000,8000,8000
062961,S&P反1元富9B購01,0,0,0,0,0,0,0,0,0,8000,0,0,0,8000,0,8000,8000
061114,南電元大9A購04  ,0,0,0,0,0,0,0,0,0,8000,0,0,0,8000,0,8000,8000
061145,臻鼎中信9A購02  ,0,0,0,0,0,0,0,0,0,8000,0,0,0,30000,22000,8000,8000
061388,台積電群益9A購05,0,0,0,0,0,0,0,0,0,8000,0,0,0,24000,16000,8000,8000
060798,旭富永豐9A購01  ,0,0,0,0,0,0,0,0,0,8000,0,0,0,8000,0,8000,8000
060841,宏達電國票9B購01,0,0,0,0,0,0,0,0,0,8000,0,0,0,8000,0,8000,8000
060828,高股息國票9A購01,0,0,0,0,0,0,0,0,0,8000,0,0,0,8000,0,8000,8000
060931,GIS永豐9A購01   ,0,0,0,0,0,0,0,0,0,8000,0,0,0,8000,0,8000,8000
06188P,大立光元富97售01,0,0,0,0,0,0,0,0,0,8000,0,0,0,8000,0,8000,8000
061833,華新科凱基02購01,0,0,0,0,0,0,0,0,0,8000,0,0,0,83000,75000,8000,8000
9103,美德醫療-DR     ,8000,0,8000,0,0,0,0,0,0,0,0,0,0,0,0,0,8000
8429,金麗-KY         ,8000,0,8000,0,0,0,0,0,0,0,0,0,0,0,0,0,8000
07952P,富邦金元大9B售02,0,0,0,0,0,0,0,0,0,7000,0,0,0,7000,0,7000,7000
08156P,大立光元富9B售05,0,0,0,0,0,0,0,0,0,7000,0,0,0,67000,60000,7000,7000
08200P,祥碩元大9B售08  ,0,0,0,0,0,0,0,0,0,7000,0,0,0,7000,0,7000,7000
2936,客思達-KY       ,7000,0,7000,0,0,0,0,0,0,0,0,0,0,0,0,0,7000
1721,三晃            ,6000,0,6000,0,0,0,0,0,0,1000,1000,0,1000,0,0,0,7000
1903,士紙            ,10000,3000,7000,0,0,0,0,0,0,0,0,0,0,0,0,0,7000
063687,金像電永豐9B購04,0,0,0,0,0,0,0,0,0,7000,0,0,0,7000,0,7000,7000
063519,聚陽凱基9B購02  ,0,0,0,0,0,0,0,0,0,7000,0,0,0,77000,70000,7000,7000
063925,祥碩元富9C購01  ,0,0,0,0,0,0,0,0,0,7000,0,0,0,92000,85000,7000,7000
064009,超眾凱基01購01  ,0,0,0,0,0,0,0,0,0,7000,0,0,0,7000,0,7000,7000
063763,上銀元富9B購07  ,0,0,0,0,0,0,0,0,0,7000,0,0,0,9000,2000,7000,7000
07211P,南亞科凱基99售05,0,0,0,0,0,0,0,0,0,7000,0,0,0,10000,3000,7000,7000
07274P,上証2X群益01售01,0,0,0,0,0,0,0,0,0,7000,0,0,0,7000,0,7000,7000
06544P,鴻海元大98售09  ,0,0,0,0,0,0,0,0,0,7000,0,0,0,7000,0,7000,7000
056608,力山永豐98購01  ,0,0,0,0,0,0,0,0,0,7000,0,0,0,10000,3000,7000,7000
053742,創意國票97購01  ,0,0,0,0,0,0,0,0,0,7000,0,0,0,7000,0,7000,7000
053474,聯發科元大97購06,0,0,0,0,0,0,0,0,0,7000,0,0,0,7000,0,7000,7000
00666R,富邦恒生國企反1 ,0,1000,-1000,0,0,0,0,0,0,8000,0,0,0,111000,103000,8000,7000
051838,國巨國泰97購01  ,0,0,0,0,0,0,0,0,0,7000,0,0,0,17000,10000,7000,7000
050797,聯發科中信99購01,0,0,0,0,0,0,0,0,0,7000,0,0,0,7000,0,7000,7000
047196,上銀統一97購01  ,0,0,0,0,0,0,0,0,0,7000,0,0,0,7000,0,7000,7000
053988,友達亞東96購01  ,0,0,0,0,0,0,0,0,0,7000,0,0,0,397000,390000,7000,7000
049463,華新科富邦97購01,0,0,0,0,0,0,0,0,0,7000,0,0,0,13000,6000,7000,7000
056011,矽力中信99購01  ,0,0,0,0,0,0,0,0,0,7000,0,0,0,42000,35000,7000,7000
056551,台郡凱基98購04  ,0,0,0,0,0,0,0,0,0,7000,0,0,0,10000,3000,7000,7000
058802,矽創元大99購02  ,0,0,0,0,0,0,0,0,0,7000,0,0,0,104000,97000,7000,7000
058775,台積電國票9A購02,0,0,0,0,0,0,0,0,0,7000,0,0,0,16000,9000,7000,7000
056139,貿聯元大97購04  ,0,0,0,0,0,0,0,0,0,7000,0,0,0,100000,93000,7000,7000
054778,世紀鋼國票99購01,0,0,0,0,0,0,0,0,0,7000,0,0,0,40000,33000,7000,7000
056075,瀚宇博元大97購03,0,0,0,0,0,0,0,0,0,7000,0,0,0,95000,88000,7000,7000
054835,致新中信97購01  ,0,0,0,0,0,0,0,0,0,7000,0,0,0,27000,20000,7000,7000
057799,世紀鋼兆豐98購01,0,0,0,0,0,0,0,0,0,7000,0,0,0,10000,3000,7000,7000
057605,旺宏統一99購03  ,0,0,0,0,0,0,0,0,0,7000,0,0,0,10000,3000,7000,7000
060091,技嘉元大99購03  ,0,0,0,0,0,0,0,0,0,7000,0,0,0,20000,13000,7000,7000
05929P,宏達電康和96售01,0,0,0,0,0,0,0,0,0,7000,0,0,0,7000,0,7000,7000
060405,中租國泰9C購01  ,0,0,0,0,0,0,0,0,0,7000,0,0,0,7000,0,7000,7000
060331,台積電麥證9A購01,0,0,0,7000,0,7000,0,0,0,7000,0,0,0,7000,0,7000,7000
060228,亞德客元大9A購01,0,0,0,0,0,0,0,0,0,7000,0,0,0,131000,124000,7000,7000
060186,義隆元富9A購01  ,0,0,0,0,0,0,0,0,0,7000,0,0,0,7000,0,7000,7000
060160,聯陽永豐9A購01  ,0,0,0,0,0,0,0,0,0,7000,0,0,0,7000,0,7000,7000
057068,國巨永豐98購06  ,0,0,0,0,0,0,0,0,0,7000,0,0,0,47000,40000,7000,7000
058338,康友元富99購01  ,0,0,0,0,0,0,0,0,0,7000,0,0,0,80000,73000,7000,7000
058402,欣興元大99購04  ,0,0,0,0,0,0,0,0,0,7000,0,0,0,49000,42000,7000,7000
061914,台光電中信9B購01,0,0,0,0,0,0,0,0,0,7000,0,0,0,10000,3000,7000,7000
060678,聯詠元大9A購03  ,0,0,0,0,0,0,0,0,0,7000,0,0,0,71000,64000,7000,7000
061417,力成群益9A購01  ,0,0,0,0,0,0,0,0,0,7000,0,0,0,7000,0,7000,7000
061149,華通群益9A購05  ,0,0,0,0,0,0,0,0,0,7000,0,0,0,10000,3000,7000,7000
062925,建準國票9B購01  ,0,0,0,0,0,0,0,0,0,7000,0,0,0,7000,0,7000,7000
063240,聯發科元大9B購17,0,0,0,0,0,0,0,0,0,7000,0,0,0,10000,3000,7000,7000
063230,緯穎群益9B購02  ,0,0,0,0,0,0,0,0,0,7000,0,0,0,7000,0,7000,7000
062739,嘉晶國票9B購02  ,0,0,0,0,0,0,0,0,0,7000,0,0,0,62000,55000,7000,7000
062632,嘉晶國票9B購01  ,0,0,0,0,0,0,0,0,0,7000,0,0,0,29000,22000,7000,7000
06265P,美律凱基97售01  ,0,0,0,0,0,0,0,0,0,7000,0,0,0,7000,0,7000,7000
9917,中保科          ,30000,23000,7000,0,0,0,0,0,0,0,0,0,0,0,0,0,7000
911616,杜康-DR         ,7000,0,7000,0,0,0,0,0,0,0,0,0,0,0,0,0,7000
6581,鋼聯            ,8000,1000,7000,0,0,0,0,0,0,0,0,0,0,0,0,0,7000
5515,建國            ,9000,2000,7000,0,0,0,0,0,0,0,0,0,0,0,0,0,7000
4764,雙鍵            ,8000,1000,7000,0,0,0,0,0,0,0,0,0,0,0,0,0,7000
06631P,玉晶光群益9A售03,0,0,0,0,0,0,0,0,0,6000,0,0,0,6000,0,6000,6000
07385P,緯穎群益99售04  ,0,0,0,0,0,0,0,0,0,6000,0,0,0,9000,3000,6000,6000
07137P,大立光中信9B售01,0,0,0,0,0,0,0,0,0,6000,0,0,0,12000,6000,6000,6000
07146P,瑞昱元大99售02  ,0,0,0,0,0,0,0,0,0,6000,0,0,0,6000,0,6000,6000
07044P,台積電元大99售13,0,0,0,0,0,0,0,0,0,6000,0,0,0,6000,0,6000,6000
063513,聯發科麥證9B購03,0,0,0,6000,0,6000,0,0,0,6000,0,0,0,6000,0,6000,6000
063461,金像電元大9B購03,0,0,0,0,0,0,0,0,0,6000,0,0,0,84000,78000,6000,6000
1453,大將            ,6000,0,6000,0,0,0,0,0,0,0,0,0,0,0,0,0,6000
1446,宏和            ,6000,0,6000,0,0,0,0,0,0,0,0,0,0,0,0,0,6000
2904,匯僑            ,6000,0,6000,0,0,0,0,0,0,0,0,0,0,0,0,0,6000
3296,勝德            ,5000,0,5000,0,0,0,0,0,0,1000,1000,0,1000,0,0,0,6000
08297P,寶成元大9C售01  ,0,0,0,0,0,0,0,0,0,6000,0,0,0,6000,0,6000,6000
07890P,南電國票9B售01  ,0,0,0,0,0,0,0,0,0,6000,0,0,0,16000,10000,6000,6000
07520P,臺股指元大9B售11,0,0,0,0,0,0,0,0,0,6000,0,0,0,6000,0,6000,6000
054831,緯穎國泰98購01  ,0,0,0,0,0,0,0,0,0,6000,0,0,0,12000,6000,6000,6000
055363,緯穎凱基98購03  ,0,0,0,0,0,0,0,0,0,6000,0,0,0,10000,4000,6000,6000
058552,欣興永豐99購01  ,0,0,0,0,0,0,0,0,0,6000,0,0,0,6000,0,6000,6000
056566,臻鼎群益98購01  ,0,0,0,0,0,0,0,0,0,6000,0,0,0,6000,0,6000,6000
056435,台積電凱基98購09,0,0,0,0,0,0,0,0,0,6000,0,0,0,16000,10000,6000,6000
056820,欣興永豐98購02  ,0,0,0,0,0,0,0,0,0,6000,0,0,0,6000,0,6000,6000
055839,瑞昱元大97購04  ,0,0,0,0,0,0,0,0,0,6000,0,0,0,6000,0,6000,6000
047211,華新科富邦99購01,0,0,0,0,0,0,0,0,0,6000,0,0,0,27000,21000,6000,6000
054216,聯茂國票97購03  ,0,0,0,0,0,0,0,0,0,6000,0,0,0,6000,0,6000,6000
052318,友達元大98購01  ,0,0,0,0,0,0,0,0,0,6000,0,0,0,6000,0,6000,6000
00684R,元大美元指數反1 ,0,0,0,0,0,0,0,0,0,6000,0,0,0,12000,6000,6000,6000
00742,新光內需收益    ,0,0,0,0,0,0,0,0,0,6000,0,0,0,138000,132000,6000,6000
051471,國巨凱基97購01  ,0,0,0,0,0,0,0,0,0,6000,0,0,0,6000,0,6000,6000
051582,聯發科元大97購02,0,0,0,0,0,0,0,0,0,6000,0,0,0,7000,1000,6000,6000
052695,台表科中信98購01,0,0,0,0,0,0,0,0,0,6000,0,0,0,6000,0,6000,6000
058282,聯茂中信99購01  ,0,0,0,0,0,0,0,0,0,6000,0,0,0,6000,0,6000,6000
059434,全新元大99購05  ,0,0,0,0,0,0,0,0,0,6000,0,0,0,6000,0,6000,6000
057042,台積電元大98購10,0,0,0,0,0,0,0,0,0,6000,0,0,0,6000,0,6000,6000
058165,FBVIX凱基9C購01 ,0,0,0,0,0,0,0,0,0,6000,0,0,0,6000,0,6000,6000
057170,瑞昱元大98購01  ,0,0,0,0,0,0,0,0,0,6000,0,0,0,14000,8000,6000,6000
060746,玉晶光國票9B購02,0,0,0,0,0,0,0,0,0,6000,0,0,0,7000,1000,6000,6000
060309,佳世達永豐9A購01,0,0,0,0,0,0,0,0,0,6000,0,0,0,10000,4000,6000,6000
060781,台郡國泰9B購01  ,0,0,0,0,0,0,0,0,0,6000,0,0,0,11000,5000,6000,6000
06037P,超眾國票98售02  ,0,0,0,0,0,0,0,0,0,6000,0,0,0,16000,10000,6000,6000
060583,南亞科元富9A購05,0,0,0,0,0,0,0,0,0,6000,0,0,0,534000,528000,6000,6000
059341,台積電凱基99購15,0,0,0,0,0,0,0,0,0,6000,0,0,0,6000,0,6000,6000
059345,禾伸堂凱基99購03,0,0,0,0,0,0,0,0,0,6000,0,0,0,6000,0,6000,6000
057506,聯鈞國票99購02  ,0,0,0,0,0,0,0,0,0,6000,0,0,0,56000,50000,6000,6000
057494,玉晶光元大99購09,0,0,0,0,0,0,0,0,0,6000,0,0,0,73000,67000,6000,6000
057461,國巨永豐98購07  ,0,0,0,0,0,0,0,0,0,6000,0,0,0,16000,10000,6000,6000
060073,台積電元富99購03,0,0,0,0,0,0,0,0,0,6000,0,0,0,8000,2000,6000,6000
056881,台灣50康和9A購01,0,0,0,0,0,0,0,0,0,6000,0,0,0,6000,0,6000,6000
058613,茂林元大99購03  ,0,0,0,0,0,0,0,0,0,6000,0,0,0,122000,116000,6000,6000
059889,華新科國票99購04,0,0,0,0,0,0,0,0,0,6000,0,0,0,6000,0,6000,6000
059223,大立光元大99購14,0,0,0,0,0,0,0,0,0,6000,0,0,0,6000,0,6000,6000
059955,美食康和99購01  ,0,0,0,0,0,0,0,0,0,6000,0,0,0,6000,0,6000,6000
062727,華擎凱基9B購03  ,0,0,0,0,0,0,0,0,0,6000,0,0,0,26000,20000,6000,6000
06277P,臺股指凱基97售09,0,0,0,0,0,0,0,0,0,6000,0,0,0,7000,1000,6000,6000
062461,智伸科群益9B購01,0,0,0,0,0,0,0,0,0,6000,0,0,0,121000,115000,6000,6000
062473,同欣電凱基9B購01,0,0,0,0,0,0,0,0,0,6000,0,0,0,79000,73000,6000,6000
062831,嘉澤群益9B購01  ,0,0,0,0,0,0,0,0,0,6000,0,0,0,96000,90000,6000,6000
061248,健策群益9A購03  ,0,0,0,0,0,0,0,0,0,6000,0,0,0,10000,4000,6000,6000
061401,華擎兆豐9B購01  ,0,0,0,0,0,0,0,0,0,6000,0,0,0,6000,0,6000,6000
061286,大立光統一9A購05,0,0,0,0,0,0,0,0,0,6000,0,0,0,6000,0,6000,6000
060705,台光電富邦9B購01,0,0,0,0,0,0,0,0,0,6000,0,0,0,10000,4000,6000,6000
061924,聯發科凱基9C購01,0,0,0,0,0,0,0,0,0,6000,0,0,0,8000,2000,6000,6000
061930,臺股指凱基9B購05,0,0,0,0,0,0,0,0,0,6000,0,0,0,6000,0,6000,6000
061952,臺股指群益9B購01,0,0,0,0,0,0,0,0,0,6000,0,0,0,8000,2000,6000,6000
061994,瑞儀元大9B購01  ,0,0,0,0,0,0,0,0,0,6000,0,0,0,102000,96000,6000,6000
062033,瀚宇博群益9B購01,0,0,0,0,0,0,0,0,0,6000,0,0,0,104000,98000,6000,6000
061704,景碩國票9A購01  ,0,0,0,0,0,0,0,0,0,6000,0,0,0,71000,65000,6000,6000
061688,華通群益9A購07  ,0,0,0,0,0,0,0,0,0,6000,0,0,0,8000,2000,6000,6000
4104,佳醫            ,20000,14000,6000,0,0,0,0,0,0,0,0,0,0,0,0,0,6000
8473,山林水          ,6000,0,6000,0,0,0,0,0,0,0,0,0,0,0,0,0,6000
07503P,禾伸堂元大9A售01,0,0,0,0,0,0,0,0,0,5000,0,0,0,10000,5000,5000,5000
07604P,台灣50元大9B售09,0,0,0,0,0,0,0,0,0,5000,0,0,0,5000,0,5000,5000
07670P,茂林元大9A售02  ,0,0,0,0,0,0,0,0,0,5000,0,0,0,19000,14000,5000,5000
07891P,臺股指國票9B售01,0,0,0,0,0,0,0,0,0,5000,0,0,0,10000,5000,5000,5000
07918P,玉晶光永豐9B售04,0,0,0,0,0,0,0,0,0,5000,0,0,0,5000,0,5000,5000
07801P,上銀永豐9A售02  ,0,0,0,0,0,0,0,0,0,5000,0,0,0,5000,0,5000,5000
07814P,華通群益9A售06  ,0,0,0,0,0,0,0,0,0,5000,0,0,0,20000,15000,5000,5000
07835P,台表科群益9A售02,0,0,0,0,0,0,0,0,0,5000,0,0,0,5000,0,5000,5000
07845P,南亞科元大9A售08,0,0,0,0,0,0,0,0,0,5000,0,0,0,25000,20000,5000,5000
08047P,臺股指國票9B售12,0,0,0,0,0,0,0,0,0,5000,0,0,0,5000,0,5000,5000
3046,建碁            ,8000,3000,5000,0,0,0,0,0,0,0,0,0,0,0,0,0,5000
2611,志信            ,5000,0,5000,0,0,0,0,0,0,0,0,0,0,0,0,0,5000
2460,建通            ,5000,0,5000,0,0,0,0,0,0,0,0,0,0,0,0,0,5000
1468,昶和            ,5000,0,5000,0,0,0,0,0,0,0,0,0,0,0,0,0,5000
1516,川飛            ,5000,0,5000,0,0,0,0,0,0,0,0,0,0,0,0,0,5000
2009,第一銅          ,7000,2000,5000,0,0,0,0,0,0,0,0,0,0,0,0,0,5000
2115,六暉-KY         ,5000,0,5000,0,0,0,0,0,0,0,0,0,0,0,0,0,5000
2302,麗正            ,5000,0,5000,0,0,0,0,0,0,0,0,0,0,0,0,0,5000
063637,聯發科元大9C購02,0,0,0,0,0,0,0,0,0,5000,0,0,0,15000,10000,5000,5000
063851,健策元大01購01  ,0,0,0,0,0,0,0,0,0,5000,0,0,0,23000,18000,5000,5000
07094P,華通國票9A售03  ,0,0,0,0,0,0,0,0,0,5000,0,0,0,5000,0,5000,5000
06891P,緯穎富邦99售03  ,0,0,0,0,0,0,0,0,0,5000,0,0,0,5000,0,5000,5000
06915P,晶技元富98售02  ,0,0,0,0,0,0,0,0,0,5000,0,0,0,5000,0,5000,5000
07417P,聯發科元大99售44,0,0,0,0,0,0,0,0,0,5000,0,0,0,10000,5000,5000,5000
07242P,台灣50凱基9A售03,0,0,0,0,0,0,0,0,0,5000,0,0,0,5000,0,5000,5000
07220P,台灣50中信03售05,0,0,0,0,0,0,0,0,0,5000,0,0,0,5000,0,5000,5000
07214P,聯發科凱基9A售04,0,0,0,0,0,0,0,0,0,5000,0,0,0,5000,0,5000,5000
06646P,國巨元大98售16  ,0,0,0,0,0,0,0,0,0,5000,0,0,0,5000,0,5000,5000
06676P,華新科國票98售03,0,0,0,0,0,0,0,0,0,5000,0,0,0,25000,20000,5000,5000
06730P,祥碩元大98售07  ,0,0,0,0,0,0,0,0,0,5000,0,0,0,5000,0,5000,5000
06510P,燿華永豐98售03  ,0,0,0,0,0,0,0,0,0,5000,0,0,0,42000,37000,5000,5000
052697,滬深2X國票98購01,0,0,0,0,0,0,0,0,0,5000,0,0,0,5000,0,5000,5000
053113,瀚宇博兆豐97購01,0,0,0,0,0,0,0,0,0,5000,0,0,0,5000,0,5000,5000
052417,聯發科兆豐9B購01,0,0,0,0,0,0,0,0,0,5000,0,0,0,5000,0,5000,5000
054406,旺宏國票98購01  ,0,0,0,0,0,0,0,0,0,5000,0,0,0,15000,10000,5000,5000
054364,智伸科凱基96購01,0,0,0,0,0,0,0,0,0,5000,0,0,0,5000,0,5000,5000
053366,樺漢國泰98購01  ,0,0,0,0,0,0,0,0,0,5000,0,0,0,5000,0,5000,5000
053187,國巨統一96購05  ,0,0,0,0,0,0,0,0,0,5000,0,0,0,5000,0,5000,5000
053190,聯發科統一99購01,0,0,0,0,0,0,0,0,0,5000,0,0,0,5000,0,5000,5000
053254,群創國泰98購02  ,0,0,0,0,0,0,0,0,0,5000,0,0,0,5000,0,5000,5000
053677,同欣電國泰97購01,0,0,0,0,0,0,0,0,0,5000,0,0,0,5000,0,5000,5000
056594,台積電元富98購03,0,0,0,0,0,0,0,0,0,5000,0,0,0,5000,0,5000,5000
052942,聯發科中信97購04,0,0,0,0,0,0,0,0,0,5000,0,0,0,5000,0,5000,5000
052936,華通兆豐98購01  ,0,0,0,0,0,0,0,0,0,5000,0,0,0,5000,0,5000,5000
053054,禾伸堂國票97購01,0,0,0,0,0,0,0,0,0,5000,0,0,0,5000,0,5000,5000
051831,緯穎元大96購04  ,0,0,0,0,0,0,0,0,0,5000,0,0,0,5000,0,5000,5000
05145P,道瓊反元大98售01,0,0,0,0,0,0,0,0,0,5000,0,0,0,5000,0,5000,5000
051269,康友富邦97購01  ,0,0,0,0,0,0,0,0,0,5000,0,0,0,5000,0,5000,5000
03046X,元展43          ,0,0,0,0,0,0,0,0,0,5000,0,0,0,5000,0,5000,5000
042752,台灣50元大96購03,0,0,0,0,0,0,0,0,0,5000,0,0,0,5000,0,5000,5000
00736,國泰新興市場    ,0,41000,-41000,0,0,0,0,0,0,46000,0,0,0,137000,91000,46000,5000
052447,聯發科元大96購04,0,0,0,0,0,0,0,0,0,5000,0,0,0,5000,0,5000,5000
054214,京鼎國票97購02  ,0,0,0,0,0,0,0,0,0,5000,0,0,0,5000,0,5000,5000
054063,聯茂國票97購02  ,0,0,0,0,0,0,0,0,0,5000,0,0,0,5000,0,5000,5000
051979,群創凱基97購01  ,0,0,0,0,0,0,0,0,0,5000,0,0,0,137000,132000,5000,5000
052060,旺宏國票96購02  ,0,0,0,0,0,0,0,0,0,5000,0,0,0,5000,0,5000,5000
055852,聯鈞元大98購01  ,0,0,0,0,0,0,0,0,0,5000,0,0,0,5000,0,5000,5000
054591,GIS國泰98購01   ,0,0,0,0,0,0,0,0,0,5000,0,0,0,5000,0,5000,5000
054608,致茂永豐97購01  ,0,0,0,0,0,0,0,0,0,5000,0,0,0,5000,0,5000,5000
054577,世芯元大98購01  ,0,0,0,0,0,0,0,0,0,5000,0,0,0,66000,61000,5000,5000
055974,上銀統一97購05  ,0,0,0,0,0,0,0,0,0,5000,0,0,0,17000,12000,5000,5000
056223,華邦電凱基97購04,0,0,0,0,0,0,0,0,0,5000,0,0,0,50000,45000,5000,5000
056244,群創群益98購09  ,0,0,0,0,0,0,0,0,0,5000,0,0,0,5000,0,5000,5000
055717,聯發科元大97購19,0,0,0,0,0,0,0,0,0,5000,0,0,0,5000,0,5000,5000
055718,可成元大97購02  ,0,0,0,0,0,0,0,0,0,5000,0,0,0,5000,0,5000,5000
056741,大立光凱基98購14,0,0,0,0,0,0,0,0,0,5000,0,0,0,50000,45000,5000,5000
056766,義隆元大98購01  ,0,0,0,0,0,0,0,0,0,5000,0,0,0,5000,0,5000,5000
056364,亞光元大99購02  ,0,0,0,0,0,0,0,0,0,5000,0,0,0,5000,0,5000,5000
056544,貿聯凱基98購03  ,0,0,0,0,0,0,0,0,0,5000,0,0,0,5000,0,5000,5000
056152,可成凱基97購02  ,0,0,0,0,0,0,0,0,0,5000,0,0,0,5000,0,5000,5000
056200,大毅永豐98購01  ,0,0,0,0,0,0,0,0,0,5000,0,0,0,6000,1000,5000,5000
056135,緯創元大98購01  ,0,0,0,0,0,0,0,0,0,5000,0,0,0,5000,0,5000,5000
054799,超眾群益98購01  ,0,0,0,0,0,0,0,0,0,5000,0,0,0,103000,98000,5000,5000
056099,上銀永豐97購02  ,0,0,0,0,0,0,0,0,0,5000,0,0,0,5000,0,5000,5000
055012,茂林元富97購01  ,0,0,0,0,0,0,0,0,0,5000,0,0,0,5000,0,5000,5000
057724,亞德客國泰99購01,0,0,0,0,0,0,0,0,0,5000,0,0,0,20000,15000,5000,5000
058686,祥碩凱基99購03  ,0,0,0,0,0,0,0,0,0,5000,0,0,0,5000,0,5000,5000
059861,聯發科群益9A購01,0,0,0,0,0,0,0,0,0,5000,0,0,0,5000,0,5000,5000
059822,聯發科凱基99購19,0,0,0,0,0,0,0,0,0,5000,0,0,0,5000,0,5000,5000
059848,智邦永豐99購01  ,0,0,0,0,0,0,0,0,0,5000,0,0,0,15000,10000,5000,5000
059807,大立光元富99購09,0,0,0,0,0,0,0,0,0,5000,0,0,0,15000,10000,5000,5000
059824,大立光凱基99購13,0,0,0,0,0,0,0,0,0,5000,0,0,0,5000,0,5000,5000
05907P,聯發科元富96售05,0,0,0,0,0,0,0,0,0,5000,0,0,0,5000,0,5000,5000
059998,華航元富99購02  ,0,0,0,0,0,0,0,0,0,5000,0,0,0,16000,11000,5000,5000
057861,台積電凱基98購16,0,0,0,0,0,0,0,0,0,5000,0,0,0,5000,0,5000,5000
056964,聯發科永豐98購03,0,0,0,0,0,0,0,0,0,5000,0,0,0,5000,0,5000,5000
057294,台灣50永豐99購01,0,0,0,0,0,0,0,0,0,5000,0,0,0,5000,0,5000,5000
060550,可成凱基9A購02  ,0,0,0,0,0,0,0,0,0,5000,0,0,0,7000,2000,5000,5000
060573,力成永豐9A購01  ,0,0,0,0,0,0,0,0,0,5000,0,0,0,35000,30000,5000,5000
060640,京鼎永豐9A購01  ,0,0,0,0,0,0,0,0,0,5000,0,0,0,81000,76000,5000,5000
060410,台苯永豐9A購01  ,0,0,0,0,0,0,0,0,0,5000,0,0,0,5000,0,5000,5000
060515,臺股指元大9B購12,0,0,0,0,0,0,0,0,0,5000,0,0,0,5000,0,5000,5000
060286,佳世達元大9C購01,0,0,0,0,0,0,0,0,0,5000,0,0,0,5000,0,5000,5000
057143,台郡兆豐98購01  ,0,0,0,0,0,0,0,0,0,5000,0,0,0,5000,0,5000,5000
058080,台積電群益98購06,0,0,0,0,0,0,0,0,0,5000,0,0,0,24000,19000,5000,5000
057205,元翎元富98購01  ,0,0,0,0,0,0,0,0,0,5000,0,0,0,5000,0,5000,5000
060185,聯發科元富04購01,0,0,0,0,0,0,0,0,0,5000,0,0,0,5000,0,5000,5000
05812P,臺股指國票96售05,0,0,0,0,0,0,0,0,0,5000,0,0,0,5000,0,5000,5000
058158,台積電台新99購01,0,0,0,0,0,0,0,0,0,5000,0,0,0,185000,180000,5000,5000
058040,FBVIX元大98購01 ,0,0,0,0,0,0,0,0,0,5000,0,0,0,5000,0,5000,5000
058053,上銀統一9B購01  ,0,0,0,0,0,0,0,0,0,5000,0,0,0,41000,36000,5000,5000
058016,智邦凱基98購06  ,0,0,0,0,0,0,0,0,0,5000,0,0,0,10000,5000,5000,5000
057048,新日興元大98購01,0,0,0,0,0,0,0,0,0,5000,0,0,0,105000,100000,5000,5000
057026,長榮航凱基98購01,0,0,0,0,0,0,0,0,0,5000,0,0,0,5000,0,5000,5000
059415,台灣50元大9A購03,0,0,0,0,0,0,0,0,0,5000,0,0,0,5000,0,5000,5000
059541,T50正2康和99購01,0,0,0,0,0,0,0,0,0,5000,0,0,0,15000,10000,5000,5000
059546,FBVIX群益99購03 ,0,0,0,0,0,0,0,0,0,5000,0,0,0,5000,0,5000,5000
059664,立積元大9C購01  ,0,0,0,0,0,0,0,0,0,5000,0,0,0,5000,0,5000,5000
059640,聯詠凱基99購04  ,0,0,0,0,0,0,0,0,0,5000,0,0,0,15000,10000,5000,5000
059650,緯穎凱基99購04  ,0,0,0,0,0,0,0,0,0,5000,0,0,0,10000,5000,5000,5000
059626,台積電凱基01購01,0,0,0,0,0,0,0,0,0,5000,0,0,0,5000,0,5000,5000
061550,聯鈞群益9A購03  ,0,0,0,0,0,0,0,0,0,5000,0,0,0,179000,174000,5000,5000
061599,元金反中信9C購01,0,0,0,0,0,0,0,0,0,5000,0,0,0,5000,0,5000,5000
061982,聯發科元大9B購03,0,0,0,0,0,0,0,0,0,5000,0,0,0,5000,0,5000,5000
060947,台積電統一9C購03,0,0,0,0,0,0,0,0,0,5000,0,0,0,5000,0,5000,5000
061354,瑞儀元大9A購01  ,0,0,0,0,0,0,0,0,0,5000,0,0,0,7000,2000,5000,5000
061430,致新元大9A購01  ,0,0,0,0,0,0,0,0,0,5000,0,0,0,5000,0,5000,5000
061166,玉晶光兆豐9B購01,0,0,0,0,0,0,0,0,0,5000,0,0,0,5000,0,5000,5000
061156,玉晶光群益9A購07,0,0,0,0,0,0,0,0,0,5000,0,0,0,10000,5000,5000,5000
061126,京元電永豐9A購02,0,0,0,0,0,0,0,0,0,5000,0,0,0,9000,4000,5000,5000
06110P,國巨國泰98售02  ,0,0,0,0,0,0,0,0,0,5000,0,0,0,5000,0,5000,5000
062811,鴻海兆豐9B購01  ,0,0,0,0,0,0,0,0,0,5000,0,0,0,5000,0,5000,5000
062927,同欣電國票9B購02,0,0,0,0,0,0,0,0,0,5000,0,0,0,30000,25000,5000,5000
063117,聯茂麥證9B購01  ,0,0,0,5000,0,5000,0,0,0,5000,0,0,0,5000,0,5000,5000
063407,泰鼎國票9C購01  ,0,0,0,0,0,0,0,0,0,5000,0,0,0,5000,0,5000,5000
06245P,健策元富97售03  ,0,0,0,0,0,0,0,0,0,5000,0,0,0,5000,0,5000,5000
062613,臺指反元大02購10,0,0,0,0,0,0,0,0,0,5000,0,0,0,5000,0,5000,5000
06257P,臺股指群益97售10,0,0,0,0,0,0,0,0,0,5000,0,0,0,5000,0,5000,5000
06276P,臺股指凱基97售08,0,0,0,0,0,0,0,0,0,5000,0,0,0,15000,10000,5000,5000
062716,鴻海凱基9B購06  ,0,0,0,0,0,0,0,0,0,5000,0,0,0,5000,0,5000,5000
062424,聯發科統一9C購08,0,0,0,0,0,0,0,0,0,5000,0,0,0,5000,0,5000,5000
8367,建新國際        ,4000,0,4000,0,0,0,0,0,0,1000,1000,0,1000,0,0,0,5000
8131,福懋科          ,102000,139000,-37000,0,0,0,0,0,0,42000,0,0,0,50000,8000,42000,5000
9905,大華            ,6000,1000,5000,0,0,0,0,0,0,0,0,0,0,0,0,0,5000
6477,安集            ,5000,0,5000,0,0,0,0,0,0,0,0,0,0,0,0,0,5000
6184,大豐電          ,7000,2000,5000,0,0,0,0,0,0,0,0,0,0,0,0,0,5000
2423,固緯            ,8000,3143,4857,0,0,0,0,0,0,0,0,0,0,0,0,0,4857
2008,高興昌          ,4000,0,4000,0,0,0,0,0,0,0,0,0,0,0,0,0,4000
2012,春雨            ,4000,0,4000,0,0,0,0,0,0,0,0,0,0,0,0,0,4000
08119P,南亞科統一9C售03,0,0,0,0,0,0,0,0,0,4000,0,0,0,4000,0,4000,4000
07965P,玉晶光群益01售02,0,0,0,0,0,0,0,0,0,4000,0,0,0,20000,16000,4000,4000
06547P,大立光元大98售09,0,0,0,0,0,0,0,0,0,4000,0,0,0,10000,6000,4000,4000
06542P,台光電國票98售05,0,0,0,0,0,0,0,0,0,4000,0,0,0,92000,88000,4000,4000
06861P,台積電國票99售08,0,0,0,0,0,0,0,0,0,4000,0,0,0,4000,0,4000,4000
06691P,臺股指群益9C售05,0,0,0,0,0,0,0,0,0,4000,0,0,0,6000,2000,4000,4000
06990P,康友元富99售03  ,0,0,0,0,0,0,0,0,0,4000,0,0,0,4000,0,4000,4000
063852,瀚宇博元大9C購01,0,0,0,0,0,0,0,0,0,4000,0,0,0,4000,0,4000,4000
063797,台積電凱基02購02,0,0,0,0,0,0,0,0,0,4000,0,0,0,30000,26000,4000,4000
063749,聯發科國票9C購04,0,0,0,0,0,0,0,0,0,4000,0,0,0,11000,7000,4000,4000
063533,緯穎凱基9B購06  ,0,0,0,0,0,0,0,0,0,4000,0,0,0,10000,6000,4000,4000
056124,華通國票98購02  ,0,0,0,0,0,0,0,0,0,4000,0,0,0,4000,0,4000,4000
058759,義隆群益99購01  ,0,0,0,0,0,0,0,0,0,4000,0,0,0,24000,20000,4000,4000
056449,義隆凱基98購03  ,0,0,0,0,0,0,0,0,0,4000,0,0,0,4000,0,4000,4000
055967,臻鼎元大97購01  ,0,0,0,0,0,0,0,0,0,4000,0,0,0,4000,0,4000,4000
055919,景碩凱基98購02  ,0,0,0,0,0,0,0,0,0,4000,0,0,0,10000,6000,4000,4000
054571,楠梓電元大99購01,0,0,0,0,0,0,0,0,0,4000,0,0,0,4000,0,4000,4000
054580,樺漢元大98購01  ,0,0,0,0,0,0,0,0,0,4000,0,0,0,4000,0,4000,4000
055865,臺股指元大97購02,0,0,0,0,0,0,0,0,0,4000,0,0,0,4000,0,4000,4000
055822,臺股指國票97購09,0,0,0,0,0,0,0,0,0,4000,0,0,0,5000,1000,4000,4000
052089,聯發科元大96購02,0,0,0,0,0,0,0,0,0,4000,0,0,0,4000,0,4000,4000
049593,群創元大9A購01  ,0,0,0,0,0,0,0,0,0,4000,0,0,0,4000,0,4000,4000
04980P,臺股指凱基96售08,0,0,0,0,0,0,0,0,0,4000,0,0,0,4000,0,4000,4000
050078,臺指反統一97購01,0,0,0,0,0,0,0,0,0,4000,0,0,0,4000,0,4000,4000
00735,國泰臺韓科技    ,0,1000,-1000,0,0,0,0,0,0,5000,0,0,0,195000,190000,5000,4000
03006X,元展06          ,0,0,0,0,0,0,0,0,0,4000,0,0,0,4000,0,4000,4000
051907,台積電元大97購05,0,0,0,0,0,0,0,0,0,4000,0,0,0,69000,65000,4000,4000
051424,緯穎國票97購01  ,0,0,0,0,0,0,0,0,0,4000,0,0,0,4000,0,4000,4000
051535,新日興國票96購01,0,0,0,0,0,0,0,0,0,4000,0,0,0,4000,0,4000,4000
054363,世芯凱基97購01  ,0,0,0,0,0,0,0,0,0,4000,0,0,0,16000,12000,4000,4000
054319,世紀鋼凱基96購02,0,0,0,0,0,0,0,0,0,4000,0,0,0,4000,0,4000,4000
059430,台積電元大99購36,0,0,0,0,0,0,0,0,0,4000,0,0,0,9000,5000,4000,4000
057117,開發金日盛9B購01,0,0,0,0,0,0,0,0,0,4000,0,0,0,4000,0,4000,4000
060166,佐登永豐9A購01  ,0,0,0,0,0,0,0,0,0,4000,0,0,0,4000,0,4000,4000
057195,南茂元大98購01  ,0,0,0,0,0,0,0,0,0,4000,0,0,0,255000,251000,4000,4000
060264,華新科國票9A購02,0,0,0,0,0,0,0,0,0,4000,0,0,0,4000,0,4000,4000
06050P,玉晶光國票98售01,0,0,0,0,0,0,0,0,0,4000,0,0,0,184000,180000,4000,4000
060569,台積電永豐9A購01,0,0,0,0,0,0,0,0,0,4000,0,0,0,4000,0,4000,4000
057386,聯發科永豐98購04,0,0,0,0,0,0,0,0,0,4000,0,0,0,4000,0,4000,4000
056914,臺股指元大99購09,0,0,0,0,0,0,0,0,0,4000,0,0,0,5000,1000,4000,4000
057456,道瓊銀富邦9C購01,0,0,0,0,0,0,0,0,0,4000,0,0,0,4000,0,4000,4000
059063,康控凱基99購04  ,0,0,0,0,0,0,0,0,0,4000,0,0,0,84000,80000,4000,4000
059843,華新科富邦9B購03,0,0,0,0,0,0,0,0,0,4000,0,0,0,4000,0,4000,4000
059844,大立光富邦9C購04,0,0,0,0,0,0,0,0,0,4000,0,0,0,4000,0,4000,4000
058633,台灣50兆豐99購01,0,0,0,0,0,0,0,0,0,4000,0,0,0,4000,0,4000,4000
059992,S&P正2元富9B購04,0,0,0,0,0,0,0,0,0,4000,0,0,0,5000,1000,4000,4000
06244P,智易元富97售02  ,0,0,0,0,0,0,0,0,0,4000,0,0,0,5000,1000,4000,4000
062735,和大國票9B購01  ,0,0,0,0,0,0,0,0,0,4000,0,0,0,4000,0,4000,4000
062501,台積電群益9C購03,0,0,0,0,0,0,0,0,0,4000,0,0,0,139000,135000,4000,4000
06341P,大立光統一97售08,0,0,0,0,0,0,0,0,0,4000,0,0,0,4000,0,4000,4000
063120,台光電元大9C購01,0,0,0,0,0,0,0,0,0,4000,0,0,0,60000,56000,4000,4000
061141,臻鼎統一9A購01  ,0,0,0,0,0,0,0,0,0,4000,0,0,0,4000,0,4000,4000
061392,泰鼎群益9A購02  ,0,0,0,0,0,0,0,0,0,4000,0,0,0,4000,0,4000,4000
061368,南六國票9A購01  ,0,0,0,0,0,0,0,0,0,4000,0,0,0,46000,42000,4000,4000
061302,晶技永豐9A購04  ,0,0,0,0,0,0,0,0,0,4000,0,0,0,360000,356000,4000,4000
060977,亞德客元大9A購04,0,0,0,0,0,0,0,0,0,4000,0,0,0,12000,8000,4000,4000
060840,可成國票9B購01  ,0,0,0,0,0,0,0,0,0,4000,0,0,0,6000,2000,4000,4000
061929,嘉澤凱基9B購01  ,0,0,0,0,0,0,0,0,0,4000,0,0,0,5000,1000,4000,4000
061892,亞德客永豐9B購01,0,0,0,0,0,0,0,0,0,4000,0,0,0,24000,20000,4000,4000
061521,亞光兆豐9A購02  ,0,0,0,0,0,0,0,0,0,4000,0,0,0,22000,18000,4000,4000
061522,元黃金凱基01購01,0,0,0,0,0,0,0,0,0,4000,0,0,0,4000,0,4000,4000
061453,台達電凱基9B購01,0,0,0,0,0,0,0,0,0,4000,0,0,0,10000,6000,4000,4000
061635,台積電元大9A購34,0,0,0,0,0,0,0,0,0,4000,0,0,0,5000,1000,4000,4000
4144,康聯-KY         ,12000,8000,4000,0,0,0,0,0,0,0,0,0,0,0,0,0,4000
4141,龍燈-KY         ,26000,22000,4000,0,0,0,0,0,0,0,0,0,0,0,0,0,4000
4942,嘉彰            ,84000,80000,4000,0,0,0,0,0,0,0,0,0,0,0,0,0,4000
9918,欣天然          ,4000,0,4000,0,0,0,0,0,0,0,0,0,0,0,0,0,4000
063594,上銀中信9C購01  ,0,0,0,0,0,0,0,0,0,3000,0,0,0,13000,10000,3000,3000
063907,華通凱基9C購03  ,0,0,0,0,0,0,0,0,0,3000,0,0,0,6000,3000,3000,3000
064013,創意國票01購01  ,0,0,0,0,0,0,0,0,0,3000,0,0,0,3000,0,3000,3000
07021P,台積電富邦9C售02,0,0,0,0,0,0,0,0,0,3000,0,0,0,9000,6000,3000,3000
06932P,大立光元大98售21,0,0,0,0,0,0,0,0,0,3000,0,0,0,10000,7000,3000,3000
06670P,鴻海群益98售06  ,0,0,0,0,0,0,0,0,0,3000,0,0,0,3000,0,3000,3000
06687P,A50正2中信9A售01,0,0,0,0,0,0,0,0,0,3000,0,0,0,3000,0,3000,3000
07895P,美律元大9B售01  ,0,0,0,0,0,0,0,0,0,3000,0,0,0,3000,0,3000,3000
07878P,智邦群益9C售01  ,0,0,0,0,0,0,0,0,0,3000,0,0,0,3000,0,3000,3000
07665P,台灣50元大9C售31,0,0,0,0,0,0,0,0,0,3000,0,0,0,3000,0,3000,3000
08040P,臺股指群益9B售13,0,0,0,0,0,0,0,0,0,3000,0,0,0,3000,0,3000,3000
2024,志聯            ,5000,2000,3000,0,0,0,0,0,0,0,0,0,0,0,0,0,3000
2440,太空梭          ,3000,0,3000,0,0,0,0,0,0,0,0,0,0,0,0,0,3000
2397,友通            ,6000,3000,3000,0,0,0,0,0,0,0,0,0,0,0,0,0,3000
1521,大億            ,4000,1000,3000,0,0,0,0,0,0,0,0,0,0,0,0,0,3000
1558,伸興            ,8000,5000,3000,0,0,0,0,0,0,0,0,0,0,0,0,0,3000
1614,三洋電          ,4000,1000,3000,0,0,0,0,0,0,0,0,0,0,0,0,0,3000
2465,麗臺            ,3000,0,3000,0,0,0,0,0,0,0,0,0,0,0,0,0,3000
2597,潤弘            ,7000,10000,-3000,0,0,0,0,0,0,6000,6000,0,6000,0,0,0,3000
3054,立萬利          ,3000,0,3000,0,0,0,0,0,0,0,0,0,0,0,0,0,3000
3167,大量            ,3000,0,3000,0,0,0,0,0,0,0,0,0,0,0,0,0,3000
3027,盛達            ,4000,2000,2000,0,0,0,0,0,0,1000,1000,0,1000,0,0,0,3000
3494,誠研            ,3000,0,3000,0,0,0,0,0,0,0,0,0,0,0,0,0,3000
052766,玉晶光群益9A購01,0,0,0,0,0,0,0,0,0,3000,0,0,0,3000,0,3000,3000
053540,健策永豐96購01  ,0,0,0,0,0,0,0,0,0,3000,0,0,0,3000,0,3000,3000
053313,世紀鋼凱基96購01,0,0,0,0,0,0,0,0,0,3000,0,0,0,3000,0,3000,3000
053406,國巨兆豐96購02  ,0,0,0,0,0,0,0,0,0,3000,0,0,0,3000,0,3000,3000
052839,上海銀國泰97購01,0,0,0,0,0,0,0,0,0,3000,0,0,0,3000,0,3000,3000
056624,景碩永豐98購01  ,0,0,0,0,0,0,0,0,0,3000,0,0,0,12000,9000,3000,3000
056700,華新科國泰99購03,0,0,0,0,0,0,0,0,0,3000,0,0,0,6000,3000,3000,3000
051562,玉晶光國泰97購05,0,0,0,0,0,0,0,0,0,3000,0,0,0,10000,7000,3000,3000
03012X,元展12          ,0,0,0,0,0,0,0,0,0,3000,0,0,0,5000,2000,3000,3000
050754,元金2X元富9B購01,0,0,0,0,0,0,0,0,0,3000,0,0,0,3000,0,3000,3000
056014,上銀群益97購02  ,0,0,0,0,0,0,0,0,0,3000,0,0,0,3000,0,3000,3000
055730,建準元富97購02  ,0,0,0,0,0,0,0,0,0,3000,0,0,0,83000,80000,3000,3000
055812,台積電國票99購02,0,0,0,0,0,0,0,0,0,3000,0,0,0,3000,0,3000,3000
056412,上証2X中信9A購02,0,0,0,0,0,0,0,0,0,3000,0,0,0,5000,2000,3000,3000
059149,臺股指國票99購12,0,0,0,0,0,0,0,0,0,3000,0,0,0,3000,0,3000,3000
059007,南電元大99購05  ,0,0,0,0,0,0,0,0,0,3000,0,0,0,47000,44000,3000,3000
058932,FBVIX台新99購01 ,0,0,0,0,0,0,0,0,0,3000,0,0,0,3000,0,3000,3000
058912,祥碩元大99購01  ,0,0,0,0,0,0,0,0,0,3000,0,0,0,3000,0,3000,3000
056079,世紀鋼元大97購02,0,0,0,0,0,0,0,0,0,3000,0,0,0,3000,0,3000,3000
054789,高鐵群益98購01  ,0,0,0,0,0,0,0,0,0,3000,0,0,0,164000,161000,3000,3000
054755,世紀鋼凱基98購01,0,0,0,0,0,0,0,0,0,3000,0,0,0,40000,37000,3000,3000
054891,聯鈞統一99購02  ,0,0,0,0,0,0,0,0,0,3000,0,0,0,3000,0,3000,3000
059238,台積電凱基99購11,0,0,0,0,0,0,0,0,0,3000,0,0,0,9000,6000,3000,3000
05920P,力成元大96售04  ,0,0,0,0,0,0,0,0,0,3000,0,0,0,3000,0,3000,3000
058710,臺股指元大9A購23,0,0,0,0,0,0,0,0,0,3000,0,0,0,3000,0,3000,3000
058719,智邦元富99購01  ,0,0,0,0,0,0,0,0,0,3000,0,0,0,3000,0,3000,3000
058732,矽格永豐99購01  ,0,0,0,0,0,0,0,0,0,3000,0,0,0,170000,167000,3000,3000
057796,鴻海兆豐99購03  ,0,0,0,0,0,0,0,0,0,3000,0,0,0,94000,91000,3000,3000
059859,國巨群益9A購03  ,0,0,0,0,0,0,0,0,0,3000,0,0,0,3000,0,3000,3000
059069,臺指反元大9C購01,0,0,0,0,0,0,0,0,0,3000,0,0,0,133000,130000,3000,3000
057471,昇陽半永豐98購02,0,0,0,0,0,0,0,0,0,3000,0,0,0,3000,0,3000,3000
057585,鴻海國票99購05  ,0,0,0,0,0,0,0,0,0,3000,0,0,0,29000,26000,3000,3000
057566,欣興富邦99購01  ,0,0,0,0,0,0,0,0,0,3000,0,0,0,3000,0,3000,3000
059323,新日興元大99購02,0,0,0,0,0,0,0,0,0,3000,0,0,0,3000,0,3000,3000
057843,晶技永豐98購02  ,0,0,0,0,0,0,0,0,0,3000,0,0,0,13000,10000,3000,3000
060530,聯發科中信9C購03,0,0,0,0,0,0,0,0,0,3000,0,0,0,3000,0,3000,3000
060585,玉晶光元富9A購02,0,0,0,0,0,0,0,0,0,3000,0,0,0,9000,6000,3000,3000
060611,同欣電凱基9A購02,0,0,0,0,0,0,0,0,0,3000,0,0,0,33000,30000,3000,3000
060663,聯發科凱基9A購13,0,0,0,0,0,0,0,0,0,3000,0,0,0,3000,0,3000,3000
060398,立積國票9B購01  ,0,0,0,0,0,0,0,0,0,3000,0,0,0,3000,0,3000,3000
060388,世紀鋼凱基9B購01,0,0,0,0,0,0,0,0,0,3000,0,0,0,70000,67000,3000,3000
060304,大立光富邦9C購05,0,0,0,0,0,0,0,0,0,3000,0,0,0,3000,0,3000,3000
058103,台積電永豐98購06,0,0,0,0,0,0,0,0,0,3000,0,0,0,3000,0,3000,3000
05820P,臺股指凱基96售17,0,0,0,0,0,0,0,0,0,3000,0,0,0,3000,0,3000,3000
058547,世紀鋼富邦9A購01,0,0,0,0,0,0,0,0,0,3000,0,0,0,3000,0,3000,3000
059536,新光金凱基99購05,0,0,0,0,0,0,0,0,0,3000,0,0,0,75000,72000,3000,3000
059648,台表科凱基99購03,0,0,0,0,0,0,0,0,0,3000,0,0,0,3000,0,3000,3000
058370,聯詠凱基99購01  ,0,0,0,0,0,0,0,0,0,3000,0,0,0,23000,20000,3000,3000
061458,臻鼎凱基9A購02  ,0,0,0,0,0,0,0,0,0,3000,0,0,0,3000,0,3000,3000
061546,大立光群益9A購05,0,0,0,0,0,0,0,0,0,3000,0,0,0,3000,0,3000,3000
062009,聯發科國泰01購01,0,0,0,0,0,0,0,0,0,3000,0,0,0,6000,3000,3000,3000
061078,台積電兆豐9A購01,0,0,0,0,0,0,0,0,0,3000,0,0,0,3000,0,3000,3000
061338,台積電元大9A購28,0,0,0,0,0,0,0,0,0,3000,0,0,0,3000,0,3000,3000
061365,國巨國票9B購05  ,0,0,0,0,0,0,0,0,0,3000,0,0,0,26000,23000,3000,3000
061246,玉晶光群益9A購08,0,0,0,0,0,0,0,0,0,3000,0,0,0,5000,2000,3000,3000
062992,聯發科群益9B購09,0,0,0,0,0,0,0,0,0,3000,0,0,0,6000,3000,3000,3000
063041,貿聯凱基9B購01  ,0,0,0,0,0,0,0,0,0,3000,0,0,0,6000,3000,3000,3000
063397,廣達群益9B購02  ,0,0,0,0,0,0,0,0,0,3000,0,0,0,79000,76000,3000,3000
063174,臺股指中信01購04,0,0,0,0,0,0,0,0,0,3000,0,0,0,3000,0,3000,3000
06256P,臺股指群益97售09,0,0,0,0,0,0,0,0,0,3000,0,0,0,3000,0,3000,3000
062669,微星中信03購01  ,0,0,0,0,0,0,0,0,0,3000,0,0,0,170000,167000,3000,3000
062325,鴻海統一9B購05  ,0,0,0,0,0,0,0,0,0,3000,0,0,0,4000,1000,3000,3000
062229,南六統一9B購01  ,0,0,0,0,0,0,0,0,0,3000,0,0,0,23000,20000,3000,3000
8481,政伸            ,3000,0,3000,0,0,0,0,0,0,0,0,0,0,0,0,0,3000
6243,迅杰            ,3000,0,3000,0,0,0,0,0,0,0,0,0,0,0,0,0,3000
6579,研揚            ,3000,0,3000,0,0,0,0,0,0,0,0,0,0,0,0,0,3000
3383,新世紀          ,2000,0,2000,0,0,0,0,0,0,0,0,0,0,0,0,0,2000
3032,偉訓            ,7000,5000,2000,0,0,0,0,0,0,0,0,0,0,0,0,0,2000
2613,中櫃            ,2000,0,2000,0,0,0,0,0,0,0,0,0,0,0,0,0,2000
1617,榮星            ,2000,0,2000,0,0,0,0,0,0,0,0,0,0,0,0,0,2000
1456,怡華            ,2000,0,2000,0,0,0,0,0,0,0,0,0,0,0,0,0,2000
2424,隴華            ,2000,0,2000,0,0,0,0,0,0,0,0,0,0,0,0,0,2000
2427,三商電          ,2000,0,2000,0,0,0,0,0,0,0,0,0,0,0,0,0,2000
1101B,台泥乙特        ,0,0,0,0,0,0,0,0,0,2000,2000,0,2000,0,0,0,2000
08270P,鴻海富邦9C售02  ,0,0,0,0,0,0,0,0,0,2000,0,0,0,27000,25000,2000,2000
07714P,世紀鋼元大9A售03,0,0,0,0,0,0,0,0,0,2000,0,0,0,102000,100000,2000,2000
07533P,臺股指中信9C售04,0,0,0,0,0,0,0,0,0,2000,0,0,0,2000,0,2000,2000
07917P,可成永豐9B售01  ,0,0,0,0,0,0,0,0,0,2000,0,0,0,20000,18000,2000,2000
06767P,台積電永昌99售03,0,0,0,0,0,0,0,0,0,2000,0,0,0,7000,5000,2000,2000
06598P,奇力新永豐98售02,0,0,0,0,0,0,0,0,0,2000,0,0,0,12000,10000,2000,2000
06525P,上証2X國泰99售01,0,0,0,0,0,0,0,0,0,2000,0,0,0,2000,0,2000,2000
06486P,麗豐元大98售02  ,0,0,0,0,0,0,0,0,0,2000,0,0,0,288000,286000,2000,2000
06450P,聯發科元大98售03,0,0,0,0,0,0,0,0,0,2000,0,0,0,2000,0,2000,2000
06897P,FBVIX群益01售01 ,0,0,0,0,0,0,0,0,0,2000,0,0,0,2000,0,2000,2000
063928,可成統一01購02  ,0,0,0,0,0,0,0,0,0,2000,0,0,0,40000,38000,2000,2000
063912,信邦凱基01購01  ,0,0,0,0,0,0,0,0,0,2000,0,0,0,12000,10000,2000,2000
063822,聯發科麥證01購01,0,0,0,2000,0,2000,0,0,0,2000,0,0,0,2000,0,2000,2000
063757,鴻海統一9C購16  ,0,0,0,0,0,0,0,0,0,2000,0,0,0,4000,2000,2000,2000
06369P,台積電凱基97售16,0,0,0,0,0,0,0,0,0,2000,0,0,0,2000,0,2000,2000
055002,群創元富99購04  ,0,0,0,0,0,0,0,0,0,2000,0,0,0,2000,0,2000,2000
055154,聯發科元大98購01,0,0,0,0,0,0,0,0,0,2000,0,0,0,2000,0,2000,2000
055112,晶豪科凱基98購01,0,0,0,0,0,0,0,0,0,2000,0,0,0,2000,0,2000,2000
055387,世紀鋼元大97購01,0,0,0,0,0,0,0,0,0,2000,0,0,0,2000,0,2000,2000
054840,T50反1兆豐98購01,0,0,0,0,0,0,0,0,0,2000,0,0,0,2000,0,2000,2000
05898P,旺宏凱基96售06  ,0,0,0,0,0,0,0,0,0,2000,0,0,0,2000,0,2000,2000
059118,晶技永豐9A購01  ,0,0,0,0,0,0,0,0,0,2000,0,0,0,14000,12000,2000,2000
059143,國巨國票9A購04  ,0,0,0,0,0,0,0,0,0,2000,0,0,0,56000,54000,2000,2000
056322,臺股指群益98購01,0,0,0,0,0,0,0,0,0,2000,0,0,0,2000,0,2000,2000
056291,聯茂永豐97購03  ,0,0,0,0,0,0,0,0,0,2000,0,0,0,22000,20000,2000,2000
055794,聯發科國泰99購01,0,0,0,0,0,0,0,0,0,2000,0,0,0,2000,0,2000,2000
055679,華通凱基99購01  ,0,0,0,0,0,0,0,0,0,2000,0,0,0,2000,0,2000,2000
047483,新光金凱基99購04,0,0,0,0,0,0,0,0,0,2000,0,0,0,2000,0,2000,2000
04831P,聯詠富邦96售01  ,0,0,0,0,0,0,0,0,0,2000,0,0,0,2000,0,2000,2000
052120,友達國票96購01  ,0,0,0,0,0,0,0,0,0,2000,0,0,0,2000,0,2000,2000
054129,技嘉元大96購02  ,0,0,0,0,0,0,0,0,0,2000,0,0,0,2000,0,2000,2000
0052,富邦科技        ,0,0,0,0,0,0,0,0,0,2000,0,0,0,126000,124000,2000,2000
0057,富邦摩台        ,0,0,0,0,0,0,0,0,0,2000,0,0,0,23000,21000,2000,2000
020011,統一微波高息20N ,0,0,0,0,0,0,0,0,0,2000,0,0,0,2000,0,2000,2000
006204,永豐臺灣加權    ,0,0,0,0,0,0,0,0,0,2000,0,0,0,25000,23000,2000,2000
00709,富邦歐洲        ,0,0,0,0,0,0,0,0,0,2000,0,0,0,103000,101000,2000,2000
051463,世芯國泰97購02  ,0,0,0,0,0,0,0,0,0,2000,0,0,0,2000,0,2000,2000
051911,大立光元大98購02,0,0,0,0,0,0,0,0,0,2000,0,0,0,2000,0,2000,2000
03019X,元展19          ,0,0,0,0,0,0,0,0,0,2000,0,0,0,2000,0,2000,2000
03677C,臺股指元大05牛02,0,0,0,0,0,0,0,0,0,2000,0,0,0,2000,0,2000,2000
03681C,台灣50凱基02牛02,0,0,0,0,0,0,0,0,0,2000,0,0,0,14000,12000,2000,2000
056701,國產國泰9A購01  ,0,0,0,0,0,0,0,0,0,2000,0,0,0,2000,0,2000,2000
053827,漢唐麥證9A購01  ,0,0,0,2000,0,2000,0,0,0,2000,0,0,0,2000,0,2000,2000
052748,群創元大9A購02  ,0,0,0,0,0,0,0,0,0,2000,0,0,0,2000,0,2000,2000
052594,友訊群益98購01  ,0,0,0,0,0,0,0,0,0,2000,0,0,0,2000,0,2000,2000
054307,高鐵凱基98購01  ,0,0,0,0,0,0,0,0,0,2000,0,0,0,2000,0,2000,2000
054259,健策元大97購03  ,0,0,0,0,0,0,0,0,0,2000,0,0,0,2000,0,2000,2000
054381,世芯群益98購01  ,0,0,0,0,0,0,0,0,0,2000,0,0,0,2000,0,2000,2000
058426,旺宏元富99購02  ,0,0,0,0,0,0,0,0,0,2000,0,0,0,2000,0,2000,2000
058244,神達元大99購02  ,0,0,0,0,0,0,0,0,0,2000,0,0,0,10000,8000,2000,2000
059659,旺宏元大9A購03  ,0,0,0,0,0,0,0,0,0,2000,0,0,0,2000,0,2000,2000
059435,大立光元大99購17,0,0,0,0,0,0,0,0,0,2000,0,0,0,2000,0,2000,2000
057063,立積國泰9A購01  ,0,0,0,0,0,0,0,0,0,2000,0,0,0,2000,0,2000,2000
057071,華擎永豐98購02  ,0,0,0,0,0,0,0,0,0,2000,0,0,0,59000,57000,2000,2000
057191,祥碩元大98購05  ,0,0,0,0,0,0,0,0,0,2000,0,0,0,2000,0,2000,2000
058741,欣興日盛99購01  ,0,0,0,0,0,0,0,0,0,2000,0,0,0,2000,0,2000,2000
060287,燿華元大9A購01  ,0,0,0,0,0,0,0,0,0,2000,0,0,0,139000,137000,2000,2000
060220,華新科凱基9A購08,0,0,0,0,0,0,0,0,0,2000,0,0,0,12000,10000,2000,2000
060429,南六永豐9A購01  ,0,0,0,0,0,0,0,0,0,2000,0,0,0,2000,0,2000,2000
060594,國巨麥證9A購01  ,0,0,0,7000,5000,2000,0,0,0,2000,0,0,0,7000,5000,2000,2000
060582,玉晶光群益9C購01,0,0,0,0,0,0,0,0,0,2000,0,0,0,35000,33000,2000,2000
057908,國泰金亞東99購01,0,0,0,0,0,0,0,0,0,2000,0,0,0,2000,0,2000,2000
057900,南亞科永豐98購01,0,0,0,0,0,0,0,0,0,2000,0,0,0,44000,42000,2000,2000
057323,智邦群益98購01  ,0,0,0,0,0,0,0,0,0,2000,0,0,0,2000,0,2000,2000
060011,臺股指群益9C購06,0,0,0,0,0,0,0,0,0,2000,0,0,0,2000,0,2000,2000
060074,台積電元富99購04,0,0,0,0,0,0,0,0,0,2000,0,0,0,10000,8000,2000,2000
060063,可成兆豐9B購01  ,0,0,0,0,0,0,0,0,0,2000,0,0,0,9000,7000,2000,2000
057264,新光金兆豐98購01,0,0,0,0,0,0,0,0,0,2000,0,0,0,2000,0,2000,2000
059178,臺股指凱基99購30,0,0,0,0,0,0,0,0,0,2000,0,0,0,2000,0,2000,2000
057475,聯電元大9A購01  ,0,0,0,0,0,0,0,0,0,2000,0,0,0,441000,439000,2000,2000
059052,為升凱基99購01  ,0,0,0,0,0,0,0,0,0,2000,0,0,0,2000,0,2000,2000
059190,欣興富邦9A購01  ,0,0,0,0,0,0,0,0,0,2000,0,0,0,3000,1000,2000,2000
057618,台光電凱基99購01,0,0,0,0,0,0,0,0,0,2000,0,0,0,2000,0,2000,2000
058574,台積電群益99購03,0,0,0,0,0,0,0,0,0,2000,0,0,0,12000,10000,2000,2000
059204,台灣50元大01購02,0,0,0,0,0,0,0,0,0,2000,0,0,0,2000,0,2000,2000
059240,台積電凱基9A購09,0,0,0,0,0,0,0,0,0,2000,0,0,0,8000,6000,2000,2000
057714,聯發科統一98購05,0,0,0,0,0,0,0,0,0,2000,0,0,0,2000,0,2000,2000
062366,義隆元大9B購04  ,0,0,0,0,0,0,0,0,0,2000,0,0,0,17000,15000,2000,2000
062432,上銀元大9B購04  ,0,0,0,0,0,0,0,0,0,2000,0,0,0,40000,38000,2000,2000
062760,漢唐凱基9B購01  ,0,0,0,0,0,0,0,0,0,2000,0,0,0,22000,20000,2000,2000
062558,義隆凱基9B購02  ,0,0,0,0,0,0,0,0,0,2000,0,0,0,3000,1000,2000,2000
063301,鴻海凱基9B購08  ,0,0,0,0,0,0,0,0,0,2000,0,0,0,4000,2000,2000,2000
062847,臺股指富邦9B購01,0,0,0,0,0,0,0,0,0,2000,0,0,0,2000,0,2000,2000
061215,健策元大9A購06  ,0,0,0,0,0,0,0,0,0,2000,0,0,0,62000,60000,2000,2000
061319,聯發科凱基9A購16,0,0,0,0,0,0,0,0,0,2000,0,0,0,2000,0,2000,2000
061289,玉晶光統一01購03,0,0,0,0,0,0,0,0,0,2000,0,0,0,2000,0,2000,2000
061274,臺股指凱基9A購24,0,0,0,0,0,0,0,0,0,2000,0,0,0,2000,0,2000,2000
060995,泰鼎元大9A購03  ,0,0,0,0,0,0,0,0,0,2000,0,0,0,20000,18000,2000,2000
06098P,T50反1日盛97售02,0,0,0,0,0,0,0,0,0,2000,0,0,0,2000,0,2000,2000
060917,台表科國泰9B購01,0,0,0,0,0,0,0,0,0,2000,0,0,0,2000,0,2000,2000
060836,上銀國票9A購03  ,0,0,0,0,0,0,0,0,0,2000,0,0,0,2000,0,2000,2000
060715,日電貿永豐9A購01,0,0,0,0,0,0,0,0,0,2000,0,0,0,168000,166000,2000,2000
062080,奇力新元大9B購02,0,0,0,0,0,0,0,0,0,2000,0,0,0,52000,50000,2000,2000
061615,鴻海群益9A購06  ,0,0,0,0,0,0,0,0,0,2000,0,0,0,10000,8000,2000,2000
061641,玉晶光元大9A購17,0,0,0,0,0,0,0,0,0,2000,0,0,0,2000,0,2000,2000
061705,健策國票9A購06  ,0,0,0,0,0,0,0,0,0,2000,0,0,0,2000,0,2000,2000
6666,羅麗芬-KY       ,2000,0,2000,0,0,0,0,0,0,0,0,0,0,0,0,0,2000
6235,華孚            ,25000,23000,2000,0,0,0,0,0,0,0,0,0,0,0,0,0,2000
8482,商億-KY         ,2000,0,2000,0,0,0,0,0,0,0,0,0,0,0,0,0,2000
8478,東哥遊艇        ,4000,2000,2000,0,0,0,0,0,0,0,0,0,0,0,0,0,2000
8411,福貞-KY         ,3000,0,3000,0,0,0,0,0,0,-1000,0,1000,-1000,0,0,0,2000
9919,康那香          ,39000,56000,-17000,0,0,0,0,20000,-20000,39000,0,1000,-1000,40000,0,40000,2000
912000,晨訊科-DR       ,2000,0,2000,0,0,0,0,0,0,0,0,0,0,0,0,0,2000
9902,台火            ,3000,1000,2000,0,0,0,0,0,0,0,0,0,0,0,0,0,2000
4755,三福化          ,2000,0,2000,0,0,0,0,0,0,0,0,0,0,0,0,0,2000
4581,光隆精密-KY     ,2000,0,2000,0,0,0,0,0,0,0,0,0,0,0,0,0,2000
008201,BP上證50        ,0,0,0,0,0,0,0,0,0,1100,0,0,0,1100,0,1100,1100
2029,盛餘            ,41000,34916,6084,0,0,0,0,0,0,-5000,0,5000,-5000,0,0,0,1084
2033,佳大            ,1000,0,1000,0,0,0,0,0,0,0,0,0,0,0,0,0,1000
2443,億麗            ,3000,2000,1000,0,0,0,0,0,0,0,0,0,0,0,0,0,1000
1454,台富            ,1000,0,1000,0,0,0,0,0,0,0,0,0,0,0,0,0,1000
1432,大魯閣          ,1000,0,1000,0,0,0,0,0,0,0,0,0,0,0,0,0,1000
1436,華友聯          ,1000,0,1000,0,0,0,0,0,0,0,0,0,0,0,0,0,1000
1526,日馳            ,68000,67000,1000,0,0,0,0,0,0,0,0,0,0,0,0,0,1000
1470,大統新創        ,1000,0,1000,0,0,0,0,0,0,0,0,0,0,0,0,0,1000
1616,億泰            ,1000,0,1000,0,0,0,0,0,0,0,0,0,0,0,0,0,1000
1587,吉茂            ,1000,0,1000,0,0,0,0,0,0,0,0,0,0,0,0,0,1000
1725,元禎            ,1000,0,1000,0,0,0,0,0,0,0,0,0,0,0,0,0,1000
2491,吉祥全          ,2000,1000,1000,0,0,0,0,0,0,0,0,0,0,0,0,0,1000
2910,統領            ,1000,0,1000,0,0,0,0,0,0,0,0,0,0,0,0,0,1000
2891B,中信金乙特      ,0,0,0,0,0,0,0,0,0,1000,1000,0,1000,0,0,0,1000
2881B,富邦金乙特      ,0,0,0,0,0,0,0,0,0,1000,1000,0,1000,0,0,0,1000
3025,星通            ,3000,3000,0,0,0,0,0,0,0,1000,1000,0,1000,0,0,0,1000
3432,台端            ,1000,0,1000,0,0,0,0,0,0,0,0,0,0,0,0,0,1000
3588,通嘉            ,82000,81000,1000,0,0,0,0,0,0,0,0,0,0,0,0,0,1000
3591,艾笛森          ,1000,0,1000,0,0,0,0,0,0,0,0,0,0,0,0,0,1000
3701,大眾控          ,3000,2000,1000,0,0,0,0,0,0,0,0,0,0,0,0,0,1000
07946P,華通統一9B售02  ,0,0,0,0,0,0,0,0,0,1000,0,0,0,21000,20000,1000,1000
07808P,超眾永豐9A售04  ,0,0,0,0,0,0,0,0,0,1000,0,0,0,1000,0,1000,1000
07537P,玉晶光元富9A售04,0,0,0,0,0,0,0,0,0,1000,0,0,0,11000,10000,1000,1000
063748,台積電國票9C購05,0,0,0,0,0,0,0,0,0,1000,0,0,0,34000,33000,1000,1000
063915,祥碩凱基01購01  ,0,0,0,0,0,0,0,0,0,1000,0,0,0,1000,0,1000,1000
06977P,臺股指元大9A售15,0,0,0,0,0,0,0,0,0,1000,0,0,0,1000,0,1000,1000
07117P,SGBR2X凱基9C售01,0,0,0,0,0,0,0,0,0,1000,0,0,0,1000,0,1000,1000
07238P,台灣50國票99售07,0,0,0,0,0,0,0,0,0,1000,0,0,0,4000,3000,1000,1000
07180P,臺股指凱基99售22,0,0,0,0,0,0,0,0,0,1000,0,0,0,1000,0,1000,1000
07430P,臺股指國票9A售02,0,0,0,0,0,0,0,0,0,1000,0,0,0,1000,0,1000,1000
07432P,臺股指國票9A售04,0,0,0,0,0,0,0,0,0,1000,0,0,0,1000,0,1000,1000
07335P,臺股指國票99售20,0,0,0,0,0,0,0,0,0,1000,0,0,0,1000,0,1000,1000
06438P,玉晶光國票99售02,0,0,0,0,0,0,0,0,0,1000,0,0,0,45000,44000,1000,1000
06825P,臺股指國票98售01,0,0,0,0,0,0,0,0,0,1000,0,0,0,5000,4000,1000,1000
06827P,臺股指國票98售03,0,0,0,0,0,0,0,0,0,1000,0,0,0,1000,0,1000,1000
06715P,台積電元大99售04,0,0,0,0,0,0,0,0,0,1000,0,0,0,1000,0,1000,1000
00865B,國泰US短期公債  ,0,0,0,0,0,0,0,0,0,1000,0,0,0,101000,100000,1000,1000
00707R,元大S&P日圓反1  ,0,0,0,0,0,0,0,0,0,1000,0,0,0,1000,0,1000,1000
00702,國泰標普低波高息,0,2000,-2000,0,0,0,0,0,0,3000,0,0,0,6000,3000,3000,1000
00689R,國泰20年美債反1 ,48000,0,48000,0,0,0,0,0,0,-47000,0,0,0,100000,147000,-47000,1000
03010X,元展10          ,0,0,0,0,0,0,0,0,0,1000,0,0,0,1000,0,1000,1000
050895,聯發科元大97購01,0,0,0,0,0,0,0,0,0,1000,0,0,0,1000,0,1000,1000
039212,台達電台新9A購01,0,0,0,0,0,0,0,0,0,1000,0,0,0,11000,10000,1000,1000
051576,台積電元大97購02,0,0,0,0,0,0,0,0,0,1000,0,0,0,228000,227000,1000,1000
054154,智易國泰97購01  ,0,0,0,0,0,0,0,0,0,1000,0,0,0,1000,0,1000,1000
052375,奇力新元大96購02,0,0,0,0,0,0,0,0,0,1000,0,0,0,1000,0,1000,1000
048186,元黃金元大96購01,0,0,0,0,0,0,0,0,0,1000,0,0,0,1000,0,1000,1000
047689,瑞昱富邦97購01  ,0,0,0,0,0,0,0,0,0,1000,0,0,0,1000,0,1000,1000
046159,群創群益98購04  ,0,0,0,0,0,0,0,0,0,1000,0,0,0,1000,0,1000,1000
043513,台灣50元大96購05,0,0,0,0,0,0,0,0,0,1000,0,0,0,1000,0,1000,1000
04514P,元石油中信97售01,0,0,0,0,0,0,0,0,0,1000,0,0,0,1000,0,1000,1000
049591,開發金元大98購01,0,0,0,0,0,0,0,0,0,1000,0,0,0,1000,0,1000,1000
048747,華通元富97購01  ,0,0,0,0,0,0,0,0,0,1000,0,0,0,1000,0,1000,1000
052476,台光電群益98購01,0,0,0,0,0,0,0,0,0,1000,0,0,0,1000,0,1000,1000
054256,創意元大96購07  ,0,0,0,0,0,0,0,0,0,1000,0,0,0,1000,0,1000,1000
053382,友達元大9C購02  ,0,0,0,0,0,0,0,0,0,1000,0,0,0,1000,0,1000,1000
053167,欣興群益96購03  ,0,0,0,0,0,0,0,0,0,1000,0,0,0,1000,0,1000,1000
053530,聯發科康和96購01,0,0,0,0,0,0,0,0,0,1000,0,0,0,1000,0,1000,1000
053585,友達元大9C購03  ,0,0,0,0,0,0,0,0,0,1000,0,0,0,1000,0,1000,1000
053621,臺股指群益96購07,0,0,0,0,0,0,0,0,0,1000,0,0,0,1000,0,1000,1000
05546P,全新元大97售01  ,0,0,0,0,0,0,0,0,0,1000,0,0,0,1000,0,1000,1000
055563,智易凱基97購02  ,0,0,0,0,0,0,0,0,0,1000,0,0,0,1000,0,1000,1000
056612,台積電永豐98購01,0,0,0,0,0,0,0,0,0,1000,0,0,0,1000,0,1000,1000
056658,美食元大98購01  ,0,0,0,0,0,0,0,0,0,1000,0,0,0,63000,62000,1000,1000
055506,台郡元大99購02  ,0,0,0,0,0,0,0,0,0,1000,0,0,0,1000,0,1000,1000
054435,華新科台新97購02,0,0,0,0,0,0,0,0,0,1000,0,0,0,1000,0,1000,1000
054516,國巨元大97購02  ,0,0,0,0,0,0,0,0,0,1000,0,0,0,1000,0,1000,1000
055980,祥碩統一98購01  ,0,0,0,0,0,0,0,0,0,1000,0,0,0,1000,0,1000,1000
055940,致新群益98購01  ,0,0,0,0,0,0,0,0,0,1000,0,0,0,1000,0,1000,1000
054588,玉晶光國泰99購02,0,0,0,0,0,0,0,0,0,1000,0,0,0,1000,0,1000,1000
054630,聯鈞凱基98購01  ,0,0,0,0,0,0,0,0,0,1000,0,0,0,1000,0,1000,1000
056362,聯發科元大99購01,0,0,0,0,0,0,0,0,0,1000,0,0,0,1000,0,1000,1000
056536,義隆凱基98購04  ,0,0,0,0,0,0,0,0,0,1000,0,0,0,1000,0,1000,1000
05655P,南亞科統一96售01,0,0,0,0,0,0,0,0,0,1000,0,0,0,1000,0,1000,1000
059159,上銀凱基99購05  ,0,0,0,0,0,0,0,0,0,1000,0,0,0,1000,0,1000,1000
05916P,聯發科元大96售20,0,0,0,0,0,0,0,0,0,1000,0,0,0,1000,0,1000,1000
058766,力山兆豐99購01  ,0,0,0,0,0,0,0,0,0,1000,0,0,0,17000,16000,1000,1000
058971,台積電永豐99購03,0,0,0,0,0,0,0,0,0,1000,0,0,0,1000,0,1000,1000
059014,SGBR2X元富03購01,0,0,0,0,0,0,0,0,0,1000,0,0,0,1000,0,1000,1000
058956,健策國票9A購02  ,0,0,0,0,0,0,0,0,0,1000,0,0,0,19000,18000,1000,1000
054830,世芯國泰99購01  ,0,0,0,0,0,0,0,0,0,1000,0,0,0,1000,0,1000,1000
054844,華邦電兆豐98購01,0,0,0,0,0,0,0,0,0,1000,0,0,0,1000,0,1000,1000
055132,台虹康和97購01  ,0,0,0,0,0,0,0,0,0,1000,0,0,0,1000,0,1000,1000
055160,玉晶光元大99購03,0,0,0,0,0,0,0,0,0,1000,0,0,0,20000,19000,1000,1000
055202,神達群益97購01  ,0,0,0,0,0,0,0,0,0,1000,0,0,0,1000,0,1000,1000
054883,億光統一97購01  ,0,0,0,0,0,0,0,0,0,1000,0,0,0,1000,0,1000,1000
057693,臺股指凱基98購11,0,0,0,0,0,0,0,0,0,1000,0,0,0,422000,421000,1000,1000
057685,台灣50凱基9C購01,0,0,0,0,0,0,0,0,0,1000,0,0,0,1000,0,1000,1000
057832,聯發科元富02購05,0,0,0,0,0,0,0,0,0,1000,0,0,0,1000,0,1000,1000
057828,緯穎元大99購02  ,0,0,0,0,0,0,0,0,0,1000,0,0,0,1000,0,1000,1000
056844,欣興元富98購03  ,0,0,0,0,0,0,0,0,0,1000,0,0,0,4000,3000,1000,1000
058716,華新科台新99購02,0,0,0,0,0,0,0,0,0,1000,0,0,0,1000,0,1000,1000
057770,亞德客群益98購01,0,0,0,0,0,0,0,0,0,1000,0,0,0,1000,0,1000,1000
057771,鴻海群益99購01  ,0,0,0,0,0,0,0,0,0,1000,0,0,0,1000,0,1000,1000
05744P,台表科元大96售04,0,0,0,0,0,0,0,0,0,1000,0,0,0,1000,0,1000,1000
057399,滬深反群益9C購01,0,0,0,0,0,0,0,0,0,1000,0,0,0,1000,0,1000,1000
057573,京鼎永豐98購02  ,0,0,0,0,0,0,0,0,0,1000,0,0,0,13000,12000,1000,1000
057563,旭富國泰9A購01  ,0,0,0,0,0,0,0,0,0,1000,0,0,0,1000,0,1000,1000
057575,世紀鋼永豐98購02,0,0,0,0,0,0,0,0,0,1000,0,0,0,51000,50000,1000,1000
057957,嘉晶元大98購01  ,0,0,0,0,0,0,0,0,0,1000,0,0,0,19000,18000,1000,1000
05693P,滬深2X凱基98售02,0,0,0,0,0,0,0,0,0,1000,0,0,0,1000,0,1000,1000
057839,台積電富邦9A購02,0,0,0,0,0,0,0,0,0,1000,0,0,0,6000,5000,1000,1000
057380,技嘉國泰9A購01  ,0,0,0,0,0,0,0,0,0,1000,0,0,0,15000,14000,1000,1000
057384,台灣50永豐99購02,0,0,0,0,0,0,0,0,0,1000,0,0,0,1000,0,1000,1000
060575,大立光中信9B購02,0,0,0,0,0,0,0,0,0,1000,0,0,0,1000,0,1000,1000
060554,中租凱基9A購01  ,0,0,0,0,0,0,0,0,0,1000,0,0,0,1000,0,1000,1000
060474,中租元大9B購01  ,0,0,0,0,0,0,0,0,0,1000,0,0,0,31000,30000,1000,1000
060516,臺股指元大9B購13,0,0,0,0,0,0,0,0,0,1000,0,0,0,1000,0,1000,1000
060349,上証2X元富9A購04,0,0,0,0,0,0,0,0,0,1000,0,0,0,1000,0,1000,1000
060215,柏文康和9A購01  ,0,0,0,0,0,0,0,0,0,1000,0,0,0,1000,0,1000,1000
058090,聯發科元大98購16,0,0,0,0,0,0,0,0,0,1000,0,0,0,1000,0,1000,1000
058101,台積電富邦9C購01,0,0,0,0,0,0,0,0,0,1000,0,0,0,1000,0,1000,1000
05813P,臺股指國票96售06,0,0,0,0,0,0,0,0,0,1000,0,0,0,1000,0,1000,1000
057994,技嘉中信98購01  ,0,0,0,0,0,0,0,0,0,1000,0,0,0,36000,35000,1000,1000
058024,台積電國泰9A購01,0,0,0,0,0,0,0,0,0,1000,0,0,0,1000,0,1000,1000
05814P,臺股指國票96售07,0,0,0,0,0,0,0,0,0,1000,0,0,0,1000,0,1000,1000
059187,國巨富邦9B購02  ,0,0,0,0,0,0,0,0,0,1000,0,0,0,1000,0,1000,1000
057055,立積元大99購01  ,0,0,0,0,0,0,0,0,0,1000,0,0,0,70000,69000,1000,1000
057013,聯發科麥證98購01,0,0,0,1000,0,1000,0,0,0,1000,0,0,0,1000,0,1000,1000
056988,聚陽兆豐98購01  ,0,0,0,0,0,0,0,0,0,1000,0,0,0,1000,0,1000,1000
058456,京鼎永豐99購01  ,0,0,0,0,0,0,0,0,0,1000,0,0,0,61000,60000,1000,1000
059436,大立光元大99購18,0,0,0,0,0,0,0,0,0,1000,0,0,0,1000,0,1000,1000
058321,大立光永豐99購01,0,0,0,0,0,0,0,0,0,1000,0,0,0,1000,0,1000,1000
059713,滬深2X元大9C購04,0,0,0,0,0,0,0,0,0,1000,0,0,0,1000,0,1000,1000
06176P,台積電元大97售22,0,0,0,0,0,0,0,0,0,1000,0,0,0,401000,400000,1000,1000
061622,臻鼎群益9A購01  ,0,0,0,0,0,0,0,0,0,1000,0,0,0,1000,0,1000,1000
061683,台灣50群益9B購09,0,0,0,0,0,0,0,0,0,1000,0,0,0,1000,0,1000,1000
061613,南六統一9C購01  ,0,0,0,0,0,0,0,0,0,1000,0,0,0,75000,74000,1000,1000
061473,台積電元大9A購33,0,0,0,0,0,0,0,0,0,1000,0,0,0,1000,0,1000,1000
062120,國巨台新9B購01  ,0,0,0,0,0,0,0,0,0,1000,0,0,0,1000,0,1000,1000
062121,奇鋐台新9B購01  ,0,0,0,0,0,0,0,0,0,1000,0,0,0,1000,0,1000,1000
061909,台積電中信05購02,0,0,0,0,0,0,0,0,0,1000,0,0,0,2000,1000,1000,1000
061938,大立光國票9B購03,0,0,0,0,0,0,0,0,0,1000,0,0,0,1000,0,1000,1000
061832,聯發科凱基9B購06,0,0,0,0,0,0,0,0,0,1000,0,0,0,1000,0,1000,1000
061793,上銀永豐9B購01  ,0,0,0,0,0,0,0,0,0,1000,0,0,0,11000,10000,1000,1000
061843,億豐凱基9C購01  ,0,0,0,0,0,0,0,0,0,1000,0,0,0,1000,0,1000,1000
060856,健策富邦9B購02  ,0,0,0,0,0,0,0,0,0,1000,0,0,0,1000,0,1000,1000
060871,台灣50中信01購03,0,0,0,0,0,0,0,0,0,1000,0,0,0,1000,0,1000,1000
060872,高股息中信02購01,0,0,0,0,0,0,0,0,0,1000,0,0,0,1000,0,1000,1000
061316,台積電凱基9A購24,0,0,0,0,0,0,0,0,0,1000,0,0,0,2000,1000,1000,1000
061182,南六凱基9A購01  ,0,0,0,0,0,0,0,0,0,1000,0,0,0,4000,3000,1000,1000
061251,臺股指群益9A購02,0,0,0,0,0,0,0,0,0,1000,0,0,0,6000,5000,1000,1000
062890,祥碩群益9B購04  ,0,0,0,0,0,0,0,0,0,1000,0,0,0,10000,9000,1000,1000
06299P,可成元大97售04  ,0,0,0,0,0,0,0,0,0,1000,0,0,0,1000,0,1000,1000
06309P,光罩元富97售03  ,0,0,0,0,0,0,0,0,0,1000,0,0,0,1000,0,1000,1000
063316,聯發科群益9C購03,0,0,0,0,0,0,0,0,0,1000,0,0,0,1000,0,1000,1000
063332,矽格國票9B購01  ,0,0,0,0,0,0,0,0,0,1000,0,0,0,1000,0,1000,1000
063158,瑞昱台新9B購02  ,0,0,0,0,0,0,0,0,0,1000,0,0,0,7000,6000,1000,1000
06255P,臺股指群益97售08,0,0,0,0,0,0,0,0,0,1000,0,0,0,1000,0,1000,1000
062765,祥碩凱基9B購04  ,0,0,0,0,0,0,0,0,0,1000,0,0,0,22000,21000,1000,1000
062702,可成元大9C購01  ,0,0,0,0,0,0,0,0,0,1000,0,0,0,219000,218000,1000,1000
062447,華擎元大9C購01  ,0,0,0,0,0,0,0,0,0,1000,0,0,0,1000,0,1000,1000
062324,上銀統一9B購04  ,0,0,0,0,0,0,0,0,0,1000,0,0,0,1000,0,1000,1000
062301,聯詠中信05購01  ,0,0,0,0,0,0,0,0,0,1000,0,0,0,12000,11000,1000,1000
06225P,華新科元富97售04,0,0,0,0,0,0,0,0,0,1000,0,0,0,1000,0,1000,1000
4148,全宇生技-KY     ,6000,5000,1000,0,0,0,0,0,0,0,0,0,0,0,0,0,1000
4557,永新-KY         ,1000,0,1000,0,0,0,0,0,0,0,0,0,0,0,0,0,1000
6205,詮欣            ,1000,0,1000,0,0,0,0,0,0,0,0,0,0,0,0,0,1000
6117,迎廣            ,1000,0,1000,0,0,0,0,0,0,0,0,0,0,0,0,0,1000
6136,富爾特          ,20000,20000,0,0,0,0,0,0,0,1000,1000,0,1000,0,0,0,1000
5484,慧友            ,1000,0,1000,0,0,0,0,0,0,0,0,0,0,0,0,0,1000
5305,敦南            ,137000,138000,-1000,0,0,0,0,0,0,2000,2000,0,2000,0,0,0,1000
9912,偉聯            ,1000,0,1000,0,0,0,0,0,0,0,0,0,0,0,0,0,1000
8114,振樺電          ,6000,5000,1000,0,0,0,0,0,0,0,0,0,0,0,0,0,1000
8466,美吉吉-KY       ,1000,0,1000,0,0,0,0,0,0,0,0,0,0,0,0,0,1000
910861,神州-DR         ,1000,0,1000,0,0,0,0,0,0,0,0,0,0,0,0,0,1000
6216,居易            ,0,1000,-1000,0,0,0,0,0,0,2000,2000,0,2000,0,0,0,1000
00700,富邦恒生國企    ,0,0,0,0,0,0,0,0,0,667,0,0,0,100667,100000,667,667
06694P,臺股指凱基99售13,0,0,0,0,0,0,0,0,0,0,0,0,0,700000,700000,0,0
06673P,大立光群益98售01,0,0,0,0,0,0,0,0,0,0,0,0,0,10000,10000,0,0
06624P,訊芯元大98售06  ,0,0,0,0,0,0,0,0,0,0,0,0,0,18000,18000,0,0
06806P,臺股指群益98售12,0,0,0,0,0,0,0,0,0,0,0,0,0,20000,20000,0,0
06843P,鴻海元大98售11  ,0,0,0,0,0,0,0,0,0,0,0,0,0,7000,7000,0,0
06850P,聯茂元大98售06  ,0,0,0,0,0,0,0,0,0,0,0,0,0,25000,25000,0,0
06752P,訊芯凱基98售05  ,0,0,0,0,0,0,0,0,0,0,0,0,0,15000,15000,0,0
06789P,鴻海凱基98售12  ,0,0,0,0,0,0,0,0,0,0,0,0,0,3000,3000,0,0
06427P,鴻海元大97售13  ,0,0,0,0,0,0,0,0,0,0,0,0,0,16000,16000,0,0
064186,燿華永豐9C購01  ,0,0,0,0,0,0,0,0,0,0,0,0,0,37000,37000,0,0
064132,神達元大9C購02  ,0,0,0,0,0,0,0,0,0,0,0,0,0,107000,107000,0,0
064125,聯發科元大02購01,0,0,0,0,0,0,0,0,0,0,0,0,0,2000,2000,0,0
064126,聯發科元大9C購05,0,0,0,0,0,0,0,0,0,0,0,0,0,2000,2000,0,0
064127,聯發科元大9C購06,0,0,0,0,0,0,0,0,0,0,0,0,0,2000,2000,0,0
064134,瑞祺元大9C購02  ,0,0,0,0,0,0,0,0,0,0,0,0,0,26000,26000,0,0
06473P,鴻海元大99售03  ,0,0,0,0,0,0,0,0,0,0,0,0,0,41000,41000,0,0
06534P,聯發科群益98售04,0,0,0,0,0,0,0,0,0,0,0,0,0,12000,12000,0,0
06581P,南亞科凱基98售04,0,0,0,0,0,0,0,0,0,0,0,0,0,20000,20000,0,0
06585P,鴻海元大99售04  ,0,0,0,0,0,0,0,0,0,0,0,0,0,37000,37000,0,0
06566P,華通永豐98售03  ,0,0,0,0,0,0,0,0,0,0,0,0,0,20000,20000,0,0
06557P,台積電兆豐98售02,0,0,0,0,0,0,0,0,0,0,0,0,0,1597000,1597000,0,0
07140P,台灣50日盛99售01,0,0,0,0,0,0,0,0,0,0,0,0,0,100000,100000,0,0
07088P,訊芯永豐99售02  ,0,0,0,0,0,0,0,0,0,0,0,0,0,20000,20000,0,0
07090P,台灣50凱基01售01,0,0,0,0,0,0,0,0,0,0,0,0,0,1000,1000,0,0
07045P,上銀國票9A售01  ,0,0,0,0,0,0,0,0,0,0,0,0,0,9000,9000,0,0
06988P,鴻海元富99售09  ,0,0,0,0,0,0,0,0,0,0,0,0,0,3000,3000,0,0
06902P,聯電凱基98售02  ,0,0,0,0,0,0,0,0,0,0,0,0,0,20000,20000,0,0
06877P,台積電兆豐98售04,0,0,0,0,0,0,0,0,0,0,0,0,0,4000,4000,0,0
06875P,台灣50永昌9A售02,0,0,0,0,0,0,0,0,0,0,0,0,0,131000,131000,0,0
06927P,台灣50元大9B售03,0,0,0,0,0,0,0,0,0,0,0,0,0,31000,31000,0,0
06393P,台積電元大97售27,0,0,0,0,0,0,0,0,0,0,0,0,0,1000,1000,0,0
063970,大立光國票01購01,0,0,0,0,0,0,0,0,0,0,0,0,0,5000,5000,0,0
063994,台光電群益9C購01,0,0,0,0,0,0,0,0,0,0,0,0,0,2000,2000,0,0
064026,建準元大9C購02  ,0,0,0,0,0,0,0,0,0,0,0,0,0,3000,3000,0,0
064023,智邦元大9C購02  ,0,0,0,0,0,0,0,0,0,0,0,0,0,10000,10000,0,0
064040,鴻海統一9C購18  ,0,0,0,0,0,0,0,0,0,0,0,0,0,61000,61000,0,0
063791,玉晶光台新9C購01,0,0,0,0,0,0,0,0,0,0,0,0,0,10000,10000,0,0
063781,健策永豐9B購08  ,0,0,0,0,0,0,0,0,0,0,0,0,0,2000,2000,0,0
063772,智邦富邦9B購02  ,0,0,0,0,0,0,0,0,0,0,0,0,0,96000,96000,0,0
063798,台積電凱基02購03,0,0,0,0,0,0,0,0,0,0,0,0,0,10000,10000,0,0
063870,健策永豐01購01  ,0,0,0,0,0,0,0,0,0,0,0,0,0,6000,6000,0,0
063727,鴻海元大9C購05  ,0,0,0,0,0,0,0,0,0,0,0,0,0,1000,1000,0,0
063736,大立光元大9B購08,0,0,0,0,0,0,0,0,0,0,0,0,0,20000,20000,0,0
063608,力成凱基9B購03  ,0,0,0,0,0,0,0,0,0,0,0,0,0,10000,10000,0,0
063534,鴻海統一9B購07  ,0,0,0,0,0,0,0,0,0,0,0,0,0,1000,1000,0,0
063553,同欣電國票9B購03,0,0,0,0,0,0,0,0,0,0,0,0,0,9000,9000,0,0
063587,漢唐永豐9B購02  ,0,0,0,0,0,0,0,0,0,0,0,0,0,68000,68000,0,0
063445,金像電統一9B購01,0,0,0,0,0,0,0,0,0,0,0,0,0,9000,9000,0,0
063443,金像電統一01購02,0,0,0,0,0,0,0,0,0,0,0,0,0,9000,9000,0,0
07713P,台郡元大9A售03  ,0,0,0,0,0,0,0,0,0,0,0,0,0,94000,94000,0,0
07796P,聯發科國票9A售03,0,0,0,0,0,0,0,0,0,0,0,0,0,20000,20000,0,0
07828P,SP黃豆凱基01售01,0,0,0,0,0,0,0,0,0,0,0,0,0,20000,20000,0,0
07751P,世紀鋼凱基9A售02,0,201000,-201000,0,0,0,0,0,0,201000,0,0,0,201000,0,201000,0
07886P,國巨國票9B售06  ,0,0,0,0,0,0,0,0,0,0,0,0,0,5000,5000,0,0
07868P,健策元大9B售05  ,0,0,0,0,0,0,0,0,0,0,0,0,0,20000,20000,0,0
07888P,大立光國票9B售01,0,0,0,0,0,0,0,0,0,0,0,0,0,11000,11000,0,0
08275P,南亞科元富9C售01,0,0,0,0,0,0,0,0,0,0,0,0,0,40000,40000,0,0
1104,環泥            ,97000,97000,0,0,0,0,0,0,0,0,0,0,0,0,0,0,0
08309P,GIS凱基9C售01   ,0,0,0,0,0,0,0,0,0,0,0,0,0,9000,9000,0,0
08031P,臺股指元大9B售38,0,0,0,0,0,0,0,0,0,0,0,0,0,10000,10000,0,0
08070P,晶技國泰9C售02  ,0,0,0,0,0,0,0,0,0,0,0,0,0,15000,15000,0,0
07987P,大立光統一9B售13,0,0,0,0,0,0,0,0,0,0,0,0,0,10000,10000,0,0
08129P,聯發科元大9B售23,0,0,0,0,0,0,0,0,0,0,0,0,0,25000,25000,0,0
2705,六福            ,46000,46000,0,0,0,0,0,0,0,0,0,0,0,0,0,0,0
1773,勝一            ,21000,21000,0,0,0,0,0,0,0,0,0,0,0,0,0,0,0
1583,程泰            ,11000,11000,0,0,0,0,0,0,0,0,0,0,0,0,0,0,0
00672L,元大S&P原油正2  ,0,0,0,0,0,0,0,0,0,0,0,0,0,105000,105000,0,0
00732,國泰RMB短期報酬 ,2000,0,2000,0,0,0,0,0,0,-2000,0,0,0,100000,102000,-2000,0
020007,凱基臺灣500N    ,0,0,0,0,0,0,0,0,0,0,0,0,0,4777000,4777000,0,0
00775B,新光投等債15+   ,0,0,0,0,0,0,0,0,0,0,0,0,0,2000,2000,0,0
00668K,國泰美國道瓊+U  ,0,0,0,0,0,0,0,0,0,0,0,0,0,100,100,0,0
00657K,國泰日經225+U   ,0,0,0,0,0,0,0,0,0,0,0,0,0,100,100,0,0
02001L,富邦蘋果正二N   ,0,0,0,0,0,0,0,0,0,0,0,0,0,7000,7000,0,0
006203,元大MSCI台灣    ,0,0,0,0,0,0,0,0,0,0,0,0,0,1000,1000,0,0
00625K,富邦上証+R      ,0,0,0,0,0,0,0,0,0,0,0,0,0,50000,50000,0,0
00636K,國泰中國A50+U   ,0,0,0,0,0,0,0,0,0,0,0,0,0,100,100,0,0
051553,牧德永豐96購02  ,0,0,0,0,0,0,0,0,0,0,0,0,0,10000,10000,0,0
051488,健策凱基96購04  ,0,0,0,0,0,0,0,0,0,0,0,0,0,348000,348000,0,0
051830,健策元大97購01  ,0,0,0,0,0,0,0,0,0,0,0,0,0,1000,1000,0,0
051776,上証2X群益99購01,0,0,0,0,0,0,0,0,0,0,0,0,0,100000,100000,0,0
051382,玉晶光群益98購02,0,0,0,0,0,0,0,0,0,0,0,0,0,32000,32000,0,0
05135P,鴻海凱基96售07  ,0,0,0,0,0,0,0,0,0,0,0,0,0,60000,60000,0,0
03674C,臺股指元富9C牛02,0,0,0,0,0,0,0,0,0,0,0,0,0,3000,3000,0,0
050099,台積電永昌96購01,0,0,0,0,0,0,0,0,0,0,0,0,0,1800000,1800000,0,0
050100,台積電永昌96購02,0,0,0,0,0,0,0,0,0,0,0,0,0,3098000,3098000,0,0
050101,台積電永昌96購03,0,0,0,0,0,0,0,0,0,0,0,0,0,91000,91000,0,0
050344,鴻海元富96購01  ,0,0,0,0,0,0,0,0,0,0,0,0,0,6000,6000,0,0
053980,泰鼎元大97購02  ,0,0,0,0,0,0,0,0,0,0,0,0,0,70000,70000,0,0
04768P,大立光國泰96售03,0,0,0,0,0,0,0,0,0,0,0,0,0,30000,30000,0,0
04787P,台積電永昌96售04,0,0,0,0,0,0,0,0,0,0,0,0,0,797000,797000,0,0
052329,台積電亞東96購01,0,0,0,0,0,0,0,0,0,0,0,0,0,280000,280000,0,0
052385,滬深2X群益99購05,0,0,0,0,0,0,0,0,0,0,0,0,0,100000,100000,0,0
052396,台積電凱基97購01,0,0,0,0,0,0,0,0,0,0,0,0,0,179000,179000,0,0
052201,超眾統一96購01  ,0,0,0,0,0,0,0,0,0,0,0,0,0,10000,10000,0,0
052090,聯發科元大97購03,0,0,0,0,0,0,0,0,0,0,0,0,0,1000,1000,0,0
054250,漢唐元大96購04  ,0,0,0,0,0,0,0,0,0,0,0,0,0,45000,45000,0,0
05422P,大立光中信97售02,0,0,0,0,0,0,0,0,0,0,0,0,0,20000,20000,0,0
05420P,大立光國泰97售03,0,0,0,0,0,0,0,0,0,0,0,0,0,20000,20000,0,0
054212,聯詠國票97購03  ,0,0,0,0,0,0,0,0,0,0,0,0,0,70000,70000,0,0
054157,國巨亞東96購01  ,0,0,0,0,0,0,0,0,0,0,0,0,0,2000,2000,0,0
054127,台積電元大96購21,0,0,0,0,0,0,0,0,0,0,0,0,0,29000,29000,0,0
051948,滬深2X元富9B購01,0,0,0,0,0,0,0,0,0,0,0,0,0,100000,100000,0,0
051973,華新科凱基96購04,0,0,0,0,0,0,0,0,0,0,0,0,0,70000,70000,0,0
054074,健策富邦98購01  ,0,0,0,0,0,0,0,0,0,0,0,0,0,333000,333000,0,0
054055,全新國票99購02  ,0,0,0,0,0,0,0,0,0,0,0,0,0,30000,30000,0,0
055526,台積電群益97購02,0,0,0,0,0,0,0,0,0,0,0,0,0,85000,85000,0,0
055524,鴻海群益98購01  ,0,0,0,0,0,0,0,0,0,0,0,0,0,35000,35000,0,0
05665P,台積電凱基96售08,0,0,0,0,0,0,0,0,0,0,0,0,0,300000,300000,0,0
056600,聯茂元富98購01  ,0,0,0,0,0,0,0,0,0,0,0,0,0,15000,15000,0,0
055572,鴻海統一98購04  ,0,0,0,0,0,0,0,0,0,0,0,0,0,11000,11000,0,0
056682,鴻海統一98購10  ,0,0,0,0,0,0,0,0,0,0,0,0,0,1000,1000,0,0
055455,健策國泰98購02  ,0,0,0,0,0,0,0,0,0,0,0,0,0,485000,485000,0,0
055498,大立光元大97購07,0,0,0,0,0,0,0,0,0,0,0,0,0,20000,20000,0,0
055492,華新科元大97購08,0,0,0,0,0,0,0,0,0,0,0,0,0,16000,16000,0,0
053052,旺宏國票97購02  ,0,0,0,0,0,0,0,0,0,0,0,0,0,499000,499000,0,0
053040,全新凱基98購01  ,0,0,0,0,0,0,0,0,0,0,0,0,0,285000,285000,0,0
053045,國巨中信97購01  ,0,0,0,0,0,0,0,0,0,0,0,0,0,40000,40000,0,0
053057,聯電國泰97購02  ,0,0,0,0,0,0,0,0,0,0,0,0,0,40000,40000,0,0
05305P,華新科國泰97售01,0,0,0,0,0,0,0,0,0,0,0,0,0,70000,70000,0,0
053890,華新科群益98購01,0,0,0,0,0,0,0,0,0,0,0,0,0,9000,9000,0,0
053842,聯發科統一96購08,0,0,0,0,0,0,0,0,0,0,0,0,0,300000,300000,0,0
053848,聯發科元富96購03,0,0,0,0,0,0,0,0,0,0,0,0,0,10000,10000,0,0
052879,滬深2X凱基97購02,0,0,0,0,0,0,0,0,0,0,0,0,0,1996000,1996000,0,0
052856,滬深2X凱基98購01,0,0,0,0,0,0,0,0,0,0,0,0,0,198000,198000,0,0
053021,國巨國泰97購04  ,0,0,0,0,0,0,0,0,0,0,0,0,0,10000,10000,0,0
053705,滬深2X凱基99購01,0,0,0,0,0,0,0,0,0,0,0,0,0,100000,100000,0,0
053707,A50正2凱基99購02,0,0,0,0,0,0,0,0,0,0,0,0,0,169000,169000,0,0
053548,旺宏凱基96購04  ,0,0,0,0,0,0,0,0,0,0,0,0,0,6000,6000,0,0
053192,創意統一96購01  ,0,0,0,0,0,0,0,0,0,0,0,0,0,300000,300000,0,0
053258,上証2X群益9A購03,0,0,0,0,0,0,0,0,0,0,0,0,0,148000,148000,0,0
053356,聯發科統一96購07,0,0,0,0,0,0,0,0,0,0,0,0,0,240000,240000,0,0
054287,台積電元大97購11,0,0,0,0,0,0,0,0,0,0,0,0,0,1000,1000,0,0
054300,華通凱基96購07  ,0,0,0,0,0,0,0,0,0,0,0,0,0,10000,10000,0,0
052531,台積電國泰96購06,0,0,0,0,0,0,0,0,0,0,0,0,0,12000,12000,0,0
054336,台積電統一96購11,0,0,0,0,0,0,0,0,0,0,0,0,0,495000,495000,0,0
052689,玉晶光元大98購03,0,0,0,0,0,0,0,0,0,0,0,0,0,10000,10000,0,0
052754,上証2X群益9A購01,0,0,0,0,0,0,0,0,0,0,0,0,0,200000,200000,0,0
052764,景碩群益98購01  ,0,0,0,0,0,0,0,0,0,0,0,0,0,50000,50000,0,0
052696,玉晶光麥證97購01,0,0,0,1000,0,1000,0,0,0,0,0,0,0,1000,1000,0,0
052702,群創國票97購03  ,0,0,0,0,0,0,0,0,0,0,0,0,0,399000,399000,0,0
052711,滬深2X凱基97購01,0,0,0,0,0,0,0,0,0,0,0,0,0,100000,100000,0,0
053163,上証2X群益9A購02,0,0,0,0,0,0,0,0,0,0,0,0,0,200000,200000,0,0
053150,聯發科元大96購11,0,0,0,0,0,0,0,0,0,0,0,0,0,50000,50000,0,0
053116,華新科中信96購01,0,0,0,0,0,0,0,0,0,0,0,0,0,10000,10000,0,0
052791,友達兆豐97購01  ,0,0,0,0,0,0,0,0,0,0,0,0,0,11000,11000,0,0
052828,滬深2X群益9A購02,0,0,0,0,0,0,0,0,0,0,0,0,0,50000,50000,0,0
054923,晶技凱基98購01  ,0,0,0,0,0,0,0,0,0,0,0,0,0,15000,15000,0,0
054972,聯茂元大97購02  ,0,0,0,0,0,0,0,0,0,0,0,0,0,9000,9000,0,0
054970,帆宣元大97購01  ,0,0,0,0,0,0,0,0,0,0,0,0,0,136000,136000,0,0
055087,瑞昱亞東97購01  ,0,0,0,0,0,0,0,0,0,0,0,0,0,100000,100000,0,0
055248,可成統一97購02  ,0,0,0,0,0,0,0,0,0,0,0,0,0,10000,10000,0,0
055200,和大群益98購01  ,0,0,0,0,0,0,0,0,0,0,0,0,0,32000,32000,0,0
055144,T50反1元大97購03,0,0,0,0,0,0,0,0,0,0,0,0,0,10000,10000,0,0
056087,世芯統一97購01  ,0,0,0,0,0,0,0,0,0,0,0,0,0,100000,100000,0,0
056047,台積電兆豐97購02,0,0,0,0,0,0,0,0,0,0,0,0,0,2323000,2323000,0,0
054725,國巨日盛97購01  ,0,0,0,0,0,0,0,0,0,0,0,0,0,21000,21000,0,0
05535P,台積電元大97售06,0,0,0,0,0,0,0,0,0,0,0,0,0,400000,400000,0,0
055289,泰碩元大98購01  ,0,0,0,0,0,0,0,0,0,0,0,0,0,432000,432000,0,0
058937,仁寶中信99購01  ,0,0,0,0,0,0,0,0,0,0,0,0,0,40000,40000,0,0
058921,聯發科元富03購01,0,0,0,0,0,0,0,0,0,0,0,0,0,100000,100000,0,0
058898,台積電元大99購20,0,0,0,0,0,0,0,0,0,0,0,0,0,51000,51000,0,0
058856,新光金兆豐99購01,0,0,0,0,0,0,0,0,0,0,0,0,0,90000,90000,0,0
058980,鴻海凱基99購06  ,0,0,0,0,0,0,0,0,0,0,0,0,0,8000,8000,0,0
058981,國巨凱基99購10  ,0,0,0,0,0,0,0,0,0,0,0,0,0,70000,70000,0,0
058800,健策元大99購03  ,0,0,0,0,0,0,0,0,0,0,0,0,0,30000,30000,0,0
058846,鴻海群益99購03  ,0,0,0,0,0,0,0,0,0,0,0,0,0,6000,6000,0,0
058761,欣興群益99購02  ,0,0,0,0,0,0,0,0,0,0,0,0,0,35000,35000,0,0
058749,康控凱基99購03  ,0,0,0,0,0,0,0,0,0,0,0,0,0,86000,86000,0,0
058742,鴻海康和99購01  ,0,0,0,0,0,0,0,0,0,0,0,0,0,1000,1000,0,0
056557,世紀鋼凱基98購02,0,0,0,0,0,0,0,0,0,0,0,0,0,10000,10000,0,0
056548,瀚宇博凱基98購02,0,0,0,0,0,0,0,0,0,0,0,0,0,10000,10000,0,0
056360,智邦元大98購01  ,0,0,0,0,0,0,0,0,0,0,0,0,0,2000,2000,0,0
056352,鴻海元大99購01  ,0,0,0,0,0,0,0,0,0,0,0,0,0,100000,100000,0,0
056409,麗豐國票99購01  ,50000,0,50000,0,0,0,0,0,0,-50000,0,0,0,0,50000,-50000,0
056399,上証2X群益9C購01,0,0,0,0,0,0,0,0,0,0,0,0,0,200000,200000,0,0
056297,台光電元大97購04,0,0,0,0,0,0,0,0,0,0,0,0,0,10000,10000,0,0
056307,貿聯元大97購05  ,0,0,0,0,0,0,0,0,0,0,0,0,0,68000,68000,0,0
056277,上銀富邦99購02  ,0,0,0,0,0,0,0,0,0,0,0,0,0,51000,51000,0,0
056740,大立光凱基98購13,0,0,0,0,0,0,0,0,0,0,0,0,0,10000,10000,0,0
05461P,台積電亞東97售01,0,0,0,0,0,0,0,0,0,0,0,0,0,310000,310000,0,0
054656,深中小元大97購01,0,0,0,0,0,0,0,0,0,0,0,0,0,47000,47000,0,0
054643,上証2X群益9B購01,0,0,0,0,0,0,0,0,0,0,0,0,0,150000,150000,0,0
055827,中石化元大98購01,0,0,0,0,0,0,0,0,0,0,0,0,0,100000,100000,0,0
055842,建準元大98購01  ,0,0,0,0,0,0,0,0,0,0,0,0,0,1000,1000,0,0
055877,奇鋐元富97購01  ,0,0,0,0,0,0,0,0,0,0,0,0,0,50000,50000,0,0
055988,矽力元富97購01  ,0,0,0,0,0,0,0,0,0,0,0,0,0,1000,1000,0,0
054479,緯創中信98購01  ,0,0,0,0,0,0,0,0,0,0,0,0,0,5000,5000,0,0
054461,台積電凱基97購09,0,0,0,0,0,0,0,0,0,0,0,0,0,549000,549000,0,0
054454,滬深2X群益96購04,0,0,0,0,0,0,0,0,0,0,0,0,0,928000,928000,0,0
054547,鴻海凱基98購02  ,0,0,0,0,0,0,0,0,0,0,0,0,0,1000,1000,0,0
055811,國巨國票98購05  ,0,0,0,0,0,0,0,0,0,0,0,0,0,17000,17000,0,0
055806,致新永豐97購02  ,0,0,0,0,0,0,0,0,0,0,0,0,0,10000,10000,0,0
055650,華新科元富98購01,0,0,0,0,0,0,0,0,0,0,0,0,0,99000,99000,0,0
059716,鴻海元大99購35  ,0,0,0,0,0,0,0,0,0,0,0,0,0,6000,6000,0,0
059717,國巨元大99購21  ,0,0,0,0,0,0,0,0,0,0,0,0,0,3000,3000,0,0
059733,緯穎元大99購08  ,0,0,0,0,0,0,0,0,0,0,0,0,0,1000,1000,0,0
05842P,台積電元大96售15,0,0,0,0,0,0,0,0,0,0,0,0,0,100000,100000,0,0
058416,鴻海麥證99購01  ,0,0,0,0,1000,-1000,0,0,0,0,0,0,0,1000,1000,0,0
058347,玉晶光群益9B購01,0,0,0,0,0,0,0,0,0,0,0,0,0,10000,10000,0,0
059467,旺宏元大99購15  ,0,0,0,0,0,0,0,0,0,0,0,0,0,3000,3000,0,0
059468,智邦元大99購02  ,0,0,0,0,0,0,0,0,0,0,0,0,0,4000,4000,0,0
059563,鴻海凱基9A購14  ,0,0,0,0,0,0,0,0,0,0,0,0,0,1000,1000,0,0
059511,宏達電永豐99購02,0,0,0,0,0,0,0,0,0,0,0,0,0,28000,28000,0,0
059721,旺宏元大99購16  ,0,0,0,0,0,0,0,0,0,0,0,0,0,8000,8000,0,0
059637,大立光凱基01購01,0,0,0,0,0,0,0,0,0,0,0,0,0,3000,3000,0,0
059617,A50正2群益01購02,0,0,0,0,0,0,0,0,0,0,0,0,0,1000,1000,0,0
059624,鴻海凱基01購01  ,0,0,0,0,0,0,0,0,0,0,0,0,0,1000,1000,0,0
057069,台積電永豐98購02,0,0,0,0,0,0,0,0,0,0,0,0,0,31000,31000,0,0
058512,宏達電元大99購04,0,0,0,0,0,0,0,0,0,0,0,0,0,68000,68000,0,0
058519,嘉澤元大99購01  ,0,0,0,0,0,0,0,0,0,0,0,0,0,16000,16000,0,0
058150,中502X統一9B購01,0,0,0,0,0,0,0,0,0,0,0,0,0,5000,5000,0,0
058151,台積電統一9A購04,0,0,0,0,0,0,0,0,0,0,0,0,0,40000,40000,0,0
058044,鴻海元大99購07  ,0,0,0,0,0,0,0,0,0,0,0,0,0,1000,1000,0,0
058042,鴻海元大98購12  ,0,0,0,0,0,0,0,0,0,0,0,0,0,50000,50000,0,0
058211,國巨群益9A購02  ,0,0,0,0,0,0,0,0,0,0,0,0,0,156000,156000,0,0
058185,國巨永豐99購01  ,0,0,0,0,0,0,0,0,0,0,0,0,0,30000,30000,0,0
058017,漢唐凱基99購01  ,0,0,0,0,0,0,0,0,0,0,0,0,0,20000,20000,0,0
057996,臻鼎中信98購01  ,30000,0,30000,0,0,0,0,0,0,-30000,0,0,0,20000,50000,-30000,0
058112,神達元富98購01  ,0,0,0,0,0,0,0,0,0,0,0,0,0,98000,98000,0,0
06015P,大立光富邦98售04,0,0,0,0,0,0,0,0,0,0,0,0,0,22000,22000,0,0
058079,鴻海群益98購08  ,0,0,0,0,0,0,0,0,0,0,0,0,0,1000,1000,0,0
057171,台光電元大9B購01,0,0,0,0,0,0,0,0,0,0,0,0,0,2000,2000,0,0
060735,鴻海統一9C購03  ,0,0,0,0,0,0,0,0,0,0,0,0,0,1000,1000,0,0
060730,台積電群益9A購03,0,0,0,0,0,0,0,0,0,0,0,0,0,1000,1000,0,0
060743,鴻海國票9A購03  ,0,0,0,0,0,0,0,0,0,0,0,0,0,2000,2000,0,0
060279,SP黃豆元大9A購01,0,0,0,0,0,0,0,0,0,0,0,0,0,40000,40000,0,0
060294,嘉澤元大9A購01  ,0,0,0,0,0,0,0,0,0,0,0,0,0,4000,4000,0,0
060395,儒鴻國票9A購01  ,0,0,0,0,0,0,0,0,0,0,0,0,0,8000,8000,0,0
060413,東元永豐9A購01  ,0,0,0,0,0,0,0,0,0,0,0,0,0,55000,55000,0,0
060521,鴻海中信01購03  ,0,0,0,0,0,0,0,0,0,0,0,0,0,1000,1000,0,0
060523,鴻海中信9C購03  ,0,0,0,0,0,0,0,0,0,0,0,0,0,1000,1000,0,0
060498,華通元大9A購03  ,0,0,0,0,0,0,0,0,0,0,0,0,0,1000,1000,0,0
060499,鴻海元大9A購11  ,0,0,0,0,0,0,0,0,0,0,0,0,0,50000,50000,0,0
060449,元金2X元大9A購02,0,0,0,0,0,0,0,0,0,0,0,0,0,10000,10000,0,0
060577,玉晶光中信9A購02,0,0,0,0,0,0,0,0,0,0,0,0,0,2000,2000,0,0
06064P,台積電台新98售01,0,0,0,0,0,0,0,0,0,0,0,0,0,1000,1000,0,0
057376,新日興元大98購04,0,0,0,0,0,0,0,0,0,0,0,0,0,50000,50000,0,0
057346,鴻海統一98購13  ,0,0,0,0,0,0,0,0,0,0,0,0,0,1000,1000,0,0
057370,可成元大98購07  ,0,0,0,0,0,0,0,0,0,0,0,0,0,68000,68000,0,0
057363,華通元大99購02  ,0,0,0,0,0,0,0,0,0,0,0,0,0,1000,1000,0,0
057364,國巨元大98購18  ,0,0,0,0,0,0,0,0,0,0,0,0,0,10000,10000,0,0
057365,智邦元大98購07  ,0,0,0,0,0,0,0,0,0,0,0,0,0,2000,2000,0,0
057305,南亞科兆豐98購02,0,0,0,0,0,0,0,0,0,0,0,0,0,150000,150000,0,0
057289,力成元大98購03  ,0,0,0,0,0,0,0,0,0,0,0,0,0,68000,68000,0,0
056938,泰碩元富98購01  ,0,0,0,0,0,0,0,0,0,0,0,0,0,10000,10000,0,0
057849,南茂永豐98購02  ,0,0,0,0,0,0,0,0,0,0,0,0,0,68000,68000,0,0
060145,牧德國票9A購02  ,0,0,0,0,0,0,0,0,0,0,0,0,0,5000,5000,0,0
056907,群創元大9C購04  ,0,0,0,0,0,0,0,0,0,0,0,0,0,7000,7000,0,0
060088,國巨元大99購30  ,0,0,0,0,0,0,0,0,0,0,0,0,0,51000,51000,0,0
060083,和大元大99購02  ,0,0,0,0,0,0,0,0,0,0,0,0,0,3000,3000,0,0
060018,國產康和99購01  ,0,0,0,0,0,0,0,0,0,0,0,0,0,10000,10000,0,0
057936,健策群益99購01  ,0,0,0,0,0,0,0,0,0,0,0,0,0,8000,8000,0,0
057276,全新元大99購03  ,0,0,0,0,0,0,0,0,0,0,0,0,0,20000,20000,0,0
057222,鴻海國票99購04  ,0,0,0,0,0,0,0,0,0,0,0,0,0,1000,1000,0,0
059299,欣興元富99購03  ,0,0,0,0,0,0,0,0,0,0,0,0,0,1000,1000,0,0
059317,台積電元大99購34,0,0,0,0,0,0,0,0,0,0,0,0,0,2000,2000,0,0
059331,台灣50國票9A購06,0,0,0,0,0,0,0,0,0,0,0,0,0,350000,350000,0,0
059334,A50正2國票9A購02,0,0,0,0,0,0,0,0,0,0,0,0,0,5000,5000,0,0
059369,滬深2X元富9C購01,0,0,0,0,0,0,0,0,0,0,0,0,0,10000,10000,0,0
057580,玉山金中信9A購01,0,0,0,0,0,0,0,0,0,0,0,0,0,2000,2000,0,0
057530,奇鋐元大99購01  ,0,0,0,0,0,0,0,0,0,0,0,0,0,30000,30000,0,0
057405,麗豐群益98購01  ,0,0,0,0,0,0,0,0,0,0,0,0,0,10000,10000,0,0
05774P,臺股指凱基99售04,0,0,0,0,0,0,0,0,0,0,0,0,0,280000,280000,0,0
057758,鴻海凱基99購03  ,0,0,0,0,0,0,0,0,0,0,0,0,0,3000,3000,0,0
058711,鴻海統一9A購02  ,0,0,0,0,0,0,0,0,0,0,0,0,0,1000,1000,0,0
056860,正崴群益98購01  ,0,0,0,0,0,0,0,0,0,0,0,0,0,150000,150000,0,0
057831,聯發科元富02購04,0,0,0,0,0,0,0,0,0,0,0,0,0,1000,1000,0,0
057736,鴻海富邦99購04  ,0,0,0,0,0,0,0,0,0,0,0,0,0,1000,1000,0,0
058640,台灣50麥證9A購01,0,0,0,50000,0,50000,0,0,0,0,0,0,0,50000,50000,0,0
059260,國巨中信99購05  ,0,0,0,0,0,0,0,0,0,0,0,0,0,30000,30000,0,0
059237,鴻海凱基9A購10  ,0,0,0,0,0,0,0,0,0,0,0,0,0,8000,8000,0,0
059199,欣興永豐99購02  ,0,0,0,0,0,0,0,0,0,0,0,0,0,3000,3000,0,0
05919P,京鼎元大96售03  ,0,0,0,0,0,0,0,0,0,0,0,0,0,145000,145000,0,0
059210,鴻海元大99購26  ,0,0,0,0,0,0,0,0,0,0,0,0,0,2000,2000,0,0
059211,鴻海元大99購27  ,0,0,0,0,0,0,0,0,0,0,0,0,0,9000,9000,0,0
059212,鴻海元大99購28  ,0,0,0,0,0,0,0,0,0,0,0,0,0,11000,11000,0,0
059216,台積電元大99購29,0,0,0,0,0,0,0,0,0,0,0,0,0,3000,3000,0,0
059968,世紀鋼凱基99購03,0,0,0,0,0,0,0,0,0,0,0,0,0,20000,20000,0,0
059956,玉山金康和99購01,0,0,0,0,0,0,0,0,0,0,0,0,0,68000,68000,0,0
057644,奇力新元大98購04,0,0,0,0,0,0,0,0,0,0,0,0,0,68000,68000,0,0
057604,鴻海統一9C購01  ,0,0,0,0,0,0,0,0,0,0,0,0,0,1000,1000,0,0
059085,鴻海元大99購25  ,0,0,0,0,0,0,0,0,0,0,0,0,0,1000,1000,0,0
059058,可成凱基9B購01  ,0,0,0,0,0,0,0,0,0,0,0,0,0,1000,1000,0,0
059831,聯詠康和99購01  ,0,0,0,0,0,0,0,0,0,0,0,0,0,2000,2000,0,0
059910,鴻海元大99購37  ,0,0,0,0,0,0,0,0,0,0,0,0,0,2000,2000,0,0
059821,美律凱基99購08  ,0,0,0,0,0,0,0,0,0,0,0,0,0,10000,10000,0,0
059797,大立光國票99購01,0,0,0,0,0,0,0,0,0,0,0,0,0,2000,2000,0,0
059782,A50正2元大9C購04,0,0,0,0,0,0,0,0,0,0,0,0,0,10000,10000,0,0
058624,台積電國票99購09,0,0,0,0,0,0,0,0,0,0,0,0,0,68000,68000,0,0
062170,健策永豐9B購04  ,0,0,0,0,0,0,0,0,0,0,0,0,0,3000,3000,0,0
062192,南六元大9B購01  ,0,0,0,0,0,0,0,0,0,0,0,0,0,1000,1000,0,0
06238P,台積電元大98售07,0,0,0,0,0,0,0,0,0,0,0,0,0,1000,1000,0,0
06237P,台積電元大97售26,0,0,0,0,0,0,0,0,0,0,0,0,0,200000,200000,0,0
062639,臻鼎國票9C購01  ,0,0,0,0,0,0,0,0,0,0,0,0,0,10000,10000,0,0
062553,台積電凱基9B購07,0,0,0,0,0,0,0,0,0,0,0,0,0,4000,4000,0,0
062563,緯穎凱基9B購03  ,0,0,0,0,0,0,0,0,0,0,0,0,0,20000,20000,0,0
062584,鴻海統一9C購13  ,0,0,0,0,0,0,0,0,0,0,0,0,0,1000,1000,0,0
062585,鴻海統一9C購14  ,0,0,0,0,0,0,0,0,0,0,0,0,0,1000,1000,0,0
062601,富邦金台新9B購01,0,0,0,0,0,0,0,0,0,0,0,0,0,13000,13000,0,0
062499,鴻海群益01購01  ,0,0,0,0,0,0,0,0,0,0,0,0,0,1000,1000,0,0
062503,玉晶光群益01購03,0,0,0,0,0,0,0,0,0,0,0,0,0,16000,16000,0,0
062483,致新國票9B購01  ,0,0,0,0,0,0,0,0,0,0,0,0,0,6000,6000,0,0
06316P,臺股指元富97售03,0,0,0,0,0,0,0,0,0,0,0,0,0,80000,80000,0,0
063238,漢唐元大9B購02  ,0,0,0,0,0,0,0,0,0,0,0,0,0,23000,23000,0,0
063256,鴻海國泰01購02  ,0,0,0,0,0,0,0,0,0,0,0,0,0,24000,24000,0,0
063329,健策國票9C購01  ,0,0,0,0,0,0,0,0,0,0,0,0,0,2000,2000,0,0
063317,大立光群益9B購06,0,0,0,0,0,0,0,0,0,0,0,0,0,26000,26000,0,0
063304,大立光凱基01購02,0,0,0,0,0,0,0,0,0,0,0,0,0,1000,1000,0,0
063425,台勝科凱基9B購02,0,0,0,0,0,0,0,0,0,0,0,0,0,20000,20000,0,0
063416,台積電凱基9B購10,0,0,0,0,0,0,0,0,0,0,0,0,0,8000,8000,0,0
063101,華通群益9B購07  ,0,0,0,0,0,0,0,0,0,0,0,0,0,2000,2000,0,0
062991,台光電群益9B購03,0,0,0,0,0,0,0,0,0,0,0,0,0,85000,85000,0,0
063040,聯詠凱基9B購03  ,0,0,0,0,0,0,0,0,0,0,0,0,0,10000,10000,0,0
063033,台積電凱基9B購09,0,0,0,0,0,0,0,0,0,0,0,0,0,9000,9000,0,0
062900,台積電元大9B購04,0,0,0,0,0,0,0,0,0,0,0,0,0,1000,1000,0,0
062968,仁寶元富9B購01  ,0,0,0,0,0,0,0,0,0,0,0,0,0,98000,98000,0,0
062859,玉晶光國票01購02,0,0,0,0,0,0,0,0,0,0,0,0,0,73000,73000,0,0
062878,宏達電兆豐9B購01,0,0,0,0,0,0,0,0,0,0,0,0,0,50000,50000,0,0
061184,大立光國泰9C購01,0,0,0,0,0,0,0,0,0,0,0,0,0,9000,9000,0,0
061195,健策永豐9B購02  ,0,0,0,0,0,0,0,0,0,0,0,0,0,3000,3000,0,0
061161,南六群益9A購01  ,0,0,0,0,0,0,0,0,0,0,0,0,0,1000,1000,0,0
061171,大立光麥證9A購01,0,0,0,9000,0,9000,0,0,0,0,0,0,0,9000,9000,0,0
061287,大立光統一9B購06,0,0,0,0,0,0,0,0,0,0,0,0,0,9000,9000,0,0
061288,大立光統一9C購01,0,0,0,0,0,0,0,0,0,0,0,0,0,5000,5000,0,0
061400,可成兆豐9B購02  ,0,0,0,0,0,0,0,0,0,0,0,0,0,2000,2000,0,0
061428,南六元大9A購01  ,0,0,0,0,0,0,0,0,0,0,0,0,0,97000,97000,0,0
060887,台積電統一01購01,0,0,0,0,0,0,0,0,0,0,0,0,0,3000,3000,0,0
060888,金像電統一9C購01,0,0,0,0,0,0,0,0,0,0,0,0,0,2000,2000,0,0
060835,亞德客國票9A購01,0,0,0,0,0,0,0,0,0,0,0,0,0,15000,15000,0,0
060831,T50反1國票9B購03,0,0,0,0,0,0,0,0,0,0,0,0,0,10000,10000,0,0
060827,健策元大9A購02  ,0,0,0,0,0,0,0,0,0,0,0,0,0,12000,12000,0,0
060814,健策凱基9B購01  ,0,0,0,0,0,0,0,0,0,0,0,0,0,3000,3000,0,0
060992,健策元大9A購05  ,0,0,0,0,0,0,0,0,0,0,0,0,0,13000,13000,0,0
061022,健策國泰9B購03  ,0,0,0,0,0,0,0,0,0,0,0,0,0,2000,2000,0,0
061018,台積電國票9B購05,0,0,0,0,0,0,0,0,0,0,0,0,0,7000,7000,0,0
06184P,大立光元大97售06,0,0,0,0,0,0,0,0,0,0,0,0,0,1000,1000,0,0
061946,鴻海群益9B購03  ,0,0,0,0,0,0,0,0,0,0,0,0,0,1000,1000,0,0
061959,鴻海統一9B購04  ,0,0,0,0,0,0,0,0,0,0,0,0,0,14000,14000,0,0
061963,台積電統一01購04,0,0,0,0,0,0,0,0,0,0,0,0,0,32000,32000,0,0
061965,台積電統一02購02,0,0,0,0,0,0,0,0,0,0,0,0,0,3000,3000,0,0
061926,晶技凱基9B購02  ,0,0,0,0,0,0,0,0,0,0,0,0,0,1000,1000,0,0
062131,臺指反群益9B購03,0,0,0,0,0,0,0,0,0,0,0,0,0,499000,499000,0,0
062124,大立光統一9B購09,0,0,0,0,0,0,0,0,0,0,0,0,0,9000,9000,0,0
062076,美律元大9B購02  ,0,0,0,0,0,0,0,0,0,0,0,0,0,50000,50000,0,0
062055,鴻海統一9C購07  ,0,0,0,0,0,0,0,0,0,0,0,0,0,1000,1000,0,0
06149P,台積電元大97售18,0,0,0,0,0,0,0,0,0,0,0,0,0,1000,1000,0,0
061600,聯電凱基9B購01  ,0,0,0,0,0,0,0,0,0,0,0,0,0,66000,66000,0,0
061644,健策元大9C購02  ,0,0,0,0,0,0,0,0,0,0,0,0,0,14000,14000,0,0
061634,遠東新元大9A購01,0,0,0,0,0,0,0,0,0,0,0,0,0,50000,50000,0,0
061654,旺宏國票9A購02  ,0,0,0,0,0,0,0,0,0,0,0,0,0,30000,30000,0,0
061752,瑞昱台新9B購01  ,0,0,0,0,0,0,0,0,0,0,0,0,0,11000,11000,0,0
8104,錸寶            ,59000,59000,0,0,0,0,0,0,0,0,0,0,0,0,0,0,0
5284,jpp-KY          ,1000,1000,0,0,0,0,0,0,0,0,0,0,0,0,0,0,0
6164,華興            ,6000,6000,0,0,0,0,0,0,0,0,0,0,0,0,0,0,0
4576,大銀微系統      ,57000,57000,0,0,0,0,0,0,0,0,0,0,0,0,0,0,0
4807,日成-KY         ,7000,1000,6000,0,0,0,0,0,0,-6000,0,6000,-6000,0,0,0,0
1726,永記            ,0,1000,-1000,0,0,0,0,0,0,0,0,0,0,0,0,0,-1000
1735,日勝化          ,0,1000,-1000,0,0,0,0,0,0,0,0,0,0,0,0,0,-1000
1805,寶徠            ,0,1000,-1000,0,0,0,0,0,0,0,0,0,0,0,0,0,-1000
1808,潤隆            ,29000,30000,-1000,0,0,0,0,0,0,0,0,0,0,0,0,0,-1000
1535,中宇            ,0,1000,-1000,0,0,0,0,0,0,0,0,0,0,0,0,0,-1000
1437,勤益控          ,19000,20000,-1000,0,0,0,0,0,0,0,0,0,0,0,0,0,-1000
1445,大宇            ,0,1000,-1000,0,0,0,0,0,0,0,0,0,0,0,0,0,-1000
2429,銘旺科          ,13000,14000,-1000,0,0,0,0,0,0,0,0,0,0,0,0,0,-1000
2849,安泰銀          ,10000,11000,-1000,0,0,0,0,0,0,0,0,0,0,0,0,0,-1000
2482,連宇            ,2000,2000,0,0,0,0,0,0,0,-1000,0,1000,-1000,0,0,0,-1000
2483,百容            ,1000,2000,-1000,0,0,0,0,0,0,0,0,0,0,0,0,0,-1000
2540,愛山林          ,0,1000,-1000,0,0,0,0,0,0,0,0,0,0,0,0,0,-1000
3028,增你強          ,24000,26000,-2000,0,0,0,0,0,0,1000,1000,0,1000,0,0,0,-1000
3308,聯德            ,0,1000,-1000,0,0,0,0,0,0,0,0,0,0,0,0,0,-1000
08162P,台灣50台新9C售06,0,0,0,0,0,0,0,0,0,-1000,0,0,0,0,1000,-1000,-1000
08304P,大立光中信02售01,0,0,0,0,0,0,0,0,0,-1000,0,0,0,0,1000,-1000,-1000
08320P,智邦統一9C售02  ,0,0,0,0,0,0,0,0,0,-1000,0,0,0,0,1000,-1000,-1000
07934P,臺股指國票9B售06,0,0,0,0,0,0,0,0,0,-1000,0,0,0,0,1000,-1000,-1000
07840P,康控元大9A售02  ,0,0,0,0,0,0,0,0,0,-1000,0,0,0,0,1000,-1000,-1000
063580,立積國泰9C購01  ,0,0,0,0,0,0,0,0,0,-1000,0,0,0,29000,30000,-1000,-1000
064011,嘉晶國票9C購01  ,0,0,0,0,0,0,0,0,0,-1000,0,0,0,5000,6000,-1000,-1000
063961,世紀鋼元大9C購05,0,0,0,0,0,0,0,0,0,-1000,0,0,0,50000,51000,-1000,-1000
07142P,台灣50元大01售01,0,0,0,0,0,0,0,0,0,-1000,0,0,0,0,1000,-1000,-1000
07160P,台灣50中信03售04,0,0,0,0,0,0,0,0,0,-1000,0,0,0,0,1000,-1000,-1000
07402P,瑞昱凱基99售02  ,0,0,0,0,0,0,0,0,0,-1000,0,0,0,5000,6000,-1000,-1000
07444P,聯發科凱基9A售10,0,0,0,0,0,0,0,0,0,-1000,0,0,0,0,1000,-1000,-1000
07423P,大立光元大99售33,0,0,0,0,0,0,0,0,0,-1000,0,0,0,0,1000,-1000,-1000
07245P,台積電凱基99售16,0,0,0,0,0,0,0,0,0,-1000,0,0,0,3000,4000,-1000,-1000
06451P,聯發科元大98售04,0,0,0,0,0,0,0,0,0,-1000,0,0,0,0,1000,-1000,-1000
06778P,台積電元大99售06,0,0,0,0,0,0,0,0,0,-1000,0,0,0,0,1000,-1000,-1000
06734P,智邦凱基98售05  ,0,0,0,0,0,0,0,0,0,-1000,0,0,0,0,1000,-1000,-1000
06697P,台積電國票99售05,0,0,0,0,0,0,0,0,0,-1000,0,0,0,0,1000,-1000,-1000
06723P,台灣50麥證99售01,0,0,0,162000,23000,139000,0,0,0,-1000,0,0,0,162000,163000,-1000,-1000
055639,上銀元富97購02  ,0,0,0,0,0,0,0,0,0,-1000,0,0,0,0,1000,-1000,-1000
056243,創意群益97購03  ,0,0,0,0,0,0,0,0,0,-1000,0,0,0,65000,66000,-1000,-1000
054444,緯穎台新97購01  ,0,0,0,0,0,0,0,0,0,-1000,0,0,0,0,1000,-1000,-1000
054419,嘉聯益元大98購02,0,0,0,0,0,0,0,0,0,-1000,0,0,0,0,1000,-1000,-1000
054509,上証反元大99購01,0,0,0,0,0,0,0,0,0,-1000,0,0,0,0,1000,-1000,-1000
055904,貿聯亞東99購01  ,0,0,0,0,0,0,0,0,0,-1000,0,0,0,0,1000,-1000,-1000
055826,中石化元大97購01,0,0,0,0,0,0,0,0,0,-1000,0,0,0,0,1000,-1000,-1000
056811,健策統一9B購01  ,0,0,0,0,0,0,0,0,0,-1000,0,0,0,0,1000,-1000,-1000
05625P,國巨國票97售01  ,0,0,0,0,0,0,0,0,0,-1000,0,0,0,0,1000,-1000,-1000
056413,上証反中信9A購01,0,0,0,0,0,0,0,0,0,-1000,0,0,0,0,1000,-1000,-1000
056363,華新科元大99購04,0,0,0,0,0,0,0,0,0,-1000,0,0,0,0,1000,-1000,-1000
056433,鴻海凱基98購09  ,0,0,0,0,0,0,0,0,0,-1000,0,0,0,0,1000,-1000,-1000
056502,A50正2永豐98購01,0,0,0,0,0,0,0,0,0,-1000,0,0,0,0,1000,-1000,-1000
059161,鴻海凱基9A購09  ,0,0,0,0,0,0,0,0,0,-1000,0,0,0,5000,6000,-1000,-1000
059107,南茂國泰9A購01  ,0,0,0,0,0,0,0,0,0,-1000,0,0,0,10000,11000,-1000,-1000
055374,明泰元大97購01  ,0,0,0,0,0,0,0,0,0,-1000,0,0,0,0,1000,-1000,-1000
054806,台化元大9A購01  ,0,0,0,0,0,0,0,0,0,-1000,0,0,0,0,1000,-1000,-1000
055217,緯創凱基97購02  ,0,0,0,0,0,0,0,0,0,-1000,0,0,0,0,1000,-1000,-1000
054368,鴻海中信9A購02  ,0,0,0,0,0,0,0,0,0,-1000,0,0,0,0,1000,-1000,-1000
053811,國巨群益98購02  ,0,0,0,0,0,0,0,0,0,-1000,0,0,0,0,1000,-1000,-1000
053887,聯茂兆豐97購02  ,0,0,0,0,0,0,0,0,0,-1000,0,0,0,77000,78000,-1000,-1000
055485,國巨元大97購09  ,0,0,0,0,0,0,0,0,0,-1000,0,0,0,0,1000,-1000,-1000
055486,國巨元大98購06  ,0,0,0,0,0,0,0,0,0,-1000,0,0,0,0,1000,-1000,-1000
056681,鴻海統一98購09  ,0,0,0,0,0,0,0,0,0,-1000,0,0,0,6000,7000,-1000,-1000
054043,漢唐元大97購01  ,0,0,0,0,0,0,0,0,0,-1000,0,0,0,3000,4000,-1000,-1000
054159,T50正2凱基99購01,0,0,0,0,0,0,0,0,0,-1000,0,0,0,0,1000,-1000,-1000
054208,台積電國票97購07,0,0,0,0,0,0,0,0,0,-1000,0,0,0,0,1000,-1000,-1000
053951,T50反1台新06購02,0,0,0,0,0,0,0,0,0,-1000,0,0,0,0,1000,-1000,-1000
049636,上証反凱基9A購01,0,0,0,0,0,0,0,0,0,-1000,0,0,0,0,1000,-1000,-1000
03875P,滬深2X國票05售01,0,0,0,0,0,0,0,0,0,-1000,0,0,0,0,1000,-1000,-1000
03444B,臺股指元大9C熊02,0,0,0,0,0,0,0,0,0,-1000,0,0,0,0,1000,-1000,-1000
03028X,元展25          ,0,0,0,0,0,0,0,0,0,-1000,0,0,0,0,1000,-1000,-1000
03047X,元展44          ,0,0,0,0,0,0,0,0,0,-1000,0,0,0,0,1000,-1000,-1000
03015X,元展15          ,0,0,0,0,0,0,0,0,0,-1000,0,0,0,0,1000,-1000,-1000
05127P,鴻海亞東96售01  ,0,0,0,0,0,0,0,0,0,-1000,0,0,0,200000,201000,-1000,-1000
051087,國巨元大97購01  ,0,0,0,0,0,0,0,0,0,-1000,0,0,0,0,1000,-1000,-1000
00691R,兆豐藍籌30反1   ,0,0,0,0,0,0,0,0,0,-1000,0,0,0,0,1000,-1000,-1000
05974P,國巨富邦97售03  ,0,0,0,0,0,0,0,0,0,-1000,0,0,0,0,1000,-1000,-1000
058612,健策元大99購02  ,0,0,0,0,0,0,0,0,0,-1000,0,0,0,0,1000,-1000,-1000
059770,A50正2群益9C購01,0,0,0,0,0,0,0,0,0,-1000,0,0,0,0,1000,-1000,-1000
059194,元金2X永豐99購01,0,0,0,0,0,0,0,0,0,-1000,0,0,0,10000,11000,-1000,-1000
058583,臻鼎群益99購01  ,0,0,0,0,0,0,0,0,0,-1000,0,0,0,0,1000,-1000,-1000
05855P,滬深2X中信9C售01,0,0,0,0,0,0,0,0,0,-1000,0,0,0,0,1000,-1000,-1000
059967,聯發科凱基99購20,0,0,0,0,0,0,0,0,0,-1000,0,0,0,1000,2000,-1000,-1000
059978,國巨元大99購29  ,0,0,0,0,0,0,0,0,0,-1000,0,0,0,0,1000,-1000,-1000
057488,聯發科元大99購02,0,0,0,0,0,0,0,0,0,-1000,0,0,0,0,1000,-1000,-1000
05796P,臺股指群益96售10,0,0,0,0,0,0,0,0,0,-1000,0,0,0,0,1000,-1000,-1000
060044,大立光群益99購09,0,0,0,0,0,0,0,0,0,-1000,0,0,0,0,1000,-1000,-1000
056899,可成元大98購01  ,0,0,0,0,0,0,0,0,0,-1000,0,0,0,0,1000,-1000,-1000
060111,臻鼎元大99購04  ,0,0,0,0,0,0,0,0,0,-1000,0,0,0,0,1000,-1000,-1000
05728P,滬深2X凱基98售03,0,0,0,0,0,0,0,0,0,-1000,0,0,0,0,1000,-1000,-1000
060480,億豐元大9A購02  ,0,0,0,0,0,0,0,0,0,-1000,0,0,0,1000,2000,-1000,-1000
060525,台積電中信01購04,0,0,0,0,0,0,0,0,0,-1000,0,0,0,4000,5000,-1000,-1000
06041P,全新永豐96售03  ,0,0,0,0,0,0,0,0,0,-1000,0,0,0,0,1000,-1000,-1000
058073,大立光凱基99購04,0,0,0,0,0,0,0,0,0,-1000,0,0,0,0,1000,-1000,-1000
058062,上銀中信98購01  ,0,0,0,0,0,0,0,0,0,-1000,0,0,0,0,1000,-1000,-1000
058513,宏達電元大99購05,0,0,0,0,0,0,0,0,0,-1000,0,0,0,76000,77000,-1000,-1000
058454,嘉晶永豐99購01  ,0,0,0,0,0,0,0,0,0,-1000,0,0,0,9000,10000,-1000,-1000
058443,T50正2富邦01購01,0,0,0,0,0,0,0,0,0,-1000,0,0,0,0,1000,-1000,-1000
059649,矽力凱基99購02  ,0,0,0,0,0,0,0,0,0,-1000,0,0,0,0,1000,-1000,-1000
059707,健策凱基9A購03  ,0,0,0,0,0,0,0,0,0,-1000,0,0,0,0,1000,-1000,-1000
059693,智原永豐99購01  ,0,0,0,0,0,0,0,0,0,-1000,0,0,0,0,1000,-1000,-1000
059566,台積電凱基9A購11,0,0,0,0,0,0,0,0,0,-1000,0,0,0,3000,4000,-1000,-1000
059427,國巨元大99購24  ,0,0,0,0,0,0,0,0,0,-1000,0,0,0,0,1000,-1000,-1000
059391,立積凱基9A購01  ,0,0,0,0,0,0,0,0,0,-1000,0,0,0,0,1000,-1000,-1000
058382,S&P500中信99購01,0,0,0,0,0,0,0,0,0,-1000,0,0,0,0,1000,-1000,-1000
058289,奇鋐國票9A購01  ,0,0,0,0,0,0,0,0,0,-1000,0,0,0,25000,26000,-1000,-1000
061751,華通台新9B購01  ,0,0,0,0,0,0,0,0,0,-1000,0,0,0,19000,20000,-1000,-1000
061707,超眾國票9B購01  ,0,0,0,0,0,0,0,0,0,-1000,0,0,0,17000,18000,-1000,-1000
061619,大立光群益9B購01,0,0,0,0,0,0,0,0,0,-1000,0,0,0,0,1000,-1000,-1000
06156P,大立光統一97售05,0,0,0,0,0,0,0,0,0,-1000,0,0,0,20000,21000,-1000,-1000
061936,旺宏國票9B購03  ,0,0,0,0,0,0,0,0,0,-1000,0,0,0,0,1000,-1000,-1000
061795,智邦永豐9B購01  ,0,0,0,0,0,0,0,0,0,-1000,0,0,0,0,1000,-1000,-1000
061313,滬深2X凱基9B購05,0,0,0,0,0,0,0,0,0,-1000,0,0,0,0,1000,-1000,-1000
06113P,台積電群益97售01,0,0,0,0,0,0,0,0,0,-1000,0,0,0,0,1000,-1000,-1000
061202,和大元大9A購02  ,0,0,0,0,0,0,0,0,0,-1000,0,0,0,72000,73000,-1000,-1000
062928,富邦金台新9B購02,0,0,0,0,0,0,0,0,0,-1000,0,0,0,10000,11000,-1000,-1000
062915,嘉澤元大9B購03  ,0,0,0,0,0,0,0,0,0,-1000,0,0,0,172000,173000,-1000,-1000
063017,台光電元大9B購07,0,0,0,0,0,0,0,0,0,-1000,0,0,0,5000,6000,-1000,-1000
063039,大立光凱基9C購02,0,0,0,0,0,0,0,0,0,-1000,0,0,0,45000,46000,-1000,-1000
063094,玉晶光國票01購03,0,0,0,0,0,0,0,0,0,-1000,0,0,0,11000,12000,-1000,-1000
063419,聯發科凱基03購01,0,0,0,0,0,0,0,0,0,-1000,0,0,0,0,1000,-1000,-1000
063412,寶成國票9C購01  ,0,0,0,0,0,0,0,0,0,-1000,0,0,0,10000,11000,-1000,-1000
063231,台泥元大9B購01  ,0,0,0,0,0,0,0,0,0,-1000,0,0,0,9000,10000,-1000,-1000
062668,國巨中信9B購04  ,0,0,0,0,0,0,0,0,0,-1000,0,0,0,10000,11000,-1000,-1000
062789,臺股指元大9B購32,0,0,0,0,0,0,0,0,0,-1000,0,0,0,0,1000,-1000,-1000
062444,大立光元大9C購01,0,0,0,0,0,0,0,0,0,-1000,0,0,0,10000,11000,-1000,-1000
062146,大毅國票9B購01  ,0,0,0,0,0,0,0,0,0,-1000,0,0,0,1000,2000,-1000,-1000
4737,華廣            ,1000,2000,-1000,0,0,0,0,0,0,0,0,0,0,0,0,0,-1000
6152,百一            ,0,1000,-1000,0,0,0,0,0,0,0,0,0,0,0,0,0,-1000
6251,定穎            ,909000,795000,114000,0,0,0,0,116000,-116000,1000,1000,0,1000,0,0,0,-1000
6283,淳安            ,20000,21000,-1000,0,0,0,0,0,0,0,0,0,0,0,0,0,-1000
06693P,臺股指凱基98售01,0,0,0,0,0,0,0,0,0,-2000,0,0,0,0,2000,-2000,-2000
06615P,鴻海元大9C售02  ,0,0,0,0,0,0,0,0,0,-2000,0,0,0,0,2000,-2000,-2000
06868P,電子類元大99售01,0,0,0,0,0,0,0,0,0,-2000,0,0,0,0,2000,-2000,-2000
06873P,嘉晶元富98售02  ,0,0,0,0,0,0,0,0,0,-2000,0,0,0,0,2000,-2000,-2000
06794P,臺股指凱基98售04,0,0,0,0,0,0,0,0,0,-2000,0,0,0,0,2000,-2000,-2000
06803P,臺股指群益98售09,0,0,0,0,0,0,0,0,0,-2000,0,0,0,1000,3000,-2000,-2000
064111,國巨國票02購02  ,0,0,0,0,0,0,0,0,0,-2000,0,0,0,0,2000,-2000,-2000
06602P,國巨統一99售02  ,0,0,0,0,0,0,0,0,0,-2000,0,0,0,0,2000,-2000,-2000
06488P,台積電元富98售05,0,0,0,0,0,0,0,0,0,-2000,0,0,0,2590000,2592000,-2000,-2000
06501P,臺股指元大9A售06,0,0,0,0,0,0,0,0,0,-2000,0,0,0,0,2000,-2000,-2000
07276P,臺股指群益99售19,0,0,0,0,0,0,0,0,0,-2000,0,0,0,0,2000,-2000,-2000
07141P,台灣50國票9A售03,0,0,0,0,0,0,0,0,0,-2000,0,0,0,0,2000,-2000,-2000
06926P,可成群益9A售04  ,0,0,0,0,0,0,0,0,0,-2000,0,0,0,0,2000,-2000,-2000
06394P,台積電元大97售28,0,0,0,0,0,0,0,0,0,-2000,0,0,0,5000,7000,-2000,-2000
063858,鴻海國泰02購01  ,0,0,0,0,0,0,0,0,0,-2000,0,0,0,0,2000,-2000,-2000
063830,智伸科國票01購01,0,0,0,0,0,0,0,0,0,-2000,0,0,0,8000,10000,-2000,-2000
063520,上銀凱基9B購05  ,0,0,0,0,0,0,0,0,0,-2000,0,0,0,0,2000,-2000,-2000
06371P,茂林國票98售04  ,0,0,0,0,0,0,0,0,0,-2000,0,0,0,20000,22000,-2000,-2000
06367P,台積電凱基97售14,0,0,0,0,0,0,0,0,0,-2000,0,0,0,0,2000,-2000,-2000
07785P,鴻海中信04售03  ,0,0,0,0,0,0,0,0,0,-2000,0,0,0,0,2000,-2000,-2000
07780P,美律凱基9A售02  ,0,0,0,0,0,0,0,0,0,-2000,0,0,0,8000,10000,-2000,-2000
07900P,臺股指凱基9B售03,0,0,0,0,0,0,0,0,0,-2000,0,0,0,0,2000,-2000,-2000
07877P,晶技永豐9B售01  ,0,0,0,0,0,0,0,0,0,-2000,0,0,0,25000,27000,-2000,-2000
07704P,台積電元大9A售25,0,0,0,0,0,0,0,0,0,-2000,0,0,0,0,2000,-2000,-2000
07641P,上銀凱基9A售05  ,0,0,0,0,0,0,0,0,0,-2000,0,0,0,100000,102000,-2000,-2000
07573P,國巨元大9A售11  ,0,0,0,0,0,0,0,0,0,-2000,0,0,0,0,2000,-2000,-2000
08331P,義隆元富9C售02  ,0,0,0,0,0,0,0,0,0,-2000,0,0,0,0,2000,-2000,-2000
08262P,茂林元大9C售01  ,0,0,0,0,0,0,0,0,0,-2000,0,0,0,11000,13000,-2000,-2000
08060P,嘉澤元大9B售01  ,0,0,0,0,0,0,0,0,0,-2000,0,0,0,5000,7000,-2000,-2000
08043P,電子類群益9B售01,0,0,0,0,0,0,0,0,0,-2000,0,0,0,0,2000,-2000,-2000
3022,威強電          ,35000,37000,-2000,0,0,0,0,0,0,0,0,0,0,0,0,0,-2000
1541,錩泰            ,7000,7000,0,0,0,0,0,0,0,-2000,0,2000,-2000,0,0,0,-2000
1503,士電            ,17000,19000,-2000,0,0,0,0,0,0,0,0,0,0,0,0,0,-2000
00715L,街口布蘭特油正2 ,0,1000,-1000,0,0,0,0,0,0,-1000,0,0,0,0,1000,-1000,-2000
00763U,街口道瓊銅      ,0,0,0,0,0,0,0,0,0,-2000,0,0,0,42000,44000,-2000,-2000
0054,元大台商50      ,0,0,0,0,0,0,0,0,0,-2000,0,0,0,7000,9000,-2000,-2000
051381,玉晶光群益98購01,0,0,0,0,0,0,0,0,0,-2000,0,0,0,13000,15000,-2000,-2000
03424B,臺股指元大96熊26,0,0,0,0,0,0,0,0,0,-2000,0,0,0,0,2000,-2000,-2000
03430B,臺股指元大9B熊01,0,0,0,0,0,0,0,0,0,-2000,0,0,0,0,2000,-2000,-2000
03013X,元展13          ,0,0,0,0,0,0,0,0,0,-2000,0,0,0,0,2000,-2000,-2000
053998,泰鼎群益98購01  ,0,0,0,0,0,0,0,0,0,-2000,0,0,0,0,2000,-2000,-2000
053994,微星群益96購01  ,0,0,0,0,0,0,0,0,0,-2000,0,0,0,0,2000,-2000,-2000
048270,T50反1富邦99購01,0,0,0,0,0,0,0,0,0,-2000,0,0,0,0,2000,-2000,-2000
048652,巨大元大96購01  ,0,0,0,0,0,0,0,0,0,-2000,0,0,0,0,2000,-2000,-2000
054174,宏達電台新97購01,0,0,0,0,0,0,0,0,0,-2000,0,0,0,0,2000,-2000,-2000
054148,矽創元大96購03  ,0,0,0,0,0,0,0,0,0,-2000,0,0,0,73000,75000,-2000,-2000
055575,華新科統一98購01,0,0,0,0,0,0,0,0,0,-2000,0,0,0,0,2000,-2000,-2000
055558,大立光凱基97購08,0,0,0,0,0,0,0,0,0,-2000,0,0,0,0,2000,-2000,-2000
056639,國產康和98購01  ,0,0,0,0,0,0,0,0,0,-2000,0,0,0,28000,30000,-2000,-2000
056626,同欣電永豐98購01,0,0,0,0,0,0,0,0,0,-2000,0,0,0,0,2000,-2000,-2000
055521,S&P反1群益01購01,0,0,0,0,0,0,0,0,0,-2000,0,0,0,0,2000,-2000,-2000
054278,晶技群益97購02  ,0,0,0,0,0,0,0,0,0,-2000,0,0,0,0,2000,-2000,-2000
054950,奇力新元大98購02,0,0,0,0,0,0,0,0,0,-2000,0,0,0,0,2000,-2000,-2000
056092,亞德客元富97購02,0,0,0,0,0,0,0,0,0,-2000,0,0,0,33000,35000,-2000,-2000
058997,鴻海元大99購21  ,0,0,0,0,0,0,0,0,0,-2000,0,0,0,0,2000,-2000,-2000
059019,元石油統一9B購03,0,0,0,0,0,0,0,0,0,-2000,0,0,0,0,2000,-2000,-2000
058861,國巨凱基9A購08  ,0,0,0,0,0,0,0,0,0,-2000,0,0,0,1000,3000,-2000,-2000
058907,健策元大99購04  ,0,0,0,0,0,0,0,0,0,-2000,0,0,0,28000,30000,-2000,-2000
056537,冠德凱基98購01  ,0,0,0,0,0,0,0,0,0,-2000,0,0,0,13000,15000,-2000,-2000
056219,T50反1日盛02購01,0,0,0,0,0,0,0,0,0,-2000,0,0,0,0,2000,-2000,-2000
056162,祥碩凱基97購03  ,0,0,0,0,0,0,0,0,0,-2000,0,0,0,0,2000,-2000,-2000
056351,鴻海元大98購06  ,0,0,0,0,0,0,0,0,0,-2000,0,0,0,1000,3000,-2000,-2000
056765,友達元大9B購05  ,0,0,0,0,0,0,0,0,0,-2000,0,0,0,70000,72000,-2000,-2000
054871,明泰群益98購01  ,0,0,0,0,0,0,0,0,0,-2000,0,0,0,0,2000,-2000,-2000
054529,T50反1國泰97購02,0,0,0,0,0,0,0,0,0,-2000,0,0,0,0,2000,-2000,-2000
055798,聯茂富邦98購01  ,0,0,0,0,0,0,0,0,0,-2000,0,0,0,0,2000,-2000,-2000
055714,智邦元大97購03  ,0,0,0,0,0,0,0,0,0,-2000,0,0,0,0,2000,-2000,-2000
059386,上銀凱基99購07  ,0,0,0,0,0,0,0,0,0,-2000,0,0,0,0,2000,-2000,-2000
058448,滬深2X永豐9A購01,0,0,0,0,0,0,0,0,0,-2000,0,0,0,0,2000,-2000,-2000
058485,智邦國票9A購01  ,0,0,0,0,0,0,0,0,0,-2000,0,0,0,0,2000,-2000,-2000
057091,華新科元富9A購01,0,0,0,0,0,0,0,0,0,-2000,0,0,0,0,2000,-2000,-2000
05809P,臺股指國票96售02,0,0,0,0,0,0,0,0,0,-2000,0,0,0,0,2000,-2000,-2000
060291,高鐵元大9A購01  ,0,0,0,0,0,0,0,0,0,-2000,0,0,0,4000,6000,-2000,-2000
060280,元金2X元大9A購01,0,0,0,0,0,0,0,0,0,-2000,0,0,0,0,2000,-2000,-2000
060738,矽格統一9C購01  ,0,0,0,0,0,0,0,0,0,-2000,0,0,0,0,2000,-2000,-2000
060221,大立光凱基9A購07,0,0,0,0,0,0,0,0,0,-2000,0,0,0,0,2000,-2000,-2000
060719,瀚宇博永豐9A購01,0,0,0,0,0,0,0,0,0,-2000,0,0,0,0,2000,-2000,-2000
060414,中興電永豐9A購01,0,0,0,0,0,0,0,0,0,-2000,0,0,0,50000,52000,-2000,-2000
060373,元金2X元富9A購01,0,0,0,0,0,0,0,0,0,-2000,0,0,0,0,2000,-2000,-2000
060463,台積電元大9A購10,0,0,0,0,0,0,0,0,0,-2000,0,0,0,0,2000,-2000,-2000
057295,可成永豐98購02  ,0,0,0,0,0,0,0,0,0,-2000,0,0,0,0,2000,-2000,-2000
056903,大立光元大99購04,0,0,0,0,0,0,0,0,0,-2000,0,0,0,0,2000,-2000,-2000
056913,臺股指元大99購05,0,0,0,0,0,0,0,0,0,-2000,0,0,0,0,2000,-2000,-2000
060039,大立光國票99購04,0,0,0,0,0,0,0,0,0,-2000,0,0,0,0,2000,-2000,-2000
060037,鴻海國票99購10  ,0,0,0,0,0,0,0,0,0,-2000,0,0,0,1000,3000,-2000,-2000
057497,祥碩元大98購06  ,0,0,0,0,0,0,0,0,0,-2000,0,0,0,0,2000,-2000,-2000
059250,大立光凱基99購06,0,0,0,0,0,0,0,0,0,-2000,0,0,0,0,2000,-2000,-2000
057785,智邦國票99購02  ,0,0,0,0,0,0,0,0,0,-2000,0,0,0,0,2000,-2000,-2000
057757,鴻海凱基98購13  ,0,0,0,0,0,0,0,0,0,-2000,0,0,0,0,2000,-2000,-2000
057772,台積電群益99購01,0,0,0,0,0,0,0,0,0,-2000,0,0,0,47000,49000,-2000,-2000
057652,欣興永昌9C購01  ,0,0,0,0,0,0,0,0,0,-2000,0,0,0,0,2000,-2000,-2000
057659,台表科兆豐98購01,0,0,0,0,0,0,0,0,0,-2000,0,0,0,0,2000,-2000,-2000
057619,玉晶光凱基98購02,0,0,0,0,0,0,0,0,0,-2000,0,0,0,0,2000,-2000,-2000
059079,SGBR2X元大99購01,0,0,0,0,0,0,0,0,0,-2000,0,0,0,0,2000,-2000,-2000
059812,上証2X凱基9A購04,0,0,0,0,0,0,0,0,0,-2000,0,0,0,0,2000,-2000,-2000
059899,上証2X元大9C購04,0,0,0,0,0,0,0,0,0,-2000,0,0,0,0,2000,-2000,-2000
062211,玉晶光台新9B購01,0,0,0,0,0,0,0,0,0,-2000,0,0,0,3000,5000,-2000,-2000
062180,瑞昱元大9B購03  ,0,0,0,0,0,0,0,0,0,-2000,0,0,0,112000,114000,-2000,-2000
062222,華新科統一9B購04,0,0,0,0,0,0,0,0,0,-2000,0,0,0,33000,35000,-2000,-2000
062254,台光電元大9B購02,0,0,0,0,0,0,0,0,0,-2000,0,0,0,0,2000,-2000,-2000
062446,聯詠元大9B購02  ,0,0,0,0,0,0,0,0,0,-2000,0,0,0,80000,82000,-2000,-2000
062378,台表科元大9C購01,0,0,0,0,0,0,0,0,0,-2000,0,0,0,139000,141000,-2000,-2000
062314,玉晶光凱基9B購06,0,0,0,0,0,0,0,0,0,-2000,0,0,0,27000,29000,-2000,-2000
062370,華擎元大9B購01  ,0,0,0,0,0,0,0,0,0,-2000,0,0,0,0,2000,-2000,-2000
062339,瑞昱麥證9C購01  ,0,0,0,23000,12000,11000,0,0,0,-2000,0,0,0,23000,25000,-2000,-2000
062749,元金2X中信9B購01,0,0,0,0,0,0,0,0,0,-2000,0,0,0,0,2000,-2000,-2000
062623,元金2X國票01購01,0,0,0,0,0,0,0,0,0,-2000,0,0,0,0,2000,-2000,-2000
062548,智易永豐9B購01  ,0,0,0,0,0,0,0,0,0,-2000,0,0,0,0,2000,-2000,-2000
063185,聯發科凱基9C購03,0,0,0,0,0,0,0,0,0,-2000,0,0,0,0,2000,-2000,-2000
063296,可成麥證9B購01  ,0,0,0,14000,14000,0,0,0,0,-2000,0,0,0,14000,16000,-2000,-2000
063052,國巨統一9C購10  ,0,0,0,0,0,0,0,0,0,-2000,0,0,0,0,2000,-2000,-2000
063027,台汽電元大9B購01,0,0,0,0,0,0,0,0,0,-2000,0,0,0,0,2000,-2000,-2000
061252,臺股指群益9A購03,0,0,0,0,0,0,0,0,0,-2000,0,0,0,0,2000,-2000,-2000
061415,健策群益9A購04  ,0,0,0,0,0,0,0,0,0,-2000,0,0,0,3000,5000,-2000,-2000
061054,台積電群益9A購04,0,0,0,0,0,0,0,0,0,-2000,0,0,0,23000,25000,-2000,-2000
060939,鴻海國票9A購06  ,0,0,0,0,0,0,0,0,0,-2000,0,0,0,3000,5000,-2000,-2000
060792,信錦永豐9A購01  ,0,0,0,0,0,0,0,0,0,-2000,0,0,0,0,2000,-2000,-2000
06066P,群創台新98售01  ,0,0,0,0,0,0,0,0,0,-2000,0,0,0,0,2000,-2000,-2000
06086P,台積電康和97售01,0,0,0,0,0,0,0,0,0,-2000,0,0,0,0,2000,-2000,-2000
060903,臺指反元大9A購01,0,0,0,0,0,0,0,0,0,-2000,0,0,0,0,2000,-2000,-2000
06212P,華新科元大97售11,0,0,0,0,0,0,0,0,0,-2000,0,0,0,2000,4000,-2000,-2000
061987,大立光元大9B購03,0,0,0,0,0,0,0,0,0,-2000,0,0,0,0,2000,-2000,-2000
061539,國巨群益9B購03  ,0,0,0,0,0,0,0,0,0,-2000,0,0,0,2000,4000,-2000,-2000
061497,大立光國票9A購09,0,0,0,0,0,0,0,0,0,-2000,0,0,0,0,2000,-2000,-2000
061530,智邦台新9A購02  ,0,0,0,0,0,0,0,0,0,-2000,0,0,0,12000,14000,-2000,-2000
6671,三能-KY         ,0,2000,-2000,0,0,0,0,0,0,0,0,0,0,0,0,0,-2000
8940,新天地          ,0,2000,-2000,0,0,0,0,0,0,0,0,0,0,0,0,0,-2000
8442,威宏-KY         ,0,0,0,0,0,0,0,0,0,-2000,0,2000,-2000,0,0,0,-2000
4439,冠星-KY         ,0,2000,-2000,0,0,0,0,0,0,0,0,0,0,0,0,0,-2000
2748,雲品            ,14000,17000,-3000,0,0,0,0,0,0,0,0,0,0,0,0,0,-3000
08208P,臺股指群益9B售16,0,0,0,0,0,0,0,0,0,-3000,0,0,0,0,3000,-3000,-3000
1312A,國喬特          ,0,0,0,0,0,0,0,0,0,-3000,0,3000,-3000,0,0,0,-3000
07490P,大立光國票9A售03,0,0,0,0,0,0,0,0,0,-3000,0,0,0,36000,39000,-3000,-3000
07655P,台灣50凱基01售09,0,0,0,0,0,0,0,0,0,-3000,0,0,0,0,3000,-3000,-3000
07863P,華新科凱基9B售07,0,0,0,0,0,0,0,0,0,-3000,0,0,0,0,3000,-3000,-3000
07943P,瑞昱元大9B售02  ,0,0,0,0,0,0,0,0,0,-3000,0,0,0,0,3000,-3000,-3000
07787P,國巨凱基9A售17  ,0,0,0,0,0,0,0,0,0,-3000,0,0,0,0,3000,-3000,-3000
07758P,台積電國票9A售06,0,0,0,0,0,0,0,0,0,-3000,0,0,0,0,3000,-3000,-3000
063605,健策凱基9C購02  ,0,0,0,0,0,0,0,0,0,-3000,0,0,0,0,3000,-3000,-3000
063617,鴻海兆豐01購01  ,0,0,0,0,0,0,0,0,0,-3000,0,0,0,0,3000,-3000,-3000
063644,祥碩元大9B購10  ,0,0,0,0,0,0,0,0,0,-3000,0,0,0,0,3000,-3000,-3000
06376P,上銀統一99售01  ,0,0,0,0,0,0,0,0,0,-3000,0,0,0,13000,16000,-3000,-3000
063839,華通元大9C購02  ,0,0,0,0,0,0,0,0,0,-3000,0,0,0,10000,13000,-3000,-3000
063905,健策麥證02購01  ,0,0,0,0,3000,-3000,0,0,0,-3000,0,0,0,0,3000,-3000,-3000
07089P,臺指2X中信01售01,0,0,0,0,0,0,0,0,0,-3000,0,0,0,110000,113000,-3000,-3000
07210P,智邦凱基99售03  ,0,0,0,0,0,0,0,0,0,-3000,0,0,0,0,3000,-3000,-3000
07418P,聯發科元大99售45,0,0,0,0,0,0,0,0,0,-3000,0,0,0,198000,201000,-3000,-3000
064117,中興電元大9C購01,0,0,0,0,0,0,0,0,0,-3000,0,0,0,0,3000,-3000,-3000
06799P,臺股指凱基98售09,0,0,0,0,0,0,0,0,0,-3000,0,0,0,8000,11000,-3000,-3000
06630P,國巨群益98售08  ,0,0,0,0,0,0,0,0,0,-3000,0,0,0,0,3000,-3000,-3000
06640P,國巨兆豐99售02  ,0,0,0,0,0,0,0,0,0,-3000,0,0,0,11000,14000,-3000,-3000
055710,亞德客元大97購03,0,0,0,0,0,0,0,0,0,-3000,0,0,0,97000,100000,-3000,-3000
05576P,群創日盛99售02  ,0,0,0,0,0,0,0,0,0,-3000,0,0,0,0,3000,-3000,-3000
055847,大立光元大97購10,0,0,0,0,0,0,0,0,0,-3000,0,0,0,0,3000,-3000,-3000
054679,台積電康和99購01,0,0,0,0,0,0,0,0,0,-3000,0,0,0,0,3000,-3000,-3000
056165,矽力凱基98購02  ,0,0,0,0,0,0,0,0,0,-3000,0,0,0,0,3000,-3000,-3000
056190,昇陽半統一97購01,0,0,0,0,0,0,0,0,0,-3000,0,0,0,0,3000,-3000,-3000
055354,宏達電凱基98購01,0,0,0,0,0,0,0,0,0,-3000,0,0,0,0,3000,-3000,-3000
053407,台積電兆豐96購02,0,0,0,0,0,0,0,0,0,-3000,0,0,0,20000,23000,-3000,-3000
053212,友達凱基99購04  ,0,0,0,0,0,0,0,0,0,-3000,0,0,0,0,3000,-3000,-3000
053661,嘉澤凱基97購01  ,0,0,0,0,0,0,0,0,0,-3000,0,0,0,0,3000,-3000,-3000
053662,矽力凱基97購01  ,0,0,0,0,0,0,0,0,0,-3000,0,0,0,0,3000,-3000,-3000
055417,健策富邦98購02  ,0,0,0,0,0,0,0,0,0,-3000,0,0,0,12000,15000,-3000,-3000
052835,滬深2X國泰98購01,0,0,0,0,0,0,0,0,0,-3000,0,0,0,0,3000,-3000,-3000
048571,美利達元大96購03,0,0,0,0,0,0,0,0,0,-3000,0,0,0,0,3000,-3000,-3000
03052X,元展49          ,0,0,0,0,0,0,0,0,0,-3000,0,0,0,0,3000,-3000,-3000
059788,華新科元大9A購05,0,0,0,0,0,0,0,0,0,-3000,0,0,0,0,3000,-3000,-3000
058593,大立光統一9B購02,0,0,0,0,0,0,0,0,0,-3000,0,0,0,0,3000,-3000,-3000
057808,旺宏元大99購05  ,0,0,0,0,0,0,0,0,0,-3000,0,0,0,0,3000,-3000,-3000
059263,瑞昱中信01購01  ,0,0,0,0,0,0,0,0,0,-3000,0,0,0,0,3000,-3000,-3000
057737,國巨富邦99購02  ,0,0,0,0,0,0,0,0,0,-3000,0,0,0,0,3000,-3000,-3000
057524,旺宏元大99購04  ,0,0,0,0,0,0,0,0,0,-3000,0,0,0,50000,53000,-3000,-3000
057221,華通國票98購03  ,0,0,0,0,0,0,0,0,0,-3000,0,0,0,12000,15000,-3000,-3000
059368,T50正2元富99購02,0,0,0,0,0,0,0,0,0,-3000,0,0,0,0,3000,-3000,-3000
05793P,臺股指中信99售08,0,0,0,0,0,0,0,0,0,-3000,0,0,0,0,3000,-3000,-3000
060092,瑞昱元大99購03  ,0,0,0,0,0,0,0,0,0,-3000,0,0,0,0,3000,-3000,-3000
060146,健策國票9A購03  ,0,0,0,0,0,0,0,0,0,-3000,0,0,0,0,3000,-3000,-3000
056879,旺宏國票99購02  ,0,0,0,0,0,0,0,0,0,-3000,0,0,0,2000,5000,-3000,-3000
060524,國巨中信9A購03  ,0,0,0,0,0,0,0,0,0,-3000,0,0,0,0,3000,-3000,-3000
060547,瑞昱凱基9A購01  ,0,0,0,0,0,0,0,0,0,-3000,0,0,0,0,3000,-3000,-3000
060325,旺宏群益9A購02  ,0,0,0,0,0,0,0,0,0,-3000,0,0,0,0,3000,-3000,-3000
057183,玉晶光元大99購07,0,0,0,0,0,0,0,0,0,-3000,0,0,0,191000,194000,-3000,-3000
058132,義隆元大99購03  ,0,0,0,0,0,0,0,0,0,-3000,0,0,0,0,3000,-3000,-3000
057094,祥碩元富98購01  ,0,0,0,0,0,0,0,0,0,-3000,0,0,0,0,3000,-3000,-3000
059700,鴻海凱基9A購16  ,0,0,0,0,0,0,0,0,0,-3000,0,0,0,0,3000,-3000,-3000
058231,技嘉元大99購02  ,0,0,0,0,0,0,0,0,0,-3000,0,0,0,10000,13000,-3000,-3000
058403,玉晶光元大99購12,0,0,0,0,0,0,0,0,0,-3000,0,0,0,2000,5000,-3000,-3000
061475,漢唐元大9A購01  ,0,0,0,0,0,0,0,0,0,-3000,0,0,0,0,3000,-3000,-3000
061612,南六統一9A購01  ,0,0,0,0,0,0,0,0,0,-3000,0,0,0,99000,102000,-3000,-3000
06165P,臺股指凱基9A售03,0,0,0,0,0,0,0,0,0,-3000,0,0,0,0,3000,-3000,-3000
061700,瑞昱國票9A購02  ,0,0,0,0,0,0,0,0,0,-3000,0,0,0,51000,54000,-3000,-3000
061698,智邦國票9A購04  ,0,0,0,0,0,0,0,0,0,-3000,0,0,0,0,3000,-3000,-3000
060849,力成國票9A購01  ,0,0,0,0,0,0,0,0,0,-3000,0,0,0,0,3000,-3000,-3000
060929,健策永豐9A購01  ,0,0,0,0,0,0,0,0,0,-3000,0,0,0,10000,13000,-3000,-3000
061255,道瓊反凱基9C購01,0,0,0,0,0,0,0,0,0,-3000,0,0,0,0,3000,-3000,-3000
061186,牧德國泰9C購01  ,0,0,0,0,0,0,0,0,0,-3000,0,0,0,24000,27000,-3000,-3000
063178,聯發科兆豐9B購04,0,0,0,0,0,0,0,0,0,-3000,0,0,0,5000,8000,-3000,-3000
062554,台積電凱基9B購08,0,0,0,0,0,0,0,0,0,-3000,0,0,0,29000,32000,-3000,-3000
062767,GIS凱基9B購02   ,0,0,0,0,0,0,0,0,0,-3000,0,0,0,0,3000,-3000,-3000
062267,滬深2X群益01購05,0,0,0,0,0,0,0,0,0,-3000,0,0,0,0,3000,-3000,-3000
8462,柏文            ,82000,11000,71000,0,0,0,0,74000,-74000,0,0,0,0,0,0,0,-3000
06716P,台積電元大9A售02,0,0,0,0,0,0,0,0,0,-4000,0,0,0,10000,14000,-4000,-4000
064087,華新科凱基9C購03,0,0,0,0,0,0,0,0,0,-4000,0,0,0,0,4000,-4000,-4000
064133,力成元大9C購01  ,0,0,0,0,0,0,0,0,0,-4000,0,0,0,0,4000,-4000,-4000
064188,玉晶光永豐9C購02,0,0,0,0,0,0,0,0,0,-4000,0,0,0,0,4000,-4000,-4000
07415P,台積電元大99售52,0,0,0,0,0,0,0,0,0,-4000,0,0,0,3000,7000,-4000,-4000
07306P,台灣50凱基9A售09,0,0,0,0,0,0,0,0,0,-4000,0,0,0,0,4000,-4000,-4000
07134P,臺股指元大9A售28,0,0,0,0,0,0,0,0,0,-4000,0,0,0,23000,27000,-4000,-4000
07013P,玉晶光群益9A售06,0,0,0,0,0,0,0,0,0,-4000,0,0,0,0,4000,-4000,-4000
07005P,台積電統一9B售05,0,0,0,0,0,0,0,0,0,-4000,0,0,0,0,4000,-4000,-4000
064003,台積電凱基01購03,0,0,0,0,0,0,0,0,0,-4000,0,0,0,0,4000,-4000,-4000
063636,聯發科元大9B購26,0,0,0,0,0,0,0,0,0,-4000,0,0,0,12000,16000,-4000,-4000
063640,貿聯元大9B購03  ,0,0,0,0,0,0,0,0,0,-4000,0,0,0,60000,64000,-4000,-4000
07749P,台郡凱基9A售01  ,0,0,0,0,0,0,0,0,0,-4000,0,0,0,6000,10000,-4000,-4000
07958P,華擎群益9B售01  ,0,0,0,0,0,0,0,0,0,-4000,0,0,0,0,4000,-4000,-4000
07664P,台灣50元大9C售30,0,0,0,0,0,0,0,0,0,-4000,0,0,0,0,4000,-4000,-4000
07484P,台灣50凱基04售02,0,0,0,0,0,0,0,0,0,-4000,0,0,0,0,4000,-4000,-4000
07609P,台灣50國票9C售04,0,0,0,0,0,0,0,0,0,-4000,0,0,0,0,4000,-4000,-4000
1232,大統益          ,0,4000,-4000,0,0,0,0,0,0,0,0,0,0,0,0,0,-4000
1236,宏亞            ,0,1000,-1000,0,0,0,0,0,0,-3000,0,3000,-3000,0,0,0,-4000
08038P,臺股指群益9B售11,0,0,0,0,0,0,0,0,0,-4000,0,0,0,2000,6000,-4000,-4000
07968P,國巨元大9B售09  ,0,0,0,0,0,0,0,0,0,-4000,0,0,0,0,4000,-4000,-4000
3021,鴻名            ,2000,6000,-4000,0,0,0,0,0,0,0,0,0,0,0,0,0,-4000
3305,昇貿            ,26000,28000,-2000,0,0,0,0,0,0,-2000,1000,3000,-2000,0,0,0,-4000
1727,中華化          ,2000,6000,-4000,0,0,0,0,0,0,0,0,0,0,0,0,0,-4000
1737,臺鹽            ,14000,20000,-6000,0,0,0,0,0,0,2000,2000,0,2000,0,0,0,-4000
03049X,元展46          ,0,0,0,0,0,0,0,0,0,-4000,0,0,0,0,4000,-4000,-4000
051578,智邦元大96購01  ,0,0,0,0,0,0,0,0,0,-4000,0,0,0,0,4000,-4000,-4000
054231,國巨群益98購03  ,0,0,0,0,0,0,0,0,0,-4000,0,0,0,34000,38000,-4000,-4000
052969,建準群益97購01  ,0,0,0,0,0,0,0,0,0,-4000,0,0,0,0,4000,-4000,-4000
053320,華新科群益97購01,0,0,0,0,0,0,0,0,0,-4000,0,0,0,0,4000,-4000,-4000
054852,奇鋐國票98購01  ,0,0,0,0,0,0,0,0,0,-4000,0,0,0,38000,42000,-4000,-4000
054917,聯發科凱基98購05,0,0,0,0,0,0,0,0,0,-4000,0,0,0,0,4000,-4000,-4000
05899P,臺股指凱基96售30,0,0,0,0,0,0,0,0,0,-4000,0,0,0,0,4000,-4000,-4000
058842,元油2X群益9C購01,0,0,0,0,0,0,0,0,0,-4000,0,0,0,0,4000,-4000,-4000
056211,南港國票98購01  ,0,0,0,0,0,0,0,0,0,-4000,0,0,0,0,4000,-4000,-4000
056504,國巨永豐98購02  ,0,0,0,0,0,0,0,0,0,-4000,0,0,0,56000,60000,-4000,-4000
056742,玉晶光凱基9A購01,0,0,0,0,0,0,0,0,0,-4000,0,0,0,0,4000,-4000,-4000
054421,臺股指元大99購03,0,0,0,0,0,0,0,0,0,-4000,0,0,0,6000,10000,-4000,-4000
058362,聯發科凱基99購06,0,0,0,0,0,0,0,0,0,-4000,0,0,0,0,4000,-4000,-4000
058345,台光電群益99購03,0,0,0,0,0,0,0,0,0,-4000,0,0,0,0,4000,-4000,-4000
058296,明泰凱基99購01  ,0,0,0,0,0,0,0,0,0,-4000,0,0,0,0,4000,-4000,-4000
059644,茂林凱基99購03  ,0,0,0,0,0,0,0,0,0,-4000,0,0,0,0,4000,-4000,-4000
058004,大立光群益98購03,0,0,0,0,0,0,0,0,0,-4000,0,0,0,0,4000,-4000,-4000
060200,同欣電元富9A購01,0,0,0,0,0,0,0,0,0,-4000,0,0,0,2000,6000,-4000,-4000
058085,景碩群益9A購01  ,0,0,0,0,0,0,0,0,0,-4000,0,0,0,0,4000,-4000,-4000
060305,得力永豐9A購01  ,0,0,0,0,0,0,0,0,0,-4000,0,0,0,97000,101000,-4000,-4000
060586,玉晶光元富9A購03,0,0,0,0,0,0,0,0,0,-4000,0,0,0,0,4000,-4000,-4000
060112,祥碩元大99購04  ,0,0,0,0,0,0,0,0,0,-4000,0,0,0,0,4000,-4000,-4000
056960,光罩永豐98購01  ,0,0,0,0,0,0,0,0,0,-4000,0,0,0,0,4000,-4000,-4000
058670,鴻海群益9A購03  ,0,0,0,0,0,0,0,0,0,-4000,0,0,0,1000,5000,-4000,-4000
058600,國巨元大99購15  ,0,0,0,0,0,0,0,0,0,-4000,0,0,0,0,4000,-4000,-4000
057640,台積電元大98購16,0,0,0,0,0,0,0,0,0,-4000,0,0,0,1000,5000,-4000,-4000
062281,奇鋐群益9B購01  ,0,0,0,0,0,0,0,0,0,-4000,0,0,0,0,4000,-4000,-4000
062560,奇鋐凱基9B購02  ,0,0,0,0,0,0,0,0,0,-4000,0,0,0,0,4000,-4000,-4000
062625,華通國票9B購02  ,0,0,0,0,0,0,0,0,0,-4000,0,0,0,24000,28000,-4000,-4000
062977,健策元富9B購01  ,0,0,0,0,0,0,0,0,0,-4000,0,0,0,50000,54000,-4000,-4000
061201,FBVIX元大01購03 ,0,0,0,0,0,0,0,0,0,-4000,0,0,0,0,4000,-4000,-4000
06120P,大立光凱基98售05,0,0,0,0,0,0,0,0,0,-4000,0,0,0,0,4000,-4000,-4000
060941,台積電國票9B購04,0,0,0,0,0,0,0,0,0,-4000,0,0,0,12000,16000,-4000,-4000
060901,臺股指凱基9A購13,0,0,0,0,0,0,0,0,0,-4000,0,0,0,1000,5000,-4000,-4000
061724,訊芯永豐9A購01  ,0,0,0,0,0,0,0,0,0,-4000,0,0,0,20000,24000,-4000,-4000
061722,健策永豐9B購03  ,0,0,0,0,0,0,0,0,0,-4000,0,0,0,10000,14000,-4000,-4000
061760,臺指反元大01購06,0,0,0,0,0,0,0,0,0,-4000,0,0,0,0,4000,-4000,-4000
061499,嘉晶國票9A購03  ,0,0,0,0,0,0,0,0,0,-4000,0,0,0,4000,8000,-4000,-4000
911868,同方友友-DR     ,0,4000,-4000,0,0,0,0,0,0,0,0,0,0,0,0,0,-4000
9924,福興            ,17000,22000,-5000,0,0,0,0,0,0,1000,1000,0,1000,0,0,0,-4000
1463,強盛            ,2000,7000,-5000,0,0,0,0,0,0,0,2000,2000,0,0,0,0,-5000
2820,華票            ,88000,93000,-5000,0,0,0,0,0,0,0,0,0,0,0,0,0,-5000
2524,京城            ,28000,33000,-5000,0,0,0,0,0,0,0,0,0,0,0,0,0,-5000
07962P,聯詠中信05售03  ,0,0,0,0,0,0,0,0,0,-5000,0,0,0,0,5000,-5000,-5000
07976P,聯發科群益9C售02,0,0,0,0,0,0,0,0,0,-5000,0,0,0,25000,30000,-5000,-5000
07977P,華新科群益01售01,0,0,0,0,0,0,0,0,0,-5000,0,0,0,0,5000,-5000,-5000
08034P,台積電兆豐9B售02,0,0,0,0,0,0,0,0,0,-5000,0,0,0,0,5000,-5000,-5000
08028P,臺股指元大9B售30,0,0,0,0,0,0,0,0,0,-5000,0,0,0,0,5000,-5000,-5000
08144P,臺股指凱基02售03,0,0,0,0,0,0,0,0,0,-5000,0,0,0,0,5000,-5000,-5000
08127P,聯發科元大9B售21,0,0,0,0,0,0,0,0,0,-5000,0,0,0,50000,55000,-5000,-5000
08128P,聯發科元大9B售22,0,0,0,0,0,0,0,0,0,-5000,0,0,0,25000,30000,-5000,-5000
08116P,臺股指凱基9B售17,0,0,0,0,0,0,0,0,0,-5000,0,0,0,0,5000,-5000,-5000
1225,福懋油          ,8000,13000,-5000,0,0,0,0,0,0,0,0,0,0,0,0,0,-5000
08303P,聯發科富邦9C售05,0,0,0,0,0,0,0,0,0,-5000,0,0,0,0,5000,-5000,-5000
08251P,臺股指群益9C售09,0,0,0,0,0,0,0,0,0,-5000,0,0,0,0,5000,-5000,-5000
08239P,南六永豐9B售03  ,0,0,0,0,0,0,0,0,0,-5000,0,0,0,0,5000,-5000,-5000
08234P,華擎元富9B售03  ,0,0,0,0,0,0,0,0,0,-5000,0,0,0,0,5000,-5000,-5000
07619P,鴻海統一9A售03  ,0,0,0,0,0,0,0,0,0,-5000,0,0,0,0,5000,-5000,-5000
07564P,臺股指中信01售01,0,0,0,0,0,0,0,0,0,-5000,0,0,0,0,5000,-5000,-5000
07534P,台灣50群益9A售12,0,0,0,0,0,0,0,0,0,-5000,0,0,0,0,5000,-5000,-5000
07525P,臺股指中信9B售07,0,0,0,0,0,0,0,0,0,-5000,0,0,0,0,5000,-5000,-5000
07954P,台表科元大9B售02,0,0,0,0,0,0,0,0,0,-5000,0,0,0,5000,10000,-5000,-5000
07927P,國巨統一9B售08  ,0,0,0,0,0,0,0,0,0,-5000,0,0,0,0,5000,-5000,-5000
07752P,台灣50元大9C售33,0,0,0,0,0,0,0,0,0,-5000,0,0,0,20000,25000,-5000,-5000
07748P,茂林凱基9A售04  ,0,0,0,0,0,0,0,0,0,-5000,0,0,0,0,5000,-5000,-5000
07742P,台積電凱基9A售25,0,0,0,0,0,0,0,0,0,-5000,0,0,0,5000,10000,-5000,-5000
07792P,牧德元大9A售04  ,0,0,0,0,0,0,0,0,0,-5000,0,0,0,10000,15000,-5000,-5000
063733,聯發科元大9B購27,0,0,0,0,0,0,0,0,0,-5000,0,0,0,49000,54000,-5000,-5000
063462,金像電元大9C購01,0,0,0,0,0,0,0,0,0,-5000,0,0,0,13000,18000,-5000,-5000
064069,華新科永豐9C購01,0,0,0,0,0,0,0,0,0,-5000,0,0,0,5000,10000,-5000,-5000
063944,建準元大9C購01  ,0,0,0,0,0,0,0,0,0,-5000,0,0,0,7000,12000,-5000,-5000
063847,聯發科元大9C購03,0,0,0,0,0,0,0,0,0,-5000,0,0,0,5000,10000,-5000,-5000
06380P,臺股指統一98售02,0,0,0,0,0,0,0,0,0,-5000,0,0,0,0,5000,-5000,-5000
06964P,臺股指凱基9B售01,0,0,0,0,0,0,0,0,0,-5000,0,0,0,0,5000,-5000,-5000
06925P,致茂群益9A售02  ,0,0,0,0,0,0,0,0,0,-5000,0,0,0,0,5000,-5000,-5000
07124P,台積電元大99售21,0,0,0,0,0,0,0,0,0,-5000,0,0,0,0,5000,-5000,-5000
07109P,聯發科中信9B售02,0,0,0,0,0,0,0,0,0,-5000,0,0,0,0,5000,-5000,-5000
07085P,超眾元富9C售01  ,0,0,0,0,0,0,0,0,0,-5000,0,0,0,24000,29000,-5000,-5000
07181P,臺股指凱基99售23,0,0,0,0,0,0,0,0,0,-5000,0,0,0,5000,10000,-5000,-5000
07165P,臺股指群益99售16,0,0,0,0,0,0,0,0,0,-5000,0,0,0,0,5000,-5000,-5000
07419P,聯發科元大99售46,0,0,0,0,0,0,0,0,0,-5000,0,0,0,0,5000,-5000,-5000
07387P,臺股指群益99售25,0,0,0,0,0,0,0,0,0,-5000,0,0,0,0,5000,-5000,-5000
064140,台達電統一01購01,0,0,0,0,0,0,0,0,0,-5000,0,0,0,0,5000,-5000,-5000
064105,南茂群益9C購01  ,0,0,0,0,0,0,0,0,0,-5000,0,0,0,8000,13000,-5000,-5000
06469P,臺股指凱基99售09,0,0,0,0,0,0,0,0,0,-5000,0,0,0,5000,10000,-5000,-5000
06711P,臺股指台新99售08,0,0,0,0,0,0,0,0,0,-5000,0,0,0,0,5000,-5000,-5000
06636P,可成凱基98售08  ,0,0,0,0,0,0,0,0,0,-5000,0,0,0,0,5000,-5000,-5000
06618P,智邦元大98售04  ,0,0,0,0,0,0,0,0,0,-5000,0,0,0,0,5000,-5000,-5000
06751P,旺宏凱基98售10  ,0,0,0,0,0,0,0,0,0,-5000,0,0,0,65000,70000,-5000,-5000
054451,上銀亞東98購01  ,0,0,0,0,0,0,0,0,0,-5000,0,0,0,0,5000,-5000,-5000
054534,台積電富邦98購03,0,0,0,0,0,0,0,0,0,-5000,0,0,0,0,5000,-5000,-5000
055853,群創元大98購03  ,0,0,0,0,0,0,0,0,0,-5000,0,0,0,0,5000,-5000,-5000
055910,瑞昱凱基98購01  ,0,0,0,0,0,0,0,0,0,-5000,0,0,0,0,5000,-5000,-5000
055955,微星元大97購01  ,0,0,0,0,0,0,0,0,0,-5000,0,0,0,6000,11000,-5000,-5000
056341,宏達電凱基9A購01,0,0,0,0,0,0,0,0,0,-5000,0,0,0,0,5000,-5000,-5000
058840,T50反1群益99購02,0,0,0,0,0,0,0,0,0,-5000,0,0,0,0,5000,-5000,-5000
056142,超眾元大97購06  ,0,0,0,0,0,0,0,0,0,-5000,0,0,0,51000,56000,-5000,-5000
059005,嘉晶元大99購06  ,0,0,0,0,0,0,0,0,0,-5000,0,0,0,6000,11000,-5000,-5000
058877,T50反1國泰9B購01,0,0,0,0,0,0,0,0,0,-5000,0,0,0,20000,25000,-5000,-5000
058868,元油2X國票99購06,0,0,0,0,0,0,0,0,0,-5000,0,0,0,0,5000,-5000,-5000
058938,台積電中信01購03,0,0,0,0,0,0,0,0,0,-5000,0,0,0,18000,23000,-5000,-5000
054893,帆宣統一99購01  ,0,0,0,0,0,0,0,0,0,-5000,0,0,0,0,5000,-5000,-5000
054929,群電凱基97購01  ,0,0,0,0,0,0,0,0,0,-5000,0,0,0,0,5000,-5000,-5000
055021,亞德客國泰98購01,0,0,0,0,0,0,0,0,0,-5000,0,0,0,0,5000,-5000,-5000
052659,上証2X國票99購01,0,0,0,0,0,0,0,0,0,-5000,0,0,0,0,5000,-5000,-5000
055472,大立光凱基97購07,0,0,0,0,0,0,0,0,0,-5000,0,0,0,0,5000,-5000,-5000
056656,華邦電元大98購02,0,0,0,0,0,0,0,0,0,-5000,0,0,0,0,5000,-5000,-5000
055551,致茂凱基98購01  ,0,0,0,0,0,0,0,0,0,-5000,0,0,0,0,5000,-5000,-5000
055617,TPK國票98購04   ,0,0,0,0,0,0,0,0,0,-5000,0,0,0,0,5000,-5000,-5000
056683,台積電統一98購05,0,0,0,0,0,0,0,0,0,-5000,0,0,0,50000,55000,-5000,-5000
052362,瑞昱國票96購02  ,0,0,0,0,0,0,0,0,0,-5000,0,0,0,18000,23000,-5000,-5000
052038,國巨永昌96購01  ,0,0,0,0,0,0,0,0,0,-5000,0,0,0,0,5000,-5000,-5000
053900,T50反1日盛99購01,0,0,0,0,0,0,0,0,0,-5000,0,0,0,10000,15000,-5000,-5000
050282,T50反1凱基97購01,0,0,0,0,0,0,0,0,0,-5000,0,0,0,50000,55000,-5000,-5000
03039X,元展36          ,0,0,0,0,0,0,0,0,0,-5000,0,0,0,0,5000,-5000,-5000
03647C,T50反1元富99牛02,0,0,0,0,0,0,0,0,0,-5000,0,0,0,165000,170000,-5000,-5000
00662,富邦NASDAQ      ,0,0,0,0,0,0,0,0,0,-5000,0,0,0,129000,134000,-5000,-5000
058569,健策凱基9A購01  ,0,0,0,0,0,0,0,0,0,-5000,0,0,0,15000,20000,-5000,-5000
058579,聯發科群益99購04,0,0,0,0,0,0,0,0,0,-5000,0,0,0,0,5000,-5000,-5000
05908P,大立光元富96售05,0,0,0,0,0,0,0,0,0,-5000,0,0,0,0,5000,-5000,-5000
058602,台積電元大99購11,0,0,0,0,0,0,0,0,0,-5000,0,0,0,0,5000,-5000,-5000
059767,矽力永豐99購01  ,0,0,0,0,0,0,0,0,0,-5000,0,0,0,0,5000,-5000,-5000
059768,上証2X群益9C購02,0,0,0,0,0,0,0,0,0,-5000,0,0,0,0,5000,-5000,-5000
059893,台積電台新9A購02,0,0,0,0,0,0,0,0,0,-5000,0,0,0,0,5000,-5000,-5000
057830,T50反1台新02購02,0,0,0,0,0,0,0,0,0,-5000,0,0,0,0,5000,-5000,-5000
057284,新日興元大98購03,0,0,0,0,0,0,0,0,0,-5000,0,0,0,0,5000,-5000,-5000
057304,為升兆豐99購02  ,0,0,0,0,0,0,0,0,0,-5000,0,0,0,0,5000,-5000,-5000
057383,玉晶光富邦9A購01,0,0,0,0,0,0,0,0,0,-5000,0,0,0,0,5000,-5000,-5000
057388,奇鋐永豐98購02  ,0,0,0,0,0,0,0,0,0,-5000,0,0,0,0,5000,-5000,-5000
060142,臺指反國票9B購01,0,0,0,0,0,0,0,0,0,-5000,0,0,0,0,5000,-5000,-5000
060071,國巨元富99購03  ,0,0,0,0,0,0,0,0,0,-5000,0,0,0,0,5000,-5000,-5000
060072,國巨元富99購04  ,0,0,0,0,0,0,0,0,0,-5000,0,0,0,10000,15000,-5000,-5000
057243,樺漢凱基99購01  ,0,0,0,0,0,0,0,0,0,-5000,0,0,0,30000,35000,-5000,-5000
059295,大立光元富99購05,0,0,0,0,0,0,0,0,0,-5000,0,0,0,24000,29000,-5000,-5000
060448,道瓊反元大9A購04,0,0,0,0,0,0,0,0,0,-5000,0,0,0,0,5000,-5000,-5000
060352,滬深2X元富9A購02,0,0,0,0,0,0,0,0,0,-5000,0,0,0,0,5000,-5000,-5000
060350,元黃金元富9B購01,0,0,0,0,0,0,0,0,0,-5000,0,0,0,0,5000,-5000,-5000
06023P,超眾國票96售03  ,0,0,0,0,0,0,0,0,0,-5000,0,0,0,60000,65000,-5000,-5000
060732,玉晶光群益9C購02,0,0,0,0,0,0,0,0,0,-5000,0,0,0,1000,6000,-5000,-5000
059703,旺宏凱基99購11  ,0,0,0,0,0,0,0,0,0,-5000,0,0,0,0,5000,-5000,-5000
059636,宏達電凱基99購05,0,0,0,0,0,0,0,0,0,-5000,0,0,0,0,5000,-5000,-5000
059489,上証2X國票9A購01,0,0,0,0,0,0,0,0,0,-5000,0,0,0,0,5000,-5000,-5000
059490,國巨國票99購09  ,0,0,0,0,0,0,0,0,0,-5000,0,0,0,0,5000,-5000,-5000
059506,滬深2X永豐99購04,0,0,0,0,0,0,0,0,0,-5000,0,0,0,0,5000,-5000,-5000
058293,光寶科凱基9A購01,0,0,0,0,0,0,0,0,0,-5000,0,0,0,31000,36000,-5000,-5000
058311,緯穎元大99購05  ,0,0,0,0,0,0,0,0,0,-5000,0,0,0,66000,71000,-5000,-5000
058243,華擎元大99購01  ,0,0,0,0,0,0,0,0,0,-5000,0,0,0,0,5000,-5000,-5000
058249,緯穎元大99購04  ,0,0,0,0,0,0,0,0,0,-5000,0,0,0,63000,68000,-5000,-5000
058408,華通兆豐99購02  ,0,0,0,0,0,0,0,0,0,-5000,0,0,0,0,5000,-5000,-5000
061510,嘉澤富邦9C購01  ,0,0,0,0,0,0,0,0,0,-5000,0,0,0,12000,17000,-5000,-5000
061682,南電元大9B購01  ,0,0,0,0,0,0,0,0,0,-5000,0,0,0,10000,15000,-5000,-5000
061618,友達群益9A購04  ,0,0,0,0,0,0,0,0,0,-5000,0,0,0,0,5000,-5000,-5000
061649,緯穎元大9A購06  ,0,0,0,0,0,0,0,0,0,-5000,0,0,0,32000,37000,-5000,-5000
061969,大立光統一01購02,0,0,0,0,0,0,0,0,0,-5000,0,0,0,9000,14000,-5000,-5000
062109,聯詠國票9C購01  ,0,0,0,0,0,0,0,0,0,-5000,0,0,0,0,5000,-5000,-5000
061920,台積電凱基9C購02,0,0,0,0,0,0,0,0,0,-5000,0,0,0,0,5000,-5000,-5000
060909,金像電元大9B購01,0,0,0,0,0,0,0,0,0,-5000,0,0,0,0,5000,-5000,-5000
061067,貿聯凱基9A購03  ,0,0,0,0,0,0,0,0,0,-5000,0,0,0,40000,45000,-5000,-5000
06119P,大立光凱基98售04,0,0,0,0,0,0,0,0,0,-5000,0,0,0,3000,8000,-5000,-5000
061309,鴻海統一9C購05  ,0,0,0,0,0,0,0,0,0,-5000,0,0,0,0,5000,-5000,-5000
063090,道瓊反中信9C購02,0,0,0,0,0,0,0,0,0,-5000,0,0,0,0,5000,-5000,-5000
062905,聯發科元大9B購13,0,0,0,0,0,0,0,0,0,-5000,0,0,0,0,5000,-5000,-5000
062864,臺股指國票9B購21,0,0,0,0,0,0,0,0,0,-5000,0,0,0,0,5000,-5000,-5000
063192,技嘉台新9B購01  ,0,0,0,0,0,0,0,0,0,-5000,0,0,0,199000,204000,-5000,-5000
063157,鴻海台新9B購02  ,0,0,0,0,0,0,0,0,0,-5000,0,0,0,0,5000,-5000,-5000
063245,富邦金元大9B購03,0,0,0,0,0,0,0,0,0,-5000,0,0,0,5000,10000,-5000,-5000
063377,泰鼎永豐9B購03  ,0,0,0,0,0,0,0,0,0,-5000,0,0,0,304000,309000,-5000,-5000
062476,神隆國票9B購01  ,0,0,0,0,0,0,0,0,0,-5000,0,0,0,11000,16000,-5000,-5000
062634,玉晶光國票9B購03,0,0,0,0,0,0,0,0,0,-5000,0,0,0,29000,34000,-5000,-5000
062692,T50反1元大9B購05,0,0,0,0,0,0,0,0,0,-5000,0,0,0,0,5000,-5000,-5000
06227P,大立光群益97售04,0,0,0,0,0,0,0,0,0,-5000,0,0,0,0,5000,-5000,-5000
062178,上銀元大9B購03  ,0,0,0,0,0,0,0,0,0,-5000,0,0,0,13000,18000,-5000,-5000
062140,元金2X國票9B購03,0,0,0,0,0,0,0,0,0,-5000,0,0,0,0,5000,-5000,-5000
06853P,華擎元富98售03  ,0,0,0,0,0,0,0,0,0,-6000,0,0,0,80000,86000,-6000,-6000
07248P,可成凱基99售06  ,0,0,0,0,0,0,0,0,0,-6000,0,0,0,0,6000,-6000,-6000
07064P,臺股指元大9A售25,0,0,0,0,0,0,0,0,0,-6000,0,0,0,0,6000,-6000,-6000
07056P,臺股指麥證99售02,0,0,0,0,6000,-6000,0,0,0,-6000,0,0,0,0,6000,-6000,-6000
063974,南電國票01購01  ,0,0,0,0,0,0,0,0,0,-6000,0,0,0,0,6000,-6000,-6000
063997,泰鼎群益9C購01  ,0,0,0,0,0,0,0,0,0,-6000,0,0,0,0,6000,-6000,-6000
07913P,友達元大01售01  ,0,0,0,0,0,0,0,0,0,-6000,0,0,0,20000,26000,-6000,-6000
07551P,國巨元大9A售10  ,0,0,0,0,0,0,0,0,0,-6000,0,0,0,0,6000,-6000,-6000
07689P,旺宏元大9A售13  ,0,0,0,0,0,0,0,0,0,-6000,0,0,0,50000,56000,-6000,-6000
08273P,國巨元富9C售02  ,0,0,0,0,0,0,0,0,0,-6000,0,0,0,65000,71000,-6000,-6000
08170P,緯穎群益9B售03  ,0,0,0,0,0,0,0,0,0,-6000,0,0,0,49000,55000,-6000,-6000
1203,味王            ,7000,13000,-6000,0,0,0,0,0,0,0,0,0,0,0,0,0,-6000
08104P,晶技元大9B售06  ,0,0,0,0,0,0,0,0,0,-6000,0,0,0,0,6000,-6000,-6000
08068P,宏達電國泰9C售01,0,0,0,0,0,0,0,0,0,-6000,0,0,0,1000,7000,-6000,-6000
2701,萬企            ,3000,9000,-6000,0,0,0,0,0,0,0,0,0,0,0,0,0,-6000
053979,健策元大98購01  ,0,0,0,0,0,0,0,0,0,-6000,0,0,0,0,6000,-6000,-6000
054188,欣興永豐96購03  ,0,0,0,0,0,0,0,0,0,-6000,0,0,0,20000,26000,-6000,-6000
056632,鴻海永昌98購01  ,0,0,0,0,0,0,0,0,0,-6000,0,0,0,0,6000,-6000,-6000
05361P,聯發科富邦97售01,0,0,0,0,0,0,0,0,0,-6000,0,0,0,24000,30000,-6000,-6000
054820,新日興元大97購01,0,0,0,0,0,0,0,0,0,-6000,0,0,0,0,6000,-6000,-6000
055335,健策兆豐98購01  ,0,0,0,0,0,0,0,0,0,-6000,0,0,0,0,6000,-6000,-6000
058990,GIS凱基99購02   ,0,0,0,0,0,0,0,0,0,-6000,0,0,0,0,6000,-6000,-6000
058966,元油2X日盛99購03,0,0,0,0,0,0,0,0,0,-6000,0,0,0,0,6000,-6000,-6000
056495,泰鼎國泰99購01  ,0,0,0,0,0,0,0,0,0,-6000,0,0,0,0,6000,-6000,-6000
059459,訊芯永豐99購04  ,0,0,0,0,0,0,0,0,0,-6000,0,0,0,1000,7000,-6000,-6000
057106,美律群益98購03  ,0,0,0,0,0,0,0,0,0,-6000,0,0,0,199000,205000,-6000,-6000
05850P,台積電兆豐96售06,0,0,0,0,0,0,0,0,0,-6000,0,0,0,147000,153000,-6000,-6000
058438,大立光統一9B購01,0,0,0,0,0,0,0,0,0,-6000,0,0,0,0,6000,-6000,-6000
058481,玉晶光凱基9A購04,0,0,0,0,0,0,0,0,0,-6000,0,0,0,5000,11000,-6000,-6000
060163,健策永豐9B購01  ,0,0,0,0,0,0,0,0,0,-6000,0,0,0,4000,10000,-6000,-6000
060169,群電永豐9A購01  ,0,0,0,0,0,0,0,0,0,-6000,0,0,0,20000,26000,-6000,-6000
058143,瑞儀元大99購02  ,0,0,0,0,0,0,0,0,0,-6000,0,0,0,11000,17000,-6000,-6000
058118,瑞昱群益99購01  ,0,0,0,0,0,0,0,0,0,-6000,0,0,0,35000,41000,-6000,-6000
060402,神隆國泰9B購01  ,0,0,0,0,0,0,0,0,0,-6000,0,0,0,0,6000,-6000,-6000
057977,台光電永豐98購02,0,0,0,0,0,0,0,0,0,-6000,0,0,0,4000,10000,-6000,-6000
057933,聯發科群益98購06,0,0,0,0,0,0,0,0,0,-6000,0,0,0,0,6000,-6000,-6000
058632,世紀鋼國票9A購01,0,0,0,0,0,0,0,0,0,-6000,0,0,0,0,6000,-6000,-6000
059035,旺宏群益99購06  ,0,0,0,0,0,0,0,0,0,-6000,0,0,0,0,6000,-6000,-6000
059027,神達台新99購02  ,0,0,0,0,0,0,0,0,0,-6000,0,0,0,0,6000,-6000,-6000
06242P,大立光元富9A售02,0,0,0,0,0,0,0,0,0,-6000,0,0,0,17000,23000,-6000,-6000
062603,台化凱基9B購01  ,0,0,0,0,0,0,0,0,0,-6000,0,0,0,25000,31000,-6000,-6000
063422,奇鋐凱基9B購04  ,0,0,0,0,0,0,0,0,0,-6000,0,0,0,1000,7000,-6000,-6000
063196,力成元富9B購01  ,0,0,0,0,0,0,0,0,0,-6000,0,0,0,62000,68000,-6000,-6000
063001,巨大國票9B購01  ,0,0,0,0,0,0,0,0,0,-6000,0,0,0,0,6000,-6000,-6000
063018,聯發科元大9B購14,0,0,0,0,0,0,0,0,0,-6000,0,0,0,30000,36000,-6000,-6000
063042,同欣電凱基9C購01,0,0,0,0,0,0,0,0,0,-6000,0,0,0,20000,26000,-6000,-6000
062112,祥碩國票9C購01  ,0,0,0,0,0,0,0,0,0,-6000,0,0,0,5000,11000,-6000,-6000
061681,南電元大9A購08  ,0,0,0,0,0,0,0,0,0,-6000,0,0,0,2000,8000,-6000,-6000
061531,奇鋐台新9A購01  ,0,0,0,0,0,0,0,0,0,-6000,0,0,0,0,6000,-6000,-6000
061601,台積電凱基9A購26,0,0,0,0,0,0,0,0,0,-6000,0,0,0,0,6000,-6000,-6000
3266,昇陽            ,3000,10000,-7000,0,0,0,0,0,0,0,0,0,0,0,0,0,-7000
3058,立德            ,2000,10000,-8000,0,0,0,0,0,0,1000,1000,0,1000,0,0,0,-7000
3686,達能            ,11000,18000,-7000,0,0,0,0,0,0,0,0,0,0,0,0,0,-7000
2243,宏旭-KY         ,1000,4000,-3000,0,0,0,0,0,0,-4000,0,4000,-4000,0,0,0,-7000
08003P,國巨國泰9B售07  ,0,0,0,0,0,0,0,0,0,-7000,0,0,0,40000,47000,-7000,-7000
08096P,大立光元富9B售04,0,0,0,0,0,0,0,0,0,-7000,0,0,0,19000,26000,-7000,-7000
08085P,華通凱基9B售04  ,0,0,0,0,0,0,0,0,0,-7000,0,0,0,25000,32000,-7000,-7000
08157P,大立光元富9B售06,0,0,0,0,0,0,0,0,0,-7000,0,0,0,37000,44000,-7000,-7000
1110,東泥            ,5000,12000,-7000,0,0,0,0,0,0,0,0,0,0,0,0,0,-7000
1321,大洋            ,17000,24000,-7000,0,0,0,0,0,0,0,0,0,0,0,0,0,-7000
07739P,緯穎永豐9A售01  ,0,0,0,0,0,0,0,0,0,-7000,0,0,0,3000,10000,-7000,-7000
063814,嘉晶群益9C購01  ,0,0,0,0,0,0,0,0,0,-7000,0,0,0,89000,96000,-7000,-7000
063869,玉晶光永豐9C購01,0,0,0,0,0,0,0,0,0,-7000,0,0,0,3000,10000,-7000,-7000
063696,T50反1群益9B購03,0,0,0,0,0,0,0,0,0,-7000,0,0,0,0,7000,-7000,-7000
06890P,金融類元大98售02,0,0,0,0,0,0,0,0,0,-7000,0,0,0,3000,10000,-7000,-7000
06934P,聯鈞元大98售03  ,0,0,0,0,0,0,0,0,0,-7000,0,0,0,23000,30000,-7000,-7000
059121,瑞儀永豐99購01  ,0,0,0,0,0,0,0,0,0,-7000,0,0,0,30000,37000,-7000,-7000
055060,聯陽永豐97購01  ,0,0,0,0,0,0,0,0,0,-7000,0,0,0,9000,16000,-7000,-7000
054935,華通元大98購03  ,0,0,0,0,0,0,0,0,0,-7000,0,0,0,97000,104000,-7000,-7000
054895,南電統一97購01  ,0,0,0,0,0,0,0,0,0,-7000,0,0,0,3000,10000,-7000,-7000
055137,GIS富邦98購01   ,0,0,0,0,0,0,0,0,0,-7000,0,0,0,3000,10000,-7000,-7000
055615,宏達電國票99購02,0,0,0,0,0,0,0,0,0,-7000,0,0,0,0,7000,-7000,-7000
0055,元大MSCI金融    ,0,0,0,0,0,0,0,0,0,-7000,0,0,0,3000,10000,-7000,-7000
059025,台灣50台新9B購02,0,0,0,0,0,0,0,0,0,-7000,0,0,0,0,7000,-7000,-7000
059940,微星永豐99購01  ,0,0,0,0,0,0,0,0,0,-7000,0,0,0,145000,152000,-7000,-7000
057949,南電國票99購01  ,0,0,0,0,0,0,0,0,0,-7000,0,0,0,8000,15000,-7000,-7000
057543,華通凱基99購02  ,0,0,0,0,0,0,0,0,0,-7000,0,0,0,10000,17000,-7000,-7000
057306,玉晶光兆豐99購01,0,0,0,0,0,0,0,0,0,-7000,0,0,0,0,7000,-7000,-7000
057329,緯穎群益98購02  ,0,0,0,0,0,0,0,0,0,-7000,0,0,0,80000,87000,-7000,-7000
056947,國巨統一9A購01  ,0,0,0,0,0,0,0,0,0,-7000,0,0,0,0,7000,-7000,-7000
060526,台積電中信9A購02,0,0,0,0,0,0,0,0,0,-7000,0,0,0,0,7000,-7000,-7000
060501,鴻海元大9A購13  ,0,0,0,0,0,0,0,0,0,-7000,0,0,0,0,7000,-7000,-7000
060638,玉晶光永豐9A購04,0,0,0,0,0,0,0,0,0,-7000,0,0,0,3000,10000,-7000,-7000
058133,華新科元大9A購02,0,0,0,0,0,0,0,0,0,-7000,0,0,0,0,7000,-7000,-7000
057138,亞德客兆豐98購01,0,0,0,0,0,0,0,0,0,-7000,0,0,0,3000,10000,-7000,-7000
060737,瑞儀統一9C購01  ,0,0,0,0,0,0,0,0,0,-7000,0,0,0,17000,24000,-7000,-7000
060760,南亞科元大9A購04,0,0,0,0,0,0,0,0,0,-7000,0,0,0,116000,123000,-7000,-7000
060249,正文元大9C購01  ,0,0,0,0,0,0,0,0,0,-7000,0,0,0,81000,88000,-7000,-7000
059513,揚明光永豐99購01,0,0,0,0,0,0,0,0,0,-7000,0,0,0,50000,57000,-7000,-7000
061637,華新科元大9A購22,0,0,0,0,0,0,0,0,0,-7000,0,0,0,0,7000,-7000,-7000
061193,玉晶光永豐9B購02,0,0,0,0,0,0,0,0,0,-7000,0,0,0,3000,10000,-7000,-7000
061175,台積電凱基9A購19,0,0,0,0,0,0,0,0,0,-7000,0,0,0,25000,32000,-7000,-7000
060945,緯穎國票9A購02  ,0,0,0,0,0,0,0,0,0,-7000,0,0,0,18000,25000,-7000,-7000
060818,上銀統一9C購01  ,0,0,0,0,0,0,0,0,0,-7000,0,0,0,0,7000,-7000,-7000
062921,GIS元大9B購01   ,0,0,0,0,0,0,0,0,0,-7000,0,0,0,16000,23000,-7000,-7000
062938,聯發科凱基9B購10,0,0,0,0,0,0,0,0,0,-7000,0,0,0,5000,12000,-7000,-7000
063257,牧德國泰01購01  ,0,0,0,0,0,0,0,0,0,-7000,0,0,0,0,7000,-7000,-7000
063404,金像電國票9B購01,0,0,0,0,0,0,0,0,0,-7000,0,0,0,7000,14000,-7000,-7000
063388,台光電兆豐9C購01,0,0,0,0,0,0,0,0,0,-7000,0,0,0,28000,35000,-7000,-7000
062511,台光電國票9B購02,0,0,0,0,0,0,0,0,0,-7000,0,0,0,0,7000,-7000,-7000
062658,聯茂第一9B購01  ,0,0,0,0,0,0,0,0,0,-7000,0,0,0,13000,20000,-7000,-7000
062322,元金2X統一01購01,0,0,0,0,0,0,0,0,0,-7000,0,0,0,0,7000,-7000,-7000
062289,緯穎群益9B購01  ,0,0,0,0,0,0,0,0,0,-7000,0,0,0,7000,14000,-7000,-7000
6541,泰福-KY         ,23000,30000,-7000,0,0,0,0,0,0,0,0,0,0,0,0,0,-7000
07034P,大立光元富99售03,0,0,0,0,0,0,0,0,0,-8000,0,0,0,19000,27000,-8000,-8000
07071P,立積元富99售01  ,0,0,0,0,0,0,0,0,0,-8000,0,0,0,122000,130000,-8000,-8000
07081P,南電群益9A售01  ,0,0,0,0,0,0,0,0,0,-8000,0,0,0,12000,20000,-8000,-8000
07388P,臺股指群益9C售07,0,0,0,0,0,0,0,0,0,-8000,0,0,0,2000,10000,-8000,-8000
07389P,臺股指群益9C售08,0,0,0,0,0,0,0,0,0,-8000,0,0,0,12000,20000,-8000,-8000
06857P,超眾永豐98售02  ,0,0,0,0,0,0,0,0,0,-8000,0,0,0,2000,10000,-8000,-8000
064163,康控統一01購01  ,0,0,0,0,0,0,0,0,0,-8000,0,0,0,0,8000,-8000,-8000
063751,祥碩國票9C購02  ,0,0,0,0,0,0,0,0,0,-8000,0,0,0,14000,22000,-8000,-8000
063965,漢唐國票01購01  ,0,0,0,0,0,0,0,0,0,-8000,0,0,0,0,8000,-8000,-8000
07730P,臺股指凱基9A售22,0,0,0,0,0,0,0,0,0,-8000,0,0,0,25000,33000,-8000,-8000
1316,上曜            ,4000,12000,-8000,0,0,0,0,0,0,0,0,0,0,0,0,0,-8000
2433,互盛電          ,0,8000,-8000,0,0,0,0,0,0,0,0,0,0,0,0,0,-8000
1443,立益            ,0,8000,-8000,0,0,0,0,0,0,0,0,0,0,0,0,0,-8000
055587,智邦元大97購02  ,0,0,0,0,0,0,0,0,0,-8000,0,0,0,1000,9000,-8000,-8000
052903,致茂國票97購01  ,0,0,0,0,0,0,0,0,0,-8000,0,0,0,0,8000,-8000,-8000
053569,漢唐統一98購01  ,0,0,0,0,0,0,0,0,0,-8000,0,0,0,40000,48000,-8000,-8000
052424,泰碩國票97購01  ,0,0,0,0,0,0,0,0,0,-8000,0,0,0,85000,93000,-8000,-8000
054306,聯發科凱基96購23,0,0,0,0,0,0,0,0,0,-8000,0,0,0,0,8000,-8000,-8000
058998,鴻海元大99購22  ,0,0,0,0,0,0,0,0,0,-8000,0,0,0,0,8000,-8000,-8000
056415,聯發科中信98購04,0,0,0,0,0,0,0,0,0,-8000,0,0,0,0,8000,-8000,-8000
056002,嘉晶永豐97購01  ,0,0,0,0,0,0,0,0,0,-8000,0,0,0,143000,151000,-8000,-8000
059431,旺宏元大99購14  ,0,0,0,0,0,0,0,0,0,-8000,0,0,0,0,8000,-8000,-8000
059673,玉山金元富99購01,0,0,0,0,0,0,0,0,0,-8000,0,0,0,0,8000,-8000,-8000
058290,南電國票9A購01  ,0,0,0,0,0,0,0,0,0,-8000,0,0,0,22000,30000,-8000,-8000
058439,玉晶光統一01購02,0,0,0,0,0,0,0,0,0,-8000,0,0,0,4000,12000,-8000,-8000
058215,貿聯群益99購02  ,0,0,0,0,0,0,0,0,0,-8000,0,0,0,41000,49000,-8000,-8000
057164,國巨元大98購14  ,0,0,0,0,0,0,0,0,0,-8000,0,0,0,2000,10000,-8000,-8000
060528,友達中信9C購01  ,0,0,0,0,0,0,0,0,0,-8000,0,0,0,13000,21000,-8000,-8000
057862,智邦凱基99購01  ,0,0,0,0,0,0,0,0,0,-8000,0,0,0,22000,30000,-8000,-8000
05787P,臺股指永昌96售04,0,0,0,0,0,0,0,0,0,-8000,0,0,0,0,8000,-8000,-8000
057331,台積電國票99購04,0,0,0,0,0,0,0,0,0,-8000,0,0,0,2000,10000,-8000,-8000
057327,玉晶光群益9A購04,0,0,0,0,0,0,0,0,0,-8000,0,0,0,2000,10000,-8000,-8000
059029,旺宏兆豐99購01  ,0,0,0,0,0,0,0,0,0,-8000,0,0,0,240000,248000,-8000,-8000
062262,茂林元大9B購02  ,0,0,0,0,0,0,0,0,0,-8000,0,0,0,112000,120000,-8000,-8000
062255,聯發科元大9B購07,0,0,0,0,0,0,0,0,0,-8000,0,0,0,0,8000,-8000,-8000
062753,台積電麥證9B購01,0,0,0,0,8000,-8000,0,0,0,-8000,0,0,0,0,8000,-8000,-8000
063352,上銀元富9B購02  ,0,0,0,0,0,0,0,0,0,-8000,0,0,0,1000,9000,-8000,-8000
06322P,超眾統一97售04  ,0,0,0,0,0,0,0,0,0,-8000,0,0,0,8000,16000,-8000,-8000
062887,台積電群益9C購05,0,0,0,0,0,0,0,0,0,-8000,0,0,0,2000,10000,-8000,-8000
060916,金像電國泰9C購01,0,0,0,0,0,0,0,0,0,-8000,0,0,0,131000,139000,-8000,-8000
061239,聯發科兆豐9A購01,0,0,0,0,0,0,0,0,0,-8000,0,0,0,0,8000,-8000,-8000
061310,華新科麥證9A購01,0,0,0,2000,10000,-8000,0,0,0,-8000,0,0,0,2000,10000,-8000,-8000
061433,華通麥證9A購03  ,0,0,0,0,8000,-8000,0,0,0,-8000,0,0,0,0,8000,-8000,-8000
061772,健策元大9B購06  ,0,0,0,0,0,0,0,0,0,-8000,0,0,0,8000,16000,-8000,-8000
061719,緯穎凱基9A購06  ,0,0,0,0,0,0,0,0,0,-8000,0,0,0,0,8000,-8000,-8000
061504,祥碩國票9A購02  ,0,0,0,0,0,0,0,0,0,-8000,0,0,0,0,8000,-8000,-8000
061992,祥碩元大9B購02  ,0,0,0,0,0,0,0,0,0,-8000,0,0,0,12000,20000,-8000,-8000
061903,宏全永豐9B購01  ,0,0,0,0,0,0,0,0,0,-8000,0,0,0,60000,68000,-8000,-8000
061933,光寶科國票9B購01,0,0,0,0,0,0,0,0,0,-8000,0,0,0,2000,10000,-8000,-8000
061776,晶技國票9B購01  ,0,0,0,0,0,0,0,0,0,-8000,0,0,0,6000,14000,-8000,-8000
061814,聯發科群益9B購04,0,0,0,0,0,0,0,0,0,-8000,0,0,0,0,8000,-8000,-8000
061869,智邦元大9B購01  ,0,0,0,0,0,0,0,0,0,-8000,0,0,0,116000,124000,-8000,-8000
8480,泰昇-KY         ,5000,13000,-8000,0,0,0,0,0,0,0,0,0,0,0,0,0,-8000
2414,精技            ,7000,17000,-10000,0,0,0,0,0,0,1000,1000,0,1000,0,0,0,-9000
2373,震旦行          ,3000,12000,-9000,0,0,0,0,0,0,0,0,0,0,0,0,0,-9000
3011,今皓            ,0,9000,-9000,0,0,0,0,0,0,0,0,0,0,0,0,0,-9000
1234,黑松            ,11000,20000,-9000,0,0,0,0,0,0,0,0,0,0,0,0,0,-9000
08280P,臺股指中信02售01,0,0,0,0,0,0,0,0,0,-9000,0,0,0,0,9000,-9000,-9000
08084P,台表科元大9B售06,0,0,0,0,0,0,0,0,0,-9000,0,0,0,0,9000,-9000,-9000
08011P,玉晶光元大9B售05,0,0,0,0,0,0,0,0,0,-9000,0,0,0,125000,134000,-9000,-9000
07971P,臺股指元大9B售29,0,0,0,0,0,0,0,0,0,-9000,0,0,0,0,9000,-9000,-9000
08059P,京鼎元大9B售02  ,0,0,0,0,0,0,0,0,0,-9000,0,0,0,3000,12000,-9000,-9000
07938P,國巨統一9B售10  ,0,0,0,0,0,0,0,0,0,-9000,0,0,0,1000,10000,-9000,-9000
07950P,智邦元大9B售04  ,0,0,0,0,0,0,0,0,0,-9000,0,0,0,37000,46000,-9000,-9000
07765P,台積電群益9A售06,0,0,0,0,0,0,0,0,0,-9000,0,0,0,0,9000,-9000,-9000
063996,貿聯群益9C購01  ,0,0,0,0,0,0,0,0,0,-9000,0,0,0,37000,46000,-9000,-9000
063827,國巨國票02購01  ,0,0,0,0,0,0,0,0,0,-9000,0,0,0,3000,12000,-9000,-9000
06466P,台積電統一9B售01,0,0,0,0,0,0,0,0,0,-9000,0,0,0,2000,11000,-9000,-9000
06590P,大立光元大98售13,0,0,0,0,0,0,0,0,0,-9000,0,0,0,0,9000,-9000,-9000
06591P,大立光元大98售14,0,0,0,0,0,0,0,0,0,-9000,0,0,0,0,9000,-9000,-9000
06549P,大立光元大98售11,0,0,0,0,0,0,0,0,0,-9000,0,0,0,0,9000,-9000,-9000
06811P,聯發科統一98售06,0,0,0,0,0,0,0,0,0,-9000,0,0,0,0,9000,-9000,-9000
06625P,華新科統一98售03,0,0,0,0,0,0,0,0,0,-9000,0,0,0,0,9000,-9000,-9000
06690P,玉晶光群益9A售05,0,0,0,0,0,0,0,0,0,-9000,0,0,0,0,9000,-9000,-9000
07190P,臺股指富邦9C售02,0,0,0,0,0,0,0,0,0,-9000,0,0,0,0,9000,-9000,-9000
07235P,T50正2元大9C售02,0,0,0,0,0,0,0,0,0,-9000,0,0,0,1000,10000,-9000,-9000
056408,奇鋐國票99購01  ,0,0,0,0,0,0,0,0,0,-9000,0,0,0,0,9000,-9000,-9000
059148,百和國票9A購01  ,0,0,0,0,0,0,0,0,0,-9000,0,0,0,38000,47000,-9000,-9000
052342,茂林凱基96購01  ,0,0,0,0,0,0,0,0,0,-9000,0,0,0,12000,21000,-9000,-9000
049842,道瓊反中信98購01,0,0,0,0,0,0,0,0,0,-9000,0,0,0,0,9000,-9000,-9000
058581,大立光群益99購05,0,0,0,0,0,0,0,0,0,-9000,0,0,0,0,9000,-9000,-9000
059925,可成國泰9B購01  ,0,0,0,0,0,0,0,0,0,-9000,0,0,0,0,9000,-9000,-9000
057964,緯穎元大99購03  ,0,0,0,0,0,0,0,0,0,-9000,0,0,0,34000,43000,-9000,-9000
057194,南電元大98購01  ,0,0,0,0,0,0,0,0,0,-9000,0,0,0,1000,10000,-9000,-9000
060779,臺股指凱基9A購07,0,0,0,0,0,0,0,0,0,-9000,0,0,0,12000,21000,-9000,-9000
058011,台虹國票99購01  ,0,0,0,0,0,0,0,0,0,-9000,0,0,0,0,9000,-9000,-9000
058237,嘉晶元大99購04  ,0,0,0,0,0,0,0,0,0,-9000,0,0,0,3000,12000,-9000,-9000
059731,康控元大99購04  ,0,0,0,0,0,0,0,0,0,-9000,0,0,0,109000,118000,-9000,-9000
062016,美食永豐9B購01  ,0,0,0,0,0,0,0,0,0,-9000,0,0,0,41000,50000,-9000,-9000
061506,瑞祺國票9A購02  ,0,0,0,0,0,0,0,0,0,-9000,0,0,0,22000,31000,-9000,-9000
061614,亞德客群益9A購01,0,0,0,0,0,0,0,0,0,-9000,0,0,0,11000,20000,-9000,-9000
06083P,華通統一98售02  ,0,0,0,0,0,0,0,0,0,-9000,0,0,0,14000,23000,-9000,-9000
06284P,台積電國票98售03,0,0,0,0,0,0,0,0,0,-9000,0,0,0,0,9000,-9000,-9000
062971,英業達元富9B購01,0,0,0,0,0,0,0,0,0,-9000,0,0,0,142000,151000,-9000,-9000
062148,奇鋐國票9B購01  ,0,0,0,0,0,0,0,0,0,-9000,0,0,0,0,9000,-9000,-9000
062298,國巨第一9B購01  ,0,0,0,0,0,0,0,0,0,-9000,0,0,0,1000,10000,-9000,-9000
06239P,奇力新元大97售08,0,0,0,0,0,0,0,0,0,-9000,0,0,0,0,9000,-9000,-9000
8070,長華*           ,0,9000,-9000,0,0,0,0,0,0,0,0,0,0,0,0,0,-9000
4552,力達-KY         ,39000,152000,-113000,0,0,0,104000,0,104000,0,0,0,0,0,0,0,-9000
5434,崇越            ,146207,162000,-15793,0,0,0,0,0,0,6000,6000,0,6000,0,0,0,-9793
07230P,滬深2X群益01售02,0,0,0,0,0,0,0,0,0,-10000,0,0,0,0,10000,-10000,-10000
07196P,大立光元大99售13,0,0,0,0,0,0,0,0,0,-10000,0,0,0,0,10000,-10000,-10000
07303P,臺股指元大9A售36,0,0,0,0,0,0,0,0,0,-10000,0,0,0,24000,34000,-10000,-10000
07382P,台積電群益9B售01,0,0,0,0,0,0,0,0,0,-10000,0,0,0,0,10000,-10000,-10000
07412P,國巨元大99售32  ,0,0,0,0,0,0,0,0,0,-10000,0,0,0,40000,50000,-10000,-10000
07435P,台積電富邦9C售07,0,0,0,0,0,0,0,0,0,-10000,0,0,0,0,10000,-10000,-10000
07462P,臺股指元大9B售05,0,0,0,0,0,0,0,0,0,-10000,0,0,0,0,10000,-10000,-10000
07067P,旺宏台新99售02  ,0,0,0,0,0,0,0,0,0,-10000,0,0,0,4000,14000,-10000,-10000
07063P,臺股指元大9A售24,0,0,0,0,0,0,0,0,0,-10000,0,0,0,0,10000,-10000,-10000
07113P,台積電兆豐99售03,0,0,0,0,0,0,0,0,0,-10000,0,0,0,961000,971000,-10000,-10000
07133P,臺股指元大9A售27,0,0,0,0,0,0,0,0,0,-10000,0,0,0,0,10000,-10000,-10000
07150P,和碩元大99售01  ,0,0,0,0,0,0,0,0,0,-10000,0,0,0,0,10000,-10000,-10000
06967P,台郡台新99售02  ,0,0,0,0,0,0,0,0,0,-10000,0,0,0,40000,50000,-10000,-10000
06994P,台光電凱基99售02,0,0,0,0,0,0,0,0,0,-10000,0,0,0,0,10000,-10000,-10000
06692P,瑞昱凱基98售03  ,0,0,0,0,0,0,0,0,0,-10000,0,0,0,20000,30000,-10000,-10000
06617P,智邦元大98售03  ,0,0,0,0,0,0,0,0,0,-10000,0,0,0,0,10000,-10000,-10000
06837P,上銀統一9A售02  ,0,0,0,0,0,0,0,0,0,-10000,0,0,0,0,10000,-10000,-10000
064164,祥碩統一01購05  ,0,0,0,0,0,0,0,0,0,-10000,0,0,0,0,10000,-10000,-10000
064177,立積國泰01購01  ,0,0,0,0,0,0,0,0,0,-10000,0,0,0,0,10000,-10000,-10000
064179,上銀富邦01購01  ,0,0,0,0,0,0,0,0,0,-10000,0,0,0,0,10000,-10000,-10000
064185,裕隆永豐9C購01  ,0,0,0,0,0,0,0,0,0,-10000,0,0,0,0,10000,-10000,-10000
06437P,玉晶光國票99售01,0,0,0,0,0,0,0,0,0,-10000,0,0,0,0,10000,-10000,-10000
064099,億光群益9C購01  ,0,0,0,0,0,0,0,0,0,-10000,0,0,0,0,10000,-10000,-10000
064085,儒鴻凱基9C購02  ,0,0,0,0,0,0,0,0,0,-10000,0,0,0,0,10000,-10000,-10000
064155,大立光統一01購05,0,0,0,0,0,0,0,0,0,-10000,0,0,0,0,10000,-10000,-10000
063835,滬深2X元大01購04,0,0,0,0,0,0,0,0,0,-10000,0,0,0,0,10000,-10000,-10000
063903,國巨麥證01購01  ,0,0,0,0,10000,-10000,0,0,0,-10000,0,0,0,0,10000,-10000,-10000
064065,大立光富邦02購02,0,0,0,0,0,0,0,0,0,-10000,0,0,0,0,10000,-10000,-10000
06405P,億光元富97售02  ,0,0,0,0,0,0,0,0,0,-10000,0,0,0,0,10000,-10000,-10000
063756,鴻海統一9B購09  ,0,0,0,0,0,0,0,0,0,-10000,0,0,0,1000,11000,-10000,-10000
063737,大立光元大9C購07,0,0,0,0,0,0,0,0,0,-10000,0,0,0,0,10000,-10000,-10000
063595,燿華中信9B購02  ,0,0,0,0,0,0,0,0,0,-10000,0,0,0,95000,105000,-10000,-10000
063530,同欣電凱基9C購02,0,0,0,0,0,0,0,0,0,-10000,0,0,0,10000,20000,-10000,-10000
063561,上銀元大9B購08  ,0,0,0,0,0,0,0,0,0,-10000,0,0,0,30000,40000,-10000,-10000
07798P,同欣電國票9A售01,0,0,0,0,0,0,0,0,0,-10000,0,0,0,0,10000,-10000,-10000
07959P,健策永豐9B售05  ,0,0,0,0,0,0,0,0,0,-10000,0,0,0,0,10000,-10000,-10000
07682P,聯發科凱基9A售15,0,0,0,0,0,0,0,0,0,-10000,0,0,0,0,10000,-10000,-10000
07705P,台積電元大9A售26,0,0,0,0,0,0,0,0,0,-10000,0,0,0,0,10000,-10000,-10000
07645P,華通元大9A售06  ,0,0,0,0,0,0,0,0,0,-10000,0,0,0,20000,30000,-10000,-10000
07587P,台灣50國票9A售11,0,0,0,0,0,0,0,0,0,-10000,0,0,0,0,10000,-10000,-10000
07555P,玉晶光元大9A售07,0,0,0,0,0,0,0,0,0,-10000,0,0,0,0,10000,-10000,-10000
07626P,台灣50凱基04售07,0,0,0,0,0,0,0,0,0,-10000,0,0,0,0,10000,-10000,-10000
08056P,華通群益9B售06  ,0,0,0,0,0,0,0,0,0,-10000,0,0,0,0,10000,-10000,-10000
08042P,臺股指群益9B售15,0,0,0,0,0,0,0,0,0,-10000,0,0,0,30000,40000,-10000,-10000
08016P,臺股指凱基02售02,0,0,0,0,0,0,0,0,0,-10000,0,0,0,0,10000,-10000,-10000
08098P,大立光凱基9B售09,0,0,0,0,0,0,0,0,0,-10000,0,0,0,15000,25000,-10000,-10000
08236P,國巨富邦03售01  ,0,0,0,0,0,0,0,0,0,-10000,0,0,0,0,10000,-10000,-10000
050673,旺宏富邦96購02  ,0,0,0,0,0,0,0,0,0,-10000,0,0,0,0,10000,-10000,-10000
046903,友達凱基99購01  ,0,0,0,0,0,0,0,0,0,-10000,0,0,0,0,10000,-10000,-10000
052378,矽力元大96購01  ,0,0,0,0,0,0,0,0,0,-10000,0,0,0,0,10000,-10000,-10000
054249,技嘉元大96購03  ,0,0,0,0,0,0,0,0,0,-10000,0,0,0,3000,13000,-10000,-10000
05207P,高股息中信97售03,0,0,0,0,0,0,0,0,0,-10000,0,0,0,0,10000,-10000,-10000
054196,台光電國泰97購02,0,0,0,0,0,0,0,0,0,-10000,0,0,0,0,10000,-10000,-10000
051939,同欣電群益97購01,0,0,0,0,0,0,0,0,0,-10000,0,0,0,0,10000,-10000,-10000
054119,燿華永豐96購05  ,0,0,0,0,0,0,0,0,0,-10000,0,0,0,0,10000,-10000,-10000
05411P,台積電國票96售08,0,0,0,0,0,0,0,0,0,-10000,0,0,0,0,10000,-10000,-10000
054121,奇鋐永豐96購02  ,0,0,0,0,0,0,0,0,0,-10000,0,0,0,30000,40000,-10000,-10000
052049,緯創凱基97購01  ,0,0,0,0,0,0,0,0,0,-10000,0,0,0,0,10000,-10000,-10000
052069,聯茂兆豐96購01  ,0,0,0,0,0,0,0,0,0,-10000,0,0,0,0,10000,-10000,-10000
00674R,元大S&P黃金反1  ,0,0,0,0,0,0,0,0,0,-10000,0,0,0,74000,84000,-10000,-10000
03433B,臺股指元大9C熊01,0,0,0,0,0,0,0,0,0,-10000,0,0,0,1000,11000,-10000,-10000
03421B,臺股指元大99熊01,0,0,0,0,0,0,0,0,0,-10000,0,0,0,0,10000,-10000,-10000
051926,聯電中信97購01  ,0,0,0,0,0,0,0,0,0,-10000,0,0,0,10000,20000,-10000,-10000
051666,旺宏元大96購05  ,0,0,0,0,0,0,0,0,0,-10000,0,0,0,0,10000,-10000,-10000
050955,達方群益97購01  ,0,0,0,0,0,0,0,0,0,-10000,0,0,0,0,10000,-10000,-10000
054361,技嘉凱基96購01  ,0,0,0,0,0,0,0,0,0,-10000,0,0,0,0,10000,-10000,-10000
054394,奇力新永豐96購03,0,0,0,0,0,0,0,0,0,-10000,0,0,0,0,10000,-10000,-10000
052658,友達元富9C購01  ,0,0,0,0,0,0,0,0,0,-10000,0,0,0,120000,130000,-10000,-10000
053136,彩晶國票97購01  ,0,0,0,0,0,0,0,0,0,-10000,0,0,0,0,10000,-10000,-10000
053513,義隆群益96購05  ,0,0,0,0,0,0,0,0,0,-10000,0,0,0,0,10000,-10000,-10000
053507,百和兆豐96購01  ,0,0,0,0,0,0,0,0,0,-10000,0,0,0,0,10000,-10000,-10000
053501,明泰兆豐96購01  ,0,0,0,0,0,0,0,0,0,-10000,0,0,0,10000,20000,-10000,-10000
053721,國泰金凱基97購01,0,0,0,0,0,0,0,0,0,-10000,0,0,0,0,10000,-10000,-10000
053786,新日興元大96購02,0,0,0,0,0,0,0,0,0,-10000,0,0,0,0,10000,-10000,-10000
053353,玉晶光兆豐97購03,0,0,0,0,0,0,0,0,0,-10000,0,0,0,0,10000,-10000,-10000
053194,緯穎統一99購01  ,0,0,0,0,0,0,0,0,0,-10000,0,0,0,0,10000,-10000,-10000
052858,華通凱基97購02  ,0,0,0,0,0,0,0,0,0,-10000,0,0,0,0,10000,-10000,-10000
052994,群創台新99購01  ,0,0,0,0,0,0,0,0,0,-10000,0,0,0,0,10000,-10000,-10000
052961,國巨凱基97購02  ,0,0,0,0,0,0,0,0,0,-10000,0,0,0,0,10000,-10000,-10000
052845,旺宏統一97購01  ,0,0,0,0,0,0,0,0,0,-10000,0,0,0,0,10000,-10000,-10000
053883,大立光中信98購02,0,0,0,0,0,0,0,0,0,-10000,0,0,0,0,10000,-10000,-10000
055406,大毅國泰99購01  ,0,0,0,0,0,0,0,0,0,-10000,0,0,0,0,10000,-10000,-10000
056606,華新科富邦9A購02,0,0,0,0,0,0,0,0,0,-10000,0,0,0,0,10000,-10000,-10000
055505,新唐元大97購02  ,0,0,0,0,0,0,0,0,0,-10000,0,0,0,230000,240000,-10000,-10000
059129,麗豐中信99購01  ,0,0,0,0,0,0,0,0,0,-10000,0,0,0,10000,20000,-10000,-10000
058982,台積電凱基99購08,0,0,0,0,0,0,0,0,0,-10000,0,0,0,0,10000,-10000,-10000
058968,T50正2永豐99購01,0,0,0,0,0,0,0,0,0,-10000,0,0,0,10000,20000,-10000,-10000
058964,群創兆豐99購01  ,0,0,0,0,0,0,0,0,0,-10000,0,0,0,10000,20000,-10000,-10000
058946,SGBR2X群益9B購01,0,0,0,0,0,0,0,0,0,-10000,0,0,0,0,10000,-10000,-10000
058919,SGBR2X元富99購05,0,0,0,0,0,0,0,0,0,-10000,0,0,0,0,10000,-10000,-10000
055096,緯穎群益97購01  ,0,0,0,0,0,0,0,0,0,-10000,0,0,0,0,10000,-10000,-10000
055218,彩晶凱基99購01  ,0,0,0,0,0,0,0,0,0,-10000,0,0,0,0,10000,-10000,-10000
054996,聯陽元富97購01  ,0,0,0,0,0,0,0,0,0,-10000,0,0,0,0,10000,-10000,-10000
055330,上銀兆豐98購02  ,0,0,0,0,0,0,0,0,0,-10000,0,0,0,0,10000,-10000,-10000
055376,群創元大01購01  ,0,0,0,0,0,0,0,0,0,-10000,0,0,0,0,10000,-10000,-10000
054808,東元元大9A購01  ,0,0,0,0,0,0,0,0,0,-10000,0,0,0,168000,178000,-10000,-10000
056395,玉晶光永豐9B購01,0,0,0,0,0,0,0,0,0,-10000,0,0,0,0,10000,-10000,-10000
056380,麗豐元富98購01  ,0,0,0,0,0,0,0,0,0,-10000,0,0,0,0,10000,-10000,-10000
056747,致新凱基99購01  ,0,0,0,0,0,0,0,0,0,-10000,0,0,0,0,10000,-10000,-10000
05677P,玉晶光群益98售03,0,0,0,0,0,0,0,0,0,-10000,0,0,0,10000,20000,-10000,-10000
056206,泰鼎永豐97購01  ,0,0,0,0,0,0,0,0,0,-10000,0,0,0,100000,110000,-10000,-10000
056182,台光電統一97購03,0,0,0,0,0,0,0,0,0,-10000,0,0,0,0,10000,-10000,-10000
056529,中環凱基98購01  ,0,0,0,0,0,0,0,0,0,-10000,0,0,0,0,10000,-10000,-10000
056556,南電凱基98購01  ,0,0,0,0,0,0,0,0,0,-10000,0,0,0,0,10000,-10000,-10000
056573,華新科元大99購06,0,0,0,0,0,0,0,0,0,-10000,0,0,0,39000,49000,-10000,-10000
054511,香港反元大98購01,0,0,0,0,0,0,0,0,0,-10000,0,0,0,0,10000,-10000,-10000
054543,元金2X中信01購01,0,0,0,0,0,0,0,0,0,-10000,0,0,0,0,10000,-10000,-10000
055820,矽力國票98購02  ,0,0,0,0,0,0,0,0,0,-10000,0,0,0,2000,12000,-10000,-10000
055731,美律元富97購01  ,0,0,0,0,0,0,0,0,0,-10000,0,0,0,0,10000,-10000,-10000
05828P,台積電統一97售02,0,0,0,0,0,0,0,0,0,-10000,0,0,0,10000,20000,-10000,-10000
058346,嘉晶群益99購01  ,0,0,0,0,0,0,0,0,0,-10000,0,0,0,0,10000,-10000,-10000
058323,泰鼎永豐9A購01  ,0,0,0,0,0,0,0,0,0,-10000,0,0,0,40000,50000,-10000,-10000
059591,台積電元大9A購04,0,0,0,0,0,0,0,0,0,-10000,0,0,0,1000,11000,-10000,-10000
059443,嘉聯益元大9B購01,0,0,0,0,0,0,0,0,0,-10000,0,0,0,0,10000,-10000,-10000
059580,大立光元富99購07,0,0,0,0,0,0,0,0,0,-10000,0,0,0,0,10000,-10000,-10000
05800P,台積電兆豐96售04,0,0,0,0,0,0,0,0,0,-10000,0,0,0,51000,61000,-10000,-10000
058025,聯茂國泰99購01  ,0,0,0,0,0,0,0,0,0,-10000,0,0,0,0,10000,-10000,-10000
05709P,大立光國票97售01,0,0,0,0,0,0,0,0,0,-10000,0,0,0,10000,20000,-10000,-10000
057102,亞光中信9A購01  ,0,0,0,0,0,0,0,0,0,-10000,0,0,0,10000,20000,-10000,-10000
058069,美律凱基99購05  ,0,0,0,0,0,0,0,0,0,-10000,0,0,0,10000,20000,-10000,-10000
058455,玉晶光永豐99購03,0,0,0,0,0,0,0,0,0,-10000,0,0,0,12000,22000,-10000,-10000
058482,祥碩凱基99購02  ,0,0,0,0,0,0,0,0,0,-10000,0,0,0,0,10000,-10000,-10000
057035,元油2X元大9B購03,0,0,0,0,0,0,0,0,0,-10000,0,0,0,0,10000,-10000,-10000
058493,台積電群益9A購01,0,20000,-20000,0,0,0,0,0,0,10000,0,0,0,30000,20000,10000,-10000
058533,玉晶光元富99購01,0,0,0,0,0,0,0,0,0,-10000,0,0,0,0,10000,-10000,-10000
060752,上銀元大9A購04  ,0,0,0,0,0,0,0,0,0,-10000,0,0,0,0,10000,-10000,-10000
060222,貿聯凱基9A購02  ,0,0,0,0,0,0,0,0,0,-10000,0,0,0,0,10000,-10000,-10000
057165,國巨元大99購05  ,0,0,0,0,0,0,0,0,0,-10000,0,0,0,0,10000,-10000,-10000
057163,上銀元大98購04  ,0,0,0,0,0,0,0,0,0,-10000,0,0,0,5000,15000,-10000,-10000
060161,牧德永豐9A購02  ,0,0,0,0,0,0,0,0,0,-10000,0,0,0,50000,60000,-10000,-10000
060520,臺指2X中信01購02,0,0,0,0,0,0,0,0,0,-10000,0,0,0,0,10000,-10000,-10000
060436,巨大永豐9A購01  ,0,0,0,0,0,0,0,0,0,-10000,0,0,0,0,10000,-10000,-10000
060635,義隆永豐9A購01  ,0,0,0,0,0,0,0,0,0,-10000,0,0,0,0,10000,-10000,-10000
060607,玉晶光凱基9A購06,0,0,0,0,0,0,0,0,0,-10000,0,0,0,0,10000,-10000,-10000
060608,玉晶光凱基9A購08,0,0,0,0,0,0,0,0,0,-10000,0,0,0,2000,12000,-10000,-10000
057976,旺宏永豐98購03  ,0,0,0,0,0,0,0,0,0,-10000,0,0,0,20000,30000,-10000,-10000
059338,滬深2X凱基9C購02,0,0,0,0,0,0,0,0,0,-10000,0,0,0,0,10000,-10000,-10000
057556,智易凱基99購01  ,0,0,0,0,0,0,0,0,0,-10000,0,0,0,95000,105000,-10000,-10000
057542,上銀凱基99購01  ,0,0,0,0,0,0,0,0,0,-10000,0,0,0,10000,20000,-10000,-10000
05917P,宏達電元大96售02,0,0,0,0,0,0,0,0,0,-10000,0,0,0,0,10000,-10000,-10000
057581,元大金中信9A購01,0,0,0,0,0,0,0,0,0,-10000,0,0,0,11000,21000,-10000,-10000
057574,中磊永豐98購01  ,0,0,0,0,0,0,0,0,0,-10000,0,0,0,50000,60000,-10000,-10000
05750P,臺股指群益99售04,0,0,0,0,0,0,0,0,0,-10000,0,0,0,0,10000,-10000,-10000
057477,智邦元大98購09  ,0,0,0,0,0,0,0,0,0,-10000,0,0,0,1000,11000,-10000,-10000
057381,微星國泰9A購01  ,0,0,0,0,0,0,0,0,0,-10000,0,0,0,393000,403000,-10000,-10000
057848,台表科永豐98購02,0,0,0,0,0,0,0,0,0,-10000,0,0,0,0,10000,-10000,-10000
060066,欣興兆豐9B購01  ,0,0,0,0,0,0,0,0,0,-10000,0,0,0,0,10000,-10000,-10000
056940,嘉聯益元富98購01,0,0,0,0,0,0,0,0,0,-10000,0,0,0,0,10000,-10000,-10000
059926,世紀鋼國泰9B購01,0,0,0,0,0,0,0,0,0,-10000,0,0,0,0,10000,-10000,-10000
059789,貿聯元大9A購02  ,0,0,0,0,0,0,0,0,0,-10000,0,0,0,0,10000,-10000,-10000
058590,南電中信9A購02  ,0,0,0,0,0,0,0,0,0,-10000,0,0,0,10000,20000,-10000,-10000
059042,世紀鋼群益99購02,0,0,0,0,0,0,0,0,0,-10000,0,0,0,100000,110000,-10000,-10000
057596,聯茂兆豐99購01  ,0,0,0,0,0,0,0,0,0,-10000,0,0,0,0,10000,-10000,-10000
058649,健策永豐99購01  ,0,0,0,0,0,0,0,0,0,-10000,0,0,0,0,10000,-10000,-10000
059264,台光電中信99購02,0,0,0,0,0,0,0,0,0,-10000,0,0,0,10000,20000,-10000,-10000
057682,台積電日盛9A購03,0,0,0,0,0,0,0,0,0,-10000,0,0,0,0,10000,-10000,-10000
057806,國巨元大98購20  ,0,0,0,0,0,0,0,0,0,-10000,0,0,0,0,10000,-10000,-10000
056857,國巨群益99購02  ,0,0,0,0,0,0,0,0,0,-10000,0,0,0,0,10000,-10000,-10000
056854,友達中信9A購01  ,0,0,0,0,0,0,0,0,0,-10000,0,0,0,0,10000,-10000,-10000
062411,玉晶光第一9B購01,0,0,0,0,0,0,0,0,0,-10000,0,0,0,53000,63000,-10000,-10000
06236P,台積電元大97售25,0,0,0,0,0,0,0,0,0,-10000,0,0,0,0,10000,-10000,-10000
062159,聯詠凱基9B購01  ,0,0,0,0,0,0,0,0,0,-10000,0,0,0,0,10000,-10000,-10000
062201,臺指反國票9B購05,0,0,0,0,0,0,0,0,0,-10000,0,0,0,420000,430000,-10000,-10000
062736,漢唐國票9B購01  ,0,0,0,0,0,0,0,0,0,-10000,0,0,0,0,10000,-10000,-10000
062644,中環國泰9C購01  ,0,0,0,0,0,0,0,0,0,-10000,0,0,0,0,10000,-10000,-10000
062505,祥碩群益9B購03  ,0,0,0,0,0,0,0,0,0,-10000,0,0,0,0,10000,-10000,-10000
062478,牧德國票9B購03  ,0,0,0,0,0,0,0,0,0,-10000,0,0,0,0,10000,-10000,-10000
063024,祥碩元大9B購05  ,0,0,0,0,0,0,0,0,0,-10000,0,0,0,50000,60000,-10000,-10000
062817,富邦金兆豐9B購01,0,0,0,0,0,0,0,0,0,-10000,0,0,0,10000,20000,-10000,-10000
062929,SP黃豆統一9B購01,0,0,0,0,0,0,0,0,0,-10000,0,0,0,0,10000,-10000,-10000
062964,FBVIX元富9B購01 ,0,0,0,0,0,0,0,0,0,-10000,0,0,0,0,10000,-10000,-10000
062952,台積電永豐9B購02,0,0,0,0,0,0,0,0,0,-10000,0,0,0,0,10000,-10000,-10000
062953,大立光永豐9B購01,0,0,0,0,0,0,0,0,0,-10000,0,0,0,0,10000,-10000,-10000
063376,神達永豐9B購01  ,0,0,0,0,0,0,0,0,0,-10000,0,0,0,33000,43000,-10000,-10000
063423,聯詠凱基9C購02  ,0,0,0,0,0,0,0,0,0,-10000,0,0,0,5000,15000,-10000,-10000
063421,可成凱基9C購02  ,0,0,0,0,0,0,0,0,0,-10000,0,0,0,22000,32000,-10000,-10000
060882,大立光中信9A購05,0,0,0,0,0,0,0,0,0,-10000,0,0,0,0,10000,-10000,-10000
060996,臻鼎元大9A購01  ,0,0,0,0,0,0,0,0,0,-10000,0,0,0,10000,20000,-10000,-10000
061399,喬山兆豐9B購01  ,0,0,0,0,0,0,0,0,0,-10000,0,0,0,0,10000,-10000,-10000
061352,茂林元大9A購04  ,0,0,0,0,0,0,0,0,0,-10000,0,0,0,0,10000,-10000,-10000
061247,玉晶光群益9A購09,0,0,0,0,0,0,0,0,0,-10000,0,0,0,2000,12000,-10000,-10000
061259,台積電凱基9A購21,0,0,0,0,0,0,0,0,0,-10000,0,0,0,3000,13000,-10000,-10000
061230,臺指反元大01購04,0,0,0,0,0,0,0,0,0,-10000,0,0,0,0,10000,-10000,-10000
061570,瑞昱元大9A購05  ,0,0,0,0,0,0,0,0,0,-10000,0,0,0,110000,120000,-10000,-10000
061526,宏達電凱基9A購04,0,0,0,0,0,0,0,0,0,-10000,0,0,0,14000,24000,-10000,-10000
061474,瑞昱元大9A購04  ,0,0,0,0,0,0,0,0,0,-10000,0,0,0,50000,60000,-10000,-10000
061723,嘉聯益永豐9A購03,0,0,0,0,0,0,0,0,0,-10000,0,0,0,0,10000,-10000,-10000
061765,義隆元大9B購01  ,0,0,0,0,0,0,0,0,0,-10000,0,0,0,24000,34000,-10000,-10000
061972,華新元大9B購01  ,0,0,0,0,0,0,0,0,0,-10000,0,0,0,76000,86000,-10000,-10000
061871,瑞昱元大9B購01  ,0,0,0,0,0,0,0,0,0,-10000,0,0,0,60000,70000,-10000,-10000
06185P,台表科元大97售05,0,0,0,0,0,0,0,0,0,-10000,0,0,0,0,10000,-10000,-10000
061943,上銀群益9B購02  ,0,0,0,0,0,0,0,0,0,-10000,0,0,0,0,10000,-10000,-10000
08228P,華擎國票9C售01  ,0,0,0,0,0,0,0,0,0,-11000,0,0,0,20000,31000,-11000,-11000
08305P,茂林群益9C售01  ,0,0,0,0,0,0,0,0,0,-11000,0,0,0,0,11000,-11000,-11000
08308P,聯發科凱基01售03,0,0,0,0,0,0,0,0,0,-11000,0,0,0,0,11000,-11000,-11000
08009P,華擎統一9B售02  ,0,0,0,0,0,0,0,0,0,-11000,0,0,0,8000,19000,-11000,-11000
08069P,大立光國泰01售02,0,0,0,0,0,0,0,0,0,-11000,0,0,0,1000,12000,-11000,-11000
07902P,玉晶光國票01售01,0,0,0,0,0,0,0,0,0,-11000,0,0,0,0,11000,-11000,-11000
07852P,臺股指國票9A售13,0,0,0,0,0,0,0,0,0,-11000,0,0,0,0,11000,-11000,-11000
2545,皇翔            ,18000,30000,-12000,0,0,0,0,0,0,1000,1000,0,1000,0,0,0,-11000
1435,中福            ,0,11000,-11000,0,0,0,0,0,0,0,0,0,0,0,0,0,-11000
063518,儒鴻凱基9B購02  ,0,0,0,0,0,0,0,0,0,-11000,0,0,0,49000,60000,-11000,-11000
063514,南電麥證9C購01  ,0,0,0,65000,76000,-11000,0,0,0,-11000,0,0,0,65000,76000,-11000,-11000
064043,台積電統一9C購10,0,0,0,0,0,0,0,0,0,-11000,0,0,0,0,11000,-11000,-11000
064029,宏達電元大9C購01,0,0,0,0,0,0,0,0,0,-11000,0,0,0,27000,38000,-11000,-11000
06578P,華新科國票98售02,0,0,0,0,0,0,0,0,0,-11000,0,0,0,0,11000,-11000,-11000
06735P,奇力新凱基98售07,0,0,0,0,0,0,0,0,0,-11000,0,0,0,4000,15000,-11000,-11000
06912P,台光電元大99售02,0,0,0,0,0,0,0,0,0,-11000,0,0,0,113000,124000,-11000,-11000
07076P,鴻海凱基9A售08  ,0,0,0,0,0,0,0,0,0,-11000,0,0,0,10000,21000,-11000,-11000
056126,台郡國票98購02  ,0,0,0,0,0,0,0,0,0,-11000,0,0,0,0,11000,-11000,-11000
055091,微星群益97購01  ,0,0,0,0,0,0,0,0,0,-11000,0,0,0,32000,43000,-11000,-11000
058959,南茂國票9A購01  ,0,0,0,0,0,0,0,0,0,-11000,0,0,0,0,11000,-11000,-11000
056137,聯鈞元大9A購01  ,0,0,0,0,0,0,0,0,0,-11000,0,0,0,0,11000,-11000,-11000
058765,緯穎群益99購03  ,0,0,0,0,0,0,0,0,0,-11000,0,0,0,0,11000,-11000,-11000
052681,T50反1元大98購02,0,0,0,0,0,0,0,0,0,-11000,0,0,0,14000,25000,-11000,-11000
053945,國巨富邦98購02  ,0,0,0,0,0,0,0,0,0,-11000,0,0,0,0,11000,-11000,-11000
056856,華通群益9A購01  ,0,0,0,0,0,0,0,0,0,-11000,0,0,0,22000,33000,-11000,-11000
058718,台灣50元富03購01,0,0,0,0,0,0,0,0,0,-11000,0,0,0,0,11000,-11000,-11000
059072,元油2X元大9C購13,0,0,0,0,0,0,0,0,0,-11000,0,0,0,0,11000,-11000,-11000
060057,欣興凱基9B購01  ,0,0,0,0,0,0,0,0,0,-11000,0,0,0,0,11000,-11000,-11000
057844,新日興永豐99購01,0,0,0,0,0,0,0,0,0,-11000,0,0,0,0,11000,-11000,-11000
05755P,臺股指中信99售04,0,0,0,0,0,0,0,0,0,-11000,0,0,0,93000,104000,-11000,-11000
058504,台積電元大99購07,0,0,0,0,0,0,0,0,0,-11000,0,0,0,60000,71000,-11000,-11000
061841,晶技凱基9C購01  ,0,0,0,0,0,0,0,0,0,-11000,0,0,0,4000,15000,-11000,-11000
061826,台郡麥證9B購01  ,0,0,0,39000,50000,-11000,0,0,0,-11000,0,0,0,39000,50000,-11000,-11000
061768,晶技元大9B購02  ,0,0,0,0,0,0,0,0,0,-11000,0,0,0,118000,129000,-11000,-11000
061631,SP黃豆元大9A購05,0,0,0,0,0,0,0,0,0,-11000,0,0,0,0,11000,-11000,-11000
061380,巨大永豐9A購02  ,0,0,0,0,0,0,0,0,0,-11000,0,0,0,6000,17000,-11000,-11000
061020,超眾國票9A購02  ,0,0,0,0,0,0,0,0,0,-11000,0,0,0,0,11000,-11000,-11000
060712,建準永豐9A購01  ,0,0,0,0,0,0,0,0,0,-11000,0,0,0,0,11000,-11000,-11000
063058,A50正2元富02購01,0,0,0,0,0,0,0,0,0,-11000,0,0,0,0,11000,-11000,-11000
062315,健策凱基9C購01  ,0,0,0,0,0,0,0,0,0,-11000,0,0,0,0,11000,-11000,-11000
062394,大立光富邦02購01,0,0,0,0,0,0,0,0,0,-11000,0,0,0,0,11000,-11000,-11000
5546,永固-KY         ,25000,36000,-11000,0,0,0,0,0,0,0,0,0,0,0,0,0,-11000
4930,燦星網          ,0,11000,-11000,0,0,0,0,0,0,0,0,0,0,0,0,0,-11000
9927,泰銘            ,8000,19000,-11000,0,0,0,0,0,0,0,0,0,0,0,0,0,-11000
07426P,上証2X國票9B售01,0,0,0,0,0,0,0,0,0,-12000,0,0,0,0,12000,-12000,-12000
07178P,臺股指凱基99售20,0,0,0,0,0,0,0,0,0,-12000,0,0,0,2000,14000,-12000,-12000
07233P,台灣50元大99售04,0,0,0,0,0,0,0,0,0,-12000,0,0,0,20000,32000,-12000,-12000
07236P,台灣50國票99售05,0,0,0,0,0,0,0,0,0,-12000,0,0,0,0,12000,-12000,-12000
06560P,台積電統一98售07,0,0,0,0,0,0,0,0,0,-12000,0,0,0,0,12000,-12000,-12000
06485P,玉晶光群益9A售02,0,0,0,0,0,0,0,0,0,-12000,0,0,0,0,12000,-12000,-12000
064073,南電永豐9C購01  ,0,0,0,0,0,0,0,0,0,-12000,0,0,0,0,12000,-12000,-12000
063923,世芯元富9C購01  ,0,0,0,0,0,0,0,0,0,-12000,0,0,0,143000,155000,-12000,-12000
07944P,華新科元大9B售08,0,0,0,0,0,0,0,0,0,-12000,0,0,0,51000,63000,-12000,-12000
07532P,台灣50中信01售02,0,0,0,0,0,0,0,0,0,-12000,0,0,0,18000,30000,-12000,-12000
07673P,電子類元大9A售01,0,0,0,0,0,0,0,0,0,-12000,0,0,0,0,12000,-12000,-12000
07978P,茂林群益9B售02  ,0,0,0,0,0,0,0,0,0,-12000,0,0,0,0,12000,-12000,-12000
08159P,日月光元富9B售01,0,0,0,0,0,0,0,0,0,-12000,0,0,0,13000,25000,-12000,-12000
08167P,台積電兆豐9B售04,0,0,0,0,0,0,0,0,0,-12000,0,0,0,0,12000,-12000,-12000
08293P,國巨元大9C售13  ,0,0,0,0,0,0,0,0,0,-12000,0,0,0,0,12000,-12000,-12000
05174P,元金2X富邦9B售01,0,0,0,0,0,0,0,0,0,-12000,0,0,0,0,12000,-12000,-12000
055502,群創元大9C購03  ,0,0,0,0,0,0,0,0,0,-12000,0,0,0,0,12000,-12000,-12000
056709,華通永豐98購01  ,0,0,0,0,0,0,0,0,0,-12000,0,0,0,1000,13000,-12000,-12000
058924,晶相光元富99購02,0,0,0,0,0,0,0,0,0,-12000,0,0,0,0,12000,-12000,-12000
058387,國巨國票9A購03  ,0,0,0,0,0,0,0,0,0,-12000,0,0,0,24000,36000,-12000,-12000
060626,貿聯元大9A購04  ,0,0,0,0,0,0,0,0,0,-12000,0,0,0,30000,42000,-12000,-12000
057960,聯鈞元大98購02  ,0,0,0,0,0,0,0,0,0,-12000,0,0,0,50000,62000,-12000,-12000
056895,技嘉元大98購01  ,0,0,0,0,0,0,0,0,0,-12000,0,0,0,69000,81000,-12000,-12000
05873P,華通群益97售02  ,0,0,0,0,0,0,0,0,0,-12000,0,0,0,0,12000,-12000,-12000
058558,鴻海日盛9A購02  ,0,0,0,0,0,0,0,0,0,-12000,0,0,0,2504000,2516000,-12000,-12000
057658,玉晶光兆豐99購02,0,0,0,0,0,0,0,0,0,-12000,0,0,0,13000,25000,-12000,-12000
059921,大立光元大99購24,0,0,0,0,0,0,0,0,0,-12000,0,0,0,13000,25000,-12000,-12000
058717,南電台新99購02  ,0,0,0,0,0,0,0,0,0,-12000,0,0,0,0,12000,-12000,-12000
057690,美律凱基99購03  ,0,0,0,0,0,0,0,0,0,-12000,0,0,0,20000,32000,-12000,-12000
062479,TPK國票9B購01   ,0,0,0,0,0,0,0,0,0,-12000,0,0,0,48000,60000,-12000,-12000
062536,玉晶光麥證9B購01,0,0,0,0,13000,-13000,0,0,0,-12000,0,0,0,1000,13000,-12000,-12000
063089,巨大凱基9C購01  ,0,0,0,0,0,0,0,0,0,-12000,0,0,0,42000,54000,-12000,-12000
063373,晶技永豐9B購02  ,0,0,0,0,0,0,0,0,0,-12000,0,0,0,0,12000,-12000,-12000
063150,聯發科元富05購03,0,0,0,0,0,0,0,0,0,-12000,0,0,0,6000,18000,-12000,-12000
060670,臺指反元大01購03,0,0,0,0,0,0,0,0,0,-12000,0,0,0,8000,20000,-12000,-12000
06100P,台積電日盛97售03,0,0,0,0,0,0,0,0,0,-12000,0,0,0,0,12000,-12000,-12000
06139P,台積電中信99售02,0,0,0,0,0,0,0,0,0,-12000,0,0,0,10000,22000,-12000,-12000
061407,鴻海國票9A購07  ,0,0,0,0,0,0,0,0,0,-12000,0,0,0,19000,31000,-12000,-12000
061280,國巨統一9C購06  ,0,0,0,0,0,0,0,0,0,-12000,0,0,0,25000,37000,-12000,-12000
061194,聯鈞永豐9A購02  ,0,0,0,0,0,0,0,0,0,-12000,0,0,0,1000,13000,-12000,-12000
6192,巨路            ,4000,17000,-13000,0,0,0,0,0,0,1000,1000,0,1000,0,0,0,-12000
08153P,台表科統一9B售01,0,0,0,0,0,0,0,0,0,-13000,0,0,0,27000,40000,-13000,-13000
07858P,旺宏永豐9A售03  ,0,0,0,0,0,0,0,0,0,-13000,0,0,0,70000,83000,-13000,-13000
2466,冠西電          ,16000,29000,-13000,0,0,0,0,0,0,0,0,0,0,0,0,0,-13000
2887F,台新戊特二      ,0,0,0,0,0,0,0,0,0,-13000,0,13000,-13000,0,0,0,-13000
063800,玉晶光凱基9C購02,0,0,0,0,0,0,0,0,0,-13000,0,0,0,25000,38000,-13000,-13000
063482,緯穎元大9B購09  ,0,0,0,0,0,0,0,0,0,-13000,0,0,0,16000,29000,-13000,-13000
06567P,鴻海永豐98售02  ,0,0,0,0,0,0,0,0,0,-13000,0,0,0,0,13000,-13000,-13000
059021,台積電統一9B購07,0,0,0,0,0,0,0,0,0,-13000,0,0,0,128000,141000,-13000,-13000
054445,技嘉兆豐96購01  ,0,0,0,0,0,0,0,0,0,-13000,0,0,0,0,13000,-13000,-13000
055695,大毅國票98購03  ,0,0,0,0,0,0,0,0,0,-13000,0,0,0,2000,15000,-13000,-13000
05579P,友達凱基98售03  ,0,0,0,0,0,0,0,0,0,-13000,0,0,0,5000,18000,-13000,-13000
054420,緯穎元大96購08  ,0,0,0,0,0,0,0,0,0,-13000,0,0,0,20000,33000,-13000,-13000
055599,TPK元大97購01   ,0,0,0,0,0,0,0,0,0,-13000,0,0,0,0,13000,-13000,-13000
053427,鎧勝永豐96購02  ,0,0,0,0,0,0,0,0,0,-13000,0,0,0,17000,30000,-13000,-13000
05347P,滬深2X元富9B售02,0,0,0,0,0,0,0,0,0,-13000,0,0,0,0,13000,-13000,-13000
00703,台新MSCI中國    ,0,0,0,0,0,0,0,0,0,-13000,0,0,0,37000,50000,-13000,-13000
052003,泰碩國泰97購02  ,0,0,0,0,0,0,0,0,0,-13000,0,0,0,124000,137000,-13000,-13000
056890,國巨元大98購11  ,0,0,0,0,0,0,0,0,0,-13000,0,0,0,17000,30000,-13000,-13000
059298,大立光元富9C購02,0,0,0,0,0,0,0,0,0,-13000,0,0,0,47000,60000,-13000,-13000
06054P,臺股指中信9A售01,0,0,0,0,0,0,0,0,0,-13000,0,0,0,0,13000,-13000,-13000
060374,儒鴻元富9A購01  ,0,0,0,0,0,0,0,0,0,-13000,0,0,0,224000,237000,-13000,-13000
058413,義隆兆豐99購01  ,0,0,0,0,0,0,0,0,0,-13000,0,0,0,137000,150000,-13000,-13000
057064,華新科富邦9B購01,0,0,0,0,0,0,0,0,0,-13000,0,0,0,0,13000,-13000,-13000
057046,奇力新元大99購03,0,0,0,0,0,0,0,0,0,-13000,0,0,0,0,13000,-13000,-13000
056980,建準群益98購02  ,0,0,0,0,0,0,0,0,0,-13000,0,0,0,7000,20000,-13000,-13000
061206,旺宏元大9A購12  ,0,0,0,0,0,0,0,0,0,-13000,0,0,0,0,13000,-13000,-13000
060877,華邦電中信02購01,0,0,0,0,0,0,0,0,0,-13000,0,0,0,18000,31000,-13000,-13000
061655,微星國票9A購01  ,0,0,0,0,0,0,0,0,0,-13000,0,0,0,103000,116000,-13000,-13000
061742,奇鋐凱基9B購01  ,0,0,0,0,0,0,0,0,0,-13000,0,0,0,0,13000,-13000,-13000
06152P,玉晶光元大98售06,0,0,0,0,0,0,0,0,0,-13000,0,0,0,61000,74000,-13000,-13000
061857,康友國票9B購01  ,0,0,0,0,0,0,0,0,0,-13000,0,0,0,20000,33000,-13000,-13000
061902,百和永豐9B購01  ,0,0,0,0,0,0,0,0,0,-13000,0,0,0,9000,22000,-13000,-13000
061971,力山元大9C購02  ,0,0,0,0,0,0,0,0,0,-13000,0,0,0,77000,90000,-13000,-13000
062105,國巨國票9C購03  ,0,0,0,0,0,0,0,0,0,-13000,0,0,0,5000,18000,-13000,-13000
063068,聯發科國泰01購03,0,0,0,0,0,0,0,0,0,-13000,0,0,0,10000,23000,-13000,-13000
062923,緯穎元大9B購06  ,0,0,0,0,0,0,0,0,0,-13000,0,0,0,0,13000,-13000,-13000
062641,瀚宇博國票9B購01,0,0,0,0,0,0,0,0,0,-13000,0,0,0,7000,20000,-13000,-13000
4725,信昌化          ,0,13000,-13000,0,0,0,0,0,0,0,0,0,0,0,0,0,-13000
4190,佐登-KY         ,17000,28000,-11000,0,0,0,0,0,0,-2000,0,0,0,0,2000,-2000,-13000
06737P,台郡凱基98售07  ,0,0,0,0,0,0,0,0,0,-14000,0,0,0,25000,39000,-14000,-14000
06653P,美食元大98售02  ,0,0,0,0,0,0,0,0,0,-14000,0,0,0,309000,323000,-14000,-14000
063622,健策兆豐9B購01  ,0,0,0,0,0,0,0,0,0,-14000,0,0,0,75000,89000,-14000,-14000
063913,貿聯凱基02購01  ,0,0,0,0,0,0,0,0,0,-14000,0,0,0,9000,23000,-14000,-14000
07819P,旺宏國票9B售01  ,0,0,0,0,0,0,0,0,0,-14000,0,0,0,102000,116000,-14000,-14000
07502P,美食元大9A售01  ,0,0,0,0,0,0,0,0,0,-14000,0,0,0,304000,318000,-14000,-14000
07630P,臺股指凱基9A售11,0,0,0,0,0,0,0,0,0,-14000,0,0,0,57000,71000,-14000,-14000
07994P,臺股指群益9B售04,0,0,0,0,0,0,0,0,0,-14000,0,0,0,0,14000,-14000,-14000
054172,易華電凱基98購01,0,0,0,0,0,0,0,0,0,-14000,0,0,0,0,14000,-14000,-14000
054528,台光電統一96購02,0,0,0,0,0,0,0,0,0,-14000,0,0,0,30000,44000,-14000,-14000
055038,華航富邦99購01  ,0,0,0,0,0,0,0,0,0,-14000,0,0,0,1000,15000,-14000,-14000
055271,鴻海元大98購03  ,0,0,0,0,0,0,0,0,0,-14000,0,0,0,1000,15000,-14000,-14000
058236,大立光元大99購09,0,0,0,0,0,0,0,0,0,-14000,0,0,0,13000,27000,-14000,-14000
060560,欣興國泰9C購01  ,0,0,0,0,0,0,0,0,0,-14000,0,0,0,13000,27000,-14000,-14000
057196,茂林台新98購01  ,0,0,0,0,0,0,0,0,0,-14000,0,0,0,167000,181000,-14000,-14000
056858,國巨群益99購03  ,0,0,0,0,0,0,0,0,0,-14000,0,0,0,0,14000,-14000,-14000
059783,旺宏元大99購17  ,0,0,0,0,0,0,0,0,0,-14000,0,0,0,5000,19000,-14000,-14000
063214,康控國票9C購01  ,0,0,0,0,0,0,0,0,0,-14000,0,0,0,57000,71000,-14000,-14000
063342,台光電統一9B購02,0,0,0,0,0,0,0,0,0,-14000,0,0,0,42000,56000,-14000,-14000
061851,智邦國票9B購01  ,0,0,0,0,0,0,0,0,0,-14000,0,0,0,0,14000,-14000,-14000
061594,玉晶光永豐9A購08,0,0,0,0,0,0,0,0,0,-14000,0,0,0,1000,15000,-14000,-14000
061738,聯發科凱基9B購04,0,0,0,0,0,0,0,0,0,-14000,0,0,0,10000,24000,-14000,-14000
061010,上銀麥證9A購02  ,0,0,0,4000,18000,-14000,0,0,0,-14000,0,0,0,4000,18000,-14000,-14000
1308,亞聚            ,251000,165000,86000,0,0,0,0,0,0,-101000,0,101000,-101000,0,0,0,-15000
08187P,大毅群益9B售04  ,0,0,0,0,0,0,0,0,0,-15000,0,0,0,0,15000,-15000,-15000
07631P,臺股指凱基9A售12,0,0,0,0,0,0,0,0,0,-15000,0,0,0,0,15000,-15000,-15000
07805P,義隆永豐9A售02  ,0,0,0,0,0,0,0,0,0,-15000,0,0,0,0,15000,-15000,-15000
07933P,大立光富邦9C售06,0,0,0,0,0,0,0,0,0,-15000,0,0,0,0,15000,-15000,-15000
3006,晶豪科          ,1317000,1223000,94000,0,0,0,0,0,0,-109000,6000,8000,-2000,76000,183000,-107000,-15000
2114,鑫永銓          ,0,15000,-15000,0,0,0,0,0,0,0,0,0,0,0,0,0,-15000
064066,達新永豐9C購01  ,0,0,0,0,0,0,0,0,0,-15000,0,0,0,0,15000,-15000,-15000
064075,台積電中信06購01,0,0,0,0,0,0,0,0,0,-15000,0,0,0,0,15000,-15000,-15000
064033,茂林元大9C購02  ,0,0,0,0,0,0,0,0,0,-15000,0,0,0,16000,31000,-15000,-15000
063853,同欣電元大9C購02,0,0,0,0,0,0,0,0,0,-15000,0,0,0,17000,32000,-15000,-15000
063683,大成鋼永豐9B購01,0,0,0,0,0,0,0,0,0,-15000,0,0,0,30000,45000,-15000,-15000
06621P,欣興元大98售06  ,0,0,0,0,0,0,0,0,0,-15000,0,0,0,0,15000,-15000,-15000
06845P,億光元大98售02  ,0,0,0,0,0,0,0,0,0,-15000,0,0,0,0,15000,-15000,-15000
06862P,大立光凱基98售16,0,0,0,0,0,0,0,0,0,-15000,0,0,0,12000,27000,-15000,-15000
06552P,茂林元大99售02  ,0,0,0,0,0,0,0,0,0,-15000,0,0,0,25000,40000,-15000,-15000
07359P,台積電元大99售45,0,0,0,0,0,0,0,0,0,-15000,0,0,0,0,15000,-15000,-15000
058884,世紀鋼永豐99購02,0,0,0,0,0,0,0,0,0,-15000,0,0,0,35000,50000,-15000,-15000
058783,臺股指國票99購02,0,0,0,0,0,0,0,0,0,-15000,0,0,0,5000,20000,-15000,-15000
055921,新唐凱基98購01  ,0,0,0,0,0,0,0,0,0,-15000,0,0,0,0,15000,-15000,-15000
054607,台積電永豐97購03,0,0,0,0,0,0,0,0,0,-15000,0,0,0,70000,85000,-15000,-15000
054147,GIS元大96購02   ,0,0,0,0,0,0,0,0,0,-15000,0,0,0,50000,65000,-15000,-15000
053901,T50反1凱基99購03,0,0,0,0,0,0,0,0,0,-15000,0,0,0,25000,40000,-15000,-15000
00688L,國泰20年美債正2 ,1000,3000,-2000,0,0,0,0,0,0,-13000,0,0,0,100000,113000,-13000,-15000
053761,健策國泰98購01  ,0,0,0,0,0,0,0,0,0,-15000,0,0,0,391000,406000,-15000,-15000
053744,台郡國票97購03  ,0,0,0,0,0,0,0,0,0,-15000,0,0,0,38000,53000,-15000,-15000
054375,貿聯中信99購01  ,0,0,0,0,0,0,0,0,0,-15000,0,0,0,5000,20000,-15000,-15000
05670P,台積電國票98售01,0,0,0,0,0,0,0,0,0,-15000,0,0,0,0,15000,-15000,-15000
056697,緯穎群益98購01  ,0,0,0,0,0,0,0,0,0,-15000,0,0,0,0,15000,-15000,-15000
059928,道瓊銀富邦03購01,0,0,0,0,0,0,0,0,0,-15000,0,0,0,55000,70000,-15000,-15000
058557,健策第一01購01  ,0,0,0,0,0,0,0,0,0,-15000,0,0,0,0,15000,-15000,-15000
057748,華通國票98購04  ,0,0,0,0,0,0,0,0,0,-15000,0,0,0,7000,22000,-15000,-15000
059206,元石油元大99購02,0,0,0,0,0,0,0,0,0,-15000,0,0,0,0,15000,-15000,-15000
057982,帆宣永豐98購01  ,0,0,0,0,0,0,0,0,0,-15000,0,0,0,0,15000,-15000,-15000
057227,台積電凱基98購15,0,0,0,0,0,0,0,0,0,-15000,0,0,0,0,15000,-15000,-15000
060247,牧德元大9A購02  ,0,0,0,0,0,0,0,0,0,-15000,0,0,0,0,15000,-15000,-15000
060610,玉晶光凱基9B購02,0,0,0,0,0,0,0,0,0,-15000,0,0,0,1000,16000,-15000,-15000
060606,玉晶光凱基9A購05,0,0,0,0,0,0,0,0,0,-15000,0,0,0,0,15000,-15000,-15000
060443,滬深2X元大9A購03,0,0,0,0,0,0,0,0,0,-15000,0,0,0,0,15000,-15000,-15000
059534,國泰金凱基99購01,0,0,0,0,0,0,0,0,0,-15000,0,0,0,0,15000,-15000,-15000
059535,玉山金凱基99購01,0,0,0,0,0,0,0,0,0,-15000,0,0,0,0,15000,-15000,-15000
061059,世芯國票9B購01  ,0,0,0,0,0,0,0,0,0,-15000,0,0,0,38000,53000,-15000,-15000
061044,世紀鋼永豐9A購02,0,0,0,0,0,0,0,0,0,-15000,0,0,0,0,15000,-15000,-15000
061139,玉晶光統一9C購02,0,0,0,0,0,0,0,0,0,-15000,0,0,0,6000,21000,-15000,-15000
061088,國巨統一9C購05  ,0,0,0,0,0,0,0,0,0,-15000,0,0,0,0,15000,-15000,-15000
061685,道瓊反群益9A購03,0,0,0,0,0,0,0,0,0,-15000,0,0,0,0,15000,-15000,-15000
061552,南六群益9A購02  ,0,0,0,0,0,0,0,0,0,-15000,0,0,0,0,15000,-15000,-15000
061931,力山國票9B購02  ,0,0,0,0,0,0,0,0,0,-15000,0,0,0,0,15000,-15000,-15000
06339P,上銀統一97售06  ,0,0,0,0,0,0,0,0,0,-15000,0,0,0,0,15000,-15000,-15000
062897,上銀元大9B購06  ,0,0,0,0,0,0,0,0,0,-15000,0,0,0,0,15000,-15000,-15000
063067,緯穎麥證9B購01  ,0,0,0,0,15000,-15000,0,0,0,-15000,0,0,0,0,15000,-15000,-15000
062638,茂林國票9C購01  ,0,0,0,0,0,0,0,0,0,-15000,0,0,0,61000,76000,-15000,-15000
062665,智易群益9B購01  ,0,0,0,0,0,0,0,0,0,-15000,0,0,0,0,15000,-15000,-15000
062615,亞德客元大9B購02,0,0,0,0,0,0,0,0,0,-15000,0,0,0,55000,70000,-15000,-15000
062546,新日興永豐9B購01,0,0,0,0,0,0,0,0,0,-15000,0,0,0,0,15000,-15000,-15000
062191,台郡元大9B購05  ,0,0,0,0,0,0,0,0,0,-15000,0,0,0,18000,33000,-15000,-15000
2360,致茂            ,211000,226300,-15300,0,0,0,0,0,0,0,10000,0,10000,8000,18000,-10000,-15300
6415,矽力-KY         ,395000,409361,-14361,0,0,0,0,4000,-4000,3000,4000,1000,3000,0,0,0,-15361
2450,神腦            ,30000,43000,-13000,0,0,0,0,0,0,-3000,0,3000,-3000,0,0,0,-16000
2006,東和鋼鐵        ,120000,152000,-32000,0,0,0,0,0,0,16000,21000,5000,16000,0,0,0,-16000
07793P,同欣電元大9A售02,0,0,0,0,0,0,0,0,0,-16000,0,0,0,24000,40000,-16000,-16000
06728P,全新元大98售03  ,0,0,0,0,0,0,0,0,0,-16000,0,0,0,55000,71000,-16000,-16000
063713,麗豐凱基9B購01  ,0,0,0,0,0,0,0,0,0,-16000,0,0,0,0,16000,-16000,-16000
063602,金像電凱基9B購04,0,0,0,0,0,0,0,0,0,-16000,0,0,0,0,16000,-16000,-16000
063877,鴻海元富9C購01  ,0,0,0,0,0,0,0,0,0,-16000,0,0,0,7000,23000,-16000,-16000
063975,台積電兆豐9C購01,0,0,0,0,0,0,0,0,0,-16000,0,0,0,0,16000,-16000,-16000
056669,貿聯國票99購01  ,0,0,0,0,0,0,0,0,0,-16000,0,0,0,0,16000,-16000,-16000
053852,南亞科國泰98購01,0,0,0,0,0,0,0,0,0,-16000,0,0,0,0,16000,-16000,-16000
053307,泰碩凱基97購01  ,0,0,0,0,0,0,0,0,0,-16000,0,0,0,0,16000,-16000,-16000
00682U,元大美元指數    ,0,0,0,0,0,0,0,0,0,-16000,0,0,0,0,16000,-16000,-16000
049871,T50反1台新9A購02,0,0,0,0,0,0,0,0,0,-16000,0,0,0,0,16000,-16000,-16000
054020,技嘉台新97購01  ,0,0,0,0,0,0,0,0,0,-16000,0,0,0,0,16000,-16000,-16000
052363,廣達國票96購01  ,0,0,0,0,0,0,0,0,0,-16000,0,0,0,0,16000,-16000,-16000
054564,玉晶光群益99購01,0,0,0,0,0,0,0,0,0,-16000,0,0,0,435000,451000,-16000,-16000
057088,上銀元富98購01  ,0,0,0,0,0,0,0,0,0,-16000,0,0,0,0,16000,-16000,-16000
060466,玉山金元大9A購01,0,0,0,0,0,0,0,0,0,-16000,0,0,0,2000,18000,-16000,-16000
060656,國巨統一9C購03  ,0,0,0,0,0,0,0,0,0,-16000,0,0,0,10000,26000,-16000,-16000
057158,義隆永豐99購01  ,0,0,0,0,0,0,0,0,0,-16000,0,0,0,42000,58000,-16000,-16000
057150,貿聯國票99購02  ,0,0,0,0,0,0,0,0,0,-16000,0,0,0,0,16000,-16000,-16000
059917,華新科元大99購19,0,0,0,0,0,0,0,0,0,-16000,0,0,0,30000,46000,-16000,-16000
062646,聯發科國泰01購02,0,0,0,0,0,0,0,0,0,-16000,0,0,0,14000,30000,-16000,-16000
063411,和潤國票9C購01  ,0,0,0,0,0,0,0,0,0,-16000,0,0,0,92000,108000,-16000,-16000
063406,麗豐國票9C購01  ,0,0,0,0,0,0,0,0,0,-16000,0,0,0,0,16000,-16000,-16000
061906,統一中信9B購01  ,0,0,0,0,0,0,0,0,0,-16000,0,0,0,41000,57000,-16000,-16000
062088,緯穎元大9B購04  ,0,0,0,0,0,0,0,0,0,-16000,0,0,0,44000,60000,-16000,-16000
061520,健策中信9A購01  ,0,0,0,0,0,0,0,0,0,-16000,0,0,0,1000,17000,-16000,-16000
061358,世紀鋼元大9A購04,0,0,0,0,0,0,0,0,0,-16000,0,0,0,157000,173000,-16000,-16000
060823,旺宏元大9A購05  ,0,0,0,0,0,0,0,0,0,-16000,0,0,0,0,16000,-16000,-16000
060701,玉晶光國泰9C購01,0,0,0,0,0,0,0,0,0,-16000,0,0,0,20000,36000,-16000,-16000
060811,亞德客凱基9A購02,0,0,0,0,0,0,0,0,0,-16000,0,0,0,0,16000,-16000,-16000
6285,啟碁            ,124000,170000,-46000,0,0,0,0,0,0,30000,44000,2000,42000,12000,24000,-12000,-16000
5285,界霖            ,28000,44000,-16000,0,0,0,0,0,0,0,0,0,0,0,0,0,-16000
063546,國巨兆豐9C購03  ,0,0,0,0,0,0,0,0,0,-17000,0,0,0,10000,27000,-17000,-17000
06999P,玉晶光國票9B售01,0,0,0,0,0,0,0,0,0,-17000,0,0,0,112000,129000,-17000,-17000
07871P,台積電群益9C售02,0,0,0,0,0,0,0,0,0,-17000,0,0,0,20000,37000,-17000,-17000
1702,南僑            ,49000,66000,-17000,0,0,0,0,0,0,0,0,0,0,0,0,0,-17000
2022,聚亨            ,11000,0,11000,0,0,0,0,0,0,-28000,2000,30000,-28000,0,0,0,-17000
3622,洋華            ,3000,20000,-17000,0,0,0,0,0,0,0,0,0,0,0,0,0,-17000
055796,南電國泰98購01  ,0,0,0,0,0,0,0,0,0,-17000,0,0,0,16000,33000,-17000,-17000
056565,欣興群益98購03  ,0,0,0,0,0,0,0,0,0,-17000,0,0,0,0,17000,-17000,-17000
056479,玉晶光元大99購05,0,0,0,0,0,0,0,0,0,-17000,0,0,0,15000,32000,-17000,-17000
055221,矽創凱基97購02  ,0,0,0,0,0,0,0,0,0,-17000,0,0,0,45000,62000,-17000,-17000
058572,百和凱基9A購01  ,0,0,0,0,0,0,0,0,0,-17000,0,0,0,0,17000,-17000,-17000
057778,大立光群益98購02,0,0,0,0,0,0,0,0,0,-17000,0,0,0,0,17000,-17000,-17000
057789,上銀統一9A購01  ,0,0,0,0,0,0,0,0,0,-17000,0,0,0,29000,46000,-17000,-17000
060103,聯詠元大99購01  ,0,0,0,0,0,0,0,0,0,-17000,0,0,0,21000,38000,-17000,-17000
057868,大立光凱基98購18,0,0,0,0,0,0,0,0,0,-17000,0,0,0,0,17000,-17000,-17000
060621,玉晶光元大9A購05,0,0,0,0,0,0,0,0,0,-17000,0,0,0,34000,51000,-17000,-17000
058396,力山元大99購01  ,0,0,0,0,0,0,0,0,0,-17000,0,0,0,3000,20000,-17000,-17000
062085,同欣電元大9B購01,0,0,0,0,0,0,0,0,0,-17000,0,0,0,64000,81000,-17000,-17000
062035,瑞祺群益9B購01  ,0,0,0,0,0,0,0,0,0,-17000,0,0,0,24000,41000,-17000,-17000
061912,台積電中信05購05,0,0,0,0,0,0,0,0,0,-17000,0,0,0,4000,21000,-17000,-17000
06189P,華新科永豐97售03,0,0,0,0,0,0,0,0,0,-17000,0,0,0,60000,77000,-17000,-17000
06195P,台積電元富97售06,0,0,0,0,0,0,0,0,0,-17000,0,0,0,0,17000,-17000,-17000
6281,全國電          ,13000,30000,-17000,0,0,0,0,0,0,0,0,0,0,0,0,0,-17000
9188,精熙-DR         ,0,17000,-17000,0,0,0,0,0,0,0,0,0,0,0,0,0,-17000
9911,櫻花            ,17000,34400,-17400,0,0,0,0,0,0,0,0,0,0,0,0,0,-17400
3312,弘憶股          ,26000,46000,-20000,0,0,0,0,0,0,2000,2000,0,2000,0,0,0,-18000
2539,櫻花建          ,16000,34000,-18000,0,0,0,0,0,0,0,0,0,0,0,0,0,-18000
07258P,台灣50台新9A售01,0,0,0,0,0,0,0,0,0,-18000,0,0,0,0,18000,-18000,-18000
06757P,台灣50元大9B售01,0,0,0,0,0,0,0,0,0,-18000,0,0,0,2000,20000,-18000,-18000
064152,義隆統一02購02  ,0,0,0,0,0,0,0,0,0,-18000,0,0,0,0,18000,-18000,-18000
064175,華通國泰02購01  ,0,0,0,0,0,0,0,0,0,-18000,0,0,0,0,18000,-18000,-18000
063711,高鐵凱基9B購01  ,0,0,0,0,0,0,0,0,0,-18000,0,0,0,0,18000,-18000,-18000
064005,義隆凱基01購01  ,0,0,0,0,0,0,0,0,0,-18000,0,0,0,5000,23000,-18000,-18000
054919,興富發凱基97購01,0,0,0,0,0,0,0,0,0,-18000,0,0,0,12000,30000,-18000,-18000
058985,可成凱基99購03  ,0,0,0,0,0,0,0,0,0,-18000,0,0,0,22000,40000,-18000,-18000
056518,美律國票99購01  ,0,0,0,0,0,0,0,0,0,-18000,0,0,0,0,18000,-18000,-18000
00731,FH富時高息低波  ,0,0,0,0,0,0,0,0,0,-18000,0,0,0,1346000,1364000,-18000,-18000
051484,玉晶光凱基97購01,0,0,0,0,0,0,0,0,0,-18000,0,0,0,71000,89000,-18000,-18000
053059,聯發科永昌99購01,0,0,0,0,0,0,0,0,0,-18000,0,0,0,0,18000,-18000,-18000
055536,嘉聯益群益99購02,0,0,0,0,0,0,0,0,0,-18000,0,0,0,0,18000,-18000,-18000
059632,聯發科凱基01購01,0,0,0,0,0,0,0,0,0,-18000,0,0,0,10000,28000,-18000,-18000
059289,瑞昱元富99購01  ,0,0,0,0,0,0,0,0,0,-18000,0,0,0,23000,41000,-18000,-18000
056849,瀚宇博元富98購01,0,0,0,0,0,0,0,0,0,-18000,0,0,0,22000,40000,-18000,-18000
061958,鴻海統一01購01  ,0,0,0,0,0,0,0,0,0,-18000,0,0,0,27000,45000,-18000,-18000
062040,玉晶光凱基01購01,0,0,0,0,0,0,0,0,0,-18000,0,0,0,3000,21000,-18000,-18000
061684,T50反1群益9A購06,0,0,0,0,0,0,0,0,0,-18000,0,0,0,0,18000,-18000,-18000
061412,儒鴻群益9A購01  ,0,0,0,0,0,0,0,0,0,-18000,0,0,0,25000,43000,-18000,-18000
061366,台勝科國票9A購01,0,0,0,0,0,0,0,0,0,-18000,0,0,0,49000,67000,-18000,-18000
061144,玉晶光中信9B購02,0,0,0,0,0,0,0,0,0,-18000,0,0,0,113000,131000,-18000,-18000
063148,建準元富9B購01  ,0,0,0,0,0,0,0,0,0,-18000,0,0,0,199000,217000,-18000,-18000
063096,勤誠國票9B購02  ,0,0,0,0,0,0,0,0,0,-18000,0,0,0,20000,38000,-18000,-18000
062761,嘉晶凱基9C購01  ,0,0,0,0,0,0,0,0,0,-18000,0,0,0,128000,146000,-18000,-18000
9908,大台北          ,1000,19000,-18000,0,0,0,0,0,0,0,0,0,0,0,0,0,-18000
9942,茂順            ,5000,24000,-19000,0,0,0,0,0,0,1000,1000,0,1000,0,0,0,-18000
064071,台郡永豐9C購01  ,0,0,0,0,0,0,0,0,0,-19000,0,0,0,0,19000,-19000,-19000
063977,義隆兆豐9C購01  ,0,0,0,0,0,0,0,0,0,-19000,0,0,0,144000,163000,-19000,-19000
063815,玉晶光群益02購01,0,0,0,0,0,0,0,0,0,-19000,0,0,0,48000,67000,-19000,-19000
1517,利奇            ,45000,64000,-19000,0,0,0,0,0,0,0,0,0,0,0,0,0,-19000
07678P,大立光群益9A售03,0,0,0,0,0,0,0,0,0,-19000,0,0,0,12000,31000,-19000,-19000
08299P,玉晶光國票02售01,0,0,0,0,0,0,0,0,0,-19000,0,0,0,0,19000,-19000,-19000
08300P,世芯國票01售01  ,0,0,0,0,0,0,0,0,0,-19000,0,0,0,11000,30000,-19000,-19000
03427B,臺股指元大9A熊02,0,0,0,0,0,0,0,0,0,-19000,0,0,0,183000,202000,-19000,-19000
00660,元大歐洲50      ,0,0,0,0,0,0,0,0,0,-19000,0,0,0,6000,25000,-19000,-19000
055804,祥碩永豐97購02  ,0,0,0,0,0,0,0,0,0,-19000,0,0,0,10000,29000,-19000,-19000
055805,矽力永豐97購01  ,0,0,0,0,0,0,0,0,0,-19000,0,0,0,0,19000,-19000,-19000
054569,GIS群益98購01   ,0,0,0,0,0,0,0,0,0,-19000,0,0,0,10000,29000,-19000,-19000
054627,義隆凱基98購01  ,0,0,0,0,0,0,0,0,0,-19000,0,0,0,8000,27000,-19000,-19000
055232,泰碩國票98購01  ,0,0,0,0,0,0,0,0,0,-19000,0,0,0,54000,73000,-19000,-19000
054751,GIS凱基98購01   ,0,0,0,0,0,0,0,0,0,-19000,0,0,0,11000,30000,-19000,-19000
058714,美律統一9B購01  ,0,0,0,0,0,0,0,0,0,-19000,0,0,0,461000,480000,-19000,-19000
059084,鴻海元大99購24  ,0,0,0,0,0,0,0,0,0,-19000,0,0,0,34000,53000,-19000,-19000
060028,國揚永豐99購01  ,0,0,0,0,0,0,0,0,0,-19000,0,0,0,6000,25000,-19000,-19000
057104,康友中信99購01  ,0,0,0,0,0,0,0,0,0,-19000,0,0,0,0,19000,-19000,-19000
062781,微星元大9C購01  ,0,0,0,0,0,0,0,0,0,-19000,0,0,0,66000,85000,-19000,-19000
062562,瑞儀凱基9B購02  ,0,0,0,0,0,0,0,0,0,-19000,0,0,0,31000,50000,-19000,-19000
062621,緯穎元大9B購05  ,0,0,0,0,0,0,0,0,0,-19000,0,0,0,31000,50000,-19000,-19000
062173,世紀鋼永豐9B購01,0,0,0,0,0,0,0,0,0,-19000,0,0,0,76000,95000,-19000,-19000
062398,建準永豐9B購01  ,0,0,0,0,0,0,0,0,0,-19000,0,0,0,10000,29000,-19000,-19000
062946,祥碩國泰9C購02  ,0,0,0,0,0,0,0,0,0,-19000,0,0,0,81000,100000,-19000,-19000
062844,T50反1國泰9C購01,0,0,0,0,0,0,0,0,0,-19000,0,0,0,6000,25000,-19000,-19000
062857,SP黃豆國票9C購01,0,0,0,0,0,0,0,0,0,-19000,0,0,0,49000,68000,-19000,-19000
063308,緯穎凱基9B購05  ,0,0,0,0,0,0,0,0,0,-19000,0,0,0,34000,53000,-19000,-19000
063324,道瓊反國票9B購03,0,0,0,0,0,0,0,0,0,-19000,0,0,0,0,19000,-19000,-19000
060963,禾伸堂凱基9A購01,0,0,0,0,0,0,0,0,0,-19000,0,0,0,69000,88000,-19000,-19000
062062,貿聯統一01購01  ,0,0,0,0,0,0,0,0,0,-19000,0,0,0,95000,114000,-19000,-19000
061878,茂林元大9B購01  ,0,0,0,0,0,0,0,0,0,-19000,0,0,0,50000,69000,-19000,-19000
08298P,大立光國票9C售01,0,0,0,0,0,0,0,0,0,-20000,0,0,0,0,20000,-20000,-20000
08313P,健策國票01售01  ,0,0,0,0,0,0,0,0,0,-20000,0,0,0,0,20000,-20000,-20000
08067P,大立光凱基9B售08,0,0,0,0,0,0,0,0,0,-20000,0,0,0,0,20000,-20000,-20000
08172P,台積電凱基03售02,0,0,0,0,0,0,0,0,0,-20000,0,0,0,0,20000,-20000,-20000
08095P,大立光元富9B售03,0,0,0,0,0,0,0,0,0,-20000,0,0,0,33000,53000,-20000,-20000
07694P,超眾元大9A售05  ,0,0,0,0,0,0,0,0,0,-20000,0,0,0,0,20000,-20000,-20000
07717P,臺股指群益9A售06,0,0,0,0,0,0,0,0,0,-20000,0,0,0,0,20000,-20000,-20000
07635P,世芯永豐9A售05  ,0,0,0,0,0,0,0,0,0,-20000,0,0,0,220000,240000,-20000,-20000
07627P,超眾凱基9A售02  ,0,0,0,0,0,0,0,0,0,-20000,0,0,0,10000,30000,-20000,-20000
07620P,國巨統一9B售07  ,0,0,0,0,0,0,0,0,0,-20000,0,0,0,0,20000,-20000,-20000
07612P,國巨國泰9B售06  ,0,0,0,0,0,0,0,0,0,-20000,0,0,0,10000,30000,-20000,-20000
07560P,台積電國泰9B售01,0,0,0,0,0,0,0,0,0,-20000,0,0,0,39000,59000,-20000,-20000
07795P,美律國票9A售03  ,0,0,0,0,0,0,0,0,0,-20000,0,0,0,0,20000,-20000,-20000
3703,欣陸            ,74000,94000,-20000,0,0,0,0,0,0,0,0,0,0,0,0,0,-20000
063779,華邦電永豐9B購01,0,0,0,0,0,0,0,0,0,-20000,0,0,0,0,20000,-20000,-20000
063931,牧德統一01購02  ,0,0,0,0,0,0,0,0,0,-20000,0,0,0,0,20000,-20000,-20000
064048,大立光統一9C購07,0,0,0,0,0,0,0,0,0,-20000,0,0,0,0,20000,-20000,-20000
063709,上銀凱基9B購07  ,0,0,0,0,0,0,0,0,0,-20000,0,0,0,0,20000,-20000,-20000
063740,矽格元大9B購03  ,0,0,0,0,0,0,0,0,0,-20000,0,0,0,5000,25000,-20000,-20000
063734,可成元大9B購04  ,0,0,0,0,0,0,0,0,0,-20000,0,0,0,59000,79000,-20000,-20000
063607,中租凱基9B購02  ,0,0,0,0,0,0,0,0,0,-20000,0,0,0,0,20000,-20000,-20000
063615,瑞祺群益9B購03  ,0,0,0,0,0,0,0,0,0,-20000,0,0,0,8000,28000,-20000,-20000
063663,台光電統一9C購01,0,0,0,0,0,0,0,0,0,-20000,0,0,0,70000,90000,-20000,-20000
06349P,臺股指台新99售01,0,0,0,0,0,0,0,0,0,-20000,0,0,0,200000,220000,-20000,-20000
064189,TPK永豐9C購01   ,0,0,0,0,0,0,0,0,0,-20000,0,0,0,13000,33000,-20000,-20000
064129,新日興元大9C購02,0,0,0,0,0,0,0,0,0,-20000,0,0,0,0,20000,-20000,-20000
06579P,臺股指麥證98售03,0,0,0,0,30000,-30000,0,0,0,-20000,0,0,0,10000,30000,-20000,-20000
06492P,上銀永豐98售01  ,0,0,0,0,0,0,0,0,0,-20000,0,0,0,22000,42000,-20000,-20000
06801P,技嘉群益99售02  ,0,0,0,0,0,0,0,0,0,-20000,0,0,0,57000,77000,-20000,-20000
07259P,滬深2X國票01售01,0,0,0,0,0,0,0,0,0,-20000,0,0,0,10000,30000,-20000,-20000
07241P,台灣50國票9A售05,0,0,0,0,0,0,0,0,0,-20000,0,0,0,0,20000,-20000,-20000
07344P,鴻海富邦9A售03  ,0,0,0,0,0,0,0,0,0,-20000,0,0,0,0,20000,-20000,-20000
06919P,臺股指日盛98售02,0,0,0,0,0,0,0,0,0,-20000,0,0,0,70000,90000,-20000,-20000
06920P,台灣50凱基9A售01,0,0,0,0,0,0,0,0,0,-20000,0,0,0,22000,42000,-20000,-20000
07050P,宏達電中信9B售01,0,0,0,0,0,0,0,0,0,-20000,0,0,0,0,20000,-20000,-20000
054777,昇陽半國票98購01,0,0,0,0,0,0,0,0,0,-20000,0,0,0,0,20000,-20000,-20000
056128,和大中信99購01  ,0,0,0,0,0,0,0,0,0,-20000,0,0,0,0,20000,-20000,-20000
054980,國巨元富97購01  ,0,0,0,0,0,0,0,0,0,-20000,0,0,0,0,20000,-20000,-20000
054976,上証2X元富9A購01,0,0,0,0,0,0,0,0,0,-20000,0,0,0,0,20000,-20000,-20000
055080,正崴中信99購01  ,0,0,0,0,0,0,0,0,0,-20000,0,0,0,0,20000,-20000,-20000
058885,元石油元大9C購02,0,0,0,0,0,0,0,0,0,-20000,0,0,0,0,20000,-20000,-20000
058887,元石油元大9C購04,0,0,0,0,0,0,0,0,0,-20000,0,0,0,0,20000,-20000,-20000
058957,貿聯國票9A購01  ,0,0,0,0,0,0,0,0,0,-20000,0,0,0,0,20000,-20000,-20000
056146,台虹元大98購01  ,0,0,0,0,0,0,0,0,0,-20000,0,0,0,0,20000,-20000,-20000
055949,亞德客元大97購04,0,0,0,0,0,0,0,0,0,-20000,0,0,0,5000,25000,-20000,-20000
054697,凌華永豐97購01  ,0,0,0,0,0,0,0,0,0,-20000,0,0,0,0,20000,-20000,-20000
055960,義隆元大97購01  ,0,0,0,0,0,0,0,0,0,-20000,0,0,0,3000,23000,-20000,-20000
054463,瑞昱凱基97購01  ,0,0,0,0,0,0,0,0,0,-20000,0,0,0,0,20000,-20000,-20000
056474,華新科元大99購05,0,0,0,0,0,0,0,0,0,-20000,0,0,0,0,20000,-20000,-20000
05649P,矽創國票97售03  ,0,0,0,0,0,0,0,0,0,-20000,0,0,0,0,20000,-20000,-20000
056568,台表科群益98購01,0,0,0,0,0,0,0,0,0,-20000,0,0,0,0,20000,-20000,-20000
056281,深中小永豐97購01,0,0,0,0,0,0,0,0,0,-20000,0,0,0,31000,51000,-20000,-20000
00648R,元大S&P500反1   ,0,0,0,0,0,0,0,0,0,-20000,0,0,0,379000,399000,-20000,-20000
050915,健策中信98購01  ,0,0,0,0,0,0,0,0,0,-20000,0,0,0,0,20000,-20000,-20000
00851,台新全球AI      ,0,0,0,0,0,0,0,0,0,-20000,0,0,0,353000,373000,-20000,-20000
00701,國泰股利精選30  ,0,0,0,0,0,0,0,0,0,-20000,0,0,0,358000,378000,-20000,-20000
051850,臻鼎中信96購01  ,0,0,0,0,0,0,0,0,0,-20000,0,0,0,0,20000,-20000,-20000
03662C,FBVIX凱基03牛01 ,0,0,0,0,0,0,0,0,0,-20000,0,0,0,68000,88000,-20000,-20000
051510,新光金中信97購01,0,0,0,0,0,0,0,0,0,-20000,0,0,0,0,20000,-20000,-20000
051511,鈺齊中信97購01  ,0,0,0,0,0,0,0,0,0,-20000,0,0,0,0,20000,-20000,-20000
05120P,聯發科國泰97售01,0,0,0,0,0,0,0,0,0,-20000,0,0,0,0,20000,-20000,-20000
051729,華新國票96購01  ,0,0,0,0,0,0,0,0,0,-20000,0,0,0,0,20000,-20000,-20000
051696,新日興中信96購01,0,0,0,0,0,0,0,0,0,-20000,0,0,0,0,20000,-20000,-20000
051600,新日興兆豐96購02,0,0,0,0,0,0,0,0,0,-20000,0,0,0,0,20000,-20000,-20000
052224,楠梓電凱基97購01,0,0,0,0,0,0,0,0,0,-20000,0,0,0,40000,60000,-20000,-20000
052234,GIS凱基97購01   ,0,0,0,0,0,0,0,0,0,-20000,0,0,0,0,20000,-20000,-20000
054237,茂林群益97購01  ,0,0,0,0,0,0,0,0,0,-20000,0,0,0,20000,40000,-20000,-20000
054142,致伸元大97購01  ,0,0,0,0,0,0,0,0,0,-20000,0,0,0,0,20000,-20000,-20000
049700,瀚宇博元大97購01,0,0,0,0,0,0,0,0,0,-20000,0,0,0,0,20000,-20000,-20000
050402,緯穎中信96購01  ,0,0,0,0,0,0,0,0,0,-20000,0,0,0,10000,30000,-20000,-20000
046949,群創元大99購01  ,0,0,0,0,0,0,0,0,0,-20000,0,0,0,10000,30000,-20000,-20000
047482,新光金凱基99購03,0,0,0,0,0,0,0,0,0,-20000,0,0,0,0,20000,-20000,-20000
055516,上銀中信97購01  ,0,0,0,0,0,0,0,0,0,-20000,0,0,0,0,20000,-20000,-20000
056625,致伸永豐98購01  ,0,0,0,0,0,0,0,0,0,-20000,0,0,0,0,20000,-20000,-20000
055394,健策統一97購01  ,0,0,0,0,0,0,0,0,0,-20000,0,0,0,10000,30000,-20000,-20000
055479,GIS凱基97購04   ,0,0,0,0,0,0,0,0,0,-20000,0,0,0,0,20000,-20000,-20000
053813,友達群益9A購03  ,0,0,0,0,0,0,0,0,0,-20000,0,0,0,0,20000,-20000,-20000
053025,燿華富邦98購02  ,0,0,0,0,0,0,0,0,0,-20000,0,0,0,0,20000,-20000,-20000
053782,京元電元大98購02,0,0,0,0,0,0,0,0,0,-20000,0,0,0,140000,160000,-20000,-20000
054383,傳奇群益97購01  ,0,0,0,0,0,0,0,0,0,-20000,0,0,0,0,20000,-20000,-20000
054263,聯茂元大96購02  ,0,0,0,0,0,0,0,0,0,-20000,0,0,0,0,20000,-20000,-20000
054272,華通中信98購01  ,0,0,0,0,0,0,0,0,0,-20000,0,0,0,0,20000,-20000,-20000
052694,開發金中信98購01,0,0,0,0,0,0,0,0,0,-20000,0,0,0,0,20000,-20000,-20000
052777,燿華國票98購01  ,0,0,0,0,0,0,0,0,0,-20000,0,0,0,0,20000,-20000,-20000
052788,開發金中信98購02,0,0,0,0,0,0,0,0,0,-20000,0,0,0,0,20000,-20000,-20000
053088,奇鋐元大98購01  ,0,0,0,0,0,0,0,0,0,-20000,0,0,0,100000,120000,-20000,-20000
058018,南亞科凱基99購03,0,0,0,0,0,0,0,0,0,-20000,0,0,0,20000,40000,-20000,-20000
05815P,台積電凱基97售06,0,0,0,0,0,0,0,0,0,-20000,0,0,0,99000,119000,-20000,-20000
058183,國巨富邦9A購06  ,0,0,0,0,0,0,0,0,0,-20000,0,0,0,70000,90000,-20000,-20000
058444,國巨富邦9B購01  ,0,0,0,0,0,0,0,0,0,-20000,0,0,0,0,20000,-20000,-20000
057033,A50反1元大9B購02,0,0,0,0,0,0,0,0,0,-20000,0,0,0,0,20000,-20000,-20000
057019,台積電凱基98購14,0,0,0,0,0,0,0,0,0,-20000,0,0,0,0,20000,-20000,-20000
057006,國巨中信98購03  ,0,0,0,0,0,0,0,0,0,-20000,0,0,0,0,20000,-20000,-20000
058549,藍天永豐99購01  ,0,0,0,0,0,0,0,0,0,-20000,0,0,0,0,20000,-20000,-20000
058260,華新科富邦9C購01,0,0,0,0,0,0,0,0,0,-20000,0,0,0,0,20000,-20000,-20000
060576,欣興中信9B購01  ,0,0,0,0,0,0,0,0,0,-20000,0,0,0,0,20000,-20000,-20000
060655,國巨統一9B購06  ,0,0,0,0,0,0,0,0,0,-20000,0,0,0,0,20000,-20000,-20000
060512,祥碩元大9A購02  ,0,0,0,0,0,0,0,0,0,-20000,0,0,0,8000,28000,-20000,-20000
06016P,京元電凱基96售03,0,0,0,0,0,0,0,0,0,-20000,0,0,0,0,20000,-20000,-20000
058111,健鼎元富98購01  ,0,0,0,0,0,0,0,0,0,-20000,0,0,0,0,20000,-20000,-20000
060219,聯發科凱基9A購09,0,0,0,0,0,0,0,0,0,-20000,0,0,0,0,20000,-20000,-20000
060108,泰鼎元大99購04  ,0,0,0,0,0,0,0,0,0,-20000,0,0,0,0,20000,-20000,-20000
057992,大立光日盛98購01,0,0,0,0,0,0,0,0,0,-20000,0,0,0,0,20000,-20000,-20000
059350,樺漢凱基9A購01  ,0,0,0,0,0,0,0,0,0,-20000,0,0,0,39000,59000,-20000,-20000
057968,可成國泰9A購01  ,0,0,0,0,0,0,0,0,0,-20000,0,0,0,130000,150000,-20000,-20000
057282,大立光元大99購06,0,0,0,0,0,0,0,0,0,-20000,0,0,0,30000,50000,-20000,-20000
057923,晶豪科凱基98購02,0,0,0,0,0,0,0,0,0,-20000,0,0,0,10000,30000,-20000,-20000
057235,亞光凱基98購04  ,0,0,0,0,0,0,0,0,0,-20000,0,0,0,0,20000,-20000,-20000
057260,微星兆豐98購01  ,0,0,0,0,0,0,0,0,0,-20000,0,0,0,132000,152000,-20000,-20000
057216,聯發科群益99購01,0,0,0,0,0,0,0,0,0,-20000,0,0,0,0,20000,-20000,-20000
057512,華邦電台新98購01,0,0,0,0,0,0,0,0,0,-20000,0,0,0,30000,50000,-20000,-20000
057476,國巨元大98購19  ,0,0,0,0,0,0,0,0,0,-20000,0,0,0,0,20000,-20000,-20000
057500,神達群益98購01  ,0,0,0,0,0,0,0,0,0,-20000,0,0,0,0,20000,-20000,-20000
05773P,臺股指凱基99售03,0,0,0,0,0,0,0,0,0,-20000,0,0,0,0,20000,-20000,-20000
057746,同欣電永豐98購02,0,0,0,0,0,0,0,0,0,-20000,0,0,0,0,20000,-20000,-20000
059959,訊芯康和99購01  ,0,0,0,0,0,0,0,0,0,-20000,0,0,0,30000,50000,-20000,-20000
061955,FANG+統一9B購01 ,0,0,0,0,0,0,0,0,0,-20000,0,0,0,0,20000,-20000,-20000
062042,台勝科凱基9C購01,0,0,0,0,0,0,0,0,0,-20000,0,0,0,0,20000,-20000,-20000
062043,牧德凱基9B購04  ,0,0,0,0,0,0,0,0,0,-20000,0,0,0,10000,30000,-20000,-20000
061680,崇越元大9A購01  ,0,0,0,0,0,0,0,0,0,-20000,0,0,0,0,20000,-20000,-20000
061712,旺宏凱基9A購08  ,0,0,0,0,0,0,0,0,0,-20000,0,0,0,0,20000,-20000,-20000
061537,SP黃豆群益9A購02,0,0,0,0,0,0,0,0,0,-20000,0,0,0,0,20000,-20000,-20000
06150P,奇力新元大97售06,0,0,0,0,0,0,0,0,0,-20000,0,0,0,0,20000,-20000,-20000
061513,華新科永豐9A購04,0,0,0,0,0,0,0,0,0,-20000,0,0,0,0,20000,-20000,-20000
061490,茂林兆豐9B購01  ,0,0,0,0,0,0,0,0,0,-20000,0,0,0,0,20000,-20000,-20000
060985,聯發科元大9A購06,0,0,0,0,0,0,0,0,0,-20000,0,0,0,0,20000,-20000,-20000
060914,健策元大9A購03  ,0,0,0,0,0,0,0,0,0,-20000,0,0,0,13000,33000,-20000,-20000
061233,國巨元大9A購17  ,0,0,0,0,0,0,0,0,0,-20000,0,0,0,10000,30000,-20000,-20000
061291,玉晶光統一01購05,0,0,0,0,0,0,0,0,0,-20000,0,0,0,0,20000,-20000,-20000
062891,台汽電群益9B購01,0,0,0,0,0,0,0,0,0,-20000,0,0,0,0,20000,-20000,-20000
062373,泰鼎元大9B購01  ,0,0,0,0,0,0,0,0,0,-20000,0,0,0,5000,25000,-20000,-20000
062335,茂林統一01購01  ,0,0,0,0,0,0,0,0,0,-20000,0,0,0,0,20000,-20000,-20000
062231,台光電麥證9C購01,0,0,0,75000,95000,-20000,0,0,0,-20000,0,0,0,75000,95000,-20000,-20000
062664,群創群益9B購02  ,0,0,0,0,0,0,0,0,0,-20000,0,0,0,0,20000,-20000,-20000
062694,遠東新元大9B購01,0,0,0,0,0,0,0,0,0,-20000,0,0,0,30000,50000,-20000,-20000
062707,致伸元大9B購01  ,0,0,0,0,0,0,0,0,0,-20000,0,0,0,2000,22000,-20000,-20000
062673,台新金中信03購01,0,0,0,0,0,0,0,0,0,-20000,0,0,0,10000,30000,-20000,-20000
911622,泰聚亨-DR       ,0,0,0,0,0,0,0,0,0,-20000,0,20000,-20000,0,0,0,-20000
064086,旺宏凱基9C購01  ,0,0,0,0,0,0,0,0,0,-21000,0,0,0,0,21000,-21000,-21000
063964,瑞昱國票01購01  ,0,0,0,0,0,0,0,0,0,-21000,0,0,0,6000,27000,-21000,-21000
063770,台灣50富邦03購01,0,0,0,0,0,0,0,0,0,-21000,0,0,0,0,21000,-21000,-21000
07508P,華新科國票9A售03,0,0,0,0,0,0,0,0,0,-21000,0,0,0,5000,26000,-21000,-21000
07685P,玉晶光凱基9B售03,0,0,0,0,0,0,0,0,0,-21000,0,0,0,0,21000,-21000,-21000
08053P,臺股指國票9B售18,0,0,0,0,0,0,0,0,0,-21000,0,0,0,50000,71000,-21000,-21000
07995P,臺股指麥證9C售01,0,0,0,13000,34000,-21000,0,0,0,-21000,0,0,0,13000,34000,-21000,-21000
07979P,大立光凱基9B售05,0,0,0,0,0,0,0,0,0,-21000,0,0,0,10000,31000,-21000,-21000
07999P,台達電凱基9B售02,0,0,0,0,0,0,0,0,0,-21000,0,0,0,1000,22000,-21000,-21000
053137,旺宏富邦98購01  ,0,0,0,0,0,0,0,0,0,-21000,0,0,0,0,21000,-21000,-21000
047213,新日興富邦97購01,0,0,0,0,0,0,0,0,0,-21000,0,0,0,10000,31000,-21000,-21000
054642,訊芯中信9A購01  ,0,0,0,0,0,0,0,0,0,-21000,0,0,0,0,21000,-21000,-21000
058792,鴻海元大99購18  ,0,0,0,0,0,0,0,0,0,-21000,0,0,0,0,21000,-21000,-21000
059074,元油2X元大9C購15,0,0,0,0,0,0,0,0,0,-21000,0,0,0,111000,132000,-21000,-21000
057636,上銀元大98購06  ,0,0,0,0,0,0,0,0,0,-21000,0,0,0,29000,50000,-21000,-21000
057656,大成鋼兆豐98購01,0,0,0,0,0,0,0,0,0,-21000,0,0,0,100000,121000,-21000,-21000
059920,宏達電元大99購07,0,0,0,0,0,0,0,0,0,-21000,0,0,0,124000,145000,-21000,-21000
059864,亞德客凱基99購01,0,0,0,0,0,0,0,0,0,-21000,0,0,0,0,21000,-21000,-21000
057442,玉晶光統一98購03,0,0,0,0,0,0,0,0,0,-21000,0,0,0,237000,258000,-21000,-21000
057948,嘉聯益國票99購02,0,0,0,0,0,0,0,0,0,-21000,0,0,0,2000,23000,-21000,-21000
059327,南茂元大99購01  ,0,0,0,0,0,0,0,0,0,-21000,0,0,0,1000,22000,-21000,-21000
059286,S&P正2元富01購03,0,0,0,0,0,0,0,0,0,-21000,0,0,0,4000,25000,-21000,-21000
056905,欣興元大98購03  ,0,0,0,0,0,0,0,0,0,-21000,0,0,0,33000,54000,-21000,-21000
060386,台勝科凱基9B購01,0,0,0,0,0,0,0,0,0,-21000,0,0,0,0,21000,-21000,-21000
057054,立積元大98購03  ,0,0,0,0,0,0,0,0,0,-21000,0,0,0,160000,181000,-21000,-21000
06262P,國巨凱基97售07  ,0,0,0,0,0,0,0,0,0,-21000,0,0,0,22000,43000,-21000,-21000
063006,道瓊反元大9C購01,0,0,0,0,0,0,0,0,0,-21000,0,0,0,0,21000,-21000,-21000
061254,道瓊反凱基9A購02,0,0,0,0,0,0,0,0,0,-21000,0,0,0,0,21000,-21000,-21000
060983,南亞科元大9A購06,0,0,0,0,0,0,0,0,0,-21000,0,0,0,173000,194000,-21000,-21000
061940,世紀鋼國票9C購01,0,0,0,0,0,0,0,0,0,-21000,0,0,0,1000,22000,-21000,-21000
4137,麗豐-KY         ,35000,74000,-39000,0,0,0,0,0,0,18000,0,11000,-11000,32000,3000,29000,-21000
07693P,群創元大9B售10  ,0,0,0,0,0,0,0,0,0,-22000,0,0,0,33000,55000,-22000,-22000
07773P,台灣50群益9A售15,0,0,0,0,0,0,0,0,0,-22000,0,0,0,0,22000,-22000,-22000
07849P,大立光群益9A售06,0,0,0,0,0,0,0,0,0,-22000,0,0,0,0,22000,-22000,-22000
2496,卓越            ,0,22000,-22000,0,0,0,0,0,0,0,0,0,0,0,0,0,-22000
1712,興農            ,42000,65000,-23000,0,0,0,0,0,0,1000,1000,0,1000,0,0,0,-22000
064051,新日興統一01購01,0,0,0,0,0,0,0,0,0,-22000,0,0,0,0,22000,-22000,-22000
063457,臺指反元大02購17,0,0,0,0,0,0,0,0,0,-22000,0,0,0,0,22000,-22000,-22000
064143,旺宏統一01購05  ,0,0,0,0,0,0,0,0,0,-22000,0,0,0,0,22000,-22000,-22000
06504P,麗豐國票99售02  ,0,0,0,0,0,0,0,0,0,-22000,0,0,0,60000,82000,-22000,-22000
06587P,國巨元大98售13  ,0,0,0,0,0,0,0,0,0,-22000,0,0,0,0,22000,-22000,-22000
06847P,奇力新元大98售05,0,0,0,0,0,0,0,0,0,-22000,0,0,0,0,22000,-22000,-22000
07040P,台灣50元大9C售02,0,0,0,0,0,0,0,0,0,-22000,0,0,0,0,22000,-22000,-22000
054532,強茂國泰98購01  ,0,0,0,0,0,0,0,0,0,-22000,0,0,0,0,22000,-22000,-22000
05624P,同欣電中信98售01,0,0,0,0,0,0,0,0,0,-22000,0,0,0,0,22000,-22000,-22000
056160,智易凱基97購03  ,0,0,0,0,0,0,0,0,0,-22000,0,0,0,0,22000,-22000,-22000
052328,台表科中信99購01,0,0,0,0,0,0,0,0,0,-22000,0,0,0,3000,25000,-22000,-22000
053488,中石化兆豐97購01,0,0,0,0,0,0,0,0,0,-22000,0,0,0,0,22000,-22000,-22000
058273,同欣電永豐99購01,0,0,0,0,0,0,0,0,0,-22000,0,0,0,10000,32000,-22000,-22000
060265,宏達電國票9A購02,0,0,0,0,0,0,0,0,0,-22000,0,0,0,0,22000,-22000,-22000
057332,旺宏國票99購03  ,0,0,0,0,0,0,0,0,0,-22000,0,0,0,0,22000,-22000,-22000
057341,技嘉台新98購01  ,0,0,0,0,0,0,0,0,0,-22000,0,0,0,0,22000,-22000,-22000
057525,光磊元大99購01  ,0,0,0,0,0,0,0,0,0,-22000,0,0,0,162000,184000,-22000,-22000
059913,台積電元大99購44,0,0,0,0,0,0,0,0,0,-22000,0,0,0,30000,52000,-22000,-22000
059754,訊芯群益9A購01  ,0,0,0,0,0,0,0,0,0,-22000,0,0,0,110000,132000,-22000,-22000
057665,技嘉元大99購01  ,0,0,0,0,0,0,0,0,0,-22000,0,0,0,109000,131000,-22000,-22000
059049,元油2X凱基9A購12,0,0,0,0,0,0,0,0,0,-22000,0,0,0,0,22000,-22000,-22000
062122,國巨統一02購01  ,0,0,0,0,0,0,0,0,0,-22000,0,0,0,10000,32000,-22000,-22000
061734,全新中信9B購02  ,0,0,0,0,0,0,0,0,0,-22000,0,0,0,83000,105000,-22000,-22000
06294P,臺股指國票97售08,0,0,0,0,0,0,0,0,0,-22000,0,0,0,0,22000,-22000,-22000
063384,巨大永豐9B購04  ,0,0,0,0,0,0,0,0,0,-22000,0,0,0,117000,139000,-22000,-22000
062642,帆宣國票9B購01  ,0,0,0,0,0,0,0,0,0,-22000,0,0,0,0,22000,-22000,-22000
064089,新日興凱基02購01,0,0,0,0,0,0,0,0,0,-23000,0,0,0,0,23000,-23000,-23000
063654,上銀元富9B購05  ,0,0,0,0,0,0,0,0,0,-23000,0,0,0,0,23000,-23000,-23000
063807,超眾兆豐01購01  ,0,0,0,0,0,0,0,0,0,-23000,0,0,0,39000,62000,-23000,-23000
07769P,國巨國票9A售10  ,0,0,0,0,0,0,0,0,0,-23000,0,0,0,0,23000,-23000,-23000
07649P,金像電永豐9A售02,0,0,0,0,0,0,0,0,0,-23000,0,0,0,120000,143000,-23000,-23000
07471P,南亞科元大9A售01,0,0,0,0,0,0,0,0,0,-23000,0,0,0,7000,30000,-23000,-23000
08207P,金像電群益9B售05,0,0,0,0,0,0,0,0,0,-23000,0,0,0,51000,74000,-23000,-23000
053377,台積電元大98購01,0,0,0,0,0,0,0,0,0,-23000,0,0,0,8000,31000,-23000,-23000
058801,致伸元大99購01  ,0,0,0,0,0,0,0,0,0,-23000,0,0,0,201000,224000,-23000,-23000
059146,貿聯國票9A購02  ,0,0,0,0,0,0,0,0,0,-23000,0,0,0,0,23000,-23000,-23000
055207,致新中信99購01  ,0,0,0,0,0,0,0,0,0,-23000,0,0,0,90000,113000,-23000,-23000
057767,緯穎凱基98購06  ,0,0,0,0,0,0,0,0,0,-23000,0,0,0,0,23000,-23000,-23000
057536,康控元大99購03  ,0,0,0,0,0,0,0,0,0,-23000,0,0,0,132000,155000,-23000,-23000
062368,聯詠元大9B購01  ,0,0,0,0,0,0,0,0,0,-23000,0,0,0,34000,57000,-23000,-23000
061605,華新科凱基9A購14,0,0,0,0,0,0,0,0,0,-23000,0,0,0,47000,70000,-23000,-23000
06179P,國巨群益97售04  ,0,0,0,0,0,0,0,0,0,-23000,0,0,0,2000,25000,-23000,-23000
061224,道瓊反中信01購01,0,0,0,0,0,0,0,0,0,-23000,0,0,0,0,23000,-23000,-23000
07708P,玉晶光元大9A售13,0,0,0,0,0,0,0,0,0,-24000,0,0,0,11000,35000,-24000,-24000
07789P,緯穎群益9A售03  ,0,0,0,0,0,0,0,0,0,-24000,0,0,0,2000,26000,-24000,-24000
1506,正道            ,76000,100000,-24000,0,0,0,0,0,0,0,0,0,0,0,0,0,-24000
063703,晶豪科群益9B購02,0,0,0,0,0,0,0,0,0,-24000,0,0,0,200000,224000,-24000,-24000
06741P,台積電富邦98售04,0,0,0,0,0,0,0,0,0,-24000,0,0,0,567000,591000,-24000,-24000
06627P,華新科元富99售01,0,0,0,0,0,0,0,0,0,-24000,0,0,0,18000,42000,-24000,-24000
06644P,亞德客元大98售03,0,0,0,0,0,0,0,0,0,-24000,0,0,0,3000,27000,-24000,-24000
054735,漢唐凱基98購01  ,0,0,0,0,0,0,0,0,0,-24000,0,0,0,20000,44000,-24000,-24000
053114,聯茂兆豐97購01  ,0,0,0,0,0,0,0,0,0,-24000,0,0,0,26000,50000,-24000,-24000
053134,南亞科國票97購01,0,0,0,0,0,0,0,0,0,-24000,0,0,0,46000,70000,-24000,-24000
055459,建準永豐97購03  ,0,0,0,0,0,0,0,0,0,-24000,0,0,0,12000,36000,-24000,-24000
03425B,臺股指元大9A熊01,0,0,0,0,0,0,0,0,0,-24000,0,0,0,0,24000,-24000,-24000
059177,臺股指凱基99購28,0,0,0,0,0,0,0,0,0,-24000,0,0,0,9000,33000,-24000,-24000
057404,貿聯群益99購01  ,0,0,0,0,0,0,0,0,0,-24000,0,0,0,0,24000,-24000,-24000
057719,欣興元富02購01  ,0,0,0,0,0,0,0,0,0,-24000,0,0,0,42000,66000,-24000,-24000
059515,牧德永豐99購01  ,0,0,0,0,0,0,0,0,0,-24000,0,0,0,0,24000,-24000,-24000
061295,台積電國泰9B購02,0,0,0,0,0,0,0,0,0,-24000,0,0,0,107000,131000,-24000,-24000
060984,南亞科元大9A購07,0,0,0,0,0,0,0,0,0,-24000,0,0,0,156000,180000,-24000,-24000
061875,華新科元大9B購03,0,0,0,0,0,0,0,0,0,-24000,0,0,0,26000,50000,-24000,-24000
062392,國巨富邦02購01  ,0,0,0,0,0,0,0,0,0,-24000,0,0,0,366000,390000,-24000,-24000
062285,台勝科群益9B購01,0,0,0,0,0,0,0,0,0,-24000,0,0,0,0,24000,-24000,-24000
062701,漢唐元大9B購01  ,0,0,0,0,0,0,0,0,0,-24000,0,0,0,117000,141000,-24000,-24000
063305,亞光凱基9B購01  ,0,0,0,0,0,0,0,0,0,-24000,0,0,0,6000,30000,-24000,-24000
063053,聯發科統一01購04,0,0,0,0,0,0,0,0,0,-24000,0,0,0,50000,74000,-24000,-24000
06685P,鴻海國泰9A售01  ,0,0,0,0,0,0,0,0,0,-25000,0,0,0,10000,35000,-25000,-25000
064169,南電統一9C購01  ,0,0,0,0,0,0,0,0,0,-25000,0,0,0,8000,33000,-25000,-25000
06424P,大成鋼永豐97售01,0,0,0,0,0,0,0,0,0,-25000,0,0,0,15000,40000,-25000,-25000
07127P,精元元大99售01  ,0,0,0,0,0,0,0,0,0,-25000,0,0,0,20000,45000,-25000,-25000
07422P,大立光元大99售32,0,0,0,0,0,0,0,0,0,-25000,0,0,0,0,25000,-25000,-25000
07272P,台灣50元大9C售05,0,0,0,0,0,0,0,0,0,-25000,0,0,0,0,25000,-25000,-25000
063649,南六元大9C購02  ,0,0,0,0,0,0,0,0,0,-25000,0,0,0,81000,106000,-25000,-25000
063493,金像電富邦01購01,0,0,0,0,0,0,0,0,0,-25000,0,0,0,25000,50000,-25000,-25000
064010,GIS凱基02購01   ,0,0,0,0,0,0,0,0,0,-25000,0,0,0,0,25000,-25000,-25000
06395P,台積電元大97售29,0,0,0,0,0,0,0,0,0,-25000,0,0,0,100000,125000,-25000,-25000
07558P,玉晶光元大9A售10,0,0,0,0,0,0,0,0,0,-25000,0,0,0,25000,50000,-25000,-25000
07623P,大立光統一9B售05,0,0,0,0,0,0,0,0,0,-25000,0,0,0,0,25000,-25000,-25000
03033X,元展30          ,0,0,0,0,0,0,0,0,0,-25000,0,0,0,0,25000,-25000,-25000
00681R,元大美債20反1   ,18000,0,18000,0,0,0,0,0,0,-43000,0,0,0,2000,45000,-43000,-25000
05062P,大立光富邦98售03,0,0,0,0,0,0,0,0,0,-25000,0,0,0,0,25000,-25000,-25000
053063,力山群益98購01  ,0,0,0,0,0,0,0,0,0,-25000,0,0,0,0,25000,-25000,-25000
056379,玉晶光元富98購01,0,0,0,0,0,0,0,0,0,-25000,0,0,0,10000,35000,-25000,-25000
055673,旺宏日盛97購01  ,0,0,0,0,0,0,0,0,0,-25000,0,0,0,0,25000,-25000,-25000
056020,義隆群益97購01  ,0,0,0,0,0,0,0,0,0,-25000,0,0,0,0,25000,-25000,-25000
055901,超眾中信97購01  ,0,0,0,0,0,0,0,0,0,-25000,0,0,0,0,25000,-25000,-25000
058239,景碩元大99購03  ,0,0,0,0,0,0,0,0,0,-25000,0,0,0,25000,50000,-25000,-25000
058043,鴻海元大98購13  ,0,0,0,0,0,0,0,0,0,-25000,0,0,0,0,25000,-25000,-25000
060459,鴻海元大9A購07  ,0,0,0,0,0,0,0,0,0,-25000,0,0,0,0,25000,-25000,-25000
058656,燿華中信99購01  ,0,0,0,0,0,0,0,0,0,-25000,0,0,0,30000,55000,-25000,-25000
059860,台積電群益9A購02,0,0,0,0,0,0,0,0,0,-25000,0,0,0,55000,80000,-25000,-25000
057943,可成國票99購03  ,0,0,0,0,0,0,0,0,0,-25000,0,0,0,51000,76000,-25000,-25000
056963,建準永豐98購01  ,0,0,0,0,0,0,0,0,0,-25000,0,0,0,0,25000,-25000,-25000
057904,矽力永豐98購01  ,0,0,0,0,0,0,0,0,0,-25000,0,0,0,0,25000,-25000,-25000
060109,茂林元大99購05  ,0,0,0,0,0,0,0,0,0,-25000,0,0,0,61000,86000,-25000,-25000
060038,台積電國票99購13,0,0,0,0,0,0,0,0,0,-25000,0,0,0,0,25000,-25000,-25000
06342P,世芯統一98售01  ,0,0,0,0,0,0,0,0,0,-25000,0,0,0,107000,132000,-25000,-25000
062671,國泰金中信03購01,0,0,0,0,0,0,0,0,0,-25000,0,0,0,5000,30000,-25000,-25000
062279,晶豪科群益9B購01,0,0,0,0,0,0,0,0,0,-25000,0,0,0,25000,50000,-25000,-25000
06214P,國巨國票98售04  ,0,0,0,0,0,0,0,0,0,-25000,0,0,0,0,25000,-25000,-25000
061821,祥碩群益9B購02  ,0,0,0,0,0,0,0,0,0,-25000,0,0,0,2000,27000,-25000,-25000
062025,台達電群益9B購01,0,0,0,0,0,0,0,0,0,-25000,0,0,0,0,25000,-25000,-25000
061575,華新科元大9A購20,0,0,0,0,0,0,0,0,0,-25000,0,0,0,25000,50000,-25000,-25000
061762,台塑元大9B購01  ,0,0,0,0,0,0,0,0,0,-25000,0,0,0,40000,65000,-25000,-25000
061296,台積電國泰9C購01,0,0,0,0,0,0,0,0,0,-25000,0,0,0,83000,108000,-25000,-25000
061425,華新科元大9A購19,0,0,0,0,0,0,0,0,0,-25000,0,0,0,25000,50000,-25000,-25000
061426,玉晶光元大9A購15,0,0,0,0,0,0,0,0,0,-25000,0,0,0,0,25000,-25000,-25000
061249,億豐群益9A購01  ,0,0,0,0,0,0,0,0,0,-25000,0,0,0,3000,28000,-25000,-25000
07838P,泰碩元大9A售04  ,0,0,0,0,0,0,0,0,0,-26000,0,0,0,12000,38000,-26000,-26000
07867P,晶技元大9B售01  ,0,0,0,0,0,0,0,0,0,-26000,0,0,0,43000,69000,-26000,-26000
064007,嘉澤凱基02購01  ,0,0,0,0,0,0,0,0,0,-26000,0,0,0,0,26000,-26000,-26000
063799,華邦電凱基9C購02,0,0,0,0,0,0,0,0,0,-26000,0,0,0,6000,32000,-26000,-26000
07421P,國泰金元大99售01,0,0,0,0,0,0,0,0,0,-26000,0,0,0,0,26000,-26000,-26000
07470P,國巨元大9A售06  ,0,0,0,0,0,0,0,0,0,-26000,0,0,0,0,26000,-26000,-26000
055384,緯穎元大98購02  ,0,0,0,0,0,0,0,0,0,-26000,0,0,0,0,26000,-26000,-26000
053259,卜蜂群益97購01  ,0,0,0,0,0,0,0,0,0,-26000,0,0,0,42000,68000,-26000,-26000
059293,宏達電元富9B購01,0,0,0,0,0,0,0,0,0,-26000,0,0,0,227000,253000,-26000,-26000
057493,聯詠元大98購02  ,0,0,0,0,0,0,0,0,0,-26000,0,0,0,0,26000,-26000,-26000
060612,世紀鋼凱基9A購01,0,0,0,0,0,0,0,0,0,-26000,0,0,0,34000,60000,-26000,-26000
060313,淘帝永豐9A購01  ,0,0,0,0,0,0,0,0,0,-26000,0,0,0,56000,82000,-26000,-26000
060245,聯陽元大9C購01  ,0,0,0,0,0,0,0,0,0,-26000,0,0,0,2000,28000,-26000,-26000
060164,合勤控永豐9A購01,0,0,0,0,0,0,0,0,0,-26000,0,0,0,145000,171000,-26000,-26000
057012,康控中信98購01  ,0,0,0,0,0,0,0,0,0,-26000,0,0,0,30000,56000,-26000,-26000
059612,奇鋐永豐99購02  ,0,0,0,0,0,0,0,0,0,-26000,0,0,0,0,26000,-26000,-26000
061628,緯穎群益9A購04  ,0,0,0,0,0,0,0,0,0,-26000,0,0,0,4000,30000,-26000,-26000
06655P,TPK元大98售02   ,0,0,0,0,0,0,0,0,0,-27000,0,0,0,23000,50000,-27000,-27000
054357,可成兆豐97購02  ,0,0,0,0,0,0,0,0,0,-27000,0,0,0,72000,99000,-27000,-27000
048273,南電富邦97購01  ,0,0,0,0,0,0,0,0,0,-27000,0,0,0,49000,76000,-27000,-27000
00714,群益道瓊美國地產,0,0,0,0,0,0,0,0,0,-27000,0,0,0,10000,37000,-27000,-27000
043442,大立光台新01購01,0,0,0,0,0,0,0,0,0,-27000,0,0,0,31000,58000,-27000,-27000
055349,京元電凱基97購02,0,0,0,0,0,0,0,0,0,-27000,0,0,0,3000,30000,-27000,-27000
054795,合勤控群益98購01,0,0,0,0,0,0,0,0,0,-27000,0,0,0,177000,204000,-27000,-27000
055896,南電統一97購02  ,0,0,0,0,0,0,0,0,0,-27000,0,0,0,524000,551000,-27000,-27000
056026,智易群益97購01  ,0,0,0,0,0,0,0,0,0,-27000,0,0,0,0,27000,-27000,-27000
054565,玉晶光群益99購02,0,0,0,0,0,0,0,0,0,-27000,0,0,0,1000,28000,-27000,-27000
059461,鈺齊永豐99購03  ,0,0,0,0,0,0,0,0,0,-27000,0,0,0,160000,187000,-27000,-27000
060307,南港永豐9A購01  ,0,0,0,0,0,0,0,0,0,-27000,0,0,0,128000,155000,-27000,-27000
060572,景碩永豐9A購01  ,0,0,0,0,0,0,0,0,0,-27000,0,0,0,26000,53000,-27000,-27000
059765,嘉聯益永豐99購02,0,0,0,0,0,0,0,0,0,-27000,0,0,0,126000,153000,-27000,-27000
059031,元石油中信03購01,0,0,0,0,0,0,0,0,0,-27000,0,0,0,0,27000,-27000,-27000
061667,友達中信9A購02  ,0,0,0,0,0,0,0,0,0,-27000,0,0,0,20000,47000,-27000,-27000
061743,祥碩凱基9B購02  ,0,0,0,0,0,0,0,0,0,-27000,0,0,0,20000,47000,-27000,-27000
061816,長榮航群益9B購02,0,0,0,0,0,0,0,0,0,-27000,0,0,0,122000,149000,-27000,-27000
061916,元金2X凱基02購01,0,0,0,0,0,0,0,0,0,-27000,0,0,0,5000,32000,-27000,-27000
062214,金寶統一01購01  ,0,0,0,0,0,0,0,0,0,-27000,0,0,0,538000,565000,-27000,-27000
062513,玉晶光國票9C購01,0,0,0,0,0,0,0,0,0,-27000,0,0,0,87000,114000,-27000,-27000
06538P,國巨凱基98售11  ,0,0,0,0,0,0,0,0,0,-28000,0,0,0,0,28000,-28000,-28000
063787,玉晶光統一01購07,0,0,0,0,0,0,0,0,0,-28000,0,0,0,76000,104000,-28000,-28000
063752,瑞祺國票9C購01  ,0,0,0,0,0,0,0,0,0,-28000,0,0,0,11000,39000,-28000,-28000
07990P,緯穎凱基9B售02  ,0,0,0,0,0,0,0,0,0,-28000,0,0,0,161000,189000,-28000,-28000
055849,聯詠元大97購05  ,0,0,0,0,0,0,0,0,0,-28000,0,0,0,0,28000,-28000,-28000
057810,技嘉元大98購06  ,0,0,0,0,0,0,0,0,0,-28000,0,0,0,256000,284000,-28000,-28000
059400,滬深2X元富9C購04,0,0,0,0,0,0,0,0,0,-28000,0,0,0,0,28000,-28000,-28000
057502,訊芯群益98購02  ,0,0,0,0,0,0,0,0,0,-28000,0,0,0,0,28000,-28000,-28000
060058,牧德凱基9B購01  ,0,0,0,0,0,0,0,0,0,-28000,0,0,0,17000,45000,-28000,-28000
057366,智邦元大98購08  ,0,0,0,0,0,0,0,0,0,-28000,0,0,0,17000,45000,-28000,-28000
060282,聚陽元大9A購01  ,0,0,0,0,0,0,0,0,0,-28000,0,0,0,2000,30000,-28000,-28000
058498,世紀鋼群益99購01,0,0,0,0,0,0,0,0,0,-28000,0,0,0,115000,143000,-28000,-28000
062604,東元凱基9B購01  ,0,0,0,0,0,0,0,0,0,-28000,0,0,0,20000,48000,-28000,-28000
062592,牧德統一01購01  ,0,0,0,0,0,0,0,0,0,-28000,0,0,0,51000,79000,-28000,-28000
062145,億光國票9B購01  ,0,0,0,0,0,0,0,0,0,-28000,0,0,0,16000,44000,-28000,-28000
063318,京鼎群益9C購02  ,0,0,0,0,0,0,0,0,0,-28000,0,0,0,45000,73000,-28000,-28000
062098,億光永豐9B購01  ,0,0,0,0,0,0,0,0,0,-28000,0,0,0,0,28000,-28000,-28000
1504,東元            ,979000,995172,-16172,0,0,0,0,0,0,-12000,0,0,0,6000,18000,-12000,-28172
3048,益登            ,63000,93000,-30000,0,0,0,0,0,0,1000,1000,0,1000,0,0,0,-29000
08074P,緯穎元富9B售02  ,0,0,0,0,0,0,0,0,0,-29000,0,0,0,52000,81000,-29000,-29000
08134P,臺股指元大9B售40,0,0,0,0,0,0,0,0,0,-29000,0,0,0,1000,30000,-29000,-29000
07904P,聯發科群益9B售05,0,0,0,0,0,0,0,0,0,-29000,0,0,0,21000,50000,-29000,-29000
07546P,玉晶光凱基9A售09,0,0,0,0,0,0,0,0,0,-29000,0,0,0,21000,50000,-29000,-29000
06766P,玉晶光元大99售10,0,0,0,0,0,0,0,0,0,-29000,0,0,0,45000,74000,-29000,-29000
07341P,台積電凱基99售18,0,0,0,0,0,0,0,0,0,-29000,0,0,0,2000,31000,-29000,-29000
07172P,臺股指國票99售09,0,0,0,0,0,0,0,0,0,-29000,0,0,0,0,29000,-29000,-29000
056821,日電貿永豐98購01,0,0,0,0,0,0,0,0,0,-29000,0,0,0,49000,78000,-29000,-29000
058831,茂林永豐99購01  ,0,0,0,0,0,0,0,0,0,-29000,0,0,0,0,29000,-29000,-29000
053997,健策群益97購02  ,0,0,0,0,0,0,0,0,0,-29000,0,0,0,31000,60000,-29000,-29000
056696,茂林群益98購02  ,0,0,0,0,0,0,0,0,0,-29000,0,0,0,12000,41000,-29000,-29000
058149,百和元大99購02  ,0,0,0,0,0,0,0,0,0,-29000,0,0,0,307000,336000,-29000,-29000
059692,聯詠永豐99購01  ,0,0,0,0,0,0,0,0,0,-29000,0,0,0,21000,50000,-29000,-29000
057991,健策統一9C購01  ,0,0,0,0,0,0,0,0,0,-29000,0,0,0,2000,31000,-29000,-29000
056843,冠德元富98購01  ,0,0,0,0,0,0,0,0,0,-29000,0,0,0,0,29000,-29000,-29000
059267,群創中信01購02  ,0,0,0,0,0,0,0,0,0,-29000,0,0,0,146000,175000,-29000,-29000
062111,台勝科國票9B購01,0,0,0,0,0,0,0,0,0,-29000,0,0,0,9000,38000,-29000,-29000
061133,玉晶光第一9A購01,0,0,0,0,0,0,0,0,0,-29000,0,0,0,18000,47000,-29000,-29000
063426,茂林凱基9B購03  ,0,0,0,0,0,0,0,0,0,-29000,0,0,0,20000,49000,-29000,-29000
062251,旺宏元大9B購06  ,0,0,0,0,0,0,0,0,0,-29000,0,0,0,92000,121000,-29000,-29000
9946,三發地產        ,3000,32000,-29000,0,0,0,0,0,0,0,0,0,0,0,0,0,-29000
07249P,T50正2富邦03售02,0,0,0,0,0,0,0,0,0,-30000,0,0,0,0,30000,-30000,-30000
07254P,台灣50凱基9C售06,0,0,0,0,0,0,0,0,0,-30000,0,0,0,0,30000,-30000,-30000
07310P,大立光凱基99售12,0,0,0,0,0,0,0,0,0,-30000,0,0,0,0,30000,-30000,-30000
07342P,大立光凱基99售14,0,0,0,0,0,0,0,0,0,-30000,0,0,0,0,30000,-30000,-30000
07452P,國巨元大9A售05  ,0,0,0,0,0,0,0,0,0,-30000,0,0,0,0,30000,-30000,-30000
07098P,台積電元大99售18,0,0,0,0,0,0,0,0,0,-30000,0,0,0,0,30000,-30000,-30000
06921P,台光電凱基98售06,0,0,0,0,0,0,0,0,0,-30000,0,0,0,0,30000,-30000,-30000
06505P,康控國票99售02  ,0,0,0,0,0,0,0,0,0,-30000,0,0,0,0,30000,-30000,-30000
064167,緯穎統一01購03  ,0,0,0,0,0,0,0,0,0,-30000,0,0,0,0,30000,-30000,-30000
064096,台積電群益9C購07,0,0,0,0,0,0,0,0,0,-30000,0,0,0,0,30000,-30000,-30000
064104,TPK群益9C購02   ,0,0,0,0,0,0,0,0,0,-30000,0,0,0,40000,70000,-30000,-30000
064159,新日興統一01購02,0,0,0,0,0,0,0,0,0,-30000,0,0,0,0,30000,-30000,-30000
06373P,聯發科元大97售22,0,0,0,0,0,0,0,0,0,-30000,0,0,0,0,30000,-30000,-30000
063469,牧德元大9C購02  ,0,0,0,0,0,0,0,0,0,-30000,0,0,0,0,30000,-30000,-30000
063784,華通中信06購01  ,0,0,0,0,0,0,0,0,0,-30000,0,0,0,10000,40000,-30000,-30000
063823,T50反1國票01購02,0,0,0,0,0,0,0,0,0,-30000,0,0,0,25000,55000,-30000,-30000
06387P,緯穎永豐97售02  ,0,0,0,0,0,0,0,0,0,-30000,0,0,0,0,30000,-30000,-30000
07667P,亞德客元大9A售05,0,0,0,0,0,0,0,0,0,-30000,0,0,0,50000,80000,-30000,-30000
07941P,國巨凱基9B售07  ,0,0,0,0,0,0,0,0,0,-30000,0,0,0,0,30000,-30000,-30000
08152P,祥碩統一9B售02  ,0,0,0,0,0,0,0,0,0,-30000,0,0,0,78000,108000,-30000,-30000
08123P,台表科國票9C售01,0,0,0,0,0,0,0,0,0,-30000,0,0,0,7000,37000,-30000,-30000
07982P,全新群益9B售04  ,0,0,0,0,0,0,0,0,0,-30000,0,0,0,0,30000,-30000,-30000
08241P,微星中信06售01  ,0,0,0,0,0,0,0,0,0,-30000,0,0,0,0,30000,-30000,-30000
08318P,台積電台新01售01,0,0,0,0,0,0,0,0,0,-30000,0,0,0,0,30000,-30000,-30000
3052,夆典            ,33000,63000,-30000,0,0,0,0,0,0,0,0,0,0,0,0,0,-30000
056689,玉晶光統一9A購03,0,0,0,0,0,0,0,0,0,-30000,0,0,0,4000,34000,-30000,-30000
056714,晶相光永豐98購02,0,0,0,0,0,0,0,0,0,-30000,0,0,0,0,30000,-30000,-30000
055411,國巨富邦9A購02  ,0,0,0,0,0,0,0,0,0,-30000,0,0,0,0,30000,-30000,-30000
052987,華新科元大99購01,0,0,0,0,0,0,0,0,0,-30000,0,0,0,5000,35000,-30000,-30000
054160,華泰凱基98購01  ,0,0,0,0,0,0,0,0,0,-30000,0,0,0,20000,50000,-30000,-30000
054061,晶技國票97購03  ,0,0,0,0,0,0,0,0,0,-30000,0,0,0,10000,40000,-30000,-30000
051055,友達群益98購01  ,0,0,0,0,0,0,0,0,0,-30000,0,0,0,0,30000,-30000,-30000
051286,國巨統一97購01  ,0,0,0,0,0,0,0,0,0,-30000,0,0,0,0,30000,-30000,-30000
051266,國巨富邦99購01  ,5000,0,5000,0,0,0,0,0,0,-35000,0,0,0,19000,54000,-35000,-30000
02001R,富邦蘋果反一N   ,0,0,0,0,0,0,0,0,0,-30000,0,0,0,15000,45000,-30000,-30000
058748,景碩凱基9A購01  ,0,0,0,0,0,0,0,0,0,-30000,0,0,0,65000,95000,-30000,-30000
058767,亞德客兆豐99購01,0,0,0,0,0,0,0,0,0,-30000,0,0,0,0,30000,-30000,-30000
056100,楠梓電永豐97購02,0,0,0,0,0,0,0,0,0,-30000,0,0,0,0,30000,-30000,-30000
056330,玉晶光國票99購03,0,0,0,0,0,0,0,0,0,-30000,0,0,0,26000,56000,-30000,-30000
056532,技嘉凱基98購01  ,0,0,0,0,0,0,0,0,0,-30000,0,0,0,53000,83000,-30000,-30000
055830,上銀元大97購07  ,0,0,0,0,0,0,0,0,0,-30000,0,0,0,0,30000,-30000,-30000
054649,聯茂群益97購01  ,0,0,0,0,0,0,0,0,0,-30000,0,0,0,0,30000,-30000,-30000
059064,緯穎凱基99購02  ,0,0,0,0,0,0,0,0,0,-30000,0,0,0,0,30000,-30000,-30000
059324,智易元大99購04  ,0,0,0,0,0,0,0,0,0,-30000,0,0,0,0,30000,-30000,-30000
057431,京鼎兆豐98購02  ,0,0,0,0,0,0,0,0,0,-30000,0,0,0,6000,36000,-30000,-30000
057881,SP黃豆群益9A購01,0,0,0,0,0,0,0,0,0,-30000,0,0,0,0,30000,-30000,-30000
057873,義隆元大98購03  ,0,0,0,0,0,0,0,0,0,-30000,0,0,0,0,30000,-30000,-30000
059654,T50反1元大99購09,0,0,0,0,0,0,0,0,0,-30000,0,0,0,0,30000,-30000,-30000
059564,鴻海凱基9A購15  ,0,0,0,0,0,0,0,0,0,-30000,0,0,0,1000,31000,-30000,-30000
058052,南電元大98購02  ,0,0,0,0,0,0,0,0,0,-30000,0,0,0,1000,31000,-30000,-30000
058205,神達凱基9B購01  ,0,0,0,0,0,0,0,0,0,-30000,0,0,0,0,30000,-30000,-30000
058506,台積電元大99購09,0,0,0,0,0,0,0,0,0,-30000,0,0,0,10000,40000,-30000,-30000
057008,華新科中信99購02,0,0,0,0,0,0,0,0,0,-30000,0,0,0,10000,40000,-30000,-30000
058076,神達凱基98購02  ,0,0,0,0,0,0,0,0,0,-30000,0,0,0,0,30000,-30000,-30000
060540,南亞凱基9A購01  ,0,0,0,0,0,0,0,0,0,-30000,0,0,0,0,30000,-30000,-30000
060340,國巨統一01購02  ,0,0,0,0,0,0,0,0,0,-30000,0,0,0,10000,40000,-30000,-30000
060346,華新科統一01購01,0,0,0,0,0,0,0,0,0,-30000,0,0,0,36000,66000,-30000,-30000
060400,南電國票9A購03  ,0,0,0,0,0,0,0,0,0,-30000,0,0,0,18000,48000,-30000,-30000
060397,群創國票9A購01  ,0,0,0,0,0,0,0,0,0,-30000,0,0,0,7000,37000,-30000,-30000
062277,廣達群益9B購01  ,0,0,0,0,0,0,0,0,0,-30000,0,0,0,10000,40000,-30000,-30000
062203,燿華國票9C購01  ,0,0,0,0,0,0,0,0,0,-30000,0,0,0,60000,90000,-30000,-30000
062771,臺股指凱基9B購15,0,0,0,0,0,0,0,0,0,-30000,0,0,0,10000,40000,-30000,-30000
063235,台積電元大9B購06,0,0,0,0,0,0,0,0,0,-30000,0,0,0,0,30000,-30000,-30000
06307P,聚陽元富97售02  ,0,0,0,0,0,0,0,0,0,-30000,0,0,0,10000,40000,-30000,-30000
063086,祥碩凱基9C購01  ,0,0,0,0,0,0,0,0,0,-30000,0,0,0,0,30000,-30000,-30000
062934,大成鋼凱基9B購02,0,0,0,0,0,0,0,0,0,-30000,0,0,0,0,30000,-30000,-30000
060957,SP黃豆凱基9A購04,0,0,0,0,0,0,0,0,0,-30000,0,0,0,4000,34000,-30000,-30000
060961,台光電凱基9A購03,0,0,0,0,0,0,0,0,0,-30000,0,0,0,0,30000,-30000,-30000
060664,聯詠凱基9A購01  ,0,0,0,0,0,0,0,0,0,-30000,0,0,0,25000,55000,-30000,-30000
06209P,旺宏統一97售07  ,0,0,0,0,0,0,0,0,0,-30000,0,0,0,0,30000,-30000,-30000
062037,華新凱基9B購01  ,0,0,0,0,0,0,0,0,0,-30000,0,0,0,30000,60000,-30000,-30000
061653,上証2X國票9A購02,0,0,0,0,0,0,0,0,0,-30000,0,0,0,0,30000,-30000,-30000
061456,玉晶光凱基9B購05,0,0,0,0,0,0,0,0,0,-30000,0,0,0,0,30000,-30000,-30000
9925,新保            ,9000,40000,-31000,0,0,0,0,0,0,1000,1000,0,1000,0,0,0,-30000
063468,聯詠元大9B購04  ,0,0,0,0,0,0,0,0,0,-31000,0,0,0,30000,61000,-31000,-31000
06790P,台積電凱基9A售04,0,0,0,0,0,0,0,0,0,-31000,0,0,0,22000,53000,-31000,-31000
055810,T50反1國票99購01,0,0,0,0,0,0,0,0,0,-31000,0,0,0,10000,41000,-31000,-31000
056823,智伸科永豐98購01,0,0,0,0,0,0,0,0,0,-31000,0,0,0,75000,106000,-31000,-31000
050014,國巨富邦98購01  ,0,0,0,0,0,0,0,0,0,-31000,0,0,0,35000,66000,-31000,-31000
055610,光磊國票98購01  ,0,0,0,0,0,0,0,0,0,-31000,0,0,0,0,31000,-31000,-31000
060189,宏達電元富9B購03,0,0,0,0,0,0,0,0,0,-31000,0,0,0,178000,209000,-31000,-31000
058122,美律國票9A購01  ,0,0,0,0,0,0,0,0,0,-31000,0,0,0,13000,44000,-31000,-31000
060252,緯穎元大9A購02  ,0,0,0,0,0,0,0,0,0,-31000,0,0,0,1000,32000,-31000,-31000
057606,健策統一98購03  ,0,0,0,0,0,0,0,0,0,-31000,0,0,0,70000,101000,-31000,-31000
061774,T50反1國票9B購06,0,0,0,0,0,0,0,0,0,-31000,0,0,0,60000,91000,-31000,-31000
061984,華新科元大9B購05,0,0,0,0,0,0,0,0,0,-31000,0,0,0,52000,83000,-31000,-31000
062107,台光電國票9B購01,0,0,0,0,0,0,0,0,0,-31000,0,0,0,8000,39000,-31000,-31000
062087,瑞祺元大9B購02  ,0,0,0,0,0,0,0,0,0,-31000,0,0,0,323000,354000,-31000,-31000
061868,旺宏元大9B購03  ,0,0,0,0,0,0,0,0,0,-31000,0,0,0,50000,81000,-31000,-31000
060890,大立光統一01購01,0,0,0,0,0,0,0,0,0,-31000,0,0,0,10000,41000,-31000,-31000
061364,國巨國票9A購09  ,0,0,0,0,0,0,0,0,0,-31000,0,0,0,52000,83000,-31000,-31000
062888,漢唐群益9B購01  ,0,0,0,0,0,0,0,0,0,-31000,0,0,0,0,31000,-31000,-31000
063213,智伸科國票9C購01,0,0,0,0,0,0,0,0,0,-31000,0,0,0,11000,42000,-31000,-31000
063314,美律群益9B購01  ,0,0,0,0,0,0,0,0,0,-31000,0,0,0,174000,205000,-31000,-31000
062703,可成元大9C購02  ,0,0,0,0,0,0,0,0,0,-31000,0,0,0,149000,180000,-31000,-31000
063535,聯發科統一9B購13,0,0,0,0,0,0,0,0,0,-32000,0,0,0,2000,34000,-32000,-32000
063523,微星凱基9B購03  ,0,0,0,0,0,0,0,0,0,-32000,0,0,0,23000,55000,-32000,-32000
1531,高林股          ,4000,36000,-32000,0,0,0,0,0,0,0,0,0,0,0,0,0,-32000
08090P,嘉澤統一9B售01  ,0,0,0,0,0,0,0,0,0,-32000,0,0,0,0,32000,-32000,-32000
07472P,和碩元大9A售03  ,0,0,0,0,0,0,0,0,0,-32000,0,0,0,0,32000,-32000,-32000
053378,台積電元大98購02,0,0,0,0,0,0,0,0,0,-32000,0,0,0,202000,234000,-32000,-32000
00665L,富邦恒生國企正2 ,51000,0,51000,0,0,0,0,0,0,-83000,0,0,0,603000,686000,-83000,-32000
057633,緯穎永豐98購02  ,0,0,0,0,0,0,0,0,0,-32000,0,0,0,31000,63000,-32000,-32000
057768,華新科中信9A購01,0,0,0,0,0,0,0,0,0,-32000,0,0,0,0,32000,-32000,-32000
058734,康友永豐99購01  ,0,0,0,0,0,0,0,0,0,-32000,0,0,0,0,32000,-32000,-32000
060351,滬深2X元富9A購01,0,0,0,0,0,0,0,0,0,-32000,0,0,0,2000,34000,-32000,-32000
059596,大立光元大99購20,0,0,0,0,0,0,0,0,0,-32000,0,0,0,0,32000,-32000,-32000
058295,欣興凱基99購02  ,0,0,0,0,0,0,0,0,0,-32000,0,0,0,173000,205000,-32000,-32000
062591,新日興統一9C購01,0,0,0,0,0,0,0,0,0,-32000,0,0,0,172000,204000,-32000,-32000
062466,FBVIX凱基9B購01 ,0,0,0,0,0,0,0,0,0,-32000,0,0,0,29000,61000,-32000,-32000
062287,康友群益9B購02  ,0,0,0,0,0,0,0,0,0,-32000,0,0,0,101000,133000,-32000,-32000
063106,台表科群益9B購03,0,0,0,0,0,0,0,0,0,-32000,0,0,0,91000,123000,-32000,-32000
061901,柏文永豐9B購01  ,0,0,0,0,0,0,0,0,0,-32000,0,0,0,68000,100000,-32000,-32000
061468,神達群益9A購01  ,0,0,0,0,0,0,0,0,0,-32000,0,0,0,25000,57000,-32000,-32000
5243,乙盛-KY         ,41000,75000,-34000,0,0,0,0,0,0,2000,2000,0,2000,0,0,0,-32000
07777P,創意元大9A售03  ,0,0,0,0,0,0,0,0,0,-33000,0,0,0,31000,64000,-33000,-33000
08173P,金像電凱基9B售02,0,0,0,0,0,0,0,0,0,-33000,0,0,0,0,33000,-33000,-33000
07983P,茂林群益9B售03  ,0,0,0,0,0,0,0,0,0,-33000,0,0,0,192000,225000,-33000,-33000
3702A,大聯大甲特      ,10000,0,10000,0,0,0,0,0,0,-43000,4000,47000,-43000,0,0,0,-33000
2832,台產            ,27000,64000,-37000,0,0,0,0,0,0,4000,4000,0,4000,0,0,0,-33000
063574,茂林元大9B購07  ,0,0,0,0,0,0,0,0,0,-33000,0,0,0,82000,115000,-33000,-33000
063716,旺宏兆豐9B購01  ,0,0,0,0,0,0,0,0,0,-33000,0,0,0,0,33000,-33000,-33000
063829,晶技國票01購01  ,0,0,0,0,0,0,0,0,0,-33000,0,0,0,31000,64000,-33000,-33000
063762,緯穎統一9C購01  ,0,0,0,0,0,0,0,0,0,-33000,0,0,0,0,33000,-33000,-33000
064130,創意元大9C購02  ,0,0,0,0,0,0,0,0,0,-33000,0,0,0,0,33000,-33000,-33000
054301,楠梓電凱基98購01,0,0,0,0,0,0,0,0,0,-33000,0,0,0,67000,100000,-33000,-33000
056777,矽力元大98購02  ,0,0,0,0,0,0,0,0,0,-33000,0,0,0,2000,35000,-33000,-33000
056411,緯穎國票99購01  ,0,0,0,0,0,0,0,0,0,-33000,0,0,0,110000,143000,-33000,-33000
056176,創意元富97購01  ,0,0,0,0,0,0,0,0,0,-33000,0,0,0,0,33000,-33000,-33000
055962,晶豪科元大97購02,0,0,0,0,0,0,0,0,0,-33000,0,0,0,0,33000,-33000,-33000
055097,福懋科群益97購01,0,0,0,0,0,0,0,0,0,-33000,0,0,0,33000,66000,-33000,-33000
058651,FBVIX中信9C購01 ,0,0,0,0,0,0,0,0,0,-33000,0,0,0,0,33000,-33000,-33000
059996,美律元富99購01  ,0,0,0,0,0,0,0,0,0,-33000,0,0,0,172000,205000,-33000,-33000
060105,牧德元大9B購01  ,0,0,0,0,0,0,0,0,0,-33000,0,0,0,7000,40000,-33000,-33000
06157P,聯鈞統一97售02  ,0,0,0,0,0,0,0,0,0,-33000,0,0,0,7000,40000,-33000,-33000
061269,嘉澤凱基9A購01  ,0,0,0,0,0,0,0,0,0,-33000,0,0,0,8000,41000,-33000,-33000
060821,SP黃豆元大9A購02,0,0,0,0,0,0,0,0,0,-33000,0,0,0,70000,103000,-33000,-33000
6525,捷敏-KY         ,10000,43000,-33000,0,0,0,0,0,0,0,0,0,0,0,0,0,-33000
064098,正崴群益9C購01  ,0,0,0,0,0,0,0,0,0,-34000,0,0,0,0,34000,-34000,-34000
064172,義隆元富9C購01  ,0,0,0,0,0,0,0,0,0,-34000,0,0,0,0,34000,-34000,-34000
06616P,國巨元大98售15  ,0,0,0,0,0,0,0,0,0,-34000,0,0,0,1000,35000,-34000,-34000
06996P,臺股指凱基99售17,0,0,0,0,0,0,0,0,0,-34000,0,0,0,0,34000,-34000,-34000
06946P,T50正2元大9C售01,0,0,0,0,0,0,0,0,0,-34000,0,0,0,0,34000,-34000,-34000
07434P,臺股指國票9A售06,0,0,0,0,0,0,0,0,0,-34000,0,0,0,42000,76000,-34000,-34000
06386P,欣興永豐97售03  ,0,0,0,0,0,0,0,0,0,-34000,0,0,0,0,34000,-34000,-34000
07817P,同欣電群益9A售02,0,0,0,0,0,0,0,0,0,-34000,0,0,0,0,34000,-34000,-34000
055229,大毅國票97購02  ,0,0,0,0,0,0,0,0,0,-34000,0,0,0,22000,56000,-34000,-34000
056418,台光電元富98購01,0,0,0,0,0,0,0,0,0,-34000,0,0,0,26000,60000,-34000,-34000
057367,技嘉元大98購02  ,0,0,0,0,0,0,0,0,0,-34000,0,0,0,242000,276000,-34000,-34000
057281,大立光元大98購16,0,0,0,0,0,0,0,0,0,-34000,0,0,0,5000,39000,-34000,-34000
05978P,麗豐永豐96售02  ,0,0,0,0,0,0,0,0,0,-34000,0,0,0,0,34000,-34000,-34000
059629,友達凱基99購06  ,0,0,0,0,0,0,0,0,0,-34000,0,0,0,16000,50000,-34000,-34000
058459,南電永豐99購01  ,0,0,0,0,0,0,0,0,0,-34000,0,0,0,5000,39000,-34000,-34000
058546,玉晶光富邦9B購01,0,0,0,0,0,0,0,0,0,-34000,0,0,0,104000,138000,-34000,-34000
058022,樺漢凱基99購02  ,0,0,0,0,0,0,0,0,0,-34000,0,0,0,0,34000,-34000,-34000
060545,台積電凱基9B購02,0,0,0,0,0,0,0,0,0,-34000,0,0,0,26000,60000,-34000,-34000
060624,玉晶光元大9C購02,0,0,0,0,0,0,0,0,0,-34000,0,0,0,25000,59000,-34000,-34000
060946,世紀鋼國票9A購02,0,0,0,0,0,0,0,0,0,-34000,0,0,0,105000,139000,-34000,-34000
061290,玉晶光統一01購04,0,0,0,0,0,0,0,0,0,-34000,0,0,0,0,34000,-34000,-34000
061974,光寶科元大9B購01,0,0,0,0,0,0,0,0,0,-34000,0,0,0,134000,168000,-34000,-34000
063347,祥碩統一01購03  ,0,0,0,0,0,0,0,0,0,-34000,0,0,0,38000,72000,-34000,-34000
062194,遠東新中信9C購01,0,0,0,0,0,0,0,0,0,-34000,0,0,0,20000,54000,-34000,-34000
062413,台光電中信9B購02,0,0,0,0,0,0,0,0,0,-34000,0,0,0,22000,56000,-34000,-34000
5269,祥碩            ,141000,144000,-3000,0,0,0,0,31000,-31000,0,2000,11000,-9000,13000,4000,9000,-34000
6108,競國            ,31000,65000,-34000,0,0,0,0,0,0,0,0,0,0,0,0,0,-34000
00739,元大MSCI A股    ,0,258000,-258000,0,0,0,0,0,0,223723,0,0,0,385723,162000,223723,-34277
07768P,緯穎群益9A售02  ,0,0,0,0,0,0,0,0,0,-35000,0,0,0,18000,53000,-35000,-35000
1612,宏泰            ,12000,47000,-35000,0,0,0,0,0,0,0,0,0,0,0,0,0,-35000
1723,中碳            ,32000,67000,-35000,0,0,0,0,0,0,0,0,0,0,0,0,0,-35000
063891,國巨群益9C購07  ,0,0,0,0,0,0,0,0,0,-35000,0,0,0,48000,83000,-35000,-35000
063959,GIS元大9C購02   ,0,0,0,0,0,0,0,0,0,-35000,0,0,0,104000,139000,-35000,-35000
056688,聯詠統一98購01  ,0,0,0,0,0,0,0,0,0,-35000,0,0,0,25000,60000,-35000,-35000
052937,國巨兆豐97購01  ,0,0,0,0,0,0,0,0,0,-35000,0,0,0,0,35000,-35000,-35000
055481,聚陽元大97購01  ,0,0,0,0,0,0,0,0,0,-35000,0,0,0,0,35000,-35000,-35000
058818,南電台新99購03  ,0,0,0,0,0,0,0,0,0,-35000,0,0,0,0,35000,-35000,-35000
058939,台積電中信9B購01,0,0,0,0,0,0,0,0,0,-35000,0,0,0,0,35000,-35000,-35000
058934,台灣50中信03購03,0,0,0,0,0,0,0,0,0,-35000,0,0,0,115000,150000,-35000,-35000
058889,元油2X元大9C購05,0,0,0,0,0,0,0,0,0,-35000,0,0,0,0,35000,-35000,-35000
060347,大立光統一02購01,0,0,0,0,0,0,0,0,0,-35000,0,0,0,0,35000,-35000,-35000
058023,南電凱基98購02  ,0,0,0,0,0,0,0,0,0,-35000,0,0,0,11000,46000,-35000,-35000
057053,立積元大98購02  ,0,0,0,0,0,0,0,0,0,-35000,0,0,0,155000,190000,-35000,-35000
059089,聯發科元大99購19,0,0,0,0,0,0,0,0,0,-35000,0,0,0,0,35000,-35000,-35000
058699,楠梓電元大99購02,0,0,0,0,0,0,0,0,0,-35000,0,0,0,53000,88000,-35000,-35000
057505,健策麥證98購01  ,0,0,0,50000,85000,-35000,0,0,0,-35000,0,0,0,50000,85000,-35000,-35000
057559,可成兆豐99購02  ,0,0,0,0,0,0,0,0,0,-35000,0,0,0,0,35000,-35000,-35000
057389,玉晶光永豐98購06,0,0,0,0,0,0,0,0,0,-35000,0,0,0,0,35000,-35000,-35000
056904,大立光元大99購05,0,0,0,0,0,0,0,0,0,-35000,0,0,0,6000,41000,-35000,-35000
062437,廣達元大9B購01  ,0,0,0,0,0,0,0,0,0,-35000,0,0,0,69000,104000,-35000,-35000
061852,大立光國票9B購02,0,0,0,0,0,0,0,0,0,-35000,0,0,0,2000,37000,-35000,-35000
061610,力成統一9C購01  ,0,0,0,0,0,0,0,0,0,-35000,0,0,0,105000,140000,-35000,-35000
060819,國巨統一9C購04  ,0,0,0,0,0,0,0,0,0,-35000,0,0,0,20000,55000,-35000,-35000
063986,聯發科富邦02購01,0,0,0,0,0,0,0,0,0,-36000,0,0,0,13000,49000,-36000,-36000
063532,GIS凱基9B購03   ,0,0,0,0,0,0,0,0,0,-36000,0,0,0,15000,51000,-36000,-36000
06980P,緯穎永豐99售02  ,0,0,0,0,0,0,0,0,0,-36000,0,0,0,44000,80000,-36000,-36000
08184P,可成永豐9B售03  ,0,0,0,0,0,0,0,0,0,-36000,0,0,0,0,36000,-36000,-36000
056051,T50反1元大97購05,0,0,0,0,0,0,0,0,0,-36000,0,0,0,0,36000,-36000,-36000
055333,晶豪科兆豐97購01,0,0,0,0,0,0,0,0,0,-36000,0,0,0,0,36000,-36000,-36000
054867,華航群益99購01  ,0,0,0,0,0,0,0,0,0,-36000,0,0,0,0,36000,-36000,-36000
055519,茂林中信99購01  ,0,0,0,0,0,0,0,0,0,-36000,0,0,0,40000,76000,-36000,-36000
059820,南亞科凱基99購07,0,0,0,0,0,0,0,0,0,-36000,0,0,0,16000,52000,-36000,-36000
058544,FBVIX富邦9B購01 ,0,0,0,0,0,0,0,0,0,-36000,0,0,0,5000,41000,-36000,-36000
059742,富邦金元富99購01,0,0,0,0,0,0,0,0,0,-36000,0,0,0,4000,40000,-36000,-36000
060469,台勝科元大9A購02,0,0,0,0,0,0,0,0,0,-36000,0,0,0,50000,86000,-36000,-36000
061853,晶技國票9B購02  ,0,0,0,0,0,0,0,0,0,-36000,0,0,0,0,36000,-36000,-36000
062050,亞德客統一9C購01,0,0,0,0,0,0,0,0,0,-36000,0,0,0,15000,51000,-36000,-36000
062522,同欣電元大9B購02,0,0,0,0,0,0,0,0,0,-36000,0,0,0,27000,63000,-36000,-36000
08058P,華新科元大9B售10,0,0,0,0,0,0,0,0,0,-37000,0,0,0,0,37000,-37000,-37000
08135P,玉晶光國泰01售02,0,0,0,0,0,0,0,0,0,-37000,0,0,0,58000,95000,-37000,-37000
08125P,聯茂群益9B售02  ,0,0,0,0,0,0,0,0,0,-37000,0,0,0,0,37000,-37000,-37000
1806,冠軍            ,36000,73000,-37000,0,0,0,0,0,0,0,0,0,0,0,0,0,-37000
2428,興勤            ,39000,67000,-28000,0,0,0,0,0,0,-9000,0,0,0,0,9000,-9000,-37000
06356P,啟碁永豐97售01  ,0,0,0,0,0,0,0,0,0,-37000,0,0,0,0,37000,-37000,-37000
063729,國巨元大9C購08  ,0,0,0,0,0,0,0,0,0,-37000,0,0,0,51000,88000,-37000,-37000
063669,宏達電統一9C購01,0,0,0,0,0,0,0,0,0,-37000,0,0,0,48000,85000,-37000,-37000
064008,日月光凱基9C購01,0,0,0,0,0,0,0,0,0,-37000,0,0,0,0,37000,-37000,-37000
063878,國巨元富9C購01  ,0,0,0,0,0,0,0,0,0,-37000,0,0,0,105000,142000,-37000,-37000
053728,茂林凱基97購01  ,0,0,0,0,0,0,0,0,0,-37000,0,0,0,0,37000,-37000,-37000
055809,T50反1國票98購02,0,0,0,0,0,0,0,0,0,-37000,0,0,0,0,37000,-37000,-37000
056334,台積電凱基98購06,0,0,0,0,0,0,0,0,0,-37000,0,0,0,8000,45000,-37000,-37000
05524P,瀚宇博國票97售02,0,0,0,0,0,0,0,0,0,-37000,0,0,0,0,37000,-37000,-37000
058776,台積電國票9A購03,0,0,0,0,0,0,0,0,0,-37000,0,0,0,0,37000,-37000,-37000
060622,玉晶光元大9B購02,0,0,0,0,0,0,0,0,0,-37000,0,0,0,96000,133000,-37000,-37000
060170,世紀鋼永豐9A購01,0,0,0,0,0,0,0,0,0,-37000,0,0,0,30000,67000,-37000,-37000
057161,亞德客元大98購02,0,0,0,0,0,0,0,0,0,-37000,0,0,0,133000,170000,-37000,-37000
059723,美律元大9A購02  ,0,0,0,0,0,0,0,0,0,-37000,0,0,0,120000,157000,-37000,-37000
059850,日電貿永豐99購01,0,0,0,0,0,0,0,0,0,-37000,0,0,0,8000,45000,-37000,-37000
057872,旺宏元大99購06  ,0,0,0,0,0,0,0,0,0,-37000,0,0,0,56000,93000,-37000,-37000
057465,智易永豐98購02  ,0,0,0,0,0,0,0,0,0,-37000,0,0,0,68000,105000,-37000,-37000
057279,國揚元大98購01  ,0,0,0,0,0,0,0,0,0,-37000,0,0,0,13000,50000,-37000,-37000
062384,聯詠國泰9C購01  ,0,0,0,0,0,0,0,0,0,-37000,0,0,0,78000,115000,-37000,-37000
062233,神隆凱基9B購01  ,0,0,0,0,0,0,0,0,0,-37000,0,0,0,5000,42000,-37000,-37000
063005,道瓊反元大9B購02,0,0,0,0,0,0,0,0,0,-37000,0,0,0,0,37000,-37000,-37000
062828,聯詠群益9B購02  ,0,0,0,0,0,0,0,0,0,-37000,0,0,0,63000,100000,-37000,-37000
061786,義隆群益9B購01  ,0,0,0,0,0,0,0,0,0,-37000,0,0,0,54000,91000,-37000,-37000
061253,臺股指群益9A購04,0,0,0,0,0,0,0,0,0,-37000,0,0,0,33000,70000,-37000,-37000
064055,台郡統一02購01  ,0,0,0,0,0,0,0,0,0,-38000,0,0,0,5000,43000,-38000,-38000
064165,同欣電統一01購01,0,0,0,0,0,0,0,0,0,-38000,0,0,0,11000,49000,-38000,-38000
07489P,國巨國票9A售07  ,0,0,0,0,0,0,0,0,0,-38000,0,0,0,20000,58000,-38000,-38000
055773,瑞昱凱基97購03  ,0,0,0,0,0,0,0,0,0,-38000,0,0,0,10000,48000,-38000,-38000
053255,貿聯國泰97購01  ,0,0,0,0,0,0,0,0,0,-38000,0,0,0,2000,40000,-38000,-38000
053798,台積電中信98購02,0,0,0,0,0,0,0,0,0,-38000,0,0,0,0,38000,-38000,-38000
059867,華邦電凱基99購02,0,0,0,0,0,0,0,0,0,-38000,0,0,0,62000,100000,-38000,-38000
059872,華新科凱基01購01,0,0,0,0,0,0,0,0,0,-38000,0,0,0,35000,73000,-38000,-38000
058705,長榮航元大99購01,15000,0,15000,0,0,0,0,0,0,-53000,0,0,0,100000,153000,-53000,-38000
060601,技嘉凱基9A購02  ,0,0,0,0,0,0,0,0,0,-38000,0,0,0,133000,171000,-38000,-38000
060842,新光金國票9B購01,0,0,0,0,0,0,0,0,0,-38000,0,0,0,0,38000,-38000,-38000
061661,京鼎永豐9A購02  ,0,0,0,0,0,0,0,0,0,-38000,0,0,0,79000,117000,-38000,-38000
062100,矽格永豐9B購01  ,0,0,0,0,0,0,0,0,0,-38000,0,0,0,0,38000,-38000,-38000
062123,台積電統一9B購13,0,0,0,0,0,0,0,0,0,-38000,0,0,0,8000,46000,-38000,-38000
061842,牧德凱基9C購01  ,0,0,0,0,0,0,0,0,0,-38000,0,0,0,0,38000,-38000,-38000
063307,同欣電凱基9B購02,0,0,0,0,0,0,0,0,0,-38000,0,0,0,32000,70000,-38000,-38000
6189,豐藝            ,17000,55000,-38000,0,0,0,0,0,0,0,0,0,0,0,0,0,-38000
6409,旭隼            ,42013,80129,-38116,0,0,0,0,0,0,0,0,0,0,0,0,0,-38116
07646P,世芯元大9A售04  ,0,0,0,0,0,0,0,0,0,-39000,0,0,0,218000,257000,-39000,-39000
07794P,智邦國票9A售03  ,0,0,0,0,0,0,0,0,0,-39000,0,0,0,22000,61000,-39000,-39000
07955P,大成鋼群益9B售02,0,0,0,0,0,0,0,0,0,-39000,0,0,0,0,39000,-39000,-39000
2538,基泰            ,54000,97000,-43000,0,0,0,0,0,0,4000,4000,0,4000,0,0,0,-39000
063803,世紀鋼凱基01購01,0,0,0,0,0,0,0,0,0,-39000,0,0,0,38000,77000,-39000,-39000
063446,台光電統一01購02,0,0,0,0,0,0,0,0,0,-39000,0,0,0,56000,95000,-39000,-39000
053388,群創元大9C購02  ,0,0,0,0,0,0,0,0,0,-39000,0,0,0,1000,40000,-39000,-39000
055094,智易群益98購01  ,0,0,0,0,0,0,0,0,0,-39000,0,0,0,56000,95000,-39000,-39000
058010,帆宣國票98購01  ,0,0,0,0,0,0,0,0,0,-39000,0,0,0,0,39000,-39000,-39000
057683,技嘉日盛98購01  ,0,0,0,0,0,0,0,0,0,-39000,0,0,0,2000,41000,-39000,-39000
059885,台積電國票99購12,0,0,0,0,0,0,0,0,0,-39000,0,0,0,11000,50000,-39000,-39000
057628,旺宏永豐98購02  ,0,0,0,0,0,0,0,0,0,-39000,0,0,0,0,39000,-39000,-39000
057231,美律凱基98購05  ,0,0,0,0,0,0,0,0,0,-39000,0,0,0,11000,50000,-39000,-39000
063149,聯發科元富05購02,0,0,0,0,0,0,0,0,0,-39000,0,0,0,5000,44000,-39000,-39000
06323P,台郡統一97售01  ,0,0,0,0,0,0,0,0,0,-39000,0,0,0,1000,40000,-39000,-39000
063016,微星元大9C購02  ,0,0,0,0,0,0,0,0,0,-39000,0,0,0,149000,188000,-39000,-39000
062334,健策統一9B購02  ,0,0,0,0,0,0,0,0,0,-39000,0,0,0,14000,53000,-39000,-39000
060674,瑞昱元大9A購03  ,0,0,0,0,0,0,0,0,0,-39000,0,0,0,26000,65000,-39000,-39000
060959,金像電凱基9A購01,0,0,0,0,0,0,0,0,0,-39000,0,0,0,35000,74000,-39000,-39000
9105,泰金寶-DR       ,0,39000,-39000,0,0,0,0,0,0,0,0,0,0,0,0,0,-39000
063442,金像電統一01購01,0,0,0,0,0,0,0,0,0,-40000,0,0,0,9000,49000,-40000,-40000
063834,滬深2X元大01購03,0,0,0,0,0,0,0,0,0,-40000,0,0,0,0,40000,-40000,-40000
06532P,友達元富98售04  ,0,0,0,0,0,0,0,0,0,-40000,0,0,0,0,40000,-40000,-40000
06487P,聯發科統一99售02,0,0,0,0,0,0,0,0,0,-40000,0,0,0,0,40000,-40000,-40000
06593P,欣興元大98售05  ,0,0,0,0,0,0,0,0,0,-40000,0,0,0,40000,80000,-40000,-40000
06863P,欣興凱基98售05  ,0,0,0,0,0,0,0,0,0,-40000,0,0,0,70000,110000,-40000,-40000
07025P,玉晶光凱基99售01,0,0,0,0,0,0,0,0,0,-40000,0,0,0,319000,359000,-40000,-40000
07028P,大立光群益99售06,0,0,0,0,0,0,0,0,0,-40000,0,0,0,12000,52000,-40000,-40000
07058P,台積電凱基9A售07,0,0,0,0,0,0,0,0,0,-40000,0,0,0,10000,50000,-40000,-40000
07287P,全新群益9B售01  ,0,0,0,0,0,0,0,0,0,-40000,0,0,0,0,40000,-40000,-40000
07183P,臺股指凱基99售25,0,0,0,0,0,0,0,0,0,-40000,0,0,0,30000,70000,-40000,-40000
07188P,臺股指台新99售11,0,0,0,0,0,0,0,0,0,-40000,0,0,0,0,40000,-40000,-40000
3015,全漢            ,77000,117000,-40000,0,0,0,0,0,0,0,0,0,0,0,0,0,-40000
07531P,大立光國泰9B售03,0,0,0,0,0,0,0,0,0,-40000,0,0,0,40000,80000,-40000,-40000
07556P,玉晶光元大9A售08,0,0,0,0,0,0,0,0,0,-40000,0,0,0,10000,50000,-40000,-40000
08292P,華新科台新9C售01,0,0,0,0,0,0,0,0,0,-40000,0,0,0,0,40000,-40000,-40000
056104,義隆永豐97購01  ,0,0,0,0,0,0,0,0,0,-40000,0,0,0,0,40000,-40000,-40000
059112,上銀永豐99購01  ,0,0,0,0,0,0,0,0,0,-40000,0,0,0,28000,68000,-40000,-40000
058893,元油2X元大9C購10,0,0,0,0,0,0,0,0,0,-40000,0,0,0,0,40000,-40000,-40000
055665,亞德客群益97購01,0,0,0,0,0,0,0,0,0,-40000,0,0,0,0,40000,-40000,-40000
056231,嘉聯益凱基97購02,0,0,0,0,0,0,0,0,0,-40000,0,0,0,10000,50000,-40000,-40000
056343,高鐵凱基98購02  ,0,0,0,0,0,0,0,0,0,-40000,0,0,0,5000,45000,-40000,-40000
056416,華新科中信98購01,0,0,0,0,0,0,0,0,0,-40000,0,0,0,10000,50000,-40000,-40000
056787,健鼎群益98購01  ,0,0,0,0,0,0,0,0,0,-40000,0,0,0,0,40000,-40000,-40000
056533,友達凱基9A購02  ,0,0,0,0,0,0,0,0,0,-40000,0,0,0,0,40000,-40000,-40000
053770,元金2X元大98購01,0,0,0,0,0,0,0,0,0,-40000,0,0,0,1000,41000,-40000,-40000
053671,可成統一96購03  ,0,0,0,0,0,0,0,0,0,-40000,0,0,0,0,40000,-40000,-40000
053510,聯電群益97購01  ,0,0,0,0,0,0,0,0,0,-40000,0,0,0,0,40000,-40000,-40000
055510,GIS元大97購03   ,0,0,0,0,0,0,0,0,0,-40000,0,0,0,0,40000,-40000,-40000
055501,創意元大97購01  ,0,0,0,0,0,0,0,0,0,-40000,0,0,0,0,40000,-40000,-40000
03686P,大立光統一98售02,0,0,0,0,0,0,0,0,0,-40000,0,0,0,0,40000,-40000,-40000
03857P,聯發科元富99售02,0,0,0,0,0,0,0,0,0,-40000,0,0,0,0,40000,-40000,-40000
054040,中石化元大9C購01,0,0,0,0,0,0,0,0,0,-40000,0,0,0,60000,100000,-40000,-40000
057403,亞光群益98購04  ,0,0,0,0,0,0,0,0,0,-40000,0,0,0,0,40000,-40000,-40000
057632,傳奇永豐98購01  ,0,0,0,0,0,0,0,0,0,-40000,0,0,0,0,40000,-40000,-40000
058585,S&P正2中信9B購02,0,0,0,0,0,0,0,0,0,-40000,0,0,0,0,40000,-40000,-40000
058189,嘉澤永豐99購01  ,20000,0,20000,0,0,0,0,0,0,-60000,0,0,0,40000,100000,-60000,-40000
058060,貿聯元富98購01  ,0,0,0,0,0,0,0,0,0,-40000,0,0,0,0,40000,-40000,-40000
058525,台虹元大99購02  ,0,0,0,0,0,0,0,0,0,-40000,0,0,0,0,40000,-40000,-40000
056969,智易永豐98購01  ,0,0,0,0,0,0,0,0,0,-40000,0,0,0,0,40000,-40000,-40000
059689,南亞科永豐99購02,0,0,0,0,0,0,0,0,0,-40000,0,0,0,96000,136000,-40000,-40000
059683,康控富邦9C購01  ,0,0,0,0,0,0,0,0,0,-40000,0,0,0,20000,60000,-40000,-40000
059381,TPK亞東99購01   ,0,0,0,0,0,0,0,0,0,-40000,0,0,0,0,40000,-40000,-40000
06060P,玉晶光元大97售03,0,0,0,0,0,0,0,0,0,-40000,0,0,0,0,40000,-40000,-40000
060634,矽創富邦9B購01  ,0,0,0,0,0,0,0,0,0,-40000,0,0,0,10000,50000,-40000,-40000
061045,儒鴻第一9A購01  ,0,0,0,0,0,0,0,0,0,-40000,0,0,0,25000,65000,-40000,-40000
061138,晶技統一9C購01  ,0,0,0,0,0,0,0,0,0,-40000,0,0,0,60000,100000,-40000,-40000
061120,台積電永豐9A購03,0,0,0,0,0,0,0,0,0,-40000,0,0,0,0,40000,-40000,-40000
061318,智邦凱基9B購01  ,0,0,0,0,0,0,0,0,0,-40000,0,0,0,56000,96000,-40000,-40000
06199P,聯發科元大97售17,0,0,0,0,0,0,0,0,0,-40000,0,0,0,0,40000,-40000,-40000
061581,貿聯元大9A購05  ,0,0,0,0,0,0,0,0,0,-40000,0,0,0,60000,100000,-40000,-40000
06234P,亞德客元大97售02,0,0,0,0,0,0,0,0,0,-40000,0,0,0,0,40000,-40000,-40000
062426,大立光統一02購02,0,0,0,0,0,0,0,0,0,-40000,0,0,0,0,40000,-40000,-40000
06228P,亞德客凱基97售04,0,0,0,0,0,0,0,0,0,-40000,0,0,0,10000,50000,-40000,-40000
062167,燿華永豐9B購01  ,0,0,0,0,0,0,0,0,0,-40000,0,0,0,65000,105000,-40000,-40000
063288,泰鼎元大9B購02  ,0,0,0,0,0,0,0,0,0,-40000,0,0,0,50000,90000,-40000,-40000
07579P,聯茂元大9A售01  ,0,0,0,0,0,0,0,0,0,-41000,0,0,0,125000,166000,-41000,-41000
07675P,全新永豐9A售02  ,0,0,0,0,0,0,0,0,0,-41000,0,0,0,5000,46000,-41000,-41000
06962P,華新科永豐99售01,0,0,0,0,0,0,0,0,0,-41000,0,0,0,46000,87000,-41000,-41000
064183,聯茂富邦01購01  ,0,0,0,0,0,0,0,0,0,-41000,0,0,0,0,41000,-41000,-41000
063758,聯發科統一9B購14,0,0,0,0,0,0,0,0,0,-41000,0,0,0,2000,43000,-41000,-41000
063516,香港反凱基03購01,0,0,0,0,0,0,0,0,0,-41000,0,0,0,0,41000,-41000,-41000
063651,金像電台新9B購01,0,0,0,0,0,0,0,0,0,-41000,0,0,0,10000,51000,-41000,-41000
063753,矽創國票9C購01  ,0,0,0,0,0,0,0,0,0,-41000,0,0,0,12000,53000,-41000,-41000
054111,緯穎凱基97購01  ,0,0,0,0,0,0,0,0,0,-41000,0,0,0,7000,48000,-41000,-41000
056183,南亞科統一97購02,0,0,0,0,0,0,0,0,0,-41000,0,0,0,0,41000,-41000,-41000
058969,亞德客永豐99購01,0,0,0,0,0,0,0,0,0,-41000,0,0,0,27000,68000,-41000,-41000
055092,開發金群益9B購01,0,0,0,0,0,0,0,0,0,-41000,0,0,0,0,41000,-41000,-41000
060401,世紀鋼國票9B購01,0,0,0,0,0,0,0,0,0,-41000,0,0,0,100000,141000,-41000,-41000
058297,茂林凱基9A購02  ,0,0,0,0,0,0,0,0,0,-41000,0,0,0,24000,65000,-41000,-41000
059747,台達電台新99購01,0,0,0,0,0,0,0,0,0,-41000,0,0,0,10000,51000,-41000,-41000
058603,台積電元大99購12,0,0,0,0,0,0,0,0,0,-41000,0,0,0,2000,43000,-41000,-41000
057548,微星凱基99購01  ,0,0,0,0,0,0,0,0,0,-41000,0,0,0,110000,151000,-41000,-41000
060113,祥碩元大9B購01  ,0,0,0,0,0,0,0,0,0,-41000,0,0,0,27000,68000,-41000,-41000
062924,世紀鋼元大9C購04,0,0,0,0,0,0,0,0,0,-41000,0,0,0,149000,190000,-41000,-41000
062238,臻鼎凱基9C購01  ,0,0,0,0,0,0,0,0,0,-41000,0,0,0,5000,46000,-41000,-41000
062228,南六統一02購01  ,0,0,0,0,0,0,0,0,0,-41000,0,0,0,398000,439000,-41000,-41000
062310,南亞科凱基9B購02,0,0,0,0,0,0,0,0,0,-41000,0,0,0,133000,174000,-41000,-41000
062309,燿華凱基9B購01  ,0,0,0,0,0,0,0,0,0,-41000,0,0,0,50000,91000,-41000,-41000
060833,道瓊反國票9A購01,0,0,0,0,0,0,0,0,0,-41000,0,0,0,0,41000,-41000,-41000
063643,臻鼎元大9B購03  ,0,0,0,0,0,0,0,0,0,-42000,0,0,0,102000,144000,-42000,-42000
063507,奇鋐群益9B購02  ,0,0,0,0,0,0,0,0,0,-42000,0,0,0,0,42000,-42000,-42000
06903P,技嘉凱基98售04  ,0,0,0,0,0,0,0,0,0,-42000,0,0,0,0,42000,-42000,-42000
07163P,臺股指群益99售14,0,0,0,0,0,0,0,0,0,-42000,0,0,0,96000,138000,-42000,-42000
07121P,華新科凱基99售03,0,0,0,0,0,0,0,0,0,-42000,0,0,0,0,42000,-42000,-42000
1459,聯發            ,8000,50000,-42000,0,0,0,0,0,0,0,0,0,0,0,0,0,-42000
056101,光磊永豐98購01  ,0,0,0,0,0,0,0,0,0,-42000,0,0,0,0,42000,-42000,-42000
056028,GIS群益97購02   ,0,0,0,0,0,0,0,0,0,-42000,0,0,0,158000,200000,-42000,-42000
055380,智易元大98購02  ,0,0,0,0,0,0,0,0,0,-42000,0,0,0,0,42000,-42000,-42000
059116,晶豪科永豐99購01,0,0,0,0,0,0,0,0,0,-42000,0,0,0,0,42000,-42000,-42000
056649,智易凱基98購01  ,0,0,0,0,0,0,0,0,0,-42000,0,0,0,0,42000,-42000,-42000
053279,景碩元大97購01  ,0,0,0,0,0,0,0,0,0,-42000,0,0,0,46000,88000,-42000,-42000
056891,國巨元大99購03  ,0,0,0,0,0,0,0,0,0,-42000,0,0,0,0,42000,-42000,-42000
060040,康控國票99購04  ,0,0,0,0,0,0,0,0,0,-42000,0,0,0,48000,90000,-42000,-42000
057480,技嘉元大98購03  ,0,0,0,0,0,0,0,0,0,-42000,0,0,0,48000,90000,-42000,-42000
057263,可成兆豐99購01  ,0,0,0,0,0,0,0,0,0,-42000,0,0,0,0,42000,-42000,-42000
059068,台虹國票9A購01  ,0,0,0,0,0,0,0,0,0,-42000,0,0,0,0,42000,-42000,-42000
059241,旺宏凱基99購07  ,0,0,0,0,0,0,0,0,0,-42000,0,0,0,27000,69000,-42000,-42000
058701,鴻海元大99購16  ,0,0,0,0,0,0,0,0,0,-42000,0,0,0,0,42000,-42000,-42000
058515,健鼎元大99購01  ,0,0,0,0,0,0,0,0,0,-42000,0,0,0,161000,203000,-42000,-42000
060390,聯鈞群益9A購01  ,0,0,0,0,0,0,0,0,0,-42000,0,0,0,47000,89000,-42000,-42000
060722,矽格永豐9A購01  ,0,0,0,0,0,0,0,0,0,-42000,0,0,0,0,42000,-42000,-42000
062090,南電元大9B購02  ,0,0,0,0,0,0,0,0,0,-42000,0,0,0,118000,160000,-42000,-42000
061790,中租群益9B購01  ,0,0,0,0,0,0,0,0,0,-42000,0,0,0,58000,100000,-42000,-42000
062802,宏達電統一9B購01,0,0,0,0,0,0,0,0,0,-42000,0,0,0,0,42000,-42000,-42000
4720,德淵            ,115000,157000,-42000,0,0,0,0,0,0,0,0,0,0,0,0,0,-42000
08161P,台表科元富9B售02,0,0,0,0,0,0,0,0,0,-43000,0,0,0,97000,140000,-43000,-43000
06608P,立積群益99售02  ,0,0,0,0,0,0,0,0,0,-43000,0,0,0,111000,154000,-43000,-43000
063706,台虹群益9B購01  ,0,0,0,0,0,0,0,0,0,-43000,0,0,0,57000,100000,-43000,-43000
053276,友達元大9C購01  ,0,0,0,0,0,0,0,0,0,-43000,0,0,0,24000,67000,-43000,-43000
052847,漢唐統一99購01  ,0,0,0,0,0,0,0,0,0,-43000,0,0,0,15000,58000,-43000,-43000
059126,臺指反中信9B購01,0,0,0,0,0,0,0,0,0,-43000,0,0,0,5000,48000,-43000,-43000
056468,鴻海元大98購07  ,0,0,0,0,0,0,0,0,0,-43000,0,0,0,90000,133000,-43000,-43000
055626,力山永豐97購01  ,0,0,0,0,0,0,0,0,0,-43000,0,0,0,12000,55000,-43000,-43000
062304,臺指反凱基9B購01,0,0,0,0,0,0,0,0,0,-43000,0,0,0,0,43000,-43000,-43000
062391,台達電富邦9C購01,0,0,0,0,0,0,0,0,0,-43000,0,0,0,72000,115000,-43000,-43000
062272,鴻海群益9B購05  ,0,0,0,0,0,0,0,0,0,-43000,0,0,0,4000,47000,-43000,-43000
062197,聯發科中信01購03,0,0,0,0,0,0,0,0,0,-43000,0,0,0,79000,122000,-43000,-43000
062663,聯發科群益9B購07,0,0,0,0,0,0,0,0,0,-43000,0,0,0,21000,64000,-43000,-43000
061788,信邦群益9B購01  ,0,0,0,0,0,0,0,0,0,-43000,0,0,0,3000,46000,-43000,-43000
062027,國泰金群益9B購01,0,0,0,0,0,0,0,0,0,-43000,0,0,0,7000,50000,-43000,-43000
061665,旺宏中信9C購01  ,0,0,0,0,0,0,0,0,0,-43000,0,0,0,27000,70000,-43000,-43000
061780,國巨群益9C購01  ,0,0,0,0,0,0,0,0,0,-43000,0,0,0,0,43000,-43000,-43000
8926,台汽電          ,118000,176000,-58000,0,0,0,0,0,0,15000,15000,0,15000,0,0,0,-43000
063559,力山元大9B購04  ,0,0,0,0,0,0,0,0,0,-44000,0,0,0,68000,112000,-44000,-44000
06727P,台光電元大98售05,0,0,0,0,0,0,0,0,0,-44000,0,0,0,0,44000,-44000,-44000
08225P,臺股指凱基9B售20,0,0,0,0,0,0,0,0,0,-44000,0,0,0,0,44000,-44000,-44000
055745,臻鼎元富97購01  ,0,0,0,0,0,0,0,0,0,-44000,0,0,0,150000,194000,-44000,-44000
056214,義隆國票99購01  ,0,0,0,0,0,0,0,0,0,-44000,0,0,0,0,44000,-44000,-44000
056746,超眾凱基99購01  ,0,0,0,0,0,0,0,0,0,-44000,0,0,0,36000,80000,-44000,-44000
056818,正崴永豐98購01  ,0,0,0,0,0,0,0,0,0,-44000,0,0,0,6000,50000,-44000,-44000
058901,美律元大99購07  ,0,0,0,0,0,0,0,0,0,-44000,0,0,0,161000,205000,-44000,-44000
055153,台光電元大98購02,0,0,0,0,0,0,0,0,0,-44000,0,0,0,9000,53000,-44000,-44000
052463,聯電統一96購01  ,0,0,0,0,0,0,0,0,0,-44000,0,0,0,0,44000,-44000,-44000
058280,SGBR2X中信99購01,0,0,0,0,0,0,0,0,0,-44000,0,0,0,0,44000,-44000,-44000
057985,華通元富02購03  ,0,0,0,0,0,0,0,0,0,-44000,0,0,0,0,44000,-44000,-44000
062059,聯發科統一9C購06,0,0,0,0,0,0,0,0,0,-44000,0,0,0,4000,48000,-44000,-44000
062698,台積電元大01購01,0,0,0,0,0,0,0,0,0,-44000,0,0,0,510000,554000,-44000,-44000
063060,華新科元富9B購03,0,0,0,0,0,0,0,0,0,-44000,0,0,0,42000,86000,-44000,-44000
063357,聯發科國泰01購04,0,0,0,0,0,0,0,0,0,-44000,0,0,0,0,44000,-44000,-44000
06949P,台表科元大99售01,0,0,0,0,0,0,0,0,0,-45000,0,0,0,15000,60000,-45000,-45000
063588,華新科永豐9B購02,0,0,0,0,0,0,0,0,0,-45000,0,0,0,40000,85000,-45000,-45000
063467,大立光元大9C購06,0,0,0,0,0,0,0,0,0,-45000,0,0,0,0,45000,-45000,-45000
063832,矽創國票01購01  ,0,0,0,0,0,0,0,0,0,-45000,0,0,0,12000,57000,-45000,-45000
053586,建準元大96購01  ,0,0,0,0,0,0,0,0,0,-45000,0,0,0,5000,50000,-45000,-45000
058770,貿聯兆豐9A購01  ,0,0,0,0,0,0,0,0,0,-45000,0,0,0,0,45000,-45000,-45000
058598,T50反1元大99購04,0,0,0,0,0,0,0,0,0,-45000,0,0,0,0,45000,-45000,-45000
059456,智易永豐99購01  ,0,0,0,0,0,0,0,0,0,-45000,0,0,0,0,45000,-45000,-45000
060742,臺指反國票9B購02,0,0,0,0,0,0,0,0,0,-45000,0,0,0,0,45000,-45000,-45000
060370,滬深2X元富04購01,0,0,0,0,0,0,0,0,0,-45000,0,0,0,0,45000,-45000,-45000
060450,南亞元大9A購02  ,0,0,0,0,0,0,0,0,0,-45000,0,0,0,106000,151000,-45000,-45000
063350,台表科統一02購02,0,0,0,0,0,0,0,0,0,-45000,0,0,0,60000,105000,-45000,-45000
062386,京鼎國泰9C購01  ,0,0,0,0,0,0,0,0,0,-45000,0,0,0,189000,234000,-45000,-45000
062419,台積電統一9B購15,0,0,0,0,0,0,0,0,0,-45000,0,0,0,24000,69000,-45000,-45000
061881,緯穎元大9B購02  ,0,0,0,0,0,0,0,0,0,-45000,0,0,0,78000,123000,-45000,-45000
061602,旺宏凱基9A購06  ,0,0,0,0,0,0,0,0,0,-45000,0,0,0,0,45000,-45000,-45000
063897,神達群益9C購01  ,0,0,0,0,0,0,0,0,0,-46000,0,0,0,16000,62000,-46000,-46000
06480P,上銀凱基98售04  ,0,0,0,0,0,0,0,0,0,-46000,0,0,0,16000,62000,-46000,-46000
08230P,台表科國票9C售03,0,0,0,0,0,0,0,0,0,-46000,0,0,0,0,46000,-46000,-46000
3035,智原            ,553000,589000,-36000,0,0,0,0,0,0,-10000,2000,0,2000,0,12000,-12000,-46000
2903,遠百            ,68000,114000,-46000,0,0,0,0,0,0,0,0,0,0,0,0,0,-46000
056410,康控國票99購01  ,0,0,0,0,0,0,0,0,0,-46000,0,0,0,40000,86000,-46000,-46000
055408,力成國泰98購01  ,0,0,0,0,0,0,0,0,0,-46000,0,0,0,0,46000,-46000,-46000
057056,立積元大99購02  ,0,0,0,0,0,0,0,0,0,-46000,0,0,0,73000,119000,-46000,-46000
057092,健策元富98購01  ,0,0,0,0,0,0,0,0,0,-46000,0,0,0,0,46000,-46000,-46000
059318,旺宏元大99購13  ,0,0,0,0,0,0,0,0,0,-46000,0,0,0,0,46000,-46000,-46000
061730,旺宏統一01購02  ,0,0,0,0,0,0,0,0,0,-46000,0,0,0,1000,47000,-46000,-46000
061713,華邦電凱基9A購01,0,0,0,0,0,0,0,0,0,-46000,0,0,0,0,46000,-46000,-46000
060665,康控凱基9A購01  ,0,0,0,0,0,0,0,0,0,-46000,0,0,0,46000,92000,-46000,-46000
061032,金像電永豐9A購03,0,0,0,0,0,0,0,0,0,-46000,0,0,0,2000,48000,-46000,-46000
062268,力山群益9B購01  ,0,0,0,0,0,0,0,0,0,-46000,0,0,0,71000,117000,-46000,-46000
2882B,國泰金乙特      ,0,0,0,0,0,0,0,0,0,-47000,0,47000,-47000,0,0,0,-47000
08171P,嘉澤國票9C售01  ,0,0,0,0,0,0,0,0,0,-47000,0,0,0,11000,58000,-47000,-47000
07996P,亞德客凱基9B售03,0,0,0,0,0,0,0,0,0,-47000,0,0,0,88000,135000,-47000,-47000
07720P,臺股指群益9A售09,0,0,0,0,0,0,0,0,0,-47000,0,0,0,0,47000,-47000,-47000
07583P,台積電富邦9B售05,0,0,0,0,0,0,0,0,0,-47000,0,0,0,0,47000,-47000,-47000
063872,嘉聯益永豐9C購01,0,0,0,0,0,0,0,0,0,-47000,0,0,0,5000,52000,-47000,-47000
063722,遠東新元大9B購02,0,0,0,0,0,0,0,0,0,-47000,0,0,0,3000,50000,-47000,-47000
055500,京鼎元大97購04  ,0,0,0,0,0,0,0,0,0,-47000,0,0,0,50000,97000,-47000,-47000
00711B,FH彭博新興債    ,0,0,0,0,0,0,0,0,0,-47000,0,20000,-20000,97000,124000,-27000,-47000
060745,京元電國票9A購01,0,0,0,0,0,0,0,0,0,-47000,0,0,0,0,47000,-47000,-47000
060236,精元元大9C購01  ,0,0,0,0,0,0,0,0,0,-47000,0,0,0,154000,201000,-47000,-47000
062141,遠東新國票9B購01,0,0,0,0,0,0,0,0,0,-47000,0,0,0,38000,85000,-47000,-47000
061362,台塑國票9B購01  ,0,0,0,0,0,0,0,0,0,-47000,0,0,0,3000,50000,-47000,-47000
061084,京元電兆豐9A購02,0,0,0,0,0,0,0,0,0,-47000,0,0,0,30000,77000,-47000,-47000
061142,南電統一9A購01  ,0,0,0,0,0,0,0,0,0,-47000,0,0,0,5000,52000,-47000,-47000
061783,友達群益9B購01  ,0,0,0,0,0,0,0,0,0,-47000,0,0,0,0,47000,-47000,-47000
061740,華新科凱基03購01,0,0,0,0,0,0,0,0,0,-47000,0,0,0,11000,58000,-47000,-47000
06377P,華通統一97售04  ,0,0,0,0,0,0,0,0,0,-48000,0,0,0,0,48000,-48000,-48000
03669C,滬深2X元富09牛01,0,0,0,0,0,0,0,0,0,-48000,0,0,0,2000,50000,-48000,-48000
053453,新光金統一98購01,0,0,0,0,0,0,0,0,0,-48000,0,0,0,0,48000,-48000,-48000
055899,群創中信99購01  ,0,0,0,0,0,0,0,0,0,-48000,0,0,0,0,48000,-48000,-48000
059165,南亞科凱基99購04,0,0,0,0,0,0,0,0,0,-48000,0,0,0,51000,99000,-48000,-48000
058989,茂林凱基99購02  ,0,0,0,0,0,0,0,0,0,-48000,0,0,0,37000,85000,-48000,-48000
058983,旺宏凱基99購05  ,0,0,0,0,0,0,0,0,0,-48000,0,0,0,0,48000,-48000,-48000
055136,聯發科富邦99購06,0,0,0,0,0,0,0,0,0,-48000,0,0,0,0,48000,-48000,-48000
055107,旺宏凱基98購04  ,0,0,0,0,0,0,0,0,0,-48000,0,0,0,0,48000,-48000,-48000
055172,凱美統一97購02  ,0,0,0,0,0,0,0,0,0,-48000,0,0,0,0,48000,-48000,-48000
056091,百和統一97購01  ,0,0,0,0,0,0,0,0,0,-48000,0,0,0,0,48000,-48000,-48000
056083,億光統一97購03  ,0,0,0,0,0,0,0,0,0,-48000,0,0,0,0,48000,-48000,-48000
058523,聯茂元大99購08  ,0,0,0,0,0,0,0,0,0,-48000,0,0,0,128000,176000,-48000,-48000
060008,華邦電群益9A購01,0,0,0,0,0,0,0,0,0,-48000,0,0,0,40000,88000,-48000,-48000
059829,超眾凱基99購05  ,0,0,0,0,0,0,0,0,0,-48000,0,0,0,20000,68000,-48000,-48000
057669,嘉晶元大99購03  ,0,0,0,0,0,0,0,0,0,-48000,0,0,0,2000,50000,-48000,-48000
057742,喬山永豐98購02  ,0,0,0,0,0,0,0,0,0,-48000,0,0,0,20000,68000,-48000,-48000
059986,宏達電元大99購08,0,0,0,0,0,0,0,0,0,-48000,0,0,0,52000,100000,-48000,-48000
062224,玉晶光統一9C購03,0,0,0,0,0,0,0,0,0,-48000,0,0,0,19000,67000,-48000,-48000
063139,聯發科統一9B購07,0,0,0,0,0,0,0,0,0,-48000,0,0,0,0,48000,-48000,-48000
063119,華通元大9B購07  ,0,0,0,0,0,0,0,0,0,-48000,0,0,0,40000,88000,-48000,-48000
06705P,臻鼎元富98售03  ,0,0,0,0,0,0,0,0,0,-49000,0,0,0,41000,90000,-49000,-49000
07610P,大立光國票9A售04,0,0,0,0,0,0,0,0,0,-49000,0,0,0,30000,79000,-49000,-49000
07772P,華新科國票9A售05,0,0,0,0,0,0,0,0,0,-49000,0,0,0,0,49000,-49000,-49000
2034,允強            ,18000,69000,-51000,0,0,0,0,0,0,2000,2000,0,2000,0,0,0,-49000
056166,微星台新97購01  ,0,0,0,0,0,0,0,0,0,-49000,0,0,0,82000,131000,-49000,-49000
054297,台郡元大98購01  ,0,0,0,0,0,0,0,0,0,-49000,0,0,0,6000,55000,-49000,-49000
056642,旺宏凱基98購07  ,0,0,0,0,0,0,0,0,0,-49000,0,0,0,47000,96000,-49000,-49000
055433,嘉聯益群益99購01,0,0,0,0,0,0,0,0,0,-49000,0,0,0,98000,147000,-49000,-49000
059950,百和永豐99購02  ,0,0,0,0,0,0,0,0,0,-49000,0,0,0,0,49000,-49000,-49000
058736,鈺齊永豐99購02  ,0,0,0,0,0,0,0,0,0,-49000,0,0,0,100000,149000,-49000,-49000
058440,玉晶光統一99購02,0,0,0,0,0,0,0,0,0,-49000,0,0,0,2000,51000,-49000,-49000
060297,和碩元大9A購02  ,0,0,0,0,0,0,0,0,0,-49000,0,0,0,1000,50000,-49000,-49000
063151,奇鋐元富9B購01  ,0,0,0,0,0,0,0,0,0,-49000,0,0,0,16000,65000,-49000,-49000
062153,智邦麥證9B購01  ,0,0,0,44000,73000,-29000,0,0,0,-49000,0,0,0,64000,113000,-49000,-49000
062768,南電凱基9B購04  ,0,0,0,0,0,0,0,0,0,-49000,0,0,0,0,49000,-49000,-49000
062099,牧德永豐9B購01  ,0,0,0,0,0,0,0,0,0,-49000,0,0,0,0,49000,-49000,-49000
061976,國巨元大9B購01  ,0,0,0,0,0,0,0,0,0,-49000,0,0,0,27000,76000,-49000,-49000
8011,台通            ,84000,133000,-49000,0,0,0,0,0,0,0,0,0,0,0,0,0,-49000
5534,長虹            ,247000,283000,-36000,0,0,0,0,0,0,-13000,0,13000,-13000,0,0,0,-49000
07992P,玉晶光群益01售04,0,0,0,0,0,0,0,0,0,-50000,0,0,0,20000,70000,-50000,-50000
08139P,華新科元大9B售12,0,0,0,0,0,0,0,0,0,-50000,0,0,0,0,50000,-50000,-50000
08261P,玉晶光元大9C售08,0,0,0,0,0,0,0,0,0,-50000,0,0,0,0,50000,-50000,-50000
08314P,國巨元大9C售14  ,0,0,0,0,0,0,0,0,0,-50000,0,0,0,0,50000,-50000,-50000
064101,可成群益01購01  ,0,0,0,0,0,0,0,0,0,-50000,0,0,0,0,50000,-50000,-50000
06970P,旺宏元大99售08  ,0,0,0,0,0,0,0,0,0,-50000,0,0,0,10000,60000,-50000,-50000
07252P,台灣50凱基99售01,0,0,0,0,0,0,0,0,0,-50000,0,0,0,0,50000,-50000,-50000
07451P,鴻海元大9B售01  ,0,0,0,0,0,0,0,0,0,-50000,0,0,0,0,50000,-50000,-50000
063826,中興電國票01購01,0,0,0,0,0,0,0,0,0,-50000,0,0,0,0,50000,-50000,-50000
064058,儒鴻麥證01購01  ,0,0,0,0,50000,-50000,0,0,0,-50000,0,0,0,0,50000,-50000,-50000
064061,GIS麥證01購01   ,0,0,0,0,50000,-50000,0,0,0,-50000,0,0,0,0,50000,-50000,-50000
063681,深中小永豐9B購01,0,0,0,0,0,0,0,0,0,-50000,0,0,0,0,50000,-50000,-50000
063614,美食群益9B購03  ,0,0,0,0,0,0,0,0,0,-50000,0,0,0,0,50000,-50000,-50000
063472,茂林元大9B購04  ,0,0,0,0,0,0,0,0,0,-50000,0,0,0,50000,100000,-50000,-50000
063498,金像電永豐9B購02,0,0,0,0,0,0,0,0,0,-50000,0,0,0,0,50000,-50000,-50000
053849,聯發科元富96購04,0,0,0,0,0,0,0,0,0,-50000,0,0,0,0,50000,-50000,-50000
055561,奇鋐凱基97購01  ,0,0,0,0,0,0,0,0,0,-50000,0,0,0,0,50000,-50000,-50000
052420,道瓊反國票9B購01,0,0,0,0,0,0,0,0,0,-50000,0,0,0,0,50000,-50000,-50000
053092,台表科元大97購02,0,0,0,0,0,0,0,0,0,-50000,0,0,0,0,50000,-50000,-50000
03648C,T50反1元大96牛07,0,0,0,0,0,0,0,0,0,-50000,0,0,0,0,50000,-50000,-50000
041990,A50正2國票97購01,0,0,0,0,0,0,0,0,0,-50000,0,0,0,0,50000,-50000,-50000
054149,達方元大96購01  ,0,0,0,0,0,0,0,0,0,-50000,0,0,0,0,50000,-50000,-50000
050378,上証2X群益98購02,0,0,0,0,0,0,0,0,0,-50000,0,0,0,200000,250000,-50000,-50000
056549,嘉聯益凱基98購04,0,0,0,0,0,0,0,0,0,-50000,0,0,0,0,50000,-50000,-50000
056574,亞光元大99購03  ,0,0,0,0,0,0,0,0,0,-50000,0,0,0,68000,118000,-50000,-50000
056475,宏達電元大99購02,0,0,0,0,0,0,0,0,0,-50000,0,0,0,44000,94000,-50000,-50000
056366,玉晶光元大99購04,0,0,0,0,0,0,0,0,0,-50000,0,0,0,18000,68000,-50000,-50000
056774,和鑫元大98購01  ,0,0,0,0,0,0,0,0,0,-50000,0,0,0,0,50000,-50000,-50000
054856,得力群益99購01  ,0,0,0,0,0,0,0,0,0,-50000,0,0,0,0,50000,-50000,-50000
054626,建準凱基98購01  ,0,0,0,0,0,0,0,0,0,-50000,0,0,0,0,50000,-50000,-50000
055845,大立光元大97購08,0,0,0,0,0,0,0,0,0,-50000,0,0,0,0,50000,-50000,-50000
055187,彩晶統一98購01  ,0,0,0,0,0,0,0,0,0,-50000,0,0,0,0,50000,-50000,-50000
055182,京鼎統一98購01  ,0,0,0,0,0,0,0,0,0,-50000,0,0,0,0,50000,-50000,-50000
055255,欣興統一97購02  ,0,0,0,0,0,0,0,0,0,-50000,0,0,0,0,50000,-50000,-50000
058978,SGBR2X凱基9A購03,0,0,0,0,0,0,0,0,0,-50000,0,0,0,0,50000,-50000,-50000
058895,鴻海元大99購20  ,0,0,0,0,0,0,0,0,0,-50000,0,0,0,0,50000,-50000,-50000
060296,和碩元大9A購01  ,0,0,0,0,0,0,0,0,0,-50000,0,0,0,0,50000,-50000,-50000
060333,金寶康和9A購01  ,0,0,0,0,0,0,0,0,0,-50000,0,0,0,0,50000,-50000,-50000
060180,上証2X元富9A購02,0,0,0,0,0,0,0,0,0,-50000,0,0,0,0,50000,-50000,-50000
060471,台勝科元大9B購01,0,0,0,0,0,0,0,0,0,-50000,0,0,0,0,50000,-50000,-50000
060522,鴻海中信9A購03  ,0,0,0,0,0,0,0,0,0,-50000,0,0,0,51000,101000,-50000,-50000
060339,國巨統一01購01  ,0,0,0,0,0,0,0,0,0,-50000,0,0,0,50000,100000,-50000,-50000
05844P,旺宏元大96售07  ,0,0,0,0,0,0,0,0,0,-50000,0,0,0,0,50000,-50000,-50000
058503,鴻海元大99購14  ,0,0,0,0,0,0,0,0,0,-50000,0,0,0,0,50000,-50000,-50000
058184,鴻海永豐99購01  ,0,0,0,0,0,0,0,0,0,-50000,0,0,0,0,50000,-50000,-50000
059473,T50反1群益99購03,0,0,0,0,0,0,0,0,0,-50000,0,0,0,0,50000,-50000,-50000
05947P,大成鋼元大96售03,0,0,0,0,0,0,0,0,0,-50000,0,0,0,0,50000,-50000,-50000
059815,SP黃豆凱基9A購03,0,0,0,0,0,0,0,0,0,-50000,0,0,0,0,50000,-50000,-50000
060020,康控康和99購01  ,0,0,0,0,0,0,0,0,0,-50000,0,0,0,137000,187000,-50000,-50000
060032,利勤永豐99購01  ,0,0,0,0,0,0,0,0,0,-50000,0,0,0,70000,120000,-50000,-50000
057869,大立光凱基99購01,0,0,0,0,0,0,0,0,0,-50000,0,0,0,0,50000,-50000,-50000
057879,電子類元大99購02,0,0,0,0,0,0,0,0,0,-50000,0,0,0,5000,55000,-50000,-50000
057963,緯穎元大98購08  ,0,0,0,0,0,0,0,0,0,-50000,0,0,0,0,50000,-50000,-50000
057228,友達凱基9B購01  ,0,0,0,0,0,0,0,0,0,-50000,0,0,0,0,50000,-50000,-50000
061527,牧德凱基9A購02  ,0,0,0,0,0,0,0,0,0,-50000,0,0,0,10000,60000,-50000,-50000
061432,世紀鋼元大9A購05,0,0,0,0,0,0,0,0,0,-50000,0,0,0,202000,252000,-50000,-50000
062730,致伸凱基9B購01  ,0,0,0,0,0,0,0,0,0,-50000,0,0,0,35000,85000,-50000,-50000
062608,智易凱基9B購01  ,0,0,0,0,0,0,0,0,0,-50000,0,0,0,82000,132000,-50000,-50000
062571,臺指反群益9B購04,0,0,0,0,0,0,0,0,0,-50000,0,0,0,0,50000,-50000,-50000
062134,國巨群益9B購04  ,0,0,0,0,0,0,0,0,0,-50000,0,0,0,10000,60000,-50000,-50000
062187,台勝科元大9B購02,0,0,0,0,0,0,0,0,0,-50000,0,0,0,0,50000,-50000,-50000
062393,智邦富邦9B購01  ,0,0,0,0,0,0,0,0,0,-50000,0,0,0,128000,178000,-50000,-50000
063276,和大元大9B購01  ,0,0,0,0,0,0,0,0,0,-50000,0,0,0,0,50000,-50000,-50000
063242,聯發科元大9B購19,0,0,0,0,0,0,0,0,0,-50000,0,0,0,0,50000,-50000,-50000
063312,台積電群益9B購07,0,0,0,0,0,0,0,0,0,-50000,0,0,0,9000,59000,-50000,-50000
063409,GIS國票9C購02   ,0,0,0,0,0,0,0,0,0,-50000,0,0,0,21000,71000,-50000,-50000
062868,葡萄王中信9B購01,0,0,0,0,0,0,0,0,0,-50000,0,0,0,0,50000,-50000,-50000
063550,可成國票9C購01  ,0,0,0,0,0,0,0,0,0,-51000,0,0,0,37000,88000,-51000,-51000
063704,麗豐群益9B購01  ,0,0,0,0,0,0,0,0,0,-51000,0,0,0,2000,53000,-51000,-51000
064084,群創中信06購02  ,0,0,0,0,0,0,0,0,0,-51000,0,0,0,0,51000,-51000,-51000
063918,復盛凱基9C購01  ,0,0,0,0,0,0,0,0,0,-51000,0,0,0,30000,81000,-51000,-51000
06885P,國巨國票99售06  ,0,0,0,0,0,0,0,0,0,-51000,0,0,0,9000,60000,-51000,-51000
06696P,台灣50國票99售01,0,0,0,0,0,0,0,0,0,-51000,0,0,0,0,51000,-51000,-51000
08259P,華新科元大9C售04,0,0,0,0,0,0,0,0,0,-51000,0,0,0,0,51000,-51000,-51000
08189P,超眾群益9B售04  ,0,0,0,0,0,0,0,0,0,-51000,0,0,0,0,51000,-51000,-51000
2425,承啟            ,31000,83000,-52000,0,0,0,0,0,0,1000,1000,0,1000,0,0,0,-51000
1451,年興            ,28000,78000,-50000,0,0,0,0,0,0,-1000,0,1000,-1000,0,0,0,-51000
056268,新日興統一97購01,0,0,0,0,0,0,0,0,0,-51000,0,0,0,0,51000,-51000,-51000
057981,臻鼎永豐98購01  ,0,0,0,0,0,0,0,0,0,-51000,0,0,0,0,51000,-51000,-51000
059883,T50反1國票99購02,0,0,0,0,0,0,0,0,0,-51000,0,0,0,0,51000,-51000,-51000
058358,技嘉凱基9A購01  ,0,0,0,0,0,0,0,0,0,-51000,0,0,0,38000,89000,-51000,-51000
058063,旺宏中信98購04  ,0,0,0,0,0,0,0,0,0,-51000,0,0,0,0,51000,-51000,-51000
057101,新光金中信9A購01,0,0,0,0,0,0,0,0,0,-51000,0,0,0,0,51000,-51000,-51000
060452,儒鴻元大9A購01  ,0,0,0,0,0,0,0,0,0,-51000,0,0,0,129000,180000,-51000,-51000
057134,茂林凱基98購02  ,0,0,0,0,0,0,0,0,0,-51000,0,0,0,0,51000,-51000,-51000
063028,巨大元大9B購02  ,0,0,0,0,0,0,0,0,0,-51000,0,0,0,10000,61000,-51000,-51000
062547,玉晶光永豐9B購05,0,0,0,0,0,0,0,0,0,-51000,0,0,0,0,51000,-51000,-51000
061555,聯電國票9B購01  ,0,0,0,0,0,0,0,0,0,-51000,0,0,0,20000,71000,-51000,-51000
061781,台積電群益9C購01,0,0,0,0,0,0,0,0,0,-51000,0,0,0,26000,77000,-51000,-51000
061847,力山國票9B購01  ,0,0,0,0,0,0,0,0,0,-51000,0,0,0,10000,61000,-51000,-51000
6155,鈞寶            ,27000,78000,-51000,0,0,0,0,0,0,0,0,0,0,0,0,0,-51000
06633P,國巨國票99售01  ,0,0,0,0,0,0,0,0,0,-52000,0,0,0,3000,55000,-52000,-52000
063962,台達電國票01購01,0,0,0,0,0,0,0,0,0,-52000,0,0,0,37000,89000,-52000,-52000
063849,奇鋐元大9C購01  ,0,0,0,0,0,0,0,0,0,-52000,0,0,0,0,52000,-52000,-52000
055647,義隆元富97購01  ,0,0,0,0,0,0,0,0,0,-52000,0,0,0,0,52000,-52000,-52000
051485,玉晶光凱基97購02,0,0,0,0,0,0,0,0,0,-52000,0,0,0,60000,112000,-52000,-52000
053640,上緯控永豐96購01,0,0,0,0,0,0,0,0,0,-52000,0,0,0,75000,127000,-52000,-52000
060412,儒鴻永豐9A購01  ,0,0,0,0,0,0,0,0,0,-52000,0,0,0,50000,102000,-52000,-52000
057072,日月光永豐98購01,0,0,0,0,0,0,0,0,0,-52000,0,0,0,47000,99000,-52000,-52000
057647,欣興元大98購10  ,0,0,0,0,0,0,0,0,0,-52000,0,0,0,118000,170000,-52000,-52000
058698,華通元大99購05  ,0,0,0,0,0,0,0,0,0,-52000,0,0,0,49000,101000,-52000,-52000
061927,玉晶光凱基9C購01,0,0,0,0,0,0,0,0,0,-52000,0,0,0,0,52000,-52000,-52000
060955,大立光群益9A購02,0,0,0,0,0,0,0,0,0,-52000,0,0,0,48000,100000,-52000,-52000
060815,茂林凱基9B購01  ,0,0,0,0,0,0,0,0,0,-52000,0,0,0,12000,64000,-52000,-52000
063428,矽創凱基9B購02  ,0,0,0,0,0,0,0,0,0,-52000,0,0,0,20000,72000,-52000,-52000
063140,聯發科統一9B購08,0,0,0,0,0,0,0,0,0,-52000,0,0,0,10000,62000,-52000,-52000
063543,技嘉台新9B購02  ,0,0,0,0,0,0,0,0,0,-53000,0,0,0,24000,77000,-53000,-53000
2380,虹光            ,0,53000,-53000,0,0,0,0,0,0,0,0,0,0,0,0,0,-53000
3376,新日興          ,378000,376000,2000,0,0,0,0,1000,-1000,-54000,5000,62000,-57000,13000,10000,3000,-53000
07903P,台積電群益9B售03,0,0,0,0,0,0,0,0,0,-53000,0,0,0,3000,56000,-53000,-53000
07865P,可成元大9B售02  ,0,0,0,0,0,0,0,0,0,-53000,0,0,0,0,53000,-53000,-53000
07660P,聯茂凱基9A售03  ,0,0,0,0,0,0,0,0,0,-53000,0,0,0,0,53000,-53000,-53000
051728,道瓊反國票97購01,0,0,0,0,0,0,0,0,0,-53000,0,0,0,0,53000,-53000,-53000
00770,國泰北美科技    ,0,0,0,0,0,0,0,0,0,-53000,0,0,0,13000,66000,-53000,-53000
056376,玉晶光統一98購01,0,0,0,0,0,0,0,0,0,-53000,0,0,0,1499000,1552000,-53000,-53000
054742,京鼎凱基99購01  ,0,0,0,0,0,0,0,0,0,-53000,0,0,0,26000,79000,-53000,-53000
057638,上銀元大99購01  ,0,0,0,0,0,0,0,0,0,-53000,0,0,0,0,53000,-53000,-53000
057946,晶相光國票99購01,0,0,0,0,0,0,0,0,0,-53000,0,0,0,0,53000,-53000,-53000
062572,元金反群益9C購01,0,0,0,0,0,0,0,0,0,-53000,0,0,0,0,53000,-53000,-53000
062593,健策統一9B購03  ,0,0,0,0,0,0,0,0,0,-53000,0,0,0,5000,58000,-53000,-53000
061422,台積電元大9A購30,0,0,0,0,0,0,0,0,0,-53000,0,0,0,5000,58000,-53000,-53000
063521,國巨凱基03購01  ,0,0,0,0,0,0,0,0,0,-54000,0,0,0,3000,57000,-54000,-54000
063664,漢唐統一9C購01  ,0,0,0,0,0,0,0,0,0,-54000,0,0,0,0,54000,-54000,-54000
055257,景碩統一97購01  ,0,0,0,0,0,0,0,0,0,-54000,0,0,0,80000,134000,-54000,-54000
059138,台積電兆豐99購04,0,0,0,0,0,0,0,0,0,-54000,0,0,0,6000,60000,-54000,-54000
050515,聯電元大96購01  ,0,0,0,0,0,0,0,0,0,-54000,0,0,0,42000,96000,-54000,-54000
053865,欣興元大97購02  ,0,0,0,0,0,0,0,0,0,-54000,0,0,0,1000,55000,-54000,-54000
057941,聯電國票99購01  ,0,0,0,0,0,0,0,0,0,-54000,0,0,0,95000,149000,-54000,-54000
057980,聯詠永豐98購01  ,0,0,0,0,0,0,0,0,0,-54000,0,0,0,0,54000,-54000,-54000
057491,美食元大98購03  ,0,0,0,0,0,0,0,0,0,-54000,0,0,0,62000,116000,-54000,-54000
058555,矽創永豐9A購01  ,0,0,0,0,0,0,0,0,0,-54000,0,0,0,0,54000,-54000,-54000
059931,緯穎富邦9A購01  ,0,0,0,0,0,0,0,0,0,-54000,0,0,0,6000,60000,-54000,-54000
059219,旺宏元大99購12  ,0,0,0,0,0,0,0,0,0,-54000,0,0,0,3000,57000,-54000,-54000
059728,聯鈞元大99購01  ,0,0,0,0,0,0,0,0,0,-54000,0,0,0,10000,64000,-54000,-54000
061446,鴻海中信04購01  ,0,0,0,0,0,0,0,0,0,-54000,0,0,0,11000,65000,-54000,-54000
062047,緯穎凱基9B購01  ,0,0,0,0,0,0,0,0,0,-54000,0,0,0,10000,64000,-54000,-54000
061611,南六統一01購01  ,0,0,0,0,0,0,0,0,0,-54000,0,0,0,32000,86000,-54000,-54000
062451,瀚宇博元大9B購02,0,0,0,0,0,0,0,0,0,-54000,0,0,0,15000,69000,-54000,-54000
062263,康控元大9B購03  ,0,0,0,0,0,0,0,0,0,-54000,0,0,0,205000,259000,-54000,-54000
062967,上銀元富9B購01  ,0,0,0,0,0,0,0,0,0,-54000,0,0,0,9000,63000,-54000,-54000
07545P,玉晶光凱基9A售07,0,0,0,0,0,0,0,0,0,-55000,0,0,0,15000,70000,-55000,-55000
07931P,國巨元大9B售03  ,0,0,0,0,0,0,0,0,0,-55000,0,0,0,0,55000,-55000,-55000
07939P,台積電統一9B售14,0,0,0,0,0,0,0,0,0,-55000,0,0,0,0,55000,-55000,-55000
08178P,南亞科元大9B售01,0,0,0,0,0,0,0,0,0,-55000,0,0,0,5000,60000,-55000,-55000
08174P,國巨統一9B售17  ,0,0,0,0,0,0,0,0,0,-55000,0,0,0,0,55000,-55000,-55000
056684,旺宏統一98購02  ,0,0,0,0,0,0,0,0,0,-55000,0,0,0,0,55000,-55000,-55000
053637,強茂永豐96購01  ,0,0,0,0,0,0,0,0,0,-55000,0,0,0,50000,105000,-55000,-55000
053232,友達永豐97購02  ,0,0,0,0,0,0,0,0,0,-55000,0,0,0,0,55000,-55000,-55000
05272P,臻鼎中信97售03  ,0,0,0,0,0,0,0,0,0,-55000,0,0,0,70000,125000,-55000,-55000
051375,道瓊反群益9A購01,0,0,0,0,0,0,0,0,0,-55000,0,0,0,0,55000,-55000,-55000
058782,臺股指國票99購01,0,0,0,0,0,0,0,0,0,-55000,0,0,0,20000,75000,-55000,-55000
058250,台虹元大99購01  ,0,0,0,0,0,0,0,0,0,-55000,0,0,0,10000,65000,-55000,-55000
058516,健鼎元大99購02  ,0,0,0,0,0,0,0,0,0,-55000,0,0,0,100000,155000,-55000,-55000
060415,葡萄王永豐9A購01,0,0,0,0,0,0,0,0,0,-55000,0,0,0,0,55000,-55000,-55000
060479,億豐元大9A購01  ,0,0,0,0,0,0,0,0,0,-55000,0,0,0,0,55000,-55000,-55000
059964,元金2X凱基99購02,0,0,0,0,0,0,0,0,0,-55000,0,0,0,45000,100000,-55000,-55000
058639,南電兆豐99購01  ,0,0,0,0,0,0,0,0,0,-55000,0,0,0,54000,109000,-55000,-55000
057234,宏達電凱基98購05,0,0,0,0,0,0,0,0,0,-55000,0,0,0,0,55000,-55000,-55000
060133,牧德群益9B購01  ,0,0,0,0,0,0,0,0,0,-55000,0,0,0,10000,65000,-55000,-55000
062363,燿華元大9B購03  ,0,0,0,0,0,0,0,0,0,-55000,0,0,0,103000,158000,-55000,-55000
062068,滬深2X元大9B購02,0,0,0,0,0,0,0,0,0,-55000,0,0,0,0,55000,-55000,-55000
062089,矽創元大9B購02  ,0,0,0,0,0,0,0,0,0,-55000,0,0,0,72000,127000,-55000,-55000
061440,台灣50永豐9A購04,0,0,0,0,0,0,0,0,0,-55000,0,0,0,0,55000,-55000,-55000
060926,宏達電永豐9A購01,0,0,0,0,0,0,0,0,0,-55000,0,0,0,0,55000,-55000,-55000
07851P,聯發科國票9A售05,0,0,0,0,0,0,0,0,0,-56000,0,0,0,34000,90000,-56000,-56000
2374,佳能            ,2000,58000,-56000,0,0,0,0,0,0,0,0,0,0,0,0,0,-56000
056543,京鼎凱基98購01  ,0,0,0,0,0,0,0,0,0,-56000,0,0,0,112000,168000,-56000,-56000
055684,京鼎凱基97購01  ,0,0,0,0,0,0,0,0,0,-56000,0,0,0,0,56000,-56000,-56000
055917,禾伸堂凱基98購02,0,0,0,0,0,0,0,0,0,-56000,0,0,0,44000,100000,-56000,-56000
060089,台積電元大99購54,0,0,0,0,0,0,0,0,0,-56000,0,0,0,0,56000,-56000,-56000
057890,滬深反統一98購01,0,0,0,0,0,0,0,0,0,-56000,0,0,0,0,56000,-56000,-56000
058730,玉晶光永豐9A購01,0,0,0,0,0,0,0,0,0,-56000,0,0,0,45000,101000,-56000,-56000
057763,康控凱基99購02  ,0,0,0,0,0,0,0,0,0,-56000,0,0,0,0,56000,-56000,-56000
060337,FBVIX統一9A購01 ,0,0,0,0,0,0,0,0,0,-56000,0,0,0,80000,136000,-56000,-56000
060308,劍麟永豐9A購01  ,0,0,0,0,0,0,0,0,0,-56000,0,0,0,129000,185000,-56000,-56000
057057,立積元大9A購01  ,0,0,0,0,0,0,0,0,0,-56000,0,0,0,45000,101000,-56000,-56000
056971,麗豐永豐98購01  ,0,0,0,0,0,0,0,0,0,-56000,0,0,0,12000,68000,-56000,-56000
061069,嘉聯益凱基9A購01,0,0,0,0,0,0,0,0,0,-56000,0,0,0,80000,136000,-56000,-56000
061346,玉晶光元大9B購03,0,0,0,0,0,0,0,0,0,-56000,0,0,0,15000,71000,-56000,-56000
061941,道瓊指群益9B購01,0,0,0,0,0,0,0,0,0,-56000,0,0,0,0,56000,-56000,-56000
061950,日月光群益9B購01,0,0,0,0,0,0,0,0,0,-56000,0,0,0,17000,73000,-56000,-56000
062235,億光凱基9B購01  ,0,0,0,0,0,0,0,0,0,-56000,0,0,0,0,56000,-56000,-56000
063091,聯電中信9B購01  ,0,0,0,0,0,0,0,0,0,-56000,0,0,0,104000,160000,-56000,-56000
07457P,宏達電元大9A售01,0,0,0,0,0,0,0,0,0,-57000,0,0,0,14000,71000,-57000,-57000
07264P,台積電元大99售38,0,0,0,0,0,0,0,0,0,-57000,0,0,0,99000,156000,-57000,-57000
05887P,友達元富99售03  ,0,4000,-4000,0,0,0,0,0,0,-53000,0,0,0,4000,57000,-53000,-57000
053506,南茂兆豐97購01  ,0,0,0,0,0,0,0,0,0,-57000,0,0,0,0,57000,-57000,-57000
055527,旺宏群益99購03  ,0,0,0,0,0,0,0,0,0,-57000,0,0,0,82000,139000,-57000,-57000
058377,茂林凱基9A購03  ,0,0,0,0,0,0,0,0,0,-57000,0,0,0,15000,72000,-57000,-57000
059665,嘉聯益元大99購06,0,0,0,0,0,0,0,0,0,-57000,0,0,0,5000,62000,-57000,-57000
057662,上銀元大9A購01  ,0,0,0,0,0,0,0,0,0,-57000,0,0,0,3000,60000,-57000,-57000
060009,南亞科群益99購03,0,0,0,0,0,0,0,0,0,-57000,0,0,0,119000,176000,-57000,-57000
063391,南電兆豐9C購01  ,0,0,0,0,0,0,0,0,0,-57000,0,0,0,17000,74000,-57000,-57000
061789,群創群益9B購01  ,0,0,0,0,0,0,0,0,0,-57000,0,0,0,5000,62000,-57000,-57000
07305P,T50正2群益99售02,0,0,0,0,0,0,0,0,0,-58000,0,0,0,0,58000,-58000,-58000
06824P,台灣50國票99售02,0,0,0,0,0,0,0,0,0,-58000,0,0,0,12000,70000,-58000,-58000
063721,道瓊銀元大9B購03,0,0,0,0,0,0,0,0,0,-58000,0,0,0,63000,121000,-58000,-58000
063473,茂林元大9B購05  ,0,0,0,0,0,0,0,0,0,-58000,0,0,0,50000,108000,-58000,-58000
3036,文曄            ,597000,597000,0,0,0,0,0,0,0,-58000,52000,159000,-107000,55000,6000,49000,-58000
2855,統一證          ,257000,315000,-58000,0,0,0,0,0,0,0,0,0,0,0,0,0,-58000
055421,玉晶光永豐98購04,0,0,0,0,0,0,0,0,0,-58000,0,0,0,15000,73000,-58000,-58000
055817,京鼎國票99購01  ,0,0,0,0,0,0,0,0,0,-58000,0,0,0,0,58000,-58000,-58000
058571,緯穎凱基9A購02  ,0,0,0,0,0,0,0,0,0,-58000,0,0,0,20000,78000,-58000,-58000
058616,台虹元大9A購01  ,0,0,0,0,0,0,0,0,0,-58000,0,0,0,73000,131000,-58000,-58000
057747,致新永豐98購01  ,0,0,0,0,0,0,0,0,0,-58000,0,0,0,66000,124000,-58000,-58000
057809,英業達元大98購01,0,0,0,0,0,0,0,0,0,-58000,0,0,0,76000,134000,-58000,-58000
057189,康控元大98購02  ,0,0,0,0,0,0,0,0,0,-58000,0,0,0,110000,168000,-58000,-58000
061121,智邦永豐9A購02  ,0,0,0,0,0,0,0,0,0,-58000,0,0,0,54000,112000,-58000,-58000
06240P,奇力新元富97售03,0,0,0,0,0,0,0,0,0,-58000,0,0,0,45000,103000,-58000,-58000
4536,拓凱            ,27000,50000,-23000,0,0,0,20000,0,20000,-55000,0,55000,-55000,0,0,0,-58000
1507,永大            ,8000,53000,-45000,0,0,0,0,0,0,-14000,0,14000,-14000,0,0,0,-59000
08026P,臺股指凱基9B售12,0,0,0,0,0,0,0,0,0,-59000,0,0,0,4000,63000,-59000,-59000
07981P,上銀群益9B售04  ,0,0,0,0,0,0,0,0,0,-59000,0,0,0,15000,74000,-59000,-59000
08229P,祥碩國票9B售04  ,0,0,0,0,0,0,0,0,0,-59000,0,0,0,70000,129000,-59000,-59000
052317,台積電元大96購11,0,0,0,0,0,0,0,0,0,-59000,0,0,0,5000,64000,-59000,-59000
060237,友達元大9A購06  ,0,0,0,0,0,0,0,0,0,-59000,0,0,0,42000,101000,-59000,-59000
057824,日月光元大98購01,0,0,0,0,0,0,0,0,0,-59000,0,0,0,98000,157000,-59000,-59000
058625,旺宏國票9A購01  ,0,0,0,0,0,0,0,0,0,-59000,0,0,0,37000,96000,-59000,-59000
057727,華邦電國泰9A購01,0,0,0,0,0,0,0,0,0,-59000,0,0,0,98000,157000,-59000,-59000
057629,泰碩永豐98購02  ,0,0,0,0,0,0,0,0,0,-59000,0,0,0,91000,150000,-59000,-59000
057888,貿聯群益98購02  ,0,0,0,0,0,0,0,0,0,-59000,0,0,0,51000,110000,-59000,-59000
059282,嘉聯益永豐99購01,0,0,0,0,0,0,0,0,0,-59000,0,0,0,30000,89000,-59000,-59000
062449,臻鼎元大9B購01  ,0,0,0,0,0,0,0,0,0,-59000,0,0,0,50000,109000,-59000,-59000
062184,奇鋐元大9B購02  ,0,0,0,0,0,0,0,0,0,-59000,0,0,0,61000,120000,-59000,-59000
063395,金像電群益9B購02,0,0,0,0,0,0,0,0,0,-59000,0,0,0,18000,77000,-59000,-59000
061985,富邦金元大9B購01,0,0,0,0,0,0,0,0,0,-59000,0,0,0,11000,70000,-59000,-59000
2412,中華電          ,1216000,1411451,-195451,0,0,0,96000,0,96000,40000,40000,0,40000,0,0,0,-59451
08268P,臺股指元大9C售06,0,0,0,0,0,0,0,0,0,-60000,0,0,0,0,60000,-60000,-60000
08287P,茂林凱基9C售02  ,0,0,0,0,0,0,0,0,0,-60000,0,0,0,10000,70000,-60000,-60000
08176P,國巨元大9B售20  ,0,0,0,0,0,0,0,0,0,-60000,0,0,0,0,60000,-60000,-60000
07926P,上銀統一9B售02  ,0,0,0,0,0,0,0,0,0,-60000,0,0,0,0,60000,-60000,-60000
07524P,臺股指中信9B售06,0,0,0,0,0,0,0,0,0,-60000,0,0,0,0,60000,-60000,-60000
07731P,臺股指凱基9A售28,0,0,0,0,0,0,0,0,0,-60000,0,0,0,39000,99000,-60000,-60000
063548,同欣電兆豐9B購01,0,0,0,0,0,0,0,0,0,-60000,0,0,0,40000,100000,-60000,-60000
063710,光寶科凱基9C購01,0,0,0,0,0,0,0,0,0,-60000,0,0,0,4000,64000,-60000,-60000
06849P,欣興元大98售12  ,0,0,0,0,0,0,0,0,0,-60000,0,0,0,0,60000,-60000,-60000
055490,台光電元大97購01,0,0,0,0,0,0,0,0,0,-60000,0,0,0,0,60000,-60000,-60000
055398,超眾統一97購03  ,0,0,0,0,0,0,0,0,0,-60000,0,0,0,54000,114000,-60000,-60000
055569,聚陽統一98購01  ,0,0,0,0,0,0,0,0,0,-60000,0,0,0,40000,100000,-60000,-60000
053280,群創元大9C購01  ,0,0,0,0,0,0,0,0,0,-60000,0,0,0,0,60000,-60000,-60000
053316,友達群益9A購01  ,0,0,0,0,0,0,0,0,0,-60000,0,0,0,35000,95000,-60000,-60000
053433,友達日盛99購06  ,0,0,0,0,0,0,0,0,0,-60000,0,0,0,0,60000,-60000,-60000
056229,可成凱基97購04  ,0,0,0,0,0,0,0,0,0,-60000,0,0,0,0,60000,-60000,-60000
054625,旺宏凱基98購03  ,0,0,0,0,0,0,0,0,0,-60000,0,0,0,0,60000,-60000,-60000
058828,大毅永豐99購01  ,0,0,0,0,0,0,0,0,0,-60000,0,0,0,0,60000,-60000,-60000
055019,福懋科元富97購01,0,0,0,0,0,0,0,0,0,-60000,0,0,0,0,60000,-60000,-60000
057280,大立光元大98購15,0,0,0,0,0,0,0,0,0,-60000,0,0,0,0,60000,-60000,-60000
058617,南電元大99購01  ,0,0,0,0,0,0,0,0,0,-60000,0,0,0,51000,111000,-60000,-60000
059242,南亞科凱基99購06,0,0,0,0,0,0,0,0,0,-60000,0,0,0,90000,150000,-60000,-60000
060384,葡萄王凱基9B購01,0,0,0,0,0,0,0,0,0,-60000,0,0,0,0,60000,-60000,-60000
059743,開發金元富99購01,0,0,0,0,0,0,0,0,0,-60000,0,0,0,10000,70000,-60000,-60000
057066,緯穎富邦99購01  ,0,0,0,0,0,0,0,0,0,-60000,0,0,0,0,60000,-60000,-60000
061998,緯穎元大9B購03  ,0,0,0,0,0,0,0,0,0,-60000,0,0,0,35000,95000,-60000,-60000
061932,上銀國票9B購01  ,0,0,0,0,0,0,0,0,0,-60000,0,0,0,0,60000,-60000,-60000
061563,群創國票9B購02  ,0,0,0,0,0,0,0,0,0,-60000,0,0,0,0,60000,-60000,-60000
061211,玉晶光元大9A購12,0,0,0,0,0,0,0,0,0,-60000,0,0,0,0,60000,-60000,-60000
061267,玉山金凱基9B購01,0,0,0,0,0,0,0,0,0,-60000,0,0,0,0,60000,-60000,-60000
063394,金像電群益9B購01,0,0,0,0,0,0,0,0,0,-60000,0,0,0,9000,69000,-60000,-60000
062450,臻鼎元大9B購02  ,0,0,0,0,0,0,0,0,0,-60000,0,0,0,8000,68000,-60000,-60000
062433,上銀元大9B購05  ,0,0,0,0,0,0,0,0,0,-60000,0,0,0,0,60000,-60000,-60000
06865P,亞德客元大98售04,0,0,0,0,0,0,0,0,0,-61000,0,0,0,0,61000,-61000,-61000
06748P,智邦台新98售02  ,0,0,0,0,0,0,0,0,0,-61000,0,0,0,30000,91000,-61000,-61000
06698P,玉晶光國票99售05,0,0,0,0,0,0,0,0,0,-61000,0,0,0,7000,68000,-61000,-61000
063444,金像電統一03購01,0,0,0,0,0,0,0,0,0,-61000,0,0,0,0,61000,-61000,-61000
064034,台表科元大9C購07,0,0,0,0,0,0,0,0,0,-61000,0,0,0,139000,200000,-61000,-61000
07757P,國巨國票9B售04  ,0,0,0,0,0,0,0,0,0,-61000,0,0,0,0,61000,-61000,-61000
08114P,國巨凱基9B售11  ,0,0,0,0,0,0,0,0,0,-61000,0,0,0,0,61000,-61000,-61000
08285P,國巨凱基9C售07  ,0,0,0,0,0,0,0,0,0,-61000,0,0,0,0,61000,-61000,-61000
2882A,國泰特          ,9000,0,9000,0,0,0,0,0,0,-70000,1000,71000,-70000,0,0,0,-61000
056058,建準元大97購02  ,0,0,0,0,0,0,0,0,0,-61000,0,0,0,14000,75000,-61000,-61000
053400,緯穎中信9A購01  ,0,0,0,0,0,0,0,0,0,-61000,0,0,0,0,61000,-61000,-61000
063371,南亞科永豐9B購01,0,0,0,0,0,0,0,0,0,-61000,0,0,0,33000,94000,-61000,-61000
062029,牧德群益9B購03  ,0,0,0,0,0,0,0,0,0,-61000,0,0,0,0,61000,-61000,-61000
08231P,上銀元富9B售10  ,0,0,0,0,0,0,0,0,0,-62000,0,0,0,0,62000,-62000,-62000
07669P,華新科元大9A售14,0,0,0,0,0,0,0,0,0,-62000,0,0,0,3000,65000,-62000,-62000
056403,茂林群益98購01  ,0,0,0,0,0,0,0,0,0,-62000,0,0,0,84000,146000,-62000,-62000
058484,元金2X國票04購01,0,0,0,0,0,0,0,0,0,-62000,0,0,0,0,62000,-62000,-62000
057078,國巨統一9A購02  ,0,0,0,0,0,0,0,0,0,-62000,0,0,0,0,62000,-62000,-62000
060404,台勝科國泰9B購01,0,0,0,0,0,0,0,0,0,-62000,0,0,0,30000,92000,-62000,-62000
059957,中信金康和99購01,0,0,0,0,0,0,0,0,0,-62000,0,0,0,5000,67000,-62000,-62000
057572,明泰永豐98購01  ,0,0,0,0,0,0,0,0,0,-62000,0,0,0,0,62000,-62000,-62000
062813,台積電兆豐9B購01,0,0,0,0,0,0,0,0,0,-62000,0,0,0,0,62000,-62000,-62000
062829,泰碩群益9B購01  ,0,0,0,0,0,0,0,0,0,-62000,0,0,0,298000,360000,-62000,-62000
062464,T50反1凱基9C購03,0,0,0,0,0,0,0,0,0,-62000,0,0,0,0,62000,-62000,-62000
07487P,鴻海國票9A售01  ,0,0,0,0,0,0,0,0,0,-63000,0,0,0,5000,68000,-63000,-63000
063458,正隆元大9B購01  ,0,0,0,0,0,0,0,0,0,-63000,0,0,0,10000,73000,-63000,-63000
06936P,瑞儀元大98售01  ,0,0,0,0,0,0,0,0,0,-63000,0,0,0,0,63000,-63000,-63000
056004,南電永豐97購02  ,0,0,0,0,0,0,0,0,0,-63000,0,0,0,0,63000,-63000,-63000
054882,台光電統一97購02,0,0,0,0,0,0,0,0,0,-63000,0,0,0,0,63000,-63000,-63000
058763,和碩群益99購01  ,0,0,0,0,0,0,0,0,0,-63000,0,0,0,0,63000,-63000,-63000
060478,南電元大9A購01  ,0,0,0,0,0,0,0,0,0,-63000,0,0,0,18000,81000,-63000,-63000
063299,金寶凱基9B購01  ,0,0,0,0,0,0,0,0,0,-63000,0,0,0,50000,113000,-63000,-63000
062022,緯穎永豐9B購01  ,0,0,0,0,0,0,0,0,0,-63000,0,0,0,33000,96000,-63000,-63000
061438,牧德凱基9B購02  ,0,0,0,0,0,0,0,0,0,-63000,0,0,0,0,63000,-63000,-63000
06718P,聯詠元大98售01  ,0,0,0,0,0,0,0,0,0,-64000,0,0,0,0,64000,-64000,-64000
07744P,奇力新凱基9A售05,0,0,0,0,0,0,0,0,0,-64000,0,0,0,0,64000,-64000,-64000
08202P,台表科國泰01售04,0,0,0,0,0,0,0,0,0,-64000,0,0,0,20000,84000,-64000,-64000
08221P,台表科凱基9B售05,0,0,0,0,0,0,0,0,0,-64000,0,0,0,28000,92000,-64000,-64000
08093P,英業達元富9B售02,0,0,0,0,0,0,0,0,0,-64000,0,0,0,20000,84000,-64000,-64000
2062,橋椿            ,216000,281000,-65000,0,0,0,0,0,0,1000,1000,0,1000,0,0,0,-64000
056438,旺宏凱基98購05  ,0,0,0,0,0,0,0,0,0,-64000,0,0,0,0,64000,-64000,-64000
054166,日電貿凱基98購01,0,0,0,0,0,0,0,0,0,-64000,0,0,0,10000,74000,-64000,-64000
058535,玉晶光統一9A購06,0,0,0,0,0,0,0,0,0,-64000,0,0,0,10000,74000,-64000,-64000
058406,聯茂元大99購06  ,0,0,0,0,0,0,0,0,0,-64000,0,0,0,52000,116000,-64000,-64000
057646,玉山金元大98購01,0,0,0,0,0,0,0,0,0,-64000,0,0,0,2000,66000,-64000,-64000
061718,GIS凱基9B購01   ,0,0,0,0,0,0,0,0,0,-64000,0,0,0,53000,117000,-64000,-64000
062514,玉晶光國票9C購02,30000,0,30000,0,0,0,0,0,0,-94000,0,0,0,4000,98000,-94000,-64000
062782,聯發科元大9B購12,0,0,0,0,0,0,0,0,0,-64000,0,0,0,0,64000,-64000,-64000
07637P,國巨國票9A售08  ,0,0,0,0,0,0,0,0,0,-65000,0,0,0,10000,75000,-65000,-65000
07416P,台積電元大99售53,0,0,0,0,0,0,0,0,0,-65000,0,0,0,13000,78000,-65000,-65000
064083,群創中信06購01  ,0,0,0,0,0,0,0,0,0,-65000,0,0,0,0,65000,-65000,-65000
063980,智易兆豐9C購02  ,0,0,0,0,0,0,0,0,0,-65000,0,0,0,0,65000,-65000,-65000
00706L,元大S&P日圓正2  ,0,0,0,0,0,0,0,0,0,-65000,0,0,0,1000,66000,-65000,-65000
058905,京鼎元大99購01  ,0,0,0,0,0,0,0,0,0,-65000,0,0,0,114000,179000,-65000,-65000
058655,鴻海中信03購02  ,0,0,0,0,0,0,0,0,0,-65000,0,0,0,20000,85000,-65000,-65000
057096,緯穎元富98購01  ,0,0,0,0,0,0,0,0,0,-65000,0,0,0,56000,121000,-65000,-65000
062387,健策國泰01購01  ,0,0,0,0,0,0,0,0,0,-65000,0,0,0,21000,86000,-65000,-65000
061737,南亞科凱基9B購01,0,0,0,0,0,0,0,0,0,-65000,0,0,0,73000,138000,-65000,-65000
061405,亞德客國票9B購01,0,0,0,0,0,0,0,0,0,-65000,0,0,0,13000,78000,-65000,-65000
061308,元金2X中信9A購01,0,0,0,0,0,0,0,0,0,-65000,0,0,0,55000,120000,-65000,-65000
064037,寶成元大9C購02  ,0,0,0,0,0,0,0,0,0,-66000,0,0,0,0,66000,-66000,-66000
063777,儒鴻永豐9B購02  ,0,0,0,0,0,0,0,0,0,-66000,0,0,0,17000,83000,-66000,-66000
08180P,聯發科國泰01售05,0,0,0,0,0,0,0,0,0,-66000,0,0,0,46000,112000,-66000,-66000
055696,華新科國票98購01,0,0,0,0,0,0,0,0,0,-66000,0,0,0,0,66000,-66000,-66000
00762,元大全球AI      ,0,1000,-1000,0,0,0,0,0,0,-65000,0,0,0,0,65000,-65000,-66000
056983,大立光群益99購02,0,0,0,0,0,0,0,0,0,-66000,0,0,0,32000,98000,-66000,-66000
060230,台積電元大9A購07,0,0,0,0,0,0,0,0,0,-66000,0,0,0,0,66000,-66000,-66000
060204,矽創元富9A購01  ,0,0,0,0,0,0,0,0,0,-66000,0,0,0,98000,164000,-66000,-66000
059348,日月光凱基99購01,0,0,0,0,0,0,0,0,0,-66000,0,0,0,1000,67000,-66000,-66000
061232,和大元大9A購03  ,0,0,0,0,0,0,0,0,0,-66000,0,0,0,34000,100000,-66000,-66000
060698,旺宏國泰9C購01  ,0,0,0,0,0,0,0,0,0,-66000,0,0,0,70000,136000,-66000,-66000
064068,義隆永豐9C購01  ,0,0,0,0,0,0,0,0,0,-67000,0,0,0,0,67000,-67000,-67000
06848P,聯詠元大98售04  ,0,0,0,0,0,0,0,0,0,-67000,0,0,0,0,67000,-67000,-67000
054316,矽創凱基97購01  ,0,0,0,0,0,0,0,0,0,-67000,0,0,0,0,67000,-67000,-67000
057697,國巨群益98購09  ,0,0,0,0,0,0,0,0,0,-67000,0,0,0,0,67000,-67000,-67000
058021,牧德凱基98購02  ,0,0,0,0,0,0,0,0,0,-67000,0,0,0,71000,138000,-67000,-67000
059425,SGBR2X元大9A購02,0,0,0,0,0,0,0,0,0,-67000,0,0,0,318000,385000,-67000,-67000
062376,中租元大9B購02  ,0,0,0,0,0,0,0,0,0,-67000,0,0,0,49000,116000,-67000,-67000
063552,晶技國票9B購03  ,0,0,0,0,0,0,0,0,0,-68000,0,0,0,27000,95000,-68000,-68000
063635,漢唐元大9B購04  ,0,0,0,0,0,0,0,0,0,-68000,0,0,0,5000,73000,-68000,-68000
063627,上銀元大9B購09  ,0,0,0,0,0,0,0,0,0,-68000,0,0,0,0,68000,-68000,-68000
07988P,台積電台新9C售03,0,0,0,0,0,0,0,0,0,-68000,0,0,0,0,68000,-68000,-68000
07774P,台灣50群益9A售16,0,0,0,0,0,0,0,0,0,-68000,0,0,0,95000,163000,-68000,-68000
053648,台積電凱基97購04,0,0,0,0,0,0,0,0,0,-68000,0,0,0,0,68000,-68000,-68000
053924,京鼎國票97購01  ,0,0,0,0,0,0,0,0,0,-68000,0,0,0,0,68000,-68000,-68000
056314,力成元大97購01  ,0,0,0,0,0,0,0,0,0,-68000,0,0,0,0,68000,-68000,-68000
059641,群創凱基99購06  ,0,0,0,0,0,0,0,0,0,-68000,0,0,0,9000,77000,-68000,-68000
058422,百和麥證99購01  ,0,0,0,2000,70000,-68000,0,0,0,-68000,0,0,0,2000,70000,-68000,-68000
057016,中石化凱基9B購01,0,0,0,0,0,0,0,0,0,-68000,0,0,0,172000,240000,-68000,-68000
058110,光寶科元富98購01,0,0,0,0,0,0,0,0,0,-68000,0,0,0,17000,85000,-68000,-68000
057203,麗豐元富98購02  ,0,0,0,0,0,0,0,0,0,-68000,0,0,0,200000,268000,-68000,-68000
060756,鴻海元大9A購16  ,0,0,0,0,0,0,0,0,0,-68000,0,0,0,0,68000,-68000,-68000
060604,宏達電凱基9B購01,0,0,0,0,0,0,0,0,0,-68000,0,0,0,22000,90000,-68000,-68000
060570,南亞科永豐9A購01,0,0,0,0,0,0,0,0,0,-68000,0,0,0,233000,301000,-68000,-68000
060637,玉晶光永豐9A購03,0,0,0,0,0,0,0,0,0,-68000,0,0,0,0,68000,-68000,-68000
059261,華邦電中信01購01,0,0,0,0,0,0,0,0,0,-68000,0,0,0,90000,158000,-68000,-68000
062406,臻鼎永豐9B購01  ,0,0,0,0,0,0,0,0,0,-68000,0,0,0,0,68000,-68000,-68000
062265,南茂元大9B購01  ,0,0,0,0,0,0,0,0,0,-68000,0,0,0,180000,248000,-68000,-68000
062674,百和中信03購01  ,0,0,0,0,0,0,0,0,0,-68000,0,0,0,0,68000,-68000,-68000
062944,茂林凱基9B購02  ,0,0,0,0,0,0,0,0,0,-68000,0,0,0,6000,74000,-68000,-68000
061007,聯詠兆豐9A購01  ,0,0,0,0,0,0,0,0,0,-68000,0,0,0,99000,167000,-68000,-68000
061105,宏達電元大9A購04,0,0,0,0,0,0,0,0,0,-68000,0,0,0,100000,168000,-68000,-68000
061337,台積電元大9A購27,0,0,0,0,0,0,0,0,0,-68000,0,0,0,0,68000,-68000,-68000
061376,瑞昱永豐9A購02  ,0,0,0,0,0,0,0,0,0,-68000,0,0,0,0,68000,-68000,-68000
061711,台積電凱基9A購27,0,0,0,0,0,0,0,0,0,-68000,0,0,0,0,68000,-68000,-68000
062023,寶成永豐9B購01  ,0,0,0,0,0,0,0,0,0,-68000,0,0,0,0,68000,-68000,-68000
07989P,玉晶光凱基9B售07,0,0,0,0,0,0,0,0,0,-69000,0,0,0,15000,84000,-69000,-69000
06701P,臺股指統一99售06,0,0,0,0,0,0,0,0,0,-69000,0,0,0,136000,205000,-69000,-69000
055119,力成凱基98購01  ,0,0,0,0,0,0,0,0,0,-69000,0,0,0,1000,70000,-69000,-69000
054169,上緯控凱基98購01,0,0,0,0,0,0,0,0,0,-69000,0,0,0,10000,79000,-69000,-69000
055541,聚陽凱基98購01  ,0,0,0,0,0,0,0,0,0,-69000,0,0,0,0,69000,-69000,-69000
058631,鈺齊國票9A購01  ,0,0,0,0,0,0,0,0,0,-69000,0,0,0,0,69000,-69000,-69000
057740,茂林富邦9A購01  ,0,0,0,0,0,0,0,0,0,-69000,0,0,0,11000,80000,-69000,-69000
059351,台虹凱基99購01  ,0,0,0,0,0,0,0,0,0,-69000,0,0,0,40000,109000,-69000,-69000
057969,緯穎國泰99購01  ,0,0,0,0,0,0,0,0,0,-69000,0,0,0,121000,190000,-69000,-69000
060191,亞光元富9A購02  ,0,0,0,0,0,0,0,0,0,-69000,0,0,0,4000,73000,-69000,-69000
062836,同欣電群益9B購02,0,0,0,0,0,0,0,0,0,-69000,0,0,0,10000,79000,-69000,-69000
063141,聯發科統一9C購10,0,0,0,0,0,0,0,0,0,-69000,0,0,0,0,69000,-69000,-69000
062206,緯創國票9B購01  ,0,0,0,0,0,0,0,0,0,-69000,0,0,0,4000,73000,-69000,-69000
064162,貿聯統一02購01  ,0,0,0,0,0,0,0,0,0,-70000,0,0,0,0,70000,-70000,-70000
064050,景碩統一01購01  ,0,0,0,0,0,0,0,0,0,-70000,0,0,0,0,70000,-70000,-70000
06399P,台表科凱基97售05,0,0,0,0,0,0,0,0,0,-70000,0,0,0,0,70000,-70000,-70000
08223P,臺股指凱基9B售18,0,0,0,0,0,0,0,0,0,-70000,0,0,0,0,70000,-70000,-70000
07935P,臺股指國票9B售07,0,0,0,0,0,0,0,0,0,-70000,0,0,0,0,70000,-70000,-70000
07905P,大立光群益9B售04,0,0,0,0,0,0,0,0,0,-70000,0,0,0,12000,82000,-70000,-70000
054807,台化元大9A購02  ,0,0,0,0,0,0,0,0,0,-70000,0,0,0,50000,120000,-70000,-70000
059109,台積電富邦9C購03,0,0,0,0,0,0,0,0,0,-70000,0,0,0,125000,195000,-70000,-70000
055703,緯穎富邦98購01  ,0,0,0,0,0,0,0,0,0,-70000,0,0,0,0,70000,-70000,-70000
056251,聯發科兆豐97購02,0,0,0,0,0,0,0,0,0,-70000,0,0,0,0,70000,-70000,-70000
054874,帆宣群益99購02  ,0,0,0,0,0,0,0,0,0,-70000,0,0,0,0,70000,-70000,-70000
054614,玉晶光永豐97購03,0,0,0,0,0,0,0,0,0,-70000,0,0,0,0,70000,-70000,-70000
054579,聯茂元大97購01  ,0,0,0,0,0,0,0,0,0,-70000,0,0,0,0,70000,-70000,-70000
060380,T50反1凱基9A購08,0,0,0,0,0,0,0,0,0,-70000,0,0,0,0,70000,-70000,-70000
056835,聯電元富99購01  ,0,0,0,0,0,0,0,0,0,-70000,0,0,0,411000,481000,-70000,-70000
059876,智易凱基99購02  ,0,0,0,0,0,0,0,0,0,-70000,0,0,0,0,70000,-70000,-70000
059855,緯穎永豐99購04  ,0,0,0,0,0,0,0,0,0,-70000,0,0,0,0,70000,-70000,-70000
062220,台光電統一01購01,0,25000,-25000,0,0,0,0,0,0,-45000,0,0,0,105000,150000,-45000,-70000
062321,力成台新9B購01  ,0,0,0,0,0,0,0,0,0,-70000,0,0,0,38000,108000,-70000,-70000
06327P,台積電中信01售01,0,0,0,0,0,0,0,0,0,-70000,0,0,0,1843000,1913000,-70000,-70000
063386,國巨兆豐9B購04  ,0,0,0,0,0,0,0,0,0,-70000,0,0,0,10000,80000,-70000,-70000
062837,復盛群益9B購01  ,0,0,0,0,0,0,0,0,0,-70000,0,0,0,282000,352000,-70000,-70000
063078,元金2X凱基02購03,0,0,0,0,0,0,0,0,0,-70000,0,0,0,0,70000,-70000,-70000
063118,中鋼元大9C購01  ,0,0,0,0,0,0,0,0,0,-70000,0,0,0,0,70000,-70000,-70000
061763,聯電元大9C購02  ,0,0,0,0,0,0,0,0,0,-70000,0,0,0,34000,104000,-70000,-70000
061662,瑞儀永豐9A購02  ,0,0,0,0,0,0,0,0,0,-70000,0,0,0,0,70000,-70000,-70000
07691P,宏達電元大9A售05,0,0,0,0,0,0,0,0,0,-71000,0,0,0,0,71000,-71000,-71000
06456P,聯發科統一98售03,0,0,0,0,0,0,0,0,0,-71000,0,0,0,190000,261000,-71000,-71000
054978,堤維西元富97購01,0,0,0,0,0,0,0,0,0,-71000,0,0,0,0,71000,-71000,-71000
057583,啟碁中信9A購01  ,0,0,0,0,0,0,0,0,0,-71000,0,0,0,10000,81000,-71000,-71000
057011,日月光中信99購01,0,0,0,0,0,0,0,0,0,-71000,0,0,0,50000,121000,-71000,-71000
061646,力成元大9A購02  ,0,0,0,0,0,0,0,0,0,-71000,0,0,0,130000,201000,-71000,-71000
061307,和潤永豐9A購02  ,0,0,0,0,0,0,0,0,0,-71000,0,0,0,8000,79000,-71000,-71000
062506,巨大群益9C購01  ,0,0,0,0,0,0,0,0,0,-71000,0,0,0,71000,142000,-71000,-71000
07293P,臺股指凱基99售45,0,0,0,0,0,0,0,0,0,-72000,0,0,0,18000,90000,-72000,-72000
058914,元油2X元富01購02,0,0,0,0,0,0,0,0,0,-72000,0,0,0,0,72000,-72000,-72000
056994,緯穎兆豐98購02  ,0,0,0,0,0,0,0,0,0,-72000,0,0,0,81000,153000,-72000,-72000
060426,盛群永豐9A購01  ,0,0,0,0,0,0,0,0,0,-72000,0,0,0,58000,130000,-72000,-72000
062316,康控凱基9B購03  ,0,0,0,0,0,0,0,0,0,-72000,0,0,0,70000,142000,-72000,-72000
06082P,華通統一98售01  ,0,0,0,0,0,0,0,0,0,-72000,0,0,0,10000,82000,-72000,-72000
061640,智原元大9A購01  ,0,0,0,0,0,0,0,0,0,-72000,0,0,0,30000,102000,-72000,-72000
063508,緯創群益9B購01  ,0,0,0,0,0,0,0,0,0,-73000,0,0,0,0,73000,-73000,-73000
2706,第一店          ,11000,84000,-73000,0,0,0,0,0,0,0,0,0,0,0,0,0,-73000
058942,南茂中信99購01  ,0,0,0,0,0,0,0,0,0,-73000,0,0,0,1000,74000,-73000,-73000
058909,神達元大99購03  ,0,0,0,0,0,0,0,0,0,-73000,0,0,0,64000,137000,-73000,-73000
056523,光寶科中信98購01,0,0,0,0,0,0,0,0,0,-73000,0,0,0,12000,85000,-73000,-73000
060396,友達國票9A購01  ,0,0,0,0,0,0,0,0,0,-73000,0,0,0,0,73000,-73000,-73000
057045,美律元大99購04  ,0,0,0,0,0,0,0,0,0,-73000,0,0,0,0,73000,-73000,-73000
061716,瑞儀凱基9B購01  ,0,0,0,0,0,0,0,0,0,-73000,0,0,0,81000,154000,-73000,-73000
061897,泰碩永豐9B購01  ,0,0,0,0,0,0,0,0,0,-73000,0,0,0,12000,85000,-73000,-73000
062861,世芯國票9C購01  ,0,0,0,0,0,0,0,0,0,-73000,0,0,0,3000,76000,-73000,-73000
2385,群光            ,1461000,970838,490162,0,0,0,0,300000,-300000,-264000,4000,72000,-68000,0,196000,-196000,-73838
08037P,台表科群益9B售02,0,0,0,0,0,0,0,0,0,-74000,0,0,0,22000,96000,-74000,-74000
056762,亞德客元大98購01,0,0,0,0,0,0,0,0,0,-74000,0,0,0,0,74000,-74000,-74000
053248,智伸科國票97購01,0,0,0,0,0,0,0,0,0,-74000,0,0,0,0,74000,-74000,-74000
060723,致新永豐9A購01  ,0,0,0,0,0,0,0,0,0,-74000,0,0,0,30000,104000,-74000,-74000
056941,台郡元富9B購01  ,0,0,0,0,0,0,0,0,0,-74000,0,0,0,9000,83000,-74000,-74000
063337,國巨統一02購02  ,0,110000,-110000,0,0,0,0,0,0,36000,0,0,0,126000,90000,36000,-74000
062377,力成元大9B購01  ,0,0,0,0,0,0,0,0,0,-74000,0,0,0,28000,102000,-74000,-74000
062189,康控元大9B購02  ,0,0,0,0,0,0,0,0,0,-74000,0,0,0,53000,127000,-74000,-74000
062502,旺宏群益9C購01  ,0,0,0,0,0,0,0,0,0,-74000,0,0,0,0,74000,-74000,-74000
062745,聯詠永豐9B購01  ,0,0,0,0,0,0,0,0,0,-74000,0,0,0,1000,75000,-74000,-74000
061913,宏碁中信9B購01  ,0,0,0,0,0,0,0,0,0,-74000,0,0,0,95000,169000,-74000,-74000
061210,玉山金元大9A購02,0,0,0,0,0,0,0,0,0,-74000,0,0,0,2000,76000,-74000,-74000
063739,台勝科元大9B購03,0,0,0,0,0,0,0,0,0,-75000,0,0,0,16000,91000,-75000,-75000
053593,晶技元大98購01  ,0,0,0,0,0,0,0,0,0,-75000,0,0,0,159000,234000,-75000,-75000
056744,麗豐凱基9A購01  ,0,0,0,0,0,0,0,0,0,-75000,0,0,0,0,75000,-75000,-75000
058781,康友國票9A購01  ,0,0,0,0,0,0,0,0,0,-75000,0,0,0,70000,145000,-75000,-75000
060075,台積電元富99購05,0,0,0,0,0,0,0,0,0,-75000,0,0,0,11000,86000,-75000,-75000
057853,旺宏國票99購05  ,0,0,0,0,0,0,0,0,0,-75000,0,0,0,0,75000,-75000,-75000
061294,奇力新麥證9A購01,0,0,0,20000,95000,-75000,0,0,0,-75000,0,0,0,20000,95000,-75000,-75000
061034,晶豪科永豐9A購01,0,0,0,0,0,0,0,0,0,-75000,0,0,0,78000,153000,-75000,-75000
061587,美律富邦9A購02  ,0,0,0,0,0,0,0,0,0,-75000,0,0,0,0,75000,-75000,-75000
06268P,聯詠凱基97售02  ,0,0,0,0,0,0,0,0,0,-75000,0,0,0,0,75000,-75000,-75000
062666,和碩群益9B購01  ,0,0,0,0,0,0,0,0,0,-75000,0,0,0,10000,85000,-75000,-75000
062490,聯茂永豐9B購01  ,0,0,0,0,0,0,0,0,0,-75000,0,0,0,10000,85000,-75000,-75000
063392,聯電群益9B購02  ,0,0,0,0,0,0,0,0,0,-75000,0,0,0,6000,81000,-75000,-75000
063682,達新永豐9B購01  ,0,0,0,0,0,0,0,0,0,-76000,0,0,0,0,76000,-76000,-76000
064035,GIS元大9C購03   ,0,0,0,0,0,0,0,0,0,-76000,0,0,0,0,76000,-76000,-76000
06507P,台表科國票99售01,0,0,0,0,0,0,0,0,0,-76000,0,0,0,25000,101000,-76000,-76000
06515P,國巨凱基98售06  ,0,0,0,0,0,0,0,0,0,-76000,0,0,0,3000,79000,-76000,-76000
2015,豐興            ,12000,43000,-31000,0,0,0,0,50000,-50000,5000,5000,0,5000,0,0,0,-76000
054841,亞德客兆豐97購01,0,0,0,0,0,0,0,0,0,-76000,0,0,0,0,76000,-76000,-76000
056065,奇鋐元大97購01  ,0,0,0,0,0,0,0,0,0,-76000,0,0,0,0,76000,-76000,-76000
057232,京元電凱基98購02,0,0,0,0,0,0,0,0,0,-76000,0,0,0,4000,80000,-76000,-76000
059055,旺宏凱基9B購02  ,0,0,0,0,0,0,0,0,0,-76000,0,0,0,0,76000,-76000,-76000
060657,旺宏統一9B購05  ,0,0,0,0,0,0,0,0,0,-76000,0,0,0,30000,106000,-76000,-76000
061079,台積電兆豐9A購02,0,0,0,0,0,0,0,0,0,-76000,0,0,0,0,76000,-76000,-76000
08211P,台表科元富9B售03,0,0,0,0,0,0,0,0,0,-77000,0,0,0,77000,154000,-77000,-77000
06822P,上銀富邦99售03  ,0,0,0,0,0,0,0,0,0,-77000,0,0,0,559000,636000,-77000,-77000
063678,友達國泰9C購01  ,0,0,0,0,0,0,0,0,0,-77000,0,0,0,759000,836000,-77000,-77000
058751,南茂凱基9A購01  ,0,0,0,0,0,0,0,0,0,-77000,0,0,0,10000,87000,-77000,-77000
054664,台表科元大97購04,0,0,0,0,0,0,0,0,0,-77000,0,0,0,39000,116000,-77000,-77000
054710,東元元富97購01  ,0,0,0,0,0,0,0,0,0,-77000,0,0,0,80000,157000,-77000,-77000
055808,世紀鋼永豐97購01,0,0,0,0,0,0,0,0,0,-77000,0,0,0,188000,265000,-77000,-77000
056617,美律永豐98購01  ,0,0,0,0,0,0,0,0,0,-77000,0,0,0,0,77000,-77000,-77000
058175,旺宏凱基99購03  ,0,0,0,0,0,0,0,0,0,-77000,0,0,0,0,77000,-77000,-77000
058187,泰碩永豐99購01  ,0,0,0,0,0,0,0,0,0,-77000,0,0,0,5000,82000,-77000,-77000
057269,鈺齊兆豐98購01  ,0,0,0,0,0,0,0,0,0,-77000,0,0,0,4000,81000,-77000,-77000
057909,台光電兆豐98購01,0,0,0,0,0,0,0,0,0,-77000,0,0,0,8000,85000,-77000,-77000
061991,牧德元大9C購01  ,0,0,0,0,0,0,0,0,0,-77000,0,0,0,59000,136000,-77000,-77000
062804,玉晶光統一9C購04,0,0,0,0,0,0,0,0,0,-77000,0,0,0,1000,78000,-77000,-77000
063069,道瓊銀富邦05購01,0,0,0,0,0,0,0,0,0,-77000,0,0,0,0,77000,-77000,-77000
062200,臺指反國票03購01,0,0,0,0,0,0,0,0,0,-77000,0,0,0,0,77000,-77000,-77000
063478,GIS元大9B購03   ,0,0,0,0,0,0,0,0,0,-78000,0,0,0,78000,156000,-78000,-78000
07873P,華新科群益9B售03,0,0,0,0,0,0,0,0,0,-78000,0,0,0,5000,83000,-78000,-78000
059003,中壽元大99購01  ,0,0,0,0,0,0,0,0,0,-78000,0,0,0,33000,111000,-78000,-78000
054928,帆宣凱基98購01  ,0,0,0,0,0,0,0,0,0,-78000,0,0,0,85000,163000,-78000,-78000
062520,晶豪科元大9B購02,0,0,0,0,0,0,0,0,0,-78000,0,0,0,5000,83000,-78000,-78000
063035,燿華凱基9B購02  ,0,0,0,0,0,0,0,0,0,-78000,0,0,0,70000,148000,-78000,-78000
062909,大立光元大9C購04,0,0,0,0,0,0,0,0,0,-78000,0,0,0,0,78000,-78000,-78000
062910,亞光元大9B購01  ,0,0,0,0,0,0,0,0,0,-78000,0,0,0,0,78000,-78000,-78000
064063,健策國泰01購02  ,0,0,0,0,0,0,0,0,0,-79000,0,0,0,12000,91000,-79000,-79000
056107,智易永豐97購02  ,0,0,0,0,0,0,0,0,0,-79000,0,0,0,40000,119000,-79000,-79000
056768,宏達電元大99購03,0,0,0,0,0,0,0,0,0,-79000,0,0,0,120000,199000,-79000,-79000
056719,台虹永豐98購01  ,0,0,0,0,0,0,0,0,0,-79000,0,0,0,0,79000,-79000,-79000
052308,大立光國泰97購02,0,0,0,0,0,0,0,0,0,-79000,0,0,0,0,79000,-79000,-79000
059097,世紀鋼元大99購05,0,0,0,0,0,0,0,0,0,-79000,0,0,0,230000,309000,-79000,-79000
058061,貿聯元富9B購01  ,0,0,0,0,0,0,0,0,0,-79000,0,0,0,30000,109000,-79000,-79000
057182,禾伸堂元大99購02,0,0,0,0,0,0,0,0,0,-79000,0,0,0,0,79000,-79000,-79000
062930,旺宏統一9C購02  ,0,0,0,0,0,0,0,0,0,-79000,0,0,0,0,79000,-79000,-79000
062748,祥碩永豐9B購02  ,0,0,0,0,0,0,0,0,0,-79000,0,0,0,10000,89000,-79000,-79000
061990,台勝科元大9C購01,0,0,0,0,0,0,0,0,0,-79000,0,0,0,46000,125000,-79000,-79000
061967,旺宏統一01購04  ,0,0,0,0,0,0,0,0,0,-79000,0,0,0,75000,154000,-79000,-79000
062012,燿華富邦9C購01  ,0,0,0,0,0,0,0,0,0,-79000,0,0,0,609000,688000,-79000,-79000
060683,泰鼎元大9A購02  ,0,0,0,0,0,0,0,0,0,-79000,0,0,0,0,79000,-79000,-79000
006205,富邦上証        ,29000,4000,25000,0,0,0,0,0,0,-104520,90000,0,90000,971480,1166000,-194520,-79520
063475,同欣電元大9C購01,0,0,0,0,0,0,0,0,0,-80000,0,0,0,3000,83000,-80000,-80000
06558P,旺宏元富98售02  ,0,0,0,0,0,0,0,0,0,-80000,0,0,0,23000,103000,-80000,-80000
06434P,超眾群益98售02  ,0,0,0,0,0,0,0,0,0,-80000,0,0,0,24000,104000,-80000,-80000
064107,友達兆豐01購01  ,0,0,0,0,0,0,0,0,0,-80000,0,0,0,0,80000,-80000,-80000
06933P,禾伸堂元大98售03,0,0,0,0,0,0,0,0,0,-80000,0,0,0,20000,100000,-80000,-80000
07129P,華新科元大99售14,0,0,0,0,0,0,0,0,0,-80000,0,0,0,120000,200000,-80000,-80000
05088P,大立光富邦99售01,0,0,0,0,0,0,0,0,0,-80000,0,0,0,0,80000,-80000,-80000
056521,群創日盛98購01  ,0,0,0,0,0,0,0,0,0,-80000,0,0,0,0,80000,-80000,-80000
055620,樺漢國票98購01  ,0,0,0,0,0,0,0,0,0,-80000,0,0,0,0,80000,-80000,-80000
060618,玉晶光元大9A購02,0,0,0,0,0,0,0,0,0,-80000,0,0,0,50000,130000,-80000,-80000
057707,臺股指群益98購07,0,0,0,0,0,0,0,0,0,-80000,0,0,0,0,80000,-80000,-80000
057917,台積電凱基98購17,0,0,0,0,0,0,0,0,0,-80000,0,0,0,0,80000,-80000,-80000
059997,華航元富99購01  ,0,0,0,0,0,0,0,0,0,-80000,0,0,0,11000,91000,-80000,-80000
057258,中環兆豐98購01  ,0,0,0,0,0,0,0,0,0,-80000,0,0,0,0,80000,-80000,-80000
057470,易華電永豐98購02,0,0,0,0,0,0,0,0,0,-80000,0,0,0,0,80000,-80000,-80000
061072,南電凱基9B購01  ,0,0,0,0,0,0,0,0,0,-80000,0,0,0,0,80000,-80000,-80000
061041,南電永豐9A購03  ,0,0,0,0,0,0,0,0,0,-80000,0,0,0,0,80000,-80000,-80000
061100,SP黃豆元大9A購04,0,0,0,0,0,0,0,0,0,-80000,0,0,0,20000,100000,-80000,-80000
061598,南電永豐9A購04  ,0,0,0,0,0,0,0,0,0,-80000,0,0,0,0,80000,-80000,-80000
062207,牧德國票9B購02  ,0,0,0,0,0,0,0,0,0,-80000,0,0,0,152000,232000,-80000,-80000
064170,儒鴻元富9C購01  ,0,0,0,0,0,0,0,0,0,-81000,0,0,0,20000,101000,-81000,-81000
057507,貿聯國票98購02  ,0,0,0,0,0,0,0,0,0,-81000,0,0,0,134000,215000,-81000,-81000
058124,玉晶光國票9A購01,0,0,0,0,0,0,0,0,0,-81000,0,0,0,287000,368000,-81000,-81000
059631,京元電凱基99購02,0,0,0,0,0,0,0,0,0,-81000,0,0,0,120000,201000,-81000,-81000
062521,玉晶光元大9C購05,0,0,0,0,0,0,0,0,0,-81000,0,0,0,20000,101000,-81000,-81000
063325,SP黃豆國票9C購02,0,0,0,0,0,0,0,0,0,-81000,0,0,0,0,81000,-81000,-81000
063436,儒鴻統一01購03  ,0,0,0,0,0,0,0,0,0,-81000,0,0,0,92000,173000,-81000,-81000
07576P,可成元大9A售01  ,0,0,0,0,0,0,0,0,0,-82000,0,0,0,60000,142000,-82000,-82000
08209P,上銀元富9B售06  ,0,0,0,0,0,0,0,0,0,-82000,0,0,0,0,82000,-82000,-82000
056308,TPK元大97購02   ,0,0,0,0,0,0,0,0,0,-82000,0,0,0,0,82000,-82000,-82000
060661,台積電凱基9A購18,0,0,0,0,0,0,0,0,0,-82000,0,0,0,56000,138000,-82000,-82000
056954,聯詠富邦9A購01  ,0,0,0,0,0,0,0,0,0,-82000,0,0,0,112000,194000,-82000,-82000
058630,日月光國票9A購01,0,0,0,0,0,0,0,0,0,-82000,0,0,0,0,82000,-82000,-82000
063382,南茂永豐9B購01  ,0,0,0,0,0,0,0,0,0,-82000,0,0,0,26000,108000,-82000,-82000
08142P,國巨凱基9B售13  ,0,0,0,0,0,0,0,0,0,-83000,0,0,0,0,83000,-83000,-83000
1582,信錦            ,30000,139000,-109000,0,0,0,0,0,0,26000,26000,0,26000,0,0,0,-83000
059852,康控永豐99購02  ,0,0,0,0,0,0,0,0,0,-83000,0,0,0,90000,173000,-83000,-83000
059919,宏達電元大99購06,0,0,0,0,0,0,0,0,0,-83000,0,0,0,37000,120000,-83000,-83000
057919,技嘉凱基98購03  ,0,0,0,0,0,0,0,0,0,-83000,0,0,0,74000,157000,-83000,-83000
057486,美律元大98購04  ,0,0,0,0,0,0,0,0,0,-83000,0,0,0,22000,105000,-83000,-83000
060254,世紀鋼元大9A購01,0,0,0,0,0,0,0,0,0,-83000,0,0,0,218000,301000,-83000,-83000
058005,茂林群益98購04  ,0,0,0,0,0,0,0,0,0,-83000,0,0,0,73000,156000,-83000,-83000
062850,友訊永豐9B購01  ,0,0,0,0,0,0,0,0,0,-83000,0,0,0,178000,261000,-83000,-83000
062734,臺指反國票9C購03,0,0,0,0,0,0,0,0,0,-83000,0,0,0,29000,112000,-83000,-83000
062297,億豐永豐9B購01  ,0,0,0,0,0,0,0,0,0,-83000,0,0,0,0,83000,-83000,-83000
062359,旺宏元大9C購02  ,0,0,0,0,0,0,0,0,0,-83000,0,0,0,33000,116000,-83000,-83000
08017P,華新科國票9B售01,0,0,0,0,0,0,0,0,0,-84000,0,0,0,0,84000,-84000,-84000
06468P,華新科統一98售02,0,0,0,0,0,0,0,0,0,-84000,0,0,0,0,84000,-84000,-84000
056512,易華電永豐98購01,0,0,0,0,0,0,0,0,0,-84000,0,0,0,11000,95000,-84000,-84000
055341,台達電凱基97購02,0,0,0,0,0,0,0,0,0,-84000,0,0,0,10000,94000,-84000,-84000
05712P,友達統一97售03  ,0,0,0,0,0,0,0,0,0,-84000,0,0,0,0,84000,-84000,-84000
058688,矽創凱基9A購01  ,0,0,0,0,0,0,0,0,0,-84000,0,0,0,50000,134000,-84000,-84000
062577,泰鼎群益9B購01  ,0,0,0,0,0,0,0,0,0,-84000,0,0,0,36000,120000,-84000,-84000
061001,智邦兆豐9B購01  ,0,0,0,0,0,0,0,0,0,-84000,0,0,0,9000,93000,-84000,-84000
064118,喬山元大01購01  ,0,0,0,0,0,0,0,0,0,-85000,0,0,0,0,85000,-85000,-85000
063623,祥碩兆豐9B購02  ,0,0,0,0,0,0,0,0,0,-85000,0,0,0,0,85000,-85000,-85000
064082,緯創中信06購01  ,0,0,0,0,0,0,0,0,0,-85000,0,0,0,0,85000,-85000,-85000
064060,同欣電麥證01購01,0,0,0,0,86000,-86000,0,0,0,-85000,0,0,0,1000,86000,-85000,-85000
059140,大立光兆豐9A購02,0,0,0,0,0,0,0,0,0,-85000,0,0,0,0,85000,-85000,-85000
056461,樺漢凱基98購02  ,0,0,0,0,0,0,0,0,0,-85000,0,0,0,72000,157000,-85000,-85000
056723,國巨中信9A購01  ,0,0,0,0,0,0,0,0,0,-85000,0,0,0,0,85000,-85000,-85000
058675,康控群益9B購01  ,0,0,0,0,0,0,0,0,0,-85000,0,0,0,0,85000,-85000,-85000
057229,友達凱基9B購02  ,0,0,0,0,0,0,0,0,0,-85000,0,0,0,0,85000,-85000,-85000
060056,大立光凱基9B購01,0,0,0,0,0,0,0,0,0,-85000,0,0,0,0,85000,-85000,-85000
060649,國巨第一9A購01  ,0,0,0,0,0,0,0,0,0,-85000,0,0,0,10000,95000,-85000,-85000
060596,元黃金凱基9A購02,0,0,0,0,0,0,0,0,0,-85000,0,0,0,2000,87000,-85000,-85000
058048,群創元大9B購07  ,0,0,0,0,0,0,0,0,0,-85000,0,0,0,8000,93000,-85000,-85000
058369,亞光凱基99購02  ,0,0,0,0,0,0,0,0,0,-85000,0,0,0,15000,100000,-85000,-85000
061771,玉晶光元大9C購04,0,0,0,0,0,0,0,0,0,-85000,0,0,0,66000,151000,-85000,-85000
062106,華邦電國票9B購02,0,0,0,0,0,0,0,0,0,-85000,0,0,0,72000,157000,-85000,-85000
062118,華新科中信9B購02,0,0,0,0,0,0,0,0,0,-85000,0,0,0,0,85000,-85000,-85000
063656,台光電元富03購01,0,0,0,0,0,0,0,0,0,-86000,0,0,0,97000,183000,-86000,-86000
063744,儒鴻國票9C購01  ,0,0,0,0,0,0,0,0,0,-86000,0,0,0,10000,96000,-86000,-86000
07861P,台灣50中信03售08,0,0,0,0,0,0,0,0,0,-86000,0,0,0,0,86000,-86000,-86000
00771,元大US高息特別股,0,0,0,0,0,0,0,0,0,-86000,103000,0,103000,0,189000,-189000,-86000
057877,神達元大99購01  ,0,0,0,0,0,0,0,0,0,-86000,0,0,0,2000,88000,-86000,-86000
062246,力山元大9B購02  ,0,0,0,0,0,0,0,0,0,-86000,0,0,0,60000,146000,-86000,-86000
063271,中磊兆豐9C購01  ,0,0,0,0,0,0,0,0,0,-86000,0,0,0,3000,89000,-86000,-86000
063227,祥碩群益9B購06  ,0,0,0,0,0,0,0,0,0,-86000,0,0,0,48000,134000,-86000,-86000
063892,旺宏群益01購01  ,0,0,0,0,0,0,0,0,0,-87000,0,0,0,0,87000,-87000,-87000
056655,旺宏元大99購02  ,0,0,0,0,0,0,0,0,0,-87000,0,0,0,0,87000,-87000,-87000
056392,玉晶光富邦9C購01,0,0,0,0,0,0,0,0,0,-87000,0,0,0,44000,131000,-87000,-87000
058865,群創凱基01購01  ,0,0,0,0,0,0,0,0,0,-87000,0,0,0,24000,111000,-87000,-87000
058431,國巨統一9B購01  ,0,0,0,0,0,0,0,0,0,-87000,0,0,0,302000,389000,-87000,-87000
062434,華通元大9B購04  ,0,0,0,0,0,0,0,0,0,-87000,0,0,0,19000,106000,-87000,-87000
063435,儒鴻統一01購02  ,0,0,0,0,0,0,0,0,0,-87000,0,0,0,96000,183000,-87000,-87000
063824,S&P反1國票9C購01,0,0,0,0,0,0,0,0,0,-88000,0,0,0,0,88000,-88000,-88000
064112,宏碁國票01購01  ,0,0,0,0,0,0,0,0,0,-88000,0,0,0,0,88000,-88000,-88000
07617P,聯發科中信9C售04,0,0,0,0,0,0,0,0,0,-88000,0,0,0,165000,253000,-88000,-88000
07728P,臺股指凱基9A售20,0,0,0,0,0,0,0,0,0,-88000,0,0,0,5000,93000,-88000,-88000
08240P,華通中信06售03  ,0,0,0,0,0,0,0,0,0,-88000,0,0,0,0,88000,-88000,-88000
056114,台達電群益97購02,0,0,0,0,0,0,0,0,0,-88000,0,0,0,10000,98000,-88000,-88000
056304,創意元大97購03  ,0,0,0,0,0,0,0,0,0,-88000,0,0,0,0,88000,-88000,-88000
058192,訊芯永豐99購01  ,0,0,0,0,0,0,0,0,0,-88000,0,0,0,0,88000,-88000,-88000
057733,嘉聯益國泰99購01,0,0,0,0,0,0,0,0,0,-88000,0,0,0,24000,112000,-88000,-88000
063250,同欣電元大9B購03,0,0,0,0,0,0,0,0,0,-88000,0,0,0,179000,267000,-88000,-88000
063319,神達群益9B購01  ,0,0,0,0,0,0,0,0,0,-88000,0,0,0,111000,199000,-88000,-88000
063079,儒鴻凱基9B購01  ,0,0,0,0,0,0,0,0,0,-88000,0,0,0,37000,125000,-88000,-88000
060711,旺宏永豐9A購01  ,0,0,0,0,0,0,0,0,0,-88000,0,0,0,0,88000,-88000,-88000
8081,致新            ,112000,309055,-197055,0,0,0,90000,0,90000,19000,32000,11000,21000,5000,7000,-2000,-88055
08089P,嘉澤凱基9B售03  ,0,0,0,0,0,0,0,0,0,-89000,0,0,0,150000,239000,-89000,-89000
07304P,臺股指元大9A售37,0,0,0,0,0,0,0,0,0,-89000,0,0,0,21000,110000,-89000,-89000
055305,旺宏群益99購01  ,0,0,0,0,0,0,0,0,0,-89000,0,0,0,0,89000,-89000,-89000
052488,旺宏國票96購03  ,0,0,0,0,0,0,0,0,0,-89000,0,0,0,0,89000,-89000,-89000
057242,台郡凱基98購05  ,0,0,0,0,0,0,0,0,0,-89000,0,0,0,22000,111000,-89000,-89000
058208,百和凱基99購01  ,0,0,0,0,0,0,0,0,0,-89000,0,0,0,0,89000,-89000,-89000
060630,國巨富邦9C購03  ,0,0,0,0,0,0,0,0,0,-89000,0,0,0,13000,102000,-89000,-89000
061442,玉晶光永豐9A購07,0,0,0,0,0,0,0,0,0,-89000,0,0,0,10000,99000,-89000,-89000
061957,上銀統一01購01  ,0,0,0,0,0,0,0,0,0,-89000,0,0,0,30000,119000,-89000,-89000
062945,世芯國泰01購01  ,0,0,0,0,0,0,0,0,0,-89000,0,0,0,37000,126000,-89000,-89000
4133,亞諾法          ,842000,925000,-83000,0,0,0,0,0,0,-6000,0,6000,-6000,0,0,0,-89000
063843,台積電元大9C購03,0,0,0,0,0,0,0,0,0,-90000,0,0,0,0,90000,-90000,-90000
064018,儒鴻元大9C購02  ,0,0,0,0,0,0,0,0,0,-90000,0,0,0,40000,130000,-90000,-90000
06374P,台表科元大97售06,0,0,0,0,0,0,0,0,0,-90000,0,0,0,0,90000,-90000,-90000
08106P,聯發科統一9B售09,0,0,0,0,0,0,0,0,0,-90000,0,0,0,15000,105000,-90000,-90000
07756P,台灣50國票04售01,0,0,0,0,0,0,0,0,0,-90000,0,0,0,22000,112000,-90000,-90000
053723,奇鋐凱基98購01  ,0,0,0,0,0,0,0,0,0,-90000,0,0,0,20000,110000,-90000,-90000
056602,嘉澤國泰99購01  ,0,0,0,0,0,0,0,0,0,-90000,0,0,0,0,90000,-90000,-90000
055470,南亞科凱基97購01,0,0,0,0,0,0,0,0,0,-90000,0,0,0,0,90000,-90000,-90000
054158,國巨日盛99購01  ,0,0,0,0,0,0,0,0,0,-90000,0,0,0,0,90000,-90000,-90000
046906,新光金凱基99購02,0,0,0,0,0,0,0,0,0,-90000,0,0,0,0,90000,-90000,-90000
055381,茂林元大97購02  ,0,0,0,0,0,0,0,0,0,-90000,0,0,0,25000,115000,-90000,-90000
055188,亞翔統一97購01  ,0,0,0,0,0,0,0,0,0,-90000,0,0,0,30000,120000,-90000,-90000
056450,可成凱基98購05  ,0,0,0,0,0,0,0,0,0,-90000,0,0,0,133000,223000,-90000,-90000
060229,楠梓電元大9C購01,0,0,0,0,0,0,0,0,0,-90000,0,0,0,136000,226000,-90000,-90000
058540,嘉聯益國泰9A購02,0,0,0,0,0,0,0,0,0,-90000,0,0,0,0,90000,-90000,-90000
058479,亞光凱基9A購01  ,0,0,0,0,0,0,0,0,0,-90000,0,0,0,0,90000,-90000,-90000
059976,道瓊銀元大99購01,0,0,0,0,0,0,0,0,0,-90000,0,0,0,30000,120000,-90000,-90000
063088,緯穎凱基9B購04  ,0,0,0,0,0,0,0,0,0,-90000,0,0,0,215000,305000,-90000,-90000
062519,元金2X元大9B購03,0,0,0,0,0,0,0,0,0,-90000,0,0,0,0,90000,-90000,-90000
062651,世紀鋼富邦9C購01,0,0,0,0,0,0,0,0,0,-90000,0,0,0,0,90000,-90000,-90000
062102,T50反1國票9B購07,0,0,0,0,0,0,0,0,0,-90000,0,0,0,300000,390000,-90000,-90000
061694,玉山金群益9A購01,0,0,0,0,0,0,0,0,0,-90000,0,0,0,7000,97000,-90000,-90000
061087,國巨統一01購04  ,0,0,0,0,0,0,0,0,0,-90000,0,0,0,171000,261000,-90000,-90000
061003,南亞科兆豐9A購01,0,0,0,0,0,0,0,0,0,-90000,0,0,0,398000,488000,-90000,-90000
063630,智邦元大9B購09  ,0,0,0,0,0,0,0,0,0,-91000,0,0,0,3000,94000,-91000,-91000
063575,矽格元大9B購02  ,0,0,0,0,0,0,0,0,0,-91000,0,0,0,1000,92000,-91000,-91000
055178,晶豪科統一97購01,0,0,0,0,0,0,0,0,0,-91000,0,0,0,0,91000,-91000,-91000
060802,道瓊指中信9C購03,0,0,0,0,0,0,0,0,0,-91000,0,0,0,0,91000,-91000,-91000
061437,燿華凱基9A購01  ,0,0,0,0,0,0,0,0,0,-91000,0,0,0,60000,151000,-91000,-91000
5203,訊連            ,20000,105000,-85000,0,0,0,0,0,0,-6000,0,0,0,0,6000,-6000,-91000
064059,新日興麥證01購01,0,0,0,0,92000,-92000,0,0,0,-92000,0,0,0,0,92000,-92000,-92000
054354,技嘉富邦97購01  ,0,0,0,0,0,0,0,0,0,-92000,0,0,0,60000,152000,-92000,-92000
060303,宏達電富邦9B購01,0,0,0,0,0,0,0,0,0,-92000,0,0,0,26000,118000,-92000,-92000
057151,易華電國票99購01,0,0,0,0,0,0,0,0,0,-92000,0,0,0,0,92000,-92000,-92000
062036,致新群益9B購01  ,0,0,0,0,0,0,0,0,0,-92000,0,0,0,102000,194000,-92000,-92000
062798,台光電統一9B購01,0,0,0,0,0,0,0,0,0,-92000,0,0,0,106000,198000,-92000,-92000
063045,國巨兆豐9C購02  ,0,0,0,0,0,0,0,0,0,-92000,0,0,0,200000,292000,-92000,-92000
063290,GIS元大9B購02   ,0,0,0,0,0,0,0,0,0,-92000,0,0,0,120000,212000,-92000,-92000
058031,旺宏永豐98購04  ,0,0,0,0,0,0,0,0,0,-93000,0,0,0,0,93000,-93000,-93000
059569,旺宏凱基99購09  ,0,0,0,0,0,0,0,0,0,-93000,0,0,0,5000,98000,-93000,-93000
057340,玉晶光元富98購04,0,0,0,0,0,0,0,0,0,-93000,0,0,0,60000,153000,-93000,-93000
062221,奇力新統一01購01,0,0,0,0,0,0,0,0,0,-93000,0,0,0,155000,248000,-93000,-93000
061741,新光金凱基9B購01,0,0,0,0,0,0,0,0,0,-93000,0,0,0,0,93000,-93000,-93000
07361P,聯發科元大99售34,0,0,0,0,0,0,0,0,0,-94000,0,0,0,10000,104000,-94000,-94000
07834P,聯詠群益9A售03  ,0,0,0,0,0,0,0,0,0,-94000,0,0,0,0,94000,-94000,-94000
07740P,臺股指永豐9A售01,0,0,0,0,0,0,0,0,0,-94000,0,0,0,6000,100000,-94000,-94000
055645,技嘉元富97購01  ,0,0,0,0,0,0,0,0,0,-94000,0,0,0,14000,108000,-94000,-94000
058556,百和永豐99購01  ,0,0,0,0,0,0,0,0,0,-94000,0,0,0,0,94000,-94000,-94000
058123,亞光國票9A購01  ,0,0,0,0,0,0,0,0,0,-94000,0,0,0,0,94000,-94000,-94000
061951,南電群益9B購01  ,0,0,0,0,0,0,0,0,0,-94000,0,0,0,28000,122000,-94000,-94000
060695,同欣電麥證9A購01,0,0,0,11000,105000,-94000,0,0,0,-94000,0,0,0,11000,105000,-94000,-94000
06105P,國巨國票98售02  ,0,0,0,0,0,0,0,0,0,-94000,0,0,0,56000,150000,-94000,-94000
063354,茂林元富9B購02  ,0,0,0,0,0,0,0,0,0,-94000,0,0,0,216000,310000,-94000,-94000
6165,捷泰            ,13000,107000,-94000,0,0,0,0,0,0,0,0,0,0,0,0,0,-94000
063560,力山元大9B購05  ,0,0,0,0,0,0,0,0,0,-95000,0,0,0,20000,115000,-95000,-95000
063463,瑞昱元大9B購05  ,0,0,0,0,0,0,0,0,0,-95000,0,0,0,74000,169000,-95000,-95000
063731,台積電元大9B購10,0,0,0,0,0,0,0,0,0,-95000,0,0,0,157000,252000,-95000,-95000
063705,臻鼎群益9B購03  ,0,0,0,0,0,0,0,0,0,-95000,0,0,0,0,95000,-95000,-95000
03432B,臺股指凱基98熊13,0,0,0,0,0,0,0,0,0,-95000,0,0,0,0,95000,-95000,-95000
060240,富邦金元大9A購01,0,0,0,0,0,0,0,0,0,-95000,0,0,0,5000,100000,-95000,-95000
057997,旺宏第一9C購01  ,0,0,0,0,0,0,0,0,0,-95000,0,0,0,40000,135000,-95000,-95000
057073,康控永豐98購01  ,0,0,0,0,0,0,0,0,0,-95000,0,0,0,17000,112000,-95000,-95000
059274,國巨元大99購22  ,0,0,0,0,0,0,0,0,0,-95000,0,0,0,40000,135000,-95000,-95000
062986,T50反1中信02購01,0,0,0,0,0,0,0,0,0,-95000,0,0,0,30000,125000,-95000,-95000
062183,奇鋐元大9B購01  ,0,0,0,0,0,0,0,0,0,-95000,0,0,0,5000,100000,-95000,-95000
061137,晶技統一9B購01  ,0,0,0,0,0,0,0,0,0,-95000,0,0,0,0,95000,-95000,-95000
061817,高鐵群益9B購01  ,0,0,0,0,0,0,0,0,0,-95000,0,0,0,53000,148000,-95000,-95000
061708,同欣電國票9A購02,0,0,0,0,0,0,0,0,0,-95000,0,0,0,35000,130000,-95000,-95000
063582,瑞祺國泰9C購01  ,0,0,0,0,0,0,0,0,0,-96000,0,0,0,140000,236000,-96000,-96000
1457,宜進            ,26000,123000,-97000,0,0,0,0,0,0,1000,1000,0,1000,0,0,0,-96000
056769,國產元大98購01  ,0,0,0,0,0,0,0,0,0,-96000,0,0,0,204000,300000,-96000,-96000
056791,嘉聯益群益98購01,0,0,0,0,0,0,0,0,0,-96000,0,0,0,53000,149000,-96000,-96000
057240,茂林凱基9A購01  ,0,0,0,0,0,0,0,0,0,-96000,0,0,0,110000,206000,-96000,-96000
058390,樺漢國票9A購01  ,0,0,0,0,0,0,0,0,0,-96000,0,0,0,0,96000,-96000,-96000
060316,福懋科永豐9A購01,0,0,0,0,0,0,0,0,0,-96000,0,0,0,60000,156000,-96000,-96000
062833,世芯群益9B購01  ,0,0,0,0,0,0,0,0,0,-96000,0,0,0,38000,134000,-96000,-96000
063198,仁寶統一01購02  ,0,0,0,0,0,0,0,0,0,-96000,0,0,0,0,96000,-96000,-96000
07651P,道瓊指中信01售01,0,0,0,0,0,0,0,0,0,-97000,0,0,0,6000,103000,-97000,-97000
064131,群創元大01購02  ,0,0,0,0,0,0,0,0,0,-97000,0,0,0,70000,167000,-97000,-97000
056506,晶豪科永豐98購02,0,0,0,0,0,0,0,0,0,-97000,0,0,0,14000,111000,-97000,-97000
058096,南電元大98購04  ,0,0,0,0,0,0,0,0,0,-97000,0,0,0,16000,113000,-97000,-97000
060546,旺宏凱基9A購02  ,0,0,0,0,0,0,0,0,0,-97000,0,0,0,10000,107000,-97000,-97000
057851,鴻海國票99購06  ,0,0,0,0,0,0,0,0,0,-97000,0,0,0,0,97000,-97000,-97000
062882,新日興兆豐9C購01,0,0,0,0,0,0,0,0,0,-97000,0,0,0,0,97000,-97000,-97000
064122,國巨元大9C購17  ,0,0,0,0,0,0,0,0,0,-98000,0,0,0,0,98000,-98000,-98000
063573,茂林元大9B購06  ,0,0,0,0,0,0,0,0,0,-98000,0,0,0,163000,261000,-98000,-98000
063474,康控元大9B購04  ,0,0,0,0,0,0,0,0,0,-98000,0,0,0,140000,238000,-98000,-98000
056458,日月光凱基98購02,0,0,0,0,0,0,0,0,0,-98000,0,0,0,0,98000,-98000,-98000
055936,彩晶群益98購02  ,0,0,0,0,0,0,0,0,0,-98000,0,0,0,0,98000,-98000,-98000
053893,京鼎群益97購02  ,0,0,0,0,0,0,0,0,0,-98000,0,0,0,0,98000,-98000,-98000
055533,大立光群益97購03,0,0,0,0,0,0,0,0,0,-98000,0,0,0,0,98000,-98000,-98000
057350,全新統一98購03  ,0,0,0,0,0,0,0,0,0,-98000,0,0,0,2000,100000,-98000,-98000
059344,長榮航凱基99購01,0,0,0,0,0,0,0,0,0,-98000,0,0,0,32000,130000,-98000,-98000
060283,台肥元大9C購01  ,0,0,0,0,0,0,0,0,0,-98000,0,0,0,65000,163000,-98000,-98000
058007,南電群益98購02  ,0,0,0,0,0,0,0,0,0,-98000,0,0,0,41000,139000,-98000,-98000
063161,祥碩富邦9B購02  ,0,0,0,0,0,0,0,0,0,-98000,0,0,0,0,98000,-98000,-98000
061867,旺宏元大9B購02  ,0,0,0,0,0,0,0,0,0,-98000,0,0,0,15000,113000,-98000,-98000
061245,晶技群益9A購01  ,0,0,0,0,0,0,0,0,0,-98000,0,0,0,0,98000,-98000,-98000
061266,國泰金凱基9B購01,0,0,0,0,0,0,0,0,0,-98000,0,0,0,10000,108000,-98000,-98000
060962,義隆凱基9B購01  ,0,0,0,0,0,0,0,0,0,-98000,0,0,0,85000,183000,-98000,-98000
060953,富邦金群益9A購01,0,0,0,0,0,0,0,0,0,-98000,0,0,0,0,98000,-98000,-98000
060824,旺宏元大9A購06  ,0,0,0,0,0,0,0,0,0,-98000,0,0,0,0,98000,-98000,-98000
07563P,台灣50中信04售01,0,0,0,0,0,0,0,0,0,-99000,0,0,0,0,99000,-99000,-99000
07767P,華新科群益9A售07,0,0,0,0,0,0,0,0,0,-99000,0,0,0,0,99000,-99000,-99000
07949P,滬深2X元大9B售04,0,0,0,0,0,0,0,0,0,-99000,0,0,0,1000,100000,-99000,-99000
055601,茂林元大97購03  ,0,0,0,0,0,0,0,0,0,-99000,0,0,0,50000,149000,-99000,-99000
056357,台積電元大9A購01,0,0,0,0,0,0,0,0,0,-99000,0,0,0,2000,101000,-99000,-99000
055369,友訊元大97購01  ,0,0,0,0,0,0,0,0,0,-99000,0,0,0,3000,102000,-99000,-99000
060182,旺宏元富9A購01  ,0,0,0,0,0,0,0,0,0,-99000,0,0,0,0,99000,-99000,-99000
060382,儒鴻凱基9A購01  ,0,0,0,0,0,0,0,0,0,-99000,0,0,0,0,99000,-99000,-99000
061071,復盛凱基9A購01  ,0,0,0,0,0,0,0,0,0,-99000,0,0,0,210000,309000,-99000,-99000
061081,宏碁兆豐9A購01  ,0,0,0,0,0,0,0,0,0,-99000,0,0,0,264000,363000,-99000,-99000
062364,瑞昱元大9B購04  ,0,0,0,0,0,0,0,0,0,-99000,0,0,0,70000,169000,-99000,-99000
910322,康師傅-DR       ,0,99000,-99000,0,0,0,0,0,0,0,0,0,0,0,0,0,-99000
07853P,國巨凱基9A售19  ,0,0,0,0,0,0,0,0,0,-100000,0,0,0,0,100000,-100000,-100000
07618P,大立光中信9A售06,0,0,0,0,0,0,0,0,0,-100000,0,0,0,0,100000,-100000,-100000
07644P,南電凱基9A售03  ,0,0,0,0,0,0,0,0,0,-100000,0,0,0,0,100000,-100000,-100000
07676P,華新科永豐9A售02,0,0,0,0,0,0,0,0,0,-100000,0,0,0,0,100000,-100000,-100000
07690P,華新科元大9A售15,0,0,0,0,0,0,0,0,0,-100000,0,0,0,0,100000,-100000,-100000
08166P,國巨中信9B售05  ,0,0,0,0,0,0,0,0,0,-100000,0,0,0,0,100000,-100000,-100000
08010P,大成鋼元大9B售01,0,0,0,0,0,0,0,0,0,-100000,0,0,0,0,100000,-100000,-100000
08216P,聯發科群益9C售05,0,0,0,0,0,0,0,0,0,-100000,0,0,0,0,100000,-100000,-100000
08206P,鴻海群益9C售03  ,0,0,0,0,0,0,0,0,0,-100000,0,0,0,0,100000,-100000,-100000
063992,大立光中信9C購03,0,0,0,0,0,0,0,0,0,-100000,0,0,0,0,100000,-100000,-100000
064092,世紀鋼凱基9C購03,0,0,0,0,0,0,0,0,0,-100000,0,0,0,0,100000,-100000,-100000
06620P,聯發科元大98售07,0,0,0,0,0,0,0,0,0,-100000,0,0,0,0,100000,-100000,-100000
07069P,欣興元富99售02  ,0,0,0,0,0,0,0,0,0,-100000,0,0,0,10000,110000,-100000,-100000
06960P,國巨凱基99售08  ,0,0,0,0,0,0,0,0,0,-100000,0,0,0,0,100000,-100000,-100000
055297,啟碁元大97購01  ,0,0,0,0,0,0,0,0,0,-100000,0,0,0,0,100000,-100000,-100000
056066,奇鋐元大98購02  ,0,0,0,0,0,0,0,0,0,-100000,0,0,0,0,100000,-100000,-100000
055224,鴻海國票99購02  ,0,0,0,0,0,0,0,0,0,-100000,0,0,0,299000,399000,-100000,-100000
055206,台虹中信97購01  ,0,0,0,0,0,0,0,0,0,-100000,0,0,0,150000,250000,-100000,-100000
054884,友達統一99購01  ,0,0,0,0,0,0,0,0,0,-100000,0,0,0,0,100000,-100000,-100000
055039,神達富邦99購01  ,0,0,0,0,0,0,0,0,0,-100000,0,0,0,0,100000,-100000,-100000
058952,南茂群益99購01  ,0,0,0,0,0,0,0,0,0,-100000,0,0,0,8000,108000,-100000,-100000
059016,晶相光元富99購03,0,0,0,0,0,0,0,0,0,-100000,0,0,0,0,100000,-100000,-100000
05878P,創意群益98售01  ,0,0,0,0,0,0,0,0,0,-100000,0,0,0,0,100000,-100000,-100000
056803,群創台新99購02  ,0,0,0,0,0,0,0,0,0,-100000,0,0,0,0,100000,-100000,-100000
056830,友達富邦99購01  ,0,0,0,0,0,0,0,0,0,-100000,0,0,0,0,100000,-100000,-100000
054535,旺宏富邦97購02  ,0,0,0,0,0,0,0,0,0,-100000,0,0,0,0,100000,-100000,-100000
056735,國巨凱基99購02  ,0,0,0,0,0,0,0,0,0,-100000,0,0,0,20000,120000,-100000,-100000
052521,友達元大9B購01  ,0,0,0,0,0,0,0,0,0,-100000,0,0,0,0,100000,-100000,-100000
053403,彩晶群益98購01  ,0,0,0,0,0,0,0,0,0,-100000,0,0,0,0,100000,-100000,-100000
053374,台達電元大96購03,0,0,0,0,0,0,0,0,0,-100000,0,0,0,100000,200000,-100000,-100000
053927,牧德國票97購01  ,0,0,0,0,0,0,0,0,0,-100000,0,0,0,0,100000,-100000,-100000
060770,宏達電麥證9A購01,0,0,0,10000,110000,-100000,0,0,0,-100000,0,0,0,10000,110000,-100000,-100000
058170,國巨凱基9A購06  ,0,0,0,0,0,0,0,0,0,-100000,0,0,0,0,100000,-100000,-100000
057051,群創元大9B購03  ,0,0,0,0,0,0,0,0,0,-100000,0,0,0,7000,107000,-100000,-100000
059283,康友永豐99購02  ,0,0,0,0,0,0,0,0,0,-100000,0,0,0,68000,168000,-100000,-100000
057937,神達群益98購02  ,0,0,0,0,0,0,0,0,0,-100000,0,0,0,0,100000,-100000,-100000
056945,鴻海統一98購12  ,0,0,0,0,0,0,0,0,0,-100000,0,0,0,1000,101000,-100000,-100000
057846,神達永豐98購01  ,0,0,0,0,0,0,0,0,0,-100000,0,0,0,0,100000,-100000,-100000
06000P,GIS元大96售04   ,0,0,0,0,0,0,0,0,0,-100000,0,0,0,0,100000,-100000,-100000
060042,台積電群益99購12,0,0,0,0,0,0,0,0,0,-100000,0,0,0,0,100000,-100000,-100000
059760,楠梓電永豐99購01,0,0,0,0,0,0,0,0,0,-100000,0,0,0,5000,105000,-100000,-100000
062756,臺指反凱基9C購01,0,0,0,0,0,0,0,0,0,-100000,0,0,0,0,100000,-100000,-100000
062696,國巨元大9B購16  ,0,0,0,0,0,0,0,0,0,-100000,0,0,0,0,100000,-100000,-100000
062611,台灣50元大9B購18,0,0,0,0,0,0,0,0,0,-100000,0,0,0,0,100000,-100000,-100000
063152,健策元富9C購01  ,0,0,0,0,0,0,0,0,0,-100000,0,0,0,116000,216000,-100000,-100000
060936,T50反1國票9A購09,0,0,0,0,0,0,0,0,0,-100000,0,0,0,0,100000,-100000,-100000
060688,世紀鋼元大9C購01,0,0,0,0,0,0,0,0,0,-100000,0,0,0,150000,250000,-100000,-100000
061398,力成中信9A購01  ,0,0,0,0,0,0,0,0,0,-100000,0,0,0,85000,185000,-100000,-100000
061828,T50反1凱基02購01,0,0,0,0,0,0,0,0,0,-100000,0,0,0,0,100000,-100000,-100000
061812,臺指反群益9B購02,0,0,0,0,0,0,0,0,0,-100000,0,0,0,0,100000,-100000,-100000
062086,瑞祺元大9B購01  ,0,0,0,0,0,0,0,0,0,-100000,0,0,0,81000,181000,-100000,-100000
061753,南亞科台新9B購01,0,0,0,0,0,0,0,0,0,-100000,0,0,0,94000,194000,-100000,-100000
061493,T50反1國票9B購04,0,0,0,0,0,0,0,0,0,-100000,0,0,0,0,100000,-100000,-100000
064064,義隆富邦03購01  ,0,0,0,0,0,0,0,0,0,-101000,0,0,0,51000,152000,-101000,-101000
056534,京元電凱基98購01,0,0,0,0,0,0,0,0,0,-101000,0,0,0,24000,125000,-101000,-101000
05736P,臺股指統一96售06,0,0,0,0,0,0,0,0,0,-101000,0,0,0,0,101000,-101000,-101000
058195,鈺齊永豐99購01  ,0,0,0,0,0,0,0,0,0,-101000,0,0,0,50000,151000,-101000,-101000
058036,南電永豐98購01  ,0,0,0,0,0,0,0,0,0,-101000,0,0,0,1000,102000,-101000,-101000
060433,億豐永豐9A購01  ,0,0,0,0,0,0,0,0,0,-101000,0,0,0,0,101000,-101000,-101000
06067P,華新科康和97售01,0,0,0,0,0,0,0,0,0,-101000,0,0,0,9000,110000,-101000,-101000
060717,康控永豐9A購01  ,0,0,0,0,0,0,0,0,0,-101000,0,0,0,57000,158000,-101000,-101000
063077,巨大永豐9B購03  ,0,0,0,0,0,0,0,0,0,-101000,0,0,0,182000,283000,-101000,-101000
062616,玉晶光元大9C購06,0,0,0,0,0,0,0,0,0,-101000,0,0,0,44000,145000,-101000,-101000
064090,祥碩凱基9C購03  ,0,0,0,0,0,0,0,0,0,-102000,0,0,0,17000,119000,-102000,-102000
08111P,臺股指中信01售06,0,0,0,0,0,0,0,0,0,-102000,0,0,0,46000,148000,-102000,-102000
060258,T50反1凱基9A購06,0,0,0,0,0,0,0,0,0,-102000,0,0,0,0,102000,-102000,-102000
058356,華邦電凱基99購01,0,0,0,0,0,0,0,0,0,-102000,0,0,0,40000,142000,-102000,-102000
058324,嘉聯益永豐9A購01,0,0,0,0,0,0,0,0,0,-102000,0,0,0,68000,170000,-102000,-102000
059643,日月光凱基99購02,0,0,0,0,0,0,0,0,0,-102000,0,0,0,33000,135000,-102000,-102000
062460,京鼎群益9C購01  ,0,0,0,0,0,0,0,0,0,-102000,0,0,0,159000,261000,-102000,-102000
061543,南亞科群益9A購01,0,0,0,0,0,0,0,0,0,-102000,0,0,0,101000,203000,-102000,-102000
064017,道瓊反元大9C購03,0,0,0,0,0,0,0,0,0,-103000,0,0,0,0,103000,-103000,-103000
055874,中環元富9A購01  ,0,0,0,0,0,0,0,0,0,-103000,0,0,0,360000,463000,-103000,-103000
058808,大成鋼統一9B購01,0,0,0,0,0,0,0,0,0,-103000,0,0,0,0,103000,-103000,-103000
059164,旺宏凱基99購06  ,0,0,0,0,0,0,0,0,0,-103000,0,0,0,0,103000,-103000,-103000
060162,碩天永豐9A購01  ,0,0,0,0,0,0,0,0,0,-103000,0,0,0,15000,118000,-103000,-103000
061638,國泰金元大9A購03,0,0,0,0,0,0,0,0,0,-103000,0,0,0,23000,126000,-103000,-103000
060928,明泰永豐9A購01  ,0,0,0,0,0,0,0,0,0,-103000,0,0,0,0,103000,-103000,-103000
061279,鴻海統一9C購04  ,0,0,0,0,0,0,0,0,0,-103000,0,0,0,1000,104000,-103000,-103000
063222,群創群益9B購03  ,0,0,0,0,0,0,0,0,0,-103000,0,0,0,253000,356000,-103000,-103000
063223,牧德群益9B購04  ,0,0,0,0,0,0,0,0,0,-103000,0,0,0,130000,233000,-103000,-103000
063738,奇鋐元大9B購03  ,0,0,0,0,0,0,0,0,0,-104000,0,0,0,0,104000,-104000,-104000
060620,玉晶光元大9A購04,0,0,0,0,0,0,0,0,0,-104000,0,0,0,34000,138000,-104000,-104000
057891,華新科統一9A購01,0,0,0,0,0,0,0,0,0,-104000,0,0,0,0,104000,-104000,-104000
059766,同欣電永豐99購03,0,0,0,0,0,0,0,0,0,-104000,0,0,0,62000,166000,-104000,-104000
058738,FBVIX中信03購04 ,0,0,0,0,0,0,0,0,0,-104000,0,0,0,0,104000,-104000,-104000
062801,宏達電統一01購01,0,0,0,0,0,0,0,0,0,-104000,0,0,0,260000,364000,-104000,-104000
063662,上銀統一01購03  ,0,0,0,0,0,0,0,0,0,-105000,0,0,0,0,105000,-105000,-105000
08315P,台積電元大9C售08,0,0,0,0,0,0,0,0,0,-105000,0,0,0,0,105000,-105000,-105000
07919P,創意永豐9B售01  ,0,0,0,0,0,0,0,0,0,-105000,0,0,0,266000,371000,-105000,-105000
07807P,聯茂永豐9A售02  ,0,0,0,0,0,0,0,0,0,-105000,0,0,0,0,105000,-105000,-105000
054720,禾伸堂永豐97購01,0,0,0,0,0,0,0,0,0,-105000,0,0,0,0,105000,-105000,-105000
062717,華邦電凱基9C購01,0,0,0,0,0,0,0,0,0,-105000,0,0,0,20000,125000,-105000,-105000
060826,牧德元大9B購02  ,0,0,0,0,0,0,0,0,0,-105000,0,0,0,5000,110000,-105000,-105000
063958,瑞祺元大9C購01  ,0,0,0,0,0,0,0,0,0,-106000,0,0,0,0,106000,-106000,-106000
063863,儒鴻富邦02購01  ,0,0,0,0,0,0,0,0,0,-106000,0,0,0,0,106000,-106000,-106000
058664,百和兆豐99購01  ,0,0,0,0,0,0,0,0,0,-106000,0,0,0,13000,119000,-106000,-106000
060721,瑞儀永豐9A購01  ,0,0,0,0,0,0,0,0,0,-106000,0,0,0,148000,254000,-106000,-106000
059403,T50反1台新03購03,0,0,0,0,0,0,0,0,0,-106000,0,0,0,5000,111000,-106000,-106000
061160,瑞祺群益9A購01  ,0,0,0,0,0,0,0,0,0,-106000,0,0,0,9000,115000,-106000,-106000
063862,世紀鋼國泰02購01,0,0,0,0,0,0,0,0,0,-107000,0,0,0,196000,303000,-107000,-107000
2459,敦吉            ,9000,116000,-107000,0,0,0,0,0,0,0,0,0,0,0,0,0,-107000
053339,友達國票97購02  ,0,0,0,0,0,0,0,0,0,-107000,0,0,0,1000,108000,-107000,-107000
058190,貿聯永豐99購01  ,0,0,0,0,0,0,0,0,0,-107000,0,0,0,0,107000,-107000,-107000
060246,晶相光元大9C購03,0,0,0,0,0,0,0,0,0,-107000,0,0,0,7000,114000,-107000,-107000
060616,宏碁元大9A購02  ,0,0,0,0,0,0,0,0,0,-107000,0,0,0,23000,130000,-107000,-107000
059037,宏達電群益99購02,0,0,0,0,0,0,0,0,0,-107000,0,0,0,44000,151000,-107000,-107000
061243,麗豐兆豐9A購01  ,0,0,0,0,0,0,0,0,0,-107000,0,0,0,20000,127000,-107000,-107000
2413,環科            ,6000,114000,-108000,0,0,0,0,0,0,0,0,0,0,0,0,0,-108000
08169P,台光電群益9B售04,0,0,0,0,0,0,0,0,0,-108000,0,0,0,4000,112000,-108000,-108000
063990,世芯永豐01購01  ,0,0,0,0,0,0,0,0,0,-108000,0,0,0,0,108000,-108000,-108000
04731P,臺股指中信96售03,0,0,0,0,0,0,0,0,0,-108000,0,0,0,79000,187000,-108000,-108000
056269,新日興統一98購01,0,0,0,0,0,0,0,0,0,-108000,0,0,0,0,108000,-108000,-108000
059869,友達凱基99購07  ,0,0,0,0,0,0,0,0,0,-108000,0,0,0,2000,110000,-108000,-108000
059865,國巨凱基01購01  ,0,0,0,0,0,0,0,0,0,-108000,0,0,0,404000,512000,-108000,-108000
057558,致新凱基98購01  ,0,0,0,0,0,0,0,0,0,-108000,0,0,0,2000,110000,-108000,-108000
057547,技嘉凱基99購01  ,0,0,0,0,0,0,0,0,0,-108000,0,0,0,56000,164000,-108000,-108000
059395,T50反1元富99購03,0,0,0,0,0,0,0,0,0,-108000,0,0,0,142000,250000,-108000,-108000
058397,大成鋼元大99購02,0,0,0,0,0,0,0,0,0,-108000,0,0,0,81000,189000,-108000,-108000
058398,中環元大99購02  ,0,0,0,0,0,0,0,0,0,-108000,0,0,0,82000,190000,-108000,-108000
062468,台積電凱基9B購06,0,0,0,0,0,0,0,0,0,-108000,0,0,0,27000,135000,-108000,-108000
063363,鴻海富邦9B購02  ,0,0,0,0,0,0,0,0,0,-108000,0,0,0,0,108000,-108000,-108000
07559P,祥碩元大9A售03  ,0,0,0,0,0,0,0,0,0,-109000,0,0,0,61000,170000,-109000,-109000
063375,牧德永豐9B購02  ,0,0,0,0,0,0,0,0,0,-109000,0,0,0,0,109000,-109000,-109000
060679,聯詠元大9A購04  ,0,0,0,0,0,0,0,0,0,-109000,0,0,0,66000,175000,-109000,-109000
07839P,嘉澤元大9A售04  ,0,0,0,0,0,0,0,0,0,-110000,0,0,0,0,110000,-110000,-110000
06632P,創意群益98售03  ,0,0,0,0,0,0,0,0,0,-110000,0,0,0,0,110000,-110000,-110000
056327,樺漢兆豐98購01  ,0,0,0,0,0,0,0,0,0,-110000,0,0,0,0,110000,-110000,-110000
054458,復盛群益96購01  ,0,0,0,0,0,0,0,0,0,-110000,0,0,0,0,110000,-110000,-110000
055675,亞德客凱基97購02,0,0,0,0,0,0,0,0,0,-110000,0,0,0,0,110000,-110000,-110000
055216,友達凱基98購05  ,0,0,0,0,0,0,0,0,0,-110000,0,0,0,0,110000,-110000,-110000
050170,臺指反元大97購02,0,0,0,0,0,0,0,0,0,-110000,0,0,0,0,110000,-110000,-110000
053413,台積電國票99購01,0,0,0,0,0,0,0,0,0,-110000,0,0,0,941000,1051000,-110000,-110000
053875,GIS元大97購01   ,0,0,0,0,0,0,0,0,0,-110000,0,0,0,0,110000,-110000,-110000
060367,緯穎元富9A購02  ,0,0,0,0,0,0,0,0,0,-110000,0,0,0,39000,149000,-110000,-110000
062495,友達中信01購02  ,0,0,0,0,0,0,0,0,0,-110000,0,0,0,30000,140000,-110000,-110000
062719,微星凱基9B購01  ,0,0,0,0,0,0,0,0,0,-110000,0,0,0,168000,278000,-110000,-110000
062269,葡萄王群益9B購01,0,0,0,0,0,0,0,0,0,-110000,0,0,0,0,110000,-110000,-110000
6257,矽格            ,772000,501677,270323,0,0,0,0,0,0,-381000,31000,346000,-315000,19000,85000,-66000,-110677
054472,道瓊反中信9A購01,0,0,0,0,0,0,0,0,0,-111000,0,0,0,101000,212000,-111000,-111000
060600,台積電凱基9C購01,0,0,0,0,0,0,0,0,0,-111000,0,0,0,20000,131000,-111000,-111000
060248,日月光元大9A購01,0,0,0,0,0,0,0,0,0,-111000,0,0,0,48000,159000,-111000,-111000
058605,華邦電元大99購04,0,0,0,0,0,0,0,0,0,-111000,0,0,0,108000,219000,-111000,-111000
062883,智易兆豐9C購01  ,0,0,0,0,0,0,0,0,0,-111000,0,0,0,0,111000,-111000,-111000
064135,復盛元大9C購01  ,0,0,0,0,0,0,0,0,0,-112000,0,0,0,0,112000,-112000,-112000
064180,國巨富邦02購03  ,0,0,0,0,0,0,0,0,0,-112000,0,0,0,0,112000,-112000,-112000
063600,燿華凱基9B購04  ,0,0,0,0,0,0,0,0,0,-112000,0,0,0,20000,132000,-112000,-112000
059911,國巨元大99購27  ,0,0,0,0,0,0,0,0,0,-112000,0,0,0,76000,188000,-112000,-112000
059056,技嘉凱基99購02  ,0,0,0,0,0,0,0,0,0,-112000,0,0,0,57000,169000,-112000,-112000
057837,康控國泰99購02  ,0,0,0,0,0,0,0,0,0,-112000,0,0,0,81000,193000,-112000,-112000
058160,奇鋐元富99購01  ,0,0,0,0,0,0,0,0,0,-112000,0,0,0,0,112000,-112000,-112000
058476,旺宏凱基9A購01  ,0,0,0,0,0,0,0,0,0,-112000,0,0,0,0,112000,-112000,-112000
063051,仁寶統一01購01  ,0,0,0,0,0,0,0,0,0,-112000,0,0,0,0,112000,-112000,-112000
063239,建準元大9B購01  ,0,0,0,0,0,0,0,0,0,-112000,0,0,0,114000,226000,-112000,-112000
062622,南電元大9B購03  ,0,0,0,0,0,0,0,0,0,-112000,0,0,0,68000,180000,-112000,-112000
061132,志超永豐9A購01  ,0,0,0,0,0,0,0,0,0,-112000,0,0,0,146000,258000,-112000,-112000
056469,國巨元大99購01  ,0,0,0,0,0,0,0,0,0,-113000,0,0,0,19000,132000,-113000,-113000
055240,京元電元富97購01,0,0,0,0,0,0,0,0,0,-113000,0,0,0,0,113000,-113000,-113000
055029,帆宣國泰99購01  ,0,0,0,0,0,0,0,0,0,-113000,0,0,0,4000,117000,-113000,-113000
060718,中磊永豐9A購01  ,0,0,0,0,0,0,0,0,0,-113000,0,0,0,48000,161000,-113000,-113000
061317,旺宏凱基9A購05  ,0,0,0,0,0,0,0,0,0,-113000,0,0,0,0,113000,-113000,-113000
063272,GIS兆豐9C購01   ,0,0,0,0,0,0,0,0,0,-113000,0,0,0,62000,175000,-113000,-113000
063327,燿華國票9C購02  ,0,0,0,0,0,0,0,0,0,-113000,0,0,0,20000,133000,-113000,-113000
063121,友達元大9C購09  ,0,0,0,0,0,0,0,0,0,-113000,0,0,0,125000,238000,-113000,-113000
06378P,國巨統一97售08  ,0,0,0,0,0,0,0,0,0,-114000,0,0,0,0,114000,-114000,-114000
08118P,嘉澤元富9B售02  ,0,0,0,0,0,0,0,0,0,-114000,0,0,0,0,114000,-114000,-114000
055619,同欣電國票98購02,0,0,0,0,0,0,0,0,0,-114000,0,0,0,299000,413000,-114000,-114000
05306P,泰碩國泰97售01  ,0,0,0,0,0,0,0,0,0,-114000,0,0,0,40000,154000,-114000,-114000
053965,聯電元大98購04  ,0,0,0,0,0,0,0,0,0,-114000,0,0,0,259000,373000,-114000,-114000
058434,旺宏統一9B購01  ,0,0,0,0,0,0,0,0,0,-114000,0,0,0,10000,124000,-114000,-114000
057508,康控國票99購03  ,0,0,0,0,0,0,0,0,0,-114000,0,0,0,351000,465000,-114000,-114000
062908,晶豪科元大9B購03,0,0,0,0,0,0,0,0,0,-114000,0,0,0,35000,149000,-114000,-114000
060817,華邦電台新9A購01,0,0,0,0,0,0,0,0,0,-114000,0,0,0,143000,257000,-114000,-114000
08158P,嘉澤元富9B售03  ,0,0,0,0,0,0,0,0,0,-115000,0,0,0,0,115000,-115000,-115000
063707,儒鴻凱基9C購01  ,0,0,0,0,0,0,0,0,0,-115000,0,0,0,0,115000,-115000,-115000
064110,國巨國票01購01  ,0,0,0,0,0,0,0,0,0,-115000,0,0,0,0,115000,-115000,-115000
06878P,台灣50日盛9B售01,0,0,0,0,0,0,0,0,0,-115000,0,0,0,0,115000,-115000,-115000
07208P,台積電凱基99售14,0,0,0,0,0,0,0,0,0,-115000,0,0,0,47000,162000,-115000,-115000
057926,帆宣凱基98購02  ,0,0,0,0,0,0,0,0,0,-115000,0,0,0,0,115000,-115000,-115000
056911,緯穎元大99購01  ,0,0,0,0,0,0,0,0,0,-115000,0,0,0,173000,288000,-115000,-115000
057181,亞光元大98購02  ,0,0,0,0,0,0,0,0,0,-115000,0,0,0,68000,183000,-115000,-115000
061181,牧德凱基9A購01  ,0,0,0,0,0,0,0,0,0,-115000,0,0,0,0,115000,-115000,-115000
061583,矽創元大9A購01  ,0,0,0,0,0,0,0,0,0,-115000,0,0,0,230000,345000,-115000,-115000
061482,健策元大9C購01  ,0,0,0,0,0,0,0,0,0,-115000,0,0,0,49000,164000,-115000,-115000
063066,同欣電麥證9B購01,0,0,0,0,301000,-301000,0,0,0,-115000,0,0,0,186000,301000,-115000,-115000
057995,華新科中信98購02,0,0,0,0,0,0,0,0,0,-116000,0,0,0,0,116000,-116000,-116000
059189,國泰金富邦9B購01,0,0,0,0,0,0,0,0,0,-116000,0,0,0,5000,121000,-116000,-116000
062654,技嘉永豐9B購01  ,0,0,0,0,0,0,0,0,0,-116000,0,0,0,57000,173000,-116000,-116000
062252,華邦電元大9C購01,0,0,0,0,0,0,0,0,0,-116000,0,0,0,40000,156000,-116000,-116000
06995P,臺股指凱基99售16,0,0,0,0,0,0,0,0,0,-117000,0,0,0,0,117000,-117000,-117000
08054P,臺股指國票9B售19,0,0,0,0,0,0,0,0,0,-117000,0,0,0,90000,207000,-117000,-117000
053805,奇鋐凱基98購02  ,0,0,0,0,0,0,0,0,0,-117000,0,0,0,0,117000,-117000,-117000
058750,緯穎凱基9A購03  ,0,0,0,0,0,0,0,0,0,-117000,0,0,0,0,117000,-117000,-117000
1417,嘉裕            ,13000,132000,-119000,0,0,0,0,0,0,1000,1000,0,1000,0,0,0,-118000
2472,立隆電          ,127000,253000,-126000,0,0,0,0,0,0,8000,15000,7000,8000,0,0,0,-118000
054590,嘉聯益國泰98購01,0,0,0,0,0,0,0,0,0,-118000,0,0,0,10000,128000,-118000,-118000
060214,茂林康和9A購01  ,0,0,0,0,0,0,0,0,0,-118000,0,0,0,40000,158000,-118000,-118000
062421,台積電統一9C購09,0,0,0,0,0,0,0,0,0,-118000,0,0,0,40000,158000,-118000,-118000
062494,中石化中信9C購01,0,0,0,0,0,0,0,0,0,-118000,0,0,0,0,118000,-118000,-118000
061592,義隆永豐9A購03  ,0,0,0,0,0,0,0,0,0,-118000,0,0,0,171000,289000,-118000,-118000
063984,華邦電國泰02購01,0,0,0,0,0,0,0,0,0,-119000,0,0,0,0,119000,-119000,-119000
054318,台虹凱基98購01  ,0,0,0,0,0,0,0,0,0,-119000,0,0,0,64000,183000,-119000,-119000
060619,玉晶光元大9A購03,0,0,0,0,0,0,0,0,0,-119000,0,0,0,20000,139000,-119000,-119000
060633,玉晶光富邦02購01,0,0,0,0,0,0,0,0,0,-119000,0,0,0,88000,207000,-119000,-119000
059924,世紀鋼元大99購06,0,0,0,0,0,0,0,0,0,-119000,0,0,0,150000,269000,-119000,-119000
057784,台積電國票9B購01,0,0,0,0,0,0,0,0,0,-119000,0,0,0,575000,694000,-119000,-119000
062060,奇鋐統一9C購01  ,0,0,0,0,0,0,0,0,0,-119000,0,0,0,3000,122000,-119000,-119000
061395,健策統一9C購02  ,0,0,0,0,0,0,0,0,0,-119000,0,0,0,10000,129000,-119000,-119000
063429,南電凱基01購01  ,0,0,0,0,0,0,0,0,0,-119000,0,0,0,11000,130000,-119000,-119000
063902,志超群益9C購01  ,0,0,0,0,0,0,0,0,0,-120000,0,0,0,92000,212000,-120000,-120000
06940P,旺宏永豐98售05  ,0,0,0,0,0,0,0,0,0,-120000,0,0,0,30000,150000,-120000,-120000
046191,新光金凱基98購01,0,0,0,0,0,0,0,0,0,-120000,0,0,0,0,120000,-120000,-120000
056088,台郡統一97購02  ,0,0,0,0,0,0,0,0,0,-120000,0,0,0,4000,124000,-120000,-120000
055301,台虹元大97購01  ,0,0,0,0,0,0,0,0,0,-120000,0,0,0,42000,162000,-120000,-120000
059047,元油2X凱基9A購10,0,0,0,0,0,0,0,0,0,-120000,0,0,0,0,120000,-120000,-120000
056920,友達兆豐98購02  ,0,0,0,0,0,0,0,0,0,-120000,0,0,0,20000,140000,-120000,-120000
060565,大立光富邦01購01,0,0,0,0,0,0,0,0,0,-120000,0,0,0,0,120000,-120000,-120000
060383,葡萄王凱基9A購01,0,0,0,0,0,0,0,0,0,-120000,0,0,0,23000,143000,-120000,-120000
060777,茂林凱基9C購01  ,0,0,0,0,0,0,0,0,0,-120000,0,0,0,10000,130000,-120000,-120000
057007,奇力新中信98購04,0,0,0,0,0,0,0,0,0,-120000,0,0,0,0,120000,-120000,-120000
058520,智易元大99購03  ,0,0,0,0,0,0,0,0,0,-120000,0,0,0,112000,232000,-120000,-120000
06328P,台積電中信01售02,0,0,0,0,0,0,0,0,0,-120000,0,0,0,10000,130000,-120000,-120000
062617,京鼎元大9B購01  ,0,0,0,0,0,0,0,0,0,-120000,0,0,0,133000,253000,-120000,-120000
07312P,台灣50元大99售10,0,0,0,0,0,0,0,0,0,-121000,0,0,0,42000,163000,-121000,-121000
07818P,台積電國票9C售01,0,0,0,0,0,0,0,0,0,-121000,0,0,0,0,121000,-121000,-121000
055390,國巨統一98購03  ,0,0,0,0,0,0,0,0,0,-121000,0,0,0,0,121000,-121000,-121000
058421,國泰金麥證01購01,0,0,0,93000,214000,-121000,0,0,0,-121000,0,0,0,93000,214000,-121000,-121000
063112,祥碩兆豐9B購01  ,0,0,0,0,0,0,0,0,0,-121000,0,0,0,12000,133000,-121000,-121000
061367,瑞祺國票9A購01  ,0,0,0,0,0,0,0,0,0,-121000,0,0,0,10000,131000,-121000,-121000
063434,和潤元富9B購01  ,0,0,0,0,0,0,0,0,0,-121000,0,0,0,1000,122000,-121000,-121000
063659,世紀鋼元富9B購01,0,0,0,0,0,0,0,0,0,-122000,0,0,0,46000,168000,-122000,-122000
00710B,FH彭博高收益債  ,5000,0,5000,0,0,0,0,0,0,-127000,0,0,0,25000,152000,-127000,-122000
056517,茂林兆豐99購01  ,0,0,0,0,0,0,0,0,0,-122000,0,0,0,145000,267000,-122000,-122000
060783,亞德客富邦9B購01,0,0,0,0,0,0,0,0,0,-122000,0,0,0,139000,261000,-122000,-122000
060470,台勝科元大9A購03,0,0,0,0,0,0,0,0,0,-122000,0,0,0,25000,147000,-122000,-122000
059288,旺宏元富99購03  ,0,0,0,0,0,0,0,0,0,-122000,0,0,0,0,122000,-122000,-122000
06140P,華新科群益97售06,0,0,0,0,0,0,0,0,0,-122000,0,0,0,0,122000,-122000,-122000
063219,友達群益9B購03  ,0,0,0,0,0,0,0,0,0,-122000,0,0,0,89000,211000,-122000,-122000
6224,聚鼎            ,45000,167000,-122000,0,0,0,0,0,0,0,0,0,0,0,0,0,-122000
056422,全新統一98購02  ,0,0,0,0,0,0,0,0,0,-123000,0,0,0,240000,363000,-123000,-123000
056726,友達日盛9A購01  ,0,0,0,0,0,0,0,0,0,-123000,0,0,0,0,123000,-123000,-123000
052572,群創凱基99購01  ,0,0,0,0,0,0,0,0,0,-123000,0,0,0,117000,240000,-123000,-123000
057105,致茂群益9A購01  ,0,0,0,0,0,0,0,0,0,-123000,0,0,0,0,123000,-123000,-123000
061411,T50反1群益9A購05,0,0,0,0,0,0,0,0,0,-123000,0,0,0,25000,148000,-123000,-123000
055518,華新科中信99購01,0,0,0,0,0,0,0,0,0,-124000,0,0,0,0,124000,-124000,-124000
051590,玉晶光元大96購02,0,0,0,0,0,0,0,0,0,-124000,0,0,0,1000,125000,-124000,-124000
060651,瑞儀中信9B購01  ,0,0,0,0,0,0,0,0,0,-124000,0,0,0,48000,172000,-124000,-124000
059062,群創凱基99購05  ,0,0,0,0,0,0,0,0,0,-124000,0,0,0,66000,190000,-124000,-124000
060682,牧德元大9A購03  ,0,0,0,0,0,0,0,0,0,-124000,0,0,0,17000,141000,-124000,-124000
060847,康控國票9A購01  ,0,0,0,0,0,0,0,0,0,-124000,0,0,0,122000,246000,-124000,-124000
060851,國巨國泰9C購01  ,0,0,0,0,0,0,0,0,0,-124000,0,0,0,1058000,1182000,-124000,-124000
062982,同欣電元富9B購01,0,0,0,0,0,0,0,0,0,-124000,0,0,0,158000,282000,-124000,-124000
062166,致新國泰01購01  ,0,0,0,0,0,0,0,0,0,-124000,0,0,0,20000,144000,-124000,-124000
063952,玉晶光元大01購01,0,0,0,0,0,0,0,0,0,-125000,0,0,0,0,125000,-125000,-125000
057446,旺宏元富02購01  ,0,0,0,0,0,0,0,0,0,-125000,0,0,0,16000,141000,-125000,-125000
057320,玉晶光凱基98購01,0,0,0,0,0,0,0,0,0,-125000,0,0,0,110000,235000,-125000,-125000
062218,燿華統一01購01  ,0,0,0,0,0,0,0,0,0,-125000,0,0,0,0,125000,-125000,-125000
063206,貿聯統一9C購02  ,0,0,0,0,0,0,0,0,0,-125000,0,0,0,35000,160000,-125000,-125000
061764,旺宏元大9B購01  ,0,0,0,0,0,0,0,0,0,-125000,0,0,0,0,125000,-125000,-125000
05620P,大立光富邦9B售01,0,0,0,0,0,0,0,0,0,-126000,0,0,0,0,126000,-126000,-126000
05631P,國巨富邦9A售01  ,0,0,0,0,0,0,0,0,0,-126000,0,0,0,75000,201000,-126000,-126000
057641,旺宏元大98購10  ,0,0,0,0,0,0,0,0,0,-126000,0,0,0,0,126000,-126000,-126000
06145P,華新科永豐97售02,0,0,0,0,0,0,0,0,0,-126000,0,0,0,40000,166000,-126000,-126000
061917,亞德客凱基9B購02,0,0,0,0,0,0,0,0,0,-126000,0,0,0,34000,160000,-126000,-126000
061235,台積電元大9A購23,0,0,0,0,0,0,0,0,0,-126000,0,0,0,3000,129000,-126000,-126000
064025,友達元大02購01  ,0,0,0,0,0,0,0,0,0,-127000,0,0,0,93000,220000,-127000,-127000
060513,緯穎元大9B購01  ,0,0,0,0,0,0,0,0,0,-127000,0,0,0,96000,223000,-127000,-127000
058450,旺宏永豐99購01  ,0,0,0,0,0,0,0,0,0,-127000,0,0,0,0,127000,-127000,-127000
061978,旺宏元大9C購01  ,0,0,0,0,0,0,0,0,0,-127000,0,0,0,5000,132000,-127000,-127000
063103,技嘉群益9B購01  ,0,0,0,0,0,0,0,0,0,-127000,0,0,0,191000,318000,-127000,-127000
051292,牧德統一97購01  ,0,0,0,0,0,0,0,0,0,-128000,0,0,0,50000,178000,-128000,-128000
056663,臺股指元大9A購10,0,0,0,0,0,0,0,0,0,-128000,0,0,0,279000,407000,-128000,-128000
052911,友達統一97購02  ,0,0,0,0,0,0,0,0,0,-128000,0,0,0,0,128000,-128000,-128000
056958,喬山永豐98購01  ,0,0,0,0,0,0,0,0,0,-128000,0,0,0,16000,144000,-128000,-128000
062496,矽創中信9B購01  ,0,0,0,0,0,0,0,0,0,-128000,0,0,0,181000,309000,-128000,-128000
063477,訊芯元大9B購01  ,0,0,0,0,0,0,0,0,0,-129000,0,0,0,154000,283000,-129000,-129000
07171P,臺股指國票99售08,0,0,0,0,0,0,0,0,0,-129000,0,0,0,174000,303000,-129000,-129000
3010,華立            ,312000,442000,-130000,0,0,0,0,0,0,1000,1000,0,1000,0,0,0,-129000
047769,大立光元大96購01,0,0,0,0,0,0,0,0,0,-129000,0,0,0,78000,207000,-129000,-129000
063418,京元電凱基9B購03,0,0,0,0,0,0,0,0,0,-129000,0,0,0,0,129000,-129000,-129000
061292,玉晶光統一01購06,0,0,0,0,0,0,0,0,0,-129000,0,0,0,0,129000,-129000,-129000
056397,彩晶永豐99購01  ,0,0,0,0,0,0,0,0,0,-130000,0,0,0,0,130000,-130000,-130000
056487,康友元大98購01  ,0,0,0,0,0,0,0,0,0,-130000,0,0,0,0,130000,-130000,-130000
054471,T50反1中信9C購01,0,0,0,0,0,0,0,0,0,-130000,0,0,0,10000,140000,-130000,-130000
055661,亞德客中信98購01,0,0,0,0,0,0,0,0,0,-130000,0,0,0,25000,155000,-130000,-130000
056084,漢唐統一97購03  ,0,0,0,0,0,0,0,0,0,-130000,0,0,0,0,130000,-130000,-130000
058435,旺宏統一9B購02  ,0,0,0,0,0,0,0,0,0,-130000,0,0,0,0,130000,-130000,-130000
059730,晶相光元大9C購02,0,0,0,0,0,0,0,0,0,-130000,0,0,0,100000,230000,-130000,-130000
058762,貿聯群益99購03  ,0,0,0,0,0,0,0,0,0,-131000,0,0,0,40000,171000,-131000,-131000
059539,緯穎凱基99購03  ,0,0,0,0,0,0,0,0,0,-131000,0,0,0,0,131000,-131000,-131000
056970,TPK永豐98購01   ,0,0,0,0,0,0,0,0,0,-131000,0,0,0,70000,201000,-131000,-131000
063403,鈺齊群益9B購01  ,0,0,0,0,0,0,0,0,0,-131000,0,0,0,104000,235000,-131000,-131000
5608,四維航          ,268000,398000,-130000,0,0,0,0,0,0,-1000,0,1000,-1000,0,0,0,-131000
07940P,國巨群益9B售06  ,0,0,0,0,0,0,0,0,0,-132000,0,0,0,0,132000,-132000,-132000
07652P,臺股指中信9A售07,0,0,0,0,0,0,0,0,0,-132000,0,0,0,0,132000,-132000,-132000
064000,台郡兆豐9C購01  ,0,0,0,0,0,0,0,0,0,-132000,0,0,0,3000,135000,-132000,-132000
055336,茂林兆豐98購01  ,0,0,0,0,0,0,0,0,0,-132000,0,0,0,86000,218000,-132000,-132000
060454,葡萄王元大9A購01,0,0,0,0,0,0,0,0,0,-132000,0,0,0,0,132000,-132000,-132000
063188,TPK凱基9B購01   ,0,0,0,0,0,0,0,0,0,-132000,0,0,0,355000,487000,-132000,-132000
063926,南亞科統一03購01,0,0,0,0,0,0,0,0,0,-133000,0,0,0,53000,186000,-133000,-133000
058911,茂林元大99購04  ,0,0,0,0,0,0,0,0,0,-133000,0,0,0,82000,215000,-133000,-133000
055443,台虹國票98購01  ,0,0,0,0,0,0,0,0,0,-133000,0,0,0,0,133000,-133000,-133000
053186,健策中信9C購01  ,0,0,0,0,0,0,0,0,0,-133000,0,0,0,8000,141000,-133000,-133000
059438,群創元大99購06  ,0,0,0,0,0,0,0,0,0,-133000,0,0,0,47000,180000,-133000,-133000
057356,彩晶統一98購04  ,0,0,0,0,0,0,0,0,0,-133000,0,0,0,0,133000,-133000,-133000
057377,康控元大99購02  ,0,0,0,0,0,0,0,0,0,-133000,0,0,0,212000,345000,-133000,-133000
1227,佳格            ,567111,700584,-133473,0,0,0,0,0,0,0,0,0,0,0,0,0,-133473
054477,聯發科中信9C購02,0,0,0,0,0,0,0,0,0,-134000,0,0,0,0,134000,-134000,-134000
060242,潤泰全元大9C購01,0,0,0,0,0,0,0,0,0,-134000,0,0,0,0,134000,-134000,-134000
061168,力成兆豐9A購01  ,0,0,0,0,0,0,0,0,0,-134000,0,0,0,0,134000,-134000,-134000
061696,南茂群益9A購01  ,0,0,0,0,0,0,0,0,0,-134000,0,0,0,39000,173000,-134000,-134000
063896,世芯群益9C購01  ,0,0,0,0,0,0,0,0,0,-135000,0,0,0,175000,310000,-135000,-135000
063719,T50反1元大9B購11,0,0,0,0,0,0,0,0,0,-135000,0,0,0,50000,185000,-135000,-135000
07031P,台灣50中信03售02,0,0,0,0,0,0,0,0,0,-135000,0,0,0,0,135000,-135000,-135000
061464,瑞昱群益9A購01  ,0,0,0,0,0,0,0,0,0,-135000,0,0,0,10000,145000,-135000,-135000
061900,志超永豐9B購01  ,0,0,0,0,0,0,0,0,0,-135000,0,0,0,106000,241000,-135000,-135000
062308,旺宏凱基9B購04  ,0,0,0,0,0,0,0,0,0,-135000,0,0,0,0,135000,-135000,-135000
063579,GIS元大9C購01   ,0,0,0,0,0,0,0,0,0,-136000,0,0,0,40000,176000,-136000,-136000
063876,華新元富9C購01  ,0,0,0,0,0,0,0,0,0,-136000,0,0,0,85000,221000,-136000,-136000
056323,旺宏兆豐98購01  ,0,0,0,0,0,0,0,0,0,-136000,0,0,0,10000,146000,-136000,-136000
054258,牧德元大97購01  ,0,0,0,0,0,0,0,0,0,-136000,0,0,0,45000,181000,-136000,-136000
060158,廣達永豐9A購01  ,0,0,0,0,0,0,0,0,0,-136000,0,0,0,140000,276000,-136000,-136000
057049,新日興元大98購02,0,0,0,0,0,0,0,0,0,-136000,0,0,0,0,136000,-136000,-136000
060127,牧德永豐99購02  ,0,0,0,0,0,0,0,0,0,-136000,0,0,0,58000,194000,-136000,-136000
064057,緯穎統一02購01  ,0,0,0,0,0,0,0,0,0,-137000,0,0,0,0,137000,-137000,-137000
055894,欣興統一97購03  ,0,0,0,0,0,0,0,0,0,-137000,0,0,0,0,137000,-137000,-137000
055071,群電永豐97購01  ,0,0,0,0,0,0,0,0,0,-137000,0,0,0,0,137000,-137000,-137000
057833,聯發科元富02購06,0,0,0,0,0,0,0,0,0,-137000,0,0,0,42000,179000,-137000,-137000
059454,亞光永豐99購01  ,0,0,0,0,0,0,0,0,0,-137000,0,0,0,0,137000,-137000,-137000
060548,友達凱基9B購03  ,0,0,0,0,0,0,0,0,0,-137000,0,0,0,10000,147000,-137000,-137000
061569,旺宏元大9A購14  ,0,0,0,0,0,0,0,0,0,-137000,0,0,0,0,137000,-137000,-137000
06125P,楠梓電元富99售01,0,0,0,0,0,0,0,0,0,-137000,0,0,0,2000,139000,-137000,-137000
063491,國巨富邦02購02  ,0,0,0,0,0,0,0,0,0,-138000,0,0,0,197000,335000,-138000,-138000
07106P,國巨統一9B售05  ,0,0,0,0,0,0,0,0,0,-138000,0,0,0,0,138000,-138000,-138000
046628,大立光統一98購01,0,0,0,0,0,0,0,0,0,-138000,0,0,0,5000,143000,-138000,-138000
052203,T50反1中信99購03,0,0,0,0,0,0,0,0,0,-138000,0,0,0,145000,283000,-138000,-138000
060363,美律元富9A購01  ,0,0,0,0,0,0,0,0,0,-138000,0,0,0,171000,309000,-138000,-138000
058618,南電元大99購02  ,0,0,0,0,0,0,0,0,0,-138000,0,0,0,23000,161000,-138000,-138000
062596,緯穎統一01購02  ,0,0,0,0,0,0,0,0,0,-138000,0,0,0,2000,140000,-138000,-138000
6142,友勁            ,35000,64000,-29000,0,0,0,0,0,0,-109000,0,109000,-109000,0,0,0,-138000
06721P,臺股指中信9A售03,0,0,0,0,0,0,0,0,0,-139000,0,0,0,10000,149000,-139000,-139000
063634,台光電元大9B購09,0,0,0,0,0,0,0,0,0,-139000,0,0,0,15000,154000,-139000,-139000
054828,正崴國泰99購01  ,0,0,0,0,0,0,0,0,0,-139000,0,0,0,10000,149000,-139000,-139000
060571,京元電永豐9A購01,0,0,0,0,0,0,0,0,0,-139000,0,0,0,115000,254000,-139000,-139000
062469,旺宏凱基9B購05  ,0,0,0,0,0,0,0,0,0,-139000,0,0,0,0,139000,-139000,-139000
061357,寶成元大9A購01  ,0,0,0,0,0,0,0,0,0,-139000,0,0,0,40000,179000,-139000,-139000
064032,群創元大9C購06  ,0,0,0,0,0,0,0,0,0,-140000,0,0,0,48000,188000,-140000,-140000
063955,TPK元大9C購01   ,0,0,0,0,0,0,0,0,0,-140000,0,0,0,26000,166000,-140000,-140000
07048P,台積電中信03售01,0,0,0,0,0,0,0,0,0,-140000,0,0,0,37000,177000,-140000,-140000
08302P,長榮航國泰02售01,0,0,0,0,0,0,0,0,0,-140000,0,0,0,0,140000,-140000,-140000
055701,亞德客富邦99購01,0,0,0,0,0,0,0,0,0,-140000,0,0,0,0,140000,-140000,-140000
056571,燿華元大98購02  ,0,0,0,0,0,0,0,0,0,-140000,0,0,0,68000,208000,-140000,-140000
055402,正文元富97購02  ,0,0,0,0,0,0,0,0,0,-140000,0,0,0,40000,180000,-140000,-140000
057133,京鼎凱基98購02  ,0,0,0,0,0,0,0,0,0,-140000,0,0,0,0,140000,-140000,-140000
058012,鈺齊國票99購01  ,0,0,0,0,0,0,0,0,0,-140000,0,0,0,0,140000,-140000,-140000
057793,群創統一99購02  ,0,0,0,0,0,0,0,0,0,-140000,0,0,0,105000,245000,-140000,-140000
056872,旺宏凱基98購08  ,0,0,0,0,0,0,0,0,0,-140000,0,0,0,0,140000,-140000,-140000
057395,旺宏中信98購03  ,0,0,0,0,0,0,0,0,0,-140000,0,0,0,0,140000,-140000,-140000
08055P,臺股指國票9B售20,0,0,0,0,0,0,0,0,0,-141000,0,0,0,41000,182000,-141000,-141000
056044,同欣電凱基97購03,0,0,0,0,0,0,0,0,0,-141000,0,0,0,0,141000,-141000,-141000
060468,聯鈞元大9A購02  ,0,0,0,0,0,0,0,0,0,-141000,0,0,0,76000,217000,-141000,-141000
061882,矽創元大9B購01  ,0,0,0,0,0,0,0,0,0,-141000,0,0,0,148000,289000,-141000,-141000
06595P,祥碩元大98售03  ,0,0,0,0,0,0,0,0,0,-142000,0,0,0,140000,282000,-142000,-142000
03678C,臺股指凱基01牛02,0,0,0,0,0,0,0,0,0,-142000,0,0,0,13000,155000,-142000,-142000
058536,群創統一9B購01  ,0,0,0,0,0,0,0,0,0,-142000,0,0,0,0,142000,-142000,-142000
058353,國巨凱基99購09  ,0,0,0,0,0,0,0,0,0,-142000,0,0,0,141000,283000,-142000,-142000
059080,亞泥元大99購01  ,0,0,0,0,0,0,0,0,0,-142000,0,0,0,5000,147000,-142000,-142000
060685,康友元大9A購01  ,0,0,0,0,0,0,0,0,0,-142000,0,0,0,63000,205000,-142000,-142000
2417,圓剛            ,1852000,2255000,-403000,0,0,0,64000,0,64000,196000,196000,0,196000,0,0,0,-143000
058847,國巨群益99購05  ,0,0,0,0,0,0,0,0,0,-143000,0,0,0,100000,243000,-143000,-143000
059095,訊芯元大99購01  ,0,0,0,0,0,0,0,0,0,-143000,0,0,0,261000,404000,-143000,-143000
059202,禾聯碩永豐99購01,0,0,0,0,0,0,0,0,0,-143000,0,0,0,0,143000,-143000,-143000
057416,T50反1凱基9C購01,0,0,0,0,0,0,0,0,0,-143000,0,0,0,0,143000,-143000,-143000
058375,群創凱基9B購04  ,0,0,0,0,0,0,0,0,0,-143000,0,0,0,35000,178000,-143000,-143000
058216,TPK群益99購01   ,0,0,0,0,0,0,0,0,0,-143000,0,0,0,318000,461000,-143000,-143000
061579,京鼎元大9A購02  ,0,0,0,0,0,0,0,0,0,-143000,0,0,0,206000,349000,-143000,-143000
062755,茂林麥證9B購01  ,0,0,0,469000,612000,-143000,0,0,0,-143000,0,0,0,469000,612000,-143000,-143000
063102,旺宏群益9B購03  ,0,0,0,0,0,0,0,0,0,-143000,0,0,0,114000,257000,-143000,-143000
2723,美食-KY         ,371000,504000,-133000,0,0,0,0,0,0,-11000,25000,0,25000,57000,93000,-36000,-144000
063874,志超永豐9C購01  ,0,0,0,0,0,0,0,0,0,-144000,0,0,0,65000,209000,-144000,-144000
060551,大立光凱基9B購02,0,0,0,0,0,0,0,0,0,-144000,0,0,0,0,144000,-144000,-144000
06338P,亞德客統一97售02,0,0,0,0,0,0,0,0,0,-144000,0,0,0,123000,267000,-144000,-144000
061515,泰碩永豐9A購03  ,0,0,0,0,0,0,0,0,0,-144000,0,0,0,13000,157000,-144000,-144000
063488,金像電國泰01購01,0,0,0,0,0,0,0,0,0,-145000,0,0,0,119000,264000,-145000,-145000
07929P,旺宏統一9B售07  ,0,0,0,0,0,0,0,0,0,-145000,0,0,0,50000,195000,-145000,-145000
05884P,旺宏統一96售01  ,0,0,0,0,0,0,0,0,0,-145000,0,0,0,0,145000,-145000,-145000
058854,樺漢群益9B購01  ,0,0,0,0,0,0,0,0,0,-145000,0,0,0,772000,917000,-145000,-145000
054467,隆達凱基97購01  ,0,0,0,0,0,0,0,0,0,-145000,0,0,0,50000,195000,-145000,-145000
059671,滬深2X元富99購05,0,0,0,0,0,0,0,0,0,-145000,0,0,0,90000,235000,-145000,-145000
057286,群創元大9B購05  ,0,0,0,0,0,0,0,0,0,-145000,0,0,0,65000,210000,-145000,-145000
062677,儒鴻統一01購01  ,0,0,0,0,0,0,0,0,0,-145000,0,0,0,224000,369000,-145000,-145000
062404,新唐永豐9B購01  ,0,0,0,0,0,0,0,0,0,-145000,0,0,0,58000,203000,-145000,-145000
8028,昇陽半導體      ,671000,933000,-262000,0,0,0,0,0,0,117000,10000,0,10000,107000,0,107000,-145000
063983,麗豐兆豐9C購01  ,0,0,0,0,0,0,0,0,0,-146000,0,0,0,0,146000,-146000,-146000
059979,台積電元大99購49,0,0,0,0,0,0,0,0,0,-146000,0,0,0,35000,181000,-146000,-146000
057718,旺宏元富02購02  ,0,0,0,0,0,0,0,0,0,-146000,0,0,0,10000,156000,-146000,-146000
061678,玉晶光元大9B購04,0,0,0,0,0,0,0,0,0,-146000,0,0,0,39000,185000,-146000,-146000
063999,日月光兆豐9C購01,0,0,0,0,0,0,0,0,0,-147000,0,0,0,0,147000,-147000,-147000
063895,新光金群益01購01,0,0,0,0,0,0,0,0,0,-147000,0,0,0,0,147000,-147000,-147000
055891,鴻海統一9A購01  ,0,0,0,0,0,0,0,0,0,-147000,0,0,0,253000,400000,-147000,-147000
058685,TPK凱基99購01   ,0,0,0,0,0,0,0,0,0,-147000,0,0,0,29000,176000,-147000,-147000
061369,T50反1國泰9B購03,0,0,0,0,0,0,0,0,0,-147000,0,0,0,33000,180000,-147000,-147000
3034,聯詠            ,1729000,1893224,-164224,0,0,0,0,0,0,17000,43000,7000,36000,24000,43000,-19000,-147224
3057,喬鼎            ,109000,257000,-148000,0,0,0,0,0,0,0,0,0,0,0,0,0,-148000
063603,友達凱基9B購05  ,0,0,0,0,0,0,0,0,0,-148000,0,0,0,20000,168000,-148000,-148000
056288,健鼎永豐97購01  ,0,0,0,0,0,0,0,0,0,-148000,0,0,0,0,148000,-148000,-148000
057616,聯電凱基99購01  ,0,0,0,0,0,0,0,0,0,-148000,0,0,0,0,148000,-148000,-148000
057567,嘉聯益富邦9A購01,0,0,0,0,0,0,0,0,0,-148000,0,0,0,181000,329000,-148000,-148000
062117,燿華中信9B購01  ,0,0,0,0,0,0,0,0,0,-148000,0,0,0,21000,169000,-148000,-148000
063381,和潤永豐9B購01  ,0,0,0,0,0,0,0,0,0,-148000,0,0,0,3000,151000,-148000,-148000
063344,臺企銀統一9C購01,0,0,0,0,0,0,0,0,0,-148000,0,0,0,18000,166000,-148000,-148000
063818,矽創群益9C購01  ,0,0,0,0,0,0,0,0,0,-149000,0,0,0,20000,169000,-149000,-149000
06496P,台灣50日盛98售01,0,0,0,0,0,0,0,0,0,-149000,0,0,0,0,149000,-149000,-149000
07552P,技嘉元大9A售03  ,0,0,0,0,0,0,0,0,0,-149000,0,0,0,0,149000,-149000,-149000
00673R,元大S&P原油反1  ,0,0,0,0,0,0,0,0,0,-149000,0,0,0,148000,297000,-149000,-149000
050363,臺指反元大98購04,0,0,0,0,0,0,0,0,0,-149000,0,0,0,0,149000,-149000,-149000
057317,技嘉凱基98購02  ,0,0,0,0,0,0,0,0,0,-149000,0,0,0,207000,356000,-149000,-149000
058650,台虹永豐9A購01  ,0,0,0,0,0,0,0,0,0,-149000,0,0,0,116000,265000,-149000,-149000
061960,國巨統一01購05  ,0,0,0,0,0,0,0,0,0,-149000,0,0,0,35000,184000,-149000,-149000
3450,聯鈞            ,322000,1464776,-1142776,0,0,0,433000,0,433000,560000,431000,27000,404000,238000,82000,156000,-149776
08224P,臺股指凱基9B售19,0,0,0,0,0,0,0,0,0,-150000,0,0,0,0,150000,-150000,-150000
054244,華新元大96購01  ,0,0,0,0,0,0,0,0,0,-150000,0,0,0,0,150000,-150000,-150000
051486,玉晶光凱基97購03,0,0,0,0,0,0,0,0,0,-150000,0,0,0,86000,236000,-150000,-150000
056659,泰碩元大99購01  ,0,0,0,0,0,0,0,0,0,-150000,0,0,0,10000,160000,-150000,-150000
055603,超眾元大97購04  ,0,0,0,0,0,0,0,0,0,-150000,0,0,0,0,150000,-150000,-150000
054504,聯鈞永豐96購01  ,0,0,0,0,0,0,0,0,0,-150000,0,0,0,0,150000,-150000,-150000
055181,日電貿統一97購01,0,0,0,0,0,0,0,0,0,-150000,0,0,0,0,150000,-150000,-150000
060151,旺宏富邦9A購02  ,0,0,0,0,0,0,0,0,0,-150000,0,0,0,1000,151000,-150000,-150000
058298,聯茂凱基99購05  ,0,0,0,0,0,0,0,0,0,-150000,0,0,0,0,150000,-150000,-150000
057080,華新科統一99購02,0,0,0,0,0,0,0,0,0,-150000,0,0,0,0,150000,-150000,-150000
059183,T50反1台新03購02,0,0,0,0,0,0,0,0,0,-150000,0,0,0,0,150000,-150000,-150000
058141,嘉聯益元大99購05,0,0,0,0,0,0,0,0,0,-150000,0,0,0,0,150000,-150000,-150000
062564,矽創凱基9B購01  ,0,0,0,0,0,0,0,0,0,-150000,0,0,0,78000,228000,-150000,-150000
06436P,台光電國票98售04,0,0,0,0,0,0,0,0,0,-151000,0,0,0,53000,204000,-151000,-151000
063956,神達元大9C購01  ,0,0,0,0,0,0,0,0,0,-151000,0,0,0,61000,212000,-151000,-151000
056138,群創元大9B購01  ,0,0,0,0,0,0,0,0,0,-151000,0,0,0,104000,255000,-151000,-151000
055907,台虹兆豐98購01  ,0,0,0,0,0,0,0,0,0,-151000,0,0,0,10000,161000,-151000,-151000
057353,玉晶光統一99購01,0,0,0,0,0,0,0,0,0,-151000,0,0,0,40000,191000,-151000,-151000
062774,儒鴻元大9C購01  ,0,0,0,0,0,0,0,0,0,-151000,0,0,0,119000,270000,-151000,-151000
062219,燿華統一9B購01  ,0,0,0,0,0,0,0,0,0,-151000,0,0,0,425000,576000,-151000,-151000
063379,帆宣永豐9B購01  ,0,0,0,0,0,0,0,0,0,-151000,0,0,0,49000,200000,-151000,-151000
062916,智易元大9B購01  ,0,0,0,0,0,0,0,0,0,-151000,0,0,0,194000,345000,-151000,-151000
061480,泰碩元大9B購01  ,0,0,0,0,0,0,0,0,0,-151000,0,0,0,257000,408000,-151000,-151000
063945,京元電元大9C購01,0,0,0,0,0,0,0,0,0,-152000,0,0,0,235000,387000,-152000,-152000
058733,同欣電永豐99購02,0,0,0,0,0,0,0,0,0,-152000,0,0,0,137000,289000,-152000,-152000
061348,聯鈞元大9A購05  ,0,0,0,0,0,0,0,0,0,-152000,0,0,0,6000,158000,-152000,-152000
063273,緯穎兆豐9C購01  ,0,0,0,0,0,0,0,0,0,-152000,0,0,0,0,152000,-152000,-152000
06458P,玉晶光統一9A售02,0,0,0,0,0,0,0,0,0,-153000,0,0,0,0,153000,-153000,-153000
064097,友訊群益9C購01  ,0,0,0,0,0,0,0,0,0,-153000,0,0,0,0,153000,-153000,-153000
055973,亞德客統一97購01,0,0,0,0,0,0,0,0,0,-153000,0,0,0,34000,187000,-153000,-153000
056196,聯茂富邦98購02  ,0,0,0,0,0,0,0,0,0,-153000,0,0,0,550000,703000,-153000,-153000
054161,友訊凱基98購01  ,0,0,0,0,0,0,0,0,0,-153000,0,0,0,128000,281000,-153000,-153000
060763,聯鈞元大9A購03  ,0,0,0,0,0,0,0,0,0,-153000,0,0,0,109000,262000,-153000,-153000
060423,智易永豐9A購01  ,0,0,0,0,0,0,0,0,0,-153000,0,0,0,10000,163000,-153000,-153000
060922,金像電永豐9A購01,0,0,0,0,0,0,0,0,0,-153000,0,0,0,26000,179000,-153000,-153000
058873,美律國票9A購02  ,0,0,0,0,0,0,0,0,0,-154000,0,0,0,17000,171000,-154000,-154000
060671,亞德客元大9A購03,0,0,0,0,0,0,0,0,0,-154000,0,0,0,78000,232000,-154000,-154000
06899P,嘉澤群益98售01  ,0,0,0,0,0,0,0,0,0,-155000,0,0,0,218000,373000,-155000,-155000
056197,友訊永豐97購01  ,0,0,0,0,0,0,0,0,0,-155000,0,0,0,331000,486000,-155000,-155000
061865,力山元大9B購01  ,0,0,0,0,0,0,0,0,0,-155000,0,0,0,50000,205000,-155000,-155000
063821,南亞科麥證9C購01,0,0,0,21000,177000,-156000,0,0,0,-156000,0,0,0,21000,177000,-156000,-156000
063864,健策富邦01購01  ,0,0,0,0,0,0,0,0,0,-156000,0,0,0,250000,406000,-156000,-156000
056486,樺漢元大98購04  ,0,0,0,0,0,0,0,0,0,-156000,0,0,0,64000,220000,-156000,-156000
055063,玉晶光永豐99購01,0,0,0,0,0,0,0,0,0,-156000,0,0,0,24000,180000,-156000,-156000
060241,國泰金元大9A購01,0,0,0,0,0,0,0,0,0,-156000,0,0,0,0,156000,-156000,-156000
058355,旺宏凱基99購04  ,0,0,0,0,0,0,0,0,0,-156000,0,0,0,0,156000,-156000,-156000
059685,T50正2永豐99購02,0,0,0,0,0,0,0,0,0,-156000,0,0,0,23000,179000,-156000,-156000
057611,技嘉元富98購02  ,0,0,0,0,0,0,0,0,0,-156000,0,0,0,46000,202000,-156000,-156000
060684,同欣電元大9A購01,0,0,0,0,0,0,0,0,0,-156000,0,0,0,55000,211000,-156000,-156000
063786,瑞昱中信06購01  ,0,0,0,0,0,0,0,0,0,-157000,0,0,0,133000,290000,-157000,-157000
054673,京鼎國泰98購01  ,0,0,0,0,0,0,0,0,0,-157000,0,0,0,69000,226000,-157000,-157000
057595,健鼎兆豐98購01  ,0,0,0,0,0,0,0,0,0,-157000,0,0,0,195000,352000,-157000,-157000
063368,遠東新永豐9B購01,0,0,0,0,0,0,0,0,0,-157000,0,0,0,0,157000,-157000,-157000
062937,旺宏凱基9B購08  ,0,0,0,0,0,0,0,0,0,-157000,0,0,0,25000,182000,-157000,-157000
063578,瑞祺元大9B購03  ,0,0,0,0,0,0,0,0,0,-158000,0,0,0,50000,208000,-158000,-158000
2534,宏盛            ,195000,393000,-198000,0,0,0,0,0,0,40000,0,0,0,40000,0,40000,-158000
057166,國巨元大99購06  ,0,0,0,0,0,0,0,0,0,-158000,0,0,0,0,158000,-158000,-158000
061472,台積電元大9A購32,0,0,0,0,0,0,0,0,0,-158000,0,0,0,50000,208000,-158000,-158000
3090,日電貿          ,390000,464000,-74000,0,0,0,0,0,0,-85000,0,0,0,34000,119000,-85000,-159000
063693,智易永豐9B購02  ,0,0,0,0,0,0,0,0,0,-159000,0,0,0,60000,219000,-159000,-159000
07091P,SGBR2X凱基9A售02,0,0,0,0,0,0,0,0,0,-159000,0,0,0,1000,160000,-159000,-159000
056906,玉晶光元大9B購01,0,0,0,0,0,0,0,0,0,-159000,0,0,0,101000,260000,-159000,-159000
063571,TPK元大9B購03   ,0,0,0,0,0,0,0,0,0,-160000,0,0,0,103000,263000,-160000,-160000
056455,群創凱基9A購01  ,0,0,0,0,0,0,0,0,0,-160000,0,0,0,34000,194000,-160000,-160000
020015,統一MSCI美低波N ,0,0,0,0,0,0,0,0,0,-160000,0,0,0,108000,268000,-160000,-160000
057516,和鑫元富98購01  ,0,0,0,0,0,0,0,0,0,-160000,0,0,0,245000,405000,-160000,-160000
057973,神達富邦9A購01  ,0,0,0,0,0,0,0,0,0,-160000,0,0,0,30000,190000,-160000,-160000
061136,可成統一9A購01  ,0,0,0,0,0,0,0,0,0,-160000,0,0,0,190000,350000,-160000,-160000
08077P,亞德客國票9B售02,0,0,0,0,0,0,0,0,0,-161000,0,0,0,127000,288000,-161000,-161000
056444,南亞科凱基99購01,0,0,0,0,0,0,0,0,0,-161000,0,0,0,10000,171000,-161000,-161000
054418,茂林元大97購01  ,0,0,0,0,0,0,0,0,0,-161000,0,0,0,7000,168000,-161000,-161000
059907,道瓊指元大99購03,0,0,0,0,0,0,0,0,0,-161000,0,0,0,0,161000,-161000,-161000
061606,景碩凱基9A購02  ,0,0,0,0,0,0,0,0,0,-161000,0,0,0,50000,211000,-161000,-161000
062008,南亞科國泰9C購01,0,0,0,0,0,0,0,0,0,-161000,0,0,0,300000,461000,-161000,-161000
06320P,上銀統一97售04  ,0,0,0,0,0,0,0,0,0,-161000,0,0,0,159000,320000,-161000,-161000
08181P,華新科國泰9C售02,0,0,0,0,0,0,0,0,0,-162000,0,0,0,20000,182000,-162000,-162000
2505,國揚            ,544000,709000,-165000,0,0,0,0,0,0,3000,16000,0,16000,31000,44000,-13000,-162000
063485,巨大元大9B購04  ,0,0,0,0,0,0,0,0,0,-162000,0,0,0,150000,312000,-162000,-162000
056578,智易元大99購02  ,0,0,0,0,0,0,0,0,0,-162000,0,0,0,0,162000,-162000,-162000
056680,華通統一98購04  ,30000,0,30000,0,0,0,0,0,0,-192000,0,0,0,20000,212000,-192000,-162000
060202,康友元富9A購01  ,0,0,0,0,0,0,0,0,0,-162000,0,0,0,50000,212000,-162000,-162000
061690,旺宏群益9A購05  ,0,0,0,0,0,0,0,0,0,-162000,0,0,0,13000,175000,-162000,-162000
061205,旺宏元大9A購11  ,0,0,0,0,0,0,0,0,0,-162000,0,0,0,28000,190000,-162000,-162000
2476,鉅祥            ,11000,174000,-163000,0,0,0,0,0,0,0,0,0,0,0,0,0,-163000
060341,國巨統一9C購02  ,0,0,0,0,0,0,0,0,0,-163000,0,0,0,0,163000,-163000,-163000
057649,嘉聯益元大99購04,0,0,0,0,0,0,0,0,0,-163000,0,0,0,5000,168000,-163000,-163000
061117,美律國泰9C購01  ,0,0,0,0,0,0,0,0,0,-163000,0,0,0,37000,200000,-163000,-163000
061284,友達統一9C購01  ,0,0,0,0,0,0,0,0,0,-163000,0,0,0,0,163000,-163000,-163000
060989,國泰金元大9A購02,0,0,0,0,0,0,0,0,0,-163000,0,0,0,0,163000,-163000,-163000
062718,技嘉凱基9B購01  ,0,0,0,0,0,0,0,0,0,-163000,0,0,0,91000,254000,-163000,-163000
6213,聯茂            ,429000,862000,-433000,0,0,0,245000,35000,210000,59373,152000,36627,115373,41000,97000,-56000,-163627
07279P,台灣50台新99售02,0,0,0,0,0,0,0,0,0,-164000,0,0,0,0,164000,-164000,-164000
057148,玉晶光國票99購04,0,0,0,0,0,0,0,0,0,-164000,0,0,0,21000,185000,-164000,-164000
060243,潤泰全元大9C購02,0,0,0,0,0,0,0,0,0,-164000,0,0,0,0,164000,-164000,-164000
063380,台表科永豐9B購03,0,0,0,0,0,0,0,0,0,-164000,0,0,0,93000,257000,-164000,-164000
063114,南電兆豐9B購01  ,0,0,0,0,0,0,0,0,0,-164000,0,0,0,0,164000,-164000,-164000
062988,儒鴻群益9B購01  ,0,0,0,0,0,0,0,0,0,-164000,0,0,0,35000,199000,-164000,-164000
06151P,華新科元大97售07,0,0,0,0,0,0,0,0,0,-164000,0,0,0,7000,171000,-164000,-164000
063882,玉晶光元富9C購01,0,0,0,0,0,0,0,0,0,-165000,0,0,0,2000,167000,-165000,-165000
057623,友訊國泰99購01  ,0,0,0,0,0,0,0,0,0,-165000,0,0,0,221000,386000,-165000,-165000
059096,百和元大99購04  ,0,0,0,0,0,0,0,0,0,-165000,0,0,0,5000,170000,-165000,-165000
063175,燿華兆豐9C購01  ,0,0,0,0,0,0,0,0,0,-165000,0,0,0,70000,235000,-165000,-165000
062597,世紀鋼統一01購01,0,0,0,0,0,0,0,0,0,-165000,0,0,0,13000,178000,-165000,-165000
064056,GIS統一01購02   ,0,0,0,0,0,0,0,0,0,-166000,0,0,0,5000,171000,-166000,-166000
063694,貿聯永豐9B購01  ,0,0,0,0,0,0,0,0,0,-166000,0,0,0,5000,171000,-166000,-166000
053361,友達元富99購01  ,0,0,0,0,0,0,0,0,0,-166000,0,0,0,212000,378000,-166000,-166000
058900,旺宏元大99購11  ,0,0,0,0,0,0,0,0,0,-166000,0,0,0,187000,353000,-166000,-166000
057409,台虹群益98購02  ,0,0,0,0,0,0,0,0,0,-166000,0,0,0,100000,266000,-166000,-166000
062253,燿華元大9B購02  ,0,0,0,0,0,0,0,0,0,-166000,0,0,0,100000,266000,-166000,-166000
03682C,臺股指凱基9C牛07,0,0,0,0,0,0,0,0,0,-167000,0,0,0,118000,285000,-167000,-167000
03657C,T50反1元大99牛01,0,0,0,0,0,0,0,0,0,-167000,0,0,0,66000,233000,-167000,-167000
062540,茂林國泰9C購01  ,0,0,0,0,0,0,0,0,0,-167000,0,0,0,422000,589000,-167000,-167000
6605,帝寶            ,10000,177000,-167000,0,0,0,0,0,0,0,0,0,0,0,0,0,-167000
06813P,友訊元富98售03  ,0,0,0,0,0,0,0,0,0,-168000,0,0,0,130000,298000,-168000,-168000
03680C,臺股指凱基9A牛26,0,0,0,0,0,0,0,0,0,-168000,0,0,0,45000,213000,-168000,-168000
058704,台積電元大99購17,0,0,0,0,0,0,0,0,0,-168000,0,0,0,6000,174000,-168000,-168000
059952,旺宏康和99購01  ,0,0,0,0,0,0,0,0,0,-168000,0,0,0,0,168000,-168000,-168000
063929,高鐵統一02購01  ,0,0,0,0,0,0,0,0,0,-169000,0,0,0,11000,180000,-169000,-169000
056267,文曄統一97購02  ,0,0,0,0,0,0,0,0,0,-169000,0,0,0,9000,178000,-169000,-169000
055775,友達凱基9A購01  ,0,0,0,0,0,0,0,0,0,-169000,0,0,0,0,169000,-169000,-169000
057955,技嘉元大98購07  ,0,0,0,0,0,0,0,0,0,-169000,0,0,0,309000,478000,-169000,-169000
060747,聯鈞國票9A購02  ,0,0,0,0,0,0,0,0,0,-169000,0,0,0,92000,261000,-169000,-169000
062542,南電國泰9C購01  ,0,0,0,0,0,0,0,0,0,-169000,0,0,0,14000,183000,-169000,-169000
060981,旺宏元大9A購08  ,0,0,0,0,0,0,0,0,0,-169000,0,0,0,50000,219000,-169000,-169000
061227,日月光中信9B購01,0,0,0,0,0,0,0,0,0,-169000,0,0,0,164000,333000,-169000,-169000
08099P,聯發科中信9B售04,0,0,0,0,0,0,0,0,0,-170000,0,0,0,0,170000,-170000,-170000
07709P,創意元大9A售01  ,0,0,0,0,0,0,0,0,0,-170000,0,0,0,35000,205000,-170000,-170000
052095,彩晶元大97購01  ,0,0,0,0,0,0,0,0,0,-170000,0,0,0,0,170000,-170000,-170000
058596,旺宏台新99購01  ,0,0,0,0,0,0,0,0,0,-170000,0,0,0,0,170000,-170000,-170000
061966,旺宏統一01購03  ,0,0,0,0,0,0,0,0,0,-170000,0,0,0,0,170000,-170000,-170000
063334,復盛國票9B購01  ,0,0,0,0,0,0,0,0,0,-170000,0,0,0,51000,221000,-170000,-170000
4977,眾達-KY         ,76000,241000,-165000,0,0,0,0,0,0,-5000,0,0,0,0,5000,-5000,-170000
06517P,國巨凱基98售09  ,0,0,0,0,0,0,0,0,0,-171000,0,0,0,40000,211000,-171000,-171000
059009,世紀鋼元大99購04,0,0,0,0,0,0,0,0,0,-171000,0,0,0,312000,483000,-171000,-171000
059123,訊芯永豐99購03  ,0,0,0,0,0,0,0,0,0,-171000,0,0,0,125000,296000,-171000,-171000
055311,健策群益98購02  ,0,0,0,0,0,0,0,0,0,-171000,0,0,0,22000,193000,-171000,-171000
057716,神達統一98購01  ,0,0,0,0,0,0,0,0,0,-171000,0,0,0,58000,229000,-171000,-171000
057990,美律統一99購02  ,0,0,0,0,0,0,0,0,0,-171000,0,0,0,122000,293000,-171000,-171000
8996,高力            ,143000,174000,-31000,0,0,0,0,100000,-100000,-40000,0,40000,-40000,0,0,0,-171000
2049,上銀            ,466416,617896,-151480,0,0,0,5000,30000,-25000,5000,13000,9000,4000,10000,9000,1000,-171480
05463P,創意國票96售04  ,0,0,0,0,0,0,0,0,0,-172000,0,0,0,0,172000,-172000,-172000
6139,亞翔            ,16000,204000,-188000,0,0,0,0,0,0,16000,1000,0,1000,15000,0,15000,-172000
063954,世芯元大01購02  ,0,0,0,0,0,0,0,0,0,-173000,0,0,0,281000,454000,-173000,-173000
056263,友訊統一99購01  ,0,0,0,0,0,0,0,0,0,-173000,0,0,0,20000,193000,-173000,-173000
060759,南亞科元大9A購03,0,0,0,0,0,0,0,0,0,-173000,0,0,0,51000,224000,-173000,-173000
062722,京元電凱基9B購02,0,0,0,0,0,0,0,0,0,-173000,0,0,0,274000,447000,-173000,-173000
062108,晶豪科國票9B購01,0,0,0,0,0,0,0,0,0,-173000,0,0,0,79000,252000,-173000,-173000
6176,瑞儀            ,735000,1342215,-607215,0,0,0,539000,0,539000,-105000,32000,15000,17000,15000,137000,-122000,-173215
063769,玉晶光國泰02購01,0,0,0,0,0,0,0,0,0,-174000,0,0,0,7000,181000,-174000,-174000
061043,百和永豐9A購01  ,0,0,0,0,0,0,0,0,0,-174000,0,0,0,20000,194000,-174000,-174000
063484,達方元大9B購01  ,0,0,0,0,0,0,0,0,0,-175000,0,0,0,196000,371000,-175000,-175000
07821P,臺股指國票9A售12,0,0,0,0,0,0,0,0,0,-175000,0,0,0,225000,400000,-175000,-175000
060314,元翎永豐9A購01  ,0,0,0,0,0,0,0,0,0,-175000,0,0,0,60000,235000,-175000,-175000
058068,旺宏凱基98購11  ,0,0,0,0,0,0,0,0,0,-175000,0,0,0,29000,204000,-175000,-175000
060012,電子類群益99購02,0,0,0,0,0,0,0,0,0,-175000,0,0,0,0,175000,-175000,-175000
061491,嘉聯益兆豐9B購01,0,0,0,0,0,0,0,0,0,-175000,0,0,0,2000,177000,-175000,-175000
061590,金寶永豐9A購01  ,0,0,0,0,0,0,0,0,0,-175000,0,0,0,0,175000,-175000,-175000
062136,南亞科群益9B購01,0,0,0,0,0,0,0,0,0,-175000,0,0,0,16000,191000,-175000,-175000
063226,康控群益9B購03  ,0,0,0,0,0,0,0,0,0,-175000,0,0,0,78000,253000,-175000,-175000
2340,光磊            ,640000,788000,-148000,0,0,0,0,0,0,-28000,2000,29000,-27000,24000,25000,-1000,-176000
056001,美食永豐97購01  ,0,0,0,0,0,0,0,0,0,-176000,0,0,0,194000,370000,-176000,-176000
049406,T50反1日盛97購01,0,0,0,0,0,0,0,0,0,-176000,0,0,0,0,176000,-176000,-176000
1109,信大            ,71000,248000,-177000,0,0,0,0,0,0,0,0,0,0,0,0,0,-177000
063760,聯詠統一9C購02  ,0,0,0,0,0,0,0,0,0,-177000,0,0,0,38000,215000,-177000,-177000
00642U,元大S&P石油     ,33000,0,33000,0,0,0,0,0,0,-210000,0,0,0,50000,260000,-210000,-177000
060982,旺宏元大9A購09  ,0,0,0,0,0,0,0,0,0,-177000,0,0,0,3000,180000,-177000,-177000
061004,友達兆豐9A購01  ,0,0,0,0,0,0,0,0,0,-178000,0,0,0,71000,249000,-178000,-178000
063170,智邦第一9B購01  ,0,0,0,0,0,0,0,0,0,-178000,0,0,0,22000,200000,-178000,-178000
062212,臻鼎台新9B購01  ,0,0,0,0,0,0,0,0,0,-178000,0,0,0,22000,200000,-178000,-178000
063441,台達電統一9C購01,0,0,0,0,0,0,0,0,0,-179000,0,0,0,57000,236000,-179000,-179000
08006P,長榮航中信03售01,0,0,0,0,0,0,0,0,0,-179000,0,0,0,66000,245000,-179000,-179000
05875P,旺宏群益98售01  ,0,0,0,0,0,0,0,0,0,-179000,0,0,0,20000,199000,-179000,-179000
061017,國泰金麥證9A購01,0,0,0,15000,194000,-179000,0,0,0,-179000,0,0,0,15000,194000,-179000,-179000
07830P,牧德凱基9A售03  ,0,0,0,0,0,0,0,0,0,-180000,0,0,0,58000,238000,-180000,-180000
060052,宏碁凱基99購01  ,0,0,0,0,0,0,0,0,0,-180000,0,0,0,0,180000,-180000,-180000
057812,友達元大9A購05  ,0,0,0,0,0,0,0,0,0,-180000,0,0,0,187000,367000,-180000,-180000
060646,南電永豐9A購01  ,0,0,0,0,0,0,0,0,0,-180000,0,0,0,0,180000,-180000,-180000
061000,旺宏兆豐9A購02  ,0,0,0,0,0,0,0,0,0,-180000,0,0,0,0,180000,-180000,-180000
061270,彩晶凱基9A購02  ,0,0,0,0,0,0,0,0,0,-180000,0,0,0,10000,190000,-180000,-180000
062681,全新統一01購01  ,0,0,0,0,0,0,0,0,0,-180000,0,0,0,0,180000,-180000,-180000
063631,燿華元大9B購06  ,0,0,0,0,0,0,0,0,0,-181000,0,0,0,100000,281000,-181000,-181000
060422,台勝科永豐9A購01,0,0,0,0,0,0,0,0,0,-181000,0,0,0,116000,297000,-181000,-181000
060505,友達元大9C購05  ,0,0,0,0,0,0,0,0,0,-181000,0,0,0,32000,213000,-181000,-181000
061130,牧德永豐9A購04  ,0,0,0,0,0,0,0,0,0,-181000,0,0,0,0,181000,-181000,-181000
061470,鈺齊群益9A購02  ,0,0,0,0,0,0,0,0,0,-181000,0,0,0,50000,231000,-181000,-181000
062005,旺宏國泰01購01  ,0,0,0,0,0,0,0,0,0,-181000,0,0,0,9000,190000,-181000,-181000
063783,儒鴻中信9C購01  ,0,0,0,0,0,0,0,0,0,-182000,0,0,0,0,182000,-182000,-182000
054873,帆宣群益99購01  ,0,0,0,0,0,0,0,0,0,-182000,0,0,0,0,182000,-182000,-182000
054640,健策中信9B購01  ,0,0,0,0,0,0,0,0,0,-182000,0,0,0,13000,195000,-182000,-182000
060259,潤泰全凱基9C購01,0,0,0,0,0,0,0,0,0,-182000,0,0,0,85000,267000,-182000,-182000
058113,百和元富98購01  ,0,0,0,0,0,0,0,0,0,-182000,0,0,0,0,182000,-182000,-182000
062049,亞德客統一01購01,0,0,0,0,0,0,0,0,0,-182000,0,0,0,288000,470000,-182000,-182000
061031,神隆永豐9A購02  ,0,0,0,0,0,0,0,0,0,-182000,0,0,0,90000,272000,-182000,-182000
053117,大立光中信9A購02,0,0,0,0,0,0,0,0,0,-183000,0,0,0,160000,343000,-183000,-183000
060289,京元電元大9A購01,0,0,0,0,0,0,0,0,0,-183000,0,0,0,182000,365000,-183000,-183000
057961,茂林元大9A購01  ,0,0,0,0,0,0,0,0,0,-183000,0,0,0,129000,312000,-183000,-183000
057517,矽創元富98購02  ,0,0,0,0,0,0,0,0,0,-183000,0,0,0,98000,281000,-183000,-183000
063890,正隆群益9C購01  ,0,0,0,0,0,0,0,0,0,-184000,0,0,0,0,184000,-184000,-184000
054517,高鐵元大96購01  ,0,0,0,0,0,0,0,0,0,-184000,0,0,0,200000,384000,-184000,-184000
054890,聯鈞統一99購01  ,0,0,0,0,0,0,0,0,0,-184000,0,0,0,0,184000,-184000,-184000
059937,旺宏永豐99購03  ,0,0,0,0,0,0,0,0,0,-184000,0,0,0,4000,188000,-184000,-184000
054411,光磊元大97購02  ,0,0,0,0,0,0,0,0,0,-185000,0,0,0,0,185000,-185000,-185000
056622,高鐵永豐98購01  ,0,0,0,0,0,0,0,0,0,-185000,0,0,0,0,185000,-185000,-185000
061125,億光永豐9A購01  ,0,0,0,0,0,0,0,0,0,-185000,0,0,0,42000,227000,-185000,-185000
4956,光鋐            ,369000,554000,-185000,0,0,0,0,0,0,0,0,0,0,0,0,0,-185000
3605,宏致            ,54000,240000,-186000,0,0,0,0,0,0,0,0,0,0,0,0,0,-186000
061448,旺宏中信9A購02  ,0,0,0,0,0,0,0,0,0,-186000,0,0,0,1000,187000,-186000,-186000
062147,大毅國票9B購02  ,0,0,0,0,0,0,0,0,0,-186000,0,0,0,128000,314000,-186000,-186000
060509,宏達電元大9A購02,0,0,0,0,0,0,0,0,0,-187000,0,0,0,68000,255000,-187000,-187000
061479,泰碩元大9A購02  ,0,0,0,0,0,0,0,0,0,-187000,0,0,0,150000,337000,-187000,-187000
061731,旺宏統一9B購06  ,0,0,0,0,0,0,0,0,0,-187000,0,0,0,6000,193000,-187000,-187000
063465,友達元大9C購10  ,0,0,0,0,0,0,0,0,0,-188000,0,0,0,51000,239000,-188000,-188000
056386,TPK國泰99購01   ,0,0,0,0,0,0,0,0,0,-188000,0,0,0,210000,398000,-188000,-188000
063093,國產國票9B購01  ,0,0,0,0,0,0,0,0,0,-188000,0,0,0,150000,338000,-188000,-188000
063888,TPK中信01購01   ,0,0,0,0,0,0,0,0,0,-189000,0,0,0,0,189000,-189000,-189000
056577,玉晶光元大99購06,0,0,0,0,0,0,0,0,0,-189000,0,0,0,20000,209000,-189000,-189000
00680L,元大美債20正2   ,83000,0,83000,0,0,0,0,0,0,-272000,0,0,0,2000,274000,-272000,-189000
060552,群創凱基9B購05  ,0,0,0,0,0,0,0,0,0,-189000,0,0,0,54000,243000,-189000,-189000
060933,南電永豐9A購02  ,0,0,0,0,0,0,0,0,0,-189000,0,0,0,0,189000,-189000,-189000
08110P,臺股指中信01售05,0,0,0,0,0,0,0,0,0,-190000,0,0,0,10000,200000,-190000,-190000
056685,光罩統一98購03  ,0,0,0,0,0,0,0,0,0,-190000,0,0,0,0,190000,-190000,-190000
053573,臺股指統一99購01,0,0,0,0,0,0,0,0,0,-190000,0,0,0,203000,393000,-190000,-190000
054457,強茂群益96購01  ,0,0,0,0,0,0,0,0,0,-190000,0,0,0,0,190000,-190000,-190000
057511,健策統一98購02  ,0,0,0,0,0,0,0,0,0,-190000,0,0,0,17000,207000,-190000,-190000
061639,晶豪科元大9A購02,0,0,0,0,0,0,0,0,0,-190000,0,0,0,31000,221000,-190000,-190000
061577,泰碩元大9A購03  ,0,0,0,0,0,0,0,0,0,-190000,0,0,0,326000,516000,-190000,-190000
062344,力山群益9B購02  ,0,0,0,0,0,0,0,0,0,-190000,0,0,0,0,190000,-190000,-190000
064151,義隆統一01購01  ,0,0,0,0,0,0,0,0,0,-191000,0,0,0,0,191000,-191000,-191000
057127,旺宏凱基98購09  ,0,0,0,0,0,0,0,0,0,-191000,0,0,0,0,191000,-191000,-191000
061065,神基凱基9A購01  ,0,0,0,0,0,0,0,0,0,-191000,0,0,0,0,191000,-191000,-191000
08160P,茂林元富9B售03  ,0,0,0,0,0,0,0,0,0,-192000,0,0,0,72000,264000,-192000,-192000
056296,旺宏元大97購07  ,0,0,0,0,0,0,0,0,0,-192000,0,0,0,0,192000,-192000,-192000
03447B,臺股指凱基9B熊16,0,0,0,0,0,0,0,0,0,-192000,0,0,0,55000,247000,-192000,-192000
060093,友達元大03購01  ,0,0,0,0,0,0,0,0,0,-192000,0,0,0,172000,364000,-192000,-192000
063127,TPK元大9B購02   ,0,0,0,0,0,0,0,0,0,-192000,0,0,0,137000,329000,-192000,-192000
063313,南亞科群益9B購02,0,0,0,0,0,0,0,0,0,-192000,0,0,0,135000,327000,-192000,-192000
07504P,聯詠元大9A售02  ,0,0,0,0,0,0,0,0,0,-193000,0,0,0,0,193000,-193000,-193000
07392P,台積電國泰02售01,0,0,0,0,0,0,0,0,0,-193000,0,0,0,13000,206000,-193000,-193000
056312,茂林元大98購01  ,0,0,0,0,0,0,0,0,0,-193000,0,0,0,0,193000,-193000,-193000
054932,台肥元大97購01  ,0,0,0,0,0,0,0,0,0,-193000,0,0,0,118000,311000,-193000,-193000
063383,億豐永豐9B購02  ,0,0,0,0,0,0,0,0,0,-193000,0,0,0,0,193000,-193000,-193000
063014,技嘉元大9B購03  ,0,0,0,0,0,0,0,0,0,-193000,0,0,0,210000,403000,-193000,-193000
8210,勤誠            ,73000,172000,-99000,0,0,0,0,0,0,-94000,0,0,0,0,94000,-94000,-193000
6230,超眾            ,125000,208000,-83000,0,0,0,0,0,0,-110000,1000,12000,-11000,19000,118000,-99000,-193000
064031,玉晶光元大02購01,0,0,0,0,0,0,0,0,0,-194000,0,0,0,17000,211000,-194000,-194000
056909,嘉聯益元大99購03,0,0,0,0,0,0,0,0,0,-194000,0,0,0,84000,278000,-194000,-194000
063351,億豐統一9B購01  ,0,0,0,0,0,0,0,0,0,-194000,0,0,0,0,194000,-194000,-194000
061595,智易永豐9A購02  ,0,0,0,0,0,0,0,0,0,-194000,0,0,0,0,194000,-194000,-194000
064015,立積國票01購01  ,0,0,0,0,0,0,0,0,0,-195000,0,0,0,0,195000,-195000,-195000
07100P,華航元大99售01  ,0,0,0,0,0,0,0,0,0,-195000,0,0,0,39000,234000,-195000,-195000
061514,泰碩永豐9A購02  ,0,0,0,0,0,0,0,0,0,-195000,0,0,0,10000,205000,-195000,-195000
061350,牧德元大9B購03  ,0,0,0,0,0,0,0,0,0,-195000,0,0,0,2000,197000,-195000,-195000
063268,GIS中信9B購01   ,0,0,0,0,0,0,0,0,0,-195000,0,0,0,110000,305000,-195000,-195000
063075,祥碩永豐9B購04  ,0,0,0,0,0,0,0,0,0,-195000,0,0,0,0,195000,-195000,-195000
2313,華通            ,2211000,3032000,-821000,0,0,0,1177000,0,1177000,-552000,866000,1137000,-271000,242000,523000,-281000,-196000
057396,健鼎中信99購01  ,0,0,0,0,0,0,0,0,0,-196000,0,0,0,32000,228000,-196000,-196000
057794,T50反1兆豐99購02,0,0,0,0,0,0,0,0,0,-196000,0,0,0,0,196000,-196000,-196000
061027,儒鴻永豐9A購02  ,0,0,0,0,0,0,0,0,0,-196000,0,0,0,0,196000,-196000,-196000
060906,旺宏元大9A購07  ,0,0,0,0,0,0,0,0,0,-196000,0,0,0,25000,221000,-196000,-196000
058851,大立光群益99購07,0,0,0,0,0,0,0,0,0,-197000,0,0,0,53000,250000,-197000,-197000
056828,國巨富邦9A購03  ,0,0,0,0,0,0,0,0,0,-197000,0,0,0,10000,207000,-197000,-197000
060862,美律永豐9A購01  ,0,0,0,0,0,0,0,0,0,-197000,0,0,0,348000,545000,-197000,-197000
063163,京元電永豐9B購01,0,0,0,0,0,0,0,0,0,-197000,0,0,0,10000,207000,-197000,-197000
062759,旺宏凱基9B購07  ,0,0,0,0,0,0,0,0,0,-197000,0,0,0,27000,224000,-197000,-197000
3557,嘉威            ,190000,389000,-199000,0,0,0,0,0,0,1000,1000,0,1000,0,0,0,-198000
2809,京城銀          ,284000,482000,-198000,0,0,0,0,0,0,0,0,0,0,0,0,0,-198000
054261,智伸科元大96購03,0,0,0,0,0,0,0,0,0,-198000,0,0,0,0,198000,-198000,-198000
053856,台積電富邦98購01,0,0,0,0,0,0,0,0,0,-198000,0,0,0,0,198000,-198000,-198000
060511,群創元大9B購08  ,0,0,0,0,0,0,0,0,0,-198000,0,0,0,105000,303000,-198000,-198000
058527,世紀鋼元大99購01,0,0,0,0,0,0,0,0,0,-198000,0,0,0,23000,221000,-198000,-198000
06506P,台郡國票99售02  ,0,0,0,0,0,0,0,0,0,-200000,0,0,0,0,200000,-200000,-200000
06514P,國巨凱基98售05  ,0,0,0,0,0,0,0,0,0,-200000,0,0,0,0,200000,-200000,-200000
06726P,欣興元富98售04  ,0,0,0,0,0,0,0,0,0,-200000,0,0,0,0,200000,-200000,-200000
064076,台積電中信06購02,0,0,0,0,0,0,0,0,0,-200000,0,0,0,0,200000,-200000,-200000
063771,T50反1富邦02購01,0,0,0,0,0,0,0,0,0,-200000,0,0,0,0,200000,-200000,-200000
053754,英業達元富96購02,0,0,0,0,0,0,0,0,0,-200000,0,0,0,50000,250000,-200000,-200000
055725,嘉聯益元大98購03,0,0,0,0,0,0,0,0,0,-200000,0,0,0,0,200000,-200000,-200000
058499,滬深2X元大9C購01,0,0,0,0,0,0,0,0,0,-200000,0,0,0,0,200000,-200000,-200000
060500,鴻海元大9A購12  ,0,0,0,0,0,0,0,0,0,-200000,0,0,0,1000,201000,-200000,-200000
060100,新光金元大9C購01,0,0,0,0,0,0,0,0,0,-200000,0,0,0,0,200000,-200000,-200000
062754,台勝科麥證9B購01,0,0,0,0,200000,-200000,0,0,0,-200000,0,0,0,0,200000,-200000,-200000
063202,南亞科統一9C購02,0,0,0,0,0,0,0,0,0,-200000,0,0,0,89000,289000,-200000,-200000
062948,台積電富邦01購02,0,0,0,0,0,0,0,0,0,-200000,0,0,0,0,200000,-200000,-200000
064078,台積電中信06購04,0,0,0,0,0,0,0,0,0,-201000,0,0,0,0,201000,-201000,-201000
058813,旺宏統一9B購04  ,0,0,0,0,0,0,0,0,0,-201000,0,0,0,45000,246000,-201000,-201000
055093,京鼎群益98購01  ,0,0,0,0,0,0,0,0,0,-201000,0,0,0,266000,467000,-201000,-201000
062328,南亞科統一9C購01,0,0,0,0,0,0,0,0,0,-201000,0,0,0,216000,417000,-201000,-201000
061509,SP黃豆富邦9C購01,0,0,0,0,0,0,0,0,0,-201000,0,0,0,92000,293000,-201000,-201000
064077,台積電中信06購03,0,0,0,0,0,0,0,0,0,-202000,0,0,0,0,202000,-202000,-202000
063968,新光金國票01購01,0,0,0,0,0,0,0,0,0,-202000,0,0,0,0,202000,-202000,-202000
063538,神達統一9C購01  ,0,0,0,0,0,0,0,0,0,-202000,0,0,0,129000,331000,-202000,-202000
06763P,技嘉元大98售05  ,0,15000,-15000,0,0,0,0,0,0,-187000,0,0,0,53000,240000,-187000,-202000
050283,T50反1凱基9A購01,0,0,0,0,0,0,0,0,0,-202000,0,0,0,0,202000,-202000,-202000
057075,嘉聯益永豐98購01,0,0,0,0,0,0,0,0,0,-202000,0,0,0,0,202000,-202000,-202000
060702,玉晶光國泰9C購02,0,0,0,0,0,0,0,0,0,-202000,0,0,0,46000,248000,-202000,-202000
061170,南茂兆豐9B購01  ,0,0,0,0,0,0,0,0,0,-202000,0,0,0,0,202000,-202000,-202000
061157,聯鈞群益9A購02  ,0,0,0,0,0,0,0,0,0,-202000,0,0,0,0,202000,-202000,-202000
062360,華邦電元大9B購01,0,0,0,0,0,0,0,0,0,-202000,0,0,0,80000,282000,-202000,-202000
2441,超豐            ,128000,331000,-203000,0,0,0,0,0,0,0,0,0,0,0,0,0,-203000
061937,聯發科國票9B購02,0,0,0,0,0,0,0,0,0,-203000,0,0,0,17000,220000,-203000,-203000
063496,儒鴻永豐9B購01  ,0,0,0,0,0,0,0,0,0,-204000,0,0,0,52000,256000,-204000,-204000
063606,TPK凱基9C購01   ,0,0,0,0,0,0,0,0,0,-204000,0,0,0,79000,283000,-204000,-204000
058774,台郡兆豐9A購01  ,0,0,0,0,0,0,0,0,0,-204000,0,0,0,20000,224000,-204000,-204000
061872,友達元大9C購06  ,0,0,0,0,0,0,0,0,0,-204000,0,0,0,178000,382000,-204000,-204000
07505P,台勝科元大9A售01,0,0,0,0,0,0,0,0,0,-205000,0,0,0,339000,544000,-205000,-205000
056725,鴻海國票99購03  ,0,0,0,0,0,0,0,0,0,-205000,0,0,0,0,205000,-205000,-205000
058229,為升元大99購02  ,0,0,0,0,0,0,0,0,0,-205000,0,0,0,10000,215000,-205000,-205000
057671,群創元大9B購06  ,0,0,0,0,0,0,0,0,0,-205000,0,0,0,28000,233000,-205000,-205000
061986,晶豪科元大9B購01,0,0,0,0,0,0,0,0,0,-205000,0,0,0,17000,222000,-205000,-205000
062904,台光電元大9B購06,0,0,0,0,0,0,0,0,0,-205000,0,0,0,5000,210000,-205000,-205000
053584,友達元大9B購02  ,0,0,0,0,0,0,0,0,0,-206000,0,0,0,0,206000,-206000,-206000
058836,FBVIX中信03購05 ,0,0,0,0,0,0,0,0,0,-206000,0,0,0,67000,273000,-206000,-206000
062127,台勝科統一01購02,0,0,0,0,0,0,0,0,0,-206000,0,0,0,0,206000,-206000,-206000
063670,美食統一9C購01  ,0,0,0,0,0,0,0,0,0,-207000,0,0,0,1006000,1213000,-207000,-207000
063502,南電永豐9B購02  ,0,0,0,0,0,0,0,0,0,-207000,0,0,0,0,207000,-207000,-207000
059947,貿聯永豐99購03  ,0,0,0,0,0,0,0,0,0,-207000,0,0,0,0,207000,-207000,-207000
060123,光罩永豐99購02  ,0,0,0,0,0,0,0,0,0,-207000,0,0,0,47000,254000,-207000,-207000
4739,康普            ,71000,279000,-208000,0,0,0,0,0,0,1000,1000,0,1000,0,0,0,-207000
08036P,嘉澤群益9B售03  ,0,0,0,0,0,0,0,0,0,-208000,0,0,0,10000,218000,-208000,-208000
053350,台表科國票97購02,0,0,0,0,0,0,0,0,0,-208000,0,0,0,133000,341000,-208000,-208000
058694,鈺齊國票9A購02  ,0,0,0,0,0,0,0,0,0,-208000,0,0,0,0,208000,-208000,-208000
062849,中興電永豐9B購02,0,0,0,0,0,0,0,0,0,-208000,0,0,0,0,208000,-208000,-208000
6202,盛群            ,230000,429000,-199000,0,0,0,0,0,0,-9000,1000,0,1000,3000,13000,-10000,-208000
058896,中環元大99購03  ,0,0,0,0,0,0,0,0,0,-209000,0,0,0,33000,242000,-209000,-209000
061370,晶技國泰9C購01  ,0,0,0,0,0,0,0,0,0,-209000,0,0,0,33000,242000,-209000,-209000
063439,正隆統一01購01  ,0,0,0,0,0,0,0,0,0,-209000,0,0,0,0,209000,-209000,-209000
056674,華邦電元富98購01,0,0,0,0,0,0,0,0,0,-210000,0,0,0,0,210000,-210000,-210000
053036,聯電凱基98購01  ,0,0,0,0,0,0,0,0,0,-210000,0,0,0,50000,260000,-210000,-210000
058645,康控富邦01購01  ,0,0,0,0,0,0,0,0,0,-210000,0,0,0,51000,261000,-210000,-210000
058374,玉晶光凱基9A購03,0,0,0,0,0,0,0,0,0,-210000,0,0,0,0,210000,-210000,-210000
060326,群光群益9A購01  ,0,0,0,0,0,0,0,0,0,-210000,0,0,0,10000,220000,-210000,-210000
061173,T50反1凱基04購01,0,0,0,0,0,0,0,0,0,-210000,0,0,0,0,210000,-210000,-210000
061523,SP黃豆凱基9B購01,0,0,0,0,0,0,0,0,0,-210000,0,0,0,0,210000,-210000,-210000
061686,SP黃豆群益9A購04,0,0,0,0,0,0,0,0,0,-210000,0,0,0,0,210000,-210000,-210000
063604,群創凱基01購02  ,0,0,0,0,0,0,0,0,0,-211000,0,0,0,58000,269000,-211000,-211000
00757,統一FANG+       ,0,0,0,0,0,0,0,0,0,-211000,0,0,0,200000,411000,-211000,-211000
061457,TPK凱基9A購01   ,0,0,0,0,0,0,0,0,0,-211000,0,0,0,134000,345000,-211000,-211000
062708,立積元大9B購01  ,0,0,0,0,0,0,0,0,0,-211000,0,0,0,319000,530000,-211000,-211000
06564P,國巨富邦9A售04  ,0,0,0,0,0,0,0,0,0,-212000,0,0,0,0,212000,-212000,-212000
055340,華新科日盛97購01,0,0,0,0,0,0,0,0,0,-212000,0,0,0,0,212000,-212000,-212000
058521,日月光元大99購01,0,0,0,0,0,0,0,0,0,-212000,0,0,0,0,212000,-212000,-212000
063269,儒鴻兆豐9C購01  ,0,0,0,0,0,0,0,0,0,-212000,0,0,0,38000,250000,-212000,-212000
5388,中磊            ,641000,724000,-83000,0,0,0,0,0,0,-129000,18000,140000,-122000,8000,15000,-7000,-212000
055746,同欣電元富97購01,0,0,0,0,0,0,0,0,0,-213000,0,0,0,50000,263000,-213000,-213000
060155,友訊永豐9A購01  ,0,0,0,0,0,0,0,0,0,-213000,0,0,0,485000,698000,-213000,-213000
062594,祥碩統一01購02  ,0,0,0,0,0,0,0,0,0,-213000,0,0,0,37000,250000,-213000,-213000
063946,聯發科元大9C購04,0,0,0,0,0,0,0,0,0,-214000,0,0,0,2000,216000,-214000,-214000
058344,旺宏群益99購05  ,0,0,0,0,0,0,0,0,0,-214000,0,0,0,12000,226000,-214000,-214000
063405,聯發科國票9C購03,0,0,0,0,0,0,0,0,0,-215000,0,0,0,33000,248000,-215000,-215000
2812,台中銀          ,546000,761195,-215195,0,0,0,0,0,0,0,0,0,0,0,0,0,-215195
057730,聯鈞國泰9A購01  ,0,0,0,0,0,0,0,0,0,-216000,0,0,0,383000,599000,-216000,-216000
063861,南亞科國泰02購01,0,0,0,0,0,0,0,0,0,-217000,0,0,0,240000,457000,-217000,-217000
056129,義隆麥證97購01  ,0,0,0,0,217000,-217000,0,0,0,-217000,0,0,0,0,217000,-217000,-217000
057324,億光群益98購01  ,0,0,0,0,0,0,0,0,0,-217000,0,0,0,98000,315000,-217000,-217000
06168P,台表科國票97售06,0,0,0,0,0,0,0,0,0,-218000,0,0,0,20000,238000,-218000,-218000
060850,康友國票9A購03  ,0,0,0,0,0,0,0,0,0,-218000,0,0,0,139000,357000,-218000,-218000
07315P,台積電台新99售06,0,0,0,0,0,0,0,0,0,-219000,0,0,0,300000,519000,-219000,-219000
07247P,聯發科凱基9A售06,0,0,0,0,0,0,0,0,0,-219000,0,0,0,100000,319000,-219000,-219000
063205,貿聯統一9C購01  ,0,0,0,0,0,0,0,0,0,-219000,0,0,0,20000,239000,-219000,-219000
063774,GIS富邦9B購02   ,0,0,0,0,0,0,0,0,0,-220000,0,0,0,50000,270000,-220000,-220000
063767,義隆國泰02購01  ,0,0,0,0,0,0,0,0,0,-220000,0,0,0,95000,315000,-220000,-220000
055183,聯鈞統一97購01  ,0,0,0,0,0,0,0,0,0,-220000,0,0,0,0,220000,-220000,-220000
046384,群創凱基98購02  ,0,0,0,0,0,0,0,0,0,-220000,0,0,0,85000,305000,-220000,-220000
060696,道瓊反國泰9C購01,0,0,0,0,0,0,0,0,0,-220000,0,0,0,0,220000,-220000,-220000
061372,世紀鋼國泰9C購01,0,0,0,0,0,0,0,0,0,-220000,0,0,0,629000,849000,-220000,-220000
063511,南電群益9B購02  ,0,0,0,0,0,0,0,0,0,-221000,0,0,0,5000,226000,-221000,-221000
055578,群創統一98購03  ,0,0,0,0,0,0,0,0,0,-221000,0,0,0,40000,261000,-221000,-221000
056784,南亞科群益98購01,0,0,0,0,0,0,0,0,0,-221000,0,0,0,0,221000,-221000,-221000
057883,中環群益98購01  ,0,0,0,0,0,0,0,0,0,-221000,0,0,0,35000,256000,-221000,-221000
063113,聯茂兆豐9B購01  ,0,0,0,0,0,0,0,0,0,-221000,0,0,0,242000,463000,-221000,-221000
2451,創見            ,50000,253290,-203290,0,0,0,135000,0,135000,-153000,0,0,0,0,153000,-153000,-221290
058218,緯穎群益99購01  ,0,0,0,0,0,0,0,0,0,-222000,0,0,0,0,222000,-222000,-222000
053381,友達元大9A購02  ,0,0,0,0,0,0,0,0,0,-223000,0,0,0,30000,253000,-223000,-223000
3030,德律            ,26000,250000,-224000,0,0,0,0,0,0,0,1000,1000,0,0,0,0,-224000
063934,寶成統一02購01  ,0,0,0,0,0,0,0,0,0,-224000,0,0,0,20000,244000,-224000,-224000
07319P,台積電凱基01售02,0,0,0,0,0,0,0,0,0,-224000,0,0,0,0,224000,-224000,-224000
055887,上銀統一97購03  ,0,0,0,0,0,0,0,0,0,-224000,0,0,0,0,224000,-224000,-224000
059124,台積電第一03購01,0,0,0,0,0,0,0,0,0,-224000,0,0,0,7000,231000,-224000,-224000
058116,正崴中信99購02  ,0,0,0,0,0,0,0,0,0,-224000,0,0,0,14000,238000,-224000,-224000
063167,同欣電永豐9B購03,0,0,0,0,0,0,0,0,0,-224000,0,0,0,51000,275000,-224000,-224000
063865,旺宏永豐9C購01  ,0,0,0,0,0,0,0,0,0,-225000,0,0,0,0,225000,-225000,-225000
055586,旺宏元大98購06  ,0,0,0,0,0,0,0,0,0,-225000,0,0,0,102000,327000,-225000,-225000
058328,世紀鋼統一9B購01,0,0,0,0,0,0,0,0,0,-225000,0,0,0,125000,350000,-225000,-225000
062827,神基群益9B購01  ,0,0,0,0,0,0,0,0,0,-225000,0,0,0,95000,320000,-225000,-225000
06078P,臺股指凱基9A售01,0,0,0,0,0,0,0,0,0,-225000,0,0,0,0,225000,-225000,-225000
061876,明泰元大9B購01  ,0,0,0,0,0,0,0,0,0,-225000,0,0,0,112000,337000,-225000,-225000
063660,儒鴻統一9C購01  ,0,0,0,0,0,0,0,0,0,-226000,0,0,0,102000,328000,-226000,-226000
059516,TPK永豐99購01   ,0,0,0,0,0,0,0,0,0,-226000,0,0,0,10000,236000,-226000,-226000
056417,欣興中信98購01  ,0,0,0,0,0,0,0,0,0,-227000,0,0,0,140000,367000,-227000,-227000
058148,百和元大99購01  ,0,0,0,0,0,0,0,0,0,-227000,0,0,0,17000,244000,-227000,-227000
061673,仁寶元大9B購01  ,0,0,0,0,0,0,0,0,0,-227000,0,0,0,15000,242000,-227000,-227000
063369,聚陽永豐9B購01  ,0,0,0,0,0,0,0,0,0,-227000,0,0,0,85000,312000,-227000,-227000
058589,群創中信01購01  ,0,0,0,0,0,0,0,0,0,-228000,0,0,0,95000,323000,-228000,-228000
06889P,臺股指元大98售13,0,0,0,0,0,0,0,0,0,-229000,0,0,0,1000,230000,-229000,-229000
08203P,同欣電永豐9B售04,0,0,0,0,0,0,0,0,0,-229000,0,0,0,0,229000,-229000,-229000
061517,瑞祺永豐9A購03  ,0,0,0,0,0,0,0,0,0,-229000,0,0,0,23000,252000,-229000,-229000
061418,世紀鋼群益9A購02,0,0,0,0,0,0,0,0,0,-229000,0,0,0,304000,533000,-229000,-229000
4106,雃博            ,267000,496000,-229000,0,0,0,0,0,0,0,0,0,0,0,0,0,-229000
058769,友達兆豐99購01  ,0,0,0,0,0,0,0,0,0,-230000,0,0,0,0,230000,-230000,-230000
054975,福懋科元大97購01,0,0,0,0,0,0,0,0,0,-230000,0,0,0,80000,310000,-230000,-230000
060233,宏碁元大9A購01  ,0,0,0,0,0,0,0,0,0,-230000,0,0,0,50000,280000,-230000,-230000
061873,友達元大9C購07  ,0,0,0,0,0,0,0,0,0,-230000,0,0,0,30000,260000,-230000,-230000
058772,茂林兆豐9A購01  ,0,0,0,0,0,0,0,0,0,-231000,0,0,0,1000,232000,-231000,-231000
06939P,國巨永豐98售09  ,0,0,0,0,0,0,0,0,0,-232000,0,0,0,0,232000,-232000,-232000
053291,旺宏中信9A購01  ,0,0,0,0,0,0,0,0,0,-232000,0,0,0,0,232000,-232000,-232000
056962,技嘉永豐98購01  ,0,0,0,0,0,0,0,0,0,-232000,0,0,0,138000,370000,-232000,-232000
063177,友達兆豐9B購01  ,0,0,0,0,0,0,0,0,0,-232000,0,0,0,4000,236000,-232000,-232000
062537,聯電國泰9C購01  ,0,0,0,0,0,0,0,0,0,-232000,0,0,0,132000,364000,-232000,-232000
061666,友達中信01購01  ,0,0,0,0,0,0,0,0,0,-233000,0,0,0,20000,253000,-233000,-233000
05131P,聯詠統一97售01  ,0,0,0,0,0,0,0,0,0,-234000,0,0,0,0,234000,-234000,-234000
061038,TPK永豐9A購01   ,0,0,0,0,0,0,0,0,0,-234000,0,0,0,9000,243000,-234000,-234000
056596,光磊元富98購01  ,0,0,0,0,0,0,0,0,0,-235000,0,0,0,100000,335000,-235000,-235000
055295,瀚宇博元大97購02,0,0,0,0,0,0,0,0,0,-235000,0,0,0,0,235000,-235000,-235000
057912,美律日盛99購01  ,0,0,0,0,0,0,0,0,0,-235000,0,0,0,225000,460000,-235000,-235000
058222,玉晶光統一9B購01,0,0,0,0,0,0,0,0,0,-235000,0,0,0,9000,244000,-235000,-235000
07334P,臺股指國票99售19,0,0,0,0,0,0,0,0,0,-236000,0,0,0,367000,603000,-236000,-236000
07366P,國巨康和99售02  ,0,0,0,0,0,0,0,0,0,-236000,0,0,0,734000,970000,-236000,-236000
8249,菱光            ,25000,261000,-236000,0,0,0,0,0,0,0,0,0,0,0,0,0,-236000
058692,華邦電國票9B購01,0,0,0,0,0,0,0,0,0,-237000,0,0,0,0,237000,-237000,-237000
061891,力山永豐9B購01  ,0,0,0,0,0,0,0,0,0,-237000,0,0,0,27000,264000,-237000,-237000
062096,神隆永豐9B購01  ,0,0,0,0,0,0,0,0,0,-238000,0,0,0,0,238000,-238000,-238000
063315,京元電群益9B購03,0,0,0,0,0,0,0,0,0,-238000,0,0,0,91000,329000,-238000,-238000
057059,易華電元大99購01,0,0,0,0,0,0,0,0,0,-239000,0,0,0,83000,322000,-239000,-239000
055306,燿華群益97購01  ,0,0,0,0,0,0,0,0,0,-240000,0,0,0,0,240000,-240000,-240000
052959,聯電凱基97購01  ,0,0,0,0,0,0,0,0,0,-240000,0,0,0,0,240000,-240000,-240000
061928,群創凱基9B購06  ,0,0,0,0,0,0,0,0,0,-240000,0,0,0,75000,315000,-240000,-240000
061541,旺宏群益9A購03  ,0,0,0,0,0,0,0,0,0,-240000,0,0,0,0,240000,-240000,-240000
061129,文曄永豐9A購01  ,0,0,0,0,0,0,0,0,0,-240000,0,0,0,116000,356000,-240000,-240000
056810,群創統一9A購01  ,0,0,0,0,0,0,0,0,0,-241000,0,0,0,0,241000,-241000,-241000
057120,茂林康和98購01  ,0,0,0,0,0,0,0,0,0,-241000,0,0,0,40000,281000,-241000,-241000
057406,茂林群益98購03  ,0,0,0,0,0,0,0,0,0,-241000,0,0,0,134000,375000,-241000,-241000
057940,和大國票99購01  ,0,0,0,0,0,0,0,0,0,-242000,0,0,0,0,242000,-242000,-242000
061431,鈺齊元大9A購01  ,0,0,0,0,0,0,0,0,0,-242000,0,0,0,33000,275000,-242000,-242000
061676,新光金元大9A購03,0,0,0,0,0,0,0,0,0,-242000,0,0,0,0,242000,-242000,-242000
061374,力山永豐9A購04  ,0,0,0,0,0,0,0,0,0,-243000,0,0,0,40000,283000,-243000,-243000
058691,友訊國票9A購01  ,0,0,0,0,0,0,0,0,0,-244000,0,0,0,22000,266000,-244000,-244000
058337,日月光元富99購01,0,0,0,0,0,0,0,0,0,-244000,0,0,0,85000,329000,-244000,-244000
061642,創意元大9A購04  ,0,0,0,0,0,0,0,0,0,-244000,0,0,0,611000,855000,-244000,-244000
08246P,亞德客群益01售01,0,0,0,0,0,0,0,0,0,-245000,0,0,0,0,245000,-245000,-245000
058622,國巨國票99購07  ,0,0,0,0,0,0,0,0,0,-245000,0,0,0,99000,344000,-245000,-245000
057355,彩晶統一98購03  ,0,0,0,0,0,0,0,0,0,-245000,0,0,0,0,245000,-245000,-245000
060990,新光金元大9B購03,0,0,0,0,0,0,0,0,0,-245000,0,0,0,0,245000,-245000,-245000
062920,康友元大9B購01  ,0,0,0,0,0,0,0,0,0,-245000,0,0,0,96000,341000,-245000,-245000
058325,昇陽半永豐99購01,0,0,0,0,0,0,0,0,0,-246000,0,0,0,10000,256000,-246000,-246000
060406,瑞祺國泰9B購01  ,0,0,0,0,0,0,0,0,0,-246000,0,0,0,6000,252000,-246000,-246000
6706,惠特            ,133000,302000,-169000,0,0,0,0,16000,-16000,-62000,0,62000,-62000,0,0,0,-247000
1338,廣華-KY         ,84000,263000,-179000,0,0,0,0,0,0,-70000,0,70000,-70000,0,0,0,-249000
060483,友達富邦9A購01  ,0,0,0,0,0,0,0,0,0,-249000,0,0,0,60000,309000,-249000,-249000
057378,康友元大98購02  ,0,0,0,0,0,0,0,0,0,-249000,0,0,0,0,249000,-249000,-249000
060967,鈺齊凱基9A購02  ,0,0,0,0,0,0,0,0,0,-249000,0,0,0,146000,395000,-249000,-249000
059181,世紀鋼元富9C購01,0,0,0,0,0,0,0,0,0,-250000,0,0,0,11000,261000,-250000,-250000
06230P,亞德客永豐97售03,0,0,0,0,0,0,0,0,0,-251000,0,0,0,0,251000,-251000,-251000
063661,聚陽統一9C購02  ,0,0,0,0,0,0,0,0,0,-252000,0,0,0,341000,593000,-252000,-252000
063715,鈺齊凱基9C購01  ,0,0,0,0,0,0,0,0,0,-252000,0,0,0,35000,287000,-252000,-252000
063081,技嘉凱基9B購02  ,0,0,0,0,0,0,0,0,0,-252000,0,0,0,56000,308000,-252000,-252000
062034,同欣電群益9B購01,0,0,0,0,0,0,0,0,0,-252000,0,0,0,2000,254000,-252000,-252000
05692P,聯發科中信9A售02,0,0,0,0,0,0,0,0,0,-254000,0,0,0,30000,284000,-254000,-254000
057788,嘉聯益國票99購01,0,0,0,0,0,0,0,0,0,-254000,0,0,0,42000,296000,-254000,-254000
058660,樺漢中信9A購01  ,0,0,0,0,0,0,0,0,0,-254000,0,0,0,171000,425000,-254000,-254000
062903,燿華元大9B購04  ,0,0,0,0,0,0,0,0,0,-254000,0,0,0,95000,349000,-254000,-254000
062780,旺宏元大01購01  ,0,0,0,0,0,0,0,0,0,-254000,0,0,0,20000,274000,-254000,-254000
063583,GIS國泰01購01   ,0,0,0,0,0,0,0,0,0,-256000,0,0,0,48000,304000,-256000,-256000
060432,達方永豐9A購01  ,0,0,0,0,0,0,0,0,0,-256000,0,0,0,309000,565000,-256000,-256000
4958,臻鼎-KY         ,696000,1232746,-536746,0,0,0,218000,15000,203000,77000,128000,50000,78000,8000,9000,-1000,-256746
2889,國票金          ,760000,1016876,-256876,0,0,0,0,0,0,0,0,0,0,0,0,0,-256876
063471,泰鼎元大9C購01  ,0,0,0,0,0,0,0,0,0,-257000,0,0,0,55000,312000,-257000,-257000
07130P,台郡元大9B售01  ,0,0,0,0,0,0,0,0,0,-257000,0,0,0,5000,262000,-257000,-257000
058747,友達凱基9A購03  ,0,0,0,0,0,0,0,0,0,-257000,0,0,0,0,257000,-257000,-257000
047564,滬深2X國票99購01,0,0,0,0,0,0,0,0,0,-257000,0,0,0,0,257000,-257000,-257000
060720,嘉聯益永豐9A購02,0,0,0,0,0,0,0,0,0,-257000,0,0,0,0,257000,-257000,-257000
07115P,T50反1日盛9C售02,0,0,0,0,0,0,0,0,0,-258000,0,0,0,264000,522000,-258000,-258000
064030,泰碩元大01購01  ,0,0,0,0,0,0,0,0,0,-259000,0,0,0,150000,409000,-259000,-259000
063265,瑞祺永豐9B購01  ,0,0,0,0,0,0,0,0,0,-259000,0,0,0,36000,295000,-259000,-259000
063261,康控富邦03購01  ,0,0,0,0,0,0,0,0,0,-259000,0,0,0,236000,495000,-259000,-259000
6672,騰輝電子-KY     ,54000,486000,-432000,0,0,0,173000,0,173000,0,0,0,0,0,0,0,-259000
058771,神達兆豐99購01  ,0,0,0,0,0,0,0,0,0,-260000,0,0,0,65000,325000,-260000,-260000
054713,國巨中信9B購01  ,0,0,0,0,0,0,0,0,0,-260000,0,0,0,0,260000,-260000,-260000
062979,茂林元富9B購01  ,0,0,0,0,0,0,0,0,0,-260000,0,0,0,257000,517000,-260000,-260000
063723,儒鴻元大9B購04  ,0,0,0,0,0,0,0,0,0,-261000,0,0,0,84000,345000,-261000,-261000
058973,麗豐永豐99購01  ,0,0,0,0,0,0,0,0,0,-261000,0,0,0,50000,311000,-261000,-261000
063280,燿華元大9B購05  ,0,0,0,0,0,0,0,0,0,-261000,0,0,0,52000,313000,-261000,-261000
062070,金寶元大9B購01  ,0,0,0,0,0,0,0,0,0,-261000,0,0,0,61000,322000,-261000,-261000
050392,群創統一96購01  ,0,0,0,0,0,0,0,0,0,-262000,0,0,0,10000,272000,-262000,-262000
060675,南亞科元大9A購02,0,0,0,0,0,0,0,0,0,-262000,0,0,0,207000,469000,-262000,-262000
6591,動力-KY         ,123000,385000,-262000,0,0,0,0,0,0,0,0,0,0,0,0,0,-262000
063850,玉晶光元大9C購07,0,0,0,0,0,0,0,0,0,-263000,0,0,0,160000,423000,-263000,-263000
056579,麗豐元大99購01  ,0,0,0,0,0,0,0,0,0,-263000,0,0,0,195000,458000,-263000,-263000
061609,華新科統一9C購01,0,0,0,0,0,0,0,0,0,-263000,0,0,0,72000,335000,-263000,-263000
061824,聯電麥證9B購01  ,0,0,0,50000,314000,-264000,0,0,0,-264000,0,0,0,50000,314000,-264000,-264000
063263,高鐵永豐9B購01  ,0,0,0,0,0,0,0,0,0,-264000,0,0,0,10000,274000,-264000,-264000
063221,京元電群益9B購02,0,0,0,0,0,0,0,0,0,-264000,0,0,0,95000,359000,-264000,-264000
07456P,華新科元大9A售06,0,0,0,0,0,0,0,0,0,-265000,0,0,0,0,265000,-265000,-265000
06839P,玉晶光統一9A售05,0,0,0,0,0,0,0,0,0,-265000,0,0,0,72000,337000,-265000,-265000
2401,凌陽            ,188000,386000,-198000,0,0,0,0,0,0,-67000,11000,78000,-67000,0,0,0,-265000
056545,TPK凱基98購02   ,0,0,0,0,0,0,0,0,0,-265000,0,0,0,91000,356000,-265000,-265000
056191,世紀鋼統一97購01,0,0,0,0,0,0,0,0,0,-265000,0,0,0,62000,327000,-265000,-265000
062981,祥碩元富9B購01  ,0,0,0,0,0,0,0,0,0,-265000,0,0,0,9000,274000,-265000,-265000
054894,GIS統一97購01   ,0,0,0,0,0,0,0,0,0,-266000,0,0,0,415000,681000,-266000,-266000
063845,旺宏元大9C購03  ,0,0,0,0,0,0,0,0,0,-267000,0,0,0,74000,341000,-267000,-267000
062026,華邦電群益9B購01,0,0,0,0,0,0,0,0,0,-267000,0,0,0,12000,279000,-267000,-267000
054827,宏全元大9A購01  ,0,0,0,0,0,0,0,0,0,-268000,0,0,0,0,268000,-268000,-268000
057664,台積電元大9A購03,0,0,0,0,0,0,0,0,0,-268000,0,0,0,113000,381000,-268000,-268000
061050,康友中信9A購01  ,0,0,0,0,0,0,0,0,0,-268000,0,0,0,48000,316000,-268000,-268000
063251,同欣電元大9B購04,0,0,0,0,0,0,0,0,0,-269000,0,0,0,46000,315000,-269000,-269000
058013,SP黃豆凱基9A購01,0,0,0,0,0,0,0,0,0,-270000,0,0,0,0,270000,-270000,-270000
07202P,台灣50凱基9C售04,0,0,0,0,0,0,0,0,0,-271000,0,0,0,5000,276000,-271000,-271000
062869,帆宣中信9B購01  ,0,0,0,0,0,0,0,0,0,-271000,0,0,0,47000,318000,-271000,-271000
2405,浩鑫            ,119000,391000,-272000,0,0,0,0,0,0,0,0,0,0,0,0,0,-272000
063281,京元電元大9B購01,10000,0,10000,0,0,0,0,0,0,-282000,0,0,0,51000,333000,-282000,-272000
061075,亞德客兆豐9A購01,0,0,0,0,0,0,0,0,0,-273000,0,0,0,5000,278000,-273000,-273000
4938,和碩            ,2221000,3606899,-1385899,0,0,0,530000,8000,522000,590000,748000,2000,746000,9000,165000,-156000,-273899
1786,科妍            ,24000,302000,-278000,0,0,0,0,0,0,4000,7000,3000,4000,0,0,0,-274000
052853,友達日盛99購01  ,0,0,0,0,0,0,0,0,0,-274000,0,0,0,35000,309000,-274000,-274000
057776,京元電群益98購02,0,0,0,0,0,0,0,0,0,-274000,0,0,0,50000,324000,-274000,-274000
056324,南亞科兆豐98購01,0,0,0,0,0,0,0,0,0,-275000,0,0,0,30000,305000,-275000,-275000
062568,緯穎中信9C購01  ,0,0,0,0,0,0,0,0,0,-276000,0,0,0,10000,286000,-276000,-276000
062509,SP黃豆國票9B購03,0,0,0,0,0,0,0,0,0,-278000,0,0,0,0,278000,-278000,-278000
06421P,嘉澤統一97售02  ,0,0,0,0,0,0,0,0,0,-279000,0,0,0,32000,311000,-279000,-279000
059170,康控凱基9B購01  ,0,0,0,0,0,0,0,0,0,-279000,0,0,0,188000,467000,-279000,-279000
059041,南茂群益99購02  ,0,0,0,0,0,0,0,0,0,-279000,0,0,0,58000,337000,-279000,-279000
063556,儒鴻元大9B購02  ,0,0,0,0,0,0,0,0,0,-280000,0,0,0,146000,426000,-280000,-280000
07006P,旺宏統一9B售03  ,0,0,0,0,0,0,0,0,0,-281000,0,0,0,70000,351000,-281000,-281000
058584,百和群益9A購01  ,0,0,0,0,0,0,0,0,0,-281000,0,0,0,218000,499000,-281000,-281000
063432,金寶元富9B購01  ,0,0,0,0,0,0,0,0,0,-281000,0,0,0,440000,721000,-281000,-281000
3532,台勝科          ,109000,253000,-144000,0,0,0,0,0,0,-138000,2000,9000,-7000,18000,149000,-131000,-282000
057114,台虹群益98購01  ,0,0,0,0,0,0,0,0,0,-282000,0,0,0,50000,332000,-282000,-282000
060306,台肥永豐9A購01  ,0,0,0,0,0,0,0,0,0,-282000,0,0,0,0,282000,-282000,-282000
053364,友達國泰98購01  ,0,0,0,0,0,0,0,0,0,-283000,0,0,0,0,283000,-283000,-283000
060556,緯穎凱基9A購04  ,0,0,0,0,0,0,0,0,0,-283000,0,0,0,10000,293000,-283000,-283000
062456,台積電群益9B購05,0,0,0,0,0,0,0,0,0,-283000,0,0,0,0,283000,-283000,-283000
063909,旺宏凱基02購01  ,0,0,0,0,0,0,0,0,0,-284000,0,0,0,43000,327000,-284000,-284000
060134,鈺齊群益9A購01  ,0,0,0,0,0,0,0,0,0,-284000,0,0,0,20000,304000,-284000,-284000
061844,T50反1國票9C購02,0,0,0,0,0,0,0,0,0,-284000,0,0,0,437000,721000,-284000,-284000
2504,國產            ,1312000,1476000,-164000,0,0,0,0,0,0,-121000,0,0,0,116000,237000,-121000,-285000
1215,卜蜂            ,77000,350000,-273000,0,0,0,0,0,0,-12000,30000,0,30000,17000,59000,-42000,-285000
057988,鈺齊元富98購02  ,0,0,0,0,0,0,0,0,0,-285000,0,0,0,30000,315000,-285000,-285000
059278,群創元大9A購04  ,0,0,0,0,0,0,0,0,0,-285000,0,0,0,203000,488000,-285000,-285000
2845,遠東銀          ,132000,418000,-286000,0,0,0,0,0,0,0,0,0,0,0,0,0,-286000
059688,燿華永豐99購01  ,0,0,0,0,0,0,0,0,0,-286000,0,0,0,209000,495000,-286000,-286000
3515,華擎            ,568000,766000,-198000,0,0,0,15000,1000,14000,-103000,31000,10000,21000,30000,154000,-124000,-287000
07122P,欣興凱基99售05  ,0,0,0,0,0,0,0,0,0,-287000,0,0,0,0,287000,-287000,-287000
06743P,創意永豐98售03  ,0,0,0,0,0,0,0,0,0,-287000,0,0,0,191000,478000,-287000,-287000
00636,國泰中國A50     ,42000,9000,33000,0,0,0,0,0,0,-321000,10000,10000,0,86000,407000,-321000,-288000
063886,南電元富9C購01  ,0,0,0,0,0,0,0,0,0,-289000,0,0,0,0,289000,-289000,-289000
061212,聯鈞元大9A購04  ,0,0,0,0,0,0,0,0,0,-289000,0,0,0,78000,367000,-289000,-289000
4915,致伸            ,1028000,1770081,-742081,0,0,0,471000,0,471000,-18000,0,0,0,0,18000,-18000,-289081
063920,大立光元富03購02,0,0,0,0,0,0,0,0,0,-290000,0,0,0,73000,363000,-290000,-290000
063210,百和統一9C購01  ,0,0,0,0,0,0,0,0,0,-290000,0,0,0,0,290000,-290000,-290000
061413,台勝科群益9A購01,0,5000,-5000,0,0,0,0,0,0,-286000,0,0,0,35000,321000,-286000,-291000
064176,京元電國泰01購01,0,0,0,0,0,0,0,0,0,-292000,0,0,0,50000,342000,-292000,-292000
058251,百和元大99購03  ,0,0,0,0,0,0,0,0,0,-292000,0,0,0,0,292000,-292000,-292000
062532,聯詠統一9C購01  ,0,0,0,0,0,0,0,0,0,-292000,0,0,0,82000,374000,-292000,-292000
060419,漢翔永豐9A購01  ,0,0,0,0,0,0,0,0,0,-293000,0,0,0,10000,303000,-293000,-293000
061923,友達凱基9B購04  ,0,0,0,0,0,0,0,0,0,-293000,0,0,0,15000,308000,-293000,-293000
053799,矽創中信9A購01  ,0,0,0,0,0,0,0,0,0,-294000,0,0,0,52000,346000,-294000,-294000
059559,T50反1凱基99購07,0,0,0,0,0,0,0,0,0,-294000,0,0,0,0,294000,-294000,-294000
062057,華邦電統一01購01,0,0,0,0,0,0,0,0,0,-295000,0,0,0,0,295000,-295000,-295000
058671,旺宏群益9A購01  ,0,0,0,0,0,0,0,0,0,-296000,0,0,0,0,296000,-296000,-296000
063593,GIS永豐9B購01   ,0,0,0,0,0,0,0,0,0,-298000,0,0,0,262000,560000,-298000,-298000
2516,新建            ,55000,353000,-298000,0,0,0,0,0,0,0,0,0,0,0,0,0,-298000
063341,燿華統一9C購01  ,0,0,0,0,0,0,0,0,0,-298000,0,0,0,55000,353000,-298000,-298000
07640P,國巨群益9A售07  ,0,0,0,0,0,0,0,0,0,-299000,0,0,0,0,299000,-299000,-299000
055205,京鼎中信99購01  ,0,0,0,0,0,0,0,0,0,-299000,0,0,0,40000,339000,-299000,-299000
058534,友達統一9B購01  ,0,0,0,0,0,0,0,0,0,-299000,0,0,0,25000,324000,-299000,-299000
064012,泰碩國票01購02  ,0,0,0,0,0,0,0,0,0,-300000,0,0,0,40000,340000,-300000,-300000
064045,南亞科統一9C購04,0,0,0,0,0,0,0,0,0,-301000,0,0,0,37000,338000,-301000,-301000
057928,鈺齊凱基98購02  ,0,0,0,0,0,0,0,0,0,-301000,0,0,0,10000,311000,-301000,-301000
060694,旺宏麥證9A購02  ,0,0,0,0,301000,-301000,0,0,0,-301000,0,0,0,0,301000,-301000,-301000
063679,群創國泰01購01  ,0,0,0,0,0,0,0,0,0,-304000,0,0,0,67000,371000,-304000,-304000
1783,和康生          ,309000,613000,-304000,0,0,0,0,0,0,0,0,0,0,0,0,0,-304000
059396,T50反1元富99購04,0,0,0,0,0,0,0,0,0,-304000,0,0,0,102000,406000,-304000,-304000
060562,旺宏富邦9C購02  ,0,0,0,0,0,0,0,0,0,-304000,0,0,0,10000,314000,-304000,-304000
07588P,滬深2X國票9C售01,0,0,0,0,0,0,0,0,0,-305000,0,0,0,0,305000,-305000,-305000
063982,TPK兆豐9C購01   ,0,0,0,0,0,0,0,0,0,-305000,0,0,0,0,305000,-305000,-305000
06568P,國巨永豐98售05  ,0,0,0,0,0,0,0,0,0,-305000,0,0,0,0,305000,-305000,-305000
063218,台塑群益9B購01  ,0,0,0,0,0,0,0,0,0,-305000,0,0,0,0,305000,-305000,-305000
057609,友訊元富98購01  ,0,0,0,0,0,0,0,0,0,-306000,0,0,0,877000,1183000,-306000,-306000
063666,京元電統一9C購01,0,0,0,0,0,0,0,0,0,-307000,0,0,0,0,307000,-307000,-307000
063680,寶成富邦9C購01  ,0,0,0,0,0,0,0,0,0,-308000,0,0,0,50000,358000,-308000,-308000
00686R,群益臺灣加權反1 ,0,0,0,0,0,0,0,0,0,-308000,0,0,0,46000,354000,-308000,-308000
03650C,T50反1元大98牛05,0,0,0,0,0,0,0,0,0,-308000,0,0,0,0,308000,-308000,-308000
062805,台勝科統一9C購01,0,0,0,0,0,0,0,0,0,-308000,0,0,0,48000,356000,-308000,-308000
062693,中石化元大02購01,0,0,0,0,0,0,0,0,0,-308000,0,0,0,31000,339000,-308000,-308000
058706,聯鈞元大9C購01  ,0,0,0,0,0,0,0,0,0,-309000,0,0,0,0,309000,-309000,-309000
063701,燿華群益9B購02  ,0,0,0,0,0,0,0,0,0,-310000,0,0,0,25000,335000,-310000,-310000
07928P,國巨統一9B售09  ,0,0,0,0,0,0,0,0,0,-310000,0,0,0,0,310000,-310000,-310000
050890,南電富邦99購01  ,0,0,0,0,0,0,0,0,0,-310000,0,0,0,0,310000,-310000,-310000
062633,亞光國票9B購01  ,0,0,0,0,0,0,0,0,0,-311000,0,0,0,27000,338000,-311000,-311000
3042,晶技            ,746000,1192000,-446000,0,0,0,20000,0,20000,114000,176000,34000,142000,51000,79000,-28000,-312000
056463,台虹凱基98購02  ,0,0,0,0,0,0,0,0,0,-312000,0,0,0,51000,363000,-312000,-312000
058154,泰碩統一9A購01  ,0,0,0,0,0,0,0,0,0,-312000,0,0,0,284000,596000,-312000,-312000
06187P,國巨統一97售05  ,0,0,0,0,0,0,0,0,0,-312000,0,0,0,0,312000,-312000,-312000
061840,長榮航凱基9C購01,0,0,0,0,0,0,0,0,0,-312000,0,0,0,33000,345000,-312000,-312000
063657,茂林元富9B購04  ,0,0,0,0,0,0,0,0,0,-313000,0,0,0,264000,577000,-313000,-313000
06657P,寶成元大98售01  ,0,0,0,0,0,0,0,0,0,-313000,0,0,0,174000,487000,-313000,-313000
059277,群創元大99購05  ,0,0,0,0,0,0,0,0,0,-313000,0,0,0,80000,393000,-313000,-313000
061819,茂林群益9B購01  ,0,0,0,0,0,0,0,0,0,-313000,0,0,0,0,313000,-313000,-313000
046629,群創統一98購01  ,0,0,0,0,0,0,0,0,0,-314000,0,0,0,60000,374000,-314000,-314000
063837,亞德客元大01購01,0,0,0,0,0,0,0,0,0,-315000,0,0,0,17000,332000,-315000,-315000
057930,旺宏群益99購04  ,0,0,0,0,0,0,0,0,0,-315000,0,0,0,10000,325000,-315000,-315000
057249,華邦電統一9A購01,0,0,0,0,0,0,0,0,0,-315000,0,0,0,30000,345000,-315000,-315000
060061,旺宏兆豐99購02  ,0,0,0,0,0,0,0,0,0,-315000,0,0,0,34000,349000,-315000,-315000
061749,群創統一9C購02  ,0,0,0,0,0,0,0,0,0,-315000,0,0,0,2000,317000,-315000,-315000
061339,京元電元大9A購05,0,0,0,0,0,0,0,0,0,-315000,0,0,0,68000,383000,-315000,-315000
063126,TPK元大9B購01   ,0,0,0,0,0,0,0,0,0,-315000,0,0,0,12000,327000,-315000,-315000
6670,復盛應用        ,176000,646000,-470000,0,0,0,157000,0,157000,-2000,48000,61000,-13000,15000,4000,11000,-315000
1598,岱宇            ,424000,743000,-319000,0,0,0,0,0,0,3000,80000,77000,3000,0,0,0,-316000
058424,滬深2X元富99購04,0,0,0,0,0,0,0,0,0,-316000,0,0,0,20000,336000,-316000,-316000
08136P,祥碩國泰01售01  ,0,0,0,0,0,0,0,0,0,-318000,0,0,0,745000,1063000,-318000,-318000
063860,旺宏國泰02購01  ,0,0,0,0,0,0,0,0,0,-318000,0,0,0,102000,420000,-318000,-318000
063930,高鐵統一02購02  ,0,0,0,0,0,0,0,0,0,-318000,0,0,0,13000,331000,-318000,-318000
063625,儒鴻元大9B購03  ,0,0,0,0,0,0,0,0,0,-318000,0,0,0,84000,402000,-318000,-318000
059101,康控統一9A購01  ,0,0,0,0,0,0,0,0,0,-318000,0,0,0,760000,1078000,-318000,-318000
061414,牧德群益9B購02  ,0,0,0,0,0,0,0,0,0,-318000,0,0,0,20000,338000,-318000,-318000
063236,旺宏元大9B購07  ,0,0,0,0,0,0,0,0,0,-319000,0,0,0,29000,348000,-319000,-319000
057287,彩晶元大9C購03  ,0,0,0,0,0,0,0,0,0,-320000,0,0,0,24000,344000,-320000,-320000
058752,鈺齊凱基9A購01  ,0,0,0,0,0,0,0,0,0,-321000,0,0,0,11000,332000,-321000,-321000
063291,緯穎元大01購01  ,0,0,0,0,0,0,0,0,0,-321000,0,0,0,25000,346000,-321000,-321000
063110,牧德兆豐9B購01  ,0,0,0,0,0,0,0,0,0,-321000,0,0,0,289000,610000,-321000,-321000
03446B,臺股指元大9B熊26,0,0,0,0,0,0,0,0,0,-322000,0,0,0,73000,395000,-322000,-322000
00646,元大S&P500      ,51000,17000,34000,0,0,0,0,0,0,-357000,176000,0,176000,53000,586000,-533000,-323000
056560,旺宏群益98購03  ,0,0,0,0,0,0,0,0,0,-324000,0,0,0,0,324000,-324000,-324000
058054,台積電統一9C購01,0,10000,-10000,0,0,0,0,0,0,-314000,0,0,0,1645000,1959000,-314000,-324000
063646,帆宣元大9B購02  ,0,0,0,0,0,0,0,0,0,-325000,0,0,0,13000,338000,-325000,-325000
061483,TPK元大9A購01   ,0,0,0,0,0,0,0,0,0,-326000,0,0,0,73000,399000,-326000,-326000
056356,台積電元大99購01,0,0,0,0,0,0,0,0,0,-327000,0,0,0,220000,547000,-327000,-327000
052699,友達國票97購01  ,0,0,0,0,0,0,0,0,0,-328000,0,0,0,0,328000,-328000,-328000
062647,南電國泰9C購02  ,0,0,0,0,0,0,0,0,0,-328000,0,0,0,200000,528000,-328000,-328000
061699,燿華國票9A購01  ,0,0,0,0,0,0,0,0,0,-329000,0,0,0,155000,484000,-329000,-329000
061979,友達元大9C購08  ,0,0,0,0,0,0,0,0,0,-329000,0,0,0,25000,354000,-329000,-329000
062132,神隆群益9B購01  ,0,0,0,0,0,0,0,0,0,-331000,0,0,0,100000,431000,-331000,-331000
058147,鈺齊元大99購01  ,0,0,0,0,0,0,0,0,0,-332000,0,0,0,15000,347000,-332000,-332000
061542,旺宏群益9A購04  ,0,0,0,0,0,0,0,0,0,-332000,0,0,0,0,332000,-332000,-332000
061553,南電群益9A購03  ,0,0,0,0,0,0,0,0,0,-332000,0,0,0,20000,352000,-332000,-332000
061353,康控元大9A購01  ,0,0,0,0,0,0,0,0,0,-332000,0,0,0,405000,737000,-332000,-332000
063490,儒鴻富邦9C購01  ,0,0,0,0,0,0,0,0,0,-334000,0,0,0,555000,889000,-334000,-334000
06465P,國巨統一98售04  ,0,0,0,0,0,0,0,0,0,-334000,0,0,0,118000,452000,-334000,-334000
055265,玉晶光永豐98購03,0,0,0,0,0,0,0,0,0,-334000,0,0,0,100000,434000,-334000,-334000
062796,技嘉統一9C購01  ,0,0,0,0,0,0,0,0,0,-334000,0,0,0,571000,905000,-334000,-334000
1802,台玻            ,485000,822000,-337000,0,0,0,0,0,0,2000,2000,0,2000,0,0,0,-335000
060212,華航康和9A購01  ,0,0,0,0,0,0,0,0,0,-335000,0,0,0,408000,743000,-335000,-335000
057914,日月光日盛9A購01,0,0,0,0,0,0,0,0,0,-335000,0,0,0,0,335000,-335000,-335000
064072,康友永豐9C購01  ,0,0,0,0,0,0,0,0,0,-336000,0,0,0,27000,363000,-336000,-336000
00683L,元大美元指數正2 ,0,0,0,0,0,0,0,0,0,-336000,0,0,0,0,336000,-336000,-336000
055860,啟碁元大97購04  ,0,0,0,0,0,0,0,0,0,-337000,0,0,0,177000,514000,-337000,-337000
060425,凌華永豐9A購01  ,0,0,0,0,0,0,0,0,0,-338000,0,0,0,25000,363000,-338000,-338000
057998,玉晶光麥證9A購01,0,0,0,0,338000,-338000,0,0,0,-338000,0,0,0,0,338000,-338000,-338000
061197,矽創永豐9A購02  ,0,0,0,0,0,0,0,0,0,-338000,0,0,0,139000,477000,-338000,-338000
055377,揚明光元大98購01,0,0,0,0,0,0,0,0,0,-340000,0,0,0,0,340000,-340000,-340000
053821,群創群益98購08  ,0,0,0,0,0,0,0,0,0,-340000,0,0,0,0,340000,-340000,-340000
057989,旺宏統一99購04  ,0,0,0,0,0,0,0,0,0,-340000,0,0,0,16000,356000,-340000,-340000
061200,道瓊反元大9A購06,20000,0,20000,0,0,0,0,0,0,-360000,0,0,0,0,360000,-360000,-340000
056850,彩晶元富99購01  ,0,0,0,0,0,0,0,0,0,-342000,0,0,0,0,342000,-342000,-342000
057798,貿聯兆豐99購01  ,0,0,0,0,0,0,0,0,0,-342000,0,0,0,3000,345000,-342000,-342000
062061,台勝科統一01購01,0,0,0,0,0,0,0,0,0,-342000,0,0,0,20000,362000,-342000,-342000
063565,旺宏元大9B購08  ,0,0,0,0,0,0,0,0,0,-343000,0,0,0,54000,397000,-343000,-343000
061355,康友元大9A購03  ,0,0,0,0,0,0,0,0,0,-343000,0,0,0,96000,439000,-343000,-343000
058810,國巨統一9B購04  ,0,0,0,0,0,0,0,0,0,-344000,0,0,0,0,344000,-344000,-344000
063665,南亞科統一01購02,0,0,0,0,0,0,0,0,0,-345000,0,0,0,87000,432000,-345000,-345000
063675,亞德客國泰01購01,0,0,0,0,0,0,0,0,0,-345000,0,0,0,39000,384000,-345000,-345000
08714P,華碩元富01售03  ,0,0,0,0,0,0,0,0,0,-345000,0,0,0,0,345000,-345000,-345000
063054,健鼎統一01購01  ,0,0,0,0,0,0,0,0,0,-345000,0,0,0,904000,1249000,-345000,-345000
063976,正崴兆豐9C購01  ,0,0,0,0,0,0,0,0,0,-346000,0,0,0,147000,493000,-346000,-346000
063402,GIS群益9B購02   ,0,0,0,0,0,0,0,0,0,-346000,0,0,0,18000,364000,-346000,-346000
058049,帆宣元大98購01  ,0,0,0,0,0,0,0,0,0,-352000,0,0,0,0,352000,-352000,-352000
058197,國巨中信99購02  ,0,0,0,0,0,0,0,0,0,-352000,0,0,0,223000,575000,-352000,-352000
062275,燿華群益9B購01  ,0,0,0,0,0,0,0,0,0,-353000,0,0,0,31000,384000,-353000,-353000
060457,中橡元大9A購02  ,0,0,0,0,0,0,0,0,0,-354000,0,0,0,337000,691000,-354000,-354000
062686,群創統一9C購03  ,0,0,0,0,0,0,0,0,0,-354000,0,0,0,0,354000,-354000,-354000
063804,華邦電兆豐01購01,0,0,0,0,0,0,0,0,0,-355000,0,0,0,0,355000,-355000,-355000
063105,健策群益9C購01  ,0,0,0,0,0,0,0,0,0,-356000,0,0,0,12000,368000,-356000,-356000
3702,大聯大          ,1507000,1512241,-5241,0,0,0,0,0,0,-351000,10000,0,10000,0,361000,-361000,-356241
06982P,義隆凱基99售02  ,0,0,0,0,0,0,0,0,0,-360000,0,0,0,40000,400000,-360000,-360000
063197,遠東新統一9C購01,0,0,0,0,0,0,0,0,0,-365000,0,0,0,50000,415000,-365000,-365000
060880,中壽中信9C購01  ,0,0,0,0,0,0,0,0,0,-365000,0,0,0,67000,432000,-365000,-365000
059008,鈺齊元大99購03  ,0,0,0,0,0,0,0,0,0,-366000,0,0,0,127000,493000,-366000,-366000
058104,國巨統一9A購04  ,0,0,0,0,0,0,0,0,0,-366000,0,0,0,90000,456000,-366000,-366000
057603,樺漢群益98購02  ,0,0,0,0,0,0,0,0,0,-366000,0,0,0,0,366000,-366000,-366000
061074,儒鴻兆豐9B購01  ,0,0,0,0,0,0,0,0,0,-366000,0,0,0,227000,593000,-366000,-366000
061947,旺宏群益9B購02  ,0,0,0,0,0,0,0,0,0,-366000,0,0,0,160000,526000,-366000,-366000
056657,華邦電元大99購01,0,0,0,0,0,0,0,0,0,-367000,0,0,0,0,367000,-367000,-367000
057244,鈺齊凱基99購01  ,0,0,0,0,0,0,0,0,0,-368000,0,0,0,0,368000,-368000,-368000
061379,鈺齊永豐9A購02  ,0,0,0,0,0,0,0,0,0,-368000,0,0,0,0,368000,-368000,-368000
061085,聯茂兆豐9A購01  ,0,0,0,0,0,0,0,0,0,-369000,0,0,0,448000,817000,-369000,-369000
060376,瑞祺元富9A購01  ,0,0,0,0,0,0,0,0,0,-370000,0,0,0,50000,420000,-370000,-370000
060937,T50反1國票9A購10,0,0,0,0,0,0,0,0,0,-370000,0,0,0,30000,400000,-370000,-370000
5215,科嘉-KY         ,941000,798000,143000,0,0,0,0,513000,-513000,0,0,0,0,0,0,0,-370000
057354,聯鈞統一99購03  ,0,0,0,0,0,0,0,0,0,-371000,0,0,0,56000,427000,-371000,-371000
08215P,旺宏群益9B售04  ,0,0,0,0,0,0,0,0,0,-372000,0,0,0,15000,387000,-372000,-372000
020016,統一MSCI美科技N ,0,0,0,0,0,0,0,0,0,-373000,0,0,0,92000,465000,-373000,-373000
06467P,旺宏統一98售01  ,0,0,0,0,0,0,0,0,0,-374000,0,0,0,0,374000,-374000,-374000
063293,億豐元大9B購01  ,0,0,0,0,0,0,0,0,0,-375000,0,0,0,12000,387000,-375000,-375000
062230,緯穎統一01購01  ,0,0,0,0,0,0,0,0,0,-375000,0,0,0,70000,445000,-375000,-375000
056670,樺漢國票99購01  ,0,0,0,0,0,0,0,0,0,-376000,0,0,0,276000,652000,-376000,-376000
052542,友達元富98購01  ,0,0,0,0,0,0,0,0,0,-378000,0,0,0,526000,904000,-378000,-378000
059125,台積電第一03購02,0,0,0,0,0,0,0,0,0,-378000,0,0,0,45000,423000,-378000,-378000
063581,同欣電國泰9C購01,0,0,0,0,0,0,0,0,0,-380000,0,0,0,229000,609000,-380000,-380000
060676,京元電元大9A購03,0,0,0,0,0,0,0,0,0,-382000,0,0,0,35000,417000,-382000,-382000
6531,愛普            ,493000,895000,-402000,0,0,0,0,10000,-10000,30000,25000,0,25000,5000,0,5000,-382000
062709,帆宣元大9B購01  ,0,0,0,0,0,0,0,0,0,-384000,0,0,0,0,384000,-384000,-384000
049973,T50反1日盛9A購01,0,0,0,0,0,0,0,0,0,-385000,0,0,0,1000,386000,-385000,-385000
063295,京元電麥證9B購01,0,0,0,127000,512000,-385000,0,0,0,-385000,0,0,0,127000,512000,-385000,-385000
062950,貿聯富邦01購01  ,0,0,0,0,0,0,0,0,0,-385000,0,0,0,20000,405000,-385000,-385000
057149,京鼎國票99購02  ,0,0,0,0,0,0,0,0,0,-386000,0,0,0,41000,427000,-386000,-386000
056074,茂林元大97購04  ,0,0,0,0,0,0,0,0,0,-389000,0,0,0,0,389000,-389000,-389000
062343,中石化群益9B購01,0,0,0,0,0,0,0,0,0,-389000,0,0,0,102000,491000,-389000,-389000
063650,矽創元大9B購03  ,0,0,0,0,0,0,0,0,0,-390000,0,0,0,36000,426000,-390000,-390000
054957,興富發元大97購01,0,0,0,0,0,0,0,0,0,-390000,0,0,0,128000,518000,-390000,-390000
3406,玉晶光          ,587000,1256000,-669000,0,0,0,32000,0,32000,246000,216000,48000,168000,129000,51000,78000,-391000
059507,鴻海永豐99購03  ,0,0,0,0,0,0,0,0,0,-391000,0,0,0,9000,400000,-391000,-391000
061791,康友群益9B購01  ,0,0,0,0,0,0,0,0,0,-393000,0,0,0,143000,536000,-393000,-393000
055670,矽創群益98購02  ,0,0,0,0,0,0,0,0,0,-394000,0,0,0,55000,449000,-394000,-394000
07500P,微星元大9A售01  ,0,0,0,0,0,0,0,0,0,-397000,0,0,0,10000,407000,-397000,-397000
063948,高鐵元大9C購01  ,0,0,0,0,0,0,0,0,0,-398000,0,0,0,65000,463000,-398000,-398000
056369,彩晶元大01購01  ,0,0,0,0,0,0,0,0,0,-398000,0,0,0,0,398000,-398000,-398000
055302,達方元大97購01  ,0,0,0,0,0,0,0,0,0,-398000,0,0,0,0,398000,-398000,-398000
058093,神達元大9A購01  ,0,0,0,0,0,0,0,0,0,-400000,0,0,0,68000,468000,-400000,-400000
057975,台積電永豐98購05,0,0,0,0,0,0,0,0,0,-400000,0,0,0,0,400000,-400000,-400000
062000,臺股指元大9B購24,0,0,0,0,0,0,0,0,0,-400000,0,0,0,0,400000,-400000,-400000
062385,玉晶光國泰01購01,0,0,0,0,0,0,0,0,0,-401000,0,0,0,82000,483000,-401000,-401000
054826,復盛元大9A購01  ,0,0,0,0,0,0,0,0,0,-402000,0,0,0,121000,523000,-402000,-402000
060534,友達麥證9A購01  ,0,0,0,0,402000,-402000,0,0,0,-402000,0,0,0,0,402000,-402000,-402000
062980,康控元富9B購01  ,0,0,0,0,0,0,0,0,0,-402000,0,0,0,597000,999000,-402000,-402000
058642,旺宏麥證9A購01  ,0,0,0,0,403000,-403000,0,0,0,-403000,0,0,0,0,403000,-403000,-403000
062809,同欣電統一9C購01,0,0,0,0,0,0,0,0,0,-403000,0,0,0,120000,523000,-403000,-403000
063788,矽創統一02購01  ,0,0,0,0,0,0,0,0,0,-405000,0,0,0,0,405000,-405000,-405000
058495,元大金群益9B購01,0,0,0,0,0,0,0,0,0,-405000,0,0,0,0,405000,-405000,-405000
063653,儒鴻元富9B購01  ,0,0,0,0,0,0,0,0,0,-406000,0,0,0,94000,500000,-406000,-406000
061305,帆宣永豐9A購01  ,0,0,0,0,0,0,0,0,0,-409000,0,0,0,0,409000,-409000,-409000
059358,旺宏永豐99購02  ,0,0,0,0,0,0,0,0,0,-410000,0,0,0,21000,431000,-410000,-410000
061535,群創統一9C購01  ,0,0,0,0,0,0,0,0,0,-411000,0,0,0,549000,960000,-411000,-411000
057818,泰碩元大9A購01  ,0,0,0,0,0,0,0,0,0,-412000,0,0,0,227000,639000,-412000,-412000
057137,鈺齊凱基98購01  ,0,0,0,0,0,0,0,0,0,-413000,0,0,0,0,413000,-413000,-413000
07677P,祥碩永豐9A售01  ,0,0,0,0,0,0,0,0,0,-415000,0,0,0,90000,505000,-415000,-415000
055261,帆宣統一98購01  ,0,0,0,0,0,0,0,0,0,-416000,0,0,0,49000,465000,-416000,-416000
062527,美律統一01購01  ,0,0,0,0,0,0,0,0,0,-416000,0,0,0,115000,531000,-416000,-416000
058380,臺股指凱基99購15,0,0,0,0,0,0,0,0,0,-418000,0,0,0,991000,1409000,-418000,-418000
062742,技嘉國泰01購01  ,0,0,0,0,0,0,0,0,0,-418000,0,0,0,498000,916000,-418000,-418000
055496,高鐵元大97購02  ,0,0,0,0,0,0,0,0,0,-420000,0,0,0,79000,499000,-420000,-420000
060709,緯穎富邦9B購01  ,0,0,0,0,0,0,0,0,0,-421000,0,0,0,163000,584000,-421000,-421000
063672,GIS統一9C購01   ,0,0,0,0,0,0,0,0,0,-422000,0,0,0,317000,739000,-422000,-422000
052863,友達凱基98購02  ,0,0,0,0,0,0,0,0,0,-424000,0,0,0,10000,434000,-424000,-424000
063971,健鼎國票01購01  ,0,0,0,0,0,0,0,0,0,-427000,0,0,0,0,427000,-427000,-427000
062407,同欣電永豐9B購01,0,0,0,0,0,0,0,0,0,-427000,0,0,0,0,427000,-427000,-427000
058615,矽創元大99購01  ,0,0,0,0,0,0,0,0,0,-428000,0,0,0,276000,704000,-428000,-428000
061695,群創群益9A購01  ,0,0,0,0,0,0,0,0,0,-435000,0,0,0,22000,457000,-435000,-435000
060677,京元電元大9A購04,0,0,0,0,0,0,0,0,0,-437000,0,0,0,123000,560000,-437000,-437000
058764,康友群益99購01  ,0,0,0,0,0,0,0,0,0,-438000,0,0,0,127000,565000,-438000,-438000
056508,揚明光永豐98購01,0,0,0,0,0,0,0,0,0,-438000,0,0,0,0,438000,-438000,-438000
057539,南茂元大98購02  ,0,0,0,0,0,0,0,0,0,-438000,0,0,0,56000,494000,-438000,-438000
2404,漢唐            ,255000,543865,-288865,0,0,0,0,93000,-93000,-58000,29000,20000,9000,9000,76000,-67000,-439865
07032P,聯發科統一9C售02,0,0,0,0,0,0,0,0,0,-441000,0,0,0,177000,618000,-441000,-441000
057190,立積元大9A購02  ,0,0,0,0,0,0,0,0,0,-441000,0,0,0,60000,501000,-441000,-441000
060706,群創富邦9A購01  ,0,0,0,0,0,0,0,0,0,-443000,0,0,0,58000,501000,-443000,-443000
060506,京元電元大9A購02,0,0,0,0,0,0,0,0,0,-444000,0,0,0,208000,652000,-444000,-444000
055030,帆宣國泰99購02  ,0,0,0,0,0,0,0,0,0,-445000,0,0,0,45000,490000,-445000,-445000
057453,矽創元富98購01  ,0,0,0,0,0,0,0,0,0,-445000,0,0,0,20000,465000,-445000,-445000
3044,健鼎            ,1310000,1846150,-536150,0,0,0,0,0,0,90000,87000,23000,64000,41000,15000,26000,-446150
063766,南茂元富9B購01  ,0,0,0,0,0,0,0,0,0,-449000,0,0,0,0,449000,-449000,-449000
060251,易華電元大9C購01,0,0,0,0,0,0,0,0,0,-449000,0,0,0,133000,582000,-449000,-449000
060921,中橡永豐9A購02  ,0,0,0,0,0,0,0,0,0,-449000,0,0,0,90000,539000,-449000,-449000
06619P,聯發科元大98售06,0,0,0,0,0,0,0,0,0,-450000,0,0,0,405000,855000,-450000,-450000
07492P,臺股指國票9A售10,0,0,0,0,0,0,0,0,0,-450000,0,0,0,0,450000,-450000,-450000
062067,滬深2X元大9B購01,0,0,0,0,0,0,0,0,0,-450000,0,0,0,0,450000,-450000,-450000
1736,喬山            ,568000,733000,-165000,0,0,0,0,0,0,-287000,1000,0,1000,36000,324000,-288000,-452000
055497,開發金元大97購01,0,0,0,0,0,0,0,0,0,-454000,0,0,0,0,454000,-454000,-454000
053082,聯電元大98購03  ,0,0,0,0,0,0,0,0,0,-454000,0,0,0,45000,499000,-454000,-454000
07800P,華新科國泰9B售04,0,0,0,0,0,0,0,0,0,-457000,0,0,0,22000,479000,-457000,-457000
059581,日月光元富99購02,0,0,0,0,0,0,0,0,0,-458000,0,0,0,139000,597000,-458000,-458000
062720,南亞科凱基9B購03,0,0,0,0,0,0,0,0,0,-459000,0,0,0,270000,729000,-459000,-459000
063208,鈺齊統一9C購01  ,0,0,0,0,0,0,0,0,0,-459000,0,0,0,88000,547000,-459000,-459000
055966,茂林元大99購01  ,0,0,0,0,0,0,0,0,0,-460000,0,0,0,1000,461000,-460000,-460000
060120,聯電富邦9B購01  ,0,0,0,0,0,0,0,0,0,-462000,0,0,0,0,462000,-462000,-462000
061106,群創元大9B購09  ,0,0,0,0,0,0,0,0,0,-462000,0,0,0,22000,484000,-462000,-462000
1795,美時            ,537000,1222000,-685000,0,0,0,220000,0,220000,1000,1000,0,1000,0,0,0,-464000
060889,國泰金統一9C購01,0,0,0,0,0,0,0,0,0,-465000,0,0,0,3000,468000,-465000,-465000
059166,友達凱基99購05  ,0,0,0,0,0,0,0,0,0,-466000,0,0,0,295000,761000,-466000,-466000
061747,南亞科統一01購01,0,0,0,0,0,0,0,0,0,-468000,0,0,0,140000,608000,-468000,-468000
060455,葡萄王元大9A購02,0,0,0,0,0,0,0,0,0,-471000,0,0,0,60000,531000,-471000,-471000
06503P,臺股指中信9A售02,0,0,0,0,0,0,0,0,0,-472000,0,0,0,103000,575000,-472000,-472000
062063,世紀鋼統一9C購01,0,0,0,0,0,0,0,0,0,-472000,0,0,0,108000,580000,-472000,-472000
063933,TPK統一01購01   ,0,0,0,0,0,0,0,0,0,-473000,0,0,0,0,473000,-473000,-473000
08112P,臺股指中信01售07,0,0,0,0,0,0,0,0,0,-474000,0,0,0,5000,479000,-474000,-474000
052654,友達統一97購01  ,0,0,0,0,0,0,0,0,0,-474000,0,0,0,0,474000,-474000,-474000
062846,國泰金富邦9C購01,0,0,0,0,0,0,0,0,0,-474000,0,0,0,31000,505000,-474000,-474000
07847P,國巨群益9A售13  ,0,0,0,0,0,0,0,0,0,-476000,0,0,0,20000,496000,-476000,-476000
056582,易華電元大98購01,0,0,0,0,0,0,0,0,0,-479000,0,0,0,68000,547000,-479000,-479000
056189,樺漢統一97購02  ,0,0,0,0,0,0,0,0,0,-479000,0,0,0,111000,590000,-479000,-479000
08137P,台灣50元大9B售24,0,0,0,0,0,0,0,0,0,-481000,0,0,0,0,481000,-481000,-481000
2421,建準            ,624000,909000,-285000,0,0,0,0,190000,-190000,-6000,2000,0,2000,36000,44000,-8000,-481000
057275,友達元大9A購04  ,0,0,0,0,0,0,0,0,0,-481000,0,0,0,0,481000,-481000,-481000
4564,元翎            ,238000,745000,-507000,0,0,0,0,0,0,24000,1000,0,1000,23000,0,23000,-483000
06597P,國巨富邦9A售05  ,0,0,0,0,0,0,0,0,0,-485000,0,0,0,85000,570000,-485000,-485000
1467,南緯            ,495000,982000,-487000,0,0,0,0,0,0,0,0,0,0,0,0,0,-487000
00655L,國泰中國A50正2  ,5000,0,5000,0,0,0,0,0,0,-492000,0,0,0,990000,1482000,-492000,-487000
063642,茂林元大9B購08  ,0,0,0,0,0,0,0,0,0,-489000,0,0,0,122000,611000,-489000,-489000
2347,聯強            ,1856000,1658998,197002,0,0,0,0,0,0,-688000,36000,408000,-372000,0,316000,-316000,-490998
064047,義隆統一02購01  ,0,0,0,0,0,0,0,0,0,-491000,0,0,0,20000,511000,-491000,-491000
057626,技嘉富邦9A購01  ,0,0,0,0,0,0,0,0,0,-492000,0,0,0,519000,1011000,-492000,-492000
063274,鈺齊兆豐9B購01  ,0,0,0,0,0,0,0,0,0,-492000,0,0,0,11000,503000,-492000,-492000
08094P,華新科元富9B售05,0,0,0,0,0,0,0,0,0,-493000,0,0,0,20000,513000,-493000,-493000
060420,神基永豐9A購01  ,0,0,0,0,0,0,0,0,0,-493000,0,0,0,2000,495000,-493000,-493000
063979,健鼎兆豐9C購01  ,0,0,0,0,0,0,0,0,0,-494000,0,0,0,0,494000,-494000,-494000
060451,中石化元大9C購02,0,0,0,0,0,0,0,0,0,-494000,0,0,0,92000,586000,-494000,-494000
060315,易華電永豐9A購01,0,0,0,0,0,0,0,0,0,-495000,0,0,0,54000,549000,-495000,-495000
063057,祥碩統一03購01  ,0,0,0,0,0,0,0,0,0,-495000,0,0,0,25000,520000,-495000,-495000
058106,神達統一98購02  ,0,0,0,0,0,0,0,0,0,-496000,0,0,0,0,496000,-496000,-496000
056381,台虹元富98購01  ,0,0,0,0,0,0,0,0,0,-497000,0,0,0,100000,597000,-497000,-497000
062975,京鼎元富9B購01  ,0,0,0,0,0,0,0,0,0,-498000,0,0,0,264000,762000,-498000,-498000
07874P,長榮航群益9B售01,0,0,0,0,0,0,0,0,0,-499000,0,0,0,0,499000,-499000,-499000
055234,昇陽半國票98購02,0,0,0,0,0,0,0,0,0,-499000,0,0,0,0,499000,-499000,-499000
061518,達方永豐9A購02  ,0,0,0,0,0,0,0,0,0,-499000,0,0,0,11000,510000,-499000,-499000
061008,群創兆豐9A購02  ,0,0,0,0,0,0,0,0,0,-500000,0,0,0,138000,638000,-500000,-500000
07775P,國巨群益9A售10  ,0,0,0,0,0,0,0,0,0,-503000,0,0,0,1000,504000,-503000,-503000
063658,瑞祺元富9B購01  ,0,0,0,0,0,0,0,0,0,-506000,0,0,0,85000,591000,-506000,-506000
058105,旺宏統一9A購02  ,0,0,0,0,0,0,0,0,0,-508000,0,0,0,116000,624000,-508000,-508000
00717,富邦美國特別股  ,0,0,0,0,0,0,0,0,0,-510000,0,0,0,575000,1085000,-510000,-510000
2436,偉詮電          ,398000,910000,-512000,0,0,0,0,0,0,0,0,0,0,0,0,0,-512000
2345,智邦            ,2451000,2700018,-249018,0,0,0,0,0,0,-266000,91000,312000,-221000,10000,55000,-45000,-515018
060437,宏全永豐9A購01  ,0,0,0,0,0,0,0,0,0,-516000,0,0,0,46000,562000,-516000,-516000
07218P,臺股指凱基99售31,0,0,0,0,0,0,0,0,0,-518000,0,0,0,132000,650000,-518000,-518000
060489,世紀鋼群益9A購01,0,0,0,0,0,0,0,0,0,-519000,0,0,0,200000,719000,-519000,-519000
07491P,臺股指國票9A售09,0,0,0,0,0,0,0,0,0,-527000,0,0,0,0,527000,-527000,-527000
060686,康友元大9A購02  ,0,0,0,0,0,0,0,0,0,-527000,0,0,0,101000,628000,-527000,-527000
056355,台積電元大98購08,0,0,0,0,0,0,0,0,0,-528000,0,0,0,4000,532000,-528000,-528000
062972,京元電元富9B購01,0,0,0,0,0,0,0,0,0,-528000,0,0,0,150000,678000,-528000,-528000
08035P,國巨群益9C售04  ,0,0,0,0,0,0,0,0,0,-529000,0,0,0,0,529000,-529000,-529000
059326,康友元大99購01  ,0,0,0,0,0,0,0,0,0,-529000,0,0,0,83000,612000,-529000,-529000
057579,長榮航中信9A購01,0,0,0,0,0,0,0,0,0,-530000,0,0,0,245000,775000,-530000,-530000
060290,興富發元大9C購01,0,0,0,0,0,0,0,0,0,-531000,0,0,0,89000,620000,-531000,-531000
062679,技嘉統一01購01  ,0,0,0,0,0,0,0,0,0,-535000,0,0,0,710000,1245000,-535000,-535000
058526,鈺齊元大99購02  ,0,0,0,0,0,0,0,0,0,-536000,0,0,0,103000,639000,-536000,-536000
063107,矽創群益9B購01  ,0,0,0,0,0,0,0,0,0,-537000,0,0,0,132000,669000,-537000,-537000
058445,旺宏富邦9C購01  ,0,0,0,0,0,0,0,0,0,-542000,0,0,0,10000,552000,-542000,-542000
058246,帆宣元大99購01  ,0,0,0,0,0,0,0,0,0,-542000,0,0,0,30000,572000,-542000,-542000
061164,燿華兆豐9B購01  ,0,0,0,0,0,0,0,0,0,-543000,0,0,0,147000,690000,-543000,-543000
063674,力山國泰01購02  ,0,0,0,0,0,0,0,0,0,-546000,0,0,0,33000,579000,-546000,-546000
063572,麗豐元大9B購01  ,0,0,0,0,0,0,0,0,0,-546000,0,0,0,105000,651000,-546000,-546000
062526,友達統一01購01  ,0,0,0,0,0,0,0,0,0,-548000,0,0,0,25000,573000,-548000,-548000
8046,南電            ,1914000,1908000,6000,0,0,0,56000,719000,-663000,108000,195000,316000,-121000,371000,142000,229000,-549000
2375,凱美            ,235000,386000,-151000,0,0,0,0,0,0,-399000,1000,40000,-39000,6000,366000,-360000,-550000
054291,高鐵元大97購01  ,0,0,0,0,0,0,0,0,0,-553000,0,0,0,177000,730000,-553000,-553000
061489,高鐵兆豐9A購01  ,0,0,0,0,0,0,0,0,0,-553000,0,0,0,12000,565000,-553000,-553000
056586,光罩統一98購02  ,0,0,0,0,0,0,0,0,0,-555000,0,0,0,42000,597000,-555000,-555000
062609,帆宣凱基9B購01  ,0,0,0,0,0,0,0,0,0,-556000,0,0,0,0,556000,-556000,-556000
057504,技嘉麥證98購01  ,0,0,0,0,560000,-560000,0,0,0,-560000,0,0,0,0,560000,-560000,-560000
057527,億光元大98購01  ,0,0,0,0,0,0,0,0,0,-563000,0,0,0,100000,663000,-563000,-563000
07574P,國巨元大9A售12  ,0,0,0,0,0,0,0,0,0,-566000,0,0,0,1000,567000,-566000,-566000
051536,玉晶光國票97購01,0,0,0,0,0,0,0,0,0,-568000,0,0,0,18000,586000,-568000,-568000
9914,美利達          ,768999,1346000,-577001,0,0,0,52000,15000,37000,-28000,59000,88000,-29000,1000,0,1000,-568001
062958,長榮航麥證9B購01,0,0,0,0,570000,-570000,0,0,0,-570000,0,0,0,0,570000,-570000,-570000
08149P,祥碩群益9B售07  ,0,0,0,0,0,0,0,0,0,-571000,0,0,0,30000,601000,-571000,-571000
058137,玉晶光元大99購11,0,0,0,0,0,0,0,0,0,-573000,0,0,0,12000,585000,-573000,-573000
058841,深中小群益01購01,0,0,0,0,0,0,0,0,0,-574000,0,0,0,848000,1422000,-574000,-574000
056939,康控元富98購01  ,0,0,0,0,0,0,0,0,0,-576000,0,0,0,282000,858000,-576000,-576000
2383,台光電          ,365000,937000,-572000,0,0,0,209000,77000,132000,-137000,185000,322000,-137000,23000,23000,0,-577000
063816,TPK群益9C購01   ,0,0,0,0,0,0,0,0,0,-578000,0,0,0,194000,772000,-578000,-578000
062487,中興電永豐9B購01,0,0,0,0,0,0,0,0,0,-580000,0,0,0,1000,581000,-580000,-580000
061533,友達統一9C購02  ,0,0,0,0,0,0,0,0,0,-580000,0,0,0,54000,634000,-580000,-580000
07536P,華新科元富9A售04,0,0,0,0,0,0,0,0,0,-584000,0,0,0,60000,644000,-584000,-584000
061582,麗豐元大9A購01  ,0,0,0,0,0,0,0,0,0,-589000,0,0,0,0,589000,-589000,-589000
2105,正新            ,1938703,2532503,-593800,0,0,0,0,0,0,4000,7000,3000,4000,0,0,0,-589800
059006,樺漢元大99購01  ,0,0,0,0,0,0,0,0,0,-592000,0,0,0,146000,738000,-592000,-592000
060121,新光金富邦99購01,0,0,0,0,0,0,0,0,0,-592000,0,0,0,0,592000,-592000,-592000
6504,南六            ,141000,571000,-430000,0,0,0,0,20000,-20000,-142000,27000,113000,-86000,17000,73000,-56000,-592000
053486,T50反1兆豐96購01,0,0,0,0,0,0,0,0,0,-597000,0,0,0,0,597000,-597000,-597000
057202,TPK元富98購02   ,0,0,0,0,0,0,0,0,0,-597000,0,0,0,78000,675000,-597000,-597000
6669,緯穎            ,744000,1285344,-541344,0,0,0,70000,175000,-105000,49000,52000,8000,44000,10000,5000,5000,-597344
061015,旺宏麥證9A購03  ,0,0,0,56000,655000,-599000,0,0,0,-599000,0,0,0,56000,655000,-599000,-599000
063111,TPK兆豐9B購01   ,0,0,0,0,0,0,0,0,0,-599000,0,0,0,1000,600000,-599000,-599000
06914P,南茂元大98售03  ,0,0,0,0,0,0,0,0,0,-600000,0,0,0,4000,604000,-600000,-600000
052167,亞泥元大96購01  ,0,0,0,0,0,0,0,0,0,-600000,0,0,0,50000,650000,-600000,-600000
053014,旺宏統一97購02  ,0,0,0,0,0,0,0,0,0,-602000,0,0,0,0,602000,-602000,-602000
058928,國巨統一9C購01  ,0,0,0,0,0,0,0,0,0,-604000,0,0,0,831000,1435000,-604000,-604000
057043,台積電元大99購02,0,0,0,0,0,0,0,0,0,-606000,0,0,0,26000,632000,-606000,-606000
055389,國巨統一98購02  ,0,0,0,0,0,0,0,0,0,-607000,0,0,0,173000,780000,-607000,-607000
057154,易華電國泰99購01,0,0,0,0,0,0,0,0,0,-608000,0,0,0,35000,643000,-608000,-608000
063050,葡萄王統一01購01,0,0,0,0,0,0,0,0,0,-609000,0,0,0,155000,764000,-609000,-609000
060416,神隆永豐9A購01  ,0,0,0,0,0,0,0,0,0,-612000,0,0,0,5000,617000,-612000,-612000
061055,康控群益9A購01  ,0,0,0,0,0,0,0,0,0,-613000,0,0,0,154000,767000,-613000,-613000
057972,群創富邦9C購01  ,0,0,0,0,0,0,0,0,0,-618000,0,0,0,67000,685000,-618000,-618000
057813,京元電元大98購03,0,0,0,0,0,0,0,0,0,-619000,0,0,0,326000,945000,-619000,-619000
2915,潤泰全          ,1343000,1747400,-404400,0,0,0,0,0,0,-219000,0,0,0,4000,223000,-219000,-623400
062626,台積電國票9C購04,0,0,0,0,0,0,0,0,0,-624000,0,0,0,54000,678000,-624000,-624000
064036,矽創元大9C購01  ,0,0,0,0,0,0,0,0,0,-625000,0,0,0,90000,715000,-625000,-625000
4119,旭富            ,167000,346000,-179000,0,0,0,0,318000,-318000,-130000,0,0,0,3000,133000,-130000,-627000
061306,瑞祺永豐9A購02  ,0,0,0,0,0,0,0,0,0,-630000,0,0,0,0,630000,-630000,-630000
060418,中橡永豐9A購01  ,0,0,0,0,0,0,0,0,0,-632000,0,0,0,184000,816000,-632000,-632000
057082,玉晶光統一9A購04,0,0,0,0,0,0,0,0,0,-632000,0,0,0,1770000,2402000,-632000,-632000
061213,群創元大9A購05  ,0,0,0,0,0,0,0,0,0,-634000,0,0,0,635000,1269000,-634000,-634000
061511,緯穎富邦9B購02  ,0,0,0,0,0,0,0,0,0,-643000,0,0,0,494000,1137000,-643000,-643000
3533,嘉澤            ,227000,679455,-452455,0,0,0,163000,346000,-183000,-8000,47000,29000,18000,5000,31000,-26000,-643455
2316,楠梓電          ,335000,949000,-614000,0,0,0,0,0,0,-30000,0,0,0,42000,72000,-30000,-644000
062660,神隆群益9B購02  ,0,0,0,0,0,0,0,0,0,-647000,0,0,0,192000,839000,-647000,-647000
060790,日月光富邦9A購01,0,0,0,0,0,0,0,0,0,-648000,0,0,0,280000,928000,-648000,-648000
054819,裕民元大9A購01  ,0,0,0,0,0,0,0,0,0,-652000,0,0,0,383000,1035000,-652000,-652000
061820,康控群益9B購02  ,0,0,0,0,0,0,0,0,0,-656000,0,0,0,122000,778000,-656000,-656000
063492,台積電富邦02購02,0,0,0,0,0,0,0,0,0,-663000,0,0,0,10000,673000,-663000,-663000
060467,神基元大9A購01  ,0,0,0,0,0,0,0,0,0,-664000,0,0,0,225000,889000,-664000,-664000
060375,葡萄王元富9A購01,0,0,0,0,0,0,0,0,0,-666000,0,0,0,0,666000,-666000,-666000
2387,精元            ,386000,1101000,-715000,0,0,0,0,0,0,48000,0,4000,-4000,131000,79000,52000,-667000
058315,TPK富邦9C購01   ,0,0,0,0,0,0,0,0,0,-667000,0,0,0,183000,850000,-667000,-667000
062457,京元電群益9B購01,0,0,0,0,0,0,0,0,0,-672000,0,0,0,15000,687000,-672000,-672000
054805,台苯元大9A購01  ,0,0,0,0,0,0,0,0,0,-677000,0,0,0,250000,927000,-677000,-677000
055174,精元統一97購01  ,0,0,0,0,0,0,0,0,0,-683000,0,0,0,510000,1193000,-683000,-683000
062808,祥碩統一9C購01  ,0,0,0,0,0,0,0,0,0,-684000,0,0,0,611000,1295000,-684000,-684000
3661,世芯-KY         ,449000,1139000,-690000,0,0,0,94000,0,94000,-95000,9000,81000,-72000,22000,45000,-23000,-691000
062590,亞光統一9B購01  ,0,0,0,0,0,0,0,0,0,-691000,0,0,0,2000,693000,-691000,-691000
2027,大成鋼          ,1107000,1244000,-137000,0,0,0,0,0,0,-556000,28000,30000,-2000,21000,575000,-554000,-693000
053337,聯電國票97購01  ,0,0,0,0,0,0,0,0,0,-698000,0,0,0,25000,723000,-698000,-698000
00738U,元大道瓊白銀    ,22000,0,22000,0,0,0,0,0,0,-722000,0,0,0,16000,738000,-722000,-700000
063104,大立光群益9C購02,0,0,0,0,0,0,0,0,0,-700000,0,0,0,0,700000,-700000,-700000
063673,GIS統一9C購02   ,0,0,0,0,0,0,0,0,0,-702000,0,0,0,51000,753000,-702000,-702000
055037,宏盛富邦99購01  ,0,0,0,0,0,0,0,0,0,-705000,0,0,0,0,705000,-705000,-705000
063179,群創兆豐9B購01  ,0,0,0,0,0,0,0,0,0,-706000,0,0,0,5000,711000,-706000,-706000
060809,康友群益9A購01  ,0,0,0,0,0,0,0,0,0,-710000,0,0,0,250000,960000,-710000,-710000
060428,瑞祺永豐9A購01  ,0,0,0,0,0,0,0,0,0,-712000,0,0,0,37000,749000,-712000,-712000
052794,群創兆豐97購01  ,0,0,0,0,0,0,0,0,0,-715000,0,0,0,521000,1236000,-715000,-715000
057267,康控兆豐99購01  ,0,0,0,0,0,0,0,0,0,-720000,0,0,0,119000,839000,-720000,-720000
062884,康控兆豐9C購01  ,0,0,0,0,0,0,0,0,0,-723000,0,0,0,192000,915000,-723000,-723000
2201,裕隆            ,3295000,4288000,-993000,0,0,0,446000,0,446000,-186000,535000,0,535000,196000,917000,-721000,-733000
3443,創意            ,120388,656000,-535612,0,0,0,0,0,0,-208000,8000,99000,-91000,19000,136000,-117000,-743612
9904,寶成            ,4849000,5243265,-394265,0,0,0,110000,666000,-556000,200000,200000,8000,192000,52000,44000,8000,-750265
060435,鈺齊永豐9A購01  ,10000,0,10000,0,0,0,0,0,0,-766000,0,0,0,71000,837000,-766000,-756000
4904,遠傳            ,729000,1519672,-790672,0,0,0,0,0,0,32000,52000,5000,47000,0,15000,-15000,-758672
063690,健鼎永豐9B購01  ,0,0,0,0,0,0,0,0,0,-761000,0,0,0,0,761000,-761000,-761000
061886,力山國泰01購01  ,0,0,0,0,0,0,0,0,0,-761000,0,0,0,19000,780000,-761000,-761000
062399,神基永豐9B購01  ,0,0,0,0,0,0,0,0,0,-771000,0,0,0,0,771000,-771000,-771000
062969,旺宏元富9B購01  ,0,0,0,0,0,0,0,0,0,-776000,0,0,0,51000,827000,-776000,-776000
061006,新光金兆豐9A購01,0,0,0,0,0,0,0,0,0,-776000,0,0,0,50000,826000,-776000,-776000
061701,友達國票9B購02  ,0,0,0,0,0,0,0,0,0,-781000,0,0,0,0,781000,-781000,-781000
061094,彩晶統一9B購02  ,0,0,0,0,0,0,0,0,0,-799000,0,0,0,25000,824000,-799000,-799000
3706,神達            ,942000,1886076,-944076,0,0,0,0,0,0,139000,19000,7000,12000,145000,18000,127000,-805076
063372,漢翔永豐9B購01  ,0,0,0,0,0,0,0,0,0,-811000,0,0,0,0,811000,-811000,-811000
06638P,鴻海統一99售02  ,0,0,0,0,0,0,0,0,0,-815000,0,0,0,40000,855000,-815000,-815000
2455,全新            ,320000,958000,-638000,0,0,0,170000,154000,16000,-193000,40000,34000,6000,15000,214000,-199000,-815000
059188,京元電富邦9B購01,0,0,0,0,0,0,0,0,0,-817000,0,0,0,387000,1204000,-817000,-817000
061080,華邦電兆豐9B購01,0,0,0,0,0,0,0,0,0,-818000,0,0,0,105000,923000,-818000,-818000
2886,兆豐金          ,4857794,6579270,-1721476,0,0,0,890000,0,890000,9000,367000,3000,364000,0,355000,-355000,-822476
062896,中興電元大9B購01,0,0,0,0,0,0,0,0,0,-842000,0,0,0,244000,1086000,-842000,-842000
5264,鎧勝-KY         ,474115,1288000,-813885,0,0,0,0,0,0,-30000,4000,0,4000,11000,45000,-34000,-843885
063431,神隆元富9B購01  ,0,0,0,0,0,0,0,0,0,-848000,0,0,0,148000,996000,-848000,-848000
052941,康控兆豐97購01  ,0,0,0,0,0,0,0,0,0,-851000,0,0,0,15000,866000,-851000,-851000
2317,鴻海            ,13641673,15031223,-1389550,0,0,0,0,0,0,533000,161000,4000,157000,447000,71000,376000,-856550
057792,群創統一99購01  ,0,0,0,0,0,0,0,0,0,-859000,0,0,0,0,859000,-859000,-859000
060918,康友國泰9C購01  ,0,0,0,0,0,0,0,0,0,-863000,0,0,0,103000,966000,-863000,-863000
063899,同欣電群益9C購01,0,0,0,0,0,0,0,0,0,-867000,0,0,0,0,867000,-867000,-867000
063225,茂林群益9B購04  ,0,0,0,0,0,0,0,0,0,-875000,0,0,0,121000,996000,-875000,-875000
055325,佐登國票98購01  ,0,0,0,0,0,0,0,0,0,-898000,0,0,0,0,898000,-898000,-898000
061549,泰碩群益9A購01  ,0,0,0,0,0,0,0,0,0,-901000,0,0,0,298000,1199000,-901000,-901000
063568,高鐵元大9B購01  ,0,0,0,0,0,0,0,0,0,-903000,0,0,0,243000,1146000,-903000,-903000
055259,玉晶光統一9A購01,0,0,0,0,0,0,0,0,0,-913000,0,0,0,20000,933000,-913000,-913000
058537,彩晶統一9B購01  ,0,0,0,0,0,0,0,0,0,-924000,0,0,0,105000,1029000,-924000,-924000
054772,康控國票98購02  ,0,0,0,0,0,0,0,0,0,-927000,0,0,0,0,927000,-927000,-927000
060807,新光金群益9A購01,0,0,0,0,0,0,0,0,0,-928000,0,0,0,102000,1030000,-928000,-928000
056845,揚明光元富98購01,0,0,0,0,0,0,0,0,0,-942000,0,0,0,26000,968000,-942000,-942000
08080P,祥碩國票9B售03  ,0,0,0,0,0,0,0,0,0,-986000,0,0,0,30000,1016000,-986000,-986000
063346,TPK統一9C購01   ,0,0,0,0,0,0,0,0,0,-986000,0,0,0,61000,1047000,-986000,-986000
07406P,大立光凱基99售18,0,0,0,0,0,0,0,0,0,-998000,0,0,0,0,998000,-998000,-998000
08226P,台灣50元大9B售26,0,0,0,0,0,0,0,0,0,-1000000,0,0,0,0,1000000,-1000000,-1000000
3545,敦泰            ,1010000,2012000,-1002000,0,0,0,0,0,0,1000,1000,0,1000,0,0,0,-1001000
07638P,長榮航國票9A售01,0,0,0,0,0,0,0,0,0,-1028000,0,0,0,18000,1046000,-1028000,-1028000
2456,奇力新          ,166000,938000,-772000,0,0,0,0,0,0,-275000,9000,0,9000,13000,297000,-284000,-1047000
063062,群創元富9B購01  ,0,0,0,0,0,0,0,0,0,-1082000,0,0,0,217000,1299000,-1082000,-1082000
00669R,國泰美國道瓊反1 ,0,21000,-21000,0,0,0,0,0,0,-1068000,0,0,0,1955000,3023000,-1068000,-1089000
07898P,國巨國泰9C售02  ,0,0,0,0,0,0,0,0,0,-1102000,0,0,0,33000,1135000,-1102000,-1102000
053354,康控兆豐97購02  ,0,0,0,0,0,0,0,0,0,-1104000,0,0,0,0,1104000,-1104000,-1104000
3023,信邦            ,222000,1260745,-1038745,0,0,0,0,0,0,-86000,10000,6000,4000,2000,92000,-90000,-1124745
062886,中興電群益9B購01,0,0,0,0,0,0,0,0,0,-1126000,0,0,0,87000,1213000,-1126000,-1126000
1605,華新            ,2728000,2726000,2000,0,0,0,0,0,0,-1131000,2000,15000,-13000,58000,1176000,-1118000,-1129000
00875,國泰網路資安    ,2000,3000,-1000,0,0,0,0,0,0,-1136000,0,0,0,269000,1405000,-1136000,-1137000
061915,T50反1凱基02購02,0,0,0,0,0,0,0,0,0,-1141000,0,0,0,3000,1144000,-1141000,-1141000
00712,FH富時不動產    ,89000,851383,-762383,0,0,0,0,0,0,-387000,0,0,0,58000,445000,-387000,-1149383
4142,國光生          ,523000,1953000,-1430000,0,0,0,0,0,0,272000,10000,0,10000,365000,103000,262000,-1158000
1590,亞德客-KY       ,599582,1618044,-1018462,0,0,0,2000,152000,-150000,-6000,8000,9000,-1000,6000,11000,-5000,-1174462
053939,台表科元富96購03,0,0,0,0,0,0,0,0,0,-1208000,0,0,0,0,1208000,-1208000,-1208000
3026,禾伸堂          ,157000,1390000,-1233000,0,0,0,322000,0,322000,-303000,5000,54000,-49000,12000,266000,-254000,-1214000
6278,台表科          ,651000,1899000,-1248000,0,0,0,575000,0,575000,-553000,96000,280000,-184000,42000,411000,-369000,-1226000
062589,友達統一9C購03  ,0,0,0,0,0,0,0,0,0,-1230000,0,0,0,80000,1310000,-1230000,-1230000
2474,可成            ,506000,1776666,-1270666,0,0,0,0,0,0,4000,92000,38000,54000,11000,61000,-50000,-1266666
051849,旺宏中信98購01  ,0,0,0,0,0,0,0,0,0,-1269000,0,0,0,1216000,2485000,-1269000,-1269000
2536,宏普            ,248000,1541000,-1293000,0,0,0,0,0,0,1000,1000,0,1000,0,0,0,-1292000
2478,大毅            ,642000,1535000,-893000,0,0,0,0,0,0,-403000,0,22000,-22000,16000,397000,-381000,-1296000
063809,矽創兆豐01購01  ,0,0,0,0,0,0,0,0,0,-1332000,0,0,0,0,1332000,-1332000,-1332000
063671,GIS統一01購01   ,0,0,0,0,0,0,0,0,0,-1339000,0,0,0,35000,1374000,-1339000,-1339000
063209,巨大統一01購01  ,0,0,0,0,0,0,0,0,0,-1383000,0,0,0,669000,2052000,-1383000,-1383000
063323,同欣電群益9B購03,0,0,0,0,0,0,0,0,0,-1392000,0,0,0,48000,1440000,-1392000,-1392000
1216,統一            ,4622253,6057331,-1435078,0,0,0,0,0,0,38000,38000,0,38000,0,0,0,-1397078
056589,康控統一98購01  ,0,0,0,0,0,0,0,0,0,-1439000,0,0,0,0,1439000,-1439000,-1439000
053524,聯電中信97購02  ,0,0,0,0,0,0,0,0,0,-1470000,0,0,0,0,1470000,-1470000,-1470000
00664R,國泰臺灣加權反1 ,0,0,0,0,0,0,0,0,0,-1496000,0,0,0,947000,2443000,-1496000,-1496000
063451,漢翔統一9C購01  ,0,0,0,0,0,0,0,0,0,-1497000,0,0,0,177000,1674000,-1497000,-1497000
062383,大立光國泰01購01,0,0,0,0,0,0,0,0,0,-1517000,0,0,0,60000,1577000,-1517000,-1517000
055979,聯鈞統一97購03  ,0,0,0,0,0,0,0,0,0,-1550000,0,0,0,0,1550000,-1550000,-1550000
00693U,街口S&P黃豆     ,43000,386000,-343000,0,0,0,0,0,0,-1209000,0,0,0,880000,2089000,-1209000,-1552000
060154,堤維西永豐9A購01,0,0,0,0,0,0,0,0,0,-1638000,0,0,0,52000,1690000,-1638000,-1638000
2912,統一超          ,721000,2433061,-1712061,0,0,0,0,0,0,45000,45000,0,45000,0,0,0,-1667061
057945,京鼎國票99購03  ,0,0,0,0,0,0,0,0,0,-1679000,0,0,0,9000,1688000,-1679000,-1679000
4927,泰鼎-KY         ,922000,798027,123973,0,0,0,0,1713000,-1713000,-190000,0,60000,-60000,12000,142000,-130000,-1779027
056942,昇陽半元富98購01,0,0,0,0,0,0,0,0,0,-2016000,0,0,0,0,2016000,-2016000,-2016000
054533,泰碩國泰98購01  ,0,0,0,0,0,0,0,0,0,-2076000,0,0,0,180000,2256000,-2076000,-2076000
07597P,臺股指中信01售02,0,0,0,0,0,0,0,0,0,-2112000,0,0,0,861000,2973000,-2112000,-2112000
8112,至上            ,819000,3063942,-2244942,0,0,0,0,0,0,0,0,0,0,0,0,0,-2244942
2458,義隆            ,608000,3272899,-2664899,0,0,0,431000,47000,384000,-19000,83000,115000,-32000,40000,27000,13000,-2299899
00676R,富邦臺灣加權反1 ,0,0,0,0,0,0,0,0,0,-2557000,0,0,0,532000,3089000,-2557000,-2557000
054546,玉晶光中信9B購01,0,0,0,0,0,0,0,0,0,-2592000,0,0,0,953000,3545000,-2592000,-2592000
00633L,富邦上証正2     ,447000,1429000,-982000,0,0,0,0,0,0,-1696000,0,0,0,1055000,2751000,-1696000,-2678000
2327,國巨            ,1713000,3618768,-1905768,0,0,0,20000,83000,-63000,-1036000,217000,908000,-691000,39000,384000,-345000,-3004768
2887,台新金          ,5422000,9085312,-3663312,0,0,0,0,0,0,-10000,2000,8000,-6000,30000,34000,-4000,-3673312
2337,旺宏            ,8587676,15676000,-7088324,0,0,0,262000,0,262000,2856000,685000,81000,604000,2312000,60000,2252000,-3970324
2368,金像電          ,2114000,3456000,-1342000,0,0,0,0,3115000,-3115000,485000,588000,150000,438000,56000,9000,47000,-3972000
00653L,富邦印度正2     ,960000,1381000,-421000,0,0,0,0,0,0,-3674241,0,0,0,1001000,4675241,-3674241,-4095241
00852L,國泰美國道瓊正2 ,331000,1613000,-1282000,0,0,0,0,0,0,-2844000,0,0,0,3718000,6562000,-2844000,-4126000
2834,臺企銀          ,2300067,6509200,-4209133,0,0,0,0,0,0,-49000,0,18000,-18000,55000,86000,-31000,-4258133
2492,華新科          ,1561000,4885000,-3324000,0,0,0,10000,131000,-121000,-1208000,158000,553000,-395000,30000,843000,-813000,-4653000
2890,永豐金          ,7450174,13172754,-5722580,0,0,0,0,0,0,250000,250000,0,250000,0,0,0,-5472580
053564,台積電富邦99購01,0,0,0,0,0,0,0,0,0,-7539000,0,0,0,0,7539000,-7539000,-7539000
3037,欣興            ,2983000,9921000,-6938000,0,0,0,0,586000,-586000,-38000,111000,317000,-206000,186000,18000,168000,-7562000
2884,玉山金          ,9416585,17723519,-8306934,0,0,0,0,0,0,-3000,0,3000,-3000,0,0,0,-8309934
00637L,元大滬深300正2  ,3089000,12040000,-8951000,0,0,0,0,0,0,-1491000,0,0,0,16449000,17940000,-1491000,-10442000
00632R,元大台灣50反1   ,293000,1090000,-797000,0,0,0,0,0,0,-17355000,1118000,1450000,-332000,19304000,36327000,-17023000,-18152000
00677U,富邦VIX         ,15063000,13477000,1586000,0,0,0,0,0,0,-44699000,1391000,5000,1386000,17811000,63896000,-46085000,-43113000
