證券代號,證券名稱,外陸資買進股數(不含外資自營商),外陸資賣出股數(不含外資自營商),外陸資買賣超股數(不含外資自營商),外資自營商買進股數,外資自營商賣出股數,外資自營商買賣超股數,投信買進股數,投信賣出股數,投信買賣超股數,自營商買賣超股數,自營商買進股數(自行買賣),自營商賣出股數(自行買賣),自營商買賣超股數(自行買賣),自營商買進股數(避險),自營商賣出股數(避險),自營商買賣超股數(避險),三大法人買賣超股數
00637L,元大滬深300正2  ,5001000,1712000,3289000,0,0,0,0,0,0,17549000,30000,0,30000,37790000,20271000,17519000,20838000
3481,群創            ,59434959,59068077,366882,0,0,0,10300000,0,10300000,-124000,1270000,3016000,-1746000,1758000,136000,1622000,10542882
2303,聯電            ,67400149,58617839,8782310,0,0,0,48000,0,48000,1253000,1471000,498000,973000,381000,101000,280000,10083310
2356,英業達          ,13589640,4209471,9380169,0,0,0,5000,0,5000,58000,150000,131000,19000,39000,0,39000,9443169
2382,廣達            ,11506005,5213691,6292314,0,0,0,1468000,0,1468000,-162000,35000,219000,-184000,33000,11000,22000,7598314
00708L,元大S&P黃金正2  ,689000,18000,671000,0,0,0,0,0,0,6463000,0,0,0,8339000,1876000,6463000,7134000
2883,開發金          ,19318959,12736679,6582280,0,0,0,62000,0,62000,-55000,85000,309000,-224000,169000,0,169000,6589280
2371,大同            ,7703242,1948664,5754578,0,0,0,0,0,0,779000,800000,21000,779000,0,0,0,6533578
1216,統一            ,14792929,10014820,4778109,0,0,0,930000,0,930000,-78000,12000,114000,-102000,24000,0,24000,5630109
2330,台積電          ,44749020,40193861,4555159,0,0,0,196000,754000,-558000,1389000,638000,95000,543000,936000,90000,846000,5386159
4938,和碩            ,9682440,5673764,4008676,0,0,0,891000,0,891000,104000,185000,123000,62000,70000,28000,42000,5003676
056112,勤誠永豐97購02  ,0,0,0,0,0,0,0,0,0,4921000,0,0,0,4921000,0,4921000,4921000
2324,仁寶            ,12915063,8305582,4609481,0,0,0,7000,0,7000,80000,125000,77000,48000,38000,6000,32000,4696481
2448,晶電            ,7442000,3552000,3890000,0,0,0,0,0,0,462000,542000,106000,436000,74000,48000,26000,4352000
2201,裕隆            ,2800000,2685760,114240,0,0,0,3268000,0,3268000,129000,145000,16000,129000,0,0,0,3511240
2885,元大金          ,17396576,14242835,3153741,0,0,0,49000,0,49000,173000,70000,0,70000,103000,0,103000,3375741
3231,緯創            ,13616053,9273474,4342579,0,0,0,5000,1420000,-1415000,362000,162000,13000,149000,213000,0,213000,3289579
2368,金像電          ,8667000,6014000,2653000,0,0,0,412000,0,412000,-37000,473000,510000,-37000,0,0,0,3028000
2345,智邦            ,5585883,3020326,2565557,0,0,0,64000,0,64000,179000,101000,97000,4000,200000,25000,175000,2808557
00633L,富邦上証正2     ,1026000,153000,873000,0,0,0,0,0,0,1923000,62000,0,62000,4943000,3082000,1861000,2796000
2049,上銀            ,3720253,1055746,2664507,0,0,0,10000,185000,-175000,254000,174000,42000,132000,124000,2000,122000,2743507
2880,華南金          ,14041336,11617943,2423393,0,0,0,43000,0,43000,165000,88000,0,88000,77000,0,77000,2631393
055744,茂林元富97購02  ,0,0,0,0,0,0,0,0,0,2618000,0,0,0,2618000,0,2618000,2618000
5880,合庫金          ,14483886,11985708,2498178,0,0,0,46000,0,46000,63000,18000,0,18000,45000,0,45000,2607178
2353,宏碁            ,5841153,2699351,3141802,0,0,0,0,0,0,-596000,131000,426000,-295000,0,301000,-301000,2545802
059559,T50反1凱基99購07,0,0,0,0,0,0,0,0,0,2538000,0,0,0,2747000,209000,2538000,2538000
2890,永豐金          ,17463625,14389316,3074309,0,0,0,45000,0,45000,-633000,4000,38000,-34000,50000,649000,-599000,2486309
2454,聯發科          ,6098755,3626384,2472371,0,0,0,8000,156000,-148000,143000,135000,73000,62000,94000,13000,81000,2467371
00861,元大全球未來通訊,2000,2000,0,0,0,0,0,0,0,2466000,0,0,0,3680000,1214000,2466000,2466000
2888,新光金          ,19333181,17319338,2013843,0,0,0,50000,0,50000,353000,35000,6000,29000,325000,1000,324000,2416843
2892,第一金          ,12689147,11424419,1264728,0,0,0,708000,0,708000,154000,5000,0,5000,149000,0,149000,2126728
00631L,元大台灣50正2   ,916000,432000,484000,0,0,0,0,0,0,1607000,0,0,0,7402000,5795000,1607000,2091000
052150,台積電富邦95購07,0,0,0,0,0,0,0,0,0,2046000,0,0,0,2046000,0,2046000,2046000
2834,臺企銀          ,10357991,8386049,1971942,0,0,0,10000,0,10000,58000,18000,0,18000,40000,0,40000,2039942
3017,奇鋐            ,2796000,664332,2131668,0,0,0,0,150000,-150000,54000,2000,110000,-108000,170000,8000,162000,2035668
00730,富邦臺灣優質高息,0,0,0,0,0,0,0,0,0,1893000,0,0,0,2578000,685000,1893000,1893000
3045,台灣大          ,4387794,2539324,1848470,0,0,0,9000,0,9000,3000,9000,14000,-5000,8000,0,8000,1860470
00655L,國泰中國A50正2  ,814000,54000,760000,0,0,0,0,0,0,1036400,0,0,0,3473400,2437000,1036400,1796400
2392,正崴            ,2007000,702928,1304072,0,0,0,527000,0,527000,-49000,10000,70000,-60000,21000,10000,11000,1782072
049007,玉晶光中信96購01,0,0,0,0,0,0,0,0,0,1736000,0,0,0,1736000,0,1736000,1736000
3702,大聯大          ,2967273,1015026,1952247,0,0,0,3000,0,3000,-279000,26000,318000,-292000,13000,0,13000,1676247
1301,台塑            ,9226943,8295462,931481,0,0,0,689000,0,689000,49000,39000,38000,1000,48000,0,48000,1669481
00672L,元大S&P原油正2  ,33000,56000,-23000,0,0,0,0,0,0,1626000,0,0,0,4286000,2660000,1626000,1603000
055193,世芯元富97購02  ,0,0,0,0,0,0,0,0,0,1589000,0,0,0,1589000,0,1589000,1589000
00635U,元大S&P黃金     ,4000,2000,2000,0,0,0,0,0,0,1429000,300000,0,300000,1222000,93000,1129000,1431000
00634R,富邦上証反1     ,94000,148000,-54000,0,0,0,0,0,0,1475000,0,0,0,1672000,197000,1475000,1421000
2327,國巨            ,3797314,3163082,634232,0,0,0,35000,1000,34000,686000,427000,136000,291000,509000,114000,395000,1354232
051107,鴻海統一95購05  ,0,0,0,0,0,0,0,0,0,1299000,0,0,0,1299000,0,1299000,1299000
059560,T50反1凱基99購08,0,0,0,0,0,0,0,0,0,1286000,0,0,0,1644000,358000,1286000,1286000
3034,聯詠            ,3643590,2850119,793471,0,0,0,274000,4000,270000,216000,126000,3000,123000,150000,57000,93000,1279471
2412,中華電          ,5077806,3860566,1217240,0,0,0,22000,0,22000,22000,23000,18000,5000,18000,1000,17000,1261240
059259,FBVIX中信03購06 ,0,0,0,0,0,0,0,0,0,1251000,0,0,0,1663000,412000,1251000,1251000
2421,建準            ,1573000,354000,1219000,0,0,0,0,0,0,0,0,3000,-3000,7000,4000,3000,1219000
03017X,元展17          ,0,0,0,0,0,0,0,0,0,1200000,0,0,0,1200000,0,1200000,1200000
2458,義隆            ,2146000,1268000,878000,0,0,0,13000,0,13000,307000,344000,57000,287000,20000,0,20000,1198000
2328,廣宇            ,1170000,86000,1084000,0,0,0,0,0,0,87000,97000,10000,87000,0,0,0,1171000
6153,嘉聯益          ,2014260,955020,1059240,0,0,0,0,0,0,91000,4000,2000,2000,89000,0,89000,1150240
9958,世紀鋼          ,1809000,1008000,801000,0,0,0,103000,0,103000,240000,18000,17000,1000,292000,53000,239000,1144000
059438,群創元大99購06  ,0,0,0,0,0,0,0,0,0,1131000,0,0,0,1131000,0,1131000,1131000
051580,宏碁元大95購02  ,0,0,0,0,0,0,0,0,0,1031000,0,0,0,1031000,0,1031000,1031000
3006,晶豪科          ,1292000,354000,938000,0,0,0,0,0,0,65000,50000,9000,41000,37000,13000,24000,1003000
3338,泰碩            ,1209070,737000,472070,0,0,0,495000,206000,289000,233000,158000,89000,69000,180000,16000,164000,994070
6213,聯茂            ,1009000,688436,320564,0,0,0,106000,0,106000,567000,379000,19000,360000,222000,15000,207000,993564
03650C,T50反1元大98牛05,0,0,0,0,0,0,0,0,0,991000,0,0,0,1005000,14000,991000,991000
4904,遠傳            ,4217739,3268839,948900,0,0,0,10000,0,10000,25000,19000,5000,14000,11000,0,11000,983900
3515,華擎            ,974000,675000,299000,0,0,0,806000,61000,745000,-61000,10000,104000,-94000,87000,54000,33000,983000
3545,敦泰            ,1615000,632000,983000,0,0,0,0,0,0,-10000,0,10000,-10000,0,0,0,973000
04786P,鴻海永昌96售01  ,0,0,0,0,0,0,0,0,0,969000,0,0,0,969000,0,969000,969000
3661,世芯-KY         ,1196000,473000,723000,0,0,0,110000,0,110000,134000,125000,13000,112000,41000,19000,22000,967000
2823,中壽            ,8042584,7019376,1023208,0,0,0,15000,0,15000,-75000,27000,2000,25000,96000,196000,-100000,963208
1722,台肥            ,1650000,667000,983000,0,0,0,0,0,0,-21000,2000,23000,-21000,0,0,0,962000
2329,華泰            ,1379000,418000,961000,0,0,0,0,0,0,0,0,0,0,0,0,0,961000
057697,國巨群益98購09  ,0,0,0,0,0,0,0,0,0,958000,0,0,0,958000,0,958000,958000
07352P,台積電國票99售11,0,0,0,0,0,0,0,0,0,928000,0,0,0,980000,52000,928000,928000
055497,開發金元大97購01,0,0,0,0,0,0,0,0,0,900000,0,0,0,900000,0,900000,900000
057265,聯詠兆豐98購01  ,0,0,0,0,0,0,0,0,0,860000,0,0,0,860000,0,860000,860000
050797,聯發科中信99購01,0,0,0,0,0,0,0,0,0,859000,0,0,0,859000,0,859000,859000
03647C,T50反1元富99牛02,0,0,0,0,0,0,0,0,0,829000,0,0,0,830000,1000,829000,829000
06983P,台積電國泰9A售02,0,0,0,0,0,0,0,0,0,825000,0,0,0,825000,0,825000,825000
3406,玉晶光          ,1556118,923000,633118,0,0,0,27000,22000,5000,179000,123000,40000,83000,174000,78000,96000,817118
07245P,台積電凱基99售16,0,0,0,0,0,0,0,0,0,814000,0,0,0,1136000,322000,814000,814000
049937,臺股指元大94購18,0,0,0,0,0,0,0,0,0,800000,0,0,0,800000,0,800000,800000
054276,國巨群益96購07  ,0,0,0,0,0,0,0,0,0,800000,0,0,0,800000,0,800000,800000
054320,國喬台新96購01  ,0,0,0,0,0,0,0,0,0,781000,0,0,0,781000,0,781000,781000
051672,玉晶光元大96購03,0,0,0,0,0,0,0,0,0,763000,0,0,0,763000,0,763000,763000
2363,矽統            ,1469000,717000,752000,0,0,0,0,0,0,2000,3000,1000,2000,0,0,0,754000
059645,祥碩凱基99購05  ,0,0,0,0,0,0,0,0,0,752000,0,0,0,1121000,369000,752000,752000
00670L,富邦NASDAQ正2   ,43000,37000,6000,0,0,0,0,0,0,737000,0,0,0,1846000,1109000,737000,743000
00638R,元大滬深300反1  ,50000,77000,-27000,0,0,0,0,0,0,758000,0,0,0,1234000,476000,758000,731000
052989,麗豐元大98購01  ,0,0,0,0,0,0,0,0,0,730000,0,0,0,730000,0,730000,730000
052982,鴻海元大97購06  ,0,0,0,0,0,0,0,0,0,729000,0,0,0,729000,0,729000,729000
059307,T50反1元大99購06,0,0,0,0,0,0,0,0,0,724000,0,0,0,1465000,741000,724000,724000
1227,佳格            ,1267613,572854,694759,0,0,0,20000,0,20000,0,0,0,0,0,0,0,714759
4906,正文            ,980000,270000,710000,0,0,0,0,0,0,-6000,14000,10000,4000,0,10000,-10000,704000
1590,亞德客-KY       ,1640944,1057403,583541,0,0,0,96000,0,96000,23000,6000,2000,4000,22000,3000,19000,702541
3189,景碩            ,1512000,1005000,507000,0,0,0,150000,0,150000,31000,40000,54000,-14000,56000,11000,45000,688000
054702,智邦第一97購01  ,0,0,0,0,0,0,0,0,0,677000,0,0,0,697000,20000,677000,677000
2867,三商壽          ,2037000,1369000,668000,0,0,0,0,0,0,1000,1000,0,1000,0,0,0,669000
2347,聯強            ,1331786,628363,703423,0,0,0,0,0,0,-46000,17000,81000,-64000,18000,0,18000,657423
047285,鴻海統一95購02  ,0,0,0,0,0,0,0,0,0,654000,0,0,0,654000,0,654000,654000
2838,聯邦銀          ,1435000,781001,653999,0,0,0,0,0,0,0,0,0,0,0,0,0,653999
9919,康那香          ,1479000,831000,648000,0,0,0,0,0,0,1000,1000,0,1000,0,0,0,649000
3596,智易            ,1128000,483928,644072,0,0,0,0,0,0,2000,9000,10000,-1000,14000,11000,3000,646072
2313,華通            ,3558000,5853432,-2295432,0,0,0,1739000,0,1739000,1192000,1253000,485000,768000,471000,47000,424000,635568
05201P,玉晶光國泰97售02,0,0,0,0,0,0,0,0,0,632000,0,0,0,632000,0,632000,632000
020012,富邦行動通訊N   ,0,0,0,0,0,0,0,0,0,629000,0,0,0,643000,14000,629000,629000
8996,高力            ,940000,715000,225000,0,0,0,383000,0,383000,17000,20000,3000,17000,0,0,0,625000
3035,智原            ,904000,277000,627000,0,0,0,0,0,0,-7000,3000,16000,-13000,6000,0,6000,620000
04712P,國泰金元大94售01,0,0,0,0,0,0,0,0,0,619000,0,0,0,630000,11000,619000,619000
3014,聯陽            ,816000,230000,586000,0,0,0,0,0,0,33000,24000,24000,0,33000,0,33000,619000
1325,恆大            ,891000,302000,589000,0,0,0,0,0,0,20000,20000,0,20000,0,0,0,609000
1434,福懋            ,1620160,1017928,602232,0,0,0,2000,0,2000,1000,1000,0,1000,0,0,0,605232
053498,大立光兆豐96購03,0,0,0,0,0,0,0,0,0,600000,0,0,0,610000,10000,600000,600000
056938,泰碩元富98購01  ,0,0,0,0,0,0,0,0,0,596000,0,0,0,718000,122000,596000,596000
2377,微星            ,1770942,1343445,427497,0,0,0,204000,0,204000,-39000,53000,113000,-60000,24000,3000,21000,592497
2897,王道銀行        ,921000,329000,592000,0,0,0,4000,0,4000,-6000,0,6000,-6000,0,0,0,590000
06337P,祥碩元大97售05  ,0,0,0,0,0,0,0,0,0,570000,0,0,0,592000,22000,570000,570000
2455,全新            ,948000,610400,337600,0,0,0,0,0,0,221000,162000,32000,130000,96000,5000,91000,558600
053184,世紀鋼元富96購01,0,0,0,0,0,0,0,0,0,555000,0,0,0,565000,10000,555000,555000
051826,智邦元大95購03  ,0,0,0,0,0,0,0,0,0,554000,0,0,0,554000,0,554000,554000
3090,日電貿          ,727000,201000,526000,0,0,0,0,0,0,26000,0,0,0,26000,0,26000,552000
05256P,義隆凱基95售02  ,0,0,0,0,0,0,0,0,0,549000,0,0,0,549000,0,549000,549000
6239,力成            ,3084480,2981258,103222,0,0,0,393000,0,393000,52000,62000,56000,6000,48000,2000,46000,548222
059729,群創元大9C購05  ,0,0,0,0,0,0,0,0,0,544000,0,0,0,669000,125000,544000,544000
051346,仁寶元大95購01  ,0,0,0,0,0,0,0,0,0,543000,0,0,0,645000,102000,543000,543000
07074P,FBVIX凱基9A售01 ,0,0,0,0,0,0,0,0,0,536000,0,0,0,536000,0,536000,536000
5471,松翰            ,1210000,1254000,-44000,0,0,0,575000,0,575000,1000,1000,0,1000,0,0,0,532000
1714,和桐            ,970000,445000,525000,0,0,0,0,0,0,1000,1000,0,1000,0,0,0,526000
057587,微星國票99購01  ,0,0,0,0,0,0,0,0,0,525000,0,0,0,662000,137000,525000,525000
2354,鴻準            ,2234563,1718037,516526,0,0,0,0,0,0,2000,18000,16000,2000,0,0,0,518526
5521,工信            ,577000,72000,505000,0,0,0,0,0,0,1000,1000,0,1000,0,0,0,506000
04993P,上銀兆豐96售01  ,0,0,0,0,0,0,0,0,0,504000,0,0,0,504000,0,504000,504000
2404,漢唐            ,822000,354008,467992,0,0,0,0,0,0,36000,24000,25000,-1000,37000,0,37000,503992
3673,TPK-KY          ,1369000,934672,434328,0,0,0,0,0,0,69000,70000,22000,48000,21000,0,21000,503328
2905,三商            ,702000,200000,502000,0,0,0,0,0,0,0,0,0,0,0,0,0,502000
055268,和大元大97購01  ,0,0,0,0,0,0,0,0,0,500000,0,0,0,500000,0,500000,500000
051790,貿聯國票95購03  ,0,0,0,0,0,0,0,0,0,499000,0,0,0,499000,0,499000,499000
048527,鴻海國票94購02  ,0,0,0,0,0,0,0,0,0,499000,0,0,0,499000,0,499000,499000
059826,欣興凱基99購06  ,0,0,0,0,0,0,0,0,0,498000,0,0,0,1102000,604000,498000,498000
045053,聯發科元富98購01,0,0,0,0,0,0,0,0,0,498000,0,0,0,498000,0,498000,498000
3413,京鼎            ,578000,88000,490000,0,0,0,3000,0,3000,5000,0,7000,-7000,14000,2000,12000,498000
052597,茂林群益96購01  ,0,0,0,0,0,0,0,0,0,494000,0,0,0,494000,0,494000,494000
6669,緯穎            ,752426,346138,406288,0,0,0,74000,0,74000,11000,7000,6000,1000,12000,2000,10000,491288
2387,精元            ,839000,261000,578000,0,0,0,0,0,0,-87000,0,0,0,12000,99000,-87000,491000
053463,可成富邦98購01  ,0,0,0,0,0,0,0,0,0,488000,0,0,0,488000,0,488000,488000
4935,茂林-KY         ,628000,582000,46000,0,0,0,392000,0,392000,48000,176000,89000,87000,73000,112000,-39000,486000
00641R,富邦日本反1     ,15000,15000,0,0,0,0,0,0,0,484000,0,0,0,1585000,1101000,484000,484000
051128,台表科群益95購02,0,0,0,0,0,0,0,0,0,482000,0,0,0,482000,0,482000,482000
1907,永豐餘          ,1150000,611000,539000,0,0,0,0,0,0,-58000,4000,62000,-58000,0,0,0,481000
2812,台中銀          ,1884040,1422000,462040,0,0,0,0,0,0,6000,6000,0,6000,0,0,0,468040
2886,兆豐金          ,19897268,19535120,362148,0,0,0,51000,0,51000,44000,50000,71000,-21000,65000,0,65000,457148
3041,揚智            ,650000,194000,456000,0,0,0,0,0,0,0,0,0,0,0,0,0,456000
058896,中環元大99購03  ,0,0,0,0,0,0,0,0,0,454000,0,0,0,519000,65000,454000,454000
057258,中環兆豐98購01  ,0,0,0,0,0,0,0,0,0,452000,0,0,0,452000,0,452000,452000
3704,合勤控          ,699000,249000,450000,0,0,0,0,0,0,1000,1000,0,1000,0,0,0,451000
052020,聯茂永豐95購02  ,0,0,0,0,0,0,0,0,0,450000,0,0,0,470000,20000,450000,450000
2332,友訊            ,1022000,548000,474000,0,0,0,0,0,0,-27000,8000,6000,2000,8000,37000,-29000,447000
1326,台化            ,4009869,3596472,413397,0,0,0,18000,0,18000,13000,12000,27000,-15000,28000,0,28000,444397
059866,國巨凱基99購18  ,0,0,0,0,0,0,0,0,0,439000,0,0,0,441000,2000,439000,439000
054101,茂林國票97購04  ,0,0,0,0,0,0,0,0,0,439000,0,0,0,439000,0,439000,439000
06454P,緯穎元大98售04  ,0,0,0,0,0,0,0,0,0,438000,0,0,0,438000,0,438000,438000
00662,富邦NASDAQ      ,10096,0,10096,0,0,0,0,0,0,427000,0,0,0,527000,100000,427000,437096
058241,景碩元大99購05  ,0,0,0,0,0,0,0,0,0,435000,0,0,0,480000,45000,435000,435000
058243,華擎元大99購01  ,0,0,0,0,0,0,0,0,0,435000,0,0,0,1208000,773000,435000,435000
059396,T50反1元富99購04,0,0,0,0,0,0,0,0,0,435000,0,0,0,1043000,608000,435000,435000
07392P,台積電國泰02售01,0,0,0,0,0,0,0,0,0,435000,0,0,0,468000,33000,435000,435000
00675L,富邦臺灣加權正2 ,43000,5000,38000,0,0,0,0,0,0,393000,0,0,0,626000,233000,393000,431000
5531,鄉林            ,596000,165000,431000,0,0,0,0,0,0,0,0,0,0,0,0,0,431000
8028,昇陽半導體      ,644000,212000,432000,0,0,0,0,0,0,-8000,0,8000,-8000,3000,3000,0,424000
07131P,緯穎元大99售06  ,0,0,0,0,0,0,0,0,0,423000,0,0,0,504000,81000,423000,423000
1217,愛之味          ,724000,306000,418000,0,0,0,0,0,0,0,0,0,0,0,0,0,418000
2439,美律            ,738000,327000,411000,0,0,0,0,0,0,4000,6000,17000,-11000,15000,0,15000,415000
047505,元金2X國票9B購01,0,0,0,0,0,0,0,0,0,411000,0,0,0,411000,0,411000,411000
053086,宏達電元大97購01,0,0,0,0,0,0,0,0,0,411000,0,0,0,411000,0,411000,411000
057740,茂林富邦9A購01  ,0,0,0,0,0,0,0,0,0,410000,0,0,0,668000,258000,410000,410000
048429,旺宏國票94購02  ,0,0,0,0,0,0,0,0,0,400000,0,0,0,400000,0,400000,400000
048460,盛群凱基94購01  ,0,0,0,0,0,0,0,0,0,398000,0,0,0,430000,32000,398000,398000
053043,嘉晶凱基96購01  ,0,0,0,0,0,0,0,0,0,398000,0,0,0,398000,0,398000,398000
056915,上銀兆豐99購01  ,0,0,0,0,0,0,0,0,0,397000,0,0,0,397000,0,397000,397000
057954,宏碁元大99購01  ,0,0,0,0,0,0,0,0,0,394000,0,0,0,394000,0,394000,394000
048007,明基材元大96購01,0,0,0,0,0,0,0,0,0,394000,0,0,0,394000,0,394000,394000
5469,瀚宇博          ,692000,974408,-282408,0,0,0,620000,0,620000,56000,0,9000,-9000,67000,2000,65000,393592
04686P,台積電凱基94售23,0,0,0,0,0,0,0,0,0,390000,0,0,0,390000,0,390000,390000
059954,華新科康和99購01,0,0,0,0,0,0,0,0,0,387000,0,0,0,400000,13000,387000,387000
1303,南亞            ,5389107,5025403,363704,0,0,0,28000,0,28000,-7000,29000,63000,-34000,27000,0,27000,384704
00647L,元大S&P500正2   ,243000,243000,0,0,0,0,0,0,0,384000,0,0,0,2469000,2085000,384000,384000
07330P,台灣50群益9A售08,0,0,0,0,0,0,0,0,0,384000,0,0,0,401000,17000,384000,384000
5264,鎧勝-KY         ,564000,195000,369000,0,0,0,0,0,0,14000,1000,1000,0,14000,0,14000,383000
2723,美食-KY         ,686000,318523,367477,0,0,0,0,0,0,14000,0,0,0,14000,0,14000,381477
8105,凌巨            ,615000,236000,379000,0,0,0,0,0,0,1000,1000,0,1000,0,0,0,380000
060091,技嘉元大99購03  ,1000,0,1000,0,0,0,0,0,0,377000,0,0,0,414000,37000,377000,378000
00875,國泰網路資安    ,23000,1078000,-1055000,0,0,0,0,0,0,1433000,0,0,0,3265000,1832000,1433000,378000
055249,大毅統一99購01  ,0,0,0,0,0,0,0,0,0,377000,0,0,0,377000,0,377000,377000
07255P,國巨凱基99售15  ,0,0,0,0,0,0,0,0,0,376000,0,0,0,639000,263000,376000,376000
059834,友達國泰9B購01  ,0,50000,-50000,0,0,0,0,0,0,425000,0,0,0,436000,11000,425000,375000
2342,茂矽            ,657000,283000,374000,0,0,0,0,0,0,0,0,0,0,0,0,0,374000
2480,敦陽科          ,216000,78000,138000,0,0,0,0,0,0,233000,236000,3000,233000,0,0,0,371000
056850,彩晶元富99購01  ,0,0,0,0,0,0,0,0,0,366000,0,0,0,416000,50000,366000,366000
052793,健鼎兆豐96購01  ,0,0,0,0,0,0,0,0,0,362000,0,0,0,362000,0,362000,362000
052875,樺漢凱基96購02  ,0,0,0,0,0,0,0,0,0,360000,0,0,0,360000,0,360000,360000
047470,聯發科中信94購03,0,0,0,0,0,0,0,0,0,360000,0,0,0,360000,0,360000,360000
03050X,元展47          ,0,0,0,0,0,0,0,0,0,360000,0,0,0,360000,0,360000,360000
07413P,國巨元大99售33  ,0,0,0,0,0,0,0,0,0,360000,0,0,0,543000,183000,360000,360000
8081,致新            ,504000,240000,264000,0,0,0,40000,0,40000,56000,0,26000,-26000,83000,1000,82000,360000
2426,鼎元            ,457000,104000,353000,0,0,0,0,0,0,0,0,0,0,0,0,0,353000
07142P,台灣50元大01售01,0,0,0,0,0,0,0,0,0,350000,0,0,0,350000,0,350000,350000
050853,南電國票96購01  ,0,0,0,0,0,0,0,0,0,346000,0,0,0,346000,0,346000,346000
058284,滬深反群益01購01,0,0,0,0,0,0,0,0,0,344000,0,0,0,344000,0,344000,344000
054819,裕民元大9A購01  ,0,0,0,0,0,0,0,0,0,344000,0,0,0,390000,46000,344000,344000
2405,浩鑫            ,371000,34000,337000,0,0,0,0,0,0,0,0,0,0,0,0,0,337000
2376,技嘉            ,2847000,3303000,-456000,0,0,0,1037000,158000,879000,-90000,50000,69000,-19000,46000,117000,-71000,333000
3530,晶相光          ,635000,368000,267000,0,0,0,0,0,0,63000,0,0,0,64000,1000,63000,330000
2855,統一證          ,648000,320000,328000,0,0,0,0,0,0,0,0,0,0,0,0,0,328000
047421,聯茂富邦97購01  ,0,0,0,0,0,0,0,0,0,326000,0,0,0,326000,0,326000,326000
05634P,玉晶光台新97售01,0,0,0,0,0,0,0,0,0,323000,0,0,0,324000,1000,323000,323000
053627,宏碁兆豐97購01  ,0,0,0,0,0,0,0,0,0,323000,0,0,0,323000,0,323000,323000
058587,台積電中信9C購03,0,0,0,0,0,0,0,0,0,322000,0,0,0,366000,44000,322000,322000
2401,凌陽            ,487000,170000,317000,0,0,0,0,0,0,5000,38000,12000,26000,0,21000,-21000,322000
058964,群創兆豐99購01  ,0,0,0,0,0,0,0,0,0,320000,0,0,0,330000,10000,320000,320000
052942,聯發科中信97購04,0,0,0,0,0,0,0,0,0,320000,0,0,0,320000,0,320000,320000
2836,高雄銀          ,500000,182000,318000,0,0,0,0,0,0,2000,2000,0,2000,0,0,0,320000
2314,台揚            ,402000,82000,320000,0,0,0,0,0,0,-1000,0,0,0,0,1000,-1000,319000
4142,國光生          ,1820000,1505000,315000,0,0,0,0,0,0,0,0,0,0,0,0,0,315000
1592,英瑞-KY         ,352000,38000,314000,0,0,0,0,0,0,0,0,0,0,0,0,0,314000
00830,國泰費城半導體  ,410000,41000,369000,0,0,0,0,0,0,-59000,300000,0,300000,247000,606000,-359000,310000
056362,聯發科元大99購01,0,0,0,0,0,0,0,0,0,305000,0,0,0,305000,0,305000,305000
05036P,義隆元大95售03  ,0,0,0,0,0,0,0,0,0,305000,0,0,0,319000,14000,305000,305000
3450,聯鈞            ,812000,572000,240000,0,0,0,0,0,0,65000,0,6000,-6000,73000,2000,71000,305000
057399,滬深反群益9C購01,0,0,0,0,0,0,0,0,0,304000,0,0,0,304000,0,304000,304000
6120,達運            ,568000,267000,301000,0,0,0,0,0,0,3000,3000,0,3000,0,0,0,304000
07370P,南亞科凱基99售08,0,0,0,0,0,0,0,0,0,304000,0,0,0,381000,77000,304000,304000
06766P,玉晶光元大99售10,0,0,0,0,0,0,0,0,0,303000,0,0,0,305000,2000,303000,303000
056391,大立光富邦9C購01,0,0,0,0,0,0,0,0,0,301000,0,0,0,301000,0,301000,301000
1905,華紙            ,524000,223000,301000,0,0,0,0,0,0,0,0,0,0,0,0,0,301000
057638,上銀元大99購01  ,0,0,0,0,0,0,0,0,0,300000,0,0,0,300000,0,300000,300000
056962,技嘉永豐98購01  ,0,0,0,0,0,0,0,0,0,300000,0,0,0,300000,0,300000,300000
049108,玉晶光富邦96購02,0,0,0,0,0,0,0,0,0,300000,0,0,0,300000,0,300000,300000
046220,滬深2X元大95購03,0,0,0,0,0,0,0,0,0,300000,0,0,0,300000,0,300000,300000
055494,華新科元大98購01,0,0,0,0,0,0,0,0,0,300000,0,0,0,300000,0,300000,300000
055746,同欣電元富97購01,0,0,0,0,0,0,0,0,0,300000,0,0,0,383000,83000,300000,300000
059631,京元電凱基99購02,0,0,0,0,0,0,0,0,0,299000,0,0,0,322000,23000,299000,299000
050805,光寶科日盛95購01,0,0,0,0,0,0,0,0,0,299000,0,0,0,299000,0,299000,299000
052785,滬深2X中信99購03,0,0,0,0,0,0,0,0,0,296000,0,0,0,296000,0,296000,296000
2369,菱生            ,455000,160000,295000,0,0,0,0,0,0,1000,1000,0,1000,0,0,0,296000
1201,味全            ,795000,499120,295880,0,0,0,0,0,0,0,0,0,0,0,0,0,295880
1308,亞聚            ,340000,98000,242000,0,0,0,0,0,0,51000,51000,0,51000,0,0,0,293000
052832,益航群益96購01  ,0,0,0,0,0,0,0,0,0,291000,0,0,0,291000,0,291000,291000
048392,宏碁國票94購01  ,0,0,0,0,0,0,0,0,0,291000,0,0,0,422000,131000,291000,291000
07128P,大毅元大99售04  ,0,0,0,0,0,0,0,0,0,291000,0,0,0,301000,10000,291000,291000
07402P,瑞昱凱基99售02  ,0,0,0,0,0,0,0,0,0,287000,0,0,0,368000,81000,287000,287000
055302,達方元大97購01  ,0,0,0,0,0,0,0,0,0,285000,0,0,0,345000,60000,285000,285000
047123,中石化中信95購01,0,0,0,0,0,0,0,0,0,280000,0,0,0,300000,20000,280000,280000
3380,明泰            ,472000,182012,289988,0,0,0,0,0,0,-10000,40000,50000,-10000,0,0,0,279988
058322,玉晶光永豐99購02,0,0,0,0,0,0,0,0,0,277000,0,0,0,277000,0,277000,277000
07130P,台郡元大9B售01  ,0,0,0,0,0,0,0,0,0,276000,0,0,0,669000,393000,276000,276000
059629,友達凱基99購06  ,0,0,0,0,0,0,0,0,0,275000,0,0,0,591000,316000,275000,275000
057826,祥碩元大98購08  ,0,0,0,0,0,0,0,0,0,275000,0,0,0,275000,0,275000,275000
047418,智邦富邦97購01  ,0,0,0,0,0,0,0,0,0,275000,0,0,0,275000,0,275000,275000
05528P,臺股指群益96售01,0,0,0,0,0,0,0,0,0,268000,0,0,0,415000,147000,268000,268000
3705,永信            ,349000,83000,266000,0,0,0,0,0,0,1000,1000,0,1000,0,0,0,267000
08749P,鴻海台新01售02  ,0,0,0,0,0,0,0,0,0,265000,0,0,0,265000,0,265000,265000
1464,得力            ,312000,48000,264000,0,0,0,0,0,0,0,0,0,0,0,0,0,264000
2809,京城銀          ,1389000,836000,553000,0,0,0,2000,293000,-291000,1000,1000,0,1000,0,0,0,263000
054745,智易凱基97購01  ,0,0,0,0,0,0,0,0,0,262000,0,0,0,265000,3000,262000,262000
6166,凌華            ,358000,88000,270000,0,0,0,0,0,0,-8000,0,0,0,0,8000,-8000,262000
057809,英業達元大98購01,0,0,0,0,0,0,0,0,0,259000,0,0,0,260000,1000,259000,259000
3711,日月光投控      ,6235805,5780776,455029,0,0,0,100000,450000,-350000,152000,153000,31000,122000,38000,8000,30000,257029
07368P,國巨凱基99售19  ,0,0,0,0,0,0,0,0,0,257000,0,0,0,769000,512000,257000,257000
6504,南六            ,389000,135000,254000,0,0,0,0,0,0,0,0,0,0,0,0,0,254000
3682,亞太電          ,770000,516543,253457,0,0,0,0,0,0,0,0,0,0,0,0,0,253457
2505,國揚            ,392000,141000,251000,0,0,0,0,0,0,0,0,0,0,0,0,0,251000
4725,信昌化          ,262000,14000,248000,0,0,0,0,0,0,0,0,0,0,0,0,0,248000
6552,易華電          ,336000,88000,248000,0,0,0,0,0,0,-1000,0,1000,-1000,0,0,0,247000
4977,眾達-KY         ,473000,228000,245000,0,0,0,1000,0,1000,0,0,0,0,0,0,0,246000
06763P,技嘉元大98售05  ,0,0,0,0,0,0,0,0,0,246000,0,0,0,246000,0,246000,246000
055978,大立光統一98購05,0,0,0,0,0,0,0,0,0,244000,0,0,0,244000,0,244000,244000
058380,臺股指凱基99購15,0,0,0,0,0,0,0,0,0,244000,0,0,0,244000,0,244000,244000
052135,聯發科凱基9B購01,0,0,0,0,0,0,0,0,0,240000,0,0,0,240000,0,240000,240000
052937,國巨兆豐97購01  ,0,0,0,0,0,0,0,0,0,240000,0,0,0,240000,0,240000,240000
2499,東貝            ,240000,0,240000,0,0,0,0,0,0,0,0,0,0,0,0,0,240000
3026,禾伸堂          ,469000,250832,218168,0,0,0,0,0,0,19000,0,0,0,19000,0,19000,237168
050142,聯發科元富9A購01,0,0,0,0,0,0,0,0,0,237000,0,0,0,237000,0,237000,237000
6452,康友-KY         ,380000,128000,252000,0,0,0,0,0,0,-15000,0,21000,-21000,6000,0,6000,237000
058354,台積電凱基9A購06,0,0,0,0,0,0,0,0,0,235000,0,0,0,236000,1000,235000,235000
055652,聯詠元富01購01  ,0,0,0,0,0,0,0,0,0,235000,0,0,0,418000,183000,235000,235000
2395,研華            ,1294325,1091048,203277,0,0,0,2000,0,2000,29000,32000,5000,27000,2000,0,2000,234277
6141,柏承            ,292000,60000,232000,0,0,0,0,0,0,0,0,0,0,0,0,0,232000
4552,力達-KY         ,240000,9000,231000,0,0,0,0,0,0,-1000,0,1000,-1000,0,0,0,230000
2478,大毅            ,873000,654000,219000,0,0,0,0,0,0,8000,0,3000,-3000,25000,14000,11000,227000
051703,台積電群益95購04,0,0,0,0,0,0,0,0,0,226000,0,0,0,226000,0,226000,226000
2316,楠梓電          ,508000,288000,220000,0,0,0,0,0,0,6000,0,1000,-1000,7000,0,7000,226000
3443,創意            ,481000,228000,253000,0,0,0,20000,65000,-45000,17000,0,6000,-6000,23000,0,23000,225000
052443,台積電元大95購23,0,0,0,0,0,0,0,0,0,224000,0,0,0,224000,0,224000,224000
8464,億豐            ,593321,393323,199998,0,0,0,80000,30000,50000,-26000,0,26000,-26000,0,0,0,223998
057964,緯穎元大99購03  ,0,0,0,0,0,0,0,0,0,222000,0,0,0,252000,30000,222000,222000
049504,臺股指元大94購15,0,0,0,0,0,0,0,0,0,222000,0,0,0,222000,0,222000,222000
4976,佳凌            ,275000,44000,231000,0,0,0,0,0,0,-9000,1000,10000,-9000,0,0,0,222000
6288,聯嘉            ,542000,316000,226000,0,0,0,0,0,0,-5000,2000,7000,-5000,0,0,0,221000
058261,大立光富邦03購01,0,0,0,0,0,0,0,0,0,220000,0,0,0,220000,0,220000,220000
5215,科嘉-KY         ,294000,75000,219000,0,0,0,0,0,0,0,0,0,0,0,0,0,219000
049690,義隆元大95購02  ,0,0,0,0,0,0,0,0,0,218000,0,0,0,218000,0,218000,218000
055538,鴻海日盛97購04  ,0,0,0,0,0,0,0,0,0,218000,0,0,0,318000,100000,218000,218000
058683,可成凱基9A購01  ,0,0,0,0,0,0,0,0,0,217000,0,0,0,247000,30000,217000,217000
00646,元大S&P500      ,23125,8000,15125,0,0,0,0,0,0,201000,0,0,0,1050000,849000,201000,216125
054072,台積電富邦98購02,0,0,0,0,0,0,0,0,0,214000,0,0,0,214000,0,214000,214000
059790,立積元大9C購02  ,0,0,0,0,0,0,0,0,0,213000,0,0,0,213000,0,213000,213000
3437,榮創            ,243000,30000,213000,0,0,0,0,0,0,0,0,0,0,0,0,0,213000
1210,大成            ,760000,547000,213000,0,0,0,0,0,0,0,0,0,0,0,0,0,213000
058436,聯發科統一9B購03,0,0,0,0,0,0,0,0,0,210000,0,0,0,210000,0,210000,210000
058443,T50正2富邦01購01,0,0,0,0,0,0,0,0,0,210000,0,0,0,210000,0,210000,210000
058456,京鼎永豐99購01  ,0,0,0,0,0,0,0,0,0,209000,0,0,0,480000,271000,209000,209000
2340,光磊            ,436000,253000,183000,0,0,0,0,0,0,26000,15000,0,15000,20000,9000,11000,209000
055994,聯發科國泰99購02,0,0,0,0,0,0,0,0,0,208000,0,0,0,211000,3000,208000,208000
056242,緯創群益9A購01  ,0,0,0,0,0,0,0,0,0,207000,0,0,0,207000,0,207000,207000
057818,泰碩元大9A購01  ,0,0,0,0,0,0,0,0,0,206000,0,0,0,238000,32000,206000,206000
8261,富鼎            ,252000,46000,206000,0,0,0,0,0,0,0,0,0,0,0,0,0,206000
8271,宇瞻            ,500000,288000,212000,0,0,0,0,0,0,-6000,0,6000,-6000,0,0,0,206000
057427,華通兆豐99購01  ,0,0,0,0,0,0,0,0,0,205000,0,0,0,215000,10000,205000,205000
054726,台積電日盛97購01,0,0,0,0,0,0,0,0,0,205000,0,0,0,825000,620000,205000,205000
1313,聯成            ,607000,409000,198000,0,0,0,0,0,0,5000,5000,0,5000,0,0,0,203000
055579,健策統一9A購01  ,0,0,0,0,0,0,0,0,0,202000,0,0,0,202000,0,202000,202000
00651R,FH香港反1       ,0,4000,-4000,0,0,0,0,0,0,206000,0,0,0,241000,35000,206000,202000
057825,和碩元大98購02  ,0,0,0,0,0,0,0,0,0,201000,0,0,0,201000,0,201000,201000
058719,智邦元富99購01  ,0,0,0,0,0,0,0,0,0,200000,0,0,0,200000,0,200000,200000
04770P,鴻海元大94售09  ,0,0,0,0,0,0,0,0,0,200000,0,0,0,200000,0,200000,200000
048848,滬深2X群益98購02,0,0,0,0,0,0,0,0,0,200000,0,0,0,200000,0,200000,200000
053343,宏達電國票97購02,0,0,0,0,0,0,0,0,0,200000,0,0,0,200000,0,200000,200000
050444,卜蜂元大94購03  ,0,0,0,0,0,0,0,0,0,200000,0,0,0,200000,0,200000,200000
051889,智邦元富95購02  ,0,0,0,0,0,0,0,0,0,200000,0,0,0,200000,0,200000,200000
053589,宏達電元大97購02,0,0,0,0,0,0,0,0,0,200000,0,0,0,200000,0,200000,200000
06847P,奇力新元大98售05,0,0,0,0,0,0,0,0,0,199000,0,0,0,199000,0,199000,199000
053724,聯詠凱基96購04  ,0,0,0,0,0,0,0,0,0,198000,0,0,0,198000,0,198000,198000
059166,友達凱基99購05  ,0,0,0,0,0,0,0,0,0,198000,0,0,0,198000,0,198000,198000
054336,台積電統一96購11,0,0,0,0,0,0,0,0,0,198000,0,0,0,198000,0,198000,198000
058801,致伸元大99購01  ,0,0,0,0,0,0,0,0,0,197000,0,0,0,282000,85000,197000,197000
04708P,國巨元大94售11  ,0,0,0,0,0,0,0,0,0,197000,0,0,0,207000,10000,197000,197000
05807P,泰鼎永豐96售03  ,0,0,0,0,0,0,0,0,0,195000,0,0,0,223000,28000,195000,195000
057232,京元電凱基98購02,0,0,0,0,0,0,0,0,0,194000,0,0,0,252000,58000,194000,194000
07102P,南電元大99售03  ,0,0,0,0,0,0,0,0,0,194000,0,0,0,194000,0,194000,194000
4943,康控-KY         ,579609,320000,259609,0,0,0,0,0,0,-66000,0,60000,-60000,12000,18000,-6000,193609
07146P,瑞昱元大99售02  ,0,0,0,0,0,0,0,0,0,193000,0,0,0,193000,0,193000,193000
1795,美時            ,240000,47000,193000,0,0,0,0,0,0,0,0,0,0,0,0,0,193000
9910,豐泰            ,1095600,1039912,55688,0,0,0,146000,0,146000,-9000,1000,12000,-11000,2000,0,2000,192688
4967,十銓            ,669000,563000,106000,0,0,0,86000,0,86000,0,0,0,0,0,0,0,192000
2393,億光            ,1426000,1252000,174000,0,0,0,0,0,0,18000,6000,0,6000,12000,0,12000,192000
06928P,鴻海元大99售10  ,0,0,0,0,0,0,0,0,0,191000,0,0,0,191000,0,191000,191000
057120,茂林康和98購01  ,0,0,0,0,0,0,0,0,0,190000,0,0,0,365000,175000,190000,190000
060129,祥碩永豐99購03  ,0,0,0,0,0,0,0,0,0,190000,0,0,0,200000,10000,190000,190000
052676,聯發科永昌98購01,0,0,0,0,0,0,0,0,0,190000,0,0,0,190000,0,190000,190000
2390,云辰            ,438000,248000,190000,0,0,0,0,0,0,0,0,0,0,0,0,0,190000
057709,電子類群益98購01,0,0,0,0,0,0,0,0,0,189000,0,0,0,189000,0,189000,189000
2461,光群雷          ,257000,68000,189000,0,0,0,0,0,0,0,0,0,0,0,0,0,189000
1103,嘉泥            ,295000,107000,188000,0,0,0,0,0,0,1000,1000,0,1000,0,0,0,189000
2360,致茂            ,747000,591200,155800,0,0,0,0,0,0,33000,35000,2000,33000,0,0,0,188800
059016,晶相光元富99購03,0,0,0,0,0,0,0,0,0,188000,0,0,0,202000,14000,188000,188000
051360,緯創元大95購03  ,0,0,0,0,0,0,0,0,0,188000,0,0,0,300000,112000,188000,188000
056080,世紀鋼元大97購03,0,0,0,0,0,0,0,0,0,187000,0,0,0,187000,0,187000,187000
046568,臻鼎元富95購01  ,0,0,0,0,0,0,0,0,0,186000,0,0,0,186000,0,186000,186000
2542,興富發          ,1156000,890462,265538,0,0,0,0,0,0,-80000,18000,98000,-80000,0,0,0,185538
052917,大立光富邦99購02,0,0,0,0,0,0,0,0,0,185000,0,0,0,185000,0,185000,185000
07108P,FBVIX台新99售02 ,0,0,0,0,0,0,0,0,0,183000,0,0,0,205000,22000,183000,183000
3535,晶彩科          ,239000,58000,181000,0,0,0,0,0,0,0,0,0,0,0,0,0,181000
056040,亞光凱基98購01  ,0,0,0,0,0,0,0,0,0,180000,0,0,0,180000,0,180000,180000
057547,技嘉凱基99購01  ,0,13000,-13000,0,0,0,0,0,0,193000,0,0,0,193000,0,193000,180000
055079,台光電中信97購01,0,0,0,0,0,0,0,0,0,180000,0,0,0,180000,0,180000,180000
053551,可成凱基96購05  ,0,0,0,0,0,0,0,0,0,179000,0,0,0,179000,0,179000,179000
059375,道瓊反群益9C購02,0,0,0,0,0,0,0,0,0,178000,0,0,0,184000,6000,178000,178000
3056,總太            ,350000,173000,177000,0,0,0,0,0,0,1000,1000,0,1000,0,0,0,178000
056583,昇陽半元大98購02,0,0,0,0,0,0,0,0,0,177000,0,0,0,177000,0,177000,177000
059168,奇力新凱基99購05,0,0,0,0,0,0,0,0,0,177000,0,0,0,206000,29000,177000,177000
05192P,玉晶光台新96售02,0,0,0,0,0,0,0,0,0,177000,0,0,0,187000,10000,177000,177000
054929,群電凱基97購01  ,0,0,0,0,0,0,0,0,0,176000,0,0,0,246000,70000,176000,176000
059524,FBVIX凱基9A購02 ,0,0,0,0,0,0,0,0,0,175000,0,0,0,440000,265000,175000,175000
057862,智邦凱基99購01  ,0,0,0,0,0,0,0,0,0,175000,0,0,0,175000,0,175000,175000
057614,華新科元富99購04,0,0,0,0,0,0,0,0,0,175000,0,0,0,205000,30000,175000,175000
053671,可成統一96購03  ,0,0,0,0,0,0,0,0,0,174000,0,0,0,174000,0,174000,174000
059945,嘉澤永豐99購03  ,0,0,0,0,0,0,0,0,0,173000,0,0,0,325000,152000,173000,173000
060024,T50反1國泰9B購02,0,0,0,0,0,0,0,0,0,172000,0,0,0,270000,98000,172000,172000
059741,聯發科元富99購07,0,0,0,0,0,0,0,0,0,171000,0,0,0,172000,1000,171000,171000
055369,友訊元大97購01  ,0,0,0,0,0,0,0,0,0,170000,0,0,0,170000,0,170000,170000
053181,滬深2X元富99購02,0,0,0,0,0,0,0,0,0,170000,0,0,0,170000,0,170000,170000
051977,泰碩凱基95購01  ,0,0,0,0,0,0,0,0,0,170000,0,0,0,170000,0,170000,170000
04546P,台積電元大94售09,0,0,0,0,0,0,0,0,0,169000,0,0,0,169000,0,169000,169000
051505,台積電元富95購05,0,0,0,0,0,0,0,0,0,169000,0,0,0,187000,18000,169000,169000
07304P,臺股指元大9A售37,0,0,0,0,0,0,0,0,0,169000,0,0,0,286000,117000,169000,169000
058924,晶相光元富99購02,0,0,0,0,0,0,0,0,0,168000,0,0,0,181000,13000,168000,168000
4564,元翎            ,213000,46000,167000,0,0,0,0,0,0,0,0,0,0,0,0,0,167000
6505,台塑化          ,4050781,3877830,172951,0,0,0,18000,3000,15000,-21000,20000,47000,-27000,6000,0,6000,166951
056505,聯發科永豐98購01,0,0,0,0,0,0,0,0,0,166000,0,0,0,201000,35000,166000,166000
056636,台積電日盛9A購01,0,0,0,0,0,0,0,0,0,165000,0,0,0,275000,110000,165000,165000
3698,隆達            ,350000,169000,181000,0,0,0,0,0,0,-16000,26000,42000,-16000,0,0,0,165000
055456,上銀富邦99購01  ,0,0,0,0,0,0,0,0,0,163000,0,0,0,163000,0,163000,163000
059968,世紀鋼凱基99購03,0,0,0,0,0,0,0,0,0,162000,0,0,0,183000,21000,162000,162000
056192,智邦富邦98購01  ,0,0,0,0,0,0,0,0,0,162000,0,0,0,162000,0,162000,162000
6214,精誠            ,350000,195000,155000,0,0,0,0,0,0,7000,7000,0,7000,0,0,0,162000
2207,和泰車          ,488721,326312,162409,0,0,0,1000,0,1000,-2000,0,3000,-3000,1000,0,1000,161409
04175P,台積電群益94售05,0,0,0,0,0,0,0,0,0,160000,0,0,0,160000,0,160000,160000
049314,京鼎凱基94購01  ,0,0,0,0,0,0,0,0,0,160000,0,0,0,160000,0,160000,160000
057171,台光電元大9B購01,0,0,0,0,0,0,0,0,0,159000,0,0,0,159000,0,159000,159000
07319P,台積電凱基01售02,0,0,0,0,0,0,0,0,0,159000,0,0,0,321000,162000,159000,159000
3563,牧德            ,392000,206000,186000,0,0,0,1000,0,1000,-31000,0,40000,-40000,14000,5000,9000,156000
051413,富邦金國票96購02,0,0,0,0,0,0,0,0,0,155000,0,0,0,175000,20000,155000,155000
2312,金寶            ,1660000,1510000,150000,0,0,0,0,0,0,5000,5000,0,5000,0,0,0,155000
2453,凌群            ,249000,94000,155000,0,0,0,0,0,0,0,0,0,0,0,0,0,155000
051634,大立光國票96購03,0,0,0,0,0,0,0,0,0,154000,0,0,0,154000,0,154000,154000
054369,鴻海中信9C購01  ,0,0,0,0,0,0,0,0,0,154000,0,0,0,154000,0,154000,154000
057021,台積電凱基9A購02,0,0,0,0,0,0,0,0,0,153000,0,0,0,190000,37000,153000,153000
3022,威強電          ,234000,78000,156000,0,0,0,0,0,0,-3000,0,3000,-3000,0,0,0,153000
058705,長榮航元大99購01,0,0,0,0,0,0,0,0,0,151000,0,0,0,151000,0,151000,151000
4934,太極            ,317000,166000,151000,0,0,0,0,0,0,0,0,0,0,0,0,0,151000
6456,GIS-KY          ,975000,833304,141696,0,0,0,0,0,0,9000,0,0,0,11000,2000,9000,150696
057315,台灣50康和9A購03,0,0,0,0,0,0,0,0,0,150000,0,0,0,150000,0,150000,150000
058296,明泰凱基99購01  ,0,0,0,0,0,0,0,0,0,150000,0,0,0,150000,0,150000,150000
056165,矽力凱基98購02  ,0,0,0,0,0,0,0,0,0,150000,0,0,0,150000,0,150000,150000
057931,正崴群益98購02  ,0,0,0,0,0,0,0,0,0,150000,0,0,0,150000,0,150000,150000
059275,可成元大99購05  ,0,0,0,0,0,0,0,0,0,150000,0,0,0,172000,22000,150000,150000
054845,智邦兆豐98購01  ,0,0,0,0,0,0,0,0,0,150000,0,0,0,150000,0,150000,150000
5305,敦南            ,210000,59000,151000,0,0,0,0,0,0,-1000,0,1000,-1000,0,0,0,150000
2375,凱美            ,366000,215000,151000,0,0,0,0,0,0,-1000,0,0,0,0,1000,-1000,150000
059527,聯發科凱基99購16,0,0,0,0,0,0,0,0,0,149000,0,0,0,178000,29000,149000,149000
055654,景碩元富97購01  ,0,0,0,0,0,0,0,0,0,149000,0,0,0,153000,4000,149000,149000
054204,元金2X國票9B購02,0,0,0,0,0,0,0,0,0,149000,0,0,0,149000,0,149000,149000
051431,群創元富99購02  ,0,0,0,0,0,0,0,0,0,148000,0,0,0,148000,0,148000,148000
6142,友勁            ,1000,0,1000,0,0,0,0,0,0,145000,145000,0,145000,0,0,0,146000
1762,中化生          ,328000,182000,146000,0,0,0,0,0,0,0,0,0,0,0,0,0,146000
00680L,元大美債20正2   ,0,0,0,0,0,0,0,0,0,145000,0,0,0,145000,0,145000,145000
050270,景碩元大94購01  ,0,0,0,0,0,0,0,0,0,145000,0,0,0,199000,54000,145000,145000
07309P,聯發科凱基99售18,0,0,0,0,0,0,0,0,0,144000,0,0,0,144000,0,144000,144000
048402,聯茂兆豐95購01  ,0,0,0,0,0,0,0,0,0,143000,0,0,0,143000,0,143000,143000
058864,欣興凱基99購04  ,0,0,0,0,0,0,0,0,0,142000,0,0,0,153000,11000,142000,142000
06673P,大立光群益98售01,0,0,0,0,0,0,0,0,0,142000,0,0,0,142000,0,142000,142000
03430B,臺股指元大9B熊01,0,0,0,0,0,0,0,0,0,142000,0,0,0,142000,0,142000,142000
054252,奇力新元大96購04,0,0,0,0,0,0,0,0,0,142000,0,0,0,225000,83000,142000,142000
049388,南電元大94購05  ,0,0,0,0,0,0,0,0,0,141000,0,0,0,141000,0,141000,141000
050006,華擎永豐94購03  ,0,0,0,0,0,0,0,0,0,141000,0,0,0,141000,0,141000,141000
6541,泰福-KY         ,184000,43000,141000,0,0,0,0,0,0,0,0,0,0,0,0,0,141000
056592,台積電元富98購01,0,0,0,0,0,0,0,0,0,140000,0,0,0,140000,0,140000,140000
055764,臺股指群益97購02,0,0,0,0,0,0,0,0,0,140000,0,0,0,140000,0,140000,140000
052134,智邦凱基95購09  ,0,0,0,0,0,0,0,0,0,140000,0,0,0,140000,0,140000,140000
052575,茂林凱基96購04  ,50000,0,50000,0,0,0,0,0,0,90000,0,0,0,424000,334000,90000,140000
055665,亞德客群益97購01,0,0,0,0,0,0,0,0,0,139000,0,0,0,139000,0,139000,139000
043513,台灣50元大96購05,0,0,0,0,0,0,0,0,0,139000,0,0,0,139000,0,139000,139000
04863P,技嘉元大94售02  ,0,0,0,0,0,0,0,0,0,138000,0,0,0,138000,0,138000,138000
051927,國巨中信96購01  ,0,0,0,0,0,0,0,0,0,138000,0,0,0,138000,0,138000,138000
052715,可成凱基96購01  ,0,0,0,0,0,0,0,0,0,138000,0,0,0,228000,90000,138000,138000
055503,健策元大98購05  ,0,0,0,0,0,0,0,0,0,138000,0,0,0,138000,0,138000,138000
6592,和潤企業        ,287000,149000,138000,0,0,0,0,0,0,0,0,0,0,0,0,0,138000
058658,瑞儀中信99購01  ,0,0,0,0,0,0,0,0,0,137000,0,0,0,157000,20000,137000,137000
1608,華榮            ,230000,93000,137000,0,0,0,0,0,0,0,0,0,0,0,0,0,137000
2456,奇力新          ,984000,1123720,-139720,0,0,0,333000,200000,133000,143000,10000,24000,-14000,157000,0,157000,136280
053041,可成凱基96購02  ,0,0,0,0,0,0,0,0,0,136000,0,0,0,136000,0,136000,136000
07317P,T50正2凱基9B售02,0,0,0,0,0,0,0,0,0,136000,0,0,0,260000,124000,136000,136000
056870,全新日盛9A購01  ,0,0,0,0,0,0,0,0,0,135000,0,0,0,135000,0,135000,135000
056516,晶豪科兆豐98購01,0,0,0,0,0,0,0,0,0,135000,0,0,0,145000,10000,135000,135000
059276,可成元大99購06  ,0,0,0,0,0,0,0,0,0,135000,0,0,0,185000,50000,135000,135000
059401,牧德元富99購01  ,0,0,0,0,0,0,0,0,0,135000,0,0,0,282000,147000,135000,135000
055863,緯穎元大97購05  ,0,0,0,0,0,0,0,0,0,133000,0,0,0,133000,0,133000,133000
059441,祥碩元大99購02  ,0,0,0,0,0,0,0,0,0,132000,0,0,0,139000,7000,132000,132000
059442,祥碩元大99購03  ,0,0,0,0,0,0,0,0,0,132000,0,0,0,151000,19000,132000,132000
06123P,玉晶光元大97售04,0,0,0,0,0,0,0,0,0,132000,0,0,0,132000,0,132000,132000
053365,彩晶國泰98購01  ,0,0,0,0,0,0,0,0,0,132000,0,0,0,132000,0,132000,132000
06864P,健策凱基98售01  ,0,0,0,0,0,0,0,0,0,132000,0,0,0,168000,36000,132000,132000
8039,台虹            ,354000,227000,127000,0,0,0,0,0,0,5000,18000,1000,17000,3000,15000,-12000,132000
057669,嘉晶元大99購03  ,0,0,0,0,0,0,0,0,0,131000,0,0,0,131000,0,131000,131000
057897,華通富邦99購01  ,0,0,0,0,0,0,0,0,0,130000,0,0,0,130000,0,130000,130000
056012,勤誠中信99購01  ,0,0,0,0,0,0,0,0,0,130000,0,0,0,130000,0,130000,130000
06068P,玉晶光康和97售01,0,0,0,0,0,0,0,0,0,130000,0,0,0,198000,68000,130000,130000
056914,臺股指元大99購09,0,0,0,0,0,0,0,0,0,130000,0,0,0,135000,5000,130000,130000
059253,康控凱基9B購02  ,0,0,0,0,0,0,0,0,0,130000,0,0,0,163000,33000,130000,130000
054681,味全永豐97購01  ,0,0,0,0,0,0,0,0,0,130000,0,0,0,130000,0,130000,130000
052152,創意富邦98購01  ,0,0,0,0,0,0,0,0,0,130000,0,0,0,130000,0,130000,130000
055360,台表科凱基97購02,0,0,0,0,0,0,0,0,0,130000,0,0,0,130000,0,130000,130000
07411P,國巨元大99售31  ,0,0,0,0,0,0,0,0,0,130000,0,0,0,130000,0,130000,130000
058960,臺股指國票99購05,0,0,0,0,0,0,0,0,0,129000,0,0,0,129000,0,129000,129000
046793,聯發科元富99購01,0,0,0,0,0,0,0,0,0,128000,0,0,0,128000,0,128000,128000
2642,宅配通          ,140000,12000,128000,0,0,0,0,0,0,0,0,0,0,0,0,0,128000
6282,康舒            ,489000,368000,121000,0,0,0,0,0,0,7000,12000,5000,7000,0,0,0,128000
058718,台灣50元富03購01,0,0,0,0,0,0,0,0,0,126000,0,0,0,126000,0,126000,126000
05452P,亞德客群益95售02,0,0,0,0,0,0,0,0,0,126000,0,0,0,200000,74000,126000,126000
055648,可成元富97購01  ,0,0,0,0,0,0,0,0,0,126000,0,0,0,267000,141000,126000,126000
058814,南亞科台新99購01,0,0,0,0,0,0,0,0,0,125000,0,0,0,125000,0,125000,125000
055150,台積電元大98購04,0,0,0,0,0,0,0,0,0,125000,0,0,0,125000,0,125000,125000
1447,力鵬            ,165000,41000,124000,0,0,0,0,0,0,0,0,0,0,0,0,0,124000
1733,五鼎            ,165000,40000,125000,0,0,0,0,0,0,-2000,1000,3000,-2000,0,0,0,123000
057881,SP黃豆群益9A購01,0,0,0,0,0,0,0,0,0,122000,0,0,0,122000,0,122000,122000
00710B,FH彭博高收益債  ,3000,3000,0,0,0,0,0,0,0,122000,0,0,0,251000,129000,122000,122000
055740,智易元富97購01  ,0,0,0,0,0,0,0,0,0,122000,0,0,0,124000,2000,122000,122000
3533,嘉澤            ,194013,127216,66797,0,0,0,49000,20000,29000,25000,49000,35000,14000,18000,7000,11000,120797
053169,貿聯群益97購01  ,0,0,0,0,0,0,0,0,0,120000,0,0,0,120000,0,120000,120000
052771,GIS群益96購01   ,0,0,0,0,0,0,0,0,0,120000,0,0,0,120000,0,120000,120000
048070,聯發科元富99購03,0,0,0,0,0,0,0,0,0,120000,0,0,0,120000,0,120000,120000
05171P,臺股指元大95售15,0,0,0,0,0,0,0,0,0,120000,0,0,0,120000,0,120000,120000
055240,京元電元富97購01,0,0,0,0,0,0,0,0,0,120000,0,0,0,330000,210000,120000,120000
049667,大立光國泰96購01,0,0,0,0,0,0,0,0,0,120000,0,0,0,120000,0,120000,120000
057707,臺股指群益98購07,0,0,0,0,0,0,0,0,0,119000,0,0,0,166000,47000,119000,119000
056160,智易凱基97購03  ,0,0,0,0,0,0,0,0,0,119000,0,0,0,120000,1000,119000,119000
056228,可成凱基97購03  ,0,0,0,0,0,0,0,0,0,119000,0,0,0,119000,0,119000,119000
057478,智邦元大99購01  ,0,0,0,0,0,0,0,0,0,119000,0,0,0,119000,0,119000,119000
051405,世芯永豐95購01  ,0,0,0,0,0,0,0,0,0,119000,0,0,0,119000,0,119000,119000
052893,聯電群益98購01  ,0,0,0,0,0,0,0,0,0,119000,0,0,0,223000,104000,119000,119000
053205,台光電麥證96購01,0,0,0,118000,0,118000,0,0,0,118000,0,0,0,118000,0,118000,118000
057199,台達電元富02購01,0,0,0,0,0,0,0,0,0,117000,0,0,0,117000,0,117000,117000
058273,同欣電永豐99購01,0,0,0,0,0,0,0,0,0,117000,0,0,0,137000,20000,117000,117000
2441,超豐            ,266000,160000,106000,0,0,0,0,0,0,11000,11000,0,11000,0,0,0,117000
057817,景碩元大98購01  ,0,0,0,0,0,0,0,0,0,116000,0,0,0,221000,105000,116000,116000
059065,南電凱基9A購01  ,0,0,0,0,0,0,0,0,0,116000,0,0,0,240000,124000,116000,116000
057802,卜蜂元大98購01  ,0,0,0,0,0,0,0,0,0,115000,0,0,0,115000,0,115000,115000
6209,今國光          ,171000,60000,111000,0,0,0,0,0,0,4000,4000,0,4000,0,0,0,115000
1439,中和            ,145000,30000,115000,0,0,0,0,0,0,0,0,0,0,0,0,0,115000
07263P,台積電元大99售37,0,0,0,0,0,0,0,0,0,115000,0,0,0,153000,38000,115000,115000
059903,S&P正2元大99購02,0,0,0,0,0,0,0,0,0,114000,0,0,0,114000,0,114000,114000
058743,可成康和99購01  ,0,0,0,0,0,0,0,0,0,114000,0,0,0,194000,80000,114000,114000
056906,玉晶光元大9B購01,0,0,0,0,0,0,0,0,0,113000,0,0,0,113000,0,113000,113000
053761,健策國泰98購01  ,0,0,0,0,0,0,0,0,0,113000,0,0,0,123000,10000,113000,113000
00678,群益NBI生技     ,506000,0,506000,0,0,0,0,0,0,-393000,0,0,0,358000,751000,-393000,113000
6416,瑞祺電通        ,245000,166000,79000,0,0,0,0,0,0,34000,105000,71000,34000,0,0,0,113000
3050,鈺德            ,127000,15000,112000,0,0,0,0,0,0,0,0,0,0,0,0,0,112000
2832,台產            ,149000,37000,112000,0,0,0,0,0,0,0,0,0,0,0,0,0,112000
060113,祥碩元大9B購01  ,0,0,0,0,0,0,0,0,0,111000,0,0,0,112000,1000,111000,111000
059044,聯電日盛99購02  ,0,0,0,0,0,0,0,0,0,111000,0,0,0,111000,0,111000,111000
058137,玉晶光元大99購11,0,0,0,0,0,0,0,0,0,110000,0,0,0,130000,20000,110000,110000
056368,祥碩元大98購02  ,0,0,0,0,0,0,0,0,0,110000,0,0,0,110000,0,110000,110000
056485,同欣電元大98購01,0,0,0,0,0,0,0,0,0,110000,0,0,0,110000,0,110000,110000
053945,國巨富邦98購02  ,0,0,0,0,0,0,0,0,0,110000,0,0,0,110000,0,110000,110000
05232P,緯穎群益95售01  ,0,0,0,0,0,0,0,0,0,110000,0,0,0,110000,0,110000,110000
00668,國泰美國道瓊    ,13000,27000,-14000,0,0,0,0,0,0,124000,0,0,0,276000,152000,124000,110000
03019X,元展19          ,0,0,0,0,0,0,0,0,0,110000,0,0,0,110000,0,110000,110000
051487,健策凱基96購03  ,0,0,0,0,0,0,0,0,0,110000,0,0,0,110000,0,110000,110000
049795,華通元大96購02  ,0,0,0,0,0,0,0,0,0,110000,0,0,0,110000,0,110000,110000
055184,群創統一98購02  ,0,0,0,0,0,0,0,0,0,110000,0,0,0,110000,0,110000,110000
058595,T50正2元富99購01,0,0,0,0,0,0,0,0,0,108000,0,0,0,108000,0,108000,108000
1906,寶隆            ,148000,41000,107000,0,0,0,0,0,0,0,0,0,0,0,0,0,107000
059838,茂林國泰9B購01  ,0,0,0,0,0,0,0,0,0,106000,0,0,0,124000,18000,106000,106000
050984,大立光國泰97購01,0,0,0,0,0,0,0,0,0,106000,0,0,0,106000,0,106000,106000
05023P,和碩凱基95售01  ,0,0,0,0,0,0,0,0,0,106000,0,0,0,106000,0,106000,106000
052157,東元永豐95購01  ,0,0,0,0,0,0,0,0,0,106000,0,0,0,106000,0,106000,106000
3312,弘憶股          ,171000,58000,113000,0,0,0,0,0,0,-7000,0,7000,-7000,0,0,0,106000
056851,瑞儀元富98購01  ,0,0,0,0,0,0,0,0,0,105000,0,0,0,127000,22000,105000,105000
057061,華擎國泰9A購01  ,0,0,0,0,0,0,0,0,0,105000,0,0,0,228000,123000,105000,105000
052476,台光電群益98購01,0,0,0,0,0,0,0,0,0,105000,0,0,0,105000,0,105000,105000
04391P,玉晶光凱基95售03,0,0,0,0,0,0,0,0,0,105000,0,0,0,105000,0,105000,105000
046159,群創群益98購04  ,0,0,0,0,0,0,0,0,0,105000,0,0,0,105000,0,105000,105000
2485,兆赫            ,206000,120000,86000,0,0,0,0,0,0,19000,24000,0,24000,0,5000,-5000,105000
1730,花仙子          ,177000,72000,105000,0,0,0,0,0,0,0,0,0,0,0,0,0,105000
07305P,T50正2群益99售02,0,0,0,0,0,0,0,0,0,105000,0,0,0,143000,38000,105000,105000
06038P,國泰金台新96售01,0,0,0,0,0,0,0,0,0,104000,0,0,0,114000,10000,104000,104000
056529,中環凱基98購01  ,0,0,0,0,0,0,0,0,0,104000,0,0,0,105000,1000,104000,104000
4540,全球傳動        ,160000,57000,103000,0,0,0,0,0,0,0,0,0,0,0,0,0,103000
059748,聯發科台新99購03,0,0,0,0,0,0,0,0,0,102000,0,0,0,105000,3000,102000,102000
057611,技嘉元富98購02  ,0,0,0,0,0,0,0,0,0,102000,0,0,0,107000,5000,102000,102000
05038P,牧德元大95售03  ,0,0,0,0,0,0,0,0,0,102000,0,0,0,102000,0,102000,102000
3059,華晶科          ,239000,133000,106000,0,0,0,0,0,0,-4000,0,4000,-4000,0,0,0,102000
04878P,國巨康和94售02  ,0,0,0,0,0,0,0,0,0,101000,0,0,0,291000,190000,101000,101000
053883,大立光中信98購02,0,0,0,0,0,0,0,0,0,101000,0,0,0,101000,0,101000,101000
059003,中壽元大99購01  ,0,0,0,0,0,0,0,0,0,100000,0,0,0,100000,0,100000,100000
055985,聯鈞元富97購01  ,0,0,0,0,0,0,0,0,0,100000,0,0,0,100000,0,100000,100000
058981,國巨凱基99購10  ,0,0,0,0,0,0,0,0,0,100000,0,0,0,100000,0,100000,100000
056155,嘉晶凱基97購01  ,0,0,0,0,0,0,0,0,0,100000,0,0,0,100000,0,100000,100000
057647,欣興元大98購10  ,0,0,0,0,0,0,0,0,0,100000,0,0,0,100000,0,100000,100000
058912,祥碩元大99購01  ,0,0,0,0,0,0,0,0,0,100000,0,0,0,117000,17000,100000,100000
055637,亞德客元富97購01,0,0,0,0,0,0,0,0,0,100000,0,0,0,100000,0,100000,100000
054434,友達台新96購03  ,0,0,0,0,0,0,0,0,0,100000,0,0,0,100000,0,100000,100000
054608,致茂永豐97購01  ,0,0,0,0,0,0,0,0,0,100000,0,0,0,100000,0,100000,100000
054271,中石化中信99購01,0,0,0,0,0,0,0,0,0,100000,0,0,0,100000,0,100000,100000
053517,崇越群益97購01  ,0,0,0,0,0,0,0,0,0,100000,0,0,0,100000,0,100000,100000
054112,台積電麥證96購02,0,0,0,0,0,0,0,0,0,100000,0,0,0,100000,0,100000,100000
055759,技嘉群益98購02  ,0,0,0,0,0,0,0,0,0,100000,0,0,0,100000,0,100000,100000
052309,健策國泰97購01  ,0,0,0,0,0,0,0,0,0,100000,0,0,0,190000,90000,100000,100000
055470,南亞科凱基97購01,0,0,0,0,0,0,0,0,0,100000,0,0,0,146000,46000,100000,100000
052681,T50反1元大98購02,0,0,0,0,0,0,0,0,0,100000,0,0,0,112000,12000,100000,100000
051562,玉晶光國泰97購05,0,0,0,0,0,0,0,0,0,100000,0,0,0,100000,0,100000,100000
048049,滬深反中信96購01,0,0,0,0,0,0,0,0,0,100000,0,0,0,100000,0,100000,100000
050044,聯詠兆豐94購02  ,0,0,0,0,0,0,0,0,0,100000,0,0,0,298000,198000,100000,100000
050719,世紀鋼群益96購01,0,0,0,0,0,0,0,0,0,100000,0,0,0,100000,0,100000,100000
055109,正崴凱基98購01  ,0,0,0,0,0,0,0,0,0,100000,0,0,0,100000,0,100000,100000
049629,臺股指群益94購02,0,0,0,0,0,0,0,0,0,100000,0,0,0,130000,30000,100000,100000
051280,台積電兆豐95購04,0,0,0,0,0,0,0,0,0,100000,0,0,0,100000,0,100000,100000
053220,瀚宇博凱基98購01,0,0,0,0,0,0,0,0,0,100000,0,0,0,100000,0,100000,100000
07127P,精元元大99售01  ,0,0,0,0,0,0,0,0,0,100000,0,0,0,100000,0,100000,100000
059932,世紀鋼富邦9A購02,0,0,0,0,0,0,0,0,0,99000,0,0,0,105000,6000,99000,99000
059877,康控凱基99購05  ,0,0,0,0,0,0,0,0,0,99000,0,0,0,126000,27000,99000,99000
058095,昇陽半元大98購03,0,0,0,0,0,0,0,0,0,99000,0,0,0,99000,0,99000,99000
055012,茂林元富97購01  ,0,0,0,0,0,0,0,0,0,99000,0,0,0,99000,0,99000,99000
055490,台光電元大97購01,0,0,0,0,0,0,0,0,0,99000,0,0,0,99000,0,99000,99000
052948,景碩國票97購02  ,0,0,0,0,0,0,0,0,0,99000,0,0,0,99000,0,99000,99000
1734,杏輝            ,172000,73000,99000,0,0,0,0,0,0,0,0,0,0,0,0,0,99000
3029,零壹            ,186000,105000,81000,0,0,0,0,0,0,18000,20000,2000,18000,0,0,0,99000
07100P,華航元大99售01  ,0,0,0,0,0,0,0,0,0,98000,0,0,0,124000,26000,98000,98000
8110,華東            ,408000,303000,105000,0,0,0,0,0,0,-7000,5000,12000,-7000,0,0,0,98000
059669,台灣50元富9B購05,0,0,0,0,0,0,0,0,0,97000,0,0,0,180000,83000,97000,97000
059324,智易元大99購04  ,0,0,0,0,0,0,0,0,0,97000,0,0,0,171000,74000,97000,97000
059036,可成群益9B購03  ,0,0,0,0,0,0,0,0,0,97000,0,0,0,98000,1000,97000,97000
059277,群創元大99購05  ,0,0,0,0,0,0,0,0,0,97000,0,0,0,97000,0,97000,97000
045054,聯發科元富98購02,0,0,0,0,0,0,0,0,0,97000,0,0,0,97000,0,97000,97000
2849,安泰銀          ,151000,54000,97000,0,0,0,0,0,0,0,0,0,0,0,0,0,97000
055703,緯穎富邦98購01  ,0,0,0,0,0,0,0,0,0,96000,0,0,0,96000,0,96000,96000
053585,友達元大9C購03  ,0,0,0,0,0,0,0,0,0,96000,0,0,0,96000,0,96000,96000
1810,和成            ,101000,5000,96000,0,0,0,0,0,0,0,0,0,0,0,0,0,96000
053415,聯茂國票97購01  ,0,0,0,0,0,0,0,0,0,95000,0,0,0,95000,0,95000,95000
055368,台積電元大97購24,0,0,0,0,0,0,0,0,0,95000,0,0,0,95000,0,95000,95000
053746,彰銀康和96購01  ,0,0,0,0,0,0,0,0,0,95000,0,0,0,100000,5000,95000,95000
2471,資通            ,107000,12000,95000,0,0,0,0,0,0,0,0,0,0,0,0,0,95000
3588,通嘉            ,114000,19000,95000,0,0,0,0,0,0,0,0,0,0,0,0,0,95000
057832,聯發科元富02購05,0,0,0,0,0,0,0,0,0,92000,0,0,0,107000,15000,92000,92000
059142,道瓊指國票9B購02,0,0,0,0,0,0,0,0,0,92000,0,0,0,92000,0,92000,92000
058054,台積電統一9C購01,0,0,0,0,0,0,0,0,0,91000,0,0,0,91000,0,91000,91000
058427,大毅元富99購01  ,0,0,0,0,0,0,0,0,0,91000,0,0,0,102000,11000,91000,91000
059075,FBVIX元大99購01 ,0,0,0,0,0,0,0,0,0,91000,0,0,0,112000,21000,91000,91000
049484,台積電元大95購02,0,0,0,0,0,0,0,0,0,91000,0,0,0,91000,0,91000,91000
2406,國碩            ,203000,112000,91000,0,0,0,0,0,0,0,0,0,0,0,0,0,91000
057501,超眾群益98購04  ,0,0,0,0,0,0,0,0,0,90000,0,0,0,90000,0,90000,90000
057455,景碩國泰99購01  ,0,0,0,0,0,0,0,0,0,90000,0,0,0,90000,0,90000,90000
059516,TPK永豐99購01   ,0,0,0,0,0,0,0,0,0,90000,0,0,0,192000,102000,90000,90000
050536,亞泥凱基95購01  ,0,0,0,0,0,0,0,0,0,90000,0,0,0,90000,0,90000,90000
049808,聯詠元大94購03  ,0,0,0,0,0,0,0,0,0,90000,0,0,0,90000,0,90000,90000
042752,台灣50元大96購03,0,0,0,0,0,0,0,0,0,90000,0,0,0,90000,0,90000,90000
051704,智邦群益95購02  ,0,0,0,0,0,0,0,0,0,90000,0,0,0,90000,0,90000,90000
047780,友達中信96購01  ,0,0,0,0,0,0,0,0,0,90000,0,0,0,90000,0,90000,90000
05546P,全新元大97售01  ,0,0,0,0,0,0,0,0,0,90000,0,0,0,190000,100000,90000,90000
052592,華通群益98購01  ,0,0,0,0,0,0,0,0,0,90000,0,0,0,90000,0,90000,90000
053495,聯發科兆豐96購02,0,0,0,0,0,0,0,0,0,90000,0,0,0,90000,0,90000,90000
052994,群創台新99購01  ,0,0,0,0,0,0,0,0,0,89000,0,0,0,89000,0,89000,89000
056011,矽力中信99購01  ,0,0,0,0,0,0,0,0,0,88000,0,0,0,88000,0,88000,88000
056702,欣興國泰9A購01  ,0,0,0,0,0,0,0,0,0,88000,0,0,0,88000,0,88000,88000
058358,技嘉凱基9A購01  ,0,0,0,0,0,0,0,0,0,88000,0,0,0,143000,55000,88000,88000
056963,建準永豐98購01  ,0,0,0,0,0,0,0,0,0,88000,0,0,0,88000,0,88000,88000
06058P,玉晶光凱基97售04,0,0,0,0,0,0,0,0,0,88000,0,0,0,104000,16000,88000,88000
055734,奇力新元富97購02,0,0,0,0,0,0,0,0,0,88000,0,0,0,88000,0,88000,88000
9955,佳龍            ,99000,11000,88000,0,0,0,0,0,0,0,0,0,0,0,0,0,88000
06021P,世紀鋼元富96售03,0,0,0,0,0,0,0,0,0,87000,0,0,0,87000,0,87000,87000
059976,道瓊銀元大99購01,0,0,0,0,0,0,0,0,0,87000,0,0,0,120000,33000,87000,87000
00665L,富邦恒生國企正2 ,88000,9000,79000,0,0,0,0,0,0,8000,0,0,0,24000,16000,8000,87000
050784,美律國泰96購01  ,0,0,0,0,0,0,0,0,0,87000,0,0,0,87000,0,87000,87000
1527,鑽全            ,123000,36000,87000,0,0,0,0,0,0,0,0,0,0,0,0,0,87000
07161P,臺股指群益99售12,0,0,0,0,0,0,0,0,0,87000,0,0,0,120000,33000,87000,87000
057118,欣興日盛9A購01  ,0,0,0,0,0,0,0,0,0,86000,0,0,0,88000,2000,86000,86000
059188,京元電富邦9B購01,0,0,0,0,0,0,0,0,0,86000,0,0,0,360000,274000,86000,86000
07150P,和碩元大99售01  ,0,0,0,0,0,0,0,0,0,86000,0,0,0,86000,0,86000,86000
058432,台積電統一9B購03,0,0,0,0,0,0,0,0,0,85000,0,0,0,85000,0,85000,85000
058255,臺股指元大9A購19,0,0,0,0,0,0,0,0,0,85000,0,0,0,86000,1000,85000,85000
057925,貿聯凱基99購01  ,0,0,0,0,0,0,0,0,0,85000,0,0,0,141000,56000,85000,85000
05279P,上銀元大95售02  ,0,0,0,0,0,0,0,0,0,85000,0,0,0,85000,0,85000,85000
052282,宏達電凱基95購05,0,0,0,0,0,0,0,0,0,85000,0,0,0,90000,5000,85000,85000
00851,台新全球AI      ,0,0,0,0,0,0,0,0,0,85000,0,0,0,115000,30000,85000,85000
3653,健策            ,505000,512000,-7000,0,0,0,20000,0,20000,72000,33000,4000,29000,93000,50000,43000,85000
056193,聯發科富邦99購08,0,0,0,0,0,0,0,0,0,84000,0,0,0,84000,0,84000,84000
058247,聯茂元大99購04  ,0,0,0,0,0,0,0,0,0,84000,0,0,0,131000,47000,84000,84000
07327P,台灣50群益9A售06,0,0,0,0,0,0,0,0,0,84000,0,0,0,100000,16000,84000,84000
056678,力成元富98購01  ,0,0,0,0,0,0,0,0,0,83000,0,0,0,83000,0,83000,83000
03861P,群創元富99售01  ,0,0,0,0,0,0,0,0,0,83000,0,0,0,83000,0,83000,83000
07208P,台積電凱基99售14,0,0,0,0,0,0,0,0,0,83000,0,0,0,83000,0,83000,83000
3047,訊舟            ,112000,29000,83000,0,0,0,0,0,0,0,0,0,0,0,0,0,83000
059674,玉山金元富99購02,0,0,0,0,0,0,0,0,0,82000,0,0,0,82000,0,82000,82000
2608,嘉里大榮        ,180000,94000,86000,0,0,0,0,0,0,-4000,0,4000,-4000,0,0,0,82000
051321,建準國票96購01  ,0,0,0,0,0,0,0,0,0,81000,0,0,0,81000,0,81000,81000
052316,台積電元大96購10,0,0,0,0,0,0,0,0,0,81000,0,0,0,81000,0,81000,81000
07062P,台積電元大99售15,0,0,0,0,0,0,0,0,0,81000,0,0,0,81000,0,81000,81000
056607,貿聯富邦99購02  ,0,0,0,0,0,0,0,0,0,80000,0,0,0,80000,0,80000,80000
058275,S&P500中信9B購01,0,0,0,0,0,0,0,0,0,80000,0,0,0,80000,0,80000,80000
052155,百和台新95購01  ,0,0,0,0,0,0,0,0,0,80000,0,0,0,80000,0,80000,80000
052112,滬深2X中信99購01,0,0,0,0,0,0,0,0,0,80000,0,0,0,80000,0,80000,80000
055794,聯發科國泰99購01,0,0,0,0,0,0,0,0,0,80000,0,0,0,90000,10000,80000,80000
055463,國喬凱基97購01  ,0,0,0,0,0,0,0,0,0,80000,0,0,0,80000,0,80000,80000
049270,台表科元大95購02,0,0,0,0,0,0,0,0,0,80000,0,0,0,80000,0,80000,80000
051843,聯發科富邦99購01,0,0,0,0,0,0,0,0,0,80000,0,0,0,80000,0,80000,80000
046813,聯電凱基96購01  ,0,0,0,0,0,0,0,0,0,80000,0,0,0,82000,2000,80000,80000
04293P,滬深2X元大96售02,0,0,0,0,0,0,0,0,0,80000,0,0,0,80000,0,80000,80000
05169P,玉晶光元大95售03,0,0,0,0,0,0,0,0,0,80000,0,0,0,80000,0,80000,80000
051780,矽力群益95購01  ,0,0,0,0,0,0,0,0,0,80000,0,0,0,80000,0,80000,80000
00636,國泰中國A50     ,14000,161000,-147000,0,0,0,0,0,0,227000,10000,0,10000,250000,33000,217000,80000
08637P,台灣50中信96售03,0,0,0,0,0,0,0,0,0,80000,0,0,0,80000,0,80000,80000
057835,華擎元富9B購01  ,0,0,0,0,0,0,0,0,0,79000,0,0,0,690000,611000,79000,79000
059364,昇陽半永豐99購02,0,0,0,0,0,0,0,0,0,79000,0,0,0,134000,55000,79000,79000
055391,光罩統一97購02  ,0,0,0,0,0,0,0,0,0,78000,0,0,0,78000,0,78000,78000
0056,元大高股息      ,121000,122000,-1000,0,0,0,215000,0,215000,-136000,380000,100000,280000,2828000,3244000,-416000,78000
07366P,國巨康和99售02  ,0,0,0,0,0,0,0,0,0,78000,0,0,0,741000,663000,78000,78000
051266,國巨富邦99購01  ,0,0,0,0,0,0,0,0,0,77000,0,0,0,77000,0,77000,77000
1417,嘉裕            ,107000,30000,77000,0,0,0,0,0,0,0,0,0,0,0,0,0,77000
5269,祥碩            ,181114,110313,70801,0,0,0,10000,0,10000,-4000,7000,11000,-4000,0,0,0,76801
056292,統一元大97購01  ,0,0,0,0,0,0,0,0,0,76000,0,0,0,84000,8000,76000,76000
053660,群創凱基98購08  ,0,0,0,0,0,0,0,0,0,76000,0,0,0,76000,0,76000,76000
2301,光寶科          ,6737162,6690740,46422,0,0,0,6000,0,6000,23000,31000,50000,-19000,43000,1000,42000,75422
056757,T50反1元大98購07,0,0,0,0,0,0,0,0,0,75000,0,0,0,165000,90000,75000,75000
058891,元油2X元大9C購07,0,0,0,0,0,0,0,0,0,75000,0,0,0,75000,0,75000,75000
058485,智邦國票9A購01  ,0,0,0,0,0,0,0,0,0,75000,0,0,0,75000,0,75000,75000
057157,群創富邦98購02  ,0,0,0,0,0,0,0,0,0,75000,0,0,0,75000,0,75000,75000
055489,瑞昱元大97購02  ,0,0,0,0,0,0,0,0,0,75000,0,0,0,75000,0,75000,75000
059206,元石油元大99購02,0,0,0,0,0,0,0,0,0,75000,0,0,0,75000,0,75000,75000
054961,玉晶光元大99購01,0,0,0,0,0,0,0,0,0,75000,0,0,0,75000,0,75000,75000
0061,元大寶滬深      ,5000,5000,0,0,0,0,0,0,0,75000,10000,0,10000,73000,8000,65000,75000
04638P,臺股指群益94售13,0,0,0,0,0,0,0,0,0,75000,0,0,0,75000,0,75000,75000
057516,和鑫元富98購01  ,0,0,0,0,0,0,0,0,0,74000,0,0,0,74000,0,74000,74000
053834,卜蜂永豐96購01  ,0,0,0,0,0,0,0,0,0,74000,0,0,0,74000,0,74000,74000
054169,上緯控凱基98購01,0,0,0,0,0,0,0,0,0,74000,0,0,0,95000,21000,74000,74000
6451,訊芯-KY         ,457000,382000,75000,0,0,0,0,0,0,-1000,2000,8000,-6000,6000,1000,5000,74000
058721,立積元富9C購01  ,0,0,0,0,0,0,0,0,0,73000,0,0,0,327000,254000,73000,73000
05253P,智邦凱基95售08  ,0,0,0,0,0,0,0,0,0,73000,0,0,0,73000,0,73000,73000
054306,聯發科凱基96購23,0,0,0,0,0,0,0,0,0,73000,0,0,0,73000,0,73000,73000
2399,映泰            ,138000,58000,80000,0,0,0,0,0,0,-7000,0,7000,-7000,0,0,0,73000
2614,東森            ,267000,181000,86000,0,0,0,0,0,0,-13000,0,13000,-13000,0,0,0,73000
08447P,緯穎永豐9C售02  ,0,0,0,0,0,0,0,0,0,73000,0,0,0,73000,0,73000,73000
059436,大立光元大99購18,0,0,0,0,0,0,0,0,0,72000,0,0,0,72000,0,72000,72000
06731P,聯茂元大98售05  ,0,0,0,0,0,0,0,0,0,72000,0,0,0,83000,11000,72000,72000
059633,聯發科凱基9A購07,0,0,0,0,0,0,0,0,0,72000,0,0,0,110000,38000,72000,72000
056175,可成元富97購03  ,0,0,0,0,0,0,0,0,0,72000,0,0,0,170000,98000,72000,72000
059675,大立光元富99購08,0,0,0,0,0,0,0,0,0,72000,0,0,0,99000,27000,72000,72000
1809,中釉            ,121000,49000,72000,0,0,0,0,0,0,0,0,0,0,0,0,0,72000
07282P,聯發科凱基99售17,0,0,0,0,0,0,0,0,0,72000,0,0,0,84000,12000,72000,72000
056103,聯發科永豐97購03,0,0,0,0,0,0,0,0,0,71000,0,0,0,71000,0,71000,71000
056338,聯發科凱基99購01,0,0,0,0,0,0,0,0,0,71000,0,0,0,71000,0,71000,71000
05947P,大成鋼元大96售03,0,0,0,0,0,0,0,0,0,71000,0,0,0,85000,14000,71000,71000
050626,A50正2中信96購02,0,0,0,0,0,0,0,0,0,71000,0,0,0,71000,0,71000,71000
057453,矽創元富98購01  ,0,0,0,0,0,0,0,0,0,70000,0,0,0,70000,0,70000,70000
058070,華新科凱基98購07,0,0,0,0,0,0,0,0,0,70000,0,0,0,80000,10000,70000,70000
05063P,聯電元大96售03  ,0,0,0,0,0,0,0,0,0,70000,0,0,0,80000,10000,70000,70000
055127,台虹兆豐97購01  ,0,0,0,0,0,0,0,0,0,70000,0,0,0,90000,20000,70000,70000
051450,世芯元大95購02  ,0,0,0,0,0,0,0,0,0,70000,0,0,0,70000,0,70000,70000
054511,香港反元大98購01,0,0,0,0,0,0,0,0,0,70000,0,0,0,70000,0,70000,70000
052511,聯發科凱基95購14,0,0,0,0,0,0,0,0,0,70000,0,0,0,89000,19000,70000,70000
055735,宏達電元富98購01,0,0,0,0,0,0,0,0,0,70000,0,0,0,70000,0,70000,70000
055701,亞德客富邦99購01,0,0,0,0,0,0,0,0,0,70000,0,0,0,70000,0,70000,70000
053985,矽創元大96購02  ,0,0,0,0,0,0,0,0,0,70000,0,0,0,70000,0,70000,70000
055373,聯詠元大97購03  ,0,0,0,0,0,0,0,0,0,70000,0,0,0,70000,0,70000,70000
08966P,臺指反元大04售07,0,0,0,0,0,0,0,0,0,70000,0,0,0,70000,0,70000,70000
1231,聯華食          ,102000,32000,70000,0,0,0,0,0,0,0,0,0,0,0,0,0,70000
2851,中再保          ,151000,81000,70000,0,0,0,0,0,0,0,0,0,0,0,0,0,70000
06025P,臺股指元大99售02,0,0,0,0,0,0,0,0,0,69000,0,0,0,441000,372000,69000,69000
056923,奇力新兆豐99購02,0,0,0,0,0,0,0,0,0,69000,0,0,0,69000,0,69000,69000
055966,茂林元大99購01  ,0,0,0,0,0,0,0,0,0,69000,0,0,0,69000,0,69000,69000
053754,英業達元富96購02,0,0,0,0,0,0,0,0,0,69000,0,0,0,313000,244000,69000,69000
053966,旺宏元大96購08  ,0,0,0,0,0,0,0,0,0,69000,0,0,0,69000,0,69000,69000
04383P,泰鼎國泰95售01  ,0,0,0,0,0,0,0,0,0,69000,0,0,0,69000,0,69000,69000
00731,FH富時高息低波  ,0,0,0,0,0,0,0,0,0,69000,0,0,0,441000,372000,69000,69000
054944,精元元大97購01  ,0,0,0,0,0,0,0,0,0,69000,0,0,0,69000,0,69000,69000
6139,亞翔            ,147000,79000,68000,0,0,0,0,0,0,1000,1000,0,1000,0,0,0,69000
6672,騰輝電子-KY     ,85000,16000,69000,0,0,0,0,0,0,0,0,0,0,0,0,0,69000
6591,動力-KY         ,117000,48000,69000,0,0,0,0,0,0,0,0,0,0,0,0,0,69000
3008,大立光          ,434344,365102,69242,0,0,0,0,8000,-8000,7000,6000,0,6000,1000,0,1000,68242
058973,麗豐永豐99購01  ,0,0,0,0,0,0,0,0,0,68000,0,0,0,68000,0,68000,68000
059504,台灣50永豐99購08,0,0,0,0,0,0,0,0,0,68000,0,0,0,68000,0,68000,68000
056958,喬山永豐98購01  ,0,0,0,0,0,0,0,0,0,68000,0,0,0,68000,0,68000,68000
056998,麗豐康和98購01  ,0,0,0,0,0,0,0,0,0,68000,0,0,0,68000,0,68000,68000
057203,麗豐元富98購02  ,0,0,0,0,0,0,0,0,0,68000,0,0,0,118000,50000,68000,68000
054930,群電凱基98購01  ,0,0,0,0,0,0,0,0,0,68000,0,0,0,72000,4000,68000,68000
053374,台達電元大96購03,0,0,0,0,0,0,0,0,0,68000,0,0,0,68000,0,68000,68000
054899,南港康和97購01  ,0,0,0,0,0,0,0,0,0,68000,0,0,0,68000,0,68000,68000
059199,欣興永豐99購02  ,0,0,0,0,0,0,0,0,0,68000,0,0,0,68000,0,68000,68000
059095,訊芯元大99購01  ,0,0,0,0,0,0,0,0,0,68000,0,0,0,80000,12000,68000,68000
2388,威盛            ,147000,79000,68000,0,0,0,0,0,0,0,0,0,0,0,0,0,68000
07211P,南亞科凱基99售05,0,0,0,0,0,0,0,0,0,68000,0,0,0,68000,0,68000,68000
058014,上銀凱基99購02  ,0,0,0,0,0,0,0,0,0,67000,0,0,0,68000,1000,67000,67000
07246P,旺宏凱基99售08  ,0,0,0,0,0,0,0,0,0,67000,0,0,0,225000,158000,67000,67000
1537,廣隆            ,132000,68000,64000,0,0,0,0,0,0,3000,3000,0,3000,0,0,0,67000
2606,裕民            ,419000,353000,66000,0,0,0,1000,0,1000,0,0,0,0,0,0,0,67000
6525,捷敏-KY         ,84000,67000,17000,0,0,0,50000,0,50000,0,0,0,0,0,0,0,67000
057055,立積元大99購01  ,0,0,0,0,0,0,0,0,0,66000,0,0,0,500000,434000,66000,66000
059308,T50反1元大99購07,0,0,0,0,0,0,0,0,0,66000,0,0,0,446000,380000,66000,66000
054720,禾伸堂永豐97購01,0,0,0,0,0,0,0,0,0,66000,0,0,0,66000,0,66000,66000
059170,康控凱基9B購01  ,0,0,0,0,0,0,0,0,0,66000,0,0,0,91000,25000,66000,66000
047885,元金2X富邦99購01,0,0,0,0,0,0,0,0,0,66000,0,0,0,66000,0,66000,66000
3645,達邁            ,106000,40000,66000,0,0,0,0,0,0,0,0,0,0,0,0,0,66000
3605,宏致            ,124000,58000,66000,0,0,0,0,0,0,0,1000,1000,0,0,0,0,66000
4133,亞諾法          ,302000,236000,66000,0,0,0,0,0,0,0,0,0,0,0,0,0,66000
4108,懷特            ,71000,5000,66000,0,0,0,0,0,0,0,0,0,0,0,0,0,66000
1732,毛寶            ,292000,230000,62000,0,0,0,0,0,0,4000,4000,0,4000,0,0,0,66000
1711,永光            ,124000,60000,64000,0,0,0,0,0,0,2000,2000,0,2000,0,0,0,66000
056921,京元電兆豐98購01,0,0,0,0,0,0,0,0,0,65000,0,0,0,222000,157000,65000,65000
06594P,立積元大98售01  ,0,0,0,0,0,0,0,0,0,65000,0,0,0,108000,43000,65000,65000
058646,聯茂富邦9A購01  ,0,0,0,0,0,0,0,0,0,65000,0,0,0,65000,0,65000,65000
047395,聯茂元大94購01  ,0,0,0,0,0,0,0,0,0,65000,0,0,0,65000,0,65000,65000
052016,神基永豐95購01  ,0,0,0,0,0,0,0,0,0,65000,0,0,0,65000,0,65000,65000
06844P,智邦元大98售13  ,0,0,0,0,0,0,0,0,0,65000,0,0,0,78000,13000,65000,65000
057609,友訊元富98購01  ,0,0,0,0,0,0,0,0,0,64000,0,0,0,214000,150000,64000,64000
056469,國巨元大99購01  ,0,0,0,0,0,0,0,0,0,64000,0,0,0,64000,0,64000,64000
03416B,臺股指凱基95熊05,0,0,0,0,0,0,0,0,0,64000,0,0,0,105000,41000,64000,64000
052920,景碩台新96購02  ,0,0,0,0,0,0,0,0,0,64000,0,0,0,64000,0,64000,64000
052872,智易凱基96購01  ,0,0,0,0,0,0,0,0,0,64000,0,0,0,64000,0,64000,64000
1442,名軒            ,74000,10000,64000,0,0,0,0,0,0,0,0,0,0,0,0,0,64000
6191,精成科          ,302000,238000,64000,0,0,0,0,0,0,0,1000,0,1000,0,1000,-1000,64000
055968,祥碩元大97購04  ,0,0,0,0,0,0,0,0,0,63000,0,0,0,63000,0,63000,63000
06680P,智邦元大98售06  ,0,0,0,0,0,0,0,0,0,63000,0,0,0,86000,23000,63000,63000
059094,臻鼎元大99購03  ,0,0,0,0,0,0,0,0,0,63000,0,0,0,63000,0,63000,63000
054208,台積電國票97購07,0,0,0,0,0,0,0,0,0,63000,0,0,0,231000,168000,63000,63000
051827,智邦元大95購04  ,0,0,0,0,0,0,0,0,0,63000,0,0,0,63000,0,63000,63000
051807,瑞昱凱基95購03  ,0,0,0,0,0,0,0,0,0,63000,0,0,0,63000,0,63000,63000
055015,帆宣元富97購01  ,0,0,0,0,0,0,0,0,0,63000,0,0,0,63000,0,63000,63000
07238P,台灣50國票99售07,0,0,0,0,0,0,0,0,0,63000,0,0,0,69000,6000,63000,63000
06254P,臺股指群益97售07,0,0,0,0,0,0,0,0,0,62000,0,0,0,70000,8000,62000,62000
057231,美律凱基98購05  ,0,0,0,0,0,0,0,0,0,62000,0,0,0,63000,1000,62000,62000
059683,康控富邦9C購01  ,0,0,0,0,0,0,0,0,0,62000,0,0,0,169000,107000,62000,62000
056331,聯鈞國票99購01  ,0,0,0,0,0,0,0,0,0,62000,0,0,0,62000,0,62000,62000
053276,友達元大9C購01  ,0,0,0,0,0,0,0,0,0,62000,0,0,0,62000,0,62000,62000
055700,緯穎國泰98購02  ,0,0,0,0,0,0,0,0,0,62000,0,0,0,62000,0,62000,62000
054109,南亞科凱基96購05,0,0,0,0,0,0,0,0,0,62000,0,0,0,487000,425000,62000,62000
6177,達麗            ,85000,23000,62000,0,0,0,0,0,0,0,0,0,0,0,0,0,62000
056686,可成統一98購01  ,0,0,0,0,0,0,0,0,0,61000,0,0,0,61000,0,61000,61000
059807,大立光元富99購09,50000,0,50000,0,0,0,0,0,0,11000,0,0,0,131000,120000,11000,61000
059468,智邦元大99購02  ,0,0,0,0,0,0,0,0,0,61000,0,0,0,528000,467000,61000,61000
058375,群創凱基9B購04  ,0,0,0,0,0,0,0,0,0,61000,0,0,0,161000,100000,61000,61000
059070,道瓊指元大99購02,0,0,0,0,0,0,0,0,0,61000,0,0,0,63000,2000,61000,61000
059243,聯發科凱基99購12,0,0,0,0,0,0,0,0,0,61000,0,0,0,68000,7000,61000,61000
4155,訊映            ,82000,21000,61000,0,0,0,0,0,0,0,0,0,0,0,0,0,61000
2331,精英            ,216000,182000,34000,0,0,0,0,0,0,27000,19000,0,19000,8000,0,8000,61000
6414,樺漢            ,94119,48000,46119,0,0,0,0,0,0,14000,10000,7000,3000,11000,0,11000,60119
058453,可成永豐99購01  ,0,0,0,0,0,0,0,0,0,60000,0,0,0,60000,0,60000,60000
057995,華新科中信98購02,0,0,0,0,0,0,0,0,0,60000,0,0,0,60000,0,60000,60000
05742P,可成元大96售04  ,0,0,0,0,0,0,0,0,0,60000,0,0,0,60000,0,60000,60000
057415,和碩日盛98購01  ,0,0,0,0,0,0,0,0,0,60000,0,0,0,60000,0,60000,60000
06019P,緯穎凱基96售03  ,0,0,0,0,0,0,0,0,0,60000,0,0,0,60000,0,60000,60000
059337,台灣50凱基9C購05,0,0,0,0,0,0,0,0,0,60000,0,0,0,60000,0,60000,60000
056437,台積電凱基98購11,0,0,0,0,0,0,0,0,0,60000,0,0,0,60000,0,60000,60000
056742,玉晶光凱基9A購01,0,0,0,0,0,0,0,0,0,60000,0,0,0,60000,0,60000,60000
053787,健策元大97購02  ,0,0,0,0,0,0,0,0,0,60000,0,0,0,60000,0,60000,60000
054558,劍麟群益99購01  ,0,0,0,0,0,0,0,0,0,60000,0,0,0,60000,0,60000,60000
054573,漢唐元大98購01  ,0,0,0,0,0,0,0,0,0,60000,0,0,0,60000,0,60000,60000
053683,上証2X元大96購03,0,0,0,0,0,0,0,0,0,60000,0,0,0,150000,90000,60000,60000
053458,聯詠國泰97購01  ,0,0,0,0,0,0,0,0,0,60000,0,0,0,60000,0,60000,60000
05281P,南亞科元大95售03,0,0,0,0,0,0,0,0,0,60000,0,0,0,60000,0,60000,60000
052985,美律元大96購02  ,0,0,0,0,0,0,0,0,0,60000,0,0,0,60000,0,60000,60000
055508,矽力元大97購01  ,0,0,0,0,0,0,0,0,0,60000,0,0,0,60000,0,60000,60000
049630,臺股指群益94購03,0,0,0,0,0,0,0,0,0,60000,0,0,0,80000,20000,60000,60000
054756,世紀鋼凱基99購01,0,0,0,0,0,0,0,0,0,60000,0,0,0,60000,0,60000,60000
049463,華新科富邦97購01,0,0,0,0,0,0,0,0,0,60000,0,0,0,60000,0,60000,60000
051673,玉晶光元大96購04,0,0,0,0,0,0,0,0,0,60000,0,0,0,60000,0,60000,60000
04316P,華新科國票94售05,0,0,0,0,0,0,0,0,0,60000,0,0,0,60000,0,60000,60000
045817,滬深2X凱基95購02,0,0,0,0,0,0,0,0,0,60000,0,0,0,60000,0,60000,60000
4426,利勤            ,176000,116000,60000,0,0,0,0,0,0,0,0,0,0,0,0,0,60000
4104,佳醫            ,71000,11000,60000,0,0,0,0,0,0,0,0,0,0,0,0,0,60000
07118P,台積電凱基99售09,0,0,0,0,0,0,0,0,0,60000,0,0,0,67000,7000,60000,60000
1737,臺鹽            ,92000,32000,60000,0,0,0,0,0,0,0,0,0,0,0,0,0,60000
056230,可成凱基98購03  ,0,0,0,0,0,0,0,0,0,59000,0,0,0,73000,14000,59000,59000
059847,喬山永豐99購01  ,0,0,0,0,0,0,0,0,0,59000,0,0,0,59000,0,59000,59000
059579,聯發科元富99購06,0,0,0,0,0,0,0,0,0,59000,0,0,0,99000,40000,59000,59000
06728P,全新元大98售03  ,0,0,0,0,0,0,0,0,0,59000,0,0,0,89000,30000,59000,59000
053687,智邦元大96購02  ,0,0,0,0,0,0,0,0,0,59000,0,0,0,59000,0,59000,59000
054082,楠梓電元富96購01,0,0,0,0,0,0,0,0,0,59000,0,0,0,59000,0,59000,59000
059392,臺股指凱基99購38,0,0,0,0,0,0,0,0,0,59000,0,0,0,61000,2000,59000,59000
3048,益登            ,196000,130000,66000,0,0,0,0,0,0,-7000,0,7000,-7000,0,0,0,59000
2204,中華            ,404000,345000,59000,0,0,0,0,0,0,0,0,0,0,0,0,0,59000
058836,FBVIX中信03購05 ,0,0,0,0,0,0,0,0,0,58000,0,0,0,61000,3000,58000,58000
048431,瑞昱國票94購01  ,0,0,0,0,0,0,0,0,0,58000,0,0,0,190000,132000,58000,58000
6197,佳必琪          ,165000,107000,58000,0,0,0,0,0,0,0,0,0,0,0,0,0,58000
058879,智邦富邦99購01  ,0,0,0,0,0,0,0,0,0,57000,0,0,0,57000,0,57000,57000
059706,嘉晶凱基99購01  ,0,0,0,0,0,0,0,0,0,57000,0,0,0,98000,41000,57000,57000
059852,康控永豐99購02  ,0,0,0,0,0,0,0,0,0,57000,0,0,0,63000,6000,57000,57000
056153,華新科凱基97購02,0,0,0,0,0,0,0,0,0,57000,0,0,0,57000,0,57000,57000
058295,欣興凱基99購02  ,0,0,0,0,0,0,0,0,0,57000,0,0,0,68000,11000,57000,57000
060031,旭富永豐99購02  ,0,0,0,0,0,0,0,0,0,57000,0,0,0,148000,91000,57000,57000
048346,智易元大95購01  ,0,0,0,0,0,0,0,0,0,57000,0,0,0,57000,0,57000,57000
049759,元黃金富邦9A購01,0,0,0,0,0,0,0,0,0,57000,0,0,0,57000,0,57000,57000
059258,台灣50群益99購01,0,0,0,0,0,0,0,0,0,57000,0,0,0,57000,0,57000,57000
053915,光罩國票96購02  ,0,0,0,0,0,0,0,0,0,57000,0,0,0,202000,145000,57000,57000
052775,滬深2X國票99購02,0,0,0,0,0,0,0,0,0,57000,0,0,0,62000,5000,57000,57000
4956,光鋐            ,68000,11000,57000,0,0,0,0,0,0,0,0,0,0,0,0,0,57000
07295P,滬深2X元富9C售09,0,0,0,0,0,0,0,0,0,57000,0,0,0,70000,13000,57000,57000
8011,台通            ,75000,19000,56000,0,0,0,0,0,0,1000,1000,0,1000,0,0,0,57000
058229,為升元大99購02  ,0,0,0,0,0,0,0,0,0,56000,0,0,0,56000,0,56000,56000
056341,宏達電凱基9A購01,0,0,0,0,0,0,0,0,0,56000,0,0,0,56000,0,56000,56000
059620,聯發科日盛99購02,0,0,0,0,0,0,0,0,0,56000,0,0,0,56000,0,56000,56000
057742,喬山永豐98購02  ,0,0,0,0,0,0,0,0,0,56000,0,0,0,76000,20000,56000,56000
052125,群創國票95購02  ,0,0,0,0,0,0,0,0,0,56000,0,0,0,56000,0,56000,56000
054477,聯發科中信9C購02,0,0,0,0,0,0,0,0,0,56000,0,0,0,56000,0,56000,56000
07218P,臺股指凱基99售31,0,0,0,0,0,0,0,0,0,56000,0,0,0,106000,50000,56000,56000
3356,奇偶            ,73000,17000,56000,0,0,0,0,0,0,0,0,0,0,0,0,0,56000
059567,台積電凱基9A購12,0,0,0,0,0,0,0,0,0,55000,0,0,0,118000,63000,55000,55000
057601,中磊群益98購01  ,0,0,0,0,0,0,0,0,0,55000,0,0,0,55000,0,55000,55000
054738,聯發科凱基97購01,0,0,0,0,0,0,0,0,0,55000,0,0,0,60000,5000,55000,55000
055104,台達電凱基98購01,0,0,0,0,0,0,0,0,0,55000,0,0,0,57000,2000,55000,55000
048187,臺指反元大96購04,0,0,0,0,0,0,0,0,0,55000,0,0,0,55000,0,55000,55000
6533,晶心科          ,96000,41000,55000,0,0,0,0,0,0,0,0,0,0,0,0,0,55000
057465,智易永豐98購02  ,0,0,0,0,0,0,0,0,0,54000,0,0,0,54000,0,54000,54000
056994,緯穎兆豐98購02  ,0,0,0,0,0,0,0,0,0,54000,0,0,0,54000,0,54000,54000
054563,泰碩群益99購01  ,0,0,0,0,0,0,0,0,0,54000,0,0,0,54000,0,54000,54000
053934,A50正2元富96購02,0,0,0,0,0,0,0,0,0,54000,0,0,0,60000,6000,54000,54000
052279,旺宏凱基95購07  ,0,0,0,0,0,0,0,0,0,54000,0,0,0,59000,5000,54000,54000
053073,技嘉康和96購01  ,230000,0,230000,0,0,0,0,0,0,-176000,0,0,0,350000,526000,-176000,54000
2850,新產            ,111000,157000,-46000,0,0,0,0,0,0,100000,100000,0,100000,0,0,0,54000
057054,立積元大98購03  ,0,0,0,0,0,0,0,0,0,53000,0,0,0,246000,193000,53000,53000
06617P,智邦元大98售03  ,0,0,0,0,0,0,0,0,0,53000,0,0,0,58000,5000,53000,53000
057671,群創元大9B購06  ,0,0,0,0,0,0,0,0,0,53000,0,0,0,53000,0,53000,53000
056093,大毅元富97購01  ,0,0,0,0,0,0,0,0,0,53000,0,0,0,98000,45000,53000,53000
055675,亞德客凱基97購02,0,0,0,0,0,0,0,0,0,53000,0,0,0,53000,0,53000,53000
059063,康控凱基99購04  ,0,0,0,0,0,0,0,0,0,53000,0,0,0,85000,32000,53000,53000
04771P,友達元大96售02  ,0,0,0,0,0,0,0,0,0,53000,0,0,0,53000,0,53000,53000
2472,立隆電          ,95000,43000,52000,0,0,0,0,0,0,1000,5000,4000,1000,0,0,0,53000
06843P,鴻海元大98售11  ,0,0,0,0,0,0,0,0,0,53000,0,0,0,53000,0,53000,53000
059341,台積電凱基99購15,0,0,0,0,0,0,0,0,0,52000,0,0,0,52000,0,52000,52000
057062,立積國泰99購01  ,0,0,0,0,0,0,0,0,0,52000,0,0,0,52000,0,52000,52000
058026,上銀富邦9A購01  ,0,0,0,0,0,0,0,0,0,52000,0,0,0,52000,0,52000,52000
055273,華泰元大97購01  ,0,0,0,0,0,0,0,0,0,52000,0,0,0,52000,0,52000,52000
050831,超眾凱基95購01  ,0,0,0,0,0,0,0,0,0,52000,0,0,0,52000,0,52000,52000
059369,滬深2X元富9C購01,0,0,0,0,0,0,0,0,0,52000,0,0,0,110000,58000,52000,52000
059197,可成永豐99購02  ,0,0,0,0,0,0,0,0,0,52000,0,0,0,56000,4000,52000,52000
6415,矽力-KY         ,361957,313153,48804,0,0,0,0,0,0,3000,1000,0,1000,3000,1000,2000,51804
057239,貿聯凱基98購05  ,0,0,0,0,0,0,0,0,0,51000,0,0,0,51000,0,51000,51000
059384,上証2X凱基9B購01,0,0,0,0,0,0,0,0,0,51000,0,0,0,51000,0,51000,51000
00713,元大台灣高息低波,24000,3000,21000,0,0,0,0,0,0,30000,0,0,0,71000,41000,30000,51000
2852,第一保          ,75000,24000,51000,0,0,0,0,0,0,0,0,0,0,0,0,0,51000
2108,南帝            ,295000,445000,-150000,0,0,0,0,0,0,201000,201000,0,201000,0,0,0,51000
06850P,聯茂元大98售06  ,0,0,0,0,0,0,0,0,0,51000,0,0,0,53000,2000,51000,51000
057272,台積電元大98購14,0,0,0,0,0,0,0,0,0,50000,0,0,0,50000,0,50000,50000
057278,可成元大98購06  ,0,0,0,0,0,0,0,0,0,50000,0,0,0,93000,43000,50000,50000
058522,聯茂元大99購07  ,0,0,0,0,0,0,0,0,0,50000,0,0,0,50000,0,50000,50000
058644,元黃金富邦03購01,0,0,0,0,0,0,0,0,0,50000,0,0,0,50000,0,50000,50000
058242,玉晶光元大9A購01,0,0,0,0,0,0,0,0,0,50000,0,0,0,59000,9000,50000,50000
056961,凱美永豐98購01  ,0,0,0,0,0,0,0,0,0,50000,0,0,0,50000,0,50000,50000
056811,健策統一9B購01  ,0,0,0,0,0,0,0,0,0,50000,0,0,0,50000,0,50000,50000
06683P,訊芯元大98售07  ,0,0,0,0,0,0,0,0,0,50000,0,0,0,51000,1000,50000,50000
056229,可成凱基97購04  ,0,0,0,0,0,0,0,0,0,50000,0,0,0,50000,0,50000,50000
056337,聯發科凱基98購06,0,0,0,0,0,0,0,0,0,50000,0,0,0,50000,0,50000,50000
056380,麗豐元富98購01  ,0,0,0,0,0,0,0,0,0,50000,0,0,0,100000,50000,50000,50000
055906,大立光兆豐97購03,0,0,0,0,0,0,0,0,0,50000,0,0,0,50000,0,50000,50000
048153,台積電兆豐94購01,0,0,0,0,0,0,0,0,0,50000,0,0,0,60000,10000,50000,50000
047376,南電國票94購01  ,0,0,0,0,0,0,0,0,0,50000,0,0,0,50000,0,50000,50000
044364,超眾中信94購01  ,0,0,0,0,0,0,0,0,0,50000,0,0,0,50000,0,50000,50000
051370,聯詠富邦97購01  ,0,0,0,0,0,0,0,0,0,50000,0,0,0,50000,0,50000,50000
046717,世紀鋼國泰94購01,0,0,0,0,0,0,0,0,0,50000,0,0,0,50000,0,50000,50000
03428B,臺股指凱基97熊18,0,0,0,0,0,0,0,0,0,50000,0,0,0,60000,10000,50000,50000
052006,康友富邦98購01  ,0,0,0,0,0,0,0,0,0,50000,0,0,0,50000,0,50000,50000
050486,可成元富94購05  ,0,0,0,0,0,0,0,0,0,50000,0,0,0,50000,0,50000,50000
050233,香港2X凱基96購01,0,0,0,0,0,0,0,0,0,50000,0,0,0,50000,0,50000,50000
055282,聯發科元大97購15,0,0,0,0,0,0,0,0,0,50000,0,0,0,50000,0,50000,50000
055071,群電永豐97購01  ,0,0,0,0,0,0,0,0,0,50000,0,0,0,50000,0,50000,50000
049681,旺宏統一94購04  ,0,0,0,0,0,0,0,0,0,50000,0,0,0,50000,0,50000,50000
053300,大成鋼凱基96購02,0,0,0,0,0,0,0,0,0,50000,0,0,0,50000,0,50000,50000
055668,欣興群益97購01  ,0,0,0,0,0,0,0,0,0,50000,0,0,0,50000,0,50000,50000
053969,瑞昱元大97購01  ,0,0,0,0,0,0,0,0,0,50000,0,0,0,50000,0,50000,50000
053958,京元電永豐96購01,0,0,0,0,0,0,0,0,0,50000,0,0,0,50000,0,50000,50000
052383,臺股指元大95購29,0,0,0,0,0,0,0,0,0,50000,0,0,0,50000,0,50000,50000
05443P,宏達電元大95售05,0,0,0,0,0,0,0,0,0,50000,0,0,0,76000,26000,50000,50000
054268,健策第一96購01  ,0,0,0,0,0,0,0,0,0,50000,0,0,0,50000,0,50000,50000
052232,貿聯凱基96購02  ,0,0,0,0,0,0,0,0,0,50000,0,0,0,50000,0,50000,50000
052221,東元凱基95購01  ,0,0,0,0,0,0,0,0,0,50000,0,0,0,50000,0,50000,50000
055300,緯穎元大98購01  ,0,0,0,0,0,0,0,0,0,50000,0,0,0,50000,0,50000,50000
055394,健策統一97購01  ,0,0,0,0,0,0,0,0,0,50000,0,0,0,50000,0,50000,50000
053422,可成永豐96購01  ,0,0,0,0,0,0,0,0,0,50000,0,0,0,50000,0,50000,50000
07158P,FBVIX國泰9C售01 ,0,0,0,0,0,0,0,0,0,50000,0,0,0,60000,10000,50000,50000
2477,美隆電          ,62000,12000,50000,0,0,0,0,0,0,0,0,0,0,0,0,0,50000
059845,欣興富邦9A購02  ,0,0,0,0,0,0,0,0,0,49000,0,0,0,78000,29000,49000,49000
057843,晶技永豐98購02  ,0,0,0,0,0,0,0,0,0,49000,0,0,0,62000,13000,49000,49000
06593P,欣興元大98售05  ,0,0,0,0,0,0,0,0,0,49000,0,0,0,49000,0,49000,49000
054014,宏達電永豐96購04,0,0,0,0,0,0,0,0,0,49000,0,0,0,49000,0,49000,49000
051028,台光電元富95購02,0,0,0,0,0,0,0,0,0,49000,0,0,0,49000,0,49000,49000
05164P,南亞科元富95售04,0,0,0,0,0,0,0,0,0,49000,0,0,0,49000,0,49000,49000
2417,圓剛            ,494000,445000,49000,0,0,0,0,0,0,0,0,0,0,0,0,0,49000
3052,夆典            ,116000,67000,49000,0,0,0,0,0,0,0,0,0,0,0,0,0,49000
1316,上曜            ,96000,47000,49000,0,0,0,0,0,0,0,0,0,0,0,0,0,49000
058708,臺股指元大9A購21,0,0,0,0,0,0,0,0,0,48000,0,0,0,48000,0,48000,48000
058659,力成中信99購01  ,0,0,0,0,0,0,0,0,0,48000,0,0,0,48000,0,48000,48000
056446,聯發科凱基98購08,0,0,0,0,0,0,0,0,0,48000,0,0,0,48000,0,48000,48000
059939,技嘉永豐99購01  ,0,0,0,0,0,0,0,0,0,48000,0,0,0,73000,25000,48000,48000
056170,鴻海元富97購09  ,0,0,0,0,0,0,0,0,0,48000,0,0,0,98000,50000,48000,48000
03016P,滬深2X群益01售09,0,0,0,0,0,0,0,0,0,48000,0,0,0,48000,0,48000,48000
04616P,臺股指群益95售02,0,0,0,0,0,0,0,0,0,48000,0,0,0,50000,2000,48000,48000
050101,台積電永昌96購03,0,0,0,0,0,0,0,0,0,48000,0,0,0,48000,0,48000,48000
054923,晶技凱基98購01  ,0,0,0,0,0,0,0,0,0,48000,0,0,0,64000,16000,48000,48000
059032,元石油群益9C購03,0,0,0,0,0,0,0,0,0,48000,0,0,0,48000,0,48000,48000
1604,聲寶            ,193000,146000,47000,0,0,0,0,0,0,1000,1000,0,1000,0,0,0,48000
3062,建漢            ,174000,122000,52000,0,0,0,0,0,0,-4000,1000,5000,-4000,0,0,0,48000
8131,福懋科          ,280000,243000,37000,0,0,0,1000,0,1000,10000,1000,0,1000,9000,0,9000,48000
9944,新麗            ,261000,215000,46000,0,0,0,0,0,0,2000,2000,0,2000,0,0,0,48000
9945,潤泰新          ,2284742,2191832,92910,0,0,0,0,0,0,-45000,3000,8000,-5000,10000,50000,-40000,47910
056138,群創元大9B購01  ,0,0,0,0,0,0,0,0,0,47000,0,0,0,142000,95000,47000,47000
058970,鴻海永豐99購02  ,0,0,0,0,0,0,0,0,0,47000,0,0,0,58000,11000,47000,47000
058558,鴻海日盛9A購02  ,0,0,0,0,0,0,0,0,0,47000,0,0,0,397000,350000,47000,47000
058037,台灣50元大9B購02,15000,0,15000,0,0,0,0,0,0,32000,0,0,0,32000,0,32000,47000
9103,美德醫療-DR     ,61000,14000,47000,0,0,0,0,0,0,0,0,0,0,0,0,0,47000
4989,榮科            ,61000,14000,47000,0,0,0,0,0,0,0,0,0,0,0,0,0,47000
2414,精技            ,68000,21000,47000,0,0,0,0,0,0,0,0,0,0,0,0,0,47000
1526,日馳            ,67000,20000,47000,0,0,0,0,0,0,0,0,0,0,0,0,0,47000
059055,旺宏凱基9B購02  ,0,0,0,0,0,0,0,0,0,46000,0,0,0,68000,22000,46000,46000
05573P,仁寶元富96售02  ,0,0,0,0,0,0,0,0,0,46000,0,0,0,50000,4000,46000,46000
054917,聯發科凱基98購05,0,0,0,0,0,0,0,0,0,46000,0,0,0,56000,10000,46000,46000
04973P,台積電凱基94售41,0,0,0,0,0,0,0,0,0,46000,0,0,0,46000,0,46000,46000
05527P,聯茂群益96售01  ,0,0,0,0,0,0,0,0,0,46000,0,0,0,62000,16000,46000,46000
050690,台達電凱基96購01,0,0,0,0,0,0,0,0,0,46000,0,0,0,61000,15000,46000,46000
3712,永崴投控        ,64000,17000,47000,0,0,0,0,0,0,-1000,0,1000,-1000,0,0,0,46000
3617,碩天            ,88000,42000,46000,0,0,0,0,0,0,0,0,0,0,0,0,0,46000
6715,嘉基            ,68000,22000,46000,0,0,0,0,0,0,0,0,0,0,0,0,0,46000
058055,華擎統一9A購01  ,0,0,0,0,0,0,0,0,0,45000,0,0,0,47000,2000,45000,45000
056854,友達中信9A購01  ,45000,0,45000,0,0,0,0,0,0,0,0,0,0,0,0,0,45000
056453,禾伸堂凱基99購02,0,0,0,0,0,0,0,0,0,45000,0,0,0,45000,0,45000,45000
056727,滬深反凱基9B購01,0,0,0,0,0,0,0,0,0,45000,0,0,0,45000,0,45000,45000
054965,健策元大98購04  ,0,0,0,0,0,0,0,0,0,45000,0,0,0,45000,0,45000,45000
055159,玉晶光元大98購05,0,0,0,0,0,0,0,0,0,45000,0,0,0,45000,0,45000,45000
04294P,台積電元大95售01,0,0,0,0,0,0,0,0,0,45000,0,0,0,45000,0,45000,45000
052396,台積電凱基97購01,0,0,0,0,0,0,0,0,0,45000,0,0,0,45000,0,45000,45000
054455,楠梓電群益98購02,0,0,0,0,0,0,0,0,0,45000,0,0,0,45000,0,45000,45000
059370,玉晶光元富99購02,0,0,0,0,0,0,0,0,0,45000,0,0,0,496000,451000,45000,45000
053481,同欣電元大97購01,0,0,0,0,0,0,0,0,0,45000,0,0,0,45000,0,45000,45000
3013,晟銘電          ,49000,4000,45000,0,0,0,0,0,0,0,0,0,0,0,0,0,45000
6226,光鼎            ,100000,38000,62000,0,0,0,0,0,0,-17000,0,17000,-17000,0,0,0,45000
2362,藍天            ,272000,225000,47000,0,0,0,0,0,0,-2000,1000,3000,-2000,0,0,0,45000
05855P,滬深2X中信9C售01,0,0,0,0,0,0,0,0,0,44000,0,0,0,44000,0,44000,44000
057121,立積康和98購01  ,0,0,0,0,0,0,0,0,0,44000,0,0,0,46000,2000,44000,44000
055386,致新元大97購02  ,0,0,0,0,0,0,0,0,0,44000,0,0,0,44000,0,44000,44000
055667,致茂群益98購01  ,0,0,0,0,0,0,0,0,0,44000,0,0,0,44000,0,44000,44000
00681R,元大美債20反1   ,0,0,0,0,0,0,0,0,0,44000,0,0,0,52000,8000,44000,44000
2374,佳能            ,44000,6000,38000,0,0,0,0,0,0,6000,6000,0,6000,0,0,0,44000
4961,天鈺            ,120000,76000,44000,0,0,0,0,0,0,0,0,0,0,0,0,0,44000
06897P,FBVIX群益01售01 ,0,0,0,0,0,0,0,0,0,44000,0,0,0,44000,0,44000,44000
2489,瑞軒            ,451000,399067,51933,0,0,0,0,0,0,-8000,0,8000,-8000,0,0,0,43933
057287,彩晶元大9C購03  ,0,0,0,0,0,0,0,0,0,43000,0,0,0,161000,118000,43000,43000
057961,茂林元大9A購01  ,0,0,0,0,0,0,0,0,0,43000,0,0,0,43000,0,43000,43000
055275,台積電元大97購19,0,0,0,0,0,0,0,0,0,43000,0,0,0,43000,0,43000,43000
051907,台積電元大97購05,0,0,0,0,0,0,0,0,0,43000,0,0,0,44000,1000,43000,43000
053719,可成凱基96購08  ,0,0,0,0,0,0,0,0,0,43000,0,0,0,44000,1000,43000,43000
057436,義隆國票99購02  ,0,0,0,0,0,0,0,0,0,42000,0,0,0,48000,6000,42000,42000
056894,佳世達元大99購01,0,0,0,0,0,0,0,0,0,42000,0,0,0,545000,503000,42000,42000
056637,台光電日盛9A購01,0,0,0,0,0,0,0,0,0,42000,0,0,0,42000,0,42000,42000
053176,矽力群益96購02  ,0,0,0,0,0,0,0,0,0,41000,0,0,0,41000,0,41000,41000
055802,新日興永豐97購01,0,0,0,0,0,0,0,0,0,41000,0,0,0,41000,0,41000,41000
054461,台積電凱基97購09,0,0,0,0,0,0,0,0,0,41000,0,0,0,41000,0,41000,41000
050383,超眾兆豐95購01  ,0,0,0,0,0,0,0,0,0,41000,0,0,0,110000,69000,41000,41000
054928,帆宣凱基98購01  ,0,0,0,0,0,0,0,0,0,41000,0,0,0,41000,0,41000,41000
00683L,元大美元指數正2 ,0,0,0,0,0,0,0,0,0,41000,0,0,0,41000,0,41000,41000
058944,元石油群益9C購02,0,0,0,0,0,0,0,0,0,40000,0,0,0,64000,24000,40000,40000
059538,健策凱基99購03  ,0,0,0,0,0,0,0,0,0,40000,0,0,0,70000,30000,40000,40000
056507,創意永豐98購02  ,0,0,0,0,0,0,0,0,0,40000,0,0,0,64000,24000,40000,40000
057884,華邦電群益98購02,0,0,0,0,0,0,0,0,0,40000,0,0,0,40000,0,40000,40000
057885,台光電群益98購04,0,0,0,0,0,0,0,0,0,40000,0,0,0,40000,0,40000,40000
05603P,聯發科元大96售09,0,0,0,0,0,0,0,0,0,40000,0,0,0,40000,0,40000,40000
056217,A50正2中信99購02,0,0,0,0,0,0,0,0,0,40000,0,0,0,40000,0,40000,40000
059935,國巨永豐99購07  ,0,0,0,0,0,0,0,0,0,40000,0,0,0,40000,0,40000,40000
059948,正文永豐99購01  ,0,0,0,0,0,0,0,0,0,40000,0,0,0,65000,25000,40000,40000
056833,和大元富9B購01  ,0,0,0,0,0,0,0,0,0,40000,0,0,0,40000,0,40000,40000
046570,旺宏國泰94購01  ,0,0,0,0,0,0,0,0,0,40000,0,0,0,40000,0,40000,40000
047623,世紀鋼凱基94購02,0,0,0,0,0,0,0,0,0,40000,0,0,0,40000,0,40000,40000
04435P,台積電中信95售07,0,0,0,0,0,0,0,0,0,40000,0,0,0,40000,0,40000,40000
051452,貿聯元大95購04  ,0,0,0,0,0,0,0,0,0,40000,0,0,0,40000,0,40000,40000
048831,玉晶光凱基95購01,0,0,0,0,0,0,0,0,0,40000,0,0,0,40000,0,40000,40000
051578,智邦元大96購01  ,0,0,0,0,0,0,0,0,0,40000,0,0,0,40000,0,40000,40000
04838P,宏達電元大95售02,0,0,0,0,0,0,0,0,0,40000,0,0,0,40000,0,40000,40000
050018,高股息元大94購02,0,0,0,0,0,0,0,0,0,40000,0,0,0,40000,0,40000,40000
053207,SP黃豆凱基96購01,0,0,0,0,0,0,0,0,0,40000,0,0,0,50000,10000,40000,40000
055290,玉晶光元大98購08,0,0,0,0,0,0,0,0,0,40000,0,0,0,40000,0,40000,40000
050175,台光電元大94購08,0,0,0,0,0,0,0,0,0,40000,0,0,0,40000,0,40000,40000
050106,台達電元大94購11,0,0,0,0,0,0,0,0,0,40000,0,0,0,40000,0,40000,40000
049154,玉晶光元大95購02,0,0,0,0,0,0,0,0,0,40000,0,0,0,40000,0,40000,40000
050661,景碩元大94購02  ,0,0,0,0,0,0,0,0,0,40000,0,0,0,40000,0,40000,40000
05450P,臺股指元大95售27,0,0,0,0,0,0,0,0,0,40000,0,0,0,40000,0,40000,40000
054577,世芯元大98購01  ,0,0,0,0,0,0,0,0,0,40000,0,0,0,40000,0,40000,40000
054184,A50正2永豐96購01,0,0,0,0,0,0,0,0,0,40000,0,0,0,50000,10000,40000,40000
054058,晶豪科國票98購01,0,0,0,0,0,0,0,0,0,40000,0,0,0,40000,0,40000,40000
053514,麗豐群益96購01  ,0,0,0,0,0,0,0,0,0,40000,0,0,0,40000,0,40000,40000
6277,宏正            ,88000,48000,40000,0,0,0,0,0,0,0,0,0,0,0,0,0,40000
6183,關貿            ,44000,8000,36000,0,0,0,0,0,0,4000,4000,0,4000,0,0,0,40000
1321,大洋            ,81000,41000,40000,0,0,0,0,0,0,0,0,0,0,0,0,0,40000
06124P,超眾元大97售03  ,0,0,0,0,0,0,0,0,0,39000,0,0,0,39000,0,39000,39000
057376,新日興元大98購04,0,0,0,0,0,0,0,0,0,39000,0,0,0,60000,21000,39000,39000
057994,技嘉中信98購01  ,0,0,0,0,0,0,0,0,0,39000,0,0,0,59000,20000,39000,39000
053486,T50反1兆豐96購01,0,0,0,0,0,0,0,0,0,39000,0,0,0,49000,10000,39000,39000
055811,國巨國票98購05  ,0,0,0,0,0,0,0,0,0,39000,0,0,0,39000,0,39000,39000
052317,台積電元大96購11,0,0,0,0,0,0,0,0,0,39000,0,0,0,39000,0,39000,39000
059127,國巨中信99購04  ,0,0,0,0,0,0,0,0,0,39000,0,0,0,151000,112000,39000,39000
059247,可成凱基99購05  ,0,0,0,0,0,0,0,0,0,39000,0,0,0,127000,88000,39000,39000
050914,健鼎中信95購01  ,0,0,0,0,0,0,0,0,0,39000,0,0,0,39000,0,39000,39000
054898,台肥康和97購01  ,0,0,0,0,0,0,0,0,0,39000,0,0,0,39000,0,39000,39000
046384,群創凱基98購02  ,0,0,0,0,0,0,0,0,0,39000,0,0,0,149000,110000,39000,39000
4566,時碩工業        ,46000,7000,39000,0,0,0,0,0,0,0,0,0,0,0,0,0,39000
2022,聚亨            ,41000,2000,39000,0,0,0,0,0,0,0,0,0,0,0,0,0,39000
05846P,大立光元大96售07,0,0,0,0,0,0,0,0,0,38000,0,0,0,38000,0,38000,38000
058343,台積電群益99購02,0,0,0,0,0,0,0,0,0,38000,0,0,0,38000,0,38000,38000
056474,華新科元大99購05,0,0,0,0,0,0,0,0,0,38000,0,0,0,38000,0,38000,38000
059457,立積永豐99購02  ,0,0,0,0,0,0,0,0,0,38000,0,0,0,100000,62000,38000,38000
056620,華新科永豐98購02,0,0,0,0,0,0,0,0,0,38000,0,0,0,49000,11000,38000,38000
053405,台達電兆豐96購01,0,0,0,0,0,0,0,0,0,38000,0,0,0,38000,0,38000,38000
053248,智伸科國票97購01,0,0,0,0,0,0,0,0,0,38000,0,0,0,38000,0,38000,38000
055231,大毅國票98購02  ,0,0,0,0,0,0,0,0,0,38000,0,0,0,38000,0,38000,38000
059029,旺宏兆豐99購01  ,0,0,0,0,0,0,0,0,0,38000,0,0,0,38000,0,38000,38000
053489,上銀兆豐97購01  ,0,0,0,0,0,0,0,0,0,38000,0,0,0,55000,17000,38000,38000
053654,聯發科凱基98購01,0,0,0,0,0,0,0,0,0,38000,0,0,0,38000,0,38000,38000
6196,帆宣            ,236000,198000,38000,0,0,0,0,0,0,0,0,0,0,0,0,0,38000
1731,美吾華          ,100000,62000,38000,0,0,0,0,0,0,0,0,0,0,0,0,0,38000
07256P,臺股指凱基99售36,0,0,0,0,0,0,0,0,0,38000,0,0,0,213000,175000,38000,38000
07267P,臺股指元大99售23,0,0,0,0,0,0,0,0,0,38000,0,0,0,49000,11000,38000,38000
05591P,義隆群益96售03  ,0,0,0,0,0,0,0,0,0,37000,0,0,0,67000,30000,37000,37000
057883,中環群益98購01  ,0,0,0,0,0,0,0,0,0,37000,0,0,0,37000,0,37000,37000
055844,大毅元大98購01  ,0,0,0,0,0,0,0,0,0,37000,0,0,0,67000,30000,37000,37000
058727,嘉晶富邦9A購01  ,0,0,0,0,0,0,0,0,0,37000,0,0,0,37000,0,37000,37000
058233,聯發科元大99購06,0,0,0,0,0,0,0,0,0,37000,0,0,0,71000,34000,37000,37000
053928,智易國票97購03  ,0,0,0,0,0,0,0,0,0,37000,0,0,0,38000,1000,37000,37000
050099,台積電永昌96購01,0,0,0,0,0,0,0,0,0,37000,0,0,0,38000,1000,37000,37000
048509,上証反凱基99購02,0,0,0,0,0,0,0,0,0,37000,0,0,0,37000,0,37000,37000
042953,鴻海台新01購01  ,0,0,0,0,0,0,0,0,0,37000,0,0,0,51000,14000,37000,37000
07235P,T50正2元大9C售02,0,0,0,0,0,0,0,0,0,37000,0,0,0,40000,3000,37000,37000
5243,乙盛-KY         ,97000,63000,34000,0,0,0,0,0,0,3000,3000,0,3000,0,0,0,37000
3031,佰鴻            ,97000,60000,37000,0,0,0,0,0,0,0,0,0,0,0,0,0,37000
059428,國巨元大99購25  ,0,0,0,0,0,0,0,0,0,36000,0,0,0,70000,34000,36000,36000
056597,宏碁元富98購01  ,0,0,0,0,0,0,0,0,0,36000,0,0,0,36000,0,36000,36000
059485,台灣50兆豐99購02,0,0,0,0,0,0,0,0,0,36000,0,0,0,44000,8000,36000,36000
054783,國巨群益98購04  ,0,0,0,0,0,0,0,0,0,36000,0,0,0,36000,0,36000,36000
054300,華通凱基96購07  ,0,0,0,0,0,0,0,0,0,36000,0,0,0,39000,3000,36000,36000
059145,創意國票99購02  ,0,0,0,0,0,0,0,0,0,36000,0,0,0,50000,14000,36000,36000
059093,旭富元大99購01  ,0,0,0,0,0,0,0,0,0,36000,0,0,0,36000,0,36000,36000
06849P,欣興元大98售12  ,0,0,0,0,0,0,0,0,0,36000,0,0,0,36000,0,36000,36000
07084P,S&P正2元富9B售02,0,0,0,0,0,0,0,0,0,36000,0,0,0,36000,0,36000,36000
1783,和康生          ,52000,16000,36000,0,0,0,0,0,0,0,0,0,0,0,0,0,36000
07362P,聯發科元大99售35,0,0,0,0,0,0,0,0,0,36000,0,0,0,77000,41000,36000,36000
059495,台灣50元富9C購02,0,0,0,0,0,0,0,0,0,35000,0,0,0,45000,10000,35000,35000
058946,SGBR2X群益9B購01,0,0,0,0,0,0,0,0,0,35000,0,0,0,35000,0,35000,35000
057833,聯發科元富02購06,0,0,0,0,0,0,0,0,0,35000,0,0,0,35000,0,35000,35000
056707,鴻海富邦99購03  ,0,0,0,0,0,0,0,0,0,35000,0,0,0,35000,0,35000,35000
055925,上銀群益97購01  ,0,0,0,0,0,0,0,0,0,35000,0,0,0,35000,0,35000,35000
058520,智易元大99購03  ,0,0,0,0,0,0,0,0,0,35000,0,0,0,48000,13000,35000,35000
057448,致茂元富98購01  ,0,0,0,0,0,0,0,0,0,35000,0,0,0,35000,0,35000,35000
057417,國巨凱基9A購03  ,0,0,0,0,0,0,0,0,0,35000,0,0,0,35000,0,35000,35000
057106,美律群益98購03  ,0,0,0,0,0,0,0,0,0,35000,0,0,0,35000,0,35000,35000
057626,技嘉富邦9A購01  ,0,0,0,0,0,0,0,0,0,35000,0,0,0,175000,140000,35000,35000
06543P,鴻海元大98售08  ,0,0,0,0,0,0,0,0,0,35000,0,0,0,35000,0,35000,35000
059112,上銀永豐99購01  ,0,0,0,0,0,0,0,0,0,35000,0,0,0,35000,0,35000,35000
055310,聯詠群益97購02  ,0,0,0,0,0,0,0,0,0,35000,0,0,0,35000,0,35000,35000
055378,晶相光元大97購02,0,0,0,0,0,0,0,0,0,35000,0,0,0,35000,0,35000,35000
052362,瑞昱國票96購02  ,0,0,0,0,0,0,0,0,0,35000,0,0,0,50000,15000,35000,35000
05283P,健鼎元大95售04  ,0,0,0,0,0,0,0,0,0,35000,0,0,0,35000,0,35000,35000
055563,智易凱基97購02  ,0,0,0,0,0,0,0,0,0,35000,0,0,0,37000,2000,35000,35000
051484,玉晶光凱基97購01,0,0,0,0,0,0,0,0,0,35000,0,0,0,35000,0,35000,35000
051526,超眾凱基95購02  ,0,0,0,0,0,0,0,0,0,35000,0,0,0,35000,0,35000,35000
00706L,元大S&P日圓正2  ,0,0,0,0,0,0,0,0,0,35000,0,0,0,38000,3000,35000,35000
020008,元大特股高息N   ,0,0,0,0,0,0,0,0,0,35000,0,0,0,37000,2000,35000,35000
06987P,鴻海元富99售08  ,0,0,0,0,0,0,0,0,0,35000,0,0,0,35000,0,35000,35000
06898P,FBVIX群益9C售03 ,0,0,0,0,0,0,0,0,0,35000,0,0,0,35000,0,35000,35000
058733,同欣電永豐99購02,0,0,0,0,0,0,0,0,0,34000,0,0,0,131000,97000,34000,34000
059731,康控元大99購04  ,0,0,0,0,0,0,0,0,0,34000,0,0,0,49000,15000,34000,34000
057725,台達電國泰9A購01,0,0,0,0,0,0,0,0,0,34000,0,0,0,40000,6000,34000,34000
047547,友達凱基99購02  ,0,0,0,0,0,0,0,0,0,34000,0,0,0,34000,0,34000,34000
051643,瑞昱康和95購01  ,0,0,0,0,0,0,0,0,0,34000,0,0,0,158000,124000,34000,34000
4722,國精化          ,39000,3000,36000,0,0,0,0,0,0,-2000,0,2000,-2000,0,0,0,34000
8210,勤誠            ,326000,592000,-266000,0,0,0,243000,0,243000,57000,21000,3000,18000,60000,21000,39000,34000
058885,元石油元大9C購02,0,0,0,0,0,0,0,0,0,33000,0,0,0,33000,0,33000,33000
05642P,玉晶光兆豐97售02,0,0,0,0,0,0,0,0,0,33000,0,0,0,43000,10000,33000,33000
058452,義隆永豐99購02  ,0,0,0,0,0,0,0,0,0,33000,0,0,0,33000,0,33000,33000
058113,百和元富98購01  ,0,0,0,0,0,0,0,0,0,33000,0,0,0,33000,0,33000,33000
05744P,台表科元大96售04,0,0,0,0,0,0,0,0,0,33000,0,0,0,33000,0,33000,33000
057259,台積電兆豐98購03,0,0,0,0,0,0,0,0,0,33000,0,0,0,33000,0,33000,33000
06720P,智邦亞東99售01  ,0,0,0,0,0,0,0,0,0,33000,0,0,0,34000,1000,33000,33000
054836,勤誠中信97購01  ,0,0,0,0,0,0,0,0,0,33000,0,0,0,34000,1000,33000,33000
049505,臺股指元大94購16,0,0,0,0,0,0,0,0,0,33000,0,0,0,33000,0,33000,33000
050754,元金2X元富9B購01,0,0,0,0,0,0,0,0,0,33000,0,0,0,33000,0,33000,33000
05296P,牧德凱基96售01  ,0,0,0,0,0,0,0,0,0,33000,0,0,0,33000,0,33000,33000
054163,燿華凱基97購02  ,0,0,0,0,0,0,0,0,0,33000,0,0,0,33000,0,33000,33000
059033,元油2X群益9C購05,0,0,0,0,0,0,0,0,0,33000,0,0,0,33000,0,33000,33000
054594,國巨麥證97購01  ,0,0,0,0,0,0,0,0,0,33000,0,0,0,33000,0,33000,33000
3454,晶睿            ,59000,26000,33000,0,0,0,0,0,0,0,0,0,0,0,0,0,33000
057216,聯發科群益99購01,0,0,0,0,0,0,0,0,0,32000,0,0,0,100000,68000,32000,32000
056401,國巨群益98購07  ,0,0,0,0,0,0,0,0,0,32000,0,0,0,32000,0,32000,32000
054404,新日興康和96購01,0,0,0,0,0,0,0,0,0,32000,0,0,0,100000,68000,32000,32000
052095,彩晶元大97購01  ,0,0,0,0,0,0,0,0,0,32000,0,0,0,32000,0,32000,32000
04936P,大立光中信95售03,0,0,0,0,0,0,0,0,0,32000,0,0,0,32000,0,32000,32000
03619C,臺股指元大95牛02,0,0,0,0,0,0,0,0,0,32000,0,0,0,95000,63000,32000,32000
6155,鈞寶            ,64000,32000,32000,0,0,0,0,0,0,0,0,0,0,0,0,0,32000
2413,環科            ,34000,3000,31000,0,0,0,0,0,0,1000,1000,0,1000,0,0,0,32000
07126P,台積電元大99售23,0,0,0,0,0,0,0,0,0,32000,0,0,0,141000,109000,32000,32000
055938,矽力群益97購01  ,0,0,0,0,0,0,0,0,0,31000,0,0,0,31000,0,31000,31000
058012,鈺齊國票99購01  ,0,0,0,0,0,0,0,0,0,31000,0,0,0,31000,0,31000,31000
057596,聯茂兆豐99購01  ,0,0,0,0,0,0,0,0,0,31000,0,0,0,31000,0,31000,31000
045055,聯發科元富98購03,0,0,0,0,0,0,0,0,0,31000,0,0,0,31000,0,31000,31000
050696,台光電凱基96購01,0,0,0,0,0,0,0,0,0,31000,0,0,0,31000,0,31000,31000
051084,華通元大95購06  ,0,0,0,0,0,0,0,0,0,31000,0,0,0,31000,0,31000,31000
054046,義隆元大96購02  ,0,0,0,0,0,0,0,0,0,31000,0,0,0,31000,0,31000,31000
055280,智邦元大97購01  ,0,0,0,0,0,0,0,0,0,31000,0,0,0,31000,0,31000,31000
049700,瀚宇博元大97購01,0,0,0,0,0,0,0,0,0,31000,0,0,0,421000,390000,31000,31000
051231,健策群益97購01  ,0,0,0,0,0,0,0,0,0,31000,0,0,0,31000,0,31000,31000
053765,智邦富邦96購01  ,0,0,0,0,0,0,0,0,0,31000,0,0,0,31000,0,31000,31000
054331,世芯永豐96購03  ,0,0,0,0,0,0,0,0,0,31000,0,0,0,31000,0,31000,31000
059371,聯鈞元富99購02  ,0,0,0,0,0,0,0,0,0,31000,0,0,0,46000,15000,31000,31000
07290P,台灣50凱基9A售08,0,0,0,0,0,0,0,0,0,31000,0,0,0,31000,0,31000,31000
3094,聯傑            ,42000,11000,31000,0,0,0,0,0,0,0,0,0,0,0,0,0,31000
3060,銘異            ,105000,74000,31000,0,0,0,0,0,0,0,0,0,0,0,0,0,31000
057240,茂林凱基9A購01  ,0,0,0,0,0,0,0,0,0,30000,0,0,0,30000,0,30000,30000
058992,上証反元大99購02,0,0,0,0,0,0,0,0,0,30000,0,0,0,50000,20000,30000,30000
058551,義隆永豐99購03  ,0,0,0,0,0,0,0,0,0,30000,0,0,0,30000,0,30000,30000
06263P,燿華凱基97售04  ,0,0,0,0,0,0,0,0,0,30000,0,0,0,30000,0,30000,30000
06176P,台積電元大97售22,0,0,0,0,0,0,0,0,0,30000,0,0,0,30000,0,30000,30000
06016P,京元電凱基96售03,0,0,0,0,0,0,0,0,0,30000,0,0,0,30000,0,30000,30000
056993,GIS兆豐99購01   ,0,0,0,0,0,0,0,0,0,30000,0,0,0,30000,0,30000,30000
056953,智邦富邦98購02  ,0,0,0,0,0,0,0,0,0,30000,0,0,0,30000,0,30000,30000
057043,台積電元大99購02,0,0,0,0,0,0,0,0,0,30000,0,0,0,30000,0,30000,30000
059898,T50反1元大99購15,0,0,0,0,0,0,0,0,0,30000,0,0,0,30000,0,30000,30000
059654,T50反1元大99購09,0,0,0,0,0,0,0,0,0,30000,0,0,0,54000,24000,30000,30000
055852,聯鈞元大98購01  ,0,0,0,0,0,0,0,0,0,30000,0,0,0,30000,0,30000,30000
056732,國巨凱基98購07  ,0,0,0,0,0,0,0,0,0,30000,0,0,0,35000,5000,30000,30000
056770,國產元大98購02  ,0,0,0,0,0,0,0,0,0,30000,0,0,0,30000,0,30000,30000
056214,義隆國票99購01  ,0,0,0,0,0,0,0,0,0,30000,0,0,0,38000,8000,30000,30000
056305,群創元大9A購03  ,0,0,0,0,0,0,0,0,0,30000,0,0,0,30000,0,30000,30000
056037,美律凱基98購03  ,0,0,0,0,0,0,0,0,0,30000,0,0,0,30000,0,30000,30000
059503,大立光富邦9B購04,0,0,0,0,0,0,0,0,0,30000,0,0,0,245000,215000,30000,30000
057767,緯穎凱基98購06  ,0,0,0,0,0,0,0,0,0,30000,0,0,0,30000,0,30000,30000
058794,旺宏元大99購09  ,0,0,0,0,0,0,0,0,0,30000,0,0,0,112000,82000,30000,30000
057783,台積電國票9A購01,0,0,0,0,0,0,0,0,0,30000,0,0,0,35000,5000,30000,30000
059012,臺股指元大9A購31,0,0,0,0,0,0,0,0,0,30000,0,0,0,30000,0,30000,30000
059086,國巨元大99購18  ,0,0,0,0,0,0,0,0,0,30000,0,0,0,50000,20000,30000,30000
054614,玉晶光永豐97購03,0,0,0,0,0,0,0,0,0,30000,0,0,0,30000,0,30000,30000
054638,國泰金中信99購01,0,0,0,0,0,0,0,0,0,30000,0,0,0,40000,10000,30000,30000
052530,台郡元大96購04  ,0,0,0,0,0,0,0,0,0,30000,0,0,0,30000,0,30000,30000
055660,台光電兆豐97購01,0,0,0,0,0,0,0,0,0,30000,0,0,0,30000,0,30000,30000
052744,聯詠元大97購01  ,0,0,0,0,0,0,0,0,0,30000,0,0,0,30000,0,30000,30000
052713,智邦凱基96購01  ,0,0,0,0,0,0,0,0,0,30000,0,0,0,30000,0,30000,30000
052572,群創凱基99購01  ,0,0,0,0,0,0,0,0,0,30000,0,0,0,105000,75000,30000,30000
052619,茂林國泰99購01  ,0,0,0,0,0,0,0,0,0,30000,0,0,0,30000,0,30000,30000
052940,玉晶光兆豐97購01,0,0,0,0,0,0,0,0,0,30000,0,0,0,30000,0,30000,30000
052849,可成統一97購01  ,0,0,0,0,0,0,0,0,0,30000,0,0,0,30000,0,30000,30000
055371,正崴元大97購02  ,0,0,0,0,0,0,0,0,0,30000,0,0,0,30000,0,30000,30000
055450,台積電元富97購01,0,0,0,0,0,0,0,0,0,30000,0,0,0,30000,0,30000,30000
055771,台積電日盛97購04,0,0,0,0,0,0,0,0,0,30000,0,0,0,30000,0,30000,30000
051318,上銀國票96購01  ,0,0,0,0,0,0,0,0,0,30000,0,0,0,30000,0,30000,30000
053304,可成凱基96購03  ,0,0,0,0,0,0,0,0,0,30000,0,0,0,30000,0,30000,30000
053339,友達國票97購02  ,0,0,0,0,0,0,0,0,0,30000,0,0,0,30000,0,30000,30000
053381,友達元大9A購02  ,0,0,0,0,0,0,0,0,0,30000,0,0,0,30000,0,30000,30000
054752,易華電凱基97購02,0,0,0,0,0,0,0,0,0,30000,0,0,0,30000,0,30000,30000
05401P,聯茂永豐95售03  ,0,0,0,0,0,0,0,0,0,30000,0,0,0,40000,10000,30000,30000
055271,鴻海元大98購03  ,0,0,0,0,0,0,0,0,0,30000,0,0,0,30000,0,30000,30000
055181,日電貿統一97購01,0,0,0,0,0,0,0,0,0,30000,0,0,0,30000,0,30000,30000
051075,智邦國泰97購01  ,0,0,0,0,0,0,0,0,0,30000,0,0,0,30000,0,30000,30000
050911,光磊中信98購01  ,0,0,0,0,0,0,0,0,0,30000,0,0,0,30000,0,30000,30000
049437,可成國泰96購01  ,0,0,0,0,0,0,0,0,0,30000,0,0,0,30000,0,30000,30000
050384,嘉澤國票94購02  ,0,0,0,0,0,0,0,0,0,30000,0,0,0,50000,20000,30000,30000
050281,台積電日盛94購03,0,0,0,0,0,0,0,0,0,30000,0,0,0,30000,0,30000,30000
045516,聯茂統一94購01  ,0,0,0,0,0,0,0,0,0,30000,0,0,0,30000,0,30000,30000
048726,儒鴻麥證95購01  ,0,0,0,30000,0,30000,0,0,0,30000,0,0,0,30000,0,30000,30000
051629,上証2X國票95購04,0,0,0,0,0,0,0,0,0,30000,0,0,0,30000,0,30000,30000
047197,美律統一94購01  ,0,0,0,0,0,0,0,0,0,30000,0,0,0,30000,0,30000,30000
047219,美律麥證94購01  ,0,0,0,30000,0,30000,0,0,0,30000,0,0,0,30000,0,30000,30000
048061,鴻海統一95購03  ,0,0,0,0,0,0,0,0,0,30000,0,0,0,30000,0,30000,30000
048271,可成富邦95購02  ,0,0,0,0,0,0,0,0,0,30000,0,0,0,30000,0,30000,30000
07085P,超眾元富9C售01  ,0,0,0,0,0,0,0,0,0,30000,0,0,0,30000,0,30000,30000
057870,大立光凱基99購02,0,0,0,0,0,0,0,0,0,29000,0,0,0,50000,21000,29000,29000
057770,亞德客群益98購01,0,0,0,0,0,0,0,0,0,29000,0,0,0,79000,50000,29000,29000
056212,台光電國票98購03,0,0,0,0,0,0,0,0,0,29000,0,0,0,147000,118000,29000,29000
06618P,智邦元大98售04  ,0,0,0,0,0,0,0,0,0,29000,0,0,0,38000,9000,29000,29000
05180P,玉晶光凱基95售04,0,0,0,0,0,0,0,0,0,29000,0,0,0,29000,0,29000,29000
051066,台積電國票96購02,0,0,0,0,0,0,0,0,0,29000,0,0,0,29000,0,29000,29000
055099,可成日盛97購01  ,0,0,0,0,0,0,0,0,0,29000,0,0,0,29000,0,29000,29000
049796,國巨元大94購10  ,0,0,0,0,0,0,0,0,0,29000,0,0,0,29000,0,29000,29000
054127,台積電元大96購21,0,0,0,0,0,0,0,0,0,29000,0,0,0,29000,0,29000,29000
054137,聯詠元大97購02  ,0,0,0,0,0,0,0,0,0,29000,0,0,0,30000,1000,29000,29000
053480,祥碩元大96購02  ,0,0,0,0,0,0,0,0,0,29000,0,0,0,30000,1000,29000,29000
052907,嘉澤國票97購01  ,0,0,0,0,0,0,0,0,0,29000,0,0,0,38000,9000,29000,29000
053127,貿聯凱基97購01  ,0,0,0,0,0,0,0,0,0,29000,0,0,0,75000,46000,29000,29000
054266,緯穎元大96購07  ,0,0,0,0,0,0,0,0,0,29000,0,0,0,29000,0,29000,29000
1786,科妍            ,41000,12000,29000,0,0,0,0,0,0,0,0,0,0,0,0,0,29000
3209,全科            ,58000,29000,29000,0,0,0,0,0,0,0,0,0,0,0,0,0,29000
4560,強信-KY         ,55000,26000,29000,0,0,0,0,0,0,0,0,0,0,0,0,0,29000
2488,漢平            ,63000,34000,29000,0,0,0,0,0,0,0,0,0,0,0,0,0,29000
060016,廣達康和99購01  ,0,0,0,0,0,0,0,0,0,28000,0,0,0,28000,0,28000,28000
056290,正文永豐98購01  ,0,0,0,0,0,0,0,0,0,28000,0,0,0,28000,0,28000,28000
058770,貿聯兆豐9A購01  ,0,0,0,0,0,0,0,0,0,28000,0,0,0,28000,0,28000,28000
052931,麗豐元大97購01  ,0,0,0,0,0,0,0,0,0,28000,0,0,0,28000,0,28000,28000
055098,臺股指群益97購01,0,0,0,0,0,0,0,0,0,28000,0,0,0,60000,32000,28000,28000
03049X,元展46          ,0,0,0,0,0,0,0,0,0,28000,0,0,0,49000,21000,28000,28000
6491,晶碩            ,74000,46000,28000,0,0,0,0,0,0,0,0,0,0,0,0,0,28000
4306,炎洲            ,95000,70000,25000,0,0,0,0,0,0,3000,3000,0,3000,0,0,0,28000
07389P,臺股指群益9C售08,0,0,0,0,0,0,0,0,0,28000,0,0,0,65000,37000,28000,28000
07105P,大毅元富99售02  ,0,0,0,0,0,0,0,0,0,28000,0,0,0,28000,0,28000,28000
06846P,美律元大98售05  ,0,0,0,0,0,0,0,0,0,28000,0,0,0,28000,0,28000,28000
07283P,華新科凱基99售07,0,0,0,0,0,0,0,0,0,28000,0,0,0,28000,0,28000,28000
057632,傳奇永豐98購01  ,0,0,0,0,0,0,0,0,0,27000,0,0,0,27000,0,27000,27000
059551,T50正2康和99購02,0,0,0,0,0,0,0,0,0,27000,0,0,0,32000,5000,27000,27000
056107,智易永豐97購02  ,0,0,0,0,0,0,0,0,0,27000,0,0,0,31000,4000,27000,27000
059682,可成富邦9A購01  ,0,0,0,0,0,0,0,0,0,27000,0,0,0,42000,15000,27000,27000
058196,台塑中信99購01  ,0,0,0,0,0,0,0,0,0,27000,0,0,0,27000,0,27000,27000
06033P,可成凱基96售09  ,0,0,0,0,0,0,0,0,0,27000,0,0,0,27000,0,27000,27000
058603,台積電元大99購12,0,0,0,0,0,0,0,0,0,27000,0,0,0,47000,20000,27000,27000
053849,聯發科元富96購04,0,0,0,0,0,0,0,0,0,27000,0,0,0,27000,0,27000,27000
059082,華通元大99購06  ,0,0,0,0,0,0,0,0,0,27000,0,0,0,27000,0,27000,27000
07081P,南電群益9A售01  ,0,0,0,0,0,0,0,0,0,27000,0,0,0,58000,31000,27000,27000
1225,福懋油          ,43000,16000,27000,0,0,0,0,0,0,0,0,0,0,0,0,0,27000
2486,一詮            ,41000,14000,27000,0,0,0,0,0,0,0,0,0,0,0,0,0,27000
3015,全漢            ,82000,55000,27000,0,0,0,0,0,0,0,0,0,0,0,0,0,27000
2444,兆勁            ,52000,25000,27000,0,0,0,0,0,0,0,0,0,0,0,0,0,27000
058716,華新科台新99購02,0,0,0,0,0,0,0,0,0,26000,0,0,0,26000,0,26000,26000
058451,智邦永豐9A購01  ,0,0,0,0,0,0,0,0,0,26000,0,0,0,26000,0,26000,26000
057513,智邦台新98購01  ,0,0,0,0,0,0,0,0,0,26000,0,0,0,26000,0,26000,26000
06200P,聯發科元大97售18,0,0,0,0,0,0,0,0,0,26000,0,0,0,26000,0,26000,26000
06585P,鴻海元大99售04  ,0,0,0,0,0,0,0,0,0,26000,0,0,0,26000,0,26000,26000
060000,國巨台新99購01  ,0,0,0,0,0,0,0,0,0,26000,0,0,0,98000,72000,26000,26000
060023,T50反1國泰9A購03,0,0,0,0,0,0,0,0,0,26000,0,0,0,26000,0,26000,26000
058796,可成元大99購04  ,0,0,0,0,0,0,0,0,0,26000,0,0,0,42000,16000,26000,26000
054292,欣興元大96購06  ,0,0,0,0,0,0,0,0,0,26000,0,0,0,26000,0,26000,26000
052874,超眾凱基96購01  ,0,0,0,0,0,0,0,0,0,26000,0,0,0,26000,0,26000,26000
05264P,微星元大95售02  ,0,0,0,0,0,0,0,0,0,26000,0,0,0,146000,120000,26000,26000
053443,智邦凱基97購01  ,0,0,0,0,0,0,0,0,0,26000,0,0,0,26000,0,26000,26000
04634P,臺股指群益94售09,0,0,0,0,0,0,0,0,0,26000,0,0,0,45000,19000,26000,26000
020000,富邦特選蘋果N   ,0,0,0,0,0,0,0,0,0,26000,0,0,0,36000,10000,26000,26000
00728,第一金工業30    ,0,0,0,0,0,0,0,0,0,26000,0,0,0,282000,256000,26000,26000
051590,玉晶光元大96購02,0,0,0,0,0,0,0,0,0,26000,0,0,0,26000,0,26000,26000
04980P,臺股指凱基96售08,0,0,0,0,0,0,0,0,0,26000,0,0,0,26000,0,26000,26000
053282,彩晶元大9C購01  ,0,0,0,0,0,0,0,0,0,26000,0,0,0,26000,0,26000,26000
050760,矽力元富94購03  ,0,0,0,0,0,0,0,0,0,26000,0,0,0,31000,5000,26000,26000
07355P,臺股指國票99售23,0,0,0,0,0,0,0,0,0,26000,0,0,0,48000,22000,26000,26000
1609,大亞            ,399000,374000,25000,0,0,0,1000,0,1000,0,0,0,0,0,0,0,26000
00739,元大MSCI A股    ,2000,2000,0,0,0,0,0,0,0,25345,0,0,0,83345,58000,25345,25345
059915,聯發科元大99購32,0,0,0,0,0,0,0,0,0,25000,0,0,0,301000,276000,25000,25000
055986,祥碩元富97購01  ,0,0,0,0,0,0,0,0,0,25000,0,0,0,25000,0,25000,25000
058205,神達凱基9B購01  ,0,0,0,0,0,0,0,0,0,25000,0,0,0,25000,0,25000,25000
057099,元油2X中信9B購03,0,0,0,0,0,0,0,0,0,25000,0,0,0,25000,0,25000,25000
058588,致茂中信9B購01  ,0,0,0,0,0,0,0,0,0,25000,0,0,0,25000,0,25000,25000
047151,台積電國票94購02,0,0,0,0,0,0,0,0,0,25000,0,0,0,25000,0,25000,25000
051535,新日興國票96購01,0,0,0,0,0,0,0,0,0,25000,0,0,0,25000,0,25000,25000
04865P,台積電亞東95售01,0,0,0,0,0,0,0,0,0,25000,0,0,0,25000,0,25000,25000
050809,鴻海凱基95購08  ,0,0,0,0,0,0,0,0,0,25000,0,0,0,55000,30000,25000,25000
051908,國泰金元大96購02,0,0,0,0,0,0,0,0,0,25000,0,0,0,25000,0,25000,25000
050397,力成元富94購01  ,0,0,0,0,0,0,0,0,0,25000,0,0,0,25000,0,25000,25000
050503,聯發科凱基94購22,0,0,0,0,0,0,0,0,0,25000,0,0,0,25000,0,25000,25000
053216,京鼎凱基96購02  ,0,0,0,0,0,0,0,0,0,25000,0,0,0,25000,0,25000,25000
049702,台表科元大95購03,0,0,0,0,0,0,0,0,0,25000,0,0,0,25000,0,25000,25000
049631,臺股指群益94購04,0,0,0,0,0,0,0,0,0,25000,0,0,0,25000,0,25000,25000
055283,聯發科元大97購16,0,0,0,0,0,0,0,0,0,25000,0,0,0,25000,0,25000,25000
053198,亞德客日盛96購01,0,0,0,0,0,0,0,0,0,25000,0,0,0,25000,0,25000,25000
054399,智易永豐96購03  ,0,0,0,0,0,0,0,0,0,25000,0,0,0,25000,0,25000,25000
054480,和碩中信98購01  ,0,0,0,0,0,0,0,0,0,25000,0,0,0,25000,0,25000,25000
059031,元石油中信03購01,0,0,0,0,0,0,0,0,0,25000,0,0,0,55000,30000,25000,25000
1568,倉佑            ,27000,2000,25000,0,0,0,0,0,0,0,0,0,0,0,0,0,25000
07299P,台灣50元大9C售13,0,0,0,0,0,0,0,0,0,25000,0,0,0,35000,10000,25000,25000
2457,飛宏            ,98000,73000,25000,0,0,0,0,0,0,0,0,0,0,0,0,0,25000
3518,柏騰            ,115000,90000,25000,0,0,0,0,0,0,0,0,0,0,0,0,0,25000
058626,瑞昱國票9A購01  ,0,0,0,0,0,0,0,0,0,24000,0,0,0,42000,18000,24000,24000
057299,立積永豐98購02  ,0,0,0,0,0,0,0,0,0,24000,0,0,0,101000,77000,24000,24000
055916,奇鋐凱基99購01  ,0,0,0,0,0,0,0,0,0,24000,0,0,0,24000,0,24000,24000
059318,旺宏元大99購13  ,0,0,0,0,0,0,0,0,0,24000,0,0,0,24000,0,24000,24000
059169,可成凱基99購04  ,0,0,0,0,0,0,0,0,0,24000,0,0,0,54000,30000,24000,24000
054197,台積電永昌96購07,0,0,0,0,0,0,0,0,0,24000,0,0,0,24000,0,24000,24000
053054,禾伸堂國票97購01,0,0,0,0,0,0,0,0,0,24000,0,0,0,24000,0,24000,24000
055798,聯茂富邦98購01  ,0,0,0,0,0,0,0,0,0,24000,0,0,0,30000,6000,24000,24000
4190,佐登-KY         ,88000,44000,44000,0,0,0,0,0,0,-20000,0,20000,-20000,0,0,0,24000
3164,景岳            ,27000,3000,24000,0,0,0,0,0,0,0,0,0,0,0,0,0,24000
6443,元晶            ,238000,214000,24000,0,0,0,0,0,0,0,0,0,0,0,0,0,24000
2466,冠西電          ,14000,5000,9000,0,0,0,0,0,0,15000,15000,0,15000,0,0,0,24000
2929,淘帝-KY         ,130000,106000,24000,0,0,0,0,0,0,0,0,0,0,0,0,0,24000
2527,宏璟            ,66000,42000,24000,0,0,0,0,0,0,0,0,0,0,0,0,0,24000
6582,申豐            ,98000,90000,8000,0,0,0,14000,0,14000,2000,2000,0,2000,0,0,0,24000
059456,智易永豐99購01  ,0,0,0,0,0,0,0,0,0,23000,0,0,0,25000,2000,23000,23000
056454,欣興凱基98購02  ,0,0,0,0,0,0,0,0,0,23000,0,0,0,49000,26000,23000,23000
058194,勤誠永豐99購01  ,0,0,0,0,0,0,0,0,0,23000,0,0,0,40000,17000,23000,23000
058128,FBVIX元大9C購02 ,0,0,0,0,0,0,0,0,0,23000,0,0,0,25000,2000,23000,23000
056969,智易永豐98購01  ,0,0,0,0,0,0,0,0,0,23000,0,0,0,23000,0,23000,23000
056846,晶相光元富98購01,0,0,0,0,0,0,0,0,0,23000,0,0,0,268000,245000,23000,23000
056856,華通群益9A購01  ,0,0,0,0,0,0,0,0,0,23000,0,0,0,23000,0,23000,23000
06572P,台積電永昌99售01,0,0,0,0,0,0,0,0,0,23000,0,0,0,2303000,2280000,23000,23000
06154P,超眾元大98售01  ,0,0,0,0,0,0,0,0,0,23000,0,0,0,23000,0,23000,23000
053710,華通凱基96購05  ,0,0,0,0,0,0,0,0,0,23000,0,0,0,50000,27000,23000,23000
052211,台積電元大95購22,0,0,0,0,0,0,0,0,0,23000,0,0,0,23000,0,23000,23000
054755,世紀鋼凱基98購01,0,0,0,0,0,0,0,0,0,23000,0,0,0,23000,0,23000,23000
051272,嘉晶群益95購01  ,0,0,0,0,0,0,0,0,0,23000,0,0,0,23000,0,23000,23000
054924,景碩凱基98購01  ,0,0,0,0,0,0,0,0,0,23000,0,0,0,23000,0,23000,23000
048874,玉晶光國票96購01,0,0,0,0,0,0,0,0,0,23000,0,0,0,23000,0,23000,23000
051789,嘉澤國票96購01  ,0,0,0,0,0,0,0,0,0,23000,0,0,0,38000,15000,23000,23000
00865B,國泰US短期公債  ,0,0,0,0,0,0,0,0,0,23000,0,0,0,23000,0,23000,23000
9927,泰銘            ,58000,35000,23000,0,0,0,0,0,0,0,0,0,0,0,0,0,23000
2882B,國泰金乙特      ,0,0,0,0,0,0,0,0,0,23000,23000,0,23000,0,0,0,23000
2464,盟立            ,68000,96000,-28000,0,0,0,0,0,0,51000,51000,0,51000,0,0,0,23000
06857P,超眾永豐98售02  ,0,0,0,0,0,0,0,0,0,23000,0,0,0,23000,0,23000,23000
1474,弘裕            ,63000,40000,23000,0,0,0,0,0,0,0,0,0,0,0,0,0,23000
06067P,華新科康和97售01,0,0,0,0,0,0,0,0,0,22000,0,0,0,70000,48000,22000,22000
06447P,上銀元大98售01  ,0,0,0,0,0,0,0,0,0,22000,0,0,0,32000,10000,22000,22000
058745,元金2X凱基9C購02,0,0,0,0,0,0,0,0,0,22000,0,0,0,22000,0,22000,22000
057799,世紀鋼兆豐98購01,0,0,0,0,0,0,0,0,0,22000,0,0,0,55000,33000,22000,22000
059950,百和永豐99購02  ,0,0,0,0,0,0,0,0,0,22000,0,0,0,44000,22000,22000,22000
05990P,台積電群益96售13,0,0,0,0,0,0,0,0,0,22000,0,0,0,26000,4000,22000,22000
0051,元大中型100     ,0,0,0,0,0,0,0,0,0,22000,0,0,0,22000,0,22000,22000
04768P,大立光國泰96售03,0,0,0,0,0,0,0,0,0,22000,0,0,0,22000,0,22000,22000
04787P,台積電永昌96售04,0,0,0,0,0,0,0,0,0,22000,0,0,0,22000,0,22000,22000
048698,宏達電國票95購01,0,0,0,0,0,0,0,0,0,22000,0,0,0,22000,0,22000,22000
052042,台積電日盛95購02,0,0,0,0,0,0,0,0,0,22000,0,0,0,22000,0,22000,22000
055460,華擎永豐97購01  ,0,0,0,0,0,0,0,0,0,22000,0,0,0,22000,0,22000,22000
052682,上銀元大97購01  ,0,0,0,0,0,0,0,0,0,22000,0,0,0,22000,0,22000,22000
05270P,台表科元大95售05,0,0,0,0,0,0,0,0,0,22000,0,0,0,22000,0,22000,22000
055480,元上證元大97購02,0,0,0,0,0,0,0,0,0,22000,0,0,0,22000,0,22000,22000
055653,聯詠元富01購02  ,0,0,0,0,0,0,0,0,0,22000,0,0,0,22000,0,22000,22000
1232,大統益          ,36000,35000,1000,0,0,0,0,0,0,21000,21000,0,21000,0,0,0,22000
1337,再生-KY         ,50000,28000,22000,0,0,0,0,0,0,0,0,0,0,0,0,0,22000
07275P,FBVIX群益99售02 ,0,0,0,0,0,0,0,0,0,22000,0,0,0,22000,0,22000,22000
2495,普安            ,27000,5000,22000,0,0,0,0,0,0,0,0,0,0,0,0,0,22000
3504,揚明光          ,52000,34000,18000,0,0,0,0,0,0,4000,0,0,0,4000,0,4000,22000
059844,大立光富邦9C購04,0,0,0,0,0,0,0,0,0,21000,0,0,0,46000,25000,21000,21000
059518,康控永豐99購01  ,0,0,0,0,0,0,0,0,0,21000,0,0,0,27000,6000,21000,21000
058931,玉晶光統一9C購01,0,0,0,0,0,0,0,0,0,21000,0,0,0,56000,35000,21000,21000
058892,元油2X元大9C購08,0,0,0,0,0,0,0,0,0,21000,0,0,0,40000,19000,21000,21000
058464,矽創兆豐9A購01  ,0,0,0,0,0,0,0,0,0,21000,0,0,0,41000,20000,21000,21000
057165,國巨元大99購05  ,0,0,0,0,0,0,0,0,0,21000,0,0,0,29000,8000,21000,21000
058190,貿聯永豐99購01  ,0,0,0,0,0,0,0,0,0,21000,0,0,0,69000,48000,21000,21000
054565,玉晶光群益99購02,0,0,0,0,0,0,0,0,0,21000,0,0,0,21000,0,21000,21000
05307P,光寶科中信95售01,0,0,0,0,0,0,0,0,0,21000,0,0,0,21000,0,21000,21000
051449,玉晶光元大96購01,0,0,0,0,0,0,0,0,0,21000,0,0,0,21000,0,21000,21000
3583,辛耘            ,80000,59000,21000,0,0,0,0,0,0,0,0,0,0,0,0,0,21000
4545,銘鈺            ,24000,3000,21000,0,0,0,0,0,0,0,0,0,0,0,0,0,21000
5285,界霖            ,53000,32000,21000,0,0,0,0,0,0,0,0,0,0,0,0,0,21000
2816,旺旺保          ,50000,29000,21000,0,0,0,0,0,0,0,0,0,0,0,0,0,21000
07207P,台積電凱基99售13,0,0,0,0,0,0,0,0,0,21000,0,0,0,31000,10000,21000,21000
1455,集盛            ,331000,309000,22000,0,0,0,0,0,0,-1000,0,1000,-1000,0,0,0,21000
056982,華新科群益98購05,0,0,0,0,0,0,0,0,0,20000,0,0,0,20000,0,20000,20000
056942,昇陽半元富98購01,0,0,0,0,0,0,0,0,0,20000,0,0,0,20000,0,20000,20000
057063,立積國泰9A購01  ,0,0,0,0,0,0,0,0,0,20000,0,0,0,20000,0,20000,20000
057060,緯穎元大98購05  ,0,0,0,0,0,0,0,0,0,20000,0,0,0,20000,0,20000,20000
057052,華擎元大98購01  ,0,0,0,0,0,0,0,0,0,20000,0,0,0,20000,0,20000,20000
06434P,超眾群益98售02  ,0,0,0,0,0,0,0,0,0,20000,0,0,0,20000,0,20000,20000
06515P,國巨凱基98售06  ,0,0,0,0,0,0,0,0,0,20000,0,0,0,20000,0,20000,20000
06623P,立積元大98售04  ,0,0,0,0,0,0,0,0,0,20000,0,0,0,68000,48000,20000,20000
057183,玉晶光元大99購07,0,0,0,0,0,0,0,0,0,20000,0,0,0,20000,0,20000,20000
057125,國巨凱基98購12  ,0,0,0,0,0,0,0,0,0,20000,0,0,0,20000,0,20000,20000
057471,昇陽半永豐98購02,0,0,0,0,0,0,0,0,0,20000,0,0,0,100000,80000,20000,20000
057605,旺宏統一99購03  ,0,0,0,0,0,0,0,0,0,20000,0,0,0,30000,10000,20000,20000
057338,群創國票99購01  ,0,0,0,0,0,0,0,0,0,20000,0,0,0,20000,0,20000,20000
057279,國揚元大98購01  ,0,0,0,0,0,0,0,0,0,20000,0,0,0,20000,0,20000,20000
057967,聯發科國泰9A購02,0,0,0,0,0,0,0,0,0,20000,0,0,0,20000,0,20000,20000
058407,滬深2X兆豐9A購01,0,0,0,0,0,0,0,0,0,20000,0,0,0,20000,0,20000,20000
058424,滬深2X元富99購04,0,0,0,0,0,0,0,0,0,20000,0,0,0,20000,0,20000,20000
058515,健鼎元大99購01  ,0,0,0,0,0,0,0,0,0,20000,0,0,0,20000,0,20000,20000
058528,世紀鋼元大99購02,0,0,0,0,0,0,0,0,0,20000,0,0,0,25000,5000,20000,20000
058391,T50反1元大99購02,0,0,0,0,0,0,0,0,0,20000,0,0,0,70000,50000,20000,20000
058790,楠梓電元大99購03,0,0,0,0,0,0,0,0,0,20000,0,0,0,20000,0,20000,20000
059320,華新科元大99購15,0,0,0,0,0,0,0,0,0,20000,0,0,0,29000,9000,20000,20000
057679,臺股指元大98購09,0,0,0,0,0,0,0,0,0,20000,0,0,0,20000,0,20000,20000
058951,南電群益99購01  ,0,0,0,0,0,0,0,0,0,20000,0,0,0,20000,0,20000,20000
056588,聯發科統一9A購02,0,0,0,0,0,0,0,0,0,20000,0,0,0,20000,0,20000,20000
058962,元油2X兆豐9A購02,20000,0,20000,0,0,0,0,0,0,0,0,0,0,0,0,0,20000
056548,瀚宇博凱基98購02,0,0,0,0,0,0,0,0,0,20000,0,0,0,20000,0,20000,20000
057810,技嘉元大98購06  ,0,0,0,0,0,0,0,0,0,20000,0,0,0,20000,0,20000,20000
059597,大立光元大99購21,0,0,0,0,0,0,0,0,0,20000,0,0,0,20000,0,20000,20000
059649,矽力凱基99購02  ,0,0,0,0,0,0,0,0,0,20000,0,0,0,20000,0,20000,20000
059881,臺股指凱基99購46,0,0,0,0,0,0,0,0,0,20000,0,0,0,30000,10000,20000,20000
059949,啟碁永豐99購01  ,0,0,0,0,0,0,0,0,0,20000,0,0,0,35000,15000,20000,20000
059806,聯發科元富99購08,0,0,0,0,0,0,0,0,0,20000,0,0,0,20000,0,20000,20000
059815,SP黃豆凱基9A購03,0,0,0,0,0,0,0,0,0,20000,0,0,0,20000,0,20000,20000
056050,晶技國票98購01  ,0,0,0,0,0,0,0,0,0,20000,0,0,0,20000,0,20000,20000
056074,茂林元大97購04  ,0,0,0,0,0,0,0,0,0,20000,0,0,0,20000,0,20000,20000
056281,深中小永豐97購01,0,0,0,0,0,0,0,0,0,20000,0,0,0,20000,0,20000,20000
056789,和碩群益98購01  ,0,0,0,0,0,0,0,0,0,20000,0,0,0,20000,0,20000,20000
057926,帆宣凱基98購02  ,0,0,0,0,0,0,0,0,0,20000,0,0,0,20000,0,20000,20000
055862,矽力元大97購04  ,0,0,0,0,0,0,0,0,0,20000,0,0,0,20000,0,20000,20000
056369,彩晶元大01購01  ,0,0,0,0,0,0,0,0,0,20000,0,0,0,20000,0,20000,20000
056326,TPK兆豐98購01   ,0,0,0,0,0,0,0,0,0,20000,0,0,0,20000,0,20000,20000
051382,玉晶光群益98購02,0,0,0,0,0,0,0,0,0,20000,0,0,0,20000,0,20000,20000
045106,玉晶光群益95購01,0,0,0,0,0,0,0,0,0,20000,0,0,0,20000,0,20000,20000
044996,嘉晶國泰95購01  ,0,0,0,0,0,0,0,0,0,20000,0,0,0,20000,0,20000,20000
04159P,滬深2X中信95售08,0,0,0,0,0,0,0,0,0,20000,0,0,0,20000,0,20000,20000
040160,SP黃豆元富95購01,0,0,0,0,0,0,0,0,0,20000,0,0,0,20000,0,20000,20000
051624,智邦麥證95購02  ,0,0,0,20000,0,20000,0,0,0,20000,0,0,0,20000,0,20000,20000
051799,台積電永豐96購01,0,0,0,0,0,0,0,0,0,20000,0,0,0,20000,0,20000,20000
051723,嘉澤永豐95購01  ,0,0,0,0,0,0,0,0,0,20000,0,0,0,20000,0,20000,20000
05150P,玉晶光第一95售01,0,0,0,0,0,0,0,0,0,20000,0,0,0,20000,0,20000,20000
051469,友達日盛9B購01  ,0,0,0,0,0,0,0,0,0,20000,0,0,0,80000,60000,20000,20000
048425,聯茂元富96購02  ,0,0,0,0,0,0,0,0,0,20000,0,0,0,20000,0,20000,20000
04854P,鴻海國泰96售04  ,0,0,0,0,0,0,0,0,0,20000,0,0,0,20000,0,20000,20000
047161,世紀鋼國票94購01,0,0,0,0,0,0,0,0,0,20000,0,0,0,20000,0,20000,20000
03064X,元展59          ,0,0,0,0,0,0,0,0,0,20000,0,0,0,20000,0,20000,20000
03252P,台積電台新02售01,0,0,0,0,0,0,0,0,0,20000,0,0,0,20000,0,20000,20000
048249,嘉澤兆豐94購01  ,0,0,0,0,0,0,0,0,0,20000,0,0,0,20000,0,20000,20000
052029,矽力群益95購02  ,0,0,0,0,0,0,0,0,0,20000,0,0,0,20000,0,20000,20000
05205P,緯穎元大95售03  ,0,0,0,0,0,0,0,0,0,20000,0,0,0,30000,10000,20000,20000
051218,聯發科元富9B購02,0,0,0,0,0,0,0,0,0,20000,0,0,0,20000,0,20000,20000
050695,台積電凱基94購40,0,0,0,0,0,0,0,0,0,20000,0,0,0,50000,30000,20000,20000
050774,健策元大96購02  ,0,0,0,0,0,0,0,0,0,20000,0,0,0,20000,0,20000,20000
050724,國巨國票96購01  ,0,0,0,0,0,0,0,0,0,20000,0,0,0,20000,0,20000,20000
050686,欣興兆豐96購01  ,0,0,0,0,0,0,0,0,0,20000,0,0,0,20000,0,20000,20000
050907,臺股指元大95購14,0,0,0,0,0,0,0,0,0,20000,0,0,0,20000,0,20000,20000
050983,新光金國泰97購01,0,0,0,0,0,0,0,0,0,20000,0,0,0,20000,0,20000,20000
051869,康控凱基96購01  ,0,0,0,0,0,0,0,0,0,20000,0,0,0,20000,0,20000,20000
050899,旭富元大95購01  ,0,0,0,0,0,0,0,0,0,20000,0,0,0,20000,0,20000,20000
04900P,矽格中信94售02  ,0,0,0,0,0,0,0,0,0,20000,0,0,0,20000,0,20000,20000
050163,群創國泰95購01  ,0,0,0,0,0,0,0,0,0,20000,0,0,0,20000,0,20000,20000
050588,矽創國票95購01  ,0,0,0,0,0,0,0,0,0,20000,0,0,0,20000,0,20000,20000
05037P,華新科元大95售09,0,0,0,0,0,0,0,0,0,20000,0,0,0,60000,40000,20000,20000
050214,嘉晶台新94購01  ,0,0,0,0,0,0,0,0,0,20000,0,0,0,20000,0,20000,20000
054964,智易元大99購01  ,0,0,0,0,0,0,0,0,0,20000,0,0,0,20000,0,20000,20000
053266,全新群益98購01  ,0,0,0,0,0,0,0,0,0,20000,0,0,0,20000,0,20000,20000
051339,智易永豐95購02  ,0,0,0,0,0,0,0,0,0,20000,0,0,0,20000,0,20000,20000
051268,創意富邦97購01  ,0,0,0,0,0,0,0,0,0,20000,0,0,0,20000,0,20000,20000
053996,晶相光群益97購01,0,0,0,0,0,0,0,0,0,20000,0,0,0,20000,0,20000,20000
054803,味全元大9A購01  ,0,0,0,0,0,0,0,0,0,20000,0,0,0,20000,0,20000,20000
055160,玉晶光元大99購03,0,0,0,0,0,0,0,0,0,20000,0,0,0,20000,0,20000,20000
053059,聯發科永昌99購01,0,0,0,0,0,0,0,0,0,20000,0,0,0,20000,0,20000,20000
052348,台光電富邦95購01,0,0,0,0,0,0,0,0,0,20000,0,0,0,20000,0,20000,20000
052933,祥碩元大96購01  ,0,0,0,0,0,0,0,0,0,20000,0,0,0,20000,0,20000,20000
052936,華通兆豐98購01  ,0,0,0,0,0,0,0,0,0,20000,0,0,0,30000,10000,20000,20000
052961,國巨凱基97購02  ,0,0,0,0,0,0,0,0,0,20000,0,0,0,20000,0,20000,20000
052980,上銀元大96購03  ,0,0,0,0,0,0,0,0,0,20000,0,0,0,20000,0,20000,20000
052614,聯電國泰97購01  ,0,0,0,0,0,0,0,0,0,20000,0,0,0,20000,0,20000,20000
052665,緯穎國票96購03  ,0,0,0,0,0,0,0,0,0,20000,0,0,0,20000,0,20000,20000
052574,茂林凱基96購02  ,0,0,0,0,0,0,0,0,0,20000,0,0,0,20000,0,20000,20000
055404,超眾元富97購01  ,0,0,0,0,0,0,0,0,0,20000,0,0,0,21000,1000,20000,20000
053409,和碩兆豐96購02  ,0,0,0,0,0,0,0,0,0,20000,0,0,0,20000,0,20000,20000
055322,欣興國票97購06  ,0,0,0,0,0,0,0,0,0,20000,0,0,0,20000,0,20000,20000
055304,瑞昱第一98購01  ,0,0,0,0,0,0,0,0,0,20000,0,0,0,20000,0,20000,20000
052170,台積電元大95購20,0,0,0,0,0,0,0,0,0,20000,0,0,0,20000,0,20000,20000
052092,貿聯元大96購02  ,0,0,0,0,0,0,0,0,0,20000,0,0,0,20000,0,20000,20000
052069,聯茂兆豐96購01  ,0,0,0,0,0,0,0,0,0,20000,0,0,0,20000,0,20000,20000
054576,健策元大98購03  ,0,0,0,0,0,0,0,0,0,20000,0,0,0,20000,0,20000,20000
054695,世芯永豐98購01  ,0,0,0,0,0,0,0,0,0,20000,0,0,0,20000,0,20000,20000
054357,可成兆豐97購02  ,0,0,0,0,0,0,0,0,0,20000,0,0,0,20000,0,20000,20000
053979,健策元大98購01  ,0,0,0,0,0,0,0,0,0,20000,0,0,0,20000,0,20000,20000
054201,聯詠富邦97購02  ,0,0,0,0,0,0,0,0,0,20000,0,0,0,20000,0,20000,20000
05255P,義隆凱基95售01  ,0,0,0,0,0,0,0,0,0,20000,0,0,0,20000,0,20000,20000
059175,臺股指凱基99購26,0,0,0,0,0,0,0,0,0,20000,0,0,0,20000,0,20000,20000
059025,台灣50台新9B購02,0,0,0,0,0,0,0,0,0,20000,0,0,0,20000,0,20000,20000
059400,滬深2X元富9C購04,0,0,0,0,0,0,0,0,0,20000,0,0,0,209000,189000,20000,20000
1449,佳和            ,22000,2000,20000,0,0,0,0,0,0,0,0,0,0,0,0,0,20000
07384P,大立光群益9A售01,0,0,0,0,0,0,0,0,0,20000,0,0,0,20000,0,20000,20000
07124P,台積電元大99售21,0,0,0,0,0,0,0,0,0,20000,0,0,0,300000,280000,20000,20000
07287P,全新群益9B售01  ,0,0,0,0,0,0,0,0,0,20000,0,0,0,20000,0,20000,20000
06782P,大立光元大99售07,0,0,0,0,0,0,0,0,0,20000,0,0,0,20000,0,20000,20000
06775P,臺股指兆豐98售03,0,0,0,0,0,0,0,0,0,20000,0,0,0,20000,0,20000,20000
06969P,上銀元大99售02  ,0,0,0,0,0,0,0,0,0,20000,0,0,0,20000,0,20000,20000
2609,陽明            ,187000,167000,20000,0,0,0,0,0,0,0,0,0,0,0,0,0,20000
9925,新保            ,55000,34000,21000,0,0,0,0,0,0,-1000,0,1000,-1000,0,0,0,20000
9941A,裕融甲特        ,0,0,0,0,0,0,0,0,0,20000,20000,0,20000,0,0,0,20000
058737,鴻海第一01購01  ,0,0,0,0,0,0,0,0,0,19000,0,0,0,19000,0,19000,19000
057110,立積群益98購01  ,0,0,0,0,0,0,0,0,0,19000,0,0,0,19000,0,19000,19000
057116,鴻海日盛9A購01  ,0,0,0,0,0,0,0,0,0,19000,0,0,0,369000,350000,19000,19000
06418P,T50反1統一9A售02,0,0,0,0,0,0,0,0,0,19000,0,0,0,19000,0,19000,19000
056965,全新永豐98購01  ,0,0,0,0,0,0,0,0,0,19000,0,0,0,19000,0,19000,19000
058207,南茂凱基99購01  ,0,0,0,0,0,0,0,0,0,19000,0,0,0,19000,0,19000,19000
059201,祥碩永豐99購02  ,0,0,0,0,0,0,0,0,0,19000,0,0,0,51000,32000,19000,19000
05434P,世紀鋼元富95售02,0,0,0,0,0,0,0,0,0,19000,0,0,0,19000,0,19000,19000
054138,晶技元大98購02  ,0,0,0,0,0,0,0,0,0,19000,0,0,0,19000,0,19000,19000
055458,燿華永豐98購01  ,0,0,0,0,0,0,0,0,0,19000,0,0,0,34000,15000,19000,19000
05295P,緯創凱基95售01  ,0,0,0,0,0,0,0,0,0,19000,0,0,0,55000,36000,19000,19000
052923,台積電永豐96購02,0,0,0,0,0,0,0,0,0,19000,0,0,0,19000,0,19000,19000
053126,健策凱基97購02  ,0,0,0,0,0,0,0,0,0,19000,0,0,0,19000,0,19000,19000
054952,大毅元大97購02  ,0,0,0,0,0,0,0,0,0,19000,0,0,0,69000,50000,19000,19000
050035,聯茂元大94購07  ,0,0,0,0,0,0,0,0,0,19000,0,0,0,19000,0,19000,19000
00660,元大歐洲50      ,0,0,0,0,0,0,0,0,0,19000,0,0,0,27000,8000,19000,19000
047004,台積電統一99購01,0,0,0,0,0,0,0,0,0,19000,0,0,0,51000,32000,19000,19000
045444,群創元富98購02  ,0,0,0,0,0,0,0,0,0,19000,0,0,0,19000,0,19000,19000
2429,銘旺科          ,33000,14000,19000,0,0,0,0,0,0,0,0,0,0,0,0,0,19000
6168,宏齊            ,37000,20000,17000,0,0,0,0,0,0,2000,2000,0,2000,0,0,0,19000
07382P,台積電群益9B售01,0,0,0,0,0,0,0,0,0,19000,0,0,0,36000,17000,19000,19000
058140,臻鼎元大99購02  ,0,0,0,0,0,0,0,0,0,18000,0,0,0,24000,6000,18000,18000
060054,華新科凱基9B購04,0,0,0,0,0,0,0,0,0,18000,0,0,0,18000,0,18000,18000
06503P,臺股指中信9A售02,0,0,0,0,0,0,0,0,0,18000,0,0,0,18000,0,18000,18000
06034P,世芯凱基96售03  ,0,0,0,0,0,0,0,0,0,18000,0,0,0,18000,0,18000,18000
058975,台灣50凱基01購02,0,0,0,0,0,0,0,0,0,18000,0,0,0,26000,8000,18000,18000
056767,大毅元大99購01  ,0,0,0,0,0,0,0,0,0,18000,0,0,0,18000,0,18000,18000
056312,茂林元大98購01  ,0,0,0,0,0,0,0,0,0,18000,0,0,0,18000,0,18000,18000
059757,上証2X永豐99購03,0,0,0,0,0,0,0,0,0,18000,0,0,0,18000,0,18000,18000
059634,可成凱基99購07  ,0,0,0,0,0,0,0,0,0,18000,0,0,0,52000,34000,18000,18000
059587,華通元大9A購01  ,0,0,0,0,0,0,0,0,0,18000,0,0,0,78000,60000,18000,18000
059334,A50正2國票9A購02,2000,10000,-8000,0,0,0,0,0,0,26000,0,0,0,30000,4000,26000,18000
058795,可成元大99購03  ,0,0,0,0,0,0,0,0,0,18000,0,0,0,18000,0,18000,18000
053287,臺股指元大96購15,0,0,0,0,0,0,0,0,0,18000,0,0,0,20000,2000,18000,18000
055021,亞德客國泰98購01,0,0,0,0,0,0,0,0,0,18000,0,0,0,18000,0,18000,18000
054786,全新群益99購02  ,0,0,0,0,0,0,0,0,0,18000,0,0,0,18000,0,18000,18000
05479P,華新科台新96售01,0,0,0,0,0,0,0,0,0,18000,0,0,0,18000,0,18000,18000
052690,台表科元大97購01,0,0,0,0,0,0,0,0,0,18000,0,0,0,18000,0,18000,18000
055584,國巨元大97購11  ,0,0,0,0,0,0,0,0,0,18000,0,0,0,100000,82000,18000,18000
05538P,玉晶光國票97售02,0,0,0,0,0,0,0,0,0,18000,0,0,0,194000,176000,18000,18000
052117,鴻海國票96購03  ,0,0,0,0,0,0,0,0,0,18000,0,0,0,58000,40000,18000,18000
054632,緯穎凱基9A購01  ,0,0,0,0,0,0,0,0,0,18000,0,0,0,18000,0,18000,18000
052482,茂林群益95購01  ,0,0,0,0,0,0,0,0,0,18000,0,0,0,18000,0,18000,18000
059138,台積電兆豐99購04,0,0,0,0,0,0,0,0,0,18000,0,0,0,18000,0,18000,18000
07347P,上証2X凱基99售02,0,0,0,0,0,0,0,0,0,18000,0,0,0,24000,6000,18000,18000
1414,東和            ,27000,9000,18000,0,0,0,0,0,0,0,0,0,0,0,0,0,18000
1611,中電            ,86000,69000,17000,0,0,0,0,0,0,1000,1000,0,1000,0,0,0,18000
07008P,台郡中信99售02  ,0,0,0,0,0,0,0,0,0,18000,0,0,0,18000,0,18000,18000
2423,固緯            ,60000,43000,17000,0,0,0,0,0,0,1000,1000,0,1000,0,0,0,18000
056579,麗豐元大99購01  ,0,0,0,0,0,0,0,0,0,17000,0,0,0,20000,3000,17000,17000
059619,台積電日盛9A購04,0,0,0,0,0,0,0,0,0,17000,0,0,0,114000,97000,17000,17000
056133,可成元大97購05  ,0,0,0,0,0,0,0,0,0,17000,0,0,0,68000,51000,17000,17000
056412,上証2X中信9A購02,0,0,0,0,0,0,0,0,0,17000,0,0,0,17000,0,17000,17000
06395P,台積電元大97售29,0,0,0,0,0,0,0,0,0,17000,0,0,0,17000,0,17000,17000
06310P,精元元富97售02  ,0,0,0,0,0,0,0,0,0,17000,0,0,0,23000,6000,17000,17000
056895,技嘉元大98購01  ,0,0,0,0,0,0,0,0,0,17000,0,0,0,17000,0,17000,17000
057408,台郡群益98購01  ,0,0,0,0,0,0,0,0,0,17000,0,0,0,17000,0,17000,17000
058376,貿聯凱基9A購01  ,0,0,0,0,0,0,0,0,0,17000,0,0,0,17000,0,17000,17000
055720,宏達電元大97購05,0,0,0,0,0,0,0,0,0,17000,0,0,0,19000,2000,17000,17000
053970,聯發科元大97購08,0,0,0,0,0,0,0,0,0,17000,0,0,0,17000,0,17000,17000
054463,瑞昱凱基97購01  ,0,0,0,0,0,0,0,0,0,17000,0,0,0,17000,0,17000,17000
055592,奇力新元大97購07,0,0,0,0,0,0,0,0,0,17000,0,0,0,17000,0,17000,17000
051371,超眾富邦95購01  ,0,0,0,0,0,0,0,0,0,17000,0,0,0,17000,0,17000,17000
048832,玉晶光凱基95購02,0,0,0,0,0,0,0,0,0,17000,0,0,0,75000,58000,17000,17000
5533,皇鼎            ,17000,0,17000,0,0,0,0,0,0,0,0,0,0,0,0,0,17000
06878P,台灣50日盛9B售01,0,0,0,0,0,0,0,0,0,17000,0,0,0,17000,0,17000,17000
1463,強盛            ,20000,0,20000,0,0,0,0,0,0,-3000,0,3000,-3000,0,0,0,17000
058211,國巨群益9A購02  ,0,0,0,0,0,0,0,0,0,16000,0,0,0,16000,0,16000,16000
06486P,麗豐元大98售02  ,0,0,0,0,0,0,0,0,0,16000,0,0,0,20000,4000,16000,16000
06669P,緯穎凱基98售05  ,0,0,0,0,0,0,0,0,0,16000,0,0,0,16000,0,16000,16000
059704,聯發科凱基9A購08,0,0,0,0,0,0,0,0,0,16000,0,0,0,37000,21000,16000,16000
059691,大立光永豐99購02,0,0,0,0,0,0,0,0,0,16000,0,0,0,16000,0,16000,16000
056494,緯創國泰99購01  ,0,0,0,0,0,0,0,0,0,16000,0,0,0,16000,0,16000,16000
051094,健策元大96購03  ,0,0,0,0,0,0,0,0,0,16000,0,0,0,16000,0,16000,16000
052967,智邦群益96購01  ,0,0,0,0,0,0,0,0,0,16000,0,0,0,16000,0,16000,16000
052454,力成元大95購02  ,0,0,0,0,0,0,0,0,0,16000,0,0,0,16000,0,16000,16000
1524,耿鼎            ,18000,2000,16000,0,0,0,0,0,0,0,0,0,0,0,0,0,16000
1709,和益            ,326000,310000,16000,0,0,0,0,0,0,0,0,0,0,0,0,0,16000
06886P,旺宏元大99售07  ,0,0,0,0,0,0,0,0,0,16000,0,0,0,20000,4000,16000,16000
06765P,欣興元大98售11  ,0,0,0,0,0,0,0,0,0,16000,0,0,0,16000,0,16000,16000
07325P,台積電元大99售41,0,0,0,0,0,0,0,0,0,16000,0,0,0,16000,0,16000,16000
07163P,臺股指群益99售14,0,0,0,0,0,0,0,0,0,16000,0,0,0,34000,18000,16000,16000
3591,艾笛森          ,16000,1000,15000,0,0,0,0,0,0,1000,1000,0,1000,0,0,0,16000
3019,亞光            ,554000,556000,-2000,0,0,0,0,0,0,18000,100000,88000,12000,6000,0,6000,16000
057711,台積電統一9A購03,0,0,0,0,0,0,0,0,0,15000,0,0,0,135000,120000,15000,15000
057641,旺宏元大98購10  ,0,0,0,0,0,0,0,0,0,15000,0,0,0,15000,0,15000,15000
056429,華通凱基98購02  ,0,0,0,0,0,0,0,0,0,15000,0,0,0,15000,0,15000,15000
056703,群創國泰9A購01  ,0,0,0,0,0,0,0,0,0,15000,0,0,0,15000,0,15000,15000
056087,世芯統一97購01  ,0,0,0,0,0,0,0,0,0,15000,0,0,0,15000,0,15000,15000
056194,聯發科富邦9B購01,0,0,0,0,0,0,0,0,0,15000,0,0,0,15000,0,15000,15000
06681P,致茂元大98售02  ,0,0,0,0,0,0,0,0,0,15000,0,0,0,15000,0,15000,15000
06421P,嘉澤統一97售02  ,0,0,0,0,0,0,0,0,0,15000,0,0,0,15000,0,15000,15000
058305,華邦電元大99購02,0,0,0,0,0,0,0,0,0,15000,0,0,0,15000,0,15000,15000
056980,建準群益98購02  ,0,0,0,0,0,0,0,0,0,15000,0,0,0,15000,0,15000,15000
058538,智邦台新99購02  ,0,0,0,0,0,0,0,0,0,15000,0,0,0,420000,405000,15000,15000
058519,嘉澤元大99購01  ,0,0,0,0,0,0,0,0,0,15000,0,0,0,15000,0,15000,15000
058504,台積電元大99購07,0,0,0,0,0,0,0,0,0,15000,0,0,0,15000,0,15000,15000
058609,玉山金元大99購01,0,0,0,0,0,0,0,0,0,15000,0,0,0,15000,0,15000,15000
058598,T50反1元大99購04,0,0,0,0,0,0,0,0,0,15000,0,0,0,15000,0,15000,15000
057293,力成國泰99購01  ,0,0,0,0,0,0,0,0,0,15000,0,0,0,15000,0,15000,15000
057179,可成元大98購04  ,0,0,0,0,0,0,0,0,0,15000,0,0,0,28000,13000,15000,15000
057114,台虹群益98購01  ,0,0,0,0,0,0,0,0,0,15000,0,0,0,15000,0,15000,15000
057555,玉晶光凱基9A購02,0,0,0,0,0,0,0,0,0,15000,0,0,0,15000,0,15000,15000
052478,大立光群益95購05,0,0,0,0,0,0,0,0,0,15000,0,0,0,15000,0,15000,15000
054551,聯發科凱基98購02,0,0,0,0,0,0,0,0,0,15000,0,0,0,15000,0,15000,15000
054630,聯鈞凱基98購01  ,0,0,0,0,0,0,0,0,0,15000,0,0,0,15000,0,15000,15000
054578,世芯元大99購01  ,0,0,0,0,0,0,0,0,0,15000,0,0,0,15000,0,15000,15000
054299,南電元大96購03  ,0,0,0,0,0,0,0,0,0,15000,0,0,0,15000,0,15000,15000
059207,臺指反元大9C購02,0,0,0,0,0,0,0,0,0,15000,0,0,0,15000,0,15000,15000
059272,台灣50元大99購01,0,0,0,0,0,0,0,0,0,15000,0,0,0,15000,0,15000,15000
053026,奇力新富邦98購01,0,0,0,0,0,0,0,0,0,15000,0,0,0,15000,0,15000,15000
052343,同欣電凱基95購03,0,0,0,0,0,0,0,0,0,15000,0,0,0,15000,0,15000,15000
052380,臺股指元大95購21,0,0,0,0,0,0,0,0,0,15000,0,0,0,15000,0,15000,15000
052318,友達元大98購01  ,0,0,0,0,0,0,0,0,0,15000,0,0,0,15000,0,15000,15000
05271P,國巨富邦97售01  ,0,0,0,0,0,0,0,0,0,15000,0,0,0,15000,0,15000,15000
052164,啟碁永豐95購01  ,0,0,0,0,0,0,0,0,0,15000,0,0,0,15000,0,15000,15000
052272,T50反1群益95購03,0,0,0,0,0,0,0,0,0,15000,0,0,0,15000,0,15000,15000
053610,矽力中信98購01  ,0,0,0,0,0,0,0,0,0,15000,0,0,0,15000,0,15000,15000
055415,禾伸堂富邦9B購01,0,0,0,0,0,0,0,0,0,15000,0,0,0,15000,0,15000,15000
055431,和鑫群益98購01  ,0,0,0,0,0,0,0,0,0,15000,0,0,0,15000,0,15000,15000
055833,華通元大98購05  ,0,0,0,0,0,0,0,0,0,15000,0,0,0,15000,0,15000,15000
050895,聯發科元大97購01,0,0,0,0,0,0,0,0,0,15000,0,0,0,15000,0,15000,15000
050982,台積電國泰96購04,0,0,0,0,0,0,0,0,0,15000,0,0,0,15000,0,15000,15000
050526,貿聯元大95購01  ,0,0,0,0,0,0,0,0,0,15000,0,0,0,15000,0,15000,15000
050481,泰鼎國票96購01  ,0,0,0,0,0,0,0,0,0,15000,0,0,0,18000,3000,15000,15000
054727,台積電日盛97購02,0,0,0,0,0,0,0,0,0,15000,0,0,0,15000,0,15000,15000
054840,T50反1兆豐98購01,0,0,0,0,0,0,0,0,0,15000,0,0,0,15000,0,15000,15000
054864,聯發科群益97購02,0,0,0,0,0,0,0,0,0,15000,0,0,0,15000,0,15000,15000
053392,致新元大96購01  ,0,0,0,0,0,0,0,0,0,15000,0,0,0,15000,0,15000,15000
049785,華新科兆豐95購01,0,0,0,0,0,0,0,0,0,15000,0,0,0,25000,10000,15000,15000
051598,瑞昱兆豐95購01  ,0,0,0,0,0,0,0,0,0,15000,0,0,0,15000,0,15000,15000
03604P,群創凱基98售05  ,0,0,0,0,0,0,0,0,0,15000,0,0,0,15000,0,15000,15000
048328,滬深2X永昌94購01,0,0,0,0,0,0,0,0,0,15000,0,0,0,15000,0,15000,15000
6216,居易            ,18000,3000,15000,0,0,0,0,0,0,0,0,0,0,0,0,0,15000
2838A,聯邦銀甲特      ,7000,0,7000,0,0,0,0,0,0,8000,8000,0,8000,0,0,0,15000
3004,豐達科          ,36000,23000,13000,0,0,0,0,0,0,2000,2000,0,2000,0,0,0,15000
07202P,台灣50凱基9C售04,0,0,0,0,0,0,0,0,0,15000,0,0,0,17000,2000,15000,15000
07277P,臺股指群益99售20,0,0,0,0,0,0,0,0,0,15000,0,0,0,15000,0,15000,15000
06978P,聯發科富邦9B售02,0,0,0,0,0,0,0,0,0,15000,0,0,0,15000,0,15000,15000
1612,宏泰            ,28000,13000,15000,0,0,0,0,0,0,0,0,0,0,0,0,0,15000
07386P,臺股指群益99售24,0,0,0,0,0,0,0,0,0,15000,0,0,0,17000,2000,15000,15000
8374,羅昇            ,17000,2000,15000,0,0,0,0,0,0,0,0,0,0,0,0,0,15000
057985,華通元富02購03  ,0,0,0,0,0,0,0,0,0,14000,0,0,0,98000,84000,14000,14000
057370,可成元大98購07  ,0,0,0,0,0,0,0,0,0,14000,0,0,0,16000,2000,14000,14000
06509P,鴻海群益98售03  ,0,0,0,0,0,0,0,0,0,14000,0,0,0,14000,0,14000,14000
06103P,漢唐凱基97售02  ,0,0,0,0,0,0,0,0,0,14000,0,0,0,15000,1000,14000,14000
059916,聯發科元大99購33,0,0,0,0,0,0,0,0,0,14000,0,0,0,14000,0,14000,14000
059515,牧德永豐99購01  ,0,0,0,0,0,0,0,0,0,14000,0,0,0,53000,39000,14000,14000
059558,T50正2凱基9C購03,0,0,0,0,0,0,0,0,0,14000,0,0,0,38000,24000,14000,14000
03618C,高股息凱基95牛01,0,0,0,0,0,0,0,0,0,14000,0,0,0,14000,0,14000,14000
051365,瀚宇博國泰97購01,0,0,0,0,0,0,0,0,0,14000,0,0,0,14000,0,14000,14000
04400P,台積電兆豐95售02,0,0,0,0,0,0,0,0,0,14000,0,0,0,24000,10000,14000,14000
051251,信邦元大95購01  ,0,0,0,0,0,0,0,0,0,14000,0,0,0,14000,0,14000,14000
050252,聯發科國泰95購01,0,0,0,0,0,0,0,0,0,14000,0,0,0,14000,0,14000,14000
059081,和大元大99購01  ,0,0,0,0,0,0,0,0,0,14000,0,0,0,14000,0,14000,14000
05467P,聯電元大95售02  ,0,0,0,0,0,0,0,0,0,14000,0,0,0,15000,1000,14000,14000
053836,亞光永豐96購02  ,0,0,0,0,0,0,0,0,0,14000,0,0,0,14000,0,14000,14000
07344P,鴻海富邦9A售03  ,0,0,0,0,0,0,0,0,0,14000,0,0,0,80000,66000,14000,14000
1339,昭輝            ,67000,53000,14000,0,0,0,0,0,0,0,0,0,0,0,0,0,14000
06955P,臻鼎元富99售01  ,0,0,0,0,0,0,0,0,0,14000,0,0,0,29000,15000,14000,14000
06957P,FBVIX凱基01售01 ,0,0,0,0,0,0,0,0,0,14000,0,0,0,14000,0,14000,14000
07322P,鴻海元大99售33  ,0,0,0,0,0,0,0,0,0,14000,0,0,0,20000,6000,14000,14000
07149P,健鼎元大99售03  ,0,0,0,0,0,0,0,0,0,14000,0,0,0,21000,7000,14000,14000
2228,劍麟            ,108000,94000,14000,0,0,0,0,0,0,0,0,0,0,0,0,0,14000
5258,虹堡            ,75000,59000,16000,0,0,0,0,0,0,-2000,1000,3000,-2000,0,0,0,14000
4720,德淵            ,26000,12000,14000,0,0,0,0,0,0,0,0,0,0,0,0,0,14000
3694,海華            ,19000,5000,14000,0,0,0,0,0,0,0,0,0,0,0,0,0,14000
057782,台積電國票99購07,0,0,0,0,0,0,0,0,0,13000,0,0,0,469000,456000,13000,13000
058773,和碩兆豐99購01  ,0,0,0,0,0,0,0,0,0,13000,0,0,0,13000,0,13000,13000
059690,建準永豐99購01  ,0,0,0,0,0,0,0,0,0,13000,0,0,0,90000,77000,13000,13000
056788,日月光群益98購01,0,0,0,0,0,0,0,0,0,13000,0,0,0,13000,0,13000,13000
06717P,可成元大98售09  ,0,0,0,0,0,0,0,0,0,13000,0,0,0,60000,47000,13000,13000
056899,可成元大98購01  ,0,0,0,0,0,0,0,0,0,13000,0,0,0,13000,0,13000,13000
059991,超眾元大9A購02  ,0,0,0,0,0,0,0,0,0,13000,0,0,0,13000,0,13000,13000
058131,義隆元大99購02  ,0,0,0,0,0,0,0,0,0,13000,0,0,0,120000,107000,13000,13000
058231,技嘉元大99購02  ,0,0,0,0,0,0,0,0,0,13000,0,0,0,13000,0,13000,13000
058046,國巨元大9A購01  ,0,0,0,0,0,0,0,0,0,13000,0,0,0,13000,0,13000,13000
053935,華通元富96購02  ,0,0,0,0,0,0,0,0,0,13000,0,0,0,13000,0,13000,13000
052552,智邦國票97購01  ,0,0,0,0,0,0,0,0,0,13000,0,0,0,13000,0,13000,13000
05341P,臺股指兆豐95售02,0,0,0,0,0,0,0,0,0,13000,0,0,0,22000,9000,13000,13000
050121,南電元大95購02  ,0,0,0,0,0,0,0,0,0,13000,0,0,0,24000,11000,13000,13000
044927,聯詠國泰94購01  ,0,0,0,0,0,0,0,0,0,13000,0,0,0,13000,0,13000,13000
042793,台積電台新9C購01,0,0,0,0,0,0,0,0,0,13000,0,0,0,21000,8000,13000,13000
057573,京鼎永豐98購02  ,0,0,0,0,0,0,0,0,0,12000,0,0,0,12000,0,12000,12000
057178,可成元大98購03  ,0,0,0,0,0,0,0,0,0,12000,0,0,0,15000,3000,12000,12000
06152P,玉晶光元大98售06,0,0,0,0,0,0,0,0,0,12000,0,0,0,12000,0,12000,12000
056213,建準國票98購02  ,0,0,0,0,0,0,0,0,0,12000,0,0,0,30000,18000,12000,12000
05994P,奇鋐元大96售02  ,0,0,0,0,0,0,0,0,0,12000,0,0,0,28000,16000,12000,12000
058878,旭富國泰9B購01  ,0,0,0,0,0,0,0,0,0,12000,0,0,0,28000,16000,12000,12000
056500,大立光富邦9B購02,0,0,0,0,0,0,0,0,0,12000,0,0,0,12000,0,12000,12000
059708,立積凱基9A購02  ,0,0,0,0,0,0,0,0,0,12000,0,0,0,12000,0,12000,12000
059695,聯鈞永豐99購02  ,0,0,0,0,0,0,0,0,0,12000,0,0,0,50000,38000,12000,12000
05956P,漢唐國票96售02  ,0,0,0,0,0,0,0,0,0,12000,0,0,0,26000,14000,12000,12000
045189,大立光元富98購01,0,0,0,0,0,0,0,0,0,12000,0,0,0,12000,0,12000,12000
051399,玉晶光台新96購01,0,0,0,0,0,0,0,0,0,12000,0,0,0,12000,0,12000,12000
051591,玉晶光元大97購01,0,0,0,0,0,0,0,0,0,12000,0,0,0,12000,0,12000,12000
04776P,聯發科凱基94售06,0,0,0,0,0,0,0,0,0,12000,0,0,0,12000,0,12000,12000
051970,元黃金凱基98購01,0,0,0,0,0,0,0,0,0,12000,0,0,0,12000,0,12000,12000
054731,S&P反1凱基98購01,0,0,0,0,0,0,0,0,0,12000,0,0,0,13000,1000,12000,12000
055380,智易元大98購02  ,0,0,0,0,0,0,0,0,0,12000,0,0,0,32000,20000,12000,12000
055686,致伸凱基97購02  ,0,0,0,0,0,0,0,0,0,12000,0,0,0,80000,68000,12000,12000
054296,世芯元大97購01  ,0,0,0,0,0,0,0,0,0,12000,0,0,0,12000,0,12000,12000
05424P,台達電亞東96售02,0,0,0,0,0,0,0,0,0,12000,0,0,0,12000,0,12000,12000
059073,元油2X元大9C購14,0,0,0,0,0,0,0,0,0,12000,0,0,0,159000,147000,12000,12000
059415,台灣50元大9A購03,0,0,0,0,0,0,0,0,0,12000,0,0,0,24000,12000,12000,12000
3346,麗清            ,39000,27000,12000,0,0,0,0,0,0,0,0,0,0,0,0,0,12000
5484,慧友            ,12000,0,12000,0,0,0,0,0,0,0,0,0,0,0,0,0,12000
2351,順德            ,146000,121000,25000,0,0,0,0,0,0,-13000,0,13000,-13000,0,0,0,12000
2882A,國泰特          ,9000,0,9000,0,0,0,0,0,0,3000,3000,0,3000,0,0,0,12000
07373P,A50正2元大99售01,0,0,0,0,0,0,0,0,0,12000,0,0,0,12000,0,12000,12000
1441,大東            ,22000,10000,12000,0,0,0,0,0,0,0,0,0,0,0,0,0,12000
059648,台表科凱基99購03,0,0,0,0,0,0,0,0,0,11000,0,0,0,30000,19000,11000,11000
059350,樺漢凱基9A購01  ,0,0,0,0,0,0,0,0,0,11000,0,0,0,11000,0,11000,11000
06657P,寶成元大98售01  ,0,0,0,0,0,0,0,0,0,11000,0,0,0,22000,11000,11000,11000
060019,彰銀康和99購01  ,0,0,0,0,0,0,0,0,0,11000,0,0,0,11000,0,11000,11000
056978,技嘉群益99購01  ,0,0,0,0,0,0,0,0,0,11000,0,0,0,11000,0,11000,11000
057029,緯穎凱基98購04  ,0,0,0,0,0,0,0,0,0,11000,0,0,0,20000,9000,11000,11000
057095,祥碩元富98購02  ,0,0,0,0,0,0,0,0,0,11000,0,0,0,11000,0,11000,11000
058347,玉晶光群益9B購01,0,0,0,0,0,0,0,0,0,11000,0,0,0,11000,0,11000,11000
059049,元油2X凱基9A購12,0,0,0,0,0,0,0,0,0,11000,0,0,0,11000,0,11000,11000
059211,鴻海元大99購27  ,0,0,0,0,0,0,0,0,0,11000,0,0,0,11000,0,11000,11000
054534,台積電富邦98購03,0,0,0,0,0,0,0,0,0,11000,0,0,0,11000,0,11000,11000
055605,緯穎元大97購02  ,0,0,0,0,0,0,0,0,0,11000,0,0,0,11000,0,11000,11000
053155,晶技元大97購02  ,0,0,0,0,0,0,0,0,0,11000,0,0,0,11000,0,11000,11000
049385,茂林元大94購03  ,0,0,0,0,0,0,0,0,0,11000,0,0,0,11000,0,11000,11000
050171,臺指反元大97購03,0,0,0,0,0,0,0,0,0,11000,0,0,0,15000,4000,11000,11000
03111P,元油2X富邦97售01,0,0,0,0,0,0,0,0,0,11000,0,0,0,11000,0,11000,11000
00743,國泰中國A150    ,0,0,0,0,0,0,0,0,0,11000,0,0,0,11000,0,11000,11000
00682U,元大美元指數    ,0,0,0,0,0,0,0,0,0,11000,0,0,0,12000,1000,11000,11000
051577,台積電元大97購03,0,0,0,0,0,0,0,0,0,11000,0,0,0,11000,0,11000,11000
051635,大立光國票96購04,0,0,0,0,0,0,0,0,0,11000,0,0,0,17000,6000,11000,11000
1465,偉全            ,13000,2000,11000,0,0,0,0,0,0,0,0,0,0,0,0,0,11000
1220,台榮            ,14000,3000,11000,0,0,0,0,0,0,0,0,0,0,0,0,0,11000
06963P,鴻海凱基99售04  ,0,0,0,0,0,0,0,0,0,11000,0,0,0,11000,0,11000,11000
2484,希華            ,101000,90000,11000,0,0,0,0,0,0,0,0,0,0,0,0,0,11000
2305,全友            ,16000,5000,11000,0,0,0,0,0,0,0,0,0,0,0,0,0,11000
5608,四維航          ,16000,3000,13000,0,0,0,0,0,0,-2000,0,2000,-2000,0,0,0,11000
6531,愛普            ,515000,504000,11000,0,0,0,0,0,0,0,0,0,0,0,0,0,11000
8404,百和興業-KY     ,78000,67000,11000,0,0,0,0,0,0,0,0,0,0,0,0,0,11000
058123,亞光國票9A購01  ,0,0,0,0,0,0,0,0,0,10000,0,0,0,10000,0,10000,10000
058403,玉晶光元大99購12,0,0,0,0,0,0,0,0,0,10000,0,0,0,10000,0,10000,10000
058088,鴻海元大9A購01  ,0,0,0,0,0,0,0,0,0,10000,0,0,0,10000,0,10000,10000
058492,華通群益9B購01  ,0,0,0,0,0,0,0,0,0,10000,0,0,0,10000,0,10000,10000
058258,世芯國泰9A購01  ,0,0,0,0,0,0,0,0,0,10000,0,0,0,10000,0,10000,10000
05898P,旺宏凱基96售06  ,0,0,0,0,0,0,0,0,0,10000,0,0,0,10000,0,10000,10000
059000,台積電元大99購25,0,0,0,0,0,0,0,0,0,10000,0,0,0,180000,170000,10000,10000
058715,鴻海台新99購02  ,0,0,0,0,0,0,0,0,0,10000,0,0,0,10000,0,10000,10000
058713,國巨統一9B購02  ,0,0,0,0,0,0,0,0,0,10000,0,0,0,10000,0,10000,10000
058553,合勤控永豐99購01,0,0,0,0,0,0,0,0,0,10000,0,0,0,13000,3000,10000,10000
058612,健策元大99購02  ,0,0,0,0,0,0,0,0,0,10000,0,0,0,10000,0,10000,10000
058628,宏達電國票9A購01,0,0,0,0,0,0,0,0,0,10000,0,0,0,10000,0,10000,10000
058618,南電元大99購02  ,0,0,0,0,0,0,0,0,0,10000,0,0,0,10000,0,10000,10000
058699,楠梓電元大99購02,0,0,0,0,0,0,0,0,0,10000,0,0,0,40000,30000,10000,10000
057177,奇力新元大99購04,0,0,0,0,0,0,0,0,0,10000,0,0,0,10000,0,10000,10000
057185,群創元大98購06  ,0,0,0,0,0,0,0,0,0,10000,0,0,0,10000,0,10000,10000
057160,佐登永豐98購02  ,0,0,0,0,0,0,0,0,0,10000,0,0,0,10000,0,10000,10000
057564,台積電富邦9B購03,0,0,0,0,0,0,0,0,0,10000,0,0,0,10000,0,10000,10000
057512,華邦電台新98購01,0,0,0,0,0,0,0,0,0,10000,0,0,0,10000,0,10000,10000
057518,世紀鋼元富98購01,0,0,0,0,0,0,0,0,0,10000,0,0,0,10000,0,10000,10000
057354,聯鈞統一99購03  ,0,0,0,0,0,0,0,0,0,10000,0,0,0,10000,0,10000,10000
057356,彩晶統一98購04  ,0,0,0,0,0,0,0,0,0,10000,0,0,0,10000,0,10000,10000
057309,南茂兆豐99購01  ,0,0,0,0,0,0,0,0,0,10000,0,0,0,10000,0,10000,10000
057314,全新麥證98購01  ,0,0,0,10000,0,10000,0,0,0,10000,0,0,0,10000,0,10000,10000
057317,技嘉凱基98購02  ,0,0,0,0,0,0,0,0,0,10000,0,0,0,10000,0,10000,10000
057447,智邦元富02購01  ,0,0,0,0,0,0,0,0,0,10000,0,0,0,10000,0,10000,10000
057993,中環中信98購01  ,0,0,0,0,0,0,0,0,0,10000,0,0,0,10000,0,10000,10000
057996,臻鼎中信98購01  ,0,0,0,0,0,0,0,0,0,10000,0,0,0,10000,0,10000,10000
057221,華通國票98購03  ,0,0,0,0,0,0,0,0,0,10000,0,0,0,10000,0,10000,10000
05719P,可成元大96售03  ,0,0,0,0,0,0,0,0,0,10000,0,0,0,10000,0,10000,10000
05727P,新光金日盛96售02,0,0,0,0,0,0,0,0,0,10000,0,0,0,10000,0,10000,10000
057051,群創元大9B購03  ,0,0,0,0,0,0,0,0,0,10000,0,0,0,10000,0,10000,10000
056890,國巨元大98購11  ,0,0,0,0,0,0,0,0,0,10000,0,0,0,15000,5000,10000,10000
056852,矽格元富98購01  ,0,0,0,0,0,0,0,0,0,10000,0,0,0,10000,0,10000,10000
056819,奇力新永豐98購01,0,0,0,0,0,0,0,0,0,10000,0,0,0,10000,0,10000,10000
06010P,國泰金元富96售01,0,0,0,0,0,0,0,0,0,10000,0,0,0,10000,0,10000,10000
058138,晶相光元大9C購01,0,0,0,0,0,0,0,0,0,10000,0,0,0,10000,0,10000,10000
06474P,鴻海富邦98售03  ,0,0,0,0,0,0,0,0,0,10000,0,0,0,10000,0,10000,10000
06429P,大立光元大97售15,0,0,0,0,0,0,0,0,0,10000,0,0,0,10000,0,10000,10000
06382P,大毅元富97售02  ,0,0,0,0,0,0,0,0,0,10000,0,0,0,10000,0,10000,10000
06270P,致伸凱基97售03  ,0,0,0,0,0,0,0,0,0,10000,0,0,0,10000,0,10000,10000
059330,台灣50國票99購10,0,0,0,0,0,0,0,0,0,10000,0,0,0,13000,3000,10000,10000
056512,易華電永豐98購01,0,0,0,0,0,0,0,0,0,10000,0,0,0,10000,0,10000,10000
056445,聯發科凱基98購07,0,0,0,0,0,0,0,0,0,10000,0,0,0,10000,0,10000,10000
056491,南亞科國泰99購01,0,0,0,0,0,0,0,0,0,10000,0,0,0,10000,0,10000,10000
057702,同欣電群益99購01,0,0,0,0,0,0,0,0,0,10000,0,0,0,10000,0,10000,10000
057675,同欣電元大98購02,0,0,0,0,0,0,0,0,0,10000,0,0,0,100000,90000,10000,10000
058788,喬山元大99購01  ,0,0,0,0,0,0,0,0,0,10000,0,0,0,10000,0,10000,10000
059644,茂林凱基99購03  ,0,1000,-1000,0,0,0,0,0,0,11000,0,0,0,11000,0,11000,10000
057791,可成統一99購01  ,0,0,0,0,0,0,0,0,0,10000,0,0,0,10000,0,10000,10000
059552,台灣50凱基99購04,0,0,0,0,0,0,0,0,0,10000,0,0,0,10000,0,10000,10000
056566,臻鼎群益98購01  ,0,0,0,0,0,0,0,0,0,10000,0,0,0,10000,0,10000,10000
056538,國泰金凱基98購01,0,0,0,0,0,0,0,0,0,10000,0,0,0,192000,182000,10000,10000
059956,玉山金康和99購01,0,0,0,0,0,0,0,0,0,10000,0,0,0,222000,212000,10000,10000
059927,台灣50富邦9A購01,0,0,0,0,0,0,0,0,0,10000,0,0,0,10000,0,10000,10000
055937,康舒群益97購01  ,0,0,0,0,0,0,0,0,0,10000,0,0,0,10000,0,10000,10000
055912,宏達電凱基98購03,0,0,0,0,0,0,0,0,0,10000,0,0,0,12000,2000,10000,10000
055961,國泰金元大97購01,0,0,0,0,0,0,0,0,0,10000,0,0,0,10000,0,10000,10000
059892,台灣50台新9A購02,0,0,0,0,0,0,0,0,0,10000,0,0,0,10000,0,10000,10000
059720,台積電元大99購43,0,0,0,0,0,0,0,0,0,10000,0,0,0,10000,0,10000,10000
059800,T50反1元富99購09,0,0,0,0,0,0,0,0,0,10000,0,0,0,10000,0,10000,10000
056309,合勤控元大97購01,0,0,0,0,0,0,0,0,0,10000,0,0,0,10000,0,10000,10000
056323,旺宏兆豐98購01  ,0,0,0,0,0,0,0,0,0,10000,0,0,0,10000,0,10000,10000
056263,友訊統一99購01  ,0,0,0,0,0,0,0,0,0,10000,0,0,0,10000,0,10000,10000
056059,美律元大98購02  ,0,0,0,0,0,0,0,0,0,10000,0,0,0,10000,0,10000,10000
056034,華通凱基98購01  ,0,0,0,0,0,0,0,0,0,10000,0,0,0,10000,0,10000,10000
056169,鴻海元富97購08  ,0,0,0,0,0,0,0,0,0,10000,0,0,0,50000,40000,10000,10000
056685,光罩統一98購03  ,0,0,0,0,0,0,0,0,0,10000,0,0,0,10000,0,10000,10000
055902,同欣電中信99購01,0,0,0,0,0,0,0,0,0,10000,0,0,0,10000,0,10000,10000
055842,建準元大98購01  ,0,0,0,0,0,0,0,0,0,10000,0,0,0,10000,0,10000,10000
056404,嘉聯益群益9A購01,0,0,0,0,0,0,0,0,0,10000,0,0,0,10000,0,10000,10000
056410,康控國票99購01  ,0,0,0,0,0,0,0,0,0,10000,0,0,0,10000,0,10000,10000
056385,創意國泰99購01  ,0,0,0,0,0,0,0,0,0,10000,0,0,0,10000,0,10000,10000
056360,智邦元大98購01  ,0,0,0,0,0,0,0,0,0,10000,0,0,0,10000,0,10000,10000
048794,易華電元大97購01,0,0,0,0,0,0,0,0,0,10000,0,0,0,10000,0,10000,10000
051700,深中小群益99購04,0,0,0,0,0,0,0,0,0,10000,0,0,0,10000,0,10000,10000
051479,兆豐金凱基95購01,0,0,0,0,0,0,0,0,0,10000,0,0,0,10000,0,10000,10000
051522,玉晶光凱基95購05,0,0,0,0,0,0,0,0,0,10000,0,0,0,10000,0,10000,10000
048629,滬深2X元大96購04,0,0,0,0,0,0,0,0,0,10000,0,0,0,10000,0,10000,10000
051435,聯茂元富95購01  ,0,0,0,0,0,0,0,0,0,10000,0,0,0,10000,0,10000,10000
051352,南亞科元大95購02,0,0,0,0,0,0,0,0,0,10000,0,0,0,10000,0,10000,10000
04452P,超眾國泰95售01  ,0,0,0,0,0,0,0,0,0,10000,0,0,0,10000,0,10000,10000
00770,國泰北美科技    ,0,9000,-9000,0,0,0,0,0,0,19000,0,0,0,129000,110000,19000,10000
03025X,元展22          ,0,0,0,0,0,0,0,0,0,10000,0,0,0,10000,0,10000,10000
04605P,台積電兆豐94售03,0,0,0,0,0,0,0,0,0,10000,0,0,0,20000,10000,10000,10000
045882,滬深2X元大95購01,0,0,0,0,0,0,0,0,0,10000,0,0,0,10000,0,10000,10000
047854,滬深2X國票96購02,0,0,0,0,0,0,0,0,0,10000,0,0,0,10000,0,10000,10000
04725P,華新科凱基94售07,0,0,0,0,0,0,0,0,0,10000,0,0,0,10000,0,10000,10000
047521,台積電元大94購03,0,0,0,0,0,0,0,0,0,10000,0,0,0,10000,0,10000,10000
047529,嘉晶元大94購02  ,0,0,0,0,0,0,0,0,0,10000,0,0,0,10000,0,10000,10000
050173,旺宏元大96購02  ,0,0,0,0,0,0,0,0,0,10000,0,0,0,10000,0,10000,10000
050292,可成凱基94購11  ,0,0,0,0,0,0,0,0,0,10000,0,0,0,10000,0,10000,10000
05044P,亞德客永豐95售01,0,0,0,0,0,0,0,0,0,10000,0,0,0,10000,0,10000,10000
050543,聯發科凱基95購01,0,0,0,0,0,0,0,0,0,10000,0,0,0,10000,0,10000,10000
050551,大立光凱基95購05,0,0,0,0,0,0,0,0,0,10000,0,0,0,10000,0,10000,10000
050561,上証2X元富97購01,0,0,0,0,0,0,0,0,0,10000,0,0,0,10000,0,10000,10000
050603,致新國泰96購01  ,0,0,0,0,0,0,0,0,0,10000,0,0,0,10000,0,10000,10000
050618,緯創元大95購01  ,0,0,0,0,0,0,0,0,0,10000,0,0,0,10000,0,10000,10000
049429,國巨國票95購01  ,0,0,0,0,0,0,0,0,0,10000,0,0,0,10000,0,10000,10000
049430,國巨國票95購02  ,0,0,0,0,0,0,0,0,0,10000,0,0,0,10000,0,10000,10000
049252,國巨元大96購01  ,0,0,0,0,0,0,0,0,0,10000,0,0,0,110000,100000,10000,10000
049469,元金2X永豐94購01,0,0,0,0,0,0,0,0,0,10000,0,0,0,10000,0,10000,10000
051969,世紀鋼永豐95購01,0,0,0,0,0,0,0,0,0,10000,0,0,0,10000,0,10000,10000
051995,矽力元大95購03  ,0,0,0,0,0,0,0,0,0,10000,0,0,0,10000,0,10000,10000
051953,矽力元富95購03  ,0,0,0,0,0,0,0,0,0,10000,0,0,0,10000,0,10000,10000
051153,鴻海國泰97購02  ,0,0,0,0,0,0,0,0,0,10000,0,0,0,10000,0,10000,10000
051039,台表科康和95購01,0,0,0,0,0,0,0,0,0,10000,0,0,0,10000,0,10000,10000
050988,廣達富邦95購01  ,0,0,0,0,0,0,0,0,0,10000,0,0,0,10000,0,10000,10000
051001,緯穎元大96購02  ,0,0,0,0,0,0,0,0,0,10000,0,0,0,10000,0,10000,10000
050884,聯茂國泰96購01  ,0,0,0,0,0,0,0,0,0,10000,0,0,0,10000,0,10000,10000
050702,崇越凱基94購01  ,0,0,0,0,0,0,0,0,0,10000,0,0,0,10000,0,10000,10000
050714,深中小群益98購01,0,0,0,0,0,0,0,0,0,10000,0,0,0,10000,0,10000,10000
050633,義隆群益96購02  ,0,0,0,0,0,0,0,0,0,10000,0,0,0,10000,0,10000,10000
050645,台積電凱基94購39,0,0,0,0,0,0,0,0,0,10000,0,0,0,30000,20000,10000,10000
054730,上証2X凱基98購02,0,0,0,0,0,0,0,0,0,10000,0,0,0,10000,0,10000,10000
055004,群創元富99購06  ,0,0,0,0,0,0,0,0,0,10000,0,0,0,10000,0,10000,10000
055039,神達富邦99購01  ,0,0,0,0,0,0,0,0,0,10000,0,0,0,10000,0,10000,10000
053407,台積電兆豐96購02,0,0,0,0,0,0,0,0,0,10000,0,0,0,10000,0,10000,10000
055151,台積電元大98購05,0,0,0,0,0,0,0,0,0,10000,0,0,0,10000,0,10000,10000
055209,勤誠康和97購01  ,0,0,0,0,0,0,0,0,0,10000,0,0,0,55000,45000,10000,10000
051193,新日興兆豐96購01,0,0,0,0,0,0,0,0,0,10000,0,0,0,10000,0,10000,10000
049599,樺漢元大95購01  ,0,0,0,0,0,0,0,0,0,10000,0,0,0,10000,0,10000,10000
049649,信邦凱基94購01  ,0,0,0,0,0,0,0,0,0,10000,0,0,0,10000,0,10000,10000
049751,牧德永豐95購01  ,0,0,0,0,0,0,0,0,0,10000,0,0,0,70000,60000,10000,10000
049766,滬深2X元富94購02,0,0,0,0,0,0,0,0,0,10000,0,0,0,10000,0,10000,10000
054891,聯鈞統一99購02  ,0,0,0,0,0,0,0,0,0,10000,0,0,0,10000,0,10000,10000
053209,台積電凱基96購07,0,0,0,0,0,0,0,0,0,10000,0,0,0,10000,0,10000,10000
053251,世紀鋼國票97購02,0,0,0,0,0,0,0,0,0,10000,0,0,0,10000,0,10000,10000
053082,聯電元大98購03  ,0,0,0,0,0,0,0,0,0,10000,0,0,0,10000,0,10000,10000
053065,大立光群益96購01,0,0,0,0,0,0,0,0,0,10000,0,0,0,10000,0,10000,10000
052354,健策群益96購02  ,0,0,0,0,0,0,0,0,0,10000,0,0,0,10000,0,10000,10000
053194,緯穎統一99購01  ,0,0,0,0,0,0,0,0,0,10000,0,0,0,10000,0,10000,10000
052858,華通凱基97購02  ,0,0,0,0,0,0,0,0,0,10000,0,0,0,10000,0,10000,10000
052838,新唐國泰98購01  ,0,0,0,0,0,0,0,0,0,10000,0,0,0,10000,0,10000,10000
052806,玉晶光元大98購04,0,0,0,0,0,0,0,0,0,10000,0,0,0,10000,0,10000,10000
055603,超眾元大97購04  ,0,0,0,0,0,0,0,0,0,10000,0,0,0,10000,0,10000,10000
055564,茂林凱基98購01  ,0,0,0,0,0,0,0,0,0,10000,0,0,0,10000,0,10000,10000
055565,祥碩凱基97購01  ,0,0,0,0,0,0,0,0,0,10000,0,0,0,10000,0,10000,10000
055501,創意元大97購01  ,0,0,0,0,0,0,0,0,0,10000,0,0,0,10000,0,10000,10000
052718,新唐凱基96購01  ,0,0,0,0,0,0,0,0,0,10000,0,0,0,10000,0,10000,10000
052738,聯電元大98購02  ,0,0,0,0,0,0,0,0,0,10000,0,0,0,10000,0,10000,10000
052630,滬深2X日盛96購01,0,0,0,0,0,0,0,0,0,10000,0,0,0,10000,0,10000,10000
052635,奇力新凱基98購01,0,0,0,0,0,0,0,0,0,10000,0,0,0,10000,0,10000,10000
052638,緯創凱基96購02  ,0,0,0,0,0,0,0,0,0,10000,0,0,0,10000,0,10000,10000
052685,技嘉元大96購01  ,0,0,0,0,0,0,0,0,0,10000,0,0,0,10000,0,10000,10000
054171,台郡凱基97購01  ,0,0,0,0,0,0,0,0,0,10000,0,0,0,10000,0,10000,10000
055341,台達電凱基97購02,0,0,0,0,0,0,0,0,0,10000,0,0,0,10000,0,10000,10000
054113,奇力新台新97購01,0,0,0,0,0,0,0,0,0,10000,0,0,0,10000,0,10000,10000
054117,宏全康和96購01  ,0,0,0,0,0,0,0,0,0,10000,0,0,0,10000,0,10000,10000
05412P,泰碩國票95售02  ,0,0,0,0,0,0,0,0,0,10000,0,0,0,10000,0,10000,10000
055807,勤誠永豐97購01  ,0,0,0,0,0,0,0,0,0,10000,0,0,0,10000,0,10000,10000
052173,廣達元大95購02  ,0,0,0,0,0,0,0,0,0,10000,0,0,0,10000,0,10000,10000
052239,泰鼎國票97購01  ,0,0,0,0,0,0,0,0,0,10000,0,0,0,10000,0,10000,10000
052071,臺股指兆豐95購01,0,0,0,0,0,0,0,0,0,10000,0,0,0,10000,0,10000,10000
053521,緯穎群益96購02  ,0,0,0,0,0,0,0,0,0,10000,0,0,0,10000,0,10000,10000
054555,欣興凱基98購01  ,0,0,0,0,0,0,0,0,0,10000,0,0,0,10000,0,10000,10000
054504,聯鈞永豐96購01  ,0,0,0,0,0,0,0,0,0,10000,0,0,0,10000,0,10000,10000
054425,聯發科富邦99購03,0,0,0,0,0,0,0,0,0,10000,0,0,0,10000,0,10000,10000
054641,祥碩中信98購01  ,0,0,0,0,0,0,0,0,0,10000,0,0,0,10000,0,10000,10000
054256,創意元大96購07  ,0,0,0,0,0,0,0,0,0,10000,0,0,0,10000,0,10000,10000
054261,智伸科元大96購03,0,0,0,0,0,0,0,0,0,10000,0,0,0,10000,0,10000,10000
054278,晶技群益97購02  ,0,0,0,0,0,0,0,0,0,10000,0,0,0,10000,0,10000,10000
054400,健策永豐96購02  ,0,0,0,0,0,0,0,0,0,10000,0,0,0,10000,0,10000,10000
054390,智邦元富96購03  ,0,0,0,0,0,0,0,0,0,10000,0,0,0,10000,0,10000,10000
055711,上銀元大97購04  ,0,0,0,0,0,0,0,0,0,10000,0,0,0,10000,0,10000,10000
055722,聯鈞元大97購03  ,0,0,0,0,0,0,0,0,0,10000,0,0,0,10000,0,10000,10000
05396P,台郡元大95售05  ,0,0,0,0,0,0,0,0,0,10000,0,0,0,10000,0,10000,10000
055645,技嘉元富97購01  ,0,0,0,0,0,0,0,0,0,10000,0,0,0,10000,0,10000,10000
055661,亞德客中信98購01,0,0,0,0,0,0,0,0,0,10000,0,0,0,10000,0,10000,10000
052452,茂林元大95購03  ,0,0,0,0,0,0,0,0,0,10000,0,0,0,10000,0,10000,10000
053815,聯發科群益96購01,0,0,0,0,0,0,0,0,0,10000,0,0,0,10000,0,10000,10000
053777,台積電元大96購20,0,0,0,0,0,0,0,0,0,10000,0,0,0,10000,0,10000,10000
059229,臺股指元大99購22,0,0,0,0,0,0,0,0,0,10000,0,0,0,10000,0,10000,10000
059294,宏達電元富9B購02,0,0,0,0,0,0,0,0,0,10000,0,0,0,10000,0,10000,10000
5525,順天            ,32000,22000,10000,0,0,0,0,0,0,0,0,0,0,0,0,0,10000
3679,新至陞          ,17000,7000,10000,0,0,0,0,0,0,0,0,0,0,0,0,0,10000
2425,承啟            ,171000,161000,10000,0,0,0,0,0,0,0,0,0,0,0,0,0,10000
2427,三商電          ,6000,0,6000,0,0,0,0,0,0,4000,4000,0,4000,0,0,0,10000
2450,神腦            ,41000,30000,11000,0,0,0,0,0,0,-1000,1000,2000,-1000,0,0,0,10000
2704,國賓            ,15000,5000,10000,0,0,0,0,0,0,0,0,0,0,0,0,0,10000
06954P,大立光元富99售01,0,0,0,0,0,0,0,0,0,10000,0,0,0,20000,10000,10000,10000
07064P,臺股指元大9A售25,0,0,0,0,0,0,0,0,0,10000,0,0,0,10000,0,10000,10000
07106P,國巨統一9B售05  ,0,0,0,0,0,0,0,0,0,10000,0,0,0,10000,0,10000,10000
07011P,宏達電凱基99售02,0,0,0,0,0,0,0,0,0,10000,0,0,0,10000,0,10000,10000
06761P,台積電元大99售05,0,0,0,0,0,0,0,0,0,10000,0,0,0,10000,0,10000,10000
06872P,亞德客元富98售04,0,0,0,0,0,0,0,0,0,10000,0,0,0,10000,0,10000,10000
06913P,聯發科元大98售14,0,0,0,0,0,0,0,0,0,10000,0,0,0,10000,0,10000,10000
06926P,可成群益9A售04  ,0,0,0,0,0,0,0,0,0,10000,0,0,0,10000,0,10000,10000
07175P,聯詠凱基99售02  ,0,0,0,0,0,0,0,0,0,10000,0,0,0,10000,0,10000,10000
07225P,台積電元大99售33,0,0,0,0,0,0,0,0,0,10000,0,0,0,10000,0,10000,10000
07329P,台灣50群益9A售07,0,0,0,0,0,0,0,0,0,10000,0,0,0,10000,0,10000,10000
07247P,聯發科凱基9A售06,0,0,0,0,0,0,0,0,0,10000,0,0,0,10000,0,10000,10000
07394P,國巨群益99售12  ,0,0,0,0,0,0,0,0,0,10000,0,0,0,10000,0,10000,10000
1454,台富            ,11000,1000,10000,0,0,0,0,0,0,0,0,0,0,0,0,0,10000
1436,華友聯          ,11000,1000,10000,0,0,0,0,0,0,0,0,0,0,0,0,0,10000
1603,華電            ,14000,4000,10000,0,0,0,0,0,0,0,0,0,0,0,0,0,10000
057895,全新元富9B購01  ,0,0,0,0,0,0,0,0,0,9000,0,0,0,9000,0,9000,9000
057923,晶豪科凱基98購02,0,0,0,0,0,0,0,0,0,9000,0,0,0,9000,0,9000,9000
056110,嘉聯益永豐97購02,0,0,0,0,0,0,0,0,0,9000,0,0,0,12000,3000,9000,9000
06730P,祥碩元大98售07  ,0,0,0,0,0,0,0,0,0,9000,0,0,0,10000,1000,9000,9000
057413,臺股指群益9C購04,0,0,0,0,0,0,0,0,0,9000,0,0,0,10000,1000,9000,9000
057625,泰鼎國泰9A購01  ,0,0,0,0,0,0,0,0,0,9000,0,0,0,9000,0,9000,9000
058748,景碩凱基9A購01  ,0,0,0,0,0,0,0,0,0,9000,0,0,0,9000,0,9000,9000
058523,聯茂元大99購08  ,0,0,0,0,0,0,0,0,0,9000,0,0,0,9000,0,9000,9000
059158,S&P正2凱基99購01,0,0,0,0,0,0,0,0,0,9000,0,0,0,9000,0,9000,9000
053947,義隆富邦97購01  ,0,0,0,0,0,0,0,0,0,9000,0,0,0,25000,16000,9000,9000
053473,聯發科元大96購15,0,0,0,0,0,0,0,0,0,9000,0,0,0,9000,0,9000,9000
055444,致新台新97購01  ,0,0,0,0,0,0,0,0,0,9000,0,0,0,9000,0,9000,9000
05535P,台積電元大97售06,0,0,0,0,0,0,0,0,0,9000,0,0,0,9000,0,9000,9000
05265P,正崴元大95售03  ,0,0,0,0,0,0,0,0,0,9000,0,0,0,9000,0,9000,9000
055594,華新科元大98購02,0,0,0,0,0,0,0,0,0,9000,0,0,0,19000,10000,9000,9000
052882,南電凱基96購02  ,0,0,0,0,0,0,0,0,0,9000,0,0,0,9000,0,9000,9000
054844,華邦電兆豐98購01,0,0,0,0,0,0,0,0,0,9000,0,0,0,9000,0,9000,9000
047769,大立光元大96購01,0,0,0,0,0,0,0,0,0,9000,0,0,0,12000,3000,9000,9000
00711B,FH彭博新興債    ,0,0,0,0,0,0,0,0,0,9000,0,0,0,109000,100000,9000,9000
0054,元大台商50      ,0,0,0,0,0,0,0,0,0,9000,0,0,0,10000,1000,9000,9000
03439B,臺股指元大99熊29,0,0,0,0,0,0,0,0,0,9000,0,0,0,81000,72000,9000,9000
1437,勤益控          ,41000,32000,9000,0,0,0,0,0,0,0,0,0,0,0,0,0,9000
1416,廣豐            ,9000,0,9000,0,0,0,0,0,0,0,0,0,0,0,0,0,9000
07326P,大立光元大99售23,0,0,0,0,0,0,0,0,0,9000,0,0,0,156000,147000,9000,9000
07164P,臺股指群益99售15,0,0,0,0,0,0,0,0,0,9000,0,0,0,21000,12000,9000,9000
07001P,國巨元大99售12  ,0,0,0,0,0,0,0,0,0,9000,0,0,0,14000,5000,9000,9000
2611,志信            ,9000,0,9000,0,0,0,0,0,0,0,0,0,0,0,0,0,9000
2029,盛餘            ,11000,2000,9000,0,0,0,0,0,0,0,0,0,0,0,0,0,9000
4148,全宇生技-KY     ,13000,4000,9000,0,0,0,0,0,0,0,0,0,0,0,0,0,9000
911868,同方友友-DR     ,9000,0,9000,0,0,0,0,0,0,0,0,0,0,0,0,0,9000
058564,元金2X凱基9C購01,0,0,0,0,0,0,0,0,0,8000,0,0,0,8000,0,8000,8000
058517,景碩元大99購06  ,0,0,0,0,0,0,0,0,0,8000,0,0,0,8000,0,8000,8000
058074,欣興凱基99購01  ,0,0,0,0,0,0,0,0,0,8000,0,0,0,68000,60000,8000,8000
058638,矽力兆豐99購01  ,0,0,0,0,0,0,0,0,0,8000,0,0,0,8000,0,8000,8000
057143,台郡兆豐98購01  ,0,0,0,0,0,0,0,0,0,8000,0,0,0,8000,0,8000,8000
06614P,祥碩永豐98售03  ,0,0,0,0,0,0,0,0,0,8000,0,0,0,35000,27000,8000,8000
06284P,台積電國票98售03,0,0,0,0,0,0,0,0,0,8000,0,0,0,8000,0,8000,8000
06228P,亞德客凱基97售04,0,0,0,0,0,0,0,0,0,8000,0,0,0,8000,0,8000,8000
056135,緯創元大98購01  ,0,0,0,0,0,0,0,0,0,8000,0,0,0,8000,0,8000,8000
056038,可成凱基97購01  ,0,0,0,0,0,0,0,0,0,8000,0,0,0,8000,0,8000,8000
056208,崇越永豐97購01  ,0,0,0,0,0,0,0,0,0,8000,0,0,0,8000,0,8000,8000
056357,台積電元大9A購01,0,0,0,0,0,0,0,0,0,8000,0,0,0,8000,0,8000,8000
056673,中石化元富9B購01,0,0,0,0,0,0,0,0,0,8000,0,0,0,10000,2000,8000,8000
058943,元石油群益9C購01,0,0,0,0,0,0,0,0,0,8000,0,0,0,8000,0,8000,8000
03425B,臺股指元大9A熊01,0,0,0,0,0,0,0,0,0,8000,0,0,0,8000,0,8000,8000
048642,聯發科元大94購02,0,0,0,0,0,0,0,0,0,8000,0,0,0,8000,0,8000,8000
051682,元黃金凱基97購01,0,0,0,0,0,0,0,0,0,8000,0,0,0,8000,0,8000,8000
048793,超眾元大95購02  ,0,0,0,0,0,0,0,0,0,8000,0,0,0,11000,3000,8000,8000
051623,和碩凱基96購02  ,0,0,0,0,0,0,0,0,0,8000,0,0,0,8000,0,8000,8000
048860,玉晶光群益96購03,0,0,0,0,0,0,0,0,0,8000,0,0,0,8000,0,8000,8000
00783,富邦中証500     ,2000,24000,-22000,0,0,0,0,0,0,30000,0,0,0,883000,853000,30000,8000
047137,健策凱基94購01  ,0,0,0,0,0,0,0,0,0,8000,0,0,0,8000,0,8000,8000
04788P,台積電永昌96售05,0,0,0,0,0,0,0,0,0,8000,0,0,0,8000,0,8000,8000
04578P,微星富邦96售01  ,0,0,0,0,0,0,0,0,0,8000,0,0,0,18000,10000,8000,8000
054791,泰碩群益99購02  ,0,0,0,0,0,0,0,0,0,8000,0,0,0,8000,0,8000,8000
055230,大毅國票98購01  ,0,0,0,0,0,0,0,0,0,8000,0,0,0,20000,12000,8000,8000
053378,台積電元大98購02,0,0,0,0,0,0,0,0,0,8000,0,0,0,8000,0,8000,8000
051978,泰碩凱基96購01  ,0,0,0,0,0,0,0,0,0,8000,0,0,0,8000,0,8000,8000
052003,泰碩國泰97購02  ,0,0,0,0,0,0,0,0,0,8000,0,0,0,8000,0,8000,8000
050168,緯創富邦95購01  ,0,0,0,0,0,0,0,0,0,8000,0,0,0,8000,0,8000,8000
049254,台積電元大96購02,0,0,0,0,0,0,0,0,0,8000,0,0,0,8000,0,8000,8000
049387,緯穎元大94購03  ,0,0,0,0,0,0,0,0,0,8000,0,0,0,8000,0,8000,8000
050542,宏碁凱基95購01  ,0,0,0,0,0,0,0,0,0,8000,0,0,0,10000,2000,8000,8000
05027P,南電群益95售01  ,0,0,0,0,0,0,0,0,0,8000,0,0,0,8000,0,8000,8000
052076,可成元富98購01  ,0,0,0,0,0,0,0,0,0,8000,0,0,0,196000,188000,8000,8000
055650,華新科元富98購01,0,0,0,0,0,0,0,0,0,8000,0,0,0,8000,0,8000,8000
052441,亞泥元大95購01  ,0,0,0,0,0,0,0,0,0,8000,0,0,0,8000,0,8000,8000
059076,FBVIX元大99購04 ,0,0,0,0,0,0,0,0,0,8000,0,0,0,10000,2000,8000,8000
059180,祥碩元富9A購01  ,0,0,0,0,0,0,0,0,0,8000,0,0,0,8000,0,8000,8000
910322,康師傅-DR       ,8000,0,8000,0,0,0,0,0,0,0,0,0,0,0,0,0,8000
8072,陞泰            ,8000,0,8000,0,0,0,0,0,0,0,0,0,0,0,0,0,8000
6698,旭暉應材        ,8000,2000,6000,0,0,0,0,0,0,2000,2000,0,2000,0,0,0,8000
3032,偉訓            ,26000,12000,14000,0,0,0,0,0,0,-6000,0,6000,-6000,0,0,0,8000
4912,聯德控股-KY     ,15000,9000,6000,0,0,0,0,0,0,2000,2000,0,2000,0,0,0,8000
6112,聚碩            ,79000,69000,10000,0,0,0,0,0,0,-2000,1000,3000,-2000,0,0,0,8000
2415,錩新            ,8000,0,8000,0,0,0,0,0,0,0,0,0,0,0,0,0,8000
2904,匯僑            ,10000,1000,9000,0,0,0,0,0,0,-1000,0,1000,-1000,0,0,0,8000
07075P,FBVIX凱基9C售04 ,0,0,0,0,0,0,0,0,0,8000,0,0,0,8000,0,8000,8000
07138P,台灣50群益9B售04,0,0,0,0,0,0,0,0,0,8000,0,0,0,8000,0,8000,8000
07220P,台灣50中信03售05,0,0,0,0,0,0,0,0,0,8000,0,0,0,12000,4000,8000,8000
1435,中福            ,20000,12000,8000,0,0,0,0,0,0,0,0,0,0,0,0,0,8000
1457,宜進            ,96000,71000,25000,0,0,0,0,0,0,-17000,0,17000,-17000,0,0,0,8000
058933,FBVIX台新9B購01 ,0,0,0,0,0,0,0,0,0,7000,0,0,0,15000,8000,7000,7000
056568,台表科群益98購01,0,0,0,0,0,0,0,0,0,7000,0,0,0,7000,0,7000,7000
059519,台郡永豐99購01  ,0,0,0,0,0,0,0,0,0,7000,0,0,0,21000,14000,7000,7000
057856,聯鈞國票99購03  ,0,0,0,0,0,0,0,0,0,7000,0,0,0,36000,29000,7000,7000
058834,GIS永豐99購01   ,0,0,0,0,0,0,0,0,0,7000,0,0,0,7000,0,7000,7000
056498,A50正2富邦9B購01,0,0,0,0,0,0,0,0,0,7000,0,0,0,7000,0,7000,7000
056065,奇鋐元大97購01  ,0,0,0,0,0,0,0,0,0,7000,0,0,0,153000,146000,7000,7000
059856,昇陽半永豐99購03,0,0,0,0,0,0,0,0,0,7000,0,0,0,39000,32000,7000,7000
06410P,祥碩統一97售01  ,0,0,0,0,0,0,0,0,0,7000,0,0,0,7000,0,7000,7000
056825,深中小富邦9B購01,0,0,0,0,0,0,0,0,0,7000,0,0,0,7000,0,7000,7000
05711P,茂林國票97售03  ,0,0,0,0,0,0,0,0,0,7000,0,0,0,17000,10000,7000,7000
057428,正崴兆豐98購01  ,0,0,0,0,0,0,0,0,0,7000,0,0,0,7000,0,7000,7000
057319,奇力新凱基99購02,0,0,0,0,0,0,0,0,0,7000,0,0,0,7000,0,7000,7000
058709,臺股指元大9A購22,0,0,0,0,0,0,0,0,0,7000,0,0,0,7000,0,7000,7000
059299,欣興元富99購03  ,0,0,0,0,0,0,0,0,0,7000,0,0,0,11000,4000,7000,7000
05210P,台積電凱基95售15,0,0,0,0,0,0,0,0,0,7000,0,0,0,7000,0,7000,7000
052218,大立光日盛95購01,0,0,0,0,0,0,0,0,0,7000,0,0,0,7000,0,7000,7000
053565,台光電富邦98購01,0,0,0,0,0,0,0,0,0,7000,0,0,0,7000,0,7000,7000
053635,技嘉永豐96購01  ,0,0,0,0,0,0,0,0,0,7000,0,0,0,81000,74000,7000,7000
053436,聯茂日盛96購01  ,0,0,0,0,0,0,0,0,0,7000,0,0,0,10000,3000,7000,7000
052863,友達凱基98購02  ,0,0,0,0,0,0,0,0,0,7000,0,0,0,7000,0,7000,7000
053027,玉晶光富邦98購01,0,8000,-8000,0,0,0,0,0,0,15000,0,0,0,15000,0,15000,7000
050127,台積電凱基94購31,0,0,0,0,0,0,0,0,0,7000,0,0,0,7000,0,7000,7000
050786,健策國泰96購01  ,0,0,0,0,0,0,0,0,0,7000,0,0,0,12000,5000,7000,7000
051855,道瓊反凱基97購01,0,0,0,0,0,0,0,0,0,7000,0,0,0,7000,0,7000,7000
053402,A50正2群益9A購02,0,0,0,0,0,0,0,0,0,7000,0,0,0,7000,0,7000,7000
055049,智邦永豐97購01  ,0,0,0,0,0,0,0,0,0,7000,0,0,0,7000,0,7000,7000
055063,玉晶光永豐99購01,0,0,0,0,0,0,0,0,0,7000,0,0,0,7000,0,7000,7000
04637P,臺股指群益94售12,0,0,0,0,0,0,0,0,0,7000,0,0,0,101000,94000,7000,7000
047887,智原富邦97購01  ,0,0,0,0,0,0,0,0,0,7000,0,0,0,7000,0,7000,7000
047383,鴻海元大95購01  ,0,0,0,0,0,0,0,0,0,7000,0,0,0,7000,0,7000,7000
006207,FH滬深          ,21000,8000,13000,0,0,0,0,0,0,-6000,0,0,0,179000,185000,-6000,7000
036630,玉山金台新99購01,0,0,0,0,0,0,0,0,0,7000,0,0,0,7000,0,7000,7000
044717,旺宏統一94購01  ,0,0,0,0,0,0,0,0,0,7000,0,0,0,7000,0,7000,7000
1323,永裕            ,29000,22000,7000,0,0,0,0,0,0,0,0,0,0,0,0,0,7000
07010P,T50正2凱基9C售01,0,0,0,0,0,0,0,0,0,7000,0,0,0,7000,0,7000,7000
06940P,旺宏永豐98售05  ,0,0,0,0,0,0,0,0,0,7000,0,0,0,57000,50000,7000,7000
2891C,中信金丙特      ,0,0,0,0,0,0,0,0,0,7000,7000,0,7000,0,0,0,7000
2031,新光鋼          ,257000,194000,63000,0,0,0,0,0,0,-56000,0,56000,-56000,0,0,0,7000
6136,富爾特          ,12000,5000,7000,0,0,0,0,0,0,0,0,0,0,0,0,0,7000
3058,立德            ,10000,3000,7000,0,0,0,0,0,0,0,0,0,0,0,0,0,7000
6605,帝寶            ,49000,42000,7000,0,0,0,0,0,0,0,0,0,0,0,0,0,7000
058682,聯發科凱基99購07,0,0,0,0,0,0,0,0,0,6000,0,0,0,6000,0,6000,6000
057167,台積電元大99購03,0,0,0,0,0,0,0,0,0,6000,0,0,0,56000,50000,6000,6000
058016,智邦凱基98購06  ,0,0,0,0,0,0,0,0,0,6000,0,0,0,6000,0,6000,6000
057556,智易凱基99購01  ,0,0,0,0,0,0,0,0,0,6000,0,0,0,235000,229000,6000,6000
057619,玉晶光凱基98購02,0,0,0,0,0,0,0,0,0,6000,0,0,0,112000,106000,6000,6000
058142,瑞儀元大99購01  ,0,0,0,0,0,0,0,0,0,6000,0,0,0,111000,105000,6000,6000
06473P,鴻海元大99售03  ,0,0,0,0,0,0,0,0,0,6000,0,0,0,6000,0,6000,6000
06098P,T50反1日盛97售02,0,0,0,0,0,0,0,0,0,6000,0,0,0,6000,0,6000,6000
059936,台積電永豐99購06,0,0,0,0,0,0,0,0,0,6000,0,0,0,26000,20000,6000,6000
059828,健策凱基99購05  ,0,0,0,0,0,0,0,0,0,6000,0,0,0,72000,66000,6000,6000
059746,聯鈞元富99購03  ,0,0,0,0,0,0,0,0,0,6000,0,0,0,41000,35000,6000,6000
059782,A50正2元大9C購04,0,0,0,0,0,0,0,0,0,6000,0,0,0,6000,0,6000,6000
05601P,鴻海元大97售04  ,0,0,0,0,0,0,0,0,0,6000,0,0,0,6000,0,6000,6000
057901,大立光永豐98購04,0,0,0,0,0,0,0,0,0,6000,0,0,0,6000,0,6000,6000
056711,亞光永豐98購01  ,0,0,0,0,0,0,0,0,0,6000,0,0,0,6000,0,6000,6000
057673,臻鼎元大98購01  ,0,0,0,0,0,0,0,0,0,6000,0,0,0,6000,0,6000,6000
059458,鎧勝永豐99購01  ,0,0,0,0,0,0,0,0,0,6000,0,0,0,6000,0,6000,6000
059522,上証2X凱基9B購02,0,0,0,0,0,0,0,0,0,6000,0,0,0,6000,0,6000,6000
056573,華新科元大99購06,0,0,0,0,0,0,0,0,0,6000,0,0,0,7000,1000,6000,6000
058934,台灣50中信03購03,0,0,0,0,0,0,0,0,0,6000,0,0,0,6000,0,6000,6000
058911,茂林元大99購04  ,0,0,0,0,0,0,0,0,0,6000,0,0,0,391000,385000,6000,6000
044088,國巨元富95購01  ,0,0,0,0,0,0,0,0,0,6000,0,0,0,6000,0,6000,6000
051829,玉晶光元大98購02,0,0,0,0,0,0,0,0,0,6000,0,0,0,6000,0,6000,6000
048386,華新國票94購01  ,0,0,0,0,0,0,0,0,0,6000,0,0,0,6000,0,6000,6000
00771,元大US高息特別股,0,0,0,0,0,0,0,0,0,6000,0,0,0,28000,22000,6000,6000
048188,臺指反元大96購05,0,0,0,0,0,0,0,0,0,6000,0,0,0,6000,0,6000,6000
054999,玉晶光元富97購03,0,0,0,0,0,0,0,0,0,6000,0,0,0,6000,0,6000,6000
053387,緯創元大97購01  ,0,0,0,0,0,0,0,0,0,6000,0,0,0,6000,0,6000,6000
053256,上銀富邦98購01  ,0,0,0,0,0,0,0,0,0,6000,0,0,0,6000,0,6000,6000
053309,泰鼎凱基96購03  ,0,0,0,0,0,0,0,0,0,6000,0,0,0,15000,9000,6000,6000
049913,微星元大94購01  ,0,0,0,0,0,0,0,0,0,6000,0,0,0,6000,0,6000,6000
049669,訊芯國泰95購01  ,0,0,0,0,0,0,0,0,0,6000,0,0,0,6000,0,6000,6000
051259,鴻海永昌96購03  ,0,0,0,0,0,0,0,0,0,6000,0,0,0,6000,0,6000,6000
051243,微星元大95購01  ,0,0,0,0,0,0,0,0,0,6000,0,0,0,16000,10000,6000,6000
051879,健策台新96購01  ,0,0,0,0,0,0,0,0,0,6000,0,0,0,6000,0,6000,6000
050715,台積電群益96購01,0,0,0,0,0,0,0,0,0,6000,0,0,0,6000,0,6000,6000
051979,群創凱基97購01  ,0,0,0,0,0,0,0,0,0,6000,0,0,0,6000,0,6000,6000
05118P,超眾元大96售04  ,0,0,0,0,0,0,0,0,0,6000,0,0,0,6000,0,6000,6000
050046,矽力兆豐94購01  ,0,0,0,0,0,0,0,0,0,6000,0,0,0,6000,0,6000,6000
049292,鴻海群益94購04  ,0,0,0,0,0,0,0,0,0,6000,0,0,0,6000,0,6000,6000
050311,上銀兆豐95購01  ,0,0,0,0,0,0,0,0,0,6000,0,0,0,16000,10000,6000,6000
050613,台光電元大94購09,0,0,0,0,0,0,0,0,0,6000,0,0,0,6000,0,6000,6000
052880,台積電凱基96購06,0,0,0,0,0,0,0,0,0,6000,0,0,0,6000,0,6000,6000
05549P,臺股指元大96售03,0,0,0,0,0,0,0,0,0,6000,0,0,0,6000,0,6000,6000
059218,台積電元大99購31,0,0,0,0,0,0,0,0,0,6000,0,0,0,222000,216000,6000,6000
059376,國巨群益99購09  ,0,0,0,0,0,0,0,0,0,6000,0,0,0,6000,0,6000,6000
052474,T50反1群益95購04,0,0,0,0,0,0,0,0,0,6000,0,0,0,6000,0,6000,6000
054371,台積電中信9C購01,0,0,0,0,0,0,0,0,0,6000,0,0,0,27000,21000,6000,6000
054385,矽創群益98購01  ,0,0,0,0,0,0,0,0,0,6000,0,0,0,6000,0,6000,6000
054470,緯穎國票97購04  ,0,0,0,0,0,0,0,0,0,6000,0,0,0,6000,0,6000,6000
3021,鴻名            ,7000,1000,6000,0,0,0,0,0,0,0,0,0,0,0,0,0,6000
4576,大銀微系統      ,19000,13000,6000,0,0,0,0,0,0,0,0,0,0,0,0,0,6000
06891P,緯穎富邦99售03  ,0,0,0,0,0,0,0,0,0,6000,0,0,0,16000,10000,6000,6000
06738P,瑞昱兆豐98售02  ,0,0,0,0,0,0,0,0,0,6000,0,0,0,13000,7000,6000,6000
07395P,台積電群益99售13,0,0,0,0,0,0,0,0,0,6000,0,0,0,6000,0,6000,6000
07387P,臺股指群益99售25,0,0,0,0,0,0,0,0,0,6000,0,0,0,19000,13000,6000,6000
1473,台南            ,36000,30000,6000,0,0,0,0,0,0,0,0,0,0,0,0,0,6000
056580,泰鼎元大9A購01  ,0,0,0,0,0,0,0,0,0,5000,0,0,0,5000,0,5000,5000
056546,致伸凱基98購01  ,0,0,0,0,0,0,0,0,0,5000,0,0,0,5000,0,5000,5000
059568,台積電凱基9A購13,0,0,0,0,0,0,0,0,0,5000,0,0,0,91000,86000,5000,5000
057859,神達康和98購01  ,0,0,0,0,0,0,0,0,0,5000,0,0,0,5000,0,5000,5000
05785P,臺股指元大96售19,0,0,0,0,0,0,0,0,0,5000,0,0,0,5000,0,5000,5000
056499,鴻海富邦98購02  ,0,0,0,0,0,0,0,0,0,5000,0,0,0,5000,0,5000,5000
058855,台積電兆豐99購02,0,0,0,0,0,0,0,0,0,5000,0,0,0,628000,623000,5000,5000
057735,台灣50富邦9C購02,0,0,0,0,0,0,0,0,0,5000,0,0,0,5000,0,5000,5000
058886,元石油元大9C購03,0,0,0,0,0,0,0,0,0,5000,0,0,0,5000,0,5000,5000
056720,世紀鋼永豐98購01,0,0,0,0,0,0,0,0,0,5000,0,0,0,176000,171000,5000,5000
056772,欣興元大99購01  ,0,0,0,0,0,0,0,0,0,5000,0,0,0,5000,0,5000,5000
056689,玉晶光統一9A購03,0,0,0,0,0,0,0,0,0,5000,0,0,0,5000,0,5000,5000
056704,健策國泰99購01  ,0,0,0,0,0,0,0,0,0,5000,0,0,0,105000,100000,5000,5000
056051,T50反1元大97購05,0,0,0,0,0,0,0,0,0,5000,0,0,0,20000,15000,5000,5000
05612P,台積電元大96售13,0,0,0,0,0,0,0,0,0,5000,0,0,0,5000,0,5000,5000
056147,鴻海日盛97購05  ,0,0,0,0,0,0,0,0,0,5000,0,0,0,5000,0,5000,5000
056132,台光電元大97購03,0,0,0,0,0,0,0,0,0,5000,0,0,0,95000,90000,5000,5000
05628P,茂林國票97售02  ,0,0,0,0,0,0,0,0,0,5000,0,0,0,5000,0,5000,5000
056293,上銀元大97購10  ,0,0,0,0,0,0,0,0,0,5000,0,0,0,5000,0,5000,5000
05979P,華新科中信96售02,0,0,0,0,0,0,0,0,0,5000,0,0,0,255000,250000,5000,5000
055982,T50反1元富97購01,0,0,0,0,0,0,0,0,0,5000,0,0,0,5000,0,5000,5000
055910,瑞昱凱基98購01  ,0,0,0,0,0,0,0,0,0,5000,0,0,0,5000,0,5000,5000
059897,T50反1元大99購14,0,0,0,0,0,0,0,0,0,5000,0,0,0,5000,0,5000,5000
06483P,聯發科凱基98售10,0,0,0,0,0,0,0,0,0,5000,0,0,0,5000,0,5000,5000
06491P,台積電富邦99售02,0,0,0,0,0,0,0,0,0,5000,0,0,0,5000,0,5000,5000
06608P,立積群益99售02  ,0,0,0,0,0,0,0,0,0,5000,0,0,0,5000,0,5000,5000
06648P,華邦電元大98售03,0,0,0,0,0,0,0,0,0,5000,0,0,0,5000,0,5000,5000
06697P,台積電國票99售05,0,0,0,0,0,0,0,0,0,5000,0,0,0,5000,0,5000,5000
06715P,台積電元大99售04,0,0,0,0,0,0,0,0,0,5000,0,0,0,5000,0,5000,5000
060066,欣興兆豐9B購01  ,0,0,0,0,0,0,0,0,0,5000,0,0,0,32000,27000,5000,5000
05682P,大立光元大98售03,0,0,0,0,0,0,0,0,0,5000,0,0,0,5000,0,5000,5000
057084,立積統一9B購01  ,0,0,0,0,0,0,0,0,0,5000,0,0,0,5000,0,5000,5000
057003,立積國票98購01  ,0,0,0,0,0,0,0,0,0,5000,0,0,0,5000,0,5000,5000
057602,聯茂群益98購02  ,0,0,0,0,0,0,0,0,0,5000,0,0,0,5000,0,5000,5000
057493,聯詠元大98購02  ,0,0,0,0,0,0,0,0,0,5000,0,0,0,5000,0,5000,5000
057494,玉晶光元大99購09,0,0,0,0,0,0,0,0,0,5000,0,0,0,103000,98000,5000,5000
057152,緯穎國票99購03  ,0,0,0,0,0,0,0,0,0,5000,0,0,0,6000,1000,5000,5000
05715P,創意元富96售05  ,0,0,0,0,0,0,0,0,0,5000,0,0,0,5000,0,5000,5000
057132,華新科凱基98購05,0,0,0,0,0,0,0,0,0,5000,0,0,0,49000,44000,5000,5000
057301,嘉聯益永豐98購02,0,0,0,0,0,0,0,0,0,5000,0,0,0,7000,2000,5000,5000
057363,華通元大99購02  ,0,0,0,0,0,0,0,0,0,5000,0,0,0,5000,0,5000,5000
057373,大立光元大98購17,0,0,0,0,0,0,0,0,0,5000,0,0,0,5000,0,5000,5000
057429,華新科兆豐98購03,0,0,0,0,0,0,0,0,0,5000,0,0,0,15000,10000,5000,5000
057445,華通元富02購01  ,0,0,0,0,0,0,0,0,0,5000,0,0,0,5000,0,5000,5000
057418,台光電凱基98購04,0,0,0,0,0,0,0,0,0,5000,0,0,0,5000,0,5000,5000
057261,瑞昱兆豐98購01  ,0,0,0,0,0,0,0,0,0,5000,0,0,0,5000,0,5000,5000
058697,亞德客元大99購01,0,0,0,0,0,0,0,0,0,5000,0,0,0,5000,0,5000,5000
058569,健策凱基9A購01  ,0,0,0,0,0,0,0,0,0,5000,0,0,0,5000,0,5000,5000
058576,南亞科群益99購01,0,0,0,0,0,0,0,0,0,5000,0,0,0,5000,0,5000,5000
058278,FBVIX中信03購02 ,0,0,0,0,0,0,0,0,0,5000,0,0,0,5000,0,5000,5000
058047,可成元大98購11  ,0,0,0,0,0,0,0,0,0,5000,0,0,0,5000,0,5000,5000
058061,貿聯元富9B購01  ,0,0,0,0,0,0,0,0,0,5000,0,0,0,15000,10000,5000,5000
054289,聯發科元大97購11,0,0,0,0,0,0,0,0,0,5000,0,0,0,5000,0,5000,5000
054293,健策元大98購02  ,0,0,0,0,0,0,0,0,0,5000,0,0,0,5000,0,5000,5000
052439,寶成富邦97購01  ,0,0,0,0,0,0,0,0,0,5000,0,0,0,5000,0,5000,5000
052424,泰碩國票97購01  ,0,0,0,0,0,0,0,0,0,5000,0,0,0,5000,0,5000,5000
052405,聯茂凱基95購01  ,0,0,0,0,0,0,0,0,0,5000,0,0,0,5000,0,5000,5000
05376P,聯發科日盛95售04,0,0,0,0,0,0,0,0,0,5000,0,0,0,5000,0,5000,5000
053792,百和元大96購01  ,0,0,0,0,0,0,0,0,0,5000,0,0,0,5000,0,5000,5000
052546,友達中信98購01  ,0,0,0,0,0,0,0,0,0,5000,0,0,0,5000,0,5000,5000
053829,力成麥證96購01  ,0,0,0,5000,0,5000,0,0,0,5000,0,0,0,5000,0,5000,5000
059215,台積電元大99購28,0,0,0,0,0,0,0,0,0,5000,0,0,0,5000,0,5000,5000
059226,臺股指元大99購19,0,0,0,0,0,0,0,0,0,5000,0,0,0,10000,5000,5000,5000
055583,國巨元大97購10  ,0,0,0,0,0,0,0,0,0,5000,0,0,0,12000,7000,5000,5000
055606,矽創元大97購01  ,0,0,0,0,0,0,0,0,0,5000,0,0,0,5000,0,5000,5000
052689,玉晶光元大98購03,0,0,0,0,0,0,0,0,0,5000,0,0,0,10000,5000,5000,5000
052764,景碩群益98購01  ,0,0,0,0,0,0,0,0,0,5000,0,0,0,5000,0,5000,5000
052881,康控凱基97購01  ,0,0,0,0,0,0,0,0,0,5000,0,0,0,5000,0,5000,5000
052861,台光電凱基96購03,0,0,0,0,0,0,0,0,0,5000,0,0,0,5000,0,5000,5000
052770,聯茂群益96購02  ,0,0,0,0,0,0,0,0,0,5000,0,0,0,5000,0,5000,5000
053186,健策中信9C購01  ,0,0,0,0,0,0,0,0,0,5000,0,0,0,5000,0,5000,5000
055382,台郡元大99購01  ,0,0,0,0,0,0,0,0,0,5000,0,0,0,5000,0,5000,5000
054158,國巨日盛99購01  ,0,0,0,0,0,0,0,0,0,5000,0,0,0,5000,0,5000,5000
054126,和大元大96購02  ,0,0,0,0,0,0,0,0,0,5000,0,0,0,5000,0,5000,5000
054115,台塑康和96購01  ,0,0,0,0,0,0,0,0,0,5000,0,0,0,10000,5000,5000,5000
053581,台積電元大96購14,0,0,0,0,0,0,0,0,0,5000,0,0,0,5000,0,5000,5000
052278,國巨凱基95購06  ,0,0,0,0,0,0,0,0,0,5000,0,0,0,5000,0,5000,5000
052243,致茂康和95購01  ,0,0,0,0,0,0,0,0,0,5000,0,0,0,5000,0,5000,5000
052107,台積電統一95購06,0,0,0,0,0,0,0,0,0,5000,0,0,0,25000,20000,5000,5000
053561,玉晶光國泰98購01,0,0,0,0,0,0,0,0,0,5000,0,0,0,5000,0,5000,5000
053562,玉晶光國泰98購02,0,0,0,0,0,0,0,0,0,5000,0,0,0,5000,0,5000,5000
053500,新日興兆豐97購01,0,0,0,0,0,0,0,0,0,5000,0,0,0,5000,0,5000,5000
050482,台郡國票94購04  ,0,0,0,0,0,0,0,0,0,5000,0,0,0,5000,0,5000,5000
049527,國巨中信95購01  ,0,0,0,0,0,0,0,0,0,5000,0,0,0,5000,0,5000,5000
049564,聯電統一94購03  ,0,0,0,0,0,0,0,0,0,5000,0,0,0,5000,0,5000,5000
049267,瀚宇博元大95購02,0,0,0,0,0,0,0,0,0,5000,0,0,0,5000,0,5000,5000
051053,台光電群益95購01,0,0,0,0,0,0,0,0,0,5000,0,0,0,5000,0,5000,5000
052005,矽力國泰97購02  ,0,0,0,0,0,0,0,0,0,5000,0,0,0,5000,0,5000,5000
051994,瀚宇博元大96購01,0,0,0,0,0,0,0,0,0,5000,0,0,0,5000,0,5000,5000
050725,光磊國票96購01  ,0,0,0,0,0,0,0,0,0,5000,0,0,0,5000,0,5000,5000
050905,臺股指元大95購12,0,0,0,0,0,0,0,0,0,5000,0,0,0,5000,0,5000,5000
051277,聯發科中信9A購01,0,0,0,0,0,0,0,0,0,5000,0,0,0,5000,0,5000,5000
049860,亞德客兆豐94購01,0,0,0,0,0,0,0,0,0,5000,0,0,0,5000,0,5000,5000
049899,台積電元富94購05,0,0,0,0,0,0,0,0,0,5000,0,0,0,5000,0,5000,5000
055022,精元國泰99購01  ,0,0,0,0,0,0,0,0,0,5000,0,0,0,5000,0,5000,5000
05506P,茂林凱基96售03  ,0,0,0,0,0,0,0,0,0,5000,0,0,0,5000,0,5000,5000
055144,T50反1元大97購03,0,0,0,0,0,0,0,0,0,5000,0,0,0,5000,0,5000,5000
05400P,台積電永豐95售05,0,0,0,0,0,0,0,0,0,5000,0,0,0,5000,0,5000,5000
05474P,智邦亞東95售01  ,0,0,0,0,0,0,0,0,0,5000,0,0,0,5000,0,5000,5000
046602,新日興群益94購01,0,0,0,0,0,0,0,0,0,5000,0,0,0,5000,0,5000,5000
046645,技嘉國泰94購01  ,0,0,0,0,0,0,0,0,0,5000,0,0,0,5000,0,5000,5000
046703,瑞昱元富95購01  ,0,0,0,0,0,0,0,0,0,5000,0,0,0,5000,0,5000,5000
047627,華新科國票94購03,0,0,0,0,0,0,0,0,0,5000,0,0,0,5000,0,5000,5000
047512,宏達電國票94購01,0,0,0,0,0,0,0,0,0,5000,0,0,0,5000,0,5000,5000
047904,臺指反元大96購01,0,0,0,0,0,0,0,0,0,5000,0,0,0,5000,0,5000,5000
048161,旺宏麥證94購01  ,0,0,0,5000,0,5000,0,0,0,5000,0,0,0,5000,0,5000,5000
048417,國巨統一94購01  ,0,0,0,0,0,0,0,0,0,5000,0,0,0,5000,0,5000,5000
048533,景碩國票94購01  ,0,0,0,0,0,0,0,0,0,5000,0,0,0,60000,55000,5000,5000
051490,世芯凱基96購01  ,0,0,0,0,0,0,0,0,0,5000,0,0,0,5000,0,5000,5000
051614,元金2X凱基97購01,0,0,0,0,0,0,0,0,0,5000,0,0,0,5000,0,5000,5000
044475,國巨元富95購02  ,0,0,0,0,0,0,0,0,0,5000,0,0,0,5000,0,5000,5000
051397,聯茂兆豐95購03  ,0,0,0,0,0,0,0,0,0,5000,0,0,0,5000,0,5000,5000
03831P,臺股指中信95售02,0,0,0,0,0,0,0,0,0,5000,0,0,0,5000,0,5000,5000
042928,台積電中信95購01,0,0,0,0,0,0,0,0,0,5000,0,0,0,5000,0,5000,5000
03603P,群創凱基98售04  ,0,0,0,0,0,0,0,0,0,5000,0,0,0,5000,0,5000,5000
1529,樂士            ,0,0,0,0,0,0,0,0,0,5000,5000,0,5000,0,0,0,5000
1445,大宇            ,6000,1000,5000,0,0,0,0,0,0,0,0,0,0,0,0,0,5000
06901P,亞德客凱基98售02,0,0,0,0,0,0,0,0,0,5000,0,0,0,5000,0,5000,5000
06915P,晶技元富98售02  ,0,0,0,0,0,0,0,0,0,5000,0,0,0,5000,0,5000,5000
06990P,康友元富99售03  ,0,0,0,0,0,0,0,0,0,5000,0,0,0,5000,0,5000,5000
07103P,南電元大99售04  ,0,0,0,0,0,0,0,0,0,5000,0,0,0,5000,0,5000,5000
07193P,聯發科元大99售24,0,0,0,0,0,0,0,0,0,5000,0,0,0,5000,0,5000,5000
07134P,臺股指元大9A售28,0,0,0,0,0,0,0,0,0,5000,0,0,0,32000,27000,5000,5000
3266,昇陽            ,6000,1000,5000,0,0,0,0,0,0,0,0,0,0,0,0,0,5000
2419,仲琦            ,66000,61000,5000,0,0,0,0,0,0,0,0,0,0,0,0,0,5000
2887E,台新戊特        ,5000,0,5000,0,0,0,0,0,0,0,0,0,0,0,0,0,5000
6666,羅麗芬-KY       ,8000,3000,5000,0,0,0,0,0,0,0,0,0,0,0,0,0,5000
9930,中聯資源        ,29000,24000,5000,0,0,0,0,0,0,0,0,0,0,0,0,0,5000
9937,全國            ,6000,1000,5000,0,0,0,0,0,0,0,0,0,0,0,0,0,5000
058076,神達凱基98購02  ,0,0,0,0,0,0,0,0,0,4000,0,0,0,4000,0,4000,4000
058415,祥碩兆豐99購01  ,0,0,0,0,0,0,0,0,0,4000,0,0,0,4000,0,4000,4000
058749,康控凱基99購03  ,0,0,0,0,0,0,0,0,0,4000,0,0,0,10000,6000,4000,4000
05860P,旺宏康和96售01  ,0,0,0,0,0,0,0,0,0,4000,0,0,0,4000,0,4000,4000
057291,國巨國泰9A購01  ,0,0,0,0,0,0,0,0,0,4000,0,0,0,4000,0,4000,4000
057071,華擎永豐98購02  ,0,0,0,0,0,0,0,0,0,4000,0,0,0,4000,0,4000,4000
058127,FBVIX元大9C購01 ,0,0,0,0,0,0,0,0,0,4000,0,0,0,4000,0,4000,4000
058153,景碩統一9B購01  ,0,0,0,0,0,0,0,0,0,4000,0,0,0,4000,0,4000,4000
06654P,欣興元大98售08  ,0,0,0,0,0,0,0,0,0,4000,0,0,0,9000,5000,4000,4000
06548P,大立光元大98售10,0,0,0,0,0,0,0,0,0,4000,0,0,0,4000,0,4000,4000
06412P,南亞科日盛97售01,0,0,0,0,0,0,0,0,0,4000,0,0,0,6000,2000,4000,4000
06353P,電子類富邦99售02,0,0,0,0,0,0,0,0,0,4000,0,0,0,4000,0,4000,4000
06139P,台積電中信99售02,0,0,0,0,0,0,0,0,0,4000,0,0,0,4000,0,4000,4000
06255P,臺股指群益97售08,0,0,0,0,0,0,0,0,0,4000,0,0,0,5000,1000,4000,4000
059721,旺宏元大99購16  ,0,0,0,0,0,0,0,0,0,4000,0,0,0,6000,2000,4000,4000
059733,緯穎元大99購08  ,0,0,0,0,0,0,0,0,0,4000,0,0,0,10000,6000,4000,4000
056295,國巨元大97購16  ,0,0,0,0,0,0,0,0,0,4000,0,0,0,12000,8000,4000,4000
056287,亞光永豐97購02  ,0,0,0,0,0,0,0,0,0,4000,0,0,0,4000,0,4000,4000
056049,奇力新國票98購01,0,0,0,0,0,0,0,0,0,4000,0,0,0,4000,0,4000,4000
055879,神達元富97購01  ,0,0,0,0,0,0,0,0,0,4000,0,0,0,4000,0,4000,4000
055880,神達元富97購02  ,0,0,0,0,0,0,0,0,0,4000,0,0,0,4000,0,4000,4000
057936,健策群益99購01  ,0,0,0,0,0,0,0,0,0,4000,0,0,0,4000,0,4000,4000
058767,亞德客兆豐99購01,0,0,0,0,0,0,0,0,0,4000,0,0,0,4000,0,4000,4000
057701,嘉聯益群益98購02,0,0,0,0,0,0,0,0,0,4000,0,0,0,4000,0,4000,4000
059327,南茂元大99購01  ,0,0,0,0,0,0,0,0,0,4000,0,0,0,10000,6000,4000,4000
057798,貿聯兆豐99購01  ,0,0,0,0,0,0,0,0,0,4000,0,0,0,4000,0,4000,4000
057882,華通群益9A購03  ,0,0,0,0,0,0,0,0,0,4000,0,0,0,32000,28000,4000,4000
059608,聯發科富邦9B購04,0,0,0,0,0,0,0,0,0,4000,0,0,0,4000,0,4000,4000
059540,新光金日盛99購01,0,0,0,0,0,0,0,0,0,4000,0,0,0,15000,11000,4000,4000
051381,玉晶光群益98購01,0,0,0,0,0,0,0,0,0,4000,0,0,0,4000,0,4000,4000
048847,A50群益98購01   ,0,0,0,0,0,0,0,0,0,4000,0,0,0,4000,0,4000,4000
051690,超眾凱基95購03  ,0,0,0,0,0,0,0,0,0,4000,0,0,0,4000,0,4000,4000
051544,T50反1康和98購01,0,0,0,0,0,0,0,0,0,4000,0,0,0,5000,1000,4000,4000
048422,瑞昱元富96購02  ,0,0,0,0,0,0,0,0,0,4000,0,0,0,150000,146000,4000,4000
03005X,元展05          ,0,0,0,0,0,0,0,0,0,4000,0,0,0,4000,0,4000,4000
05483P,國巨凱基95售07  ,0,0,0,0,0,0,0,0,0,4000,0,0,0,4000,0,4000,4000
053341,聯發科國票97購03,0,0,0,0,0,0,0,0,0,4000,0,0,0,4000,0,4000,4000
053223,台郡凱基96購02  ,0,0,0,0,0,0,0,0,0,4000,0,0,0,4000,0,4000,4000
053273,國巨元大96購08  ,0,0,0,0,0,0,0,0,0,4000,0,0,0,4000,0,4000,4000
050893,鴻海元大96購03  ,0,0,0,0,0,0,0,0,0,4000,0,0,0,4000,0,4000,4000
05076P,深中小群益99售02,0,0,0,0,0,0,0,0,0,4000,0,0,0,4000,0,4000,4000
052053,泰鼎凱基96購01  ,0,0,0,0,0,0,0,0,0,4000,0,0,0,4000,0,4000,4000
051081,聯茂富邦96購01  ,0,0,0,0,0,0,0,0,0,4000,0,0,0,4000,0,4000,4000
052119,漢唐國票96購01  ,0,0,0,0,0,0,0,0,0,4000,0,0,0,4000,0,4000,4000
053175,矽力群益96購01  ,0,0,0,0,0,0,0,0,0,4000,0,0,0,4000,0,4000,4000
05291P,鴻海凱基95售16  ,0,0,0,0,0,0,0,0,0,4000,0,0,0,14000,10000,4000,4000
052962,台積電凱基97購03,0,0,0,0,0,0,0,0,0,4000,0,0,0,4000,0,4000,4000
05289P,鴻海永豐95售05  ,0,0,0,0,0,0,0,0,0,4000,0,0,0,4000,0,4000,4000
052672,世紀鋼群益96購02,0,0,0,0,0,0,0,0,0,4000,0,0,0,4000,0,4000,4000
053766,友達富邦97購01  ,0,0,0,0,0,0,0,0,0,4000,0,0,0,4000,0,4000,4000
059173,矽力凱基99購01  ,0,0,0,0,0,0,0,0,0,4000,0,0,0,17000,13000,4000,4000
059194,元金2X永豐99購01,0,0,0,0,0,0,0,0,0,4000,0,0,0,25000,21000,4000,4000
059066,道瓊指國票04購01,0,0,0,0,0,0,0,0,0,4000,0,0,0,5000,1000,4000,4000
052453,崇越元大95購01  ,0,0,0,0,0,0,0,0,0,4000,0,0,0,4000,0,4000,4000
05565P,鎧勝元大96售01  ,0,0,0,0,0,0,0,0,0,4000,0,0,0,14000,10000,4000,4000
054697,凌華永豐97購01  ,0,0,0,0,0,0,0,0,0,4000,0,0,0,14000,10000,4000,4000
6579,研揚            ,4000,0,4000,0,0,0,0,0,0,0,0,0,0,0,0,0,4000
8462,柏文            ,31000,27000,4000,0,0,0,0,0,0,0,0,0,0,0,0,0,4000
3011,今皓            ,5000,1000,4000,0,0,0,0,0,0,0,0,0,0,0,0,0,4000
2468,華經            ,9000,4000,5000,0,0,0,0,0,0,-1000,0,1000,-1000,0,0,0,4000
2358,廷鑫            ,15000,11000,4000,0,0,0,0,0,0,0,0,0,0,0,0,0,4000
5706,鳳凰            ,9000,3000,6000,0,0,0,0,0,0,-2000,0,2000,-2000,0,0,0,4000
6235,華孚            ,14000,10000,4000,0,0,0,0,0,0,0,1000,1000,0,0,0,0,4000
07298P,台灣50元大9C售12,0,0,0,0,0,0,0,0,0,4000,0,0,0,4000,0,4000,4000
2009,第一銅          ,7000,2000,5000,0,0,0,0,0,0,-1000,0,1000,-1000,0,0,0,4000
056540,聯詠凱基98購02  ,0,0,0,0,0,0,0,0,0,3000,0,0,0,3000,0,3000,3000
059425,SGBR2X元大9A購02,0,0,0,0,0,0,0,0,0,3000,0,0,0,10000,7000,3000,3000
056615,燿華永豐98購02  ,0,0,0,0,0,0,0,0,0,3000,0,0,0,71000,68000,3000,3000
057851,鴻海國票99購06  ,0,0,0,0,0,0,0,0,0,3000,0,0,0,3000,0,3000,3000
059325,超眾元大99購05  ,0,0,0,0,0,0,0,0,0,3000,0,0,0,3000,0,3000,3000
057646,玉山金元大98購01,0,0,0,0,0,0,0,0,0,3000,0,0,0,3000,0,3000,3000
056765,友達元大9B購05  ,0,0,0,0,0,0,0,0,0,3000,0,0,0,3000,0,3000,3000
056399,上証2X群益9C購01,0,0,0,0,0,0,0,0,0,3000,0,0,0,3000,0,3000,3000
056061,國泰金元大97購02,0,0,0,0,0,0,0,0,0,3000,0,0,0,3000,0,3000,3000
056077,矽力元大97購07  ,0,0,0,0,0,0,0,0,0,3000,0,0,0,3000,0,3000,3000
056118,聯詠群益97購03  ,0,0,0,0,0,0,0,0,0,3000,0,0,0,8000,5000,3000,3000
056306,晶相光元大98購01,0,0,0,0,0,0,0,0,0,3000,0,0,0,3000,0,3000,3000
05619P,創意元富96售02  ,0,0,0,0,0,0,0,0,0,3000,0,0,0,3000,0,3000,3000
056173,廣達元富97購01  ,0,0,0,0,0,0,0,0,0,3000,0,0,0,3000,0,3000,3000
059681,華新科國泰9B購02,0,0,0,0,0,0,0,0,0,3000,0,0,0,99000,96000,3000,3000
059650,緯穎凱基99購04  ,0,0,0,0,0,0,0,0,0,3000,0,0,0,81000,78000,3000,3000
059947,貿聯永豐99購03  ,0,0,0,0,0,0,0,0,0,3000,0,0,0,3000,0,3000,3000
059951,台塑康和99購01  ,0,0,0,0,0,0,0,0,0,3000,0,0,0,7000,4000,3000,3000
06268P,聯詠凱基97售02  ,0,0,0,0,0,0,0,0,0,3000,0,0,0,3000,0,3000,3000
06027P,鴻海台新96售04  ,0,0,0,0,0,0,0,0,0,3000,0,0,0,3000,0,3000,3000
06057P,大立光凱基98售01,0,0,0,0,0,0,0,0,0,3000,0,0,0,3000,0,3000,3000
060117,國巨國泰9B購04  ,0,0,0,0,0,0,0,0,0,3000,0,0,0,81000,78000,3000,3000
06551P,貿聯元大98售05  ,0,0,0,0,0,0,0,0,0,3000,0,0,0,9000,6000,3000,3000
05817P,可成凱基96售07  ,0,0,0,0,0,0,0,0,0,3000,0,0,0,8000,5000,3000,3000
05999P,世芯元大96售01  ,0,0,0,0,0,0,0,0,0,3000,0,0,0,3000,0,3000,3000
059440,康控元大9B購01  ,0,0,0,0,0,0,0,0,0,3000,0,0,0,22000,19000,3000,3000
059446,臺股指元大99購27,0,0,0,0,0,0,0,0,0,3000,0,0,0,3000,0,3000,3000
057224,和碩日盛9A購01  ,0,0,0,0,0,0,0,0,0,3000,0,0,0,72000,69000,3000,3000
057430,富邦金兆豐98購01,0,0,0,0,0,0,0,0,0,3000,0,0,0,5000,2000,3000,3000
057135,立積凱基98購01  ,0,0,0,0,0,0,0,0,0,3000,0,0,0,3000,0,3000,3000
057166,國巨元大99購06  ,0,0,0,0,0,0,0,0,0,3000,0,0,0,3000,0,3000,3000
057481,技嘉元大98購04  ,0,0,0,0,0,0,0,0,0,3000,0,0,0,6000,3000,3000,3000
057490,可成元大98購10  ,0,0,0,0,0,0,0,0,0,3000,0,0,0,3000,0,3000,3000
05746P,台積電群益96售07,0,0,0,0,0,0,0,0,0,3000,0,0,0,3000,0,3000,3000
057514,華新科元富99購03,0,0,0,0,0,0,0,0,0,3000,0,0,0,3000,0,3000,3000
054249,技嘉元大96購03  ,0,0,0,0,0,0,0,0,0,3000,0,0,0,3000,0,3000,3000
054238,聯茂群益96購04  ,0,0,0,0,0,0,0,0,0,3000,0,0,0,3000,0,3000,3000
05440P,緯穎國票96售02  ,0,0,0,0,0,0,0,0,0,3000,0,0,0,73000,70000,3000,3000
053978,創意元大96購05  ,0,0,0,0,0,0,0,0,0,3000,0,0,0,3000,0,3000,3000
053901,T50反1凱基99購03,0,0,0,0,0,0,0,0,0,3000,0,0,0,3000,0,3000,3000
056425,聯發科日盛9A購01,0,0,0,0,0,0,0,0,0,3000,0,0,0,3000,0,3000,3000
059412,臺股指國票99購18,0,0,0,0,0,0,0,0,0,3000,0,0,0,3000,0,3000,3000
055475,臻鼎凱基97購02  ,0,0,0,0,0,0,0,0,0,3000,0,0,0,36000,33000,3000,3000
055493,華新科元大97購09,0,0,0,0,0,0,0,0,0,3000,0,0,0,3000,0,3000,3000
055582,亞德客元大97購01,0,0,0,0,0,0,0,0,0,3000,0,0,0,3000,0,3000,3000
052568,漢唐凱基96購02  ,0,0,0,0,0,0,0,0,0,3000,0,0,0,3000,0,3000,3000
052714,義隆凱基96購02  ,0,0,0,0,0,0,0,0,0,3000,0,0,0,13000,10000,3000,3000
052851,滬深2X元富96購02,0,0,0,0,0,0,0,0,0,3000,0,0,0,3000,0,3000,3000
05235P,健鼎康和95售02  ,0,0,0,0,0,0,0,0,0,3000,0,0,0,3000,0,3000,3000
052321,華擎元大95購01  ,0,0,0,0,0,0,0,0,0,3000,0,0,0,3000,0,3000,3000
053114,聯茂兆豐97購01  ,0,0,0,0,0,0,0,0,0,3000,0,0,0,3000,0,3000,3000
052293,泰碩國票95購03  ,0,0,0,0,0,0,0,0,0,3000,0,0,0,3000,0,3000,3000
055834,國巨元大97購13  ,0,0,0,0,0,0,0,0,0,3000,0,0,0,9000,6000,3000,3000
055790,南電凱基97購01  ,0,0,0,0,0,0,0,0,0,3000,0,0,0,3000,0,3000,3000
05072P,聯電元富95售02  ,0,0,0,0,0,0,0,0,0,3000,0,0,0,3000,0,3000,3000
050979,鴻海元富96購02  ,0,0,0,0,0,0,0,0,0,3000,0,0,0,3000,0,3000,3000
049242,佳世達元富96購01,0,0,0,0,0,0,0,0,0,3000,0,0,0,3000,0,3000,3000
050135,禾伸堂兆豐95購01,0,0,0,0,0,0,0,0,0,3000,0,0,0,3000,0,3000,3000
050451,嘉晶元大95購01  ,0,0,0,0,0,0,0,0,0,3000,0,0,0,3000,0,3000,3000
050523,義隆元大94購05  ,0,0,0,0,0,0,0,0,0,3000,0,0,0,3000,0,3000,3000
053281,茂林元大96購02  ,0,0,0,0,0,0,0,0,0,3000,0,0,0,3000,0,3000,3000
053351,A50正2兆豐97購01,0,0,0,0,0,0,0,0,0,3000,0,0,0,3000,0,3000,3000
055232,泰碩國票98購01  ,0,0,0,0,0,0,0,0,0,3000,0,0,0,3000,0,3000,3000
00866,新光Shiller CAPE,0,0,0,0,0,0,0,0,0,3000,0,0,0,29000,26000,3000,3000
00689R,國泰20年美債反1 ,0,0,0,0,0,0,0,0,0,3000,0,0,0,103000,100000,3000,3000
048081,元油反凱基96購01,0,0,0,0,0,0,0,0,0,3000,0,0,0,5000,2000,3000,3000
048102,矽力凱基94購01  ,0,0,0,0,0,0,0,0,0,3000,0,0,0,3000,0,3000,3000
04744P,臻鼎元富94售04  ,0,0,0,0,0,0,0,0,0,3000,0,0,0,3000,0,3000,3000
047406,香港反統一94購01,0,0,0,0,0,0,0,0,0,3000,0,0,0,3000,0,3000,3000
04840P,大立光元大94售18,0,0,0,0,0,0,0,0,0,3000,0,0,0,128000,125000,3000,3000
051463,世芯國泰97購02  ,0,0,0,0,0,0,0,0,0,3000,0,0,0,3000,0,3000,3000
051564,和碩國泰96購01  ,0,0,0,0,0,0,0,0,0,3000,0,0,0,3000,0,3000,3000
051699,世紀鋼麥證95購01,0,0,0,3000,0,3000,0,0,0,3000,0,0,0,3000,0,3000,3000
048634,華通元大94購01  ,0,0,0,0,0,0,0,0,0,3000,0,0,0,3000,0,3000,3000
04875P,台積電中信94售04,0,0,0,0,0,0,0,0,0,3000,0,0,0,28000,25000,3000,3000
03436B,臺股指元富99熊13,0,0,0,0,0,0,0,0,0,3000,0,0,0,3000,0,3000,3000
036628,統一台新99購01  ,0,0,0,0,0,0,0,0,0,3000,0,0,0,3000,0,3000,3000
2002A,中鋼特          ,0,0,0,0,0,0,0,0,0,3000,3000,0,3000,0,0,0,3000
1539,巨庭            ,3000,0,3000,0,0,0,0,0,0,0,0,0,0,0,0,0,3000
07414P,台積電元大99售51,0,0,0,0,0,0,0,0,0,3000,0,0,0,4000,1000,3000,3000
07337P,台灣50凱基99售09,0,0,0,0,0,0,0,0,0,3000,0,0,0,3000,0,3000,3000
07157P,臺股指元富99售12,0,0,0,0,0,0,0,0,0,3000,0,0,0,3000,0,3000,3000
07191P,台積電元大99售32,0,0,0,0,0,0,0,0,0,3000,0,0,0,43000,40000,3000,3000
06997P,台灣50中信03售01,0,0,0,0,0,0,0,0,0,3000,0,0,0,3000,0,3000,3000
06903P,技嘉凱基98售04  ,0,0,0,0,0,0,0,0,0,3000,0,0,0,5000,2000,3000,3000
6449,鈺邦            ,39000,36000,3000,0,0,0,0,0,0,0,0,0,0,0,0,0,3000
6152,百一            ,3000,0,3000,0,0,0,0,0,0,0,0,0,0,0,0,0,3000
4438,廣越            ,20000,17000,3000,0,0,0,0,0,0,0,0,0,0,0,0,0,3000
2459,敦吉            ,39000,36000,3000,0,0,0,0,0,0,0,0,0,0,0,0,0,3000
2539,櫻花建          ,20000,18000,2000,0,0,0,0,0,0,1000,1000,0,1000,0,0,0,3000
05748P,臺股指群益99售02,0,0,0,0,0,0,0,0,0,2000,0,0,0,2000,0,2000,2000
057548,微星凱基99購01  ,0,0,0,0,0,0,0,0,0,2000,0,0,0,2000,0,2000,2000
057550,聯發科凱基02購01,0,0,0,0,0,0,0,0,0,2000,0,0,0,2000,0,2000,2000
057574,中磊永豐98購01  ,0,0,0,0,0,0,0,0,0,2000,0,0,0,2000,0,2000,2000
057449,華新科元富99購02,0,0,0,0,0,0,0,0,0,2000,0,0,0,2000,0,2000,2000
057377,康控元大99購02  ,0,0,0,0,0,0,0,0,0,2000,0,0,0,8000,6000,2000,2000
057192,力成元大98購01  ,0,0,0,0,0,0,0,0,0,2000,0,0,0,2000,0,2000,2000
058616,台虹元大9A購01  ,0,0,0,0,0,0,0,0,0,2000,0,0,0,7000,5000,2000,2000
058714,美律統一9B購01  ,0,0,0,0,0,0,0,0,0,2000,0,0,0,2000,0,2000,2000
058259,訊連國泰9B購01  ,0,0,0,0,0,0,0,0,0,2000,0,0,0,2000,0,2000,2000
058479,亞光凱基9A購01  ,0,0,0,0,0,0,0,0,0,2000,0,0,0,2000,0,2000,2000
058035,旭富永豐98購02  ,0,0,0,0,0,0,0,0,0,2000,0,0,0,12000,10000,2000,2000
058369,亞光凱基99購02  ,0,0,0,0,0,0,0,0,0,2000,0,0,0,2000,0,2000,2000
056913,臺股指元大99購05,0,0,0,0,0,0,0,0,0,2000,0,0,0,2000,0,2000,2000
057073,康控永豐98購01  ,0,0,0,0,0,0,0,0,0,2000,0,0,0,2000,0,2000,2000
058224,世芯統一9B購02  ,0,0,0,0,0,0,0,0,0,2000,0,0,0,2000,0,2000,2000
058176,聯發科凱基99購05,0,0,0,0,0,0,0,0,0,2000,0,0,0,2000,0,2000,2000
058143,瑞儀元大99購02  ,0,0,0,0,0,0,0,0,0,2000,0,0,0,5000,3000,2000,2000
057075,嘉聯益永豐98購01,0,0,0,0,0,0,0,0,0,2000,0,0,0,4000,2000,2000,2000
06554P,臺股指元大99售06,0,0,0,0,0,0,0,0,0,2000,0,0,0,2000,0,2000,2000
06516P,國巨凱基98售08  ,0,0,0,0,0,0,0,0,0,2000,0,0,0,2000,0,2000,2000
06490P,鴻海富邦99售02  ,0,0,0,0,0,0,0,0,0,2000,0,0,0,2000,0,2000,2000
06453P,群創元大9B售02  ,0,0,0,0,0,0,0,0,0,2000,0,0,0,2000,0,2000,2000
06295P,國巨元大97售14  ,0,0,0,0,0,0,0,0,0,2000,0,0,0,211000,209000,2000,2000
06299P,可成元大97售04  ,0,0,0,0,0,0,0,0,0,2000,0,0,0,2000,0,2000,2000
06074P,台積電凱基98售04,0,0,0,0,0,0,0,0,0,2000,0,0,0,8000,6000,2000,2000
06183P,大立光元大97售05,0,0,0,0,0,0,0,0,0,2000,0,0,0,2000,0,2000,2000
055934,景碩群益98購03  ,0,0,0,0,0,0,0,0,0,2000,0,0,0,2000,0,2000,2000
056004,南電永豐97購02  ,0,0,0,0,0,0,0,0,0,2000,0,0,0,2000,0,2000,2000
059899,上証2X元大9C購04,0,0,0,0,0,0,0,0,0,2000,0,0,0,2000,0,2000,2000
059891,臺股指國票99購25,0,0,0,0,0,0,0,0,0,2000,0,0,0,2000,0,2000,2000
059855,緯穎永豐99購04  ,0,0,0,0,0,0,0,0,0,2000,0,0,0,2000,0,2000,2000
056317,華通群益99購02  ,0,0,0,0,0,0,0,0,0,2000,0,0,0,2000,0,2000,2000
056279,新日興富邦99購01,0,0,0,0,0,0,0,0,0,2000,0,0,0,2000,0,2000,2000
056237,智邦群益97購02  ,0,0,0,0,0,0,0,0,0,2000,0,0,0,11000,9000,2000,2000
056146,台虹元大98購01  ,0,0,0,0,0,0,0,0,0,2000,0,0,0,2000,0,2000,2000
056025,嘉晶群益97購01  ,0,0,0,0,0,0,0,0,0,2000,0,0,0,2000,0,2000,2000
056403,茂林群益98購01  ,0,0,0,0,0,0,0,0,0,2000,0,0,0,2000,0,2000,2000
056705,超眾國泰99購01  ,0,0,0,0,0,0,0,0,0,2000,0,0,0,2000,0,2000,2000
058983,旺宏凱基99購05  ,0,0,0,0,0,0,0,0,0,2000,0,0,0,71000,69000,2000,2000
057917,台積電凱基98購17,0,0,0,0,0,0,0,0,0,2000,0,0,0,2000,0,2000,2000
057889,致新群益99購01  ,0,0,0,0,0,0,0,0,0,2000,0,0,0,2000,0,2000,2000
057654,A50正2中信98購01,0,0,0,0,0,0,0,0,0,2000,0,0,0,2000,0,2000,2000
057680,臺股指元大98購10,0,0,0,0,0,0,0,0,0,2000,0,0,0,2000,0,2000,2000
059329,台灣50國票99購09,0,0,0,0,0,0,0,0,0,2000,0,0,0,2000,0,2000,2000
059973,A50正2元大99購02,0,0,0,0,0,0,0,0,0,2000,0,0,0,6000,4000,2000,2000
059496,T50正2元富99購03,0,0,0,0,0,0,0,0,0,2000,0,0,0,2000,0,2000,2000
057866,玉山金凱基98購01,0,0,0,0,0,0,0,0,0,2000,0,0,0,2000,0,2000,2000
056613,旺宏永豐98購01  ,0,0,0,0,0,0,0,0,0,2000,0,0,0,2000,0,2000,2000
05663P,創意元富96售04  ,0,0,0,0,0,0,0,0,0,2000,0,0,0,2000,0,2000,2000
056542,緯創凱基98購01  ,0,0,0,0,0,0,0,0,0,2000,0,0,0,2000,0,2000,2000
056581,超眾元大99購01  ,0,0,0,0,0,0,0,0,0,2000,0,0,0,2000,0,2000,2000
058893,元油2X元大9C購10,0,0,0,0,0,0,0,0,0,2000,0,0,0,2000,0,2000,2000
03454P,台積電凱基03售14,0,0,0,0,0,0,0,0,0,2000,0,0,0,2000,0,2000,2000
051406,泰鼎永豐96購01  ,0,0,0,0,0,0,0,0,0,2000,0,0,0,4000,2000,2000,2000
04324P,新光金元大94售01,0,0,0,0,0,0,0,0,0,2000,0,0,0,2000,0,2000,2000
044533,S&P反1中信94購02,0,0,0,0,0,0,0,0,0,2000,0,0,0,2000,0,2000,2000
05182P,嘉晶統一95售03  ,0,0,0,0,0,0,0,0,0,2000,0,0,0,12000,10000,2000,2000
04842P,群創元大96售02  ,0,0,0,0,0,0,0,0,0,2000,0,0,0,2000,0,2000,2000
047402,T50反1統一94購03,0,0,0,0,0,0,0,0,0,2000,0,0,0,2000,0,2000,2000
04813P,智邦元大94售07  ,0,0,0,0,0,0,0,0,0,2000,0,0,0,2000,0,2000,2000
047990,臺指反元大96購02,0,0,0,0,0,0,0,0,0,2000,0,0,0,2000,0,2000,2000
046797,T50反1元大96購01,0,0,0,0,0,0,0,0,0,2000,0,0,0,2000,0,2000,2000
04632P,台積電群益94售11,0,0,0,0,0,0,0,0,0,2000,0,0,0,2000,0,2000,2000
045836,群創群益98購01  ,0,0,0,0,0,0,0,0,0,2000,0,0,0,2000,0,2000,2000
04824P,亞泥中信94售02  ,0,0,0,0,0,0,0,0,0,2000,0,0,0,5000,3000,2000,2000
04825P,元大金中信94售01,0,0,0,0,0,0,0,0,0,2000,0,0,0,2000,0,2000,2000
048345,緯創元大94購01  ,0,0,0,0,0,0,0,0,0,2000,0,0,0,2000,0,2000,2000
04827P,國巨凱基94售09  ,0,0,0,0,0,0,0,0,0,2000,0,0,0,2000,0,2000,2000
054863,億光群益97購01  ,0,0,0,0,0,0,0,0,0,2000,0,0,0,2000,0,2000,2000
053279,景碩元大97購01  ,0,0,0,0,0,0,0,0,0,2000,0,0,0,2000,0,2000,2000
049602,南電元大95購01  ,0,0,0,0,0,0,0,0,0,2000,0,0,0,2000,0,2000,2000
04898P,瑞儀中信95售01  ,0,0,0,0,0,0,0,0,0,2000,0,0,0,2000,0,2000,2000
050941,T50反1群益95購01,0,0,0,0,0,0,0,0,0,2000,0,0,0,2000,0,2000,2000
052051,京鼎凱基95購01  ,0,0,0,0,0,0,0,0,0,2000,0,0,0,2000,0,2000,2000
051934,緯穎國票96購01  ,0,0,0,0,0,0,0,0,0,2000,0,0,0,2000,0,2000,2000
051946,健策統一98購01  ,0,0,0,0,0,0,0,0,0,2000,0,0,0,2000,0,2000,2000
053432,世紀鋼永豐96購02,0,0,0,0,0,0,0,0,0,2000,0,0,0,2000,0,2000,2000
05540P,亞德客凱基96售01,0,0,0,0,0,0,0,0,0,2000,0,0,0,2000,0,2000,2000
05576P,群創日盛99售02  ,0,0,0,0,0,0,0,0,0,2000,0,0,0,2000,0,2000,2000
055301,台虹元大97購01  ,0,0,0,0,0,0,0,0,0,2000,0,0,0,2000,0,2000,2000
053582,英業達元大97購01,0,0,0,0,0,0,0,0,0,2000,0,0,0,2000,0,2000,2000
052072,健策統一95購02  ,0,0,0,0,0,0,0,0,0,2000,0,0,0,2000,0,2000,2000
053448,智易凱基96購03  ,0,0,0,0,0,0,0,0,0,2000,0,0,0,2000,0,2000,2000
053091,同欣電元大96購01,0,0,0,0,0,0,0,0,0,2000,0,0,0,2000,0,2000,2000
052381,臺股指元大95購22,0,0,0,0,0,0,0,0,0,2000,0,0,0,2000,0,2000,2000
053162,緯穎元大97購01  ,0,0,0,0,0,0,0,0,0,2000,0,0,0,2000,0,2000,2000
052809,訊芯元大97購01  ,0,0,0,0,0,0,0,0,0,2000,0,0,0,2000,0,2000,2000
052983,國巨元大96購07  ,0,0,0,0,0,0,0,0,0,2000,0,0,0,2000,0,2000,2000
052790,智邦兆豐97購01  ,0,0,0,0,0,0,0,0,0,2000,0,0,0,2000,0,2000,2000
05261P,鴻海元大95售20  ,0,0,0,0,0,0,0,0,0,2000,0,0,0,2000,0,2000,2000
052565,上銀凱基96購01  ,0,0,0,0,0,0,0,0,0,2000,0,0,0,2000,0,2000,2000
053732,S&P反1中信9C購01,0,0,0,0,0,0,0,0,0,2000,0,0,0,2000,0,2000,2000
059038,健策群益9A購02  ,0,0,0,0,0,0,0,0,0,2000,0,0,0,2000,0,2000,2000
059379,聯電亞東99購02  ,0,0,0,0,0,0,0,0,0,2000,0,0,0,2000,0,2000,2000
059125,台積電第一03購02,0,0,0,0,0,0,0,0,0,2000,0,0,0,2000,0,2000,2000
052533,聯發科國泰96購03,0,0,0,0,0,0,0,0,0,2000,0,0,0,2000,0,2000,2000
055724,祥碩元大97購03  ,0,0,0,0,0,0,0,0,0,2000,0,0,0,2000,0,2000,2000
055738,玉山金元富97購01,0,0,0,0,0,0,0,0,0,2000,0,0,0,2000,0,2000,2000
055671,世紀鋼群益97購01,0,0,0,0,0,0,0,0,0,2000,0,0,0,2000,0,2000,2000
054294,世芯元大96購02  ,0,0,0,0,0,0,0,0,0,2000,0,0,0,2000,0,2000,2000
054262,瀚宇博元大96購03,0,0,0,0,0,0,0,0,0,2000,0,0,0,2000,0,2000,2000
054708,華通統一97購02  ,0,0,0,0,0,0,0,0,0,2000,0,0,0,2000,0,2000,2000
05468P,鴻海元大96售14  ,0,0,0,0,0,0,0,0,0,2000,0,0,0,2000,0,2000,2000
05458P,台積電凱基97售02,0,0,0,0,0,0,0,0,0,2000,0,0,0,2000,0,2000,2000
2613,中櫃            ,5000,3000,2000,0,0,0,0,0,0,0,0,0,0,0,0,0,2000
2936,客思達-KY       ,2000,0,2000,0,0,0,0,0,0,0,0,0,0,0,0,0,2000
2024,志聯            ,3000,0,3000,0,0,0,0,0,0,-1000,0,1000,-1000,0,0,0,2000
2231,為升            ,101000,99000,2000,0,0,0,0,0,0,0,2000,3000,-1000,3000,2000,1000,2000
2338,光罩            ,526000,527000,-1000,0,0,0,0,0,0,3000,0,0,0,3000,0,3000,2000
4557,永新-KY         ,4000,2000,2000,0,0,0,0,0,0,0,0,0,0,0,0,0,2000
3550,聯穎            ,2000,0,2000,0,0,0,0,0,0,0,0,0,0,0,0,0,2000
3167,大量            ,8000,7000,1000,0,0,0,1000,0,1000,0,0,0,0,0,0,0,2000
3305,昇貿            ,17000,15000,2000,0,0,0,0,0,0,0,0,0,0,0,0,0,2000
3416,融程電          ,3000,1000,2000,0,0,0,0,0,0,0,0,0,0,0,0,0,2000
6172,互億            ,8000,6000,2000,0,0,0,0,0,0,0,0,0,0,0,0,0,2000
6205,詮欣            ,2000,0,2000,0,0,0,0,0,0,0,0,0,0,0,0,0,2000
06911P,鴻海元大99售09  ,0,0,0,0,0,0,0,0,0,2000,0,0,0,2000,0,2000,2000
06781P,大立光元大98售19,0,0,0,0,0,0,0,0,0,2000,0,0,0,2000,0,2000,2000
06812P,台灣50元富9C售01,0,0,0,0,0,0,0,0,0,2000,0,0,0,2000,0,2000,2000
06832P,玉晶光凱基98售03,0,0,0,0,0,0,0,0,0,2000,0,0,0,2000,0,2000,2000
07002P,鴻海兆豐99售04  ,0,0,0,0,0,0,0,0,0,2000,0,0,0,2000,0,2000,2000
07009P,臺股指中信9B售01,0,0,0,0,0,0,0,0,0,2000,0,0,0,2000,0,2000,2000
06960P,國巨凱基99售08  ,0,0,0,0,0,0,0,0,0,2000,0,0,0,2000,0,2000,2000
07031P,台灣50中信03售02,0,0,0,0,0,0,0,0,0,2000,0,0,0,2000,0,2000,2000
07212P,聯發科凱基99售14,0,0,0,0,0,0,0,0,0,2000,0,0,0,2000,0,2000,2000
07273P,台灣50群益99售03,0,0,0,0,0,0,0,0,0,2000,0,0,0,2000,0,2000,2000
1507,永大            ,17000,15000,2000,0,0,0,0,0,0,0,0,0,0,0,0,0,2000
8104,錸寶            ,13000,11000,2000,0,0,0,0,0,0,0,0,0,0,0,0,0,2000
9912,偉聯            ,0,0,0,0,0,0,0,0,0,2000,2000,0,2000,0,0,0,2000
910861,神州-DR         ,2000,0,2000,0,0,0,0,0,0,0,0,0,0,0,0,0,2000
058919,SGBR2X元富99購05,0,0,0,0,0,0,0,0,0,1000,0,0,0,5000,4000,1000,1000
058954,元油2X國票9A購07,0,0,0,0,0,0,0,0,0,1000,0,0,0,1000,0,1000,1000
059534,國泰金凱基99購01,0,0,0,0,0,0,0,0,0,1000,0,0,0,95000,94000,1000,1000
059576,臺股指凱基99購42,0,0,0,0,0,0,0,0,0,1000,0,0,0,1000,0,1000,1000
056625,致伸永豐98購01  ,0,0,0,0,0,0,0,0,0,1000,0,0,0,1000,0,1000,1000
05963P,貿聯國票97售02  ,0,0,0,0,0,0,0,0,0,1000,0,0,0,1000,0,1000,1000
059697,上証2X凱基9A購03,0,0,0,0,0,0,0,0,0,1000,0,0,0,4000,3000,1000,1000
059600,緯穎元大99購07  ,0,0,0,0,0,0,0,0,0,1000,0,0,0,5000,4000,1000,1000
059602,臺股指元大9A購39,0,0,0,0,0,0,0,0,0,1000,0,0,0,1000,0,1000,1000
05961P,鴻海群益97售01  ,0,0,0,0,0,0,0,0,0,1000,0,0,0,1000,0,1000,1000
059482,貿聯群益99購05  ,0,0,0,0,0,0,0,0,0,1000,0,0,0,1000,0,1000,1000
059983,聯發科元大99購38,0,0,0,0,0,0,0,0,0,1000,0,0,0,2000,1000,1000,1000
057760,聯發科凱基98購18,0,0,0,0,0,0,0,0,0,1000,0,0,0,2000,1000,1000,1000
058848,台積電群益99購07,0,0,0,0,0,0,0,0,0,1000,0,0,0,1000,0,1000,1000
059353,滬深2X富邦9A購02,0,0,0,0,0,0,0,0,0,1000,0,0,0,2000,1000,1000,1000
056426,上証2X凱基9A購01,0,0,0,0,0,0,0,0,0,1000,0,0,0,2000,1000,1000,1000
056435,台積電凱基98購09,0,0,0,0,0,0,0,0,0,1000,0,0,0,10000,9000,1000,1000
057672,茂林元大98購02  ,0,0,0,0,0,0,0,0,0,1000,0,0,0,1000,0,1000,1000
057665,技嘉元大99購01  ,0,0,0,0,0,0,0,0,0,1000,0,0,0,1000,0,1000,1000
056501,貿聯富邦99購01  ,0,0,0,0,0,0,0,0,0,1000,0,0,0,1000,0,1000,1000
056502,A50正2永豐98購01,0,0,0,0,0,0,0,0,0,1000,0,0,0,1000,0,1000,1000
056467,上証2X元大98購02,0,0,0,0,0,0,0,0,0,1000,0,0,0,1000,0,1000,1000
057946,晶相光國票99購01,0,0,0,0,0,0,0,0,0,1000,0,0,0,33000,32000,1000,1000
057947,和碩國票99購01  ,0,0,0,0,0,0,0,0,0,1000,0,0,0,1000,0,1000,1000
056747,致新凱基99購01  ,0,0,0,0,0,0,0,0,0,1000,0,0,0,1000,0,1000,1000
056713,華擎永豐98購01  ,0,0,0,0,0,0,0,0,0,1000,0,0,0,1000,0,1000,1000
056697,緯穎群益98購01  ,0,0,0,0,0,0,0,0,0,1000,0,0,0,1000,0,1000,1000
056699,光罩國泰99購01  ,0,0,0,0,0,0,0,0,0,1000,0,0,0,1000,0,1000,1000
055876,美食元富9A購01  ,0,0,0,0,0,0,0,0,0,1000,0,0,0,1000,0,1000,1000
056378,欣興元富98購01  ,0,0,0,0,0,0,0,0,0,1000,0,0,0,1000,0,1000,1000
056355,台積電元大98購08,0,0,0,0,0,0,0,0,0,1000,0,0,0,1000,0,1000,1000
056041,禾伸堂凱基98購03,0,0,0,0,0,0,0,0,0,1000,0,0,0,1000,0,1000,1000
056066,奇鋐元大98購02  ,0,0,0,0,0,0,0,0,0,1000,0,0,0,1000,0,1000,1000
056236,台積電群益97購06,0,0,0,0,0,0,0,0,0,1000,0,0,0,1000,0,1000,1000
056298,億光元大97購02  ,0,0,0,0,0,0,0,0,0,1000,0,0,0,1000,0,1000,1000
055995,華擎國泰99購01  ,0,0,0,0,0,0,0,0,0,1000,0,0,0,1000,0,1000,1000
055954,南港元大97購02  ,0,0,0,0,0,0,0,0,0,1000,0,0,0,1000,0,1000,1000
059937,旺宏永豐99購03  ,0,0,0,0,0,0,0,0,0,1000,0,0,0,1000,0,1000,1000
059653,台灣50元大99購08,0,0,0,0,0,0,0,0,0,1000,0,0,0,1000,0,1000,1000
059749,台灣50群益9A購04,0,0,0,0,0,0,0,0,0,1000,0,0,0,1000,0,1000,1000
059804,台積電元富99購01,0,0,0,0,0,0,0,0,0,1000,0,0,0,46000,45000,1000,1000
059810,台灣50台新99購04,0,0,0,0,0,0,0,0,0,1000,0,0,0,1000,0,1000,1000
06075P,智邦凱基97售02  ,0,0,0,0,0,0,0,0,0,1000,0,0,0,1000,0,1000,1000
06078P,臺股指凱基9A售01,0,0,0,0,0,0,0,0,0,1000,0,0,0,1000,0,1000,1000
06056P,台積電凱基98售02,0,0,0,0,0,0,0,0,0,1000,0,0,0,1000,0,1000,1000
06136P,華新科國泰99售02,0,0,0,0,0,0,0,0,0,1000,0,0,0,1000,0,1000,1000
06407P,創意元富97售02  ,0,0,0,0,0,0,0,0,0,1000,0,0,0,1000,0,1000,1000
06595P,祥碩元大98售03  ,0,0,0,0,0,0,0,0,0,1000,0,0,0,11000,10000,1000,1000
06711P,臺股指台新99售08,0,0,0,0,0,0,0,0,0,1000,0,0,0,1000,0,1000,1000
06682P,玉晶光元大99售08,0,0,0,0,0,0,0,0,0,1000,0,0,0,1000,0,1000,1000
06665P,欣興兆豐99售01  ,0,0,0,0,0,0,0,0,0,1000,0,0,0,1000,0,1000,1000
06724P,台灣50國票98售01,0,0,0,0,0,0,0,0,0,1000,0,0,0,1000,0,1000,1000
058156,超眾統一9A購02  ,0,0,0,0,0,0,0,0,0,1000,0,0,0,1000,0,1000,1000
058191,祥碩永豐99購01  ,0,0,0,0,0,0,0,0,0,1000,0,0,0,1000,0,1000,1000
058174,台積電凱基9A購05,0,0,0,0,0,0,0,0,0,1000,0,0,0,1000,0,1000,1000
057044,旺宏元大98購08  ,0,0,0,0,0,0,0,0,0,1000,0,0,0,1000,0,1000,1000
05687P,臺股指元大96售12,0,0,0,0,0,0,0,0,0,1000,0,0,0,1000,0,1000,1000
059448,上証2X永豐99購01,0,0,0,0,0,0,0,0,0,1000,0,0,0,1000,0,1000,1000
058286,道瓊指國票9B購01,0,0,0,0,0,0,0,0,0,1000,0,0,0,1000,0,1000,1000
058355,旺宏凱基99購04  ,0,0,0,0,0,0,0,0,0,1000,0,0,0,1000,0,1000,1000
058040,FBVIX元大98購01 ,0,0,0,0,0,0,0,0,0,1000,0,0,0,1000,0,1000,1000
058512,宏達電元大99購04,0,0,0,0,0,0,0,0,0,1000,0,0,0,8000,7000,1000,1000
058497,新日興群益9B購01,0,0,0,0,0,0,0,0,0,1000,0,0,0,1000,0,1000,1000
058532,禾伸堂元富99購01,0,0,0,0,0,0,0,0,0,1000,0,0,0,1000,0,1000,1000
058483,道瓊指國票9A購01,0,0,0,0,0,0,0,0,0,1000,0,0,0,1000,0,1000,1000
058250,台虹元大99購01  ,0,0,0,0,0,0,0,0,0,1000,0,0,0,1000,0,1000,1000
058693,旭富國票9A購01  ,0,0,0,0,0,0,0,0,0,1000,0,0,0,1000,0,1000,1000
058729,國巨永豐99購03  ,0,0,0,0,0,0,0,0,0,1000,0,0,0,9000,8000,1000,1000
057219,群創群益98購10  ,0,0,0,0,0,0,0,0,0,1000,0,0,0,1000,0,1000,1000
05760P,京鼎永豐96售02  ,0,0,0,0,0,0,0,0,0,1000,0,0,0,1000,0,1000,1000
054444,緯穎台新97購01  ,0,0,0,0,0,0,0,0,0,1000,0,0,0,11000,10000,1000,1000
054556,世芯凱基99購01  ,0,0,0,0,0,0,0,0,0,1000,0,0,0,1000,0,1000,1000
054559,台光電群益99購01,0,0,0,0,0,0,0,0,0,1000,0,0,0,1000,0,1000,1000
054272,華通中信98購01  ,0,0,0,0,0,0,0,0,0,1000,0,0,0,1000,0,1000,1000
054220,國巨統一97購02  ,0,0,0,0,0,0,0,0,0,1000,0,0,0,1000,0,1000,1000
055676,亞德客凱基97購03,0,0,0,0,0,0,0,0,0,1000,0,0,0,1000,0,1000,1000
055642,廣宇元富97購01  ,0,0,0,0,0,0,0,0,0,1000,0,0,0,1000,0,1000,1000
052385,滬深2X群益99購05,0,0,0,0,0,0,0,0,0,1000,0,0,0,1000,0,1000,1000
053800,華通凱基97購03  ,0,0,0,0,0,0,0,0,0,1000,0,0,0,109000,108000,1000,1000
053805,奇鋐凱基98購02  ,0,0,0,0,0,0,0,0,0,1000,0,0,0,1000,0,1000,1000
053813,友達群益9A購03  ,0,0,0,0,0,0,0,0,0,1000,0,0,0,1000,0,1000,1000
059141,臺股指兆豐99購01,0,0,0,0,0,0,0,0,0,1000,0,0,0,1000,0,1000,1000
059071,元油2X元大9C購12,0,0,0,0,0,0,0,0,0,1000,0,0,0,1000,0,1000,1000
059056,技嘉凱基99購02  ,0,0,0,0,0,0,0,0,0,1000,0,0,0,1000,0,1000,1000
059013,臺股指元大9A購32,0,0,0,0,0,0,0,0,0,1000,0,0,0,1000,0,1000,1000
059209,華通元大99購08  ,0,0,0,0,0,0,0,0,0,1000,0,0,0,2000,1000,1000,1000
059172,台郡凱基99購03  ,0,0,0,0,0,0,0,0,0,1000,0,0,0,2000,1000,1000,1000
059163,台積電凱基99購10,0,0,0,0,0,0,0,0,0,1000,0,0,0,1000,0,1000,1000
059216,台積電元大99購29,0,0,0,0,0,0,0,0,0,1000,0,0,0,1000,0,1000,1000
059217,台積電元大99購30,0,0,0,0,0,0,0,0,0,1000,0,0,0,1000,0,1000,1000
059241,旺宏凱基99購07  ,0,0,0,0,0,0,0,0,0,1000,0,0,0,1000,0,1000,1000
05925P,晶技永豐96售03  ,0,0,0,0,0,0,0,0,0,1000,0,0,0,1000,0,1000,1000
055476,台郡凱基97購02  ,0,0,0,0,0,0,0,0,0,1000,0,0,0,2000,1000,1000,1000
055502,群創元大9C購03  ,0,0,0,0,0,0,0,0,0,1000,0,0,0,1000,0,1000,1000
05267P,欣興元大95售08  ,0,0,0,0,0,0,0,0,0,1000,0,0,0,1000,0,1000,1000
052766,玉晶光群益9A購01,0,0,0,0,0,0,0,0,0,1000,0,0,0,1000,0,1000,1000
052755,滬深2X群益9A購01,0,0,0,0,0,0,0,0,0,1000,0,0,0,1000,0,1000,1000
052701,群創國票96購01  ,0,0,0,0,0,0,0,0,0,1000,0,0,0,1000,0,1000,1000
052325,高股息中信99購01,0,0,0,0,0,0,0,0,0,1000,0,0,0,1000,0,1000,1000
052313,聯電元大98購01  ,0,0,0,0,0,0,0,0,0,1000,0,0,0,139000,138000,1000,1000
053090,新唐元大96購01  ,0,0,0,0,0,0,0,0,0,1000,0,0,0,1000,0,1000,1000
053121,上証2X凱基9C購01,0,0,0,0,0,0,0,0,0,1000,0,0,0,1000,0,1000,1000
053445,可成凱基96購04  ,0,0,0,0,0,0,0,0,0,1000,0,0,0,1000,0,1000,1000
053457,旺宏國泰98購03  ,0,0,0,0,0,0,0,0,0,1000,0,0,0,1000,0,1000,1000
053537,玉晶光永豐98購02,0,0,0,0,0,0,0,0,0,1000,0,0,0,1000,0,1000,1000
053580,國巨元大96購10  ,0,0,0,0,0,0,0,0,0,1000,0,0,0,1000,0,1000,1000
053686,台積電元大97購08,0,0,0,0,0,0,0,0,0,1000,0,0,0,1000,0,1000,1000
055365,華通元大97購03  ,0,0,0,0,0,0,0,0,0,1000,0,0,0,1000,0,1000,1000
054061,晶技國票97購03  ,0,0,0,0,0,0,0,0,0,1000,0,0,0,1000,0,1000,1000
054064,台郡國票97購04  ,0,0,0,0,0,0,0,0,0,1000,0,0,0,1000,0,1000,1000
055748,GIS元富97購01   ,0,0,0,0,0,0,0,0,0,1000,0,0,0,21000,20000,1000,1000
055814,晶豪科國票97購02,0,0,0,0,0,0,0,0,0,1000,0,0,0,1000,0,1000,1000
051047,深中小群益99購01,0,0,0,0,0,0,0,0,0,1000,0,0,0,1000,0,1000,1000
051029,緯創元富95購01  ,0,0,0,0,0,0,0,0,0,1000,0,0,0,1000,0,1000,1000
050919,台積電凱基95購03,0,0,0,0,0,0,0,0,0,1000,0,0,0,1000,0,1000,1000
05185P,鴻海中信95售04  ,0,0,0,0,0,0,0,0,0,1000,0,0,0,1000,0,1000,1000
05086P,鴻海凱基95售13  ,0,0,0,0,0,0,0,0,0,1000,0,0,0,1000,0,1000,1000
050801,元金2X群益98購01,0,0,0,0,0,0,0,0,0,1000,0,0,0,1000,0,1000,1000
050658,台郡麥證96購01  ,0,0,0,1000,0,1000,0,0,0,1000,0,0,0,1000,0,1000,1000
049156,緯穎元大96購01  ,0,0,0,0,0,0,0,0,0,1000,0,0,0,1000,0,1000,1000
049200,元黃金群益98購01,0,0,0,0,0,0,0,0,0,1000,0,0,0,1000,0,1000,1000
049136,華通元大95購01  ,0,0,0,0,0,0,0,0,0,1000,0,0,0,1000,0,1000,1000
049436,義隆國泰96購02  ,0,0,0,0,0,0,0,0,0,1000,0,0,0,1000,0,1000,1000
050056,國巨凱基94購04  ,0,0,0,0,0,0,0,0,0,1000,0,0,0,1000,0,1000,1000
050117,麗豐元大96購02  ,0,0,0,0,0,0,0,0,0,1000,0,0,0,1000,0,1000,1000
04927P,大立光凱基95售06,0,0,0,0,0,0,0,0,0,1000,0,0,0,1000,0,1000,1000
049490,京元電元大95購02,0,0,0,0,0,0,0,0,0,1000,0,0,0,1000,0,1000,1000
050514,聯電元大94購01  ,0,0,0,0,0,0,0,0,0,1000,0,0,0,191000,190000,1000,1000
050620,和碩元大94購04  ,0,0,0,0,0,0,0,0,0,1000,0,0,0,1000,0,1000,1000
050335,正崴國泰96購01  ,0,0,0,0,0,0,0,0,0,1000,0,0,0,1000,0,1000,1000
049600,緯穎元大95購02  ,0,0,0,0,0,0,0,0,0,1000,0,0,0,21000,20000,1000,1000
049632,臺股指群益94購05,0,0,0,0,0,0,0,0,0,1000,0,0,0,1000,0,1000,1000
051283,亞德客統一95購01,0,0,0,0,0,0,0,0,0,1000,0,0,0,1000,0,1000,1000
049595,麗豐元大95購01  ,0,0,0,0,0,0,0,0,0,1000,0,0,0,1000,0,1000,1000
050021,鴻海元大94購10  ,0,0,0,0,0,0,0,0,0,1000,0,0,0,1000,0,1000,1000
04979P,臺股指凱基96售07,0,0,0,0,0,0,0,0,0,1000,0,0,0,1000,0,1000,1000
053226,國巨台新97購02  ,0,0,0,0,0,0,0,0,0,1000,0,0,0,1000,0,1000,1000
054925,神達凱基97購01  ,0,0,0,0,0,0,0,0,0,1000,0,0,0,1000,0,1000,1000
054822,祥碩元大97購01  ,0,0,0,0,0,0,0,0,0,1000,0,0,0,1000,0,1000,1000
054831,緯穎國泰98購01  ,0,0,0,0,0,0,0,0,0,1000,0,0,0,1000,0,1000,1000
054766,智原國票98購01  ,0,0,0,0,0,0,0,0,0,1000,0,0,0,1000,0,1000,1000
055292,聯鈞元大97購02  ,0,0,0,0,0,0,0,0,0,1000,0,0,0,1000,0,1000,1000
055289,泰碩元大98購01  ,0,0,0,0,0,0,0,0,0,1000,0,0,0,1000,0,1000,1000
055229,大毅國票97購02  ,0,0,0,0,0,0,0,0,0,1000,0,0,0,1000,0,1000,1000
055112,晶豪科凱基98購01,0,0,0,0,0,0,0,0,0,1000,0,0,0,1000,0,1000,1000
05511P,T50反1台新06售01,0,0,0,0,0,0,0,0,0,1000,0,0,0,1000,0,1000,1000
048269,瀚宇博國泰95購01,0,0,0,0,0,0,0,0,0,1000,0,0,0,1000,0,1000,1000
03417B,臺股指凱基95熊19,0,0,0,0,0,0,0,0,0,1000,0,0,0,1000,0,1000,1000
04551P,台表科元大94售02,0,0,0,0,0,0,0,0,0,1000,0,0,0,1000,0,1000,1000
04784P,超眾元富94售01  ,0,0,0,0,0,0,0,0,0,1000,0,0,0,1000,0,1000,1000
047683,亞德客國泰95購01,0,0,0,0,0,0,0,0,0,1000,0,0,0,1000,0,1000,1000
04717P,和大凱基94售02  ,0,0,0,0,0,0,0,0,0,1000,0,0,0,1000,0,1000,1000
0057,富邦摩台        ,0,0,0,0,0,0,0,0,0,1000,0,0,0,21000,20000,1000,1000
00774B,新光中國政金綠債,0,0,0,0,0,0,0,0,0,1000,0,0,0,3000,2000,1000,1000
00691R,兆豐藍籌30反1   ,0,0,0,0,0,0,0,0,0,1000,0,0,0,1000,0,1000,1000
00732,國泰RMB短期報酬 ,0,0,0,0,0,0,0,0,0,1000,0,0,0,101000,100000,1000,1000
048505,滬深2X群益99購03,0,0,0,0,0,0,0,0,0,1000,0,0,0,1000,0,1000,1000
051570,和碩富邦97購01  ,0,0,0,0,0,0,0,0,0,1000,0,0,0,1000,0,1000,1000
051466,玉晶光富邦97購01,0,0,0,0,0,0,0,0,0,1000,0,0,0,1000,0,1000,1000
04518P,高鐵群益95售01  ,0,0,0,0,0,0,0,0,0,1000,0,0,0,1000,0,1000,1000
051402,玉晶光永豐95購04,0,0,0,0,0,0,0,0,0,1000,0,0,0,1000,0,1000,1000
051380,禾伸堂群益95購01,0,0,0,0,0,0,0,0,0,1000,0,0,0,1000,0,1000,1000
03497P,金像電凱基02售06,0,0,0,0,0,0,0,0,0,1000,0,0,0,1000,0,1000,1000
03431B,元油2X凱基9B熊03,0,0,0,0,0,0,0,0,0,1000,0,0,0,1000,0,1000,1000
03669C,滬深2X元富09牛01,0,0,0,0,0,0,0,0,0,1000,0,0,0,11000,10000,1000,1000
03674C,臺股指元富9C牛02,0,0,0,0,0,0,0,0,0,1000,0,0,0,1000,0,1000,1000
03810P,大立光富邦98售01,0,0,0,0,0,0,0,0,0,1000,0,0,0,1000,0,1000,1000
04032P,聯茂凱基94售02  ,0,0,0,0,0,0,0,0,0,1000,0,0,0,1000,0,1000,1000
041527,T50反1中信96購01,0,0,0,0,0,0,0,0,0,1000,0,0,0,1000,0,1000,1000
9906,欣巴巴          ,1000,0,1000,0,0,0,0,0,0,0,0,0,0,0,0,0,1000
8222,寶一            ,4000,3000,1000,0,0,0,0,0,0,0,0,0,0,0,0,0,1000
1423,利華            ,6000,5000,1000,0,0,0,0,0,0,0,0,0,0,0,0,0,1000
1451,年興            ,50000,47000,3000,0,0,0,0,0,0,-2000,0,2000,-2000,0,0,0,1000
1817,凱撒衛          ,8000,7000,1000,0,0,0,0,0,0,0,0,0,0,0,0,0,1000
1776,展宇            ,1000,0,1000,0,0,0,0,0,0,0,0,0,0,0,0,0,1000
07397P,大立光群益99售10,0,0,0,0,0,0,0,0,0,1000,0,0,0,1000,0,1000,1000
1410,南染            ,1000,0,1000,0,0,0,0,0,0,0,0,0,0,0,0,0,1000
1233,天仁            ,3000,2000,1000,0,0,0,0,0,0,0,0,0,0,0,0,0,1000
07198P,臺股指元大99售14,0,0,0,0,0,0,0,0,0,1000,0,0,0,2000,1000,1000,1000
07222P,台灣50元大01售04,0,0,0,0,0,0,0,0,0,1000,0,0,0,1000,0,1000,1000
07180P,臺股指凱基99售22,0,0,0,0,0,0,0,0,0,1000,0,0,0,301000,300000,1000,1000
06995P,臺股指凱基99售16,0,0,0,0,0,0,0,0,0,1000,0,0,0,1000,0,1000,1000
07039P,南電台新99售01  ,0,0,0,0,0,0,0,0,0,1000,0,0,0,1000,0,1000,1000
07113P,台積電兆豐99售03,0,0,0,0,0,0,0,0,0,1000,0,0,0,11000,10000,1000,1000
07099P,台積電元大99售19,0,0,0,0,0,0,0,0,0,1000,0,0,0,1000,0,1000,1000
06972P,聯發科元大99售04,0,0,0,0,0,0,0,0,0,1000,0,0,0,1000,0,1000,1000
06973P,臺股指元大9A售11,0,0,0,0,0,0,0,0,0,1000,0,0,0,1000,0,1000,1000
06970P,旺宏元大99售08  ,0,0,0,0,0,0,0,0,0,1000,0,0,0,1000,0,1000,1000
06785P,臺股指元大98售02,0,0,0,0,0,0,0,0,0,1000,0,0,0,1000,0,1000,1000
06745P,台積電群益98售05,0,0,0,0,0,0,0,0,0,1000,0,0,0,1000,0,1000,1000
06865P,亞德客元大98售04,0,0,0,0,0,0,0,0,0,1000,0,0,0,1000,0,1000,1000
6164,華興            ,3000,2000,1000,0,0,0,0,0,0,0,0,0,0,0,0,0,1000
6128,上福            ,6000,5000,1000,0,0,0,0,0,0,0,0,0,0,0,0,0,1000
6133,金橋            ,3000,2000,1000,0,0,0,0,0,0,0,0,0,0,0,0,0,1000
5225,東科-KY         ,53000,52000,1000,0,0,0,0,0,0,0,0,0,0,0,0,0,1000
3432,台端            ,3000,2000,1000,0,0,0,0,0,0,0,0,0,0,0,0,0,1000
3027,盛達            ,6000,5000,1000,0,0,0,0,0,0,0,0,0,0,0,0,0,1000
3054,立萬利          ,2000,1000,1000,0,0,0,0,0,0,0,0,0,0,0,0,0,1000
3046,建碁            ,1000,0,1000,0,0,0,0,0,0,0,0,0,0,0,0,0,1000
3528,安馳            ,1000,0,1000,0,0,0,0,0,0,0,0,0,0,0,0,0,1000
3622,洋華            ,29000,28000,1000,0,0,0,0,0,0,0,0,0,0,0,0,0,1000
2239,英利-KY         ,16000,15000,1000,0,0,0,0,0,0,0,0,0,0,0,0,0,1000
2115,六暉-KY         ,1000,0,1000,0,0,0,0,0,0,0,0,0,0,0,0,0,1000
2069,運錩            ,4000,3000,1000,0,0,0,0,0,0,0,0,0,0,0,0,0,1000
2430,燦坤            ,3000,2000,1000,0,0,0,0,0,0,0,0,0,0,0,0,0,1000
057604,鴻海統一9C購01  ,0,0,0,0,0,0,0,0,0,0,0,0,0,13000,13000,0,0
057575,世紀鋼永豐98購02,0,0,0,0,0,0,0,0,0,0,0,0,0,150000,150000,0,0
057584,國巨亞東99購01  ,0,0,0,0,0,0,0,0,0,0,0,0,0,40000,40000,0,0
057566,欣興富邦99購01  ,0,0,0,0,0,0,0,0,0,0,0,0,0,1000,1000,0,0
057503,世紀鋼群益98購02,0,0,0,0,0,0,0,0,0,0,0,0,0,1000,1000,0,0
057505,健策麥證98購01  ,0,0,0,0,230000,-230000,0,0,0,0,0,0,0,230000,230000,0,0
057164,國巨元大98購14  ,0,0,0,0,0,0,0,0,0,0,0,0,0,5000,5000,0,0
057139,華新科兆豐98購02,0,0,0,0,0,0,0,0,0,0,0,0,0,10000,10000,0,0
058015,旺宏凱基99購02  ,0,0,0,0,0,0,0,0,0,0,0,0,0,68000,68000,0,0
058027,鴻海富邦98購04  ,0,0,0,0,0,0,0,0,0,0,0,0,0,40000,40000,0,0
057175,美律元大98購03  ,0,0,0,0,0,0,0,0,0,0,0,0,0,10000,10000,0,0
057130,全新凱基98購03  ,0,0,0,0,0,0,0,0,0,0,0,0,0,21000,21000,0,0
057097,致新元富98購01  ,0,0,0,0,0,0,0,0,0,0,0,0,0,5000,5000,0,0
057194,南電元大98購01  ,0,0,0,0,0,0,0,0,0,0,0,0,0,4000,4000,0,0
057999,智邦亞東99購02  ,0,0,0,0,0,0,0,0,0,0,0,0,0,50000,50000,0,0
057992,大立光日盛98購01,0,0,0,0,0,0,0,0,0,0,0,0,0,520000,520000,0,0
057214,瑞昱群益98購01  ,0,0,0,0,0,0,0,0,0,0,0,0,0,16000,16000,0,0
057281,大立光元大98購16,0,0,0,0,0,0,0,0,0,0,0,0,0,40000,40000,0,0
057374,禾伸堂元大99購03,0,0,0,0,0,0,0,0,0,0,0,0,0,100000,100000,0,0
057342,玉晶光台新98購01,0,0,0,0,0,0,0,0,0,0,0,0,0,1140000,1140000,0,0
057331,台積電國票99購04,0,0,0,0,0,0,0,0,0,0,0,0,0,217000,217000,0,0
057327,玉晶光群益9A購04,0,0,0,0,0,0,0,0,0,0,0,0,0,36000,36000,0,0
057392,福懋科永豐98購01,0,0,0,0,0,0,0,0,0,0,0,0,0,110000,110000,0,0
058712,鴻海統一9B購03  ,5000,0,5000,0,0,0,0,0,0,-5000,0,0,0,7000,12000,-5000,0
058742,鴻海康和99購01  ,0,0,0,0,0,0,0,0,0,0,0,0,0,16000,16000,0,0
058266,宏達電永豐99購01,0,0,0,0,0,0,0,0,0,0,0,0,0,2000,2000,0,0
058235,大立光元大99購08,0,0,0,0,0,0,0,0,0,0,0,0,0,13000,13000,0,0
058236,大立光元大99購09,0,0,0,0,0,0,0,0,0,0,0,0,0,40000,40000,0,0
058606,聯發科元大99購13,0,0,0,0,0,0,0,0,0,0,0,0,0,2000,2000,0,0
058579,聯發科群益99購04,0,0,0,0,0,0,0,0,0,0,0,0,0,4000,4000,0,0
05857P,旺宏中信98售02  ,0,0,0,0,0,0,0,0,0,0,0,0,0,23000,23000,0,0
058582,禾伸堂群益99購02,0,0,0,0,0,0,0,0,0,0,0,0,0,4000,4000,0,0
058674,宏達電群益99購01,0,0,0,0,0,0,0,0,0,0,0,0,0,7000,7000,0,0
058681,大立光康和9B購01,0,0,0,0,0,0,0,0,0,0,0,0,0,30000,30000,0,0
058624,台積電國票99購09,0,0,0,0,0,0,0,0,0,0,0,0,0,58000,58000,0,0
058637,晶技兆豐99購01  ,0,0,0,0,0,0,0,0,0,0,0,0,0,20000,20000,0,0
058656,燿華中信99購01  ,0,0,0,0,0,0,0,0,0,0,0,0,0,29000,29000,0,0
058493,台積電群益9A購01,0,0,0,0,0,0,0,0,0,0,0,0,0,10000,10000,0,0
058508,聯發科元大99購11,0,0,0,0,0,0,0,0,0,0,0,0,0,2000,2000,0,0
05850P,台積電兆豐96售06,0,0,0,0,0,0,0,0,0,0,0,0,0,10000,10000,0,0
058513,宏達電元大99購05,0,0,0,0,0,0,0,0,0,0,0,0,0,6000,6000,0,0
058463,宏達電兆豐99購02,0,0,0,0,0,0,0,0,0,0,0,0,0,50000,50000,0,0
058416,鴻海麥證99購01  ,0,0,0,3000,17000,-14000,0,0,0,0,0,0,0,20000,20000,0,0
058433,台積電統一9B購04,0,0,0,0,0,0,0,0,0,0,0,0,0,60000,60000,0,0
058442,玉晶光台新99購01,0,0,0,0,0,0,0,0,0,0,0,0,0,1090000,1090000,0,0
05844P,旺宏元大96售07  ,0,0,0,0,0,0,0,0,0,0,0,0,0,155000,155000,0,0
05803P,臺股指兆豐96售03,0,0,0,0,0,0,0,0,0,0,0,0,0,10000,10000,0,0
058036,南電永豐98購01  ,0,0,0,0,0,0,0,0,0,0,0,0,0,1000,1000,0,0
058024,台積電國泰9A購01,0,0,0,0,0,0,0,0,0,0,0,0,0,65000,65000,0,0
058073,大立光凱基99購04,0,0,0,0,0,0,0,0,0,0,0,0,0,28000,28000,0,0
058066,可成亞東99購01  ,0,0,0,0,0,0,0,0,0,0,0,0,0,50000,50000,0,0
058086,鴻海元大98購14  ,0,0,0,0,0,0,0,0,0,0,0,0,0,25000,25000,0,0
058388,健策國票9A購01  ,0,0,0,0,0,0,0,0,0,0,0,0,0,100000,100000,0,0
058398,中環元大99購02  ,0,0,0,0,0,0,0,0,0,0,0,0,0,120000,120000,0,0
058290,南電國票9A購01  ,0,0,0,0,0,0,0,0,0,0,0,0,0,1000,1000,0,0
058324,嘉聯益永豐9A購01,0,0,0,0,0,0,0,0,0,0,0,0,0,3000,3000,0,0
056820,欣興永豐98購02  ,0,0,0,0,0,0,0,0,0,0,0,0,0,68000,68000,0,0
05684P,臺股指元大96售09,0,0,0,0,0,0,0,0,0,0,0,0,0,200000,200000,0,0
056909,嘉聯益元大99購03,0,0,0,0,0,0,0,0,0,0,0,0,0,10000,10000,0,0
056903,大立光元大99購04,0,0,0,0,0,0,0,0,0,0,0,0,0,10000,10000,0,0
057028,台郡凱基99購02  ,0,0,0,0,0,0,0,0,0,0,0,0,0,1000,1000,0,0
057040,國巨元大98購12  ,0,0,0,0,0,0,0,0,0,0,0,0,0,10000,10000,0,0
057070,美律永豐98購02  ,0,0,0,0,0,0,0,0,0,0,0,0,0,68000,68000,0,0
05698P,群創凱基96售01  ,0,0,0,0,0,0,0,0,0,0,0,0,0,7000,7000,0,0
056944,鴻海統一98購11  ,0,0,0,0,0,0,0,0,0,0,0,0,0,7000,7000,0,0
05816P,台積電凱基97售07,0,0,0,0,0,0,0,0,0,0,0,0,0,100000,100000,0,0
058173,台積電凱基99購04,0,0,0,0,0,0,0,0,0,0,0,0,0,40000,40000,0,0
058149,百和元大99購02  ,0,0,0,0,0,0,0,0,0,0,0,0,0,25000,25000,0,0
058151,台積電統一9A購04,0,0,0,0,0,0,0,0,0,0,0,0,0,415000,415000,0,0
058201,華通凱基9A購01  ,0,0,0,0,0,0,0,0,0,0,0,0,0,68000,68000,0,0
060006,華通群益9A購04  ,0,0,0,0,0,0,0,0,0,0,0,0,0,41000,41000,0,0
060007,鴻海群益99購04  ,0,0,0,0,0,0,0,0,0,0,0,0,0,14000,14000,0,0
060105,牧德元大9B購01  ,0,0,0,0,0,0,0,0,0,0,0,0,0,9000,9000,0,0
060094,聯發科元大99購41,0,0,0,0,0,0,0,0,0,0,0,0,0,2000,2000,0,0
060095,聯發科元大99購42,0,0,0,0,0,0,0,0,0,0,0,0,0,3000,3000,0,0
060037,鴻海國票99購10  ,0,0,0,0,0,0,0,0,0,0,0,0,0,20000,20000,0,0
060038,台積電國票99購13,0,0,0,0,0,0,0,0,0,0,0,0,0,5000,5000,0,0
06646P,國巨元大98售16  ,0,0,0,0,0,0,0,0,0,0,0,0,0,20000,20000,0,0
06616P,國巨元大98售15  ,0,0,0,0,0,0,0,0,0,0,0,0,0,50000,50000,0,0
06630P,國巨群益98售08  ,0,0,0,0,0,0,0,0,0,0,0,0,0,501000,501000,0,0
06651P,華新科元大99售09,0,0,0,0,0,0,0,0,0,0,0,0,0,101000,101000,0,0
06640P,國巨兆豐99售02  ,0,0,0,0,0,0,0,0,0,0,0,0,0,10000,10000,0,0
06387P,緯穎永豐97售02  ,0,0,0,0,0,0,0,0,0,0,0,0,0,10000,10000,0,0
06374P,台表科元大97售06,0,0,0,0,0,0,0,0,0,0,0,0,0,5000,5000,0,0
06428P,國巨元大97售17  ,0,0,0,0,0,0,0,0,0,0,0,0,0,20000,20000,0,0
06466P,台積電統一9B售01,0,0,0,0,0,0,0,0,0,0,0,0,0,5000,5000,0,0
06495P,華新科亞東9A售01,0,0,0,0,0,0,0,0,0,0,0,0,0,80000,80000,0,0
06520P,元油2X元大98售04,0,0,0,0,0,0,0,0,0,0,0,0,0,150000,150000,0,0
06562P,台積電國泰99售02,0,0,0,0,0,0,0,0,0,0,0,0,0,10000,10000,0,0
06151P,華新科元大97售07,0,0,0,0,0,0,0,0,0,0,0,0,0,80000,80000,0,0
06106P,國巨群益97售02  ,0,0,0,0,0,0,0,0,0,0,0,0,0,1000,1000,0,0
06043P,創意永豐96售06  ,0,0,0,0,0,0,0,0,0,0,0,0,0,20000,20000,0,0
06181P,國巨中信97售02  ,0,0,0,0,0,0,0,0,0,0,0,0,0,499000,499000,0,0
06197P,國巨元大97售08  ,0,0,0,0,0,0,0,0,0,0,0,0,0,200000,200000,0,0
06174P,國巨元大97售07  ,0,0,0,0,0,0,0,0,0,0,0,0,0,80000,80000,0,0
06179P,國巨群益97售04  ,0,0,0,0,0,0,0,0,0,0,0,0,0,697000,697000,0,0
06235P,國巨元大97售12  ,0,0,0,0,0,0,0,0,0,0,0,0,0,330000,330000,0,0
06236P,台積電元大97售25,0,0,0,0,0,0,0,0,0,0,0,0,0,25000,25000,0,0
060163,健策永豐9B購01  ,0,0,0,0,0,0,0,0,0,0,0,0,0,5000,5000,0,0
060161,牧德永豐9A購02  ,0,0,0,0,0,0,0,0,0,0,0,0,0,4000,4000,0,0
060133,牧德群益9B購01  ,0,0,0,0,0,0,0,0,0,0,0,0,0,9000,9000,0,0
060145,牧德國票9A購02  ,0,0,0,0,0,0,0,0,0,0,0,0,0,10000,10000,0,0
060150,華通富邦9B購01  ,0,0,0,0,0,0,0,0,0,0,0,0,0,30000,30000,0,0
060213,牧德康和9A購01  ,0,0,0,0,0,0,0,0,0,0,0,0,0,11000,11000,0,0
060230,台積電元大9A購07,0,0,0,0,0,0,0,0,0,0,0,0,0,1000,1000,0,0
060231,台積電元大9A購08,0,0,0,0,0,0,0,0,0,0,0,0,0,1000,1000,0,0
060235,瑞昱元大9A購01  ,0,0,0,0,0,0,0,0,0,0,0,0,0,25000,25000,0,0
060247,牧德元大9A購02  ,0,0,0,0,0,0,0,0,0,0,0,0,0,10000,10000,0,0
059833,緯穎康和99購01  ,0,0,0,0,0,0,0,0,0,0,0,0,0,100000,100000,0,0
059783,旺宏元大99購17  ,0,0,0,0,0,0,0,0,0,0,0,0,0,2000,2000,0,0
059795,鴻海國票99購07  ,0,0,0,0,0,0,0,0,0,0,0,0,0,22000,22000,0,0
059796,台積電國票99購10,0,0,0,0,0,0,0,0,0,0,0,0,0,13000,13000,0,0
059797,大立光國票99購01,15000,0,15000,0,0,0,0,0,0,-15000,0,0,0,0,15000,-15000,0
059762,禾伸堂永豐99購02,0,0,0,0,0,0,0,0,0,0,0,0,0,4000,4000,0,0
059773,康控群益99購01  ,0,0,0,0,0,0,0,0,0,0,0,0,0,6000,6000,0,0
059717,國巨元大99購21  ,0,0,0,0,0,0,0,0,0,0,0,0,0,7000,7000,0,0
059732,超眾元大9A購01  ,0,0,0,0,0,0,0,0,0,0,0,0,0,5000,5000,0,0
059724,聯發科元大99購30,0,0,0,0,0,0,0,0,0,0,0,0,0,2000,2000,0,0
059670,T50正2元富99購04,0,0,0,0,0,0,0,0,0,0,0,0,0,1000,1000,0,0
05993P,國巨元大96售13  ,0,0,0,0,0,0,0,0,0,0,0,0,0,20000,20000,0,0
055963,欣興元大97購04  ,0,0,0,0,0,0,0,0,0,0,0,0,0,10000,10000,0,0
059860,台積電群益9A購02,0,0,0,0,0,0,0,0,0,0,0,0,0,10000,10000,0,0
059893,台積電台新9A購02,0,0,0,0,0,0,0,0,0,0,0,0,0,11000,11000,0,0
059913,台積電元大99購44,0,0,0,0,0,0,0,0,0,0,0,0,0,1000,1000,0,0
056239,宏達電群益98購01,0,0,0,0,0,0,0,0,0,0,0,0,0,6000,6000,0,0
059429,台積電元大99購35,0,0,0,0,0,0,0,0,0,0,0,0,0,1000,1000,0,0
056202,國揚永豐97購01  ,0,0,0,0,0,0,0,0,0,0,0,0,0,2000,2000,0,0
05621P,聯電中信96售01  ,0,0,0,0,0,0,0,0,0,0,0,0,0,50000,50000,0,0
056058,建準元大97購02  ,0,0,0,0,0,0,0,0,0,0,0,0,0,40000,40000,0,0
05602P,國巨元大96售06  ,0,0,0,0,0,0,0,0,0,0,0,0,0,392000,392000,0,0
056168,鴻海元富97購07  ,0,0,0,0,0,0,0,0,0,0,0,0,0,108000,108000,0,0
056122,勤誠群益97購02  ,0,0,0,0,0,0,0,0,0,0,0,0,0,16000,16000,0,0
056130,新日興麥證97購01,0,0,0,0,110000,-110000,0,0,0,0,0,0,0,110000,110000,0,0
056343,高鐵凱基98購02  ,0,0,0,0,0,0,0,0,0,0,0,0,0,50000,50000,0,0
056397,彩晶永豐99購01  ,0,0,0,0,0,0,0,0,0,0,0,0,0,55000,55000,0,0
055882,嘉聯益元富97購01,0,0,0,0,0,0,0,0,0,0,0,0,0,1000,1000,0,0
056681,鴻海統一98購09  ,0,0,0,0,0,0,0,0,0,0,0,0,0,11000,11000,0,0
056682,鴻海統一98購10  ,0,0,0,0,0,0,0,0,0,0,0,0,0,7000,7000,0,0
056796,國巨麥證98購02  ,0,0,0,0,3000,-3000,0,0,0,0,0,0,0,3000,3000,0,0
057949,南電國票99購01  ,0,0,0,0,0,0,0,0,0,0,0,0,0,1000,1000,0,0
057913,健策日盛98購01  ,0,0,0,0,0,0,0,0,0,0,0,0,0,470000,470000,0,0
056476,智原元大98購02  ,0,0,0,0,0,0,0,0,0,0,0,0,0,10000,10000,0,0
056483,TPK元大98購01   ,0,0,0,0,0,0,0,0,0,0,0,0,0,38000,38000,0,0
056518,美律國票99購01  ,0,0,0,0,0,0,0,0,0,0,0,0,0,38000,38000,0,0
056520,鴻海日盛99購01  ,0,0,0,0,0,0,0,0,0,0,0,0,0,350000,350000,0,0
057667,可成元大99購01  ,0,0,0,0,0,0,0,0,0,0,0,0,0,2000,2000,0,0
057682,台積電日盛9A購03,0,0,0,0,0,0,0,0,0,0,0,0,0,349000,349000,0,0
059461,鈺齊永豐99購03  ,0,0,0,0,0,0,0,0,0,0,0,0,0,2000,2000,0,0
056458,日月光凱基98購02,0,0,0,0,0,0,0,0,0,0,0,0,0,35000,35000,0,0
059315,鴻海元大99購30  ,0,0,0,0,0,0,0,0,0,0,0,0,0,24000,24000,0,0
058876,南電國票9A購02  ,0,0,0,0,0,0,0,0,0,0,0,0,0,1000,1000,0,0
058829,華新科永豐99購04,0,0,0,0,0,0,0,0,0,0,0,0,0,100000,100000,0,0
058817,嘉聯益台新99購01,0,0,0,0,0,0,0,0,0,0,0,0,0,100000,100000,0,0
058798,大立光元大99購11,0,0,0,0,0,0,0,0,0,0,0,0,0,14000,14000,0,0
057736,鴻海富邦99購04  ,0,0,0,0,0,0,0,0,0,0,0,0,0,24000,24000,0,0
058776,台積電國票9A購03,0,0,0,0,0,0,0,0,0,0,0,0,0,3000,3000,0,0
059986,宏達電元大99購08,0,0,0,0,0,0,0,0,0,0,0,0,0,44000,44000,0,0
059470,華新科元大99購16,0,0,0,0,0,0,0,0,0,0,0,0,0,1000,1000,0,0
059624,鴻海凱基01購01  ,0,0,0,0,0,0,0,0,0,0,0,0,0,7000,7000,0,0
059596,大立光元大99購20,0,0,0,0,0,0,0,0,0,0,0,0,0,5000,5000,0,0
059710,上証2X元大9C購02,0,0,0,0,0,0,0,0,0,0,0,0,0,20000,20000,0,0
056639,國產康和98購01  ,0,0,0,0,0,0,0,0,0,0,0,0,0,68000,68000,0,0
059564,鴻海凱基9A購15  ,0,0,0,0,0,0,0,0,0,0,0,0,0,7000,7000,0,0
059593,聯發科元大99購29,0,0,0,0,0,0,0,0,0,0,0,0,0,1000,1000,0,0
058902,聯發科元大99購15,0,0,0,0,0,0,0,0,0,0,0,0,0,152000,152000,0,0
058899,旺宏元大99購10  ,0,0,0,0,0,0,0,0,0,0,0,0,0,20000,20000,0,0
059542,聯發科亞東99購01,0,0,0,0,0,0,0,0,0,0,0,0,0,50000,50000,0,0
058967,可成麥證99購01  ,0,0,0,14000,51000,-37000,0,0,0,0,0,0,0,65000,65000,0,0
058941,華新科中信99購03,0,0,0,0,0,0,0,0,0,0,0,0,0,100000,100000,0,0
056574,亞光元大99購03  ,0,0,0,0,0,0,0,0,0,0,0,0,0,19000,19000,0,0
056545,TPK凱基98購02   ,0,0,0,0,0,0,0,0,0,0,0,0,0,31000,31000,0,0
056551,台郡凱基98購04  ,0,0,0,0,0,0,0,0,0,0,0,0,0,2000,2000,0,0
04041P,大立光統一94售03,0,0,0,0,0,0,0,0,0,0,0,0,0,10000,10000,0,0
03826P,瀚宇博元大95售01,0,0,0,0,0,0,0,0,0,0,0,0,0,180000,180000,0,0
04683P,南亞科元大94售04,0,0,0,0,0,0,0,0,0,0,0,0,0,10000,10000,0,0
035276,南亞科台新97購01,0,0,0,0,0,0,0,0,0,0,0,0,0,12000,12000,0,0
05142P,華新科台新95售01,0,0,0,0,0,0,0,0,0,0,0,0,0,35000,35000,0,0
051461,聯詠國泰96購01  ,0,0,0,0,0,0,0,0,0,0,0,0,0,10000,10000,0,0
04327P,台積電國泰95售01,0,0,0,0,0,0,0,0,0,0,0,0,0,10000,10000,0,0
04344P,台達電國泰94售01,0,0,0,0,0,0,0,0,0,0,0,0,0,20000,20000,0,0
05154P,台積電兆豐95售05,0,0,0,0,0,0,0,0,0,0,0,0,0,10000,10000,0,0
048633,台達電元大94購02,0,0,0,0,0,0,0,0,0,0,0,0,0,10000,10000,0,0
04857P,美律元富94售01  ,0,0,0,0,0,0,0,0,0,0,0,0,0,15000,15000,0,0
048433,聯詠國票94購01  ,0,0,0,0,0,0,0,0,0,0,0,0,0,40000,40000,0,0
04843P,致新元大94售02  ,0,0,0,0,0,0,0,0,0,0,0,0,0,5000,5000,0,0
00775B,新光投等債15+   ,0,0,0,0,0,0,0,0,0,0,0,0,0,2000,2000,0,0
00776,新光ICE美國權值 ,0,0,0,0,0,0,0,0,0,0,0,0,0,1000,1000,0,0
04691P,智邦群益94售02  ,0,0,0,0,0,0,0,0,0,0,0,0,0,2000,2000,0,0
00625K,富邦上証+R      ,0,0,0,0,0,0,0,0,0,0,0,0,0,50000,50000,0,0
006203,元大MSCI台灣    ,1000,1000,0,0,0,0,0,0,0,0,0,0,0,2000,2000,0,0
00636K,國泰中國A50+U   ,0,0,0,0,0,0,0,0,0,0,0,0,0,100,100,0,0
00685L,群益臺灣加權正2 ,0,0,0,0,0,0,0,0,0,0,0,0,0,25000,25000,0,0
00657K,國泰日經225+U   ,0,0,0,0,0,0,0,0,0,0,0,0,0,100,100,0,0
00668K,國泰美國道瓊+U  ,0,0,0,0,0,0,0,0,0,0,0,0,0,100,100,0,0
047541,深中小凱基94購01,0,0,0,0,0,0,0,0,0,0,0,0,0,20000,20000,0,0
048001,中工元大96購01  ,0,0,0,0,0,0,0,0,0,0,0,0,0,55000,55000,0,0
04796P,聯發科元大94售10,0,0,0,0,0,0,0,0,0,0,0,0,0,119000,119000,0,0
048166,滬深2X永豐96購02,0,0,0,0,0,0,0,0,0,0,0,0,0,10000,10000,0,0
045754,大立光國泰94購03,0,0,0,0,0,0,0,0,0,0,0,0,0,150000,150000,0,0
04622P,臺股指統一94售01,0,0,0,0,0,0,0,0,0,0,0,0,0,489000,489000,0,0
04679P,臺股指統一94售04,0,0,0,0,0,0,0,0,0,0,0,0,0,379000,379000,0,0
046715,美律國泰94購01  ,0,0,0,0,0,0,0,0,0,0,0,0,0,15000,15000,0,0
04818P,華新科永豐94售03,0,0,0,0,0,0,0,0,0,0,0,0,0,50000,50000,0,0
055087,瑞昱亞東97購01  ,0,0,0,0,0,0,0,0,0,0,0,0,0,20000,20000,0,0
055136,聯發科富邦99購06,0,0,0,0,0,0,0,0,0,0,0,0,0,7000,7000,0,0
05512P,華新科台新97售01,0,0,0,0,0,0,0,0,0,0,0,0,0,100000,100000,0,0
055254,聯詠統一97購03  ,0,0,0,0,0,0,0,0,0,0,0,0,0,10000,10000,0,0
05484P,台積電凱基95售18,0,0,0,0,0,0,0,0,0,0,0,0,0,18000,18000,0,0
05485P,旺宏凱基95售08  ,0,0,0,0,0,0,0,0,0,0,0,0,0,150000,150000,0,0
054003,鴻海統一96購13  ,0,0,0,0,0,0,0,0,0,0,0,0,0,1000,1000,0,0
054004,鴻海統一96購14  ,0,0,0,0,0,0,0,0,0,0,0,0,0,3000,3000,0,0
054957,興富發元大97購01,0,0,0,0,0,0,0,0,0,0,0,0,0,23000,23000,0,0
054896,聯茂日盛97購01  ,0,0,0,0,0,0,0,0,0,0,0,0,0,130000,130000,0,0
053313,世紀鋼凱基96購01,0,0,0,0,0,0,0,0,0,0,0,0,0,77000,77000,0,0
053332,創意永豐96購03  ,0,0,0,0,0,0,0,0,0,0,0,0,0,27000,27000,0,0
04981P,華新科亞東94售01,0,0,0,0,0,0,0,0,0,0,0,0,0,10000,10000,0,0
04975P,華新科凱基96售02,0,0,0,0,0,0,0,0,0,0,0,0,0,10000,10000,0,0
049611,緯穎兆豐95購02  ,0,0,0,0,0,0,0,0,0,0,0,0,0,4000,4000,0,0
050174,技嘉元大94購01  ,0,0,0,0,0,0,0,0,0,0,0,0,0,1000,1000,0,0
050180,華新科元大95購08,0,0,0,0,0,0,0,0,0,0,0,0,0,30000,30000,0,0
050550,大立光凱基95購04,0,0,0,0,0,0,0,0,0,0,0,0,0,469000,469000,0,0
050458,台郡元大94購03  ,0,0,0,0,0,0,0,0,0,0,0,0,0,17000,17000,0,0
049580,國巨元大94購07  ,0,0,0,0,0,0,0,0,0,0,0,0,0,10000,10000,0,0
05002P,台積電統一95售03,0,0,0,0,0,0,0,0,0,0,0,0,0,1000,1000,0,0
04925P,和碩元大94售03  ,0,0,0,0,0,0,0,0,0,0,0,0,0,20000,20000,0,0
05065P,燿華元大96售03  ,0,0,0,0,0,0,0,0,0,0,0,0,0,40000,40000,0,0
050894,旺宏元大96購03  ,0,0,0,0,0,0,0,0,0,0,0,0,0,40000,40000,0,0
050896,華新科元大96購02,0,0,0,0,0,0,0,0,0,0,0,0,0,146000,146000,0,0
05096P,台積電日盛95售01,0,0,0,0,0,0,0,0,0,0,0,0,0,25000,25000,0,0
05097P,聯發科日盛95售01,0,0,0,0,0,0,0,0,0,0,0,0,0,10000,10000,0,0
05203P,華新科元大95售10,0,0,0,0,0,0,0,0,0,0,0,0,0,9000,9000,0,0
054090,瑞昱群益97購01  ,0,0,0,0,0,0,0,0,0,0,0,0,0,17000,17000,0,0
055354,宏達電凱基98購01,0,0,0,0,0,0,0,0,0,0,0,0,0,6000,6000,0,0
055344,國巨凱基97購04  ,0,0,0,0,0,0,0,0,0,0,0,0,0,10000,10000,0,0
053617,宏達電群益96購02,0,0,0,0,0,0,0,0,0,0,0,0,0,6000,6000,0,0
052235,聯發科國票96購02,0,0,0,0,0,0,0,0,0,0,0,0,0,100000,100000,0,0
05228P,大立光元富95售09,0,0,0,0,0,0,0,0,0,0,0,0,0,11000,11000,0,0
053085,華新科元大97購04,0,0,0,0,0,0,0,0,0,0,0,0,0,111000,111000,0,0
053079,世紀鋼永豐96購01,0,1000,-1000,0,0,0,0,0,0,1000,0,0,0,1000,0,1000,0
053012,國巨統一96購03  ,0,0,0,0,0,0,0,0,0,0,0,0,0,10000,10000,0,0
052930,華新科元大97購03,0,0,0,0,0,0,0,0,0,0,0,0,0,77000,77000,0,0
052703,貿聯國票97購01  ,0,0,0,0,0,0,0,0,0,0,0,0,0,38000,38000,0,0
052743,華新科元大97購01,0,0,0,0,0,0,0,0,0,0,0,0,0,114000,114000,0,0
05266P,華新科元大95售11,0,0,0,0,0,0,0,0,0,0,0,0,0,70000,70000,0,0
055499,大立光元大98購05,0,0,0,0,0,0,0,0,0,0,0,0,0,10000,10000,0,0
055618,麗豐國票98購01  ,0,0,0,0,0,0,0,0,0,0,0,0,0,38000,38000,0,0
055536,嘉聯益群益99購02,0,0,0,0,0,0,0,0,0,0,0,0,0,3000,3000,0,0
055511,大立光兆豐97購02,0,0,0,0,0,0,0,0,0,0,0,0,0,6000,6000,0,0
059230,滬深2X國票9B購02,0,0,0,0,0,0,0,0,0,0,0,0,0,3000,3000,0,0
059037,宏達電群益99購02,0,0,0,0,0,0,0,0,0,0,0,0,0,7000,7000,0,0
059028,嘉聯益台新99購02,0,0,0,0,0,0,0,0,0,0,0,0,0,10000,10000,0,0
059385,滬深2X凱基9C購03,0,0,0,0,0,0,0,0,0,0,0,0,0,10000,10000,0,0
059393,臺股指凱基99購39,0,0,0,0,0,0,0,0,0,0,0,0,0,2000,2000,0,0
054718,可成永豐97購01  ,0,0,0,0,0,0,0,0,0,0,0,0,0,50000,50000,0,0
059087,台積電元大99購26,0,0,0,0,0,0,0,0,0,0,0,0,0,53000,53000,0,0
059088,台積電元大99購27,0,0,0,0,0,0,0,0,0,0,0,0,0,53000,53000,0,0
059152,臺股指國票99購15,0,0,0,0,0,0,0,0,0,0,0,0,0,75000,75000,0,0
05913P,國巨元大96售11  ,0,0,0,0,0,0,0,0,0,0,0,0,0,10000,10000,0,0
059131,國巨群益99購07  ,0,0,0,0,0,0,0,0,0,0,0,0,0,24000,24000,0,0
053842,聯發科統一96購08,0,0,0,0,0,0,0,0,0,0,0,0,0,108000,108000,0,0
053867,創意元大96購04  ,0,0,0,0,0,0,0,0,0,0,0,0,0,62000,62000,0,0
052410,智邦亞東96購01  ,0,0,0,0,0,0,0,0,0,0,0,0,0,40000,40000,0,0
052417,聯發科兆豐9B購01,0,0,0,0,0,0,0,0,0,0,0,0,0,10000,10000,0,0
052505,友達日盛9B購02  ,0,0,0,0,0,0,0,0,0,0,0,0,0,10000,10000,0,0
053972,華新科元大96購06,0,0,0,0,0,0,0,0,0,0,0,0,0,30000,30000,0,0
055741,健策元富97購01  ,0,0,0,0,0,0,0,0,0,0,0,0,0,20000,20000,0,0
054205,華新國票97購02  ,0,0,0,0,0,0,0,0,0,0,0,0,0,20000,20000,0,0
054258,牧德元大97購01  ,0,0,0,0,0,0,0,0,0,0,0,0,0,2000,2000,0,0
054370,台積電中信9A購01,0,0,0,0,0,0,0,0,0,0,0,0,0,104000,104000,0,0
054547,鴻海凱基98購02  ,0,0,0,0,0,0,0,0,0,0,0,0,0,7000,7000,0,0
054603,智易台新98購01  ,0,0,0,0,0,0,0,0,0,0,0,0,0,50000,50000,0,0
05470P,康控元大95售05  ,0,0,0,0,0,0,0,0,0,0,0,0,0,1000,1000,0,0
2038,海光            ,4000,4000,0,0,0,0,0,0,0,0,0,0,0,0,0,0,0
2243,宏旭-KY         ,1000,1000,0,0,0,0,0,0,0,0,0,0,0,0,0,0,0
2908,特力            ,41000,41000,0,0,0,0,0,0,0,0,0,0,0,0,0,0,0
2702,華園            ,11000,18000,-7000,0,0,0,0,0,0,7000,7000,0,7000,0,0,0,0
2617,台航            ,85000,85000,0,0,0,0,0,0,0,0,0,0,0,0,0,0,0
2483,百容            ,7000,7000,0,0,0,0,0,0,0,0,0,0,0,0,0,0,0
3040,遠見            ,2000,1000,1000,0,0,0,0,0,0,-1000,0,1000,-1000,0,0,0,0
4571,鈞興-KY         ,1000,1000,0,0,0,0,0,0,0,0,0,0,0,0,0,0,0
06860P,台灣50兆豐98售01,0,0,0,0,0,0,0,0,0,0,0,0,0,8000,8000,0,0
06873P,嘉晶元富98售02  ,0,0,0,0,0,0,0,0,0,0,0,0,0,30000,30000,0,0
06876P,台灣50兆豐9B售01,0,0,0,0,0,0,0,0,0,0,0,0,0,9000,9000,0,0
06881P,國巨群益98售10  ,0,0,0,0,0,0,0,0,0,0,0,0,0,1000,1000,0,0
06887P,華新科元大98售04,0,0,0,0,0,0,0,0,0,0,0,0,0,20000,20000,0,0
06744P,嘉聯益永豐98售03,0,0,0,0,0,0,0,0,0,0,0,0,0,10000,10000,0,0
06751P,旺宏凱基98售10  ,0,0,0,0,0,0,0,0,0,0,0,0,0,52000,52000,0,0
06783P,亞光元大98售03  ,0,0,0,0,0,0,0,0,0,0,0,0,0,1000,1000,0,0
06820P,臺股指元富98售09,0,0,0,0,0,0,0,0,0,0,0,0,0,10000,10000,0,0
07114P,旺宏兆豐9A售01  ,0,0,0,0,0,0,0,0,0,0,0,0,0,49000,49000,0,0
07053P,台灣50兆豐01售01,0,0,0,0,0,0,0,0,0,0,0,0,0,9000,9000,0,0
07077P,緯穎凱基99售01  ,0,0,0,0,0,0,0,0,0,0,0,0,0,30000,30000,0,0
07079P,台積電群益99售06,0,0,0,0,0,0,0,0,0,0,0,0,0,50000,50000,0,0
07125P,台積電元大99售22,0,0,0,0,0,0,0,0,0,0,0,0,0,100000,100000,0,0
07199P,臺股指元大99售15,0,0,0,0,0,0,0,0,0,0,0,0,0,2000,2000,0,0
07196P,大立光元大99售13,0,0,0,0,0,0,0,0,0,0,0,0,0,7000,7000,0,0
07216P,大立光凱基99售08,0,0,0,0,0,0,0,0,0,0,0,0,0,158000,158000,0,0
07217P,大立光凱基9A售05,0,0,0,0,0,0,0,0,0,0,0,0,0,10000,10000,0,0
07204P,鴻海凱基99售10  ,0,0,0,0,0,0,0,0,0,0,0,0,0,99000,99000,0,0
07206P,鴻海凱基9A售11  ,0,0,0,0,0,0,0,0,0,0,0,0,0,39000,39000,0,0
07274P,上証2X群益01售01,0,0,0,0,0,0,0,0,0,0,0,0,0,6000,6000,0,0
07318P,鴻海凱基01售02  ,0,0,0,0,0,0,0,0,0,0,0,0,0,3000,3000,0,0
1256,鮮活果汁-KY     ,12000,12000,0,0,0,0,0,0,0,0,0,0,0,0,0,0,0
1110,東泥            ,1000,1000,0,0,0,0,0,0,0,0,0,0,0,0,0,0,0
1615,大山            ,2000,2000,0,0,0,0,0,0,0,0,0,0,0,0,0,0,0
1618,合機            ,5000,5000,0,0,0,0,0,0,0,0,0,0,0,0,0,0,0
1713,國化            ,1000,1000,0,0,0,0,0,0,0,0,0,0,0,0,0,0,0
1472,三洋紡          ,1000,1000,0,0,0,0,0,0,0,0,0,0,0,0,0,0,0
1528,恩德            ,2000,2000,0,0,0,0,0,0,0,0,0,0,0,0,0,0,0
1516,川飛            ,1000,1000,0,0,0,0,0,0,0,0,0,0,0,0,0,0,0
1541,錩泰            ,1000,1000,0,0,0,0,0,0,0,0,0,0,0,0,0,0,0
1558,伸興            ,25000,25000,0,0,0,0,0,0,0,0,0,0,0,0,0,0,0
1535,中宇            ,3000,3000,0,0,0,0,0,0,0,0,0,0,0,0,0,0,0
8367,建新國際        ,7000,7000,0,0,0,0,0,0,0,0,0,0,0,0,0,0,0
911616,杜康-DR         ,10000,10000,0,0,0,0,0,0,0,0,0,0,0,0,0,0,0
9942,茂順            ,7000,6000,1000,0,0,0,0,0,0,-1000,0,1000,-1000,0,0,0,0
6409,旭隼            ,326000,326046,-46,0,0,0,0,0,0,0,0,0,0,0,0,0,-46
059554,台灣50凱基99購08,0,0,0,0,0,0,0,0,0,-1000,0,0,0,0,1000,-1000,-1000
057784,台積電國票9B購01,0,0,0,0,0,0,0,0,0,-1000,0,0,0,43000,44000,-1000,-1000
059463,台灣50元大9C購07,0,0,0,0,0,0,0,0,0,-1000,0,0,0,3000,4000,-1000,-1000
059964,元金2X凱基99購02,0,0,0,0,0,0,0,0,0,-1000,0,0,0,0,1000,-1000,-1000
059481,華新科群益99購05,0,0,0,0,0,0,0,0,0,-1000,0,0,0,0,1000,-1000,-1000
059335,台灣50凱基03購02,0,0,0,0,0,0,0,0,0,-1000,0,0,0,0,1000,-1000,-1000
059360,全新永豐99購02  ,0,0,0,0,0,0,0,0,0,-1000,0,0,0,13000,14000,-1000,-1000
057651,矽力元大98購03  ,0,0,0,0,0,0,0,0,0,-1000,0,0,0,10000,11000,-1000,-1000
05610P,國巨群益98售01  ,0,0,0,0,0,0,0,0,0,-1000,0,0,0,500000,501000,-1000,-1000
059861,聯發科群益9A購01,0,0,0,0,0,0,0,0,0,-1000,0,0,0,5000,6000,-1000,-1000
059753,貿聯群益99購06  ,0,0,0,0,0,0,0,0,0,-1000,0,0,0,0,1000,-1000,-1000
059761,國巨永豐99購06  ,0,0,0,0,0,0,0,0,0,-1000,0,0,0,5000,6000,-1000,-1000
059772,可成群益9A購05  ,0,0,0,0,0,0,0,0,0,-1000,0,0,0,0,1000,-1000,-1000
05978P,麗豐永豐96售02  ,0,0,0,0,0,0,0,0,0,-1000,0,0,0,0,1000,-1000,-1000
060222,貿聯凱基9A購02  ,0,0,0,0,0,0,0,0,0,-1000,0,0,0,0,1000,-1000,-1000
060180,上証2X元富9A購02,0,0,0,0,0,0,0,0,0,-1000,0,0,0,0,1000,-1000,-1000
060162,碩天永豐9A購01  ,0,0,0,0,0,0,0,0,0,-1000,0,0,0,0,1000,-1000,-1000
06206P,台積電凱基97售11,0,0,0,0,0,0,0,0,0,-1000,0,0,0,0,1000,-1000,-1000
06274P,臺股指凱基97售06,0,0,0,0,0,0,0,0,0,-1000,0,0,0,0,1000,-1000,-1000
06283P,祥碩永豐97售01  ,0,0,0,0,0,0,0,0,0,-1000,0,0,0,0,1000,-1000,-1000
06195P,台積電元富97售06,0,0,0,0,0,0,0,0,0,-1000,0,0,0,170000,171000,-1000,-1000
06070P,漢唐永豐97售01  ,0,0,0,0,0,0,0,0,0,-1000,0,0,0,0,1000,-1000,-1000
06523P,台積電麥證98售02,0,0,0,0,1000,-1000,0,0,0,-1000,0,0,0,0,1000,-1000,-1000
06517P,國巨凱基98售09  ,0,0,0,0,0,0,0,0,0,-1000,0,0,0,0,1000,-1000,-1000
06573P,台積電永昌99售02,0,0,0,0,0,0,0,0,0,-1000,0,0,0,0,1000,-1000,-1000
06424P,大成鋼永豐97售01,0,0,0,0,0,0,0,0,0,-1000,0,0,0,0,1000,-1000,-1000
06303P,臺股指元大97售09,0,0,0,0,0,0,0,0,0,-1000,0,0,0,0,1000,-1000,-1000
06304P,臺股指元大97售10,0,0,0,0,0,0,0,0,0,-1000,0,0,0,0,1000,-1000,-1000
06305P,臺股指元大97售11,0,0,0,0,0,0,0,0,0,-1000,0,0,0,0,1000,-1000,-1000
06736P,新日興凱基98售03,0,0,0,0,0,0,0,0,0,-1000,0,0,0,0,1000,-1000,-1000
058221,上銀統一99購04  ,0,0,0,0,0,0,0,0,0,-1000,0,0,0,0,1000,-1000,-1000
058152,聯發科統一9B購02,0,0,0,0,0,0,0,0,0,-1000,0,0,0,0,1000,-1000,-1000
058175,旺宏凱基99購03  ,0,0,0,0,0,0,0,0,0,-1000,0,0,0,0,1000,-1000,-1000
058162,上銀日盛9B購01  ,0,0,0,0,0,0,0,0,0,-1000,0,0,0,0,1000,-1000,-1000
057004,滬深反中信9A購01,0,0,0,0,0,0,0,0,0,-1000,0,0,0,0,1000,-1000,-1000
057000,亞德客國票99購01,0,0,0,0,0,0,0,0,0,-1000,0,0,0,0,1000,-1000,-1000
059444,臺股指元大99購25,0,0,0,0,0,0,0,0,0,-1000,0,0,0,0,1000,-1000,-1000
058389,聯茂國票9A購01  ,0,0,0,0,0,0,0,0,0,-1000,0,0,0,3000,4000,-1000,-1000
058372,欣興凱基99購03  ,0,0,0,0,0,0,0,0,0,-1000,0,0,0,0,1000,-1000,-1000
058650,台虹永豐9A購01  ,0,0,0,0,0,0,0,0,0,-1000,0,0,0,0,1000,-1000,-1000
058578,聯發科群益99購03,0,0,0,0,0,0,0,0,0,-1000,0,0,0,4000,5000,-1000,-1000
058239,景碩元大99購03  ,0,0,0,0,0,0,0,0,0,-1000,0,0,0,13000,14000,-1000,-1000
058240,景碩元大99購04  ,0,0,0,0,0,0,0,0,0,-1000,0,0,0,0,1000,-1000,-1000
058279,FBVIX中信03購03 ,0,0,0,0,0,0,0,0,0,-1000,0,0,0,0,1000,-1000,-1000
058722,台郡元富99購01  ,0,0,0,0,0,0,0,0,0,-1000,0,0,0,0,1000,-1000,-1000
057616,聯電凱基99購01  ,0,0,0,0,0,0,0,0,0,-1000,0,0,0,48000,49000,-1000,-1000
05454P,奇鋐群益95售04  ,0,0,0,0,0,0,0,0,0,-1000,0,0,0,0,1000,-1000,-1000
05431P,台光電統一97售01,0,0,0,0,0,0,0,0,0,-1000,0,0,0,0,1000,-1000,-1000
054302,鴻海凱基96購18  ,0,0,0,0,0,0,0,0,0,-1000,0,0,0,71000,72000,-1000,-1000
053894,創意群益96購01  ,0,0,0,0,0,0,0,0,0,-1000,0,0,0,1000,2000,-1000,-1000
059382,台灣50凱基99購02,0,0,0,0,0,0,0,0,0,-1000,0,0,0,0,1000,-1000,-1000
059027,神達台新99購02  ,0,0,0,0,0,0,0,0,0,-1000,0,0,0,0,1000,-1000,-1000
059405,台灣50國票01購01,0,0,0,0,0,0,0,0,0,-1000,0,0,0,2000,3000,-1000,-1000
059265,美律中信01購01  ,0,0,0,0,0,0,0,0,0,-1000,0,0,0,58000,59000,-1000,-1000
053737,華新科麥證96購01,0,0,0,0,1000,-1000,0,0,0,-1000,0,0,0,0,1000,-1000,-1000
052753,電子類元大96購02,0,0,0,0,0,0,0,0,0,-1000,0,0,0,0,1000,-1000,-1000
052895,台積電群益96購04,0,0,0,0,0,0,0,0,0,-1000,0,0,0,27000,28000,-1000,-1000
052231,景碩凱基96購01  ,0,0,0,0,0,0,0,0,0,-1000,0,0,0,55000,56000,-1000,-1000
053539,智易永豐96購01  ,0,0,0,0,0,0,0,0,0,-1000,0,0,0,0,1000,-1000,-1000
052104,英業達兆豐96購01,0,0,0,0,0,0,0,0,0,-1000,0,0,0,0,1000,-1000,-1000
054170,泰鼎凱基98購01  ,0,0,0,0,0,0,0,0,0,-1000,0,0,0,0,1000,-1000,-1000
05580P,美律凱基96售03  ,0,0,0,0,0,0,0,0,0,-1000,0,0,0,0,1000,-1000,-1000
055775,友達凱基9A購01  ,0,0,0,0,0,0,0,0,0,-1000,0,0,0,0,1000,-1000,-1000
055763,鎧勝群益97購01  ,0,0,0,0,0,0,0,0,0,-1000,0,0,0,0,1000,-1000,-1000
051192,緯創兆豐96購01  ,0,0,0,0,0,0,0,0,0,-1000,0,0,0,0,1000,-1000,-1000
050904,臺股指元大95購11,0,0,0,0,0,0,0,0,0,-1000,0,0,0,21000,22000,-1000,-1000
050836,緯穎凱基95購01  ,0,0,0,0,0,0,0,0,0,-1000,0,0,0,0,1000,-1000,-1000
049572,華固統一94購03  ,0,0,0,0,0,0,0,0,0,-1000,0,0,0,0,1000,-1000,-1000
049885,緯穎永豐94購01  ,0,0,0,0,0,0,0,0,0,-1000,0,0,0,0,1000,-1000,-1000
053349,台郡國票97購02  ,0,0,0,0,0,0,0,0,0,-1000,0,0,0,0,1000,-1000,-1000
054909,福懋科康和97購01,0,0,0,0,0,0,0,0,0,-1000,0,0,0,0,1000,-1000,-1000
054890,聯鈞統一99購01  ,0,0,0,0,0,0,0,0,0,-1000,0,0,0,0,1000,-1000,-1000
054846,瑞昱兆豐97購01  ,0,0,0,0,0,0,0,0,0,-1000,0,0,0,4000,5000,-1000,-1000
055101,台肥凱基97購01  ,0,0,0,0,0,0,0,0,0,-1000,0,0,0,0,1000,-1000,-1000
055118,嘉聯益凱基98購02,0,0,0,0,0,0,0,0,0,-1000,0,0,0,0,1000,-1000,-1000
048189,臺指反元大96購06,0,0,0,0,0,0,0,0,0,-1000,0,0,0,0,1000,-1000,-1000
048333,大立光富邦95購01,0,0,0,0,0,0,0,0,0,-1000,0,0,0,0,1000,-1000,-1000
04617P,臺股指群益95售03,0,0,0,0,0,0,0,0,0,-1000,0,0,0,0,1000,-1000,-1000
04595P,臺股指元大94售13,0,0,0,0,0,0,0,0,0,-1000,0,0,0,0,1000,-1000,-1000
04807P,聯茂元富94售01  ,0,0,0,0,0,0,0,0,0,-1000,0,0,0,0,1000,-1000,-1000
047673,瑞昱元富96購01  ,0,0,0,0,0,0,0,0,0,-1000,0,0,0,19000,20000,-1000,-1000
04715P,聯茂元大94售06  ,0,0,0,0,0,0,0,0,0,-1000,0,0,0,0,1000,-1000,-1000
00657,國泰日經225     ,0,0,0,0,0,0,0,0,0,-1000,0,0,0,100000,101000,-1000,-1000
006204,永豐臺灣加權    ,0,0,0,0,0,0,0,0,0,-1000,0,0,0,0,1000,-1000,-1000
00742,新光內需收益    ,1000,1000,0,0,0,0,0,0,0,-1000,0,0,0,100000,101000,-1000,-1000
051401,華新科永豐95購01,0,0,0,0,0,0,0,0,0,-1000,0,0,0,0,1000,-1000,-1000
051424,緯穎國票97購01  ,0,0,0,0,0,0,0,0,0,-1000,0,0,0,4000,5000,-1000,-1000
03424B,臺股指元大96熊26,0,0,0,0,0,0,0,0,0,-1000,0,0,0,0,1000,-1000,-1000
03676C,臺股指元大04牛03,0,0,0,0,0,0,0,0,0,-1000,0,0,0,0,1000,-1000,-1000
039212,台達電台新9A購01,0,0,0,0,0,0,0,0,0,-1000,0,0,0,0,1000,-1000,-1000
04249P,大立光統一94售04,0,0,0,0,0,0,0,0,0,-1000,0,0,0,0,1000,-1000,-1000
6442,光聖            ,1000,2000,-1000,0,0,0,0,0,0,0,0,0,0,0,0,0,-1000
6243,迅杰            ,6000,7000,-1000,0,0,0,0,0,0,0,0,0,0,0,0,0,-1000
6281,全國電          ,22000,23000,-1000,0,0,0,0,0,0,0,0,0,0,0,0,0,-1000
4755,三福化          ,0,1000,-1000,0,0,0,0,0,0,0,0,0,0,0,0,0,-1000
4764,雙鍵            ,0,1000,-1000,0,0,0,0,0,0,0,0,0,0,0,0,0,-1000
3229,晟鈦            ,0,1000,-1000,0,0,0,0,0,0,0,0,0,0,0,0,0,-1000
3257,虹冠電          ,2000,3000,-1000,0,0,0,0,0,0,0,0,0,0,0,0,0,-1000
2476,鉅祥            ,15000,16000,-1000,0,0,0,0,0,0,0,0,0,0,0,0,0,-1000
2496,卓越            ,0,1000,-1000,0,0,0,0,0,0,0,0,0,0,0,0,0,-1000
2497,怡利電          ,3000,4000,-1000,0,0,0,0,0,0,0,0,0,0,0,0,0,-1000
2506,太設            ,0,1000,-1000,0,0,0,0,0,0,0,0,0,0,0,0,0,-1000
2731,雄獅            ,20000,21000,-1000,0,0,0,0,0,0,0,0,0,0,0,0,0,-1000
2910,統領            ,0,1000,-1000,0,0,0,0,0,0,0,0,0,0,0,0,0,-1000
2911,麗嬰房          ,0,1000,-1000,0,0,0,0,0,0,0,0,0,0,0,0,0,-1000
3002,歐格            ,0,1000,-1000,0,0,0,0,0,0,0,0,0,0,0,0,0,-1000
3003,健和興          ,125000,125000,0,0,0,0,0,0,0,-1000,0,0,0,0,1000,-1000,-1000
1583,程泰            ,0,1000,-1000,0,0,0,0,0,0,0,0,0,0,0,0,0,-1000
1587,吉茂            ,1000,2000,-1000,0,0,0,0,0,0,0,0,0,0,0,0,0,-1000
1468,昶和            ,0,1000,-1000,0,0,0,0,0,0,0,0,0,0,0,0,0,-1000
1466,聚隆            ,1000,2000,-1000,0,0,0,0,0,0,0,0,0,0,0,0,0,-1000
1725,元禎            ,0,1000,-1000,0,0,0,0,0,0,0,0,0,0,0,0,0,-1000
1727,中華化          ,1000,2000,-1000,0,0,0,0,0,0,0,0,0,0,0,0,0,-1000
1773,勝一            ,37000,38000,-1000,0,0,0,0,0,0,0,0,0,0,0,0,0,-1000
1806,冠軍            ,7000,8000,-1000,0,0,0,0,0,0,0,0,0,0,0,0,0,-1000
1903,士紙            ,0,1000,-1000,0,0,0,0,0,0,0,0,0,0,0,0,0,-1000
1219,福壽            ,1000,2000,-1000,0,0,0,0,0,0,0,0,0,0,0,0,0,-1000
1236,宏亞            ,0,1000,-1000,0,0,0,0,0,0,0,0,0,0,0,0,0,-1000
07346P,FBVIX群益99售04 ,0,0,0,0,0,0,0,0,0,-1000,0,0,0,0,1000,-1000,-1000
07313P,台灣50元大99售11,0,0,0,0,0,0,0,0,0,-1000,0,0,0,0,1000,-1000,-1000
07268P,臺股指元大99售24,0,0,0,0,0,0,0,0,0,-1000,0,0,0,1000,2000,-1000,-1000
07252P,台灣50凱基99售01,0,0,0,0,0,0,0,0,0,-1000,0,0,0,1000,2000,-1000,-1000
07012P,智邦群益9A售01  ,0,0,0,0,0,0,0,0,0,-1000,0,0,0,0,1000,-1000,-1000
07020P,玉晶光台新99售02,0,0,0,0,0,0,0,0,0,-1000,0,0,0,0,1000,-1000,-1000
07029P,緯穎群益99售02  ,0,0,0,0,0,0,0,0,0,-1000,0,0,0,10000,11000,-1000,-1000
07082P,美律元大99售06  ,0,0,0,0,0,0,0,0,0,-1000,0,0,0,0,1000,-1000,-1000
06977P,臺股指元大9A售15,0,0,0,0,0,0,0,0,0,-1000,0,0,0,0,1000,-1000,-1000
06974P,臺股指元大9A售12,0,0,0,0,0,0,0,0,0,-1000,0,0,0,0,1000,-1000,-1000
06885P,國巨國票99售06  ,0,0,0,0,0,0,0,0,0,-1000,0,0,0,1000,2000,-1000,-1000
8499,鼎炫-KY         ,32000,33000,-1000,0,0,0,0,0,0,0,0,0,0,0,0,0,-1000
9918,欣天然          ,0,1000,-1000,0,0,0,0,0,0,0,0,0,0,0,0,0,-1000
8478,東哥遊艇        ,2000,3000,-1000,0,0,0,0,0,0,0,0,0,0,0,0,0,-1000
6573,虹揚-KY         ,3000,4000,-1000,0,0,0,0,0,0,0,0,0,0,0,0,0,-1000
057390,台表科永豐98購01,0,0,0,0,0,0,0,0,0,-2000,0,0,0,0,2000,-2000,-2000
057306,玉晶光兆豐99購01,0,0,0,0,0,0,0,0,0,-2000,0,0,0,0,2000,-2000,-2000
057998,玉晶光麥證9A購01,0,0,0,0,2000,-2000,0,0,0,-2000,0,0,0,0,2000,-2000,-2000
056940,嘉聯益元富98購01,0,0,0,0,0,0,0,0,0,-2000,0,0,0,0,2000,-2000,-2000
057085,立積統一9B購02  ,0,0,0,0,0,0,0,0,0,-2000,0,0,0,0,2000,-2000,-2000
060063,可成兆豐9B購01  ,0,0,0,0,0,0,0,0,0,-2000,0,0,0,0,2000,-2000,-2000
06568P,國巨永豐98售05  ,0,0,0,0,0,0,0,0,0,-2000,0,0,0,3000,5000,-2000,-2000
06088P,建準永豐97售01  ,0,0,0,0,0,0,0,0,0,-2000,0,0,0,0,2000,-2000,-2000
06232P,智易永豐97售01  ,0,0,0,0,0,0,0,0,0,-2000,0,0,0,0,2000,-2000,-2000
060143,台積電國票9B購03,0,0,0,0,0,0,0,0,0,-2000,0,0,0,8000,10000,-2000,-2000
060212,華航康和9A購01  ,0,0,0,0,0,0,0,0,0,-2000,0,0,0,0,2000,-2000,-2000
059776,台灣50元大9C購17,0,0,0,0,0,0,0,0,0,-2000,0,0,0,0,2000,-2000,-2000
059713,滬深2X元大9C購04,0,0,0,0,0,0,0,0,0,-2000,0,0,0,0,2000,-2000,-2000
059661,大立光元大99購22,0,0,0,0,0,0,0,0,0,-2000,0,0,0,0,2000,-2000,-2000
059925,可成國泰9B購01  ,0,0,0,0,0,0,0,0,0,-2000,0,0,0,0,2000,-2000,-2000
05608P,聯發科凱基96售10,0,0,0,0,0,0,0,0,0,-2000,0,0,0,0,2000,-2000,-2000
057933,聯發科群益98購06,0,0,0,0,0,0,0,0,0,-2000,0,0,0,0,2000,-2000,-2000
056406,建準國票99購01  ,0,0,0,0,0,0,0,0,0,-2000,0,0,0,136000,138000,-2000,-2000
059342,聯發科凱基9A購05,0,0,0,0,0,0,0,0,0,-2000,0,0,0,0,2000,-2000,-2000
059980,台積電元大99購50,0,0,0,0,0,0,0,0,0,-2000,0,0,0,1000,3000,-2000,-2000
059957,中信金康和99購01,0,0,0,0,0,0,0,0,0,-2000,0,0,0,0,2000,-2000,-2000
057780,台郡群益98購02  ,0,0,0,0,0,0,0,0,0,-2000,0,0,0,0,2000,-2000,-2000
059705,華新科凱基9A購07,0,0,0,0,0,0,0,0,0,-2000,0,0,0,1000,3000,-2000,-2000
059550,台灣50日盛99購02,0,0,0,0,0,0,0,0,0,-2000,0,0,0,1000,3000,-2000,-2000
058937,仁寶中信99購01  ,0,0,0,0,0,0,0,0,0,-2000,0,0,0,67000,69000,-2000,-2000
03638C,T50反1元大94牛03,0,0,0,0,0,0,0,0,0,-2000,0,0,0,105000,107000,-2000,-2000
048576,義隆國泰95購01  ,0,0,0,0,0,0,0,0,0,-2000,0,0,0,1000,3000,-2000,-2000
051568,智邦富邦95購01  ,0,0,0,0,0,0,0,0,0,-2000,0,0,0,0,2000,-2000,-2000
051594,和碩元大96購01  ,0,0,0,0,0,0,0,0,0,-2000,0,0,0,0,2000,-2000,-2000
020011,統一微波高息20N ,0,0,0,0,0,0,0,0,0,-2000,0,0,0,0,2000,-2000,-2000
04769P,高股息元大94售01,0,0,0,0,0,0,0,0,0,-2000,0,0,0,0,2000,-2000,-2000
03060X,元展55          ,0,0,0,0,0,0,0,0,0,-2000,0,0,0,0,2000,-2000,-2000
055178,晶豪科統一97購01,0,0,0,0,0,0,0,0,0,-2000,0,0,0,0,2000,-2000,-2000
054802,高股息元大97購01,0,0,0,0,0,0,0,0,0,-2000,0,0,0,0,2000,-2000,-2000
053272,鴻海元大96購17  ,0,0,0,0,0,0,0,0,0,-2000,0,0,0,0,2000,-2000,-2000
049904,矽力元富94購01  ,0,0,0,0,0,0,0,0,0,-2000,0,0,0,0,2000,-2000,-2000
04974P,聯發科凱基96售02,0,0,0,0,0,0,0,0,0,-2000,0,0,0,0,2000,-2000,-2000
05060P,台達電富邦97售02,0,0,0,0,0,0,0,0,0,-2000,0,0,0,0,2000,-2000,-2000
051074,矽力國票96購01  ,0,0,0,0,0,0,0,0,0,-2000,0,0,0,0,2000,-2000,-2000
05536P,奇力新元大96售03,0,0,0,0,0,0,0,0,0,-2000,0,0,0,0,2000,-2000,-2000
05349P,可成元富98售03  ,0,0,0,0,0,0,0,0,0,-2000,0,0,0,0,2000,-2000,-2000
052794,群創兆豐97購01  ,0,0,0,0,0,0,0,0,0,-2000,0,0,0,0,2000,-2000,-2000
059057,聯發科凱基99購10,0,0,0,0,0,0,0,0,0,-2000,0,0,0,0,2000,-2000,-2000
055713,國巨元大98購09  ,0,0,0,0,0,0,0,0,0,-2000,0,0,0,11000,13000,-2000,-2000
054216,聯茂國票97購03  ,0,0,0,0,0,0,0,0,0,-2000,0,0,0,0,2000,-2000,-2000
054582,致新元大97購01  ,0,0,0,0,0,0,0,0,0,-2000,0,0,0,50000,52000,-2000,-2000
6641,基士德-KY       ,1000,3000,-2000,0,0,0,0,0,0,0,0,0,0,0,0,0,-2000
6674,鋐寶科技        ,0,2000,-2000,0,0,0,0,0,0,0,0,0,0,0,0,0,-2000
8473,山林水          ,5000,7000,-2000,0,0,0,0,0,0,0,0,0,0,0,0,0,-2000
9926,新海            ,3000,5000,-2000,0,0,0,0,0,0,0,0,0,0,0,0,0,-2000
8940,新天地          ,0,0,0,0,0,0,0,0,0,-2000,0,2000,-2000,0,0,0,-2000
07241P,台灣50國票9A售05,0,0,0,0,0,0,0,0,0,-2000,0,0,0,3000,5000,-2000,-2000
07281P,鴻海凱基99售13  ,0,0,0,0,0,0,0,0,0,-2000,0,0,0,30000,32000,-2000,-2000
07224P,鴻海元大9A售02  ,0,0,0,0,0,0,0,0,0,-2000,0,0,0,0,2000,-2000,-2000
07231P,台灣50元大01售06,0,0,0,0,0,0,0,0,0,-2000,0,0,0,1000,3000,-2000,-2000
07445P,大立光凱基9A售08,0,0,0,0,0,0,0,0,0,-2000,0,0,0,0,2000,-2000,-2000
1530,亞崴            ,0,2000,-2000,0,0,0,0,0,0,0,0,0,0,0,0,0,-2000
2923,鼎固-KY         ,0,2000,-2000,0,0,0,0,0,0,0,0,0,0,0,0,0,-2000
2236,百達-KY         ,0,2000,-2000,0,0,0,0,0,0,0,0,0,0,0,0,0,-2000
4141,龍燈-KY         ,29000,28000,1000,0,0,0,0,0,0,-3000,0,3000,-3000,0,0,0,-2000
4930,燦星網          ,3000,5000,-2000,0,0,0,0,0,0,0,0,0,0,0,0,0,-2000
6405,悅城            ,1000,3000,-2000,0,0,0,0,0,0,0,0,0,0,0,0,0,-2000
6184,大豐電          ,25000,27000,-2000,0,0,0,0,0,0,0,0,0,0,0,0,0,-2000
2801,彰銀            ,8126283,7020813,1105470,0,0,0,33000,0,33000,-1141000,18000,183000,-165000,32000,1008000,-976000,-2530
059548,台積電群益99購10,0,0,0,0,0,0,0,0,0,-3000,0,0,0,10000,13000,-3000,-3000
057785,智邦國票99購02  ,0,0,0,0,0,0,0,0,0,-3000,0,0,0,0,3000,-3000,-3000
056655,旺宏元大99購02  ,0,0,0,0,0,0,0,0,0,-3000,0,0,0,0,3000,-3000,-3000
057847,聯茂永豐98購01  ,0,0,0,0,0,0,0,0,0,-3000,0,0,0,0,3000,-3000,-3000
059490,國巨國票99購09  ,0,0,0,0,0,0,0,0,0,-3000,0,0,0,2000,5000,-3000,-3000
059323,新日興元大99購02,0,0,0,0,0,0,0,0,0,-3000,0,0,0,21000,24000,-3000,-3000
056519,創意國票99購01  ,0,0,0,0,0,0,0,0,0,-3000,0,0,0,0,3000,-3000,-3000
05647P,聯發科國票97售02,0,0,0,0,0,0,0,0,0,-3000,0,0,0,0,3000,-3000,-3000
056354,國巨元大98購10  ,0,0,0,0,0,0,0,0,0,-3000,0,0,0,21000,24000,-3000,-3000
056809,旺宏統一98購03  ,0,0,0,0,0,0,0,0,0,-3000,0,0,0,0,3000,-3000,-3000
059667,矽力元大99購01  ,0,0,0,0,0,0,0,0,0,-3000,0,0,0,18000,21000,-3000,-3000
059725,聯發科元大99購31,0,0,0,0,0,0,0,0,0,-3000,0,0,0,2000,5000,-3000,-3000
059727,大立光元大9A購01,0,0,0,0,0,0,0,0,0,-3000,0,0,0,0,3000,-3000,-3000
060221,大立光凱基9A購07,0,0,0,0,0,0,0,0,0,-3000,0,0,0,0,3000,-3000,-3000
057189,康控元大98購02  ,0,0,0,0,0,0,0,0,0,-3000,0,0,0,7000,10000,-3000,-3000
057987,大立光元富98購02,0,0,0,0,0,0,0,0,0,-3000,0,0,0,67000,70000,-3000,-3000
057298,旭富永豐98購01  ,0,0,0,0,0,0,0,0,0,-3000,0,0,0,2000,5000,-3000,-3000
057241,超眾凱基99購02  ,0,0,0,0,0,0,0,0,0,-3000,0,0,0,0,3000,-3000,-3000
058995,台達電元大99購01,0,0,0,0,0,0,0,0,0,-3000,0,0,0,41000,44000,-3000,-3000
058263,大成鋼永豐99購01,0,0,0,0,0,0,0,0,0,-3000,0,0,0,0,3000,-3000,-3000
058639,南電兆豐99購01  ,0,0,0,0,0,0,0,0,0,-3000,0,0,0,0,3000,-3000,-3000
05865P,大立光元大96售09,0,0,0,0,0,0,0,0,0,-3000,0,0,0,0,3000,-3000,-3000
058662,禾伸堂兆豐99購01,0,0,0,0,0,0,0,0,0,-3000,0,0,0,0,3000,-3000,-3000
058335,鴻海元富99購06  ,0,0,0,0,0,0,0,0,0,-3000,0,0,0,95000,98000,-3000,-3000
058041,FBVIX元大98購02 ,0,0,0,0,0,0,0,0,0,-3000,0,0,0,4000,7000,-3000,-3000
058414,大立光兆豐99購02,0,0,0,0,0,0,0,0,0,-3000,0,0,0,0,3000,-3000,-3000
058408,華通兆豐99購02  ,0,0,0,0,0,0,0,0,0,-3000,0,0,0,0,3000,-3000,-3000
054525,奇鋐元富96購01  ,0,0,0,0,0,0,0,0,0,-3000,0,0,0,0,3000,-3000,-3000
054421,臺股指元大99購03,0,0,0,0,0,0,0,0,0,-3000,0,0,0,0,3000,-3000,-3000
059416,T50反1元大99購08,0,0,0,0,0,0,0,0,0,-3000,0,0,0,0,3000,-3000,-3000
059374,A50正2群益01購01,0,0,0,0,0,0,0,0,0,-3000,0,0,0,0,3000,-3000,-3000
059187,國巨富邦9B購02  ,0,0,0,0,0,0,0,0,0,-3000,0,0,0,0,3000,-3000,-3000
05292P,台積電凱基95售16,0,0,0,0,0,0,0,0,0,-3000,0,0,0,7000,10000,-3000,-3000
053158,茂林元大96購01  ,0,0,0,0,0,0,0,0,0,-3000,0,0,0,3000,6000,-3000,-3000
053587,京元電元大98購01,0,0,0,0,0,0,0,0,0,-3000,0,0,0,0,3000,-3000,-3000
055779,國泰金凱基97購02,0,0,0,0,0,0,0,0,0,-3000,0,0,0,48000,51000,-3000,-3000
049447,聯電統一94購01  ,0,0,0,0,0,0,0,0,0,-3000,0,0,0,0,3000,-3000,-3000
055140,晶相光永豐97購01,0,0,0,0,0,0,0,0,0,-3000,0,0,0,2000,5000,-3000,-3000
03033X,元展30          ,0,0,0,0,0,0,0,0,0,-3000,0,0,0,0,3000,-3000,-3000
03038X,元展35          ,0,0,0,0,0,0,0,0,0,-3000,0,0,0,0,3000,-3000,-3000
03421B,臺股指元大99熊01,0,0,0,0,0,0,0,0,0,-3000,0,0,0,0,3000,-3000,-3000
00767,FH美國金融股    ,0,0,0,0,0,0,0,0,0,-3000,0,0,0,3000,6000,-3000,-3000
00666R,富邦恒生國企反1 ,1000,0,1000,0,0,0,0,0,0,-4000,0,0,0,80000,84000,-4000,-3000
04845P,台積電凱基94售33,0,0,0,0,0,0,0,0,0,-3000,0,0,0,1000,4000,-3000,-3000
051606,華新科群益95購05,0,0,0,0,0,0,0,0,0,-3000,0,0,0,0,3000,-3000,-3000
04290P,滬深2X富邦96售03,0,0,0,0,0,0,0,0,0,-3000,0,0,0,0,3000,-3000,-3000
051462,世芯國泰97購01  ,0,3000,-3000,0,0,0,0,0,0,0,0,0,0,0,0,0,-3000
051362,台郡元大95購04  ,0,0,0,0,0,0,0,0,0,-3000,0,0,0,0,3000,-3000,-3000
2509,全坤建          ,4000,7000,-3000,0,0,0,0,0,0,0,0,0,0,0,0,0,-3000
2630,亞航            ,0,3000,-3000,0,0,0,0,0,0,0,0,0,0,0,0,0,-3000
2032,新鋼            ,0,3000,-3000,0,0,0,0,0,0,0,0,0,0,0,0,0,-3000
4952,凌通            ,52000,55000,-3000,0,0,0,0,0,0,0,0,0,0,0,0,0,-3000
3321,同泰            ,0,3000,-3000,0,0,0,0,0,0,0,0,0,0,0,0,0,-3000
1617,榮星            ,0,3000,-3000,0,0,0,0,0,0,0,0,0,0,0,0,0,-3000
1614,三洋電          ,7000,10000,-3000,0,0,0,0,0,0,0,0,0,0,0,0,0,-3000
1413,宏洲            ,0,3000,-3000,0,0,0,0,0,0,0,0,0,0,0,0,0,-3000
1340,勝悅-KY         ,8000,11000,-3000,0,0,0,0,0,0,0,0,0,0,0,0,0,-3000
07358P,鴻海元大99售39  ,0,0,0,0,0,0,0,0,0,-3000,0,0,0,0,3000,-3000,-3000
07435P,台積電富邦9C售07,0,0,0,0,0,0,0,0,0,-3000,0,0,0,0,3000,-3000,-3000
07194P,聯發科元大99售25,0,0,0,0,0,0,0,0,0,-3000,0,0,0,0,3000,-3000,-3000
07132P,臺股指元大99售11,0,0,0,0,0,0,0,0,0,-3000,0,0,0,0,3000,-3000,-3000
06890P,金融類元大98售02,0,0,0,0,0,0,0,0,0,-3000,0,0,0,0,3000,-3000,-3000
06804P,臺股指群益98售10,0,0,0,0,0,0,0,0,0,-3000,0,0,0,3000,6000,-3000,-3000
06988P,鴻海元富99售09  ,0,0,0,0,0,0,0,0,0,-3000,0,0,0,0,3000,-3000,-3000
07109P,聯發科中信9B售02,0,0,0,0,0,0,0,0,0,-3000,0,0,0,15000,18000,-3000,-3000
2428,興勤            ,71062,71000,62,0,0,0,0,0,0,-4000,0,4000,-4000,0,0,0,-3938
057134,茂林凱基98購02  ,0,0,0,0,0,0,0,0,0,-4000,0,0,0,231000,235000,-4000,-4000
06332P,世紀鋼群益98售01,0,0,0,0,0,0,0,0,0,-4000,0,0,0,13000,17000,-4000,-4000
06376P,上銀統一99售01  ,0,0,0,0,0,0,0,0,0,-4000,0,0,0,0,4000,-4000,-4000
06668P,祥碩凱基98售02  ,0,0,0,0,0,0,0,0,0,-4000,0,0,0,0,4000,-4000,-4000
060026,聯發科富邦9B購05,0,0,0,0,0,0,0,0,0,-4000,0,0,0,0,4000,-4000,-4000
060011,臺股指群益9C購06,0,0,0,0,0,0,0,0,0,-4000,0,0,0,20000,24000,-4000,-4000
059443,嘉聯益元大9B購01,0,0,0,0,0,0,0,0,0,-4000,0,0,0,0,4000,-4000,-4000
059769,滬深2X群益9C購01,0,0,0,0,0,0,0,0,0,-4000,0,0,0,0,4000,-4000,-4000
059813,滬深2X凱基9B購01,0,0,0,0,0,0,0,0,0,-4000,0,0,0,1000,5000,-4000,-4000
059938,凱美永豐99購01  ,0,0,0,0,0,0,0,0,0,-4000,0,0,0,0,4000,-4000,-4000
059911,國巨元大99購27  ,0,0,0,0,0,0,0,0,0,-4000,0,0,0,15000,19000,-4000,-4000
05669P,嘉晶永豐96售03  ,0,0,0,0,0,0,0,0,0,-4000,0,0,0,30000,34000,-4000,-4000
056722,滬深反中信9B購01,0,0,0,0,0,0,0,0,0,-4000,0,0,0,0,4000,-4000,-4000
056364,亞光元大99購02  ,0,0,0,0,0,0,0,0,0,-4000,0,0,0,0,4000,-4000,-4000
05649P,矽創國票97售03  ,0,0,0,0,0,0,0,0,0,-4000,0,0,0,0,4000,-4000,-4000
059492,國巨國票9A購06  ,0,0,0,0,0,0,0,0,0,-4000,0,0,0,59000,63000,-4000,-4000
059512,晶豪科永豐99購02,0,0,0,0,0,0,0,0,0,-4000,0,0,0,28000,32000,-4000,-4000
059471,華新科元大99購17,0,0,0,0,0,0,0,0,0,-4000,0,0,0,1000,5000,-4000,-4000
059636,宏達電凱基99購05,0,0,0,0,0,0,0,0,0,-4000,0,0,0,6000,10000,-4000,-4000
059535,玉山金凱基99購01,0,0,0,0,0,0,0,0,0,-4000,0,0,0,281000,285000,-4000,-4000
059595,華新科元大9A購03,0,0,0,0,0,0,0,0,0,-4000,0,0,0,1000,5000,-4000,-4000
056557,世紀鋼凱基98購02,0,0,0,0,0,0,0,0,0,-4000,0,0,0,81000,85000,-4000,-4000
03437B,臺股指元富9C熊01,0,0,0,0,0,0,0,0,0,-4000,0,0,0,5000,9000,-4000,-4000
00707R,元大S&P日圓反1  ,0,0,0,0,0,0,0,0,0,-4000,0,0,0,13000,17000,-4000,-4000
04976P,中磊凱基94售01  ,0,0,0,0,0,0,0,0,0,-4000,0,0,0,0,4000,-4000,-4000
04922P,日月光凱基94售02,0,0,0,0,0,0,0,0,0,-4000,0,0,0,0,4000,-4000,-4000
055330,上銀兆豐98購02  ,0,0,0,0,0,0,0,0,0,-4000,0,0,0,4000,8000,-4000,-4000
054076,義隆第一96購01  ,0,0,0,0,0,0,0,0,0,-4000,0,0,0,0,4000,-4000,-4000
059268,鎧勝中信01購01  ,0,0,0,0,0,0,0,0,0,-4000,0,0,0,0,4000,-4000,-4000
059282,嘉聯益永豐99購01,0,0,0,0,0,0,0,0,0,-4000,0,0,0,0,4000,-4000,-4000
05471P,聯電統一95售01  ,0,0,0,0,0,0,0,0,0,-4000,0,0,0,0,4000,-4000,-4000
059129,麗豐中信99購01  ,0,0,0,0,0,0,0,0,0,-4000,0,0,0,12000,16000,-4000,-4000
059126,臺指反中信9B購01,0,0,0,0,0,0,0,0,0,-4000,0,0,0,11000,15000,-4000,-4000
054353,世紀鋼國泰98購01,0,0,0,0,0,0,0,0,0,-4000,0,0,0,10000,14000,-4000,-4000
2543,皇昌            ,0,4000,-4000,0,0,0,0,0,0,0,0,0,0,0,0,0,-4000
2482,連宇            ,4000,8000,-4000,0,0,0,0,0,0,0,0,0,0,0,0,0,-4000
3018,同開            ,72000,76000,-4000,0,0,0,0,0,0,0,0,0,0,0,0,0,-4000
3024,憶聲            ,6000,10000,-4000,0,0,0,0,0,0,0,0,0,0,0,0,0,-4000
4746,台耀            ,27000,30000,-3000,0,0,0,0,0,0,-1000,1000,2000,-1000,0,0,0,-4000
4737,華廣            ,8000,12000,-4000,0,0,0,0,0,0,0,0,0,0,0,0,0,-4000
07192P,聯發科元大99售23,0,0,0,0,0,0,0,0,0,-4000,0,0,0,1000,5000,-4000,-4000
07383P,聯發科群益99售06,0,0,0,0,0,0,0,0,0,-4000,0,0,0,0,4000,-4000,-4000
07377P,聯發科元大99售40,0,0,0,0,0,0,0,0,0,-4000,0,0,0,0,4000,-4000,-4000
1521,大億            ,2000,6000,-4000,0,0,0,0,0,0,0,0,0,0,0,0,0,-4000
1446,宏和            ,12000,16000,-4000,0,0,0,0,0,0,0,0,0,0,0,0,0,-4000
9902,台火            ,9000,13000,-4000,0,0,0,0,0,0,0,0,0,0,0,0,0,-4000
6581,鋼聯            ,2000,6000,-4000,0,0,0,0,0,0,0,0,0,0,0,0,0,-4000
059701,國巨凱基9A購09  ,0,0,0,0,0,0,0,0,0,-5000,0,0,0,0,5000,-5000,-5000
059965,鴻海凱基99購16  ,0,0,0,0,0,0,0,0,0,-5000,0,0,0,0,5000,-5000,-5000
057928,鈺齊凱基98購02  ,0,0,0,0,0,0,0,0,0,-5000,0,0,0,0,5000,-5000,-5000
057915,台泥凱基98購01  ,0,0,0,0,0,0,0,0,0,-5000,0,0,0,0,5000,-5000,-5000
059809,貿聯元富99購01  ,0,0,0,0,0,0,0,0,0,-5000,0,0,0,13000,18000,-5000,-5000
059777,台灣50元大9C購18,0,0,0,0,0,0,0,0,0,-5000,0,0,0,0,5000,-5000,-5000
059768,上証2X群益9C購02,0,0,0,0,0,0,0,0,0,-5000,0,0,0,0,5000,-5000,-5000
059719,台積電元大99購42,0,0,0,0,0,0,0,0,0,-5000,0,0,0,10000,15000,-5000,-5000
059736,T50反1元富99購07,0,0,0,0,0,0,0,0,0,-5000,0,0,0,0,5000,-5000,-5000
059671,滬深2X元富99購05,0,0,0,0,0,0,0,0,0,-5000,0,0,0,46000,51000,-5000,-5000
059657,華通元大99購09  ,0,0,0,0,0,0,0,0,0,-5000,0,0,0,54000,59000,-5000,-5000
057059,易華電元大99購01,0,0,0,0,0,0,0,0,0,-5000,0,0,0,0,5000,-5000,-5000
056979,微星群益98購01  ,0,0,0,0,0,0,0,0,0,-5000,0,0,0,0,5000,-5000,-5000
060076,台灣50台新9B購05,0,0,0,0,0,0,0,0,0,-5000,0,0,0,0,5000,-5000,-5000
06699P,台積電統一98售11,0,0,0,0,0,0,0,0,0,-5000,0,0,0,0,5000,-5000,-5000
06306P,臺股指元大97售12,0,0,0,0,0,0,0,0,0,-5000,0,0,0,0,5000,-5000,-5000
060136,T50反1國票9A購01,0,0,0,0,0,0,0,0,0,-5000,0,0,0,0,5000,-5000,-5000
06173P,華通元大97售02  ,0,0,0,0,0,0,0,0,0,-5000,0,0,0,0,5000,-5000,-5000
06160P,台達電群益97售01,0,0,0,0,0,0,0,0,0,-5000,0,0,0,5000,10000,-5000,-5000
059435,大立光元大99購17,0,0,0,0,0,0,0,0,0,-5000,0,0,0,0,5000,-5000,-5000
057236,聯詠凱基98購03  ,0,0,0,0,0,0,0,0,0,-5000,0,0,0,0,5000,-5000,-5000
057297,新日興永豐98購01,0,0,0,0,0,0,0,0,0,-5000,0,0,0,0,5000,-5000,-5000
058462,台積電兆豐99購01,0,0,0,0,0,0,0,0,0,-5000,0,0,0,20000,25000,-5000,-5000
05851P,力山群益97售01  ,0,0,0,0,0,0,0,0,0,-5000,0,0,0,0,5000,-5000,-5000
058498,世紀鋼群益99購01,0,0,0,0,0,0,0,0,0,-5000,0,0,0,0,5000,-5000,-5000
058679,可成日盛99購01  ,0,0,0,0,0,0,0,0,0,-5000,0,0,0,0,5000,-5000,-5000
058249,緯穎元大99購04  ,0,0,0,0,0,0,0,0,0,-5000,0,0,0,0,5000,-5000,-5000
054506,矽格永豐96購01  ,0,0,0,0,0,0,0,0,0,-5000,0,0,0,10000,15000,-5000,-5000
059050,元油2X凱基9B購08,0,0,0,0,0,0,0,0,0,-5000,0,0,0,0,5000,-5000,-5000
059398,滬深2X元富9C購02,0,0,0,0,0,0,0,0,0,-5000,0,0,0,0,5000,-5000,-5000
059236,鴻海凱基99購09  ,0,0,0,0,0,0,0,0,0,-5000,0,0,0,0,5000,-5000,-5000
05416P,喬山永豐95售04  ,0,0,0,0,0,0,0,0,0,-5000,0,0,0,0,5000,-5000,-5000
052244,廣達康和95購01  ,0,0,0,0,0,0,0,0,0,-5000,0,0,0,10000,15000,-5000,-5000
05212P,台積電國票96售04,0,0,0,0,0,0,0,0,0,-5000,0,0,0,35000,40000,-5000,-5000
052854,聯詠日盛96購01  ,0,0,0,0,0,0,0,0,0,-5000,0,0,0,0,5000,-5000,-5000
053741,漢唐國票97購03  ,0,0,0,0,0,0,0,0,0,-5000,0,0,0,0,5000,-5000,-5000
055471,聯發科凱基97購04,0,0,0,0,0,0,0,0,0,-5000,0,0,0,0,5000,-5000,-5000
05013P,台積電元大96售05,0,0,0,0,0,0,0,0,0,-5000,0,0,0,0,5000,-5000,-5000
050854,世紀鋼國票97購01,0,1000,-1000,0,0,0,0,0,0,-4000,0,0,0,0,4000,-4000,-5000
053359,矽力統一96購02  ,0,0,0,0,0,0,0,0,0,-5000,0,0,0,0,5000,-5000,-5000
054977,SP黃豆元富9B購01,0,0,0,0,0,0,0,0,0,-5000,0,0,0,0,5000,-5000,-5000
03007X,元展07          ,0,0,0,0,0,0,0,0,0,-5000,0,0,0,0,5000,-5000,-5000
020015,統一MSCI美低波N ,0,0,0,0,0,0,0,0,0,-5000,0,0,0,0,5000,-5000,-5000
020016,統一MSCI美科技N ,0,0,0,0,0,0,0,0,0,-5000,0,0,0,0,5000,-5000,-5000
04714P,上海銀元大94售01,0,0,0,0,0,0,0,0,0,-5000,0,0,0,1000,6000,-5000,-5000
048158,大立光兆豐95購01,0,0,0,0,0,0,0,0,0,-5000,0,0,0,0,5000,-5000,-5000
04729P,臺股指中信96售01,0,0,0,0,0,0,0,0,0,-5000,0,0,0,0,5000,-5000,-5000
03427B,臺股指元大9A熊02,0,0,0,0,0,0,0,0,0,-5000,0,0,0,0,5000,-5000,-5000
03662C,FBVIX凱基03牛01 ,0,0,0,0,0,0,0,0,0,-5000,0,0,0,20000,25000,-5000,-5000
048602,上緯控國票96購01,0,0,0,0,0,0,0,0,0,-5000,0,0,0,0,5000,-5000,-5000
051488,健策凱基96購04  ,0,0,0,0,0,0,0,0,0,-5000,0,0,0,70000,75000,-5000,-5000
6625,必應            ,6000,11000,-5000,0,0,0,0,0,0,0,0,0,0,0,0,0,-5000
1470,大統新創        ,0,5000,-5000,0,0,0,0,0,0,0,0,0,0,0,0,0,-5000
07438P,臺股指麥證9A售05,0,0,0,0,5000,-5000,0,0,0,-5000,0,0,0,0,5000,-5000,-5000
07415P,台積電元大99售52,0,0,0,0,0,0,0,0,0,-5000,0,0,0,5000,10000,-5000,-5000
07390P,華新科康和99售02,0,0,0,0,0,0,0,0,0,-5000,0,0,0,0,5000,-5000,-5000
07462P,臺股指元大9B售05,0,0,0,0,0,0,0,0,0,-5000,0,0,0,0,5000,-5000,-5000
08100P,台灣50元富95售01,0,0,0,0,0,0,0,0,0,-5000,0,0,0,0,5000,-5000,-5000
07197P,臺股指元大99售13,0,0,0,0,0,0,0,0,0,-5000,0,0,0,2000,7000,-5000,-5000
07219P,臺股指凱基99售32,0,0,0,0,0,0,0,0,0,-5000,0,0,0,0,5000,-5000,-5000
07279P,台灣50台新99售02,0,0,0,0,0,0,0,0,0,-5000,0,0,0,0,5000,-5000,-5000
07323P,鴻海元大99售34  ,0,0,0,0,0,0,0,0,0,-5000,0,0,0,0,5000,-5000,-5000
06980P,緯穎永豐99售02  ,0,0,0,0,0,0,0,0,0,-5000,0,0,0,0,5000,-5000,-5000
06802P,緯穎群益98售03  ,0,0,0,0,0,0,0,0,0,-5000,0,0,0,25000,30000,-5000,-5000
4999,鑫禾            ,18000,24000,-6000,0,0,0,0,0,0,1000,1000,0,1000,0,0,0,-5000
3311,閎暉            ,20000,25000,-5000,0,0,0,0,0,0,0,0,0,0,0,0,0,-5000
3296,勝德            ,1000,6000,-5000,0,0,0,0,0,0,0,0,0,0,0,0,0,-5000
3557,嘉威            ,77000,82000,-5000,0,0,0,0,0,0,0,0,0,0,0,0,0,-5000
2939,凱羿-KY         ,9000,14000,-5000,0,0,0,0,0,0,0,0,0,0,0,0,0,-5000
2373,震旦行          ,3000,8000,-5000,0,0,0,0,0,0,0,0,0,0,0,0,0,-5000
058033,景碩永豐98購02  ,0,0,0,0,0,0,0,0,0,-6000,0,0,0,11000,17000,-6000,-6000
058400,聯發科元大99購09,0,0,0,0,0,0,0,0,0,-6000,0,0,0,228000,234000,-6000,-6000
057368,微星元大98購02  ,0,0,0,0,0,0,0,0,0,-6000,0,0,0,2000,8000,-6000,-6000
057131,奇力新凱基98購05,0,0,0,0,0,0,0,0,0,-6000,0,0,0,0,6000,-6000,-6000
06328P,台積電中信01售02,0,0,0,0,0,0,0,0,0,-6000,0,0,0,0,6000,-6000,-6000
06501P,臺股指元大9A售06,0,0,0,0,0,0,0,0,0,-6000,0,0,0,0,6000,-6000,-6000
06718P,聯詠元大98售01  ,0,0,0,0,0,0,0,0,0,-6000,0,0,0,3000,9000,-6000,-6000
057065,牧德富邦99購01  ,0,0,0,0,0,0,0,0,0,-6000,0,0,0,0,6000,-6000,-6000
059656,T50反1元大99購11,0,0,0,0,0,0,0,0,0,-6000,0,0,0,401000,407000,-6000,-6000
059726,華新科元大99購18,0,0,0,0,0,0,0,0,0,-6000,0,0,0,0,6000,-6000,-6000
057944,新日興國票99購02,0,0,0,0,0,0,0,0,0,-6000,0,0,0,1000,7000,-6000,-6000
059987,大立光元大99購28,0,0,0,0,0,0,0,0,0,-6000,0,0,0,0,6000,-6000,-6000
056533,友達凱基9A購02  ,0,0,0,0,0,0,0,0,0,-6000,0,0,0,74000,80000,-6000,-6000
059321,欣興元大99購07  ,0,0,0,0,0,0,0,0,0,-6000,0,0,0,0,6000,-6000,-6000
058935,元油2X中信9C購03,0,0,0,0,0,0,0,0,0,-6000,0,0,0,0,6000,-6000,-6000
048754,瀚宇博元富97購01,0,0,0,0,0,0,0,0,0,-6000,0,0,0,2000,8000,-6000,-6000
054887,大毅統一98購01  ,0,0,0,0,0,0,0,0,0,-6000,0,0,0,4000,10000,-6000,-6000
052576,聯茂凱基96購01  ,0,0,0,0,0,0,0,0,0,-6000,0,0,0,0,6000,-6000,-6000
05284P,鴻海兆豐95售04  ,0,0,0,0,0,0,0,0,0,-6000,0,0,0,0,6000,-6000,-6000
05230P,京元電群益95售01,0,0,0,0,0,0,0,0,0,-6000,0,0,0,0,6000,-6000,-6000
055813,聯發科國票98購04,0,0,0,0,0,0,0,0,0,-6000,0,0,0,0,6000,-6000,-6000
059062,群創凱基99購05  ,0,0,0,0,0,0,0,0,0,-6000,0,0,0,188000,194000,-6000,-6000
059146,貿聯國票9A購02  ,0,0,0,0,0,0,0,0,0,-6000,0,0,0,6000,12000,-6000,-6000
059148,百和國票9A購01  ,0,0,0,0,0,0,0,0,0,-6000,0,0,0,0,6000,-6000,-6000
053818,富邦金群益98購01,0,0,0,0,0,0,0,0,0,-6000,0,0,0,25000,31000,-6000,-6000
052418,玉晶光兆豐96購01,0,0,0,0,0,0,0,0,0,-6000,0,0,0,4000,10000,-6000,-6000
2114,鑫永銓          ,15000,21000,-6000,0,0,0,0,0,0,0,0,0,0,0,0,0,-6000
2516,新建            ,1000,7000,-6000,0,0,0,0,0,0,0,0,0,0,0,0,0,-6000
5283,禾聯碩          ,20000,30000,-10000,0,0,0,0,0,0,4000,0,0,0,4000,0,4000,-6000
07057P,大立光康和9B售02,0,0,0,0,0,0,0,0,0,-6000,0,0,0,74000,80000,-6000,-6000
07165P,臺股指群益99售16,0,0,0,0,0,0,0,0,0,-6000,0,0,0,0,6000,-6000,-6000
1203,味王            ,6000,12000,-6000,0,0,0,0,0,0,0,0,0,0,0,0,0,-6000
07423P,大立光元大99售33,0,0,0,0,0,0,0,0,0,-6000,0,0,0,0,6000,-6000,-6000
1540,喬福            ,10000,16000,-6000,0,0,0,0,0,0,0,0,0,0,0,0,0,-6000
1724,台硝            ,0,6000,-6000,0,0,0,0,0,0,0,0,0,0,0,0,0,-6000
8411,福貞-KY         ,1000,7000,-6000,0,0,0,0,0,0,0,0,0,0,0,0,0,-6000
5007,三星            ,7000,13600,-6600,0,0,0,0,0,0,0,0,0,0,0,0,0,-6600
056536,義隆凱基98購04  ,0,0,0,0,0,0,0,0,0,-7000,0,0,0,22000,29000,-7000,-7000
059613,泰鼎永豐99購02  ,0,0,0,0,0,0,0,0,0,-7000,0,0,0,0,7000,-7000,-7000
059502,台灣50台新9B購04,0,0,0,0,0,0,0,0,0,-7000,0,0,0,3000,10000,-7000,-7000
059489,上証2X國票9A購01,0,0,0,0,0,0,0,0,0,-7000,0,0,0,5000,12000,-7000,-7000
059751,華通群益9B購03  ,0,0,0,0,0,0,0,0,0,-7000,0,0,0,30000,37000,-7000,-7000
059660,華新科元大9A購04,0,0,0,0,0,0,0,0,0,-7000,0,0,0,1000,8000,-7000,-7000
059908,元金2X元大99購01,0,0,0,0,0,0,0,0,0,-7000,0,0,0,0,7000,-7000,-7000
06578P,華新科國票98售02,0,0,0,0,0,0,0,0,0,-7000,0,0,0,0,7000,-7000,-7000
06582P,可成凱基98售06  ,0,0,0,0,0,0,0,0,0,-7000,0,0,0,0,7000,-7000,-7000
057186,群創元大99購04  ,0,0,0,0,0,0,0,0,0,-7000,0,0,0,3000,10000,-7000,-7000
057572,明泰永豐98購01  ,0,0,0,0,0,0,0,0,0,-7000,0,0,0,0,7000,-7000,-7000
058078,景碩國票99購01  ,0,0,0,0,0,0,0,0,0,-7000,0,0,0,71000,78000,-7000,-7000
058630,日月光國票9A購01,0,0,0,0,0,0,0,0,0,-7000,0,0,0,1000,8000,-7000,-7000
059085,鴻海元大99購25  ,0,0,0,0,0,0,0,0,0,-7000,0,0,0,38000,45000,-7000,-7000
059363,超眾永豐99購02  ,0,0,0,0,0,0,0,0,0,-7000,0,0,0,1000,8000,-7000,-7000
05922P,京元電兆豐96售01,0,0,0,0,0,0,0,0,0,-7000,0,0,0,15000,22000,-7000,-7000
055788,緯穎凱基97購04  ,0,0,0,0,0,0,0,0,0,-7000,0,0,0,0,7000,-7000,-7000
055612,台光電國票97購04,0,0,0,0,0,0,0,0,0,-7000,0,0,0,38000,45000,-7000,-7000
049931,矽力元大94購01  ,0,0,0,0,0,0,0,0,0,-7000,0,0,0,0,7000,-7000,-7000
052028,健策群益95購02  ,0,0,0,0,0,0,0,0,0,-7000,0,0,0,0,7000,-7000,-7000
050202,建準群益95購01  ,0,0,0,0,0,0,0,0,0,-7000,0,0,0,0,7000,-7000,-7000
04627P,聯發科元大94售08,0,0,0,0,0,0,0,0,0,-7000,0,0,0,0,7000,-7000,-7000
03094X,大立光元大68展08,0,0,0,0,0,0,0,0,0,-7000,0,0,0,0,7000,-7000,-7000
04696P,亞德客國泰95售02,0,0,0,0,0,0,0,0,0,-7000,0,0,0,0,7000,-7000,-7000
03006X,元展06          ,0,0,0,0,0,0,0,0,0,-7000,0,0,0,0,7000,-7000,-7000
00688L,國泰20年美債正2 ,0,0,0,0,0,0,0,0,0,-7000,0,0,0,106000,113000,-7000,-7000
0053,元大電子        ,0,0,0,0,0,0,0,0,0,-7000,0,0,0,3000,10000,-7000,-7000
2465,麗臺            ,0,7000,-7000,0,0,0,0,0,0,0,0,0,0,0,0,0,-7000
1720,生達            ,271000,278000,-7000,0,0,0,0,0,0,0,0,0,0,0,0,0,-7000
1533,車王電          ,6000,13000,-7000,0,0,0,0,0,0,0,0,0,0,0,0,0,-7000
1440,南紡            ,339000,346000,-7000,0,0,0,0,0,0,0,0,0,0,0,0,0,-7000
1419,新紡            ,0,7000,-7000,0,0,0,0,0,0,0,0,0,0,0,0,0,-7000
07351P,鴻海國票99售08  ,0,0,0,0,0,0,0,0,0,-7000,0,0,0,13000,20000,-7000,-7000
07289P,台灣50凱基99售07,0,0,0,0,0,0,0,0,0,-7000,0,0,0,6000,13000,-7000,-7000
8482,商億-KY         ,0,7000,-7000,0,0,0,0,0,0,0,0,0,0,0,0,0,-7000
8070,長華*           ,21000,26000,-5000,0,0,0,0,0,0,-2000,1000,3000,-2000,0,0,0,-7000
912000,晨訊科-DR       ,0,7000,-7000,0,0,0,0,0,0,0,0,0,0,0,0,0,-7000
1515,力山            ,549000,579404,-30404,0,0,0,0,0,0,23000,24000,1000,23000,0,0,0,-7404
058698,華通元大99購05  ,0,0,0,0,0,0,0,0,0,-8000,0,0,0,0,8000,-8000,-8000
058124,玉晶光國票9A購01,0,0,0,0,0,0,0,0,0,-8000,0,0,0,43000,51000,-8000,-8000
06496P,台灣50日盛98售01,0,0,0,0,0,0,0,0,0,-8000,0,0,0,21000,29000,-8000,-8000
060199,台郡元富9A購01  ,0,0,0,0,0,0,0,0,0,-8000,0,0,0,0,8000,-8000,-8000
057045,美律元大99購04  ,0,0,0,0,0,0,0,0,0,-8000,0,0,0,10000,18000,-8000,-8000
059007,南電元大99購05  ,0,0,0,0,0,0,0,0,0,-8000,0,0,0,25000,33000,-8000,-8000
059896,T50反1元大99購13,0,0,0,0,0,0,0,0,0,-8000,0,0,0,6000,14000,-8000,-8000
057904,矽力永豐98購01  ,0,0,0,0,0,0,0,0,0,-8000,0,0,0,2000,10000,-8000,-8000
056084,漢唐統一97購03  ,0,0,0,0,0,0,0,0,0,-8000,0,0,0,0,8000,-8000,-8000
059430,台積電元大99購36,0,0,0,0,0,0,0,0,0,-8000,0,0,0,2000,10000,-8000,-8000
059426,鴻海元大99購31  ,0,0,0,0,0,0,0,0,0,-8000,0,0,0,45000,53000,-8000,-8000
059311,元石油元大99購04,0,0,0,0,0,0,0,0,0,-8000,0,0,0,0,8000,-8000,-8000
059312,元石油元大99購05,0,0,0,0,0,0,0,0,0,-8000,0,0,0,0,8000,-8000,-8000
059303,國巨兆豐99購04  ,0,0,0,0,0,0,0,0,0,-8000,0,0,0,2000,10000,-8000,-8000
058904,晶技元大99購05  ,0,0,0,0,0,0,0,0,0,-8000,0,0,0,8000,16000,-8000,-8000
00736,國泰新興市場    ,0,19000,-19000,0,0,0,0,0,0,11000,0,0,0,123000,112000,11000,-8000
01002T,土銀國泰R1      ,0,8000,-8000,0,0,0,0,0,0,0,0,0,0,0,0,0,-8000
050992,台積電元大97購01,0,0,0,0,0,0,0,0,0,-8000,0,0,0,0,8000,-8000,-8000
049969,泰鼎國票95購01  ,0,0,0,0,0,0,0,0,0,-8000,0,0,0,0,8000,-8000,-8000
04977P,力成凱基96售01  ,0,0,0,0,0,0,0,0,0,-8000,0,0,0,22000,30000,-8000,-8000
053249,致伸國票97購02  ,0,0,0,0,0,0,0,0,0,-8000,0,0,0,56000,64000,-8000,-8000
053433,友達日盛99購06  ,0,0,0,0,0,0,0,0,0,-8000,0,0,0,2000,10000,-8000,-8000
053513,義隆群益96購05  ,0,0,0,0,0,0,0,0,0,-8000,0,0,0,17000,25000,-8000,-8000
05938P,旺宏凱基96售07  ,0,0,0,0,0,0,0,0,0,-8000,0,0,0,8000,16000,-8000,-8000
2017,官田鋼          ,0,8000,-8000,0,0,0,0,0,0,0,0,0,0,0,0,0,-8000
07240P,台灣50台新94售01,0,0,0,0,0,0,0,0,0,-8000,0,0,0,0,8000,-8000,-8000
07098P,台積電元大99售18,0,0,0,0,0,0,0,0,0,-8000,0,0,0,105000,113000,-8000,-8000
2431,聯昌            ,14000,22000,-8000,0,0,0,0,0,0,0,0,0,0,0,0,0,-8000
2530,華建            ,6000,14000,-8000,0,0,0,0,0,0,0,0,0,0,0,0,0,-8000
2705,六福            ,0,8000,-8000,0,0,0,0,0,0,0,0,0,0,0,0,0,-8000
4572,駐龍            ,3000,11000,-8000,0,0,0,0,0,0,0,0,0,0,0,0,0,-8000
6201,亞弘電          ,0,0,0,0,0,0,0,0,0,-8000,0,8000,-8000,0,0,0,-8000
6165,捷泰            ,30000,38000,-8000,0,0,0,0,0,0,0,0,0,0,0,0,0,-8000
4144,康聯-KY         ,8000,16000,-8000,0,0,0,0,0,0,0,0,0,0,0,0,0,-8000
059573,健策凱基9A購02  ,0,0,0,0,0,0,0,0,0,-9000,0,0,0,115000,124000,-9000,-9000
058932,FBVIX台新99購01 ,0,0,0,0,0,0,0,0,0,-9000,0,0,0,59000,68000,-9000,-9000
059333,滬深2X國票9A購03,0,0,0,0,0,0,0,0,0,-9000,0,0,0,0,9000,-9000,-9000
056471,台光電元大99購01,0,0,0,0,0,0,0,0,0,-9000,0,0,0,0,9000,-9000,-9000
059477,FBVIX群益99購01 ,0,0,0,0,0,0,0,0,0,-9000,0,0,0,1000,10000,-9000,-9000
056745,聯茂凱基99購03  ,0,0,0,0,0,0,0,0,0,-9000,0,0,0,3000,12000,-9000,-9000
059901,滬深2X元大9C購07,0,0,0,0,0,0,0,0,0,-9000,0,0,0,6000,15000,-9000,-9000
059672,滬深2X元富99購06,0,0,0,0,0,0,0,0,0,-9000,0,0,0,0,9000,-9000,-9000
060044,大立光群益99購09,0,0,0,0,0,0,0,0,0,-9000,0,0,0,0,9000,-9000,-9000
058223,世芯統一9B購01  ,0,0,0,0,0,0,0,0,0,-9000,0,0,0,6000,15000,-9000,-9000
06392P,T50反1元大9A售01,0,0,0,0,0,0,0,0,0,-9000,0,0,0,1000,10000,-9000,-9000
06704P,玉晶光元富98售05,0,0,0,0,0,0,0,0,0,-9000,0,0,0,0,9000,-9000,-9000
058521,日月光元大99購01,0,0,0,0,0,0,0,0,0,-9000,0,0,0,0,9000,-9000,-9000
058653,光寶科中信9A購01,0,0,0,0,0,0,0,0,0,-9000,0,0,0,12000,21000,-9000,-9000
057524,旺宏元大99購04  ,0,0,0,0,0,0,0,0,0,-9000,0,0,0,2000,11000,-9000,-9000
057188,佐登元大98購01  ,0,0,0,0,0,0,0,0,0,-9000,0,0,0,0,9000,-9000,-9000
057422,欣興凱基98購04  ,0,0,0,0,0,0,0,0,0,-9000,0,0,0,0,9000,-9000,-9000
057222,鴻海國票99購04  ,0,0,0,0,0,0,0,0,0,-9000,0,0,0,29000,38000,-9000,-9000
059249,大立光凱基99購05,0,0,0,0,0,0,0,0,0,-9000,0,0,0,10000,19000,-9000,-9000
05301P,矽力元大95售02  ,0,0,0,0,0,0,0,0,0,-9000,0,0,0,10000,19000,-9000,-9000
054912,群光凱基97購01  ,0,0,0,0,0,0,0,0,0,-9000,0,0,0,406000,415000,-9000,-9000
052010,兆豐金中信95購01,0,0,0,0,0,0,0,0,0,-9000,0,0,0,4000,13000,-9000,-9000
2906,高林            ,0,9000,-9000,0,0,0,0,0,0,0,0,0,0,0,0,0,-9000
2062,橋椿            ,17000,26000,-9000,0,0,0,0,0,0,0,0,0,0,0,0,0,-9000
2227,裕日車          ,10000,17000,-7000,0,0,0,1000,0,1000,-3000,0,3000,-3000,0,0,0,-9000
06950P,鴻海統一9B售02  ,0,0,0,0,0,0,0,0,0,-9000,0,0,0,0,9000,-9000,-9000
06801P,技嘉群益99售02  ,0,0,0,0,0,0,0,0,0,-9000,0,0,0,3000,12000,-9000,-9000
06779P,智邦元大98售12  ,0,0,0,0,0,0,0,0,0,-9000,0,0,0,41000,50000,-9000,-9000
06868P,電子類元大99售01,0,0,0,0,0,0,0,0,0,-9000,0,0,0,0,9000,-9000,-9000
07215P,大立光凱基99售07,0,0,0,0,0,0,0,0,0,-9000,0,0,0,0,9000,-9000,-9000
07316P,長榮航康和99售01,0,0,0,0,0,0,0,0,0,-9000,0,0,0,60000,69000,-9000,-9000
07302P,臺股指元大9A售35,0,0,0,0,0,0,0,0,0,-9000,0,0,0,5000,14000,-9000,-9000
07381P,鴻海群益99售05  ,0,0,0,0,0,0,0,0,0,-9000,0,0,0,2000,11000,-9000,-9000
1234,黑松            ,6000,15000,-9000,0,0,0,0,0,0,0,0,0,0,0,0,0,-9000
8016,矽創            ,541000,584912,-43912,0,0,0,0,0,0,34000,8000,6000,2000,34000,2000,32000,-9912
057257,台泥兆豐99購01  ,0,0,0,0,0,0,0,0,0,-10000,0,0,0,10000,20000,-10000,-10000
057262,友達兆豐98購03  ,0,0,0,0,0,0,0,0,0,-10000,0,0,0,0,10000,-10000,-10000
05740P,宏達電元富96售01,0,0,0,0,0,0,0,0,0,-10000,0,0,0,0,10000,-10000,-10000
057304,為升兆豐99購02  ,0,0,0,0,0,0,0,0,0,-10000,0,0,0,0,10000,-10000,-10000
057305,南亞科兆豐98購02,0,0,0,0,0,0,0,0,0,-10000,0,0,0,0,10000,-10000,-10000
057142,力成兆豐98購01  ,0,0,0,0,0,0,0,0,0,-10000,0,0,0,0,10000,-10000,-10000
057108,潤泰全群益98購01,0,0,0,0,0,0,0,0,0,-10000,0,0,0,0,10000,-10000,-10000
057563,旭富國泰9A購01  ,0,0,0,0,0,0,0,0,0,-10000,0,0,0,0,10000,-10000,-10000
057540,緯穎日盛99購01  ,0,0,0,0,0,0,0,0,0,-10000,0,0,0,0,10000,-10000,-10000
058670,鴻海群益9A購03  ,0,0,0,0,0,0,0,0,0,-10000,0,0,0,0,10000,-10000,-10000
058633,台灣50兆豐99購01,0,0,0,0,0,0,0,0,0,-10000,0,0,0,0,10000,-10000,-10000
058636,亞光兆豐9A購01  ,0,0,0,0,0,0,0,0,0,-10000,0,0,0,0,10000,-10000,-10000
058611,欣興元大99購06  ,0,0,0,0,0,0,0,0,0,-10000,0,0,0,0,10000,-10000,-10000
058613,茂林元大99購03  ,0,0,0,0,0,0,0,0,0,-10000,0,0,0,87000,97000,-10000,-10000
058732,矽格永豐99購01  ,0,0,0,0,0,0,0,0,0,-10000,0,0,0,0,10000,-10000,-10000
05852P,嘉晶群益96售01  ,0,0,0,0,0,0,0,0,0,-10000,0,0,0,0,10000,-10000,-10000
058547,世紀鋼富邦9A購01,0,0,0,0,0,0,0,0,0,-10000,0,0,0,812000,822000,-10000,-10000
058455,玉晶光永豐99購03,0,0,0,0,0,0,0,0,0,-10000,0,0,0,26000,36000,-10000,-10000
058488,華擎國票9A購01  ,0,0,0,0,0,0,0,0,0,-10000,0,0,0,39000,49000,-10000,-10000
058099,鴻海國泰9A購02  ,0,0,0,0,0,0,0,0,0,-10000,0,0,0,0,10000,-10000,-10000
058064,華邦電亞東99購01,0,0,0,0,0,0,0,0,0,-10000,0,0,0,0,10000,-10000,-10000
06633P,國巨國票99售01  ,0,0,0,0,0,0,0,0,0,-10000,0,0,0,0,10000,-10000,-10000
06218P,鴻海元富97售06  ,0,0,0,0,0,0,0,0,0,-10000,0,0,0,0,10000,-10000,-10000
06492P,上銀永豐98售01  ,0,0,0,0,0,0,0,0,0,-10000,0,0,0,0,10000,-10000,-10000
06576P,台光電群益98售03,0,0,0,0,0,0,0,0,0,-10000,0,0,0,40000,50000,-10000,-10000
06549P,大立光元大98售11,0,0,0,0,0,0,0,0,0,-10000,0,0,0,0,10000,-10000,-10000
060194,旭富元富9A購01  ,0,0,0,0,0,0,0,0,0,-10000,0,0,0,0,10000,-10000,-10000
060190,國泰金元富9A購01,0,0,0,0,0,0,0,0,0,-10000,0,0,0,0,10000,-10000,-10000
060250,台表科元大9A購01,0,0,0,0,0,0,0,0,0,-10000,0,0,0,0,10000,-10000,-10000
060240,富邦金元大9A購01,0,0,0,0,0,0,0,0,0,-10000,0,0,0,6000,16000,-10000,-10000
060243,潤泰全元大9C購02,0,0,0,0,0,0,0,0,0,-10000,0,0,0,0,10000,-10000,-10000
060114,緯穎元大99購10  ,0,0,0,0,0,0,0,0,0,-10000,0,0,0,10000,20000,-10000,-10000
06180P,禾伸堂群益97售01,0,0,0,0,0,0,0,0,0,-10000,0,0,0,0,10000,-10000,-10000
06188P,大立光元富97售01,0,0,0,0,0,0,0,0,0,-10000,0,0,0,10000,20000,-10000,-10000
06189P,華新科永豐97售03,0,0,0,0,0,0,0,0,0,-10000,0,0,0,15000,25000,-10000,-10000
06207P,聯發科凱基97售07,0,0,0,0,0,0,0,0,0,-10000,0,0,0,0,10000,-10000,-10000
06208P,台郡凱基97售03  ,0,0,0,0,0,0,0,0,0,-10000,0,0,0,0,10000,-10000,-10000
06244P,智易元富97售02  ,0,0,0,0,0,0,0,0,0,-10000,0,0,0,0,10000,-10000,-10000
058228,為升元大99購01  ,0,0,0,0,0,0,0,0,0,-10000,0,0,0,0,10000,-10000,-10000
058198,瑞昱亞東99購01  ,0,0,0,0,0,0,0,0,0,-10000,0,0,0,0,10000,-10000,-10000
059998,華航元富99購02  ,0,0,0,0,0,0,0,0,0,-10000,0,0,0,0,10000,-10000,-10000
058179,國巨國泰9B購02  ,0,0,0,0,0,0,0,0,0,-10000,0,0,0,0,10000,-10000,-10000
060041,T50反1群益99購04,0,0,0,0,0,0,0,0,0,-10000,0,0,0,0,10000,-10000,-10000
060027,元金2X永豐99購02,0,0,0,0,0,0,0,0,0,-10000,0,0,0,0,10000,-10000,-10000
060065,大立光兆豐9B購01,0,0,0,0,0,0,0,0,0,-10000,0,0,0,0,10000,-10000,-10000
060096,聯發科元大99購43,0,0,0,0,0,0,0,0,0,-10000,0,0,0,1000,11000,-10000,-10000
060108,泰鼎元大99購04  ,0,0,0,0,0,0,0,0,0,-10000,0,0,0,0,10000,-10000,-10000
056925,群創兆豐98購03  ,0,0,0,0,0,0,0,0,0,-10000,0,0,0,0,10000,-10000,-10000
056988,聚陽兆豐98購01  ,0,0,0,0,0,0,0,0,0,-10000,0,0,0,0,10000,-10000,-10000
058307,聯發科元大99購08,0,0,0,0,0,0,0,0,0,-10000,0,0,0,0,10000,-10000,-10000
056920,友達兆豐98購02  ,0,0,0,0,0,0,0,0,0,-10000,0,0,0,0,10000,-10000,-10000
059684,台灣50永豐99購09,0,0,0,0,0,0,0,0,0,-10000,0,0,0,0,10000,-10000,-10000
059687,卜蜂永豐99購01  ,0,0,0,0,0,0,0,0,0,-10000,0,0,0,0,10000,-10000,-10000
059739,華通元富99購04  ,0,0,0,0,0,0,0,0,0,-10000,0,0,0,4000,14000,-10000,-10000
059728,聯鈞元大99購01  ,0,0,0,0,0,0,0,0,0,-10000,0,0,0,79000,89000,-10000,-10000
059812,上証2X凱基9A購04,0,0,0,0,0,0,0,0,0,-10000,0,0,0,0,10000,-10000,-10000
059824,大立光凱基99購13,0,0,0,0,0,0,0,0,0,-10000,0,0,0,0,10000,-10000,-10000
059895,T50反1元大99購12,0,0,0,0,0,0,0,0,0,-10000,0,0,0,0,10000,-10000,-10000
059889,華新科國票99購04,0,0,0,0,0,0,0,0,0,-10000,0,0,0,0,10000,-10000,-10000
056013,T50反1群益97購01,0,0,0,0,0,0,0,0,0,-10000,0,0,0,0,10000,-10000,-10000
056749,滬深2X兆豐99購01,0,0,0,0,0,0,0,0,0,-10000,0,0,0,0,10000,-10000,-10000
056751,和大兆豐98購01  ,0,0,0,0,0,0,0,0,0,-10000,0,0,0,0,10000,-10000,-10000
056752,國巨兆豐98購02  ,0,0,0,0,0,0,0,0,0,-10000,0,0,0,0,10000,-10000,-10000
056753,群創兆豐98購02  ,0,0,0,0,0,0,0,0,0,-10000,0,0,0,0,10000,-10000,-10000
056333,台積電日盛9B購01,0,0,0,0,0,0,0,0,0,-10000,0,0,0,0,10000,-10000,-10000
058974,臺股指永豐99購03,0,0,0,0,0,0,0,0,0,-10000,0,0,0,0,10000,-10000,-10000
056677,智伸科元富98購01,0,0,0,0,0,0,0,0,0,-10000,0,0,0,0,10000,-10000,-10000
058980,鴻海凱基99購06  ,0,0,0,0,0,0,0,0,0,-10000,0,0,0,26000,36000,-10000,-10000
05616P,台光電永豐96售01,0,0,0,0,0,0,0,0,0,-10000,0,0,0,0,10000,-10000,-10000
056250,瑞昱兆豐97購02  ,0,0,0,0,0,0,0,0,0,-10000,0,0,0,0,10000,-10000,-10000
056264,聯發科統一98購02,0,0,0,0,0,0,0,0,0,-10000,0,0,0,0,10000,-10000,-10000
056325,群創兆豐9A購01  ,0,0,0,0,0,0,0,0,0,-10000,0,0,0,0,10000,-10000,-10000
059484,臺股指群益99購18,0,0,0,0,0,0,0,0,0,-10000,0,0,0,0,10000,-10000,-10000
05882P,華新科永豐96售01,0,0,0,0,0,0,0,0,0,-10000,0,0,0,45000,55000,-10000,-10000
058768,南港兆豐99購01  ,0,0,0,0,0,0,0,0,0,-10000,0,0,0,0,10000,-10000,-10000
057657,國巨兆豐98購04  ,0,0,0,0,0,0,0,0,0,-10000,0,0,0,0,10000,-10000,-10000
057658,玉晶光兆豐99購02,0,0,0,0,0,0,0,0,0,-10000,0,0,0,0,10000,-10000,-10000
059317,台積電元大99購34,0,0,0,0,0,0,0,0,0,-10000,0,0,0,3000,13000,-10000,-10000
058961,台灣50兆豐9C購01,0,0,0,0,0,0,0,0,0,-10000,0,0,0,0,10000,-10000,-10000
056582,易華電元大98購01,0,0,0,0,0,0,0,0,0,-10000,0,0,0,0,10000,-10000,-10000
058909,神達元大99購03  ,0,0,0,0,0,0,0,0,0,-10000,0,0,0,0,10000,-10000,-10000
059532,華新科凱基9B購03,0,0,0,0,0,0,0,0,0,-10000,0,0,0,1000,11000,-10000,-10000
059546,FBVIX群益99購03 ,0,0,0,0,0,0,0,0,0,-10000,0,0,0,0,10000,-10000,-10000
059615,台灣50群益99購05,0,0,0,0,0,0,0,0,0,-10000,0,0,0,0,10000,-10000,-10000
059603,臺股指元大9A購40,0,0,0,0,0,0,0,0,0,-10000,0,0,0,0,10000,-10000,-10000
057858,T50正2康和98購01,0,0,0,0,0,0,0,0,0,-10000,0,0,0,0,10000,-10000,-10000
057844,新日興永豐99購01,0,0,0,0,0,0,0,0,0,-10000,0,0,0,0,10000,-10000,-10000
057794,T50反1兆豐99購02,0,0,0,0,0,0,0,0,0,-10000,0,0,0,0,10000,-10000,-10000
057795,鴻海兆豐99購02  ,0,0,0,0,0,0,0,0,0,-10000,0,0,0,0,10000,-10000,-10000
051981,南茂凱基96購01  ,0,0,0,0,0,0,0,0,0,-10000,0,0,0,0,10000,-10000,-10000
051188,鴻海兆豐95購01  ,0,0,0,0,0,0,0,0,0,-10000,0,0,0,0,10000,-10000,-10000
051189,鴻海兆豐96購01  ,0,0,0,0,0,0,0,0,0,-10000,0,0,0,0,10000,-10000,-10000
050414,泰鼎永豐94購04  ,0,0,0,0,0,0,0,0,0,-10000,0,0,0,0,10000,-10000,-10000
04912P,可成元富94售06  ,0,0,0,0,0,0,0,0,0,-10000,0,0,0,5000,15000,-10000,-10000
049298,矽格群益95購01  ,0,0,0,0,0,0,0,0,0,-10000,0,0,0,0,10000,-10000,-10000
049583,台積電元大95購04,0,0,0,0,0,0,0,0,0,-10000,0,0,0,0,10000,-10000,-10000
053353,玉晶光兆豐97購03,0,0,0,0,0,0,0,0,0,-10000,0,0,0,0,10000,-10000,-10000
054922,文曄凱基98購01  ,0,0,0,0,0,0,0,0,0,-10000,0,0,0,0,10000,-10000,-10000
049859,味全兆豐95購01  ,0,0,0,0,0,0,0,0,0,-10000,0,0,0,0,10000,-10000,-10000
05320P,華通凱基96售03  ,0,0,0,0,0,0,0,0,0,-10000,0,0,0,0,10000,-10000,-10000
049706,世紀鋼元大95購02,0,0,0,0,0,0,0,0,0,-10000,0,0,0,16000,26000,-10000,-10000
054789,高鐵群益98購01  ,0,0,0,0,0,0,0,0,0,-10000,0,0,0,0,10000,-10000,-10000
055088,聯詠亞東97購01  ,0,0,0,0,0,0,0,0,0,-10000,0,0,0,120000,130000,-10000,-10000
055046,上銀永豐97購01  ,0,0,0,0,0,0,0,0,0,-10000,0,0,0,0,10000,-10000,-10000
055245,凱美統一99購01  ,0,0,0,0,0,0,0,0,0,-10000,0,0,0,0,10000,-10000,-10000
03010X,元展10          ,0,0,0,0,0,0,0,0,0,-10000,0,0,0,0,10000,-10000,-10000
046928,奇鋐富邦97購01  ,0,0,0,0,0,0,0,0,0,-10000,0,0,0,0,10000,-10000,-10000
00702,國泰標普低波高息,0,0,0,0,0,0,0,0,0,-10000,0,0,0,13000,23000,-10000,-10000
00690,兆豐藍籌30      ,0,0,0,0,0,0,0,0,0,-10000,0,0,0,165000,175000,-10000,-10000
03162P,泰碩元大01售02  ,0,0,0,0,0,0,0,0,0,-10000,0,0,0,0,10000,-10000,-10000
03052X,元展49          ,0,0,0,0,0,0,0,0,0,-10000,0,0,0,0,10000,-10000,-10000
046629,群創統一98購01  ,0,0,0,0,0,0,0,0,0,-10000,0,0,0,0,10000,-10000,-10000
045795,瀚宇博兆豐94購01,0,0,0,0,0,0,0,0,0,-10000,0,0,0,0,10000,-10000,-10000
04556P,大成鋼群益94售02,0,0,0,0,0,0,0,0,0,-10000,0,0,0,0,10000,-10000,-10000
045572,元油2X元大98購01,0,0,0,0,0,0,0,0,0,-10000,0,0,0,0,10000,-10000,-10000
04568P,瑞昱兆豐94售02  ,0,0,0,0,0,0,0,0,0,-10000,0,0,0,0,10000,-10000,-10000
04569P,聯詠兆豐94售01  ,0,0,0,0,0,0,0,0,0,-10000,0,0,0,10000,20000,-10000,-10000
048867,台積電兆豐95購01,0,0,0,0,0,0,0,0,0,-10000,0,0,0,0,10000,-10000,-10000
051769,矽力元大95購01  ,0,0,0,0,0,0,0,0,0,-10000,0,0,0,0,10000,-10000,-10000
051698,旺宏麥證95購01  ,0,0,0,0,10000,-10000,0,0,0,-10000,0,0,0,0,10000,-10000,-10000
05149P,緯穎國泰96售01  ,0,0,0,0,0,0,0,0,0,-10000,0,0,0,0,10000,-10000,-10000
051601,群創兆豐95購02  ,0,0,0,0,0,0,0,0,0,-10000,0,0,0,0,10000,-10000,-10000
03828P,致茂中信95售01  ,0,0,0,0,0,0,0,0,0,-10000,0,0,0,28000,38000,-10000,-10000
04189P,台積電兆豐94售02,0,0,0,0,0,0,0,0,0,-10000,0,0,0,0,10000,-10000,-10000
04126P,滬深2X國票95售02,0,0,0,0,0,0,0,0,0,-10000,0,0,0,10000,20000,-10000,-10000
03433B,臺股指元大9C熊01,0,0,0,0,0,0,0,0,0,-10000,0,0,0,39000,49000,-10000,-10000
05137P,華新科凱基96售03,0,0,0,0,0,0,0,0,0,-10000,0,0,0,0,10000,-10000,-10000
051348,國巨元大95購07  ,0,0,0,0,0,0,0,0,0,-10000,0,0,0,90000,100000,-10000,-10000
051392,玉山金兆豐95購01,0,0,0,0,0,0,0,0,0,-10000,0,0,0,0,10000,-10000,-10000
051393,新光金兆豐96購01,0,0,0,0,0,0,0,0,0,-10000,0,0,0,0,10000,-10000,-10000
044201,群創國票95購01  ,0,10000,-10000,0,0,0,0,0,0,0,0,0,0,0,0,0,-10000
04519P,國泰金群益94售01,0,0,0,0,0,0,0,0,0,-10000,0,0,0,0,10000,-10000,-10000
04496P,國巨國泰96售02  ,0,0,0,0,0,0,0,0,0,-10000,0,0,0,0,10000,-10000,-10000
052943,奇力新國票96購02,0,0,0,0,0,0,0,0,0,-10000,0,0,0,0,10000,-10000,-10000
055629,華新科永豐97購04,0,0,0,0,0,0,0,0,0,-10000,0,0,0,0,10000,-10000,-10000
05318P,臺股指永昌95售03,0,0,0,0,0,0,0,0,0,-10000,0,10000,-10000,0,0,0,-10000
053032,國巨兆豐97購02  ,0,0,0,0,0,0,0,0,0,-10000,0,0,0,0,10000,-10000,-10000
053034,上海銀兆豐96購01,0,0,0,0,0,0,0,0,0,-10000,0,0,0,0,10000,-10000,-10000
053105,鴻海兆豐97購01  ,0,0,0,0,0,0,0,0,0,-10000,0,0,0,0,10000,-10000,-10000
055513,旺宏亞東98購01  ,0,0,0,0,0,0,0,0,0,-10000,0,0,0,270000,280000,-10000,-10000
053701,台積電兆豐96購05,0,0,0,0,0,0,0,0,0,-10000,0,0,0,0,10000,-10000,-10000
052585,友達永豐97購01  ,0,0,0,0,0,0,0,0,0,-10000,0,0,0,0,10000,-10000,-10000
052797,樺漢兆豐96購01  ,0,0,0,0,0,0,0,0,0,-10000,0,0,0,0,10000,-10000,-10000
052802,華新科元大97購02,0,0,0,0,0,0,0,0,0,-10000,0,0,0,30000,40000,-10000,-10000
052791,友達兆豐97購01  ,0,0,0,0,0,0,0,0,0,-10000,0,0,0,0,10000,-10000,-10000
052733,台郡國泰97購01  ,0,0,0,0,0,0,0,0,0,-10000,0,0,0,0,10000,-10000,-10000
053510,聯電群益97購01  ,0,0,0,0,0,0,0,0,0,-10000,0,0,0,0,10000,-10000,-10000
053497,新光金兆豐97購01,0,0,0,0,0,0,0,0,0,-10000,0,0,0,0,10000,-10000,-10000
053559,台積電國泰98購01,0,0,0,0,0,0,0,0,0,-10000,0,0,0,0,10000,-10000,-10000
052220,T50反1凱基98購01,0,0,0,0,0,0,0,0,0,-10000,0,0,0,0,10000,-10000,-10000
053408,友達兆豐98購01  ,0,0,0,0,0,0,0,0,0,-10000,0,0,0,0,10000,-10000,-10000
054139,揚明光元大96購01,0,0,0,0,0,0,0,0,0,-10000,0,0,0,0,10000,-10000,-10000
054081,聯電元富96購01  ,0,0,0,0,0,0,0,0,0,-10000,0,0,0,0,10000,-10000,-10000
059210,鴻海元大99購26  ,0,0,0,0,0,0,0,0,0,-10000,0,0,0,0,10000,-10000,-10000
05941P,聯發科凱基96售22,0,0,0,0,0,0,0,0,0,-10000,0,0,0,0,10000,-10000,-10000
059069,臺指反元大9C購01,0,0,0,0,0,0,0,0,0,-10000,0,0,0,0,10000,-10000,-10000
05238P,禾伸堂永豐95售01,0,0,0,0,0,0,0,0,0,-10000,0,0,0,0,10000,-10000,-10000
055704,亞德客永豐97購04,0,0,0,0,0,0,0,0,0,-10000,0,0,0,0,10000,-10000,-10000
055659,百和元富97購01  ,0,0,0,0,0,0,0,0,0,-10000,0,0,0,0,10000,-10000,-10000
055663,崇越中信97購01  ,0,0,0,0,0,0,0,0,0,-10000,0,0,0,0,10000,-10000,-10000
054619,昇陽半永豐97購03,0,0,0,0,0,0,0,0,0,-10000,0,0,0,0,10000,-10000,-10000
054621,華新科兆豐98購01,0,0,0,0,0,0,0,0,0,-10000,0,0,0,0,10000,-10000,-10000
054677,智易台新98購02  ,0,0,0,0,0,0,0,0,0,-10000,0,0,0,50000,60000,-10000,-10000
054373,富邦金中信97購01,0,0,0,0,0,0,0,0,0,-10000,0,0,0,10000,20000,-10000,-10000
08163P,T50正2中信95售01,0,0,0,0,0,0,0,0,0,-10000,0,0,0,0,10000,-10000,-10000
07460P,臺股指元大9B售03,0,0,0,0,0,0,0,0,0,-10000,0,0,0,0,10000,-10000,-10000
1101B,台泥乙特        ,0,0,0,0,0,0,0,0,0,-10000,0,10000,-10000,0,0,0,-10000
08674P,嘉晶元富07售02  ,0,0,0,0,0,0,0,0,0,-10000,0,0,0,0,10000,-10000,-10000
07343P,高鐵康和99售01  ,0,0,0,0,0,0,0,0,0,-10000,0,0,0,0,10000,-10000,-10000
07166P,台灣50兆豐03售01,0,0,0,0,0,0,0,0,0,-10000,0,0,0,0,10000,-10000,-10000
07190P,臺股指富邦9C售02,0,0,0,0,0,0,0,0,0,-10000,0,0,0,0,10000,-10000,-10000
06908P,健策國泰99售02  ,0,0,0,0,0,0,0,0,0,-10000,0,0,0,0,10000,-10000,-10000
06962P,華新科永豐99售01,0,0,0,0,0,0,0,0,0,-10000,0,0,0,39000,49000,-10000,-10000
06958P,FBVIX凱基9C售02 ,0,0,0,0,0,0,0,0,0,-10000,0,0,0,0,10000,-10000,-10000
07000P,T50反1元大99售03,0,0,0,0,0,0,0,0,0,-10000,0,0,0,0,10000,-10000,-10000
2059,川湖            ,154000,158000,-4000,0,0,0,0,4000,-4000,-2000,1000,3000,-2000,0,0,0,-10000
057757,鴻海凱基98購13  ,0,0,0,0,0,0,0,0,0,-11000,0,0,0,58000,69000,-11000,-11000
056714,晶相光永豐98購02,0,0,0,0,0,0,0,0,0,-11000,0,0,0,0,11000,-11000,-11000
060102,禾伸堂元大99購06,0,0,0,0,0,0,0,0,0,-11000,0,0,0,0,11000,-11000,-11000
058549,藍天永豐99購01  ,0,0,0,0,0,0,0,0,0,-11000,0,0,0,0,11000,-11000,-11000
057283,欣興元大98購07  ,0,0,0,0,0,0,0,0,0,-11000,0,0,0,25000,36000,-11000,-11000
055727,矽力元大97購02  ,0,0,0,0,0,0,0,0,0,-11000,0,0,0,4000,15000,-11000,-11000
059039,致伸群益99購01  ,0,0,0,0,0,0,0,0,0,-11000,0,0,0,0,11000,-11000,-11000
059389,國巨凱基99購14  ,0,0,0,0,0,0,0,0,0,-11000,0,0,0,26000,37000,-11000,-11000
059386,上銀凱基99購07  ,0,0,0,0,0,0,0,0,0,-11000,0,0,0,258000,269000,-11000,-11000
059224,大立光元大99購15,0,0,0,0,0,0,0,0,0,-11000,0,0,0,11000,22000,-11000,-11000
059237,鴻海凱基9A購10  ,0,0,0,0,0,0,0,0,0,-11000,0,0,0,16000,27000,-11000,-11000
054106,元油反凱基9C購01,0,0,0,0,0,0,0,0,0,-11000,0,0,0,0,11000,-11000,-11000
053413,台積電國票99購01,0,0,0,0,0,0,0,0,0,-11000,0,0,0,206000,217000,-11000,-11000
052705,超眾國票97購01  ,0,0,0,0,0,0,0,0,0,-11000,0,0,0,0,11000,-11000,-11000
03658C,T50反1元大9A牛02,0,0,0,0,0,0,0,0,0,-11000,0,0,0,0,11000,-11000,-11000
04839P,大立光元大94售17,0,0,0,0,0,0,0,0,0,-11000,0,0,0,44000,55000,-11000,-11000
03022X,富展01          ,0,0,0,0,0,0,0,0,0,-11000,0,0,0,0,11000,-11000,-11000
00684R,元大美元指數反1 ,0,0,0,0,0,0,0,0,0,-11000,0,0,0,5000,16000,-11000,-11000
00703,台新MSCI中國    ,0,0,0,0,0,0,0,0,0,-11000,0,0,0,24000,35000,-11000,-11000
05524P,瀚宇博國票97售02,0,0,0,0,0,0,0,0,0,-11000,0,0,0,0,11000,-11000,-11000
054036,T50反1元大96購08,0,0,0,0,0,0,0,0,0,-11000,0,0,0,10000,21000,-11000,-11000
054807,台化元大9A購02  ,0,0,0,0,0,0,0,0,0,-11000,0,0,0,0,11000,-11000,-11000
05104P,智邦台新95售02  ,0,0,0,0,0,0,0,0,0,-11000,0,0,0,9000,20000,-11000,-11000
06975P,臺股指元大9A售13,0,0,0,0,0,0,0,0,0,-11000,0,0,0,0,11000,-11000,-11000
07266P,大立光元大99售19,0,0,0,0,0,0,0,0,0,-11000,0,0,0,10000,21000,-11000,-11000
07248P,可成凱基99售06  ,0,0,0,0,0,0,0,0,0,-11000,0,0,0,0,11000,-11000,-11000
07409P,台積電台新99售07,0,0,0,0,0,0,0,0,0,-11000,0,0,0,0,11000,-11000,-11000
07405P,大立光凱基99售17,0,0,0,0,0,0,0,0,0,-11000,0,0,0,0,11000,-11000,-11000
07385P,緯穎群益99售04  ,0,0,0,0,0,0,0,0,0,-11000,0,0,0,0,11000,-11000,-11000
9905,大華            ,26000,37000,-11000,0,0,0,0,0,0,0,0,0,0,0,0,0,-11000
057537,聯茂元大98購04  ,0,0,0,0,0,0,0,0,0,-12000,0,0,0,2000,14000,-12000,-12000
058581,大立光群益99購05,0,0,0,0,0,0,0,0,0,-12000,0,0,0,0,12000,-12000,-12000
060010,義隆群益99購02  ,0,0,0,0,0,0,0,0,0,-12000,0,0,0,19000,31000,-12000,-12000
060188,華新科元富9A購03,0,0,0,0,0,0,0,0,0,-12000,0,0,0,0,12000,-12000,-12000
05609P,國泰金凱基96售01,0,0,0,0,0,0,0,0,0,-12000,0,0,0,0,12000,-12000,-12000
056142,超眾元大97購06  ,0,0,0,0,0,0,0,0,0,-12000,0,0,0,30000,42000,-12000,-12000
059944,欣興永豐99購03  ,0,0,0,0,0,0,0,0,0,-12000,0,0,0,20000,32000,-12000,-12000
059879,GIS凱基99購03   ,0,0,0,0,0,0,0,0,0,-12000,0,0,0,10000,22000,-12000,-12000
059842,台積電富邦9C購05,0,0,0,0,0,0,0,0,0,-12000,0,0,0,20000,32000,-12000,-12000
059766,同欣電永豐99購03,0,0,0,0,0,0,0,0,0,-12000,0,0,0,170000,182000,-12000,-12000
059788,華新科元大9A購05,0,0,0,0,0,0,0,0,0,-12000,0,0,0,1000,13000,-12000,-12000
059665,嘉聯益元大99購06,0,0,0,0,0,0,0,0,0,-12000,0,0,0,0,12000,-12000,-12000
057746,同欣電永豐98購02,0,0,0,0,0,0,0,0,0,-12000,0,0,0,28000,40000,-12000,-12000
059604,臺股指元大9A購41,0,0,0,0,0,0,0,0,0,-12000,0,0,0,0,12000,-12000,-12000
059707,健策凱基9A購03  ,0,0,0,0,0,0,0,0,0,-12000,0,0,0,0,12000,-12000,-12000
059553,台灣50凱基99購05,0,0,0,0,0,0,0,0,0,-12000,0,0,0,4000,16000,-12000,-12000
051160,亞德客元大95購02,0,0,0,0,0,0,0,0,0,-12000,0,0,0,0,12000,-12000,-12000
050480,健策國票95購04  ,0,0,0,0,0,0,0,0,0,-12000,0,0,0,0,12000,-12000,-12000
04994P,大成鋼凱基95售01,0,0,0,0,0,0,0,0,0,-12000,0,0,0,0,12000,-12000,-12000
054951,大毅元大97購01  ,0,0,0,0,0,0,0,0,0,-12000,0,0,0,0,12000,-12000,-12000
03959P,義隆元富96售01  ,0,0,0,0,0,0,0,0,0,-12000,0,0,0,0,12000,-12000,-12000
04433P,上証2X國票95售01,0,0,0,0,0,0,0,0,0,-12000,0,0,0,0,12000,-12000,-12000
055615,宏達電國票99購02,0,0,0,0,0,0,0,0,0,-12000,0,0,0,38000,50000,-12000,-12000
053713,漢唐凱基96購04  ,0,0,0,0,0,0,0,0,0,-12000,0,0,0,0,12000,-12000,-12000
053725,晶相光凱基96購01,0,0,0,0,0,0,0,0,0,-12000,0,0,0,170000,182000,-12000,-12000
059228,臺股指元大99購21,0,0,0,0,0,0,0,0,0,-12000,0,0,0,0,12000,-12000,-12000
052544,牧德元富95購01  ,0,0,0,0,0,0,0,0,0,-12000,0,0,0,43000,55000,-12000,-12000
054337,智邦統一96購01  ,0,0,0,0,0,0,0,0,0,-12000,0,0,0,0,12000,-12000,-12000
07173P,臺股指國票99售10,0,0,0,0,0,0,0,0,0,-12000,0,0,0,0,12000,-12000,-12000
07236P,台灣50國票99售05,0,0,0,0,0,0,0,0,0,-12000,0,0,0,0,12000,-12000,-12000
06992P,玉晶光日盛9B售01,0,0,0,0,0,0,0,0,0,-12000,0,0,0,0,12000,-12000,-12000
06749P,技嘉元富98售03  ,0,0,0,0,0,0,0,0,0,-12000,0,0,0,0,12000,-12000,-12000
2707,晶華            ,100000,75000,25000,0,0,0,0,0,0,-37000,0,37000,-37000,0,0,0,-12000
2528,皇普            ,1000,12000,-11000,0,0,0,0,0,0,-1000,0,1000,-1000,0,0,0,-12000
3419,譁裕            ,40000,53000,-13000,0,0,0,0,0,0,1000,1000,0,1000,0,0,0,-12000
3055,蔚華科          ,15000,27000,-12000,0,0,0,0,0,0,0,0,0,0,0,0,0,-12000
6115,鎰勝            ,22000,34000,-12000,0,0,0,0,0,0,0,1000,1000,0,0,0,0,-12000
059531,華新科凱基9B購02,0,0,0,0,0,0,0,0,0,-13000,0,0,0,1000,14000,-13000,-13000
059638,大立光凱基99購11,0,0,0,0,0,0,0,0,0,-13000,0,0,0,0,13000,-13000,-13000
056641,華通凱基98購03  ,0,0,0,0,0,0,0,0,0,-13000,0,0,0,3000,16000,-13000,-13000
058797,大毅元大99購03  ,0,0,0,0,0,0,0,0,0,-13000,0,0,0,0,13000,-13000,-13000
058882,晶相光永豐99購01,0,0,0,0,0,0,0,0,0,-13000,0,0,0,5000,18000,-13000,-13000
059959,訊芯康和99購01  ,0,0,0,0,0,0,0,0,0,-13000,0,0,0,0,13000,-13000,-13000
059967,聯發科凱基99購20,0,0,0,0,0,0,0,0,0,-13000,0,0,0,0,13000,-13000,-13000
059332,台灣50國票9A購07,0,0,0,0,0,0,0,0,0,-13000,0,0,0,5000,18000,-13000,-13000
059688,燿華永豐99購01  ,0,0,0,0,0,0,0,0,0,-13000,0,0,0,83000,96000,-13000,-13000
059711,滬深2X元大9C購02,0,0,0,0,0,0,0,0,0,-13000,0,0,0,2000,15000,-13000,-13000
059934,華通永豐99購02  ,0,0,0,0,0,0,0,0,0,-13000,0,0,0,54000,67000,-13000,-13000
055935,創意群益97購02  ,0,0,0,0,0,0,0,0,0,-13000,0,0,0,0,13000,-13000,-13000
06300P,緯穎元大97售04  ,0,0,0,0,0,0,0,0,0,-13000,0,0,0,0,13000,-13000,-13000
056936,禾伸堂元富98購01,0,0,0,0,0,0,0,0,0,-13000,0,0,0,2000,15000,-13000,-13000
057570,技嘉永豐98購02  ,0,0,0,0,0,0,0,0,0,-13000,0,0,0,0,13000,-13000,-13000
054215,創意國票97購02  ,0,0,0,0,0,0,0,0,0,-13000,0,0,0,0,13000,-13000,-13000
054103,T50反1凱基99購04,0,0,0,0,0,0,0,0,0,-13000,0,0,0,0,13000,-13000,-13000
055568,緯穎凱基97購02  ,0,0,0,0,0,0,0,0,0,-13000,0,0,0,20000,33000,-13000,-13000
05140P,台表科國票96售01,0,0,0,0,0,0,0,0,0,-13000,0,0,0,0,13000,-13000,-13000
03675C,臺股指元大04牛02,0,0,0,0,0,0,0,0,0,-13000,0,0,0,106000,119000,-13000,-13000
047564,滬深2X國票99購01,0,0,0,0,0,0,0,0,0,-13000,0,0,0,30000,43000,-13000,-13000
3149,正達            ,11000,24000,-13000,0,0,0,0,0,0,0,0,0,0,0,0,0,-13000
2460,建通            ,0,13000,-13000,0,0,0,0,0,0,0,0,0,0,0,0,0,-13000
2359,所羅門          ,40000,54000,-14000,0,0,0,0,0,0,1000,1000,0,1000,0,0,0,-13000
07401P,台積電凱基99售21,0,0,0,0,0,0,0,0,0,-13000,0,0,0,0,13000,-13000,-13000
07452P,國巨元大9A售05  ,0,0,0,0,0,0,0,0,0,-13000,0,0,0,0,13000,-13000,-13000
1108,幸福            ,12000,25000,-13000,0,0,0,0,0,0,0,0,0,0,0,0,0,-13000
1626,艾美特-KY       ,4000,17000,-13000,0,0,0,0,0,0,0,0,0,0,0,0,0,-13000
1708,東鹼            ,45000,56000,-11000,0,0,0,0,0,0,-2000,0,2000,-2000,0,0,0,-13000
05710P,禾伸堂國票97售02,0,0,0,0,0,0,0,0,0,-14000,0,0,0,0,14000,-14000,-14000
057355,彩晶統一98購03  ,0,0,0,0,0,0,0,0,0,-14000,0,0,0,0,14000,-14000,-14000
058248,聯茂元大99購05  ,0,0,0,0,0,0,0,0,0,-14000,0,0,0,0,14000,-14000,-14000
06000P,GIS元大96售04   ,0,0,0,0,0,0,0,0,0,-14000,0,0,0,0,14000,-14000,-14000
06177P,玉晶光元大98售07,0,0,0,0,0,0,0,0,0,-14000,0,0,0,0,14000,-14000,-14000
06128P,玉晶光元富97售05,0,0,0,0,0,0,0,0,0,-14000,0,0,0,0,14000,-14000,-14000
059673,玉山金元富99購01,0,0,0,0,0,0,0,0,0,-14000,0,0,0,99000,113000,-14000,-14000
059798,臺股指國票99購21,0,0,0,0,0,0,0,0,0,-14000,0,0,0,0,14000,-14000,-14000
059823,奇力新凱基99購07,0,0,0,0,0,0,0,0,0,-14000,0,0,0,1000,15000,-14000,-14000
055901,超眾中信97購01  ,0,0,0,0,0,0,0,0,0,-14000,0,0,0,0,14000,-14000,-14000
059345,禾伸堂凱基99購03,0,0,0,0,0,0,0,0,0,-14000,0,0,0,1000,15000,-14000,-14000
059501,可成元富99購01  ,0,0,0,0,0,0,0,0,0,-14000,0,0,0,169000,183000,-14000,-14000
058873,美律國票9A購02  ,0,0,0,0,0,0,0,0,0,-14000,0,0,0,38000,52000,-14000,-14000
057819,新日興元大99購01,0,0,0,0,0,0,0,0,0,-14000,0,0,0,0,14000,-14000,-14000
057853,旺宏國票99購05  ,0,0,0,0,0,0,0,0,0,-14000,0,0,0,0,14000,-14000,-14000
059521,南電永豐99購03  ,0,0,0,0,0,0,0,0,0,-14000,0,0,0,2000,16000,-14000,-14000
00650L,FH香港正2       ,0,0,0,0,0,0,0,0,0,-14000,0,0,0,275000,289000,-14000,-14000
0055,元大MSCI金融    ,1000,1000,0,0,0,0,0,0,0,-14000,0,0,0,0,14000,-14000,-14000
04479P,同欣電中信96售02,0,0,0,0,0,0,0,0,0,-14000,0,0,0,0,14000,-14000,-14000
053721,國泰金凱基97購01,0,0,0,0,0,0,0,0,0,-14000,0,0,0,10000,24000,-14000,-14000
054416,禾伸堂元大97購01,0,0,0,0,0,0,0,0,0,-14000,0,0,0,0,14000,-14000,-14000
054530,台光電國泰97購03,0,0,0,0,0,0,0,0,0,-14000,0,0,0,20000,34000,-14000,-14000
06935P,神達元大98售02  ,0,0,0,0,0,0,0,0,0,-14000,0,0,0,0,14000,-14000,-14000
07239P,台灣50國票9A售04,0,0,0,0,0,0,0,0,0,-14000,0,0,0,3000,17000,-14000,-14000
9924,福興            ,45000,59000,-14000,0,0,0,0,0,0,0,0,0,0,0,0,0,-14000
8463,潤泰材          ,48000,62000,-14000,0,0,0,0,0,0,0,0,0,0,0,0,0,-14000
058929,可成統一9C購01  ,0,0,0,0,0,0,0,0,0,-15000,0,0,0,49000,64000,-15000,-15000
056626,同欣電永豐98購01,0,0,0,0,0,0,0,0,0,-15000,0,0,0,27000,42000,-15000,-15000
059639,大立光凱基9A購06,0,0,0,0,0,0,0,0,0,-15000,0,0,0,63000,78000,-15000,-15000
058822,樺漢國泰9B購01  ,0,0,0,0,0,0,0,0,0,-15000,0,0,0,15000,30000,-15000,-15000
059500,鴻海元富99購11  ,0,0,0,0,0,0,0,0,0,-15000,0,0,0,15000,30000,-15000,-15000
059507,鴻海永豐99購03  ,0,0,0,0,0,0,0,0,0,-15000,0,0,0,67000,82000,-15000,-15000
059979,台積電元大99購49,0,0,0,0,0,0,0,0,0,-15000,0,0,0,1000,16000,-15000,-15000
059589,國巨元大9A購02  ,0,0,0,0,0,0,0,0,0,-15000,0,0,0,19000,34000,-15000,-15000
059336,台灣50凱基9A購02,0,0,0,0,0,0,0,0,0,-15000,0,0,0,5000,20000,-15000,-15000
056375,玉晶光統一01購01,0,0,0,0,0,0,0,0,0,-15000,0,0,0,0,15000,-15000,-15000
056075,瀚宇博元大97購03,0,0,0,0,0,0,0,0,0,-15000,0,0,0,0,15000,-15000,-15000
059718,國巨元大9A購04  ,0,0,0,0,0,0,0,0,0,-15000,0,0,0,11000,26000,-15000,-15000
059752,國巨群益9B購01  ,0,0,0,0,0,0,0,0,0,-15000,0,0,0,35000,50000,-15000,-15000
059952,旺宏康和99購01  ,0,0,0,0,0,0,0,0,0,-15000,0,0,0,0,15000,-15000,-15000
06035P,同欣電凱基96售03,0,0,0,0,0,0,0,0,0,-15000,0,0,0,0,15000,-15000,-15000
06242P,大立光元富9A售02,0,0,0,0,0,0,0,0,0,-15000,0,0,0,0,15000,-15000,-15000
060192,欣興元富9A購01  ,0,0,0,0,0,0,0,0,0,-15000,0,0,0,0,15000,-15000,-15000
060155,友訊永豐9A購01  ,0,0,0,0,0,0,0,0,0,-15000,0,0,0,0,15000,-15000,-15000
060040,康控國票99購04  ,0,0,0,0,0,0,0,0,0,-15000,0,0,0,0,15000,-15000,-15000
060057,欣興凱基9B購01  ,0,0,0,0,0,0,0,0,0,-15000,0,0,0,0,15000,-15000,-15000
058334,鴻海元富99購05  ,0,0,0,0,0,0,0,0,0,-15000,0,0,0,93000,108000,-15000,-15000
058237,嘉晶元大99購04  ,0,0,0,0,0,0,0,0,0,-15000,0,0,0,0,15000,-15000,-15000
058610,欣興元大99購05  ,0,0,0,0,0,0,0,0,0,-15000,0,0,0,0,15000,-15000,-15000
057312,美律麥證98購01  ,0,0,0,10000,25000,-15000,0,0,0,-15000,0,0,0,10000,25000,-15000,-15000
057477,智邦元大98購09  ,0,0,0,0,0,0,0,0,0,-15000,0,0,0,4000,19000,-15000,-15000
054317,昇陽半凱基98購01,0,0,0,0,0,0,0,0,0,-15000,0,0,0,0,15000,-15000,-15000
059143,國巨國票9A購04  ,0,0,0,0,0,0,0,0,0,-15000,0,0,0,12000,27000,-15000,-15000
052777,燿華國票98購01  ,0,0,0,0,0,0,0,0,0,-15000,0,0,0,1000,16000,-15000,-15000
053153,大立光元大99購02,0,0,0,0,0,0,0,0,0,-15000,0,0,0,0,15000,-15000,-15000
055461,TPK永豐97購01   ,0,0,0,0,0,0,0,0,0,-15000,0,0,0,5000,20000,-15000,-15000
055433,嘉聯益群益99購01,0,0,0,0,0,0,0,0,0,-15000,0,0,0,20000,35000,-15000,-15000
053503,臻鼎兆豐97購01  ,0,0,0,0,0,0,0,0,0,-15000,0,0,0,0,15000,-15000,-15000
053536,明泰永豐96購01  ,0,0,0,0,0,0,0,0,0,-15000,0,0,0,0,15000,-15000,-15000
048385,亞德客國票94購01,0,0,0,0,0,0,0,0,0,-15000,0,0,0,0,15000,-15000,-15000
051675,瑞儀元大96購02  ,0,0,0,0,0,0,0,0,0,-15000,0,0,0,0,15000,-15000,-15000
051333,義隆永豐95購02  ,0,0,0,0,0,0,0,0,0,-15000,0,0,0,0,15000,-15000,-15000
054760,台化國票9A購01  ,0,0,0,0,0,0,0,0,0,-15000,0,0,0,0,15000,-15000,-15000
051911,大立光元大98購02,0,0,0,0,0,0,0,0,0,-15000,0,0,0,0,15000,-15000,-15000
050673,旺宏富邦96購02  ,0,0,0,0,0,0,0,0,0,-15000,0,0,0,0,15000,-15000,-15000
06853P,華擎元富98售03  ,0,0,0,0,0,0,0,0,0,-15000,0,0,0,21000,36000,-15000,-15000
07357P,鴻海元大99售38  ,0,0,0,0,0,0,0,0,0,-15000,0,0,0,0,15000,-15000,-15000
2727,王品            ,32000,47000,-15000,0,0,0,0,0,0,0,0,0,0,0,0,0,-15000
2820,華票            ,226000,244000,-18000,0,0,0,0,0,0,3000,3000,0,3000,0,0,0,-15000
3576,聯合再生        ,524000,539000,-15000,0,0,0,0,0,0,0,0,0,0,0,0,0,-15000
057332,旺宏國票99購03  ,0,0,0,0,0,0,0,0,0,-16000,0,0,0,0,16000,-16000,-16000
057201,華擎元富98購01  ,0,0,0,0,0,0,0,0,0,-16000,0,0,0,255000,271000,-16000,-16000
058406,聯茂元大99購06  ,0,0,0,0,0,0,0,0,0,-16000,0,0,0,6000,22000,-16000,-16000
058378,南電凱基99購01  ,0,0,0,0,0,0,0,0,0,-16000,0,0,0,3000,19000,-16000,-16000
060059,鴻海兆豐99購06  ,0,0,0,0,0,0,0,0,0,-16000,0,0,0,13000,29000,-16000,-16000
060004,臺指反群益9A購01,0,0,0,0,0,0,0,0,0,-16000,0,0,0,0,16000,-16000,-16000
060104,新日興元大99購03,0,0,0,0,0,0,0,0,0,-16000,0,0,0,0,16000,-16000,-16000
059929,華新科富邦9C購03,0,0,0,0,0,0,0,0,0,-16000,0,0,0,6000,22000,-16000,-16000
05976P,國巨凱基96售14  ,0,0,0,0,0,0,0,0,0,-16000,0,0,0,41000,57000,-16000,-16000
057918,旺宏凱基99購01  ,0,0,0,0,0,0,0,0,0,-16000,0,0,0,0,16000,-16000,-16000
059454,亞光永豐99購01  ,0,0,0,0,0,0,0,0,0,-16000,0,0,0,4000,20000,-16000,-16000
057670,欣興元大99購02  ,0,0,0,0,0,0,0,0,0,-16000,0,0,0,0,16000,-16000,-16000
059700,鴻海凱基9A購16  ,0,0,0,0,0,0,0,0,0,-16000,0,0,0,7000,23000,-16000,-16000
051902,T50反1元大97購01,0,0,0,0,0,0,0,0,0,-16000,0,0,0,30000,46000,-16000,-16000
049255,旺宏元大97購02  ,0,0,0,0,0,0,0,0,0,-16000,0,0,0,24000,40000,-16000,-16000
055647,義隆元富97購01  ,0,0,0,0,0,0,0,0,0,-16000,0,0,0,0,16000,-16000,-16000
2616,山隆            ,16000,32000,-16000,0,0,0,0,0,0,0,0,0,0,0,0,0,-16000
2397,友通            ,6000,22000,-16000,0,0,0,0,0,0,0,0,0,0,0,0,0,-16000
2433,互盛電          ,14000,24000,-10000,0,0,0,0,0,0,-6000,0,6000,-6000,0,0,0,-16000
07374P,鴻海元大99售41  ,0,0,0,0,0,0,0,0,0,-16000,0,0,0,0,16000,-16000,-16000
1721,三晃            ,0,17000,-17000,0,0,0,0,0,0,1000,1000,0,1000,0,0,0,-16000
07174P,臺股指國票99售11,0,0,0,0,0,0,0,0,0,-16000,0,0,0,43000,59000,-16000,-16000
07284P,大立光凱基99售10,0,0,0,0,0,0,0,0,0,-16000,0,0,0,218000,234000,-16000,-16000
07307P,上証2X凱基9A售02,0,0,0,0,0,0,0,0,0,-16000,0,0,0,0,16000,-16000,-16000
8033,雷虎            ,0,16000,-16000,0,0,0,0,0,0,0,0,0,0,0,0,0,-16000
056657,華邦電元大99購01,0,0,0,0,0,0,0,0,0,-17000,0,0,0,36000,53000,-17000,-17000
058916,SGBR2X元富99購02,0,0,0,0,0,0,0,0,0,-17000,0,0,0,0,17000,-17000,-17000
059557,台灣50凱基9C購07,0,0,0,0,0,0,0,0,0,-17000,0,0,0,0,17000,-17000,-17000
058819,華通國泰9B購01  ,0,0,0,0,0,0,0,0,0,-17000,0,0,0,64000,81000,-17000,-17000
058863,可成凱基99購02  ,0,0,0,0,0,0,0,0,0,-17000,0,0,0,55000,72000,-17000,-17000
058844,元油2X群益9C購03,0,0,0,0,0,0,0,0,0,-17000,0,0,0,0,17000,-17000,-17000
057721,華擎元富98購02  ,0,0,0,0,0,0,0,0,0,-17000,0,0,0,6000,23000,-17000,-17000
057296,智原永豐98購01  ,0,0,0,0,0,0,0,0,0,-17000,0,0,0,2000,19000,-17000,-17000
055658,南電元富97購01  ,0,0,0,0,0,0,0,0,0,-17000,0,0,0,3000,20000,-17000,-17000
054384,瀚宇博群益96購02,0,0,0,0,0,0,0,0,0,-17000,0,0,0,3000,20000,-17000,-17000
055400,緯穎統一97購01  ,0,0,0,0,0,0,0,0,0,-17000,0,0,0,0,17000,-17000,-17000
055320,建準國票98購01  ,0,0,0,0,0,0,0,0,0,-17000,0,0,0,38000,55000,-17000,-17000
055070,聯茂永豐97購01  ,0,0,0,0,0,0,0,0,0,-17000,0,0,0,0,17000,-17000,-17000
00674R,元大S&P黃金反1  ,0,0,0,0,0,0,0,0,0,-17000,0,0,0,247000,264000,-17000,-17000
1307,三芳            ,30000,47000,-17000,0,0,0,0,0,0,0,0,0,0,0,0,0,-17000
2538,基泰            ,86000,103000,-17000,0,0,0,0,0,0,0,0,0,0,0,0,0,-17000
6477,安集            ,14000,32000,-18000,0,0,0,0,0,0,1000,1000,0,1000,0,0,0,-17000
057369,奇力新元大99購05,0,0,0,0,0,0,0,0,0,-18000,0,0,0,0,18000,-18000,-18000
057433,上銀國票98購04  ,0,0,0,0,0,0,0,0,0,-18000,0,0,0,0,18000,-18000,-18000
059486,A50正2兆豐9A購01,0,0,0,0,0,0,0,0,0,-18000,0,0,0,0,18000,-18000,-18000
056163,嘉聯益凱基98購03,0,0,0,0,0,0,0,0,0,-18000,0,0,0,0,18000,-18000,-18000
059919,宏達電元大99購06,0,0,0,0,0,0,0,0,0,-18000,0,0,0,7000,25000,-18000,-18000
045842,T50反1台新98購01,0,0,0,0,0,0,0,0,0,-18000,0,0,0,10000,28000,-18000,-18000
04929P,同欣電凱基95售01,0,0,0,0,0,0,0,0,0,-18000,0,0,0,0,18000,-18000,-18000
053662,矽力凱基97購01  ,0,0,0,0,0,0,0,0,0,-18000,0,0,0,0,18000,-18000,-18000
052581,訊芯元富98購01  ,0,0,0,0,0,0,0,0,0,-18000,0,0,0,1000,19000,-18000,-18000
054212,聯詠國票97購03  ,0,0,0,0,0,0,0,0,0,-18000,0,0,0,0,18000,-18000,-18000
059144,嘉晶國票9A購02  ,0,0,0,0,0,0,0,0,0,-18000,0,0,0,0,18000,-18000,-18000
059424,SGBR2X元大9A購01,0,0,0,0,0,0,0,0,0,-18000,0,0,0,200000,218000,-18000,-18000
059267,群創中信01購02  ,0,0,0,0,0,0,0,0,0,-18000,0,0,0,0,18000,-18000,-18000
3669,圓展            ,65000,85000,-20000,0,0,0,0,0,0,2000,2000,0,2000,0,0,0,-18000
07461P,臺股指元大9B售04,0,0,0,0,0,0,0,0,0,-18000,0,0,0,0,18000,-18000,-18000
07294P,滬深2X元富9C售08,0,0,0,0,0,0,0,0,0,-18000,0,0,0,100000,118000,-18000,-18000
8103,瀚荃            ,6000,24000,-18000,0,0,0,0,0,0,0,0,0,0,0,0,0,-18000
059940,微星永豐99購01  ,0,0,0,0,0,0,0,0,0,-19000,0,0,0,0,19000,-19000,-19000
059479,國巨群益99購10  ,0,0,0,0,0,0,0,0,0,-19000,0,0,0,27000,46000,-19000,-19000
058874,聯鈞國票9A購01  ,0,0,0,0,0,0,0,0,0,-19000,0,0,0,18000,37000,-19000,-19000
057696,聯電群益9A購01  ,0,0,0,0,0,0,0,0,0,-19000,0,0,0,21000,40000,-19000,-19000
059300,國巨群益99購08  ,0,0,0,0,0,0,0,0,0,-19000,0,0,0,10000,29000,-19000,-19000
057536,康控元大99購03  ,0,0,0,0,0,0,0,0,0,-19000,0,0,0,7000,26000,-19000,-19000
06150P,奇力新元大97售06,0,0,0,0,0,0,0,0,0,-19000,0,0,0,1000,20000,-19000,-19000
060109,茂林元大99購05  ,0,0,0,0,0,0,0,0,0,-19000,0,0,0,0,19000,-19000,-19000
059234,台灣50凱基9C購03,0,0,0,0,0,0,0,0,0,-19000,0,0,0,2000,21000,-19000,-19000
059191,茂林富邦9B購01  ,0,0,0,0,0,0,0,0,0,-19000,0,0,0,204000,223000,-19000,-19000
054707,聯茂亞東97購01  ,0,0,0,0,0,0,0,0,0,-19000,0,0,0,87000,106000,-19000,-19000
055631,創意永豐98購01  ,0,0,0,0,0,0,0,0,0,-19000,0,0,0,86000,105000,-19000,-19000
053773,上銀元大96購04  ,0,0,0,0,0,0,0,0,0,-19000,0,0,0,0,19000,-19000,-19000
053593,晶技元大98購01  ,0,0,0,0,0,0,0,0,0,-19000,0,0,0,23000,42000,-19000,-19000
055403,泰鼎元富97購01  ,0,0,0,0,0,0,0,0,0,-19000,0,0,0,0,19000,-19000,-19000
055297,啟碁元大97購01  ,0,0,0,0,0,0,0,0,0,-19000,0,0,0,1000,20000,-19000,-19000
04751P,智邦兆豐95售02  ,0,0,0,0,0,0,0,0,0,-19000,0,0,0,0,19000,-19000,-19000
006206,元大上證50      ,88000,10000,78000,0,0,0,0,0,0,-97000,0,0,0,27000,124000,-97000,-19000
00753L,中信中國50正2   ,0,0,0,0,0,0,0,0,0,-19000,0,0,0,257000,276000,-19000,-19000
03555P,聯電元大02售24  ,0,0,0,0,0,0,0,0,0,-19000,0,0,0,0,19000,-19000,-19000
8497,格威傳媒        ,1000,20000,-19000,0,0,0,0,0,0,0,0,0,0,0,0,0,-19000
3607,谷崧            ,6000,22000,-16000,0,0,0,0,0,0,-3000,0,3000,-3000,0,0,0,-19000
8454,富邦媒          ,170142,281700,-111558,0,0,0,82000,0,82000,10000,13000,3000,10000,0,0,0,-19558
060070,國巨元富99購02  ,0,0,0,0,0,0,0,0,0,-20000,0,0,0,10000,30000,-20000,-20000
060053,聯發科凱基9B購02,0,0,0,0,0,0,0,0,0,-20000,0,0,0,0,20000,-20000,-20000
056867,華通麥證98購01  ,0,0,0,0,360000,-360000,0,0,0,-20000,0,0,0,340000,360000,-20000,-20000
06211P,鴻海元大98售04  ,0,0,0,0,0,0,0,0,0,-20000,0,0,0,0,20000,-20000,-20000
060123,光罩永豐99購02  ,0,0,0,0,0,0,0,0,0,-20000,0,0,0,0,20000,-20000,-20000
060118,臺指反富邦9C購01,0,0,0,0,0,0,0,0,0,-20000,0,0,0,0,20000,-20000,-20000
060111,臻鼎元大99購04  ,0,0,0,0,0,0,0,0,0,-20000,0,0,0,0,20000,-20000,-20000
060141,T50反1國票9B購02,0,0,0,0,0,0,0,0,0,-20000,0,0,0,0,20000,-20000,-20000
060189,宏達電元富9B購03,0,0,0,0,0,0,0,0,0,-20000,0,0,0,0,20000,-20000,-20000
06662P,玉晶光中信9A售01,0,0,0,0,0,0,0,0,0,-20000,0,0,0,0,20000,-20000,-20000
057473,T50反1元大98購08,0,0,0,0,0,0,0,0,0,-20000,0,0,0,0,20000,-20000,-20000
057330,台積電國票99購03,0,0,0,0,0,0,0,0,0,-20000,0,0,0,870000,890000,-20000,-20000
05720P,可成中信98售01  ,0,0,0,0,0,0,0,0,0,-20000,0,0,0,0,20000,-20000,-20000
057989,旺宏統一99購04  ,0,0,0,0,0,0,0,0,0,-20000,0,0,0,0,20000,-20000,-20000
058060,貿聯元富98購01  ,0,0,0,0,0,0,0,0,0,-20000,0,0,0,0,20000,-20000,-20000
058535,玉晶光統一9A購06,0,0,0,0,0,0,0,0,0,-20000,0,0,0,0,20000,-20000,-20000
058481,玉晶光凱基9A購04,0,0,0,0,0,0,0,0,0,-20000,0,0,0,5000,25000,-20000,-20000
057649,嘉聯益元大99購04,0,0,0,0,0,0,0,0,0,-20000,0,0,0,0,20000,-20000,-20000
056549,嘉聯益凱基98購04,0,0,0,0,0,0,0,0,0,-20000,0,0,0,50000,70000,-20000,-20000
057874,可成元大99購02  ,0,0,0,0,0,0,0,0,0,-20000,0,0,0,7000,27000,-20000,-20000
059818,鴻海凱基99購14  ,0,0,0,0,0,0,0,0,0,-20000,0,0,0,0,20000,-20000,-20000
059792,台灣50國票9A購09,0,0,0,0,0,0,0,0,0,-20000,0,0,0,0,20000,-20000,-20000
059666,台表科元大9B購01,0,0,0,0,0,0,0,0,0,-20000,0,0,0,2000,22000,-20000,-20000
056668,光磊國票99購01  ,0,0,0,0,0,0,0,0,0,-20000,0,0,0,0,20000,-20000,-20000
056744,麗豐凱基9A購01  ,0,0,0,0,0,0,0,0,0,-20000,0,0,0,0,20000,-20000,-20000
04049P,大立光元大95售02,0,0,0,0,0,0,0,0,0,-20000,0,0,0,0,20000,-20000,-20000
051653,南電永豐95購02  ,0,0,0,0,0,0,0,0,0,-20000,0,0,0,28000,48000,-20000,-20000
05152P,玉晶光群益96售05,0,0,0,0,0,0,0,0,0,-20000,0,0,0,0,20000,-20000,-20000
048122,台達電元大96購02,0,0,0,0,0,0,0,0,0,-20000,0,0,0,0,20000,-20000,-20000
048298,華通麥證94購01  ,0,0,0,0,20000,-20000,0,0,0,-20000,0,0,0,0,20000,-20000,-20000
054045,奇力新元大97購03,0,0,0,0,0,0,0,0,0,-20000,0,0,0,0,20000,-20000,-20000
055106,台積電凱基98購05,0,0,0,0,0,0,0,0,0,-20000,0,0,0,0,20000,-20000,-20000
055172,凱美統一97購02  ,0,0,0,0,0,0,0,0,0,-20000,0,0,0,0,20000,-20000,-20000
049628,臺股指群益94購01,0,0,0,0,0,0,0,0,0,-20000,0,0,0,0,20000,-20000,-20000
053270,台塑元大96購01  ,0,0,0,0,0,0,0,0,0,-20000,0,0,0,10000,30000,-20000,-20000
049235,元油2X元富96購05,0,20000,-20000,0,0,0,0,0,0,0,0,0,0,0,0,0,-20000
050500,台積電凱基94購36,0,0,0,0,0,0,0,0,0,-20000,0,0,0,0,20000,-20000,-20000
051929,GIS中信96購01   ,0,0,0,0,0,0,0,0,0,-20000,0,0,0,0,20000,-20000,-20000
050818,華新科凱基95購02,0,0,0,0,0,0,0,0,0,-20000,0,0,0,45000,65000,-20000,-20000
055407,祥碩國泰98購01  ,0,0,0,0,0,0,0,0,0,-20000,0,0,0,0,20000,-20000,-20000
055841,南亞科元大97購04,0,0,0,0,0,0,0,0,0,-20000,0,0,0,0,20000,-20000,-20000
055801,景碩永豐97購02  ,0,0,0,0,0,0,0,0,0,-20000,0,0,0,0,20000,-20000,-20000
052219,大立光日盛95購02,0,0,0,0,0,0,0,0,0,-20000,0,0,0,0,20000,-20000,-20000
052174,聯發科元大95購13,0,0,0,0,0,0,0,0,0,-20000,0,0,0,0,20000,-20000,-20000
053534,微星永豐96購02  ,0,0,0,0,0,0,0,0,0,-20000,0,0,0,0,20000,-20000,-20000
052625,南電亞東97購01  ,0,0,0,0,0,0,0,0,0,-20000,0,0,0,0,20000,-20000,-20000
053745,康友國票97購01  ,0,0,0,0,0,0,0,0,0,-20000,0,0,0,50000,70000,-20000,-20000
053111,緯創兆豐97購01  ,0,0,0,0,0,0,0,0,0,-20000,0,0,0,0,20000,-20000,-20000
052990,超眾元大97購01  ,0,0,0,0,0,0,0,0,0,-20000,0,0,0,3000,23000,-20000,-20000
052811,玉晶光台新96購03,0,0,0,0,0,0,0,0,0,-20000,0,0,0,272000,292000,-20000,-20000
052820,宏達電永豐96購01,0,0,0,0,0,0,0,0,0,-20000,0,0,0,0,20000,-20000,-20000
053905,華新科凱基96購10,0,0,0,0,0,0,0,0,0,-20000,0,0,0,0,20000,-20000,-20000
054210,台光電國票97購03,0,0,0,0,0,0,0,0,0,-20000,0,0,0,38000,58000,-20000,-20000
059240,台積電凱基9A購09,0,0,0,0,0,0,0,0,0,-20000,0,0,0,15000,35000,-20000,-20000
059227,臺股指元大99購20,0,0,0,0,0,0,0,0,0,-20000,0,0,0,0,20000,-20000,-20000
059408,台灣50國票9B購02,0,0,0,0,0,0,0,0,0,-20000,0,0,0,0,20000,-20000,-20000
059099,元油2X統一9C購01,0,0,0,0,0,0,0,0,0,-20000,0,0,0,0,20000,-20000,-20000
9938,百和            ,422000,514000,-92000,0,0,0,77000,0,77000,-5000,11000,0,11000,2000,18000,-16000,-20000
07140P,台灣50日盛99售01,0,0,0,0,0,0,0,0,0,-20000,0,0,0,0,20000,-20000,-20000
06922P,元上證群益9C售01,0,0,0,0,0,0,0,0,0,-20000,0,0,0,40000,60000,-20000,-20000
07360P,台積電元大99售46,0,0,0,0,0,0,0,0,0,-20000,0,0,0,2000,22000,-20000,-20000
1452,宏益            ,20000,40000,-20000,0,0,0,0,0,0,0,0,0,0,0,0,0,-20000
056219,T50反1日盛02購01,0,0,0,0,0,0,0,0,0,-21000,0,0,0,166000,187000,-21000,-21000
059781,A50正2元大9C購03,0,0,0,0,0,0,0,0,0,-21000,0,0,0,0,21000,-21000,-21000
057805,華通元大98購06  ,0,0,0,0,0,0,0,0,0,-21000,0,0,0,59000,80000,-21000,-21000
059571,奇力新凱基99購06,0,0,0,0,0,0,0,0,0,-21000,0,0,0,1000,22000,-21000,-21000
057763,康控凱基99購02  ,0,0,0,0,0,0,0,0,0,-21000,0,0,0,0,21000,-21000,-21000
059465,台灣50元大9C購09,0,0,0,0,0,0,0,0,0,-21000,0,0,0,0,21000,-21000,-21000
059966,台積電凱基99購19,0,0,0,0,0,0,0,0,0,-21000,0,0,0,0,21000,-21000,-21000
058390,樺漢國票9A購01  ,0,0,0,0,0,0,0,0,0,-21000,0,0,0,0,21000,-21000,-21000
060130,瀚宇博永豐99購02,0,0,0,0,0,0,0,0,0,-21000,0,0,0,66000,87000,-21000,-21000
06247P,同欣電元富97售02,0,0,0,0,0,0,0,0,0,-21000,0,0,0,0,21000,-21000,-21000
060048,元金2X凱基99購03,0,0,0,0,0,0,0,0,0,-21000,0,0,0,0,21000,-21000,-21000
054690,新興永豐97購01  ,0,0,0,0,0,0,0,0,0,-21000,0,0,0,0,21000,-21000,-21000
03434B,臺股指元大99熊10,0,0,0,0,0,0,0,0,0,-21000,0,0,0,8000,29000,-21000,-21000
1432,大魯閣          ,0,21000,-21000,0,0,0,0,0,0,0,0,0,0,0,0,0,-21000
07349P,大立光凱基99售16,0,0,0,0,0,0,0,0,0,-21000,0,0,0,5000,26000,-21000,-21000
3033,威健            ,82000,103000,-21000,0,0,0,0,0,0,0,0,0,0,0,0,0,-21000
060158,廣達永豐9A購01  ,0,0,0,0,0,0,0,0,0,-22000,0,0,0,0,22000,-22000,-22000
059359,精元永豐99購01  ,0,0,0,0,0,0,0,0,0,-22000,0,0,0,10000,32000,-22000,-22000
057878,台郡元大99購04  ,0,0,0,0,0,0,0,0,0,-22000,0,0,0,0,22000,-22000,-22000
059760,楠梓電永豐99購01,0,0,0,0,0,0,0,0,0,-22000,0,0,0,33000,55000,-22000,-22000
056191,世紀鋼統一97購01,0,0,0,0,0,0,0,0,0,-22000,0,0,0,0,22000,-22000,-22000
056271,嘉澤統一97購01  ,0,0,0,0,0,0,0,0,0,-22000,0,0,0,0,22000,-22000,-22000
051831,緯穎元大96購04  ,0,0,0,0,0,0,0,0,0,-22000,0,0,0,0,22000,-22000,-22000
051731,聯電國票96購02  ,0,0,0,0,0,0,0,0,0,-22000,0,0,0,0,22000,-22000,-22000
051888,國巨元富95購05  ,0,0,0,0,0,0,0,0,0,-22000,0,0,0,0,22000,-22000,-22000
055689,台郡凱基99購01  ,0,0,0,0,0,0,0,0,0,-22000,0,0,0,0,22000,-22000,-22000
059120,致伸永豐99購01  ,0,0,0,0,0,0,0,0,0,-22000,0,0,0,0,22000,-22000,-22000
059383,台灣50凱基99購03,0,0,0,0,0,0,0,0,0,-22000,0,0,0,36000,58000,-22000,-22000
059164,旺宏凱基99購06  ,0,0,0,0,0,0,0,0,0,-22000,0,0,0,0,22000,-22000,-22000
059288,旺宏元富99購03  ,0,0,0,0,0,0,0,0,0,-22000,0,0,0,10000,32000,-22000,-22000
052921,大成鋼永豐96購01,0,0,0,0,0,0,0,0,0,-22000,0,0,0,68000,90000,-22000,-22000
055557,華新科凱基97購01,0,0,0,0,0,0,0,0,0,-22000,0,0,0,45000,67000,-22000,-22000
05402P,台郡永豐95售02  ,0,0,0,0,0,0,0,0,0,-22000,0,0,0,1000,23000,-22000,-22000
2748,雲品            ,12000,17000,-5000,0,0,0,0,15000,-15000,-2000,0,2000,-2000,0,0,0,-22000
07400P,國巨凱基99售20  ,0,0,0,0,0,0,0,0,0,-22000,0,0,0,20000,42000,-22000,-22000
07440P,臺股指麥證9B售02,0,0,0,0,22000,-22000,0,0,0,-22000,0,0,0,0,22000,-22000,-22000
2013,中鋼構          ,44000,66000,-22000,0,0,0,0,0,0,0,0,0,0,0,0,0,-22000
07123P,鴻海元大99售23  ,0,0,0,0,0,0,0,0,0,-22000,0,0,0,0,22000,-22000,-22000
8249,菱光            ,18000,41000,-23000,0,0,0,0,0,0,1000,1000,0,1000,0,0,0,-22000
6668,中揚光          ,75000,97000,-22000,0,0,0,0,0,0,0,0,0,0,0,0,0,-22000
059722,南亞科元大99購02,0,0,0,0,0,0,0,0,0,-23000,0,0,0,2000,25000,-23000,-23000
056440,智邦凱基98購03  ,0,0,0,0,0,0,0,0,0,-23000,0,0,0,0,23000,-23000,-23000
060127,牧德永豐99購02  ,0,0,0,0,0,0,0,0,0,-23000,0,0,0,9000,32000,-23000,-23000
056817,國巨永豐98購04  ,0,0,0,0,0,0,0,0,0,-23000,0,0,0,3000,26000,-23000,-23000
057483,微星元大98購04  ,0,0,0,0,0,0,0,0,0,-23000,0,0,0,75000,98000,-23000,-23000
057523,大成鋼元大99購01,0,0,0,0,0,0,0,0,0,-23000,0,0,0,11000,34000,-23000,-23000
053496,義隆兆豐96購02  ,0,0,0,0,0,0,0,0,0,-23000,0,0,0,0,23000,-23000,-23000
052938,華新科兆豐96購01,0,0,0,0,0,0,0,0,0,-23000,0,0,0,0,23000,-23000,-23000
053129,緯穎凱基96購01  ,0,0,0,0,0,0,0,0,0,-23000,0,0,0,5000,28000,-23000,-23000
059183,T50反1台新03購02,0,0,0,0,0,0,0,0,0,-23000,0,0,0,0,23000,-23000,-23000
059113,群光永豐99購01  ,0,0,0,0,0,0,0,0,0,-23000,0,0,0,54000,77000,-23000,-23000
054567,拓凱群益98購01  ,0,0,0,0,0,0,0,0,0,-23000,0,0,0,0,23000,-23000,-23000
05423P,聯電亞東95售02  ,0,0,0,0,0,0,0,0,0,-23000,0,0,0,0,23000,-23000,-23000
046906,新光金凱基99購02,0,0,0,0,0,0,0,0,0,-23000,0,0,0,7000,30000,-23000,-23000
01004T,土銀富邦R2      ,0,23000,-23000,0,0,0,0,0,0,0,0,0,0,0,0,0,-23000
06896P,信邦中信98售01  ,0,0,0,0,0,0,0,0,0,-23000,0,0,0,0,23000,-23000,-23000
07354P,臺股指國票99售22,0,0,0,0,0,0,0,0,0,-23000,0,0,0,65000,88000,-23000,-23000
07434P,臺股指國票9A售06,0,0,0,0,0,0,0,0,0,-23000,0,0,0,0,23000,-23000,-23000
1104,環泥            ,4068000,4091000,-23000,0,0,0,0,0,0,0,0,0,0,0,0,0,-23000
6224,聚鼎            ,60000,80000,-20000,0,0,0,0,0,0,-3000,0,3000,-3000,0,0,0,-23000
057480,技嘉元大98購03  ,0,0,0,0,0,0,0,0,0,-24000,0,0,0,0,24000,-24000,-24000
057568,友訊永豐99購01  ,0,0,0,0,0,0,0,0,0,-24000,0,0,0,92000,116000,-24000,-24000
057195,南茂元大98購01  ,0,0,0,0,0,0,0,0,0,-24000,0,0,0,6000,30000,-24000,-24000
057228,友達凱基9B購01  ,0,0,0,0,0,0,0,0,0,-24000,0,0,0,13000,37000,-24000,-24000
058647,華新科永豐99購03,0,0,0,0,0,0,0,0,0,-24000,0,0,0,45000,69000,-24000,-24000
058744,FBVIX凱基9C購03 ,0,0,0,0,0,0,0,0,0,-24000,0,0,0,7000,31000,-24000,-24000
057072,日月光永豐98購01,0,0,0,0,0,0,0,0,0,-24000,0,0,0,0,24000,-24000,-24000
060183,南亞科元富9A購01,0,0,0,0,0,0,0,0,0,-24000,0,0,0,0,24000,-24000,-24000
056651,聯茂凱基98購04  ,0,0,0,0,0,0,0,0,0,-24000,0,0,0,4000,28000,-24000,-24000
059716,鴻海元大99購35  ,0,0,0,0,0,0,0,0,0,-24000,0,0,0,39000,63000,-24000,-24000
059808,創意元富99購01  ,0,0,0,0,0,0,0,0,0,-24000,0,0,0,18000,42000,-24000,-24000
055962,晶豪科元大97購02,0,0,0,0,0,0,0,0,0,-24000,0,0,0,20000,44000,-24000,-24000
00766L,台新MSCI中國正2 ,0,0,0,0,0,0,0,0,0,-24000,0,0,0,283000,307000,-24000,-24000
051458,臺股指元大95購18,0,0,0,0,0,0,0,0,0,-24000,0,0,0,101000,125000,-24000,-24000
048707,南電國票95購01  ,0,0,0,0,0,0,0,0,0,-24000,0,0,0,8000,32000,-24000,-24000
053340,建準國票97購01  ,0,0,0,0,0,0,0,0,0,-24000,0,0,0,0,24000,-24000,-24000
05921P,同欣電元大96售06,0,0,0,0,0,0,0,0,0,-24000,0,0,0,36000,60000,-24000,-24000
059298,大立光元富9C購02,0,0,0,0,0,0,0,0,0,-24000,0,0,0,13000,37000,-24000,-24000
3025,星通            ,8000,33000,-25000,0,0,0,0,0,0,1000,1000,0,1000,0,0,0,-24000
3028,增你強          ,68000,90000,-22000,0,0,0,0,0,0,-2000,0,2000,-2000,0,0,0,-24000
2010,春源            ,52000,76000,-24000,0,0,0,0,0,0,0,0,0,0,0,0,0,-24000
06888P,日月光元大98售02,0,0,0,0,0,0,0,0,0,-24000,0,0,0,41000,65000,-24000,-24000
06845P,億光元大98售02  ,0,0,0,0,0,0,0,0,0,-24000,0,0,0,1000,25000,-24000,-24000
056634,為升兆豐99購01  ,0,25000,-25000,0,0,0,0,0,0,0,0,0,0,0,0,0,-25000
057828,緯穎元大99購02  ,0,0,0,0,0,0,0,0,0,-25000,0,0,0,40000,65000,-25000,-25000
059598,欣興元大99購08  ,0,0,0,0,0,0,0,0,0,-25000,0,0,0,17000,42000,-25000,-25000
059509,奇力新永豐99購02,0,0,0,0,0,0,0,0,0,-25000,0,0,0,0,25000,-25000,-25000
060184,建準元富9A購01  ,0,0,0,0,0,0,0,0,0,-25000,0,0,0,0,25000,-25000,-25000
06674P,祥碩群益98售02  ,0,0,0,0,0,0,0,0,0,-25000,0,0,0,0,25000,-25000,-25000
06644P,亞德客元大98售03,0,0,0,0,0,0,0,0,0,-25000,0,0,0,8000,33000,-25000,-25000
058998,鴻海元大99購22  ,0,0,0,0,0,0,0,0,0,-25000,0,0,0,32000,57000,-25000,-25000
057975,台積電永豐98購05,0,0,0,0,0,0,0,0,0,-25000,0,0,0,0,25000,-25000,-25000
057421,智原凱基98購04  ,0,0,0,0,0,0,0,0,0,-25000,0,0,0,4000,29000,-25000,-25000
058017,漢唐凱基99購01  ,0,0,0,0,0,0,0,0,0,-25000,0,0,0,0,25000,-25000,-25000
059058,可成凱基9B購01  ,0,0,0,0,0,0,0,0,0,-25000,0,0,0,26000,51000,-25000,-25000
059116,晶豪科永豐99購01,0,0,0,0,0,0,0,0,0,-25000,0,0,0,29000,54000,-25000,-25000
059160,華通凱基99購03  ,0,0,0,0,0,0,0,0,0,-25000,0,0,0,20000,45000,-25000,-25000
054398,牧德永豐96購03  ,0,0,0,0,0,0,0,0,0,-25000,0,0,0,0,25000,-25000,-25000
052946,智原國票97購02  ,0,0,0,0,0,0,0,0,0,-25000,0,0,0,1000,26000,-25000,-25000
052781,瀚宇博國票97購03,0,0,0,0,0,0,0,0,0,-25000,0,0,0,1000,26000,-25000,-25000
055381,茂林元大97購02  ,0,0,0,0,0,0,0,0,0,-25000,0,0,0,8000,33000,-25000,-25000
049501,台郡元大95購01  ,0,0,0,0,0,0,0,0,0,-25000,0,0,0,60000,85000,-25000,-25000
048628,T50反1元大96購03,0,0,0,0,0,0,0,0,0,-25000,0,0,0,5000,30000,-25000,-25000
06914P,南茂元大98售03  ,0,0,0,0,0,0,0,0,0,-25000,0,0,0,0,25000,-25000,-25000
1315,達新            ,35000,60000,-25000,0,0,0,0,0,0,0,0,0,0,0,0,0,-25000
2636,台驊投控        ,17000,42000,-25000,0,0,0,0,0,0,0,0,0,0,0,0,0,-25000
2402,毅嘉            ,139000,164000,-25000,0,0,0,0,0,0,0,0,0,0,0,0,0,-25000
057543,華通凱基99購02  ,0,0,0,0,0,0,0,0,0,-26000,0,0,0,0,26000,-26000,-26000
057466,泰鼎永豐98購01  ,0,0,0,0,0,0,0,0,0,-26000,0,0,0,0,26000,-26000,-26000
058736,鈺齊永豐99購02  ,0,0,0,0,0,0,0,0,0,-26000,0,0,0,0,26000,-26000,-26000
058556,百和永豐99購01  ,0,0,0,0,0,0,0,0,0,-26000,0,0,0,0,26000,-26000,-26000
056838,旺宏元富98購01  ,0,0,0,0,0,0,0,0,0,-26000,0,0,0,98000,124000,-26000,-26000
059467,旺宏元大99購15  ,0,0,0,0,0,0,0,0,0,-26000,0,0,0,16000,42000,-26000,-26000
059493,國巨國票9B購01  ,0,0,0,0,0,0,0,0,0,-26000,0,0,0,34000,60000,-26000,-26000
059491,國巨國票9A購05  ,0,0,0,0,0,0,0,0,0,-26000,0,0,0,45000,71000,-26000,-26000
056000,佳世達永豐97購01,0,0,0,0,0,0,0,0,0,-26000,0,0,0,68000,94000,-26000,-26000
059816,聯電凱基99購03  ,0,0,0,0,0,0,0,0,0,-26000,0,0,0,3000,29000,-26000,-26000
059679,國巨國泰9B購03  ,0,0,0,0,0,0,0,0,0,-26000,0,0,0,95000,121000,-26000,-26000
056408,奇鋐國票99購01  ,0,0,0,0,0,0,0,0,0,-26000,0,0,0,0,26000,-26000,-26000
035277,景碩台新97購01  ,0,0,0,0,0,0,0,0,0,-26000,0,0,0,137000,163000,-26000,-26000
053502,智伸科兆豐97購01,0,0,0,0,0,0,0,0,0,-26000,0,0,0,118000,144000,-26000,-26000
053103,瀚宇博元富96購01,0,0,0,0,0,0,0,0,0,-26000,0,0,0,1000,27000,-26000,-26000
054427,潤泰全富邦97購01,0,0,0,0,0,0,0,0,0,-26000,0,0,0,4000,30000,-26000,-26000
2612,中航            ,46000,72000,-26000,0,0,0,0,0,0,0,0,0,0,0,0,0,-26000
4763,材料-KY         ,32000,31000,1000,0,0,0,0,0,0,-27000,2000,29000,-27000,0,0,0,-26000
06836P,玉晶光國票99售06,0,0,0,0,0,0,0,0,0,-26000,0,0,0,149000,175000,-26000,-26000
07094P,華通國票9A售03  ,0,0,0,0,0,0,0,0,0,-26000,0,0,0,10000,36000,-26000,-26000
056203,興富發永豐97購01,0,0,0,0,0,0,0,0,0,-27000,0,0,0,0,27000,-27000,-27000
055909,大成鋼凱基98購02,0,0,0,0,0,0,0,0,0,-27000,0,0,0,27000,54000,-27000,-27000
059702,台積電凱基9A購14,0,0,0,0,0,0,0,0,0,-27000,0,0,0,76000,103000,-27000,-27000
059577,旺宏元富99購04  ,0,0,0,0,0,0,0,0,0,-27000,0,0,0,9000,36000,-27000,-27000
06185P,台表科元大97售05,0,0,0,0,0,0,0,0,0,-27000,0,0,0,2000,29000,-27000,-27000
054253,宏達電元大97購03,0,0,0,0,0,0,0,0,0,-27000,0,0,0,5000,32000,-27000,-27000
05394P,聯詠中信95售02  ,0,0,0,0,0,0,0,0,0,-27000,0,0,0,266000,293000,-27000,-27000
055349,京元電凱基97購02,0,0,0,0,0,0,0,0,0,-27000,0,0,0,21000,48000,-27000,-27000
055776,宏達電凱基98購02,0,0,0,0,0,0,0,0,0,-27000,0,0,0,22000,49000,-27000,-27000
050184,信邦元大94購01  ,0,0,0,0,0,0,0,0,0,-27000,0,0,0,0,27000,-27000,-27000
06921P,台光電凱基98售06,0,0,0,0,0,0,0,0,0,-27000,0,0,0,0,27000,-27000,-27000
06889P,臺股指元大98售13,0,0,0,0,0,0,0,0,0,-27000,0,0,0,10000,37000,-27000,-27000
07408P,台積電兆豐99售06,0,0,0,0,0,0,0,0,0,-27000,0,0,0,0,27000,-27000,-27000
2597,潤弘            ,5000,28000,-23000,0,0,0,0,0,0,-4000,0,4000,-4000,0,0,0,-27000
058691,友訊國票9A購01  ,0,0,0,0,0,0,0,0,0,-28000,0,0,0,42000,70000,-28000,-28000
058096,南電元大98購04  ,0,0,0,0,0,0,0,0,0,-28000,0,0,0,3000,31000,-28000,-28000
057499,奇鋐群益98購01  ,0,0,0,0,0,0,0,0,0,-28000,0,0,0,0,28000,-28000,-28000
059625,國巨凱基99購17  ,0,0,0,0,0,0,0,0,0,-28000,0,0,0,44000,72000,-28000,-28000
059923,緯穎元大99購09  ,0,0,0,0,0,0,0,0,0,-28000,0,0,0,10000,38000,-28000,-28000
059885,台積電國票99購12,0,0,0,0,0,0,0,0,0,-28000,0,0,0,15000,43000,-28000,-28000
059843,華新科富邦9B購03,0,0,0,0,0,0,0,0,0,-28000,0,0,0,40000,68000,-28000,-28000
059817,華通凱基99購05  ,0,0,0,0,0,0,0,0,0,-28000,0,0,0,5000,33000,-28000,-28000
051003,中環中信97購01  ,0,0,0,0,0,0,0,0,0,-28000,0,0,0,0,28000,-28000,-28000
053347,茂林國票98購01  ,0,0,0,0,0,0,0,0,0,-28000,0,0,0,7000,35000,-28000,-28000
055459,建準永豐97購03  ,0,0,0,0,0,0,0,0,0,-28000,0,0,0,10000,38000,-28000,-28000
054420,緯穎元大96購08  ,0,0,0,0,0,0,0,0,0,-28000,0,0,0,31000,59000,-28000,-28000
059107,南茂國泰9A購01  ,0,0,0,0,0,0,0,0,0,-28000,0,0,0,25000,53000,-28000,-28000
05920P,力成元大96售04  ,0,0,0,0,0,0,0,0,0,-28000,0,0,0,0,28000,-28000,-28000
4164,承業醫          ,56000,86000,-30000,0,0,0,0,0,0,2000,3000,1000,2000,0,0,0,-28000
2020,美亞            ,15000,44000,-29000,0,0,0,0,0,0,1000,1000,0,1000,0,0,0,-28000
1808,潤隆            ,81000,93000,-12000,0,0,0,0,0,0,-16000,0,16000,-16000,0,0,0,-28000
9911,櫻花            ,207000,240000,-33000,0,0,0,0,0,0,5000,5000,0,5000,0,0,0,-28000
056684,旺宏統一98購02  ,0,0,0,0,0,0,0,0,0,-29000,0,0,0,0,29000,-29000,-29000
058977,SGBR2X凱基03購01,0,0,0,0,0,0,0,0,0,-29000,0,0,0,30000,59000,-29000,-29000
057812,友達元大9A購05  ,0,0,0,0,0,0,0,0,0,-29000,0,0,0,6000,35000,-29000,-29000
059517,茂林永豐99購02  ,0,0,0,0,0,0,0,0,0,-29000,0,0,0,25000,54000,-29000,-29000
059339,上銀凱基99購06  ,0,0,0,0,0,0,0,0,0,-29000,0,0,0,10000,39000,-29000,-29000
058473,上銀凱基9A購03  ,0,0,0,0,0,0,0,0,0,-29000,0,0,0,0,29000,-29000,-29000
059195,國巨永豐99購04  ,0,0,0,0,0,0,0,0,0,-29000,0,0,0,5000,34000,-29000,-29000
054872,瀚宇博群益98購01,0,0,0,0,0,0,0,0,0,-29000,0,0,0,1000,30000,-29000,-29000
04949P,致新元大94售04  ,0,0,0,0,0,0,0,0,0,-29000,0,0,0,0,29000,-29000,-29000
00733,富邦臺灣中小    ,0,0,0,0,0,0,0,0,0,-29000,0,0,0,206000,235000,-29000,-29000
9917,中保科          ,42000,70000,-28000,0,0,0,0,0,0,-1000,0,1000,-1000,0,0,0,-29000
8480,泰昇-KY         ,17000,46000,-29000,0,0,0,0,0,0,0,0,0,0,0,0,0,-29000
06821P,臺股指元富98售10,0,0,0,0,0,0,0,0,0,-29000,0,0,0,55000,84000,-29000,-29000
06937P,GIS元大98售03   ,0,0,0,0,0,0,0,0,0,-29000,0,0,0,0,29000,-29000,-29000
2493,揚博            ,90000,119000,-29000,0,0,0,0,0,0,0,0,0,0,0,0,0,-29000
2436,偉詮電          ,525000,553000,-28000,0,0,0,0,0,0,-1000,0,1000,-1000,0,0,0,-29000
5907,大洋-KY         ,22000,63238,-41238,0,0,0,0,0,0,12000,12000,0,12000,0,0,0,-29238
5288,豐祥-KY         ,70000,79979,-9979,0,0,0,0,20000,-20000,0,0,0,0,0,0,0,-29979
058077,超眾凱基98購02  ,0,0,0,0,0,0,0,0,0,-30000,0,0,0,1000,31000,-30000,-30000
058337,日月光元富99購01,0,0,0,0,0,0,0,0,0,-30000,0,0,0,0,30000,-30000,-30000
058735,南茂永豐99購01  ,0,0,0,0,0,0,0,0,0,-30000,0,0,0,20000,50000,-30000,-30000
058270,上緯控永豐99購01,0,0,0,0,0,0,0,0,0,-30000,0,0,0,0,30000,-30000,-30000
058986,華新科凱基9A購03,0,0,0,0,0,0,0,0,0,-30000,0,0,0,69000,99000,-30000,-30000
057394,台積電中信9C購02,0,0,0,0,0,0,0,0,0,-30000,0,0,0,0,30000,-30000,-30000
057230,建準凱基98購02  ,0,0,0,0,0,0,0,0,0,-30000,0,0,0,10000,40000,-30000,-30000
06196P,元上證元大97售01,0,0,0,0,0,0,0,0,0,-30000,0,0,0,20000,50000,-30000,-30000
060257,臺股指元大9B購08,0,0,0,0,0,0,0,0,0,-30000,0,0,0,0,30000,-30000,-30000
06737P,台郡凱基98售07  ,0,0,0,0,0,0,0,0,0,-30000,0,0,0,0,30000,-30000,-30000
06448P,華通元大99售01  ,0,0,0,0,0,0,0,0,0,-30000,0,0,0,0,30000,-30000,-30000
056845,揚明光元富98購01,0,0,0,0,0,0,0,0,0,-30000,0,0,0,0,30000,-30000,-30000
056881,台灣50康和9A購01,0,0,0,0,0,0,0,0,0,-30000,0,0,0,0,30000,-30000,-30000
057017,和大凱基98購01  ,0,0,0,0,0,0,0,0,0,-30000,0,0,0,53000,83000,-30000,-30000
056959,鴻海永豐98購03  ,0,0,0,0,0,0,0,0,0,-30000,0,0,0,0,30000,-30000,-30000
060092,瑞昱元大99購03  ,0,0,0,0,0,0,0,0,0,-30000,0,0,0,40000,70000,-30000,-30000
060083,和大元大99購02  ,0,0,0,0,0,0,0,0,0,-30000,0,0,0,20000,50000,-30000,-30000
059962,S&P正2凱基99購02,0,0,0,0,0,0,0,0,0,-30000,0,0,0,0,30000,-30000,-30000
057792,群創統一99購01  ,0,0,0,0,0,0,0,0,0,-30000,0,0,0,0,30000,-30000,-30000
056365,欣興元大98購01  ,0,0,0,0,0,0,0,0,0,-30000,0,0,0,0,30000,-30000,-30000
056047,台積電兆豐97購02,0,0,0,0,0,0,0,0,0,-30000,0,0,0,620000,650000,-30000,-30000
059735,T50反1元富99購06,0,0,0,0,0,0,0,0,0,-30000,0,0,0,10000,40000,-30000,-30000
059886,可成國票99購04  ,0,0,0,0,0,0,0,0,0,-30000,0,0,0,16000,46000,-30000,-30000
055955,微星元大97購01  ,0,0,0,0,0,0,0,0,0,-30000,0,0,0,18000,48000,-30000,-30000
04792P,智邦元大94售06  ,0,0,0,0,0,0,0,0,0,-30000,0,0,0,0,30000,-30000,-30000
04250P,嘉晶統一95售02  ,0,0,0,0,0,0,0,0,0,-30000,0,0,0,0,30000,-30000,-30000
048681,漢唐富邦96購01  ,0,0,0,0,0,0,0,0,0,-30000,0,0,0,0,30000,-30000,-30000
050327,泰鼎永豐94購03  ,0,0,0,0,0,0,0,0,0,-30000,0,0,0,0,30000,-30000,-30000
051222,世紀鋼元富95購01,0,0,0,0,0,0,0,0,0,-30000,0,0,0,0,30000,-30000,-30000
05194P,玉晶光康和95售01,0,0,0,0,0,0,0,0,0,-30000,0,0,0,30000,60000,-30000,-30000
05089P,亞德客元大95售01,0,0,0,0,0,0,0,0,0,-30000,0,0,0,0,30000,-30000,-30000
055162,新唐元大97購01  ,0,0,0,0,0,0,0,0,0,-30000,0,0,0,20000,50000,-30000,-30000
04971P,矽力元富94售02  ,0,0,0,0,0,0,0,0,0,-30000,0,0,0,0,30000,-30000,-30000
059178,臺股指凱基99購30,0,0,0,0,0,0,0,0,0,-30000,0,0,0,0,30000,-30000,-30000
059189,國泰金富邦9B購01,0,0,0,0,0,0,0,0,0,-30000,0,0,0,0,30000,-30000,-30000
059118,晶技永豐9A購01  ,0,0,0,0,0,0,0,0,0,-30000,0,0,0,0,30000,-30000,-30000
054721,揚明光永豐97購03,0,0,0,0,0,0,0,0,0,-30000,0,0,0,0,30000,-30000,-30000
054393,漢唐永豐96購01  ,0,0,0,0,0,0,0,0,0,-30000,0,0,0,0,30000,-30000,-30000
055772,致茂凱基97購01  ,0,0,0,0,0,0,0,0,0,-30000,0,0,0,0,30000,-30000,-30000
055318,華通國票98購01  ,0,0,0,0,0,0,0,0,0,-30000,0,0,0,0,30000,-30000,-30000
054075,GIS富邦97購02   ,0,0,0,0,0,0,0,0,0,-30000,0,0,0,0,30000,-30000,-30000
055558,大立光凱基97購08,0,0,0,0,0,0,0,0,0,-30000,0,0,0,0,30000,-30000,-30000
055525,國巨群益98購05  ,0,0,0,0,0,0,0,0,0,-30000,0,0,0,8000,38000,-30000,-30000
2109,華豐            ,0,30000,-30000,0,0,0,0,0,0,0,0,0,0,0,0,0,-30000
06753P,智邦富邦98售03  ,0,0,0,0,0,0,0,0,0,-30000,0,0,0,0,30000,-30000,-30000
07340P,鴻海凱基99售15  ,0,0,0,0,0,0,0,0,0,-30000,0,0,0,10000,40000,-30000,-30000
1503,士電            ,11000,41000,-30000,0,0,0,0,0,0,0,0,0,0,0,0,0,-30000
9914,美利達          ,328000,416000,-88000,0,0,0,60000,0,60000,-2000,0,2000,-2000,0,0,0,-30000
059771,台積電群益99購11,0,0,0,0,0,0,0,0,0,-31000,0,0,0,7000,38000,-31000,-31000
059626,台積電凱基01購01,0,0,0,0,0,0,0,0,0,-31000,0,0,0,8000,39000,-31000,-31000
060049,華通凱基99購06  ,0,0,0,0,0,0,0,0,0,-31000,0,0,0,0,31000,-31000,-31000
059450,和大永豐99購01  ,0,0,0,0,0,0,0,0,0,-31000,0,0,0,0,31000,-31000,-31000
06584P,欣興凱基98售03  ,0,0,0,0,0,0,0,0,0,-31000,0,0,0,0,31000,-31000,-31000
057452,新日興元富98購01,0,0,0,0,0,0,0,0,0,-31000,0,0,0,0,31000,-31000,-31000
058993,滬深反元大9C購01,0,0,0,0,0,0,0,0,0,-31000,0,0,0,0,31000,-31000,-31000
052647,晶技永豐97購01  ,0,0,0,0,0,0,0,0,0,-31000,0,0,0,0,31000,-31000,-31000
053516,茂林群益96購05  ,0,0,0,0,0,0,0,0,0,-31000,0,0,0,83000,114000,-31000,-31000
055687,瀚宇博凱基97購01,0,0,0,0,0,0,0,0,0,-31000,0,0,0,0,31000,-31000,-31000
050169,臺指反元大97購01,0,0,0,0,0,0,0,0,0,-31000,0,0,0,0,31000,-31000,-31000
051555,聯茂永豐95購01  ,0,0,0,0,0,0,0,0,0,-31000,0,0,0,0,31000,-31000,-31000
00686R,群益臺灣加權反1 ,0,0,0,0,0,0,0,0,0,-31000,0,0,0,459000,490000,-31000,-31000
8163,達方            ,218000,246000,-28000,0,0,0,0,0,0,-3000,6000,9000,-3000,0,0,0,-31000
07310P,大立光凱基99售12,0,0,0,0,0,0,0,0,0,-31000,0,0,0,10000,41000,-31000,-31000
06748P,智邦台新98售02  ,0,0,0,0,0,0,0,0,0,-31000,0,0,0,0,31000,-31000,-31000
4994,傳奇            ,85000,108000,-23000,0,0,0,0,0,0,-8000,0,8000,-8000,0,0,0,-31000
058069,美律凱基99購05  ,0,0,0,0,0,0,0,0,0,-32000,0,0,0,0,32000,-32000,-32000
058082,美律群益98購05  ,0,0,0,0,0,0,0,0,0,-32000,0,0,0,0,32000,-32000,-32000
06059P,泰碩元大97售02  ,0,0,0,0,0,0,0,0,0,-32000,0,0,0,0,32000,-32000,-32000
058311,緯穎元大99購05  ,0,0,0,0,0,0,0,0,0,-32000,0,0,0,6000,38000,-32000,-32000
060071,國巨元富99購03  ,0,0,0,0,0,0,0,0,0,-32000,0,0,0,0,32000,-32000,-32000
059784,台光電元大9A購01,0,0,0,0,0,0,0,0,0,-32000,0,0,0,1000,33000,-32000,-32000
059709,上証2X元大9C購01,0,0,0,0,0,0,0,0,0,-32000,0,0,0,0,32000,-32000,-32000
056535,全新凱基99購02  ,0,0,0,0,0,0,0,0,0,-32000,0,0,0,0,32000,-32000,-32000
059972,S&P正2元大99購03,0,0,0,0,0,0,0,0,0,-32000,0,0,0,5000,37000,-32000,-32000
059306,台灣50元大99購03,0,0,0,0,0,0,0,0,0,-32000,0,0,0,0,32000,-32000,-32000
056486,樺漢元大98購04  ,0,0,0,0,0,0,0,0,0,-32000,0,0,0,10000,42000,-32000,-32000
055291,京鼎元大97購02  ,0,0,0,0,0,0,0,0,0,-32000,0,0,0,54000,86000,-32000,-32000
052529,力成元大95購03  ,0,0,0,0,0,0,0,0,0,-32000,0,0,0,0,32000,-32000,-32000
059295,大立光元富99購05,0,0,0,0,0,0,0,0,0,-32000,0,0,0,112000,144000,-32000,-32000
054111,緯穎凱基97購01  ,0,0,0,0,0,0,0,0,0,-32000,0,0,0,7000,39000,-32000,-32000
055357,欣興凱基97購04  ,0,0,0,0,0,0,0,0,0,-32000,0,0,0,49000,81000,-32000,-32000
052561,矽創國票97購01  ,0,0,0,0,0,0,0,0,0,-32000,0,0,0,6000,38000,-32000,-32000
2107,厚生            ,86000,118000,-32000,0,0,0,0,0,0,0,0,0,0,0,0,0,-32000
07050P,宏達電中信9B售01,0,0,0,0,0,0,0,0,0,-32000,0,0,0,0,32000,-32000,-32000
00700,富邦恒生國企    ,0,0,0,0,0,0,0,0,0,-32954,0,0,0,80046,113000,-32954,-32954
056484,聯茂元大98購02  ,0,0,0,0,0,0,0,0,0,-33000,0,0,0,0,33000,-33000,-33000
058775,台積電國票9A購02,0,0,0,0,0,0,0,0,0,-33000,0,0,0,67000,100000,-33000,-33000
058847,國巨群益99購05  ,0,0,0,0,0,0,0,0,0,-33000,0,0,0,155000,188000,-33000,-33000
059427,國巨元大99購24  ,0,0,0,0,0,0,0,0,0,-33000,0,0,0,20000,53000,-33000,-33000
058145,聯茂元大99購03  ,0,0,0,0,0,0,0,0,0,-33000,0,0,0,0,33000,-33000,-33000
058141,嘉聯益元大99購05,0,0,0,0,0,0,0,0,0,-33000,0,0,0,0,33000,-33000,-33000
058091,欣興元大99購03  ,0,0,0,0,0,0,0,0,0,-33000,0,0,0,0,33000,-33000,-33000
058467,日月光中信9A購01,0,0,0,0,0,0,0,0,0,-33000,0,0,0,0,33000,-33000,-33000
057163,上銀元大98購04  ,0,0,0,0,0,0,0,0,0,-33000,0,0,0,0,33000,-33000,-33000
00656R,國泰中國A50反1  ,0,19000,-19000,0,0,0,0,0,0,-14000,0,0,0,61000,75000,-14000,-33000
04177P,富邦金元大94售01,0,0,0,0,0,0,0,0,0,-33000,0,0,0,0,33000,-33000,-33000
055566,台表科凱基97購03,0,0,0,0,0,0,0,0,0,-33000,0,0,0,0,33000,-33000,-33000
06936P,瑞儀元大98售01  ,0,0,0,0,0,0,0,0,0,-33000,0,0,0,5000,38000,-33000,-33000
5234,達興材料        ,46000,79000,-33000,0,0,0,0,0,0,0,0,0,0,0,0,0,-33000
4551,智伸科          ,86000,120000,-34000,0,0,0,0,2000,-2000,3000,6000,4000,2000,1000,0,1000,-33000
058605,華邦電元大99購04,0,0,0,0,0,0,0,0,0,-34000,0,0,0,0,34000,-34000,-34000
059914,台積電元大99購47,0,0,0,0,0,0,0,0,0,-34000,0,0,0,1000,35000,-34000,-34000
059453,奇力新永豐99購01,0,0,0,0,0,0,0,0,0,-34000,0,0,0,2000,36000,-34000,-34000
04831P,聯詠富邦96售01  ,0,0,0,0,0,0,0,0,0,-34000,0,0,0,30000,64000,-34000,-34000
07311P,台灣50元大99售09,0,0,0,0,0,0,0,0,0,-34000,0,0,0,40000,74000,-34000,-34000
1531,高林股          ,8000,38000,-30000,0,0,0,0,0,0,-4000,0,4000,-4000,0,0,0,-34000
059928,道瓊銀富邦03購01,0,0,0,0,0,0,0,0,0,-35000,0,0,0,6000,41000,-35000,-35000
059791,超眾元大99購06  ,0,0,0,0,0,0,0,0,0,-35000,0,0,0,0,35000,-35000,-35000
056124,華通國票98購02  ,0,0,0,0,0,0,0,0,0,-35000,0,0,0,0,35000,-35000,-35000
058550,南亞科永豐99購01,0,0,0,0,0,0,0,0,0,-35000,0,0,0,0,35000,-35000,-35000
058043,鴻海元大98購13  ,0,0,0,0,0,0,0,0,0,-35000,0,0,0,22000,57000,-35000,-35000
057557,聯茂凱基99購04  ,0,0,0,0,0,0,0,0,0,-35000,0,0,0,0,35000,-35000,-35000
06641P,智邦兆豐99售01  ,0,0,0,0,0,0,0,0,0,-35000,0,0,0,1000,36000,-35000,-35000
051600,新日興兆豐96購02,0,0,0,0,0,0,0,0,0,-35000,0,0,0,0,35000,-35000,-35000
054751,GIS凱基98購01   ,0,0,0,0,0,0,0,0,0,-35000,0,0,0,0,35000,-35000,-35000
053337,聯電國票97購01  ,0,0,0,0,0,0,0,0,0,-35000,0,0,0,38000,73000,-35000,-35000
055627,亞德客永豐97購02,0,0,0,0,0,0,0,0,0,-35000,0,0,0,0,35000,-35000,-35000
055469,台光電凱基97購01,0,0,0,0,0,0,0,0,0,-35000,0,0,0,3000,38000,-35000,-35000
053195,玉晶光元富96購02,0,0,0,0,0,0,0,0,0,-35000,0,0,0,0,35000,-35000,-35000
053950,緯穎富邦97購02  ,0,0,0,0,0,0,0,0,0,-35000,0,0,0,4000,39000,-35000,-35000
054609,正崴永豐97購01  ,0,0,0,0,0,0,0,0,0,-35000,0,0,0,0,35000,-35000,-35000
07257P,臺股指凱基99售37,0,0,0,0,0,0,0,0,0,-35000,0,0,0,237000,272000,-35000,-35000
3501,維熹            ,17000,50000,-33000,0,0,0,0,0,0,-2000,0,2000,-2000,0,0,0,-35000
3057,喬鼎            ,2000,37000,-35000,0,0,0,0,0,0,0,0,0,0,0,0,0,-35000
5519,隆大            ,158000,193000,-35000,0,0,0,0,0,0,0,0,0,0,0,0,0,-35000
058167,鴻海凱基9A購03  ,0,0,0,0,0,0,0,0,0,-36000,0,0,0,41000,77000,-36000,-36000
058966,元油2X日盛99購03,0,0,0,0,0,0,0,0,0,-36000,0,0,0,39000,75000,-36000,-36000
059699,華通凱基99購04  ,0,0,0,0,0,0,0,0,0,-36000,0,0,0,0,36000,-36000,-36000
057827,康友元大98購03  ,0,0,0,0,0,0,0,0,0,-36000,0,0,0,0,36000,-36000,-36000
054523,GIS元大96購05   ,0,0,0,0,0,0,0,0,0,-36000,0,0,0,0,36000,-36000,-36000
055589,台光電元大98購04,0,0,0,0,0,0,0,0,0,-36000,0,0,0,1000,37000,-36000,-36000
055468,智邦凱基97購04  ,0,0,0,0,0,0,0,0,0,-36000,0,0,0,50000,86000,-36000,-36000
050420,鴻海凱基95購03  ,0,0,0,0,0,0,0,0,0,-36000,0,0,0,85000,121000,-36000,-36000
046942,友達元大99購01  ,0,0,0,0,0,0,0,0,0,-36000,0,0,0,357000,393000,-36000,-36000
4555,氣立            ,11000,47000,-36000,0,0,0,0,0,0,0,0,0,0,0,0,0,-36000
057875,京鼎元大98購03  ,0,0,0,0,0,0,0,0,0,-37000,0,0,0,0,37000,-37000,-37000
059588,鴻海元大99購32  ,0,0,0,0,0,0,0,0,0,-37000,0,0,0,26000,63000,-37000,-37000
059539,緯穎凱基99購03  ,0,0,0,0,0,0,0,0,0,-37000,0,0,0,5000,42000,-37000,-37000
06051P,嘉聯益國票97售04,0,0,0,0,0,0,0,0,0,-37000,0,0,0,0,37000,-37000,-37000
057976,旺宏永豐98購03  ,0,0,0,0,0,0,0,0,0,-37000,0,0,0,10000,47000,-37000,-37000
058264,瑞昱永豐99購01  ,0,0,0,0,0,0,0,0,0,-37000,0,0,0,0,37000,-37000,-37000
03678C,臺股指凱基01牛02,0,0,0,0,0,0,0,0,0,-37000,0,0,0,0,37000,-37000,-37000
055812,台積電國票99購02,0,0,0,0,0,0,0,0,0,-37000,0,0,0,1112000,1149000,-37000,-37000
05551P,電子類元大96售01,0,0,0,0,0,0,0,0,0,-37000,0,0,0,0,37000,-37000,-37000
053984,康友元大96購05  ,0,0,0,0,0,0,0,0,0,-37000,0,0,0,0,37000,-37000,-37000
059297,大立光元富9C購01,0,0,0,0,0,0,0,0,0,-37000,0,0,0,32000,69000,-37000,-37000
06851P,鈺齊元大98售01  ,0,0,0,0,0,0,0,0,0,-37000,0,0,0,9000,46000,-37000,-37000
6670,復盛應用        ,50000,87000,-37000,0,0,0,0,0,0,0,0,0,0,0,0,0,-37000
6192,巨路            ,16994,50000,-33006,0,0,0,0,0,0,-4000,0,4000,-4000,0,0,0,-37006
056898,全新元大98購02  ,0,0,0,0,0,0,0,0,0,-38000,0,0,0,0,38000,-38000,-38000
056576,晶技元大99購02  ,0,0,0,0,0,0,0,0,0,-38000,0,0,0,0,38000,-38000,-38000
059072,元油2X元大9C購13,0,0,0,0,0,0,0,0,0,-38000,0,0,0,5000,43000,-38000,-38000
059096,百和元大99購04  ,0,0,0,0,0,0,0,0,0,-38000,0,0,0,0,38000,-38000,-38000
050573,光寶科國票94購01,0,0,0,0,0,0,0,0,0,-38000,0,0,0,0,38000,-38000,-38000
050574,微星國票94購01  ,0,0,0,0,0,0,0,0,0,-38000,0,0,0,0,38000,-38000,-38000
050575,南亞科國票94購01,0,0,0,0,0,0,0,0,0,-38000,0,0,0,0,38000,-38000,-38000
04923P,GIS凱基94售06   ,0,0,0,0,0,0,0,0,0,-38000,0,0,0,0,38000,-38000,-38000
2524,京城            ,47000,98000,-51000,0,0,0,0,0,0,13000,14000,1000,13000,0,0,0,-38000
07014P,華通元大99售04  ,0,0,0,0,0,0,0,0,0,-38000,0,0,0,42000,80000,-38000,-38000
059346,新日興凱基99購03,0,0,0,0,0,0,0,0,0,-39000,0,0,0,33000,72000,-39000,-39000
056776,聯茂元大99購01  ,0,0,0,0,0,0,0,0,0,-39000,0,0,0,13000,52000,-39000,-39000
059924,世紀鋼元大99購06,0,0,0,0,0,0,0,0,0,-39000,0,0,0,31000,70000,-39000,-39000
058308,全新元大9B購01  ,0,0,0,0,0,0,0,0,0,-39000,0,0,0,0,39000,-39000,-39000
058301,元油2X元大99購10,0,0,0,0,0,0,0,0,0,-39000,0,0,0,3000,42000,-39000,-39000
06234P,亞德客元大97售02,0,0,0,0,0,0,0,0,0,-39000,0,0,0,39000,78000,-39000,-39000
06656P,GIS元大98售02   ,0,0,0,0,0,0,0,0,0,-39000,0,0,0,0,39000,-39000,-39000
04116P,京元電元大94售02,0,0,0,0,0,0,0,0,0,-39000,0,0,0,0,39000,-39000,-39000
059097,世紀鋼元大99購05,0,0,0,0,0,0,0,0,0,-39000,0,0,0,21000,60000,-39000,-39000
052727,仁寶元富96購01  ,0,0,0,0,0,0,0,0,0,-39000,0,0,0,210000,249000,-39000,-39000
052908,大成鋼統一96購01,0,0,0,0,0,0,0,0,0,-39000,0,0,0,0,39000,-39000,-39000
2233,宇隆            ,26000,65000,-39000,0,0,0,0,0,0,0,0,0,0,0,0,0,-39000
2365,昆盈            ,80000,119000,-39000,0,0,0,0,0,0,0,0,0,0,0,0,0,-39000
06684P,緯穎元大98售06  ,0,0,0,0,0,0,0,0,0,-40000,0,0,0,10000,50000,-40000,-40000
060197,臻鼎元富9A購02  ,0,0,0,0,0,0,0,0,0,-40000,0,0,0,0,40000,-40000,-40000
060167,禾聯碩永豐9A購01,0,0,0,0,0,0,0,0,0,-40000,0,0,0,0,40000,-40000,-40000
060151,旺宏富邦9A購02  ,0,0,0,0,0,0,0,0,0,-40000,0,0,0,30000,70000,-40000,-40000
059004,嘉晶元大99購05  ,0,0,0,0,0,0,0,0,0,-40000,0,0,0,3000,43000,-40000,-40000
057074,立積永豐98購01  ,0,0,0,0,0,0,0,0,0,-40000,0,0,0,86000,126000,-40000,-40000
060100,新光金元大9C購01,0,0,0,0,0,0,0,0,0,-40000,0,0,0,20000,60000,-40000,-40000
060051,台積電凱基9B購01,0,0,0,0,0,0,0,0,0,-40000,0,0,0,0,40000,-40000,-40000
057972,群創富邦9C購01  ,0,0,0,0,0,0,0,0,0,-40000,0,0,0,204000,244000,-40000,-40000
059922,大立光元大99購25,0,0,0,0,0,0,0,0,0,-40000,0,0,0,2000,42000,-40000,-40000
059767,矽力永豐99購01  ,0,0,0,0,0,0,0,0,0,-40000,0,0,0,0,40000,-40000,-40000
055856,新唐元大97購03  ,0,0,0,0,0,0,0,0,0,-40000,0,0,0,50000,90000,-40000,-40000
056032,勤誠康和97購03  ,0,0,0,0,0,0,0,0,0,-40000,0,0,0,0,40000,-40000,-40000
056515,燿華兆豐99購01  ,0,0,0,0,0,0,0,0,0,-40000,0,0,0,0,40000,-40000,-40000
058802,矽創元大99購02  ,0,0,0,0,0,0,0,0,0,-40000,0,0,0,1000,41000,-40000,-40000
058772,茂林兆豐9A購01  ,0,0,0,0,0,0,0,0,0,-40000,0,0,0,1000,41000,-40000,-40000
058957,貿聯國票9A購01  ,0,0,0,0,0,0,0,0,0,-40000,0,0,0,0,40000,-40000,-40000
058897,國巨元大99購17  ,0,0,0,0,0,0,0,0,0,-40000,0,0,0,0,40000,-40000,-40000
059696,立積永豐99購03  ,0,0,0,0,0,0,0,0,0,-40000,0,0,0,119000,159000,-40000,-40000
052885,高鐵兆豐98購01  ,0,0,0,0,0,0,0,0,0,-40000,0,0,0,104000,144000,-40000,-40000
052756,國巨群益96購02  ,0,0,0,0,0,0,0,0,0,-40000,0,0,0,25000,65000,-40000,-40000
053431,志超永豐96購01  ,0,0,0,0,0,0,0,0,0,-40000,0,0,0,0,40000,-40000,-40000
052085,聯電元大95購01  ,0,0,0,0,0,0,0,0,0,-40000,0,0,0,0,40000,-40000,-40000
053875,GIS元大97購01   ,0,0,0,0,0,0,0,0,0,-40000,0,0,0,135000,175000,-40000,-40000
050553,緯穎凱基94購06  ,0,0,0,0,0,0,0,0,0,-40000,0,0,0,10000,50000,-40000,-40000
052066,華邦電兆豐96購01,0,0,0,0,0,0,0,0,0,-40000,0,0,0,0,40000,-40000,-40000
054020,技嘉台新97購01  ,0,0,0,0,0,0,0,0,0,-40000,0,0,0,0,40000,-40000,-40000
055120,南港兆豐97購01  ,0,0,0,0,0,0,0,0,0,-40000,0,0,0,0,40000,-40000,-40000
07335P,臺股指國票99售20,0,0,0,0,0,0,0,0,0,-40000,0,0,0,0,40000,-40000,-40000
059618,台積電日盛99購01,0,0,0,0,0,0,0,0,0,-41000,0,0,0,95000,136000,-41000,-41000
056617,美律永豐98購01  ,0,0,0,0,0,0,0,0,0,-41000,0,0,0,0,41000,-41000,-41000
059357,華通永豐99購01  ,0,0,0,0,0,0,0,0,0,-41000,0,0,0,52000,93000,-41000,-41000
056449,義隆凱基98購03  ,0,0,0,0,0,0,0,0,0,-41000,0,0,0,32000,73000,-41000,-41000
057407,超眾群益99購01  ,0,0,0,0,0,0,0,0,0,-41000,0,0,0,0,41000,-41000,-41000
057592,美律兆豐99購01  ,0,0,0,0,0,0,0,0,0,-41000,0,0,0,0,41000,-41000,-41000
058447,玉晶光富邦9A購02,0,0,0,0,0,0,0,0,0,-41000,0,0,0,65000,106000,-41000,-41000
057001,華邦電國票99購02,0,0,0,0,0,0,0,0,0,-41000,0,0,0,53000,94000,-41000,-41000
049064,T50反1凱基96購03,0,0,0,0,0,0,0,0,0,-41000,0,0,0,37000,78000,-41000,-41000
052180,緯穎元大96購05  ,0,0,0,0,0,0,0,0,0,-41000,0,0,0,51000,92000,-41000,-41000
058129,國巨元大99購10  ,0,0,0,0,0,0,0,0,0,-42000,0,0,0,0,42000,-42000,-42000
06135P,志超元富97售01  ,0,0,0,0,0,0,0,0,0,-42000,0,0,0,0,42000,-42000,-42000
057532,智原元大98購03  ,0,0,0,0,0,0,0,0,0,-42000,0,0,0,47000,89000,-42000,-42000
057202,TPK元富98購02   ,0,0,0,0,0,0,0,0,0,-42000,0,0,0,80000,122000,-42000,-42000
059526,鴻海凱基99購12  ,0,0,0,0,0,0,0,0,0,-42000,0,0,0,39000,81000,-42000,-42000
059678,鴻海國泰9A購03  ,0,0,0,0,0,0,0,0,0,-42000,0,0,0,0,42000,-42000,-42000
059875,信邦凱基99購02  ,0,0,0,0,0,0,0,0,0,-42000,0,0,0,84000,126000,-42000,-42000
052736,T50反1元大96購05,0,0,0,0,0,0,0,0,0,-42000,0,0,0,0,42000,-42000,-42000
054744,晶相光凱基99購01,0,0,0,0,0,0,0,0,0,-42000,0,0,0,1000,43000,-42000,-42000
03429B,臺股指元富97熊07,0,0,0,0,0,0,0,0,0,-42000,0,0,0,0,42000,-42000,-42000
051684,瑞昱凱基95購02  ,0,0,0,0,0,0,0,0,0,-42000,0,0,0,10000,52000,-42000,-42000
1467,南緯            ,3000,45000,-42000,0,0,0,0,0,0,0,0,0,0,0,0,0,-42000
5607,遠雄港          ,134000,176000,-42000,0,0,0,0,0,0,0,0,0,0,0,0,0,-42000
059880,世紀鋼凱基99購02,0,0,0,0,0,0,0,0,0,-43000,0,0,0,12000,55000,-43000,-43000
059841,國巨富邦9C購01  ,0,0,0,0,0,0,0,0,0,-43000,0,0,0,59000,102000,-43000,-43000
057920,奇力新凱基98購08,0,0,0,0,0,0,0,0,0,-43000,0,0,0,5000,48000,-43000,-43000
057900,南亞科永豐98購01,0,0,0,0,0,0,0,0,0,-43000,0,0,0,9000,52000,-43000,-43000
058081,技嘉群益9A購03  ,0,0,0,0,0,0,0,0,0,-43000,0,0,0,0,43000,-43000,-43000
060110,茂林元大99購06  ,0,0,0,0,0,0,0,0,0,-43000,0,0,0,0,43000,-43000,-43000
055216,友達凱基98購05  ,0,0,0,0,0,0,0,0,0,-43000,0,0,0,6000,49000,-43000,-43000
054161,友訊凱基98購01  ,0,0,0,0,0,0,0,0,0,-43000,0,0,0,10000,53000,-43000,-43000
059067,上銀國票9A購02  ,0,0,0,0,0,0,0,0,0,-43000,0,0,0,0,43000,-43000,-43000
6283,淳安            ,26000,69000,-43000,0,0,0,0,0,0,0,0,0,0,0,0,0,-43000
2420,新巨            ,20000,63000,-43000,0,0,0,0,0,0,0,0,0,0,0,0,0,-43000
059876,智易凱基99購02  ,0,0,0,0,0,0,0,0,0,-44000,0,0,0,54000,98000,-44000,-44000
055970,聯茂元大97購04  ,0,0,0,0,0,0,0,0,0,-44000,0,0,0,2000,46000,-44000,-44000
056578,智易元大99購02  ,0,0,0,0,0,0,0,0,0,-44000,0,0,0,66000,110000,-44000,-44000
059292,華新科元富9B購02,0,0,0,0,0,0,0,0,0,-44000,0,0,0,0,44000,-44000,-44000
053643,漢唐國票97購02  ,0,0,0,0,0,0,0,0,0,-44000,0,0,0,0,44000,-44000,-44000
052696,玉晶光麥證97購01,0,0,0,0,62000,-62000,0,0,0,-44000,0,0,0,18000,62000,-44000,-44000
053003,國巨永豐96購02  ,0,0,0,0,0,0,0,0,0,-44000,0,0,0,26000,70000,-44000,-44000
054052,日月光元大96購06,0,0,0,0,0,0,0,0,0,-44000,0,0,0,0,44000,-44000,-44000
0052,富邦科技        ,2000,5000,-3000,0,0,0,0,0,0,-41000,0,0,0,103000,144000,-41000,-44000
03039X,元展36          ,0,0,0,0,0,0,0,0,0,-44000,0,0,0,5000,49000,-44000,-44000
4739,康普            ,75006,115000,-39994,0,0,0,0,0,0,-5000,0,5000,-5000,0,0,0,-44994
056736,國巨凱基99購03  ,0,0,0,0,0,0,0,0,0,-45000,0,0,0,9000,54000,-45000,-45000
060050,鴻海凱基9B購01  ,0,0,0,0,0,0,0,0,0,-45000,0,0,0,30000,75000,-45000,-45000
06726P,欣興元富98售04  ,0,0,0,0,0,0,0,0,0,-45000,0,0,0,0,45000,-45000,-45000
06296P,燿華元大98售01  ,0,0,0,0,0,0,0,0,0,-45000,0,0,0,20000,65000,-45000,-45000
054735,漢唐凱基98購01  ,0,0,0,0,0,0,0,0,0,-45000,0,0,0,14000,59000,-45000,-45000
052693,微星中信96購01  ,0,0,0,0,0,0,0,0,0,-45000,0,0,0,91000,136000,-45000,-45000
052185,奇力新群益95購03,0,0,0,0,0,0,0,0,0,-45000,0,0,0,0,45000,-45000,-45000
053780,南亞科元大96購03,0,0,0,0,0,0,0,0,0,-45000,0,0,0,151000,196000,-45000,-45000
052555,漢唐國票97購01  ,0,0,0,0,0,0,0,0,0,-45000,0,0,0,0,45000,-45000,-45000
054538,台光電國票98購01,0,0,0,0,0,0,0,0,0,-45000,0,0,0,38000,83000,-45000,-45000
054699,復盛永豐97購01  ,0,0,0,0,0,0,0,0,0,-45000,0,0,0,0,45000,-45000,-45000
07059P,華通國票9A售02  ,0,0,0,0,0,0,0,0,0,-45000,0,0,0,0,45000,-45000,-45000
059994,國巨元富99購01  ,0,0,0,0,0,0,0,0,0,-46000,0,0,0,0,46000,-46000,-46000
057211,鴻海群益98購05  ,0,0,0,0,0,0,0,0,0,-46000,0,0,0,27000,73000,-46000,-46000
056596,光磊元富98購01  ,0,0,0,0,0,0,0,0,0,-46000,0,0,0,0,46000,-46000,-46000
059132,臺股指群益99購07,0,0,0,0,0,0,0,0,0,-46000,0,0,0,126000,172000,-46000,-46000
055510,GIS元大97購03   ,0,0,0,0,0,0,0,0,0,-46000,0,0,0,0,46000,-46000,-46000
00735,國泰臺韓科技    ,0,5000,-5000,0,0,0,0,0,0,-41000,0,0,0,104000,145000,-41000,-46000
07221P,臺股指中信9B售04,0,0,0,0,0,0,0,0,0,-46000,0,0,0,54000,100000,-46000,-46000
6558,興能高          ,5000,51000,-46000,0,0,0,0,0,0,0,0,0,0,0,0,0,-46000
8114,振樺電          ,30000,76000,-46000,0,0,0,0,0,0,0,0,0,0,0,0,0,-46000
058969,亞德客永豐99購01,0,0,0,0,0,0,0,0,0,-47000,0,0,0,10000,57000,-47000,-47000
059647,超眾凱基99購04  ,0,0,0,0,0,0,0,0,0,-47000,0,0,0,21000,68000,-47000,-47000
056441,燿華凱基98購01  ,0,0,0,0,0,0,0,0,0,-47000,0,0,0,26000,73000,-47000,-47000
058110,光寶科元富98購01,0,0,0,0,0,0,0,0,0,-47000,0,0,0,0,47000,-47000,-47000
051800,旺宏永豐95購02  ,0,0,0,0,0,0,0,0,0,-47000,0,0,0,11000,58000,-47000,-47000
05529P,臺股指群益96售02,0,0,0,0,0,0,0,0,0,-47000,0,0,0,214000,261000,-47000,-47000
055562,欣興凱基97購06  ,0,0,0,0,0,0,0,0,0,-47000,0,0,0,0,47000,-47000,-47000
058750,緯穎凱基9A購03  ,0,0,0,0,0,0,0,0,0,-47000,0,0,0,18000,65000,-47000,-47000
9935,慶豐富          ,4000,51000,-47000,0,0,0,0,0,0,0,0,0,0,0,0,0,-47000
2546,根基            ,14000,61000,-47000,0,0,0,0,0,0,0,0,0,0,0,0,0,-47000
057388,奇鋐永豐98購02  ,0,0,0,0,0,0,0,0,0,-48000,0,0,0,0,48000,-48000,-48000
058148,百和元大99購01  ,0,0,0,0,0,0,0,0,0,-48000,0,0,0,0,48000,-48000,-48000
057086,立積統一9C購01  ,0,0,0,0,0,0,0,0,0,-48000,0,0,0,0,48000,-48000,-48000
058333,鴻海元富99購04  ,0,0,0,0,0,0,0,0,0,-48000,0,0,0,65000,113000,-48000,-48000
056919,英業達兆豐98購01,0,0,0,0,0,0,0,0,0,-48000,0,0,0,5000,53000,-48000,-48000
059594,奇力新元大9B購01,0,0,0,0,0,0,0,0,0,-48000,0,0,0,1000,49000,-48000,-48000
058972,新日興永豐9A購01,0,0,0,0,0,0,0,0,0,-48000,0,0,0,0,48000,-48000,-48000
055705,微星永豐97購01  ,0,0,0,0,0,0,0,0,0,-48000,0,0,0,2000,50000,-48000,-48000
055710,亞德客元大97購03,0,0,0,0,0,0,0,0,0,-48000,0,0,0,3000,51000,-48000,-48000
054063,聯茂國票97購02  ,0,0,0,0,0,0,0,0,0,-48000,0,0,0,0,48000,-48000,-48000
053211,漢唐凱基96購03  ,0,0,0,0,0,0,0,0,0,-48000,0,0,0,0,48000,-48000,-48000
00709,富邦歐洲        ,0,255000,-255000,0,0,0,0,0,0,207000,0,0,0,357000,150000,207000,-48000
06912P,台光電元大99售02,0,0,0,0,0,0,0,0,0,-48000,0,0,0,0,48000,-48000,-48000
9908,大台北          ,29000,76000,-47000,0,0,0,0,0,0,-1000,0,1000,-1000,0,0,0,-48000
8341,日友            ,65000,107000,-42000,0,0,0,0,6000,-6000,0,0,0,0,0,0,0,-48000
057894,華通元富02購02  ,0,0,0,0,0,0,0,0,0,-49000,0,0,0,11000,60000,-49000,-49000
059742,富邦金元富99購01,0,0,0,0,0,0,0,0,0,-49000,0,0,0,110000,159000,-49000,-49000
059575,臺股指凱基99購41,0,0,0,0,0,0,0,0,0,-49000,0,0,0,27000,76000,-49000,-49000
059533,富邦金凱基99購01,0,0,0,0,0,0,0,0,0,-49000,0,0,0,247000,296000,-49000,-49000
059591,台積電元大9A購04,0,0,0,0,0,0,0,0,0,-49000,0,0,0,13000,62000,-49000,-49000
059977,鴻海元大99購40  ,0,0,0,0,0,0,0,0,0,-49000,0,0,0,30000,79000,-49000,-49000
059474,元石油群益99購01,0,0,0,0,0,0,0,0,0,-49000,0,0,0,32000,81000,-49000,-49000
057365,智邦元大98購07  ,0,0,0,0,0,0,0,0,0,-49000,0,0,0,3000,52000,-49000,-49000
00645,富邦日本        ,0,0,0,0,0,0,0,0,0,-49000,0,0,0,61000,110000,-49000,-49000
05059P,大立光國票96售02,0,0,0,0,0,0,0,0,0,-49000,0,0,0,2000,51000,-49000,-49000
053712,台光電凱基96購04,0,0,0,0,0,0,0,0,0,-49000,0,0,0,8000,57000,-49000,-49000
054717,亞德客永豐97購01,0,0,0,0,0,0,0,0,0,-49000,0,0,0,0,49000,-49000,-49000
059023,可成統一9B購02  ,0,0,0,0,0,0,0,0,0,-49000,0,0,0,18000,67000,-49000,-49000
059202,禾聯碩永豐99購01,0,0,0,0,0,0,0,0,0,-49000,0,0,0,30000,79000,-49000,-49000
07169P,臺股指國票99售06,0,0,0,0,0,0,0,0,0,-49000,0,0,0,812000,861000,-49000,-49000
057423,台郡凱基98購06  ,0,0,0,0,0,0,0,0,0,-50000,0,0,0,0,50000,-50000,-50000
057208,上海銀元富98購01,0,0,0,0,0,0,0,0,0,-50000,0,0,0,0,50000,-50000,-50000
057469,康友永豐98購02  ,0,0,0,0,0,0,0,0,0,-50000,0,0,0,0,50000,-50000,-50000
058470,台灣50日盛9B購02,0,0,0,0,0,0,0,0,0,-50000,0,0,0,0,50000,-50000,-50000
059005,嘉晶元大99購06  ,0,0,0,0,0,0,0,0,0,-50000,0,0,0,75000,125000,-50000,-50000
058166,鴻海凱基9A購01  ,0,0,0,0,0,0,0,0,0,-50000,0,0,0,13000,63000,-50000,-50000
060128,健策永豐99購06  ,0,0,0,0,0,0,0,0,0,-50000,0,0,0,5000,55000,-50000,-50000
060173,台灣50元富02購01,0,0,0,0,0,0,0,0,0,-50000,0,0,0,0,50000,-50000,-50000
060191,亞光元富9A購02  ,0,0,0,0,0,0,0,0,0,-50000,0,0,0,0,50000,-50000,-50000
060236,精元元大9C購01  ,0,0,0,0,0,0,0,0,0,-50000,0,0,0,0,50000,-50000,-50000
057758,鴻海凱基99購03  ,0,0,0,0,0,0,0,0,0,-50000,0,0,0,48000,98000,-50000,-50000
058803,世紀鋼元大99購03,0,0,0,0,0,0,0,0,0,-50000,0,0,0,79000,129000,-50000,-50000
057713,美律統一99購01  ,0,0,0,0,0,0,0,0,0,-50000,0,0,0,0,50000,-50000,-50000
057873,義隆元大98購03  ,0,0,0,0,0,0,0,0,0,-50000,0,0,0,102000,152000,-50000,-50000
059537,大立光凱基99購09,0,0,0,0,0,0,0,0,0,-50000,0,0,0,0,50000,-50000,-50000
059787,奇力新元大9A購02,0,0,0,0,0,0,0,0,0,-50000,0,0,0,0,50000,-50000,-50000
056036,鴻海凱基97購07  ,0,0,0,0,0,0,0,0,0,-50000,0,0,0,5000,55000,-50000,-50000
059235,鴻海凱基99購08  ,0,0,0,0,0,0,0,0,0,-50000,0,0,0,17000,67000,-50000,-50000
059030,奇力新兆豐99購03,0,0,0,0,0,0,0,0,0,-50000,0,0,0,33000,83000,-50000,-50000
055633,牧德永豐97購02  ,0,0,0,0,0,0,0,0,0,-50000,0,0,0,0,50000,-50000,-50000
053653,京元電凱基96購02,0,0,0,0,0,0,0,0,0,-50000,0,0,0,0,50000,-50000,-50000
055352,奇力新凱基97購01,0,0,0,0,0,0,0,0,0,-50000,0,0,0,0,50000,-50000,-50000
055505,新唐元大97購02  ,0,0,0,0,0,0,0,0,0,-50000,0,0,0,93000,143000,-50000,-50000
052857,大成鋼凱基96購01,0,0,0,0,0,0,0,0,0,-50000,0,0,0,0,50000,-50000,-50000
050634,華新科群益96購01,0,0,0,0,0,0,0,0,0,-50000,0,0,0,0,50000,-50000,-50000
053297,鎧勝中信98購01  ,0,0,0,0,0,0,0,0,0,-50000,0,0,0,0,50000,-50000,-50000
00757,統一FANG+       ,0,0,0,0,0,0,356000,137000,219000,-269000,0,0,0,200000,469000,-269000,-50000
04837P,華新科元大94售05,0,0,0,0,0,0,0,0,0,-50000,0,0,0,10000,60000,-50000,-50000
07356P,臺股指國票99售24,0,0,0,0,0,0,0,0,0,-50000,0,0,0,0,50000,-50000,-50000
2515,中工            ,1330000,1439000,-109000,0,0,0,0,0,0,59000,46000,0,46000,13000,0,13000,-50000
6024,群益期          ,114000,100000,14000,0,0,0,0,0,0,-64000,0,64000,-64000,0,0,0,-50000
056143,訊芯元大97購04  ,0,0,0,0,0,0,0,0,0,-51000,0,0,0,0,51000,-51000,-51000
059785,美律元大9A購03  ,0,0,0,0,0,0,0,0,0,-51000,0,0,0,8000,59000,-51000,-51000
059569,旺宏凱基99購09  ,0,0,0,0,0,0,0,0,0,-51000,0,0,0,90000,141000,-51000,-51000
060122,亞德客永豐99購02,0,0,0,0,0,0,0,0,0,-51000,0,0,0,5000,56000,-51000,-51000
06431P,新日興元大97售05,0,0,0,0,0,0,0,0,0,-51000,0,0,0,15000,66000,-51000,-51000
060030,晶相光永豐99購03,0,0,0,0,0,0,0,0,0,-51000,0,0,0,1000,52000,-51000,-51000
057048,新日興元大98購01,0,0,0,0,0,0,0,0,0,-51000,0,0,0,0,51000,-51000,-51000
056872,旺宏凱基98購08  ,0,0,0,0,0,0,0,0,0,-51000,0,0,0,2000,53000,-51000,-51000
058265,奇力新永豐9A購01,0,0,0,0,0,0,0,0,0,-51000,0,0,0,2000,53000,-51000,-51000
057316,國巨凱基99購04  ,0,0,0,0,0,0,0,0,0,-51000,0,0,0,50000,101000,-51000,-51000
051503,玉晶光統一97購01,0,0,0,0,0,0,0,0,0,-51000,0,0,0,0,51000,-51000,-51000
048651,美利達元大96購05,0,0,0,0,0,0,0,0,0,-51000,0,0,0,0,51000,-51000,-51000
050545,奇力新凱基95購01,0,0,0,0,0,0,0,0,0,-51000,0,0,0,0,51000,-51000,-51000
054579,聯茂元大97購01  ,0,0,0,0,0,0,0,0,0,-51000,0,0,0,0,51000,-51000,-51000
054309,禾伸堂凱基98購01,0,0,0,0,0,0,0,0,0,-51000,0,0,0,0,51000,-51000,-51000
07422P,大立光元大99售32,0,0,0,0,0,0,0,0,0,-51000,0,0,0,30000,81000,-51000,-51000
07032P,聯發科統一9C售02,0,0,0,0,0,0,0,0,0,-51000,0,0,0,0,51000,-51000,-51000
057460,楠梓電永豐98購03,0,0,0,0,0,0,0,0,0,-52000,0,0,0,36000,88000,-52000,-52000
058906,晶相光元大99購01,0,0,0,0,0,0,0,0,0,-52000,0,0,0,0,52000,-52000,-52000
057803,上銀元大98購08  ,0,0,0,0,0,0,0,0,0,-52000,0,0,0,40000,92000,-52000,-52000
059946,健策永豐99購05  ,0,0,0,0,0,0,0,0,0,-52000,0,0,0,0,52000,-52000,-52000
059910,鴻海元大99購37  ,0,0,0,0,0,0,0,0,0,-52000,0,0,0,23000,75000,-52000,-52000
052088,漢唐元大95購02  ,0,0,0,0,0,0,0,0,0,-52000,0,0,0,0,52000,-52000,-52000
053505,瑞儀兆豐97購01  ,0,0,0,0,0,0,0,0,0,-52000,0,0,0,0,52000,-52000,-52000
048732,台勝科麥證95購01,0,0,0,0,52000,-52000,0,0,0,-52000,0,0,0,0,52000,-52000,-52000
048733,台勝科麥證95購02,0,0,0,29000,81000,-52000,0,0,0,-52000,0,0,0,29000,81000,-52000,-52000
03670C,元油2X元富99牛01,0,0,0,0,0,0,0,0,0,-52000,0,0,0,22000,74000,-52000,-52000
4766,南寶            ,38000,90000,-52000,0,0,0,0,0,0,0,0,0,0,0,0,0,-52000
2348,海悅            ,8000,60000,-52000,0,0,0,0,0,0,0,0,0,0,0,0,0,-52000
9941,裕融            ,192000,242952,-50952,0,0,0,0,0,0,-2000,0,2000,-2000,0,0,0,-52952
059982,聯發科元大99購37,0,0,0,0,0,0,0,0,0,-53000,0,0,0,327000,380000,-53000,-53000
058244,神達元大99購02  ,0,0,0,0,0,0,0,0,0,-53000,0,0,0,7000,60000,-53000,-53000
055295,瀚宇博元大97購02,0,0,0,0,0,0,0,0,0,-53000,0,0,0,1000,54000,-53000,-53000
055019,福懋科元富97購01,0,0,0,0,0,0,0,0,0,-53000,0,0,0,24000,77000,-53000,-53000
055387,世紀鋼元大97購01,0,0,0,0,0,0,0,0,0,-53000,0,0,0,67000,120000,-53000,-53000
059285,台灣50元富01購02,0,0,0,0,0,0,0,0,0,-53000,0,0,0,62000,115000,-53000,-53000
8101,華冠            ,4000,57000,-53000,0,0,0,0,0,0,0,0,0,0,0,0,0,-53000
058067,台積電第一9C購01,0,0,0,0,0,0,0,0,0,-54000,0,0,0,389000,443000,-54000,-54000
057024,義隆凱基99購01  ,0,0,0,0,0,0,0,0,0,-54000,0,0,0,26000,80000,-54000,-54000
060085,華通元大99購10  ,0,0,0,0,0,0,0,0,0,-54000,0,0,0,47000,101000,-54000,-54000
060112,祥碩元大99購04  ,0,0,0,0,0,0,0,0,0,-54000,0,0,0,16000,70000,-54000,-54000
059837,健策國泰9B購01  ,0,0,0,0,0,0,0,0,0,-54000,0,0,0,21000,75000,-54000,-54000
059933,台灣50永豐99購11,0,0,0,0,0,0,0,0,0,-54000,0,0,0,0,54000,-54000,-54000
059756,奇力新富邦9C購01,0,0,0,0,0,0,0,0,0,-54000,0,0,0,0,54000,-54000,-54000
056304,創意元大97購03  ,0,0,0,0,0,0,0,0,0,-54000,0,0,0,0,54000,-54000,-54000
056330,玉晶光國票99購03,0,0,0,0,0,0,0,0,0,-54000,0,0,0,55000,109000,-54000,-54000
059283,康友永豐99購02  ,0,0,0,0,0,0,0,0,0,-54000,0,0,0,0,54000,-54000,-54000
059149,臺股指國票99購12,0,0,0,0,0,0,0,0,0,-54000,0,0,0,11000,65000,-54000,-54000
054164,強茂凱基98購01  ,0,0,0,0,0,0,0,0,0,-54000,0,0,0,0,54000,-54000,-54000
052886,世紀鋼兆豐96購01,0,0,0,0,0,0,0,0,0,-54000,0,0,0,9000,63000,-54000,-54000
054029,瀚宇博凱基96購02,0,0,0,0,0,0,0,0,0,-54000,0,0,0,0,54000,-54000,-54000
5203,訊連            ,219000,317000,-98000,0,0,0,0,0,0,44000,10000,0,10000,34000,0,34000,-54000
059473,T50反1群益99購03,0,0,0,0,0,0,0,0,0,-55000,0,0,0,50000,105000,-55000,-55000
060036,上証2X國票99購03,0,0,0,0,0,0,0,0,0,-55000,0,0,0,10000,65000,-55000,-55000
058654,鴻海中信03購01  ,0,0,0,0,0,0,0,0,0,-55000,0,0,0,12000,67000,-55000,-55000
055827,中石化元大98購01,0,0,0,0,0,0,0,0,0,-55000,0,0,0,35000,90000,-55000,-55000
052234,GIS凱基97購01   ,0,0,0,0,0,0,0,0,0,-55000,0,0,0,0,55000,-55000,-55000
052294,創意國票96購03  ,0,0,0,0,0,0,0,0,0,-55000,0,0,0,0,55000,-55000,-55000
07162P,臺股指群益99售13,0,0,0,0,0,0,0,0,0,-55000,0,0,0,63000,118000,-55000,-55000
060131,GIS永豐99購03   ,0,0,0,0,0,0,0,0,0,-56000,0,0,0,0,56000,-56000,-56000
059475,元石油群益99購02,0,0,0,0,0,0,0,0,0,-56000,0,0,0,8000,64000,-56000,-56000
058799,晶技元大99購04  ,0,0,0,0,0,0,0,0,0,-56000,0,0,0,0,56000,-56000,-56000
053157,日月光元大96購03,0,0,0,0,0,0,0,0,0,-56000,0,0,0,0,56000,-56000,-56000
07288P,台灣50凱基99售06,0,0,0,0,0,0,0,0,0,-56000,0,0,0,200000,256000,-56000,-56000
058908,貿聯元大99購03  ,0,0,0,0,0,0,0,0,0,-57000,0,0,0,268000,325000,-57000,-57000
059198,華新科永豐99購06,0,0,0,0,0,0,0,0,0,-57000,0,0,0,11000,68000,-57000,-57000
07233P,台灣50元大99售04,0,0,0,0,0,0,0,0,0,-57000,0,0,0,161000,218000,-57000,-57000
07420P,可成元大99售07  ,0,0,0,0,0,0,0,0,0,-57000,0,0,0,0,57000,-57000,-57000
4106,雃博            ,164000,221000,-57000,0,0,0,0,0,0,0,0,0,0,0,0,0,-57000
06506P,台郡國票99售02  ,0,0,0,0,0,0,0,0,0,-58000,0,0,0,0,58000,-58000,-58000
059996,美律元富99購01  ,0,0,0,0,0,0,0,0,0,-58000,0,0,0,0,58000,-58000,-58000
057320,玉晶光凱基98購01,0,0,0,0,0,0,0,0,0,-58000,0,0,0,124000,182000,-58000,-58000
057530,奇鋐元大99購01  ,0,0,0,0,0,0,0,0,0,-58000,0,0,0,9000,67000,-58000,-58000
059291,華新科元富9B購01,0,0,0,0,0,0,0,0,0,-58000,0,0,0,10000,68000,-58000,-58000
053557,聯茂凱基96購04  ,0,0,0,0,0,0,0,0,0,-58000,0,0,0,5000,63000,-58000,-58000
5515,建國            ,28000,86000,-58000,0,0,0,0,0,0,0,0,0,0,0,0,0,-58000
2467,志聖            ,32000,89000,-57000,0,0,0,0,0,0,-1000,1000,2000,-1000,0,0,0,-58000
07416P,台積電元大99售53,0,0,0,0,0,0,0,0,0,-58000,0,0,0,8000,66000,-58000,-58000
2208,台船            ,229346,295000,-65654,0,0,0,0,0,0,7000,7000,0,7000,0,0,0,-58654
060043,全新群益9B購02  ,0,0,0,0,0,0,0,0,0,-59000,0,0,0,0,59000,-59000,-59000
058833,台表科永豐99購01,0,0,0,0,0,0,0,0,0,-59000,0,0,0,0,59000,-59000,-59000
059789,貿聯元大9A購02  ,0,0,0,0,0,0,0,0,0,-59000,0,0,0,3000,62000,-59000,-59000
051390,京元電兆豐95購01,0,0,0,0,0,0,0,0,0,-59000,0,0,0,0,59000,-59000,-59000
057941,聯電國票99購01  ,0,0,0,0,0,0,0,0,0,-60000,0,0,0,3000,63000,-60000,-60000
057766,矽力凱基98購03  ,0,0,0,0,0,0,0,0,0,-60000,0,0,0,0,60000,-60000,-60000
056504,國巨永豐98購02  ,0,0,0,0,0,0,0,0,0,-60000,0,0,0,6000,66000,-60000,-60000
060086,鴻海元大99購42  ,0,0,0,0,0,0,0,0,0,-60000,0,0,0,50000,110000,-60000,-60000
059011,臺股指元大9A購30,0,0,0,0,0,0,0,0,0,-60000,0,0,0,0,60000,-60000,-60000
06163P,聯詠群益97售01  ,0,0,0,0,0,0,0,0,0,-60000,0,0,0,0,60000,-60000,-60000
057960,聯鈞元大98購02  ,0,0,0,0,0,0,0,0,0,-60000,0,0,0,51000,111000,-60000,-60000
058050,台郡元大99購05  ,0,0,0,0,0,0,0,0,0,-60000,0,0,0,0,60000,-60000,-60000
055745,臻鼎元富97購01  ,0,0,0,0,0,0,0,0,0,-60000,0,0,0,0,60000,-60000,-60000
052939,富邦金兆豐96購01,0,0,0,0,0,0,0,0,0,-60000,0,0,0,0,60000,-60000,-60000
2012,春雨            ,0,60000,-60000,0,0,0,0,0,0,0,0,0,0,0,0,0,-60000
058413,義隆兆豐99購01  ,0,0,0,0,0,0,0,0,0,-61000,0,0,0,22000,83000,-61000,-61000
060126,創意永豐99購04  ,0,0,0,0,0,0,0,0,0,-61000,0,0,0,7000,68000,-61000,-61000
060017,全新康和99購01  ,0,0,0,0,0,0,0,0,0,-61000,0,0,0,0,61000,-61000,-61000
058901,美律元大99購07  ,0,0,0,0,0,0,0,0,0,-61000,0,0,0,30000,91000,-61000,-61000
056748,T50反1兆豐99購01,0,0,0,0,0,0,0,0,0,-61000,0,0,0,0,61000,-61000,-61000
055983,全新元富9A購02  ,0,0,0,0,0,0,0,0,0,-61000,0,0,0,0,61000,-61000,-61000
056017,台積電群益97購04,0,0,0,0,0,0,0,0,0,-61000,0,0,0,1857000,1918000,-61000,-61000
047694,SP黃豆國票9B購01,0,0,0,0,0,0,0,0,0,-61000,0,0,0,0,61000,-61000,-61000
050846,緯創國票96購01  ,0,0,0,0,0,0,0,0,0,-61000,0,0,0,0,61000,-61000,-61000
1218,泰山            ,192000,263000,-71000,0,0,0,0,0,0,10000,10000,0,10000,0,0,0,-61000
4137,麗豐-KY         ,66000,126000,-60000,0,0,0,0,0,0,-1000,1000,0,1000,1000,3000,-2000,-61000
05930P,景碩康和96售01  ,0,0,0,0,0,0,0,0,0,-62000,0,0,0,0,62000,-62000,-62000
057731,華擎國泰9A購02  ,0,0,0,0,0,0,0,0,0,-62000,0,0,0,173000,235000,-62000,-62000
060058,牧德凱基9B購01  ,0,0,0,0,0,0,0,0,0,-62000,0,0,0,208000,270000,-62000,-62000
058360,台光電凱基9A購02,0,0,0,0,0,0,0,0,0,-62000,0,0,0,0,62000,-62000,-62000
051880,健策康和95購01  ,0,0,0,0,0,0,0,0,0,-62000,0,0,0,10000,72000,-62000,-62000
052819,義隆永豐96購01  ,0,0,0,0,0,0,0,0,0,-62000,0,0,0,83000,145000,-62000,-62000
059278,群創元大9A購04  ,0,0,0,0,0,0,0,0,0,-62000,0,0,0,0,62000,-62000,-62000
059404,鴻海台新99購03  ,0,0,0,0,0,0,0,0,0,-62000,0,0,0,34000,96000,-62000,-62000
055715,智邦元大97購04  ,0,0,0,0,0,0,0,0,0,-62000,0,0,0,18000,80000,-62000,-62000
059510,華新科永豐99購07,0,0,0,0,0,0,0,0,0,-63000,0,0,0,20000,83000,-63000,-63000
051828,微星元大95購03  ,0,0,0,0,0,0,0,0,0,-63000,0,0,0,14000,77000,-63000,-63000
1532,勤美            ,67000,130000,-63000,0,0,0,0,0,0,0,0,0,0,0,0,0,-63000
07234P,台灣50元大9B售04,0,0,0,0,0,0,0,0,0,-63000,0,0,0,0,63000,-63000,-63000
059314,上銀元大99購03  ,0,0,0,0,0,0,0,0,0,-64000,0,0,0,142000,206000,-64000,-64000
056481,創意元大98購01  ,0,0,0,0,0,0,0,0,0,-64000,0,0,0,0,64000,-64000,-64000
059723,美律元大9A購02  ,0,0,0,0,0,0,0,0,0,-64000,0,0,0,34000,98000,-64000,-64000
051257,光寶科國泰96購01,0,0,0,0,0,0,0,0,0,-64000,0,0,0,0,64000,-64000,-64000
07376P,聯發科元大99售39,20000,0,20000,0,0,0,0,0,0,-84000,0,0,0,5000,89000,-84000,-64000
2442,新美齊          ,107000,170000,-63000,0,0,0,0,0,0,-1000,0,1000,-1000,0,0,0,-64000
6257,矽格            ,744000,983036,-239036,0,0,0,0,0,0,175000,190000,29000,161000,14000,0,14000,-64036
059494,國巨國票9C購01  ,0,0,0,0,0,0,0,0,0,-65000,0,0,0,28000,93000,-65000,-65000
058832,立積永豐99購01  ,0,0,0,0,0,0,0,0,0,-65000,0,0,0,5000,70000,-65000,-65000
059586,上銀元大9A購02  ,0,0,0,0,0,0,0,0,0,-65000,0,0,0,12000,77000,-65000,-65000
058230,國巨元大99購11  ,0,0,0,0,0,0,0,0,0,-65000,0,0,0,5000,70000,-65000,-65000
058022,樺漢凱基99購02  ,0,0,0,0,0,0,0,0,0,-65000,0,0,0,0,65000,-65000,-65000
060216,鴻海凱基9A購17  ,0,0,0,0,0,0,0,0,0,-65000,0,0,0,0,65000,-65000,-65000
048248,聯發科兆豐95購01,0,0,0,0,0,0,0,0,0,-65000,0,0,0,20000,85000,-65000,-65000
052515,矽力凱基95購02  ,0,0,0,0,0,0,0,0,0,-65000,0,0,0,0,65000,-65000,-65000
054227,宏達電元富96購02,0,0,0,0,0,0,0,0,0,-65000,0,0,0,0,65000,-65000,-65000
059219,旺宏元大99購12  ,0,0,0,0,0,0,0,0,0,-65000,0,0,0,96000,161000,-65000,-65000
058051,同欣電元大98購03,0,0,0,0,0,0,0,0,0,-66000,0,0,0,1000,67000,-66000,-66000
056459,茂林凱基99購01  ,0,0,0,0,0,0,0,0,0,-66000,0,0,0,170000,236000,-66000,-66000
059663,旭富元大9C購02  ,0,0,0,0,0,0,0,0,0,-66000,0,0,0,134000,200000,-66000,-66000
05297P,臻鼎凱基95售04  ,0,0,0,0,0,0,0,0,0,-66000,0,0,0,0,66000,-66000,-66000
053312,緯穎凱基96購02  ,0,0,0,0,0,0,0,0,0,-66000,0,0,0,23000,89000,-66000,-66000
057980,聯詠永豐98購01  ,0,0,0,0,0,0,0,0,0,-67000,0,0,0,104000,171000,-67000,-67000
06023P,超眾國票96售03  ,0,0,0,0,0,0,0,0,0,-67000,0,0,0,28000,95000,-67000,-67000
05161P,華新科國票96售01,0,0,0,0,0,0,0,0,0,-67000,0,0,0,0,67000,-67000,-67000
055587,智邦元大97購02  ,0,0,0,0,0,0,0,0,0,-67000,0,0,0,7000,74000,-67000,-67000
059150,臺股指國票99購13,0,0,0,0,0,0,0,0,0,-67000,0,0,0,0,67000,-67000,-67000
4916,事欣科          ,22000,89000,-67000,0,0,0,0,0,0,0,0,0,0,0,0,0,-67000
07359P,台積電元大99售45,0,0,0,0,0,0,0,0,0,-67000,0,0,0,41000,108000,-67000,-67000
1707,葡萄王          ,360400,118000,242400,0,0,0,0,187000,-187000,-123000,8000,131000,-123000,0,0,0,-67600
057207,立積元富98購02  ,0,0,0,0,0,0,0,0,0,-68000,0,0,0,688000,756000,-68000,-68000
059511,宏達電永豐99購02,0,0,0,0,0,0,0,0,0,-68000,0,0,0,2000,70000,-68000,-68000
059563,鴻海凱基9A購14  ,0,0,0,0,0,0,0,0,0,-68000,0,0,0,32000,100000,-68000,-68000
059530,華新科凱基9A購05,0,0,0,0,0,0,0,0,0,-68000,0,0,0,1000,69000,-68000,-68000
059611,台積電永豐99購05,0,0,0,0,0,0,0,0,0,-68000,0,0,0,5000,73000,-68000,-68000
059635,華新科凱基9A購06,0,0,0,0,0,0,0,0,0,-68000,0,0,0,77000,145000,-68000,-68000
059162,國巨凱基99購12  ,0,0,0,0,0,0,0,0,0,-68000,0,0,0,12000,80000,-68000,-68000
059053,鴻海凱基99購07  ,0,0,0,0,0,0,0,0,0,-68000,0,0,0,28000,96000,-68000,-68000
059248,華新科凱基99購04,0,0,0,0,0,0,0,0,0,-68000,0,0,0,1000,69000,-68000,-68000
059266,緯創中信01購01  ,0,0,0,0,0,0,0,0,0,-68000,0,0,0,0,68000,-68000,-68000
053954,貿聯康和96購01  ,0,0,0,0,0,0,0,0,0,-68000,0,0,0,0,68000,-68000,-68000
07371P,滬深2X元大99售07,0,0,0,0,0,0,0,0,0,-68000,0,0,0,0,68000,-68000,-68000
058687,聯茂凱基9A購01  ,0,0,0,0,0,0,0,0,0,-69000,0,0,0,10000,79000,-69000,-69000
053864,義隆元大96購01  ,0,0,0,0,0,0,0,0,0,-69000,0,0,0,24000,93000,-69000,-69000
042929,台積電中信95購02,0,0,0,0,0,0,0,0,0,-69000,0,0,0,1000,70000,-69000,-69000
050318,景碩國票94購02  ,0,0,0,0,0,0,0,0,0,-69000,0,0,0,11000,80000,-69000,-69000
1710,東聯            ,777000,732000,45000,0,0,0,0,0,0,-114000,1000,115000,-114000,0,0,0,-69000
07172P,臺股指國票99售09,0,0,0,0,0,0,0,0,0,-69000,0,0,0,18000,87000,-69000,-69000
4919,新唐            ,206000,254000,-48000,0,0,0,1000,0,1000,-22000,0,23000,-23000,1000,0,1000,-69000
4532,瑞智            ,124000,192000,-68000,0,0,0,0,0,0,-1000,0,1000,-1000,0,0,0,-69000
060234,凱美元大9C購01  ,0,0,0,0,0,0,0,0,0,-70000,0,0,0,0,70000,-70000,-70000
059459,訊芯永豐99購04  ,0,0,0,0,0,0,0,0,0,-70000,0,0,0,5000,75000,-70000,-70000
059343,宏達電凱基99購04,0,0,0,0,0,0,0,0,0,-70000,0,0,0,307000,377000,-70000,-70000
059743,開發金元富99購01,0,0,0,0,0,0,0,0,0,-70000,0,0,0,20000,90000,-70000,-70000
059765,嘉聯益永豐99購02,0,0,0,0,0,0,0,0,0,-70000,0,0,0,3000,73000,-70000,-70000
056083,億光統一97購03  ,0,0,0,0,0,0,0,0,0,-70000,0,0,0,0,70000,-70000,-70000
052067,中磊兆豐96購01  ,0,0,0,0,0,0,0,0,0,-70000,0,0,0,0,70000,-70000,-70000
054211,奇鋐國票97購03  ,0,0,0,0,0,0,0,0,0,-70000,0,0,0,0,70000,-70000,-70000
054652,裕隆麥證97購01  ,0,0,0,0,70000,-70000,0,0,0,-70000,0,0,0,0,70000,-70000,-70000
059203,勤誠永豐99購02  ,10000,0,10000,0,0,0,0,0,0,-80000,0,0,0,19000,99000,-80000,-70000
059064,緯穎凱基99購02  ,0,0,0,0,0,0,0,0,0,-70000,0,0,0,0,70000,-70000,-70000
053642,瀚宇博永豐96購01,0,0,0,0,0,0,0,0,0,-70000,0,0,0,10000,80000,-70000,-70000
059862,全新群益99購04  ,0,0,0,0,0,0,0,0,0,-71000,0,0,0,4000,75000,-71000,-71000
059623,聯電凱基99購02  ,0,0,0,0,0,0,0,0,0,-71000,0,0,0,3000,74000,-71000,-71000
059565,國巨凱基99購16  ,0,0,0,0,0,0,0,0,0,-71000,0,0,0,10000,81000,-71000,-71000
057366,智邦元大98購08  ,0,0,0,0,0,0,0,0,0,-71000,0,0,0,10000,81000,-71000,-71000
052611,力成元大96購02  ,0,0,0,0,0,0,0,0,0,-71000,0,0,0,222000,293000,-71000,-71000
055173,瑞昱統一97購01  ,0,0,0,0,0,0,0,0,0,-71000,0,0,0,0,71000,-71000,-71000
3532,台勝科          ,135000,212000,-77000,0,0,0,1000,0,1000,5000,0,0,0,5000,0,5000,-71000
06655P,TPK元大98售02   ,0,0,0,0,0,0,0,0,0,-72000,0,0,0,13000,85000,-72000,-72000
056622,高鐵永豐98購01  ,0,0,0,0,0,0,0,0,0,-72000,0,0,0,0,72000,-72000,-72000
059909,鴻海元大99購36  ,0,0,0,0,0,0,0,0,0,-72000,0,0,0,13000,85000,-72000,-72000
059664,立積元大9C購01  ,0,0,0,0,0,0,0,0,0,-72000,0,0,0,189000,261000,-72000,-72000
04405P,牧德國票95售01  ,0,0,0,0,0,0,0,0,0,-72000,0,0,0,49000,121000,-72000,-72000
04797P,華新科元大94售04,0,0,0,0,0,0,0,0,0,-72000,0,0,0,12000,84000,-72000,-72000
059362,健策永豐99購03  ,0,0,0,0,0,0,0,0,0,-72000,0,0,0,0,72000,-72000,-72000
059204,台灣50元大01購02,0,0,0,0,0,0,0,0,0,-72000,0,0,0,25000,97000,-72000,-72000
059884,鴻海國票99購09  ,0,0,0,0,0,0,0,0,0,-73000,0,0,0,22000,95000,-73000,-73000
055923,矽力凱基98購01  ,0,0,0,0,0,0,0,0,0,-73000,0,0,0,0,73000,-73000,-73000
060046,S&P反1凱基99購02,0,0,0,0,0,0,0,0,0,-73000,0,0,0,0,73000,-73000,-73000
054180,亞泥康和96購01  ,0,0,0,0,0,0,0,0,0,-73000,0,0,0,5000,78000,-73000,-73000
07293P,臺股指凱基99售45,0,0,0,0,0,0,0,0,0,-73000,0,0,0,272000,345000,-73000,-73000
1109,信大            ,51000,124000,-73000,0,0,0,0,0,0,0,0,0,0,0,0,0,-73000
2547,日勝生          ,500960,575000,-74040,0,0,0,0,0,0,1000,1000,0,1000,0,0,0,-73040
058565,鴻海凱基9A購07  ,0,0,0,0,0,0,0,0,0,-74000,0,0,0,10000,84000,-74000,-74000
059659,旺宏元大9A購03  ,0,0,0,0,0,0,0,0,0,-74000,0,0,0,6000,80000,-74000,-74000
057747,致新永豐98購01  ,0,0,0,0,0,0,0,0,0,-74000,0,0,0,60000,134000,-74000,-74000
052846,智邦統一97購01  ,0,0,0,0,0,0,0,0,0,-74000,0,0,0,0,74000,-74000,-74000
057630,茂林永豐98購01  ,0,0,0,0,0,0,0,0,0,-74000,0,0,0,41000,115000,-74000,-74000
059042,世紀鋼群益99購02,0,0,0,0,0,0,0,0,0,-74000,0,0,0,0,74000,-74000,-74000
056509,晶相光永豐98購01,0,0,0,0,0,0,0,0,0,-75000,0,0,0,0,75000,-75000,-75000
059641,群創凱基99購06  ,0,0,0,0,0,0,0,0,0,-75000,0,0,0,24000,99000,-75000,-75000
059570,全新凱基99購04  ,0,0,0,0,0,0,0,0,0,-75000,0,0,0,0,75000,-75000,-75000
058958,台表科國票9A購03,0,0,0,0,0,0,0,0,0,-75000,0,0,0,0,75000,-75000,-75000
058019,美律凱基99購04  ,0,0,0,0,0,0,0,0,0,-75000,0,0,0,47000,122000,-75000,-75000
057606,健策統一98購03  ,0,0,0,0,0,0,0,0,0,-75000,0,0,0,102000,177000,-75000,-75000
054177,牧德台新97購01  ,0,0,0,0,0,0,0,0,0,-75000,0,0,0,24000,99000,-75000,-75000
051999,勤誠元大95購01  ,0,0,0,0,0,0,0,0,0,-75000,0,0,0,0,75000,-75000,-75000
050892,聯電元大96購02  ,0,0,0,0,0,0,0,0,0,-75000,0,0,0,139000,214000,-75000,-75000
07210P,智邦凱基99售03  ,0,0,0,0,0,0,0,0,0,-75000,0,0,0,0,75000,-75000,-75000
06212P,華新科元大97售11,0,0,0,0,0,0,0,0,0,-76000,0,0,0,0,76000,-76000,-76000
059541,T50正2康和99購01,0,0,0,0,0,0,0,0,0,-76000,0,0,0,20000,96000,-76000,-76000
059466,國巨元大99購26  ,0,0,0,0,0,0,0,0,0,-76000,0,0,0,32000,108000,-76000,-76000
059942,全新永豐99購04  ,0,0,0,0,0,0,0,0,0,-76000,0,0,0,8000,84000,-76000,-76000
059882,臺股指凱基9C購06,0,0,0,0,0,0,0,0,0,-76000,0,0,0,45000,121000,-76000,-76000
052159,瑞昱永豐95購01  ,0,0,0,0,0,0,0,0,0,-76000,0,0,0,8000,84000,-76000,-76000
054363,世芯凱基97購01  ,0,0,0,0,0,0,0,0,0,-76000,0,0,0,40000,116000,-76000,-76000
07421P,國泰金元大99售01,0,0,0,0,0,0,0,0,0,-76000,0,0,0,1000,77000,-76000,-76000
1560,中砂            ,55000,145000,-90000,0,0,0,0,0,0,14000,20000,6000,14000,0,0,0,-76000
8422,可寧衛          ,92000,168000,-76000,0,0,0,0,0,0,0,0,0,0,0,0,0,-76000
9940,信義            ,51000,127000,-76000,0,0,0,0,0,0,0,0,0,0,0,0,0,-76000
6230,超眾            ,231000,313580,-82580,0,0,0,0,0,0,6000,7000,7000,0,7000,1000,6000,-76580
055958,台光電元大97購02,0,0,0,0,0,0,0,0,0,-77000,0,0,0,30000,107000,-77000,-77000
056266,開發金統一9A購01,0,0,0,0,0,0,0,0,0,-77000,0,0,0,0,77000,-77000,-77000
056231,嘉聯益凱基97購02,0,0,0,0,0,0,0,0,0,-77000,0,0,0,23000,100000,-77000,-77000
060246,晶相光元大9C購03,0,0,0,0,0,0,0,0,0,-77000,0,0,0,11000,88000,-77000,-77000
060224,台灣50元大9A購09,0,0,0,0,0,0,0,0,0,-77000,0,0,0,0,77000,-77000,-77000
060084,聯電元大99購02  ,0,0,0,0,0,0,0,0,0,-77000,0,0,0,0,77000,-77000,-77000
058671,旺宏群益9A購01  ,0,0,0,0,0,0,0,0,0,-77000,0,0,0,0,77000,-77000,-77000
055545,國巨凱基97購06  ,0,0,0,0,0,0,0,0,0,-77000,0,0,0,9000,86000,-77000,-77000
050515,聯電元大96購01  ,0,0,0,0,0,0,0,0,0,-77000,0,0,0,200000,277000,-77000,-77000
048850,聯電群益96購01  ,0,0,0,0,0,0,0,0,0,-77000,0,0,0,0,77000,-77000,-77000
07328P,FBVIX國泰9B售01 ,0,0,0,0,0,0,0,0,0,-77000,0,0,0,4000,81000,-77000,-77000
057090,奇力新元富98購02,0,0,0,0,0,0,0,0,0,-78000,0,0,0,0,78000,-78000,-78000
059599,健策元大9B購02  ,0,0,0,0,0,0,0,0,0,-78000,0,0,0,15000,93000,-78000,-78000
047211,華新科富邦99購01,0,0,0,0,0,0,0,0,0,-78000,0,0,0,0,78000,-78000,-78000
00714,群益道瓊美國地產,0,0,0,0,0,0,0,0,0,-78000,0,0,0,25000,103000,-78000,-78000
00663L,國泰臺灣加權正2 ,0,0,0,0,0,0,0,0,0,-78000,0,0,0,197000,275000,-78000,-78000
050351,華新科群益95購02,0,0,0,0,0,0,0,0,0,-78000,0,0,0,0,78000,-78000,-78000
053769,香港反元大99購01,0,0,0,0,0,0,0,0,0,-78000,0,0,0,0,78000,-78000,-78000
055755,禾伸堂兆豐97購02,0,0,0,0,0,0,0,0,0,-78000,0,0,0,0,78000,-78000,-78000
055805,矽力永豐97購01  ,0,0,0,0,0,0,0,0,0,-78000,0,0,0,0,78000,-78000,-78000
052489,義隆國票96購02  ,0,0,0,0,0,0,0,0,0,-78000,0,0,0,38000,116000,-78000,-78000
1514,亞力            ,131000,209000,-78000,0,0,0,0,0,0,0,0,0,0,0,0,0,-78000
8429,金麗-KY         ,30000,108000,-78000,0,0,0,0,0,0,0,0,0,0,0,0,0,-78000
059805,台積電元富99購02,0,0,0,0,0,0,0,0,0,-79000,0,0,0,20000,99000,-79000,-79000
053784,奇力新元大97購02,0,0,0,0,0,0,0,0,0,-79000,0,0,0,0,79000,-79000,-79000
054304,台積電凱基96購23,0,0,0,0,0,0,0,0,0,-79000,0,0,0,7000,86000,-79000,-79000
051603,深中小群益99購03,0,0,0,0,0,0,0,0,0,-79000,0,0,0,11000,90000,-79000,-79000
07365P,超眾元大99售07  ,0,0,0,0,0,0,0,0,0,-79000,0,0,0,90000,169000,-79000,-79000
059745,欣興元富99購04  ,0,0,0,0,0,0,0,0,0,-80000,0,0,0,20000,100000,-80000,-80000
056206,泰鼎永豐97購01  ,0,0,0,0,0,0,0,0,0,-80000,0,0,0,0,80000,-80000,-80000
051540,力成國票95購01  ,0,0,0,0,0,0,0,0,0,-80000,0,0,0,0,80000,-80000,-80000
055066,佐登永豐97購01  ,0,0,0,0,0,0,0,0,0,-80000,0,0,0,0,80000,-80000,-80000
055555,全新凱基9A購01  ,0,0,0,0,0,0,0,0,0,-80000,0,0,0,0,80000,-80000,-80000
052658,友達元富9C購01  ,0,0,0,0,0,0,0,0,0,-80000,0,0,0,20000,100000,-80000,-80000
07458P,長榮航元大9A售01,0,0,0,0,0,0,0,0,0,-80000,0,0,0,0,80000,-80000,-80000
057109,信邦群益98購01  ,0,0,0,0,0,0,0,0,0,-81000,0,0,0,0,81000,-81000,-81000
058575,智邦群益99購01  ,0,0,0,0,0,0,0,0,0,-81000,0,0,0,58000,139000,-81000,-81000
060115,南電元大99購06  ,0,0,0,0,0,0,0,0,0,-81000,0,0,0,25000,106000,-81000,-81000
055830,上銀元大97購07  ,0,0,0,0,0,0,0,0,0,-81000,0,0,0,13000,94000,-81000,-81000
055395,泰鼎統一97購01  ,0,0,0,0,0,0,0,0,0,-81000,0,0,0,0,81000,-81000,-81000
059136,臺股指群益99購11,0,0,0,0,0,0,0,0,0,-81000,0,0,0,75000,156000,-81000,-81000
1598,岱宇            ,8000,80000,-72000,0,0,0,0,0,0,-9000,0,9000,-9000,0,0,0,-81000
4942,嘉彰            ,49000,129000,-80000,0,0,0,0,0,0,-1000,0,1000,-1000,0,0,0,-81000
8021,尖點            ,38000,120000,-82000,0,0,0,0,0,0,1000,1000,0,1000,0,0,0,-81000
060106,旭富元大99購02  ,0,0,0,0,0,0,0,0,0,-82000,0,0,0,12000,94000,-82000,-82000
058989,茂林凱基99購02  ,0,0,0,0,0,0,0,0,0,-82000,0,0,0,246000,328000,-82000,-82000
059830,台郡凱基99購05  ,0,0,0,0,0,0,0,0,0,-82000,0,0,0,0,82000,-82000,-82000
059693,智原永豐99購01  ,0,0,0,0,0,0,0,0,0,-82000,0,0,0,1000,83000,-82000,-82000
057720,日電貿元富98購01,0,0,0,0,0,0,0,0,0,-82000,0,0,0,6000,88000,-82000,-82000
059290,全新元富99購01  ,0,0,0,0,0,0,0,0,0,-82000,0,0,0,58000,140000,-82000,-82000
053728,茂林凱基97購01  ,0,0,0,0,0,0,0,0,0,-82000,0,0,0,89000,171000,-82000,-82000
1338,廣華-KY         ,51000,133000,-82000,0,0,0,0,0,0,0,0,0,0,0,0,0,-82000
07242P,台灣50凱基9A售03,0,0,0,0,0,0,0,0,0,-82000,0,0,0,70000,152000,-82000,-82000
056534,京元電凱基98購01,0,0,0,0,0,0,0,0,0,-83000,0,0,0,50000,133000,-83000,-83000
059685,T50正2永豐99購02,0,0,0,0,0,0,0,0,0,-83000,0,0,0,13000,96000,-83000,-83000
07270P,台灣50元大01售09,0,0,0,0,0,0,0,0,0,-83000,0,0,0,0,83000,-83000,-83000
059854,台表科永豐99購03,0,0,0,0,0,0,0,0,0,-84000,0,0,0,13000,97000,-84000,-84000
057893,亞德客元富98購03,0,0,0,0,0,0,0,0,0,-84000,0,0,0,0,84000,-84000,-84000
056907,群創元大9C購04  ,0,0,0,0,0,0,0,0,0,-84000,0,0,0,0,84000,-84000,-84000
03677C,臺股指元大05牛02,0,0,0,0,0,0,0,0,0,-84000,0,0,0,0,84000,-84000,-84000
056829,台積電富邦9A購01,0,0,0,0,0,0,0,0,0,-85000,0,0,0,1000,86000,-85000,-85000
060098,華新科元大99購24,0,0,0,0,0,0,0,0,0,-85000,0,0,0,0,85000,-85000,-85000
058144,聯茂元大99購02  ,0,0,0,0,0,0,0,0,0,-85000,0,0,0,0,85000,-85000,-85000
056762,亞德客元大98購01,0,0,0,0,0,0,0,0,0,-85000,0,0,0,2000,87000,-85000,-85000
059326,康友元大99購01  ,0,0,0,0,0,0,0,0,0,-85000,0,0,0,5000,90000,-85000,-85000
054767,日電貿國票98購01,0,0,0,0,0,0,0,0,0,-85000,0,0,0,0,85000,-85000,-85000
052077,可成元富98購02  ,0,0,0,0,0,0,0,0,0,-85000,0,0,0,95000,180000,-85000,-85000
059159,上銀凱基99購05  ,0,0,0,0,0,0,0,0,0,-85000,0,0,0,15000,100000,-85000,-85000
054411,光磊元大97購02  ,0,0,0,0,0,0,0,0,0,-85000,0,0,0,0,85000,-85000,-85000
050212,瀚宇博國票95購02,0,0,0,0,0,0,0,0,0,-86000,0,0,0,0,86000,-86000,-86000
059358,旺宏永豐99購02  ,0,0,0,0,0,0,0,0,0,-87000,0,0,0,83000,170000,-87000,-87000
050547,華新科凱基95購01,0,0,0,0,0,0,0,0,0,-87000,0,0,0,0,87000,-87000,-87000
050667,國巨永豐94購06  ,0,0,0,0,0,0,0,0,0,-87000,0,0,0,3000,90000,-87000,-87000
054298,台表科元大97購03,0,0,0,0,0,0,0,0,0,-87000,0,0,0,0,87000,-87000,-87000
07410P,鴻海元大99售44  ,0,0,0,0,0,0,0,0,0,-87000,0,0,0,0,87000,-87000,-87000
4968,立積            ,647000,929000,-282000,0,0,0,110000,0,110000,85000,19000,34000,-15000,109000,9000,100000,-87000
4526,東台            ,134000,221946,-87946,0,0,0,0,0,0,0,0,0,0,0,0,0,-87946
056422,全新統一98購02  ,0,0,0,0,0,0,0,0,0,-88000,0,0,0,0,88000,-88000,-88000
060021,立積康和99購01  ,0,0,0,0,0,0,0,0,0,-88000,0,0,0,90000,178000,-88000,-88000
059274,國巨元大99購22  ,0,0,0,0,0,0,0,0,0,-88000,0,0,0,6000,94000,-88000,-88000
058146,勤誠元大99購01  ,0,0,0,0,0,0,0,0,0,-89000,0,0,0,16000,105000,-89000,-89000
057161,亞德客元大98購02,0,0,0,0,0,0,0,0,0,-89000,0,0,0,39000,128000,-89000,-89000
052223,聯電凱基96購02  ,0,0,0,0,0,0,0,0,0,-89000,0,0,0,0,89000,-89000,-89000
054852,奇鋐國票98購01  ,0,0,0,0,0,0,0,0,0,-89000,0,0,0,0,89000,-89000,-89000
05752P,台積電中信96售06,0,0,0,0,0,0,0,0,0,-90000,0,0,0,0,90000,-90000,-90000
1702,南僑            ,54000,147000,-93000,0,0,0,0,0,0,3000,4000,1000,3000,0,0,0,-90000
058676,聯茂群益99購01  ,0,0,0,0,0,0,0,0,0,-91000,0,0,0,0,91000,-91000,-91000
056563,華新科群益98購04,0,0,0,0,0,0,0,0,0,-91000,0,0,0,0,91000,-91000,-91000
051918,聯茂元大95購01  ,0,0,0,0,0,0,0,0,0,-91000,0,0,0,87000,178000,-91000,-91000
059214,國巨元大99購20  ,0,0,0,0,0,0,0,0,0,-91000,0,0,0,15000,106000,-91000,-91000
6206,飛捷            ,77000,168000,-91000,0,0,0,0,0,0,0,0,0,0,0,0,0,-91000
057821,晶相光元大98購03,0,0,0,0,0,0,0,0,0,-92000,0,0,0,1000,93000,-92000,-92000
058956,健策國票9A購02  ,23000,0,23000,0,0,0,0,0,0,-116000,0,0,0,5000,121000,-116000,-93000
058761,欣興群益99購02  ,0,0,0,0,0,0,0,0,0,-93000,0,0,0,3000,96000,-93000,-93000
06653P,美食元大98售02  ,0,0,0,0,0,0,0,0,0,-93000,0,0,0,55000,148000,-93000,-93000
059059,宏達電凱基99購03,0,0,0,0,0,0,0,0,0,-93000,0,0,0,7000,100000,-93000,-93000
05116P,台積電群益95售03,0,0,0,0,0,0,0,0,0,-93000,0,0,0,10000,103000,-93000,-93000
046630,京元電元富95購03,0,0,0,0,0,0,0,0,0,-94000,0,0,0,10000,104000,-94000,-94000
07260P,台灣50元大9A售01,0,0,0,0,0,0,0,0,0,-94000,0,0,0,26000,120000,-94000,-94000
058702,國巨元大99購16  ,0,0,0,0,0,0,0,0,0,-95000,0,0,0,0,95000,-95000,-95000
059437,京鼎元大99購02  ,0,0,0,0,0,0,0,0,0,-95000,0,0,0,0,95000,-95000,-95000
055217,緯創凱基97購02  ,0,0,0,0,0,0,0,0,0,-95000,0,0,0,0,95000,-95000,-95000
053488,中石化兆豐97購01,0,0,0,0,0,0,0,0,0,-95000,0,0,0,5000,100000,-95000,-95000
055796,南電國泰98購01  ,0,0,0,0,0,0,0,0,0,-95000,0,0,0,59000,154000,-95000,-95000
6108,競國            ,43000,120000,-77000,0,0,0,0,0,0,-18000,0,18000,-18000,0,0,0,-95000
3708,上緯投控        ,135000,226000,-91000,0,0,0,0,0,0,-4000,0,4000,-4000,0,0,0,-95000
06355P,聯茂永豐97售02  ,0,0,0,0,0,0,0,0,0,-96000,0,0,0,20000,116000,-96000,-96000
059821,美律凱基99購08  ,0,0,0,0,0,0,0,0,0,-96000,0,0,0,30000,126000,-96000,-96000
055305,旺宏群益99購01  ,0,0,0,0,0,0,0,0,0,-96000,0,0,0,5000,101000,-96000,-96000
1701,中化            ,580000,676000,-96000,0,0,0,0,0,0,0,0,0,0,0,0,0,-96000
056477,欣興元大98購02  ,0,0,0,0,0,0,0,0,0,-97000,0,0,0,8000,105000,-97000,-97000
059581,日月光元富99購02,0,0,0,0,0,0,0,0,0,-97000,0,0,0,445000,542000,-97000,-97000
057057,立積元大9A購01  ,0,0,0,0,0,0,0,0,0,-97000,0,0,0,5000,102000,-97000,-97000
052963,智邦凱基96購02  ,0,0,0,0,0,0,0,0,0,-97000,0,0,0,0,97000,-97000,-97000
06934P,聯鈞元大98售03  ,0,0,0,0,0,0,0,0,0,-97000,0,0,0,20000,117000,-97000,-97000
056882,華邦電康和98購01,0,0,0,0,0,0,0,0,0,-98000,0,0,0,126000,224000,-98000,-98000
058213,欣興群益99購01  ,0,0,0,0,0,0,0,0,0,-98000,0,0,0,2000,100000,-98000,-98000
057628,旺宏永豐98購02  ,0,0,0,0,0,0,0,0,0,-98000,0,0,0,0,98000,-98000,-98000
058673,華新科群益9A購02,0,0,0,0,0,0,0,0,0,-98000,0,0,0,0,98000,-98000,-98000
058580,華新科群益99購02,0,0,0,0,0,0,0,0,0,-98000,0,0,0,0,98000,-98000,-98000
058568,宏達電凱基9A購02,0,0,0,0,0,0,0,0,0,-98000,0,0,0,17000,115000,-98000,-98000
057841,茂林富邦9A購02  ,0,0,0,0,0,0,0,0,0,-98000,0,0,0,293000,391000,-98000,-98000
056438,旺宏凱基98購05  ,0,0,0,0,0,0,0,0,0,-98000,0,0,0,3000,101000,-98000,-98000
055933,欣興群益98購02  ,0,0,0,0,0,0,0,0,0,-98000,0,0,0,0,98000,-98000,-98000
056693,國產群益98購01  ,0,0,0,0,0,0,0,0,0,-98000,0,0,0,0,98000,-98000,-98000
053171,中磊群益96購01  ,0,0,0,0,0,0,0,0,0,-98000,0,0,0,0,98000,-98000,-98000
059035,旺宏群益99購06  ,0,0,0,0,0,0,0,0,0,-98000,0,0,0,0,98000,-98000,-98000
054446,美食兆豐97購01  ,0,0,0,0,0,0,0,0,0,-98000,0,0,0,0,98000,-98000,-98000
059319,台光電元大99購04,0,0,0,0,0,0,0,0,0,-99000,0,0,0,123000,222000,-99000,-99000
057462,光磊永豐98購02  ,0,0,0,0,0,0,0,0,0,-99000,0,0,0,0,99000,-99000,-99000
053924,京鼎國票97購01  ,0,0,0,0,0,0,0,0,0,-99000,0,0,0,0,99000,-99000,-99000
050580,強茂國票95購01  ,0,0,0,0,0,0,0,0,0,-99000,0,0,0,0,99000,-99000,-99000
1460,宏遠            ,0,99000,-99000,0,0,0,0,0,0,0,0,0,0,0,0,0,-99000
07442P,華航康和9A售02  ,0,0,0,0,0,0,0,0,0,-99000,0,0,0,0,99000,-99000,-99000
07353P,大立光國票99售02,0,0,0,0,0,0,0,0,0,-99000,0,0,0,1000,100000,-99000,-99000
3010,華立            ,49000,149000,-100000,0,0,0,0,0,0,1000,1000,0,1000,0,0,0,-99000
059439,健策元大9B購01  ,0,0,0,0,0,0,0,0,0,-100000,0,0,0,35000,135000,-100000,-100000
058399,美律元大99購05  ,0,0,0,0,0,0,0,0,0,-100000,0,0,0,20000,120000,-100000,-100000
060097,華新科元大99購23,0,0,0,0,0,0,0,0,0,-100000,0,0,0,0,100000,-100000,-100000
060220,華新科凱基9A購08,0,0,0,0,0,0,0,0,0,-100000,0,0,0,0,100000,-100000,-100000
056709,華通永豐98購01  ,0,0,0,0,0,0,0,0,0,-100000,0,0,0,45000,145000,-100000,-100000
050829,臻鼎凱基96購01  ,0,0,0,0,0,0,0,0,0,-100000,0,0,0,0,100000,-100000,-100000
053816,聯發科群益96購02,0,0,0,0,0,0,0,0,0,-100000,0,0,0,0,100000,-100000,-100000
055733,奇力新元富97購01,0,0,0,0,0,0,0,0,0,-100000,0,0,0,0,100000,-100000,-100000
054710,東元元富97購01  ,0,0,0,0,0,0,0,0,0,-100000,0,0,0,27000,127000,-100000,-100000
052378,矽力元大96購01  ,0,0,0,0,0,0,0,0,0,-100000,0,0,0,0,100000,-100000,-100000
052678,群創富邦96購01  ,0,0,0,0,0,0,0,0,0,-100000,0,0,0,0,100000,-100000,-100000
053492,華邦電兆豐97購01,0,0,0,0,0,0,0,0,0,-100000,0,0,0,0,100000,-100000,-100000
07369P,台積電凱基99售20,0,0,0,0,0,0,0,0,0,-100000,0,0,0,18000,118000,-100000,-100000
054932,台肥元大97購01  ,0,0,0,0,0,0,0,0,0,-101000,0,0,0,58000,159000,-101000,-101000
07348P,滬深2X凱基9A售04,0,0,0,0,0,0,0,0,0,-101000,0,0,0,9000,110000,-101000,-101000
055949,亞德客元大97購04,0,0,0,0,0,0,0,0,0,-102000,0,0,0,19000,121000,-102000,-102000
053244,光磊國票97購01  ,0,0,0,0,0,0,0,0,0,-102000,0,0,0,0,102000,-102000,-102000
054265,GIS元大96購03   ,0,0,0,0,0,0,0,0,0,-102000,0,0,0,417000,519000,-102000,-102000
059134,臺股指群益99購09,0,0,0,0,0,0,0,0,0,-102000,0,0,0,20000,122000,-102000,-102000
2881A,富邦特          ,0,2000,-2000,0,0,0,0,0,0,-100000,5000,105000,-100000,0,0,0,-102000
057322,旺宏群益98購04  ,0,0,0,0,0,0,0,0,0,-103000,0,0,0,0,103000,-103000,-103000
053305,聯詠凱基96購02  ,0,0,0,0,0,0,0,0,0,-103000,0,0,0,90000,193000,-103000,-103000
053352,義隆兆豐96購01  ,0,0,0,0,0,0,0,0,0,-103000,0,0,0,2000,105000,-103000,-103000
4119,旭富            ,966000,963000,3000,0,0,0,0,124000,-124000,18000,0,18000,-18000,38000,2000,36000,-103000
1519,華城            ,65000,168000,-103000,0,0,0,0,0,0,0,0,0,0,0,0,0,-103000
059452,全新永豐99購03  ,0,0,0,0,0,0,0,0,0,-104000,0,0,0,6000,110000,-104000,-104000
059744,禾伸堂元富99購02,0,0,0,0,0,0,0,0,0,-104000,0,0,0,1000,105000,-104000,-104000
051605,奇力新群益95購02,0,0,0,0,0,0,0,0,0,-104000,0,0,0,1000,105000,-104000,-104000
07404P,華新科凱基99售10,0,0,0,0,0,0,0,0,0,-104000,0,0,0,0,104000,-104000,-104000
2534,宏盛            ,281000,385000,-104000,0,0,0,0,0,0,0,1000,1000,0,0,0,0,-104000
2451,創見            ,390000,506910,-116910,0,0,0,6000,0,6000,6000,0,0,0,6000,0,6000,-104910
056079,世紀鋼元大97購02,0,0,0,0,0,0,0,0,0,-105000,0,0,0,0,105000,-105000,-105000
057689,南亞科凱基99購02,0,0,0,0,0,0,0,0,0,-105000,0,0,0,102000,207000,-105000,-105000
057977,台光電永豐98購02,0,0,0,0,0,0,0,0,0,-105000,0,0,0,68000,173000,-105000,-105000
058450,旺宏永豐99購01  ,0,0,0,0,0,0,0,0,0,-105000,0,0,0,3000,108000,-105000,-105000
2545,皇翔            ,75000,185000,-110000,0,0,0,0,0,0,5000,5000,0,5000,0,0,0,-105000
1312A,國喬特          ,0,0,0,0,0,0,0,0,0,-106000,2000,108000,-106000,0,0,0,-106000
1902,台紙            ,77000,272000,-195000,0,0,0,0,0,0,89000,90000,1000,89000,0,0,0,-106000
058707,泰鼎元大99購02  ,0,0,0,0,0,0,0,0,0,-107000,0,0,0,0,107000,-107000,-107000
058013,SP黃豆凱基9A購01,0,0,0,0,0,0,0,0,0,-107000,0,0,0,400000,507000,-107000,-107000
056818,正崴永豐98購01  ,0,0,0,0,0,0,0,0,0,-107000,0,0,0,0,107000,-107000,-107000
060020,康控康和99購01  ,0,0,0,0,0,0,0,0,0,-107000,0,0,0,12000,119000,-107000,-107000
055974,上銀統一97購05  ,0,0,0,0,0,0,0,0,0,-107000,0,0,0,0,107000,-107000,-107000
053729,聯茂凱基96購05  ,0,0,0,0,0,0,0,0,0,-107000,0,0,0,0,107000,-107000,-107000
2030,彰源            ,42000,149000,-107000,0,0,0,0,0,0,0,0,0,0,0,0,0,-107000
3703,欣陸            ,358000,465000,-107000,0,0,0,0,0,0,0,0,0,0,0,0,0,-107000
058345,台光電群益99購03,0,0,0,0,0,0,0,0,0,-108000,0,0,0,0,108000,-108000,-108000
053092,台表科元大97購02,0,0,0,0,0,0,0,0,0,-108000,0,0,0,0,108000,-108000,-108000
047439,漢唐元大95購01  ,0,0,0,0,0,0,0,0,0,-108000,0,0,0,0,108000,-108000,-108000
058555,矽創永豐9A購01  ,0,0,0,0,0,0,0,0,0,-109000,0,0,0,33000,142000,-109000,-109000
057176,全新元大99購02  ,0,0,0,0,0,0,0,0,0,-109000,0,0,0,3000,112000,-109000,-109000
058831,茂林永豐99購01  ,0,0,0,0,0,0,0,0,0,-109000,0,0,0,37000,146000,-109000,-109000
056561,台光電群益98購02,0,0,0,0,0,0,0,0,0,-109000,0,0,0,0,109000,-109000,-109000
046340,滬深2X國票96購01,0,0,0,0,0,0,0,0,0,-109000,0,0,0,0,109000,-109000,-109000
059410,滬深2X國票9A購04,0,0,0,0,0,0,0,0,0,-109000,0,0,0,10000,119000,-109000,-109000
2501,國建            ,298000,374000,-76000,0,0,0,0,0,0,-33000,0,33000,-33000,0,0,0,-109000
056177,嘉澤元富97購01  ,0,0,0,0,0,0,0,0,0,-110000,0,0,0,36000,146000,-110000,-110000
057162,上銀元大98購03  ,0,0,0,0,0,0,0,0,0,-110000,0,0,0,0,110000,-110000,-110000
058599,T50反1元大99購05,0,0,0,0,0,0,0,0,0,-110000,0,0,0,0,110000,-110000,-110000
058177,華新科凱基99購02,0,0,0,0,0,0,0,0,0,-110000,0,0,0,1000,111000,-110000,-110000
053499,禾伸堂兆豐96購01,0,0,0,0,0,0,0,0,0,-110000,0,0,0,0,110000,-110000,-110000
05574P,英業達元富96售01,0,0,0,0,0,0,0,0,0,-110000,0,0,0,10000,120000,-110000,-110000
054933,南港元大97購01  ,0,0,0,0,0,0,0,0,0,-110000,0,0,0,0,110000,-110000,-110000
053375,鴻海元大96購18  ,0,0,0,0,0,0,0,0,0,-110000,0,0,0,0,110000,-110000,-110000
049946,智邦兆豐95購01  ,0,0,0,0,0,0,0,0,0,-110000,0,0,0,0,110000,-110000,-110000
055133,致新康和97購01  ,0,0,0,0,0,0,0,0,0,-110000,0,0,0,0,110000,-110000,-110000
07314P,T50正2元大9C售03,0,0,0,0,0,0,0,0,0,-110000,0,0,0,0,110000,-110000,-110000
07129P,華新科元大99售14,0,0,0,0,0,0,0,0,0,-110000,0,0,0,9000,119000,-110000,-110000
057172,南亞科元大98購03,0,0,0,0,0,0,0,0,0,-111000,0,0,0,20000,131000,-111000,-111000
05660P,玉晶光第一96售01,0,0,0,0,0,0,0,0,0,-111000,0,0,0,0,111000,-111000,-111000
059961,T50反1凱基99購09,0,0,0,0,0,0,0,0,0,-111000,0,0,0,22000,133000,-111000,-111000
049675,台光電國票95購01,0,0,0,0,0,0,0,0,0,-111000,0,0,0,38000,149000,-111000,-111000
057096,緯穎元富98購01  ,0,0,0,0,0,0,0,0,0,-112000,0,0,0,65000,177000,-112000,-112000
058996,台達電元大99購02,0,0,0,0,0,0,0,0,0,-112000,0,0,0,135000,247000,-112000,-112000
060061,旺宏兆豐99購02  ,0,0,0,0,0,0,0,0,0,-112000,0,0,0,0,112000,-112000,-112000
054148,矽創元大96購03  ,0,0,0,0,0,0,0,0,0,-112000,0,0,0,0,112000,-112000,-112000
053672,嘉澤元富96購02  ,0,0,0,0,0,0,0,0,0,-112000,0,0,0,67000,179000,-112000,-112000
059161,鴻海凱基9A購09  ,0,0,0,0,0,0,0,0,0,-112000,0,0,0,57000,169000,-112000,-112000
057056,立積元大99購02  ,0,0,0,0,0,0,0,0,0,-113000,0,0,0,10000,123000,-113000,-113000
059263,瑞昱中信01購01  ,0,0,0,0,0,0,0,0,0,-113000,0,0,0,57000,170000,-113000,-113000
059469,智邦元大99購03  ,0,0,0,0,0,0,0,0,0,-114000,0,0,0,30000,144000,-114000,-114000
059958,鎧勝康和99購01  ,0,0,0,0,0,0,0,0,0,-114000,0,0,0,0,114000,-114000,-114000
059630,美律凱基99購07  ,0,0,0,0,0,0,0,0,0,-114000,0,0,0,50000,164000,-114000,-114000
059622,上銀凱基99購10  ,0,0,0,0,0,0,0,0,0,-114000,0,0,0,21000,135000,-114000,-114000
056116,義隆群益97購02  ,0,0,0,0,0,0,0,0,0,-114000,0,0,0,19000,133000,-114000,-114000
059165,南亞科凱基99購04,0,0,0,0,0,0,0,0,0,-114000,0,0,0,68000,182000,-114000,-114000
053860,台積電元大98購03,0,0,0,0,0,0,0,0,0,-114000,0,0,0,98000,212000,-114000,-114000
060015,國巨康和99購03  ,0,0,0,0,0,0,0,0,0,-115000,0,0,0,14000,129000,-115000,-115000
058663,瑞儀兆豐9A購01  ,0,0,0,0,0,0,0,0,0,-115000,0,0,0,0,115000,-115000,-115000
1215,卜蜂            ,188000,299000,-111000,0,0,0,0,0,0,-4000,0,0,0,0,4000,-4000,-115000
057486,美律元大98購04  ,0,0,0,0,0,0,0,0,0,-116000,0,0,0,0,116000,-116000,-116000
060093,友達元大03購01  ,0,0,0,0,0,0,0,0,0,-116000,0,0,0,12000,128000,-116000,-116000
054235,欣興群益96購06  ,0,0,0,0,0,0,0,0,0,-116000,0,0,0,0,116000,-116000,-116000
053694,創意元大96購03  ,0,0,0,0,0,0,0,0,0,-116000,0,0,0,0,116000,-116000,-116000
060060,台積電兆豐99購05,0,0,0,0,0,0,0,0,0,-117000,0,0,0,0,117000,-117000,-117000
053398,和鑫中信99購01  ,0,0,0,0,0,0,0,0,0,-117000,0,0,0,0,117000,-117000,-117000
048350,世紀鋼元大95購01,0,0,0,0,0,0,0,0,0,-117000,0,0,0,13000,130000,-117000,-117000
056039,宏達電凱基97購02,0,0,0,0,0,0,0,0,0,-118000,0,0,0,0,118000,-118000,-118000
057929,上銀群益98購02  ,0,0,0,0,0,0,0,0,0,-118000,0,0,0,0,118000,-118000,-118000
051489,世芯凱基95購01  ,0,0,0,0,0,0,0,0,0,-118000,0,0,0,43000,161000,-118000,-118000
053804,富邦金凱基96購01,0,0,0,0,0,0,0,0,0,-118000,0,0,0,32000,150000,-118000,-118000
056766,義隆元大98購01  ,0,0,0,0,0,0,0,0,0,-119000,0,0,0,92000,211000,-119000,-119000
058669,上銀群益99購01  ,0,0,0,0,0,0,0,0,0,-119000,0,0,0,0,119000,-119000,-119000
058684,健策凱基99購02  ,0,0,0,0,0,0,0,0,0,-119000,0,0,0,295000,414000,-119000,-119000
059252,聯詠凱基99購03  ,0,0,0,0,0,0,0,0,0,-119000,0,0,0,71000,190000,-119000,-119000
053584,友達元大9B購02  ,0,0,0,0,0,0,0,0,0,-119000,0,0,0,5000,124000,-119000,-119000
00643,群益深証中小    ,54000,182000,-128000,0,0,0,0,0,0,9000,0,0,0,61000,52000,9000,-119000
2511,太子            ,122000,241000,-119000,0,0,0,0,0,0,0,0,0,0,0,0,0,-119000
052210,華夏元大95購01  ,0,0,0,0,0,0,0,0,0,-120000,0,0,0,0,120000,-120000,-120000
055714,智邦元大97購03  ,0,0,0,0,0,0,0,0,0,-120000,0,0,0,3000,123000,-120000,-120000
06982P,義隆凱基99售02  ,0,0,0,0,0,0,0,0,0,-120000,0,0,0,0,120000,-120000,-120000
059256,臺股指凱基99購34,0,0,0,0,0,0,0,0,0,-121000,0,0,0,10000,131000,-121000,-121000
047063,漢唐凱基95購01  ,0,0,0,0,0,0,0,0,0,-121000,0,0,0,0,121000,-121000,-121000
054989,精元元富97購01  ,0,0,0,0,0,0,0,0,0,-121000,0,0,0,30000,151000,-121000,-121000
6189,豐藝            ,81000,202000,-121000,0,0,0,0,0,0,0,0,0,0,0,0,0,-121000
056045,勤誠凱基97購01  ,0,0,0,0,0,0,0,0,0,-122000,0,0,0,0,122000,-122000,-122000
059974,臺指反元大9C購05,0,0,0,0,0,0,0,0,0,-122000,0,0,0,0,122000,-122000,-122000
055041,致新富邦97購01  ,0,0,0,0,0,0,0,0,0,-122000,0,0,0,100000,222000,-122000,-122000
055829,上銀元大97購06  ,0,0,0,0,0,0,0,0,0,-122000,0,0,0,10000,132000,-122000,-122000
057323,智邦群益98購01  ,0,0,0,0,0,0,0,0,0,-123000,0,0,0,54000,177000,-123000,-123000
050441,和碩凱基94購01  ,0,0,0,0,0,0,0,0,0,-123000,0,0,0,32000,155000,-123000,-123000
03657C,T50反1元大99牛01,0,0,0,0,0,0,0,0,0,-123000,0,0,0,5000,128000,-123000,-123000
045479,T50反1中信95購01,0,0,0,0,0,0,0,0,0,-123000,0,0,0,150000,273000,-123000,-123000
07342P,大立光凱基99售14,0,0,0,0,0,0,0,0,0,-123000,0,0,0,28000,151000,-123000,-123000
06971P,台光電元大99售03,0,0,0,0,0,0,0,0,0,-124000,0,0,0,80000,204000,-124000,-124000
059562,上銀凱基99購09  ,0,0,0,0,0,0,0,0,0,-125000,0,0,0,10000,135000,-125000,-125000
044963,台積電中信96購01,0,0,0,0,0,0,0,0,0,-125000,0,0,0,0,125000,-125000,-125000
047194,世紀鋼元大96購01,0,0,0,0,0,0,0,0,0,-125000,0,0,0,32000,157000,-125000,-125000
053123,京元電凱基96購01,0,0,0,0,0,0,0,0,0,-125000,0,0,0,0,125000,-125000,-125000
055732,全新元富9A購01  ,0,0,0,0,0,0,0,0,0,-125000,0,0,0,5000,130000,-125000,-125000
052430,泰碩永豐95購02  ,0,0,0,0,0,0,0,0,0,-125000,0,0,0,0,125000,-125000,-125000
07258P,台灣50台新9A售01,0,0,0,0,0,0,0,0,0,-125000,0,0,0,0,125000,-125000,-125000
059646,聯茂凱基99購06  ,0,0,0,0,0,0,0,0,0,-126000,0,0,0,97000,223000,-126000,-126000
059814,SP黃豆凱基9A購02,0,0,0,0,0,0,0,0,0,-126000,0,0,0,20000,146000,-126000,-126000
059520,台表科永豐99購02,0,0,0,0,0,0,0,0,0,-127000,0,0,0,0,127000,-127000,-127000
058883,旭富永豐99購01  ,0,0,0,0,0,0,0,0,0,-127000,0,0,0,66000,193000,-127000,-127000
052075,旺宏元富95購03  ,0,0,0,0,0,0,0,0,0,-127000,0,0,0,1000,128000,-127000,-127000
058730,玉晶光永豐9A購01,0,0,0,0,0,0,0,0,0,-128000,0,0,0,68000,196000,-128000,-128000
051808,美律凱基96購02  ,0,0,0,0,0,0,0,0,0,-128000,0,0,0,0,128000,-128000,-128000
5534,長虹            ,176000,272000,-96000,0,0,0,0,0,0,-32000,2000,34000,-32000,0,0,0,-128000
059287,華通元富99購03  ,0,0,0,0,0,0,0,0,0,-129000,0,0,0,9000,138000,-129000,-129000
07424P,大立光元大9B售01,0,0,0,0,0,0,0,0,0,-129000,0,0,0,0,129000,-129000,-129000
1589,永冠-KY         ,52000,212000,-160000,0,0,0,0,0,0,31000,31000,0,31000,0,0,0,-129000
058514,潤泰全元大99購01,0,0,0,0,0,0,0,0,0,-130000,0,0,0,47000,177000,-130000,-130000
060107,旭富元大99購03  ,0,0,0,0,0,0,0,0,0,-130000,0,0,0,15000,145000,-130000,-130000
059352,台灣50富邦01購01,0,0,0,0,0,0,0,0,0,-130000,0,0,0,0,130000,-130000,-130000
059286,S&P正2元富01購03,0,0,0,0,0,0,0,0,0,-130000,0,0,0,41000,171000,-130000,-130000
6251,定穎            ,883000,1163000,-280000,0,0,0,0,0,0,150000,200000,50000,150000,0,0,0,-130000
057774,台光電群益99購02,0,0,0,0,0,0,0,0,0,-131000,0,0,0,10000,141000,-131000,-131000
056198,台光電永豐97購02,0,0,0,0,0,0,0,0,0,-131000,0,0,0,5000,136000,-131000,-131000
054412,智邦元大96購03  ,0,0,0,0,0,0,0,0,0,-131000,0,0,0,43000,174000,-131000,-131000
053583,漢唐元大96購03  ,0,0,0,0,0,0,0,0,0,-131000,0,0,0,0,131000,-131000,-131000
08818P,台灣50凱基01售18,0,0,0,0,0,0,0,0,0,-131000,0,0,0,0,131000,-131000,-131000
060087,鴻海元大99購43  ,0,0,0,0,0,0,0,0,0,-132000,0,0,0,174000,306000,-132000,-132000
059829,超眾凱基99購05  ,0,0,0,0,0,0,0,0,0,-133000,0,0,0,1000,134000,-133000,-133000
05359P,嘉澤元大95售02  ,0,0,0,0,0,0,0,0,0,-133000,0,0,0,158000,291000,-133000,-133000
049199,茂林永豐95購01  ,0,0,0,0,0,0,0,0,0,-133000,0,0,0,39000,172000,-133000,-133000
6271,同欣電          ,331000,478000,-147000,0,0,0,3000,0,3000,11000,41000,51000,-10000,27000,6000,21000,-133000
058728,SP黃豆永豐99購01,0,0,0,0,0,0,0,0,0,-134000,0,0,0,0,134000,-134000,-134000
059434,全新元大99購05  ,0,0,0,0,0,0,0,0,0,-134000,0,0,0,11000,145000,-134000,-134000
053018,旺宏元富96購02  ,0,0,0,0,0,0,0,0,0,-134000,0,0,0,7000,141000,-134000,-134000
1309,台達化          ,79000,213000,-134000,0,0,0,0,0,0,0,0,0,0,0,0,0,-134000
07363P,大立光元大99售26,0,0,0,0,0,0,0,0,0,-134000,0,0,0,2000,136000,-134000,-134000
059754,訊芯群益9A購01  ,0,0,0,0,0,0,0,0,0,-135000,0,0,0,6000,141000,-135000,-135000
059536,新光金凱基99購05,0,0,0,0,0,0,0,0,0,-135000,0,0,0,10000,145000,-135000,-135000
059390,華新科凱基99購05,0,0,0,0,0,0,0,0,0,-135000,0,0,0,1000,136000,-135000,-135000
1305,華夏            ,561000,746000,-185000,0,0,0,0,0,0,50000,50000,0,50000,0,0,0,-135000
058949,上銀群益99購02  ,0,0,0,0,0,0,0,0,0,-136000,0,0,0,5000,141000,-136000,-136000
059831,聯詠康和99購01  ,0,0,0,0,0,0,0,0,0,-136000,0,0,0,4000,140000,-136000,-136000
059926,世紀鋼國泰9B購01,0,0,0,0,0,0,0,0,0,-136000,0,0,0,6000,142000,-136000,-136000
060022,勤誠康和99購01  ,0,0,0,0,0,0,0,0,0,-136000,0,0,0,2000,138000,-136000,-136000
059115,美食永豐99購01  ,0,0,0,0,0,0,0,0,0,-136000,0,0,0,0,136000,-136000,-136000
053955,華通永豐96購04  ,0,0,0,0,0,0,0,0,0,-136000,0,0,0,15000,151000,-136000,-136000
053718,全新凱基97購02  ,0,0,0,0,0,0,0,0,0,-136000,0,0,0,9000,145000,-136000,-136000
2537,聯上發          ,211000,347000,-136000,0,0,0,0,0,0,0,0,0,0,0,0,0,-136000
060034,立積永豐99購04  ,0,0,0,0,0,0,0,0,0,-137000,0,0,0,0,137000,-137000,-137000
057288,聯茂元大98購03  ,0,0,0,0,0,0,0,0,0,-137000,0,0,0,2000,139000,-137000,-137000
054405,樺漢康和96購01  ,0,0,0,0,0,0,0,0,0,-137000,0,0,0,0,137000,-137000,-137000
3702A,大聯大甲特      ,8000,0,8000,0,0,0,0,0,0,-145000,0,145000,-145000,0,0,0,-137000
058622,國巨國票99購07  ,0,0,0,0,0,0,0,0,0,-138000,0,0,0,25000,163000,-138000,-138000
059883,T50反1國票99購02,0,0,0,0,0,0,0,0,0,-138000,0,0,0,429000,567000,-138000,-138000
059873,華新科凱基99購09,0,0,0,0,0,0,0,0,0,-138000,0,0,0,0,138000,-138000,-138000
056618,京元電永豐98購01,0,0,0,0,0,0,0,0,0,-138000,0,0,0,39000,177000,-138000,-138000
053170,茂林群益96購04  ,0,0,0,0,0,0,0,0,0,-138000,0,0,0,35000,173000,-138000,-138000
056621,宏達電永豐98購01,0,0,0,0,0,0,0,0,0,-140000,0,0,0,0,140000,-140000,-140000
058984,全新凱基9A購03  ,0,0,0,0,0,0,0,0,0,-140000,0,0,0,23000,163000,-140000,-140000
058604,華邦電元大99購03,0,0,0,0,0,0,0,0,0,-140000,0,0,0,2000,142000,-140000,-140000
053599,崇越元大96購01  ,0,0,0,0,0,0,0,0,0,-140000,0,0,0,0,140000,-140000,-140000
054343,世紀鋼元富96購02,0,0,0,0,0,0,0,0,0,-140000,0,0,0,56000,196000,-140000,-140000
059368,T50正2元富99購02,0,0,0,0,0,0,0,0,0,-140000,0,0,0,1000,141000,-140000,-140000
059296,大立光元富99購06,0,0,0,0,0,0,0,0,0,-140000,0,0,0,6000,146000,-140000,-140000
059260,國巨中信99購05  ,0,0,0,0,0,0,0,0,0,-140000,0,0,0,1000,141000,-140000,-140000
07303P,臺股指元大9A售36,0,0,0,0,0,0,0,0,0,-140000,0,0,0,83000,223000,-140000,-140000
058297,茂林凱基9A購02  ,0,0,0,0,0,0,0,0,0,-141000,0,0,0,169000,310000,-141000,-141000
059662,旭富元大9C購01  ,0,0,0,0,0,0,0,0,0,-141000,0,0,0,57000,198000,-141000,-141000
059605,臺股指元大9A購42,0,0,0,0,0,0,0,0,0,-141000,0,0,0,103000,244000,-141000,-141000
059348,日月光凱基99購01,0,0,0,0,0,0,0,0,0,-142000,0,0,0,0,142000,-142000,-142000
059840,鴻海富邦9A購02  ,0,0,0,0,0,0,0,0,0,-142000,0,0,0,20000,162000,-142000,-142000
059137,電子類群益99購01,0,0,0,0,0,0,0,0,0,-142000,0,0,0,85000,227000,-142000,-142000
050223,聯茂元富94購02  ,0,0,0,0,0,0,0,0,0,-142000,0,0,0,0,142000,-142000,-142000
059999,緯穎元富99購01  ,0,0,0,0,0,0,0,0,0,-143000,0,0,0,0,143000,-143000,-143000
058170,國巨凱基9A購06  ,0,0,0,0,0,0,0,0,0,-143000,0,0,0,105000,248000,-143000,-143000
059231,華通國票9A購04  ,0,0,0,0,0,0,0,0,0,-143000,0,0,0,0,143000,-143000,-143000
07306P,台灣50凱基9A售09,0,0,0,0,0,0,0,0,0,-143000,0,0,0,11000,154000,-143000,-143000
059694,創意永豐99購03  ,0,0,0,0,0,0,0,0,0,-144000,0,0,0,78000,222000,-144000,-144000
04604P,華新科國票95售01,0,0,0,0,0,0,0,0,0,-144000,0,0,0,2000,146000,-144000,-144000
057793,群創統一99購02  ,0,0,0,0,0,0,0,0,0,-145000,0,0,0,0,145000,-145000,-145000
07265P,大立光元大99售16,0,0,0,0,0,0,0,0,0,-145000,0,0,0,46000,191000,-145000,-145000
060008,華邦電群益9A購01,0,0,0,0,0,0,0,0,0,-146000,0,0,0,0,146000,-146000,-146000
060009,南亞科群益99購03,0,0,0,0,0,0,0,0,0,-146000,0,0,0,0,146000,-146000,-146000
057525,光磊元大99購01  ,0,0,0,0,0,0,0,0,0,-146000,0,0,0,0,146000,-146000,-146000
047970,鴻海富邦95購01  ,0,0,0,0,0,0,0,0,0,-146000,0,0,0,74000,220000,-146000,-146000
053553,聯詠凱基96購03  ,0,0,0,0,0,0,0,0,0,-146000,0,0,0,0,146000,-146000,-146000
053430,樺漢永豐96購01  ,0,0,0,0,0,0,0,0,0,-146000,0,0,0,0,146000,-146000,-146000
057956,全新元大99購04  ,0,0,0,0,0,0,0,0,0,-147000,0,0,0,0,147000,-147000,-147000
1760,寶齡富錦        ,201000,355000,-154000,0,0,0,0,0,0,7000,20000,13000,7000,0,0,0,-147000
055872,亞泥元富97購01  ,0,0,0,0,0,0,0,0,0,-148000,0,0,0,0,148000,-148000,-148000
057092,健策元富98購01  ,0,0,0,0,0,0,0,0,0,-148000,0,0,0,0,148000,-148000,-148000
056954,聯詠富邦9A購01  ,0,0,0,0,0,0,0,0,0,-148000,0,0,0,5000,153000,-148000,-148000
053113,瀚宇博兆豐97購01,0,0,0,0,0,0,0,0,0,-148000,0,0,0,0,148000,-148000,-148000
052657,友達元富96購01  ,0,0,0,0,0,0,0,0,0,-148000,0,0,0,403000,551000,-148000,-148000
059902,滬深2X元大9C購08,0,0,0,0,0,0,0,0,0,-150000,0,0,0,0,150000,-150000,-150000
055920,智伸科凱基97購02,0,0,0,0,0,0,0,0,0,-150000,0,0,0,0,150000,-150000,-150000
057655,奇力新中信98購05,0,0,0,0,0,0,0,0,0,-150000,0,0,0,0,150000,-150000,-150000
059975,元金2X元大99購02,0,0,0,0,0,0,0,0,0,-150000,0,0,0,10000,160000,-150000,-150000
052068,瑞儀兆豐96購01  ,0,0,0,0,0,0,0,0,0,-150000,0,0,0,0,150000,-150000,-150000
050902,南電元大96購01  ,0,0,0,0,0,0,0,0,0,-150000,0,0,0,1000,151000,-150000,-150000
059989,嘉晶元大9A購01  ,0,0,0,0,0,0,0,0,0,-151000,0,0,0,1000,152000,-151000,-151000
056893,智邦元大98購02  ,0,0,0,0,0,0,0,0,0,-151000,0,0,0,17000,168000,-151000,-151000
054842,台達電兆豐98購01,0,0,0,0,0,0,0,0,0,-151000,0,0,0,58000,209000,-151000,-151000
058293,光寶科凱基9A購01,0,0,0,0,0,0,0,0,0,-152000,0,0,0,0,152000,-152000,-152000
052052,嘉澤凱基95購02  ,0,0,0,0,0,0,0,0,0,-152000,0,0,0,108000,260000,-152000,-152000
059014,SGBR2X元富03購01,0,0,0,0,0,0,0,0,0,-152000,0,0,0,19000,171000,-152000,-152000
058031,旺宏永豐98購04  ,0,0,0,0,0,0,0,0,0,-153000,0,0,0,2000,155000,-153000,-153000
057526,智邦元大98購10  ,0,0,0,0,0,0,0,0,0,-153000,0,0,0,6000,159000,-153000,-153000
059819,台積電凱基99購17,0,0,0,0,0,0,0,0,0,-153000,0,0,0,0,153000,-153000,-153000
056308,TPK元大97購02   ,0,0,0,0,0,0,0,0,0,-153000,0,0,0,0,153000,-153000,-153000
054057,晶豪科國票97購01,0,0,0,0,0,0,0,0,0,-153000,0,0,0,0,153000,-153000,-153000
051300,台光電凱基96購02,0,0,0,0,0,0,0,0,0,-153000,0,0,0,0,153000,-153000,-153000
057093,臻鼎元富98購02  ,0,0,0,0,0,0,0,0,0,-154000,0,0,0,0,154000,-154000,-154000
057275,友達元大9A購04  ,0,0,0,0,0,0,0,0,0,-154000,0,0,0,25000,179000,-154000,-154000
053962,聯茂永豐96購01  ,0,0,0,0,0,0,0,0,0,-154000,0,0,0,5000,159000,-154000,-154000
058763,和碩群益99購01  ,0,0,0,0,0,0,0,0,0,-155000,0,0,0,3000,158000,-155000,-155000
2349,錸德            ,374000,399000,-25000,0,0,0,0,130000,-130000,0,0,0,0,0,0,0,-155000
055215,智邦凱基98購02  ,0,0,0,0,0,0,0,0,0,-156000,0,0,0,0,156000,-156000,-156000
048983,牧德元大95購01  ,0,0,0,0,0,0,0,0,0,-156000,0,0,0,0,156000,-156000,-156000
3038,全台            ,157000,313000,-156000,0,0,0,0,0,0,0,0,0,0,0,0,0,-156000
058910,泰鼎元大99購03  ,0,0,0,0,0,0,0,0,0,-157000,0,0,0,165000,322000,-157000,-157000
056269,新日興統一98購01,0,0,0,0,0,0,0,0,0,-157000,0,0,0,0,157000,-157000,-157000
051809,義隆凱基96購01  ,0,0,0,0,0,0,0,0,0,-157000,0,0,0,28000,185000,-157000,-157000
053519,力成群益96購02  ,0,0,0,0,0,0,0,0,0,-157000,0,0,0,0,157000,-157000,-157000
059825,嘉晶凱基99購02  ,0,0,0,0,0,0,0,0,0,-158000,0,0,0,57000,215000,-158000,-158000
059612,奇鋐永豐99購02  ,0,0,0,0,0,0,0,0,0,-158000,0,0,0,1000,159000,-158000,-158000
059009,世紀鋼元大99購04,0,0,0,0,0,0,0,0,0,-158000,0,0,0,146000,304000,-158000,-158000
058160,奇鋐元富99購01  ,0,0,0,0,0,0,0,0,0,-159000,0,0,0,4000,163000,-159000,-159000
059529,華新科凱基9A購04,0,0,0,0,0,0,0,0,0,-159000,0,0,0,71000,230000,-159000,-159000
055060,聯陽永豐97購01  ,0,0,0,0,0,0,0,0,0,-159000,0,0,0,120000,279000,-159000,-159000
006205,富邦上証        ,111000,42000,69000,0,0,0,0,0,0,-228642,0,0,0,1161358,1390000,-228642,-159642
07391P,台灣50國泰02售01,0,0,0,0,0,0,0,0,0,-160000,0,0,0,52000,212000,-160000,-160000
5388,中磊            ,337000,506168,-169168,0,0,0,0,0,0,9000,1000,0,1000,12000,4000,8000,-160168
05464P,華通康和95售02  ,0,0,0,0,0,0,0,0,0,-161000,0,0,0,13000,174000,-161000,-161000
058994,道瓊指元大99購01,0,0,0,0,0,0,0,0,0,-162000,0,0,0,55000,217000,-162000,-162000
057420,美食凱基98購01  ,0,0,0,0,0,0,0,0,0,-163000,0,0,0,2000,165000,-163000,-163000
059851,晶相光永豐99購02,0,0,0,0,0,0,0,0,0,-164000,0,0,0,19000,183000,-164000,-164000
07243P,台灣50凱基9A售04,0,0,0,0,0,0,0,0,0,-164000,0,0,0,45000,209000,-164000,-164000
059250,大立光凱基99購06,0,0,0,0,0,0,0,0,0,-165000,0,0,0,0,165000,-165000,-165000
07280P,FBVIX凱基99售01 ,0,0,0,0,0,0,0,0,0,-165000,0,0,0,148000,313000,-165000,-165000
052295,揚明光國票96購03,0,0,0,0,0,0,0,0,0,-166000,0,0,0,0,166000,-166000,-166000
056141,聯茂元大97購05  ,0,0,0,0,0,0,0,0,0,-168000,0,0,0,0,168000,-168000,-168000
00752,中信中國50      ,7000,7000,0,0,0,0,0,0,0,-169000,0,0,0,334000,503000,-169000,-169000
07148P,富邦金元大99售01,0,0,0,0,0,0,0,0,0,-169000,0,0,0,9000,178000,-169000,-169000
06739P,聯詠兆豐98售02  ,0,0,0,0,0,0,0,0,0,-169000,0,0,0,109000,278000,-169000,-169000
2408,南亞科          ,5869325,7025911,-1156586,0,0,0,6000,5000,1000,986000,1032000,302000,730000,284000,28000,256000,-169586
058271,訊連永豐99購01  ,0,0,0,0,0,0,0,0,0,-170000,0,0,0,0,170000,-170000,-170000
058507,美律元大9A購01  ,0,0,0,0,0,0,0,0,0,-170000,0,0,0,0,170000,-170000,-170000
054656,深中小元大97購01,0,0,0,0,0,0,0,0,0,-170000,0,0,0,130000,300000,-170000,-170000
07361P,聯發科元大99售34,0,0,0,0,0,0,0,0,0,-170000,0,0,0,20000,190000,-170000,-170000
9934,成霖            ,68000,238000,-170000,0,0,0,0,0,0,0,0,0,0,0,0,0,-170000
060025,台積電富邦9C購06,120000,0,120000,0,0,0,0,0,0,-291000,0,0,0,0,291000,-291000,-171000
059868,台光電凱基99購03,0,0,0,0,0,0,0,0,0,-171000,0,0,0,18000,189000,-171000,-171000
059740,瑞昱元富99購02  ,0,0,0,0,0,0,0,0,0,-171000,0,0,0,6000,177000,-171000,-171000
056495,泰鼎國泰99購01  ,0,0,0,0,0,0,0,0,0,-171000,0,0,0,0,171000,-171000,-171000
059006,樺漢元大99購01  ,0,0,0,0,0,0,0,0,0,-172000,0,0,0,13000,185000,-172000,-172000
053451,致新凱基96購02  ,0,0,0,0,0,0,0,0,0,-172000,0,0,0,0,172000,-172000,-172000
055859,啟碁元大97購03  ,0,0,0,0,0,0,0,0,0,-173000,0,0,0,100000,273000,-173000,-173000
059912,國巨元大99購28  ,0,0,0,0,0,0,0,0,0,-174000,0,0,0,233000,407000,-174000,-174000
059566,台積電凱基9A購11,0,0,0,0,0,0,0,0,0,-174000,0,0,0,88000,262000,-174000,-174000
057174,南亞科元大98購05,0,0,0,0,0,0,0,0,0,-174000,0,0,0,0,174000,-174000,-174000
057562,奇鋐兆豐98購01  ,0,0,0,0,0,0,0,0,0,-174000,0,0,0,100000,274000,-174000,-174000
059151,臺股指國票99購14,0,0,0,0,0,0,0,0,0,-174000,0,0,0,32000,206000,-174000,-174000
055131,茂林康和97購01  ,0,0,0,0,0,0,0,0,0,-174000,0,0,0,399000,573000,-174000,-174000
049130,臺指反元大98購01,0,0,0,0,0,0,0,0,0,-174000,0,0,0,0,174000,-174000,-174000
057286,群創元大9B購05  ,0,0,0,0,0,0,0,0,0,-175000,0,0,0,0,175000,-175000,-175000
058570,臻鼎凱基9A購01  ,0,0,0,0,0,0,0,0,0,-175000,0,0,0,75000,250000,-175000,-175000
057053,立積元大98購02  ,0,0,0,0,0,0,0,0,0,-175000,0,0,0,26000,201000,-175000,-175000
056104,義隆永豐97購01  ,0,0,0,0,0,0,0,0,0,-175000,0,0,0,73000,248000,-175000,-175000
059103,旭富元富99購03  ,0,0,0,0,0,0,0,0,0,-177000,0,0,0,187000,364000,-177000,-177000
059786,全新元大99購06  ,0,0,0,0,0,0,0,0,0,-178000,0,0,0,9000,187000,-178000,-178000
058315,TPK富邦9C購01   ,0,0,0,0,0,0,0,0,0,-178000,0,0,0,73000,251000,-178000,-178000
2355,敬鵬            ,771000,952000,-181000,0,0,0,0,0,0,3000,5000,2000,3000,0,0,0,-178000
058533,玉晶光元富99購01,0,0,0,0,0,0,0,0,0,-179000,0,0,0,0,179000,-179000,-179000
055874,中環元富9A購01  ,0,0,0,0,0,0,0,0,0,-180000,0,0,0,70000,250000,-180000,-180000
059388,國巨凱基99購13  ,0,0,0,0,0,0,0,0,0,-180000,0,0,0,8000,188000,-180000,-180000
056616,台光電永豐98購01,0,0,0,0,0,0,0,0,0,-181000,0,0,0,190000,371000,-181000,-181000
9943,好樂迪          ,56000,237000,-181000,0,0,0,0,0,0,0,0,0,0,0,0,0,-181000
056054,亞德客元大97購05,0,0,0,0,0,0,0,0,0,-182000,0,0,0,20000,202000,-182000,-182000
059995,南亞科元富99購01,0,0,0,0,0,0,0,0,0,-182000,0,0,0,7000,189000,-182000,-182000
051743,揚明光國票96購02,0,0,0,0,0,0,0,0,0,-182000,0,0,0,0,182000,-182000,-182000
4414,如興            ,247000,430000,-183000,0,0,0,0,0,0,1000,1000,0,1000,0,0,0,-182000
1582,信錦            ,165000,348000,-183000,0,0,0,0,0,0,-1000,0,1000,-1000,0,0,0,-184000
056842,全新元富98購01  ,0,0,0,0,0,0,0,0,0,-185000,0,0,0,3000,188000,-185000,-185000
055054,群光永豐97購01  ,0,0,0,0,0,0,0,0,0,-185000,0,0,0,0,185000,-185000,-185000
00639,富邦深100       ,38000,90000,-52000,0,0,0,0,0,0,-133793,0,0,0,820207,954000,-133793,-185793
056939,康控元富98購01  ,0,0,0,0,0,0,0,0,0,-186000,0,0,0,32000,218000,-186000,-186000
057128,台光電凱基98購03,0,0,0,0,0,0,0,0,0,-186000,0,0,0,59000,245000,-186000,-186000
056710,漢唐永豐98購01  ,0,0,0,0,0,0,0,0,0,-186000,0,0,0,0,186000,-186000,-186000
050138,台表科國票95購02,0,0,0,0,0,0,0,0,0,-186000,0,0,0,8000,194000,-186000,-186000
059642,健策凱基99購04  ,0,0,0,0,0,0,0,0,0,-187000,0,0,0,0,187000,-187000,-187000
06780P,義隆元大98售02  ,0,0,0,0,0,0,0,0,0,-187000,0,0,0,89000,276000,-187000,-187000
052818,智邦永豐96購01  ,0,0,0,0,0,0,0,0,0,-188000,0,0,0,0,188000,-188000,-188000
052915,創意元富96購01  ,0,0,0,0,0,0,0,0,0,-188000,0,0,0,35000,223000,-188000,-188000
059316,國巨元大99購23  ,0,0,0,0,0,0,0,0,0,-189000,0,0,0,63000,252000,-189000,-189000
056715,瀚宇博永豐98購01,0,0,0,0,0,0,0,0,0,-189000,0,0,0,0,189000,-189000,-189000
059955,美食康和99購01  ,0,0,0,0,0,0,0,0,0,-190000,0,0,0,0,190000,-190000,-190000
057268,臻鼎兆豐99購01  ,0,0,0,0,0,0,0,0,0,-190000,0,0,0,0,190000,-190000,-190000
060072,國巨元富99購04  ,0,0,0,0,0,0,0,0,0,-190000,0,0,0,0,190000,-190000,-190000
059123,訊芯永豐99購03  ,0,0,0,0,0,0,0,0,0,-190000,0,0,0,6000,196000,-190000,-190000
059174,訊芯凱基99購01  ,0,0,0,0,0,0,0,0,0,-190000,0,0,0,147000,337000,-190000,-190000
050170,臺指反元大97購02,0,0,0,0,0,0,0,0,0,-191000,0,0,0,381000,572000,-191000,-191000
057533,晶相光元大98購02,0,0,0,0,0,0,0,0,0,-192000,0,0,0,7000,199000,-192000,-192000
059918,華新科元大99購20,0,0,0,0,0,0,0,0,0,-192000,0,0,0,0,192000,-192000,-192000
056600,聯茂元富98購01  ,0,0,0,0,0,0,0,0,0,-192000,0,0,0,0,192000,-192000,-192000
059257,臺股指凱基99購35,0,0,0,0,0,0,0,0,0,-192000,0,0,0,36000,228000,-192000,-192000
06900P,FBVIX國票12售01 ,0,0,0,0,0,0,0,0,0,-192000,0,0,0,6000,198000,-192000,-192000
059931,緯穎富邦9A購01  ,0,0,0,0,0,0,0,0,0,-193000,0,0,0,30000,223000,-193000,-193000
054053,聯茂元大96購01  ,0,0,0,0,0,0,0,0,0,-193000,0,0,0,0,193000,-193000,-193000
056176,創意元富97購01  ,0,0,0,0,0,0,0,0,0,-194000,0,0,0,67000,261000,-194000,-194000
054716,緯穎康和97購01  ,0,0,0,0,0,0,0,0,0,-194000,0,0,0,147000,341000,-194000,-194000
056157,聯詠凱基97購03  ,0,0,0,0,0,0,0,0,0,-196000,0,0,0,0,196000,-196000,-196000
059480,美律群益9A購01  ,0,0,0,0,0,0,0,0,0,-196000,0,0,0,0,196000,-196000,-196000
059378,台光電群益9B購01,0,0,0,0,0,0,0,0,0,-196000,0,0,0,22000,218000,-196000,-196000
051845,世紀鋼富邦96購01,0,0,0,0,0,0,0,0,0,-196000,0,0,0,0,196000,-196000,-196000
056178,嘉澤元富97購02  ,0,0,0,0,0,0,0,0,0,-197000,0,0,0,10000,207000,-197000,-197000
057226,上銀凱基98購06  ,0,0,0,0,0,0,0,0,0,-198000,0,0,0,0,198000,-198000,-198000
2023,燁輝            ,236000,434999,-198999,0,0,0,0,0,0,0,0,0,0,0,0,0,-198999
2206,三陽工業        ,91000,289000,-198000,0,0,0,0,0,0,-1000,1000,2000,-1000,0,0,0,-199000
056897,南亞科元大98購02,0,0,0,0,0,0,0,0,0,-200000,0,0,0,6000,206000,-200000,-200000
060252,緯穎元大9A購02  ,0,0,0,0,0,0,0,0,0,-200000,0,0,0,0,200000,-200000,-200000
059347,京鼎凱基99購02  ,0,0,0,0,0,0,0,0,0,-200000,0,0,0,114000,314000,-200000,-200000
059349,台郡凱基99購04  ,0,0,0,0,0,0,0,0,0,-200000,0,0,0,10000,210000,-200000,-200000
059051,和大凱基9A購01  ,0,0,0,0,0,0,0,0,0,-200000,0,0,0,46000,246000,-200000,-200000
05381P,聯詠群益95售02  ,0,0,0,0,0,0,0,0,0,-200000,0,0,0,0,200000,-200000,-200000
059627,旺宏凱基99購10  ,0,0,0,0,0,0,0,0,0,-201000,0,0,0,6000,207000,-201000,-201000
057927,勤誠凱基98購01  ,0,0,0,0,0,0,0,0,0,-201000,0,0,0,0,201000,-201000,-201000
057549,台光電凱基98購05,0,0,0,0,0,0,0,0,0,-201000,0,0,0,48000,249000,-201000,-201000
048396,奇力新國票94購02,0,0,0,0,0,0,0,0,0,-201000,0,0,0,4000,205000,-201000,-201000
1513,中興電          ,173000,375000,-202000,0,0,0,0,0,0,0,0,0,0,0,0,0,-202000
059525,上銀凱基99購08  ,0,0,0,0,0,0,0,0,0,-203000,0,0,0,0,203000,-203000,-203000
054231,國巨群益98購03  ,0,0,0,0,0,0,0,0,0,-203000,0,0,0,20000,223000,-203000,-203000
053101,創意元富96購03  ,0,0,0,0,0,0,0,0,0,-203000,0,0,0,29000,232000,-203000,-203000
2607,榮運            ,130000,333000,-203000,0,0,0,0,0,0,0,0,0,0,0,0,0,-203000
056223,華邦電凱基97購04,0,0,0,0,0,0,0,0,0,-204000,0,0,0,0,204000,-204000,-204000
053889,致茂群益97購01  ,0,0,0,0,0,0,0,0,0,-204000,0,0,0,6000,210000,-204000,-204000
03414B,臺股指凱基99熊01,0,0,0,0,0,0,0,0,0,-204000,0,0,0,141000,345000,-204000,-204000
2379,瑞昱            ,1688183,2083465,-395282,0,0,0,165000,0,165000,26000,94000,90000,4000,25000,3000,22000,-204282
058238,奇鋐元大99購02  ,0,0,0,0,0,0,0,0,0,-205000,0,0,0,22000,227000,-205000,-205000
053062,緯穎富邦97購01  ,0,0,0,0,0,0,0,0,0,-206000,0,0,0,11000,217000,-206000,-206000
2915,潤泰全          ,610465,770875,-160410,0,0,0,0,0,0,-46000,6000,37000,-31000,7000,22000,-15000,-206410
2903,遠百            ,277000,509780,-232780,0,0,0,0,0,0,26000,39000,13000,26000,0,0,0,-206780
060088,國巨元大99購30  ,0,0,0,0,0,0,0,0,0,-207000,0,0,0,20000,227000,-207000,-207000
059102,聯鈞元富99購01  ,0,0,0,0,0,0,0,0,0,-207000,0,0,0,60000,267000,-207000,-207000
059906,臺指反元大9C購04,0,0,0,0,0,0,0,0,0,-208000,0,0,0,2000,210000,-208000,-208000
07292P,臺股指凱基99售44,0,0,0,0,0,0,0,0,0,-208000,0,0,0,704000,912000,-208000,-208000
2006,東和鋼鐵        ,294000,527000,-233000,0,0,0,1000,0,1000,23000,62000,39000,23000,0,0,0,-209000
3665,貿聯-KY         ,319000,510000,-191000,0,0,0,0,0,0,-18000,10000,40000,-30000,12000,0,12000,-209000
059811,高股息凱基99購02,0,0,0,0,0,0,0,0,0,-210000,0,0,0,2000,212000,-210000,-210000
06371P,茂林國票98售04  ,0,0,0,0,0,0,0,0,0,-210000,0,0,0,0,210000,-210000,-210000
057558,致新凱基98購01  ,0,0,0,0,0,0,0,0,0,-210000,0,0,0,0,210000,-210000,-210000
054311,世芯凱基96購02  ,0,0,0,0,0,0,0,0,0,-210000,0,0,0,32000,242000,-210000,-210000
054391,宏達電元富96購04,0,0,0,0,0,0,0,0,0,-210000,0,0,0,0,210000,-210000,-210000
051619,智邦凱基95購07  ,0,0,0,0,0,0,0,0,0,-210000,0,0,0,125000,335000,-210000,-210000
059848,智邦永豐99購01  ,0,0,0,0,0,0,0,0,0,-211000,0,0,0,14000,225000,-211000,-211000
056067,智原元大97購01  ,0,0,0,0,0,0,0,0,0,-212000,0,0,0,0,212000,-212000,-212000
057916,國巨凱基98購13  ,0,0,0,0,0,0,0,0,0,-212000,0,0,0,0,212000,-212000,-212000
059643,日月光凱基99購02,0,0,0,0,0,0,0,0,0,-213000,0,0,0,378000,591000,-213000,-213000
060218,台積電凱基9A購15,0,0,0,0,0,0,0,0,0,-213000,0,0,0,4000,217000,-213000,-213000
054742,京鼎凱基99購01  ,0,0,0,0,0,0,0,0,0,-214000,0,0,0,2000,216000,-214000,-214000
050322,世紀鋼國票95購01,0,0,0,0,0,0,0,0,0,-215000,0,0,0,0,215000,-215000,-215000
060204,矽創元富9A購01  ,0,0,0,0,0,0,0,0,0,-216000,0,0,0,0,216000,-216000,-216000
059870,全新凱基99購05  ,0,0,0,0,0,0,0,0,0,-216000,0,0,0,28000,244000,-216000,-216000
07301P,臺股指元大9A售34,0,0,0,0,0,0,0,0,0,-216000,0,0,0,10000,226000,-216000,-216000
059990,健策元大9A購01  ,0,0,0,0,0,0,0,0,0,-217000,0,0,0,33000,250000,-217000,-217000
051271,華新科群益95購04,0,0,0,0,0,0,0,0,0,-217000,0,0,0,10000,227000,-217000,-217000
2106,建大            ,67000,262000,-195000,0,0,0,0,0,0,-22000,0,22000,-22000,0,0,0,-217000
2027,大成鋼          ,941000,1117000,-176000,0,0,0,0,0,0,-41000,40000,45000,-5000,28000,64000,-36000,-217000
059431,旺宏元大99購14  ,0,0,0,0,0,0,0,0,0,-218000,0,0,0,109000,327000,-218000,-218000
052049,緯創凱基97購01  ,0,0,0,0,0,0,0,0,0,-218000,0,0,0,0,218000,-218000,-218000
058116,正崴中信99購02  ,0,0,0,0,0,0,0,0,0,-221000,0,0,0,145000,366000,-221000,-221000
050590,晶技永豐95購01  ,0,0,0,0,0,0,0,0,0,-221000,0,0,0,50000,271000,-221000,-221000
059281,創意永豐99購02  ,0,0,0,0,0,0,0,0,0,-221000,0,0,0,21000,242000,-221000,-221000
4536,拓凱            ,60000,282000,-222000,0,0,0,0,0,0,-1000,0,0,0,0,1000,-1000,-223000
059135,臺股指群益99購10,0,0,0,0,0,0,0,0,0,-224000,0,0,0,158000,382000,-224000,-224000
059703,旺宏凱基99購11  ,0,0,0,0,0,0,0,0,0,-225000,0,0,0,0,225000,-225000,-225000
2034,允強            ,74000,301000,-227000,0,0,0,0,0,0,1000,1000,0,1000,0,0,0,-226000
2344,華邦電          ,9166496,10258222,-1091726,0,0,0,6000,0,6000,859000,818000,168000,650000,231000,22000,209000,-226726
059610,上銀永豐99購02  ,0,0,0,0,0,0,0,0,0,-227000,0,0,0,11000,238000,-227000,-227000
058283,世紀鋼中信99購01,0,0,0,0,0,0,0,0,0,-227000,0,0,0,449000,676000,-227000,-227000
3044,健鼎            ,1562000,1791000,-229000,0,0,0,64000,60000,4000,-2000,5000,7000,-2000,2000,2000,0,-227000
052674,智邦國泰98購01  ,0,0,0,0,0,0,0,0,0,-228000,0,0,0,0,228000,-228000,-228000
059455,玉晶光永豐99購05,0,0,0,0,0,0,0,0,0,-229000,0,0,0,248000,477000,-229000,-229000
059850,日電貿永豐99購01,0,0,0,0,0,0,0,0,0,-230000,0,0,0,0,230000,-230000,-230000
060182,旺宏元富9A購01  ,0,0,0,0,0,0,0,0,0,-230000,0,0,0,0,230000,-230000,-230000
060078,旺宏台新99購03  ,0,0,0,0,0,0,0,0,0,-231000,0,0,0,10000,241000,-231000,-231000
058397,大成鋼元大99購02,0,0,0,0,0,0,0,0,0,-231000,0,0,0,76000,307000,-231000,-231000
057642,南亞科元大98購07,0,0,0,0,0,0,0,0,0,-231000,0,0,0,0,231000,-231000,-231000
052246,超眾康和95購01  ,0,0,0,0,0,0,0,0,0,-232000,0,0,0,8000,240000,-232000,-232000
054499,台光電永豐96購02,0,0,0,0,0,0,0,0,0,-232000,0,0,0,0,232000,-232000,-232000
3030,德律            ,98000,330000,-232000,0,0,0,0,0,0,0,0,0,0,0,0,0,-232000
00654R,富邦印度反1     ,0,0,0,0,0,0,0,0,0,-232026,0,0,0,162000,394026,-232026,-232026
053631,欣興兆豐97購01  ,0,0,0,0,0,0,0,0,0,-233000,0,0,0,137000,370000,-233000,-233000
059985,華新科元大99購22,0,0,0,0,0,0,0,0,0,-234000,0,0,0,0,234000,-234000,-234000
056297,台光電元大97購04,0,0,0,0,0,0,0,0,0,-234000,0,0,0,12000,246000,-234000,-234000
042315,T50反1台新96購01,0,0,0,0,0,0,0,0,0,-234000,0,0,0,1200000,1434000,-234000,-234000
056098,矽創元富97購02  ,0,0,0,0,0,0,0,0,0,-235000,0,0,0,41000,276000,-235000,-235000
056599,臻鼎元富98購01  ,0,0,0,0,0,0,0,0,0,-235000,0,0,0,0,235000,-235000,-235000
057491,美食元大98購03  ,0,0,0,0,0,0,0,0,0,-235000,0,0,0,0,235000,-235000,-235000
055806,致新永豐97購02  ,0,0,0,0,0,0,0,0,0,-236000,0,0,0,0,236000,-236000,-236000
055457,聚陽永豐97購01  ,0,0,0,0,0,0,0,0,0,-238000,0,0,0,0,238000,-238000,-238000
06605P,玉晶光元富98售03,0,0,0,0,0,0,0,0,0,-239000,0,0,0,11000,250000,-239000,-239000
059963,臺指反凱基99購01,0,0,0,0,0,0,0,0,0,-240000,0,0,0,0,240000,-240000,-240000
053446,欣興凱基96購02  ,0,0,0,0,0,0,0,0,0,-240000,0,0,0,0,240000,-240000,-240000
059764,健策永豐99購04  ,0,0,0,0,0,0,0,0,0,-241000,0,0,0,15000,256000,-241000,-241000
1229,聯華            ,1189000,1429000,-240000,0,0,0,0,0,0,-1000,1000,2000,-1000,0,0,0,-241000
2535,達欣工          ,92000,334000,-242000,0,0,0,0,0,0,0,0,0,0,0,0,0,-242000
059863,和大凱基99購01  ,0,0,0,0,0,0,0,0,0,-243000,0,0,0,1000,244000,-243000,-243000
058115,台光電中信99購01,0,0,0,0,0,0,0,0,0,-247000,0,0,0,0,247000,-247000,-247000
05170P,世芯元大95售01  ,0,0,0,0,0,0,0,0,0,-248000,0,0,0,281000,529000,-248000,-248000
1476,儒鴻            ,792220,1029684,-237464,0,0,0,5000,0,5000,-16000,6000,18000,-12000,0,4000,-4000,-248464
058468,聯茂中信99購02  ,0,0,0,0,0,0,0,0,0,-250000,0,0,0,0,250000,-250000,-250000
060090,台積電元大99購55,0,0,0,0,0,0,0,0,0,-250000,0,0,0,2000,252000,-250000,-250000
059835,聯發科國泰9B購01,0,0,0,0,0,0,0,0,0,-250000,0,0,0,0,250000,-250000,-250000
03440B,臺股指元大9B熊02,0,0,0,0,0,0,0,0,0,-250000,0,0,0,84000,334000,-250000,-250000
04894P,世紀鋼元大94售02,0,0,0,0,0,0,0,0,0,-250000,0,0,0,20000,270000,-250000,-250000
05306P,泰碩國泰97售01  ,0,0,0,0,0,0,0,0,0,-250000,0,0,0,19000,269000,-250000,-250000
054203,滬深2X國票96購03,0,0,0,0,0,0,0,0,0,-250000,0,0,0,0,250000,-250000,-250000
059574,台表科凱基99購02,0,0,0,0,0,0,0,0,0,-252000,0,0,0,118000,370000,-252000,-252000
048859,玉晶光群益96購02,0,0,0,0,0,0,0,0,0,-252000,0,0,0,58000,310000,-252000,-252000
047298,聯茂元富96購01  ,0,0,0,0,0,0,0,0,0,-252000,0,0,0,0,252000,-252000,-252000
050870,旭富永豐95購01  ,0,0,0,0,0,0,0,0,0,-253000,0,0,0,17000,270000,-253000,-253000
2514,龍邦            ,78000,328000,-250000,0,0,0,0,0,0,-3000,0,3000,-3000,0,0,0,-253000
056572,義隆元大99購01  ,0,0,0,0,0,0,0,0,0,-255000,0,0,0,52000,307000,-255000,-255000
059361,玉晶光永豐99購04,0,0,0,0,0,0,0,0,0,-255000,0,0,0,118000,373000,-255000,-255000
058918,SGBR2X元富99購04,0,0,0,0,0,0,0,0,0,-256000,0,0,0,0,256000,-256000,-256000
058985,可成凱基99購03  ,0,0,0,0,0,0,0,0,0,-256000,0,0,0,113000,369000,-256000,-256000
055512,聯詠兆豐97購01  ,0,0,0,0,0,0,0,0,0,-256000,0,0,0,337000,593000,-256000,-256000
055377,揚明光元大98購01,0,0,0,0,0,0,0,0,0,-257000,0,0,0,0,257000,-257000,-257000
2637,慧洋-KY         ,204000,463932,-259932,0,0,0,1000,0,1000,1000,1000,0,1000,0,0,0,-257932
054358,矽創兆豐96購01  ,0,0,0,0,0,0,0,0,0,-258000,0,0,0,10000,268000,-258000,-258000
059264,台光電中信99購02,0,0,0,0,0,0,0,0,0,-259000,0,0,0,68000,327000,-259000,-259000
053112,中磊兆豐97購01  ,0,0,0,0,0,0,0,0,0,-259000,0,0,0,0,259000,-259000,-259000
07300P,臺股指元大9A售33,0,0,0,0,0,0,0,0,0,-260000,0,0,0,91000,351000,-260000,-260000
07276P,臺股指群益99售19,0,0,0,0,0,0,0,0,0,-260000,0,0,0,335000,595000,-260000,-260000
9946,三發地產        ,31000,291000,-260000,0,0,0,0,0,0,0,0,0,0,0,0,0,-260000
059411,臺股指國票99購17,0,0,0,0,0,0,0,0,0,-261000,0,0,0,29000,290000,-261000,-261000
051961,泰碩永豐95購01  ,0,0,0,0,0,0,0,0,0,-261000,0,0,0,0,261000,-261000,-261000
1522,堤維西          ,172000,433000,-261000,0,0,0,0,0,0,0,0,0,0,0,0,0,-261000
059930,健策富邦9B購01  ,0,0,0,0,0,0,0,0,0,-263000,0,0,0,63000,326000,-263000,-263000
2548,華固            ,440000,706000,-266000,0,0,0,0,0,0,3000,3000,0,3000,0,0,0,-263000
049597,泰鼎元大96購01  ,0,0,0,0,0,0,0,0,0,-264000,0,0,0,70000,334000,-264000,-264000
059177,臺股指凱基99購28,0,0,0,0,0,0,0,0,0,-265000,0,0,0,0,265000,-265000,-265000
1736,喬山            ,105000,364380,-259380,0,0,0,0,0,0,-7000,0,0,0,0,7000,-7000,-266380
058282,聯茂中信99購01  ,0,0,0,0,0,0,0,0,0,-268000,0,0,0,0,268000,-268000,-268000
2015,豐興            ,43000,261000,-218000,0,0,0,0,0,0,-51000,1000,52000,-51000,0,0,0,-269000
9802,鈺齊-KY         ,358000,394428,-36428,0,0,0,0,168000,-168000,-65000,0,37000,-37000,1000,29000,-28000,-269428
059514,嘉澤永豐99購02  ,0,0,0,0,0,0,0,0,0,-270000,0,0,0,172000,442000,-270000,-270000
053006,玉晶光永豐96購03,0,0,0,0,0,0,0,0,0,-270000,0,0,0,20000,290000,-270000,-270000
058955,台積電國票9A購04,0,0,0,0,0,0,0,0,0,-272000,0,0,0,57000,329000,-272000,-272000
059920,宏達電元大99購07,0,0,0,0,0,0,0,0,0,-272000,0,0,0,39000,311000,-272000,-272000
8215,明基材          ,285000,558000,-273000,0,0,0,0,0,0,0,0,0,0,0,0,0,-273000
058363,全新凱基9A購02  ,0,0,0,0,0,0,0,0,0,-274000,0,0,0,9000,283000,-274000,-274000
048588,世紀鋼中信94購01,0,0,0,0,0,0,0,0,0,-274000,0,0,0,36000,310000,-274000,-274000
059637,大立光凱基01購01,0,0,0,0,0,0,0,0,0,-275000,0,0,0,5000,280000,-275000,-275000
07315P,台積電台新99售06,0,0,0,0,0,0,0,0,0,-277000,0,0,0,0,277000,-277000,-277000
056523,光寶科中信98購01,0,0,0,0,0,0,0,0,0,-278000,0,0,0,0,278000,-278000,-278000
057850,上銀兆豐99購02  ,0,0,0,0,0,0,0,0,0,-280000,0,0,0,0,280000,-280000,-280000
055736,宏達電元富99購01,0,0,0,0,0,0,0,0,0,-280000,0,0,0,0,280000,-280000,-280000
055684,京鼎凱基97購01  ,0,0,0,0,0,0,0,0,0,-280000,0,0,0,10000,290000,-280000,-280000
08852P,台灣50台新01售01,0,0,0,0,0,0,0,0,0,-280000,0,0,0,0,280000,-280000,-280000
057691,健策凱基99購01  ,0,0,0,0,0,0,0,0,0,-281000,0,0,0,50000,331000,-281000,-281000
059658,國巨元大9A購03  ,0,0,0,0,0,0,0,0,0,-281000,0,0,0,24000,305000,-281000,-281000
3036,文曄            ,172000,440000,-268000,0,0,0,1000,0,1000,-14000,10000,24000,-14000,0,0,0,-281000
050694,國巨凱基96購03  ,0,0,0,0,0,0,0,0,0,-283000,0,0,0,11000,294000,-283000,-283000
054316,矽創凱基97購01  ,0,0,0,0,0,0,0,0,0,-284000,0,0,0,0,284000,-284000,-284000
059680,台積電國泰9A購03,0,0,0,0,0,0,0,0,0,-286000,0,0,0,317000,603000,-286000,-286000
060160,聯陽永豐9A購01  ,0,0,0,0,0,0,0,0,0,-286000,0,0,0,0,286000,-286000,-286000
053900,T50反1日盛99購01,0,0,0,0,0,0,0,0,0,-287000,0,0,0,0,287000,-287000,-287000
059391,立積凱基9A購01  ,0,0,0,0,0,0,0,0,0,-287000,0,0,0,312000,599000,-287000,-287000
2881B,富邦金乙特      ,0,0,0,0,0,0,0,300000,-300000,13000,13000,0,13000,0,0,0,-287000
4958,臻鼎-KY         ,3270300,3499037,-228737,0,0,0,106000,208000,-102000,43000,84000,50000,34000,11000,2000,9000,-287737
2498,宏達電          ,1273000,1715000,-442000,0,0,0,0,0,0,154000,8000,210000,-202000,386000,30000,356000,-288000
1717,長興            ,127400,403000,-275600,0,0,0,0,0,0,-13000,2000,15000,-13000,0,0,0,-288600
056211,南港國票98購01  ,0,0,0,0,0,0,0,0,0,-289000,0,0,0,81000,370000,-289000,-289000
051483,玉晶光凱基96購02,0,0,0,0,0,0,0,0,0,-289000,0,0,0,15000,304000,-289000,-289000
052229,奇力新凱基96購01,0,0,0,0,0,0,0,0,0,-290000,0,0,0,0,290000,-290000,-290000
059755,宏達電國泰9A購01,0,0,0,0,0,0,0,0,0,-292000,0,0,0,263000,555000,-292000,-292000
056926,日月光兆豐98購01,0,0,0,0,0,0,0,0,0,-292000,0,0,0,172000,464000,-292000,-292000
1802,台玻            ,382000,665564,-283564,0,0,0,0,0,0,-9000,0,9000,-9000,0,0,0,-292564
058510,全新元大9B購02  ,0,0,0,0,0,0,0,0,0,-296000,0,0,0,0,296000,-296000,-296000
059993,上銀元富99購01  ,0,0,0,0,0,0,0,0,0,-297000,0,0,0,0,297000,-297000,-297000
059960,健策國票99購01  ,0,0,0,0,0,0,0,0,0,-297000,0,0,0,21000,318000,-297000,-297000
052406,力成凱基95購03  ,0,0,0,0,0,0,0,0,0,-297000,0,0,0,10000,307000,-297000,-297000
9939,宏全            ,227000,623000,-396000,0,0,0,102000,0,102000,-3000,18000,28000,-10000,12000,5000,7000,-297000
059047,元油2X凱基9A購10,0,0,0,0,0,0,0,0,0,-298000,0,0,0,56000,354000,-298000,-298000
058927,勤誠元富99購02  ,0,0,0,0,0,0,0,0,0,-299000,0,0,0,0,299000,-299000,-299000
1723,中碳            ,79000,363000,-284000,0,0,0,0,0,0,-15000,0,15000,-15000,0,0,0,-299000
052399,台光電凱基95購03,0,0,0,0,0,0,0,0,0,-300000,0,0,0,0,300000,-300000,-300000
050190,麗豐元大95購02  ,0,0,0,0,0,0,0,0,0,-300000,0,0,0,0,300000,-300000,-300000
051356,全新元大96購04  ,0,0,0,0,0,0,0,0,0,-301000,0,0,0,0,301000,-301000,-301000
9907,統一實          ,326000,614000,-288000,0,0,0,0,0,0,-14000,0,14000,-14000,0,0,0,-302000
051644,聯茂康和95購01  ,0,0,0,0,0,0,0,0,0,-303000,0,0,0,0,303000,-303000,-303000
00762,元大全球AI      ,1000,1000,0,0,0,0,0,0,0,-303000,0,0,0,5000,308000,-303000,-303000
051895,聯茂元富95購02  ,0,0,0,0,0,0,0,0,0,-304000,0,0,0,0,304000,-304000,-304000
051014,智邦凱基95購01  ,0,0,0,0,0,0,0,0,0,-305000,0,0,0,0,305000,-305000,-305000
6706,惠特            ,228000,583000,-355000,0,0,0,0,0,0,50000,50000,0,50000,0,0,0,-305000
1444,力麗            ,184000,490000,-306000,0,0,0,0,0,0,0,0,0,0,0,0,0,-306000
058821,泰鼎國泰9B購01  ,0,0,0,0,0,0,0,0,0,-307000,0,0,0,105000,412000,-307000,-307000
056256,聯茂元富97購03  ,0,0,0,0,0,0,0,0,0,-307000,0,0,0,5000,312000,-307000,-307000
059301,華新科群益99購04,0,0,0,0,0,0,0,0,0,-312000,0,0,0,4000,316000,-312000,-312000
056314,力成元大97購01  ,0,0,0,0,0,0,0,0,0,-315000,0,0,0,0,315000,-315000,-315000
056810,群創統一9A購01  ,0,0,0,0,0,0,0,0,0,-315000,0,0,0,15000,330000,-315000,-315000
053638,信邦永豐96購01  ,0,0,0,0,0,0,0,0,0,-316000,0,0,0,51000,367000,-316000,-316000
00701,國泰股利精選30  ,0,171000,-171000,0,0,0,0,0,0,-146000,0,0,0,462000,608000,-146000,-317000
059692,聯詠永豐99購01  ,0,0,0,0,0,0,0,0,0,-319000,0,0,0,183000,502000,-319000,-319000
060103,聯詠元大99購01  ,0,0,0,0,0,0,0,0,0,-319000,0,0,0,102000,421000,-319000,-319000
2601,益航            ,581000,946000,-365000,0,0,0,0,0,0,44000,44000,0,44000,0,0,0,-321000
060005,上銀群益99購03  ,0,0,0,0,0,0,0,0,0,-322000,0,0,0,0,322000,-322000,-322000
060120,聯電富邦9B購01  ,0,0,0,0,0,0,0,0,0,-324000,0,0,0,0,324000,-324000,-324000
050343,鴻海元富94購01  ,0,0,0,0,0,0,0,0,0,-325000,0,0,0,750000,1075000,-325000,-325000
059080,亞泥元大99購01  ,0,0,0,0,0,0,0,0,0,-325000,0,0,0,26000,351000,-325000,-325000
058850,華新科群益99購03,0,0,0,0,0,0,0,0,0,-329000,0,0,0,20000,349000,-329000,-329000
052587,景碩永豐97購01  ,0,0,0,0,0,0,0,0,0,-330000,0,0,0,370000,700000,-330000,-330000
051641,矽創國票96購01  ,0,0,0,0,0,0,0,0,0,-330000,0,0,0,25000,355000,-330000,-330000
9188,精熙-DR         ,0,331000,-331000,0,0,0,0,0,0,0,0,0,0,0,0,0,-331000
059864,亞德客凱基99購01,0,0,0,0,0,0,0,0,0,-333000,0,0,0,86000,419000,-333000,-333000
2536,宏普            ,87000,391000,-304000,0,0,0,0,30000,-30000,1000,1000,0,1000,0,0,0,-333000
051531,國巨國票96購04  ,0,0,0,0,0,0,0,0,0,-334000,0,0,0,35000,369000,-334000,-334000
060116,世紀鋼元大99購07,1000,0,1000,0,0,0,0,0,0,-339000,0,0,0,17000,356000,-339000,-338000
052934,中磊元大96購01  ,0,0,0,0,0,0,0,0,0,-338000,0,0,0,0,338000,-338000,-338000
058435,旺宏統一9B購02  ,0,0,0,0,0,0,0,0,0,-340000,0,0,0,0,340000,-340000,-340000
052816,上銀永豐96購01  ,0,0,0,0,0,0,0,0,0,-340000,0,0,0,0,340000,-340000,-340000
058187,泰碩永豐99購01  ,0,0,0,0,0,0,0,0,0,-341000,0,0,0,74000,415000,-341000,-341000
06869P,金融類元大99售01,0,0,0,0,0,0,0,0,0,-341000,0,0,0,5000,346000,-341000,-341000
059943,信邦永豐99購01  ,0,0,0,0,0,0,0,0,0,-343000,0,0,0,0,343000,-343000,-343000
059513,揚明光永豐99購01,0,0,0,0,0,0,0,0,0,-344000,0,0,0,15000,359000,-344000,-344000
057815,信邦元大98購01  ,0,0,0,0,0,0,0,0,0,-345000,0,0,0,0,345000,-345000,-345000
057123,上銀凱基98購05  ,0,0,0,0,0,0,0,0,0,-345000,0,0,0,0,345000,-345000,-345000
057517,矽創元富98購02  ,0,0,0,0,0,0,0,0,0,-351000,0,0,0,6000,357000,-351000,-351000
1304,台聚            ,652000,1005000,-353000,0,0,0,0,0,0,0,0,0,0,0,0,0,-353000
059827,晶技凱基99購03  ,0,0,0,0,0,0,0,0,0,-354000,0,0,0,43000,397000,-354000,-354000
058245,訊連元大99購01  ,0,0,0,0,0,0,0,0,0,-357000,0,0,0,0,357000,-357000,-357000
2101,南港            ,252000,600000,-348000,0,0,0,0,0,0,-9000,18000,19000,-1000,0,8000,-8000,-357000
059254,台表科凱基9A購02,0,0,0,0,0,0,0,0,0,-359000,0,0,0,70000,429000,-359000,-359000
059273,臺指反元大9C購03,0,0,0,0,0,0,0,0,0,-360000,0,0,0,0,360000,-360000,-360000
059528,華新科凱基99購06,0,0,0,0,0,0,0,0,0,-361000,0,0,0,21000,382000,-361000,-361000
057383,玉晶光富邦9A購01,0,0,0,0,0,0,0,0,0,-363000,0,0,0,75000,438000,-363000,-363000
059403,T50反1台新03購03,0,0,0,0,0,0,0,0,0,-363000,0,0,0,0,363000,-363000,-363000
055849,聯詠元大97購05  ,0,0,0,0,0,0,0,0,0,-364000,0,0,0,0,364000,-364000,-364000
057730,聯鈞國泰9A購01  ,0,0,0,0,0,0,0,0,0,-367000,0,0,0,356000,723000,-367000,-367000
059200,京鼎永豐99購02  ,0,0,0,0,0,0,0,0,0,-367000,0,0,0,9000,376000,-367000,-367000
053064,國巨群益96購04  ,0,0,0,0,0,0,0,0,0,-369000,0,0,0,65000,434000,-369000,-369000
048873,玉晶光國票95購02,0,0,0,0,0,0,0,0,0,-370000,0,0,0,64000,434000,-370000,-370000
00652,富邦印度        ,0,390000,-390000,0,0,0,0,0,0,19524,0,0,0,115524,96000,19524,-370476
8046,南電            ,1970000,1343524,626476,0,0,0,0,1102000,-1102000,103000,26000,4000,22000,110000,29000,81000,-372524
057300,訊連永豐98購01  ,0,0,0,0,0,0,0,0,0,-373000,0,0,0,8000,381000,-373000,-373000
1718,中纖            ,1267000,1629000,-362000,0,0,0,0,0,0,-11000,1000,2000,-1000,4000,14000,-10000,-373000
07334P,臺股指國票99售19,0,0,0,0,0,0,0,0,0,-374000,0,0,0,32000,406000,-374000,-374000
055924,深中小群益9B購01,0,0,0,0,0,0,0,0,0,-375000,0,0,0,25000,400000,-375000,-375000
8213,志超            ,155000,347000,-192000,0,0,0,0,0,0,-184000,0,184000,-184000,0,0,0,-376000
046937,聯電元大99購01  ,0,0,0,0,0,0,0,0,0,-380000,0,0,0,53000,433000,-380000,-380000
054376,聯茂中信97購01  ,0,0,0,0,0,0,0,0,0,-381000,0,0,0,5000,386000,-381000,-381000
059460,GIS永豐99購02   ,0,0,0,0,0,0,0,0,0,-385000,0,0,0,7000,392000,-385000,-385000
060186,義隆元富9A購01  ,0,0,0,0,0,0,0,0,0,-385000,0,0,0,0,385000,-385000,-385000
6285,啟碁            ,273000,653000,-380000,0,0,0,0,0,0,-7000,9000,22000,-13000,8000,2000,6000,-387000
2605,新興            ,495000,879000,-384000,0,0,0,0,0,0,-4000,0,4000,-4000,0,0,0,-388000
059387,華通凱基9A購03  ,0,0,0,0,0,0,0,0,0,-390000,0,0,0,77000,467000,-390000,-390000
053386,聯詠元大96購03  ,0,0,0,0,0,0,0,0,0,-390000,0,0,0,0,390000,-390000,-390000
06852P,臺股指元大98售11,0,0,0,0,0,0,0,0,0,-390000,0,0,0,788000,1178000,-390000,-390000
054862,群光群益97購01  ,0,0,0,0,0,0,0,0,0,-393000,0,0,0,93000,486000,-393000,-393000
07147P,高鐵元大99售01  ,0,0,0,0,0,0,0,0,0,-395000,0,0,0,0,395000,-395000,-395000
07407P,欣興凱基99售07  ,0,0,0,0,0,0,0,0,0,-397000,0,0,0,30000,427000,-397000,-397000
1310,台苯            ,244000,610000,-366000,0,0,0,0,0,0,-33000,2000,35000,-33000,0,0,0,-399000
053630,奇鋐兆豐97購01  ,0,0,0,0,0,0,0,0,0,-400000,0,0,0,13000,413000,-400000,-400000
059978,國巨元大99購29  ,0,0,0,0,0,0,0,0,0,-407000,0,0,0,5000,412000,-407000,-407000
6412,群電            ,75000,885000,-810000,0,0,0,406000,0,406000,-3000,0,0,0,0,3000,-3000,-407000
059572,華新科凱基99購08,0,0,0,0,0,0,0,0,0,-409000,0,0,0,24000,433000,-409000,-409000
3005,神基            ,182000,596000,-414000,0,0,0,0,0,0,5000,0,3000,-3000,10000,2000,8000,-409000
059867,華邦電凱基99購02,0,0,0,0,0,0,0,0,0,-415000,0,0,0,137000,552000,-415000,-415000
059313,元石油元大99購06,0,0,0,0,0,0,0,0,0,-417000,0,0,0,65000,482000,-417000,-417000
054502,泰碩永豐96購01  ,0,0,0,0,0,0,0,0,0,-418000,0,0,0,82000,500000,-418000,-418000
9921,巨大            ,1239000,1657561,-418561,0,0,0,0,0,0,0,0,0,0,0,0,0,-418561
057775,南亞科群益98購02,0,0,0,0,0,0,0,0,0,-419000,0,0,0,0,419000,-419000,-419000
059763,華擎永豐99購03  ,0,0,0,0,0,0,0,0,0,-419000,0,0,0,59000,478000,-419000,-419000
05888P,友達元大97售01  ,50000,0,50000,0,0,0,0,0,0,-471000,0,0,0,12000,483000,-471000,-421000
060052,宏碁凱基99購01  ,0,0,0,0,0,0,0,0,0,-421000,0,0,0,10000,431000,-421000,-421000
1477,聚陽            ,494536,926000,-431464,0,0,0,39000,0,39000,-29000,2000,30000,-28000,0,1000,-1000,-421464
8926,台汽電          ,183000,616000,-433000,0,0,0,1000,0,1000,10000,10000,0,10000,0,0,0,-422000
060119,上銀富邦9B購03  ,0,0,0,0,0,0,0,0,0,-423000,0,0,0,0,423000,-423000,-423000
057446,旺宏元富02購01  ,0,0,0,0,0,0,0,0,0,-423000,0,0,0,1000,424000,-423000,-423000
2481,強茂            ,325000,754000,-429000,0,0,0,0,0,0,2000,1000,0,1000,1000,0,1000,-427000
056479,玉晶光元大99購05,0,0,0,0,0,0,0,0,0,-428000,0,0,0,121000,549000,-428000,-428000
058204,世芯凱基9A購01  ,0,0,0,0,0,0,0,0,0,-436000,0,0,0,244000,680000,-436000,-436000
03435B,臺股指凱基99熊29,0,0,0,0,0,0,0,0,0,-441000,0,0,0,13000,454000,-441000,-441000
056418,台光電元富98購01,0,0,0,0,0,0,0,0,0,-447000,0,0,0,104000,551000,-447000,-447000
059451,國巨永豐99購05  ,0,0,0,0,0,0,0,0,0,-448000,0,0,0,5000,453000,-448000,-448000
055639,上銀元富97購02  ,0,0,0,0,0,0,0,0,0,-449000,0,0,0,0,449000,-449000,-449000
059689,南亞科永豐99購02,0,0,0,0,0,0,0,0,0,-453000,0,0,0,126000,579000,-453000,-453000
058134,信邦元大99購01  ,0,0,0,0,0,0,0,0,0,-455000,0,0,0,9000,464000,-455000,-455000
2102,泰豐            ,363000,818000,-455000,0,0,0,0,0,0,-1000,0,1000,-1000,0,0,0,-456000
07291P,臺股指凱基99售43,0,0,0,0,0,0,0,0,0,-456000,0,0,0,81000,537000,-456000,-456000
048801,漢唐富邦96購02  ,0,0,0,0,0,0,0,0,0,-459000,0,0,0,0,459000,-459000,-459000
059181,世紀鋼元富9C購01,0,0,0,0,0,0,0,0,0,-460000,0,0,0,62000,522000,-460000,-460000
058926,勤誠元富99購01  ,0,0,0,0,0,0,0,0,0,-463000,0,0,0,0,463000,-463000,-463000
057820,華擎元大98購02  ,0,0,0,0,0,0,0,0,0,-464000,0,0,0,204000,668000,-464000,-464000
058200,世芯康和99購01  ,0,0,0,0,0,0,0,0,0,-464000,0,0,0,97000,561000,-464000,-464000
053077,同欣電永豐96購01,0,0,0,0,0,0,0,0,0,-464000,0,0,0,0,464000,-464000,-464000
2912,統一超          ,1824615,2272964,-448349,0,0,0,5000,25000,-20000,4000,7000,5000,2000,2000,0,2000,-464349
060047,道瓊反凱基99購01,30000,0,30000,0,0,0,0,0,0,-495000,0,0,0,0,495000,-495000,-465000
00850,元大臺灣ESG永續 ,1000,6000,-5000,0,0,0,0,0,0,-462000,0,0,0,983000,1445000,-462000,-467000
060226,道瓊反元大9A購01,0,0,0,0,0,0,0,0,0,-469000,0,0,0,0,469000,-469000,-469000
057252,牧德元富98購01  ,0,0,0,0,0,0,0,0,0,-470000,0,0,0,0,470000,-470000,-470000
1712,興農            ,149000,621000,-472000,0,0,0,0,0,0,0,0,0,0,0,0,0,-472000
053083,中環元大99購01  ,0,0,0,0,0,0,0,0,0,-473000,0,0,0,205000,678000,-473000,-473000
052822,泰碩永豐97購01  ,15000,0,15000,0,0,0,0,0,0,-489000,0,0,0,147000,636000,-489000,-474000
059578,智邦元富99購02  ,0,0,0,0,0,0,0,0,0,-475000,0,0,0,337000,812000,-475000,-475000
059246,奇力新凱基9A購02,0,0,0,0,0,0,0,0,0,-475000,0,0,0,0,475000,-475000,-475000
059820,南亞科凱基99購07,0,0,0,0,0,0,0,0,0,-480000,0,0,0,5000,485000,-480000,-480000
040761,T50反1凱基95購02,0,0,0,0,0,0,0,0,0,-480000,0,0,0,0,480000,-480000,-480000
053361,友達元富99購01  ,0,0,0,0,0,0,0,0,0,-481000,0,0,0,138000,619000,-481000,-481000
059822,聯發科凱基99購19,0,0,0,0,0,0,0,0,0,-483000,0,0,0,154000,637000,-483000,-483000
054943,群光元大97購01  ,0,0,0,0,0,0,0,0,0,-483000,0,0,0,216000,699000,-483000,-483000
049820,世紀鋼元大96購03,0,0,0,0,0,0,0,0,0,-483000,0,0,0,320000,803000,-483000,-483000
07312P,台灣50元大99售10,0,0,0,0,0,0,0,0,0,-484000,0,0,0,61000,545000,-484000,-484000
057475,聯電元大9A購01  ,0,0,0,0,0,0,0,0,0,-485000,0,0,0,30000,515000,-485000,-485000
059322,晶技元大99購06  ,0,0,0,0,0,0,0,0,0,-488000,0,0,0,6000,494000,-488000,-488000
059871,義隆凱基99購03  ,0,0,0,0,0,0,0,0,0,-489000,0,0,0,38000,527000,-489000,-489000
055061,聯詠永豐97購01  ,0,0,0,0,0,0,0,0,0,-492000,0,0,0,0,492000,-492000,-492000
052269,T50反1日盛9B購01,0,0,0,0,0,0,0,0,0,-492000,0,0,0,0,492000,-492000,-492000
050116,嘉澤元大94購03  ,0,0,0,0,0,0,0,0,0,-495000,0,0,0,0,495000,-495000,-495000
2104,國際中橡        ,1101390,1591000,-489610,0,0,0,0,0,0,-6000,1000,7000,-6000,0,0,0,-495610
5434,崇越            ,492000,988792,-496792,0,0,0,0,0,0,0,0,0,0,0,0,0,-496792
057457,華邦電富邦98購01,0,0,0,0,0,0,0,0,0,-497000,0,0,0,98000,595000,-497000,-497000
058312,大毅國泰9B購01  ,0,0,0,0,0,0,0,0,0,-500000,0,0,0,0,500000,-500000,-500000
058839,瑞儀中信99購02  ,0,0,0,0,0,0,0,0,0,-500000,0,0,0,235000,735000,-500000,-500000
1314,中石化          ,3749000,4286932,-537932,0,0,0,5000,0,5000,32000,105000,111000,-6000,38000,0,38000,-500932
2520,冠德            ,311000,827988,-516988,0,0,0,0,0,0,9000,11000,2000,9000,0,0,0,-507988
058725,美律富邦9A購01  ,0,0,0,0,0,0,0,0,0,-516000,0,0,0,10000,526000,-516000,-516000
059606,上銀富邦9B購02  ,0,0,0,0,0,0,0,0,0,-518000,0,0,0,55000,573000,-518000,-518000
059397,T50反1元富99購05,0,0,0,0,0,0,0,0,0,-520000,0,0,0,121000,641000,-520000,-520000
07259P,滬深2X國票01售01,0,0,0,0,0,0,0,0,0,-520000,0,0,0,9000,529000,-520000,-520000
051722,玉晶光永豐97購01,6000,0,6000,0,0,0,0,0,0,-527000,0,0,0,446000,973000,-527000,-521000
9136,巨騰-DR         ,9000,531000,-522000,0,0,0,0,0,0,0,0,0,0,0,0,0,-522000
058405,訊連元大99購02  ,0,0,0,0,0,0,0,0,0,-528000,0,0,0,28000,556000,-528000,-528000
059255,臺股指凱基99購33,0,0,0,0,0,0,0,0,0,-533000,0,0,0,53000,586000,-533000,-533000
051403,玉晶光永豐95購05,0,0,0,0,0,0,0,0,0,-534000,0,0,0,105000,639000,-534000,-534000
6005,群益證          ,1106650,1642000,-535350,0,0,0,0,0,0,0,0,0,0,0,0,0,-535350
056196,聯茂富邦98購02  ,0,0,0,0,0,0,0,0,0,-538000,0,0,0,0,538000,-538000,-538000
055196,致新元富97購01  ,0,0,0,0,0,0,0,0,0,-543000,0,0,0,2000,545000,-543000,-543000
8112,至上            ,879000,1997000,-1118000,0,0,0,0,0,0,572000,147000,1000,146000,426000,0,426000,-546000
058203,信邦凱基99購01  ,0,0,0,0,0,0,0,0,0,-547000,0,0,0,89000,636000,-547000,-547000
1319,東陽            ,379493,947000,-567507,0,0,0,0,0,0,16000,16000,0,16000,0,0,0,-551507
058132,義隆元大99購03  ,0,0,0,0,0,0,0,0,0,-553000,0,0,0,76000,629000,-553000,-553000
056774,和鑫元大98購01  ,0,0,0,0,0,0,0,0,0,-560000,0,0,0,331000,891000,-560000,-560000
056473,奇力新元大99購02,0,0,0,0,0,0,0,0,0,-561000,0,0,0,2000,563000,-561000,-561000
047410,上銀元富96購01  ,0,0,0,0,0,0,0,0,0,-564000,0,0,0,0,564000,-564000,-564000
060033,臻鼎永豐99購01  ,0,0,0,0,0,0,0,0,0,-567000,0,0,0,0,567000,-567000,-567000
5876,上海商銀        ,4443921,5005905,-561984,0,0,0,10000,0,10000,-17000,8000,55000,-47000,36000,6000,30000,-568984
059213,國巨元大99購19  ,0,0,0,0,0,0,0,0,0,-574000,0,0,0,11000,585000,-574000,-574000
047629,深中小元大96購01,0,0,0,0,0,0,0,0,0,-580000,0,0,0,20000,600000,-580000,-580000
9105,泰金寶-DR       ,84000,667000,-583000,0,0,0,0,0,0,0,0,0,0,0,0,0,-583000
057940,和大國票99購01  ,0,0,0,0,0,0,0,0,0,-587000,0,0,0,64000,651000,-587000,-587000
05446P,緯穎元大95售04  ,0,0,0,0,0,0,0,0,0,-590000,0,0,0,115000,705000,-590000,-590000
3376,新日興          ,444334,823000,-378666,0,0,0,231000,496000,-265000,53000,110000,60000,50000,4000,1000,3000,-590666
6202,盛群            ,345000,944000,-599000,0,0,0,0,0,0,5000,5000,0,5000,0,0,0,-594000
5522,遠雄            ,401000,950000,-549000,0,0,0,0,0,0,-45000,5000,50000,-45000,0,0,0,-594000
059730,晶相光元大9C購02,0,0,0,0,0,0,0,0,0,-597000,0,0,0,109000,706000,-597000,-597000
2615,萬海            ,354000,953044,-599044,0,0,0,4000,0,4000,-5000,4000,9000,-5000,0,0,0,-600044
059865,國巨凱基01購01  ,0,0,0,0,0,0,0,0,0,-605000,0,0,0,30000,635000,-605000,-605000
06142P,台虹康和97售02  ,0,0,0,0,0,0,0,0,0,-605000,0,0,0,54000,659000,-605000,-605000
050615,奇力新元大95購03,0,0,0,0,0,0,0,0,0,-609000,0,0,0,0,609000,-609000,-609000
3023,信邦            ,713000,1306468,-593468,0,0,0,0,58000,-58000,35000,17000,19000,-2000,37000,0,37000,-616468
056916,台達電兆豐98購02,0,0,0,0,0,0,0,0,0,-623000,0,0,0,0,623000,-623000,-623000
059614,致新永豐99購01  ,0,0,0,0,0,0,0,0,0,-623000,0,0,0,0,623000,-623000,-623000
2913,農林            ,244000,878000,-634000,0,0,0,0,0,0,9000,17000,8000,9000,0,0,0,-625000
1904,正隆            ,1142000,675000,467000,0,0,0,0,1088000,-1088000,-4000,3000,7000,-4000,0,0,0,-625000
00712,FH富時不動產    ,1000,99000,-98000,0,0,0,0,0,0,-528000,0,0,0,218000,746000,-528000,-626000
060171,宏達電台新9A購01,0,0,0,0,0,0,0,0,0,-635000,0,0,0,0,635000,-635000,-635000
2633,台灣高鐵        ,2283197,2897519,-614322,0,0,0,9000,0,9000,-36000,21000,0,21000,10000,67000,-57000,-641322
2014,中鴻            ,548000,1139436,-591436,0,0,0,0,0,0,-53000,0,53000,-53000,0,0,0,-644436
2889,國票金          ,1433000,2083000,-650000,0,0,0,0,0,0,-1000,3000,4000,-1000,0,0,0,-651000
056488,致新元大99購01  ,0,0,0,0,0,0,0,0,0,-653000,0,0,0,15000,668000,-653000,-653000
049272,世紀鋼元大96購02,0,0,0,0,0,0,0,0,0,-655000,0,0,0,252000,907000,-655000,-655000
2383,台光電          ,1470200,2423624,-953424,0,0,0,210000,3000,207000,90000,164000,95000,69000,70000,49000,21000,-656424
060237,友達元大9A購06  ,0,0,0,0,0,0,0,0,0,-660000,0,0,0,0,660000,-660000,-660000
059907,道瓊指元大99購03,0,0,0,0,0,0,0,0,0,-662000,0,0,0,12000,674000,-662000,-662000
059340,鴻海凱基9A購12  ,0,0,0,0,0,0,0,0,0,-663000,0,0,0,80000,743000,-663000,-663000
059878,聯茂凱基99購07  ,0,0,0,0,0,0,0,0,0,-664000,0,0,0,103000,767000,-664000,-664000
2841,台開            ,526000,1193000,-667000,0,0,0,0,0,0,0,0,0,0,0,0,0,-667000
4915,致伸            ,1153000,1823144,-670144,0,0,0,0,0,0,2000,1000,2000,-1000,3000,0,3000,-668144
055197,致新元富97購02  ,0,0,0,0,0,0,0,0,0,-673000,0,0,0,0,673000,-673000,-673000
059133,臺股指群益99購08,0,0,0,0,0,0,0,0,0,-685000,0,0,0,129000,814000,-685000,-685000
059676,台積電台新99購05,0,0,0,0,0,0,0,0,0,-702000,0,0,0,89000,791000,-702000,-702000
057872,旺宏元大99購06  ,0,0,0,0,0,0,0,0,0,-715000,0,0,0,30000,745000,-715000,-715000
1536,和大            ,418000,1144000,-726000,0,0,0,0,0,0,4000,14000,10000,4000,0,0,0,-722000
00676R,富邦臺灣加權反1 ,18000,0,18000,0,0,0,0,0,0,-748000,0,0,0,1279000,2027000,-748000,-730000
006208,富邦台50        ,13000,13000,0,0,0,0,0,0,0,-741000,0,0,0,1071000,1812000,-741000,-741000
058920,SGBR2X元富99購06,0,0,0,0,0,0,0,0,0,-748000,0,0,0,679000,1427000,-748000,-748000
051721,玉晶光永豐96購02,0,0,0,0,0,0,0,0,0,-767000,0,0,0,232000,999000,-767000,-767000
059859,國巨群益9A購03  ,0,0,0,0,0,0,0,0,0,-775000,0,0,0,16000,791000,-775000,-775000
00737,國泰AI+Robo     ,5000,1093000,-1088000,0,0,0,0,0,0,307000,0,0,0,782000,475000,307000,-781000
058746,華通凱基9A購02  ,0,0,0,0,0,0,0,0,0,-802000,0,0,0,88000,890000,-802000,-802000
048748,國巨元富96購01  ,0,0,0,0,0,0,0,0,0,-823000,0,0,0,1000,824000,-823000,-823000
2323,中環            ,1919000,2645000,-726000,0,0,0,0,0,0,-119000,3000,12000,-9000,42000,152000,-110000,-845000
055707,聯鈞永豐98購01  ,0,0,0,0,0,0,0,0,0,-849000,0,0,0,22000,871000,-849000,-849000
059128,友達中信99購02  ,0,25000,-25000,0,0,0,0,0,0,-837000,0,0,0,888000,1725000,-837000,-862000
058688,矽創凱基9A購01  ,0,0,0,0,0,0,0,0,0,-887000,0,0,0,171000,1058000,-887000,-887000
059607,台積電富邦9C購04,0,0,0,0,0,0,0,0,0,-928000,0,0,0,60000,988000,-928000,-928000
059153,臺股指國票99購16,0,0,0,0,0,0,0,0,0,-929000,0,0,0,239000,1168000,-929000,-929000
00640L,富邦日本正2     ,0,58000,-58000,0,0,0,0,0,0,-890000,0,0,0,499000,1389000,-890000,-948000
00738U,元大道瓊白銀    ,109000,868000,-759000,0,0,0,0,0,0,-192000,0,0,0,478000,670000,-192000,-951000
2103,台橡            ,572000,1528942,-956942,0,0,0,0,0,0,0,0,0,0,0,0,0,-956942
07341P,台積電凱基99售18,0,0,0,0,0,0,0,0,0,-999000,0,0,0,198000,1197000,-999000,-999000
9933,中鼎            ,323000,1338000,-1015000,0,0,0,0,0,0,14000,14000,0,14000,0,0,0,-1001000
2845,遠東銀          ,863000,1885480,-1022480,0,0,0,6000,0,6000,9000,9000,0,9000,0,0,0,-1007480
059628,智邦凱基99購04  ,110000,0,110000,0,0,0,0,0,0,-1149000,0,0,0,88000,1237000,-1149000,-1039000
2603,長榮            ,3816622,4952332,-1135710,0,0,0,7000,0,7000,89000,89000,0,89000,0,0,0,-1039710
2357,華碩            ,1081638,2166042,-1084404,0,0,0,2000,0,2000,18000,11000,2000,9000,9000,0,9000,-1064404
6278,台表科          ,1160000,2183404,-1023404,0,0,0,66000,146000,-80000,35000,6000,5000,1000,34000,0,34000,-1068404
4927,泰鼎-KY         ,1427000,906000,521000,0,0,0,590000,2169000,-1579000,-12000,60000,90000,-30000,64000,46000,18000,-1070000
00717,富邦美國特別股  ,0,136000,-136000,0,0,0,0,0,0,-938000,0,0,0,323000,1261000,-938000,-1074000
2504,國產            ,1758000,880000,878000,0,0,0,0,1955000,-1955000,-1000,3000,0,3000,0,4000,-4000,-1078000
059640,聯詠凱基99購04  ,0,0,0,0,0,0,0,0,0,-1081000,0,0,0,321000,1402000,-1081000,-1081000
059395,T50反1元富99購03,0,0,0,0,0,0,0,0,0,-1095000,0,0,0,355000,1450000,-1095000,-1095000
0050,元大台灣50      ,1121000,893000,228000,0,0,0,168000,0,168000,-1492000,16000,19000,-3000,2282000,3771000,-1489000,-1096000
03438B,臺股指元大96熊27,0,0,0,0,0,0,0,0,0,-1104000,0,0,0,407000,1511000,-1104000,-1104000
2002,中鋼            ,12574644,13709881,-1135237,0,0,0,58000,0,58000,-34000,9000,79000,-70000,59000,23000,36000,-1111237
1789,神隆            ,729000,1806000,-1077000,0,0,0,0,0,0,-50000,0,50000,-50000,0,0,0,-1127000
060099,宏達電元大99購09,0,0,0,0,0,0,0,0,0,-1163000,0,0,0,8000,1171000,-1163000,-1163000
3016,嘉晶            ,469000,664000,-195000,0,0,0,0,1000000,-1000000,3000,0,0,0,6000,3000,3000,-1192000
058531,華通元富99購01  ,0,0,0,0,0,0,0,0,0,-1206000,0,0,0,102000,1308000,-1206000,-1206000
03033P,微星國票03售01  ,10000,60000,-50000,0,0,0,0,0,0,-1173000,0,0,0,0,1173000,-1173000,-1223000
00693U,街口S&P黃豆     ,2000,2000,0,0,0,0,0,0,0,-1271000,0,0,0,459000,1730000,-1271000,-1271000
053586,建準元大96購01  ,0,0,0,0,0,0,0,0,0,-1292000,0,0,0,66000,1358000,-1292000,-1292000
00692,富邦公司治理    ,10000,19000,-9000,0,0,0,0,0,0,-1298000,0,0,0,1882000,3180000,-1298000,-1307000
1409,新纖            ,229000,1431000,-1202000,0,0,0,0,0,0,-119000,1000,120000,-119000,0,0,0,-1321000
2474,可成            ,8489164,9913023,-1423859,0,0,0,2000,0,2000,78000,72000,6000,66000,16000,4000,12000,-1343859
1605,華新            ,3296000,4333136,-1037136,0,0,0,5000,0,5000,-318000,1000,362000,-361000,43000,0,43000,-1350136
3042,晶技            ,2040000,3835000,-1795000,0,0,0,299000,0,299000,138000,26000,3000,23000,162000,47000,115000,-1358000
1909,榮成            ,1557335,2864000,-1306665,0,0,0,0,0,0,-65000,7000,72000,-65000,0,0,0,-1371665
1101,台泥            ,6291909,7829298,-1537389,0,0,0,124000,0,124000,6000,43000,75000,-32000,38000,0,38000,-1407389
057206,立積元富98購01  ,0,0,0,0,0,0,0,0,0,-1448000,0,0,0,612000,2060000,-1448000,-1448000
2634,漢翔            ,202000,1633794,-1431794,0,0,0,2000,0,2000,-24000,1000,25000,-24000,0,0,0,-1453794
6269,台郡            ,811000,1813000,-1002000,0,0,0,156000,753000,-597000,111000,120000,9000,111000,2000,2000,0,-1488000
00642U,元大S&P石油     ,93000,67000,26000,0,0,0,0,0,0,-1528000,0,0,0,545000,2073000,-1528000,-1502000
2385,群光            ,1607351,3539568,-1932217,0,0,0,306000,58000,248000,125000,68000,4000,64000,61000,0,61000,-1559217
054533,泰碩國泰98購01  ,0,0,0,0,0,0,0,0,0,-1576000,0,0,0,220000,1796000,-1576000,-1576000
2367,燿華            ,1567000,3157580,-1590580,0,0,0,0,0,0,-1000,0,3000,-3000,9000,7000,2000,-1591580
1312,國喬            ,466000,2173972,-1707972,0,0,0,0,0,0,28000,56000,12000,44000,3000,19000,-16000,-1679972
1504,東元            ,577000,2413000,-1836000,0,0,0,2000,0,2000,4000,8000,4000,4000,0,0,0,-1830000
060055,宏達電凱基99購06,0,0,0,0,0,0,0,0,0,-1935000,0,0,0,9000,1944000,-1935000,-1935000
2105,正新            ,2162387,4190253,-2027866,0,0,0,5000,0,5000,26000,17000,0,17000,9000,0,9000,-1996866
8150,南茂            ,1316000,3323316,-2007316,0,0,0,0,0,0,-17000,1000,12000,-11000,17000,23000,-6000,-2024316
060142,臺指反國票9B購01,0,0,0,0,0,0,0,0,0,-2054000,0,0,0,0,2054000,-2054000,-2054000
3049,和鑫            ,874000,3107000,-2233000,0,0,0,0,0,0,96000,1000,0,1000,95000,0,95000,-2137000
059869,友達凱基99購07  ,0,0,0,0,0,0,0,0,0,-2203000,0,0,0,39000,2242000,-2203000,-2203000
1102,亞泥            ,3682334,6030287,-2347953,0,0,0,57000,0,57000,42000,14000,5000,9000,39000,6000,33000,-2248953
060217,國巨凱基9A購10  ,0,0,0,0,0,0,0,0,0,-2261000,0,0,0,5000,2266000,-2261000,-2261000
2887,台新金          ,17056571,19731950,-2675379,0,0,0,44000,0,44000,121000,45000,0,45000,76000,0,76000,-2510379
2352,佳世達          ,477000,2991140,-2514140,0,0,0,3000,0,3000,-18000,59000,80000,-21000,3000,0,3000,-2529140
3706,神達            ,796000,1899000,-1103000,0,0,0,0,1518000,-1518000,17000,17000,4000,13000,4000,0,4000,-2604000
00653L,富邦印度正2     ,33000,636000,-603000,0,0,0,0,0,0,-2026000,0,0,0,101000,2127000,-2026000,-2629000
00677U,富邦VIX         ,66863000,67023000,-160000,0,0,0,0,0,0,-2574000,7040000,5980000,1060000,24152000,27786000,-3634000,-2734000
5871,中租-KY         ,6883318,9725575,-2842257,0,0,0,5000,0,5000,15000,36000,27000,9000,20000,14000,6000,-2822257
2308,台達電          ,3609244,6550912,-2941668,0,0,0,10000,20000,-10000,120000,115000,15000,100000,26000,6000,20000,-2831668
038489,T50反1台新9A購01,0,0,0,0,0,0,0,0,0,-2902000,0,0,0,1212000,4114000,-2902000,-2902000
2884,玉山金          ,24097014,24726412,-629398,0,0,0,48000,2400000,-2352000,37000,7000,0,7000,107000,77000,30000,-2944398
1402,遠東新          ,4859828,7897307,-3037479,0,0,0,19000,0,19000,-438000,87000,544000,-457000,19000,0,19000,-3456479
2610,華航            ,4789000,8515293,-3726293,0,0,0,8000,0,8000,0,0,0,0,0,0,0,-3718293
01003T,兆豐新光R1      ,0,3802000,-3802000,0,0,0,0,0,0,0,0,0,0,0,0,0,-3802000
2492,華新科          ,1756661,6375180,-4618519,0,0,0,0,0,0,623000,275000,6000,269000,399000,45000,354000,-3995519
2882,國泰金          ,16172957,20325008,-4152051,0,0,0,44000,0,44000,84000,0,0,0,104000,20000,84000,-4024051
00664R,國泰臺灣加權反1 ,0,78000,-78000,0,0,0,0,0,0,-4362000,0,1383000,-1383000,2588000,5567000,-2979000,-4440000
2618,長榮航          ,5814038,10461559,-4647521,0,0,0,7000,0,7000,6000,37000,36000,1000,5000,0,5000,-4634521
2881,富邦金          ,14679128,19479581,-4800453,0,0,0,36000,0,36000,107000,4000,0,4000,111000,8000,103000,-4657453
6176,瑞儀            ,1294100,6460116,-5166016,0,0,0,233000,0,233000,115000,184000,80000,104000,13000,2000,11000,-4818016
00648R,元大S&P500反1   ,20000,10000,10000,0,0,0,0,0,0,-4889000,0,0,0,562000,5451000,-4889000,-4879000
2449,京元電子        ,2095000,7204900,-5109900,0,0,0,0,0,0,225000,256000,19000,237000,74000,86000,-12000,-4884900
00715L,街口布蘭特油正2 ,30000,19000,11000,0,0,0,0,0,0,-4994000,0,0,0,7570000,12564000,-4994000,-4983000
2337,旺宏            ,7770000,15441000,-7671000,0,0,0,336000,0,336000,1113000,860000,291000,569000,554000,10000,544000,-6222000
00671R,富邦NASDAQ反1   ,0,12000,-12000,0,0,0,0,0,0,-7851000,0,0,0,365000,8216000,-7851000,-7863000
3037,欣興            ,8853000,17579724,-8726724,0,0,0,290000,40000,250000,526000,743000,283000,460000,138000,72000,66000,-7950724
00669R,國泰美國道瓊反1 ,125000,532000,-407000,0,0,0,0,0,0,-8216000,0,0,0,3231000,11447000,-8216000,-8623000
00673R,元大S&P原油反1  ,1493000,4766000,-3273000,0,0,0,0,0,0,-5623000,0,0,0,5205000,10828000,-5623000,-8896000
9904,寶成            ,2626935,11879946,-9253011,0,0,0,13000,0,13000,-35000,9000,0,9000,13000,57000,-44000,-9275011
6116,彩晶            ,2012000,11474000,-9462000,0,0,0,0,0,0,-103000,41000,170000,-129000,71000,45000,26000,-9565000
2317,鴻海            ,23558230,33806506,-10248276,0,0,0,44000,0,44000,570000,128000,43000,85000,757000,272000,485000,-9634276
00632R,元大台灣50反1   ,13285000,1000,13284000,0,0,0,0,1000000,-1000000,-24308000,2715000,5040000,-2325000,40388000,62371000,-21983000,-12024000
2891,中信金          ,21807814,35139017,-13331203,0,0,0,1097000,0,1097000,205000,108000,0,108000,97000,0,97000,-12029203
00852L,國泰美國道瓊正2 ,218000,1190000,-972000,0,0,0,0,0,0,-14528000,0,0,0,5313000,19841000,-14528000,-15500000
2409,友達            ,42650718,71153130,-28502412,0,0,0,8864000,0,8864000,-943000,454000,3436000,-2982000,2442000,403000,2039000,-20581412
