證券代號,證券名稱,外陸資買進股數(不含外資自營商),外陸資賣出股數(不含外資自營商),外陸資買賣超股數(不含外資自營商),外資自營商買進股數,外資自營商賣出股數,外資自營商買賣超股數,投信買進股數,投信賣出股數,投信買賣超股數,自營商買賣超股數,自營商買進股數(自行買賣),自營商賣出股數(自行買賣),自營商買賣超股數(自行買賣),自營商買進股數(避險),自營商賣出股數(避險),自營商買賣超股數(避險),三大法人買賣超股數
3481,群創            ,62331081,12384897,49946184,0,0,0,0,0,0,3506000,638000,422000,216000,3552000,262000,3290000,53452184
2409,友達            ,51116868,15936967,35179901,0,0,0,0,0,0,4271000,839000,0,839000,3692000,260000,3432000,39450901
6116,彩晶            ,27404000,2843000,24561000,0,0,0,0,0,0,2798000,556000,426000,130000,2695000,27000,2668000,27359000
00637L,元大滬深300正2  ,23509000,11851000,11658000,0,0,0,0,0,0,4956000,75000,75000,0,30947000,25991000,4956000,16614000
3231,緯創            ,14674665,5886488,8788177,0,0,0,1245037,0,1245037,975000,369000,83000,286000,879000,190000,689000,11008214
2330,台積電          ,29172796,18638893,10533903,0,0,0,156000,90000,66000,-175000,65000,171000,-106000,174000,243000,-69000,10424903
2884,玉山金          ,14721122,6632132,8088990,0,0,0,13000,0,13000,9000,60000,1000,59000,1000,51000,-50000,8110990
1605,華新            ,7242000,1715000,5527000,0,0,0,0,0,0,2305000,1818000,346000,1472000,1158000,325000,833000,7832000
2888,新光金          ,14742454,21127052,-6384598,0,0,0,12000,0,12000,13928000,789000,0,789000,13432000,293000,13139000,7555402
2883,開發金          ,6945377,5749754,1195623,0,0,0,3923000,35000,3888000,234000,235000,1000,234000,0,0,0,5317623
2439,美律            ,4730000,1051000,3679000,0,0,0,1036000,0,1036000,288000,177000,110000,67000,287000,66000,221000,5003000
2454,聯發科          ,9140949,5021721,4119228,0,0,0,110000,33000,77000,151000,259000,210000,49000,146000,44000,102000,4347228
2885,元大金          ,17224154,13257755,3966399,0,0,0,11000,0,11000,279000,804000,500000,304000,0,25000,-25000,4256399
0056,元大高股息      ,44150,5000,39150,0,0,0,150000,0,150000,3768000,0,0,0,3785000,17000,3768000,3957150
2308,台達電          ,7767701,3905680,3862021,0,0,0,297000,0,297000,-216000,24000,196000,-172000,27000,71000,-44000,3943021
2353,宏碁            ,6314932,2539934,3774998,0,0,0,0,0,0,90000,303000,1000,302000,124000,336000,-212000,3864998
068385,聯電統一03購03  ,0,0,0,0,0,0,0,0,0,3665000,0,0,0,3944000,279000,3665000,3665000
2505,國揚            ,5675000,3233000,2442000,0,0,0,0,0,0,651000,48000,176000,-128000,893000,114000,779000,3093000
00633L,富邦上証正2     ,2134000,1061000,1073000,0,0,0,0,0,0,2002000,0,30000,-30000,5601000,3569000,2032000,3075000
3673,TPK-KY          ,5617789,3280000,2337789,0,0,0,1147362,0,1147362,-440000,363000,430000,-67000,83000,456000,-373000,3045151
00708L,元大S&P黃金正2  ,17000,17000,0,0,0,0,0,0,0,3037000,0,0,0,3370000,333000,3037000,3037000
2312,金寶            ,3913778,1154000,2759778,0,0,0,0,0,0,216000,0,0,0,216000,0,216000,2975778
3189,景碩            ,4814000,2718000,2096000,0,0,0,436000,5000,431000,413000,343000,229000,114000,345000,46000,299000,2940000
2387,精元            ,2106000,2078000,28000,0,0,0,2600000,0,2600000,251000,28000,119000,-91000,380000,38000,342000,2879000
2313,華通            ,3967875,2798000,1169875,0,0,0,0,400000,-400000,2099000,1041000,171000,870000,1361000,132000,1229000,2868875
2356,英業達          ,7133723,6243341,890382,0,0,0,1924000,0,1924000,-29000,42000,2000,40000,121000,190000,-69000,2785382
6251,定穎            ,3097000,495000,2602000,0,0,0,0,0,0,162000,162000,0,162000,0,0,0,2764000
0050,元大台灣50      ,1378028,130000,1248028,0,0,0,73000,0,73000,1420000,86000,0,86000,1506000,172000,1334000,2741028
2855,統一證          ,5675000,3220000,2455000,0,0,0,7000,0,7000,-20000,0,0,0,0,20000,-20000,2442000
2882,國泰金          ,5102426,3292192,1810234,0,0,0,787000,0,787000,-156000,20000,0,20000,13000,189000,-176000,2441234
00642U,元大S&P石油     ,7000,3000,4000,0,0,0,0,0,0,2386000,0,0,0,2386000,0,2386000,2390000
00636,國泰中國A50     ,522000,27000,495000,0,0,0,0,0,0,1892000,0,0,0,2207000,315000,1892000,2387000
2345,智邦            ,2834578,659368,2175210,0,0,0,0,0,0,108000,42000,18000,24000,133000,49000,84000,2283210
00672L,元大S&P原油正2  ,0,0,0,0,0,0,0,0,0,2213000,0,0,0,2233000,20000,2213000,2213000
00852L,國泰美國道瓊正2 ,28000,0,28000,0,0,0,0,0,0,2142000,0,0,0,3349000,1207000,2142000,2170000
00634R,富邦上証反1     ,1436000,78000,1358000,0,0,0,0,0,0,747000,0,536000,-536000,1814000,531000,1283000,2105000
4938,和碩            ,5713701,4546558,1167143,0,0,0,725000,0,725000,182000,124000,161000,-37000,286000,67000,219000,2074143
049591,開發金元大98購01,0,0,0,0,0,0,0,0,0,2003000,0,0,0,2003000,0,2003000,2003000
064963,T50反1元大9C購09,0,0,0,0,0,0,0,0,0,1996000,0,0,0,1996000,0,1996000,1996000
065621,聯發科第一9C購01,0,0,0,0,0,0,0,0,0,1965000,0,0,0,1965000,0,1965000,1965000
067580,亞德客群益01購03,0,0,0,0,0,0,0,0,0,1943000,0,0,0,2239000,296000,1943000,1943000
2382,廣達            ,6678878,4815905,1862973,0,0,0,419000,0,419000,-341000,18000,391000,-373000,112000,80000,32000,1940973
2347,聯強            ,2621315,1379394,1241921,0,0,0,727000,0,727000,-36000,16000,2000,14000,29000,79000,-50000,1932921
068404,建準元富04購01  ,0,0,0,0,0,0,0,0,0,1910000,0,0,0,2031000,121000,1910000,1910000
00640L,富邦日本正2     ,454000,15000,439000,0,0,0,0,0,0,1456000,0,0,0,1465000,9000,1456000,1895000
2049,上銀            ,2056150,524073,1532077,0,0,0,78000,182000,-104000,450000,140000,6000,134000,323000,7000,316000,1878077
5521,工信            ,1732000,112000,1620000,0,0,0,0,0,0,172000,78000,300000,-222000,394000,0,394000,1792000
00631L,元大台灣50正2   ,1000,28000,-27000,0,0,0,0,0,0,1710000,270000,9000,261000,2184000,735000,1449000,1683000
2317,鴻海            ,11791134,8226372,3564762,0,0,0,8000,410000,-402000,-1510000,15000,620000,-605000,41000,946000,-905000,1652762
2105,正新            ,3115440,1867526,1247914,0,0,0,995000,0,995000,-597000,19000,643000,-624000,27000,0,27000,1645914
07869P,台灣50群益9C售04,0,0,0,0,0,0,0,0,0,1570000,0,0,0,1570000,0,1570000,1570000
3702,大聯大          ,2586000,2014471,571529,0,0,0,908000,0,908000,46000,176000,37000,139000,5000,98000,-93000,1525529
063674,力山國泰01購02  ,0,0,0,0,0,0,0,0,0,1512000,0,0,0,2244000,732000,1512000,1512000
08276P,可成元富9C售02  ,0,0,0,0,0,0,0,0,0,1497000,0,0,0,1557000,60000,1497000,1497000
068580,聯電永豐01購02  ,0,0,0,0,0,0,0,0,0,1470000,0,0,0,1839000,369000,1470000,1470000
06982P,義隆凱基99售02  ,0,0,0,0,0,0,0,0,0,1468000,0,0,0,1468000,0,1468000,1468000
006205,富邦上証        ,78000,78000,0,0,0,0,0,0,0,1465000,0,0,0,2554000,1089000,1465000,1465000
053856,台積電富邦98購01,0,0,0,0,0,0,0,0,0,1447000,0,0,0,1447000,0,1447000,1447000
9938,百和            ,1909000,683000,1226000,0,0,0,230000,0,230000,-9000,251000,346000,-95000,105000,19000,86000,1447000
1309,台達化          ,2307000,947000,1360000,0,0,0,0,0,0,33000,33000,0,33000,0,0,0,1393000
068468,聯電群益03購03  ,0,0,0,0,0,0,0,0,0,1386000,0,0,0,1445000,59000,1386000,1386000
9904,寶成            ,3106732,2528046,578686,0,0,0,1180000,0,1180000,-384000,6000,477000,-471000,112000,25000,87000,1374686
06836P,玉晶光國票99售06,0,0,0,0,0,0,0,0,0,1358000,0,0,0,1458000,100000,1358000,1358000
059307,T50反1元大99購06,0,0,0,0,0,0,0,0,0,1349000,0,0,0,1350000,1000,1349000,1349000
067477,億光元大01購01  ,0,0,0,0,0,0,0,0,0,1334000,0,0,0,1676000,342000,1334000,1334000
2392,正崴            ,2153935,908000,1245935,0,0,0,0,0,0,42000,68000,26000,42000,211000,211000,0,1287935
9914,美利達          ,2680000,1681000,999000,0,0,0,70000,20000,50000,181000,71000,24000,47000,141000,7000,134000,1230000
00669R,國泰美國道瓊反1 ,301000,25000,276000,0,0,0,0,0,0,925000,0,0,0,1057000,132000,925000,1201000
2201,裕隆            ,2388000,1726000,662000,0,0,0,500000,0,500000,29000,96000,99000,-3000,98000,66000,32000,1191000
00850,元大臺灣ESG永續 ,2000,0,2000,0,0,0,0,0,0,1140000,0,0,0,1787000,647000,1140000,1142000
066642,臺股指凱基04購01,0,0,0,0,0,0,0,0,0,1127000,0,0,0,1567000,440000,1127000,1127000
3443,創意            ,1665000,641000,1024000,0,0,0,138097,275000,-136903,232000,210000,63000,147000,113000,28000,85000,1119097
060451,中石化元大9C購02,0,0,0,0,0,0,0,0,0,1107000,0,0,0,1107000,0,1107000,1107000
4960,誠美材          ,1568000,468000,1100000,0,0,0,0,0,0,1000,1000,0,1000,0,0,0,1101000
08526P,義隆元大9C售04  ,0,0,0,0,0,0,0,0,0,1090000,0,0,0,1245000,155000,1090000,1090000
06466P,台積電統一9B售01,0,0,0,0,0,0,0,0,0,1085000,0,0,0,1145000,60000,1085000,1085000
063148,建準元富9B購01  ,0,0,0,0,0,0,0,0,0,1071000,0,0,0,1119000,48000,1071000,1071000
2332,友訊            ,2733000,2265000,468000,0,0,0,0,0,0,602000,137000,0,137000,571000,106000,465000,1070000
067158,T50反1國票02購02,0,0,0,0,0,0,0,0,0,1069000,0,0,0,1629000,560000,1069000,1069000
054860,台積電群益98購01,0,0,0,0,0,0,0,0,0,1059000,0,0,0,1059000,0,1059000,1059000
063197,遠東新統一9C購01,0,0,0,0,0,0,0,0,0,1044000,0,0,0,1047000,3000,1044000,1044000
066947,聯發科元大01購15,0,0,0,0,0,0,0,0,0,1031000,0,0,0,1943000,912000,1031000,1031000
068530,瀚宇博元富04購02,0,0,0,0,0,0,0,0,0,1028000,0,0,0,1028000,0,1028000,1028000
065529,聯發科中信01購04,0,0,0,0,0,0,0,0,0,1021000,0,0,0,1021000,0,1021000,1021000
08294P,台積電元大9C售06,0,0,0,0,0,0,0,0,0,1000000,0,0,0,1000000,0,1000000,1000000
08447P,緯穎永豐9C售02  ,0,0,0,0,0,0,0,0,0,999000,0,0,0,1017000,18000,999000,999000
2515,中工            ,1451000,823000,628000,0,0,0,0,0,0,371000,12000,0,12000,632000,273000,359000,999000
063933,TPK統一01購01   ,0,0,0,0,0,0,0,0,0,994000,0,0,0,1023000,29000,994000,994000
068046,台積電統一03購05,0,0,0,0,0,0,0,0,0,973000,0,0,0,1034000,61000,973000,973000
059074,元油2X元大9C購15,0,0,0,0,0,0,0,0,0,966000,0,0,0,998000,32000,966000,966000
067204,國巨元大02購02  ,0,0,0,0,0,0,0,0,0,963000,0,0,0,1009000,46000,963000,963000
067083,正文元大01購01  ,0,0,0,0,0,0,0,0,0,950000,0,0,0,1077000,127000,950000,950000
065991,牧德永豐01購01  ,0,0,0,0,0,0,0,0,0,941000,0,0,0,1059000,118000,941000,941000
08730P,緯穎永豐01售02  ,0,0,0,0,0,0,0,0,0,938000,0,0,0,1150000,212000,938000,938000
06770P,台灣50第一9C售01,0,0,0,0,0,0,0,0,0,930000,0,0,0,931000,1000,930000,930000
6269,台郡            ,2281050,658000,1623050,0,0,0,129000,873000,-744000,44000,84000,50000,34000,17000,7000,10000,923050
061173,T50反1凱基04購01,0,0,0,0,0,0,0,0,0,915000,0,0,0,997000,82000,915000,915000
065949,瑞昱統一01購06  ,0,0,0,0,0,0,0,0,0,905000,0,0,0,1790000,885000,905000,905000
066411,南紡元大01購01  ,0,0,0,0,0,0,0,0,0,904000,0,0,0,904000,0,904000,904000
4927,泰鼎-KY         ,2587000,1049000,1538000,0,0,0,0,725000,-725000,88000,38000,90000,-52000,200000,60000,140000,901000
062819,奇鋐兆豐9B購01  ,0,0,0,0,0,0,0,0,0,900000,0,0,0,900000,0,900000,900000
067993,宏碁元大01購02  ,0,0,0,0,0,0,0,0,0,890000,0,0,0,1205000,315000,890000,890000
067708,華新科元富01購01,0,0,0,0,0,0,0,0,0,883000,0,0,0,954000,71000,883000,883000
2377,微星            ,2274795,1761259,513536,0,0,0,356000,0,356000,13000,50000,26000,24000,58000,69000,-11000,882536
067975,茂林群益04購01  ,0,0,0,0,0,0,0,0,0,880000,0,0,0,908000,28000,880000,880000
2349,錸德            ,1112000,232000,880000,0,0,0,0,0,0,0,0,0,0,0,0,0,880000
6706,惠特            ,1038000,411000,627000,0,0,0,0,0,0,249000,0,0,0,272000,23000,249000,876000
067027,日月光兆豐03購01,0,0,0,0,0,0,0,0,0,871000,0,0,0,948000,77000,871000,871000
2352,佳世達          ,837000,1423000,-586000,0,0,0,1214000,0,1214000,243000,51000,1000,50000,193000,0,193000,871000
06878P,台灣50日盛9B售01,0,0,0,0,0,0,0,0,0,870000,0,0,0,870000,0,870000,870000
067270,精成科永豐01購01,0,0,0,0,0,0,0,0,0,859000,0,0,0,861000,2000,859000,859000
066284,松翰元大01購01  ,0,0,0,0,0,0,0,0,0,859000,0,0,0,1047000,188000,859000,859000
056673,中石化元富9B購01,0,0,0,0,0,0,0,0,0,857000,0,0,0,857000,0,857000,857000
00690,兆豐藍籌30      ,1000,1000,0,0,0,0,0,0,0,837000,0,0,0,1168000,331000,837000,837000
08567P,台勝科群益9C售01,0,0,0,0,0,0,0,0,0,834000,0,0,0,834000,0,834000,834000
2383,台光電          ,1579000,987000,592000,0,0,0,392000,220000,172000,66000,161000,141000,20000,114000,68000,46000,830000
068343,台積電麥證01購12,0,0,0,1205000,376000,829000,0,0,0,829000,0,0,0,1205000,376000,829000,829000
064553,臺指反群益9C購01,0,0,0,0,0,0,0,0,0,820000,0,0,0,900000,80000,820000,820000
5264,鎧勝-KY         ,2586000,1760000,826000,0,0,0,0,0,0,-7000,0,150000,-150000,159000,16000,143000,819000
067008,康舒永豐01購01  ,0,0,0,0,0,0,0,0,0,818000,0,0,0,1381000,563000,818000,818000
066374,臺股指中信04購01,0,0,0,0,0,0,0,0,0,814000,0,0,0,826000,12000,814000,814000
00752,中信中國50      ,0,1000,-1000,0,0,0,0,0,0,811000,0,0,0,1093000,282000,811000,810000
3413,京鼎            ,998000,401000,597000,0,0,0,10000,18000,-8000,218000,86000,110000,-24000,258000,16000,242000,807000
2376,技嘉            ,1403608,649000,754608,0,0,0,70545,0,70545,-24000,24000,45000,-21000,77000,80000,-3000,801153
065018,台達電富邦03購01,0,0,0,0,0,0,0,0,0,800000,0,0,0,800000,0,800000,800000
065055,臺股指凱基02購04,0,0,0,0,0,0,0,0,0,786000,0,0,0,1075000,289000,786000,786000
6288,聯嘉            ,1152000,364000,788000,0,0,0,0,0,0,-4000,6000,10000,-4000,0,0,0,784000
068651,聯電元大02購04  ,0,0,0,0,0,0,0,0,0,753000,0,0,0,1431000,678000,753000,753000
2535,達欣工          ,715000,56000,659000,0,0,0,0,0,0,94000,200000,115000,85000,25000,16000,9000,753000
03072P,台積電國泰03售04,0,0,0,0,0,0,0,0,0,751000,0,0,0,958000,207000,751000,751000
063431,神隆元富9B購01  ,0,0,0,0,0,0,0,0,0,744000,0,0,0,748000,4000,744000,744000
2417,圓剛            ,3928000,3374000,554000,0,0,0,0,0,0,189000,208000,19000,189000,0,0,0,743000
08529P,臻鼎元大9C售03  ,0,0,0,0,0,0,0,0,0,740000,0,0,0,757000,17000,740000,740000
065658,聯發科富邦03購03,0,0,0,0,0,0,0,0,0,739000,0,0,0,1385000,646000,739000,739000
054791,泰碩群益99購02  ,0,0,0,0,0,0,0,0,0,737000,0,0,0,737000,0,737000,737000
067212,聯發科元大02購02,0,0,0,0,0,0,0,0,0,734000,0,0,0,1509000,775000,734000,734000
050077,臺股指凱基99購02,0,0,0,0,0,0,0,0,0,728000,0,0,0,728000,0,728000,728000
08201P,祥碩元大9B售09  ,0,0,0,0,0,0,0,0,0,726000,0,0,0,930000,204000,726000,726000
068723,億光元大02購01  ,0,0,0,0,0,0,0,0,0,722000,0,0,0,932000,210000,722000,722000
066479,國巨元富07購01  ,0,0,0,0,0,0,0,0,0,722000,0,0,0,724000,2000,722000,722000
066868,聯發科元富07購01,0,0,0,0,0,0,0,0,0,717000,0,0,0,762000,45000,717000,717000
020019,統一特選台灣5GN ,0,0,0,0,0,0,0,0,0,715000,0,0,0,1866000,1151000,715000,715000
068228,聯發科元富07購08,0,0,0,0,0,0,0,0,0,713000,0,0,0,1202000,489000,713000,713000
2633,台灣高鐵        ,1979632,1194581,785051,0,0,0,2000,0,2000,-78000,1000,150000,-149000,77000,6000,71000,709051
3035,智原            ,1773000,1077000,696000,0,0,0,0,0,0,11000,14000,14000,0,17000,6000,11000,707000
07500P,微星元大9A售01  ,0,0,0,0,0,0,0,0,0,699000,0,0,0,899000,200000,699000,699000
6176,瑞儀            ,2759000,2296036,462964,0,0,0,658492,0,658492,-424000,218000,648000,-430000,54000,48000,6000,697456
1760,寶齡富錦        ,1393000,696000,697000,0,0,0,0,0,0,0,0,0,0,0,0,0,697000
062164,禾伸堂國泰01購01,0,0,0,0,0,0,0,0,0,693000,0,0,0,693000,0,693000,693000
06748P,智邦台新98售02  ,0,0,0,0,0,0,0,0,0,690000,0,0,0,690000,0,690000,690000
067557,可成國票01購01  ,0,0,0,0,0,0,0,0,0,690000,0,0,0,751000,61000,690000,690000
067149,瑞昱統一03購01  ,0,0,0,0,0,0,0,0,0,688000,0,0,0,739000,51000,688000,688000
066247,中化元大01購02  ,0,0,0,0,0,0,0,0,0,682000,0,0,0,1066000,384000,682000,682000
5519,隆大            ,832000,150000,682000,0,0,0,0,0,0,0,0,0,0,0,0,0,682000
064988,志超元大9C購01  ,0,0,0,0,0,0,0,0,0,681000,0,0,0,759000,78000,681000,681000
067644,康舒統一01購01  ,0,0,0,0,0,0,0,0,0,680000,0,0,0,722000,42000,680000,680000
067619,臺股指凱基04購02,0,0,0,0,0,0,0,0,0,679000,0,0,0,949000,270000,679000,679000
5871,中租-KY         ,2696904,2084457,612447,0,0,0,0,0,0,61000,48000,1000,47000,20000,6000,14000,673447
067373,聯發科統一03購04,0,0,0,0,0,0,0,0,0,668000,0,0,0,920000,252000,668000,668000
065876,牧德群益02購01  ,0,0,0,0,0,0,0,0,0,667000,0,0,0,667000,0,667000,667000
2913,農林            ,1149000,492469,656531,0,0,0,0,0,0,6000,7000,1000,6000,0,0,0,662531
1515,力山            ,2542000,3221000,-679000,0,0,0,1415000,180000,1235000,102000,134000,95000,39000,343000,280000,63000,658000
066084,國巨富邦05購01  ,0,0,0,0,0,0,0,0,0,656000,0,0,0,703000,47000,656000,656000
08377P,臻鼎元富9C售02  ,0,0,0,0,0,0,0,0,0,653000,0,0,0,784000,131000,653000,653000
057004,滬深反中信9A購01,0,0,0,0,0,0,0,0,0,650000,0,0,0,650000,0,650000,650000
068324,台積電元大01購43,0,0,0,0,0,0,0,0,0,647000,0,0,0,652000,5000,647000,647000
2329,華泰            ,931000,284000,647000,0,0,0,0,0,0,0,0,0,0,0,0,0,647000
00648R,元大S&P500反1   ,0,0,0,0,0,0,0,0,0,646000,0,0,0,802000,156000,646000,646000
1718,中纖            ,905000,279000,626000,0,0,0,0,0,0,17000,17000,0,17000,0,0,0,643000
062693,中石化元大02購01,0,0,0,0,0,0,0,0,0,640000,0,0,0,650000,10000,640000,640000
066327,強茂永豐01購01  ,0,0,0,0,0,0,0,0,0,637000,0,0,0,642000,5000,637000,637000
1736,喬山            ,708000,283000,425000,0,0,0,0,0,0,210000,0,0,0,214000,4000,210000,635000
3406,玉晶光          ,1353000,965000,388000,0,0,0,51082,11000,40082,196000,133000,67000,66000,142000,12000,130000,624082
068675,聯電元富03購01  ,0,0,0,0,0,0,0,0,0,622000,0,0,0,794000,172000,622000,622000
068561,台積電元大01購52,0,0,0,0,0,0,0,0,0,620000,0,0,0,630000,10000,620000,620000
3450,聯鈞            ,779000,278000,501000,0,0,0,0,0,0,115000,0,0,0,187000,72000,115000,616000
067558,中工國票02購01  ,0,0,0,0,0,0,0,0,0,610000,0,0,0,754000,144000,610000,610000
067842,微星元富07購01  ,0,0,0,0,0,0,0,0,0,608000,0,0,0,608000,0,608000,608000
059187,國巨富邦9B購02  ,0,0,0,0,0,0,0,0,0,606000,0,0,0,884000,278000,606000,606000
065049,世芯凱基02購01  ,1000,0,1000,0,0,0,0,0,0,605000,0,0,0,830000,225000,605000,606000
064851,勤誠元富03購01  ,0,0,0,0,0,0,0,0,0,603000,0,0,0,643000,40000,603000,603000
063768,華新科國泰9C購03,0,0,0,0,0,0,0,0,0,600000,0,0,0,702000,102000,600000,600000
063257,牧德國泰01購01  ,0,0,0,0,0,0,0,0,0,599000,0,0,0,647000,48000,599000,599000
067209,瑞昱元大01購04  ,0,0,0,0,0,0,0,0,0,597000,0,0,0,999000,402000,597000,597000
06766P,玉晶光元大99售10,0,0,0,0,0,0,0,0,0,585000,0,0,0,596000,11000,585000,585000
068683,聯電永豐02購02  ,0,0,0,0,0,0,0,0,0,583000,0,0,0,709000,126000,583000,583000
060014,中鋼康和99購01  ,0,0,0,0,0,0,0,0,0,582000,0,0,0,600000,18000,582000,582000
062080,奇力新元大9B購02,0,0,0,0,0,0,0,0,0,580000,0,0,0,743000,163000,580000,580000
064171,燿華元富9C購01  ,0,0,0,0,0,0,0,0,0,578000,0,0,0,628000,50000,578000,578000
061900,志超永豐9B購01  ,0,0,0,0,0,0,0,0,0,577000,0,0,0,577000,0,577000,577000
066823,國巨群益02購02  ,0,0,0,0,0,0,0,0,0,577000,0,0,0,604000,27000,577000,577000
9105,泰金寶-DR       ,585000,9000,576000,0,0,0,0,0,0,0,0,0,0,0,0,0,576000
068292,精成科群益01購01,0,0,0,0,0,0,0,0,0,573000,0,0,0,674000,101000,573000,573000
3661,世芯-KY         ,2016000,1534345,481655,0,0,0,93000,89000,4000,86000,82000,2000,80000,17000,11000,6000,571655
1526,日馳            ,2778000,2213000,565000,0,0,0,0,0,0,0,0,0,0,0,0,0,565000
066676,A50正2兆豐03購01,0,0,0,0,0,0,0,0,0,563000,0,0,0,583000,20000,563000,563000
2399,映泰            ,703000,143000,560000,0,0,0,0,0,0,0,0,0,0,0,0,0,560000
066316,台船永豐01購01  ,0,0,0,0,0,0,0,0,0,558000,0,0,0,868000,310000,558000,558000
03193P,台積電國泰03售06,0,0,0,0,0,0,0,0,0,552000,0,0,0,552000,0,552000,552000
058093,神達元大9A購01  ,0,0,0,0,0,0,0,0,0,550000,0,0,0,550000,0,550000,550000
065134,中石化凱基01購01,0,0,0,0,0,0,0,0,0,550000,0,0,0,600000,50000,550000,550000
6504,南六            ,774000,401000,373000,0,0,0,250054,18000,232054,-56000,0,5000,-5000,82000,133000,-51000,549054
066345,正文永豐01購01  ,0,0,0,0,0,0,0,0,0,549000,0,0,0,589000,40000,549000,549000
2108,南帝            ,824000,524000,300000,0,0,0,10000,0,10000,237000,0,83000,-83000,366000,46000,320000,547000
058156,超眾統一9A購02  ,0,0,0,0,0,0,0,0,0,544000,0,0,0,551000,7000,544000,544000
060364,奇力新元富9A購01,0,0,0,0,0,0,0,0,0,542000,0,0,0,730000,188000,542000,542000
03196P,台積電元富07售15,0,0,0,0,0,0,0,0,0,542000,0,0,0,559000,17000,542000,542000
060770,宏達電麥證9A購01,0,0,0,570000,51000,519000,0,0,0,541000,0,0,0,592000,51000,541000,541000
05644P,大立光中信9A售03,0,0,0,0,0,0,0,0,0,540000,0,0,0,742000,202000,540000,540000
00655L,國泰中國A50正2  ,98000,103000,-5000,0,0,0,0,0,0,543000,0,10000,-10000,3771000,3218000,553000,538000
6416,瑞祺電通        ,268000,306000,-38000,0,0,0,495000,0,495000,81000,58000,18000,40000,109000,68000,41000,538000
068399,中興電元富03購01,0,0,0,0,0,0,0,0,0,536000,0,0,0,752000,216000,536000,536000
062851,建準永豐9B購02  ,0,0,0,0,0,0,0,0,0,535000,0,0,0,755000,220000,535000,535000
068121,TPK元富03購01   ,0,0,0,0,0,0,0,0,0,529000,0,0,0,729000,200000,529000,529000
066976,台達電群益01購01,0,0,0,0,0,0,0,0,0,528000,0,0,0,775000,247000,528000,528000
066885,牧德永豐01購02  ,0,0,0,0,0,0,0,0,0,518000,0,0,0,518000,0,518000,518000
065846,華新科元大03購01,0,0,0,0,0,0,0,0,0,518000,0,0,0,541000,23000,518000,518000
066285,松翰元大01購02  ,0,0,0,0,0,0,0,0,0,515000,0,0,0,536000,21000,515000,515000
061875,華新科元大9B購03,0,0,0,0,0,0,0,0,0,512000,0,0,0,512000,0,512000,512000
3049,和鑫            ,783970,311000,472970,0,0,0,0,0,0,39000,0,0,0,39000,0,39000,511970
051847,香港反中信99購01,0,0,0,0,0,0,0,0,0,510000,0,0,0,510000,0,510000,510000
08101P,超眾群益9B售02  ,0,0,0,0,0,0,0,0,0,509000,0,0,0,509000,0,509000,509000
08807P,可成元富07售02  ,0,0,0,0,0,0,0,0,0,507000,0,0,0,539000,32000,507000,507000
055415,禾伸堂富邦9B購01,0,0,0,0,0,0,0,0,0,507000,0,0,0,507000,0,507000,507000
066243,潤泰新富邦03購01,0,0,0,0,0,0,0,0,0,505000,0,0,0,561000,56000,505000,505000
064919,嘉晶統一02購02  ,0,0,0,0,0,0,0,0,0,501000,0,0,0,501000,0,501000,501000
08450P,台積電統一9C售14,0,0,0,0,0,0,0,0,0,500000,0,0,0,500000,0,500000,500000
066359,潤泰新永豐01購01,0,0,0,0,0,0,0,0,0,500000,0,0,0,541000,41000,500000,500000
03197P,台積電統一01售14,0,0,0,0,0,0,0,0,0,499000,0,0,0,499000,0,499000,499000
058781,康友國票9A購01  ,0,0,0,0,0,0,0,0,0,499000,0,0,0,499000,0,499000,499000
062185,禾伸堂元大9B購01,0,0,0,0,0,0,0,0,0,499000,0,0,0,499000,0,499000,499000
06352P,臺股指富邦99售02,0,0,0,0,0,0,0,0,0,499000,0,0,0,499000,0,499000,499000
2472,立隆電          ,557000,58000,499000,0,0,0,0,0,0,0,0,0,0,0,0,0,499000
057016,中石化凱基9B購01,0,0,0,0,0,0,0,0,0,495000,0,0,0,585000,90000,495000,495000
068220,聯發科統一04購01,0,0,0,0,0,0,0,0,0,492000,0,0,0,496000,4000,492000,492000
3034,聯詠            ,1732432,1816171,-83739,0,0,0,431000,0,431000,144000,57000,36000,21000,149000,26000,123000,491261
068286,聯電群益03購02  ,0,10000,-10000,0,0,0,0,0,0,501000,0,0,0,649000,148000,501000,491000
060337,FBVIX統一9A購01 ,0,0,0,0,0,0,0,0,0,491000,0,0,0,491000,0,491000,491000
067355,大立光群益01購07,0,0,0,0,0,0,0,0,0,490000,0,0,0,513000,23000,490000,490000
068103,松翰永豐01購02  ,0,0,0,0,0,0,0,0,0,489000,0,0,0,503000,14000,489000,489000
062986,T50反1中信02購01,0,0,0,0,0,0,0,0,0,489000,0,0,0,1088000,599000,489000,489000
066502,國巨富邦05購02  ,0,0,0,0,0,0,0,0,0,489000,0,0,0,526000,37000,489000,489000
066046,聯發科元大01購09,0,0,0,0,0,0,0,0,0,488000,0,0,0,518000,30000,488000,488000
03198P,台積電統一01售15,0,0,0,0,0,0,0,0,0,487000,0,0,0,497000,10000,487000,487000
00670L,富邦NASDAQ正2   ,0,3000,-3000,0,0,0,0,0,0,487000,0,0,0,645000,158000,487000,484000
060402,神隆國泰9B購01  ,0,0,0,0,0,0,0,0,0,484000,0,0,0,505000,21000,484000,484000
066953,禾伸堂元大01購01,0,0,0,0,0,0,0,0,0,484000,0,0,0,484000,0,484000,484000
066491,麗豐元富01購01  ,0,0,0,0,0,0,0,0,0,483000,0,0,0,499000,16000,483000,483000
08156P,大立光元富9B售05,0,0,0,0,0,0,0,0,0,482000,0,0,0,593000,111000,482000,482000
6202,盛群            ,630000,170000,460000,0,0,0,3000,0,3000,19000,6000,0,6000,13000,0,13000,482000
2102,泰豐            ,1253000,801000,452000,0,0,0,379,0,379,28000,0,100000,-100000,135000,7000,128000,480379
068589,國巨元富07購13  ,0,0,0,0,0,0,0,0,0,480000,0,0,0,480000,0,480000,480000
067303,聯發科元大02購03,0,0,0,0,0,0,0,0,0,475000,0,0,0,1106000,631000,475000,475000
07929P,旺宏統一9B售07  ,0,0,0,0,0,0,0,0,0,473000,0,0,0,519000,46000,473000,473000
2013,中鋼構          ,478000,116000,362000,0,0,0,101000,0,101000,10000,10000,0,10000,0,0,0,473000
1536,和大            ,920000,694000,226000,0,0,0,247,3000,-2753,248000,16000,26000,-10000,281000,23000,258000,471247
066899,義隆康和01購01  ,0,0,0,0,0,0,0,0,0,471000,0,0,0,624000,153000,471000,471000
065659,華新科永豐9C購04,0,0,0,0,0,0,0,0,0,470000,0,0,0,691000,221000,470000,470000
08469P,富邦金凱基9C售01,0,0,0,0,0,0,0,0,0,469000,0,0,0,469000,0,469000,469000
064144,智邦統一01購02  ,0,0,0,0,0,0,0,0,0,469000,0,0,0,752000,283000,469000,469000
08825P,義隆元大01售04  ,0,0,0,0,0,0,0,0,0,467000,0,0,0,477000,10000,467000,467000
065300,燿華元富9C購03  ,0,0,0,0,0,0,0,0,0,467000,0,0,0,467000,0,467000,467000
068037,聯鈞元富07購01  ,0,0,0,0,0,0,0,0,0,464000,0,0,0,1070000,606000,464000,464000
060188,華新科元富9A購03,0,0,0,0,0,0,0,0,0,464000,0,0,0,561000,97000,464000,464000
08750P,台灣50群益01售04,0,0,0,0,0,0,0,0,0,462000,0,0,0,733000,271000,462000,462000
068318,中興電元大01購01,0,0,0,0,0,0,0,0,0,460000,0,0,0,556000,96000,460000,460000
067306,奇鋐元大01購02  ,0,0,0,0,0,0,0,0,0,458000,0,0,0,471000,13000,458000,458000
066246,中化元大01購01  ,0,0,0,0,0,0,0,0,0,452000,0,0,0,824000,372000,452000,452000
060030,晶相光永豐99購03,0,0,0,0,0,0,0,0,0,449000,0,0,0,449000,0,449000,449000
068475,晶技群益01購04  ,0,0,0,0,0,0,0,0,0,448000,0,0,0,468000,20000,448000,448000
08890P,為升元大01售04  ,0,0,0,0,0,0,0,0,0,447000,0,0,0,472000,25000,447000,447000
020012,富邦行動通訊N   ,0,0,0,0,0,0,0,0,0,447000,0,0,0,447000,0,447000,447000
03199P,台積電統一01售16,0,0,0,0,0,0,0,0,0,445000,0,0,0,905000,460000,445000,445000
066789,聯詠麥證01購01  ,0,0,0,445000,0,445000,0,0,0,445000,0,0,0,445000,0,445000,445000
3023,信邦            ,596654,326000,270654,0,0,0,0,0,0,174000,8000,0,8000,175000,9000,166000,444654
063900,GIS群益9C購03   ,0,0,0,0,0,0,0,0,0,442000,0,0,0,965000,523000,442000,442000
064696,群創群益9C購02  ,0,0,0,0,0,0,0,0,0,442000,0,0,0,513000,71000,442000,442000
068335,牧德元大03購02  ,0,0,0,0,0,0,0,0,0,438000,0,0,0,488000,50000,438000,438000
063299,金寶凱基9B購01  ,0,0,0,0,0,0,0,0,0,438000,0,0,0,470000,32000,438000,438000
6278,台表科          ,1822792,798000,1024792,0,0,0,280,532000,-531720,-56000,54000,326000,-272000,326000,110000,216000,437072
068597,聯電凱基03購04  ,0,0,0,0,0,0,0,0,0,435000,0,0,0,461000,26000,435000,435000
065252,玉晶光永豐9C購08,0,0,0,0,0,0,0,0,0,432000,0,0,0,472000,40000,432000,432000
068629,聯電康和02購01  ,0,10000,-10000,0,0,0,0,0,0,441000,0,0,0,809000,368000,441000,431000
058477,億光凱基9A購01  ,0,0,0,0,0,0,0,0,0,431000,0,0,0,477000,46000,431000,431000
060700,華新科國泰9C購01,0,0,0,0,0,0,0,0,0,431000,0,0,0,598000,167000,431000,431000
066844,聯發科元大01購12,0,0,0,0,0,0,0,0,0,428000,0,0,0,664000,236000,428000,428000
060234,凱美元大9C購01  ,0,0,0,0,0,0,0,0,0,427000,0,0,0,478000,51000,427000,427000
067351,國巨群益01購08  ,0,0,0,0,0,0,0,0,0,425000,0,0,0,427000,2000,425000,425000
6153,嘉聯益          ,2203000,2493000,-290000,0,0,0,0,0,0,715000,255000,74000,181000,664000,130000,534000,425000
08803P,鴻海元富07售08  ,0,0,0,0,0,0,0,0,0,422000,0,0,0,422000,0,422000,422000
062908,晶豪科元大9B購03,0,0,0,0,0,0,0,0,0,422000,0,0,0,422000,0,422000,422000
08871P,大立光群益01售08,0,0,0,0,0,0,0,0,0,421000,0,0,0,428000,7000,421000,421000
068372,聯電永豐01購01  ,0,0,0,0,0,0,0,0,0,420000,0,0,0,491000,71000,420000,420000
8105,凌巨            ,533000,114000,419000,0,0,0,0,0,0,0,0,0,0,0,0,0,419000
08972P,義隆永豐01售02  ,0,0,0,0,0,0,0,0,0,419000,0,0,0,459000,40000,419000,419000
068308,強茂國票01購01  ,0,0,0,0,0,0,0,0,0,417000,0,0,0,1935000,1518000,417000,417000
064355,南六元大01購01  ,0,0,0,0,0,0,0,0,0,416000,0,0,0,950000,534000,416000,416000
065791,牧德永豐9C購03  ,0,0,0,0,0,0,0,0,0,416000,0,0,0,416000,0,416000,416000
0061,元大寶滬深      ,91000,63000,28000,0,0,0,0,0,0,387000,160000,70000,90000,332000,35000,297000,415000
068414,聯電中信01購01  ,0,0,0,0,0,0,0,0,0,414000,0,0,0,502000,88000,414000,414000
068027,國巨元富07購11  ,0,0,0,0,0,0,0,0,0,414000,0,0,0,414000,0,414000,414000
00646,元大S&P500      ,2000,0,2000,0,0,0,0,0,0,412000,0,0,0,505000,93000,412000,414000
067791,康舒群益01購01  ,0,0,0,0,0,0,0,0,0,413000,0,0,0,539000,126000,413000,413000
07791P,奇鋐元大9A售02  ,0,0,0,0,0,0,0,0,0,413000,0,0,0,413000,0,413000,413000
062012,燿華富邦9C購01  ,0,0,0,0,0,0,0,0,0,412000,0,0,0,503000,91000,412000,412000
1477,聚陽            ,798100,680000,118100,0,0,0,280000,0,280000,12000,53000,83000,-30000,46000,4000,42000,410100
068523,台光電元富07購02,0,0,0,0,0,0,0,0,0,410000,0,0,0,415000,5000,410000,410000
064590,牧德永豐9C購01  ,0,0,0,0,0,0,0,0,0,409000,0,0,0,409000,0,409000,409000
066515,強茂永豐01購02  ,0,0,0,0,0,0,0,0,0,409000,0,0,0,515000,106000,409000,409000
03195P,台積電元富07售14,0,0,0,0,0,0,0,0,0,408000,0,0,0,408000,0,408000,408000
061364,國巨國票9A購09  ,0,0,0,0,0,0,0,0,0,404000,0,0,0,436000,32000,404000,404000
064041,國巨統一01購07  ,0,0,0,0,0,0,0,0,0,404000,0,0,0,423000,19000,404000,404000
063244,華新科元大9B購11,0,0,0,0,0,0,0,0,0,404000,0,0,0,436000,32000,404000,404000
066180,正文凱基01購01  ,0,0,0,0,0,0,0,0,0,404000,0,0,0,414000,10000,404000,404000
03124P,台郡元大01售07  ,10000,0,10000,0,0,0,0,0,0,393000,0,0,0,473000,80000,393000,403000
061866,力山元大9C購01  ,0,0,0,0,0,0,0,0,0,403000,0,0,0,488000,85000,403000,403000
065900,瑞祺國泰02購01  ,0,0,0,0,0,0,0,0,0,403000,0,0,0,699000,296000,403000,403000
08157P,大立光元富9B售06,0,0,0,0,0,0,0,0,0,401000,0,0,0,472000,71000,401000,401000
068257,聯發科國泰03購05,0,0,0,0,0,0,0,0,0,400000,0,0,0,1290000,890000,400000,400000
068558,聯電元大01購07  ,0,0,0,0,0,0,0,0,0,399000,0,0,0,609000,210000,399000,399000
065174,華新科元大02購02,0,0,0,0,0,0,0,0,0,399000,0,0,0,403000,4000,399000,399000
068300,聯電國票03購01  ,0,0,0,0,0,0,0,0,0,398000,0,0,0,458000,60000,398000,398000
068215,潤泰新凱基01購02,0,0,0,0,0,0,0,0,0,398000,0,0,0,420000,22000,398000,398000
067057,滬深2X元大01購09,0,0,0,0,0,0,0,0,0,395000,0,0,0,735000,340000,395000,395000
08677P,超眾群益01售02  ,0,0,0,0,0,0,0,0,0,394000,0,0,0,469000,75000,394000,394000
064243,TPK統一02購02   ,0,0,0,0,0,0,0,0,0,394000,0,0,0,790000,396000,394000,394000
062645,國巨國泰9B購08  ,0,0,0,0,0,0,0,0,0,394000,0,0,0,476000,82000,394000,394000
064042,國巨統一9C購12  ,0,0,0,0,0,0,0,0,0,394000,0,0,0,551000,157000,394000,394000
4968,立積            ,1037000,938000,99000,0,0,0,363062,159000,204062,90000,202000,102000,100000,31000,41000,-10000,393062
068568,聯詠元大01購10  ,50000,0,50000,0,0,0,0,0,0,343000,0,0,0,1021000,678000,343000,393000
066410,潤泰新凱基01購01,0,0,0,0,0,0,0,0,0,391000,0,0,0,406000,15000,391000,391000
00671R,富邦NASDAQ反1   ,0,4000,-4000,0,0,0,0,0,0,394000,0,0,0,1164000,770000,394000,390000
066438,南紡群益01購01  ,0,0,0,0,0,0,0,0,0,389000,0,0,0,419000,30000,389000,389000
063195,訊連元富9B購01  ,0,0,0,0,0,0,0,0,0,386000,0,0,0,502000,116000,386000,386000
03176P,台積電兆豐03售05,0,0,0,0,0,0,0,0,0,383000,0,0,0,387000,4000,383000,383000
03075P,泰碩國泰03售01  ,0,0,0,0,0,0,0,0,0,382000,0,0,0,382000,0,382000,382000
2231,為升            ,412000,79000,333000,0,0,0,0,0,0,49000,3000,12000,-9000,58000,0,58000,382000
1710,東聯            ,558000,177000,381000,0,0,0,0,0,0,0,0,0,0,0,0,0,381000
067888,奇力新群益01購02,0,0,0,0,0,0,0,0,0,380000,0,0,0,455000,75000,380000,380000
066898,聯發科康和01購01,0,0,0,0,0,0,0,0,0,380000,0,0,0,430000,50000,380000,380000
067595,國巨凱基02購04  ,0,0,0,0,0,0,0,0,0,378000,0,0,0,382000,4000,378000,378000
068650,神隆元大02購02  ,0,0,0,0,0,0,0,0,0,378000,0,0,0,385000,7000,378000,378000
064242,TPK統一02購01   ,0,0,0,0,0,0,0,0,0,378000,0,0,0,823000,445000,378000,378000
6243,迅杰            ,434000,56000,378000,0,0,0,0,0,0,0,0,0,0,0,0,0,378000
066300,潤泰新元大01購02,0,0,0,0,0,0,0,0,0,377000,0,0,0,426000,49000,377000,377000
4934,太極            ,558000,181000,377000,0,0,0,0,0,0,0,0,0,0,0,0,0,377000
1590,亞德客-KY       ,780355,415036,365319,0,0,0,0,0,0,11000,8000,4000,4000,18000,11000,7000,376319
08809P,台灣50群益01售07,0,0,0,0,0,0,0,0,0,376000,0,0,0,398000,22000,376000,376000
063283,華新科元大9C購03,0,0,0,0,0,0,0,0,0,376000,0,0,0,416000,40000,376000,376000
067685,瀚宇博元大01購03,0,0,0,0,0,0,0,0,0,375000,0,0,0,375000,0,375000,375000
064127,聯發科元大9C購06,0,0,0,0,0,0,0,0,0,375000,0,0,0,400000,25000,375000,375000
062003,國巨國泰01購01  ,0,0,0,0,0,0,0,0,0,374000,0,0,0,442000,68000,374000,374000
067992,宏碁元大01購01  ,0,0,0,0,0,0,0,0,0,373000,0,0,0,517000,144000,373000,373000
08159P,日月光元富9B售01,0,0,0,0,0,0,0,0,0,373000,0,0,0,482000,109000,373000,373000
03192P,台積電國泰03售05,0,0,0,0,0,0,0,0,0,372000,0,0,0,380000,8000,372000,372000
08095P,大立光元富9B售03,0,0,0,0,0,0,0,0,0,371000,0,0,0,562000,191000,371000,371000
064601,嘉晶元富9C購03  ,0,0,0,0,0,0,0,0,0,371000,0,0,0,413000,42000,371000,371000
067427,奇力新凱基01購01,0,0,0,0,0,0,0,0,0,370000,0,0,0,370000,0,370000,370000
00692,富邦公司治理    ,6000,4000,2000,0,0,0,0,0,0,366000,0,0,0,1773000,1407000,366000,368000
07574P,國巨元大9A售12  ,0,0,0,0,0,0,0,0,0,367000,0,0,0,367000,0,367000,367000
03109P,台積電元大01售41,0,0,0,0,0,0,0,0,0,367000,0,0,0,392000,25000,367000,367000
066522,建準中信01購01  ,0,0,0,0,0,0,0,0,0,367000,0,0,0,457000,90000,367000,367000
03063P,臺股指凱基04售03,0,0,0,0,0,0,0,0,0,366000,0,0,0,546000,180000,366000,366000
08396P,鴻海元富9C售04  ,0,0,0,0,0,0,0,0,0,365000,0,0,0,366000,1000,365000,365000
068349,聯電凱基03購03  ,0,0,0,0,0,0,0,0,0,364000,0,0,0,424000,60000,364000,364000
066559,聯鈞元大01購03  ,0,0,0,0,0,0,0,0,0,364000,0,0,0,452000,88000,364000,364000
006206,元大上證50      ,162000,17000,145000,0,0,0,0,0,0,218000,0,0,0,711000,493000,218000,363000
067025,禾伸堂兆豐03購01,0,0,0,0,0,0,0,0,0,363000,0,0,0,448000,85000,363000,363000
2367,燿華            ,2745804,2312000,433804,0,0,0,0,0,0,-71000,1000,0,1000,404000,476000,-72000,362804
067544,超眾群益03購01  ,0,0,0,0,0,0,0,0,0,362000,0,0,0,438000,76000,362000,362000
065108,建準國票01購01  ,5000,0,5000,0,0,0,0,0,0,357000,0,0,0,367000,10000,357000,362000
065847,嘉晶元大9C購03  ,0,0,0,0,0,0,0,0,0,362000,0,0,0,481000,119000,362000,362000
9921,巨大            ,629110,348089,281021,0,0,0,33334,0,33334,46000,30000,50000,-20000,77000,11000,66000,360355
060187,華新科元富9A購02,0,0,0,0,0,0,0,0,0,360000,0,0,0,362000,2000,360000,360000
3062,建漢            ,517000,283000,234000,0,0,0,0,0,0,126000,126000,0,126000,0,0,0,360000
03190P,日月光元大01售05,0,0,0,0,0,0,0,0,0,359000,0,0,0,383000,24000,359000,359000
060467,神基元大9A購01  ,0,0,0,0,0,0,0,0,0,358000,0,0,0,458000,100000,358000,358000
08006P,長榮航中信03售01,0,0,0,0,0,0,0,0,0,357000,0,0,0,387000,30000,357000,357000
063495,台光電富邦9C購01,0,0,0,0,0,0,0,0,0,355000,0,0,0,413000,58000,355000,355000
061178,晶技凱基9B購01  ,0,0,0,0,0,0,0,0,0,355000,0,0,0,358000,3000,355000,355000
066018,南六元富03購02  ,0,0,0,0,0,0,0,0,0,355000,0,0,0,651000,296000,355000,355000
061490,茂林兆豐9B購01  ,0,0,0,0,0,0,0,0,0,353000,0,0,0,498000,145000,353000,353000
2340,光磊            ,1059000,723000,336000,0,0,0,0,0,0,17000,58000,47000,11000,12000,6000,6000,353000
03050P,台積電統一01售12,0,3000,-3000,0,0,0,0,0,0,355000,0,0,0,355000,0,355000,352000
4746,台耀            ,788000,468000,320000,0,0,0,0,0,0,30000,33000,3000,30000,0,0,0,350000
058284,滬深反群益01購01,0,0,0,0,0,0,0,0,0,349000,0,0,0,349000,0,349000,349000
065491,華新科國泰02購01,0,0,0,0,0,0,0,0,0,348000,0,0,0,874000,526000,348000,348000
065454,神隆元富9C購01  ,0,0,0,0,0,0,0,0,0,347000,0,0,0,347000,0,347000,347000
061926,晶技凱基9B購02  ,0,0,0,0,0,0,0,0,0,346000,0,0,0,415000,69000,346000,346000
063874,志超永豐9C購01  ,0,0,0,0,0,0,0,0,0,345000,0,0,0,345000,0,345000,345000
3515,華擎            ,734290,513000,221290,0,0,0,0,0,0,123000,36000,18000,18000,117000,12000,105000,344290
061138,晶技統一9C購01  ,0,0,0,0,0,0,0,0,0,344000,0,0,0,483000,139000,344000,344000
066290,台塑化元大01購01,0,0,0,0,0,0,0,0,0,343000,0,0,0,348000,5000,343000,343000
066539,晶技兆豐01購02  ,0,0,0,0,0,0,0,0,0,342000,0,0,0,345000,3000,342000,342000
061245,晶技群益9A購01  ,0,0,0,0,0,0,0,0,0,341000,0,0,0,346000,5000,341000,341000
055205,京鼎中信99購01  ,0,0,0,0,0,0,0,0,0,340000,0,0,0,360000,20000,340000,340000
066305,華夏永豐01購01  ,0,0,0,0,0,0,0,0,0,339000,0,0,0,571000,232000,339000,339000
08414P,超眾凱基9C售02  ,0,0,0,0,0,0,0,0,0,336000,0,0,0,401000,65000,336000,336000
059304,華新科兆豐99購06,0,0,0,0,0,0,0,0,0,334000,0,0,0,346000,12000,334000,334000
4106,雃博            ,532000,198000,334000,0,0,0,0,0,0,0,0,0,0,0,0,0,334000
065279,T50反1群益9C購03,0,0,0,0,0,0,0,0,0,333000,0,0,0,2091000,1758000,333000,333000
067890,華新科群益01購06,0,0,0,0,0,0,0,0,0,332000,0,0,0,478000,146000,332000,332000
056904,大立光元大99購05,0,0,0,0,0,0,0,0,0,332000,0,0,0,332000,0,332000,332000
064842,南六統一9C購04  ,0,0,0,0,0,0,0,0,0,332000,0,0,0,1338000,1006000,332000,332000
066961,超眾元大01購05  ,0,0,0,0,0,0,0,0,0,332000,0,0,0,338000,6000,332000,332000
066719,滬深2X元大01購06,0,0,0,0,0,0,0,0,0,331000,0,0,0,1248000,917000,331000,331000
068077,晶技凱基02購01  ,0,0,0,0,0,0,0,0,0,330000,0,0,0,392000,62000,330000,330000
08189P,超眾群益9B售04  ,0,0,0,0,0,0,0,0,0,330000,0,0,0,330000,0,330000,330000
060213,牧德康和9A購01  ,0,0,0,0,0,0,0,0,0,328000,0,0,0,355000,27000,328000,328000
060249,正文元大9C購01  ,0,0,0,0,0,0,0,0,0,328000,0,0,0,333000,5000,328000,328000
067072,建準元大01購01  ,0,0,0,0,0,0,0,0,0,328000,0,0,0,531000,203000,328000,328000
07865P,可成元大9B售02  ,0,0,0,0,0,0,0,0,0,327000,0,0,0,327000,0,327000,327000
065495,上銀富邦01購02  ,0,0,0,0,0,0,0,0,0,327000,0,0,0,544000,217000,327000,327000
060850,康友國票9A購03  ,0,0,0,0,0,0,0,0,0,325000,0,0,0,385000,60000,325000,325000
067018,FB上証中信02購01,0,0,0,0,0,0,0,0,0,325000,0,0,0,325000,0,325000,325000
8110,華東            ,372000,45000,327000,0,0,0,0,0,0,-3000,3000,6000,-3000,0,0,0,324000
060719,瀚宇博永豐9A購01,0,0,0,0,0,0,0,0,0,323000,0,0,0,398000,75000,323000,323000
064733,南六統一9C購03  ,0,0,0,0,0,0,0,0,0,323000,0,0,0,778000,455000,323000,323000
9935,慶豐富          ,447000,123000,324000,0,0,0,0,0,0,-1000,0,1000,-1000,0,0,0,323000
067639,奇力新統一01購06,0,0,0,0,0,0,0,0,0,321000,0,0,0,464000,143000,321000,321000
059292,華新科元富9B購02,0,0,0,0,0,0,0,0,0,321000,0,0,0,350000,29000,321000,321000
061389,華新科群益9B購01,0,0,0,0,0,0,0,0,0,321000,0,0,0,348000,27000,321000,321000
058338,康友元富99購01  ,0,0,0,0,0,0,0,0,0,320000,0,0,0,320000,0,320000,320000
059047,元油2X凱基9A購10,0,0,0,0,0,0,0,0,0,320000,0,0,0,320000,0,320000,320000
066833,正文群益01購01  ,0,0,0,0,0,0,0,0,0,320000,0,0,0,354000,34000,320000,320000
062974,奇力新元富9B購01,0,0,0,0,0,0,0,0,0,319000,0,0,0,424000,105000,319000,319000
08631P,臺股指麥證9C售06,0,0,0,340000,22000,318000,0,0,0,318000,0,0,0,340000,22000,318000,318000
066600,瀚宇博國泰03購01,0,0,0,0,0,0,0,0,0,317000,0,0,0,319000,2000,317000,317000
066979,國巨群益01購04  ,0,0,0,0,0,0,0,0,0,316000,0,0,0,321000,5000,316000,316000
065404,玉晶光國泰02購03,0,0,0,0,0,0,0,0,0,316000,0,0,0,1267000,951000,316000,316000
1909,榮成            ,563000,247000,316000,0,0,0,0,0,0,0,6000,6000,0,0,0,0,316000
03131P,南亞科元富07售02,0,0,0,0,0,0,0,0,0,315000,0,0,0,345000,30000,315000,315000
064837,TPK統一9C購02   ,0,0,0,0,0,0,0,0,0,313000,0,0,0,321000,8000,313000,313000
066043,美律元大01購01  ,0,0,0,0,0,0,0,0,0,313000,0,0,0,1120000,807000,313000,313000
068273,嘉晶永豐01購01  ,0,0,0,0,0,0,0,0,0,312000,0,0,0,366000,54000,312000,312000
065518,聯鈞群益9C購02  ,0,0,0,0,0,0,0,0,0,312000,0,0,0,464000,152000,312000,312000
065912,瑞祺永豐9C購02  ,0,0,0,0,0,0,0,0,0,311000,0,0,0,667000,356000,311000,311000
060468,聯鈞元大9A購02  ,0,0,0,0,0,0,0,0,0,310000,0,0,0,507000,197000,310000,310000
08275P,南亞科元富9C售01,0,0,0,0,0,0,0,0,0,309000,0,0,0,468000,159000,309000,309000
068252,晶技元大01購05  ,0,0,0,0,0,0,0,0,0,308000,0,0,0,385000,77000,308000,308000
6451,訊芯-KY         ,324000,92000,232000,0,0,0,0,0,0,76000,0,0,0,85000,9000,76000,308000
065585,聯發科富邦03購02,0,0,0,0,0,0,0,0,0,307000,0,0,0,479000,172000,307000,307000
062428,超眾統一9B購01  ,0,0,0,0,0,0,0,0,0,306000,0,0,0,341000,35000,306000,306000
067682,上緯控元大01購02,0,0,0,0,0,0,0,0,0,305000,0,0,0,387000,82000,305000,305000
07955P,大成鋼群益9B售02,0,0,0,0,0,0,0,0,0,304000,0,0,0,304000,0,304000,304000
068591,台積電元富07購13,0,0,0,0,0,0,0,0,0,304000,0,0,0,1232000,928000,304000,304000
053564,台積電富邦99購01,0,0,0,0,0,0,0,0,0,304000,0,0,0,304000,0,304000,304000
03004P,華擎群益02售02  ,0,0,0,0,0,0,0,0,0,303000,0,0,0,403000,100000,303000,303000
065739,正崴麥證9C購01  ,0,0,0,330000,27000,303000,0,0,0,303000,0,0,0,330000,27000,303000,303000
064598,國巨元富9C購03  ,0,0,0,0,0,0,0,0,0,303000,0,0,0,331000,28000,303000,303000
064980,牧德元大01購01  ,0,0,0,0,0,0,0,0,0,301000,0,0,0,301000,0,301000,301000
066134,強茂群益01購01  ,0,0,0,0,0,0,0,0,0,301000,0,0,0,992000,691000,301000,301000
08423P,台積電統一9C售13,0,0,0,0,0,0,0,0,0,300000,0,0,0,1350000,1050000,300000,300000
053827,漢唐麥證9A購01  ,0,0,0,300000,0,300000,0,0,0,300000,0,0,0,300000,0,300000,300000
060636,大毅永豐9A購02  ,0,0,0,0,0,0,0,0,0,300000,0,0,0,300000,0,300000,300000
061223,T50反1中信01購01,0,0,0,0,0,0,0,0,0,300000,0,0,0,300000,0,300000,300000
03105P,大立光元富04售02,0,0,0,0,0,0,0,0,0,299000,0,0,0,299000,0,299000,299000
063451,漢翔統一9C購01  ,0,0,0,0,0,0,0,0,0,299000,0,0,0,354000,55000,299000,299000
061550,聯鈞群益9A購03  ,0,0,0,0,0,0,0,0,0,299000,0,0,0,380000,81000,299000,299000
1712,興農            ,264000,125000,139000,0,0,0,0,0,0,160000,160000,0,160000,0,0,0,299000
08535P,和大國票01售02  ,0,0,0,0,0,0,0,0,0,298000,0,0,0,301000,3000,298000,298000
066439,信錦群益02購01  ,0,0,0,0,0,0,0,0,0,297000,0,0,0,299000,2000,297000,297000
057357,超眾統一98購01  ,0,0,0,0,0,0,0,0,0,296000,0,0,0,299000,3000,296000,296000
2101,南港            ,482000,289000,193000,0,0,0,0,0,0,103000,70000,0,70000,78000,45000,33000,296000
067530,國巨群益01購09  ,0,0,0,0,0,0,0,0,0,295000,0,0,0,407000,112000,295000,295000
065349,玉晶光統一9C購05,0,0,0,0,0,0,0,0,0,295000,0,0,0,437000,142000,295000,295000
08924P,鴻海元富07售10  ,0,0,0,0,0,0,0,0,0,294000,0,0,0,294000,0,294000,294000
059378,台光電群益9B購01,0,0,0,0,0,0,0,0,0,294000,0,0,0,294000,0,294000,294000
062540,茂林國泰9C購01  ,0,0,0,0,0,0,0,0,0,294000,0,0,0,521000,227000,294000,294000
065296,國巨統一01購10  ,0,0,0,0,0,0,0,0,0,294000,0,0,0,307000,13000,294000,294000
3014,聯陽            ,676000,1171000,-495000,0,0,0,500000,0,500000,289000,20000,122000,-102000,455000,64000,391000,294000
064148,瑞昱統一02購01  ,0,0,0,0,0,0,0,0,0,293000,0,0,0,294000,1000,293000,293000
061350,牧德元大9B購03  ,0,0,0,0,0,0,0,0,0,293000,0,0,0,412000,119000,293000,293000
064446,聚陽統一02購02  ,0,0,0,0,0,0,0,0,0,292000,0,0,0,426000,134000,292000,292000
065649,牧德元大03購01  ,0,0,0,0,0,0,0,0,0,292000,0,0,0,412000,120000,292000,292000
064938,華新科元富9C購01,0,0,0,0,0,0,0,0,0,292000,0,0,0,292000,0,292000,292000
066348,松翰永豐01購01  ,0,0,0,0,0,0,0,0,0,292000,0,0,0,292000,0,292000,292000
067062,神隆元大01購02  ,0,0,0,0,0,0,0,0,0,292000,0,0,0,292000,0,292000,292000
08729P,創意永豐01售01  ,0,0,0,0,0,0,0,0,0,291000,0,0,0,361000,70000,291000,291000
068161,智易元大01購02  ,0,0,0,0,0,0,0,0,0,291000,0,0,0,339000,48000,291000,291000
064578,TPK國泰02購01   ,0,0,0,0,0,0,0,0,0,291000,0,0,0,303000,12000,291000,291000
068445,精成科凱基01購01,0,0,0,0,0,0,0,0,0,290000,0,0,0,420000,130000,290000,290000
066036,神隆元大02購01  ,0,0,0,0,0,0,0,0,0,289000,0,0,0,289000,0,289000,289000
3047,訊舟            ,571000,277000,294000,0,0,0,0,0,0,-6000,0,6000,-6000,0,0,0,288000
9802,鈺齊-KY         ,403000,126000,277000,0,0,0,0,0,0,10000,15000,35000,-20000,35000,5000,30000,287000
8215,明基材          ,391000,101000,290000,0,0,0,207,0,207,-4000,0,4000,-4000,0,0,0,286207
064142,國巨統一9C購13  ,0,0,0,0,0,0,0,0,0,286000,0,0,0,326000,40000,286000,286000
066476,禾伸堂麥證01購01,0,0,0,286000,0,286000,0,0,0,286000,0,0,0,286000,0,286000,286000
067089,瑞祺元大01購04  ,0,0,0,0,0,0,0,0,0,286000,0,0,0,509000,223000,286000,286000
068247,宏碁元大01購03  ,0,0,0,0,0,0,0,0,0,285000,0,0,0,610000,325000,285000,285000
068087,臺股指凱基04購04,0,0,0,0,0,0,0,0,0,285000,0,0,0,325000,40000,285000,285000
08091P,A50正2元富9B售02,0,0,0,0,0,0,0,0,0,285000,0,0,0,298000,13000,285000,285000
07836P,大成鋼元大9A售01,0,0,0,0,0,0,0,0,0,285000,0,0,0,285000,0,285000,285000
066450,松翰群益01購01  ,0,0,0,0,0,0,0,0,0,285000,0,0,0,300000,15000,285000,285000
9955,佳龍            ,315000,30000,285000,0,0,0,0,0,0,0,0,0,0,0,0,0,285000
2614,東森            ,424000,129000,295000,0,0,0,0,0,0,-10000,4000,0,4000,0,14000,-14000,285000
060918,康友國泰9C購01  ,0,0,0,0,0,0,0,0,0,284000,0,0,0,550000,266000,284000,284000
060064,華新科兆豐99購07,0,0,0,0,0,0,0,0,0,284000,0,0,0,310000,26000,284000,284000
051277,聯發科中信9A購01,0,0,0,0,0,0,0,0,0,282000,0,0,0,282000,0,282000,282000
056584,鴻海統一9B購01  ,0,0,0,0,0,0,0,0,0,282000,0,0,0,2645000,2363000,282000,282000
065652,超眾元大01購02  ,0,0,0,0,0,0,0,0,0,282000,0,0,0,406000,124000,282000,282000
065293,玉晶光群益01購07,0,0,0,0,0,0,0,0,0,282000,0,0,0,378000,96000,282000,282000
067663,神隆元大01購03  ,0,0,0,0,0,0,0,0,0,281000,0,0,0,281000,0,281000,281000
066792,T50反1凱基01購03,0,0,0,0,0,0,0,0,0,281000,0,0,0,340000,59000,281000,281000
2401,凌陽            ,514000,231000,283000,0,0,0,0,0,0,-2000,4000,6000,-2000,0,0,0,281000
07131P,緯穎元大99售06  ,0,0,0,0,0,0,0,0,0,279000,0,0,0,279000,0,279000,279000
062920,康友元大9B購01  ,0,0,0,0,0,0,0,0,0,279000,0,0,0,369000,90000,279000,279000
03687C,臺股指凱基9C牛22,0,0,0,0,0,0,0,0,0,278000,0,0,0,331000,53000,278000,278000
065299,燿華元富9C購02  ,0,0,0,0,0,0,0,0,0,278000,0,0,0,300000,22000,278000,278000
03020P,大立光群益01售11,0,0,0,0,0,0,0,0,0,277000,0,0,0,281000,4000,277000,277000
061136,可成統一9A購01  ,0,0,0,0,0,0,0,0,0,277000,0,0,0,307000,30000,277000,277000
061137,晶技統一9B購01  ,0,0,0,0,0,0,0,0,0,276000,0,0,0,534000,258000,276000,276000
066490,創意元富07購01  ,0,0,0,0,0,0,0,0,0,276000,0,0,0,589000,313000,276000,276000
067321,南六元大01購05  ,0,0,0,0,0,0,0,0,0,275000,0,0,0,303000,28000,275000,275000
068306,建準國票03購01  ,0,0,0,0,0,0,0,0,0,275000,0,0,0,308000,33000,275000,275000
066480,國巨元富07購02  ,0,0,0,0,0,0,0,0,0,275000,0,0,0,275000,0,275000,275000
066781,滬深2X中信04購01,0,0,0,0,0,0,0,0,0,275000,0,0,0,615000,340000,275000,275000
060926,宏達電永豐9A購01,0,0,0,0,0,0,0,0,0,274000,0,0,0,334000,60000,274000,274000
064931,南六統一9C購05  ,0,0,0,0,0,0,0,0,0,274000,0,0,0,576000,302000,274000,274000
08801P,聯發科元大01售13,0,0,0,0,0,0,0,0,0,273000,0,0,0,1011000,738000,273000,273000
066483,瑞昱元富01購01  ,0,0,0,0,0,0,0,0,0,273000,0,0,0,449000,176000,273000,273000
066081,文曄國泰03購01  ,0,0,0,0,0,0,0,0,0,273000,0,0,0,273000,0,273000,273000
061571,奇力新元大9A購03,0,0,0,0,0,0,0,0,0,272000,0,0,0,320000,48000,272000,272000
062275,燿華群益9B購01  ,0,0,0,0,0,0,0,0,0,270000,0,0,0,311000,41000,270000,270000
058437,可成統一9B購01  ,0,0,0,0,0,0,0,0,0,270000,0,0,0,340000,70000,270000,270000
067229,台達電群益01購02,0,0,0,0,0,0,0,0,0,269000,0,0,0,327000,58000,269000,269000
061991,牧德元大9C購01  ,0,0,0,0,0,0,0,0,0,269000,0,0,0,299000,30000,269000,269000
058795,可成元大99購03  ,0,0,0,0,0,0,0,0,0,268000,0,0,0,284000,16000,268000,268000
00668,國泰美國道瓊    ,20000,0,20000,0,0,0,0,0,0,248000,0,0,0,253000,5000,248000,268000
3321,同泰            ,300000,32000,268000,0,0,0,0,0,0,0,0,0,0,0,0,0,268000
068534,台達電中信03購01,0,0,0,0,0,0,0,0,0,267000,0,0,0,411000,144000,267000,267000
07838P,泰碩元大9A售04  ,0,0,0,0,0,0,0,0,0,266000,0,0,0,324000,58000,266000,266000
059326,康友元大99購01  ,0,0,0,0,0,0,0,0,0,266000,0,0,0,300000,34000,266000,266000
060161,牧德永豐9A購02  ,0,0,0,0,0,0,0,0,0,266000,0,0,0,266000,0,266000,266000
4961,天鈺            ,876000,664000,212000,0,0,0,0,0,0,54000,62000,8000,54000,0,0,0,266000
058930,華新科統一9B購01,0,0,0,0,0,0,0,0,0,265000,0,0,0,265000,0,265000,265000
058931,玉晶光統一9C購01,0,0,0,0,0,0,0,0,0,264000,0,0,0,366000,102000,264000,264000
060788,嘉晶富邦9B購01  ,0,0,0,0,0,0,0,0,0,264000,0,0,0,319000,55000,264000,264000
063146,南六統一9B購02  ,0,0,0,0,0,0,0,0,0,264000,0,0,0,279000,15000,264000,264000
2385,群光            ,550677,854173,-303496,0,0,0,537000,0,537000,30000,0,1000,-1000,80000,49000,31000,263504
2636,台驊投控        ,321000,60000,261000,0,0,0,0,0,0,2000,2000,0,2000,0,0,0,263000
063570,嘉晶元大9C購02  ,0,0,0,0,0,0,0,0,0,262000,0,0,0,525000,263000,262000,262000
058054,台積電統一9C購01,0,0,0,0,0,0,0,0,0,261000,0,0,0,261000,0,261000,261000
4977,眾達-KY         ,258000,706000,-448000,0,0,0,626000,40000,586000,123000,5000,0,5000,125000,7000,118000,261000
07612P,國巨國泰9B售06  ,0,0,0,0,0,0,0,0,0,260000,0,0,0,260000,0,260000,260000
067707,奇力新元富04購01,0,0,0,0,0,0,0,0,0,260000,0,0,0,305000,45000,260000,260000
063549,國巨國票9C購05  ,0,0,0,0,0,0,0,0,0,260000,0,0,0,330000,70000,260000,260000
062441,華新科元大9C購01,0,0,0,0,0,0,0,0,0,260000,0,0,0,315000,55000,260000,260000
056999,元油2X國票98購02,0,0,0,0,0,0,0,0,0,259000,0,0,0,259000,0,259000,259000
064139,裕隆統一01購02  ,0,0,0,0,0,0,0,0,0,259000,0,0,0,324000,65000,259000,259000
068667,聯電統一03購05  ,0,0,0,0,0,0,0,0,0,258000,0,0,0,349000,91000,258000,258000
08648P,健策凱基9C售05  ,0,0,0,0,0,0,0,0,0,258000,0,0,0,288000,30000,258000,258000
4956,光鋐            ,487000,229000,258000,0,0,0,0,0,0,0,0,0,0,0,0,0,258000
063282,奇力新元大9B購06,0,0,0,0,0,0,0,0,0,257000,0,0,0,288000,31000,257000,257000
07990P,緯穎凱基9B售02  ,0,0,0,0,0,0,0,0,0,256000,0,0,0,489000,233000,256000,256000
063944,建準元大9C購01  ,0,0,0,0,0,0,0,0,0,256000,0,0,0,704000,448000,256000,256000
066082,康友國泰03購01  ,0,0,0,0,0,0,0,0,0,256000,0,0,0,493000,237000,256000,256000
065898,神基麥證9C購01  ,0,0,0,276000,20000,256000,0,0,0,256000,0,0,0,276000,20000,256000,256000
060123,光罩永豐99購02  ,0,0,0,0,0,0,0,0,0,255000,0,0,0,318000,63000,255000,255000
2206,三陽工業        ,299000,47000,252000,0,0,0,0,0,0,3000,3000,0,3000,0,0,0,255000
08528P,台勝科元大9C售02,0,0,0,0,0,0,0,0,0,254000,0,0,0,254000,0,254000,254000
07013P,玉晶光群益9A售06,0,0,0,0,0,0,0,0,0,253000,0,0,0,470000,217000,253000,253000
067772,超眾統一03購02  ,0,0,0,0,0,0,0,0,0,253000,0,0,0,480000,227000,253000,253000
060105,牧德元大9B購01  ,0,0,0,0,0,0,0,0,0,253000,0,0,0,256000,3000,253000,253000
047564,滬深2X國票99購01,0,0,0,0,0,0,0,0,0,253000,0,0,0,253000,0,253000,253000
067109,晶豪科群益01購01,0,0,0,0,0,0,0,0,0,253000,0,0,0,253000,0,253000,253000
063022,嘉晶元大9B購04  ,0,0,0,0,0,0,0,0,0,252000,0,0,0,341000,89000,252000,252000
063488,金像電國泰01購01,0,0,0,0,0,0,0,0,0,252000,0,0,0,304000,52000,252000,252000
061344,禾伸堂元大9A購02,0,0,0,0,0,0,0,0,0,252000,0,0,0,252000,0,252000,252000
067071,燿華元大01購02  ,0,0,0,0,0,0,0,0,0,252000,0,0,0,409000,157000,252000,252000
066299,潤泰新元大01購01,0,0,0,0,0,0,0,0,0,252000,0,0,0,257000,5000,252000,252000
068249,聯發科元大01購25,0,0,0,0,0,0,0,0,0,251000,0,0,0,725000,474000,251000,251000
08178P,南亞科元大9B售01,0,0,0,0,0,0,0,0,0,251000,0,0,0,262000,11000,251000,251000
08910P,宏達電凱基01售02,0,0,0,0,0,0,0,0,0,251000,0,0,0,271000,20000,251000,251000
062049,亞德客統一01購01,0,0,0,0,0,0,0,0,0,251000,0,0,0,261000,10000,251000,251000
065775,神隆國泰03購01  ,0,0,0,0,0,0,0,0,0,251000,0,0,0,299000,48000,251000,251000
08869P,緯穎凱基01售02  ,0,0,0,0,0,0,0,0,0,250000,0,0,0,250000,0,250000,250000
08714P,華碩元富01售03  ,0,0,0,0,0,0,0,0,0,250000,0,0,0,430000,180000,250000,250000
067722,國產凱基01購01  ,0,0,0,0,0,0,0,0,0,250000,0,0,0,250000,0,250000,250000
061637,華新科元大9A購22,0,0,0,0,0,0,0,0,0,250000,0,0,0,250000,0,250000,250000
066770,上証2X富邦02購02,0,0,0,0,0,0,0,0,0,250000,0,0,0,350000,100000,250000,250000
07630P,臺股指凱基9A售11,0,0,0,0,0,0,0,0,0,249000,0,0,0,299000,50000,249000,249000
058315,TPK富邦9C購01   ,0,0,0,0,0,0,0,0,0,249000,0,0,0,249000,0,249000,249000
067133,正崴永豐01購01  ,0,0,0,0,0,0,0,0,0,249000,0,0,0,250000,1000,249000,249000
065970,燿華元大02購01  ,0,0,0,0,0,0,0,0,0,249000,0,0,0,406000,157000,249000,249000
059515,牧德永豐99購01  ,0,0,0,0,0,0,0,0,0,248000,0,0,0,279000,31000,248000,248000
061129,文曄永豐9A購01  ,0,0,0,0,0,0,0,0,0,247000,0,0,0,247000,0,247000,247000
066236,潤泰全富邦01購01,0,0,0,0,0,0,0,0,0,247000,0,0,0,247000,0,247000,247000
00753L,中信中國50正2   ,0,0,0,0,0,0,0,0,0,246000,0,0,0,837000,591000,246000,246000
08797P,健策凱基02售03  ,0,0,0,0,0,0,0,0,0,245000,0,0,0,356000,111000,245000,245000
058463,宏達電兆豐99購02,0,0,0,0,0,0,0,0,0,245000,0,0,0,245000,0,245000,245000
061213,群創元大9A購05  ,0,0,0,0,0,0,0,0,0,244000,0,0,0,264000,20000,244000,244000
061302,晶技永豐9A購04  ,0,0,0,0,0,0,0,0,0,244000,0,0,0,245000,1000,244000,244000
066266,強茂元大01購01  ,1000,0,1000,0,0,0,0,0,0,243000,0,0,0,682000,439000,243000,244000
066185,松翰凱基01購01  ,0,0,0,0,0,0,0,0,0,244000,0,0,0,244000,0,244000,244000
068244,國巨元大01購15  ,0,0,0,0,0,0,0,0,0,243000,0,0,0,250000,7000,243000,243000
061132,志超永豐9A購01  ,0,0,0,0,0,0,0,0,0,243000,0,0,0,243000,0,243000,243000
066870,宏達電元富01購01,0,0,0,0,0,0,0,0,0,243000,0,0,0,400000,157000,243000,243000
065604,聯發科元大9C購17,0,0,0,0,0,0,0,0,0,242000,0,0,0,242000,0,242000,242000
065245,國泰金兆豐9C購01,0,0,0,0,0,0,0,0,0,242000,0,0,0,265000,23000,242000,242000
067299,燿華元大01購03  ,0,0,0,0,0,0,0,0,0,241000,0,0,0,588000,347000,241000,241000
063345,嘉晶統一9C購02  ,0,0,0,0,0,0,0,0,0,241000,0,0,0,292000,51000,241000,241000
064736,超眾元富9C購04  ,0,0,0,0,0,0,0,0,0,241000,0,0,0,276000,35000,241000,241000
066267,強茂元大01購02  ,1000,0,1000,0,0,0,0,0,0,240000,0,0,0,774000,534000,240000,241000
07576P,可成元大9A售01  ,0,0,0,0,0,0,0,0,0,240000,0,0,0,240000,0,240000,240000
065719,T50反1兆豐9C購01,0,0,0,0,0,0,0,0,0,240000,0,0,0,260000,20000,240000,240000
064649,同欣電凱基01購01,0,0,0,0,0,0,0,0,0,239000,0,0,0,244000,5000,239000,239000
3583,辛耘            ,483000,244000,239000,0,0,0,0,0,0,0,0,0,0,0,0,0,239000
03093P,台灣50凱基04售10,0,0,0,0,0,0,0,0,0,238000,0,0,0,270000,32000,238000,238000
061378,南六永豐9A購03  ,0,0,0,0,0,0,0,0,0,238000,0,0,0,268000,30000,238000,238000
1802,台玻            ,527000,290000,237000,0,0,0,0,0,0,0,0,0,0,0,0,0,237000
068336,瀚宇博元大01購05,0,0,0,0,0,0,0,0,0,235000,0,0,0,235000,0,235000,235000
1303,南亞            ,2449206,2897971,-448765,0,0,0,681000,0,681000,2000,4000,2000,2000,0,0,0,234235
08376P,南亞科元富9C售03,0,0,0,0,0,0,0,0,0,234000,0,0,0,251000,17000,234000,234000
062172,南六永豐9B購01  ,0,0,0,0,0,0,0,0,0,234000,0,0,0,244000,10000,234000,234000
065950,正崴統一03購01  ,0,0,0,0,0,0,0,0,0,234000,0,0,0,358000,124000,234000,234000
07754P,日月光元大9A售02,0,0,0,0,0,0,0,0,0,233000,0,0,0,241000,8000,233000,233000
063581,同欣電國泰9C購01,0,0,0,0,0,0,0,0,0,233000,0,0,0,243000,10000,233000,233000
066519,達方永豐01購01  ,0,0,0,0,0,0,0,0,0,233000,0,0,0,321000,88000,233000,233000
4119,旭富            ,252000,122000,130000,0,0,0,0,0,0,103000,40000,0,40000,73000,10000,63000,233000
07917P,可成永豐9B售01  ,0,0,0,0,0,0,0,0,0,232000,0,0,0,232000,0,232000,232000
058972,新日興永豐9A購01,0,0,0,0,0,0,0,0,0,232000,0,0,0,232000,0,232000,232000
063510,台表科群益9C購01,0,0,0,0,0,0,0,0,0,232000,0,0,0,314000,82000,232000,232000
062161,南六凱基9C購01  ,0,0,0,0,0,0,0,0,0,232000,0,0,0,239000,7000,232000,232000
065981,超眾元大02購01  ,0,0,0,0,0,0,0,0,0,232000,0,0,0,310000,78000,232000,232000
1795,美時            ,308000,76000,232000,0,0,0,0,0,0,0,0,0,0,0,0,0,232000
062939,奇力新凱基9B購02,0,0,0,0,0,0,0,0,0,231000,0,0,0,340000,109000,231000,231000
066851,瀚宇博元大01購02,0,0,0,0,0,0,0,0,0,231000,0,0,0,232000,1000,231000,231000
9944,新麗            ,343000,112000,231000,0,0,0,0,0,0,0,0,0,0,0,0,0,231000
08374P,緯穎凱基9C售01  ,0,0,0,0,0,0,0,0,0,230000,0,0,0,230000,0,230000,230000
03107P,台積電元大01售39,0,0,0,0,0,0,0,0,0,230000,0,0,0,230000,0,230000,230000
03019P,全新群益01售01  ,0,0,0,0,0,0,0,0,0,230000,0,0,0,230000,0,230000,230000
063239,建準元大9B購01  ,0,0,0,0,0,0,0,0,0,230000,0,0,0,310000,80000,230000,230000
062896,中興電元大9B購01,0,0,0,0,0,0,0,0,0,230000,0,0,0,322000,92000,230000,230000
08763P,健策永豐01售02  ,0,0,0,0,0,0,0,0,0,229000,0,0,0,229000,0,229000,229000
067388,聯發科元富07購03,0,0,0,0,0,0,0,0,0,229000,0,0,0,288000,59000,229000,229000
064195,晶豪科群益9C購01,0,0,0,0,0,0,0,0,0,229000,0,0,0,231000,2000,229000,229000
065675,茂林凱基03購01  ,0,0,0,0,0,0,0,0,0,229000,0,0,0,299000,70000,229000,229000
067604,晶技凱基01購02  ,0,0,0,0,0,0,0,0,0,228000,0,0,0,263000,35000,228000,228000
068316,台灣50元大01購34,0,0,0,0,0,0,0,0,0,228000,0,0,0,279000,51000,228000,228000
08066P,南亞科凱基9B售04,0,0,0,0,0,0,0,0,0,228000,0,0,0,228000,0,228000,228000
062114,GIS國票9C購01   ,0,0,0,0,0,0,0,0,0,228000,0,0,0,228000,0,228000,228000
062731,力成凱基9B購02  ,0,0,0,0,0,0,0,0,0,228000,0,0,0,238000,10000,228000,228000
066380,瑞昱康和01購02  ,0,0,0,0,0,0,0,0,0,228000,0,0,0,232000,4000,228000,228000
07845P,南亞科元大9A售08,0,0,0,0,0,0,0,0,0,227000,0,0,0,227000,0,227000,227000
067746,瀚宇博元大01購04,0,0,0,0,0,0,0,0,0,227000,0,0,0,230000,3000,227000,227000
3653,健策            ,370000,283000,87000,0,0,0,19000,4000,15000,125000,27000,8000,19000,109000,3000,106000,227000
1904,正隆            ,821661,512000,309661,0,0,0,0,0,0,-83000,3000,83000,-80000,8000,11000,-3000,226661
067635,超眾永豐01購02  ,0,0,0,0,0,0,0,0,0,226000,0,0,0,226000,0,226000,226000
08309P,GIS凱基9C售01   ,0,0,0,0,0,0,0,0,0,226000,0,0,0,232000,6000,226000,226000
058622,國巨國票99購07  ,0,0,0,0,0,0,0,0,0,226000,0,0,0,248000,22000,226000,226000
062081,華新科元大9B購06,0,0,0,0,0,0,0,0,0,226000,0,0,0,226000,0,226000,226000
061795,智邦永豐9B購01  ,0,0,0,0,0,0,0,0,0,226000,0,0,0,284000,58000,226000,226000
062499,鴻海群益01購01  ,0,0,0,0,0,0,0,0,0,226000,0,0,0,250000,24000,226000,226000
4536,拓凱            ,273070,167000,106070,0,0,0,50073,0,50073,68000,15000,4000,11000,63000,6000,57000,224143
068400,瑞昱元富07購02  ,0,0,0,0,0,0,0,0,0,224000,0,0,0,286000,62000,224000,224000
057958,禾伸堂元大99購05,0,0,0,0,0,0,0,0,0,224000,0,0,0,224000,0,224000,224000
07966P,瑞祺群益9B售02  ,0,0,0,0,0,0,0,0,0,223000,0,0,0,223000,0,223000,223000
053088,奇鋐元大98購01  ,0,0,0,0,0,0,0,0,0,223000,0,0,0,223000,0,223000,223000
063201,廣達統一01購01  ,0,0,0,0,0,0,0,0,0,223000,0,0,0,558000,335000,223000,223000
2504,國產            ,1251949,978000,273949,0,0,0,1366,0,1366,-53000,0,0,0,50000,103000,-53000,222315
060940,國巨國票9B購03  ,0,0,0,0,0,0,0,0,0,222000,0,0,0,273000,51000,222000,222000
060699,華新科國泰9B購03,0,0,0,0,0,0,0,0,0,222000,0,0,0,273000,51000,222000,222000
2103,台橡            ,293000,413000,-120000,0,0,0,0,0,0,342000,0,0,0,342000,0,342000,222000
068344,台積電麥證01購13,0,0,0,277000,56000,221000,0,0,0,221000,0,0,0,277000,56000,221000,221000
062520,晶豪科元大9B購02,0,20000,-20000,0,0,0,0,0,0,241000,0,0,0,341000,100000,241000,221000
2106,建大            ,457000,56000,401000,0,0,0,0,200000,-200000,20000,20000,0,20000,0,0,0,221000
9925,新保            ,245000,24000,221000,0,0,0,0,0,0,0,0,0,0,0,0,0,221000
068265,信錦永豐01購01  ,0,0,0,0,0,0,0,0,0,220000,0,0,0,220000,0,220000,220000
062422,億光統一01購01  ,0,0,0,0,0,0,0,0,0,219000,0,0,0,309000,90000,219000,219000
066017,南六元富03購01  ,0,0,0,0,0,0,0,0,0,219000,0,0,0,251000,32000,219000,219000
066843,台達電元大01購02,0,0,0,0,0,0,0,0,0,219000,0,0,0,243000,24000,219000,219000
068428,神隆凱基03購01  ,0,0,0,0,0,0,0,0,0,218000,0,0,0,218000,0,218000,218000
08817P,致新元富01售02  ,0,0,0,0,0,0,0,0,0,218000,0,0,0,268000,50000,218000,218000
060058,牧德凱基9B購01  ,0,0,0,0,0,0,0,0,0,218000,0,0,0,243000,25000,218000,218000
061237,晶技元大9A購01  ,0,0,0,0,0,0,0,0,0,218000,0,0,0,286000,68000,218000,218000
8046,南電            ,3083000,2815000,268000,0,0,0,0,219000,-219000,169000,237000,184000,53000,171000,55000,116000,218000
064141,國巨統一01購08  ,0,0,0,0,0,0,0,0,0,217000,0,0,0,235000,18000,217000,217000
063450,華新科統一02購01,0,0,0,0,0,0,0,0,0,216000,0,0,0,405000,189000,216000,216000
066023,燿華群益01購02  ,0,0,0,0,0,0,0,0,0,216000,0,0,0,255000,39000,216000,216000
067927,瑞祺兆豐01購01  ,0,0,0,0,0,0,0,0,0,215000,0,0,0,491000,276000,215000,215000
064249,聯發科元富06購01,0,0,0,0,0,0,0,0,0,215000,0,0,0,215000,0,215000,215000
062004,國巨國泰9C購03  ,0,0,0,0,0,0,0,0,0,215000,0,0,0,236000,21000,215000,215000
065840,國巨元大03購01  ,0,0,0,0,0,0,0,0,0,215000,0,0,0,220000,5000,215000,215000
061572,奇力新元大9A購04,0,0,0,0,0,0,0,0,0,214000,0,0,0,291000,77000,214000,214000
061261,台積電凱基9B購03,0,0,0,0,0,0,0,0,0,214000,0,0,0,316000,102000,214000,214000
08833P,緯穎群益01售03  ,0,0,0,0,0,0,0,0,0,213000,0,0,0,270000,57000,213000,213000
06333P,臺股指群益9C售02,0,0,0,0,0,0,0,0,0,213000,0,0,0,223000,10000,213000,213000
065685,同欣電統一01購04,0,0,0,0,0,0,0,0,0,213000,0,0,0,246000,33000,213000,213000
060284,南港元大01購01  ,0,0,0,0,0,0,0,0,0,212000,0,0,0,350000,138000,212000,212000
055683,晶技凱基99購01  ,0,0,0,0,0,0,0,0,0,212000,0,0,0,213000,1000,212000,212000
00650L,FH香港正2       ,28000,28000,0,0,0,0,0,0,0,212000,0,0,0,504000,292000,212000,212000
063991,南六永豐9C購02  ,0,0,0,0,0,0,0,0,0,212000,0,0,0,236000,24000,212000,212000
066047,嘉晶元大01購04  ,0,0,0,0,0,0,0,0,0,212000,0,0,0,329000,117000,212000,212000
066394,建準凱基01購01  ,0,0,0,0,0,0,0,0,0,212000,0,0,0,302000,90000,212000,212000
066424,晶技元大01購03  ,0,0,0,0,0,0,0,0,0,212000,0,0,0,227000,15000,212000,212000
060912,華新科元大9A購10,0,0,0,0,0,0,0,0,0,211000,0,0,0,212000,1000,211000,211000
057948,嘉聯益國票99購02,0,0,0,0,0,0,0,0,0,211000,0,0,0,302000,91000,211000,211000
065801,瑞昱群益9C購04  ,0,0,0,0,0,0,0,0,0,211000,0,0,0,288000,77000,211000,211000
8081,致新            ,283539,89000,194539,0,0,0,0,0,0,16000,0,1000,-1000,17000,0,17000,210539
068319,聯電元大01購05  ,0,0,0,0,0,0,0,0,0,210000,0,0,0,273000,63000,210000,210000
063355,超眾元富9B購01  ,0,0,0,0,0,0,0,0,0,210000,0,0,0,215000,5000,210000,210000
061842,牧德凱基9C購01  ,0,0,0,0,0,0,0,0,0,210000,0,0,0,236000,26000,210000,210000
060970,T50反1元大9A購08,0,0,0,0,0,0,0,0,0,210000,0,0,0,210000,0,210000,210000
2929,淘帝-KY         ,328000,117000,211000,0,0,0,0,0,0,-1000,2000,2000,0,0,1000,-1000,210000
068143,國巨元大01購14  ,0,0,0,0,0,0,0,0,0,209000,0,0,0,209000,0,209000,209000
08726P,台積電群益01售07,0,0,0,0,0,0,0,0,0,209000,0,0,0,209000,0,209000,209000
068724,美律元大02購01  ,0,0,0,0,0,0,0,0,0,209000,0,0,0,244000,35000,209000,209000
057696,聯電群益9A購01  ,0,0,0,0,0,0,0,0,0,209000,0,0,0,211000,2000,209000,209000
00635U,元大S&P黃金     ,552000,0,552000,0,0,0,0,0,0,-343000,0,0,0,72000,415000,-343000,209000
053891,欣興群益98購01  ,0,0,0,0,0,0,0,0,0,209000,0,0,0,325000,116000,209000,209000
062492,牧德第一9B購01  ,0,0,0,0,0,0,0,0,0,209000,0,0,0,209000,0,209000,209000
060785,國巨富邦9B購04  ,0,0,0,0,0,0,0,0,0,209000,0,0,0,209000,0,209000,209000
066200,建準統一02購01  ,0,0,0,0,0,0,0,0,0,209000,0,0,0,255000,46000,209000,209000
07952P,富邦金元大9B售02,0,0,0,0,0,0,0,0,0,208000,0,0,0,208000,0,208000,208000
067813,晶技凱基01購03  ,0,0,0,0,0,0,0,0,0,208000,0,0,0,321000,113000,208000,208000
067459,微星永豐01購01  ,0,0,0,0,0,0,0,0,0,208000,0,0,0,374000,166000,208000,208000
063191,台表科凱基9B購03,0,0,0,0,0,0,0,0,0,208000,0,0,0,331000,123000,208000,208000
07768P,緯穎群益9A售02  ,0,0,0,0,0,0,0,0,0,207000,0,0,0,207000,0,207000,207000
059918,華新科元大99購20,0,0,0,0,0,0,0,0,0,207000,0,0,0,209000,2000,207000,207000
063194,華新科台新9B購01,0,0,0,0,0,0,0,0,0,207000,0,0,0,208000,1000,207000,207000
059932,世紀鋼富邦9A購02,0,0,0,0,0,0,0,0,0,206000,0,0,0,208000,2000,206000,206000
08610P,鴻海凱基9C售05  ,0,0,0,0,0,0,0,0,0,205000,0,0,0,277000,72000,205000,205000
068415,台積電中信07購04,0,0,0,0,0,0,0,0,0,205000,0,0,0,738000,533000,205000,205000
063902,志超群益9C購01  ,0,0,0,0,0,0,0,0,0,205000,0,0,0,240000,35000,205000,205000
063584,南六國泰01購01  ,0,0,0,0,0,0,0,0,0,205000,0,0,0,507000,302000,205000,205000
064627,矽格元大9C購01  ,0,0,0,0,0,0,0,0,0,205000,0,0,0,205000,0,205000,205000
068174,華新科中信01購01,0,0,0,0,0,0,0,0,0,204000,0,0,0,250000,46000,204000,204000
056096,超眾元富9A購01  ,0,0,0,0,0,0,0,0,0,204000,0,0,0,214000,10000,204000,204000
064923,牧德統一02購01  ,0,0,0,0,0,0,0,0,0,204000,0,0,0,214000,10000,204000,204000
6582,申豐            ,361000,198000,163000,0,0,0,0,0,0,41000,22000,25000,-3000,45000,1000,44000,204000
058911,茂林元大99購04  ,0,0,0,0,0,0,0,0,0,203000,0,0,0,203000,0,203000,203000
067186,晶豪科凱基01購02,0,0,0,0,0,0,0,0,0,203000,0,0,0,203000,0,203000,203000
2486,一詮            ,280000,75000,205000,0,0,0,0,0,0,-2000,0,2000,-2000,0,0,0,203000
062305,遠東新凱基9B購01,0,0,0,0,0,0,0,0,0,202000,0,0,0,235000,33000,202000,202000
066156,建準康和01購01  ,0,0,0,0,0,0,0,0,0,202000,0,0,0,206000,4000,202000,202000
068391,玉晶光統一07購01,0,0,0,0,0,0,0,0,0,201000,0,0,0,201000,0,201000,201000
068456,冠德國票03購01  ,0,0,0,0,0,0,0,0,0,201000,0,0,0,201000,0,201000,201000
059984,華新科元大99購21,0,0,0,0,0,0,0,0,0,201000,0,0,0,202000,1000,201000,201000
064477,南六國泰02購01  ,0,0,0,0,0,0,0,0,0,201000,0,0,0,484000,283000,201000,201000
066007,大立光統一02購06,0,0,0,0,0,0,0,0,0,201000,0,0,0,300000,99000,201000,201000
2485,兆赫            ,273000,67000,206000,0,0,0,311,0,311,-6000,0,6000,-6000,0,0,0,200311
068401,瑞昱元富07購03  ,0,0,0,0,0,0,0,0,0,200000,0,0,0,316000,116000,200000,200000
067754,元金2X元大01購02,0,0,0,0,0,0,0,0,0,200000,0,0,0,200000,0,200000,200000
07905P,大立光群益9B售04,0,0,0,0,0,0,0,0,0,200000,0,0,0,200000,0,200000,200000
07972P,大立光統一9C售05,0,0,0,0,0,0,0,0,0,200000,0,0,0,200000,0,200000,200000
07577P,華新科元大9A售09,0,0,0,0,0,0,0,0,0,200000,0,0,0,200000,0,200000,200000
07613P,國巨永豐9A售01  ,0,0,0,0,0,0,0,0,0,200000,0,0,0,200000,0,200000,200000
07552P,技嘉元大9A售03  ,0,0,0,0,0,0,0,0,0,200000,0,0,0,200000,0,200000,200000
07645P,華通元大9A售06  ,0,0,0,0,0,0,0,0,0,200000,0,0,0,200000,0,200000,200000
07691P,宏達電元大9A售05,0,0,0,0,0,0,0,0,0,200000,0,0,0,200000,0,200000,200000
07290P,台灣50凱基9A售08,0,0,0,0,0,0,0,0,0,200000,0,0,0,200000,0,200000,200000
057717,友訊元富98購02  ,0,0,0,0,0,0,0,0,0,200000,0,0,0,200000,0,200000,200000
057527,億光元大98購01  ,0,0,0,0,0,0,0,0,0,200000,0,0,0,250000,50000,200000,200000
060258,T50反1凱基9A購06,0,0,0,0,0,0,0,0,0,200000,0,0,0,200000,0,200000,200000
057888,貿聯群益98購02  ,0,0,0,0,0,0,0,0,0,200000,0,0,0,200000,0,200000,200000
060617,華新科元大9A購08,0,0,0,0,0,0,0,0,0,200000,0,0,0,216000,16000,200000,200000
060682,牧德元大9A購03  ,0,0,0,0,0,0,0,0,0,200000,0,0,0,205000,5000,200000,200000
061983,華新科元大9B購04,0,0,0,0,0,0,0,0,0,200000,0,0,0,203000,3000,200000,200000
062442,華新科元大9C購02,0,0,0,0,0,0,0,0,0,200000,0,0,0,200000,0,200000,200000
062821,華擎兆豐9C購01  ,0,0,0,0,0,0,0,0,0,200000,0,0,0,200000,0,200000,200000
061384,T50反1群益9A購04,0,0,0,0,0,0,0,0,0,200000,0,0,0,200000,0,200000,200000
066666,聯鈞凱基01購03  ,0,0,0,0,0,0,0,0,0,200000,0,0,0,200000,0,200000,200000
063020,奇力新元大9B購04,0,0,0,0,0,0,0,0,0,199000,0,0,0,695000,496000,199000,199000
062106,華邦電國票9B購02,0,0,0,0,0,0,0,0,0,199000,0,0,0,199000,0,199000,199000
061017,國泰金麥證9A購01,0,0,0,198000,0,198000,0,0,0,198000,0,0,0,198000,0,198000,198000
061057,華新科國票9A購04,0,0,0,0,0,0,0,0,0,198000,0,0,0,198000,0,198000,198000
065952,聯發科統一03購02,0,0,0,0,0,0,0,0,0,198000,0,0,0,198000,0,198000,198000
060195,旭富元富9A購02  ,0,0,0,0,0,0,0,0,0,197000,0,0,0,197000,0,197000,197000
03184P,台積電元大01售48,0,0,0,0,0,0,0,0,0,197000,0,0,0,283000,86000,197000,197000
062546,新日興永豐9B購01,0,0,0,0,0,0,0,0,0,197000,0,0,0,199000,2000,197000,197000
066060,超眾元大01購03  ,0,0,0,0,0,0,0,0,0,197000,0,0,0,277000,80000,197000,197000
2457,飛宏            ,428000,232000,196000,0,0,0,0,0,0,1000,1000,0,1000,0,0,0,197000
068652,聯電元大02購05  ,0,0,0,0,0,0,0,0,0,196000,0,0,0,260000,64000,196000,196000
067367,台積電統一01購11,0,0,0,0,0,0,0,0,0,196000,0,0,0,196000,0,196000,196000
062194,遠東新中信9C購01,0,0,0,0,0,0,0,0,0,196000,0,0,0,211000,15000,196000,196000
064871,緯穎永豐9C購03  ,0,0,0,0,0,0,0,0,0,196000,0,0,0,216000,20000,196000,196000
065626,華新科兆豐9C購02,0,0,0,0,0,0,0,0,0,196000,0,0,0,196000,0,196000,196000
068777,台積電元富08購02,0,0,0,0,0,0,0,0,0,195000,0,0,0,350000,155000,195000,195000
068313,松翰國票03購01  ,0,0,0,0,0,0,0,0,0,194000,0,0,0,317000,123000,194000,194000
063346,TPK統一9C購01   ,0,0,0,0,0,0,0,0,0,194000,0,0,0,244000,50000,194000,194000
060652,滬深2X群益9C購04,0,0,0,0,0,0,0,0,0,194000,0,0,0,195000,1000,194000,194000
065938,文曄群益01購01  ,0,0,0,0,0,0,0,0,0,194000,0,0,0,208000,14000,194000,194000
066445,牧德群益01購01  ,0,0,0,0,0,0,0,0,0,194000,0,0,0,223000,29000,194000,194000
066688,台積電元富07購01,0,0,0,0,0,0,0,0,0,194000,0,0,0,333000,139000,194000,194000
068270,建準永豐01購01  ,0,0,0,0,0,0,0,0,0,193000,0,0,0,642000,449000,193000,193000
065405,華新科富邦03購01,0,0,0,0,0,0,0,0,0,192000,0,0,0,192000,0,192000,192000
062163,大毅國泰01購01  ,0,0,0,0,0,0,0,0,0,191000,0,0,0,193000,2000,191000,191000
064821,聯電統一02購01  ,0,0,0,0,0,0,0,0,0,191000,0,0,0,426000,235000,191000,191000
066985,牧德群益02購02  ,0,0,0,0,0,0,0,0,0,191000,0,0,0,191000,0,191000,191000
068484,聯電元大03購02  ,0,0,0,0,0,0,0,0,0,190000,0,0,0,261000,71000,190000,190000
067661,大成元大01購01  ,0,0,0,0,0,0,0,0,0,190000,0,0,0,200000,10000,190000,190000
052847,漢唐統一99購01  ,0,0,0,0,0,0,0,0,0,190000,0,0,0,200000,10000,190000,190000
060791,聯茂富邦9A購02  ,0,0,0,0,0,0,0,0,0,190000,0,0,0,210000,20000,190000,190000
063209,巨大統一01購01  ,0,0,0,0,0,0,0,0,0,190000,0,0,0,202000,12000,190000,190000
066707,揚明光群益01購02,0,0,0,0,0,0,0,0,0,190000,0,0,0,199000,9000,190000,190000
065971,金像電元大02購01,0,0,0,0,0,0,0,0,0,190000,0,0,0,191000,1000,190000,190000
061164,燿華兆豐9B購01  ,0,0,0,0,0,0,0,0,0,189000,0,0,0,214000,25000,189000,189000
066591,華新科群益01購05,0,0,0,0,0,0,0,0,0,189000,0,0,0,381000,192000,189000,189000
065670,華新科凱基01購02,0,0,0,0,0,0,0,0,0,189000,0,0,0,189000,0,189000,189000
5607,遠雄港          ,237000,48000,189000,0,0,0,0,0,0,0,0,0,0,0,0,0,189000
07837P,華邦電元大9A售01,0,0,0,0,0,0,0,0,0,188000,0,0,0,188000,0,188000,188000
063826,中興電國票01購01,0,0,0,0,0,0,0,0,0,188000,0,0,0,232000,44000,188000,188000
08124P,臻鼎群益9B售02  ,0,0,0,0,0,0,0,0,0,187000,0,0,0,187000,0,187000,187000
058832,立積永豐99購01  ,0,0,0,0,0,0,0,0,0,187000,0,0,0,215000,28000,187000,187000
062404,新唐永豐9B購01  ,0,0,0,0,0,0,0,0,0,187000,0,0,0,372000,185000,187000,187000
065976,牧德元大02購02  ,0,0,0,0,0,0,0,0,0,187000,0,0,0,369000,182000,187000,187000
08737P,聯詠凱基01售01  ,0,0,0,0,0,0,0,0,0,186000,0,0,0,186000,0,186000,186000
059954,華新科康和99購01,0,0,0,0,0,0,0,0,0,186000,0,0,0,244000,58000,186000,186000
063682,達新永豐9B購01  ,0,0,0,0,0,0,0,0,0,186000,0,0,0,186000,0,186000,186000
064476,金像電國泰02購01,0,0,0,0,0,0,0,0,0,186000,0,0,0,458000,272000,186000,186000
064075,台積電中信06購01,0,0,0,0,0,0,0,0,0,186000,0,0,0,186000,0,186000,186000
067014,聯發科富邦03購05,0,0,0,0,0,0,0,0,0,186000,0,0,0,910000,724000,186000,186000
08546P,可成中信9C售02  ,0,0,0,0,0,0,0,0,0,185000,0,0,0,190000,5000,185000,185000
07786P,南電中信9C售01  ,0,0,0,0,0,0,0,0,0,185000,0,0,0,260000,75000,185000,185000
066857,大立光國票02購02,0,0,0,0,0,0,0,0,0,185000,0,0,0,293000,108000,185000,185000
066304,聯華永豐01購01  ,0,0,0,0,0,0,0,0,0,185000,0,0,0,257000,72000,185000,185000
08955P,台灣50凱基04售09,0,0,0,0,0,0,0,0,0,185000,0,0,0,185000,0,185000,185000
08299P,玉晶光國票02售01,0,0,0,0,0,0,0,0,0,184000,0,0,0,250000,66000,184000,184000
058796,可成元大99購04  ,0,0,0,0,0,0,0,0,0,184000,0,0,0,184000,0,184000,184000
03047P,矽創國票03售01  ,0,0,0,0,0,0,0,0,0,184000,0,0,0,476000,292000,184000,184000
064006,晶技凱基9C購02  ,0,0,0,0,0,0,0,0,0,184000,0,0,0,204000,20000,184000,184000
064291,南六元大9C購04  ,0,0,0,0,0,0,0,0,0,184000,0,0,0,227000,43000,184000,184000
060987,華新科元大9A購11,0,0,0,0,0,0,0,0,0,184000,0,0,0,334000,150000,184000,184000
061838,華新科凱基05購03,0,0,0,0,0,0,0,0,0,184000,0,0,0,185000,1000,184000,184000
066791,牧德康和01購01  ,0,0,0,0,0,0,0,0,0,184000,0,0,0,191000,7000,184000,184000
065364,國巨元大9C購18  ,0,0,0,0,0,0,0,0,0,184000,0,0,0,200000,16000,184000,184000
2436,偉詮電          ,311000,126000,185000,0,0,0,0,0,0,-1000,0,1000,-1000,0,0,0,184000
068248,美律元大01購05  ,0,0,0,0,0,0,0,0,0,183000,0,0,0,636000,453000,183000,183000
059291,華新科元富9B購01,0,0,0,0,0,0,0,0,0,183000,0,0,0,191000,8000,183000,183000
061110,超眾元大9A購03  ,0,0,0,0,0,0,0,0,0,183000,0,0,0,191000,8000,183000,183000
066467,晶碩統一03購01  ,0,0,0,0,0,0,0,0,0,183000,0,0,0,232000,49000,183000,183000
067693,滬深2X中信04購02,0,0,0,0,0,0,0,0,0,182000,0,0,0,202000,20000,182000,182000
063420,奇力新凱基9B購03,0,0,0,0,0,0,0,0,0,182000,0,0,0,240000,58000,182000,182000
068153,美律元大01購04  ,0,0,0,0,0,0,0,0,0,181000,0,0,0,182000,1000,181000,181000
056869,國巨日盛99購03  ,0,0,0,0,0,0,0,0,0,181000,0,0,0,206000,25000,181000,181000
066590,華新科群益01購04,0,0,0,0,0,0,0,0,0,181000,0,0,0,743000,562000,181000,181000
064895,奇力新群益9C購02,0,0,0,0,0,0,0,0,0,181000,0,0,0,197000,16000,181000,181000
2316,楠梓電          ,336000,135000,201000,0,0,0,0,0,0,-20000,0,6000,-6000,1000,15000,-14000,181000
6533,晶心科          ,402000,227000,175000,0,0,0,0,0,0,6000,6000,0,6000,0,0,0,181000
9940,信義            ,240000,54000,186000,0,0,0,0,0,0,-5000,20000,25000,-5000,0,0,0,181000
067428,大毅凱基01購02  ,0,0,0,0,0,0,0,0,0,180000,0,0,0,180000,0,180000,180000
056894,佳世達元大99購01,0,0,0,0,0,0,0,0,0,180000,0,0,0,210000,30000,180000,180000
055034,建準富邦99購01  ,0,0,0,0,0,0,0,0,0,180000,0,0,0,180000,0,180000,180000
059308,T50反1元大99購07,0,0,0,0,0,0,0,0,0,180000,0,0,0,180000,0,180000,180000
058735,南茂永豐99購01  ,0,0,0,0,0,0,0,0,0,180000,0,0,0,180000,0,180000,180000
058857,元油2X日盛99購02,0,0,0,0,0,0,0,0,0,180000,0,0,0,180000,0,180000,180000
063271,中磊兆豐9C購01  ,0,0,0,0,0,0,0,0,0,180000,0,0,0,187000,7000,180000,180000
064835,嘉晶統一02購01  ,0,0,0,0,0,0,0,0,0,180000,0,0,0,258000,78000,180000,180000
066644,瑞昱麥證01購01  ,0,0,0,471000,337000,134000,0,0,0,180000,0,0,0,559000,379000,180000,180000
066165,大毅凱基01購01  ,0,0,0,0,0,0,0,0,0,180000,0,0,0,180000,0,180000,180000
067806,宏碁凱基02購01  ,0,0,0,0,0,0,0,0,0,179000,0,0,0,638000,459000,179000,179000
08842P,京鼎凱基01售03  ,0,0,0,0,0,0,0,0,0,179000,0,0,0,229000,50000,179000,179000
07875P,祥碩群益9B售01  ,0,0,0,0,0,0,0,0,0,179000,0,0,0,180000,1000,179000,179000
062798,台光電統一9B購01,0,0,0,0,0,0,0,0,0,179000,0,0,0,320000,141000,179000,179000
06638P,鴻海統一99售02  ,0,0,0,0,0,0,0,0,0,179000,0,0,0,247000,68000,179000,179000
064711,國喬統一02購01  ,0,0,0,0,0,0,0,0,0,179000,0,0,0,179000,0,179000,179000
056219,T50反1日盛02購01,0,0,0,0,0,0,0,0,0,178000,0,0,0,178000,0,178000,178000
067102,聯發科群益01購03,0,0,0,0,0,0,0,0,0,178000,0,0,0,192000,14000,178000,178000
068206,牧德凱基01購03  ,0,0,0,0,0,0,0,0,0,177000,0,0,0,201000,24000,177000,177000
068229,聯發科元富07購09,0,0,0,0,0,0,0,0,0,177000,0,0,0,798000,621000,177000,177000
067104,聯發科群益01購05,0,0,0,0,0,0,0,0,0,177000,0,0,0,177000,0,177000,177000
066768,瀚宇博永豐01購01,0,0,0,0,0,0,0,0,0,177000,0,0,0,177000,0,177000,177000
3040,遠見            ,204000,27000,177000,0,0,0,0,0,0,0,0,0,0,0,0,0,177000
07781P,高鐵凱基9A售02  ,0,0,0,0,0,0,0,0,0,176000,0,0,0,176000,0,176000,176000
07707P,玉山金元大9A售03,0,0,0,0,0,0,0,0,0,176000,0,0,0,176000,0,176000,176000
058824,晶技富邦9A購01  ,0,0,0,0,0,0,0,0,0,176000,0,0,0,204000,28000,176000,176000
064317,日月光群益9C購01,0,0,0,0,0,0,0,0,0,176000,0,0,0,201000,25000,176000,176000
065945,鴻海統一02購01  ,0,0,0,0,0,0,0,0,0,176000,0,0,0,256000,80000,176000,176000
08211P,台表科元富9B售03,0,0,0,0,0,0,0,0,0,175000,0,0,0,220000,45000,175000,175000
08401P,玉晶光元富9C售04,0,0,0,0,0,0,0,0,0,175000,0,0,0,205000,30000,175000,175000
068146,台積電元大01購36,4000,0,4000,0,0,0,0,0,0,171000,0,0,0,281000,110000,171000,175000
063686,國巨永豐9B購04  ,0,0,0,0,0,0,0,0,0,175000,0,0,0,177000,2000,175000,175000
061425,華新科元大9A購19,0,0,0,0,0,0,0,0,0,175000,0,0,0,180000,5000,175000,175000
065965,國巨元大01購05  ,0,0,0,0,0,0,0,0,0,175000,0,0,0,326000,151000,175000,175000
07382P,台積電群益9B售01,0,0,0,0,0,0,0,0,0,174000,0,0,0,174000,0,174000,174000
059061,晶技凱基9A購01  ,0,0,0,0,0,0,0,0,0,174000,0,0,0,261000,87000,174000,174000
054976,上証2X元富9A購01,0,0,0,0,0,0,0,0,0,174000,0,0,0,174000,0,174000,174000
4551,智伸科          ,151000,43000,108000,0,0,0,0,0,0,66000,4000,2000,2000,69000,5000,64000,174000
03857P,聯發科元富99售02,0,0,0,0,0,0,0,0,0,173000,0,0,0,173000,0,173000,173000
06485P,玉晶光群益9A售02,0,0,0,0,0,0,0,0,0,173000,0,0,0,175000,2000,173000,173000
08542P,台勝科國票02售01,0,0,0,0,0,0,0,0,0,172000,0,0,0,192000,20000,172000,172000
052328,台表科中信99購01,0,0,0,0,0,0,0,0,0,172000,0,0,0,203000,31000,172000,172000
057112,立積群益99購01  ,0,0,0,0,0,0,0,0,0,172000,0,0,0,192000,20000,172000,172000
063154,南六元富9B購02  ,0,0,0,0,0,0,0,0,0,172000,0,0,0,193000,21000,172000,172000
063901,緯穎群益9C購01  ,0,0,0,0,0,0,0,0,0,171000,0,0,0,176000,5000,171000,171000
2820,華票            ,490000,305000,185000,0,0,0,0,0,0,-14000,0,0,0,0,14000,-14000,171000
1338,廣華-KY         ,377000,206000,171000,0,0,0,0,0,0,0,0,0,0,0,0,0,171000
08308P,聯發科凱基01售03,0,0,0,0,0,0,0,0,0,170000,0,0,0,180000,10000,170000,170000
08774P,華擎凱基01售02  ,0,0,0,0,0,0,0,0,0,170000,0,0,0,180000,10000,170000,170000
068590,台積電元富07購12,0,0,0,0,0,0,0,0,0,170000,0,0,0,333000,163000,170000,170000
062258,奇力新元大9B購03,0,0,0,0,0,0,0,0,0,170000,0,0,0,200000,30000,170000,170000
058546,玉晶光富邦9B購01,0,0,0,0,0,0,0,0,0,170000,0,0,0,200000,30000,170000,170000
056700,華新科國泰99購03,0,0,0,0,0,0,0,0,0,170000,0,0,0,200000,30000,170000,170000
064329,國巨元大01購03  ,0,0,0,0,0,0,0,0,0,170000,0,0,0,170000,0,170000,170000
052491,泰碩國票99購01  ,0,0,0,0,0,0,0,0,0,169000,0,0,0,189000,20000,169000,169000
063883,超眾元富9C購02  ,0,0,0,0,0,0,0,0,0,169000,0,0,0,169000,0,169000,169000
061512,國巨永豐9A購04  ,0,0,0,0,0,0,0,0,0,169000,0,0,0,172000,3000,169000,169000
5243,乙盛-KY         ,224000,62000,162000,0,0,0,0,0,0,7000,7000,0,7000,0,0,0,169000
08740P,創意康和01售03  ,0,0,0,0,0,0,0,0,0,168000,0,0,0,238000,70000,168000,168000
08621P,景碩群益9C售01  ,0,0,0,0,0,0,0,0,0,168000,0,0,0,211000,43000,168000,168000
08120P,南亞科國票9C售01,0,0,0,0,0,0,0,0,0,168000,0,0,0,235000,67000,168000,168000
068471,聯發科群益01購11,0,0,0,0,0,0,0,0,0,168000,0,0,0,318000,150000,168000,168000
058608,華新科元大99購13,0,0,0,0,0,0,0,0,0,168000,0,0,0,209000,41000,168000,168000
059510,華新科永豐99購07,0,0,0,0,0,0,0,0,0,168000,0,0,0,232000,64000,168000,168000
00766L,台新MSCI中國正2 ,0,0,0,0,0,0,0,0,0,168000,0,0,0,306000,138000,168000,168000
061766,華新科元大9B購02,0,0,0,0,0,0,0,0,0,168000,0,0,0,168000,0,168000,168000
061841,晶技凱基9C購01  ,0,0,0,0,0,0,0,0,0,168000,0,0,0,238000,70000,168000,168000
061986,晶豪科元大9B購01,0,0,0,0,0,0,0,0,0,168000,0,0,0,273000,105000,168000,168000
08404P,技嘉元大9C售02  ,0,0,0,0,0,0,0,0,0,167000,0,0,0,227000,60000,167000,167000
08365P,貿聯凱基9C售01  ,0,0,0,0,0,0,0,0,0,166000,0,0,0,306000,140000,166000,166000
08290P,高鐵統一01售01  ,0,0,0,0,0,0,0,0,0,166000,0,0,0,166000,0,166000,166000
068442,牧德凱基01購04  ,0,0,0,0,0,0,0,0,0,166000,0,0,0,176000,10000,166000,166000
065855,瀚宇博元大9C購03,0,0,0,0,0,0,0,0,0,166000,0,0,0,166000,0,166000,166000
066379,台達電康和01購01,0,0,0,0,0,0,0,0,0,166000,0,0,0,586000,420000,166000,166000
2723,美食-KY         ,411000,306000,105000,0,0,0,14000,0,14000,47000,0,0,0,49000,2000,47000,166000
2369,菱生            ,570000,401000,169000,0,0,0,0,0,0,-3000,0,3000,-3000,0,0,0,166000
068582,聯發科永豐01購04,0,0,0,0,0,0,0,0,0,165000,0,0,0,343000,178000,165000,165000
068735,康舒元大02購01  ,0,0,0,0,0,0,0,0,0,165000,0,0,0,220000,55000,165000,165000
063716,旺宏兆豐9B購01  ,0,0,0,0,0,0,0,0,0,165000,0,0,0,205000,40000,165000,165000
065940,立積群益02購01  ,0,0,0,0,0,0,0,0,0,165000,0,0,0,226000,61000,165000,165000
065237,茂林凱基01購01  ,0,0,0,0,0,0,0,0,0,165000,0,0,0,165000,0,165000,165000
062171,中磊永豐9B購01  ,0,0,0,0,0,0,0,0,0,164000,0,0,0,210000,46000,164000,164000
061071,復盛凱基9A購01  ,0,0,0,0,0,0,0,0,0,164000,0,0,0,164000,0,164000,164000
062816,華新科兆豐9B購01,0,0,0,0,0,0,0,0,0,164000,0,0,0,189000,25000,164000,164000
065133,SP黃豆凱基02購01,0,0,0,0,0,0,0,0,0,164000,0,0,0,214000,50000,164000,164000
066454,金像電統一01購03,0,0,0,0,0,0,0,0,0,164000,0,0,0,164000,0,164000,164000
067958,中磊永豐01購01  ,0,0,0,0,0,0,0,0,0,163000,0,0,0,163000,0,163000,163000
056655,旺宏元大99購02  ,0,0,0,0,0,0,0,0,0,163000,0,0,0,163000,0,163000,163000
068157,晶技元大01購04  ,0,0,0,0,0,0,0,0,0,162000,0,0,0,191000,29000,162000,162000
067508,奇鋐統一03購01  ,0,0,0,0,0,0,0,0,0,162000,0,0,0,215000,53000,162000,162000
058923,華新科元富99購06,0,0,0,0,0,0,0,0,0,162000,0,0,0,162000,0,162000,162000
07660P,聯茂凱基9A售03  ,0,0,0,0,0,0,0,0,0,161000,0,0,0,174000,13000,161000,161000
07578P,高鐵元大9A售02  ,0,0,0,0,0,0,0,0,0,161000,0,0,0,161000,0,161000,161000
062126,創意統一9B購01  ,0,0,0,0,0,0,0,0,0,161000,0,0,0,164000,3000,161000,161000
064896,華新科群益01購02,0,0,0,0,0,0,0,0,0,161000,0,0,0,189000,28000,161000,161000
060604,宏達電凱基9B購01,0,0,0,0,0,0,0,0,0,160000,0,0,0,289000,129000,160000,160000
064548,漢翔凱基9C購01  ,0,0,0,0,0,0,0,0,0,160000,0,0,0,160000,0,160000,160000
2331,精英            ,776000,618000,158000,0,0,0,0,0,0,2000,43000,41000,2000,0,0,0,160000
6452,康友-KY         ,267000,96128,170872,0,0,0,0,0,0,-11000,0,0,0,5000,16000,-11000,159872
067287,瀚宇博國票02購01,0,0,0,0,0,0,0,0,0,159000,0,0,0,159000,0,159000,159000
062177,上銀元大9B購02  ,0,0,0,0,0,0,0,0,0,159000,0,0,0,184000,25000,159000,159000
064822,台達電統一01購03,0,0,0,0,0,0,0,0,0,159000,0,0,0,159000,0,159000,159000
066041,台光電元大01購02,0,0,0,0,0,0,0,0,0,159000,0,0,0,211000,52000,159000,159000
3596,智易            ,226000,89000,137000,0,0,0,0,0,0,22000,0,6000,-6000,33000,5000,28000,159000
08080P,祥碩國票9B售03  ,0,0,0,0,0,0,0,0,0,158000,0,0,0,318000,160000,158000,158000
058973,麗豐永豐99購01  ,0,0,0,0,0,0,0,0,0,158000,0,0,0,158000,0,158000,158000
060432,達方永豐9A購01  ,0,0,0,0,0,0,0,0,0,158000,0,0,0,283000,125000,158000,158000
061036,晶技永豐9A購03  ,0,0,0,0,0,0,0,0,0,158000,0,0,0,171000,13000,158000,158000
064248,億光元富9C購01  ,0,0,0,0,0,0,0,0,0,158000,0,0,0,383000,225000,158000,158000
063624,GIS兆豐9B購01   ,0,0,0,0,0,0,0,0,0,158000,0,0,0,340000,182000,158000,158000
066311,生達永豐01購01  ,0,0,0,0,0,0,0,0,0,158000,0,0,0,158000,0,158000,158000
066812,志超凱基01購01  ,0,0,0,0,0,0,0,0,0,158000,0,0,0,192000,34000,158000,158000
066911,牧德凱基02購01  ,0,0,0,0,0,0,0,0,0,157000,0,0,0,200000,43000,157000,157000
064853,亞德客麥證9C購01,0,0,0,200000,43000,157000,0,0,0,157000,0,0,0,200000,43000,157000,157000
6196,帆宣            ,426000,409000,17000,0,0,0,60000,0,60000,80000,4000,5000,-1000,84000,3000,81000,157000
066063,南電元大01購04  ,0,0,0,0,0,0,0,0,0,156000,0,0,0,216000,60000,156000,156000
03077P,臺股指富邦01售03,0,0,0,0,0,0,0,0,0,155000,0,0,0,188000,33000,155000,155000
066887,聯發科中信02購01,0,0,0,0,0,0,0,0,0,155000,0,0,0,155000,0,155000,155000
064706,嘉晶富邦01購01  ,0,0,0,0,0,0,0,0,0,155000,0,0,0,225000,70000,155000,155000
08074P,緯穎元富9B售02  ,0,0,0,0,0,0,0,0,0,154000,0,0,0,226000,72000,154000,154000
068586,奇力新台新01購01,0,0,0,0,0,0,0,0,0,154000,0,0,0,169000,15000,154000,154000
00783,富邦中証500     ,42000,42000,0,0,0,0,0,0,0,153000,0,0,0,1082000,929000,153000,153000
057798,貿聯兆豐99購01  ,0,0,0,0,0,0,0,0,0,153000,0,0,0,213000,60000,153000,153000
063735,華新科元大9B購15,0,0,0,0,0,0,0,0,0,153000,0,0,0,239000,86000,153000,153000
1582,信錦            ,200000,41000,159000,0,0,0,0,0,0,-6000,1000,0,1000,0,7000,-7000,153000
08200P,祥碩元大9B售08  ,0,0,0,0,0,0,0,0,0,152000,0,0,0,179000,27000,152000,152000
067925,可成兆豐02購01  ,0,0,0,0,0,0,0,0,0,152000,0,0,0,152000,0,152000,152000
064261,力山永豐9C購01  ,0,0,0,0,0,0,0,0,0,152000,0,0,0,462000,310000,152000,152000
061823,勤誠群益9B購01  ,0,0,0,0,0,0,0,0,0,152000,0,0,0,174000,22000,152000,152000
063373,晶技永豐9B購02  ,0,0,0,0,0,0,0,0,0,152000,0,0,0,197000,45000,152000,152000
064982,新唐元大9C購01  ,0,0,0,0,0,0,0,0,0,152000,0,0,0,626000,474000,152000,152000
06498P,臺股指元大9A售03,0,0,0,0,0,0,0,0,0,152000,0,0,0,214000,62000,152000,152000
1604,聲寶            ,203000,66000,137000,0,0,0,384,0,384,14000,14000,0,14000,0,0,0,151384
058337,日月光元富99購01,0,0,0,0,0,0,0,0,0,151000,0,0,0,151000,0,151000,151000
064387,GIS富邦9C購01   ,0,0,0,0,0,0,0,0,0,151000,0,0,0,171000,20000,151000,151000
068016,宏碁國票02購01  ,0,0,0,0,0,0,0,0,0,150000,0,0,0,198000,48000,150000,150000
067470,國巨元大01購10  ,0,0,0,0,0,0,0,0,0,150000,0,0,0,151000,1000,150000,150000
067801,台達電凱基01購03,0,0,0,0,0,0,0,0,0,150000,0,0,0,260000,110000,150000,150000
067622,同欣電國泰02購01,0,0,0,0,0,0,0,0,0,150000,0,0,0,256000,106000,150000,150000
08413P,臻鼎凱基9C售03  ,0,0,0,0,0,0,0,0,0,150000,0,0,0,150000,0,150000,150000
068654,國巨元大02購07  ,0,0,0,0,0,0,0,0,0,150000,0,0,0,167000,17000,150000,150000
058836,FBVIX中信03購05 ,0,0,0,0,0,0,0,0,0,150000,0,0,0,150000,0,150000,150000
057437,可成國票99購01  ,0,0,0,0,0,0,0,0,0,150000,0,0,0,150000,0,150000,150000
064111,國巨國票02購02  ,0,0,0,0,0,0,0,0,0,150000,0,0,0,173000,23000,150000,150000
063102,旺宏群益9B購03  ,0,0,0,0,0,0,0,0,0,150000,0,0,0,150000,0,150000,150000
063804,華邦電兆豐01購01,0,0,0,0,0,0,0,0,0,150000,0,0,0,150000,0,150000,150000
064622,晶技元大01購01  ,0,0,0,0,0,0,0,0,0,150000,0,0,0,150000,0,150000,150000
066878,牧德富邦03購01  ,0,0,0,0,0,0,0,0,0,150000,0,0,0,150000,0,150000,150000
065968,國巨元大02購01  ,0,0,0,0,0,0,0,0,0,150000,0,0,0,150000,0,150000,150000
061613,南六統一9C購01  ,0,0,0,0,0,0,0,0,0,149000,0,0,0,224000,75000,149000,149000
066375,南亞科兆豐01購01,0,0,0,0,0,0,0,0,0,149000,0,0,0,234000,85000,149000,149000
066608,國巨麥證01購03  ,0,0,0,156000,7000,149000,0,0,0,149000,0,0,0,156000,7000,149000,149000
2207,和泰車          ,329669,170649,159020,0,0,0,0,0,0,-11000,1000,12000,-11000,0,0,0,148020
059030,奇力新兆豐99購03,0,0,0,0,0,0,0,0,0,148000,0,0,0,148000,0,148000,148000
061187,瀚宇博國泰9C購01,0,0,0,0,0,0,0,0,0,148000,0,0,0,183000,35000,148000,148000
064681,牧德兆豐01購01  ,0,0,0,0,0,0,0,0,0,148000,0,0,0,171000,23000,148000,148000
065794,麗豐永豐9C購01  ,0,0,0,0,0,0,0,0,0,148000,0,0,0,158000,10000,148000,148000
00712,FH富時不動產    ,191000,0,191000,0,0,0,0,0,0,-44000,0,0,0,75000,119000,-44000,147000
03161P,景碩元大01售03  ,0,0,0,0,0,0,0,0,0,147000,0,0,0,174000,27000,147000,147000
059938,凱美永豐99購01  ,0,0,0,0,0,0,0,0,0,147000,0,0,0,232000,85000,147000,147000
067266,義隆國泰03購01  ,0,0,0,0,0,0,0,0,0,146000,0,0,0,656000,510000,146000,146000
056579,麗豐元大99購01  ,0,0,0,0,0,0,0,0,0,146000,0,0,0,146000,0,146000,146000
00737,國泰AI+Robo     ,0,1000,-1000,0,0,0,0,0,0,147000,0,0,0,315000,168000,147000,146000
00681R,元大美債20反1   ,151000,0,151000,0,0,0,0,0,0,-5000,0,0,0,125000,130000,-5000,146000
065056,臺股指凱基9C購20,0,0,0,0,0,0,0,0,0,146000,0,0,0,147000,1000,146000,146000
066678,台達電兆豐03購01,0,0,0,0,0,0,0,0,0,146000,0,0,0,363000,217000,146000,146000
8011,台通            ,325000,179000,146000,0,0,0,0,0,0,0,0,0,0,0,0,0,146000
067786,緯創群益04購01  ,0,0,0,0,0,0,0,0,0,145000,0,0,0,180000,35000,145000,145000
07174P,臺股指國票99售11,0,0,0,0,0,0,0,0,0,145000,145000,0,145000,0,0,0,145000
07198P,臺股指元大99售14,0,0,0,0,0,0,0,0,0,145000,0,0,0,160000,15000,145000,145000
059529,華新科凱基9A購04,0,0,0,0,0,0,0,0,0,145000,0,0,0,158000,13000,145000,145000
063563,國巨元大9C購07  ,0,0,0,0,0,0,0,0,0,145000,0,0,0,175000,30000,145000,145000
063732,建準元大9B購02  ,0,0,0,0,0,0,0,0,0,145000,0,0,0,145000,0,145000,145000
063757,鴻海統一9C購16  ,0,0,0,0,0,0,0,0,0,145000,0,0,0,150000,5000,145000,145000
061950,日月光群益9B購01,0,0,0,0,0,0,0,0,0,145000,0,0,0,165000,20000,145000,145000
066369,瀚宇博中信01購01,0,0,0,0,0,0,0,0,0,145000,0,0,0,188000,43000,145000,145000
065118,國巨富邦01購02  ,0,0,0,0,0,0,0,0,0,145000,0,0,0,154000,9000,145000,145000
064236,奇力新統一01購04,0,0,0,0,0,0,0,0,0,144000,0,0,0,327000,183000,144000,144000
063139,聯發科統一9B購07,0,0,0,0,0,0,0,0,0,144000,0,0,0,169000,25000,144000,144000
065288,華新科群益02購02,0,0,0,0,0,0,0,0,0,144000,0,0,0,500000,356000,144000,144000
066105,松翰國票01購01  ,0,0,0,0,0,0,0,0,0,144000,0,0,0,254000,110000,144000,144000
08720P,台光電元大01售03,0,0,0,0,0,0,0,0,0,143000,0,0,0,152000,9000,143000,143000
067926,嘉晶兆豐01購02  ,0,0,0,0,0,0,0,0,0,143000,0,0,0,169000,26000,143000,143000
068096,聯電富邦03購01  ,0,0,0,0,0,0,0,0,0,143000,0,0,0,144000,1000,143000,143000
057389,玉晶光永豐98購06,0,0,0,0,0,0,0,0,0,143000,0,0,0,158000,15000,143000,143000
061325,晶技凱基9A購03  ,0,0,0,0,0,0,0,0,0,143000,0,0,0,169000,26000,143000,143000
066958,日月光元大01購02,0,0,0,0,0,0,0,0,0,143000,0,0,0,224000,81000,143000,143000
065341,華邦電統一01購02,0,0,0,0,0,0,0,0,0,143000,0,0,0,143000,0,143000,143000
064704,嘉晶國泰01購01  ,0,0,0,0,0,0,0,0,0,143000,0,0,0,246000,103000,143000,143000
068451,台積電國票01購11,0,0,0,0,0,0,0,0,0,142000,0,0,0,240000,98000,142000,142000
08435P,台積電群益9C售11,0,0,0,0,0,0,0,0,0,142000,0,0,0,142000,0,142000,142000
056767,大毅元大99購01  ,0,0,0,0,0,0,0,0,0,142000,0,0,0,142000,0,142000,142000
060896,晶技凱基9A購02  ,0,0,0,0,0,0,0,0,0,142000,0,0,0,142000,0,142000,142000
065514,建準群益9C購01  ,0,0,0,0,0,0,0,0,0,142000,0,0,0,155000,13000,142000,142000
066089,文曄永豐01購01  ,0,0,0,0,0,0,0,0,0,142000,0,0,0,142000,0,142000,142000
068483,聯電元大01購06  ,0,0,0,0,0,0,0,0,0,141000,0,0,0,187000,46000,141000,141000
068230,亞光元富04購01  ,0,0,0,0,0,0,0,0,0,141000,0,0,0,141000,0,141000,141000
062268,力山群益9B購01  ,0,0,0,0,0,0,0,0,0,141000,0,0,0,287000,146000,141000,141000
055331,國巨兆豐99購01  ,0,0,0,0,0,0,0,0,0,141000,0,0,0,500000,359000,141000,141000
066412,神隆元大01購01  ,0,0,0,0,0,0,0,0,0,141000,0,0,0,146000,5000,141000,141000
08370P,台積電凱基01售06,0,0,0,0,0,0,0,0,0,140000,0,0,0,140000,0,140000,140000
08228P,華擎國票9C售01  ,0,0,0,0,0,0,0,0,0,140000,0,0,0,160000,20000,140000,140000
08304P,大立光中信02售01,0,0,0,0,0,0,0,0,0,140000,0,0,0,150000,10000,140000,140000
07883P,可成凱基9B售03  ,0,0,0,0,0,0,0,0,0,140000,0,0,0,140000,0,140000,140000
061034,晶豪科永豐9A購01,0,0,0,0,0,0,0,0,0,140000,0,0,0,140000,0,140000,140000
061639,晶豪科元大9A購02,0,15000,-15000,0,0,0,0,0,0,155000,0,0,0,344000,189000,155000,140000
065979,立積元大03購01  ,0,0,0,0,0,0,0,0,0,140000,0,0,0,140000,0,140000,140000
066229,力山富邦04購01  ,0,0,0,0,0,0,0,0,0,140000,0,0,0,510000,370000,140000,140000
06529P,貿聯富邦99售03  ,0,0,0,0,0,0,0,0,0,140000,0,0,0,140000,0,140000,140000
2601,益航            ,287000,147000,140000,0,0,0,0,0,0,0,0,0,0,0,0,0,140000
067330,台達電凱基02購01,0,0,0,0,0,0,0,0,0,139000,0,0,0,150000,11000,139000,139000
055597,禾伸堂元大98購02,0,0,0,0,0,0,0,0,0,139000,0,0,0,139000,0,139000,139000
058318,致茂永豐9A購01  ,0,0,0,0,0,0,0,0,0,139000,0,0,0,140000,1000,139000,139000
063153,南六元富9B購01  ,0,0,0,0,0,0,0,0,0,139000,0,0,0,203000,64000,139000,139000
065894,漢翔統一03購01  ,0,0,0,0,0,0,0,0,0,139000,0,0,0,139000,0,139000,139000
061361,世紀鋼兆豐9A購01,0,0,0,0,0,0,0,0,0,138000,0,0,0,272000,134000,138000,138000
066070,金像電凱基01購03,0,0,0,0,0,0,0,0,0,138000,0,0,0,155000,17000,138000,138000
4915,致伸            ,1414000,1326000,88000,0,0,0,0,0,0,50000,0,0,0,57000,7000,50000,138000
067704,台表科麥證01購02,0,0,0,137000,0,137000,0,0,0,137000,0,0,0,137000,0,137000,137000
07948P,大成鋼凱基9B售01,0,0,0,0,0,0,0,0,0,137000,0,0,0,167000,30000,137000,137000
03162P,泰碩元大01售02  ,0,0,0,0,0,0,0,0,0,137000,0,0,0,160000,23000,137000,137000
00673R,元大S&P原油反1  ,0,0,0,0,0,0,0,0,0,137000,0,0,0,139000,2000,137000,137000
061260,台積電凱基9A購23,0,0,0,0,0,0,0,0,0,137000,0,0,0,137000,0,137000,137000
061153,奇力新群益9A購02,0,0,0,0,0,0,0,0,0,137000,0,0,0,181000,44000,137000,137000
066273,晶技元大01購02  ,0,0,0,0,0,0,0,0,0,137000,0,0,0,222000,85000,137000,137000
066548,燿華元大02購02  ,0,0,0,0,0,0,0,0,0,137000,0,0,0,257000,120000,137000,137000
067301,漢唐元大01購02  ,0,0,0,0,0,0,0,0,0,136000,0,0,0,136000,0,136000,136000
067460,晶技永豐01購02  ,0,0,0,0,0,0,0,0,0,136000,0,0,0,136000,0,136000,136000
068180,華新科群益02購03,0,0,0,0,0,0,0,0,0,136000,0,0,0,139000,3000,136000,136000
066114,瑞昱兆豐02購01  ,0,0,0,0,0,0,0,0,0,136000,0,0,0,329000,193000,136000,136000
065653,同欣電元大03購01,0,0,0,0,0,0,0,0,0,136000,0,0,0,146000,10000,136000,136000
1319,東陽            ,294854,137000,157854,0,0,0,0,0,0,-22000,1000,14000,-13000,0,9000,-9000,135854
067598,台積電凱基01購13,0,0,0,0,0,0,0,0,0,135000,0,0,0,176000,41000,135000,135000
08743P,群創凱基01售04  ,0,0,0,0,0,0,0,0,0,135000,0,0,0,140000,5000,135000,135000
058291,元油2X日盛99購01,0,0,0,0,0,0,0,0,0,135000,0,0,0,135000,0,135000,135000
061669,崇越中信9A購01  ,0,0,0,0,0,0,0,0,0,135000,0,0,0,147000,12000,135000,135000
064407,貿聯凱基02購02  ,0,0,0,0,0,0,0,0,0,135000,0,0,0,155000,20000,135000,135000
066202,大立光統一02購07,0,0,0,0,0,0,0,0,0,135000,0,0,0,200000,65000,135000,135000
066195,臺股指凱基03購04,0,0,0,0,0,0,0,0,0,135000,0,0,0,168000,33000,135000,135000
066216,南電統一03購01  ,0,0,0,0,0,0,0,0,0,135000,0,0,0,145000,10000,135000,135000
066584,滬深2X群益03購01,0,0,0,0,0,0,0,0,0,135000,0,0,0,139000,4000,135000,135000
058410,國巨兆豐99購03  ,0,0,0,0,0,0,0,0,0,134000,0,0,0,169000,35000,134000,134000
055661,亞德客中信98購01,0,0,0,0,0,0,0,0,0,134000,0,0,0,134000,0,134000,134000
063356,台表科元富02購01,0,0,0,0,0,0,0,0,0,134000,0,0,0,148000,14000,134000,134000
061205,旺宏元大9A購11  ,0,0,0,0,0,0,0,0,0,134000,0,0,0,154000,20000,134000,134000
062932,滬深2X凱基01購01,0,0,0,0,0,0,0,0,0,134000,0,0,0,264000,130000,134000,134000
065011,智邦國泰02購01  ,0,0,0,0,0,0,0,0,0,134000,0,0,0,154000,20000,134000,134000
063267,台表科中信01購02,0,0,0,0,0,0,0,0,0,133000,0,0,0,156000,23000,133000,133000
064199,南六群益01購01  ,0,0,0,0,0,0,0,0,0,133000,0,0,0,161000,28000,133000,133000
066724,台達電元大01購01,0,0,0,0,0,0,0,0,0,133000,0,0,0,228000,95000,133000,133000
08711P,鴻海元富07售04  ,0,0,0,0,0,0,0,0,0,131000,0,0,0,131000,0,131000,131000
006207,FH滬深          ,175000,0,175000,0,0,0,0,0,0,-44000,0,0,0,167000,211000,-44000,131000
055921,新唐凱基98購01  ,0,0,0,0,0,0,0,0,0,131000,0,0,0,131000,0,131000,131000
064380,超眾元富9C購03  ,0,0,0,0,0,0,0,0,0,131000,0,0,0,131000,0,131000,131000
066378,超眾兆豐03購01  ,0,0,0,0,0,0,0,0,0,131000,0,0,0,170000,39000,131000,131000
067461,晶碩永豐01購02  ,0,0,0,0,0,0,0,0,0,130000,0,0,0,134000,4000,130000,130000
067469,國巨元大01購09  ,0,0,0,0,0,0,0,0,0,130000,0,0,0,150000,20000,130000,130000
068505,GIS元大01購06   ,0,0,0,0,0,0,0,0,0,130000,0,0,0,135000,5000,130000,130000
055233,康友國票98購01  ,0,0,0,0,0,0,0,0,0,130000,0,0,0,130000,0,130000,130000
054308,嘉晶凱基98購01  ,0,0,0,0,0,0,0,0,0,130000,0,0,0,141000,11000,130000,130000
060133,牧德群益9B購01  ,0,0,0,0,0,0,0,0,0,130000,0,0,0,159000,29000,130000,130000
061857,康友國票9B購01  ,0,0,0,0,0,0,0,0,0,130000,0,0,0,150000,20000,130000,130000
063516,香港反凱基03購01,0,0,0,0,0,0,0,0,0,130000,0,0,0,130000,0,130000,130000
064074,南茂永豐9C購01  ,0,0,0,0,0,0,0,0,0,130000,0,0,0,130000,0,130000,130000
066392,聯強凱基01購01  ,0,0,0,0,0,0,0,0,0,130000,0,0,0,195000,65000,130000,130000
066318,友訊永豐01購01  ,0,0,0,0,0,0,0,0,0,130000,0,0,0,130000,0,130000,130000
066169,晶豪科凱基01購01,0,0,0,0,0,0,0,0,0,130000,0,0,0,130000,0,130000,130000
066780,上証反中信04購01,0,0,0,0,0,0,0,0,0,130000,0,0,0,130000,0,130000,130000
064518,華新科群益02購01,0,0,0,0,0,0,0,0,0,130000,0,0,0,151000,21000,130000,130000
065623,瑞昱中信04購01  ,0,0,0,0,0,0,0,0,0,130000,0,0,0,269000,139000,130000,130000
063888,TPK中信01購01   ,0,0,0,0,0,0,0,0,0,129000,0,0,0,168000,39000,129000,129000
061125,億光永豐9A購01  ,0,0,0,0,0,0,0,0,0,129000,0,0,0,175000,46000,129000,129000
065344,瑞昱統一01購05  ,0,0,0,0,0,0,0,0,0,129000,0,0,0,214000,85000,129000,129000
6165,捷泰            ,166000,37000,129000,0,0,0,0,0,0,0,0,0,0,0,0,0,129000
067683,上緯控元大01購03,0,0,0,0,0,0,0,0,0,128000,0,0,0,642000,514000,128000,128000
08068P,宏達電國泰9C售01,0,0,0,0,0,0,0,0,0,128000,0,0,0,655000,527000,128000,128000
068671,台積電統一04購02,0,0,0,0,0,0,0,0,0,128000,0,0,0,128000,0,128000,128000
062823,台表科兆豐9B購01,0,0,0,0,0,0,0,0,0,128000,0,0,0,128000,0,128000,128000
066112,智邦兆豐02購01  ,0,0,0,0,0,0,0,0,0,128000,0,0,0,551000,423000,128000,128000
8039,台虹            ,371000,241000,130000,0,0,0,0,0,0,-2000,90000,85000,5000,5000,12000,-7000,128000
08995P,台灣50群益01售12,0,0,0,0,0,0,0,0,0,128000,0,0,0,198000,70000,128000,128000
067917,冠德永豐01購01  ,0,0,0,0,0,0,0,0,0,127000,0,0,0,127000,0,127000,127000
061545,華新科群益9A購09,0,0,0,0,0,0,0,0,0,127000,0,0,0,127000,0,127000,127000
064121,國巨元大9C購16  ,0,0,0,0,0,0,0,0,0,127000,0,0,0,131000,4000,127000,127000
067562,牧德國票02購01  ,0,0,0,0,0,0,0,0,0,126000,0,0,0,135000,9000,126000,126000
068633,聯電凱基03購05  ,0,0,0,0,0,0,0,0,0,126000,0,0,0,214000,88000,126000,126000
06888P,日月光元大98售02,0,0,0,0,0,0,0,0,0,126000,0,0,0,132000,6000,126000,126000
061597,南六永豐9A購04  ,0,0,0,0,0,0,0,0,0,126000,0,0,0,129000,3000,126000,126000
064255,泰碩國泰02購01  ,0,0,0,0,0,0,0,0,0,126000,0,0,0,146000,20000,126000,126000
062797,瑞昱統一9B購01  ,0,0,0,0,0,0,0,0,0,126000,0,0,0,126000,0,126000,126000
07706P,長榮航元大9A售03,0,0,0,0,0,0,0,0,0,125000,0,0,0,127000,2000,125000,125000
068531,瀚宇博元富04購03,0,0,0,0,0,0,0,0,0,125000,0,0,0,125000,0,125000,125000
068250,聯發科元大02購04,0,0,0,0,0,0,0,0,0,125000,0,0,0,290000,165000,125000,125000
068322,國巨元大03購02  ,0,0,0,0,0,0,0,0,0,125000,0,0,0,126000,1000,125000,125000
059841,國巨富邦9C購01  ,0,0,0,0,0,0,0,0,0,125000,0,0,0,149000,24000,125000,125000
063054,健鼎統一01購01  ,0,0,0,0,0,0,0,0,0,125000,0,0,0,225000,100000,125000,125000
066362,瑞昱中信05購01  ,0,0,0,0,0,0,0,0,0,125000,0,0,0,228000,103000,125000,125000
065466,台表科中信01購03,0,0,0,0,0,0,0,0,0,125000,0,0,0,396000,271000,125000,125000
065081,金像電元大9C購05,0,0,0,0,0,0,0,0,0,125000,0,0,0,164000,39000,125000,125000
068544,台積電兆豐03購04,0,0,0,0,0,0,0,0,0,124000,0,0,0,165000,41000,124000,124000
055701,亞德客富邦99購01,0,0,0,0,0,0,0,0,0,124000,0,0,0,258000,134000,124000,124000
064956,麗豐凱基9C購01  ,0,0,0,0,0,0,0,0,0,124000,0,0,0,199000,75000,124000,124000
065843,瑞昱元大9C購03  ,0,0,0,0,0,0,0,0,0,124000,0,0,0,201000,77000,124000,124000
08990P,台積電元大01售28,0,0,0,0,0,0,0,0,0,124000,0,0,0,124000,0,124000,124000
3257,虹冠電          ,249000,246000,3000,0,0,0,66,0,66,120000,120000,0,120000,0,0,0,123066
067474,華邦電元大01購02,0,0,0,0,0,0,0,0,0,123000,0,0,0,171000,48000,123000,123000
057479,致茂元大98購03  ,0,0,0,0,0,0,0,0,0,123000,0,0,0,123000,0,123000,123000
062650,南電富邦01購01  ,0,0,0,0,0,0,0,0,0,123000,0,0,0,163000,40000,123000,123000
066526,創意統一05購01  ,0,0,0,0,0,0,0,0,0,123000,0,0,0,323000,200000,123000,123000
066808,牧德凱基01購01  ,0,0,0,0,0,0,0,0,0,123000,0,0,0,133000,10000,123000,123000
068198,奇力新凱基02購02,0,0,0,0,0,0,0,0,0,122000,0,0,0,141000,19000,122000,122000
08800P,台積電元大01售20,0,0,0,0,0,0,0,0,0,122000,0,0,0,122000,0,122000,122000
061557,台積電國票9C購02,0,0,0,0,0,0,0,0,0,122000,0,0,0,267000,145000,122000,122000
063087,南六凱基9C購02  ,0,0,0,0,0,0,0,0,0,122000,0,0,0,126000,4000,122000,122000
08010P,大成鋼元大9B售01,0,0,0,0,0,0,0,0,0,121000,0,0,0,121000,0,121000,121000
068225,華通元富07購02  ,0,0,0,0,0,0,0,0,0,121000,0,0,0,223000,102000,121000,121000
07579P,聯茂元大9A售01  ,0,0,0,0,0,0,0,0,0,120000,0,0,0,126000,6000,120000,120000
07270P,台灣50元大01售09,0,0,0,0,0,0,0,0,0,120000,0,0,0,120000,0,120000,120000
00730,富邦臺灣優質高息,0,6000,-6000,0,0,0,0,0,0,126000,0,0,0,285000,159000,126000,120000
063786,瑞昱中信06購01  ,0,0,0,0,0,0,0,0,0,120000,0,0,0,130000,10000,120000,120000
061000,旺宏兆豐9A購02  ,0,0,0,0,0,0,0,0,0,120000,0,0,0,340000,220000,120000,120000
062058,瑞昱統一01購01  ,0,0,0,0,0,0,0,0,0,120000,0,0,0,130000,10000,120000,120000
067189,牧德凱基02購02  ,0,0,0,0,0,0,0,0,0,120000,0,0,0,120000,0,120000,120000
065010,國巨國泰01購04  ,0,0,0,0,0,0,0,0,0,120000,0,0,0,252000,132000,120000,120000
6142,友勁            ,81000,11000,70000,0,0,0,0,0,0,50000,50000,0,50000,0,0,0,120000
2388,威盛            ,1588000,1469000,119000,0,0,0,329,0,329,0,0,0,0,0,0,0,119329
06747P,大立光群益99售04,0,0,0,0,0,0,0,0,0,119000,0,0,0,119000,0,119000,119000
03690C,臺股指凱基01牛13,0,0,0,0,0,0,0,0,0,119000,0,0,0,209000,90000,119000,119000
062407,同欣電永豐9B購01,0,0,0,0,0,0,0,0,0,119000,0,0,0,131000,12000,119000,119000
066886,T50反1中信05購01,0,0,0,0,0,0,0,0,0,119000,0,0,0,170000,51000,119000,119000
067561,晶技國票02購01  ,0,0,0,0,0,0,0,0,0,118000,0,0,0,139000,21000,118000,118000
067843,聯發科元富07購05,0,0,0,0,0,0,0,0,0,118000,0,0,0,118000,0,118000,118000
03149P,鴻海群益01售12  ,0,0,0,0,0,0,0,0,0,118000,0,0,0,118000,0,118000,118000
063366,台表科富邦9C購02,0,0,0,0,0,0,0,0,0,118000,0,0,0,132000,14000,118000,118000
064425,華新科兆豐9C購01,0,0,0,0,0,0,0,0,0,118000,0,0,0,118000,0,118000,118000
062685,華新科統一9C購03,0,0,0,0,0,0,0,0,0,118000,0,0,0,118000,0,118000,118000
061525,華新科凱基9A購13,0,0,0,0,0,0,0,0,0,118000,0,0,0,246000,128000,118000,118000
067203,台達電元大01購03,0,0,0,0,0,0,0,0,0,118000,0,0,0,166000,48000,118000,118000
066983,禾伸堂群益01購01,0,0,0,0,0,0,0,0,0,118000,0,0,0,118000,0,118000,118000
067416,南紡凱基01購01  ,0,0,0,0,0,0,0,0,0,117000,0,0,0,127000,10000,117000,117000
068648,臺指反元大02購19,0,0,0,0,0,0,0,0,0,117000,0,0,0,120000,3000,117000,117000
08932P,矽格元富01售01  ,0,0,0,0,0,0,0,0,0,117000,0,0,0,160000,43000,117000,117000
03123P,台積電元大01售45,0,0,0,0,0,0,0,0,0,117000,0,0,0,117000,0,117000,117000
00739,元大MSCI A股    ,10000,5000,5000,0,0,0,0,0,0,112000,0,0,0,548000,436000,112000,117000
059787,奇力新元大9A購02,0,0,0,0,0,0,0,0,0,117000,0,0,0,132000,15000,117000,117000
063361,台表科國泰01購02,0,0,0,0,0,0,0,0,0,117000,0,0,0,117000,0,117000,117000
063688,建準永豐9B購03  ,0,0,0,0,0,0,0,0,0,117000,0,0,0,250000,133000,117000,117000
1809,中釉            ,199000,82000,117000,0,0,0,0,0,0,0,0,0,0,0,0,0,117000
067538,晶技群益01購02  ,0,0,0,0,0,0,0,0,0,116000,0,0,0,194000,78000,116000,116000
067540,新日興群益02購01,0,0,0,0,0,0,0,0,0,116000,0,0,0,116000,0,116000,116000
059827,晶技凱基99購03  ,0,0,0,0,0,0,0,0,0,116000,0,0,0,116000,0,116000,116000
058209,臺股指凱基01購01,0,0,0,0,0,0,0,0,0,116000,0,0,0,116000,0,116000,116000
03250P,日月光元富07售02,0,0,0,0,0,0,0,0,0,116000,0,0,0,129000,13000,116000,116000
063647,超眾元大9B購02  ,0,0,0,0,0,0,0,0,0,116000,0,0,0,143000,27000,116000,116000
063262,南六富邦9C購01  ,0,0,0,0,0,0,0,0,0,116000,0,0,0,255000,139000,116000,116000
065761,中租元大9C購02  ,0,0,0,0,0,0,0,0,0,116000,0,0,0,220000,104000,116000,116000
068567,聯發科元大01購32,0,0,0,0,0,0,0,0,0,115000,0,0,0,156000,41000,115000,115000
08028P,臺股指元大9B售30,0,0,0,0,0,0,0,0,0,115000,0,0,0,115000,0,115000,115000
063871,瀚宇博永豐9C購01,0,0,0,0,0,0,0,0,0,115000,0,0,0,115000,0,115000,115000
062597,世紀鋼統一01購01,0,0,0,0,0,0,0,0,0,115000,0,0,0,125000,10000,115000,115000
061645,超眾元大9A購06  ,0,0,0,0,0,0,0,0,0,115000,0,0,0,195000,80000,115000,115000
065785,奇力新永豐9C購02,0,0,0,0,0,0,0,0,0,115000,0,0,0,158000,43000,115000,115000
8464,億豐            ,470134,442048,28086,0,0,0,33000,0,33000,53000,22000,1000,21000,32000,0,32000,114086
067359,牧德群益01購02  ,0,0,0,0,0,0,0,0,0,114000,0,0,0,336000,222000,114000,114000
057894,華通元富02購02  ,0,0,0,0,0,0,0,0,0,114000,0,0,0,114000,0,114000,114000
060290,興富發元大9C購01,0,0,0,0,0,0,0,0,0,114000,0,0,0,170000,56000,114000,114000
064386,友達富邦01購01  ,0,0,0,0,0,0,0,0,0,114000,0,0,0,115000,1000,114000,114000
062360,華邦電元大9B購01,0,0,0,0,0,0,0,0,0,114000,0,0,0,154000,40000,114000,114000
064901,牧德群益9C購01  ,0,0,0,0,0,0,0,0,0,114000,0,0,0,213000,99000,114000,114000
058312,大毅國泰9B購01  ,0,0,0,0,0,0,0,0,0,113000,0,0,0,113000,0,113000,113000
062915,嘉澤元大9B購03  ,0,0,0,0,0,0,0,0,0,113000,0,0,0,155000,42000,113000,113000
060826,牧德元大9B購02  ,0,0,0,0,0,0,0,0,0,113000,0,0,0,113000,0,113000,113000
060490,華新科台新9A購01,0,0,0,0,0,0,0,0,0,113000,0,0,0,114000,1000,113000,113000
06505P,康控國票99售02  ,0,0,0,0,0,0,0,0,0,113000,0,0,0,203000,90000,113000,113000
065311,TPK國票01購03   ,0,0,0,0,0,0,0,0,0,113000,0,0,0,125000,12000,113000,113000
066828,聯發科群益02購05,0,0,0,0,0,0,0,0,0,113000,0,0,0,113000,0,113000,113000
3038,全台            ,490000,377000,113000,0,0,0,0,0,0,0,130000,130000,0,0,0,0,113000
08617P,緯創元富9C售03  ,0,0,0,0,0,0,0,0,0,112000,0,0,0,248000,136000,112000,112000
058547,世紀鋼富邦9A購01,0,0,0,0,0,0,0,0,0,112000,0,0,0,112000,0,112000,112000
058495,元大金群益9B購01,0,0,0,0,0,0,0,0,0,112000,0,0,0,250000,138000,112000,112000
060315,易華電永豐9A購01,0,0,0,0,0,0,0,0,0,112000,0,0,0,112000,0,112000,112000
061787,華新科群益9C購01,0,0,0,0,0,0,0,0,0,112000,0,0,0,138000,26000,112000,112000
06631P,玉晶光群益9A售03,0,0,0,0,0,0,0,0,0,112000,0,0,0,112000,0,112000,112000
3052,夆典            ,193000,81000,112000,0,0,0,0,0,0,0,0,0,0,0,0,0,112000
6235,華孚            ,172000,60000,112000,0,0,0,0,0,0,0,0,0,0,0,0,0,112000
4755,三福化          ,134000,27000,107000,0,0,0,0,0,0,5000,5000,0,5000,0,0,0,112000
067405,超眾永豐01購01  ,0,0,0,0,0,0,0,0,0,111000,0,0,0,111000,0,111000,111000
00641R,富邦日本反1     ,5000,31000,-26000,0,0,0,0,0,0,137000,0,0,0,435000,298000,137000,111000
00675L,富邦臺灣加權正2 ,185000,10000,175000,0,0,0,0,0,0,-64000,0,0,0,12000,76000,-64000,111000
055916,奇鋐凱基99購01  ,0,0,0,0,0,0,0,0,0,111000,0,0,0,114000,3000,111000,111000
057082,玉晶光統一9A購04,0,0,0,0,0,0,0,0,0,111000,0,0,0,130000,19000,111000,111000
054885,建準統一98購01  ,0,0,0,0,0,0,0,0,0,111000,0,0,0,111000,0,111000,111000
060806,華新科群益9A購03,0,0,0,0,0,0,0,0,0,111000,0,0,0,112000,1000,111000,111000
065703,大毅群益9C購01  ,0,0,0,0,0,0,0,0,0,111000,0,0,0,116000,5000,111000,111000
3703,欣陸            ,122000,94000,28000,0,0,0,0,0,0,83000,130000,47000,83000,0,0,0,111000
8163,達方            ,612000,541000,71000,0,0,0,0,0,0,40000,9000,18000,-9000,87000,38000,49000,111000
9907,統一實          ,234000,123000,111000,0,0,0,0,0,0,0,0,0,0,0,0,0,111000
067356,欣興群益01購01  ,0,0,0,0,0,0,0,0,0,110000,0,0,0,110000,0,110000,110000
08623P,健策群益01售04  ,0,0,0,0,0,0,0,0,0,110000,0,0,0,110000,0,110000,110000
08302P,長榮航國泰02售01,0,0,0,0,0,0,0,0,0,110000,0,0,0,110000,0,110000,110000
08406P,緯穎元大9C售01  ,0,0,0,0,0,0,0,0,0,110000,0,0,0,110000,0,110000,110000
07850P,健策群益9A售06  ,0,0,0,0,0,0,0,0,0,110000,0,0,0,160000,50000,110000,110000
07902P,玉晶光國票01售01,0,0,0,0,0,0,0,0,0,110000,0,0,0,260000,150000,110000,110000
054848,群創兆豐98購01  ,0,0,0,0,0,0,0,0,0,110000,0,0,0,110000,0,110000,110000
056552,台表科凱基99購01,0,0,0,0,0,0,0,0,0,110000,0,0,0,120000,10000,110000,110000
059594,奇力新元大9B購01,0,0,0,0,0,0,0,0,0,110000,0,0,0,110000,0,110000,110000
059636,宏達電凱基99購05,0,0,0,0,0,0,0,0,0,110000,0,0,0,420000,310000,110000,110000
063903,國巨麥證01購01  ,0,0,0,110000,0,110000,0,0,0,110000,0,0,0,110000,0,110000,110000
060769,國巨麥證9A購02  ,0,0,0,111000,0,111000,0,0,0,110000,0,0,0,111000,1000,110000,110000
061725,國巨麥證9A購05  ,0,0,0,110000,0,110000,0,0,0,110000,0,0,0,110000,0,110000,110000
060981,旺宏元大9A購08  ,0,0,0,0,0,0,0,0,0,110000,0,0,0,110000,0,110000,110000
061012,國巨麥證9A購03  ,0,0,0,110000,0,110000,0,0,0,110000,0,0,0,110000,0,110000,110000
062826,奇力新群益9C購01,0,0,0,0,0,0,0,0,0,110000,0,0,0,160000,50000,110000,110000
063144,超眾統一9C購02  ,0,0,0,0,0,0,0,0,0,110000,0,0,0,117000,7000,110000,110000
062696,國巨元大9B購16  ,0,0,0,0,0,0,0,0,0,110000,0,0,0,205000,95000,110000,110000
062311,奇力新凱基9B購01,0,0,0,0,0,0,0,0,0,110000,0,0,0,110000,0,110000,110000
065678,聯發科統一01購07,0,0,0,0,0,0,0,0,0,110000,0,0,0,407000,297000,110000,110000
064867,華新科永豐9C購03,0,0,0,0,0,0,0,0,0,110000,0,0,0,120000,10000,110000,110000
067130,泰豐永豐01購02  ,0,0,0,0,0,0,0,0,0,110000,0,0,0,110000,0,110000,110000
3607,谷崧            ,158000,48000,110000,0,0,0,0,0,0,0,0,0,0,0,0,0,110000
08843P,台表科凱基01售01,0,0,0,0,0,0,0,0,0,109000,0,0,0,139000,30000,109000,109000
067585,大毅群益01購02  ,0,0,0,0,0,0,0,0,0,109000,0,0,0,109000,0,109000,109000
068303,台積電國票01購08,0,0,0,0,0,0,0,0,0,109000,0,0,0,111000,2000,109000,109000
054534,台積電富邦98購03,0,0,0,0,0,0,0,0,0,109000,0,0,0,109000,0,109000,109000
055036,中工富邦9B購01  ,0,0,0,0,0,0,0,0,0,109000,0,0,0,697000,588000,109000,109000
061836,華新科凱基05購01,0,0,0,0,0,0,0,0,0,109000,0,0,0,110000,1000,109000,109000
067061,亞泥元大01購01  ,0,0,0,0,0,0,0,0,0,109000,0,0,0,273000,164000,109000,109000
065059,神隆群益9C購01  ,0,0,0,0,0,0,0,0,0,109000,0,0,0,112000,3000,109000,109000
1592,英瑞-KY         ,166000,57000,109000,0,0,0,0,0,0,0,0,0,0,0,0,0,109000
08929P,可成元富07售04  ,0,0,0,0,0,0,0,0,0,108000,0,0,0,208000,100000,108000,108000
064354,同欣電元大9C購05,0,0,0,0,0,0,0,0,0,108000,0,0,0,213000,105000,108000,108000
067029,台表科兆豐03購01,0,0,0,0,0,0,0,0,0,108000,0,0,0,128000,20000,108000,108000
066427,牧德元大02購03  ,0,0,0,0,0,0,0,0,0,108000,0,0,0,208000,100000,108000,108000
060097,華新科元大99購23,0,0,0,0,0,0,0,0,0,107000,0,0,0,132000,25000,107000,107000
057073,康控永豐98購01  ,0,0,0,0,0,0,0,0,0,107000,0,0,0,107000,0,107000,107000
059635,華新科凱基9A購06,0,0,0,0,0,0,0,0,0,107000,0,0,0,115000,8000,107000,107000
063382,南茂永豐9B購01  ,0,0,0,0,0,0,0,0,0,107000,0,0,0,107000,0,107000,107000
066072,華新科凱基01購03,0,0,0,0,0,0,0,0,0,107000,0,0,0,201000,94000,107000,107000
064966,FBVIX元大9C購03 ,0,0,0,0,0,0,0,0,0,107000,0,0,0,107000,0,107000,107000
3060,銘異            ,166000,59000,107000,0,0,0,0,0,0,0,0,0,0,0,0,0,107000
9934,成霖            ,131000,27000,104000,0,0,0,0,0,0,3000,3000,0,3000,0,0,0,107000
08886P,台積電富邦04售04,0,0,0,0,0,0,0,0,0,106000,0,0,0,106000,0,106000,106000
08824P,微星元大01售03  ,0,0,0,0,0,0,0,0,0,106000,0,0,0,206000,100000,106000,106000
07870P,鴻海群益9B售01  ,0,0,0,0,0,0,0,0,0,106000,0,0,0,106000,0,106000,106000
068356,奇力新凱基01購03,0,0,0,0,0,0,0,0,0,106000,0,0,0,146000,40000,106000,106000
060244,大立光元大9B購02,0,0,0,0,0,0,0,0,0,106000,0,0,0,116000,10000,106000,106000
057182,禾伸堂元大99購02,0,0,0,0,0,0,0,0,0,106000,0,0,0,107000,1000,106000,106000
064117,中興電元大9C購01,0,0,0,0,0,0,0,0,0,106000,0,0,0,186000,80000,106000,106000
063073,瑞昱永豐9B購01  ,0,0,0,0,0,0,0,0,0,106000,0,0,0,162000,56000,106000,106000
065919,禾伸堂凱基02購01,0,0,0,0,0,0,0,0,0,106000,0,0,0,116000,10000,106000,106000
066452,晶碩群益01購01  ,0,0,0,0,0,0,0,0,0,106000,0,0,0,126000,20000,106000,106000
066331,東森永豐01購01  ,0,0,0,0,0,0,0,0,0,106000,0,0,0,116000,10000,106000,106000
2354,鴻準            ,224302,738677,-514375,0,0,0,624000,0,624000,-4000,2000,23000,-21000,17000,0,17000,105625
067889,大毅群益01購03  ,0,0,0,0,0,0,0,0,0,105000,0,0,0,105000,0,105000,105000
07266P,大立光元大99售19,0,0,0,0,0,0,0,0,0,105000,0,0,0,105000,0,105000,105000
08492P,大立光元大9C售22,0,0,0,0,0,0,0,0,0,105000,0,0,0,105000,0,105000,105000
057438,禾伸堂國票99購01,0,0,0,0,0,0,0,0,0,105000,0,0,0,105000,0,105000,105000
060099,宏達電元大99購09,0,0,0,0,0,0,0,0,0,105000,0,0,0,109000,4000,105000,105000
063484,達方元大9B購01  ,0,0,0,0,0,0,0,0,0,105000,0,0,0,300000,195000,105000,105000
064493,南亞科元大9C購01,0,0,0,0,0,0,0,0,0,105000,0,0,0,120000,15000,105000,105000
063713,麗豐凱基9B購01  ,0,0,0,0,0,0,0,0,0,105000,0,0,0,105000,0,105000,105000
067086,中磊元大01購01  ,0,0,0,0,0,0,0,0,0,105000,0,0,0,112000,7000,105000,105000
067964,燿華群益02購02  ,0,0,0,0,0,0,0,0,0,104000,0,0,0,221000,117000,104000,104000
056606,華新科富邦9A購02,0,0,0,0,0,0,0,0,0,104000,0,0,0,104000,0,104000,104000
062259,可成元大9B購03  ,0,0,0,0,0,0,0,0,0,104000,0,0,0,132000,28000,104000,104000
066406,南六凱基01購02  ,0,0,0,0,0,0,0,0,0,104000,0,0,0,114000,10000,104000,104000
065051,和碩凱基02購01  ,0,0,0,0,0,0,0,0,0,104000,0,0,0,257000,153000,104000,104000
064893,金像電群益01購02,0,0,0,0,0,0,0,0,0,104000,0,0,0,133000,29000,104000,104000
1417,嘉裕            ,324000,220000,104000,0,0,0,0,0,0,0,0,0,0,0,0,0,104000
4943,康控-KY         ,326000,336000,-10000,0,0,0,0,0,0,114000,0,0,0,136000,22000,114000,104000
4904,遠傳            ,878079,1307471,-429392,0,0,0,553000,0,553000,-20000,17000,35000,-18000,0,2000,-2000,103608
067902,中磊群益01購01  ,0,0,0,0,0,0,0,0,0,103000,0,0,0,152000,49000,103000,103000
068062,瑞昱兆豐03購01  ,0,0,0,0,0,0,0,0,0,103000,0,0,0,675000,572000,103000,103000
068610,牧德凱基01購05  ,0,0,0,0,0,0,0,0,0,103000,0,0,0,113000,10000,103000,103000
059480,美律群益9A購01  ,0,0,0,0,0,0,0,0,0,103000,0,0,0,103000,0,103000,103000
00728,第一金工業30    ,1000,0,1000,0,0,0,0,0,0,102000,0,0,0,306000,204000,102000,103000
03042P,玉晶光國票04售01,0,0,0,0,0,0,0,0,0,103000,0,0,0,103000,0,103000,103000
059028,嘉聯益台新99購02,0,0,0,0,0,0,0,0,0,103000,0,0,0,103000,0,103000,103000
063710,光寶科凱基9C購01,0,0,0,0,0,0,0,0,0,103000,0,0,0,112000,9000,103000,103000
061262,智邦凱基9A購02  ,0,0,0,0,0,0,0,0,0,103000,0,0,0,205000,102000,103000,103000
062998,泰碩國票01購01  ,0,0,0,0,0,0,0,0,0,103000,0,0,0,123000,20000,103000,103000
065371,漢唐元大01購01  ,0,0,0,0,0,0,0,0,0,103000,0,0,0,108000,5000,103000,103000
056829,台積電富邦9A購01,0,0,0,0,0,0,0,0,0,102000,0,0,0,114000,12000,102000,102000
063082,瑞昱凱基9B購04  ,0,0,0,0,0,0,0,0,0,102000,0,0,0,104000,2000,102000,102000
061020,超眾國票9A購02  ,0,0,0,0,0,0,0,0,0,102000,0,0,0,102000,0,102000,102000
066385,巨大康和01購01  ,0,0,0,0,0,0,0,0,0,102000,0,0,0,134000,32000,102000,102000
08527P,大立光元大01售06,0,0,0,0,0,0,0,0,0,101000,0,0,0,101000,0,101000,101000
067747,同欣電元大01購04,0,0,0,0,0,0,0,0,0,101000,0,0,0,101000,0,101000,101000
058035,旭富永豐98購02  ,0,0,0,0,0,0,0,0,0,101000,0,0,0,101000,0,101000,101000
058768,南港兆豐99購01  ,0,0,0,0,0,0,0,0,0,101000,0,0,0,101000,0,101000,101000
058344,旺宏群益99購05  ,0,0,0,0,0,0,0,0,0,101000,0,0,0,101000,0,101000,101000
061243,麗豐兆豐9A購01  ,0,0,0,0,0,0,0,0,0,101000,0,0,0,109000,8000,101000,101000
061360,智邦兆豐9B購02  ,0,0,0,0,0,0,0,0,0,101000,0,0,0,409000,308000,101000,101000
065988,晶技永豐01購01  ,0,0,0,0,0,0,0,0,0,101000,0,0,0,102000,1000,101000,101000
064928,同欣電統一01購02,0,0,0,0,0,0,0,0,0,101000,0,0,0,101000,0,101000,101000
068178,華邦電群益01購04,0,0,0,0,0,0,0,0,0,100000,0,0,0,195000,95000,100000,100000
067936,泰碩凱基01購02  ,0,0,0,0,0,0,0,0,0,100000,0,0,0,100000,0,100000,100000
067977,中磊群益01購02  ,0,0,0,0,0,0,0,0,0,100000,0,0,0,100000,0,100000,100000
067982,臺指反元大04購08,0,0,0,0,0,0,0,0,0,100000,0,0,0,100000,0,100000,100000
068321,國巨元大01購18  ,0,0,0,0,0,0,0,0,0,100000,0,0,0,100000,0,100000,100000
068245,國巨元大01購16  ,0,0,0,0,0,0,0,0,0,100000,0,0,0,100000,0,100000,100000
08274P,台積電元富9C售02,0,0,0,0,0,0,0,0,0,100000,0,0,0,100000,0,100000,100000
08190P,宏達電元富9B售04,0,0,0,0,0,0,0,0,0,100000,0,0,0,332000,232000,100000,100000
06949P,台表科元大99售01,0,0,0,0,0,0,0,0,0,100000,0,0,0,100000,0,100000,100000
07208P,台積電凱基99售14,0,0,0,0,0,0,0,0,0,100000,0,0,0,100000,0,100000,100000
07580P,緯穎元大9A售03  ,0,0,0,0,0,0,0,0,0,100000,0,0,0,100000,0,100000,100000
07585P,台灣50中信03售06,0,0,0,0,0,0,0,0,0,100000,0,0,0,100000,0,100000,100000
07756P,台灣50國票04售01,0,0,0,0,0,0,0,0,0,100000,0,0,0,100000,0,100000,100000
058810,國巨統一9B購04  ,0,0,0,0,0,0,0,0,0,100000,0,0,0,450000,350000,100000,100000
058611,欣興元大99購06  ,0,0,0,0,0,0,0,0,0,100000,0,0,0,100000,0,100000,100000
061575,華新科元大9A購20,0,0,0,0,0,0,0,0,0,100000,0,0,0,100000,0,100000,100000
061576,華新科元大9A購21,0,0,0,0,0,0,0,0,0,100000,0,0,0,103000,3000,100000,100000
058215,貿聯群益99購02  ,0,0,0,0,0,0,0,0,0,100000,0,0,0,100000,0,100000,100000
059873,華新科凱基99購09,0,0,0,0,0,0,0,0,0,100000,0,0,0,100000,0,100000,100000
057802,卜蜂元大98購01  ,0,0,0,0,0,0,0,0,0,100000,0,0,0,100000,0,100000,100000
057987,大立光元富98購02,0,0,0,0,0,0,0,0,0,100000,0,0,0,100000,0,100000,100000
055611,燿華國票98購02  ,0,0,0,0,0,0,0,0,0,100000,0,0,0,100000,0,100000,100000
060072,國巨元富99購04  ,0,0,0,0,0,0,0,0,0,100000,0,0,0,100000,0,100000,100000
054406,旺宏國票98購01  ,0,0,0,0,0,0,0,0,0,100000,0,0,0,100000,0,100000,100000
057312,美律麥證98購01  ,0,0,0,100000,0,100000,0,0,0,100000,0,0,0,100000,0,100000,100000
03088P,大立光元大01售17,0,0,0,0,0,0,0,0,0,100000,0,0,0,100000,0,100000,100000
03234P,技嘉元大02售01  ,0,0,0,0,0,0,0,0,0,100000,0,0,0,101000,1000,100000,100000
00717,富邦美國特別股  ,0,0,0,0,0,0,0,0,0,100000,0,0,0,528000,428000,100000,100000
061341,華新科元大9A購16,0,0,0,0,0,0,0,0,0,100000,0,0,0,103000,3000,100000,100000
061324,華新科凱基9C購01,0,0,0,0,0,0,0,0,0,100000,0,0,0,100000,0,100000,100000
063657,茂林元富9B購04  ,0,0,0,0,0,0,0,0,0,100000,0,0,0,100000,0,100000,100000
063601,金像電凱基01購01,0,0,0,0,0,0,0,0,0,100000,0,0,0,100000,0,100000,100000
062640,訊連國票9C購01  ,0,0,0,0,0,0,0,0,0,100000,0,0,0,102000,2000,100000,100000
062356,國巨元大9B購10  ,0,0,0,0,0,0,0,0,0,100000,0,0,0,100000,0,100000,100000
062358,國巨元大9B購12  ,0,0,0,0,0,0,0,0,0,100000,0,0,0,101000,1000,100000,100000
061834,華新科凱基02購02,0,0,0,0,0,0,0,0,0,100000,0,0,0,101000,1000,100000,100000
063354,茂林元富9B購02  ,0,0,0,0,0,0,0,0,0,100000,0,0,0,100000,0,100000,100000
064503,日電貿元大9C購01,0,0,0,0,0,0,0,0,0,100000,0,0,0,100000,0,100000,100000
062466,FBVIX凱基9B購01 ,0,0,0,0,0,0,0,0,0,100000,0,0,0,100000,0,100000,100000
060686,康友元大9A購02  ,0,0,0,0,0,0,0,0,0,100000,0,0,0,100000,0,100000,100000
064965,臺指反元大03購02,0,0,0,0,0,0,0,0,0,100000,0,0,0,100000,0,100000,100000
064803,智邦元大9C購05  ,0,0,0,0,0,0,0,0,0,100000,0,0,0,296000,196000,100000,100000
064731,台郡統一01購02  ,0,0,0,0,0,0,0,0,0,100000,0,0,0,100000,0,100000,100000
065365,國巨元大9C購19  ,0,0,0,0,0,0,0,0,0,100000,0,0,0,100000,0,100000,100000
065560,同欣電麥證9C購02,0,0,0,100000,0,100000,0,0,0,100000,0,0,0,100000,0,100000,100000
065740,聯發科麥證9C購05,0,0,0,100000,0,100000,0,0,0,100000,0,0,0,100000,0,100000,100000
065755,日電貿元大9C購02,0,0,0,0,0,0,0,0,0,100000,0,0,0,100000,0,100000,100000
065967,國巨元大01購07  ,0,0,0,0,0,0,0,0,0,100000,0,0,0,101000,1000,100000,100000
066142,超眾群益01購03  ,0,0,0,0,0,0,0,0,0,100000,0,0,0,130000,30000,100000,100000
066466,晶碩統一02購01  ,0,0,0,0,0,0,0,0,0,100000,0,0,0,100000,0,100000,100000
067199,滬深2X元大04購02,0,0,0,0,0,0,0,0,0,100000,0,0,0,100000,0,100000,100000
066840,臺指反元大04購05,0,0,0,0,0,0,0,0,0,100000,0,0,0,100000,0,100000,100000
066738,聯鈞元大01購05  ,0,0,0,0,0,0,0,0,0,100000,0,0,0,200000,100000,100000,100000
066739,揚明光元大01購01,0,0,0,0,0,0,0,0,0,100000,0,0,0,150000,50000,100000,100000
066634,泰碩凱基02購02  ,0,0,0,0,0,0,0,0,0,100000,0,0,0,100000,0,100000,100000
1467,南緯            ,556000,456000,100000,0,0,0,0,0,0,0,0,0,0,0,0,0,100000
1455,集盛            ,199000,100000,99000,0,0,0,0,0,0,1000,1000,0,1000,0,0,0,100000
07094P,華通國票9A售03  ,0,0,0,0,0,0,0,0,0,99000,0,0,0,99000,0,99000,99000
08839P,臺股指麥證01售06,0,0,0,200000,101000,99000,0,0,0,99000,0,0,0,200000,101000,99000,99000
062270,上銀群益9B購03  ,0,0,0,0,0,0,0,0,0,99000,0,0,0,286000,187000,99000,99000
058656,燿華中信99購01  ,0,0,0,0,0,0,0,0,0,99000,0,0,0,99000,0,99000,99000
058293,光寶科凱基9A購01,0,0,0,0,0,0,0,0,0,99000,0,0,0,102000,3000,99000,99000
061656,華新科國票9A購08,0,0,0,0,0,0,0,0,0,99000,0,0,0,104000,5000,99000,99000
062697,國巨元大9C購01  ,0,0,0,0,0,0,0,0,0,99000,0,0,0,150000,51000,99000,99000
061448,旺宏中信9A購02  ,0,0,0,0,0,0,0,0,0,99000,0,0,0,100000,1000,99000,99000
066690,瑞昱台新01購01  ,0,0,0,0,0,0,0,0,0,99000,0,0,0,207000,108000,99000,99000
066560,聯鈞元大01購04  ,0,0,0,0,0,0,0,0,0,99000,0,0,0,121000,22000,99000,99000
064954,奇鋐凱基9C購01  ,0,0,0,0,0,0,0,0,0,99000,0,0,0,149000,50000,99000,99000
4739,康普            ,143000,44000,99000,0,0,0,0,0,0,0,0,0,0,0,0,0,99000
07505P,台勝科元大9A售01,0,0,0,0,0,0,0,0,0,98000,0,0,0,98000,0,98000,98000
067314,新日興元大01購02,0,0,0,0,0,0,0,0,0,98000,0,0,0,198000,100000,98000,98000
067300,金像電元大02購02,0,0,0,0,0,0,0,0,0,98000,0,0,0,156000,58000,98000,98000
067529,力山群益01購02  ,0,0,0,0,0,0,0,0,0,98000,0,0,0,212000,114000,98000,98000
058182,日電貿國泰9A購01,0,0,0,0,0,0,0,0,0,98000,0,0,0,271000,173000,98000,98000
063479,南六元大9B購06  ,0,0,0,0,0,0,0,0,0,98000,0,0,0,107000,9000,98000,98000
062660,神隆群益9B購02  ,0,0,0,0,0,0,0,0,0,98000,0,0,0,108000,10000,98000,98000
064308,國巨群益9C購09  ,0,0,0,0,0,0,0,0,0,98000,0,0,0,99000,1000,98000,98000
064312,大立光群益01購01,0,0,0,0,0,0,0,0,0,98000,0,0,0,98000,0,98000,98000
065937,大毅群益02購01  ,0,0,0,0,0,0,0,0,0,98000,0,0,0,98000,0,98000,98000
065474,旺宏元大9C購06  ,0,0,0,0,0,0,0,0,0,98000,0,0,0,154000,56000,98000,98000
2419,仲琦            ,120000,65065,54935,0,0,0,0,0,0,43000,1000,0,1000,58000,16000,42000,97935
067360,日月光群益01購01,0,0,0,0,0,0,0,0,0,97000,0,0,0,107000,10000,97000,97000
068647,臺指反元大02購18,0,0,0,0,0,0,0,0,0,97000,0,0,0,100000,3000,97000,97000
08811P,鴻海群益01售08  ,0,0,0,0,0,0,0,0,0,97000,0,0,0,154000,57000,97000,97000
08346P,大立光元大9C售15,0,0,0,0,0,0,0,0,0,97000,0,0,0,117000,20000,97000,97000
059911,國巨元大99購27  ,0,0,0,0,0,0,0,0,0,97000,0,0,0,99000,2000,97000,97000
061819,茂林群益9B購01  ,0,0,0,0,0,0,0,0,0,97000,0,0,0,144000,47000,97000,97000
066166,大毅凱基02購01  ,0,0,0,0,0,0,0,0,0,97000,0,0,0,145000,48000,97000,97000
058202,鴻海凱基9A購04  ,0,0,0,0,0,0,0,0,0,96000,0,0,0,155000,59000,96000,96000
059823,奇力新凱基99購07,0,0,0,0,0,0,0,0,0,96000,0,0,0,96000,0,96000,96000
057633,緯穎永豐98購02  ,0,0,0,0,0,0,0,0,0,96000,0,0,0,96000,0,96000,96000
064182,臻鼎富邦01購01  ,0,0,0,0,0,0,0,0,0,96000,0,0,0,96000,0,96000,96000
065547,同欣電兆豐01購01,0,0,0,0,0,0,0,0,0,96000,0,0,0,96000,0,96000,96000
064876,旺宏兆豐9C購01  ,0,0,0,0,0,0,0,0,0,96000,0,0,0,100000,4000,96000,96000
3003,健和興          ,197000,105000,92000,0,0,0,0,0,0,4000,0,0,0,4000,0,4000,96000
08530P,鴻海統一9C售19  ,0,0,0,0,0,0,0,0,0,95000,0,0,0,95000,0,95000,95000
07070P,晶相光元富99售01,0,0,0,0,0,0,0,0,0,95000,0,0,0,150000,55000,95000,95000
068024,聚陽元富07購02  ,0,0,0,0,0,0,0,0,0,95000,0,0,0,95000,0,95000,95000
061913,宏碁中信9B購01  ,0,0,0,0,0,0,0,0,0,95000,0,0,0,139000,44000,95000,95000
063360,茂林國泰9C購02  ,0,0,0,0,0,0,0,0,0,95000,0,0,0,348000,253000,95000,95000
062289,緯穎群益9B購01  ,0,0,0,0,0,0,0,0,0,95000,0,0,0,137000,42000,95000,95000
065477,健鼎元大9C購03  ,0,0,0,0,0,0,0,0,0,95000,0,0,0,113000,18000,95000,95000
065375,神基元大03購01  ,0,0,0,0,0,0,0,0,0,95000,0,0,0,200000,105000,95000,95000
065240,矽創凱基01購01  ,0,0,0,0,0,0,0,0,0,95000,0,0,0,98000,3000,95000,95000
065877,TPK群益9C購05   ,0,0,0,0,0,0,0,0,0,95000,0,0,0,167000,72000,95000,95000
066034,南六群益02購02  ,0,0,0,0,0,0,0,0,0,95000,0,0,0,99000,4000,95000,95000
066342,上緯控永豐01購01,0,0,0,0,0,0,0,0,0,95000,0,0,0,95000,0,95000,95000
066779,上証2X中信03購01,0,0,0,0,0,0,0,0,0,95000,0,0,0,115000,20000,95000,95000
067961,台達電群益01購03,0,0,0,0,0,0,0,0,0,94000,0,0,0,234000,140000,94000,94000
067422,微星凱基02購03  ,0,0,0,0,0,0,0,0,0,94000,0,0,0,94000,0,94000,94000
060219,聯發科凱基9A購09,0,0,0,0,0,0,0,0,0,94000,0,0,0,94000,0,94000,94000
057531,禾伸堂元大99購04,0,0,0,0,0,0,0,0,0,94000,0,0,0,172000,78000,94000,94000
060892,超眾統一9C購01  ,0,0,0,0,0,0,0,0,0,94000,0,0,0,94000,0,94000,94000
061155,華新科群益9A購06,0,0,0,0,0,0,0,0,0,94000,0,0,0,94000,0,94000,94000
060963,禾伸堂凱基9A購01,0,0,0,0,0,0,0,0,0,94000,0,0,0,94000,0,94000,94000
064273,華邦電元大9C購02,0,0,0,0,0,0,0,0,0,94000,0,0,0,97000,3000,94000,94000
064277,可成元大9C購04  ,0,0,0,0,0,0,0,0,0,94000,0,0,0,99000,5000,94000,94000
064250,亞光元富9C購01  ,0,0,0,0,0,0,0,0,0,94000,0,0,0,154000,60000,94000,94000
065994,南六永豐01購01  ,0,0,0,0,0,0,0,0,0,94000,0,0,0,101000,7000,94000,94000
06613P,華新科富邦9A售03,0,0,0,0,0,0,0,0,0,94000,0,0,0,94000,0,94000,94000
1701,中化            ,798000,621000,177000,0,0,0,0,0,0,-83000,13000,1000,12000,98000,193000,-95000,94000
1731,美吾華          ,321000,227000,94000,0,0,0,0,0,0,0,0,0,0,0,0,0,94000
067275,聯發科統一02購07,0,0,0,0,0,0,0,0,0,93000,0,0,0,93000,0,93000,93000
067655,晶技元富07購01  ,0,0,0,0,0,0,0,0,0,93000,0,0,0,158000,65000,93000,93000
068280,滬深2X中信01購03,0,0,0,0,0,0,0,0,0,93000,0,0,0,93000,0,93000,93000
07397P,大立光群益99售10,0,0,0,0,0,0,0,0,0,93000,0,0,0,93000,0,93000,93000
07531P,大立光國泰9B售03,0,0,0,0,0,0,0,0,0,93000,0,0,0,93000,0,93000,93000
08099P,聯發科中信9B售04,0,0,0,0,0,0,0,0,0,93000,0,0,0,93000,0,93000,93000
08119P,南亞科統一9C售03,0,0,0,0,0,0,0,0,0,93000,0,0,0,200000,107000,93000,93000
059851,晶相光永豐99購02,0,0,0,0,0,0,0,0,0,93000,0,0,0,97000,4000,93000,93000
056386,TPK國泰99購01   ,0,0,0,0,0,0,0,0,0,93000,0,0,0,93000,0,93000,93000
055063,玉晶光永豐99購01,0,0,0,0,0,0,0,0,0,93000,0,0,0,323000,230000,93000,93000
061853,晶技國票9B購02  ,0,0,0,0,0,0,0,0,0,93000,0,0,0,200000,107000,93000,93000
062037,華新凱基9B購01  ,0,0,0,0,0,0,0,0,0,93000,0,0,0,141000,48000,93000,93000
063567,漢唐元大9B購03  ,0,0,0,0,0,0,0,0,0,93000,0,0,0,175000,82000,93000,93000
063995,健鼎群益9C購01  ,0,0,0,0,0,0,0,0,0,93000,0,0,0,163000,70000,93000,93000
065694,國巨群益9C購19  ,0,0,0,0,0,0,0,0,0,93000,0,0,0,99000,6000,93000,93000
065333,冠德國票01購01  ,0,0,0,0,0,0,0,0,0,93000,0,0,0,189000,96000,93000,93000
3346,麗清            ,125000,32000,93000,0,0,0,0,0,0,0,0,0,0,0,0,0,93000
08878P,台積電凱基01售11,0,0,0,0,0,0,0,0,0,92000,0,0,0,92000,0,92000,92000
08887P,聯發科富邦03售06,0,0,0,0,0,0,0,0,0,92000,0,0,0,157000,65000,92000,92000
08642P,華新科群益9C售06,0,0,0,0,0,0,0,0,0,92000,0,0,0,110000,18000,92000,92000
068551,台灣50元大01購37,0,0,0,0,0,0,0,0,0,92000,0,0,0,102000,10000,92000,92000
067668,金像電元大01購02,0,0,0,0,0,0,0,0,0,92000,0,0,0,124000,32000,92000,92000
067483,禾伸堂元大01購02,0,0,0,0,0,0,0,0,0,92000,0,0,0,192000,100000,92000,92000
058327,大毅統一9B購01  ,0,0,0,0,0,0,0,0,0,92000,0,0,0,142000,50000,92000,92000
063142,奇力新統一9C購04,0,0,0,0,0,0,0,0,0,92000,0,0,0,155000,63000,92000,92000
063134,裕隆統一01購01  ,0,0,0,0,0,0,0,0,0,92000,0,0,0,96000,4000,92000,92000
063634,台光電元大9B購09,0,0,0,0,0,0,0,0,0,92000,0,0,0,140000,48000,92000,92000
064379,TPK元富9C購01   ,0,0,0,0,0,0,0,0,0,92000,0,0,0,278000,186000,92000,92000
2348,海悅            ,190000,100000,90000,0,0,0,0,0,0,2000,2000,0,2000,0,0,0,92000
067549,聯電中信03購01  ,0,0,0,0,0,0,0,0,0,91000,0,0,0,96000,5000,91000,91000
060098,華新科元大99購24,0,0,0,0,0,0,0,0,0,91000,0,0,0,156000,65000,91000,91000
057450,國泰金元富98購01,0,0,0,0,0,0,0,0,0,91000,0,0,0,106000,15000,91000,91000
064472,國巨麥證9C購03  ,0,0,0,115000,12000,103000,0,0,0,91000,0,0,0,115000,24000,91000,91000
061186,牧德國泰9C購01  ,0,0,0,0,0,0,0,0,0,91000,0,0,0,534000,443000,91000,91000
065930,矽格國票02購01  ,0,0,0,0,0,0,0,0,0,91000,0,0,0,100000,9000,91000,91000
3015,全漢            ,121000,36000,85000,0,0,0,0,0,0,6000,6000,0,6000,0,0,0,91000
07879P,瑞昱群益9C售01  ,0,0,0,0,0,0,0,0,0,90000,0,0,0,120000,30000,90000,90000
08904P,為升國票03售01  ,0,0,0,0,0,0,0,0,0,90000,0,0,0,203000,113000,90000,90000
054371,台積電中信9C購01,0,0,0,0,0,0,0,0,0,90000,0,0,0,90000,0,90000,90000
054440,TPK台新98購01   ,0,0,0,0,0,0,0,0,0,90000,0,0,0,90000,0,90000,90000
03100P,玉晶光凱基03售04,0,0,0,0,0,0,0,0,0,90000,0,0,0,145000,55000,90000,90000
055703,緯穎富邦98購01  ,0,0,0,0,0,0,0,0,0,90000,0,0,0,90000,0,90000,90000
058776,台積電國票9A購03,0,0,0,0,0,0,0,0,0,90000,0,0,0,90000,0,90000,90000
062197,聯發科中信01購03,0,0,0,0,0,0,0,0,0,90000,0,0,0,90000,0,90000,90000
059375,道瓊反群益9C購02,0,0,0,0,0,0,0,0,0,90000,0,0,0,421000,331000,90000,90000
061273,臺股指凱基9A購23,0,0,0,0,0,0,0,0,0,90000,0,0,0,120000,30000,90000,90000
063494,金像電富邦9B購01,0,0,0,0,0,0,0,0,0,90000,0,0,0,240000,150000,90000,90000
063176,南亞科兆豐9B購01,0,0,0,0,0,0,0,0,0,90000,0,0,0,90000,0,90000,90000
062649,緯穎富邦9B購03  ,0,0,0,0,0,0,0,0,0,90000,0,0,0,90000,0,90000,90000
060824,旺宏元大9A購06  ,0,0,0,0,0,0,0,0,0,90000,0,0,0,107000,17000,90000,90000
065841,國巨元大9C購20  ,0,0,0,0,0,0,0,0,0,90000,0,0,0,100000,10000,90000,90000
8103,瀚荃            ,172000,82000,90000,0,0,0,0,0,0,0,1000,1000,0,0,0,0,90000
08776P,上証2X群益03售02,0,0,0,0,0,0,0,0,0,89000,0,0,0,104000,15000,89000,89000
068563,宏碁元大01購05  ,0,0,0,0,0,0,0,0,0,89000,0,0,0,102000,13000,89000,89000
06925P,致茂群益9A售02  ,0,0,0,0,0,0,0,0,0,89000,0,0,0,130000,41000,89000,89000
067243,華擎群益01購04  ,0,0,0,0,0,0,0,0,0,89000,0,0,0,155000,66000,89000,89000
063110,牧德兆豐9B購01  ,0,0,0,0,0,0,0,0,0,89000,0,0,0,191000,102000,89000,89000
064621,大立光元大9C購20,0,0,0,0,0,0,0,0,0,89000,0,0,0,90000,1000,89000,89000
066408,致新凱基01購02  ,0,0,0,0,0,0,0,0,0,89000,0,0,0,111000,22000,89000,89000
066800,晶豪科凱基02購01,0,0,0,0,0,0,0,0,0,89000,0,0,0,89000,0,89000,89000
067971,玉晶光群益02購21,0,0,0,0,0,0,0,0,0,88000,0,0,0,99000,11000,88000,88000
058567,華新科凱基9A購02,0,0,0,0,0,0,0,0,0,88000,0,0,0,88000,0,88000,88000
062747,立積永豐9B購01  ,0,0,0,0,0,0,0,0,0,88000,0,0,0,220000,132000,88000,88000
062500,國巨群益01購01  ,0,0,0,0,0,0,0,0,0,88000,0,0,0,109000,21000,88000,88000
066955,新日興元大01購01,0,0,0,0,0,0,0,0,0,88000,0,0,0,205000,117000,88000,88000
066965,鴻海元富07購07  ,0,0,0,0,0,0,0,0,0,88000,0,0,0,90000,2000,88000,88000
066271,東森元大01購01  ,0,0,0,0,0,0,0,0,0,88000,0,0,0,110000,22000,88000,88000
068272,華新科永豐01購02,0,0,0,0,0,0,0,0,0,87000,0,0,0,114000,27000,87000,87000
08486P,富邦金群益9C售02,0,0,0,0,0,0,0,0,0,87000,0,0,0,127000,40000,87000,87000
059581,日月光元富99購02,0,0,0,0,0,0,0,0,0,87000,0,0,0,167000,80000,87000,87000
056369,彩晶元大01購01  ,0,0,0,0,0,0,0,0,0,87000,0,0,0,209000,122000,87000,87000
063714,超眾凱基9B購03  ,0,0,0,0,0,0,0,0,0,87000,0,0,0,87000,0,87000,87000
061177,大立光凱基9A購10,0,0,0,0,0,0,0,0,0,87000,0,0,0,87000,0,87000,87000
064588,玉晶光永豐9C購05,0,0,0,0,0,0,0,0,0,87000,0,0,0,87000,0,87000,87000
5269,祥碩            ,309035,117000,192035,0,0,0,38,110000,-109962,4000,15000,13000,2000,5000,3000,2000,86073
068473,聯發科群益01購13,0,0,0,0,0,0,0,0,0,86000,0,0,0,147000,61000,86000,86000
068101,奇力新永豐01購01,0,0,0,0,0,0,0,0,0,86000,0,0,0,119000,33000,86000,86000
067855,達方國票02購01  ,0,0,0,0,0,0,0,0,0,86000,0,0,0,117000,31000,86000,86000
060130,瀚宇博永豐99購02,0,0,0,0,0,0,0,0,0,86000,0,0,0,86000,0,86000,86000
056213,建準國票98購02  ,0,0,0,0,0,0,0,0,0,86000,0,0,0,106000,20000,86000,86000
058154,泰碩統一9A購01  ,0,0,0,0,0,0,0,0,0,86000,0,0,0,186000,100000,86000,86000
05887P,友達元富99售03  ,0,0,0,0,0,0,0,0,0,86000,0,0,0,86000,0,86000,86000
063427,南六凱基9B購04  ,0,0,0,0,0,0,0,0,0,86000,0,0,0,104000,18000,86000,86000
062132,神隆群益9B購01  ,0,0,0,0,0,0,0,0,0,86000,0,0,0,90000,4000,86000,86000
064099,億光群益9C購01  ,0,0,0,0,0,0,0,0,0,86000,0,0,0,175000,89000,86000,86000
064724,健鼎統一02購02  ,0,0,0,0,0,0,0,0,0,86000,0,0,0,133000,47000,86000,86000
066939,TPK國票02購02   ,0,0,0,0,0,0,0,0,0,86000,0,0,0,125000,39000,86000,86000
1537,廣隆            ,77000,6000,71000,0,0,0,15000,0,15000,0,0,0,0,0,0,0,86000
08998P,玉晶光群益02售15,0,0,0,0,0,0,0,0,0,86000,0,0,0,86000,0,86000,86000
067785,晶技群益01購03  ,0,0,0,0,0,0,0,0,0,85000,0,0,0,118000,33000,85000,85000
067292,大立光兆豐01購01,0,0,0,0,0,0,0,0,0,85000,0,0,0,85000,0,85000,85000
068503,同欣電元大01購06,0,0,0,0,0,0,0,0,0,85000,0,0,0,90000,5000,85000,85000
068284,香港反群益01購01,0,0,0,0,0,0,0,0,0,85000,0,0,0,85000,0,85000,85000
068325,宏碁元大01購04  ,0,0,0,0,0,0,0,0,0,85000,0,0,0,140000,55000,85000,85000
068347,T50反1凱基04購03,0,0,0,0,0,0,0,0,0,85000,0,0,0,100000,15000,85000,85000
08908P,義隆凱基01售05  ,0,0,0,0,0,0,0,0,0,85000,0,0,0,92000,7000,85000,85000
07889P,旭富國票9B售01  ,0,0,0,0,0,0,0,0,0,85000,0,0,0,85000,0,85000,85000
060872,高股息中信02購01,0,0,0,0,0,0,0,0,0,85000,0,0,0,85000,0,85000,85000
059516,TPK永豐99購01   ,0,0,0,0,0,0,0,0,0,85000,0,0,0,97000,12000,85000,85000
056738,國巨凱基9A購02  ,0,0,0,0,0,0,0,0,0,85000,0,0,0,87000,2000,85000,85000
052521,友達元大9B購01  ,0,0,0,0,0,0,0,0,0,85000,0,0,0,90000,5000,85000,85000
054158,國巨日盛99購01  ,0,0,0,0,0,0,0,0,0,85000,0,0,0,245000,160000,85000,85000
053568,智伸科富邦98購01,0,0,0,0,0,0,0,0,0,85000,0,0,0,85000,0,85000,85000
064107,友達兆豐01購01  ,0,0,0,0,0,0,0,0,0,85000,0,0,0,85000,0,85000,85000
060821,SP黃豆元大9A購02,0,0,0,0,0,0,0,0,0,85000,0,0,0,100000,15000,85000,85000
064286,TPK元大9C購02   ,0,0,0,0,0,0,0,0,0,85000,0,0,0,105000,20000,85000,85000
064342,晶技元大9C購01  ,0,0,0,0,0,0,0,0,0,85000,0,0,0,209000,124000,85000,85000
061960,國巨統一01購05  ,0,0,0,0,0,0,0,0,0,85000,0,0,0,120000,35000,85000,85000
067022,台虹中信01購01  ,0,0,0,0,0,0,0,0,0,85000,0,0,0,85000,0,85000,85000
066821,臺指反群益01購03,0,0,0,0,0,0,0,0,0,85000,0,0,0,85000,0,85000,85000
066409,勤誠凱基01購01  ,0,0,0,0,0,0,0,0,0,85000,0,0,0,164000,79000,85000,85000
065112,台表科國票02購01,0,0,0,0,0,0,0,0,0,85000,0,0,0,186000,101000,85000,85000
1611,中電            ,139000,68000,71000,0,0,0,0,0,0,14000,14000,0,14000,0,0,0,85000
3557,嘉威            ,195000,105000,90000,0,0,0,0,0,0,-5000,0,5000,-5000,0,0,0,85000
4306,炎洲            ,164000,74000,90000,0,0,0,0,0,0,-5000,0,5000,-5000,0,0,0,85000
2357,華碩            ,598030,698208,-100178,0,0,0,211000,0,211000,-26000,0,3000,-3000,0,23000,-23000,84822
08698P,可成凱基01售02  ,0,0,0,0,0,0,0,0,0,84000,0,0,0,100000,16000,84000,84000
068040,超眾元富04購01  ,0,0,0,0,0,0,0,0,0,84000,0,0,0,84000,0,84000,84000
053537,玉晶光永豐98購02,0,0,0,0,0,0,0,0,0,84000,0,0,0,113000,29000,84000,84000
057486,美律元大98購04  ,0,0,0,0,0,0,0,0,0,84000,0,0,0,129000,45000,84000,84000
02001L,富邦蘋果正二N   ,0,0,0,0,0,0,0,0,0,84000,0,0,0,84000,0,84000,84000
03275P,台積電台新02售02,0,0,0,0,0,0,0,0,0,84000,0,0,0,130000,46000,84000,84000
060414,中興電永豐9A購01,0,0,0,0,0,0,0,0,0,84000,0,0,0,279000,195000,84000,84000
063813,瑞昱群益9C購02  ,0,0,0,0,0,0,0,0,0,84000,0,0,0,84000,0,84000,84000
061038,TPK永豐9A購01   ,0,0,0,0,0,0,0,0,0,84000,0,0,0,290000,206000,84000,84000
061642,創意元大9A購04  ,0,0,0,0,0,0,0,0,0,84000,0,0,0,95000,11000,84000,84000
063188,TPK凱基9B購01   ,0,0,0,0,0,0,0,0,0,84000,0,0,0,129000,45000,84000,84000
065102,同欣電元大9C購07,0,0,0,0,0,0,0,0,0,84000,0,0,0,84000,0,84000,84000
064760,玉晶光凱基01購02,0,0,0,0,0,0,0,0,0,84000,0,0,0,123000,39000,84000,84000
066198,華碩統一03購01  ,0,0,0,0,0,0,0,0,0,84000,0,0,0,313000,229000,84000,84000
6139,亞翔            ,170000,86000,84000,0,0,0,0,0,0,0,0,0,0,0,0,0,84000
08728P,緯穎群益01售01  ,0,0,0,0,0,0,0,0,0,83000,0,0,0,142000,59000,83000,83000
08467P,長榮航統一9C售01,0,0,0,0,0,0,0,0,0,83000,0,0,0,83000,0,83000,83000
058850,華新科群益99購03,0,0,0,0,0,0,0,0,0,83000,0,0,0,90000,7000,83000,83000
03070P,台表科群益01售04,0,0,0,0,0,0,0,0,0,83000,0,0,0,190000,107000,83000,83000
03154P,華新科群益01售07,0,0,0,0,0,0,0,0,0,83000,0,0,0,83000,0,83000,83000
066033,南六群益02購01  ,0,0,0,0,0,0,0,0,0,83000,0,0,0,114000,31000,83000,83000
066893,技嘉兆豐01購02  ,0,0,0,0,0,0,0,0,0,83000,0,0,0,237000,154000,83000,83000
08461P,長榮航國票9C售01,0,0,0,0,0,0,0,0,0,82000,0,0,0,155000,73000,82000,82000
06856P,台灣50永豐99售03,0,0,0,0,0,0,0,0,0,82000,0,0,0,169000,87000,82000,82000
067762,康舒永豐01購02  ,0,0,0,0,0,0,0,0,0,82000,0,0,0,109000,27000,82000,82000
057411,臺股指群益99購05,0,0,0,0,0,0,0,0,0,82000,0,0,0,82000,0,82000,82000
058421,國泰金麥證01購01,0,0,0,101000,19000,82000,0,0,0,82000,0,0,0,101000,19000,82000,82000
061170,南茂兆豐9B購01  ,0,0,0,0,0,0,0,0,0,82000,0,0,0,82000,0,82000,82000
064530,康控中信9C購01  ,0,0,0,0,0,0,0,0,0,82000,0,0,0,194000,112000,82000,82000
065730,新日興凱基9C購01,0,0,0,0,0,0,0,0,0,82000,0,0,0,97000,15000,82000,82000
067632,台積電永豐01購03,0,0,0,0,0,0,0,0,0,81000,0,0,0,81000,0,81000,81000
067320,訊連元大01購01  ,0,0,0,0,0,0,0,0,0,81000,0,0,0,100000,19000,81000,81000
068102,晶豪科永豐01購01,0,0,0,0,0,0,0,0,0,81000,0,0,0,81000,0,81000,81000
061131,崇越永豐9A購01  ,0,0,0,0,0,0,0,0,0,81000,0,0,0,81000,0,81000,81000
064028,大毅元大01購01  ,0,0,0,0,0,0,0,0,0,81000,0,0,0,84000,3000,81000,81000
065780,國巨富邦03購02  ,0,0,0,0,0,0,0,0,0,81000,0,0,0,104000,23000,81000,81000
065179,同欣電元大02購01,0,0,0,0,0,0,0,0,0,81000,0,0,0,82000,1000,81000,81000
066277,敦泰元大01購02  ,0,0,0,0,0,0,0,0,0,81000,0,0,0,104000,23000,81000,81000
066569,帆宣元大01購02  ,0,0,0,0,0,0,0,0,0,81000,0,0,0,84000,3000,81000,81000
3494,誠研            ,83000,2000,81000,0,0,0,0,0,0,0,0,0,0,0,0,0,81000
6715,嘉基            ,133000,89000,44000,0,0,0,0,0,0,37000,0,2000,-2000,42000,3000,39000,81000
2461,光群雷          ,121000,40000,81000,0,0,0,0,0,0,0,0,0,0,0,0,0,81000
1439,中和            ,103000,22000,81000,0,0,0,0,0,0,0,0,0,0,0,0,0,81000
067999,大毅元大01購03  ,0,0,0,0,0,0,0,0,0,80000,0,0,0,80000,0,80000,80000
068239,道瓊銀元大01購04,0,0,0,0,0,0,0,0,0,80000,0,0,0,105000,25000,80000,80000
067297,台積電元大02購03,0,0,0,0,0,0,0,0,0,80000,0,0,0,81000,1000,80000,80000
06956P,國巨日盛99售04  ,0,0,0,0,0,0,0,0,0,80000,0,0,0,80000,0,80000,80000
07638P,長榮航國票9A售01,0,0,0,0,0,0,0,0,0,80000,0,0,0,80000,0,80000,80000
08386P,臺股指群益9C售14,0,0,0,0,0,0,0,0,0,80000,0,0,0,80000,0,80000,80000
08899P,台積電群益01售16,0,0,0,0,0,0,0,0,0,80000,0,0,0,80000,0,80000,80000
058287,國巨國票9A購02  ,0,0,0,0,0,0,0,0,0,80000,0,0,0,80000,0,80000,80000
058270,上緯控永豐99購01,0,0,0,0,0,0,0,0,0,80000,0,0,0,105000,25000,80000,80000
061620,禾伸堂群益9A購02,0,0,0,0,0,0,0,0,0,80000,0,0,0,80000,0,80000,80000
059165,南亞科凱基99購04,0,0,0,0,0,0,0,0,0,80000,0,0,0,80000,0,80000,80000
059091,中信金元大99購01,0,0,0,0,0,0,0,0,0,80000,0,0,0,80000,0,80000,80000
061660,禾伸堂永豐9A購01,0,0,0,0,0,0,0,0,0,80000,0,0,0,80000,0,80000,80000
061693,華新科群益9B購02,0,0,0,0,0,0,0,0,0,80000,0,0,0,113000,33000,80000,80000
066578,臺股指元大01購07,0,0,0,0,0,0,0,0,0,80000,0,0,0,81000,1000,80000,80000
066272,聯陽元大01購01  ,0,0,0,0,0,0,0,0,0,80000,0,0,0,906000,826000,80000,80000
065983,亞德客國泰03購01,0,0,0,0,0,0,0,0,0,80000,0,0,0,130000,50000,80000,80000
066776,創意富邦03購02  ,0,0,0,0,0,0,0,0,0,80000,0,0,0,282000,202000,80000,80000
064642,裕隆凱基9C購01  ,0,0,0,0,0,0,0,0,0,80000,0,0,0,80000,0,80000,80000
065804,大立光群益01購04,0,0,0,0,0,0,0,0,0,80000,0,0,0,80000,0,80000,80000
065426,台積電凱基01購09,0,0,0,0,0,0,0,0,0,80000,0,0,0,82000,2000,80000,80000
065515,大立光群益02購01,0,0,0,0,0,0,0,0,0,80000,0,0,0,80000,0,80000,80000
5225,東科-KY         ,130000,51000,79000,0,0,0,0,0,0,1000,1000,0,1000,0,0,0,80000
067673,義隆元大01購06  ,0,0,0,0,0,0,0,0,0,79000,0,0,0,213000,134000,79000,79000
067836,聯發科統一03購05,0,0,0,0,0,0,0,0,0,79000,0,0,0,99000,20000,79000,79000
068472,聯發科群益01購12,0,0,0,0,0,0,0,0,0,79000,0,0,0,135000,56000,79000,79000
03256P,聯發科富邦03售08,0,0,0,0,0,0,0,0,0,79000,0,0,0,264000,185000,79000,79000
061813,鴻海群益9B購02  ,0,0,0,0,0,0,0,0,0,79000,0,0,0,165000,86000,79000,79000
064454,華新科統一01購03,0,0,0,0,0,0,0,0,0,79000,0,0,0,79000,0,79000,79000
062573,大毅群益9B購03  ,0,0,0,0,0,0,0,0,0,79000,0,0,0,148000,69000,79000,79000
061383,高股息群益9A購01,0,0,0,0,0,0,0,0,0,79000,0,0,0,79000,0,79000,79000
065008,TPK國票01購02   ,0,0,0,0,0,0,0,0,0,79000,0,0,0,113000,34000,79000,79000
068422,緯穎兆豐03購02  ,0,0,0,0,0,0,0,0,0,78000,0,0,0,200000,122000,78000,78000
068068,瑞昱凱基01購03  ,0,0,0,0,0,0,0,0,0,78000,0,0,0,520000,442000,78000,78000
060492,元黃金元富9A購01,0,0,0,0,0,0,0,0,0,78000,0,0,0,78000,0,78000,78000
08988P,華碩國票01售02  ,0,0,0,0,0,0,0,0,0,78000,0,0,0,78000,0,78000,78000
067394,國巨永豐01購01  ,0,0,0,0,0,0,0,0,0,77000,0,0,0,80000,3000,77000,77000
060029,嘉晶永豐99購03  ,0,0,0,0,0,0,0,0,0,77000,0,0,0,77000,0,77000,77000
058963,華新科兆豐99購05,0,0,0,0,0,0,0,0,0,77000,0,0,0,77000,0,77000,77000
063846,智邦元大9C購01  ,0,0,0,0,0,0,0,0,0,77000,0,0,0,431000,354000,77000,77000
060792,信錦永豐9A購01  ,0,0,0,0,0,0,0,0,0,77000,0,0,0,82000,5000,77000,77000
062979,茂林元富9B購01  ,0,0,0,0,0,0,0,0,0,77000,0,0,0,100000,23000,77000,77000
064907,緯穎群益9C購02  ,0,0,0,0,0,0,0,0,0,77000,0,0,0,118000,41000,77000,77000
064616,智邦元大9C購04  ,0,0,0,0,0,0,0,0,0,77000,0,0,0,102000,25000,77000,77000
067106,義隆群益01購01  ,0,0,0,0,0,0,0,0,0,77000,0,0,0,181000,104000,77000,77000
2727,王品            ,126000,49000,77000,0,0,0,0,0,0,0,0,0,0,0,0,0,77000
8033,雷虎            ,85000,9000,76000,0,0,0,107,0,107,0,0,0,0,0,0,0,76107
057458,TPK富邦9A購01   ,0,0,0,0,0,0,0,0,0,76000,0,0,0,150000,74000,76000,76000
063806,瀚宇博兆豐01購01,0,0,0,0,0,0,0,0,0,76000,0,0,0,95000,19000,76000,76000
064016,南六國票01購01  ,0,0,0,0,0,0,0,0,0,76000,0,0,0,133000,57000,76000,76000
064070,祥碩永豐9C購01  ,0,0,0,0,0,0,0,0,0,76000,0,0,0,84000,8000,76000,76000
062467,國巨凱基9B購08  ,0,0,0,0,0,0,0,0,0,76000,0,0,0,88000,12000,76000,76000
066903,中興電凱基01購01,0,0,0,0,0,0,0,0,0,76000,0,0,0,140000,64000,76000,76000
064730,超眾統一02購02  ,0,0,0,0,0,0,0,0,0,76000,0,0,0,76000,0,76000,76000
2204,中華            ,168000,100000,68000,0,0,0,0,0,0,8000,5000,0,5000,3000,0,3000,76000
067802,台積電凱基07購01,0,0,0,0,0,0,0,0,0,75000,0,0,0,75000,0,75000,75000
067882,A50正2群益01購06,0,0,0,0,0,0,0,0,0,75000,0,0,0,75000,0,75000,75000
08739P,台郡凱基01售03  ,0,0,0,0,0,0,0,0,0,75000,0,0,0,75000,0,75000,75000
08094P,華新科元富9B售05,0,0,0,0,0,0,0,0,0,75000,0,0,0,81000,6000,75000,75000
07864P,可成元大9B售01  ,0,0,0,0,0,0,0,0,0,75000,0,0,0,250000,175000,75000,75000
06990P,康友元富99售03  ,0,0,0,0,0,0,0,0,0,75000,0,0,0,95000,20000,75000,75000
07024P,臺股指永豐99售02,0,0,0,0,0,0,0,0,0,75000,0,0,0,75000,0,75000,75000
059261,華邦電中信01購01,0,0,0,0,0,0,0,0,0,75000,0,0,0,105000,30000,75000,75000
03144P,台積電國票01售09,0,0,0,0,0,0,0,0,0,75000,0,0,0,90000,15000,75000,75000
061582,麗豐元大9A購01  ,0,0,0,0,0,0,0,0,0,75000,0,0,0,75000,0,75000,75000
059660,華新科元大9A購04,0,0,0,0,0,0,0,0,0,75000,0,0,0,79000,4000,75000,75000
064087,華新科凱基9C購03,0,0,0,0,0,0,0,0,0,75000,0,0,0,86000,11000,75000,75000
064490,金像電元大9C購02,0,0,0,0,0,0,0,0,0,75000,0,0,0,131000,56000,75000,75000
062146,大毅國票9B購01  ,0,0,0,0,0,0,0,0,0,75000,0,0,0,75000,0,75000,75000
061988,大立光元大9B購04,0,0,0,0,0,0,0,0,0,75000,0,0,0,100000,25000,75000,75000
062357,國巨元大9B購11  ,0,0,0,0,0,0,0,0,0,75000,0,0,0,80000,5000,75000,75000
062346,智邦群益9B購02  ,0,0,0,0,0,0,0,0,0,75000,0,0,0,110000,35000,75000,75000
063278,國巨元大9C購04  ,0,0,0,0,0,0,0,0,0,75000,0,0,0,75000,0,75000,75000
065363,國巨元大01購04  ,0,0,0,0,0,0,0,0,0,75000,0,0,0,125000,50000,75000,75000
08381P,台灣50群益9C售06,0,0,0,0,0,0,0,0,0,74000,0,0,0,620000,546000,74000,74000
058242,玉晶光元大9A購01,0,0,0,0,0,0,0,0,0,74000,0,0,0,202000,128000,74000,74000
061238,晶技元大9A購02  ,0,0,0,0,0,0,0,0,0,74000,0,0,0,81000,7000,74000,74000
065221,神隆永豐9C購01  ,0,0,0,0,0,0,0,0,0,74000,0,0,0,74000,0,74000,74000
065079,致茂元大9C購01  ,0,0,0,0,0,0,0,0,0,74000,0,0,0,208000,134000,74000,74000
067108,大毅群益01購01  ,0,0,0,0,0,0,0,0,0,74000,0,0,0,74000,0,74000,74000
066088,漢翔永豐01購01  ,0,0,0,0,0,0,0,0,0,74000,0,0,0,74000,0,74000,74000
066117,茂林兆豐02購01  ,0,0,0,0,0,0,0,0,0,74000,0,0,0,291000,217000,74000,74000
066182,康控凱基01購01  ,0,0,0,0,0,0,0,0,0,74000,0,0,0,86000,12000,74000,74000
2467,志聖            ,85000,19000,66000,0,0,0,0,0,0,8000,8000,0,8000,0,0,0,74000
3149,正達            ,84000,10000,74000,0,0,0,0,0,0,0,0,0,0,0,0,0,74000
08638P,泰碩國票9C售01  ,0,0,0,0,0,0,0,0,0,73000,0,0,0,101000,28000,73000,73000
07694P,超眾元大9A售05  ,0,0,0,0,0,0,0,0,0,73000,0,0,0,103000,30000,73000,73000
067736,國巨元大02購04  ,0,0,0,0,0,0,0,0,0,73000,0,0,0,333000,260000,73000,73000
062272,鴻海群益9B購05  ,0,0,0,0,0,0,0,0,0,73000,0,0,0,115000,42000,73000,73000
062818,大立光兆豐9C購01,0,0,0,0,0,0,0,0,0,73000,0,0,0,73000,0,73000,73000
058670,鴻海群益9A購03  ,0,0,0,0,0,0,0,0,0,73000,0,0,0,73000,0,73000,73000
057161,亞德客元大98購02,0,0,0,0,0,0,0,0,0,73000,0,0,0,113000,40000,73000,73000
03218P,聯電康和02售02  ,0,0,0,0,0,0,0,0,0,73000,0,0,0,75000,2000,73000,73000
059014,SGBR2X元富03購01,0,0,0,0,0,0,0,0,0,73000,0,0,0,159000,86000,73000,73000
053965,聯電元大98購04  ,0,0,0,0,0,0,0,0,0,73000,0,0,0,73000,0,73000,73000
062732,南六凱基9B購03  ,0,0,0,0,0,0,0,0,0,73000,0,0,0,73000,0,73000,73000
061041,南電永豐9A購03  ,0,0,0,0,0,0,0,0,0,73000,0,0,0,139000,66000,73000,73000
061706,旭富國票9A購02  ,0,0,0,0,0,0,0,0,0,73000,0,0,0,73000,0,73000,73000
066587,台船群益01購01  ,0,0,0,0,0,0,0,0,0,73000,0,0,0,166000,93000,73000,73000
2015,豐興            ,117000,44000,73000,0,0,0,0,0,0,0,0,0,0,0,0,0,73000
067372,聯發科統一03購03,0,0,0,0,0,0,0,0,0,72000,0,0,0,98000,26000,72000,72000
068476,聯鈞群益01購02  ,0,0,0,0,0,0,0,0,0,72000,0,0,0,243000,171000,72000,72000
08683P,大立光凱基02售03,0,0,0,0,0,0,0,0,0,72000,0,0,0,82000,10000,72000,72000
08537P,台光電國票01售03,0,0,0,0,0,0,0,0,0,72000,0,0,0,76000,4000,72000,72000
051431,群創元富99購02  ,0,0,0,0,0,0,0,0,0,72000,0,0,0,72000,0,72000,72000
057876,隆達元大98購01  ,0,0,0,0,0,0,0,0,0,72000,0,0,0,72000,0,72000,72000
059546,FBVIX群益99購03 ,0,0,0,0,0,0,0,0,0,72000,0,0,0,75000,3000,72000,72000
062433,上銀元大9B購05  ,0,0,0,0,0,0,0,0,0,72000,0,0,0,191000,119000,72000,72000
066422,嘉晶元大02購01  ,0,0,0,0,0,0,0,0,0,72000,0,0,0,245000,173000,72000,72000
065111,瀚宇博國票01購01,0,0,0,0,0,0,0,0,0,72000,0,0,0,82000,10000,72000,72000
065792,TPK永豐9C購02   ,0,0,0,0,0,0,0,0,0,72000,0,0,0,103000,31000,72000,72000
2455,全新            ,272000,238000,34000,0,0,0,0,0,0,38000,22000,14000,8000,31000,1000,30000,72000
9917,中保科          ,122000,55000,67000,0,0,0,0,0,0,5000,5000,0,5000,0,0,0,72000
08092P,仁寶元富9B售02  ,0,0,0,0,0,0,0,0,0,71000,0,0,0,198000,127000,71000,71000
067234,正崴群益01購01  ,0,0,0,0,0,0,0,0,0,71000,0,0,0,110000,39000,71000,71000
060404,台勝科國泰9B購01,0,0,0,0,0,0,0,0,0,71000,0,0,0,76000,5000,71000,71000
062233,神隆凱基9B購01  ,0,0,0,0,0,0,0,0,0,71000,0,0,0,86000,15000,71000,71000
054808,東元元大9A購01  ,0,0,0,0,0,0,0,0,0,71000,0,0,0,71000,0,71000,71000
03064P,台灣50群益01售14,0,0,0,0,0,0,0,0,0,71000,0,0,0,155000,84000,71000,71000
063704,麗豐群益9B購01  ,0,0,0,0,0,0,0,0,0,71000,0,0,0,78000,7000,71000,71000
065873,信邦群益02購01  ,0,0,0,0,0,0,0,0,0,71000,0,0,0,91000,20000,71000,71000
065691,國巨群益9C購16  ,0,0,0,0,0,0,0,0,0,71000,0,0,0,83000,12000,71000,71000
064745,聯鈞國票01購01  ,0,0,0,0,0,0,0,0,0,71000,0,0,0,128000,57000,71000,71000
08961P,大毅凱基01售03  ,0,0,0,0,0,0,0,0,0,71000,0,0,0,143000,72000,71000,71000
07653P,華新科群益9A售05,0,0,0,0,0,0,0,0,0,70000,0,0,0,70000,0,70000,70000
07760P,力山永豐9A售03  ,0,0,0,0,0,0,0,0,0,70000,0,0,0,80000,10000,70000,70000
03191P,國巨國泰03售02  ,0,0,0,0,0,0,0,0,0,70000,0,0,0,70000,0,70000,70000
054110,群創凱基98購09  ,0,0,0,0,0,0,0,0,0,70000,0,0,0,70000,0,70000,70000
055446,奇力新統一9A購01,0,0,0,0,0,0,0,0,0,70000,0,0,0,70000,0,70000,70000
053256,上銀富邦98購01  ,0,0,0,0,0,0,0,0,0,70000,0,0,0,70000,0,70000,70000
057925,貿聯凱基99購01  ,0,0,0,0,0,0,0,0,0,70000,0,0,0,70000,0,70000,70000
064089,新日興凱基02購01,0,0,0,0,0,0,0,0,0,70000,0,0,0,70000,0,70000,70000
064177,立積國泰01購01  ,0,0,0,0,0,0,0,0,0,70000,0,0,0,70000,0,70000,70000
063180,台塑凱基9B購01  ,0,0,0,0,0,0,0,0,0,70000,0,0,0,70000,0,70000,70000
063642,茂林元大9B購08  ,0,0,0,0,0,0,0,0,0,70000,0,0,0,70000,0,70000,70000
061477,晶豪科元大9A購01,0,0,0,0,0,0,0,0,0,70000,0,0,0,70000,0,70000,70000
063548,同欣電兆豐9B購01,0,0,0,0,0,0,0,0,0,70000,0,0,0,70000,0,70000,70000
064885,T50反1中信04購01,0,0,0,0,0,0,0,0,0,70000,0,0,0,80000,10000,70000,70000
065736,同欣電凱基9C購05,0,0,0,0,0,0,0,0,0,70000,0,0,0,70000,0,70000,70000
065536,健鼎統一02購04  ,0,0,0,0,0,0,0,0,0,70000,0,0,0,73000,3000,70000,70000
066954,聯詠元大01購04  ,0,0,0,0,0,0,0,0,0,70000,0,0,0,70000,0,70000,70000
08953P,大立光元富07售02,0,0,0,0,0,0,0,0,0,70000,0,0,0,80000,10000,70000,70000
3504,揚明光          ,104000,44000,60000,0,0,0,0,0,0,10000,0,0,0,11000,1000,10000,70000
067697,致茂國票02購01  ,0,0,0,0,0,0,0,0,0,69000,0,0,0,112000,43000,69000,69000
067626,聚陽永豐01購01  ,0,0,0,0,0,0,0,0,0,69000,0,0,0,69000,0,69000,69000
062264,南六元大9B購02  ,0,0,0,0,0,0,0,0,0,69000,0,0,0,123000,54000,69000,69000
058217,新唐群益99購01  ,0,0,0,0,0,0,0,0,0,69000,0,0,0,79000,10000,69000,69000
064061,GIS麥證01購01   ,0,0,0,104000,35000,69000,0,0,0,69000,0,0,0,104000,35000,69000,69000
064443,同欣電凱基03購01,0,0,0,0,0,0,0,0,0,69000,0,0,0,75000,6000,69000,69000
064283,奇鋐元大9C購02  ,0,0,0,0,0,0,0,0,0,69000,0,0,0,69000,0,69000,69000
066599,鴻海國泰03購02  ,0,0,0,0,0,0,0,0,0,69000,0,0,0,819000,750000,69000,69000
065985,金像電永豐01購02,0,0,0,0,0,0,0,0,0,69000,0,0,0,87000,18000,69000,69000
067605,新日興凱基02購02,0,0,0,0,0,0,0,0,0,68000,0,0,0,70000,2000,68000,68000
07922P,大立光群益9B售05,0,0,0,0,0,0,0,0,0,68000,0,0,0,68000,0,68000,68000
07678P,大立光群益9A售03,0,0,0,0,0,0,0,0,0,68000,0,0,0,68000,0,68000,68000
08250P,GIS群益9C售02   ,0,0,0,0,0,0,0,0,0,68000,0,0,0,119000,51000,68000,68000
062260,華新科元大9B購09,0,0,0,0,0,0,0,0,0,68000,0,0,0,71000,3000,68000,68000
060932,南六永豐9A購02  ,0,0,0,0,0,0,0,0,0,68000,0,0,0,68000,0,68000,68000
058051,同欣電元大98購03,0,0,0,0,0,0,0,0,0,68000,0,0,0,68000,0,68000,68000
060019,彰銀康和99購01  ,0,0,0,0,0,0,0,0,0,68000,0,0,0,68000,0,68000,68000
03187P,聯發科元大01售33,0,0,0,0,0,0,0,0,0,68000,0,0,0,74000,6000,68000,68000
064262,玉晶光永豐9C購03,0,0,0,0,0,0,0,0,0,68000,0,0,0,82000,14000,68000,68000
064334,可成元大01購01  ,0,0,0,0,0,0,0,0,0,68000,0,0,0,74000,6000,68000,68000
064246,南六統一9C購02  ,0,0,0,0,0,0,0,0,0,68000,0,0,0,230000,162000,68000,68000
064499,可成元大9C購07  ,0,0,0,0,0,0,0,0,0,68000,0,0,0,73000,5000,68000,68000
060823,旺宏元大9A購05  ,0,0,0,0,0,0,0,0,0,68000,0,0,0,68000,0,68000,68000
061764,旺宏元大9B購01  ,0,0,0,0,0,0,0,0,0,68000,0,0,0,68000,0,68000,68000
062443,大立光元大9B購05,0,0,0,0,0,0,0,0,0,68000,0,0,0,68000,0,68000,68000
062182,華新科元大9B購07,0,0,0,0,0,0,0,0,0,68000,0,0,0,72000,4000,68000,68000
062805,台勝科統一9C購01,0,0,0,0,0,0,0,0,0,68000,0,0,0,108000,40000,68000,68000
063591,麗豐永豐9B購02  ,0,0,0,0,0,0,0,0,0,68000,0,0,0,68000,0,68000,68000
066641,台郡凱基03購01  ,0,0,0,0,0,0,0,0,0,68000,0,0,0,76000,8000,68000,68000
066751,矽創元大01購03  ,0,0,0,0,0,0,0,0,0,68000,0,0,0,126000,58000,68000,68000
065555,旭富凱基01購02  ,0,0,0,0,0,0,0,0,0,68000,0,0,0,68000,0,68000,68000
065464,健鼎中信9C購01  ,0,0,0,0,0,0,0,0,0,68000,0,0,0,78000,10000,68000,68000
065287,華新科群益01購03,0,0,0,0,0,0,0,0,0,68000,0,0,0,69000,1000,68000,68000
064984,同欣電元大9C購06,0,0,0,0,0,0,0,0,0,68000,0,0,0,69000,1000,68000,68000
065089,大立光元大9C購23,0,0,0,0,0,0,0,0,0,68000,0,0,0,68000,0,68000,68000
065090,大立光元大9C購24,0,0,0,0,0,0,0,0,0,68000,0,0,0,68000,0,68000,68000
064668,大立光元大9C購21,0,0,0,0,0,0,0,0,0,68000,0,0,0,68000,0,68000,68000
061587,美律富邦9A購02  ,0,0,0,0,0,0,0,0,0,67000,0,0,0,150000,83000,67000,67000
063858,鴻海國泰02購01  ,0,0,0,0,0,0,0,0,0,67000,0,0,0,294000,227000,67000,67000
063401,中租群益9B購03  ,0,0,0,0,0,0,0,0,0,67000,0,0,0,85000,18000,67000,67000
063967,華新科國票01購01,0,0,0,0,0,0,0,0,0,67000,0,0,0,134000,67000,67000,67000
064375,智邦元富03購01  ,0,0,0,0,0,0,0,0,0,67000,0,0,0,182000,115000,67000,67000
2233,宇隆            ,76000,10000,66000,0,0,0,0,0,0,1000,1000,0,1000,0,0,0,67000
3024,憶聲            ,156000,90000,66000,0,0,0,244,0,244,0,0,0,0,0,0,0,66244
2109,華豐            ,73000,7000,66000,0,0,0,218,0,218,0,0,0,0,0,0,0,66218
07085P,超眾元富9C售01  ,0,0,0,0,0,0,0,0,0,66000,0,0,0,155000,89000,66000,66000
067691,台虹元大01購03  ,0,0,0,0,0,0,0,0,0,66000,0,0,0,66000,0,66000,66000
068526,聯發科元富04購03,0,0,0,0,0,0,0,0,0,66000,0,0,0,80000,14000,66000,66000
064396,創意永豐9C購01  ,0,0,0,0,0,0,0,0,0,66000,0,0,0,256000,190000,66000,66000
060655,國巨統一9B購06  ,0,0,0,0,0,0,0,0,0,66000,0,0,0,80000,14000,66000,66000
064030,泰碩元大01購01  ,0,0,0,0,0,0,0,0,0,66000,0,0,0,66000,0,66000,66000
061206,旺宏元大9A購12  ,0,0,0,0,0,0,0,0,0,66000,0,0,0,68000,2000,66000,66000
3712,永崴投控        ,612000,546000,66000,0,0,0,0,0,0,0,0,0,0,0,0,0,66000
068082,南六凱基03購01  ,0,0,0,0,0,0,0,0,0,65000,0,0,0,331000,266000,65000,65000
067710,同欣電元富04購01,0,0,0,0,0,0,0,0,0,65000,0,0,0,150000,85000,65000,65000
08927P,技嘉元富07售04  ,0,0,0,0,0,0,0,0,0,65000,0,0,0,70000,5000,65000,65000
058494,可成群益9B購01  ,0,0,0,0,0,0,0,0,0,65000,0,0,0,65000,0,65000,65000
058499,滬深2X元大9C購01,0,0,0,0,0,0,0,0,0,65000,0,0,0,82000,17000,65000,65000
059850,日電貿永豐99購01,0,0,0,0,0,0,0,0,0,65000,0,0,0,82000,17000,65000,65000
056790,彩晶群益98購03  ,0,0,0,0,0,0,0,0,0,65000,0,0,0,65000,0,65000,65000
03007P,玉晶光永豐01售01,0,0,0,0,0,0,0,0,0,65000,0,0,0,65000,0,65000,65000
063524,瑞昱凱基9B購05  ,0,0,0,0,0,0,0,0,0,65000,0,0,0,65000,0,65000,65000
064005,義隆凱基01購01  ,0,0,0,0,0,0,0,0,0,65000,0,0,0,106000,41000,65000,65000
065078,台積電元大02購01,0,0,0,0,0,0,0,0,0,65000,0,0,0,65000,0,65000,65000
065204,神隆國票01購01  ,0,0,0,0,0,0,0,0,0,65000,0,0,0,67000,2000,65000,65000
065584,華通富邦01購01  ,0,0,0,0,0,0,0,0,0,65000,0,0,0,119000,54000,65000,65000
08742P,友達凱基01售02  ,0,0,0,0,0,0,0,0,0,64000,0,0,0,128000,64000,64000,64000
08202P,台表科國泰01售04,0,0,0,0,0,0,0,0,0,64000,0,0,0,154000,90000,64000,64000
03084P,鴻海元大01售23  ,0,0,0,0,0,0,0,0,0,64000,0,0,0,64000,0,64000,64000
064039,亞德客統一02購01,0,0,0,0,0,0,0,0,0,64000,0,0,0,64000,0,64000,64000
063166,超眾永豐9B購01  ,0,0,0,0,0,0,0,0,0,64000,0,0,0,64000,0,64000,64000
061424,華新科元大9A購18,0,0,0,0,0,0,0,0,0,64000,0,0,0,67000,3000,64000,64000
063703,晶豪科群益9B購02,0,0,0,0,0,0,0,0,0,64000,0,0,0,64000,0,64000,64000
067090,南六元大01購04  ,0,0,0,0,0,0,0,0,0,64000,0,0,0,1113000,1049000,64000,64000
067188,日電貿凱基01購02,0,0,0,0,0,0,0,0,0,64000,0,0,0,64000,0,64000,64000
2023,燁輝            ,199000,135000,64000,0,0,0,0,0,0,0,0,0,0,0,0,0,64000
08213P,台光電統一9B售03,0,0,0,0,0,0,0,0,0,63000,0,0,0,114000,51000,63000,63000
08598P,立積元大9C售04  ,0,0,0,0,0,0,0,0,0,63000,0,0,0,266000,203000,63000,63000
08566P,禾伸堂群益9C售01,0,0,0,0,0,0,0,0,0,63000,0,0,0,63000,0,63000,63000
060307,南港永豐9A購01  ,0,0,0,0,0,0,0,0,0,63000,0,0,0,100000,37000,63000,63000
062279,晶豪科群益9B購01,0,0,0,0,0,0,0,0,0,63000,0,0,0,63000,0,63000,63000
062886,中興電群益9B購01,0,0,0,0,0,0,0,0,0,63000,0,0,0,173000,110000,63000,63000
066928,台達電國票01購02,0,0,0,0,0,0,0,0,0,63000,0,0,0,66000,3000,63000,63000
066061,超眾元大01購04  ,0,0,0,0,0,0,0,0,0,63000,0,0,0,150000,87000,63000,63000
065005,台光電國票01購02,0,0,0,0,0,0,0,0,0,63000,0,0,0,100000,37000,63000,63000
064930,南六統一02購02  ,0,0,0,0,0,0,0,0,0,63000,0,0,0,71000,8000,63000,63000
1218,泰山            ,158000,114000,44000,0,0,0,0,0,0,19000,10000,0,10000,11000,2000,9000,63000
08861P,台積電統一01售10,0,0,0,0,0,0,0,0,0,62000,0,0,0,336000,274000,62000,62000
067480,可成元大01購07  ,0,0,0,0,0,0,0,0,0,62000,0,0,0,130000,68000,62000,62000
060416,神隆永豐9A購01  ,0,0,0,0,0,0,0,0,0,62000,0,0,0,66000,4000,62000,62000
060243,潤泰全元大9C購02,0,0,0,0,0,0,0,0,0,62000,0,0,0,62000,0,62000,62000
063410,南六國票9C購01  ,0,0,0,0,0,0,0,0,0,62000,0,0,0,75000,13000,62000,62000
063174,臺股指中信01購04,0,0,0,0,0,0,0,0,0,62000,0,0,0,62000,0,62000,62000
063215,台表科國票9C購02,0,0,0,0,0,0,0,0,0,62000,0,0,0,82000,20000,62000,62000
062803,嘉晶統一9B購02  ,0,0,0,0,0,0,0,0,0,62000,0,0,0,122000,60000,62000,62000
060819,國巨統一9C購04  ,0,0,0,0,0,0,0,0,0,62000,0,0,0,62000,0,62000,62000
064299,宏碁兆豐9C購01  ,0,0,0,0,0,0,0,0,0,62000,0,0,0,195000,133000,62000,62000
065750,智邦元大9C購09  ,0,0,0,0,0,0,0,0,0,62000,0,0,0,354000,292000,62000,62000
065680,聯發科統一9C購16,0,0,0,0,0,0,0,0,0,62000,0,0,0,72000,10000,62000,62000
1339,昭輝            ,165000,103000,62000,0,0,0,0,0,0,0,0,0,0,0,0,0,62000
08347P,大立光元大9C售16,0,0,0,0,0,0,0,0,0,61000,0,0,0,61000,0,61000,61000
07145P,為升元大99售03  ,0,0,0,0,0,0,0,0,0,61000,0,0,0,62000,1000,61000,61000
07830P,牧德凱基9A售03  ,0,0,0,0,0,0,0,0,0,61000,0,0,0,61000,0,61000,61000
0051,元大中型100     ,2000,4000,-2000,0,0,0,0,0,0,63000,0,0,0,66000,3000,63000,61000
03055P,台積電康和01售02,0,0,0,0,0,0,0,0,0,61000,0,0,0,61000,0,61000,61000
062491,矽創永豐9B購01  ,0,0,0,0,0,0,0,0,0,61000,0,0,0,61000,0,61000,61000
065660,晶豪科永豐9C購01,0,0,0,0,0,0,0,0,0,61000,0,0,0,61000,0,61000,61000
065152,燿華群益9C購02  ,0,0,0,0,0,0,0,0,0,61000,0,0,0,140000,79000,61000,61000
064641,神隆凱基9C購01  ,0,0,0,0,0,0,0,0,0,61000,0,0,0,61000,0,61000,61000
064719,聯發科統一02購01,0,0,0,0,0,0,0,0,0,61000,0,0,0,74000,13000,61000,61000
4155,訊映            ,78000,17000,61000,0,0,0,0,0,0,0,0,0,0,0,0,0,61000
4725,信昌化          ,61000,0,61000,0,0,0,0,0,0,0,0,0,0,0,0,0,61000
07844P,可成國票9A售01  ,0,0,0,0,0,0,0,0,0,60000,0,0,0,70000,10000,60000,60000
07804P,美律永豐9A售02  ,0,0,0,0,0,0,0,0,0,60000,0,0,0,60000,0,60000,60000
07894P,燿華元大9B售01  ,0,0,0,0,0,0,0,0,0,60000,0,0,0,130000,70000,60000,60000
08084P,台表科元大9B售06,0,0,0,0,0,0,0,0,0,60000,0,0,0,60000,0,60000,60000
07652P,臺股指中信9A售07,0,0,0,0,0,0,0,0,0,60000,0,0,0,60000,0,60000,60000
08292P,華新科台新9C售01,0,0,0,0,0,0,0,0,0,60000,0,0,0,60000,0,60000,60000
08449P,華新科群益9C售03,0,0,0,0,0,0,0,0,0,60000,0,0,0,60000,0,60000,60000
067294,中磊兆豐03購01  ,0,0,0,0,0,0,0,0,0,60000,0,0,0,70000,10000,60000,60000
067342,新日興凱基01購02,0,0,0,0,0,0,0,0,0,60000,0,0,0,70000,10000,60000,60000
067739,微星元大01購07  ,0,0,0,0,0,0,0,0,0,60000,0,0,0,234000,174000,60000,60000
067901,旭富群益01購04  ,0,0,0,0,0,0,0,0,0,60000,0,0,0,85000,25000,60000,60000
068254,訊連元大01購02  ,0,0,0,0,0,0,0,0,0,60000,0,0,0,100000,40000,60000,60000
047211,華新科富邦99購01,0,0,0,0,0,0,0,0,0,60000,0,0,0,60000,0,60000,60000
060008,華邦電群益9A購01,0,0,0,0,0,0,0,0,0,60000,0,0,0,60000,0,60000,60000
058941,華新科中信99購03,0,0,0,0,0,0,0,0,0,60000,0,0,0,60000,0,60000,60000
055437,禾伸堂中信99購01,0,0,0,0,0,0,0,0,0,60000,0,0,0,60000,0,60000,60000
055249,大毅統一99購01  ,0,0,0,0,0,0,0,0,0,60000,0,0,0,60000,0,60000,60000
054931,緯穎凱基98購01  ,0,0,0,0,0,0,0,0,0,60000,0,0,0,60000,0,60000,60000
054428,禾伸堂富邦98購01,0,0,0,0,0,0,0,0,0,60000,0,0,0,60000,0,60000,60000
057032,A50反1元大9B購01,0,0,0,0,0,0,0,0,0,60000,0,0,0,60000,0,60000,60000
057374,禾伸堂元大99購03,0,0,0,0,0,0,0,0,0,60000,0,0,0,60000,0,60000,60000
056290,正文永豐98購01  ,0,0,0,0,0,0,0,0,0,60000,0,0,0,60000,0,60000,60000
059571,奇力新凱基99購06,0,0,0,0,0,0,0,0,0,60000,0,0,0,60000,0,60000,60000
059401,牧德元富99購01  ,0,0,0,0,0,0,0,0,0,60000,0,0,0,60000,0,60000,60000
060911,大毅元大9A購01  ,0,0,0,0,0,0,0,0,0,60000,0,0,0,63000,3000,60000,60000
058634,可成兆豐99購03  ,0,0,0,0,0,0,0,0,0,60000,0,0,0,60000,0,60000,60000
058673,華新科群益9A購02,0,0,0,0,0,0,0,0,0,60000,0,0,0,79000,19000,60000,60000
058398,中環元大99購02  ,0,0,0,0,0,0,0,0,0,60000,0,0,0,60000,0,60000,60000
062489,可成永豐9B購02  ,0,0,0,0,0,0,0,0,0,60000,0,0,0,60000,0,60000,60000
064310,華新科群益9C購02,0,0,0,0,0,0,0,0,0,60000,0,0,0,60000,0,60000,60000
064285,貿聯元大9C購02  ,0,0,0,0,0,0,0,0,0,60000,0,0,0,60000,0,60000,60000
064424,華新科兆豐01購01,0,0,0,0,0,0,0,0,0,60000,0,0,0,60000,0,60000,60000
064419,鴻海兆豐9C購01  ,0,0,0,0,0,0,0,0,0,60000,0,0,0,65000,5000,60000,60000
062002,鴻海國泰01購01  ,0,0,0,0,0,0,0,0,0,60000,0,0,0,90000,30000,60000,60000
062722,京元電凱基9B購02,0,0,0,0,0,0,0,0,0,60000,0,0,0,438000,378000,60000,60000
062687,華擎統一01購02  ,0,0,0,0,0,0,0,0,0,60000,0,0,0,168000,108000,60000,60000
063002,上証2X元大9B購03,0,0,0,0,0,0,0,0,0,60000,0,0,0,60000,0,60000,60000
06564P,國巨富邦9A售04  ,0,0,0,0,0,0,0,0,0,60000,0,0,0,60000,0,60000,60000
065593,達新元大9C購02  ,0,0,0,0,0,0,0,0,0,60000,0,0,0,110000,50000,60000,60000
066248,長興元大01購01  ,0,0,0,0,0,0,0,0,0,60000,0,0,0,60000,0,60000,60000
066532,力成元富07購01  ,0,0,0,0,0,0,0,0,0,60000,0,0,0,141000,81000,60000,60000
066748,同欣電元大01購03,0,0,0,0,0,0,0,0,0,60000,0,0,0,66000,6000,60000,60000
3535,晶彩科          ,124000,63000,61000,0,0,0,0,0,0,-1000,0,1000,-1000,0,0,0,60000
1464,得力            ,124000,64000,60000,0,0,0,0,0,0,0,0,0,0,0,0,0,60000
068142,鴻海元大02購02  ,0,0,0,0,0,0,0,0,0,59000,0,0,0,405000,346000,59000,59000
08563P,金像電元富9C售03,0,0,0,0,0,0,0,0,0,59000,0,0,0,121000,62000,59000,59000
058650,台虹永豐9A購01  ,0,0,0,0,0,0,0,0,0,59000,0,0,0,59000,0,59000,59000
03059P,台積電凱基01售19,0,0,0,0,0,0,0,0,0,59000,0,0,0,59000,0,59000,59000
06326P,鴻海中信01售01  ,0,0,0,0,0,0,0,0,0,59000,0,0,0,70000,11000,59000,59000
061893,鴻海永豐9B購01  ,0,0,0,0,0,0,0,0,0,59000,0,0,0,59000,0,59000,59000
061776,晶技國票9B購01  ,0,0,0,0,0,0,0,0,0,59000,0,0,0,81000,22000,59000,59000
060790,日月光富邦9A購01,0,0,0,0,0,0,0,0,0,59000,0,0,0,75000,16000,59000,59000
066149,潤泰新群益01購01,0,0,0,0,0,0,0,0,0,59000,0,0,0,152000,93000,59000,59000
064583,光寶科永豐9C購01,0,0,0,0,0,0,0,0,0,59000,0,0,0,59000,0,59000,59000
6558,興能高          ,104000,45000,59000,0,0,0,0,0,0,0,0,0,0,0,0,0,59000
08514P,華新科凱基9C售05,0,0,0,0,0,0,0,0,0,58000,0,0,0,58000,0,58000,58000
068089,T50反1群益01購08,0,0,0,0,0,0,0,0,0,58000,0,0,0,155000,97000,58000,58000
067898,玉晶光群益02購12,0,0,0,0,0,0,0,0,0,58000,0,0,0,85000,27000,58000,58000
067389,聯發科元富07購04,0,0,0,0,0,0,0,0,0,58000,0,0,0,123000,65000,58000,58000
063917,南六凱基02購01  ,0,0,0,0,0,0,0,0,0,58000,0,0,0,101000,43000,58000,58000
059948,正文永豐99購01  ,0,0,0,0,0,0,0,0,0,58000,0,0,0,124000,66000,58000,58000
061388,台積電群益9A購05,0,0,0,0,0,0,0,0,0,58000,0,0,0,201000,143000,58000,58000
062812,國巨兆豐9B購03  ,0,0,0,0,0,0,0,0,0,58000,0,0,0,58000,0,58000,58000
066030,超眾群益01購01  ,0,0,0,0,0,0,0,0,0,58000,0,0,0,58000,0,58000,58000
066754,南電國泰02購01  ,0,0,0,0,0,0,0,0,0,58000,0,0,0,129000,71000,58000,58000
067235,正崴群益02購02  ,0,0,0,0,0,0,0,0,0,57000,0,0,0,100000,43000,57000,57000
067795,臺股指群益01購07,0,0,0,0,0,0,0,0,0,57000,0,0,0,63000,6000,57000,57000
08880P,全新凱基01售02  ,0,0,0,0,0,0,0,0,0,57000,0,0,0,197000,140000,57000,57000
059816,聯電凱基99購03  ,0,0,0,0,0,0,0,0,0,57000,0,0,0,57000,0,57000,57000
059297,大立光元富9C購01,0,0,0,0,0,0,0,0,0,57000,0,0,0,154000,97000,57000,57000
00733,富邦臺灣中小    ,2000,0,2000,0,0,0,0,0,0,55000,0,0,0,257000,202000,55000,57000
056737,國巨凱基9A購01  ,0,0,0,0,0,0,0,0,0,57000,0,0,0,67000,10000,57000,57000
062787,超眾元大9C購02  ,0,0,0,0,0,0,0,0,0,57000,0,0,0,78000,21000,57000,57000
063937,上銀元大9C購02  ,0,0,0,0,0,0,0,0,0,57000,0,0,0,118000,61000,57000,57000
063525,廣達凱基9B購02  ,0,0,0,0,0,0,0,0,0,57000,0,0,0,57000,0,57000,57000
063480,南六元大9C購01  ,0,0,0,0,0,0,0,0,0,57000,0,0,0,74000,17000,57000,57000
061689,國巨群益9A購12  ,0,0,0,0,0,0,0,0,0,57000,0,0,0,74000,17000,57000,57000
066829,奇力新群益01購01,0,0,0,0,0,0,0,0,0,57000,0,0,0,173000,116000,57000,57000
08738P,TPK凱基01售02   ,0,0,0,0,0,0,0,0,0,56000,0,0,0,239000,183000,56000,56000
068243,聯電元大02購02  ,0,0,0,0,0,0,0,0,0,56000,0,0,0,60000,4000,56000,56000
056746,超眾凱基99購01  ,0,0,0,0,0,0,0,0,0,56000,0,0,0,64000,8000,56000,56000
059246,奇力新凱基9A購02,0,0,0,0,0,0,0,0,0,56000,0,0,0,66000,10000,56000,56000
058373,晶技凱基99購02  ,0,0,0,0,0,0,0,0,0,56000,0,0,0,57000,1000,56000,56000
062066,元黃金元大9B購01,0,0,0,0,0,0,0,0,0,56000,0,0,0,70000,14000,56000,56000
063583,GIS國泰01購01   ,0,0,0,0,0,0,0,0,0,56000,0,0,0,61000,5000,56000,56000
066723,聯電元大02購01  ,0,0,0,0,0,0,0,0,0,56000,0,0,0,60000,4000,56000,56000
066058,TPK元大01購02   ,0,0,0,0,0,0,0,0,0,56000,0,0,0,109000,53000,56000,56000
1532,勤美            ,86000,30000,56000,0,0,0,0,0,0,0,0,0,0,0,0,0,56000
068219,聯發科統一03購06,0,0,0,0,0,0,0,0,0,55000,0,0,0,65000,10000,55000,55000
068406,同欣電元富07購01,0,0,0,0,0,0,0,0,0,55000,0,0,0,65000,10000,55000,55000
07715P,台灣50群益9A售14,0,0,0,0,0,0,0,0,0,55000,0,0,0,55000,0,55000,55000
07459P,緯穎元大9A售01  ,0,0,0,0,0,0,0,0,0,55000,0,0,0,55000,0,55000,55000
060886,國巨統一01購03  ,0,0,0,0,0,0,0,0,0,55000,0,0,0,75000,20000,55000,55000
046191,新光金凱基98購01,0,0,0,0,0,0,0,0,0,55000,0,0,0,55000,0,55000,55000
064024,漢唐元大9C購01  ,0,0,0,0,0,0,0,0,0,55000,0,0,0,76000,21000,55000,55000
063784,華通中信06購01  ,0,0,0,0,0,0,0,0,0,55000,0,0,0,57000,2000,55000,55000
062982,同欣電元富9B購01,0,0,0,0,0,0,0,0,0,55000,0,0,0,105000,50000,55000,55000
063203,華新科統一9C購04,0,0,0,0,0,0,0,0,0,55000,0,0,0,618000,563000,55000,55000
064189,TPK永豐9C購01   ,0,0,0,0,0,0,0,0,0,55000,0,0,0,104000,49000,55000,55000
064431,台積電凱基01購05,0,0,0,0,0,0,0,0,0,55000,0,0,0,55000,0,55000,55000
064474,華新科麥證01購01,0,0,0,58000,0,58000,0,0,0,55000,0,0,0,58000,3000,55000,55000
064307,聚陽群益9C購03  ,0,0,0,0,0,0,0,0,0,55000,0,0,0,60000,5000,55000,55000
066349,聚碩永豐01購01  ,0,0,0,0,0,0,0,0,0,55000,0,0,0,55000,0,55000,55000
066731,瑞昱元大01購01  ,0,0,0,0,0,0,0,0,0,55000,0,0,0,173000,118000,55000,55000
064794,牧德國票01購01  ,0,0,0,0,0,0,0,0,0,55000,0,0,0,55000,0,55000,55000
064920,景碩統一01購02  ,0,0,0,0,0,0,0,0,0,55000,0,0,0,55000,0,55000,55000
065259,燿華元大9C購05  ,0,0,0,0,0,0,0,0,0,55000,0,0,0,175000,120000,55000,55000
2062,橋椿            ,196000,141000,55000,0,0,0,0,0,0,0,0,0,0,0,0,0,55000
8261,富鼎            ,162000,107000,55000,0,0,0,0,0,0,0,0,0,0,0,0,0,55000
6477,安集            ,588000,533000,55000,0,0,0,0,0,0,0,0,0,0,0,0,0,55000
07091P,SGBR2X凱基9A售02,0,0,0,0,0,0,0,0,0,54000,0,0,0,54000,0,54000,54000
07982P,全新群益9B售04  ,0,0,0,0,0,0,0,0,0,54000,0,0,0,74000,20000,54000,54000
08761P,聯詠元大01售02  ,0,0,0,0,0,0,0,0,0,54000,0,0,0,54000,0,54000,54000
08766P,臺股指中信03售03,0,0,0,0,0,0,0,0,0,54000,0,0,0,54000,0,54000,54000
068501,泰鼎元大01購04  ,0,0,0,0,0,0,0,0,0,54000,0,0,0,105000,51000,54000,54000
047548,友達凱基99購03  ,0,0,0,0,0,0,0,0,0,54000,0,0,0,54000,0,54000,54000
058841,深中小群益01購01,0,0,0,0,0,0,0,0,0,54000,0,0,0,71000,17000,54000,54000
063852,瀚宇博元大9C購01,0,0,0,0,0,0,0,0,0,54000,0,0,0,54000,0,54000,54000
059086,國巨元大99購18  ,0,0,0,0,0,0,0,0,0,54000,0,0,0,54000,0,54000,54000
061663,南六永豐9A購05  ,0,0,0,0,0,0,0,0,0,54000,0,0,0,92000,38000,54000,54000
063331,瑞儀國票9C購01  ,0,0,0,0,0,0,0,0,0,54000,0,0,0,103000,49000,54000,54000
063250,同欣電元大9B購03,0,0,0,0,0,0,0,0,0,54000,0,0,0,74000,20000,54000,54000
063058,A50正2元富02購01,0,0,0,0,0,0,0,0,0,54000,0,0,0,60000,6000,54000,54000
064868,嘉晶永豐9C購02  ,0,0,0,0,0,0,0,0,0,54000,0,0,0,54000,0,54000,54000
06597P,國巨富邦9A售05  ,0,0,0,0,0,0,0,0,0,54000,0,0,0,54000,0,54000,54000
066135,潤泰全群益02購01,0,0,0,0,0,0,0,0,0,54000,0,0,0,54000,0,54000,54000
1709,和益            ,78000,30000,48000,0,0,0,0,0,0,6000,6000,0,6000,0,0,0,54000
067900,玉晶光群益02購14,0,0,0,0,0,0,0,0,0,53000,0,0,0,87000,34000,53000,53000
068086,世紀鋼凱基03購02,0,0,0,0,0,0,0,0,0,53000,0,0,0,161000,108000,53000,53000
068149,旺宏元大01購05  ,0,0,0,0,0,0,0,0,0,53000,0,0,0,53000,0,53000,53000
067485,緯創元大01購01  ,0,0,0,0,0,0,0,0,0,53000,0,0,0,421000,368000,53000,53000
062253,燿華元大9B購02  ,0,0,0,0,0,0,0,0,0,53000,0,0,0,125000,72000,53000,53000
03669C,滬深2X元富09牛01,0,0,0,0,0,0,0,0,0,53000,0,0,0,104000,51000,53000,53000
063285,華擎元大9B購03  ,0,0,0,0,0,0,0,0,0,53000,0,0,0,130000,77000,53000,53000
061376,瑞昱永豐9A購02  ,0,0,0,0,0,0,0,0,0,53000,0,0,0,111000,58000,53000,53000
061339,京元電元大9A購05,0,0,0,0,0,0,0,0,0,53000,0,0,0,53000,0,53000,53000
063675,亞德客國泰01購01,0,0,0,0,0,0,0,0,0,53000,0,0,0,626000,573000,53000,53000
061544,大毅群益9B購02  ,0,0,0,0,0,0,0,0,0,53000,0,0,0,53000,0,53000,53000
061547,禾伸堂群益9A購01,0,0,0,0,0,0,0,0,0,53000,0,0,0,53000,0,53000,53000
060656,國巨統一9C購03  ,0,0,0,0,0,0,0,0,0,53000,0,0,0,67000,14000,53000,53000
066552,大立光元大01購08,0,0,0,0,0,0,0,0,0,53000,0,0,0,53000,0,53000,53000
064892,台達電群益9C購02,0,0,0,0,0,0,0,0,0,53000,0,0,0,133000,80000,53000,53000
065608,緯創元大9C購04  ,0,0,0,0,0,0,0,0,0,53000,0,0,0,136000,83000,53000,53000
1773,勝一            ,88000,52000,36000,0,0,0,0,0,0,17000,17000,0,17000,0,0,0,53000
2453,凌群            ,65000,12000,53000,0,0,0,0,0,0,0,0,0,0,0,0,0,53000
6552,易華電          ,127000,70000,57000,0,0,0,0,0,0,-4153,0,153,-153,0,4000,-4000,52847
2845,遠東銀          ,513000,462205,50795,0,0,0,2000,0,2000,0,0,0,0,0,0,0,52795
067371,聯發科統一02購08,0,0,0,0,0,0,0,0,0,52000,0,0,0,160000,108000,52000,52000
068195,瑞昱凱基02購02  ,0,0,0,0,0,0,0,0,0,52000,0,0,0,389000,337000,52000,52000
08634P,大立光元大9C售26,0,0,0,0,0,0,0,0,0,52000,0,0,0,59000,7000,52000,52000
059223,大立光元大99購14,0,0,0,0,0,0,0,0,0,52000,0,0,0,119000,67000,52000,52000
061584,勤誠元大9A購01  ,0,0,0,0,0,0,0,0,0,52000,0,0,0,212000,160000,52000,52000
060264,華新科國票9A購02,0,0,0,0,0,0,0,0,0,52000,0,0,0,60000,8000,52000,52000
059976,道瓊銀元大99購01,0,0,0,0,0,0,0,0,0,52000,0,0,0,52000,0,52000,52000
064293,勤誠元大9C購01  ,0,0,0,0,0,0,0,0,0,52000,0,0,0,150000,98000,52000,52000
061647,南六元大9A購03  ,0,0,0,0,0,0,0,0,0,52000,0,0,0,52000,0,52000,52000
061427,旭富元大9A購02  ,0,0,0,0,0,0,0,0,0,52000,0,0,0,99000,47000,52000,52000
061408,華新科國票9A購06,0,0,0,0,0,0,0,0,0,52000,0,0,0,55000,3000,52000,52000
063172,廣達中信9C購01  ,0,0,0,0,0,0,0,0,0,52000,0,0,0,233000,181000,52000,52000
065693,國巨群益9C購18  ,0,0,0,0,0,0,0,0,0,52000,0,0,0,59000,7000,52000,52000
065402,漢唐國泰02購01  ,0,0,0,0,0,0,0,0,0,52000,0,0,0,98000,46000,52000,52000
065601,聯發科元大01購05,0,0,0,0,0,0,0,0,0,52000,0,0,0,52000,0,52000,52000
065139,華通凱基03購01  ,0,0,0,0,0,0,0,0,0,52000,0,0,0,115000,63000,52000,52000
064852,智邦台新9C購04  ,0,0,0,0,0,0,0,0,0,52000,0,0,0,140000,88000,52000,52000
066405,晶碩凱基01購01  ,0,0,0,0,0,0,0,0,0,52000,0,0,0,52000,0,52000,52000
066434,台虹元大01購01  ,0,0,0,0,0,0,0,0,0,52000,0,0,0,100000,48000,52000,52000
066335,潤泰全永豐01購01,0,0,0,0,0,0,0,0,0,52000,0,0,0,52000,0,52000,52000
066150,國巨麥證01購02  ,0,0,0,52000,0,52000,0,0,0,52000,0,0,0,52000,0,52000,52000
066732,可成元大01購06  ,0,0,0,0,0,0,0,0,0,52000,0,0,0,58000,6000,52000,52000
066825,智邦群益01購03  ,0,0,0,0,0,0,0,0,0,52000,0,0,0,81000,29000,52000,52000
067920,玉晶光永豐01購04,0,0,0,0,0,0,0,0,0,51000,0,0,0,53000,2000,51000,51000
059889,華新科國票99購04,0,0,0,0,0,0,0,0,0,51000,0,0,0,56000,5000,51000,51000
059832,超眾康和99購01  ,0,0,0,0,0,0,0,0,0,51000,0,0,0,53000,2000,51000,51000
063807,超眾兆豐01購01  ,0,0,0,0,0,0,0,0,0,51000,0,0,0,65000,14000,51000,51000
058023,南電凱基98購02  ,0,0,0,0,0,0,0,0,0,51000,0,0,0,51000,0,51000,51000
064045,南亞科統一9C購04,0,0,0,0,0,0,0,0,0,51000,0,0,0,51000,0,51000,51000
061745,南電凱基9B購02  ,0,0,0,0,0,0,0,0,0,51000,0,0,0,118000,67000,51000,51000
067141,台表科永豐01購01,0,0,0,0,0,0,0,0,0,51000,0,0,0,132000,81000,51000,51000
066074,文曄凱基01購01  ,0,0,0,0,0,0,0,0,0,51000,0,0,0,242000,191000,51000,51000
066397,智原凱基01購01  ,0,0,0,0,0,0,0,0,0,51000,0,0,0,81000,30000,51000,51000
064615,智邦元大01購01  ,0,0,0,0,0,0,0,0,0,51000,0,0,0,51000,0,51000,51000
064656,聚陽元大9C購03  ,0,0,0,0,0,0,0,0,0,51000,0,0,0,131000,80000,51000,51000
065213,南六國票01購03  ,0,0,0,0,0,0,0,0,0,51000,0,0,0,51000,0,51000,51000
3679,新至陞          ,151000,109000,42000,0,0,0,0,0,0,9000,9000,0,9000,0,0,0,51000
08643P,和碩群益9C售02  ,0,0,0,0,0,0,0,0,0,50000,0,0,0,50000,0,50000,50000
08716P,台積電兆豐01售02,0,0,0,0,0,0,0,0,0,50000,0,0,0,50000,0,50000,50000
08361P,玉晶光永豐9C售04,0,0,0,0,0,0,0,0,0,50000,0,0,0,50000,0,50000,50000
08170P,緯穎群益9B售03  ,0,0,0,0,0,0,0,0,0,50000,0,0,0,204000,154000,50000,50000
08067P,大立光凱基9B售08,0,0,0,0,0,0,0,0,0,50000,0,0,0,50000,0,50000,50000
08015P,可成凱基9B售05  ,0,0,0,0,0,0,0,0,0,50000,0,0,0,100000,50000,50000,50000
07841P,臻鼎元大9A售04  ,0,0,0,0,0,0,0,0,0,50000,0,0,0,50000,0,50000,50000
07103P,南電元大99售04  ,0,0,0,0,0,0,0,0,0,50000,0,0,0,50000,0,50000,50000
07289P,台灣50凱基99售07,0,0,0,0,0,0,0,0,0,50000,0,0,0,50000,0,50000,50000
07317P,T50正2凱基9B售02,0,0,0,0,0,0,0,0,0,50000,0,0,0,50000,0,50000,50000
07720P,臺股指群益9A售09,0,0,0,0,0,0,0,0,0,50000,0,0,0,80000,30000,50000,50000
07532P,台灣50中信01售02,0,0,0,0,0,0,0,0,0,50000,0,0,0,50000,0,50000,50000
07590P,玉晶光國票9A售03,0,0,0,0,0,0,0,0,0,50000,0,0,0,450000,400000,50000,50000
07060P,台表科國票9A售01,0,0,0,0,0,0,0,0,0,50000,0,0,0,50000,0,50000,50000
058046,國巨元大9A購01  ,0,0,0,0,0,0,0,0,0,50000,0,0,0,50000,0,50000,50000
055080,正崴中信99購01  ,0,0,0,0,0,0,0,0,0,50000,0,0,0,50000,0,50000,50000
058987,華新科凱基9B購01,0,0,0,0,0,0,0,0,0,50000,0,0,0,50000,0,50000,50000
057453,矽創元富98購01  ,0,0,0,0,0,0,0,0,0,50000,0,0,0,50000,0,50000,50000
057011,日月光中信99購01,0,0,0,0,0,0,0,0,0,50000,0,0,0,50000,0,50000,50000
054103,T50反1凱基99購04,0,0,0,0,0,0,0,0,0,50000,0,0,0,50000,0,50000,50000
03686P,大立光統一98售02,0,0,0,0,0,0,0,0,0,50000,0,0,0,50000,0,50000,50000
03033P,微星國票03售01  ,0,0,0,0,0,0,0,0,0,50000,0,0,0,60000,10000,50000,50000
057297,新日興永豐98購01,0,0,0,0,0,0,0,0,0,50000,0,0,0,50000,0,50000,50000
03158P,大立光元大01售20,0,0,0,0,0,0,0,0,0,50000,0,0,0,60000,10000,50000,50000
062252,華邦電元大9C購01,0,0,0,0,0,0,0,0,0,50000,0,0,0,50000,0,50000,50000
063821,南亞科麥證9C購01,0,0,0,50000,0,50000,0,0,0,50000,0,0,0,50000,0,50000,50000
063842,國巨元大9C購10  ,0,0,0,0,0,0,0,0,0,50000,0,0,0,101000,51000,50000,50000
063887,香港2X中信02購01,0,0,0,0,0,0,0,0,0,50000,0,0,0,50000,0,50000,50000
058884,世紀鋼永豐99購02,0,0,0,0,0,0,0,0,0,50000,0,0,0,52000,2000,50000,50000
058309,大毅元大99購02  ,0,0,0,0,0,0,0,0,0,50000,0,0,0,50000,0,50000,50000
059623,聯電凱基99購02  ,0,0,0,0,0,0,0,0,0,50000,0,0,0,50000,0,50000,50000
059732,超眾元大9A購01  ,0,0,0,0,0,0,0,0,0,50000,0,0,0,57000,7000,50000,50000
060411,達新永豐9A購01  ,0,0,0,0,0,0,0,0,0,50000,0,0,0,100000,50000,50000,50000
061762,台塑元大9B購01  ,0,0,0,0,0,0,0,0,0,50000,0,0,0,50000,0,50000,50000
061835,華新科凱基02購03,0,0,0,0,0,0,0,0,0,50000,0,0,0,61000,11000,50000,50000
062061,台勝科統一01購01,0,0,0,0,0,0,0,0,0,50000,0,0,0,50000,0,50000,50000
062436,國巨元大9B購14  ,0,0,0,0,0,0,0,0,0,50000,0,0,0,51000,1000,50000,50000
060515,臺股指元大9B購12,0,0,0,0,0,0,0,0,0,50000,0,0,0,60000,10000,50000,50000
064498,可成元大01購03  ,0,0,0,0,0,0,0,0,0,50000,0,0,0,361000,311000,50000,50000
064414,臺股指凱基9C購10,0,0,0,0,0,0,0,0,0,50000,0,0,0,171000,121000,50000,50000
064347,貿聯元大9C購03  ,0,0,0,0,0,0,0,0,0,50000,0,0,0,50000,0,50000,50000
060560,欣興國泰9C購01  ,0,0,0,0,0,0,0,0,0,50000,0,0,0,50000,0,50000,50000
063728,國巨元大9B購21  ,0,0,0,0,0,0,0,0,0,50000,0,0,0,101000,51000,50000,50000
063766,南茂元富9B購01  ,0,0,0,0,0,0,0,0,0,50000,0,0,0,50000,0,50000,50000
062983,緯穎元富9B購01  ,0,0,0,0,0,0,0,0,0,50000,0,0,0,50000,0,50000,50000
063009,國巨元大9B購18  ,0,0,0,0,0,0,0,0,0,50000,0,0,0,50000,0,50000,50000
063234,國巨元大9C購03  ,0,0,0,0,0,0,0,0,0,50000,0,0,0,50000,0,50000,50000
062367,禾伸堂元大9B購02,0,0,0,0,0,0,0,0,0,50000,0,0,0,50000,0,50000,50000
062778,國巨元大9B購17  ,0,0,0,0,0,0,0,0,0,50000,0,0,0,101000,51000,50000,50000
061104,華新科元大9A購13,0,0,0,0,0,0,0,0,0,50000,0,0,0,50000,0,50000,50000
063279,國巨元大9C購05  ,0,0,0,0,0,0,0,0,0,50000,0,0,0,50000,0,50000,50000
062897,上銀元大9B購06  ,0,0,0,0,0,0,0,0,0,50000,0,0,0,50000,0,50000,50000
065036,世芯統一02購02  ,0,0,0,0,0,0,0,0,0,50000,0,0,0,109000,59000,50000,50000
06455P,上銀統一99售03  ,0,0,0,0,0,0,0,0,0,50000,0,0,0,50000,0,50000,50000
065369,瑞昱元大9C購01  ,0,0,0,0,0,0,0,0,0,50000,0,0,0,50000,0,50000,50000
065257,友訊元大01購01  ,0,0,0,0,0,0,0,0,0,50000,0,0,0,100000,50000,50000,50000
065646,健鼎元大9C購04  ,0,0,0,0,0,0,0,0,0,50000,0,0,0,106000,56000,50000,50000
065886,中磊元富9C購01  ,0,0,0,0,0,0,0,0,0,50000,0,0,0,58000,8000,50000,50000
065966,國巨元大01購06  ,0,0,0,0,0,0,0,0,0,50000,0,0,0,50000,0,50000,50000
066172,日電貿凱基01購01,0,0,0,0,0,0,0,0,0,50000,0,0,0,50000,0,50000,50000
067096,滬深2X群益01購06,0,0,0,0,0,0,0,0,0,50000,0,0,0,50000,0,50000,50000
066740,揚明光元大01購02,0,0,0,0,0,0,0,0,0,50000,0,0,0,100000,50000,50000,50000
066638,聚碩凱基01購01  ,0,0,0,0,0,0,0,0,0,50000,0,0,0,50000,0,50000,50000
066649,華新科麥證01購02,0,0,0,71000,5000,66000,0,0,0,50000,0,0,0,71000,21000,50000,50000
08937P,大立光元大01售14,0,0,0,0,0,0,0,0,0,50000,0,0,0,50000,0,50000,50000
08939P,緯穎元大01售06  ,0,0,0,0,0,0,0,0,0,50000,0,0,0,50000,0,50000,50000
068607,聯詠凱基01購02  ,0,0,0,0,0,0,0,0,0,49000,0,0,0,69000,20000,49000,49000
08935P,鴻海元大01售19  ,0,0,0,0,0,0,0,0,0,49000,0,0,0,50000,1000,49000,49000
067437,瑞祺凱基02購02  ,0,0,0,0,0,0,0,0,0,49000,0,0,0,128000,79000,49000,49000
059334,A50正2國票9A購02,0,0,0,0,0,0,0,0,0,49000,0,0,0,65000,16000,49000,49000
060928,明泰永豐9A購01  ,0,0,0,0,0,0,0,0,0,49000,0,0,0,49000,0,49000,49000
061634,遠東新元大9A購01,0,0,0,0,0,0,0,0,0,49000,0,0,0,107000,58000,49000,49000
03015P,玉晶光永豐01售06,0,0,0,0,0,0,0,0,0,49000,0,0,0,49000,0,49000,49000
059035,旺宏群益99購06  ,0,0,0,0,0,0,0,0,0,49000,0,0,0,50000,1000,49000,49000
063571,TPK元大9B購03   ,0,0,0,0,0,0,0,0,0,49000,0,0,0,49000,0,49000,49000
060729,國巨群益9A購05  ,0,0,0,0,0,0,0,0,0,49000,0,0,0,49000,0,49000,49000
064206,鴻海凱基03購02  ,0,0,0,0,0,0,0,0,0,49000,0,0,0,70000,21000,49000,49000
065972,聯發科元大01購07,0,0,0,0,0,0,0,0,0,49000,0,0,0,49000,0,49000,49000
065232,健策凱基02購01  ,0,0,0,0,0,0,0,0,0,49000,0,0,0,57000,8000,49000,49000
2534,宏盛            ,99000,50000,49000,0,0,0,0,0,0,0,0,0,0,0,0,0,49000
3033,威健            ,102000,53000,49000,0,0,0,0,0,0,0,0,0,0,0,0,0,49000
067414,嘉澤康和01購01  ,0,0,0,0,0,0,0,0,0,48000,0,0,0,104000,56000,48000,48000
068467,台灣50群益01購15,0,0,0,0,0,0,0,0,0,48000,0,0,0,50000,2000,48000,48000
08909P,華新科凱基01售04,0,0,0,0,0,0,0,0,0,48000,0,0,0,48000,0,48000,48000
08821P,旺宏凱基01售01  ,0,0,0,0,0,0,0,0,0,48000,0,0,0,148000,100000,48000,48000
08093P,英業達元富9B售02,0,0,0,0,0,0,0,0,0,48000,0,0,0,163000,115000,48000,48000
08323P,華新科凱基9C售04,0,0,0,0,0,0,0,0,0,48000,0,0,0,48000,0,48000,48000
03011P,臺股指富邦01售01,0,0,0,0,0,0,0,0,0,48000,0,0,0,92000,44000,48000,48000
03073P,大立光國泰03售04,0,0,0,0,0,0,0,0,0,48000,0,0,0,58000,10000,48000,48000
057332,旺宏國票99購03  ,0,0,0,0,0,0,0,0,0,48000,0,0,0,48000,0,48000,48000
056903,大立光元大99購04,0,0,0,0,0,0,0,0,0,48000,0,0,0,48000,0,48000,48000
061600,聯電凱基9B購01  ,0,0,0,0,0,0,0,0,0,48000,0,0,0,65000,17000,48000,48000
064222,玉山金國票01購01,0,0,0,0,0,0,0,0,0,48000,0,0,0,48000,0,48000,48000
062824,國巨群益9C購03  ,0,0,0,0,0,0,0,0,0,48000,0,0,0,48000,0,48000,48000
061275,臺股指凱基9A購25,0,0,0,0,0,0,0,0,0,48000,0,0,0,77000,29000,48000,48000
063251,同欣電元大9B購04,0,0,0,0,0,0,0,0,0,48000,0,0,0,121000,73000,48000,48000
063983,麗豐兆豐9C購01  ,0,0,0,0,0,0,0,0,0,48000,0,0,0,57000,9000,48000,48000
064784,祥碩群益9C購01  ,0,0,0,0,0,0,0,0,0,48000,0,0,0,58000,10000,48000,48000
067139,訊連永豐01購01  ,0,0,0,0,0,0,0,0,0,48000,0,0,0,95000,47000,48000,48000
2359,所羅門          ,84000,35000,49000,0,0,0,0,0,0,-1000,0,1000,-1000,0,0,0,48000
1313,聯成            ,396000,357000,39000,0,0,0,0,0,0,9000,9000,0,9000,0,0,0,48000
08553P,嘉澤群益9C售01  ,0,0,0,0,0,0,0,0,0,47000,0,0,0,47000,0,47000,47000
08732P,臺股指麥證01售04,0,0,0,60000,13000,47000,0,0,0,47000,0,0,0,60000,13000,47000,47000
067735,聯電元大03購01  ,0,0,0,0,0,0,0,0,0,47000,0,0,0,47000,0,47000,47000
067677,大立光元大01購13,0,0,0,0,0,0,0,0,0,47000,0,0,0,47000,0,47000,47000
058370,聯詠凱基99購01  ,0,0,0,0,0,0,0,0,0,47000,0,0,0,47000,0,47000,47000
063734,可成元大9B購04  ,0,0,0,0,0,0,0,0,0,47000,0,0,0,76000,29000,47000,47000
061492,超眾兆豐9B購01  ,0,0,0,0,0,0,0,0,0,47000,0,0,0,52000,5000,47000,47000
061190,力山永豐9A購02  ,0,0,0,0,0,0,0,0,0,47000,0,0,0,171000,124000,47000,47000
064209,燿華凱基01購01  ,0,0,0,0,0,0,0,0,0,47000,0,0,0,47000,0,47000,47000
064348,TPK元大9C購03   ,0,0,0,0,0,0,0,0,0,47000,0,0,0,71000,24000,47000,47000
064491,金像電元大9C購03,0,0,0,0,0,0,0,0,0,47000,0,0,0,47000,0,47000,47000
065561,同欣電麥證9C購03,0,0,0,47000,0,47000,0,0,0,47000,0,0,0,47000,0,47000,47000
2702,華園            ,85000,38000,47000,0,0,0,0,0,0,0,0,0,0,0,0,0,47000
3605,宏致            ,109000,60000,49000,0,0,0,0,0,0,-2000,0,2000,-2000,0,0,0,47000
067989,台積電元大01購31,0,0,0,0,0,0,0,0,0,46000,0,0,0,46000,0,46000,46000
067967,玉山金群益01購01,0,0,0,0,0,0,0,0,0,46000,0,0,0,46000,0,46000,46000
08676P,泰碩群益04售01  ,0,0,0,0,0,0,0,0,0,46000,0,0,0,67000,21000,46000,46000
059319,台光電元大99購04,0,0,0,0,0,0,0,0,0,46000,0,0,0,46000,0,46000,46000
060157,致茂永豐9A購02  ,0,0,0,0,0,0,0,0,0,46000,0,0,0,117000,71000,46000,46000
060295,貿聯元大9A購03  ,0,0,0,0,0,0,0,0,0,46000,0,0,0,46000,0,46000,46000
056669,貿聯國票99購01  ,0,0,0,0,0,0,0,0,0,46000,0,0,0,46000,0,46000,46000
060124,奇力新永豐99購03,0,0,0,0,0,0,0,0,0,46000,0,0,0,58000,12000,46000,46000
055102,上銀凱基98購01  ,0,0,0,0,0,0,0,0,0,46000,0,0,0,46000,0,46000,46000
064432,台積電凱基9C購04,0,0,0,0,0,0,0,0,0,46000,0,0,0,57000,11000,46000,46000
064110,國巨國票01購01  ,0,0,0,0,0,0,0,0,0,46000,0,0,0,182000,136000,46000,46000
064179,上銀富邦01購01  ,0,0,0,0,0,0,0,0,0,46000,0,0,0,186000,140000,46000,46000
063722,遠東新元大9B購02,0,0,0,0,0,0,0,0,0,46000,0,0,0,69000,23000,46000,46000
061088,國巨統一9C購05  ,0,0,0,0,0,0,0,0,0,46000,0,0,0,66000,20000,46000,46000
061368,南六國票9A購01  ,0,0,0,0,0,0,0,0,0,46000,0,0,0,65000,19000,46000,46000
065572,泰碩群益01購01  ,0,0,0,0,0,0,0,0,0,46000,0,0,0,46000,0,46000,46000
065307,矽格元富9C購01  ,0,0,0,0,0,0,0,0,0,46000,0,0,0,80000,34000,46000,46000
065913,光寶科凱基01購01,0,0,0,0,0,0,0,0,0,46000,0,0,0,68000,22000,46000,46000
066093,世紀鋼永豐01購01,0,0,0,0,0,0,0,0,0,46000,0,0,0,83000,37000,46000,46000
066238,聯鈞富邦03購01  ,0,0,0,0,0,0,0,0,0,46000,0,0,0,116000,70000,46000,46000
2395,研華            ,392316,356114,36202,0,0,0,17000,7000,10000,-1000,0,1000,-1000,0,0,0,45202
08422P,玉晶光群益02售03,0,0,0,0,0,0,0,0,0,45000,0,0,0,77000,32000,45000,45000
07235P,T50正2元大9C售02,0,0,0,0,0,0,0,0,0,45000,0,0,0,65000,20000,45000,45000
07992P,玉晶光群益01售04,0,0,0,0,0,0,0,0,0,45000,0,0,0,349000,304000,45000,45000
067794,臺股指群益01購06,0,0,0,0,0,0,0,0,0,45000,0,0,0,45000,0,45000,45000
067284,華新科國票02購01,0,0,0,0,0,0,0,0,0,45000,0,0,0,145000,100000,45000,45000
056270,群創統一98購04  ,0,0,0,0,0,0,0,0,0,45000,0,0,0,45000,0,45000,45000
056330,玉晶光國票99購03,0,0,0,0,0,0,0,0,0,45000,0,0,0,92000,47000,45000,45000
057576,南亞科第一9C購01,0,0,0,0,0,0,0,0,0,45000,0,0,0,135000,90000,45000,45000
059726,華新科元大99購18,0,0,0,0,0,0,0,0,0,45000,0,0,0,56000,11000,45000,45000
057866,玉山金凱基98購01,0,0,0,0,0,0,0,0,0,45000,0,0,0,45000,0,45000,45000
060942,智邦國票9A購02  ,0,0,0,0,0,0,0,0,0,45000,0,0,0,45000,0,45000,45000
063873,南六永豐9C購01  ,0,0,0,0,0,0,0,0,0,45000,0,0,0,55000,10000,45000,45000
061304,創意永豐9A購02  ,0,0,0,0,0,0,0,0,0,45000,0,0,0,428000,383000,45000,45000
063635,漢唐元大9B購04  ,0,0,0,0,0,0,0,0,0,45000,0,0,0,112000,67000,45000,45000
063544,華新科台新9B購02,0,0,0,0,0,0,0,0,0,45000,0,0,0,216000,171000,45000,45000
063010,國巨元大9C購02  ,0,0,0,0,0,0,0,0,0,45000,0,0,0,50000,5000,45000,45000
061768,晶技元大9B購02  ,0,0,0,0,0,0,0,0,0,45000,0,0,0,56000,11000,45000,45000
2493,揚博            ,70000,27000,43000,0,0,0,0,0,0,2000,3000,1000,2000,0,0,0,45000
6283,淳安            ,58000,13000,45000,0,0,0,0,0,0,0,0,0,0,0,0,0,45000
067687,啟碁元大01購02  ,0,0,0,0,0,0,0,0,0,44000,0,0,0,59000,15000,44000,44000
07217P,大立光凱基9A售05,0,0,0,0,0,0,0,0,0,44000,0,0,0,108000,64000,44000,44000
08210P,健策元富9B售02  ,0,0,0,0,0,0,0,0,0,44000,0,0,0,62000,18000,44000,44000
059531,華新科凱基9B購02,0,0,0,0,0,0,0,0,0,44000,0,0,0,44000,0,44000,44000
059917,華新科元大99購19,0,0,0,0,0,0,0,0,0,44000,0,0,0,108000,64000,44000,44000
06025P,臺股指元大99售02,0,0,0,0,0,0,0,0,0,44000,0,0,0,64000,20000,44000,44000
05750P,臺股指群益99售04,0,0,0,0,0,0,0,0,0,44000,0,0,0,44000,0,44000,44000
052542,友達元富98購01  ,0,0,0,0,0,0,0,0,0,44000,0,0,0,51000,7000,44000,44000
056911,緯穎元大99購01  ,0,0,0,0,0,0,0,0,0,44000,0,0,0,44000,0,44000,44000
00770,國泰北美科技    ,0,0,0,0,0,0,0,0,0,44000,0,0,0,78000,34000,44000,44000
062398,建準永豐9B購01  ,0,0,0,0,0,0,0,0,0,44000,0,0,0,160000,116000,44000,44000
060710,上銀永豐9A購01  ,0,0,0,0,0,0,0,0,0,44000,0,0,0,116000,72000,44000,44000
064437,可成凱基02購01  ,0,0,0,0,0,0,0,0,0,44000,0,0,0,44000,0,44000,44000
063147,東元元富9B購01  ,0,0,0,0,0,0,0,0,0,44000,0,0,0,44000,0,44000,44000
061126,京元電永豐9A購02,0,0,0,0,0,0,0,0,0,44000,0,0,0,100000,56000,44000,44000
066239,拓凱富邦02購01  ,0,0,0,0,0,0,0,0,0,44000,0,0,0,44000,0,44000,44000
066087,大毅永豐01購02  ,0,0,0,0,0,0,0,0,0,44000,0,0,0,44000,0,44000,44000
066065,東元凱基04購01  ,0,0,0,0,0,0,0,0,0,44000,0,0,0,44000,0,44000,44000
066310,長興永豐01購01  ,0,0,0,0,0,0,0,0,0,44000,0,0,0,44000,0,44000,44000
066831,亞光群益01購01  ,0,0,0,0,0,0,0,0,0,44000,0,0,0,54000,10000,44000,44000
065323,聯發科凱基9C購09,0,0,0,0,0,0,0,0,0,44000,0,0,0,86000,42000,44000,44000
065562,同欣電麥證9C購04,0,0,0,44000,0,44000,0,0,0,44000,0,0,0,44000,0,44000,44000
065548,台達電凱基01購02,0,0,0,0,0,0,0,0,0,44000,0,0,0,110000,66000,44000,44000
6141,柏承            ,79000,34000,45000,0,0,0,0,0,0,-1000,0,1000,-1000,0,0,0,44000
4942,嘉彰            ,63000,22000,41000,0,0,0,0,0,0,3000,3000,0,3000,0,0,0,44000
4526,東台            ,83000,39000,44000,0,0,0,0,0,0,0,0,0,0,0,0,0,44000
8070,長華*           ,80000,36000,44000,0,0,0,0,0,0,0,0,0,0,0,0,0,44000
2603,長榮            ,2715000,2771000,-56000,0,0,0,2000,414,1586,98000,35000,0,35000,63000,0,63000,43586
07753P,台灣50元大9C售34,0,0,0,0,0,0,0,0,0,43000,0,0,0,43000,0,43000,43000
067928,華城凱基01購01  ,0,0,0,0,0,0,0,0,0,43000,0,0,0,63000,20000,43000,43000
056766,義隆元大98購01  ,0,0,0,0,0,0,0,0,0,43000,0,0,0,43000,0,43000,43000
053328,滬深2X永豐99購01,0,0,0,0,0,0,0,0,0,43000,0,0,0,121000,78000,43000,43000
059629,友達凱基99購06  ,0,0,0,0,0,0,0,0,0,43000,0,0,0,43000,0,43000,43000
058683,可成凱基9A購01  ,0,0,0,0,0,0,0,0,0,43000,0,0,0,100000,57000,43000,43000
063418,京元電凱基9B購03,0,0,0,0,0,0,0,0,0,43000,0,0,0,55000,12000,43000,43000
062744,超眾國泰9C購01  ,0,0,0,0,0,0,0,0,0,43000,0,0,0,43000,0,43000,43000
062643,緯穎國票9B購01  ,0,0,0,0,0,0,0,0,0,43000,0,0,0,54000,11000,43000,43000
062482,台表科國票9B購01,0,0,0,0,0,0,0,0,0,43000,0,0,0,70000,27000,43000,43000
065295,旭富群益9C購02  ,0,0,0,0,0,0,0,0,0,43000,0,0,0,135000,92000,43000,43000
065951,聯發科統一01購08,0,0,0,0,0,0,0,0,0,43000,0,0,0,93000,50000,43000,43000
065004,瑞昱國票01購02  ,0,0,0,0,0,0,0,0,0,43000,0,0,0,95000,52000,43000,43000
066839,台灣50元大01購24,0,0,0,0,0,0,0,0,0,43000,0,0,0,47000,4000,43000,43000
066463,鎧勝統一02購01  ,0,0,0,0,0,0,0,0,0,43000,0,0,0,126000,83000,43000,43000
8021,尖點            ,79000,42000,37000,0,0,0,136,0,136,5000,6000,1000,5000,0,0,0,42136
068323,台積電元大01購42,0,0,0,0,0,0,0,0,0,42000,0,0,0,42000,0,42000,42000
07611P,大立光國票9A售05,0,0,0,0,0,0,0,0,0,42000,0,0,0,42000,0,42000,42000
06993P,鴻海凱基99售05  ,0,0,0,0,0,0,0,0,0,42000,0,0,0,42000,0,42000,42000
08578P,TPK元大9C售04   ,0,0,0,0,0,0,0,0,0,42000,0,0,0,119000,77000,42000,42000
058702,國巨元大99購16  ,0,0,0,0,0,0,0,0,0,42000,0,0,0,42000,0,42000,42000
063892,旺宏群益01購01  ,0,0,0,0,0,0,0,0,0,42000,0,0,0,46000,4000,42000,42000
062235,億光凱基9B購01  ,0,0,0,0,0,0,0,0,0,42000,0,0,0,53000,11000,42000,42000
059791,超眾元大99購06  ,0,0,0,0,0,0,0,0,0,42000,0,0,0,88000,46000,42000,42000
059116,晶豪科永豐99購01,0,0,0,0,0,0,0,0,0,42000,0,0,0,42000,0,42000,42000
058929,可成統一9C購01  ,0,0,0,0,0,0,0,0,0,42000,0,0,0,108000,66000,42000,42000
054156,聯電亞東98購01  ,0,0,0,0,0,0,0,0,0,42000,0,0,0,42000,0,42000,42000
056349,道瓊銀元大9B購01,0,0,0,0,0,0,0,0,0,42000,0,0,0,42000,0,42000,42000
056810,群創統一9A購01  ,0,0,0,0,0,0,0,0,0,42000,0,0,0,262000,220000,42000,42000
03212P,健策國票03售03  ,0,0,0,0,0,0,0,0,0,42000,0,0,0,42000,0,42000,42000
062392,國巨富邦02購01  ,0,0,0,0,0,0,0,0,0,42000,0,0,0,52000,10000,42000,42000
066510,堤維西永豐01購01,0,0,0,0,0,0,0,0,0,42000,0,0,0,42000,0,42000,42000
065116,臺股指國票9C購13,0,0,0,0,0,0,0,0,0,42000,0,0,0,82000,40000,42000,42000
1589,永冠-KY         ,619000,523000,96000,0,0,0,0,0,0,-54000,0,54000,-54000,0,0,0,42000
08649P,聯發科元大9C售21,0,0,0,0,0,0,0,0,0,41000,0,0,0,41000,0,41000,41000
08652P,鴻海群益9C售09  ,0,0,0,0,0,0,0,0,0,41000,0,0,0,265000,224000,41000,41000
08845P,友訊元大01售05  ,0,0,0,0,0,0,0,0,0,41000,0,0,0,74000,33000,41000,41000
068575,南電元大01購10  ,0,0,0,0,0,0,0,0,0,41000,0,0,0,130000,89000,41000,41000
07130P,台郡元大9B售01  ,0,0,0,0,0,0,0,0,0,41000,0,0,0,141000,100000,41000,41000
07874P,長榮航群益9B售01,0,0,0,0,0,0,0,0,0,41000,0,0,0,143000,102000,41000,41000
067672,聯發科元大01購21,0,0,0,0,0,0,0,0,0,41000,0,0,0,138000,97000,41000,41000
067596,國巨凱基02購05  ,0,0,0,0,0,0,0,0,0,41000,0,0,0,196000,155000,41000,41000
061958,鴻海統一01購01  ,0,0,0,0,0,0,0,0,0,41000,0,0,0,312000,271000,41000,41000
062476,神隆國票9B購01  ,0,0,0,0,0,0,0,0,0,41000,0,0,0,91000,50000,41000,41000
064453,微星統一02購01  ,0,0,0,0,0,0,0,0,0,41000,0,0,0,391000,350000,41000,41000
064336,可成元大9C購06  ,0,0,0,0,0,0,0,0,0,41000,0,0,0,48000,7000,41000,41000
062590,亞光統一9B購01  ,0,0,0,0,0,0,0,0,0,41000,0,0,0,216000,175000,41000,41000
064891,台達電群益9C購01,0,0,0,0,0,0,0,0,0,41000,0,0,0,51000,10000,41000,41000
065707,聯詠群益9C購02  ,0,0,0,0,0,0,0,0,0,41000,0,0,0,78000,37000,41000,41000
065352,GIS統一01購04   ,0,0,0,0,0,0,0,0,0,41000,0,0,0,106000,65000,41000,41000
066289,晶碩元大02購01  ,0,0,0,0,0,0,0,0,0,41000,0,0,0,55000,14000,41000,41000
066627,大毅凱基03購01  ,0,0,0,0,0,0,0,0,0,41000,0,0,0,41000,0,41000,41000
067618,臺股指凱基01購14,0,0,0,0,0,0,0,0,0,40000,0,0,0,44000,4000,40000,40000
068393,GIS統一03購01   ,0,0,0,0,0,0,0,0,0,40000,0,0,0,60000,20000,40000,40000
067979,寶成群益03購01  ,0,0,0,0,0,0,0,0,0,40000,0,0,0,40000,0,40000,40000
07842P,力成元大9A售01  ,0,0,0,0,0,0,0,0,0,40000,0,0,0,140000,100000,40000,40000
08037P,台表科群益9B售02,0,0,0,0,0,0,0,0,0,40000,0,0,0,40000,0,40000,40000
07634P,金像電元大9A售01,0,0,0,0,0,0,0,0,0,40000,0,0,0,40000,0,40000,40000
07637P,國巨國票9A售08  ,0,0,0,0,0,0,0,0,0,40000,0,0,0,40000,0,40000,40000
06991P,矽創群益99售01  ,0,0,0,0,0,0,0,0,0,40000,0,0,0,85000,45000,40000,40000
06965P,台積電台新99售02,0,0,0,0,0,0,0,0,0,40000,0,0,0,40000,0,40000,40000
057269,鈺齊兆豐98購01  ,0,0,0,0,0,0,0,0,0,40000,0,0,0,40000,0,40000,40000
03062P,世紀鋼凱基02售02,0,0,0,0,0,0,0,0,0,40000,0,0,0,40000,0,40000,40000
056353,鴻海元大99購02  ,0,0,0,0,0,0,0,0,0,40000,0,0,0,40000,0,40000,40000
054088,華新群益98購02  ,0,0,0,0,0,0,0,0,0,40000,0,0,0,40000,0,40000,40000
056917,國巨兆豐98購03  ,0,0,0,0,0,0,0,0,0,40000,0,0,0,40000,0,40000,40000
057006,國巨中信98購03  ,0,0,0,0,0,0,0,0,0,40000,0,0,0,40000,0,40000,40000
057049,新日興元大98購02,0,0,0,0,0,0,0,0,0,40000,0,0,0,40000,0,40000,40000
057973,神達富邦9A購01  ,0,0,0,0,0,0,0,0,0,40000,0,0,0,40000,0,40000,40000
053185,友達中信99購01  ,0,0,0,0,0,0,0,0,0,40000,0,0,0,40000,0,40000,40000
055032,億光富邦99購01  ,0,0,0,0,0,0,0,0,0,40000,0,0,0,90000,50000,40000,40000
054893,帆宣統一99購01  ,0,0,0,0,0,0,0,0,0,40000,0,0,0,40000,0,40000,40000
059467,旺宏元大99購15  ,0,0,0,0,0,0,0,0,0,40000,0,0,0,40000,0,40000,40000
059363,超眾永豐99購02  ,0,0,0,0,0,0,0,0,0,40000,0,0,0,40000,0,40000,40000
063836,台塑元大9C購01  ,0,0,0,0,0,0,0,0,0,40000,0,0,0,50000,10000,40000,40000
058802,矽創元大99購02  ,0,0,0,0,0,0,0,0,0,40000,0,0,0,40000,0,40000,40000
058590,南電中信9A購02  ,0,0,0,0,0,0,0,0,0,40000,0,0,0,40000,0,40000,40000
058480,新日興凱基9A購01,0,0,0,0,0,0,0,0,0,40000,0,0,0,60000,20000,40000,40000
062561,瀚宇博凱基9B購01,0,0,0,0,0,0,0,0,0,40000,0,0,0,61000,21000,40000,40000
063025,超眾元大9B購01  ,0,0,0,0,0,0,0,0,0,40000,0,0,0,50000,10000,40000,40000
062363,燿華元大9B購03  ,0,0,0,0,0,0,0,0,0,40000,0,0,0,103000,63000,40000,40000
063562,國巨元大9C購06  ,0,0,0,0,0,0,0,0,0,40000,0,0,0,56000,16000,40000,40000
064421,技嘉兆豐01購01  ,0,0,0,0,0,0,0,0,0,40000,0,0,0,40000,0,40000,40000
062488,台光電永豐9B購02,0,0,0,0,0,0,0,0,0,40000,0,0,0,70000,30000,40000,40000
060741,滬深2X國票9A購05,0,0,0,0,0,0,0,0,0,40000,0,0,0,60000,20000,40000,40000
062141,遠東新國票9B購01,0,0,0,0,0,0,0,0,0,40000,0,0,0,43000,3000,40000,40000
066609,國巨麥證01購04  ,0,0,0,41000,1000,40000,0,0,0,40000,0,0,0,42000,2000,40000,40000
066687,國巨元富07購05  ,0,0,0,0,0,0,0,0,0,40000,0,0,0,50000,10000,40000,40000
066788,聯發科麥證01購07,0,0,0,40000,0,40000,0,0,0,40000,0,0,0,40000,0,40000,40000
067128,華城永豐01購02  ,0,0,0,0,0,0,0,0,0,40000,0,0,0,80000,40000,40000,40000
066162,泰豐凱基01購01  ,0,0,0,0,0,0,0,0,0,40000,0,0,0,40000,0,40000,40000
065701,聯發科群益9C購13,0,0,0,0,0,0,0,0,0,40000,0,0,0,40000,0,40000,40000
08949P,臺股指國票01售06,0,0,0,0,0,0,0,0,0,40000,0,0,0,61000,21000,40000,40000
2838,聯邦銀          ,301000,261000,40000,0,0,0,0,0,0,0,0,0,0,0,0,0,40000
2425,承啟            ,161000,121000,40000,0,0,0,0,0,0,0,0,0,0,0,0,0,40000
08805P,台積電元富07售04,0,0,0,0,0,0,0,0,0,39000,0,0,0,197000,158000,39000,39000
067969,玉晶光群益02購19,0,0,0,0,0,0,0,0,0,39000,0,0,0,99000,60000,39000,39000
059090,台新金元大99購01,0,0,0,0,0,0,0,0,0,39000,0,0,0,39000,0,39000,39000
053294,聯發科中信9C購01,0,0,0,0,0,0,0,0,0,39000,0,0,0,39000,0,39000,39000
057060,緯穎元大98購05  ,0,0,0,0,0,0,0,0,0,39000,0,0,0,39000,0,39000,39000
063335,道瓊銀統一9C購01,0,0,0,0,0,0,0,0,0,39000,0,0,0,45000,6000,39000,39000
062474,台表科凱基9C購01,0,0,0,0,0,0,0,0,0,39000,0,0,0,75000,36000,39000,39000
063633,金像電元大9B購05,0,0,0,0,0,0,0,0,0,39000,0,0,0,51000,12000,39000,39000
066419,聯發科元大01購11,0,0,0,0,0,0,0,0,0,39000,0,0,0,39000,0,39000,39000
066807,揚明光凱基01購02,0,0,0,0,0,0,0,0,0,39000,0,0,0,50000,11000,39000,39000
08983P,玉晶光凱基01售06,0,0,0,0,0,0,0,0,0,39000,0,0,0,59000,20000,39000,39000
08992P,牧德元大01售02  ,0,0,0,0,0,0,0,0,0,39000,0,0,0,57000,18000,39000,39000
4576,大銀微系統      ,60000,21000,39000,0,0,0,0,0,0,0,0,0,0,0,0,0,39000
2867,三商壽          ,662311,625000,37311,0,0,0,1000,0,1000,0,0,0,0,0,0,0,38311
067808,聯發科凱基01購16,0,0,0,0,0,0,0,0,0,38000,0,0,0,576000,538000,38000,38000
067329,巨大康和01購02  ,0,10000,-10000,0,0,0,0,0,0,48000,0,0,0,117000,69000,48000,38000
08417P,聯發科元大9C售12,0,0,0,0,0,0,0,0,0,38000,0,0,0,48000,10000,38000,38000
06952P,大立光統一9A售03,0,0,0,0,0,0,0,0,0,38000,0,0,0,46000,8000,38000,38000
07849P,大立光群益9A售06,0,0,0,0,0,0,0,0,0,38000,0,0,0,38000,0,38000,38000
058110,光寶科元富98購01,0,0,0,0,0,0,0,0,0,38000,0,0,0,38000,0,38000,38000
059488,大立光兆豐99購03,0,0,0,0,0,0,0,0,0,38000,0,0,0,38000,0,38000,38000
058387,國巨國票9A購03  ,0,0,0,0,0,0,0,0,0,38000,0,0,0,61000,23000,38000,38000
058507,美律元大9A購01  ,0,0,0,0,0,0,0,0,0,38000,0,0,0,38000,0,38000,38000
063515,香港2X凱基01購01,0,0,0,0,0,0,0,0,0,38000,0,0,0,158000,120000,38000,38000
063171,光寶科中信9B購01,0,0,0,0,0,0,0,0,0,38000,0,0,0,58000,20000,38000,38000
063064,台表科元富9B購01,0,0,0,0,0,0,0,0,0,38000,0,0,0,38000,0,38000,38000
06438P,玉晶光國票99售02,0,0,0,0,0,0,0,0,0,38000,0,0,0,40000,2000,38000,38000
063332,矽格國票9B購01  ,0,0,0,0,0,0,0,0,0,38000,0,0,0,63000,25000,38000,38000
063684,上銀永豐9B購02  ,0,0,0,0,0,0,0,0,0,38000,0,0,0,68000,30000,38000,38000
060966,台表科凱基9B購01,0,0,0,0,0,0,0,0,0,38000,0,0,0,40000,2000,38000,38000
066044,京元電元大01購01,0,0,0,0,0,0,0,0,0,38000,0,0,0,289000,251000,38000,38000
065776,鴻海國泰03購01  ,0,0,0,0,0,0,0,0,0,38000,0,0,0,110000,72000,38000,38000
2704,國賓            ,60000,22000,38000,0,0,0,0,0,0,0,0,0,0,0,0,0,38000
2707,晶華            ,105000,27000,78000,0,0,0,0,40000,-40000,0,0,0,0,0,0,0,38000
08229P,祥碩國票9B售04  ,0,0,0,0,0,0,0,0,0,37000,0,0,0,87000,50000,37000,37000
08837P,牧德國票03售01  ,0,0,0,0,0,0,0,0,0,37000,0,0,0,60000,23000,37000,37000
08920P,臺股指凱基03售07,0,0,0,0,0,0,0,0,0,37000,0,0,0,285000,248000,37000,37000
067475,微星元大01購05  ,0,0,0,0,0,0,0,0,0,37000,0,0,0,218000,181000,37000,37000
067720,瑞昱凱基01購02  ,0,0,0,0,0,0,0,0,0,37000,0,0,0,484000,447000,37000,37000
067778,A50群益01購01   ,0,0,0,0,0,0,0,0,0,37000,0,0,0,37000,0,37000,37000
059453,奇力新永豐99購01,0,0,0,0,0,0,0,0,0,37000,0,0,0,62000,25000,37000,37000
056783,國巨群益99購01  ,0,0,0,0,0,0,0,0,0,37000,0,0,0,38000,1000,37000,37000
00851,台新全球AI      ,0,0,0,0,0,0,0,0,0,37000,0,0,0,98000,61000,37000,37000
061720,智邦國泰9C購01  ,0,0,0,0,0,0,0,0,0,37000,0,0,0,183000,146000,37000,37000
061796,興勤永豐9B購01  ,0,0,0,0,0,0,0,0,0,37000,0,0,0,37000,0,37000,37000
060455,葡萄王元大9A購02,0,0,0,0,0,0,0,0,0,37000,0,0,0,37000,0,37000,37000
062496,矽創中信9B購01  ,0,0,0,0,0,0,0,0,0,37000,0,0,0,339000,302000,37000,37000
062952,台積電永豐9B購02,0,0,0,0,0,0,0,0,0,37000,0,0,0,45000,8000,37000,37000
062349,新日興群益9B購02,0,0,0,0,0,0,0,0,0,37000,0,0,0,43000,6000,37000,37000
062809,同欣電統一9C購01,0,0,0,0,0,0,0,0,0,37000,0,0,0,37000,0,37000,37000
063248,創意元大9C購01  ,0,0,0,0,0,0,0,0,0,37000,0,0,0,188000,151000,37000,37000
061496,華新科國票9A購07,0,0,0,0,0,0,0,0,0,37000,0,0,0,37000,0,37000,37000
065891,聯發科統一02購03,0,0,0,0,0,0,0,0,0,37000,0,0,0,37000,0,37000,37000
065872,漢翔群益9C購01  ,0,0,0,0,0,0,0,0,0,37000,0,0,0,37000,0,37000,37000
065456,義隆元富9C購03  ,0,0,0,0,0,0,0,0,0,37000,0,0,0,121000,84000,37000,37000
065124,燿華永豐9C購03  ,0,0,0,0,0,0,0,0,0,37000,0,0,0,39000,2000,37000,37000
2537,聯上發          ,104000,67000,37000,0,0,0,0,0,0,0,0,0,0,0,0,0,37000
2415,錩新            ,63000,23000,40000,0,0,0,0,0,0,-3000,0,3000,-3000,0,0,0,37000
08989P,玉晶光國票03售01,0,0,0,0,0,0,0,0,0,37000,0,0,0,38000,1000,37000,37000
1540,喬福            ,67000,31000,36000,0,0,0,0,0,0,1000,1000,0,1000,0,0,0,37000
3311,閎暉            ,48000,11000,37000,0,0,0,0,0,0,0,0,0,0,0,0,0,37000
3338,泰碩            ,177000,185000,-8000,0,0,0,0,0,0,45000,27000,1000,26000,30000,11000,19000,37000
067646,元金2X元富01購01,0,0,0,0,0,0,0,0,0,36000,0,0,0,36000,0,36000,36000
068187,南電群益01購02  ,0,0,0,0,0,0,0,0,0,36000,0,0,0,284000,248000,36000,36000
068485,台達電元大01購05,0,0,0,0,0,0,0,0,0,36000,0,0,0,310000,274000,36000,36000
068267,台積電永豐01購04,0,0,0,0,0,0,0,0,0,36000,0,0,0,36000,0,36000,36000
08734P,創意康和01售02  ,0,0,0,0,0,0,0,0,0,36000,0,0,0,46000,10000,36000,36000
08358P,大立光元大9C售18,0,0,0,0,0,0,0,0,0,36000,0,0,0,36000,0,36000,36000
07319P,台積電凱基01售02,0,0,0,0,0,0,0,0,0,36000,0,0,0,234000,198000,36000,36000
00757,統一FANG+       ,0,0,0,0,0,0,0,0,0,36000,0,0,0,251000,215000,36000,36000
055486,國巨元大98購06  ,0,0,0,0,0,0,0,0,0,36000,0,0,0,36000,0,36000,36000
058150,中502X統一9B購01,0,0,0,0,0,0,0,0,0,36000,0,0,0,41000,5000,36000,36000
061197,矽創永豐9A購02  ,0,0,0,0,0,0,0,0,0,36000,0,0,0,46000,10000,36000,36000
061212,聯鈞元大9A購04  ,0,0,0,0,0,0,0,0,0,36000,0,0,0,130000,94000,36000,36000
062045,崇越凱基9B購01  ,0,0,0,0,0,0,0,0,0,36000,0,0,0,61000,25000,36000,36000
066671,TPK凱基02購02   ,0,0,0,0,0,0,0,0,0,36000,0,0,0,153000,117000,36000,36000
067121,台虹群益01購01  ,0,0,0,0,0,0,0,0,0,36000,0,0,0,36000,0,36000,36000
6431,光麗-KY         ,39000,3000,36000,0,0,0,0,0,0,0,0,0,0,0,0,0,36000
2442,新美齊          ,87000,53000,34000,0,0,0,0,0,0,2000,2000,0,2000,0,0,0,36000
07977P,華新科群益01售01,0,0,0,0,0,0,0,0,0,35000,0,0,0,40000,5000,35000,35000
08432P,台勝科凱基9C售02,0,0,0,0,0,0,0,0,0,35000,0,0,0,61000,26000,35000,35000
068264,達新永豐01購01  ,0,0,0,0,0,0,0,0,0,35000,0,0,0,148000,113000,35000,35000
068388,宏碁統一03購02  ,0,0,0,0,0,0,0,0,0,35000,0,0,0,35000,0,35000,35000
059509,奇力新永豐99購02,0,0,0,0,0,0,0,0,0,35000,0,0,0,123000,88000,35000,35000
060242,潤泰全元大9C購01,0,0,0,0,0,0,0,0,0,35000,0,0,0,35000,0,35000,35000
062192,南六元大9B購01  ,0,0,0,0,0,0,0,0,0,35000,0,0,0,54000,19000,35000,35000
058847,國巨群益99購05  ,0,0,0,0,0,0,0,0,0,35000,0,0,0,35000,0,35000,35000
03037P,玉晶光國票02售02,0,0,0,0,0,0,0,0,0,35000,0,0,0,37000,2000,35000,35000
063500,嘉晶永豐9B購02  ,0,0,0,0,0,0,0,0,0,35000,0,0,0,46000,11000,35000,35000
063232,裕隆元大9B購01  ,0,0,0,0,0,0,0,0,0,35000,0,0,0,40000,5000,35000,35000
062972,京元電元富9B購01,0,0,0,0,0,0,0,0,0,35000,0,0,0,68000,33000,35000,35000
067151,聯發科統一02購06,0,0,0,0,0,0,0,0,0,35000,0,0,0,62000,27000,35000,35000
066653,矽格康和01購01  ,0,0,0,0,0,0,0,0,0,35000,0,0,0,55000,20000,35000,35000
066657,滬深2X凱基04購01,0,0,0,0,0,0,0,0,0,35000,0,0,0,35000,0,35000,35000
066174,京鼎凱基01購01  ,0,0,0,0,0,0,0,0,0,35000,0,0,0,161000,126000,35000,35000
066407,昇陽半凱基01購01,0,0,0,0,0,0,0,0,0,35000,0,0,0,40000,5000,35000,35000
065208,義隆國票01購01  ,0,0,0,0,0,0,0,0,0,35000,0,0,0,44000,9000,35000,35000
064999,T50反1國票9C購03,0,0,0,0,0,0,0,0,0,35000,0,0,0,40000,5000,35000,35000
065933,鴻海群益01購06  ,0,0,0,0,0,0,0,0,0,35000,0,0,0,35000,0,35000,35000
6120,達運            ,156000,121000,35000,0,0,0,0,0,0,0,0,0,0,0,0,0,35000
068164,南電元大01購07  ,0,0,0,0,0,0,0,0,0,34000,0,0,0,346000,312000,34000,34000
067594,國巨凱基01購06  ,0,0,0,0,0,0,0,0,0,34000,0,0,0,47000,13000,34000,34000
08184P,可成永豐9B售03  ,0,0,0,0,0,0,0,0,0,34000,0,0,0,34000,0,34000,34000
08712P,國巨元富07售03  ,0,0,0,0,0,0,0,0,0,34000,0,0,0,34000,0,34000,34000
08632P,聯發科元大9C售19,0,0,0,0,0,0,0,0,0,34000,0,0,0,34000,0,34000,34000
03046P,緯穎國票03售01  ,0,0,0,0,0,0,0,0,0,34000,0,0,0,503000,469000,34000,34000
056864,新日興群益99購01,0,0,0,0,0,0,0,0,0,34000,0,0,0,34000,0,34000,34000
058744,FBVIX凱基9C購03 ,0,0,0,0,0,0,0,0,0,34000,0,0,0,40000,6000,34000,34000
057675,同欣電元大98購02,0,0,0,0,0,0,0,0,0,34000,0,0,0,34000,0,34000,34000
059155,台表科日盛99購01,0,0,0,0,0,0,0,0,0,34000,0,0,0,154000,120000,34000,34000
059865,國巨凱基01購01  ,0,0,0,0,0,0,0,0,0,34000,0,0,0,50000,16000,34000,34000
058249,緯穎元大99購04  ,0,0,0,0,0,0,0,0,0,34000,0,0,0,34000,0,34000,34000
063317,大立光群益9B購06,0,0,0,0,0,0,0,0,0,34000,0,0,0,36000,2000,34000,34000
061436,上銀凱基9A購07  ,0,0,0,0,0,0,0,0,0,34000,0,0,0,70000,36000,34000,34000
060506,京元電元大9A購02,0,0,0,0,0,0,0,0,0,34000,0,0,0,44000,10000,34000,34000
060428,瑞祺永豐9A購01  ,0,0,0,0,0,0,0,0,0,34000,0,0,0,384000,350000,34000,34000
064218,南六凱基01購01  ,0,0,0,0,0,0,0,0,0,34000,0,0,0,75000,41000,34000,34000
065447,緯創統一02購02  ,0,0,0,0,0,0,0,0,0,34000,0,0,0,180000,146000,34000,34000
065241,南電凱基01購02  ,0,0,0,0,0,0,0,0,0,34000,0,0,0,73000,39000,34000,34000
064957,台表科凱基02購02,0,0,0,0,0,0,0,0,0,34000,0,0,0,178000,144000,34000,34000
066225,松翰國泰03購01  ,0,0,0,0,0,0,0,0,0,34000,0,0,0,62000,28000,34000,34000
066078,南電凱基02購02  ,0,0,0,0,0,0,0,0,0,34000,0,0,0,208000,174000,34000,34000
067162,康控國票02購01  ,0,0,0,0,0,0,0,0,0,34000,0,0,0,57000,23000,34000,34000
066941,滬深2X元大03購01,0,0,0,0,0,0,0,0,0,34000,0,0,0,94000,60000,34000,34000
6672,騰輝電子-KY     ,72000,38000,34000,0,0,0,0,0,0,0,0,0,0,0,0,0,34000
08060P,嘉澤元大9B售01  ,0,0,0,0,0,0,0,0,0,33000,0,0,0,133000,100000,33000,33000
067486,新日興元大01購03,0,0,0,0,0,0,0,0,0,33000,0,0,0,200000,167000,33000,33000
068354,燿華凱基01購03  ,0,0,0,0,0,0,0,0,0,33000,0,0,0,114000,81000,33000,33000
03071P,GIS群益01售02   ,0,0,0,0,0,0,0,0,0,33000,0,0,0,38000,5000,33000,33000
055265,玉晶光永豐98購03,0,0,0,0,0,0,0,0,0,33000,0,0,0,33000,0,33000,33000
056479,玉晶光元大99購05,0,0,0,0,0,0,0,0,0,33000,0,0,0,39000,6000,33000,33000
056517,茂林兆豐99購01  ,0,0,0,0,0,0,0,0,0,33000,0,0,0,34000,1000,33000,33000
064226,TPK國票01購01   ,0,0,0,0,0,0,0,0,0,33000,0,0,0,58000,25000,33000,33000
064187,亞光永豐9C購01  ,0,0,0,0,0,0,0,0,0,33000,0,0,0,49000,16000,33000,33000
062088,緯穎元大9B購04  ,0,0,0,0,0,0,0,0,0,33000,0,0,0,63000,30000,33000,33000
062097,台光電永豐9B購01,0,0,0,0,0,0,0,0,0,33000,0,0,0,139000,106000,33000,33000
061690,旺宏群益9A購05  ,0,0,0,0,0,0,0,0,0,33000,0,0,0,33000,0,33000,33000
061995,超眾元大01購01  ,0,0,0,0,0,0,0,0,0,33000,0,0,0,59000,26000,33000,33000
061033,台光電永豐9A購01,0,0,0,0,0,0,0,0,0,33000,0,0,0,97000,64000,33000,33000
061521,亞光兆豐9A購02  ,0,0,0,0,0,0,0,0,0,33000,0,0,0,83000,50000,33000,33000
066620,長興凱基01購01  ,0,0,0,0,0,0,0,0,0,33000,0,0,0,33000,0,33000,33000
066593,奇鋐群益01購01  ,0,0,0,0,0,0,0,0,0,33000,0,0,0,80000,47000,33000,33000
066762,總太永豐01購02  ,0,0,0,0,0,0,0,0,0,33000,0,0,0,33000,0,33000,33000
065149,遠東新群益9C購01,0,0,0,0,0,0,0,0,0,33000,0,0,0,56000,23000,33000,33000
064536,富邦金國票01購01,0,0,0,0,0,0,0,0,0,33000,0,0,0,138000,105000,33000,33000
065367,技嘉元大01購01  ,0,0,0,0,0,0,0,0,0,33000,0,0,0,33000,0,33000,33000
2426,鼎元            ,75000,42000,33000,0,0,0,0,0,0,0,0,0,0,0,0,0,33000
2889,國票金          ,637000,604000,33000,0,0,0,0,0,0,0,0,0,0,0,0,0,33000
3027,盛達            ,195000,161000,34000,0,0,0,0,0,0,-1000,0,1000,-1000,0,0,0,33000
067533,瑞昱群益01購02  ,0,0,0,0,0,0,0,0,0,32000,0,0,0,195000,163000,32000,32000
067705,遠東新元富01購01,0,0,0,0,0,0,0,0,0,32000,0,0,0,72000,40000,32000,32000
067774,同欣電統一02購01,0,0,0,0,0,0,0,0,0,32000,0,0,0,42000,10000,32000,32000
08471P,日月光凱基9C售02,0,0,0,0,0,0,0,0,0,32000,0,0,0,38000,6000,32000,32000
054742,京鼎凱基99購01  ,0,0,0,0,0,0,0,0,0,32000,0,0,0,42000,10000,32000,32000
053095,台光電統一98購01,0,0,0,0,0,0,0,0,0,32000,0,0,0,42000,10000,32000,32000
03122P,台積電元大01售44,0,0,0,0,0,0,0,0,0,32000,0,0,0,32000,0,32000,32000
03204P,台積電凱基01售28,0,0,0,0,0,0,0,0,0,32000,0,0,0,32000,0,32000,32000
058798,大立光元大99購11,0,0,0,0,0,0,0,0,0,32000,0,0,0,42000,10000,32000,32000
058630,日月光國票9A購01,0,0,0,0,0,0,0,0,0,32000,0,0,0,57000,25000,32000,32000
061577,泰碩元大9A購03  ,0,0,0,0,0,0,0,0,0,32000,0,0,0,32000,0,32000,32000
061437,燿華凱基9A購01  ,0,0,0,0,0,0,0,0,0,32000,0,0,0,32000,0,32000,32000
063531,台表科凱基9B購04,0,0,0,0,0,0,0,0,0,32000,0,0,0,119000,87000,32000,32000
063606,TPK凱基9C購01   ,0,0,0,0,0,0,0,0,0,32000,0,0,0,32000,0,32000,32000
062545,嘉晶永豐9B購01  ,0,0,0,0,0,0,0,0,0,32000,0,0,0,62000,30000,32000,32000
062320,南電凱基9B購03  ,0,0,0,0,0,0,0,0,0,32000,0,0,0,42000,10000,32000,32000
061019,大毅國票9A購01  ,0,0,0,0,0,0,0,0,0,32000,0,0,0,33000,1000,32000,32000
060956,超眾群益9A購01  ,0,0,0,0,0,0,0,0,0,32000,0,0,0,32000,0,32000,32000
063666,京元電統一9C購01,0,0,0,0,0,0,0,0,0,32000,0,0,0,32000,0,32000,32000
062136,南亞科群益9B購01,0,0,0,0,0,0,0,0,0,32000,0,0,0,32000,0,32000,32000
064147,瑞昱統一01購04  ,0,0,0,0,0,0,0,0,0,32000,0,0,0,33000,1000,32000,32000
065829,嘉晶凱基9C購05  ,0,0,0,0,0,0,0,0,0,32000,0,0,0,185000,153000,32000,32000
066301,大成永豐01購01  ,0,0,0,0,0,0,0,0,0,32000,0,0,0,42000,10000,32000,32000
1789,神隆            ,593000,390000,203000,0,0,0,0,0,0,-171000,0,0,0,5000,176000,-171000,32000
08982P,泰碩凱基01售01  ,0,0,0,0,0,0,0,0,0,32000,0,0,0,100000,68000,32000,32000
08860P,鴻海統一01售06  ,0,0,0,0,0,0,0,0,0,31000,0,0,0,31000,0,31000,31000
068088,台灣50群益01購13,0,0,0,0,0,0,0,0,0,31000,0,0,0,54000,23000,31000,31000
068012,台虹元大01購04  ,0,0,0,0,0,0,0,0,0,31000,0,0,0,52000,21000,31000,31000
056868,奇力新麥證98購01,0,0,0,31000,0,31000,0,0,0,31000,0,0,0,31000,0,31000,31000
064129,新日興元大9C購02,0,0,0,0,0,0,0,0,0,31000,0,0,0,80000,49000,31000,31000
064456,禾伸堂統一01購01,0,0,0,0,0,0,0,0,0,31000,0,0,0,31000,0,31000,31000
064511,GIS元大9C購05   ,0,0,0,0,0,0,0,0,0,31000,0,0,0,143000,112000,31000,31000
060801,滬深2X中信01購01,0,0,0,0,0,0,0,0,0,31000,0,0,0,31000,0,31000,31000
062145,億光國票9B購01  ,0,0,0,0,0,0,0,0,0,31000,0,0,0,51000,20000,31000,31000
061710,國巨凱基9A購18  ,0,0,0,0,0,0,0,0,0,31000,0,0,0,41000,10000,31000,31000
061549,泰碩群益9A購01  ,0,0,0,0,0,0,0,0,0,31000,0,0,0,37000,6000,31000,31000
063487,國巨國泰01購02  ,0,0,0,0,0,0,0,0,0,31000,0,0,0,493000,462000,31000,31000
063325,SP黃豆國票9C購02,0,0,0,0,0,0,0,0,0,31000,0,0,0,60000,29000,31000,31000
065757,新日興元大9C購06,0,0,0,0,0,0,0,0,0,31000,0,0,0,75000,44000,31000,31000
065643,聯發科元大01購06,0,0,0,0,0,0,0,0,0,31000,0,0,0,31000,0,31000,31000
065166,台達電元大9C購04,0,0,0,0,0,0,0,0,0,31000,0,0,0,31000,0,31000,31000
2528,皇普            ,79000,48000,31000,0,0,0,0,0,0,0,0,0,0,0,0,0,31000
6541,泰福-KY         ,57000,26000,31000,0,0,0,0,0,0,0,0,0,0,0,0,0,31000
3532,台勝科          ,72000,37000,35000,0,0,0,0,0,0,-4000,0,0,0,0,4000,-4000,31000
3694,海華            ,326000,294000,32000,0,0,0,0,0,0,-1000,0,1000,-1000,0,0,0,31000
067960,帆宣永豐01購01  ,0,0,0,0,0,0,0,0,0,30000,0,0,0,80000,50000,30000,30000
068259,台灣50富邦03購04,0,0,0,0,0,0,0,0,0,30000,0,0,0,30000,0,30000,30000
068233,同欣電元富05購01,0,0,0,0,0,0,0,0,0,30000,0,0,0,40000,10000,30000,30000
067537,大立光群益02購04,0,0,0,0,0,0,0,0,0,30000,0,0,0,30000,0,30000,30000
067413,臺股指中信04購02,0,0,0,0,0,0,0,0,0,30000,0,0,0,80000,50000,30000,30000
067265,巨大國票02購01  ,0,0,0,0,0,0,0,0,0,30000,0,0,0,100000,70000,30000,30000
067282,金像電國票02購02,0,0,0,0,0,0,0,0,0,30000,0,0,0,30000,0,30000,30000
08651P,台灣50群益02售05,0,0,0,0,0,0,0,0,0,30000,0,0,0,30000,0,30000,30000
08655P,大立光群益02售02,0,0,0,0,0,0,0,0,0,30000,0,0,0,30000,0,30000,30000
08703P,華碩凱基01售02  ,0,0,0,0,0,0,0,0,0,30000,0,0,0,30000,0,30000,30000
08691P,鎧勝中信05售02  ,20000,0,20000,0,0,0,0,0,0,10000,0,0,0,50000,40000,10000,30000
08531P,台積電統一9C售15,0,0,0,0,0,0,0,0,0,30000,0,0,0,30000,0,30000,30000
08366P,祥碩凱基9C售04  ,0,0,0,0,0,0,0,0,0,30000,0,0,0,40000,10000,30000,30000
08180P,聯發科國泰01售05,0,0,0,0,0,0,0,0,0,30000,0,0,0,30000,0,30000,30000
07884P,華新科凱基9B售08,0,0,0,0,0,0,0,0,0,30000,0,0,0,30000,0,30000,30000
07015P,國巨元大99售13  ,0,0,0,0,0,0,0,0,0,30000,0,0,0,45000,15000,30000,30000
068581,台積電永豐01購05,0,0,0,0,0,0,0,0,0,30000,0,0,0,100000,70000,30000,30000
057298,旭富永豐98購01  ,0,0,0,0,0,0,0,0,0,30000,0,0,0,30000,0,30000,30000
057354,聯鈞統一99購03  ,0,0,0,0,0,0,0,0,0,30000,0,0,0,30000,0,30000,30000
03171P,台積電中信05售07,0,0,0,0,0,0,0,0,0,30000,0,0,0,30000,0,30000,30000
03035P,玉晶光國票01售07,0,0,0,0,0,0,0,0,0,30000,0,0,0,32000,2000,30000,30000
053342,全新國票99購01  ,0,0,0,0,0,0,0,0,0,30000,0,0,0,30000,0,30000,30000
058048,群創元大9B購07  ,0,0,0,0,0,0,0,0,0,30000,0,0,0,37000,7000,30000,30000
054935,華通元大98購03  ,0,0,0,0,0,0,0,0,0,30000,0,0,0,30000,0,30000,30000
055417,健策富邦98購02  ,0,0,0,0,0,0,0,0,0,30000,0,0,0,30000,0,30000,30000
055408,力成國泰98購01  ,0,0,0,0,0,0,0,0,0,30000,0,0,0,30000,0,30000,30000
060036,上証2X國票99購03,0,0,0,0,0,0,0,0,0,30000,0,0,0,50000,20000,30000,30000
054585,禾伸堂國泰99購01,0,0,0,0,0,0,0,0,0,30000,0,0,0,30000,0,30000,30000
054480,和碩中信98購01  ,0,0,0,0,0,0,0,0,0,30000,0,0,0,30000,0,30000,30000
053723,奇鋐凱基98購01  ,0,0,0,0,0,0,0,0,0,30000,0,0,0,30000,0,30000,30000
053734,友達中信98購02  ,0,0,0,0,0,0,0,0,0,30000,0,0,0,30000,0,30000,30000
053565,台光電富邦98購01,0,0,0,0,0,0,0,0,0,30000,0,0,0,30000,0,30000,30000
056970,TPK永豐98購01   ,0,0,0,0,0,0,0,0,0,30000,0,0,0,30000,0,30000,30000
056937,智原元富98購01  ,0,0,0,0,0,0,0,0,0,30000,0,0,0,30000,0,30000,30000
056939,康控元富98購01  ,0,0,0,0,0,0,0,0,0,30000,0,0,0,30000,0,30000,30000
058863,可成凱基99購02  ,0,0,0,0,0,0,0,0,0,30000,0,0,0,30000,0,30000,30000
060904,臺指反元大9C購07,0,0,0,0,0,0,0,0,0,30000,0,0,0,30000,0,30000,30000
062246,力山元大9B購02  ,0,0,0,0,0,0,0,0,0,30000,0,0,0,40000,10000,30000,30000
063811,亞德客群益9C購01,0,0,0,0,0,0,0,0,0,30000,0,0,0,55000,25000,30000,30000
058544,FBVIX富邦9B購01 ,0,0,0,0,0,0,0,0,0,30000,0,0,0,50000,20000,30000,30000
057848,台表科永豐98購02,0,0,0,0,0,0,0,0,0,30000,0,0,0,50000,20000,30000,30000
059814,SP黃豆凱基9A購02,0,0,0,0,0,0,0,0,0,30000,0,0,0,30000,0,30000,30000
059454,亞光永豐99購01  ,0,0,0,0,0,0,0,0,0,30000,0,0,0,41000,11000,30000,30000
060388,世紀鋼凱基9B購01,0,0,0,0,0,0,0,0,0,30000,0,0,0,60000,30000,30000,30000
057828,緯穎元大99購02  ,0,0,0,0,0,0,0,0,0,30000,0,0,0,30000,0,30000,30000
057589,超眾國票9A購01  ,0,0,0,0,0,0,0,0,0,30000,0,0,0,30000,0,30000,30000
063258,緯穎國泰9C購01  ,0,0,0,0,0,0,0,0,0,30000,0,0,0,30000,0,30000,30000
063538,神達統一9C購01  ,0,0,0,0,0,0,0,0,0,30000,0,0,0,30000,0,30000,30000
061266,國泰金凱基9B購01,0,0,0,0,0,0,0,0,0,30000,0,0,0,30000,0,30000,30000
061053,國巨群益9A購08  ,0,0,0,0,0,0,0,0,0,30000,0,0,0,31000,1000,30000,30000
062781,微星元大9C購01  ,0,0,0,0,0,0,0,0,0,30000,0,0,0,45000,15000,30000,30000
062729,神達凱基9B購02  ,0,0,0,0,0,0,0,0,0,30000,0,0,0,30000,0,30000,30000
062698,台積電元大01購01,0,0,0,0,0,0,0,0,0,30000,0,0,0,30000,0,30000,30000
063075,祥碩永豐9B購04  ,0,0,0,0,0,0,0,0,0,30000,0,0,0,30000,0,30000,30000
062970,智邦元富9B購01  ,0,0,0,0,0,0,0,0,0,30000,0,0,0,59000,29000,30000,30000
060957,SP黃豆凱基9A購04,0,0,0,0,0,0,0,0,0,30000,0,0,0,30000,0,30000,30000
063690,健鼎永豐9B購01  ,0,0,0,0,0,0,0,0,0,30000,0,0,0,181000,151000,30000,30000
061925,禾伸堂凱基9C購01,0,0,0,0,0,0,0,0,0,30000,0,0,0,30000,0,30000,30000
062153,智邦麥證9B購01  ,0,0,0,123000,103000,20000,0,0,0,30000,0,0,0,133000,103000,30000,30000
064084,群創中信06購02  ,0,0,0,0,0,0,0,0,0,30000,0,0,0,65000,35000,30000,30000
062494,中石化中信9C購01,0,0,0,0,0,0,0,0,0,30000,0,0,0,424000,394000,30000,30000
064488,台達電元大9C購01,0,0,0,0,0,0,0,0,0,30000,0,0,0,30000,0,30000,30000
064568,聯鈞群益9C購01  ,0,0,0,0,0,0,0,0,0,30000,0,0,0,62000,32000,30000,30000
064582,裕隆永豐9C購02  ,0,0,0,0,0,0,0,0,0,30000,0,0,0,30000,0,30000,30000
064751,亞德客凱基9C購02,0,0,0,0,0,0,0,0,0,30000,0,0,0,30000,0,30000,30000
065716,道瓊反中信03購01,0,0,0,0,0,0,0,0,0,30000,0,0,0,30000,0,30000,30000
065832,貿聯凱基02購03  ,0,0,0,0,0,0,0,0,0,30000,0,0,0,30000,0,30000,30000
065878,麗豐群益02購01  ,0,0,0,0,0,0,0,0,0,30000,0,0,0,30000,0,30000,30000
065505,健鼎永豐9C購01  ,0,0,0,0,0,0,0,0,0,30000,0,0,0,60000,30000,30000,30000
065587,亞德客永豐9C購02,0,0,0,0,0,0,0,0,0,30000,0,0,0,60000,30000,30000,30000
066484,瑞昱元富07購01  ,0,0,0,0,0,0,0,0,0,30000,0,0,0,87000,57000,30000,30000
066094,元黃金中信03購01,0,0,0,0,0,0,0,0,0,30000,0,0,0,30000,0,30000,30000
06610P,台積電凱基9A售03,0,0,0,0,0,0,0,0,0,30000,0,0,0,30000,0,30000,30000
066062,同欣電元大01購02,0,0,0,0,0,0,0,0,0,30000,0,0,0,30000,0,30000,30000
066713,台灣50元大01購21,0,0,0,0,0,0,0,0,0,30000,0,0,0,34000,4000,30000,30000
066938,敦泰國票02購01  ,0,0,0,0,0,0,0,0,0,30000,0,0,0,40000,10000,30000,30000
4916,事欣科          ,47000,17000,30000,0,0,0,0,0,0,0,0,0,0,0,0,0,30000
067796,臺股指群益01購08,0,0,0,0,0,0,0,0,0,29000,0,0,0,37000,8000,29000,29000
062247,國巨元大9B購07  ,0,0,0,0,0,0,0,0,0,29000,0,0,0,80000,51000,29000,29000
053798,台積電中信98購02,0,0,0,0,0,0,0,0,0,29000,0,0,0,29000,0,29000,29000
059259,FBVIX中信03購06 ,0,0,0,0,0,0,0,0,0,29000,0,0,0,46000,17000,29000,29000
055456,上銀富邦99購01  ,0,0,0,0,0,0,0,0,0,29000,0,0,0,29000,0,29000,29000
056214,義隆國票99購01  ,0,0,0,0,0,0,0,0,0,29000,0,0,0,29000,0,29000,29000
061977,國巨元大9B購02  ,0,0,0,0,0,0,0,0,0,29000,0,0,0,80000,51000,29000,29000
060983,南亞科元大9A購06,0,0,0,0,0,0,0,0,0,29000,0,0,0,60000,31000,29000,29000
062637,智易國票9B購01  ,0,0,0,0,0,0,0,0,0,29000,0,0,0,29000,0,29000,29000
062740,致伸國票9B購01  ,0,0,0,0,0,0,0,0,0,29000,0,0,0,38000,9000,29000,29000
063476,台表科元大9C購03,0,0,0,0,0,0,0,0,0,29000,0,0,0,138000,109000,29000,29000
06687P,A50正2中信9A售01,0,0,0,0,0,0,0,0,0,29000,0,0,0,29000,0,29000,29000
066367,緯創中信05購01  ,0,0,0,0,0,0,0,0,0,29000,0,0,0,56000,27000,29000,29000
066371,同欣電中信05購01,0,0,0,0,0,0,0,0,0,29000,0,0,0,43000,14000,29000,29000
065409,鴻海永豐9C購01  ,0,0,0,0,0,0,0,0,0,29000,0,0,0,29000,0,29000,29000
065605,義隆元大01購02  ,0,0,0,0,0,0,0,0,0,29000,0,0,0,164000,135000,29000,29000
064720,長榮航統一02購01,0,0,0,0,0,0,0,0,0,29000,0,0,0,29000,0,29000,29000
1608,華榮            ,83000,56000,27000,0,0,0,0,0,0,2000,2000,0,2000,0,0,0,29000
067597,國巨凱基02購06  ,0,0,0,0,0,0,0,0,0,28000,0,0,0,89000,61000,28000,28000
07863P,華新科凱基9B售07,0,0,0,0,0,0,0,0,0,28000,0,0,0,28000,0,28000,28000
07086P,力成元富9C售01  ,0,0,0,0,0,0,0,0,0,28000,0,0,0,74000,46000,28000,28000
08429P,台達電凱基9C售01,0,0,0,0,0,0,0,0,0,28000,0,0,0,29000,1000,28000,28000
08826P,健策元大01售08  ,0,0,0,0,0,0,0,0,0,28000,0,0,0,103000,75000,28000,28000
056739,美律凱基98購04  ,0,0,0,0,0,0,0,0,0,28000,0,0,0,28000,0,28000,28000
03160P,大立光元大01售22,0,0,0,0,0,0,0,0,0,28000,0,0,0,103000,75000,28000,28000
056963,建準永豐98購01  ,0,0,0,0,0,0,0,0,0,28000,0,0,0,28000,0,28000,28000
060929,健策永豐9A購01  ,0,0,0,0,0,0,0,0,0,28000,0,0,0,28000,0,28000,28000
057932,美律群益98購04  ,0,0,0,0,0,0,0,0,0,28000,0,0,0,28000,0,28000,28000
059075,FBVIX元大99購01 ,0,0,0,0,0,0,0,0,0,28000,0,0,0,28000,0,28000,28000
059626,台積電凱基01購01,0,0,0,0,0,0,0,0,0,28000,0,0,0,30000,2000,28000,28000
059762,禾伸堂永豐99購02,0,0,0,0,0,0,0,0,0,28000,0,0,0,28000,0,28000,28000
063462,金像電元大9C購01,0,0,0,0,0,0,0,0,0,28000,0,0,0,38000,10000,28000,28000
062768,南電凱基9B購04  ,0,0,0,0,0,0,0,0,0,28000,0,0,0,30000,2000,28000,28000
061657,智原國票9A購01  ,0,0,0,0,0,0,0,0,0,28000,0,0,0,30000,2000,28000,28000
065013,矽創國泰02購01  ,0,0,0,0,0,0,0,0,0,28000,0,0,0,81000,53000,28000,28000
065052,南六凱基02購02  ,0,0,0,0,0,0,0,0,0,28000,0,0,0,69000,41000,28000,28000
065355,聯發科元富03購05,0,0,0,0,0,0,0,0,0,28000,0,0,0,29000,1000,28000,28000
066049,奇鋐元大02購01  ,0,0,0,0,0,0,0,0,0,28000,0,0,0,30000,2000,28000,28000
066026,泰碩群益03購01  ,0,0,0,0,0,0,0,0,0,28000,0,0,0,28000,0,28000,28000
066745,瀚宇博元大01購01,0,0,0,0,0,0,0,0,0,28000,0,0,0,83000,55000,28000,28000
1108,幸福            ,49000,21000,28000,0,0,0,0,0,0,0,0,0,0,0,0,0,28000
08592P,聯發科凱基01售06,0,0,0,0,0,0,0,0,0,27000,0,0,0,151000,124000,27000,27000
07342P,大立光凱基99售14,0,0,0,0,0,0,0,0,0,27000,0,0,0,70000,43000,27000,27000
07888P,大立光國票9B售01,0,0,0,0,0,0,0,0,0,27000,0,0,0,27000,0,27000,27000
07031P,台灣50中信03售02,0,0,0,0,0,0,0,0,0,27000,0,0,0,27000,0,27000,27000
067751,臺股指元大01購15,0,0,0,0,0,0,0,0,0,27000,0,0,0,32000,5000,27000,27000
067298,台積電元大02購04,0,0,0,0,0,0,0,0,0,27000,0,0,0,44000,17000,27000,27000
068371,華城永豐01購04  ,0,0,0,0,0,0,0,0,0,27000,0,0,0,27000,0,27000,27000
059295,大立光元富99購05,0,0,0,0,0,0,0,0,0,27000,0,0,0,148000,121000,27000,27000
059128,友達中信99購02  ,0,0,0,0,0,0,0,0,0,27000,0,0,0,27000,0,27000,27000
058725,美律富邦9A購01  ,0,0,0,0,0,0,0,0,0,27000,0,0,0,69000,42000,27000,27000
062261,嘉晶元大9B購02  ,0,0,0,0,0,0,0,0,0,27000,0,0,0,31000,4000,27000,27000
063818,矽創群益9C購01  ,0,0,0,0,0,0,0,0,0,27000,0,0,0,28000,1000,27000,27000
03086P,台積電元大01售37,0,0,0,0,0,0,0,0,0,27000,0,0,0,27000,0,27000,27000
056850,彩晶元富99購01  ,0,0,0,0,0,0,0,0,0,27000,0,0,0,97000,70000,27000,27000
03453B,臺股指元大02熊02,0,0,0,0,0,0,0,0,0,27000,0,0,0,217000,190000,27000,27000
062694,遠東新元大9B購01,0,0,0,0,0,0,0,0,0,27000,0,0,0,31000,4000,27000,27000
063107,矽創群益9B購01  ,0,0,0,0,0,0,0,0,0,27000,0,0,0,27000,0,27000,27000
06136P,華新科國泰99售02,0,0,0,0,0,0,0,0,0,27000,0,0,0,27000,0,27000,27000
065014,南電國泰01購01  ,0,0,0,0,0,0,0,0,0,27000,0,0,0,27000,0,27000,27000
064524,GIS群益02購01   ,0,0,0,0,0,0,0,0,0,27000,0,0,0,94000,67000,27000,27000
064692,嘉晶群益9C購03  ,0,0,0,0,0,0,0,0,0,27000,0,0,0,151000,124000,27000,27000
2443,億麗            ,32000,5000,27000,0,0,0,0,0,0,0,0,0,0,0,0,0,27000
9943,好樂迪          ,52000,25000,27000,0,0,0,0,0,0,0,0,0,0,0,0,0,27000
067908,玉晶光國泰03購01,0,0,0,0,0,0,0,0,0,26000,0,0,0,235000,209000,26000,26000
067972,玉晶光群益02購22,0,0,0,0,0,0,0,0,0,26000,0,0,0,85000,59000,26000,26000
067317,嘉澤元大02購01  ,0,0,0,0,0,0,0,0,0,26000,0,0,0,37000,11000,26000,26000
07035P,大立光元富99售04,0,0,0,0,0,0,0,0,0,26000,0,0,0,146000,120000,26000,26000
07385P,緯穎群益99售04  ,0,0,0,0,0,0,0,0,0,26000,0,0,0,26000,0,26000,26000
08765P,鴻海富邦01售02  ,0,0,0,0,0,0,0,0,0,26000,0,0,0,26000,0,26000,26000
08781P,台灣50元大01售25,0,0,0,0,0,0,0,0,0,26000,0,0,0,36000,10000,26000,26000
08284P,鴻海凱基01售03  ,0,0,0,0,0,0,0,0,0,26000,0,0,0,30000,4000,26000,26000
00713,元大台灣高息低波,0,0,0,0,0,0,0,0,0,26000,0,0,0,38000,12000,26000,26000
00665L,富邦恒生國企正2 ,18000,16000,2000,0,0,0,0,0,0,24000,0,0,0,114000,90000,24000,26000
058851,大立光群益99購07,0,0,0,0,0,0,0,0,0,26000,0,0,0,26000,0,26000,26000
059351,台虹凱基99購01  ,0,0,0,0,0,0,0,0,0,26000,0,0,0,30000,4000,26000,26000
061352,茂林元大9A購04  ,0,0,0,0,0,0,0,0,0,26000,0,0,0,36000,10000,26000,26000
062293,麗豐永豐9B購01  ,0,0,0,0,0,0,0,0,0,26000,0,0,0,27000,1000,26000,26000
063359,泰鼎國泰01購01  ,0,0,0,0,0,0,0,0,0,26000,0,0,0,244000,218000,26000,26000
061930,臺股指凱基9B購05,0,0,0,0,0,0,0,0,0,26000,0,0,0,56000,30000,26000,26000
064244,GIS統一02購01   ,0,0,0,0,0,0,0,0,0,26000,0,0,0,231000,205000,26000,26000
064081,國產中信06購01  ,0,0,0,0,0,0,0,0,0,26000,0,0,0,98000,72000,26000,26000
066665,聯詠凱基02購01  ,0,0,0,0,0,0,0,0,0,26000,0,0,0,26000,0,26000,26000
067112,泰碩群益01購02  ,0,0,0,0,0,0,0,0,0,26000,0,0,0,26000,0,26000,26000
066127,劍麟群益03購01  ,0,0,0,0,0,0,0,0,0,26000,0,0,0,40000,14000,26000,26000
066264,金像電元大01購01,0,0,0,0,0,0,0,0,0,26000,0,0,0,46000,20000,26000,26000
066451,台郡群益01購01  ,0,0,0,0,0,0,0,0,0,26000,0,0,0,44000,18000,26000,26000
1560,中砂            ,107000,81000,26000,0,0,0,0,0,0,0,0,0,0,0,0,0,26000
1522,堤維西          ,104000,76000,28000,0,0,0,0,0,0,-2000,0,0,0,0,2000,-2000,26000
08654P,台積電群益9C售13,0,0,0,0,0,0,0,0,0,25000,0,0,0,25000,0,25000,25000
07416P,台積電元大99售53,0,0,0,0,0,0,0,0,0,25000,0,0,0,30000,5000,25000,25000
07291P,臺股指凱基99售43,0,0,0,0,0,0,0,0,0,25000,0,0,0,25000,0,25000,25000
07695P,台郡元大9A售02  ,0,0,0,0,0,0,0,0,0,25000,0,0,0,25000,0,25000,25000
068616,日月光國票03購01,0,0,0,0,0,0,0,0,0,25000,0,0,0,50000,25000,25000,25000
068657,台積電元大02購10,0,0,0,0,0,0,0,0,0,25000,0,0,0,30000,5000,25000,25000
067567,瀚宇博康和01購01,0,0,0,0,0,0,0,0,0,25000,0,0,0,25000,0,25000,25000
067692,鈺齊元大01購02  ,0,0,0,0,0,0,0,0,0,25000,0,0,0,199000,174000,25000,25000
068112,宏碁元富07購01  ,0,0,0,0,0,0,0,0,0,25000,0,0,0,35000,10000,25000,25000
059477,FBVIX群益99購01 ,0,0,0,0,0,0,0,0,0,25000,0,0,0,25000,0,25000,25000
057601,中磊群益98購01  ,0,0,0,0,0,0,0,0,0,25000,0,0,0,25000,0,25000,25000
060233,宏碁元大9A購01  ,0,0,0,0,0,0,0,0,0,25000,0,0,0,30000,5000,25000,25000
057616,聯電凱基99購01  ,0,0,0,0,0,0,0,0,0,25000,0,0,0,25000,0,25000,25000
03210P,美食國票03售01  ,0,0,0,0,0,0,0,0,0,25000,0,0,0,34000,9000,25000,25000
03074P,大立光國泰03售05,0,0,0,0,0,0,0,0,0,25000,0,0,0,30000,5000,25000,25000
03159P,大立光元大01售21,0,0,0,0,0,0,0,0,0,25000,0,0,0,25000,0,25000,25000
057489,奇力新元大99購06,0,0,0,0,0,0,0,0,0,25000,0,0,0,25000,0,25000,25000
058018,南亞科凱基99購03,0,0,0,0,0,0,0,0,0,25000,0,0,0,25000,0,25000,25000
058969,亞德客永豐99購01,0,0,0,0,0,0,0,0,0,25000,0,0,0,65000,40000,25000,25000
064223,日電貿國票01購01,0,0,0,0,0,0,0,0,0,25000,0,0,0,25000,0,25000,25000
060718,中磊永豐9A購01  ,0,0,0,0,0,0,0,0,0,25000,0,0,0,25000,0,25000,25000
060698,旺宏國泰9C購01  ,0,0,0,0,0,0,0,0,0,25000,0,0,0,25000,0,25000,25000
062386,京鼎國泰9C購01  ,0,0,0,0,0,0,0,0,0,25000,0,0,0,55000,30000,25000,25000
062388,旭富國泰01購01  ,0,0,0,0,0,0,0,0,0,25000,0,0,0,45000,20000,25000,25000
063252,緯穎元大9B購07  ,0,0,0,0,0,0,0,0,0,25000,0,0,0,110000,85000,25000,25000
063982,TPK兆豐9C購01   ,0,0,0,0,0,0,0,0,0,25000,0,0,0,34000,9000,25000,25000
061358,世紀鋼元大9A購04,0,0,0,0,0,0,0,0,0,25000,0,0,0,255000,230000,25000,25000
061366,台勝科國票9A購01,0,0,0,0,0,0,0,0,0,25000,0,0,0,25000,0,25000,25000
066396,可成凱基01購04  ,0,0,0,0,0,0,0,0,0,25000,0,0,0,118000,93000,25000,25000
066201,大毅統一02購01  ,0,0,0,0,0,0,0,0,0,25000,0,0,0,25000,0,25000,25000
066221,康友台新01購01  ,0,0,0,0,0,0,0,0,0,25000,0,0,0,125000,100000,25000,25000
067165,世紀鋼國票02購02,0,0,0,0,0,0,0,0,0,25000,0,0,0,25000,0,25000,25000
066963,T50反1元富07購03,0,0,0,0,0,0,0,0,0,25000,0,0,0,105000,80000,25000,25000
067033,新日興康和01購01,0,0,0,0,0,0,0,0,0,25000,0,0,0,142000,117000,25000,25000
06690P,玉晶光群益9A售05,0,0,0,0,0,0,0,0,0,25000,0,0,0,64000,39000,25000,25000
066777,群創富邦01購01  ,0,0,0,0,0,0,0,0,0,25000,0,0,0,30000,5000,25000,25000
066783,友達中信01購04  ,0,0,0,0,0,0,0,0,0,25000,0,0,0,85000,60000,25000,25000
064618,南亞科元大9C購04,0,0,0,0,0,0,0,0,0,25000,0,0,0,25000,0,25000,25000
065048,世芯凱基01購01  ,0,0,0,0,0,0,0,0,0,25000,0,0,0,25000,0,25000,25000
065289,冠德群益9C購01  ,0,0,0,0,0,0,0,0,0,25000,0,0,0,108000,83000,25000,25000
065468,FBVIX元大9C購04 ,0,0,0,0,0,0,0,0,0,25000,0,0,0,25000,0,25000,25000
065651,中磊元大9C購01  ,0,0,0,0,0,0,0,0,0,25000,0,0,0,148000,123000,25000,25000
065715,勤誠群益9C購01  ,0,0,0,0,0,0,0,0,0,25000,0,0,0,25000,0,25000,25000
065942,燿華元富01購01  ,0,0,0,0,0,0,0,0,0,25000,0,0,0,55000,30000,25000,25000
5258,虹堡            ,39000,17000,22000,0,0,0,0,0,0,3000,5000,2000,3000,0,0,0,25000
01003T,兆豐新光R1      ,26970,2000,24970,0,0,0,0,0,0,0,0,0,0,0,0,0,24970
3533,嘉澤            ,75000,87000,-12000,0,0,0,80000,54621,25379,11000,6000,2000,4000,12000,5000,7000,24379
07627P,超眾凱基9A售02  ,0,0,0,0,0,0,0,0,0,24000,0,0,0,38000,14000,24000,24000
07789P,緯穎群益9A售03  ,0,0,0,0,0,0,0,0,0,24000,0,0,0,24000,0,24000,24000
08606P,聯發科國票9C售05,0,0,0,0,0,0,0,0,0,24000,0,0,0,375000,351000,24000,24000
08808P,台灣50群益01售06,0,0,0,0,0,0,0,0,0,24000,0,0,0,24000,0,24000,24000
08096P,大立光元富9B售04,0,0,0,0,0,0,0,0,0,24000,0,0,0,442000,418000,24000,24000
03054P,宏碁中信03售02  ,0,0,0,0,0,0,0,0,0,24000,0,0,0,24000,0,24000,24000
057733,嘉聯益國泰99購01,0,0,0,0,0,0,0,0,0,24000,0,0,0,216000,192000,24000,24000
060189,宏達電元富9B購03,0,0,0,0,0,0,0,0,0,24000,0,0,0,89000,65000,24000,24000
060413,東元永豐9A購01  ,0,0,0,0,0,0,0,0,0,24000,0,0,0,25000,1000,24000,24000
059887,華新科國票99購02,0,0,0,0,0,0,0,0,0,24000,0,0,0,24000,0,24000,24000
063650,矽創元大9B購03  ,0,0,0,0,0,0,0,0,0,24000,0,0,0,39000,15000,24000,24000
064010,GIS凱基02購01   ,0,0,0,0,0,0,0,0,0,24000,0,0,0,50000,26000,24000,24000
062996,致茂國票9C購01  ,0,0,0,0,0,0,0,0,0,24000,0,0,0,24000,0,24000,24000
061867,旺宏元大9B購02  ,0,0,0,0,0,0,0,0,0,24000,0,0,0,30000,6000,24000,24000
060722,矽格永豐9A購01  ,0,0,0,0,0,0,0,0,0,24000,0,0,0,24000,0,24000,24000
060738,矽格統一9C購01  ,0,0,0,0,0,0,0,0,0,24000,0,0,0,83000,59000,24000,24000
064114,南茂國票01購01  ,0,0,0,0,0,0,0,0,0,24000,0,0,0,24000,0,24000,24000
064451,技嘉統一01購02  ,0,0,0,0,0,0,0,0,0,24000,0,0,0,69000,45000,24000,24000
064465,台表科統一01購02,0,0,0,0,0,0,0,0,0,24000,0,0,0,120000,96000,24000,24000
065759,TPK元大9C購05   ,0,0,0,0,0,0,0,0,0,24000,0,0,0,124000,100000,24000,24000
065513,旺宏群益9C購05  ,0,0,0,0,0,0,0,0,0,24000,0,0,0,84000,60000,24000,24000
065559,超眾凱基9C購03  ,0,0,0,0,0,0,0,0,0,24000,0,0,0,24000,0,24000,24000
065266,創意元大9C購05  ,0,0,0,0,0,0,0,0,0,24000,0,0,0,24000,0,24000,24000
065094,新日興元大9C購04,0,0,0,0,0,0,0,0,0,24000,0,0,0,60000,36000,24000,24000
066637,瀚宇博凱基01購02,0,0,0,0,0,0,0,0,0,24000,0,0,0,35000,11000,24000,24000
067052,帆宣凱基02購01  ,0,0,0,0,0,0,0,0,0,24000,0,0,0,25000,1000,24000,24000
067138,正文永豐01購02  ,0,0,0,0,0,0,0,0,0,24000,0,0,0,100000,76000,24000,24000
065987,大毅永豐01購01  ,0,0,0,0,0,0,0,0,0,24000,0,0,0,24000,0,24000,24000
066032,矽格群益01購01  ,0,0,0,0,0,0,0,0,0,24000,0,0,0,62000,38000,24000,24000
066524,創意統一02購03  ,0,0,0,0,0,0,0,0,0,24000,0,0,0,324000,300000,24000,24000
08457P,大毅元大9C售03  ,0,0,0,0,0,0,0,0,0,23000,0,0,0,31000,8000,23000,23000
08820P,台積電凱基01售10,0,0,0,0,0,0,0,0,0,23000,0,0,0,24000,1000,23000,23000
068424,台灣50凱基04購11,0,0,0,0,0,0,0,0,0,23000,0,0,0,63000,40000,23000,23000
067335,國產凱基02購02  ,0,0,0,0,0,0,0,0,0,23000,0,0,0,31000,8000,23000,23000
058222,玉晶光統一9B購01,0,0,0,0,0,0,0,0,0,23000,0,0,0,50000,27000,23000,23000
059512,晶豪科永豐99購02,0,0,0,0,0,0,0,0,0,23000,0,0,0,23000,0,23000,23000
059728,聯鈞元大99購01  ,0,0,0,0,0,0,0,0,0,23000,0,0,0,46000,23000,23000,23000
057962,超眾元大99購03  ,0,0,0,0,0,0,0,0,0,23000,0,0,0,23000,0,23000,23000
00714,群益道瓊美國地產,0,0,0,0,0,0,0,0,0,23000,0,0,0,24000,1000,23000,23000
0053,元大電子        ,0,1000,-1000,0,0,0,0,0,0,24000,0,0,0,28000,4000,24000,23000
00654R,富邦印度反1     ,18000,0,18000,0,0,0,0,0,0,5000,0,0,0,5000,0,5000,23000
050797,聯發科中信99購01,0,0,0,0,0,0,0,0,0,23000,0,0,0,23000,0,23000,23000
056955,台灣50永豐98購01,0,0,0,0,0,0,0,0,0,23000,0,0,0,23000,0,23000,23000
064401,台達電凱基06購01,0,0,0,0,0,0,0,0,0,23000,0,0,0,23000,0,23000,23000
064274,燿華元大9C購01  ,0,0,0,0,0,0,0,0,0,23000,0,0,0,95000,72000,23000,23000
060573,力成永豐9A購01  ,0,0,0,0,0,0,0,0,0,23000,0,0,0,23000,0,23000,23000
063685,鴻海永豐9B購03  ,0,0,0,0,0,0,0,0,0,23000,0,0,0,23000,0,23000,23000
061744,超眾凱基9B購02  ,0,0,0,0,0,0,0,0,0,23000,0,0,0,23000,0,23000,23000
062098,億光永豐9B購01  ,0,0,0,0,0,0,0,0,0,23000,0,0,0,56000,33000,23000,23000
063281,京元電元大9B購01,0,0,0,0,0,0,0,0,0,23000,0,0,0,31000,8000,23000,23000
062820,禾伸堂兆豐9B購01,0,0,0,0,0,0,0,0,0,23000,0,0,0,23000,0,23000,23000
065995,台虹永豐01購01  ,0,0,0,0,0,0,0,0,0,23000,0,0,0,90000,67000,23000,23000
066949,聯發科元大01購17,0,0,0,0,0,0,0,0,0,23000,0,0,0,956000,933000,23000,23000
064710,元金2X統一03購01,0,0,0,0,0,0,0,0,0,23000,0,0,0,23000,0,23000,23000
065354,金像電元富03購01,0,0,0,0,0,0,0,0,0,23000,0,0,0,34000,11000,23000,23000
065577,超眾群益9C購02  ,0,0,0,0,0,0,0,0,0,23000,0,0,0,33000,10000,23000,23000
1473,台南            ,30000,8000,22000,0,0,0,0,0,0,1000,1000,0,1000,0,0,0,23000
3004,豐達科          ,36000,13000,23000,0,0,0,0,0,0,0,0,0,0,0,0,0,23000
067513,南六統一01購04  ,0,0,0,0,0,0,0,0,0,22000,0,0,0,22000,0,22000,22000
067600,台積電凱基01購15,0,0,0,0,0,0,0,0,0,22000,0,0,0,30000,8000,22000,22000
067952,台光電永豐01購01,0,0,0,0,0,0,0,0,0,22000,0,0,0,116000,94000,22000,22000
08622P,緯創群益9C售03  ,0,0,0,0,0,0,0,0,0,22000,0,0,0,30000,8000,22000,22000
08216P,聯發科群益9C售05,0,0,0,0,0,0,0,0,0,22000,0,0,0,72000,50000,22000,22000
056907,群創元大9C購04  ,0,0,0,0,0,0,0,0,0,22000,0,0,0,40000,18000,22000,22000
060063,可成兆豐9B購01  ,0,0,0,0,0,0,0,0,0,22000,0,0,0,22000,0,22000,22000
055271,鴻海元大98購03  ,0,0,0,0,0,0,0,0,0,22000,0,0,0,22000,0,22000,22000
058210,臺股指凱基9C購04,0,0,0,0,0,0,0,0,0,22000,0,0,0,22000,0,22000,22000
060247,牧德元大9A購02  ,0,0,0,0,0,0,0,0,0,22000,0,0,0,22000,0,22000,22000
063419,聯發科凱基03購01,0,0,0,0,0,0,0,0,0,22000,0,0,0,33000,11000,22000,22000
063621,華新科兆豐9B購02,0,0,0,0,0,0,0,0,0,22000,0,0,0,22000,0,22000,22000
061077,國巨兆豐9B購01  ,0,0,0,0,0,0,0,0,0,22000,0,0,0,60000,38000,22000,22000
062340,力成麥證9B購01  ,0,0,0,22000,0,22000,0,0,0,22000,0,0,0,22000,0,22000,22000
062641,瀚宇博國票9B購01,0,0,0,0,0,0,0,0,0,22000,0,0,0,24000,2000,22000,22000
062147,大毅國票9B購02  ,0,0,0,0,0,0,0,0,0,22000,0,0,0,22000,0,22000,22000
063357,聯發科國泰01購04,0,0,0,0,0,0,0,0,0,22000,0,0,0,22000,0,22000,22000
061010,上銀麥證9A購02  ,0,0,0,22000,0,22000,0,0,0,22000,0,0,0,22000,0,22000,22000
065881,京元電台新9C購01,0,0,0,0,0,0,0,0,0,22000,0,0,0,22000,0,22000,22000
2476,鉅祥            ,191000,169000,22000,0,0,0,0,0,0,0,0,0,0,0,0,0,22000
1711,永光            ,308000,372000,-64000,0,0,0,0,0,0,86000,0,0,0,86000,0,86000,22000
6152,百一            ,37000,15000,22000,0,0,0,0,0,0,0,0,0,0,0,0,0,22000
068487,台積電元大01購46,0,0,0,0,0,0,0,0,0,21000,0,0,0,25000,4000,21000,21000
06771P,台灣50中信02售01,0,0,0,0,0,0,0,0,0,21000,0,0,0,33000,12000,21000,21000
067852,大毅國票02購01  ,0,0,0,0,0,0,0,0,0,21000,0,0,0,21000,0,21000,21000
067395,金像電永豐01購04,0,0,0,0,0,0,0,0,0,21000,0,0,0,21000,0,21000,21000
057613,瑞昱元富02購02  ,0,0,0,0,0,0,0,0,0,21000,0,0,0,32000,11000,21000,21000
058761,欣興群益99購02  ,0,0,0,0,0,0,0,0,0,21000,0,0,0,21000,0,21000,21000
060110,茂林元大99購06  ,0,0,0,0,0,0,0,0,0,21000,0,0,0,26000,5000,21000,21000
056913,臺股指元大99購05,0,0,0,0,0,0,0,0,0,21000,0,0,0,21000,0,21000,21000
052890,FB上証群益9B購01,0,0,0,0,0,0,0,0,0,21000,0,0,0,21000,0,21000,21000
00865B,國泰US短期公債  ,0,0,0,0,0,0,0,0,0,21000,0,0,0,121000,100000,21000,21000
046629,群創統一98購01  ,0,0,0,0,0,0,0,0,0,21000,0,0,0,21000,0,21000,21000
063691,聯鈞永豐9B購01  ,0,0,0,0,0,0,0,0,0,21000,0,0,0,109000,88000,21000,21000
062096,神隆永豐9B購01  ,0,0,0,0,0,0,0,0,0,21000,0,0,0,41000,20000,21000,21000
062028,晶技群益9B購01  ,0,0,0,0,0,0,0,0,0,21000,0,0,0,21000,0,21000,21000
060630,國巨富邦9C購03  ,0,0,0,0,0,0,0,0,0,21000,0,0,0,31000,10000,21000,21000
062481,同欣電國票9B購01,0,0,0,0,0,0,0,0,0,21000,0,0,0,21000,0,21000,21000
063035,燿華凱基9B購02  ,0,0,0,0,0,0,0,0,0,21000,0,0,0,78000,57000,21000,21000
062927,同欣電國票9B購02,0,0,0,0,0,0,0,0,0,21000,0,0,0,51000,30000,21000,21000
063644,祥碩元大9B購10  ,0,0,0,0,0,0,0,0,0,21000,0,0,0,25000,4000,21000,21000
061476,大毅元大9A購02  ,0,0,0,0,0,0,0,0,0,21000,0,0,0,31000,10000,21000,21000
063590,華擎永豐9B購01  ,0,0,0,0,0,0,0,0,0,21000,0,0,0,21000,0,21000,21000
065625,聯發科兆豐9C購06,0,0,0,0,0,0,0,0,0,21000,0,0,0,31000,10000,21000,21000
065400,華擎群益01購02  ,0,0,0,0,0,0,0,0,0,21000,0,0,0,21000,0,21000,21000
066000,奇鋐國票02購01  ,0,0,0,0,0,0,0,0,0,21000,0,0,0,26000,5000,21000,21000
066031,力成群益01購01  ,0,0,0,0,0,0,0,0,0,21000,0,0,0,21000,0,21000,21000
3543,州巧            ,20000,1000,19000,0,0,0,0,0,0,2000,2000,0,2000,0,0,0,21000
3617,碩天            ,33000,12000,21000,0,0,0,0,0,0,0,1000,1000,0,0,0,0,21000
2431,聯昌            ,112000,92000,20000,0,0,0,0,0,0,1000,1000,0,1000,0,0,0,21000
067440,A50正2國票02購01,0,0,0,0,0,0,0,0,0,20000,0,0,0,20000,0,20000,20000
067316,嘉澤元大01購03  ,0,0,0,0,0,0,0,0,0,20000,0,0,0,59000,39000,20000,20000
067715,泰豐凱基02購01  ,0,0,0,0,0,0,0,0,0,20000,0,0,0,20000,0,20000,20000
067603,冠德凱基02購01  ,0,0,0,0,0,0,0,0,0,20000,0,0,0,52000,32000,20000,20000
068453,台積電國票03購03,0,0,0,0,0,0,0,0,0,20000,0,0,0,35000,15000,20000,20000
068444,中磊凱基01購01  ,0,0,0,0,0,0,0,0,0,20000,0,0,0,20000,0,20000,20000
068115,玉山金元富07購01,0,0,0,0,0,0,0,0,0,20000,0,0,0,20000,0,20000,20000
068098,同欣電富邦01購02,0,0,0,0,0,0,0,0,0,20000,0,0,0,20000,0,20000,20000
068084,南電凱基02購03  ,0,0,0,0,0,0,0,0,0,20000,0,0,0,227000,207000,20000,20000
068171,T50反1中信05購02,0,0,0,0,0,0,0,0,0,20000,0,0,0,140000,120000,20000,20000
08244P,同欣電凱基9C售03,0,0,0,0,0,0,0,0,0,20000,0,0,0,50000,30000,20000,20000
08247P,台積電群益9C售06,0,0,0,0,0,0,0,0,0,20000,0,0,0,20000,0,20000,20000
08261P,玉晶光元大9C售08,10000,0,10000,0,0,0,0,0,0,10000,0,0,0,20000,10000,10000,20000
08311P,台積電國票9C售07,0,0,0,0,0,0,0,0,0,20000,0,0,0,20000,0,20000,20000
08173P,金像電凱基9B售02,0,0,0,0,0,0,0,0,0,20000,0,0,0,30000,10000,20000,20000
08169P,台光電群益9B售04,0,0,0,0,0,0,0,0,0,20000,0,0,0,20000,0,20000,20000
08487P,同欣電群益01售01,0,0,0,0,0,0,0,0,0,20000,0,0,0,40000,20000,20000,20000
08491P,全新元大9C售01  ,0,0,0,0,0,0,0,0,0,20000,0,0,0,20000,0,20000,20000
08624P,力成群益9C售01  ,0,0,0,0,0,0,0,0,0,20000,0,0,0,20000,0,20000,20000
08758P,上証2X元大01售02,0,0,0,0,0,0,0,0,0,20000,0,0,0,20000,0,20000,20000
08697P,臺股指麥證01售03,0,0,0,80000,60000,20000,0,0,0,20000,0,0,0,80000,60000,20000,20000
08783P,台積電元大01售18,0,0,0,0,0,0,0,0,0,20000,0,0,0,20000,0,20000,20000
07876P,台灣50國泰01售01,0,0,0,0,0,0,0,0,0,20000,0,0,0,20000,0,20000,20000
08059P,京鼎元大9B售02  ,0,0,0,0,0,0,0,0,0,20000,0,0,0,20000,0,20000,20000
08069P,大立光國泰01售02,0,0,0,0,0,0,0,0,0,20000,0,0,0,21000,1000,20000,20000
08000P,奇鋐凱基9B售03  ,0,0,0,0,0,0,0,0,0,20000,0,0,0,20000,0,20000,20000
07951P,智邦元大9B售05  ,0,0,0,0,0,0,0,0,0,20000,0,0,0,20000,0,20000,20000
07958P,華擎群益9B售01  ,0,0,0,0,0,0,0,0,0,20000,0,0,0,20000,0,20000,20000
07708P,玉晶光元大9A售13,0,0,0,0,0,0,0,0,0,20000,0,0,0,40000,20000,20000,20000
07536P,華新科元富9A售04,0,0,0,0,0,0,0,0,0,20000,0,0,0,20000,0,20000,20000
07554P,玉晶光元大9A售06,0,0,0,0,0,0,0,0,0,20000,0,0,0,20000,0,20000,20000
07202P,台灣50凱基9C售04,0,0,0,0,0,0,0,0,0,20000,0,0,0,20000,0,20000,20000
068599,台積電凱基01購27,0,0,0,0,0,0,0,0,0,20000,0,0,0,20000,0,20000,20000
06904P,TPK凱基98售03   ,0,0,0,0,0,0,0,0,0,20000,0,0,0,20000,0,20000,20000
046385,群創凱基98購03  ,0,0,0,0,0,0,0,0,0,20000,0,0,0,20000,0,20000,20000
00732,國泰RMB短期報酬 ,0,0,0,0,0,0,0,0,0,20000,0,0,0,120000,100000,20000,20000
03017P,深中小群益01售02,0,0,0,0,0,0,0,0,0,20000,0,0,0,300000,280000,20000,20000
03082P,鴻海元大01售21  ,0,0,0,0,0,0,0,0,0,20000,0,0,0,22000,2000,20000,20000
03106P,T50反1元大01售06,0,0,0,0,0,0,0,0,0,20000,0,0,0,20000,0,20000,20000
056744,麗豐凱基9A購01  ,0,0,0,0,0,0,0,0,0,20000,0,0,0,30000,10000,20000,20000
056763,國巨元大99購02  ,0,0,0,0,0,0,0,0,0,20000,0,0,0,40000,20000,20000,20000
056768,宏達電元大99購03,0,0,0,0,0,0,0,0,0,20000,0,0,0,49000,29000,20000,20000
056898,全新元大98購02  ,0,0,0,0,0,0,0,0,0,20000,0,0,0,20000,0,20000,20000
057240,茂林凱基9A購01  ,0,0,0,0,0,0,0,0,0,20000,0,0,0,20000,0,20000,20000
056460,同欣電凱基99購01,0,0,0,0,0,0,0,0,0,20000,0,0,0,20000,0,20000,20000
056946,國巨統一98購05  ,0,0,0,0,0,0,0,0,0,20000,0,0,0,20000,0,20000,20000
053449,超眾凱基98購01  ,0,0,0,0,0,0,0,0,0,20000,0,0,0,20000,0,20000,20000
054546,玉晶光中信9B購01,0,0,0,0,0,0,0,0,0,20000,0,0,0,20000,0,20000,20000
054533,泰碩國泰98購01  ,0,0,0,0,0,0,0,0,0,20000,0,0,0,20000,0,20000,20000
060101,大立光元大99購31,0,0,0,0,0,0,0,0,0,20000,0,0,0,20000,0,20000,20000
060052,宏碁凱基99購01  ,0,0,0,0,0,0,0,0,0,20000,0,0,0,20000,0,20000,20000
059248,華新科凱基99購04,0,0,0,0,0,0,0,0,0,20000,0,0,0,20000,0,20000,20000
059191,茂林富邦9B購01  ,0,0,0,0,0,0,0,0,0,20000,0,0,0,20000,0,20000,20000
054778,世紀鋼國票99購01,0,0,0,0,0,0,0,0,0,20000,0,0,0,132000,112000,20000,20000
055438,鴻海國票98購01  ,0,0,0,0,0,0,0,0,0,20000,0,0,0,20000,0,20000,20000
057997,旺宏第一9C購01  ,0,0,0,0,0,0,0,0,0,20000,0,0,0,40000,20000,20000,20000
058077,超眾凱基98購02  ,0,0,0,0,0,0,0,0,0,20000,0,0,0,20000,0,20000,20000
053396,漢唐中信9A購01  ,0,0,0,0,0,0,0,0,0,20000,0,0,0,20000,0,20000,20000
053122,美律凱基98購01  ,0,0,0,0,0,0,0,0,0,20000,0,0,0,20000,0,20000,20000
058351,上銀凱基9A購02  ,0,0,0,0,0,0,0,0,0,20000,0,0,0,40000,20000,20000,20000
058432,台積電統一9B購03,0,0,0,0,0,0,0,0,0,20000,0,0,0,20000,0,20000,20000
058877,T50反1國泰9B購01,0,0,0,0,0,0,0,0,0,20000,0,0,0,20000,0,20000,20000
060851,國巨國泰9C購01  ,0,0,0,0,0,0,0,0,0,20000,0,0,0,24000,4000,20000,20000
060905,台積電元大9A購20,0,0,0,0,0,0,0,0,0,20000,0,0,0,20000,0,20000,20000
060895,華新科凱基9B購05,0,0,0,0,0,0,0,0,0,20000,0,0,0,20000,0,20000,20000
060930,超眾永豐9A購03  ,0,0,0,0,0,0,0,0,0,20000,0,0,0,20000,0,20000,20000
060943,宏達電國票9B購02,0,0,0,0,0,0,0,0,0,20000,0,0,0,45000,25000,20000,20000
063816,TPK群益9C購01   ,0,0,0,0,0,0,0,0,0,20000,0,0,0,20000,0,20000,20000
063824,S&P反1國票9C購01,0,0,0,0,0,0,0,0,0,20000,0,0,0,20000,0,20000,20000
057764,台表科凱基9A購01,0,0,0,0,0,0,0,0,0,20000,0,0,0,20000,0,20000,20000
057767,緯穎凱基98購06  ,0,0,0,0,0,0,0,0,0,20000,0,0,0,20000,0,20000,20000
060203,緯穎元富9A購01  ,0,0,0,0,0,0,0,0,0,20000,0,0,0,20000,0,20000,20000
059129,麗豐中信99購01  ,0,0,0,0,0,0,0,0,0,20000,0,0,0,27000,7000,20000,20000
058179,國巨國泰9B購02  ,0,0,0,0,0,0,0,0,0,20000,0,0,0,20000,0,20000,20000
059705,華新科凱基9A購07,0,0,0,0,0,0,0,0,0,20000,0,0,0,32000,12000,20000,20000
059665,嘉聯益元大99購06,0,0,0,0,0,0,0,0,0,20000,0,0,0,20000,0,20000,20000
059731,康控元大99購04  ,0,0,0,0,0,0,0,0,0,20000,0,0,0,23000,3000,20000,20000
059572,華新科凱基99購08,0,0,0,0,0,0,0,0,0,20000,0,0,0,34000,14000,20000,20000
059325,超眾元大99購05  ,0,0,0,0,0,0,0,0,0,20000,0,0,0,20000,0,20000,20000
063596,嘉澤中信9B購01  ,0,0,0,0,0,0,0,0,0,20000,0,0,0,20000,0,20000,20000
062876,全新兆豐9B購01  ,0,0,0,0,0,0,0,0,0,20000,0,0,0,20000,0,20000,20000
062867,東元中信9B購01  ,0,0,0,0,0,0,0,0,0,20000,0,0,0,20000,0,20000,20000
061308,元金2X中信9A購01,0,0,0,0,0,0,0,0,0,20000,0,0,0,20000,0,20000,20000
061084,京元電兆豐9A購02,0,0,0,0,0,0,0,0,0,20000,0,0,0,40000,20000,20000,20000
061201,FBVIX元大01購03 ,0,0,0,0,0,0,0,0,0,20000,0,0,0,20000,0,20000,20000
062965,FBVIX元富9C購01 ,0,0,0,0,0,0,0,0,0,20000,0,0,0,20000,0,20000,20000
063030,華通凱基9B購03  ,0,0,0,0,0,0,0,0,0,20000,0,0,0,50000,30000,20000,20000
063061,華新科元富9B購04,0,0,0,0,0,0,0,0,0,20000,0,0,0,20000,0,20000,20000
062325,鴻海統一9B購05  ,0,0,0,0,0,0,0,0,0,20000,0,0,0,20000,0,20000,20000
063230,緯穎群益9B購02  ,0,0,0,0,0,0,0,0,0,20000,0,0,0,45000,25000,20000,20000
063183,國巨凱基9B購12  ,0,0,0,0,0,0,0,0,0,20000,0,0,0,20000,0,20000,20000
060841,宏達電國票9B購01,0,0,0,0,0,0,0,0,0,20000,0,0,0,59000,39000,20000,20000
060601,技嘉凱基9A購02  ,0,0,0,0,0,0,0,0,0,20000,0,0,0,20000,0,20000,20000
060783,亞德客富邦9B購01,0,0,0,0,0,0,0,0,0,20000,0,0,0,20000,0,20000,20000
06078P,臺股指凱基9A售01,0,0,0,0,0,0,0,0,0,20000,0,0,0,20000,0,20000,20000
064175,華通國泰02購01  ,0,0,0,0,0,0,0,0,0,20000,0,0,0,145000,125000,20000,20000
064232,鴻海統一01購04  ,0,0,0,0,0,0,0,0,0,20000,0,0,0,40000,20000,20000,20000
062118,華新科中信9B購02,0,0,0,0,0,0,0,0,0,20000,0,0,0,20000,0,20000,20000
061662,瑞儀永豐9A購02  ,0,0,0,0,0,0,0,0,0,20000,0,0,0,20000,0,20000,20000
062400,晶豪科永豐9B購02,0,0,0,0,0,0,0,0,0,20000,0,0,0,20000,0,20000,20000
060464,台積電元大9A購11,0,0,0,0,0,0,0,0,0,20000,0,0,0,20000,0,20000,20000
063667,全新統一01購02  ,0,0,0,0,0,0,0,0,0,20000,0,0,0,40000,20000,20000,20000
061931,力山國票9B購02  ,0,0,0,0,0,0,0,0,0,20000,0,0,0,98000,78000,20000,20000
066103,神基國票02購01  ,0,0,0,0,0,0,0,0,0,20000,0,0,0,35000,15000,20000,20000
066196,南港統一03購01  ,0,0,0,0,0,0,0,0,0,20000,0,0,0,20000,0,20000,20000
066157,晶碩康和01購01  ,0,0,0,0,0,0,0,0,0,20000,0,0,0,35000,15000,20000,20000
06652P,長榮航元大98售01,0,0,0,0,0,0,0,0,0,20000,0,0,0,20000,0,20000,20000
066470,惠特統一02購01  ,0,0,0,0,0,0,0,0,0,20000,0,0,0,20000,0,20000,20000
066458,大毅統一02購02  ,0,0,0,0,0,0,0,0,0,20000,0,0,0,30000,10000,20000,20000
066321,華碩永豐01購01  ,0,0,0,0,0,0,0,0,0,20000,0,0,0,58000,38000,20000,20000
067137,健策永豐01購03  ,0,0,0,0,0,0,0,0,0,20000,0,0,0,20000,0,20000,20000
067161,嘉澤國票02購01  ,0,0,0,0,0,0,0,0,0,20000,0,0,0,20000,0,20000,20000
066680,友達兆豐01購02  ,0,0,0,0,0,0,0,0,0,20000,0,0,0,20000,0,20000,20000
066750,緯穎元大01購04  ,0,0,0,0,0,0,0,0,0,20000,0,0,0,70000,50000,20000,20000
065321,瑞昱凱基9C購01  ,0,0,0,0,0,0,0,0,0,20000,0,0,0,302000,282000,20000,20000
065465,麗豐中信9C購01  ,0,0,0,0,0,0,0,0,0,20000,0,0,0,20000,0,20000,20000
065427,台積電凱基02購04,0,0,0,0,0,0,0,0,0,20000,0,0,0,20000,0,20000,20000
065741,聯發科麥證9C購06,0,0,0,20000,0,20000,0,0,0,20000,0,0,0,20000,0,20000,20000
065916,聯發科凱基01購10,0,0,0,0,0,0,0,0,0,20000,0,0,0,20000,0,20000,20000
065826,國巨凱基9C購12  ,0,0,0,0,0,0,0,0,0,20000,0,0,0,78000,58000,20000,20000
065784,正崴永豐9C購01  ,0,0,0,0,0,0,0,0,0,20000,0,0,0,29000,9000,20000,20000
064772,FBVIX群益9C購04 ,0,0,0,0,0,0,0,0,0,20000,0,0,0,20000,0,20000,20000
064814,祥碩元大9C購06  ,0,0,0,0,0,0,0,0,0,20000,0,0,0,30000,10000,20000,20000
064676,聚陽兆豐9C購01  ,0,0,0,0,0,0,0,0,0,20000,0,0,0,20000,0,20000,20000
064679,晶技兆豐9C購01  ,0,0,0,0,0,0,0,0,0,20000,0,0,0,20000,0,20000,20000
065104,南茂元大9C購02  ,0,0,0,0,0,0,0,0,0,20000,0,0,0,33000,13000,20000,20000
065192,臺股指統一9C購03,0,0,0,0,0,0,0,0,0,20000,0,0,0,20000,0,20000,20000
064974,燿華元大9C購03  ,0,0,0,0,0,0,0,0,0,20000,0,0,0,346000,326000,20000,20000
08008P,華新科統一9B售05,0,0,0,0,0,0,0,0,0,19000,0,0,0,19000,0,19000,19000
08689P,高股息中信01售01,0,0,0,0,0,0,0,0,0,19000,0,0,0,20000,1000,19000,19000
08762P,南六元大01售03  ,0,0,0,0,0,0,0,0,0,19000,0,0,0,20000,1000,19000,19000
068083,南電凱基01購04  ,0,0,0,0,0,0,0,0,0,19000,0,0,0,160000,141000,19000,19000
068387,國巨統一03購02  ,0,0,0,0,0,0,0,0,0,19000,0,0,0,39000,20000,19000,19000
068366,泰碩國泰03購02  ,0,0,0,0,0,0,0,0,0,19000,0,0,0,19000,0,19000,19000
067651,漢唐元富07購01  ,0,0,0,0,0,0,0,0,0,19000,0,0,0,96000,77000,19000,19000
067657,日月光元富01購01,0,0,0,0,0,0,0,0,0,19000,0,0,0,279000,260000,19000,19000
067444,國巨國票03購01  ,0,0,0,0,0,0,0,0,0,19000,0,0,0,48000,29000,19000,19000
067415,大成凱基01購01  ,0,0,0,0,0,0,0,0,0,19000,0,0,0,43000,24000,19000,19000
059688,燿華永豐99購01  ,0,0,0,0,0,0,0,0,0,19000,0,0,0,36000,17000,19000,19000
062195,聚陽中信9C購01  ,0,0,0,0,0,0,0,0,0,19000,0,0,0,81000,62000,19000,19000
058833,台表科永豐99購01,0,0,0,0,0,0,0,0,0,19000,0,0,0,27000,8000,19000,19000
058472,亞德客凱基9A購01,0,0,0,0,0,0,0,0,0,19000,0,0,0,20000,1000,19000,19000
055579,健策統一9A購01  ,0,0,0,0,0,0,0,0,0,19000,0,0,0,19000,0,19000,19000
057084,立積統一9B購01  ,0,0,0,0,0,0,0,0,0,19000,0,0,0,19000,0,19000,19000
050758,聯發科元富9B購01,0,0,0,0,0,0,0,0,0,19000,0,0,0,23000,4000,19000,19000
057175,美律元大98購03  ,0,0,0,0,0,0,0,0,0,19000,0,0,0,19000,0,19000,19000
057282,大立光元大99購06,0,0,0,0,0,0,0,0,0,19000,0,0,0,135000,116000,19000,19000
00743,國泰中國A150    ,0,0,0,0,0,0,0,0,0,19000,0,0,0,22000,3000,19000,19000
020000,富邦特選蘋果N   ,0,0,0,0,0,0,0,0,0,19000,0,0,0,20000,1000,19000,19000
020011,統一微波高息20N ,0,0,0,0,0,0,0,0,0,19000,0,0,0,40000,21000,19000,19000
006203,元大MSCI台灣    ,0,0,0,0,0,0,0,0,0,19000,0,0,0,22000,3000,19000,19000
061974,光寶科元大9B購01,0,0,0,0,0,0,0,0,0,19000,0,0,0,22000,3000,19000,19000
061742,奇鋐凱基9B購01  ,0,0,0,0,0,0,0,0,0,19000,0,0,0,19000,0,19000,19000
064125,聯發科元大02購01,0,0,0,0,0,0,0,0,0,19000,0,0,0,20000,1000,19000,19000
060782,道瓊指富邦9C購01,0,0,0,0,0,0,0,0,0,19000,0,0,0,45000,26000,19000,19000
060717,康控永豐9A購01  ,0,0,0,0,0,0,0,0,0,19000,0,0,0,180000,161000,19000,19000
062829,泰碩群益9B購01  ,0,0,0,0,0,0,0,0,0,19000,0,0,0,19000,0,19000,19000
062855,嘉澤永豐9B購02  ,0,0,0,0,0,0,0,0,0,19000,0,0,0,78000,59000,19000,19000
065093,新日興元大9C購03,0,0,0,0,0,0,0,0,0,19000,0,0,0,75000,56000,19000,19000
06453P,群創元大9B售02  ,0,0,0,0,0,0,0,0,0,19000,0,0,0,20000,1000,19000,19000
065425,國巨凱基01購03  ,0,0,0,0,0,0,0,0,0,19000,0,0,0,20000,1000,19000,19000
066980,台光電群益01購02,0,0,0,0,0,0,0,0,0,19000,0,0,0,68000,49000,19000,19000
1315,達新            ,66000,35000,31000,0,0,0,0,0,0,-12000,0,0,0,2000,14000,-12000,19000
4540,全球傳動        ,49000,30000,19000,0,0,0,0,0,0,0,0,0,0,0,0,0,19000
067455,T50反1國泰03購01,0,0,0,0,0,0,0,0,0,18000,0,0,0,60000,42000,18000,18000
067649,台積電元富07購05,0,0,0,0,0,0,0,0,0,18000,0,0,0,18000,0,18000,18000
067629,亞德客永豐01購01,0,0,0,0,0,0,0,0,0,18000,0,0,0,18000,0,18000,18000
068246,台積電元大01購38,0,0,0,0,0,0,0,0,0,18000,0,0,0,18000,0,18000,18000
08752P,長榮航群益01售01,0,0,0,0,0,0,0,0,0,18000,0,0,0,31000,13000,18000,18000
08785P,滬深2X元富01售04,0,0,0,0,0,0,0,0,0,18000,0,0,0,33000,15000,18000,18000
08194P,同欣電國票9C售03,0,0,0,0,0,0,0,0,0,18000,0,0,0,93000,75000,18000,18000
07216P,大立光凱基99售08,0,0,0,0,0,0,0,0,0,18000,0,0,0,18000,0,18000,18000
06906P,國巨國泰99售01  ,0,0,0,0,0,0,0,0,0,18000,0,0,0,690000,672000,18000,18000
03219P,台積電康和02售01,0,0,0,0,0,0,0,0,0,18000,0,0,0,18000,0,18000,18000
03156P,台灣50元大01售36,0,0,0,0,0,0,0,0,0,18000,0,0,0,18000,0,18000,18000
057023,美律凱基99購02  ,0,0,0,0,0,0,0,0,0,18000,0,0,0,200000,182000,18000,18000
054477,聯發科中信9C購02,0,0,0,0,0,0,0,0,0,18000,0,0,0,18000,0,18000,18000
058105,旺宏統一9A購02  ,0,0,0,0,0,0,0,0,0,18000,0,0,0,59000,41000,18000,18000
058431,國巨統一9B購01  ,0,0,0,0,0,0,0,0,0,18000,0,0,0,461000,443000,18000,18000
060888,金像電統一9C購01,0,0,0,0,0,0,0,0,0,18000,0,0,0,18000,0,18000,18000
061583,矽創元大9A購01  ,0,0,0,0,0,0,0,0,0,18000,0,0,0,19000,1000,18000,18000
057591,鴻海兆豐99購01  ,0,0,0,0,0,0,0,0,0,18000,0,0,0,18000,0,18000,18000
057712,南亞科統一9A購01,0,0,0,0,0,0,0,0,0,18000,0,0,0,18000,0,18000,18000
063426,茂林凱基9B購03  ,0,0,0,0,0,0,0,0,0,18000,0,0,0,18000,0,18000,18000
061168,力成兆豐9A購01  ,0,0,0,0,0,0,0,0,0,18000,0,0,0,18000,0,18000,18000
061453,台達電凱基9B購01,0,0,0,0,0,0,0,0,0,18000,0,0,0,18000,0,18000,18000
063747,國巨國票9C購06  ,0,0,0,0,0,0,0,0,0,18000,0,0,0,49000,31000,18000,18000
060571,京元電永豐9A購01,0,0,0,0,0,0,0,0,0,18000,0,0,0,30000,12000,18000,18000
064132,神達元大9C購02  ,0,0,0,0,0,0,0,0,0,18000,0,0,0,20000,2000,18000,18000
062052,華通統一01購01  ,0,0,0,0,0,0,0,0,0,18000,0,0,0,18000,0,18000,18000
066935,奇鋐國票02購02  ,0,0,0,0,0,0,0,0,0,18000,0,0,0,18000,0,18000,18000
067205,台積電元大01購22,0,0,0,0,0,0,0,0,0,18000,0,0,0,20000,2000,18000,18000
065479,新日興元大9C購05,0,0,0,0,0,0,0,0,0,18000,0,0,0,68000,50000,18000,18000
064752,台達電凱基01購01,0,0,0,0,0,0,0,0,0,18000,0,0,0,38000,20000,18000,18000
6668,中揚光          ,41000,22000,19000,0,0,0,0,0,0,-1000,0,1000,-1000,0,0,0,18000
3037,欣興            ,14590000,17383000,-2793000,0,0,0,1224357,0,1224357,1586000,892000,373000,519000,1155000,88000,1067000,17357
07986P,大成鋼統一9B售02,0,0,0,0,0,0,0,0,0,17000,0,0,0,27000,10000,17000,17000
08295P,長榮航元大9C售01,0,0,0,0,0,0,0,0,0,17000,0,0,0,17000,0,17000,17000
08220P,華邦電凱基9B售02,0,0,0,0,0,0,0,0,0,17000,0,0,0,17000,0,17000,17000
08473P,康控凱基9C售01  ,0,0,0,0,0,0,0,0,0,17000,0,0,0,20000,3000,17000,17000
08844P,滬深2X元大03售03,0,0,0,0,0,0,0,0,0,17000,0,0,0,17000,0,17000,17000
068375,台光電永豐01購02,0,0,0,0,0,0,0,0,0,17000,0,0,0,85000,68000,17000,17000
068396,南電統一03購02  ,0,0,0,0,0,0,0,0,0,17000,0,0,0,706000,689000,17000,17000
067976,訊連群益01購01  ,0,0,0,0,0,0,0,0,0,17000,0,0,0,36000,19000,17000,17000
067634,高鐵永豐01購01  ,0,0,0,0,0,0,0,0,0,17000,0,0,0,17000,0,17000,17000
059643,日月光凱基99購02,0,0,0,0,0,0,0,0,0,17000,0,0,0,20000,3000,17000,17000
059425,SGBR2X元大9A購02,0,0,0,0,0,0,0,0,0,17000,0,0,0,17000,0,17000,17000
058218,緯穎群益99購01  ,0,0,0,0,0,0,0,0,0,17000,0,0,0,17000,0,17000,17000
059788,華新科元大9A購05,0,0,0,0,0,0,0,0,0,17000,0,0,0,29000,12000,17000,17000
058807,和大統一9B購01  ,0,0,0,0,0,0,0,0,0,17000,0,0,0,20000,3000,17000,17000
058348,台表科群益99購01,0,0,0,0,0,0,0,0,0,17000,0,0,0,17000,0,17000,17000
058588,致茂中信9B購01  ,0,0,0,0,0,0,0,0,0,17000,0,0,0,50000,33000,17000,17000
058010,帆宣國票98購01  ,0,0,0,0,0,0,0,0,0,17000,0,0,0,83000,66000,17000,17000
058943,元石油群益9C購01,0,0,0,0,0,0,0,0,0,17000,0,0,0,17000,0,17000,17000
054471,T50反1中信9C購01,0,0,0,0,0,0,0,0,0,17000,0,0,0,92000,75000,17000,17000
03002P,玉晶光群益02售18,0,0,0,0,0,0,0,0,0,17000,0,0,0,17000,0,17000,17000
056156,禾伸堂凱基98購04,0,0,0,0,0,0,0,0,0,17000,0,0,0,17000,0,17000,17000
056192,智邦富邦98購01  ,0,0,0,0,0,0,0,0,0,17000,0,0,0,17000,0,17000,17000
057266,TPK兆豐98購02   ,0,0,0,0,0,0,0,0,0,17000,0,0,0,17000,0,17000,17000
00688L,國泰20年美債正2 ,0,150000,-150000,0,0,0,0,0,0,167000,0,0,0,268000,101000,167000,17000
063658,瑞祺元富9B購01  ,0,0,0,0,0,0,0,0,0,17000,0,0,0,370000,353000,17000,17000
061868,旺宏元大9B購03  ,0,0,0,0,0,0,0,0,0,17000,0,0,0,34000,17000,17000,17000
061790,中租群益9B購01  ,0,0,0,0,0,0,0,0,0,17000,0,0,0,100000,83000,17000,17000
060695,同欣電麥證9A購01,0,0,0,17000,0,17000,0,0,0,17000,0,0,0,17000,0,17000,17000
062451,瀚宇博元大9B購02,0,0,0,0,0,0,0,0,0,17000,0,0,0,17000,0,17000,17000
063015,微星元大9B購01  ,0,0,0,0,0,0,0,0,0,17000,0,0,0,22000,5000,17000,17000
063406,麗豐國票9C購01  ,0,0,0,0,0,0,0,0,0,17000,0,0,0,18000,1000,17000,17000
064678,嘉晶兆豐01購01  ,0,0,0,0,0,0,0,0,0,17000,0,0,0,205000,188000,17000,17000
065581,寶成群益9C購01  ,0,0,0,0,0,0,0,0,0,17000,0,0,0,17000,0,17000,17000
065892,聯發科統一02購04,0,0,0,0,0,0,0,0,0,17000,0,0,0,47000,30000,17000,17000
065777,正崴國泰03購01  ,0,0,0,0,0,0,0,0,0,17000,0,0,0,86000,69000,17000,17000
065610,牧德元大02購01  ,0,0,0,0,0,0,0,0,0,17000,0,0,0,222000,205000,17000,17000
067068,台積電元大01購21,0,0,0,0,0,0,0,0,0,17000,0,0,0,17000,0,17000,17000
066574,康友元大01購01  ,0,0,0,0,0,0,0,0,0,17000,0,0,0,81000,64000,17000,17000
066005,國巨統一03購01  ,0,0,0,0,0,0,0,0,0,17000,0,0,0,35000,18000,17000,17000
3305,昇貿            ,16000,10000,6000,0,0,0,0,0,0,11000,11000,0,11000,0,0,0,17000
2020,美亞            ,42000,26000,16000,0,0,0,0,0,0,1000,1000,0,1000,0,0,0,17000
2365,昆盈            ,65000,45000,20000,0,0,0,0,0,0,-3000,0,3000,-3000,0,0,0,17000
067805,宏碁凱基01購02  ,0,0,0,0,0,0,0,0,0,16000,0,0,0,61000,45000,16000,16000
067807,京元電凱基01購02,0,0,0,0,0,0,0,0,0,16000,0,0,0,32000,16000,16000,16000
068129,宏碁統一03購01  ,0,0,0,0,0,0,0,0,0,16000,0,0,0,16000,0,16000,16000
08629P,緯創凱基9C售02  ,0,0,0,0,0,0,0,0,0,16000,0,0,0,56000,40000,16000,16000
08552P,華新科群益9C售04,0,0,0,0,0,0,0,0,0,16000,0,0,0,16000,0,16000,16000
08258P,旺宏元大9C售04  ,0,0,0,0,0,0,0,0,0,16000,0,0,0,171000,155000,16000,16000
056891,國巨元大99購03  ,0,0,0,0,0,0,0,0,0,16000,0,0,0,31000,15000,16000,16000
056657,華邦電元大99購01,0,0,0,0,0,0,0,0,0,16000,0,0,0,16000,0,16000,16000
053781,友達元大9B購03  ,0,0,0,0,0,0,0,0,0,16000,0,0,0,16000,0,16000,16000
057421,智原凱基98購04  ,0,0,0,0,0,0,0,0,0,16000,0,0,0,16000,0,16000,16000
052475,滬深2X群益99購06,0,0,0,0,0,0,0,0,0,16000,0,0,0,90000,74000,16000,16000
052152,創意富邦98購01  ,0,0,0,0,0,0,0,0,0,16000,0,0,0,16000,0,16000,16000
058091,欣興元大99購03  ,0,0,0,0,0,0,0,0,0,16000,0,0,0,33000,17000,16000,16000
058721,立積元富9C購01  ,0,0,0,0,0,0,0,0,0,16000,0,0,0,16000,0,16000,16000
058897,國巨元大99購17  ,0,0,0,0,0,0,0,0,0,16000,0,0,0,16000,0,16000,16000
061601,台積電凱基9A購26,0,0,0,0,0,0,0,0,0,16000,0,0,0,32000,16000,16000,16000
057744,健策永豐98購02  ,0,0,0,0,0,0,0,0,0,16000,0,0,0,16000,0,16000,16000
057544,鴻海凱基02購01  ,0,0,0,0,0,0,0,0,0,16000,0,0,0,50000,34000,16000,16000
063508,緯創群益9B購01  ,0,0,0,0,0,0,0,0,0,16000,0,0,0,24000,8000,16000,16000
061428,南六元大9A購01  ,0,0,0,0,0,0,0,0,0,16000,0,0,0,16000,0,16000,16000
062940,華新科凱基9C購02,0,0,0,0,0,0,0,0,0,16000,0,0,0,20000,4000,16000,16000
063966,大毅國票01購01  ,0,0,0,0,0,0,0,0,0,16000,0,0,0,16000,0,16000,16000
062470,智邦凱基9C購01  ,0,0,0,0,0,0,0,0,0,16000,0,0,0,128000,112000,16000,16000
060789,禾伸堂富邦9B購02,0,0,0,0,0,0,0,0,0,16000,0,0,0,101000,85000,16000,16000
064353,力成元大9C購02  ,0,0,0,0,0,0,0,0,0,16000,0,0,0,36000,20000,16000,16000
061707,超眾國票9B購01  ,0,0,0,0,0,0,0,0,0,16000,0,0,0,16000,0,16000,16000
066473,大成鋼麥證01購01,0,0,0,32000,16000,16000,0,0,0,16000,0,0,0,32000,16000,16000,16000
066813,亞德客兆豐01購01,0,0,0,0,0,0,0,0,0,16000,0,0,0,36000,20000,16000,16000
066862,台達電台新01購01,0,0,0,0,0,0,0,0,0,16000,0,0,0,16000,0,16000,16000
066871,台表科元富07購01,0,0,0,0,0,0,0,0,0,16000,0,0,0,222000,206000,16000,16000
065692,國巨群益9C購17  ,0,0,0,0,0,0,0,0,0,16000,0,0,0,39000,23000,16000,16000
065428,旺宏凱基03購01  ,0,0,0,0,0,0,0,0,0,16000,0,0,0,30000,14000,16000,16000
064659,台達電元大9C購02,0,0,0,0,0,0,0,0,0,16000,0,0,0,176000,160000,16000,16000
064946,台積電凱基01購07,0,0,0,0,0,0,0,0,0,16000,0,0,0,86000,70000,16000,16000
8404,百和興業-KY     ,56000,39000,17000,0,0,0,0,0,0,-1000,6000,7000,-1000,0,0,0,16000
08104P,晶技元大9B售06  ,0,0,0,0,0,0,0,0,0,15000,0,0,0,15000,0,15000,15000
08477P,臺股指凱基9C售15,0,0,0,0,0,0,0,0,0,15000,0,0,0,15000,0,15000,15000
08722P,臺股指元大01售03,0,0,0,0,0,0,0,0,0,15000,0,0,0,15000,0,15000,15000
08883P,台積電國票02售02,0,0,0,0,0,0,0,0,0,15000,0,0,0,15000,0,15000,15000
08031P,臺股指元大9B售38,0,0,0,0,0,0,0,0,0,15000,0,0,0,15000,0,15000,15000
06861P,台積電國票99售08,0,0,0,0,0,0,0,0,0,15000,0,0,0,15000,0,15000,15000
068409,緯穎元富07購01  ,0,0,0,0,0,0,0,0,0,15000,0,0,0,70000,55000,15000,15000
068432,技嘉凱基01購02  ,0,0,0,0,0,0,0,0,0,15000,0,0,0,30000,15000,15000,15000
068500,華擎元大01購09  ,0,0,0,0,0,0,0,0,0,15000,0,0,0,237000,222000,15000,15000
068512,聯發科統一03購07,0,0,0,0,0,0,0,0,0,15000,0,0,0,25000,10000,15000,15000
067821,力成凱基01購02  ,0,0,0,0,0,0,0,0,0,15000,0,0,0,25000,10000,15000,15000
067769,國巨統一02購04  ,0,0,0,0,0,0,0,0,0,15000,0,0,0,125000,110000,15000,15000
067590,茂林群益01購01  ,0,0,0,0,0,0,0,0,0,15000,0,0,0,15000,0,15000,15000
059146,貿聯國票9A購02  ,0,0,0,0,0,0,0,0,0,15000,0,0,0,15000,0,15000,15000
060346,華新科統一01購01,0,0,0,0,0,0,0,0,0,15000,0,0,0,127000,112000,15000,15000
060952,滬深2X群益9C購05,0,0,0,0,0,0,0,0,0,15000,0,0,0,15000,0,15000,15000
063877,鴻海元富9C購01  ,0,0,0,0,0,0,0,0,0,15000,0,0,0,15000,0,15000,15000
058589,群創中信01購01  ,0,0,0,0,0,0,0,0,0,15000,0,0,0,63000,48000,15000,15000
058346,嘉晶群益99購01  ,0,0,0,0,0,0,0,0,0,15000,0,0,0,20000,5000,15000,15000
057963,緯穎元大98購08  ,0,0,0,0,0,0,0,0,0,15000,0,0,0,22000,7000,15000,15000
056347,GIS凱基9A購01   ,0,0,0,0,0,0,0,0,0,15000,0,0,0,15000,0,15000,15000
056390,台積電富邦9B購01,0,0,0,0,0,0,0,0,0,15000,0,0,0,15000,0,15000,15000
056914,臺股指元大99購09,0,0,0,0,0,0,0,0,0,15000,0,0,0,15000,0,15000,15000
057085,立積統一9B購02  ,0,0,0,0,0,0,0,0,0,15000,0,0,0,27000,12000,15000,15000
056705,超眾國泰99購01  ,0,0,0,0,0,0,0,0,0,15000,0,0,0,15000,0,15000,15000
03099P,玉晶光凱基03售01,0,0,0,0,0,0,0,0,0,15000,0,0,0,25000,10000,15000,15000
057260,微星兆豐98購01  ,0,0,0,0,0,0,0,0,0,15000,0,0,0,15000,0,15000,15000
00709,富邦歐洲        ,0,0,0,0,0,0,0,0,0,15000,0,0,0,115000,100000,15000,15000
03214P,技嘉群益02售02  ,0,0,0,0,0,0,0,0,0,15000,0,0,0,16000,1000,15000,15000
063663,台光電統一9C購01,0,0,0,0,0,0,0,0,0,15000,0,0,0,16000,1000,15000,15000
061025,創意富邦9B購01  ,0,0,0,0,0,0,0,0,0,15000,0,0,0,20000,5000,15000,15000
064433,金像電凱基02購01,0,0,0,0,0,0,0,0,0,15000,0,0,0,90000,75000,15000,15000
060685,康友元大9A購01  ,0,0,0,0,0,0,0,0,0,15000,0,0,0,15000,0,15000,15000
064105,南茂群益9C購01  ,0,0,0,0,0,0,0,0,0,15000,0,0,0,17000,2000,15000,15000
064207,國巨凱基03購02  ,0,0,0,0,0,0,0,0,0,15000,0,0,0,20000,5000,15000,15000
062564,矽創凱基9B購01  ,0,0,0,0,0,0,0,0,0,15000,0,0,0,15000,0,15000,15000
063151,奇鋐元富9B購01  ,0,0,0,0,0,0,0,0,0,15000,0,0,0,15000,0,15000,15000
062719,微星凱基9B購01  ,0,0,0,0,0,0,0,0,0,15000,0,0,0,25000,10000,15000,15000
062769,臺股指凱基9B購13,0,0,0,0,0,0,0,0,0,15000,0,0,0,15000,0,15000,15000
061070,超眾凱基9C購01  ,0,0,0,0,0,0,0,0,0,15000,0,0,0,15000,0,15000,15000
065097,貿聯元大9C購04  ,0,0,0,0,0,0,0,0,0,15000,0,0,0,15000,0,15000,15000
065141,國巨凱基9C購10  ,0,0,0,0,0,0,0,0,0,15000,0,0,0,43000,28000,15000,15000
064523,聯茂群益9C購01  ,0,0,0,0,0,0,0,0,0,15000,0,0,0,100000,85000,15000,15000
064746,貿聯國票01購02  ,0,0,0,0,0,0,0,0,0,15000,0,0,0,15000,0,15000,15000
064860,聯發科富邦03購01,0,0,0,0,0,0,0,0,0,15000,0,0,0,15000,0,15000,15000
065917,全新凱基02購01  ,0,0,0,0,0,0,0,0,0,15000,0,0,0,15000,0,15000,15000
065890,台積電統一03購01,0,0,0,0,0,0,0,0,0,15000,0,0,0,15000,0,15000,15000
066967,台積電元富07購03,0,0,0,0,0,0,0,0,0,15000,0,0,0,19000,4000,15000,15000
067216,健策元大01購09  ,0,0,0,0,0,0,0,0,0,15000,0,0,0,98000,83000,15000,15000
9929,秋雨            ,15000,2000,13000,0,0,0,0,0,0,2000,2000,0,2000,0,0,0,15000
4144,康聯-KY         ,29000,14000,15000,0,0,0,0,0,0,0,0,0,0,0,0,0,15000
067617,臺股指凱基01購12,0,0,0,0,0,0,0,0,0,14000,0,0,0,15000,1000,14000,14000
06776P,鴻海元大99售05  ,0,0,0,0,0,0,0,0,0,14000,0,0,0,14000,0,14000,14000
067307,聯詠元大01購06  ,0,0,0,0,0,0,0,0,0,14000,0,0,0,14000,0,14000,14000
068447,A50正2國票03購01,0,0,0,0,0,0,0,0,0,14000,0,0,0,20000,6000,14000,14000
068147,台積電元大02購06,0,0,0,0,0,0,0,0,0,14000,0,0,0,14000,0,14000,14000
068059,宏碁中信03購01  ,0,0,0,0,0,0,0,0,0,14000,0,0,0,15000,1000,14000,14000
08009P,華擎統一9B售02  ,0,0,0,0,0,0,0,0,0,14000,0,0,0,14000,0,14000,14000
08011P,玉晶光元大9B售05,0,0,0,0,0,0,0,0,0,14000,0,0,0,14000,0,14000,14000
07300P,臺股指元大9A售33,0,0,0,0,0,0,0,0,0,14000,0,0,0,50000,36000,14000,14000
08892P,台積電元大01售27,0,0,0,0,0,0,0,0,0,14000,0,0,0,14000,0,14000,14000
046942,友達元大99購01  ,0,0,0,0,0,0,0,0,0,14000,0,0,0,14000,0,14000,14000
03686C,臺股指元大04牛05,0,0,0,0,0,0,0,0,0,14000,0,0,0,14000,0,14000,14000
055782,新日興凱基99購01,0,0,0,0,0,0,0,0,0,14000,0,0,0,14000,0,14000,14000
056471,台光電元大99購01,0,0,0,0,0,0,0,0,0,14000,0,0,0,21000,7000,14000,14000
053378,台積電元大98購02,0,0,0,0,0,0,0,0,0,14000,0,0,0,14000,0,14000,14000
058797,大毅元大99購03  ,0,0,0,0,0,0,0,0,0,14000,0,0,0,14000,0,14000,14000
062190,瀚宇博元大9B購01,0,0,0,0,0,0,0,0,0,14000,0,0,0,166000,152000,14000,14000
059115,美食永豐99購01  ,0,0,0,0,0,0,0,0,0,14000,0,0,0,14000,0,14000,14000
057626,技嘉富邦9A購01  ,0,0,0,0,0,0,0,0,0,14000,0,0,0,295000,281000,14000,14000
061150,國巨群益9A購09  ,0,0,0,0,0,0,0,0,0,14000,0,0,0,55000,41000,14000,14000
063454,瑞儀統一9B購01  ,0,0,0,0,0,0,0,0,0,14000,0,0,0,15000,1000,14000,14000
062296,南六永豐9B購02  ,0,0,0,0,0,0,0,0,0,14000,0,0,0,15000,1000,14000,14000
063179,群創兆豐9B購01  ,0,0,0,0,0,0,0,0,0,14000,0,0,0,14000,0,14000,14000
063951,新日興元大9C購01,0,0,0,0,0,0,0,0,0,14000,0,0,0,34000,20000,14000,14000
064026,建準元大9C購02  ,0,0,0,0,0,0,0,0,0,14000,0,0,0,239000,225000,14000,14000
060677,京元電元大9A購04,0,0,0,0,0,0,0,0,0,14000,0,0,0,40000,26000,14000,14000
064384,聯電富邦01購01  ,0,0,0,0,0,0,0,0,0,14000,0,0,0,14000,0,14000,14000
063399,智原群益9B購01  ,0,0,0,0,0,0,0,0,0,14000,0,0,0,35000,21000,14000,14000
066978,國巨群益01購03  ,0,0,0,0,0,0,0,0,0,14000,0,0,0,34000,20000,14000,14000
066909,義隆凱基01購04  ,0,0,0,0,0,0,0,0,0,14000,0,0,0,51000,37000,14000,14000
066601,上証2X富邦02購01,0,0,0,0,0,0,0,0,0,14000,0,0,0,14000,0,14000,14000
066403,台郡凱基01購02  ,0,0,0,0,0,0,0,0,0,14000,0,0,0,14000,0,14000,14000
066360,致茂中信05購01  ,0,0,0,0,0,0,0,0,0,14000,0,0,0,76000,62000,14000,14000
066086,東元永豐01購01  ,0,0,0,0,0,0,0,0,0,14000,0,0,0,14000,0,14000,14000
065914,智邦凱基02購03  ,0,0,0,0,0,0,0,0,0,14000,0,0,0,150000,136000,14000,14000
06586P,鴻海元大9C售01  ,0,0,0,0,0,0,0,0,0,14000,0,0,0,14000,0,14000,14000
065797,臺指反群益9C購02,0,0,0,0,0,0,0,0,0,14000,0,0,0,20000,6000,14000,14000
065808,力成群益9C購02  ,0,0,0,0,0,0,0,0,0,14000,0,0,0,14000,0,14000,14000
4426,利勤            ,40000,26000,14000,0,0,0,0,0,0,0,0,0,0,0,0,0,14000
4952,凌通            ,30000,16000,14000,0,0,0,0,0,0,0,0,0,0,0,0,0,14000
2881B,富邦金乙特      ,0,0,0,0,0,0,0,0,0,14000,14000,0,14000,0,0,0,14000
1541,錩泰            ,31000,14000,17000,0,0,0,0,0,0,-3000,2000,5000,-3000,0,0,0,14000
6409,旭隼            ,111256,103050,8206,0,0,0,0,0,0,5000,5000,0,5000,0,0,0,13206
6197,佳必琪          ,121000,116000,5000,0,0,0,98,0,98,8000,10000,2000,8000,0,0,0,13098
08645P,臺股指中信03售01,0,0,0,0,0,0,0,0,0,13000,0,0,0,55000,42000,13000,13000
08282P,南六群益9C售01  ,0,0,0,0,0,0,0,0,0,13000,0,0,0,13000,0,13000,13000
08297P,寶成元大9C售01  ,0,0,0,0,0,0,0,0,0,13000,0,0,0,14000,1000,13000,13000
07224P,鴻海元大9A售02  ,0,0,0,0,0,0,0,0,0,13000,0,0,0,13000,0,13000,13000
068709,上緯控國票03購01,0,0,0,0,0,0,0,0,0,13000,0,0,0,180000,167000,13000,13000
067968,大立光群益01購10,0,0,0,0,0,0,0,0,0,13000,0,0,0,63000,50000,13000,13000
068374,技嘉永豐01購01  ,0,0,0,0,0,0,0,0,0,13000,0,0,0,25000,12000,13000,13000
067410,聚陽兆豐01購01  ,0,0,0,0,0,0,0,0,0,13000,0,0,0,20000,7000,13000,13000
058184,鴻海永豐99購01  ,0,0,0,0,0,0,0,0,0,13000,0,0,0,27000,14000,13000,13000
059905,A50正2元大9C購06,0,0,0,0,0,0,0,0,0,13000,0,0,0,14000,1000,13000,13000
061603,瑞昱凱基9A購02  ,0,0,0,0,0,0,0,0,0,13000,0,0,0,13000,0,13000,13000
058586,鴻海中信01購02  ,0,0,0,0,0,0,0,0,0,13000,0,0,0,33000,20000,13000,13000
05748P,臺股指群益99售02,0,0,0,0,0,0,0,0,0,13000,0,0,0,13000,0,13000,13000
03083P,鴻海元大01售22  ,0,0,0,0,0,0,0,0,0,13000,0,0,0,13000,0,13000,13000
03079P,台灣50元大01售31,0,0,0,0,0,0,0,0,0,13000,0,0,0,26000,13000,13000,13000
006208,富邦台50        ,17000,19000,-2000,0,0,0,0,0,0,15000,0,0,0,58000,43000,15000,13000
062140,元金2X國票9B購03,0,0,0,0,0,0,0,0,0,13000,0,0,0,13000,0,13000,13000
060720,嘉聯益永豐9A購02,0,0,0,0,0,0,0,0,0,13000,0,0,0,137000,124000,13000,13000
060761,南亞科元大9A購05,0,0,0,0,0,0,0,0,0,13000,0,0,0,13000,0,13000,13000
062511,台光電國票9B購02,0,0,0,0,0,0,0,0,0,13000,0,0,0,42000,29000,13000,13000
063212,聯發科國票9C購02,0,0,0,0,0,0,0,0,0,13000,0,0,0,25000,12000,13000,13000
062636,聯鈞國票9B購01  ,0,0,0,0,0,0,0,0,0,13000,0,0,0,28000,15000,13000,13000
061181,牧德凱基9A購01  ,0,0,0,0,0,0,0,0,0,13000,0,0,0,15000,2000,13000,13000
061429,南六元大9A購02  ,0,0,0,0,0,0,0,0,0,13000,0,0,0,13000,0,13000,13000
061466,創意群益9A購01  ,0,0,0,0,0,0,0,0,0,13000,0,0,0,219000,206000,13000,13000
065665,鴻海凱基9C購04  ,0,0,0,0,0,0,0,0,0,13000,0,0,0,13000,0,13000,13000
066365,富邦金中信03購01,0,0,0,0,0,0,0,0,0,13000,0,0,0,50000,37000,13000,13000
066313,泰豐永豐01購01  ,0,0,0,0,0,0,0,0,0,13000,0,0,0,17000,4000,13000,13000
066803,智原凱基01購02  ,0,0,0,0,0,0,0,0,0,13000,0,0,0,13000,0,13000,13000
3229,晟鈦            ,15000,2000,13000,0,0,0,0,0,0,0,0,0,0,0,0,0,13000
8271,宇瞻            ,103000,97000,6000,0,0,0,0,0,0,7000,7000,0,7000,0,0,0,13000
1457,宜進            ,26000,13000,13000,0,0,0,0,0,0,0,0,0,0,0,0,0,13000
08966P,臺指反元大04售07,0,0,0,0,0,0,0,0,0,13000,0,0,0,13000,0,13000,13000
2540,愛山林          ,20000,7000,13000,0,0,0,0,0,0,0,0,0,0,0,0,0,13000
067462,台灣50元大01購27,0,0,0,0,0,0,0,0,0,12000,0,0,0,12000,0,12000,12000
067442,南港國票02購01  ,0,0,0,0,0,0,0,0,0,12000,0,0,0,12000,0,12000,12000
06782P,大立光元大99售07,0,0,0,0,0,0,0,0,0,12000,0,0,0,12000,0,12000,12000
068026,華通元富07購01  ,0,0,0,0,0,0,0,0,0,12000,0,0,0,12000,0,12000,12000
08534P,玉晶光元富06售02,0,0,0,0,0,0,0,0,0,12000,0,0,0,51000,39000,12000,12000
08727P,健策群益01售07  ,0,0,0,0,0,0,0,0,0,12000,0,0,0,22000,10000,12000,12000
08931P,晶技元富07售02  ,0,0,0,0,0,0,0,0,0,12000,0,0,0,12000,0,12000,12000
03065P,台積電群益01售18,0,0,0,0,0,0,0,0,0,12000,0,0,0,12000,0,12000,12000
056689,玉晶光統一9A購03,0,0,0,0,0,0,0,0,0,12000,0,0,0,26000,14000,12000,12000
057475,聯電元大9A購01  ,0,0,0,0,0,0,0,0,0,12000,0,0,0,15000,3000,12000,12000
057401,晶豪科群益99購01,0,0,0,0,0,0,0,0,0,12000,0,0,0,12000,0,12000,12000
056346,聯茂凱基99購02  ,0,0,0,0,0,0,0,0,0,12000,0,0,0,32000,20000,12000,12000
062218,燿華統一01購01  ,0,0,0,0,0,0,0,0,0,12000,0,0,0,42000,30000,12000,12000
057621,崇越凱基98購01  ,0,0,0,0,0,0,0,0,0,12000,0,0,0,12000,0,12000,12000
061066,嘉晶凱基9B購01  ,0,0,0,0,0,0,0,0,0,12000,0,0,0,58000,46000,12000,12000
063651,金像電台新9B購01,0,0,0,0,0,0,0,0,0,12000,0,0,0,312000,300000,12000,12000
063602,金像電凱基9B購04,0,0,0,0,0,0,0,0,0,12000,0,0,0,15000,3000,12000,12000
063738,奇鋐元大9B購03  ,0,0,0,0,0,0,0,0,0,12000,0,0,0,17000,5000,12000,12000
062591,新日興統一9C購01,0,0,0,0,0,0,0,0,0,12000,0,0,0,12000,0,12000,12000
064176,京元電國泰01購01,0,0,0,0,0,0,0,0,0,12000,0,0,0,28000,16000,12000,12000
062029,牧德群益9B購03  ,0,0,0,0,0,0,0,0,0,12000,0,0,0,242000,230000,12000,12000
062046,矽格凱基9B購01  ,0,0,0,0,0,0,0,0,0,12000,0,0,0,17000,5000,12000,12000
062173,世紀鋼永豐9B購01,0,0,0,0,0,0,0,0,0,12000,0,0,0,12000,0,12000,12000
062160,南六凱基9B購01  ,0,0,0,0,0,0,0,0,0,12000,0,0,0,12000,0,12000,12000
061039,台表科永豐9A購03,0,0,0,0,0,0,0,0,0,12000,0,0,0,35000,23000,12000,12000
060953,富邦金群益9A購01,0,0,0,0,0,0,0,0,0,12000,0,0,0,34000,22000,12000,12000
066711,臺股指群益01購03,0,0,0,0,0,0,0,0,0,12000,0,0,0,12000,0,12000,12000
066727,鴻海元大01購12  ,0,0,0,0,0,0,0,0,0,12000,0,0,0,15000,3000,12000,12000
067202,聚陽元大01購02  ,0,0,0,0,0,0,0,0,0,12000,0,0,0,148000,136000,12000,12000
066069,英業達凱基02購01,0,0,0,0,0,0,0,0,0,12000,0,0,0,12000,0,12000,12000
066024,金像電群益01購04,0,0,0,0,0,0,0,0,0,12000,0,0,0,15000,3000,12000,12000
065503,燿華永豐9C購04  ,0,0,0,0,0,0,0,0,0,12000,0,0,0,12000,0,12000,12000
065002,致茂國票01購01  ,0,0,0,0,0,0,0,0,0,12000,0,0,0,96000,84000,12000,12000
1472,三洋紡          ,65000,53000,12000,0,0,0,0,0,0,0,0,0,0,0,0,0,12000
1321,大洋            ,27000,15000,12000,0,0,0,0,0,0,0,0,0,0,0,0,0,12000
1786,科妍            ,55000,38000,17000,0,0,0,0,0,0,-5000,0,5000,-5000,0,0,0,12000
8114,振樺電          ,22000,10000,12000,0,0,0,0,0,0,0,0,0,0,0,0,0,12000
9911,櫻花            ,73000,91000,-18000,0,0,0,0,0,0,30000,30000,0,30000,0,0,0,12000
3518,柏騰            ,46000,34000,12000,0,0,0,0,0,0,0,0,0,0,0,0,0,12000
5285,界霖            ,60000,33000,27000,0,0,0,0,0,0,-15000,0,15000,-15000,0,0,0,12000
6415,矽力-KY         ,181872,170296,11576,0,0,0,0,0,0,0,0,0,0,0,0,0,11576
08517P,奇力新群益9C售03,0,0,0,0,0,0,0,0,0,11000,0,0,0,11000,0,11000,11000
08390P,旺宏凱基9C售02  ,0,0,0,0,0,0,0,0,0,11000,0,0,0,21000,10000,11000,11000
08239P,南六永豐9B售03  ,0,0,0,0,0,0,0,0,0,11000,0,0,0,11000,0,11000,11000
068566,聯發科元大01購31,0,0,0,0,0,0,0,0,0,11000,0,0,0,37000,26000,11000,11000
07230P,滬深2X群益01售02,0,0,0,0,0,0,0,0,0,11000,0,0,0,141000,130000,11000,11000
068032,大毅元富07購01  ,0,0,0,0,0,0,0,0,0,11000,0,0,0,11000,0,11000,11000
067956,玉晶光永豐01購08,0,0,0,0,0,0,0,0,0,11000,0,0,0,11000,0,11000,11000
068173,友達中信01購05  ,0,0,0,0,0,0,0,0,0,11000,0,0,0,95000,84000,11000,11000
068382,亞德客統一03購01,0,0,0,0,0,0,0,0,0,11000,0,0,0,13000,2000,11000,11000
067716,台船凱基01購01  ,0,0,0,0,0,0,0,0,0,11000,0,0,0,95000,84000,11000,11000
067527,遠東新群益01購01,0,0,0,0,0,0,0,0,0,11000,0,0,0,21000,10000,11000,11000
057546,台積電凱基02購01,0,0,0,0,0,0,0,0,0,11000,0,0,0,11000,0,11000,11000
060236,精元元大9C購01  ,0,0,0,0,0,0,0,0,0,11000,0,0,0,11000,0,11000,11000
059532,華新科凱基9B購03,0,0,0,0,0,0,0,0,0,11000,0,0,0,16000,5000,11000,11000
060871,台灣50中信01購03,0,0,0,0,0,0,0,0,0,11000,0,0,0,11000,0,11000,11000
058644,元黃金富邦03購01,0,0,0,0,0,0,0,0,0,11000,0,0,0,12000,1000,11000,11000
056578,智易元大99購02  ,0,0,0,0,0,0,0,0,0,11000,0,0,0,11000,0,11000,11000
057147,新日興國票99購01,0,0,0,0,0,0,0,0,0,11000,0,0,0,14000,3000,11000,11000
047885,元金2X富邦99購01,0,0,0,0,0,0,0,0,0,11000,0,0,0,11000,0,11000,11000
048070,聯發科元富99購03,0,0,0,0,0,0,0,0,0,11000,0,0,0,11000,0,11000,11000
00660,元大歐洲50      ,0,0,0,0,0,0,0,0,0,11000,0,0,0,31000,20000,11000,11000
03200P,台積電統一03售11,0,0,0,0,0,0,0,0,0,11000,0,0,0,11000,0,11000,11000
062116,元金2X第一9B購01,0,0,0,0,0,0,0,0,0,11000,0,0,0,11000,0,11000,11000
063368,遠東新永豐9B購01,0,0,0,0,0,0,0,0,0,11000,0,0,0,11000,0,11000,11000
062411,玉晶光第一9B購01,0,0,0,0,0,0,0,0,0,11000,0,0,0,11000,0,11000,11000
064138,亞德客統一01購02,0,0,0,0,0,0,0,0,0,11000,0,0,0,11000,0,11000,11000
064363,聯發科統一9C購14,0,0,0,0,0,0,0,0,0,11000,0,0,0,11000,0,11000,11000
062497,遠東新群益9B購01,0,0,0,0,0,0,0,0,0,11000,0,0,0,44000,33000,11000,11000
064098,正崴群益9C購01  ,0,0,0,0,0,0,0,0,0,11000,0,0,0,42000,31000,11000,11000
060670,臺指反元大01購03,0,0,0,0,0,0,0,0,0,11000,0,0,0,11000,0,11000,11000
064053,祥碩統一02購01  ,0,0,0,0,0,0,0,0,0,11000,0,0,0,11000,0,11000,11000
06376P,上銀統一99售01  ,0,0,0,0,0,0,0,0,0,11000,0,0,0,41000,30000,11000,11000
063241,聯發科元大9B購18,0,0,0,0,0,0,0,0,0,11000,0,0,0,11000,0,11000,11000
062333,嘉晶統一9C購01  ,0,0,0,0,0,0,0,0,0,11000,0,0,0,11000,0,11000,11000
063437,聚陽統一01購01  ,0,0,0,0,0,0,0,0,0,11000,0,0,0,11000,0,11000,11000
063448,聯發科統一9C購11,0,0,0,0,0,0,0,0,0,11000,0,0,0,12000,1000,11000,11000
065399,新日興群益01購01,0,0,0,0,0,0,0,0,0,11000,0,0,0,11000,0,11000,11000
065632,正崴國票01購01  ,0,0,0,0,0,0,0,0,0,11000,0,0,0,11000,0,11000,11000
066468,申豐統一02購01  ,0,0,0,0,0,0,0,0,0,11000,0,0,0,13000,2000,11000,11000
066517,智伸科永豐01購01,0,0,0,0,0,0,0,0,0,11000,0,0,0,11000,0,11000,11000
067171,聯發科麥證01購08,0,0,0,11000,0,11000,0,0,0,11000,0,0,0,11000,0,11000,11000
5531,鄉林            ,133000,122000,11000,0,0,0,0,0,0,0,0,0,0,0,0,0,11000
3356,奇偶            ,44000,32000,12000,0,0,0,0,0,0,-1000,0,1000,-1000,0,0,0,11000
4141,龍燈-KY         ,18000,7000,11000,0,0,0,0,0,0,0,0,0,0,0,0,0,11000
3593,力銘            ,14000,3000,11000,0,0,0,0,0,0,0,0,0,0,0,0,0,11000
067471,台積電元大01購26,0,0,0,0,0,0,0,0,0,10000,0,0,0,10000,0,10000,10000
067247,瀚宇博群益01購02,0,0,0,0,0,0,0,0,0,10000,0,0,0,10000,0,10000,10000
067717,聯電凱基03購01  ,0,0,0,0,0,0,0,0,0,10000,0,0,0,10000,0,10000,10000
067839,臺股指統一01購01,0,0,0,0,0,0,0,0,0,10000,0,0,0,10000,0,10000,10000
067578,SP黃豆群益01購01,0,0,0,0,0,0,0,0,0,10000,0,0,0,10000,0,10000,10000
06839P,玉晶光統一9A售05,0,0,0,0,0,0,0,0,0,10000,0,0,0,60000,50000,10000,10000
068482,光寶科元大01購01,0,0,0,0,0,0,0,0,0,10000,0,0,0,17000,7000,10000,10000
068238,臺指反元大04購09,0,0,0,0,0,0,0,0,0,10000,0,0,0,10000,0,10000,10000
068222,緯創統一01購02  ,0,0,0,0,0,0,0,0,0,10000,0,0,0,35000,25000,10000,10000
068148,台積電元大02購07,0,0,0,0,0,0,0,0,0,10000,0,0,0,10000,0,10000,10000
068053,玉晶光統一03購03,0,0,0,0,0,0,0,0,0,10000,0,0,0,10000,0,10000,10000
068095,GIS群益01購01   ,0,0,0,0,0,0,0,0,0,10000,0,0,0,19000,9000,10000,10000
068093,達欣工群益01購01,0,0,0,0,0,0,0,0,0,10000,0,0,0,28000,18000,10000,10000
067951,宏碁永豐01購02  ,0,0,0,0,0,0,0,0,0,10000,0,0,0,29000,19000,10000,10000
068023,聚陽元富07購01  ,0,0,0,0,0,0,0,0,0,10000,0,0,0,11000,1000,10000,10000
068018,玉晶光國票02購05,0,0,0,0,0,0,0,0,0,10000,0,0,0,10000,0,10000,10000
068019,玉晶光國票02購06,0,0,0,0,0,0,0,0,0,10000,0,0,0,25000,15000,10000,10000
068015,臺指反國票01購02,0,0,0,0,0,0,0,0,0,10000,0,0,0,10000,0,10000,10000
07427P,台積電國票9B售02,0,0,0,0,0,0,0,0,0,10000,0,0,0,10000,0,10000,10000
07442P,華航康和9A售02  ,0,0,0,0,0,0,0,0,0,10000,0,0,0,10000,0,10000,10000
07544P,大立光凱基9A售09,0,0,0,0,0,0,0,0,0,10000,0,0,0,10000,0,10000,10000
07514P,台積電元大9A售14,0,0,0,0,0,0,0,0,0,10000,0,0,0,10000,0,10000,10000
07519P,臺股指元大9B售10,0,0,0,0,0,0,0,0,0,10000,0,0,0,10000,0,10000,10000
08014P,微星凱基9B售02  ,0,0,0,0,0,0,0,0,0,10000,0,0,0,10000,0,10000,10000
08088P,義隆凱基9B售03  ,0,0,0,0,0,0,0,0,0,10000,0,0,0,10000,0,10000,10000
08090P,嘉澤統一9B售01  ,0,0,0,0,0,0,0,0,0,10000,0,0,0,10000,0,10000,10000
07782P,寶成凱基9A售02  ,0,0,0,0,0,0,0,0,0,10000,0,0,0,10000,0,10000,10000
068613,帆宣凱基01購02  ,0,0,0,0,0,0,0,0,0,10000,0,0,0,10000,0,10000,10000
06879P,長榮航凱基98售02,0,0,0,0,0,0,0,0,0,10000,0,0,0,10000,0,10000,10000
06880P,鈺齊凱基98售03  ,0,0,0,0,0,0,0,0,0,10000,0,0,0,10000,0,10000,10000
08363P,南亞科凱基01售01,0,0,0,0,0,0,0,0,0,10000,0,0,0,10000,0,10000,10000
08418P,大立光元大01售04,0,0,0,0,0,0,0,0,0,10000,0,0,0,10000,0,10000,10000
08395P,燿華永豐9C售02  ,0,0,0,0,0,0,0,0,0,10000,0,0,0,10000,0,10000,10000
08544P,和碩國票01售02  ,0,0,0,0,0,0,0,0,0,10000,0,0,0,10000,0,10000,10000
08505P,臺股指國票9C售07,0,0,0,0,0,0,0,0,0,10000,0,0,0,10000,0,10000,10000
08847P,滬深2X群益03售06,0,0,0,0,0,0,0,0,0,10000,0,0,0,10000,0,10000,10000
08701P,景碩康和01售02  ,0,0,0,0,0,0,0,0,0,10000,0,0,0,10000,0,10000,10000
08571P,台積電兆豐9C售06,0,0,0,0,0,0,0,0,0,10000,0,0,0,10000,0,10000,10000
03030P,玉晶光元大03售01,0,0,0,0,0,0,0,0,0,10000,0,0,0,10000,0,10000,10000
03041P,玉晶光國票03售03,0,0,0,0,0,0,0,0,0,10000,0,0,0,10000,0,10000,10000
046905,新光金凱基99購01,0,0,0,0,0,0,0,0,0,10000,0,0,0,10000,0,10000,10000
03209P,台積電國票02售05,0,0,0,0,0,0,0,0,0,10000,0,0,0,10000,0,10000,10000
057244,鈺齊凱基99購01  ,0,0,0,0,0,0,0,0,0,10000,0,0,0,10000,0,10000,10000
057180,華新科元大99購08,0,0,0,0,0,0,0,0,0,10000,0,0,0,10000,0,10000,10000
056866,矽創群益98購03  ,0,0,0,0,0,0,0,0,0,10000,0,0,0,10000,0,10000,10000
057307,瀚宇博兆豐99購01,0,0,0,0,0,0,0,0,0,10000,0,0,0,10000,0,10000,10000
056259,T50反1統一9A購01,0,0,0,0,0,0,0,0,0,10000,0,0,0,60000,50000,10000,10000
03175P,台積電國票03售04,0,0,0,0,0,0,0,0,0,10000,0,0,0,15000,5000,10000,10000
03166P,台積電台新03售01,0,0,0,0,0,0,0,0,0,10000,0,0,0,10000,0,10000,10000
03080P,台灣50元大01售32,0,0,0,0,0,0,0,0,0,10000,0,0,0,10000,0,10000,10000
03085P,台積電元大01售34,0,0,0,0,0,0,0,0,0,10000,0,0,0,10000,0,10000,10000
03095P,國巨凱基02售07  ,0,0,0,0,0,0,0,0,0,10000,0,0,0,10000,0,10000,10000
03104P,大立光元富04售01,0,0,0,0,0,0,0,0,0,10000,0,0,0,10000,0,10000,10000
03137P,台灣50凱基03售03,0,0,0,0,0,0,0,0,0,10000,0,0,0,10000,0,10000,10000
057477,智邦元大98購09  ,0,0,0,0,0,0,0,0,0,10000,0,0,0,10000,0,10000,10000
050754,元金2X元富9B購01,0,0,0,0,0,0,0,0,0,10000,0,0,0,10000,0,10000,10000
051700,深中小群益99購04,0,0,0,0,0,0,0,0,0,10000,0,0,0,10000,0,10000,10000
057096,緯穎元富98購01  ,0,0,0,0,0,0,0,0,0,10000,0,0,0,10000,0,10000,10000
053411,深中小國票9B購01,0,0,0,0,0,0,0,0,0,10000,0,0,0,10000,0,10000,10000
053882,聯發科中信98購02,0,0,0,0,0,0,0,0,0,10000,0,0,0,10000,0,10000,10000
054080,微星中信98購01  ,0,0,0,0,0,0,0,0,0,10000,0,0,0,10000,0,10000,10000
058079,鴻海群益98購08  ,0,0,0,0,0,0,0,0,0,10000,0,0,0,10000,0,10000,10000
055689,台郡凱基99購01  ,0,0,0,0,0,0,0,0,0,10000,0,0,0,10000,0,10000,10000
055376,群創元大01購01  ,0,0,0,0,0,0,0,0,0,10000,0,0,0,10000,0,10000,10000
055384,緯穎元大98購02  ,0,0,0,0,0,0,0,0,0,10000,0,0,0,10000,0,10000,10000
054959,禾伸堂元大98購01,0,0,0,0,0,0,0,0,0,10000,0,0,0,10000,0,10000,10000
055023,億光國泰98購01  ,0,0,0,0,0,0,0,0,0,10000,0,0,0,10000,0,10000,10000
058986,華新科凱基9A購03,0,0,0,0,0,0,0,0,0,10000,0,0,0,110000,100000,10000,10000
059251,大立光凱基9A購04,0,0,0,0,0,0,0,0,0,10000,0,0,0,10000,0,10000,10000
059252,聯詠凱基99購03  ,0,0,0,0,0,0,0,0,0,10000,0,0,0,10000,0,10000,10000
060066,欣興兆豐9B購01  ,0,0,0,0,0,0,0,0,0,10000,0,0,0,10000,0,10000,10000
060121,新光金富邦99購01,0,0,0,0,0,0,0,0,0,10000,0,0,0,10000,0,10000,10000
060128,健策永豐99購06  ,0,0,0,0,0,0,0,0,0,10000,0,0,0,10000,0,10000,10000
058651,FBVIX中信9C購01 ,0,0,0,0,0,0,0,0,0,10000,0,0,0,20000,10000,10000,10000
058528,世紀鋼元大99購02,0,0,0,0,0,0,0,0,0,10000,0,0,0,10000,0,10000,10000
058739,喬山中信99購01  ,0,0,0,0,0,0,0,0,0,10000,0,0,0,10000,0,10000,10000
058705,長榮航元大99購01,0,0,0,0,0,0,0,0,0,10000,0,0,0,10000,0,10000,10000
058677,矽格群益99購01  ,0,0,0,0,0,0,0,0,0,10000,0,0,0,20000,10000,10000,10000
058681,大立光康和9B購01,0,0,0,0,0,0,0,0,0,10000,0,0,0,10000,0,10000,10000
058672,可成群益9B購02  ,0,0,0,0,0,0,0,0,0,10000,0,0,0,10000,0,10000,10000
057965,臺股指元大98購14,0,0,0,0,0,0,0,0,0,10000,0,0,0,10000,0,10000,10000
058314,欣興富邦9B購01  ,0,0,0,0,0,0,0,0,0,10000,0,0,0,10000,0,10000,10000
058308,全新元大9B購01  ,0,0,0,0,0,0,0,0,0,10000,0,0,0,10000,0,10000,10000
057872,旺宏元大99購06  ,0,0,0,0,0,0,0,0,0,10000,0,0,0,10000,0,10000,10000
057916,國巨凱基98購13  ,0,0,0,0,0,0,0,0,0,10000,0,0,0,10000,0,10000,10000
058357,智邦凱基99購02  ,0,0,0,0,0,0,0,0,0,10000,0,0,0,10000,0,10000,10000
058439,玉晶光統一01購02,0,0,0,0,0,0,0,0,0,10000,0,0,0,10000,0,10000,10000
058442,玉晶光台新99購01,0,0,0,0,0,0,0,0,0,10000,0,0,0,10000,0,10000,10000
058406,聯茂元大99購06  ,0,0,0,0,0,0,0,0,0,10000,0,0,0,10000,0,10000,10000
060900,超眾凱基9B購01  ,0,0,0,0,0,0,0,0,0,10000,0,0,0,20000,10000,10000,10000
058821,泰鼎國泰9B購01  ,0,0,0,0,0,0,0,0,0,10000,0,0,0,10000,0,10000,10000
060947,台積電統一9C購03,0,0,0,0,0,0,0,0,0,10000,0,0,0,10000,0,10000,10000
062205,奇力新國票9C購01,0,0,0,0,0,0,0,0,0,10000,0,0,0,10000,0,10000,10000
063893,微星群益9C購01  ,0,0,0,0,0,0,0,0,0,10000,0,0,0,10000,0,10000,10000
063898,旭富群益9C購01  ,0,0,0,0,0,0,0,0,0,10000,0,0,0,10000,0,10000,10000
059557,台灣50凱基9C購07,0,0,0,0,0,0,0,0,0,10000,0,0,0,10000,0,10000,10000
059528,華新科凱基99購06,0,0,0,0,0,0,0,0,0,10000,0,0,0,10000,0,10000,10000
059628,智邦凱基99購04  ,0,0,0,0,0,0,0,0,0,10000,0,0,0,10000,0,10000,10000
059681,華新科國泰9B購02,0,0,0,0,0,0,0,0,0,10000,0,0,0,34000,24000,10000,10000
059880,世紀鋼凱基99購02,0,0,0,0,0,0,0,0,0,10000,0,0,0,10000,0,10000,10000
059974,臺指反元大9C購05,0,0,0,0,0,0,0,0,0,10000,0,0,0,10000,0,10000,10000
059936,台積電永豐99購06,0,0,0,0,0,0,0,0,0,10000,0,0,0,10000,0,10000,10000
058146,勤誠元大99購01  ,0,0,0,0,0,0,0,0,0,10000,0,0,0,10000,0,10000,10000
058171,國巨凱基9A購07  ,0,0,0,0,0,0,0,0,0,10000,0,0,0,10000,0,10000,10000
059811,高股息凱基99購02,0,0,0,0,0,0,0,0,0,10000,0,0,0,10000,0,10000,10000
058129,國巨元大99購10  ,0,0,0,0,0,0,0,0,0,10000,0,0,0,10000,0,10000,10000
060214,茂林康和9A購01  ,0,0,0,0,0,0,0,0,0,10000,0,0,0,15000,5000,10000,10000
057575,世紀鋼永豐98購02,0,0,0,0,0,0,0,0,0,10000,0,0,0,27000,17000,10000,10000
057829,臺股指元大98購12,0,0,0,0,0,0,0,0,0,10000,0,0,0,10000,0,10000,10000
059117,禾伸堂永豐99購01,0,0,0,0,0,0,0,0,0,10000,0,0,0,10000,0,10000,10000
059065,南電凱基9A購01  ,0,0,0,0,0,0,0,0,0,10000,0,0,0,10000,0,10000,10000
060417,正隆永豐9A購01  ,0,0,0,0,0,0,0,0,0,10000,0,0,0,10000,0,10000,10000
060425,凌華永豐9A購01  ,0,0,0,0,0,0,0,0,0,10000,0,0,0,10000,0,10000,10000
060135,台灣50國票9C購02,0,0,0,0,0,0,0,0,0,10000,0,0,0,10000,0,10000,10000
063443,金像電統一01購02,0,0,0,0,0,0,0,0,0,10000,0,0,0,10000,0,10000,10000
063408,茂林國票9C購02  ,0,0,0,0,0,0,0,0,0,10000,0,0,0,10000,0,10000,10000
063424,新日興凱基01購01,0,0,0,0,0,0,0,0,0,10000,0,0,0,20000,10000,10000,10000
062881,緯創兆豐9C購01  ,0,0,0,0,0,0,0,0,0,10000,0,0,0,11000,1000,10000,10000
062882,新日興兆豐9C購01,0,0,0,0,0,0,0,0,0,10000,0,0,0,10000,0,10000,10000
063322,台郡群益9B購02  ,0,0,0,0,0,0,0,0,0,10000,0,0,0,70000,60000,10000,10000
063303,聯發科凱基9B購14,0,0,0,0,0,0,0,0,0,10000,0,0,0,10000,0,10000,10000
063608,力成凱基9B購03  ,0,0,0,0,0,0,0,0,0,10000,0,0,0,10000,0,10000,10000
063565,旺宏元大9B購08  ,0,0,0,0,0,0,0,0,0,10000,0,0,0,10000,0,10000,10000
063455,T50反1元大9B購07,0,0,0,0,0,0,0,0,0,10000,0,0,0,10000,0,10000,10000
063463,瑞昱元大9B購05  ,0,0,0,0,0,0,0,0,0,10000,0,0,0,12000,2000,10000,10000
063530,同欣電凱基9C購02,0,0,0,0,0,0,0,0,0,10000,0,0,0,10000,0,10000,10000
063504,國巨群益9C購06  ,0,0,0,0,0,0,0,0,0,10000,0,0,0,10000,0,10000,10000
063517,遠東新凱基01購01,0,0,0,0,0,0,0,0,0,10000,0,0,0,13000,3000,10000,10000
061075,亞德客兆豐9A購01,0,0,0,0,0,0,0,0,0,10000,0,0,0,10000,0,10000,10000
061188,大成鋼富邦9B購01,0,0,0,0,0,0,0,0,0,10000,0,0,0,10000,0,10000,10000
061179,華擎凱基9A購01  ,0,0,0,0,0,0,0,0,0,10000,0,0,0,10000,0,10000,10000
061176,聯發科凱基9A購14,0,0,0,0,0,0,0,0,0,10000,0,0,0,10000,0,10000,10000
061263,微星凱基9A購01  ,0,0,0,0,0,0,0,0,0,10000,0,0,0,20000,10000,10000,10000
061482,健策元大9C購01  ,0,0,0,0,0,0,0,0,0,10000,0,0,0,12000,2000,10000,10000
061531,奇鋐台新9A購01  ,0,0,0,0,0,0,0,0,0,10000,0,0,0,10000,0,10000,10000
061272,超眾凱基9A購03  ,0,0,0,0,0,0,0,0,0,10000,0,0,0,10000,0,10000,10000
061269,嘉澤凱基9A購01  ,0,0,0,0,0,0,0,0,0,10000,0,0,0,10000,0,10000,10000
061283,智邦統一9A購01  ,0,0,0,0,0,0,0,0,0,10000,0,0,0,10000,0,10000,10000
063182,國巨凱基9B購10  ,0,0,0,0,0,0,0,0,0,10000,0,0,0,10000,0,10000,10000
063206,貿聯統一9C購02  ,0,0,0,0,0,0,0,0,0,10000,0,0,0,10000,0,10000,10000
062814,台光電兆豐9B購01,0,0,0,0,0,0,0,0,0,10000,0,0,0,10000,0,10000,10000
062727,華擎凱基9B購03  ,0,0,0,0,0,0,0,0,0,10000,0,0,0,10000,0,10000,10000
062593,健策統一9B購03  ,0,0,0,0,0,0,0,0,0,10000,0,0,0,21000,11000,10000,10000
063053,聯發科統一01購04,0,0,0,0,0,0,0,0,0,10000,0,0,0,11000,1000,10000,10000
063042,同欣電凱基9C購01,0,0,0,0,0,0,0,0,0,10000,0,0,0,10000,0,10000,10000
062985,元金2X第一9B購02,0,0,0,0,0,0,0,0,0,10000,0,0,0,10000,0,10000,10000
060671,亞德客元大9A購03,0,0,0,0,0,0,0,0,0,10000,0,0,0,10000,0,10000,10000
060640,京鼎永豐9A購01  ,0,0,0,0,0,0,0,0,0,10000,0,0,0,10000,0,10000,10000
060813,高鐵凱基9A購01  ,0,0,0,0,0,0,0,0,0,10000,0,0,0,10000,0,10000,10000
064194,燿華群益9C購01  ,0,0,0,0,0,0,0,0,0,10000,0,0,0,103000,93000,10000,10000
062452,A50正2群益01購04,0,0,0,0,0,0,0,0,0,10000,0,0,0,10000,0,10000,10000
064462,致伸統一02購01  ,0,0,0,0,0,0,0,0,0,10000,0,0,0,10000,0,10000,10000
064280,大立光元大9C購11,0,0,0,0,0,0,0,0,0,10000,0,0,0,25000,15000,10000,10000
064263,貿聯永豐9C購01  ,0,0,0,0,0,0,0,0,0,10000,0,0,0,10000,0,10000,10000
064332,聯發科元大01購01,0,0,0,0,0,0,0,0,0,10000,0,0,0,10000,0,10000,10000
064313,嘉晶群益9C購02  ,0,0,0,0,0,0,0,0,0,10000,0,0,0,13000,3000,10000,10000
062439,聯發科元大9B購10,0,0,0,0,0,0,0,0,0,10000,0,0,0,10000,0,10000,10000
062440,聯發科元大9B購11,0,0,0,0,0,0,0,0,0,10000,0,0,0,10000,0,10000,10000
060510,大立光元大9A購03,0,0,0,0,0,0,0,0,0,10000,0,0,0,10000,0,10000,10000
062374,茂林元大9B購03  ,0,0,0,0,0,0,0,0,0,10000,0,0,0,10000,0,10000,10000
063393,華通群益9C購05  ,0,0,0,0,0,0,0,0,0,10000,0,0,0,10000,0,10000,10000
062155,國巨凱基9C購03  ,0,0,0,0,0,0,0,0,0,10000,0,0,0,10000,0,10000,10000
062047,緯穎凱基9B購01  ,0,0,0,0,0,0,0,0,0,10000,0,0,0,57000,47000,10000,10000
062034,同欣電群益9B購01,0,0,0,0,0,0,0,0,0,10000,0,0,0,60000,50000,10000,10000
062060,奇鋐統一9C購01  ,0,0,0,0,0,0,0,0,0,10000,0,0,0,60000,50000,10000,10000
062152,國巨麥證9C購01  ,0,0,0,10000,0,10000,0,0,0,10000,0,0,0,10000,0,10000,10000
061650,南電元大9A購07  ,0,0,0,0,0,0,0,0,0,10000,0,0,0,10000,0,10000,10000
061697,世紀鋼群益9A購03,0,0,0,0,0,0,0,0,0,10000,0,0,0,10000,0,10000,10000
061658,聯茂富邦9A購03  ,0,0,0,0,0,0,0,0,0,10000,0,0,0,10000,0,10000,10000
061026,南電富邦9B購01  ,0,0,0,0,0,0,0,0,0,10000,0,0,0,10000,0,10000,10000
061024,南電國泰9B購01  ,0,0,0,0,0,0,0,0,0,10000,0,0,0,10000,0,10000,10000
060999,國巨兆豐9A購01  ,0,0,0,0,0,0,0,0,0,10000,0,0,0,26000,16000,10000,10000
063679,群創國泰01購01  ,0,0,0,0,0,0,0,0,0,10000,0,0,0,10000,0,10000,10000
061878,茂林元大9B購01  ,0,0,0,0,0,0,0,0,0,10000,0,0,0,10000,0,10000,10000
061922,瑞昱凱基9B購01  ,0,0,0,0,0,0,0,0,0,10000,0,0,0,36000,26000,10000,10000
067168,國巨麥證01購05  ,0,0,0,32000,21000,11000,0,0,0,10000,0,0,0,33000,23000,10000,10000
066968,技嘉元富07購01  ,0,0,0,0,0,0,0,0,0,10000,0,0,0,10000,0,10000,10000
067039,生達凱基01購01  ,0,0,0,0,0,0,0,0,0,10000,0,0,0,60000,50000,10000,10000
066647,聯發科麥證01購04,0,0,0,10000,0,10000,0,0,0,10000,0,0,0,10000,0,10000,10000
066771,滬深2X富邦02購01,0,0,0,0,0,0,0,0,0,10000,0,0,0,10000,0,10000,10000
066895,台勝科兆豐01購01,0,0,0,0,0,0,0,0,0,10000,0,0,0,10000,0,10000,10000
066863,上証2X元富07購01,0,0,0,0,0,0,0,0,0,10000,0,0,0,10000,0,10000,10000
06653P,美食元大98售02  ,0,0,0,0,0,0,0,0,0,10000,0,0,0,10000,0,10000,10000
066455,聯發科統一01購10,0,0,0,0,0,0,0,0,0,10000,0,0,0,10000,0,10000,10000
066317,英利永豐01購01  ,0,0,0,0,0,0,0,0,0,10000,0,0,0,10000,0,10000,10000
065997,元黃金國票03購01,0,0,0,0,0,0,0,0,0,10000,0,0,0,10000,0,10000,10000
066068,台積電凱基02購06,0,0,0,0,0,0,0,0,0,10000,0,0,0,10000,0,10000,10000
066121,道瓊反群益04購01,0,0,0,0,0,0,0,0,0,10000,0,0,0,10000,0,10000,10000
066145,昇陽半群益01購01,0,0,0,0,0,0,0,0,0,10000,0,0,0,10000,0,10000,10000
065668,南亞科凱基9C購02,0,0,0,0,0,0,0,0,0,10000,0,0,0,10000,0,10000,10000
065772,道瓊反國票01購02,0,0,0,0,0,0,0,0,0,10000,0,0,0,10000,0,10000,10000
065906,瑞昱永豐9C購01  ,0,0,0,0,0,0,0,0,0,10000,0,0,0,116000,106000,10000,10000
065401,立積群益9C購01  ,0,0,0,0,0,0,0,0,0,10000,0,0,0,10000,0,10000,10000
06535P,可成群益99售02  ,0,0,0,0,0,0,0,0,0,10000,0,0,0,10000,0,10000,10000
065292,緯創群益9C購01  ,0,0,0,0,0,0,0,0,0,10000,0,0,0,10000,0,10000,10000
065239,超眾凱基02購02  ,0,0,0,0,0,0,0,0,0,10000,0,0,0,20000,10000,10000,10000
065415,台積電兆豐9C購05,0,0,0,0,0,0,0,0,0,10000,0,0,0,10000,0,10000,10000
065032,TPK兆豐01購01   ,0,0,0,0,0,0,0,0,0,10000,0,0,0,39000,29000,10000,10000
065023,大毅永豐9C購01  ,0,0,0,0,0,0,0,0,0,10000,0,0,0,10000,0,10000,10000
065148,滬深2X群益02購02,0,0,0,0,0,0,0,0,0,10000,0,0,0,10000,0,10000,10000
065172,義隆元大9C購05  ,0,0,0,0,0,0,0,0,0,10000,0,0,0,44000,34000,10000,10000
065203,FBVIX國票9C購01 ,0,0,0,0,0,0,0,0,0,10000,0,0,0,10000,0,10000,10000
064858,鴻海富邦01購01  ,0,0,0,0,0,0,0,0,0,10000,0,0,0,20000,10000,10000,10000
064806,微星元大01購01  ,0,0,0,0,0,0,0,0,0,10000,0,0,0,10000,0,10000,10000
064811,華擎元大01購01  ,0,0,0,0,0,0,0,0,0,10000,0,0,0,156000,146000,10000,10000
064771,貿聯中信01購01  ,0,0,0,0,0,0,0,0,0,10000,0,0,0,15000,5000,10000,10000
6573,虹揚-KY         ,40000,31000,9000,0,0,0,0,0,0,1000,1000,0,1000,0,0,0,10000
08974P,可成群益02售02  ,0,0,0,0,0,0,0,0,0,10000,0,0,0,70000,60000,10000,10000
08965P,台灣50元大01售30,0,0,0,0,0,0,0,0,0,10000,0,0,0,10000,0,10000,10000
2642,宅配通          ,78000,71000,7000,0,0,0,0,0,0,3000,3000,0,3000,0,0,0,10000
2471,資通            ,58000,47000,11000,0,0,0,0,0,0,-1000,0,1000,-1000,0,0,0,10000
3094,聯傑            ,100000,91000,9000,0,0,0,81,0,81,0,0,0,0,0,0,0,9081
08636P,華通國票01售03  ,0,0,0,0,0,0,0,0,0,9000,0,0,0,10000,1000,9000,9000
08628P,微星中信9C售01  ,0,0,0,0,0,0,0,0,0,9000,0,0,0,120000,111000,9000,9000
08746P,鴻海元富07售06  ,0,0,0,0,0,0,0,0,0,9000,0,0,0,9000,0,9000,9000
08831P,台積電群益01售11,0,0,0,0,0,0,0,0,0,9000,0,0,0,9000,0,9000,9000
07100P,華航元大99售01  ,0,0,0,0,0,0,0,0,0,9000,0,0,0,9000,0,9000,9000
068031,致茂元富07購01  ,0,0,0,0,0,0,0,0,0,9000,0,0,0,1097000,1088000,9000,9000
068469,鴻海群益01購11  ,0,0,0,0,0,0,0,0,0,9000,0,0,0,73000,64000,9000,9000
067798,GIS中信03購01   ,0,0,0,0,0,0,0,0,0,9000,0,0,0,10000,1000,9000,9000
060232,友訊元大9C購01  ,0,0,0,0,0,0,0,0,0,9000,0,0,0,21000,12000,9000,9000
059922,大立光元大99購25,0,0,0,0,0,0,0,0,0,9000,0,0,0,9000,0,9000,9000
059975,元金2X元大99購02,0,0,0,0,0,0,0,0,0,9000,0,0,0,9000,0,9000,9000
059265,美律中信01購01  ,0,0,0,0,0,0,0,0,0,9000,0,0,0,79000,70000,9000,9000
058648,聯陽永豐99購01  ,0,0,0,0,0,0,0,0,0,9000,0,0,0,25000,16000,9000,9000
060109,茂林元大99購05  ,0,0,0,0,0,0,0,0,0,9000,0,0,0,21000,12000,9000,9000
054309,禾伸堂凱基98購01,0,0,0,0,0,0,0,0,0,9000,0,0,0,9000,0,9000,9000
054425,聯發科富邦99購03,0,0,0,0,0,0,0,0,0,9000,0,0,0,9000,0,9000,9000
048383,元金2X國票99購01,0,0,0,0,0,0,0,0,0,9000,0,0,0,15000,6000,9000,9000
056466,臺股指凱基99購08,0,0,0,0,0,0,0,0,0,9000,0,0,0,9000,0,9000,9000
056345,嘉聯益凱基99購01,0,0,0,0,0,0,0,0,0,9000,0,0,0,20000,11000,9000,9000
03164P,牧德元大01售03  ,0,0,0,0,0,0,0,0,0,9000,0,0,0,20000,11000,9000,9000
03008P,玉晶光中信01售01,0,0,0,0,0,0,0,0,0,9000,0,0,0,19000,10000,9000,9000
03255P,台積電國泰03售10,0,0,0,0,0,0,0,0,0,9000,0,0,0,9000,0,9000,9000
04454P,大立光富邦98售02,0,0,0,0,0,0,0,0,0,9000,0,0,0,9000,0,9000,9000
00763U,街口道瓊銅      ,0,1000,-1000,0,0,0,0,0,0,10000,0,0,0,10000,0,10000,9000
00710B,FH彭博高收益債  ,0,0,0,0,0,0,0,0,0,9000,0,0,0,230000,221000,9000,9000
00678,群益NBI生技     ,0,0,0,0,0,0,0,0,0,9000,0,25000,-25000,350000,316000,34000,9000
0057,富邦摩台        ,1000,1000,0,0,0,0,0,0,0,9000,0,0,0,37000,28000,9000,9000
062113,瑞祺國票9B購01  ,0,0,0,0,0,0,0,0,0,9000,0,0,0,73000,64000,9000,9000
064489,宏碁元大9C購01  ,0,0,0,0,0,0,0,0,0,9000,0,0,0,9000,0,9000,9000
060848,聯茂國票9A購02  ,0,0,0,0,0,0,0,0,0,9000,0,0,0,9000,0,9000,9000
064078,台積電中信06購04,0,0,0,0,0,0,0,0,0,9000,0,0,0,9000,0,9000,9000
063032,國巨凱基9C購04  ,0,0,0,0,0,0,0,0,0,9000,0,0,0,17000,8000,9000,9000
063788,矽創統一02購01  ,0,0,0,0,0,0,0,0,0,9000,0,0,0,20000,11000,9000,9000
062638,茂林國票9C購01  ,0,0,0,0,0,0,0,0,0,9000,0,0,0,218000,209000,9000,9000
061397,上銀台新9A購01  ,0,0,0,0,0,0,0,0,0,9000,0,0,0,40000,31000,9000,9000
064750,緯穎麥證9C購01  ,0,0,0,10000,1000,9000,0,0,0,9000,0,0,0,10000,1000,9000,9000
064705,新光金富邦01購01,0,0,0,0,0,0,0,0,0,9000,0,0,0,9000,0,9000,9000
064805,金像電元大9C購04,0,0,0,0,0,0,0,0,0,9000,0,0,0,48000,39000,9000,9000
065063,玉晶光群益02購04,0,0,0,0,0,0,0,0,0,9000,0,0,0,19000,10000,9000,9000
065107,道瓊反國票9C購03,0,0,0,0,0,0,0,0,0,9000,0,0,0,10000,1000,9000,9000
064937,英業達元富9C購01,0,0,0,0,0,0,0,0,0,9000,0,0,0,70000,61000,9000,9000
065550,聯發科凱基01購07,0,0,0,0,0,0,0,0,0,9000,0,0,0,14000,5000,9000,9000
065869,微星群益02購01  ,0,0,0,0,0,0,0,0,0,9000,0,0,0,23000,14000,9000,9000
065766,南電元大9C購08  ,0,0,0,0,0,0,0,0,0,9000,0,0,0,26000,17000,9000,9000
066123,華夏群益01購01  ,0,0,0,0,0,0,0,0,0,9000,0,0,0,9000,0,9000,9000
065961,東元元大04購01  ,0,0,0,0,0,0,0,0,0,9000,0,0,0,9000,0,9000,9000
066509,南亞永豐01購01  ,0,0,0,0,0,0,0,0,0,9000,0,0,0,9000,0,9000,9000
066826,聯發科群益02購03,0,0,0,0,0,0,0,0,0,9000,0,0,0,9000,0,9000,9000
3501,維熹            ,38000,31000,7000,0,0,0,0,0,0,2000,2000,0,2000,0,0,0,9000
6172,互億            ,16000,7000,9000,0,0,0,0,0,0,0,0,0,0,0,0,0,9000
2539,櫻花建          ,50000,41000,9000,0,0,0,0,0,0,0,0,0,0,0,0,0,9000
1506,正道            ,20000,11000,9000,0,0,0,0,0,0,0,0,0,0,0,0,0,9000
067781,SP黃豆群益01購02,0,0,0,0,0,0,0,0,0,8000,0,0,0,8000,0,8000,8000
067602,億光凱基01購01  ,0,0,0,0,0,0,0,0,0,8000,0,0,0,17000,9000,8000,8000
067384,南六統一01購03  ,0,0,0,0,0,0,0,0,0,8000,0,0,0,251000,243000,8000,8000
067528,聚陽群益01購01  ,0,0,0,0,0,0,0,0,0,8000,0,0,0,86000,78000,8000,8000
068370,臺股指富邦01購04,0,0,0,0,0,0,0,0,0,8000,0,0,0,8000,0,8000,8000
068169,臺股指元大01購22,0,0,0,0,0,0,0,0,0,8000,0,0,0,18000,10000,8000,8000
07137P,大立光中信9B售01,0,0,0,0,0,0,0,0,0,8000,0,0,0,8000,0,8000,8000
07509P,牧德國票9A售03  ,0,0,0,0,0,0,0,0,0,8000,0,0,0,18000,10000,8000,8000
07010P,T50正2凱基9C售01,0,0,0,0,0,0,0,0,0,8000,0,0,0,8000,0,8000,8000
08827P,緯穎元大01售05  ,0,0,0,0,0,0,0,0,0,8000,0,0,0,158000,150000,8000,8000
08749P,鴻海台新01售02  ,0,0,0,0,0,0,0,0,0,8000,0,0,0,8000,0,8000,8000
08516P,技嘉群益01售02  ,0,0,0,0,0,0,0,0,0,8000,0,0,0,8000,0,8000,8000
00762,元大全球AI      ,0,0,0,0,0,0,0,0,0,8000,0,0,0,56000,48000,8000,8000
03678C,臺股指凱基01牛02,0,0,0,0,0,0,0,0,0,8000,0,0,0,8000,0,8000,8000
03039P,玉晶光國票02售04,0,0,0,0,0,0,0,0,0,8000,0,0,0,8000,0,8000,8000
03221P,和大凱基02售03  ,0,0,0,0,0,0,0,0,0,8000,0,0,0,18000,10000,8000,8000
057190,立積元大9A購02  ,0,0,0,0,0,0,0,0,0,8000,0,0,0,8000,0,8000,8000
052659,上証2X國票99購01,0,0,0,0,0,0,0,0,0,8000,0,0,0,68000,60000,8000,8000
057050,群創元大99購03  ,0,0,0,0,0,0,0,0,0,8000,0,0,0,8000,0,8000,8000
057043,台積電元大99購02,0,0,0,0,0,0,0,0,0,8000,0,0,0,8000,0,8000,8000
058632,世紀鋼國票9A購01,0,0,0,0,0,0,0,0,0,8000,0,0,0,41000,33000,8000,8000
057907,台達電亞東99購01,0,0,0,0,0,0,0,0,0,8000,0,0,0,8000,0,8000,8000
061552,南六群益9A購02  ,0,0,0,0,0,0,0,0,0,8000,0,0,0,8000,0,8000,8000
058861,國巨凱基9A購08  ,0,0,0,0,0,0,0,0,0,8000,0,0,0,11000,3000,8000,8000
059290,全新元富99購01  ,0,0,0,0,0,0,0,0,0,8000,0,0,0,8000,0,8000,8000
059648,台表科凱基99購03,0,0,0,0,0,0,0,0,0,8000,0,0,0,8000,0,8000,8000
059866,國巨凱基99購18  ,0,0,0,0,0,0,0,0,0,8000,0,0,0,10000,2000,8000,8000
060153,A50正2永豐9A購01,0,0,0,0,0,0,0,0,0,8000,0,0,0,8000,0,8000,8000
060320,元金2X群益02購01,0,0,0,0,0,0,0,0,0,8000,0,0,0,10000,2000,8000,8000
061326,新日興凱基9B購01,0,0,0,0,0,0,0,0,0,8000,0,0,0,20000,12000,8000,8000
061207,美律元大9A購04  ,0,0,0,0,0,0,0,0,0,8000,0,0,0,8000,0,8000,8000
061063,國巨凱基9A購14  ,0,0,0,0,0,0,0,0,0,8000,0,0,0,16000,8000,8000,8000
063416,台積電凱基9B購10,0,0,0,0,0,0,0,0,0,8000,0,0,0,8000,0,8000,8000
064035,GIS元大9C購03   ,0,0,0,0,0,0,0,0,0,8000,0,0,0,8000,0,8000,8000
060811,亞德客凱基9A購02,0,0,0,0,0,0,0,0,0,8000,0,0,0,8000,0,8000,8000
060599,國巨凱基9C購01  ,0,0,0,0,0,0,0,0,0,8000,0,0,0,13000,5000,8000,8000
060555,台表科凱基9A購03,0,0,0,0,0,0,0,0,0,8000,0,0,0,8000,0,8000,8000
060546,旺宏凱基9A購02  ,0,0,0,0,0,0,0,0,0,8000,0,0,0,30000,22000,8000,8000
064341,聯詠元大9C購01  ,0,0,0,0,0,0,0,0,0,8000,0,0,0,53000,45000,8000,8000
064154,大立光統一01購04,0,0,0,0,0,0,0,0,0,8000,0,0,0,8000,0,8000,8000
064237,奇鋐統一01購01  ,0,0,0,0,0,0,0,0,0,8000,0,0,0,10000,2000,8000,8000
061655,微星國票9A購01  ,0,0,0,0,0,0,0,0,0,8000,0,0,0,17000,9000,8000,8000
061818,富邦金群益9C購01,0,0,0,0,0,0,0,0,0,8000,0,0,0,28000,20000,8000,8000
066864,上証2X元富07購02,0,0,0,0,0,0,0,0,0,8000,0,0,0,8000,0,8000,8000
066756,長興永豐01購02  ,0,0,0,0,0,0,0,0,0,8000,0,0,0,8000,0,8000,8000
066709,聚碩群益01購01  ,0,0,0,0,0,0,0,0,0,8000,0,0,0,78000,70000,8000,8000
066571,矽格元大01購02  ,0,0,0,0,0,0,0,0,0,8000,0,0,0,31000,23000,8000,8000
06627P,華新科元富99售01,0,0,0,0,0,0,0,0,0,8000,0,0,0,18000,10000,8000,8000
064916,玉山金統一02購01,0,0,0,0,0,0,0,0,0,8000,0,0,0,8000,0,8000,8000
065025,健策永豐9C購02  ,0,0,0,0,0,0,0,0,0,8000,0,0,0,10000,2000,8000,8000
064848,金像電元富9C購02,0,0,0,0,0,0,0,0,0,8000,0,0,0,98000,90000,8000,8000
064542,聯電凱基02購01  ,0,0,0,0,0,0,0,0,0,8000,0,0,0,8000,0,8000,8000
064662,鴻海元大9C購10  ,0,0,0,0,0,0,0,0,0,8000,0,0,0,8000,0,8000,8000
1466,聚隆            ,738000,730000,8000,0,0,0,0,0,0,0,2000,2000,0,0,0,0,8000
1316,上曜            ,17000,9000,8000,0,0,0,0,0,0,0,0,0,0,0,0,0,8000
2488,漢平            ,14000,5000,9000,0,0,0,0,0,0,-1000,0,1000,-1000,0,0,0,8000
08369P,鴻海凱基01售04  ,0,0,0,0,0,0,0,0,0,7000,0,0,0,7000,0,7000,7000
08141P,鴻海凱基9B售09  ,0,0,0,0,0,0,0,0,0,7000,0,0,0,7000,0,7000,7000
07001P,國巨元大99售12  ,0,0,0,0,0,0,0,0,0,7000,0,0,0,7000,0,7000,7000
07196P,大立光元大99售13,0,0,0,0,0,0,0,0,0,7000,0,0,0,7000,0,7000,7000
07867P,晶技元大9B售01  ,0,0,0,0,0,0,0,0,0,7000,0,0,0,7000,0,7000,7000
067991,旺宏元大01購04  ,0,0,0,0,0,0,0,0,0,7000,0,0,0,7000,0,7000,7000
067447,台積電國票02購04,0,0,0,0,0,0,0,0,0,7000,0,0,0,7000,0,7000,7000
067732,遠東新元大01購01,0,0,0,0,0,0,0,0,0,7000,0,0,0,35000,28000,7000,7000
059067,上銀國票9A購02  ,0,0,0,0,0,0,0,0,0,7000,0,0,0,61000,54000,7000,7000
059143,國巨國票9A購04  ,0,0,0,0,0,0,0,0,0,7000,0,0,0,28000,21000,7000,7000
057570,技嘉永豐98購02  ,0,0,0,0,0,0,0,0,0,7000,0,0,0,7000,0,7000,7000
057664,台積電元大9A購03,0,0,0,0,0,0,0,0,0,7000,0,0,0,7000,0,7000,7000
057693,臺股指凱基98購11,0,0,0,0,0,0,0,0,0,7000,0,0,0,128000,121000,7000,7000
058257,聯陽國泰9B購01  ,0,0,0,0,0,0,0,0,0,7000,0,0,0,7000,0,7000,7000
058358,技嘉凱基9A購01  ,0,0,0,0,0,0,0,0,0,7000,0,0,0,7000,0,7000,7000
057428,正崴兆豐98購01  ,0,0,0,0,0,0,0,0,0,7000,0,0,0,10000,3000,7000,7000
053153,大立光元大99購02,0,0,0,0,0,0,0,0,0,7000,0,0,0,7000,0,7000,7000
03116P,玉晶光康和01售02,0,0,0,0,0,0,0,0,0,7000,0,0,0,100000,93000,7000,7000
03096P,台積電凱基03售05,0,0,0,0,0,0,0,0,0,7000,0,0,0,7000,0,7000,7000
046937,聯電元大99購01  ,0,0,0,0,0,0,0,0,0,7000,0,0,0,7000,0,7000,7000
03694C,臺股指元大04牛08,0,0,0,0,0,0,0,0,0,7000,0,0,0,17000,10000,7000,7000
061546,大立光群益9A購05,0,0,0,0,0,0,0,0,0,7000,0,0,0,7000,0,7000,7000
062121,奇鋐台新9B購01  ,0,0,0,0,0,0,0,0,0,7000,0,0,0,8000,1000,7000,7000
064358,台達電統一01購02,0,0,0,0,0,0,0,0,0,7000,0,0,0,7000,0,7000,7000
064429,鴻海凱基03購03  ,0,0,0,0,0,0,0,0,0,7000,0,0,0,7000,0,7000,7000
063801,GIS凱基01購01   ,0,0,0,0,0,0,0,0,0,7000,0,0,0,8000,1000,7000,7000
062314,玉晶光凱基9B購06,0,0,0,0,0,0,0,0,0,7000,0,0,0,18000,11000,7000,7000
063164,聯發科永豐9B購03,0,0,0,0,0,0,0,0,0,7000,0,0,0,7000,0,7000,7000
063253,巨大元大9B購03  ,0,0,0,0,0,0,0,0,0,7000,0,0,0,7000,0,7000,7000
064567,晶技群益01購01  ,0,0,0,0,0,0,0,0,0,7000,0,0,0,7000,0,7000,7000
064559,旺宏群益01購02  ,0,0,0,0,0,0,0,0,0,7000,0,0,0,7000,0,7000,7000
064800,鴻海元大9C購12  ,0,0,0,0,0,0,0,0,0,7000,0,0,0,9000,2000,7000,7000
065040,燿華凱基9C購01  ,0,0,0,0,0,0,0,0,0,7000,0,0,0,61000,54000,7000,7000
065067,億豐群益01購01  ,0,0,0,0,0,0,0,0,0,7000,0,0,0,75000,68000,7000,7000
065727,冠德凱基9C購01  ,0,0,0,0,0,0,0,0,0,7000,0,0,0,9000,2000,7000,7000
065838,鴻海元大03購01  ,0,0,0,0,0,0,0,0,0,7000,0,0,0,130000,123000,7000,7000
065865,光寶科群益9C購02,0,0,0,0,0,0,0,0,0,7000,0,0,0,17000,10000,7000,7000
065270,TPK元大01購01   ,0,0,0,0,0,0,0,0,0,7000,0,0,0,219000,212000,7000,7000
065334,立積國票01購02  ,0,0,0,0,0,0,0,0,0,7000,0,0,0,8000,1000,7000,7000
066307,華城永豐01購01  ,0,0,0,0,0,0,0,0,0,7000,0,0,0,7000,0,7000,7000
066395,可成凱基01購03  ,0,0,0,0,0,0,0,0,0,7000,0,0,0,67000,60000,7000,7000
066199,金像電統一02購01,0,0,0,0,0,0,0,0,0,7000,0,0,0,7000,0,7000,7000
066237,京鼎富邦04購01  ,0,0,0,0,0,0,0,0,0,7000,0,0,0,103000,96000,7000,7000
066257,台積電元大01購09,0,0,0,0,0,0,0,0,0,7000,0,0,0,7000,0,7000,7000
066681,聯發科兆豐01購04,0,0,0,0,0,0,0,0,0,7000,0,0,0,37000,30000,7000,7000
066675,滬深2X兆豐03購01,0,0,0,0,0,0,0,0,0,7000,0,0,0,7000,0,7000,7000
066730,致茂元大01購01  ,0,0,0,0,0,0,0,0,0,7000,0,0,0,137000,130000,7000,7000
066598,致新群益02購01  ,0,0,0,0,0,0,0,0,0,7000,0,0,0,26000,19000,7000,7000
066580,臺股指元大01購09,0,0,0,0,0,0,0,0,0,7000,0,0,0,7000,0,7000,7000
066905,台積電凱基03購03,0,0,0,0,0,0,0,0,0,7000,0,0,0,7000,0,7000,7000
067207,微星元大01購04  ,0,0,0,0,0,0,0,0,0,7000,0,0,0,124000,117000,7000,7000
3702A,大聯大甲特      ,7000,0,7000,0,0,0,0,0,0,0,0,0,0,0,0,0,7000
6531,愛普            ,457000,451000,6000,0,0,0,60,0,60,0,0,0,0,0,0,0,6060
067756,奇鋐國泰03購01  ,0,0,0,0,0,0,0,0,0,6000,0,0,0,47000,41000,6000,6000
067854,力成國票02購01  ,0,0,0,0,0,0,0,0,0,6000,0,0,0,6000,0,6000,6000
067586,奇鋐群益01購02  ,0,0,0,0,0,0,0,0,0,6000,0,0,0,7000,1000,6000,6000
06742P,可成富邦99售02  ,0,0,0,0,0,0,0,0,0,6000,0,0,0,6000,0,6000,6000
068203,玉晶光凱基03購03,0,0,0,0,0,0,0,0,0,6000,0,0,0,83000,77000,6000,6000
068125,潤泰新元富07購01,0,0,0,0,0,0,0,0,0,6000,0,0,0,10000,4000,6000,6000
068470,台積電群益01購20,0,0,0,0,0,0,0,0,0,6000,0,0,0,10000,4000,6000,6000
08062P,華擎國票9B售03  ,0,0,0,0,0,0,0,0,0,6000,0,0,0,70000,64000,6000,6000
08019P,緯穎國票9B售02  ,0,0,0,0,0,0,0,0,0,6000,0,0,0,353000,347000,6000,6000
08604P,金融類元大9C售01,0,0,0,0,0,0,0,0,0,6000,0,0,0,16000,10000,6000,6000
03682C,臺股指凱基9C牛07,0,0,0,0,0,0,0,0,0,6000,0,0,0,11000,5000,6000,6000
00866,新光Shiller CAPE,0,0,0,0,0,0,0,0,0,6000,0,0,0,32000,26000,6000,6000
0054,元大台商50      ,0,0,0,0,0,0,0,0,0,6000,0,0,0,6000,0,6000,6000
057258,中環兆豐98購01  ,0,0,0,0,0,0,0,0,0,6000,0,0,0,6000,0,6000,6000
056852,矽格元富98購01  ,0,0,0,0,0,0,0,0,0,6000,0,0,0,6000,0,6000,6000
05682P,大立光元大98售03,0,0,0,0,0,0,0,0,0,6000,0,0,0,6000,0,6000,6000
057299,立積永豐98購02  ,0,0,0,0,0,0,0,0,0,6000,0,0,0,6000,0,6000,6000
058075,貿聯凱基99購02  ,0,0,0,0,0,0,0,0,0,6000,0,0,0,6000,0,6000,6000
055281,台光電元大98購03,0,0,0,0,0,0,0,0,0,6000,0,0,0,6000,0,6000,6000
055002,群創元富99購04  ,0,0,0,0,0,0,0,0,0,6000,0,0,0,6000,0,6000,6000
052113,漢唐中信98購01  ,0,0,0,0,0,0,0,0,0,6000,0,0,0,6000,0,6000,6000
051432,群創元富99購03  ,0,0,0,0,0,0,0,0,0,6000,0,0,0,6000,0,6000,6000
054072,台積電富邦98購02,0,0,0,0,0,0,0,0,0,6000,0,0,0,6000,0,6000,6000
057919,技嘉凱基98購03  ,0,0,0,0,0,0,0,0,0,6000,0,0,0,6000,0,6000,6000
058712,鴻海統一9B購03  ,0,0,0,0,0,0,0,0,0,6000,0,0,0,20000,14000,6000,6000
063885,南六元富9C購01  ,0,0,0,0,0,0,0,0,0,6000,0,0,0,6000,0,6000,6000
059912,國巨元大99購28  ,0,0,0,0,0,0,0,0,0,6000,0,0,0,31000,25000,6000,6000
058193,緯穎永豐99購01  ,0,0,0,0,0,0,0,0,0,6000,0,0,0,6000,0,6000,6000
057566,欣興富邦99購01  ,0,0,0,0,0,0,0,0,0,6000,0,0,0,6000,0,6000,6000
057553,景碩凱基98購03  ,0,0,0,0,0,0,0,0,0,6000,0,0,0,19000,13000,6000,6000
060287,燿華元大9A購01  ,0,0,0,0,0,0,0,0,0,6000,0,0,0,10000,4000,6000,6000
062553,台積電凱基9B購07,0,0,0,0,0,0,0,0,0,6000,0,0,0,10000,4000,6000,6000
063746,上銀國票9C購01  ,0,0,0,0,0,0,0,0,0,6000,0,0,0,244000,238000,6000,6000
062904,台光電元大9B購06,0,0,0,0,0,0,0,0,0,6000,0,0,0,6000,0,6000,6000
063637,聯發科元大9C購02,0,0,0,0,0,0,0,0,0,6000,0,0,0,8000,2000,6000,6000
061528,超眾凱基9A購04  ,0,0,0,0,0,0,0,0,0,6000,0,0,0,6000,0,6000,6000
064402,宏碁凱基01購01  ,0,0,0,0,0,0,0,0,0,6000,0,0,0,153000,147000,6000,6000
064173,國產元富9C購01  ,0,0,0,0,0,0,0,0,0,6000,0,0,0,11000,5000,6000,6000
060596,元黃金凱基9A購02,0,0,0,0,0,0,0,0,0,6000,0,0,0,6000,0,6000,6000
064198,超眾群益9C購01  ,0,0,0,0,0,0,0,0,0,6000,0,0,0,40000,34000,6000,6000
062134,國巨群益9B購04  ,0,0,0,0,0,0,0,0,0,6000,0,0,0,6000,0,6000,6000
060960,金像電凱基9B購01,0,0,0,0,0,0,0,0,0,6000,0,0,0,6000,0,6000,6000
061907,裕隆中信9B購01  ,0,0,0,0,0,0,0,0,0,6000,0,0,0,10000,4000,6000,6000
067175,國巨麥證01購06  ,0,0,0,24000,4000,20000,0,0,0,6000,0,0,0,24000,18000,6000,6000
067147,台積電統一04購01,0,0,0,0,0,0,0,0,0,6000,0,0,0,6000,0,6000,6000
067005,盟立永豐01購04  ,0,0,0,0,0,0,0,0,0,6000,0,0,0,6000,0,6000,6000
065335,玉晶光台新9C購03,0,0,0,0,0,0,0,0,0,6000,0,0,0,46000,40000,6000,6000
065260,金像電元大9C購07,0,0,0,0,0,0,0,0,0,6000,0,0,0,24000,18000,6000,6000
065368,技嘉元大9C購04  ,0,0,0,0,0,0,0,0,0,6000,0,0,0,6000,0,6000,6000
065598,微星元大01購02  ,0,0,0,0,0,0,0,0,0,6000,0,0,0,23000,17000,6000,6000
065795,康友永豐9C購02  ,0,0,0,0,0,0,0,0,0,6000,0,0,0,6000,0,6000,6000
065709,瀚宇博群益9C購01,0,0,0,0,0,0,0,0,0,6000,0,0,0,28000,22000,6000,6000
064813,祥碩元大9C購05  ,0,0,0,0,0,0,0,0,0,6000,0,0,0,6000,0,6000,6000
064744,創意國票01購02  ,0,0,0,0,0,0,0,0,0,6000,0,0,0,10000,4000,6000,6000
8462,柏文            ,23000,17000,6000,0,0,0,0,0,0,0,0,0,0,0,0,0,6000
3705,永信            ,76000,71000,5000,0,0,0,0,0,0,1000,1000,0,1000,0,0,0,6000
3665,貿聯-KY         ,106000,103000,3000,0,0,0,0,0,0,3000,0,0,0,7000,4000,3000,6000
4566,時碩工業        ,16000,10000,6000,0,0,0,0,0,0,0,0,0,0,0,0,0,6000
2849,安泰銀          ,4000,18000,-14000,0,0,0,1000,0,1000,19000,19000,0,19000,0,0,0,6000
1626,艾美特-KY       ,24000,18000,6000,0,0,0,0,0,0,0,0,0,0,0,0,0,6000
008201,BP上證50        ,0,0,0,0,0,0,0,0,0,5500,0,0,0,5500,0,5500,5500
08682P,鴻海凱基01售06  ,0,0,0,0,0,0,0,0,0,5000,0,0,0,14000,9000,5000,5000
08798P,聯發科國票01售03,0,0,0,0,0,0,0,0,0,5000,0,0,0,53000,48000,5000,5000
08787P,滬深2X元富01售06,0,0,0,0,0,0,0,0,0,5000,0,0,0,5000,0,5000,5000
08818P,台灣50凱基01售18,0,0,0,0,0,0,0,0,0,5000,0,0,0,5000,0,5000,5000
08934P,鴻海元大01售18  ,0,0,0,0,0,0,0,0,0,5000,0,0,0,10000,5000,5000,5000
08125P,聯茂群益9B售02  ,0,0,0,0,0,0,0,0,0,5000,0,0,0,10000,5000,5000,5000
08283P,T50反1凱基01售01,0,0,0,0,0,0,0,0,0,5000,0,0,0,5000,0,5000,5000
08324P,大立光凱基9C售05,0,0,0,0,0,0,0,0,0,5000,0,0,0,5000,0,5000,5000
08472P,和碩凱基9C售02  ,0,0,0,0,0,0,0,0,0,5000,0,0,0,5000,0,5000,5000
07928P,國巨統一9B售09  ,0,0,0,0,0,0,0,0,0,5000,0,0,0,5000,0,5000,5000
07912P,玉晶光統一9B售02,0,0,0,0,0,0,0,0,0,5000,0,0,0,5000,0,5000,5000
07833P,大立光群益9B售02,0,0,0,0,0,0,0,0,0,5000,0,0,0,10000,5000,5000,5000
07366P,國巨康和99售02  ,0,0,0,0,0,0,0,0,0,5000,0,0,0,5000,0,5000,5000
07265P,大立光元大99售16,0,0,0,0,0,0,0,0,0,5000,0,0,0,5000,0,5000,5000
07274P,上証2X群益01售01,0,0,0,0,0,0,0,0,0,5000,0,0,0,5000,0,5000,5000
07568P,鴻海凱基9A售22  ,0,0,0,0,0,0,0,0,0,5000,0,0,0,5000,0,5000,5000
07687P,上銀元大9A售06  ,0,0,0,0,0,0,0,0,0,5000,0,0,0,5000,0,5000,5000
06959P,鴻海凱基9A售02  ,0,0,0,0,0,0,0,0,0,5000,0,0,0,5000,0,5000,5000
068621,國巨群益02購03  ,0,0,0,0,0,0,0,0,0,5000,0,0,0,5000,0,5000,5000
068521,同欣電統一03購02,0,0,0,0,0,0,0,0,0,5000,0,0,0,50000,45000,5000,5000
068373,華通永豐01購02  ,0,0,0,0,0,0,0,0,0,5000,0,0,0,5000,0,5000,5000
068066,亞德客凱基03購01,0,0,0,0,0,0,0,0,0,5000,0,0,0,5000,0,5000,5000
067990,台積電元大01購32,0,0,0,0,0,0,0,0,0,5000,0,0,0,5000,0,5000,5000
068045,滬深2X統一03購01,0,0,0,0,0,0,0,0,0,5000,0,0,0,5000,0,5000,5000
067467,鴻海元大01購16  ,0,0,0,0,0,0,0,0,0,5000,0,0,0,15000,10000,5000,5000
067453,嘉澤國票02購02  ,0,0,0,0,0,0,0,0,0,5000,0,0,0,5000,0,5000,5000
067484,聯詠元大01購07  ,0,0,0,0,0,0,0,0,0,5000,0,0,0,25000,20000,5000,5000
067581,聯電群益03購01  ,0,0,0,0,0,0,0,0,0,5000,0,0,0,7000,2000,5000,5000
067583,金像電群益01購05,0,0,0,0,0,0,0,0,0,5000,0,0,0,78000,73000,5000,5000
067628,力山永豐01購01  ,0,0,0,0,0,0,0,0,0,5000,0,0,0,188000,183000,5000,5000
020002,元富新中國N     ,0,0,0,0,0,0,0,0,0,5000,0,0,0,5000,0,5000,5000
00775B,新光投等債15+   ,1000,0,1000,0,0,0,0,0,0,4000,0,0,0,6000,2000,4000,5000
00663L,國泰臺灣加權正2 ,5000,0,5000,0,0,0,0,0,0,0,0,0,0,16000,16000,0,5000
03679C,臺股指元大04牛04,0,0,0,0,0,0,0,0,0,5000,0,0,0,5000,0,5000,5000
047505,元金2X國票9B購01,0,0,0,0,0,0,0,0,0,5000,0,0,0,5000,0,5000,5000
055842,建準元大98購01  ,0,0,0,0,0,0,0,0,0,5000,0,0,0,15000,10000,5000,5000
056253,京鼎兆豐98購01  ,0,0,0,0,0,0,0,0,0,5000,0,0,0,5000,0,5000,5000
056144,GIS元大98購01   ,0,0,0,0,0,0,0,0,0,5000,0,0,0,5000,0,5000,5000
056811,健策統一9B購01  ,0,0,0,0,0,0,0,0,0,5000,0,0,0,5000,0,5000,5000
056845,揚明光元富98購01,0,0,0,0,0,0,0,0,0,5000,0,0,0,5000,0,5000,5000
057135,立積凱基98購01  ,0,0,0,0,0,0,0,0,0,5000,0,0,0,5000,0,5000,5000
053732,S&P反1中信9C購01,0,0,0,0,0,0,0,0,0,5000,0,0,0,5000,0,5000,5000
054297,台郡元大98購01  ,0,0,0,0,0,0,0,0,0,5000,0,0,0,10000,5000,5000,5000
057024,義隆凱基99購01  ,0,0,0,0,0,0,0,0,0,5000,0,0,0,5000,0,5000,5000
053522,臺股指群益99購01,0,0,0,0,0,0,0,0,0,5000,0,0,0,5000,0,5000,5000
053597,牧德元大99購01  ,0,0,0,0,0,0,0,0,0,5000,0,0,0,5000,0,5000,5000
050890,南電富邦99購01  ,0,0,0,0,0,0,0,0,0,5000,0,0,0,5000,0,5000,5000
052476,台光電群益98購01,0,0,0,0,0,0,0,0,0,5000,0,0,0,5000,0,5000,5000
048414,滬深2X統一98購01,0,0,0,0,0,0,0,0,0,5000,0,0,0,5000,0,5000,5000
057394,台積電中信9C購02,0,0,0,0,0,0,0,0,0,5000,0,0,0,5000,0,5000,5000
057407,超眾群益99購01  ,0,0,0,0,0,0,0,0,0,5000,0,0,0,5000,0,5000,5000
054916,聯發科凱基98購04,0,0,0,0,0,0,0,0,0,5000,0,0,0,5000,0,5000,5000
055318,華通國票98購01  ,0,0,0,0,0,0,0,0,0,5000,0,0,0,5000,0,5000,5000
055536,嘉聯益群益99購02,0,0,0,0,0,0,0,0,0,5000,0,0,0,5000,0,5000,5000
058106,神達統一98購02  ,0,0,0,0,0,0,0,0,0,5000,0,0,0,65000,60000,5000,5000
060035,臺股指永豐99購04,0,0,0,0,0,0,0,0,0,5000,0,0,0,5000,0,5000,5000
060350,元黃金元富9B購01,0,0,0,0,0,0,0,0,0,5000,0,0,0,5000,0,5000,5000
057532,智原元大98購03  ,0,0,0,0,0,0,0,0,0,5000,0,0,0,5000,0,5000,5000
060246,晶相光元大9C購03,0,0,0,0,0,0,0,0,0,5000,0,0,0,5000,0,5000,5000
057637,上銀元大98購07  ,0,0,0,0,0,0,0,0,0,5000,0,0,0,49000,44000,5000,5000
057790,台積電統一99購04,0,0,0,0,0,0,0,0,0,5000,0,0,0,20000,15000,5000,5000
058200,世芯康和99購01  ,0,0,0,0,0,0,0,0,0,5000,0,0,0,5000,0,5000,5000
058174,台積電凱基9A購05,0,0,0,0,0,0,0,0,0,5000,0,0,0,5000,0,5000,5000
058175,旺宏凱基99購03  ,0,0,0,0,0,0,0,0,0,5000,0,0,0,5000,0,5000,5000
059296,大立光元富99購06,0,0,0,0,0,0,0,0,0,5000,0,0,0,5000,0,5000,5000
059355,國巨富邦9B購03  ,0,0,0,0,0,0,0,0,0,5000,0,0,0,11000,6000,5000,5000
063868,嘉晶永豐9C購01  ,0,0,0,0,0,0,0,0,0,5000,0,0,0,15000,10000,5000,5000
058703,台積電元大99購16,0,0,0,0,0,0,0,0,0,5000,0,0,0,5000,0,5000,5000
058806,道瓊銀統一9B購01,0,0,0,0,0,0,0,0,0,5000,0,0,0,10000,5000,5000,5000
058492,華通群益9B購01  ,0,0,0,0,0,0,0,0,0,5000,0,0,0,5000,0,5000,5000
058497,新日興群益9B購01,0,0,0,0,0,0,0,0,0,5000,0,0,0,7000,2000,5000,5000
058353,國巨凱基99購09  ,0,0,0,0,0,0,0,0,0,5000,0,0,0,5000,0,5000,5000
061944,聯電群益9B購01  ,0,0,0,0,0,0,0,0,0,5000,0,0,0,5000,0,5000,5000
061987,大立光元大9B購03,0,0,0,0,0,0,0,0,0,5000,0,0,0,23000,18000,5000,5000
063721,道瓊銀元大9B購03,0,0,0,0,0,0,0,0,0,5000,0,0,0,6000,1000,5000,5000
062067,滬深2X元大9B購01,0,0,0,0,0,0,0,0,0,5000,0,0,0,5000,0,5000,5000
060477,和潤元大9A購01  ,0,0,0,0,0,0,0,0,0,5000,0,0,0,5000,0,5000,5000
060429,南六永豐9A購01  ,0,0,0,0,0,0,0,0,0,5000,0,0,0,5000,0,5000,5000
060845,欣興國票9A購01  ,0,0,0,0,0,0,0,0,0,5000,0,0,0,5000,0,5000,5000
060825,聯詠元大9A購05  ,0,0,0,0,0,0,0,0,0,5000,0,0,0,5000,0,5000,5000
060595,台灣50凱基04購04,0,0,0,0,0,0,0,0,0,5000,0,0,0,5000,0,5000,5000
060540,南亞凱基9A購01  ,0,0,0,0,0,0,0,0,0,5000,0,0,0,5000,0,5000,5000
060675,南亞科元大9A購02,0,0,0,0,0,0,0,0,0,5000,0,0,0,5000,0,5000,5000
060665,康控凱基9A購01  ,0,0,0,0,0,0,0,0,0,5000,0,0,0,30000,25000,5000,5000
060777,茂林凱基9C購01  ,0,0,0,0,0,0,0,0,0,5000,0,0,0,5000,0,5000,5000
060707,台郡富邦9A購01  ,0,0,0,0,0,0,0,0,0,5000,0,0,0,10000,5000,5000,5000
064156,大立光統一01購06,0,0,0,0,0,0,0,0,0,5000,0,0,0,5000,0,5000,5000
064337,大毅元大01購02  ,0,0,0,0,0,0,0,0,0,5000,0,0,0,5000,0,5000,5000
064410,超眾凱基02購01  ,0,0,0,0,0,0,0,0,0,5000,0,0,0,75000,70000,5000,5000
064408,TPK凱基02購01   ,0,0,0,0,0,0,0,0,0,5000,0,0,0,21000,16000,5000,5000
064466,聯電元富9C購01  ,0,0,0,0,0,0,0,0,0,5000,0,0,0,5000,0,5000,5000
061351,智伸科元大9A購01,0,0,0,0,0,0,0,0,0,5000,0,0,0,5000,0,5000,5000
063631,燿華元大9B購06  ,0,0,0,0,0,0,0,0,0,5000,0,0,0,62000,57000,5000,5000
062912,新日興元大9B購01,0,0,0,0,0,0,0,0,0,5000,0,0,0,15000,10000,5000,5000
063519,聚陽凱基9B購02  ,0,0,0,0,0,0,0,0,0,5000,0,0,0,10000,5000,5000,5000
063461,金像電元大9B購03,0,0,0,0,0,0,0,0,0,5000,0,0,0,14000,9000,5000,5000
063468,聯詠元大9B購04  ,0,0,0,0,0,0,0,0,0,5000,0,0,0,5000,0,5000,5000
063547,大立光兆豐9B購04,0,0,0,0,0,0,0,0,0,5000,0,0,0,5000,0,5000,5000
064021,國巨元大9C購15  ,0,0,0,0,0,0,0,0,0,5000,0,0,0,58000,53000,5000,5000
063947,大毅元大9C購02  ,0,0,0,0,0,0,0,0,0,5000,0,0,0,9000,4000,5000,5000
062951,鴻海永豐9B購02  ,0,0,0,0,0,0,0,0,0,5000,0,0,0,48000,43000,5000,5000
062992,聯發科群益9B購09,0,0,0,0,0,0,0,0,0,5000,0,0,0,5000,0,5000,5000
063237,微星元大9B購02  ,0,0,0,0,0,0,0,0,0,5000,0,0,0,48000,43000,5000,5000
062331,大立光統一9B購10,0,0,0,0,0,0,0,0,0,5000,0,0,0,5000,0,5000,5000
062354,台達電元大9B購01,0,0,0,0,0,0,0,0,0,5000,0,0,0,21000,16000,5000,5000
064740,台光電國票01購01,0,0,0,0,0,0,0,0,0,5000,0,0,0,5000,0,5000,5000
065058,東元群益9C購01  ,0,0,0,0,0,0,0,0,0,5000,0,0,0,5000,0,5000,5000
065077,鴻海元大01購03  ,0,0,0,0,0,0,0,0,0,5000,0,0,0,5000,0,5000,5000
065140,國巨凱基01購02  ,0,0,0,0,0,0,0,0,0,5000,0,0,0,45000,40000,5000,5000
065227,金像電凱基9C購01,0,0,0,0,0,0,0,0,0,5000,0,0,0,53000,48000,5000,5000
065217,世芯國泰02購01  ,0,0,0,0,0,0,0,0,0,5000,0,0,0,5000,0,5000,5000
065160,聯茂群益9C購02  ,0,0,0,0,0,0,0,0,0,5000,0,0,0,98000,93000,5000,5000
064971,裕隆元大01購01  ,0,0,0,0,0,0,0,0,0,5000,0,0,0,33000,28000,5000,5000
06490P,鴻海富邦99售02  ,0,0,0,0,0,0,0,0,0,5000,0,0,0,5000,0,5000,5000
064925,和碩統一02購01  ,0,0,0,0,0,0,0,0,0,5000,0,0,0,23000,18000,5000,5000
065733,茂林凱基9C購03  ,0,0,0,0,0,0,0,0,0,5000,0,0,0,30000,25000,5000,5000
065656,聯發科國泰03購01,0,0,0,0,0,0,0,0,0,5000,0,0,0,5000,0,5000,5000
065864,光寶科群益9C購01,0,0,0,0,0,0,0,0,0,5000,0,0,0,8000,3000,5000,5000
065884,智原元富9C購02  ,0,0,0,0,0,0,0,0,0,5000,0,0,0,28000,23000,5000,5000
065928,創意國票02購01  ,0,0,0,0,0,0,0,0,0,5000,0,0,0,224000,219000,5000,5000
065566,裕隆群益9C購02  ,0,0,0,0,0,0,0,0,0,5000,0,0,0,51000,46000,5000,5000
065526,台表科群益9C購03,0,0,0,0,0,0,0,0,0,5000,0,0,0,5000,0,5000,5000
065453,康友統一02購02  ,0,0,0,0,0,0,0,0,0,5000,0,0,0,10000,5000,5000,5000
067038,滬深2X凱基04購02,0,0,0,0,0,0,0,0,0,5000,0,0,0,15000,10000,5000,5000
066919,台積電麥證01購06,0,0,0,5000,0,5000,0,0,0,5000,0,0,0,5000,0,5000,5000
066897,京元電康和01購01,0,0,0,0,0,0,0,0,0,5000,0,0,0,26000,21000,5000,5000
066784,滬深反中信03購01,0,0,0,0,0,0,0,0,0,5000,0,0,0,5000,0,5000,5000
066717,上証2X元大01購01,0,0,0,0,0,0,0,0,0,5000,0,0,0,5000,0,5000,5000
066697,長興群益01購01  ,0,0,0,0,0,0,0,0,0,5000,0,0,0,5000,0,5000,5000
066240,泰鼎富邦03購01  ,0,0,0,0,0,0,0,0,0,5000,0,0,0,50000,45000,5000,5000
066128,台積電群益02購01,0,0,0,0,0,0,0,0,0,5000,0,0,0,5000,0,5000,5000
066146,昇陽半群益01購02,0,0,0,0,0,0,0,0,0,5000,0,0,0,14000,9000,5000,5000
1730,花仙子          ,23000,18000,5000,0,0,0,0,0,0,0,0,0,0,0,0,0,5000
2034,允強            ,40000,59000,-19000,0,0,0,0,0,0,24000,24000,0,24000,0,0,0,5000
2891B,中信金乙特      ,0,0,0,0,0,0,0,0,0,5000,5000,0,5000,0,0,0,5000
2722,夏都            ,16000,11000,5000,0,0,0,0,0,0,0,0,0,0,0,0,0,5000
6666,羅麗芬-KY       ,5000,0,5000,0,0,0,0,0,0,0,0,0,0,0,0,0,5000
6166,凌華            ,55199,47000,8199,0,0,0,0,0,0,-4000,0,6000,-6000,2000,0,2000,4199
067803,台積電凱基07購02,0,0,0,0,0,0,0,0,0,4000,0,0,0,4000,0,4000,4000
067392,欣興國泰03購01  ,0,0,0,0,0,0,0,0,0,4000,0,0,0,4000,0,4000,4000
068000,聯詠元大01購09  ,0,0,0,0,0,0,0,0,0,4000,0,0,0,4000,0,4000,4000
067914,鴻海永豐01購01  ,0,0,0,0,0,0,0,0,0,4000,0,0,0,44000,40000,4000,4000
068105,GIS永豐01購01   ,0,0,0,0,0,0,0,0,0,4000,0,0,0,21000,17000,4000,4000
068177,台積電群益02購04,0,0,0,0,0,0,0,0,0,4000,0,0,0,4000,0,4000,4000
07642P,華通凱基9A售05  ,0,0,0,0,0,0,0,0,0,4000,0,0,0,4000,0,4000,4000
07190P,臺股指富邦9C售02,0,0,0,0,0,0,0,0,0,4000,0,0,0,5000,1000,4000,4000
07222P,台灣50元大01售04,0,0,0,0,0,0,0,0,0,4000,0,0,0,4000,0,4000,4000
07900P,臺股指凱基9B售03,0,0,0,0,0,0,0,0,0,4000,0,0,0,4000,0,4000,4000
08547P,大立光中信9C售04,0,0,0,0,0,0,0,0,0,4000,0,0,0,5000,1000,4000,4000
08373P,大立光凱基01售05,0,0,0,0,0,0,0,0,0,4000,0,0,0,4000,0,4000,4000
08911P,力成凱基01售01  ,0,0,0,0,0,0,0,0,0,4000,0,0,0,11000,7000,4000,4000
08789P,A50正2元富01售04,0,0,0,0,0,0,0,0,0,4000,0,0,0,4000,0,4000,4000
08564P,國巨群益9C售15  ,0,0,0,0,0,0,0,0,0,4000,0,0,0,4000,0,4000,4000
08612P,嘉晶凱基9C售03  ,0,0,0,0,0,0,0,0,0,4000,0,0,0,4000,0,4000,4000
058359,瑞昱凱基99購01  ,0,0,0,0,0,0,0,0,0,4000,0,0,0,4000,0,4000,4000
058592,聯發科統一9C購01,0,0,0,0,0,0,0,0,0,4000,0,0,0,4000,0,4000,4000
063916,瀚宇博凱基01購01,0,0,0,0,0,0,0,0,0,4000,0,0,0,37000,33000,4000,4000
063825,道瓊銀國票01購01,0,0,0,0,0,0,0,0,0,4000,0,0,0,6000,2000,4000,4000
061574,大毅元大9B購01  ,0,0,0,0,0,0,0,0,0,4000,0,0,0,4000,0,4000,4000
061578,玉晶光元大9A購16,0,0,0,0,0,0,0,0,0,4000,0,0,0,4000,0,4000,4000
061607,台表科凱基9B購02,0,0,0,0,0,0,0,0,0,4000,0,0,0,78000,74000,4000,4000
061627,台表科群益9A購01,0,0,0,0,0,0,0,0,0,4000,0,0,0,4000,0,4000,4000
059946,健策永豐99購05  ,0,0,0,0,0,0,0,0,0,4000,0,0,0,4000,0,4000,4000
060344,聯發科統一01購01,0,0,0,0,0,0,0,0,0,4000,0,0,0,4000,0,4000,4000
059082,華通元大99購06  ,0,0,0,0,0,0,0,0,0,4000,0,0,0,5000,1000,4000,4000
059987,大立光元大99購28,0,0,0,0,0,0,0,0,0,4000,0,0,0,4000,0,4000,4000
058966,元油2X日盛99購03,0,0,0,0,0,0,0,0,0,4000,0,0,0,4000,0,4000,4000
058970,鴻海永豐99購02  ,0,0,0,0,0,0,0,0,0,4000,0,0,0,45000,41000,4000,4000
056411,緯穎國票99購01  ,0,0,0,0,0,0,0,0,0,4000,0,0,0,4000,0,4000,4000
052412,上証2X中信98購01,0,0,0,0,0,0,0,0,0,4000,0,0,0,4000,0,4000,4000
057355,彩晶統一98購03  ,40000,0,40000,0,0,0,0,0,0,-36000,0,0,0,5000,41000,-36000,4000
03179P,聯發科群益01售16,0,0,0,0,0,0,0,0,0,4000,0,0,0,34000,30000,4000,4000
03684C,臺股指元大06牛01,0,0,0,0,0,0,0,0,0,4000,0,0,0,4000,0,4000,4000
00645,富邦日本        ,0,0,0,0,0,0,0,0,0,4000,0,0,0,117000,113000,4000,4000
063221,京元電群益9B購02,0,0,0,0,0,0,0,0,0,4000,0,0,0,4000,0,4000,4000
062776,鴻海元大9B購03  ,0,0,0,0,0,0,0,0,0,4000,0,0,0,4000,0,4000,4000
062683,可成統一9B購04  ,0,0,0,0,0,0,0,0,0,4000,0,0,0,4000,0,4000,4000
062549,中租永豐9B購01  ,0,0,0,0,0,0,0,0,0,4000,0,0,0,120000,116000,4000,4000
063598,國巨凱基9B購14  ,0,0,0,0,0,0,0,0,0,4000,0,0,0,13000,9000,4000,4000
063314,美律群益9B購01  ,0,0,0,0,0,0,0,0,0,4000,0,0,0,102000,98000,4000,4000
061159,同欣電群益9A購01,0,0,0,0,0,0,0,0,0,4000,0,0,0,4000,0,4000,4000
061342,華新科元大9A購17,0,0,0,0,0,0,0,0,0,4000,0,0,0,4000,0,4000,4000
061508,南六國泰9C購02  ,0,0,0,0,0,0,0,0,0,4000,0,0,0,126000,122000,4000,4000
064405,美食凱基01購02  ,0,0,0,0,0,0,0,0,0,4000,0,0,0,4000,0,4000,4000
064152,義隆統一02購02  ,0,0,0,0,0,0,0,0,0,4000,0,0,0,4000,0,4000,4000
061702,奇鋐國票9A購02  ,0,0,0,0,0,0,0,0,0,4000,0,0,0,42000,38000,4000,4000
062007,台光電國泰9C購01,0,0,0,0,0,0,0,0,0,4000,0,0,0,8000,4000,4000,4000
066449,瀚宇博群益01購01,0,0,0,0,0,0,0,0,0,4000,0,0,0,4000,0,4000,4000
066691,京元電台新01購01,0,0,0,0,0,0,0,0,0,4000,0,0,0,10000,6000,4000,4000
066643,旺宏麥證01購01  ,0,0,0,4000,0,4000,0,0,0,4000,0,0,0,4000,0,4000,4000
066797,台積電凱基02購09,0,0,0,0,0,0,0,0,0,4000,0,0,0,4000,0,4000,4000
065899,神基麥證9C購02  ,0,0,0,4000,0,4000,0,0,0,4000,0,0,0,4000,0,4000,4000
065705,嘉晶群益9C購05  ,0,0,0,0,0,0,0,0,0,4000,0,0,0,188000,184000,4000,4000
064967,道瓊銀元大01購01,0,0,0,0,0,0,0,0,0,4000,0,0,0,4000,0,4000,4000
065071,電子類群益9C購01,0,0,0,0,0,0,0,0,0,4000,0,0,0,4000,0,4000,4000
064790,金像電國票01購01,0,0,0,0,0,0,0,0,0,4000,0,0,0,4000,0,4000,4000
064544,國巨凱基9C購09  ,0,0,0,0,0,0,0,0,0,4000,0,0,0,24000,20000,4000,4000
910861,神州-DR         ,14000,10000,4000,0,0,0,0,0,0,0,0,0,0,0,0,0,4000
2423,固緯            ,11000,13000,-2000,0,0,0,0,0,0,6000,6000,0,6000,0,0,0,4000
1413,宏洲            ,6000,2000,4000,0,0,0,0,0,0,0,0,0,0,0,0,0,4000
08963P,牧德凱基01售02  ,0,0,0,0,0,0,0,0,0,4000,0,0,0,4000,0,4000,4000
08958P,鴻海凱基01售08  ,0,0,0,0,0,0,0,0,0,4000,0,0,0,4000,0,4000,4000
1201,味全            ,125000,121000,4000,0,0,0,0,0,0,0,0,0,0,0,0,0,4000
9939,宏全            ,114553,144000,-29447,0,0,0,0,0,0,33000,4000,0,4000,29000,0,29000,3553
08635P,大成鋼國票01售01,0,0,0,0,0,0,0,0,0,3000,0,0,0,3000,0,3000,3000
08710P,鴻海元富07售03  ,0,0,0,0,0,0,0,0,0,3000,0,0,0,21000,18000,3000,3000
08188P,群創群益9B售04  ,0,0,0,0,0,0,0,0,0,3000,0,0,0,3000,0,3000,3000
07363P,大立光元大99售26,0,0,0,0,0,0,0,0,0,3000,0,0,0,3000,0,3000,3000
068559,鴻海元大01購29  ,0,0,0,0,0,0,0,0,0,3000,0,0,0,3000,0,3000,3000
07030P,鈺齊群益99售01  ,0,0,0,0,0,0,0,0,0,3000,0,0,0,3000,0,3000,3000
06926P,可成群益9A售04  ,0,0,0,0,0,0,0,0,0,3000,0,0,0,22000,19000,3000,3000
068766,台積電統一04購04,0,0,0,0,0,0,0,0,0,3000,0,0,0,3000,0,3000,3000
068176,滬深2X群益01購10,0,0,0,0,0,0,0,0,0,3000,0,0,0,5000,2000,3000,3000
068144,台積電元大01購33,0,0,0,0,0,0,0,0,0,3000,0,0,0,4000,1000,3000,3000
067438,緯穎凱基01購03  ,0,0,0,0,0,0,0,0,0,3000,0,0,0,3000,0,3000,3000
067290,金像電兆豐03購01,0,0,0,0,0,0,0,0,0,3000,0,0,0,4000,1000,3000,3000
067867,冠德元大01購01  ,0,0,0,0,0,0,0,0,0,3000,0,0,0,58000,55000,3000,3000
067770,台積電統一03購03,0,0,0,0,0,0,0,0,0,3000,0,0,0,3000,0,3000,3000
03276P,聯發科台新02售01,0,0,0,0,0,0,0,0,0,3000,0,0,0,3000,0,3000,3000
055976,台積電統一99購03,0,0,0,0,0,0,0,0,0,3000,0,0,0,3000,0,3000,3000
057241,超眾凱基99購02  ,0,0,0,0,0,0,0,0,0,3000,0,0,0,11000,8000,3000,3000
052318,友達元大98購01  ,0,0,0,0,0,0,0,0,0,3000,0,0,0,3000,0,3000,3000
057503,世紀鋼群益98購02,0,0,0,0,0,0,0,0,0,3000,0,0,0,3000,0,3000,3000
057056,立積元大99購02  ,0,0,0,0,0,0,0,0,0,3000,0,0,0,3000,0,3000,3000
057093,臻鼎元富98購02  ,0,0,0,0,0,0,0,0,0,3000,0,0,0,3000,0,3000,3000
058985,可成凱基99購03  ,0,0,0,0,0,0,0,0,0,3000,0,0,0,3000,0,3000,3000
057999,智邦亞東99購02  ,0,0,0,0,0,0,0,0,0,3000,0,0,0,3000,0,3000,3000
058044,鴻海元大99購07  ,0,0,0,0,0,0,0,0,0,3000,0,0,0,3000,0,3000,3000
053282,彩晶元大9C購01  ,0,0,0,0,0,0,0,0,0,3000,0,0,0,125000,122000,3000,3000
053186,健策中信9C購01  ,0,0,0,0,0,0,0,0,0,3000,0,0,0,20000,17000,3000,3000
053190,聯發科統一99購01,0,0,0,0,0,0,0,0,0,3000,0,0,0,3000,0,3000,3000
057556,智易凱基99購01  ,0,0,0,0,0,0,0,0,0,3000,0,0,0,3000,0,3000,3000
057513,智邦台新98購01  ,0,0,0,0,0,0,0,0,0,3000,0,0,0,3000,0,3000,3000
059973,A50正2元大99購02,0,0,0,0,0,0,0,0,0,3000,0,0,0,3000,0,3000,3000
059908,元金2X元大99購01,0,0,0,0,0,0,0,0,0,3000,0,0,0,3000,0,3000,3000
059901,滬深2X元大9C購07,0,0,0,0,0,0,0,0,0,3000,0,0,0,3000,0,3000,3000
058223,世芯統一9B購01  ,0,0,0,0,0,0,0,0,0,3000,0,0,0,3000,0,3000,3000
059843,華新科富邦9B購03,0,0,0,0,0,0,0,0,0,3000,0,0,0,3000,0,3000,3000
059632,聯發科凱基01購01,0,0,0,0,0,0,0,0,0,3000,0,0,0,3000,0,3000,3000
059719,台積電元大99購42,0,0,0,0,0,0,0,0,0,3000,0,0,0,3000,0,3000,3000
058875,台表科國票9A購02,0,0,0,0,0,0,0,0,0,3000,0,0,0,78000,75000,3000,3000
060919,滬深2X富邦9B購01,0,0,0,0,0,0,0,0,0,3000,0,0,0,3000,0,3000,3000
063832,矽創國票01購01  ,0,0,0,0,0,0,0,0,0,3000,0,0,0,3000,0,3000,3000
058731,貿聯永豐99購02  ,0,0,0,0,0,0,0,0,0,3000,0,0,0,3000,0,3000,3000
058334,鴻海元富99購05  ,0,0,0,0,0,0,0,0,0,3000,0,0,0,3000,0,3000,3000
057878,台郡元大99購04  ,0,0,0,0,0,0,0,0,0,3000,0,0,0,3000,0,3000,3000
061824,聯電麥證9B購01  ,0,0,0,3000,0,3000,0,0,0,3000,0,0,0,3000,0,3000,3000
061882,矽創元大9B購01  ,0,0,0,0,0,0,0,0,0,3000,0,0,0,9000,6000,3000,3000
060469,台勝科元大9A購02,0,0,0,0,0,0,0,0,0,3000,0,0,0,3000,0,3000,3000
064288,瀚宇博元大9C購02,0,0,0,0,0,0,0,0,0,3000,0,0,0,13000,10000,3000,3000
064469,臻鼎元富9C購01  ,0,0,0,0,0,0,0,0,0,3000,0,0,0,169000,166000,3000,3000
064445,聚陽統一02購01  ,0,0,0,0,0,0,0,0,0,3000,0,0,0,3000,0,3000,3000
060758,台積電元大9A購19,0,0,0,0,0,0,0,0,0,3000,0,0,0,3000,0,3000,3000
060650,奇力新中信9A購01,0,0,0,0,0,0,0,0,0,3000,0,0,0,3000,0,3000,3000
060844,大立光國票9A購07,0,0,0,0,0,0,0,0,0,3000,0,0,0,3000,0,3000,3000
062538,台積電國泰9C購02,0,0,0,0,0,0,0,0,0,3000,0,0,0,8000,5000,3000,3000
064191,聯發科中信03購01,0,0,0,0,0,0,0,0,0,3000,0,0,0,3000,0,3000,3000
061507,南電國票9A購05  ,0,0,0,0,0,0,0,0,0,3000,0,0,0,3000,0,3000,3000
061255,道瓊反凱基9C購01,0,0,0,0,0,0,0,0,0,3000,0,0,0,3000,0,3000,3000
062843,臺股指群益9B購10,0,0,0,0,0,0,0,0,0,3000,0,0,0,3000,0,3000,3000
063552,晶技國票9B購03  ,0,0,0,0,0,0,0,0,0,3000,0,0,0,3000,0,3000,3000
063803,世紀鋼凱基01購01,0,0,0,0,0,0,0,0,0,3000,0,0,0,20000,17000,3000,3000
064015,立積國票01購01  ,0,0,0,0,0,0,0,0,0,3000,0,0,0,3000,0,3000,3000
062680,微星統一01購01  ,0,0,0,0,0,0,0,0,0,3000,0,0,0,20000,17000,3000,3000
062629,聯發科國票9C購01,0,0,0,0,0,0,0,0,0,3000,0,0,0,6000,3000,3000,3000
063121,友達元大9C購09  ,0,0,0,0,0,0,0,0,0,3000,0,0,0,3000,0,3000,3000
063135,國巨統一9B購16  ,0,0,0,0,0,0,0,0,0,3000,0,0,0,74000,71000,3000,3000
063137,瑞昱統一01購02  ,0,0,0,0,0,0,0,0,0,3000,0,0,0,18000,15000,3000,3000
064617,台光電元大01購01,0,0,0,0,0,0,0,0,0,3000,0,0,0,110000,107000,3000,3000
064612,聯電元大01購01  ,0,0,0,0,0,0,0,0,0,3000,0,0,0,3000,0,3000,3000
064613,聯電元大9C購05  ,0,0,0,0,0,0,0,0,0,3000,0,0,0,3000,0,3000,3000
064789,和大國票01購01  ,0,0,0,0,0,0,0,0,0,3000,0,0,0,3000,0,3000,3000
064872,南電永豐9C購02  ,0,0,0,0,0,0,0,0,0,3000,0,0,0,44000,41000,3000,3000
065068,臺股指群益9C購16,0,0,0,0,0,0,0,0,0,3000,0,0,0,3000,0,3000,3000
065096,世芯元大9C購03  ,0,0,0,0,0,0,0,0,0,3000,0,0,0,3000,0,3000,3000
065130,奇鋐兆豐9C購01  ,0,0,0,0,0,0,0,0,0,3000,0,0,0,3000,0,3000,3000
065173,可成元大9C購10  ,0,0,0,0,0,0,0,0,0,3000,0,0,0,69000,66000,3000,3000
065209,國泰金國票01購01,0,0,0,0,0,0,0,0,0,3000,0,0,0,5000,2000,3000,3000
065770,元黃金國票01購01,0,0,0,0,0,0,0,0,0,3000,0,0,0,3000,0,3000,3000
065947,國巨統一02購03  ,0,0,0,0,0,0,0,0,0,3000,0,0,0,3000,0,3000,3000
065936,聯發科群益02購01,0,0,0,0,0,0,0,0,0,3000,0,0,0,3000,0,3000,3000
065416,華通國票01購02  ,0,0,0,0,0,0,0,0,0,3000,0,0,0,79000,76000,3000,3000
065373,聯發科元大01購03,0,0,0,0,0,0,0,0,0,3000,0,0,0,3000,0,3000,3000
065342,華邦電統一02購01,0,0,0,0,0,0,0,0,0,3000,0,0,0,11000,8000,3000,3000
065396,微星群益01購01  ,0,0,0,0,0,0,0,0,0,3000,0,0,0,3000,0,3000,3000
065376,京鼎元大9C購02  ,0,0,0,0,0,0,0,0,0,3000,0,0,0,18000,15000,3000,3000
067206,台積電元大01購23,0,0,0,0,0,0,0,0,0,3000,0,0,0,11000,8000,3000,3000
910322,康師傅-DR       ,3000,0,3000,0,0,0,0,0,0,0,0,0,0,0,0,0,3000
1307,三芳            ,36000,33000,3000,0,0,0,0,0,0,0,0,0,0,0,0,0,3000
2612,中航            ,32000,29000,3000,0,0,0,0,0,0,0,0,0,0,0,0,0,3000
2613,中櫃            ,0,6000,-6000,0,0,0,0,0,0,9000,9000,0,9000,0,0,0,3000
01002T,土銀國泰R1      ,3456,1000,2456,0,0,0,0,0,0,0,0,0,0,0,0,0,2456
067601,金像電凱基01購04,0,0,0,0,0,0,0,0,0,2000,0,0,0,2000,0,2000,2000
067638,台積電統一03購02,0,0,0,0,0,0,0,0,0,2000,0,0,0,2000,0,2000,2000
067667,台積電元大02購05,0,0,0,0,0,0,0,0,0,2000,0,0,0,12000,10000,2000,2000
067940,健策凱基01購04  ,0,0,0,0,0,0,0,0,0,2000,0,0,0,32000,30000,2000,2000
068522,旺宏元富04購01  ,0,0,0,0,0,0,0,0,0,2000,0,0,0,2000,0,2000,2000
068532,台郡元富07購02  ,0,0,0,0,0,0,0,0,0,2000,0,0,0,2000,0,2000,2000
068398,上証2X元富07購04,0,0,0,0,0,0,0,0,0,2000,0,0,0,10000,8000,2000,2000
068592,台積電統一01購13,0,0,0,0,0,0,0,0,0,2000,0,0,0,2000,0,2000,2000
07422P,大立光元大99售32,0,0,0,0,0,0,0,0,0,2000,0,0,0,2000,0,2000,2000
07797P,大立光國票9A售08,0,0,0,0,0,0,0,0,0,2000,0,0,0,2000,0,2000,2000
07980P,臺股指凱基02售01,0,0,0,0,0,0,0,0,0,2000,0,0,0,2000,0,2000,2000
08437P,台郡群益9C售01  ,0,0,0,0,0,0,0,0,0,2000,0,0,0,2000,0,2000,2000
08496P,金像電國票01售02,0,0,0,0,0,0,0,0,0,2000,0,0,0,12000,10000,2000,2000
08926P,台積電元富07售06,0,0,0,0,0,0,0,0,0,2000,0,0,0,15000,13000,2000,2000
08896P,台灣50群益01售10,0,0,0,0,0,0,0,0,0,2000,0,0,0,63000,61000,2000,2000
03675C,臺股指元大04牛02,0,0,0,0,0,0,0,0,0,2000,0,0,0,2000,0,2000,2000
03457B,臺股指元大03熊04,0,0,0,0,0,0,0,0,0,2000,0,0,0,2000,0,2000,2000
047004,台積電統一99購01,0,0,0,0,0,0,0,0,0,2000,0,0,0,2000,0,2000,2000
056755,聯茂兆豐98購01  ,0,0,0,0,0,0,0,0,0,2000,0,0,0,2000,0,2000,2000
057325,可成群益9A購01  ,0,0,0,0,0,0,0,0,0,2000,0,0,0,2000,0,2000,2000
03010P,國巨國泰03售01  ,0,0,0,0,0,0,0,0,0,2000,0,0,0,60000,58000,2000,2000
056724,臻鼎中信9A購01  ,0,0,0,0,0,0,0,0,0,2000,0,0,0,18000,16000,2000,2000
057079,台積電統一9A購02,0,0,0,0,0,0,0,0,0,2000,0,0,0,2000,0,2000,2000
054204,元金2X國票9B購02,0,0,0,0,0,0,0,0,0,2000,0,0,0,2000,0,2000,2000
054640,健策中信9B購01  ,0,0,0,0,0,0,0,0,0,2000,0,0,0,13000,11000,2000,2000
054679,台積電康和99購01,0,0,0,0,0,0,0,0,0,2000,0,0,0,2000,0,2000,2000
057440,台積電統一98購10,0,0,0,0,0,0,0,0,0,2000,0,0,0,2000,0,2000,2000
057455,景碩國泰99購01  ,0,0,0,0,0,0,0,0,0,2000,0,0,0,2000,0,2000,2000
056280,上証2X永豐98購01,0,0,0,0,0,0,0,0,0,2000,0,0,0,2000,0,2000,2000
056428,台達電凱基99購01,0,0,0,0,0,0,0,0,0,2000,0,0,0,2000,0,2000,2000
057904,矽力永豐98購01  ,0,0,0,0,0,0,0,0,0,2000,0,0,0,3000,1000,2000,2000
057892,上証2X元富02購01,0,0,0,0,0,0,0,0,0,2000,0,0,0,2000,0,2000,2000
057957,嘉晶元大98購01  ,0,0,0,0,0,0,0,0,0,2000,0,0,0,11000,9000,2000,2000
063921,大立光元富9C購03,0,0,0,0,0,0,0,0,0,2000,0,0,0,21000,19000,2000,2000
059784,台光電元大9A購01,0,0,0,0,0,0,0,0,0,2000,0,0,0,2000,0,2000,2000
059647,超眾凱基99購04  ,0,0,0,0,0,0,0,0,0,2000,0,0,0,5000,3000,2000,2000
059242,南亞科凱基99購06,0,0,0,0,0,0,0,0,0,2000,0,0,0,5000,3000,2000,2000
059281,創意永豐99購02  ,0,0,0,0,0,0,0,0,0,2000,0,0,0,2000,0,2000,2000
059789,貿聯元大9A購02  ,0,0,0,0,0,0,0,0,0,2000,0,0,0,2000,0,2000,2000
059875,信邦凱基99購02  ,0,0,0,0,0,0,0,0,0,2000,0,0,0,2000,0,2000,2000
059914,台積電元大99購47,0,0,0,0,0,0,0,0,0,2000,0,0,0,2000,0,2000,2000
057708,臺股指群益98購08,0,0,0,0,0,0,0,0,0,2000,0,0,0,3000,1000,2000,2000
060310,瑞昱永豐9A購01  ,0,0,0,0,0,0,0,0,0,2000,0,0,0,20000,18000,2000,2000
062352,南六群益9B購02  ,0,0,0,0,0,0,0,0,0,2000,0,0,0,148000,146000,2000,2000
063223,牧德群益9B購04  ,0,0,0,0,0,0,0,0,0,2000,0,0,0,2000,0,2000,2000
063217,元金2X群益9B購03,0,0,0,0,0,0,0,0,0,2000,0,0,0,2000,0,2000,2000
062647,南電國泰9C購02  ,0,0,0,0,0,0,0,0,0,2000,0,0,0,2000,0,2000,2000
062770,臺股指凱基9B購14,0,0,0,0,0,0,0,0,0,2000,0,0,0,2000,0,2000,2000
064072,康友永豐9C購01  ,0,0,0,0,0,0,0,0,0,2000,0,0,0,2000,0,2000,2000
062931,上証2X凱基01購01,0,0,0,0,0,0,0,0,0,2000,0,0,0,4000,2000,2000,2000
063018,聯發科元大9B購14,0,0,0,0,0,0,0,0,0,2000,0,0,0,2000,0,2000,2000
063019,聯發科元大9C購01,0,0,0,0,0,0,0,0,0,2000,0,0,0,12000,10000,2000,2000
062571,臺指反群益9B購04,0,0,0,0,0,0,0,0,0,2000,0,0,0,2000,0,2000,2000
061161,南六群益9A購01  ,0,0,0,0,0,0,0,0,0,2000,0,0,0,2000,0,2000,2000
061134,大成鋼統一9C購01,0,0,0,0,0,0,0,0,0,2000,0,0,0,2000,0,2000,2000
061192,奇鋐永豐9A購01  ,0,0,0,0,0,0,0,0,0,2000,0,0,0,22000,20000,2000,2000
061403,滬深2X國票9A購06,0,0,0,0,0,0,0,0,0,2000,0,0,0,2000,0,2000,2000
060752,上銀元大9A購04  ,0,0,0,0,0,0,0,0,0,2000,0,0,0,2000,0,2000,2000
064416,南亞科中信01購01,0,0,0,0,0,0,0,0,0,2000,0,0,0,2000,0,2000,2000
060470,台勝科元大9A購03,0,0,0,0,0,0,0,0,0,2000,0,0,0,2000,0,2000,2000
060493,美律元富01購01  ,0,0,0,0,0,0,0,0,0,2000,0,0,0,2000,0,2000,2000
062183,奇鋐元大9B購01  ,0,0,0,0,0,0,0,0,0,2000,0,0,0,3000,1000,2000,2000
061962,台積電統一01購03,0,0,0,0,0,0,0,0,0,2000,0,0,0,2000,0,2000,2000
061037,嘉澤永豐9A購01  ,0,0,0,0,0,0,0,0,0,2000,0,0,0,2000,0,2000,2000
066852,矽格元大01購03  ,0,0,0,0,0,0,0,0,0,2000,0,0,0,19000,17000,2000,2000
066640,達麗凱基01購01  ,0,0,0,0,0,0,0,0,0,2000,0,0,0,2000,0,2000,2000
066581,臺股指元大01購10,0,0,0,0,0,0,0,0,0,2000,0,0,0,2000,0,2000,2000
066607,台郡永豐01購01  ,0,0,0,0,0,0,0,0,0,2000,0,0,0,2000,0,2000,2000
066706,揚明光群益01購01,0,0,0,0,0,0,0,0,0,2000,0,0,0,210000,208000,2000,2000
066728,台積電元大01購15,0,0,0,0,0,0,0,0,0,2000,0,0,0,2000,0,2000,2000
066496,大立光國泰03購01,0,0,0,0,0,0,0,0,0,2000,0,0,0,2000,0,2000,2000
066326,敦陽科永豐01購01,0,0,0,0,0,0,0,0,0,2000,0,0,0,2000,0,2000,2000
065249,聯發科麥證9C購04,0,0,0,2000,0,2000,0,0,0,2000,0,0,0,2000,0,2000,2000
065312,日月光國票01購01,0,0,0,0,0,0,0,0,0,2000,0,0,0,598000,596000,2000,2000
065711,矽格群益9C購02  ,0,0,0,0,0,0,0,0,0,2000,0,0,0,30000,28000,2000,2000
065684,超眾統一03購01  ,0,0,0,0,0,0,0,0,0,2000,0,0,0,2000,0,2000,2000
065624,聯詠中信9C購01  ,0,0,0,0,0,0,0,0,0,2000,0,0,0,2000,0,2000,2000
064677,金像電兆豐9C購01,0,0,0,0,0,0,0,0,0,2000,0,0,0,2000,0,2000,2000
064546,燿華凱基02購01  ,0,0,0,0,0,0,0,0,0,2000,0,0,0,93000,91000,2000,2000
2483,百容            ,0,0,0,0,0,0,0,0,0,2000,2000,0,2000,0,0,0,2000
2305,全友            ,46000,42000,4000,0,0,0,0,0,0,-2000,0,2000,-2000,0,0,0,2000
1324,地球            ,2000,2000,0,0,0,0,0,0,0,2000,2000,0,2000,0,0,0,2000
1454,台富            ,2000,4000,-2000,0,0,0,0,0,0,4000,4000,0,4000,0,0,0,2000
1101B,台泥乙特        ,0,0,0,0,0,0,0,0,0,2000,2000,0,2000,0,0,0,2000
08999P,玉晶光群益02售16,0,0,0,0,0,0,0,0,0,2000,0,0,0,22000,20000,2000,2000
6670,復盛應用        ,33000,30000,3000,0,0,0,0,0,0,-1000,0,0,0,1000,2000,-1000,2000
6164,華興            ,11000,9000,2000,0,0,0,0,0,0,0,0,0,0,0,0,0,2000
4572,駐龍            ,6000,4000,2000,0,0,0,0,0,0,0,0,0,0,0,0,0,2000
08863P,台積電元大01售25,0,0,0,0,0,0,0,0,0,1000,0,0,0,1000,0,1000,1000
08699P,南電元大01售05  ,0,0,0,0,0,0,0,0,0,1000,0,0,0,25000,24000,1000,1000
08641P,台灣50群益9C售08,0,0,0,0,0,0,0,0,0,1000,0,0,0,1000,0,1000,1000
08532P,國巨元富06售02  ,0,0,0,0,0,0,0,0,0,1000,0,0,0,1000,0,1000,1000
08428P,GIS國票01售01   ,0,0,0,0,0,0,0,0,0,1000,0,0,0,2000,1000,1000,1000
08383P,智邦群益9C售03  ,0,0,0,0,0,0,0,0,0,1000,0,0,0,1000,0,1000,1000
07993P,寶成群益9B售01  ,0,0,0,0,0,0,0,0,0,1000,0,0,0,1000,0,1000,1000
07839P,嘉澤元大9A售04  ,0,0,0,0,0,0,0,0,0,1000,0,0,0,91000,90000,1000,1000
07462P,臺股指元大9B售05,0,0,0,0,0,0,0,0,0,1000,0,0,0,5000,4000,1000,1000
07643P,禾伸堂凱基9A售02,0,0,0,0,0,0,0,0,0,1000,0,0,0,1000,0,1000,1000
06887P,華新科元大98售04,0,0,0,0,0,0,0,0,0,1000,0,0,0,1000,0,1000,1000
068416,致茂中信07購01  ,0,0,0,0,0,0,0,0,0,1000,0,0,0,1000,0,1000,1000
068317,台灣50元大01購35,0,0,0,0,0,0,0,0,0,1000,0,0,0,1000,0,1000,1000
06831P,臺股指國票98售07,0,0,0,0,0,0,0,0,0,1000,0,0,0,1000,0,1000,1000
068326,技嘉元大01購04  ,0,0,0,0,0,0,0,0,0,1000,0,0,0,1000,0,1000,1000
067932,技嘉凱基01購01  ,0,0,0,0,0,0,0,0,0,1000,0,0,0,1000,0,1000,1000
067935,大立光凱基01購09,0,0,0,0,0,0,0,0,0,1000,0,0,0,1000,0,1000,1000
067894,玉晶光群益02購08,0,0,0,0,0,0,0,0,0,1000,0,0,0,136000,135000,1000,1000
067883,元金2X群益01購02,0,0,0,0,0,0,0,0,0,1000,0,0,0,1000,0,1000,1000
067884,鴻海群益02購03  ,0,0,0,0,0,0,0,0,0,1000,0,0,0,1000,0,1000,1000
067978,緯穎群益01購06  ,0,0,0,0,0,0,0,0,0,1000,0,0,0,26000,25000,1000,1000
068163,緯穎元大01購07  ,0,0,0,0,0,0,0,0,0,1000,0,0,0,1000,0,1000,1000
068047,台積電統一03購06,0,0,0,0,0,0,0,0,0,1000,0,0,0,2000,1000,1000,1000
067570,台積電麥證01購11,0,0,0,1000,0,1000,0,0,0,1000,0,0,0,1000,0,1000,1000
067295,滬深2X元大01購11,0,0,0,0,0,0,0,0,0,1000,0,0,0,1000,0,1000,1000
060369,滬深2X元富01購01,0,0,0,0,0,0,0,0,0,1000,0,0,0,2000,1000,1000,1000
060185,聯發科元富04購01,0,0,0,0,0,0,0,0,0,1000,0,0,0,1000,0,1000,1000
057716,神達統一98購01  ,0,0,0,0,0,0,0,0,0,1000,0,0,0,1000,0,1000,1000
057694,臺股指凱基98購12,0,0,0,0,0,0,0,0,0,1000,0,0,0,1723000,1722000,1000,1000
057815,信邦元大98購01  ,0,0,0,0,0,0,0,0,0,1000,0,0,0,1000,0,1000,1000
057523,大成鋼元大99購01,0,0,0,0,0,0,0,0,0,1000,0,0,0,1000,0,1000,1000
057524,旺宏元大99購04  ,0,0,0,0,0,0,0,0,0,1000,0,0,0,1000,0,1000,1000
060245,聯陽元大9C購01  ,0,0,0,0,0,0,0,0,0,1000,0,0,0,1000,0,1000,1000
059902,滬深2X元大9C購08,0,0,0,0,0,0,0,0,0,1000,0,0,0,1000,0,1000,1000
059882,臺股指凱基9C購06,0,0,0,0,0,0,0,0,0,1000,0,0,0,14000,13000,1000,1000
059886,可成國票99購04  ,0,0,0,0,0,0,0,0,0,1000,0,0,0,10000,9000,1000,1000
059513,揚明光永豐99購01,0,0,0,0,0,0,0,0,0,1000,0,0,0,17000,16000,1000,1000
059415,台灣50元大9A購03,0,0,0,0,0,0,0,0,0,1000,0,0,0,3000,2000,1000,1000
059419,滬深2X元大99購03,0,0,0,0,0,0,0,0,0,1000,0,0,0,1000,0,1000,1000
059543,可成亞東99購02  ,0,0,0,0,0,0,0,0,0,1000,0,0,0,1000,0,1000,1000
059550,台灣50日盛99購02,0,0,0,0,0,0,0,0,0,1000,0,0,0,1000,0,1000,1000
060857,旭富富邦9B購01  ,0,0,0,0,0,0,0,0,0,1000,0,0,0,1000,0,1000,1000
057931,正崴群益98購02  ,0,0,0,0,0,0,0,0,0,1000,0,0,0,1000,0,1000,1000
058272,超眾永豐9A購01  ,0,0,0,0,0,0,0,0,0,1000,0,0,0,1000,0,1000,1000
057893,亞德客元富98購03,0,0,0,0,0,0,0,0,0,1000,0,0,0,1000,0,1000,1000
057897,華通富邦99購01  ,0,0,0,0,0,0,0,0,0,1000,0,0,0,1000,0,1000,1000
057858,T50正2康和98購01,0,0,0,0,0,0,0,0,0,1000,0,0,0,1000,0,1000,1000
058812,台積電統一9B購06,0,0,0,0,0,0,0,0,0,1000,0,0,0,1000,0,1000,1000
058785,臺股指國票99購04,0,0,0,0,0,0,0,0,0,1000,0,0,0,1000,0,1000,1000
058750,緯穎凱基9A購03  ,0,0,0,0,0,0,0,0,0,1000,0,0,0,1000,0,1000,1000
058633,台灣50兆豐99購01,0,0,0,0,0,0,0,0,0,1000,0,0,0,1000,0,1000,1000
058496,文曄群益99購01  ,0,0,0,0,0,0,0,0,0,1000,0,0,0,1000,0,1000,1000
056305,群創元大9A購03  ,0,0,0,0,0,0,0,0,0,1000,0,0,0,1000,0,1000,1000
051266,國巨富邦99購01  ,0,0,0,0,0,0,0,0,0,1000,0,0,0,11000,10000,1000,1000
051843,聯發科富邦99購01,0,0,0,0,0,0,0,0,0,1000,0,0,0,1000,0,1000,1000
052142,滬深2X群益99購04,0,0,0,0,0,0,0,0,0,1000,0,0,0,1000,0,1000,1000
054353,世紀鋼國泰98購01,0,0,0,0,0,0,0,0,0,1000,0,0,0,25000,24000,1000,1000
054293,健策元大98購02  ,0,0,0,0,0,0,0,0,0,1000,0,0,0,1000,0,1000,1000
052828,滬深2X群益9A購02,0,0,0,0,0,0,0,0,0,1000,0,0,0,1000,0,1000,1000
053082,聯電元大98購03  ,0,0,0,0,0,0,0,0,0,1000,0,0,0,22000,21000,1000,1000
055312,台虹群益99購01  ,0,0,0,0,0,0,0,0,0,1000,0,0,0,1000,0,1000,1000
059039,致伸群益99購01  ,0,0,0,0,0,0,0,0,0,1000,0,0,0,1000,0,1000,1000
059990,健策元大9A購01  ,0,0,0,0,0,0,0,0,0,1000,0,0,0,21000,20000,1000,1000
058944,元石油群益9C購02,0,0,0,0,0,0,0,0,0,1000,0,0,0,1000,0,1000,1000
060093,友達元大03購01  ,0,0,0,0,0,0,0,0,0,1000,0,0,0,1000,0,1000,1000
060127,牧德永豐99購02  ,0,0,0,0,0,0,0,0,0,1000,0,0,0,1000,0,1000,1000
059230,滬深2X國票9B購02,0,0,0,0,0,0,0,0,0,1000,0,0,0,4000,3000,1000,1000
056721,台灣50永昌9A購01,0,0,0,0,0,0,0,0,0,1000,0,0,0,1000,0,1000,1000
056636,台積電日盛9A購01,0,0,0,0,0,0,0,0,0,1000,0,0,0,1000,0,1000,1000
03013P,華新科永豐01售01,0,0,0,0,0,0,0,0,0,1000,0,0,0,1000,0,1000,1000
03177P,國巨群益01售12  ,0,0,0,0,0,0,0,0,0,1000,0,0,0,1000,0,1000,1000
057346,鴻海統一98購13  ,0,0,0,0,0,0,0,0,0,1000,0,0,0,1000,0,1000,1000
055743,TPK元富98購01   ,0,0,0,0,0,0,0,0,0,1000,0,0,0,1000,0,1000,1000
055797,華通富邦98購01  ,0,0,0,0,0,0,0,0,0,1000,0,0,0,1000,0,1000,1000
055924,深中小群益9B購01,0,0,0,0,0,0,0,0,0,1000,0,0,0,1000,0,1000,1000
056059,美律元大98購02  ,0,0,0,0,0,0,0,0,0,1000,0,0,0,1000,0,1000,1000
056264,聯發科統一98購02,0,0,0,0,0,0,0,0,0,1000,0,0,0,1000,0,1000,1000
056193,聯發科富邦99購08,0,0,0,0,0,0,0,0,0,1000,0,0,0,1000,0,1000,1000
056856,華通群益9A購01  ,0,0,0,0,0,0,0,0,0,1000,0,0,0,4000,3000,1000,1000
057138,亞德客兆豐98購01,0,0,0,0,0,0,0,0,0,1000,0,0,0,1000,0,1000,1000
046375,友達凱基98購01  ,0,0,0,0,0,0,0,0,0,1000,0,0,0,6000,5000,1000,1000
03681C,台灣50凱基02牛02,0,0,0,0,0,0,0,0,0,1000,0,0,0,1000,0,1000,1000
045443,群創元富98購01  ,0,0,0,0,0,0,0,0,0,1000,0,0,0,1000,0,1000,1000
039212,台達電台新9A購01,0,0,0,0,0,0,0,0,0,1000,0,0,0,1000,0,1000,1000
03365P,元油2X富邦98售01,0,0,0,0,0,0,0,0,0,1000,0,0,0,1000,0,1000,1000
00691R,兆豐藍籌30反1   ,0,0,0,0,0,0,0,0,0,1000,0,0,0,1000,0,1000,1000
061542,旺宏群益9A購04  ,0,0,0,0,0,0,0,0,0,1000,0,0,0,12000,11000,1000,1000
060989,國泰金元大9A購02,0,0,0,0,0,0,0,0,0,1000,0,0,0,1000,0,1000,1000
062159,聯詠凱基9B購01  ,0,0,0,0,0,0,0,0,0,1000,0,0,0,11000,10000,1000,1000
062150,南六國票9B購01  ,0,0,0,0,0,0,0,0,0,1000,0,0,0,1000,0,1000,1000
060478,南電元大9A購01  ,0,0,0,0,0,0,0,0,0,1000,0,0,0,1000,0,1000,1000
062423,聯發科統一9C購07,0,0,0,0,0,0,0,0,0,1000,0,0,0,1000,0,1000,1000
063385,可成中信9C購01  ,0,0,0,0,0,0,0,0,0,1000,0,0,0,1000,0,1000,1000
064422,聯發科兆豐01購02,0,0,0,0,0,0,0,0,0,1000,0,0,0,1000,0,1000,1000
064398,聚陽凱基01購01  ,0,0,0,0,0,0,0,0,0,1000,0,0,0,50000,49000,1000,1000
064345,創意元大9C購03  ,0,0,0,0,0,0,0,0,0,1000,0,0,0,24000,23000,1000,1000
064340,大立光元大9C購17,0,0,0,0,0,0,0,0,0,1000,0,0,0,1000,0,1000,1000
064319,南電群益9C購01  ,0,0,0,0,0,0,0,0,0,1000,0,0,0,1000,0,1000,1000
064123,台積電元大9C購09,0,0,0,0,0,0,0,0,0,1000,0,0,0,1000,0,1000,1000
060714,晶技永豐9A購02  ,0,0,0,0,0,0,0,0,0,1000,0,0,0,11000,10000,1000,1000
060653,全新群益9A購02  ,0,0,0,0,0,0,0,0,0,1000,0,0,0,11000,10000,1000,1000
060514,南電元大9A購02  ,0,0,0,0,0,0,0,0,0,1000,0,0,0,1000,0,1000,1000
064214,群創凱基03購01  ,0,0,0,0,0,0,0,0,0,1000,0,0,0,39000,38000,1000,1000
062503,玉晶光群益01購03,0,0,0,0,0,0,0,0,0,1000,0,0,0,8000,7000,1000,1000
061400,可成兆豐9B購02  ,0,0,0,0,0,0,0,0,0,1000,0,0,0,1000,0,1000,1000
061286,大立光統一9A購05,0,0,0,0,0,0,0,0,0,1000,0,0,0,1000,0,1000,1000
061282,台積電統一9C購06,0,0,0,0,0,0,0,0,0,1000,0,0,0,2000,1000,1000,1000
061349,嘉澤元大9A購02  ,0,0,0,0,0,0,0,0,0,1000,0,0,0,2000,1000,1000,1000
061370,晶技國泰9C購01  ,0,0,0,0,0,0,0,0,0,1000,0,0,0,1000,0,1000,1000
063555,SP黃豆元大9B購01,0,0,0,0,0,0,0,0,0,1000,0,0,0,1000,0,1000,1000
062861,世芯國票9C購01  ,0,0,0,0,0,0,0,0,0,1000,0,0,0,1000,0,1000,1000
063324,道瓊反國票9B購03,0,0,0,0,0,0,0,0,0,1000,0,0,0,1000,0,1000,1000
062888,漢唐群益9B購01  ,0,0,0,0,0,0,0,0,0,1000,0,0,0,1000,0,1000,1000
063417,金像電凱基9B購03,0,0,0,0,0,0,0,0,0,1000,0,0,0,27000,26000,1000,1000
063405,聯發科國票9C購03,0,0,0,0,0,0,0,0,0,1000,0,0,0,1000,0,1000,1000
063071,華新科富邦02購01,0,0,0,0,0,0,0,0,0,1000,0,0,0,1000,0,1000,1000
063090,道瓊反中信9C購02,0,0,0,0,0,0,0,0,0,1000,0,0,0,1000,0,1000,1000
062969,旺宏元富9B購01  ,0,0,0,0,0,0,0,0,0,1000,0,0,0,1000,0,1000,1000
064071,台郡永豐9C購01  ,0,0,0,0,0,0,0,0,0,1000,0,0,0,7000,6000,1000,1000
063730,台積電元大9B購09,0,0,0,0,0,0,0,0,0,1000,0,0,0,1000,0,1000,1000
063960,南電元大9C購03  ,0,0,0,0,0,0,0,0,0,1000,0,0,0,1000,0,1000,1000
063970,大立光國票01購01,0,0,0,0,0,0,0,0,0,1000,0,0,0,1000,0,1000,1000
062742,技嘉國泰01購01  ,0,0,0,0,0,0,0,0,0,1000,0,0,0,1000,0,1000,1000
062759,旺宏凱基9B購07  ,0,0,0,0,0,0,0,0,0,1000,0,0,0,1000,0,1000,1000
062738,可成國票9B購02  ,0,0,0,0,0,0,0,0,0,1000,0,0,0,1000,0,1000,1000
062281,奇鋐群益9B購01  ,0,0,0,0,0,0,0,0,0,1000,0,0,0,1000,0,1000,1000
062628,廣達國票9B購01  ,0,0,0,0,0,0,0,0,0,1000,0,0,0,80000,79000,1000,1000
063189,臻鼎凱基9B購01  ,0,0,0,0,0,0,0,0,0,1000,0,0,0,3000,2000,1000,1000
064564,義隆群益9C購02  ,0,0,0,0,0,0,0,0,0,1000,0,0,0,1000,0,1000,1000
064605,GIS元富9C購01   ,0,0,0,0,0,0,0,0,0,1000,0,0,0,1000,0,1000,1000
064970,東元元大9C購01  ,0,0,0,0,0,0,0,0,0,1000,0,0,0,1000,0,1000,1000
064972,台積電元大9C購11,0,0,0,0,0,0,0,0,0,1000,0,0,0,1000,0,1000,1000
064884,台表科第一9C購01,0,0,0,0,0,0,0,0,0,1000,0,0,0,1000,0,1000,1000
065758,嘉澤元大9C購03  ,0,0,0,0,0,0,0,0,0,1000,0,0,0,2000,1000,1000,1000
065926,金像電國票02購01,0,0,0,0,0,0,0,0,0,1000,0,0,0,1000,0,1000,1000
065319,鴻海凱基9C購03  ,0,0,0,0,0,0,0,0,0,1000,0,0,0,1000,0,1000,1000
065347,聯發科統一9C購15,0,0,0,0,0,0,0,0,0,1000,0,0,0,1000,0,1000,1000
065497,台積電富邦03購03,0,0,0,0,0,0,0,0,0,1000,0,0,0,1000,0,1000,1000
065488,臺股指元大9C購26,0,0,0,0,0,0,0,0,0,1000,0,0,0,21000,20000,1000,1000
065565,神隆群益01購01  ,0,0,0,0,0,0,0,0,0,1000,0,0,0,1000,0,1000,1000
06630P,國巨群益98售08  ,0,0,0,0,0,0,0,0,0,1000,0,0,0,1000,0,1000,1000
066275,台勝科元大01購01,0,0,0,0,0,0,0,0,0,1000,0,0,0,5000,4000,1000,1000
066579,臺股指元大01購08,0,0,0,0,0,0,0,0,0,1000,0,0,0,1000,0,1000,1000
066429,矽格元大01購01  ,0,0,0,0,0,0,0,0,0,1000,0,0,0,11000,10000,1000,1000
066122,卜蜂群益03購01  ,0,0,0,0,0,0,0,0,0,1000,0,0,0,1000,0,1000,1000
06615P,鴻海元大9C售02  ,0,0,0,0,0,0,0,0,0,1000,0,0,0,1000,0,1000,1000
066067,台積電凱基02購05,0,0,0,0,0,0,0,0,0,1000,0,0,0,1000,0,1000,1000
066085,台積電富邦05購01,0,0,0,0,0,0,0,0,0,1000,0,0,0,1000,0,1000,1000
066605,盟立永豐01購02  ,0,0,0,0,0,0,0,0,0,1000,0,0,0,1000,0,1000,1000
066615,長榮航康和01購01,0,0,0,0,0,0,0,0,0,1000,0,0,0,1000,0,1000,1000
06689P,鴻海中信9C售02  ,0,0,0,0,0,0,0,0,0,1000,0,0,0,1000,0,1000,1000
066880,上証2X永豐01購01,0,0,0,0,0,0,0,0,0,1000,0,0,0,1000,0,1000,1000
066810,瀚宇博凱基02購01,0,0,0,0,0,0,0,0,0,1000,0,0,0,51000,50000,1000,1000
067172,台積電兆豐03購02,0,0,0,0,0,0,0,0,0,1000,0,0,0,1000,0,1000,1000
067126,康控富邦03購02  ,0,0,0,0,0,0,0,0,0,1000,0,0,0,1000,0,1000,1000
4164,承業醫          ,107000,88000,19000,0,0,0,0,0,0,-18000,18000,36000,-18000,0,0,0,1000
3266,昇陽            ,10000,9000,1000,0,0,0,0,0,0,0,0,0,0,0,0,0,1000
5546,永固-KY         ,18000,17000,1000,0,0,0,0,0,0,0,0,0,0,0,0,0,1000
8467,波力-KY         ,13000,12000,1000,0,0,0,0,0,0,0,0,0,0,0,0,0,1000
9906,欣巴巴          ,3000,2000,1000,0,0,0,0,0,0,0,0,0,0,0,0,0,1000
9941A,裕融甲特        ,0,0,0,0,0,0,0,0,0,1000,2000,1000,1000,0,0,0,1000
1103,嘉泥            ,108000,107000,1000,0,0,0,0,0,0,0,0,0,0,0,0,0,1000
1233,天仁            ,6000,5000,1000,0,0,0,0,0,0,0,0,0,0,0,0,0,1000
08969P,臺股指元大01售12,0,0,0,0,0,0,0,0,0,1000,0,0,0,42000,41000,1000,1000
1453,大將            ,3000,2000,1000,0,0,0,0,0,0,0,0,0,0,0,0,0,1000
2433,互盛電          ,0,12000,-12000,0,0,0,0,0,0,13000,13000,0,13000,0,0,0,1000
2882B,國泰金乙特      ,0,0,0,0,0,0,0,0,0,1000,1000,0,1000,0,0,0,1000
2881A,富邦特          ,0,0,0,0,0,0,0,0,0,1000,1000,0,1000,0,0,0,1000
2936,客思達-KY       ,2000,1000,1000,0,0,0,0,0,0,0,0,0,0,0,0,0,1000
3022,威強電          ,48000,47000,1000,0,0,0,0,0,0,0,0,0,0,0,0,0,1000
067254,華擎國票02購02  ,0,0,0,0,0,0,0,0,0,0,0,0,0,2000,2000,0,0
067230,國巨群益01購05  ,0,0,0,0,0,0,0,0,0,0,0,0,0,1000,1000,0,0
06732P,台灣50日盛9A售01,0,0,0,0,0,0,0,0,0,0,0,0,0,530000,530000,0,0
067449,微星國票02購02  ,0,0,0,0,0,0,0,0,0,0,0,0,0,100000,100000,0,0
067443,國巨國票02購04  ,0,0,0,0,0,0,0,0,0,0,0,0,0,25000,25000,0,0
067419,鴻海凱基02購06  ,0,0,0,0,0,0,0,0,0,0,0,0,0,200000,200000,0,0
067490,嘉澤元大01購04  ,0,0,0,0,0,0,0,0,0,0,0,0,0,1000,1000,0,0
067545,矽格群益01購02  ,0,0,0,0,0,0,0,0,0,0,0,0,0,14000,14000,0,0
067572,FB上証群益01購01,0,0,0,0,0,0,0,0,0,0,0,0,0,10000,10000,0,0
067658,矽格元富04購01  ,0,0,0,0,0,0,0,0,0,0,0,0,0,35000,35000,0,0
067702,臺股指國票01購10,0,0,0,0,0,0,0,0,0,0,0,0,0,3000,3000,0,0
067866,可成元大01購09  ,0,0,0,0,0,0,0,0,0,0,0,0,0,6000,6000,0,0
068090,大成鋼群益01購02,0,0,0,0,0,0,0,0,0,0,0,0,0,1000,1000,0,0
068211,樺漢凱基01購02  ,0,0,0,0,0,0,0,0,0,0,0,0,0,2000,2000,0,0
068004,玉晶光元大02購04,0,0,0,0,0,0,0,0,0,0,0,0,0,100000,100000,0,0
068020,玉晶光國票02購07,0,0,0,0,0,0,0,0,0,0,0,0,0,8000,8000,0,0
067878,上証2X群益01購06,0,0,0,0,0,0,0,0,0,0,0,0,0,8000,8000,0,0
067912,上証2X永豐01購03,0,0,0,0,0,0,0,0,0,0,0,0,0,10000,10000,0,0
067943,矽格凱基01購04  ,30000,0,30000,0,0,0,0,0,0,-30000,0,0,0,12000,42000,-30000,0
067944,緯穎凱基01購04  ,0,0,0,0,0,0,0,0,0,0,0,0,0,20000,20000,0,0
067945,台積電國泰03購03,0,0,0,0,0,0,0,0,0,0,0,0,0,2000,2000,0,0
067923,台勝科中信01購01,0,0,0,0,0,0,0,0,0,0,0,0,0,85000,85000,0,0
067949,緯穎國泰03購01  ,0,0,0,0,0,0,0,0,0,0,0,0,0,67000,67000,0,0
067953,京元電永豐01購02,0,0,0,0,0,0,0,0,0,0,0,0,0,10000,10000,0,0
068362,南電凱基01購06  ,0,0,0,0,0,0,0,0,0,0,0,0,0,131000,131000,0,0
06827P,臺股指國票98售03,0,0,0,0,0,0,0,0,0,0,0,0,0,40000,40000,0,0
068449,國巨國票01購03  ,0,0,0,0,0,0,0,0,0,0,0,0,0,19000,19000,0,0
068421,GIS兆豐01購02   ,0,0,0,0,0,0,0,0,0,0,0,0,0,20000,20000,0,0
068461,瑞儀國票03購01  ,0,0,0,0,0,0,0,0,0,0,0,0,0,10000,10000,0,0
068823,景碩元大02購02  ,0,0,0,0,0,0,0,0,0,0,0,0,0,12000,12000,0,0
068826,群創元大05購01  ,0,0,0,0,0,0,0,0,0,0,0,0,0,37000,37000,0,0
068828,台郡元大02購02  ,0,0,0,0,0,0,0,0,0,0,0,0,0,17000,17000,0,0
068836,義隆永豐02購01  ,0,0,0,0,0,0,0,0,0,0,0,0,0,1000,1000,0,0
068853,華新科統一02購03,0,0,0,0,0,0,0,0,0,0,0,0,0,2000,2000,0,0
07059P,華通國票9A售02  ,0,0,0,0,0,0,0,0,0,0,0,0,0,200000,200000,0,0
06969P,上銀元大99售02  ,0,0,0,0,0,0,0,0,0,0,0,0,0,16000,16000,0,0
07004P,大立光兆豐9A售01,0,0,0,0,0,0,0,0,0,0,0,0,0,91000,91000,0,0
068790,義隆凱基02購02  ,0,0,0,0,0,0,0,0,0,0,0,0,0,13000,13000,0,0
068806,景碩群益03購01  ,0,0,0,0,0,0,0,0,0,0,0,0,0,3000,3000,0,0
068787,國巨凱基02購09  ,0,0,0,0,0,0,0,0,0,0,0,0,0,1000,1000,0,0
068615,矽創凱基03購01  ,0,0,0,0,0,0,0,0,0,0,0,0,0,10000,10000,0,0
068668,國巨統一03購03  ,0,0,0,0,0,0,0,0,0,0,0,0,0,14000,14000,0,0
068691,大成鋼凱基02購01,0,0,0,0,0,0,0,0,0,0,0,0,0,4000,4000,0,0
07358P,鴻海元大99售39  ,0,0,0,0,0,0,0,0,0,0,0,0,0,20000,20000,0,0
07082P,美律元大99售06  ,0,0,0,0,0,0,0,0,0,0,0,0,0,269000,269000,0,0
07714P,世紀鋼元大9A售03,0,0,0,0,0,0,0,0,0,0,0,0,0,20000,20000,0,0
07757P,國巨國票9B售04  ,0,0,0,0,0,0,0,0,0,0,0,0,0,25000,25000,0,0
07920P,大立光中信01售01,0,0,0,0,0,0,0,0,0,0,0,0,0,41000,41000,0,0
07913P,友達元大01售01  ,10000,0,10000,0,0,0,0,0,0,-10000,0,0,0,0,10000,-10000,0
07858P,旺宏永豐9A售03  ,0,0,0,0,0,0,0,0,0,0,0,0,0,10000,10000,0,0
07880P,可成群益9B售05  ,0,0,0,0,0,0,0,0,0,0,0,0,0,60000,60000,0,0
08442P,臺股指麥證01售01,0,0,0,50000,50000,0,0,0,0,0,0,0,0,50000,50000,0,0
08497P,華新科國票01售02,0,0,0,0,0,0,0,0,0,0,0,0,0,20000,20000,0,0
08129P,聯發科元大9B售23,0,0,0,0,0,0,0,0,0,0,0,0,0,20000,20000,0,0
08147P,聯發科群益9B售10,0,0,0,0,0,0,0,0,0,0,0,0,0,50000,50000,0,0
08331P,義隆元富9C售02  ,0,0,0,0,0,0,0,0,0,0,0,0,0,3000,3000,0,0
08573P,台積電凱基9C售06,0,0,0,0,0,0,0,0,0,0,0,0,0,10000,10000,0,0
08603P,電子類元大9C售02,0,0,0,0,0,0,0,0,0,0,0,0,0,1000,1000,0,0
00689R,國泰20年美債反1 ,0,0,0,0,0,0,0,0,0,0,0,0,0,100000,100000,0,0
00657,國泰日經225     ,0,0,0,0,0,0,0,0,0,0,0,0,0,103000,103000,0,0
00657K,國泰日經225+U   ,0,0,0,0,0,0,0,0,0,0,0,0,0,100,100,0,0
00666R,富邦恒生國企反1 ,0,0,0,0,0,0,0,0,0,0,0,0,0,81000,81000,0,0
00668K,國泰美國道瓊+U  ,0,0,0,0,0,0,0,0,0,0,0,0,0,100,100,0,0
00636K,國泰中國A50+U   ,0,0,0,0,0,0,0,0,0,0,0,0,0,100,100,0,0
006204,永豐臺灣加權    ,0,0,0,0,0,0,0,0,0,0,0,0,0,1000,1000,0,0
00774B,新光中國政金綠債,0,0,0,0,0,0,0,0,0,0,0,0,0,2000,2000,0,0
00686R,群益臺灣加權反1 ,0,0,0,0,0,0,0,0,0,0,0,0,0,90000,90000,0,0
00707R,元大S&P日圓反1  ,0,0,0,0,0,0,0,0,0,0,0,0,0,1000,1000,0,0
03271P,台積電群益02售06,0,0,0,0,0,0,0,0,0,0,0,0,0,1000,1000,0,0
03228P,緯穎凱基02售02  ,0,0,0,0,0,0,0,0,0,0,0,0,0,41000,41000,0,0
046793,聯發科元富99購01,0,0,0,0,0,0,0,0,0,0,0,0,0,1000,1000,0,0
03051P,玉晶光統一01售14,0,0,0,0,0,0,0,0,0,0,0,0,0,40000,40000,0,0
057145,上銀國票98購03  ,0,0,0,0,0,0,0,0,0,0,0,0,0,160000,160000,0,0
057165,國巨元大99購05  ,0,0,0,0,0,0,0,0,0,0,0,0,0,20000,20000,0,0
057202,TPK元富98購02   ,0,0,0,0,0,0,0,0,0,0,0,0,0,6000,6000,0,0
056095,臻鼎元富9A購01  ,0,0,0,0,0,0,0,0,0,0,0,0,0,50000,50000,0,0
055892,國巨統一99購01  ,0,0,0,0,0,0,0,0,0,0,0,0,0,10000,10000,0,0
055726,台表科元大98購03,0,0,0,0,0,0,0,0,0,0,0,0,0,28000,28000,0,0
03181P,台灣50元大01售40,0,0,0,0,0,0,0,0,0,0,0,0,0,71000,71000,0,0
056588,聯發科統一9A購02,0,0,0,0,0,0,0,0,0,0,0,0,0,220000,220000,0,0
03029P,玉晶光元大02售05,0,0,0,0,0,0,0,0,0,0,0,0,0,10000,10000,0,0
03089P,華擎元大01售07  ,0,0,0,0,0,0,0,0,0,0,0,0,0,333000,333000,0,0
059241,旺宏凱基99購07  ,0,0,0,0,0,0,0,0,0,0,0,0,0,5000,5000,0,0
059247,可成凱基99購05  ,0,0,0,0,0,0,0,0,0,0,0,0,0,9000,9000,0,0
059260,國巨中信99購05  ,0,0,0,0,0,0,0,0,0,0,0,0,0,6000,6000,0,0
059195,國巨永豐99購04  ,0,0,0,0,0,0,0,0,0,0,0,0,0,56000,56000,0,0
060088,國巨元大99購30  ,0,0,0,0,0,0,0,0,0,0,0,0,0,20000,20000,0,0
060054,華新科凱基9B購04,0,0,0,0,0,0,0,0,0,0,0,0,0,19000,19000,0,0
058950,國巨群益99購06  ,0,0,0,0,0,0,0,0,0,0,0,0,0,2000,2000,0,0
058955,台積電國票9A購04,0,0,0,0,0,0,0,0,0,0,0,0,0,110000,110000,0,0
058981,國巨凱基99購10  ,0,0,0,0,0,0,0,0,0,0,0,0,0,10000,10000,0,0
058937,仁寶中信99購01  ,0,0,0,0,0,0,0,0,0,0,0,0,0,30000,30000,0,0
055020,上証2X國泰98購01,0,0,0,0,0,0,0,0,0,0,0,0,0,100000,100000,0,0
053036,聯電凱基98購01  ,0,0,0,0,0,0,0,0,0,0,0,0,0,331000,331000,0,0
055321,大立光國票98購02,0,0,0,0,0,0,0,0,0,0,0,0,0,898000,898000,0,0
058012,鈺齊國票99購01  ,0,0,0,0,0,0,0,0,0,0,0,0,0,38000,38000,0,0
058016,智邦凱基98購06  ,0,0,0,0,0,0,0,0,0,0,0,0,0,20000,20000,0,0
057041,國巨元大99購04  ,0,0,0,0,0,0,0,0,0,0,0,0,0,10000,10000,0,0
057128,台光電凱基98購03,0,0,0,0,0,0,0,0,0,0,0,0,0,26000,26000,0,0
053402,A50正2群益9A購02,0,0,0,0,0,0,0,0,0,0,0,0,0,4000,4000,0,0
054272,華通中信98購01  ,0,0,0,0,0,0,0,0,0,0,0,0,0,20000,20000,0,0
054169,上緯控凱基98購01,0,0,0,0,0,0,0,0,0,0,0,0,0,57000,57000,0,0
054159,T50正2凱基99購01,0,0,0,0,0,0,0,0,0,0,0,0,0,5000,5000,0,0
053654,聯發科凱基98購01,0,0,0,0,0,0,0,0,0,0,0,0,0,1000,1000,0,0
054589,聯鈞國泰99購01  ,0,0,0,0,0,0,0,0,0,0,0,0,0,30000,30000,0,0
052313,聯電元大98購01  ,0,0,0,0,0,0,0,0,0,0,0,0,0,15000,15000,0,0
056455,群創凱基9A購01  ,0,0,0,0,0,0,0,0,0,0,0,0,0,44000,44000,0,0
058486,大立光國票9A購01,0,0,0,0,0,0,0,0,0,0,0,0,0,600000,600000,0,0
058514,潤泰全元大99購01,0,0,0,0,0,0,0,0,0,0,0,0,0,100000,100000,0,0
058539,聯發科台新99購01,0,0,0,0,0,0,0,0,0,0,0,0,0,100000,100000,0,0
058569,健策凱基9A購01  ,0,0,0,0,0,0,0,0,0,0,0,0,0,12000,12000,0,0
058600,國巨元大99購15  ,0,0,0,0,0,0,0,0,0,0,0,0,0,2000,2000,0,0
057854,聯發科國票99購03,0,0,0,0,0,0,0,0,0,0,0,0,0,10000,10000,0,0
057947,和碩國票99購01  ,0,0,0,0,0,0,0,0,0,0,0,0,0,15000,15000,0,0
058403,玉晶光元大99購12,0,0,0,0,0,0,0,0,0,0,0,0,0,7000,7000,0,0
058419,聯發科麥證99購02,0,0,0,4000,0,4000,0,0,0,0,0,0,0,4000,4000,0,0
058424,滬深2X元富99購04,0,0,0,0,0,0,0,0,0,0,0,0,0,80000,80000,0,0
058438,大立光統一9B購01,0,0,0,0,0,0,0,0,0,0,0,0,0,20000,20000,0,0
058470,台灣50日盛9B購02,0,0,0,0,0,0,0,0,0,0,0,0,0,40000,40000,0,0
058865,群創凱基01購01  ,0,0,0,0,0,0,0,0,0,0,0,0,0,1000,1000,0,0
058828,大毅永豐99購01  ,0,0,0,0,0,0,0,0,0,0,0,0,0,90000,90000,0,0
058829,華新科永豐99購04,0,0,0,0,0,0,0,0,0,0,0,0,0,382000,382000,0,0
060906,旺宏元大9A購07  ,0,0,0,0,0,0,0,0,0,0,0,0,0,2000,2000,0,0
060876,國巨中信9A購04  ,0,0,0,0,0,0,0,0,0,0,0,0,0,17000,17000,0,0
062202,國巨國票9C購04  ,0,0,0,0,0,0,0,0,0,0,0,0,0,19000,19000,0,0
061617,微星群益9A購02  ,0,0,0,0,0,0,0,0,0,0,0,0,0,50000,50000,0,0
061566,華通元大9A購10  ,0,0,0,0,0,0,0,0,0,0,0,0,0,4000,4000,0,0
061573,義隆元大9A購02  ,0,0,0,0,0,0,0,0,0,0,0,0,0,9000,9000,0,0
063891,國巨群益9C購07  ,0,0,0,0,0,0,0,0,0,0,0,0,0,14000,14000,0,0
063860,旺宏國泰02購01  ,0,0,0,0,0,0,0,0,0,0,0,0,0,10000,10000,0,0
062265,南茂元大9B購01  ,0,0,0,0,0,0,0,0,0,0,0,0,0,14000,14000,0,0
062248,國巨元大9B購08  ,0,0,0,0,0,0,0,0,0,0,0,0,0,76000,76000,0,0
062231,台光電麥證9C購01,0,0,0,9000,0,9000,0,0,0,0,0,0,0,9000,9000,0,0
059642,健策凱基99購04  ,0,0,0,0,0,0,0,0,0,0,0,0,0,10000,10000,0,0
059781,A50正2元大9C購03,0,0,0,0,0,0,0,0,0,0,0,0,0,20000,20000,0,0
059707,健策凱基9A購03  ,0,0,0,0,0,0,0,0,0,0,0,0,0,8000,8000,0,0
059761,國巨永豐99購06  ,0,0,0,0,0,0,0,0,0,0,0,0,0,4000,4000,0,0
059451,國巨永豐99購05  ,0,0,0,0,0,0,0,0,0,0,0,0,0,2000,2000,0,0
059466,國巨元大99購26  ,0,0,0,0,0,0,0,0,0,0,0,0,0,5000,5000,0,0
059538,健策凱基99購03  ,0,0,0,0,0,0,0,0,0,0,0,0,0,12000,12000,0,0
059054,國巨凱基99購11  ,0,0,0,0,0,0,0,0,0,0,0,0,0,11000,11000,0,0
059828,健策凱基99購05  ,0,0,0,0,0,0,0,0,0,0,0,0,0,11000,11000,0,0
059848,智邦永豐99購01  ,0,0,0,0,0,0,0,0,0,0,0,0,0,10000,10000,0,0
058124,玉晶光國票9A購01,0,0,0,0,0,0,0,0,0,0,0,0,0,2000,2000,0,0
058207,南茂凱基99購01  ,0,0,0,0,0,0,0,0,0,0,0,0,0,31000,31000,0,0
057547,技嘉凱基99購01  ,0,0,0,0,0,0,0,0,0,0,0,0,0,2000,2000,0,0
057540,緯穎日盛99購01  ,0,0,0,0,0,0,0,0,0,0,0,0,0,25000,25000,0,0
057609,友訊元富98購01  ,0,0,0,0,0,0,0,0,0,0,0,0,0,10000,10000,0,0
057739,新日興富邦9B購01,0,0,0,0,0,0,0,0,0,0,0,0,0,20000,20000,0,0
057682,台積電日盛9A購03,0,0,0,0,0,0,0,0,0,0,0,0,0,60000,60000,0,0
059087,台積電元大99購26,0,0,0,0,0,0,0,0,0,0,0,0,0,60000,60000,0,0
060293,緯創元大9A購01  ,0,0,0,0,0,0,0,0,0,0,0,0,0,1000,1000,0,0
059162,國巨凱基99購12  ,0,0,0,0,0,0,0,0,0,0,0,0,0,31000,31000,0,0
063192,技嘉台新9B購01  ,0,0,0,0,0,0,0,0,0,0,0,0,0,2000,2000,0,0
063233,國巨元大9B購19  ,0,0,0,0,0,0,0,0,0,0,0,0,0,54000,54000,0,0
063130,聯茂元大9B購02  ,0,0,0,0,0,0,0,0,0,0,0,0,0,16000,16000,0,0
063120,台光電元大9C購01,0,0,0,0,0,0,0,0,0,0,0,0,0,17000,17000,0,0
062606,聯電凱基9C購02  ,0,0,0,0,0,0,0,0,0,0,0,0,0,4000,4000,0,0
062669,微星中信03購01  ,0,0,0,0,0,0,0,0,0,0,0,0,0,20000,20000,0,0
062673,台新金中信03購01,0,0,0,0,0,0,0,0,0,0,0,0,0,20000,20000,0,0
062315,健策凱基9C購01  ,0,0,0,0,0,0,0,0,0,0,0,0,0,13000,13000,0,0
062795,國巨統一9B購15  ,0,0,0,0,0,0,0,0,0,0,0,0,0,17000,17000,0,0
062762,聯詠凱基9B購02  ,0,0,0,0,0,0,0,0,0,0,0,0,0,55000,55000,0,0
062758,國巨凱基9B購09  ,0,0,0,0,0,0,0,0,0,0,0,0,0,8000,8000,0,0
064052,創意統一01購02  ,0,0,0,0,0,0,0,0,0,0,0,0,0,44000,44000,0,0
064063,健策國泰01購02  ,0,0,0,0,0,0,0,0,0,0,0,0,0,50000,50000,0,0
064065,大立光富邦02購02,0,0,0,0,0,0,0,0,0,0,0,0,0,10000,10000,0,0
064034,台表科元大9C購07,0,0,0,0,0,0,0,0,0,0,0,0,0,104000,104000,0,0
063760,聯詠統一9C購02  ,0,0,0,0,0,0,0,0,0,0,0,0,0,54000,54000,0,0
062937,旺宏凱基9B購08  ,0,0,0,0,0,0,0,0,0,0,0,0,0,7000,7000,0,0
063031,鴻海凱基9C購01  ,0,0,0,0,0,0,0,0,0,0,0,0,0,2000,2000,0,0
062993,華新科群益9B購05,0,0,0,0,0,0,0,0,0,0,0,0,0,154000,154000,0,0
063045,國巨兆豐9C購02  ,0,0,0,0,0,0,0,0,0,0,0,0,0,2000,2000,0,0
063052,國巨統一9C購10  ,0,0,0,0,0,0,0,0,0,0,0,0,0,14000,14000,0,0
062565,漢唐中信9C購01  ,0,0,0,0,0,0,0,0,0,0,0,0,0,40000,40000,0,0
062586,國巨統一01購06  ,0,0,0,0,0,0,0,0,0,0,0,0,0,16000,16000,0,0
063111,TPK兆豐9B購01   ,0,0,0,0,0,0,0,0,0,0,0,0,0,12000,12000,0,0
063429,南電凱基01購01  ,0,0,0,0,0,0,0,0,0,0,0,0,0,3000,3000,0,0
062914,嘉澤元大9B購02  ,0,0,0,0,0,0,0,0,0,0,0,0,0,2000,2000,0,0
062916,智易元大9B購01  ,0,0,0,0,0,0,0,0,0,0,0,0,0,18000,18000,0,0
063302,國巨凱基9C購05  ,0,0,0,0,0,0,0,0,0,0,0,0,0,9000,9000,0,0
063328,京元電國票9C購02,0,0,0,0,0,0,0,0,0,0,0,0,0,6000,6000,0,0
062845,微星富邦01購01  ,0,0,0,0,0,0,0,0,0,0,0,0,0,10000,10000,0,0
063286,嘉澤元大9B購04  ,0,0,0,0,0,0,0,0,0,0,0,0,0,2000,2000,0,0
063287,嘉澤元大9B購05  ,0,0,0,0,0,0,0,0,0,0,0,0,0,101000,101000,0,0
063475,同欣電元大9C購01,0,0,0,0,0,0,0,0,0,0,0,0,0,1000,1000,0,0
06351P,臺股指台新99售03,0,0,0,0,0,0,0,0,0,0,0,0,0,10000,10000,0,0
061365,國巨國票9B購05  ,0,0,0,0,0,0,0,0,0,0,0,0,0,51000,51000,0,0
061297,台積電富邦9C購09,0,0,0,0,0,0,0,0,0,0,0,0,0,10000,10000,0,0
061290,玉晶光統一01購04,0,0,0,0,0,0,0,0,0,0,0,0,0,4000,4000,0,0
061280,國巨統一9C購06  ,0,0,0,0,0,0,0,0,0,0,0,0,0,14000,14000,0,0
061335,國巨元大9A購19  ,0,0,0,0,0,0,0,0,0,0,0,0,0,50000,50000,0,0
061336,國巨元大9A購20  ,0,0,0,0,0,0,0,0,0,0,0,0,0,52000,52000,0,0
061395,健策統一9C購02  ,0,0,0,0,0,0,0,0,0,0,0,0,0,5000,5000,0,0
061420,國巨元大9A購22  ,0,0,0,0,0,0,0,0,0,0,0,0,0,10000,10000,0,0
061456,玉晶光凱基9B購05,0,0,0,0,0,0,0,0,0,0,0,0,0,10000,10000,0,0
061458,臻鼎凱基9A購02  ,0,0,0,0,0,0,0,0,0,0,0,0,0,10000,10000,0,0
061530,智邦台新9A購02  ,0,0,0,0,0,0,0,0,0,0,0,0,0,16000,16000,0,0
061481,嘉澤元大9A購03  ,0,0,0,0,0,0,0,0,0,0,0,0,0,1000,1000,0,0
061145,臻鼎中信9A購02  ,0,0,0,0,0,0,0,0,0,0,0,0,0,30000,30000,0,0
061146,台表科中信9A購02,0,0,0,0,0,0,0,0,0,0,0,0,0,20000,20000,0,0
061204,國巨元大9A購16  ,0,0,0,0,0,0,0,0,0,0,0,0,0,22000,22000,0,0
061234,國巨元大9A購18  ,0,0,0,0,0,0,0,0,0,0,0,0,0,101000,101000,0,0
063622,健策兆豐9B購01  ,0,0,0,0,0,0,0,0,0,0,0,0,0,1000,1000,0,0
062521,玉晶光元大9C購05,0,0,0,0,0,0,0,0,0,0,0,0,0,1000,1000,0,0
062448,健策元大9C購04  ,0,0,0,0,0,0,0,0,0,0,0,0,0,7000,7000,0,0
062485,華通國泰01購01  ,0,0,0,0,0,0,0,0,0,0,0,0,0,26000,26000,0,0
064115,高股息元大9C購01,0,0,0,0,0,0,0,0,0,0,0,0,0,1000,1000,0,0
064091,台郡凱基01購01  ,0,0,0,0,0,0,0,0,0,0,0,0,0,1000,1000,0,0
060544,國巨凱基9B購03  ,0,0,0,0,0,0,0,0,0,0,0,0,0,7000,7000,0,0
060607,玉晶光凱基9A購06,0,0,0,0,0,0,0,0,0,0,0,0,0,10000,10000,0,0
060610,玉晶光凱基9B購02,0,0,0,0,0,0,0,0,0,0,0,0,0,2000,2000,0,0
060649,國巨第一9A購01  ,0,0,0,0,0,0,0,0,0,0,0,0,0,16000,16000,0,0
060624,玉晶光元大9C購02,0,0,0,0,0,0,0,0,0,0,0,0,0,1000,1000,0,0
060706,群創富邦9A購01  ,0,0,0,0,0,0,0,0,0,0,0,0,0,18000,18000,0,0
060745,京元電國票9A購01,0,0,0,0,0,0,0,0,0,0,0,0,0,100000,100000,0,0
060709,緯穎富邦9B購01  ,0,0,0,0,0,0,0,0,0,0,0,0,0,10000,10000,0,0
064126,聯發科元大9C購05,0,0,0,0,0,0,0,0,0,0,0,0,0,13000,13000,0,0
064231,鴻海統一01購03  ,0,0,0,0,0,0,0,0,0,0,0,0,0,10000,10000,0,0
064430,鴻海凱基03購04  ,0,0,0,0,0,0,0,0,0,0,0,0,0,3000,3000,0,0
064388,緯穎富邦9C購01  ,0,0,0,0,0,0,0,0,0,0,0,0,0,30000,30000,0,0
064458,玉晶光統一01購09,0,0,0,0,0,0,0,0,0,0,0,0,0,4000,4000,0,0
064497,可成元大01購02  ,0,0,0,0,0,0,0,0,0,0,0,0,0,6000,6000,0,0
064508,力成元大9C購03  ,0,0,0,0,0,0,0,0,0,0,0,0,0,4000,4000,0,0
063370,國巨永豐9B購03  ,0,0,0,0,0,0,0,0,0,0,0,0,0,2000,2000,0,0
062371,健策元大9B購08  ,0,0,0,0,0,0,0,0,0,0,0,0,0,3000,3000,0,0
062373,泰鼎元大9B購01  ,0,0,0,0,0,0,0,0,0,0,0,0,0,1000,1000,0,0
062385,玉晶光國泰01購01,0,0,0,0,0,0,0,0,0,0,0,0,0,2000,2000,0,0
062429,A50正2元大9B購01,0,0,0,0,0,0,0,0,0,0,0,0,0,20000,20000,0,0
062435,國巨元大9B購13  ,0,0,0,0,0,0,0,0,0,0,0,0,0,51000,51000,0,0
062395,台表科富邦9C購01,0,0,0,0,0,0,0,0,0,0,0,0,0,4000,4000,0,0
060502,國巨元大9A購07  ,0,0,0,0,0,0,0,0,0,0,0,0,0,13000,13000,0,0
060475,瑞祺元大9A購01  ,0,0,0,0,0,0,0,0,0,0,0,0,0,2000,2000,0,0
060443,滬深2X元大9A購03,0,0,0,0,0,0,0,0,0,0,0,0,0,10000,10000,0,0
060433,億豐永豐9A購01  ,0,0,0,0,0,0,0,0,0,0,0,0,0,10000,10000,0,0
060434,台汽電永豐9A購01,0,0,0,0,0,0,0,0,0,0,0,0,0,1000,1000,0,0
062075,智邦元大9B購03  ,0,0,0,0,0,0,0,0,0,0,0,0,0,14000,14000,0,0
062072,國巨元大9B購05  ,0,0,0,0,0,0,0,0,0,0,0,0,0,51000,51000,0,0
061635,台積電元大9A購34,0,0,0,0,0,0,0,0,0,0,0,0,0,60000,60000,0,0
061643,嘉澤元大9A購05  ,0,0,0,0,0,0,0,0,0,0,0,0,0,2000,2000,0,0
061644,健策元大9C購02  ,0,0,0,0,0,0,0,0,0,0,0,0,0,2000,2000,0,0
061698,智邦國票9A購04  ,0,0,0,0,0,0,0,0,0,0,0,0,0,4000,4000,0,0
061535,群創統一9C購01  ,0,0,0,0,0,0,0,0,0,0,0,0,0,13000,13000,0,0
063694,貿聯永豐9B購01  ,0,0,0,0,0,0,0,0,0,0,0,0,0,61000,61000,0,0
061975,華通元大9B購01  ,0,0,0,0,0,0,0,0,0,0,0,0,0,5000,5000,0,0
061996,矽格元大9B購01  ,0,0,0,0,0,0,0,0,0,0,0,0,0,12000,12000,0,0
061919,國巨凱基9B購06  ,0,0,0,0,0,0,0,0,0,0,0,0,0,30000,30000,0,0
061871,瑞昱元大9B購01  ,0,0,0,0,0,0,0,0,0,0,0,0,0,2000,2000,0,0
061873,友達元大9C購07  ,0,0,0,0,0,0,0,0,0,0,0,0,0,6000,6000,0,0
061849,國巨國票9B購08  ,0,0,0,0,0,0,0,0,0,0,0,0,0,19000,19000,0,0
061811,A50正2群益01購03,0,0,0,0,0,0,0,0,0,0,0,0,0,3000,3000,0,0
067129,神隆永豐01購01  ,0,0,0,0,0,0,0,0,0,0,0,0,0,6000,6000,0,0
067093,台灣50群益01購08,0,0,0,0,0,0,0,0,0,0,0,0,0,3000,3000,0,0
067179,健策康和01購01  ,0,0,0,0,0,0,0,0,0,0,0,0,0,12000,12000,0,0
067201,A50正2元大03購01,0,0,0,0,0,0,0,0,0,0,0,0,0,10000,10000,0,0
067192,矽格凱基01購03  ,0,0,0,0,0,0,0,0,0,0,0,0,0,30000,30000,0,0
066992,緯穎群益01購02  ,0,0,0,0,0,0,0,0,0,0,0,0,0,4000,4000,0,0
067079,聯鈞元大02購01  ,0,0,0,0,0,0,0,0,0,0,0,0,0,200000,200000,0,0
066888,長榮航中信07購01,0,0,0,0,0,0,0,0,0,0,0,0,0,85000,85000,0,0
066614,貿聯麥證01購01  ,0,0,0,20000,20000,0,0,0,0,0,0,0,0,20000,20000,0,0
066663,達欣工凱基01購01,0,0,0,0,0,0,0,0,0,0,0,0,0,33000,33000,0,0
066714,台灣50元大01購22,0,0,0,0,0,0,0,0,0,0,0,0,0,3000,3000,0,0
066712,台灣50元大01購20,0,0,0,0,0,0,0,0,0,0,0,0,0,3000,3000,0,0
06602P,國巨統一99售02  ,0,0,0,0,0,0,0,0,0,0,0,0,0,1000,1000,0,0
065989,泰碩永豐01購01  ,0,0,0,0,0,0,0,0,0,0,0,0,0,20000,20000,0,0
066418,京元電元大01購02,0,0,0,0,0,0,0,0,0,0,0,0,0,54000,54000,0,0
066390,鴻海凱基02購03  ,0,0,0,0,0,0,0,0,0,0,0,0,0,5000,5000,0,0
066388,力山凱基01購02  ,0,0,0,0,0,0,0,0,0,0,0,0,0,333000,333000,0,0
06637P,大立光凱基98售15,0,0,0,0,0,0,0,0,0,0,0,0,0,50000,50000,0,0
065583,超眾國泰02購01  ,0,0,0,0,0,0,0,0,0,0,0,0,0,10000,10000,0,0
065338,旺宏統一01購07  ,0,76000,-76000,0,0,0,0,0,0,76000,0,0,0,76000,0,76000,0
065378,嘉澤元大01購01  ,0,0,0,0,0,0,0,0,0,0,0,0,0,1000,1000,0,0
065410,國巨永豐9C購01  ,0,0,0,0,0,0,0,0,0,0,0,0,0,4000,4000,0,0
065314,矽創國票01購02  ,0,0,0,0,0,0,0,0,0,0,0,0,0,2000,2000,0,0
065262,義隆元大9C購06  ,0,0,0,0,0,0,0,0,0,0,0,0,0,1000,1000,0,0
065274,南茂元大9C購03  ,0,0,0,0,0,0,0,0,0,0,0,0,0,50000,50000,0,0
065929,TPK國票02購01   ,0,0,0,0,0,0,0,0,0,0,0,0,0,20000,20000,0,0
065893,華新科統一02購02,0,0,0,0,0,0,0,0,0,0,0,0,0,259000,259000,0,0
065909,大立光永豐9C購02,0,0,0,0,0,0,0,0,0,0,0,0,0,30000,30000,0,0
065825,鴻海凱基02購02  ,0,0,0,0,0,0,0,0,0,0,0,0,0,3000,3000,0,0
065712,緯穎群益9C購03  ,0,0,0,0,0,0,0,0,0,0,0,0,0,57000,57000,0,0
065735,矽格凱基01購02  ,0,0,0,0,0,0,0,0,0,0,0,0,0,9000,9000,0,0
065720,義隆兆豐9C購03  ,0,0,0,0,0,0,0,0,0,0,0,0,0,10000,10000,0,0
065725,技嘉凱基9C購03  ,0,0,0,0,0,0,0,0,0,0,0,0,0,2000,2000,0,0
065676,臻鼎凱基9C購04  ,0,0,0,0,0,0,0,0,0,0,0,0,0,50000,50000,0,0
064912,國巨統一01購09  ,0,0,0,0,0,0,0,0,0,0,0,0,0,17000,17000,0,0
064927,瀚宇博統一02購01,0,0,0,0,0,0,0,0,0,0,0,0,0,5000,5000,0,0
064983,力成元大9C購04  ,0,0,0,0,0,0,0,0,0,0,0,0,0,5000,5000,0,0
064987,勤誠元大9C購02  ,0,0,0,0,0,0,0,0,0,0,0,0,0,100000,100000,0,0
065169,華邦電元大9C購03,0,0,0,0,0,0,0,0,0,0,0,0,0,29000,29000,0,0
065161,矽格群益9C購01  ,0,0,0,0,0,0,0,0,0,0,0,0,0,10000,10000,0,0
065151,國巨群益9C購13  ,0,0,0,0,0,0,0,0,0,0,0,0,0,1000,1000,0,0
065136,正隆凱基9C購01  ,0,0,0,0,0,0,0,0,0,0,0,0,0,20000,20000,0,0
065123,台灣50永豐9C購02,0,0,0,0,0,0,0,0,0,0,0,0,0,35000,35000,0,0
064669,健策元大01購03  ,0,0,0,0,0,0,0,0,0,0,0,0,0,4000,4000,0,0
064673,南茂元大9C購01  ,0,0,0,0,0,0,0,0,0,0,0,0,0,193000,193000,0,0
064592,同欣電永豐9C購01,0,0,0,0,0,0,0,0,0,0,0,0,0,30000,30000,0,0
064521,群創群益02購01  ,0,0,0,0,0,0,0,0,0,0,0,0,0,1000,1000,0,0
064526,臺股指群益9C購11,0,0,0,0,0,0,0,0,0,0,0,0,0,1000,1000,0,0
064528,國巨中信02購01  ,0,0,0,0,0,0,0,0,0,0,0,0,0,16000,16000,0,0
064708,帆宣永豐9C購01  ,0,0,0,0,0,0,0,0,0,0,0,0,0,30000,30000,0,0
3032,偉訓            ,126000,129000,-3000,0,0,0,0,0,0,3000,3000,0,3000,0,0,0,0
2712,遠雄來          ,2000,2000,0,0,0,0,0,0,0,0,0,0,0,0,0,0,0
2440,太空梭          ,1000,1000,0,0,0,0,0,0,0,0,0,0,0,0,0,0,0
2497,怡利電          ,4000,4000,0,0,0,0,0,0,0,0,0,0,0,0,0,0,0
2397,友通            ,4000,4000,0,0,0,0,0,0,0,0,0,0,0,0,0,0,0
1725,元禎            ,1000,1000,0,0,0,0,0,0,0,0,0,0,0,0,0,0,0
1618,合機            ,0,6000,-6000,0,0,0,0,0,0,6000,6000,0,6000,0,0,0,0
1587,吉茂            ,55000,53000,2000,0,0,0,0,0,0,-2000,0,2000,-2000,0,0,0,0
1533,車王電          ,12000,12000,0,0,0,0,0,0,0,0,0,0,0,0,0,0,0
1530,亞崴            ,3000,4000,-1000,0,0,0,0,0,0,1000,1000,0,1000,0,0,0,0
8481,政伸            ,1000,2000,-1000,0,0,0,0,0,0,1000,1000,0,1000,0,0,0,0
8940,新天地          ,18000,18000,0,0,0,0,0,0,0,0,0,0,0,0,0,0,0
8473,山林水          ,8000,11000,-3000,0,0,0,0,0,0,3000,3000,0,3000,0,0,0,0
8478,東哥遊艇        ,3000,3000,0,0,0,0,0,0,0,0,0,0,0,0,0,0,0
8466,美吉吉-KY       ,5000,5000,0,0,0,0,0,0,0,0,0,0,0,0,0,0,0
8222,寶一            ,15000,15000,0,0,0,0,0,0,0,0,0,0,0,0,0,0,0
8201,無敵            ,15000,15000,0,0,0,0,0,0,0,0,0,0,0,0,0,0,0
4807,日成-KY         ,7000,7000,0,0,0,0,0,0,0,0,0,0,0,0,0,0,0
3296,勝德            ,5000,6000,-1000,0,0,0,0,0,0,1000,1000,0,1000,0,0,0,0
3054,立萬利          ,4000,4000,0,0,0,0,0,0,0,0,0,0,0,0,0,0,0
08857P,台灣50國票01售07,0,0,0,0,0,0,0,0,0,-1000,0,0,0,0,1000,-1000,-1000
08907P,奇鋐群益01售03  ,0,0,0,0,0,0,0,0,0,-1000,0,0,0,24000,25000,-1000,-1000
08913P,臺股指凱基01售04,0,0,0,0,0,0,0,0,0,-1000,0,0,0,0,1000,-1000,-1000
08330P,聯發科統一9C售13,0,0,0,0,0,0,0,0,0,-1000,0,0,0,0,1000,-1000,-1000
08235P,南電國泰9C售03  ,0,0,0,0,0,0,0,0,0,-1000,0,0,0,0,1000,-1000,-1000
08176P,國巨元大9B售20  ,0,0,0,0,0,0,0,0,0,-1000,0,0,0,0,1000,-1000,-1000
07770P,台積電國票9A售07,0,0,0,0,0,0,0,0,0,-1000,0,0,0,0,1000,-1000,-1000
07991P,鴻海群益9C售02  ,0,0,0,0,0,0,0,0,0,-1000,0,0,0,0,1000,-1000,-1000
068587,T50反1元富07購05,0,0,0,0,0,0,0,0,0,-1000,0,0,0,0,1000,-1000,-1000
06854P,鴻海富邦99售05  ,0,0,0,0,0,0,0,0,0,-1000,0,0,0,0,1000,-1000,-1000
07006P,旺宏統一9B售03  ,0,0,0,0,0,0,0,0,0,-1000,0,0,0,0,1000,-1000,-1000
06962P,華新科永豐99售01,0,0,0,0,0,0,0,0,0,-1000,0,0,0,0,1000,-1000,-1000
06939P,國巨永豐98售09  ,0,0,0,0,0,0,0,0,0,-1000,0,0,0,0,1000,-1000,-1000
068458,玉晶光國票01購10,0,0,0,0,0,0,0,0,0,-1000,0,0,0,4000,5000,-1000,-1000
068369,玉晶光富邦03購01,0,0,0,0,0,0,0,0,0,-1000,0,0,0,0,1000,-1000,-1000
068342,鴻海麥證01購03  ,0,0,0,0,5000,-5000,0,0,0,-1000,0,0,0,4000,5000,-1000,-1000
067899,玉晶光群益02購13,0,0,0,0,0,0,0,0,0,-1000,0,0,0,48000,49000,-1000,-1000
068209,彩晶凱基04購02  ,0,0,0,0,0,0,0,0,0,-1000,0,0,0,0,1000,-1000,-1000
067763,鈺齊永豐01購01  ,0,0,0,0,0,0,0,0,0,-1000,0,0,0,1000,2000,-1000,-1000
067725,旭富凱基01購03  ,0,0,0,0,0,0,0,0,0,-1000,0,0,0,10000,11000,-1000,-1000
067718,鴻海凱基01購09  ,0,0,0,0,0,0,0,0,0,-1000,0,0,0,9000,10000,-1000,-1000
067686,矽格元大01購04  ,0,0,0,0,0,0,0,0,0,-1000,0,0,0,20000,21000,-1000,-1000
067472,台積電元大03購01,0,0,0,0,0,0,0,0,0,-1000,0,0,0,8000,9000,-1000,-1000
059156,台灣50凱基01購03,0,0,0,0,0,0,0,0,0,-1000,0,0,0,8000,9000,-1000,-1000
060149,元金2X富邦04購01,0,0,0,0,0,0,0,0,0,-1000,0,0,0,1000,2000,-1000,-1000
057678,臺股指元大98購08,0,0,0,0,0,0,0,0,0,-1000,0,0,0,0,1000,-1000,-1000
057617,國巨凱基99購06  ,0,0,0,0,0,0,0,0,0,-1000,0,0,0,0,1000,-1000,-1000
057724,亞德客國泰99購01,0,0,0,0,0,0,0,0,0,-1000,0,0,0,0,1000,-1000,-1000
058164,FBVIX凱基03購02 ,0,0,0,0,0,0,0,0,0,-1000,0,0,0,0,1000,-1000,-1000
059928,道瓊銀富邦03購01,0,0,0,0,0,0,0,0,0,-1000,0,0,0,0,1000,-1000,-1000
059783,旺宏元大99購17  ,0,0,0,0,0,0,0,0,0,-1000,0,0,0,2000,3000,-1000,-1000
059765,嘉聯益永豐99購02,0,0,0,0,0,0,0,0,0,-1000,0,0,0,103000,104000,-1000,-1000
062262,茂林元大9B購02  ,0,0,0,0,0,0,0,0,0,-1000,0,0,0,18000,19000,-1000,-1000
061569,旺宏元大9A購14  ,0,0,0,0,0,0,0,0,0,-1000,0,0,0,0,1000,-1000,-1000
060907,金像電元大9A購02,0,0,0,0,0,0,0,0,0,-1000,0,0,0,0,1000,-1000,-1000
057961,茂林元大9A購01  ,0,0,0,0,0,0,0,0,0,-1000,0,0,0,0,1000,-1000,-1000
057813,京元電元大98購03,0,0,0,0,0,0,0,0,0,-1000,0,0,0,0,1000,-1000,-1000
057903,聯鈞永豐99購01  ,0,0,0,0,0,0,0,0,0,-1000,0,0,0,0,1000,-1000,-1000
058613,茂林元大99購03  ,0,0,0,0,0,0,0,0,0,-1000,0,0,0,0,1000,-1000,-1000
058615,矽創元大99購01  ,0,0,0,0,0,0,0,0,0,-1000,0,0,0,0,1000,-1000,-1000
058738,FBVIX中信03購04 ,0,0,0,0,0,0,0,0,0,-1000,0,0,0,0,1000,-1000,-1000
056469,國巨元大99購01  ,0,0,0,0,0,0,0,0,0,-1000,0,0,0,1000,2000,-1000,-1000
052658,友達元富9C購01  ,0,0,0,0,0,0,0,0,0,-1000,0,0,0,0,1000,-1000,-1000
054273,宏達電中信98購01,0,0,0,0,0,0,0,0,0,-1000,0,0,0,0,1000,-1000,-1000
058017,漢唐凱基99購01  ,0,0,0,0,0,0,0,0,0,-1000,0,0,0,0,1000,-1000,-1000
058099,鴻海國泰9A購02  ,0,0,0,0,0,0,0,0,0,-1000,0,0,0,0,1000,-1000,-1000
058983,旺宏凱基99購05  ,0,0,0,0,0,0,0,0,0,-1000,0,0,0,1000,2000,-1000,-1000
060116,世紀鋼元大99購07,0,0,0,0,0,0,0,0,0,-1000,0,0,0,2000,3000,-1000,-1000
059200,京鼎永豐99購02  ,0,0,0,0,0,0,0,0,0,-1000,0,0,0,0,1000,-1000,-1000
059219,旺宏元大99購12  ,0,0,0,0,0,0,0,0,0,-1000,0,0,0,0,1000,-1000,-1000
03076P,台積電富邦03售06,0,0,0,0,0,0,0,0,0,-1000,0,0,0,1000,2000,-1000,-1000
03148P,聯電群益03售04  ,0,0,0,0,0,0,0,0,0,-1000,0,0,0,51000,52000,-1000,-1000
057327,玉晶光群益9A購04,0,0,0,0,0,0,0,0,0,-1000,0,0,0,2000,3000,-1000,-1000
056164,聯茂凱基98購03  ,0,0,0,0,0,0,0,0,0,-1000,0,0,0,0,1000,-1000,-1000
03280P,台積電凱基02售14,0,0,0,0,0,0,0,0,0,-1000,0,0,0,0,1000,-1000,-1000
020016,統一MSCI美科技N ,0,0,0,0,0,0,0,0,0,-1000,0,0,0,3000,4000,-1000,-1000
061808,聯發科統一01購02,0,0,0,0,0,0,0,0,0,-1000,0,0,0,26000,27000,-1000,-1000
061817,高鐵群益9B購01  ,0,0,0,0,0,0,0,0,0,-1000,0,0,0,24000,25000,-1000,-1000
061881,緯穎元大9B購02  ,0,0,0,0,0,0,0,0,0,-1000,0,0,0,19000,20000,-1000,-1000
063367,GIS富邦9B購01   ,0,0,0,0,0,0,0,0,0,-1000,0,0,0,10000,11000,-1000,-1000
064510,GIS元大01購01   ,0,0,0,0,0,0,0,0,0,-1000,0,0,0,10000,11000,-1000,-1000
064428,裕隆凱基02購01  ,0,0,0,0,0,0,0,0,0,-1000,0,0,0,0,1000,-1000,-1000
064439,大立光凱基03購02,0,0,0,0,0,0,0,0,0,-1000,0,0,0,0,1000,-1000,-1000
060736,旺宏統一01購01  ,0,0,0,0,0,0,0,0,0,-1000,0,0,0,2000,3000,-1000,-1000
060743,鴻海國票9A購03  ,0,0,0,0,0,0,0,0,0,-1000,0,0,0,19000,20000,-1000,-1000
060705,台光電富邦9B購01,0,0,0,0,0,0,0,0,0,-1000,0,0,0,0,1000,-1000,-1000
060802,道瓊指中信9C購03,0,0,0,0,0,0,0,0,0,-1000,0,0,0,0,1000,-1000,-1000
060678,聯詠元大9A購03  ,0,0,0,0,0,0,0,0,0,-1000,0,0,0,9000,10000,-1000,-1000
060559,世紀鋼凱基9C購01,0,0,0,0,0,0,0,0,0,-1000,0,0,0,10000,11000,-1000,-1000
064104,TPK群益9C購02   ,0,0,0,0,0,0,0,0,0,-1000,0,0,0,41000,42000,-1000,-1000
062490,聯茂永豐9B購01  ,0,0,0,0,0,0,0,0,0,-1000,0,0,0,0,1000,-1000,-1000
063626,聚陽元大9B購03  ,0,0,0,0,0,0,0,0,0,-1000,0,0,0,49000,50000,-1000,-1000
061259,台積電凱基9A購21,0,0,0,0,0,0,0,0,0,-1000,0,0,0,2000,3000,-1000,-1000
061457,TPK凱基9A購01   ,0,0,0,0,0,0,0,0,0,-1000,0,0,0,20000,21000,-1000,-1000
061392,泰鼎群益9A購02  ,0,0,0,0,0,0,0,0,0,-1000,0,0,0,0,1000,-1000,-1000
061407,鴻海國票9A購07  ,0,0,0,0,0,0,0,0,0,-1000,0,0,0,0,1000,-1000,-1000
061270,彩晶凱基9A購02  ,0,0,0,0,0,0,0,0,0,-1000,0,0,0,2000,3000,-1000,-1000
061387,鴻海群益9A購05  ,0,0,0,0,0,0,0,0,0,-1000,0,0,0,0,1000,-1000,-1000
063280,燿華元大9B購05  ,0,0,0,0,0,0,0,0,0,-1000,0,0,0,43000,44000,-1000,-1000
062858,微星國票9B購01  ,0,0,0,0,0,0,0,0,0,-1000,0,0,0,0,1000,-1000,-1000
062558,義隆凱基9B購02  ,0,0,0,0,0,0,0,0,0,-1000,0,0,0,0,1000,-1000,-1000
062991,台光電群益9B購03,0,0,0,0,0,0,0,0,0,-1000,0,0,0,0,1000,-1000,-1000
063021,大立光元大9C購05,0,0,0,0,0,0,0,0,0,-1000,0,0,0,0,1000,-1000,-1000
063733,聯發科元大9B購27,0,0,0,0,0,0,0,0,0,-1000,0,0,0,0,1000,-1000,-1000
062713,台灣50凱基02購03,0,0,0,0,0,0,0,0,0,-1000,0,0,0,3000,4000,-1000,-1000
062668,國巨中信9B購04  ,0,0,0,0,0,0,0,0,0,-1000,0,0,0,0,1000,-1000,-1000
062318,台郡凱基9B購01  ,0,0,0,0,0,0,0,0,0,-1000,0,0,0,0,1000,-1000,-1000
063238,漢唐元大9B購02  ,0,0,0,0,0,0,0,0,0,-1000,0,0,0,50000,51000,-1000,-1000
063240,聯發科元大9B購17,0,0,0,0,0,0,0,0,0,-1000,0,0,0,1000,2000,-1000,-1000
063186,聯發科凱基9C購04,0,0,0,0,0,0,0,0,0,-1000,0,0,0,15000,16000,-1000,-1000
064748,力成國票01購01  ,0,0,0,0,0,0,0,0,0,-1000,0,0,0,3000,4000,-1000,-1000
064796,緯穎國票01購01  ,0,0,0,0,0,0,0,0,0,-1000,0,0,0,1000,2000,-1000,-1000
064807,義隆元大9C購03  ,0,0,0,0,0,0,0,0,0,-1000,0,0,0,0,1000,-1000,-1000
065128,大成鋼兆豐9C購01,0,0,0,0,0,0,0,0,0,-1000,0,0,0,3000,4000,-1000,-1000
065073,亞德客元大01購02,0,0,0,0,0,0,0,0,0,-1000,0,0,0,0,1000,-1000,-1000
065210,健策國票01購03  ,0,0,0,0,0,0,0,0,0,-1000,0,0,0,12000,13000,-1000,-1000
065212,瑞儀國票01購01  ,0,0,0,0,0,0,0,0,0,-1000,0,0,0,0,1000,-1000,-1000
065003,燿華國票01購01  ,0,0,0,0,0,0,0,0,0,-1000,0,0,0,0,1000,-1000,-1000
065037,緯穎統一02購02  ,0,0,0,0,0,0,0,0,0,-1000,0,0,0,0,1000,-1000,-1000
064953,嘉晶凱基9C購02  ,0,0,0,0,0,0,0,0,0,-1000,0,0,0,28000,29000,-1000,-1000
065666,旺宏凱基9C購03  ,0,0,0,0,0,0,0,0,0,-1000,0,0,0,6000,7000,-1000,-1000
065647,健鼎元大9C購05  ,0,0,0,0,0,0,0,0,0,-1000,0,0,0,230000,231000,-1000,-1000
065718,健策中信9C購02  ,0,0,0,0,0,0,0,0,0,-1000,0,0,0,0,1000,-1000,-1000
06585P,鴻海元大99售04  ,0,0,0,0,0,0,0,0,0,-1000,0,0,0,0,1000,-1000,-1000
065910,立積永豐9C購02  ,0,0,0,0,0,0,0,0,0,-1000,0,0,0,0,1000,-1000,-1000
065880,訊芯群益9C購01  ,0,0,0,0,0,0,0,0,0,-1000,0,0,0,219000,220000,-1000,-1000
065282,國巨群益9C購14  ,0,0,0,0,0,0,0,0,0,-1000,0,0,0,0,1000,-1000,-1000
065283,台積電群益01購01,0,0,0,0,0,0,0,0,0,-1000,0,0,0,0,1000,-1000,-1000
065322,聯發科凱基01購05,0,0,0,0,0,0,0,0,0,-1000,0,0,0,4000,5000,-1000,-1000
065412,金像電永豐9C購01,0,0,0,0,0,0,0,0,0,-1000,0,0,0,0,1000,-1000,-1000
06556P,臺股指元大99售08,0,0,0,0,0,0,0,0,0,-1000,0,0,0,0,1000,-1000,-1000
065528,FBVIX中信04購01 ,0,0,0,0,0,0,0,0,0,-1000,0,0,0,0,1000,-1000,-1000
06548P,大立光元大98售10,0,0,0,0,0,0,0,0,0,-1000,0,0,0,0,1000,-1000,-1000
065506,道瓊指群益9C購03,0,0,0,0,0,0,0,0,0,-1000,0,0,0,0,1000,-1000,-1000
066426,台勝科元大01購02,0,0,0,0,0,0,0,0,0,-1000,0,0,0,0,1000,-1000,-1000
066603,台達電富邦05購01,0,0,0,0,0,0,0,0,0,-1000,0,0,0,44000,45000,-1000,-1000
067012,台虹永豐01購02  ,0,0,0,0,0,0,0,0,0,-1000,0,0,0,0,1000,-1000,-1000
066990,啟碁群益01購01  ,0,0,0,0,0,0,0,0,0,-1000,0,0,0,0,1000,-1000,-1000
066944,鴻海元大01購13  ,0,0,0,0,0,0,0,0,0,-1000,0,0,0,1000,2000,-1000,-1000
3308,聯德            ,0,1000,-1000,0,0,0,0,0,0,0,0,0,0,0,0,0,-1000
3416,融程電          ,8000,11000,-3000,0,0,0,0,0,0,2000,2000,0,2000,0,0,0,-1000
4764,雙鍵            ,0,1000,-1000,0,0,0,0,0,0,0,0,0,0,0,0,0,-1000
5538,東明-KY         ,0,1000,-1000,0,0,0,0,0,0,0,0,0,0,0,0,0,-1000
6442,光聖            ,4000,5000,-1000,0,0,0,0,0,0,0,0,0,0,0,0,0,-1000
8374,羅昇            ,20000,21000,-1000,0,0,0,0,0,0,0,0,0,0,0,0,0,-1000
6605,帝寶            ,9000,10000,-1000,0,0,0,0,0,0,0,0,0,0,0,0,0,-1000
6641,基士德-KY       ,1000,2000,-1000,0,0,0,0,0,0,0,0,0,0,0,0,0,-1000
1535,中宇            ,0,1000,-1000,0,0,0,0,0,0,0,0,0,0,0,0,0,-1000
1726,永記            ,0,1000,-1000,0,0,0,0,0,0,0,0,0,0,0,0,0,-1000
1720,生達            ,238000,245000,-7000,0,0,0,0,0,0,6000,5000,31000,-26000,39000,7000,32000,-1000
1735,日勝化          ,0,1000,-1000,0,0,0,0,0,0,0,0,0,0,0,0,0,-1000
2022,聚亨            ,11000,12000,-1000,0,0,0,0,0,0,0,0,0,0,0,0,0,-1000
1446,宏和            ,7000,8000,-1000,0,0,0,0,0,0,0,0,0,0,0,0,0,-1000
1341,富林-KY         ,0,2000,-2000,0,0,0,0,0,0,1000,1000,0,1000,0,0,0,-1000
08943P,嘉晶國票03售01  ,0,0,0,0,0,0,0,0,0,-1000,0,0,0,18000,19000,-1000,-1000
1235,興泰            ,0,1000,-1000,0,0,0,0,0,0,0,0,0,0,0,0,0,-1000
2630,亞航            ,0,1000,-1000,0,0,0,0,0,0,0,0,0,0,0,0,0,-1000
2731,雄獅            ,31000,32000,-1000,0,0,0,0,0,0,0,0,0,0,0,0,0,-1000
2923,鼎固-KY         ,1000,2000,-1000,0,0,0,0,0,0,0,0,0,0,0,0,0,-1000
2901,欣欣            ,0,1000,-1000,0,0,0,0,0,0,0,0,0,0,0,0,0,-1000
067466,元金2X元大03購01,0,0,0,0,0,0,0,0,0,-2000,0,0,0,0,2000,-2000,-2000
067436,訊連凱基01購01  ,0,0,0,0,0,0,0,0,0,-2000,0,0,0,8000,10000,-2000,-2000
067226,台灣50群益01購09,0,0,0,0,0,0,0,0,0,-2000,0,0,0,0,2000,-2000,-2000
067227,T50反1群益01購06,0,0,0,0,0,0,0,0,0,-2000,0,0,0,0,2000,-2000,-2000
06755P,大立光永豐98售03,0,0,0,0,0,0,0,0,0,-2000,0,0,0,1000,3000,-2000,-2000
067858,上証2X元大01購06,0,0,0,0,0,0,0,0,0,-2000,0,0,0,8000,10000,-2000,-2000
068168,臺股指元大01購18,0,0,0,0,0,0,0,0,0,-2000,0,0,0,0,2000,-2000,-2000
067939,玉晶光凱基02購06,0,0,0,0,0,0,0,0,0,-2000,0,0,0,179000,181000,-2000,-2000
067994,技嘉元大01購03  ,0,0,0,0,0,0,0,0,0,-2000,0,0,0,20000,22000,-2000,-2000
068377,京元電永豐01購03,0,0,0,0,0,0,0,0,0,-2000,0,0,0,20000,22000,-2000,-2000
068287,鴻海群益01購10  ,0,0,0,0,0,0,0,0,0,-2000,0,0,0,44000,46000,-2000,-2000
068290,大立光群益01購12,0,0,0,0,0,0,0,0,0,-2000,0,0,0,0,2000,-2000,-2000
068277,緯穎永豐01購03  ,0,0,0,0,0,0,0,0,0,-2000,0,0,0,27000,29000,-2000,-2000
068448,光寶科國票03購01,0,0,0,0,0,0,0,0,0,-2000,0,0,0,22000,24000,-2000,-2000
068839,康控永豐02購01  ,0,0,0,0,0,0,0,0,0,-2000,0,0,0,9000,11000,-2000,-2000
068684,台積電中信02購02,0,0,0,0,0,0,0,0,0,-2000,0,0,0,0,2000,-2000,-2000
068639,神基凱基03購01  ,0,0,0,0,0,0,0,0,0,-2000,0,0,0,0,2000,-2000,-2000
08007P,國泰金中信03售02,0,0,0,0,0,0,0,0,0,-2000,0,0,0,0,2000,-2000,-2000
07095P,台灣50元大9C售03,0,0,0,0,0,0,0,0,0,-2000,0,0,0,0,2000,-2000,-2000
07301P,臺股指元大9A售34,0,0,0,0,0,0,0,0,0,-2000,0,0,0,0,2000,-2000,-2000
08115P,聯發科凱基9B售13,0,0,0,0,0,0,0,0,0,-2000,0,0,0,0,2000,-2000,-2000
08222P,南六凱基9B售05  ,0,0,0,0,0,0,0,0,0,-2000,0,0,0,0,2000,-2000,-2000
08705P,臺股指群益01售02,0,0,0,0,0,0,0,0,0,-2000,0,0,0,0,2000,-2000,-2000
03456B,臺股指元大03熊03,0,0,0,0,0,0,0,0,0,-2000,0,0,0,0,2000,-2000,-2000
042793,台積電台新9C購01,0,0,0,0,0,0,0,0,0,-2000,0,0,0,0,2000,-2000,-2000
03183P,鴻海元大01售28  ,0,0,0,0,0,0,0,0,0,-2000,0,0,0,50000,52000,-2000,-2000
03012X,元展12          ,0,0,0,0,0,0,0,0,0,-2000,0,0,0,0,2000,-2000,-2000
03028P,玉晶光元大01售11,0,0,0,0,0,0,0,0,0,-2000,0,0,0,13000,15000,-2000,-2000
056603,嘉聯益國泰9A購01,0,0,0,0,0,0,0,0,0,-2000,0,0,0,0,2000,-2000,-2000
058933,FBVIX台新9B購01 ,0,0,0,0,0,0,0,0,0,-2000,0,0,0,0,2000,-2000,-2000
060015,國巨康和99購03  ,0,0,0,0,0,0,0,0,0,-2000,0,0,0,28000,30000,-2000,-2000
055449,超眾統一9A購01  ,0,0,0,0,0,0,0,0,0,-2000,0,0,0,0,2000,-2000,-2000
054884,友達統一99購01  ,0,0,0,0,0,0,0,0,0,-2000,0,0,0,0,2000,-2000,-2000
054592,美律永昌9A購01  ,0,0,0,0,0,0,0,0,0,-2000,0,0,0,0,2000,-2000,-2000
058378,南電凱基99購01  ,0,0,0,0,0,0,0,0,0,-2000,0,0,0,10000,12000,-2000,-2000
058386,A50正2國票9B購01,0,0,0,0,0,0,0,0,0,-2000,0,0,0,0,2000,-2000,-2000
060870,旭富群益9A購01  ,0,0,0,0,0,0,0,0,0,-2000,0,0,0,0,2000,-2000,-2000
058876,南電國票9A購02  ,0,0,0,0,0,0,0,0,0,-2000,0,0,0,10000,12000,-2000,-2000
058885,元石油元大9C購02,0,0,0,0,0,0,0,0,0,-2000,0,0,0,0,2000,-2000,-2000
061568,國巨元大9A購25  ,0,0,0,0,0,0,0,0,0,-2000,0,0,0,1000,3000,-2000,-2000
062206,緯創國票9B購01  ,0,0,0,0,0,0,0,0,0,-2000,0,0,0,9000,11000,-2000,-2000
063329,健策國票9C購01  ,0,0,0,0,0,0,0,0,0,-2000,0,0,0,3000,5000,-2000,-2000
063827,國巨國票02購01  ,0,0,0,0,0,0,0,0,0,-2000,0,0,0,58000,60000,-2000,-2000
059721,旺宏元大99購16  ,0,0,0,0,0,0,0,0,0,-2000,0,0,0,0,2000,-2000,-2000
059580,大立光元富99購07,0,0,0,0,0,0,0,0,0,-2000,0,0,0,0,2000,-2000,-2000
059877,康控凱基99購05  ,0,0,0,0,0,0,0,0,0,-2000,0,0,0,8000,10000,-2000,-2000
058167,鴻海凱基9A購03  ,0,0,0,0,0,0,0,0,0,-2000,0,0,0,0,2000,-2000,-2000
057554,新日興凱基99購02,0,0,0,0,0,0,0,0,0,-2000,0,0,0,25000,27000,-2000,-2000
060367,緯穎元富9A購02  ,0,0,0,0,0,0,0,0,0,-2000,0,0,0,2000,4000,-2000,-2000
060300,佐登國泰9B購01  ,0,0,0,0,0,0,0,0,0,-2000,0,0,0,0,2000,-2000,-2000
059125,台積電第一03購02,0,0,0,0,0,0,0,0,0,-2000,0,0,0,1000,3000,-2000,-2000
063167,同欣電永豐9B購03,0,0,0,0,0,0,0,0,0,-2000,0,0,0,0,2000,-2000,-2000
063739,台勝科元大9B購03,0,0,0,0,0,0,0,0,0,-2000,0,0,0,0,2000,-2000,-2000
062930,旺宏統一9C購02  ,0,0,0,0,0,0,0,0,0,-2000,0,0,0,0,2000,-2000,-2000
063116,大立光麥證9C購01,0,0,0,0,2000,-2000,0,0,0,-2000,0,0,0,0,2000,-2000,-2000
063305,亞光凱基9B購01  ,0,0,0,0,0,0,0,0,0,-2000,0,0,0,0,2000,-2000,-2000
063595,燿華中信9B購02  ,0,0,0,0,0,0,0,0,0,-2000,0,0,0,0,2000,-2000,-2000
061470,鈺齊群益9A購02  ,0,0,0,0,0,0,0,0,0,-2000,0,0,0,0,2000,-2000,-2000
061253,臺股指群益9A購04,0,0,0,0,0,0,0,0,0,-2000,0,0,0,0,2000,-2000,-2000
061235,台積電元大9A購23,0,0,0,0,0,0,0,0,0,-2000,0,0,0,4000,6000,-2000,-2000
062522,同欣電元大9B購02,0,0,0,0,0,0,0,0,0,-2000,0,0,0,10000,12000,-2000,-2000
060608,玉晶光凱基9A購08,0,0,0,0,0,0,0,0,0,-2000,0,0,0,10000,12000,-2000,-2000
060684,同欣電元大9A購01,0,0,0,0,0,0,0,0,0,-2000,0,0,0,0,2000,-2000,-2000
060660,國巨凱基9B購04  ,0,0,0,0,0,0,0,0,0,-2000,0,0,0,11000,13000,-2000,-2000
060756,鴻海元大9A購16  ,0,0,0,0,0,0,0,0,0,-2000,0,0,0,0,2000,-2000,-2000
063338,國巨統一9C購11  ,0,0,0,0,0,0,0,0,0,-2000,0,0,0,0,2000,-2000,-2000
063371,南亞科永豐9B購01,0,0,0,0,0,0,0,0,0,-2000,0,0,0,10000,12000,-2000,-2000
061708,同欣電國票9A購02,0,0,0,0,0,0,0,0,0,-2000,0,0,0,8000,10000,-2000,-2000
062178,上銀元大9B購03  ,0,0,0,0,0,0,0,0,0,-2000,0,0,0,38000,40000,-2000,-2000
062032,崇越群益9B購01  ,0,0,0,0,0,0,0,0,0,-2000,0,0,0,0,2000,-2000,-2000
062022,緯穎永豐9B購01  ,0,0,0,0,0,0,0,0,0,-2000,0,0,0,0,2000,-2000,-2000
062111,台勝科國票9B購01,0,0,0,0,0,0,0,0,0,-2000,0,0,0,0,2000,-2000,-2000
061879,超眾元大9C購01  ,0,0,0,0,0,0,0,0,0,-2000,0,0,0,81000,83000,-2000,-2000
061847,力山國票9B購01  ,0,0,0,0,0,0,0,0,0,-2000,0,0,0,51000,53000,-2000,-2000
062008,南亞科國泰9C購01,0,0,0,0,0,0,0,0,0,-2000,0,0,0,1000,3000,-2000,-2000
063681,深中小永豐9B購01,0,0,0,0,0,0,0,0,0,-2000,0,0,0,0,2000,-2000,-2000
060978,國巨元大9A購13  ,0,0,0,0,0,0,0,0,0,-2000,0,0,0,59000,61000,-2000,-2000
067087,帆宣元大01購03  ,0,0,0,0,0,0,0,0,0,-2000,0,0,0,14000,16000,-2000,-2000
067180,為升凱基02購01  ,0,0,0,0,0,0,0,0,0,-2000,0,0,0,34000,36000,-2000,-2000
066575,緯穎元大01購03  ,0,0,0,0,0,0,0,0,0,-2000,0,0,0,74000,76000,-2000,-2000
065290,奇鋐群益9C購01  ,0,0,0,0,0,0,0,0,0,-2000,0,0,0,0,2000,-2000,-2000
065737,南茂凱基9C購02  ,0,0,0,0,0,0,0,0,0,-2000,0,0,0,3000,5000,-2000,-2000
065642,台積電元大9C購13,0,0,0,0,0,0,0,0,0,-2000,0,0,0,1000,3000,-2000,-2000
065607,聯詠元大9C購02  ,0,0,0,0,0,0,0,0,0,-2000,0,0,0,3000,5000,-2000,-2000
064992,玉晶光兆豐01購01,0,0,0,0,0,0,0,0,0,-2000,0,0,0,138000,140000,-2000,-2000
065206,旺宏國票01購02  ,0,0,0,0,0,0,0,0,0,-2000,0,0,0,0,2000,-2000,-2000
064859,南亞科富邦01購01,0,0,0,0,0,0,0,0,0,-2000,0,0,0,0,2000,-2000,-2000
064753,英業達凱基9C購01,0,0,0,0,0,0,0,0,0,-2000,0,0,0,0,2000,-2000,-2000
064663,鴻海元大9C購11  ,0,0,0,0,0,0,0,0,0,-2000,0,0,0,0,2000,-2000,-2000
3002,歐格            ,5000,6000,-1000,0,0,0,0,0,0,-1000,0,1000,-1000,0,0,0,-2000
2910,統領            ,0,2000,-2000,0,0,0,0,0,0,0,0,0,0,0,0,0,-2000
2597,潤弘            ,4000,6000,-2000,0,0,0,0,0,0,0,0,0,0,0,0,0,-2000
2243,宏旭-KY         ,8000,10000,-2000,0,0,0,0,0,0,0,0,0,0,0,0,0,-2000
2465,麗臺            ,1000,3000,-2000,0,0,0,0,0,0,0,0,0,0,0,0,0,-2000
1443,立益            ,0,2000,-2000,0,0,0,0,0,0,0,0,0,0,0,0,0,-2000
1451,年興            ,35000,37000,-2000,0,0,0,0,0,0,0,0,0,0,0,0,0,-2000
1468,昶和            ,0,2000,-2000,0,0,0,0,0,0,0,0,0,0,0,0,0,-2000
1470,大統新創        ,0,2000,-2000,0,0,0,0,0,0,0,0,0,0,0,0,0,-2000
2032,新鋼            ,0,2000,-2000,0,0,0,0,0,0,0,0,0,0,0,0,0,-2000
2236,百達-KY         ,0,2000,-2000,0,0,0,0,0,0,0,0,0,0,0,0,0,-2000
1727,中華化          ,24000,26000,-2000,0,0,0,0,0,0,0,0,0,0,0,0,0,-2000
1616,億泰            ,0,2000,-2000,0,0,0,0,0,0,0,0,0,0,0,0,0,-2000
1539,巨庭            ,5000,8000,-3000,0,0,0,0,0,0,1000,1000,0,1000,0,0,0,-2000
1521,大億            ,0,2000,-2000,0,0,0,0,0,0,0,0,0,0,0,0,0,-2000
1583,程泰            ,0,2000,-2000,0,0,0,0,0,0,0,0,0,0,0,0,0,-2000
6655,科定            ,0,2000,-2000,0,0,0,0,0,0,0,0,0,0,0,0,0,-2000
6671,三能-KY         ,0,2000,-2000,0,0,0,0,0,0,0,1000,1000,0,0,0,0,-2000
6674,鋐寶科技        ,0,2000,-2000,0,0,0,0,0,0,0,0,0,0,0,0,0,-2000
8427,基勝-KY         ,1000,3000,-2000,0,0,0,0,0,0,0,0,0,0,0,0,0,-2000
8249,菱光            ,31000,48000,-17000,0,0,0,0,0,0,15000,17000,2000,15000,0,0,0,-2000
8488,吉源-KY         ,0,2000,-2000,0,0,0,0,0,0,0,0,0,0,0,0,0,-2000
9912,偉聯            ,0,2000,-2000,0,0,0,0,0,0,0,0,0,0,0,0,0,-2000
6201,亞弘電          ,3000,5000,-2000,0,0,0,0,0,0,0,0,0,0,0,0,0,-2000
6133,金橋            ,22000,21000,1000,0,0,0,0,0,0,-3000,0,3000,-3000,0,0,0,-2000
6117,迎廣            ,3000,5000,-2000,0,0,0,0,0,0,0,0,0,0,0,0,0,-2000
5284,jpp-KY          ,2000,4000,-2000,0,0,0,0,0,0,0,0,0,0,0,0,0,-2000
4994,傳奇            ,24000,26000,-2000,0,0,0,0,0,0,0,0,0,0,0,0,0,-2000
3383,新世紀          ,1000,3000,-2000,0,0,0,0,0,0,0,0,0,0,0,0,0,-2000
3528,安馳            ,0,2000,-2000,0,0,0,0,0,0,0,0,0,0,0,0,0,-2000
4581,光隆精密-KY     ,0,3000,-3000,0,0,0,0,0,0,1000,1000,0,1000,0,0,0,-2000
4571,鈞興-KY         ,3000,5000,-2000,0,0,0,0,0,0,0,0,0,0,0,0,0,-2000
4557,永新-KY         ,0,2000,-2000,0,0,0,0,0,0,0,0,0,0,0,0,0,-2000
3701,大眾控          ,0,2000,-2000,0,0,0,0,0,0,0,0,0,0,0,0,0,-2000
1476,儒鴻            ,670086,773457,-103371,0,0,0,6000,0,6000,95000,48000,43000,5000,92000,2000,90000,-2371
1783,和康生          ,80000,63000,17000,0,0,0,67,0,67,-20000,0,20000,-20000,0,0,0,-2933
08724P,臺股指元大01售05,0,0,0,0,0,0,0,0,0,-3000,0,0,0,7000,10000,-3000,-3000
08659P,聯發科統一9C售20,0,0,0,0,0,0,0,0,0,-3000,0,0,0,5000,8000,-3000,-3000
08918P,臺股指凱基01售09,0,0,0,0,0,0,0,0,0,-3000,0,0,0,0,3000,-3000,-3000
08836P,滬深2X國票02售04,0,0,0,0,0,0,0,0,0,-3000,0,0,0,4000,7000,-3000,-3000
08465P,玉晶光兆豐01售02,0,0,0,0,0,0,0,0,0,-3000,0,0,0,2000,5000,-3000,-3000
08524P,奇力新元大9C售01,0,0,0,0,0,0,0,0,0,-3000,0,0,0,7000,10000,-3000,-3000
08399P,技嘉元富9C售02  ,0,0,0,0,0,0,0,0,0,-3000,0,0,0,57000,60000,-3000,-3000
07076P,鴻海凱基9A售08  ,0,0,0,0,0,0,0,0,0,-3000,0,0,0,9000,12000,-3000,-3000
07871P,台積電群益9C售02,0,0,0,0,0,0,0,0,0,-3000,0,0,0,20000,23000,-3000,-3000
068644,臺股指凱基03購10,0,0,0,0,0,0,0,0,0,-3000,0,0,0,0,3000,-3000,-3000
068620,聯電群益03購05  ,0,0,0,0,0,0,0,0,0,-3000,0,0,0,132000,135000,-3000,-3000
068795,上緯控凱基02購02,0,0,0,0,0,0,0,0,0,-3000,0,0,0,0,3000,-3000,-3000
068803,國揚群益03購01  ,0,0,0,0,0,0,0,0,0,-3000,0,0,0,0,3000,-3000,-3000
068009,矽格元大01購05  ,0,0,0,0,0,0,0,0,0,-3000,0,0,0,23000,26000,-3000,-3000
067881,香港2X群益01購02,0,0,0,0,0,0,0,0,0,-3000,0,0,0,0,3000,-3000,-3000
067811,高鐵凱基01購01  ,0,0,0,0,0,0,0,0,0,-3000,0,0,0,0,3000,-3000,-3000
067680,聯詠元大01購08  ,0,0,0,0,0,0,0,0,0,-3000,0,0,0,0,3000,-3000,-3000
059126,臺指反中信9B購01,0,0,0,0,0,0,0,0,0,-3000,0,0,0,0,3000,-3000,-3000
059391,立積凱基9A購01  ,0,0,0,0,0,0,0,0,0,-3000,0,0,0,0,3000,-3000,-3000
063920,大立光元富03購02,0,0,0,0,0,0,0,0,0,-3000,0,0,0,9000,12000,-3000,-3000
058777,台光電國票9A購01,0,0,0,0,0,0,0,0,0,-3000,0,0,0,0,3000,-3000,-3000
053461,台郡永昌99購01  ,0,0,0,0,0,0,0,0,0,-3000,0,0,0,0,3000,-3000,-3000
057045,美律元大99購04  ,0,0,0,0,0,0,0,0,0,-3000,0,0,0,107000,110000,-3000,-3000
057454,上銀國泰99購02  ,0,0,0,0,0,0,0,0,0,-3000,0,0,0,0,3000,-3000,-3000
056550,瑞儀凱基99購01  ,0,0,0,0,0,0,0,0,0,-3000,0,0,0,0,3000,-3000,-3000
058946,SGBR2X群益9B購01,0,0,0,0,0,0,0,0,0,-3000,0,0,0,17000,20000,-3000,-3000
060065,大立光兆豐9B購01,0,0,0,0,0,0,0,0,0,-3000,0,0,0,0,3000,-3000,-3000
03178P,台積電群益01售23,0,0,0,0,0,0,0,0,0,-3000,0,0,0,4000,7000,-3000,-3000
055999,電子類富邦99購01,0,0,0,0,0,0,0,0,0,-3000,0,0,0,32000,35000,-3000,-3000
056124,華通國票98購02  ,0,0,0,0,0,0,0,0,0,-3000,0,0,0,15000,18000,-3000,-3000
057243,樺漢凱基99購01  ,0,0,0,0,0,0,0,0,0,-3000,0,0,0,0,3000,-3000,-3000
03680C,臺股指凱基9A牛26,0,0,0,0,0,0,0,0,0,-3000,0,0,0,0,3000,-3000,-3000
047571,滬深2X群益99購01,0,0,0,0,0,0,0,0,0,-3000,0,0,0,0,3000,-3000,-3000
03299P,華通元富02售04  ,0,0,0,0,0,0,0,0,0,-3000,0,0,0,0,3000,-3000,-3000
00736,國泰新興市場    ,0,0,0,0,0,0,0,0,0,-3000,0,0,0,109000,112000,-3000,-3000
061046,上銀第一9A購01  ,0,0,0,0,0,0,0,0,0,-3000,0,0,0,0,3000,-3000,-3000
061015,旺宏麥證9A購03  ,0,0,0,0,3000,-3000,0,0,0,-3000,0,0,0,0,3000,-3000,-3000
062105,國巨國票9C購03  ,0,0,0,0,0,0,0,0,0,-3000,0,0,0,18000,21000,-3000,-3000
060511,群創元大9B購08  ,0,0,0,0,0,0,0,0,0,-3000,0,0,0,30000,33000,-3000,-3000
060712,建準永豐9A購01  ,0,0,0,0,0,0,0,0,0,-3000,0,0,0,112000,115000,-3000,-3000
064186,燿華永豐9C購01  ,0,0,0,0,0,0,0,0,0,-3000,0,0,0,20000,23000,-3000,-3000
062487,中興電永豐9B購01,0,0,0,0,0,0,0,0,0,-3000,0,0,0,80000,83000,-3000,-3000
061249,億豐群益9A購01  ,0,0,0,0,0,0,0,0,0,-3000,0,0,0,0,3000,-3000,-3000
061144,玉晶光中信9B購02,0,0,0,0,0,0,0,0,0,-3000,0,0,0,0,3000,-3000,-3000
061154,可成群益9B購04  ,0,0,0,0,0,0,0,0,0,-3000,0,0,0,0,3000,-3000,-3000
061498,大立光國票9A購10,0,0,0,0,0,0,0,0,0,-3000,0,0,0,17000,20000,-3000,-3000
063574,茂林元大9B購07  ,0,0,0,0,0,0,0,0,0,-3000,0,0,0,28000,31000,-3000,-3000
063789,智邦台新9C購01  ,0,0,0,0,0,0,0,0,0,-3000,0,0,0,139000,142000,-3000,-3000
063126,TPK元大9B購01   ,0,0,0,0,0,0,0,0,0,-3000,0,0,0,18000,21000,-3000,-3000
062310,南亞科凱基9B購02,0,0,0,0,0,0,0,0,0,-3000,0,0,0,20000,23000,-3000,-3000
062362,致茂元大9B購01  ,0,0,0,0,0,0,0,0,0,-3000,0,0,0,0,3000,-3000,-3000
064543,華通凱基02購02  ,0,0,0,0,0,0,0,0,0,-3000,0,0,0,0,3000,-3000,-3000
064550,南茂凱基01購01  ,0,0,0,0,0,0,0,0,0,-3000,0,0,0,0,3000,-3000,-3000
064739,智邦國票01購01  ,0,0,0,0,0,0,0,0,0,-3000,0,0,0,100000,103000,-3000,-3000
065230,義隆凱基02購01  ,0,0,0,0,0,0,0,0,0,-3000,0,0,0,7000,10000,-3000,-3000
065101,力成元大9C購05  ,0,0,0,0,0,0,0,0,0,-3000,0,0,0,1000,4000,-3000,-3000
064993,嘉澤兆豐9C購01  ,0,0,0,0,0,0,0,0,0,-3000,0,0,0,0,3000,-3000,-3000
065706,奇鋐群益9C購02  ,0,0,0,0,0,0,0,0,0,-3000,0,0,0,0,3000,-3000,-3000
065702,聯發科群益9C購14,0,0,0,0,0,0,0,0,0,-3000,0,0,0,8000,11000,-3000,-3000
065911,超眾永豐9C購01  ,0,0,0,0,0,0,0,0,0,-3000,0,0,0,0,3000,-3000,-3000
065920,日月光凱基02購01,0,0,0,0,0,0,0,0,0,-3000,0,0,0,3000,6000,-3000,-3000
065844,南亞科元大9C購09,0,0,0,0,0,0,0,0,0,-3000,0,0,0,0,3000,-3000,-3000
065275,台灣50群益02購02,0,0,0,0,0,0,0,0,0,-3000,0,0,0,0,3000,-3000,-3000
066079,道瓊反國泰03購01,0,0,0,0,0,0,0,0,0,-3000,0,0,0,0,3000,-3000,-3000
067076,聯詠元大01購05  ,0,0,0,0,0,0,0,0,0,-3000,0,0,0,12000,15000,-3000,-3000
066916,台虹凱基01購01  ,0,0,0,0,0,0,0,0,0,-3000,0,0,0,3000,6000,-3000,-3000
1776,展宇            ,1000,4000,-3000,0,0,0,0,0,0,0,0,0,0,0,0,0,-3000
2024,志聯            ,0,3000,-3000,0,0,0,0,0,0,0,0,0,0,0,0,0,-3000
1525,江申            ,0,3000,-3000,0,0,0,0,0,0,0,0,0,0,0,0,0,-3000
1432,大魯閣          ,0,3000,-3000,0,0,0,0,0,0,0,0,0,0,0,0,0,-3000
1219,福壽            ,0,3000,-3000,0,0,0,0,0,0,0,0,0,0,0,0,0,-3000
2482,連宇            ,26000,28000,-2000,0,0,0,0,0,0,-1000,0,1000,-1000,0,0,0,-3000
2430,燦坤            ,3000,6000,-3000,0,0,0,0,0,0,0,0,0,0,0,0,0,-3000
2115,六暉-KY         ,1000,4000,-3000,0,0,0,0,0,0,0,0,0,0,0,0,0,-3000
2838A,聯邦銀甲特      ,0,0,0,0,0,0,0,0,0,-3000,17000,20000,-3000,0,0,0,-3000
3011,今皓            ,0,3000,-3000,0,0,0,0,0,0,0,0,0,0,0,0,0,-3000
3622,洋華            ,33000,36000,-3000,0,0,0,0,0,0,0,0,0,0,0,0,0,-3000
4552,力達-KY         ,19000,22000,-3000,0,0,0,0,0,0,0,0,0,0,0,0,0,-3000
4562,穎漢            ,0,3000,-3000,0,0,0,0,0,0,0,0,0,0,0,0,0,-3000
3057,喬鼎            ,28000,31000,-3000,0,0,0,0,0,0,0,0,0,0,0,0,0,-3000
6464,台數科          ,0,4000,-4000,0,0,0,0,0,0,1000,1000,0,1000,0,0,0,-3000
6281,全國電          ,0,7000,-7000,0,0,0,0,0,0,4000,4000,0,4000,0,0,0,-3000
6579,研揚            ,0,3000,-3000,0,0,0,0,0,0,0,0,0,0,0,0,0,-3000
1229,聯華            ,366936,452000,-85064,0,0,0,0,0,0,82000,101000,0,101000,2000,21000,-19000,-3064
8422,可寧衛          ,2000,7068,-5068,0,0,0,4000,0,4000,-2000,0,0,0,0,2000,-2000,-3068
6183,關貿            ,15000,30000,-15000,0,0,0,76,0,76,11000,11000,0,11000,0,0,0,-3924
067407,南六永豐01購03  ,0,0,0,0,0,0,0,0,0,-4000,0,0,0,28000,32000,-4000,-4000
067897,玉晶光群益02購11,0,0,0,0,0,0,0,0,0,-4000,0,0,0,98000,102000,-4000,-4000
068841,華通統一02購01  ,0,0,0,0,0,0,0,0,0,-4000,0,0,0,0,4000,-4000,-4000
068682,神達富邦03購01  ,0,0,0,0,0,0,0,0,0,-4000,0,0,0,10000,14000,-4000,-4000
07940P,國巨群益9B售06  ,0,0,0,0,0,0,0,0,0,-4000,0,0,0,0,4000,-4000,-4000
07721P,台積電凱基9A售22,0,0,0,0,0,0,0,0,0,-4000,0,0,0,0,4000,-4000,-4000
08444P,臺股指麥證9C售02,0,0,0,0,4000,-4000,0,0,0,-4000,0,0,0,0,4000,-4000,-4000
08287P,茂林凱基9C售02  ,0,0,0,0,0,0,0,0,0,-4000,0,0,0,16000,20000,-4000,-4000
08859P,奇鋐國票03售01  ,0,0,0,0,0,0,0,0,0,-4000,0,0,0,1000,5000,-4000,-4000
08613P,同欣電凱基9C售04,0,0,0,0,0,0,0,0,0,-4000,0,0,0,16000,20000,-4000,-4000
00702,國泰標普低波高息,0,0,0,0,0,0,0,0,0,-4000,0,0,0,1000,5000,-4000,-4000
00625K,富邦上証+R      ,0,0,0,0,0,0,0,0,0,-4000,0,0,0,50000,54000,-4000,-4000
03300P,台積電元富08售07,0,0,0,0,0,0,0,0,0,-4000,0,0,0,0,4000,-4000,-4000
03262P,建準國票04售01  ,0,0,0,0,0,0,0,0,0,-4000,0,0,0,0,4000,-4000,-4000
056165,矽力凱基98購02  ,0,0,0,0,0,0,0,0,0,-4000,0,0,0,0,4000,-4000,-4000
03174P,台積電國票01售12,0,0,0,0,0,0,0,0,0,-4000,0,0,0,6000,10000,-4000,-4000
03118P,台積電國票01售07,0,0,0,0,0,0,0,0,0,-4000,0,0,0,21000,25000,-4000,-4000
058022,樺漢凱基99購02  ,0,0,0,0,0,0,0,0,0,-4000,0,0,0,0,4000,-4000,-4000
056320,京鼎群益99購01  ,0,0,0,0,0,0,0,0,0,-4000,0,0,0,17000,21000,-4000,-4000
056366,玉晶光元大99購04,0,0,0,0,0,0,0,0,0,-4000,0,0,0,32000,36000,-4000,-4000
057009,信邦中信99購01  ,0,0,0,0,0,0,0,0,0,-4000,0,0,0,16000,20000,-4000,-4000
058770,貿聯兆豐9A購01  ,0,0,0,0,0,0,0,0,0,-4000,0,0,0,6000,10000,-4000,-4000
057930,旺宏群益99購04  ,0,0,0,0,0,0,0,0,0,-4000,0,0,0,0,4000,-4000,-4000
063808,台表科兆豐9C購01,0,0,0,0,0,0,0,0,0,-4000,0,0,0,245000,249000,-4000,-4000
061619,大立光群益9B購01,0,0,0,0,0,0,0,0,0,-4000,0,0,0,0,4000,-4000,-4000
059450,和大永豐99購01  ,0,0,0,0,0,0,0,0,0,-4000,0,0,0,0,4000,-4000,-4000
059649,矽力凱基99購02  ,0,0,0,0,0,0,0,0,0,-4000,0,0,0,0,4000,-4000,-4000
059829,超眾凱基99購05  ,0,0,0,0,0,0,0,0,0,-4000,0,0,0,1000,5000,-4000,-4000
059807,大立光元富99購09,0,0,0,0,0,0,0,0,0,-4000,0,0,0,0,4000,-4000,-4000
060311,盟立永豐9A購01  ,0,0,0,0,0,0,0,0,0,-4000,0,0,0,0,4000,-4000,-4000
060305,得力永豐9A購01  ,0,0,0,0,0,0,0,0,0,-4000,0,0,0,0,4000,-4000,-4000
060222,貿聯凱基9A購02  ,0,0,0,0,0,0,0,0,0,-4000,0,0,0,0,4000,-4000,-4000
057669,嘉晶元大99購03  ,0,0,0,0,0,0,0,0,0,-4000,0,0,0,0,4000,-4000,-4000
062728,健策凱基9B購04  ,0,0,0,0,0,0,0,0,0,-4000,0,0,0,0,4000,-4000,-4000
063106,台表科群益9B購03,0,0,0,0,0,0,0,0,0,-4000,0,0,0,203000,207000,-4000,-4000
062942,嘉澤凱基9B購02  ,0,0,0,0,0,0,0,0,0,-4000,0,0,0,0,4000,-4000,-4000
063038,富邦金凱基9B購02,0,0,0,0,0,0,0,0,0,-4000,0,0,0,2000,6000,-4000,-4000
063532,GIS凱基9B購03   ,0,0,0,0,0,0,0,0,0,-4000,0,0,0,6000,10000,-4000,-4000
062849,中興電永豐9B購02,0,0,0,0,0,0,0,0,0,-4000,0,0,0,0,4000,-4000,-4000
061277,智邦台新9A購01  ,0,0,0,0,0,0,0,0,0,-4000,0,0,0,6000,10000,-4000,-4000
061180,華擎凱基9B購01  ,0,0,0,0,0,0,0,0,0,-4000,0,0,0,0,4000,-4000,-4000
064225,健策國票01購02  ,0,0,0,0,0,0,0,0,0,-4000,0,0,0,21000,25000,-4000,-4000
060812,智邦凱基9A購01  ,0,0,0,0,0,0,0,0,0,-4000,0,0,0,6000,10000,-4000,-4000
060774,南亞科凱基9A購01,0,0,0,0,0,0,0,0,0,-4000,0,0,0,1000,5000,-4000,-4000
064357,中橡統一9C購01  ,0,0,0,0,0,0,0,0,0,-4000,0,0,0,0,4000,-4000,-4000
06448P,華通元大99售01  ,0,0,0,0,0,0,0,0,0,-4000,0,0,0,30000,34000,-4000,-4000
060450,南亞元大9A購02  ,0,0,0,0,0,0,0,0,0,-4000,0,0,0,0,4000,-4000,-4000
062038,鴻海凱基9B購05  ,0,0,0,0,0,0,0,0,0,-4000,0,0,0,0,4000,-4000,-4000
061683,台灣50群益9B購09,0,0,0,0,0,0,0,0,0,-4000,0,0,0,6000,10000,-4000,-4000
061916,元金2X凱基02購01,0,0,0,0,0,0,0,0,0,-4000,0,0,0,0,4000,-4000,-4000
061852,大立光國票9B購02,0,0,0,0,0,0,0,0,0,-4000,0,0,0,0,4000,-4000,-4000
067200,深中小元大03購01,0,0,0,0,0,0,0,0,0,-4000,0,0,0,182000,186000,-4000,-4000
066623,國巨凱基04購01  ,0,0,0,0,0,0,0,0,0,-4000,0,0,0,26000,30000,-4000,-4000
066866,滬深2X元富01購03,0,0,0,0,0,0,0,0,0,-4000,0,0,0,0,4000,-4000,-4000
066028,嘉澤群益01購01  ,0,0,0,0,0,0,0,0,0,-4000,0,0,0,4000,8000,-4000,-4000
066573,瑞祺元大01購02  ,0,0,0,0,0,0,0,0,0,-4000,0,0,0,236000,240000,-4000,-4000
065327,台表科凱基9C購02,0,0,0,0,0,0,0,0,0,-4000,0,0,0,68000,72000,-4000,-4000
065575,神達群益01購01  ,0,0,0,0,0,0,0,0,0,-4000,0,0,0,14000,18000,-4000,-4000
065669,義隆凱基01購03  ,0,0,0,0,0,0,0,0,0,-4000,0,0,0,1000,5000,-4000,-4000
065698,旺宏群益9C購08  ,0,0,0,0,0,0,0,0,0,-4000,0,0,0,0,4000,-4000,-4000
065682,健策統一9C購07  ,0,0,0,0,0,0,0,0,0,-4000,0,0,0,320000,324000,-4000,-4000
064949,南亞科凱基9C購01,0,0,0,0,0,0,0,0,0,-4000,0,0,0,1000,5000,-4000,-4000
064958,GIS凱基02購03   ,0,0,0,0,0,0,0,0,0,-4000,0,0,0,21000,25000,-4000,-4000
064517,國巨群益02購01  ,0,0,0,0,0,0,0,0,0,-4000,0,0,0,1000,5000,-4000,-4000
6216,居易            ,2000,5000,-3000,0,0,0,0,0,0,-1000,0,1000,-1000,0,0,0,-4000
4999,鑫禾            ,9000,13000,-4000,0,0,0,0,0,0,0,1000,1000,0,0,0,0,-4000
4930,燦星網          ,1000,5000,-4000,0,0,0,0,0,0,0,0,0,0,0,0,0,-4000
5484,慧友            ,0,4000,-4000,0,0,0,0,0,0,0,0,0,0,0,0,0,-4000
1236,宏亞            ,9000,13000,-4000,0,0,0,0,0,0,0,0,0,0,0,0,0,-4000
1423,利華            ,23000,27000,-4000,0,0,0,0,0,0,0,0,0,0,0,0,0,-4000
1529,樂士            ,2000,6000,-4000,0,0,0,0,0,0,0,0,0,0,0,0,0,-4000
1724,台硝            ,0,4000,-4000,0,0,0,0,0,0,0,0,0,0,0,0,0,-4000
2033,佳大            ,0,4000,-4000,0,0,0,0,0,0,0,0,0,0,0,0,0,-4000
1805,寶徠            ,0,4000,-4000,0,0,0,0,0,0,0,0,0,0,0,0,0,-4000
2904,匯僑            ,0,4000,-4000,0,0,0,0,0,0,0,0,0,0,0,0,0,-4000
08139P,華新科元大9B售12,0,0,0,0,0,0,0,0,0,-5000,0,0,0,0,5000,-5000,-5000
08490P,上銀元大9C售08  ,0,0,0,0,0,0,0,0,0,-5000,0,0,0,0,5000,-5000,-5000
07728P,臺股指凱基9A售20,0,0,0,0,0,0,0,0,0,-5000,0,0,0,0,5000,-5000,-5000
07600P,台灣50凱基04售06,0,0,0,0,0,0,0,0,0,-5000,0,0,0,0,5000,-5000,-5000
07861P,台灣50中信03售08,0,0,0,0,0,0,0,0,0,-5000,0,0,0,0,5000,-5000,-5000
07891P,臺股指國票9B售01,0,0,0,0,0,0,0,0,0,-5000,0,0,0,0,5000,-5000,-5000
068539,T50反1國票03購04,0,0,0,0,0,0,0,0,0,-5000,0,0,0,0,5000,-5000,-5000
068781,欣興國票03購03  ,0,0,0,0,0,0,0,0,0,-5000,0,0,0,0,5000,-5000,-5000
068764,台積電統一02購09,0,0,0,0,0,0,0,0,0,-5000,0,0,0,10000,15000,-5000,-5000
068742,A50群益02購01   ,0,0,0,0,0,0,0,0,0,-5000,0,0,0,0,5000,-5000,-5000
068138,道瓊銀元大01購03,0,0,0,0,0,0,0,0,0,-5000,0,0,0,0,5000,-5000,-5000
068188,T50反1凱基04購02,0,0,0,0,0,0,0,0,0,-5000,0,0,0,0,5000,-5000,-5000
068518,大立光統一01購10,0,0,0,0,0,0,0,0,0,-5000,0,0,0,0,5000,-5000,-5000
067777,元上證群益01購01,0,0,0,0,0,0,0,0,0,-5000,0,0,0,0,5000,-5000,-5000
057681,T50反1日盛9C購01,0,0,0,0,0,0,0,0,0,-5000,0,0,0,0,5000,-5000,-5000
057793,群創統一99購02  ,0,0,0,0,0,0,0,0,0,-5000,0,0,0,0,5000,-5000,-5000
057796,鴻海兆豐99購03  ,0,0,0,0,0,0,0,0,0,-5000,0,0,0,0,5000,-5000,-5000
057533,晶相光元大98購02,0,0,0,0,0,0,0,0,0,-5000,0,0,0,5000,10000,-5000,-5000
060172,智原台新9A購01  ,0,0,0,0,0,0,0,0,0,-5000,0,0,0,0,5000,-5000,-5000
060259,潤泰全凱基9C購01,0,0,0,0,0,0,0,0,0,-5000,0,0,0,0,5000,-5000,-5000
059637,大立光凱基01購01,0,0,0,0,0,0,0,0,0,-5000,0,0,0,0,5000,-5000,-5000
059780,滬深2X元大9C購06,0,0,0,0,0,0,0,0,0,-5000,0,0,0,0,5000,-5000,-5000
059733,緯穎元大99購08  ,0,0,0,0,0,0,0,0,0,-5000,0,0,0,0,5000,-5000,-5000
059364,昇陽半永豐99購02,0,0,0,0,0,0,0,0,0,-5000,0,0,0,10000,15000,-5000,-5000
061599,元金反中信9C購01,0,0,0,0,0,0,0,0,0,-5000,0,0,0,0,5000,-5000,-5000
063809,矽創兆豐01購01  ,0,0,0,0,0,0,0,0,0,-5000,0,0,0,0,5000,-5000,-5000
063926,南亞科統一03購01,0,0,0,0,0,0,0,0,0,-5000,0,0,0,0,5000,-5000,-5000
063861,南亞科國泰02購01,0,0,0,0,0,0,0,0,0,-5000,0,0,0,5000,10000,-5000,-5000
057891,華新科統一9A購01,0,0,0,0,0,0,0,0,0,-5000,0,0,0,0,5000,-5000,-5000
058585,S&P正2中信9B購02,0,0,0,0,0,0,0,0,0,-5000,0,0,0,0,5000,-5000,-5000
058625,旺宏國票9A購01  ,0,0,0,0,0,0,0,0,0,-5000,0,0,0,0,5000,-5000,-5000
058552,欣興永豐99購01  ,0,0,0,0,0,0,0,0,0,-5000,0,0,0,1000,6000,-5000,-5000
057010,景碩中信98購01  ,0,0,0,0,0,0,0,0,0,-5000,0,0,0,0,5000,-5000,-5000
056921,京元電兆豐98購01,0,0,0,0,0,0,0,0,0,-5000,0,0,0,0,5000,-5000,-5000
054164,強茂凱基98購01  ,0,0,0,0,0,0,0,0,0,-5000,0,0,0,51000,56000,-5000,-5000
053708,道瓊反凱基98購01,0,0,0,0,0,0,0,0,0,-5000,0,0,0,0,5000,-5000,-5000
056406,建準國票99購01  ,0,0,0,0,0,0,0,0,0,-5000,0,0,0,5000,10000,-5000,-5000
056577,玉晶光元大99購06,0,0,0,0,0,0,0,0,0,-5000,0,0,0,0,5000,-5000,-5000
056451,可成凱基99購01  ,0,0,0,0,0,0,0,0,0,-5000,0,0,0,0,5000,-5000,-5000
055662,上銀中信99購01  ,0,0,0,0,0,0,0,0,0,-5000,0,0,0,0,5000,-5000,-5000
055330,上銀兆豐98購02  ,0,0,0,0,0,0,0,0,0,-5000,0,0,0,0,5000,-5000,-5000
055521,S&P反1群益01購01,0,0,0,0,0,0,0,0,0,-5000,0,0,0,0,5000,-5000,-5000
060051,台積電凱基9B購01,0,0,0,0,0,0,0,0,0,-5000,0,0,0,0,5000,-5000,-5000
059274,國巨元大99購22  ,0,0,0,0,0,0,0,0,0,-5000,0,0,0,0,5000,-5000,-5000
059275,可成元大99購05  ,0,0,0,0,0,0,0,0,0,-5000,0,0,0,0,5000,-5000,-5000
058936,國喬中信99購01  ,0,0,0,0,0,0,0,0,0,-5000,0,0,0,40000,45000,-5000,-5000
060013,S&P正2康和99購01,0,0,0,0,0,0,0,0,0,-5000,0,0,0,0,5000,-5000,-5000
059049,元油2X凱基9A購12,0,0,0,0,0,0,0,0,0,-5000,0,0,0,0,5000,-5000,-5000
03303P,義隆元富02售01  ,0,0,0,0,0,0,0,0,0,-5000,0,0,0,0,5000,-5000,-5000
03223P,華通凱基03售03  ,0,0,0,0,0,0,0,0,0,-5000,0,0,0,0,5000,-5000,-5000
03211P,健鼎國票03售01  ,0,0,0,0,0,0,0,0,0,-5000,0,0,0,11000,16000,-5000,-5000
03216P,臺股指群益02售01,0,0,0,0,0,0,0,0,0,-5000,0,0,0,0,5000,-5000,-5000
03207P,臺股指凱基03售09,0,0,0,0,0,0,0,0,0,-5000,0,0,0,0,5000,-5000,-5000
00662,富邦NASDAQ      ,0,0,0,0,0,0,0,0,0,-5000,2000,0,2000,127000,134000,-7000,-5000
00680L,元大美債20正2   ,0,2000,-2000,0,0,0,0,0,0,-3000,0,0,0,11000,14000,-3000,-5000
00735,國泰臺韓科技    ,0,0,0,0,0,0,0,0,0,-5000,0,0,0,137000,142000,-5000,-5000
061901,柏文永豐9B購01  ,0,0,0,0,0,0,0,0,0,-5000,0,0,0,0,5000,-5000,-5000
061740,華新科凱基03購01,0,0,0,0,0,0,0,0,0,-5000,0,0,0,0,5000,-5000,-5000
061705,健策國票9A購06  ,0,0,0,0,0,0,0,0,0,-5000,0,0,0,4000,9000,-5000,-5000
064496,聯發科元大9C購10,0,0,0,0,0,0,0,0,0,-5000,0,0,0,0,5000,-5000,-5000
064247,廣達元富9C購01  ,0,0,0,0,0,0,0,0,0,-5000,0,0,0,20000,25000,-5000,-5000
064272,鴻海元大9C購09  ,0,0,0,0,0,0,0,0,0,-5000,0,0,0,0,5000,-5000,-5000
060602,京元電凱基9A購01,0,0,0,0,0,0,0,0,0,-5000,0,0,0,0,5000,-5000,-5000
062462,GIS群益9B購01   ,0,0,0,0,0,0,0,0,0,-5000,0,0,0,0,5000,-5000,-5000
061413,台勝科群益9A購01,0,0,0,0,0,0,0,0,0,-5000,0,0,0,0,5000,-5000,-5000
062877,可成兆豐9C購01  ,0,0,0,0,0,0,0,0,0,-5000,0,0,0,0,5000,-5000,-5000
064048,大立光統一9C購07,0,0,0,0,0,0,0,0,0,-5000,0,0,0,2000,7000,-5000,-5000
064064,義隆富邦03購01  ,0,0,0,0,0,0,0,0,0,-5000,0,0,0,0,5000,-5000,-5000
062665,智易群益9B購01  ,0,0,0,0,0,0,0,0,0,-5000,0,0,0,12000,17000,-5000,-5000
062652,上証2X永豐9B購01,0,0,0,0,0,0,0,0,0,-5000,0,0,0,0,5000,-5000,-5000
064572,同欣電群益9C購02,0,0,0,0,0,0,0,0,0,-5000,0,0,0,0,5000,-5000,-5000
064665,南亞科元大9C購06,0,0,0,0,0,0,0,0,0,-5000,0,0,0,0,5000,-5000,-5000
064687,國巨群益9C購10  ,0,0,0,0,0,0,0,0,0,-5000,0,0,0,15000,20000,-5000,-5000
064604,聯茂元富9C購01  ,0,0,0,0,0,0,0,0,0,-5000,0,0,0,0,5000,-5000,-5000
064716,國巨統一9C購14  ,0,0,0,0,0,0,0,0,0,-5000,0,0,0,0,5000,-5000,-5000
064929,台表科統一02購03,0,0,0,0,0,0,0,0,0,-5000,0,0,0,15000,20000,-5000,-5000
064899,大立光群益9C購06,0,0,0,0,0,0,0,0,0,-5000,0,0,0,5000,10000,-5000,-5000
065019,華邦電富邦9C購01,0,0,0,0,0,0,0,0,0,-5000,0,0,0,0,5000,-5000,-5000
065228,南亞科凱基01購03,0,0,0,0,0,0,0,0,0,-5000,0,0,0,0,5000,-5000,-5000
065196,技嘉元富06購01  ,0,0,0,0,0,0,0,0,0,-5000,0,0,0,0,5000,-5000,-5000
065644,義隆元大9C購08  ,0,0,0,0,0,0,0,0,0,-5000,0,0,0,0,5000,-5000,-5000
065745,裕隆元大9C購03  ,0,0,0,0,0,0,0,0,0,-5000,0,0,0,38000,43000,-5000,-5000
065553,聯詠凱基9C購03  ,0,0,0,0,0,0,0,0,0,-5000,0,0,0,0,5000,-5000,-5000
065429,微星凱基02購02  ,0,0,0,0,0,0,0,0,0,-5000,0,0,0,16000,21000,-5000,-5000
065234,旭富凱基01購01  ,0,0,0,0,0,0,0,0,0,-5000,0,0,0,3000,8000,-5000,-5000
065235,旭富凱基02購01  ,0,0,0,0,0,0,0,0,0,-5000,0,0,0,0,5000,-5000,-5000
065340,旺宏統一9C購04  ,0,0,0,0,0,0,0,0,0,-5000,0,0,0,0,5000,-5000,-5000
065374,義隆元大9C購07  ,0,0,0,0,0,0,0,0,0,-5000,0,0,0,0,5000,-5000,-5000
066555,聯詠元大01購01  ,0,0,0,0,0,0,0,0,0,-5000,0,0,0,0,5000,-5000,-5000
066442,華碩群益01購01  ,0,0,0,0,0,0,0,0,0,-5000,0,0,0,30000,35000,-5000,-5000
066361,微星中信05購01  ,0,0,0,0,0,0,0,0,0,-5000,0,0,0,20000,25000,-5000,-5000
06616P,國巨元大98售15  ,0,0,0,0,0,0,0,0,0,-5000,0,0,0,5000,10000,-5000,-5000
066173,泰碩凱基02購01  ,0,0,0,0,0,0,0,0,0,-5000,0,0,0,0,5000,-5000,-5000
066187,瑞祺凱基01購01  ,0,0,0,0,0,0,0,0,0,-5000,0,0,0,224000,229000,-5000,-5000
066217,美利達統一03購01,0,0,0,0,0,0,0,0,0,-5000,0,0,0,33000,38000,-5000,-5000
066655,上証2X凱基03購03,0,0,0,0,0,0,0,0,0,-5000,0,0,0,5000,10000,-5000,-5000
066929,國巨國票02購03  ,0,0,0,0,0,0,0,0,0,-5000,0,0,0,41000,46000,-5000,-5000
2891C,中信金丙特      ,0,0,0,0,0,0,0,6000,-6000,1000,1000,0,1000,0,0,0,-5000
3025,星通            ,4000,9000,-5000,0,0,0,0,0,0,0,0,0,0,0,0,0,-5000
2538,基泰            ,61000,66000,-5000,0,0,0,0,0,0,0,0,0,0,0,0,0,-5000
2429,銘旺科          ,0,5000,-5000,0,0,0,0,0,0,0,0,0,0,0,0,0,-5000
2491,吉祥全          ,24000,28000,-4000,0,0,0,0,0,0,-1000,0,1000,-1000,0,0,0,-5000
1817,凱撒衛          ,0,5000,-5000,0,0,0,0,0,0,0,0,0,0,0,0,0,-5000
2038,海光            ,35000,40000,-5000,0,0,0,0,0,0,0,0,0,0,0,0,0,-5000
1528,恩德            ,27000,32000,-5000,0,0,0,0,0,0,0,0,0,0,0,0,0,-5000
1435,中福            ,1000,6000,-5000,0,0,0,0,0,0,0,0,0,0,0,0,0,-5000
3419,譁裕            ,30000,36000,-6000,0,0,0,0,0,0,1000,1000,0,1000,0,0,0,-5000
4555,氣立            ,5000,10000,-5000,0,0,0,0,0,0,0,0,0,0,0,0,0,-5000
4438,廣越            ,0,5000,-5000,0,0,0,0,0,0,0,0,0,0,0,0,0,-5000
6581,鋼聯            ,4000,9000,-5000,0,0,0,0,0,0,0,0,0,0,0,0,0,-5000
8072,陞泰            ,13000,18000,-5000,0,0,0,0,0,0,0,0,0,0,0,0,0,-5000
8443,阿瘦            ,0,3000,-3000,0,0,0,0,0,0,-2000,0,2000,-2000,0,0,0,-5000
9902,台火            ,23000,29000,-6000,0,0,0,84,0,84,0,0,0,0,0,0,0,-5916
067703,臺股指國票01購11,0,0,0,0,0,0,0,0,0,-6000,0,0,0,0,6000,-6000,-6000
068145,台積電元大01購35,0,0,0,0,0,0,0,0,0,-6000,0,0,0,3000,9000,-6000,-6000
068022,聯發科台新01購01,0,0,0,0,0,0,0,0,0,-6000,0,0,0,21000,27000,-6000,-6000
08540P,嘉晶國票01售01  ,0,0,0,0,0,0,0,0,0,-6000,0,0,0,1000,7000,-6000,-6000
08128P,聯發科元大9B售22,0,0,0,0,0,0,0,0,0,-6000,0,0,0,0,6000,-6000,-6000
08288P,鴻海統一9C售17  ,0,0,0,0,0,0,0,0,0,-6000,0,0,0,0,6000,-6000,-6000
08298P,大立光國票9C售01,0,0,0,0,0,0,0,0,0,-6000,0,0,0,2000,8000,-6000,-6000
08588P,緯穎元富03售01  ,0,0,0,0,0,0,0,0,0,-6000,0,0,0,174000,180000,-6000,-6000
08599P,台表科元大9C售11,0,0,0,0,0,0,0,0,0,-6000,0,0,0,0,6000,-6000,-6000
08753P,群創群益01售01  ,0,0,0,0,0,0,0,0,0,-6000,0,0,0,4000,10000,-6000,-6000
08708P,華通台新01售01  ,0,0,0,0,0,0,0,0,0,-6000,0,0,0,3000,9000,-6000,-6000
08674P,嘉晶元富07售02  ,0,0,0,0,0,0,0,0,0,-6000,0,0,0,0,6000,-6000,-6000
00742,新光內需收益    ,0,0,0,0,0,0,0,0,0,-6000,250000,250000,0,456000,462000,-6000,-6000
00685L,群益臺灣加權正2 ,0,0,0,0,0,0,0,0,0,-6000,0,0,0,4000,10000,-6000,-6000
0055,元大MSCI金融    ,0,0,0,0,0,0,0,0,0,-6000,0,0,0,0,6000,-6000,-6000
03267P,台灣50元大02售06,0,0,0,0,0,0,0,0,0,-6000,0,0,0,0,6000,-6000,-6000
059189,國泰金富邦9B購01,0,0,0,0,0,0,0,0,0,-6000,0,0,0,14000,20000,-6000,-6000
055399,超眾統一99購01  ,0,0,0,0,0,0,0,0,0,-6000,0,0,0,4000,10000,-6000,-6000
058036,南電永豐98購01  ,0,0,0,0,0,0,0,0,0,-6000,0,0,0,0,6000,-6000,-6000
051695,元金2X中信98購01,0,0,0,0,0,0,0,0,0,-6000,0,0,0,0,6000,-6000,-6000
057102,亞光中信9A購01  ,0,0,0,0,0,0,0,0,0,-6000,0,0,0,0,6000,-6000,-6000
058813,旺宏統一9B購04  ,0,0,0,0,0,0,0,0,0,-6000,0,0,0,0,6000,-6000,-6000
057924,健策凱基98購02  ,0,0,0,0,0,0,0,0,0,-6000,0,0,0,0,6000,-6000,-6000
057908,國泰金亞東99購01,0,0,0,0,0,0,0,0,0,-6000,0,0,0,0,6000,-6000,-6000
058317,國巨永豐99購02  ,0,0,0,0,0,0,0,0,0,-6000,0,0,0,0,6000,-6000,-6000
059348,日月光凱基99購01,0,0,0,0,0,0,0,0,0,-6000,0,0,0,10000,16000,-6000,-6000
059539,緯穎凱基99購03  ,0,0,0,0,0,0,0,0,0,-6000,0,0,0,0,6000,-6000,-6000
059053,鴻海凱基99購07  ,0,0,0,0,0,0,0,0,0,-6000,0,0,0,0,6000,-6000,-6000
059145,創意國票99購02  ,0,0,0,0,0,0,0,0,0,-6000,0,0,0,0,6000,-6000,-6000
060280,元金2X元大9A購01,0,0,0,0,0,0,0,0,0,-6000,0,0,0,0,6000,-6000,-6000
060190,國泰金元富9A購01,0,0,0,0,0,0,0,0,0,-6000,0,0,0,0,6000,-6000,-6000
060342,台積電統一02購01,0,0,0,0,0,0,0,0,0,-6000,0,0,0,0,6000,-6000,-6000
062760,漢唐凱基9B購01  ,0,0,0,0,0,0,0,0,0,-6000,0,0,0,0,6000,-6000,-6000
063129,祥碩元大9C購03  ,0,0,0,0,0,0,0,0,0,-6000,0,0,0,0,6000,-6000,-6000
064055,台郡統一02購01  ,0,0,0,0,0,0,0,0,0,-6000,0,0,0,0,6000,-6000,-6000
063080,裕隆凱基9B購01  ,0,0,0,0,0,0,0,0,0,-6000,0,0,0,51000,57000,-6000,-6000
062894,道瓊銀元大9B購02,0,0,0,0,0,0,0,0,0,-6000,0,0,0,4000,10000,-6000,-6000
063551,美食國票9B購02  ,0,0,0,0,0,0,0,0,0,-6000,0,0,0,4000,10000,-6000,-6000
061506,瑞祺國票9A購02  ,0,0,0,0,0,0,0,0,0,-6000,0,0,0,14000,20000,-6000,-6000
060621,玉晶光元大9A購05,0,0,0,0,0,0,0,0,0,-6000,0,0,0,1000,7000,-6000,-6000
060817,華邦電台新9A購01,0,0,0,0,0,0,0,0,0,-6000,0,0,0,0,6000,-6000,-6000
064326,裕隆元大9C購01  ,0,0,0,0,0,0,0,0,0,-6000,0,0,0,34000,40000,-6000,-6000
064234,正崴統一01購01  ,0,0,0,0,0,0,0,0,0,-6000,0,0,0,278000,284000,-6000,-6000
062166,致新國泰01購01  ,0,0,0,0,0,0,0,0,0,-6000,0,0,0,0,6000,-6000,-6000
062044,健策凱基9B購02  ,0,0,0,0,0,0,0,0,0,-6000,0,0,0,4000,10000,-6000,-6000
063351,億豐統一9B購01  ,0,0,0,0,0,0,0,0,0,-6000,0,0,0,1000,7000,-6000,-6000
061541,旺宏群益9A購03  ,0,0,0,0,0,0,0,0,0,-6000,0,0,0,0,6000,-6000,-6000
067091,台虹元大01購02  ,0,0,0,0,0,0,0,0,0,-6000,0,0,0,14000,20000,-6000,-6000
066656,滬深2X凱基03購02,0,0,0,0,0,0,0,0,0,-6000,0,0,0,0,6000,-6000,-6000
066766,嘉澤永豐01購01  ,0,0,0,0,0,0,0,0,0,-6000,0,0,0,0,6000,-6000,-6000
066357,昇陽半永豐01購01,0,0,0,0,0,0,0,0,0,-6000,0,0,0,13000,19000,-6000,-6000
065520,台勝科群益9C購03,0,0,0,0,0,0,0,0,0,-6000,0,0,0,0,6000,-6000,-6000
065905,聯茂富邦02購01  ,0,0,0,0,0,0,0,0,0,-6000,0,0,0,20000,26000,-6000,-6000
065188,玉晶光統一02購01,0,0,0,0,0,0,0,0,0,-6000,0,0,0,17000,23000,-6000,-6000
065122,電子類富邦9C購01,0,0,0,0,0,0,0,0,0,-6000,0,0,0,0,6000,-6000,-6000
064757,義隆凱基01購02  ,0,0,0,0,0,0,0,0,0,-6000,0,0,0,34000,40000,-6000,-6000
064693,玉晶光群益01購06,0,0,0,0,0,0,0,0,0,-6000,0,0,0,2000,8000,-6000,-6000
064683,台表科兆豐9C購02,0,0,0,0,0,0,0,0,0,-6000,0,0,0,125000,131000,-6000,-6000
064600,技嘉元富9C購01  ,0,0,0,0,0,0,0,0,0,-6000,0,0,0,0,6000,-6000,-6000
8411,福貞-KY         ,1000,9000,-8000,0,0,0,0,0,0,2000,2000,0,2000,0,0,0,-6000
4190,佐登-KY         ,19000,25000,-6000,0,0,0,0,0,0,0,0,0,0,0,0,0,-6000
4737,華廣            ,11000,17000,-6000,0,0,0,0,0,0,0,0,0,0,0,0,0,-6000
3432,台端            ,12000,13000,-1000,0,0,0,0,0,0,-5000,0,5000,-5000,0,0,0,-6000
3050,鈺德            ,35000,40000,-5000,0,0,0,0,0,0,-1000,0,1000,-1000,0,0,0,-6000
6108,競國            ,16000,22000,-6000,0,0,0,0,0,0,0,0,0,0,0,0,0,-6000
4919,新唐            ,628000,789000,-161000,0,0,0,1000,0,1000,154000,3000,1000,2000,198000,46000,152000,-6000
6128,上福            ,0,9000,-9000,0,0,0,0,0,0,3000,3000,0,3000,0,0,0,-6000
1203,味王            ,0,6000,-6000,0,0,0,0,0,0,0,0,0,0,0,0,0,-6000
1568,倉佑            ,14000,20000,-6000,0,0,0,0,0,0,0,0,0,0,0,0,0,-6000
2012,春雨            ,1000,7000,-6000,0,0,0,0,0,0,0,0,0,0,0,0,0,-6000
2462,良得電          ,1000,5000,-4000,0,0,0,0,0,0,-2000,0,2000,-2000,0,0,0,-6000
2543,皇昌            ,1000,7000,-6000,0,0,0,0,0,0,0,0,0,0,0,0,0,-6000
2887E,台新戊特        ,0,0,0,0,0,0,0,6000,-6000,0,0,0,0,0,0,0,-6000
08630P,臺股指麥證9C售05,0,0,0,0,7000,-7000,0,0,0,-7000,0,0,0,0,7000,-7000,-7000
08560P,茂林國票01售01  ,0,0,0,0,0,0,0,0,0,-7000,0,0,0,2000,9000,-7000,-7000
068862,義隆元富04購01  ,0,0,0,0,0,0,0,0,0,-7000,0,0,0,0,7000,-7000,-7000
07050P,宏達電中信9B售01,0,0,0,0,0,0,0,0,0,-7000,0,0,0,0,7000,-7000,-7000
068698,聯鈞凱基02購01  ,0,0,0,0,0,0,0,0,0,-7000,0,0,0,82000,89000,-7000,-7000
07389P,臺股指群益9C售08,0,0,0,0,0,0,0,0,0,-7000,0,0,0,201000,208000,-7000,-7000
068359,GIS凱基01購05   ,0,0,0,0,0,0,0,0,0,-7000,0,0,0,12000,19000,-7000,-7000
067482,高鐵元大01購01  ,0,0,0,0,0,0,0,0,0,-7000,0,0,0,13000,20000,-7000,-7000
067349,中化群益02購01  ,0,0,0,0,0,0,0,0,0,-7000,0,0,0,64000,71000,-7000,-7000
059693,智原永豐99購01  ,0,0,0,0,0,0,0,0,0,-7000,0,0,0,0,7000,-7000,-7000
058377,茂林凱基9A購03  ,0,0,0,0,0,0,0,0,0,-7000,0,0,0,2000,9000,-7000,-7000
058516,健鼎元大99購02  ,0,0,0,0,0,0,0,0,0,-7000,0,0,0,0,7000,-7000,-7000
058636,亞光兆豐9A購01  ,0,0,0,0,0,0,0,0,0,-7000,0,0,0,0,7000,-7000,-7000
058642,旺宏麥證9A購01  ,0,0,0,0,7000,-7000,0,0,0,-7000,0,0,0,0,7000,-7000,-7000
063856,臺股指元大9C購09,0,0,0,0,0,0,0,0,0,-7000,0,0,0,0,7000,-7000,-7000
057057,立積元大9A購01  ,0,0,0,0,0,0,0,0,0,-7000,0,0,0,25000,32000,-7000,-7000
058899,旺宏元大99購10  ,0,0,0,0,0,0,0,0,0,-7000,0,0,0,15000,22000,-7000,-7000
03064X,元展59          ,0,0,0,0,0,0,0,0,0,-7000,0,0,0,0,7000,-7000,-7000
00706L,元大S&P日圓正2  ,0,0,0,0,0,0,0,0,0,-7000,0,0,0,1000,8000,-7000,-7000
03092P,臺股指元大01售21,0,0,0,0,0,0,0,0,0,-7000,0,0,0,0,7000,-7000,-7000
061815,奇力新群益9B購02,0,0,0,0,0,0,0,0,0,-7000,0,0,0,0,7000,-7000,-7000
061646,力成元大9A購02  ,0,0,0,0,0,0,0,0,0,-7000,0,0,0,3000,10000,-7000,-7000
064335,可成元大9C購05  ,0,0,0,0,0,0,0,0,0,-7000,0,0,0,0,7000,-7000,-7000
060611,同欣電凱基9A購02,0,0,0,0,0,0,0,0,0,-7000,0,0,0,3000,10000,-7000,-7000
062460,京鼎群益9C購01  ,0,0,0,0,0,0,0,0,0,-7000,0,0,0,0,7000,-7000,-7000
061379,鈺齊永豐9A購02  ,0,0,0,0,0,0,0,0,0,-7000,0,0,0,5000,12000,-7000,-7000
063326,正隆國票9B購01  ,0,0,0,0,0,0,0,0,0,-7000,0,0,0,0,7000,-7000,-7000
062926,嘉澤國票9B購01  ,0,0,0,0,0,0,0,0,0,-7000,0,0,0,0,7000,-7000,-7000
063187,全新凱基9B購02  ,0,0,0,0,0,0,0,0,0,-7000,0,0,0,0,7000,-7000,-7000
064540,神達麥證01購01  ,0,0,0,0,7000,-7000,0,0,0,-7000,0,0,0,0,7000,-7000,-7000
064697,健策群益01購02  ,0,0,0,0,0,0,0,0,0,-7000,0,0,0,16000,23000,-7000,-7000
065871,南亞科群益9C購03,0,0,0,0,0,0,0,0,0,-7000,0,0,0,2000,9000,-7000,-7000
065746,光寶科元大9C購01,0,0,0,0,0,0,0,0,0,-7000,0,0,0,71000,78000,-7000,-7000
065645,嘉晶元大01購02  ,0,0,0,0,0,0,0,0,0,-7000,0,0,0,87000,94000,-7000,-7000
065597,旺宏元大01購03  ,0,0,0,0,0,0,0,0,0,-7000,0,0,0,6000,13000,-7000,-7000
065438,緯穎凱基9C購04  ,0,0,0,0,0,0,0,0,0,-7000,0,0,0,0,7000,-7000,-7000
065325,亞光凱基9C購01  ,0,0,0,0,0,0,0,0,0,-7000,0,0,0,0,7000,-7000,-7000
066459,智原統一01購01  ,0,0,0,0,0,0,0,0,0,-7000,0,0,0,61000,68000,-7000,-7000
066602,滬深2X富邦03購01,0,0,0,0,0,0,0,0,0,-7000,0,0,0,4000,11000,-7000,-7000
067048,聯詠凱基02購02  ,0,0,0,0,0,0,0,0,0,-7000,0,0,0,16000,23000,-7000,-7000
2611,志信            ,2000,9000,-7000,0,0,0,0,0,0,0,0,0,0,0,0,0,-7000
2477,美隆電          ,13000,20000,-7000,0,0,0,0,0,0,0,0,0,0,0,0,0,-7000
2509,全坤建          ,0,7000,-7000,0,0,0,0,0,0,0,0,0,0,0,0,0,-7000
2438,翔耀            ,0,7000,-7000,0,0,0,0,0,0,0,0,0,0,0,0,0,-7000
2459,敦吉            ,12000,19000,-7000,0,0,0,0,0,0,0,0,0,0,0,0,0,-7000
2030,彰源            ,18000,25000,-7000,0,0,0,0,0,0,0,0,0,0,0,0,0,-7000
2114,鑫永銓          ,7000,14000,-7000,0,0,0,0,0,0,0,0,0,0,0,0,0,-7000
1713,國化            ,0,7000,-7000,0,0,0,0,0,0,0,0,0,0,0,0,0,-7000
1436,華友聯          ,0,7000,-7000,0,0,0,0,0,0,0,0,0,0,0,0,0,-7000
1445,大宇            ,13000,21000,-8000,0,0,0,0,0,0,1000,1000,0,1000,0,0,0,-7000
1463,強盛            ,0,8000,-8000,0,0,0,0,0,0,1000,1000,0,1000,0,0,0,-7000
5007,三星            ,5000,12000,-7000,0,0,0,0,0,0,0,0,0,0,0,0,0,-7000
3058,立德            ,16000,22000,-6000,0,0,0,0,0,0,-1000,0,1000,-1000,0,0,0,-7000
3164,景岳            ,12000,19000,-7000,0,0,0,0,0,0,0,0,0,0,0,0,0,-7000
4560,強信-KY         ,106000,114000,-8000,0,0,0,0,0,0,1000,1000,0,1000,0,0,0,-7000
3591,艾笛森          ,3000,8000,-5000,0,0,0,0,0,0,-2000,0,2000,-2000,0,0,0,-7000
067555,旺宏國票02購01  ,0,0,0,0,0,0,0,0,0,-8000,0,0,0,2000,10000,-8000,-8000
067512,台郡統一02購03  ,0,0,0,0,0,0,0,0,0,-8000,0,0,0,2000,10000,-8000,-8000
067797,臺股指群益01購09,0,0,0,0,0,0,0,0,0,-8000,0,0,0,19000,27000,-8000,-8000
067998,聯發科元大01購22,0,0,0,0,0,0,0,0,0,-8000,0,0,0,3000,11000,-8000,-8000
07507P,國巨國票9B售02  ,0,0,0,0,0,0,0,0,0,-8000,0,0,0,0,8000,-8000,-8000
07692P,玉晶光元大9A售11,0,0,0,0,0,0,0,0,0,-8000,0,0,0,32000,40000,-8000,-8000
07996P,亞德客凱基9B售03,0,0,0,0,0,0,0,0,0,-8000,0,0,0,10000,18000,-8000,-8000
068612,崇越凱基01購01  ,0,0,0,0,0,0,0,0,0,-8000,0,0,0,24000,32000,-8000,-8000
068548,台積電群益01購22,0,0,0,0,0,0,0,0,0,-8000,0,0,0,42000,50000,-8000,-8000
08511P,電子類富邦9C售02,0,0,0,0,0,0,0,0,0,-8000,0,0,0,0,8000,-8000,-8000
08233P,國泰金元富9B售01,0,0,0,0,0,0,0,0,0,-8000,0,0,0,98000,106000,-8000,-8000
08098P,大立光凱基9B售09,0,0,0,0,0,0,0,0,0,-8000,0,0,0,0,8000,-8000,-8000
057328,京鼎群益99購02  ,0,0,0,0,0,0,0,0,0,-8000,0,0,0,0,8000,-8000,-8000
057306,玉晶光兆豐99購01,0,0,0,0,0,0,0,0,0,-8000,0,0,0,2000,10000,-8000,-8000
060107,旭富元大99購03  ,0,0,0,0,0,0,0,0,0,-8000,0,0,0,0,8000,-8000,-8000
054811,裕隆元大9A購01  ,0,0,0,0,0,0,0,0,0,-8000,0,0,0,0,8000,-8000,-8000
063815,玉晶光群益02購01,0,0,0,0,0,0,0,0,0,-8000,0,0,0,8000,16000,-8000,-8000
060868,致伸永豐9A購01  ,0,0,0,0,0,0,0,0,0,-8000,0,0,0,0,8000,-8000,-8000
058488,華擎國票9A購01  ,0,0,0,0,0,0,0,0,0,-8000,0,0,0,0,8000,-8000,-8000
058371,智原凱基9A購01  ,0,0,0,0,0,0,0,0,0,-8000,0,0,0,0,8000,-8000,-8000
057901,大立光永豐98購04,0,0,0,0,0,0,0,0,0,-8000,0,0,0,0,8000,-8000,-8000
058295,欣興凱基99購02  ,0,0,0,0,0,0,0,0,0,-8000,0,0,0,0,8000,-8000,-8000
059687,卜蜂永豐99購01  ,0,0,0,0,0,0,0,0,0,-8000,0,0,0,2000,10000,-8000,-8000
059424,SGBR2X元大9A購01,0,0,0,0,0,0,0,0,0,-8000,0,0,0,6000,14000,-8000,-8000
057785,智邦國票99購02  ,0,0,0,0,0,0,0,0,0,-8000,0,0,0,7000,15000,-8000,-8000
063229,台表科群益9B購04,0,0,0,0,0,0,0,0,0,-8000,0,0,0,147000,155000,-8000,-8000
063034,致茂凱基9B購01  ,0,0,0,0,0,0,0,0,0,-8000,0,0,0,35000,43000,-8000,-8000
062883,智易兆豐9C購01  ,0,0,0,0,0,0,0,0,0,-8000,0,0,0,114000,122000,-8000,-8000
064210,台光電凱基03購01,0,0,0,0,0,0,0,0,0,-8000,0,0,0,43000,51000,-8000,-8000
060572,景碩永豐9A購01  ,0,0,0,0,0,0,0,0,0,-8000,0,0,0,0,8000,-8000,-8000
06178P,大立光第一99售01,0,0,0,0,0,0,0,0,0,-8000,0,0,0,0,8000,-8000,-8000
061945,華通群益9B購04  ,0,0,0,0,0,0,0,0,0,-8000,0,0,0,2000,10000,-8000,-8000
061048,國巨中信9A購05  ,0,0,0,0,0,0,0,0,0,-8000,0,0,0,0,8000,-8000,-8000
066698,川湖群益01購01  ,0,0,0,0,0,0,0,0,0,-8000,0,0,0,0,8000,-8000,-8000
065673,嘉晶凱基01購02  ,0,0,0,0,0,0,0,0,0,-8000,0,0,0,129000,137000,-8000,-8000
064856,GIS國泰02購01   ,0,0,0,0,0,0,0,0,0,-8000,0,0,0,0,8000,-8000,-8000
064611,亞德客元大9C購02,0,0,0,0,0,0,0,0,0,-8000,0,0,0,1000,9000,-8000,-8000
065211,世芯國票01購03  ,0,0,0,0,0,0,0,0,0,-8000,0,0,0,14000,22000,-8000,-8000
064989,鈺齊元大01購01  ,0,0,0,0,0,0,0,0,0,-8000,0,0,0,0,8000,-8000,-8000
3550,聯穎            ,9000,15000,-6000,0,0,0,0,0,0,-2000,0,2000,-2000,0,0,0,-8000
5907,大洋-KY         ,16000,24000,-8000,0,0,0,0,0,0,0,0,0,0,0,0,0,-8000
6205,詮欣            ,31000,39000,-8000,0,0,0,0,0,0,0,0,0,0,0,0,0,-8000
9937,全國            ,0,8000,-8000,0,0,0,0,0,0,0,0,0,0,0,0,0,-8000
9942,茂順            ,11000,19000,-8000,0,0,0,0,0,0,0,0,0,0,0,0,0,-8000
1419,新紡            ,2000,10000,-8000,0,0,0,0,0,0,0,0,0,0,0,0,0,-8000
1232,大統益          ,0,8000,-8000,0,0,0,0,0,0,0,0,0,0,0,0,0,-8000
1603,華電            ,12000,20000,-8000,0,0,0,0,0,0,0,0,0,0,0,0,0,-8000
2029,盛餘            ,0,14000,-14000,0,0,0,0,0,0,6000,6000,0,6000,0,0,0,-8000
2516,新建            ,36000,44000,-8000,0,0,0,0,0,0,0,0,0,0,0,0,0,-8000
08181P,華新科國泰9C售02,0,0,0,0,0,0,0,0,0,-9000,0,0,0,2000,11000,-9000,-9000
08440P,玉晶光國票01售05,0,0,0,0,0,0,0,0,0,-9000,0,0,0,75000,84000,-9000,-9000
08393P,鴻海群益9C售05  ,1000,0,1000,0,0,0,0,0,0,-10000,0,0,0,0,10000,-10000,-9000
07009P,臺股指中信9B售01,0,0,0,0,0,0,0,0,0,-9000,0,0,0,20000,29000,-9000,-9000
08057P,京鼎群益9B售01  ,0,0,0,0,0,0,0,0,0,-9000,0,0,0,56000,65000,-9000,-9000
067921,旭富永豐01購02  ,0,0,0,0,0,0,0,0,0,-9000,0,0,0,45000,54000,-9000,-9000
067957,玉晶光永豐01購09,0,0,0,0,0,0,0,0,0,-9000,0,0,0,1000,10000,-9000,-9000
067874,台郡元大01購05  ,0,0,0,0,0,0,0,0,0,-9000,0,0,0,45000,54000,-9000,-9000
060382,儒鴻凱基9A購01  ,0,0,0,0,0,0,0,0,0,-9000,0,0,0,1000,10000,-9000,-9000
059140,大立光兆豐9A購02,0,0,0,0,0,0,0,0,0,-9000,0,0,0,11000,20000,-9000,-9000
059682,可成富邦9A購01  ,0,0,0,0,0,0,0,0,0,-9000,0,0,0,0,9000,-9000,-9000
057944,新日興國票99購02,0,0,0,0,0,0,0,0,0,-9000,0,0,0,5000,14000,-9000,-9000
058390,樺漢國票9A購01  ,0,0,0,0,0,0,0,0,0,-9000,0,0,0,1000,10000,-9000,-9000
058525,台虹元大99購02  ,0,0,0,0,0,0,0,0,0,-9000,0,0,0,6000,15000,-9000,-9000
058631,鈺齊國票9A購01  ,0,0,0,0,0,0,0,0,0,-9000,0,0,0,0,9000,-9000,-9000
056500,大立光富邦9B購02,0,0,0,0,0,0,0,0,0,-9000,0,0,0,0,9000,-9000,-9000
055150,台積電元大98購04,0,0,0,0,0,0,0,0,0,-9000,0,0,0,1000,10000,-9000,-9000
03185P,台積電元大01售49,0,0,0,0,0,0,0,0,0,-9000,0,0,0,41000,50000,-9000,-9000
00647L,元大S&P500正2   ,0,0,0,0,0,0,0,0,0,-9000,0,0,0,81000,90000,-9000,-9000
00684R,元大美元指數反1 ,0,0,0,0,0,0,0,0,0,-9000,0,0,0,7000,16000,-9000,-9000
061032,金像電永豐9A購03,0,0,0,0,0,0,0,0,0,-9000,0,0,0,12000,21000,-9000,-9000
061737,南亞科凱基9B購01,0,0,0,0,0,0,0,0,0,-9000,0,0,0,1000,10000,-9000,-9000
060449,元金2X元大9A購02,0,0,0,0,0,0,0,0,0,-9000,0,0,0,0,9000,-9000,-9000
060835,亞德客國票9A購01,0,0,0,0,0,0,0,0,0,-9000,0,0,0,2000,11000,-9000,-9000
064330,燿華元大9C購02  ,0,0,0,0,0,0,0,0,0,-9000,0,0,0,112000,121000,-9000,-9000
064165,同欣電統一01購01,0,0,0,0,0,0,0,0,0,-9000,0,0,0,76000,85000,-9000,-9000
063422,奇鋐凱基9B購04  ,0,0,0,0,0,0,0,0,0,-9000,0,0,0,35000,44000,-9000,-9000
063521,國巨凱基03購01  ,0,0,0,0,0,0,0,0,0,-9000,0,0,0,14000,23000,-9000,-9000
063643,臻鼎元大9B購03  ,0,0,0,0,0,0,0,0,0,-9000,0,0,0,50000,59000,-9000,-9000
062975,京鼎元富9B購01  ,0,0,0,0,0,0,0,0,0,-9000,0,0,0,0,9000,-9000,-9000
063173,矽格中信9B購01  ,0,0,0,0,0,0,0,0,0,-9000,0,0,0,11000,20000,-9000,-9000
062619,台表科元大9B購03,0,0,0,0,0,0,0,0,0,-9000,0,0,0,15000,24000,-9000,-9000
064922,玉晶光統一01購10,0,0,0,0,0,0,0,0,0,-9000,0,0,0,14000,23000,-9000,-9000
064555,力山群益01購01  ,0,0,0,0,0,0,0,0,0,-9000,0,0,0,200000,209000,-9000,-9000
065664,矽格永豐9C購01  ,0,0,0,0,0,0,0,0,0,-9000,0,0,0,3000,12000,-9000,-9000
065717,創意中信9C購02  ,0,0,0,0,0,0,0,0,0,-9000,0,0,0,194000,203000,-9000,-9000
065331,亞德客國票01購01,0,0,0,0,0,0,0,0,0,-9000,0,0,0,28000,37000,-9000,-9000
066853,樺漢元大01購01  ,0,0,0,0,0,0,0,0,0,-9000,0,0,0,11000,20000,-9000,-9000
067152,義隆統一02購03  ,0,0,0,0,0,0,0,0,0,-9000,0,0,0,91000,100000,-9000,-9000
066220,矽格台新01購01  ,0,0,0,0,0,0,0,0,0,-9000,0,0,0,2000,11000,-9000,-9000
2450,神腦            ,12000,21000,-9000,0,0,0,0,0,0,0,0,0,0,0,0,0,-9000
08976P,臺股指群益01售10,0,0,0,0,0,0,0,0,0,-9000,0,0,0,166000,175000,-9000,-9000
08978P,臺股指群益01售12,0,0,0,0,0,0,0,0,0,-9000,0,0,0,0,9000,-9000,-9000
08979P,電子類群益01售01,0,0,0,0,0,0,0,0,0,-9000,0,0,0,0,9000,-9000,-9000
1465,偉全            ,0,9000,-9000,0,0,0,0,0,0,0,0,0,0,0,0,0,-9000
8367,建新國際        ,3000,12000,-9000,0,0,0,0,0,0,0,0,0,0,0,0,0,-9000
8480,泰昇-KY         ,15000,24000,-9000,0,0,0,0,0,0,0,0,0,0,0,0,0,-9000
6136,富爾特          ,14000,23000,-9000,0,0,0,0,0,0,0,0,0,0,0,0,0,-9000
4763,材料-KY         ,42000,61000,-19000,0,0,0,0,0,0,10000,10000,0,10000,0,0,0,-9000
4545,銘鈺            ,15000,24000,-9000,0,0,0,0,0,0,0,0,0,0,0,0,0,-9000
067448,華碩國票01購01  ,0,0,0,0,0,0,0,0,0,-10000,0,0,0,0,10000,-10000,-10000
067352,美律群益01購01  ,0,0,0,0,0,0,0,0,0,-10000,0,0,0,0,10000,-10000,-10000
067256,新唐國票02購01  ,0,0,0,0,0,0,0,0,0,-10000,0,0,0,65000,75000,-10000,-10000
067915,宏碁永豐01購01  ,0,0,0,0,0,0,0,0,0,-10000,0,0,0,30000,40000,-10000,-10000
068042,GIS元富07購01   ,0,0,0,0,0,0,0,0,0,-10000,0,0,0,0,10000,-10000,-10000
068029,台積電元富07購09,0,0,0,0,0,0,0,0,0,-10000,0,0,0,0,10000,-10000,-10000
068136,香港2X元大01購01,0,0,0,0,0,0,0,0,0,-10000,0,0,0,0,10000,-10000,-10000
068213,台塑化凱基01購01,0,0,0,0,0,0,0,0,0,-10000,0,0,0,0,10000,-10000,-10000
068465,致茂永豐01購03  ,0,0,0,0,0,0,0,0,0,-10000,0,0,0,222000,232000,-10000,-10000
068443,致伸凱基01購01  ,0,0,0,0,0,0,0,0,0,-10000,0,0,0,0,10000,-10000,-10000
068410,緯穎元富07購02  ,0,0,0,0,0,0,0,0,0,-10000,0,0,0,0,10000,-10000,-10000
068381,玉晶光永豐03購01,0,0,0,0,0,0,0,0,0,-10000,0,0,0,2000,12000,-10000,-10000
07964P,大立光統一9B售12,0,0,0,0,0,0,0,0,0,-10000,0,0,0,0,10000,-10000,-10000
07868P,健策元大9B售05  ,0,0,0,0,0,0,0,0,0,-10000,0,0,0,0,10000,-10000,-10000
07785P,鴻海中信04售03  ,0,0,0,0,0,0,0,0,0,-10000,0,0,0,0,10000,-10000,-10000
07799P,南電國票9A售04  ,0,0,0,0,0,0,0,0,0,-10000,0,0,0,0,10000,-10000,-10000
07737P,華通永豐9A售01  ,0,0,0,0,0,0,0,0,0,-10000,0,0,0,0,10000,-10000,-10000
07747P,晶技凱基9A售04  ,0,0,0,0,0,0,0,0,0,-10000,0,0,0,0,10000,-10000,-10000
07474P,滬深2X群益9C售03,0,0,0,0,0,0,0,0,0,-10000,0,0,0,0,10000,-10000,-10000
07527P,台灣50凱基9B售02,0,0,0,0,0,0,0,0,0,-10000,0,0,0,0,10000,-10000,-10000
07644P,南電凱基9A售03  ,0,0,0,0,0,0,0,0,0,-10000,0,0,0,0,10000,-10000,-10000
07618P,大立光中信9A售06,0,0,0,0,0,0,0,0,0,-10000,0,0,0,0,10000,-10000,-10000
07408P,台積電兆豐99售06,0,0,0,0,0,0,0,0,0,-10000,0,0,0,0,10000,-10000,-10000
07305P,T50正2群益99售02,0,0,0,0,0,0,0,0,0,-10000,0,0,0,0,10000,-10000,-10000
07349P,大立光凱基99售16,0,0,0,0,0,0,0,0,0,-10000,0,0,0,0,10000,-10000,-10000
07051P,大立光中信99售02,0,0,0,0,0,0,0,0,0,-10000,0,0,0,0,10000,-10000,-10000
068837,欣興永豐02購02  ,0,0,0,0,0,0,0,0,0,-10000,0,0,0,0,10000,-10000,-10000
068827,鎧勝元大02購01  ,0,0,0,0,0,0,0,0,0,-10000,0,0,0,0,10000,-10000,-10000
068726,全新元大02購01  ,0,0,0,0,0,0,0,0,0,-10000,0,0,0,100000,110000,-10000,-10000
068805,欣興群益03購01  ,0,0,0,0,0,0,0,0,0,-10000,0,0,0,0,10000,-10000,-10000
08355P,智邦元大9C售03  ,0,0,0,0,0,0,0,0,0,-10000,0,0,0,0,10000,-10000,-10000
08357P,聯發科元大9C售09,0,0,0,0,0,0,0,0,0,-10000,0,0,0,0,10000,-10000,-10000
08412P,群創凱基01售03  ,0,0,0,0,0,0,0,0,0,-10000,0,0,0,0,10000,-10000,-10000
08409P,臺股指元大9C售15,0,0,0,0,0,0,0,0,0,-10000,0,0,0,0,10000,-10000,-10000
08451P,南六統一9C售06  ,0,20000,-20000,0,0,0,0,0,0,10000,0,0,0,35000,25000,10000,-10000
08161P,台表科元富9B售02,0,0,0,0,0,0,0,0,0,-10000,0,0,0,118000,128000,-10000,-10000
08192P,大毅國票9B售05  ,0,0,0,0,0,0,0,0,0,-10000,0,0,0,0,10000,-10000,-10000
08132P,南六元大9B售05  ,0,0,0,0,0,0,0,0,0,-10000,0,0,0,0,10000,-10000,-10000
08248P,旺宏群益9C售02  ,0,0,0,0,0,0,0,0,0,-10000,0,0,0,0,10000,-10000,-10000
08321P,世芯永豐9C售01  ,0,0,0,0,0,0,0,0,0,-10000,0,0,0,0,10000,-10000,-10000
08595P,南電群益9C售03  ,0,0,0,0,0,0,0,0,0,-10000,0,0,0,0,10000,-10000,-10000
08788P,A50正2元富01售03,0,0,0,0,0,0,0,0,0,-10000,0,0,0,0,10000,-10000,-10000
03047X,元展44          ,0,0,0,0,0,0,0,0,0,-10000,0,0,0,0,10000,-10000,-10000
056836,國巨元富98購01  ,0,0,0,0,0,0,0,0,0,-10000,0,0,0,0,10000,-10000,-10000
056747,致新凱基99購01  ,0,0,0,0,0,0,0,0,0,-10000,0,0,0,0,10000,-10000,-10000
056745,聯茂凱基99購03  ,0,0,0,0,0,0,0,0,0,-10000,0,0,0,0,10000,-10000,-10000
055570,華通統一98購03  ,0,0,0,0,0,0,0,0,0,-10000,0,0,0,0,10000,-10000,-10000
058049,帆宣元大98購01  ,0,0,0,0,0,0,0,0,0,-10000,0,0,0,0,10000,-10000,-10000
058074,欣興凱基99購01  ,0,0,0,0,0,0,0,0,0,-10000,0,0,0,0,10000,-10000,-10000
058061,貿聯元富9B購01  ,0,0,0,0,0,0,0,0,0,-10000,0,0,0,0,10000,-10000,-10000
060061,旺宏兆豐99購02  ,0,0,0,0,0,0,0,0,0,-10000,0,0,0,0,10000,-10000,-10000
059188,京元電富邦9B購01,0,0,0,0,0,0,0,0,0,-10000,0,0,0,0,10000,-10000,-10000
059253,康控凱基9B購02  ,0,0,0,0,0,0,0,0,0,-10000,0,0,0,30000,40000,-10000,-10000
059249,大立光凱基99購05,0,0,0,0,0,0,0,0,0,-10000,0,0,0,0,10000,-10000,-10000
058905,京鼎元大99購01  ,0,0,0,0,0,0,0,0,0,-10000,0,0,0,0,10000,-10000,-10000
058980,鴻海凱基99購06  ,0,0,0,0,0,0,0,0,0,-10000,0,0,0,0,10000,-10000,-10000
052775,滬深2X國票99購02,0,0,0,0,0,0,0,0,0,-10000,0,0,0,60000,70000,-10000,-10000
054793,牧德群益9A購01  ,0,0,0,0,0,0,0,0,0,-10000,0,0,0,0,10000,-10000,-10000
054638,國泰金中信99購01,0,0,0,0,0,0,0,0,0,-10000,0,0,0,0,10000,-10000,-10000
054419,嘉聯益元大98購02,0,0,0,0,0,0,0,0,0,-10000,0,0,0,0,10000,-10000,-10000
053846,友達元富99購02  ,0,0,0,0,0,0,0,0,0,-10000,0,0,0,0,10000,-10000,-10000
054161,友訊凱基98購01  ,0,0,0,0,0,0,0,0,0,-10000,0,0,0,0,10000,-10000,-10000
057021,台積電凱基9A購02,0,0,0,0,0,0,0,0,0,-10000,0,0,0,0,10000,-10000,-10000
058639,南電兆豐99購01  ,0,0,0,0,0,0,0,0,0,-10000,0,0,0,0,10000,-10000,-10000
058749,康控凱基99購03  ,0,0,0,0,0,0,0,0,0,-10000,0,0,0,0,10000,-10000,-10000
058745,元金2X凱基9C購02,0,0,0,0,0,0,0,0,0,-10000,0,0,0,0,10000,-10000,-10000
058675,康控群益9B購01  ,0,0,0,0,0,0,0,0,0,-10000,0,0,0,0,10000,-10000,-10000
058684,健策凱基99購02  ,0,0,0,0,0,0,0,0,0,-10000,0,0,0,0,10000,-10000,-10000
058687,聯茂凱基9A購01  ,0,0,0,0,0,0,0,0,0,-10000,0,0,0,0,10000,-10000,-10000
058694,鈺齊國票9A購02  ,0,0,0,0,0,0,0,0,0,-10000,0,0,0,0,10000,-10000,-10000
058376,貿聯凱基9A購01  ,0,0,0,0,0,0,0,0,0,-10000,0,0,0,0,10000,-10000,-10000
058372,欣興凱基99購03  ,0,0,0,0,0,0,0,0,0,-10000,0,0,0,0,10000,-10000,-10000
058336,鴻海元富99購07  ,0,0,0,0,0,0,0,0,0,-10000,0,0,0,0,10000,-10000,-10000
058481,玉晶光凱基9A購04,0,0,0,0,0,0,0,0,0,-10000,0,0,0,0,10000,-10000,-10000
058399,美律元大99購05  ,0,0,0,0,0,0,0,0,0,-10000,0,0,0,0,10000,-10000,-10000
05830P,滬深2X元富99售03,0,0,0,0,0,0,0,0,0,-10000,0,0,0,60000,70000,-10000,-10000
058275,S&P500中信9B購01,0,0,0,0,0,0,0,0,0,-10000,0,0,0,0,10000,-10000,-10000
057926,帆宣凱基98購02  ,0,0,0,0,0,0,0,0,0,-10000,0,0,0,0,10000,-10000,-10000
060877,華邦電中信02購01,0,0,0,0,0,0,0,0,0,-10000,0,0,0,10000,20000,-10000,-10000
060909,金像電元大9B購01,0,0,0,0,0,0,0,0,0,-10000,0,0,0,0,10000,-10000,-10000
060903,臺指反元大9A購01,0,0,0,0,0,0,0,0,0,-10000,0,0,0,0,10000,-10000,-10000
060897,健策凱基9A購04  ,0,0,0,0,0,0,0,0,0,-10000,0,0,0,2000,12000,-10000,-10000
058886,元石油元大9C購03,0,0,0,0,0,0,0,0,0,-10000,0,0,0,0,10000,-10000,-10000
060933,南電永豐9A購02  ,0,0,0,0,0,0,0,0,0,-10000,0,0,0,0,10000,-10000,-10000
061563,群創國票9B購02  ,0,0,0,0,0,0,0,0,0,-10000,0,0,0,27000,37000,-10000,-10000
063899,同欣電群益9C購01,0,0,0,0,0,0,0,0,0,-10000,0,0,0,0,10000,-10000,-10000
059738,上証2X元富99購01,0,0,0,0,0,0,0,0,0,-10000,0,0,0,0,10000,-10000,-10000
059786,全新元大99購06  ,0,0,0,0,0,0,0,0,0,-10000,0,0,0,0,10000,-10000,-10000
059597,大立光元大99購21,0,0,0,0,0,0,0,0,0,-10000,0,0,0,0,10000,-10000,-10000
059600,緯穎元大99購07  ,0,0,0,0,0,0,0,0,0,-10000,0,0,0,0,10000,-10000,-10000
059573,健策凱基9A購02  ,0,0,0,0,0,0,0,0,0,-10000,0,0,0,2000,12000,-10000,-10000
059387,華通凱基9A購03  ,0,0,0,0,0,0,0,0,0,-10000,0,0,0,0,10000,-10000,-10000
059346,新日興凱基99購03,0,0,0,0,0,0,0,0,0,-10000,0,0,0,0,10000,-10000,-10000
059935,國巨永豐99購07  ,0,0,0,0,0,0,0,0,0,-10000,0,0,0,2000,12000,-10000,-10000
059871,義隆凱基99購03  ,0,0,0,0,0,0,0,0,0,-10000,0,0,0,0,10000,-10000,-10000
058237,嘉晶元大99購04  ,0,0,0,0,0,0,0,0,0,-10000,0,0,0,11000,21000,-10000,-10000
058239,景碩元大99購03  ,0,0,0,0,0,0,0,0,0,-10000,0,0,0,0,10000,-10000,-10000
058246,帆宣元大99購01  ,0,0,0,0,0,0,0,0,0,-10000,0,0,0,0,10000,-10000,-10000
059817,華通凱基99購05  ,0,0,0,0,0,0,0,0,0,-10000,0,0,0,0,10000,-10000,-10000
059838,茂林國泰9B購01  ,0,0,0,0,0,0,0,0,0,-10000,0,0,0,17000,27000,-10000,-10000
059867,華邦電凱基99購02,0,0,0,0,0,0,0,0,0,-10000,0,0,0,0,10000,-10000,-10000
059863,和大凱基99購01  ,0,0,0,0,0,0,0,0,0,-10000,0,0,0,0,10000,-10000,-10000
059869,友達凱基99購07  ,0,0,0,0,0,0,0,0,0,-10000,0,0,0,0,10000,-10000,-10000
058216,TPK群益99購01   ,0,0,0,0,0,0,0,0,0,-10000,0,0,0,22000,32000,-10000,-10000
058197,國巨中信99購02  ,0,0,0,0,0,0,0,0,0,-10000,0,0,0,0,10000,-10000,-10000
059095,訊芯元大99購01  ,0,0,0,0,0,0,0,0,0,-10000,0,0,0,0,10000,-10000,-10000
059063,康控凱基99購04  ,0,0,0,0,0,0,0,0,0,-10000,0,0,0,0,10000,-10000,-10000
060283,台肥元大9C購01  ,0,0,0,0,0,0,0,0,0,-10000,0,0,0,0,10000,-10000,-10000
059166,友達凱基99購05  ,0,0,0,0,0,0,0,0,0,-10000,0,0,0,0,10000,-10000,-10000
060385,台勝科凱基9A購01,0,0,0,0,0,0,0,0,0,-10000,0,0,0,0,10000,-10000,-10000
060134,鈺齊群益9A購01  ,0,0,0,0,0,0,0,0,0,-10000,0,0,0,0,10000,-10000,-10000
057726,華通國泰9A購01  ,0,0,0,0,0,0,0,0,0,-10000,0,0,0,0,10000,-10000,-10000
057765,康舒凱基98購01  ,0,0,0,0,0,0,0,0,0,-10000,0,0,0,0,10000,-10000,-10000
057665,技嘉元大99購01  ,0,0,0,0,0,0,0,0,0,-10000,0,0,0,0,10000,-10000,-10000
057595,健鼎兆豐98購01  ,0,0,0,0,0,0,0,0,0,-10000,0,0,0,10000,20000,-10000,-10000
057529,嘉晶元大99購02  ,0,0,0,0,0,0,0,0,0,-10000,0,0,0,13000,23000,-10000,-10000
062746,致伸永豐9B購01  ,0,0,0,0,0,0,0,0,0,-10000,0,0,0,0,10000,-10000,-10000
062741,立積國票9B購02  ,0,0,0,0,0,0,0,0,0,-10000,0,0,0,62000,72000,-10000,-10000
062368,聯詠元大9B購01  ,0,0,0,0,0,0,0,0,0,-10000,0,0,0,80000,90000,-10000,-10000
063118,中鋼元大9C購01  ,0,0,0,0,0,0,0,0,0,-10000,0,0,0,0,10000,-10000,-10000
062923,緯穎元大9B購06  ,0,0,0,0,0,0,0,0,0,-10000,0,0,0,0,10000,-10000,-10000
063800,玉晶光凱基9C購02,0,0,0,0,0,0,0,0,0,-10000,0,0,0,2000,12000,-10000,-10000
063104,大立光群益9C購02,0,0,0,0,0,0,0,0,0,-10000,0,0,0,39000,49000,-10000,-10000
062560,奇鋐凱基9B購02  ,0,0,0,0,0,0,0,0,0,-10000,0,0,0,0,10000,-10000,-10000
061247,玉晶光群益9A購09,0,0,0,0,0,0,0,0,0,-10000,0,0,0,7000,17000,-10000,-10000
061390,大立光群益9A購04,0,0,0,0,0,0,0,0,0,-10000,0,0,0,0,10000,-10000,-10000
061327,台郡凱基9A購02  ,0,0,0,0,0,0,0,0,0,-10000,0,0,0,0,10000,-10000,-10000
061320,奇力新凱基9A購04,0,0,0,0,0,0,0,0,0,-10000,0,0,0,0,10000,-10000,-10000
061501,嘉澤國票9A購01  ,0,0,0,0,0,0,0,0,0,-10000,0,0,0,0,10000,-10000,-10000
063492,台積電富邦02購02,0,0,0,0,0,0,0,0,0,-10000,0,0,0,0,10000,-10000,-10000
063489,新日興國泰01購01,0,0,0,0,0,0,0,0,0,-10000,0,0,0,0,10000,-10000,-10000
063546,國巨兆豐9C購03  ,0,0,0,0,0,0,0,0,0,-10000,0,0,0,59000,69000,-10000,-10000
063586,燿華永豐9B購02  ,0,0,0,0,0,0,0,0,0,-10000,0,0,0,0,10000,-10000,-10000
063439,正隆統一01購01  ,0,0,0,0,0,0,0,0,0,-10000,0,0,0,0,10000,-10000,-10000
062906,全新元大9B購03  ,0,0,0,0,0,0,0,0,0,-10000,0,0,0,0,10000,-10000,-10000
062903,燿華元大9B購04  ,0,0,0,0,0,0,0,0,0,-10000,0,0,0,1000,11000,-10000,-10000
064346,貿聯元大01購01  ,0,0,0,0,0,0,0,0,0,-10000,0,0,0,0,10000,-10000,-10000
064296,奇鋐國票01購01  ,0,0,0,0,0,0,0,0,0,-10000,0,0,0,0,10000,-10000,-10000
064450,致茂統一01購01  ,0,0,0,0,0,0,0,0,0,-10000,0,0,0,0,10000,-10000,-10000
064463,聯茂統一01購02  ,0,0,0,0,0,0,0,0,0,-10000,0,0,0,0,10000,-10000,-10000
064409,彩晶凱基04購01  ,0,0,0,0,0,0,0,0,0,-10000,0,0,0,20000,30000,-10000,-10000
062530,大立光統一01購03,0,0,0,0,0,0,0,0,0,-10000,0,0,0,0,10000,-10000,-10000
064203,康控兆豐9C購02  ,0,0,0,0,0,0,0,0,0,-10000,0,0,0,2000,12000,-10000,-10000
064086,旺宏凱基9C購01  ,0,0,0,0,0,0,0,0,0,-10000,0,0,0,7000,17000,-10000,-10000
060597,華通凱基9A購04  ,0,0,0,0,0,0,0,0,0,-10000,0,0,0,0,10000,-10000,-10000
060562,旺宏富邦9C購02  ,0,0,0,0,0,0,0,0,0,-10000,0,0,0,71000,81000,-10000,-10000
060548,友達凱基9B購03  ,0,0,0,0,0,0,0,0,0,-10000,0,0,0,0,10000,-10000,-10000
060814,健策凱基9B購01  ,0,0,0,0,0,0,0,0,0,-10000,0,0,0,2000,12000,-10000,-10000
060723,致新永豐9A購01  ,0,0,0,0,0,0,0,0,0,-10000,0,0,0,0,10000,-10000,-10000
060453,儒鴻元大9A購02  ,0,0,0,0,0,0,0,0,0,-10000,0,0,0,0,10000,-10000,-10000
062410,台積電第一9B購02,0,0,0,0,0,0,0,0,0,-10000,0,0,0,0,10000,-10000,-10000
062427,嘉澤統一01購01  ,0,0,0,0,0,0,0,0,0,-10000,0,0,0,0,10000,-10000,-10000
063350,台表科統一02購02,0,0,0,0,0,0,0,0,0,-10000,0,0,0,134000,144000,-10000,-10000
063358,華擎國泰01購01  ,0,0,0,0,0,0,0,0,0,-10000,0,0,0,0,10000,-10000,-10000
061665,旺宏中信9C購01  ,0,0,0,0,0,0,0,0,0,-10000,0,0,0,0,10000,-10000,-10000
062036,致新群益9B購01  ,0,0,0,0,0,0,0,0,0,-10000,0,0,0,42000,52000,-10000,-10000
062070,金寶元大9B購01  ,0,0,0,0,0,0,0,0,0,-10000,0,0,0,0,10000,-10000,-10000
061751,華通台新9B購01  ,0,0,0,0,0,0,0,0,0,-10000,0,0,0,0,10000,-10000,-10000
063719,T50反1元大9B購11,0,0,0,0,0,0,0,0,0,-10000,0,0,0,0,10000,-10000,-10000
061520,健策中信9A購01  ,0,0,0,0,0,0,0,0,0,-10000,0,0,0,10000,20000,-10000,-10000
060962,義隆凱基9B購01  ,0,0,0,0,0,0,0,0,0,-10000,0,0,0,0,10000,-10000,-10000
061940,世紀鋼國票9C購01,0,0,0,0,0,0,0,0,0,-10000,0,0,0,0,10000,-10000,-10000
061927,玉晶光凱基9C購01,0,0,0,0,0,0,0,0,0,-10000,0,0,0,0,10000,-10000,-10000
061794,國巨永豐9B購01  ,0,0,0,0,0,0,0,0,0,-10000,0,0,0,0,10000,-10000,-10000
061803,巨大永豐9B購01  ,0,0,0,0,0,0,0,0,0,-10000,0,0,0,0,10000,-10000,-10000
061828,T50反1凱基02購01,0,0,0,0,0,0,0,0,0,-10000,0,0,0,0,10000,-10000,-10000
061833,華新科凱基02購01,0,0,0,0,0,0,0,0,0,-10000,0,0,0,0,10000,-10000,-10000
066244,臺指反元大04購01,0,0,0,0,0,0,0,0,0,-10000,0,0,0,0,10000,-10000,-10000
066223,拓凱國泰03購01  ,0,0,0,0,0,0,0,0,0,-10000,0,0,0,0,10000,-10000,-10000
066101,微星國票02購01  ,0,0,0,0,0,0,0,0,0,-10000,0,0,0,0,10000,-10000,-10000
06646P,國巨元大98售16  ,0,0,0,0,0,0,0,0,0,-10000,0,0,0,0,10000,-10000,-10000
066472,美利達統一02購01,0,0,0,0,0,0,0,0,0,-10000,0,0,0,0,10000,-10000,-10000
067015,義隆富邦04購01  ,0,0,0,0,0,0,0,0,0,-10000,0,0,0,9000,19000,-10000,-10000
067020,臺指反中信03購02,0,0,0,0,0,0,0,0,0,-10000,0,0,0,0,10000,-10000,-10000
066914,樺漢凱基02購01  ,0,0,0,0,0,0,0,0,0,-10000,0,0,0,0,10000,-10000,-10000
066981,聯發科群益02購07,0,0,0,0,0,0,0,0,0,-10000,0,0,0,10000,20000,-10000,-10000
066867,A50正2元富01購02,0,0,0,0,0,0,0,0,0,-10000,0,0,0,0,10000,-10000,-10000
066865,滬深2X元富01購02,0,0,0,0,0,0,0,0,0,-10000,0,0,0,0,10000,-10000,-10000
066882,A50正2永豐01購01,0,0,0,0,0,0,0,0,0,-10000,0,0,0,10000,20000,-10000,-10000
066787,聯發科麥證01購06,0,0,0,0,20000,-20000,0,0,0,-10000,0,0,0,10000,20000,-10000,-10000
066790,健策麥證01購01  ,0,0,0,0,21000,-21000,0,0,0,-10000,0,0,0,11000,21000,-10000,-10000
066701,京元電群益01購02,0,0,0,0,0,0,0,0,0,-10000,0,0,0,2000,12000,-10000,-10000
065268,嘉澤元大9C購02  ,0,0,0,0,0,0,0,0,0,-10000,0,0,0,1000,11000,-10000,-10000
065436,力成凱基02購01  ,0,0,0,0,0,0,0,0,0,-10000,0,0,0,0,10000,-10000,-10000
065523,茂林群益9C購03  ,0,0,0,0,0,0,0,0,0,-10000,0,0,0,0,10000,-10000,-10000
065531,聯電統一01購01  ,0,0,0,0,0,0,0,0,0,-10000,0,0,0,0,10000,-10000,-10000
065556,旭富凱基9C購02  ,0,0,0,0,0,0,0,0,0,-10000,0,0,0,0,10000,-10000,-10000
065738,國巨麥證9C購04  ,0,0,0,0,10000,-10000,0,0,0,-10000,0,0,0,0,10000,-10000,-10000
065620,金融類元大9C購03,0,0,0,0,0,0,0,0,0,-10000,0,0,0,0,10000,-10000,-10000
06587P,國巨元大98售13  ,0,0,0,0,0,0,0,0,0,-10000,0,0,0,0,10000,-10000,-10000
064861,緯創富邦9C購01  ,0,0,0,0,0,0,0,0,0,-10000,0,0,0,0,10000,-10000,-10000
064765,緯穎凱基9C購02  ,0,0,0,0,0,0,0,0,0,-10000,0,0,0,0,10000,-10000,-10000
064769,漢翔中信9C購01  ,0,0,0,0,0,0,0,0,0,-10000,0,0,0,10000,20000,-10000,-10000
065175,大立光元大01購05,0,0,0,0,0,0,0,0,0,-10000,0,0,0,0,10000,-10000,-10000
065120,臺股指富邦9C購03,0,0,0,0,0,0,0,0,0,-10000,0,0,0,0,10000,-10000,-10000
065082,台光電元大9C購04,0,0,0,0,0,0,0,0,0,-10000,0,0,0,1000,11000,-10000,-10000
6115,鎰勝            ,15000,25000,-10000,0,0,0,0,0,0,0,0,0,0,0,0,0,-10000
6525,捷敏-KY         ,5000,14000,-9000,0,0,0,0,0,0,-1000,0,1000,-1000,0,0,0,-10000
1452,宏益            ,0,10000,-10000,0,0,0,0,0,0,0,0,0,0,0,0,0,-10000
1323,永裕            ,7000,17000,-10000,0,0,0,0,0,0,0,0,0,0,0,0,0,-10000
2028,威致            ,0,17000,-17000,0,0,0,0,0,0,7000,7000,0,7000,0,0,0,-10000
1906,寶隆            ,4000,14000,-10000,0,0,0,0,0,0,0,0,0,0,0,0,0,-10000
1617,榮星            ,3000,13000,-10000,0,0,0,0,0,0,0,0,0,0,0,0,0,-10000
1614,三洋電          ,10000,20000,-10000,0,0,0,0,0,0,0,0,0,0,0,0,0,-10000
2706,第一店          ,2000,12000,-10000,0,0,0,0,0,0,0,0,0,0,0,0,0,-10000
08672P,聯發科統一01售09,0,0,0,0,0,0,0,0,0,-11000,0,0,0,0,11000,-11000,-11000
08673P,友訊元富01售03  ,0,0,0,0,0,0,0,0,0,-11000,0,0,0,69000,80000,-11000,-11000
068604,聯發科凱基01購23,0,0,0,0,0,0,0,0,0,-11000,0,0,0,0,11000,-11000,-11000
068460,健策國票03購02  ,0,0,0,0,0,0,0,0,0,-11000,0,0,0,13000,24000,-11000,-11000
068525,京元電元富07購01,0,0,0,0,0,0,0,0,0,-11000,0,0,0,10000,21000,-11000,-11000
068184,彩晶群益03購03  ,0,0,0,0,0,0,0,0,0,-11000,0,0,0,36000,47000,-11000,-11000
068200,亞光凱基01購01  ,0,0,0,0,0,0,0,0,0,-11000,0,0,0,18000,29000,-11000,-11000
067727,聯茂凱基01購02  ,0,0,0,0,0,0,0,0,0,-11000,0,0,0,0,11000,-11000,-11000
067650,技嘉元富07購03  ,0,0,0,0,0,0,0,0,0,-11000,0,0,0,0,11000,-11000,-11000
067571,大立光麥證01購04,0,0,0,1000,12000,-11000,0,0,0,-11000,0,0,0,1000,12000,-11000,-11000
057543,華通凱基99購02  ,0,0,0,0,0,0,0,0,0,-11000,0,0,0,10000,21000,-11000,-11000
060343,台積電統一9C購02,0,0,0,0,0,0,0,0,0,-11000,0,0,0,0,11000,-11000,-11000
058208,百和凱基99購01  ,0,0,0,0,0,0,0,0,0,-11000,0,0,0,0,11000,-11000,-11000
059434,全新元大99購05  ,0,0,0,0,0,0,0,0,0,-11000,0,0,0,0,11000,-11000,-11000
059489,上証2X國票9A購01,0,0,0,0,0,0,0,0,0,-11000,0,0,0,15000,26000,-11000,-11000
059727,大立光元大9A購01,0,0,0,0,0,0,0,0,0,-11000,0,0,0,0,11000,-11000,-11000
063909,旺宏凱基02購01  ,0,0,0,0,0,0,0,0,0,-11000,0,0,0,7000,18000,-11000,-11000
063851,健策元大01購01  ,0,0,0,0,0,0,0,0,0,-11000,0,0,0,31000,42000,-11000,-11000
062230,緯穎統一01購01  ,0,0,0,0,0,0,0,0,0,-11000,0,0,0,10000,21000,-11000,-11000
058374,玉晶光凱基9A購03,0,0,0,0,0,0,0,0,0,-11000,0,0,0,0,11000,-11000,-11000
052766,玉晶光群益9A購01,0,0,0,0,0,0,0,0,0,-11000,0,0,0,0,11000,-11000,-11000
055902,同欣電中信99購01,0,0,0,0,0,0,0,0,0,-11000,0,0,0,580000,591000,-11000,-11000
03022X,富展01          ,0,0,0,0,0,0,0,0,0,-11000,0,0,0,0,11000,-11000,-11000
03259P,聯發科康和02售01,0,0,0,0,0,0,0,0,0,-11000,0,0,0,0,11000,-11000,-11000
03458B,臺股指元大04熊07,0,0,0,0,0,0,0,0,0,-11000,0,0,0,0,11000,-11000,-11000
03239P,臺股指元大02售04,0,0,0,0,0,0,0,0,0,-11000,0,0,0,0,11000,-11000,-11000
00700,富邦恒生國企    ,0,0,0,0,0,0,0,0,0,-11000,0,0,0,90000,101000,-11000,-11000
00711B,FH彭博新興債    ,0,0,0,0,0,0,0,0,0,-11000,0,0,0,110000,121000,-11000,-11000
061947,旺宏群益9B購02  ,0,0,0,0,0,0,0,0,0,-11000,0,0,0,0,11000,-11000,-11000
061043,百和永豐9A購01  ,0,0,0,0,0,0,0,0,0,-11000,0,0,0,15000,26000,-11000,-11000
062438,台光電元大9B購04,0,0,0,0,0,0,0,0,0,-11000,0,0,0,13000,24000,-11000,-11000
060676,京元電元大9A購03,0,0,0,0,0,0,0,0,0,-11000,0,0,0,86000,97000,-11000,-11000
064082,緯創中信06購01  ,0,0,0,0,0,0,0,0,0,-11000,0,0,0,59000,70000,-11000,-11000
062513,玉晶光國票9C購01,0,0,0,0,0,0,0,0,0,-11000,0,0,0,10000,21000,-11000,-11000
062874,微星兆豐9B購01  ,0,0,0,0,0,0,0,0,0,-11000,0,0,0,20000,31000,-11000,-11000
063415,台積電凱基03購01,0,0,0,0,0,0,0,0,0,-11000,0,0,0,31000,42000,-11000,-11000
061303,玉晶光永豐9B購03,0,0,0,0,0,0,0,0,0,-11000,0,0,0,0,11000,-11000,-11000
062994,祥碩群益9B購05  ,0,0,0,0,0,0,0,0,0,-11000,0,0,0,10000,21000,-11000,-11000
063976,正崴兆豐9C購01  ,0,0,0,0,0,0,0,0,0,-11000,0,0,0,999000,1010000,-11000,-11000
063993,華通群益01購01  ,0,0,0,0,0,0,0,0,0,-11000,0,0,0,33000,44000,-11000,-11000
063994,台光電群益9C購01,0,0,0,0,0,0,0,0,0,-11000,0,0,0,41000,52000,-11000,-11000
062366,義隆元大9B購04  ,0,0,0,0,0,0,0,0,0,-11000,0,0,0,2000,13000,-11000,-11000
063208,鈺齊統一9C購01  ,0,0,0,0,0,0,0,0,0,-11000,0,0,0,32000,43000,-11000,-11000
062767,GIS凱基9B購02   ,0,0,0,0,0,0,0,0,0,-11000,0,0,0,0,11000,-11000,-11000
062654,技嘉永豐9B購01  ,0,0,0,0,0,0,0,0,0,-11000,0,0,0,0,11000,-11000,-11000
065125,奇力新永豐9C購01,0,0,0,0,0,0,0,0,0,-11000,0,0,0,0,11000,-11000,-11000
064747,彩晶國票01購01  ,0,0,0,0,0,0,0,0,0,-11000,0,0,0,23000,34000,-11000,-11000
065856,中租元大9C購03  ,0,0,0,0,0,0,0,0,0,-11000,0,0,0,13000,24000,-11000,-11000
065602,聯發科元大9C購15,0,0,0,0,0,0,0,0,0,-11000,0,0,0,4000,15000,-11000,-11000
066818,力成兆豐01購01  ,0,0,0,0,0,0,0,0,0,-11000,0,0,0,4000,15000,-11000,-11000
067001,中化永豐01購02  ,0,0,0,0,0,0,0,0,0,-11000,0,0,0,167000,178000,-11000,-11000
066425,創意元大01購03  ,0,0,0,0,0,0,0,0,0,-11000,0,0,0,131000,142000,-11000,-11000
066389,南港凱基01購01  ,0,0,0,0,0,0,0,0,0,-11000,0,0,0,100000,111000,-11000,-11000
066159,寶成康和01購01  ,0,0,0,0,0,0,0,0,0,-11000,0,0,0,80000,91000,-11000,-11000
2530,華建            ,13000,24000,-11000,0,0,0,0,0,0,0,0,0,0,0,0,0,-11000
3021,鴻名            ,0,3000,-3000,0,0,0,0,0,0,-8000,0,8000,-8000,0,0,0,-11000
1524,耿鼎            ,14000,25000,-11000,0,0,0,0,0,0,0,0,0,0,0,0,0,-11000
1414,東和            ,1000,12000,-11000,0,0,0,0,0,0,0,0,0,0,0,0,0,-11000
1110,東泥            ,0,11000,-11000,0,0,0,0,0,0,0,0,0,0,0,0,0,-11000
9927,泰銘            ,3000,14000,-11000,0,0,0,0,0,0,0,0,0,0,0,0,0,-11000
3167,大量            ,5000,16000,-11000,0,0,0,0,0,0,0,0,0,0,0,0,0,-11000
067630,大成鋼永豐01購01,0,0,0,0,0,0,0,0,0,-12000,0,0,0,0,12000,-12000,-12000
068757,亞德客永豐02購01,0,0,0,0,0,0,0,0,0,-12000,0,0,0,0,12000,-12000,-12000
07047P,S&P500中信9B售02,0,0,0,0,0,0,0,0,0,-12000,0,0,0,0,12000,-12000,-12000
08670P,健策統一01售01  ,0,0,0,0,0,0,0,0,0,-12000,0,0,0,5000,17000,-12000,-12000
08864P,欣興元大01售01  ,0,0,0,0,0,0,0,0,0,-12000,0,0,0,65000,77000,-12000,-12000
00771,元大US高息特別股,0,0,0,0,0,0,0,0,0,-12000,0,0,0,57000,69000,-12000,-12000
03203P,台積電凱基01售26,0,0,0,0,0,0,0,0,0,-12000,0,0,0,2000,14000,-12000,-12000
03101P,GIS凱基01售04   ,0,0,0,0,0,0,0,0,0,-12000,0,0,0,11000,23000,-12000,-12000
059036,可成群益9B購03  ,0,0,0,0,0,0,0,0,0,-12000,0,0,0,97000,109000,-12000,-12000
059868,台光電凱基99購03,0,0,0,0,0,0,0,0,0,-12000,0,0,0,0,12000,-12000,-12000
063256,鴻海國泰01購02  ,0,0,0,0,0,0,0,0,0,-12000,0,0,0,0,12000,-12000,-12000
062343,中石化群益9B購01,0,0,0,0,0,0,0,0,0,-12000,0,0,0,210000,222000,-12000,-12000
063729,國巨元大9C購08  ,0,0,0,0,0,0,0,0,0,-12000,0,0,0,24000,36000,-12000,-12000
061499,嘉晶國票9A購03  ,0,0,0,0,0,0,0,0,0,-12000,0,0,0,13000,25000,-12000,-12000
060688,世紀鋼元大9C購01,0,0,0,0,0,0,0,0,0,-12000,0,0,0,17000,29000,-12000,-12000
064473,技嘉麥證9C購01  ,0,0,0,76000,88000,-12000,0,0,0,-12000,0,0,0,76000,88000,-12000,-12000
064495,南亞科元大9C購03,0,0,0,0,0,0,0,0,0,-12000,0,0,0,0,12000,-12000,-12000
061905,上証反中信03購01,0,0,0,0,0,0,0,0,0,-12000,0,0,0,0,12000,-12000,-12000
066250,大成鋼元大01購01,0,0,0,0,0,0,0,0,0,-12000,0,0,0,3000,15000,-12000,-12000
066332,慧洋永豐01購01  ,0,0,0,0,0,0,0,0,0,-12000,0,0,0,25000,37000,-12000,-12000
066720,滬深2X元大01購07,0,0,0,0,0,0,0,0,0,-12000,0,0,0,3000,15000,-12000,-12000
06658P,台灣50富邦9C售01,0,0,0,0,0,0,0,0,0,-12000,0,0,0,0,12000,-12000,-12000
065859,GIS元大9C購10   ,0,0,0,0,0,0,0,0,0,-12000,0,0,0,0,12000,-12000,-12000
064799,裕隆元大9C購02  ,0,0,0,0,0,0,0,0,0,-12000,0,0,0,33000,45000,-12000,-12000
6215,和椿            ,14000,18000,-4000,0,0,0,0,0,0,-8000,0,8000,-8000,0,0,0,-12000
9924,福興            ,5000,17000,-12000,0,0,0,0,0,0,0,0,0,0,0,0,0,-12000
1225,福懋油          ,6000,18000,-12000,0,0,0,0,0,0,0,0,0,0,0,0,0,-12000
1558,伸興            ,2000,14000,-12000,0,0,0,0,0,0,0,0,0,0,0,0,0,-12000
2524,京城            ,83000,95000,-12000,0,0,0,0,0,0,0,0,0,0,0,0,0,-12000
2496,卓越            ,0,12000,-12000,0,0,0,0,0,0,0,0,0,0,0,0,0,-12000
2373,震旦行          ,0,12000,-12000,0,0,0,0,0,0,0,0,0,0,0,0,0,-12000
3008,大立光          ,164135,180262,-16127,0,0,0,0,9000,-9000,13000,5000,2000,3000,10000,0,10000,-12127
08171P,嘉澤國票9C售01  ,0,0,0,0,0,0,0,0,0,-13000,0,0,0,37000,50000,-13000,-13000
068718,台積電元大02購12,0,0,0,0,0,0,0,0,0,-13000,0,0,0,4000,17000,-13000,-13000
08018P,牧德國票9B售04  ,0,0,0,0,0,0,0,0,0,-13000,0,0,0,0,13000,-13000,-13000
067636,復盛永豐01購01  ,0,0,0,0,0,0,0,0,0,-13000,0,0,0,0,13000,-13000,-13000
067473,旺宏元大02購01  ,0,0,0,0,0,0,0,0,0,-13000,0,0,0,0,13000,-13000,-13000
068119,健鼎元富07購01  ,0,0,0,0,0,0,0,0,0,-13000,0,0,0,750000,763000,-13000,-13000
068260,道瓊銀富邦07購01,0,0,0,0,0,0,0,0,0,-13000,0,0,0,59000,72000,-13000,-13000
060260,京鼎凱基9C購01  ,0,0,0,0,0,0,0,0,0,-13000,0,0,0,0,13000,-13000,-13000
057618,台光電凱基99購01,0,0,0,0,0,0,0,0,0,-13000,0,0,0,20000,33000,-13000,-13000
057936,健策群益99購01  ,0,0,0,0,0,0,0,0,0,-13000,0,0,0,17000,30000,-13000,-13000
061609,華新科統一9C購01,0,0,0,0,0,0,0,0,0,-13000,0,0,0,10000,23000,-13000,-13000
061586,智邦富邦9A購02  ,0,0,0,0,0,0,0,0,0,-13000,0,0,0,15000,28000,-13000,-13000
057494,玉晶光元大99購09,0,0,0,0,0,0,0,0,0,-13000,0,0,0,16000,29000,-13000,-13000
054318,台虹凱基98購01  ,0,0,0,0,0,0,0,0,0,-13000,0,0,0,7000,20000,-13000,-13000
060964,日月光凱基9A購01,0,0,0,0,0,0,0,0,0,-13000,0,0,0,511000,524000,-13000,-13000
062086,瑞祺元大9B購01  ,0,0,0,0,0,0,0,0,0,-13000,0,0,0,198000,211000,-13000,-13000
061654,旺宏國票9A購02  ,0,0,0,0,0,0,0,0,0,-13000,0,0,0,0,13000,-13000,-13000
061524,華通凱基9A購07  ,0,0,0,0,0,0,0,0,0,-13000,0,0,0,67000,80000,-13000,-13000
063769,玉晶光國泰02購01,0,0,0,0,0,0,0,0,0,-13000,0,0,0,1000,14000,-13000,-13000
063973,緯穎國票9C購01  ,0,0,0,0,0,0,0,0,0,-13000,0,0,0,21000,34000,-13000,-13000
063007,儒鴻元大9B購01  ,0,0,0,0,0,0,0,0,0,-13000,0,0,0,0,13000,-13000,-13000
062574,美食群益9B購02  ,0,0,0,0,0,0,0,0,0,-13000,0,0,0,0,13000,-13000,-13000
064709,瑞祺永豐9C購01  ,0,0,0,0,0,0,0,0,0,-13000,0,0,0,430000,443000,-13000,-13000
064529,友達中信01購03  ,0,0,0,0,0,0,0,0,0,-13000,0,0,0,135000,148000,-13000,-13000
065874,智原群益9C購01  ,0,0,0,0,0,0,0,0,0,-13000,0,0,0,0,13000,-13000,-13000
065417,嘉晶國票01購02  ,0,0,0,0,0,0,0,0,0,-13000,0,0,0,10000,23000,-13000,-13000
065320,技嘉凱基9C購02  ,0,0,0,0,0,0,0,0,0,-13000,0,0,0,12000,25000,-13000,-13000
065383,南電元大01購02  ,0,0,0,0,0,0,0,0,0,-13000,0,0,0,0,13000,-13000,-13000
066752,南電元大01購06  ,0,0,0,0,0,0,0,0,0,-13000,0,0,0,168000,181000,-13000,-13000
2546,根基            ,16000,29000,-13000,0,0,0,0,0,0,0,0,0,0,0,0,0,-13000
2069,運錩            ,0,13000,-13000,0,0,0,0,0,0,0,0,0,0,0,0,0,-13000
1109,信大            ,7000,20000,-13000,0,0,0,0,0,0,0,0,0,0,0,0,0,-13000
1340,勝悅-KY         ,22000,35000,-13000,0,0,0,0,0,0,0,0,0,0,0,0,0,-13000
1437,勤益控          ,2000,15000,-13000,0,0,0,0,0,0,0,0,0,0,0,0,0,-13000
1312A,國喬特          ,0,0,0,0,0,0,0,0,0,-13000,0,13000,-13000,0,0,0,-13000
5234,達興材料        ,3000,18000,-15000,0,0,0,0,0,0,2000,4000,2000,2000,0,0,0,-13000
4148,全宇生技-KY     ,15000,28000,-13000,0,0,0,0,0,0,0,0,0,0,0,0,0,-13000
068459,玉晶光國票03購04,0,0,0,0,0,0,0,0,0,-14000,0,0,0,3000,17000,-14000,-14000
07855P,旺宏凱基9A售09  ,0,0,0,0,0,0,0,0,0,-14000,0,0,0,20000,34000,-14000,-14000
07906P,中租群益9B售02  ,0,0,0,0,0,0,0,0,0,-14000,0,0,0,36000,50000,-14000,-14000
08411P,技嘉凱基9C售01  ,0,0,0,0,0,0,0,0,0,-14000,0,0,0,11000,25000,-14000,-14000
08426P,奇力新國票01售01,0,0,0,0,0,0,0,0,0,-14000,0,0,0,0,14000,-14000,-14000
08905P,金像電群益01售06,0,0,0,0,0,0,0,0,0,-14000,0,0,0,1000,15000,-14000,-14000
051047,深中小群益99購01,0,0,0,0,0,0,0,0,0,-14000,0,0,0,1000,15000,-14000,-14000
060017,全新康和99購01  ,0,0,0,0,0,0,0,0,0,-14000,0,0,0,14000,28000,-14000,-14000
061593,智原永豐9A購01  ,0,0,0,0,0,0,0,0,0,-14000,0,0,0,57000,71000,-14000,-14000
057691,健策凱基99購01  ,0,0,0,0,0,0,0,0,0,-14000,0,0,0,6000,20000,-14000,-14000
059120,致伸永豐99購01  ,0,0,0,0,0,0,0,0,0,-14000,0,0,0,3000,17000,-14000,-14000
060170,世紀鋼永豐9A購01,0,0,0,0,0,0,0,0,0,-14000,0,0,0,5000,19000,-14000,-14000
062751,華擎中信9C購01  ,0,0,0,0,0,0,0,0,0,-14000,0,0,0,11000,25000,-14000,-14000
063649,南六元大9C購02  ,0,0,0,0,0,0,0,0,0,-14000,0,0,0,52000,66000,-14000,-14000
063541,華擎元富9B購02  ,0,0,0,0,0,0,0,0,0,-14000,0,0,0,100000,114000,-14000,-14000
062184,奇鋐元大9B購02  ,0,0,0,0,0,0,0,0,0,-14000,0,0,0,3000,17000,-14000,-14000
064333,義隆元大9C購02  ,0,0,0,0,0,0,0,0,0,-14000,0,0,0,2000,16000,-14000,-14000
064245,GIS統一02購02   ,0,0,0,0,0,0,0,0,0,-14000,0,0,0,100000,114000,-14000,-14000
060552,群創凱基9B購05  ,0,0,0,0,0,0,0,0,0,-14000,0,0,0,47000,61000,-14000,-14000
060606,玉晶光凱基9A購05,0,0,0,0,0,0,0,0,0,-14000,0,0,0,0,14000,-14000,-14000
064100,義隆群益9C購01  ,0,0,0,0,0,0,0,0,0,-14000,0,0,0,10000,24000,-14000,-14000
066926,聚陽國票02購01  ,0,0,0,0,0,0,0,0,0,-14000,0,0,0,0,14000,-14000,-14000
066053,創意元大01購01  ,0,0,0,0,0,0,0,0,0,-14000,0,0,0,0,14000,-14000,-14000
065441,義隆麥證9C購01  ,0,0,0,117000,111000,6000,0,0,0,-14000,0,0,0,117000,131000,-14000,-14000
065833,中租凱基02購01  ,0,0,0,0,0,0,0,0,0,-14000,0,0,0,0,14000,-14000,-14000
065782,健策富邦01購02  ,0,0,0,0,0,0,0,0,0,-14000,0,0,0,22000,36000,-14000,-14000
064650,台表科凱基03購01,0,0,0,0,0,0,0,0,0,-14000,0,0,0,137000,151000,-14000,-14000
065215,義隆國泰02購02  ,0,0,0,0,0,0,0,0,0,-14000,0,0,0,18000,32000,-14000,-14000
5525,順天            ,3000,17000,-14000,0,0,0,0,0,0,0,0,0,0,0,0,0,-14000
5283,禾聯碩          ,1000,15000,-14000,0,0,0,0,0,0,0,0,0,0,0,0,0,-14000
6155,鈞寶            ,62000,74000,-12000,0,0,0,0,0,0,-2000,0,2000,-2000,0,0,0,-14000
9136,巨騰-DR         ,0,15000,-15000,0,0,0,0,0,0,1000,1000,0,1000,0,0,0,-14000
8341,日友            ,15000,30000,-15000,0,0,0,0,0,0,1000,1000,0,1000,0,0,0,-14000
08952P,台積電元富07售08,0,0,0,0,0,0,0,0,0,-14000,0,0,0,0,14000,-14000,-14000
1737,臺鹽            ,24000,38000,-14000,0,0,0,0,0,0,0,0,0,0,0,0,0,-14000
2413,環科            ,11000,28000,-17000,0,0,0,0,0,0,3000,3000,0,3000,0,0,0,-14000
2302,麗正            ,0,14000,-14000,0,0,0,0,0,0,0,0,0,0,0,0,0,-14000
2420,新巨            ,21000,35000,-14000,0,0,0,0,0,0,0,0,0,0,0,0,0,-14000
5706,鳳凰            ,6000,20999,-14999,0,0,0,0,0,0,0,0,0,0,0,0,0,-14999
08933P,上銀元大01售02  ,0,0,0,0,0,0,0,0,0,-15000,0,0,0,0,15000,-15000,-15000
08579P,臺股指元大9C售27,0,0,0,0,0,0,0,0,0,-15000,0,0,0,0,15000,-15000,-15000
07943P,瑞昱元大9B售02  ,0,0,0,0,0,0,0,0,0,-15000,0,0,0,0,15000,-15000,-15000
07127P,精元元大99售01  ,0,0,0,0,0,0,0,0,0,-15000,0,0,0,0,15000,-15000,-15000
068704,精元國票03購01  ,0,0,0,0,0,0,0,0,0,-15000,0,0,0,50000,65000,-15000,-15000
068632,華新凱基03購01  ,0,0,0,0,0,0,0,0,0,-15000,0,0,0,24000,39000,-15000,-15000
068643,GIS凱基02購05   ,0,0,0,0,0,0,0,0,0,-15000,0,0,0,0,15000,-15000,-15000
06954P,大立光元富99售01,0,0,0,0,0,0,0,0,0,-15000,0,0,0,42000,57000,-15000,-15000
068733,瑞儀元大02購01  ,0,0,0,0,0,0,0,0,0,-15000,0,0,0,45000,60000,-15000,-15000
068763,世紀鋼永豐02購01,0,0,0,0,0,0,0,0,0,-15000,0,0,0,0,15000,-15000,-15000
068776,台積電元富08購01,0,0,0,0,0,0,0,0,0,-15000,0,0,0,3000,18000,-15000,-15000
068150,英業達元大01購02,0,0,0,0,0,0,0,0,0,-15000,0,0,0,0,15000,-15000,-15000
067983,SP黃豆元大01購03,0,0,0,0,0,0,0,0,0,-15000,0,0,0,0,15000,-15000,-15000
067893,玉晶光群益02購07,0,0,0,0,0,0,0,0,0,-15000,0,0,0,91000,106000,-15000,-15000
067546,世紀鋼群益01購05,0,0,0,0,0,0,0,0,0,-15000,0,0,0,5000,20000,-15000,-15000
067238,大立光群益02購03,0,0,0,0,0,0,0,0,0,-15000,0,0,0,0,15000,-15000,-15000
067289,燿華兆豐03購01  ,0,0,0,0,0,0,0,0,0,-15000,0,0,0,48000,63000,-15000,-15000
067575,道瓊反群益01購04,0,0,0,0,0,0,0,0,0,-15000,0,0,0,0,15000,-15000,-15000
067565,聯發科日盛01購01,0,0,0,0,0,0,0,0,0,-15000,0,0,0,10000,25000,-15000,-15000
059147,矽創國票99購01  ,0,0,0,0,0,0,0,0,0,-15000,0,0,0,1000,16000,-15000,-15000
057599,技嘉群益9A購01  ,0,0,0,0,0,0,0,0,0,-15000,0,0,0,0,15000,-15000,-15000
059760,楠梓電永豐99購01,0,0,0,0,0,0,0,0,0,-15000,0,0,0,38000,53000,-15000,-15000
061612,南六統一9A購01  ,0,0,0,0,0,0,0,0,0,-15000,0,0,0,200000,215000,-15000,-15000
060874,中鋼中信02購01  ,0,0,0,0,0,0,0,0,0,-15000,0,0,0,7000,22000,-15000,-15000
062228,南六統一02購01  ,0,0,0,0,0,0,0,0,0,-15000,0,0,0,0,15000,-15000,-15000
057943,可成國票99購03  ,0,0,0,0,0,0,0,0,0,-15000,0,0,0,0,15000,-15000,-15000
058467,日月光中信9A購01,0,0,0,0,0,0,0,0,0,-15000,0,0,0,120000,135000,-15000,-15000
055615,宏達電國票99購02,0,0,0,0,0,0,0,0,0,-15000,0,0,0,0,15000,-15000,-15000
052132,旺宏凱基9B購01  ,0,0,0,0,0,0,0,0,0,-15000,0,0,0,0,15000,-15000,-15000
056383,上銀國泰99購01  ,0,0,0,0,0,0,0,0,0,-15000,0,0,0,0,15000,-15000,-15000
054803,味全元大9A購01  ,0,0,0,0,0,0,0,0,0,-15000,0,0,0,35000,50000,-15000,-15000
056772,欣興元大99購01  ,0,0,0,0,0,0,0,0,0,-15000,0,0,0,7000,22000,-15000,-15000
057231,美律凱基98購05  ,0,0,0,0,0,0,0,0,0,-15000,0,0,0,5000,20000,-15000,-15000
03206P,台郡凱基01售05  ,0,0,0,0,0,0,0,0,0,-15000,0,0,0,0,15000,-15000,-15000
03052P,台灣50第一01售01,0,0,0,0,0,0,0,0,0,-15000,0,0,0,0,15000,-15000,-15000
062455,鴻海群益9C購01  ,0,0,0,0,0,0,0,0,0,-15000,0,0,0,0,15000,-15000,-15000
060800,華新科第一9A購01,0,0,0,0,0,0,0,0,0,-15000,0,0,0,0,15000,-15000,-15000
064305,健鼎兆豐9C購02  ,0,0,0,0,0,0,0,0,0,-15000,0,0,0,42000,57000,-15000,-15000
062382,燿華國泰9C購01  ,0,0,0,0,0,0,0,0,0,-15000,0,0,0,128000,143000,-15000,-15000
063573,茂林元大9B購06  ,0,0,0,0,0,0,0,0,0,-15000,0,0,0,0,15000,-15000,-15000
063605,健策凱基9C購02  ,0,0,0,0,0,0,0,0,0,-15000,0,0,0,14000,29000,-15000,-15000
063421,可成凱基9C購02  ,0,0,0,0,0,0,0,0,0,-15000,0,0,0,5000,20000,-15000,-15000
063284,大立光元大9B購07,0,0,0,0,0,0,0,0,0,-15000,0,0,0,0,15000,-15000,-15000
061049,奇力新中信9A購02,0,0,0,0,0,0,0,0,0,-15000,0,0,0,0,15000,-15000,-15000
061055,康控群益9A購01  ,0,0,0,0,0,0,0,0,0,-15000,0,0,0,62000,77000,-15000,-15000
06125P,楠梓電元富99售01,0,0,0,0,0,0,0,0,0,-15000,0,0,0,0,15000,-15000,-15000
063163,京元電永豐9B購01,0,0,0,0,0,0,0,0,0,-15000,0,0,0,6000,21000,-15000,-15000
063211,道瓊銀國票9B購01,0,0,0,0,0,0,0,0,0,-15000,0,0,0,3000,18000,-15000,-15000
063984,華邦電國泰02購01,0,0,0,0,0,0,0,0,0,-15000,0,0,0,0,15000,-15000,-15000
063785,華通中信06購02  ,0,0,0,0,0,0,0,0,0,-15000,0,0,0,0,15000,-15000,-15000
065941,超眾群益02購01  ,0,0,0,0,0,0,0,0,0,-15000,0,0,0,5000,20000,-15000,-15000
065663,凌華永豐9C購01  ,0,0,0,0,0,0,0,0,0,-15000,0,0,0,0,15000,-15000,-15000
065484,康友元大9C購01  ,0,0,0,0,0,0,0,0,0,-15000,0,0,0,0,15000,-15000,-15000
065392,華通群益01購02  ,0,0,0,0,0,0,0,0,0,-15000,0,0,0,19000,34000,-15000,-15000
066286,瑞祺元大01購01  ,0,0,0,0,0,0,0,0,0,-15000,0,0,0,331000,346000,-15000,-15000
066423,智原元大01購02  ,0,0,0,0,0,0,0,0,0,-15000,0,0,0,1000,16000,-15000,-15000
066543,大成鋼元大01購02,0,0,0,0,0,0,0,0,0,-15000,0,0,0,0,15000,-15000,-15000
067034,台郡康和01購01  ,0,0,0,0,0,0,0,0,0,-15000,0,0,0,0,15000,-15000,-15000
066694,深中小群益03購01,0,0,0,0,0,0,0,0,0,-15000,0,0,0,355000,370000,-15000,-15000
066626,盟立凱基01購01  ,0,0,0,0,0,0,0,0,0,-15000,0,0,0,0,15000,-15000,-15000
066824,旺宏群益02購01  ,0,0,0,0,0,0,0,0,0,-15000,0,0,0,0,15000,-15000,-15000
3454,晶睿            ,6000,21000,-15000,0,0,0,0,0,0,0,0,0,0,0,0,0,-15000
2427,三商電          ,0,12000,-12000,0,0,0,0,0,0,-3000,0,3000,-3000,0,0,0,-15000
2748,雲品            ,18000,33000,-15000,0,0,0,0,0,0,0,0,0,0,0,0,0,-15000
2059,川湖            ,9000,23000,-14000,0,0,0,0,0,0,-1000,0,1000,-1000,0,0,0,-15000
08991P,玉晶光元大01售06,0,0,0,0,0,0,0,0,0,-15000,0,0,0,10000,25000,-15000,-15000
1503,士電            ,10000,25000,-15000,0,0,0,0,0,0,0,0,0,0,0,0,0,-15000
067613,康舒凱基01購01  ,0,0,0,0,0,0,0,0,0,-16000,0,0,0,485000,501000,-16000,-16000
067258,盛群國票01購01  ,0,0,0,0,0,0,0,0,0,-16000,0,0,0,17000,33000,-16000,-16000
067430,中工凱基05購01  ,0,0,0,0,0,0,0,0,0,-16000,0,0,0,67000,83000,-16000,-16000
068207,日月光凱基01購02,0,0,0,0,0,0,0,0,0,-16000,0,0,0,0,16000,-16000,-16000
068488,台積電元大01購47,0,0,0,0,0,0,0,0,0,-16000,0,0,0,0,16000,-16000,-16000
08832P,台表科群益01售01,0,0,0,0,0,0,0,0,0,-16000,0,0,0,50000,66000,-16000,-16000
08438P,鴻海國票01售02  ,0,0,0,0,0,0,0,0,0,-16000,0,0,0,20000,36000,-16000,-16000
08207P,金像電群益9B售05,0,0,0,0,0,0,0,0,0,-16000,0,0,0,101000,117000,-16000,-16000
08135P,玉晶光國泰01售02,0,0,0,0,0,0,0,0,0,-16000,0,0,0,0,16000,-16000,-16000
03045P,台表科國票03售01,0,0,0,0,0,0,0,0,0,-16000,0,0,0,1000,17000,-16000,-16000
046384,群創凱基98購02  ,0,0,0,0,0,0,0,0,0,-16000,0,0,0,0,16000,-16000,-16000
020008,元大特股高息N   ,0,0,0,0,0,0,0,0,0,-16000,0,0,0,10000,26000,-16000,-16000
03153P,聯發科群益03售01,0,0,0,0,0,0,0,0,0,-16000,0,0,0,0,16000,-16000,-16000
059009,世紀鋼元大99購04,0,0,0,0,0,0,0,0,0,-16000,0,0,0,23000,39000,-16000,-16000
058947,SGBR2X群益9B購02,0,0,0,0,0,0,0,0,0,-16000,0,0,0,4000,20000,-16000,-16000
057867,大立光凱基98購17,0,0,0,0,0,0,0,0,0,-16000,0,0,0,0,16000,-16000,-16000
058558,鴻海日盛9A購02  ,0,0,0,0,0,0,0,0,0,-16000,0,0,0,0,16000,-16000,-16000
063915,祥碩凱基01購01  ,0,0,0,0,0,0,0,0,0,-16000,0,0,0,8000,24000,-16000,-16000
061564,華擎國票9A購02  ,0,0,0,0,0,0,0,0,0,-16000,0,0,0,1000,17000,-16000,-16000
057623,友訊國泰99購01  ,0,0,0,0,0,0,0,0,0,-16000,0,0,0,0,16000,-16000,-16000
063033,台積電凱基9B購09,0,0,0,0,0,0,0,0,0,-16000,0,0,0,21000,37000,-16000,-16000
062947,國巨富邦01購01  ,0,0,0,0,0,0,0,0,0,-16000,0,0,0,5000,21000,-16000,-16000
063609,南電凱基9B購05  ,0,0,0,0,0,0,0,0,0,-16000,0,0,0,0,16000,-16000,-16000
063692,華擎永豐9B購02  ,0,0,0,0,0,0,0,0,0,-16000,0,0,0,0,16000,-16000,-16000
064417,創意中信9C購01  ,0,0,0,0,0,0,0,0,0,-16000,0,0,0,17000,33000,-16000,-16000
062509,SP黃豆國票9B購03,0,0,0,0,0,0,0,0,0,-16000,0,0,0,0,16000,-16000,-16000
066894,聯發科兆豐03購01,0,0,0,0,0,0,0,0,0,-16000,0,0,0,25000,41000,-16000,-16000
065286,瑞昱群益9C購03  ,0,0,0,0,0,0,0,0,0,-16000,0,0,0,0,16000,-16000,-16000
064698,致伸群益9C購01  ,0,0,0,0,0,0,0,0,0,-16000,0,0,0,8000,24000,-16000,-16000
1256,鮮活果汁-KY     ,0,4000,-4000,0,0,0,0,12000,-12000,0,0,0,0,0,0,0,-16000
2608,嘉里大榮        ,6000,17000,-11000,0,0,0,0,0,0,-5000,0,0,0,0,5000,-5000,-16000
2514,龍邦            ,1000,17000,-16000,0,0,0,0,0,0,0,0,0,0,0,0,0,-16000
3055,蔚華科          ,11000,29000,-18000,0,0,0,0,0,0,2000,2000,0,2000,0,0,0,-16000
08425P,世紀鋼元富9C售03,0,0,0,0,0,0,0,0,0,-17000,0,0,0,10000,27000,-17000,-17000
068622,技嘉群益03購01  ,0,0,0,0,0,0,0,0,0,-17000,0,0,0,0,17000,-17000,-17000
068697,聯詠凱基03購02  ,0,0,0,0,0,0,0,0,0,-17000,0,0,0,0,17000,-17000,-17000
068577,台積電國泰03購08,0,0,0,0,0,0,0,0,0,-17000,0,0,0,62000,79000,-17000,-17000
068128,台積電統一03購07,0,0,0,0,0,0,0,0,0,-17000,0,0,0,0,17000,-17000,-17000
067420,國巨凱基02購03  ,0,0,0,0,0,0,0,0,0,-17000,0,0,0,33000,50000,-17000,-17000
067678,大立光元大02購02,0,0,0,0,0,0,0,0,0,-17000,0,0,0,3000,20000,-17000,-17000
067818,玉晶光凱基02購02,0,0,0,0,0,0,0,0,0,-17000,0,0,0,3000,20000,-17000,-17000
059267,群創中信01購02  ,0,0,0,0,0,0,0,0,0,-17000,0,0,0,16000,33000,-17000,-17000
059062,群創凱基99購05  ,0,0,0,0,0,0,0,0,0,-17000,0,0,0,22000,39000,-17000,-17000
058794,旺宏元大99購09  ,0,0,0,0,0,0,0,0,0,-17000,0,0,0,8000,25000,-17000,-17000
063867,全新永豐9C購01  ,0,0,0,0,0,0,0,0,0,-17000,0,0,0,17000,34000,-17000,-17000
054565,玉晶光群益99購02,0,0,0,0,0,0,0,0,0,-17000,0,0,0,15000,32000,-17000,-17000
056375,玉晶光統一01購01,0,0,0,0,0,0,0,0,0,-17000,0,0,0,0,17000,-17000,-17000
05175P,TPK富邦99售01   ,0,0,0,0,0,0,0,0,0,-17000,0,0,0,0,17000,-17000,-17000
055899,群創中信99購01  ,0,0,0,0,0,0,0,0,0,-17000,0,0,0,0,17000,-17000,-17000
03304P,欣興元富02售02  ,0,0,0,0,0,0,0,0,0,-17000,0,0,0,0,17000,-17000,-17000
062498,華通群益9C購04  ,0,0,0,0,0,0,0,0,0,-17000,0,0,0,12000,29000,-17000,-17000
064215,康控凱基02購01  ,0,0,0,0,0,0,0,0,0,-17000,0,0,0,32000,49000,-17000,-17000
061955,FANG+統一9B購01 ,0,0,0,0,0,0,0,0,0,-17000,0,0,0,18000,35000,-17000,-17000
061782,智邦群益9B購01  ,0,0,0,0,0,0,0,0,0,-17000,0,0,0,400000,417000,-17000,-17000
063362,台表科國泰01購03,0,0,0,0,0,0,0,0,0,-17000,0,0,0,102000,119000,-17000,-17000
062031,臻鼎群益9B購01  ,0,0,0,0,0,0,0,0,0,-17000,0,0,0,0,17000,-17000,-17000
063472,茂林元大9B購04  ,0,0,0,0,0,0,0,0,0,-17000,0,0,0,0,17000,-17000,-17000
063452,創意統一01購01  ,0,0,0,0,0,0,0,0,0,-17000,0,0,0,16000,33000,-17000,-17000
063277,大成鋼元大9B購03,0,0,0,0,0,0,0,0,0,-17000,0,0,0,0,17000,-17000,-17000
061106,群創元大9B購09  ,0,0,0,0,0,0,0,0,0,-17000,0,0,0,20000,37000,-17000,-17000
062672,兆豐金中信03購01,0,0,0,0,0,0,0,0,0,-17000,0,0,0,10000,27000,-17000,-17000
064948,致茂凱基01購01  ,0,0,0,0,0,0,0,0,0,-17000,0,0,0,57000,74000,-17000,-17000
064904,茂林群益9C購02  ,0,0,0,0,0,0,0,0,0,-17000,0,0,0,5000,22000,-17000,-17000
065870,正崴群益02購01  ,0,0,0,0,0,0,0,0,0,-17000,0,0,0,130000,147000,-17000,-17000
065857,嘉聯益元大9C購03,0,0,0,0,0,0,0,0,0,-17000,0,0,0,360000,377000,-17000,-17000
066021,華通群益02購03  ,0,0,0,0,0,0,0,0,0,-17000,0,0,0,25000,42000,-17000,-17000
4989,榮科            ,14000,30000,-16000,0,0,0,0,0,0,-1000,0,1000,-1000,0,0,0,-17000
2506,太設            ,3000,21000,-18000,0,0,0,0,0,0,1000,1000,0,1000,0,0,0,-17000
2358,廷鑫            ,0,17000,-17000,0,0,0,0,0,0,0,0,0,0,0,0,0,-17000
1441,大東            ,0,17000,-17000,0,0,0,0,0,0,0,0,0,0,0,0,0,-17000
1615,大山            ,13000,30000,-17000,0,0,0,0,0,0,0,0,0,0,0,0,0,-17000
067719,旺宏凱基01購03  ,0,0,0,0,0,0,0,0,0,-18000,0,0,0,0,18000,-18000,-18000
067609,智易凱基01購01  ,0,0,0,0,0,0,0,0,0,-18000,0,0,0,0,18000,-18000,-18000
068511,國巨統一07購01  ,0,0,0,0,0,0,0,0,0,-18000,0,0,0,24000,42000,-18000,-18000
068793,聯詠凱基03購03  ,0,0,0,0,0,0,0,0,0,-18000,0,0,0,0,18000,-18000,-18000
06970P,旺宏元大99售08  ,0,0,0,0,0,0,0,0,0,-18000,0,0,0,40000,58000,-18000,-18000
07829P,旺宏凱基9A售07  ,0,0,0,0,0,0,0,0,0,-18000,0,0,0,0,18000,-18000,-18000
08504P,臺股指國票9C售06,0,0,0,0,0,0,0,0,0,-18000,0,0,0,220000,238000,-18000,-18000
08577P,臺指2X中信03售01,0,0,0,0,0,0,0,0,0,-18000,0,0,0,0,18000,-18000,-18000
00638R,元大滬深300反1  ,44000,118000,-74000,0,0,0,0,0,0,56000,0,0,0,335000,279000,56000,-18000
056262,台積電統一98購04,0,0,0,0,0,0,0,0,0,-18000,0,0,0,2000,20000,-18000,-18000
056701,國產國泰9A購01  ,0,0,0,0,0,0,0,0,0,-18000,0,0,0,0,18000,-18000,-18000
051597,T50反1中信99購02,0,0,0,0,0,0,0,0,0,-18000,0,0,0,0,18000,-18000,-18000
052755,滬深2X群益9A購01,0,0,0,0,0,0,0,0,0,-18000,0,0,0,103000,121000,-18000,-18000
058856,新光金兆豐99購01,0,0,0,0,0,0,0,0,0,-18000,0,0,0,0,18000,-18000,-18000
059956,玉山金康和99購01,0,0,0,0,0,0,0,0,0,-18000,0,0,0,0,18000,-18000,-18000
059947,貿聯永豐99購03  ,0,0,0,0,0,0,0,0,0,-18000,0,0,0,20000,38000,-18000,-18000
060248,日月光元大9A購01,0,0,0,0,0,0,0,0,0,-18000,0,0,0,7000,25000,-18000,-18000
059160,華通凱基99購03  ,0,0,0,0,0,0,0,0,0,-18000,0,0,0,0,18000,-18000,-18000
063300,華通凱基9B購05  ,0,0,0,0,0,0,0,0,0,-18000,0,0,0,0,18000,-18000,-18000
063473,茂林元大9B購05  ,0,0,0,0,0,0,0,0,0,-18000,0,0,0,0,18000,-18000,-18000
063505,奇力新群益9B購03,0,0,0,0,0,0,0,0,0,-18000,0,0,0,0,18000,-18000,-18000
061018,台積電國票9B購05,0,0,0,0,0,0,0,0,0,-18000,0,0,0,14000,32000,-18000,-18000
060550,可成凱基9A購02  ,0,0,0,0,0,0,0,0,0,-18000,0,0,0,52000,70000,-18000,-18000
064295,聚陽國票01購01  ,0,0,0,0,0,0,0,0,0,-18000,0,0,0,0,18000,-18000,-18000
064257,台勝科國泰01購01,0,0,0,0,0,0,0,0,0,-18000,0,0,0,24000,42000,-18000,-18000
064227,和碩國票01購01  ,0,0,0,0,0,0,0,0,0,-18000,0,0,0,4000,22000,-18000,-18000
066116,宏達電兆豐01購01,0,0,0,0,0,0,0,0,0,-18000,0,0,0,102000,120000,-18000,-18000
06645P,上銀元大98售05  ,0,0,0,0,0,0,0,0,0,-18000,0,0,0,0,18000,-18000,-18000
066860,健策國票02購02  ,0,0,0,0,0,0,0,0,0,-18000,0,0,0,15000,33000,-18000,-18000
066662,建準凱基02購01  ,0,0,0,0,0,0,0,0,0,-18000,0,0,0,214000,232000,-18000,-18000
065265,景碩元大9C購02  ,0,0,0,0,0,0,0,0,0,-18000,0,0,0,5000,23000,-18000,-18000
065534,台光電統一9C購02,0,2000,-2000,0,0,0,0,0,0,-16000,0,0,0,467000,483000,-16000,-18000
064701,巨大群益9C購02  ,0,0,0,0,0,0,0,0,0,-18000,0,0,0,55000,73000,-18000,-18000
064729,聯茂統一02購02  ,0,0,0,0,0,0,0,0,0,-18000,0,0,0,5000,23000,-18000,-18000
064749,巨大國票01購01  ,0,0,0,0,0,0,0,0,0,-18000,0,0,0,40000,58000,-18000,-18000
1806,冠軍            ,2000,20000,-18000,0,0,0,0,0,0,0,0,0,0,0,0,0,-18000
08968P,台表科元大01售04,0,0,0,0,0,0,0,0,0,-18000,0,0,0,7000,25000,-18000,-18000
2460,建通            ,16000,31000,-15000,0,0,0,0,0,0,-3000,0,3000,-3000,0,0,0,-18000
2832,台產            ,0,18000,-18000,0,0,0,0,0,0,0,0,0,0,0,0,0,-18000
2701,萬企            ,0,18000,-18000,0,0,0,0,0,0,0,0,0,0,0,0,0,-18000
4766,南寶            ,27000,33000,-6000,0,0,0,0,0,0,-12000,0,12000,-12000,0,0,0,-18000
1708,東鹼            ,13000,32000,-19000,0,0,0,212,0,212,0,0,0,0,0,0,0,-18788
08576P,嘉澤凱基9C售03  ,0,0,0,0,0,0,0,0,0,-19000,0,0,0,81000,100000,-19000,-19000
08230P,台表科國票9C售03,0,0,0,0,0,0,0,0,0,-19000,0,0,0,5000,24000,-19000,-19000
08065P,瑞昱凱基9B售03  ,0,0,0,0,0,0,0,0,0,-19000,0,0,0,121000,140000,-19000,-19000
07471P,南亞科元大9A售01,0,0,0,0,0,0,0,0,0,-19000,0,0,0,1000,20000,-19000,-19000
068767,台積電統一04購05,0,0,0,0,0,0,0,0,0,-19000,0,0,0,0,19000,-19000,-19000
068696,聯詠凱基02購03  ,0,0,0,0,0,0,0,0,0,-19000,0,0,0,12000,31000,-19000,-19000
067401,嘉澤永豐01購02  ,0,0,0,0,0,0,0,0,0,-19000,0,0,0,0,19000,-19000,-19000
067364,緯穎群益01購05  ,0,0,0,0,0,0,0,0,0,-19000,0,0,0,180000,199000,-19000,-19000
067379,新日興統一03購01,0,0,0,0,0,0,0,0,0,-19000,0,0,0,1000,20000,-19000,-19000
063859,國巨國泰01購03  ,0,0,0,0,0,0,0,0,0,-19000,0,0,0,10000,29000,-19000,-19000
058347,玉晶光群益9B購01,0,0,0,0,0,0,0,0,0,-19000,0,0,0,37000,56000,-19000,-19000
056519,創意國票99購01  ,0,0,0,0,0,0,0,0,0,-19000,0,0,0,1000,20000,-19000,-19000
062033,瀚宇博群益9B購01,0,0,0,0,0,0,0,0,0,-19000,0,0,0,0,19000,-19000,-19000
061679,健策元大9B購04  ,0,0,0,0,0,0,0,0,0,-19000,0,0,0,6000,25000,-19000,-19000
061714,華新科凱基9A購15,0,0,0,0,0,0,0,0,0,-19000,0,0,0,0,19000,-19000,-19000
063533,緯穎凱基9B購06  ,0,0,0,0,0,0,0,0,0,-19000,0,0,0,0,19000,-19000,-19000
063268,GIS中信9B購01   ,0,0,0,0,0,0,0,0,0,-19000,0,0,0,0,19000,-19000,-19000
062884,康控兆豐9C購01  ,0,0,0,0,0,0,0,0,0,-19000,0,0,0,6000,25000,-19000,-19000
061446,鴻海中信04購01  ,0,0,0,0,0,0,0,0,0,-19000,0,0,0,1000,20000,-19000,-19000
063979,健鼎兆豐9C購01  ,0,0,0,0,0,0,0,0,0,-19000,0,0,0,1000,20000,-19000,-19000
064700,致新群益9C購02  ,0,0,0,0,0,0,0,0,0,-19000,0,0,0,10000,29000,-19000,-19000
067381,康控統一03購01  ,0,0,0,0,0,0,0,0,0,-20000,0,0,0,1000,21000,-20000,-20000
067296,A50正2元大01購03,0,0,0,0,0,0,0,0,0,-20000,0,0,0,0,20000,-20000,-20000
067612,超眾凱基02購03  ,0,0,0,0,0,0,0,0,0,-20000,0,0,0,0,20000,-20000,-20000
067574,臺指反群益01購04,0,0,0,0,0,0,0,0,0,-20000,0,0,0,10000,30000,-20000,-20000
067859,滬深2X元大01購12,0,0,0,0,0,0,0,0,0,-20000,0,0,0,20000,40000,-20000,-20000
067840,滬深2X元富04購02,0,0,0,0,0,0,0,0,0,-20000,0,0,0,6000,26000,-20000,-20000
068502,帆宣元大01購05  ,0,0,0,0,0,0,0,0,0,-20000,0,0,0,5000,25000,-20000,-20000
068441,台勝科凱基01購03,0,0,0,0,0,0,0,0,0,-20000,0,0,0,0,20000,-20000,-20000
068420,大立光兆豐01購03,0,0,0,0,0,0,0,0,0,-20000,0,0,0,0,20000,-20000,-20000
068295,旭富兆豐01購02  ,0,0,0,0,0,0,0,0,0,-20000,0,0,0,10000,30000,-20000,-20000
067965,美律群益01購02  ,0,0,0,0,0,0,0,0,0,-20000,0,0,0,0,20000,-20000,-20000
068603,京元電凱基03購01,0,0,0,0,0,0,0,0,0,-20000,0,0,0,0,20000,-20000,-20000
068784,聯發科康和02購02,0,0,0,0,0,0,0,0,0,-20000,0,0,0,0,20000,-20000,-20000
068751,日月光群益02購01,0,0,0,0,0,0,0,0,0,-20000,0,0,0,15000,35000,-20000,-20000
07014P,華通元大99售04  ,0,0,0,0,0,0,0,0,0,-20000,0,0,0,15000,35000,-20000,-20000
068859,台積電元富08購06,0,0,0,0,0,0,0,0,0,-20000,0,0,0,0,20000,-20000,-20000
068835,台積電永豐02購01,0,0,0,0,0,0,0,0,0,-20000,0,0,0,0,20000,-20000,-20000
07081P,南電群益9A售01  ,0,0,0,0,0,0,0,0,0,-20000,0,0,0,0,20000,-20000,-20000
07821P,臺股指國票9A售12,0,0,0,0,0,0,0,0,0,-20000,0,0,0,0,20000,-20000,-20000
08240P,華通中信06售03  ,0,0,0,0,0,0,0,0,0,-20000,0,0,0,0,20000,-20000,-20000
08263P,台表科元大9C售06,0,0,0,0,0,0,0,0,0,-20000,0,0,0,0,20000,-20000,-20000
08328P,國巨國票9C售07  ,0,0,0,0,0,0,0,0,0,-20000,0,0,0,0,20000,-20000,-20000
08431P,景碩凱基9C售02  ,0,0,0,0,0,0,0,0,0,-20000,0,0,0,215000,235000,-20000,-20000
08695P,嘉晶群益01售01  ,0,0,0,0,0,0,0,0,0,-20000,0,0,0,0,20000,-20000,-20000
08756P,台灣50元大01售18,0,0,0,0,0,0,0,0,0,-20000,0,0,0,0,20000,-20000,-20000
056547,臻鼎凱基99購01  ,0,0,0,0,0,0,0,0,0,-20000,0,0,0,20000,40000,-20000,-20000
056413,上証反中信9A購01,0,0,0,0,0,0,0,0,0,-20000,0,0,0,0,20000,-20000,-20000
052203,T50反1中信99購03,0,0,0,0,0,0,0,0,0,-20000,0,0,0,0,20000,-20000,-20000
054559,台光電群益99購01,0,0,0,0,0,0,0,0,0,-20000,0,0,0,0,20000,-20000,-20000
053813,友達群益9A購03  ,0,0,0,0,0,0,0,0,0,-20000,0,0,0,0,20000,-20000,-20000
056954,聯詠富邦9A購01  ,0,0,0,0,0,0,0,0,0,-20000,0,0,0,20000,40000,-20000,-20000
053400,緯穎中信9A購01  ,0,0,0,0,0,0,0,0,0,-20000,0,0,0,0,20000,-20000,-20000
053609,華新中信9A購01  ,0,0,0,0,0,0,0,0,0,-20000,0,0,0,0,20000,-20000,-20000
059005,嘉晶元大99購06  ,0,0,0,0,0,0,0,0,0,-20000,0,0,0,0,20000,-20000,-20000
059186,華通富邦9A購01  ,0,0,0,0,0,0,0,0,0,-20000,0,0,0,0,20000,-20000,-20000
059174,訊芯凱基99購01  ,0,0,0,0,0,0,0,0,0,-20000,0,0,0,0,20000,-20000,-20000
059204,台灣50元大01購02,0,0,0,0,0,0,0,0,0,-20000,0,0,0,0,20000,-20000,-20000
060049,華通凱基99購06  ,0,0,0,0,0,0,0,0,0,-20000,0,0,0,0,20000,-20000,-20000
055433,嘉聯益群益99購01,0,0,0,0,0,0,0,0,0,-20000,0,0,0,0,20000,-20000,-20000
054891,聯鈞統一99購02  ,0,0,0,0,0,0,0,0,0,-20000,0,0,0,0,20000,-20000,-20000
058082,美律群益98購05  ,0,0,0,0,0,0,0,0,0,-20000,0,0,0,10000,30000,-20000,-20000
053063,力山群益98購01  ,0,0,0,0,0,0,0,0,0,-20000,0,0,0,0,20000,-20000,-20000
03102P,臺股指凱基03售08,0,0,0,0,0,0,0,0,0,-20000,0,0,0,55000,75000,-20000,-20000
03067P,南亞科群益01售01,0,0,0,0,0,0,0,0,0,-20000,0,0,0,0,20000,-20000,-20000
03126P,旭富凱基01售04  ,0,0,0,0,0,0,0,0,0,-20000,0,0,0,0,20000,-20000,-20000
055787,聯茂凱基99購01  ,0,0,0,0,0,0,0,0,0,-20000,0,0,0,0,20000,-20000,-20000
057198,智伸科統一9B購01,0,0,0,0,0,0,0,0,0,-20000,0,0,0,0,20000,-20000,-20000
057162,上銀元大98購03  ,0,0,0,0,0,0,0,0,0,-20000,0,0,0,21000,41000,-20000,-20000
03292P,欣興元大02售03  ,0,0,0,0,0,0,0,0,0,-20000,0,0,0,0,20000,-20000,-20000
03194P,國巨元富07售14  ,0,0,0,0,0,0,0,0,0,-20000,0,0,0,0,20000,-20000,-20000
03053P,台灣50中信04售03,0,0,0,0,0,0,0,0,0,-20000,0,0,0,0,20000,-20000,-20000
058375,群創凱基9B購04  ,0,0,0,0,0,0,0,0,0,-20000,0,0,0,30000,50000,-20000,-20000
058434,旺宏統一9B購01  ,0,0,0,0,0,0,0,0,0,-20000,0,0,0,0,20000,-20000,-20000
057862,智邦凱基99購01  ,0,0,0,0,0,0,0,0,0,-20000,0,0,0,13000,33000,-20000,-20000
057929,上銀群益98購02  ,0,0,0,0,0,0,0,0,0,-20000,0,0,0,0,20000,-20000,-20000
057971,華新科富邦9B購02,0,0,0,0,0,0,0,0,0,-20000,0,0,0,0,20000,-20000,-20000
058612,健策元大99購02  ,0,0,0,0,0,0,0,0,0,-20000,0,0,0,3000,23000,-20000,-20000
058652,SGBR2X中信01購01,0,0,0,0,0,0,0,0,0,-20000,0,0,0,0,20000,-20000,-20000
063847,聯發科元大9C購03,0,0,0,0,0,0,0,0,0,-20000,0,0,0,5000,25000,-20000,-20000
062213,和大統一9B購02  ,0,0,0,0,0,0,0,0,0,-20000,0,0,0,0,20000,-20000,-20000
058864,欣興凱基99購04  ,0,0,0,0,0,0,0,0,0,-20000,0,0,0,0,20000,-20000,-20000
061565,滬深2X元大9A購08,0,0,0,0,0,0,0,0,0,-20000,0,0,0,0,20000,-20000,-20000
060945,緯穎國票9A購02  ,0,0,0,0,0,0,0,0,0,-20000,0,0,0,0,20000,-20000,-20000
060399,康友國票9A購02  ,0,0,0,0,0,0,0,0,0,-20000,0,0,0,38000,58000,-20000,-20000
060376,瑞祺元富9A購01  ,0,0,0,0,0,0,0,0,0,-20000,0,0,0,70000,90000,-20000,-20000
057557,聯茂凱基99購04  ,0,0,0,0,0,0,0,0,0,-20000,0,0,0,0,20000,-20000,-20000
057774,台光電群益99購02,0,0,0,0,0,0,0,0,0,-20000,0,0,0,0,20000,-20000,-20000
057729,華新科國泰99購04,0,0,0,0,0,0,0,0,0,-20000,0,0,0,0,20000,-20000,-20000
059926,世紀鋼國泰9B購01,0,0,0,0,0,0,0,0,0,-20000,0,0,0,0,20000,-20000,-20000
059985,華新科元大99購22,0,0,0,0,0,0,0,0,0,-20000,0,0,0,2000,22000,-20000,-20000
059497,滬深2X元富9C購05,0,0,0,0,0,0,0,0,0,-20000,0,0,0,0,20000,-20000,-20000
059699,華通凱基99購04  ,0,0,0,0,0,0,0,0,0,-20000,0,0,0,0,20000,-20000,-20000
062935,華通凱基9C購02  ,0,0,0,0,0,0,0,0,0,-20000,0,0,0,0,20000,-20000,-20000
062596,緯穎統一01購02  ,0,0,0,0,0,0,0,0,0,-20000,0,0,0,0,20000,-20000,-20000
062648,聯茂富邦9B購01  ,0,0,0,0,0,0,0,0,0,-20000,0,0,0,0,20000,-20000,-20000
062617,京鼎元大9B購01  ,0,0,0,0,0,0,0,0,0,-20000,0,0,0,0,20000,-20000,-20000
062316,康控凱基9B購03  ,0,0,0,0,0,0,0,0,0,-20000,0,0,0,13000,33000,-20000,-20000
061455,京元電凱基9B購01,0,0,0,0,0,0,0,0,0,-20000,0,0,0,0,20000,-20000,-20000
063523,微星凱基9B購03  ,0,0,0,0,0,0,0,0,0,-20000,0,0,0,2000,22000,-20000,-20000
063481,緯穎元大9B購08  ,0,0,0,0,0,0,0,0,0,-20000,0,0,0,47000,67000,-20000,-20000
063557,聚陽元大9B購01  ,0,0,0,0,0,0,0,0,0,-20000,0,0,0,37000,57000,-20000,-20000
063554,GIS國票9C購03   ,0,0,0,0,0,0,0,0,0,-20000,0,0,0,0,20000,-20000,-20000
06334P,臺股指群益9C售03,0,0,0,0,0,0,0,0,0,-20000,0,0,0,85000,105000,-20000,-20000
063337,國巨統一02購02  ,0,0,0,0,0,0,0,0,0,-20000,0,0,0,14000,34000,-20000,-20000
060452,儒鴻元大9A購01  ,0,0,0,0,0,0,0,0,0,-20000,0,0,0,13000,33000,-20000,-20000
060522,鴻海中信9A購03  ,0,0,0,0,0,0,0,0,0,-20000,0,0,0,0,20000,-20000,-20000
062415,聯茂中信9C購01  ,0,0,0,0,0,0,0,0,0,-20000,0,0,0,0,20000,-20000,-20000
061684,T50反1群益9A購06,0,0,0,0,0,0,0,0,0,-20000,0,0,0,0,20000,-20000,-20000
061651,世紀鋼元大9C購02,0,0,0,0,0,0,0,0,0,-20000,0,0,0,0,20000,-20000,-20000
061652,T50反1國票9C購01,0,0,0,0,0,0,0,0,0,-20000,0,0,0,0,20000,-20000,-20000
061533,友達統一9C購02  ,0,0,0,0,0,0,0,0,0,-20000,0,0,0,0,20000,-20000,-20000
060961,台光電凱基9A購03,0,0,0,0,0,0,0,0,0,-20000,0,0,0,0,20000,-20000,-20000
063715,鈺齊凱基9C購01  ,0,0,0,0,0,0,0,0,0,-20000,0,0,0,0,20000,-20000,-20000
061771,玉晶光元大9C購04,0,0,0,0,0,0,0,0,0,-20000,0,0,0,0,20000,-20000,-20000
061978,旺宏元大9C購01  ,0,0,0,0,0,0,0,0,0,-20000,0,0,0,0,20000,-20000,-20000
061973,上銀元大9B購01  ,0,0,0,0,0,0,0,0,0,-20000,0,0,0,0,20000,-20000,-20000
064344,緯創元大9C購01  ,0,0,0,0,0,0,0,0,0,-20000,0,0,0,3000,23000,-20000,-20000
06433P,大立光群益99售01,0,0,0,0,0,0,0,0,0,-20000,0,0,0,0,20000,-20000,-20000
064415,群創麥證9C購01  ,0,0,0,0,21000,-21000,0,0,0,-20000,0,0,0,1000,21000,-20000,-20000
064486,聚陽元大9C購01  ,0,0,0,0,0,0,0,0,0,-20000,0,0,0,0,20000,-20000,-20000
060680,玉晶光元大9C購03,0,0,0,0,0,0,0,0,0,-20000,0,0,0,4000,24000,-20000,-20000
060721,瑞儀永豐9A購01  ,0,0,0,0,0,0,0,0,0,-20000,0,0,0,10000,30000,-20000,-20000
064211,友達凱基02購01  ,0,0,0,0,0,0,0,0,0,-20000,0,0,0,0,20000,-20000,-20000
064088,大立光凱基02購01,0,0,0,0,0,0,0,0,0,-20000,0,0,0,0,20000,-20000,-20000
064810,嘉晶元大01購01  ,0,0,0,0,0,0,0,0,0,-20000,0,0,0,137000,157000,-20000,-20000
064516,華通群益02購01  ,0,0,0,0,0,0,0,0,0,-20000,0,0,0,17000,37000,-20000,-20000
064889,T50反1群益9C購02,0,0,0,0,0,0,0,0,0,-20000,0,0,0,0,20000,-20000,-20000
064933,矽創統一01購01  ,0,0,0,0,0,0,0,0,0,-20000,0,0,0,25000,45000,-20000,-20000
065223,旺宏中信01購01  ,0,0,0,0,0,0,0,0,0,-20000,0,0,0,0,20000,-20000,-20000
065091,亞光元大9C購01  ,0,0,0,0,0,0,0,0,0,-20000,0,0,0,111000,131000,-20000,-20000
065430,可成凱基02購03  ,0,0,0,0,0,0,0,0,0,-20000,0,0,0,5000,25000,-20000,-20000
065779,台勝科國泰01購02,0,0,0,0,0,0,0,0,0,-20000,0,0,0,0,20000,-20000,-20000
065744,華新元大9C購01  ,0,0,0,0,0,0,0,0,0,-20000,0,0,0,0,20000,-20000,-20000
066639,彩晶凱基05購01  ,0,0,0,0,0,0,0,0,0,-20000,0,0,0,0,20000,-20000,-20000
066689,技嘉台新01購01  ,0,0,0,0,0,0,0,0,0,-20000,0,0,0,0,20000,-20000,-20000
066710,彩晶群益03購01  ,0,0,0,0,0,0,0,0,0,-20000,0,0,0,0,20000,-20000,-20000
066716,高股息元大01購01,0,0,0,0,0,0,0,0,0,-20000,0,0,0,0,20000,-20000,-20000
066801,奇鋐凱基01購02  ,0,0,0,0,0,0,0,0,0,-20000,0,0,0,0,20000,-20000,-20000
067055,上証2X元大01購03,0,0,0,0,0,0,0,0,0,-20000,0,0,0,20000,40000,-20000,-20000
066942,滬深2X元大03購02,0,0,0,0,0,0,0,0,0,-20000,0,0,0,0,20000,-20000,-20000
066974,SP黃豆群益03購01,0,0,0,0,0,0,0,0,0,-20000,0,0,0,0,20000,-20000,-20000
067116,嘉澤群益01購02  ,0,0,0,0,0,0,0,0,0,-20000,0,0,0,0,20000,-20000,-20000
066495,技嘉國泰03購01  ,0,0,0,0,0,0,0,0,0,-20000,0,0,0,0,20000,-20000,-20000
066323,精元永豐01購01  ,0,0,0,0,0,0,0,0,0,-20000,0,0,0,31000,51000,-20000,-20000
066255,英利元大01購01  ,0,0,0,0,0,0,0,0,0,-20000,0,0,0,0,20000,-20000,-20000
066211,瑞祺統一04購01  ,0,0,0,0,0,0,0,0,0,-20000,0,0,0,1000,21000,-20000,-20000
3028,增你強          ,3000,22000,-19000,0,0,0,0,0,0,-1000,0,1000,-1000,0,0,0,-20000
4137,麗豐-KY         ,34000,51000,-17000,0,0,0,3000,0,3000,-6000,0,0,0,1000,7000,-6000,-20000
08725P,臺股指元大01售06,0,0,0,0,0,0,0,0,0,-21000,0,0,0,0,21000,-21000,-21000
07819P,旺宏國票9B售01  ,0,0,0,0,0,0,0,0,0,-21000,0,0,0,30000,51000,-21000,-21000
067997,美律元大01購02  ,0,0,0,0,0,0,0,0,0,-21000,0,0,0,889000,910000,-21000,-21000
06807P,臺股指群益98售13,0,0,0,0,0,0,0,0,0,-21000,0,0,0,0,21000,-21000,-21000
067607,聯鈞凱基01購04  ,0,0,0,0,0,0,0,0,0,-21000,0,0,0,104000,125000,-21000,-21000
067534,億光群益01購01  ,0,0,0,0,0,0,0,0,0,-21000,0,0,0,83000,104000,-21000,-21000
057577,廣宇中信9A購01  ,0,0,0,0,0,0,0,0,0,-21000,0,0,0,0,21000,-21000,-21000
058878,旭富國泰9B購01  ,0,0,0,0,0,0,0,0,0,-21000,0,0,0,23000,44000,-21000,-21000
03044P,康控國票03售01  ,0,0,0,0,0,0,0,0,0,-21000,0,0,0,29000,50000,-21000,-21000
03233P,台積電元大02售11,0,0,0,0,0,0,0,0,0,-21000,0,0,0,79000,100000,-21000,-21000
00656R,國泰中國A50反1  ,0,0,0,0,0,0,0,0,0,-21000,0,10000,-10000,223000,234000,-11000,-21000
057183,玉晶光元大99購07,0,0,0,0,0,0,0,0,0,-21000,0,0,0,0,21000,-21000,-21000
053361,友達元富99購01  ,0,0,0,0,0,0,0,0,0,-21000,0,0,0,155000,176000,-21000,-21000
062369,創意元大9B購01  ,0,0,0,0,0,0,0,0,0,-21000,0,0,0,23000,44000,-21000,-21000
063566,台光電元大9B購08,0,0,0,0,0,0,0,0,0,-21000,0,0,0,11000,32000,-21000,-21000
063288,泰鼎元大9B購02  ,0,0,0,0,0,0,0,0,0,-21000,0,0,0,104000,125000,-21000,-21000
062307,華通凱基9C購01  ,0,0,0,0,0,0,0,0,0,-21000,0,0,0,5000,26000,-21000,-21000
062701,漢唐元大9B購01  ,0,0,0,0,0,0,0,0,0,-21000,0,0,0,0,21000,-21000,-21000
063170,智邦第一9B購01  ,0,0,0,0,0,0,0,0,0,-21000,0,0,0,12000,33000,-21000,-21000
064001,華通凱基02購01  ,0,0,0,0,0,0,0,0,0,-21000,0,0,0,100000,121000,-21000,-21000
064051,新日興統一01購01,0,0,0,0,0,0,0,0,0,-21000,0,0,0,0,21000,-21000,-21000
066016,台表科元富01購02,0,0,0,0,0,0,0,0,0,-21000,0,0,0,151000,172000,-21000,-21000
065999,燿華國票02購01  ,0,0,0,0,0,0,0,0,0,-21000,0,0,0,57000,78000,-21000,-21000
066048,奇鋐元大01購01  ,0,0,0,0,0,0,0,0,0,-21000,0,0,0,78000,99000,-21000,-21000
065611,嘉聯益元大9C購02,0,0,0,0,0,0,0,0,0,-21000,0,0,0,330000,351000,-21000,-21000
3437,榮創            ,254000,274000,-20000,0,0,0,0,0,0,-1000,0,1000,-1000,0,0,0,-21000
9905,大華            ,0,21000,-21000,0,0,0,0,0,0,0,0,0,0,0,0,0,-21000
3030,德律            ,399000,447000,-48000,0,0,0,0,0,0,27000,1000,0,1000,26000,0,26000,-21000
2527,宏璟            ,17000,38000,-21000,0,0,0,0,0,0,0,0,0,0,0,0,0,-21000
067828,聯鈞兆豐03購01  ,0,0,0,0,0,0,0,0,0,-22000,0,0,0,131000,153000,-22000,-22000
067895,玉晶光群益02購09,0,0,0,0,0,0,0,0,0,-22000,0,0,0,46000,68000,-22000,-22000
068753,聯發科國泰06購01,0,0,0,0,0,0,0,0,0,-22000,0,0,0,0,22000,-22000,-22000
057991,健策統一9C購01  ,0,0,0,0,0,0,0,0,0,-22000,0,0,0,12000,34000,-22000,-22000
058901,美律元大99購07  ,0,0,0,0,0,0,0,0,0,-22000,0,0,0,5000,27000,-22000,-22000
063812,智邦群益9C購02  ,0,0,0,0,0,0,0,0,0,-22000,0,0,0,86000,108000,-22000,-22000
06380P,臺股指統一98售02,0,0,0,0,0,0,0,0,0,-22000,0,0,0,0,22000,-22000,-22000
058526,鈺齊元大99購02  ,0,0,0,0,0,0,0,0,0,-22000,0,0,0,100000,122000,-22000,-22000
059856,昇陽半永豐99購03,0,0,0,0,0,0,0,0,0,-22000,0,0,0,0,22000,-22000,-22000
064068,義隆永豐9C購01  ,0,0,0,0,0,0,0,0,0,-22000,0,0,0,83000,105000,-22000,-22000
063999,日月光兆豐9C購01,0,0,0,0,0,0,0,0,0,-22000,0,0,0,0,22000,-22000,-22000
062562,瑞儀凱基9B購02  ,0,0,0,0,0,0,0,0,0,-22000,0,0,0,0,22000,-22000,-22000
063001,巨大國票9B購01  ,0,0,0,0,0,0,0,0,0,-22000,0,0,0,7000,29000,-22000,-22000
063536,美食統一01購01  ,0,0,0,0,0,0,0,0,0,-22000,0,0,0,0,22000,-22000,-22000
063632,金像電元大9B購04,0,0,0,0,0,0,0,0,0,-22000,0,0,0,63000,85000,-22000,-22000
061184,大立光國泰9C購01,0,0,0,0,0,0,0,0,0,-22000,0,0,0,0,22000,-22000,-22000
063374,嘉澤永豐9B購04  ,0,0,0,0,0,0,0,0,0,-22000,0,0,0,0,22000,-22000,-22000
061666,友達中信01購01  ,0,0,0,0,0,0,0,0,0,-22000,0,0,0,85000,107000,-22000,-22000
060641,聯鈞永豐9A購01  ,0,0,0,0,0,0,0,0,0,-22000,0,0,0,0,22000,-22000,-22000
064372,滬深2X元富9C購10,0,0,0,0,0,0,0,0,0,-22000,0,0,0,200000,222000,-22000,-22000
064253,貿聯元富9C購01  ,0,0,0,0,0,0,0,0,0,-22000,0,0,0,39000,61000,-22000,-22000
064666,華新科元大02購01,0,0,0,0,0,0,0,0,0,-22000,0,0,0,80000,102000,-22000,-22000
064770,開發金中信01購01,0,0,0,0,0,0,0,0,0,-22000,0,0,0,0,22000,-22000,-22000
066556,和鑫元大01購01  ,0,0,0,0,0,0,0,0,0,-22000,0,0,0,0,22000,-22000,-22000
067042,旺宏凱基01購02  ,0,0,0,0,0,0,0,0,0,-22000,0,0,0,10000,32000,-22000,-22000
2616,山隆            ,0,22000,-22000,0,0,0,0,0,0,0,0,0,0,0,0,0,-22000
2009,第一銅          ,0,22000,-22000,0,0,0,0,0,0,0,0,0,0,0,0,0,-22000
8429,金麗-KY         ,82000,104000,-22000,0,0,0,0,0,0,0,0,0,0,0,0,0,-22000
4564,元翎            ,119000,214000,-95000,0,0,0,0,0,0,73000,60000,0,60000,13000,0,13000,-22000
5608,四維航          ,127000,149000,-22000,0,0,0,0,0,0,0,0,0,0,0,0,0,-22000
5533,皇鼎            ,10000,32000,-22000,0,0,0,0,0,0,0,0,0,0,0,0,0,-22000
08003P,國巨國泰9B售07  ,0,0,0,0,0,0,0,0,0,-23000,0,0,0,33000,56000,-23000,-23000
07365P,超眾元大99售07  ,0,0,0,0,0,0,0,0,0,-23000,0,0,0,0,23000,-23000,-23000
08719P,華通元大01售04  ,0,0,0,0,0,0,0,0,0,-23000,0,0,0,0,23000,-23000,-23000
08840P,臺股指麥證01售07,0,0,0,86000,109000,-23000,0,0,0,-23000,0,0,0,86000,109000,-23000,-23000
068190,台積電凱基01購20,0,0,0,0,0,0,0,0,0,-23000,0,0,0,50000,73000,-23000,-23000
068330,大立光元大01購19,0,0,0,0,0,0,0,0,0,-23000,0,0,0,12000,35000,-23000,-23000
067764,寶成永豐01購01  ,0,0,0,0,0,0,0,0,0,-23000,0,0,0,0,23000,-23000,-23000
067552,亞光兆豐01購01  ,0,0,0,0,0,0,0,0,0,-23000,0,0,0,19000,42000,-23000,-23000
067502,聚陽統一02購04  ,0,0,0,0,0,0,0,0,0,-23000,0,0,0,0,23000,-23000,-23000
059949,啟碁永豐99購01  ,0,0,0,0,0,0,0,0,0,-23000,0,0,0,0,23000,-23000,-23000
057747,致新永豐98購01  ,0,0,0,0,0,0,0,0,0,-23000,0,0,0,0,23000,-23000,-23000
058654,鴻海中信03購01  ,0,0,0,0,0,0,0,0,0,-23000,0,0,0,0,23000,-23000,-23000
058485,智邦國票9A購01  ,0,0,0,0,0,0,0,0,0,-23000,0,0,0,2000,25000,-23000,-23000
058033,景碩永豐98購02  ,0,0,0,0,0,0,0,0,0,-23000,0,0,0,9000,32000,-23000,-23000
057449,華新科元富99購02,0,0,0,0,0,0,0,0,0,-23000,0,0,0,0,23000,-23000,-23000
03168P,聯發科元富01售03,0,0,0,0,0,0,0,0,0,-23000,0,0,0,17000,40000,-23000,-23000
00701,國泰股利精選30  ,23000,29000,-6000,0,0,0,0,0,0,-17000,6000,0,6000,384000,407000,-23000,-23000
03050X,元展47          ,0,0,0,0,0,0,0,0,0,-23000,0,0,0,0,23000,-23000,-23000
061687,大成鋼群益9A購01,0,0,0,0,0,0,0,0,0,-23000,0,0,0,0,23000,-23000,-23000
061971,力山元大9C購02  ,0,0,0,0,0,0,0,0,0,-23000,0,0,0,378000,401000,-23000,-23000
061976,國巨元大9B購01  ,0,0,0,0,0,0,0,0,0,-23000,0,0,0,52000,75000,-23000,-23000
062832,嘉澤群益9B購02  ,0,0,0,0,0,0,0,0,0,-23000,0,0,0,4000,27000,-23000,-23000
063948,高鐵元大9C購01  ,0,0,0,0,0,0,0,0,0,-23000,0,0,0,0,23000,-23000,-23000
062302,聯詠中信05購02  ,0,0,0,0,0,0,0,0,0,-23000,0,0,0,10000,33000,-23000,-23000
066817,瀚宇博兆豐03購01,0,0,0,0,0,0,0,0,0,-23000,0,0,0,219000,242000,-23000,-23000
066798,燿華凱基02購02  ,0,0,0,0,0,0,0,0,0,-23000,0,0,0,90000,113000,-23000,-23000
066684,T50反1元富07購01,0,0,0,0,0,0,0,0,0,-23000,0,0,0,0,23000,-23000,-23000
066433,南六元大02購01  ,0,0,0,0,0,0,0,0,0,-23000,0,0,0,153000,176000,-23000,-23000
066340,敦泰永豐01購01  ,0,0,0,0,0,0,0,0,0,-23000,0,0,0,0,23000,-23000,-23000
064538,鈺齊國票01購01  ,0,0,0,0,0,0,0,0,0,-23000,0,0,0,2000,25000,-23000,-23000
065110,嘉澤國票01購01  ,0,0,0,0,0,0,0,0,0,-23000,0,0,0,0,23000,-23000,-23000
065147,寶成凱基01購01  ,0,0,0,0,0,0,0,0,0,-23000,0,0,0,32000,55000,-23000,-23000
064975,南亞科元大9C購07,0,0,0,0,0,0,0,0,0,-23000,0,0,0,0,23000,-23000,-23000
065818,奇鋐元富9C購01  ,0,0,0,0,0,0,0,0,0,-23000,0,0,0,10000,33000,-23000,-23000
6226,光鼎            ,52000,73000,-21000,0,0,0,0,0,0,-2000,0,2000,-2000,0,0,0,-23000
2017,官田鋼          ,33000,56000,-23000,0,0,0,0,0,0,0,0,0,0,0,0,0,-23000
1707,葡萄王          ,14000,34000,-20000,0,0,0,0,0,0,-3000,0,0,0,0,3000,-3000,-23000
067504,鴻海統一01購07  ,0,0,0,0,0,0,0,0,0,-24000,0,0,0,3000,27000,-24000,-24000
068162,GIS元大02購01   ,0,0,0,0,0,0,0,0,0,-24000,0,0,0,82000,106000,-24000,-24000
07965P,玉晶光群益01售02,0,0,0,0,0,0,0,0,0,-24000,0,0,0,18000,42000,-24000,-24000
07033P,大立光統一9B售03,0,0,0,0,0,0,0,0,0,-24000,0,0,0,0,24000,-24000,-24000
03459B,臺股指元大9C熊38,0,0,0,0,0,0,0,0,0,-24000,0,0,0,0,24000,-24000,-24000
00651R,FH香港反1       ,0,0,0,0,0,0,0,0,0,-24000,0,0,0,138000,162000,-24000,-24000
054740,強茂凱基99購01  ,0,0,0,0,0,0,0,0,0,-24000,0,0,0,0,24000,-24000,-24000
058693,旭富國票9A購01  ,0,0,0,0,0,0,0,0,0,-24000,0,0,0,63000,87000,-24000,-24000
059955,美食康和99購01  ,0,0,0,0,0,0,0,0,0,-24000,0,0,0,0,24000,-24000,-24000
059662,旭富元大9C購01  ,0,0,0,0,0,0,0,0,0,-24000,0,0,0,6000,30000,-24000,-24000
061268,玉晶光凱基9B購04,0,0,0,0,0,0,0,0,0,-24000,0,0,0,25000,49000,-24000,-24000
061447,鴻海中信04購02  ,0,0,0,0,0,0,0,0,0,-24000,0,0,0,0,24000,-24000,-24000
062071,華通元大9B購02  ,0,0,0,0,0,0,0,0,0,-24000,0,0,0,49000,73000,-24000,-24000
062454,華通群益9C購03  ,0,0,0,0,0,0,0,0,0,-24000,0,0,0,15000,39000,-24000,-24000
065764,康友元大9C購02  ,0,0,0,0,0,0,0,0,0,-24000,0,0,0,0,24000,-24000,-24000
065721,中壽兆豐9C購01  ,0,0,0,0,0,0,0,0,0,-24000,0,0,0,6000,30000,-24000,-24000
065524,康控群益01購01  ,0,0,0,0,0,0,0,0,0,-24000,0,0,0,21000,45000,-24000,-24000
065269,貿聯元大9C購05  ,0,0,0,0,0,0,0,0,0,-24000,0,0,0,68000,92000,-24000,-24000
064924,健策統一9C購05  ,0,0,0,0,0,0,0,0,0,-24000,0,0,0,10000,34000,-24000,-24000
064645,義隆凱基03購01  ,0,0,0,0,0,0,0,0,0,-24000,0,0,0,21000,45000,-24000,-24000
064864,金像電永豐01購01,0,0,0,0,0,0,0,0,0,-24000,0,0,0,27000,51000,-24000,-24000
066330,新興永豐01購01  ,0,0,0,0,0,0,0,0,0,-24000,0,0,0,92000,116000,-24000,-24000
066855,樺漢元大01購03  ,0,0,0,0,0,0,0,0,0,-24000,0,0,0,0,24000,-24000,-24000
067148,燿華統一01購03  ,0,0,0,0,0,0,0,0,0,-24000,0,0,0,189000,213000,-24000,-24000
1220,台榮            ,2000,26000,-24000,0,0,0,0,0,0,0,0,0,0,0,0,0,-24000
1507,永大            ,1000,18000,-17000,0,0,0,0,0,0,-7000,0,7000,-7000,0,0,0,-24000
3013,晟銘電          ,48000,69000,-21000,0,0,0,0,0,0,-3000,0,3000,-3000,0,0,0,-24000
2495,普安            ,14000,38000,-24000,0,0,0,0,0,0,0,0,0,0,0,0,0,-24000
2489,瑞軒            ,1142000,1118000,24000,0,0,0,0,0,0,-48000,2000,50000,-48000,0,0,0,-24000
068564,燿華元大01購04  ,0,0,0,0,0,0,0,0,0,-25000,0,0,0,209000,234000,-25000,-25000
068677,日月光元富07購01,0,0,0,0,0,0,0,0,0,-25000,0,0,0,10000,35000,-25000,-25000
07508P,華新科國票9A售03,0,0,0,0,0,0,0,0,0,-25000,0,0,0,0,25000,-25000,-25000
07744P,奇力新凱基9A售05,0,0,0,0,0,0,0,0,0,-25000,0,0,0,3000,28000,-25000,-25000
08462P,臻鼎國票9C售02  ,0,0,0,0,0,0,0,0,0,-25000,0,0,0,30000,55000,-25000,-25000
08520P,和大元大9C售04  ,0,0,0,0,0,0,0,0,0,-25000,0,0,0,20000,45000,-25000,-25000
068291,大立光群益03購01,0,0,0,0,0,0,0,0,0,-25000,0,0,0,0,25000,-25000,-25000
068407,同欣電元富07購02,0,0,0,0,0,0,0,0,0,-25000,0,0,0,60000,85000,-25000,-25000
067577,FBVIX群益01購02 ,0,0,0,0,0,0,0,0,0,-25000,0,0,0,0,25000,-25000,-25000
058201,華通凱基9A購01  ,0,0,0,0,0,0,0,0,0,-25000,0,0,0,0,25000,-25000,-25000
060239,國揚元大9C購01  ,0,0,0,0,0,0,0,0,0,-25000,0,0,0,15000,40000,-25000,-25000
060360,南亞科元富9A購02,0,0,0,0,0,0,0,0,0,-25000,0,0,0,5000,30000,-25000,-25000
059112,上銀永豐99購01  ,0,0,0,0,0,0,0,0,0,-25000,0,0,0,0,25000,-25000,-25000
057882,華通群益9A購03  ,0,0,0,0,0,0,0,0,0,-25000,0,0,0,5000,30000,-25000,-25000
061616,鴻海群益9A購07  ,0,0,0,0,0,0,0,0,0,-25000,0,0,0,1000,26000,-25000,-25000
056279,新日興富邦99購01,0,0,0,0,0,0,0,0,0,-25000,0,0,0,15000,40000,-25000,-25000
055589,台光電元大98購04,0,0,0,0,0,0,0,0,0,-25000,0,0,0,20000,45000,-25000,-25000
058116,正崴中信99購02  ,0,0,0,0,0,0,0,0,0,-25000,0,0,0,0,25000,-25000,-25000
060125,強茂永豐99購01  ,0,0,0,0,0,0,0,0,0,-25000,0,0,0,0,25000,-25000,-25000
03243P,台積電統一02售08,0,0,0,0,0,0,0,0,0,-25000,0,0,0,25000,50000,-25000,-25000
060681,華擎元大9A購02  ,0,0,0,0,0,0,0,0,0,-25000,0,0,0,0,25000,-25000,-25000
062073,國巨元大9B購06  ,0,0,0,0,0,0,0,0,0,-25000,0,0,0,53000,78000,-25000,-25000
061083,京元電兆豐9A購01,0,0,0,0,0,0,0,0,0,-25000,0,0,0,5000,30000,-25000,-25000
062828,聯詠群益9B購02  ,0,0,0,0,0,0,0,0,0,-25000,0,0,0,4000,29000,-25000,-25000
063184,台光電凱基9B購03,0,0,0,0,0,0,0,0,0,-25000,0,0,0,26000,51000,-25000,-25000
063222,群創群益9B購03  ,0,0,0,0,0,0,0,0,0,-25000,0,0,0,50000,75000,-25000,-25000
062757,華通凱基9B購02  ,0,0,0,0,0,0,0,0,0,-25000,0,0,0,0,25000,-25000,-25000
066933,可成國票02購01  ,0,0,0,0,0,0,0,0,0,-25000,0,0,0,23000,48000,-25000,-25000
066747,台郡元大01購03  ,0,0,0,0,0,0,0,0,0,-25000,0,0,0,60000,85000,-25000,-25000
066056,聯鈞元大01購02  ,0,0,0,0,0,0,0,0,0,-25000,0,0,0,150000,175000,-25000,-25000
065944,大成鋼統一02購01,0,0,0,0,0,0,0,0,0,-25000,0,0,0,10000,35000,-25000,-25000
066118,台郡兆豐01購01  ,0,0,0,0,0,0,0,0,0,-25000,0,0,0,40000,65000,-25000,-25000
064595,超眾統一02購01  ,0,0,0,0,0,0,0,0,0,-25000,0,0,0,0,25000,-25000,-25000
065045,信邦凱基9C購01  ,0,0,0,0,0,0,0,0,0,-25000,0,0,0,15000,40000,-25000,-25000
065530,亞德客統一9C購02,0,0,0,0,0,0,0,0,0,-25000,0,0,0,10000,35000,-25000,-25000
08936P,鴻海元大01售20  ,0,0,0,0,0,0,0,0,0,-25000,0,0,0,0,25000,-25000,-25000
1810,和成            ,18000,43000,-25000,0,0,0,0,0,0,0,0,0,0,0,0,0,-25000
067400,華擎永豐01購02  ,0,0,0,0,0,0,0,0,0,-26000,0,0,0,0,26000,-26000,-26000
067260,台郡國票02購02  ,0,0,0,0,0,0,0,0,0,-26000,0,0,0,0,26000,-26000,-26000
067382,康控統一03購02  ,0,0,0,0,0,0,0,0,0,-26000,0,0,0,30000,56000,-26000,-26000
068353,台積電凱基01購23,0,0,0,0,0,0,0,0,0,-26000,0,0,0,87000,113000,-26000,-26000
068166,鈺齊元大01購03  ,0,0,0,0,0,0,0,0,0,-26000,0,0,0,115000,141000,-26000,-26000
068060,聯發科中信04購01,0,0,0,0,0,0,0,0,0,-26000,0,0,0,322000,348000,-26000,-26000
068044,寶成元富07購01  ,0,0,0,0,0,0,0,0,0,-26000,0,0,0,129000,155000,-26000,-26000
08668P,燿華群益01售01  ,0,0,0,0,0,0,0,0,0,-26000,0,0,0,6000,32000,-26000,-26000
08004P,大毅永豐9B售02  ,0,0,0,0,0,0,0,0,0,-26000,0,0,0,0,26000,-26000,-26000
03023P,玉晶光群益02售27,0,0,0,0,0,0,0,0,0,-26000,0,0,0,34000,60000,-26000,-26000
058957,貿聯國票9A購01  ,0,0,0,0,0,0,0,0,0,-26000,0,0,0,0,26000,-26000,-26000
062203,燿華國票9C購01  ,0,0,0,0,0,0,0,0,0,-26000,0,0,0,35000,61000,-26000,-26000
058517,景碩元大99購06  ,0,0,0,0,0,0,0,0,0,-26000,0,0,0,6000,32000,-26000,-26000
060162,碩天永豐9A購01  ,0,0,0,0,0,0,0,0,0,-26000,0,0,0,10000,36000,-26000,-26000
062739,嘉晶國票9B購02  ,0,0,0,0,0,0,0,0,0,-26000,0,0,0,13000,39000,-26000,-26000
063655,華通元富9B購01  ,0,0,0,0,0,0,0,0,0,-26000,0,0,0,5000,31000,-26000,-26000
062091,世紀鋼元大9B購01,0,0,0,0,0,0,0,0,0,-26000,0,0,0,219000,245000,-26000,-26000
061711,台積電凱基9A購27,0,0,0,0,0,0,0,0,0,-26000,0,0,0,0,26000,-26000,-26000
061536,華擎統一9C購02  ,0,0,0,0,0,0,0,0,0,-26000,0,0,0,0,26000,-26000,-26000
060618,玉晶光元大9A購02,0,0,0,0,0,0,0,0,0,-26000,0,0,0,1000,27000,-26000,-26000
064224,玉晶光國票01購04,0,0,0,0,0,0,0,0,0,-26000,0,0,0,13000,39000,-26000,-26000
064130,創意元大9C購02  ,0,0,0,0,0,0,0,0,0,-26000,0,0,0,15000,41000,-26000,-26000
064343,健鼎元大9C購01  ,0,0,0,0,0,0,0,0,0,-26000,0,0,0,50000,76000,-26000,-26000
065458,立積元富03購02  ,0,0,0,0,0,0,0,0,0,-26000,0,0,0,43000,69000,-26000,-26000
064908,世紀鋼群益01購02,0,0,0,0,0,0,0,0,0,-26000,0,0,0,0,26000,-26000,-26000
064850,智原元富9C購01  ,0,0,0,0,0,0,0,0,0,-26000,0,0,0,0,26000,-26000,-26000
064817,鈺齊元大9C購02  ,0,0,0,0,0,0,0,0,0,-26000,0,0,0,0,26000,-26000,-26000
066446,健策群益01購06  ,0,0,0,0,0,0,0,0,0,-26000,0,0,0,0,26000,-26000,-26000
066858,聯鈞國票02購01  ,0,0,0,0,0,0,0,0,0,-26000,0,0,0,49000,75000,-26000,-26000
2010,春源            ,8000,34000,-26000,0,0,0,0,0,0,0,0,0,0,0,0,0,-26000
2468,華經            ,0,27000,-27000,0,0,0,0,0,0,1000,1000,0,1000,0,0,0,-26000
3031,佰鴻            ,5000,31000,-26000,0,0,0,0,0,0,0,0,0,0,0,0,0,-26000
6405,悅城            ,18000,43000,-25000,0,0,0,0,0,0,-1000,0,1000,-1000,0,0,0,-26000
9946,三發地產        ,0,26000,-26000,0,0,0,0,0,0,0,0,0,0,0,0,0,-26000
6598,ABC-KY          ,37000,63373,-26373,0,0,0,0,0,0,-196,0,196,-196,0,0,0,-26569
068744,亞德客群益02購01,0,0,0,0,0,0,0,0,0,-27000,0,0,0,0,27000,-27000,-27000
068725,京元電元大02購01,0,0,0,0,0,0,0,0,0,-27000,0,0,0,3000,30000,-27000,-27000
08611P,聯發科凱基01售08,0,0,0,0,0,0,0,0,0,-27000,0,0,0,140000,167000,-27000,-27000
068429,裕隆凱基01購01  ,0,0,0,0,0,0,0,0,0,-27000,0,0,0,0,27000,-27000,-27000
068431,華通凱基03購02  ,0,0,0,0,0,0,0,0,0,-27000,0,0,0,0,27000,-27000,-27000
067742,大立光元大01購16,0,0,0,0,0,0,0,0,0,-27000,0,0,0,25000,52000,-27000,-27000
067810,聯發科凱基02購06,0,0,0,0,0,0,0,0,0,-27000,0,0,0,539000,566000,-27000,-27000
067871,玉晶光元大01購08,0,0,0,0,0,0,0,0,0,-27000,0,0,0,207000,234000,-27000,-27000
067864,台光電元大01購05,0,0,0,0,0,0,0,0,0,-27000,0,0,0,42000,69000,-27000,-27000
060159,健和興永豐9A購01,0,0,0,0,0,0,0,0,0,-27000,0,0,0,0,27000,-27000,-27000
058835,元油2X中信9C購02,0,0,0,0,0,0,0,0,0,-27000,0,0,0,0,27000,-27000,-27000
060057,欣興凱基9B購01  ,0,0,0,0,0,0,0,0,0,-27000,0,0,0,3000,30000,-27000,-27000
059262,致茂中信01購01  ,0,0,0,0,0,0,0,0,0,-27000,0,0,0,57000,84000,-27000,-27000
03188P,聯發科元大01售34,0,0,0,0,0,0,0,0,0,-27000,0,0,0,136000,163000,-27000,-27000
060760,南亞科元大9A購04,0,0,0,0,0,0,0,0,0,-27000,0,0,0,9000,36000,-27000,-27000
061928,群創凱基9B購06  ,0,0,0,0,0,0,0,0,0,-27000,0,0,0,33000,60000,-27000,-27000
062378,台表科元大9C購01,0,0,0,0,0,0,0,0,0,-27000,0,0,0,51000,78000,-27000,-27000
062775,大成鋼元大9B購02,0,0,0,0,0,0,0,0,0,-27000,0,0,0,2000,29000,-27000,-27000
063157,鴻海台新9B購02  ,0,0,0,0,0,0,0,0,0,-27000,0,0,0,0,27000,-27000,-27000
063949,大立光元大9C購10,0,0,0,0,0,0,0,0,0,-27000,0,0,0,0,27000,-27000,-27000
066890,聯詠中信07購01  ,0,0,0,0,0,0,0,0,0,-27000,0,0,0,20000,47000,-27000,-27000
066700,瑞昱群益01購01  ,0,0,0,0,0,0,0,0,0,-27000,0,0,0,251000,278000,-27000,-27000
067051,泰鼎凱基02購01  ,0,0,0,0,0,0,0,0,0,-27000,0,0,0,15000,42000,-27000,-27000
066514,盟立永豐01購01  ,0,0,0,0,0,0,0,0,0,-27000,0,0,0,0,27000,-27000,-27000
066400,健策凱基02購02  ,0,0,0,0,0,0,0,0,0,-27000,0,0,0,6000,33000,-27000,-27000
065956,緯創統一01購01  ,0,0,0,0,0,0,0,0,0,-27000,0,0,0,35000,62000,-27000,-27000
065958,T50反1元大01購01,0,0,0,0,0,0,0,0,0,-27000,0,0,0,0,27000,-27000,-27000
066109,南電國票02購01  ,0,0,0,0,0,0,0,0,0,-27000,0,0,0,66000,93000,-27000,-27000
064781,嘉晶群益9C購04  ,0,0,0,0,0,0,0,0,0,-27000,0,0,0,38000,65000,-27000,-27000
064655,聚陽元大9C購02  ,0,0,0,0,0,0,0,0,0,-27000,0,0,0,60000,87000,-27000,-27000
065421,康友國票01購01  ,0,0,0,0,0,0,0,0,0,-27000,0,0,0,57000,84000,-27000,-27000
4722,國精化          ,15000,42000,-27000,0,0,0,0,0,0,0,0,0,0,0,0,0,-27000
2444,兆勁            ,1000,28000,-27000,0,0,0,0,0,0,0,0,0,0,0,0,0,-27000
2239,英利-KY         ,115000,50000,65000,0,0,0,0,92000,-92000,0,0,0,0,0,0,0,-27000
067738,技嘉元大01購02  ,0,0,0,0,0,0,0,0,0,-28000,0,0,0,36000,64000,-28000,-28000
067310,欣興元大01購05  ,0,0,0,0,0,0,0,0,0,-28000,0,0,0,49000,77000,-28000,-28000
068418,微星兆豐03購01  ,0,0,0,0,0,0,0,0,0,-28000,0,0,0,6000,34000,-28000,-28000
068123,嘉聯益元富07購01,0,0,0,0,0,0,0,0,0,-28000,0,0,0,0,28000,-28000,-28000
068821,聯詠元大02購01  ,0,0,0,0,0,0,0,0,0,-28000,0,0,0,275000,303000,-28000,-28000
07903P,台積電群益9B售03,0,0,0,0,0,0,0,0,0,-28000,0,0,0,0,28000,-28000,-28000
00731,FH富時高息低波  ,0,0,0,0,0,0,0,0,0,-28000,0,0,0,1016000,1044000,-28000,-28000
055891,鴻海統一9A購01  ,0,0,0,0,0,0,0,0,0,-28000,0,0,0,0,28000,-28000,-28000
053163,上証2X群益9A購02,0,0,0,0,0,0,0,0,0,-28000,0,0,0,2000,30000,-28000,-28000
063848,大立光元大9C購09,0,0,0,0,0,0,0,0,0,-28000,0,0,0,0,28000,-28000,-28000
063844,台積電元大9C購05,0,0,0,0,0,0,0,0,0,-28000,0,0,0,3000,31000,-28000,-28000
057856,聯鈞國票99購03  ,0,0,0,0,0,0,0,0,0,-28000,0,0,0,8000,36000,-28000,-28000
060327,美律群益9A購02  ,0,0,0,0,0,0,0,0,0,-28000,0,0,0,0,28000,-28000,-28000
059825,嘉晶凱基99購02  ,0,0,0,0,0,0,0,0,0,-28000,0,0,0,21000,49000,-28000,-28000
059706,嘉晶凱基99購01  ,0,0,0,0,0,0,0,0,0,-28000,0,0,0,23000,51000,-28000,-28000
063114,南電兆豐9B購01  ,0,0,0,0,0,0,0,0,0,-28000,0,0,0,0,28000,-28000,-28000
063069,道瓊銀富邦05購01,0,0,0,0,0,0,0,0,0,-28000,0,0,0,0,28000,-28000,-28000
062733,巨大凱基9B購01  ,0,0,0,0,0,0,0,0,0,-28000,0,0,0,0,28000,-28000,-28000
061640,智原元大9A購01  ,0,0,0,0,0,0,0,0,0,-28000,0,0,0,6000,34000,-28000,-28000
061951,南電群益9B購01  ,0,0,0,0,0,0,0,0,0,-28000,0,0,0,8000,36000,-28000,-28000
061850,國巨國票9C購02  ,0,0,0,0,0,0,0,0,0,-28000,0,0,0,15000,43000,-28000,-28000
063706,台虹群益9B購01  ,0,0,0,0,0,0,0,0,0,-28000,0,0,0,2000,30000,-28000,-28000
060644,泰鼎永豐9A購02  ,0,0,0,0,0,0,0,0,0,-28000,0,0,0,0,28000,-28000,-28000
064213,大立光凱基03購01,0,0,0,0,0,0,0,0,0,-28000,0,0,0,20000,48000,-28000,-28000
064169,南電統一9C購01  ,0,0,0,0,0,0,0,0,0,-28000,0,0,0,0,28000,-28000,-28000
065039,國巨凱基02購02  ,0,0,0,0,0,0,0,0,0,-28000,0,0,0,77000,105000,-28000,-28000
064994,南電兆豐01購01  ,0,0,0,0,0,0,0,0,0,-28000,0,0,0,0,28000,-28000,-28000
08941P,臺股指中信04售04,0,0,0,0,0,0,0,0,0,-28000,0,0,0,0,28000,-28000,-28000
1449,佳和            ,23000,51000,-28000,0,0,0,0,0,0,0,0,0,0,0,0,0,-28000
3048,益登            ,12000,40000,-28000,0,0,0,0,0,0,0,0,0,0,0,0,0,-28000
068737,南電元大02購03  ,0,0,0,0,0,0,0,0,0,-29000,0,0,0,12000,41000,-29000,-29000
08834P,聯發科統一01售11,0,0,0,0,0,0,0,0,0,-29000,0,0,0,103000,132000,-29000,-29000
08359P,緯創元大9C售02  ,0,0,0,0,0,0,0,0,0,-29000,0,0,0,1000,30000,-29000,-29000
067896,玉晶光群益02購10,0,0,0,0,0,0,0,0,0,-29000,0,0,0,28000,57000,-29000,-29000
067417,力山凱基02購01  ,0,0,0,0,0,0,0,0,0,-29000,0,0,0,280000,309000,-29000,-29000
067627,中興電永豐01購01,0,0,0,0,0,0,0,0,0,-29000,0,0,0,3000,32000,-29000,-29000
059663,旭富元大9C購02  ,0,0,0,0,0,0,0,0,0,-29000,0,0,0,21000,50000,-29000,-29000
058456,京鼎永豐99購01  ,0,0,0,0,0,0,0,0,0,-29000,0,0,0,0,29000,-29000,-29000
03134P,台積電中信07售05,0,0,0,0,0,0,0,0,0,-29000,0,0,0,1000,30000,-29000,-29000
03145P,聯發科國票03售01,0,0,0,0,0,0,0,0,0,-29000,0,0,0,5000,34000,-29000,-29000
061851,智邦國票9B購01  ,0,0,0,0,0,0,0,0,0,-29000,0,0,0,7000,36000,-29000,-29000
061939,中租國票9B購01  ,0,0,0,0,0,0,0,0,0,-29000,0,0,0,0,29000,-29000,-29000
062107,台光電國票9B購01,0,0,0,0,0,0,0,0,0,-29000,0,0,0,0,29000,-29000,-29000
062377,力成元大9B購01  ,0,0,0,0,0,0,0,0,0,-29000,0,0,0,44000,73000,-29000,-29000
062806,世芯統一02購01  ,0,0,0,0,0,0,0,0,0,-29000,0,0,0,25000,54000,-29000,-29000
062632,嘉晶國票9B購01  ,0,0,0,0,0,0,0,0,0,-29000,0,0,0,24000,53000,-29000,-29000
062579,華通統一01購02  ,0,0,0,0,0,0,0,0,0,-29000,0,0,0,16000,45000,-29000,-29000
064036,矽創元大9C購01  ,0,0,0,0,0,0,0,0,0,-29000,0,0,0,21000,50000,-29000,-29000
062870,亞德客兆豐9C購01,0,0,0,0,0,0,0,0,0,-29000,0,0,0,10000,39000,-29000,-29000
063412,寶成國票9C購01  ,0,0,0,0,0,0,0,0,0,-29000,0,0,0,0,29000,-29000,-29000
063442,金像電統一01購01,0,0,0,0,0,0,0,0,0,-29000,0,0,0,17000,46000,-29000,-29000
065026,世紀鋼永豐9C購02,0,0,0,0,0,0,0,0,0,-29000,0,0,0,0,29000,-29000,-29000
06458P,玉晶光統一9A售02,0,0,0,0,0,0,0,0,0,-29000,0,0,0,0,29000,-29000,-29000
064539,玉晶光麥證01購01,0,0,0,0,29000,-29000,0,0,0,-29000,0,0,0,0,29000,-29000,-29000
065699,南亞科群益9C購02,0,0,0,0,0,0,0,0,0,-29000,0,0,0,11000,40000,-29000,-29000
4532,瑞智            ,60000,89000,-29000,0,0,0,0,0,0,0,0,0,0,0,0,0,-29000
3686,達能            ,116000,145000,-29000,0,0,0,0,0,0,0,0,0,0,0,0,0,-29000
6698,旭暉應材        ,7000,36000,-29000,0,0,0,0,0,0,0,0,0,0,0,0,0,-29000
9930,中聯資源        ,7000,43000,-36000,0,0,0,0,0,0,7000,7000,0,7000,0,0,0,-29000
068436,聯發科凱基03購06,0,0,0,0,0,0,0,0,0,-30000,0,0,0,0,30000,-30000,-30000
068328,聯發科元大01購28,0,0,0,0,0,0,0,0,0,-30000,0,0,0,111000,141000,-30000,-30000
08433P,臺股指凱基03售01,0,0,0,0,0,0,0,0,0,-30000,0,0,0,0,30000,-30000,-30000
08420P,國巨群益9C售12  ,0,0,0,0,0,0,0,0,0,-30000,0,0,0,0,30000,-30000,-30000
08459P,聯發科兆豐9C售04,0,0,0,0,0,0,0,0,0,-30000,0,0,0,0,30000,-30000,-30000
08474P,臺股指凱基9C售12,0,0,0,0,0,0,0,0,0,-30000,0,0,0,0,30000,-30000,-30000
08350P,臺股指中信9C售06,0,0,0,0,0,0,0,0,0,-30000,0,0,0,0,30000,-30000,-30000
08338P,台灣50凱基9C售11,0,0,0,0,0,0,0,0,0,-30000,0,0,0,0,30000,-30000,-30000
08134P,臺股指元大9B售40,0,0,0,0,0,0,0,0,0,-30000,0,0,0,150000,180000,-30000,-30000
08205P,智邦凱基9B售03  ,0,0,0,0,0,0,0,0,0,-30000,0,0,0,0,30000,-30000,-30000
08165P,台表科永豐9B售02,0,0,0,0,0,0,0,0,0,-30000,0,0,0,0,30000,-30000,-30000
08587P,聯發科中信01售05,0,0,0,0,0,0,0,0,0,-30000,0,0,0,0,30000,-30000,-30000
068688,聚陽凱基02購03  ,0,0,0,0,0,0,0,0,0,-30000,0,0,0,0,30000,-30000,-30000
068601,台積電凱基03購07,0,0,0,0,0,0,0,0,0,-30000,0,0,0,0,30000,-30000,-30000
068617,康舒國票03購01  ,0,0,0,0,0,0,0,0,0,-30000,0,0,0,0,30000,-30000,-30000
07856P,力成凱基9A售02  ,0,0,0,0,0,0,0,0,0,-30000,0,0,0,60000,90000,-30000,-30000
07538P,玉晶光元富9A售05,0,0,0,0,0,0,0,0,0,-30000,0,0,0,0,30000,-30000,-30000
07080P,健策群益9A售01  ,0,0,0,0,0,0,0,0,0,-30000,0,0,0,0,30000,-30000,-30000
07106P,國巨統一9B售05  ,0,0,0,0,0,0,0,0,0,-30000,0,0,0,20000,50000,-30000,-30000
056590,樺漢統一9A購01  ,0,0,0,0,0,0,0,0,0,-30000,0,0,0,0,30000,-30000,-30000
057347,國巨統一9A購03  ,0,0,0,0,0,0,0,0,0,-30000,0,0,0,165000,195000,-30000,-30000
056135,緯創元大98購01  ,0,0,0,0,0,0,0,0,0,-30000,0,0,0,0,30000,-30000,-30000
03248P,聯電元富03售03  ,0,0,0,0,0,0,0,0,0,-30000,0,0,0,20000,50000,-30000,-30000
03264P,聯茂國票04售01  ,0,0,0,0,0,0,0,0,0,-30000,0,0,0,0,30000,-30000,-30000
03056P,台灣50兆豐03售02,0,0,0,0,0,0,0,0,0,-30000,0,0,0,0,30000,-30000,-30000
03036P,玉晶光國票01售08,0,0,0,0,0,0,0,0,0,-30000,0,0,0,204000,234000,-30000,-30000
058104,國巨統一9A購04  ,0,0,0,0,0,0,0,0,0,-30000,0,0,0,0,30000,-30000,-30000
055411,國巨富邦9A購02  ,0,0,0,0,0,0,0,0,0,-30000,0,0,0,0,30000,-30000,-30000
056313,聯茂元大98購01  ,0,0,0,0,0,0,0,0,0,-30000,0,0,0,0,30000,-30000,-30000
057446,旺宏元富02購01  ,0,0,0,0,0,0,0,0,0,-30000,0,0,0,0,30000,-30000,-30000
049697,群創元大98購01  ,200000,0,200000,0,0,0,0,0,0,-230000,0,0,0,0,230000,-230000,-30000
054378,楠梓電群益98購01,0,0,0,0,0,0,0,0,0,-30000,0,0,0,0,30000,-30000,-30000
058473,上銀凱基9A購03  ,0,0,0,0,0,0,0,0,0,-30000,0,0,0,0,30000,-30000,-30000
063830,智伸科國票01購01,0,0,0,0,0,0,0,0,0,-30000,0,0,0,2000,32000,-30000,-30000
062207,牧德國票9B購02  ,0,0,0,0,0,0,0,0,0,-30000,0,0,0,20000,50000,-30000,-30000
058135,景碩元大99購01  ,0,0,0,0,0,0,0,0,0,-30000,0,0,0,0,30000,-30000,-30000
058203,信邦凱基99購01  ,0,0,0,0,0,0,0,0,0,-30000,0,0,0,0,30000,-30000,-30000
059059,宏達電凱基99購03,0,0,0,0,0,0,0,0,0,-30000,0,0,0,0,30000,-30000,-30000
060335,明泰康和9A購01  ,0,0,0,0,0,0,0,0,0,-30000,0,0,0,0,30000,-30000,-30000
063498,金像電永豐9B購02,0,0,0,0,0,0,0,0,0,-30000,0,0,0,42000,72000,-30000,-30000
063409,GIS國票9C購02   ,0,0,0,0,0,0,0,0,0,-30000,0,0,0,0,30000,-30000,-30000
062919,聯茂元大9B購01  ,0,0,0,0,0,0,0,0,0,-30000,0,0,0,76000,106000,-30000,-30000
061123,燿華永豐9A購01  ,0,0,0,0,0,0,0,0,0,-30000,0,0,0,0,30000,-30000,-30000
061409,力成國票9A購02  ,0,0,0,0,0,0,0,0,0,-30000,0,0,0,0,30000,-30000,-30000
061500,京鼎國票9B購01  ,0,0,0,0,0,0,0,0,0,-30000,0,0,0,0,30000,-30000,-30000
063958,瑞祺元大9C購01  ,0,0,0,0,0,0,0,0,0,-30000,0,0,0,89000,119000,-30000,-30000
063992,大立光中信9C購03,0,0,0,0,0,0,0,0,0,-30000,0,0,0,0,30000,-30000,-30000
063773,可成富邦9C購01  ,0,0,0,0,0,0,0,0,0,-30000,0,0,0,10000,40000,-30000,-30000
063802,南茂凱基9C購01  ,0,0,0,0,0,0,0,0,0,-30000,0,0,0,10000,40000,-30000,-30000
062616,玉晶光元大9C購06,0,0,0,0,0,0,0,0,0,-30000,0,0,0,197000,227000,-30000,-30000
063214,康控國票9C購01  ,0,0,0,0,0,0,0,0,0,-30000,0,0,0,30000,60000,-30000,-30000
061906,統一中信9B購01  ,0,0,0,0,0,0,0,0,0,-30000,0,0,0,0,30000,-30000,-30000
063693,智易永豐9B購02  ,0,0,0,0,0,0,0,0,0,-30000,0,0,0,12000,42000,-30000,-30000
064166,和潤統一02購01  ,0,0,0,0,0,0,0,0,0,-30000,0,0,0,0,30000,-30000,-30000
06437P,玉晶光國票99售01,0,0,0,0,0,0,0,0,0,-30000,0,0,0,0,30000,-30000,-30000
064383,SP黃豆富邦01購01,0,0,0,0,0,0,0,0,0,-30000,0,0,0,0,30000,-30000,-30000
064350,茂林元大01購01  ,0,0,0,0,0,0,0,0,0,-30000,0,0,0,20000,50000,-30000,-30000
060730,台積電群益9A購03,0,0,0,0,0,0,0,0,0,-30000,0,0,0,0,30000,-30000,-30000
065444,燿華統一02購02  ,0,0,0,0,0,0,0,0,0,-30000,0,0,0,0,30000,-30000,-30000
065578,台郡群益9C購02  ,0,0,0,0,0,0,0,0,0,-30000,0,0,0,0,30000,-30000,-30000
065297,旺宏統一02購01  ,0,0,0,0,0,0,0,0,0,-30000,0,0,0,0,30000,-30000,-30000
065406,緯穎富邦9C購02  ,0,0,0,0,0,0,0,0,0,-30000,0,0,0,0,30000,-30000,-30000
064623,創意元大9C購04  ,0,0,0,0,0,0,0,0,0,-30000,0,0,0,59000,89000,-30000,-30000
065954,大立光統一03購01,0,0,0,0,0,0,0,0,0,-30000,0,0,0,0,30000,-30000,-30000
066288,晶碩元大01購01  ,0,0,0,0,0,0,0,0,0,-30000,0,0,0,71000,101000,-30000,-30000
066554,嘉晶元大01購05  ,0,0,0,0,0,0,0,0,0,-30000,0,0,0,151000,181000,-30000,-30000
066568,聚碩元大01購01  ,0,0,0,0,0,0,0,0,0,-30000,0,0,0,57000,87000,-30000,-30000
06694P,臺股指凱基99售13,0,0,0,0,0,0,0,0,0,-30000,0,0,0,0,30000,-30000,-30000
066613,燿華麥證01購01  ,0,0,0,0,40000,-40000,0,0,0,-30000,0,0,0,10000,40000,-30000,-30000
8996,高力            ,177000,207000,-30000,0,0,0,0,0,0,0,0,0,0,0,0,0,-30000
8482,商億-KY         ,47000,77000,-30000,0,0,0,0,0,0,0,0,0,0,0,0,0,-30000
3682,亞太電          ,210000,240000,-30000,0,0,0,0,0,0,0,0,0,0,0,0,0,-30000
6449,鈺邦            ,68000,97000,-29000,0,0,0,0,0,0,-1000,2000,3000,-1000,0,0,0,-30000
6184,大豐電          ,4000,34000,-30000,0,0,0,0,0,0,0,0,0,0,0,0,0,-30000
08994P,台灣50群益01售11,0,0,0,0,0,0,0,0,0,-30000,0,0,0,50000,80000,-30000,-30000
2414,精技            ,16000,46000,-30000,0,0,0,0,0,0,0,0,0,0,0,0,0,-30000
07899P,和大凱基9B售01  ,0,0,0,0,0,0,0,0,0,-31000,0,0,0,0,31000,-31000,-31000
068593,台積電統一03購08,0,0,0,0,0,0,0,0,0,-31000,0,0,0,252000,283000,-31000,-31000
068750,欣興群益02購01  ,0,0,0,0,0,0,0,0,0,-31000,0,0,0,29000,60000,-31000,-31000
068490,台光電元大01購06,0,0,0,0,0,0,0,0,0,-31000,0,0,0,48000,79000,-31000,-31000
067838,玉晶光統一01購12,0,0,0,0,0,0,0,0,0,-31000,0,0,0,4000,35000,-31000,-31000
059068,台虹國票9A購01  ,0,0,0,0,0,0,0,0,0,-31000,0,0,0,0,31000,-31000,-31000
060251,易華電元大9C購01,0,0,0,0,0,0,0,0,0,-31000,0,0,0,0,31000,-31000,-31000
058699,楠梓電元大99購02,0,0,0,0,0,0,0,0,0,-31000,0,0,0,0,31000,-31000,-31000
056910,超眾元大99購02  ,0,0,0,0,0,0,0,0,0,-31000,0,0,0,0,31000,-31000,-31000
064109,上銀國票01購01  ,0,0,0,0,0,0,0,0,0,-31000,0,0,0,78000,109000,-31000,-31000
064393,友訊永豐9C購01  ,0,0,0,0,0,0,0,0,0,-31000,0,0,0,3000,34000,-31000,-31000
061869,智邦元大9B購01  ,0,0,0,0,0,0,0,0,0,-31000,0,0,0,76000,107000,-31000,-31000
062437,廣達元大9B購01  ,0,0,0,0,0,0,0,0,0,-31000,0,0,0,4000,35000,-31000,-31000
062922,南六元大9B購03  ,0,0,0,0,0,0,0,0,0,-31000,0,0,0,276000,307000,-31000,-31000
067146,台達電統一02購01,0,0,0,0,0,0,0,0,0,-31000,0,0,0,239000,270000,-31000,-31000
066498,康控國泰02購01  ,0,0,0,0,0,0,0,0,0,-31000,0,0,0,80000,111000,-31000,-31000
066011,華通元富01購01  ,0,0,0,0,0,0,0,0,0,-31000,0,0,0,26000,57000,-31000,-31000
066241,瑞祺富邦03購01  ,0,0,0,0,0,0,0,0,0,-31000,0,0,0,0,31000,-31000,-31000
064651,GIS凱基9C購02   ,0,0,0,0,0,0,0,0,0,-31000,0,0,0,7000,38000,-31000,-31000
064763,祥碩凱基02購01  ,0,0,0,0,0,0,0,0,0,-31000,0,0,0,31000,62000,-31000,-31000
067576,元金反群益04購01,0,0,0,0,0,0,0,0,0,-32000,0,0,0,0,32000,-32000,-32000
068425,道瓊銀凱基04購01,0,0,0,0,0,0,0,0,0,-32000,0,0,0,0,32000,-32000,-32000
07065P,臺股指元大9A售26,0,0,0,0,0,0,0,0,0,-32000,0,0,0,45000,77000,-32000,-32000
07502P,美食元大9A售01  ,0,0,0,0,0,0,0,0,0,-32000,0,0,0,18000,50000,-32000,-32000
08669P,聯發科群益02售02,0,0,0,0,0,0,0,0,0,-32000,0,0,0,0,32000,-32000,-32000
057685,台灣50凱基9C購01,0,0,0,0,0,0,0,0,0,-32000,0,0,0,8000,40000,-32000,-32000
060191,亞光元富9A購02  ,0,0,0,0,0,0,0,0,0,-32000,0,0,0,186000,218000,-32000,-32000
063108,世紀鋼群益9C購01,0,0,0,0,0,0,0,0,0,-32000,0,0,0,10000,42000,-32000,-32000
064057,緯穎統一02購01  ,0,0,0,0,0,0,0,0,0,-32000,0,0,0,0,32000,-32000,-32000
061509,SP黃豆富邦9C購01,0,0,0,0,0,0,0,0,0,-32000,0,0,0,1000,33000,-32000,-32000
063400,華擎群益9B購03  ,0,0,0,0,0,0,0,0,0,-32000,0,0,0,0,32000,-32000,-32000
063344,臺企銀統一9C購01,0,0,0,0,0,0,0,0,0,-32000,0,0,0,55000,87000,-32000,-32000
064371,矽格統一9C購02  ,0,0,0,0,0,0,0,0,0,-32000,0,0,0,11000,43000,-32000,-32000
064112,宏碁國票01購01  ,0,0,0,0,0,0,0,0,0,-32000,0,0,0,8000,40000,-32000,-32000
064101,可成群益01購01  ,0,0,0,0,0,0,0,0,0,-32000,0,0,0,20000,52000,-32000,-32000
064832,長榮航統一01購01,0,0,0,0,0,0,0,0,0,-32000,0,0,0,0,32000,-32000,-32000
065183,和大統一01購03  ,0,0,0,0,0,0,0,0,0,-32000,0,0,0,0,32000,-32000,-32000
065393,旺宏群益9C購04  ,0,0,0,0,0,0,0,0,0,-32000,0,0,0,0,32000,-32000,-32000
066161,力山凱基01購01  ,0,0,0,0,0,0,0,0,0,-32000,0,0,0,306000,338000,-32000,-32000
066759,盟立永豐01購03  ,0,0,0,0,0,0,0,0,0,-32000,0,0,0,8000,40000,-32000,-32000
08814P,世紀鋼群益01售04,0,0,0,0,0,0,0,0,0,-33000,0,0,0,0,33000,-33000,-33000
068408,緯穎元富01購02  ,0,0,0,0,0,0,0,0,0,-33000,0,0,0,17000,50000,-33000,-33000
060341,國巨統一9C購02  ,0,0,0,0,0,0,0,0,0,-33000,0,0,0,59000,92000,-33000,-33000
059456,智易永豐99購01  ,0,0,0,0,0,0,0,0,0,-33000,0,0,0,2000,35000,-33000,-33000
059360,全新永豐99購02  ,0,0,0,0,0,0,0,0,0,-33000,0,0,0,2000,35000,-33000,-33000
058342,鴻海群益9A購01  ,0,0,0,0,0,0,0,0,0,-33000,0,0,0,0,33000,-33000,-33000
061594,玉晶光永豐9A購08,0,0,0,0,0,0,0,0,0,-33000,0,0,0,34000,67000,-33000,-33000
056317,華通群益99購02  ,0,0,0,0,0,0,0,0,0,-33000,0,0,0,0,33000,-33000,-33000
058934,台灣50中信03購03,0,0,0,0,0,0,0,0,0,-33000,0,0,0,0,33000,-33000,-33000
03049P,台積電元富07售11,0,0,0,0,0,0,0,0,0,-33000,0,0,0,243000,276000,-33000,-33000
03254P,台積電國泰03售09,0,0,0,0,0,0,0,0,0,-33000,0,0,0,18000,51000,-33000,-33000
060531,大立光中信9A購04,0,0,0,0,0,0,0,0,0,-33000,0,0,0,12000,45000,-33000,-33000
063459,華通元大9B購08  ,0,0,0,0,0,0,0,0,0,-33000,0,0,0,0,33000,-33000,-33000
063600,燿華凱基9B購04  ,0,0,0,0,0,0,0,0,0,-33000,0,0,0,59000,92000,-33000,-33000
064040,鴻海統一9C購18  ,0,0,0,0,0,0,0,0,0,-33000,0,0,0,11000,44000,-33000,-33000
063778,亞德客永豐9B購02,0,0,0,0,0,0,0,0,0,-33000,0,0,0,20000,53000,-33000,-33000
067211,聯發科元大01購19,0,0,0,0,0,0,0,0,0,-33000,0,0,0,565000,598000,-33000,-33000
066564,智伸科元大01購01,0,0,0,0,0,0,0,0,0,-33000,0,0,0,21000,54000,-33000,-33000
065388,華擎兆豐01購01  ,0,0,0,0,0,0,0,0,0,-33000,0,0,0,0,33000,-33000,-33000
065613,GIS元大9C購08   ,0,0,0,0,0,0,0,0,0,-33000,0,0,0,10000,43000,-33000,-33000
065788,緯創永豐9C購02  ,0,0,0,0,0,0,0,0,0,-33000,0,0,0,19000,52000,-33000,-33000
065027,玉晶光中信03購01,0,0,0,0,0,0,0,0,0,-33000,0,0,0,174000,207000,-33000,-33000
064758,可成凱基02購02  ,0,0,0,0,0,0,0,0,0,-33000,0,0,0,57000,90000,-33000,-33000
064626,聯茂元大9C購01  ,0,0,0,0,0,0,0,0,0,-33000,0,0,0,100000,133000,-33000,-33000
2007,燁興            ,0,33000,-33000,0,0,0,0,0,0,0,0,0,0,0,0,0,-33000
068509,義隆台新01購01  ,0,0,0,0,0,0,0,0,0,-34000,0,0,0,2000,36000,-34000,-34000
08897P,國巨群益01售10  ,0,0,0,0,0,0,0,0,0,-34000,0,0,0,4000,38000,-34000,-34000
08884P,義隆國票02售01  ,0,0,0,0,0,0,0,0,0,-34000,0,0,0,6000,40000,-34000,-34000
08372P,大立光凱基01售04,0,0,0,0,0,0,0,0,0,-34000,0,0,0,0,34000,-34000,-34000
08058P,華新科元大9B售10,0,0,0,0,0,0,0,0,0,-34000,0,0,0,0,34000,-34000,-34000
057318,台光電凱基9A購01,0,0,0,0,0,0,0,0,0,-34000,0,0,0,110000,144000,-34000,-34000
060022,勤誠康和99購01  ,0,0,0,0,0,0,0,0,0,-34000,0,0,0,0,34000,-34000,-34000
060044,大立光群益99購09,0,0,0,0,0,0,0,0,0,-34000,0,0,0,0,34000,-34000,-34000
062266,世紀鋼元大9B購02,0,0,0,0,0,0,0,0,0,-34000,0,0,0,230000,264000,-34000,-34000
057969,緯穎國泰99購01  ,0,0,0,0,0,0,0,0,0,-34000,0,0,0,91000,125000,-34000,-34000
060424,中租永豐9A購01  ,0,0,0,0,0,0,0,0,0,-34000,0,0,0,17000,51000,-34000,-34000
062578,超眾群益9B購01  ,0,0,0,0,0,0,0,0,0,-34000,0,0,0,10000,44000,-34000,-34000
062793,鴻海統一9B購06  ,0,0,0,0,0,0,0,0,0,-34000,0,0,0,0,34000,-34000,-34000
063604,群創凱基01購02  ,0,0,0,0,0,0,0,0,0,-34000,0,0,0,31000,65000,-34000,-34000
061454,國巨凱基9A購16  ,0,0,0,0,0,0,0,0,0,-34000,0,0,0,11000,45000,-34000,-34000
063379,帆宣永豐9B購01  ,0,0,0,0,0,0,0,0,0,-34000,0,0,0,0,34000,-34000,-34000
061793,上銀永豐9B購01  ,0,0,0,0,0,0,0,0,0,-34000,0,0,0,95000,129000,-34000,-34000
060567,華擎富邦9C購01  ,0,0,0,0,0,0,0,0,0,-34000,0,0,0,0,34000,-34000,-34000
064995,世紀鋼兆豐9C購01,0,0,0,0,0,0,0,0,0,-34000,0,0,0,21000,55000,-34000,-34000
065185,和大統一02購05  ,0,0,0,0,0,0,0,0,0,-34000,0,0,0,10000,44000,-34000,-34000
065827,正崴凱基9C購01  ,0,0,0,0,0,0,0,0,0,-34000,0,0,0,61000,95000,-34000,-34000
066507,和碩富邦03購01  ,0,0,0,0,0,0,0,0,0,-34000,0,0,0,5000,39000,-34000,-34000
066922,台表科麥證01購01,0,0,0,74000,108000,-34000,0,0,0,-34000,0,0,0,74000,108000,-34000,-34000
2405,浩鑫            ,25000,59000,-34000,0,0,0,0,0,0,0,0,0,0,0,0,0,-34000
2605,新興            ,127000,160000,-33000,0,0,0,0,0,0,-1000,2000,0,2000,10000,13000,-3000,-34000
1456,怡華            ,20000,54392,-34392,0,0,0,0,0,0,0,0,0,0,0,0,0,-34392
068822,欣興元大02購04  ,0,0,0,0,0,0,0,0,0,-35000,0,0,0,112000,147000,-35000,-35000
068807,上緯控群益02購01,0,0,0,0,0,0,0,0,0,-35000,0,0,0,0,35000,-35000,-35000
08441P,同欣電元富9C售01,0,0,0,0,0,0,0,0,0,-35000,0,0,0,150000,185000,-35000,-35000
068289,國泰金群益01購01,0,0,0,0,0,0,0,0,0,-35000,0,0,0,0,35000,-35000,-35000
068160,智易元大01購01  ,0,0,0,0,0,0,0,0,0,-35000,0,0,0,13000,48000,-35000,-35000
067593,亞德客凱基01購01,0,0,0,0,0,0,0,0,0,-35000,0,0,0,50000,85000,-35000,-35000
067432,大立光凱基03購04,0,0,0,0,0,0,0,0,0,-35000,0,0,0,0,35000,-35000,-35000
067463,T50反1元大01購04,0,0,0,0,0,0,0,0,0,-35000,0,0,0,185000,220000,-35000,-35000
057763,康控凱基99購02  ,0,0,0,0,0,0,0,0,0,-35000,0,0,0,0,35000,-35000,-35000
057959,欣興元大98購14  ,0,0,0,0,0,0,0,0,0,-35000,0,0,0,3000,38000,-35000,-35000
058448,滬深2X永豐9A購01,0,0,0,0,0,0,0,0,0,-35000,0,0,0,10000,45000,-35000,-35000
061626,超眾群益9A購02  ,0,0,0,0,0,0,0,0,0,-35000,0,0,0,11000,46000,-35000,-35000
058822,樺漢國泰9B購01  ,0,0,0,0,0,0,0,0,0,-35000,0,0,0,2000,37000,-35000,-35000
060884,超眾中信9B購01  ,0,0,0,0,0,0,0,0,0,-35000,0,0,0,25000,60000,-35000,-35000
056498,A50正2富邦9B購01,0,0,0,0,0,0,0,0,0,-35000,0,0,0,44000,79000,-35000,-35000
057222,鴻海國票99購04  ,0,0,0,0,0,0,0,0,0,-35000,0,0,0,0,35000,-35000,-35000
03692C,T50反1元大05牛01,0,0,0,0,0,0,0,0,0,-35000,0,0,0,0,35000,-35000,-35000
062458,全新群益9B購03  ,0,0,0,0,0,0,0,0,0,-35000,0,0,0,5000,40000,-35000,-35000
064349,泰鼎元大9C購02  ,0,0,0,0,0,0,0,0,0,-35000,0,0,0,101000,136000,-35000,-35000
064252,嘉澤元富9C購01  ,0,0,0,0,0,0,0,0,0,-35000,0,0,0,28000,63000,-35000,-35000
063668,奇力新統一01購03,0,0,0,0,0,0,0,0,0,-35000,0,0,0,0,35000,-35000,-35000
061347,創意元大9A購02  ,0,0,0,0,0,0,0,0,0,-35000,0,0,0,5000,40000,-35000,-35000
063467,大立光元大9C購06,0,0,0,0,0,0,0,0,0,-35000,0,0,0,0,35000,-35000,-35000
063100,聚陽群益9C購02  ,0,0,0,0,0,0,0,0,0,-35000,0,0,0,15000,50000,-35000,-35000
064049,信邦統一01購01  ,0,0,0,0,0,0,0,0,0,-35000,0,0,0,5000,40000,-35000,-35000
063932,世芯統一01購01  ,0,0,0,0,0,0,0,0,0,-35000,0,0,0,7000,42000,-35000,-35000
065726,京元電凱基9C購02,0,0,0,0,0,0,0,0,0,-35000,0,0,0,5000,40000,-35000,-35000
065411,旺宏永豐9C購02  ,0,0,0,0,0,0,0,0,0,-35000,0,0,0,0,35000,-35000,-35000
064589,聯鈞永豐9C購01  ,0,0,0,0,0,0,0,0,0,-35000,0,0,0,6000,41000,-35000,-35000
064863,台積電永豐9C購01,0,0,0,0,0,0,0,0,0,-35000,0,0,0,0,35000,-35000,-35000
1104,環泥            ,8000,43000,-35000,0,0,0,0,0,0,0,0,0,0,0,0,0,-35000
2545,皇翔            ,19000,49000,-30000,0,0,0,0,0,0,-5000,0,5000,-5000,0,0,0,-35000
4104,佳醫            ,52000,93000,-41000,0,0,0,0,0,0,6000,6000,0,6000,0,0,0,-35000
1325,恆大            ,8000,59100,-51100,0,0,0,0,0,0,16000,15000,0,15000,11000,10000,1000,-35100
08873P,欣興永豐01售01  ,0,0,0,0,0,0,0,0,0,-36000,0,0,0,12000,48000,-36000,-36000
068857,華通元富08購01  ,0,0,0,0,0,0,0,0,0,-36000,0,0,0,0,36000,-36000,-36000
03032P,華通國票03售01  ,0,0,0,0,0,0,0,0,0,-36000,0,0,0,4000,40000,-36000,-36000
00682U,元大美元指數    ,0,0,0,0,0,0,0,0,0,-36000,0,0,0,31000,67000,-36000,-36000
058623,國巨國票99購08  ,0,0,0,0,0,0,0,0,0,-36000,0,0,0,38000,74000,-36000,-36000
059359,精元永豐99購01  ,0,0,0,0,0,0,0,0,0,-36000,0,0,0,21000,57000,-36000,-36000
063086,祥碩凱基9C購01  ,0,0,0,0,0,0,0,0,0,-36000,0,0,0,0,36000,-36000,-36000
064323,滬深2X元大9C購09,0,0,0,0,0,0,0,0,0,-36000,0,0,0,21000,57000,-36000,-36000
060558,億豐凱基9A購01  ,0,0,0,0,0,0,0,0,0,-36000,0,0,0,0,36000,-36000,-36000
065060,上銀群益9C購02  ,0,0,0,0,0,0,0,0,0,-36000,0,0,0,136000,172000,-36000,-36000
065696,旺宏群益9C購06  ,0,0,0,0,0,0,0,0,0,-36000,0,0,0,8000,44000,-36000,-36000
066937,群創國票03購01  ,0,0,0,0,0,0,0,0,0,-36000,0,0,0,26000,62000,-36000,-36000
067164,台虹國票02購01  ,0,0,0,0,0,0,0,0,0,-36000,0,0,0,44000,80000,-36000,-36000
066718,滬深2X元大01購05,0,0,0,0,0,0,0,0,0,-36000,0,0,0,1159000,1195000,-36000,-36000
2908,特力            ,4000,40000,-36000,0,0,0,0,0,0,0,0,0,0,0,0,0,-36000
6192,巨路            ,7126,44000,-36874,0,0,0,0,0,0,0,0,0,0,0,0,0,-36874
068721,致茂元大02購01  ,0,0,0,0,0,0,0,0,0,-37000,0,0,0,0,37000,-37000,-37000
08523P,金像電元大9C售06,0,0,0,0,0,0,0,0,0,-37000,0,0,0,0,37000,-37000,-37000
067285,欣興國票02購01  ,0,0,0,0,0,0,0,0,0,-37000,0,0,0,397000,434000,-37000,-37000
068035,聯詠元富07購03  ,0,0,0,0,0,0,0,0,0,-37000,0,0,0,111000,148000,-37000,-37000
068311,牧德國票03購02  ,0,0,0,0,0,0,0,0,0,-37000,0,0,0,64000,101000,-37000,-37000
059959,訊芯康和99購01  ,0,0,0,0,0,0,0,0,0,-37000,0,0,0,8000,45000,-37000,-37000
058188,華擎永豐99購01  ,0,0,0,0,0,0,0,0,0,-37000,0,0,0,74000,111000,-37000,-37000
057819,新日興元大99購01,0,0,0,0,0,0,0,0,0,-37000,0,0,0,0,37000,-37000,-37000
058572,百和凱基9A購01  ,0,0,0,0,0,0,0,0,0,-37000,0,0,0,1000,38000,-37000,-37000
063907,華通凱基9C購03  ,0,0,0,0,0,0,0,0,0,-37000,0,0,0,13000,50000,-37000,-37000
03066P,台積電群益01售19,0,0,0,0,0,0,0,0,0,-37000,0,0,0,0,37000,-37000,-37000
03117P,南電康和01售03  ,0,0,0,0,0,0,0,0,0,-37000,0,0,0,0,37000,-37000,-37000
056385,創意國泰99購01  ,0,0,0,0,0,0,0,0,0,-37000,0,0,0,10000,47000,-37000,-37000
062495,友達中信01購02  ,0,0,0,0,0,0,0,0,0,-37000,0,0,0,3000,40000,-37000,-37000
061042,致新永豐9A購02  ,0,0,0,0,0,0,0,0,0,-37000,0,0,0,0,37000,-37000,-37000
063343,美律統一9C購01  ,0,0,0,0,0,0,0,0,0,-37000,0,0,0,5000,42000,-37000,-37000
062054,鴻海統一9C購06  ,0,0,0,0,0,0,0,0,0,-37000,0,0,0,0,37000,-37000,-37000
062642,帆宣國票9B購01  ,0,0,0,0,0,0,0,0,0,-37000,0,0,0,0,37000,-37000,-37000
066624,燿華凱基01購02  ,0,0,0,0,0,0,0,0,0,-37000,0,0,0,77000,114000,-37000,-37000
066595,敦泰群益01購01  ,0,0,0,0,0,0,0,0,0,-37000,0,0,0,55000,92000,-37000,-37000
066927,亞德客國票02購01,0,0,0,0,0,0,0,0,0,-37000,0,0,0,117000,154000,-37000,-37000
065800,技嘉群益9C購01  ,0,0,0,0,0,0,0,0,0,-37000,0,0,0,24000,61000,-37000,-37000
065184,和大統一02購04  ,0,0,0,0,0,0,0,0,0,-37000,0,0,0,0,37000,-37000,-37000
6168,宏齊            ,205000,242000,-37000,0,0,0,0,0,0,0,0,0,0,0,0,0,-37000
4720,德淵            ,52000,88000,-36000,0,0,0,0,0,0,-1000,1000,2000,-1000,0,0,0,-37000
3530,晶相光          ,147000,173000,-26000,0,0,0,0,0,0,-11000,0,0,0,4000,15000,-11000,-37000
1442,名軒            ,17000,57000,-40000,0,0,0,0,0,0,3000,3000,0,3000,0,0,0,-37000
1527,鑽全            ,31000,72000,-41000,0,0,0,0,0,0,4000,4000,0,4000,0,0,0,-37000
067404,盛群永豐01購01  ,0,0,0,0,0,0,0,0,0,-38000,0,0,0,0,38000,-38000,-38000
08445P,臺股指麥證9C售03,0,0,0,0,38000,-38000,0,0,0,-38000,0,0,0,0,38000,-38000,-38000
068562,台積電元大03購02,0,0,0,0,0,0,0,0,0,-38000,0,0,0,1254000,1292000,-38000,-38000
057363,華通元大99購02  ,0,0,0,0,0,0,0,0,0,-38000,0,0,0,10000,48000,-38000,-38000
060059,鴻海兆豐99購06  ,0,0,0,0,0,0,0,0,0,-38000,0,0,0,0,38000,-38000,-38000
061624,中租群益9A購01  ,0,0,0,0,0,0,0,0,0,-38000,0,0,0,0,38000,-38000,-38000
060944,國泰金國票9A購01,0,0,0,0,0,0,0,0,0,-38000,0,0,0,30000,68000,-38000,-38000
060339,國巨統一01購01  ,0,0,0,0,0,0,0,0,0,-38000,0,0,0,14000,52000,-38000,-38000
059742,富邦金元富99購01,0,0,0,0,0,0,0,0,0,-38000,0,0,0,0,38000,-38000,-38000
063125,華擎元大9C購02  ,0,0,0,0,0,0,0,0,0,-38000,0,0,0,55000,93000,-38000,-38000
062321,力成台新9B購01  ,0,0,0,0,0,0,0,0,0,-38000,0,0,0,0,38000,-38000,-38000
062863,聯茂國票9B購01  ,0,0,0,0,0,0,0,0,0,-38000,0,0,0,0,38000,-38000,-38000
061418,世紀鋼群益9A購02,0,0,0,0,0,0,0,0,0,-38000,0,0,0,65000,103000,-38000,-38000
062148,奇鋐國票9B購01  ,0,0,0,0,0,0,0,0,0,-38000,0,0,0,0,38000,-38000,-38000
063341,燿華統一9C購01  ,0,0,0,0,0,0,0,0,0,-38000,0,0,0,166000,204000,-38000,-38000
064080,宏達電中信06購01,0,0,0,0,0,0,0,0,0,-38000,0,0,0,114000,152000,-38000,-38000
065460,嘉聯益台新9C購01,0,0,0,0,0,0,0,0,0,-38000,0,0,0,20000,58000,-38000,-38000
066618,南六康和01購01  ,0,0,0,0,0,0,0,0,0,-38000,0,0,0,99000,137000,-38000,-38000
066302,卜蜂永豐01購01  ,0,0,0,0,0,0,0,0,0,-38000,0,0,0,4000,42000,-38000,-38000
066002,健策國票02購01  ,0,0,0,0,0,0,0,0,0,-38000,0,0,0,3000,41000,-38000,-38000
065962,鴻海元大01購04  ,0,0,0,0,0,0,0,0,0,-38000,0,0,0,30000,68000,-38000,-38000
066100,鎧勝中信05購01  ,0,0,0,0,0,0,0,0,0,-38000,0,0,0,0,38000,-38000,-38000
068690,喬山凱基03購01  ,0,0,0,0,0,0,0,0,0,-39000,0,0,0,0,39000,-39000,-39000
068739,台灣50群益02購06,0,0,0,0,0,0,0,0,0,-39000,0,0,0,0,39000,-39000,-39000
068748,可成群益03購01  ,0,0,0,0,0,0,0,0,0,-39000,0,0,0,30000,69000,-39000,-39000
08036P,嘉澤群益9B售03  ,0,0,0,0,0,0,0,0,0,-39000,0,0,0,63000,102000,-39000,-39000
08877P,臺股指中信04售03,0,0,0,0,0,0,0,0,0,-39000,0,0,0,15000,54000,-39000,-39000
08881P,奇力新凱基01售02,0,0,0,0,0,0,0,0,0,-39000,0,0,0,10000,49000,-39000,-39000
067363,同欣電群益01購02,0,0,0,0,0,0,0,0,0,-39000,0,0,0,0,39000,-39000,-39000
067564,訊芯國票02購01  ,0,0,0,0,0,0,0,0,0,-39000,0,0,0,8000,47000,-39000,-39000
067913,華城永豐01購03  ,0,0,0,0,0,0,0,0,0,-39000,0,0,0,21000,60000,-39000,-39000
059821,美律凱基99購08  ,0,0,0,0,0,0,0,0,0,-39000,0,0,0,10000,49000,-39000,-39000
060229,楠梓電元大9C購01,0,0,0,0,0,0,0,0,0,-39000,0,0,0,13000,52000,-39000,-39000
061604,台光電凱基9B購01,0,0,0,0,0,0,0,0,0,-39000,0,0,0,5000,44000,-39000,-39000
058766,力山兆豐99購01  ,0,0,0,0,0,0,0,0,0,-39000,0,0,0,53000,92000,-39000,-39000
060028,國揚永豐99購01  ,0,0,0,0,0,0,0,0,0,-39000,0,0,0,0,39000,-39000,-39000
03222P,為升凱基02售02  ,0,0,0,0,0,0,0,0,0,-39000,0,0,0,0,39000,-39000,-39000
062531,大立光統一9C購06,0,0,0,0,0,0,0,0,0,-39000,0,0,0,0,39000,-39000,-39000
064180,國巨富邦02購03  ,0,0,0,0,0,0,0,0,0,-39000,0,0,0,31000,70000,-39000,-39000
064411,台表科凱基02購01,0,0,0,0,0,0,0,0,0,-39000,0,0,0,94000,133000,-39000,-39000
064504,玉晶光元大01購02,0,0,0,0,0,0,0,0,0,-39000,0,0,0,18000,57000,-39000,-39000
061886,力山國泰01購01  ,0,0,0,0,0,0,0,0,0,-39000,0,0,0,60000,99000,-39000,-39000
063561,上銀元大9B購08  ,0,0,0,0,0,0,0,0,0,-39000,0,0,0,59000,98000,-39000,-39000
064013,創意國票01購01  ,0,0,0,0,0,0,0,0,0,-39000,0,0,0,17000,56000,-39000,-39000
063742,道瓊指國票9C購01,0,0,0,0,0,0,0,0,0,-39000,0,0,0,0,39000,-39000,-39000
066147,美利達群益01購01,0,0,0,0,0,0,0,0,0,-39000,0,0,0,30000,69000,-39000,-39000
066210,瑞祺統一02購01  ,0,0,0,0,0,0,0,0,0,-39000,0,0,0,0,39000,-39000,-39000
066298,美利達元大01購02,0,0,0,0,0,0,0,0,0,-39000,0,0,0,0,39000,-39000,-39000
066549,京元電元大01購03,0,0,0,0,0,0,0,0,0,-39000,0,0,0,209000,248000,-39000,-39000
064955,健策凱基9C購03  ,0,0,0,0,0,0,0,0,0,-39000,0,0,0,3000,42000,-39000,-39000
064560,技嘉群益01購01  ,0,0,0,0,0,0,0,0,0,-39000,0,0,0,7000,46000,-39000,-39000
064682,嘉聯益兆豐01購01,0,0,0,0,0,0,0,0,0,-39000,0,0,0,16000,55000,-39000,-39000
06804P,臺股指群益98售10,0,0,0,0,0,0,0,0,0,-40000,0,0,0,0,40000,-40000,-40000
068217,台達電統一03購01,0,0,0,0,0,0,0,0,0,-40000,0,0,0,420000,460000,-40000,-40000
068419,聯發科兆豐03購02,0,0,0,0,0,0,0,0,0,-40000,0,0,0,30000,70000,-40000,-40000
068413,健策台新01購01  ,0,0,0,0,0,0,0,0,0,-40000,0,0,0,0,40000,-40000,-40000
067648,國巨元富07購09  ,0,0,0,0,0,0,0,0,0,-40000,0,0,0,10000,50000,-40000,-40000
067846,大立光元富01購01,0,0,0,0,0,0,0,0,0,-40000,0,0,0,0,40000,-40000,-40000
067535,友達群益02購01  ,0,0,0,0,0,0,0,0,0,-40000,0,0,0,0,40000,-40000,-40000
08550P,台灣50群益02售04,0,0,0,0,0,0,0,0,0,-40000,0,0,0,0,40000,-40000,-40000
07946P,華通統一9B售02  ,0,0,0,0,0,0,0,0,0,-40000,0,0,0,0,40000,-40000,-40000
06937P,GIS元大98售03   ,0,0,0,0,0,0,0,0,0,-40000,0,0,0,0,40000,-40000,-40000
068866,申豐元富05購01  ,0,0,0,0,0,0,0,0,0,-40000,0,0,0,0,40000,-40000,-40000
03147P,台灣50群益03售02,0,0,0,0,0,0,0,0,0,-40000,0,0,0,0,40000,-40000,-40000
03001P,玉晶光群益02售17,0,0,0,0,0,0,0,0,0,-40000,0,0,0,62000,102000,-40000,-40000
054874,帆宣群益99購02  ,0,0,0,0,0,0,0,0,0,-40000,0,0,0,0,40000,-40000,-40000
058554,瀚宇博永豐99購01,0,0,0,0,0,0,0,0,0,-40000,0,0,0,0,40000,-40000,-40000
063841,國巨元大01購01  ,0,0,0,0,0,0,0,0,0,-40000,0,0,0,44000,84000,-40000,-40000
064031,玉晶光元大02購01,0,0,0,0,0,0,0,0,0,-40000,0,0,0,0,40000,-40000,-40000
063093,國產國票9B購01  ,0,0,0,0,0,0,0,0,0,-40000,0,0,0,0,40000,-40000,-40000
063089,巨大凱基9C購01  ,0,0,0,0,0,0,0,0,0,-40000,0,0,0,0,40000,-40000,-40000
063589,美食永豐9B購02  ,0,0,0,0,0,0,0,0,0,-40000,0,0,0,0,40000,-40000,-40000
063289,台表科元大9B購07,0,0,0,0,0,0,0,0,0,-40000,0,0,0,72000,112000,-40000,-40000
061789,群創群益9B購01  ,0,0,0,0,0,0,0,0,0,-40000,0,0,0,3000,43000,-40000,-40000
060965,中租凱基9B購01  ,0,0,0,0,0,0,0,0,0,-40000,0,0,0,0,40000,-40000,-40000
062026,華邦電群益9B購01,0,0,0,0,0,0,0,0,0,-40000,0,0,0,0,40000,-40000,-40000
062529,可成統一9C購03  ,0,0,0,0,0,0,0,0,0,-40000,0,0,0,0,40000,-40000,-40000
064122,國巨元大9C購17  ,0,0,0,0,0,0,0,0,0,-40000,0,0,0,64000,104000,-40000,-40000
064764,聯茂凱基01購01  ,0,0,0,0,0,0,0,0,0,-40000,0,0,0,12000,52000,-40000,-40000
064691,友達群益9C購04  ,0,0,0,0,0,0,0,0,0,-40000,0,0,0,0,40000,-40000,-40000
064952,國泰金凱基9C購01,0,0,0,0,0,0,0,0,0,-40000,0,0,0,0,40000,-40000,-40000
065163,香港反元大03購01,0,0,0,0,0,0,0,0,0,-40000,0,0,0,10000,50000,-40000,-40000
065066,南電群益9C購02  ,0,0,0,0,0,0,0,0,0,-40000,0,0,0,0,40000,-40000,-40000
065085,聯發科元大01購02,0,0,0,0,0,0,0,0,0,-40000,0,0,0,0,40000,-40000,-40000
065470,聚陽元大01購01  ,0,0,0,0,0,0,0,0,0,-40000,0,0,0,10000,50000,-40000,-40000
065449,中租統一9C購01  ,0,0,0,0,0,0,0,0,0,-40000,0,0,0,0,40000,-40000,-40000
065686,同欣電統一03購01,0,0,0,0,0,0,0,0,0,-40000,0,0,0,0,40000,-40000,-40000
066499,台郡國泰02購01  ,0,0,0,0,0,0,0,0,0,-40000,0,0,0,14000,54000,-40000,-40000
066059,帆宣元大01購01  ,0,0,0,0,0,0,0,0,0,-40000,0,0,0,0,40000,-40000,-40000
066009,創意統一02購02  ,0,0,0,0,0,0,0,0,0,-40000,0,0,0,1071000,1111000,-40000,-40000
066621,川湖凱基01購01  ,0,0,0,0,0,0,0,0,0,-40000,0,0,0,0,40000,-40000,-40000
08960P,聯發科凱基01售15,0,0,0,0,0,0,0,0,0,-40000,0,0,0,0,40000,-40000,-40000
2374,佳能            ,51000,91000,-40000,0,0,0,0,0,0,0,0,0,0,0,0,0,-40000
6224,聚鼎            ,34000,53000,-19000,0,0,0,0,0,0,-21000,6000,27000,-21000,0,0,0,-40000
6112,聚碩            ,30000,64000,-34000,0,0,0,0,0,0,-6000,0,0,0,0,6000,-6000,-40000
08271P,華通元富9C售01  ,0,0,0,0,0,0,0,0,0,-41000,0,0,0,0,41000,-41000,-41000
067434,日月光凱基01購01,0,0,0,0,0,0,0,0,0,-41000,0,0,0,5000,46000,-41000,-41000
067368,技嘉統一03購01  ,0,0,0,0,0,0,0,0,0,-41000,0,0,0,10000,51000,-41000,-41000
068529,貿聯元富07購01  ,0,0,0,0,0,0,0,0,0,-41000,0,0,0,2000,43000,-41000,-41000
058520,智易元大99購03  ,0,0,0,0,0,0,0,0,0,-41000,0,0,0,4000,45000,-41000,-41000
057525,光磊元大99購01  ,0,0,0,0,0,0,0,0,0,-41000,0,0,0,150000,191000,-41000,-41000
057636,上銀元大98購06  ,0,0,0,0,0,0,0,0,0,-41000,0,0,0,31000,72000,-41000,-41000
059641,群創凱基99購06  ,0,0,0,0,0,0,0,0,0,-41000,0,0,0,8000,49000,-41000,-41000
059298,大立光元富9C購02,0,0,0,0,0,0,0,0,0,-41000,0,0,0,137000,178000,-41000,-41000
057163,上銀元大98購04  ,0,0,0,0,0,0,0,0,0,-41000,0,0,0,0,41000,-41000,-41000
063261,康控富邦03購01  ,0,0,0,0,0,0,0,0,0,-41000,0,0,0,20000,61000,-41000,-41000
063464,廣達元大9B購02  ,0,0,0,0,0,0,0,0,0,-41000,0,0,0,52000,93000,-41000,-41000
061157,聯鈞群益9A購02  ,0,0,0,0,0,0,0,0,0,-41000,0,0,0,0,41000,-41000,-41000
062783,大立光元大9C購03,0,0,0,0,0,0,0,0,0,-41000,0,0,0,0,41000,-41000,-41000
062726,華擎凱基9B購02  ,0,0,0,0,0,0,0,0,0,-41000,0,0,0,0,41000,-41000,-41000
067077,智原元大01購04  ,0,0,0,0,0,0,0,0,0,-41000,0,0,0,252000,293000,-41000,-41000
066386,宏全康和01購01  ,0,0,0,0,0,0,0,0,0,-41000,0,0,0,2000,43000,-41000,-41000
064725,緯創統一02購01  ,0,0,0,0,0,0,0,0,0,-41000,0,0,0,35000,76000,-41000,-41000
064646,群創凱基02購01  ,0,0,0,0,0,0,0,0,0,-41000,0,0,0,53000,94000,-41000,-41000
9908,大台北          ,6000,23000,-17000,0,0,0,0,0,0,-24000,4000,28000,-24000,0,0,0,-41000
1234,黑松            ,5000,46000,-41000,0,0,0,0,0,0,0,0,0,0,0,0,0,-41000
3029,零壹            ,653000,697000,-44000,0,0,0,118,0,118,2000,2000,0,2000,0,0,0,-41882
067784,富邦金群益02購01,0,0,0,0,0,0,0,0,0,-42000,0,0,0,20000,62000,-42000,-42000
08339P,上銀統一9C售04  ,0,0,0,0,0,0,0,0,0,-42000,0,0,0,0,42000,-42000,-42000
08561P,台表科國票01售02,0,0,0,0,0,0,0,0,0,-42000,0,0,0,68000,110000,-42000,-42000
08538P,聯發科國票01售01,0,0,0,0,0,0,0,0,0,-42000,0,0,0,0,42000,-42000,-42000
08696P,臺股指群益01售01,0,0,0,0,0,0,0,0,0,-42000,0,0,0,0,42000,-42000,-42000
068736,南電元大02購02  ,0,0,0,0,0,0,0,0,0,-42000,0,0,0,79000,121000,-42000,-42000
056699,光罩國泰99購01  ,0,0,0,0,0,0,0,0,0,-42000,0,0,0,25000,67000,-42000,-42000
03094X,大立光元大68展08,0,0,0,0,0,0,0,0,0,-42000,0,0,0,0,42000,-42000,-42000
053316,友達群益9A購01  ,0,0,0,0,0,0,0,0,0,-42000,0,0,0,0,42000,-42000,-42000
056554,GIS凱基99購01   ,0,0,0,0,0,0,0,0,0,-42000,0,0,0,8000,50000,-42000,-42000
057000,亞德客國票99購01,0,0,0,0,0,0,0,0,0,-42000,0,0,0,10000,52000,-42000,-42000
060381,元黃金凱基9A購01,0,0,0,0,0,0,0,0,0,-42000,0,0,0,1000,43000,-42000,-42000
062804,玉晶光統一9C購04,0,0,0,0,0,0,0,0,0,-42000,0,0,0,5000,47000,-42000,-42000
063155,緯穎元富9B購03  ,0,0,0,0,0,0,0,0,0,-42000,0,0,0,60000,102000,-42000,-42000
063972,緯創國票9C購01  ,0,0,0,0,0,0,0,0,0,-42000,0,0,0,20000,62000,-42000,-42000
061485,鴻海兆豐9A購01  ,0,0,0,0,0,0,0,0,0,-42000,0,0,0,0,42000,-42000,-42000
063560,力山元大9B購05  ,0,0,0,0,0,0,0,0,0,-42000,0,0,0,396000,438000,-42000,-42000
063433,臻鼎元富9B購01  ,0,0,0,0,0,0,0,0,0,-42000,0,0,0,94000,136000,-42000,-42000
064586,緯創永豐9C購01  ,0,0,0,0,0,0,0,0,0,-42000,0,0,0,9000,51000,-42000,-42000
065677,南亞科統一03購02,10000,0,10000,0,0,0,0,0,0,-52000,0,0,0,50000,102000,-52000,-42000
066563,日月光元大01購01,0,0,0,0,0,0,0,0,0,-42000,0,0,0,69000,111000,-42000,-42000
066749,瑞祺元大01購03  ,0,0,0,0,0,0,0,0,0,-42000,0,0,0,182000,224000,-42000,-42000
066767,敦泰永豐01購02  ,0,0,0,0,0,0,0,0,0,-42000,0,0,0,1000,43000,-42000,-42000
1723,中碳            ,33000,71000,-38000,0,0,0,0,0,0,-4000,0,0,0,0,4000,-4000,-42000
2705,六福            ,24000,66267,-42267,0,0,0,0,0,0,0,0,0,0,0,0,0,-42267
6414,樺漢            ,109000,84000,25000,0,0,0,59,100000,-99941,32000,31000,8000,23000,10000,1000,9000,-42941
06977P,臺股指元大9A售15,0,0,0,0,0,0,0,0,0,-43000,0,0,0,1000,44000,-43000,-43000
08675P,旺宏群益01售03  ,0,0,0,0,0,0,0,0,0,-43000,0,0,0,20000,63000,-43000,-43000
08771P,滬深2X凱基01售02,0,0,0,0,0,0,0,0,0,-43000,0,0,0,0,43000,-43000,-43000
067986,亞德客元大01購04,0,0,0,0,0,0,0,0,0,-43000,0,0,0,188000,231000,-43000,-43000
057684,聯茂日盛99購01  ,0,0,0,0,0,0,0,0,0,-43000,0,0,0,0,43000,-43000,-43000
063831,帆宣國票01購01  ,0,0,0,0,0,0,0,0,0,-43000,0,0,0,2000,45000,-43000,-43000
03113P,南電元大01售09  ,0,0,0,0,0,0,0,0,0,-43000,0,0,0,20000,63000,-43000,-43000
061293,聯茂統一9A購01  ,0,0,0,0,0,0,0,0,0,-43000,0,0,0,0,43000,-43000,-43000
061723,嘉聯益永豐9A購03,0,0,0,0,0,0,0,0,0,-43000,0,0,0,0,43000,-43000,-43000
066912,盛群凱基01購01  ,0,0,0,0,0,0,0,0,0,-43000,0,0,0,0,43000,-43000,-43000
064932,緯穎統一01購04  ,0,0,0,0,0,0,0,0,0,-43000,0,0,0,200000,243000,-43000,-43000
1721,三晃            ,2000,46000,-44000,0,0,0,0,0,0,1000,1000,0,1000,0,0,0,-43000
1231,聯華食          ,3000,46000,-43000,0,0,0,0,0,0,0,0,0,0,0,0,0,-43000
068768,台積電統一05購01,0,0,0,0,0,0,0,0,0,-44000,0,0,0,0,44000,-44000,-44000
068669,國巨統一03購04  ,0,0,0,0,0,0,0,0,0,-44000,0,0,0,0,44000,-44000,-44000
056670,樺漢國票99購01  ,0,0,0,0,0,0,0,0,0,-44000,0,0,0,0,44000,-44000,-44000
056726,友達日盛9A購01  ,0,0,0,0,0,0,0,0,0,-44000,0,0,0,0,44000,-44000,-44000
03048P,南電國票03售01  ,0,0,0,0,0,0,0,0,0,-44000,0,0,0,0,44000,-44000,-44000
055680,美律凱基99購01  ,0,0,0,0,0,0,0,0,0,-44000,0,0,0,0,44000,-44000,-44000
062221,奇力新統一01購01,0,0,0,0,0,0,0,0,0,-44000,0,0,0,20000,64000,-44000,-44000
057837,康控國泰99購02  ,0,0,0,0,0,0,0,0,0,-44000,0,0,0,12000,56000,-44000,-44000
057824,日月光元大98購01,0,0,0,0,0,0,0,0,0,-44000,0,0,0,88000,132000,-44000,-44000
061858,南電國票9B購02  ,0,0,0,0,0,0,0,0,0,-44000,0,0,0,16000,60000,-44000,-44000
061933,光寶科國票9B購01,0,0,0,0,0,0,0,0,0,-44000,0,0,0,3000,47000,-44000,-44000
064221,華通國票01購01  ,0,0,0,0,0,0,0,0,0,-44000,0,0,0,247000,291000,-44000,-44000
064289,台郡元大9C購01  ,0,0,0,0,0,0,0,0,0,-44000,0,0,0,7000,51000,-44000,-44000
061463,智邦群益9A購02  ,0,0,0,0,0,0,0,0,0,-44000,0,0,0,60000,104000,-44000,-44000
061227,日月光中信9B購01,0,0,0,0,0,0,0,0,0,-44000,0,0,0,367000,411000,-44000,-44000
063506,嘉晶群益9B購01  ,0,0,0,0,0,0,0,0,0,-44000,0,0,0,110000,154000,-44000,-44000
063236,旺宏元大9B購07  ,0,0,0,0,0,0,0,0,0,-44000,0,0,0,1000,45000,-44000,-44000
065126,世芯永豐9C購02  ,5000,0,5000,0,0,0,0,0,0,-49000,0,0,0,147000,196000,-49000,-44000
065424,華新凱基02購01  ,0,0,0,0,0,0,0,0,0,-44000,0,0,0,1000,45000,-44000,-44000
065533,台光電統一02購03,0,0,0,0,0,0,0,0,0,-44000,0,0,0,378000,422000,-44000,-44000
065403,健鼎國泰02購01  ,0,0,0,0,0,0,0,0,0,-44000,0,0,0,0,44000,-44000,-44000
066565,泰鼎元大01購01  ,0,0,0,0,0,0,0,0,0,-44000,0,0,0,189000,233000,-44000,-44000
6592,和潤企業        ,105000,126000,-21000,0,0,0,0,0,0,-23000,0,40000,-40000,17000,0,17000,-44000
068491,美律元大01購06  ,0,0,0,0,0,0,0,0,0,-45000,0,0,0,240000,285000,-45000,-45000
068309,聯詠國票03購01  ,0,0,0,0,0,0,0,0,0,-45000,0,0,0,27000,72000,-45000,-45000
067398,欣興永豐01購04  ,0,0,0,0,0,0,0,0,0,-45000,0,0,0,2000,47000,-45000,-45000
059070,道瓊指元大99購02,0,0,0,0,0,0,0,0,0,-45000,0,0,0,0,45000,-45000,-45000
059159,上銀凱基99購05  ,0,0,0,0,0,0,0,0,0,-45000,0,0,0,0,45000,-45000,-45000
058455,玉晶光永豐99購03,0,0,0,0,0,0,0,0,0,-45000,0,0,0,11000,56000,-45000,-45000
058790,楠梓電元大99購03,0,0,0,0,0,0,0,0,0,-45000,0,0,0,14000,59000,-45000,-45000
057974,上銀永豐98購02  ,0,0,0,0,0,0,0,0,0,-45000,0,0,0,0,45000,-45000,-45000
053058,台光電永昌99購01,0,0,0,0,0,0,0,0,0,-45000,0,0,0,5000,50000,-45000,-45000
03455B,臺股指凱基03熊06,0,0,0,0,0,0,0,0,0,-45000,0,0,0,0,45000,-45000,-45000
063978,美食兆豐9C購01  ,0,0,0,0,0,0,0,0,0,-45000,0,0,0,55000,100000,-45000,-45000
062559,嘉晶凱基9B購02  ,0,0,0,0,0,0,0,0,0,-45000,0,0,0,20000,65000,-45000,-45000
063526,台光電凱基9B購04,0,0,0,0,0,0,0,0,0,-45000,0,0,0,0,45000,-45000,-45000
063599,智邦凱基9B購04  ,0,0,0,0,0,0,0,0,0,-45000,0,0,0,28000,73000,-45000,-45000
061949,大立光群益9B購03,0,0,0,0,0,0,0,0,0,-45000,0,0,0,0,45000,-45000,-45000
062062,貿聯統一01購01  ,0,0,0,0,0,0,0,0,0,-45000,0,0,0,135000,180000,-45000,-45000
062085,同欣電元大9B購01,0,0,0,0,0,0,0,0,0,-45000,0,0,0,5000,50000,-45000,-45000
061649,緯穎元大9A購06  ,0,0,0,0,0,0,0,0,0,-45000,0,0,0,40000,85000,-45000,-45000
066050,亞光元大01購01  ,0,0,0,0,0,0,0,0,0,-45000,0,0,0,98000,143000,-45000,-45000
066141,盛群群益01購01  ,0,0,0,0,0,0,0,0,0,-45000,0,0,0,3000,48000,-45000,-45000
067195,台虹凱基02購01  ,0,0,0,0,0,0,0,0,0,-45000,0,0,0,5000,50000,-45000,-45000
064808,國產元大9C購02  ,0,0,0,0,0,0,0,0,0,-45000,0,0,0,0,45000,-45000,-45000
8028,昇陽半導體      ,110000,154000,-44000,0,0,0,0,0,0,-1000,1000,1000,0,0,1000,-1000,-45000
3312,弘憶股          ,27000,70000,-43000,0,0,0,0,0,0,-2000,0,2000,-2000,0,0,0,-45000
4108,懷特            ,238000,283000,-45000,0,0,0,0,0,0,0,0,0,0,0,0,0,-45000
2227,裕日車          ,4000,50000,-46000,0,0,0,1000,0,1000,0,0,0,0,0,0,0,-45000
067642,貿聯統一01購03  ,0,0,0,0,0,0,0,0,0,-46000,0,0,0,123000,169000,-46000,-46000
068524,友達元富07購01  ,0,0,0,0,0,0,0,0,0,-46000,0,0,0,85000,131000,-46000,-46000
068631,亞泥凱基02購01  ,0,0,0,0,0,0,0,0,0,-46000,0,0,0,0,46000,-46000,-46000
068535,台積電中信05購06,0,0,0,0,0,0,0,0,0,-46000,0,0,0,0,46000,-46000,-46000
057442,玉晶光統一98購03,0,0,0,0,0,0,0,0,0,-46000,0,0,0,42000,88000,-46000,-46000
058763,和碩群益99購01  ,0,0,0,0,0,0,0,0,0,-46000,0,0,0,13000,59000,-46000,-46000
063911,大立光凱基9C購03,0,0,0,0,0,0,0,0,0,-46000,0,0,0,0,46000,-46000,-46000
059148,百和國票9A購01  ,0,0,0,0,0,0,0,0,0,-46000,0,0,0,0,46000,-46000,-46000
061699,燿華國票9A購01  ,0,0,0,0,0,0,0,0,0,-46000,0,0,0,1000,47000,-46000,-46000
063336,大成鋼統一9C購02,0,0,0,0,0,0,0,0,0,-46000,0,0,0,0,46000,-46000,-46000
064228,同欣電國票01購01,0,0,0,0,0,0,0,0,0,-46000,0,0,0,64000,110000,-46000,-46000
063483,致新元大9B購03  ,0,0,0,0,0,0,0,0,0,-46000,0,0,0,63000,109000,-46000,-46000
062635,創意國票9B購01  ,0,0,0,0,0,0,0,0,0,-46000,0,0,0,10000,56000,-46000,-46000
064785,康友群益9C購01  ,0,0,0,0,0,0,0,0,0,-46000,0,0,0,4000,50000,-46000,-46000
067191,康控凱基01購02  ,0,0,0,0,0,0,0,0,0,-46000,0,0,0,2000,48000,-46000,-46000
067213,大立光元大01購11,0,0,0,0,0,0,0,0,0,-46000,0,0,0,0,46000,-46000,-46000
066993,世紀鋼群益01購03,0,0,0,0,0,0,0,0,0,-46000,0,0,0,4000,50000,-46000,-46000
066133,京元電群益01購01,0,0,0,0,0,0,0,0,0,-46000,0,0,0,0,46000,-46000,-46000
066035,南電群益01購01  ,0,0,0,0,0,0,0,0,0,-46000,0,0,0,42000,88000,-46000,-46000
2380,虹光            ,0,46000,-46000,0,0,0,0,0,0,0,0,0,0,0,0,0,-46000
2351,順德            ,13000,54000,-41000,0,0,0,0,0,0,-5000,0,5000,-5000,0,0,0,-46000
2428,興勤            ,29000,76000,-47000,0,0,0,0,0,0,1000,4000,0,4000,0,3000,-3000,-46000
3209,全科            ,19000,64000,-45000,0,0,0,0,0,0,-1000,0,1000,-1000,0,0,0,-46000
6277,宏正            ,0,45000,-45000,0,0,0,0,0,0,-1000,0,1000,-1000,0,0,0,-46000
08367P,臺股指凱基9C售11,0,0,0,0,0,0,0,0,0,-47000,0,0,0,14000,61000,-47000,-47000
068395,GIS統一03購03   ,0,0,0,0,0,0,0,0,0,-47000,0,0,0,3000,50000,-47000,-47000
068043,GIS元富07購02   ,0,0,0,0,0,0,0,0,0,-47000,0,0,0,0,47000,-47000,-47000
067563,上緯控國票02購01,0,0,0,0,0,0,0,0,0,-47000,0,0,0,68000,115000,-47000,-47000
063850,玉晶光元大9C購07,0,0,0,0,0,0,0,0,0,-47000,0,0,0,0,47000,-47000,-47000
062208,旭富國票9C購01  ,0,0,0,0,0,0,0,0,0,-47000,0,0,0,0,47000,-47000,-47000
03103P,聯發科元富01售02,0,0,0,0,0,0,0,0,0,-47000,0,0,0,29000,76000,-47000,-47000
056765,友達元大9B購05  ,0,0,0,0,0,0,0,0,0,-47000,0,0,0,0,47000,-47000,-47000
061416,聯茂群益9A購01  ,0,0,0,0,0,0,0,0,0,-47000,0,0,0,0,47000,-47000,-47000
062021,康控永豐9B購01  ,0,0,0,0,0,0,0,0,0,-47000,0,0,0,0,47000,-47000,-47000
066511,劍麟永豐01購01  ,0,0,0,0,0,0,0,0,0,-47000,0,0,0,0,47000,-47000,-47000
064801,鴻海元大9C購13  ,0,0,0,0,0,0,0,0,0,-47000,0,0,0,3000,50000,-47000,-47000
068226,聯發科元富04購02,0,0,0,0,0,0,0,0,0,-48000,0,0,0,17000,65000,-48000,-48000
08400P,美律元富9C售02  ,0,0,0,0,0,0,0,0,0,-48000,0,0,0,143000,191000,-48000,-48000
08521P,台達電元大9C售03,0,0,0,0,0,0,0,0,0,-48000,0,0,0,71000,119000,-48000,-48000
056146,台虹元大98購01  ,0,0,0,0,0,0,0,0,0,-48000,0,0,0,0,48000,-48000,-48000
03128P,玉晶光國泰03售04,0,0,0,0,0,0,0,0,0,-48000,0,0,0,12000,60000,-48000,-48000
058873,美律國票9A購02  ,0,0,0,0,0,0,0,0,0,-48000,0,0,0,0,48000,-48000,-48000
060855,華新科富邦01購01,0,0,0,0,0,0,0,0,0,-48000,0,0,0,150000,198000,-48000,-48000
064315,創意群益9C購01  ,0,0,0,0,0,0,0,0,0,-48000,0,0,0,35000,83000,-48000,-48000
062774,儒鴻元大9C購01  ,0,0,0,0,0,0,0,0,0,-48000,0,0,0,2000,50000,-48000,-48000
063205,貿聯統一9C購01  ,0,0,0,0,0,0,0,0,0,-48000,0,0,0,126000,174000,-48000,-48000
066956,華擎元大01購04  ,0,0,0,0,0,0,0,0,0,-48000,0,0,0,217000,265000,-48000,-48000
4912,聯德控股-KY     ,119000,162000,-43000,0,0,0,0,0,0,-5000,0,5000,-5000,0,0,0,-48000
068692,為升凱基02購03  ,0,0,0,0,0,0,0,0,0,-49000,0,0,0,0,49000,-49000,-49000
068283,帆宣中信01購02  ,0,0,0,0,0,0,0,0,0,-49000,0,0,0,85000,134000,-49000,-49000
067970,玉晶光群益02購20,0,0,0,0,0,0,0,0,0,-49000,0,0,0,13000,62000,-49000,-49000
060915,旭富元大9A購01  ,0,0,0,0,0,0,0,0,0,-49000,0,0,0,200000,249000,-49000,-49000
058540,嘉聯益國泰9A購02,0,0,0,0,0,0,0,0,0,-49000,0,0,0,5000,54000,-49000,-49000
03151P,聯發科群益01售14,0,0,0,0,0,0,0,0,0,-49000,0,0,0,38000,87000,-49000,-49000
056260,鴻海統一98購07  ,0,0,0,0,0,0,0,0,0,-49000,0,0,0,0,49000,-49000,-49000
063943,台光電元大9C購02,0,0,0,0,0,0,0,0,0,-49000,0,0,0,25000,74000,-49000,-49000
063940,國巨元大01購02  ,0,0,0,0,0,0,0,0,0,-49000,0,0,0,23000,72000,-49000,-49000
064008,日月光凱基9C購01,0,0,0,0,0,0,0,0,0,-49000,0,0,0,62000,111000,-49000,-49000
061503,臻鼎國票9B購01  ,0,0,0,0,0,0,0,0,0,-49000,0,0,0,0,49000,-49000,-49000
063499,金像電永豐9B購03,0,0,0,0,0,0,0,0,0,-49000,0,0,0,20000,69000,-49000,-49000
064434,微星凱基02購01  ,0,0,0,0,0,0,0,0,0,-49000,0,0,0,27000,76000,-49000,-49000
064113,新日興國票01購01,0,0,0,0,0,0,0,0,0,-49000,0,0,0,15000,64000,-49000,-49000
061816,長榮航群益9B購02,0,0,0,0,0,0,0,0,0,-49000,0,0,0,65000,114000,-49000,-49000
062165,聯茂國泰01購01  ,0,0,0,0,0,0,0,0,0,-49000,0,0,0,0,49000,-49000,-49000
066822,泰豐群益01購01  ,0,0,0,0,0,0,0,0,0,-49000,0,0,0,1000,50000,-49000,-49000
066054,創意元大01購02  ,0,0,0,0,0,0,0,0,0,-49000,0,0,0,207000,256000,-49000,-49000
065356,聯發科元富03購06,0,0,0,0,0,0,0,0,0,-49000,0,0,0,29000,78000,-49000,-49000
065731,群創凱基03購02  ,0,0,0,0,0,0,0,0,0,-49000,0,0,0,0,49000,-49000,-49000
4976,佳凌            ,80000,129000,-49000,0,0,0,0,0,0,0,0,0,0,0,0,0,-49000
6191,精成科          ,464000,302000,162000,0,0,0,0,0,0,-211000,0,0,0,0,211000,-211000,-49000
2466,冠西電          ,4000,53000,-49000,0,0,0,0,0,0,0,0,0,0,0,0,0,-49000
1905,華紙            ,99000,149000,-50000,0,0,0,0,0,0,1000,0,0,0,1000,0,1000,-49000
1217,愛之味          ,133000,182000,-49000,0,0,0,0,0,0,0,0,0,0,0,0,0,-49000
06799P,臺股指凱基98售09,0,0,0,0,0,0,0,0,0,-50000,0,0,0,0,50000,-50000,-50000
068314,南電國票03購02  ,0,0,0,0,0,0,0,0,0,-50000,0,0,0,113000,163000,-50000,-50000
06834P,訊芯群益99售02  ,0,0,0,0,0,0,0,0,0,-50000,0,0,0,33000,83000,-50000,-50000
067418,中化凱基01購01  ,0,0,0,0,0,0,0,0,0,-50000,0,0,0,215000,265000,-50000,-50000
068634,台積電凱基03購08,0,0,0,0,0,0,0,0,0,-50000,0,0,0,0,50000,-50000,-50000
068573,矽格元大01購06  ,0,0,0,0,0,0,0,0,0,-50000,0,0,0,10000,60000,-50000,-50000
068791,元大金凱基02購01,0,0,0,0,0,0,0,0,0,-50000,0,0,0,0,50000,-50000,-50000
07926P,上銀統一9B售02  ,0,0,0,0,0,0,0,0,0,-50000,0,0,0,0,50000,-50000,-50000
08512P,玉晶光永豐9C售06,0,0,0,0,0,0,0,0,0,-50000,0,0,0,0,50000,-50000,-50000
08458P,南電元大9C售04  ,0,0,0,0,0,0,0,0,0,-50000,0,0,0,0,50000,-50000,-50000
08403P,上銀元大9C售07  ,0,0,0,0,0,0,0,0,0,-50000,0,0,0,0,50000,-50000,-50000
08197P,聯發科元大9B售24,0,0,0,0,0,0,0,0,0,-50000,0,0,0,0,50000,-50000,-50000
03094P,台達電凱基01售04,0,0,0,0,0,0,0,0,0,-50000,0,0,0,70000,120000,-50000,-50000
03252P,台積電台新02售01,0,0,0,0,0,0,0,0,0,-50000,0,0,0,70000,120000,-50000,-50000
03235P,宏達電元大02售02,0,0,0,0,0,0,0,0,0,-50000,0,0,0,0,50000,-50000,-50000
03691C,T50反1元大01牛05,0,0,0,0,0,0,0,0,0,-50000,0,0,0,0,50000,-50000,-50000
048105,滬深2X群益99購02,0,0,0,0,0,0,0,0,0,-50000,0,0,0,0,50000,-50000,-50000
056358,友訊元大99購01  ,0,0,0,0,0,0,0,0,0,-50000,0,0,0,0,50000,-50000,-50000
056920,友達兆豐98購02  ,0,0,0,0,0,0,0,0,0,-50000,0,0,0,0,50000,-50000,-50000
053291,旺宏中信9A購01  ,0,0,0,0,0,0,0,0,0,-50000,0,0,0,0,50000,-50000,-50000
058062,上銀中信98購01  ,0,0,0,0,0,0,0,0,0,-50000,0,0,0,0,50000,-50000,-50000
058596,旺宏台新99購01  ,0,0,0,0,0,0,0,0,0,-50000,0,0,0,0,50000,-50000,-50000
058762,貿聯群益99購03  ,0,0,0,0,0,0,0,0,0,-50000,0,0,0,0,50000,-50000,-50000
058747,友達凱基9A購03  ,0,0,0,0,0,0,0,0,0,-50000,0,0,0,0,50000,-50000,-50000
063814,嘉晶群益9C購01  ,0,0,0,0,0,0,0,0,0,-50000,0,0,0,90000,140000,-50000,-50000
060281,卜蜂元大9C購01  ,0,0,0,0,0,0,0,0,0,-50000,0,0,0,0,50000,-50000,-50000
059100,元油2X統一9C購02,0,0,0,0,0,0,0,0,0,-50000,0,0,0,0,50000,-50000,-50000
059142,道瓊指國票9B購02,0,0,0,0,0,0,0,0,0,-50000,0,0,0,0,50000,-50000,-50000
060220,華新科凱基9A購08,0,0,0,0,0,0,0,0,0,-50000,0,0,0,0,50000,-50000,-50000
057534,旭富元大98購01  ,0,0,0,0,0,0,0,0,0,-50000,0,0,0,0,50000,-50000,-50000
059836,大立光國泰9B購02,0,0,0,0,0,0,0,0,0,-50000,0,0,0,0,50000,-50000,-50000
059951,台塑康和99購01  ,0,0,0,0,0,0,0,0,0,-50000,0,0,0,0,50000,-50000,-50000
058240,景碩元大99購04  ,0,0,0,0,0,0,0,0,0,-50000,0,0,0,0,50000,-50000,-50000
061668,信邦中信9B購01  ,0,0,0,0,0,0,0,0,0,-50000,0,0,0,0,50000,-50000,-50000
061681,南電元大9A購08  ,0,0,0,0,0,0,0,0,0,-50000,0,0,0,0,50000,-50000,-50000
060430,和潤永豐9A購01  ,0,0,0,0,0,0,0,0,0,-50000,0,0,0,0,50000,-50000,-50000
061877,貿聯元大9B購01  ,0,0,0,0,0,0,0,0,0,-50000,0,0,0,0,50000,-50000,-50000
061938,大立光國票9B購03,0,0,0,0,0,0,0,0,0,-50000,0,0,0,0,50000,-50000,-50000
063670,美食統一9C購01  ,0,0,0,0,0,0,0,0,0,-50000,0,0,0,0,50000,-50000,-50000
063687,金像電永豐9B購04,0,0,0,0,0,0,0,0,0,-50000,0,0,0,10000,60000,-50000,-50000
061003,南亞科兆豐9A購01,0,0,0,0,0,0,0,0,0,-50000,0,0,0,0,50000,-50000,-50000
061004,友達兆豐9A購01  ,0,0,0,0,0,0,0,0,0,-50000,0,0,0,0,50000,-50000,-50000
061044,世紀鋼永豐9A購02,0,0,0,0,0,0,0,0,0,-50000,0,0,0,0,50000,-50000,-50000
062449,臻鼎元大9B購01  ,0,0,0,0,0,0,0,0,0,-50000,0,0,0,15000,65000,-50000,-50000
060638,玉晶光永豐9A購04,0,0,0,0,0,0,0,0,0,-50000,0,0,0,0,50000,-50000,-50000
064290,GIS元大9C購04   ,0,0,0,0,0,0,0,0,0,-50000,0,0,0,0,50000,-50000,-50000
064278,高鐵元大9C購02  ,0,0,0,0,0,0,0,0,0,-50000,0,0,0,0,50000,-50000,-50000
063485,巨大元大9B購04  ,0,0,0,0,0,0,0,0,0,-50000,0,0,0,0,50000,-50000,-50000
062910,亞光元大9B購01  ,0,0,0,0,0,0,0,0,0,-50000,0,0,0,62000,112000,-50000,-50000
063247,信邦元大9B購02  ,0,0,0,0,0,0,0,0,0,-50000,0,0,0,190000,240000,-50000,-50000
061142,南電統一9A購01  ,0,0,0,0,0,0,0,0,0,-50000,0,0,0,28000,78000,-50000,-50000
063640,貿聯元大9B購03  ,0,0,0,0,0,0,0,0,0,-50000,0,0,0,0,50000,-50000,-50000
063628,華通元大9B購09  ,0,0,0,0,0,0,0,0,0,-50000,0,0,0,15000,65000,-50000,-50000
063047,大立光兆豐9B購03,0,0,0,0,0,0,0,0,0,-50000,0,0,0,0,50000,-50000,-50000
063795,上銀凱基9C購01  ,0,0,0,0,0,0,0,0,0,-50000,0,0,0,10000,60000,-50000,-50000
063207,聯茂統一01購01  ,0,0,0,0,0,0,0,0,0,-50000,0,0,0,10000,60000,-50000,-50000
062329,奇力新統一9C購03,0,0,0,0,0,0,0,0,0,-50000,0,0,0,0,50000,-50000,-50000
062621,緯穎元大9B購05  ,0,0,0,0,0,0,0,0,0,-50000,0,0,0,0,50000,-50000,-50000
065671,大立光凱基9C購07,0,0,0,0,0,0,0,0,0,-50000,0,0,0,0,50000,-50000,-50000
065918,可成凱基01購01  ,0,0,0,0,0,0,0,0,0,-50000,0,0,0,2000,52000,-50000,-50000
064664,微星元大9C購04  ,0,0,0,0,0,0,0,0,0,-50000,0,0,0,17000,67000,-50000,-50000
065086,可成元大01購04  ,0,0,0,0,0,0,0,0,0,-50000,0,0,0,6000,56000,-50000,-50000
065229,友達凱基02購03  ,0,0,0,0,0,0,0,0,0,-50000,0,0,0,0,50000,-50000,-50000
064943,聚陽凱基9C購01  ,0,0,0,0,0,0,0,0,0,-50000,0,0,0,0,50000,-50000,-50000
066183,眾達凱基01購01  ,0,0,0,0,0,0,0,0,0,-50000,0,0,0,70000,120000,-50000,-50000
066189,和潤凱基01購01  ,0,0,0,0,0,0,0,0,0,-50000,0,0,0,0,50000,-50000,-50000
066592,大立光群益01購06,0,0,0,0,0,0,0,0,0,-50000,0,0,0,0,50000,-50000,-50000
066651,創意康和01購04  ,0,0,0,0,0,0,0,0,0,-50000,0,0,0,440000,490000,-50000,-50000
08959P,國巨凱基01售07  ,0,0,0,0,0,0,0,0,0,-50000,0,0,0,0,50000,-50000,-50000
08541P,景碩國票01售02  ,0,0,0,0,0,0,0,0,0,-51000,0,0,0,67000,118000,-51000,-51000
068819,國揚元大02購01  ,0,0,0,0,0,0,0,0,0,-51000,0,0,0,0,51000,-51000,-51000
067514,申豐統一02購05  ,0,0,0,0,0,0,0,0,0,-51000,0,0,0,0,51000,-51000,-51000
067278,申豐統一02購03  ,0,0,0,0,0,0,0,0,0,-51000,0,0,0,43000,94000,-51000,-51000
067652,義隆元富01購01  ,0,0,0,0,0,0,0,0,0,-51000,0,0,0,98000,149000,-51000,-51000
067761,致伸永豐01購01  ,0,0,0,0,0,0,0,0,0,-51000,0,0,0,0,51000,-51000,-51000
059852,康控永豐99購02  ,0,0,0,0,0,0,0,0,0,-51000,0,0,0,32000,83000,-51000,-51000
058711,鴻海統一9A購02  ,0,0,0,0,0,0,0,0,0,-51000,0,0,0,0,51000,-51000,-51000
057964,緯穎元大99購03  ,0,0,0,0,0,0,0,0,0,-51000,0,0,0,72000,123000,-51000,-51000
057980,聯詠永豐98購01  ,0,0,0,0,0,0,0,0,0,-51000,0,0,0,0,51000,-51000,-51000
054479,緯創中信98購01  ,0,0,0,0,0,0,0,0,0,-51000,0,0,0,0,51000,-51000,-51000
03244P,台積電統一03售13,0,0,0,0,0,0,0,0,0,-51000,0,0,0,50000,101000,-51000,-51000
062350,台表科群益9B購01,0,0,0,0,0,0,0,0,0,-51000,0,0,0,69000,120000,-51000,-51000
066184,鎧勝凱基01購01  ,0,0,0,0,0,0,0,0,0,-51000,0,0,0,40000,91000,-51000,-51000
066570,力成元大02購01  ,0,0,0,0,0,0,0,0,0,-51000,0,0,0,20000,71000,-51000,-51000
064527,裕隆中信01購01  ,0,0,0,0,0,0,0,0,0,-51000,0,0,0,27000,78000,-51000,-51000
064827,友達統一02購02  ,0,0,0,0,0,0,0,0,0,-51000,0,0,0,0,51000,-51000,-51000
065802,義隆群益9C購05  ,0,0,0,0,0,0,0,0,0,-51000,0,0,0,5000,56000,-51000,-51000
065778,南亞科國泰01購01,0,0,0,0,0,0,0,0,0,-51000,0,0,0,0,51000,-51000,-51000
065264,亞光元大9C購02  ,0,0,0,0,0,0,0,0,0,-51000,0,0,0,75000,126000,-51000,-51000
067709,大立光元富07購01,0,0,0,0,0,0,0,0,0,-52000,0,0,0,10000,62000,-52000,-52000
067332,旺宏凱基03購02  ,0,0,0,0,0,0,0,0,0,-52000,0,0,0,0,52000,-52000,-52000
068021,泰鼎國票02購01  ,0,0,0,0,0,0,0,0,0,-52000,0,0,0,6000,58000,-52000,-52000
068058,聯電中信03購02  ,0,0,0,0,0,0,0,0,0,-52000,0,0,0,372000,424000,-52000,-52000
068798,南電凱基02購04  ,0,0,0,0,0,0,0,0,0,-52000,0,0,0,0,52000,-52000,-52000
08464P,牧德永豐9C售02  ,0,0,0,0,0,0,0,0,0,-52000,0,0,0,7000,59000,-52000,-52000
03421B,臺股指元大99熊01,0,0,0,0,0,0,0,0,0,-52000,0,0,0,0,52000,-52000,-52000
03009P,玉晶光凱基01售08,0,0,0,0,0,0,0,0,0,-52000,0,0,0,34000,86000,-52000,-52000
059343,宏達電凱基99購04,0,0,0,0,0,0,0,0,0,-52000,0,0,0,17000,69000,-52000,-52000
057745,泰鼎永豐99購01  ,0,0,0,0,0,0,0,0,0,-52000,0,0,0,148000,200000,-52000,-52000
063745,喬山國票9C購01  ,0,0,0,0,0,0,0,0,0,-52000,0,0,0,0,52000,-52000,-52000
064136,致新元大9C購01  ,0,0,0,0,0,0,0,0,0,-52000,0,0,0,53000,105000,-52000,-52000
064083,群創中信06購01  ,0,0,0,0,0,0,0,0,0,-52000,0,0,0,50000,102000,-52000,-52000
065839,鴻海元大9C購17  ,0,0,0,0,0,0,0,0,0,-52000,0,0,0,82000,134000,-52000,-52000
066154,聯強康和01購01  ,0,0,0,0,0,0,0,0,0,-52000,0,0,0,0,52000,-52000,-52000
065975,緯創元大02購01  ,0,0,0,0,0,0,0,0,0,-52000,0,0,0,189000,241000,-52000,-52000
066834,泰鼎群益01購01  ,0,0,0,0,0,0,0,0,0,-52000,0,0,0,3000,55000,-52000,-52000
6024,群益期          ,7000,59000,-52000,0,0,0,0,0,0,0,0,0,0,0,0,0,-52000
08666P,智邦國票02售01  ,0,0,0,0,0,0,0,0,0,-53000,0,0,0,20000,73000,-53000,-53000
08647P,鴻海凱基9C售06  ,0,0,0,0,0,0,0,0,0,-53000,0,0,0,8000,61000,-53000,-53000
068754,聯發科國泰08購01,0,0,0,0,0,0,0,0,0,-53000,0,0,0,11000,64000,-53000,-53000
068606,聯發科凱基01購26,0,0,0,0,0,0,0,0,0,-53000,0,0,0,2000,55000,-53000,-53000
07967P,力山元大9B售03  ,0,0,0,0,0,0,0,0,0,-53000,0,0,0,9000,62000,-53000,-53000
068172,燿華中信01購02  ,0,0,0,0,0,0,0,0,0,-53000,0,0,0,0,53000,-53000,-53000
068507,緯穎元大01購08  ,0,0,0,0,0,0,0,0,0,-53000,0,0,0,0,53000,-53000,-53000
067246,鎧勝群益01購02  ,0,0,0,0,0,0,0,0,0,-53000,0,0,0,99000,152000,-53000,-53000
067476,台光電元大01購04,0,0,0,0,0,0,0,0,0,-53000,0,0,0,179000,232000,-53000,-53000
059503,大立光富邦9B購04,0,0,0,0,0,0,0,0,0,-53000,0,0,0,43000,96000,-53000,-53000
057078,國巨統一9A購02  ,0,0,0,0,0,0,0,0,0,-53000,0,0,0,0,53000,-53000,-53000
064158,健鼎統一02購01  ,0,0,0,0,0,0,0,0,0,-53000,0,0,0,0,53000,-53000,-53000
064459,創意統一02購01  ,0,0,0,0,0,0,0,0,0,-53000,0,0,0,24000,77000,-53000,-53000
061831,智邦凱基9B購02  ,0,0,0,0,0,0,0,0,0,-53000,0,0,0,139000,192000,-53000,-53000
061198,世紀鋼永豐9A購03,0,0,0,0,0,0,0,0,0,-53000,0,0,0,2000,55000,-53000,-53000
063402,GIS群益9B購02   ,0,0,0,0,0,0,0,0,0,-53000,0,0,0,0,53000,-53000,-53000
067190,智伸科凱基02購01,0,0,0,0,0,0,0,0,0,-53000,0,0,0,30000,83000,-53000,-53000
066364,可成中信03購01  ,0,0,0,0,0,0,0,0,0,-53000,0,0,0,0,53000,-53000,-53000
065366,英業達元大9C購02,0,0,0,0,0,0,0,0,0,-53000,0,0,0,23000,76000,-53000,-53000
065030,亞光兆豐9C購01  ,0,0,0,0,0,0,0,0,0,-53000,0,0,0,0,53000,-53000,-53000
2328,廣宇            ,204000,257000,-53000,0,0,0,0,0,0,0,0,0,0,0,0,0,-53000
2852,第一保          ,13000,66000,-53000,0,0,0,0,0,0,0,0,0,0,0,0,0,-53000
067865,友達元大01購02  ,0,0,0,0,0,0,0,0,0,-54000,0,0,0,33000,87000,-54000,-54000
08657P,牧德群益9C售02  ,0,0,0,0,0,0,0,0,0,-54000,0,0,0,1000,55000,-54000,-54000
08745P,臺股指凱基02售06,0,0,0,0,0,0,0,0,0,-54000,0,0,0,6000,60000,-54000,-54000
03202P,聯電凱基01售03  ,0,0,0,0,0,0,0,0,0,-54000,0,0,0,43000,97000,-54000,-54000
059080,亞泥元大99購01  ,0,0,0,0,0,0,0,0,0,-54000,0,0,0,62000,116000,-54000,-54000
063578,瑞祺元大9B購03  ,0,0,0,0,0,0,0,0,0,-54000,0,0,0,84000,138000,-54000,-54000
061094,彩晶統一9B購02  ,0,0,0,0,0,0,0,0,0,-54000,0,0,0,0,54000,-54000,-54000
062309,燿華凱基9B購01  ,0,0,0,0,0,0,0,0,0,-54000,0,0,0,23000,77000,-54000,-54000
061948,美食群益9B購01  ,0,0,0,0,0,0,0,0,0,-54000,0,0,0,68000,122000,-54000,-54000
064391,亞德客永豐9C購01,0,0,0,0,0,0,0,0,0,-54000,0,0,0,0,54000,-54000,-54000
065704,華新科群益9C購05,0,0,0,0,0,0,0,0,0,-54000,0,0,0,85000,139000,-54000,-54000
066512,致茂永豐01購01  ,0,0,0,0,0,0,0,0,0,-54000,0,0,0,0,54000,-54000,-54000
066996,拓凱國泰03購02  ,0,0,0,0,0,0,0,0,0,-54000,0,0,0,40000,94000,-54000,-54000
08987P,臻鼎元富07售02  ,0,0,0,0,0,0,0,0,0,-54000,0,0,0,86000,140000,-54000,-54000
5515,建國            ,72000,128000,-56000,0,0,0,0,0,0,2000,2000,0,2000,0,0,0,-54000
8463,潤泰材          ,24000,78000,-54000,0,0,0,0,0,0,0,0,0,0,0,0,0,-54000
08555P,超眾國票01售01  ,0,0,0,0,0,0,0,0,0,-55000,0,0,0,0,55000,-55000,-55000
08123P,台表科國票9C售01,0,0,0,0,0,0,0,0,0,-55000,0,0,0,25000,80000,-55000,-55000
08111P,臺股指中信01售06,0,0,0,0,0,0,0,0,0,-55000,0,0,0,0,55000,-55000,-55000
067277,樺漢統一03購01  ,0,0,0,0,0,0,0,0,0,-55000,0,0,0,0,55000,-55000,-55000
068433,台光電凱基01購04,0,0,0,0,0,0,0,0,0,-55000,0,0,0,0,55000,-55000,-55000
068036,緯創元富02購01  ,0,0,0,0,0,0,0,0,0,-55000,0,0,0,85000,140000,-55000,-55000
059530,華新科凱基9A購05,0,0,0,0,0,0,0,0,0,-55000,0,0,0,75000,130000,-55000,-55000
063870,健策永豐01購01  ,0,0,0,0,0,0,0,0,0,-55000,0,0,0,1000,56000,-55000,-55000
060894,奇力新凱基9A購03,0,0,0,0,0,0,0,0,0,-55000,0,0,0,0,55000,-55000,-55000
058014,上銀凱基99購02  ,0,0,0,0,0,0,0,0,0,-55000,0,0,0,0,55000,-55000,-55000
055259,玉晶光統一9A購01,0,0,0,0,0,0,0,0,0,-55000,0,0,0,30000,85000,-55000,-55000
064351,中租元大9C購01  ,0,0,0,0,0,0,0,0,0,-55000,0,0,0,0,55000,-55000,-55000
064481,技嘉永豐9C購01  ,0,0,0,0,0,0,0,0,0,-55000,0,0,0,35000,90000,-55000,-55000
062479,TPK國票9B購01   ,0,0,0,0,0,0,0,0,0,-55000,0,0,0,50000,105000,-55000,-55000
060609,玉晶光凱基9B購01,0,0,0,0,0,0,0,0,0,-55000,0,0,0,3000,58000,-55000,-55000
061998,緯穎元大9B購03  ,0,0,0,0,0,0,0,0,0,-55000,0,0,0,33000,88000,-55000,-55000
061717,力成凱基9B購01  ,0,0,0,0,0,0,0,0,0,-55000,0,0,0,0,55000,-55000,-55000
061747,南亞科統一01購01,0,0,0,0,0,0,0,0,0,-55000,0,0,0,15000,70000,-55000,-55000
062379,致新元大9B購01  ,0,0,0,0,0,0,0,0,0,-55000,0,0,0,12000,67000,-55000,-55000
062100,矽格永豐9B購01  ,0,0,0,0,0,0,0,0,0,-55000,0,0,0,5000,60000,-55000,-55000
061288,大立光統一9C購01,0,0,0,0,0,0,0,0,0,-55000,0,0,0,0,55000,-55000,-55000
062850,友訊永豐9B購01  ,0,0,0,0,0,0,0,0,0,-55000,0,0,0,2000,57000,-55000,-55000
066625,瑞昱凱基02購01  ,0,0,0,0,0,0,0,0,0,-55000,0,0,0,435000,490000,-55000,-55000
066741,華擎元大01購03  ,0,0,0,0,0,0,0,0,0,-55000,0,0,0,50000,105000,-55000,-55000
066478,鴻海元富07購02  ,0,0,0,0,0,0,0,0,0,-55000,0,0,0,50000,105000,-55000,-55000
065781,創意富邦01購01  ,0,0,0,0,0,0,0,0,0,-55000,0,0,0,31000,86000,-55000,-55000
065413,玉晶光永豐9C購10,0,0,0,0,0,0,0,0,0,-55000,0,0,0,0,55000,-55000,-55000
065463,大立光中信01購02,0,0,0,0,0,0,0,0,0,-55000,0,0,0,66000,121000,-55000,-55000
065226,華通凱基01購01  ,0,0,0,0,0,0,0,0,0,-55000,0,0,0,0,55000,-55000,-55000
065233,TPK凱基01購01   ,0,0,0,0,0,0,0,0,0,-55000,0,0,0,0,55000,-55000,-55000
065072,和大元大9C購03  ,0,0,0,0,0,0,0,0,0,-55000,0,0,0,0,55000,-55000,-55000
2911,麗嬰房          ,47000,102000,-55000,0,0,0,0,0,0,0,0,0,0,0,0,0,-55000
067337,欣興凱基01購01  ,0,0,0,0,0,0,0,0,0,-56000,0,0,0,49000,105000,-56000,-56000
067559,高鐵國票02購01  ,0,0,0,0,0,0,0,0,0,-56000,0,0,0,0,56000,-56000,-56000
067877,T50反1群益01購07,0,0,0,0,0,0,0,0,0,-56000,0,0,0,0,56000,-56000,-56000
08779P,旺宏群益01售04  ,0,0,0,0,0,0,0,0,0,-56000,0,0,0,12000,68000,-56000,-56000
068576,台積電國泰03購07,0,0,0,0,0,0,0,0,0,-56000,0,0,0,91000,147000,-56000,-56000
00703,台新MSCI中國    ,0,0,0,0,0,0,0,0,0,-56000,0,0,0,214000,270000,-56000,-56000
03022P,玉晶光群益02售26,0,0,0,0,0,0,0,0,0,-56000,0,0,0,4000,60000,-56000,-56000
061625,聯茂群益9A購02  ,0,0,0,0,0,0,0,0,0,-56000,0,0,0,5000,61000,-56000,-56000
062234,廣達凱基9B購01  ,0,0,0,0,0,0,0,0,0,-56000,0,0,0,47000,103000,-56000,-56000
058324,嘉聯益永豐9A購01,0,0,0,0,0,0,0,0,0,-56000,0,0,0,12000,68000,-56000,-56000
059339,上銀凱基99購06  ,0,0,0,0,0,0,0,0,0,-56000,0,0,0,10000,66000,-56000,-56000
060406,瑞祺國泰9B購01  ,0,0,0,0,0,0,0,0,0,-56000,0,0,0,10000,66000,-56000,-56000
062902,智邦元大9B購07  ,0,0,0,0,0,0,0,0,0,-56000,0,0,0,93000,149000,-56000,-56000
061257,上銀凱基9A購06  ,0,0,0,0,0,0,0,0,0,-56000,0,0,0,71000,127000,-56000,-56000
062306,華通凱基9B購01  ,0,0,0,0,0,0,0,0,0,-56000,0,0,0,25000,81000,-56000,-56000
062703,可成元大9C購02  ,0,0,0,0,0,0,0,0,0,-56000,0,0,0,155000,211000,-56000,-56000
062332,大立光統一9B購11,0,0,0,0,0,0,0,0,0,-56000,0,0,0,224000,280000,-56000,-56000
064044,台光電統一01購03,0,0,0,0,0,0,0,0,0,-56000,0,0,0,0,56000,-56000,-56000
064018,儒鴻元大9C購02  ,0,0,0,0,0,0,0,0,0,-56000,0,0,0,66000,122000,-56000,-56000
065171,燿華元大9C購04  ,0,0,0,0,0,0,0,0,0,-56000,0,0,0,119000,175000,-56000,-56000
064629,和潤元大9C購01  ,0,0,0,0,0,0,0,0,0,-56000,0,0,0,19000,75000,-56000,-56000
065542,緯穎統一01購05  ,0,0,0,0,0,0,0,0,0,-56000,0,0,0,0,56000,-56000,-56000
065543,緯穎元富01購01  ,0,0,0,0,0,0,0,0,0,-56000,0,0,0,85000,141000,-56000,-56000
065882,景碩台新9C購03  ,0,0,0,0,0,0,0,0,0,-56000,0,0,0,17000,73000,-56000,-56000
065681,聯發科統一9C購17,0,0,0,0,0,0,0,0,0,-56000,0,0,0,65000,121000,-56000,-56000
066536,漢唐兆豐03購01  ,0,0,0,0,0,0,0,0,0,-56000,0,0,0,74000,130000,-56000,-56000
066989,聯茂群益01購01  ,0,0,0,0,0,0,0,0,0,-56000,0,0,0,0,56000,-56000,-56000
1304,台聚            ,66000,122000,-56000,0,0,0,0,0,0,0,0,0,0,0,0,0,-56000
068818,聯發科元大02購06,0,0,0,0,0,0,0,0,0,-57000,0,0,0,50000,107000,-57000,-57000
08760P,瑞昱元大01售02  ,0,0,0,0,0,0,0,0,0,-57000,0,0,0,5000,62000,-57000,-57000
067311,欣興元大01購06  ,0,0,0,0,0,0,0,0,0,-57000,0,0,0,24000,81000,-57000,-57000
068450,台積電國票01購10,0,0,0,0,0,0,0,0,0,-57000,0,0,0,202000,259000,-57000,-57000
060265,宏達電國票9A購02,0,0,0,0,0,0,0,0,0,-57000,0,0,0,30000,87000,-57000,-57000
061567,華通元大9A購11  ,0,0,0,0,0,0,0,0,0,-57000,0,0,0,7000,64000,-57000,-57000
03090P,臺股指元大01售19,0,0,0,0,0,0,0,0,0,-57000,0,0,0,15000,72000,-57000,-57000
062976,嘉澤元富9B購01  ,0,0,0,0,0,0,0,0,0,-57000,0,0,0,0,57000,-57000,-57000
061195,健策永豐9B購02  ,0,0,0,0,0,0,0,0,0,-57000,0,0,0,2000,59000,-57000,-57000
060642,華擎永豐9A購02  ,0,0,0,0,0,0,0,0,0,-57000,0,0,0,12000,69000,-57000,-57000
065915,聯發科凱基01購09,0,0,0,0,0,0,0,0,0,-57000,0,0,0,5000,62000,-57000,-57000
065790,創意永豐9C購02  ,0,0,0,0,0,0,0,0,0,-57000,0,0,0,52000,109000,-57000,-57000
064881,聯茂兆豐01購02  ,0,0,0,0,0,0,0,0,0,-57000,0,0,0,234000,291000,-57000,-57000
2464,盟立            ,151000,210000,-59000,0,0,0,0,0,0,2000,0,1000,-1000,3000,0,3000,-57000
9941,裕融            ,3000,60000,-57000,0,0,0,0,0,0,0,0,0,0,0,0,0,-57000
068435,聯發科凱基01購21,0,0,0,0,0,0,0,0,0,-58000,0,0,0,5000,63000,-58000,-58000
08410P,臺股指元大9C售16,0,0,0,0,0,0,0,0,0,-58000,0,0,0,0,58000,-58000,-58000
08042P,臺股指群益9B售15,0,0,0,0,0,0,0,0,0,-58000,0,0,0,0,58000,-58000,-58000
03027P,玉晶光元大01售09,0,0,0,0,0,0,0,0,0,-58000,0,0,0,20000,78000,-58000,-58000
056906,玉晶光元大9B購01,0,0,0,0,0,0,0,0,0,-58000,0,0,0,57000,115000,-58000,-58000
060836,上銀國票9A購03  ,0,0,0,0,0,0,0,0,0,-58000,0,0,0,5000,63000,-58000,-58000
064507,臻鼎元大9C購02  ,0,0,0,0,0,0,0,0,0,-58000,0,0,0,0,58000,-58000,-58000
061087,國巨統一01購04  ,0,0,0,0,0,0,0,0,0,-58000,0,0,0,19000,77000,-58000,-58000
062846,國泰金富邦9C購01,0,0,0,0,0,0,0,0,0,-58000,0,0,0,0,58000,-58000,-58000
063772,智邦富邦9B購02  ,0,0,0,0,0,0,0,0,0,-58000,0,0,0,271000,329000,-58000,-58000
065053,南電凱基02購01  ,0,0,0,0,0,0,0,0,0,-58000,0,0,0,10000,68000,-58000,-58000
065231,宏達電凱基01購01,0,0,0,0,0,0,0,0,0,-58000,0,0,0,0,58000,-58000,-58000
067184,聯發科凱基01購13,0,0,0,0,0,0,0,0,0,-58000,0,0,0,155000,213000,-58000,-58000
066020,東元群益01購01  ,0,0,0,0,0,0,0,0,0,-58000,0,0,0,42000,100000,-58000,-58000
068745,上銀群益02購01  ,0,0,0,0,0,0,0,0,0,-59000,0,0,0,0,59000,-59000,-59000
068578,帆宣國泰03購01  ,0,0,0,0,0,0,0,0,0,-59000,0,0,0,0,59000,-59000,-59000
068689,亞德客凱基02購01,0,0,0,0,0,0,0,0,0,-59000,0,0,0,0,59000,-59000,-59000
068154,聯發科元大01購23,0,0,0,0,0,0,0,0,0,-59000,0,0,0,594000,653000,-59000,-59000
067610,上緯控凱基02購01,0,0,0,0,0,0,0,0,0,-59000,0,0,0,34000,93000,-59000,-59000
063884,台表科元富03購01,0,0,0,0,0,0,0,0,0,-59000,0,0,0,41000,100000,-59000,-59000
057835,華擎元富9B購01  ,0,0,0,0,0,0,0,0,0,-59000,0,0,0,155000,214000,-59000,-59000
063597,健策中信9B購02  ,0,0,0,0,0,0,0,0,0,-59000,0,0,0,0,59000,-59000,-59000
064287,日月光元大9C購01,0,0,0,0,0,0,0,0,0,-59000,0,0,0,2000,61000,-59000,-59000
064092,世紀鋼凱基9C購03,0,0,0,0,0,0,0,0,0,-59000,0,0,0,15000,74000,-59000,-59000
067135,聯詠永豐01購02  ,0,0,0,0,0,0,0,0,0,-59000,0,0,0,41000,100000,-59000,-59000
066686,鴻海元富07購05  ,0,0,0,0,0,0,0,0,0,-59000,0,0,0,63000,122000,-59000,-59000
066901,台虹康和01購01  ,0,0,0,0,0,0,0,0,0,-59000,0,0,0,65000,124000,-59000,-59000
064902,健策群益01購03  ,0,0,0,0,0,0,0,0,0,-59000,0,0,0,17000,76000,-59000,-59000
064660,華通元大9C購05  ,0,0,0,0,0,0,0,0,0,-59000,0,0,0,56000,115000,-59000,-59000
065661,智原永豐9C購01  ,0,0,0,0,0,0,0,0,0,-59000,0,0,0,5000,64000,-59000,-59000
065549,智邦凱基9C購03  ,0,0,0,0,0,0,0,0,0,-59000,0,0,0,161000,220000,-59000,-59000
065431,大立光凱基02購02,0,0,0,0,0,0,0,0,0,-59000,0,0,0,42000,101000,-59000,-59000
065345,台光電統一01購04,0,0,0,0,0,0,0,0,0,-59000,0,0,0,187000,246000,-59000,-59000
6189,豐藝            ,15000,73000,-58000,0,0,0,0,0,0,-1000,0,1000,-1000,0,0,0,-59000
3044,健鼎            ,949000,1009000,-60000,0,0,0,50550,0,50550,-50000,69000,105000,-36000,42000,56000,-14000,-59450
067506,台光電統一02購04,0,0,0,0,0,0,0,0,0,-60000,0,0,0,112000,172000,-60000,-60000
068510,鴻海統一03購06  ,0,0,0,0,0,0,0,0,0,-60000,0,0,0,0,60000,-60000,-60000
068687,亞聚凱基02購01  ,0,0,0,0,0,0,0,0,0,-60000,0,0,0,0,60000,-60000,-60000
068774,T50反1元富08購02,0,0,0,0,0,0,0,0,0,-60000,0,0,0,0,60000,-60000,-60000
07011P,宏達電凱基99售02,0,0,0,0,0,0,0,0,0,-60000,0,0,0,16000,76000,-60000,-60000
08043P,電子類群益9B售01,0,0,0,0,0,0,0,0,0,-60000,0,0,0,0,60000,-60000,-60000
08041P,臺股指群益9B售14,0,0,0,0,0,0,0,0,0,-60000,0,0,0,0,60000,-60000,-60000
07748P,茂林凱基9A售04  ,0,0,0,0,0,0,0,0,0,-60000,0,0,0,0,60000,-60000,-60000
07673P,電子類元大9A售01,0,0,0,0,0,0,0,0,0,-60000,0,0,0,0,60000,-60000,-60000
08439P,智邦國票01售02  ,0,0,0,0,0,0,0,0,0,-60000,0,0,0,0,60000,-60000,-60000
08452P,智邦台新9C售05  ,0,0,0,0,0,0,0,0,0,-60000,0,0,0,0,60000,-60000,-60000
08332P,智邦台新9C售03  ,0,0,0,0,0,0,0,0,0,-60000,0,0,0,0,60000,-60000,-60000
08574P,聯發科凱基02售04,0,0,0,0,0,0,0,0,0,-60000,0,0,0,0,60000,-60000,-60000
057563,旭富國泰9A購01  ,0,0,0,0,0,0,0,0,0,-60000,0,0,0,0,60000,-60000,-60000
060340,國巨統一01購02  ,0,0,0,0,0,0,0,0,0,-60000,0,0,0,14000,74000,-60000,-60000
059622,上銀凱基99購10  ,0,0,0,0,0,0,0,0,0,-60000,0,0,0,16000,76000,-60000,-60000
061611,南六統一01購01  ,0,0,0,0,0,0,0,0,0,-60000,0,0,0,40000,100000,-60000,-60000
058510,全新元大9B購02  ,0,0,0,0,0,0,0,0,0,-60000,0,0,0,10000,70000,-60000,-60000
056854,友達中信9A購01  ,0,0,0,0,0,0,0,0,0,-60000,0,0,0,0,60000,-60000,-60000
056834,華新元富99購01  ,0,0,0,0,0,0,0,0,0,-60000,0,0,0,0,60000,-60000,-60000
057339,群創國票99購02  ,0,0,0,0,0,0,0,0,0,-60000,0,0,0,0,60000,-60000,-60000
055736,宏達電元富99購01,0,0,0,0,0,0,0,0,0,-60000,0,0,0,50000,110000,-60000,-60000
03021P,玉晶光群益02售25,0,0,0,0,0,0,0,0,0,-60000,0,0,0,0,60000,-60000,-60000
055487,國巨元大98購07  ,0,100000,-100000,0,0,0,0,0,0,40000,0,0,0,100000,60000,40000,-60000
056269,新日興統一98購01,0,0,0,0,0,0,0,0,0,-60000,0,0,0,0,60000,-60000,-60000
056518,美律國票99購01  ,0,0,0,0,0,0,0,0,0,-60000,0,0,0,0,60000,-60000,-60000
060708,康友富邦9B購01  ,0,0,0,0,0,0,0,0,0,-60000,0,0,0,0,60000,-60000,-60000
063696,T50反1群益9B購03,0,0,0,0,0,0,0,0,0,-60000,0,0,0,0,60000,-60000,-60000
061443,大立光統一9C購02,0,0,0,0,0,0,0,0,0,-60000,0,0,0,0,60000,-60000,-60000
063740,矽格元大9B購03  ,0,0,0,0,0,0,0,0,0,-60000,0,0,0,27000,87000,-60000,-60000
064009,超眾凱基01購01  ,0,0,0,0,0,0,0,0,0,-60000,0,0,0,16000,76000,-60000,-60000
064007,嘉澤凱基02購01  ,0,0,0,0,0,0,0,0,0,-60000,0,0,0,0,60000,-60000,-60000
062351,瑞祺群益9C購01  ,0,0,0,0,0,0,0,0,0,-60000,0,0,0,5000,65000,-60000,-60000
063190,聯茂凱基9B購01  ,0,0,0,0,0,0,0,0,0,-60000,0,0,0,0,60000,-60000,-60000
065420,中租國票01購01  ,0,0,0,0,0,0,0,0,0,-60000,0,0,0,0,60000,-60000,-60000
065732,健策凱基9C購04  ,0,0,0,0,0,0,0,0,0,-60000,0,0,0,9000,69000,-60000,-60000
065946,鴻海統一03購03  ,0,0,0,0,0,0,0,0,0,-60000,0,0,0,0,60000,-60000,-60000
065046,玉晶光凱基01購03,0,0,0,0,0,0,0,0,0,-60000,0,0,0,84000,144000,-60000,-60000
067210,聯發科元大01購18,0,0,0,0,0,0,0,0,0,-60000,0,0,0,181000,241000,-60000,-60000
066268,宏達電元大01購02,0,0,0,0,0,0,0,0,0,-60000,0,0,0,281000,341000,-60000,-60000
8016,矽創            ,261000,317000,-56000,0,0,0,2000,0,2000,-6000,3000,1000,2000,8000,16000,-8000,-60000
2406,國碩            ,180000,240000,-60000,0,0,0,0,0,0,0,0,0,0,0,0,0,-60000
2617,台航            ,27000,89000,-62000,0,0,0,0,0,0,2000,2000,0,2000,0,0,0,-60000
1459,聯發            ,2000,62000,-60000,0,0,0,0,0,0,0,0,0,0,0,0,0,-60000
1517,利奇            ,627000,687000,-60000,0,0,0,0,0,0,0,0,0,0,0,0,0,-60000
08853P,嘉晶群益02售02  ,0,0,0,0,0,0,0,0,0,-61000,0,0,0,12000,73000,-61000,-61000
067361,旭富群益01購02  ,0,0,0,0,0,0,0,0,0,-61000,0,0,0,26000,87000,-61000,-61000
067584,技嘉群益02購01  ,0,0,0,0,0,0,0,0,0,-61000,0,0,0,10000,71000,-61000,-61000
067872,玉晶光元大02購03,0,0,0,0,0,0,0,0,0,-61000,0,0,0,146000,207000,-61000,-61000
057103,禾伸堂中信9A購01,0,0,0,0,0,0,0,0,0,-61000,0,0,0,24000,85000,-61000,-61000
059878,聯茂凱基99購07  ,0,0,0,0,0,0,0,0,0,-61000,0,0,0,0,61000,-61000,-61000
063063,泰鼎元富9B購01  ,0,0,0,0,0,0,0,0,0,-61000,0,0,0,29000,90000,-61000,-61000
064095,鴻海群益01購02  ,0,0,0,0,0,0,0,0,0,-61000,0,0,0,50000,111000,-61000,-61000
064256,玉晶光國泰02購02,0,0,0,0,0,0,0,0,0,-61000,0,0,0,91000,152000,-61000,-61000
066175,聯鈞凱基01購01  ,0,0,0,0,0,0,0,0,0,-61000,0,0,0,17000,78000,-61000,-61000
066008,大立光統一03購02,0,0,0,0,0,0,0,0,0,-61000,0,0,0,15000,76000,-61000,-61000
1305,華夏            ,83000,94000,-11000,0,0,0,0,0,0,-50000,0,0,0,5000,55000,-50000,-61000
067268,日月光永豐01購01,0,0,0,0,0,0,0,0,0,-62000,0,0,0,68000,130000,-62000,-62000
067974,玉晶光群益02購24,0,0,0,0,0,0,0,0,0,-62000,0,0,0,28000,90000,-62000,-62000
057548,微星凱基99購01  ,0,0,0,0,0,0,0,0,0,-62000,0,0,0,92000,154000,-62000,-62000
058323,泰鼎永豐9A購01  ,0,0,0,0,0,0,0,0,0,-62000,0,0,0,1000,63000,-62000,-62000
054312,TPK凱基98購01   ,0,0,0,0,0,0,0,0,0,-62000,0,0,0,80000,142000,-62000,-62000
064097,友訊群益9C購01  ,0,0,0,0,0,0,0,0,0,-62000,0,0,0,3000,65000,-62000,-62000
060557,南電凱基9A購02  ,0,0,0,0,0,0,0,0,0,-62000,0,0,0,18000,80000,-62000,-62000
064000,台郡兆豐9C購01  ,0,0,0,0,0,0,0,0,0,-62000,0,0,0,21000,83000,-62000,-62000
062319,南六凱基9B購02  ,0,0,0,0,0,0,0,0,0,-62000,0,0,0,108000,170000,-62000,-62000
063265,瑞祺永豐9B購01  ,0,0,0,0,0,0,0,0,0,-62000,0,0,0,436000,498000,-62000,-62000
066319,聯強永豐01購01  ,0,0,0,0,0,0,0,0,0,-62000,0,0,0,0,62000,-62000,-62000
067160,燿華國票03購01  ,0,0,0,0,0,0,0,0,0,-62000,0,0,0,74000,136000,-62000,-62000
065198,玉晶光元富06購01,0,0,0,0,0,0,0,0,0,-62000,0,0,0,57000,119000,-62000,-62000
065679,聯發科統一03購01,0,0,0,0,0,0,0,0,0,-62000,0,0,0,0,62000,-62000,-62000
2816,旺旺保          ,14000,76000,-62000,0,0,0,0,0,0,0,0,0,0,0,0,0,-62000
067892,玉晶光群益02購06,0,0,0,0,0,0,0,0,0,-63000,0,0,0,55000,118000,-63000,-63000
068352,台積電凱基01購22,0,0,0,0,0,0,0,0,0,-63000,0,0,0,5000,68000,-63000,-63000
08077P,亞德客國票9B售02,0,0,0,0,0,0,0,0,0,-63000,0,0,0,7000,70000,-63000,-63000
062251,旺宏元大9B購06  ,0,0,0,0,0,0,0,0,0,-63000,0,0,0,5000,68000,-63000,-63000
057787,TPK國票99購01   ,0,0,0,0,0,0,0,0,0,-63000,0,0,0,106000,169000,-63000,-63000
063298,統一凱基9B購01  ,0,0,0,0,0,0,0,0,0,-63000,0,0,0,0,63000,-63000,-63000
063539,世紀鋼統一9B購02,0,0,0,0,0,0,0,0,0,-63000,0,0,0,42000,105000,-63000,-63000
064442,嘉聯益凱基9C購01,0,0,0,0,0,0,0,0,0,-63000,0,0,0,250000,313000,-63000,-63000
065751,台光電元大9C購06,0,0,0,0,0,0,0,0,0,-63000,0,0,0,32000,95000,-63000,-63000
065571,神基群益01購01  ,0,0,0,0,0,0,0,0,0,-63000,0,0,0,0,63000,-63000,-63000
066948,聯發科元大01購16,0,0,0,0,0,0,0,0,0,-63000,0,0,0,161000,224000,-63000,-63000
06688P,鴻海中信02售01  ,0,0,0,0,0,0,0,0,0,-63000,0,0,0,0,63000,-63000,-63000
066376,聯詠兆豐01購01  ,0,0,0,0,0,0,0,0,0,-63000,0,0,0,256000,319000,-63000,-63000
068263,台灣50永豐01購01,0,0,0,0,0,0,0,0,0,-64000,0,0,0,0,64000,-64000,-64000
067946,聯發科國泰03購04,0,0,0,0,0,0,0,0,0,-64000,0,0,0,267000,331000,-64000,-64000
068155,國揚元大01購03  ,0,0,0,0,0,0,0,0,0,-64000,0,0,0,238000,302000,-64000,-64000
067799,玉晶光康和01購01,0,0,0,0,0,0,0,0,0,-64000,0,0,0,7000,71000,-64000,-64000
057568,友訊永豐99購01  ,0,0,0,0,0,0,0,0,0,-64000,0,0,0,1000,65000,-64000,-64000
059754,訊芯群益9A購01  ,0,0,0,0,0,0,0,0,0,-64000,0,0,0,0,64000,-64000,-64000
058733,同欣電永豐99購02,0,0,0,0,0,0,0,0,0,-64000,0,0,0,1000,65000,-64000,-64000
05589P,大立光中信9A售01,0,0,0,0,0,0,0,0,0,-64000,0,0,0,177000,241000,-64000,-64000
064258,臻鼎國泰01購02  ,0,0,0,0,0,0,0,0,0,-64000,0,0,0,27000,91000,-64000,-64000
061735,上銀凱基9B購01  ,0,0,0,0,0,0,0,0,0,-64000,0,0,0,0,64000,-64000,-64000
063577,台表科元大9C購04,0,0,0,0,0,0,0,0,0,-64000,0,0,0,39000,103000,-64000,-64000
063218,台塑群益9B購01  ,0,0,0,0,0,0,0,0,0,-64000,0,0,0,0,64000,-64000,-64000
066541,南電兆豐01購02  ,0,0,0,0,0,0,0,0,0,-64000,0,0,0,144000,208000,-64000,-64000
066441,聯強群益01購01  ,0,0,0,0,0,0,0,0,0,-64000,0,0,0,4000,68000,-64000,-64000
065582,景碩國泰01購01  ,0,0,0,0,0,0,0,0,0,-64000,0,0,0,50000,114000,-64000,-64000
065271,日月光元大9C購02,0,0,0,0,0,0,0,0,0,-64000,0,0,0,135000,199000,-64000,-64000
065648,華擎元大01購02  ,0,0,0,0,0,0,0,0,0,-64000,0,0,0,105000,169000,-64000,-64000
1519,華城            ,146000,205000,-59000,0,0,0,0,0,0,-5000,0,0,0,10000,15000,-5000,-64000
6669,緯穎            ,372270,401023,-28753,0,0,0,0,47000,-47000,11000,7000,2000,5000,10000,4000,6000,-64753
067835,微星統一02購02  ,0,0,0,0,0,0,0,0,0,-65000,0,0,0,366000,431000,-65000,-65000
067824,鈺齊凱基01購02  ,0,0,0,0,0,0,0,0,0,-65000,0,0,0,0,65000,-65000,-65000
068508,世紀鋼元大01購05,0,0,0,0,0,0,0,0,0,-65000,0,0,0,60000,125000,-65000,-65000
08585P,台表科群益9C售04,0,0,0,0,0,0,0,0,0,-65000,0,0,0,0,65000,-65000,-65000
056232,瑞儀凱基98購01  ,0,0,0,0,0,0,0,0,0,-65000,0,0,0,143000,208000,-65000,-65000
059562,上銀凱基99購09  ,0,0,0,0,0,0,0,0,0,-65000,0,0,0,10000,75000,-65000,-65000
059876,智易凱基99購02  ,0,0,0,0,0,0,0,0,0,-65000,0,0,0,0,65000,-65000,-65000
063377,泰鼎永豐9B購03  ,0,0,0,0,0,0,0,0,0,-65000,0,0,0,15000,80000,-65000,-65000
064229,台表科國票01購01,0,0,0,0,0,0,0,0,0,-65000,0,0,0,16000,81000,-65000,-65000
065193,和大元富03購02  ,0,0,0,0,0,0,0,0,0,-65000,0,0,0,20000,85000,-65000,-65000
066014,嘉晶元富07購01  ,0,0,0,0,0,0,0,0,0,-65000,0,0,0,0,65000,-65000,-65000
066672,瑞祺凱基03購01  ,0,0,0,0,0,0,0,0,0,-65000,0,0,0,83000,148000,-65000,-65000
066636,健策凱基01購02  ,0,0,0,0,0,0,0,0,0,-65000,0,0,0,209000,274000,-65000,-65000
1531,高林股          ,14000,79000,-65000,0,0,0,0,0,0,0,0,0,0,0,0,0,-65000
2739,寒舍            ,1000,66000,-65000,0,0,0,0,0,0,0,0,0,0,0,0,0,-65000
060238,強茂元大9C購01  ,0,0,0,0,0,0,0,0,0,-66000,0,0,0,124000,190000,-66000,-66000
057667,可成元大99購01  ,0,0,0,0,0,0,0,0,0,-66000,0,0,0,2000,68000,-66000,-66000
058536,群創統一9B購01  ,0,0,0,0,0,0,0,0,0,-66000,0,0,0,37000,103000,-66000,-66000
03127P,台表科凱基01售03,0,0,0,0,0,0,0,0,0,-66000,0,0,0,12000,78000,-66000,-66000
064478,聚陽富邦01購01  ,0,0,0,0,0,0,0,0,0,-66000,0,0,0,25000,91000,-66000,-66000
061896,景碩永豐9B購01  ,0,0,0,0,0,0,0,0,0,-66000,0,0,0,66000,132000,-66000,-66000
063736,大立光元大9B購08,0,0,0,0,0,0,0,0,0,-66000,0,0,0,5000,71000,-66000,-66000
062552,南電永豐9B購01  ,0,0,0,0,0,0,0,0,0,-66000,0,0,0,85000,151000,-66000,-66000
062968,仁寶元富9B購01  ,0,0,0,0,0,0,0,0,0,-66000,0,0,0,0,66000,-66000,-66000
066260,聯強元大01購02  ,0,0,0,0,0,0,0,0,0,-66000,0,0,0,25000,91000,-66000,-66000
064624,群創元大02購01  ,0,0,0,0,0,0,0,0,0,-66000,0,0,0,49000,115000,-66000,-66000
064561,友達群益9C購02  ,0,0,0,0,0,0,0,0,0,-66000,0,0,0,34000,100000,-66000,-66000
065600,友達元大9C購11  ,0,0,0,0,0,0,0,0,0,-66000,0,0,0,13000,79000,-66000,-66000
1612,宏泰            ,0,66000,-66000,0,0,0,0,0,0,0,0,0,0,0,0,0,-66000
068758,喬山永豐02購01  ,0,0,0,0,0,0,0,0,0,-67000,0,0,0,0,67000,-67000,-67000
068676,華擎元富07購01  ,0,0,0,0,0,0,0,0,0,-67000,0,0,0,2000,69000,-67000,-67000
068223,京鼎統一03購02  ,0,0,0,0,0,0,0,0,0,-67000,0,0,0,240000,307000,-67000,-67000
067591,聚陽凱基02購02  ,0,0,0,0,0,0,0,0,0,-67000,0,0,0,3000,70000,-67000,-67000
067286,新日興國票02購02,0,0,0,0,0,0,0,0,0,-67000,0,0,0,21000,88000,-67000,-67000
067309,欣興元大01購04  ,0,0,0,0,0,0,0,0,0,-67000,0,0,0,211000,278000,-67000,-67000
059042,世紀鋼群益99購02,0,0,0,0,0,0,0,0,0,-67000,0,0,0,30000,97000,-67000,-67000
058720,旭富元富99購01  ,0,0,0,0,0,0,0,0,0,-67000,0,0,0,0,67000,-67000,-67000
059564,鴻海凱基9A購15  ,0,0,0,0,0,0,0,0,0,-67000,0,0,0,2000,69000,-67000,-67000
063752,瑞祺國票9C購01  ,0,0,0,0,0,0,0,0,0,-67000,0,0,0,0,67000,-67000,-67000
062794,鴻海統一9C購15  ,0,0,0,0,0,0,0,0,0,-67000,0,0,0,20000,87000,-67000,-67000
061294,奇力新麥證9A購01,0,0,0,52000,119000,-67000,0,0,0,-67000,0,0,0,52000,119000,-67000,-67000
061942,亞德客群益9B購01,0,0,0,0,0,0,0,0,0,-67000,0,0,0,8000,75000,-67000,-67000
063717,宏達電兆豐9B購02,0,0,0,0,0,0,0,0,0,-67000,0,0,0,38000,105000,-67000,-67000
062414,臻鼎中信01購01  ,0,0,0,0,0,0,0,0,0,-67000,0,0,0,1000,68000,-67000,-67000
060747,聯鈞國票9A購02  ,0,0,0,0,0,0,0,0,0,-67000,0,0,0,57000,124000,-67000,-67000
065657,智邦富邦9C購01  ,0,0,0,0,0,0,0,0,0,-67000,0,0,0,7000,74000,-67000,-67000
067219,瑞儀元大01購01  ,0,0,0,0,0,0,0,0,0,-67000,0,0,0,156000,223000,-67000,-67000
067375,大立光統一03購03,0,0,0,0,0,0,0,0,0,-68000,0,0,0,0,68000,-68000,-68000
067674,可成元大01購08  ,0,0,0,0,0,0,0,0,0,-68000,0,0,0,0,68000,-68000,-68000
068350,鴻海凱基03購05  ,0,0,0,0,0,0,0,0,0,-68000,0,0,0,0,68000,-68000,-68000
068212,GIS凱基02購04   ,0,0,0,0,0,0,0,0,0,-68000,0,0,0,3000,71000,-68000,-68000
08312P,旺宏國票01售01  ,0,0,0,0,0,0,0,0,0,-68000,0,0,0,2000,70000,-68000,-68000
060427,聯茂永豐9A購01  ,0,0,0,0,0,0,0,0,0,-68000,0,0,0,0,68000,-68000,-68000
060864,可成永豐9A購01  ,0,0,0,0,0,0,0,0,0,-68000,0,0,0,0,68000,-68000,-68000
056667,上銀國票99購01  ,0,0,0,0,0,0,0,0,0,-68000,0,0,0,0,68000,-68000,-68000
060543,鴻海凱基9B購02  ,0,0,0,0,0,0,0,0,0,-68000,0,0,0,0,68000,-68000,-68000
063559,力山元大9B購04  ,0,0,0,0,0,0,0,0,0,-68000,0,0,0,386000,454000,-68000,-68000
063444,金像電統一03購01,0,0,0,0,0,0,0,0,0,-68000,0,0,0,11000,79000,-68000,-68000
063084,可成凱基9C購01  ,0,0,0,0,0,0,0,0,0,-68000,0,0,0,1000,69000,-68000,-68000
066945,鴻海元大01購14  ,0,0,0,0,0,0,0,0,0,-68000,0,0,0,0,68000,-68000,-68000
067010,訊芯永豐01購01  ,0,0,0,0,0,0,0,0,0,-68000,0,0,0,0,68000,-68000,-68000
066333,晶華永豐01購01  ,0,0,0,0,0,0,0,0,0,-68000,0,0,0,0,68000,-68000,-68000
066383,臻鼎康和01購01  ,0,0,0,0,0,0,0,0,0,-68000,0,0,0,20000,88000,-68000,-68000
065570,台光電群益01購01,0,0,0,0,0,0,0,0,0,-68000,0,0,0,92000,160000,-68000,-68000
065483,聯茂元大9C購06  ,0,0,0,0,0,0,0,0,0,-68000,0,0,0,0,68000,-68000,-68000
065502,康友富邦03購01  ,0,0,0,0,0,0,0,0,0,-68000,0,0,0,40000,108000,-68000,-68000
065272,聯茂元大9C購05  ,0,0,0,0,0,0,0,0,0,-68000,0,0,0,0,68000,-68000,-68000
065042,國產凱基02購01  ,0,0,0,0,0,0,0,0,0,-68000,0,0,0,0,68000,-68000,-68000
8454,富邦媒          ,101029,112800,-11771,0,0,0,0,70000,-70000,13000,13000,0,13000,0,0,0,-68771
08209P,上銀元富9B售06  ,0,0,0,0,0,0,0,0,0,-69000,0,0,0,136000,205000,-69000,-69000
068293,國巨兆豐01購03  ,0,0,0,0,0,0,0,0,0,-69000,0,0,0,0,69000,-69000,-69000
060043,全新群益9B購02  ,0,0,0,0,0,0,0,0,0,-69000,0,0,0,1000,70000,-69000,-69000
058773,和碩兆豐99購01  ,0,0,0,0,0,0,0,0,0,-69000,0,0,0,12000,81000,-69000,-69000
060419,漢翔永豐9A購01  ,0,0,0,0,0,0,0,0,0,-69000,0,0,0,0,69000,-69000,-69000
059103,旭富元富99購03  ,0,0,0,0,0,0,0,0,0,-69000,0,0,0,0,69000,-69000,-69000
063630,智邦元大9B購09  ,0,0,0,0,0,0,0,0,0,-69000,0,0,0,238000,307000,-69000,-69000
064352,嘉聯益元大9C購01,0,0,0,0,0,0,0,0,0,-69000,0,0,0,146000,215000,-69000,-69000
066527,泰鼎統一03購01  ,0,0,0,0,0,0,0,0,0,-69000,0,0,0,0,69000,-69000,-69000
066104,鎧勝國票02購01  ,0,0,0,0,0,0,0,0,0,-69000,0,0,0,22000,91000,-69000,-69000
066269,宏達電元大01購03,0,0,0,0,0,0,0,0,0,-69000,0,0,0,233000,302000,-69000,-69000
068049,玉晶光統一01購13,0,0,0,0,0,0,0,0,0,-70000,0,0,0,0,70000,-70000,-70000
08503P,臺股指國票9C售05,0,0,0,0,0,0,0,0,0,-70000,0,0,0,0,70000,-70000,-70000
068596,亞德客凱基01購03,0,0,0,0,0,0,0,0,0,-70000,0,0,0,0,70000,-70000,-70000
06859P,元金2X中信9C售01,0,0,0,0,0,0,0,0,0,-70000,0,0,0,0,70000,-70000,-70000
07949P,滬深2X元大9B售04,0,0,0,0,0,0,0,0,0,-70000,0,0,0,0,70000,-70000,-70000
057718,旺宏元富02購02  ,0,0,0,0,0,0,0,0,0,-70000,0,0,0,155000,225000,-70000,-70000
059778,上証2X元大9C購03,0,0,0,0,0,0,0,0,0,-70000,0,0,0,0,70000,-70000,-70000
058136,景碩元大99購02  ,0,0,0,0,0,0,0,0,0,-70000,0,0,0,0,70000,-70000,-70000
058713,國巨統一9B購02  ,0,0,0,0,0,0,0,0,0,-70000,0,0,0,70000,140000,-70000,-70000
058276,道瓊指中信9C購01,0,0,0,0,0,0,0,0,0,-70000,0,0,0,0,70000,-70000,-70000
062239,台汽電凱基9B購01,0,0,0,0,0,0,0,0,0,-70000,0,0,0,0,70000,-70000,-70000
059037,宏達電群益99購02,0,0,0,0,0,0,0,0,0,-70000,0,0,0,36000,106000,-70000,-70000
056325,群創兆豐9A購01  ,0,0,0,0,0,0,0,0,0,-70000,0,0,0,0,70000,-70000,-70000
060666,聯茂凱基9A購02  ,0,0,0,0,0,0,0,0,0,-70000,0,0,0,0,70000,-70000,-70000
064183,聯茂富邦01購01  ,0,0,0,0,0,0,0,0,0,-70000,0,0,0,0,70000,-70000,-70000
062076,美律元大9B購02  ,0,0,0,0,0,0,0,0,0,-70000,0,0,0,0,70000,-70000,-70000
061798,晶豪科永豐9B購01,0,0,0,0,0,0,0,0,0,-70000,0,0,0,30000,100000,-70000,-70000
061840,長榮航凱基9C購01,0,0,0,0,0,0,0,0,0,-70000,0,0,0,0,70000,-70000,-70000
061064,可成凱基9B購02  ,0,0,0,0,0,0,0,0,0,-70000,0,0,0,0,70000,-70000,-70000
063617,鴻海兆豐01購01  ,0,0,0,0,0,0,0,0,0,-70000,0,0,0,0,70000,-70000,-70000
062543,華通富邦9C購01  ,0,0,0,0,0,0,0,0,0,-70000,0,0,0,184000,254000,-70000,-70000
062971,英業達元富9B購01,0,0,0,0,0,0,0,0,0,-70000,0,0,0,0,70000,-70000,-70000
066193,致新凱基01購01  ,0,0,0,0,0,0,0,0,0,-70000,0,0,0,0,70000,-70000,-70000
066057,華擎元大02購01  ,0,0,0,0,0,0,0,0,0,-70000,0,0,0,83000,153000,-70000,-70000
066742,健策元大02購03  ,0,0,0,0,0,0,0,0,0,-70000,0,0,0,72000,142000,-70000,-70000
065207,奇力新國票9C購02,0,0,0,0,0,0,0,0,0,-70000,0,0,0,20000,90000,-70000,-70000
065932,世紀鋼國票02購01,0,0,0,0,0,0,0,0,0,-70000,0,0,0,85000,155000,-70000,-70000
2850,新產            ,16000,86000,-70000,0,0,0,0,0,0,0,0,0,0,0,0,0,-70000
068050,玉晶光統一02購02,0,0,0,0,0,0,0,0,0,-71000,0,0,0,0,71000,-71000,-71000
068092,聯發科群益01購10,0,0,0,0,0,0,0,0,0,-71000,0,0,0,28000,99000,-71000,-71000
067783,高鐵群益02購01  ,0,0,0,0,0,0,0,0,0,-71000,0,0,0,0,71000,-71000,-71000
055653,聯詠元富01購02  ,0,0,0,0,0,0,0,0,0,-71000,0,0,0,147000,218000,-71000,-71000
058078,景碩國票99購01  ,0,0,0,0,0,0,0,0,0,-71000,0,0,0,9000,80000,-71000,-71000
057263,可成兆豐99購01  ,0,0,0,0,0,0,0,0,0,-71000,0,0,0,0,71000,-71000,-71000
059957,中信金康和99購01,0,0,0,0,0,0,0,0,0,-71000,0,0,0,0,71000,-71000,-71000
062345,和大群益9B購01  ,0,0,0,0,0,0,0,0,0,-71000,0,0,0,27000,98000,-71000,-71000
063579,GIS元大9C購01   ,0,0,0,0,0,0,0,0,0,-71000,0,0,0,0,71000,-71000,-71000
063315,京元電群益9B購03,0,0,0,0,0,0,0,0,0,-71000,0,0,0,3000,74000,-71000,-71000
060435,鈺齊永豐9A購01  ,0,0,0,0,0,0,0,0,0,-71000,0,0,0,11000,82000,-71000,-71000
060632,可成富邦9B購01  ,0,0,0,0,0,0,0,0,0,-71000,0,0,0,30000,101000,-71000,-71000
065687,華通元富9C購03  ,0,0,0,0,0,0,0,0,0,-71000,0,0,0,33000,104000,-71000,-71000
065573,新日興群益01購02,0,0,0,0,0,0,0,0,0,-71000,0,0,0,75000,146000,-71000,-71000
065220,義隆富邦01購02  ,0,0,0,0,0,0,0,0,0,-71000,0,0,0,0,71000,-71000,-71000
067215,亞光元大01購05  ,0,0,0,0,0,0,0,0,0,-71000,0,0,0,0,71000,-71000,-71000
066550,國泰金元大01購01,0,0,0,0,0,0,0,0,0,-71000,0,0,0,0,71000,-71000,-71000
068345,聯發科麥證01購09,0,0,0,0,72000,-72000,0,0,0,-72000,0,0,0,0,72000,-72000,-72000
08160P,茂林元富9B售03  ,0,0,0,0,0,0,0,0,0,-72000,0,0,0,194000,266000,-72000,-72000
057788,嘉聯益國票99購01,0,0,0,0,0,0,0,0,0,-72000,0,0,0,352000,424000,-72000,-72000
057649,嘉聯益元大99購04,0,0,0,0,0,0,0,0,0,-72000,0,0,0,0,72000,-72000,-72000
062227,南六統一01購02  ,0,0,0,0,0,0,0,0,0,-72000,0,0,0,15000,87000,-72000,-72000
03112P,GIS元大01售03   ,0,0,0,0,0,0,0,0,0,-72000,0,0,0,0,72000,-72000,-72000
03454B,臺股指元大04熊06,0,0,0,0,0,0,0,0,0,-72000,0,0,0,35000,107000,-72000,-72000
063737,大立光元大9C購07,0,0,0,0,0,0,0,0,0,-72000,0,0,0,0,72000,-72000,-72000
064025,友達元大02購01  ,0,0,0,0,0,0,0,0,0,-72000,0,0,0,10000,82000,-72000,-72000
066558,創意元大01購04  ,0,0,0,0,0,0,0,0,0,-72000,0,0,0,349000,421000,-72000,-72000
066066,鴻海凱基01購05  ,0,0,0,0,0,0,0,0,0,-72000,0,0,0,3000,75000,-72000,-72000
08993P,彩晶元大01售02  ,0,0,0,0,0,0,0,0,0,-72000,0,0,0,0,72000,-72000,-72000
067539,緯創群益01購01  ,0,0,0,0,0,0,0,0,0,-73000,0,0,0,333000,406000,-73000,-73000
061589,世紀鋼富邦9B購01,0,0,0,0,0,0,0,0,0,-73000,0,0,0,2000,75000,-73000,-73000
058573,鴻海群益9A購02  ,0,0,0,0,0,0,0,0,0,-73000,0,0,0,24000,97000,-73000,-73000
059282,嘉聯益永豐99購01,0,0,0,0,0,0,0,0,0,-73000,0,0,0,62000,135000,-73000,-73000
065481,臻鼎元大9C購04  ,0,0,0,0,0,0,0,0,0,-73000,0,0,0,130000,203000,-73000,-73000
2014,中鴻            ,114000,187000,-73000,0,0,0,0,0,0,0,0,0,0,0,0,0,-73000
067694,聚陽中信03購01  ,0,0,0,0,0,0,0,0,0,-74000,0,0,0,85000,159000,-74000,-74000
059525,上銀凱基99購08  ,0,0,0,0,0,0,0,0,0,-74000,0,0,0,10000,84000,-74000,-74000
060252,緯穎元大9A購02  ,0,0,0,0,0,0,0,0,0,-74000,0,0,0,8000,82000,-74000,-74000
00683L,元大美元指數正2 ,0,0,0,0,0,0,0,0,0,-74000,0,0,0,5000,79000,-74000,-74000
054756,世紀鋼凱基99購01,0,0,0,0,0,0,0,0,0,-74000,0,0,0,1000,75000,-74000,-74000
062702,可成元大9C購01  ,0,0,0,0,0,0,0,0,0,-74000,0,0,0,12000,86000,-74000,-74000
063593,GIS永豐9B購01   ,0,0,0,0,0,0,0,0,0,-74000,0,0,0,36000,110000,-74000,-74000
064188,玉晶光永豐9C購02,0,0,0,0,0,0,0,0,0,-74000,0,0,0,0,74000,-74000,-74000
065814,健策統一9C購08  ,0,0,0,0,0,0,0,0,0,-74000,0,0,0,11000,85000,-74000,-74000
064686,鴻海群益01購03  ,0,0,0,0,0,0,0,0,0,-74000,0,0,0,1000,75000,-74000,-74000
066106,台郡國票02購01  ,0,0,0,0,0,0,0,0,0,-74000,0,0,0,0,74000,-74000,-74000
066528,南電統一02購01  ,0,0,0,0,0,0,0,0,0,-74000,0,0,0,40000,114000,-74000,-74000
066391,國巨凱基01購04  ,0,0,0,0,0,0,0,0,0,-74000,0,0,0,472000,546000,-74000,-74000
067679,奇鋐元大02購02  ,0,0,0,0,0,0,0,0,0,-75000,0,0,0,96000,171000,-75000,-75000
08508P,臺股指國票9C售09,0,0,0,0,0,0,0,0,0,-75000,0,0,0,0,75000,-75000,-75000
08398P,台積電元富9C售04,0,0,0,0,0,0,0,0,0,-75000,0,0,0,0,75000,-75000,-75000
08850P,台光電群益01售03,0,0,0,0,0,0,0,0,0,-75000,0,0,0,0,75000,-75000,-75000
03242P,聯電統一02售04  ,0,0,0,0,0,0,0,0,0,-75000,0,0,0,87000,162000,-75000,-75000
059661,大立光元大99購22,0,0,0,0,0,0,0,0,0,-75000,0,0,0,0,75000,-75000,-75000
058149,百和元大99購02  ,0,0,0,0,0,0,0,0,0,-75000,0,0,0,0,75000,-75000,-75000
063834,滬深2X元大01購03,0,0,0,0,0,0,0,0,0,-75000,0,0,0,5000,80000,-75000,-75000
063845,旺宏元大9C購03  ,0,0,0,0,0,0,0,0,0,-75000,0,0,0,21000,96000,-75000,-75000
063645,瑞儀元大9B購02  ,0,0,0,0,0,0,0,0,0,-75000,0,0,0,13000,88000,-75000,-75000
062721,美律凱基9B購02  ,0,0,0,0,0,0,0,0,0,-75000,0,0,0,0,75000,-75000,-75000
063027,台汽電元大9B購01,0,0,0,0,0,0,0,0,0,-75000,0,0,0,0,75000,-75000,-75000
066370,帆宣中信01購01  ,0,0,0,0,0,0,0,0,0,-75000,0,0,0,10000,85000,-75000,-75000
067100,華邦電群益01購01,0,0,0,0,0,0,0,0,0,-75000,0,0,0,30000,105000,-75000,-75000
066746,聯茂元大01購01  ,0,0,0,0,0,0,0,0,0,-75000,0,0,0,16000,91000,-75000,-75000
065803,大立光群益01購03,0,0,0,0,0,0,0,0,0,-75000,0,0,0,10000,85000,-75000,-75000
067773,台郡統一02購04  ,0,0,0,0,0,0,0,0,0,-76000,0,0,0,0,76000,-76000,-76000
067815,玉晶光凱基01購04,0,0,0,0,0,0,0,0,0,-76000,0,0,0,96000,172000,-76000,-76000
067378,欣興統一02購02  ,0,0,0,0,0,0,0,0,0,-76000,0,0,0,110000,186000,-76000,-76000
067242,景碩群益01購03  ,0,0,0,0,0,0,0,0,0,-76000,0,0,0,249000,325000,-76000,-76000
068194,致茂凱基01購02  ,0,0,0,0,0,0,0,0,0,-76000,0,0,0,16000,92000,-76000,-76000
00652,富邦印度        ,0,0,0,0,0,0,0,0,0,-76000,0,0,0,35000,111000,-76000,-76000
054532,強茂國泰98購01  ,0,0,0,0,0,0,0,0,0,-76000,0,0,0,10000,86000,-76000,-76000
056909,嘉聯益元大99購03,0,0,0,0,0,0,0,0,0,-76000,0,0,0,84000,160000,-76000,-76000
061105,宏達電元大9A購04,0,0,0,0,0,0,0,0,0,-76000,0,0,0,331000,407000,-76000,-76000
065482,立積元大01購02  ,0,0,0,0,0,0,0,0,0,-76000,0,0,0,142000,218000,-76000,-76000
065253,和大元大01購02  ,0,0,0,0,0,0,0,0,0,-76000,0,0,0,0,76000,-76000,-76000
065083,南亞科元大01購01,0,0,0,0,0,0,0,0,0,-76000,0,0,0,0,76000,-76000,-76000
064874,和大兆豐9C購01  ,0,0,0,0,0,0,0,0,0,-76000,0,0,0,0,76000,-76000,-76000
066650,宏達電康和01購01,0,0,0,0,0,0,0,0,0,-76000,0,0,0,103000,179000,-76000,-76000
3005,神基            ,148000,366000,-218000,0,0,0,6000,0,6000,136000,182000,0,182000,6000,52000,-46000,-76000
068315,台灣50元大01購33,0,0,0,0,0,0,0,0,0,-77000,0,0,0,66000,143000,-77000,-77000
060862,美律永豐9A購01  ,0,0,0,0,0,0,0,0,0,-77000,0,0,0,61000,138000,-77000,-77000
058801,致伸元大99購01  ,0,0,0,0,0,0,0,0,0,-77000,0,0,0,0,77000,-77000,-77000
064366,群創統一01購01  ,0,0,0,0,0,0,0,0,0,-77000,0,0,0,41000,118000,-77000,-77000
064267,南六永豐9C購03  ,0,0,0,0,0,0,0,0,0,-77000,0,0,0,133000,210000,-77000,-77000
064284,京鼎元大9C購01  ,0,0,0,0,0,0,0,0,0,-77000,0,0,0,117000,194000,-77000,-77000
060489,世紀鋼群益9A購01,0,0,0,0,0,0,0,0,0,-77000,0,0,0,143000,220000,-77000,-77000
062406,臻鼎永豐9B購01  ,0,0,0,0,0,0,0,0,0,-77000,0,0,0,0,77000,-77000,-77000
062057,華邦電統一01購01,0,0,0,0,0,0,0,0,0,-77000,0,0,0,9000,86000,-77000,-77000
063665,南亞科統一01購02,0,0,0,0,0,0,0,0,0,-77000,0,0,0,35000,112000,-77000,-77000
066856,致新元大01購01  ,0,0,0,0,0,0,0,0,0,-77000,0,0,0,30000,107000,-77000,-77000
067099,友訊群益01購04  ,0,0,0,0,0,0,0,0,0,-77000,0,0,0,10000,87000,-77000,-77000
066505,可成富邦03購01  ,0,0,0,0,0,0,0,0,0,-77000,0,0,0,40000,117000,-77000,-77000
066431,台郡元大02購01  ,0,0,0,0,0,0,0,0,0,-77000,0,0,0,80000,157000,-77000,-77000
065980,中租元大02購01  ,0,0,0,0,0,0,0,0,0,-77000,0,0,0,18000,95000,-77000,-77000
065537,健鼎統一02購05  ,0,0,0,0,0,0,0,0,0,-77000,0,0,0,0,77000,-77000,-77000
068489,技嘉元大01購05  ,0,0,0,0,0,0,0,0,0,-78000,0,0,0,15000,93000,-78000,-78000
067929,華通凱基01購04  ,0,0,0,0,0,0,0,0,0,-78000,0,0,0,17000,95000,-78000,-78000
08790P,聯發科元富01售01,0,0,0,0,0,0,0,0,0,-78000,0,0,0,20000,98000,-78000,-78000
068703,瑞昱國票03購01  ,0,0,0,0,0,0,0,0,0,-78000,0,0,0,0,78000,-78000,-78000
068759,台船永豐02購01  ,0,0,0,0,0,0,0,0,0,-78000,0,0,0,0,78000,-78000,-78000
060314,元翎永豐9A購01  ,0,0,0,0,0,0,0,0,0,-78000,0,0,0,10000,88000,-78000,-78000
03068P,美律群益01售03  ,0,0,0,0,0,0,0,0,0,-78000,0,0,0,10000,88000,-78000,-78000
064220,力山國票01購01  ,0,0,0,0,0,0,0,0,0,-78000,0,0,0,99000,177000,-78000,-78000
062526,友達統一01購01  ,0,0,0,0,0,0,0,0,0,-78000,0,0,0,0,78000,-78000,-78000
061373,華通富邦9A購02  ,0,0,0,0,0,0,0,0,0,-78000,0,0,0,55000,133000,-78000,-78000
062925,建準國票9B購01  ,0,0,0,0,0,0,0,0,0,-78000,0,0,0,208000,286000,-78000,-78000
065723,新日興兆豐01購01,0,0,0,0,0,0,0,0,0,-78000,0,0,0,100000,178000,-78000,-78000
064979,華擎元大9C購04  ,0,0,0,0,0,0,0,0,0,-78000,0,0,0,157000,235000,-78000,-78000
064726,創意統一01購03  ,0,0,0,0,0,0,0,0,0,-78000,0,0,0,580000,658000,-78000,-78000
064754,漢唐凱基02購01  ,0,0,0,0,0,0,0,0,0,-78000,0,0,0,20000,98000,-78000,-78000
066177,上緯控凱基01購01,0,0,0,0,0,0,0,0,0,-78000,0,0,0,14000,92000,-78000,-78000
066462,智伸科統一04購02,0,0,0,0,0,0,0,0,0,-78000,0,0,0,0,78000,-78000,-78000
2228,劍麟            ,75000,35000,40000,0,0,0,0,117000,-117000,-1000,0,0,0,0,1000,-1000,-78000
5522,遠雄            ,151000,250000,-99000,0,0,0,0,0,0,21000,25000,0,25000,0,4000,-4000,-78000
2915,潤泰全          ,189576,257000,-67424,0,0,0,0,0,0,-11000,30000,0,30000,3000,44000,-41000,-78424
068700,瑞儀凱基03購01  ,0,0,0,0,0,0,0,0,0,-79000,0,0,0,10000,89000,-79000,-79000
08513P,聯發科凱基9C售08,0,0,0,0,0,0,0,0,0,-79000,0,0,0,0,79000,-79000,-79000
056138,群創元大9B購01  ,0,0,0,0,0,0,0,0,0,-79000,0,0,0,310000,389000,-79000,-79000
058685,TPK凱基99購01   ,0,0,0,0,0,0,0,0,0,-79000,0,0,0,9000,88000,-79000,-79000
063872,嘉聯益永豐9C購01,0,0,0,0,0,0,0,0,0,-79000,0,0,0,73000,152000,-79000,-79000
063939,上銀元大9C購04  ,0,0,0,0,0,0,0,0,0,-79000,0,0,0,9000,88000,-79000,-79000
062625,華通國票9B購02  ,0,0,0,0,0,0,0,0,0,-79000,0,0,0,0,79000,-79000,-79000
062063,世紀鋼統一9C購01,0,0,0,0,0,0,0,0,0,-79000,0,0,0,85000,164000,-79000,-79000
063388,台光電兆豐9C購01,0,0,0,0,0,0,0,0,0,-79000,0,0,0,30000,109000,-79000,-79000
066988,新唐群益02購01  ,0,0,0,0,0,0,0,0,0,-79000,0,0,0,33000,112000,-79000,-79000
066859,華擎國票02購01  ,0,0,0,0,0,0,0,0,0,-79000,0,0,0,2000,81000,-79000,-79000
065636,台表科國票01購03,0,0,0,0,0,0,0,0,0,-79000,0,0,0,176000,255000,-79000,-79000
065798,華通群益01購03  ,0,0,0,0,0,0,0,0,0,-79000,0,0,0,10000,89000,-79000,-79000
068611,臻鼎凱基01購01  ,0,0,0,0,0,0,0,0,0,-80000,0,0,0,10000,90000,-80000,-80000
07963P,智邦統一9B售01  ,0,0,0,0,0,0,0,0,0,-80000,0,0,0,1000,81000,-80000,-80000
07671P,超眾元大9A售04  ,0,0,0,0,0,0,0,0,0,-80000,0,0,0,0,80000,-80000,-80000
068007,玉晶光元大03購04,0,0,0,0,0,0,0,0,0,-80000,0,0,0,20000,100000,-80000,-80000
067841,A50正2元富04購01,0,0,0,0,0,0,0,0,0,-80000,0,0,0,0,80000,-80000,-80000
061581,貿聯元大9A購05  ,0,0,0,0,0,0,0,0,0,-80000,0,0,0,0,80000,-80000,-80000
060390,聯鈞群益9A購01  ,0,0,0,0,0,0,0,0,0,-80000,0,0,0,0,80000,-80000,-80000
046881,智原富邦99購01  ,0,0,0,0,0,0,0,0,0,-80000,0,0,0,0,80000,-80000,-80000
03061P,南電凱基01售05  ,0,0,0,0,0,0,0,0,0,-80000,0,0,0,111000,191000,-80000,-80000
058015,旺宏凱基99購02  ,0,0,0,0,0,0,0,0,0,-80000,0,0,0,0,80000,-80000,-80000
055428,友達群益9C購01  ,0,0,0,0,0,0,0,0,0,-80000,0,0,0,0,80000,-80000,-80000
058977,SGBR2X凱基03購01,0,0,0,0,0,0,0,0,0,-80000,0,0,0,1000,81000,-80000,-80000
060055,宏達電凱基99購06,0,0,0,0,0,0,0,0,0,-80000,0,0,0,20000,100000,-80000,-80000
062383,大立光國泰01購01,0,0,0,0,0,0,0,0,0,-80000,0,0,0,50000,130000,-80000,-80000
062347,台光電群益9B購02,0,0,0,0,0,0,0,0,0,-80000,0,0,0,0,80000,-80000,-80000
063131,聯茂元大9B購03  ,0,0,0,0,0,0,0,0,0,-80000,0,0,0,6000,86000,-80000,-80000
061421,台積電元大9A購29,0,0,0,0,0,0,0,0,0,-80000,0,0,0,6000,86000,-80000,-80000
061067,貿聯凱基9A購03  ,0,0,0,0,0,0,0,0,0,-80000,0,0,0,0,80000,-80000,-80000
063614,美食群益9B購03  ,0,0,0,0,0,0,0,0,0,-80000,0,0,0,0,80000,-80000,-80000
063291,緯穎元大01購01  ,0,0,0,0,0,0,0,0,0,-80000,0,0,0,20000,100000,-80000,-80000
065897,凌華統一03購01  ,0,0,0,0,0,0,0,0,0,-80000,0,0,0,0,80000,-80000,-80000
065580,鈺齊群益01購01  ,0,0,0,0,0,0,0,0,0,-80000,0,0,0,0,80000,-80000,-80000
064575,鈺齊群益9C購01  ,0,0,0,0,0,0,0,0,0,-80000,0,0,0,0,80000,-80000,-80000
065020,友達富邦01購02  ,0,0,0,0,0,0,0,0,0,-80000,0,0,0,115000,195000,-80000,-80000
064903,新唐群益9C購01  ,0,0,0,0,0,0,0,0,0,-80000,0,0,0,14000,94000,-80000,-80000
066877,奇鋐富邦03購01  ,0,0,0,0,0,0,0,0,0,-80000,0,0,0,10000,90000,-80000,-80000
067124,華擎富邦03購01  ,0,0,0,0,0,0,0,0,0,-80000,0,0,0,12000,92000,-80000,-80000
067131,為升永豐01購01  ,0,0,0,0,0,0,0,0,0,-80000,0,0,0,10000,90000,-80000,-80000
066572,台郡元大01購02  ,0,0,0,0,0,0,0,0,0,-80000,0,0,0,22000,102000,-80000,-80000
066251,川湖元大01購01  ,0,0,0,0,0,0,0,0,0,-80000,0,0,0,250000,330000,-80000,-80000
1808,潤隆            ,33000,113000,-80000,0,0,0,0,0,0,0,0,0,0,0,0,0,-80000
5288,豐祥-KY         ,11000,21000,-10000,0,0,0,0,70000,-70000,0,0,0,0,0,0,0,-80000
067271,世紀鋼永豐01購02,0,0,0,0,0,0,0,0,0,-81000,0,0,0,2000,83000,-81000,-81000
068028,國巨元富07購12  ,0,0,0,0,0,0,0,0,0,-81000,0,0,0,0,81000,-81000,-81000
068533,台郡元富07購03  ,0,0,0,0,0,0,0,0,0,-81000,0,0,0,4000,85000,-81000,-81000
08061P,大毅國票9B售04  ,0,0,0,0,0,0,0,0,0,-81000,0,0,0,4000,85000,-81000,-81000
068656,台積電元大02購09,0,0,0,0,0,0,0,0,0,-81000,0,0,0,22000,103000,-81000,-81000
068770,大立光統一02購09,0,0,0,0,0,0,0,0,0,-81000,0,0,0,0,81000,-81000,-81000
08835P,聯發科統一01售12,0,0,0,0,0,0,0,0,0,-81000,0,0,0,0,81000,-81000,-81000
057447,智邦元富02購01  ,0,0,0,0,0,0,0,0,0,-81000,0,0,0,150000,231000,-81000,-81000
061402,矽創兆豐9B購01  ,0,0,0,0,0,0,0,0,0,-81000,0,0,0,0,81000,-81000,-81000
065001,中橡國票9C購01  ,0,0,0,0,0,0,0,0,0,-81000,0,0,0,0,81000,-81000,-81000
065062,亞光群益9C購01  ,0,0,0,0,0,0,0,0,0,-81000,0,0,0,0,81000,-81000,-81000
065372,漢唐元大9C購02  ,0,0,0,0,0,0,0,0,0,-81000,0,0,0,28000,109000,-81000,-81000
065370,瑞昱元大9C購02  ,0,0,0,0,0,0,0,0,0,-81000,0,0,0,31000,112000,-81000,-81000
065812,寶成群益9C購02  ,0,0,0,0,0,0,0,0,0,-81000,0,0,0,0,81000,-81000,-81000
8131,福懋科          ,21000,102000,-81000,0,0,0,0,0,0,0,1000,1000,0,0,0,0,-81000
08985P,台表科兆豐03售02,0,0,0,0,0,0,0,0,0,-81000,0,0,0,3000,84000,-81000,-81000
067262,嘉基國票02購01  ,0,0,0,0,0,0,0,0,0,-82000,0,0,0,33000,115000,-82000,-82000
067755,大立光國泰03購03,4000,0,4000,0,0,0,0,0,0,-86000,0,0,0,186000,272000,-86000,-82000
057508,康控國票99購03  ,0,0,0,0,0,0,0,0,0,-82000,0,0,0,30000,112000,-82000,-82000
059197,可成永豐99購02  ,0,0,0,0,0,0,0,0,0,-82000,0,0,0,1000,83000,-82000,-82000
063306,聯茂凱基9C購01  ,0,0,0,0,0,0,0,0,0,-82000,0,0,0,0,82000,-82000,-82000
063213,智伸科國票9C購01,0,0,0,0,0,0,0,0,0,-82000,0,0,0,0,82000,-82000,-82000
064403,正崴凱基01購01  ,0,0,0,0,0,0,0,0,0,-82000,0,0,0,49000,131000,-82000,-82000
066830,國揚群益01購01  ,0,0,0,0,0,0,0,0,0,-82000,0,0,0,4000,86000,-82000,-82000
066659,燿華凱基03購01  ,0,0,0,0,0,0,0,0,0,-82000,0,0,0,0,82000,-82000,-82000
066735,智原元大01購03  ,0,0,0,0,0,0,0,0,0,-82000,0,0,0,56000,138000,-82000,-82000
3645,達邁            ,263000,345000,-82000,0,0,0,0,0,0,0,30000,30000,0,0,0,0,-82000
067721,義隆凱基01購06  ,0,0,0,0,0,0,0,0,0,-83000,0,0,0,12000,95000,-83000,-83000
068039,鎧勝元富07購01  ,0,0,0,0,0,0,0,0,0,-83000,0,0,0,1000,84000,-83000,-83000
067985,聚陽元大02購01  ,0,0,0,0,0,0,0,0,0,-83000,0,0,0,174000,257000,-83000,-83000
068167,世紀鋼元大02購01,0,0,0,0,0,0,0,0,0,-83000,0,0,0,52000,135000,-83000,-83000
08855P,台灣50國票01售05,0,0,0,0,0,0,0,0,0,-83000,0,0,0,0,83000,-83000,-83000
08389P,技嘉國票9C售01  ,0,0,0,0,0,0,0,0,0,-83000,0,0,0,25000,108000,-83000,-83000
08199P,大毅元大9B售02  ,0,0,0,0,0,0,0,0,0,-83000,0,0,0,10000,93000,-83000,-83000
068545,帆宣康和01購01  ,0,0,0,0,0,0,0,0,0,-83000,0,0,0,0,83000,-83000,-83000
03189P,玉晶光元大03售05,0,0,0,0,0,0,0,0,0,-83000,0,0,0,10000,93000,-83000,-83000
058147,鈺齊元大99購01  ,0,0,0,0,0,0,0,0,0,-83000,0,0,0,0,83000,-83000,-83000
059386,上銀凱基99購07  ,0,0,0,0,0,0,0,0,0,-83000,0,0,0,10000,93000,-83000,-83000
065205,金寶國票01購01  ,0,0,0,0,0,0,0,0,0,-83000,0,0,0,25000,108000,-83000,-83000
062409,巨大永豐9B購02  ,0,0,0,0,0,0,0,0,0,-83000,0,0,0,6000,89000,-83000,-83000
062016,美食永豐9B購01  ,0,0,0,0,0,0,0,0,0,-83000,0,0,0,0,83000,-83000,-83000
062639,臻鼎國票9C購01  ,0,0,0,0,0,0,0,0,0,-83000,0,0,0,0,83000,-83000,-83000
066025,宏達電群益01購01,0,0,0,0,0,0,0,0,0,-83000,0,0,0,28000,111000,-83000,-83000
2906,高林            ,57000,141000,-84000,0,0,0,160,0,160,0,0,0,0,0,0,0,-83840
068825,京鼎元大02購02  ,0,0,0,0,0,0,0,0,0,-84000,0,0,0,90000,174000,-84000,-84000
068493,聯發科元大01購30,0,0,0,0,0,0,0,0,0,-84000,0,0,0,59000,143000,-84000,-84000
062575,景碩群益9B購01  ,0,0,0,0,0,0,0,0,0,-84000,0,0,0,3000,87000,-84000,-84000
062827,神基群益9B購01  ,0,0,0,0,0,0,0,0,0,-84000,0,0,0,100000,184000,-84000,-84000
063673,GIS統一9C購02   ,0,0,0,0,0,0,0,0,0,-84000,0,0,0,9000,93000,-84000,-84000
064265,嘉聯益永豐9C購02,0,0,0,0,0,0,0,0,0,-84000,0,0,0,44000,128000,-84000,-84000
065868,燿華群益02購01  ,0,0,0,0,0,0,0,0,0,-84000,0,0,0,62000,146000,-84000,-84000
064563,全新群益02購01  ,0,0,0,0,0,0,0,0,0,-84000,0,0,0,16000,100000,-84000,-84000
2451,創見            ,149000,188000,-39000,0,0,0,0,0,0,-45000,6000,18000,-12000,0,33000,-33000,-84000
3090,日電貿          ,46000,112000,-66000,0,0,0,0,0,0,-18000,1000,3000,-2000,7000,23000,-16000,-84000
068067,台積電凱基01購17,0,0,0,0,0,0,0,0,0,-85000,0,0,0,19000,104000,-85000,-85000
068081,GIS凱基01購03   ,0,0,0,0,0,0,0,0,0,-85000,0,0,0,2000,87000,-85000,-85000
067541,華擎群益01購06  ,0,0,0,0,0,0,0,0,0,-85000,0,0,0,35000,120000,-85000,-85000
068624,聯發科群益02購08,0,0,0,0,0,0,0,0,0,-85000,0,0,0,40000,125000,-85000,-85000
068686,瑞儀中信02購01  ,0,0,0,0,0,0,0,0,0,-85000,0,0,0,0,85000,-85000,-85000
063924,致新元富9C購01  ,0,0,0,0,0,0,0,0,0,-85000,0,0,0,50000,135000,-85000,-85000
057945,京鼎國票99購03  ,0,0,0,0,0,0,0,0,0,-85000,0,0,0,20000,105000,-85000,-85000
03091P,臺股指元大01售20,0,0,0,0,0,0,0,0,0,-85000,0,0,0,0,85000,-85000,-85000
063113,聯茂兆豐9B購01  ,0,0,0,0,0,0,0,0,0,-85000,0,0,0,0,85000,-85000,-85000
064685,裕隆群益9C購01  ,0,0,0,0,0,0,0,0,0,-85000,0,0,0,20000,105000,-85000,-85000
06473P,鴻海元大99售03  ,0,0,0,0,0,0,0,0,0,-85000,0,0,0,5000,90000,-85000,-85000
064991,友達兆豐9C購01  ,0,0,0,0,0,0,0,0,0,-85000,0,0,0,0,85000,-85000,-85000
065887,巨大元富9C購01  ,0,0,0,0,0,0,0,0,0,-85000,0,0,0,84000,169000,-85000,-85000
065332,漢唐國票01購02  ,0,0,0,0,0,0,0,0,0,-85000,0,0,0,0,85000,-85000,-85000
065544,和大兆豐01購01  ,0,0,0,0,0,0,0,0,0,-85000,0,0,0,0,85000,-85000,-85000
066551,大立光元大01購07,0,0,0,0,0,0,0,0,0,-85000,0,0,0,40000,125000,-85000,-85000
066465,同欣電統一01購05,0,0,0,0,0,0,0,0,0,-85000,0,0,0,125000,210000,-85000,-85000
067119,泰鼎群益01購02  ,0,0,0,0,0,0,0,0,0,-85000,0,0,0,0,85000,-85000,-85000
1734,杏輝            ,3000,200050,-197050,0,0,0,0,0,0,112000,0,0,0,160000,48000,112000,-85050
08901P,台表科群益01售02,0,0,0,0,0,0,0,0,0,-86000,0,0,0,20000,106000,-86000,-86000
067711,緯穎元富05購01  ,0,0,0,0,0,0,0,0,0,-86000,0,0,0,45000,131000,-86000,-86000
068294,玉晶光兆豐03購01,0,0,0,0,0,0,0,0,0,-86000,0,0,0,0,86000,-86000,-86000
063159,嘉澤國泰01購01  ,0,0,0,0,0,0,0,0,0,-86000,0,0,0,0,86000,-86000,-86000
061491,嘉聯益兆豐9B購01,0,0,0,0,0,0,0,0,0,-86000,0,0,0,0,86000,-86000,-86000
061362,台塑國票9B購01  ,0,0,0,0,0,0,0,0,0,-86000,0,0,0,0,86000,-86000,-86000
064480,聚陽永豐9C購01  ,0,0,0,0,0,0,0,0,0,-86000,0,0,0,10000,96000,-86000,-86000
062142,喬山國票9B購01  ,0,0,0,0,0,0,0,0,0,-86000,0,0,0,0,86000,-86000,-86000
067144,上銀統一02購01  ,0,0,0,0,0,0,0,0,0,-86000,0,0,0,689000,775000,-86000,-86000
066130,燿華群益01購03  ,0,0,0,0,0,0,0,0,0,-86000,0,0,0,34000,120000,-86000,-86000
065418,緯創國票01購01  ,0,0,0,0,0,0,0,0,0,-86000,0,0,0,26000,112000,-86000,-86000
065934,智邦群益01購02  ,40000,0,40000,0,0,0,0,0,0,-126000,0,0,0,138000,264000,-126000,-86000
068131,聯發科統一02購09,0,0,0,0,0,0,0,0,0,-87000,0,0,0,148000,235000,-87000,-87000
067606,京鼎凱基01購04  ,0,0,0,0,0,0,0,0,0,-87000,0,0,0,35000,122000,-87000,-87000
059277,群創元大99購05  ,0,0,0,0,0,0,0,0,0,-87000,0,0,0,20000,107000,-87000,-87000
057777,可成群益9A購03  ,0,0,0,0,0,0,0,0,0,-87000,0,0,0,0,87000,-87000,-87000
063403,鈺齊群益9B購01  ,0,0,0,0,0,0,0,0,0,-87000,0,0,0,0,87000,-87000,-87000
063930,高鐵統一02購02  ,0,0,0,0,0,0,0,0,0,-87000,0,0,0,0,87000,-87000,-87000
065724,國巨凱基9C購11  ,0,0,0,0,0,0,0,0,0,-87000,0,0,0,13000,100000,-87000,-87000
065382,緯穎元大9C購04  ,0,0,0,0,0,0,0,0,0,-87000,0,0,0,12000,99000,-87000,-87000
064873,世紀鋼永豐9C購01,0,0,0,0,0,0,0,0,0,-87000,0,0,0,0,87000,-87000,-87000
064545,智邦凱基9C購02  ,0,0,0,0,0,0,0,0,0,-87000,0,0,0,41000,128000,-87000,-87000
06698P,玉晶光國票99售05,0,0,0,0,0,0,0,0,0,-87000,0,0,0,3000,90000,-87000,-87000
067288,為升兆豐03購01  ,0,0,0,0,0,0,0,0,0,-88000,0,0,0,55000,143000,-88000,-88000
068221,聯發科統一05購01,0,0,0,0,0,0,0,0,0,-88000,0,0,0,22000,110000,-88000,-88000
08593P,聯發科凱基9C售13,0,0,0,0,0,0,0,0,0,-88000,0,0,0,0,88000,-88000,-88000
08650P,臺股指元大9C售36,0,0,0,0,0,0,0,0,0,-88000,0,0,0,10000,98000,-88000,-88000
068769,義隆統一04購01  ,0,0,0,0,0,0,0,0,0,-88000,0,0,0,25000,113000,-88000,-88000
060303,宏達電富邦9B購01,0,0,0,0,0,0,0,0,0,-88000,0,0,0,1000,89000,-88000,-88000
061553,南電群益9A購03  ,0,0,0,0,0,0,0,0,0,-88000,0,0,0,4000,92000,-88000,-88000
061306,瑞祺永豐9A購02  ,0,0,0,0,0,0,0,0,0,-88000,0,0,0,198000,286000,-88000,-88000
064266,聯茂永豐9C購01  ,0,0,0,0,0,0,0,0,0,-88000,0,0,0,0,88000,-88000,-88000
066404,瑞祺凱基02購01  ,0,0,0,0,0,0,0,0,0,-88000,0,0,0,43000,131000,-88000,-88000
065398,國泰金群益9C購01,0,0,0,0,0,0,0,0,0,-88000,0,0,0,0,88000,-88000,-88000
065606,可成元大01購05  ,0,0,0,0,0,0,0,0,0,-88000,0,0,0,209000,297000,-88000,-88000
068705,聯發科國票03購03,0,0,0,0,0,0,0,0,0,-89000,0,0,0,3000,92000,-89000,-89000
08027P,嘉晶元大9B售03  ,0,0,0,0,0,0,0,0,0,-89000,0,0,0,0,89000,-89000,-89000
07669P,華新科元大9A售14,0,0,0,0,0,0,0,0,0,-89000,0,0,0,0,89000,-89000,-89000
061722,健策永豐9B購03  ,0,0,0,0,0,0,0,0,0,-89000,0,0,0,21000,110000,-89000,-89000
063460,智邦元大9B購08  ,0,0,0,0,0,0,0,0,0,-89000,0,0,0,210000,299000,-89000,-89000
067224,致新元大01購03  ,0,0,0,0,0,0,0,0,0,-89000,0,0,0,23000,112000,-89000,-89000
07593P,臺股指凱基9A售08,0,0,0,0,0,0,0,0,0,-90000,0,0,0,10000,100000,-90000,-90000
08167P,台積電兆豐9B售04,0,0,0,0,0,0,0,0,0,-90000,0,0,0,0,90000,-90000,-90000
08172P,台積電凱基03售02,0,0,0,0,0,0,0,0,0,-90000,0,0,0,10000,100000,-90000,-90000
068411,世紀鋼元富07購01,0,0,0,0,0,0,0,0,0,-90000,0,0,0,0,90000,-90000,-90000
067962,鴻海群益02購04  ,0,0,0,0,0,0,0,0,0,-90000,0,0,0,30000,120000,-90000,-90000
067776,巨大統一03購02  ,0,0,0,0,0,0,0,0,0,-90000,0,0,0,13000,103000,-90000,-90000
063912,信邦凱基01購01  ,0,0,0,0,0,0,0,0,0,-90000,0,0,0,52000,142000,-90000,-90000
058261,大立光富邦03購01,0,0,0,0,0,0,0,0,0,-90000,0,0,0,0,90000,-90000,-90000
059890,大立光國票99購03,0,0,0,0,0,0,0,0,0,-90000,0,0,0,0,90000,-90000,-90000
059198,華新科永豐99購06,0,0,0,0,0,0,0,0,0,-90000,0,0,0,10000,100000,-90000,-90000
056276,同欣電國泰98購01,0,0,0,0,0,0,0,0,0,-90000,0,0,0,0,90000,-90000,-90000
056497,GIS國泰99購01   ,0,0,0,0,0,0,0,0,0,-90000,0,0,0,0,90000,-90000,-90000
03069P,大毅群益01售04  ,0,0,0,0,0,0,0,0,0,-90000,0,0,0,2000,92000,-90000,-90000
03155P,玉晶光群益01售08,0,0,0,0,0,0,0,0,0,-90000,0,0,0,0,90000,-90000,-90000
063404,金像電國票9B購01,0,0,0,0,0,0,0,0,0,-90000,0,0,0,0,90000,-90000,-90000
062898,華通元大9B購05  ,0,0,0,0,0,0,0,0,0,-90000,0,0,0,0,90000,-90000,-90000
063026,南六元大9B購04  ,0,0,0,0,0,0,0,0,0,-90000,0,0,0,53000,143000,-90000,-90000
062129,世紀鋼統一02購01,0,0,0,0,0,0,0,0,0,-90000,0,0,0,60000,150000,-90000,-90000
063369,聚陽永豐9B購01  ,0,0,0,0,0,0,0,0,0,-90000,0,0,0,21000,111000,-90000,-90000
064279,新光金元大01購01,0,0,0,0,0,0,0,0,0,-90000,0,0,0,10000,100000,-90000,-90000
066758,智邦永豐01購01  ,0,0,0,0,0,0,0,0,0,-90000,0,0,0,126000,216000,-90000,-90000
065384,南電元大9C購07  ,0,0,0,0,0,0,0,0,0,-90000,0,0,0,0,90000,-90000,-90000
064639,聚陽凱基02購01  ,0,0,0,0,0,0,0,0,0,-90000,0,0,0,1000,91000,-90000,-90000
08975P,欣興群益01售05  ,0,0,0,0,0,0,0,0,0,-90000,0,0,0,10000,100000,-90000,-90000
5305,敦南            ,49000,139000,-90000,0,0,0,0,0,0,0,0,0,0,0,0,0,-90000
6285,啟碁            ,199000,182000,17000,0,0,0,0,100000,-100000,-7000,0,0,0,3000,10000,-7000,-90000
067713,聚陽凱基01購02  ,0,0,0,0,0,0,0,0,0,-91000,0,0,0,70000,161000,-91000,-91000
068365,大立光國泰03購06,0,0,0,0,0,0,0,0,0,-91000,0,0,0,113000,204000,-91000,-91000
08313P,健策國票01售01  ,0,0,0,0,0,0,0,0,0,-91000,0,0,0,259000,350000,-91000,-91000
068538,帆宣中信01購03  ,0,0,0,0,0,0,0,0,0,-91000,0,0,0,0,91000,-91000,-91000
056150,台光電凱基98購02,0,0,0,0,0,0,0,0,0,-91000,0,0,0,0,91000,-91000,-91000
059630,美律凱基99購07  ,0,0,0,0,0,0,0,0,0,-91000,0,0,0,0,91000,-91000,-91000
061598,南電永豐9A購04  ,0,0,0,0,0,0,0,0,0,-91000,0,0,0,99000,190000,-91000,-91000
063959,GIS元大9C購02   ,0,0,0,0,0,0,0,0,0,-91000,0,0,0,35000,126000,-91000,-91000
064073,南電永豐9C購01  ,0,0,0,0,0,0,0,0,0,-91000,0,0,0,2000,93000,-91000,-91000
064786,GIS群益9C購04   ,0,0,0,0,0,0,0,0,0,-91000,0,0,0,111000,202000,-91000,-91000
065326,華擎凱基02購01  ,0,0,0,0,0,0,0,0,0,-91000,0,0,0,10000,101000,-91000,-91000
066884,亞光永豐01購01  ,0,0,0,0,0,0,0,0,0,-91000,0,0,0,17000,108000,-91000,-91000
068426,道瓊銀凱基05購01,0,0,0,0,0,0,0,0,0,-92000,0,0,0,0,92000,-92000,-92000
067451,嘉晶國票02購01  ,0,0,0,0,0,0,0,0,0,-92000,0,0,0,6000,98000,-92000,-92000
061596,健策永豐9A購03  ,0,0,0,0,0,0,0,0,0,-92000,0,0,0,1000,93000,-92000,-92000
062263,康控元大9B購03  ,0,0,0,0,0,0,0,0,0,-92000,0,0,0,40000,132000,-92000,-92000
058669,上銀群益99購01  ,0,0,0,0,0,0,0,0,0,-92000,0,0,0,0,92000,-92000,-92000
057818,泰碩元大9A購01  ,0,0,0,0,0,0,0,0,0,-92000,0,0,0,16000,108000,-92000,-92000
064482,微星永豐9C購01  ,0,0,0,0,0,0,0,0,0,-92000,0,0,0,128000,220000,-92000,-92000
061865,力山元大9B購01  ,0,0,0,0,0,0,0,0,0,-92000,0,0,0,0,92000,-92000,-92000
066785,台光電麥證01購01,0,0,0,4000,96000,-92000,0,0,0,-92000,0,0,0,4000,96000,-92000,-92000
066176,華擎凱基01購01  ,0,0,0,0,0,0,0,0,0,-92000,0,0,0,110000,202000,-92000,-92000
066192,嘉基凱基01購01  ,0,0,0,0,0,0,0,0,0,-92000,0,0,0,29000,121000,-92000,-92000
065558,嘉聯益凱基9C購02,0,0,0,0,0,0,0,0,0,-92000,0,0,0,10000,102000,-92000,-92000
064825,英業達統一9C購01,0,0,0,0,0,0,0,0,0,-92000,0,0,0,0,92000,-92000,-92000
064713,和大統一02購01  ,0,0,0,0,0,0,0,0,0,-92000,0,0,0,0,92000,-92000,-92000
064556,華通群益02購02  ,0,0,0,0,0,0,0,0,0,-92000,0,0,0,13000,105000,-92000,-92000
08434P,臺股指凱基03售02,0,0,0,0,0,0,0,0,0,-93000,0,0,0,20000,113000,-93000,-93000
057645,華新科元大99購11,0,0,0,0,0,0,0,0,0,-93000,0,0,0,0,93000,-93000,-93000
060920,超眾富邦9B購01  ,0,0,0,0,0,0,0,0,0,-93000,0,0,0,62000,155000,-93000,-93000
062170,健策永豐9B購04  ,0,0,0,0,0,0,0,0,0,-93000,0,0,0,1000,94000,-93000,-93000
063794,亞德客凱基9C購01,0,0,0,0,0,0,0,0,0,-93000,0,0,0,6000,99000,-93000,-93000
065774,旭富國票01購01  ,0,0,0,0,0,0,0,0,0,-93000,0,0,0,13000,106000,-93000,-93000
066091,南電永豐01購01  ,0,0,0,0,0,0,0,0,0,-93000,0,0,0,44000,137000,-93000,-93000
066430,台郡元大01購01  ,0,0,0,0,0,0,0,0,0,-93000,0,0,0,0,93000,-93000,-93000
2905,三商            ,1191000,1405000,-214000,0,0,0,479,0,479,120000,120000,0,120000,0,0,0,-93521
067377,欣興統一02購01  ,0,0,0,0,0,0,0,0,0,-94000,0,0,0,0,94000,-94000,-94000
058498,世紀鋼群益99購01,0,0,0,0,0,0,0,0,0,-94000,0,0,0,2000,96000,-94000,-94000
063079,儒鴻凱基9B購01  ,0,0,0,0,0,0,0,0,0,-94000,0,0,0,10000,104000,-94000,-94000
062413,台光電中信9B購02,0,0,0,0,0,0,0,0,0,-94000,0,0,0,76000,170000,-94000,-94000
066679,微星兆豐01購01  ,0,0,0,0,0,0,0,0,0,-94000,0,0,0,88000,182000,-94000,-94000
066936,新日興國票02購01,0,0,0,0,0,0,0,0,0,-94000,0,0,0,42000,136000,-94000,-94000
065822,緯創台新9C購01  ,0,0,0,0,0,0,0,0,0,-94000,0,0,0,51000,145000,-94000,-94000
065361,上銀元大9C購11  ,0,0,0,0,0,0,0,0,0,-94000,0,0,0,68000,162000,-94000,-94000
2441,超豐            ,182000,295000,-113000,0,0,0,0,0,0,19000,19000,0,19000,0,0,0,-94000
5434,崇越            ,66207,267000,-200793,0,0,0,122000,0,122000,-16000,3000,15000,-12000,0,4000,-4000,-94793
067353,可成群益02購01  ,0,0,0,0,0,0,0,0,0,-95000,0,0,0,41000,136000,-95000,-95000
067245,康控群益01購03  ,0,0,0,0,0,0,0,0,0,-95000,0,0,0,108000,203000,-95000,-95000
067700,緯創國票02購01  ,0,0,0,0,0,0,0,0,0,-95000,0,0,0,46000,141000,-95000,-95000
058296,明泰凱基99購01  ,0,0,0,0,0,0,0,0,0,-95000,0,0,0,5000,100000,-95000,-95000
03132P,玉晶光台新01售01,0,0,0,0,0,0,0,0,0,-95000,0,0,0,0,95000,-95000,-95000
064461,致伸統一01購01  ,0,0,0,0,0,0,0,0,0,-95000,0,0,0,0,95000,-95000,-95000
062700,台光電元大9B購05,0,0,0,0,0,0,0,0,0,-95000,0,0,0,23000,118000,-95000,-95000
065088,可成元大9C購09  ,0,0,0,0,0,0,0,0,0,-95000,0,0,0,5000,100000,-95000,-95000
067024,旺宏兆豐03購01  ,0,0,0,0,0,0,0,0,0,-95000,0,0,0,0,95000,-95000,-95000
3056,總太            ,38000,133000,-95000,0,0,0,0,0,0,0,1000,0,1000,0,1000,-1000,-95000
2882A,國泰特          ,30000,0,30000,0,0,0,0,0,0,-125000,0,125000,-125000,0,0,0,-95000
067827,富邦金兆豐03購01,0,0,0,0,0,0,0,0,0,-96000,0,0,0,46000,142000,-96000,-96000
067241,信邦群益01購01  ,0,0,0,0,0,0,0,0,0,-96000,0,0,0,159000,255000,-96000,-96000
067252,智邦國票02購02  ,0,0,0,0,0,0,0,0,0,-96000,0,0,0,20000,116000,-96000,-96000
067910,玉晶光國泰03購03,0,0,0,0,0,0,0,0,0,-96000,0,0,0,0,96000,-96000,-96000
068197,聯發科凱基01購19,0,0,0,0,0,0,0,0,0,-96000,0,0,0,60000,156000,-96000,-96000
068113,台光電元富07購01,0,0,0,0,0,0,0,0,0,-96000,0,0,0,31000,127000,-96000,-96000
08616P,聯發科元富9C售02,0,0,0,0,0,0,0,0,0,-96000,0,0,0,25000,121000,-96000,-96000
059772,可成群益9A購05  ,0,0,0,0,0,0,0,0,0,-96000,0,0,0,24000,120000,-96000,-96000
061062,和大凱基9A購02  ,0,0,0,0,0,0,0,0,0,-96000,0,0,0,13000,109000,-96000,-96000
064131,群創元大01購02  ,0,0,0,0,0,0,0,0,0,-96000,0,0,0,40000,136000,-96000,-96000
062381,上銀國泰9C購01  ,0,0,0,0,0,0,0,0,0,-96000,0,0,0,27000,123000,-96000,-96000
061773,和潤元大9B購01  ,0,0,0,0,0,0,0,0,0,-96000,0,0,0,0,96000,-96000,-96000
061959,鴻海統一9B購04  ,0,0,0,0,0,0,0,0,0,-96000,0,0,0,262000,358000,-96000,-96000
066306,亞聚永豐01購01  ,0,0,0,0,0,0,0,0,0,-96000,0,0,0,0,96000,-96000,-96000
065103,南六元大9C購06  ,0,0,0,0,0,0,0,0,0,-96000,0,0,0,88000,184000,-96000,-96000
065012,燿華國泰02購01  ,0,0,0,0,0,0,0,0,0,-96000,0,0,0,291000,387000,-96000,-96000
08964P,美律台新01售01  ,0,0,0,0,0,0,0,0,0,-96000,0,0,0,124000,220000,-96000,-96000
1702,南僑            ,21000,88000,-67000,0,0,0,0,0,0,-29000,1000,0,1000,0,30000,-30000,-96000
5534,長虹            ,39622,132000,-92378,0,0,0,11000,0,11000,-15000,0,12000,-12000,0,3000,-3000,-96378
6214,精誠            ,36486,124000,-87514,0,0,0,3000,0,3000,-12000,0,12000,-12000,0,0,0,-96514
068734,瑞儀元大02購02  ,0,0,0,0,0,0,0,0,0,-97000,0,0,0,0,97000,-97000,-97000
067699,奇鋐國票02購03  ,0,0,0,0,0,0,0,0,0,-97000,0,0,0,0,97000,-97000,-97000
058161,T50反1日盛03購01,0,0,0,0,0,0,0,0,0,-97000,0,0,0,0,97000,-97000,-97000
03097P,聯發科凱基01售20,0,0,0,0,0,0,0,0,0,-97000,0,0,0,0,97000,-97000,-97000
064505,康控元大9C購01  ,0,0,0,0,0,0,0,0,0,-97000,0,0,0,100000,197000,-97000,-97000
066802,亞光凱基02購01  ,0,0,0,0,0,0,0,0,0,-97000,0,0,0,0,97000,-97000,-97000
8210,勤誠            ,31000,130000,-99000,0,0,0,0,0,0,2000,3000,0,3000,1000,2000,-1000,-97000
067869,玉晶光元大01購05,0,0,0,0,0,0,0,0,0,-98000,0,0,0,0,98000,-98000,-98000
068775,上証2X元富08購01,0,0,0,0,0,0,0,0,0,-98000,0,0,0,3000,101000,-98000,-98000
06922P,元上證群益9C售01,0,0,0,0,0,0,0,0,0,-98000,0,0,0,5000,103000,-98000,-98000
08773P,瑞昱凱基01售01  ,0,0,0,0,0,0,0,0,0,-98000,0,0,0,20000,118000,-98000,-98000
08812P,聯發科群益01售01,0,0,0,0,0,0,0,0,0,-98000,0,0,0,0,98000,-98000,-98000
08262P,茂林元大9C售01  ,0,0,0,0,0,0,0,0,0,-98000,0,0,0,6000,104000,-98000,-98000
058428,大立光元富99購02,0,0,0,0,0,0,0,0,0,-98000,0,0,0,2000,100000,-98000,-98000
060954,國泰金群益9A購02,0,0,0,0,0,0,0,0,0,-98000,0,0,0,0,98000,-98000,-98000
062027,國泰金群益9B購01,0,0,0,0,0,0,0,0,0,-98000,0,0,0,0,98000,-98000,-98000
063656,台光電元富03購01,0,0,0,0,0,0,0,0,0,-98000,0,0,0,10000,108000,-98000,-98000
061256,亞德客凱基9B購01,0,0,0,0,0,0,0,0,0,-98000,0,0,0,0,98000,-98000,-98000
063196,力成元富9B購01  ,0,0,0,0,0,0,0,0,0,-98000,0,0,0,8000,106000,-98000,-98000
067032,致新元富01購01  ,0,0,0,0,0,0,0,0,0,-98000,0,0,0,0,98000,-98000,-98000
066969,可成元富07購01  ,0,0,0,0,0,0,0,0,0,-98000,0,0,0,0,98000,-98000,-98000
066312,川湖永豐01購01  ,0,0,0,0,0,0,0,0,0,-98000,0,0,0,0,98000,-98000,-98000
066413,鴻海元大01購06  ,0,0,0,0,0,0,0,0,0,-98000,0,0,0,2000,100000,-98000,-98000
065964,鴻海元大02購01  ,0,0,0,0,0,0,0,0,0,-98000,0,0,0,0,98000,-98000,-98000
064986,GIS元大9C購07   ,0,0,0,0,0,0,0,0,0,-98000,0,0,0,2000,100000,-98000,-98000
065156,可成群益01購02  ,0,0,0,0,0,0,0,0,0,-98000,0,0,0,0,98000,-98000,-98000
065394,英業達群益9C購01,0,0,0,0,0,0,0,0,0,-98000,0,0,0,0,98000,-98000,-98000
065258,華邦電元大01購01,0,0,0,0,0,0,0,0,0,-98000,0,0,0,102000,200000,-98000,-98000
08234P,華擎元富9B售03  ,0,0,0,0,0,0,0,0,0,-99000,0,0,0,180000,279000,-99000,-99000
067656,新日興元富07購01,0,0,0,0,0,0,0,0,0,-99000,0,0,0,0,99000,-99000,-99000
068386,台達電統一03購02,0,0,0,0,0,0,0,0,0,-99000,0,0,0,150000,249000,-99000,-99000
068351,鴻海凱基04購01  ,0,0,0,0,0,0,0,0,0,-99000,0,0,0,0,99000,-99000,-99000
063491,國巨富邦02購02  ,20000,0,20000,0,0,0,0,0,0,-119000,0,0,0,13000,132000,-119000,-99000
062030,旭富群益9B購01  ,0,0,0,0,0,0,0,0,0,-99000,0,0,0,0,99000,-99000,-99000
064378,群創元富9C購01  ,0,0,0,0,0,0,0,0,0,-99000,0,0,0,37000,136000,-99000,-99000
064119,上銀元大9C購06  ,0,0,0,0,0,0,0,0,0,-99000,0,0,0,67000,166000,-99000,-99000
064167,緯穎統一01購03  ,0,0,0,0,0,0,0,0,0,-99000,0,0,0,83000,182000,-99000,-99000
062524,鴻海統一9C購09  ,0,0,0,0,0,0,0,0,0,-99000,0,0,0,0,99000,-99000,-99000
065672,嘉晶凱基01購01  ,0,0,0,0,0,0,0,0,0,-99000,0,0,0,86000,185000,-99000,-99000
064722,大立光統一02購03,0,0,0,0,0,0,0,0,0,-99000,0,0,0,0,99000,-99000,-99000
066004,國巨統一01購11  ,0,0,0,0,0,0,0,0,0,-99000,0,0,0,1000,100000,-99000,-99000
066164,精元凱基01購01  ,0,0,0,0,0,0,0,0,0,-99000,0,0,0,122000,221000,-99000,-99000
2939,凱羿-KY         ,26000,125000,-99000,0,0,0,0,0,0,0,0,0,0,0,0,0,-99000
068340,緯穎元大03購01  ,0,0,0,0,0,0,0,0,0,-100000,0,0,0,0,100000,-100000,-100000
068253,玉晶光元大01購13,0,0,0,0,0,0,0,0,0,-100000,0,0,0,0,100000,-100000,-100000
068099,GIS富邦01購01   ,0,0,0,0,0,0,0,0,0,-100000,0,0,0,0,100000,-100000,-100000
068069,台光電凱基01購03,0,0,0,0,0,0,0,0,0,-100000,0,0,0,0,100000,-100000,-100000
068140,鴻海元大01購24  ,0,0,0,0,0,0,0,0,0,-100000,0,0,0,0,100000,-100000,-100000
06797P,臺股指凱基98售07,0,0,0,0,0,0,0,0,0,-100000,0,0,0,0,100000,-100000,-100000
068005,玉晶光元大03購02,0,0,0,0,0,0,0,0,0,-100000,0,0,0,0,100000,-100000,-100000
068006,玉晶光元大03購03,0,0,0,0,0,0,0,0,0,-100000,0,0,0,103000,203000,-100000,-100000
068002,玉晶光元大01購10,0,0,0,0,0,0,0,0,0,-100000,0,0,0,0,100000,-100000,-100000
067681,嘉澤元大01購05  ,0,0,0,0,0,0,0,0,0,-100000,0,0,0,1000,101000,-100000,-100000
067614,台汽電凱基01購01,0,0,0,0,0,0,0,0,0,-100000,0,0,0,0,100000,-100000,-100000
067741,中壽元大01購01  ,0,0,0,0,0,0,0,0,0,-100000,0,0,0,0,100000,-100000,-100000
08153P,台表科統一9B售01,0,0,0,0,0,0,0,0,0,-100000,0,0,0,0,100000,-100000,-100000
08354P,旺宏元大9C售05  ,0,0,0,0,0,0,0,0,0,-100000,0,0,0,0,100000,-100000,-100000
08646P,臺股指中信03售02,0,0,0,0,0,0,0,0,0,-100000,0,0,0,0,100000,-100000,-100000
08583P,鴻海群益01售05  ,0,0,0,0,0,0,0,0,0,-100000,0,0,0,0,100000,-100000,-100000
068731,健策元大03購01  ,0,0,0,0,0,0,0,0,0,-100000,0,0,0,15000,115000,-100000,-100000
068717,華通元大02購04  ,0,0,0,0,0,0,0,0,0,-100000,0,0,0,29000,129000,-100000,-100000
07353P,大立光國票99售02,0,0,0,0,0,0,0,0,0,-100000,0,0,0,0,100000,-100000,-100000
07285P,上証2X群益01售02,0,0,0,0,0,0,0,0,0,-100000,0,0,0,0,100000,-100000,-100000
07919P,創意永豐9B售01  ,0,0,0,0,0,0,0,0,0,-100000,0,0,0,0,100000,-100000,-100000
058700,鴻海元大99購15  ,0,0,0,0,0,0,0,0,0,-100000,0,0,0,0,100000,-100000,-100000
058701,鴻海元大99購16  ,0,0,0,0,0,0,0,0,0,-100000,0,0,0,0,100000,-100000,-100000
061606,景碩凱基9A購02  ,0,0,0,0,0,0,0,0,0,-100000,0,0,0,9000,109000,-100000,-100000
058140,臻鼎元大99購02  ,0,0,0,0,0,0,0,0,0,-100000,0,0,0,100000,200000,-100000,-100000
058211,國巨群益9A購02  ,0,0,0,0,0,0,0,0,0,-100000,0,0,0,0,100000,-100000,-100000
057700,新日興群益9A購01,0,0,0,0,0,0,0,0,0,-100000,0,0,0,0,100000,-100000,-100000
057727,華邦電國泰9A購01,0,0,0,0,0,0,0,0,0,-100000,0,0,0,0,100000,-100000,-100000
057186,群創元大99購04  ,0,0,0,0,0,0,0,0,0,-100000,0,0,0,0,100000,-100000,-100000
056888,元油2X元大99購06,0,0,0,0,0,0,0,0,0,-100000,0,0,0,0,100000,-100000,-100000
054819,裕民元大9A購01  ,0,0,0,0,0,0,0,0,0,-100000,0,0,0,0,100000,-100000,-100000
060106,旭富元大99購02  ,0,0,0,0,0,0,0,0,0,-100000,0,0,0,0,100000,-100000,-100000
058988,大立光凱基9A購02,0,0,0,0,0,0,0,0,0,-100000,0,0,0,0,100000,-100000,-100000
058009,智易國票99購01  ,0,0,0,0,0,0,0,0,0,-100000,0,0,0,38000,138000,-100000,-100000
060762,長榮航元大9A購02,0,0,0,0,0,0,0,0,0,-100000,0,0,0,0,100000,-100000,-100000
064406,健策凱基03購01  ,0,0,0,0,0,0,0,0,0,-100000,0,0,0,4000,104000,-100000,-100000
064470,世紀鋼元富03購01,0,0,0,0,0,0,0,0,0,-100000,0,0,0,1000,101000,-100000,-100000
064471,國巨麥證9C購02  ,0,0,0,50000,150000,-100000,0,0,0,-100000,0,0,0,50000,150000,-100000,-100000
062056,國巨統一9C購08  ,0,0,0,0,0,0,0,0,0,-100000,0,0,0,0,100000,-100000,-100000
062158,禾伸堂凱基9B購01,0,0,0,0,0,0,0,0,0,-100000,0,0,0,0,100000,-100000,-100000
061709,SP黃豆凱基01購02,0,0,0,0,0,0,0,0,0,-100000,0,0,0,0,100000,-100000,-100000
062393,智邦富邦9B購01  ,0,0,0,0,0,0,0,0,0,-100000,0,0,0,293000,393000,-100000,-100000
060975,滬深2X元大01購02,0,0,0,0,0,0,0,0,0,-100000,0,0,0,0,100000,-100000,-100000
063689,可成永豐9B購04  ,0,0,0,0,0,0,0,0,0,-100000,0,0,0,0,100000,-100000,-100000
061778,元金2X群益9B購02,0,0,0,0,0,0,0,0,0,-100000,0,0,0,0,100000,-100000,-100000
061822,和潤群益9B購01  ,0,0,0,0,0,0,0,0,0,-100000,0,0,0,0,100000,-100000,-100000
061848,國巨國票9B購07  ,0,0,0,0,0,0,0,0,0,-100000,0,0,0,19000,119000,-100000,-100000
061189,可成富邦9B購02  ,0,0,0,0,0,0,0,0,0,-100000,0,0,0,0,100000,-100000,-100000
061056,臺指反國票02購01,0,0,0,0,0,0,0,0,0,-100000,0,0,0,0,100000,-100000,-100000
062557,台光電凱基9B購02,0,0,0,0,0,0,0,0,0,-100000,0,0,0,15000,115000,-100000,-100000
063997,泰鼎群益9C購01  ,0,0,0,0,0,0,0,0,0,-100000,0,0,0,27000,127000,-100000,-100000
066188,訊芯凱基01購01  ,0,0,0,0,0,0,0,0,0,-100000,0,0,0,0,100000,-100000,-100000
066097,英業達中信02購01,0,0,0,0,0,0,0,0,0,-100000,0,0,0,0,100000,-100000,-100000
066401,智伸科凱基01購02,0,0,0,0,0,0,0,0,0,-100000,0,0,0,0,100000,-100000,-100000
066368,聯鈞中信01購01  ,0,0,0,0,0,0,0,0,0,-100000,0,0,0,0,100000,-100000,-100000
066437,台泥群益02購01  ,0,0,0,0,0,0,0,0,0,-100000,0,0,0,8000,108000,-100000,-100000
066531,智伸科元富01購01,0,0,0,0,0,0,0,0,0,-100000,0,0,0,0,100000,-100000,-100000
066952,亞光元大01購03  ,0,0,0,0,0,0,0,0,0,-100000,0,0,0,0,100000,-100000,-100000
066946,京元電元大01購04,0,0,0,0,0,0,0,0,0,-100000,0,0,0,20000,120000,-100000,-100000
065614,緯穎元大01購02  ,0,0,0,0,0,0,0,0,0,-100000,0,0,0,0,100000,-100000,-100000
065655,緯穎元大9C購05  ,0,0,0,0,0,0,0,0,0,-100000,0,0,0,0,100000,-100000,-100000
065861,台汽電元大9C購01,0,0,0,0,0,0,0,0,0,-100000,0,0,0,0,100000,-100000,-100000
065588,聯發科永豐9C購02,0,0,0,0,0,0,0,0,0,-100000,0,0,0,0,100000,-100000,-100000
067599,台積電凱基01購14,0,0,0,0,0,0,0,0,0,-101000,0,0,0,131000,232000,-101000,-101000
068185,嘉聯益群益01購01,0,0,0,0,0,0,0,0,0,-101000,0,0,0,79000,180000,-101000,-101000
060861,漢唐永豐9A購01  ,0,0,0,0,0,0,0,0,0,-101000,0,0,0,30000,131000,-101000,-101000
062288,南六群益9B購01  ,0,0,0,0,0,0,0,0,0,-101000,0,0,0,196000,297000,-101000,-101000
061432,世紀鋼元大9A購05,0,0,0,0,0,0,0,0,0,-101000,0,0,0,0,101000,-101000,-101000
061956,和大統一01購01  ,0,0,0,0,0,0,0,0,0,-101000,0,0,0,0,101000,-101000,-101000
063390,嘉晶兆豐9B購01  ,0,0,0,0,0,0,0,0,0,-101000,0,0,0,31000,132000,-101000,-101000
063340,英業達統一9B購01,0,0,0,0,0,0,0,0,0,-101000,0,0,0,0,101000,-101000,-101000
062040,玉晶光凱基01購01,0,0,0,0,0,0,0,0,0,-101000,0,0,0,1000,102000,-101000,-101000
065087,可成元大9C購08  ,0,0,0,0,0,0,0,0,0,-101000,0,0,0,125000,226000,-101000,-101000
068846,台積電統一04購06,0,0,0,0,0,0,0,0,0,-102000,0,0,0,0,102000,-102000,-102000
068833,大立光國泰04購01,0,0,0,0,0,0,0,0,0,-102000,0,0,0,0,102000,-102000,-102000
064134,瑞祺元大9C購02  ,0,0,0,0,0,0,0,0,0,-102000,0,0,0,59000,161000,-102000,-102000
060784,鴻海富邦9C購01  ,0,0,0,0,0,0,0,0,0,-102000,0,0,0,0,102000,-102000,-102000
060612,世紀鋼凱基9A購01,0,0,0,0,0,0,0,0,0,-102000,0,0,0,0,102000,-102000,-102000
065432,景碩凱基9C購03  ,0,0,0,0,0,0,0,0,0,-102000,0,0,0,4000,106000,-102000,-102000
065504,宏達電永豐9C購01,0,0,0,0,0,0,0,0,0,-102000,0,0,0,57000,159000,-102000,-102000
065353,GIS統一02購03   ,0,0,0,0,0,0,0,0,0,-102000,0,0,0,1000,103000,-102000,-102000
065943,台表科元富01購01,0,0,0,0,0,0,0,0,0,-102000,0,0,0,96000,198000,-102000,-102000
065879,瑞祺群益9C購02  ,0,0,0,0,0,0,0,0,0,-102000,0,0,0,6000,108000,-102000,-102000
066190,惠特凱基01購01  ,0,0,0,0,0,0,0,0,0,-102000,0,0,0,120000,222000,-102000,-102000
1337,再生-KY         ,48000,150000,-102000,0,0,0,0,0,0,0,0,0,0,0,0,0,-102000
2637,慧洋-KY         ,75368,169000,-93632,0,0,0,1000,0,1000,-10000,0,14000,-14000,7000,3000,4000,-102632
068106,南電永豐01購02  ,0,0,0,0,0,0,0,0,0,-103000,0,0,0,72000,175000,-103000,-103000
068008,聯茂元大01購02  ,0,0,0,0,0,0,0,0,0,-103000,0,0,0,21000,124000,-103000,-103000
068218,台光電統一02購05,0,0,0,0,0,0,0,0,0,-103000,0,0,0,2000,105000,-103000,-103000
068440,華擎凱基01購04  ,0,0,0,0,0,0,0,0,0,-103000,0,0,0,23000,126000,-103000,-103000
067745,泰鼎元大01購03  ,0,0,0,0,0,0,0,0,0,-103000,0,0,0,98000,201000,-103000,-103000
067876,世紀鋼元大01購03,0,0,0,0,0,0,0,0,0,-103000,0,0,0,5000,108000,-103000,-103000
055623,貿聯國泰99購01  ,0,0,0,0,0,0,0,0,0,-103000,0,0,0,0,103000,-103000,-103000
056277,上銀富邦99購02  ,0,0,0,0,0,0,0,0,0,-103000,0,0,0,69000,172000,-103000,-103000
0052,富邦科技        ,0,2000,-2000,0,0,0,0,0,0,-101000,0,0,0,123000,224000,-101000,-103000
060542,上銀凱基9A購04  ,0,0,0,0,0,0,0,0,0,-103000,0,0,0,10000,113000,-103000,-103000
063572,麗豐元大9B購01  ,0,0,0,0,0,0,0,0,0,-103000,0,0,0,120000,223000,-103000,-103000
066923,滬深2X國票02購01,0,0,0,0,0,0,0,0,0,-103000,0,0,0,40000,143000,-103000,-103000
067132,瑞昱永豐01購01  ,0,0,0,0,0,0,0,0,0,-103000,0,0,0,133000,236000,-103000,-103000
065783,友訊永豐9C購02  ,0,0,0,0,0,0,0,0,0,-103000,0,0,0,96000,199000,-103000,-103000
067551,欣興中信02購01  ,0,0,0,0,0,0,0,0,0,-104000,0,0,0,157000,261000,-104000,-104000
067322,達方元大01購01  ,0,0,0,0,0,0,0,0,0,-104000,0,0,0,351000,455000,-104000,-104000
068186,GIS群益01購03   ,0,0,0,0,0,0,0,0,0,-104000,0,0,0,16000,120000,-104000,-104000
08868P,欣興凱基02售03  ,0,0,0,0,0,0,0,0,0,-104000,0,0,0,185000,289000,-104000,-104000
058817,嘉聯益台新99購01,0,0,0,0,0,0,0,0,0,-104000,0,0,0,252000,356000,-104000,-104000
059170,康控凱基9B購01  ,0,0,0,0,0,0,0,0,0,-104000,0,0,0,22000,126000,-104000,-104000
062688,華擎統一01購03  ,0,0,0,0,0,0,0,0,0,-104000,0,0,0,0,104000,-104000,-104000
062989,鴻海群益9B購07  ,0,0,0,0,0,0,0,0,0,-104000,0,0,0,100000,204000,-104000,-104000
062457,京元電群益9B購01,0,0,0,0,0,0,0,0,0,-104000,0,0,0,0,104000,-104000,-104000
064240,群創統一02購02  ,0,0,0,0,0,0,0,0,0,-104000,0,0,0,60000,164000,-104000,-104000
065499,京元電富邦01購01,0,0,0,0,0,0,0,0,0,-104000,0,0,0,217000,321000,-104000,-104000
065435,臻鼎凱基02購01  ,0,0,0,0,0,0,0,0,0,-104000,0,0,0,0,104000,-104000,-104000
065199,華擎元富03購01  ,0,0,0,0,0,0,0,0,0,-104000,0,0,0,37000,141000,-104000,-104000
066917,美利達凱基01購02,0,0,0,0,0,0,0,0,0,-104000,0,0,0,12000,116000,-104000,-104000
067016,康控富邦04購01  ,0,0,0,0,0,0,0,0,0,-104000,0,0,0,0,104000,-104000,-104000
067082,健策元大01購07  ,0,0,0,0,0,0,0,0,0,-104000,0,0,0,10000,114000,-104000,-104000
066820,南茂兆豐03購01  ,0,0,0,0,0,0,0,0,0,-104000,0,0,0,390000,494000,-104000,-104000
066652,聯鈞康和01購01  ,0,0,0,0,0,0,0,0,0,-104000,0,0,0,0,104000,-104000,-104000
08802P,聯發科元大01售14,0,0,0,0,0,0,0,0,0,-105000,0,0,0,478000,583000,-105000,-105000
068710,正文國票03購01  ,0,0,0,0,0,0,0,0,0,-105000,0,0,0,0,105000,-105000,-105000
067333,凌陽凱基02購01  ,0,0,0,0,0,0,0,0,0,-105000,0,0,0,36000,141000,-105000,-105000
067492,健策元大01購11  ,0,0,0,0,0,0,0,0,0,-105000,0,0,0,15000,120000,-105000,-105000
060387,盛群凱基9A購01  ,0,0,0,0,0,0,0,0,0,-105000,0,0,0,0,105000,-105000,-105000
064145,宏碁統一02購01  ,0,0,0,0,0,0,0,0,0,-105000,0,0,0,18000,123000,-105000,-105000
064374,旺宏元富9C購01  ,0,0,0,0,0,0,0,0,0,-105000,0,0,0,0,105000,-105000,-105000
062394,大立光富邦02購01,0,0,0,0,0,0,0,0,0,-105000,0,0,0,0,105000,-105000,-105000
060513,緯穎元大9B購01  ,0,0,0,0,0,0,0,0,0,-105000,0,0,0,10000,115000,-105000,-105000
062763,華擎凱基9C購02  ,0,0,0,0,0,0,0,0,0,-105000,0,0,0,0,105000,-105000,-105000
061372,世紀鋼國泰9C購01,0,0,0,0,0,0,0,0,0,-105000,0,0,0,103000,208000,-105000,-105000
065100,聯茂元大9C購04  ,0,0,0,0,0,0,0,0,0,-105000,0,0,0,6000,111000,-105000,-105000
064996,T50反1國票01購03,0,0,0,0,0,0,0,0,0,-105000,0,0,0,0,105000,-105000,-105000
067959,嘉聯益永豐01購01,0,0,0,0,0,0,0,0,0,-106000,0,0,0,64000,170000,-106000,-106000
068550,玉晶光群益03購01,0,0,0,0,0,0,0,0,0,-106000,0,0,0,90000,196000,-106000,-106000
058361,美律凱基99購06  ,0,0,0,0,0,0,0,0,0,-106000,0,0,0,0,106000,-106000,-106000
062237,緯創凱基9B購01  ,0,0,0,0,0,0,0,0,0,-106000,0,0,0,52000,158000,-106000,-106000
064233,燿華統一9C購02  ,0,0,0,0,0,0,0,0,0,-106000,0,0,0,149000,255000,-106000,-106000
065135,和大凱基01購01  ,0,0,0,0,0,0,0,0,0,-106000,0,0,0,30000,136000,-106000,-106000
065395,致茂群益01購01  ,0,0,0,0,0,0,0,0,0,-106000,0,0,0,48000,154000,-106000,-106000
066854,樺漢元大01購02  ,0,0,0,0,0,0,0,0,0,-106000,0,0,0,0,106000,-106000,-106000
067084,泰鼎元大01購02  ,0,0,0,0,0,0,0,0,0,-106000,0,0,0,118000,224000,-106000,-106000
1733,五鼎            ,204000,267000,-63000,0,0,0,0,0,0,-43000,5000,48000,-43000,0,0,0,-106000
068749,聯詠群益02購01  ,0,0,0,0,0,0,0,0,0,-107000,0,0,0,36000,143000,-107000,-107000
08815P,聯發科國泰03售03,0,0,0,0,0,0,0,0,0,-107000,0,0,0,256000,363000,-107000,-107000
03186P,台積電元大01售50,0,0,0,0,0,0,0,0,0,-107000,0,0,0,21000,128000,-107000,-107000
061367,瑞祺國票9A購01  ,0,0,0,0,0,0,0,0,0,-107000,0,0,0,24000,131000,-107000,-107000
061348,聯鈞元大9A購05  ,0,0,0,0,0,0,0,0,0,-107000,0,0,0,135000,242000,-107000,-107000
062294,盛群永豐9B購01  ,0,0,0,0,0,0,0,0,0,-107000,0,0,0,0,107000,-107000,-107000
066399,聯鈞凱基01購02  ,0,0,0,0,0,0,0,0,0,-107000,0,0,0,18000,125000,-107000,-107000
065216,群創國泰01購02  ,0,0,0,0,0,0,0,0,0,-107000,0,0,0,186000,293000,-107000,-107000
064756,友達凱基02購02  ,0,0,0,0,0,0,0,0,0,-107000,0,0,0,3000,110000,-107000,-107000
067887,英業達群益01購02,0,0,0,0,0,0,0,0,0,-108000,0,0,0,0,108000,-108000,-108000
067543,臻鼎群益01購01  ,0,0,0,0,0,0,0,0,0,-108000,0,0,0,0,108000,-108000,-108000
03125P,台積電凱基01售24,0,0,0,0,0,0,0,0,0,-108000,0,0,0,108000,216000,-108000,-108000
058365,奇力新凱基9A購01,0,0,0,0,0,0,0,0,0,-108000,0,0,0,40000,148000,-108000,-108000
063520,上銀凱基9B購05  ,0,0,0,0,0,0,0,0,0,-108000,0,0,0,0,108000,-108000,-108000
066977,鴻海群益02購01  ,0,0,0,0,0,0,0,0,0,-108000,0,0,0,200000,308000,-108000,-108000
066622,南帝凱基01購01  ,0,0,0,0,0,0,0,0,0,-108000,0,0,0,79000,187000,-108000,-108000
067399,新日興永豐01購01,0,0,0,0,0,0,0,0,0,-109000,0,0,0,2000,111000,-109000,-109000
067662,聚陽元大01購03  ,0,0,0,0,0,0,0,0,0,-109000,0,0,0,57000,166000,-109000,-109000
058748,景碩凱基9A購01  ,0,0,0,0,0,0,0,0,0,-109000,0,0,0,5000,114000,-109000,-109000
057506,聯鈞國票99購02  ,0,0,0,0,0,0,0,0,0,-109000,0,0,0,0,109000,-109000,-109000
063612,金像電群益9B購04,0,0,0,0,0,0,0,0,0,-109000,0,0,0,20000,129000,-109000,-109000
062917,旭富元大9C購03  ,0,0,0,0,0,0,0,0,0,-109000,0,0,0,0,109000,-109000,-109000
063292,致新元大9B購02  ,0,0,0,0,0,0,0,0,0,-109000,0,0,0,8000,117000,-109000,-109000
063774,GIS富邦9B購02   ,0,0,0,0,0,0,0,0,0,-109000,0,0,0,2000,111000,-109000,-109000
061843,億豐凱基9C購01  ,0,0,0,0,0,0,0,0,0,-109000,0,0,0,76000,185000,-109000,-109000
061732,智邦中信9B購01  ,0,0,0,0,0,0,0,0,0,-109000,0,0,0,80000,189000,-109000,-109000
067004,義隆永豐01購01  ,0,0,0,0,0,0,0,0,0,-109000,0,0,0,1000,110000,-109000,-109000
067021,正崴中信01購01  ,0,0,0,0,0,0,0,0,0,-109000,0,0,0,225000,334000,-109000,-109000
064818,華新統一01購01  ,0,0,0,0,0,0,0,0,0,-109000,0,0,0,0,109000,-109000,-109000
065017,和大富邦03購01  ,0,0,0,0,0,0,0,0,0,-109000,0,0,0,0,109000,-109000,-109000
065635,智伸科國票01購02,0,0,0,0,0,0,0,0,0,-109000,0,0,0,0,109000,-109000,-109000
067548,亞德客中信03購01,0,0,0,0,0,0,0,0,0,-110000,0,0,0,57000,167000,-110000,-110000
067503,聚陽統一03購01  ,0,0,0,0,0,0,0,0,0,-110000,0,0,0,0,110000,-110000,-110000
068189,國巨凱基04購03  ,0,0,0,0,0,0,0,0,0,-110000,0,0,0,218000,328000,-110000,-110000
068466,帆宣永豐01購02  ,0,0,0,0,0,0,0,0,0,-110000,0,0,0,0,110000,-110000,-110000
068262,南電富邦03購01  ,0,0,0,0,0,0,0,0,0,-110000,0,0,0,21000,131000,-110000,-110000
08596P,聯發科國泰02售02,0,0,0,0,0,0,0,0,0,-110000,0,0,0,20000,130000,-110000,-110000
068746,台達電群益02購01,0,0,0,0,0,0,0,0,0,-110000,0,0,0,0,110000,-110000,-110000
055092,開發金群益9B購01,0,0,0,0,0,0,0,0,0,-110000,0,0,0,0,110000,-110000,-110000
058267,奇鋐永豐99購01  ,0,0,0,0,0,0,0,0,0,-110000,0,0,0,11000,121000,-110000,-110000
060401,世紀鋼國票9B購01,0,0,0,0,0,0,0,0,0,-110000,0,0,0,10000,120000,-110000,-110000
060333,金寶康和9A購01  ,0,0,0,0,0,0,0,0,0,-110000,0,0,0,10000,120000,-110000,-110000
062426,大立光統一02購02,0,0,0,0,0,0,0,0,0,-110000,0,0,0,10000,120000,-110000,-110000
064300,英業達兆豐9C購01,0,0,0,0,0,0,0,0,0,-110000,0,0,0,0,110000,-110000,-110000
062504,旭富群益9B購02  ,0,0,0,0,0,0,0,0,0,-110000,0,0,0,0,110000,-110000,-110000
062689,華擎統一02購01  ,0,0,0,0,0,0,0,0,0,-110000,0,0,0,0,110000,-110000,-110000
061511,緯穎富邦9B購02  ,0,0,0,0,0,0,0,0,0,-110000,0,0,0,0,110000,-110000,-110000
065789,泰碩永豐9C購02  ,0,0,0,0,0,0,0,0,0,-110000,0,0,0,0,110000,-110000,-110000
065380,緯穎元大9C購02  ,0,0,0,0,0,0,0,0,0,-110000,0,0,0,0,110000,-110000,-110000
066816,泰鼎兆豐03購01  ,0,0,0,0,0,0,0,0,0,-110000,0,0,0,5000,115000,-110000,-110000
066778,緯穎富邦03購01  ,0,0,0,0,0,0,0,0,0,-110000,0,0,0,0,110000,-110000,-110000
066492,台郡元富01購01  ,0,0,0,0,0,0,0,0,0,-110000,0,0,0,0,110000,-110000,-110000
066003,台表科國票02購02,0,0,0,0,0,0,0,0,0,-110000,0,0,0,76000,186000,-110000,-110000
068752,GIS群益02購03   ,0,0,0,0,0,0,0,0,0,-111000,0,0,0,13000,124000,-111000,-111000
03087P,聯發科元大01售24,0,0,0,0,0,0,0,0,0,-111000,0,0,0,65000,176000,-111000,-111000
03241P,聯電統一02售03  ,0,0,0,0,0,0,0,0,0,-111000,0,0,0,11000,122000,-111000,-111000
061716,瑞儀凱基9B購01  ,0,0,0,0,0,0,0,0,0,-111000,0,0,0,38000,149000,-111000,-111000
066179,智伸科凱基01購01,0,0,0,0,0,0,0,0,0,-111000,0,0,0,40000,151000,-111000,-111000
064990,世紀鋼元大01購01,0,0,0,0,0,0,0,0,0,-111000,0,0,0,37000,148000,-111000,-111000
064950,美律凱基02購01  ,0,0,0,0,0,0,0,0,0,-111000,0,0,0,98000,209000,-111000,-111000
08951P,臺股指國票01售08,0,0,0,0,0,0,0,0,0,-111000,0,0,0,31000,142000,-111000,-111000
08320P,智邦統一9C售02  ,0,0,0,0,0,0,0,0,0,-112000,0,0,0,10000,122000,-112000,-112000
068073,京城銀凱基01購01,0,0,0,0,0,0,0,0,0,-112000,0,0,0,10000,122000,-112000,-112000
059921,大立光元大99購24,0,0,0,0,0,0,0,0,0,-112000,0,0,0,0,112000,-112000,-112000
058274,世紀鋼永豐99購01,0,0,0,0,0,0,0,0,0,-112000,0,0,0,37000,149000,-112000,-112000
063708,上銀凱基9B購06  ,0,0,0,0,0,0,0,0,0,-112000,0,0,0,2000,114000,-112000,-112000
063963,鴻海國票01購01  ,0,0,0,0,0,0,0,0,0,-112000,0,0,0,0,112000,-112000,-112000
066562,上緯控元大01購01,0,0,0,0,0,0,0,0,0,-112000,0,0,0,60000,172000,-112000,-112000
066982,嘉晶群益02購01  ,0,0,0,0,0,0,0,0,0,-112000,0,0,0,8000,120000,-112000,-112000
067554,聚陽國票02購02  ,0,0,0,0,0,0,0,0,0,-113000,0,0,0,26000,139000,-113000,-113000
08568P,臺股指富邦9C售05,0,0,0,0,0,0,0,0,0,-113000,0,0,0,0,113000,-113000,-113000
068814,台光電元大02購01,0,0,0,0,0,0,0,0,0,-113000,0,0,0,45000,158000,-113000,-113000
062600,可成台新9B購01  ,0,0,0,0,0,0,0,0,0,-113000,0,0,0,0,113000,-113000,-113000
063224,泰鼎群益9B購02  ,0,0,0,0,0,0,0,0,0,-113000,0,0,0,40000,153000,-113000,-113000
061279,鴻海統一9C購04  ,0,0,0,0,0,0,0,0,0,-113000,0,0,0,0,113000,-113000,-113000
062015,喬山永豐9B購01  ,0,0,0,0,0,0,0,0,0,-113000,0,0,0,0,113000,-113000,-113000
067037,美利達康和01購02,0,0,0,0,0,0,0,0,0,-113000,0,0,0,333000,446000,-113000,-113000
066682,聯詠兆豐03購01  ,0,0,0,0,0,0,0,0,0,-113000,0,0,0,51000,164000,-113000,-113000
066138,健策群益01購05  ,0,0,0,0,0,0,0,0,0,-113000,0,0,0,3000,116000,-113000,-113000
065092,健鼎元大9C購02  ,0,0,0,0,0,0,0,0,0,-113000,0,0,0,90000,203000,-113000,-113000
065095,玉晶光元大02購02,0,0,0,0,0,0,0,0,0,-113000,0,0,0,165000,278000,-113000,-113000
065303,國泰金元富9C購01,0,0,0,0,0,0,0,0,0,-113000,0,0,0,0,113000,-113000,-113000
1308,亞聚            ,92000,227800,-135800,0,0,0,0,0,0,22000,5000,0,5000,17000,0,17000,-113800
3026,禾伸堂          ,132050,187000,-54950,0,0,0,0,0,0,-59000,0,2000,-2000,3000,60000,-57000,-113950
06886P,旺宏元大99售07  ,0,0,0,0,0,0,0,0,0,-114000,0,0,0,1000,115000,-114000,-114000
067857,百和國票02購01  ,0,0,0,0,0,0,0,0,0,-114000,0,0,0,0,114000,-114000,-114000
03231P,聯電元大02售03  ,0,0,0,0,0,0,0,0,0,-114000,0,0,0,0,114000,-114000,-114000
056892,旺宏元大9A購02  ,0,0,0,0,0,0,0,0,0,-114000,0,0,0,376000,490000,-114000,-114000
061870,智邦元大9B購02  ,0,0,0,0,0,0,0,0,0,-114000,0,0,0,17000,131000,-114000,-114000
061767,信邦元大9B購01  ,0,0,0,0,0,0,0,0,0,-114000,0,0,0,0,114000,-114000,-114000
063482,緯穎元大9B購09  ,0,0,0,0,0,0,0,0,0,-114000,0,0,0,0,114000,-114000,-114000
065298,健策統一9C購06  ,0,0,0,0,0,0,0,0,0,-114000,0,0,0,14000,128000,-114000,-114000
065200,健策元富9C購04  ,0,0,0,0,0,0,0,0,0,-114000,0,0,0,8000,122000,-114000,-114000
065992,立積永豐01購01  ,0,0,0,0,0,0,0,0,0,-114000,0,0,0,59000,173000,-114000,-114000
066414,鴻海元大01購07  ,0,0,0,0,0,0,0,0,0,-114000,0,0,0,0,114000,-114000,-114000
068268,旺宏永豐01購01  ,0,0,0,0,0,0,0,0,0,-115000,0,0,0,0,115000,-115000,-115000
061526,宏達電凱基9A購04,0,0,0,0,0,0,0,0,0,-115000,0,0,0,27000,142000,-115000,-115000
062450,臻鼎元大9B購02  ,0,0,0,0,0,0,0,0,0,-115000,0,0,0,0,115000,-115000,-115000
066891,鴻海兆豐04購01  ,0,0,0,0,0,0,0,0,0,-115000,0,0,0,100000,215000,-115000,-115000
064774,聚陽群益9C購04  ,0,0,0,0,0,0,0,0,0,-115000,0,0,0,25000,140000,-115000,-115000
064672,同欣電元大01購01,0,0,0,0,0,0,0,0,0,-115000,0,0,0,1000,116000,-115000,-115000
065576,泰鼎群益9C購02  ,0,0,0,0,0,0,0,0,0,-115000,0,0,0,0,115000,-115000,-115000
068305,台光電國票03購01,0,0,0,0,0,0,0,0,0,-116000,0,0,0,0,116000,-116000,-116000
068127,台積電統一02購07,0,0,0,0,0,0,0,0,0,-116000,0,0,0,1000,117000,-116000,-116000
067788,致伸群益03購02  ,0,0,0,0,0,0,0,0,0,-116000,0,0,0,0,116000,-116000,-116000
067582,華通群益02購04  ,0,0,0,0,0,0,0,0,0,-116000,0,0,0,11000,127000,-116000,-116000
068815,精元元大02購01  ,0,0,0,0,0,0,0,0,0,-116000,0,0,0,0,116000,-116000,-116000
056404,嘉聯益群益9A購01,0,0,0,0,0,0,0,0,0,-116000,0,0,0,201000,317000,-116000,-116000
056392,玉晶光富邦9C購01,0,0,0,0,0,0,0,0,0,-116000,0,0,0,0,116000,-116000,-116000
058706,聯鈞元大9C購01  ,0,0,0,0,0,0,0,0,0,-116000,0,0,0,3000,119000,-116000,-116000
064804,英業達元大9C購01,0,0,0,0,0,0,0,0,0,-116000,0,0,0,10000,126000,-116000,-116000
066889,元大金中信07購01,0,0,0,0,0,0,0,0,0,-116000,0,0,0,0,116000,-116000,-116000
066934,宏達電國票02購01,0,0,0,0,0,0,0,0,0,-116000,0,0,0,27000,143000,-116000,-116000
067140,鎧勝永豐01購02  ,0,0,0,0,0,0,0,0,0,-116000,0,0,0,26000,142000,-116000,-116000
066090,泰鼎永豐01購01  ,0,0,0,0,0,0,0,0,0,-116000,0,0,0,17000,133000,-116000,-116000
2501,國建            ,184000,122000,62000,0,0,0,0,175000,-175000,-3000,0,0,0,0,3000,-3000,-116000
1903,士紙            ,34000,150000,-116000,0,0,0,0,0,0,0,0,0,0,0,0,0,-116000
067326,世紀鋼元大01購02,0,0,0,0,0,0,0,0,0,-117000,0,0,0,70000,187000,-117000,-117000
068152,美律元大01購03  ,0,0,0,0,0,0,0,0,0,-117000,0,0,0,236000,353000,-117000,-117000
064251,緯創元富9C購01  ,0,0,0,0,0,0,0,0,0,-117000,0,0,0,38000,155000,-117000,-117000
062087,瑞祺元大9B購02  ,0,0,0,0,0,0,0,0,0,-117000,0,0,0,99000,216000,-117000,-117000
061072,南電凱基9B購01  ,0,0,0,0,0,0,0,0,0,-117000,0,0,0,7000,124000,-117000,-117000
063440,上銀統一01購02  ,0,0,0,0,0,0,0,0,0,-117000,0,0,0,48000,165000,-117000,-117000
066077,健策凱基01購01  ,0,0,0,0,0,0,0,0,0,-117000,0,0,0,86000,203000,-117000,-117000
066282,鎧勝元大01購01  ,0,0,0,0,0,0,0,0,0,-117000,0,0,0,158000,275000,-117000,-117000
066461,智伸科統一04購01,0,0,0,0,0,0,0,0,0,-117000,0,0,0,0,117000,-117000,-117000
064551,鈺齊凱基9C購02  ,0,0,0,0,0,0,0,0,0,-117000,0,0,0,0,117000,-117000,-117000
064594,奇力新統一01購05,0,0,0,0,0,0,0,0,0,-117000,0,0,0,0,117000,-117000,-117000
065195,國巨元富06購01  ,0,0,0,0,0,0,0,0,0,-117000,0,0,0,0,117000,-117000,-117000
065219,緯穎國泰01購01  ,0,0,0,0,0,0,0,0,0,-117000,0,0,0,120000,237000,-117000,-117000
064973,智邦元大9C購06  ,0,0,0,0,0,0,0,0,0,-117000,0,0,0,110000,227000,-117000,-117000
065828,大立光凱基06購01,0,0,0,0,0,0,0,0,0,-117000,0,0,0,23000,140000,-117000,-117000
065763,台表科元大9C購14,0,0,0,0,0,0,0,0,0,-117000,0,0,0,1000,118000,-117000,-117000
067933,微星凱基02購04  ,0,0,0,0,0,0,0,0,0,-118000,0,0,0,101000,219000,-118000,-118000
08191P,鴻海台新9B售03  ,0,0,0,0,0,0,0,0,0,-118000,0,0,0,5000,123000,-118000,-118000
08378P,世紀鋼元富9C售02,0,0,0,0,0,0,0,0,0,-118000,0,0,0,0,118000,-118000,-118000
061820,康控群益9B購02  ,0,0,0,0,0,0,0,0,0,-118000,0,0,0,76000,194000,-118000,-118000
065047,群創凱基9C購01  ,0,0,0,0,0,0,0,0,0,-118000,0,0,0,54000,172000,-118000,-118000
064557,鴻海群益9C購04  ,0,0,0,0,0,0,0,0,0,-118000,0,0,0,0,118000,-118000,-118000
1762,中化生          ,237000,359000,-122000,0,0,0,0,0,0,4000,0,0,0,4000,0,4000,-118000
6206,飛捷            ,14000,132000,-118000,0,0,0,0,0,0,0,0,0,0,0,0,0,-118000
068765,台積電統一04購03,0,0,0,0,0,0,0,0,0,-119000,0,0,0,35000,154000,-119000,-119000
067244,康控群益01購02  ,0,0,0,0,0,0,0,0,0,-119000,0,0,0,42000,161000,-119000,-119000
067479,京元電元大01購05,0,0,0,0,0,0,0,0,0,-119000,0,0,0,3000,122000,-119000,-119000
057267,康控兆豐99購01  ,0,0,0,0,0,0,0,0,0,-119000,0,0,0,1000,120000,-119000,-119000
064150,全新統一01購03  ,0,0,0,0,0,0,0,0,0,-119000,0,0,0,0,119000,-119000,-119000
064460,健策統一9C購03  ,0,0,0,0,0,0,0,0,0,-119000,0,0,0,109000,228000,-119000,-119000
060637,玉晶光永豐9A購03,0,0,0,0,0,0,0,0,0,-119000,0,0,0,108000,227000,-119000,-119000
062879,美食兆豐9B購01  ,0,0,0,0,0,0,0,0,0,-119000,0,0,0,0,119000,-119000,-119000
061469,瑞祺群益9A購02  ,0,0,0,0,0,0,0,0,0,-119000,0,0,0,25000,144000,-119000,-119000
062592,牧德統一01購01  ,0,0,0,0,0,0,0,0,0,-119000,0,0,0,14000,133000,-119000,-119000
064976,景碩元大9C購01  ,0,0,0,0,0,0,0,0,0,-119000,0,0,0,94000,213000,-119000,-119000
066363,美律中信05購01  ,0,0,0,0,0,0,0,0,0,-119000,0,0,0,30000,149000,-119000,-119000
066136,景碩群益01購02  ,0,0,0,0,0,0,0,0,0,-119000,0,0,0,105000,224000,-119000,-119000
5215,科嘉-KY         ,132000,198000,-66000,0,0,0,0,53210,-53210,0,0,0,0,0,0,0,-119210
06724P,台灣50國票98售01,0,0,0,0,0,0,0,0,0,-120000,0,0,0,0,120000,-120000,-120000
067259,聯茂國票02購01  ,0,0,0,0,0,0,0,0,0,-120000,0,0,0,0,120000,-120000,-120000
067759,美食永豐01購01  ,0,0,0,0,0,0,0,0,0,-120000,0,0,0,0,120000,-120000,-120000
067938,玉晶光凱基02購05,0,0,0,0,0,0,0,0,0,-120000,0,0,0,75000,195000,-120000,-120000
068412,欣興台新01購01  ,0,0,0,0,0,0,0,0,0,-120000,0,0,0,0,120000,-120000,-120000
07672P,南電元大9A售05  ,0,0,0,0,0,0,0,0,0,-120000,0,0,0,0,120000,-120000,-120000
08127P,聯發科元大9B售21,0,0,0,0,0,0,0,0,0,-120000,0,0,0,0,120000,-120000,-120000
08344P,旺宏元大01售02  ,0,0,0,0,0,0,0,0,0,-120000,0,0,0,1000,121000,-120000,-120000
08289P,智邦統一9C售01  ,0,0,0,0,0,0,0,0,0,-120000,0,0,0,0,120000,-120000,-120000
08597P,聯發科元大9C售18,0,0,0,0,0,0,0,0,0,-120000,0,0,0,164000,284000,-120000,-120000
08792P,聯發科中信02售02,0,0,0,0,0,0,0,0,0,-120000,0,0,0,60000,180000,-120000,-120000
053408,友達兆豐98購01  ,0,0,0,0,0,0,0,0,0,-120000,0,0,0,0,120000,-120000,-120000
058522,聯茂元大99購07  ,0,0,0,0,0,0,0,0,0,-120000,0,0,0,0,120000,-120000,-120000
063474,康控元大9B購04  ,0,0,0,0,0,0,0,0,0,-120000,0,0,0,30000,150000,-120000,-120000
06054P,臺股指中信9A售01,0,0,0,0,0,0,0,0,0,-120000,0,0,0,1000,121000,-120000,-120000
061917,亞德客凱基9B購02,0,0,0,0,0,0,0,0,0,-120000,0,0,0,0,120000,-120000,-120000
062162,世紀鋼凱基9B購03,0,0,0,0,0,0,0,0,0,-120000,0,0,0,0,120000,-120000,-120000
064944,亞德客凱基9C購03,0,0,0,0,0,0,0,0,0,-120000,0,0,0,0,120000,-120000,-120000
064532,聯茂兆豐01購01  ,0,0,0,0,0,0,0,0,0,-120000,0,0,0,20000,140000,-120000,-120000
2615,萬海            ,56000,196000,-140000,0,0,0,0,0,0,20000,20000,0,20000,0,0,0,-120000
068635,台積電凱基03購09,0,0,0,0,0,0,0,0,0,-121000,0,0,0,0,121000,-121000,-121000
067280,國巨第一01購01  ,0,0,0,0,0,0,0,0,0,-121000,0,0,0,95000,216000,-121000,-121000
00738U,元大道瓊白銀    ,72000,62000,10000,0,0,0,0,0,0,-131000,0,0,0,315000,446000,-131000,-121000
061915,T50反1凱基02購02,0,0,0,0,0,0,0,0,0,-121000,0,0,0,59000,180000,-121000,-121000
063723,儒鴻元大9B購04  ,0,0,0,0,0,0,0,0,0,-121000,0,0,0,114000,235000,-121000,-121000
061517,瑞祺永豐9A購03  ,0,0,0,0,0,0,0,0,0,-121000,0,0,0,281000,402000,-121000,-121000
066950,義隆元大01購03  ,0,0,0,0,0,0,0,0,0,-121000,0,0,0,321000,442000,-121000,-121000
2107,厚生            ,57000,101000,-44000,0,0,0,0,0,0,-77000,8000,85000,-77000,0,0,0,-121000
2520,冠德            ,445383,726000,-280617,0,0,0,0,0,0,159000,220000,48000,172000,5000,18000,-13000,-121617
068070,友達凱基05購01  ,0,0,0,0,0,0,0,0,0,-122000,0,0,0,0,122000,-122000,-122000
08867P,欣興凱基01售03  ,0,0,0,0,0,0,0,0,0,-122000,0,0,0,239000,361000,-122000,-122000
08495P,同欣電元大9C售08,0,0,0,0,0,0,0,0,0,-122000,0,0,0,0,122000,-122000,-122000
03115P,玉晶光第一01售01,0,0,0,0,0,0,0,0,0,-122000,0,0,0,0,122000,-122000,-122000
062236,信邦凱基9B購01  ,0,0,0,0,0,0,0,0,0,-122000,0,0,0,145000,267000,-122000,-122000
063550,可成國票9C購01  ,0,0,0,0,0,0,0,0,0,-122000,0,0,0,19000,141000,-122000,-122000
063072,裕隆永豐9B購01  ,0,0,0,0,0,0,0,0,0,-122000,0,0,0,1000,123000,-122000,-122000
063988,華通永豐9C購01  ,0,0,0,0,0,0,0,0,0,-122000,0,0,0,0,122000,-122000,-122000
064392,喬山永豐9C購01  ,0,0,0,0,0,0,0,0,0,-122000,0,0,0,0,122000,-122000,-122000
064297,台郡國票01購01  ,0,0,0,0,0,0,0,0,0,-122000,0,0,0,0,122000,-122000,-122000
067181,華通凱基01購02  ,0,0,0,0,0,0,0,0,0,-122000,0,0,0,55000,177000,-122000,-122000
066838,致新群益02購02  ,0,0,0,0,0,0,0,0,0,-122000,0,0,0,0,122000,-122000,-122000
064630,巨大元大9C購01  ,0,0,0,0,0,0,0,0,0,-122000,0,0,0,29000,151000,-122000,-122000
065752,正崴元大9C購01  ,0,0,0,0,0,0,0,0,0,-122000,0,0,0,75000,197000,-122000,-122000
08923P,聯發科統一01售13,0,0,0,0,0,0,0,0,0,-123000,0,0,0,0,123000,-123000,-123000
07424P,大立光元大9B售01,0,0,0,0,0,0,0,0,0,-123000,0,0,0,0,123000,-123000,-123000
068001,欣興元大01購08  ,0,0,0,0,0,0,0,0,0,-123000,0,0,0,0,123000,-123000,-123000
068492,聯發科元大01購29,0,0,0,0,0,0,0,0,0,-123000,0,0,0,9000,132000,-123000,-123000
061028,聚陽永豐9A購01  ,0,0,0,0,0,0,0,0,0,-123000,0,0,0,0,123000,-123000,-123000
062745,聯詠永豐9B購01  ,0,0,0,0,0,0,0,0,0,-123000,0,0,0,91000,214000,-123000,-123000
065609,嘉澤元大01購02  ,0,0,0,0,0,0,0,0,0,-123000,0,0,0,46000,169000,-123000,-123000
064644,台光電凱基9C購01,0,0,0,0,0,0,0,0,0,-123000,0,0,0,0,123000,-123000,-123000
066006,大立光統一01購07,0,0,0,0,0,0,0,0,0,-123000,0,0,0,24000,147000,-123000,-123000
6591,動力-KY         ,49000,172000,-123000,0,0,0,0,0,0,0,0,0,0,0,0,0,-123000
057740,茂林富邦9A購01  ,0,0,0,0,0,0,0,0,0,-124000,0,0,0,0,124000,-124000,-124000
060209,喬山康和9A購01  ,0,0,0,0,0,0,0,0,0,-124000,0,0,0,0,124000,-124000,-124000
064011,嘉晶國票9C購01  ,0,0,0,0,0,0,0,0,0,-124000,0,0,0,45000,169000,-124000,-124000
066567,臻鼎元大01購01  ,0,0,0,0,0,0,0,0,0,-124000,0,0,0,13000,137000,-124000,-124000
067220,台郡元大01購04  ,0,0,0,0,0,0,0,0,0,-124000,0,0,0,21000,145000,-124000,-124000
064614,友訊元大9C購02  ,0,0,0,0,0,0,0,0,0,-124000,0,0,0,89000,213000,-124000,-124000
064584,英業達永豐9C購01,0,0,0,0,0,0,0,0,0,-124000,0,0,0,0,124000,-124000,-124000
065446,宏達電統一9C購02,0,0,0,0,0,0,0,0,0,-124000,0,0,0,210000,334000,-124000,-124000
058251,百和元大99購03  ,0,0,0,0,0,0,0,0,0,-125000,0,0,0,0,125000,-125000,-125000
058247,聯茂元大99購04  ,0,0,0,0,0,0,0,0,0,-125000,0,0,0,0,125000,-125000,-125000
056604,鴻海富邦9A購01  ,0,0,0,0,0,0,0,0,0,-125000,0,0,0,22000,147000,-125000,-125000
058979,上銀凱基99購04  ,30000,0,30000,0,0,0,0,0,0,-155000,0,0,0,0,155000,-155000,-125000
061488,奇力新兆豐9A購01,0,0,0,0,0,0,0,0,0,-125000,0,0,0,0,125000,-125000,-125000
064155,大立光統一01購05,0,0,0,0,0,0,0,0,0,-125000,0,0,0,20000,145000,-125000,-125000
060744,鴻海國票9A購04  ,0,0,0,0,0,0,0,0,0,-125000,0,0,0,10000,135000,-125000,-125000
065443,智邦統一9C購03  ,0,0,0,0,0,0,0,0,0,-125000,0,0,0,126000,251000,-125000,-125000
065390,達新群益9C購02  ,0,0,0,0,0,0,0,0,0,-125000,0,0,0,5000,130000,-125000,-125000
064690,台光電群益9C購02,0,0,0,0,0,0,0,0,0,-125000,0,0,0,101000,226000,-125000,-125000
064905,嘉聯益群益9C購01,0,0,0,0,0,0,0,0,0,-125000,0,0,0,79000,204000,-125000,-125000
066222,生達國泰02購01  ,0,0,0,0,0,0,0,0,0,-125000,0,0,0,197000,322000,-125000,-125000
3041,揚智            ,438000,562150,-124150,0,0,0,0,0,0,-1000,0,1000,-1000,0,0,0,-125150
067237,國揚群益01購02  ,0,0,0,0,0,0,0,0,0,-126000,0,0,0,43000,169000,-126000,-126000
067760,旭富永豐01購01  ,0,0,0,0,0,0,0,0,0,-126000,0,0,0,46000,172000,-126000,-126000
068817,聯發科元大02購05,0,0,0,0,0,0,0,0,0,-126000,0,0,0,50000,176000,-126000,-126000
068864,欣興元富08購01  ,0,0,0,0,0,0,0,0,0,-126000,0,0,0,0,126000,-126000,-126000
068824,緯創元大02購02  ,0,0,0,0,0,0,0,0,0,-126000,0,0,0,12000,138000,-126000,-126000
059847,喬山永豐99購01  ,0,0,0,0,0,0,0,0,0,-126000,0,0,0,10000,136000,-126000,-126000
063588,華新科永豐9B購02,0,0,0,0,0,0,0,0,0,-126000,0,0,0,0,126000,-126000,-126000
063175,燿華兆豐9C購01  ,0,0,0,0,0,0,0,0,0,-126000,0,0,0,0,126000,-126000,-126000
066303,泰山永豐01購01  ,0,0,0,0,0,0,0,0,0,-126000,0,0,0,0,126000,-126000,-126000
068543,帆宣國票03購02  ,0,0,0,0,0,0,0,0,0,-127000,0,0,0,0,127000,-127000,-127000
08922P,京元電永豐01售01,0,0,0,0,0,0,0,0,0,-127000,0,0,0,78000,205000,-127000,-127000
08893P,京元電元大01售06,0,0,0,0,0,0,0,0,0,-127000,0,0,0,76000,203000,-127000,-127000
08310P,南電凱基9C售01  ,0,0,0,0,0,0,0,0,0,-127000,0,0,0,0,127000,-127000,-127000
067748,GIS元大01購02   ,0,0,0,0,0,0,0,0,0,-127000,0,0,0,54000,181000,-127000,-127000
067331,友訊凱基01購02  ,0,0,0,0,0,0,0,0,0,-127000,0,0,0,103000,230000,-127000,-127000
060156,光磊永豐9A購01  ,0,0,0,0,0,0,0,0,0,-127000,0,0,0,121000,248000,-127000,-127000
063996,貿聯群益9C購01  ,0,0,0,0,0,0,0,0,0,-127000,0,0,0,0,127000,-127000,-127000
062569,南電中信01購01  ,0,0,0,0,0,0,0,0,0,-127000,0,0,0,66000,193000,-127000,-127000
067103,聯發科群益01購04,0,0,0,0,0,0,0,0,0,-127000,0,0,0,25000,152000,-127000,-127000
066619,永光凱基01購01  ,0,0,0,0,0,0,0,0,0,-127000,0,0,0,3000,130000,-127000,-127000
067505,微星統一03購01  ,0,0,0,0,0,0,0,0,0,-128000,0,0,0,123000,251000,-128000,-128000
059113,群光永豐99購01  ,0,0,0,0,0,0,0,0,0,-128000,0,0,0,20000,148000,-128000,-128000
062214,金寶統一01購01  ,0,0,0,0,0,0,0,0,0,-128000,0,0,0,0,128000,-128000,-128000
064448,裕隆統一02購01  ,0,0,0,0,0,0,0,0,0,-128000,0,0,0,34000,162000,-128000,-128000
066464,台郡統一02購02  ,0,0,0,0,0,0,0,0,0,-128000,0,0,0,1000,129000,-128000,-128000
064887,嘉晶中信9C購02  ,0,0,0,0,0,0,0,0,0,-128000,0,0,0,22000,150000,-128000,-128000
064648,臻鼎凱基9C購02  ,0,0,0,0,0,0,0,0,0,-128000,0,0,0,74000,202000,-128000,-128000
067550,燿華中信02購01  ,0,0,0,0,0,0,0,0,0,-129000,0,0,0,50000,179000,-129000,-129000
067338,欣興凱基01購02  ,0,0,0,0,0,0,0,0,0,-129000,0,0,0,0,129000,-129000,-129000
08545P,南電國泰01售02  ,0,0,0,0,0,0,0,0,0,-129000,0,0,0,1000,130000,-129000,-129000
06984P,上銀富邦9B售01  ,0,0,0,0,0,0,0,0,0,-129000,0,0,0,265000,394000,-129000,-129000
057923,晶豪科凱基98購02,0,0,0,0,0,0,0,0,0,-129000,0,0,0,351000,480000,-129000,-129000
059730,晶相光元大9C購02,0,0,0,0,0,0,0,0,0,-129000,0,0,0,150000,279000,-129000,-129000
063695,上銀第一9B購01  ,0,0,0,0,0,0,0,0,0,-129000,0,0,0,47000,176000,-129000,-129000
062605,上銀凱基9B購03  ,0,0,0,0,0,0,0,0,0,-129000,0,0,0,104000,233000,-129000,-129000
063528,元大金凱基9B購01,0,0,0,0,0,0,0,0,0,-129000,0,0,0,70000,199000,-129000,-129000
064841,彩晶統一02購02  ,0,0,0,0,0,0,0,0,0,-129000,0,0,0,12000,141000,-129000,-129000
065433,緯創凱基9C購01  ,0,0,0,0,0,0,0,0,0,-129000,0,0,0,114000,243000,-129000,-129000
07055P,景碩群益9A售02  ,0,0,0,0,0,0,0,0,0,-130000,0,0,0,40000,170000,-130000,-130000
07460P,臺股指元大9B售03,0,0,0,0,0,0,0,0,0,-130000,0,0,0,0,130000,-130000,-130000
07142P,台灣50元大01售01,0,0,0,0,0,0,0,0,0,-130000,0,0,0,30000,160000,-130000,-130000
07712P,茂林元大9A售03  ,0,0,0,0,0,0,0,0,0,-130000,0,0,0,0,130000,-130000,-130000
08786P,滬深2X元富01售05,0,0,0,0,0,0,0,0,0,-130000,0,0,0,0,130000,-130000,-130000
067240,聯陽群益01購02  ,0,0,0,0,0,0,0,0,0,-130000,0,0,0,85000,215000,-130000,-130000
067587,欣興群益01購03  ,0,0,0,0,0,0,0,0,0,-130000,0,0,0,146000,276000,-130000,-130000
060763,聯鈞元大9A購03  ,0,0,0,0,0,0,0,0,0,-130000,0,0,0,78000,208000,-130000,-130000
064185,裕隆永豐9C購01  ,0,0,0,0,0,0,0,0,0,-130000,0,0,0,10000,140000,-130000,-130000
065708,中磊群益9C購01  ,0,0,0,0,0,0,0,0,0,-130000,0,0,0,40000,170000,-130000,-130000
06685P,鴻海國泰9A售01  ,0,0,0,0,0,0,0,0,0,-130000,0,0,0,95000,225000,-130000,-130000
06721P,臺股指中信9A售03,0,0,0,0,0,0,0,0,0,-130000,0,0,0,53000,183000,-130000,-130000
067615,鈺齊凱基01購01  ,0,0,0,0,0,0,0,0,0,-131000,0,0,0,40000,171000,-131000,-131000
068214,嘉基凱基02購01  ,0,0,0,0,0,0,0,0,0,-131000,0,0,0,0,131000,-131000,-131000
068010,台郡元大01購06  ,0,0,0,0,0,0,0,0,0,-131000,0,0,0,30000,161000,-131000,-131000
068065,京鼎兆豐01購02  ,0,0,0,0,0,0,0,0,0,-131000,0,0,0,0,131000,-131000,-131000
068572,帆宣元大01購07  ,0,0,0,0,0,0,0,0,0,-131000,0,0,0,0,131000,-131000,-131000
060212,華航康和9A購01  ,0,0,0,0,0,0,0,0,0,-131000,0,0,0,0,131000,-131000,-131000
065931,瑞祺國票02購01  ,0,0,0,0,0,0,0,0,0,-131000,0,0,0,11000,142000,-131000,-131000
065569,智邦群益01購01  ,0,0,0,0,0,0,0,0,0,-131000,0,0,0,185000,316000,-131000,-131000
3588,通嘉            ,87000,217000,-130000,0,0,0,0,0,0,-1000,0,1000,-1000,0,0,0,-131000
068205,京鼎凱基01購05  ,0,0,0,0,0,0,0,0,0,-132000,0,0,0,33000,165000,-132000,-132000
062984,致新元富9B購01  ,0,0,0,0,0,0,0,0,0,-132000,0,0,0,6000,138000,-132000,-132000
066962,致新元大01購02  ,0,0,0,0,0,0,0,0,0,-132000,0,0,0,36000,168000,-132000,-132000
067043,佳世達凱基01購01,0,0,0,0,0,0,0,0,0,-132000,0,0,0,20000,152000,-132000,-132000
9933,中鼎            ,91000,157000,-66000,0,0,0,757,0,757,-67000,0,0,0,0,67000,-67000,-132243
068100,喬山永豐01購01  ,0,0,0,0,0,0,0,0,0,-133000,0,0,0,59000,192000,-133000,-133000
07731P,臺股指凱基9A售28,0,0,0,0,0,0,0,0,0,-133000,0,0,0,33000,166000,-133000,-133000
060227,和大元大9A購01  ,0,0,0,0,0,0,0,0,0,-133000,0,0,0,0,133000,-133000,-133000
059610,上銀永豐99購02  ,0,0,0,0,0,0,0,0,0,-133000,0,0,0,5000,138000,-133000,-133000
060922,金像電永豐9A購01,0,0,0,0,0,0,0,0,0,-133000,0,0,0,20000,153000,-133000,-133000
064362,友達統一01購02  ,0,0,0,0,0,0,0,0,0,-133000,0,0,0,0,133000,-133000,-133000
067118,上緯控群益01購01,0,0,0,0,0,0,0,0,0,-133000,0,0,0,215000,348000,-133000,-133000
066705,聯鈞群益01購01  ,0,0,0,0,0,0,0,0,0,-133000,0,0,0,0,133000,-133000,-133000
064897,宏達電群益9C購02,0,0,0,0,0,0,0,0,0,-133000,0,0,0,28000,161000,-133000,-133000
2548,華固            ,28303,192000,-163697,0,0,0,0,0,0,30000,30000,0,30000,0,0,0,-133697
067257,帆宣國票02購01  ,0,0,0,0,0,0,0,0,0,-134000,0,0,0,25000,159000,-134000,-134000
064301,漢唐兆豐01購01  ,0,0,0,0,0,0,0,0,0,-134000,0,0,0,81000,215000,-134000,-134000
062138,力成群益9B購01  ,0,0,0,0,0,0,0,0,0,-134000,0,0,0,13000,147000,-134000,-134000
066809,新唐凱基01購01  ,0,0,0,0,0,0,0,0,0,-134000,0,0,0,38000,172000,-134000,-134000
2031,新光鋼          ,90000,225000,-135000,0,0,0,0,0,0,1000,10000,9000,1000,0,0,0,-134000
068363,世紀鋼凱基01購02,0,0,0,0,0,0,0,0,0,-135000,0,0,0,25000,160000,-135000,-135000
068337,同欣電元大01購05,0,0,0,0,0,0,0,0,0,-135000,0,0,0,0,135000,-135000,-135000
08336P,聯發科中信9C售05,0,0,0,0,0,0,0,0,0,-135000,0,0,0,0,135000,-135000,-135000
062416,和大統一01購02  ,0,0,0,0,0,0,0,0,0,-135000,0,0,0,3000,138000,-135000,-135000
064311,新光金群益01購02,0,0,0,0,0,0,0,0,0,-135000,0,0,0,160000,295000,-135000,-135000
062710,盛群元大9B購01  ,0,0,0,0,0,0,0,0,0,-135000,0,0,0,38000,173000,-135000,-135000
061363,儒鴻國票9B購01  ,0,0,0,0,0,0,0,0,0,-135000,0,0,0,8000,143000,-135000,-135000
064782,健策群益9C購02  ,0,0,0,0,0,0,0,0,0,-135000,0,0,0,48000,183000,-135000,-135000
064780,義隆群益9C購04  ,0,0,0,0,0,0,0,0,0,-135000,0,0,0,37000,172000,-135000,-135000
065478,緯創元大9C購03  ,0,0,0,0,0,0,0,0,0,-135000,0,0,0,182000,317000,-135000,-135000
064389,台泥永豐9C購01  ,0,0,0,0,0,0,0,0,0,-136000,0,0,0,0,136000,-136000,-136000
064509,台表科元大9C購08,0,0,0,0,0,0,0,0,0,-136000,0,0,0,0,136000,-136000,-136000
6177,達麗            ,86000,222000,-136000,0,0,0,0,0,0,0,0,0,0,0,0,0,-136000
08865P,欣興元大01售02  ,0,0,0,0,0,0,0,0,0,-137000,0,0,0,23000,160000,-137000,-137000
067556,義隆國票02購02  ,0,0,0,0,0,0,0,0,0,-137000,0,0,0,100000,237000,-137000,-137000
064468,健策元富9C購02  ,0,0,0,0,0,0,0,0,0,-137000,0,0,0,12000,149000,-137000,-137000
064483,瑞儀永豐9C購01  ,0,0,0,0,0,0,0,0,0,-137000,0,0,0,25000,162000,-137000,-137000
064239,群創統一02購01  ,0,0,0,0,0,0,0,0,0,-137000,0,0,0,102000,239000,-137000,-137000
063756,鴻海統一9B購09  ,0,0,0,0,0,0,0,0,0,-137000,0,0,0,0,137000,-137000,-137000
065490,國巨國泰02購02  ,0,0,0,0,0,0,0,0,0,-137000,0,0,0,191000,328000,-137000,-137000
065397,宏達電群益9C購03,0,0,0,0,0,0,0,0,0,-137000,0,0,0,61000,198000,-137000,-137000
065853,智伸科元大9C購02,0,0,0,0,0,0,0,0,0,-137000,0,0,0,420000,557000,-137000,-137000
066832,健策群益01購08  ,0,0,0,0,0,0,0,0,0,-137000,0,0,0,2000,139000,-137000,-137000
066589,英業達群益01購01,0,0,0,0,0,0,0,0,0,-137000,0,0,0,80000,217000,-137000,-137000
066494,旺宏國泰03購01  ,0,0,0,0,0,0,0,0,0,-137000,0,0,0,27000,164000,-137000,-137000
066096,友訊中信05購02  ,0,0,0,0,0,0,0,0,0,-137000,0,0,0,36000,173000,-137000,-137000
067232,友訊群益01購05  ,0,0,0,0,0,0,0,0,0,-138000,0,0,0,38000,176000,-138000,-138000
068463,聯發科富邦03購07,0,0,0,0,0,0,0,0,0,-138000,0,0,0,40000,178000,-138000,-138000
063783,儒鴻中信9C購01  ,0,0,0,0,0,0,0,0,0,-138000,0,0,0,20000,158000,-138000,-138000
063490,儒鴻富邦9C購01  ,0,0,0,0,0,0,0,0,0,-138000,0,0,0,94000,232000,-138000,-138000
063327,燿華國票9C購02  ,0,0,0,0,0,0,0,0,0,-138000,0,0,0,108000,246000,-138000,-138000
066042,正崴元大02購01  ,0,0,0,0,0,0,0,0,0,-138000,0,0,0,68000,206000,-138000,-138000
066474,微星麥證01購01  ,0,0,0,165000,303000,-138000,0,0,0,-138000,0,0,0,165000,303000,-138000,-138000
065381,緯穎元大9C購03  ,0,0,0,0,0,0,0,0,0,-138000,0,0,0,0,138000,-138000,-138000
08316P,祥碩元大9C售04  ,0,0,0,0,0,0,0,0,0,-139000,0,0,0,406000,545000,-139000,-139000
00830,國泰費城半導體  ,0,0,0,0,0,0,0,0,0,-139000,40000,0,40000,179000,358000,-179000,-139000
061355,康友元大9A購03  ,0,0,0,0,0,0,0,0,0,-139000,0,0,0,30000,169000,-139000,-139000
065024,華擎永豐9C購01  ,0,0,0,0,0,0,0,0,0,-139000,0,0,0,0,139000,-139000,-139000
066071,台光電凱基02購01,0,0,0,0,0,0,0,0,0,-139000,0,0,0,3000,142000,-139000,-139000
2511,太子            ,238000,364000,-126000,0,0,0,0,0,0,-13000,0,0,0,0,13000,-13000,-139000
068462,帆宣國票03購01  ,0,0,0,0,0,0,0,0,0,-140000,0,0,0,0,140000,-140000,-140000
067829,鎧勝兆豐03購01  ,0,0,0,0,0,0,0,0,0,-140000,0,0,0,0,140000,-140000,-140000
057690,美律凱基99購03  ,0,0,0,0,0,0,0,0,0,-140000,0,0,0,0,140000,-140000,-140000
060158,廣達永豐9A購01  ,0,0,0,0,0,0,0,0,0,-140000,0,0,0,68000,208000,-140000,-140000
061278,和大統一9A購01  ,0,0,0,0,0,0,0,0,0,-140000,0,0,0,0,140000,-140000,-140000
062324,上銀統一9B購04  ,0,0,0,0,0,0,0,0,0,-140000,0,0,0,126000,266000,-140000,-140000
066252,南港元大01購02  ,0,0,0,0,0,0,0,0,0,-140000,0,0,0,0,140000,-140000,-140000
066811,致新凱基01購03  ,0,0,0,0,0,0,0,0,0,-140000,0,0,0,0,140000,-140000,-140000
067125,健策富邦03購01  ,0,0,0,0,0,0,0,0,0,-140000,0,0,0,20000,160000,-140000,-140000
066915,訊芯凱基02購01  ,0,0,0,0,0,0,0,0,0,-140000,0,0,0,0,140000,-140000,-140000
064959,巨大凱基9C購02  ,0,0,0,0,0,0,0,0,0,-140000,0,0,0,69000,209000,-140000,-140000
065667,台光電凱基01購01,0,0,0,0,0,0,0,0,0,-140000,0,0,0,0,140000,-140000,-140000
068201,玉晶光凱基02購07,0,0,0,0,0,0,0,0,0,-141000,0,0,0,10000,151000,-141000,-141000
067934,美律凱基01購01  ,0,0,0,0,0,0,0,0,0,-141000,0,0,0,140000,281000,-141000,-141000
08549P,大立光元大9C售25,0,0,0,0,0,0,0,0,0,-141000,0,0,0,29000,170000,-141000,-141000
062620,台表科元大9B購04,0,0,0,0,0,0,0,0,0,-141000,0,0,0,71000,212000,-141000,-141000
064103,大立光群益9C購03,0,0,0,0,0,0,0,0,0,-141000,0,0,0,0,141000,-141000,-141000
064945,中橡凱基9C購01  ,0,0,0,0,0,0,0,0,0,-141000,0,0,0,0,141000,-141000,-141000
064768,仁寶中信03購01  ,0,0,0,0,0,0,0,0,0,-141000,0,0,0,3000,144000,-141000,-141000
2480,敦陽科          ,10000,151000,-141000,0,0,0,0,0,0,0,0,0,0,0,0,0,-141000
1312,國喬            ,860598,1015000,-154402,0,0,0,0,0,0,13000,0,28000,-28000,45000,4000,41000,-141402
068569,健策元大01購13  ,0,0,0,0,0,0,0,0,0,-142000,0,0,0,33000,175000,-142000,-142000
07032P,聯發科統一9C售02,0,0,0,0,0,0,0,0,0,-142000,0,0,0,300000,442000,-142000,-142000
067261,樺漢國票02購01  ,0,0,0,0,0,0,0,0,0,-142000,0,0,0,0,142000,-142000,-142000
058385,創意中信99購01  ,0,0,0,0,0,0,0,0,0,-142000,0,0,0,11000,153000,-142000,-142000
065180,台表科元大9C購10,0,0,0,0,0,0,0,0,0,-142000,0,0,0,83000,225000,-142000,-142000
065080,燿華元大01購01  ,0,0,0,0,0,0,0,0,0,-142000,0,0,0,55000,197000,-142000,-142000
065132,臻鼎兆豐01購01  ,0,0,0,0,0,0,0,0,0,-142000,0,0,0,193000,335000,-142000,-142000
066994,聯發科國泰03購02,0,0,0,0,0,0,0,0,0,-142000,0,0,0,312000,454000,-142000,-142000
067820,和碩凱基01購01  ,0,0,0,0,0,0,0,0,0,-143000,0,0,0,111000,254000,-143000,-143000
068571,帆宣元大01購06  ,0,0,0,0,0,0,0,0,0,-143000,0,0,0,0,143000,-143000,-143000
058292,上銀凱基9A購01  ,0,0,0,0,0,0,0,0,0,-143000,0,0,0,70000,213000,-143000,-143000
057662,上銀元大9A購01  ,0,0,0,0,0,0,0,0,0,-143000,0,0,0,0,143000,-143000,-143000
064200,華通兆豐01購01  ,0,0,0,0,0,0,0,0,0,-143000,0,0,0,10000,153000,-143000,-143000
064303,新光金兆豐01購01,0,0,0,0,0,0,0,0,0,-143000,0,0,0,0,143000,-143000,-143000
063396,金像電群益9C購01,0,0,0,0,0,0,0,0,0,-143000,0,0,0,46000,189000,-143000,-143000
063246,嘉晶元大9C購01  ,0,0,0,0,0,0,0,0,0,-143000,0,0,0,81000,224000,-143000,-143000
066421,國產元大01購01  ,0,0,0,0,0,0,0,0,0,-143000,0,0,0,2000,145000,-143000,-143000
066553,大立光元大01購09,0,0,0,0,0,0,0,0,0,-143000,0,0,0,0,143000,-143000,-143000
065753,正崴元大9C購02  ,0,0,0,0,0,0,0,0,0,-143000,0,0,0,80000,223000,-143000,-143000
08664P,金像電凱基01售02,0,0,0,0,0,0,0,0,0,-144000,0,0,0,10000,154000,-144000,-144000
067566,台積電康和01購01,0,0,0,0,0,0,0,0,0,-144000,0,0,0,22000,166000,-144000,-144000
059279,台灣50富邦9C購03,0,0,0,0,0,0,0,0,0,-144000,0,0,0,0,144000,-144000,-144000
061932,上銀國票9B購01  ,0,0,0,0,0,0,0,0,0,-144000,0,0,0,0,144000,-144000,-144000
061800,泰鼎永豐9B購01  ,0,0,0,0,0,0,0,0,0,-144000,0,0,0,8000,152000,-144000,-144000
064628,南六元大9C購05  ,0,0,0,0,0,0,0,0,0,-144000,0,0,0,64000,208000,-144000,-144000
064554,儒鴻群益9C購01  ,0,0,0,0,0,0,0,0,0,-144000,0,0,0,24000,168000,-144000,-144000
066661,友達凱基03購01  ,0,0,0,0,0,0,0,0,0,-144000,0,0,0,3000,147000,-144000,-144000
07807P,聯茂永豐9A售02  ,0,0,0,0,0,0,0,0,0,-145000,0,0,0,4000,149000,-145000,-145000
059452,全新永豐99購03  ,0,0,0,0,0,0,0,0,0,-145000,0,0,0,3000,148000,-145000,-145000
058732,矽格永豐99購01  ,0,0,0,0,0,0,0,0,0,-145000,0,0,0,7000,152000,-145000,-145000
065170,智邦元大9C購07  ,0,0,0,0,0,0,0,0,0,-145000,0,0,0,140000,285000,-145000,-145000
061202,和大元大9A購02  ,0,0,0,0,0,0,0,0,0,-146000,0,0,0,5000,151000,-146000,-146000
065177,旭富元大9C購05  ,0,0,0,0,0,0,0,0,0,-146000,0,0,0,14000,160000,-146000,-146000
066055,聯鈞元大01購01  ,0,0,0,0,0,0,0,0,0,-146000,0,0,0,129000,275000,-146000,-146000
068666,聯電統一03購04  ,0,0,0,0,0,0,0,0,0,-147000,0,0,0,465000,612000,-147000,-147000
08680P,聯發科元大01售10,0,0,0,0,0,0,0,0,0,-147000,0,0,0,53000,200000,-147000,-147000
067816,玉晶光凱基01購05,0,0,0,0,0,0,0,0,0,-147000,0,0,0,4000,151000,-147000,-147000
063534,鴻海統一9B購07  ,0,0,0,0,0,0,0,0,0,-147000,0,0,0,0,147000,-147000,-147000
064306,和潤兆豐01購01  ,0,0,0,0,0,0,0,0,0,-147000,0,0,0,0,147000,-147000,-147000
064732,GIS統一01購03   ,0,0,0,0,0,0,0,0,0,-147000,0,0,0,22000,169000,-147000,-147000
064870,中租永豐9C購01  ,0,0,0,0,0,0,0,0,0,-147000,0,0,0,0,147000,-147000,-147000
065391,和大群益01購03  ,0,0,0,0,0,0,0,0,0,-147000,0,0,0,28000,175000,-147000,-147000
1310,台苯            ,156000,303000,-147000,0,0,0,0,0,0,0,0,0,0,0,0,0,-147000
3669,圓展            ,733000,880000,-147000,0,0,0,0,0,0,0,0,0,0,0,0,0,-147000
3376,新日興          ,319467,544000,-224533,0,0,0,0,135000,-135000,212000,197000,10000,187000,26000,1000,25000,-147533
067706,台積電元富07購07,0,0,0,0,0,0,0,0,0,-148000,0,0,0,0,148000,-148000,-148000
068080,台表科凱基02購03,0,0,0,0,0,0,0,0,0,-148000,0,0,0,188000,336000,-148000,-148000
08509P,臺股指國票9C售10,0,0,0,0,0,0,0,0,0,-148000,0,0,0,88000,236000,-148000,-148000
03110P,聯發科元大01售26,0,0,0,0,0,0,0,0,0,-148000,0,0,0,316000,464000,-148000,-148000
062396,華通永豐9B購01  ,0,0,0,0,0,0,0,0,0,-148000,0,0,0,0,148000,-148000,-148000
063210,百和統一9C購01  ,0,0,0,0,0,0,0,0,0,-148000,0,0,0,147000,295000,-148000,-148000
06499P,臺股指元大9A售04,0,0,0,0,0,0,0,0,0,-148000,0,0,0,15000,163000,-148000,-148000
066837,樺漢群益01購02  ,0,0,0,0,0,0,0,0,0,-148000,0,0,0,0,148000,-148000,-148000
06716P,台積電元大9A售02,0,0,0,0,0,0,0,0,0,-148000,0,0,0,58000,206000,-148000,-148000
08187P,大毅群益9B售04  ,0,0,0,0,0,0,0,0,0,-149000,0,0,0,0,149000,-149000,-149000
068054,玉晶光統一03購04,0,0,0,0,0,0,0,0,0,-149000,0,0,0,40000,189000,-149000,-149000
063894,漢唐群益9C購01  ,0,0,0,0,0,0,0,0,0,-149000,0,0,0,23000,172000,-149000,-149000
060326,群光群益9A購01  ,0,0,0,0,0,0,0,0,0,-149000,0,0,0,12000,161000,-149000,-149000
063537,華擎統一9C購03  ,0,0,0,0,0,0,0,0,0,-149000,0,0,0,0,149000,-149000,-149000
063295,京元電麥證9B購01,0,0,0,29000,178000,-149000,0,0,0,-149000,0,0,0,29000,178000,-149000,-149000
067073,國揚元大01購02  ,0,0,0,0,0,0,0,0,0,-149000,0,0,0,456000,605000,-149000,-149000
065512,友訊群益01購01  ,0,0,0,0,0,0,0,0,0,-149000,0,0,0,0,149000,-149000,-149000
3563,牧德            ,102000,288000,-186000,0,0,0,40000,0,40000,-3000,30000,0,30000,74000,107000,-33000,-149000
068156,新光金元大02購01,0,0,0,0,0,0,0,0,0,-150000,0,0,0,0,150000,-150000,-150000
068017,玉晶光國票01購09,0,0,0,0,0,0,0,0,0,-150000,0,0,0,3000,153000,-150000,-150000
068495,新光金元大04購01,0,0,0,0,0,0,0,0,0,-150000,0,0,0,0,150000,-150000,-150000
068437,宏達電凱基01購03,0,0,0,0,0,0,0,0,0,-150000,0,0,0,70000,220000,-150000,-150000
067819,健策凱基01購03  ,0,0,0,0,0,0,0,0,0,-150000,0,0,0,118000,268000,-150000,-150000
08482P,亞德客群益9C售02,0,0,0,0,0,0,0,0,0,-150000,0,0,0,0,150000,-150000,-150000
08784P,上証2X元富01售01,0,0,0,0,0,0,0,0,0,-150000,0,0,0,0,150000,-150000,-150000
07801P,上銀永豐9A售02  ,0,0,0,0,0,0,0,0,0,-150000,0,0,0,0,150000,-150000,-150000
08026P,臺股指凱基9B售12,0,0,0,0,0,0,0,0,0,-150000,0,0,0,0,150000,-150000,-150000
059695,聯鈞永豐99購02  ,0,0,0,0,0,0,0,0,0,-150000,0,0,0,51000,201000,-150000,-150000
063613,全新群益9C購01  ,0,0,0,0,0,0,0,0,0,-150000,0,0,0,0,150000,-150000,-150000
061439,寶成凱基9A購01  ,0,0,0,0,0,0,0,0,0,-150000,0,0,0,13000,163000,-150000,-150000
065793,旭富永豐9C購02  ,0,0,0,0,0,0,0,0,0,-150000,0,0,0,0,150000,-150000,-150000
064767,宏全凱基9C購01  ,0,0,0,0,0,0,0,0,0,-150000,0,0,0,0,150000,-150000,-150000
064674,鈺齊元大9C購01  ,0,0,0,0,0,0,0,0,0,-150000,0,0,0,0,150000,-150000,-150000
2404,漢唐            ,79661,243000,-163339,0,0,0,8000,0,8000,5000,10000,0,10000,18000,23000,-5000,-150339
07825P,健策國泰9B售04  ,0,0,0,0,0,0,0,0,0,-151000,0,0,0,0,151000,-151000,-151000
068720,台積電元大02購14,0,0,0,0,0,0,0,0,0,-151000,0,0,0,105000,256000,-151000,-151000
068496,景碩元大01購04  ,0,0,0,0,0,0,0,0,0,-151000,0,0,0,19000,170000,-151000,-151000
058443,T50正2富邦01購01,0,0,0,0,0,0,0,0,0,-151000,0,0,0,15000,166000,-151000,-151000
03108P,台積電元大01售40,0,0,0,0,0,0,0,0,0,-151000,0,0,0,0,151000,-151000,-151000
064515,中橡群益9C購01  ,0,0,0,0,0,0,0,0,0,-151000,0,0,0,0,151000,-151000,-151000
066799,台光電凱基01購02,0,0,0,0,0,0,0,0,0,-151000,0,0,0,10000,161000,-151000,-151000
2104,國際中橡        ,612000,896000,-284000,0,0,0,0,0,0,133000,131000,0,131000,2000,0,2000,-151000
067973,玉晶光群益02購23,0,0,0,0,0,0,0,0,0,-152000,0,0,0,1000,153000,-152000,-152000
062598,華通台新9B購02  ,0,0,0,0,0,0,0,0,0,-152000,0,0,0,0,152000,-152000,-152000
066092,億豐永豐01購01  ,0,0,0,0,0,0,0,0,0,-152000,0,0,0,53000,205000,-152000,-152000
064694,玉晶光群益02購02,0,0,0,0,0,0,0,0,0,-152000,0,0,0,9000,161000,-152000,-152000
065820,瑞祺元富03購01  ,0,0,0,0,0,0,0,0,0,-152000,0,0,0,268000,420000,-152000,-152000
08214P,南六統一9B售03  ,0,0,0,0,0,0,0,0,0,-153000,0,0,0,32000,185000,-153000,-153000
063470,泰鼎元大9B購03  ,0,0,0,0,0,0,0,0,0,-153000,0,0,0,241000,394000,-153000,-153000
060509,宏達電元大9A購02,0,0,0,0,0,0,0,0,0,-153000,0,0,0,30000,183000,-153000,-153000
064671,聯茂元大9C購02  ,0,0,0,0,0,0,0,0,0,-153000,0,0,0,2000,155000,-153000,-153000
067110,德律群益01購01  ,0,0,0,0,0,0,0,0,0,-153000,0,0,0,0,153000,-153000,-153000
067714,上銀凱基01購01  ,0,0,0,0,0,0,0,0,0,-154000,0,0,0,34000,188000,-154000,-154000
067665,台達電元大01購04,0,0,0,0,0,0,0,0,0,-154000,0,0,0,124000,278000,-154000,-154000
067510,嘉澤統一03購01  ,0,0,0,0,0,0,0,0,0,-154000,0,0,0,0,154000,-154000,-154000
058139,臻鼎元大99購01  ,0,0,0,0,0,0,0,0,0,-154000,0,0,0,0,154000,-154000,-154000
059942,全新永豐99購04  ,0,0,0,0,0,0,0,0,0,-154000,0,0,0,0,154000,-154000,-154000
063386,國巨兆豐9B購04  ,0,0,0,0,0,0,0,0,0,-154000,0,0,0,20000,174000,-154000,-154000
064196,健策群益01購01  ,0,0,0,0,0,0,0,0,0,-154000,0,0,0,25000,179000,-154000,-154000
066664,嘉晶凱基02購01  ,0,0,0,0,0,0,0,0,0,-154000,0,0,0,22000,176000,-154000,-154000
066328,國揚永豐01購01  ,0,0,0,0,0,0,0,0,0,-154000,0,0,0,62000,216000,-154000,-154000
065538,健鼎統一9C購01  ,0,0,0,0,0,0,0,0,0,-154000,0,0,0,0,154000,-154000,-154000
3036,文曄            ,168405,337000,-168595,0,0,0,0,0,0,14000,82000,34000,48000,13000,47000,-34000,-154595
068240,道瓊銀元大01購05,0,0,0,0,0,0,0,0,0,-155000,0,0,0,45000,200000,-155000,-155000
063245,富邦金元大9B購03,0,0,0,0,0,0,0,0,0,-155000,0,0,0,35000,190000,-155000,-155000
08341P,國泰金台新9C售01,0,0,0,0,0,0,0,0,0,-156000,0,0,0,15000,171000,-156000,-156000
08620P,聯發科群益9C售15,0,0,0,0,0,0,0,0,0,-156000,0,0,0,0,156000,-156000,-156000
062238,臻鼎凱基9C購01  ,0,0,0,0,0,0,0,0,0,-156000,0,0,0,8000,164000,-156000,-156000
00674R,元大S&P黃金反1  ,0,0,0,0,0,0,0,0,0,-156000,0,0,0,18000,174000,-156000,-156000
065845,友達元大9C購12  ,0,0,0,0,0,0,0,0,0,-156000,0,0,0,84000,240000,-156000,-156000
2851,中再保          ,13000,113000,-100000,0,0,0,0,0,0,-56000,0,56000,-56000,0,0,0,-156000
08246P,亞德客群益01售01,0,0,0,0,0,0,0,0,0,-157000,0,0,0,0,157000,-157000,-157000
058788,喬山元大99購01  ,0,0,0,0,0,0,0,0,0,-157000,0,0,0,1000,158000,-157000,-157000
063445,金像電統一9B購01,0,0,0,0,0,0,0,0,0,-157000,0,0,0,130000,287000,-157000,-157000
065527,巨大群益9C購03  ,0,0,0,0,0,0,0,0,0,-157000,0,0,0,61000,218000,-157000,-157000
066872,亞光國泰03購01  ,0,0,0,0,0,0,0,0,0,-157000,0,0,0,166000,323000,-157000,-157000
068232,泰鼎元富04購01  ,0,0,0,0,0,0,0,0,0,-158000,0,0,0,26000,184000,-158000,-158000
067499,帆宣元大01購04  ,0,0,0,0,0,0,0,0,0,-158000,0,0,0,32000,190000,-158000,-158000
067493,健策元大01購12  ,0,0,0,0,0,0,0,0,0,-158000,0,0,0,28000,186000,-158000,-158000
067734,亞德客元大01購03,0,0,0,0,0,0,0,0,0,-158000,0,0,0,73000,231000,-158000,-158000
056263,友訊統一99購01  ,0,0,0,0,0,0,0,0,0,-158000,0,0,0,0,158000,-158000,-158000
063594,上銀中信9C購01  ,0,0,0,0,0,0,0,0,0,-158000,0,0,0,14000,172000,-158000,-158000
061375,華通永豐9A購02  ,0,0,0,0,0,0,0,0,0,-158000,0,0,0,0,158000,-158000,-158000
068327,聯發科元大01購27,0,0,0,0,0,0,0,0,0,-159000,0,0,0,69000,228000,-159000,-159000
08353P,聯電元大9C售04  ,0,0,0,0,0,0,0,0,0,-159000,0,0,0,0,159000,-159000,-159000
08605P,聯發科中信9C售06,0,0,0,0,0,0,0,0,0,-159000,0,0,0,94000,253000,-159000,-159000
062523,世紀鋼元大9C購03,0,0,0,0,0,0,0,0,0,-159000,0,0,0,72000,231000,-159000,-159000
08348P,貿聯元大9C售01  ,0,0,0,0,0,0,0,0,0,-160000,0,0,0,0,160000,-160000,-160000
068439,信邦凱基01購02  ,0,0,0,0,0,0,0,0,0,-160000,0,0,0,60000,220000,-160000,-160000
068085,寶成凱基02購01  ,0,0,0,0,0,0,0,0,0,-160000,0,0,0,0,160000,-160000,-160000
056764,友達元大9A購03  ,0,0,0,0,0,0,0,0,0,-160000,0,0,0,0,160000,-160000,-160000
03057P,亞德客凱基01售02,0,0,0,0,0,0,0,0,0,-160000,0,0,0,15000,175000,-160000,-160000
062229,南六統一9B購01  ,0,0,0,0,0,0,0,0,0,-160000,0,0,0,70000,230000,-160000,-160000
059536,新光金凱基99購05,0,0,0,0,0,0,0,0,0,-160000,0,0,0,0,160000,-160000,-160000
057579,長榮航中信9A購01,0,0,0,0,0,0,0,0,0,-160000,0,0,0,0,160000,-160000,-160000
064513,T50反1群益9C購01,0,0,0,0,0,0,0,0,0,-160000,0,0,0,0,160000,-160000,-160000
062651,世紀鋼富邦9C購01,0,0,0,0,0,0,0,0,0,-160000,0,0,0,55000,215000,-160000,-160000
062658,聯茂第一9B購01  ,0,0,0,0,0,0,0,0,0,-160000,0,0,0,0,160000,-160000,-160000
062734,臺指反國票9C購03,0,0,0,0,0,0,0,0,0,-160000,0,0,0,0,160000,-160000,-160000
068430,聯電凱基01購01  ,0,0,0,0,0,0,0,0,0,-161000,0,0,0,548000,709000,-161000,-161000
06837P,上銀統一9A售02  ,0,0,0,0,0,0,0,0,0,-161000,0,0,0,175000,336000,-161000,-161000
068348,上銀凱基01購02  ,0,0,0,0,0,0,0,0,0,-161000,0,0,0,105000,266000,-161000,-161000
067328,鎧勝康和01購02  ,0,0,0,0,0,0,0,0,0,-161000,0,0,0,19000,180000,-161000,-161000
068659,嘉晶元大03購01  ,0,0,0,0,0,0,0,0,0,-161000,0,0,0,31000,192000,-161000,-161000
062405,泰鼎永豐9B購02  ,0,0,0,0,0,0,0,0,0,-161000,0,0,0,43000,204000,-161000,-161000
066757,南港永豐01購01  ,0,0,0,0,0,0,0,0,0,-161000,0,0,0,0,161000,-161000,-161000
067183,友訊凱基02購01  ,0,0,0,0,0,0,0,0,0,-161000,0,0,0,2000,163000,-161000,-161000
066329,達欣工永豐01購01,0,0,0,0,0,0,0,0,0,-161000,0,0,0,174000,335000,-161000,-161000
2836,高雄銀          ,39000,200000,-161000,0,0,0,0,0,0,0,0,0,0,0,0,0,-161000
1215,卜蜂            ,45462,101000,-55538,0,0,0,0,40000,-40000,-66000,0,68000,-68000,2000,0,2000,-161538
057542,上銀凱基99購01  ,0,0,0,0,0,0,0,0,0,-162000,0,0,0,0,162000,-162000,-162000
064275,台光電元大9C購03,0,0,0,0,0,0,0,0,0,-162000,0,0,0,50000,212000,-162000,-162000
064174,致新元富9C購02  ,0,0,0,0,0,0,0,0,0,-162000,0,0,0,2000,164000,-162000,-162000
066986,健策群益02購02  ,0,0,0,0,0,0,0,0,0,-162000,0,0,0,17000,179000,-162000,-162000
065589,景碩永豐9C購02  ,0,0,0,0,0,0,0,0,0,-162000,0,0,0,11000,173000,-162000,-162000
064657,和大元大9C購02  ,0,0,0,0,0,0,0,0,0,-162000,0,0,0,0,162000,-162000,-162000
064738,裕隆國票01購01  ,0,0,0,0,0,0,0,0,0,-162000,0,0,0,78000,240000,-162000,-162000
054890,聯鈞統一99購01  ,0,0,0,0,0,0,0,0,0,-163000,0,0,0,104000,267000,-163000,-163000
063446,台光電統一01購02,0,0,0,0,0,0,0,0,0,-163000,0,0,0,22000,185000,-163000,-163000
065710,嘉聯益群益9C購02,0,0,0,0,0,0,0,0,0,-163000,0,0,0,75000,238000,-163000,-163000
066279,拓凱元大01購01  ,0,0,0,0,0,0,0,0,0,-163000,0,0,0,65000,228000,-163000,-163000
2607,榮運            ,34000,83000,-49000,0,0,0,0,0,0,-114000,0,114000,-114000,0,0,0,-163000
03129P,台光電統一01售06,0,0,0,0,0,0,0,0,0,-164000,0,0,0,38000,202000,-164000,-164000
056668,光磊國票99購01  ,0,0,0,0,0,0,0,0,0,-164000,0,0,0,145000,309000,-164000,-164000
060412,儒鴻永豐9A購01  ,0,0,0,0,0,0,0,0,0,-164000,0,0,0,0,164000,-164000,-164000
062361,智邦元大9B購06  ,0,0,0,0,0,0,0,0,0,-164000,0,0,0,88000,252000,-164000,-164000
063961,世紀鋼元大9C購05,0,0,0,0,0,0,0,0,0,-164000,0,0,0,6000,170000,-164000,-164000
065973,嘉晶元大01購03  ,0,0,0,0,0,0,0,0,0,-164000,0,0,0,218000,382000,-164000,-164000
08105P,景碩元大9B售01  ,0,0,0,0,0,0,0,0,0,-165000,0,0,0,80000,245000,-165000,-165000
08371P,京元電凱基9C售01,0,0,0,0,0,0,0,0,0,-165000,0,0,0,35000,200000,-165000,-165000
068312,鎧勝國票03購01  ,0,0,0,0,0,0,0,0,0,-165000,0,0,0,45000,210000,-165000,-165000
068474,義隆群益01購05  ,0,0,0,0,0,0,0,0,0,-165000,0,0,0,8000,173000,-165000,-165000
068192,台積電凱基03購04,0,0,0,0,0,0,0,0,0,-165000,0,0,0,164000,329000,-165000,-165000
061124,微星永豐9A購02  ,0,0,0,0,0,0,0,0,0,-165000,0,0,0,55000,220000,-165000,-165000
066137,智易群益01購01  ,0,0,0,0,0,0,0,0,0,-165000,0,0,0,115000,280000,-165000,-165000
066398,京鼎凱基01購02  ,0,0,0,0,0,0,0,0,0,-165000,0,0,0,53000,218000,-165000,-165000
067117,健策群益01購09  ,0,0,0,0,0,0,0,0,0,-165000,0,0,0,3000,168000,-165000,-165000
064985,台表科元大9C購09,0,0,0,0,0,0,0,0,0,-165000,0,0,0,60000,225000,-165000,-165000
067963,宏碁群益02購01  ,0,0,0,0,0,0,0,0,0,-166000,0,0,0,13000,179000,-166000,-166000
067264,美利達國票02購01,0,0,0,0,0,0,0,0,0,-166000,0,0,0,0,166000,-166000,-166000
061069,嘉聯益凱基9A購01,0,0,0,0,0,0,0,0,0,-166000,0,0,0,0,166000,-166000,-166000
063587,漢唐永豐9B購02  ,0,0,0,0,0,0,0,0,0,-166000,0,0,0,166000,332000,-166000,-166000
064149,美律統一02購01  ,0,0,0,0,0,0,0,0,0,-166000,0,0,0,209000,375000,-166000,-166000
065695,友訊群益01購02  ,0,0,0,0,0,0,0,0,0,-166000,0,0,0,10000,176000,-166000,-166000
066674,達方凱基01購01  ,0,0,0,0,0,0,0,0,0,-166000,0,0,0,326000,492000,-166000,-166000
066487,聯詠元富01購03  ,0,0,0,0,0,0,0,0,0,-166000,0,0,0,172000,338000,-166000,-166000
060347,大立光統一02購01,0,0,0,0,0,0,0,0,0,-167000,0,0,0,0,167000,-167000,-167000
063914,和碩凱基9C購01  ,0,0,0,0,0,0,0,0,0,-167000,0,0,0,0,167000,-167000,-167000
064153,中壽統一9C購01  ,0,0,0,0,0,0,0,0,0,-167000,0,0,0,0,167000,-167000,-167000
063274,鈺齊兆豐9B購01  ,0,0,0,0,0,0,0,0,0,-167000,0,0,0,20000,187000,-167000,-167000
063639,華擎元大9C購03  ,0,0,0,0,0,0,0,0,0,-167000,0,0,0,78000,245000,-167000,-167000
063928,可成統一01購02  ,0,0,0,0,0,0,0,0,0,-167000,0,0,0,0,167000,-167000,-167000
062676,南六台新9B購01  ,0,0,0,0,0,0,0,0,0,-167000,0,0,0,61000,228000,-167000,-167000
066170,聯陽凱基01購01  ,0,0,0,0,0,0,0,0,0,-167000,0,0,0,212000,379000,-167000,-167000
064812,旭富元大9C購04  ,0,0,0,0,0,0,0,0,0,-167000,0,0,0,68000,235000,-167000,-167000
08957P,聯電凱基03售02  ,0,0,0,0,0,0,0,0,0,-167000,0,0,0,0,167000,-167000,-167000
067357,欣興群益01購02  ,0,0,0,0,0,0,0,0,0,-168000,0,0,0,9000,177000,-168000,-168000
057671,群創元大9B購06  ,0,0,0,0,0,0,0,0,0,-168000,0,0,0,107000,275000,-168000,-168000
054472,道瓊反中信9A購01,0,0,0,0,0,0,0,0,0,-168000,0,0,0,110000,278000,-168000,-168000
063128,智伸科元大9B購01,0,0,0,0,0,0,0,0,0,-168000,0,0,0,81000,249000,-168000,-168000
064500,國泰金元大9C購01,0,0,0,0,0,0,0,0,0,-168000,0,0,0,0,168000,-168000,-168000
060958,儒鴻凱基9A購02  ,0,0,0,0,0,0,0,0,0,-168000,0,0,0,150000,318000,-168000,-168000
065377,群創元大02購02  ,0,0,0,0,0,0,0,0,0,-168000,0,0,0,79000,247000,-168000,-168000
066576,矽創元大01購02  ,0,0,0,0,0,0,0,0,0,-168000,0,0,0,0,168000,-168000,-168000
067450,聯發科國票02購01,0,0,0,0,0,0,0,0,0,-169000,0,0,0,253000,422000,-169000,-169000
054040,中石化元大9C購01,0,0,0,0,0,0,0,0,0,-169000,0,0,0,500000,669000,-169000,-169000
063611,儒鴻群益9B購03  ,0,0,0,0,0,0,0,0,0,-169000,0,0,0,40000,209000,-169000,-169000
065953,宏達電統一03購01,0,0,0,0,0,0,0,0,0,-169000,0,0,0,125000,294000,-169000,-169000
064574,達方群益01購01  ,0,0,0,0,0,0,0,0,0,-169000,0,0,0,151000,320000,-169000,-169000
064917,元大金統一02購01,0,0,0,0,0,0,0,0,0,-169000,0,0,0,145000,314000,-169000,-169000
08608P,臺股指富邦9C售06,0,0,0,0,0,0,0,0,0,-170000,0,0,0,0,170000,-170000,-170000
058122,美律國票9A購01  ,0,0,0,0,0,0,0,0,0,-170000,0,0,0,38000,208000,-170000,-170000
063724,亞德客元大9B購03,0,0,0,0,0,0,0,0,0,-170000,0,0,0,380000,550000,-170000,-170000
060867,智伸科永豐9A購01,0,0,0,0,0,0,0,0,0,-170000,0,0,0,61000,231000,-170000,-170000
065167,華通元大02購01  ,0,0,0,0,0,0,0,0,0,-170000,0,0,0,72000,242000,-170000,-170000
066566,康控元大01購01  ,0,0,0,0,0,0,0,0,0,-170000,0,0,0,34000,204000,-170000,-170000
1434,福懋            ,559000,635000,-76000,0,0,0,0,0,0,-94000,0,0,0,12000,106000,-94000,-170000
2355,敬鵬            ,312000,714000,-402000,0,0,0,0,0,0,232000,103000,2000,101000,131000,0,131000,-170000
068574,GIS元大01購08   ,0,0,0,0,0,0,0,0,0,-171000,0,0,0,102000,273000,-171000,-171000
063132,台表科元大9C購02,0,0,0,0,0,0,0,0,0,-171000,0,0,0,14000,185000,-171000,-171000
2809,京城銀          ,262000,499000,-237000,0,0,0,0,0,0,66000,78000,4000,74000,80000,88000,-8000,-171000
067766,上銀統一02購02  ,0,0,0,0,0,0,0,0,0,-172000,0,0,0,148000,320000,-172000,-172000
067861,聚陽元大01購04  ,0,0,0,0,0,0,0,0,0,-172000,0,0,0,41000,213000,-172000,-172000
068210,嘉聯益凱基01購01,0,0,0,0,0,0,0,0,0,-172000,0,0,0,105000,277000,-172000,-172000
057850,上銀兆豐99購02  ,0,0,0,0,0,0,0,0,0,-172000,0,0,0,100000,272000,-172000,-172000
060240,富邦金元大9A購01,0,0,0,0,0,0,0,0,0,-172000,0,0,0,1000,173000,-172000,-172000
063321,泰鼎群益9B購03  ,0,0,0,0,0,0,0,0,0,-172000,0,0,0,20000,192000,-172000,-172000
064960,世紀鋼凱基03購01,0,0,0,0,0,0,0,0,0,-172000,0,0,0,35000,207000,-172000,-172000
063837,亞德客元大01購01,0,0,0,0,0,0,0,0,0,-173000,0,0,0,68000,241000,-173000,-173000
056943,華通統一99購01  ,0,0,0,0,0,0,0,0,0,-173000,0,0,0,15000,188000,-173000,-173000
061918,上銀凱基9B購02  ,0,0,0,0,0,0,0,0,0,-173000,0,0,0,105000,278000,-173000,-173000
066485,台光電元富01購01,0,0,0,0,0,0,0,0,0,-173000,0,0,0,82000,255000,-173000,-173000
065974,智原元大01購01  ,0,0,0,0,0,0,0,0,0,-173000,0,0,0,68000,241000,-173000,-173000
07670P,茂林元大9A售02  ,0,0,0,0,0,0,0,0,0,-174000,0,0,0,0,174000,-174000,-174000
057812,友達元大9A購05  ,0,0,0,0,0,0,0,0,0,-174000,0,0,0,0,174000,-174000,-174000
062408,致新永豐9B購01  ,0,0,0,0,0,0,0,0,0,-174000,0,0,0,0,174000,-174000,-174000
061127,美食永豐9A購01  ,0,0,0,0,0,0,0,0,0,-174000,0,0,0,0,174000,-174000,-174000
066131,群光群益02購01  ,0,0,0,0,0,0,0,0,0,-174000,0,0,0,46000,220000,-174000,-174000
07703P,玉晶光中信9B售03,0,0,0,0,0,0,0,0,0,-175000,0,0,0,65000,240000,-175000,-175000
059925,可成國泰9B購01  ,0,0,0,0,0,0,0,0,0,-175000,0,0,0,46000,221000,-175000,-175000
060122,亞德客永豐99購02,0,0,0,0,0,0,0,0,0,-175000,0,0,0,43000,218000,-175000,-175000
062432,上銀元大9B購04  ,0,0,0,0,0,0,0,0,0,-175000,0,0,0,0,175000,-175000,-175000
062372,旭富元大9B購01  ,0,0,0,0,0,0,0,0,0,-175000,0,0,0,0,175000,-175000,-175000
064193,華新群益9C購01  ,0,0,0,0,0,0,0,0,0,-175000,0,0,0,95000,270000,-175000,-175000
066534,華通台新01購02  ,0,0,0,0,0,0,0,0,0,-175000,0,0,0,174000,349000,-175000,-175000
067107,義隆群益01購02  ,0,0,0,0,0,0,0,0,0,-175000,0,0,0,116000,291000,-175000,-175000
065106,S&P反1國票9C購02,0,0,0,0,0,0,0,0,0,-175000,0,0,0,0,175000,-175000,-175000
065385,億豐元大03購01  ,0,0,0,0,0,0,0,0,0,-175000,0,0,0,30000,205000,-175000,-175000
068513,聯發科統一03購08,0,0,0,0,0,0,0,0,0,-176000,0,0,0,295000,471000,-176000,-176000
061985,富邦金元大9B購01,0,0,0,0,0,0,0,0,0,-176000,0,0,0,2000,178000,-176000,-176000
063432,金寶元富9B購01  ,0,0,0,0,0,0,0,0,0,-176000,0,0,0,50000,226000,-176000,-176000
065852,創意元大9C購06  ,0,0,0,0,0,0,0,0,0,-176000,0,0,0,373000,549000,-176000,-176000
066660,群光凱基01購01  ,0,0,0,0,0,0,0,0,0,-176000,0,0,0,4000,180000,-176000,-176000
066366,信邦中信02購01  ,0,0,0,0,0,0,0,0,0,-176000,0,0,0,33000,209000,-176000,-176000
066181,泰鼎凱基01購01  ,0,0,0,0,0,0,0,0,0,-176000,0,0,0,16000,192000,-176000,-176000
8926,台汽電          ,57720,255000,-197280,0,0,0,1000,0,1000,20000,29000,0,29000,0,9000,-9000,-176280
067793,鈺齊群益01購02  ,0,0,0,0,0,0,0,0,0,-177000,0,0,0,0,177000,-177000,-177000
065799,友訊群益01購03  ,0,0,0,0,0,0,0,0,0,-177000,0,0,0,45000,222000,-177000,-177000
068341,世紀鋼元大01購04,0,0,0,0,0,0,0,0,0,-178000,0,0,0,0,178000,-178000,-178000
08715P,創意元富07售02  ,0,0,0,0,0,0,0,0,0,-178000,0,0,0,33000,211000,-178000,-178000
060865,創意永豐9A購01  ,0,0,0,0,0,0,0,0,0,-178000,0,0,0,112000,290000,-178000,-178000
063260,信邦富邦9B購01  ,0,0,0,0,0,0,0,0,0,-178000,0,0,0,42000,220000,-178000,-178000
062980,康控元富9B購01  ,0,0,0,0,0,0,0,0,0,-178000,0,0,0,168000,346000,-178000,-178000
061027,儒鴻永豐9A購02  ,0,0,0,0,0,0,0,0,0,-178000,0,0,0,0,178000,-178000,-178000
062461,智伸科群益9B購01,0,0,0,0,0,0,0,0,0,-178000,0,0,0,1000,179000,-178000,-178000
066099,大立光中信05購01,0,0,0,0,0,0,0,0,0,-178000,0,0,0,0,178000,-178000,-178000
067080,群創元大01購04  ,0,0,0,0,0,0,0,0,0,-178000,0,0,0,35000,213000,-178000,-178000
08215P,旺宏群益9B售04  ,0,0,0,0,0,0,0,0,0,-179000,0,0,0,0,179000,-179000,-179000
07668P,旺宏元大9A售10  ,0,0,0,0,0,0,0,0,0,-179000,0,0,0,81000,260000,-179000,-179000
068104,彩晶永豐01購01  ,0,0,0,0,0,0,0,0,0,-179000,0,0,0,10000,189000,-179000,-179000
060221,大立光凱基9A購07,0,0,0,0,0,0,0,0,0,-179000,0,0,0,0,179000,-179000,-179000
060421,華擎永豐9A購01  ,0,0,0,0,0,0,0,0,0,-179000,0,0,0,10000,189000,-179000,-179000
060164,合勤控永豐9A購01,0,0,0,0,0,0,0,0,0,-179000,0,0,0,92000,271000,-179000,-179000
063744,儒鴻國票9C購01  ,0,0,0,0,0,0,0,0,0,-179000,0,0,0,7000,186000,-179000,-179000
063143,嘉澤統一9B購02  ,0,0,0,0,0,0,0,0,0,-179000,0,0,0,0,179000,-179000,-179000
066847,群創元大01購03  ,0,0,0,0,0,0,0,0,0,-179000,0,0,0,40000,219000,-179000,-179000
066259,聯強元大01購01  ,0,0,0,0,0,0,0,0,0,-179000,0,0,0,6000,185000,-179000,-179000
2498,宏達電          ,2455000,3517000,-1062000,0,0,0,0,0,0,883000,38000,4000,34000,965000,116000,849000,-179000
1416,廣豐            ,42000,53000,-11000,0,0,0,0,0,0,-168000,1000,169000,-168000,0,0,0,-179000
2547,日勝生          ,50000,229750,-179750,0,0,0,0,0,0,0,0,0,0,0,0,0,-179750
058464,矽創兆豐9A購01  ,0,0,0,0,0,0,0,0,0,-180000,0,0,0,1000,181000,-180000,-180000
05890P,彩晶元大99售01  ,0,0,0,0,0,0,0,0,0,-180000,0,0,0,0,180000,-180000,-180000
053381,友達元大9A購02  ,0,0,0,0,0,0,0,0,0,-180000,0,0,0,43000,223000,-180000,-180000
063616,上銀兆豐9C購01  ,0,0,0,0,0,0,0,0,0,-180000,0,0,0,0,180000,-180000,-180000
066191,惠特凱基01購02  ,0,0,0,0,0,0,0,0,0,-180000,0,0,0,10000,190000,-180000,-180000
065386,華通兆豐9C購02  ,0,0,0,0,0,0,0,0,0,-180000,0,0,0,20000,200000,-180000,-180000
064935,寶成統一02購02  ,0,0,0,0,0,0,0,0,0,-180000,0,0,0,24000,204000,-180000,-180000
3576,聯合再生        ,1160000,1340000,-180000,0,0,0,0,0,0,0,0,0,0,0,0,0,-180000
07923P,元金2X凱基02售02,0,0,0,0,0,0,0,0,0,-181000,0,0,0,19000,200000,-181000,-181000
03662C,FBVIX凱基03牛01 ,0,0,0,0,0,0,0,0,0,-181000,0,0,0,5000,186000,-181000,-181000
062212,臻鼎台新9B購01  ,0,0,0,0,0,0,0,0,0,-181000,0,0,0,34000,215000,-181000,-181000
063407,泰鼎國票9C購01  ,0,0,0,0,0,0,0,0,0,-181000,0,0,0,10000,191000,-181000,-181000
063518,儒鴻凱基9B購02  ,0,0,0,0,0,0,0,0,0,-181000,0,0,0,10000,191000,-181000,-181000
065119,大立光富邦03購03,0,0,0,0,0,0,0,0,0,-181000,0,0,0,47000,228000,-181000,-181000
065337,華通統一01購03  ,0,0,0,0,0,0,0,0,0,-181000,0,0,0,38000,219000,-181000,-181000
08554P,玉晶光國票01售06,0,0,0,0,0,0,0,0,0,-182000,0,0,0,393000,575000,-182000,-182000
068397,世紀鋼統一03購01,0,0,0,0,0,0,0,0,0,-182000,0,0,0,10000,192000,-182000,-182000
057912,美律日盛99購01  ,0,0,0,0,0,0,0,0,0,-182000,0,0,0,0,182000,-182000,-182000
058727,嘉晶富邦9A購01  ,0,0,0,0,0,0,0,0,0,-182000,0,0,0,118000,300000,-182000,-182000
063615,瑞祺群益9B購03  ,0,0,0,0,0,0,0,0,0,-182000,0,0,0,6000,188000,-182000,-182000
062695,華通元大9C購01  ,0,0,0,0,0,0,0,0,0,-182000,0,0,0,25000,207000,-182000,-182000
062802,宏達電統一9B購01,0,0,0,0,0,0,0,0,0,-182000,0,0,0,114000,296000,-182000,-182000
064399,和大凱基02購01  ,0,0,0,0,0,0,0,0,0,-182000,0,0,0,0,182000,-182000,-182000
064939,健策元富9C購03  ,0,0,0,0,0,0,0,0,0,-182000,0,0,0,31000,213000,-182000,-182000
064547,宏達電凱基9C購01,0,0,0,0,0,0,0,0,0,-182000,0,0,0,49000,231000,-182000,-182000
064728,健策統一9C購04  ,0,0,0,0,0,0,0,0,0,-182000,0,0,0,49000,231000,-182000,-182000
066525,創意統一03購01  ,0,0,0,0,0,0,0,0,0,-182000,0,0,0,261000,443000,-182000,-182000
066883,聯發科永豐01購01,0,0,0,0,0,0,0,0,0,-182000,0,0,0,36000,218000,-182000,-182000
066910,華擎凱基01購03  ,0,0,0,0,0,0,0,0,0,-182000,0,0,0,22000,204000,-182000,-182000
068755,鎧勝國泰04購01  ,0,0,0,0,0,0,0,0,0,-183000,0,0,0,70000,253000,-183000,-183000
062661,華通群益9B購05  ,0,0,0,0,0,0,0,0,0,-183000,0,0,0,18000,201000,-183000,-183000
066845,亞光元大01購02  ,0,0,0,0,0,0,0,0,0,-183000,0,0,0,0,183000,-183000,-183000
067085,臻鼎元大01購02  ,0,0,0,0,0,0,0,0,0,-183000,0,0,0,74000,257000,-183000,-183000
067050,京鼎凱基03購01  ,0,0,0,0,0,0,0,0,0,-183000,0,0,0,0,183000,-183000,-183000
064978,群創元大9C購07  ,0,0,0,0,0,0,0,0,0,-183000,0,0,0,67000,250000,-183000,-183000
068868,聯發科台新02購02,0,0,0,0,0,0,0,0,0,-184000,0,0,0,0,184000,-184000,-184000
068678,台積電台新03購02,0,0,0,0,0,0,0,0,0,-184000,0,0,0,52000,236000,-184000,-184000
063077,巨大永豐9B購03  ,0,0,0,0,0,0,0,0,0,-184000,0,0,0,35000,219000,-184000,-184000
063648,台表科元大9C購05,0,0,0,0,0,0,0,0,0,-184000,0,0,0,116000,300000,-184000,-184000
066669,華擎凱基02購02  ,0,0,0,0,0,0,0,0,0,-184000,0,0,0,0,184000,-184000,-184000
066283,鎧勝元大01購02  ,5000,0,5000,0,0,0,0,0,0,-189000,0,0,0,255000,444000,-189000,-184000
068716,華通元大02購03  ,0,0,0,0,0,0,0,0,0,-185000,0,0,0,30000,215000,-185000,-185000
067737,英業達元大01購01,0,0,0,0,0,0,0,0,0,-185000,0,0,0,0,185000,-185000,-185000
067302,聯發科元大01購20,0,0,0,0,0,0,0,0,0,-185000,0,0,0,52000,237000,-185000,-185000
058026,上銀富邦9A購01  ,0,0,0,0,0,0,0,0,0,-185000,0,0,0,90000,275000,-185000,-185000
063471,泰鼎元大9C購01  ,0,0,0,0,0,0,0,0,0,-185000,0,0,0,132000,317000,-185000,-185000
062907,可成元大9C購03  ,0,0,0,0,0,0,0,0,0,-185000,0,0,0,54000,239000,-185000,-185000
063057,祥碩統一03購01  ,0,0,0,0,0,0,0,0,0,-185000,0,0,0,322000,507000,-185000,-185000
066594,聯詠群益01購01  ,0,0,0,0,0,0,0,0,0,-185000,0,0,0,52000,237000,-185000,-185000
066902,台泥凱基01購01  ,0,0,0,0,0,0,0,0,0,-185000,0,0,0,69000,254000,-185000,-185000
065599,台光電元大9C購05,0,0,0,0,0,0,0,0,0,-185000,0,0,0,189000,374000,-185000,-185000
067758,儒鴻永豐01購01  ,0,0,0,0,0,0,0,0,0,-186000,0,0,0,30000,216000,-186000,-186000
068519,群創統一03購01  ,0,0,0,0,0,0,0,0,0,-186000,0,0,0,34000,220000,-186000,-186000
056266,開發金統一9A購01,0,0,0,0,0,0,0,0,0,-186000,0,0,0,0,186000,-186000,-186000
062220,台光電統一01購01,0,0,0,0,0,0,0,0,0,-186000,0,0,0,205000,391000,-186000,-186000
062761,嘉晶凱基9C購01  ,0,0,0,0,0,0,0,0,0,-186000,0,0,0,177000,363000,-186000,-186000
066703,聯詠群益01購02  ,0,0,0,0,0,0,0,0,0,-186000,0,0,0,28000,214000,-186000,-186000
067035,台表科康和01購01,0,0,0,0,0,0,0,0,0,-186000,0,0,0,0,186000,-186000,-186000
067831,聯電統一03購01  ,0,0,0,0,0,0,0,0,0,-187000,0,0,0,876000,1063000,-187000,-187000
067641,群創統一01購02  ,0,0,0,0,0,0,0,0,0,-187000,0,0,0,71000,258000,-187000,-187000
067177,日月光麥證01購02,0,0,0,440000,427000,13000,0,0,0,-187000,0,0,0,640000,827000,-187000,-187000
066850,鎧勝元大01購03  ,0,0,0,0,0,0,0,0,0,-187000,0,0,0,48000,235000,-187000,-187000
066382,拓凱康和01購01  ,0,0,0,0,0,0,0,0,0,-187000,0,0,0,0,187000,-187000,-187000
068191,台積電凱基01購21,0,0,0,0,0,0,0,0,0,-188000,0,0,0,163000,351000,-188000,-188000
059293,宏達電元富9B購01,0,0,0,0,0,0,0,0,0,-188000,0,0,0,190000,378000,-188000,-188000
057257,台泥兆豐99購01  ,0,0,0,0,0,0,0,0,0,-188000,0,0,0,0,188000,-188000,-188000
066265,精元元大01購01  ,2000,0,2000,0,0,0,0,0,0,-190000,0,0,0,354000,544000,-190000,-188000
066052,景碩元大02購01  ,0,0,0,0,0,0,0,0,0,-188000,0,0,0,51000,239000,-188000,-188000
066814,健鼎兆豐01購01  ,0,0,0,0,0,0,0,0,0,-188000,0,0,0,45000,233000,-188000,-188000
066819,樺漢兆豐01購01  ,0,0,0,0,0,0,0,0,0,-188000,0,0,0,99000,287000,-188000,-188000
064819,華新統一01購02  ,0,0,0,0,0,0,0,0,0,-188000,0,0,0,0,188000,-188000,-188000
067809,聯發科凱基01購17,0,0,0,0,0,0,0,0,0,-189000,0,0,0,126000,315000,-189000,-189000
067233,微星群益02購02  ,0,0,0,0,0,0,0,0,0,-189000,0,0,0,44000,233000,-189000,-189000
057875,京鼎元大98購03  ,0,0,0,0,0,0,0,0,0,-189000,0,0,0,32000,221000,-189000,-189000
064079,英業達中信9C購01,0,0,0,0,0,0,0,0,0,-189000,0,0,0,40000,229000,-189000,-189000
064569,群創群益9C購01  ,0,0,0,0,0,0,0,0,0,-189000,0,0,0,80000,269000,-189000,-189000
065038,上銀凱基9C購02  ,0,0,0,0,0,0,0,0,0,-189000,0,0,0,111000,300000,-189000,-189000
066171,德律凱基01購01  ,0,0,0,0,0,0,0,0,0,-189000,0,0,0,21000,210000,-189000,-189000
066428,健策元大02購02  ,0,0,0,0,0,0,0,0,0,-189000,0,0,0,86000,275000,-189000,-189000
08493P,嘉澤元大9C售01  ,0,0,0,0,0,0,0,0,0,-190000,0,0,0,110000,300000,-190000,-190000
058837,SGBR2X中信9C購01,0,0,0,0,0,0,0,0,0,-190000,0,0,0,0,190000,-190000,-190000
062666,和碩群益9B購01  ,0,0,0,0,0,0,0,0,0,-190000,0,0,0,23000,213000,-190000,-190000
061489,高鐵兆豐9A購01  ,0,0,0,0,0,0,0,0,0,-190000,0,0,0,0,190000,-190000,-190000
066635,敦泰凱基01購01  ,0,0,0,0,0,0,0,0,0,-190000,0,0,0,0,190000,-190000,-190000
065743,宏達電麥證9C購02,0,0,0,150000,342000,-192000,0,0,0,-190000,0,0,0,152000,342000,-190000,-190000
067996,南亞科元大01購02,0,0,0,0,0,0,0,0,0,-191000,0,0,0,56000,247000,-191000,-191000
061232,和大元大9A購03  ,0,0,0,0,0,0,0,0,0,-191000,0,0,0,1000,192000,-191000,-191000
062708,立積元大9B購01  ,0,0,0,0,0,0,0,0,0,-191000,0,0,0,21000,212000,-191000,-191000
064208,智邦凱基02購01  ,0,0,0,0,0,0,0,0,0,-191000,0,0,0,99000,290000,-191000,-191000
064325,亞德客元大9C購01,0,0,0,0,0,0,0,0,0,-191000,0,0,0,26000,217000,-191000,-191000
065105,巨大元大01購01  ,0,0,0,0,0,0,0,0,0,-191000,0,0,0,35000,226000,-191000,-191000
2536,宏普            ,27000,148000,-121000,0,0,0,0,70000,-70000,0,0,0,0,0,0,0,-191000
07069P,欣興元富99售02  ,0,0,0,0,0,0,0,0,0,-192000,0,0,0,99000,291000,-192000,-192000
060297,和碩元大9A購02  ,0,0,0,0,0,0,0,0,0,-192000,0,0,0,42000,234000,-192000,-192000
062615,亞德客元大9B購02,0,0,0,0,0,0,0,0,0,-192000,0,0,0,74000,266000,-192000,-192000
066346,眾達永豐01購01  ,0,0,0,0,0,0,0,0,0,-192000,0,0,0,209000,401000,-192000,-192000
067775,GIS統一02購04   ,0,0,0,0,0,0,0,0,0,-193000,0,0,0,66000,259000,-193000,-193000
067782,亞德客群益01購04,0,0,0,0,0,0,0,0,0,-193000,0,0,0,0,193000,-193000,-193000
03133P,聯電中信01售02  ,0,0,0,0,0,0,0,0,0,-193000,0,0,0,3000,196000,-193000,-193000
064368,日月光統一01購01,0,0,0,0,0,0,0,0,0,-193000,0,0,0,172000,365000,-193000,-193000
065129,上銀兆豐01購01  ,0,0,0,0,0,0,0,0,0,-193000,0,0,0,0,193000,-193000,-193000
067688,南六元大01購06  ,0,0,0,0,0,0,0,0,0,-194000,0,0,0,139000,333000,-194000,-194000
068224,健策統一03購01  ,0,0,0,0,0,0,0,0,0,-194000,0,0,0,14000,208000,-194000,-194000
057713,美律統一99購01  ,0,0,0,0,0,0,0,0,0,-194000,0,0,0,148000,342000,-194000,-194000
063220,建準群益9B購01  ,0,0,0,0,0,0,0,0,0,-194000,0,0,0,249000,443000,-194000,-194000
063950,信邦元大9C購01  ,0,0,0,0,0,0,0,0,0,-194000,0,0,0,225000,419000,-194000,-194000
064865,美律永豐9C購02  ,0,0,0,0,0,0,0,0,0,-194000,0,0,0,8000,202000,-194000,-194000
065728,嘉晶凱基9C購04  ,0,0,0,0,0,0,0,0,0,-194000,0,0,0,204000,398000,-194000,-194000
066354,緯穎永豐01購01  ,0,0,0,0,0,0,0,0,0,-194000,0,0,0,33000,227000,-194000,-194000
065998,友訊國票01購02  ,0,0,0,0,0,0,0,0,0,-194000,0,0,0,10000,204000,-194000,-194000
067611,拓凱凱基02購01  ,0,0,0,0,0,0,0,0,0,-195000,0,0,0,3000,198000,-195000,-195000
08079P,宏達電國票9B售03,0,0,0,0,0,0,0,0,0,-195000,0,0,0,5000,200000,-195000,-195000
061610,力成統一9C購01  ,0,0,0,0,0,0,0,0,0,-195000,0,0,0,0,195000,-195000,-195000
066384,訊芯康和01購01  ,0,0,0,0,0,0,0,0,0,-195000,0,0,0,0,195000,-195000,-195000
066906,聯發科凱基03購03,0,0,0,0,0,0,0,0,0,-195000,0,0,0,134000,329000,-195000,-195000
065749,友訊元大9C購03  ,0,0,0,0,0,0,0,0,0,-195000,0,0,0,123000,318000,-195000,-195000
065541,GIS統一01購05   ,0,0,0,0,0,0,0,0,0,-195000,0,0,0,7000,202000,-195000,-195000
08795P,聯發科凱基01售11,0,0,0,0,0,0,0,0,0,-196000,0,0,0,40000,236000,-196000,-196000
068585,美律台新01購02  ,0,0,0,0,0,0,0,0,0,-196000,0,0,0,3000,199000,-196000,-196000
065305,泰鼎元富9C購01  ,0,0,0,0,0,0,0,0,0,-196000,0,0,0,200000,396000,-196000,-196000
064562,友達群益9C購03  ,0,0,0,0,0,0,0,0,0,-196000,0,0,0,10000,206000,-196000,-196000
3019,亞光            ,218000,481000,-263000,0,0,0,0,0,0,67000,110000,46000,64000,20000,17000,3000,-196000
062189,康控元大9B購02  ,0,0,0,0,0,0,0,0,0,-197000,0,0,0,25000,222000,-197000,-197000
059499,滬深2X元富9C購07,0,0,0,0,0,0,0,0,0,-197000,0,0,0,0,197000,-197000,-197000
061092,可成統一9C購02  ,0,0,0,0,0,0,0,0,0,-197000,0,0,0,10000,207000,-197000,-197000
08967P,聯電元大01售03  ,0,0,0,0,0,0,0,0,0,-197000,0,0,0,0,197000,-197000,-197000
07327P,台灣50群益9A售06,0,0,0,0,0,0,0,0,0,-198000,0,0,0,0,198000,-198000,-198000
067250,中化國票02購01  ,0,0,0,0,0,0,0,0,0,-198000,0,0,0,65000,263000,-198000,-198000
067249,緯穎群益01購04  ,0,0,0,0,0,0,0,0,0,-198000,0,0,0,44000,242000,-198000,-198000
068338,GIS元大01購04   ,0,0,0,0,0,0,0,0,0,-198000,0,0,0,12000,210000,-198000,-198000
068527,義隆元富03購01  ,0,0,0,0,0,0,0,0,0,-198000,0,0,0,85000,283000,-198000,-198000
068056,台表科統一03購01,0,0,0,0,0,0,0,0,0,-198000,0,0,0,12000,210000,-198000,-198000
03217P,臺股指群益02售02,0,0,0,0,0,0,0,0,0,-198000,0,0,0,2000,200000,-198000,-198000
061442,玉晶光永豐9A購07,0,0,0,0,0,0,0,0,0,-198000,0,0,0,1000,199000,-198000,-198000
064779,義隆群益9C購03  ,0,0,0,0,0,0,0,0,0,-198000,0,0,0,43000,241000,-198000,-198000
067154,華擎統一03購03  ,0,0,0,0,0,0,0,0,0,-198000,0,0,0,14000,212000,-198000,-198000
068711,瑞儀國票03購02  ,0,0,0,0,0,0,0,0,0,-199000,0,0,0,0,199000,-199000,-199000
060194,旭富元富9A購01  ,0,0,0,0,0,0,0,0,0,-199000,0,0,0,1000,200000,-199000,-199000
061661,京鼎永豐9A購02  ,0,0,0,0,0,0,0,0,0,-199000,0,0,0,20000,219000,-199000,-199000
066322,群光永豐01購01  ,0,0,0,0,0,0,0,0,0,-199000,0,0,0,9000,208000,-199000,-199000
064788,台汽電群益9C購01,0,0,0,0,0,0,0,0,0,-199000,0,0,0,0,199000,-199000,-199000
065006,景碩國票01購01  ,0,0,0,0,0,0,0,0,0,-199000,0,0,0,22000,221000,-199000,-199000
065313,聯茂國票01購01  ,0,0,0,0,0,0,0,0,0,-199000,0,0,0,5000,204000,-199000,-199000
065343,智邦統一01購03  ,0,0,0,0,0,0,0,0,0,-199000,0,0,0,571000,770000,-199000,-199000
1514,亞力            ,102000,301000,-199000,0,0,0,0,0,0,0,0,0,0,0,0,0,-199000
06929P,鴻海元大99售11  ,0,0,0,0,0,0,0,0,0,-200000,0,0,0,15000,215000,-200000,-200000
07183P,臺股指凱基99售25,0,0,0,0,0,0,0,0,0,-200000,0,0,0,0,200000,-200000,-200000
08078P,聯發科國票9B售04,0,0,0,0,0,0,0,0,0,-200000,0,0,0,0,200000,-200000,-200000
08600P,臺股指元大9C售32,0,0,0,0,0,0,0,0,0,-200000,0,0,0,0,200000,-200000,-200000
068494,玉山金元大01購01,0,0,0,0,0,0,0,0,0,-200000,0,0,0,0,200000,-200000,-200000
06822P,上銀富邦99售03  ,0,0,0,0,0,0,0,0,0,-200000,0,0,0,0,200000,-200000,-200000
067228,華新群益01購01  ,0,0,0,0,0,0,0,0,0,-200000,0,0,0,0,200000,-200000,-200000
067643,台郡統一03購01  ,0,0,0,0,0,0,0,0,0,-200000,0,0,0,19000,219000,-200000,-200000
059094,臻鼎元大99購03  ,0,0,0,0,0,0,0,0,0,-200000,0,0,0,0,200000,-200000,-200000
057581,元大金中信9A購01,0,0,0,0,0,0,0,0,0,-200000,0,0,0,30000,230000,-200000,-200000
059003,中壽元大99購01  ,0,0,0,0,0,0,0,0,0,-200000,0,0,0,0,200000,-200000,-200000
064413,世紀鋼凱基02購01,0,0,0,0,0,0,0,0,0,-200000,0,0,0,0,200000,-200000,-200000
060804,T50反1群益9A購02,0,0,0,0,0,0,0,0,0,-200000,0,0,0,0,200000,-200000,-200000
061210,玉山金元大9A購02,0,0,0,0,0,0,0,0,0,-200000,0,0,0,0,200000,-200000,-200000
063434,和潤元富9B購01  ,0,0,0,0,0,0,0,0,0,-200000,0,0,0,0,200000,-200000,-200000
063272,GIS兆豐9C購01   ,0,0,0,0,0,0,0,0,0,-200000,0,0,0,0,200000,-200000,-200000
062720,南亞科凱基9B購03,0,0,0,0,0,0,0,0,0,-200000,0,0,0,0,200000,-200000,-200000
065408,華通永豐9C購02  ,0,0,0,0,0,0,0,0,0,-200000,0,0,0,18000,218000,-200000,-200000
065557,中磊凱基9C購01  ,0,0,0,0,0,0,0,0,0,-200000,0,0,0,30000,230000,-200000,-200000
065554,群創凱基02購02  ,0,0,0,0,0,0,0,0,0,-200000,0,0,0,0,200000,-200000,-200000
064911,光寶科統一02購01,0,0,0,0,0,0,0,0,0,-200000,0,0,0,120000,320000,-200000,-200000
067166,華通麥證01購01  ,0,0,0,130000,337000,-207000,0,0,0,-200000,0,0,0,137000,337000,-200000,-200000
067385,申豐統一02購04  ,0,0,0,0,0,0,0,0,0,-201000,0,0,0,0,201000,-201000,-201000
068179,致茂群益02購01  ,0,0,0,0,0,0,0,0,0,-201000,0,0,0,2000,203000,-201000,-201000
067919,玉晶光永豐01購03,0,0,0,0,0,0,0,0,0,-201000,0,0,0,2000,203000,-201000,-201000
068602,智邦凱基01購01  ,0,0,0,0,0,0,0,0,0,-201000,0,0,0,43000,244000,-201000,-201000
062327,燿華統一9B購02  ,0,0,0,0,0,0,0,0,0,-201000,0,0,0,61000,262000,-201000,-201000
064067,美律永豐9C購01  ,0,0,0,0,0,0,0,0,0,-201000,0,0,0,22000,223000,-201000,-201000
066209,聯鈞統一03購01  ,0,0,0,0,0,0,0,0,0,-201000,0,0,0,60000,261000,-201000,-201000
067376,欣興統一01購01  ,0,0,0,0,0,0,0,0,0,-202000,0,0,0,2000,204000,-202000,-202000
03034P,欣興國票03售01  ,0,0,0,0,0,0,0,0,0,-202000,0,0,0,0,202000,-202000,-202000
060370,滬深2X元富04購01,0,0,0,0,0,0,0,0,0,-202000,0,0,0,7000,209000,-202000,-202000
064023,智邦元大9C購02  ,0,0,0,0,0,0,0,0,0,-202000,0,0,0,93000,295000,-202000,-202000
060565,大立光富邦01購01,0,0,0,0,0,0,0,0,0,-202000,0,0,0,0,202000,-202000,-202000
063709,上銀凱基9B購07  ,0,0,0,0,0,0,0,0,0,-202000,0,0,0,10000,212000,-202000,-202000
067633,致茂永豐01購02  ,0,0,0,0,0,0,0,0,0,-203000,0,0,0,97000,300000,-203000,-203000
061914,台光電中信9B購01,0,0,0,0,0,0,0,0,0,-203000,0,0,0,13000,216000,-203000,-203000
061837,華新科凱基05購02,0,0,0,0,0,0,0,0,0,-203000,0,0,0,88000,291000,-203000,-203000
062156,美律凱基9B購01  ,0,0,0,0,0,0,0,0,0,-203000,0,0,0,66000,269000,-203000,-203000
067157,惠特統一03購03  ,0,0,0,0,0,0,0,0,0,-203000,0,0,0,0,203000,-203000,-203000
1440,南紡            ,402000,344000,58000,0,0,0,1255,0,1255,-263000,0,45000,-45000,0,218000,-218000,-203745
067653,可成元富07購03  ,0,0,0,0,0,0,0,0,0,-204000,0,0,0,13000,217000,-204000,-204000
067698,潤泰全國票02購01,0,0,0,0,0,0,0,0,0,-204000,0,0,0,100000,304000,-204000,-204000
068151,瑞昱元大01購05  ,0,0,0,0,0,0,0,0,0,-204000,0,0,0,418000,622000,-204000,-204000
068417,宏碁兆豐03購01  ,0,0,0,0,0,0,0,0,0,-204000,0,0,0,224000,428000,-204000,-204000
058019,美律凱基99購04  ,0,0,0,0,0,0,0,0,0,-204000,0,0,0,6000,210000,-204000,-204000
064531,旭富兆豐9C購01  ,0,0,0,0,0,0,0,0,0,-204000,0,0,0,65000,269000,-204000,-204000
065925,鴻海國票04購01  ,0,0,0,0,0,0,0,0,0,-204000,0,0,0,0,204000,-204000,-204000
067624,微星富邦04購01  ,0,0,0,0,0,0,0,0,0,-205000,0,0,0,0,205000,-205000,-205000
058604,華邦電元大99購03,0,0,0,0,0,0,0,0,0,-205000,0,0,0,0,205000,-205000,-205000
062682,全新統一9B購01  ,0,0,0,0,0,0,0,0,0,-205000,0,0,0,0,205000,-205000,-205000
067002,生達永豐01購02  ,0,0,0,0,0,0,0,0,0,-205000,0,0,0,85000,290000,-205000,-205000
067429,國揚凱基02購01  ,0,0,0,0,0,0,0,0,0,-206000,0,0,0,101000,307000,-206000,-206000
068427,儒鴻凱基01購01  ,0,0,0,0,0,0,0,0,0,-206000,0,0,0,20000,226000,-206000,-206000
068097,台積電富邦03購05,0,0,0,0,0,0,0,0,0,-206000,0,0,0,0,206000,-206000,-206000
063862,世紀鋼國泰02購01,0,0,0,0,0,0,0,0,0,-206000,0,0,0,25000,231000,-206000,-206000
062674,百和中信03購01  ,0,0,0,0,0,0,0,0,0,-206000,0,0,0,110000,316000,-206000,-206000
066163,友訊凱基01購01  ,0,0,0,0,0,0,0,0,0,-206000,0,0,0,6000,212000,-206000,-206000
066561,健策元大01購04  ,0,0,0,0,0,0,0,0,0,-206000,0,0,0,26000,232000,-206000,-206000
067387,智邦元富04購01  ,0,0,0,0,0,0,0,0,0,-207000,0,0,0,726000,933000,-207000,-207000
065159,臻鼎群益9C購02  ,0,0,0,0,0,0,0,0,0,-207000,0,0,0,45000,252000,-207000,-207000
068183,彩晶群益03購02  ,0,0,0,0,0,0,0,0,0,-208000,0,0,0,81000,289000,-208000,-208000
08117P,聯發科元富9B售04,0,0,0,0,0,0,0,0,0,-208000,0,0,0,30000,238000,-208000,-208000
059101,康控統一9A購01  ,0,0,0,0,0,0,0,0,0,-208000,0,0,0,462000,670000,-208000,-208000
053181,滬深2X元富99購02,0,0,0,0,0,0,0,0,0,-208000,0,0,0,82000,290000,-208000,-208000
063755,上銀統一9C購03  ,0,0,0,0,0,0,0,0,0,-208000,0,0,0,35000,243000,-208000,-208000
063576,台表科元大9B購08,0,0,0,0,0,0,0,0,0,-208000,0,0,0,0,208000,-208000,-208000
064727,群創統一02購03  ,0,0,0,0,0,0,0,0,0,-208000,0,0,0,35000,243000,-208000,-208000
065851,京鼎元大02購01  ,0,0,0,0,0,0,0,0,0,-208000,0,0,0,437000,645000,-208000,-208000
065747,華通元大9C購07  ,0,0,0,0,0,0,0,0,0,-208000,0,0,0,129000,337000,-208000,-208000
6230,超眾            ,38236,88000,-49764,0,0,0,0,119000,-119000,-40000,0,8000,-8000,4000,36000,-32000,-208764
068392,彩晶統一03購01  ,0,0,0,0,0,0,0,0,0,-209000,0,0,0,77000,286000,-209000,-209000
063124,奇力新元大9B購05,0,0,0,0,0,0,0,0,0,-209000,0,0,0,930000,1139000,-209000,-209000
2363,矽統            ,1004000,1213000,-209000,0,0,0,0,0,0,0,0,0,0,0,0,0,-209000
067520,健策元富01購03  ,0,0,0,0,0,0,0,0,0,-210000,0,0,0,62000,272000,-210000,-210000
08110P,臺股指中信01售05,0,0,0,0,0,0,0,0,0,-210000,0,0,0,20000,230000,-210000,-210000
07133P,臺股指元大9A售27,0,0,0,0,0,0,0,0,0,-210000,0,0,0,0,210000,-210000,-210000
03205P,聯發科凱基01售24,0,0,0,0,0,0,0,0,0,-210000,0,0,0,10000,220000,-210000,-210000
063556,儒鴻元大9B購02  ,0,0,0,0,0,0,0,0,0,-210000,0,0,0,101000,311000,-210000,-210000
065633,聯發科國票01購02,0,0,0,0,0,0,0,0,0,-210000,0,0,0,22000,232000,-210000,-210000
065222,玉晶光永豐9C購07,0,0,0,0,0,0,0,0,0,-210000,0,0,0,0,210000,-210000,-210000
065138,上銀凱基02購01  ,0,0,0,0,0,0,0,0,0,-210000,0,0,0,20000,230000,-210000,-210000
067075,亞光元大01購04  ,0,0,0,0,0,0,0,0,0,-210000,0,0,0,0,210000,-210000,-210000
066806,京鼎凱基02購01  ,0,0,0,0,0,0,0,0,0,-210000,0,0,0,51000,261000,-210000,-210000
03140P,聯發科凱基01售22,0,0,0,0,0,0,0,0,0,-211000,0,0,0,0,211000,-211000,-211000
063293,億豐元大9B購01  ,0,0,0,0,0,0,0,0,0,-211000,0,0,0,0,211000,-211000,-211000
063698,上銀群益9B購05  ,0,0,0,0,0,0,0,0,0,-211000,0,0,0,25000,236000,-211000,-211000
066132,精元群益01購01  ,0,0,0,0,0,0,0,0,0,-211000,0,0,0,86000,297000,-211000,-211000
067526,深中小群益02購01,0,0,0,0,0,0,0,0,0,-212000,0,0,0,300000,512000,-212000,-212000
067369,瑞昱統一01購07  ,0,0,0,0,0,0,0,0,0,-212000,0,0,0,1507000,1719000,-212000,-212000
03139P,聯電凱基01售02  ,0,0,0,0,0,0,0,0,0,-212000,0,0,0,65000,277000,-212000,-212000
063880,可成元富9C購01  ,0,0,0,0,0,0,0,0,0,-212000,0,0,0,31000,243000,-212000,-212000
064302,美律兆豐01購01  ,0,0,0,0,0,0,0,0,0,-212000,0,0,0,1000,213000,-212000,-212000
063781,健策永豐9B購08  ,0,0,0,0,0,0,0,0,0,-212000,0,0,0,4000,216000,-212000,-212000
065285,宏碁群益01購01  ,0,0,0,0,0,0,0,0,0,-212000,0,0,0,3000,215000,-212000,-212000
068478,瑞儀群益01購02  ,0,0,0,0,0,0,0,0,0,-213000,0,0,0,237000,450000,-213000,-213000
063895,新光金群益01購01,0,0,0,0,0,0,0,0,0,-213000,0,0,0,100000,313000,-213000,-213000
064197,智伸科群益9C購01,0,0,0,0,0,0,0,0,0,-213000,0,0,0,0,213000,-213000,-213000
066231,友訊富邦02購01  ,0,0,0,0,0,0,0,0,0,-213000,0,0,0,0,213000,-213000,-213000
068858,台積電元富08購05,0,0,0,0,0,0,0,0,0,-214000,0,0,0,0,214000,-214000,-214000
063496,儒鴻永豐9B購01  ,0,0,0,0,0,0,0,0,0,-214000,0,0,0,1000,215000,-214000,-214000
065267,聯鈞元大9C購02  ,0,0,0,0,0,0,0,0,0,-214000,0,0,0,127000,341000,-214000,-214000
068570,日月光元大01購06,0,0,0,0,0,0,0,0,0,-215000,0,0,0,0,215000,-215000,-215000
07503P,禾伸堂元大9A售01,0,0,0,0,0,0,0,0,0,-215000,0,0,0,0,215000,-215000,-215000
068033,國產元富01購01  ,0,0,0,0,0,0,0,0,0,-215000,0,0,0,0,215000,-215000,-215000
058127,FBVIX元大9C購01 ,0,0,0,0,0,0,0,0,0,-215000,0,0,0,20000,235000,-215000,-215000
060551,大立光凱基9B購02,0,0,0,0,0,0,0,0,0,-215000,0,0,0,0,215000,-215000,-215000
061030,喬山永豐9A購01  ,0,0,0,0,0,0,0,0,0,-215000,0,0,0,1000,216000,-215000,-215000
066432,南六元大01購02  ,0,0,0,0,0,0,0,0,0,-215000,0,0,0,43000,258000,-215000,-215000
066324,仲琦永豐01購01  ,0,0,0,0,0,0,0,0,0,-215000,0,0,0,306000,521000,-215000,-215000
067009,樺漢永豐01購01  ,0,0,0,0,0,0,0,0,0,-215000,0,0,0,0,215000,-215000,-215000
067491,健策元大01購10  ,0,0,0,0,0,0,0,0,0,-216000,0,0,0,133000,349000,-216000,-216000
067671,正崴元大01購01  ,0,0,0,0,0,0,0,0,0,-216000,0,0,0,200000,416000,-216000,-216000
068560,台積電元大01購51,0,0,0,0,0,0,0,0,0,-216000,0,0,0,1439000,1655000,-216000,-216000
062226,臻鼎統一9B購01  ,0,0,0,0,0,0,0,0,0,-216000,0,0,0,0,216000,-216000,-216000
067792,GIS群益02購02   ,0,0,0,0,0,0,0,0,0,-217000,0,0,0,5000,222000,-217000,-217000
067870,玉晶光元大01購07,0,0,0,0,0,0,0,0,0,-217000,0,0,0,31000,248000,-217000,-217000
067907,緯創國泰03購01  ,0,0,0,0,0,0,0,0,0,-217000,0,0,0,84000,301000,-217000,-217000
063162,國喬永豐9B購01  ,0,0,0,0,0,0,0,0,0,-217000,0,0,0,33000,250000,-217000,-217000
066628,宏達電凱基03購01,0,0,0,0,0,0,0,0,0,-217000,0,0,0,31000,248000,-217000,-217000
064570,TPK群益9C購03   ,0,0,0,0,0,0,0,0,0,-217000,0,0,0,161000,378000,-217000,-217000
1513,中興電          ,278446,398000,-119554,0,0,0,0,0,0,-98000,0,0,0,0,98000,-98000,-217554
057051,群創元大9B購03  ,0,0,0,0,0,0,0,0,0,-218000,0,0,0,10000,228000,-218000,-218000
064094,達新群益9C購01  ,0,0,0,0,0,0,0,0,0,-218000,0,0,0,0,218000,-218000,-218000
067006,德律永豐01購02  ,0,0,0,0,0,0,0,0,0,-218000,0,0,0,0,218000,-218000,-218000
067026,群創兆豐03購01  ,0,0,0,0,0,0,0,0,0,-218000,0,0,0,22000,240000,-218000,-218000
067185,宏達電凱基02購01,0,0,0,0,0,0,0,0,0,-218000,0,0,0,27000,245000,-218000,-218000
066420,宏達電元大02購01,0,0,0,0,0,0,0,0,0,-218000,0,0,0,279000,497000,-218000,-218000
2609,陽明            ,71000,289000,-218000,0,0,0,0,0,0,0,0,0,0,0,0,0,-218000
065317,上銀凱基9C購03  ,0,0,0,0,0,0,0,0,0,-219000,0,0,0,20000,239000,-219000,-219000
065688,緯創元富9C購02  ,0,0,0,0,0,0,0,0,0,-219000,0,0,0,86000,305000,-219000,-219000
068674,聯發科統一03購12,0,0,0,0,0,0,0,0,0,-220000,0,0,0,12000,232000,-220000,-220000
061628,緯穎群益9A購04  ,0,0,0,0,0,0,0,0,0,-220000,0,0,0,8000,228000,-220000,-220000
064464,台郡統一01購01  ,0,0,0,0,0,0,0,0,0,-220000,0,0,0,34000,254000,-220000,-220000
062050,亞德客統一9C購01,0,0,0,0,0,0,0,0,0,-220000,0,0,0,215000,435000,-220000,-220000
063056,嘉澤統一9C購02  ,0,0,0,0,0,0,0,0,0,-220000,0,0,0,50000,270000,-220000,-220000
062547,玉晶光永豐9B購05,0,0,0,0,0,0,0,0,0,-220000,0,0,0,1000,221000,-220000,-220000
065532,台光電統一02購02,0,0,0,0,0,0,0,0,0,-220000,0,0,0,4000,224000,-220000,-220000
065594,華通元大01購02  ,0,0,0,0,0,0,0,0,0,-220000,0,0,0,7000,227000,-220000,-220000
068715,為升元大02購01  ,0,0,0,0,0,0,0,0,0,-221000,0,0,0,0,221000,-221000,-221000
08453P,玉晶光台新9C售02,0,0,0,0,0,0,0,0,0,-221000,0,0,0,707000,928000,-221000,-221000
068282,信邦中信03購01  ,0,0,0,0,0,0,0,0,0,-221000,0,0,0,20000,241000,-221000,-221000
058162,上銀日盛9B購01  ,0,0,0,0,0,0,0,0,0,-221000,0,0,0,0,221000,-221000,-221000
061724,訊芯永豐9A購01  ,0,0,0,0,0,0,0,0,0,-221000,0,0,0,0,221000,-221000,-221000
067435,眾達凱基02購01  ,0,0,0,0,0,0,0,0,0,-222000,0,0,0,4000,226000,-222000,-222000
064217,GIS凱基02購02   ,0,0,0,0,0,0,0,0,0,-222000,0,0,0,19000,241000,-222000,-222000
065722,緯創兆豐9C購02  ,0,0,0,0,0,0,0,0,0,-222000,0,0,0,390000,612000,-222000,-222000
066347,鎧勝永豐01購01  ,0,0,0,0,0,0,0,0,0,-222000,0,0,0,18000,240000,-222000,-222000
061391,晶技群益9A購02  ,0,0,0,0,0,0,0,0,0,-223000,0,0,0,218000,441000,-223000,-223000
066274,景碩元大01購02  ,0,0,0,0,0,0,0,0,0,-223000,0,0,0,269000,492000,-223000,-223000
067497,康控元大01購04  ,0,0,0,0,0,0,0,0,0,-224000,0,0,0,176000,400000,-224000,-224000
067817,玉晶光凱基02購01,0,0,0,0,0,0,0,0,0,-224000,0,0,0,324000,548000,-224000,-224000
068339,GIS元大01購05   ,0,0,0,0,0,0,0,0,0,-224000,0,0,0,1000,225000,-224000,-224000
067011,嘉基永豐01購03  ,0,0,0,0,0,0,0,0,0,-224000,0,0,0,0,224000,-224000,-224000
066815,華擎兆豐03購01  ,0,0,0,0,0,0,0,0,0,-224000,0,0,0,184000,408000,-224000,-224000
065539,瑞儀統一01購01  ,0,0,0,0,0,0,0,0,0,-224000,0,0,0,1000,225000,-224000,-224000
064898,國產群益9C購01  ,0,0,0,0,0,0,0,0,0,-224000,0,0,0,6000,230000,-224000,-224000
068320,國巨元大01購17  ,0,0,0,0,0,0,0,0,0,-225000,0,0,0,126000,351000,-225000,-225000
068626,帆宣群益02購01  ,0,0,0,0,0,0,0,0,0,-225000,0,0,0,0,225000,-225000,-225000
067495,日月光元大01購04,0,0,0,0,0,0,0,0,0,-226000,0,0,0,95000,321000,-226000,-226000
066178,拓凱凱基01購01  ,0,0,0,0,0,0,0,0,0,-226000,0,0,0,1000,227000,-226000,-226000
060296,和碩元大9A購01  ,0,0,0,0,0,0,0,0,0,-227000,0,0,0,24000,251000,-227000,-227000
066215,惠特統一04購01  ,0,0,0,0,0,0,0,0,0,-227000,0,0,0,0,227000,-227000,-227000
062644,中環國泰9C購01  ,0,0,0,0,0,0,0,0,0,-228000,0,0,0,365000,593000,-228000,-228000
066140,鎧勝群益01購01  ,0,0,0,0,0,0,0,0,0,-228000,0,0,0,32000,260000,-228000,-228000
067036,南電康和01購02  ,0,0,0,0,0,0,0,0,0,-228000,0,0,0,230000,458000,-228000,-228000
067136,京鼎永豐01購01  ,0,0,0,0,0,0,0,0,0,-228000,0,0,0,0,228000,-228000,-228000
065546,景碩兆豐01購01  ,0,0,0,0,0,0,0,0,0,-228000,0,0,0,119000,347000,-228000,-228000
1447,力鵬            ,526000,754000,-228000,0,0,0,0,0,0,0,0,0,0,0,0,0,-228000
068506,GIS元大01購07   ,0,0,0,0,0,0,0,0,0,-229000,0,0,0,0,229000,-229000,-229000
068732,嘉聯益元大02購01,0,0,0,0,0,0,0,0,0,-229000,0,0,0,36000,265000,-229000,-229000
058534,友達統一9B購01  ,0,0,0,0,0,0,0,0,0,-229000,0,0,0,0,229000,-229000,-229000
059986,宏達電元大99購08,0,0,0,0,0,0,0,0,0,-229000,0,0,0,137000,366000,-229000,-229000
064085,儒鴻凱基9C購02  ,0,0,0,0,0,0,0,0,0,-229000,0,0,0,32000,261000,-229000,-229000
061664,上銀中信9A購01  ,0,0,0,0,0,0,0,0,0,-229000,0,0,0,0,229000,-229000,-229000
064723,大立光統一02購04,0,0,0,0,0,0,0,0,0,-229000,0,0,0,0,229000,-229000,-229000
07689P,旺宏元大9A售13  ,0,0,0,0,0,0,0,0,0,-230000,0,0,0,0,230000,-230000,-230000
08243P,祥碩凱基9C售02  ,0,0,0,0,0,0,0,0,0,-230000,0,0,0,99000,329000,-230000,-230000
056109,彩晶永豐98購01  ,0,0,0,0,0,0,0,0,0,-230000,0,0,0,10000,240000,-230000,-230000
060816,世紀鋼凱基9C購02,0,0,0,0,0,0,0,0,0,-230000,0,0,0,25000,255000,-230000,-230000
062344,力山群益9B購02  ,0,0,0,0,0,0,0,0,0,-230000,0,0,0,344000,574000,-230000,-230000
063627,上銀元大9B購09  ,0,0,0,0,0,0,0,0,0,-230000,0,0,0,26000,256000,-230000,-230000
064940,智伸科元富9C購01,0,0,0,0,0,0,0,0,0,-230000,0,0,0,53000,283000,-230000,-230000
065700,京元電群益9C購01,0,0,0,0,0,0,0,0,0,-230000,0,0,0,18000,248000,-230000,-230000
066338,德律永豐01購01  ,0,0,0,0,0,0,0,0,0,-230000,0,0,0,70000,300000,-230000,-230000
068722,瑞昱元大02購02  ,0,0,0,0,0,0,0,0,0,-231000,0,0,0,64000,295000,-231000,-231000
068623,美律群益02購01  ,0,0,0,0,0,0,0,0,0,-231000,0,0,0,230000,461000,-231000,-231000
046949,群創元大99購01  ,0,0,0,0,0,0,0,0,0,-231000,0,0,0,199000,430000,-231000,-231000
066051,景碩元大01購01  ,0,0,0,0,0,0,0,0,0,-231000,0,0,0,259000,490000,-231000,-231000
066617,鎧勝康和01購01  ,0,0,0,0,0,0,0,0,0,-231000,0,0,0,36000,267000,-231000,-231000
065654,台表科元大9C購12,0,0,0,0,0,0,0,0,0,-231000,0,0,0,194000,425000,-231000,-231000
064815,台表科元大01購01,0,0,0,0,0,0,0,0,0,-231000,0,0,0,111000,342000,-231000,-231000
064869,景碩永豐9C購01  ,0,0,0,0,0,0,0,0,0,-232000,0,0,0,52000,284000,-232000,-232000
064640,和大凱基03購01  ,0,0,0,0,0,0,0,0,0,-232000,0,0,0,0,232000,-232000,-232000
067173,京鼎兆豐01購01  ,0,0,0,0,0,0,0,0,0,-232000,0,0,0,60000,292000,-232000,-232000
066232,聯強富邦03購01  ,0,0,0,0,0,0,0,0,0,-232000,0,0,0,67000,299000,-232000,-232000
068034,國揚元富07購01  ,0,0,0,0,0,0,0,0,0,-233000,0,0,0,81000,314000,-233000,-233000
067669,金像電元大02購03,0,0,0,0,0,0,0,0,0,-233000,0,0,0,138000,371000,-233000,-233000
063527,美食凱基01購01  ,0,0,0,0,0,0,0,0,0,-233000,0,0,0,0,233000,-233000,-233000
067081,華擎元大01購05  ,0,0,0,0,0,0,0,0,0,-233000,0,0,0,81000,314000,-233000,-233000
064552,巨大凱基01購01  ,0,0,0,0,0,0,0,0,0,-233000,0,0,0,61000,294000,-233000,-233000
067589,拓凱群益02購01  ,0,0,0,0,0,0,0,0,0,-234000,0,0,0,71000,305000,-234000,-234000
08296P,同欣電元大9C售04,0,0,0,0,0,0,0,0,0,-234000,0,0,0,0,234000,-234000,-234000
00639,富邦深100       ,200000,562000,-362000,0,0,0,0,0,0,128000,0,0,0,1482000,1354000,128000,-234000
066604,台郡富邦04購01  ,0,0,0,0,0,0,0,0,0,-234000,0,0,0,12000,246000,-234000,-234000
068055,鎧勝統一02購02  ,0,0,0,0,0,0,0,0,0,-235000,0,0,0,116000,351000,-235000,-235000
062353,亞德客元大9B購01,0,0,0,0,0,0,0,0,0,-235000,0,0,0,130000,365000,-235000,-235000
065977,旭富元大02購01  ,0,0,0,0,0,0,0,0,0,-235000,0,0,0,121000,356000,-235000,-235000
053276,友達元大9C購01  ,0,0,0,0,0,0,0,0,0,-236000,0,0,0,20000,256000,-236000,-236000
066616,創意康和01購01  ,0,0,0,0,0,0,0,0,0,-237000,0,0,0,44000,281000,-237000,-237000
066013,友訊元富01購02  ,0,0,0,0,0,0,0,0,0,-238000,0,0,0,54000,292000,-238000,-238000
066557,京鼎元大01購01  ,0,0,0,0,0,0,0,0,0,-238000,0,0,0,115000,353000,-238000,-238000
068730,富邦金元大02購01,0,0,0,0,0,0,0,0,0,-239000,0,0,0,11000,250000,-239000,-239000
063761,嘉澤統一02購01  ,0,0,0,0,0,0,0,0,0,-239000,0,0,0,0,239000,-239000,-239000
066213,惠特統一03購01  ,0,0,0,0,0,0,0,0,0,-239000,0,0,0,0,239000,-239000,-239000
067560,聯詠國票02購01  ,0,0,0,0,0,0,0,0,0,-240000,0,0,0,113000,353000,-240000,-240000
067339,欣興凱基02購01  ,10000,5000,5000,0,0,0,0,0,0,-245000,0,0,0,19000,264000,-245000,-240000
057141,嘉聯益兆豐99購01,0,0,0,0,0,0,0,0,0,-240000,0,0,0,20000,260000,-240000,-240000
058740,T50反1日盛9B購02,0,0,0,0,0,0,0,0,0,-240000,0,0,0,1350000,1590000,-240000,-240000
060288,群光元大9C購01  ,0,0,0,0,0,0,0,0,0,-240000,0,0,0,137000,377000,-240000,-240000
059498,滬深2X元富9C購06,0,0,0,0,0,0,0,0,0,-240000,0,0,0,0,240000,-240000,-240000
064264,智伸科永豐9C購01,0,0,0,0,0,0,0,0,0,-240000,0,0,0,4000,244000,-240000,-240000
066148,美利達群益01購02,0,0,0,0,0,0,0,0,0,-240000,0,0,0,0,240000,-240000,-240000
066336,聯陽永豐01購01  ,0,0,0,0,0,0,0,0,0,-240000,0,0,0,27000,267000,-240000,-240000
065948,燿華統一01購02  ,0,0,0,0,0,0,0,0,0,-240000,0,0,0,154000,394000,-240000,-240000
067489,華擎元大01購06  ,0,0,0,0,0,0,0,0,0,-241000,0,0,0,18000,259000,-241000,-241000
064404,奇力新凱基02購01,0,0,0,0,0,0,0,0,0,-241000,0,0,0,10000,251000,-241000,-241000
063839,華通元大9C購02  ,0,0,0,0,0,0,0,0,0,-242000,0,0,0,18000,260000,-242000,-242000
058069,美律凱基99購05  ,0,0,0,0,0,0,0,0,0,-242000,0,0,0,4000,246000,-242000,-242000
055022,精元國泰99購01  ,0,0,0,0,0,0,0,0,0,-242000,0,0,0,138000,380000,-242000,-242000
064830,可成統一9C購04  ,0,0,0,0,0,0,0,0,0,-242000,0,0,0,106000,348000,-242000,-242000
066278,健策元大02購01  ,0,0,0,0,0,0,0,0,0,-242000,0,0,0,28000,270000,-242000,-242000
068477,嘉聯益群益01購02,0,0,0,0,0,0,0,0,0,-243000,0,0,0,306000,549000,-243000,-243000
063664,漢唐統一9C購01  ,0,0,0,0,0,0,0,0,0,-243000,0,0,0,118000,361000,-243000,-243000
066577,巨大元大01購02  ,0,0,0,0,0,0,0,0,0,-244000,0,0,0,78000,322000,-244000,-244000
065990,華擎永豐01購01  ,0,0,0,0,0,0,0,0,0,-244000,0,0,0,78000,322000,-244000,-244000
065224,和大凱基02購02  ,0,0,0,0,0,0,0,0,0,-244000,0,0,0,0,244000,-244000,-244000
060913,宏達電元大9A購03,0,0,0,0,0,0,0,0,0,-245000,0,0,0,28000,273000,-245000,-245000
064192,巨大中信9C購01  ,0,0,0,0,0,0,0,0,0,-247000,0,0,0,30000,277000,-247000,-247000
064888,景碩中信9C購01  ,0,0,0,0,0,0,0,0,0,-247000,0,0,0,134000,381000,-247000,-247000
064854,祥碩麥證9C購01  ,0,0,0,20000,267000,-247000,0,0,0,-247000,0,0,0,20000,267000,-247000,-247000
065480,旭富元大9C購06  ,0,0,0,0,0,0,0,0,0,-247000,0,0,0,0,247000,-247000,-247000
067069,友訊元大01購03  ,0,0,0,0,0,0,0,0,0,-247000,0,0,0,100000,347000,-247000,-247000
2458,義隆            ,1357000,1216200,140800,0,0,0,4304,384000,-379696,-9000,132000,153000,-21000,61000,49000,12000,-247896
067344,鎧勝凱基02購01  ,0,0,0,0,0,0,0,0,0,-248000,0,0,0,130000,378000,-248000,-248000
067631,上銀永豐01購01  ,0,0,0,0,0,0,0,0,0,-248000,0,0,0,40000,288000,-248000,-248000
068584,帆宣永豐01購03  ,0,0,0,0,0,0,0,0,0,-248000,0,0,0,0,248000,-248000,-248000
063659,世紀鋼元富9B購01,0,0,0,0,0,0,0,0,0,-248000,0,0,0,373000,621000,-248000,-248000
066765,揚明光永豐01購01,0,0,0,0,0,0,0,0,0,-249000,0,0,0,0,249000,-249000,-249000
064702,百和群益01購01  ,0,0,0,0,0,0,0,0,0,-249000,0,0,0,96000,345000,-249000,-249000
07457P,宏達電元大9A售01,0,0,0,0,0,0,0,0,0,-250000,0,0,0,200000,450000,-250000,-250000
067726,帆宣凱基01購01  ,0,0,0,0,0,0,0,0,0,-250000,0,0,0,316000,566000,-250000,-250000
068516,聯發科統一05購02,0,0,0,0,0,0,0,0,0,-250000,0,0,0,110000,360000,-250000,-250000
060657,旺宏統一9B購05  ,0,0,0,0,0,0,0,0,0,-250000,0,0,0,0,250000,-250000,-250000
064514,喬山群益9C購01  ,0,0,0,0,0,0,0,0,0,-250000,0,0,0,20000,270000,-250000,-250000
062705,美食元大9B購01  ,0,0,0,0,0,0,0,0,0,-250000,0,0,0,3000,253000,-250000,-250000
065754,健鼎元大9C購06  ,0,0,0,0,0,0,0,0,0,-250000,0,0,0,273000,523000,-250000,-250000
066957,健策元大01購06  ,0,0,0,0,0,0,0,0,0,-250000,0,0,0,12000,262000,-250000,-250000
058645,康控富邦01購01  ,0,0,0,0,0,0,0,0,0,-251000,0,0,0,305000,556000,-251000,-251000
057187,群創元大9B購04  ,0,0,0,0,0,0,0,0,0,-251000,0,0,0,1000,252000,-251000,-251000
03150P,台積電群益03售01,0,0,0,0,0,0,0,0,0,-251000,0,0,0,56000,307000,-251000,-251000
064020,華通元大01購01  ,0,0,0,0,0,0,0,0,0,-251000,0,0,0,34000,285000,-251000,-251000
065834,億豐凱基03購01  ,0,0,0,0,0,0,0,0,0,-251000,0,0,0,114000,365000,-251000,-251000
064593,鈺齊永豐9C購01  ,0,0,0,0,0,0,0,0,0,-251000,0,0,0,6000,257000,-251000,-251000
064906,台表科群益9C購02,0,0,0,0,0,0,0,0,0,-251000,0,0,0,129000,380000,-251000,-251000
8112,至上            ,83000,341000,-258000,0,0,0,6000,0,6000,0,0,0,0,0,0,0,-252000
068434,美律凱基01購03  ,0,0,0,0,0,0,0,0,0,-253000,0,0,0,14000,267000,-253000,-253000
068310,欣興國票03購02  ,0,0,0,0,0,0,0,0,0,-253000,0,0,0,108000,361000,-253000,-253000
068772,欣興統一04購01  ,0,0,0,0,0,0,0,0,0,-253000,0,0,0,150000,403000,-253000,-253000
065525,瑞儀群益01購01  ,0,0,0,0,0,0,0,0,0,-253000,0,0,0,178000,431000,-253000,-253000
067150,聯發科統一02購05,0,0,0,0,0,0,0,0,0,-253000,0,0,0,66000,319000,-253000,-253000
1210,大成            ,153220,387000,-233780,0,0,0,0,0,0,-20000,20000,40000,-20000,0,0,0,-253780
067393,欣興國泰03購02  ,0,0,0,0,0,0,0,0,0,-254000,0,0,0,100000,354000,-254000,-254000
00643,群益深証中小    ,118000,268000,-150000,0,0,0,0,0,0,-104000,0,0,0,155000,259000,-104000,-254000
060946,世紀鋼國票9A購02,0,0,0,0,0,0,0,0,0,-254000,0,0,0,20000,274000,-254000,-254000
062988,儒鴻群益9B購01  ,0,0,0,0,0,0,0,0,0,-254000,0,0,0,0,254000,-254000,-254000
055652,聯詠元富01購01  ,0,0,0,0,0,0,0,0,0,-255000,0,0,0,100000,355000,-255000,-255000
067123,京鼎富邦05購01  ,0,0,0,0,0,0,0,0,0,-255000,0,0,0,40000,295000,-255000,-255000
066848,健策元大01購05  ,0,0,0,0,0,0,0,0,0,-255000,0,0,0,13000,268000,-255000,-255000
066629,國揚凱基01購01  ,0,0,0,0,0,0,0,0,0,-255000,0,0,0,155000,410000,-255000,-255000
068133,鎧勝統一03購01  ,0,0,0,0,0,0,0,0,0,-256000,0,0,0,10000,266000,-256000,-256000
9910,豐泰            ,701294,843798,-142504,0,0,0,1000,118000,-117000,3000,3000,0,3000,0,0,0,-256504
066108,惠特國票02購02  ,0,0,0,0,0,0,0,0,0,-257000,0,0,0,38000,295000,-257000,-257000
063618,智邦兆豐9C購01  ,0,0,0,0,0,0,0,0,0,-258000,0,0,0,194000,452000,-258000,-258000
064106,國巨兆豐9C購04  ,0,0,0,0,0,0,0,0,0,-258000,0,0,0,263000,521000,-258000,-258000
064926,臻鼎統一02購01  ,0,0,0,0,0,0,0,0,0,-258000,0,0,0,184000,442000,-258000,-258000
064977,玉晶光元大01購03,0,0,0,0,0,0,0,0,0,-258000,0,0,0,231000,489000,-258000,-258000
064866,義隆永豐9C購02  ,0,0,0,0,0,0,0,0,0,-258000,0,0,0,22000,280000,-258000,-258000
068520,彩晶統一03購02  ,0,0,0,0,0,0,0,0,0,-259000,0,0,0,121000,380000,-259000,-259000
067789,和碩群益01購01  ,0,0,0,0,0,0,0,0,0,-259000,0,0,0,11000,270000,-259000,-259000
064058,儒鴻麥證01購01  ,0,0,0,0,279000,-279000,0,0,0,-259000,0,0,0,20000,279000,-259000,-259000
065650,旭富元大9C購07  ,0,0,0,0,0,0,0,0,0,-259000,0,0,0,0,259000,-259000,-259000
066677,台泥兆豐03購01  ,0,0,0,0,0,0,0,0,0,-259000,0,0,0,0,259000,-259000,-259000
068553,T50反1元大01購09,0,0,0,0,0,0,0,0,0,-260000,0,0,0,0,260000,-260000,-260000
066683,和碩兆豐01購01  ,0,0,0,0,0,0,0,0,0,-260000,0,0,0,95000,355000,-260000,-260000
063838,上銀元大9C購01  ,0,0,0,0,0,0,0,0,0,-261000,0,0,0,68000,329000,-261000,-261000
063542,泰鼎元富9B購02  ,0,0,0,0,0,0,0,0,0,-261000,0,0,0,19000,280000,-261000,-261000
066685,T50反1元富07購02,0,0,0,0,0,0,0,0,0,-261000,0,0,0,0,261000,-261000,-261000
065978,臻鼎元大02購01  ,0,0,0,0,0,0,0,0,0,-261000,0,0,0,70000,331000,-261000,-261000
068361,惠特凱基03購01  ,0,0,0,0,0,0,0,0,0,-262000,0,0,0,48000,310000,-262000,-262000
068116,欣興元富07購01  ,0,0,0,0,0,0,0,0,0,-262000,0,0,0,0,262000,-262000,-262000
061165,美律兆豐9A購01  ,0,0,0,0,0,0,0,0,0,-262000,0,0,0,0,262000,-262000,-262000
066344,拓凱永豐01購01  ,0,0,0,0,0,0,0,0,0,-262000,0,0,0,2000,264000,-262000,-262000
063793,和大凱基9C購01  ,0,0,0,0,0,0,0,0,0,-263000,0,0,0,10000,273000,-263000,-263000
064328,華通元大9C購04  ,0,0,0,0,0,0,0,0,0,-263000,0,0,0,14000,277000,-263000,-263000
064936,世紀鋼統一9C購02,0,0,0,0,0,0,0,0,0,-263000,0,0,0,0,263000,-263000,-263000
065158,和碩群益9C購01  ,0,0,0,0,0,0,0,0,0,-263000,0,0,0,17000,280000,-263000,-263000
067340,欣興凱基02購02  ,0,0,0,0,0,0,0,0,0,-264000,0,0,0,0,264000,-264000,-264000
057789,上銀統一9A購01  ,0,0,0,0,0,0,0,0,0,-264000,0,0,0,105000,369000,-264000,-264000
061799,奇鋐永豐9B購01  ,0,0,0,0,0,0,0,0,0,-264000,0,0,0,66000,330000,-264000,-264000
066489,京鼎元富04購01  ,0,0,0,0,0,0,0,0,0,-264000,0,0,0,26000,290000,-264000,-264000
1460,宏遠            ,389000,654000,-265000,0,0,0,0,0,0,1000,1000,0,1000,0,0,0,-264000
067305,國產元大01購02  ,0,0,0,0,0,0,0,0,0,-265000,0,0,0,15000,280000,-265000,-265000
058664,百和兆豐99購01  ,0,0,0,0,0,0,0,0,0,-265000,0,0,0,0,265000,-265000,-265000
3017,奇鋐            ,1528907,801000,727907,0,0,0,0,947000,-947000,-46000,82000,0,82000,35000,163000,-128000,-265093
062219,燿華統一9B購01  ,0,0,0,0,0,0,0,0,0,-266000,0,0,0,267000,533000,-266000,-266000
065742,宏達電麥證9C購01,0,0,0,76000,298000,-222000,0,0,0,-266000,0,0,0,98000,364000,-266000,-266000
1907,永豐餘          ,160000,456000,-296000,0,0,0,0,0,0,30000,31000,0,31000,15000,16000,-1000,-266000
8150,南茂            ,434084,697000,-262916,0,0,0,623,0,623,-4000,14000,0,14000,34000,52000,-18000,-266293
068628,台表科群益02購01,0,0,0,0,0,0,0,0,0,-267000,0,0,0,0,267000,-267000,-267000
063049,上海銀兆豐9B購01,0,0,0,0,0,0,0,0,0,-267000,0,0,0,17000,284000,-267000,-267000
063449,全新統一9B購02  ,0,0,0,0,0,0,0,0,0,-267000,0,0,0,4000,271000,-267000,-267000
062878,宏達電兆豐9B購01,0,0,0,0,0,0,0,0,0,-267000,0,0,0,92000,359000,-267000,-267000
068299,華新國票03購01  ,0,0,0,0,0,0,0,0,0,-268000,0,0,0,194000,462000,-268000,-268000
057275,友達元大9A購04  ,0,0,0,0,0,0,0,0,0,-268000,0,0,0,0,268000,-268000,-268000
063029,喬山凱基9B購01  ,0,0,0,0,0,0,0,0,0,-268000,0,0,0,0,268000,-268000,-268000
065858,台表科元大03購01,0,0,0,0,0,0,0,0,0,-268000,0,0,0,139000,407000,-268000,-268000
065817,聯發科元富03購08,0,0,0,0,0,0,0,0,0,-268000,0,0,0,432000,700000,-268000,-268000
066596,健策群益02購01  ,0,0,0,0,0,0,0,0,0,-268000,0,0,0,33000,301000,-268000,-268000
068672,聯發科統一02購10,0,0,0,0,0,0,0,0,0,-269000,0,0,0,131000,400000,-269000,-269000
065957,華擎統一03購02  ,0,0,0,0,0,0,0,0,0,-269000,0,0,0,13000,282000,-269000,-269000
068479,帆宣群益01購02  ,0,0,0,0,0,0,0,0,0,-270000,0,0,0,0,270000,-270000,-270000
066040,友訊元大01購02  ,0,0,0,0,0,0,0,0,0,-270000,0,0,0,100000,370000,-270000,-270000
066186,台郡凱基02購01  ,0,0,0,0,0,0,0,0,0,-270000,0,0,0,73000,343000,-270000,-270000
064625,健策元大01購02  ,0,0,0,0,0,0,0,0,0,-270000,0,0,0,31000,301000,-270000,-270000
8104,錸寶            ,318000,593000,-275000,0,0,0,0,0,0,5000,5000,0,5000,0,0,0,-270000
3006,晶豪科          ,237000,262000,-25000,0,0,0,0,0,0,-245000,6000,0,6000,0,251000,-251000,-270000
063226,康控群益9B購03  ,0,0,0,0,0,0,0,0,0,-271000,0,0,0,55000,326000,-271000,-271000
2606,裕民            ,144000,403000,-259000,0,0,0,0,0,0,-12000,0,0,0,0,12000,-12000,-271000
063638,華新科元大9B購14,0,0,0,0,0,0,0,0,0,-272000,0,0,0,181000,453000,-272000,-272000
061121,智邦永豐9A購02  ,0,0,0,0,0,0,0,0,0,-272000,0,0,0,226000,498000,-272000,-272000
064791,友達國票9C購01  ,0,0,0,0,0,0,0,0,0,-272000,0,0,0,0,272000,-272000,-272000
066448,眾達群益01購01  ,0,0,0,0,0,0,0,0,0,-273000,0,0,0,131000,404000,-273000,-273000
5203,訊連            ,51000,322000,-271000,0,0,0,0,0,0,-2000,0,0,0,0,2000,-2000,-273000
057376,新日興元大98購04,0,0,0,0,0,0,0,0,0,-274000,0,0,0,0,274000,-274000,-274000
064426,群創兆豐9C購01  ,0,0,0,0,0,0,0,0,0,-274000,0,0,0,27000,301000,-274000,-274000
066080,台光電國泰03購01,0,0,0,0,0,0,0,0,0,-274000,0,0,0,105000,379000,-274000,-274000
066736,京鼎元大01購02  ,0,0,0,0,0,0,0,0,0,-274000,0,0,0,172000,446000,-274000,-274000
067176,健策麥證02購02  ,0,0,0,0,277000,-277000,0,0,0,-274000,0,0,0,3000,277000,-274000,-274000
067640,欣興統一02購03  ,0,0,0,0,0,0,0,0,0,-275000,0,0,0,203000,478000,-275000,-275000
058248,聯茂元大99購05  ,0,0,0,0,0,0,0,0,0,-275000,0,0,0,2000,277000,-275000,-275000
064447,喬山統一02購01  ,0,0,0,0,0,0,0,0,0,-275000,0,0,0,0,275000,-275000,-275000
063750,和鑫國票9B購01  ,0,0,0,0,0,0,0,0,0,-275000,0,0,0,10000,285000,-275000,-275000
066037,華通元大01購03  ,0,0,0,0,0,0,0,0,0,-275000,0,0,0,27000,302000,-275000,-275000
064658,喬山元大9C購01  ,0,0,0,0,0,0,0,0,0,-275000,0,0,0,0,275000,-275000,-275000
067542,旭富群益01購03  ,0,0,0,0,0,0,0,0,0,-276000,0,0,0,1000,277000,-276000,-276000
068498,玉晶光元大01購16,0,0,0,0,0,0,0,0,0,-276000,0,0,0,112000,388000,-276000,-276000
057863,美律凱基9A購01  ,0,0,0,0,0,0,0,0,0,-276000,0,0,0,30000,306000,-276000,-276000
059181,世紀鋼元富9C購01,0,0,0,0,0,0,0,0,0,-276000,0,0,0,110000,386000,-276000,-276000
064809,冠德元大9C購01  ,0,0,0,0,0,0,0,0,0,-276000,0,0,0,81000,357000,-276000,-276000
066153,南帝康和01購01  ,0,0,0,0,0,0,0,0,0,-276000,0,0,0,68000,344000,-276000,-276000
1216,統一            ,3780631,3550425,230206,0,0,0,6000,500000,-494000,-13000,4000,49000,-45000,32000,0,32000,-276794
061892,亞德客永豐9B購01,0,0,0,0,0,0,0,0,0,-277000,0,0,0,7000,284000,-277000,-277000
063342,台光電統一9B購02,0,0,0,0,0,0,0,0,0,-277000,0,0,0,30000,307000,-277000,-277000
066869,聯發科元富07購02,0,0,0,0,0,0,0,0,0,-277000,0,0,0,1000000,1277000,-277000,-277000
068075,欣興凱基01購04  ,0,0,0,0,0,0,0,0,0,-278000,0,0,0,144000,422000,-278000,-278000
08478P,臺股指凱基9C售16,0,0,0,0,0,0,0,0,0,-278000,0,0,0,40000,318000,-278000,-278000
08644P,臺股指中信02售02,0,0,0,0,0,0,0,0,0,-278000,0,0,0,117000,395000,-278000,-278000
061244,和碩兆豐9A購01  ,0,0,0,0,0,0,0,0,0,-278000,0,0,0,18000,296000,-278000,-278000
067070,友訊元大01購04  ,0,0,0,0,0,0,0,0,0,-278000,0,0,0,335000,613000,-278000,-278000
066102,國揚國票02購01  ,0,0,0,0,0,0,0,0,0,-278000,0,0,0,90000,368000,-278000,-278000
08140P,祥碩元大9B售07  ,0,0,0,0,0,0,0,0,0,-279000,0,0,0,503000,782000,-279000,-279000
07114P,旺宏兆豐9A售01  ,0,0,0,0,0,0,0,0,0,-279000,0,0,0,6000,285000,-279000,-279000
067937,玉晶光凱基02購04,0,0,0,0,0,0,0,0,0,-279000,0,0,0,252000,531000,-279000,-279000
068255,鎧勝元大01購05  ,0,0,0,0,0,0,0,0,0,-279000,0,0,0,54000,333000,-279000,-279000
067291,可成兆豐01購01  ,0,0,0,0,0,0,0,0,0,-279000,0,0,0,0,279000,-279000,-279000
059920,宏達電元大99購07,0,0,0,0,0,0,0,0,0,-279000,0,0,0,54000,333000,-279000,-279000
062337,台表科統一01購01,0,0,0,0,0,0,0,0,0,-279000,0,0,0,0,279000,-279000,-279000
068165,南電元大01購08  ,0,0,0,0,0,0,0,0,0,-280000,0,0,0,233000,513000,-280000,-280000
062434,華通元大9B購04  ,0,0,0,0,0,0,0,0,0,-280000,0,0,0,84000,364000,-280000,-280000
064230,上銀統一01購04  ,0,0,0,0,0,0,0,0,0,-280000,0,0,0,199000,479000,-280000,-280000
066755,永光永豐01購02  ,0,0,0,0,0,0,0,0,0,-280000,0,0,0,7000,287000,-280000,-280000
056395,玉晶光永豐9B購01,0,0,0,0,0,0,0,0,0,-281000,0,0,0,32000,313000,-281000,-281000
065540,台表科統一02購05,0,0,0,0,0,0,0,0,0,-281000,0,0,0,102000,383000,-281000,-281000
068497,緯創元大01購05  ,0,0,0,0,0,0,0,0,0,-282000,0,0,0,20000,302000,-282000,-282000
067814,緯創凱基01購02  ,0,0,0,0,0,0,0,0,0,-282000,0,0,0,31000,313000,-282000,-282000
060807,新光金群益9A購01,0,0,0,0,0,0,0,0,0,-282000,0,0,0,0,282000,-282000,-282000
063310,和大群益9B購02  ,0,0,0,0,0,0,0,0,0,-282000,0,0,0,28000,310000,-282000,-282000
066667,群創凱基03購03  ,0,0,0,0,0,0,0,0,0,-282000,0,0,0,0,282000,-282000,-282000
067625,欣興富邦03購01  ,0,0,0,0,0,0,0,0,0,-283000,0,0,0,594000,877000,-283000,-283000
08633P,聯發科元大9C售20,0,0,0,0,0,0,0,0,0,-283000,0,0,0,47000,330000,-283000,-283000
057385,光罩永豐99購01  ,0,0,0,0,0,0,0,0,0,-283000,0,0,0,178000,461000,-283000,-283000
059096,百和元大99購04  ,0,0,0,0,0,0,0,0,0,-283000,0,0,0,0,283000,-283000,-283000
065485,巨大元大9C購02  ,0,0,0,0,0,0,0,0,0,-283000,0,0,0,146000,429000,-283000,-283000
068076,欣興凱基01購05  ,0,0,0,0,0,0,0,0,0,-284000,0,0,0,161000,445000,-284000,-284000
063764,上銀元富9B購08  ,0,0,0,0,0,0,0,0,0,-284000,0,0,0,34000,318000,-284000,-284000
066012,友訊元富01購01  ,0,0,0,0,0,0,0,0,0,-284000,0,0,0,69000,353000,-284000,-284000
066160,美利達康和01購01,0,0,0,0,0,0,0,0,0,-284000,0,0,0,4000,288000,-284000,-284000
065849,景碩元大9C購03  ,0,0,0,0,0,0,0,0,0,-285000,0,0,0,52000,337000,-285000,-285000
057972,群創富邦9C購01  ,0,0,0,0,0,0,0,0,0,-286000,0,0,0,28000,314000,-286000,-286000
065522,旭富群益9C購03  ,0,0,0,0,0,0,0,0,0,-286000,0,0,0,10000,296000,-286000,-286000
066959,新唐元大01購01  ,0,0,0,0,0,0,0,0,0,-286000,0,0,0,171000,457000,-286000,-286000
066095,友訊中信05購01  ,0,0,0,0,0,0,0,0,0,-287000,0,0,0,52000,339000,-287000,-287000
067391,健策元富01購02  ,0,0,0,0,0,0,0,0,0,-288000,0,0,0,9000,297000,-288000,-288000
060144,全新國票9B購01  ,0,0,0,0,0,0,0,0,0,-288000,0,0,0,18000,306000,-288000,-288000
064921,景碩統一02購01  ,0,0,0,0,0,0,0,0,0,-288000,0,0,0,67000,355000,-288000,-288000
060890,大立光統一01購01,0,0,0,0,0,0,0,0,0,-290000,0,0,0,126000,416000,-290000,-290000
03017X,元展17          ,0,0,0,0,0,0,0,0,0,-290000,0,0,0,0,290000,-290000,-290000
065674,華擎凱基9C購03  ,0,0,0,0,0,0,0,0,0,-290000,0,0,0,96000,386000,-290000,-290000
068275,健策永豐01購04  ,0,0,0,0,0,0,0,0,0,-291000,0,0,0,3000,294000,-291000,-291000
057286,群創元大9B購05  ,0,0,0,0,0,0,0,0,0,-291000,0,0,0,100000,391000,-291000,-291000
065360,和大元大01購03  ,0,0,0,0,0,0,0,0,0,-291000,0,0,0,0,291000,-291000,-291000
068114,富邦金元富07購01,0,0,0,0,0,0,0,0,0,-292000,0,0,0,0,292000,-292000,-292000
068537,信邦中信01購01  ,0,0,0,0,0,0,0,0,0,-292000,0,0,0,0,292000,-292000,-292000
064359,華通統一9C購05  ,0,0,0,0,0,0,0,0,0,-292000,0,0,0,41000,333000,-292000,-292000
068072,聯發科凱基01購18,0,0,0,0,0,0,0,0,0,-293000,0,0,0,30000,323000,-293000,-293000
068333,緯創元大01購04  ,0,0,0,0,0,0,0,0,0,-293000,0,0,0,14000,307000,-293000,-293000
053764,A50正2富邦99購01,0,0,0,0,0,0,0,0,0,-293000,0,0,0,23000,316000,-293000,-293000
060169,群電永豐9A購01  ,0,0,0,0,0,0,0,0,0,-293000,0,0,0,0,293000,-293000,-293000
063707,儒鴻凱基9C購01  ,0,0,0,0,0,0,0,0,0,-293000,0,0,0,168000,461000,-293000,-293000
066506,宏達電富邦03購01,0,0,0,0,0,0,0,0,0,-293000,0,0,0,2000,295000,-293000,-293000
064369,彩晶統一01購01  ,0,0,0,0,0,0,0,0,0,-294000,0,0,0,236000,530000,-294000,-294000
066453,嘉基群益01購01  ,0,0,0,0,0,0,0,0,0,-294000,0,0,0,23000,317000,-294000,-294000
064029,宏達電元大9C購01,0,0,0,0,0,0,0,0,0,-295000,0,0,0,100000,395000,-295000,-295000
066518,惠特永豐01購02  ,0,0,0,0,0,0,0,0,0,-295000,0,0,0,0,295000,-295000,-295000
066702,開發金群益03購01,0,0,0,0,0,0,0,0,0,-295000,0,0,0,0,295000,-295000,-295000
065414,立積永豐9C購01  ,0,0,0,0,0,0,0,0,0,-295000,0,0,0,10000,305000,-295000,-295000
068394,GIS統一03購02   ,0,0,0,0,0,0,0,0,0,-296000,0,0,0,0,296000,-296000,-296000
064638,儒鴻凱基9C購03  ,0,0,0,0,0,0,0,0,0,-296000,0,0,0,0,296000,-296000,-296000
066654,上証2X凱基03購02,0,0,0,0,0,0,0,0,0,-296000,0,0,0,16000,312000,-296000,-296000
068158,緯創元大01購03  ,0,0,0,0,0,0,0,0,0,-297000,0,0,0,53000,350000,-297000,-297000
059294,宏達電元富9B購02,0,0,0,0,0,0,0,0,0,-297000,0,0,0,150000,447000,-297000,-297000
066987,旭富群益01購01  ,0,0,0,0,0,0,0,0,0,-297000,0,0,0,0,297000,-297000,-297000
065330,億豐凱基9C購03  ,0,0,0,0,0,0,0,0,0,-297000,0,0,0,31000,328000,-297000,-297000
3704,合勤控          ,533000,993000,-460000,0,0,0,0,0,0,163000,0,9000,-9000,172000,0,172000,-297000
067341,欣興凱基03購01  ,0,0,0,0,0,0,0,0,0,-298000,0,0,0,149000,447000,-298000,-298000
057287,彩晶元大9C購03  ,0,0,0,0,0,0,0,0,0,-298000,0,0,0,6000,304000,-298000,-298000
063477,訊芯元大9B購01  ,0,0,0,0,0,0,0,0,0,-298000,0,0,0,18000,316000,-298000,-298000
066991,訊芯群益01購01  ,0,0,0,0,0,0,0,0,0,-298000,0,0,0,1000,299000,-298000,-298000
2375,凱美            ,59000,317000,-258000,0,0,0,0,0,0,-40000,0,2000,-2000,0,38000,-38000,-298000
067163,眾達國票02購01  ,0,0,0,0,0,0,0,0,0,-299000,0,0,0,25000,324000,-299000,-299000
065955,健鼎統一01購03  ,0,0,0,0,0,0,0,0,0,-299000,0,0,0,0,299000,-299000,-299000
066139,拓凱群益01購01  ,0,0,0,0,0,0,0,0,0,-299000,0,0,0,5000,304000,-299000,-299000
067850,台郡元富07購01  ,0,0,0,0,0,0,0,0,0,-300000,0,0,0,30000,330000,-300000,-300000
068078,緯創凱基02購01  ,0,0,0,0,0,0,0,0,0,-300000,0,0,0,33000,333000,-300000,-300000
08152P,祥碩統一9B售02  ,0,0,0,0,0,0,0,0,0,-300000,0,0,0,20000,320000,-300000,-300000
058646,聯茂富邦9A購01  ,0,0,0,0,0,0,0,0,0,-300000,0,0,0,10000,310000,-300000,-300000
058527,世紀鋼元大99購01,0,0,0,0,0,0,0,0,0,-300000,0,0,0,52000,352000,-300000,-300000
063592,瑞祺永豐9B購02  ,0,0,0,0,0,0,0,0,0,-300000,0,0,0,235000,535000,-300000,-300000
062607,美食凱基9B購01  ,0,0,0,0,0,0,0,0,0,-300000,0,0,0,0,300000,-300000,-300000
065306,泰鼎元富9C購02  ,0,0,0,0,0,0,0,0,0,-300000,0,0,0,9000,309000,-300000,-300000
08315P,台積電元大9C售08,0,0,0,0,0,0,0,0,0,-301000,0,0,0,184000,485000,-301000,-301000
062215,華通統一9B購01  ,0,0,0,0,0,0,0,0,0,-301000,0,0,0,725000,1026000,-301000,-301000
065939,創意群益01購01  ,0,0,0,0,0,0,0,0,0,-301000,0,0,0,78000,379000,-301000,-301000
064900,景碩群益01購01  ,0,0,0,0,0,0,0,0,0,-301000,0,0,0,53000,354000,-301000,-301000
067178,京鼎康和01購01  ,0,0,0,0,0,0,0,0,0,-301000,0,0,0,0,301000,-301000,-301000
067194,惠特凱基01購03  ,0,0,0,0,0,0,0,0,0,-302000,0,0,0,3000,305000,-302000,-302000
065442,健鼎麥證9C購01  ,0,0,0,0,302000,-302000,0,0,0,-302000,0,0,0,0,302000,-302000,-302000
067891,玉晶光群益02購05,0,0,0,0,0,0,0,0,0,-303000,0,0,0,73000,376000,-303000,-303000
062801,宏達電統一01購01,0,0,0,0,0,0,0,0,0,-303000,0,0,0,0,303000,-303000,-303000
066597,緯穎群益02購01  ,0,0,0,0,0,0,0,0,0,-303000,0,0,0,24000,327000,-303000,-303000
08419P,元金2X群益9C售01,0,0,0,0,0,0,0,0,0,-304000,0,0,0,2000,306000,-304000,-304000
062602,華通麥證9C購01  ,0,0,0,0,304000,-304000,0,0,0,-304000,0,0,0,0,304000,-304000,-304000
066218,美利達統一03購02,0,0,0,0,0,0,0,0,0,-304000,0,0,0,36000,340000,-304000,-304000
062655,漢唐永豐9B購01  ,0,0,0,0,0,0,0,0,0,-305000,0,0,0,100000,405000,-305000,-305000
064314,信邦群益9C購01  ,0,0,0,0,0,0,0,0,0,-305000,0,0,0,0,305000,-305000,-305000
066358,美利達永豐01購01,0,0,0,0,0,0,0,0,0,-305000,0,0,0,11000,316000,-305000,-305000
064703,T50反1國泰01購01,0,0,0,0,0,0,0,0,0,-305000,0,0,0,10000,315000,-305000,-305000
1444,力麗            ,85000,390000,-305000,0,0,0,0,0,0,0,0,0,0,0,0,0,-305000
068728,宏達電元大02購03,0,0,0,0,0,0,0,0,0,-306000,0,0,0,43000,349000,-306000,-306000
067853,京鼎國票02購01  ,0,0,0,0,0,0,0,0,0,-306000,0,0,0,0,306000,-306000,-306000
067366,巨大群益01購01  ,0,0,0,0,0,0,0,0,0,-306000,0,0,0,15000,321000,-306000,-306000
058769,友達兆豐99購01  ,0,0,0,0,0,0,0,0,0,-306000,0,0,0,89000,395000,-306000,-306000
065862,世紀鋼元大9C購06,0,0,0,0,0,0,0,0,0,-306000,0,0,0,24000,330000,-306000,-306000
068816,美律元大02購02  ,0,0,0,0,0,0,0,0,0,-307000,0,0,0,0,307000,-307000,-307000
066725,華通元大01購05  ,0,0,0,0,0,0,0,0,0,-307000,0,0,0,69000,376000,-307000,-307000
067041,國巨凱基04購02  ,0,0,0,0,0,0,0,0,0,-307000,0,0,0,10000,317000,-307000,-307000
060628,和大富邦9B購01  ,0,0,0,0,0,0,0,0,0,-308000,0,0,0,8000,316000,-308000,-308000
062885,臻鼎兆豐9C購01  ,0,0,0,0,0,0,0,0,0,-308000,0,0,0,10000,318000,-308000,-308000
065810,台表科群益9C購05,0,0,0,0,0,0,0,0,0,-308000,0,0,0,2000,310000,-308000,-308000
03043P,健策國票03售01  ,0,0,0,0,0,0,0,0,0,-309000,0,0,0,0,309000,-309000,-309000
063397,廣達群益9B購02  ,0,0,0,0,0,0,0,0,0,-309000,0,0,0,0,309000,-309000,-309000
067845,美食元富04購01  ,0,0,0,0,0,0,0,0,0,-310000,0,0,0,0,310000,-310000,-310000
065467,臺指反元大03購03,0,0,0,0,0,0,0,0,0,-310000,0,0,0,0,310000,-310000,-310000
067030,南電兆豐03購01  ,0,0,0,0,0,0,0,0,0,-310000,0,0,0,133000,443000,-310000,-310000
068355,美律凱基01購02  ,0,0,0,0,0,0,0,0,0,-311000,0,0,0,70000,381000,-311000,-311000
067155,健策統一02購01  ,0,0,0,0,0,0,0,0,0,-311000,0,0,0,18000,329000,-311000,-311000
064909,華擎麥證9C購01  ,0,0,0,0,311000,-311000,0,0,0,-311000,0,0,0,0,311000,-311000,-311000
067868,欣興元大01購07  ,0,0,0,0,0,0,0,0,0,-313000,0,0,0,219000,532000,-313000,-313000
063654,上銀元富9B購05  ,0,0,0,0,0,0,0,0,0,-313000,0,0,0,150000,463000,-313000,-313000
066486,台光電元富01購02,0,0,0,0,0,0,0,0,0,-313000,0,0,0,33000,346000,-313000,-313000
059931,緯穎富邦9A購01  ,0,0,0,0,0,0,0,0,0,-314000,0,0,0,6000,320000,-314000,-314000
9188,精熙-DR         ,26000,340000,-314000,0,0,0,0,0,0,0,0,0,0,0,0,0,-314000
067346,巨大凱基02購01  ,0,0,0,0,0,0,0,0,0,-315000,0,0,0,98000,413000,-315000,-315000
08609P,世紀鋼永豐9C售03,0,0,0,0,0,0,0,0,0,-315000,0,0,0,10000,325000,-315000,-315000
066027,華擎群益02購01  ,0,0,0,0,0,0,0,0,0,-315000,0,0,0,0,315000,-315000,-315000
066960,盛群元大01購01  ,0,0,0,0,0,0,0,0,0,-315000,0,0,0,58000,373000,-315000,-315000
064579,大立光富邦03購02,0,0,0,0,0,0,0,0,0,-315000,0,0,0,0,315000,-315000,-315000
08986P,聯發科元富07售06,0,0,0,0,0,0,0,0,0,-315000,0,0,0,31000,346000,-315000,-315000
065461,台光電中信9C購01,0,0,0,0,0,0,0,0,0,-316000,0,0,0,37000,353000,-316000,-316000
08693P,宏達電群益01售02,0,0,0,0,0,0,0,0,0,-317000,0,0,0,10000,327000,-317000,-317000
08685P,南電凱基01售03  ,0,0,0,0,0,0,0,0,0,-317000,0,0,0,0,317000,-317000,-317000
068579,GIS國泰03購01   ,0,0,0,0,0,0,0,0,0,-317000,0,0,0,4000,321000,-317000,-317000
059097,世紀鋼元大99購05,0,0,0,0,0,0,0,0,0,-317000,0,0,0,185000,502000,-317000,-317000
066129,佳世達群益01購01,0,0,0,0,0,0,0,0,0,-317000,0,0,0,26000,343000,-317000,-317000
064102,宏達電群益9C購01,0,0,0,0,0,0,0,0,0,-318000,0,0,0,35000,353000,-318000,-318000
1732,毛寶            ,130000,448000,-318000,0,0,0,0,0,0,0,1000,1000,0,0,0,0,-318000
07792P,牧德元大9A售04  ,0,0,0,0,0,0,0,0,0,-319000,0,0,0,24000,343000,-319000,-319000
056472,美律元大99購03  ,0,0,0,0,0,0,0,0,0,-319000,0,0,0,15000,334000,-319000,-319000
065517,緯創群益9C購02  ,0,0,0,0,0,0,0,0,0,-319000,0,0,0,97000,416000,-319000,-319000
065033,和碩兆豐9C購01  ,0,0,0,0,0,0,0,0,0,-319000,0,0,0,41000,360000,-319000,-319000
2027,大成鋼          ,195000,594000,-399000,0,0,0,0,0,0,80000,0,0,0,88000,8000,80000,-319000
067547,儒鴻中信01購01  ,0,0,0,0,0,0,0,0,0,-320000,0,0,0,30000,350000,-320000,-320000
067903,申豐群益01購01  ,0,0,0,0,0,0,0,0,0,-320000,0,0,0,9000,329000,-320000,-320000
061972,華新元大9B購01  ,0,0,0,0,0,0,0,0,0,-320000,0,0,0,42000,362000,-320000,-320000
056136,京鼎元大98購01  ,0,0,0,0,0,0,0,0,0,-321000,0,0,0,99000,420000,-321000,-321000
066256,華通元大02購02  ,0,0,0,0,0,0,0,0,0,-321000,0,0,0,102000,423000,-321000,-321000
067045,聯發科凱基02購05,0,0,0,0,0,0,0,0,0,-321000,0,0,0,134000,455000,-321000,-321000
068760,精元永豐02購01  ,0,0,0,0,0,0,0,0,0,-322000,0,0,0,10000,332000,-322000,-322000
03121P,聯電元大01售04  ,0,0,0,0,0,0,0,0,0,-322000,0,0,0,470000,792000,-322000,-322000
061006,新光金兆豐9A購01,0,0,0,0,0,0,0,0,0,-322000,0,0,0,0,322000,-322000,-322000
067848,臻鼎元富07購01  ,0,0,0,0,0,0,0,0,0,-323000,0,0,0,85000,408000,-323000,-323000
065214,友達國泰01購01  ,0,0,0,0,0,0,0,0,0,-323000,0,0,0,30000,353000,-323000,-323000
067424,美律凱基02購02  ,0,0,0,0,0,0,0,0,0,-324000,0,0,0,20000,344000,-324000,-324000
061080,華邦電兆豐9B購01,0,0,0,0,0,0,0,0,0,-324000,0,0,0,35000,359000,-324000,-324000
058896,中環元大99購03  ,0,0,0,0,0,0,0,0,0,-325000,0,0,0,0,325000,-325000,-325000
063569,美食元大9B購03  ,0,0,0,0,0,0,0,0,0,-325000,0,0,0,0,325000,-325000,-325000
064737,中石化國票01購01,0,0,0,0,0,0,0,0,0,-325000,0,0,0,0,325000,-325000,-325000
065255,上銀元大01購01  ,0,0,0,0,0,0,0,0,0,-325000,0,0,0,64000,389000,-325000,-325000
066501,鴻海富邦03購01  ,0,0,0,0,0,0,0,0,0,-325000,0,0,0,80000,405000,-325000,-325000
067345,美利達凱基02購01,0,0,0,0,0,0,0,0,0,-326000,0,0,0,1000,327000,-326000,-326000
08744P,臺股指凱基02售05,0,0,0,0,0,0,0,0,0,-326000,0,0,0,219000,545000,-326000,-326000
066737,創意元大01購05  ,0,0,0,0,0,0,0,0,0,-326000,0,0,0,285000,611000,-326000,-326000
065448,緯創統一9C購01  ,0,0,0,0,0,0,0,0,0,-326000,0,0,0,68000,394000,-326000,-326000
08466P,旺宏統一9C售03  ,0,0,0,0,0,0,0,0,0,-327000,0,0,0,82000,409000,-327000,-327000
066075,景碩凱基02購01  ,0,0,0,0,0,0,0,0,0,-327000,0,0,0,24000,351000,-327000,-327000
6412,群電            ,86040,236362,-150322,0,0,0,0,206000,-206000,29000,0,0,0,29000,0,29000,-327322
064845,華通元富9C購02  ,0,0,0,0,0,0,0,0,0,-328000,0,0,0,1000,329000,-328000,-328000
07616P,瑞昱中信02售01  ,0,0,0,0,0,0,0,0,0,-329000,0,0,0,0,329000,-329000,-329000
057536,康控元大99購03  ,0,0,0,0,0,0,0,0,0,-329000,0,0,0,7000,336000,-329000,-329000
063204,高鐵統一9C購01  ,0,0,0,0,0,0,0,0,0,-329000,0,0,0,0,329000,-329000,-329000
067743,緯創元大01購02  ,0,0,0,0,0,0,0,0,0,-331000,0,0,0,160000,491000,-331000,-331000
066907,聯發科凱基03購04,0,0,0,0,0,0,0,0,0,-331000,0,0,0,161000,492000,-331000,-331000
066270,國揚元大01購01  ,0,0,0,0,0,0,0,0,0,-332000,0,0,0,11000,343000,-332000,-332000
065178,和碩元大9C購01  ,0,0,0,0,0,0,0,0,0,-332000,0,0,0,73000,405000,-332000,-332000
068139,亞德客元大01購05,0,0,0,0,0,0,0,0,0,-333000,0,0,0,65000,398000,-333000,-333000
08055P,臺股指國票9B售20,0,0,0,0,0,0,0,0,0,-333000,0,0,0,0,333000,-333000,-333000
08231P,上銀元富9B售10  ,0,0,0,0,0,0,0,0,0,-333000,0,0,0,148000,481000,-333000,-333000
08872P,臺股指群益01售05,0,0,0,0,0,0,0,0,0,-333000,0,0,0,0,333000,-333000,-333000
062684,華新科統一01購02,0,0,0,0,0,0,0,0,0,-333000,0,0,0,220000,553000,-333000,-333000
063705,臻鼎群益9B購03  ,0,0,0,0,0,0,0,0,0,-333000,0,0,0,0,333000,-333000,-333000
064981,致伸元大9C購01  ,0,0,0,0,0,0,0,0,0,-333000,0,0,0,0,333000,-333000,-333000
066763,創意永豐01購02  ,0,0,0,0,0,0,0,0,0,-333000,0,0,0,26000,359000,-333000,-333000
067187,聯陽凱基01購02  ,0,0,0,0,0,0,0,0,0,-333000,0,0,0,0,333000,-333000,-333000
08300P,世芯國票01售01  ,0,0,0,0,0,0,0,0,0,-334000,0,0,0,120000,454000,-334000,-334000
068124,康友元富07購01  ,0,0,0,0,0,0,0,0,0,-334000,0,0,0,3000,337000,-334000,-334000
062678,華通統一9C購04  ,0,0,0,0,0,0,0,0,0,-334000,0,0,0,153000,487000,-334000,-334000
066249,生達元大01購01  ,0,0,0,0,0,0,0,0,0,-334000,0,0,0,197000,531000,-334000,-334000
066879,智伸科富邦03購01,0,0,0,0,0,0,0,0,0,-335000,0,0,0,100000,435000,-335000,-335000
065190,緯穎統一9C購02  ,0,0,0,0,0,0,0,0,0,-335000,0,0,0,40000,375000,-335000,-335000
065756,緯創元大9C購05  ,0,0,0,0,0,0,0,0,0,-335000,0,0,0,251000,586000,-335000,-335000
065760,和碩元大9C購02  ,0,0,0,0,0,0,0,0,0,-335000,0,0,0,5000,340000,-335000,-335000
067380,華擎統一02購02  ,0,0,0,0,0,0,0,0,0,-336000,0,0,0,150000,486000,-336000,-336000
063662,上銀統一01購03  ,0,0,0,0,0,0,0,0,0,-336000,0,0,0,30000,366000,-336000,-336000
063384,巨大永豐9B購04  ,0,0,0,0,0,0,0,0,0,-336000,0,0,0,40000,376000,-336000,-336000
064520,京鼎群益02購01  ,0,0,0,0,0,0,0,0,0,-336000,0,0,0,3000,339000,-336000,-336000
066144,惠特群益01購02  ,0,0,0,0,0,0,0,0,0,-336000,0,0,0,0,336000,-336000,-336000
2362,藍天            ,47000,370000,-323000,0,0,0,0,0,0,-13000,1000,0,1000,0,14000,-14000,-336000
2823,中壽            ,1797998,1938790,-140792,0,0,0,4000,7000,-3000,-193000,0,200000,-200000,60000,53000,7000,-336792
064427,喬山凱基01購01  ,0,0,0,0,0,0,0,0,0,-337000,0,0,0,1000,338000,-337000,-337000
067386,巨大統一02購02  ,0,0,0,0,0,0,0,0,0,-338000,0,0,0,20000,358000,-338000,-338000
00875,國泰網路資安    ,2000,2000,0,0,0,0,0,0,0,-338000,0,0,0,219000,557000,-338000,-338000
063610,儒鴻群益9B購02  ,0,0,0,0,0,0,0,0,0,-339000,0,0,0,40000,379000,-339000,-339000
067863,國巨元大02購05  ,0,0,0,0,0,0,0,0,0,-340000,0,0,0,286000,626000,-340000,-340000
067666,國巨元大02購03  ,0,0,0,0,0,0,0,0,0,-340000,0,0,0,180000,520000,-340000,-340000
068655,台積電元大02購08,0,0,0,0,0,0,0,0,0,-340000,0,0,0,20000,360000,-340000,-340000
056361,美律元大99購02  ,0,0,0,0,0,0,0,0,0,-340000,0,0,0,45000,385000,-340000,-340000
057592,美律兆豐99購01  ,0,0,0,0,0,0,0,0,0,-340000,0,0,0,0,340000,-340000,-340000
063133,喬山統一01購01  ,0,0,0,0,0,0,0,0,0,-340000,0,0,0,150000,490000,-340000,-340000
067255,日月光國票02購01,0,0,0,0,0,0,0,0,0,-341000,0,0,0,380000,721000,-341000,-341000
057985,華通元富02購03  ,0,0,0,0,0,0,0,0,0,-341000,0,0,0,4000,345000,-341000,-341000
068334,玉晶光元大01購14,0,0,0,0,0,0,0,0,0,-342000,0,0,0,100000,442000,-342000,-342000
08607P,聯發科富邦03售04,0,0,0,0,0,0,0,0,0,-342000,0,0,0,218000,560000,-342000,-342000
060733,和大統一9C購01  ,0,0,0,0,0,0,0,0,0,-342000,0,0,0,189000,531000,-342000,-342000
066372,惠特中信01購01  ,0,0,0,0,0,0,0,0,0,-342000,0,0,0,79000,421000,-342000,-342000
066356,嘉基永豐01購01  ,0,0,0,0,0,0,0,0,0,-343000,0,0,0,0,343000,-343000,-343000
067765,百和永豐01購01  ,0,0,0,0,0,0,0,0,0,-344000,0,0,0,14000,358000,-344000,-344000
063270,喬山兆豐9C購01  ,0,0,0,0,0,0,0,0,0,-344000,0,0,0,85000,429000,-344000,-344000
068504,訊芯元大01購02  ,0,0,0,0,0,0,0,0,0,-345000,0,0,0,0,345000,-345000,-345000
058584,百和群益9A購01  ,0,0,0,0,0,0,0,0,0,-345000,0,0,0,82000,427000,-345000,-345000
067208,瑞昱元大01購03  ,0,0,0,0,0,0,0,0,0,-345000,0,0,0,489000,834000,-345000,-345000
065242,巨大凱基01購02  ,0,0,0,0,0,0,0,0,0,-345000,0,0,0,38000,383000,-345000,-345000
066704,創意群益01購02  ,0,0,0,0,0,0,0,0,0,-346000,0,0,0,58000,404000,-346000,-346000
057485,友達元大9C購04  ,0,0,0,0,0,0,0,0,0,-347000,0,0,0,5000,352000,-347000,-347000
064707,群創富邦9C購02  ,0,0,0,0,0,0,0,0,0,-347000,0,0,0,0,347000,-347000,-347000
067327,聯詠康和01購01  ,0,0,0,0,0,0,0,0,0,-348000,0,0,0,189000,537000,-348000,-348000
057445,華通元富02購01  ,0,0,0,0,0,0,0,0,0,-348000,0,0,0,14000,362000,-348000,-348000
062707,致伸元大9B購01  ,0,0,0,0,0,0,0,0,0,-348000,0,0,0,0,348000,-348000,-348000
065099,聯茂元大9C購03  ,0,0,0,0,0,0,0,0,0,-348000,0,0,0,0,348000,-348000,-348000
064356,矽創元大01購01  ,0,0,0,0,0,0,0,0,0,-349000,0,0,0,0,349000,-349000,-349000
066355,惠特永豐01購01  ,0,0,0,0,0,0,0,0,0,-349000,0,0,0,0,349000,-349000,-349000
066276,敦泰元大01購01  ,0,0,0,0,0,0,0,0,0,-349000,0,0,0,20000,369000,-349000,-349000
065098,致伸元大9C購02  ,0,0,0,0,0,0,0,0,0,-350000,0,0,0,0,350000,-350000,-350000
064699,臻鼎群益9C購01  ,0,0,0,0,0,0,0,0,0,-350000,0,0,0,0,350000,-350000,-350000
065831,緯創凱基9C購03  ,0,0,0,0,0,0,0,0,0,-350000,0,0,0,121000,471000,-350000,-350000
3010,華立            ,78000,434864,-356864,0,0,0,0,0,0,6000,6000,0,6000,0,0,0,-350864
2912,統一超          ,807302,918169,-110867,0,0,0,2000,249000,-247000,7000,7000,0,7000,0,0,0,-350867
067825,南港兆豐03購01  ,0,0,0,0,0,0,0,0,0,-351000,0,0,0,0,351000,-351000,-351000
068640,緯創凱基03購01  ,0,0,0,0,0,0,0,0,0,-351000,0,0,0,18000,369000,-351000,-351000
059996,美律元富99購01  ,0,0,0,0,0,0,0,0,0,-351000,0,0,0,5000,356000,-351000,-351000
066308,中化永豐01購01  ,0,0,0,0,0,0,0,0,0,-351000,0,0,0,94000,445000,-351000,-351000
067358,華擎群益01購05  ,0,0,0,0,0,0,0,0,0,-352000,0,0,0,27000,379000,-352000,-352000
068094,群創群益02購02  ,0,0,0,0,0,0,0,0,0,-352000,0,0,0,0,352000,-352000,-352000
062011,上銀富邦9C購01  ,0,0,0,0,0,0,0,0,0,-352000,0,0,0,20000,372000,-352000,-352000
063941,國巨元大9C購12  ,0,0,0,0,0,0,0,0,0,-352000,0,0,0,102000,454000,-352000,-352000
2634,漢翔            ,109000,416000,-307000,0,0,0,1000,0,1000,-46000,0,0,0,5000,51000,-46000,-352000
066126,南港群益01購01  ,0,0,0,0,0,0,0,0,0,-353000,0,0,0,0,353000,-353000,-353000
066293,惠特元大02購01  ,0,0,0,0,0,0,0,0,0,-354000,0,0,0,53000,407000,-354000,-354000
067007,拓凱永豐01購02  ,0,0,0,0,0,0,0,0,0,-354000,0,0,0,6000,360000,-354000,-354000
064522,華擎群益01購01  ,0,0,0,0,0,0,0,0,0,-354000,0,0,0,148000,502000,-354000,-354000
068738,寶成元大02購01  ,0,0,0,0,0,0,0,0,0,-355000,0,0,0,0,355000,-355000,-355000
067221,台表科元大01購02,0,0,0,0,0,0,0,0,0,-355000,0,0,0,18000,373000,-355000,-355000
067823,台表科凱基01購02,0,0,0,0,0,0,0,0,0,-356000,0,0,0,269000,625000,-356000,-356000
060426,盛群永豐9A購01  ,0,0,0,0,0,0,0,0,0,-356000,0,0,0,0,356000,-356000,-356000
066493,美利達元富01購01,0,0,0,0,0,0,0,0,0,-356000,0,0,0,30000,386000,-356000,-356000
061943,上銀群益9B購02  ,0,0,0,0,0,0,0,0,0,-357000,0,0,0,10000,367000,-357000,-357000
063039,大立光凱基9C購02,0,0,0,0,0,0,0,0,0,-358000,0,0,0,0,358000,-358000,-358000
066381,景碩康和01購01  ,0,0,0,0,0,0,0,0,0,-358000,0,0,0,59000,417000,-358000,-358000
9103,美德醫療-DR     ,869000,977000,-108000,0,0,0,0,0,0,-250000,0,0,0,0,250000,-250000,-358000
067909,玉晶光國泰03購02,0,0,0,0,0,0,0,0,0,-359000,0,0,0,0,359000,-359000,-359000
057105,致茂群益9A購01  ,0,0,0,0,0,0,0,0,0,-359000,0,0,0,36000,395000,-359000,-359000
061518,達方永豐9A購02  ,0,0,0,0,0,0,0,0,0,-359000,0,0,0,101000,460000,-359000,-359000
068204,玉晶光凱基03購05,0,0,0,0,0,0,0,0,0,-360000,0,0,0,0,360000,-360000,-360000
065854,臻鼎元大9C購05  ,0,0,0,0,0,0,0,0,0,-360000,0,0,0,34000,394000,-360000,-360000
068038,康控元富03購01  ,0,0,0,0,0,0,0,0,0,-361000,0,0,0,110000,471000,-361000,-361000
061357,寶成元大9A購01  ,0,0,0,0,0,0,0,0,0,-361000,0,0,0,5000,366000,-361000,-361000
061052,和大群益9A購01  ,0,0,0,0,0,0,0,0,0,-361000,0,0,0,32000,393000,-361000,-361000
059919,宏達電元大99購06,0,0,0,0,0,0,0,0,0,-362000,0,0,0,30000,392000,-362000,-362000
066997,樺漢國泰03購01  ,0,0,0,0,0,0,0,0,0,-362000,0,0,0,2000,364000,-362000,-362000
068384,聯電統一03購02  ,0,0,0,0,0,0,0,0,0,-363000,0,0,0,312000,675000,-363000,-363000
067403,眾達永豐01購03  ,0,0,0,0,0,0,0,0,0,-363000,0,0,0,0,363000,-363000,-363000
056915,上銀兆豐99購01  ,0,0,0,0,0,0,0,0,0,-363000,0,0,0,20000,383000,-363000,-363000
064596,台表科統一01購03,0,0,0,0,0,0,0,0,0,-363000,0,0,0,283000,646000,-363000,-363000
064695,京鼎群益02購02  ,0,0,0,0,0,0,0,0,0,-363000,0,0,0,92000,455000,-363000,-363000
064137,台泥統一02購01  ,0,0,0,0,0,0,0,0,0,-365000,0,0,0,12000,377000,-365000,-365000
065807,智伸科群益01購01,0,0,0,0,0,0,0,0,0,-365000,0,0,0,35000,400000,-365000,-365000
066194,美利達凱基01購01,0,0,0,0,0,0,0,0,0,-365000,0,0,0,35000,400000,-365000,-365000
068307,美律國票03購01  ,0,0,0,0,0,0,0,0,0,-366000,0,0,0,7000,373000,-366000,-366000
5471,松翰            ,520000,773000,-253000,0,0,0,0,0,0,-113000,2000,0,2000,0,115000,-115000,-366000
08356P,聯發科元大9C售08,0,0,0,0,0,0,0,0,0,-367000,0,0,0,3000,370000,-367000,-367000
066761,聯陽永豐01購03  ,0,0,0,0,0,0,0,0,0,-368000,0,0,0,1000,369000,-368000,-368000
053584,友達元大9B購02  ,0,0,0,0,0,0,0,0,0,-369000,0,0,0,65000,434000,-369000,-369000
064304,信邦兆豐01購01  ,0,0,0,0,0,0,0,0,0,-369000,0,0,0,486000,855000,-369000,-369000
067995,瑞昱元大02購01  ,1000,0,1000,0,0,0,0,0,0,-371000,0,0,0,257000,628000,-371000,-370000
03182P,聯電元大01售08  ,0,0,0,0,0,0,0,0,0,-370000,0,0,0,30000,400000,-370000,-370000
2360,致茂            ,766000,1120000,-354000,0,0,0,430,55000,-54570,38000,19000,6000,13000,32000,7000,25000,-370570
068402,群光元富03購01  ,0,0,0,0,0,0,0,0,0,-371000,0,0,0,0,371000,-371000,-371000
067269,眾達永豐01購02  ,0,0,0,0,0,0,0,0,0,-371000,0,0,0,111000,482000,-371000,-371000
2542,興富發          ,169478,549207,-379729,0,0,0,0,0,0,8000,2000,0,2000,9000,3000,6000,-371729
067830,帆宣兆豐03購01  ,0,0,0,0,0,0,0,0,0,-372000,0,0,0,158000,530000,-372000,-372000
066337,聯陽永豐01購02  ,0,0,0,0,0,0,0,0,0,-372000,0,0,0,31000,403000,-372000,-372000
066540,景碩兆豐01購02  ,0,0,0,0,0,0,0,0,0,-372000,0,0,0,143000,515000,-372000,-372000
08203P,同欣電永豐9B售04,0,0,0,0,0,0,0,0,0,-374000,0,0,0,0,374000,-374000,-374000
068565,建準元大01購02  ,0,0,0,0,0,0,0,0,0,-374000,0,0,0,768000,1142000,-374000,-374000
6257,矽格            ,135884,638000,-502116,0,0,0,8437,0,8437,119000,215000,116000,99000,39000,19000,20000,-374679
067790,台表科群益01購03,0,0,0,0,0,0,0,0,0,-376000,0,0,0,164000,540000,-376000,-376000
067787,致伸群益03購01  ,0,0,0,0,0,0,0,0,0,-376000,0,0,0,86000,462000,-376000,-376000
057638,上銀元大99購01  ,0,0,0,0,0,0,0,0,0,-376000,0,0,0,67000,443000,-376000,-376000
066513,精元永豐01購02  ,0,0,0,0,0,0,0,0,0,-376000,0,0,0,75000,451000,-376000,-376000
068383,上銀統一03購01  ,0,0,0,0,0,0,0,0,0,-377000,0,0,0,46000,423000,-377000,-377000
063294,美律麥證9B購01  ,0,0,0,0,385000,-385000,0,0,0,-377000,0,0,0,8000,385000,-377000,-377000
062817,富邦金兆豐9B購01,0,0,0,0,0,0,0,0,0,-378000,0,0,0,8000,386000,-378000,-378000
065329,億豐凱基9C購02  ,0,0,0,0,0,0,0,0,0,-378000,0,0,0,105000,483000,-378000,-378000
061957,上銀統一01購01  ,0,0,0,0,0,0,0,0,0,-379000,0,0,0,196000,575000,-379000,-379000
068670,台積電統一03購12,0,0,0,0,0,0,0,0,0,-380000,0,0,0,380000,760000,-380000,-380000
057990,美律統一99購02  ,0,0,0,0,0,0,0,0,0,-380000,0,0,0,0,380000,-380000,-380000
3018,同開            ,49000,429000,-380000,0,0,0,0,0,0,0,0,0,0,0,0,0,-380000
065903,聯發科富邦02購02,0,0,0,0,0,0,0,0,0,-381000,0,0,0,703000,1084000,-381000,-381000
064839,旭富統一9C購01  ,0,0,0,0,0,0,0,0,0,-381000,0,0,0,79000,460000,-381000,-381000
066219,惠特元富01購01  ,0,0,0,0,0,0,0,0,0,-381000,0,0,0,269000,650000,-381000,-381000
07709P,創意元大9A售01  ,0,0,0,0,0,0,0,0,0,-382000,0,0,0,277000,659000,-382000,-382000
062051,上銀統一9C購02  ,0,0,0,0,0,0,0,0,0,-382000,0,0,0,56000,438000,-382000,-382000
066167,強茂凱基01購01  ,0,0,0,0,0,0,0,0,0,-382000,0,0,0,163000,545000,-382000,-382000
067441,儒鴻國票02購01  ,0,0,0,0,0,0,0,0,0,-383000,0,0,0,14000,397000,-383000,-383000
05755P,臺股指中信99售04,0,0,0,0,0,0,0,0,0,-383000,0,0,0,20000,403000,-383000,-383000
068241,力山元大01購02  ,0,0,0,0,0,0,0,0,0,-385000,0,0,0,744000,1129000,-385000,-385000
056301,開發金元大9A購01,0,0,0,0,0,0,0,0,0,-385000,0,0,0,5000,390000,-385000,-385000
055874,中環元富9A購01  ,0,0,0,0,0,0,0,0,0,-385000,0,0,0,0,385000,-385000,-385000
066402,泰鼎凱基01購02  ,0,0,0,0,0,0,0,0,0,-385000,0,0,0,30000,415000,-385000,-385000
066804,緯創凱基01購01  ,0,0,0,0,0,0,0,0,0,-386000,0,0,0,28000,414000,-386000,-386000
066297,美利達元大01購01,0,0,0,0,0,0,0,0,0,-388000,0,0,0,73000,461000,-388000,-388000
9958,世紀鋼          ,769056,2346000,-1576944,0,0,0,21000,0,21000,1167000,1000000,87000,913000,338000,84000,254000,-388944
067439,巨大凱基02購02  ,0,0,0,0,0,0,0,0,0,-389000,0,0,0,22000,411000,-389000,-389000
062297,億豐永豐9B購01  ,0,0,0,0,0,0,0,0,0,-389000,0,0,0,54000,443000,-389000,-389000
063311,喬山群益9B購01  ,0,0,0,0,0,0,0,0,0,-389000,0,0,0,0,389000,-389000,-389000
065683,嘉聯益統一03購01,0,0,0,0,0,0,0,0,0,-389000,0,0,0,150000,539000,-389000,-389000
063436,儒鴻統一01購03  ,0,0,0,0,0,0,0,0,0,-390000,0,0,0,13000,403000,-390000,-390000
064054,中租統一02購01  ,0,0,0,0,0,0,0,0,0,-390000,0,0,0,0,390000,-390000,-390000
067078,京鼎元大01購04  ,0,0,0,0,0,0,0,0,0,-390000,0,0,0,185000,575000,-390000,-390000
067114,京鼎群益02購04  ,0,0,0,0,0,0,0,0,0,-390000,0,0,0,10000,400000,-390000,-390000
068332,欣興元大03購02  ,0,0,0,0,0,0,0,0,0,-393000,0,0,0,255000,648000,-393000,-393000
063466,美食元大9B購02  ,0,0,0,0,0,0,0,0,0,-393000,0,0,0,0,393000,-393000,-393000
067214,聯陽元大01購02  ,0,0,0,0,0,0,0,0,0,-393000,0,0,0,1246000,1639000,-393000,-393000
2812,台中銀          ,219000,614000,-395000,0,0,0,2000,0,2000,0,0,0,0,0,0,0,-393000
067723,國揚凱基01購02  ,0,0,0,0,0,0,0,0,0,-394000,0,0,0,156000,550000,-394000,-394000
063653,儒鴻元富9B購01  ,0,0,0,0,0,0,0,0,0,-394000,0,0,0,0,394000,-394000,-394000
068159,華擎元大01購08  ,0,0,0,0,0,0,0,0,0,-395000,0,0,0,83000,478000,-395000,-395000
064787,和潤群益9C購01  ,0,0,0,0,0,0,0,0,0,-395000,0,0,0,0,395000,-395000,-395000
064670,智伸科元大9C購01,0,0,0,0,0,0,0,0,0,-395000,0,0,0,250000,645000,-395000,-395000
057377,康控元大99購02  ,0,0,0,0,0,0,0,0,0,-396000,0,0,0,59000,455000,-396000,-396000
061005,可成兆豐9A購01  ,0,0,0,0,0,0,0,0,0,-396000,0,0,0,10000,406000,-396000,-396000
065902,燿華富邦02購01  ,0,0,0,0,0,0,0,0,0,-397000,0,0,0,11000,408000,-397000,-397000
059302,大立光群益99購08,0,0,0,0,0,0,0,0,0,-399000,0,0,0,0,399000,-399000,-399000
061241,晶技兆豐9A購01  ,0,0,0,0,0,0,0,0,0,-399000,0,0,0,51000,450000,-399000,-399000
066168,強茂凱基01購02  ,0,0,0,0,0,0,0,0,0,-402000,0,0,0,117000,519000,-402000,-402000
068499,京鼎元大01購07  ,0,0,0,0,0,0,0,0,0,-403000,0,0,0,131000,534000,-403000,-403000
063259,廣達富邦9C購01  ,0,0,0,0,0,0,0,0,0,-403000,0,0,0,167000,570000,-403000,-403000
068390,聯詠統一03購01  ,0,0,0,0,0,0,0,0,0,-404000,0,0,0,214000,618000,-404000,-404000
060767,世紀鋼元大9A購02,0,0,0,0,0,0,0,0,0,-404000,0,0,0,6000,410000,-404000,-404000
065362,華通元大9C購06  ,0,0,0,0,0,0,0,0,0,-404000,0,0,0,19000,423000,-404000,-404000
064680,創意兆豐01購01  ,0,0,0,0,0,0,0,0,0,-404000,0,0,0,40000,444000,-404000,-404000
067498,臻鼎元大01購03  ,0,0,0,0,0,0,0,0,0,-405000,0,0,0,5000,410000,-405000,-405000
064377,宏達電元富9C購01,0,0,0,0,0,0,0,0,0,-405000,0,0,0,400000,805000,-405000,-405000
066377,健策兆豐01購02  ,0,0,0,0,0,0,0,0,0,-405000,0,0,0,45000,450000,-405000,-405000
067488,群創元大03購01  ,0,0,0,0,0,0,0,0,0,-406000,0,0,0,107000,513000,-406000,-406000
064204,瑞儀兆豐01購01  ,0,0,0,0,0,0,0,0,0,-406000,0,0,0,401000,807000,-406000,-406000
068405,玉晶光元富07購01,0,0,0,0,0,0,0,0,0,-407000,0,0,0,21000,428000,-407000,-407000
064836,群創統一9C購04  ,0,0,0,0,0,0,0,0,0,-407000,0,0,0,29000,436000,-407000,-407000
062167,燿華永豐9B購01  ,0,0,0,0,0,0,0,0,0,-409000,0,0,0,0,409000,-409000,-409000
064759,景碩凱基9C購01  ,0,0,0,0,0,0,0,0,0,-409000,0,0,0,33000,442000,-409000,-409000
066281,眾達元大02購01  ,0,0,0,0,0,0,0,0,0,-410000,0,0,0,273000,683000,-410000,-410000
03245P,聯發科統一02售11,0,0,0,0,0,0,0,0,0,-411000,0,0,0,0,411000,-411000,-411000
066908,聯發科凱基03購05,0,0,0,0,0,0,0,0,0,-411000,0,0,0,6000,417000,-411000,-411000
066015,健策元富01購01  ,0,0,0,0,0,0,0,0,0,-412000,0,0,0,32000,444000,-412000,-412000
1227,佳格            ,163896,616000,-452104,0,0,0,0,0,0,40000,29000,0,29000,11000,0,11000,-412104
068660,欣興元大02購02  ,0,0,0,0,0,0,0,0,0,-413000,0,0,0,105000,518000,-413000,-413000
08388P,台灣50中信03售09,0,0,0,0,0,0,0,0,0,-413000,0,0,0,0,413000,-413000,-413000
08557P,臺股指中信01售09,0,0,0,0,0,0,0,0,0,-413000,0,0,0,0,413000,-413000,-413000
062323,上銀統一9B購03  ,0,0,0,0,0,0,0,0,0,-413000,0,0,0,185000,598000,-413000,-413000
066836,樺漢群益01購01  ,0,0,0,0,0,0,0,0,0,-413000,0,0,0,0,413000,-413000,-413000
08562P,南電國票01售03  ,0,0,0,0,0,0,0,0,0,-414000,0,0,0,5000,419000,-414000,-414000
066772,友達富邦03購01  ,0,0,0,0,0,0,0,0,0,-414000,0,0,0,36000,450000,-414000,-414000
4935,茂林-KY         ,175000,415000,-240000,0,0,0,0,149600,-149600,-25000,4000,0,4000,2000,31000,-29000,-414600
064235,美律統一9C購02  ,0,0,0,0,0,0,0,0,0,-415000,0,0,0,57000,472000,-415000,-415000
066873,健策國泰02購01  ,0,0,0,0,0,0,0,0,0,-415000,0,0,0,186000,601000,-415000,-415000
063680,寶成富邦9C購01  ,0,0,0,0,0,0,0,0,0,-417000,0,0,0,0,417000,-417000,-417000
067481,國產元大01購03  ,0,0,0,0,0,0,0,0,0,-418000,0,0,0,0,418000,-418000,-418000
067696,欣興兆豐03購01  ,0,0,0,0,0,0,0,0,0,-418000,0,0,0,80000,498000,-418000,-418000
063380,台表科永豐9B購03,0,0,0,0,0,0,0,0,0,-418000,0,0,0,44000,462000,-418000,-418000
066529,巨大統一03購01  ,0,0,0,0,0,0,0,0,0,-418000,0,0,0,87000,505000,-418000,-418000
057792,群創統一99購01  ,0,0,0,0,0,0,0,0,0,-419000,0,0,0,10000,429000,-419000,-419000
062539,可成國泰01購01  ,0,0,0,0,0,0,0,0,0,-419000,0,0,0,80000,499000,-419000,-419000
5388,中磊            ,208000,710000,-502000,0,0,0,100000,0,100000,-17000,1000,0,1000,1000,19000,-18000,-419000
066107,惠特國票02購01  ,0,0,0,0,0,0,0,0,0,-420000,0,0,0,0,420000,-420000,-420000
066743,和碩元大01購01  ,0,0,0,0,0,0,0,0,0,-420000,0,0,0,4000,424000,-420000,-420000
2478,大毅            ,178000,504000,-326000,0,0,0,0,0,0,-95000,2000,3000,-1000,3000,97000,-94000,-421000
067225,巨大元大01購03  ,0,0,0,0,0,0,0,0,0,-422000,0,0,0,196000,618000,-422000,-422000
066373,美利達中信01購01,0,0,0,0,0,0,0,0,0,-422000,0,0,0,192000,614000,-422000,-422000
3698,隆達            ,605000,1025000,-420000,0,0,0,0,0,0,-2000,20000,2000,18000,0,20000,-20000,-422000
068608,景碩凱基01購01  ,1000,0,1000,0,0,0,0,0,0,-424000,0,0,0,28000,452000,-424000,-423000
057914,日月光日盛9A購01,0,0,0,0,0,0,0,0,0,-423000,0,0,0,0,423000,-423000,-423000
08723P,臺股指元大01售04,0,0,0,0,0,0,0,0,0,-424000,0,0,0,1000,425000,-424000,-424000
067319,眾達元大01購02  ,0,0,0,0,0,0,0,0,0,-424000,0,0,0,314000,738000,-424000,-424000
063908,國巨凱基9C購06  ,0,0,0,0,0,0,0,0,0,-424000,0,0,0,85000,509000,-424000,-424000
068137,FBVIX元大01購04 ,0,0,0,0,0,0,0,0,0,-425000,0,0,0,0,425000,-425000,-425000
064918,中信金統一02購01,0,0,0,0,0,0,0,0,0,-425000,0,0,0,2000,427000,-425000,-425000
6491,晶碩            ,166000,201000,-35000,0,0,0,0,388000,-388000,-2000,0,0,0,0,2000,-2000,-425000
060309,佳世達永豐9A購01,0,0,0,0,0,0,0,0,0,-426000,0,0,0,0,426000,-426000,-426000
060457,中橡元大9A購02  ,0,0,0,0,0,0,0,0,0,-427000,0,0,0,1000,428000,-427000,-427000
3059,華晶科          ,610000,1066000,-456000,0,0,0,0,0,0,29000,30000,1000,29000,0,0,0,-427000
9919,康那香          ,1602000,2090000,-488000,0,0,0,60000,0,60000,0,0,0,0,0,0,0,-428000
1409,新纖            ,103000,560000,-457000,0,0,0,0,0,0,28000,0,0,0,28000,0,28000,-429000
067408,達方永豐01購02  ,0,0,0,0,0,0,0,0,0,-430000,0,0,0,0,430000,-430000,-430000
065509,上銀群益9C購04  ,0,0,0,0,0,0,0,0,0,-430000,0,0,0,113000,543000,-430000,-430000
067092,美利達元大01購03,0,0,0,0,0,0,0,0,0,-430000,0,0,0,323000,753000,-430000,-430000
064212,可成凱基03購01  ,0,0,0,0,0,0,0,0,0,-431000,0,0,0,50000,481000,-431000,-431000
08112P,臺股指中信01售07,0,0,0,0,0,0,0,0,0,-432000,0,0,0,343000,775000,-432000,-432000
065959,T50反1元大01購02,0,0,0,0,0,0,0,0,0,-432000,0,0,0,0,432000,-432000,-432000
064879,健策兆豐01購01  ,0,0,0,0,0,0,0,0,0,-432000,0,0,0,4000,436000,-432000,-432000
058714,美律統一9B購01  ,0,0,0,0,0,0,0,0,0,-435000,0,0,0,207000,642000,-435000,-435000
061122,敬鵬永豐9A購01  ,0,0,0,0,0,0,0,0,0,-437000,0,0,0,0,437000,-437000,-437000
064778,美律群益9C購01  ,0,0,0,0,0,0,0,0,0,-437000,0,0,0,120000,557000,-437000,-437000
067115,京鼎群益02購05  ,0,0,0,0,0,0,0,0,0,-437000,0,0,0,7000,444000,-437000,-437000
064444,聚陽統一01購02  ,0,0,0,0,0,0,0,0,0,-438000,0,0,0,8000,446000,-438000,-438000
06478P,臺股指日盛9A售01,0,0,0,0,0,0,0,0,0,-438000,0,0,0,200000,638000,-438000,-438000
067620,聚陽國泰02購01  ,0,0,0,0,0,0,0,0,0,-439000,0,0,0,43000,482000,-439000,-439000
08822P,聯發科凱基01售12,0,0,0,0,0,0,0,0,0,-440000,0,0,0,267000,707000,-440000,-440000
061673,仁寶元大9B購01  ,0,0,0,0,0,0,0,0,0,-440000,0,0,0,0,440000,-440000,-440000
067023,巨大中信01購01  ,0,0,0,0,0,0,0,0,0,-440000,0,0,0,6000,446000,-440000,-440000
063863,儒鴻富邦02購01  ,0,0,0,0,0,0,0,0,0,-441000,0,0,0,170000,611000,-441000,-441000
065054,百和凱基02購01  ,0,0,0,0,0,0,0,0,0,-442000,0,0,0,5000,447000,-442000,-442000
064840,彩晶統一02購01  ,0,0,0,0,0,0,0,0,0,-443000,0,0,0,327000,770000,-443000,-443000
065762,台表科元大9C購13,0,0,0,0,0,0,0,0,0,-443000,0,0,0,289000,732000,-443000,-443000
4958,臻鼎-KY         ,1921878,2264403,-342525,0,0,0,0,290000,-290000,189000,138000,0,138000,58000,7000,51000,-443525
067174,嘉澤兆豐01購01  ,0,0,0,0,0,0,0,0,0,-444000,0,0,0,0,444000,-444000,-444000
064019,上銀元大9C購05  ,0,0,0,0,0,0,0,0,0,-445000,0,0,0,0,445000,-445000,-445000
064915,美律統一02購02  ,0,0,0,0,0,0,0,0,0,-445000,0,0,0,76000,521000,-445000,-445000
2338,光罩            ,195000,601000,-406000,0,0,0,0,0,0,-39000,0,0,0,18000,57000,-39000,-445000
059051,和大凱基9A購01  ,0,0,0,0,0,0,0,0,0,-447000,0,0,0,0,447000,-447000,-447000
067142,美利達永豐01購02,0,0,0,0,0,0,0,0,0,-449000,0,0,0,0,449000,-449000,-449000
08242P,聯發科凱基9C售06,0,0,0,0,0,0,0,0,0,-450000,0,0,0,0,450000,-450000,-450000
08556P,臺股指中信01售08,0,0,0,0,0,0,0,0,0,-450000,0,0,0,57000,507000,-450000,-450000
067253,精元國票01購01  ,0,0,0,0,0,0,0,0,0,-450000,0,0,0,0,450000,-450000,-450000
059123,訊芯永豐99購03  ,0,0,0,0,0,0,0,0,0,-450000,0,0,0,200000,650000,-450000,-450000
062924,世紀鋼元大9C購04,0,0,0,0,0,0,0,0,0,-451000,0,0,0,24000,475000,-451000,-451000
068729,宏達電元大03購01,0,0,0,0,0,0,0,0,0,-452000,0,0,0,26000,478000,-452000,-452000
064816,訊芯元大9C購01  ,0,0,0,0,0,0,0,0,0,-453000,0,0,0,62000,515000,-453000,-453000
065689,群創元富9C購04  ,0,0,0,0,0,0,0,0,0,-453000,0,0,0,0,453000,-453000,-453000
2903,遠百            ,32000,476000,-444000,0,0,0,0,0,0,-9000,0,9000,-9000,0,0,0,-453000
066111,上銀兆豐02購01  ,0,0,0,0,0,0,0,0,0,-454000,0,0,0,115000,569000,-454000,-454000
068547,台積電群益01購21,0,0,0,0,0,0,0,0,0,-455000,0,0,0,4000,459000,-455000,-455000
07974P,上証2X元大9B售02,0,0,0,0,0,0,0,0,0,-455000,0,0,0,573000,1028000,-455000,-455000
060286,佳世達元大9C購01,0,0,0,0,0,0,0,0,0,-455000,0,0,0,138000,593000,-455000,-455000
8499,鼎炫-KY         ,65000,492000,-427000,0,0,0,12,0,12,-29000,16000,45000,-29000,0,0,0,-455988
067053,申豐凱基02購01  ,0,0,0,0,0,0,0,0,0,-456000,0,0,0,105000,561000,-456000,-456000
064603,和碩元富9C購01  ,0,0,0,0,0,0,0,0,0,-456000,0,0,0,20000,476000,-456000,-456000
065165,上銀元大9C購09  ,0,0,0,0,0,0,0,0,0,-457000,0,0,0,73000,530000,-457000,-457000
065815,微星元富9C購01  ,0,0,0,0,0,0,0,0,0,-458000,0,0,0,46000,504000,-458000,-458000
067223,嘉基元大01購02  ,0,0,0,0,0,0,0,0,0,-459000,0,0,0,0,459000,-459000,-459000
068329,義隆元大01購07  ,0,0,0,0,0,0,0,0,0,-460000,0,0,0,102000,562000,-460000,-460000
068234,T50反1元大01購07,0,0,0,0,0,0,0,0,0,-460000,0,0,0,370000,830000,-460000,-460000
058422,百和麥證99購01  ,0,0,0,77000,537000,-460000,0,0,0,-460000,0,0,0,77000,537000,-460000,-460000
061318,智邦凱基9B購01  ,0,0,0,0,0,0,0,0,0,-460000,0,0,0,49000,509000,-460000,-460000
064338,美食元大9C購01  ,0,0,0,0,0,0,0,0,0,-460000,0,0,0,0,460000,-460000,-460000
066753,聯鈞國泰03購01  ,0,0,0,0,0,0,0,0,0,-460000,0,0,0,216000,676000,-460000,-460000
2323,中環            ,1906622,2973000,-1066378,0,0,0,0,0,0,606000,531000,42000,489000,236000,119000,117000,-460378
063881,嘉晶元富9C購01  ,0,0,0,0,0,0,0,0,0,-461000,0,0,0,138000,599000,-461000,-461000
6505,台塑化          ,495710,961337,-465627,0,0,0,3000,0,3000,0,0,0,0,0,0,0,-462627
067749,申豐元大01購02  ,0,0,0,0,0,0,0,0,0,-463000,0,0,0,78000,541000,-463000,-463000
064506,康控元大9C購02  ,0,0,0,0,0,0,0,0,0,-463000,0,0,0,49000,512000,-463000,-463000
063763,上銀元富9B購07  ,0,0,0,0,0,0,0,0,0,-463000,0,0,0,86000,549000,-463000,-463000
063168,台表科永豐9B購01,0,0,0,0,0,0,0,0,0,-463000,0,0,0,32000,495000,-463000,-463000
5469,瀚宇博          ,303000,547000,-244000,0,0,0,25000,0,25000,-244000,16000,150000,-134000,50000,160000,-110000,-463000
067324,巨大元大01購04  ,0,0,0,0,0,0,0,0,0,-464000,0,0,0,0,464000,-464000,-464000
064163,康控統一01購01  ,0,0,0,0,0,0,0,0,0,-464000,0,0,0,207000,671000,-464000,-464000
061754,晶技麥證9B購01  ,0,0,0,137000,600000,-463000,0,0,0,-464000,0,0,0,137000,601000,-464000,-464000
066309,永光永豐01購01  ,0,0,0,0,0,0,0,0,0,-466000,0,0,0,43000,509000,-466000,-466000
063876,華新元富9C購01  ,0,0,0,0,0,0,0,0,0,-467000,0,0,0,108000,575000,-467000,-467000
068331,欣興元大01購09  ,0,0,0,0,0,0,0,0,0,-468000,0,0,0,200000,668000,-468000,-468000
064157,健鼎統一01購02  ,0,0,0,0,0,0,0,0,0,-468000,0,0,0,52000,520000,-468000,-468000
066876,大立光富邦05購01,0,0,0,0,0,0,0,0,0,-468000,0,0,0,0,468000,-468000,-468000
067362,眾達群益01購02  ,0,0,0,0,0,0,0,0,0,-470000,0,0,0,96000,566000,-470000,-470000
067046,聯發科凱基04購01,0,0,0,0,0,0,0,0,0,-471000,0,0,0,397000,868000,-471000,-471000
067941,鎧勝凱基01購02  ,0,0,0,0,0,0,0,0,0,-473000,0,0,0,48000,521000,-473000,-473000
064037,寶成元大9C購02  ,0,0,0,0,0,0,0,0,0,-474000,0,0,0,27000,501000,-474000,-474000
065821,億豐元富03購01  ,0,0,0,0,0,0,0,0,0,-474000,0,0,0,264000,738000,-474000,-474000
058537,彩晶統一9B購01  ,0,0,0,0,0,0,0,0,0,-475000,0,0,0,130000,605000,-475000,-475000
058053,上銀統一9B購01  ,0,0,0,0,0,0,0,0,0,-475000,0,0,0,467000,942000,-475000,-475000
062020,智伸科永豐9B購01,0,0,0,0,0,0,0,0,0,-476000,0,0,0,144000,620000,-476000,-476000
067325,巨大元大01購05  ,0,0,0,0,0,0,0,0,0,-477000,0,0,0,0,477000,-477000,-477000
066287,訊芯元大01購01  ,0,0,0,0,0,0,0,0,0,-477000,0,0,0,257000,734000,-477000,-477000
066206,聯鈞統一01購01  ,0,0,0,0,0,0,0,0,0,-477000,0,0,0,325000,802000,-477000,-477000
067922,玉晶光中信04購01,0,0,0,0,0,0,0,0,0,-478000,0,0,0,65000,543000,-478000,-478000
065197,景碩元富06購01  ,0,0,0,0,0,0,0,0,0,-478000,0,0,0,190000,668000,-478000,-478000
061532,和大統一9C購02  ,0,0,0,0,0,0,0,0,0,-479000,0,0,0,95000,574000,-479000,-479000
08754P,臺股指群益01售04,0,0,0,0,0,0,0,0,0,-480000,0,0,0,40000,520000,-480000,-480000
064270,華通元大9C購03  ,0,0,0,0,0,0,0,0,0,-480000,0,0,0,10000,490000,-480000,-480000
066447,智伸科群益01購02,0,0,0,0,0,0,0,0,0,-480000,0,0,0,15000,495000,-480000,-480000
065251,宏達電國泰02購01,0,0,0,0,0,0,0,0,0,-481000,0,0,0,329000,810000,-481000,-481000
061676,新光金元大9A購03,0,0,0,0,0,0,0,0,0,-483000,0,0,0,2000,485000,-483000,-483000
065076,中橡元大9C購01  ,0,0,0,0,0,0,0,0,0,-484000,0,0,0,0,484000,-484000,-484000
064608,滬深2X元大9C購11,0,0,0,0,0,0,0,0,0,-484000,0,0,0,0,484000,-484000,-484000
059023,可成統一9B購02  ,0,0,0,0,0,0,0,0,0,-485000,0,0,0,114000,599000,-485000,-485000
061353,康控元大9A購01  ,0,0,0,0,0,0,0,0,0,-485000,0,0,0,35000,520000,-485000,-485000
064914,友達統一02購03  ,0,0,0,0,0,0,0,0,0,-485000,0,0,0,0,485000,-485000,-485000
059755,宏達電國泰9A購01,0,0,0,0,0,0,0,0,0,-486000,0,0,0,186000,672000,-486000,-486000
066921,日月光麥證01購01,0,0,0,319000,605000,-286000,0,0,0,-486000,0,0,0,419000,905000,-486000,-486000
066234,群光富邦04購01  ,0,0,0,0,0,0,0,0,0,-487000,0,0,0,9000,496000,-487000,-487000
065315,玉晶光中信03購02,140000,40000,100000,0,0,0,0,0,0,-589000,0,0,0,621000,1210000,-589000,-489000
057730,聯鈞國泰9A購01  ,0,0,0,0,0,0,0,0,0,-490000,0,0,0,351000,841000,-490000,-490000
054104,T50反1凱基9A購02,0,0,0,0,0,0,0,0,0,-490000,0,0,0,0,490000,-490000,-490000
063671,GIS統一01購01   ,0,0,0,0,0,0,0,0,0,-491000,0,0,0,388000,879000,-491000,-491000
067916,敬鵬永豐01購01  ,0,0,0,0,0,0,0,0,0,-492000,0,0,0,5000,497000,-492000,-492000
065816,聯發科元富03購07,0,0,0,0,0,0,0,0,0,-492000,0,0,0,76000,568000,-492000,-492000
066530,美律元富04購01  ,0,0,0,0,0,0,0,0,0,-492000,0,0,0,73000,565000,-492000,-492000
063625,儒鴻元大9B購03  ,0,0,0,0,0,0,0,0,0,-495000,0,0,0,111000,606000,-495000,-495000
058328,世紀鋼統一9B購01,0,0,0,0,0,0,0,0,0,-496000,0,0,0,89000,585000,-496000,-496000
067875,百和元大01購01  ,0,0,0,0,0,0,0,0,0,-498000,0,0,0,100000,598000,-498000,-498000
067049,明泰凱基01購01  ,0,0,0,0,0,0,0,0,0,-498000,0,0,0,59000,557000,-498000,-498000
08340P,聯發科元富9C售01,0,0,0,0,0,0,0,0,0,-499000,0,0,0,0,499000,-499000,-499000
057338,群創國票99購01  ,0,0,0,0,0,0,0,0,0,-499000,0,0,0,0,499000,-499000,-499000
08658P,聯發科統一9C售19,0,0,0,0,0,0,0,0,0,-500000,0,0,0,0,500000,-500000,-500000
059024,大立光統一9B購04,0,0,0,0,0,0,0,0,0,-500000,0,0,0,70000,570000,-500000,-500000
065176,玉晶光元大01購04,0,0,0,0,0,0,0,0,0,-500000,0,0,0,162000,662000,-500000,-500000
1474,弘裕            ,656000,1156000,-500000,0,0,0,0,0,0,0,0,0,0,0,0,0,-500000
067365,美利達群益01購03,0,0,0,0,0,0,0,0,0,-501000,0,0,0,80000,581000,-501000,-501000
068130,美律統一03購02  ,0,0,0,0,0,0,0,0,0,-501000,0,0,0,94000,595000,-501000,-501000
065150,上銀群益9C購03  ,0,0,0,0,0,0,0,0,0,-501000,0,0,0,182000,683000,-501000,-501000
067354,國揚群益01購03  ,0,0,0,0,0,0,0,0,0,-502000,0,0,0,60000,562000,-502000,-502000
067193,台表科凱基03購02,0,0,0,0,0,0,0,0,0,-502000,0,0,0,284000,786000,-502000,-502000
063765,上銀元富9B購09  ,0,0,0,0,0,0,0,0,0,-503000,0,0,0,29000,532000,-503000,-503000
066774,聯詠富邦03購01  ,0,0,0,0,0,0,0,0,0,-503000,0,0,0,862000,1365000,-503000,-503000
068003,玉晶光元大01購12,0,0,0,0,0,0,0,0,0,-504000,0,0,0,265000,769000,-504000,-504000
066606,聯詠永豐01購01  ,0,0,0,0,0,0,0,0,0,-504000,0,0,0,25000,529000,-504000,-504000
03427B,臺股指元大9A熊02,0,0,0,0,0,0,0,0,0,-505000,0,0,0,64000,569000,-505000,-505000
063383,億豐永豐9B購02  ,0,0,0,0,0,0,0,0,0,-505000,0,0,0,54000,559000,-505000,-505000
059675,大立光元富99購08,0,0,0,0,0,0,0,0,0,-506000,0,0,0,308000,814000,-506000,-506000
066214,惠特統一03購02  ,0,0,0,0,0,0,0,0,0,-506000,0,0,0,0,506000,-506000,-506000
068120,智易元富07購01  ,0,0,0,0,0,0,0,0,0,-508000,0,0,0,101000,609000,-508000,-508000
067675,中工元大03購01  ,0,0,0,0,0,0,0,0,0,-514000,0,0,0,216000,730000,-514000,-514000
00676R,富邦臺灣加權反1 ,0,0,0,0,0,0,0,0,0,-515000,0,0,0,539000,1054000,-515000,-515000
03452B,臺股指凱基03熊05,0,0,0,0,0,0,0,0,0,-519000,0,0,0,193000,712000,-519000,-519000
065904,群創富邦02購01  ,0,0,0,0,0,0,0,0,0,-519000,0,0,0,150000,669000,-519000,-519000
067313,欣興元大03購01  ,0,0,0,0,0,0,0,0,0,-520000,0,0,0,240000,760000,-520000,-520000
068378,聯發科永豐01購03,0,0,0,0,0,0,0,0,0,-520000,0,0,0,0,520000,-520000,-520000
061891,力山永豐9B購01  ,0,0,0,0,0,0,0,0,0,-522000,0,0,0,69000,591000,-522000,-522000
067028,上海銀兆豐03購01,0,0,0,0,0,0,0,0,0,-522000,0,0,0,0,522000,-522000,-522000
066212,惠特統一01購01  ,0,0,0,0,0,0,0,0,0,-523000,0,0,0,57000,580000,-523000,-523000
2342,茂矽            ,547000,913000,-366000,0,0,0,0,0,0,-157000,0,157000,-157000,0,0,0,-523000
067312,欣興元大02購01  ,0,0,0,0,0,0,0,0,0,-525000,0,0,0,111000,636000,-525000,-525000
066471,致新統一02購01  ,0,0,0,0,0,0,0,0,0,-525000,0,0,0,5000,530000,-525000,-525000
064485,儒鴻元大01購01  ,0,0,0,0,0,0,0,0,0,-526000,0,0,0,137000,663000,-526000,-526000
066334,京城銀永豐01購01,0,0,0,0,0,0,0,0,0,-526000,0,0,0,0,526000,-526000,-526000
067409,巨大永豐01購01  ,0,0,0,0,0,0,0,0,0,-527000,0,0,0,1000,528000,-527000,-527000
067664,台船元大01購01  ,0,0,0,0,0,0,0,0,0,-528000,0,0,0,897000,1425000,-528000,-528000
068389,美律統一03購03  ,0,0,0,0,0,0,0,0,0,-528000,0,0,0,0,528000,-528000,-528000
064609,滬深2X元大9C購12,0,0,0,0,0,0,0,0,0,-528000,0,0,0,0,528000,-528000,-528000
067740,精元元大01購02  ,0,0,0,0,0,0,0,0,0,-529000,0,0,0,198000,727000,-529000,-529000
057567,嘉聯益富邦9A購01,0,0,0,0,0,0,0,0,0,-529000,0,0,0,297000,826000,-529000,-529000
064831,宏達電統一02購01,0,0,0,0,0,0,0,0,0,-530000,0,0,0,322000,852000,-530000,-530000
065387,台光電兆豐9C購02,0,0,0,0,0,0,0,0,0,-530000,0,0,0,41000,571000,-530000,-530000
067426,聯發科凱基01購14,0,0,0,0,0,0,0,0,0,-532000,0,0,0,2000,534000,-532000,-532000
066769,嘉基永豐01購02  ,0,0,0,0,0,0,0,0,0,-532000,0,0,0,4000,536000,-532000,-532000
064238,玉晶光統一01購08,0,0,0,0,0,0,0,0,0,-535000,0,0,0,89000,624000,-535000,-535000
065164,和大元大01購01  ,0,0,0,0,0,0,0,0,0,-535000,0,0,0,28000,563000,-535000,-535000
066224,眾達國泰03購01  ,0,0,0,0,0,0,0,0,0,-538000,0,0,0,0,538000,-538000,-538000
067397,欣興永豐01購03  ,0,0,0,0,0,0,0,0,0,-539000,0,0,0,1000,540000,-539000,-539000
058178,國巨國泰9A購02  ,0,0,0,0,0,0,0,0,0,-539000,0,0,0,0,539000,-539000,-539000
067623,台積電富邦04購05,0,0,0,0,0,0,0,0,0,-540000,0,0,0,0,540000,-540000,-540000
064833,新光金統一02購01,0,0,0,0,0,0,0,0,0,-540000,0,0,0,0,540000,-540000,-540000
067654,嘉晶元富07購03  ,0,0,0,0,0,0,0,0,0,-541000,0,0,0,90000,631000,-541000,-541000
058779,大立光國票9A購02,0,0,0,0,0,0,0,0,0,-541000,0,0,0,152000,693000,-541000,-541000
064843,巨大統一02購01  ,0,0,0,0,0,0,0,0,0,-541000,0,0,0,517000,1058000,-541000,-541000
063352,上銀元富9B購02  ,0,0,0,0,0,0,0,0,0,-542000,0,0,0,52000,594000,-542000,-542000
064792,美律國票9C購01  ,0,0,0,0,0,0,0,0,0,-542000,0,0,0,235000,777000,-542000,-542000
067113,京鼎群益02購03  ,0,0,0,0,0,0,0,0,0,-542000,0,0,0,0,542000,-542000,-542000
061374,力山永豐9A購04  ,0,0,0,0,0,0,0,0,0,-543000,0,0,0,389000,932000,-543000,-543000
08443P,臺股指麥證01售02,0,0,0,1470000,2015000,-545000,0,0,0,-545000,0,0,0,1470000,2015000,-545000,-545000
066242,惠特富邦03購01  ,0,0,0,0,0,0,0,0,0,-546000,0,0,0,80000,626000,-546000,-546000
058928,國巨統一9C購01  ,0,0,0,0,0,0,0,0,0,-548000,0,0,0,485000,1033000,-548000,-548000
2448,晶電            ,4091000,4952000,-861000,0,0,0,35000,59000,-24000,337000,393000,64000,329000,8000,0,8000,-548000
068227,聯發科元富07購07,0,0,0,0,0,0,0,0,0,-550000,0,0,0,102000,652000,-550000,-550000
066744,和碩元大01購02  ,0,0,0,0,0,0,0,0,0,-550000,0,0,0,59000,609000,-550000,-550000
063231,台泥元大9B購01  ,0,0,0,0,0,0,0,0,0,-551000,0,0,0,187000,738000,-551000,-551000
07890P,南電國票9B售01  ,0,0,0,0,0,0,0,0,0,-553000,0,0,0,565000,1118000,-553000,-553000
063938,上銀元大9C購03  ,0,0,0,0,0,0,0,0,0,-553000,0,0,0,11000,564000,-553000,-553000
066115,美律兆豐02購01  ,0,0,0,0,0,0,0,0,0,-553000,0,0,0,17000,570000,-553000,-553000
067276,義隆統一03購01  ,0,0,0,0,0,0,0,0,0,-554000,0,0,0,181000,735000,-554000,-554000
067621,友達國泰02購01  ,0,0,0,0,0,0,0,0,0,-559000,0,0,0,97000,656000,-559000,-559000
068455,聯發科國票03購02,0,0,0,0,0,0,0,0,0,-561000,0,0,0,21000,582000,-561000,-561000
07647P,健策國票9A售04  ,0,0,0,0,0,0,0,0,0,-562000,0,0,0,0,562000,-562000,-562000
068708,新光金國票02購01,0,0,0,0,0,0,0,0,0,-562000,0,0,0,0,562000,-562000,-562000
060437,宏全永豐9A購01  ,0,0,0,0,0,0,0,0,0,-563000,0,0,0,17000,580000,-563000,-563000
068625,信邦群益02購02  ,0,0,0,0,0,0,0,0,0,-568000,0,0,0,1000,569000,-568000,-568000
065007,群創國票01購01  ,0,0,0,0,0,0,0,0,0,-568000,0,0,0,28000,596000,-568000,-568000
065044,大立光凱基9C購06,0,0,0,0,0,0,0,0,0,-569000,0,0,0,45000,614000,-569000,-569000
068528,緯創元富03購01  ,0,0,0,0,0,0,0,0,0,-572000,0,0,0,0,572000,-572000,-572000
068258,可成國泰03購01  ,0,0,0,0,0,0,0,0,0,-572000,0,0,0,184000,756000,-572000,-572000
068079,瑞儀凱基01購01  ,0,0,0,0,0,0,0,0,0,-572000,0,0,0,39000,611000,-572000,-572000
065811,億豐群益9C購01  ,0,0,0,0,0,0,0,0,0,-575000,0,0,0,107000,682000,-575000,-575000
066538,信邦兆豐03購01  ,0,0,0,0,0,0,0,0,0,-575000,0,0,0,10000,585000,-575000,-575000
067947,京鼎國泰03購01  ,0,0,0,0,0,0,0,0,0,-576000,0,0,0,576000,1152000,-576000,-576000
064160,新日興統一01購03,0,0,0,0,0,0,0,0,0,-577000,0,0,0,1000,578000,-577000,-577000
067222,申豐元大01購01  ,0,0,0,0,0,0,0,0,0,-577000,0,0,0,32000,609000,-577000,-577000
066280,眾達元大01購01  ,0,0,0,0,0,0,0,0,0,-579000,0,0,0,136000,715000,-579000,-579000
2841,台開            ,724000,1306000,-582000,0,0,0,0,0,0,0,0,0,0,0,0,0,-582000
6271,同欣電          ,255000,648000,-393000,0,0,0,92000,254000,-162000,-29000,15000,11000,4000,10000,43000,-33000,-584000
066203,景碩統一03購01  ,0,0,0,0,0,0,0,0,0,-588000,0,0,0,269000,857000,-588000,-588000
07777P,創意元大9A售03  ,0,0,0,0,0,0,0,0,0,-589000,0,0,0,76000,665000,-589000,-589000
063339,智邦統一01購01  ,0,0,0,0,0,0,0,0,0,-590000,0,0,0,190000,780000,-590000,-590000
1722,台肥            ,270000,862000,-592000,0,0,0,0,0,0,0,0,0,0,0,0,0,-592000
068423,GIS康和01購01   ,0,0,0,0,0,0,0,0,0,-593000,0,0,0,245000,838000,-593000,-593000
066208,聯鈞統一02購01  ,0,0,0,0,0,0,0,0,0,-593000,0,0,0,282000,875000,-593000,-593000
065819,京鼎元富03購01  ,0,0,0,0,0,0,0,0,0,-596000,0,0,0,55000,651000,-596000,-596000
063669,宏達電統一9C購01,0,0,0,0,0,0,0,0,0,-597000,0,0,0,203000,800000,-597000,-597000
065850,緯創元大9C購06  ,0,0,0,0,0,0,0,0,0,-598000,0,0,0,63000,661000,-598000,-598000
068681,新唐國泰03購01  ,0,0,0,0,0,0,0,0,0,-601000,0,0,0,167000,768000,-601000,-601000
065996,T50反1第一01購01,0,0,0,0,0,0,0,0,0,-603000,0,0,0,2173000,2776000,-603000,-603000
066998,訊芯國泰03購01  ,0,0,0,0,0,0,0,0,0,-603000,0,0,0,360000,963000,-603000,-603000
08615P,同欣電統一9C售02,0,0,0,0,0,0,0,0,0,-605000,0,0,0,29000,634000,-605000,-605000
060842,新光金國票9B購01,0,0,0,0,0,0,0,0,0,-610000,0,0,0,0,610000,-610000,-610000
064735,群創元富9C購02  ,0,0,0,0,0,0,0,0,0,-610000,0,0,0,80000,690000,-610000,-610000
6456,GIS-KY          ,817000,1735000,-918000,0,0,0,658000,469000,189000,119000,25000,0,25000,145000,51000,94000,-610000
8213,志超            ,115948,614000,-498052,0,0,0,0,0,0,-112000,2000,0,2000,0,114000,-114000,-610052
061969,大立光統一01購02,0,0,0,0,0,0,0,0,0,-612000,0,0,0,12000,624000,-612000,-612000
068820,聯陽元大02購01  ,0,0,0,0,0,0,0,0,0,-613000,0,0,0,0,613000,-613000,-613000
063777,儒鴻永豐9B購02  ,0,0,0,0,0,0,0,0,0,-613000,0,0,0,0,613000,-613000,-613000
1717,長興            ,44000,500000,-456000,0,0,0,0,0,0,-158000,0,158000,-158000,0,0,0,-614000
063660,儒鴻統一9C購01  ,0,0,0,0,0,0,0,0,0,-616000,0,0,0,49000,665000,-616000,-616000
065437,台表科凱基9C購03,0,0,0,0,0,0,0,0,0,-616000,0,0,0,213000,829000,-616000,-616000
057719,欣興元富02購01  ,0,0,0,0,0,0,0,0,0,-617000,0,0,0,256000,873000,-617000,-617000
065830,景碩凱基9C購04  ,0,0,0,0,0,0,0,0,0,-617000,0,0,0,63000,680000,-617000,-617000
061876,明泰元大9B購01  ,0,0,0,0,0,0,0,0,0,-618000,0,0,0,49000,667000,-618000,-618000
067942,瑞儀凱基02購01  ,0,0,0,0,0,0,0,0,0,-620000,0,0,0,75000,695000,-620000,-620000
068048,美律統一03購01  ,0,0,0,0,0,0,0,0,0,-620000,0,0,0,92000,712000,-620000,-620000
061633,統一元大9A購01  ,0,0,0,0,0,0,0,0,0,-620000,0,0,0,19000,639000,-620000,-620000
064449,金寶統一01購02  ,0,0,0,0,0,0,0,0,0,-622000,0,0,0,0,622000,-622000,-622000
064376,美律元富9C購01  ,0,0,0,0,0,0,0,0,0,-622000,0,0,0,38000,660000,-622000,-622000
067134,國揚永豐01購02  ,0,0,0,0,0,0,0,0,0,-623000,0,0,0,139000,762000,-623000,-623000
08436P,TPK群益9C售04   ,0,0,0,0,0,0,0,0,0,-624000,0,0,0,57000,681000,-624000,-624000
067218,鎧勝元大01購04  ,0,0,0,0,0,0,0,0,0,-624000,0,0,0,80000,704000,-624000,-624000
4133,亞諾法          ,976000,1053000,-77000,0,0,0,0,0,0,-549000,0,0,0,0,549000,-549000,-626000
067067,國巨元大01購08  ,20000,0,20000,0,0,0,0,0,0,-647000,0,0,0,202000,849000,-647000,-627000
067684,康控元大01購05  ,0,0,0,0,0,0,0,0,0,-628000,0,0,0,186000,814000,-628000,-628000
067733,力山元大01購01  ,0,0,0,0,0,0,0,0,0,-629000,0,0,0,578000,1207000,-629000,-629000
066920,華擎麥證01購01  ,0,0,0,19000,649000,-630000,0,0,0,-630000,0,0,0,19000,649000,-630000,-630000
066143,惠特群益01購01  ,0,0,0,0,0,0,0,0,0,-630000,0,0,0,120000,750000,-630000,-630000
2006,東和鋼鐵        ,136000,499315,-363315,0,0,0,1000,0,1000,-268000,75000,333000,-258000,0,10000,-10000,-630315
066292,惠特元大01購02  ,0,0,0,0,0,0,0,0,0,-634000,0,0,0,21000,655000,-634000,-634000
068256,彩晶元大03購01  ,0,0,0,0,0,0,0,0,0,-639000,0,0,0,11000,650000,-639000,-639000
068216,國巨台新01購01  ,0,0,0,0,0,0,0,0,0,-640000,0,0,0,17000,657000,-640000,-640000
1714,和桐            ,1346000,1986000,-640000,0,0,0,0,0,0,0,0,0,0,0,0,0,-640000
1598,岱宇            ,395000,1052000,-657000,0,0,0,76,0,76,16000,95000,79000,16000,0,0,0,-640924
067494,日月光元大01購03,0,0,0,0,0,0,0,0,0,-642000,0,0,0,222000,864000,-642000,-642000
2474,可成            ,503500,1230105,-726605,0,0,0,12000,0,12000,69000,4000,3000,1000,75000,7000,68000,-645605
066469,申豐統一02購02  ,10000,0,10000,0,0,0,0,0,0,-658000,0,0,0,26000,684000,-658000,-648000
065256,上銀元大9C購10  ,0,0,0,0,0,0,0,0,0,-649000,0,0,0,153000,802000,-649000,-649000
067396,欣興永豐01購02  ,0,0,0,0,0,0,0,0,0,-651000,0,0,0,78000,729000,-651000,-651000
066205,京鼎統一03購01  ,0,50000,-50000,0,0,0,0,0,0,-603000,0,0,0,132000,735000,-603000,-653000
067111,聯詠群益01購03  ,0,0,0,0,0,0,0,0,0,-654000,0,0,0,235000,889000,-654000,-654000
064610,儒鴻元大9C購03  ,0,0,0,0,0,0,0,0,0,-656000,0,0,0,49000,705000,-656000,-656000
3545,敦泰            ,606966,1270900,-663934,0,0,0,0,0,0,6000,0,0,0,10000,4000,6000,-657934
067516,美利達統一03購04,0,0,0,0,0,0,0,0,0,-658000,0,0,0,0,658000,-658000,-658000
067293,智伸科兆豐03購01,0,0,0,0,0,0,0,0,0,-658000,0,0,0,69000,727000,-658000,-658000
066440,南帝群益01購01  ,0,0,0,0,0,0,0,0,0,-659000,0,0,0,108000,767000,-659000,-659000
067318,康控元大01購03  ,0,0,0,0,0,0,0,0,0,-660000,0,0,0,100000,760000,-660000,-660000
055817,京鼎國票99購01  ,0,0,0,0,0,0,0,0,0,-661000,0,0,0,1000,662000,-661000,-661000
2881,富邦金          ,2687908,4251963,-1564055,0,0,0,768000,0,768000,133000,58000,3000,55000,96000,18000,78000,-663055
067279,美利達統一02購02,0,0,0,0,0,0,0,0,0,-668000,0,0,0,3000,671000,-668000,-668000
1326,台化            ,1090288,1816038,-725750,0,0,0,54000,0,54000,0,2000,2000,0,0,0,0,-671750
066444,華擎群益01購03  ,0,0,0,0,0,0,0,0,0,-672000,0,0,0,0,672000,-672000,-672000
065351,中租統一02購02  ,0,0,0,0,0,0,0,0,0,-672000,0,0,0,55000,727000,-672000,-672000
066228,嘉基國泰02購01  ,0,0,0,0,0,0,0,0,0,-674000,0,0,0,120000,794000,-674000,-674000
068376,美律永豐01購01  ,0,0,0,0,0,0,0,0,0,-677000,0,0,0,0,677000,-677000,-677000
064118,喬山元大01購01  ,0,0,0,0,0,0,0,0,0,-677000,0,0,0,19000,696000,-677000,-677000
066227,惠特國泰03購02  ,0,0,0,0,0,0,0,0,0,-677000,0,0,0,0,677000,-677000,-677000
066254,南帝元大01購01  ,0,0,0,0,0,0,0,0,0,-679000,0,0,0,314000,993000,-679000,-679000
068658,義隆元大02購01  ,0,0,0,0,0,0,0,0,0,-680000,0,0,0,110000,790000,-680000,-680000
067496,拓凱元大01購02  ,0,0,0,0,0,0,0,0,0,-686000,0,0,0,135000,821000,-686000,-686000
6005,群益證          ,428000,1117955,-689955,0,0,0,1000,0,1000,0,0,0,0,0,0,0,-688955
08130P,義隆元大9B售05  ,0,0,0,0,0,0,0,0,0,-690000,0,0,0,191000,881000,-690000,-690000
066001,景碩國票02購01  ,0,0,0,0,0,0,0,0,0,-691000,0,0,0,32000,723000,-691000,-691000
00664R,國泰臺灣加權反1 ,10000,10000,0,0,0,0,0,0,0,-692000,0,0,0,135000,827000,-692000,-692000
062527,美律統一01購01  ,0,0,0,0,0,0,0,0,0,-692000,0,0,0,469000,1161000,-692000,-692000
063968,新光金國票01購01,0,0,0,0,0,0,0,0,0,-692000,0,0,0,88000,780000,-692000,-692000
067248,帆宣群益01購01  ,0,0,0,0,0,0,0,0,0,-693000,0,0,0,0,693000,-693000,-693000
056775,康控元大99購01  ,0,0,0,0,0,0,0,0,0,-693000,0,0,0,20000,713000,-693000,-693000
061741,新光金凱基9B購01,0,0,0,0,0,0,0,0,0,-695000,0,0,0,0,695000,-695000,-695000
066846,京鼎元大01購03  ,0,0,0,0,0,0,0,0,0,-695000,0,0,0,133000,828000,-695000,-695000
061792,和大永豐9B購01  ,0,0,0,0,0,0,0,0,0,-698000,0,0,0,0,698000,-698000,-698000
1504,東元            ,465134,1196000,-730866,0,0,0,2000,0,2000,30000,6000,2000,4000,29000,3000,26000,-698866
059943,信邦永豐99購01  ,0,0,0,0,0,0,0,0,0,-700000,0,0,0,2000,702000,-700000,-700000
4967,十銓            ,121000,823000,-702000,0,0,0,0,0,0,2000,2000,0,2000,0,0,0,-700000
059950,百和永豐99購02  ,0,0,0,0,0,0,0,0,0,-702000,0,0,0,97000,799000,-702000,-702000
065496,裕隆富邦9C購01  ,0,0,0,0,0,0,0,0,0,-703000,0,0,0,67000,770000,-703000,-703000
3706,神達            ,146511,910376,-763865,0,0,0,1000,0,1000,59000,65000,6000,59000,11000,11000,0,-703865
020018,統一價值成長30N ,0,0,0,0,0,0,0,0,0,-706000,0,0,0,60000,766000,-706000,-706000
064487,和大元大9C購01  ,0,0,0,0,0,0,0,0,0,-706000,0,0,0,1000,707000,-706000,-706000
065455,金寶元富9C購01  ,0,0,0,0,0,0,0,0,0,-707000,0,0,0,10000,717000,-707000,-707000
3708,上緯投控        ,326000,1036000,-710000,0,0,0,10000,0,10000,-7000,5000,1000,4000,0,11000,-11000,-707000
063980,智易兆豐9C購02  ,0,0,0,0,0,0,0,0,0,-710000,0,0,0,5000,715000,-710000,-710000
5876,上海商銀        ,1008480,1687992,-679512,0,0,0,1000,181529,-180529,150000,54000,0,54000,108000,12000,96000,-710041
068231,聯詠元富07購04  ,0,0,0,0,0,0,0,0,0,-711000,0,0,0,309000,1020000,-711000,-711000
068064,欣興兆豐03購02  ,0,0,0,0,0,0,0,0,0,-712000,0,0,0,104000,816000,-712000,-712000
063136,智邦統一9B購02  ,0,0,0,0,0,0,0,0,0,-712000,0,0,0,830000,1542000,-712000,-712000
062017,京鼎永豐9B購01  ,0,0,0,0,0,0,0,0,0,-713000,0,0,0,180000,893000,-713000,-713000
062807,和碩統一9B購01  ,0,0,0,0,0,0,0,0,0,-715000,0,0,0,26000,741000,-715000,-715000
065984,緯創富邦03購01  ,0,0,0,0,0,0,0,0,0,-717000,0,0,0,107000,824000,-717000,-717000
068379,聯陽永豐01購04  ,0,0,0,0,0,0,0,0,0,-725000,0,0,0,70000,795000,-725000,-725000
066204,京鼎統一02購01  ,0,0,0,0,0,0,0,0,0,-725000,0,0,0,52000,777000,-725000,-725000
064327,金寶元大01購01  ,0,0,0,0,0,0,0,0,0,-728000,0,0,0,0,728000,-728000,-728000
2314,台揚            ,291000,1021000,-730000,0,0,0,0,0,0,0,0,0,0,0,0,0,-730000
063435,儒鴻統一01購02  ,0,0,0,0,0,0,0,0,0,-744000,0,0,0,70000,814000,-744000,-744000
064718,友達統一02購01  ,0,0,0,0,0,0,0,0,0,-752000,0,0,0,5000,757000,-752000,-752000
067304,義隆元大01購05  ,0,0,0,0,0,0,0,0,0,-753000,0,0,0,255000,1008000,-753000,-753000
068278,惠特永豐01購03  ,0,0,0,0,0,0,0,0,0,-755000,0,0,0,85000,840000,-755000,-755000
067323,美利達元大01購04,0,0,0,0,0,0,0,0,0,-757000,0,0,0,74000,831000,-757000,-757000
067065,為升元大01購03  ,0,0,0,0,0,0,0,0,0,-760000,0,0,0,0,760000,-760000,-760000
067487,京鼎元大01購06  ,0,0,0,0,0,0,0,0,0,-767000,0,0,0,74000,841000,-767000,-767000
068122,彩晶元富03購01  ,0,0,0,0,0,0,0,0,0,-767000,0,0,0,11000,778000,-767000,-767000
058553,合勤控永豐99購01,0,0,0,0,0,0,0,0,0,-774000,0,0,0,0,774000,-774000,-774000
064170,儒鴻元富9C購01  ,0,0,0,0,0,0,0,0,0,-778000,0,0,0,70000,848000,-778000,-778000
066294,嘉基元大01購01  ,0,0,0,0,0,0,0,0,0,-778000,0,0,0,0,778000,-778000,-778000
059093,旭富元大99購01  ,0,0,0,0,0,0,0,0,0,-779000,0,0,0,124000,903000,-779000,-779000
3380,明泰            ,978000,1818019,-840019,0,0,0,0,0,0,57000,1000,94000,-93000,162000,12000,150000,-783019
2402,毅嘉            ,200000,992000,-792000,0,0,0,0,0,0,1000,1000,0,1000,0,0,0,-791000
067390,聯詠元富07購02  ,0,0,0,0,0,0,0,0,0,-800000,0,0,0,186000,986000,-800000,-800000
067315,京鼎元大01購05  ,0,0,0,0,0,0,0,0,0,-804000,0,0,0,420000,1224000,-804000,-804000
062967,上銀元富9B購01  ,0,0,0,0,0,0,0,0,0,-804000,0,0,0,49000,853000,-804000,-804000
03432B,臺股指凱基98熊13,0,0,0,0,0,0,0,0,0,-805000,0,0,0,246000,1051000,-805000,-805000
063582,瑞祺國泰9C購01  ,0,0,0,0,0,0,0,0,0,-807000,0,0,0,454000,1261000,-807000,-807000
063817,GIS群益9C購01   ,0,0,0,0,0,0,0,0,0,-810000,0,0,0,106000,916000,-810000,-810000
067501,聚陽統一01購03  ,0,0,0,0,0,0,0,0,0,-813000,0,0,0,47000,860000,-813000,-813000
060716,新唐永豐9A購01  ,0,0,0,0,0,0,0,0,0,-815000,0,0,0,35000,850000,-815000,-815000
067670,微星元大01購06  ,0,0,0,0,0,0,0,0,0,-822000,0,0,0,136000,958000,-822000,-822000
065472,華新元大01購01  ,0,0,0,0,0,0,0,0,0,-833000,0,0,0,0,833000,-833000,-833000
063219,友達群益9B購03  ,0,0,0,0,0,0,0,0,0,-837000,0,0,0,16000,853000,-837000,-837000
066226,惠特國泰03購01  ,0,0,0,0,0,0,0,0,0,-839000,0,0,0,43000,882000,-839000,-839000
2412,中華電          ,1501308,2652122,-1150814,0,0,0,298000,0,298000,1000,3000,0,3000,50000,52000,-2000,-851814
063676,上銀國泰9C購02  ,0,0,0,0,0,0,0,0,0,-854000,0,0,0,178000,1032000,-854000,-854000
2379,瑞昱            ,1013319,1692162,-678843,0,0,0,0,160000,-160000,-18000,48000,34000,14000,39000,71000,-32000,-856843
063353,上銀元富9B購03  ,0,0,0,0,0,0,0,0,0,-859000,0,0,0,27000,886000,-859000,-859000
067031,華擎元富01購01  ,0,0,0,0,0,0,0,0,0,-859000,0,0,0,30000,889000,-859000,-859000
2324,仁寶            ,3173745,6008521,-2834776,0,0,0,2348000,0,2348000,-376000,0,216000,-216000,44000,204000,-160000,-862776
068118,欣興元富07購03  ,0,0,0,0,0,0,0,0,0,-863000,0,0,0,342000,1205000,-863000,-863000
066291,惠特元大01購01  ,0,0,0,0,0,0,0,0,0,-865000,0,0,0,126000,991000,-865000,-865000
063269,儒鴻兆豐9C購01  ,0,0,0,0,0,0,0,0,0,-873000,0,0,0,0,873000,-873000,-873000
067689,惠特元大01購03  ,0,0,0,0,0,0,0,0,0,-883000,0,0,0,85000,968000,-883000,-883000
067097,為升群益01購01  ,0,0,0,0,0,0,0,0,0,-883000,0,0,0,10000,893000,-883000,-883000
00861,元大全球未來通訊,30000,30000,0,0,0,0,0,0,0,-884000,0,0,0,110000,994000,-884000,-884000
068583,信邦永豐01購01  ,0,0,0,0,0,0,0,0,0,-905000,0,0,0,0,905000,-905000,-905000
063398,信邦群益9B購02  ,0,0,0,0,0,0,0,0,0,-906000,0,0,0,33000,939000,-906000,-906000
067217,康控元大01購02  ,0,0,0,0,0,0,0,0,0,-906000,0,0,0,177000,1083000,-906000,-906000
07347P,上証2X凱基99售02,0,0,0,0,0,0,0,0,0,-909000,0,0,0,0,909000,-909000,-909000
065043,新光金凱基02購01,0,0,0,0,0,0,0,0,0,-911000,0,0,0,0,911000,-911000,-911000
062069,喬山元大9B購01  ,0,0,0,0,0,0,0,0,0,-917000,0,0,0,15000,932000,-917000,-917000
08118P,嘉澤元富9B售02  ,0,0,0,0,0,0,0,0,0,-919000,0,0,0,79000,998000,-919000,-919000
03689C,T50反1元大02牛01,0,0,0,0,0,0,0,0,0,-922000,0,0,0,279000,1201000,-922000,-922000
2456,奇力新          ,728000,1631000,-903000,0,0,0,150000,0,150000,-173000,81000,18000,63000,39000,275000,-236000,-926000
066773,美律富邦03購01  ,3000,0,3000,0,0,0,0,0,0,-932000,0,0,0,42000,974000,-932000,-929000
2484,希華            ,379000,1310000,-931000,0,0,0,0,0,0,-1000,0,1000,-1000,0,0,0,-932000
067511,拓凱統一01購01  ,0,0,0,0,0,0,0,0,0,-936000,0,0,0,4000,940000,-936000,-936000
065034,玉晶光統一01購11,0,0,0,0,0,0,0,0,0,-936000,0,0,0,1393000,2329000,-936000,-936000
00693U,街口S&P黃豆     ,0,0,0,0,0,0,0,0,0,-939000,0,0,0,292000,1231000,-939000,-939000
061085,聯茂兆豐9A購01  ,0,0,0,0,0,0,0,0,0,-949000,0,0,0,120000,1069000,-949000,-949000
08150P,立積國票9C售01  ,0,0,0,0,0,0,0,0,0,-954000,0,0,0,60000,1014000,-954000,-954000
063145,台表科統一02購01,0,0,0,0,0,0,0,0,0,-954000,0,0,0,74000,1028000,-954000,-954000
062401,信邦永豐9B購01  ,0,0,0,0,0,0,0,0,0,-957000,0,0,0,3000,960000,-957000,-957000
07101P,台郡元大99售06  ,0,0,0,0,0,0,0,0,0,-959000,0,0,0,0,959000,-959000,-959000
068380,欣興永豐01購05  ,0,0,0,0,0,0,0,0,0,-970000,0,0,0,201000,1171000,-970000,-970000
065586,嘉聯益富邦03購01,0,0,0,0,0,0,0,0,0,-977000,0,0,0,20000,997000,-977000,-977000
054827,宏全元大9A購01  ,0,0,0,0,0,0,0,0,0,-978000,0,0,0,42000,1020000,-978000,-978000
067862,泰豐元大01購02  ,0,0,0,0,0,0,0,0,0,-982000,0,0,0,68000,1050000,-982000,-982000
065451,台表科統一02購04,0,0,0,0,0,0,0,0,0,-982000,0,0,0,160000,1142000,-982000,-982000
9945,潤泰新          ,340267,1263163,-922896,0,0,0,794,0,794,-66000,12000,12000,0,29000,95000,-66000,-988102
068011,台表科元大01購05,0,0,0,0,0,0,0,0,0,-997000,0,0,0,113000,1110000,-997000,-997000
067003,聯發科永豐01購02,0,0,0,0,0,0,0,0,0,-1001000,0,0,0,160000,1161000,-1001000,-1001000
07597P,臺股指中信01售02,0,0,0,0,0,0,0,0,0,-1004000,0,0,0,105000,1109000,-1004000,-1004000
067690,惠特元大01購04  ,0,0,0,0,0,0,0,0,0,-1005000,0,0,0,41000,1046000,-1005000,-1005000
060100,新光金元大9C購01,0,0,0,0,0,0,0,0,0,-1007000,0,0,0,300000,1307000,-1007000,-1007000
08584P,立積群益9C售02  ,0,0,0,0,0,0,0,0,0,-1008000,0,0,0,50000,1058000,-1008000,-1008000
067122,眾達國泰03購02  ,0,0,0,0,0,0,0,0,0,-1018000,0,0,0,0,1018000,-1018000,-1018000
08272P,鴻海元富9C售02  ,0,0,0,0,0,0,0,0,0,-1022000,0,0,0,374000,1396000,-1022000,-1022000
067500,台表科元大01購03,0,0,0,0,0,0,0,0,0,-1022000,0,0,0,116000,1138000,-1022000,-1022000
067509,京鼎統一01購01  ,0,0,0,0,0,0,0,0,0,-1025000,0,0,0,94000,1119000,-1025000,-1025000
1314,中石化          ,1936000,2321000,-385000,0,0,0,0,0,0,-640000,0,0,0,94000,734000,-640000,-1025000
067308,欣興元大01購03  ,0,0,0,0,0,0,0,0,0,-1029000,0,0,0,292000,1321000,-1029000,-1029000
064373,和大元富03購01  ,0,0,0,0,0,0,0,0,0,-1029000,0,0,0,30000,1059000,-1029000,-1029000
068665,聯電統一02購02  ,0,0,0,0,0,0,0,0,0,-1036000,0,0,0,350000,1386000,-1036000,-1036000
6443,元晶            ,1089000,2132292,-1043292,0,0,0,0,0,0,0,0,0,0,0,0,0,-1043292
2492,華新科          ,511210,1695093,-1183883,0,0,0,0,0,0,140000,183000,61000,122000,241000,223000,18000,-1043883
067712,惠特元富04購01  ,0,0,0,0,0,0,0,0,0,-1049000,0,0,0,214000,1263000,-1049000,-1049000
067064,為升元大01購02  ,0,0,0,0,0,0,0,0,0,-1050000,0,0,0,0,1050000,-1050000,-1050000
058511,華新科元大9B購01,0,0,0,0,0,0,0,0,0,-1056000,0,0,0,20000,1076000,-1056000,-1056000
08702P,南電康和01售01  ,0,0,0,0,0,0,0,0,0,-1061000,0,0,0,0,1061000,-1061000,-1061000
065457,旭富元富03購01  ,0,0,0,0,0,0,0,0,0,-1069000,0,0,0,25000,1094000,-1069000,-1069000
068182,群創群益04購01  ,0,0,0,0,0,0,0,0,0,-1072000,0,0,0,20000,1092000,-1072000,-1072000
066315,南帝永豐01購01  ,0,0,0,0,0,0,0,0,0,-1080000,0,0,0,360000,1440000,-1080000,-1080000
068464,聯詠富邦03購02  ,0,0,0,0,0,0,0,0,0,-1107000,0,0,0,288000,1395000,-1107000,-1107000
2390,云辰            ,438000,1547000,-1109000,0,0,0,0,0,0,-1000,0,1000,-1000,0,0,0,-1110000
2208,台船            ,228000,1283000,-1055000,0,0,0,0,0,0,-55000,0,0,0,94000,149000,-55000,-1110000
067588,欣興群益01購04  ,0,0,0,0,0,0,0,0,0,-1114000,0,0,0,498000,1612000,-1114000,-1114000
060697,鴻海國泰9C購01  ,0,0,0,0,0,0,0,0,0,-1137000,0,0,0,0,1137000,-1137000,-1137000
058445,旺宏富邦9C購01  ,0,0,0,0,0,0,0,0,0,-1173000,0,0,0,137000,1310000,-1173000,-1173000
063922,大立光元富9C購04,0,0,0,0,0,0,0,0,0,-1188000,0,0,0,8000,1196000,-1188000,-1188000
061659,信邦永豐9A購01  ,0,0,0,0,0,0,0,0,0,-1197000,0,0,0,11000,1208000,-1197000,-1197000
067515,美利達統一03購03,0,0,0,0,0,0,0,0,0,-1221000,0,0,0,200000,1421000,-1221000,-1221000
065563,T50反1群益9C購04,0,0,0,0,0,0,0,0,0,-1225000,0,0,0,369000,1594000,-1225000,-1225000
6209,今國光          ,1887000,2850000,-963000,0,0,0,0,0,0,-273000,0,273000,-273000,0,0,0,-1236000
057555,玉晶光凱基9A購02,0,0,0,0,0,0,0,0,0,-1272000,0,0,0,307000,1579000,-1272000,-1272000
2002,中鋼            ,2753307,3970483,-1217176,0,0,0,14000,0,14000,-70000,6000,0,6000,11000,87000,-76000,-1273176
2897,王道銀行        ,54000,1307000,-1253000,0,0,0,1000,0,1000,-22000,64000,50000,14000,0,36000,-36000,-1274000
2327,國巨            ,778301,2332109,-1553808,0,0,0,92000,0,92000,153000,289000,69000,220000,78000,145000,-67000,-1308808
066932,京元電國票02購01,0,0,0,0,0,0,0,0,0,-1319000,0,0,0,22000,1341000,-1319000,-1319000
08155P,聯發科元富9B售05,0,0,0,0,0,0,0,0,0,-1343000,0,0,0,0,1343000,-1343000,-1343000
067063,為升元大01購01  ,0,0,0,0,0,0,0,0,0,-1348000,0,0,0,104000,1452000,-1348000,-1348000
067239,聯陽群益01購01  ,0,0,0,0,0,0,0,0,0,-1349000,0,0,0,142000,1491000,-1349000,-1349000
3045,台灣大          ,392103,2408487,-2016384,0,0,0,336000,0,336000,331000,331000,0,331000,0,0,0,-1349384
08158P,嘉澤元富9B售03  ,0,0,0,0,0,0,0,0,0,-1364000,0,0,0,194000,1558000,-1364000,-1364000
2301,光寶科          ,5681802,7919624,-2237822,0,0,0,991000,0,991000,-129000,25000,58000,-33000,20000,116000,-96000,-1375822
066508,世紀鋼富邦03購01,0,0,0,0,0,0,0,0,0,-1390000,0,0,0,195000,1585000,-1390000,-1390000
1101,台泥            ,5041673,5423371,-381698,0,0,0,91000,1536000,-1445000,405000,432000,0,432000,69000,96000,-27000,-1421698
2890,永豐金          ,3023441,7417994,-4394553,0,0,0,2639000,0,2639000,288000,2000,20000,-18000,333000,27000,306000,-1467553
068680,聯陽國泰03購01  ,0,0,0,0,0,0,0,0,0,-1476000,0,0,0,399000,1875000,-1476000,-1476000
060990,新光金元大9B購03,0,0,0,0,0,0,0,0,0,-1519000,0,0,0,1000,1520000,-1519000,-1519000
067431,新光金凱基01購01,0,0,0,0,0,0,0,0,0,-1528000,0,0,0,12000,1540000,-1528000,-1528000
068536,聯發科中信04購02,0,0,0,0,0,0,0,0,0,-1529000,0,0,0,150000,1679000,-1529000,-1529000
2892,第一金          ,1934141,11654942,-9720801,0,0,0,2012000,0,2012000,6164000,191000,0,191000,6010000,37000,5973000,-1544801
08405P,聯發科元大9C售11,0,0,0,0,0,0,0,0,0,-1572000,0,0,0,35000,1607000,-1572000,-1572000
4906,正文            ,325000,1695000,-1370000,0,0,0,0,0,0,-269000,10000,85000,-75000,38000,232000,-194000,-1639000
067281,T50反1國票01購05,0,0,0,0,0,0,0,0,0,-1641000,0,0,0,125000,1766000,-1641000,-1641000
00876,元大未來關鍵科技,0,0,0,0,0,0,0,0,0,-1741000,0,0,0,1334000,3075000,-1741000,-1741000
053390,彩晶元大9A購01  ,0,0,0,0,0,0,0,0,0,-1771000,0,0,0,38000,1809000,-1771000,-1771000
065773,鴻海國票03購01  ,0,0,0,0,0,0,0,0,0,-1804000,0,0,0,49000,1853000,-1804000,-1804000
6282,康舒            ,610000,2184000,-1574000,0,0,0,0,0,0,-233000,47000,10000,37000,78000,348000,-270000,-1807000
6239,力成            ,811585,3017218,-2205633,0,0,0,340000,0,340000,16000,6000,0,6000,10000,0,10000,-1849633
068110,華新元富03購01  ,0,0,0,0,0,0,0,0,0,-1893000,0,0,0,65000,1958000,-1893000,-1893000
065336,華新統一02購01  ,0,0,0,0,0,0,0,0,0,-1915000,0,0,0,375000,2290000,-1915000,-1915000
2393,億光            ,340000,1805000,-1465000,0,0,0,0,0,0,-627000,7000,284000,-277000,5000,355000,-350000,-2092000
067906,國揚國泰02購01  ,0,0,0,0,0,0,0,0,0,-2099000,0,0,0,352000,2451000,-2099000,-2099000
2834,臺企銀          ,2478016,4381930,-1903914,0,0,0,3000,0,3000,-254000,11000,42000,-31000,0,223000,-223000,-2154914
066931,友達國票02購01  ,0,0,0,0,0,0,0,0,0,-2155000,0,0,0,0,2155000,-2155000,-2155000
1301,台塑            ,1218504,2695127,-1476623,0,0,0,114000,638000,-524000,-196000,4000,200000,-196000,0,0,0,-2196623
066314,台橡永豐01購01  ,0,0,0,0,0,0,0,0,0,-2249000,0,0,0,20000,2269000,-2249000,-2249000
2618,長榮航          ,1722152,4137000,-2414848,0,0,0,3000,0,3000,140000,37000,0,37000,123000,20000,103000,-2271848
068117,欣興元富07購02  ,0,0,0,0,0,0,0,0,0,-2334000,0,0,0,290000,2624000,-2334000,-2334000
3016,嘉晶            ,578000,3042000,-2464000,0,0,0,0,0,0,-35000,12000,11000,1000,80000,116000,-36000,-2499000
2421,建準            ,1563000,4297000,-2734000,0,0,0,15000,0,15000,179000,703000,57000,646000,169000,636000,-467000,-2540000
4142,國光生          ,3008000,5518000,-2510000,0,0,0,0,0,0,-55000,10000,65000,-55000,0,0,0,-2565000
057417,國巨凱基9A購03  ,0,0,0,0,0,0,0,0,0,-2617000,0,0,0,0,2617000,-2617000,-2617000
068057,惠特統一02購02  ,0,0,0,0,0,0,0,0,0,-2665000,0,0,0,47000,2712000,-2665000,-2665000
6213,聯茂            ,536205,1531000,-994795,0,0,0,164000,2093559,-1929559,7990,54000,73010,-19010,32000,5000,27000,-2916364
2886,兆豐金          ,2500957,6557211,-4056254,0,0,0,1309000,200000,1109000,-63000,3000,1000,2000,60000,125000,-65000,-3010254
1609,大亞            ,1830000,5080000,-3250000,0,0,0,0,0,0,100000,100000,0,100000,0,0,0,-3150000
1102,亞泥            ,1466235,4704055,-3237820,0,0,0,79000,0,79000,-56000,41000,0,41000,5000,102000,-97000,-3214820
2344,華邦電          ,4908126,8338881,-3430755,0,0,0,0,0,0,-50000,4000,0,4000,61000,115000,-54000,-3480755
3042,晶技            ,801243,4423000,-3621757,0,0,0,100000,0,100000,-148000,357000,139000,218000,57000,423000,-366000,-3669757
2880,華南金          ,3846958,7704335,-3857377,0,0,0,11000,0,11000,79000,101000,1000,100000,0,21000,-21000,-3767377
5880,合庫金          ,1802473,5857916,-4055443,0,0,0,10000,0,10000,-18000,8000,2000,6000,0,24000,-24000,-4063443
2801,彰銀            ,1201041,5408853,-4207812,0,0,0,9000,0,9000,-13000,0,0,0,0,13000,-13000,-4211812
2891,中信金          ,7844537,13887178,-6042641,0,0,0,1727000,330000,1397000,185000,101000,1000,100000,133000,48000,85000,-4460641
1402,遠東新          ,1210741,5719259,-4508518,0,0,0,4000,0,4000,-109000,45000,2000,43000,8000,160000,-152000,-4613518
2610,華航            ,1164500,2170000,-1005500,0,0,0,0,4050000,-4050000,41000,1000,0,1000,40000,0,40000,-5014500
2481,強茂            ,2058000,7814000,-5756000,0,0,0,0,350000,-350000,63000,729000,629000,100000,397000,434000,-37000,-6043000
4414,如興            ,1439000,8062000,-6623000,0,0,0,0,0,0,-20000,0,20000,-20000,0,0,0,-6643000
2887,台新金          ,3441691,14953831,-11512140,0,0,0,10000,0,10000,4839000,315000,15000,300000,4896000,357000,4539000,-6663140
00677U,富邦VIX         ,4128000,5708000,-1580000,0,0,0,0,0,0,-5319000,800000,0,800000,891000,7010000,-6119000,-6899000
2449,京元電子        ,1212904,8269000,-7056096,0,0,0,0,0,0,41000,156000,143000,13000,141000,113000,28000,-7015096
2337,旺宏            ,1022000,7863000,-6841000,0,0,0,0,30000,-30000,-191000,74000,37000,37000,224000,452000,-228000,-7062000
2408,南亞科          ,1935526,9749363,-7813837,0,0,0,713000,237000,476000,31000,148000,123000,25000,29000,23000,6000,-7306837
2371,大同            ,2479000,12411662,-9932662,0,0,0,0,0,0,708000,738000,30000,708000,0,0,0,-9224662
00715L,街口布蘭特油正2 ,821000,929000,-108000,0,0,0,0,0,0,-9399000,0,0,0,17000,9416000,-9399000,-9507000
00653L,富邦印度正2     ,672000,418000,254000,0,0,0,0,0,0,-10597000,0,0,0,434000,11031000,-10597000,-10343000
00878,國泰永續高股息  ,12658000,0,12658000,0,0,0,0,0,0,-23223000,50000,0,50000,2442000,25715000,-23273000,-10565000
2368,金像電          ,2076510,16295000,-14218490,0,0,0,0,992000,-992000,159000,321000,150000,171000,144000,156000,-12000,-15051490
3711,日月光投控      ,3738942,23516958,-19778016,0,0,0,3000,44000,-41000,-654000,133000,791000,-658000,99000,95000,4000,-20473016
00632R,元大台灣50反1   ,37868000,3175000,34693000,0,0,0,0,0,0,-65705000,451000,3839000,-3388000,1651000,63968000,-62317000,-31012000
2303,聯電            ,32885637,117644177,-84758540,0,0,0,3156000,8927000,-5771000,-4436000,793000,2889000,-2096000,1169000,3509000,-2340000,-94965540
