證券代號,證券名稱,外陸資買進股數(不含外資自營商),外陸資賣出股數(不含外資自營商),外陸資買賣超股數(不含外資自營商),外資自營商買進股數,外資自營商賣出股數,外資自營商買賣超股數,投信買進股數,投信賣出股數,投信買賣超股數,自營商買賣超股數,自營商買進股數(自行買賣),自營商賣出股數(自行買賣),自營商買賣超股數(自行買賣),自營商買進股數(避險),自營商賣出股數(避險),自營商買賣超股數(避險),三大法人買賣超股數
00677U,富邦VIX         ,103633000,48885000,54748000,0,0,0,0,0,0,40436000,5970000,5211000,759000,64290000,24613000,39677000,95184000
3231,緯創            ,12760000,5432962,7327038,0,0,0,0,0,0,17000,8000,13000,-5000,61000,39000,22000,7344038
3266,昇陽            ,5490000,12000,5478000,0,0,0,0,0,0,0,0,0,0,0,0,0,5478000
3037,欣興            ,10177000,4397000,5780000,0,0,0,200000,90000,110000,-1583000,83000,1374000,-1291000,109000,401000,-292000,4307000
2368,金像電          ,9610000,5213000,4397000,0,0,0,0,0,0,-1358000,920000,2398000,-1478000,269000,149000,120000,3039000
2610,華航            ,5742000,3163000,2579000,0,0,0,0,0,0,10000,0,0,0,10000,0,10000,2589000
2377,微星            ,4873000,1356000,3517000,0,0,0,1188000,1801000,-613000,-393000,113000,163000,-50000,113000,456000,-343000,2511000
2421,建準            ,3149000,1531000,1618000,0,0,0,400000,0,400000,480000,140000,104000,36000,512000,68000,444000,2498000
2614,東森            ,4589000,2241000,2348000,0,0,0,0,0,0,0,0,0,0,0,0,0,2348000
2356,英業達          ,5133000,2906000,2227000,0,0,0,0,0,0,-117000,9000,0,9000,55000,181000,-126000,2110000
061610,力成統一9C購01  ,0,0,0,0,0,0,0,0,0,2015000,0,0,0,2296000,281000,2015000,2015000
054546,玉晶光中信9B購01,0,0,0,0,0,0,0,0,0,1662000,0,0,0,2516000,854000,1662000,1662000
2376,技嘉            ,3589000,2675000,914000,0,0,0,1636000,0,1636000,-972000,145000,295000,-150000,130000,952000,-822000,1578000
061031,神隆永豐9A購02  ,0,0,0,0,0,0,0,0,0,1562000,0,0,0,1799000,237000,1562000,1562000
056954,聯詠富邦9A購01  ,0,0,0,0,0,0,0,0,0,1530000,0,0,0,1918000,388000,1530000,1530000
3006,晶豪科          ,2476000,527000,1949000,0,0,0,0,0,0,-432000,28000,218000,-190000,193000,435000,-242000,1517000
2357,華碩            ,2929000,1540050,1388950,0,0,0,77000,0,77000,51000,62000,13000,49000,4000,2000,2000,1516950
3533,嘉澤            ,2142000,713000,1429000,0,0,0,258000,139000,119000,-91000,59000,156000,-97000,50000,44000,6000,1457000
052296,TPK國票96購01   ,0,0,0,0,0,0,0,0,0,1414000,0,0,0,1414000,0,1414000,1414000
061263,微星凱基9A購01  ,0,0,0,0,0,0,0,0,0,1386000,0,0,0,1741000,355000,1386000,1386000
052456,滬深2X元富9B購03,0,0,0,0,0,0,0,0,0,1370000,0,0,0,1370000,0,1370000,1370000
061159,同欣電群益9A購01,0,0,0,0,0,0,0,0,0,1362000,0,0,0,1635000,273000,1362000,1362000
060416,神隆永豐9A購01  ,0,0,0,0,0,0,0,0,0,1350000,0,0,0,1370000,20000,1350000,1350000
059350,樺漢凱基9A購01  ,0,0,0,0,0,0,0,0,0,1341000,0,0,0,1546000,205000,1341000,1341000
2478,大毅            ,3004000,1970000,1034000,0,0,0,0,0,0,305000,54000,0,54000,335000,84000,251000,1339000
2347,聯強            ,3509000,2885000,624000,0,0,0,800000,0,800000,-91000,4000,108000,-104000,24000,11000,13000,1333000
01003T,兆豐新光R1      ,1321000,4000,1317000,0,0,0,0,0,0,0,0,0,0,0,0,0,1317000
2382,廣達            ,3829000,2775000,1054000,0,0,0,373000,0,373000,-156000,0,182000,-182000,34000,8000,26000,1271000
054805,台苯元大9A購01  ,0,0,0,0,0,0,0,0,0,1261000,0,0,0,1261000,0,1261000,1261000
052425,華通台新95購02  ,0,0,0,0,0,0,0,0,0,1240000,0,0,0,1240000,0,1240000,1240000
2345,智邦            ,2704000,1877425,826575,0,0,0,200000,0,200000,209000,325000,131000,194000,71000,56000,15000,1235575
061085,聯茂兆豐9A購01  ,0,0,0,0,0,0,0,0,0,1185000,0,0,0,1301000,116000,1185000,1185000
4142,國光生          ,5355000,4212000,1143000,0,0,0,0,0,0,27000,1000,0,1000,30000,4000,26000,1170000
060566,聯詠富邦9C購01  ,0,0,0,0,0,0,0,0,0,1138000,0,0,0,1330000,192000,1138000,1138000
00637L,元大滬深300正2  ,6429000,2832000,3597000,0,0,0,0,0,0,-2462000,0,198000,-198000,13433000,15697000,-2264000,1135000
1210,大成            ,1244000,488000,756000,0,0,0,555000,0,555000,-216000,4000,220000,-216000,0,0,0,1095000
054354,技嘉富邦97購01  ,0,0,0,0,0,0,0,0,0,1091000,0,0,0,1202000,111000,1091000,1091000
060365,京鼎元富9A購01  ,0,0,0,0,0,0,0,0,0,1089000,0,0,0,1103000,14000,1089000,1089000
061612,南六統一9A購01  ,0,0,0,0,0,0,0,0,0,1022000,0,0,0,1039000,17000,1022000,1022000
00671R,富邦NASDAQ反1   ,15000,91000,-76000,0,0,0,0,0,0,1084000,0,0,0,1304000,220000,1084000,1008000
052223,聯電凱基96購02  ,0,0,0,0,0,0,0,0,0,993000,0,0,0,1083000,90000,993000,993000
4133,亞諾法          ,2013000,1035000,978000,0,0,0,0,0,0,0,0,0,0,0,0,0,978000
8926,台汽電          ,1626000,672000,954000,0,0,0,0,0,0,12000,0,0,0,55000,43000,12000,966000
061780,國巨群益9C購01  ,0,17000,-17000,0,0,0,0,0,0,980000,0,0,0,1113000,133000,980000,963000
058841,深中小群益01購01,0,0,0,0,0,0,0,0,0,960000,0,0,0,1449000,489000,960000,960000
060631,微星富邦9B購01  ,0,0,0,0,0,0,0,0,0,955000,0,0,0,1447000,492000,955000,955000
060243,潤泰全元大9C購02,0,0,0,0,0,0,0,0,0,941000,0,0,0,944000,3000,941000,941000
050934,喬山國票96購01  ,0,0,0,0,0,0,0,0,0,940000,0,0,0,940000,0,940000,940000
8021,尖點            ,1143000,213000,930000,0,0,0,0,0,0,0,0,0,0,0,0,0,930000
060123,光罩永豐99購02  ,0,0,0,0,0,0,0,0,0,928000,0,0,0,1258000,330000,928000,928000
060713,聯詠永豐9A購01  ,0,0,0,0,0,0,0,0,0,913000,0,0,0,994000,81000,913000,913000
059948,正文永豐99購01  ,0,0,0,0,0,0,0,0,0,895000,0,0,0,991000,96000,895000,895000
3515,華擎            ,1061000,782000,279000,0,0,0,522000,0,522000,86000,94000,59000,35000,281000,230000,51000,887000
06852P,臺股指元大98售11,0,0,0,0,0,0,0,0,0,884000,0,0,0,1805000,921000,884000,884000
6412,群電            ,1296000,450000,846000,0,0,0,0,0,0,37000,0,0,0,37000,0,37000,883000
060702,玉晶光國泰9C購02,0,0,0,0,0,0,0,0,0,841000,0,0,0,1668000,827000,841000,841000
054826,復盛元大9A購01  ,0,0,0,0,0,0,0,0,0,837000,0,0,0,837000,0,837000,837000
060788,嘉晶富邦9B購01  ,0,0,0,0,0,0,0,0,0,836000,0,0,0,862000,26000,836000,836000
057998,玉晶光麥證9A購01,0,0,0,896000,62000,834000,0,0,0,834000,0,0,0,896000,62000,834000,834000
061886,力山國泰01購01  ,0,0,0,0,0,0,0,0,0,828000,0,0,0,837000,9000,828000,828000
1513,中興電          ,954000,218000,736000,0,0,0,0,0,0,90000,76000,81000,-5000,95000,0,95000,826000
062006,瑞昱國泰9C購01  ,0,0,0,0,0,0,0,0,0,819000,0,0,0,851000,32000,819000,819000
00708L,元大S&P黃金正2  ,387000,28000,359000,0,0,0,0,0,0,454000,0,0,0,1700000,1246000,454000,813000
060417,正隆永豐9A購01  ,0,0,0,0,0,0,0,0,0,806000,0,0,0,1046000,240000,806000,806000
059680,台積電國泰9A購03,0,0,0,0,0,0,0,0,0,798000,0,0,0,1570000,772000,798000,798000
061450,嘉晶中信9A購01  ,0,0,0,0,0,0,0,0,0,787000,0,0,0,849000,62000,787000,787000
07612P,國巨國泰9B售06  ,0,0,0,0,0,0,0,0,0,786000,0,0,0,1053000,267000,786000,786000
062132,神隆群益9B購01  ,0,0,0,0,0,0,0,0,0,780000,0,0,0,780000,0,780000,780000
056121,勤誠群益97購01  ,0,0,0,0,0,0,0,0,0,760000,0,0,0,851000,91000,760000,760000
061185,嘉晶國泰9B購01  ,0,0,0,0,0,0,0,0,0,744000,0,0,0,812000,68000,744000,744000
061264,全新凱基9B購01  ,0,0,0,0,0,0,0,0,0,742000,0,0,0,762000,20000,742000,742000
062061,台勝科統一01購01,0,0,0,0,0,0,0,0,0,739000,0,0,0,790000,51000,739000,739000
061371,嘉澤國泰9C購01  ,0,0,0,0,0,0,0,0,0,738000,0,0,0,780000,42000,738000,738000
060746,玉晶光國票9B購02,0,0,0,0,0,0,0,0,0,728000,0,0,0,1046000,318000,728000,728000
059767,矽力永豐99購01  ,0,0,0,0,0,0,0,0,0,726000,0,0,0,736000,10000,726000,726000
053882,聯發科中信98購02,0,0,0,0,0,0,0,0,0,712000,0,0,0,713000,1000,712000,712000
058522,聯茂元大99購07  ,0,0,0,0,0,0,0,0,0,712000,0,0,0,747000,35000,712000,712000
054082,楠梓電元富96購01,0,0,0,0,0,0,0,0,0,709000,0,0,0,914000,205000,709000,709000
3090,日電貿          ,954000,188000,766000,0,0,0,0,0,0,-61000,5000,0,5000,3000,69000,-66000,705000
056487,康友元大98購01  ,0,0,0,0,0,0,0,0,0,700000,0,0,0,700000,0,700000,700000
061275,臺股指凱基9A購25,0,0,0,0,0,0,0,0,0,699000,0,0,0,1169000,470000,699000,699000
057325,可成群益9A購01  ,0,0,0,0,0,0,0,0,0,695000,0,0,0,709000,14000,695000,695000
1904,正隆            ,1011000,879000,132000,0,0,0,650000,0,650000,-89000,57000,0,57000,0,146000,-146000,693000
2049,上銀            ,1375000,544000,831000,0,0,0,2000,187000,-185000,45000,74000,31000,43000,14000,12000,2000,691000
047564,滬深2X國票99購01,0,0,0,0,0,0,0,0,0,690000,0,0,0,790000,100000,690000,690000
062290,聯發科富邦9C購04,0,0,0,0,0,0,0,0,0,689000,0,0,0,782000,93000,689000,689000
053073,技嘉康和96購01  ,0,0,0,0,0,0,0,0,0,685000,0,0,0,844000,159000,685000,685000
062297,億豐永豐9B購01  ,0,0,0,0,0,0,0,0,0,684000,0,0,0,684000,0,684000,684000
061508,南六國泰9C購02  ,0,0,0,0,0,0,0,0,0,678000,0,0,0,690000,12000,678000,678000
00636,國泰中國A50     ,87000,3000,84000,0,0,0,0,0,0,593000,80000,0,80000,627000,114000,513000,677000
062350,台表科群益9B購01,0,0,0,0,0,0,0,0,0,675000,0,0,0,793000,118000,675000,675000
00654R,富邦印度反1     ,360000,0,360000,0,0,0,0,0,0,312000,0,0,0,323000,11000,312000,672000
056320,京鼎群益99購01  ,0,0,0,0,0,0,0,0,0,660000,0,0,0,1327000,667000,660000,660000
062096,神隆永豐9B購01  ,0,0,0,0,0,0,0,0,0,659000,0,0,0,834000,175000,659000,659000
062036,致新群益9B購01  ,0,0,0,0,0,0,0,0,0,654000,0,0,0,810000,156000,654000,654000
057886,聯詠群益98購01  ,0,0,0,0,0,0,0,0,0,654000,0,0,0,789000,135000,654000,654000
060915,旭富元大9A購01  ,0,0,0,0,0,0,0,0,0,651000,0,0,0,1016000,365000,651000,651000
058409,鴻海兆豐99購05  ,0,0,0,0,0,0,0,0,0,651000,0,0,0,701000,50000,651000,651000
061059,世芯國票9B購01  ,0,0,0,0,0,0,0,0,0,646000,0,0,0,646000,0,646000,646000
00643,群益深証中小    ,628000,2000,626000,0,0,0,0,0,0,19000,10000,0,10000,95000,86000,9000,645000
060821,SP黃豆元大9A購02,0,0,0,0,0,0,0,0,0,640000,0,0,0,661000,21000,640000,640000
062229,南六統一9B購01  ,0,0,0,0,0,0,0,0,0,633000,0,0,0,633000,0,633000,633000
056686,可成統一98購01  ,0,0,0,0,0,0,0,0,0,627000,0,0,0,668000,41000,627000,627000
058049,帆宣元大98購01  ,0,0,0,0,0,0,0,0,0,627000,0,0,0,627000,0,627000,627000
058691,友訊國票9A購01  ,0,0,0,0,0,0,0,0,0,625000,0,0,0,627000,2000,625000,625000
058143,瑞儀元大99購02  ,0,0,0,0,0,0,0,0,0,623000,0,0,0,633000,10000,623000,623000
062126,創意統一9B購01  ,0,0,0,0,0,0,0,0,0,611000,0,0,0,767000,156000,611000,611000
3014,聯陽            ,1034000,383000,651000,0,0,0,0,0,0,-41000,0,0,0,0,41000,-41000,610000
062125,嘉晶統一9B購01  ,0,0,0,0,0,0,0,0,0,604000,0,0,0,688000,84000,604000,604000
3437,榮創            ,889000,289000,600000,0,0,0,0,0,0,0,0,0,0,0,0,0,600000
057307,瀚宇博兆豐99購01,0,0,0,0,0,0,0,0,0,598000,0,0,0,645000,47000,598000,598000
059766,同欣電永豐99購03,0,0,0,0,0,0,0,0,0,598000,0,0,0,636000,38000,598000,598000
057987,大立光元富98購02,0,0,0,0,0,0,0,0,0,596000,0,0,0,845000,249000,596000,596000
8081,致新            ,1314000,411000,903000,0,0,0,0,200000,-200000,-109000,4000,12000,-8000,0,101000,-101000,594000
8046,南電            ,1601000,755000,846000,0,0,0,0,0,0,-260000,24000,179000,-155000,2000,107000,-105000,586000
061688,華通群益9A購07  ,0,0,0,0,0,0,0,0,0,584000,0,0,0,710000,126000,584000,584000
062233,神隆凱基9B購01  ,0,0,0,0,0,0,0,0,0,581000,0,0,0,611000,30000,581000,581000
062395,台表科富邦9C購01,0,0,0,0,0,0,0,0,0,577000,0,0,0,627000,50000,577000,577000
06603P,立積統一99售01  ,0,0,0,0,0,0,0,0,0,577000,0,0,0,668000,91000,577000,577000
057955,技嘉元大98購07  ,0,0,0,0,0,0,0,0,0,575000,0,0,0,789000,214000,575000,575000
059004,嘉晶元大99購05  ,0,0,0,0,0,0,0,0,0,568000,0,0,0,704000,136000,568000,568000
055744,茂林元富97購02  ,0,0,0,0,0,0,0,0,0,563000,0,0,0,623000,60000,563000,563000
059368,T50正2元富99購02,0,0,0,0,0,0,0,0,0,558000,0,0,0,565000,7000,558000,558000
061640,智原元大9A購01  ,0,0,0,0,0,0,0,0,0,556000,0,0,0,728000,172000,556000,556000
058727,嘉晶富邦9A購01  ,0,0,0,0,0,0,0,0,0,555000,0,0,0,921000,366000,555000,555000
061548,聯詠群益9A購02  ,0,0,0,0,0,0,0,0,0,554000,0,0,0,580000,26000,554000,554000
061439,寶成凱基9A購01  ,0,0,0,0,0,0,0,0,0,548000,0,0,0,558000,10000,548000,548000
00639,富邦深100       ,683000,0,683000,0,0,0,0,0,0,-136000,0,0,0,966000,1102000,-136000,547000
057717,友訊元富98購02  ,0,0,0,0,0,0,0,0,0,545000,0,0,0,824000,279000,545000,545000
056589,康控統一98購01  ,0,0,0,0,0,0,0,0,0,544000,0,0,0,549000,5000,544000,544000
3026,禾伸堂          ,941000,289000,652000,0,0,0,0,0,0,-108000,30000,102000,-72000,30000,66000,-36000,544000
061142,南電統一9A購01  ,0,0,0,0,0,0,0,0,0,541000,0,0,0,553000,12000,541000,541000
060133,牧德群益9B購01  ,0,0,0,0,0,0,0,0,0,540000,0,0,0,550000,10000,540000,540000
058142,瑞儀元大99購01  ,0,0,0,0,0,0,0,0,0,538000,0,0,0,706000,168000,538000,538000
055197,致新元富97購02  ,0,0,0,0,0,0,0,0,0,535000,0,0,0,605000,70000,535000,535000
1760,寶齡富錦        ,1554000,1465000,89000,0,0,0,466000,0,466000,-21000,0,21000,-21000,0,0,0,534000
054567,拓凱群益98購01  ,0,0,0,0,0,0,0,0,0,528000,0,0,0,828000,300000,528000,528000
061065,神基凱基9A購01  ,0,0,0,0,0,0,0,0,0,525000,0,0,0,663000,138000,525000,525000
061189,可成富邦9B購02  ,0,0,0,0,0,0,0,0,0,524000,0,0,0,524000,0,524000,524000
1722,台肥            ,1558000,1362000,196000,0,0,0,300000,0,300000,27000,26000,0,26000,118000,117000,1000,523000
060870,旭富群益9A購01  ,0,0,0,0,0,0,0,0,0,513000,0,0,0,567000,54000,513000,513000
061896,景碩永豐9B購01  ,0,0,0,0,0,0,0,0,0,512000,0,0,0,542000,30000,512000,512000
062407,同欣電永豐9B購01,0,0,0,0,0,0,0,0,0,511000,0,0,0,550000,39000,511000,511000
058878,旭富國泰9B購01  ,0,0,0,0,0,0,0,0,0,511000,0,0,0,628000,117000,511000,511000
056283,鴻海永豐97購03  ,0,0,0,0,0,0,0,0,0,510000,0,0,0,610000,100000,510000,510000
051786,A50正2國票95購02,0,0,0,0,0,0,0,0,0,509000,0,0,0,509000,0,509000,509000
055619,同欣電國票98購02,0,0,0,0,0,0,0,0,0,504000,0,0,0,822000,318000,504000,504000
07281P,鴻海凱基99售13  ,0,0,0,0,0,0,0,0,0,500000,0,0,0,510000,10000,500000,500000
06638P,鴻海統一99售02  ,0,0,0,0,0,0,0,0,0,499000,0,0,0,499000,0,499000,499000
054698,同欣電永豐97購01,0,0,0,0,0,0,0,0,0,498000,0,0,0,498000,0,498000,498000
062018,台勝科永豐9B購01,0,0,0,0,0,0,0,0,0,493000,0,0,0,493000,0,493000,493000
054617,超眾永豐97購01  ,0,0,0,0,0,0,0,0,0,490000,0,0,0,500000,10000,490000,490000
055227,聯發科國票98購02,0,0,0,0,0,0,0,0,0,490000,0,0,0,502000,12000,490000,490000
4927,泰鼎-KY         ,1727000,1483000,244000,0,0,0,45000,0,45000,199000,148000,131000,17000,235000,53000,182000,488000
3705,永信            ,613000,152000,461000,0,0,0,0,0,0,23000,23000,0,23000,0,0,0,484000
07344P,鴻海富邦9A售03  ,0,0,0,0,0,0,0,0,0,481000,0,0,0,499000,18000,481000,481000
3557,嘉威            ,601000,123000,478000,0,0,0,0,0,0,0,0,0,0,0,0,0,478000
059006,樺漢元大99購01  ,0,0,0,0,0,0,0,0,0,477000,0,0,0,552000,75000,477000,477000
057802,卜蜂元大98購01  ,0,0,0,0,0,0,0,0,0,477000,0,0,0,636000,159000,477000,477000
061427,旭富元大9A購02  ,0,0,0,0,0,0,0,0,0,475000,0,0,0,832000,357000,475000,475000
057483,微星元大98購04  ,1000,0,1000,0,0,0,0,0,0,474000,0,0,0,622000,148000,474000,475000
061244,和碩兆豐9A購01  ,0,0,0,0,0,0,0,0,0,474000,0,0,0,491000,17000,474000,474000
060484,聯發科富邦9C購02,0,0,0,0,0,0,0,0,0,473000,0,0,0,486000,13000,473000,473000
055196,致新元富97購01  ,0,0,0,0,0,0,0,0,0,471000,0,0,0,541000,70000,471000,471000
2393,億光            ,726000,257000,469000,0,0,0,0,0,0,1000,10000,6000,4000,30000,33000,-3000,470000
053672,嘉澤元富96購02  ,0,0,0,0,0,0,0,0,0,464000,0,0,0,913000,449000,464000,464000
057570,技嘉永豐98購02  ,0,0,0,0,0,0,0,0,0,462000,0,0,0,493000,31000,462000,462000
06320P,上銀統一97售04  ,0,0,0,0,0,0,0,0,0,460000,0,0,0,492000,32000,460000,460000
059188,京元電富邦9B購01,0,0,0,0,0,0,0,0,0,459000,0,0,0,459000,0,459000,459000
057349,聯發科統一98購04,0,0,0,0,0,0,0,0,0,459000,0,0,0,570000,111000,459000,459000
060467,神基元大9A購01  ,0,0,0,0,0,0,0,0,0,455000,0,0,0,523000,68000,455000,455000
053893,京鼎群益97購02  ,0,0,0,0,0,0,0,0,0,455000,0,0,0,461000,6000,455000,455000
053051,楠梓電國票97購01,0,0,0,0,0,0,0,0,0,455000,0,0,0,511000,56000,455000,455000
059977,鴻海元大99購40  ,0,0,0,0,0,0,0,0,0,453000,0,0,0,503000,50000,453000,453000
058525,台虹元大99購02  ,0,0,0,0,0,0,0,0,0,452000,0,0,0,482000,30000,452000,452000
056067,智原元大97購01  ,0,0,0,0,0,0,0,0,0,447000,0,0,0,447000,0,447000,447000
056945,鴻海統一98購12  ,0,0,0,0,0,0,0,0,0,446000,0,0,0,1438000,992000,446000,446000
061625,聯茂群益9A購02  ,0,0,0,0,0,0,0,0,0,444000,0,0,0,558000,114000,444000,444000
062264,南六元大9B購02  ,0,0,0,0,0,0,0,0,0,441000,0,0,0,603000,162000,441000,441000
4106,雃博            ,721000,274000,447000,0,0,0,0,0,0,-7000,0,7000,-7000,0,0,0,440000
060688,世紀鋼元大9C購01,0,0,0,0,0,0,0,0,0,434000,0,0,0,610000,176000,434000,434000
057612,瑞昱元富02購01  ,0,0,0,0,0,0,0,0,0,434000,0,0,0,562000,128000,434000,434000
059841,國巨富邦9C購01  ,0,0,0,0,0,0,0,0,0,433000,0,0,0,705000,272000,433000,433000
061953,台積電台新9B購04,0,0,0,0,0,0,0,0,0,433000,0,0,0,452000,19000,433000,433000
056189,樺漢統一97購02  ,0,0,0,0,0,0,0,0,0,432000,0,0,0,432000,0,432000,432000
057945,京鼎國票99購03  ,0,0,0,0,0,0,0,0,0,429000,0,0,0,468000,39000,429000,429000
061407,鴻海國票9A購07  ,0,0,0,0,0,0,0,0,0,428000,0,0,0,479000,51000,428000,428000
3661,世芯-KY         ,1091000,649000,442000,0,0,0,35000,0,35000,-49000,53000,65000,-12000,22000,59000,-37000,428000
060431,復盛永豐9A購01  ,0,0,0,0,0,0,0,0,0,427000,0,0,0,427000,0,427000,427000
057773,技嘉群益9A購02  ,0,0,0,0,0,0,0,0,0,425000,0,0,0,774000,349000,425000,425000
057517,矽創元富98購02  ,0,0,0,0,0,0,0,0,0,425000,0,0,0,544000,119000,425000,425000
060737,瑞儀統一9C購01  ,0,0,0,0,0,0,0,0,0,424000,0,0,0,424000,0,424000,424000
061151,友訊群益9A購01  ,0,0,0,0,0,0,0,0,0,423000,0,0,0,533000,110000,423000,423000
061077,國巨兆豐9B購01  ,0,0,0,0,0,0,0,0,0,422000,0,0,0,465000,43000,422000,422000
055723,康控元大97購04  ,0,0,0,0,0,0,0,0,0,420000,0,0,0,420000,0,420000,420000
061160,瑞祺群益9A購01  ,0,0,0,0,0,0,0,0,0,414000,0,0,0,471000,57000,414000,414000
061042,致新永豐9A購02  ,0,0,0,0,0,0,0,0,0,414000,0,0,0,419000,5000,414000,414000
061552,南六群益9A購02  ,0,0,0,0,0,0,0,0,0,414000,0,0,0,473000,59000,414000,414000
056187,京鼎統一97購01  ,0,0,0,0,0,0,0,0,0,413000,0,0,0,489000,76000,413000,413000
057927,勤誠凱基98購01  ,0,0,0,0,0,0,0,0,0,411000,0,0,0,421000,10000,411000,411000
053444,奇力新凱基96購03,0,0,0,0,0,0,0,0,0,408000,0,0,0,408000,0,408000,408000
062220,台光電統一01購01,0,0,0,0,0,0,0,0,0,407000,0,0,0,445000,38000,407000,407000
060045,嘉晶群益99購02  ,0,0,0,0,0,0,0,0,0,406000,0,0,0,490000,84000,406000,406000
056098,矽創元富97購02  ,0,0,0,0,0,0,0,0,0,405000,0,0,0,405000,0,405000,405000
046928,奇鋐富邦97購01  ,0,0,0,0,0,0,0,0,0,404000,0,0,0,404000,0,404000,404000
057909,台光電兆豐98購01,0,0,0,0,0,0,0,0,0,404000,0,0,0,459000,55000,404000,404000
07700P,臺股指元大9A售53,0,0,0,0,0,0,0,0,0,404000,0,0,0,419000,15000,404000,404000
058246,帆宣元大99購01  ,0,0,0,0,0,0,0,0,0,403000,0,0,0,419000,16000,403000,403000
051729,華新國票96購01  ,0,0,0,0,0,0,0,0,0,400000,0,0,0,400000,0,400000,400000
055488,華邦電元大98購01,0,0,0,0,0,0,0,0,0,400000,0,0,0,400000,0,400000,400000
054807,台化元大9A購02  ,0,0,0,0,0,0,0,0,0,400000,0,0,0,400000,0,400000,400000
058170,國巨凱基9A購06  ,0,0,0,0,0,0,0,0,0,400000,0,0,0,600000,200000,400000,400000
059173,矽力凱基99購01  ,0,0,0,0,0,0,0,0,0,400000,0,0,0,440000,40000,400000,400000
054532,強茂國泰98購01  ,0,0,0,0,0,0,0,0,0,399000,0,0,0,400000,1000,399000,399000
057568,友訊永豐99購01  ,0,0,0,0,0,0,0,0,0,394000,0,0,0,467000,73000,394000,394000
057626,技嘉富邦9A購01  ,0,0,0,0,0,0,0,0,0,391000,0,0,0,852000,461000,391000,391000
00738U,元大道瓊白銀    ,0,0,0,0,0,0,0,0,0,390000,0,0,0,508000,118000,390000,390000
057493,聯詠元大98購02  ,0,0,0,0,0,0,0,0,0,390000,0,0,0,400000,10000,390000,390000
5269,祥碩            ,772000,314400,457600,0,0,0,11000,78000,-67000,-2000,32000,41000,-9000,33000,26000,7000,388600
058613,茂林元大99購03  ,0,0,0,0,0,0,0,0,0,387000,0,0,0,570000,183000,387000,387000
060512,祥碩元大9A購02  ,0,0,0,0,0,0,0,0,0,385000,0,0,0,441000,56000,385000,385000
055261,帆宣統一98購01  ,0,0,0,0,0,0,0,0,0,384000,0,0,0,401000,17000,384000,384000
057504,技嘉麥證98購01  ,0,0,0,416000,32000,384000,0,0,0,384000,0,0,0,418000,34000,384000,384000
062007,台光電國泰9C購01,0,0,0,0,0,0,0,0,0,382000,0,0,0,405000,23000,382000,382000
061437,燿華凱基9A購01  ,0,0,0,0,0,0,0,0,0,380000,0,0,0,400000,20000,380000,380000
060406,瑞祺國泰9B購01  ,0,0,0,0,0,0,0,0,0,379000,0,0,0,679000,300000,379000,379000
057442,玉晶光統一98購03,0,0,0,0,0,0,0,0,0,379000,0,0,0,447000,68000,379000,379000
060031,旭富永豐99購02  ,0,0,0,0,0,0,0,0,0,378000,0,0,0,502000,124000,378000,378000
061197,矽創永豐9A購02  ,0,0,0,0,0,0,0,0,0,377000,0,0,0,478000,101000,377000,377000
057133,京鼎凱基98購02  ,0,0,0,0,0,0,0,0,0,377000,0,0,0,383000,6000,377000,377000
059469,智邦元大99購03  ,0,0,0,0,0,0,0,0,0,376000,0,0,0,514000,138000,376000,376000
061066,嘉晶凱基9B購01  ,0,0,0,0,0,0,0,0,0,374000,0,0,0,510000,136000,374000,374000
055350,聯發科凱基97購02,0,0,0,0,0,0,0,0,0,374000,0,0,0,375000,1000,374000,374000
060294,嘉澤元大9A購01  ,0,0,0,0,0,0,0,0,0,373000,0,0,0,416000,43000,373000,373000
060632,可成富邦9B購01  ,0,0,0,0,0,0,0,0,0,371000,0,0,0,372000,1000,371000,371000
058146,勤誠元大99購01  ,0,0,0,0,0,0,0,0,0,371000,0,0,0,496000,125000,371000,371000
057298,旭富永豐98購01  ,0,0,0,0,0,0,0,0,0,371000,0,0,0,424000,53000,371000,371000
4977,眾達-KY         ,597000,218000,379000,0,0,0,13000,0,13000,-21000,0,20000,-20000,0,1000,-1000,371000
055762,智伸科群益97購01,0,0,0,0,0,0,0,0,0,370000,0,0,0,370000,0,370000,370000
061136,可成統一9A購01  ,0,0,0,0,0,0,0,0,0,367000,0,0,0,419000,52000,367000,367000
061646,力成元大9A購02  ,0,0,0,0,0,0,0,0,0,367000,0,0,0,523000,156000,367000,367000
057380,技嘉國泰9A購01  ,0,0,0,0,0,0,0,0,0,366000,0,0,0,424000,58000,366000,366000
058247,聯茂元大99購04  ,0,0,0,0,0,0,0,0,0,365000,0,0,0,365000,0,365000,365000
061736,國巨凱基9B購05  ,0,0,0,0,0,0,0,0,0,363000,0,0,0,363000,0,363000,363000
2106,建大            ,109000,235000,-126000,0,0,0,489000,0,489000,0,0,0,0,0,0,0,363000
057699,可成群益9A購02  ,0,0,0,0,0,0,0,0,0,362000,0,0,0,362000,0,362000,362000
061430,致新元大9A購01  ,0,0,0,0,0,0,0,0,0,360000,0,0,0,435000,75000,360000,360000
060784,鴻海富邦9C購01  ,0,0,0,0,0,0,0,0,0,360000,0,0,0,543000,183000,360000,360000
2383,台光電          ,1378000,1270000,108000,0,0,0,524000,5000,519000,-267000,176000,317000,-141000,15000,141000,-126000,360000
060825,聯詠元大9A購05  ,0,0,0,0,0,0,0,0,0,359000,0,0,0,601000,242000,359000,359000
056045,勤誠凱基97購01  ,0,0,0,0,0,0,0,0,0,358000,0,0,0,358000,0,358000,358000
055508,矽力元大97購01  ,0,0,0,0,0,0,0,0,0,358000,0,0,0,358000,0,358000,358000
058801,致伸元大99購01  ,0,0,0,0,0,0,0,0,0,356000,0,0,0,468000,112000,356000,356000
060085,華通元大99購10  ,0,0,0,0,0,0,0,0,0,355000,0,0,0,361000,6000,355000,355000
060249,正文元大9C購01  ,0,0,0,0,0,0,0,0,0,354000,0,0,0,447000,93000,354000,354000
060195,旭富元富9A購02  ,0,0,0,0,0,0,0,0,0,353000,0,0,0,423000,70000,353000,353000
060604,宏達電凱基9B購01,0,0,0,0,0,0,0,0,0,353000,0,0,0,539000,186000,353000,353000
061001,智邦兆豐9B購01  ,0,0,0,0,0,0,0,0,0,353000,0,0,0,468000,115000,353000,353000
062017,京鼎永豐9B購01  ,0,0,0,0,0,0,0,0,0,353000,0,0,0,401000,48000,353000,353000
057260,微星兆豐98購01  ,0,0,0,0,0,0,0,0,0,352000,0,0,0,493000,141000,352000,352000
062161,南六凱基9C購01  ,0,0,0,0,0,0,0,0,0,348000,0,0,0,371000,23000,348000,348000
057475,聯電元大9A購01  ,0,0,0,0,0,0,0,0,0,348000,0,0,0,1022000,674000,348000,348000
061469,瑞祺群益9A購02  ,0,0,0,0,0,0,0,0,0,346000,0,0,0,386000,40000,346000,346000
059560,T50反1凱基99購08,0,0,0,0,0,0,0,0,0,346000,0,0,0,491000,145000,346000,346000
059039,致伸群益99購01  ,0,0,0,0,0,0,0,0,0,346000,0,0,0,346000,0,346000,346000
057827,康友元大98購03  ,0,0,0,0,0,0,0,0,0,345000,0,0,0,360000,15000,345000,345000
060422,台勝科永豐9A購01,0,0,0,0,0,0,0,0,0,343000,0,0,0,398000,55000,343000,343000
059023,可成統一9B購02  ,0,0,0,0,0,0,0,0,0,343000,0,0,0,375000,32000,343000,343000
062193,瑞昱第一9B購01  ,0,0,0,0,0,0,0,0,0,342000,0,0,0,345000,3000,342000,342000
057980,聯詠永豐98購01  ,0,0,0,0,0,0,0,0,0,341000,0,0,0,390000,49000,341000,341000
061823,勤誠群益9B購01  ,0,0,0,0,0,0,0,0,0,340000,0,0,0,360000,20000,340000,340000
060798,旭富永豐9A購01  ,0,0,0,0,0,0,0,0,0,340000,0,0,0,460000,120000,340000,340000
061996,矽格元大9B購01  ,0,0,0,0,0,0,0,0,0,338000,0,0,0,514000,176000,338000,338000
057683,技嘉日盛98購01  ,0,0,0,0,0,0,0,0,0,335000,0,0,0,591000,256000,335000,335000
061915,T50反1凱基02購02,0,0,0,0,0,0,0,0,0,334000,0,0,0,971000,637000,334000,334000
056122,勤誠群益97購02  ,0,0,0,0,0,0,0,0,0,334000,0,0,0,354000,20000,334000,334000
060026,聯發科富邦9B購05,0,0,0,0,0,0,0,0,0,334000,0,0,0,334000,0,334000,334000
060433,億豐永豐9A購01  ,0,0,0,0,0,0,0,0,0,333000,0,0,0,333000,0,333000,333000
053485,矽創國票97購04  ,0,0,0,0,0,0,0,0,0,333000,0,0,0,371000,38000,333000,333000
046937,聯電元大99購01  ,0,0,0,0,0,0,0,0,0,333000,0,0,0,342000,9000,333000,333000
061813,鴻海群益9B購02  ,0,0,0,0,0,0,0,0,0,329000,0,0,0,337000,8000,329000,329000
6271,同欣電          ,1007000,1116000,-109000,0,0,0,308000,10000,298000,140000,233000,45000,188000,37000,85000,-48000,329000
061661,京鼎永豐9A購02  ,0,0,0,0,0,0,0,0,0,327000,0,0,0,427000,100000,327000,327000
061196,世芯永豐9A購06  ,0,0,0,0,0,0,0,0,0,327000,0,0,0,675000,348000,327000,327000
062172,南六永豐9B購01  ,0,0,0,0,0,0,0,0,0,326000,0,0,0,326000,0,326000,326000
060387,盛群凱基9A購01  ,0,0,0,0,0,0,0,0,0,326000,0,0,0,329000,3000,326000,326000
056962,技嘉永豐98購01  ,0,0,0,0,0,0,0,0,0,326000,0,0,0,389000,63000,326000,326000
057675,同欣電元大98購02,0,0,0,0,0,0,0,0,0,325000,0,0,0,493000,168000,325000,325000
058156,超眾統一9A購02  ,0,0,0,0,0,0,0,0,0,325000,0,0,0,431000,106000,325000,325000
059101,康控統一9A購01  ,0,0,0,0,0,0,0,0,0,325000,0,0,0,432000,107000,325000,325000
062357,國巨元大9B購11  ,0,0,0,0,0,0,0,0,0,324000,0,0,0,350000,26000,324000,324000
061451,南電中信9A購03  ,0,0,0,0,0,0,0,0,0,324000,0,0,0,465000,141000,324000,324000
058931,玉晶光統一9C購01,0,0,0,0,0,0,0,0,0,324000,0,0,0,374000,50000,324000,324000
053315,漢唐群益96購02  ,0,0,0,0,0,0,0,0,0,322000,0,0,0,322000,0,322000,322000
059862,全新群益99購04  ,0,0,0,0,0,0,0,0,0,322000,0,0,0,331000,9000,322000,322000
056415,聯發科中信98購04,0,0,0,0,0,0,0,0,0,321000,0,0,0,370000,49000,321000,321000
058180,華新科國泰9A購01,0,0,0,0,0,0,0,0,0,321000,0,0,0,491000,170000,321000,321000
058699,楠梓電元大99購02,0,0,0,0,0,0,0,0,0,318000,0,0,0,404000,86000,318000,318000
061474,瑞昱元大9A購04  ,0,0,0,0,0,0,0,0,0,317000,0,0,0,335000,18000,317000,317000
061007,聯詠兆豐9A購01  ,0,0,0,0,0,0,0,0,0,315000,0,0,0,401000,86000,315000,315000
046628,大立光統一98購01,0,0,0,0,0,0,0,0,0,314000,0,0,0,487000,173000,314000,314000
059201,祥碩永豐99購02  ,0,0,0,0,0,0,0,0,0,314000,0,0,0,430000,116000,314000,314000
061797,聯發科永豐9B購01,0,0,0,0,0,0,0,0,0,312000,0,0,0,312000,0,312000,312000
1218,泰山            ,562000,260000,302000,0,0,0,0,0,0,10000,10000,0,10000,0,0,0,312000
060112,祥碩元大99購04  ,0,0,0,0,0,0,0,0,0,311000,0,0,0,530000,219000,311000,311000
060948,可成第一9A購01  ,0,0,0,0,0,0,0,0,0,310000,0,0,0,310000,0,310000,310000
045877,友達元富95購01  ,0,0,0,0,0,0,0,0,0,310000,0,0,0,311000,1000,310000,310000
057295,可成永豐98購02  ,0,0,0,0,0,0,0,0,0,310000,0,0,0,318000,8000,310000,310000
060738,矽格統一9C購01  ,0,0,0,0,0,0,0,0,0,308000,0,0,0,308000,0,308000,308000
060677,京元電元大9A購04,0,0,0,0,0,0,0,0,0,307000,0,0,0,447000,140000,307000,307000
061367,瑞祺國票9A購01  ,0,0,0,0,0,0,0,0,0,307000,0,0,0,409000,102000,307000,307000
053095,台光電統一98購01,0,0,0,0,0,0,0,0,0,307000,0,0,0,415000,108000,307000,307000
056919,英業達兆豐98購01,0,0,0,0,0,0,0,0,0,307000,0,0,0,398000,91000,307000,307000
061662,瑞儀永豐9A購02  ,0,0,0,0,0,0,0,0,0,306000,0,0,0,306000,0,306000,306000
05283P,健鼎元大95售04  ,0,0,0,0,0,0,0,0,0,305000,0,0,0,305000,0,305000,305000
056321,創意群益98購02  ,0,0,0,0,0,0,0,0,0,305000,0,0,0,315000,10000,305000,305000
00686R,群益臺灣加權反1 ,0,0,0,0,0,0,0,0,0,304000,0,0,0,419000,115000,304000,304000
061578,玉晶光元大9A購16,0,0,0,0,0,0,0,0,0,300000,0,0,0,300000,0,300000,300000
053063,力山群益98購01  ,0,0,0,0,0,0,0,0,0,300000,0,0,0,472000,172000,300000,300000
055509,訊芯元大97購03  ,0,0,0,0,0,0,0,0,0,300000,0,0,0,300000,0,300000,300000
055786,彩晶凱基99購02  ,0,0,0,0,0,0,0,0,0,300000,0,0,0,300000,0,300000,300000
058337,日月光元富99購01,0,0,0,0,0,0,0,0,0,300000,0,0,0,565000,265000,300000,300000
057340,玉晶光元富98購04,0,0,0,0,0,0,0,0,0,300000,0,0,0,360000,60000,300000,300000
061924,聯發科凱基9C購01,0,0,0,0,0,0,0,0,0,299000,0,0,0,299000,0,299000,299000
062045,崇越凱基9B購01  ,0,0,0,0,0,0,0,0,0,299000,0,0,0,300000,1000,299000,299000
057598,鴻海群益98購07  ,0,0,0,0,0,0,0,0,0,298000,0,0,0,298000,0,298000,298000
060795,世芯永豐9A購02  ,0,0,0,0,0,0,0,0,0,297000,0,0,0,407000,110000,297000,297000
053259,卜蜂群益97購01  ,0,0,0,0,0,0,0,0,0,297000,0,0,0,357000,60000,297000,297000
056396,祥碩永豐98購01  ,0,0,0,0,0,0,0,0,0,297000,0,0,0,651000,354000,297000,297000
07367P,鴻海凱基99售17  ,0,0,0,0,0,0,0,0,0,297000,0,0,0,297000,0,297000,297000
061378,南六永豐9A購03  ,0,0,0,0,0,0,0,0,0,295000,0,0,0,442000,147000,295000,295000
07535P,上銀元富9A售03  ,0,0,0,0,0,0,0,0,0,295000,0,0,0,338000,43000,295000,295000
062330,可成統一9B購03  ,0,0,0,0,0,0,0,0,0,294000,0,0,0,321000,27000,294000,294000
058248,聯茂元大99購05  ,0,0,0,0,0,0,0,0,0,294000,0,0,0,312000,18000,294000,294000
061227,日月光中信9B購01,0,0,0,0,0,0,0,0,0,291000,0,0,0,292000,1000,291000,291000
054318,台虹凱基98購01  ,0,0,0,0,0,0,0,0,0,290000,0,0,0,310000,20000,290000,290000
055411,國巨富邦9A購02  ,0,0,0,0,0,0,0,0,0,290000,0,0,0,300000,10000,290000,290000
061647,南六元大9A購03  ,0,0,0,0,0,0,0,0,0,289000,0,0,0,447000,158000,289000,289000
058672,可成群益9B購02  ,0,0,0,0,0,0,0,0,0,287000,0,0,0,287000,0,287000,287000
057721,華擎元富98購02  ,0,0,0,0,0,0,0,0,0,286000,0,0,0,942000,656000,286000,286000
059581,日月光元富99購02,0,0,0,0,0,0,0,0,0,286000,0,0,0,389000,103000,286000,286000
061734,全新中信9B購02  ,0,0,0,0,0,0,0,0,0,285000,0,0,0,510000,225000,285000,285000
058516,健鼎元大99購02  ,0,0,0,0,0,0,0,0,0,285000,0,0,0,305000,20000,285000,285000
056787,健鼎群益98購01  ,0,0,0,0,0,0,0,0,0,285000,0,0,0,295000,10000,285000,285000
054356,可成兆豐97購01  ,0,0,0,0,0,0,0,0,0,284000,0,0,0,329000,45000,284000,284000
061087,國巨統一01購04  ,0,0,0,0,0,0,0,0,0,283000,0,0,0,390000,107000,283000,283000
061466,創意群益9A購01  ,0,0,0,0,0,0,0,0,0,283000,0,0,0,453000,170000,283000,283000
054062,TPK國票96購02   ,0,0,0,0,0,0,0,0,0,283000,0,0,0,283000,0,283000,283000
059693,智原永豐99購01  ,0,0,0,0,0,0,0,0,0,282000,0,0,0,284000,2000,282000,282000
058308,全新元大9B購01  ,0,0,0,0,0,0,0,0,0,282000,0,0,0,370000,88000,282000,282000
057460,楠梓電永豐98購03,0,0,0,0,0,0,0,0,0,281000,0,0,0,284000,3000,281000,281000
07319P,台積電凱基01售02,0,0,0,0,0,0,0,0,0,281000,0,0,0,303000,22000,281000,281000
061571,奇力新元大9A購03,0,0,0,0,0,0,0,0,0,280000,0,0,0,340000,60000,280000,280000
062058,瑞昱統一01購01  ,0,0,0,0,0,0,0,0,0,280000,0,0,0,280000,0,280000,280000
053956,旺宏永豐96購04  ,0,0,0,0,0,0,0,0,0,280000,0,0,0,310000,30000,280000,280000
054445,技嘉兆豐96購01  ,0,0,0,0,0,0,0,0,0,280000,0,0,0,280000,0,280000,280000
061429,南六元大9A購02  ,0,0,0,0,0,0,0,0,0,278000,0,0,0,337000,59000,278000,278000
061417,力成群益9A購01  ,0,0,0,0,0,0,0,0,0,278000,0,0,0,416000,138000,278000,278000
058273,同欣電永豐99購01,0,0,0,0,0,0,0,0,0,277000,0,0,0,439000,162000,277000,277000
058345,台光電群益99購03,0,0,0,0,0,0,0,0,0,277000,0,0,0,299000,22000,277000,277000
054559,台光電群益99購01,0,0,0,0,0,0,0,0,0,276000,0,0,0,276000,0,276000,276000
055746,同欣電元富97購01,0,0,0,0,0,0,0,0,0,276000,0,0,0,380000,104000,276000,276000
058790,楠梓電元大99購03,0,0,0,0,0,0,0,0,0,276000,0,0,0,505000,229000,276000,276000
060813,高鐵凱基9A購01  ,0,0,0,0,0,0,0,0,0,275000,0,0,0,341000,66000,275000,275000
060678,聯詠元大9A購03  ,0,0,0,0,0,0,0,0,0,275000,0,0,0,289000,14000,275000,275000
060718,中磊永豐9A購01  ,0,0,0,0,0,0,0,0,0,275000,0,0,0,285000,10000,275000,275000
054151,瑞昱國泰97購01  ,0,0,0,0,0,0,0,0,0,275000,0,0,0,275000,0,275000,275000
059640,聯詠凱基99購04  ,0,0,0,0,0,0,0,0,0,275000,0,0,0,280000,5000,275000,275000
048334,A50正2元大96購01,0,0,0,0,0,0,0,0,0,275000,0,0,0,275000,0,275000,275000
059992,S&P正2元富9B購04,0,0,0,0,0,0,0,0,0,275000,0,0,0,312000,37000,275000,275000
057720,日電貿元富98購01,0,0,0,0,0,0,0,0,0,275000,0,0,0,275000,0,275000,275000
060204,矽創元富9A購01  ,0,0,0,0,0,0,0,0,0,274000,0,0,0,284000,10000,274000,274000
3023,信邦            ,439000,145000,294000,0,0,0,0,0,0,-20000,10000,29000,-19000,0,1000,-1000,274000
056463,台虹凱基98購02  ,0,0,0,0,0,0,0,0,0,273000,0,0,0,473000,200000,273000,273000
060413,東元永豐9A購01  ,0,0,0,0,0,0,0,0,0,272000,0,0,0,340000,68000,272000,272000
057548,微星凱基99購01  ,0,0,0,0,0,0,0,0,0,272000,0,0,0,402000,130000,272000,272000
3708,上緯投控        ,185000,67000,118000,0,0,0,150000,0,150000,3000,0,0,0,3000,0,3000,271000
061293,聯茂統一9A購01  ,0,0,0,0,0,0,0,0,0,270000,0,0,0,270000,0,270000,270000
062097,台光電永豐9B購01,0,0,0,0,0,0,0,0,0,268000,0,0,0,346000,78000,268000,268000
059884,鴻海國票99購09  ,0,0,0,0,0,0,0,0,0,268000,0,0,0,300000,32000,268000,268000
061899,復盛永豐9B購01  ,0,0,0,0,0,0,0,0,0,267000,0,0,0,267000,0,267000,267000
062410,台積電第一9B購02,0,0,0,0,0,0,0,0,0,267000,0,0,0,409000,142000,267000,267000
057082,玉晶光統一9A購04,0,0,0,0,0,0,0,0,0,267000,0,0,0,602000,335000,267000,267000
06736P,新日興凱基98售03,0,0,0,0,0,0,0,0,0,266000,0,0,0,320000,54000,266000,266000
058537,彩晶統一9B購01  ,0,0,0,0,0,0,0,0,0,266000,0,0,0,296000,30000,266000,266000
061100,SP黃豆元大9A購04,0,0,0,0,0,0,0,0,0,265000,0,0,0,300000,35000,265000,265000
1227,佳格            ,835000,554602,280398,0,0,0,0,0,0,-16000,10000,26000,-16000,0,0,0,264398
053671,可成統一96購03  ,0,0,0,0,0,0,0,0,0,264000,0,0,0,274000,10000,264000,264000
061457,TPK凱基9A購01   ,0,0,0,0,0,0,0,0,0,263000,0,0,0,268000,5000,263000,263000
058495,元大金群益9B購01,0,0,0,0,0,0,0,0,0,262000,0,0,0,312000,50000,262000,262000
06034P,世芯凱基96售03  ,0,0,0,0,0,0,0,0,0,262000,0,0,0,262000,0,262000,262000
2102,泰豐            ,1005000,744000,261000,0,0,0,0,0,0,1000,1000,0,1000,0,0,0,262000
058854,樺漢群益9B購01  ,0,0,0,0,0,0,0,0,0,261000,0,0,0,361000,100000,261000,261000
062030,旭富群益9B購01  ,0,0,0,0,0,0,0,0,0,260000,0,0,0,265000,5000,260000,260000
061527,牧德凱基9A購02  ,0,0,0,0,0,0,0,0,0,259000,0,0,0,449000,190000,259000,259000
07366P,國巨康和99售02  ,0,0,0,0,0,0,0,0,0,259000,0,0,0,961000,702000,259000,259000
050170,臺指反元大97購02,0,0,0,0,0,0,0,0,0,258000,0,0,0,279000,21000,258000,258000
052858,華通凱基97購02  ,0,0,0,0,0,0,0,0,0,258000,0,0,0,429000,171000,258000,258000
056488,致新元大99購01  ,0,0,0,0,0,0,0,0,0,258000,0,0,0,289000,31000,258000,258000
060194,旭富元富9A購01  ,0,0,0,0,0,0,0,0,0,257000,0,0,0,403000,146000,257000,257000
060868,致伸永豐9A購01  ,0,90000,-90000,0,0,0,0,0,0,347000,0,0,0,461000,114000,347000,257000
056939,康控元富98購01  ,0,0,0,0,0,0,0,0,0,256000,0,0,0,276000,20000,256000,256000
054531,聯發科國泰97購02,0,0,0,0,0,0,0,0,0,255000,0,0,0,273000,18000,255000,255000
055576,嘉晶統一98購01  ,0,0,0,0,0,0,0,0,0,255000,0,0,0,255000,0,255000,255000
054090,瑞昱群益97購01  ,0,0,0,0,0,0,0,0,0,255000,0,0,0,296000,41000,255000,255000
054130,漢唐元大97購02  ,0,0,0,0,0,0,0,0,0,255000,0,0,0,412000,157000,255000,255000
056543,京鼎凱基98購01  ,0,50000,-50000,0,0,0,0,0,0,305000,0,0,0,395000,90000,305000,255000
058259,訊連國泰9B購01  ,0,0,0,0,0,0,0,0,0,255000,0,0,0,300000,45000,255000,255000
061156,玉晶光群益9A購07,0,0,0,0,0,0,0,0,0,251000,0,0,0,272000,21000,251000,251000
060913,宏達電元大9A購03,0,0,0,0,0,0,0,0,0,250000,0,0,0,260000,10000,250000,250000
062408,致新永豐9B購01  ,0,0,0,0,0,0,0,0,0,250000,0,0,0,340000,90000,250000,250000
056066,奇鋐元大98購02  ,0,0,0,0,0,0,0,0,0,249000,0,0,0,249000,0,249000,249000
049024,玉晶光群益97購01,0,0,0,0,0,0,0,0,0,249000,0,0,0,279000,30000,249000,249000
058592,聯發科統一9C購01,0,0,0,0,0,0,0,0,0,249000,0,0,0,269000,20000,249000,249000
062292,旭富永豐9B購01  ,0,0,0,0,0,0,0,0,0,248000,0,0,0,248000,0,248000,248000
060558,億豐凱基9A購01  ,0,0,0,0,0,0,0,0,0,248000,0,0,0,279000,31000,248000,248000
05545P,台表科國泰98售01,0,0,0,0,0,0,0,0,0,248000,0,0,0,295000,47000,248000,248000
055093,京鼎群益98購01  ,0,0,0,0,0,0,0,0,0,248000,0,0,0,248000,0,248000,248000
058905,京鼎元大99購01  ,0,25000,-25000,0,0,0,0,0,0,272000,0,0,0,276000,4000,272000,247000
057437,可成國票99購01  ,0,0,0,0,0,0,0,0,0,246000,0,0,0,256000,10000,246000,246000
056851,瑞儀元富98購01  ,0,0,0,0,0,0,0,0,0,246000,0,0,0,344000,98000,246000,246000
056198,台光電永豐97購02,0,0,0,0,0,0,0,0,0,246000,0,0,0,362000,116000,246000,246000
06456P,聯發科統一98售03,0,0,0,0,0,0,0,0,0,245000,0,0,0,285000,40000,245000,245000
054772,康控國票98購02  ,0,0,0,0,0,0,0,0,0,245000,0,0,0,249000,4000,245000,245000
055805,矽力永豐97購01  ,0,0,0,0,0,0,0,0,0,245000,0,0,0,271000,26000,245000,245000
060849,力成國票9A購01  ,0,0,0,0,0,0,0,0,0,242000,0,0,0,328000,86000,242000,242000
053537,玉晶光永豐98購02,0,0,0,0,0,0,0,0,0,242000,0,0,0,388000,146000,242000,242000
07276P,臺股指群益99售19,0,0,0,0,0,0,0,0,0,242000,0,0,0,366000,124000,242000,242000
060922,金像電永豐9A購01,0,0,0,0,0,0,0,0,0,241000,0,0,0,251000,10000,241000,241000
055133,致新康和97購01  ,0,0,0,0,0,0,0,0,0,241000,0,0,0,241000,0,241000,241000
062085,同欣電元大9B購01,0,0,0,0,0,0,0,0,0,240000,0,0,0,403000,163000,240000,240000
059290,全新元富99購01  ,0,0,0,0,0,0,0,0,0,240000,0,0,0,242000,2000,240000,240000
056685,光罩統一98購03  ,0,0,0,0,0,0,0,0,0,238000,0,0,0,259000,21000,238000,238000
061588,聯發科富邦9B購07,0,0,0,0,0,0,0,0,0,237000,0,0,0,237000,0,237000,237000
060504,技嘉元大9A購02  ,0,0,0,0,0,0,0,0,0,237000,0,0,0,398000,161000,237000,237000
057833,聯發科元富02購06,0,0,0,0,0,0,0,0,0,237000,0,0,0,295000,58000,237000,237000
057181,亞光元大98購02  ,0,0,0,0,0,0,0,0,0,236000,0,0,0,236000,0,236000,236000
061486,國巨兆豐9B購02  ,0,0,0,0,0,0,0,0,0,235000,0,0,0,235000,0,235000,235000
055388,華通統一97購03  ,0,0,0,0,0,0,0,0,0,235000,0,0,0,240000,5000,235000,235000
050794,大立光富邦96購04,0,0,0,0,0,0,0,0,0,235000,0,0,0,235000,0,235000,235000
056996,矽力日盛99購01  ,0,0,0,0,0,0,0,0,0,235000,0,0,0,529000,294000,235000,235000
055063,玉晶光永豐99購01,0,0,0,0,0,0,0,0,0,234000,0,0,0,489000,255000,234000,234000
061186,牧德國泰9C購01  ,0,0,0,0,0,0,0,0,0,233000,0,0,0,339000,106000,233000,233000
060281,卜蜂元大9C購01  ,0,0,0,0,0,0,0,0,0,233000,0,0,0,318000,85000,233000,233000
059687,卜蜂永豐99購01  ,0,0,0,0,0,0,0,0,0,233000,0,0,0,233000,0,233000,233000
057266,TPK兆豐98購02   ,0,0,0,0,0,0,0,0,0,233000,0,0,0,403000,170000,233000,233000
06042P,華新科永豐96售04,0,0,0,0,0,0,0,0,0,232000,0,0,0,250000,18000,232000,232000
051749,矽力國泰97購01  ,0,0,0,0,0,0,0,0,0,232000,0,0,0,242000,10000,232000,232000
057767,緯穎凱基98購06  ,0,0,0,0,0,0,0,0,0,232000,0,0,0,270000,38000,232000,232000
07407P,欣興凱基99售07  ,0,0,0,0,0,0,0,0,0,232000,0,0,0,330000,98000,232000,232000
2208,台船            ,381000,149000,232000,0,0,0,0,0,0,0,0,0,0,0,0,0,232000
059024,大立光統一9B購04,0,0,0,0,0,0,0,0,0,231000,0,0,0,413000,182000,231000,231000
054950,奇力新元大98購02,0,0,0,0,0,0,0,0,0,230000,0,0,0,300000,70000,230000,230000
058515,健鼎元大99購01  ,0,0,0,0,0,0,0,0,0,230000,0,0,0,345000,115000,230000,230000
061464,瑞昱群益9A購01  ,0,0,0,0,0,0,0,0,0,228000,0,0,0,231000,3000,228000,228000
054708,華通統一97購02  ,0,0,0,0,0,0,0,0,0,228000,0,0,0,249000,21000,228000,228000
056480,京鼎元大98購02  ,0,0,0,0,0,0,0,0,0,228000,0,0,0,228000,0,228000,228000
058145,聯茂元大99購03  ,0,0,0,0,0,0,0,0,0,228000,0,0,0,408000,180000,228000,228000
5215,科嘉-KY         ,227000,81000,146000,0,0,0,82000,0,82000,0,0,0,0,0,0,0,228000
059307,T50反1元大99購06,0,0,0,0,0,0,0,0,0,227000,0,0,0,1074000,847000,227000,227000
059961,T50反1凱基99購09,0,0,0,0,0,0,0,0,0,227000,0,0,0,337000,110000,227000,227000
056447,聯發科凱基98購09,0,0,0,0,0,0,0,0,0,225000,0,0,0,225000,0,225000,225000
061307,和潤永豐9A購02  ,0,0,0,0,0,0,0,0,0,224000,0,0,0,352000,128000,224000,224000
060721,瑞儀永豐9A購01  ,0,0,0,0,0,0,0,0,0,224000,0,0,0,224000,0,224000,224000
061716,瑞儀凱基9B購01  ,0,0,0,0,0,0,0,0,0,224000,0,0,0,255000,31000,224000,224000
062003,國巨國泰01購01  ,0,0,0,0,0,0,0,0,0,224000,0,0,0,274000,50000,224000,224000
056288,健鼎永豐97購01  ,0,0,0,0,0,0,0,0,0,224000,0,0,0,225000,1000,224000,224000
061064,可成凱基9B購02  ,0,0,0,0,0,0,0,0,0,223000,0,0,0,316000,93000,223000,223000
062070,金寶元大9B購01  ,0,0,0,0,0,0,0,0,0,222000,0,0,0,270000,48000,222000,222000
061986,晶豪科元大9B購01,0,0,0,0,0,0,0,0,0,221000,0,0,0,311000,90000,221000,221000
054188,欣興永豐96購03  ,0,0,0,0,0,0,0,0,0,221000,0,0,0,359000,138000,221000,221000
054055,全新國票99購02  ,0,0,0,0,0,0,0,0,0,220000,0,0,0,235000,15000,220000,220000
053871,臻鼎元大96購03  ,0,0,0,0,0,0,0,0,0,220000,0,0,0,220000,0,220000,220000
059351,台虹凱基99購01  ,0,0,0,0,0,0,0,0,0,220000,0,0,0,340000,120000,220000,220000
05267P,欣興元大95售08  ,0,0,0,0,0,0,0,0,0,220000,0,0,0,220000,0,220000,220000
050479,上証2X國票95購02,0,0,0,0,0,0,0,0,0,220000,0,0,0,220000,0,220000,220000
060470,台勝科元大9A購03,0,0,0,0,0,0,0,0,0,219000,0,0,0,239000,20000,219000,219000
056710,漢唐永豐98購01  ,0,0,0,0,0,0,0,0,0,219000,0,0,0,324000,105000,219000,219000
057777,可成群益9A購03  ,0,0,0,0,0,0,0,0,0,219000,0,0,0,219000,0,219000,219000
6166,凌華            ,304000,85000,219000,0,0,0,0,0,0,0,0,0,0,0,0,0,219000
060786,聯發科富邦9B購06,0,0,0,0,0,0,0,0,0,218000,0,0,0,234000,16000,218000,218000
060823,旺宏元大9A購05  ,0,0,0,0,0,0,0,0,0,216000,0,0,0,232000,16000,216000,216000
052067,中磊兆豐96購01  ,0,0,0,0,0,0,0,0,0,216000,0,0,0,216000,0,216000,216000
061673,仁寶元大9B購01  ,0,0,0,0,0,0,0,0,0,215000,0,0,0,404000,189000,215000,215000
055178,晶豪科統一97購01,0,0,0,0,0,0,0,0,0,215000,0,0,0,405000,190000,215000,215000
055348,旺宏凱基97購01  ,0,0,0,0,0,0,0,0,0,215000,0,0,0,300000,85000,215000,215000
061636,聯發科元大9A購11,0,0,0,0,0,0,0,0,0,214000,0,0,0,245000,31000,214000,214000
050714,深中小群益98購01,0,0,0,0,0,0,0,0,0,214000,0,0,0,214000,0,214000,214000
058927,勤誠元富99購02  ,0,0,0,0,0,0,0,0,0,214000,0,0,0,304000,90000,214000,214000
056847,佐登元富98購01  ,0,0,0,0,0,0,0,0,0,214000,0,0,0,533000,319000,214000,214000
058408,華通兆豐99購02  ,0,0,0,0,0,0,0,0,0,213000,0,0,0,214000,1000,213000,213000
056677,智伸科元富98購01,0,0,0,0,0,0,0,0,0,213000,0,0,0,361000,148000,213000,213000
00739,元大MSCI A股    ,323000,0,323000,0,0,0,0,0,0,-111000,0,0,0,106000,217000,-111000,212000
054217,台表科國票97購05,0,0,0,0,0,0,0,0,0,212000,0,0,0,225000,13000,212000,212000
056243,創意群益97購03  ,0,0,0,0,0,0,0,0,0,212000,0,0,0,473000,261000,212000,212000
056852,矽格元富98購01  ,0,0,0,0,0,0,0,0,0,212000,0,0,0,342000,130000,212000,212000
056898,全新元大98購02  ,0,0,0,0,0,0,0,0,0,212000,0,0,0,212000,0,212000,212000
059289,瑞昱元富99購01  ,0,0,0,0,0,0,0,0,0,211000,0,0,0,300000,89000,211000,211000
061583,矽創元大9A購01  ,0,0,0,0,0,0,0,0,0,210000,0,0,0,220000,10000,210000,210000
062133,大成鋼群益9B購01,0,0,0,0,0,0,0,0,0,210000,0,0,0,210000,0,210000,210000
060722,矽格永豐9A購01  ,0,0,0,0,0,0,0,0,0,210000,0,0,0,210000,0,210000,210000
061074,儒鴻兆豐9B購01  ,0,0,0,0,0,0,0,0,0,210000,0,0,0,286000,76000,210000,210000
05403P,台積電富邦95售08,0,0,0,0,0,0,0,0,0,210000,0,0,0,390000,180000,210000,210000
055240,京元電元富97購01,0,0,0,0,0,0,0,0,0,210000,0,0,0,308000,98000,210000,210000
055136,聯發科富邦99購06,0,0,0,0,0,0,0,0,0,210000,0,0,0,210000,0,210000,210000
057532,智原元大98購03  ,0,0,0,0,0,0,0,0,0,210000,0,0,0,331000,121000,210000,210000
058796,可成元大99購04  ,0,0,0,0,0,0,0,0,0,210000,0,0,0,210000,0,210000,210000
058734,康友永豐99購01  ,0,0,0,0,0,0,0,0,0,210000,0,0,0,210000,0,210000,210000
053752,超眾永豐96購02  ,0,0,0,0,0,0,0,0,0,209000,0,0,0,209000,0,209000,209000
06185P,台表科元大97售05,0,0,0,0,0,0,0,0,0,208000,0,0,0,291000,83000,208000,208000
062399,神基永豐9B購01  ,0,0,0,0,0,0,0,0,0,208000,0,0,0,208000,0,208000,208000
062009,聯發科國泰01購01,10000,0,10000,0,0,0,0,0,0,197000,0,0,0,332000,135000,197000,207000
061428,南六元大9A購01  ,0,0,0,0,0,0,0,0,0,207000,0,0,0,351000,144000,207000,207000
053173,矽格群益97購01  ,0,0,0,0,0,0,0,0,0,207000,0,0,0,207000,0,207000,207000
056992,祥碩兆豐98購01  ,0,0,0,0,0,0,0,0,0,207000,0,0,0,207000,0,207000,207000
07310P,大立光凱基99售12,0,0,0,0,0,0,0,0,0,207000,0,0,0,210000,3000,207000,207000
061699,燿華國票9A購01  ,0,0,0,0,0,0,0,0,0,206000,0,0,0,304000,98000,206000,206000
055301,台虹元大97購01  ,0,0,0,0,0,0,0,0,0,206000,0,0,0,276000,70000,206000,206000
057587,微星國票99購01  ,0,0,0,0,0,0,0,0,0,206000,0,0,0,262000,56000,206000,206000
062160,南六凱基9B購01  ,0,0,0,0,0,0,0,0,0,205000,0,0,0,280000,75000,205000,205000
061414,牧德群益9B購02  ,0,0,0,0,0,0,0,0,0,205000,0,0,0,215000,10000,205000,205000
055288,日電貿元大97購02,0,0,0,0,0,0,0,0,0,205000,0,0,0,205000,0,205000,205000
060398,立積國票9B購01  ,0,0,0,0,0,0,0,0,0,205000,0,0,0,205000,0,205000,205000
07307P,上証2X凱基9A售02,0,0,0,0,0,0,0,0,0,205000,0,0,0,205000,0,205000,205000
060420,神基永豐9A購01  ,0,0,0,0,0,0,0,0,0,204000,0,0,0,214000,10000,204000,204000
055847,大立光元大97購10,0,0,0,0,0,0,0,0,0,204000,0,0,0,204000,0,204000,204000
053189,聯發科統一96購05,0,0,0,0,0,0,0,0,0,204000,0,0,0,204000,0,204000,204000
060477,和潤元大9A購01  ,0,0,0,0,0,0,0,0,0,203000,0,0,0,301000,98000,203000,203000
057199,台達電元富02購01,0,0,0,0,0,0,0,0,0,203000,0,0,0,695000,492000,203000,203000
062379,致新元大9B購01  ,0,0,0,0,0,0,0,0,0,202000,0,0,0,233000,31000,202000,202000
055373,聯詠元大97購03  ,0,0,0,0,0,0,0,0,0,202000,0,0,0,412000,210000,202000,202000
062377,力成元大9B購01  ,0,0,0,0,0,0,0,0,0,201000,0,0,0,228000,27000,201000,201000
062187,台勝科元大9B購02,0,0,0,0,0,0,0,0,0,201000,0,0,0,202000,1000,201000,201000
061639,晶豪科元大9A購02,0,0,0,0,0,0,0,0,0,201000,0,0,0,348000,147000,201000,201000
057977,台光電永豐98購02,0,0,0,0,0,0,0,0,0,201000,0,0,0,201000,0,201000,201000
059139,全新兆豐9A購01  ,0,0,0,0,0,0,0,0,0,201000,0,0,0,201000,0,201000,201000
062358,國巨元大9B購12  ,0,0,0,0,0,0,0,0,0,200000,0,0,0,200000,0,200000,200000
062300,T50反1中信03購02,0,0,0,0,0,0,0,0,0,200000,0,0,0,200000,0,200000,200000
060487,盛群富邦9B購01  ,0,0,0,0,0,0,0,0,0,200000,0,0,0,200000,0,200000,200000
051381,玉晶光群益98購01,0,0,0,0,0,0,0,0,0,200000,0,0,0,230000,30000,200000,200000
049100,華新科國泰96購01,0,0,0,0,0,0,0,0,0,200000,0,0,0,200000,0,200000,200000
050846,緯創國票96購01  ,0,0,0,0,0,0,0,0,0,200000,0,0,0,200000,0,200000,200000
052896,宏達電群益96購01,0,0,0,0,0,0,0,0,0,200000,0,0,0,200000,0,200000,200000
056770,國產元大98購02  ,0,0,0,0,0,0,0,0,0,200000,0,0,0,200000,0,200000,200000
058382,S&P500中信99購01,0,0,0,0,0,0,0,0,0,200000,0,0,0,200000,0,200000,200000
057510,泰碩統一98購02  ,0,0,0,0,0,0,0,0,0,200000,0,0,0,200000,0,200000,200000
058028,國巨富邦99購04  ,0,0,0,0,0,0,0,0,0,200000,0,0,0,200000,0,200000,200000
06957P,FBVIX凱基01售01 ,0,0,0,0,0,0,0,0,0,200000,0,0,0,200000,0,200000,200000
061350,牧德元大9B購03  ,0,0,0,0,0,0,0,0,0,199000,0,0,0,273000,74000,199000,199000
061303,玉晶光永豐9B購03,0,0,0,0,0,0,0,0,0,199000,0,0,0,201000,2000,199000,199000
020012,富邦行動通訊N   ,0,0,0,0,0,0,0,0,0,199000,0,0,0,231000,32000,199000,199000
3698,隆達            ,792000,567000,225000,0,0,0,0,0,0,-26000,26000,52000,-26000,0,0,0,199000
060763,聯鈞元大9A購03  ,0,0,0,0,0,0,0,0,0,198000,0,0,0,243000,45000,198000,198000
051742,欣興國票96購01  ,0,0,0,0,0,0,0,0,0,198000,0,0,0,198000,0,198000,198000
054674,台光電台新97購01,0,0,0,0,0,0,0,0,0,198000,0,0,0,198000,0,198000,198000
059533,富邦金凱基99購01,0,0,0,0,0,0,0,0,0,198000,0,0,0,201000,3000,198000,198000
062388,旭富國泰01購01  ,0,0,0,0,0,0,0,0,0,197000,0,0,0,237000,40000,197000,197000
053754,英業達元富96購02,0,0,0,0,0,0,0,0,0,197000,0,0,0,197000,0,197000,197000
057328,京鼎群益99購02  ,0,0,0,0,0,0,0,0,0,197000,0,0,0,197000,0,197000,197000
061790,中租群益9B購01  ,0,0,0,0,0,0,0,0,0,196000,0,0,0,196000,0,196000,196000
061416,聯茂群益9A購01  ,0,0,0,0,0,0,0,0,0,196000,0,0,0,307000,111000,196000,196000
061232,和大元大9A購03  ,0,0,0,0,0,0,0,0,0,196000,0,0,0,196000,0,196000,196000
053997,健策群益97購02  ,0,0,0,0,0,0,0,0,0,196000,0,0,0,196000,0,196000,196000
05163P,聯發科統一96售02,0,0,0,0,0,0,0,0,0,196000,0,0,0,272000,76000,196000,196000
058949,上銀群益99購02  ,0,0,0,0,0,0,0,0,0,196000,0,0,0,196000,0,196000,196000
057583,啟碁中信9A購01  ,0,0,0,0,0,0,0,0,0,196000,0,0,0,244000,48000,196000,196000
058144,聯茂元大99購02  ,0,0,0,0,0,0,0,0,0,195000,0,0,0,298000,103000,195000,195000
057747,致新永豐98購01  ,0,0,0,0,0,0,0,0,0,195000,0,0,0,195000,0,195000,195000
060573,力成永豐9A購01  ,0,0,0,0,0,0,0,0,0,194000,0,0,0,266000,72000,194000,194000
058852,貿聯群益99購04  ,0,0,0,0,0,0,0,0,0,194000,0,0,0,194000,0,194000,194000
059539,緯穎凱基99購03  ,0,0,0,0,0,0,0,0,0,193000,0,0,0,193000,0,193000,193000
051322,國泰金國票96購01,0,0,0,0,0,0,0,0,0,192000,0,0,0,192000,0,192000,192000
059760,楠梓電永豐99購01,0,0,0,0,0,0,0,0,0,192000,0,0,0,192000,0,192000,192000
061400,可成兆豐9B購02  ,0,0,0,0,0,0,0,0,0,191000,0,0,0,204000,13000,191000,191000
056599,臻鼎元富98購01  ,0,0,0,0,0,0,0,0,0,191000,0,0,0,304000,113000,191000,191000
057404,貿聯群益99購01  ,0,0,0,0,0,0,0,0,0,191000,0,0,0,191000,0,191000,191000
057960,聯鈞元大98購02  ,0,0,0,0,0,0,0,0,0,191000,0,0,0,239000,48000,191000,191000
061166,玉晶光兆豐9B購01,0,0,0,0,0,0,0,0,0,190000,0,0,0,195000,5000,190000,190000
060304,大立光富邦9C購05,0,0,0,0,0,0,0,0,0,190000,0,0,0,190000,0,190000,190000
054720,禾伸堂永豐97購01,0,0,0,0,0,0,0,0,0,190000,0,0,0,301000,111000,190000,190000
055442,矽創國票98購02  ,0,0,0,0,0,0,0,0,0,190000,0,0,0,190000,0,190000,190000
058051,同欣電元大98購03,0,0,0,0,0,0,0,0,0,190000,0,0,0,261000,71000,190000,190000
061570,瑞昱元大9A購05  ,0,0,0,0,0,0,0,0,0,189000,0,0,0,256000,67000,189000,189000
054528,台光電統一96購02,0,0,0,0,0,0,0,0,0,189000,0,0,0,190000,1000,189000,189000
058994,道瓊指元大99購01,0,0,0,0,0,0,0,0,0,189000,0,0,0,200000,11000,189000,189000
060684,同欣電元大9A購01,0,0,0,0,0,0,0,0,0,188000,0,0,0,330000,142000,188000,188000
00736,國泰新興市場    ,0,0,0,0,0,0,0,0,0,188000,0,0,0,309000,121000,188000,188000
059833,緯穎康和99購01  ,0,0,0,0,0,0,0,0,0,188000,0,0,0,193000,5000,188000,188000
058921,聯發科元富03購01,0,0,0,0,0,0,0,0,0,188000,0,0,0,188000,0,188000,188000
07459P,緯穎元大9A售01  ,0,0,0,0,0,0,0,0,0,188000,0,0,0,308000,120000,188000,188000
057707,臺股指群益98購07,0,0,0,0,0,0,0,0,0,187000,0,0,0,332000,145000,187000,187000
056571,燿華元大98購02  ,0,0,0,0,0,0,0,0,0,187000,0,0,0,197000,10000,187000,187000
057599,技嘉群益9A購01  ,0,0,0,0,0,0,0,0,0,187000,0,0,0,297000,110000,187000,187000
061054,台積電群益9A購04,0,0,0,0,0,0,0,0,0,186000,0,0,0,206000,20000,186000,186000
052658,友達元富9C購01  ,0,0,0,0,0,0,0,0,0,186000,0,0,0,186000,0,186000,186000
057742,喬山永豐98購02  ,0,0,0,0,0,0,0,0,0,186000,0,0,0,199000,13000,186000,186000
8341,日友            ,198000,26000,172000,0,0,0,15000,0,15000,-1000,0,1000,-1000,0,0,0,186000
060640,京鼎永豐9A購01  ,0,0,0,0,0,0,0,0,0,185000,0,0,0,363000,178000,185000,185000
061939,中租國票9B購01  ,0,0,0,0,0,0,0,0,0,185000,0,0,0,223000,38000,185000,185000
06584P,欣興凱基98售03  ,0,0,0,0,0,0,0,0,0,185000,0,0,0,205000,20000,185000,185000
059568,台積電凱基9A購13,0,0,0,0,0,0,0,0,0,185000,0,0,0,195000,10000,185000,185000
07647P,健策國票9A售04  ,0,0,0,0,0,0,0,0,0,185000,0,0,0,309000,124000,185000,185000
062109,聯詠國票9C購01  ,0,0,0,0,0,0,0,0,0,184000,0,0,0,308000,124000,184000,184000
061068,祥碩凱基9B購01  ,0,0,0,0,0,0,0,0,0,184000,0,0,0,552000,368000,184000,184000
061465,聯詠群益9A購01  ,0,0,0,0,0,0,0,0,0,184000,0,0,0,292000,108000,184000,184000
049700,瀚宇博元大97購01,0,0,0,0,0,0,0,0,0,184000,0,0,0,200000,16000,184000,184000
053249,致伸國票97購02  ,0,0,0,0,0,0,0,0,0,184000,0,0,0,287000,103000,184000,184000
056351,鴻海元大98購06  ,0,0,0,0,0,0,0,0,0,184000,0,0,0,284000,100000,184000,184000
07652P,臺股指中信9A售07,0,0,0,0,0,0,0,0,0,184000,0,0,0,212000,28000,184000,184000
055900,瀚宇博中信97購01,0,0,0,0,0,0,0,0,0,183000,0,0,0,213000,30000,183000,183000
058397,大成鋼元大99購02,0,0,0,0,0,0,0,0,0,183000,0,0,0,207000,24000,183000,183000
060723,致新永豐9A購01  ,0,0,0,0,0,0,0,0,0,182000,0,0,0,202000,20000,182000,182000
062285,台勝科群益9B購01,0,0,0,0,0,0,0,0,0,182000,0,0,0,182000,0,182000,182000
062225,華擎統一01購01  ,0,0,0,0,0,0,0,0,0,181000,0,0,0,695000,514000,181000,181000
061687,大成鋼群益9A購01,0,0,0,0,0,0,0,0,0,181000,0,0,0,230000,49000,181000,181000
061092,可成統一9C購02  ,0,0,0,0,0,0,0,0,0,181000,0,0,0,216000,35000,181000,181000
05052P,友達群益97售01  ,0,0,0,0,0,0,0,0,0,181000,0,0,0,295000,114000,181000,181000
052497,楠梓電永豐96購01,0,0,0,0,0,0,0,0,0,181000,0,0,0,181000,0,181000,181000
056241,緯創群益97購01  ,0,0,0,0,0,0,0,0,0,181000,0,0,0,275000,94000,181000,181000
061468,神達群益9A購01  ,0,0,0,0,0,0,0,0,0,180000,0,0,0,180000,0,180000,180000
051422,超眾國票96購01  ,0,0,0,0,0,0,0,0,0,180000,0,0,0,180000,0,180000,180000
055333,晶豪科兆豐97購01,0,0,0,0,0,0,0,0,0,180000,0,0,0,300000,120000,180000,180000
05661P,聯發科統一96售06,0,0,0,0,0,0,0,0,0,180000,0,0,0,180000,0,180000,180000
056461,樺漢凱基98購02  ,0,0,0,0,0,0,0,0,0,180000,0,0,0,180000,0,180000,180000
057242,台郡凱基98購05  ,0,0,0,0,0,0,0,0,0,180000,0,0,0,180000,0,180000,180000
060891,世芯統一9A購01  ,0,0,0,0,0,0,0,0,0,179000,0,0,0,181000,2000,179000,179000
060664,聯詠凱基9A購01  ,0,0,0,0,0,0,0,0,0,179000,0,0,0,179000,0,179000,179000
061814,聯發科群益9B購04,0,0,0,0,0,0,0,0,0,179000,0,0,0,200000,21000,179000,179000
062046,矽格凱基9B購01  ,0,0,0,0,0,0,0,0,0,179000,0,0,0,181000,2000,179000,179000
056316,訊芯元大98購03  ,0,0,0,0,0,0,0,0,0,179000,0,0,0,189000,10000,179000,179000
2417,圓剛            ,677000,498000,179000,0,0,0,0,0,0,0,0,0,0,0,0,0,179000
06608P,立積群益99售02  ,0,0,0,0,0,0,0,0,0,178000,0,0,0,388000,210000,178000,178000
059656,T50反1元大99購11,0,0,0,0,0,0,0,0,0,178000,0,0,0,314000,136000,178000,178000
057613,瑞昱元富02購02  ,0,0,0,0,0,0,0,0,0,178000,0,0,0,278000,100000,178000,178000
060502,國巨元大9A購07  ,0,0,0,0,0,0,0,0,0,177000,0,0,0,180000,3000,177000,177000
060961,台光電凱基9A購03,0,0,0,0,0,0,0,0,0,177000,0,0,0,260000,83000,177000,177000
055182,京鼎統一98購01  ,0,0,0,0,0,0,0,0,0,177000,0,0,0,177000,0,177000,177000
056755,聯茂兆豐98購01  ,0,0,0,0,0,0,0,0,0,177000,0,0,0,341000,164000,177000,177000
2301,光寶科          ,5480000,5303300,176700,0,0,0,2000,0,2000,-2512,4000,6000,-2000,17000,17512,-512,176188
060190,國泰金元富9A購01,0,0,0,0,0,0,0,0,0,176000,0,0,0,228000,52000,176000,176000
058984,全新凱基9A購03  ,0,0,0,0,0,0,0,0,0,176000,0,0,0,176000,0,176000,176000
058732,矽格永豐99購01  ,0,0,0,0,0,0,0,0,0,176000,0,0,0,178000,2000,176000,176000
057299,立積永豐98購02  ,0,0,0,0,0,0,0,0,0,176000,0,0,0,230000,54000,176000,176000
06067P,華新科康和97售01,0,0,0,0,0,0,0,0,0,175000,0,0,0,442000,267000,175000,175000
061033,台光電永豐9A購01,0,0,0,0,0,0,0,0,0,175000,0,0,0,181000,6000,175000,175000
061993,祥碩元大9C購01  ,0,0,0,0,0,0,0,0,0,175000,0,0,0,317000,142000,175000,175000
055940,致新群益98購01  ,0,0,0,0,0,0,0,0,0,175000,0,0,0,178000,3000,175000,175000
056906,玉晶光元大9B購01,0,0,0,0,0,0,0,0,0,175000,0,0,0,281000,106000,175000,175000
057470,易華電永豐98購02,0,0,0,0,0,0,0,0,0,175000,0,0,0,175000,0,175000,175000
061655,微星國票9A購01  ,0,0,0,0,0,0,0,0,0,174000,0,0,0,207000,33000,174000,174000
060695,同欣電麥證9A購01,0,0,0,362000,188000,174000,0,0,0,174000,0,0,0,362000,188000,174000,174000
059503,大立光富邦9B購04,0,0,0,0,0,0,0,0,0,174000,0,0,0,180000,6000,174000,174000
00663L,國泰臺灣加權正2 ,2000,0,2000,0,0,0,0,0,0,172000,0,0,0,369000,197000,172000,174000
060134,鈺齊群益9A購01  ,0,0,0,0,0,0,0,0,0,174000,0,0,0,250000,76000,174000,174000
060306,台肥永豐9A購01  ,0,0,0,0,0,0,0,0,0,173000,0,0,0,194000,21000,173000,173000
060408,和潤國泰9C購01  ,0,0,0,0,0,0,0,0,0,173000,0,0,0,204000,31000,173000,173000
052918,智易富邦97購02  ,0,0,0,0,0,0,0,0,0,173000,0,0,0,803000,630000,173000,173000
052326,滬深反中信99購01,0,0,0,0,0,0,0,0,0,173000,0,0,0,243000,70000,173000,173000
054161,友訊凱基98購01  ,0,0,0,0,0,0,0,0,0,173000,0,0,0,190000,17000,173000,173000
061182,南六凱基9A購01  ,0,0,0,0,0,0,0,0,0,172000,0,0,0,175000,3000,172000,172000
061990,台勝科元大9C購01,0,0,0,0,0,0,0,0,0,172000,0,0,0,179000,7000,172000,172000
060421,華擎永豐9A購01  ,0,0,0,0,0,0,0,0,0,171000,0,0,0,288000,117000,171000,171000
05930P,景碩康和96售01  ,0,0,0,0,0,0,0,0,0,171000,0,0,0,191000,20000,171000,171000
052434,茂林國泰97購01  ,0,0,0,0,0,0,0,0,0,171000,0,0,0,181000,10000,171000,171000
057332,旺宏國票99購03  ,0,0,0,0,0,0,0,0,0,171000,0,0,0,171000,0,171000,171000
060229,楠梓電元大9C購01,0,0,0,0,0,0,0,0,0,170000,0,0,0,293000,123000,170000,170000
056085,聯發科統一97購01,0,0,0,0,0,0,0,0,0,170000,0,0,0,206000,36000,170000,170000
058245,訊連元大99購01  ,0,0,0,0,0,0,0,0,0,170000,0,0,0,215000,45000,170000,170000
062100,矽格永豐9B購01  ,0,0,0,0,0,0,0,0,0,169000,0,0,0,169000,0,169000,169000
054808,東元元大9A購01  ,0,0,0,0,0,0,0,0,0,169000,0,0,0,410000,241000,169000,169000
057603,樺漢群益98購02  ,0,0,0,0,0,0,0,0,0,169000,0,0,0,169000,0,169000,169000
06617P,智邦元大98售03  ,0,0,0,0,0,0,0,0,0,168000,0,0,0,196000,28000,168000,168000
062425,可成統一01購01  ,0,0,0,0,0,0,0,0,0,168000,0,0,0,200000,32000,168000,168000
060453,儒鴻元大9A購02  ,0,0,0,0,0,0,0,0,0,168000,0,0,0,197000,29000,168000,168000
060732,玉晶光群益9C購02,0,0,0,0,0,0,0,0,0,168000,0,0,0,375000,207000,168000,168000
051804,新光金日盛95購01,0,0,0,0,0,0,0,0,0,168000,0,0,0,168000,0,168000,168000
052005,矽力國泰97購02  ,0,0,0,0,0,0,0,0,0,168000,0,0,0,173000,5000,168000,168000
053337,聯電國票97購01  ,0,0,0,0,0,0,0,0,0,168000,0,0,0,171000,3000,168000,168000
058999,台積電元大99購24,0,0,0,0,0,0,0,0,0,168000,0,0,0,331000,163000,168000,168000
057791,可成統一99購01  ,0,0,0,0,0,0,0,0,0,168000,0,0,0,193000,25000,168000,168000
057407,超眾群益99購01  ,0,0,0,0,0,0,0,0,0,168000,0,0,0,168000,0,168000,168000
060888,金像電統一9C購01,0,0,0,0,0,0,0,0,0,167000,0,0,0,809000,642000,167000,167000
061305,帆宣永豐9A購01  ,0,0,0,0,0,0,0,0,0,167000,0,0,0,179000,12000,167000,167000
059534,國泰金凱基99購01,0,0,0,0,0,0,0,0,0,167000,0,0,0,167000,0,167000,167000
056422,全新統一98購02  ,0,0,0,0,0,0,0,0,0,167000,0,0,0,172000,5000,167000,167000
060653,全新群益9A購02  ,0,0,0,0,0,0,0,0,0,166000,0,0,0,166000,0,166000,166000
055377,揚明光元大98購01,0,0,0,0,0,0,0,0,0,166000,0,0,0,266000,100000,166000,166000
055626,力山永豐97購01  ,0,0,0,0,0,0,0,0,0,166000,0,0,0,166000,0,166000,166000
056978,技嘉群益99購01  ,0,0,0,0,0,0,0,0,0,166000,0,0,0,274000,108000,166000,166000
061374,力山永豐9A購04  ,0,0,0,0,0,0,0,0,0,164000,0,0,0,180000,16000,164000,164000
058929,可成統一9C購01  ,0,0,0,0,0,0,0,0,0,164000,0,0,0,403000,239000,164000,164000
061866,力山元大9C購01  ,0,0,0,0,0,0,0,0,0,163000,0,0,0,188000,25000,163000,163000
051055,友達群益98購01  ,0,0,0,0,0,0,0,0,0,163000,0,0,0,210000,47000,163000,163000
056626,同欣電永豐98購01,0,0,0,0,0,0,0,0,0,163000,0,0,0,163000,0,163000,163000
5305,敦南            ,344000,78000,266000,0,0,0,0,100000,-100000,-3000,0,0,0,0,3000,-3000,163000
062406,臻鼎永豐9B購01  ,0,0,0,0,0,0,0,0,0,162000,0,0,0,162000,0,162000,162000
054819,裕民元大9A購01  ,0,0,0,0,0,0,0,0,0,162000,0,0,0,415000,253000,162000,162000
058191,祥碩永豐99購01  ,0,0,0,0,0,0,0,0,0,162000,0,0,0,456000,294000,162000,162000
060918,康友國泰9C購01  ,0,0,0,0,0,0,0,0,0,161000,0,0,0,538000,377000,161000,161000
060323,華通群益9C購01  ,0,0,0,0,0,0,0,0,0,161000,0,0,0,181000,20000,161000,161000
055755,禾伸堂兆豐97購02,0,0,0,0,0,0,0,0,0,161000,0,0,0,197000,36000,161000,161000
054943,群光元大97購01  ,0,0,0,0,0,0,0,0,0,161000,0,0,0,161000,0,161000,161000
053534,微星永豐96購02  ,0,0,0,0,0,0,0,0,0,161000,0,0,0,178000,17000,161000,161000
060716,新唐永豐9A購01  ,0,0,0,0,0,0,0,0,0,160000,0,0,0,300000,140000,160000,160000
053386,聯詠元大96購03  ,0,0,0,0,0,0,0,0,0,160000,0,0,0,160000,0,160000,160000
056937,智原元富98購01  ,0,0,0,0,0,0,0,0,0,160000,0,0,0,160000,0,160000,160000
056995,華新科日盛99購01,0,0,0,0,0,0,0,0,0,160000,0,0,0,272000,112000,160000,160000
058510,全新元大9B購02  ,0,0,0,0,0,0,0,0,0,160000,0,0,0,210000,50000,160000,160000
058743,可成康和99購01  ,0,0,0,0,0,0,0,0,0,160000,0,0,0,163000,3000,160000,160000
6415,矽力-KY         ,1456000,1271000,185000,0,0,0,0,0,0,-25000,0,4000,-4000,8000,29000,-21000,160000
07170P,臺股指國票99售07,0,0,0,0,0,0,0,0,0,160000,0,0,0,351000,191000,160000,160000
07174P,臺股指國票99售11,0,0,0,0,0,0,0,0,0,160000,0,0,0,499000,339000,160000,160000
053409,和碩兆豐96購02  ,0,0,0,0,0,0,0,0,0,159000,0,0,0,159000,0,159000,159000
060187,華新科元富9A購02,0,0,0,0,0,0,0,0,0,158000,0,0,0,218000,60000,158000,158000
061109,臻鼎元大9A購03  ,0,0,0,0,0,0,0,0,0,158000,0,0,0,218000,60000,158000,158000
061971,力山元大9C購02  ,0,0,0,0,0,0,0,0,0,158000,0,0,0,158000,0,158000,158000
059632,聯發科凱基01購01,0,0,0,0,0,0,0,0,0,158000,0,0,0,258000,100000,158000,158000
053742,創意國票97購01  ,0,0,0,0,0,0,0,0,0,158000,0,0,0,158000,0,158000,158000
058580,華新科群益99購02,0,0,0,0,0,0,0,0,0,158000,0,0,0,158000,0,158000,158000
056271,嘉澤統一97購01  ,0,0,0,0,0,0,0,0,0,158000,0,0,0,423000,265000,158000,158000
060106,旭富元大99購02  ,0,0,0,0,0,0,0,0,0,158000,0,0,0,285000,127000,158000,158000
057903,聯鈞永豐99購01  ,0,0,0,0,0,0,0,0,0,158000,0,0,0,205000,47000,158000,158000
061843,億豐凱基9C購01  ,0,0,0,0,0,0,0,0,0,157000,0,0,0,181000,24000,157000,157000
060208,卜蜂康和9A購01  ,0,0,0,0,0,0,0,0,0,157000,0,0,0,232000,75000,157000,157000
060300,佐登國泰9B購01  ,0,0,0,0,0,0,0,0,0,157000,0,0,0,186000,29000,157000,157000
060634,矽創富邦9B購01  ,0,0,0,0,0,0,0,0,0,157000,0,0,0,157000,0,157000,157000
0061,元大寶滬深      ,30000,0,30000,0,0,0,0,0,0,127000,10000,0,10000,117000,0,117000,157000
057774,台光電群益99購02,0,0,0,0,0,0,0,0,0,157000,0,0,0,157000,0,157000,157000
057211,鴻海群益98購05  ,0,0,0,0,0,0,0,0,0,157000,0,0,0,273000,116000,157000,157000
060626,貿聯元大9A購04  ,0,0,0,0,0,0,0,0,0,156000,0,0,0,166000,10000,156000,156000
060696,道瓊反國泰9C購01,0,0,0,0,0,0,0,0,0,156000,0,0,0,305000,149000,156000,156000
060766,世芯元大9A購02  ,0,0,0,0,0,0,0,0,0,156000,0,0,0,175000,19000,156000,156000
060199,台郡元富9A購01  ,0,0,0,0,0,0,0,0,0,156000,0,0,0,160000,4000,156000,156000
062278,聯發科群益9C購01,0,0,0,0,0,0,0,0,0,156000,0,0,0,233000,77000,156000,156000
052561,矽創國票97購01  ,0,0,0,0,0,0,0,0,0,156000,0,0,0,194000,38000,156000,156000
054301,楠梓電凱基98購01,0,0,0,0,0,0,0,0,0,156000,0,0,0,156000,0,156000,156000
06897P,FBVIX群益01售01 ,0,0,0,0,0,0,0,0,0,155000,0,0,0,205000,50000,155000,155000
062052,華通統一01購01  ,0,0,0,0,0,0,0,0,0,155000,0,0,0,575000,420000,155000,155000
060545,台積電凱基9B購02,0,0,0,0,0,0,0,0,0,155000,0,0,0,190000,35000,155000,155000
055153,台光電元大98購02,0,0,0,0,0,0,0,0,0,155000,0,0,0,218000,63000,155000,155000
057904,矽力永豐98購01  ,0,0,0,0,0,0,0,0,0,155000,0,0,0,176000,21000,155000,155000
056660,臺股指元大9A購07,0,0,0,0,0,0,0,0,0,155000,0,0,0,155000,0,155000,155000
058463,宏達電兆豐99購02,0,0,0,0,0,0,0,0,0,155000,0,0,0,165000,10000,155000,155000
060424,中租永豐9A購01  ,0,0,0,0,0,0,0,0,0,154000,0,0,0,179000,25000,154000,154000
061034,晶豪科永豐9A購01,0,0,0,0,0,0,0,0,0,154000,0,0,0,279000,125000,154000,154000
061783,友達群益9B購01  ,0,0,0,0,0,0,0,0,0,154000,0,0,0,154000,0,154000,154000
061615,鴻海群益9A購06  ,0,0,0,0,0,0,0,0,0,154000,0,0,0,178000,24000,154000,154000
055774,台光電凱基97購02,0,0,0,0,0,0,0,0,0,154000,0,0,0,158000,4000,154000,154000
052624,微星亞東97購01  ,0,0,0,0,0,0,0,0,0,154000,0,0,0,164000,10000,154000,154000
047420,全新富邦97購01  ,0,0,0,0,0,0,0,0,0,154000,0,0,0,184000,30000,154000,154000
053243,楠梓電國票97購02,0,0,0,0,0,0,0,0,0,154000,0,0,0,192000,38000,154000,154000
059876,智易凱基99購02  ,0,0,0,0,0,0,0,0,0,154000,0,0,0,229000,75000,154000,154000
058184,鴻海永豐99購01  ,40000,0,40000,0,0,0,0,0,0,114000,0,0,0,139000,25000,114000,154000
060310,瑞昱永豐9A購01  ,0,0,0,0,0,0,0,0,0,153000,0,0,0,154000,1000,153000,153000
051888,國巨元富95購05  ,0,0,0,0,0,0,0,0,0,153000,0,0,0,203000,50000,153000,153000
060927,嘉晶永豐9A購01  ,0,0,0,0,0,0,0,0,0,152000,0,0,0,152000,0,152000,152000
062288,南六群益9B購01  ,0,0,0,0,0,0,0,0,0,152000,0,0,0,223000,71000,152000,152000
051840,康友國泰97購02  ,0,0,0,0,0,0,0,0,0,152000,0,0,0,152000,0,152000,152000
054347,上緯控國票96購02,800000,0,800000,0,0,0,0,0,0,-648000,0,0,0,370000,1018000,-648000,152000
059645,祥碩凱基99購05  ,0,0,0,0,0,0,0,0,0,152000,0,0,0,152000,0,152000,152000
061623,祥碩群益9A購01  ,0,0,0,0,0,0,0,0,0,151000,0,0,0,175000,24000,151000,151000
061704,景碩國票9A購01  ,0,0,0,0,0,0,0,0,0,151000,0,0,0,200000,49000,151000,151000
062158,禾伸堂凱基9B購01,0,0,0,0,0,0,0,0,0,151000,0,0,0,151000,0,151000,151000
061458,臻鼎凱基9A購02  ,0,0,0,0,0,0,0,0,0,151000,0,0,0,170000,19000,151000,151000
060427,聯茂永豐9A購01  ,0,0,0,0,0,0,0,0,0,151000,0,0,0,210000,59000,151000,151000
053149,京元電元大96購02,0,0,0,0,0,0,0,0,0,151000,0,0,0,251000,100000,151000,151000
059965,鴻海凱基99購16  ,0,0,0,0,0,0,0,0,0,151000,0,0,0,151000,0,151000,151000
07840P,康控元大9A售02  ,0,0,0,0,0,0,0,0,0,151000,0,0,0,151000,0,151000,151000
060307,南港永豐9A購01  ,0,10000,-10000,0,0,0,0,0,0,160000,0,0,0,160000,0,160000,150000
060313,淘帝永豐9A購01  ,0,0,0,0,0,0,0,0,0,150000,0,0,0,225000,75000,150000,150000
06898P,FBVIX群益9C售03 ,0,0,0,0,0,0,0,0,0,150000,0,0,0,150000,0,150000,150000
052182,鴻海群益96購01  ,0,0,0,0,0,0,0,0,0,150000,0,0,0,150000,0,150000,150000
051903,T50反1元大97購02,0,0,0,0,0,0,0,0,0,150000,0,0,0,150000,0,150000,150000
055806,致新永豐97購02  ,0,0,0,0,0,0,0,0,0,150000,0,0,0,151000,1000,150000,150000
055147,鴻海元大97購11  ,0,0,0,0,0,0,0,0,0,150000,0,0,0,150000,0,150000,150000
057207,立積元富98購02  ,0,0,0,0,0,0,0,0,0,150000,0,0,0,235000,85000,150000,150000
056943,華通統一99購01  ,0,0,0,0,0,0,0,0,0,150000,0,0,0,162000,12000,150000,150000
06879P,長榮航凱基98售02,0,0,0,0,0,0,0,0,0,149000,0,0,0,149000,0,149000,149000
053628,微星兆豐96購01  ,0,0,0,0,0,0,0,0,0,149000,0,0,0,159000,10000,149000,149000
057995,華新科中信98購02,0,0,0,0,0,0,0,0,0,149000,0,0,0,149000,0,149000,149000
058638,矽力兆豐99購01  ,0,0,0,0,0,0,0,0,0,149000,0,0,0,149000,0,149000,149000
060920,超眾富邦9B購01  ,0,0,0,0,0,0,0,0,0,148000,0,0,0,551000,403000,148000,148000
054426,國泰金富邦97購02,0,0,0,0,0,0,0,0,0,148000,0,0,0,209000,61000,148000,148000
058054,台積電統一9C購01,0,0,0,0,0,0,0,0,0,148000,0,0,0,448000,300000,148000,148000
07593P,臺股指凱基9A售08,0,0,0,0,0,0,0,0,0,148000,0,0,0,170000,22000,148000,148000
07108P,FBVIX台新99售02 ,0,0,0,0,0,0,0,0,0,148000,0,0,0,178000,30000,148000,148000
060452,儒鴻元大9A購01  ,0,0,0,0,0,0,0,0,0,147000,0,0,0,183000,36000,147000,147000
062062,貿聯統一01購01  ,0,0,0,0,0,0,0,0,0,147000,0,0,0,152000,5000,147000,147000
055490,台光電元大97購01,0,0,0,0,0,0,0,0,0,147000,0,0,0,197000,50000,147000,147000
058194,勤誠永豐99購01  ,0,0,0,0,0,0,0,0,0,147000,0,0,0,150000,3000,147000,147000
056314,力成元大97購01  ,0,0,0,0,0,0,0,0,0,147000,0,0,0,152000,5000,147000,147000
062372,旭富元大9B購01  ,0,0,0,0,0,0,0,0,0,146000,0,0,0,193000,47000,146000,146000
05361P,聯發科富邦97售01,0,0,0,0,0,0,0,0,0,146000,0,0,0,168000,22000,146000,146000
060107,旭富元大99購03  ,0,0,0,0,0,0,0,0,0,146000,0,0,0,216000,70000,146000,146000
062159,聯詠凱基9B購01  ,0,0,0,0,0,0,0,0,0,145000,0,0,0,150000,5000,145000,145000
060776,世芯凱基9B購01  ,0,0,0,0,0,0,0,0,0,145000,0,0,0,366000,221000,145000,145000
061234,國巨元大9A購18  ,0,0,0,0,0,0,0,0,0,145000,0,0,0,248000,103000,145000,145000
055644,致茂元富97購01  ,0,0,0,0,0,0,0,0,0,145000,0,0,0,145000,0,145000,145000
060958,儒鴻凱基9A購02  ,0,0,0,0,0,0,0,0,0,144000,0,0,0,166000,22000,144000,144000
060471,台勝科元大9B購01,0,0,0,0,0,0,0,0,0,144000,0,0,0,144000,0,144000,144000
061579,京鼎元大9A購02  ,0,0,0,0,0,0,0,0,0,144000,0,0,0,246000,102000,144000,144000
052203,T50反1中信99購03,0,0,0,0,0,0,0,0,0,144000,0,0,0,280000,136000,144000,144000
057170,瑞昱元大98購01  ,0,0,0,0,0,0,0,0,0,144000,0,0,0,231000,87000,144000,144000
056503,楠梓電永豐98購01,0,0,0,0,0,0,0,0,0,144000,0,0,0,154000,10000,144000,144000
07714P,世紀鋼元大9A售03,0,0,0,0,0,0,0,0,0,144000,0,0,0,220000,76000,144000,144000
061366,台勝科國票9A購01,0,0,0,0,0,0,0,0,0,143000,0,0,0,244000,101000,143000,143000
056486,樺漢元大98購04  ,0,0,0,0,0,0,0,0,0,143000,0,0,0,143000,0,143000,143000
057887,智原群益98購04  ,0,0,0,0,0,0,0,0,0,143000,0,0,0,143000,0,143000,143000
061532,和大統一9C購02  ,0,0,0,0,0,0,0,0,0,142000,0,0,0,142000,0,142000,142000
06646P,國巨元大98售16  ,0,0,0,0,0,0,0,0,0,142000,0,0,0,225000,83000,142000,142000
057316,國巨凱基99購04  ,0,0,0,0,0,0,0,0,0,142000,0,0,0,142000,0,142000,142000
07853P,國巨凱基9A售19  ,0,0,0,0,0,0,0,0,0,142000,0,0,0,361000,219000,142000,142000
061927,玉晶光凱基9C購01,0,0,0,0,0,0,0,0,0,141000,0,0,0,143000,2000,141000,141000
060987,華新科元大9A購11,0,0,0,0,0,0,0,0,0,141000,0,0,0,211000,70000,141000,141000
056166,微星台新97購01  ,0,0,0,0,0,0,0,0,0,141000,0,0,0,379000,238000,141000,141000
057857,牧德國票99購01  ,0,0,0,0,0,0,0,0,0,141000,0,0,0,163000,22000,141000,141000
060402,神隆國泰9B購01  ,0,0,0,0,0,0,0,0,0,141000,0,0,0,197000,56000,141000,141000
05579P,友達凱基98售03  ,0,0,0,0,0,0,0,0,0,140000,0,0,0,140000,0,140000,140000
047410,上銀元富96購01  ,0,0,0,0,0,0,0,0,0,140000,0,0,0,140000,0,140000,140000
057326,景碩群益99購02  ,0,0,0,0,0,0,0,0,0,140000,0,0,0,140000,0,140000,140000
058883,旭富永豐99購01  ,0,0,0,0,0,0,0,0,0,140000,0,0,0,140000,0,140000,140000
07164P,臺股指群益99售15,0,0,0,0,0,0,0,0,0,140000,0,0,0,141000,1000,140000,140000
9921,巨大            ,674000,506000,168000,0,0,0,12000,0,12000,-40000,0,36000,-36000,0,4000,-4000,140000
060996,臻鼎元大9A購01  ,0,0,0,0,0,0,0,0,0,139000,0,0,0,150000,11000,139000,139000
055006,晶相光元富9A購01,0,0,0,0,0,0,0,0,0,139000,0,0,0,139000,0,139000,139000
054874,帆宣群益99購02  ,0,0,0,0,0,0,0,0,0,139000,0,0,0,141000,2000,139000,139000
056519,創意國票99購01  ,0,0,0,0,0,0,0,0,0,138000,0,0,0,138000,0,138000,138000
057967,聯發科國泰9A購02,0,0,0,0,0,0,0,0,0,138000,0,0,0,237000,99000,138000,138000
060949,祥碩中信9A購01  ,0,0,0,0,0,0,0,0,0,137000,0,0,0,197000,60000,137000,137000
055745,臻鼎元富97購01  ,0,0,0,0,0,0,0,0,0,137000,0,0,0,449000,312000,137000,137000
055849,聯詠元大97購05  ,0,0,0,0,0,0,0,0,0,137000,0,0,0,300000,163000,137000,137000
058237,嘉晶元大99購04  ,0,0,0,0,0,0,0,0,0,137000,0,0,0,140000,3000,137000,137000
057085,立積統一9B購02  ,0,0,0,0,0,0,0,0,0,137000,0,0,0,253000,116000,137000,137000
058788,喬山元大99購01  ,0,0,0,0,0,0,0,0,0,137000,0,0,0,151000,14000,137000,137000
056665,上証2X國票99購02,0,0,0,0,0,0,0,0,0,137000,0,0,0,140000,3000,137000,137000
061334,華通元大9A購09  ,0,0,0,0,0,0,0,0,0,136000,0,0,0,286000,150000,136000,136000
060309,佳世達永豐9A購01,0,0,0,0,0,0,0,0,0,136000,0,0,0,136000,0,136000,136000
061682,南電元大9B購01  ,0,0,0,0,0,0,0,0,0,136000,0,0,0,136000,0,136000,136000
061796,興勤永豐9B購01  ,0,0,0,0,0,0,0,0,0,136000,0,0,0,136000,0,136000,136000
053984,康友元大96購05  ,0,0,0,0,0,0,0,0,0,136000,0,0,0,136000,0,136000,136000
058494,可成群益9B購01  ,0,0,0,0,0,0,0,0,0,136000,0,0,0,154000,18000,136000,136000
056582,易華電元大98購01,0,0,0,0,0,0,0,0,0,136000,0,0,0,136000,0,136000,136000
058513,宏達電元大99購05,0,0,0,0,0,0,0,0,0,136000,0,0,0,136000,0,136000,136000
056958,喬山永豐98購01  ,0,0,0,0,0,0,0,0,0,136000,0,0,0,159000,23000,136000,136000
060639,玉晶光永豐9A購05,0,0,0,0,0,0,0,0,0,135000,0,0,0,251000,116000,135000,135000
053635,技嘉永豐96購01  ,0,0,0,0,0,0,0,0,0,135000,0,0,0,210000,75000,135000,135000
059358,旺宏永豐99購02  ,0,0,0,0,0,0,0,0,0,135000,0,0,0,160000,25000,135000,135000
052047,建準凱基96購01  ,0,0,0,0,0,0,0,0,0,135000,0,0,0,200000,65000,135000,135000
059940,微星永豐99購01  ,0,0,0,0,0,0,0,0,0,135000,0,0,0,336000,201000,135000,135000
058241,景碩元大99購05  ,0,0,0,0,0,0,0,0,0,134000,0,0,0,144000,10000,134000,134000
057651,矽力元大98購03  ,0,0,0,0,0,0,0,0,0,134000,0,0,0,198000,64000,134000,134000
056506,晶豪科永豐98購02,0,0,0,0,0,0,0,0,0,134000,0,0,0,169000,35000,134000,134000
07672P,南電元大9A售05  ,0,0,0,0,0,0,0,0,0,134000,0,0,0,148000,14000,134000,134000
061892,亞德客永豐9B購01,0,0,0,0,0,0,0,0,0,133000,0,0,0,133000,0,133000,133000
053675,臺股指元富96購02,0,0,0,0,0,0,0,0,0,133000,0,0,0,133000,0,133000,133000
060367,緯穎元富9A購02  ,0,0,0,0,0,0,0,0,0,133000,0,0,0,166000,33000,133000,133000
061763,聯電元大9C購02  ,0,0,0,0,0,0,0,0,0,132000,0,0,0,182000,50000,132000,132000
062015,喬山永豐9B購01  ,0,0,0,0,0,0,0,0,0,132000,0,0,0,132000,0,132000,132000
061475,漢唐元大9A購01  ,0,0,0,0,0,0,0,0,0,132000,0,0,0,352000,220000,132000,132000
053040,全新凱基98購01  ,0,0,0,0,0,0,0,0,0,132000,0,0,0,157000,25000,132000,132000
057779,禾伸堂群益98購02,0,0,0,0,0,0,0,0,0,132000,0,0,0,144000,12000,132000,132000
057725,台達電國泰9A購01,0,0,0,0,0,0,0,0,0,132000,0,0,0,222000,90000,132000,132000
058190,貿聯永豐99購01  ,0,0,0,0,0,0,0,0,0,132000,0,0,0,136000,4000,132000,132000
6155,鈞寶            ,190000,58000,132000,0,0,0,0,0,0,0,0,0,0,0,0,0,132000
061076,台達電兆豐9A購01,0,0,0,0,0,0,0,0,0,131000,0,0,0,279000,148000,131000,131000
060200,同欣電元富9A購01,0,0,0,0,0,0,0,0,0,131000,0,0,0,197000,66000,131000,131000
052069,聯茂兆豐96購01  ,0,0,0,0,0,0,0,0,0,131000,0,0,0,142000,11000,131000,131000
053602,台虹元大96購01  ,0,0,0,0,0,0,0,0,0,131000,0,0,0,181000,50000,131000,131000
057149,京鼎國票99購02  ,0,0,0,0,0,0,0,0,0,131000,0,0,0,144000,13000,131000,131000
058102,楠梓電永豐98購04,0,0,0,0,0,0,0,0,0,131000,0,0,0,131000,0,131000,131000
059878,聯茂凱基99購07  ,0,0,0,0,0,0,0,0,0,131000,0,0,0,196000,65000,131000,131000
059831,聯詠康和99購01  ,0,0,0,0,0,0,0,0,0,131000,0,0,0,131000,0,131000,131000
059051,和大凱基9A購01  ,0,0,0,0,0,0,0,0,0,131000,0,0,0,148000,17000,131000,131000
061309,鴻海統一9C購05  ,0,0,0,0,0,0,0,0,0,130000,0,0,0,150000,20000,130000,130000
055327,致新國票98購01  ,0,0,0,0,0,0,0,0,0,130000,0,0,0,130000,0,130000,130000
054627,義隆凱基98購01  ,0,0,0,0,0,0,0,0,0,130000,0,0,0,130000,0,130000,130000
05443P,宏達電元大95售05,0,0,0,0,0,0,0,0,0,130000,0,0,0,349000,219000,130000,130000
058711,鴻海統一9A購02  ,0,0,0,0,0,0,0,0,0,130000,0,0,0,160000,30000,130000,130000
058701,鴻海元大99購16  ,0,0,0,0,0,0,0,0,0,130000,0,0,0,135000,5000,130000,130000
056683,台積電統一98購05,0,0,0,0,0,0,0,0,0,130000,0,0,0,170000,40000,130000,130000
057176,全新元大99購02  ,0,0,0,0,0,0,0,0,0,130000,0,0,0,140000,10000,130000,130000
07315P,台積電台新99售06,0,0,0,0,0,0,0,0,0,130000,0,0,0,130000,0,130000,130000
061168,力成兆豐9A購01  ,0,0,0,0,0,0,0,0,0,129000,0,0,0,412000,283000,129000,129000
053113,瀚宇博兆豐97購01,0,0,0,0,0,0,0,0,0,129000,0,0,0,129000,0,129000,129000
058683,可成凱基9A購01  ,0,0,0,0,0,0,0,0,0,129000,0,0,0,129000,0,129000,129000
03414B,臺股指凱基99熊01,50000,55000,-5000,0,0,0,0,0,0,133000,0,0,0,437000,304000,133000,128000
055311,健策群益98購02  ,0,0,0,0,0,0,0,0,0,128000,0,0,0,128000,0,128000,128000
053601,台表科元大98購01,0,0,0,0,0,0,0,0,0,128000,0,0,0,128000,0,128000,128000
059970,台灣50元大9B購07,0,0,0,0,0,0,0,0,0,128000,0,0,0,128000,0,128000,128000
059908,元金2X元大99購01,0,0,0,0,0,0,0,0,0,128000,0,0,0,180000,52000,128000,128000
057061,華擎國泰9A購01  ,0,0,0,0,0,0,0,0,0,128000,0,0,0,402000,274000,128000,128000
061030,喬山永豐9A購01  ,0,0,0,0,0,0,0,0,0,127000,0,0,0,130000,3000,127000,127000
061606,景碩凱基9A購02  ,0,0,0,0,0,0,0,0,0,127000,0,0,0,132000,5000,127000,127000
059370,玉晶光元富99購02,0,0,0,0,0,0,0,0,0,127000,0,0,0,255000,128000,127000,127000
056211,南港國票98購01  ,0,0,0,0,0,0,0,0,0,126000,0,0,0,226000,100000,126000,126000
059041,南茂群益99購02  ,0,0,0,0,0,0,0,0,0,126000,0,0,0,224000,98000,126000,126000
4935,茂林-KY         ,424000,115000,309000,0,0,0,145000,195000,-50000,-133000,22000,80000,-58000,7000,82000,-75000,126000
062025,台達電群益9B購01,0,0,0,0,0,0,0,0,0,125000,0,0,0,282000,157000,125000,125000
060976,SP黃豆元大9A購03,0,0,0,0,0,0,0,0,0,125000,0,0,0,130000,5000,125000,125000
061278,和大統一9A購01  ,0,0,0,0,0,0,0,0,0,125000,0,0,0,125000,0,125000,125000
061368,南六國票9A購01  ,0,0,0,0,0,0,0,0,0,125000,0,0,0,188000,63000,125000,125000
056774,和鑫元大98購01  ,0,0,0,0,0,0,0,0,0,125000,0,0,0,175000,50000,125000,125000
057135,立積凱基98購01  ,0,0,0,0,0,0,0,0,0,125000,0,0,0,130000,5000,125000,125000
056418,台光電元富98購01,0,0,0,0,0,0,0,0,0,125000,0,0,0,229000,104000,125000,125000
056535,全新凱基99購02  ,0,0,0,0,0,0,0,0,0,125000,0,0,0,125000,0,125000,125000
057798,貿聯兆豐99購01  ,0,0,0,0,0,0,0,0,0,125000,0,0,0,131000,6000,125000,125000
061516,力成永豐9A購02  ,0,0,0,0,0,0,0,0,0,124000,0,0,0,138000,14000,124000,124000
062042,台勝科凱基9C購01,0,0,0,0,0,0,0,0,0,124000,0,0,0,124000,0,124000,124000
057480,技嘉元大98購03  ,0,0,0,0,0,0,0,0,0,124000,0,0,0,167000,43000,124000,124000
060012,電子類群益99購02,0,0,0,0,0,0,0,0,0,124000,0,0,0,128000,4000,124000,124000
061452,大成鋼凱基9A購01,0,0,0,0,0,0,0,0,0,123000,0,0,0,123000,0,123000,123000
060550,可成凱基9A購02  ,0,0,0,0,0,0,0,0,0,123000,0,0,0,123000,0,123000,123000
054201,聯詠富邦97購02  ,0,0,0,0,0,0,0,0,0,123000,0,0,0,230000,107000,123000,123000
053325,GIS群益96購02   ,0,0,0,0,0,0,0,0,0,123000,0,0,0,176000,53000,123000,123000
060159,健和興永豐9A購01,0,0,0,0,0,0,0,0,0,123000,0,0,0,125000,2000,123000,123000
057595,健鼎兆豐98購01  ,0,0,0,0,0,0,0,0,0,123000,0,0,0,143000,20000,123000,123000
058099,鴻海國泰9A購02  ,0,0,0,0,0,0,0,0,0,123000,0,0,0,148000,25000,123000,123000
6278,台表科          ,1442000,1182000,260000,0,0,0,200000,263000,-63000,-74000,60000,145000,-85000,106000,95000,11000,123000
060241,國泰金元大9A購01,0,0,0,0,0,0,0,0,0,122000,0,0,0,122000,0,122000,122000
060322,卜蜂群益9A購01  ,0,0,0,0,0,0,0,0,0,122000,0,0,0,144000,22000,122000,122000
061211,玉晶光元大9A購12,0,0,0,0,0,0,0,0,0,122000,0,0,0,239000,117000,122000,122000
061082,台光電兆豐9A購01,0,0,0,0,0,0,0,0,0,122000,0,0,0,235000,113000,122000,122000
057449,華新科元富99購02,0,0,0,0,0,0,0,0,0,122000,0,0,0,122000,0,122000,122000
057919,技嘉凱基98購03  ,0,0,0,0,0,0,0,0,0,122000,0,0,0,327000,205000,122000,122000
058520,智易元大99購03  ,0,0,0,0,0,0,0,0,0,122000,0,0,0,241000,119000,122000,122000
058406,聯茂元大99購06  ,0,0,0,0,0,0,0,0,0,122000,0,0,0,135000,13000,122000,122000
056289,合勤控永豐97購01,0,0,0,0,0,0,0,0,0,122000,0,0,0,122000,0,122000,122000
060582,玉晶光群益9C購01,0,0,0,0,0,0,0,0,0,121000,0,0,0,134000,13000,121000,121000
058996,台達電元大99購02,0,0,0,0,0,0,0,0,0,121000,0,0,0,345000,224000,121000,121000
058481,玉晶光凱基9A購04,0,0,0,0,0,0,0,0,0,121000,0,0,0,148000,27000,121000,121000
058453,可成永豐99購01  ,0,0,0,0,0,0,0,0,0,121000,0,0,0,121000,0,121000,121000
060583,南亞科元富9A購05,0,0,0,0,0,0,0,0,0,120000,0,0,0,120000,0,120000,120000
060988,華新科元大9A購12,0,0,0,0,0,0,0,0,0,120000,0,0,0,392000,272000,120000,120000
061547,禾伸堂群益9A購01,0,0,0,0,0,0,0,0,0,120000,0,0,0,237000,117000,120000,120000
061380,巨大永豐9A購02  ,0,0,0,0,0,0,0,0,0,120000,0,0,0,120000,0,120000,120000
062365,台光電元大9B購03,0,0,0,0,0,0,0,0,0,120000,0,0,0,129000,9000,120000,120000
053103,瀚宇博元富96購01,0,0,0,0,0,0,0,0,0,120000,0,0,0,120000,0,120000,120000
053048,同欣電麥證96購01,0,0,0,120000,0,120000,0,0,0,120000,0,0,0,120000,0,120000,120000
055294,智易元大98購01  ,0,0,0,0,0,0,0,0,0,120000,0,0,0,120000,0,120000,120000
060122,亞德客永豐99購02,0,0,0,0,0,0,0,0,0,120000,0,0,0,120000,0,120000,120000
059856,昇陽半永豐99購03,0,0,0,0,0,0,0,0,0,120000,0,0,0,120000,0,120000,120000
07361P,聯發科元大99售34,0,0,0,0,0,0,0,0,0,120000,0,0,0,120000,0,120000,120000
07805P,義隆永豐9A售02  ,0,0,0,0,0,0,0,0,0,120000,0,0,0,131000,11000,120000,120000
060793,微星永豐9A購01  ,0,0,0,0,0,0,0,0,0,119000,0,0,0,181000,62000,119000,119000
060733,和大統一9C購01  ,0,0,0,0,0,0,0,0,0,119000,0,0,0,119000,0,119000,119000
06023P,超眾國票96售03  ,0,0,0,0,0,0,0,0,0,119000,0,0,0,262000,143000,119000,119000
054742,京鼎凱基99購01  ,0,0,0,0,0,0,0,0,0,119000,0,0,0,119000,0,119000,119000
056228,可成凱基97購03  ,0,0,0,0,0,0,0,0,0,119000,0,0,0,128000,9000,119000,119000
061070,超眾凱基9C購01  ,0,0,0,0,0,0,0,0,0,118000,0,0,0,120000,2000,118000,118000
061072,南電凱基9B購01  ,0,0,0,0,0,0,0,0,0,118000,0,0,0,128000,10000,118000,118000
062336,茂林統一01購02  ,0,0,0,0,0,0,0,0,0,118000,0,0,0,138000,20000,118000,118000
053056,同欣電國票97購01,0,0,0,0,0,0,0,0,0,118000,0,0,0,401000,283000,118000,118000
058748,景碩凱基9A購01  ,0,0,0,0,0,0,0,0,0,118000,0,0,0,149000,31000,118000,118000
058770,貿聯兆豐9A購01  ,0,0,0,0,0,0,0,0,0,118000,0,0,0,120000,2000,118000,118000
058908,貿聯元大99購03  ,0,0,0,0,0,0,0,0,0,118000,0,0,0,133000,15000,118000,118000
061960,國巨統一01購05  ,0,0,0,0,0,0,0,0,0,117000,0,0,0,202000,85000,117000,117000
061584,勤誠元大9A購01  ,0,0,0,0,0,0,0,0,0,117000,0,0,0,269000,152000,117000,117000
061426,玉晶光元大9A購15,0,0,0,0,0,0,0,0,0,117000,0,0,0,177000,60000,117000,117000
055091,微星群益97購01  ,0,0,0,0,0,0,0,0,0,117000,0,0,0,215000,98000,117000,117000
053875,GIS元大97購01   ,0,0,0,0,0,0,0,0,0,117000,0,0,0,145000,28000,117000,117000
056196,聯茂富邦98購02  ,0,0,0,0,0,0,0,0,0,117000,0,0,0,152000,35000,117000,117000
057421,智原凱基98購04  ,0,0,0,0,0,0,0,0,0,117000,0,0,0,117000,0,117000,117000
057289,力成元大98購03  ,0,0,0,0,0,0,0,0,0,117000,0,0,0,212000,95000,117000,117000
07009P,臺股指中信9B售01,0,0,0,0,0,0,0,0,0,117000,0,0,0,120000,3000,117000,117000
06884P,台郡群益98售03  ,0,0,0,0,0,0,0,0,0,116000,0,0,0,116000,0,116000,116000
053450,同欣電凱基96購02,0,0,0,0,0,0,0,0,0,116000,0,0,0,116000,0,116000,116000
056452,亞光凱基98購02  ,0,0,0,0,0,0,0,0,0,116000,0,0,0,116000,0,116000,116000
057982,帆宣永豐98購01  ,0,0,0,0,0,0,0,0,0,116000,0,0,0,184000,68000,116000,116000
057234,宏達電凱基98購05,0,0,0,0,0,0,0,0,0,116000,0,0,0,149000,33000,116000,116000
07392P,台積電國泰02售01,0,0,0,0,0,0,0,0,0,116000,0,0,0,116000,0,116000,116000
8213,志超            ,627000,500000,127000,0,0,0,0,0,0,-11000,3000,0,3000,0,14000,-14000,116000
06458P,玉晶光統一9A售02,0,0,0,0,0,0,0,0,0,115000,0,0,0,127000,12000,115000,115000
062276,瑞昱群益9B購01  ,0,0,0,0,0,0,0,0,0,115000,0,0,0,125000,10000,115000,115000
06374P,台表科元大97售06,0,0,0,0,0,0,0,0,0,115000,0,0,0,118000,3000,115000,115000
061798,晶豪科永豐9B購01,0,0,0,0,0,0,0,0,0,115000,0,0,0,115000,0,115000,115000
060299,友訊國泰9B購01  ,0,0,0,0,0,0,0,0,0,115000,0,0,0,147000,32000,115000,115000
060473,中租元大9A購03  ,0,0,0,0,0,0,0,0,0,115000,0,0,0,120000,5000,115000,115000
048651,美利達元大96購05,0,0,0,0,0,0,0,0,0,115000,0,0,0,115000,0,115000,115000
055030,帆宣國泰99購02  ,0,0,0,0,0,0,0,0,0,115000,0,0,0,170000,55000,115000,115000
057533,晶相光元大98購02,0,0,0,0,0,0,0,0,0,115000,0,0,0,215000,100000,115000,115000
6112,聚碩            ,180000,65000,115000,0,0,0,0,0,0,0,0,0,0,0,0,0,115000
060863,聯發科永豐9A購02,0,0,0,0,0,0,0,0,0,114000,0,0,0,125000,11000,114000,114000
054065,樺漢國票97購01  ,0,0,0,0,0,0,0,0,0,114000,0,0,0,130000,16000,114000,114000
055893,大立光統一97購07,0,0,0,0,0,0,0,0,0,114000,0,0,0,114000,0,114000,114000
058677,矽格群益99購01  ,0,0,0,0,0,0,0,0,0,114000,0,0,0,194000,80000,114000,114000
058664,百和兆豐99購01  ,0,0,0,0,0,0,0,0,0,114000,0,0,0,114000,0,114000,114000
057611,技嘉元富98購02  ,0,0,0,0,0,0,0,0,0,114000,0,0,0,168000,54000,114000,114000
06934P,聯鈞元大98售03  ,0,0,0,0,0,0,0,0,0,114000,0,0,0,286000,172000,114000,114000
1514,亞力            ,243000,130000,113000,0,0,0,0,0,0,0,0,0,0,0,0,0,113000
060460,鴻海元大9A購08  ,0,0,0,0,0,0,0,0,0,112000,0,0,0,113000,1000,112000,112000
060235,瑞昱元大9A購01  ,0,0,0,0,0,0,0,0,0,112000,0,0,0,159000,47000,112000,112000
061154,可成群益9B購04  ,0,0,0,0,0,0,0,0,0,112000,0,0,0,117000,5000,112000,112000
062192,南六元大9B購01  ,0,0,0,0,0,0,0,0,0,112000,0,0,0,142000,30000,112000,112000
054795,合勤控群益98購01,0,0,0,0,0,0,0,0,0,112000,0,0,0,162000,50000,112000,112000
052764,景碩群益98購01  ,0,0,0,0,0,0,0,0,0,112000,0,0,0,128000,16000,112000,112000
058455,玉晶光永豐99購03,0,0,0,0,0,0,0,0,0,112000,0,0,0,112000,0,112000,112000
059824,大立光凱基99購13,0,0,0,0,0,0,0,0,0,112000,0,0,0,114000,2000,112000,112000
060027,元金2X永豐99購02,0,0,0,0,0,0,0,0,0,112000,0,0,0,117000,5000,112000,112000
061005,可成兆豐9A購01  ,0,0,0,0,0,0,0,0,0,111000,0,0,0,220000,109000,111000,111000
04049P,大立光元大95售02,0,0,0,0,0,0,0,0,0,111000,0,0,0,111000,0,111000,111000
055043,中砂永豐97購01  ,0,0,0,0,0,0,0,0,0,111000,0,0,0,111000,0,111000,111000
05528P,臺股指群益96售01,0,0,0,0,0,0,0,0,0,111000,0,0,0,190000,79000,111000,111000
6142,友勁            ,11000,70000,-59000,0,0,0,0,0,0,170000,170000,0,170000,0,0,0,111000
061022,健策國泰9B購03  ,0,0,0,0,0,0,0,0,0,110000,0,0,0,267000,157000,110000,110000
061107,世芯元大9A購05  ,0,0,0,0,0,0,0,0,0,110000,0,0,0,127000,17000,110000,110000
060412,儒鴻永豐9A購01  ,0,0,0,0,0,0,0,0,0,110000,0,0,0,210000,100000,110000,110000
060506,京元電元大9A購02,0,0,0,0,0,0,0,0,0,110000,0,0,0,118000,8000,110000,110000
06636P,可成凱基98售08  ,0,0,0,0,0,0,0,0,0,110000,0,0,0,110000,0,110000,110000
055861,矽力元大97購03  ,0,0,0,0,0,0,0,0,0,110000,0,0,0,130000,20000,110000,110000
060037,鴻海國票99購10  ,0,0,0,0,0,0,0,0,0,110000,0,0,0,110000,0,110000,110000
060103,聯詠元大99購01  ,0,0,0,0,0,0,0,0,0,110000,0,0,0,196000,86000,110000,110000
056842,全新元富98購01  ,0,0,0,0,0,0,0,0,0,110000,0,0,0,110000,0,110000,110000
058555,矽創永豐9A購01  ,0,0,0,0,0,0,0,0,0,110000,0,0,0,110000,0,110000,110000
057154,易華電國泰99購01,0,0,0,0,0,0,0,0,0,110000,0,0,0,210000,100000,110000,110000
056921,京元電兆豐98購01,0,0,0,0,0,0,0,0,0,110000,0,0,0,110000,0,110000,110000
056918,台積電兆豐98購01,0,0,0,0,0,0,0,0,0,110000,0,0,0,110000,0,110000,110000
07341P,台積電凱基99售18,0,0,0,0,0,0,0,0,0,110000,0,0,0,110000,0,110000,110000
060933,南電永豐9A購02  ,0,0,0,0,0,0,0,0,0,109000,0,0,0,109000,0,109000,109000
060679,聯詠元大9A購04  ,0,0,0,0,0,0,0,0,0,108000,0,0,0,238000,130000,108000,108000
061693,華新科群益9B購02,0,0,0,0,0,0,0,0,0,108000,0,0,0,108000,0,108000,108000
054245,鴻海元大96購23  ,0,0,0,0,0,0,0,0,0,108000,0,0,0,148000,40000,108000,108000
057929,上銀群益98購02  ,0,0,0,0,0,0,0,0,0,108000,0,0,0,138000,30000,108000,108000
058010,帆宣國票98購01  ,0,0,0,0,0,0,0,0,0,108000,0,0,0,146000,38000,108000,108000
058095,昇陽半元大98購03,0,0,0,0,0,0,0,0,0,108000,0,0,0,166000,58000,108000,108000
057095,祥碩元富98購02  ,0,0,0,0,0,0,0,0,0,108000,0,0,0,108000,0,108000,108000
056284,台積電永豐97購06,0,0,0,0,0,0,0,0,0,108000,0,0,0,108000,0,108000,108000
060642,華擎永豐9A購02  ,0,0,0,0,0,0,0,0,0,107000,0,0,0,332000,225000,107000,107000
060191,亞光元富9A購02  ,0,0,0,0,0,0,0,0,0,107000,0,0,0,110000,3000,107000,107000
055705,微星永豐97購01  ,0,0,0,0,0,0,0,0,0,107000,0,0,0,177000,70000,107000,107000
058358,技嘉凱基9A購01  ,0,0,0,0,0,0,0,0,0,107000,0,0,0,165000,58000,107000,107000
061533,友達統一9C購02  ,0,0,0,0,0,0,0,0,0,106000,0,0,0,106000,0,106000,106000
050915,健策中信98購01  ,0,0,0,0,0,0,0,0,0,106000,0,0,0,222000,116000,106000,106000
052796,和碩兆豐96購01  ,0,0,0,0,0,0,0,0,0,106000,0,0,0,168000,62000,106000,106000
056680,華通統一98購04  ,0,0,0,0,0,0,0,0,0,106000,0,0,0,142000,36000,106000,106000
058823,聯發科富邦9C購01,0,0,0,0,0,0,0,0,0,106000,0,0,0,106000,0,106000,106000
060953,富邦金群益9A購01,0,0,0,0,0,0,0,0,0,105000,0,0,0,115000,10000,105000,105000
060405,中租國泰9C購01  ,0,0,0,0,0,0,0,0,0,105000,0,0,0,105000,0,105000,105000
060657,旺宏統一9B購05  ,0,0,0,0,0,0,0,0,0,105000,0,0,0,110000,5000,105000,105000
060726,聯發科第一9A購01,0,0,0,0,0,0,0,0,0,105000,0,0,0,105000,0,105000,105000
061907,裕隆中信9B購01  ,0,0,0,0,0,0,0,0,0,105000,0,0,0,162000,57000,105000,105000
062037,華新凱基9B購01  ,0,0,0,0,0,0,0,0,0,105000,0,0,0,105000,0,105000,105000
053423,亞光永豐96購01  ,0,0,0,0,0,0,0,0,0,105000,0,0,0,122000,17000,105000,105000
058658,瑞儀中信99購01  ,0,0,0,0,0,0,0,0,0,105000,0,0,0,205000,100000,105000,105000
058363,全新凱基9A購02  ,0,0,0,0,0,0,0,0,0,105000,0,0,0,105000,0,105000,105000
060380,T50反1凱基9A購08,100000,0,100000,0,0,0,0,0,0,5000,0,0,0,105000,100000,5000,105000
051872,矽力凱基96購01  ,0,0,0,0,0,0,0,0,0,104000,0,0,0,114000,10000,104000,104000
056025,嘉晶群益97購01  ,0,0,0,0,0,0,0,0,0,104000,0,0,0,208000,104000,104000,104000
060058,牧德凱基9B購01  ,0,0,0,0,0,0,0,0,0,104000,0,0,0,121000,17000,104000,104000
058705,長榮航元大99購01,0,0,0,0,0,0,0,0,0,104000,0,0,0,104000,0,104000,104000
058438,大立光統一9B購01,0,0,0,0,0,0,0,0,0,104000,0,0,0,104000,0,104000,104000
056403,茂林群益98購01  ,0,0,0,0,0,0,0,0,0,104000,0,0,0,104000,0,104000,104000
057146,技嘉國票98購01  ,0,0,0,0,0,0,0,0,0,104000,0,0,0,107000,3000,104000,104000
057381,微星國泰9A購01  ,0,0,0,0,0,0,0,0,0,104000,0,0,0,210000,106000,104000,104000
061801,祥碩永豐9B購01  ,0,0,0,0,0,0,0,0,0,103000,0,0,0,186000,83000,103000,103000
061822,和潤群益9B購01  ,0,0,0,0,0,0,0,0,0,103000,0,0,0,116000,13000,103000,103000
061787,華新科群益9C購01,0,0,0,0,0,0,0,0,0,103000,0,0,0,103000,0,103000,103000
06684P,緯穎元大98售06  ,0,0,0,0,0,0,0,0,0,103000,0,0,0,103000,0,103000,103000
06486P,麗豐元大98售02  ,0,0,0,0,0,0,0,0,0,103000,0,0,0,304000,201000,103000,103000
062368,聯詠元大9B購01  ,0,0,0,0,0,0,0,0,0,103000,0,0,0,244000,141000,103000,103000
060994,世芯元大9A購03  ,0,0,0,0,0,0,0,0,0,103000,0,0,0,134000,31000,103000,103000
059643,日月光凱基99購02,0,0,0,0,0,0,0,0,0,103000,0,0,0,105000,2000,103000,103000
057322,旺宏群益98購04  ,0,0,0,0,0,0,0,0,0,103000,0,0,0,103000,0,103000,103000
059939,技嘉永豐99購01  ,0,0,0,0,0,0,0,0,0,103000,0,0,0,135000,32000,103000,103000
07467P,上銀元大9A售03  ,0,0,0,0,0,0,0,0,0,103000,0,0,0,123000,20000,103000,103000
06152P,玉晶光元大98售06,0,0,0,0,0,0,0,0,0,102000,0,0,0,102000,0,102000,102000
06487P,聯發科統一99售02,0,0,0,0,0,0,0,0,0,102000,0,0,0,108000,6000,102000,102000
058371,智原凱基9A購01  ,0,0,0,0,0,0,0,0,0,102000,0,0,0,127000,25000,102000,102000
058795,可成元大99購03  ,0,0,0,0,0,0,0,0,0,102000,0,0,0,106000,4000,102000,102000
058802,矽創元大99購02  ,0,0,0,0,0,0,0,0,0,102000,0,0,0,152000,50000,102000,102000
058079,鴻海群益98購08  ,0,0,0,0,0,0,0,0,0,102000,0,0,0,148000,46000,102000,102000
057054,立積元大98購03  ,0,0,0,0,0,0,0,0,0,102000,0,0,0,114000,12000,102000,102000
058258,世芯國泰9A購01  ,0,0,0,0,0,0,0,0,0,102000,0,0,0,278000,176000,102000,102000
056893,智邦元大98購02  ,0,0,0,0,0,0,0,0,0,102000,0,0,0,188000,86000,102000,102000
07300P,臺股指元大9A售33,0,0,0,0,0,0,0,0,0,102000,0,0,0,163000,61000,102000,102000
062386,京鼎國泰9C購01  ,0,0,0,0,0,0,0,0,0,101000,0,0,0,165000,64000,101000,101000
06262P,國巨凱基97售07  ,0,0,0,0,0,0,0,0,0,101000,0,0,0,204000,103000,101000,101000
061951,南電群益9B購01  ,0,0,0,0,0,0,0,0,0,101000,0,0,0,101000,0,101000,101000
055256,日電貿統一99購01,0,0,0,0,0,0,0,0,0,101000,0,0,0,101000,0,101000,101000
055112,晶豪科凱基98購01,0,0,0,0,0,0,0,0,0,101000,0,0,0,203000,102000,101000,101000
054221,華新科統一96購05,0,0,0,0,0,0,0,0,0,101000,0,0,0,221000,120000,101000,101000
053935,華通元富96購02  ,0,0,0,0,0,0,0,0,0,101000,0,0,0,106000,5000,101000,101000
054539,欣興國票98購01  ,0,0,0,0,0,0,0,0,0,101000,0,0,0,101000,0,101000,101000
00656R,國泰中國A50反1  ,0,0,0,0,0,0,0,0,0,101000,0,0,0,192000,91000,101000,101000
048186,元黃金元大96購01,0,0,0,0,0,0,0,0,0,101000,0,0,0,101000,0,101000,101000
058200,世芯康和99購01  ,0,0,0,0,0,0,0,0,0,101000,0,0,0,395000,294000,101000,101000
057642,南亞科元大98購07,0,0,0,0,0,0,0,0,0,101000,0,0,0,169000,68000,101000,101000
056561,台光電群益98購02,0,0,0,0,0,0,0,0,0,101000,0,0,0,101000,0,101000,101000
056991,牧德兆豐98購01  ,0,0,0,0,0,0,0,0,0,101000,0,0,0,119000,18000,101000,101000
058475,台積電凱基99購06,0,0,0,0,0,0,0,0,0,101000,0,0,0,171000,70000,101000,101000
060347,大立光統一02購01,0,0,0,0,0,0,0,0,0,101000,0,0,0,101000,0,101000,101000
059917,華新科元大99購19,0,0,0,0,0,0,0,0,0,101000,0,0,0,110000,9000,101000,101000
061580,華擎元大9A購06  ,0,0,0,0,0,0,0,0,0,100000,0,0,0,271000,171000,100000,100000
06477P,緯穎國票99售02  ,0,0,0,0,0,0,0,0,0,100000,0,0,0,100000,0,100000,100000
061280,國巨統一9C購06  ,0,0,0,0,0,0,0,0,0,100000,0,0,0,100000,0,100000,100000
061169,GIS兆豐9A購01   ,0,0,0,0,0,0,0,0,0,100000,0,0,0,182000,82000,100000,100000
059853,超眾永豐99購03  ,0,0,0,0,0,0,0,0,0,100000,0,0,0,100000,0,100000,100000
053257,華通富邦97購01  ,0,0,0,0,0,0,0,0,0,100000,0,0,0,100000,0,100000,100000
051428,玉晶光統一96購01,0,0,0,0,0,0,0,0,0,100000,0,0,0,213000,113000,100000,100000
050955,達方群益97購01  ,0,0,0,0,0,0,0,0,0,100000,0,0,0,100000,0,100000,100000
046011,欣興元富95購01  ,0,0,0,0,0,0,0,0,0,100000,0,0,0,100000,0,100000,100000
051192,緯創兆豐96購01  ,0,0,0,0,0,0,0,0,0,100000,0,0,0,100000,0,100000,100000
054457,強茂群益96購01  ,0,0,0,0,0,0,0,0,0,100000,0,0,0,100000,0,100000,100000
055591,全新元大98購01  ,0,0,0,0,0,0,0,0,0,100000,0,0,0,102000,2000,100000,100000
055679,華通凱基99購01  ,0,0,0,0,0,0,0,0,0,100000,0,0,0,100000,0,100000,100000
055618,麗豐國票98購01  ,0,0,0,0,0,0,0,0,0,100000,0,0,0,100000,0,100000,100000
052084,台泥元大95購01  ,0,0,0,0,0,0,0,0,0,100000,0,0,0,100000,0,100000,100000
053431,志超永豐96購01  ,0,0,0,0,0,0,0,0,0,100000,0,0,0,100000,0,100000,100000
053535,宏達電永豐96購02,0,0,0,0,0,0,0,0,0,100000,0,0,0,100000,0,100000,100000
052818,智邦永豐96購01  ,0,0,0,0,0,0,0,0,0,100000,0,0,0,161000,61000,100000,100000
053864,義隆元大96購01  ,0,0,0,0,0,0,0,0,0,100000,0,0,0,110000,10000,100000,100000
054050,創意元大96購06  ,0,0,0,0,0,0,0,0,0,100000,0,0,0,100000,0,100000,100000
053611,聯茂麥證96購01  ,0,0,0,100000,0,100000,0,0,0,100000,0,0,0,100000,0,100000,100000
054166,日電貿凱基98購01,0,0,0,0,0,0,0,0,0,100000,0,0,0,175000,75000,100000,100000
053718,全新凱基97購02  ,0,0,0,0,0,0,0,0,0,100000,0,0,0,100000,0,100000,100000
053724,聯詠凱基96購04  ,0,0,0,0,0,0,0,0,0,100000,0,0,0,100000,0,100000,100000
055025,華新科國泰98購02,0,0,0,0,0,0,0,0,0,100000,0,0,0,100000,0,100000,100000
059273,臺指反元大9C購03,0,0,0,0,0,0,0,0,0,100000,0,0,0,100000,0,100000,100000
059349,台郡凱基99購04  ,0,0,0,0,0,0,0,0,0,100000,0,0,0,225000,125000,100000,100000
054897,信錦康和97購01  ,0,0,0,0,0,0,0,0,0,100000,0,0,0,100000,0,100000,100000
055433,嘉聯益群益99購01,0,0,0,0,0,0,0,0,0,100000,0,0,0,300000,200000,100000,100000
06036P,台表科凱基96售04,0,0,0,0,0,0,0,0,0,100000,0,0,0,100000,0,100000,100000
056264,聯發科統一98購02,0,0,0,0,0,0,0,0,0,100000,0,0,0,100000,0,100000,100000
056297,台光電元大97購04,0,0,0,0,0,0,0,0,0,100000,0,0,0,104000,4000,100000,100000
058992,上証反元大99購02,0,0,0,0,0,0,0,0,0,100000,0,0,0,100000,0,100000,100000
056986,超眾群益98購03  ,0,0,0,0,0,0,0,0,0,100000,0,0,0,100000,0,100000,100000
058930,華新科統一9B購01,0,0,0,0,0,0,0,0,0,100000,0,0,0,110000,10000,100000,100000
057762,全新凱基99購03  ,0,0,0,0,0,0,0,0,0,100000,0,0,0,100000,0,100000,100000
057906,福懋科中信99購01,0,0,0,0,0,0,0,0,0,100000,0,0,0,100000,0,100000,100000
057956,全新元大99購04  ,0,0,0,0,0,0,0,0,0,100000,0,0,0,110000,10000,100000,100000
058197,國巨中信99購02  ,0,0,0,0,0,0,0,0,0,100000,0,0,0,100000,0,100000,100000
057471,昇陽半永豐98購02,0,0,0,0,0,0,0,0,0,100000,0,0,0,100000,0,100000,100000
057736,鴻海富邦99購04  ,0,0,0,0,0,0,0,0,0,100000,0,0,0,100000,0,100000,100000
057729,華新科國泰99購04,0,0,0,0,0,0,0,0,0,100000,0,0,0,100000,0,100000,100000
057688,國巨凱基99購07  ,0,0,0,0,0,0,0,0,0,100000,0,0,0,100000,0,100000,100000
057700,新日興群益9A購01,0,0,0,0,0,0,0,0,0,100000,0,0,0,100000,0,100000,100000
06946P,T50正2元大9C售01,0,0,0,0,0,0,0,0,0,100000,0,0,0,100000,0,100000,100000
060305,得力永豐9A購01  ,0,0,0,0,0,0,0,0,0,99000,0,0,0,100000,1000,99000,99000
054916,聯發科凱基98購04,0,0,0,0,0,0,0,0,0,99000,0,0,0,119000,20000,99000,99000
059326,康友元大99購01  ,0,0,0,0,0,0,0,0,0,99000,0,0,0,105000,6000,99000,99000
059410,滬深2X國票9A購04,0,0,0,0,0,0,0,0,0,99000,0,0,0,99000,0,99000,99000
055092,開發金群益9B購01,0,0,0,0,0,0,0,0,0,99000,0,0,0,99000,0,99000,99000
054148,矽創元大96購03  ,0,0,0,0,0,0,0,0,0,99000,0,0,0,99000,0,99000,99000
053973,晶豪科元大96購01,0,0,0,0,0,0,0,0,0,99000,0,0,0,221000,122000,99000,99000
055525,國巨群益98購05  ,0,0,0,0,0,0,0,0,0,99000,0,0,0,105000,6000,99000,99000
058784,臺股指國票99購03,0,0,0,0,0,0,0,0,0,99000,0,0,0,99000,0,99000,99000
058729,國巨永豐99購03  ,0,0,0,0,0,0,0,0,0,99000,0,0,0,99000,0,99000,99000
059116,晶豪科永豐99購01,0,0,0,0,0,0,0,0,0,99000,0,0,0,136000,37000,99000,99000
060397,群創國票9A購01  ,0,0,0,0,0,0,0,0,0,99000,0,0,0,109000,10000,99000,99000
060065,大立光兆豐9B購01,0,0,0,0,0,0,0,0,0,99000,0,0,0,113000,14000,99000,99000
07618P,大立光中信9A售06,0,0,0,0,0,0,0,0,0,99000,0,0,0,99000,0,99000,99000
2608,嘉里大榮        ,161000,62000,99000,0,0,0,0,0,0,0,0,0,0,0,0,0,99000
060324,台積電群益9B購02,0,0,0,0,0,0,0,0,0,98000,0,0,0,98000,0,98000,98000
060483,友達富邦9A購01  ,0,0,0,0,0,0,0,0,0,98000,0,0,0,98000,0,98000,98000
060435,鈺齊永豐9A購01  ,0,0,0,0,0,0,0,0,0,98000,0,0,0,98000,0,98000,98000
060954,國泰金群益9A購02,0,0,0,0,0,0,0,0,0,98000,0,0,0,196000,98000,98000,98000
060956,超眾群益9A購01  ,0,0,0,0,0,0,0,0,0,98000,0,0,0,134000,36000,98000,98000
061412,儒鴻群益9A購01  ,0,0,0,0,0,0,0,0,0,98000,0,0,0,171000,73000,98000,98000
062333,嘉晶統一9C購01  ,0,0,0,0,0,0,0,0,0,98000,0,0,0,133000,35000,98000,98000
06188P,大立光元富97售01,0,0,0,0,0,0,0,0,0,98000,0,0,0,157000,59000,98000,98000
061943,上銀群益9B購02  ,0,0,0,0,0,0,0,0,0,98000,0,0,0,98000,0,98000,98000
053506,南茂兆豐97購01  ,0,0,0,0,0,0,0,0,0,98000,0,0,0,98000,0,98000,98000
048754,瀚宇博元富97購01,0,0,0,0,0,0,0,0,0,98000,0,0,0,98000,0,98000,98000
054025,鴻海凱基96購17  ,0,0,0,0,0,0,0,0,0,98000,0,0,0,98000,0,98000,98000
053619,和碩群益96購01  ,0,0,0,0,0,0,0,0,0,98000,0,0,0,98000,0,98000,98000
054872,瀚宇博群益98購01,0,0,0,0,0,0,0,0,0,98000,0,0,0,196000,98000,98000,98000
059316,國巨元大99購23  ,0,0,0,0,0,0,0,0,0,98000,0,0,0,100000,2000,98000,98000
056020,義隆群益97購01  ,0,0,0,0,0,0,0,0,0,98000,0,0,0,98000,0,98000,98000
056174,億光元富97購01  ,0,0,0,0,0,0,0,0,0,98000,0,0,0,98000,0,98000,98000
055926,國巨群益98購06  ,0,0,0,0,0,0,0,0,0,98000,0,0,0,98000,0,98000,98000
060044,大立光群益99購09,0,0,0,0,0,0,0,0,0,98000,0,0,0,99000,1000,98000,98000
059825,嘉晶凱基99購02  ,0,0,0,0,0,0,0,0,0,98000,0,0,0,376000,278000,98000,98000
058762,貿聯群益99購03  ,0,0,0,0,0,0,0,0,0,98000,0,0,0,98000,0,98000,98000
058540,嘉聯益國泰9A購02,0,0,0,0,0,0,0,0,0,98000,0,0,0,103000,5000,98000,98000
05691P,聯發科中信98售01,0,0,0,0,0,0,0,0,0,98000,0,0,0,190000,92000,98000,98000
057931,正崴群益98購02  ,0,0,0,0,0,0,0,0,0,98000,0,0,0,98000,0,98000,98000
057926,帆宣凱基98購02  ,0,0,0,0,0,0,0,0,0,98000,0,0,0,98000,0,98000,98000
057287,彩晶元大9C購03  ,0,0,0,0,0,0,0,0,0,98000,0,0,0,98000,0,98000,98000
07687P,上銀元大9A售06  ,0,0,0,0,0,0,0,0,0,98000,0,0,0,105000,7000,98000,98000
8271,宇瞻            ,490000,392000,98000,0,0,0,0,0,0,0,0,0,0,0,0,0,98000
061817,高鐵群益9B購01  ,0,0,0,0,0,0,0,0,0,97000,0,0,0,195000,98000,97000,97000
061726,台積電麥證9A購05,0,0,0,150000,53000,97000,0,0,0,97000,0,0,0,150000,53000,97000,97000
060937,T50反1國票9A購10,82000,0,82000,0,0,0,0,0,0,15000,0,0,0,425000,410000,15000,97000
056860,正崴群益98購01  ,0,0,0,0,0,0,0,0,0,97000,0,0,0,98000,1000,97000,97000
060374,儒鴻元富9A購01  ,0,0,0,0,0,0,0,0,0,97000,0,0,0,137000,40000,97000,97000
061145,臻鼎中信9A購02  ,0,0,0,0,0,0,0,0,0,96000,0,0,0,341000,245000,96000,96000
061593,智原永豐9A購01  ,0,0,0,0,0,0,0,0,0,96000,0,0,0,98000,2000,96000,96000
054928,帆宣凱基98購01  ,0,0,0,0,0,0,0,0,0,96000,0,0,0,96000,0,96000,96000
058081,技嘉群益9A購03  ,0,0,0,0,0,0,0,0,0,96000,0,0,0,220000,124000,96000,96000
058895,鴻海元大99購20  ,0,0,0,0,0,0,0,0,0,96000,0,0,0,100000,4000,96000,96000
062016,美食永豐9B購01  ,0,0,0,0,0,0,0,0,0,95000,0,0,0,95000,0,95000,95000
061415,健策群益9A購04  ,0,0,0,0,0,0,0,0,0,95000,0,0,0,99000,4000,95000,95000
054835,致新中信97購01  ,0,0,0,0,0,0,0,0,0,95000,0,0,0,95000,0,95000,95000
054027,欣興凱基96購04  ,0,0,0,0,0,0,0,0,0,95000,0,0,0,100000,5000,95000,95000
03675C,臺股指元大04牛02,0,0,0,0,0,0,0,0,0,95000,0,0,0,105000,10000,95000,95000
046999,康控富邦99購01  ,0,0,0,0,0,0,0,0,0,95000,0,0,0,95000,0,95000,95000
057072,日月光永豐98購01,0,0,0,0,0,0,0,0,0,95000,0,0,0,95000,0,95000,95000
060160,聯陽永豐9A購01  ,0,0,0,0,0,0,0,0,0,95000,0,0,0,113000,18000,95000,95000
056204,嘉澤永豐97購01  ,0,0,0,0,0,0,0,0,0,95000,0,0,0,112000,17000,95000,95000
060651,瑞儀中信9B購01  ,0,0,0,0,0,0,0,0,0,94000,0,0,0,142000,48000,94000,94000
062142,喬山國票9B購01  ,0,0,0,0,0,0,0,0,0,94000,0,0,0,94000,0,94000,94000
061878,茂林元大9B購01  ,0,0,0,0,0,0,0,0,0,94000,0,0,0,118000,24000,94000,94000
06504P,麗豐國票99售02  ,0,0,0,0,0,0,0,0,0,94000,0,0,0,94000,0,94000,94000
059463,台灣50元大9C購07,0,0,0,0,0,0,0,0,0,94000,0,0,0,99000,5000,94000,94000
060022,勤誠康和99購01  ,0,0,0,0,0,0,0,0,0,94000,0,0,0,172000,78000,94000,94000
057428,正崴兆豐98購01  ,0,0,0,0,0,0,0,0,0,94000,0,0,0,94000,0,94000,94000
057739,新日興富邦9B購01,0,0,0,0,0,0,0,0,0,94000,0,0,0,334000,240000,94000,94000
2471,資通            ,148000,54000,94000,0,0,0,0,0,0,0,0,0,0,0,0,0,94000
062383,大立光國泰01購01,0,0,0,0,0,0,0,0,0,93000,0,0,0,97000,4000,93000,93000
061604,台光電凱基9B購01,0,0,0,0,0,0,0,0,0,93000,0,0,0,142000,49000,93000,93000
061947,旺宏群益9B購02  ,0,0,0,0,0,0,0,0,0,93000,0,0,0,290000,197000,93000,93000
061289,玉晶光統一01購03,0,0,0,0,0,0,0,0,0,93000,0,0,0,145000,52000,93000,93000
055862,矽力元大97購04  ,0,0,0,0,0,0,0,0,0,93000,0,0,0,128000,35000,93000,93000
057730,聯鈞國泰9A購01  ,0,0,0,0,0,0,0,0,0,93000,0,0,0,159000,66000,93000,93000
058188,華擎永豐99購01  ,0,0,0,0,0,0,0,0,0,93000,0,0,0,280000,187000,93000,93000
058185,國巨永豐99購01  ,0,0,0,0,0,0,0,0,0,93000,0,0,0,98000,5000,93000,93000
057236,聯詠凱基98購03  ,0,0,0,0,0,0,0,0,0,93000,0,0,0,140000,47000,93000,93000
058139,臻鼎元大99購01  ,0,0,0,0,0,0,0,0,0,93000,0,0,0,157000,64000,93000,93000
057074,立積永豐98購01  ,0,0,0,0,0,0,0,0,0,93000,0,0,0,109000,16000,93000,93000
062284,華擎群益9C購03  ,0,0,0,0,0,0,0,0,0,92000,0,0,0,120000,28000,92000,92000
055079,台光電中信97購01,0,0,0,0,0,0,0,0,0,92000,0,0,0,92000,0,92000,92000
055168,光罩統一98購01  ,0,0,0,0,0,0,0,0,0,92000,0,0,0,115000,23000,92000,92000
058159,健策台新9A購01  ,0,0,0,0,0,0,0,0,0,92000,0,0,0,175000,83000,92000,92000
058250,台虹元大99購01  ,0,0,0,0,0,0,0,0,0,92000,0,0,0,219000,127000,92000,92000
058346,嘉晶群益99購01  ,0,0,0,0,0,0,0,0,0,92000,0,0,0,97000,5000,92000,92000
062138,力成群益9B購01  ,0,0,0,0,0,0,0,0,0,91000,0,0,0,186000,95000,91000,91000
060314,元翎永豐9A購01  ,0,0,0,0,0,0,0,0,0,91000,0,0,0,91000,0,91000,91000
054117,宏全康和96購01  ,0,0,0,0,0,0,0,0,0,91000,0,0,0,91000,0,91000,91000
052362,瑞昱國票96購02  ,0,0,0,0,0,0,0,0,0,91000,0,0,0,91000,0,91000,91000
059864,亞德客凱基99購01,0,0,0,0,0,0,0,0,0,91000,0,0,0,101000,10000,91000,91000
057936,健策群益99購01  ,0,0,0,0,0,0,0,0,0,91000,0,0,0,105000,14000,91000,91000
05956P,漢唐國票96售02  ,0,0,0,0,0,0,0,0,0,91000,0,0,0,91000,0,91000,91000
059852,康控永豐99購02  ,0,0,0,0,0,0,0,0,0,90000,0,0,0,250000,160000,90000,90000
061291,玉晶光統一01購05,0,0,0,0,0,0,0,0,0,90000,0,0,0,90000,0,90000,90000
061603,瑞昱凱基9A購02  ,0,0,0,0,0,0,0,0,0,90000,0,0,0,100000,10000,90000,90000
06163P,聯詠群益97售01  ,0,0,0,0,0,0,0,0,0,90000,0,0,0,218000,128000,90000,90000
053396,漢唐中信9A購01  ,0,0,0,0,0,0,0,0,0,90000,0,0,0,96000,6000,90000,90000
049763,美食國泰96購01  ,0,0,0,0,0,0,0,0,0,90000,0,0,0,90000,0,90000,90000
051460,S&P反1國泰97購01,0,0,0,0,0,0,0,0,0,90000,0,0,0,90000,0,90000,90000
055233,康友國票98購01  ,0,0,0,0,0,0,0,0,0,90000,0,0,0,90000,0,90000,90000
058819,華通國泰9B購01  ,0,0,0,0,0,0,0,0,0,90000,0,0,0,116000,26000,90000,90000
057044,旺宏元大98購08  ,0,0,0,0,0,0,0,0,0,90000,0,0,0,100000,10000,90000,90000
057053,立積元大98購02  ,0,0,0,0,0,0,0,0,0,90000,0,0,0,95000,5000,90000,90000
057809,英業達元大98購01,0,0,0,0,0,0,0,0,0,90000,0,0,0,100000,10000,90000,90000
056540,聯詠凱基98購02  ,0,0,0,0,0,0,0,0,0,90000,0,0,0,372000,282000,90000,90000
057734,訊芯國泰9A購01  ,0,0,0,0,0,0,0,0,0,90000,0,0,0,115000,25000,90000,90000
056344,嘉晶凱基98購02  ,0,0,0,0,0,0,0,0,0,90000,0,0,0,90000,0,90000,90000
056772,欣興元大99購01  ,0,0,0,0,0,0,0,0,0,90000,0,0,0,120000,30000,90000,90000
06170P,禾伸堂元富97售02,0,0,0,0,0,0,0,0,0,89000,0,0,0,89000,0,89000,89000
061766,華新科元大9B購02,0,0,0,0,0,0,0,0,0,89000,0,0,0,89000,0,89000,89000
060910,聯發科元大9A購05,0,0,0,0,0,0,0,0,0,89000,0,0,0,99000,10000,89000,89000
060507,聯發科元大9A購03,0,0,0,0,0,0,0,0,0,89000,0,0,0,90000,1000,89000,89000
054214,京鼎國票97購02  ,0,0,0,0,0,0,0,0,0,89000,0,0,0,119000,30000,89000,89000
059400,滬深2X元富9C購04,0,0,0,0,0,0,0,0,0,89000,0,0,0,99000,10000,89000,89000
059089,聯發科元大99購19,0,0,0,0,0,0,0,0,0,89000,0,0,0,92000,3000,89000,89000
057016,中石化凱基9B購01,0,0,0,0,0,0,0,0,0,89000,0,0,0,219000,130000,89000,89000
060608,玉晶光凱基9A購08,0,0,0,0,0,0,0,0,0,88000,0,0,0,88000,0,88000,88000
060864,可成永豐9A購01  ,0,0,0,0,0,0,0,0,0,88000,0,0,0,122000,34000,88000,88000
060845,欣興國票9A購01  ,0,0,0,0,0,0,0,0,0,88000,0,0,0,131000,43000,88000,88000
061663,南六永豐9A購05  ,0,0,0,0,0,0,0,0,0,88000,0,0,0,156000,68000,88000,88000
062180,瑞昱元大9B購03  ,0,0,0,0,0,0,0,0,0,88000,0,0,0,121000,33000,88000,88000
059343,宏達電凱基99購04,0,0,0,0,0,0,0,0,0,88000,0,0,0,118000,30000,88000,88000
054582,致新元大97購01  ,0,0,0,0,0,0,0,0,0,88000,0,0,0,101000,13000,88000,88000
057191,祥碩元大98購05  ,0,0,0,0,0,0,0,0,0,88000,0,0,0,171000,83000,88000,88000
059829,超眾凱基99購05  ,0,0,0,0,0,0,0,0,0,88000,0,0,0,88000,0,88000,88000
060113,祥碩元大9B購01  ,0,0,0,0,0,0,0,0,0,88000,0,0,0,102000,14000,88000,88000
6451,訊芯-KY         ,255000,148000,107000,0,0,0,0,0,0,-19000,4000,0,4000,4000,27000,-23000,88000
062254,台光電元大9B購02,0,0,0,0,0,0,0,0,0,87000,0,0,0,101000,14000,87000,87000
061803,巨大永豐9B購01  ,0,0,0,0,0,0,0,0,0,87000,0,0,0,199000,112000,87000,87000
062341,台表科麥證9C購01,0,0,0,107000,20000,87000,0,0,0,87000,0,0,0,107000,20000,87000,87000
006206,元大上證50      ,0,111000,-111000,0,0,0,0,0,0,198000,0,0,0,237000,39000,198000,87000
056786,亞光群益98購03  ,0,0,0,0,0,0,0,0,0,87000,0,0,0,190000,103000,87000,87000
05898P,旺宏凱基96售06  ,0,0,0,0,0,0,0,0,0,87000,0,0,0,100000,13000,87000,87000
058663,瑞儀兆豐9A購01  ,0,0,0,0,0,0,0,0,0,87000,0,0,0,127000,40000,87000,87000
062384,聯詠國泰9C購01  ,0,0,0,0,0,0,0,0,0,86000,0,0,0,86000,0,86000,86000
061922,瑞昱凱基9B購01  ,0,0,0,0,0,0,0,0,0,86000,0,0,0,87000,1000,86000,86000
061616,鴻海群益9A購07  ,0,0,0,0,0,0,0,0,0,86000,0,0,0,86000,0,86000,86000
053112,中磊兆豐97購01  ,0,0,0,0,0,0,0,0,0,86000,0,0,0,86000,0,86000,86000
055620,樺漢國票98購01  ,0,0,0,0,0,0,0,0,0,86000,0,0,0,124000,38000,86000,86000
055648,可成元富97購01  ,0,0,0,0,0,0,0,0,0,86000,0,0,0,96000,10000,86000,86000
056863,義隆群益98購01  ,0,0,0,0,0,0,0,0,0,86000,0,0,0,86000,0,86000,86000
062108,晶豪科國票9B購01,0,0,0,0,0,0,0,0,0,85000,0,0,0,212000,127000,85000,85000
062034,同欣電群益9B購01,0,0,0,0,0,0,0,0,0,85000,0,0,0,104000,19000,85000,85000
062349,新日興群益9B購02,0,0,0,0,0,0,0,0,0,85000,0,0,0,85000,0,85000,85000
060835,亞德客國票9A購01,0,0,0,0,0,0,0,0,0,85000,0,0,0,86000,1000,85000,85000
060879,華新科中信9A購02,0,0,0,0,0,0,0,0,0,85000,0,0,0,85000,0,85000,85000
060295,貿聯元大9A購03  ,0,0,0,0,0,0,0,0,0,85000,0,0,0,85000,0,85000,85000
05138P,嘉聯益凱基96售02,0,0,0,0,0,0,0,0,0,85000,0,0,0,85000,0,85000,85000
006207,FH滬深          ,0,0,0,0,0,0,0,0,0,85000,0,0,0,103000,18000,85000,85000
054160,華泰凱基98購01  ,0,0,0,0,0,0,0,0,0,85000,0,0,0,85000,0,85000,85000
055287,日電貿元大97購01,0,0,0,0,0,0,0,0,0,85000,0,0,0,86000,1000,85000,85000
057958,禾伸堂元大99購05,0,0,0,0,0,0,0,0,0,85000,0,0,0,85000,0,85000,85000
057649,嘉聯益元大99購04,0,0,0,0,0,0,0,0,0,85000,0,0,0,95000,10000,85000,85000
058121,國巨國票9A購01  ,0,0,0,0,0,0,0,0,0,85000,0,0,0,251000,166000,85000,85000
058440,玉晶光統一99購02,0,0,0,0,0,0,0,0,0,85000,0,0,0,85000,0,85000,85000
060091,技嘉元大99購03  ,0,0,0,0,0,0,0,0,0,85000,0,0,0,140000,55000,85000,85000
059909,鴻海元大99購36  ,0,0,0,0,0,0,0,0,0,85000,0,0,0,85000,0,85000,85000
060251,易華電元大9C購01,0,0,0,0,0,0,0,0,0,84000,0,0,0,112000,28000,84000,84000
061573,義隆元大9A購02  ,0,0,0,0,0,0,0,0,0,84000,0,0,0,89000,5000,84000,84000
061617,微星群益9A購02  ,0,0,0,0,0,0,0,0,0,84000,0,0,0,90000,6000,84000,84000
061613,南六統一9C購01  ,0,0,0,0,0,0,0,0,0,84000,0,0,0,693000,609000,84000,84000
054261,智伸科元大96購03,0,0,0,0,0,0,0,0,0,84000,0,0,0,94000,10000,84000,84000
061859,勤誠國票9B購01  ,0,0,0,0,0,0,0,0,0,83000,0,0,0,148000,65000,83000,83000
061249,億豐群益9A購01  ,0,0,0,0,0,0,0,0,0,83000,0,0,0,182000,99000,83000,83000
060585,玉晶光元富9A購02,0,0,0,0,0,0,0,0,0,83000,0,0,0,93000,10000,83000,83000
060633,玉晶光富邦02購01,0,0,0,0,0,0,0,0,0,83000,0,0,0,357000,274000,83000,83000
05994P,奇鋐元大96售02  ,0,0,0,0,0,0,0,0,0,83000,0,0,0,83000,0,83000,83000
058422,百和麥證99購01  ,0,0,0,83000,0,83000,0,0,0,83000,0,0,0,83000,0,83000,83000
058152,聯發科統一9B購02,0,0,0,0,0,0,0,0,0,83000,0,0,0,83000,0,83000,83000
05644P,大立光中信9A售03,0,0,0,0,0,0,0,0,0,83000,0,0,0,240000,157000,83000,83000
056970,TPK永豐98購01   ,0,0,0,0,0,0,0,0,0,83000,0,0,0,129000,46000,83000,83000
06190P,玉晶光永豐97售05,0,0,0,0,0,0,0,0,0,82000,0,0,0,82000,0,82000,82000
06216P,上銀元富97售03  ,0,0,0,0,0,0,0,0,0,82000,0,0,0,146000,64000,82000,82000
054634,FB上証中信99購01,0,0,0,0,0,0,0,0,0,82000,0,0,0,108000,26000,82000,82000
056942,昇陽半元富98購01,0,0,0,0,0,0,0,0,0,82000,0,0,0,82000,0,82000,82000
058131,義隆元大99購02  ,0,0,0,0,0,0,0,0,0,82000,0,0,0,152000,70000,82000,82000
056813,聯茂統一99購01  ,0,0,0,0,0,0,0,0,0,82000,0,0,0,91000,9000,82000,82000
07729P,臺股指凱基9A售21,0,0,0,0,0,0,0,0,0,82000,0,0,0,92000,10000,82000,82000
07208P,台積電凱基99售14,0,0,0,0,0,0,0,0,0,82000,0,0,0,93000,11000,82000,82000
062231,台光電麥證9C購01,0,0,0,85000,4000,81000,0,0,0,81000,0,0,0,85000,4000,81000,81000
061820,康控群益9B購02  ,0,0,0,0,0,0,0,0,0,81000,0,0,0,165000,84000,81000,81000
061658,聯茂富邦9A購03  ,0,0,0,0,0,0,0,0,0,81000,0,0,0,182000,101000,81000,81000
061355,康友元大9A購03  ,0,0,0,0,0,0,0,0,0,81000,0,0,0,83000,2000,81000,81000
053913,華新國票97購01  ,0,0,0,0,0,0,0,0,0,81000,0,0,0,81000,0,81000,81000
056157,聯詠凱基97購03  ,0,0,0,0,0,0,0,0,0,81000,0,0,0,130000,49000,81000,81000
059821,美律凱基99購08  ,0,0,0,0,0,0,0,0,0,81000,0,0,0,253000,172000,81000,81000
056263,友訊統一99購01  ,0,0,0,0,0,0,0,0,0,81000,0,0,0,81000,0,81000,81000
059865,國巨凱基01購01  ,0,0,0,0,0,0,0,0,0,81000,0,0,0,310000,229000,81000,81000
058518,玉晶光元大99購13,0,0,0,0,0,0,0,0,0,81000,0,0,0,200000,119000,81000,81000
057206,立積元富98購01  ,0,0,0,0,0,0,0,0,0,81000,0,0,0,210000,129000,81000,81000
07006P,旺宏統一9B售03  ,0,0,0,0,0,0,0,0,0,81000,0,0,0,111000,30000,81000,81000
061321,華新科凱基9A購09,0,0,0,0,0,0,0,0,0,80000,0,0,0,80000,0,80000,80000
061081,宏碁兆豐9A購01  ,0,0,0,0,0,0,0,0,0,80000,0,0,0,140000,60000,80000,80000
061190,力山永豐9A購02  ,0,0,0,0,0,0,0,0,0,80000,0,0,0,80000,0,80000,80000
060708,康友富邦9B購01  ,0,0,0,0,0,0,0,0,0,80000,0,0,0,100000,20000,80000,80000
060489,世紀鋼群益9A購01,0,0,0,0,0,0,0,0,0,80000,0,0,0,115000,35000,80000,80000
061850,國巨國票9C購02  ,0,0,0,0,0,0,0,0,0,80000,0,0,0,80000,0,80000,80000
062213,和大統一9B購02  ,0,0,0,0,0,0,0,0,0,80000,0,0,0,95000,15000,80000,80000
062171,中磊永豐9B購01  ,0,0,0,0,0,0,0,0,0,80000,0,0,0,80000,0,80000,80000
056127,致新國票98購02  ,0,0,0,0,0,0,0,0,0,80000,0,0,0,136000,56000,80000,80000
059634,可成凱基99購07  ,0,0,0,0,0,0,0,0,0,80000,0,0,0,91000,11000,80000,80000
053886,亞光兆豐96購01  ,0,0,0,0,0,0,0,0,0,80000,0,0,0,80000,0,80000,80000
053575,聯詠元富96購01  ,0,0,0,0,0,0,0,0,0,80000,0,0,0,80000,0,80000,80000
055207,致新中信99購01  ,0,0,0,0,0,0,0,0,0,80000,0,0,0,90000,10000,80000,80000
052298,易華電國票96購01,0,0,0,0,0,0,0,0,0,80000,0,0,0,80000,0,80000,80000
052492,易華電國票96購02,0,0,0,0,0,0,0,0,0,80000,0,0,0,80000,0,80000,80000
052153,GIS富邦96購02   ,0,0,0,0,0,0,0,0,0,80000,0,0,0,80000,0,80000,80000
051985,智邦元大95購05  ,0,0,0,0,0,0,0,0,0,80000,0,0,0,190000,110000,80000,80000
057605,旺宏統一99購03  ,0,0,0,0,0,0,0,0,0,80000,0,0,0,140000,60000,80000,80000
057768,華新科中信9A購01,0,0,0,0,0,0,0,0,0,80000,0,0,0,100000,20000,80000,80000
05920P,力成元大96售04  ,0,0,0,0,0,0,0,0,0,80000,0,0,0,80000,0,80000,80000
062203,燿華國票9C購01  ,0,0,0,0,0,0,0,0,0,79000,0,0,0,79000,0,79000,79000
061853,晶技國票9B購02  ,0,0,0,0,0,0,0,0,0,79000,0,0,0,79000,0,79000,79000
061771,玉晶光元大9C購04,0,0,0,0,0,0,0,0,0,79000,0,0,0,182000,103000,79000,79000
061621,健策群益9A購05  ,0,0,0,0,0,0,0,0,0,79000,0,0,0,89000,10000,79000,79000
052817,楠梓電永豐96購02,0,0,0,0,0,0,0,0,0,79000,0,0,0,79000,0,79000,79000
051317,亞德客國票96購01,0,0,0,0,0,0,0,0,0,79000,0,0,0,79000,0,79000,79000
057491,美食元大98購03  ,0,0,0,0,0,0,0,0,0,79000,0,0,0,79000,0,79000,79000
061633,統一元大9A購01  ,0,0,0,0,0,0,0,0,0,78000,0,0,0,80000,2000,78000,78000
060277,道瓊反元大9A購02,0,0,0,0,0,0,0,0,0,78000,0,0,0,96000,18000,78000,78000
060315,易華電永豐9A購01,0,0,0,0,0,0,0,0,0,78000,0,0,0,83000,5000,78000,78000
053147,楠梓電元大98購01,0,0,0,0,0,0,0,0,0,78000,0,0,0,78000,0,78000,78000
00674R,元大S&P黃金反1  ,0,0,0,0,0,0,0,0,0,78000,0,0,0,280000,202000,78000,78000
054042,華泰元大96購01  ,0,0,0,0,0,0,0,0,0,78000,0,0,0,78000,0,78000,78000
054373,富邦金中信97購01,0,0,0,0,0,0,0,0,0,78000,0,0,0,88000,10000,78000,78000
055909,大成鋼凱基98購02,0,0,0,0,0,0,0,0,0,78000,0,0,0,134000,56000,78000,78000
057450,國泰金元富98購01,0,0,0,0,0,0,0,0,0,78000,0,0,0,128000,50000,78000,78000
058108,台郡台新99購01  ,0,0,0,0,0,0,0,0,0,78000,0,0,0,88000,10000,78000,78000
058909,神達元大99購03  ,0,0,0,0,0,0,0,0,0,78000,0,0,0,78000,0,78000,78000
058975,台灣50凱基01購02,0,0,0,0,0,0,0,0,0,78000,0,0,0,78000,0,78000,78000
059121,瑞儀永豐99購01  ,0,0,0,0,0,0,0,0,0,78000,0,0,0,83000,5000,78000,78000
061402,矽創兆豐9B購01  ,0,0,0,0,0,0,0,0,0,77000,0,0,0,77000,0,77000,77000
061773,和潤元大9B購01  ,0,0,0,0,0,0,0,0,0,77000,0,0,0,92000,15000,77000,77000
061799,奇鋐永豐9B購01  ,0,0,0,0,0,0,0,0,0,77000,0,0,0,85000,8000,77000,77000
062337,台表科統一01購01,0,0,0,0,0,0,0,0,0,77000,0,0,0,199000,122000,77000,77000
054912,群光凱基97購01  ,0,0,0,0,0,0,0,0,0,77000,0,0,0,110000,33000,77000,77000
055058,大毅永豐97購01  ,0,0,0,0,0,0,0,0,0,77000,0,0,0,175000,98000,77000,77000
058720,旭富元富99購01  ,0,0,0,0,0,0,0,0,0,77000,0,0,0,165000,88000,77000,77000
057933,聯發科群益98購06,0,0,0,0,0,0,0,0,0,77000,0,0,0,77000,0,77000,77000
07135P,臺股指元大9A售29,0,0,0,0,0,0,0,0,0,77000,0,0,0,87000,10000,77000,77000
07219P,臺股指凱基99售32,0,0,0,0,0,0,0,0,0,77000,0,0,0,80000,3000,77000,77000
2375,凱美            ,339000,244000,95000,0,0,0,0,0,0,-18000,0,0,0,12000,30000,-18000,77000
061698,智邦國票9A購04  ,0,0,0,0,0,0,0,0,0,76000,0,0,0,84000,8000,76000,76000
061266,國泰金凱基9B購01,0,0,0,0,0,0,0,0,0,76000,0,0,0,76000,0,76000,76000
060547,瑞昱凱基9A購01  ,0,0,0,0,0,0,0,0,0,76000,0,0,0,132000,56000,76000,76000
060658,台灣50凱基01購04,0,0,0,0,0,0,0,0,0,76000,0,0,0,85000,9000,76000,76000
053928,智易國票97購03  ,0,0,0,0,0,0,0,0,0,76000,0,0,0,76000,0,76000,76000
056126,台郡國票98購02  ,0,0,0,0,0,0,0,0,0,76000,0,0,0,76000,0,76000,76000
053074,嘉晶永豐96購02  ,0,0,0,0,0,0,0,0,0,76000,0,0,0,101000,25000,76000,76000
057928,鈺齊凱基98購02  ,0,0,0,0,0,0,0,0,0,76000,0,0,0,76000,0,76000,76000
057948,嘉聯益國票99購02,0,0,0,0,0,0,0,0,0,76000,0,0,0,76000,0,76000,76000
057875,京鼎元大98購03  ,0,0,0,0,0,0,0,0,0,76000,0,0,0,126000,50000,76000,76000
057300,訊連永豐98購01  ,0,0,0,0,0,0,0,0,0,76000,0,0,0,80000,4000,76000,76000
060144,全新國票9B購01  ,0,0,0,0,0,0,0,0,0,76000,0,0,0,76000,0,76000,76000
060552,群創凱基9B購05  ,0,0,0,0,0,0,0,0,0,75000,0,0,0,75000,0,75000,75000
061390,大立光群益9A購04,0,0,0,0,0,0,0,0,0,75000,0,0,0,75000,0,75000,75000
061067,貿聯凱基9A購03  ,0,0,0,0,0,0,0,0,0,75000,0,0,0,75000,0,75000,75000
049406,T50反1日盛97購01,0,0,0,0,0,0,0,0,0,75000,0,0,0,105000,30000,75000,75000
00783,富邦中証500     ,86000,0,86000,0,0,0,0,0,0,-11000,0,0,0,853000,864000,-11000,75000
056191,世紀鋼統一97購01,0,0,0,0,0,0,0,0,0,75000,0,0,0,82000,7000,75000,75000
060094,聯發科元大99購41,0,0,0,0,0,0,0,0,0,75000,0,0,0,113000,38000,75000,75000
060040,康控國票99購04  ,0,0,0,0,0,0,0,0,0,75000,0,0,0,109000,34000,75000,75000
059871,義隆凱基99購03  ,0,0,0,0,0,0,0,0,0,75000,0,0,0,75000,0,75000,75000
056783,國巨群益99購01  ,0,0,0,0,0,0,0,0,0,75000,0,0,0,95000,20000,75000,75000
059747,台達電台新99購01,0,0,0,0,0,0,0,0,0,75000,0,0,0,133000,58000,75000,75000
058439,玉晶光統一01購02,0,0,0,0,0,0,0,0,0,75000,0,0,0,161000,86000,75000,75000
057537,聯茂元大98購04  ,0,0,0,0,0,0,0,0,0,75000,0,0,0,113000,38000,75000,75000
056634,為升兆豐99購01  ,0,0,0,0,0,0,0,0,0,75000,0,0,0,75000,0,75000,75000
057371,可成元大98購08  ,0,0,0,0,0,0,0,0,0,75000,0,0,0,75000,0,75000,75000
057665,技嘉元大99購01  ,0,0,0,0,0,0,0,0,0,75000,0,0,0,88000,13000,75000,75000
056899,可成元大98購01  ,0,0,0,0,0,0,0,0,0,75000,0,0,0,75000,0,75000,75000
07919P,創意永豐9B售01  ,0,0,0,0,0,0,0,0,0,75000,0,0,0,119000,44000,75000,75000
060916,金像電國泰9C購01,0,0,0,0,0,0,0,0,0,74000,0,0,0,475000,401000,74000,74000
060622,玉晶光元大9B購02,0,0,0,0,0,0,0,0,0,74000,0,0,0,80000,6000,74000,74000
060285,聯電元大9C購01  ,0,0,0,0,0,0,0,0,0,74000,0,0,0,94000,20000,74000,74000
061874,義隆元大9B購02  ,0,0,0,0,0,0,0,0,0,74000,0,0,0,84000,10000,74000,74000
061977,國巨元大9B購02  ,0,0,0,0,0,0,0,0,0,74000,0,0,0,84000,10000,74000,74000
062261,嘉晶元大9B購02  ,0,0,0,0,0,0,0,0,0,74000,0,0,0,86000,12000,74000,74000
051600,新日興兆豐96購02,0,0,0,0,0,0,0,0,0,74000,0,0,0,124000,50000,74000,74000
053339,友達國票97購02  ,0,0,0,0,0,0,0,0,0,74000,0,0,0,80000,6000,74000,74000
060889,國泰金統一9C購01,0,0,0,0,0,0,0,0,0,73000,0,0,0,73000,0,73000,73000
061379,鈺齊永豐9A購02  ,0,0,0,0,0,0,0,0,0,73000,0,0,0,73000,0,73000,73000
061344,禾伸堂元大9A購02,0,0,0,0,0,0,0,0,0,73000,0,0,0,158000,85000,73000,73000
055472,大立光凱基97購07,0,0,0,0,0,0,0,0,0,73000,0,0,0,73000,0,73000,73000
059359,精元永豐99購01  ,0,0,0,0,0,0,0,0,0,73000,0,0,0,93000,20000,73000,73000
057482,微星元大98購03  ,0,0,0,0,0,0,0,0,0,73000,0,0,0,101000,28000,73000,73000
058981,國巨凱基99購10  ,0,0,0,0,0,0,0,0,0,73000,0,0,0,73000,0,73000,73000
058385,創意中信99購01  ,0,0,0,0,0,0,0,0,0,73000,0,0,0,140000,67000,73000,73000
059918,華新科元大99購20,0,0,0,0,0,0,0,0,0,73000,0,0,0,73000,0,73000,73000
060967,鈺齊凱基9A購02  ,0,0,0,0,0,0,0,0,0,72000,0,0,0,82000,10000,72000,72000
061214,華擎元大9A購04  ,0,0,0,0,0,0,0,0,0,72000,0,0,0,379000,307000,72000,72000
060164,合勤控永豐9A購01,0,0,0,0,0,0,0,0,0,72000,0,0,0,72000,0,72000,72000
062279,晶豪科群益9B購01,0,0,0,0,0,0,0,0,0,72000,0,0,0,89000,17000,72000,72000
061802,勤誠永豐9B購01  ,0,0,0,0,0,0,0,0,0,72000,0,0,0,72000,0,72000,72000
059424,SGBR2X元大9A購01,0,0,0,0,0,0,0,0,0,72000,0,0,0,344000,272000,72000,72000
059242,南亞科凱基99購06,0,0,0,0,0,0,0,0,0,72000,0,0,0,74000,2000,72000,72000
056129,義隆麥證97購01  ,0,0,0,72000,0,72000,0,0,0,72000,0,0,0,72000,0,72000,72000
055594,華新科元大98購02,0,0,0,0,0,0,0,0,0,72000,0,0,0,72000,0,72000,72000
048870,義隆國票96購01  ,0,0,0,0,0,0,0,0,0,72000,0,0,0,72000,0,72000,72000
00710B,FH彭博高收益債  ,0,0,0,0,0,0,0,0,0,72000,0,0,0,181000,109000,72000,72000
006205,富邦上証        ,117000,0,117000,0,0,0,0,0,0,-45000,140000,0,140000,755000,940000,-185000,72000
00635U,元大S&P黃金     ,130000,0,130000,0,0,0,0,0,0,-58000,0,0,0,488000,546000,-58000,72000
059949,啟碁永豐99購01  ,0,0,0,0,0,0,0,0,0,72000,0,0,0,77000,5000,72000,72000
058342,鴻海群益9A購01  ,0,0,0,0,0,0,0,0,0,72000,0,0,0,90000,18000,72000,72000
057490,可成元大98購10  ,0,0,0,0,0,0,0,0,0,72000,0,0,0,72000,0,72000,72000
058271,訊連永豐99購01  ,0,0,0,0,0,0,0,0,0,72000,0,0,0,137000,65000,72000,72000
07954P,台表科元大9B售02,0,0,0,0,0,0,0,0,0,72000,0,0,0,88000,16000,72000,72000
061597,南六永豐9A購04  ,0,0,0,0,0,0,0,0,0,71000,0,0,0,373000,302000,71000,71000
062340,力成麥證9B購01  ,0,0,0,85000,14000,71000,0,0,0,71000,0,0,0,85000,14000,71000,71000
06339P,上銀統一97售06  ,0,0,0,0,0,0,0,0,0,71000,0,0,0,71000,0,71000,71000
06889P,臺股指元大98售13,0,0,0,0,0,0,0,0,0,71000,0,0,0,168000,97000,71000,71000
060833,道瓊反國票9A購01,0,0,0,0,0,0,0,0,0,71000,0,0,0,100000,29000,71000,71000
060674,瑞昱元大9A購03  ,0,0,0,0,0,0,0,0,0,71000,0,0,0,145000,74000,71000,71000
061121,智邦永豐9A購02  ,0,0,0,0,0,0,0,0,0,71000,0,0,0,227000,156000,71000,71000
061029,力山永豐9A購01  ,0,0,0,0,0,0,0,0,0,71000,0,0,0,71000,0,71000,71000
061356,南電元大9A購06  ,0,0,0,0,0,0,0,0,0,71000,0,0,0,121000,50000,71000,71000
051898,富邦金國泰97購01,0,0,0,0,0,0,0,0,0,71000,0,0,0,71000,0,71000,71000
054932,台肥元大97購01  ,0,0,0,0,0,0,0,0,0,71000,0,0,0,527000,456000,71000,71000
056716,康舒永豐98購01  ,0,0,0,0,0,0,0,0,0,71000,0,0,0,121000,50000,71000,71000
07011P,宏達電凱基99售02,0,0,0,0,0,0,0,0,0,71000,0,0,0,212000,141000,71000,71000
07673P,電子類元大9A售01,0,0,0,0,0,0,0,0,0,71000,0,0,0,131000,60000,71000,71000
06142P,台虹康和97售02  ,0,0,0,0,0,0,0,0,0,70000,0,0,0,70000,0,70000,70000
060705,台光電富邦9B購01,0,0,0,0,0,0,0,0,0,70000,0,0,0,95000,25000,70000,70000
059847,喬山永豐99購01  ,0,0,0,0,0,0,0,0,0,70000,0,0,0,119000,49000,70000,70000
060425,凌華永豐9A購01  ,0,0,0,0,0,0,0,0,0,70000,0,0,0,105000,35000,70000,70000
06451P,聯發科元大98售04,0,0,0,0,0,0,0,0,0,70000,0,0,0,90000,20000,70000,70000
061700,瑞昱國票9A購02  ,0,0,0,0,0,0,0,0,0,70000,0,0,0,70000,0,70000,70000
061695,群創群益9A購01  ,0,0,0,0,0,0,0,0,0,70000,0,0,0,70000,0,70000,70000
062202,國巨國票9C購04  ,0,0,0,0,0,0,0,0,0,70000,0,0,0,75000,5000,70000,70000
055675,亞德客凱基97購02,0,0,0,0,0,0,0,0,0,70000,0,0,0,70000,0,70000,70000
053779,台光電元大96購02,0,0,0,0,0,0,0,0,0,70000,0,0,0,70000,0,70000,70000
055759,技嘉群益98購02  ,0,0,0,0,0,0,0,0,0,70000,0,0,0,71000,1000,70000,70000
055583,國巨元大97購10  ,0,0,0,0,0,0,0,0,0,70000,0,0,0,72000,2000,70000,70000
055540,京鼎台新97購01  ,0,0,0,0,0,0,0,0,0,70000,0,0,0,70000,0,70000,70000
05160P,國巨國票96售03  ,0,0,0,0,0,0,0,0,0,70000,0,0,0,110000,40000,70000,70000
053207,SP黃豆凱基96購01,0,0,0,0,0,0,0,0,0,70000,0,0,0,70000,0,70000,70000
056577,玉晶光元大99購06,0,0,0,0,0,0,0,0,0,70000,0,0,0,352000,282000,70000,70000
059886,可成國票99購04  ,0,0,0,0,0,0,0,0,0,70000,0,0,0,71000,1000,70000,70000
056329,上銀國票98購02  ,0,0,0,0,0,0,0,0,0,70000,0,0,0,70000,0,70000,70000
057646,玉山金元大98購01,0,0,0,0,0,0,0,0,0,70000,0,0,0,74000,4000,70000,70000
057934,華新科群益98購07,0,0,0,0,0,0,0,0,0,70000,0,0,0,70000,0,70000,70000
057375,欣興元大98購09  ,0,0,0,0,0,0,0,0,0,70000,0,0,0,70000,0,70000,70000
057088,上銀元富98購01  ,0,0,0,0,0,0,0,0,0,70000,0,0,0,70000,0,70000,70000
07053P,台灣50兆豐01售01,0,0,0,0,0,0,0,0,0,70000,0,0,0,70000,0,70000,70000
061809,聯發科統一9C購05,0,0,0,0,0,0,0,0,0,69000,0,0,0,84000,15000,69000,69000
06505P,康控國票99售02  ,0,0,0,0,0,0,0,0,0,69000,0,0,0,72000,3000,69000,69000
060223,台灣50元大9A購05,0,0,0,0,0,0,0,0,0,69000,0,0,0,69000,0,69000,69000
060812,智邦凱基9A購01  ,0,0,0,0,0,0,0,0,0,69000,0,0,0,301000,232000,69000,69000
061456,玉晶光凱基9B購05,0,0,0,0,0,0,0,0,0,69000,0,0,0,186000,117000,69000,69000
060978,國巨元大9A購13  ,0,0,0,0,0,0,0,0,0,69000,0,0,0,110000,41000,69000,69000
052450,嘉澤元大95購03  ,0,0,0,0,0,0,0,0,0,69000,0,0,0,69000,0,69000,69000
053513,義隆群益96購05  ,0,0,0,0,0,0,0,0,0,69000,0,0,0,69000,0,69000,69000
053486,T50反1兆豐96購01,0,0,0,0,0,0,0,0,0,69000,0,0,0,69000,0,69000,69000
055698,茂林國票98購03  ,0,0,0,0,0,0,0,0,0,69000,0,0,0,107000,38000,69000,69000
054767,日電貿國票98購01,0,0,0,0,0,0,0,0,0,69000,0,0,0,69000,0,69000,69000
057658,玉晶光兆豐99購02,0,0,0,0,0,0,0,0,0,69000,0,0,0,149000,80000,69000,69000
056563,華新科群益98購04,0,0,0,0,0,0,0,0,0,69000,0,0,0,69000,0,69000,69000
056496,康控國泰99購01  ,0,0,0,0,0,0,0,0,0,69000,0,0,0,127000,58000,69000,69000
056825,深中小富邦9B購01,0,0,0,0,0,0,0,0,0,69000,0,0,0,69000,0,69000,69000
059803,S&P正2元富9B購03,0,0,0,0,0,0,0,0,0,69000,0,0,0,71000,2000,69000,69000
057582,亞光中信9A購02  ,0,0,0,0,0,0,0,0,0,69000,0,0,0,130000,61000,69000,69000
058519,嘉澤元大99購01  ,0,0,0,0,0,0,0,0,0,69000,0,0,0,138000,69000,69000,69000
060926,宏達電永豐9A購01,0,0,0,0,0,0,0,0,0,68000,0,0,0,68000,0,68000,68000
061106,群創元大9B購09  ,0,0,0,0,0,0,0,0,0,68000,0,0,0,68000,0,68000,68000
061209,聯發科元大9A購10,0,0,0,0,0,0,0,0,0,68000,0,0,0,71000,3000,68000,68000
061489,高鐵兆豐9A購01  ,0,0,0,0,0,0,0,0,0,68000,0,0,0,145000,77000,68000,68000
060643,牧德永豐9A購03  ,0,0,0,0,0,0,0,0,0,68000,0,0,0,68000,0,68000,68000
06428P,國巨元大97售17  ,0,0,0,0,0,0,0,0,0,68000,0,0,0,136000,68000,68000,68000
061793,上銀永豐9B購01  ,0,0,0,0,0,0,0,0,0,68000,0,0,0,68000,0,68000,68000
061745,南電凱基9B購02  ,0,0,0,0,0,0,0,0,0,68000,0,0,0,68000,0,68000,68000
061690,旺宏群益9A購05  ,0,0,0,0,0,0,0,0,0,68000,0,0,0,80000,12000,68000,68000
06167P,欣興國票97售05  ,0,0,0,0,0,0,0,0,0,68000,0,0,0,68000,0,68000,68000
061670,台灣50元大9A購20,0,0,0,0,0,0,0,0,0,68000,0,0,0,68000,0,68000,68000
061675,華新科元大9A購23,0,0,0,0,0,0,0,0,0,68000,0,0,0,68000,0,68000,68000
062143,大成鋼國票9B購01,0,0,0,0,0,0,0,0,0,68000,0,0,0,84000,16000,68000,68000
062068,滬深2X元大9B購02,0,0,0,0,0,0,0,0,0,68000,0,0,0,100000,32000,68000,68000
055763,鎧勝群益97購01  ,0,0,0,0,0,0,0,0,0,68000,0,0,0,93000,25000,68000,68000
053710,華通凱基96購05  ,0,0,0,0,0,0,0,0,0,68000,0,0,0,136000,68000,68000,68000
054358,矽創兆豐96購01  ,0,0,0,0,0,0,0,0,0,68000,0,0,0,68000,0,68000,68000
053598,日月光元大96購04,0,0,0,0,0,0,0,0,0,68000,0,0,0,68000,0,68000,68000
055436,晶豪科中信99購01,0,0,0,0,0,0,0,0,0,68000,0,0,0,176000,108000,68000,68000
05540P,亞德客凱基96售01,0,0,0,0,0,0,0,0,0,68000,0,0,0,68000,0,68000,68000
055841,南亞科元大97購04,0,0,0,0,0,0,0,0,0,68000,0,0,0,68000,0,68000,68000
056110,嘉聯益永豐97購02,0,0,0,0,0,0,0,0,0,68000,0,0,0,68000,0,68000,68000
059623,聯電凱基99購02  ,0,0,0,0,0,0,0,0,0,68000,0,0,0,68000,0,68000,68000
053505,瑞儀兆豐97購01  ,0,0,0,0,0,0,0,0,0,68000,0,0,0,68000,0,68000,68000
049272,世紀鋼元大96購02,0,0,0,0,0,0,0,0,0,68000,0,0,0,73000,5000,68000,68000
058554,瀚宇博永豐99購01,0,0,0,0,0,0,0,0,0,68000,0,0,0,68000,0,68000,68000
058556,百和永豐99購01  ,0,0,0,0,0,0,0,0,0,68000,0,0,0,68000,0,68000,68000
058604,華邦電元大99購03,0,0,0,0,0,0,0,0,0,68000,0,0,0,150000,82000,68000,68000
056657,華邦電元大99購01,0,0,0,0,0,0,0,0,0,68000,0,0,0,68000,0,68000,68000
059063,康控凱基99購04  ,0,0,0,0,0,0,0,0,0,68000,0,0,0,68000,0,68000,68000
056819,奇力新永豐98購01,0,0,0,0,0,0,0,0,0,68000,0,0,0,68000,0,68000,68000
060391,華擎群益9C購01  ,0,0,0,0,0,0,0,0,0,68000,0,0,0,113000,45000,68000,68000
058265,奇力新永豐9A購01,0,0,0,0,0,0,0,0,0,68000,0,0,0,68000,0,68000,68000
057498,台郡元大98購04  ,0,0,0,0,0,0,0,0,0,68000,0,0,0,68000,0,68000,68000
056946,國巨統一98購05  ,0,0,0,0,0,0,0,0,0,68000,0,0,0,147000,79000,68000,68000
057070,美律永豐98購02  ,0,0,0,0,0,0,0,0,0,68000,0,0,0,68000,0,68000,68000
057059,易華電元大99購01,0,0,0,0,0,0,0,0,0,68000,0,0,0,68000,0,68000,68000
059171,祥碩凱基99購04  ,0,0,0,0,0,0,0,0,0,68000,0,0,0,126000,58000,68000,68000
07413P,國巨元大99售33  ,0,0,0,0,0,0,0,0,0,68000,0,0,0,78000,10000,68000,68000
06203P,奇力新中信98售02,0,0,0,0,0,0,0,0,0,67000,0,0,0,67000,0,67000,67000
061514,泰碩永豐9A購02  ,0,0,0,0,0,0,0,0,0,67000,0,0,0,112000,45000,67000,67000
061384,T50反1群益9A購04,0,0,0,0,0,0,0,0,0,67000,0,0,0,350000,283000,67000,67000
061228,聯茂中信9A購01  ,0,0,0,0,0,0,0,0,0,67000,0,0,0,67000,0,67000,67000
05213P,台積電國票96售05,0,0,0,0,0,0,0,0,0,67000,0,0,0,70000,3000,67000,67000
052604,建準元大97購01  ,0,0,0,0,0,0,0,0,0,67000,0,0,0,137000,70000,67000,67000
053896,麗豐群益97購01  ,0,0,0,0,0,0,0,0,0,67000,0,0,0,67000,0,67000,67000
05982P,漢唐國票96售03  ,0,0,0,0,0,0,0,0,0,67000,0,0,0,67000,0,67000,67000
056240,嘉晶群益97購02  ,0,0,0,0,0,0,0,0,0,67000,0,0,0,144000,77000,67000,67000
059001,聯發科元大99購17,0,0,0,0,0,0,0,0,0,67000,0,0,0,67000,0,67000,67000
07494P,葡萄王元大9A售03,0,0,0,0,0,0,0,0,0,67000,0,0,0,72000,5000,67000,67000
1434,福懋            ,1301000,1172000,129000,0,0,0,0,0,0,-62000,0,62000,-62000,0,0,0,67000
061656,華新科國票9A購08,0,0,0,0,0,0,0,0,0,66000,0,0,0,66000,0,66000,66000
061906,統一中信9B購01  ,0,0,0,0,0,0,0,0,0,66000,0,0,0,80000,14000,66000,66000
055907,台虹兆豐98購01  ,0,0,0,0,0,0,0,0,0,66000,0,0,0,66000,0,66000,66000
054499,台光電永豐96購02,0,0,0,0,0,0,0,0,0,66000,0,0,0,68000,2000,66000,66000
05976P,國巨凱基96售14  ,0,0,0,0,0,0,0,0,0,66000,0,0,0,176000,110000,66000,66000
059941,聯發科永豐99購04,0,0,0,0,0,0,0,0,0,66000,0,0,0,66000,0,66000,66000
05723P,華通永豐96售03  ,0,0,0,0,0,0,0,0,0,66000,0,0,0,66000,0,66000,66000
057171,台光電元大9B購01,0,0,0,0,0,0,0,0,0,66000,0,0,0,106000,40000,66000,66000
062295,康友永豐9B購01  ,0,0,0,0,0,0,0,0,0,65000,0,0,0,85000,20000,65000,65000
061090,奇力新統一9C購01,0,0,0,0,0,0,0,0,0,65000,0,0,0,65000,0,65000,65000
061024,南電國泰9B購01  ,0,0,0,0,0,0,0,0,0,65000,0,0,0,104000,39000,65000,65000
061052,和大群益9A購01  ,0,0,0,0,0,0,0,0,0,65000,0,0,0,65000,0,65000,65000
061304,創意永豐9A購02  ,0,0,0,0,0,0,0,0,0,65000,0,0,0,83000,18000,65000,65000
060681,華擎元大9A購02  ,0,0,0,0,0,0,0,0,0,65000,0,0,0,186000,121000,65000,65000
060475,瑞祺元大9A購01  ,0,0,0,0,0,0,0,0,0,65000,0,0,0,66000,1000,65000,65000
054744,晶相光凱基99購01,0,0,0,0,0,0,0,0,0,65000,0,0,0,65000,0,65000,65000
03648C,T50反1元大96牛07,0,0,0,0,0,0,0,0,0,65000,0,0,0,75000,10000,65000,65000
053124,聯發科凱基96購12,0,0,0,0,0,0,0,0,0,65000,0,0,0,76000,11000,65000,65000
055955,微星元大97購01  ,0,0,0,0,0,0,0,0,0,65000,0,0,0,196000,131000,65000,65000
053630,奇鋐兆豐97購01  ,0,0,0,0,0,0,0,0,0,65000,0,0,0,73000,8000,65000,65000
055209,勤誠康和97購01  ,0,0,0,0,0,0,0,0,0,65000,0,0,0,105000,40000,65000,65000
055130,京鼎康和97購01  ,0,0,0,0,0,0,0,0,0,65000,0,0,0,75000,10000,65000,65000
057505,健策麥證98購01  ,0,0,0,121000,56000,65000,0,0,0,65000,0,0,0,121000,56000,65000,65000
058182,日電貿國泰9A購01,0,0,0,0,0,0,0,0,0,65000,0,0,0,65000,0,65000,65000
057805,華通元大98購06  ,0,0,0,0,0,0,0,0,0,65000,0,0,0,79000,14000,65000,65000
05807P,泰鼎永豐96售03  ,0,0,0,0,0,0,0,0,0,65000,0,0,0,65000,0,65000,65000
057286,群創元大9B購05  ,0,0,0,0,0,0,0,0,0,65000,0,0,0,150000,85000,65000,65000
059916,聯發科元大99購33,0,0,0,0,0,0,0,0,0,65000,0,0,0,75000,10000,65000,65000
060393,泰鼎群益9A購01  ,0,0,0,0,0,0,0,0,0,65000,0,0,0,105000,40000,65000,65000
058731,貿聯永豐99購02  ,0,0,0,0,0,0,0,0,0,65000,0,0,0,65000,0,65000,65000
056693,國產群益98購01  ,0,0,0,0,0,0,0,0,0,65000,0,0,0,163000,98000,65000,65000
08714P,華碩元富01售03  ,0,0,0,0,0,0,0,0,0,65000,0,0,0,65000,0,65000,65000
2308,台達電          ,3360000,3613000,-253000,0,0,0,133000,0,133000,185000,188000,10000,178000,36000,29000,7000,65000
07847P,國巨群益9A售13  ,0,0,0,0,0,0,0,0,0,65000,0,0,0,370000,305000,65000,65000
061262,智邦凱基9A購02  ,0,0,0,0,0,0,0,0,0,64000,0,0,0,101000,37000,64000,64000
061361,世紀鋼兆豐9A購01,0,0,0,0,0,0,0,0,0,64000,0,0,0,113000,49000,64000,64000
06155P,智邦統一97售02  ,0,0,0,0,0,0,0,0,0,64000,0,0,0,85000,21000,64000,64000
06283P,祥碩永豐97售01  ,0,0,0,0,0,0,0,0,0,64000,0,0,0,415000,351000,64000,64000
055710,亞德客元大97購03,0,0,0,0,0,0,0,0,0,64000,0,0,0,83000,19000,64000,64000
054747,麗豐凱基98購01  ,0,0,0,0,0,0,0,0,0,64000,0,0,0,64000,0,64000,64000
056077,矽力元大97購07  ,1000,0,1000,0,0,0,0,0,0,63000,0,0,0,114000,51000,63000,64000
058047,可成元大98購11  ,0,0,0,0,0,0,0,0,0,64000,0,0,0,132000,68000,64000,64000
058135,景碩元大99購01  ,0,0,0,0,0,0,0,0,0,64000,0,0,0,64000,0,64000,64000
07771P,義隆國票9A售01  ,0,0,0,0,0,0,0,0,0,64000,0,0,0,90000,26000,64000,64000
07129P,華新科元大99售14,0,0,0,0,0,0,0,0,0,64000,0,0,0,230000,166000,64000,64000
06734P,智邦凱基98售05  ,0,0,0,0,0,0,0,0,0,63000,0,0,0,64000,1000,63000,63000
061871,瑞昱元大9B購01  ,0,0,0,0,0,0,0,0,0,63000,0,0,0,82000,19000,63000,63000
061599,元金反中信9C購01,0,0,0,0,0,0,0,0,0,63000,0,0,0,90000,27000,63000,63000
061229,緯穎中信9B購01  ,0,0,0,0,0,0,0,0,0,63000,0,0,0,63000,0,63000,63000
060817,華邦電台新9A購01,0,0,0,0,0,0,0,0,0,63000,0,0,0,353000,290000,63000,63000
054212,聯詠國票97購03  ,0,0,0,0,0,0,0,0,0,63000,0,0,0,63000,0,63000,63000
057320,玉晶光凱基98購01,0,0,0,0,0,0,0,0,0,63000,0,0,0,83000,20000,63000,63000
057195,南茂元大98購01  ,0,0,0,0,0,0,0,0,0,63000,0,0,0,215000,152000,63000,63000
058497,新日興群益9B購01,0,0,0,0,0,0,0,0,0,63000,0,0,0,191000,128000,63000,63000
059969,台灣50元大9B購06,0,0,0,0,0,0,0,0,0,63000,0,0,0,63000,0,63000,63000
06954P,大立光元富99售01,0,0,0,0,0,0,0,0,0,63000,0,0,0,174000,111000,63000,63000
060474,中租元大9B購01  ,0,0,0,0,0,0,0,0,0,62000,0,0,0,63000,1000,62000,62000
061306,瑞祺永豐9A購02  ,0,0,0,0,0,0,0,0,0,62000,0,0,0,262000,200000,62000,62000
061913,宏碁中信9B購01  ,0,0,0,0,0,0,0,0,0,62000,0,0,0,62000,0,62000,62000
061877,貿聯元大9B購01  ,0,0,0,0,0,0,0,0,0,62000,0,0,0,62000,0,62000,62000
062152,國巨麥證9C購01  ,0,0,0,62000,0,62000,0,0,0,62000,0,0,0,62000,0,62000,62000
053662,矽力凱基97購01  ,0,0,0,0,0,0,0,0,0,62000,0,0,0,129000,67000,62000,62000
055970,聯茂元大97購04  ,0,0,0,0,0,0,0,0,0,62000,0,0,0,62000,0,62000,62000
055443,台虹國票98購01  ,0,0,0,0,0,0,0,0,0,62000,0,0,0,100000,38000,62000,62000
054455,楠梓電群益98購02,0,0,0,0,0,0,0,0,0,62000,0,0,0,160000,98000,62000,62000
056215,華新科國票97購03,0,0,0,0,0,0,0,0,0,62000,0,0,0,62000,0,62000,62000
058616,台虹元大9A購01  ,0,0,0,0,0,0,0,0,0,62000,0,0,0,162000,100000,62000,62000
058967,可成麥證99購01  ,0,0,0,62000,0,62000,0,0,0,62000,0,0,0,62000,0,62000,62000
06933P,禾伸堂元大98售03,0,0,0,0,0,0,0,0,0,62000,0,0,0,98000,36000,62000,62000
06982P,義隆凱基99售02  ,0,0,0,0,0,0,0,0,0,62000,0,0,0,109000,47000,62000,62000
07743P,智邦凱基9A售03  ,0,0,0,0,0,0,0,0,0,62000,0,0,0,107000,45000,62000,62000
061847,力山國票9B購01  ,0,0,0,0,0,0,0,0,0,61000,0,0,0,65000,4000,61000,61000
061641,玉晶光元大9A購17,0,0,0,0,0,0,0,0,0,61000,0,0,0,122000,61000,61000,61000
061545,華新科群益9A購09,0,0,0,0,0,0,0,0,0,61000,0,0,0,62000,1000,61000,61000
061442,玉晶光永豐9A購07,0,0,0,0,0,0,0,0,0,61000,0,0,0,64000,3000,61000,61000
051849,旺宏中信98購01  ,0,0,0,0,0,0,0,0,0,61000,0,0,0,99000,38000,61000,61000
055875,光罩元富97購02  ,0,0,0,0,0,0,0,0,0,61000,0,0,0,149000,88000,61000,61000
056049,奇力新國票98購01,0,0,0,0,0,0,0,0,0,61000,0,0,0,61000,0,61000,61000
059675,大立光元富99購08,0,0,0,0,0,0,0,0,0,61000,0,0,0,69000,8000,61000,61000
059526,鴻海凱基99購12  ,0,0,0,0,0,0,0,0,0,61000,0,0,0,61000,0,61000,61000
05395P,旺宏元大96售06  ,0,0,0,0,0,0,0,0,0,61000,0,0,0,61000,0,61000,61000
058129,國巨元大99購10  ,0,0,0,0,0,0,0,0,0,61000,0,0,0,92000,31000,61000,61000
058839,瑞儀中信99購02  ,0,0,0,0,0,0,0,0,0,61000,0,0,0,72000,11000,61000,61000
057849,南茂永豐98購02  ,0,0,0,0,0,0,0,0,0,61000,0,0,0,78000,17000,61000,61000
060029,嘉晶永豐99購03  ,0,0,0,0,0,0,0,0,0,61000,0,0,0,61000,0,61000,61000
060111,臻鼎元大99購04  ,0,0,0,0,0,0,0,0,0,61000,0,0,0,61000,0,61000,61000
07898P,國巨國泰9C售02  ,0,0,0,0,0,0,0,0,0,61000,0,0,0,457000,396000,61000,61000
061568,國巨元大9A購25  ,0,0,0,0,0,0,0,0,0,60000,0,0,0,79000,19000,60000,60000
060183,南亞科元富9A購01,0,0,0,0,0,0,0,0,0,60000,0,0,0,93000,33000,60000,60000
060749,祥碩國票9A購01  ,0,0,0,0,0,0,0,0,0,60000,0,0,0,95000,35000,60000,60000
061644,健策元大9C購02  ,0,0,0,0,0,0,0,0,0,60000,0,0,0,65000,5000,60000,60000
062157,聯發科凱基9B購08,0,0,0,0,0,0,0,0,0,60000,0,0,0,60000,0,60000,60000
062164,禾伸堂國泰01購01,0,0,0,0,0,0,0,0,0,60000,0,0,0,60000,0,60000,60000
062079,聯發科元大9B購06,0,0,0,0,0,0,0,0,0,60000,0,0,0,62000,2000,60000,60000
061992,祥碩元大9B購02  ,0,0,0,0,0,0,0,0,0,60000,0,0,0,151000,91000,60000,60000
062380,巨大元大9B購01  ,0,0,0,0,0,0,0,0,0,60000,0,0,0,116000,56000,60000,60000
055686,致伸凱基97購02  ,0,0,0,0,0,0,0,0,0,60000,0,0,0,60000,0,60000,60000
054237,茂林群益97購01  ,0,0,0,0,0,0,0,0,0,60000,0,0,0,60000,0,60000,60000
054856,得力群益99購01  ,0,0,0,0,0,0,0,0,0,60000,0,0,0,60000,0,60000,60000
055069,帆宣永豐97購01  ,0,0,0,0,0,0,0,0,0,60000,0,0,0,60000,0,60000,60000
055181,日電貿統一97購01,0,0,0,0,0,0,0,0,0,60000,0,0,0,110000,50000,60000,60000
055264,國巨永豐98購01  ,0,0,0,0,0,0,0,0,0,60000,0,0,0,60000,0,60000,60000
059344,長榮航凱基99購01,0,0,0,0,0,0,0,0,0,60000,0,0,0,60000,0,60000,60000
059678,鴻海國泰9A購03  ,0,0,0,0,0,0,0,0,0,60000,0,0,0,63000,3000,60000,60000
059252,聯詠凱基99購03  ,0,0,0,0,0,0,0,0,0,60000,0,0,0,73000,13000,60000,60000
052006,康友富邦98購01  ,0,0,0,0,0,0,0,0,0,60000,0,0,0,60000,0,60000,60000
052628,樺漢中信96購01  ,0,0,0,0,0,0,0,0,0,60000,0,0,0,60000,0,60000,60000
052318,友達元大98購01  ,0,0,0,0,0,0,0,0,0,60000,0,0,0,60000,0,60000,60000
055507,樺漢元大98購02  ,0,0,0,0,0,0,0,0,0,60000,0,0,0,60000,0,60000,60000
049296,義隆群益96購01  ,0,0,0,0,0,0,0,0,0,60000,0,0,0,60000,0,60000,60000
060093,友達元大03購01  ,0,0,0,0,0,0,0,0,0,60000,0,0,0,70000,10000,60000,60000
056310,神達元大97購02  ,0,0,0,0,0,0,0,0,0,60000,0,0,0,60000,0,60000,60000
059784,台光電元大9A購01,0,0,0,0,0,0,0,0,0,60000,0,0,0,117000,57000,60000,60000
059819,台積電凱基99購17,0,0,0,0,0,0,0,0,0,60000,0,0,0,97000,37000,60000,60000
056801,國巨台新98購01  ,0,0,0,0,0,0,0,0,0,60000,0,0,0,100000,40000,60000,60000
058730,玉晶光永豐9A購01,0,0,0,0,0,0,0,0,0,60000,0,0,0,61000,1000,60000,60000
058517,景碩元大99購06  ,0,0,0,0,0,0,0,0,0,60000,0,0,0,60000,0,60000,60000
056717,康友永豐98購01  ,0,0,0,0,0,0,0,0,0,60000,0,0,0,60000,0,60000,60000
057557,聯茂凱基99購04  ,0,0,0,0,0,0,0,0,0,60000,0,0,0,60000,0,60000,60000
057509,聯發科統一9A購03,0,0,0,0,0,0,0,0,0,60000,0,0,0,76000,16000,60000,60000
058116,正崴中信99購02  ,0,0,0,0,0,0,0,0,0,60000,0,0,0,60000,0,60000,60000
07777P,創意元大9A售03  ,0,0,0,0,0,0,0,0,0,60000,0,0,0,80000,20000,60000,60000
07524P,臺股指中信9B售06,0,0,0,0,0,0,0,0,0,60000,0,0,0,60000,0,60000,60000
07620P,國巨統一9B售07  ,0,0,0,0,0,0,0,0,0,60000,0,0,0,80000,20000,60000,60000
07292P,臺股指凱基99售44,0,0,0,0,0,0,0,0,0,60000,0,0,0,215000,155000,60000,60000
062382,燿華國泰9C購01  ,0,0,0,0,0,0,0,0,0,59000,0,0,0,125000,66000,59000,59000
061815,奇力新群益9B購02,0,0,0,0,0,0,0,0,0,59000,0,0,0,59000,0,59000,59000
060636,大毅永豐9A購02  ,0,0,0,0,0,0,0,0,0,59000,0,0,0,80000,21000,59000,59000
060228,亞德客元大9A購01,0,0,0,0,0,0,0,0,0,59000,0,0,0,77000,18000,59000,59000
060469,台勝科元大9A購02,0,0,0,0,0,0,0,0,0,59000,0,0,0,63000,4000,59000,59000
06053P,緯穎國票97售05  ,0,0,0,0,0,0,0,0,0,59000,0,0,0,60000,1000,59000,59000
059626,台積電凱基01購01,0,0,0,0,0,0,0,0,0,59000,0,0,0,122000,63000,59000,59000
058670,鴻海群益9A購03  ,0,0,0,0,0,0,0,0,0,59000,0,0,0,556000,497000,59000,59000
060056,大立光凱基9B購01,0,0,0,0,0,0,0,0,0,59000,0,0,0,99000,40000,59000,59000
06994P,台光電凱基99售02,0,0,0,0,0,0,0,0,0,59000,0,0,0,59000,0,59000,59000
6715,嘉基            ,70000,11000,59000,0,0,0,0,0,0,0,0,0,0,0,0,0,59000
00752,中信中國50      ,763000,0,763000,0,0,0,0,0,0,-704165,0,0,0,290000,994165,-704165,58835
06025P,臺股指元大99售02,0,0,0,0,0,0,0,0,0,58000,0,0,0,67000,9000,58000,58000
061089,台積電統一9C購04,0,0,0,0,0,0,0,0,0,58000,0,0,0,60000,2000,58000,58000
060981,旺宏元大9A購08  ,0,0,0,0,0,0,0,0,0,58000,0,0,0,68000,10000,58000,58000
061833,華新科凱基02購01,0,0,0,0,0,0,0,0,0,58000,0,0,0,83000,25000,58000,58000
061994,瑞儀元大9B購01  ,0,0,0,0,0,0,0,0,0,58000,0,0,0,100000,42000,58000,58000
061925,禾伸堂凱基9C購01,0,0,0,0,0,0,0,0,0,58000,0,0,0,163000,105000,58000,58000
062364,瑞昱元大9B購04  ,0,0,0,0,0,0,0,0,0,58000,0,0,0,71000,13000,58000,58000
050797,聯發科中信99購01,0,0,0,0,0,0,0,0,0,58000,0,0,0,58000,0,58000,58000
052076,可成元富98購01  ,0,0,0,0,0,0,0,0,0,58000,0,0,0,60000,2000,58000,58000
059234,台灣50凱基9C購03,0,0,0,0,0,0,0,0,0,58000,0,0,0,58000,0,58000,58000
054378,楠梓電群益98購01,0,0,0,0,0,0,0,0,0,58000,0,0,0,135000,77000,58000,58000
054152,漢唐國泰98購02  ,0,0,0,0,0,0,0,0,0,58000,0,0,0,62000,4000,58000,58000
060377,鴻海台新9A購01  ,0,0,0,0,0,0,0,0,0,58000,0,0,0,58000,0,58000,58000
059870,全新凱基99購05  ,0,0,0,0,0,0,0,0,0,58000,0,0,0,80000,22000,58000,58000
057420,美食凱基98購01  ,0,0,0,0,0,0,0,0,0,58000,0,0,0,58000,0,58000,58000
057119,微星康和98購01  ,0,0,0,0,0,0,0,0,0,58000,0,0,0,409000,351000,58000,58000
056450,可成凱基98購05  ,0,0,0,0,0,0,0,0,0,58000,0,0,0,58000,0,58000,58000
2020,美亞            ,73000,15000,58000,0,0,0,0,0,0,0,0,0,0,0,0,0,58000
062113,瑞祺國票9B購01  ,0,0,0,0,0,0,0,0,0,57000,0,0,0,111000,54000,57000,57000
061819,茂林群益9B購01  ,0,0,0,0,0,0,0,0,0,57000,0,0,0,57000,0,57000,57000
061269,嘉澤凱基9A購01  ,0,0,0,0,0,0,0,0,0,57000,0,0,0,305000,248000,57000,57000
053819,大立光群益96購04,0,0,0,0,0,0,0,0,0,57000,0,0,0,57000,0,57000,57000
059160,華通凱基99購03  ,0,0,0,0,0,0,0,0,0,57000,0,0,0,62000,5000,57000,57000
058172,國巨凱基9B購02  ,0,0,0,0,0,0,0,0,0,57000,0,0,0,57000,0,57000,57000
060034,立積永豐99購04  ,0,0,0,0,0,0,0,0,0,57000,0,0,0,73000,16000,57000,57000
060051,台積電凱基9B購01,0,0,0,0,0,0,0,0,0,57000,0,0,0,78000,21000,57000,57000
058648,聯陽永豐99購01  ,0,0,0,0,0,0,0,0,0,57000,0,0,0,124000,67000,57000,57000
058295,欣興凱基99購02  ,0,0,0,0,0,0,0,0,0,57000,0,0,0,262000,205000,57000,57000
057553,景碩凱基98購03  ,0,0,0,0,0,0,0,0,0,57000,0,0,0,57000,0,57000,57000
05755P,臺股指中信99售04,0,0,0,0,0,0,0,0,0,57000,0,0,0,97000,40000,57000,57000
07931P,國巨元大9B售03  ,0,0,0,0,0,0,0,0,0,57000,0,0,0,77000,20000,57000,57000
1308,亞聚            ,257000,200000,57000,0,0,0,0,0,0,0,0,0,0,0,0,0,57000
07394P,國巨群益99售12  ,0,0,0,0,0,0,0,0,0,57000,0,0,0,257000,200000,57000,57000
9914,美利達          ,299000,206000,93000,0,0,0,0,0,0,-36000,0,36000,-36000,0,0,0,57000
06024P,台郡國票97售05  ,0,0,0,0,0,0,0,0,0,56000,0,0,0,56000,0,56000,56000
060620,玉晶光元大9A購04,0,0,0,0,0,0,0,0,0,56000,0,0,0,106000,50000,56000,56000
061832,聯發科凱基9B購06,0,0,0,0,0,0,0,0,0,56000,0,0,0,61000,5000,56000,56000
061708,同欣電國票9A購02,15000,0,15000,0,0,0,0,0,0,41000,0,0,0,234000,193000,41000,56000
062040,玉晶光凱基01購01,0,0,0,0,0,0,0,0,0,56000,0,0,0,56000,0,56000,56000
054381,世芯群益98購01  ,0,0,0,0,0,0,0,0,0,56000,0,0,0,284000,228000,56000,56000
055393,華新科統一97購03,0,0,0,0,0,0,0,0,0,56000,0,0,0,56000,0,56000,56000
056663,臺股指元大9A購10,0,0,0,0,0,0,0,0,0,56000,0,0,0,56000,0,56000,56000
056597,宏碁元富98購01  ,0,0,0,0,0,0,0,0,0,56000,0,0,0,56000,0,56000,56000
058546,玉晶光富邦9B購01,0,0,0,0,0,0,0,0,0,56000,0,0,0,172000,116000,56000,56000
059958,鎧勝康和99購01  ,0,0,0,0,0,0,0,0,0,56000,0,0,0,172000,116000,56000,56000
058073,大立光凱基99購04,0,0,0,0,0,0,0,0,0,56000,0,0,0,56000,0,56000,56000
057353,玉晶光統一99購01,0,0,0,0,0,0,0,0,0,56000,0,0,0,83000,27000,56000,56000
07580P,緯穎元大9A售03  ,0,0,0,0,0,0,0,0,0,56000,0,0,0,79000,23000,56000,56000
062227,南六統一01購02  ,0,0,0,0,0,0,0,0,0,55000,0,0,0,74000,19000,55000,55000
060236,精元元大9C購01  ,0,0,0,0,0,0,0,0,0,55000,0,0,0,55000,0,55000,55000
061035,亞光永豐9A購01  ,0,0,0,0,0,0,0,0,0,55000,0,0,0,55000,0,55000,55000
059235,鴻海凱基99購08  ,0,0,0,0,0,0,0,0,0,55000,0,0,0,60000,5000,55000,55000
059245,聯發科凱基9A購03,0,0,0,0,0,0,0,0,0,55000,0,0,0,55000,0,55000,55000
054129,技嘉元大96購02  ,0,0,0,0,0,0,0,0,0,55000,0,0,0,55000,0,55000,55000
054788,華新科群益98購02,0,0,0,0,0,0,0,0,0,55000,0,0,0,108000,53000,55000,55000
055052,凱美永豐97購01  ,0,0,0,0,0,0,0,0,0,55000,0,0,0,55000,0,55000,55000
052844,台積電統一96購02,0,0,0,0,0,0,0,0,0,55000,0,0,0,55000,0,55000,55000
057744,健策永豐98購02  ,0,0,0,0,0,0,0,0,0,55000,0,0,0,55000,0,55000,55000
057847,聯茂永豐98購01  ,0,0,0,0,0,0,0,0,0,55000,0,0,0,85000,30000,55000,55000
057650,力成元大98購04  ,0,0,0,0,0,0,0,0,0,55000,0,0,0,55000,0,55000,55000
060341,國巨統一9C購02  ,0,0,0,0,0,0,0,0,0,55000,0,0,0,89000,34000,55000,55000
056620,華新科永豐98購02,0,0,0,0,0,0,0,0,0,55000,0,0,0,55000,0,55000,55000
07463P,台積電國票9A售05,0,0,0,0,0,0,0,0,0,55000,0,0,0,55000,0,55000,55000
07780P,美律凱基9A售02  ,0,0,0,0,0,0,0,0,0,55000,0,0,0,55000,0,55000,55000
061040,康友永豐9A購01  ,0,0,0,0,0,0,0,0,0,54000,0,0,0,54000,0,54000,54000
060985,聯發科元大9A購06,0,0,0,0,0,0,0,0,0,54000,0,0,0,55000,1000,54000,54000
062374,茂林元大9B購03  ,0,0,0,0,0,0,0,0,0,54000,0,0,0,54000,0,54000,54000
06849P,欣興元大98售12  ,0,0,0,0,0,0,0,0,0,54000,0,0,0,113000,59000,54000,54000
048350,世紀鋼元大95購01,0,0,0,0,0,0,0,0,0,54000,0,0,0,54000,0,54000,54000
055318,華通國票98購01  ,0,0,0,0,0,0,0,0,0,54000,0,0,0,76000,22000,54000,54000
054064,台郡國票97購04  ,0,0,0,0,0,0,0,0,0,54000,0,0,0,54000,0,54000,54000
054357,可成兆豐97購02  ,0,0,0,0,0,0,0,0,0,54000,0,0,0,141000,87000,54000,54000
059253,康控凱基9B購02  ,0,0,0,0,0,0,0,0,0,54000,0,0,0,73000,19000,54000,54000
059639,大立光凱基9A購06,0,0,0,0,0,0,0,0,0,54000,0,0,0,58000,4000,54000,54000
058676,聯茂群益99購01  ,0,0,0,0,0,0,0,0,0,54000,0,0,0,79000,25000,54000,54000
056839,台光電元富98購02,0,0,0,0,0,0,0,0,0,54000,0,0,0,144000,90000,54000,54000
059950,百和永豐99購02  ,0,0,0,0,0,0,0,0,0,54000,0,0,0,55000,1000,54000,54000
060382,儒鴻凱基9A購01  ,0,0,0,0,0,0,0,0,0,54000,0,0,0,205000,151000,54000,54000
056532,技嘉凱基98購01  ,0,0,0,0,0,0,0,0,0,54000,0,0,0,81000,27000,54000,54000
057073,康控永豐98購01  ,0,0,0,0,0,0,0,0,0,54000,0,0,0,54000,0,54000,54000
057422,欣興凱基98購04  ,0,0,0,0,0,0,0,0,0,54000,0,0,0,54000,0,54000,54000
07951P,智邦元大9B售05  ,0,0,0,0,0,0,0,0,0,54000,0,0,0,82000,28000,54000,54000
07952P,富邦金元大9B售02,0,0,0,0,0,0,0,0,0,54000,0,0,0,149000,95000,54000,54000
060932,南六永豐9A購02  ,0,0,0,0,0,0,0,0,0,53000,0,0,0,138000,85000,53000,53000
059844,大立光富邦9C購04,0,0,0,0,0,0,0,0,0,53000,0,0,0,105000,52000,53000,53000
054873,帆宣群益99購01  ,0,0,0,0,0,0,0,0,0,53000,0,0,0,58000,5000,53000,53000
048422,瑞昱元富96購02  ,0,0,0,0,0,0,0,0,0,53000,0,0,0,56000,3000,53000,53000
04731P,臺股指中信96售03,0,0,0,0,0,0,0,0,0,53000,0,0,0,174000,121000,53000,53000
057397,茂林中信9A購01  ,0,0,0,0,0,0,0,0,0,53000,0,0,0,88000,35000,53000,53000
057663,國巨元大99購08  ,0,0,0,0,0,0,0,0,0,53000,0,0,0,73000,20000,53000,53000
057494,玉晶光元大99購09,0,0,0,0,0,0,0,0,0,53000,0,0,0,78000,25000,53000,53000
056747,致新凱基99購01  ,0,0,0,0,0,0,0,0,0,53000,0,0,0,57000,4000,53000,53000
060466,玉山金元大9A購01,0,0,0,0,0,0,0,0,0,52000,0,0,0,104000,52000,52000,52000
060869,超眾永豐9A購02  ,0,0,0,0,0,0,0,0,0,52000,0,0,0,52000,0,52000,52000
060962,義隆凱基9B購01  ,0,0,0,0,0,0,0,0,0,52000,0,0,0,52000,0,52000,52000
061216,世芯元大9A購06  ,0,0,0,0,0,0,0,0,0,52000,0,0,0,126000,74000,52000,52000
062282,禾伸堂群益9B購01,0,0,0,0,0,0,0,0,0,52000,0,0,0,85000,33000,52000,52000
061657,智原國票9A購01  ,0,0,0,0,0,0,0,0,0,52000,0,0,0,57000,5000,52000,52000
061611,南六統一01購01  ,0,0,0,0,0,0,0,0,0,52000,0,0,0,69000,17000,52000,52000
061870,智邦元大9B購02  ,0,0,0,0,0,0,0,0,0,52000,0,0,0,114000,62000,52000,52000
054477,聯發科中信9C購02,0,0,0,0,0,0,0,0,0,52000,0,0,0,52000,0,52000,52000
059836,大立光國泰9B購02,0,0,0,0,0,0,0,0,0,52000,0,0,0,61000,9000,52000,52000
056250,瑞昱兆豐97購02  ,0,0,0,0,0,0,0,0,0,52000,0,0,0,52000,0,52000,52000
058396,力山元大99購01  ,0,0,0,0,0,0,0,0,0,52000,0,0,0,64000,12000,52000,52000
056580,泰鼎元大9A購01  ,0,0,0,0,0,0,0,0,0,52000,0,0,0,58000,6000,52000,52000
057173,南亞科元大98購04,0,0,0,0,0,0,0,0,0,52000,0,0,0,163000,111000,52000,52000
057276,全新元大99購03  ,0,0,0,0,0,0,0,0,0,52000,0,0,0,102000,50000,52000,52000
057669,嘉晶元大99購03  ,0,0,0,0,0,0,0,0,0,52000,0,0,0,52000,0,52000,52000
056523,光寶科中信98購01,0,0,0,0,0,0,0,0,0,52000,0,0,0,52000,0,52000,52000
057377,康控元大99購02  ,0,0,0,0,0,0,0,0,0,52000,0,0,0,70000,18000,52000,52000
058808,大成鋼統一9B購01,0,0,0,0,0,0,0,0,0,52000,0,0,0,52000,0,52000,52000
062165,聯茂國泰01購01  ,0,0,0,0,0,0,0,0,0,51000,0,0,0,86000,35000,51000,51000
061205,旺宏元大9A購11  ,0,0,0,0,0,0,0,0,0,51000,0,0,0,51000,0,51000,51000
061271,聯茂凱基9A購04  ,0,0,0,0,0,0,0,0,0,51000,0,0,0,71000,20000,51000,51000
061399,喬山兆豐9B購01  ,0,0,0,0,0,0,0,0,0,51000,0,0,0,51000,0,51000,51000
061467,嘉澤群益9A購01  ,0,0,0,0,0,0,0,0,0,51000,0,0,0,82000,31000,51000,51000
053413,台積電國票99購01,0,0,0,0,0,0,0,0,0,51000,0,0,0,51000,0,51000,51000
054846,瑞昱兆豐97購01  ,0,0,0,0,0,0,0,0,0,51000,0,0,0,51000,0,51000,51000
058863,可成凱基99購02  ,0,0,0,0,0,0,0,0,0,51000,0,0,0,51000,0,51000,51000
056405,聯茂群益98購01  ,0,0,0,0,0,0,0,0,0,51000,0,0,0,81000,30000,51000,51000
057766,矽力凱基98購03  ,0,0,0,0,0,0,0,0,0,51000,0,0,0,61000,10000,51000,51000
057878,台郡元大99購04  ,0,0,0,0,0,0,0,0,0,51000,0,0,0,68000,17000,51000,51000
07456P,華新科元大9A售06,0,0,0,0,0,0,0,0,0,51000,0,0,0,145000,94000,51000,51000
07121P,華新科凱基99售03,0,0,0,0,0,0,0,0,0,51000,0,0,0,115000,64000,51000,51000
061425,華新科元大9A購19,0,0,0,0,0,0,0,0,0,50000,0,0,0,50000,0,50000,50000
061518,達方永豐9A購02  ,0,0,0,0,0,0,0,0,0,50000,0,0,0,50000,0,50000,50000
060617,華新科元大9A購08,0,0,0,0,0,0,0,0,0,50000,0,0,0,50000,0,50000,50000
060706,群創富邦9A購01  ,0,0,0,0,0,0,0,0,0,50000,0,0,0,50000,0,50000,50000
060496,滬深2X元大9A購05,0,0,0,0,0,0,0,0,0,50000,0,0,0,50000,0,50000,50000
060499,鴻海元大9A購11  ,0,0,0,0,0,0,0,0,0,50000,0,0,0,50000,0,50000,50000
060275,元黃金元大9A購01,0,0,0,0,0,0,0,0,0,50000,0,0,0,51000,1000,50000,50000
061934,台積電國票9B購06,0,0,0,0,0,0,0,0,0,50000,0,0,0,50000,0,50000,50000
061985,富邦金元大9B購01,0,0,0,0,0,0,0,0,0,50000,0,0,0,51000,1000,50000,50000
061900,志超永豐9B購01  ,0,0,0,0,0,0,0,0,0,50000,0,0,0,50000,0,50000,50000
061830,元金2X凱基01購01,0,0,0,0,0,0,0,0,0,50000,0,0,0,90000,40000,50000,50000
061765,義隆元大9B購01  ,0,0,0,0,0,0,0,0,0,50000,0,0,0,55000,5000,50000,50000
062283,玉晶光群益01購01,0,0,0,0,0,0,0,0,0,50000,0,0,0,62000,12000,50000,50000
062311,奇力新凱基9B購01,0,0,0,0,0,0,0,0,0,50000,0,0,0,50000,0,50000,50000
062352,南六群益9B購02  ,0,0,0,0,0,0,0,0,0,50000,0,0,0,60000,10000,50000,50000
06759P,台積電元大98售17,0,0,0,0,0,0,0,0,0,50000,0,0,0,50000,0,50000,50000
05535P,台積電元大97售06,0,0,0,0,0,0,0,0,0,50000,0,0,0,50000,0,50000,50000
055262,台虹國泰98購01  ,0,0,0,0,0,0,0,0,0,50000,0,0,0,50000,0,50000,50000
053698,中磊元大96購02  ,0,0,0,0,0,0,0,0,0,50000,0,0,0,50000,0,50000,50000
055991,鈺齊元富97購01  ,0,0,0,0,0,0,0,0,0,50000,0,0,0,50000,0,50000,50000
059648,台表科凱基99購03,0,0,0,0,0,0,0,0,0,50000,0,0,0,50000,0,50000,50000
059369,滬深2X元富9C購01,0,0,0,0,0,0,0,0,0,50000,0,0,0,50000,0,50000,50000
055416,欣興富邦98購01  ,0,0,0,0,0,0,0,0,0,50000,0,0,0,50000,0,50000,50000
055846,大立光元大97購09,0,0,0,0,0,0,0,0,0,50000,0,0,0,50000,0,50000,50000
054989,精元元富97購01  ,0,0,0,0,0,0,0,0,0,50000,0,0,0,50000,0,50000,50000
056039,宏達電凱基97購02,0,0,0,0,0,0,0,0,0,50000,0,0,0,50000,0,50000,50000
056113,新日興兆豐98購01,0,0,0,0,0,0,0,0,0,50000,0,0,0,50000,0,50000,50000
056130,新日興麥證97購01,0,0,0,50000,0,50000,0,0,0,50000,0,0,0,50000,0,50000,50000
055984,大立光元富97購02,0,0,0,0,0,0,0,0,0,50000,0,0,0,50000,0,50000,50000
055943,瑞昱麥證97購01  ,0,0,0,50000,0,50000,0,0,0,50000,0,0,0,50000,0,50000,50000
055918,和鑫凱基97購01  ,0,0,0,0,0,0,0,0,0,50000,0,0,0,50000,0,50000,50000
056175,可成元富97購03  ,0,0,0,0,0,0,0,0,0,50000,0,0,0,50000,0,50000,50000
053481,同欣電元大97購01,0,0,0,0,0,0,0,0,0,50000,0,0,0,50000,0,50000,50000
053503,臻鼎兆豐97購01  ,0,0,0,0,0,0,0,0,0,50000,0,0,0,50000,0,50000,50000
053492,華邦電兆豐97購01,0,0,0,0,0,0,0,0,0,50000,0,0,0,200000,150000,50000,50000
053404,致新群益96購01  ,0,0,0,0,0,0,0,0,0,50000,0,0,0,50000,0,50000,50000
052612,康舒元大97購01  ,0,0,0,0,0,0,0,0,0,50000,0,0,0,50000,0,50000,50000
052798,滬深2X元大96購07,0,0,0,0,0,0,0,0,0,50000,0,0,0,50000,0,50000,50000
052437,聯發科富邦99購02,0,0,0,0,0,0,0,0,0,50000,0,0,0,1049000,999000,50000,50000
051891,智邦元富95購04  ,0,0,0,0,0,0,0,0,0,50000,0,0,0,50000,0,50000,50000
053560,漢唐國泰98購01  ,0,0,0,0,0,0,0,0,0,50000,0,0,0,50000,0,50000,50000
055476,台郡凱基97購02  ,0,0,0,0,0,0,0,0,0,50000,0,0,0,50000,0,50000,50000
055559,大立光凱基97購09,0,0,0,0,0,0,0,0,0,50000,0,0,0,50000,0,50000,50000
047421,聯茂富邦97購01  ,0,0,0,0,0,0,0,0,0,50000,0,0,0,150000,100000,50000,50000
046465,GIS凱基95購01   ,0,0,0,0,0,0,0,0,0,50000,0,0,0,50000,0,50000,50000
046630,京元電元富95購03,0,0,0,0,0,0,0,0,0,50000,0,0,0,50000,0,50000,50000
051121,裕民群益97購01  ,0,0,0,0,0,0,0,0,0,50000,0,0,0,50000,0,50000,50000
050516,華通元大95購05  ,0,0,0,0,0,0,0,0,0,50000,0,0,0,50000,0,50000,50000
050519,旺宏元大95購03  ,0,0,0,0,0,0,0,0,0,50000,0,0,0,50000,0,50000,50000
00766L,台新MSCI中國正2 ,0,0,0,0,0,0,0,0,0,50000,0,0,0,318000,268000,50000,50000
04854P,鴻海國泰96售04  ,0,0,0,0,0,0,0,0,0,50000,0,0,0,50000,0,50000,50000
048687,旺宏群益96購01  ,0,0,0,0,0,0,0,0,0,50000,0,0,0,50000,0,50000,50000
048007,明基材元大96購01,0,0,0,0,0,0,0,0,0,50000,0,0,0,200000,150000,50000,50000
051300,台光電凱基96購02,0,0,0,0,0,0,0,0,0,50000,0,0,0,50000,0,50000,50000
053205,台光電麥證96購01,0,0,0,50000,0,50000,0,0,0,50000,0,0,0,50000,0,50000,50000
051325,台光電台新96購01,0,0,0,0,0,0,0,0,0,50000,0,0,0,53000,3000,50000,50000
053291,旺宏中信9A購01  ,50000,0,50000,0,0,0,0,0,0,0,0,0,0,0,0,0,50000
052512,全新凱基96購03  ,0,0,0,0,0,0,0,0,0,50000,0,0,0,50000,0,50000,50000
056484,聯茂元大98購02  ,0,0,0,0,0,0,0,0,0,50000,0,0,0,50000,0,50000,50000
056544,貿聯凱基98購03  ,0,0,0,0,0,0,0,0,0,50000,0,0,0,50000,0,50000,50000
057618,台光電凱基99購01,0,0,0,0,0,0,0,0,0,50000,0,0,0,216000,166000,50000,50000
057623,友訊國泰99購01  ,0,0,0,0,0,0,0,0,0,50000,0,0,0,50000,0,50000,50000
057925,貿聯凱基99購01  ,0,0,0,0,0,0,0,0,0,50000,0,0,0,50000,0,50000,50000
057444,台泥元富98購01  ,0,0,0,0,0,0,0,0,0,50000,0,0,0,148000,98000,50000,50000
057447,智邦元富02購01  ,0,0,0,0,0,0,0,0,0,50000,0,0,0,199000,149000,50000,50000
058179,國巨國泰9B購02  ,0,0,0,0,0,0,0,0,0,50000,0,0,0,50000,0,50000,50000
057701,嘉聯益群益98購02,0,0,0,0,0,0,0,0,0,50000,0,0,0,50000,0,50000,50000
058234,華新科元大99購12,0,0,0,0,0,0,0,0,0,50000,0,0,0,50000,0,50000,50000
058222,玉晶光統一9B購01,0,0,0,0,0,0,0,0,0,50000,0,0,0,75000,25000,50000,50000
058230,國巨元大99購11  ,0,0,0,0,0,0,0,0,0,50000,0,0,0,50000,0,50000,50000
058124,玉晶光國票9A購01,0,0,0,0,0,0,0,0,0,50000,0,0,0,51000,1000,50000,50000
057026,長榮航凱基98購01,0,0,0,0,0,0,0,0,0,50000,0,0,0,50000,0,50000,50000
059065,南電凱基9A購01  ,0,0,0,0,0,0,0,0,0,50000,0,0,0,81000,31000,50000,50000
058479,亞光凱基9A購01  ,0,0,0,0,0,0,0,0,0,50000,0,0,0,50000,0,50000,50000
056715,瀚宇博永豐98購01,0,0,0,0,0,0,0,0,0,50000,0,0,0,115000,65000,50000,50000
058625,旺宏國票9A購01  ,0,0,0,0,0,0,0,0,0,50000,0,0,0,50000,0,50000,50000
058374,玉晶光凱基9A購03,0,0,0,0,0,0,0,0,0,50000,0,0,0,50000,0,50000,50000
058360,台光電凱基9A購02,0,0,0,0,0,0,0,0,0,50000,0,0,0,50000,0,50000,50000
056353,鴻海元大99購02  ,0,0,0,0,0,0,0,0,0,50000,0,0,0,50000,0,50000,50000
059789,貿聯元大9A購02  ,0,0,0,0,0,0,0,0,0,50000,0,0,0,50000,0,50000,50000
059711,滬深2X元大9C購02,0,0,0,0,0,0,0,0,0,50000,0,0,0,50000,0,50000,50000
059713,滬深2X元大9C購04,0,0,0,0,0,0,0,0,0,50000,0,0,0,60000,10000,50000,50000
060098,華新科元大99購24,0,0,0,0,0,0,0,0,0,50000,0,0,0,50000,0,50000,50000
060090,台積電元大99購55,0,0,0,0,0,0,0,0,0,50000,0,0,0,50000,0,50000,50000
06686P,麗豐永豐98售02  ,0,0,0,0,0,0,0,0,0,49000,0,0,0,78000,29000,49000,49000
061127,美食永豐9A購01  ,0,0,0,0,0,0,0,0,0,49000,0,0,0,49000,0,49000,49000
061149,華通群益9A購05  ,0,0,0,0,0,0,0,0,0,49000,0,0,0,144000,95000,49000,49000
03432B,臺股指凱基98熊13,0,0,0,0,0,0,0,0,0,49000,0,0,0,55000,6000,49000,49000
054656,深中小元大97購01,0,0,0,0,0,0,0,0,0,49000,0,0,0,49000,0,49000,49000
052686,華新科元大96購03,0,0,0,0,0,0,0,0,0,49000,0,0,0,49000,0,49000,49000
056141,聯茂元大97購05  ,0,0,0,0,0,0,0,0,0,49000,0,0,0,100000,51000,49000,49000
054058,晶豪科國票98購01,0,0,0,0,0,0,0,0,0,49000,0,0,0,77000,28000,49000,49000
055714,智邦元大97購03  ,0,0,0,0,0,0,0,0,0,49000,0,0,0,61000,12000,49000,49000
056639,國產康和98購01  ,0,0,0,0,0,0,0,0,0,49000,0,0,0,49000,0,49000,49000
057549,台光電凱基98購05,0,0,0,0,0,0,0,0,0,49000,0,0,0,79000,30000,49000,49000
058456,京鼎永豐99購01  ,0,0,0,0,0,0,0,0,0,49000,0,0,0,150000,101000,49000,49000
07257P,臺股指凱基99售37,0,0,0,0,0,0,0,0,0,49000,0,0,0,60000,11000,49000,49000
8464,億豐            ,291000,229000,62000,0,0,0,0,0,0,-13000,0,0,0,0,13000,-13000,49000
061535,群創統一9C購01  ,0,0,0,0,0,0,0,0,0,48000,0,0,0,48000,0,48000,48000
061387,鴻海群益9A購05  ,0,0,0,0,0,0,0,0,0,48000,0,0,0,71000,23000,48000,48000
061294,奇力新麥證9A購01,0,0,0,50000,2000,48000,0,0,0,48000,0,0,0,50000,2000,48000,48000
060428,瑞祺永豐9A購01  ,0,0,0,0,0,0,0,0,0,48000,0,0,0,88000,40000,48000,48000
060624,玉晶光元大9C購02,0,0,0,0,0,0,0,0,0,48000,0,0,0,85000,37000,48000,48000
062296,南六永豐9B購02  ,0,0,0,0,0,0,0,0,0,48000,0,0,0,78000,30000,48000,48000
062272,鴻海群益9B購05  ,0,0,0,0,0,0,0,0,0,48000,0,0,0,49000,1000,48000,48000
061816,長榮航群益9B購02,0,0,0,0,0,0,0,0,0,48000,0,0,0,48000,0,48000,48000
062188,貿聯元大9B購02  ,0,0,0,0,0,0,0,0,0,48000,0,0,0,48000,0,48000,48000
055779,國泰金凱基97購02,0,0,0,0,0,0,0,0,0,48000,0,0,0,48000,0,48000,48000
054088,華新群益98購02  ,0,0,0,0,0,0,0,0,0,48000,0,0,0,48000,0,48000,48000
054349,同欣電國票97購02,0,0,0,0,0,0,0,0,0,48000,0,0,0,130000,82000,48000,48000
054411,光磊元大97購02  ,0,0,0,0,0,0,0,0,0,48000,0,0,0,68000,20000,48000,48000
052049,緯創凱基97購01  ,0,0,0,0,0,0,0,0,0,48000,0,0,0,68000,20000,48000,48000
051630,力山國票96購01  ,0,0,0,0,0,0,0,0,0,48000,0,0,0,48000,0,48000,48000
060036,上証2X國票99購03,0,0,0,0,0,0,0,0,0,48000,0,0,0,48000,0,48000,48000
056407,嘉晶國票99購01  ,0,0,0,0,0,0,0,0,0,48000,0,0,0,92000,44000,48000,48000
057288,聯茂元大98購03  ,0,0,0,0,0,0,0,0,0,48000,0,0,0,78000,30000,48000,48000
058220,世芯國票9A購01  ,0,0,0,0,0,0,0,0,0,48000,0,0,0,112000,64000,48000,48000
6591,動力-KY         ,77000,31000,46000,0,0,0,0,0,0,2000,2000,0,2000,0,0,0,48000
062078,聯發科元大9B購05,0,0,0,0,0,0,0,0,0,47000,0,0,0,53000,6000,47000,47000
061938,大立光國票9B購03,0,0,0,0,0,0,0,0,0,47000,0,0,0,47000,0,47000,47000
062256,聯發科元大9B購08,0,0,0,0,0,0,0,0,0,47000,0,0,0,50000,3000,47000,47000
060758,台積電元大9A購19,0,0,0,0,0,0,0,0,0,47000,0,0,0,860000,813000,47000,47000
054137,聯詠元大97購02  ,0,0,0,0,0,0,0,0,0,47000,0,0,0,52000,5000,47000,47000
053919,可成國票97購02  ,0,0,0,0,0,0,0,0,0,47000,0,0,0,156000,109000,47000,47000
054750,聯茂凱基98購02  ,0,0,0,0,0,0,0,0,0,47000,0,0,0,50000,3000,47000,47000
059337,台灣50凱基9C購05,0,0,0,0,0,0,0,0,0,47000,0,0,0,47000,0,47000,47000
057507,貿聯國票98購02  ,0,0,0,0,0,0,0,0,0,47000,0,0,0,111000,64000,47000,47000
057283,欣興元大98購07  ,0,0,0,0,0,0,0,0,0,47000,0,0,0,52000,5000,47000,47000
059912,國巨元大99購28  ,0,0,0,0,0,0,0,0,0,47000,0,0,0,47000,0,47000,47000
057529,嘉晶元大99購02  ,0,0,0,0,0,0,0,0,0,47000,0,0,0,82000,35000,47000,47000
058995,台達電元大99購01,0,0,0,0,0,0,0,0,0,47000,0,0,0,116000,69000,47000,47000
061431,鈺齊元大9A購01  ,0,0,0,0,0,0,0,0,0,46000,0,0,0,78000,32000,46000,46000
060887,台積電統一01購01,0,0,0,0,0,0,0,0,0,46000,0,0,0,50000,4000,46000,46000
062313,聯詠凱基9C購01  ,0,0,0,0,0,0,0,0,0,46000,0,0,0,46000,0,46000,46000
062389,台表科國泰01購01,0,0,0,0,0,0,0,0,0,46000,0,0,0,320000,274000,46000,46000
061935,台積電國票9B購07,0,0,0,0,0,0,0,0,0,46000,0,0,0,50000,4000,46000,46000
061706,旭富國票9A購02  ,0,0,0,0,0,0,0,0,0,46000,0,0,0,81000,35000,46000,46000
054164,強茂凱基98購01  ,0,0,0,0,0,0,0,0,0,46000,0,0,0,56000,10000,46000,46000
050142,聯發科元富9A購01,0,0,0,0,0,0,0,0,0,46000,0,0,0,166000,120000,46000,46000
055593,華新科元大97購10,0,0,0,0,0,0,0,0,0,46000,0,0,0,61000,15000,46000,46000
060373,元金2X元富9A購01,0,0,0,0,0,0,0,0,0,46000,0,0,0,149000,103000,46000,46000
06000P,GIS元大96售04   ,0,0,0,0,0,0,0,0,0,46000,0,0,0,46000,0,46000,46000
056776,聯茂元大99購01  ,0,0,0,0,0,0,0,0,0,46000,0,0,0,46000,0,46000,46000
058963,華新科兆豐99購05,0,0,0,0,0,0,0,0,0,46000,0,0,0,50000,4000,46000,46000
07639P,緯穎國票9A售01  ,0,0,0,0,0,0,0,0,0,46000,0,0,0,46000,0,46000,46000
07709P,創意元大9A售01  ,0,0,0,0,0,0,0,0,0,46000,0,0,0,81000,35000,46000,46000
07890P,南電國票9B售01  ,0,0,0,0,0,0,0,0,0,46000,0,0,0,56000,10000,46000,46000
2739,寒舍            ,48000,2000,46000,0,0,0,0,0,0,0,0,0,0,0,0,0,46000
6409,旭隼            ,121900,76000,45900,0,0,0,0,0,0,0,0,0,0,0,0,0,45900
062060,奇鋐統一9C購01  ,0,0,0,0,0,0,0,0,0,45000,0,0,0,56000,11000,45000,45000
062039,聯發科凱基9B購07,0,0,0,0,0,0,0,0,0,45000,0,0,0,47000,2000,45000,45000
060806,華新科群益9A購03,0,0,0,0,0,0,0,0,0,45000,0,0,0,45000,0,45000,45000
060780,祥碩國泰9B購01  ,0,0,0,0,0,0,0,0,0,45000,0,0,0,45000,0,45000,45000
060472,中租元大9A購02  ,0,0,0,0,0,0,0,0,0,45000,0,0,0,57000,12000,45000,45000
055555,全新凱基9A購01  ,0,0,0,0,0,0,0,0,0,45000,0,0,0,45000,0,45000,45000
055455,健策國泰98購02  ,0,0,0,0,0,0,0,0,0,45000,0,0,0,45000,0,45000,45000
055461,TPK永豐97購01   ,0,0,0,0,0,0,0,0,0,45000,0,0,0,45000,0,45000,45000
052022,南電永豐95購03  ,0,0,0,0,0,0,0,0,0,45000,0,0,0,45000,0,45000,45000
052742,可成元大96購01  ,0,0,0,0,0,0,0,0,0,45000,0,0,0,45000,0,45000,45000
048070,聯發科元富99購03,0,0,0,0,0,0,0,0,0,45000,0,0,0,45000,0,45000,45000
054758,南亞國票9A購01  ,0,0,0,0,0,0,0,0,0,45000,0,0,0,45000,0,45000,45000
055019,福懋科元富97購01,0,0,0,0,0,0,0,0,0,45000,0,0,0,45000,0,45000,45000
059366,台積電台新99購04,0,0,0,0,0,0,0,0,0,45000,0,0,0,46000,1000,45000,45000
059501,可成元富99購01  ,0,0,0,0,0,0,0,0,0,45000,0,0,0,70000,25000,45000,45000
059597,大立光元大99購21,0,0,0,0,0,0,0,0,0,45000,0,0,0,45000,0,45000,45000
059203,勤誠永豐99購02  ,0,0,0,0,0,0,0,0,0,45000,0,0,0,47000,2000,45000,45000
058206,祥碩凱基99購01  ,0,0,0,0,0,0,0,0,0,45000,0,0,0,294000,249000,45000,45000
059742,富邦金元富99購01,0,0,0,0,0,0,0,0,0,45000,0,0,0,50000,5000,45000,45000
060083,和大元大99購02  ,0,0,0,0,0,0,0,0,0,45000,0,0,0,55000,10000,45000,45000
056651,聯茂凱基98購04  ,0,0,0,0,0,0,0,0,0,45000,0,0,0,50000,5000,45000,45000
2887E,台新戊特        ,0,0,0,0,0,0,0,0,0,45000,45000,0,45000,0,0,0,45000
2428,興勤            ,144000,97000,47000,0,0,0,0,0,0,-2000,0,0,0,6000,8000,-2000,45000
07466P,亞德客元大9A售02,0,0,0,0,0,0,0,0,0,45000,0,0,0,57000,12000,45000,45000
060172,智原台新9A購01  ,0,0,0,0,0,0,0,0,0,44000,0,0,0,74000,30000,44000,44000
060989,國泰金元大9A購02,0,0,0,0,0,0,0,0,0,44000,0,0,0,94000,50000,44000,44000
061061,聯發科麥證9A購02,0,0,0,44000,0,44000,0,0,0,44000,0,0,0,44000,0,44000,44000
061453,台達電凱基9B購01,0,0,0,0,0,0,0,0,0,44000,0,0,0,120000,76000,44000,44000
061339,京元電元大9A購05,0,0,0,0,0,0,0,0,0,44000,0,0,0,122000,78000,44000,44000
061794,國巨永豐9B購01  ,0,0,0,0,0,0,0,0,0,44000,0,0,0,46000,2000,44000,44000
062280,大立光群益9C購01,0,0,0,0,0,0,0,0,0,44000,0,0,0,44000,0,44000,44000
056625,致伸永豐98購01  ,0,0,0,0,0,0,0,0,0,44000,0,0,0,44000,0,44000,44000
058298,聯茂凱基99購05  ,0,0,0,0,0,0,0,0,0,44000,0,0,0,85000,41000,44000,44000
058780,牧德國票9A購01  ,0,0,0,0,0,0,0,0,0,44000,0,0,0,44000,0,44000,44000
060376,瑞祺元富9A購01  ,0,0,0,0,0,0,0,0,0,44000,0,0,0,205000,161000,44000,44000
056232,瑞儀凱基98購01  ,0,0,0,0,0,0,0,0,0,44000,0,0,0,50000,6000,44000,44000
057151,易華電國票99購01,0,0,0,0,0,0,0,0,0,44000,0,0,0,127000,83000,44000,44000
059198,華新科永豐99購06,0,0,0,0,0,0,0,0,0,44000,0,0,0,56000,12000,44000,44000
07452P,國巨元大9A售05  ,0,0,0,0,0,0,0,0,0,44000,0,0,0,45000,1000,44000,44000
07870P,鴻海群益9B售01  ,0,0,0,0,0,0,0,0,0,44000,0,0,0,48000,4000,44000,44000
06971P,台光電元大99售03,0,0,0,0,0,0,0,0,0,44000,0,0,0,80000,36000,44000,44000
1732,毛寶            ,35000,0,35000,0,0,0,0,0,0,9000,9000,0,9000,0,0,0,44000
060912,華新科元大9A購10,0,0,0,0,0,0,0,0,0,43000,0,0,0,56000,13000,43000,43000
053158,茂林元大96購01  ,0,0,0,0,0,0,0,0,0,43000,0,0,0,126000,83000,43000,43000
058960,臺股指國票99購05,0,0,0,0,0,0,0,0,0,43000,0,0,0,43000,0,43000,43000
056944,鴻海統一98購11  ,0,0,0,0,0,0,0,0,0,43000,0,0,0,48000,5000,43000,43000
056558,台達電群益98購01,0,0,0,0,0,0,0,0,0,43000,0,0,0,218000,175000,43000,43000
056366,玉晶光元大99購04,0,0,0,0,0,0,0,0,0,43000,0,0,0,100000,57000,43000,43000
056337,聯發科凱基98購06,0,0,0,0,0,0,0,0,0,43000,0,0,0,43000,0,43000,43000
05978P,麗豐永豐96售02  ,0,0,0,0,0,0,0,0,0,43000,0,0,0,68000,25000,43000,43000
058509,聯發科元大99購12,0,0,0,0,0,0,0,0,0,43000,0,0,0,43000,0,43000,43000
07670P,茂林元大9A售02  ,0,0,0,0,0,0,0,0,0,43000,0,0,0,43000,0,43000,43000
061521,亞光兆豐9A購02  ,0,0,0,0,0,0,0,0,0,42000,0,0,0,57000,15000,42000,42000
060233,宏碁元大9A購01  ,0,0,0,0,0,0,0,0,0,42000,0,0,0,110000,68000,42000,42000
060331,台積電麥證9A購01,0,0,0,42000,0,42000,0,0,0,42000,0,0,0,42000,0,42000,42000
06845P,億光元大98售02  ,0,0,0,0,0,0,0,0,0,42000,0,0,0,47000,5000,42000,42000
053216,京鼎凱基96購02  ,0,0,0,0,0,0,0,0,0,42000,0,0,0,42000,0,42000,42000
059297,大立光元富9C購01,0,0,0,0,0,0,0,0,0,42000,0,0,0,134000,92000,42000,42000
058559,華新科日盛99購02,0,0,0,0,0,0,0,0,0,42000,0,0,0,42000,0,42000,42000
056623,禾伸堂永豐98購01,0,0,0,0,0,0,0,0,0,42000,0,0,0,52000,10000,42000,42000
056811,健策統一9B購01  ,0,0,0,0,0,0,0,0,0,42000,0,0,0,42000,0,42000,42000
060126,創意永豐99購04  ,0,0,0,0,0,0,0,0,0,42000,0,0,0,136000,94000,42000,42000
057189,康控元大98購02  ,0,0,0,0,0,0,0,0,0,42000,0,0,0,42000,0,42000,42000
057243,樺漢凱基99購01  ,0,0,0,0,0,0,0,0,0,42000,0,0,0,86000,44000,42000,42000
057249,華邦電統一9A購01,0,0,0,0,0,0,0,0,0,42000,0,0,0,90000,48000,42000,42000
059145,創意國票99購02  ,0,0,0,0,0,0,0,0,0,42000,0,0,0,51000,9000,42000,42000
057318,台光電凱基9A購01,0,0,0,0,0,0,0,0,0,42000,0,0,0,63000,21000,42000,42000
06863P,欣興凱基98售05  ,0,0,0,0,0,0,0,0,0,41000,0,0,0,131000,90000,41000,41000
061834,華新科凱基02購02,0,0,0,0,0,0,0,0,0,41000,0,0,0,41000,0,41000,41000
062166,致新國泰01購01  ,0,0,0,0,0,0,0,0,0,41000,0,0,0,41000,0,41000,41000
060214,茂林康和9A購01  ,0,0,0,0,0,0,0,0,0,41000,0,0,0,114000,73000,41000,41000
060730,台積電群益9A購03,0,0,0,0,0,0,0,0,0,41000,0,0,0,98000,57000,41000,41000
060697,鴻海國泰9C購01  ,0,0,0,0,0,0,0,0,0,41000,0,0,0,41000,0,41000,41000
054880,華泰統一97購01  ,0,0,0,0,0,0,0,0,0,41000,0,0,0,100000,59000,41000,41000
054882,台光電統一97購02,0,0,0,0,0,0,0,0,0,41000,0,0,0,199000,158000,41000,41000
055029,帆宣國泰99購01  ,0,0,0,0,0,0,0,0,0,41000,0,0,0,42000,1000,41000,41000
053728,茂林凱基97購01  ,0,0,0,0,0,0,0,0,0,41000,0,0,0,51000,10000,41000,41000
054100,致伸國票97購03  ,0,0,0,0,0,0,0,0,0,41000,0,0,0,118000,77000,41000,41000
052542,友達元富98購01  ,0,0,0,0,0,0,0,0,0,41000,0,0,0,71000,30000,41000,41000
053473,聯發科元大96購15,0,0,0,0,0,0,0,0,0,41000,0,0,0,56000,15000,41000,41000
054525,奇鋐元富96購01  ,0,0,0,0,0,0,0,0,0,41000,0,0,0,41000,0,41000,41000
058822,樺漢國泰9B購01  ,0,0,0,0,0,0,0,0,0,41000,0,0,0,146000,105000,41000,41000
057369,奇力新元大99購05,0,0,0,0,0,0,0,0,0,41000,0,0,0,59000,18000,41000,41000
057268,臻鼎兆豐99購01  ,0,0,0,0,0,0,0,0,0,41000,0,0,0,61000,20000,41000,41000
056622,高鐵永豐98購01  ,0,0,0,0,0,0,0,0,0,41000,0,0,0,41000,0,41000,41000
059058,可成凱基9B購01  ,0,0,0,0,0,0,0,0,0,41000,0,0,0,41000,0,41000,41000
4104,佳醫            ,78000,37000,41000,0,0,0,0,0,0,0,0,0,0,0,0,0,41000
3406,玉晶光          ,1301000,1222030,78970,0,0,0,154000,0,154000,-192000,201000,325000,-124000,24000,92000,-68000,40970
060619,玉晶光元大9A購03,0,0,0,0,0,0,0,0,0,40000,0,0,0,92000,52000,40000,40000
060881,玉山金中信02購01,0,0,0,0,0,0,0,0,0,40000,0,0,0,42000,2000,40000,40000
060897,健策凱基9A購04  ,0,0,0,0,0,0,0,0,0,40000,0,0,0,89000,49000,40000,40000
060222,貿聯凱基9A購02  ,0,0,0,0,0,0,0,0,0,40000,0,0,0,50000,10000,40000,40000
061520,健策中信9A購01  ,0,0,0,0,0,0,0,0,0,40000,0,0,0,40000,0,40000,40000
061360,智邦兆豐9B購02  ,0,0,0,0,0,0,0,0,0,40000,0,0,0,282000,242000,40000,40000
060977,亞德客元大9A購04,0,0,0,0,0,0,0,0,0,40000,0,0,0,52000,12000,40000,40000
061062,和大凱基9A購02  ,0,0,0,0,0,0,0,0,0,40000,0,0,0,40000,0,40000,40000
061045,儒鴻第一9A購01  ,0,0,0,0,0,0,0,0,0,40000,0,0,0,40000,0,40000,40000
061202,和大元大9A購02  ,0,0,0,0,0,0,0,0,0,40000,0,0,0,42000,2000,40000,40000
062134,國巨群益9B購04  ,0,0,0,0,0,0,0,0,0,40000,0,0,0,80000,40000,40000,40000
062002,鴻海國泰01購01  ,0,0,0,0,0,0,0,0,0,40000,0,0,0,40000,0,40000,40000
061837,華新科凱基05購02,0,0,0,0,0,0,0,0,0,40000,0,0,0,40000,0,40000,40000
061721,道瓊反富邦9B購01,0,0,0,0,0,0,0,0,0,40000,0,0,0,50000,10000,40000,40000
061680,崇越元大9A購01  ,0,0,0,0,0,0,0,0,0,40000,0,0,0,40000,0,40000,40000
06801P,技嘉群益99售02  ,0,0,0,0,0,0,0,0,0,40000,0,0,0,80000,40000,40000,40000
06900P,FBVIX國票12售01 ,0,0,0,0,0,0,0,0,0,40000,0,0,0,160000,120000,40000,40000
06496P,台灣50日盛98售01,0,0,0,0,0,0,0,0,0,40000,0,0,0,55000,15000,40000,40000
06465P,國巨統一98售04  ,0,0,0,0,0,0,0,0,0,40000,0,0,0,148000,108000,40000,40000
052323,矽力元大95購04  ,0,0,0,0,0,0,0,0,0,40000,0,0,0,40000,0,40000,40000
055473,禾伸堂凱基97購01,0,0,0,0,0,0,0,0,0,40000,0,0,0,40000,0,40000,40000
054623,華新科第一97購01,0,0,0,0,0,0,0,0,0,40000,0,0,0,40000,0,40000,40000
052874,超眾凱基96購01  ,0,0,0,0,0,0,0,0,0,40000,0,0,0,50000,10000,40000,40000
052968,燿華群益98購01  ,0,0,0,0,0,0,0,0,0,40000,0,0,0,40000,0,40000,40000
050254,大立光富邦96購02,0,0,0,0,0,0,0,0,0,40000,0,0,0,40000,0,40000,40000
050485,國巨統一96購01  ,0,0,0,0,0,0,0,0,0,40000,0,0,0,182000,142000,40000,40000
050334,鴻海國泰96購07  ,0,0,0,0,0,0,0,0,0,40000,0,0,0,40000,0,40000,40000
05063P,聯電元大96售03  ,0,0,0,0,0,0,0,0,0,40000,0,0,0,40000,0,40000,40000
053865,欣興元大97購02  ,0,0,0,0,0,0,0,0,0,40000,0,0,0,81000,41000,40000,40000
054177,牧德台新97購01  ,0,0,0,0,0,0,0,0,0,40000,0,0,0,50000,10000,40000,40000
055032,億光富邦99購01  ,0,0,0,0,0,0,0,0,0,40000,0,0,0,40000,0,40000,40000
055725,嘉聯益元大98購03,0,0,0,0,0,0,0,0,0,40000,0,0,0,40000,0,40000,40000
053840,燿華統一96購02  ,0,0,0,0,0,0,0,0,0,40000,0,0,0,40000,0,40000,40000
054925,神達凱基97購01  ,0,0,0,0,0,0,0,0,0,40000,0,0,0,55000,15000,40000,40000
056100,楠梓電永豐97購02,0,0,0,0,0,0,0,0,0,40000,0,0,0,60000,20000,40000,40000
059537,大立光凱基99購09,0,0,0,0,0,0,0,0,0,40000,0,0,0,40000,0,40000,40000
056621,宏達電永豐98購01,0,0,0,0,0,0,0,0,0,40000,0,0,0,108000,68000,40000,40000
056604,鴻海富邦9A購01  ,0,0,0,0,0,0,0,0,0,40000,0,0,0,45000,5000,40000,40000
057536,康控元大99購03  ,0,0,0,0,0,0,0,0,0,40000,0,0,0,47000,7000,40000,40000
057543,華通凱基99購02  ,0,0,0,0,0,0,0,0,0,40000,0,0,0,40000,0,40000,40000
058553,合勤控永豐99購01,0,0,0,0,0,0,0,0,0,40000,0,0,0,40000,0,40000,40000
058293,光寶科凱基9A購01,0,0,0,0,0,0,0,0,0,40000,0,0,0,113000,73000,40000,40000
058630,日月光國票9A購01,0,0,0,0,0,0,0,0,0,40000,0,0,0,40000,0,40000,40000
05865P,大立光元大96售09,0,0,0,0,0,0,0,0,0,40000,0,0,0,40000,0,40000,40000
060092,瑞昱元大99購03  ,0,0,0,0,0,0,0,0,0,40000,0,0,0,120000,80000,40000,40000
056379,玉晶光元富98購01,0,0,0,0,0,0,0,0,0,40000,0,0,0,50000,10000,40000,40000
057763,康控凱基99購02  ,0,0,0,0,0,0,0,0,0,40000,0,0,0,50000,10000,40000,40000
057824,日月光元大98購01,0,0,0,0,0,0,0,0,0,40000,0,0,0,60000,20000,40000,40000
058266,宏達電永豐99購01,0,0,0,0,0,0,0,0,0,40000,0,0,0,110000,70000,40000,40000
057431,京鼎兆豐98購02  ,0,0,0,0,0,0,0,0,0,40000,0,0,0,50000,10000,40000,40000
058090,聯發科元大98購16,0,0,0,0,0,0,0,0,0,40000,0,0,0,85000,45000,40000,40000
058128,FBVIX元大9C購02 ,0,0,0,0,0,0,0,0,0,40000,0,0,0,40000,0,40000,40000
06948P,FBVIX元大01售02 ,0,0,0,0,0,0,0,0,0,40000,0,0,0,40000,0,40000,40000
07031P,台灣50中信03售02,0,0,0,0,0,0,0,0,0,40000,0,0,0,40000,0,40000,40000
2227,裕日車          ,14000,24000,-10000,0,0,0,50000,0,50000,0,0,0,0,0,0,0,40000
062376,中租元大9B購02  ,0,0,0,0,0,0,0,0,0,39000,0,0,0,39000,0,39000,39000
062185,禾伸堂元大9B購01,0,0,0,0,0,0,0,0,0,39000,0,0,0,39000,0,39000,39000
061203,國巨元大9A購15  ,0,0,0,0,0,0,0,0,0,39000,0,0,0,100000,61000,39000,39000
061575,華新科元大9A購20,0,0,0,0,0,0,0,0,0,39000,0,0,0,39000,0,39000,39000
059848,智邦永豐99購01  ,0,0,0,0,0,0,0,0,0,39000,0,0,0,63000,24000,39000,39000
059387,華通凱基9A購03  ,0,0,0,0,0,0,0,0,0,39000,0,0,0,40000,1000,39000,39000
056150,台光電凱基98購02,0,0,0,0,0,0,0,0,0,39000,0,0,0,39000,0,39000,39000
055357,欣興凱基97購04  ,0,0,0,0,0,0,0,0,0,39000,0,0,0,39000,0,39000,39000
054418,茂林元大97購01  ,0,0,0,0,0,0,0,0,0,39000,0,0,0,39000,0,39000,39000
052893,聯電群益98購01  ,0,0,0,0,0,0,0,0,0,39000,0,0,0,59000,20000,39000,39000
054484,仁寶台新96購01  ,0,0,0,0,0,0,0,0,0,39000,0,0,0,40000,1000,39000,39000
05881P,彩晶康和96售01  ,0,0,0,0,0,0,0,0,0,39000,0,0,0,39000,0,39000,39000
059147,矽創國票99購01  ,0,0,0,0,0,0,0,0,0,39000,0,0,0,39000,0,39000,39000
07122P,欣興凱基99售05  ,0,0,0,0,0,0,0,0,0,39000,0,0,0,60000,21000,39000,39000
060429,南六永豐9A購01  ,0,0,0,0,0,0,0,0,0,38000,0,0,0,58000,20000,38000,38000
060479,億豐元大9A購01  ,0,0,0,0,0,0,0,0,0,38000,0,0,0,40000,2000,38000,38000
060554,中租凱基9A購01  ,0,0,0,0,0,0,0,0,0,38000,0,0,0,48000,10000,38000,38000
061462,國巨群益9A購11  ,0,0,0,0,0,0,0,0,0,38000,0,0,0,46000,8000,38000,38000
061114,南電元大9A購04  ,0,0,0,0,0,0,0,0,0,38000,0,0,0,120000,82000,38000,38000
061903,宏全永豐9B購01  ,0,0,0,0,0,0,0,0,0,38000,0,0,0,38000,0,38000,38000
06735P,奇力新凱基98售07,0,0,0,0,0,0,0,0,0,38000,0,0,0,45000,7000,38000,38000
055501,創意元大97購01  ,0,0,0,0,0,0,0,0,0,38000,0,0,0,40000,2000,38000,38000
055602,康控元大97購03  ,0,0,0,0,0,0,0,0,0,38000,0,0,0,38000,0,38000,38000
052903,致茂國票97購01  ,0,0,0,0,0,0,0,0,0,38000,0,0,0,38000,0,38000,38000
00672L,元大S&P原油正2  ,0,7000,-7000,0,0,0,0,0,0,45000,0,0,0,190000,145000,45000,38000
055817,京鼎國票99購01  ,0,0,0,0,0,0,0,0,0,38000,0,0,0,38000,0,38000,38000
059292,華新科元富9B購02,0,0,0,0,0,0,0,0,0,38000,0,0,0,50000,12000,38000,38000
059673,玉山金元富99購01,0,0,0,0,0,0,0,0,0,38000,0,0,0,38000,0,38000,38000
056410,康控國票99購01  ,0,0,0,0,0,0,0,0,0,38000,0,0,0,38000,0,38000,38000
057355,彩晶統一98購03  ,0,0,0,0,0,0,0,0,0,38000,0,0,0,50000,12000,38000,38000
056961,凱美永豐98購01  ,0,0,0,0,0,0,0,0,0,38000,0,0,0,38000,0,38000,38000
059786,全新元大99購06  ,0,0,0,0,0,0,0,0,0,38000,0,0,0,65000,27000,38000,38000
060342,台積電統一02購01,0,0,0,0,0,0,0,0,0,38000,0,0,0,50000,12000,38000,38000
060025,台積電富邦9C購06,0,0,0,0,0,0,0,0,0,38000,0,0,0,60000,22000,38000,38000
059100,元油2X統一9C購02,0,0,0,0,0,0,0,0,0,38000,0,0,0,38000,0,38000,38000
06938P,南電元大98售03  ,0,0,0,0,0,0,0,0,0,38000,0,0,0,50000,12000,38000,38000
2439,美律            ,720000,914000,-194000,0,0,0,0,0,0,232000,50000,49000,1000,262000,31000,231000,38000
06780P,義隆元大98售02  ,0,0,0,0,0,0,0,0,0,37000,0,0,0,200000,163000,37000,37000
062247,國巨元大9B購07  ,0,0,0,0,0,0,0,0,0,37000,0,0,0,37000,0,37000,37000
060957,SP黃豆凱基9A購04,0,0,0,0,0,0,0,0,0,37000,0,0,0,43000,6000,37000,37000
060931,GIS永豐9A購01   ,0,0,0,0,0,0,0,0,0,37000,0,0,0,180000,143000,37000,37000
061295,台積電國泰9B購02,0,0,0,0,0,0,0,0,0,37000,0,0,0,63000,26000,37000,37000
060553,祥碩凱基9A購01  ,0,0,0,0,0,0,0,0,0,37000,0,0,0,47000,10000,37000,37000
060715,日電貿永豐9A購01,0,0,0,0,0,0,0,0,0,37000,0,0,0,67000,30000,37000,37000
060227,和大元大9A購01  ,0,0,0,0,0,0,0,0,0,37000,0,0,0,50000,13000,37000,37000
055022,精元國泰99購01  ,0,0,0,0,0,0,0,0,0,37000,0,0,0,50000,13000,37000,37000
00865B,國泰US短期公債  ,0,0,0,0,0,0,0,0,0,37000,0,0,0,137000,100000,37000,37000
060095,聯發科元大99購42,0,0,0,0,0,0,0,0,0,37000,0,0,0,38000,1000,37000,37000
05762P,昇陽半永豐96售04,0,0,0,0,0,0,0,0,0,37000,0,0,0,42000,5000,37000,37000
057402,嘉晶群益98購02  ,0,0,0,0,0,0,0,0,0,37000,0,0,0,37000,0,37000,37000
056471,台光電元大99購01,0,0,0,0,0,0,0,0,0,37000,0,0,0,44000,7000,37000,37000
058030,國巨永豐98購08  ,0,0,0,0,0,0,0,0,0,37000,0,0,0,37000,0,37000,37000
2114,鑫永銓          ,45000,8000,37000,0,0,0,0,0,0,0,0,0,0,0,0,0,37000
060248,日月光元大9A購01,0,0,0,0,0,0,0,0,0,36000,0,0,0,36000,0,36000,36000
06044P,同欣電永豐96售03,0,0,0,0,0,0,0,0,0,36000,0,0,0,36000,0,36000,36000
060671,亞德客元大9A購03,0,0,0,0,0,0,0,0,0,36000,0,0,0,52000,16000,36000,36000
061125,億光永豐9A購01  ,0,0,0,0,0,0,0,0,0,36000,0,0,0,64000,28000,36000,36000
062189,康控元大9B購02  ,0,0,0,0,0,0,0,0,0,36000,0,0,0,70000,34000,36000,36000
06705P,臻鼎元富98售03  ,0,0,0,0,0,0,0,0,0,36000,0,0,0,59000,23000,36000,36000
055733,奇力新元富97購01,0,0,0,0,0,0,0,0,0,36000,0,0,0,98000,62000,36000,36000
054009,欣興元富96購03  ,0,0,0,0,0,0,0,0,0,36000,0,0,0,36000,0,36000,36000
054121,奇鋐永豐96購02  ,0,0,0,0,0,0,0,0,0,36000,0,0,0,36000,0,36000,36000
059692,聯詠永豐99購01  ,0,0,0,0,0,0,0,0,0,36000,0,0,0,91000,55000,36000,36000
055962,晶豪科元大97購02,0,0,0,0,0,0,0,0,0,36000,0,0,0,104000,68000,36000,36000
055989,矽力元富9A購01  ,0,0,0,0,0,0,0,0,0,36000,0,0,0,36000,0,36000,36000
058850,華新科群益99購03,0,0,0,0,0,0,0,0,0,36000,0,0,0,50000,14000,36000,36000
060060,台積電兆豐99購05,0,0,0,0,0,0,0,0,0,36000,0,0,0,64000,28000,36000,36000
060346,華新科統一01購01,0,0,0,0,0,0,0,0,0,36000,0,0,0,46000,10000,36000,36000
056286,奇鋐永豐97購01  ,0,0,0,0,0,0,0,0,0,36000,0,0,0,105000,69000,36000,36000
056205,貿聯永豐97購01  ,0,0,0,0,0,0,0,0,0,36000,0,0,0,36000,0,36000,36000
07712P,茂林元大9A售03  ,0,0,0,0,0,0,0,0,0,36000,0,0,0,36000,0,36000,36000
07823P,國巨元大9A售23  ,0,0,0,0,0,0,0,0,0,36000,0,0,0,76000,40000,36000,36000
062423,聯發科統一9C購07,0,0,0,0,0,0,0,0,0,35000,0,0,0,35000,0,35000,35000
062438,台光電元大9B購04,0,0,0,0,0,0,0,0,0,35000,0,0,0,83000,48000,35000,35000
061980,聯發科元大9B購01,0,0,0,0,0,0,0,0,0,35000,0,0,0,35000,0,35000,35000
061413,台勝科群益9A購01,0,0,0,0,0,0,0,0,0,35000,0,0,0,477000,442000,35000,35000
060288,群光元大9C購01  ,0,0,0,0,0,0,0,0,0,35000,0,0,0,104000,69000,35000,35000
059263,瑞昱中信01購01  ,0,0,0,0,0,0,0,0,0,35000,0,0,0,60000,25000,35000,35000
053809,上銀群益96購02  ,0,0,0,0,0,0,0,0,0,35000,0,0,0,50000,15000,35000,35000
052837,友達國泰97購01  ,0,0,0,0,0,0,0,0,0,35000,0,0,0,50000,15000,35000,35000
055452,台積電元富97購03,0,0,0,0,0,0,0,0,0,35000,0,0,0,170000,135000,35000,35000
057601,中磊群益98購01  ,0,0,0,0,0,0,0,0,0,35000,0,0,0,35000,0,35000,35000
059083,華通元大99購07  ,0,0,0,0,0,0,0,0,0,35000,0,0,0,36000,1000,35000,35000
057056,立積元大99購02  ,0,0,0,0,0,0,0,0,0,35000,0,0,0,51000,16000,35000,35000
057148,玉晶光國票99購04,0,0,0,0,0,0,0,0,0,35000,0,0,0,51000,16000,35000,35000
057835,華擎元富9B購01  ,0,0,0,0,0,0,0,0,0,35000,0,0,0,540000,505000,35000,35000
057445,華通元富02購01  ,0,0,0,0,0,0,0,0,0,35000,0,0,0,138000,103000,35000,35000
6504,南六            ,612000,707151,-95151,0,0,0,198000,0,198000,-68000,33000,23000,10000,10000,88000,-78000,34849
060334,群光康和9A購01  ,0,0,0,0,0,0,0,0,0,34000,0,0,0,34000,0,34000,34000
060610,玉晶光凱基9B購02,0,0,0,0,0,0,0,0,0,34000,0,0,0,53000,19000,34000,34000
061308,元金2X中信9A購01,0,0,0,0,0,0,0,0,0,34000,0,0,0,64000,30000,34000,34000
061559,南亞科國票9A購02,0,0,0,0,0,0,0,0,0,34000,0,0,0,40000,6000,34000,34000
061501,嘉澤國票9A購01  ,0,0,0,0,0,0,0,0,0,34000,0,0,0,46000,12000,34000,34000
062325,鴻海統一9B購05  ,0,0,0,0,0,0,0,0,0,34000,0,0,0,152000,118000,34000,34000
055623,貿聯國泰99購01  ,0,0,0,0,0,0,0,0,0,34000,0,0,0,44000,10000,34000,34000
052713,智邦凱基96購01  ,0,0,0,0,0,0,0,0,0,34000,0,0,0,46000,12000,34000,34000
054766,智原國票98購01  ,0,0,0,0,0,0,0,0,0,34000,0,0,0,74000,40000,34000,34000
056114,台達電群益97購02,0,0,0,0,0,0,0,0,0,34000,0,0,0,131000,97000,34000,34000
057214,瑞昱群益98購01  ,0,0,0,0,0,0,0,0,0,34000,0,0,0,47000,13000,34000,34000
057023,美律凱基99購02  ,0,0,0,0,0,0,0,0,0,34000,0,0,0,50000,16000,34000,34000
057017,和大凱基98購01  ,0,0,0,0,0,0,0,0,0,34000,0,0,0,39000,5000,34000,34000
058100,聯茂國泰99購02  ,0,0,0,0,0,0,0,0,0,34000,0,0,0,40000,6000,34000,34000
058832,立積永豐99購01  ,0,0,0,0,0,0,0,0,0,34000,0,0,0,53000,19000,34000,34000
056581,超眾元大99購01  ,0,0,0,0,0,0,0,0,0,34000,0,0,0,67000,33000,34000,34000
05859P,台表科國票97售04,0,0,0,0,0,0,0,0,0,34000,0,0,0,45000,11000,34000,34000
056795,鴻海麥證98購01  ,0,0,0,60000,26000,34000,0,0,0,34000,0,0,0,60000,26000,34000,34000
059999,緯穎元富99購01  ,0,0,0,0,0,0,0,0,0,34000,0,0,0,60000,26000,34000,34000
07172P,臺股指國票99售09,0,0,0,0,0,0,0,0,0,34000,0,0,0,123000,89000,34000,34000
07387P,臺股指群益99售25,0,0,0,0,0,0,0,0,0,34000,0,0,0,36000,2000,34000,34000
07922P,大立光群益9B售05,0,0,0,0,0,0,0,0,0,34000,0,0,0,34000,0,34000,34000
062184,奇鋐元大9B購02  ,0,0,0,0,0,0,0,0,0,33000,0,0,0,33000,0,33000,33000
062228,南六統一02購01  ,0,0,0,0,0,0,0,0,0,33000,0,0,0,101000,68000,33000,33000
061562,群創國票9B購01  ,0,0,0,0,0,0,0,0,0,33000,0,0,0,38000,5000,33000,33000
060790,日月光富邦9A購01,0,0,0,0,0,0,0,0,0,33000,0,0,0,43000,10000,33000,33000
060451,中石化元大9C購02,0,0,0,0,0,0,0,0,0,33000,0,0,0,41000,8000,33000,33000
055983,全新元富9A購02  ,0,0,0,0,0,0,0,0,0,33000,0,0,0,33000,0,33000,33000
059516,TPK永豐99購01   ,0,0,0,0,0,0,0,0,0,33000,0,0,0,66000,33000,33000,33000
05573P,仁寶元富96售02  ,0,0,0,0,0,0,0,0,0,33000,0,0,0,53000,20000,33000,33000
054579,聯茂元大97購01  ,0,0,0,0,0,0,0,0,0,33000,0,0,0,40000,7000,33000,33000
058645,康控富邦01購01  ,0,0,0,0,0,0,0,0,0,33000,0,0,0,188000,155000,33000,33000
058521,日月光元大99購01,0,0,0,0,0,0,0,0,0,33000,0,0,0,33000,0,33000,33000
057511,健策統一98購02  ,0,0,0,0,0,0,0,0,0,33000,0,0,0,53000,20000,33000,33000
059078,FBVIX元大99購06 ,0,0,0,0,0,0,0,0,0,33000,0,0,0,33000,0,33000,33000
059082,華通元大99購06  ,0,0,0,0,0,0,0,0,0,33000,0,0,0,63000,30000,33000,33000
056736,國巨凱基99購03  ,0,0,0,0,0,0,0,0,0,33000,0,0,0,33000,0,33000,33000
058032,大立光永豐98購05,0,0,0,0,0,0,0,0,0,33000,0,0,0,33000,0,33000,33000
059144,嘉晶國票9A購02  ,0,0,0,0,0,0,0,0,0,33000,0,0,0,35000,2000,33000,33000
058207,南茂凱基99購01  ,0,0,0,0,0,0,0,0,0,33000,0,0,0,128000,95000,33000,33000
1598,岱宇            ,122000,89000,33000,0,0,0,0,0,0,0,0,0,0,0,0,0,33000
2425,承啟            ,78000,45000,33000,0,0,0,0,0,0,0,0,0,0,0,0,0,33000
07744P,奇力新凱基9A售05,0,0,0,0,0,0,0,0,0,33000,0,0,0,126000,93000,33000,33000
060500,鴻海元大9A購12  ,0,0,0,0,0,0,0,0,0,32000,0,0,0,32000,0,32000,32000
061026,南電富邦9B購01  ,0,0,0,0,0,0,0,0,0,32000,0,0,0,166000,134000,32000,32000
062223,大立光統一9C購04,0,0,0,0,0,0,0,0,0,32000,0,0,0,32000,0,32000,32000
062197,聯發科中信01購03,0,0,0,0,0,0,0,0,0,32000,0,0,0,32000,0,32000,32000
061872,友達元大9C購06  ,0,0,0,0,0,0,0,0,0,32000,0,0,0,100000,68000,32000,32000
061674,聯發科元大9A購12,0,0,0,0,0,0,0,0,0,32000,0,0,0,35000,3000,32000,32000
06810P,國巨統一99售03  ,0,0,0,0,0,0,0,0,0,32000,0,0,0,174000,142000,32000,32000
050124,元金2X凱基95購01,0,0,0,0,0,0,0,0,0,32000,0,0,0,42000,10000,32000,32000
059254,台表科凱基9A購02,0,0,0,0,0,0,0,0,0,32000,0,0,0,40000,8000,32000,32000
055901,超眾中信97購01  ,0,0,0,0,0,0,0,0,0,32000,0,0,0,42000,10000,32000,32000
057709,電子類群益98購01,0,0,0,0,0,0,0,0,0,32000,0,0,0,32000,0,32000,32000
057216,聯發科群益99購01,0,0,0,0,0,0,0,0,0,32000,0,0,0,42000,10000,32000,32000
057169,微星元大98購01  ,0,0,0,0,0,0,0,0,0,32000,0,0,0,243000,211000,32000,32000
058264,瑞昱永豐99購01  ,0,0,0,0,0,0,0,0,0,32000,0,0,0,32000,0,32000,32000
058041,FBVIX元大98購02 ,0,0,0,0,0,0,0,0,0,32000,0,0,0,32000,0,32000,32000
057368,微星元大98購02  ,0,0,0,0,0,0,0,0,0,32000,0,0,0,174000,142000,32000,32000
057401,晶豪科群益99購01,0,0,0,0,0,0,0,0,0,32000,0,0,0,32000,0,32000,32000
057027,祥碩凱基98購01  ,0,0,0,0,0,0,0,0,0,32000,0,0,0,32000,0,32000,32000
057112,立積群益99購01  ,0,0,0,0,0,0,0,0,0,32000,0,0,0,206000,174000,32000,32000
059056,技嘉凱基99購02  ,0,0,0,0,0,0,0,0,0,32000,0,0,0,60000,28000,32000,32000
059123,訊芯永豐99購03  ,0,0,0,0,0,0,0,0,0,32000,0,0,0,187000,155000,32000,32000
060009,南亞科群益99購03,0,0,0,0,0,0,0,0,0,32000,0,0,0,32000,0,32000,32000
059995,南亞科元富99購01,0,0,0,0,0,0,0,0,0,32000,0,0,0,115000,83000,32000,32000
056749,滬深2X兆豐99購01,0,0,0,0,0,0,0,0,0,32000,0,0,0,42000,10000,32000,32000
059771,台積電群益99購11,0,0,0,0,0,0,0,0,0,32000,0,0,0,168000,136000,32000,32000
056275,國巨國泰98購04  ,0,0,0,0,0,0,0,0,0,32000,0,0,0,195000,163000,32000,32000
07358P,鴻海元大99售39  ,0,0,0,0,0,0,0,0,0,32000,0,0,0,82000,50000,32000,32000
07301P,臺股指元大9A售34,0,0,0,0,0,0,0,0,0,32000,0,0,0,33000,1000,32000,32000
061296,台積電國泰9C購01,0,0,0,0,0,0,0,0,0,31000,0,0,0,97000,66000,31000,31000
060645,台表科永豐9A購02,0,0,0,0,0,0,0,0,0,31000,0,0,0,96000,65000,31000,31000
059327,南茂元大99購01  ,0,0,0,0,0,0,0,0,0,31000,0,0,0,31000,0,31000,31000
053958,京元電永豐96購01,0,0,0,0,0,0,0,0,0,31000,0,0,0,61000,30000,31000,31000
00706L,元大S&P日圓正2  ,0,0,0,0,0,0,0,0,0,31000,0,0,0,37000,6000,31000,31000
051728,道瓊反國票97購01,0,0,0,0,0,0,0,0,0,31000,0,0,0,52000,21000,31000,31000
05631P,國巨富邦9A售01  ,0,0,0,0,0,0,0,0,0,31000,0,0,0,41000,10000,31000,31000
058451,智邦永豐9A購01  ,0,0,0,0,0,0,0,0,0,31000,0,0,0,38000,7000,31000,31000
057090,奇力新元富98購02,0,0,0,0,0,0,0,0,0,31000,0,0,0,129000,98000,31000,31000
058956,健策國票9A購02  ,0,0,0,0,0,0,0,0,0,31000,0,0,0,41000,10000,31000,31000
059143,國巨國票9A購04  ,0,0,0,0,0,0,0,0,0,31000,0,0,0,51000,20000,31000,31000
057240,茂林凱基9A購01  ,0,0,0,0,0,0,0,0,0,31000,0,0,0,31000,0,31000,31000
057495,牧德元大99購04  ,0,0,0,0,0,0,0,0,0,31000,0,0,0,81000,50000,31000,31000
07615P,華通中信02售02  ,0,0,0,0,0,0,0,0,0,31000,0,0,0,140000,109000,31000,31000
06068P,玉晶光康和97售01,0,0,0,0,0,0,0,0,0,30000,0,0,0,145000,115000,30000,30000
060555,台表科凱基9A購03,0,0,0,0,0,0,0,0,0,30000,0,0,0,30000,0,30000,30000
060754,華通元大9A購04  ,0,0,0,0,0,0,0,0,0,30000,0,0,0,35000,5000,30000,30000
059975,元金2X元大99購02,0,0,0,0,0,0,0,0,0,30000,0,0,0,260000,230000,30000,30000
06021P,世紀鋼元富96售03,0,0,0,0,0,0,0,0,0,30000,0,0,0,193000,163000,30000,30000
060930,超眾永豐9A購03  ,0,0,0,0,0,0,0,0,0,30000,0,0,0,30000,0,30000,30000
060982,旺宏元大9A購09  ,0,0,0,0,0,0,0,0,0,30000,0,0,0,40000,10000,30000,30000
061201,FBVIX元大01購03 ,0,0,0,0,0,0,0,0,0,30000,0,0,0,40000,10000,30000,30000
061173,T50反1凱基04購01,0,0,0,0,0,0,0,0,0,30000,0,0,0,30000,0,30000,30000
06789P,鴻海凱基98售12  ,0,0,0,0,0,0,0,0,0,30000,0,0,0,98000,68000,30000,30000
06722P,臺股指中信9A售04,0,0,0,0,0,0,0,0,0,30000,0,0,0,30000,0,30000,30000
06742P,可成富邦99售02  ,0,0,0,0,0,0,0,0,0,30000,0,0,0,30000,0,30000,30000
06881P,國巨群益98售10  ,0,0,0,0,0,0,0,0,0,30000,0,0,0,30000,0,30000,30000
06405P,億光元富97售02  ,0,0,0,0,0,0,0,0,0,30000,0,0,0,117000,87000,30000,30000
061692,聯發科群益9A購04,0,0,0,0,0,0,0,0,0,30000,0,0,0,190000,160000,30000,30000
061841,晶技凱基9C購01  ,0,0,0,0,0,0,0,0,0,30000,0,0,0,50000,20000,30000,30000
062136,南亞科群益9B購01,0,0,0,0,0,0,0,0,0,30000,0,0,0,30000,0,30000,30000
061967,旺宏統一01購04  ,0,0,0,0,0,0,0,0,0,30000,0,0,0,30000,0,30000,30000
062005,旺宏國泰01購01  ,0,0,0,0,0,0,0,0,0,30000,0,0,0,36000,6000,30000,30000
052118,鴻海國票96購04  ,0,0,0,0,0,0,0,0,0,30000,0,0,0,30000,0,30000,30000
052743,華新科元大97購01,0,0,0,0,0,0,0,0,0,30000,0,0,0,30000,0,30000,30000
052778,智原國票97購01  ,0,0,0,0,0,0,0,0,0,30000,0,0,0,30000,0,30000,30000
052581,訊芯元富98購01  ,0,0,0,0,0,0,0,0,0,30000,0,0,0,30000,0,30000,30000
054442,啟碁台新96購01  ,0,0,0,0,0,0,0,0,0,30000,0,0,0,30000,0,30000,30000
054491,瀚宇博台新96購02,0,0,0,0,0,0,0,0,0,30000,0,0,0,30000,0,30000,30000
055469,台光電凱基97購01,0,0,0,0,0,0,0,0,0,30000,0,0,0,30000,0,30000,30000
052384,臺股指元大95購30,0,0,0,0,0,0,0,0,0,30000,0,0,0,30000,0,30000,30000
053551,可成凱基96購05  ,0,0,0,0,0,0,0,0,0,30000,0,0,0,30000,0,30000,30000
051938,旭富群益95購01  ,0,0,0,0,0,0,0,0,0,30000,0,0,0,50000,20000,30000,30000
050705,南電凱基96購01  ,0,0,0,0,0,0,0,0,0,30000,0,0,0,30000,0,30000,30000
051466,玉晶光富邦97購01,0,0,0,0,0,0,0,0,0,30000,0,0,0,30000,0,30000,30000
048852,旺宏群益96購02  ,0,0,0,0,0,0,0,0,0,30000,0,0,0,30000,0,30000,30000
04289P,臺股指中信95售07,0,0,0,0,0,0,0,0,0,30000,0,0,0,30000,0,30000,30000
054132,聯發科元大97購10,0,0,0,0,0,0,0,0,0,30000,0,0,0,125000,95000,30000,30000
054417,牧德元大96購01  ,0,0,0,0,0,0,0,0,0,30000,0,0,0,77000,47000,30000,30000
054331,世芯永豐96購03  ,0,0,0,0,0,0,0,0,0,30000,0,0,0,30000,0,30000,30000
054219,楠梓電統一97購01,0,0,0,0,0,0,0,0,0,30000,0,0,0,30000,0,30000,30000
054300,華通凱基96購07  ,0,0,0,0,0,0,0,0,0,30000,0,0,0,30000,0,30000,30000
055747,康舒元富97購01  ,0,0,0,0,0,0,0,0,0,30000,0,0,0,40000,10000,30000,30000
055023,億光國泰98購01  ,0,0,0,0,0,0,0,0,0,30000,0,0,0,45000,15000,30000,30000
055776,宏達電凱基98購02,0,0,0,0,0,0,0,0,0,30000,0,0,0,50000,20000,30000,30000
055354,宏達電凱基98購01,0,0,0,0,0,0,0,0,0,30000,0,0,0,30000,0,30000,30000
055176,大毅統一98購02  ,0,0,0,0,0,0,0,0,0,30000,0,0,0,35000,5000,30000,30000
059529,華新科凱基9A購04,0,0,0,0,0,0,0,0,0,30000,0,0,0,30000,0,30000,30000
059468,智邦元大99購02  ,0,0,0,0,0,0,0,0,0,30000,0,0,0,41000,11000,30000,30000
059665,嘉聯益元大99購06,0,0,0,0,0,0,0,0,0,30000,0,0,0,30000,0,30000,30000
059619,台積電日盛9A購04,0,0,0,0,0,0,0,0,0,30000,0,0,0,41000,11000,30000,30000
055859,啟碁元大97購03  ,0,0,0,0,0,0,0,0,0,30000,0,0,0,30000,0,30000,30000
055386,致新元大97購02  ,0,0,0,0,0,0,0,0,0,30000,0,0,0,30000,0,30000,30000
055934,景碩群益98購03  ,0,0,0,0,0,0,0,0,0,30000,0,0,0,33000,3000,30000,30000
056170,鴻海元富97購09  ,0,0,0,0,0,0,0,0,0,30000,0,0,0,30000,0,30000,30000
056168,鴻海元富97購07  ,0,0,0,0,0,0,0,0,0,30000,0,0,0,30000,0,30000,30000
058231,技嘉元大99購02  ,0,0,0,0,0,0,0,0,0,30000,0,0,0,67000,37000,30000,30000
057165,國巨元大99購05  ,0,0,0,0,0,0,0,0,0,30000,0,0,0,30000,0,30000,30000
057275,友達元大9A購04  ,0,0,0,0,0,0,0,0,0,30000,0,0,0,30000,0,30000,30000
058277,FBVIX中信03購01 ,0,0,0,0,0,0,0,0,0,30000,0,0,0,30000,0,30000,30000
058279,FBVIX中信03購03 ,0,0,0,0,0,0,0,0,0,30000,0,0,0,30000,0,30000,30000
057954,宏碁元大99購01  ,0,0,0,0,0,0,0,0,0,30000,0,0,0,30000,0,30000,30000
057811,南亞科元大98購08,0,0,0,0,0,0,0,0,0,30000,0,0,0,30000,0,30000,30000
058799,晶技元大99購04  ,0,0,0,0,0,0,0,0,0,30000,0,0,0,30000,0,30000,30000
056434,國巨凱基98購03  ,0,0,0,0,0,0,0,0,0,30000,0,0,0,56000,26000,30000,30000
059554,台灣50凱基99購08,0,0,0,0,0,0,0,0,0,30000,0,0,0,30000,0,30000,30000
058959,南茂國票9A購01  ,0,0,0,0,0,0,0,0,0,30000,0,0,0,30000,0,30000,30000
059080,亞泥元大99購01  ,0,0,0,0,0,0,0,0,0,30000,0,0,0,31000,1000,30000,30000
056609,楠梓電永豐98購02,0,0,0,0,0,0,0,0,0,30000,0,0,0,30000,0,30000,30000
056719,台虹永豐98購01  ,0,0,0,0,0,0,0,0,0,30000,0,0,0,30000,0,30000,30000
057571,泰碩永豐98購01  ,0,0,0,0,0,0,0,0,0,30000,0,0,0,30000,0,30000,30000
057577,廣宇中信9A購01  ,0,0,0,0,0,0,0,0,0,30000,0,0,0,30000,0,30000,30000
057589,超眾國票9A購01  ,0,0,0,0,0,0,0,0,0,30000,0,0,0,30000,0,30000,30000
058333,鴻海元富99購04  ,0,0,0,0,0,0,0,0,0,30000,0,0,0,30000,0,30000,30000
058533,玉晶光元富99購01,0,0,0,0,0,0,0,0,0,30000,0,0,0,30000,0,30000,30000
056745,聯茂凱基99購03  ,0,0,0,0,0,0,0,0,0,30000,0,0,0,31000,1000,30000,30000
059815,SP黃豆凱基9A購03,0,0,0,0,0,0,0,0,0,30000,0,0,0,30000,0,30000,30000
059877,康控凱基99購05  ,0,0,0,0,0,0,0,0,0,30000,0,0,0,35000,5000,30000,30000
060105,牧德元大9B購01  ,0,0,0,0,0,0,0,0,0,30000,0,0,0,30000,0,30000,30000
07470P,國巨元大9A售06  ,0,0,0,0,0,0,0,0,0,30000,0,0,0,33000,3000,30000,30000
07193P,聯發科元大99售24,0,0,0,0,0,0,0,0,0,30000,0,0,0,30000,0,30000,30000
06955P,臻鼎元富99售01  ,0,0,0,0,0,0,0,0,0,30000,0,0,0,30000,0,30000,30000
1903,士紙            ,52000,22000,30000,0,0,0,0,0,0,0,0,0,0,0,0,0,30000
062075,智邦元大9B購03  ,0,0,0,0,0,0,0,0,0,29000,0,0,0,121000,92000,29000,29000
061970,大立光統一9C購03,0,0,0,0,0,0,0,0,0,29000,0,0,0,29000,0,29000,29000
062098,億光永豐9B購01  ,0,0,0,0,0,0,0,0,0,29000,0,0,0,60000,31000,29000,29000
061840,長榮航凱基9C購01,0,0,0,0,0,0,0,0,0,29000,0,0,0,33000,4000,29000,29000
061739,奇力新凱基9C購01,0,0,0,0,0,0,0,0,0,29000,0,0,0,30000,1000,29000,29000
06263P,燿華凱基97售04  ,0,0,0,0,0,0,0,0,0,29000,0,0,0,30000,1000,29000,29000
062327,燿華統一9B購02  ,0,0,0,0,0,0,0,0,0,29000,0,0,0,29000,0,29000,29000
061155,華新科群益9A購06,0,0,0,0,0,0,0,0,0,29000,0,0,0,49000,20000,29000,29000
060434,台汽電永豐9A購01,0,0,0,0,0,0,0,0,0,29000,0,0,0,385000,356000,29000,29000
059614,致新永豐99購01  ,0,0,0,0,0,0,0,0,0,29000,0,0,0,48000,19000,29000,29000
059295,大立光元富99購05,0,0,0,0,0,0,0,0,0,29000,0,0,0,56000,27000,29000,29000
054306,聯發科凱基96購23,0,0,0,0,0,0,0,0,0,29000,0,0,0,30000,1000,29000,29000
053255,貿聯國泰97購01  ,0,0,0,0,0,0,0,0,0,29000,0,0,0,29000,0,29000,29000
052367,聯茂國票96購02  ,0,0,0,0,0,0,0,0,0,29000,0,0,0,79000,50000,29000,29000
054538,台光電國票98購01,0,0,0,0,0,0,0,0,0,29000,0,0,0,29000,0,29000,29000
052719,致新凱基96購01  ,0,0,0,0,0,0,0,0,0,29000,0,0,0,69000,40000,29000,29000
056281,深中小永豐97購01,0,0,0,0,0,0,0,0,0,29000,0,0,0,50000,21000,29000,29000
058628,宏達電國票9A購01,0,0,0,0,0,0,0,0,0,29000,0,0,0,29000,0,29000,29000
058785,臺股指國票99購04,0,0,0,0,0,0,0,0,0,29000,0,0,0,39000,10000,29000,29000
057573,京鼎永豐98購02  ,0,0,0,0,0,0,0,0,0,29000,0,0,0,97000,68000,29000,29000
056428,台達電凱基99購01,0,0,0,0,0,0,0,0,0,29000,0,0,0,40000,11000,29000,29000
058831,茂林永豐99購01  ,0,0,0,0,0,0,0,0,0,29000,0,0,0,29000,0,29000,29000
057873,義隆元大98購03  ,0,0,0,0,0,0,0,0,0,29000,0,0,0,39000,10000,29000,29000
059840,鴻海富邦9A購02  ,0,0,0,0,0,0,0,0,0,28000,0,0,0,28000,0,28000,28000
06051P,嘉聯益國票97售04,0,0,0,0,0,0,0,0,0,28000,0,0,0,146000,118000,28000,28000
061080,華邦電兆豐9B購01,0,0,0,0,0,0,0,0,0,28000,0,0,0,28000,0,28000,28000
061358,世紀鋼元大9A購04,0,0,0,0,0,0,0,0,0,28000,0,0,0,108000,80000,28000,28000
06243P,亞光元富97售01  ,0,0,0,0,0,0,0,0,0,28000,0,0,0,52000,24000,28000,28000
061752,瑞昱台新9B購01  ,0,0,0,0,0,0,0,0,0,28000,0,0,0,48000,20000,28000,28000
062150,南六國票9B購01  ,0,0,0,0,0,0,0,0,0,28000,0,0,0,28000,0,28000,28000
062248,國巨元大9B購08  ,0,0,0,0,0,0,0,0,0,28000,0,0,0,36000,8000,28000,28000
062246,力山元大9B購02  ,0,0,0,0,0,0,0,0,0,28000,0,0,0,48000,20000,28000,28000
053176,矽力群益96購02  ,0,0,0,0,0,0,0,0,0,28000,0,0,0,39000,11000,28000,28000
054250,漢唐元大96購04  ,0,0,0,0,0,0,0,0,0,28000,0,0,0,125000,97000,28000,28000
056182,台光電統一97購03,0,0,0,0,0,0,0,0,0,28000,0,0,0,43000,15000,28000,28000
055935,創意群益97購02  ,0,0,0,0,0,0,0,0,0,28000,0,0,0,33000,5000,28000,28000
055958,台光電元大97購02,0,0,0,0,0,0,0,0,0,28000,0,0,0,138000,110000,28000,28000
057277,可成元大98購05  ,0,0,0,0,0,0,0,0,0,28000,0,0,0,48000,20000,28000,28000
057327,玉晶光群益9A購04,0,0,0,0,0,0,0,0,0,28000,0,0,0,34000,6000,28000,28000
058574,台積電群益99購03,0,0,0,0,0,0,0,0,0,28000,0,0,0,30000,2000,28000,28000
058359,瑞昱凱基99購01  ,0,0,0,0,0,0,0,0,0,28000,0,0,0,30000,2000,28000,28000
060007,鴻海群益99購04  ,0,0,0,0,0,0,0,0,0,28000,0,0,0,28000,0,28000,28000
07352P,台積電國票99售11,0,0,0,0,0,0,0,0,0,28000,0,0,0,120000,92000,28000,28000
2929,淘帝-KY         ,213000,183000,30000,0,0,0,0,0,0,-2000,0,0,0,0,2000,-2000,28000
3596,智易            ,404000,678100,-274100,0,0,0,304000,0,304000,-2000,12000,6000,6000,21000,29000,-8000,27900
062148,奇鋐國票9B購01  ,1000,0,1000,0,0,0,0,0,0,26000,0,0,0,27000,1000,26000,27000
061914,台光電中信9B購01,0,0,0,0,0,0,0,0,0,27000,0,0,0,48000,21000,27000,27000
061722,健策永豐9B購03  ,0,0,0,0,0,0,0,0,0,27000,0,0,0,77000,50000,27000,27000
06447P,上銀元大98售01  ,0,0,0,0,0,0,0,0,0,27000,0,0,0,53000,26000,27000,27000
062319,南六凱基9B購02  ,0,0,0,0,0,0,0,0,0,27000,0,0,0,71000,44000,27000,27000
062375,祥碩元大9B購03  ,0,0,0,0,0,0,0,0,0,27000,0,0,0,540000,513000,27000,27000
052590,祥碩永豐96購01  ,0,0,0,0,0,0,0,0,0,27000,0,0,0,129000,102000,27000,27000
056360,智邦元大98購01  ,0,0,0,0,0,0,0,0,0,27000,0,0,0,69000,42000,27000,27000
056821,日電貿永豐98購01,0,0,0,0,0,0,0,0,0,27000,0,0,0,64000,37000,27000,27000
058693,旭富國票9A購01  ,0,0,0,0,0,0,0,0,0,27000,0,0,0,51000,24000,27000,27000
056579,麗豐元大99購01  ,0,0,0,0,0,0,0,0,0,27000,0,0,0,202000,175000,27000,27000
059086,國巨元大99購18  ,0,0,0,0,0,0,0,0,0,27000,0,0,0,108000,81000,27000,27000
059087,台積電元大99購26,0,0,0,0,0,0,0,0,0,27000,0,0,0,27000,0,27000,27000
056394,晶豪科永豐98購01,0,0,0,0,0,0,0,0,0,27000,0,0,0,97000,70000,27000,27000
058940,聯發科中信9A購03,0,0,0,0,0,0,0,0,0,27000,0,0,0,31000,4000,27000,27000
057737,國巨富邦99購02  ,0,0,0,0,0,0,0,0,0,27000,0,0,0,27000,0,27000,27000
6541,泰福-KY         ,68000,43000,25000,0,0,0,0,0,0,2000,2000,0,2000,0,0,0,27000
9919,康那香          ,4000,8000,-4000,0,0,0,0,0,0,31000,100000,110000,-10000,294000,253000,41000,27000
2006,東和鋼鐵        ,165000,204000,-39000,0,0,0,280000,100000,180000,-114000,0,114000,-114000,0,0,0,27000
2882B,國泰金乙特      ,0,0,0,0,0,0,0,0,0,27000,58000,31000,27000,0,0,0,27000
06242P,大立光元富9A售02,0,0,0,0,0,0,0,0,0,26000,0,0,0,30000,4000,26000,26000
061950,日月光群益9B購01,0,0,0,0,0,0,0,0,0,26000,0,0,0,26000,0,26000,26000
06154P,超眾元大98售01  ,0,0,0,0,0,0,0,0,0,26000,0,0,0,26000,0,26000,26000
060602,京元電凱基9A購01,0,0,0,0,0,0,0,0,0,26000,0,0,0,164000,138000,26000,26000
052378,矽力元大96購01  ,0,0,0,0,0,0,0,0,0,26000,0,0,0,26000,0,26000,26000
00733,富邦臺灣中小    ,0,0,0,0,0,0,0,0,0,26000,0,0,0,226000,200000,26000,26000
056092,亞德客元富97購02,0,0,0,0,0,0,0,0,0,26000,0,0,0,90000,64000,26000,26000
054258,牧德元大97購01  ,0,0,0,0,0,0,0,0,0,26000,0,0,0,44000,18000,26000,26000
055381,茂林元大97購02  ,0,0,0,0,0,0,0,0,0,26000,0,0,0,77000,51000,26000,26000
055060,聯陽永豐97購01  ,0,0,0,0,0,0,0,0,0,26000,0,0,0,40000,14000,26000,26000
053834,卜蜂永豐96購01  ,0,0,0,0,0,0,0,0,0,26000,0,0,0,46000,20000,26000,26000
057804,為升元大98購01  ,40000,0,40000,0,0,0,0,0,0,-14000,0,0,0,275000,289000,-14000,26000
056526,力山凱基98購01  ,0,0,0,0,0,0,0,0,0,26000,0,0,0,47000,21000,26000,26000
058989,茂林凱基99購02  ,0,0,0,0,0,0,0,0,0,26000,0,0,0,26000,0,26000,26000
059036,可成群益9B購03  ,0,0,0,0,0,0,0,0,0,26000,0,0,0,27000,1000,26000,26000
05673P,台積電群益96售05,0,0,0,0,0,0,0,0,0,26000,0,0,0,186000,160000,26000,26000
058380,臺股指凱基99購15,0,0,0,0,0,0,0,0,0,26000,0,0,0,26000,0,26000,26000
1537,廣隆            ,48000,22000,26000,0,0,0,0,0,0,0,0,0,0,0,0,0,26000
07311P,台灣50元大99售09,0,0,0,0,0,0,0,0,0,26000,0,0,0,26000,0,26000,26000
06960P,國巨凱基99售08  ,0,0,0,0,0,0,0,0,0,26000,0,0,0,47000,21000,26000,26000
060618,玉晶光元大9A購02,0,0,0,0,0,0,0,0,0,25000,0,0,0,35000,10000,25000,25000
060404,台勝科國泰9B購01,0,0,0,0,0,0,0,0,0,25000,0,0,0,50000,25000,25000,25000
060328,可成群益9A購06  ,0,0,0,0,0,0,0,0,0,25000,0,0,0,26000,1000,25000,25000
061320,奇力新凱基9A購04,0,0,0,0,0,0,0,0,0,25000,0,0,0,30000,5000,25000,25000
061134,大成鋼統一9C購01,0,0,0,0,0,0,0,0,0,25000,0,0,0,55000,30000,25000,25000
062260,華新科元大9B購09,0,0,0,0,0,0,0,0,0,25000,0,0,0,25000,0,25000,25000
06690P,玉晶光群益9A售05,0,0,0,0,0,0,0,0,0,25000,0,0,0,26000,1000,25000,25000
06673P,大立光群益98售01,0,0,0,0,0,0,0,0,0,25000,0,0,0,57000,32000,25000,25000
054751,GIS凱基98購01   ,0,0,0,0,0,0,0,0,0,25000,0,0,0,31000,6000,25000,25000
054843,中環兆豐97購01  ,0,0,0,0,0,0,0,0,0,25000,0,0,0,125000,100000,25000,25000
054792,揚明光群益97購01,0,0,0,0,0,0,0,0,0,25000,0,0,0,25000,0,25000,25000
054385,矽創群益98購01  ,0,0,0,0,0,0,0,0,0,25000,0,0,0,25000,0,25000,25000
054021,義隆台新96購01  ,0,0,0,0,0,0,0,0,0,25000,0,0,0,30000,5000,25000,25000
053929,正文國票97購01  ,0,0,0,0,0,0,0,0,0,25000,0,0,0,25000,0,25000,25000
053891,欣興群益98購01  ,0,0,0,0,0,0,0,0,0,25000,0,0,0,25000,0,25000,25000
056124,華通國票98購02  ,0,0,0,0,0,0,0,0,0,25000,0,0,0,99000,74000,25000,25000
055894,欣興統一97購03  ,0,0,0,0,0,0,0,0,0,25000,0,0,0,40000,15000,25000,25000
059296,大立光元富99購06,0,0,0,0,0,0,0,0,0,25000,0,0,0,38000,13000,25000,25000
059315,鴻海元大99購30  ,0,0,0,0,0,0,0,0,0,25000,0,0,0,38000,13000,25000,25000
059491,國巨國票9A購05  ,0,0,0,0,0,0,0,0,0,25000,0,0,0,25000,0,25000,25000
059364,昇陽半永豐99購02,0,0,0,0,0,0,0,0,0,25000,0,0,0,25000,0,25000,25000
053298,SP黃豆凱基99購01,0,0,0,0,0,0,0,0,0,25000,0,0,0,131000,106000,25000,25000
048236,A50正2國票97購02,0,0,0,0,0,0,0,0,0,25000,0,0,0,40000,15000,25000,25000
049552,鴻海國泰96購01  ,0,0,0,0,0,0,0,0,0,25000,0,0,0,28000,3000,25000,25000
054439,健策台新96購03  ,0,0,0,0,0,0,0,0,0,25000,0,0,0,30000,5000,25000,25000
052633,國巨凱基96購05  ,0,0,0,0,0,0,0,0,0,25000,0,0,0,25000,0,25000,25000
052020,聯茂永豐95購02  ,0,0,0,0,0,0,0,0,0,25000,0,0,0,25000,0,25000,25000
051774,聯茂中信96購01  ,0,0,0,0,0,0,0,0,0,25000,0,0,0,27000,2000,25000,25000
056378,欣興元富98購01  ,0,0,0,0,0,0,0,0,0,25000,0,0,0,25000,0,25000,25000
059743,開發金元富99購01,0,0,0,0,0,0,0,0,0,25000,0,0,0,45000,20000,25000,25000
059818,鴻海凱基99購14  ,0,0,0,0,0,0,0,0,0,25000,0,0,0,25000,0,25000,25000
060136,T50反1國票9A購01,0,0,0,0,0,0,0,0,0,25000,0,0,0,25000,0,25000,25000
058636,亞光兆豐9A購01  ,0,0,0,0,0,0,0,0,0,25000,0,0,0,25000,0,25000,25000
057556,智易凱基99購01  ,0,0,0,0,0,0,0,0,0,25000,0,0,0,104000,79000,25000,25000
056707,鴻海富邦99購03  ,0,0,0,0,0,0,0,0,0,25000,0,0,0,25000,0,25000,25000
057370,可成元大98購07  ,0,0,0,0,0,0,0,0,0,25000,0,0,0,35000,10000,25000,25000
058031,旺宏永豐98購04  ,0,0,0,0,0,0,0,0,0,25000,0,0,0,25000,0,25000,25000
058077,超眾凱基98購02  ,0,0,0,0,0,0,0,0,0,25000,0,0,0,70000,45000,25000,25000
08674P,嘉晶元富07售02  ,0,0,0,0,0,0,0,0,0,25000,0,0,0,25000,0,25000,25000
062268,力山群益9B購01  ,0,0,0,0,0,0,0,0,0,24000,0,0,0,24000,0,24000,24000
062137,華新科群益9B購04,0,0,0,0,0,0,0,0,0,24000,0,0,0,84000,60000,24000,24000
060963,禾伸堂凱基9A購01,0,0,0,0,0,0,0,0,0,24000,0,0,0,94000,70000,24000,24000
061408,華新科國票9A購06,0,0,0,0,0,0,0,0,0,24000,0,0,0,24000,0,24000,24000
060289,京元電元大9A購01,0,0,0,0,0,0,0,0,0,24000,0,0,0,24000,0,24000,24000
060537,台灣50凱基9B購01,0,0,0,0,0,0,0,0,0,24000,0,0,0,28000,4000,24000,24000
053400,緯穎中信9A購01  ,0,0,0,0,0,0,0,0,0,24000,0,0,0,38000,14000,24000,24000
04831P,聯詠富邦96售01  ,0,0,0,0,0,0,0,0,0,24000,0,0,0,24000,0,24000,24000
059425,SGBR2X元大9A購02,0,0,0,0,0,0,0,0,0,24000,0,0,0,526000,502000,24000,24000
059287,華通元富99購03  ,0,0,0,0,0,0,0,0,0,24000,0,0,0,24000,0,24000,24000
053954,貿聯康和96購01  ,0,0,0,0,0,0,0,0,0,24000,0,0,0,24000,0,24000,24000
055066,佐登永豐97購01  ,0,0,0,0,0,0,0,0,0,24000,0,0,0,24000,0,24000,24000
055126,嘉澤兆豐97購01  ,0,0,0,0,0,0,0,0,0,24000,0,0,0,84000,60000,24000,24000
058025,聯茂國泰99購01  ,0,0,0,0,0,0,0,0,0,24000,0,0,0,29000,5000,24000,24000
059550,台灣50日盛99購02,0,0,0,0,0,0,0,0,0,24000,0,0,0,24000,0,24000,24000
05818P,大立光凱基96售14,0,0,0,0,0,0,0,0,0,24000,0,0,0,24000,0,24000,24000
058335,鴻海元富99購06  ,0,0,0,0,0,0,0,0,0,24000,0,0,0,24000,0,24000,24000
056583,昇陽半元大98購02,0,0,0,0,0,0,0,0,0,24000,0,0,0,26000,2000,24000,24000
060131,GIS永豐99購03   ,0,0,0,0,0,0,0,0,0,24000,0,0,0,94000,70000,24000,24000
060079,台郡台新99購03  ,0,0,0,0,0,0,0,0,0,24000,0,0,0,24000,0,24000,24000
060017,全新康和99購01  ,0,0,0,0,0,0,0,0,0,24000,0,0,0,24000,0,24000,24000
059956,玉山金康和99購01,0,0,0,0,0,0,0,0,0,24000,0,0,0,65000,41000,24000,24000
060344,聯發科統一01購01,0,0,0,0,0,0,0,0,0,24000,0,0,0,24000,0,24000,24000
056784,南亞科群益98購01,0,0,0,0,0,0,0,0,0,24000,0,0,0,24000,0,24000,24000
056256,聯茂元富97購03  ,0,0,0,0,0,0,0,0,0,24000,0,0,0,24000,0,24000,24000
07928P,國巨統一9B售09  ,0,0,0,0,0,0,0,0,0,24000,0,0,0,100000,76000,24000,24000
1707,葡萄王          ,138000,116000,22000,0,0,0,0,7000,-7000,9000,0,1000,-1000,11000,1000,10000,24000
07187P,臺股指台新99售10,0,0,0,0,0,0,0,0,0,24000,0,0,0,124000,100000,24000,24000
07233P,台灣50元大99售04,0,0,0,0,0,0,0,0,0,24000,0,0,0,34000,10000,24000,24000
06091P,華新科統一97售01,0,0,0,0,0,0,0,0,0,23000,0,0,0,143000,120000,23000,23000
061929,嘉澤凱基9B購01  ,0,0,0,0,0,0,0,0,0,23000,0,0,0,284000,261000,23000,23000
061972,華新元大9B購01  ,0,0,0,0,0,0,0,0,0,23000,0,0,0,23000,0,23000,23000
062369,創意元大9B購01  ,0,0,0,0,0,0,0,0,0,23000,0,0,0,23000,0,23000,23000
06398P,禾伸堂凱基97售02,0,0,0,0,0,0,0,0,0,23000,0,0,0,23000,0,23000,23000
06359P,上銀群益97售03  ,0,0,0,0,0,0,0,0,0,23000,0,0,0,35000,12000,23000,23000
059663,旭富元大9C購02  ,0,0,0,0,0,0,0,0,0,23000,0,0,0,23000,0,23000,23000
059694,創意永豐99購03  ,0,0,0,0,0,0,0,0,0,23000,0,0,0,95000,72000,23000,23000
056054,亞德客元大97購05,0,0,0,0,0,0,0,0,0,23000,0,0,0,40000,17000,23000,23000
05331P,上証2X國票96售01,0,0,0,0,0,0,0,0,0,23000,0,0,0,224000,201000,23000,23000
051536,玉晶光國票97購01,0,0,0,0,0,0,0,0,0,23000,0,0,0,75000,52000,23000,23000
052424,泰碩國票97購01  ,0,0,0,0,0,0,0,0,0,23000,0,0,0,56000,33000,23000,23000
060128,健策永豐99購06  ,0,0,0,0,0,0,0,0,0,23000,0,0,0,83000,60000,23000,23000
058626,瑞昱國票9A購01  ,0,0,0,0,0,0,0,0,0,23000,0,0,0,43000,20000,23000,23000
057481,技嘉元大98購04  ,0,0,0,0,0,0,0,0,0,23000,0,0,0,28000,5000,23000,23000
057872,旺宏元大99購06  ,0,0,0,0,0,0,0,0,0,23000,0,0,0,30000,7000,23000,23000
056398,南茂永豐98購01  ,0,0,0,0,0,0,0,0,0,23000,0,0,0,196000,173000,23000,23000
059178,臺股指凱基99購30,0,0,0,0,0,0,0,0,0,23000,0,0,0,65000,42000,23000,23000
057077,國巨統一98購06  ,0,0,0,0,0,0,0,0,0,23000,0,0,0,23000,0,23000,23000
07090P,台灣50凱基01售01,0,0,0,0,0,0,0,0,0,23000,0,0,0,40000,17000,23000,23000
07904P,聯發科群益9B售05,0,0,0,0,0,0,0,0,0,23000,0,0,0,25000,2000,23000,23000
06691P,臺股指群益9C售05,0,0,0,0,0,0,0,0,0,22000,0,0,0,32000,10000,22000,22000
06515P,國巨凱基98售06  ,0,0,0,0,0,0,0,0,0,22000,0,0,0,186000,164000,22000,22000
06545P,致茂元大98售01  ,0,0,0,0,0,0,0,0,0,22000,0,0,0,174000,152000,22000,22000
06751P,旺宏凱基98售10  ,0,0,0,0,0,0,0,0,0,22000,0,0,0,34000,12000,22000,22000
061660,禾伸堂永豐9A購01,0,0,0,0,0,0,0,0,0,22000,0,0,0,171000,149000,22000,22000
061901,柏文永豐9B購01  ,0,0,0,0,0,0,0,0,0,22000,0,0,0,40000,18000,22000,22000
060699,華新科國泰9B購03,0,0,0,0,0,0,0,0,0,22000,0,0,0,32000,10000,22000,22000
060785,國巨富邦9B購04  ,0,0,0,0,0,0,0,0,0,22000,0,0,0,92000,70000,22000,22000
060841,宏達電國票9B購01,0,0,0,0,0,0,0,0,0,22000,0,0,0,168000,146000,22000,22000
060871,台灣50中信01購03,0,0,0,0,0,0,0,0,0,22000,0,0,0,25000,3000,22000,22000
053428,中磊永豐96購02  ,0,0,0,0,0,0,0,0,0,22000,0,0,0,22000,0,22000,22000
043442,大立光台新01購01,0,0,0,0,0,0,0,0,0,22000,0,0,0,23000,1000,22000,22000
056004,南電永豐97購02  ,0,0,0,0,0,0,0,0,0,22000,0,0,0,23000,1000,22000,22000
059283,康友永豐99購02  ,0,0,0,0,0,0,0,0,0,22000,0,0,0,90000,68000,22000,22000
059397,T50反1元富99購05,0,0,0,0,0,0,0,0,0,22000,0,0,0,25000,3000,22000,22000
059146,貿聯國票9A購02  ,0,0,0,0,0,0,0,0,0,22000,0,0,0,26000,4000,22000,22000
058040,FBVIX元大98購01 ,0,0,0,0,0,0,0,0,0,22000,0,0,0,30000,8000,22000,22000
058078,景碩國票99購01  ,0,0,0,0,0,0,0,0,0,22000,0,0,0,22000,0,22000,22000
057896,嘉晶元富98購01  ,0,0,0,0,0,0,0,0,0,22000,0,0,0,32000,10000,22000,22000
056481,創意元大98購01  ,0,0,0,0,0,0,0,0,0,22000,0,0,0,110000,88000,22000,22000
057232,京元電凱基98購02,0,0,0,0,0,0,0,0,0,22000,0,0,0,22000,0,22000,22000
058694,鈺齊國票9A購02  ,0,0,0,0,0,0,0,0,0,22000,0,0,0,23000,1000,22000,22000
058792,鴻海元大99購18  ,0,0,0,0,0,0,0,0,0,22000,0,0,0,22000,0,22000,22000
060010,義隆群益99購02  ,0,0,0,0,0,0,0,0,0,22000,0,0,0,122000,100000,22000,22000
07668P,旺宏元大9A售10  ,0,0,0,0,0,0,0,0,0,22000,0,0,0,50000,28000,22000,22000
061478,奇鋐元大9A購01  ,0,0,0,0,0,0,0,0,0,21000,0,0,0,95000,74000,21000,21000
061865,力山元大9B購01  ,0,0,0,0,0,0,0,0,0,21000,0,0,0,127000,106000,21000,21000
062444,大立光元大9C購01,0,0,0,0,0,0,0,0,0,21000,0,0,0,21000,0,21000,21000
062445,大立光元大9C購02,0,0,0,0,0,0,0,0,0,21000,0,0,0,21000,0,21000,21000
056087,世芯統一97購01  ,0,0,0,0,0,0,0,0,0,21000,0,0,0,29000,8000,21000,21000
054910,信錦凱基97購01  ,0,0,0,0,0,0,0,0,0,21000,0,0,0,21000,0,21000,21000
055039,神達富邦99購01  ,0,0,0,0,0,0,0,0,0,21000,0,0,0,21000,0,21000,21000
055231,大毅國票98購02  ,0,0,0,0,0,0,0,0,0,21000,0,0,0,26000,5000,21000,21000
054334,超眾永豐96購04  ,0,0,0,0,0,0,0,0,0,21000,0,0,0,101000,80000,21000,21000
00731,FH富時高息低波  ,0,0,0,0,0,0,0,0,0,21000,0,0,0,232000,211000,21000,21000
00763U,街口道瓊銅      ,0,0,0,0,0,0,0,0,0,21000,0,0,0,24000,3000,21000,21000
052706,台虹國票97購01  ,0,0,0,0,0,0,0,0,0,21000,0,0,0,32000,11000,21000,21000
05470P,康控元大95售05  ,0,0,0,0,0,0,0,0,0,21000,0,0,0,21000,0,21000,21000
056276,同欣電國泰98購01,0,0,0,0,0,0,0,0,0,21000,0,0,0,21000,0,21000,21000
058387,國巨國票9A購03  ,0,0,0,0,0,0,0,0,0,21000,0,0,0,121000,100000,21000,21000
059027,神達台新99購02  ,0,0,0,0,0,0,0,0,0,21000,0,0,0,21000,0,21000,21000
05858P,矽力中信96售01  ,0,0,0,0,0,0,0,0,0,21000,0,0,0,21000,0,21000,21000
059120,致伸永豐99購01  ,0,0,0,0,0,0,0,0,0,21000,0,0,0,52000,31000,21000,21000
058480,新日興凱基9A購01,0,0,0,0,0,0,0,0,0,21000,0,0,0,82000,61000,21000,21000
057547,技嘉凱基99購01  ,0,0,0,0,0,0,0,0,0,21000,0,0,0,38000,17000,21000,21000
057167,台積電元大99購03,0,0,0,0,0,0,0,0,0,21000,0,0,0,21000,0,21000,21000
056905,欣興元大98購03  ,0,0,0,0,0,0,0,0,0,21000,0,0,0,51000,30000,21000,21000
057625,泰鼎國泰9A購01  ,0,0,0,0,0,0,0,0,0,21000,0,0,0,31000,10000,21000,21000
07731P,臺股指凱基9A售28,0,0,0,0,0,0,0,0,0,21000,0,0,0,165000,144000,21000,21000
07103P,南電元大99售04  ,0,0,0,0,0,0,0,0,0,21000,0,0,0,33000,12000,21000,21000
06914P,南茂元大98售03  ,0,0,0,0,0,0,0,0,0,21000,0,0,0,78000,57000,21000,21000
8033,雷虎            ,26000,5000,21000,0,0,0,0,0,0,0,0,0,0,0,0,0,21000
062434,華通元大9B購04  ,0,0,0,0,0,0,0,0,0,20000,0,0,0,22000,2000,20000,20000
06387P,緯穎永豐97售02  ,0,0,0,0,0,0,0,0,0,20000,0,0,0,20000,0,20000,20000
062331,大立光統一9B購10,0,0,0,0,0,0,0,0,0,20000,0,0,0,106000,86000,20000,20000
06865P,亞德客元大98售04,0,0,0,0,0,0,0,0,0,20000,0,0,0,20000,0,20000,20000
06475P,牧德永豐98售03  ,0,0,0,0,0,0,0,0,0,20000,0,0,0,20000,0,20000,20000
06479P,聯發科中信99售02,0,0,0,0,0,0,0,0,0,20000,0,0,0,20000,0,20000,20000
061839,華新科凱基05購04,0,0,0,0,0,0,0,0,0,20000,0,0,0,20000,0,20000,20000
061982,聯發科元大9B購03,0,0,0,0,0,0,0,0,0,20000,0,0,0,25000,5000,20000,20000
061978,旺宏元大9C購01  ,0,0,0,0,0,0,0,0,0,20000,0,0,0,126000,106000,20000,20000
062051,上銀統一9C購02  ,0,0,0,0,0,0,0,0,0,20000,0,0,0,23000,3000,20000,20000
062167,燿華永豐9B購01  ,0,0,0,0,0,0,0,0,0,20000,0,0,0,20000,0,20000,20000
062119,世紀鋼中信9B購01,0,0,0,0,0,0,0,0,0,20000,0,0,0,20000,0,20000,20000
06150P,奇力新元大97售06,0,0,0,0,0,0,0,0,0,20000,0,0,0,93000,73000,20000,20000
060921,中橡永豐9A購02  ,0,0,0,0,0,0,0,0,0,20000,0,0,0,20000,0,20000,20000
060928,明泰永豐9A購01  ,0,0,0,0,0,0,0,0,0,20000,0,0,0,20000,0,20000,20000
061176,聯發科凱基9A購14,0,0,0,0,0,0,0,0,0,20000,0,0,0,20000,0,20000,20000
061212,聯鈞元大9A購04  ,0,0,0,0,0,0,0,0,0,20000,0,0,0,58000,38000,20000,20000
060885,世紀鋼中信9A購01,0,0,0,0,0,0,0,0,0,20000,0,0,0,75000,55000,20000,20000
060850,康友國票9A購03  ,0,0,0,0,0,0,0,0,0,20000,0,0,0,80000,60000,20000,20000
060811,亞德客凱基9A購02,0,0,0,0,0,0,0,0,0,20000,0,0,0,20000,0,20000,20000
060805,國巨群益9A購06  ,0,0,0,0,0,0,0,0,0,20000,0,0,0,20000,0,20000,20000
060742,臺指反國票9B購02,0,0,0,0,0,0,0,0,0,20000,0,0,0,20000,0,20000,20000
06041P,全新永豐96售03  ,0,0,0,0,0,0,0,0,0,20000,0,0,0,20000,0,20000,20000
060446,A50正2元大9A購01,0,0,0,0,0,0,0,0,0,20000,0,0,0,20000,0,20000,20000
060485,華新科富邦9C購04,0,0,0,0,0,0,0,0,0,20000,0,0,0,40000,20000,20000,20000
060311,盟立永豐9A購01  ,0,0,0,0,0,0,0,0,0,20000,0,0,0,20000,0,20000,20000
060189,宏達電元富9B購03,0,0,0,0,0,0,0,0,0,20000,0,0,0,20000,0,20000,20000
054701,宏全永豐97購01  ,0,0,0,0,0,0,0,0,0,20000,0,0,0,20000,0,20000,20000
055659,百和元富97購01  ,0,0,0,0,0,0,0,0,0,20000,0,0,0,50000,30000,20000,20000
055565,祥碩凱基97購01  ,0,0,0,0,0,0,0,0,0,20000,0,0,0,29000,9000,20000,20000
055475,臻鼎凱基97購02  ,0,0,0,0,0,0,0,0,0,20000,0,0,0,50000,30000,20000,20000
055551,致茂凱基98購01  ,0,0,0,0,0,0,0,0,0,20000,0,0,0,50000,30000,20000,20000
052392,台表科群益96購02,0,0,0,0,0,0,0,0,0,20000,0,0,0,20000,0,20000,20000
052599,S&P反1元大96購01,0,0,0,0,0,0,0,0,0,20000,0,0,0,20000,0,20000,20000
052530,台郡元大96購04  ,0,0,0,0,0,0,0,0,0,20000,0,0,0,20000,0,20000,20000
052809,訊芯元大97購01  ,0,0,0,0,0,0,0,0,0,20000,0,0,0,50000,30000,20000,20000
052811,玉晶光台新96購03,0,0,0,0,0,0,0,0,0,20000,0,0,0,20000,0,20000,20000
052857,大成鋼凱基96購01,0,0,0,0,0,0,0,0,0,20000,0,0,0,20000,0,20000,20000
053437,啟碁日盛96購01  ,0,0,0,0,0,0,0,0,0,20000,0,0,0,20000,0,20000,20000
052216,康友元大96購01  ,0,0,0,0,0,0,0,0,0,20000,0,0,0,20000,0,20000,20000
052053,泰鼎凱基96購01  ,0,0,0,0,0,0,0,0,0,20000,0,0,0,20000,0,20000,20000
049892,國巨富邦96購01  ,0,0,0,0,0,0,0,0,0,20000,0,0,0,30000,10000,20000,20000
049922,禾伸堂元大95購01,0,0,0,0,0,0,0,0,0,20000,0,0,0,20000,0,20000,20000
0052,富邦科技        ,0,0,0,0,0,0,0,0,0,20000,0,0,0,128000,108000,20000,20000
050686,欣興兆豐96購01  ,0,0,0,0,0,0,0,0,0,20000,0,0,0,20000,0,20000,20000
050808,台達電凱基96購02,0,0,0,0,0,0,0,0,0,20000,0,0,0,60000,40000,20000,20000
050451,嘉晶元大95購01  ,0,0,0,0,0,0,0,0,0,20000,0,0,0,20000,0,20000,20000
03049X,元展46          ,0,0,0,0,0,0,0,0,0,20000,0,0,0,20000,0,20000,20000
046680,上証反群益95購01,0,0,0,0,0,0,0,0,0,20000,0,0,0,20000,0,20000,20000
046813,聯電凱基96購01  ,0,0,0,0,0,0,0,0,0,20000,0,0,0,20000,0,20000,20000
053132,國巨國票97購02  ,0,0,0,0,0,0,0,0,0,20000,0,0,0,30000,10000,20000,20000
045053,聯發科元富98購01,0,0,0,0,0,0,0,0,0,20000,0,0,0,214000,194000,20000,20000
048892,台郡元富97購01  ,0,0,0,0,0,0,0,0,0,20000,0,0,0,20000,0,20000,20000
048652,巨大元大96購01  ,0,0,0,0,0,0,0,0,0,20000,0,0,0,30000,10000,20000,20000
048599,和鑫國票96購01  ,0,0,0,0,0,0,0,0,0,20000,0,0,0,20000,0,20000,20000
051467,GIS富邦96購01   ,0,0,0,0,0,0,0,0,0,20000,0,0,0,20000,0,20000,20000
051320,燿華國票96購01  ,0,0,0,0,0,0,0,0,0,20000,0,0,0,20000,0,20000,20000
05320P,華通凱基96售03  ,0,0,0,0,0,0,0,0,0,20000,0,0,0,20000,0,20000,20000
052514,嘉澤凱基96購01  ,0,0,0,0,0,0,0,0,0,20000,0,0,0,21000,1000,20000,20000
053632,新唐兆豐96購01  ,0,0,0,0,0,0,0,0,0,20000,0,0,0,20000,0,20000,20000
053944,亞泥富邦97購01  ,0,0,0,0,0,0,0,0,0,20000,0,0,0,20000,0,20000,20000
054029,瀚宇博凱基96購02,0,0,0,0,0,0,0,0,0,20000,0,0,0,20000,0,20000,20000
055195,昇陽半元富97購02,0,0,0,0,0,0,0,0,0,20000,0,0,0,20000,0,20000,20000
055384,緯穎元大98購02  ,0,0,0,0,0,0,0,0,0,20000,0,0,0,20000,0,20000,20000
055713,國巨元大98購09  ,0,0,0,0,0,0,0,0,0,20000,0,0,0,24000,4000,20000,20000
055842,建準元大98購01  ,0,0,0,0,0,0,0,0,0,20000,0,0,0,88000,68000,20000,20000
055831,台達電元大97購01,0,0,0,0,0,0,0,0,0,20000,0,0,0,20000,0,20000,20000
056137,聯鈞元大9A購01  ,0,0,0,0,0,0,0,0,0,20000,0,0,0,20000,0,20000,20000
055951,大成鋼元大97購02,0,0,0,0,0,0,0,0,0,20000,0,0,0,20000,0,20000,20000
056164,聯茂凱基98購03  ,0,0,0,0,0,0,0,0,0,20000,0,0,0,21000,1000,20000,20000
056179,康友元富97購02  ,0,0,0,0,0,0,0,0,0,20000,0,0,0,30000,10000,20000,20000
05942P,奇力新凱基96售04,0,0,0,0,0,0,0,0,0,20000,0,0,0,20000,0,20000,20000
059502,台灣50台新9B購04,0,0,0,0,0,0,0,0,0,20000,0,0,0,20000,0,20000,20000
059535,玉山金凱基99購01,0,0,0,0,0,0,0,0,0,20000,0,0,0,23000,3000,20000,20000
05951P,台積電國票97售05,0,0,0,0,0,0,0,0,0,20000,0,0,0,20000,0,20000,20000
059291,華新科元富9B購01,0,0,0,0,0,0,0,0,0,20000,0,0,0,20000,0,20000,20000
059304,華新科兆豐99購06,0,0,0,0,0,0,0,0,0,20000,0,0,0,20000,0,20000,20000
059241,旺宏凱基99購07  ,0,0,0,0,0,0,0,0,0,20000,0,0,0,20000,0,20000,20000
056009,奇力新中信98購03,0,0,0,0,0,0,0,0,0,20000,0,0,0,20000,0,20000,20000
059660,華新科元大9A購04,0,0,0,0,0,0,0,0,0,20000,0,0,0,20000,0,20000,20000
057633,緯穎永豐98購02  ,0,0,0,0,0,0,0,0,0,20000,0,0,0,30000,10000,20000,20000
057657,國巨兆豐98購04  ,0,0,0,0,0,0,0,0,0,20000,0,0,0,30000,10000,20000,20000
058242,玉晶光元大9A購01,0,0,0,0,0,0,0,0,0,20000,0,0,0,20000,0,20000,20000
057918,旺宏凱基99購01  ,0,0,0,0,0,0,0,0,0,20000,0,0,0,20000,0,20000,20000
057902,嘉晶永豐98購02  ,0,0,0,0,0,0,0,0,0,20000,0,0,0,20000,0,20000,20000
057964,緯穎元大99購03  ,0,0,0,0,0,0,0,0,0,20000,0,0,0,30000,10000,20000,20000
057966,金融類元大98購01,0,0,0,0,0,0,0,0,0,20000,0,0,0,20000,0,20000,20000
056547,臻鼎凱基99購01  ,0,0,0,0,0,0,0,0,0,20000,0,0,0,20000,0,20000,20000
057788,嘉聯益國票99購01,0,0,0,0,0,0,0,0,0,20000,0,0,0,40000,20000,20000,20000
057893,亞德客元富98購03,0,0,0,0,0,0,0,0,0,20000,0,0,0,20000,0,20000,20000
057860,金寶凱基98購01  ,0,0,0,0,0,0,0,0,0,20000,0,0,0,20000,0,20000,20000
057825,和碩元大98購02  ,0,0,0,0,0,0,0,0,0,20000,0,0,0,20000,0,20000,20000
056900,可成元大98購02  ,0,0,0,0,0,0,0,0,0,20000,0,0,0,21000,1000,20000,20000
057225,華新凱基98購01  ,0,0,0,0,0,0,0,0,0,20000,0,0,0,25000,5000,20000,20000
058240,景碩元大99購04  ,0,0,0,0,0,0,0,0,0,20000,0,0,0,70000,50000,20000,20000
058072,大立光凱基98購20,0,0,0,0,0,0,0,0,0,20000,0,0,0,20000,0,20000,20000
058868,元油2X國票99購06,0,0,0,0,0,0,0,0,0,20000,0,0,0,20000,0,20000,20000
056448,全新凱基99購01  ,0,0,0,0,0,0,0,0,0,20000,0,0,0,40000,20000,20000,20000
058942,南茂中信99購01  ,0,0,0,0,0,0,0,0,0,20000,0,0,0,20000,0,20000,20000
057012,康控中信98購01  ,0,0,0,0,0,0,0,0,0,20000,0,0,0,20000,0,20000,20000
058091,欣興元大99購03  ,0,0,0,0,0,0,0,0,0,20000,0,0,0,30000,10000,20000,20000
058113,百和元富98購01  ,0,0,0,0,0,0,0,0,0,20000,0,0,0,20000,0,20000,20000
058343,台積電群益99購02,0,0,0,0,0,0,0,0,0,20000,0,0,0,130000,110000,20000,20000
057594,宏達電兆豐99購01,0,0,0,0,0,0,0,0,0,20000,0,0,0,20000,0,20000,20000
058450,旺宏永豐99購01  ,0,0,0,0,0,0,0,0,0,20000,0,0,0,20000,0,20000,20000
059115,美食永豐99購01  ,0,0,0,0,0,0,0,0,0,20000,0,0,0,21000,1000,20000,20000
059037,宏達電群益99購02,0,0,0,0,0,0,0,0,0,20000,0,0,0,118000,98000,20000,20000
059007,南電元大99購05  ,0,0,0,0,0,0,0,0,0,20000,0,0,0,20000,0,20000,20000
056330,玉晶光國票99購03,0,0,0,0,0,0,0,0,0,20000,0,0,0,20000,0,20000,20000
059788,華新科元大9A購05,0,0,0,0,0,0,0,0,0,20000,0,0,0,24000,4000,20000,20000
060097,華新科元大99購23,0,0,0,0,0,0,0,0,0,20000,0,0,0,20000,0,20000,20000
059911,國巨元大99購27  ,0,0,0,0,0,0,0,0,0,20000,0,0,0,44000,24000,20000,20000
059915,聯發科元大99購32,0,0,0,0,0,0,0,0,0,20000,0,0,0,20000,0,20000,20000
059898,T50反1元大99購15,0,0,0,0,0,0,0,0,0,20000,0,0,0,20000,0,20000,20000
059881,臺股指凱基99購46,0,0,0,0,0,0,0,0,0,20000,0,0,0,35000,15000,20000,20000
06937P,GIS元大98售03   ,0,0,0,0,0,0,0,0,0,20000,0,0,0,20000,0,20000,20000
07123P,鴻海元大99售23  ,0,0,0,0,0,0,0,0,0,20000,0,0,0,20000,0,20000,20000
07294P,滬深2X元富9C售08,0,0,0,0,0,0,0,0,0,20000,0,0,0,20000,0,20000,20000
07766P,美律群益9A售03  ,0,0,0,0,0,0,0,0,0,20000,0,0,0,20000,0,20000,20000
060457,中橡元大9A購02  ,0,0,0,0,0,0,0,0,0,19000,0,0,0,60000,41000,19000,19000
060650,奇力新中信9A購01,0,0,0,0,0,0,0,0,0,19000,0,0,0,115000,96000,19000,19000
060991,京鼎元大9A購01  ,0,0,0,0,0,0,0,0,0,19000,0,0,0,69000,50000,19000,19000
061531,奇鋐台新9A購01  ,0,0,0,0,0,0,0,0,0,19000,0,0,0,19000,0,19000,19000
061326,新日興凱基9B購01,0,0,0,0,0,0,0,0,0,19000,0,0,0,25000,6000,19000,19000
062121,奇鋐台新9B購01  ,0,0,0,0,0,0,0,0,0,19000,0,0,0,20000,1000,19000,19000
062181,義隆元大9B購03  ,0,0,0,0,0,0,0,0,0,19000,0,0,0,31000,12000,19000,19000
061876,明泰元大9B購01  ,0,0,0,0,0,0,0,0,0,19000,0,0,0,22000,3000,19000,19000
061772,健策元大9B購06  ,0,0,0,0,0,0,0,0,0,19000,0,0,0,47000,28000,19000,19000
061730,旺宏統一01購02  ,0,0,0,0,0,0,0,0,0,19000,0,0,0,20000,1000,19000,19000
06602P,國巨統一99售02  ,0,0,0,0,0,0,0,0,0,19000,0,0,0,270000,251000,19000,19000
06885P,國巨國票99售06  ,0,0,0,0,0,0,0,0,0,19000,0,0,0,220000,201000,19000,19000
062257,聯發科元大9B購09,0,0,0,0,0,0,0,0,0,19000,0,0,0,20000,1000,19000,19000
062354,台達電元大9B購01,0,0,0,0,0,0,0,0,0,19000,0,0,0,30000,11000,19000,19000
056133,可成元大97購05  ,0,0,0,0,0,0,0,0,0,19000,0,0,0,70000,51000,19000,19000
055414,奇力新富邦9B購01,0,0,0,0,0,0,0,0,0,19000,0,0,0,19000,0,19000,19000
055173,瑞昱統一97購01  ,0,0,0,0,0,0,0,0,0,19000,0,0,0,20000,1000,19000,19000
054140,智易元大97購03  ,0,0,0,0,0,0,0,0,0,19000,0,0,0,19000,0,19000,19000
053565,台光電富邦98購01,0,0,0,0,0,0,0,0,0,19000,0,0,0,45000,26000,19000,19000
053621,臺股指群益96購07,0,0,0,0,0,0,0,0,0,19000,0,0,0,25000,6000,19000,19000
055689,台郡凱基99購01  ,0,0,0,0,0,0,0,0,0,19000,0,0,0,44000,25000,19000,19000
053160,台表科元大96購03,0,0,0,0,0,0,0,0,0,19000,0,0,0,19000,0,19000,19000
048696,台達電國票96購01,0,0,0,0,0,0,0,0,0,19000,0,0,0,19000,0,19000,19000
05305P,華新科國泰97售01,0,0,0,0,0,0,0,0,0,19000,0,0,0,60000,41000,19000,19000
052986,聯發科元大97購05,0,0,0,0,0,0,0,0,0,19000,0,0,0,19000,0,19000,19000
052696,玉晶光麥證97購01,0,0,0,50000,24000,26000,0,0,0,19000,0,0,0,60000,41000,19000,19000
059887,華新科國票99購02,0,0,0,0,0,0,0,0,0,19000,0,0,0,19000,0,19000,19000
058985,可成凱基99購03  ,0,0,0,0,0,0,0,0,0,19000,0,0,0,19000,0,19000,19000
057150,貿聯國票99購02  ,0,0,0,0,0,0,0,0,0,19000,0,0,0,19000,0,19000,19000
05721P,全新群益98售02  ,0,0,0,0,0,0,0,0,0,19000,0,0,0,23000,4000,19000,19000
056865,樺漢群益98購01  ,0,0,0,0,0,0,0,0,0,19000,0,0,0,19000,0,19000,19000
07291P,臺股指凱基99售43,0,0,0,0,0,0,0,0,0,19000,0,0,0,19000,0,19000,19000
07385P,緯穎群益99售04  ,0,0,0,0,0,0,0,0,0,19000,0,0,0,126000,107000,19000,19000
07163P,臺股指群益99售14,0,0,0,0,0,0,0,0,0,19000,0,0,0,52000,33000,19000,19000
07082P,美律元大99售06  ,20000,0,20000,0,0,0,0,0,0,-1000,0,0,0,34000,35000,-1000,19000
06750P,聯發科元富02售03,0,0,0,0,0,0,0,0,0,18000,0,0,0,18000,0,18000,18000
06645P,上銀元大98售05  ,0,0,0,0,0,0,0,0,0,18000,0,0,0,115000,97000,18000,18000
061582,麗豐元大9A購01  ,0,0,0,0,0,0,0,0,0,18000,0,0,0,18000,0,18000,18000
062224,玉晶光統一9C購03,0,0,0,0,0,0,0,0,0,18000,0,0,0,35000,17000,18000,18000
062120,國巨台新9B購01  ,0,0,0,0,0,0,0,0,0,18000,0,0,0,28000,10000,18000,18000
062151,世紀鋼國票01購01,0,0,0,0,0,0,0,0,0,18000,0,0,0,18000,0,18000,18000
062071,華通元大9B購02  ,0,0,0,0,0,0,0,0,0,18000,0,0,0,28000,10000,18000,18000
061395,健策統一9C購02  ,0,0,0,0,0,0,0,0,0,18000,0,0,0,75000,57000,18000,18000
061364,國巨國票9A購09  ,0,0,0,0,0,0,0,0,0,18000,0,0,0,25000,7000,18000,18000
059978,國巨元大99購29  ,0,0,0,0,0,0,0,0,0,18000,0,0,0,20000,2000,18000,18000
060521,鴻海中信01購03  ,0,0,0,0,0,0,0,0,0,18000,0,0,0,39000,21000,18000,18000
060338,鴻海統一9C購02  ,0,0,0,0,0,0,0,0,0,18000,0,0,0,18000,0,18000,18000
053055,聯詠國票97購01  ,0,0,0,0,0,0,0,0,0,18000,0,0,0,295000,277000,18000,18000
053411,深中小國票9B購01,0,0,0,0,0,0,0,0,0,18000,0,0,0,25000,7000,18000,18000
054478,可成中信97購01  ,0,0,0,0,0,0,0,0,0,18000,0,0,0,20000,2000,18000,18000
050261,國巨元大95購04  ,0,0,0,0,0,0,0,0,0,18000,0,0,0,18000,0,18000,18000
053955,華通永豐96購04  ,0,0,0,0,0,0,0,0,0,18000,0,0,0,42000,24000,18000,18000
055138,大毅永豐97購02  ,0,0,0,0,0,0,0,0,0,18000,0,0,0,105000,87000,18000,18000
055695,大毅國票98購03  ,0,0,0,0,0,0,0,0,0,18000,0,0,0,41000,23000,18000,18000
054771,茂林國票98購02  ,0,0,0,0,0,0,0,0,0,18000,0,0,0,18000,0,18000,18000
057486,美律元大98購04  ,0,0,0,0,0,0,0,0,0,18000,0,0,0,68000,50000,18000,18000
05649P,矽創國票97售03  ,0,0,0,0,0,0,0,0,0,18000,0,0,0,30000,12000,18000,18000
058016,智邦凱基98購06  ,0,0,0,0,0,0,0,0,0,18000,0,0,0,18000,0,18000,18000
058573,鴻海群益9A購02  ,0,0,0,0,0,0,0,0,0,18000,0,0,0,89000,71000,18000,18000
058735,南茂永豐99購01  ,0,0,0,0,0,0,0,0,0,18000,0,0,0,20000,2000,18000,18000
060364,奇力新元富9A購01,0,0,0,0,0,0,0,0,0,18000,0,0,0,68000,50000,18000,18000
059957,中信金康和99購01,0,0,0,0,0,0,0,0,0,18000,0,0,0,18000,0,18000,18000
07131P,緯穎元大99售06  ,0,0,0,0,0,0,0,0,0,18000,0,0,0,38000,20000,18000,18000
07013P,玉晶光群益9A售06,0,0,0,0,0,0,0,0,0,18000,0,0,0,24000,6000,18000,18000
07181P,臺股指凱基99售23,0,0,0,0,0,0,0,0,0,18000,0,0,0,52000,34000,18000,18000
07752P,台灣50元大9C售33,0,0,0,0,0,0,0,0,0,18000,0,0,0,18000,0,18000,18000
07799P,南電國票9A售04  ,0,0,0,0,0,0,0,0,0,18000,0,0,0,18000,0,18000,18000
2436,偉詮電          ,130000,112000,18000,0,0,0,0,0,0,0,0,0,0,0,0,0,18000
8480,泰昇-KY         ,24000,6000,18000,0,0,0,0,0,0,0,0,0,0,0,0,0,18000
060232,友訊元大9C購01  ,0,0,0,0,0,0,0,0,0,17000,0,0,0,273000,256000,17000,17000
061504,祥碩國票9A購02  ,0,0,0,0,0,0,0,0,0,17000,0,0,0,17000,0,17000,17000
061055,康控群益9A購01  ,0,0,0,0,0,0,0,0,0,17000,0,0,0,118000,101000,17000,17000
061702,奇鋐國票9A購02  ,0,0,0,0,0,0,0,0,0,17000,0,0,0,17000,0,17000,17000
061852,大立光國票9B購02,0,0,0,0,0,0,0,0,0,17000,0,0,0,42000,25000,17000,17000
06517P,國巨凱基98售09  ,0,0,0,0,0,0,0,0,0,17000,0,0,0,157000,140000,17000,17000
062366,義隆元大9B購04  ,0,0,0,0,0,0,0,0,0,17000,0,0,0,17000,0,17000,17000
06342P,世芯統一98售01  ,0,0,0,0,0,0,0,0,0,17000,0,0,0,17000,0,17000,17000
056029,國巨麥證98購01  ,0,0,0,17000,0,17000,0,0,0,17000,0,0,0,17000,0,17000,17000
059485,台灣50兆豐99購02,0,0,0,0,0,0,0,0,0,17000,0,0,0,69000,52000,17000,17000
020008,元大特股高息N   ,0,0,0,0,0,0,0,0,0,17000,0,0,0,24000,7000,17000,17000
049064,T50反1凱基96購03,0,0,0,0,0,0,0,0,0,17000,0,0,0,17000,0,17000,17000
053304,可成凱基96購03  ,0,0,0,0,0,0,0,0,0,17000,0,0,0,47000,30000,17000,17000
052231,景碩凱基96購01  ,0,0,0,0,0,0,0,0,0,17000,0,0,0,62000,45000,17000,17000
052936,華通兆豐98購01  ,0,0,0,0,0,0,0,0,0,17000,0,0,0,28000,11000,17000,17000
056838,旺宏元富98購01  ,0,0,0,0,0,0,0,0,0,17000,0,0,0,20000,3000,17000,17000
056291,聯茂永豐97購03  ,0,0,0,0,0,0,0,0,0,17000,0,0,0,39000,22000,17000,17000
058682,聯發科凱基99購07,0,0,0,0,0,0,0,0,0,17000,0,0,0,17000,0,17000,17000
058579,聯發科群益99購04,0,0,0,0,0,0,0,0,0,17000,0,0,0,51000,34000,17000,17000
056565,欣興群益98購03  ,0,0,0,0,0,0,0,0,0,17000,0,0,0,17000,0,17000,17000
056578,智易元大99購02  ,0,0,0,0,0,0,0,0,0,17000,0,0,0,125000,108000,17000,17000
056669,貿聯國票99購01  ,0,0,0,0,0,0,0,0,0,17000,0,0,0,17000,0,17000,17000
057973,神達富邦9A購01  ,0,0,0,0,0,0,0,0,0,17000,0,0,0,20000,3000,17000,17000
057994,技嘉中信98購01  ,0,0,0,0,0,0,0,0,0,17000,0,0,0,23000,6000,17000,17000
057501,超眾群益98購04  ,0,0,0,0,0,0,0,0,0,17000,0,0,0,17000,0,17000,17000
058214,世芯群益9A購01  ,0,0,0,0,0,0,0,0,0,17000,0,0,0,254000,237000,17000,17000
057727,華邦電國泰9A購01,0,0,0,0,0,0,0,0,0,17000,0,0,0,133000,116000,17000,17000
2420,新巨            ,39000,22000,17000,0,0,0,0,0,0,0,0,0,0,0,0,0,17000
07708P,玉晶光元大9A售13,0,0,0,0,0,0,0,0,0,17000,0,0,0,29000,12000,17000,17000
07305P,T50正2群益99售02,0,0,0,0,0,0,0,0,0,17000,0,0,0,35000,18000,17000,17000
06454P,緯穎元大98售04  ,0,0,0,0,0,0,0,0,0,16000,0,0,0,32000,16000,16000,16000
062344,力山群益9B購02  ,0,0,0,0,0,0,0,0,0,16000,0,0,0,16000,0,16000,16000
061912,台積電中信05購05,0,0,0,0,0,0,0,0,0,16000,0,0,0,20000,4000,16000,16000
062031,臻鼎群益9B購01  ,0,0,0,0,0,0,0,0,0,16000,0,0,0,136000,120000,16000,16000
061948,美食群益9B購01  ,0,0,0,0,0,0,0,0,0,16000,0,0,0,64000,48000,16000,16000
061942,亞德客群益9B購01,0,0,0,0,0,0,0,0,0,16000,0,0,0,26000,10000,16000,16000
060254,世紀鋼元大9A購01,0,0,0,0,0,0,0,0,0,16000,0,0,0,19000,3000,16000,16000
060747,聯鈞國票9A購02  ,0,0,0,0,0,0,0,0,0,16000,0,0,0,16000,0,16000,16000
03647C,T50反1元富99牛02,0,0,0,0,0,0,0,0,0,16000,0,0,0,17000,1000,16000,16000
04633P,旺宏群益96售04  ,0,0,0,0,0,0,0,0,0,16000,0,0,0,102000,86000,16000,16000
059691,大立光永豐99購02,0,0,0,0,0,0,0,0,0,16000,0,0,0,16000,0,16000,16000
059311,元石油元大99購04,0,0,0,0,0,0,0,0,0,16000,0,0,0,51000,35000,16000,16000
053892,景碩群益96購02  ,0,0,0,0,0,0,0,0,0,16000,0,0,0,16000,0,16000,16000
057731,華擎國泰9A購02  ,0,0,0,0,0,0,0,0,0,16000,0,0,0,313000,297000,16000,16000
057308,同欣電兆豐99購01,0,0,0,0,0,0,0,0,0,16000,0,0,0,26000,10000,16000,16000
059180,祥碩元富9A購01  ,0,0,0,0,0,0,0,0,0,16000,0,0,0,16000,0,16000,16000
058920,SGBR2X元富99購06,0,0,0,0,0,0,0,0,0,16000,0,0,0,66000,50000,16000,16000
059209,華通元大99購08  ,0,0,0,0,0,0,0,0,0,16000,0,0,0,41000,25000,16000,16000
058650,台虹永豐9A購01  ,0,0,0,0,0,0,0,0,0,16000,0,0,0,16000,0,16000,16000
059765,嘉聯益永豐99購02,0,0,0,0,0,0,0,0,0,16000,0,0,0,32000,16000,16000,16000
059991,超眾元大9A購02  ,0,0,0,0,0,0,0,0,0,16000,0,0,0,31000,15000,16000,16000
059885,台積電國票99購12,0,0,0,0,0,0,0,0,0,16000,0,0,0,29000,13000,16000,16000
07178P,臺股指凱基99售20,0,0,0,0,0,0,0,0,0,16000,0,0,0,16000,0,16000,16000
1325,恆大            ,301000,117000,184000,0,0,0,0,0,0,-168000,41000,29000,12000,0,180000,-180000,16000
6230,超眾            ,218000,113000,105000,0,0,0,0,15000,-15000,-74000,1000,43000,-42000,12000,44000,-32000,16000
060792,信錦永豐9A購01  ,0,0,0,0,0,0,0,0,0,15000,0,0,0,15000,0,15000,15000
060765,世芯元大9A購01  ,0,0,0,0,0,0,0,0,0,15000,0,0,0,63000,48000,15000,15000
060559,世紀鋼凱基9C購01,0,0,0,0,0,0,0,0,0,15000,0,0,0,15000,0,15000,15000
060186,義隆元富9A購01  ,0,0,0,0,0,0,0,0,0,15000,0,0,0,45000,30000,15000,15000
059845,欣興富邦9A購02  ,0,0,0,0,0,0,0,0,0,15000,0,0,0,15000,0,15000,15000
060914,健策元大9A購03  ,0,0,0,0,0,0,0,0,0,15000,0,0,0,65000,50000,15000,15000
061144,玉晶光中信9B購02,0,0,0,0,0,0,0,0,0,15000,0,0,0,105000,90000,15000,15000
061139,玉晶光統一9C購02,0,0,0,0,0,0,0,0,0,15000,0,0,0,16000,1000,15000,15000
061513,華新科永豐9A購04,0,0,0,0,0,0,0,0,0,15000,0,0,0,15000,0,15000,15000
061546,大立光群益9A購05,0,0,0,0,0,0,0,0,0,15000,0,0,0,15000,0,15000,15000
061447,鴻海中信04購02  ,0,0,0,0,0,0,0,0,0,15000,0,0,0,133000,118000,15000,15000
061301,華新科永豐9A購03,0,0,0,0,0,0,0,0,0,15000,0,0,0,15000,0,15000,15000
061758,T50反1元大9B購02,0,0,0,0,0,0,0,0,0,15000,0,0,0,15000,0,15000,15000
061650,南電元大9A購07  ,0,0,0,0,0,0,0,0,0,15000,0,0,0,25000,10000,15000,15000
06516P,國巨凱基98售08  ,0,0,0,0,0,0,0,0,0,15000,0,0,0,237000,222000,15000,15000
06677P,牧德國票98售02  ,0,0,0,0,0,0,0,0,0,15000,0,0,0,75000,60000,15000,15000
053582,英業達元大97購01,0,0,0,0,0,0,0,0,0,15000,0,0,0,47000,32000,15000,15000
054163,燿華凱基97購02  ,0,0,0,0,0,0,0,0,0,15000,0,0,0,20000,5000,15000,15000
054186,高鐵永豐96購01  ,0,0,0,0,0,0,0,0,0,15000,0,0,0,15000,0,15000,15000
054323,旺宏台新96購02  ,0,0,0,0,0,0,0,0,0,15000,0,0,0,15000,0,15000,15000
054837,欣興第一97購01  ,0,0,0,0,0,0,0,0,0,15000,0,0,0,15000,0,15000,15000
05525P,奇力新群益96售02,0,0,0,0,0,0,0,0,0,15000,0,0,0,15000,0,15000,15000
059275,可成元大99購05  ,0,0,0,0,0,0,0,0,0,15000,0,0,0,17000,2000,15000,15000
059257,臺股指凱基99購35,0,0,0,0,0,0,0,0,0,15000,0,0,0,15000,0,15000,15000
059262,致茂中信01購01  ,0,0,0,0,0,0,0,0,0,15000,0,0,0,24000,9000,15000,15000
059212,鴻海元大99購28  ,0,0,0,0,0,0,0,0,0,15000,0,0,0,48000,33000,15000,15000
059531,華新科凱基9B購02,0,0,0,0,0,0,0,0,0,15000,0,0,0,15000,0,15000,15000
059392,臺股指凱基99購38,0,0,0,0,0,0,0,0,0,15000,0,0,0,40000,25000,15000,15000
056173,廣達元富97購01  ,0,0,0,0,0,0,0,0,0,15000,0,0,0,15000,0,15000,15000
056165,矽力凱基98購02  ,0,0,0,0,0,0,0,0,0,15000,0,0,0,161000,146000,15000,15000
055800,欣興永豐97購02  ,0,0,0,0,0,0,0,0,0,15000,0,0,0,15000,0,15000,15000
03618C,高股息凱基95牛01,0,0,0,0,0,0,0,0,0,15000,0,0,0,15000,0,15000,15000
051463,世芯國泰97購02  ,0,0,0,0,0,0,0,0,0,15000,0,0,0,15000,0,15000,15000
052970,美律群益96購01  ,0,0,0,0,0,0,0,0,0,15000,0,0,0,15000,0,15000,15000
053003,國巨永豐96購02  ,0,0,0,0,0,0,0,0,0,15000,0,0,0,15000,0,15000,15000
053018,旺宏元富96購02  ,0,0,0,0,0,0,0,0,0,15000,0,0,0,15000,0,15000,15000
052731,宏達電國泰98購01,0,0,0,0,0,0,0,0,0,15000,0,0,0,15000,0,15000,15000
054683,川湖永豐97購01  ,0,0,0,0,0,0,0,0,0,15000,0,0,0,15000,0,15000,15000
059860,台積電群益9A購02,0,0,0,0,0,0,0,0,0,15000,0,0,0,67000,52000,15000,15000
060386,台勝科凱基9B購01,0,0,0,0,0,0,0,0,0,15000,0,0,0,15000,0,15000,15000
059989,嘉晶元大9A購01  ,0,0,0,0,0,0,0,0,0,15000,0,0,0,68000,53000,15000,15000
060088,國巨元大99購30  ,0,0,0,0,0,0,0,0,0,15000,0,0,0,15000,0,15000,15000
056246,祥碩群益97購01  ,0,0,0,0,0,0,0,0,0,15000,0,0,0,15000,0,15000,15000
058590,南電中信9A購02  ,0,0,0,0,0,0,0,0,0,15000,0,0,0,30000,15000,15000,15000
058584,百和群益9A購01  ,0,0,0,0,0,0,0,0,0,15000,0,0,0,15000,0,15000,15000
058488,華擎國票9A購01  ,0,0,0,0,0,0,0,0,0,15000,0,0,0,60000,45000,15000,15000
057366,智邦元大98購08  ,0,0,0,0,0,0,0,0,0,15000,0,0,0,130000,115000,15000,15000
057376,新日興元大98購04,0,0,0,0,0,0,0,0,0,15000,0,0,0,83000,68000,15000,15000
058813,旺宏統一9B購04  ,0,0,0,0,0,0,0,0,0,15000,0,0,0,15000,0,15000,15000
057152,緯穎國票99購03  ,0,0,0,0,0,0,0,0,0,15000,0,0,0,15000,0,15000,15000
05764P,世紀鋼永豐96售03,0,0,0,0,0,0,0,0,0,15000,0,0,0,15000,0,15000,15000
8442,威宏-KY         ,16000,4000,12000,0,0,0,0,0,0,3000,3000,0,3000,0,0,0,15000
07893P,臺股指國票9B售03,0,0,0,0,0,0,0,0,0,15000,0,0,0,15000,0,15000,15000
07776P,國巨群益9B售02  ,0,0,0,0,0,0,0,0,0,15000,0,0,0,301000,286000,15000,15000
07574P,國巨元大9A售12  ,0,0,0,0,0,0,0,0,0,15000,0,0,0,215000,200000,15000,15000
07504P,聯詠元大9A售02  ,0,0,0,0,0,0,0,0,0,15000,0,0,0,15000,0,15000,15000
06630P,國巨群益98售08  ,0,0,0,0,0,0,0,0,0,14000,0,0,0,99000,85000,14000,14000
06730P,祥碩元大98售07  ,0,0,0,0,0,0,0,0,0,14000,0,0,0,186000,172000,14000,14000
061267,玉山金凱基9B購01,0,0,0,0,0,0,0,0,0,14000,0,0,0,15000,1000,14000,14000
061482,健策元大9C購01  ,0,0,0,0,0,0,0,0,0,14000,0,0,0,29000,15000,14000,14000
061078,台積電兆豐9A購01,0,0,0,0,0,0,0,0,0,14000,0,0,0,23000,9000,14000,14000
060748,臻鼎國票9A購01  ,0,0,0,0,0,0,0,0,0,14000,0,0,0,68000,54000,14000,14000
055531,華新科群益98購03,0,0,0,0,0,0,0,0,0,14000,0,0,0,117000,103000,14000,14000
055589,台光電元大98購04,0,0,0,0,0,0,0,0,0,14000,0,0,0,44000,30000,14000,14000
052130,國巨凱基9B購01  ,0,0,0,0,0,0,0,0,0,14000,0,0,0,84000,70000,14000,14000
053209,台積電凱基96購07,0,0,0,0,0,0,0,0,0,14000,0,0,0,15000,1000,14000,14000
053219,祥碩凱基96購01  ,0,0,0,0,0,0,0,0,0,14000,0,0,0,20000,6000,14000,14000
05946P,和碩中信96售01  ,0,0,0,0,0,0,0,0,0,14000,0,0,0,14000,0,14000,14000
059685,T50正2永豐99購02,0,0,0,0,0,0,0,0,0,14000,0,0,0,55000,41000,14000,14000
054363,世芯凱基97購01  ,0,0,0,0,0,0,0,0,0,14000,0,0,0,34000,20000,14000,14000
057799,世紀鋼兆豐98購01,0,0,0,0,0,0,0,0,0,14000,0,0,0,20000,6000,14000,14000
057776,京元電群益98購02,0,0,0,0,0,0,0,0,0,14000,0,0,0,14000,0,14000,14000
057718,旺宏元富02購02  ,0,0,0,0,0,0,0,0,0,14000,0,0,0,60000,46000,14000,14000
058187,泰碩永豐99購01  ,0,0,0,0,0,0,0,0,0,14000,0,0,0,60000,46000,14000,14000
057499,奇鋐群益98購01  ,0,0,0,0,0,0,0,0,0,14000,0,0,0,18000,4000,14000,14000
056459,茂林凱基99購01  ,0,0,0,0,0,0,0,0,0,14000,0,0,0,14000,0,14000,14000
057102,亞光中信9A購01  ,0,0,0,0,0,0,0,0,0,14000,0,0,0,14000,0,14000,14000
058738,FBVIX中信03購04 ,0,0,0,0,0,0,0,0,0,14000,0,0,0,24000,10000,14000,14000
07161P,臺股指群益99售12,0,0,0,0,0,0,0,0,0,14000,0,0,0,73000,59000,14000,14000
060791,聯茂富邦9A購02  ,0,0,0,0,0,0,0,0,0,13000,0,0,0,123000,110000,13000,13000
060873,道瓊反中信9C購01,0,0,0,0,0,0,0,0,0,13000,0,0,0,30000,17000,13000,13000
060867,智伸科永豐9A購01,0,0,0,0,0,0,0,0,0,13000,0,0,0,40000,27000,13000,13000
060543,鴻海凱基9B購02  ,0,0,0,0,0,0,0,0,0,13000,0,0,0,13000,0,13000,13000
060575,大立光中信9B購02,0,0,0,0,0,0,0,0,0,13000,0,0,0,15000,2000,13000,13000
059850,日電貿永豐99購01,0,0,0,0,0,0,0,0,0,13000,0,0,0,33000,20000,13000,13000
061146,台表科中信9A購02,0,260000,-260000,0,0,0,0,0,0,273000,0,0,0,453000,180000,273000,13000
060943,宏達電國票9B購02,0,0,0,0,0,0,0,0,0,13000,0,0,0,13000,0,13000,13000
061056,臺指反國票02購01,0,0,0,0,0,0,0,0,0,13000,0,0,0,20000,7000,13000,13000
061477,晶豪科元大9A購01,0,0,0,0,0,0,0,0,0,13000,0,0,0,209000,196000,13000,13000
061455,京元電凱基9B購01,0,0,0,0,0,0,0,0,0,13000,0,0,0,163000,150000,13000,13000
06763P,技嘉元大98售05  ,0,0,0,0,0,0,0,0,0,13000,0,0,0,73000,60000,13000,13000
062402,台勝科永豐9B購02,0,0,0,0,0,0,0,0,0,13000,0,0,0,18000,5000,13000,13000
061917,亞德客凱基9B購02,0,0,0,0,0,0,0,0,0,13000,0,0,0,13000,0,13000,13000
061964,台積電統一01購05,0,0,0,0,0,0,0,0,0,13000,0,0,0,15000,2000,13000,13000
062182,華新科元大9B購07,0,0,0,0,0,0,0,0,0,13000,0,0,0,13000,0,13000,13000
059219,旺宏元大99購12  ,0,0,0,0,0,0,0,0,0,13000,0,0,0,61000,48000,13000,13000
049584,台積電元大96購04,0,0,0,0,0,0,0,0,0,13000,0,0,0,13000,0,13000,13000
049004,聯發科中信96購01,0,0,0,0,0,0,0,0,0,13000,0,0,0,314000,301000,13000,13000
03039X,元展36          ,0,0,0,0,0,0,0,0,0,13000,0,0,0,28000,15000,13000,13000
051727,S&P反1國票97購01,0,0,0,0,0,0,0,0,0,13000,0,0,0,13000,0,13000,13000
054714,和鑫台新98購01  ,0,0,0,0,0,0,0,0,0,13000,0,0,0,13000,0,13000,13000
054716,緯穎康和97購01  ,0,0,0,0,0,0,0,0,0,13000,0,0,0,23000,10000,13000,13000
058622,國巨國票99購07  ,0,0,0,0,0,0,0,0,0,13000,0,0,0,162000,149000,13000,13000
059030,奇力新兆豐99購03,0,0,0,0,0,0,0,0,0,13000,0,0,0,218000,205000,13000,13000
058428,大立光元富99購02,0,0,0,0,0,0,0,0,0,13000,0,0,0,13000,0,13000,13000
059133,臺股指群益99購08,0,0,0,0,0,0,0,0,0,13000,0,0,0,26000,13000,13000,13000
060042,台積電群益99購12,0,0,0,0,0,0,0,0,0,13000,0,0,0,85000,72000,13000,13000
057496,佐登元大98購02  ,0,0,0,0,0,0,0,0,0,13000,0,0,0,13000,0,13000,13000
057846,神達永豐98購01  ,0,0,0,0,0,0,0,0,0,13000,0,0,0,27000,14000,13000,13000
057631,康控永豐98購02  ,0,0,0,0,0,0,0,0,0,13000,0,0,0,13000,0,13000,13000
07063P,臺股指元大9A售24,0,0,0,0,0,0,0,0,0,13000,0,0,0,15000,2000,13000,13000
06967P,台郡台新99售02  ,0,0,0,0,0,0,0,0,0,13000,0,0,0,33000,20000,13000,13000
062207,牧德國票9B購02  ,0,0,0,0,0,0,0,0,0,12000,0,0,0,119000,107000,12000,12000
062099,牧德永豐9B購01  ,0,0,0,0,0,0,0,0,0,12000,0,0,0,12000,0,12000,12000
062281,奇鋐群益9B購01  ,0,0,0,0,0,0,0,0,0,12000,0,0,0,17000,5000,12000,12000
06371P,茂林國票98售04  ,0,0,0,0,0,0,0,0,0,12000,0,0,0,42000,30000,12000,12000
061317,旺宏凱基9A購05  ,0,0,0,0,0,0,0,0,0,12000,0,0,0,46000,34000,12000,12000
060925,華新科永豐9A購01,0,0,0,0,0,0,0,0,0,12000,0,0,0,12000,0,12000,12000
060426,盛群永豐9A購01  ,0,0,0,0,0,0,0,0,0,12000,0,0,0,12000,0,12000,12000
060308,劍麟永豐9A購01  ,0,0,0,0,0,0,0,0,0,12000,0,0,0,12000,0,12000,12000
060563,智邦富邦9A購01  ,0,0,0,0,0,0,0,0,0,12000,0,0,0,16000,4000,12000,12000
060682,牧德元大9A購03  ,0,0,0,0,0,0,0,0,0,12000,0,0,0,75000,63000,12000,12000
060839,聯發科國票9A購02,0,0,0,0,0,0,0,0,0,12000,0,0,0,18000,6000,12000,12000
055510,GIS元大97購03   ,0,0,0,0,0,0,0,0,0,12000,0,0,0,88000,76000,12000,12000
054687,建準永豐97購02  ,0,0,0,0,0,0,0,0,0,12000,0,0,0,12000,0,12000,12000
052727,仁寶元富96購01  ,0,0,0,0,0,0,0,0,0,12000,0,0,0,362000,350000,12000,12000
03033X,元展30          ,0,0,0,0,0,0,0,0,0,12000,0,0,0,20000,8000,12000,12000
051508,元黃金中信97購01,0,0,0,0,0,0,0,0,0,12000,0,0,0,12000,0,12000,12000
059695,聯鈞永豐99購02  ,0,0,0,0,0,0,0,0,0,12000,0,0,0,12000,0,12000,12000
055889,鴻海統一97購05  ,0,0,0,0,0,0,0,0,0,12000,0,0,0,12000,0,12000,12000
056143,訊芯元大97購04  ,0,0,0,0,0,0,0,0,0,12000,0,0,0,12000,0,12000,12000
053642,瀚宇博永豐96購01,0,0,0,0,0,0,0,0,0,12000,0,0,0,12000,0,12000,12000
057178,可成元大98購03  ,0,0,0,0,0,0,0,0,0,12000,0,0,0,50000,38000,12000,12000
058952,南茂群益99購01  ,0,0,0,0,0,0,0,0,0,12000,0,0,0,110000,98000,12000,12000
058912,祥碩元大99購01  ,0,0,0,0,0,0,0,0,0,12000,0,0,0,200000,188000,12000,12000
05729P,臺股指凱基97售02,0,0,0,0,0,0,0,0,0,12000,0,0,0,97000,85000,12000,12000
056763,國巨元大99購02  ,0,0,0,0,0,0,0,0,0,12000,0,0,0,14000,2000,12000,12000
058997,鴻海元大99購21  ,0,0,0,0,0,0,0,0,0,12000,0,0,0,23000,11000,12000,12000
05830P,滬深2X元富99售03,0,0,0,0,0,0,0,0,0,12000,0,0,0,22000,10000,12000,12000
058557,健策第一01購01  ,0,0,0,0,0,0,0,0,0,12000,0,0,0,16000,4000,12000,12000
058685,TPK凱基99購01   ,0,0,0,0,0,0,0,0,0,12000,0,0,0,12000,0,12000,12000
058728,SP黃豆永豐99購01,0,0,0,0,0,0,0,0,0,12000,0,0,0,35000,23000,12000,12000
07428P,華新科國票9A售01,0,0,0,0,0,0,0,0,0,12000,0,0,0,36000,24000,12000,12000
2426,鼎元            ,123000,154000,-31000,0,0,0,0,0,0,43000,45000,2000,43000,0,0,0,12000
8499,鼎炫-KY         ,22000,13000,9000,0,0,0,0,0,0,3000,3000,0,3000,0,0,0,12000
6533,晶心科          ,49000,37000,12000,0,0,0,0,0,0,0,0,0,0,0,0,0,12000
060584,玉晶光元富9A購01,0,0,0,0,0,0,0,0,0,11000,0,0,0,56000,45000,11000,11000
060629,鴻海富邦9B購01  ,0,0,0,0,0,0,0,0,0,11000,0,0,0,11000,0,11000,11000
06096P,全新永豐97售02  ,0,0,0,0,0,0,0,0,0,11000,0,0,0,20000,9000,11000,11000
061240,華新科兆豐9A購01,0,0,0,0,0,0,0,0,0,11000,0,0,0,11000,0,11000,11000
061376,瑞昱永豐9A購02  ,0,0,0,0,0,0,0,0,0,11000,0,0,0,36000,25000,11000,11000
06137P,玉晶光永豐97售04,0,0,0,0,0,0,0,0,0,11000,0,0,0,116000,105000,11000,11000
062302,聯詠中信05購02  ,0,0,0,0,0,0,0,0,0,11000,0,0,0,11000,0,11000,11000
06743P,創意永豐98售03  ,0,0,0,0,0,0,0,0,0,11000,0,0,0,92000,81000,11000,11000
06862P,大立光凱基98售16,0,0,0,0,0,0,0,0,0,11000,0,0,0,11000,0,11000,11000
06613P,華新科富邦9A售03,0,0,0,0,0,0,0,0,0,11000,0,0,0,31000,20000,11000,11000
061956,和大統一01購01  ,0,0,0,0,0,0,0,0,0,11000,0,0,0,11000,0,11000,11000
061714,華新科凱基9A購15,0,0,0,0,0,0,0,0,0,11000,0,0,0,11000,0,11000,11000
061681,南電元大9A購08  ,0,0,0,0,0,0,0,0,0,11000,0,0,0,71000,60000,11000,11000
054768,泰碩國票99購02  ,0,0,0,0,0,0,0,0,0,11000,0,0,0,21000,10000,11000,11000
055794,聯發科國泰99購01,0,0,0,0,0,0,0,0,0,11000,0,0,0,11000,0,11000,11000
055858,聯茂元大97購03  ,0,0,0,0,0,0,0,0,0,11000,0,0,0,41000,30000,11000,11000
059543,可成亞東99購02  ,0,0,0,0,0,0,0,0,0,11000,0,0,0,11000,0,11000,11000
053198,亞德客日盛96購01,0,0,0,0,0,0,0,0,0,11000,0,0,0,12000,1000,11000,11000
044201,群創國票95購01  ,0,0,0,0,0,0,0,0,0,11000,0,0,0,11000,0,11000,11000
053436,聯茂日盛96購01  ,0,0,0,0,0,0,0,0,0,11000,0,0,0,21000,10000,11000,11000
05337P,臺股指國票95售06,0,0,0,0,0,0,0,0,0,11000,0,0,0,11000,0,11000,11000
055631,創意永豐98購01  ,0,0,0,0,0,0,0,0,0,11000,0,0,0,88000,77000,11000,11000
058739,喬山中信99購01  ,0,0,0,0,0,0,0,0,0,11000,0,0,0,21000,10000,11000,11000
058644,元黃金富邦03購01,0,0,0,0,0,0,0,0,0,11000,0,0,0,11000,0,11000,11000
058454,嘉晶永豐99購01  ,0,0,0,0,0,0,0,0,0,11000,0,0,0,54000,43000,11000,11000
057558,致新凱基98購01  ,0,0,0,0,0,0,0,0,0,11000,0,0,0,51000,40000,11000,11000
05633P,台表科群益96售04,0,0,0,0,0,0,0,0,0,11000,0,0,0,11000,0,11000,11000
059947,貿聯永豐99購03  ,0,0,0,0,0,0,0,0,0,11000,0,0,0,11000,0,11000,11000
060366,健策元富9A購01  ,0,0,0,0,0,0,0,0,0,11000,0,0,0,16000,5000,11000,11000
058106,神達統一98購02  ,0,0,0,0,0,0,0,0,0,11000,0,0,0,11000,0,11000,11000
057378,康友元大98購02  ,0,0,0,0,0,0,0,0,0,11000,0,0,0,80000,69000,11000,11000
057058,祥碩元大98購04  ,0,0,0,0,0,0,0,0,0,11000,0,0,0,11000,0,11000,11000
057179,可成元大98購04  ,0,0,0,0,0,0,0,0,0,11000,0,0,0,22000,11000,11000,11000
057265,聯詠兆豐98購01  ,0,0,0,0,0,0,0,0,0,11000,0,0,0,11000,0,11000,11000
057257,台泥兆豐99購01  ,0,0,0,0,0,0,0,0,0,11000,0,0,0,12000,1000,11000,11000
057684,聯茂日盛99購01  ,0,0,0,0,0,0,0,0,0,11000,0,0,0,11000,0,11000,11000
3032,偉訓            ,26000,17000,9000,0,0,0,0,0,0,2000,2000,0,2000,0,0,0,11000
2891B,中信金乙特      ,1000,0,1000,0,0,0,0,0,0,10000,10000,0,10000,0,0,0,11000
06997P,台灣50中信03售01,0,0,0,0,0,0,0,0,0,11000,0,0,0,11000,0,11000,11000
07142P,台灣50元大01售01,0,0,0,0,0,0,0,0,0,11000,0,0,0,11000,0,11000,11000
06168P,台表科國票97售06,0,0,0,0,0,0,0,0,0,10000,0,0,0,10000,0,10000,10000
061676,新光金元大9A購03,0,0,0,0,0,0,0,0,0,10000,0,0,0,10000,0,10000,10000
061732,智邦中信9B購01  ,0,0,0,0,0,0,0,0,0,10000,0,0,0,10000,0,10000,10000
061594,玉晶光永豐9A購08,0,0,0,0,0,0,0,0,0,10000,0,0,0,10000,0,10000,10000
061902,百和永豐9B購01  ,0,0,0,0,0,0,0,0,0,10000,0,0,0,10000,0,10000,10000
061898,茂林永豐9B購01  ,0,0,0,0,0,0,0,0,0,10000,0,0,0,10000,0,10000,10000
061838,華新科凱基05購03,0,0,0,0,0,0,0,0,0,10000,0,0,0,10000,0,10000,10000
061746,國巨統一9C購07  ,0,0,0,0,0,0,0,0,0,10000,0,0,0,10000,0,10000,10000
062038,鴻海凱基9B購05  ,0,0,0,0,0,0,0,0,0,10000,0,0,0,26000,16000,10000,10000
062077,聯發科元大9B購04,0,0,0,0,0,0,0,0,0,10000,0,0,0,11000,1000,10000,10000
062087,瑞祺元大9B購02  ,0,0,0,0,0,0,0,0,0,10000,0,0,0,25000,15000,10000,10000
06651P,華新科元大99售09,0,0,0,0,0,0,0,0,0,10000,0,0,0,10000,0,10000,10000
06549P,大立光元大98售11,0,0,0,0,0,0,0,0,0,10000,0,0,0,10000,0,10000,10000
06564P,國巨富邦9A售04  ,0,0,0,0,0,0,0,0,0,10000,0,0,0,10000,0,10000,10000
06572P,台積電永昌99售01,0,0,0,0,0,0,0,0,0,10000,0,0,0,10000,0,10000,10000
06495P,華新科亞東9A售01,0,0,0,0,0,0,0,0,0,10000,0,0,0,10000,0,10000,10000
06840P,臺股指統一98售04,0,0,0,0,0,0,0,0,0,10000,0,0,0,20000,10000,10000,10000
06812P,台灣50元富9C售01,0,0,0,0,0,0,0,0,0,10000,0,0,0,10000,0,10000,10000
062306,華通凱基9B購01  ,0,0,0,0,0,0,0,0,0,10000,0,0,0,10000,0,10000,10000
062314,玉晶光凱基9B購06,0,0,0,0,0,0,0,0,0,10000,0,0,0,30000,20000,10000,10000
062317,祥碩凱基9B購03  ,0,0,0,0,0,0,0,0,0,10000,0,0,0,109000,99000,10000,10000
062259,可成元大9B購03  ,0,0,0,0,0,0,0,0,0,10000,0,0,0,35000,25000,10000,10000
062345,和大群益9B購01  ,0,0,0,0,0,0,0,0,0,10000,0,0,0,10000,0,10000,10000
062353,亞德客元大9B購01,0,0,0,0,0,0,0,0,0,10000,0,0,0,13000,3000,10000,10000
06269P,群創凱基98售10  ,0,0,0,0,0,0,0,0,0,10000,0,0,0,10000,0,10000,10000
06382P,大毅元富97售02  ,0,0,0,0,0,0,0,0,0,10000,0,0,0,10000,0,10000,10000
061419,國巨元大9A購21  ,0,0,0,0,0,0,0,0,0,10000,0,0,0,10000,0,10000,10000
061354,瑞儀元大9A購01  ,0,10000,-10000,0,0,0,0,0,0,20000,0,0,0,212000,192000,20000,10000
061352,茂林元大9A購04  ,0,0,0,0,0,0,0,0,0,10000,0,0,0,60000,50000,10000,10000
061345,玉晶光元大9A購14,0,0,0,0,0,0,0,0,0,10000,0,0,0,10000,0,10000,10000
061245,晶技群益9A購01  ,0,0,0,0,0,0,0,0,0,10000,0,0,0,10000,0,10000,10000
061424,華新科元大9A購18,0,0,0,0,0,0,0,0,0,10000,0,0,0,10000,0,10000,10000
061576,華新科元大9A購21,0,0,0,0,0,0,0,0,0,10000,0,0,0,10000,0,10000,10000
061526,宏達電凱基9A購04,0,0,0,0,0,0,0,0,0,10000,0,0,0,10000,0,10000,10000
061237,晶技元大9A購01  ,0,0,0,0,0,0,0,0,0,10000,0,0,0,10000,0,10000,10000
061181,牧德凱基9A購01  ,0,0,0,0,0,0,0,0,0,10000,0,0,0,10000,0,10000,10000
061191,可成永豐9A購02  ,0,0,0,0,0,0,0,0,0,10000,0,0,0,22000,12000,10000,10000
061108,臻鼎元大9A購02  ,0,0,0,0,0,0,0,0,0,10000,0,0,0,15000,5000,10000,10000
060944,國泰金國票9A購01,0,0,0,0,0,0,0,0,0,10000,0,0,0,10000,0,10000,10000
061041,南電永豐9A購03  ,0,0,0,0,0,0,0,0,0,10000,0,0,0,10000,0,10000,10000
061027,儒鴻永豐9A購02  ,0,0,0,0,0,0,0,0,0,10000,0,0,0,10000,0,10000,10000
06100P,台積電日盛97售03,0,0,0,0,0,0,0,0,0,10000,0,0,0,50000,40000,10000,10000
060894,奇力新凱基9A購03,0,0,0,0,0,0,0,0,0,10000,0,0,0,10000,0,10000,10000
060803,台灣50群益9A購13,0,0,0,0,0,0,0,0,0,10000,0,0,0,10000,0,10000,10000
060202,康友元富9A購01  ,0,0,0,0,0,0,0,0,0,10000,0,0,0,40000,30000,10000,10000
060176,T50反1元富04購03,0,0,0,0,0,0,0,0,0,10000,0,0,0,10000,0,10000,10000
06017P,亞光凱基96售04  ,0,0,0,0,0,0,0,0,0,10000,0,0,0,20000,10000,10000,10000
060220,華新科凱基9A購08,0,0,0,0,0,0,0,0,0,10000,0,0,0,10000,0,10000,10000
060430,和潤永豐9A購01  ,0,0,0,0,0,0,0,0,0,10000,0,0,0,37000,27000,10000,10000
06032P,健策群益97售03  ,0,0,0,0,0,0,0,0,0,10000,0,0,0,10000,0,10000,10000
060486,中租富邦9A購01  ,0,0,0,0,0,0,0,0,0,10000,0,0,0,10000,0,10000,10000
055635,緯穎永豐97購01  ,0,0,0,0,0,0,0,0,0,10000,0,0,0,10000,0,10000,10000
05565P,鎧勝元大96售01  ,0,0,0,0,0,0,0,0,0,10000,0,0,0,10000,0,10000,10000
055579,健策統一9A購01  ,0,0,0,0,0,0,0,0,0,10000,0,0,0,53000,43000,10000,10000
055563,智易凱基97購02  ,0,0,0,0,0,0,0,0,0,10000,0,0,0,11000,1000,10000,10000
055512,聯詠兆豐97購01  ,0,0,0,0,0,0,0,0,0,10000,0,0,0,10000,0,10000,10000
052276,力成群益96購01  ,0,0,0,0,0,0,0,0,0,10000,0,0,0,10000,0,10000,10000
051926,聯電中信97購01  ,0,0,0,0,0,0,0,0,0,10000,0,0,0,10000,0,10000,10000
051927,國巨中信96購01  ,0,0,0,0,0,0,0,0,0,10000,0,0,0,10000,0,10000,10000
054516,國巨元大97購02  ,0,0,0,0,0,0,0,0,0,10000,0,0,0,10000,0,10000,10000
054523,GIS元大96購05   ,0,0,0,0,0,0,0,0,0,10000,0,0,0,10000,0,10000,10000
053385,聯詠元大96購02  ,0,0,0,0,0,0,0,0,0,10000,0,0,0,10000,0,10000,10000
052029,矽力群益95購02  ,0,0,0,0,0,0,0,0,0,10000,0,0,0,10000,0,10000,10000
052068,瑞儀兆豐96購01  ,0,0,0,0,0,0,0,0,0,10000,0,0,0,10000,0,10000,10000
053522,臺股指群益99購01,0,0,0,0,0,0,0,0,0,10000,0,0,0,10000,0,10000,10000
051672,玉晶光元大96購03,0,0,0,0,0,0,0,0,0,10000,0,0,0,10000,0,10000,10000
051805,元黃金凱基97購02,0,0,0,0,0,0,0,0,0,10000,0,0,0,10000,0,10000,10000
051798,國巨永豐95購03  ,0,0,0,0,0,0,0,0,0,10000,0,0,0,10000,0,10000,10000
052767,智伸科群益98購01,0,0,0,0,0,0,0,0,0,10000,0,0,0,10000,0,10000,10000
052787,國巨中信96購02  ,0,0,0,0,0,0,0,0,0,10000,0,0,0,10000,0,10000,10000
052538,和大統一95購02  ,0,0,0,0,0,0,0,0,0,10000,0,0,0,10000,0,10000,10000
052657,友達元富96購01  ,0,0,0,0,0,0,0,0,0,10000,0,0,0,10000,0,10000,10000
052617,景碩國泰98購01  ,0,0,0,0,0,0,0,0,0,10000,0,0,0,10000,0,10000,10000
053041,可成凱基96購02  ,0,0,0,0,0,0,0,0,0,10000,0,0,0,30000,20000,10000,10000
053042,大立光凱基97購03,0,0,0,0,0,0,0,0,0,10000,0,0,0,10000,0,10000,10000
052886,世紀鋼兆豐96購01,0,0,0,0,0,0,0,0,0,10000,0,0,0,10000,0,10000,10000
03670C,元油2X元富99牛01,0,0,0,0,0,0,0,0,0,10000,0,0,0,10000,0,10000,10000
053072,國巨台新97購01  ,0,0,0,0,0,0,0,0,0,10000,0,0,0,53000,43000,10000,10000
04962P,易華電凱基96售01,0,0,0,0,0,0,0,0,0,10000,0,0,0,10000,0,10000,10000
051323,康控國票96購01  ,0,0,0,0,0,0,0,0,0,10000,0,0,0,10000,0,10000,10000
051582,聯發科元大97購02,0,0,0,0,0,0,0,0,0,10000,0,0,0,10000,0,10000,10000
05326P,臺股指凱基95售10,0,0,0,0,0,0,0,0,0,10000,0,0,0,10000,0,10000,10000
051158,嘉晶富邦96購01  ,0,0,0,0,0,0,0,0,0,10000,0,0,0,10000,0,10000,10000
046629,群創統一98購01  ,0,0,0,0,0,0,0,0,0,10000,0,0,0,10000,0,10000,10000
04693P,超眾群益95售01  ,0,0,0,0,0,0,0,0,0,10000,0,0,0,10000,0,10000,10000
047298,聯茂元富96購01  ,0,0,0,0,0,0,0,0,0,10000,0,0,0,10000,0,10000,10000
050169,臺指反元大97購01,0,0,0,0,0,0,0,0,0,10000,0,0,0,10000,0,10000,10000
05024P,華通國票96售01  ,0,0,0,0,0,0,0,0,0,10000,0,0,0,10000,0,10000,10000
050496,鴻海富邦96購01  ,0,0,0,0,0,0,0,0,0,10000,0,0,0,10000,0,10000,10000
050603,致新國泰96購01  ,0,0,0,0,0,0,0,0,0,10000,0,0,0,10000,0,10000,10000
05060P,台達電富邦97售02,0,0,0,0,0,0,0,0,0,10000,0,0,0,10000,0,10000,10000
051075,智邦國泰97購01  ,0,0,0,0,0,0,0,0,0,10000,0,0,0,10000,0,10000,10000
00711B,FH彭博新興債    ,0,0,0,0,0,0,0,0,0,10000,0,0,0,112000,102000,10000,10000
059319,台光電元大99購04,0,0,0,0,0,0,0,0,0,10000,0,0,0,10000,0,10000,10000
059696,立積永豐99購03  ,0,0,0,0,0,0,0,0,0,10000,0,0,0,10000,0,10000,10000
059649,矽力凱基99購02  ,0,0,0,0,0,0,0,0,0,10000,0,0,0,20000,10000,10000,10000
059644,茂林凱基99購03  ,0,0,0,0,0,0,0,0,0,10000,0,0,0,10000,0,10000,10000
059223,大立光元大99購14,0,0,0,0,0,0,0,0,0,10000,0,0,0,10000,0,10000,10000
059298,大立光元富9C購02,0,0,0,0,0,0,0,0,0,10000,0,0,0,239000,229000,10000,10000
054996,聯陽元富97購01  ,0,0,0,0,0,0,0,0,0,10000,0,0,0,10000,0,10000,10000
055815,亞光國票99購01  ,0,0,0,0,0,0,0,0,0,10000,0,0,0,10000,0,10000,10000
055413,全新富邦98購01  ,0,0,0,0,0,0,0,0,0,10000,0,0,0,10000,0,10000,10000
055426,旺宏群益99購02  ,0,0,0,0,0,0,0,0,0,10000,0,0,0,20000,10000,10000,10000
055427,技嘉群益98購01  ,0,0,0,0,0,0,0,0,0,10000,0,0,0,10000,0,10000,10000
054894,GIS統一97購01   ,0,0,0,0,0,0,0,0,0,10000,0,0,0,10000,0,10000,10000
056097,訊芯元富97購02  ,0,0,0,0,0,0,0,0,0,10000,0,0,0,10000,0,10000,10000
056021,興富發群益97購01,0,0,0,0,0,0,0,0,0,10000,0,0,0,10000,0,10000,10000
056176,創意元富97購01  ,0,0,0,0,0,0,0,0,0,10000,0,0,0,10000,0,10000,10000
055911,可成凱基98購02  ,0,0,0,0,0,0,0,0,0,10000,0,0,0,10000,0,10000,10000
055971,矽力元大97購05  ,0,0,0,0,0,0,0,0,0,10000,0,0,0,10000,0,10000,10000
055973,亞德客統一97購01,0,0,0,0,0,0,0,0,0,10000,0,0,0,10000,0,10000,10000
055923,矽力凱基98購01  ,0,0,0,0,0,0,0,0,0,10000,0,0,0,30000,20000,10000,10000
055015,帆宣元富97購01  ,0,0,0,0,0,0,0,0,0,10000,0,0,0,10000,0,10000,10000
055044,信錦永豐97購01  ,0,0,0,0,0,0,0,0,0,10000,0,0,0,10000,0,10000,10000
055024,興勤國泰98購01  ,0,0,0,0,0,0,0,0,0,10000,0,0,0,10000,0,10000,10000
054790,禾伸堂群益98購01,0,0,0,0,0,0,0,0,0,10000,0,0,0,10000,0,10000,10000
053827,漢唐麥證9A購01  ,0,0,0,10000,0,10000,0,0,0,10000,0,0,0,10000,0,10000,10000
053774,台達電元大96購04,0,0,0,0,0,0,0,0,0,10000,0,0,0,10000,0,10000,10000
055297,啟碁元大97購01  ,0,0,0,0,0,0,0,0,0,10000,0,0,0,15000,5000,10000,10000
055146,華通元大98購04  ,0,0,0,0,0,0,0,0,0,10000,0,0,0,30000,20000,10000,10000
055169,光罩統一99購01  ,0,0,0,0,0,0,0,0,0,10000,0,0,0,10000,0,10000,10000
055163,訊芯元大98購01  ,0,0,0,0,0,0,0,0,0,10000,0,0,0,10000,0,10000,10000
053639,禾伸堂永豐96購01,0,0,0,0,0,0,0,0,0,10000,0,0,0,10000,0,10000,10000
053648,台積電凱基97購04,0,0,0,0,0,0,0,0,0,10000,0,0,0,10000,0,10000,10000
053653,京元電凱基96購02,0,0,0,0,0,0,0,0,0,10000,0,0,0,10000,0,10000,10000
054260,貿聯元大96購03  ,0,0,0,0,0,0,0,0,0,10000,0,0,0,10000,0,10000,10000
054263,聯茂元大96購02  ,0,0,0,0,0,0,0,0,0,10000,0,0,0,11000,1000,10000,10000
054382,康控群益96購03  ,0,0,0,0,0,0,0,0,0,10000,0,0,0,10000,0,10000,10000
053719,可成凱基96購08  ,0,0,0,0,0,0,0,0,0,10000,0,0,0,50000,40000,10000,10000
053579,華通元大97購01  ,0,0,0,0,0,0,0,0,0,10000,0,0,0,10000,0,10000,10000
053629,玉山金兆豐96購01,0,0,0,0,0,0,0,0,0,10000,0,0,0,10000,0,10000,10000
053588,聯發科元大97購07,0,0,0,0,0,0,0,0,0,10000,0,0,0,60000,50000,10000,10000
053916,漢唐國票97購04  ,0,0,0,0,0,0,0,0,0,10000,0,0,0,10000,0,10000,10000
057672,茂林元大98購02  ,0,0,0,0,0,0,0,0,0,10000,0,0,0,60000,50000,10000,10000
057673,臻鼎元大98購01  ,0,0,0,0,0,0,0,0,0,10000,0,0,0,10000,0,10000,10000
057629,泰碩永豐98購02  ,0,0,0,0,0,0,0,0,0,10000,0,0,0,10000,0,10000,10000
057988,鈺齊元富98購02  ,0,0,0,0,0,0,0,0,0,10000,0,0,0,10000,0,10000,10000
057881,SP黃豆群益9A購01,0,0,0,0,0,0,0,0,0,10000,0,0,0,10000,0,10000,10000
057889,致新群益99購01  ,0,0,0,0,0,0,0,0,0,10000,0,0,0,10000,0,10000,10000
056492,全新國泰9A購01  ,0,0,0,0,0,0,0,0,0,10000,0,0,0,10000,0,10000,10000
057770,亞德客群益98購01,0,0,0,0,0,0,0,0,0,10000,0,0,0,14000,4000,10000,10000
057263,可成兆豐99購01  ,0,0,0,0,0,0,0,0,0,10000,0,0,0,10000,0,10000,10000
057218,可成群益99購03  ,0,0,0,0,0,0,0,0,0,10000,0,0,0,10000,0,10000,10000
057197,立積台新98購01  ,0,0,0,0,0,0,0,0,0,10000,0,0,0,10000,0,10000,10000
057143,台郡兆豐98購01  ,0,0,0,0,0,0,0,0,0,10000,0,0,0,10000,0,10000,10000
056960,光罩永豐98購01  ,0,0,0,0,0,0,0,0,0,10000,0,0,0,222000,212000,10000,10000
057455,景碩國泰99購01  ,0,0,0,0,0,0,0,0,0,10000,0,0,0,10000,0,10000,10000
058183,國巨富邦9A購06  ,0,0,0,0,0,0,0,0,0,10000,0,0,0,10000,0,10000,10000
057711,台積電統一9A購03,0,0,0,0,0,0,0,0,0,10000,0,0,0,10000,0,10000,10000
057716,神達統一98購01  ,0,0,0,0,0,0,0,0,0,10000,0,0,0,10000,0,10000,10000
057691,健策凱基99購01  ,0,0,0,0,0,0,0,0,0,10000,0,0,0,10000,0,10000,10000
057057,立積元大9A購01  ,0,0,0,0,0,0,0,0,0,10000,0,0,0,29000,19000,10000,10000
057103,禾伸堂中信9A購01,0,0,0,0,0,0,0,0,0,10000,0,0,0,30000,20000,10000,10000
057116,鴻海日盛9A購01  ,0,0,0,0,0,0,0,0,0,10000,0,0,0,10000,0,10000,10000
056990,聯發科兆豐98購01,0,0,0,0,0,0,0,0,0,10000,0,0,0,10000,0,10000,10000
057388,奇鋐永豐98購02  ,0,0,0,0,0,0,0,0,0,10000,0,0,0,78000,68000,10000,10000
057423,台郡凱基98購06  ,0,0,0,0,0,0,0,0,0,10000,0,0,0,10000,0,10000,10000
058924,晶相光元富99購02,0,0,0,0,0,0,0,0,0,10000,0,0,0,10000,0,10000,10000
057296,智原永豐98購01  ,0,0,0,0,0,0,0,0,0,10000,0,0,0,10000,0,10000,10000
056468,鴻海元大98購07  ,0,0,0,0,0,0,0,0,0,10000,0,0,0,10000,0,10000,10000
056402,智易群益98購02  ,0,0,0,0,0,0,0,0,0,10000,0,0,0,10000,0,10000,10000
059573,健策凱基9A購02  ,0,0,0,0,0,0,0,0,0,10000,0,0,0,10000,0,10000,10000
058036,南電永豐98購01  ,0,0,0,0,0,0,0,0,0,10000,0,0,0,10000,0,10000,10000
059169,可成凱基99購04  ,0,0,0,0,0,0,0,0,0,10000,0,0,0,10000,0,10000,10000
059891,臺股指國票99購25,0,0,0,0,0,0,0,0,0,10000,0,0,0,10000,0,10000,10000
059967,聯發科凱基99購20,0,0,0,0,0,0,0,0,0,10000,0,0,0,10000,0,10000,10000
059954,華新科康和99購01,0,0,0,0,0,0,0,0,0,10000,0,0,0,30000,20000,10000,10000
06006P,欣興永豐96售04  ,0,0,0,0,0,0,0,0,0,10000,0,0,0,10000,0,10000,10000
060151,旺宏富邦9A購02  ,0,0,0,0,0,0,0,0,0,10000,0,0,0,10000,0,10000,10000
056367,祥碩元大98購01  ,0,0,0,0,0,0,0,0,0,10000,0,0,0,14000,4000,10000,10000
056804,T50反1統一9A購03,0,0,0,0,0,0,0,0,0,10000,0,0,0,10000,0,10000,10000
059748,聯發科台新99購03,0,0,0,0,0,0,0,0,0,10000,0,0,0,40000,30000,10000,10000
060352,滬深2X元富9A購02,0,0,0,0,0,0,0,0,0,10000,0,0,0,10000,0,10000,10000
060359,國巨元富9A購02  ,0,0,0,0,0,0,0,0,0,10000,0,0,0,10000,0,10000,10000
059834,友達國泰9B購01  ,0,0,0,0,0,0,0,0,0,10000,0,0,0,10000,0,10000,10000
05660P,玉晶光第一96售01,0,0,0,0,0,0,0,0,0,10000,0,0,0,10000,0,10000,10000
056603,嘉聯益國泰9A購01,0,0,0,0,0,0,0,0,0,10000,0,0,0,97000,87000,10000,10000
056616,台光電永豐98購01,0,0,0,0,0,0,0,0,0,10000,0,0,0,10000,0,10000,10000
058657,大立光中信99購01,0,0,0,0,0,0,0,0,0,10000,0,0,0,10000,0,10000,10000
058688,矽創凱基9A購01  ,0,0,0,0,0,0,0,0,0,10000,0,0,0,10000,0,10000,10000
058289,奇鋐國票9A購01  ,0,0,0,0,0,0,0,0,0,10000,0,0,0,12000,2000,10000,10000
07176P,臺股指凱基99售18,0,0,0,0,0,0,0,0,0,10000,0,0,0,10000,0,10000,10000
07343P,高鐵康和99售01  ,0,0,0,0,0,0,0,0,0,10000,0,0,0,10000,0,10000,10000
07327P,台灣50群益9A售06,0,0,0,0,0,0,0,0,0,10000,0,0,0,10000,0,10000,10000
07359P,台積電元大99售45,0,0,0,0,0,0,0,0,0,10000,0,0,0,10000,0,10000,10000
07196P,大立光元大99售13,0,0,0,0,0,0,0,0,0,10000,0,0,0,10000,0,10000,10000
07493P,台灣50元大9A售10,0,0,0,0,0,0,0,0,0,10000,0,0,0,10000,0,10000,10000
07484P,台灣50凱基04售02,0,0,0,0,0,0,0,0,0,10000,0,0,0,10000,0,10000,10000
07489P,國巨國票9A售07  ,0,0,0,0,0,0,0,0,0,10000,0,0,0,46000,36000,10000,10000
07529P,國巨凱基9A售11  ,0,0,0,0,0,0,0,0,0,10000,0,0,0,20000,10000,10000,10000
07541P,國巨凱基9A售12  ,0,0,0,0,0,0,0,0,0,10000,0,0,0,10000,0,10000,10000
07619P,鴻海統一9A售03  ,0,0,0,0,0,0,0,0,0,10000,0,0,0,10000,0,10000,10000
07788P,華新科群益9A售08,0,0,0,0,0,0,0,0,0,10000,0,0,0,73000,63000,10000,10000
07798P,同欣電國票9A售01,0,0,0,0,0,0,0,0,0,10000,0,0,0,26000,16000,10000,10000
07768P,緯穎群益9A售02  ,0,0,0,0,0,0,0,0,0,10000,0,0,0,166000,156000,10000,10000
07897P,臺股指元大9B售17,0,0,0,0,0,0,0,0,0,10000,0,0,0,10000,0,10000,10000
07900P,臺股指凱基9B售03,0,0,0,0,0,0,0,0,0,10000,0,0,0,10000,0,10000,10000
3645,達邁            ,54000,44000,10000,0,0,0,0,0,0,0,0,0,0,0,0,0,10000
060260,京鼎凱基9C購01  ,0,0,0,0,0,0,0,0,0,9000,0,0,0,10000,1000,9000,9000
060605,大立光凱基9C購01,0,0,0,0,0,0,0,0,0,9000,0,0,0,9000,0,9000,9000
060685,康友元大9A購01  ,0,0,0,0,0,0,0,0,0,9000,0,0,0,22000,13000,9000,9000
061018,台積電國票9B購05,0,0,0,0,0,0,0,0,0,9000,0,0,0,9000,0,9000,9000
060966,台表科凱基9B購01,0,0,0,0,0,0,0,0,0,9000,0,0,0,326000,317000,9000,9000
061511,緯穎富邦9B購02  ,0,0,0,0,0,0,0,0,0,9000,0,0,0,247000,238000,9000,9000
061265,富邦金凱基9B購01,0,0,0,0,0,0,0,0,0,9000,0,0,0,12000,3000,9000,9000
061409,力成國票9A購02  ,0,0,0,0,0,0,0,0,0,9000,0,0,0,15000,6000,9000,9000
06140P,華新科群益97售06,0,0,0,0,0,0,0,0,0,9000,0,0,0,80000,71000,9000,9000
062265,南茂元大9B購01  ,0,0,0,0,0,0,0,0,0,9000,0,0,0,29000,20000,9000,9000
062320,南電凱基9B購03  ,0,0,0,0,0,0,0,0,0,9000,0,0,0,9000,0,9000,9000
061974,光寶科元大9B購01,0,0,0,0,0,0,0,0,0,9000,0,0,0,82000,73000,9000,9000
061989,晶技元大9B購04  ,0,0,0,0,0,0,0,0,0,9000,0,0,0,64000,55000,9000,9000
061821,祥碩群益9B購02  ,0,0,0,0,0,0,0,0,0,9000,0,0,0,133000,124000,9000,9000
053947,義隆富邦97購01  ,0,0,0,0,0,0,0,0,0,9000,0,0,0,44000,35000,9000,9000
055780,禾伸堂凱基99購01,0,0,0,0,0,0,0,0,0,9000,0,0,0,10000,1000,9000,9000
055888,鴻海統一97購04  ,0,0,0,0,0,0,0,0,0,9000,0,0,0,9000,0,9000,9000
055447,華新科統一97購04,0,0,0,0,0,0,0,0,0,9000,0,0,0,9000,0,9000,9000
057278,可成元大98購06  ,0,0,0,0,0,0,0,0,0,9000,0,0,0,139000,130000,9000,9000
059647,超眾凱基99購04  ,0,0,0,0,0,0,0,0,0,9000,0,0,0,10000,1000,9000,9000
059662,旭富元大9C購01  ,0,0,0,0,0,0,0,0,0,9000,0,0,0,104000,95000,9000,9000
059683,康控富邦9C購01  ,0,0,0,0,0,0,0,0,0,9000,0,0,0,10000,1000,9000,9000
059347,京鼎凱基99購02  ,0,0,0,0,0,0,0,0,0,9000,0,0,0,10000,1000,9000,9000
059373,滬深2X群益01購03,0,0,0,0,0,0,0,0,0,9000,0,0,0,9000,0,9000,9000
00651R,FH香港反1       ,89000,0,89000,0,0,0,0,0,0,-80000,0,0,0,141000,221000,-80000,9000
047673,瑞昱元富96購01  ,0,0,0,0,0,0,0,0,0,9000,0,0,0,94000,85000,9000,9000
051097,嘉聯益元大96購02,0,0,0,0,0,0,0,0,0,9000,0,0,0,9000,0,9000,9000
053320,華新科群益97購01,0,0,0,0,0,0,0,0,0,9000,0,0,0,10000,1000,9000,9000
049130,臺指反元大98購01,0,0,0,0,0,0,0,0,0,9000,0,0,0,9000,0,9000,9000
03686P,大立光統一98售02,0,0,0,0,0,0,0,0,0,9000,0,0,0,10000,1000,9000,9000
03677C,臺股指元大05牛02,0,0,0,0,0,0,0,0,0,9000,0,0,0,10000,1000,9000,9000
051886,道瓊反統一95購03,0,0,0,0,0,0,0,0,0,9000,0,0,0,9000,0,9000,9000
059016,晶相光元富99購03,0,0,0,0,0,0,0,0,0,9000,0,0,0,20000,11000,9000,9000
060077,台積電台新9B購01,0,0,0,0,0,0,0,0,0,9000,0,0,0,30000,21000,9000,9000
059200,京鼎永豐99購02  ,0,0,0,0,0,0,0,0,0,9000,0,0,0,11000,2000,9000,9000
059149,臺股指國票99購12,0,0,0,0,0,0,0,0,0,9000,0,0,0,11000,2000,9000,9000
058160,奇鋐元富99購01  ,0,0,0,0,0,0,0,0,0,9000,0,0,0,11000,2000,9000,9000
058951,南電群益99購01  ,0,0,0,0,0,0,0,0,0,9000,0,0,0,9000,0,9000,9000
058221,上銀統一99購04  ,0,0,0,0,0,0,0,0,0,9000,0,0,0,11000,2000,9000,9000
058181,華新科國泰9B購01,0,0,0,0,0,0,0,0,0,9000,0,0,0,17000,8000,9000,9000
057182,禾伸堂元大99購02,0,0,0,0,0,0,0,0,0,9000,0,0,0,9000,0,9000,9000
057815,信邦元大98購01  ,0,0,0,0,0,0,0,0,0,9000,0,0,0,25000,16000,9000,9000
057957,嘉晶元大98購01  ,0,0,0,0,0,0,0,0,0,9000,0,0,0,26000,17000,9000,9000
3311,閎暉            ,54000,44000,10000,0,0,0,0,0,0,-1000,0,1000,-1000,0,0,0,9000
07867P,晶技元大9B售01  ,0,0,0,0,0,0,0,0,0,9000,0,0,0,122000,113000,9000,9000
07545P,玉晶光凱基9A售07,0,0,0,0,0,0,0,0,0,9000,0,0,0,215000,206000,9000,9000
07195P,大立光元大99售12,0,0,0,0,0,0,0,0,0,9000,0,0,0,9000,0,9000,9000
07235P,T50正2元大9C售02,0,0,0,0,0,0,0,0,0,9000,0,0,0,13000,4000,9000,9000
07335P,臺股指國票99售20,0,0,0,0,0,0,0,0,0,9000,0,0,0,9000,0,9000,9000
062050,亞德客統一9C購01,0,0,0,0,0,0,0,0,0,8000,0,0,0,69000,61000,8000,8000
062253,燿華元大9B購02  ,0,0,0,0,0,0,0,0,0,8000,0,0,0,10000,2000,8000,8000
062485,華通國泰01購01  ,0,0,0,0,0,0,0,0,0,8000,0,0,0,19000,11000,8000,8000
06837P,上銀統一9A售02  ,0,0,0,0,0,0,0,0,0,8000,0,0,0,8000,0,8000,8000
061335,國巨元大9A購19  ,0,0,0,0,0,0,0,0,0,8000,0,0,0,65000,57000,8000,8000
060980,台積電元大9A購21,0,0,0,0,0,0,0,0,0,8000,0,0,0,8000,0,8000,8000
060964,日月光凱基9A購01,0,0,0,0,0,0,0,0,0,8000,0,0,0,8000,0,8000,8000
061004,友達兆豐9A購01  ,0,0,0,0,0,0,0,0,0,8000,0,0,0,78000,70000,8000,8000
061133,玉晶光第一9A購01,0,0,0,0,0,0,0,0,0,8000,0,0,0,25000,17000,8000,8000
060339,國巨統一01購01  ,0,0,0,0,0,0,0,0,0,8000,0,0,0,10000,2000,8000,8000
053033,智易兆豐97購01  ,0,0,0,0,0,0,0,0,0,8000,0,0,0,128000,120000,8000,8000
051827,智邦元大95購04  ,0,0,0,0,0,0,0,0,0,8000,0,0,0,8000,0,8000,8000
051640,GIS國票96購03   ,0,0,0,0,0,0,0,0,0,8000,0,0,0,8000,0,8000,8000
03679C,臺股指元大04牛04,0,0,0,0,0,0,0,0,0,8000,0,0,0,17000,9000,8000,8000
04928P,大立光凱基95售07,0,0,0,0,0,0,0,0,0,8000,0,0,0,8000,0,8000,8000
048745,儒鴻元富97購02  ,0,0,0,0,0,0,0,0,0,8000,0,0,0,8000,0,8000,8000
051281,健策兆豐96購01  ,0,0,0,0,0,0,0,0,0,8000,0,0,0,8000,0,8000,8000
051539,瀚宇博國票97購01,0,0,0,0,0,0,0,0,0,8000,0,0,0,28000,20000,8000,8000
051575,國巨元大96購03  ,0,0,0,0,0,0,0,0,0,8000,0,0,0,10000,2000,8000,8000
050333,鴻海國泰96購06  ,0,0,0,0,0,0,0,0,0,8000,0,0,0,8000,0,8000,8000
055738,玉山金元富97購01,0,0,0,0,0,0,0,0,0,8000,0,0,0,8000,0,8000,8000
054352,世芯國泰98購01  ,0,0,0,0,0,0,0,0,0,8000,0,0,0,58000,50000,8000,8000
05427P,聯發科凱基96售07,0,0,0,0,0,0,0,0,0,8000,0,0,0,8000,0,8000,8000
057832,聯發科元富02購05,0,0,0,0,0,0,0,0,0,8000,0,0,0,16000,8000,8000,8000
056512,易華電永豐98購01,0,0,0,0,0,0,0,0,0,8000,0,0,0,20000,12000,8000,8000
058175,旺宏凱基99購03  ,0,0,0,0,0,0,0,0,0,8000,0,0,0,8000,0,8000,8000
057452,新日興元富98購01,0,0,0,0,0,0,0,0,0,8000,0,0,0,8000,0,8000,8000
059172,台郡凱基99購03  ,0,0,0,0,0,0,0,0,0,8000,0,0,0,68000,60000,8000,8000
059174,訊芯凱基99購01  ,0,0,0,0,0,0,0,0,0,8000,0,0,0,35000,27000,8000,8000
060062,聯發科兆豐99購04,0,0,0,0,0,0,0,0,0,8000,0,0,0,8000,0,8000,8000
059953,聯發科康和99購01,0,0,0,0,0,0,0,0,0,8000,0,0,0,10000,2000,8000,8000
056766,義隆元大98購01  ,0,0,0,0,0,0,0,0,0,8000,0,0,0,10000,2000,8000,8000
056269,新日興統一98購01,0,0,0,0,0,0,0,0,0,8000,0,0,0,8000,0,8000,8000
056212,台光電國票98購03,0,0,0,0,0,0,0,0,0,8000,0,0,0,8000,0,8000,8000
059000,台積電元大99購25,0,0,0,0,0,0,0,0,0,8000,0,0,0,8000,0,8000,8000
056735,國巨凱基99購02  ,0,0,0,0,0,0,0,0,0,8000,0,0,0,15000,7000,8000,8000
056713,華擎永豐98購01  ,0,0,0,0,0,0,0,0,0,8000,0,0,0,124000,116000,8000,8000
07245P,台積電凱基99售16,0,0,0,0,0,0,0,0,0,8000,0,0,0,8000,0,8000,8000
07166P,台灣50兆豐03售01,0,0,0,0,0,0,0,0,0,8000,0,0,0,10000,2000,8000,8000
07068P,欣興台新99售01  ,0,0,0,0,0,0,0,0,0,8000,0,0,0,8000,0,8000,8000
07940P,國巨群益9B售06  ,0,0,0,0,0,0,0,0,0,8000,0,0,0,208000,200000,8000,8000
060312,潤泰全永豐9A購01,0,0,0,0,0,0,0,0,0,7000,0,0,0,10000,3000,7000,7000
060253,昇陽半元大9C購01,0,0,0,0,0,0,0,0,0,7000,0,0,0,10000,3000,7000,7000
060533,臺股指中信9B購05,0,0,0,0,0,0,0,0,0,7000,0,0,0,10000,3000,7000,7000
060459,鴻海元大9A購07  ,0,0,0,0,0,0,0,0,0,7000,0,0,0,7000,0,7000,7000
060565,大立光富邦01購01,0,0,0,0,0,0,0,0,0,7000,0,0,0,20000,13000,7000,7000
061122,敬鵬永豐9A購01  ,0,0,0,0,0,0,0,0,0,7000,0,0,0,68000,61000,7000,7000
061193,玉晶光永豐9B購02,0,0,0,0,0,0,0,0,0,7000,0,0,0,19000,12000,7000,7000
061241,晶技兆豐9A購01  ,0,0,0,0,0,0,0,0,0,7000,0,0,0,123000,116000,7000,7000
061012,國巨麥證9A購03  ,0,0,0,7000,0,7000,0,0,0,7000,0,0,0,7000,0,7000,7000
060929,健策永豐9A購01  ,0,0,0,0,0,0,0,0,0,7000,0,0,0,12000,5000,7000,7000
061277,智邦台新9A購01  ,0,0,0,0,0,0,0,0,0,7000,0,0,0,8000,1000,7000,7000
06461P,玉晶光國泰9A售01,0,0,0,0,0,0,0,0,0,7000,0,0,0,7000,0,7000,7000
062232,聯詠麥證9C購01  ,0,0,0,7000,0,7000,0,0,0,7000,0,0,0,7000,0,7000,7000
062196,聯發科中信01購02,0,0,0,0,0,0,0,0,0,7000,0,0,0,7000,0,7000,7000
061635,台積電元大9A購34,0,0,0,0,0,0,0,0,0,7000,0,0,0,52000,45000,7000,7000
053594,京鼎元大96購02  ,0,0,0,0,0,0,0,0,0,7000,0,0,0,7000,0,7000,7000
055014,達興元富97購01  ,0,0,0,0,0,0,0,0,0,7000,0,0,0,7000,0,7000,7000
055374,明泰元大97購01  ,0,0,0,0,0,0,0,0,0,7000,0,0,0,7000,0,7000,7000
055344,國巨凱基97購04  ,0,0,0,0,0,0,0,0,0,7000,0,0,0,10000,3000,7000,7000
059674,玉山金元富99購02,0,0,0,0,0,0,0,0,0,7000,0,0,0,7000,0,7000,7000
00689R,國泰20年美債反1 ,0,0,0,0,0,0,0,0,0,7000,0,0,0,107000,100000,7000,7000
03650C,T50反1元大98牛05,0,0,0,0,0,0,0,0,0,7000,0,0,0,7000,0,7000,7000
053092,台表科元大97購02,0,0,0,0,0,0,0,0,0,7000,0,0,0,110000,103000,7000,7000
053126,健策凱基97購02  ,0,0,0,0,0,0,0,0,0,7000,0,0,0,7000,0,7000,7000
052832,益航群益96購01  ,0,0,0,0,0,0,0,0,0,7000,0,0,0,7000,0,7000,7000
052687,國泰金元大96購03,0,0,0,0,0,0,0,0,0,7000,0,0,0,7000,0,7000,7000
057527,億光元大98購01  ,0,0,0,0,0,0,0,0,0,7000,0,0,0,17000,10000,7000,7000
057563,旭富國泰9A購01  ,0,0,0,0,0,0,0,0,0,7000,0,0,0,13000,6000,7000,7000
058484,元金2X國票04購01,0,0,0,0,0,0,0,0,0,7000,0,0,0,7000,0,7000,7000
058662,禾伸堂兆豐99購01,0,0,0,0,0,0,0,0,0,7000,0,0,0,22000,15000,7000,7000
056358,友訊元大99購01  ,0,0,0,0,0,0,0,0,0,7000,0,0,0,132000,125000,7000,7000
059756,奇力新富邦9C購01,0,0,0,0,0,0,0,0,0,7000,0,0,0,8000,1000,7000,7000
059910,鴻海元大99購37  ,0,0,0,0,0,0,0,0,0,7000,0,0,0,7000,0,7000,7000
060075,台積電元富99購05,0,0,0,0,0,0,0,0,0,7000,0,0,0,10000,3000,7000,7000
06007P,世芯永豐96售01  ,0,0,0,0,0,0,0,0,0,7000,0,0,0,7000,0,7000,7000
056440,智邦凱基98購03  ,0,0,0,0,0,0,0,0,0,7000,0,0,0,11000,4000,7000,7000
058957,貿聯國票9A購01  ,0,0,0,0,0,0,0,0,0,7000,0,0,0,45000,38000,7000,7000
057000,亞德客國票99購01,0,0,0,0,0,0,0,0,0,7000,0,0,0,53000,46000,7000,7000
058923,華新科元富99購06,0,0,0,0,0,0,0,0,0,7000,0,0,0,105000,98000,7000,7000
058239,景碩元大99購03  ,0,0,0,0,0,0,0,0,0,7000,0,0,0,57000,50000,7000,7000
057704,台虹群益98購03  ,0,0,0,0,0,0,0,0,0,7000,0,0,0,244000,237000,7000,7000
057738,旺宏富邦9A購01  ,0,0,0,0,0,0,0,0,0,7000,0,0,0,33000,26000,7000,7000
1101B,台泥乙特        ,0,0,0,0,0,0,0,0,0,7000,7000,0,7000,0,0,0,7000
06962P,華新科永豐99售01,0,0,0,0,0,0,0,0,0,7000,0,0,0,8000,1000,7000,7000
07226P,貿聯富邦9B售01  ,0,0,0,0,0,0,0,0,0,7000,0,0,0,7000,0,7000,7000
07192P,聯發科元大99售23,0,0,0,0,0,0,0,0,0,7000,0,0,0,7000,0,7000,7000
07638P,長榮航國票9A售01,0,0,0,0,0,0,0,0,0,7000,0,0,0,9000,2000,7000,7000
07655P,台灣50凱基01售09,0,0,0,0,0,0,0,0,0,7000,0,0,0,24000,17000,7000,7000
07472P,和碩元大9A售03  ,0,0,0,0,0,0,0,0,0,7000,0,0,0,8000,1000,7000,7000
07750P,台表科凱基9A售04,0,0,0,0,0,0,0,0,0,7000,0,0,0,7000,0,7000,7000
07692P,玉晶光元大9A售11,0,0,0,0,0,0,0,0,0,7000,0,0,0,7000,0,7000,7000
912000,晨訊科-DR       ,7000,0,7000,0,0,0,0,0,0,0,0,0,0,0,0,0,7000
061598,南電永豐9A購04  ,0,0,0,0,0,0,0,0,0,6000,0,0,0,6000,0,6000,6000
062191,台郡元大9B購05  ,0,0,0,0,0,0,0,0,0,6000,0,0,0,6000,0,6000,6000
062088,緯穎元大9B購04  ,0,0,0,0,0,0,0,0,0,6000,0,0,0,40000,34000,6000,6000
062089,矽創元大9B購02  ,0,0,0,0,0,0,0,0,0,6000,0,0,0,100000,94000,6000,6000
06631P,玉晶光群益9A售03,0,0,0,0,0,0,0,0,0,6000,0,0,0,16000,10000,6000,6000
06328P,台積電中信01售02,0,0,0,0,0,0,0,0,0,6000,0,0,0,6000,0,6000,6000
061512,國巨永豐9A購04  ,0,0,0,0,0,0,0,0,0,6000,0,0,0,6000,0,6000,6000
061470,鈺齊群益9A購02  ,0,0,0,0,0,0,0,0,0,6000,0,0,0,6000,0,6000,6000
060975,滬深2X元大01購02,0,0,0,0,0,0,0,0,0,6000,0,0,0,6000,0,6000,6000
06101P,聯發科日盛97售03,0,0,0,0,0,0,0,0,0,6000,0,0,0,6000,0,6000,6000
055530,聯發科群益98購01,166000,0,166000,0,0,0,0,0,0,-160000,0,0,0,10000,170000,-160000,6000
055612,台光電國票97購04,0,0,0,0,0,0,0,0,0,6000,0,0,0,6000,0,6000,6000
042501,台灣50凱基96購06,0,0,0,0,0,0,0,0,0,6000,0,0,0,6000,0,6000,6000
0053,元大電子        ,0,0,0,0,0,0,0,0,0,6000,0,0,0,14000,8000,6000,6000
0054,元大台商50      ,0,0,0,0,0,0,0,0,0,6000,0,0,0,7000,1000,6000,6000
050183,奇鋐元大96購01  ,0,0,0,0,0,0,0,0,0,6000,0,0,0,6000,0,6000,6000
051087,國巨元大97購01  ,0,0,0,0,0,0,0,0,0,6000,0,0,0,18000,12000,6000,6000
03035X,元展32          ,0,0,0,0,0,0,0,0,0,6000,0,0,0,6000,0,6000,6000
03029X,元展26          ,0,0,0,0,0,0,0,0,0,6000,0,0,0,6000,0,6000,6000
05497P,聯詠統一96售01  ,0,0,0,0,0,0,0,0,0,6000,0,0,0,6000,0,6000,6000
056132,台光電元大97購03,0,0,0,0,0,0,0,0,0,6000,0,0,0,36000,30000,6000,6000
055905,可成兆豐97購03  ,0,0,0,0,0,0,0,0,0,6000,0,0,0,16000,10000,6000,6000
055349,京元電凱基97購02,0,0,0,0,0,0,0,0,0,6000,0,0,0,7000,1000,6000,6000
055369,友訊元大97購01  ,0,0,0,0,0,0,0,0,0,6000,0,0,0,6000,0,6000,6000
055775,友達凱基9A購01  ,0,0,0,0,0,0,0,0,0,6000,0,0,0,11000,5000,6000,6000
055682,智原凱基98購02  ,0,0,0,0,0,0,0,0,0,6000,0,0,0,6000,0,6000,6000
053759,晶相光國泰98購01,0,0,0,0,0,0,0,0,0,6000,0,0,0,8000,2000,6000,6000
056538,國泰金凱基98購01,0,0,0,0,0,0,0,0,0,6000,0,0,0,6000,0,6000,6000
057607,旺宏台新98購02  ,0,0,0,0,0,0,0,0,0,6000,0,0,0,6000,0,6000,6000
058965,祥碩兆豐99購02  ,0,0,0,0,0,0,0,0,0,6000,0,0,0,40000,34000,6000,6000
05712P,友達統一97售03  ,0,0,0,0,0,0,0,0,0,6000,0,0,0,6000,0,6000,6000
059596,大立光元大99購20,0,0,0,0,0,0,0,0,0,6000,0,0,0,6000,0,6000,6000
058855,台積電兆豐99購02,0,0,0,0,0,0,0,0,0,6000,0,0,0,505000,499000,6000,6000
059816,聯電凱基99購03  ,0,0,0,0,0,0,0,0,0,6000,0,0,0,10000,4000,6000,6000
056383,上銀國泰99購01  ,0,0,0,0,0,0,0,0,0,6000,0,0,0,6000,0,6000,6000
058749,康控凱基99購03  ,0,0,0,0,0,0,0,0,0,6000,0,0,0,6000,0,6000,6000
058977,SGBR2X凱基03購01,0,0,0,0,0,0,0,0,0,6000,0,0,0,123000,117000,6000,6000
058458,牧德永豐9A購01  ,0,0,0,0,0,0,0,0,0,6000,0,0,0,10000,4000,6000,6000
056572,義隆元大99購01  ,0,0,0,0,0,0,0,0,0,6000,0,0,0,39000,33000,6000,6000
059129,麗豐中信99購01  ,0,0,0,0,0,0,0,0,0,6000,0,0,0,21000,15000,6000,6000
057555,玉晶光凱基9A購02,0,0,0,0,0,0,0,0,0,6000,0,0,0,6000,0,6000,6000
056681,鴻海統一98購09  ,0,0,0,0,0,0,0,0,0,6000,0,0,0,6000,0,6000,6000
3712,永崴投控        ,78000,72000,6000,0,0,0,0,0,0,0,0,0,0,0,0,0,6000
4571,鈞興-KY         ,6000,0,6000,0,0,0,0,0,0,0,0,0,0,0,0,0,6000
6184,大豐電          ,15000,9000,6000,0,0,0,0,0,0,0,0,0,0,0,0,0,6000
07455P,聯發科元大9A售01,0,0,0,0,0,0,0,0,0,6000,0,0,0,6000,0,6000,6000
07388P,臺股指群益9C售07,0,0,0,0,0,0,0,0,0,6000,0,0,0,9000,3000,6000,6000
06959P,鴻海凱基9A售02  ,0,0,0,0,0,0,0,0,0,6000,0,0,0,16000,10000,6000,6000
07978P,茂林群益9B售02  ,0,0,0,0,0,0,0,0,0,6000,0,0,0,6000,0,6000,6000
2816,旺旺保          ,128000,122000,6000,0,0,0,0,0,0,0,0,0,0,0,0,0,6000
061483,TPK元大9A購01   ,0,0,0,0,0,0,0,0,0,5000,0,0,0,5000,0,5000,5000
061248,健策群益9A購03  ,0,0,0,0,0,0,0,0,0,5000,0,0,0,5000,0,5000,5000
061389,華新科群益9B購01,0,0,0,0,0,0,0,0,0,5000,0,0,0,5000,0,5000,5000
061365,國巨國票9B購05  ,0,0,0,0,0,0,0,0,0,5000,0,0,0,12000,7000,5000,5000
060648,鴻海第一9A購01  ,0,0,0,0,0,0,0,0,0,5000,0,0,0,15000,10000,5000,5000
060672,鴻海元大9A購14  ,0,0,0,0,0,0,0,0,0,5000,0,0,0,5000,0,5000,5000
060655,國巨統一9B購06  ,0,0,0,0,0,0,0,0,0,5000,0,0,0,5000,0,5000,5000
060783,亞德客富邦9B購01,0,0,0,0,0,0,0,0,0,5000,0,0,0,10000,5000,5000,5000
060753,上銀元大9A購05  ,0,0,0,0,0,0,0,0,0,5000,0,0,0,10000,5000,5000,5000
060769,國巨麥證9A購02  ,0,0,0,5000,0,5000,0,0,0,5000,0,0,0,5000,0,5000,5000
060772,FBVIX凱基9A購03 ,0,0,0,0,0,0,0,0,0,5000,0,0,0,5000,0,5000,5000
06050P,玉晶光國票98售01,0,0,0,0,0,0,0,0,0,5000,0,0,0,5000,0,5000,5000
060335,明泰康和9A購01  ,0,0,0,0,0,0,0,0,0,5000,0,0,0,5000,0,5000,5000
060316,福懋科永豐9A購01,0,0,0,0,0,0,0,0,0,5000,0,0,0,5000,0,5000,5000
06427P,鴻海元大97售13  ,0,0,0,0,0,0,0,0,0,5000,0,0,0,141000,136000,5000,5000
06249P,億光統一97售02  ,0,0,0,0,0,0,0,0,0,5000,0,0,0,5000,0,5000,5000
062316,康控凱基9B購03  ,0,0,0,0,0,0,0,0,0,5000,0,0,0,18000,13000,5000,5000
06652P,長榮航元大98售01,0,0,0,0,0,0,0,0,0,5000,0,0,0,10000,5000,5000,5000
06661P,玉晶光永豐98售05,0,0,0,0,0,0,0,0,0,5000,0,0,0,15000,10000,5000,5000
06827P,臺股指國票98售03,0,0,0,0,0,0,0,0,0,5000,0,0,0,5000,0,5000,5000
06806P,臺股指群益98售12,0,0,0,0,0,0,0,0,0,5000,0,0,0,5000,0,5000,5000
06880P,鈺齊凱基98售03  ,0,0,0,0,0,0,0,0,0,5000,0,0,0,10000,5000,5000,5000
06877P,台積電兆豐98售04,0,0,0,0,0,0,0,0,0,5000,0,0,0,305000,300000,5000,5000
062144,華通國票9B購01  ,0,0,0,0,0,0,0,0,0,5000,0,0,0,5000,0,5000,5000
061725,國巨麥證9A購05  ,0,0,0,5000,0,5000,0,0,0,5000,0,0,0,5000,0,5000,5000
061776,晶技國票9B購01  ,0,0,0,0,0,0,0,0,0,5000,0,0,0,137000,132000,5000,5000
061857,康友國票9B購01  ,0,0,0,0,0,0,0,0,0,5000,0,0,0,34000,29000,5000,5000
053768,S&P反1元大99購01,0,0,0,0,0,0,0,0,0,5000,0,0,0,5000,0,5000,5000
054396,日電貿永豐96購02,0,0,0,0,0,0,0,0,0,5000,0,0,0,5000,0,5000,5000
054405,樺漢康和96購01  ,0,0,0,0,0,0,0,0,0,5000,0,0,0,5000,0,5000,5000
055715,智邦元大97購04  ,0,0,0,0,0,0,0,0,0,5000,0,0,0,5000,0,5000,5000
053792,百和元大96購01  ,0,0,0,0,0,0,0,0,0,5000,0,0,0,5000,0,5000,5000
055352,奇力新凱基97購01,0,0,0,0,0,0,0,0,0,5000,0,0,0,5000,0,5000,5000
055255,欣興統一97購02  ,0,0,0,0,0,0,0,0,0,5000,0,0,0,660000,655000,5000,5000
055158,亞光元大99購01  ,0,0,0,0,0,0,0,0,0,5000,0,0,0,5000,0,5000,5000
05521P,創意永豐96售01  ,0,0,0,0,0,0,0,0,0,5000,0,0,0,5000,0,5000,5000
054968,佐登元大97購01  ,0,0,0,0,0,0,0,0,0,5000,0,0,0,5000,0,5000,5000
055005,晶相光元富97購01,0,0,0,0,0,0,0,0,0,5000,0,0,0,5000,0,5000,5000
055832,台達電元大97購02,0,0,0,0,0,0,0,0,0,5000,0,0,0,5000,0,5000,5000
059473,T50反1群益99購03,0,0,0,0,0,0,0,0,0,5000,0,0,0,5000,0,5000,5000
059455,玉晶光永豐99購05,0,0,0,0,0,0,0,0,0,5000,0,0,0,5000,0,5000,5000
03422B,臺股指凱基96熊28,0,0,0,0,0,0,0,0,0,5000,0,0,0,5000,0,5000,5000
04768P,大立光國泰96售03,0,0,0,0,0,0,0,0,0,5000,0,0,0,5000,0,5000,5000
047418,智邦富邦97購01  ,0,0,0,0,0,0,0,0,0,5000,0,0,0,5000,0,5000,5000
046903,友達凱基99購01  ,0,0,0,0,0,0,0,0,0,5000,0,0,0,5000,0,5000,5000
050150,國巨群益95購01  ,0,0,0,0,0,0,0,0,0,5000,0,0,0,5000,0,5000,5000
049842,道瓊反中信98購01,0,0,0,0,0,0,0,0,0,5000,0,0,0,15000,10000,5000,5000
047773,超眾元大96購01  ,0,0,0,0,0,0,0,0,0,5000,0,0,0,5000,0,5000,5000
051602,南茂兆豐96購01  ,0,0,0,0,0,0,0,0,0,5000,0,0,0,5000,0,5000,5000
055617,TPK國票98購04   ,0,0,0,0,0,0,0,0,0,5000,0,0,0,58000,53000,5000,5000
05563P,台積電元大97售07,0,0,0,0,0,0,0,0,0,5000,0,0,0,10000,5000,5000,5000
054697,凌華永豐97購01  ,0,0,0,0,0,0,0,0,0,5000,0,0,0,5000,0,5000,5000
055545,國巨凱基97購06  ,0,0,0,0,0,0,0,0,0,5000,0,0,0,15000,10000,5000,5000
055519,茂林中信99購01  ,0,0,0,0,0,0,0,0,0,5000,0,0,0,20000,15000,5000,5000
055474,欣興凱基97購05  ,0,0,0,0,0,0,0,0,0,5000,0,0,0,10000,5000,5000,5000
055572,鴻海統一98購04  ,0,0,0,0,0,0,0,0,0,5000,0,0,0,9000,4000,5000,5000
052428,嘉晶永豐95購01  ,0,0,0,0,0,0,0,0,0,5000,0,0,0,5000,0,5000,5000
054571,楠梓電元大99購01,0,0,0,0,0,0,0,0,0,5000,0,0,0,5000,0,5000,5000
052763,晶技群益97購01  ,0,0,0,0,0,0,0,0,0,5000,0,0,0,5000,0,5000,5000
052829,上銀群益96購01  ,0,0,0,0,0,0,0,0,0,5000,0,0,0,5000,0,5000,5000
053024,國巨富邦97購02  ,0,0,0,0,0,0,0,0,0,5000,0,0,0,10000,5000,5000,5000
052925,日電貿永豐96購01,0,0,0,0,0,0,0,0,0,5000,0,0,0,5000,0,5000,5000
051705,富邦金群益97購01,0,0,0,0,0,0,0,0,0,5000,0,0,0,5000,0,5000,5000
051987,廣達元大95購01  ,0,0,0,0,0,0,0,0,0,5000,0,0,0,5000,0,5000,5000
052159,瑞昱永豐95購01  ,0,0,0,0,0,0,0,0,0,5000,0,0,0,5000,0,5000,5000
056737,國巨凱基9A購01  ,0,0,0,0,0,0,0,0,0,5000,0,0,0,5000,0,5000,5000
056678,力成元富98購01  ,0,0,0,0,0,0,0,0,0,5000,0,0,0,5000,0,5000,5000
057550,聯發科凱基02購01,0,0,0,0,0,0,0,0,0,5000,0,0,0,5000,0,5000,5000
059117,禾伸堂永豐99購01,0,0,0,0,0,0,0,0,0,5000,0,0,0,29000,24000,5000,5000
058478,聯發科凱基9A購01,0,0,0,0,0,0,0,0,0,5000,0,0,0,5000,0,5000,5000
058781,康友國票9A購01  ,0,0,0,0,0,0,0,0,0,5000,0,0,0,113000,108000,5000,5000
058684,健策凱基99購02  ,0,0,0,0,0,0,0,0,0,5000,0,0,0,5000,0,5000,5000
056299,友達元大9B購04  ,0,0,0,0,0,0,0,0,0,5000,0,0,0,15000,10000,5000,5000
060349,上証2X元富9A購04,0,0,0,0,0,0,0,0,0,5000,0,0,0,5000,0,5000,5000
059717,國巨元大99購21  ,0,0,0,0,0,0,0,0,0,5000,0,0,0,11000,6000,5000,5000
056771,嘉晶元大99購01  ,0,0,0,0,0,0,0,0,0,5000,0,0,0,42000,37000,5000,5000
059984,華新科元大99購21,0,0,0,0,0,0,0,0,0,5000,0,0,0,5000,0,5000,5000
059880,世紀鋼凱基99購02,0,0,0,0,0,0,0,0,0,5000,0,0,0,5000,0,5000,5000
059874,大立光凱基99購15,0,0,0,0,0,0,0,0,0,5000,0,0,0,10000,5000,5000,5000
060370,滬深2X元富04購01,0,0,0,0,0,0,0,0,0,5000,0,0,0,20000,15000,5000,5000
056426,上証2X凱基9A購01,0,0,0,0,0,0,0,0,0,5000,0,0,0,10000,5000,5000,5000
05646P,聯發科國票96售05,0,0,0,0,0,0,0,0,0,5000,0,0,0,5000,0,5000,5000
056457,嘉澤凱基98購01  ,0,0,0,0,0,0,0,0,0,5000,0,0,0,25000,20000,5000,5000
057279,國揚元大98購01  ,0,0,0,0,0,0,0,0,0,5000,0,0,0,15000,10000,5000,5000
058012,鈺齊國票99購01  ,0,0,0,0,0,0,0,0,0,5000,0,0,0,5000,0,5000,5000
058015,旺宏凱基99購02  ,0,0,0,0,0,0,0,0,0,5000,0,0,0,5000,0,5000,5000
057930,旺宏群益99購04  ,0,0,0,0,0,0,0,0,0,5000,0,0,0,11000,6000,5000,5000
057619,玉晶光凱基98購02,0,0,0,0,0,0,0,0,0,5000,0,0,0,30000,25000,5000,5000
056534,京元電凱基98購01,0,0,0,0,0,0,0,0,0,5000,0,0,0,11000,6000,5000,5000
056505,聯發科永豐98購01,0,0,0,0,0,0,0,0,0,5000,0,0,0,5000,0,5000,5000
056485,同欣電元大98購01,0,0,0,0,0,0,0,0,0,5000,0,0,0,5000,0,5000,5000
057858,T50正2康和98購01,0,0,0,0,0,0,0,0,0,5000,0,0,0,505000,500000,5000,5000
057892,上証2X元富02購01,0,0,0,0,0,0,0,0,0,5000,0,0,0,5000,0,5000,5000
057733,嘉聯益國泰99購01,0,0,0,0,0,0,0,0,0,5000,0,0,0,5000,0,5000,5000
057703,矽力群益98購01  ,0,0,0,0,0,0,0,0,0,5000,0,0,0,5000,0,5000,5000
057161,亞德客元大98購02,0,0,0,0,0,0,0,0,0,5000,0,0,0,97000,92000,5000,5000
057153,祥碩國泰99購01  ,0,0,0,0,0,0,0,0,0,5000,0,0,0,15000,10000,5000,5000
07972P,大立光統一9C售05,0,0,0,0,0,0,0,0,0,5000,0,0,0,10000,5000,5000,5000
07340P,鴻海凱基99售15  ,0,0,0,0,0,0,0,0,0,5000,0,0,0,5000,0,5000,5000
07329P,台灣50群益9A售07,0,0,0,0,0,0,0,0,0,5000,0,0,0,5000,0,5000,5000
07206P,鴻海凱基9A售11  ,0,0,0,0,0,0,0,0,0,5000,0,0,0,5000,0,5000,5000
07262P,台灣50元大9B售05,0,0,0,0,0,0,0,0,0,5000,0,0,0,5000,0,5000,5000
07267P,臺股指元大99售23,0,0,0,0,0,0,0,0,0,5000,0,0,0,5000,0,5000,5000
07423P,大立光元大99售33,0,0,0,0,0,0,0,0,0,5000,0,0,0,5000,0,5000,5000
07474P,滬深2X群益9C售03,0,0,0,0,0,0,0,0,0,5000,0,0,0,5000,0,5000,5000
07633P,台灣50元大9A售18,0,0,0,0,0,0,0,0,0,5000,0,0,0,6000,1000,5000,5000
07806P,健策永豐9A售02  ,0,0,0,0,0,0,0,0,0,5000,0,0,0,10000,5000,5000,5000
07801P,上銀永豐9A售02  ,0,0,0,0,0,0,0,0,0,5000,0,0,0,10000,5000,5000,5000
07786P,南電中信9C售01  ,0,0,0,0,0,0,0,0,0,5000,0,0,0,5000,0,5000,5000
910861,神州-DR         ,5000,0,5000,0,0,0,0,0,0,0,0,0,0,0,0,0,5000
00743,國泰中國A150    ,215000,0,215000,0,0,0,0,0,0,-210188,0,0,0,0,210188,-210188,4812
061949,大立光群益9B購03,0,0,0,0,0,0,0,0,0,4000,0,0,0,4000,0,4000,4000
06485P,玉晶光群益9A售02,0,0,0,0,0,0,0,0,0,4000,0,0,0,4000,0,4000,4000
062446,聯詠元大9B購02  ,0,0,0,0,0,0,0,0,0,4000,0,0,0,61000,57000,4000,4000
062440,聯發科元大9B購11,0,0,0,0,0,0,0,0,0,4000,0,0,0,6000,2000,4000,4000
060336,南電康和9A購01  ,0,0,0,0,0,0,0,0,0,4000,0,0,0,74000,70000,4000,4000
059982,聯發科元大99購37,0,0,0,0,0,0,0,0,0,4000,0,0,0,4000,0,4000,4000
060599,國巨凱基9C購01  ,0,0,0,0,0,0,0,0,0,4000,0,0,0,88000,84000,4000,4000
061406,華通國票9A購06  ,0,0,0,0,0,0,0,0,0,4000,0,0,0,4000,0,4000,4000
061247,玉晶光群益9A購09,0,0,0,0,0,0,0,0,0,4000,0,0,0,16000,12000,4000,4000
00709,富邦歐洲        ,0,0,0,0,0,0,0,0,0,4000,0,0,0,106000,102000,4000,4000
04980P,臺股指凱基96售08,0,0,0,0,0,0,0,0,0,4000,0,0,0,4000,0,4000,4000
049759,元黃金富邦9A購01,0,0,0,0,0,0,0,0,0,4000,0,0,0,4000,0,4000,4000
020000,富邦特選蘋果N   ,0,0,0,0,0,0,0,0,0,4000,0,0,0,16000,12000,4000,4000
006203,元大MSCI台灣    ,0,0,0,0,0,0,0,0,0,4000,0,0,0,4000,0,4000,4000
05118P,超眾元大96售04  ,0,0,0,0,0,0,0,0,0,4000,0,0,0,4000,0,4000,4000
053439,台積電凱基96購11,0,0,0,0,0,0,0,0,0,4000,0,0,0,4000,0,4000,4000
052587,景碩永豐97購01  ,0,0,0,0,0,0,0,0,0,4000,0,0,0,4000,0,4000,4000
051830,健策元大97購01  ,0,0,0,0,0,0,0,0,0,4000,0,0,0,4000,0,4000,4000
055500,京鼎元大97購04  ,0,0,0,0,0,0,0,0,0,4000,0,0,0,4000,0,4000,4000
055645,技嘉元富97購01  ,0,0,0,0,0,0,0,0,0,4000,0,0,0,12000,8000,4000,4000
055665,亞德客群益97購01,0,0,0,0,0,0,0,0,0,4000,0,0,0,5000,1000,4000,4000
059459,訊芯永豐99購04  ,0,0,0,0,0,0,0,0,0,4000,0,0,0,30000,26000,4000,4000
05935P,台積電凱基96售19,0,0,0,0,0,0,0,0,0,4000,0,0,0,4000,0,4000,4000
059211,鴻海元大99購27  ,0,0,0,0,0,0,0,0,0,4000,0,0,0,31000,27000,4000,4000
056142,超眾元大97購06  ,0,0,0,0,0,0,0,0,0,4000,0,0,0,7000,3000,4000,4000
055312,台虹群益99購01  ,0,0,0,0,0,0,0,0,0,4000,0,0,0,4000,0,4000,4000
053800,華通凱基97購03  ,0,0,0,0,0,0,0,0,0,4000,0,0,0,49000,45000,4000,4000
054845,智邦兆豐98購01  ,0,0,0,0,0,0,0,0,0,4000,0,0,0,6000,2000,4000,4000
055013,訊連元富97購01  ,0,0,0,0,0,0,0,0,0,4000,0,0,0,4000,0,4000,4000
054361,技嘉凱基96購01  ,0,0,0,0,0,0,0,0,0,4000,0,0,0,20000,16000,4000,4000
053713,漢唐凱基96購04  ,0,0,0,0,0,0,0,0,0,4000,0,0,0,54000,50000,4000,4000
053932,華新科統一96購03,0,0,0,0,0,0,0,0,0,4000,0,0,0,4000,0,4000,4000
054066,緯穎國票97購03  ,0,0,0,0,0,0,0,0,0,4000,0,0,0,4000,0,4000,4000
057221,華通國票98購03  ,0,0,0,0,0,0,0,0,0,4000,0,0,0,4000,0,4000,4000
057758,鴻海凱基99購03  ,0,0,0,0,0,0,0,0,0,4000,0,0,0,4000,0,4000,4000
058278,FBVIX中信03購02 ,0,0,0,0,0,0,0,0,0,4000,0,0,0,4000,0,4000,4000
058837,SGBR2X中信9C購01,0,0,0,0,0,0,0,0,0,4000,0,0,0,4000,0,4000,4000
059952,旺宏康和99購01  ,0,0,0,0,0,0,0,0,0,4000,0,0,0,4000,0,4000,4000
056812,泰鼎統一98購01  ,0,0,0,0,0,0,0,0,0,4000,0,0,0,4000,0,4000,4000
058364,奇力新凱基99購04,0,0,0,0,0,0,0,0,0,4000,0,0,0,4000,0,4000,4000
058741,欣興日盛99購01  ,0,0,0,0,0,0,0,0,0,4000,0,0,0,10000,6000,4000,4000
058283,世紀鋼中信99購01,0,0,0,0,0,0,0,0,0,4000,0,0,0,4000,0,4000,4000
058464,矽創兆豐9A購01  ,0,0,0,0,0,0,0,0,0,4000,0,0,0,24000,20000,4000,4000
056576,晶技元大99購02  ,0,0,0,0,0,0,0,0,0,4000,0,0,0,4000,0,4000,4000
056635,亞德客日盛99購01,0,0,0,0,0,0,0,0,0,4000,0,0,0,11000,7000,4000,4000
6582,申豐            ,407000,358000,49000,0,0,0,0,0,0,-45000,8000,53000,-45000,0,0,0,4000
6136,富爾特          ,8000,4000,4000,0,0,0,0,0,0,0,0,0,0,0,0,0,4000
5907,大洋-KY         ,32000,28000,4000,0,0,0,0,0,0,0,0,0,0,0,0,0,4000
3257,虹冠電          ,9000,9000,0,0,0,0,0,0,0,4000,4000,0,4000,0,0,0,4000
07632P,臺股指凱基9A售14,0,0,0,0,0,0,0,0,0,4000,0,0,0,4000,0,4000,4000
07553P,嘉晶元大9A售02  ,0,0,0,0,0,0,0,0,0,4000,0,0,0,55000,51000,4000,4000
07508P,華新科國票9A售03,0,0,0,0,0,0,0,0,0,4000,0,0,0,26000,22000,4000,4000
06969P,上銀元大99售02  ,0,0,0,0,0,0,0,0,0,4000,0,0,0,4000,0,4000,4000
08637P,台灣50中信96售03,0,0,0,0,0,0,0,0,0,4000,0,0,0,4000,0,4000,4000
1568,倉佑            ,10000,6000,4000,0,0,0,0,0,0,0,0,0,0,0,0,0,4000
06062P,宏達電元富97售01,0,0,0,0,0,0,0,0,0,3000,0,0,0,3000,0,3000,3000
060669,上証2X元大9A購03,0,0,0,0,0,0,0,0,0,3000,0,0,0,3000,0,3000,3000
060513,緯穎元大9B購01  ,0,0,0,0,0,0,0,0,0,3000,0,0,0,70000,67000,3000,3000
060540,南亞凱基9A購01  ,0,0,0,0,0,0,0,0,0,3000,0,0,0,3000,0,3000,3000
060240,富邦金元大9A購01,0,0,0,0,0,0,0,0,0,3000,0,0,0,8000,5000,3000,3000
06399P,台表科凱基97售05,0,0,0,0,0,0,0,0,0,3000,0,0,0,3000,0,3000,3000
06715P,台積電元大99售04,0,0,0,0,0,0,0,0,0,3000,0,0,0,3000,0,3000,3000
06784P,臺股指元大98售01,0,0,0,0,0,0,0,0,0,3000,0,0,0,3000,0,3000,3000
061991,牧德元大9C購01  ,0,0,0,0,0,0,0,0,0,3000,0,0,0,13000,10000,3000,3000
062149,牧德國票9B購01  ,0,0,0,0,0,0,0,0,0,3000,0,0,0,8000,5000,3000,3000
062204,京元電國票9C購01,0,0,0,0,0,0,0,0,0,3000,0,0,0,25000,22000,3000,3000
061893,鴻海永豐9B購01  ,0,0,0,0,0,0,0,0,0,3000,0,0,0,10000,7000,3000,3000
061784,聯發科群益9B購02,0,0,0,0,0,0,0,0,0,3000,0,0,0,3000,0,3000,3000
061666,友達中信01購01  ,0,0,0,0,0,0,0,0,0,3000,0,0,0,4000,1000,3000,3000
061605,華新科凱基9A購14,0,0,0,0,0,0,0,0,0,3000,0,0,0,145000,142000,3000,3000
053978,創意元大96購05  ,0,0,0,0,0,0,0,0,0,3000,0,0,0,3000,0,3000,3000
054861,智邦群益97購01  ,0,0,0,0,0,0,0,0,0,3000,0,0,0,43000,40000,3000,3000
054866,宏盛群益98購01  ,0,0,0,0,0,0,0,0,0,3000,0,0,0,9000,6000,3000,3000
055291,京鼎元大97購02  ,0,22000,-22000,0,0,0,0,0,0,25000,0,0,0,134000,109000,25000,3000
05523P,聯發科國票96售04,0,0,0,0,0,0,0,0,0,3000,0,0,0,3000,0,3000,3000
055067,禾聯碩永豐97購01,0,0,0,0,0,0,0,0,0,3000,0,0,0,3000,0,3000,3000
056040,亞光凱基98購01  ,0,0,0,0,0,0,0,0,0,3000,0,0,0,3000,0,3000,3000
055415,禾伸堂富邦9B購01,0,0,0,0,0,0,0,0,0,3000,0,0,0,3000,0,3000,3000
059216,台積電元大99購29,0,0,0,0,0,0,0,0,0,3000,0,0,0,3000,0,3000,3000
059346,新日興凱基99購03,0,0,0,0,0,0,0,0,0,3000,0,0,0,3000,0,3000,3000
059441,祥碩元大99購02  ,0,0,0,0,0,0,0,0,0,3000,0,0,0,3000,0,3000,3000
052647,晶技永豐97購01  ,0,0,0,0,0,0,0,0,0,3000,0,0,0,3000,0,3000,3000
052937,國巨兆豐97購01  ,0,0,0,0,0,0,0,0,0,3000,0,0,0,3000,0,3000,3000
053012,國巨統一96購03  ,0,0,0,0,0,0,0,0,0,3000,0,0,0,210000,207000,3000,3000
051780,矽力群益95購01  ,0,0,0,0,0,0,0,0,0,3000,0,0,0,3000,0,3000,3000
03028X,元展25          ,0,0,0,0,0,0,0,0,0,3000,0,0,0,3000,0,3000,3000
050779,超眾元大96購03  ,0,0,0,0,0,0,0,0,0,3000,0,0,0,3000,0,3000,3000
05251P,喬山台新95售02  ,0,0,0,0,0,0,0,0,0,3000,0,0,0,3000,0,3000,3000
05153P,台表科群益96售01,0,0,0,0,0,0,0,0,0,3000,0,0,0,20000,17000,3000,3000
042168,台灣50凱基96購01,0,0,0,0,0,0,0,0,0,3000,0,0,0,3000,0,3000,3000
058666,上証反群益01購01,0,0,0,0,0,0,0,0,0,3000,0,0,0,3000,0,3000,3000
058632,世紀鋼國票9A購01,0,0,0,0,0,0,0,0,0,3000,0,0,0,3000,0,3000,3000
056272,嘉澤統一99購01  ,0,0,0,0,0,0,0,0,0,3000,0,0,0,100000,97000,3000,3000
059733,緯穎元大99購08  ,0,0,0,0,0,0,0,0,0,3000,0,0,0,6000,3000,3000,3000
059798,臺股指國票99購21,0,0,0,0,0,0,0,0,0,3000,0,0,0,3000,0,3000,3000
059781,A50正2元大9C購03,0,0,0,0,0,0,0,0,0,3000,0,0,0,3000,0,3000,3000
059988,大立光元大9A購02,0,0,0,0,0,0,0,0,0,3000,0,0,0,3000,0,3000,3000
060368,緯穎元富9A購03  ,0,0,0,0,0,0,0,0,0,3000,0,0,0,5000,2000,3000,3000
060011,臺股指群益9C購06,0,0,0,0,0,0,0,0,0,3000,0,0,0,10000,7000,3000,3000
056414,國巨中信98購02  ,0,0,0,0,0,0,0,0,0,3000,0,0,0,3000,0,3000,3000
057097,致新元富98購01  ,0,0,0,0,0,0,0,0,0,3000,0,0,0,3000,0,3000,3000
057048,新日興元大98購01,0,0,0,0,0,0,0,0,0,3000,0,0,0,3000,0,3000,3000
058123,亞光國票9A購01  ,0,0,0,0,0,0,0,0,0,3000,0,0,0,51000,48000,3000,3000
057417,國巨凱基9A購03  ,0,0,0,0,0,0,0,0,0,3000,0,0,0,50000,47000,3000,3000
057959,欣興元大98購14  ,0,0,0,0,0,0,0,0,0,3000,0,0,0,41000,38000,3000,3000
057816,欣興元大98購13  ,0,0,0,0,0,0,0,0,0,3000,0,0,0,21000,18000,3000,3000
057806,國巨元大98購20  ,0,0,0,0,0,0,0,0,0,3000,0,0,0,3000,0,3000,3000
056529,中環凱基98購01  ,0,0,0,0,0,0,0,0,0,3000,0,0,0,248000,245000,3000,3000
058167,鴻海凱基9A購03  ,0,0,0,0,0,0,0,0,0,3000,0,0,0,3000,0,3000,3000
07884P,華新科凱基9B售08,0,0,0,0,0,0,0,0,0,3000,0,0,0,100000,97000,3000,3000
2881B,富邦金乙特      ,0,0,0,0,0,0,0,0,0,3000,3000,0,3000,0,0,0,3000
07045P,上銀國票9A售01  ,0,0,0,0,0,0,0,0,0,3000,0,0,0,3000,0,3000,3000
07263P,台積電元大99售37,0,0,0,0,0,0,0,0,0,3000,0,0,0,10000,7000,3000,3000
07229P,T50正2群益9A售01,0,0,0,0,0,0,0,0,0,3000,0,0,0,3000,0,3000,3000
07217P,大立光凱基9A售05,0,0,0,0,0,0,0,0,0,3000,0,0,0,55000,52000,3000,3000
07364P,大立光元大99售27,0,0,0,0,0,0,0,0,0,3000,0,0,0,3000,0,3000,3000
07595P,台灣50中信03售07,0,0,0,0,0,0,0,0,0,3000,0,0,0,13000,10000,3000,3000
07748P,茂林凱基9A售04  ,0,0,0,0,0,0,0,0,0,3000,0,0,0,3000,0,3000,3000
4994,傳奇            ,38000,38000,0,0,0,0,0,0,0,3000,2000,0,2000,2000,1000,1000,3000
4439,冠星-KY         ,3000,0,3000,0,0,0,0,0,0,0,0,0,0,0,0,0,3000
061750,台達電台新9B購01,0,0,0,0,0,0,0,0,0,2000,0,0,0,34000,32000,2000,2000
061891,力山永豐9B購01  ,0,0,0,0,0,0,0,0,0,2000,0,0,0,17000,15000,2000,2000
06189P,華新科永豐97售03,0,0,0,0,0,0,0,0,0,2000,0,0,0,5000,3000,2000,2000
062210,聯發科台新9B購01,0,0,0,0,0,0,0,0,0,2000,0,0,0,25000,23000,2000,2000
062111,台勝科國票9B購01,0,0,0,0,0,0,0,0,0,2000,0,0,0,20000,18000,2000,2000
061987,大立光元大9B購03,0,0,0,0,0,0,0,0,0,2000,0,0,0,2000,0,2000,2000
061988,大立光元大9B購04,0,0,0,0,0,0,0,0,0,2000,0,0,0,2000,0,2000,2000
061955,FANG+統一9B購01 ,0,0,0,0,0,0,0,0,0,2000,0,0,0,2000,0,2000,2000
062033,瀚宇博群益9B購01,0,0,0,0,0,0,0,0,0,2000,0,0,0,2000,0,2000,2000
06838P,台積電統一99售05,0,0,0,0,0,0,0,0,0,2000,0,0,0,2000,0,2000,2000
06698P,玉晶光國票99售05,0,0,0,0,0,0,0,0,0,2000,0,0,0,4000,2000,2000,2000
06680P,智邦元大98售06  ,0,0,0,0,0,0,0,0,0,2000,0,0,0,2000,0,2000,2000
06580P,元油2X凱基9A售06,0,0,0,0,0,0,0,0,0,2000,0,0,0,2000,0,2000,2000
062441,華新科元大9C購01,0,0,0,0,0,0,0,0,0,2000,0,0,0,2000,0,2000,2000
06246P,茂林元富97售03  ,0,0,0,0,0,0,0,0,0,2000,0,0,0,174000,172000,2000,2000
06256P,臺股指群益97售09,0,0,0,0,0,0,0,0,0,2000,0,0,0,4000,2000,2000,2000
059846,力山永豐99購01  ,0,0,0,0,0,0,0,0,0,2000,0,0,0,2000,0,2000,2000
060418,中橡永豐9A購01  ,0,0,0,0,0,0,0,0,0,2000,0,0,0,5000,3000,2000,2000
060510,大立光元大9A購03,0,0,0,0,0,0,0,0,0,2000,0,0,0,5000,3000,2000,2000
060480,億豐元大9A購02  ,0,0,0,0,0,0,0,0,0,2000,0,0,0,5000,3000,2000,2000
060551,大立光凱基9B購02,0,0,0,0,0,0,0,0,0,2000,0,0,0,4000,2000,2000,2000
060574,高股息中信9C購01,0,0,0,0,0,0,0,0,0,2000,0,0,0,2000,0,2000,2000
060767,世紀鋼元大9A購02,0,0,0,0,0,0,0,0,0,2000,0,0,0,55000,53000,2000,2000
06123P,玉晶光元大97售04,0,0,0,0,0,0,0,0,0,2000,0,0,0,64000,62000,2000,2000
06124P,超眾元大97售03  ,0,0,0,0,0,0,0,0,0,2000,0,0,0,2000,0,2000,2000
061310,華新科麥證9A購01,0,0,0,3000,1000,2000,0,0,0,2000,0,0,0,3000,1000,2000,2000
06135P,志超元富97售01  ,0,0,0,0,0,0,0,0,0,2000,0,0,0,2000,0,2000,2000
061020,超眾國票9A購02  ,0,0,0,0,0,0,0,0,0,2000,0,0,0,32000,30000,2000,2000
061008,群創兆豐9A購02  ,0,0,0,0,0,0,0,0,0,2000,0,0,0,4000,2000,2000,2000
061043,百和永豐9A購01  ,0,0,0,0,0,0,0,0,0,2000,0,0,0,2000,0,2000,2000
061047,大立光第一9A購01,0,0,0,0,0,0,0,0,0,2000,0,0,0,2000,0,2000,2000
061242,玉晶光兆豐9B購02,0,0,0,0,0,0,0,0,0,2000,0,0,0,15000,13000,2000,2000
061210,玉山金元大9A購02,0,0,0,0,0,0,0,0,0,2000,0,0,0,53000,51000,2000,2000
06118P,上証2X凱基98售03,0,0,0,0,0,0,0,0,0,2000,0,0,0,2000,0,2000,2000
061172,大立光麥證9A購02,0,0,0,2000,0,2000,0,0,0,2000,0,0,0,2000,0,2000,2000
061128,大立光永豐9A購02,0,0,0,0,0,0,0,0,0,2000,0,0,0,2000,0,2000,2000
06109P,華新科群益97售05,0,0,0,0,0,0,0,0,0,2000,0,0,0,2000,0,2000,2000
061103,聯發科元大9A購08,0,0,0,0,0,0,0,0,0,2000,0,0,0,11000,9000,2000,2000
04198P,滬深2X群益95售04,0,0,0,0,0,0,0,0,0,2000,0,0,0,2000,0,2000,2000
053067,牧德群益96購01  ,0,0,0,0,0,0,0,0,0,2000,0,0,0,2000,0,2000,2000
049254,台積電元大96購02,0,0,0,0,0,0,0,0,0,2000,0,0,0,2000,0,2000,2000
051577,台積電元大97購03,0,0,0,0,0,0,0,0,0,2000,0,0,0,171000,169000,2000,2000
053195,玉晶光元富96購02,0,0,0,0,0,0,0,0,0,2000,0,0,0,2000,0,2000,2000
047196,上銀統一97購01  ,0,0,0,0,0,0,0,0,0,2000,0,0,0,2000,0,2000,2000
04763P,臺股指凱基96售05,0,0,0,0,0,0,0,0,0,2000,0,0,0,2000,0,2000,2000
00691R,兆豐藍籌30反1   ,0,0,0,0,0,0,0,0,0,2000,0,0,0,2000,0,2000,2000
051855,道瓊反凱基97購01,0,0,0,0,0,0,0,0,0,2000,0,0,0,2000,0,2000,2000
051846,S&P反1中信96購02,0,0,0,0,0,0,0,0,0,2000,0,0,0,2000,0,2000,2000
052961,國巨凱基97購02  ,0,0,0,0,0,0,0,0,0,2000,0,0,0,2000,0,2000,2000
052712,旺宏凱基96購02  ,0,0,0,0,0,0,0,0,0,2000,0,0,0,2000,0,2000,2000
054662,同欣電元大97購02,0,0,0,0,0,0,0,0,0,2000,0,0,0,43000,41000,2000,2000
052459,道瓊反統一95購04,0,0,0,0,0,0,0,0,0,2000,0,0,0,2000,0,2000,2000
052371,元金2X元大95購01,0,0,0,0,0,0,0,0,0,2000,0,0,0,2000,0,2000,2000
052454,力成元大95購02  ,0,0,0,0,0,0,0,0,0,2000,0,0,0,2000,0,2000,2000
059514,嘉澤永豐99購02  ,0,0,0,0,0,0,0,0,0,2000,0,0,0,2000,0,2000,2000
058798,大立光元大99購11,0,0,0,0,0,0,0,0,0,2000,0,0,0,2000,0,2000,2000
05584P,臺股指凱基96售13,0,0,0,0,0,0,0,0,0,2000,0,0,0,2000,0,2000,2000
056079,世紀鋼元大97購02,0,0,0,0,0,0,0,0,0,2000,0,0,0,2000,0,2000,2000
05533P,滬深2X富邦97售01,0,0,0,0,0,0,0,0,0,2000,0,0,0,2000,0,2000,2000
054799,超眾群益98購01  ,0,0,0,0,0,0,0,0,0,2000,0,0,0,2000,0,2000,2000
055724,祥碩元大97購03  ,0,0,0,0,0,0,0,0,0,2000,0,0,0,2000,0,2000,2000
055731,美律元富97購01  ,0,0,0,0,0,0,0,0,0,2000,0,0,0,100000,98000,2000,2000
055692,緯穎凱基97購03  ,0,0,0,0,0,0,0,0,0,2000,0,0,0,2000,0,2000,2000
053758,華新科國泰97購02,0,0,0,0,0,0,0,0,0,2000,0,0,0,42000,40000,2000,2000
054276,國巨群益96購07  ,0,0,0,0,0,0,0,0,0,2000,0,0,0,7000,5000,2000,2000
054249,技嘉元大96購03  ,0,0,0,0,0,0,0,0,0,2000,0,0,0,2000,0,2000,2000
057168,旺宏元大99購03  ,0,0,0,0,0,0,0,0,0,2000,0,0,0,21000,19000,2000,2000
057745,泰鼎永豐99購01  ,0,0,0,0,0,0,0,0,0,2000,0,0,0,2000,0,2000,2000
057785,智邦國票99購02  ,0,0,0,0,0,0,0,0,0,2000,0,0,0,9000,7000,2000,2000
058111,健鼎元富98購01  ,0,0,0,0,0,0,0,0,0,2000,0,0,0,2000,0,2000,2000
057084,立積統一9B購01  ,0,0,0,0,0,0,0,0,0,2000,0,0,0,17000,15000,2000,2000
057105,致茂群益9A購01  ,0,0,0,0,0,0,0,0,0,2000,0,0,0,27000,25000,2000,2000
059583,台灣50元大01購10,0,0,0,0,0,0,0,0,0,2000,0,0,0,2000,0,2000,2000
05731P,創意統一96售03  ,0,0,0,0,0,0,0,0,0,2000,0,0,0,106000,104000,2000,2000
057313,聯發科麥證99購01,0,0,0,2000,0,2000,0,0,0,2000,0,0,0,2000,0,2000,2000
058800,健策元大99購03  ,0,0,0,0,0,0,0,0,0,2000,0,0,0,69000,67000,2000,2000
059153,臺股指國票99購16,0,0,0,0,0,0,0,0,0,2000,0,0,0,11000,9000,2000,2000
060049,華通凱基99購06  ,0,0,0,0,0,0,0,0,0,2000,0,0,0,2000,0,2000,2000
060063,可成兆豐9B購01  ,0,0,0,0,0,0,0,0,0,2000,0,0,0,5000,3000,2000,2000
060400,南電國票9A購03  ,0,0,0,0,0,0,0,0,0,2000,0,0,0,2000,0,2000,2000
060360,南亞科元富9A購02,0,0,0,0,0,0,0,0,0,2000,0,0,0,106000,104000,2000,2000
056777,矽力元大98購02  ,0,0,0,0,0,0,0,0,0,2000,0,0,0,45000,43000,2000,2000
056308,TPK元大97購02   ,0,0,0,0,0,0,0,0,0,2000,0,0,0,2000,0,2000,2000
056746,超眾凱基99購01  ,0,0,0,0,0,0,0,0,0,2000,0,0,0,32000,30000,2000,2000
057602,聯茂群益98購02  ,0,0,0,0,0,0,0,0,0,2000,0,0,0,2000,0,2000,2000
058410,國巨兆豐99購03  ,0,0,0,0,0,0,0,0,0,2000,0,0,0,7000,5000,2000,2000
058588,致茂中信9B購01  ,0,0,0,0,0,0,0,0,0,2000,0,0,0,51000,49000,2000,2000
057572,明泰永豐98購01  ,0,0,0,0,0,0,0,0,0,2000,0,0,0,2000,0,2000,2000
057538,緯穎元大98購07  ,0,0,0,0,0,0,0,0,0,2000,0,0,0,2000,0,2000,2000
056574,亞光元大99購03  ,0,0,0,0,0,0,0,0,0,2000,0,0,0,2000,0,2000,2000
056588,聯發科統一9A購02,0,0,0,0,0,0,0,0,0,2000,0,0,0,222000,220000,2000,2000
059119,華擎永豐99購02  ,0,0,0,0,0,0,0,0,0,2000,0,0,0,85000,83000,2000,2000
059093,旭富元大99購01  ,0,0,0,0,0,0,0,0,0,2000,0,0,0,3000,1000,2000,2000
4999,鑫禾            ,5000,11000,-6000,0,0,0,0,0,0,8000,8000,0,8000,0,0,0,2000
5906,台南-KY         ,3000,1000,2000,0,0,0,0,0,0,0,0,0,0,0,0,0,2000
3229,晟鈦            ,3000,1000,2000,0,0,0,0,0,0,0,0,0,0,0,0,0,2000
3416,融程電          ,2000,0,2000,0,0,0,0,0,0,0,0,0,0,0,0,0,2000
3046,建碁            ,2000,0,2000,0,0,0,0,0,0,0,0,0,0,0,0,0,2000
2936,客思達-KY       ,2000,0,2000,0,0,0,0,0,0,0,0,0,0,0,0,0,2000
6277,宏正            ,68000,72000,-4000,0,0,0,0,0,0,6000,6000,0,6000,0,0,0,2000
07851P,聯發科國票9A售05,0,0,0,0,0,0,0,0,0,2000,0,0,0,2000,0,2000,2000
07475P,A50正2群益9C售02,0,0,0,0,0,0,0,0,0,2000,0,0,0,2000,0,2000,2000
07243P,台灣50凱基9A售04,0,0,0,0,0,0,0,0,0,2000,0,0,0,9000,7000,2000,2000
07260P,台灣50元大9A售01,0,0,0,0,0,0,0,0,0,2000,0,0,0,2000,0,2000,2000
06995P,臺股指凱基99售16,0,0,0,0,0,0,0,0,0,2000,0,0,0,2000,0,2000,2000
07010P,T50正2凱基9C售01,0,0,0,0,0,0,0,0,0,2000,0,0,0,10000,8000,2000,2000
2891C,中信金丙特      ,0,0,0,0,0,0,0,0,0,2000,2000,0,2000,0,0,0,2000
07945P,上銀國票9B售02  ,0,0,0,0,0,0,0,0,0,2000,0,0,0,3000,1000,2000,2000
07958P,華擎群益9B售01  ,0,0,0,0,0,0,0,0,0,2000,0,0,0,2000,0,2000,2000
07962P,聯詠中信05售03  ,0,0,0,0,0,0,0,0,0,2000,0,0,0,2000,0,2000,2000
1423,利華            ,2000,0,2000,0,0,0,0,0,0,0,0,0,0,0,0,0,2000
061199,道瓊反元大9A購05,0,0,0,0,0,0,0,0,0,1000,0,0,0,5000,4000,1000,1000
061208,聯發科元大9A購09,0,0,0,0,0,0,0,0,0,1000,0,0,0,57000,56000,1000,1000
061362,台塑國票9B購01  ,0,0,0,0,0,0,0,0,0,1000,0,0,0,2000,1000,1000,1000
061383,高股息群益9A購01,0,0,0,0,0,0,0,0,0,1000,0,0,0,86000,85000,1000,1000
061560,友達國票9B購01  ,0,0,0,0,0,0,0,0,0,1000,0,0,0,43000,42000,1000,1000
060750,高股息元大9A購01,0,0,0,0,0,0,0,0,0,1000,0,0,0,1000,0,1000,1000
060898,世芯凱基9A購03  ,0,0,0,0,0,0,0,0,0,1000,0,0,0,11000,10000,1000,1000
060571,京元電永豐9A購01,0,0,0,0,0,0,0,0,0,1000,0,0,0,14000,13000,1000,1000
060686,康友元大9A購02  ,0,0,0,0,0,0,0,0,0,1000,0,0,0,69000,68000,1000,1000
060523,鴻海中信9C購03  ,0,0,0,0,0,0,0,0,0,1000,0,0,0,1000,0,1000,1000
06054P,臺股指中信9A售01,0,0,0,0,0,0,0,0,0,1000,0,0,0,1000,0,1000,1000
060290,興富發元大9C購01,0,0,0,0,0,0,0,0,0,1000,0,0,0,1000,0,1000,1000
062477,聯詠國票9B購01  ,0,0,0,0,0,0,0,0,0,1000,0,0,0,9000,8000,1000,1000
06452P,大立光元大98售08,0,0,0,0,0,0,0,0,0,1000,0,0,0,1000,0,1000,1000
06264P,友達凱基98售06  ,0,0,0,0,0,0,0,0,0,1000,0,0,0,1000,0,1000,1000
062339,瑞昱麥證9C購01  ,0,0,0,1000,0,1000,0,0,0,1000,0,0,0,1000,0,1000,1000
06235P,國巨元大97售12  ,0,0,0,0,0,0,0,0,0,1000,0,0,0,1000,0,1000,1000
062400,晶豪科永豐9B購02,0,0,0,0,0,0,0,0,0,1000,0,0,0,1000,0,1000,1000
06466P,台積電統一9B售01,0,0,0,0,0,0,0,0,0,1000,0,0,0,1000,0,1000,1000
06790P,台積電凱基9A售04,0,0,0,0,0,0,0,0,0,1000,0,0,0,1000,0,1000,1000
061961,台積電統一01購02,0,0,0,0,0,0,0,0,0,1000,0,0,0,11000,10000,1000,1000
061881,緯穎元大9B購02  ,0,0,0,0,0,0,0,0,0,1000,0,0,0,8000,7000,1000,1000
061775,臺指反國票9B購04,0,0,0,0,0,0,0,0,0,1000,0,0,0,1000,0,1000,1000
061628,緯穎群益9A購04  ,0,0,0,0,0,0,0,0,0,1000,0,0,0,2000,1000,1000,1000
061710,國巨凱基9A購18  ,0,0,0,0,0,0,0,0,0,1000,0,0,0,1000,0,1000,1000
054296,世芯元大97購01  ,0,0,0,0,0,0,0,0,0,1000,0,0,0,1000,0,1000,1000
054213,欣興國票97購04  ,0,0,0,0,0,0,0,0,0,1000,0,0,0,15000,14000,1000,1000
05388P,南亞科元大95售04,0,0,0,0,0,0,0,0,0,1000,0,0,0,1000,0,1000,1000
055795,茂林國泰98購01  ,0,0,0,0,0,0,0,0,0,1000,0,0,0,41000,40000,1000,1000
055034,建準富邦99購01  ,0,0,0,0,0,0,0,0,0,1000,0,0,0,36000,35000,1000,1000
054778,世紀鋼國票99購01,0,0,0,0,0,0,0,0,0,1000,0,0,0,8000,7000,1000,1000
055336,茂林兆豐98購01  ,0,0,0,0,0,0,0,0,0,1000,0,0,0,2000,1000,1000,1000
055280,智邦元大97購01  ,0,0,0,0,0,0,0,0,0,1000,0,0,0,1000,0,1000,1000
05529P,臺股指群益96售02,0,0,0,0,0,0,0,0,0,1000,0,0,0,1000,0,1000,1000
055094,智易群益98購01  ,0,0,0,0,0,0,0,0,0,1000,0,0,0,230000,229000,1000,1000
055109,正崴凱基98購01  ,0,0,0,0,0,0,0,0,0,1000,0,0,0,1000,0,1000,1000
055183,聯鈞統一97購01  ,0,0,0,0,0,0,0,0,0,1000,0,0,0,23000,22000,1000,1000
056119,欣興群益97購02  ,0,0,0,0,0,0,0,0,0,1000,0,0,0,1000,0,1000,1000
054922,文曄凱基98購01  ,0,0,0,0,0,0,0,0,0,1000,0,0,0,1000,0,1000,1000
055988,矽力元富97購01  ,0,0,0,0,0,0,0,0,0,1000,0,0,0,21000,20000,1000,1000
059512,晶豪科永豐99購02,0,0,0,0,0,0,0,0,0,1000,0,0,0,1000,0,1000,1000
059458,鎧勝永豐99購01  ,0,0,0,0,0,0,0,0,0,1000,0,0,0,1000,0,1000,1000
054446,美食兆豐97購01  ,0,0,0,0,0,0,0,0,0,1000,0,0,0,1000,0,1000,1000
054550,旺宏凱基98購02  ,0,0,0,0,0,0,0,0,0,1000,0,0,0,14000,13000,1000,1000
054515,華通元大98購02  ,0,0,0,0,0,0,0,0,0,1000,0,0,0,1000,0,1000,1000
052237,嘉澤國票96購02  ,0,0,0,0,0,0,0,0,0,1000,0,0,0,1000,0,1000,1000
05557P,S&P500中信96售02,0,0,0,0,0,0,0,0,0,1000,0,0,0,1000,0,1000,1000
055681,奇鋐凱基98購03  ,0,0,0,0,0,0,0,0,0,1000,0,0,0,1000,0,1000,1000
05559P,臺股指麥證96售01,0,0,0,1000,0,1000,0,0,0,1000,0,0,0,1000,0,1000,1000
052619,茂林國泰99購01  ,0,0,0,0,0,0,0,0,0,1000,0,0,0,30000,29000,1000,1000
052846,智邦統一97購01  ,0,0,0,0,0,0,0,0,0,1000,0,0,0,1000,0,1000,1000
052860,旺宏凱基96購03  ,0,0,0,0,0,0,0,0,0,1000,0,0,0,1000,0,1000,1000
051829,玉晶光元大98購02,0,0,0,0,0,0,0,0,0,1000,0,0,0,1000,0,1000,1000
052151,義隆富邦96購01  ,0,0,0,0,0,0,0,0,0,1000,0,0,0,1000,0,1000,1000
053391,嘉聯益元大99購01,0,0,0,0,0,0,0,0,0,1000,0,0,0,1000,0,1000,1000
051948,滬深2X元富9B購01,0,0,0,0,0,0,0,0,0,1000,0,0,0,1000,0,1000,1000
00684R,元大美元指數反1 ,0,0,0,0,0,0,0,0,0,1000,0,0,0,4000,3000,1000,1000
03420B,臺股指元大95熊31,0,0,0,0,0,0,0,0,0,1000,0,0,0,1000,0,1000,1000
03093X,永豐金元大61展01,0,0,0,0,0,0,0,0,0,1000,0,0,0,1000,0,1000,1000
050892,聯電元大96購02  ,0,0,0,0,0,0,0,0,0,1000,0,0,0,91000,90000,1000,1000
053175,矽力群益96購01  ,0,0,0,0,0,0,0,0,0,1000,0,0,0,15000,14000,1000,1000
053369,T50反1元大96購06,0,0,0,0,0,0,0,0,0,1000,0,0,0,1000,0,1000,1000
051590,玉晶光元大96購02,0,0,0,0,0,0,0,0,0,1000,0,0,0,1000,0,1000,1000
053230,達方台新97購01  ,0,0,0,0,0,0,0,0,0,1000,0,0,0,1000,0,1000,1000
053250,百和國票97購02  ,0,0,0,0,0,0,0,0,0,1000,0,0,0,39000,38000,1000,1000
04916P,大立光永昌96售02,0,0,0,0,0,0,0,0,0,1000,0,0,0,1000,0,1000,1000
049612,香港反中信96購01,0,0,0,0,0,0,0,0,0,1000,0,0,0,1000,0,1000,1000
053064,國巨群益96購04  ,0,0,0,0,0,0,0,0,0,1000,0,0,0,13000,12000,1000,1000
058347,玉晶光群益9B購01,0,0,0,0,0,0,0,0,0,1000,0,0,0,86000,85000,1000,1000
058566,聯發科凱基9A購02,0,0,0,0,0,0,0,0,0,1000,0,0,0,1000,0,1000,1000
058567,華新科凱基9A購02,0,0,0,0,0,0,0,0,0,1000,0,0,0,8000,7000,1000,1000
058777,台光電國票9A購01,0,0,0,0,0,0,0,0,0,1000,0,0,0,2000,1000,1000,1000
058605,華邦電元大99購04,0,0,0,0,0,0,0,0,0,1000,0,0,0,94000,93000,1000,1000
058669,上銀群益99購01  ,0,0,0,0,0,0,0,0,0,1000,0,0,0,1000,0,1000,1000
056380,麗豐元富98購01  ,0,0,0,0,0,0,0,0,0,1000,0,0,0,6000,5000,1000,1000
05632P,大立光群益96售02,0,0,0,0,0,0,0,0,0,1000,0,0,0,1000,0,1000,1000
056296,旺宏元大97購07  ,0,0,0,0,0,0,0,0,0,1000,0,0,0,69000,68000,1000,1000
056769,國產元大98購01  ,0,0,0,0,0,0,0,0,0,1000,0,0,0,69000,68000,1000,1000
059899,上証2X元大9C購04,0,0,0,0,0,0,0,0,0,1000,0,0,0,1000,0,1000,1000
060013,S&P正2康和99購01,0,0,0,0,0,0,0,0,0,1000,0,0,0,1000,0,1000,1000
060150,華通富邦9B購01  ,0,0,0,0,0,0,0,0,0,1000,0,0,0,1000,0,1000,1000
058875,台表科國票9A購02,0,0,0,0,0,0,0,0,0,1000,0,0,0,7000,6000,1000,1000
059167,聯發科凱基99購11,0,0,0,0,0,0,0,0,0,1000,0,0,0,10000,9000,1000,1000
058816,祥碩台新99購02  ,0,0,0,0,0,0,0,0,0,1000,0,0,0,1000,0,1000,1000
056467,上証2X元大98購02,0,0,0,0,0,0,0,0,0,1000,0,0,0,201000,200000,1000,1000
057086,立積統一9C購01  ,0,0,0,0,0,0,0,0,0,1000,0,0,0,1000,0,1000,1000
057062,立積國泰99購01  ,0,0,0,0,0,0,0,0,0,1000,0,0,0,1000,0,1000,1000
058944,元石油群益9C購02,0,0,0,0,0,0,0,0,0,1000,0,0,0,1000,0,1000,1000
058118,瑞昱群益99購01  ,0,0,0,0,0,0,0,0,0,1000,0,0,0,1000,0,1000,1000
058136,景碩元大99購02  ,0,0,0,0,0,0,0,0,0,1000,0,0,0,51000,50000,1000,1000
057415,和碩日盛98購01  ,0,0,0,0,0,0,0,0,0,1000,0,0,0,1000,0,1000,1000
058088,鴻海元大9A購01  ,0,0,0,0,0,0,0,0,0,1000,0,0,0,1000,0,1000,1000
057775,南亞科群益98購02,0,0,0,0,0,0,0,0,0,1000,0,0,0,1000,0,1000,1000
057965,臺股指元大98購14,0,0,0,0,0,0,0,0,0,1000,0,0,0,1000,0,1000,1000
057638,上銀元大99購01  ,0,0,0,0,0,0,0,0,0,1000,0,0,0,1000,0,1000,1000
057641,旺宏元大98購10  ,0,0,0,0,0,0,0,0,0,1000,0,0,0,8000,7000,1000,1000
057478,智邦元大99購01  ,0,0,0,0,0,0,0,0,0,1000,0,0,0,1000,0,1000,1000
057180,華新科元大99購08,0,0,0,0,0,0,0,0,0,1000,0,0,0,1000,0,1000,1000
057203,麗豐元富98購02  ,0,0,0,0,0,0,0,0,0,1000,0,0,0,151000,150000,1000,1000
057261,瑞昱兆豐98購01  ,0,0,0,0,0,0,0,0,0,1000,0,0,0,1000,0,1000,1000
056908,牧德元大99購03  ,0,0,0,0,0,0,0,0,0,1000,0,0,0,1000,0,1000,1000
1539,巨庭            ,15000,14000,1000,0,0,0,0,0,0,0,0,0,0,0,0,0,1000
07902P,玉晶光國票01售01,0,0,0,0,0,0,0,0,0,1000,0,0,0,3000,2000,1000,1000
07911P,大立光統一9B售08,0,0,0,0,0,0,0,0,0,1000,0,0,0,1000,0,1000,1000
1312A,國喬特          ,0,0,0,0,0,0,0,0,0,1000,1000,0,1000,0,0,0,1000
2424,隴華            ,1000,0,1000,0,0,0,0,0,0,0,0,0,0,0,0,0,1000
2243,宏旭-KY         ,0,0,0,0,0,0,0,0,0,1000,1000,0,1000,0,0,0,1000
07134P,臺股指元大9A售28,0,0,0,0,0,0,0,0,0,1000,0,0,0,4000,3000,1000,1000
07139P,元油2X群益9C售06,0,0,0,0,0,0,0,0,0,1000,0,0,0,1000,0,1000,1000
07293P,臺股指凱基99售45,0,0,0,0,0,0,0,0,0,1000,0,0,0,2000,1000,1000,1000
07251P,台灣50元富01售04,0,0,0,0,0,0,0,0,0,1000,0,0,0,1000,0,1000,1000
07194P,聯發科元大99售25,0,0,0,0,0,0,0,0,0,1000,0,0,0,1000,0,1000,1000
07325P,台積電元大99售41,0,0,0,0,0,0,0,0,0,1000,0,0,0,1000,0,1000,1000
07412P,國巨元大99售32  ,0,0,0,0,0,0,0,0,0,1000,0,0,0,11000,10000,1000,1000
07514P,台積電元大9A售14,0,0,0,0,0,0,0,0,0,1000,0,0,0,1000,0,1000,1000
07644P,南電凱基9A售03  ,0,0,0,0,0,0,0,0,0,1000,0,0,0,3000,2000,1000,1000
07824P,國巨元大9A售24  ,0,0,0,0,0,0,0,0,0,1000,0,0,0,21000,20000,1000,1000
07773P,台灣50群益9A售15,0,0,0,0,0,0,0,0,0,1000,0,0,0,1000,0,1000,1000
07759P,臺股指富邦9A售04,0,0,0,0,0,0,0,0,0,1000,0,0,0,1000,0,1000,1000
9941A,裕融甲特        ,0,0,0,0,0,0,0,0,0,1000,1000,0,1000,0,0,0,1000
3054,立萬利          ,3000,2000,1000,0,0,0,0,0,0,0,0,0,0,0,0,0,1000
4557,永新-KY         ,1000,0,1000,0,0,0,0,0,0,0,0,0,0,0,0,0,1000
4956,光鋐            ,0,0,0,0,0,0,0,0,0,1000,1000,0,1000,0,0,0,1000
061679,健策元大9B購04  ,0,0,0,0,0,0,0,0,0,0,0,0,0,6000,6000,0,0
061669,崇越中信9A購01  ,0,0,0,0,0,0,0,0,0,0,0,0,0,85000,85000,0,0
061626,超眾群益9A購02  ,0,0,0,0,0,0,0,0,0,0,0,0,0,15000,15000,0,0
061602,旺宏凱基9A購06  ,0,0,0,0,0,0,0,0,0,0,0,0,0,7000,7000,0,0
061781,台積電群益9C購01,0,0,0,0,0,0,0,0,0,0,0,0,0,1000,1000,0,0
061767,信邦元大9B購01  ,0,0,0,0,0,0,0,0,0,0,0,0,0,18000,18000,0,0
061768,晶技元大9B購02  ,0,0,0,0,0,0,0,0,0,0,0,0,0,68000,68000,0,0
061791,康友群益9B購01  ,0,0,0,0,0,0,0,0,0,0,0,0,0,4000,4000,0,0
061849,國巨國票9B購08  ,0,0,0,0,0,0,0,0,0,0,0,0,0,1000,1000,0,0
061998,緯穎元大9B購03  ,0,0,0,0,0,0,0,0,0,0,0,0,0,26000,26000,0,0
062055,鴻海統一9C購07  ,0,0,0,0,0,0,0,0,0,0,0,0,0,4000,4000,0,0
062081,華新科元大9B購06,0,0,0,0,0,0,0,0,0,0,0,0,0,10000,10000,0,0
062127,台勝科統一01購02,0,0,0,0,0,0,0,0,0,0,0,0,0,25000,25000,0,0
062255,聯發科元大9B購07,0,0,0,0,0,0,0,0,0,0,0,0,0,1000,1000,0,0
062179,旺宏元大9B購05  ,0,0,0,0,0,0,0,0,0,0,0,0,0,28000,28000,0,0
062170,健策永豐9B購04  ,0,0,0,0,0,0,0,0,0,0,0,0,0,11000,11000,0,0
06772P,國巨中信99售01  ,0,0,0,0,0,0,0,0,0,0,0,0,0,10000,10000,0,0
06752P,訊芯凱基98售05  ,0,0,0,0,0,0,0,0,0,0,0,0,0,20000,20000,0,0
06767P,台積電永昌99售03,0,0,0,0,0,0,0,0,0,0,0,0,0,10000,10000,0,0
06843P,鴻海元大98售11  ,0,0,0,0,0,0,0,0,0,0,0,0,0,33000,33000,0,0
06844P,智邦元大98售13  ,0,0,0,0,0,0,0,0,0,0,0,0,0,20000,20000,0,0
06819P,臺股指元富98售08,0,0,0,0,0,0,0,0,0,0,0,0,0,9000,9000,0,0
06874P,台積電台新98售02,0,0,0,0,0,0,0,0,0,0,0,0,0,31000,31000,0,0
06473P,鴻海元大99售03  ,0,0,0,0,0,0,0,0,0,0,0,0,0,111000,111000,0,0
06450P,聯發科元大98售03,0,0,0,0,0,0,0,0,0,0,0,0,0,20000,20000,0,0
06488P,台積電元富98售05,0,0,0,0,0,0,0,0,0,0,0,0,0,5000,5000,0,0
06586P,鴻海元大9C售01  ,0,0,0,0,0,0,0,0,0,0,0,0,0,78000,78000,0,0
06557P,台積電兆豐98售02,0,0,0,0,0,0,0,0,0,0,0,0,0,200000,200000,0,0
06543P,鴻海元大98售08  ,0,0,0,0,0,0,0,0,0,0,0,0,0,137000,137000,0,0
06544P,鴻海元大98售09  ,0,0,0,0,0,0,0,0,0,0,0,0,0,30000,30000,0,0
06706P,智原台新98售02  ,0,0,0,0,0,0,0,0,0,0,0,0,0,104000,104000,0,0
06637P,大立光凱基98售15,0,0,0,0,0,0,0,0,0,0,0,0,0,40000,40000,0,0
062403,健策永豐9B購06  ,0,0,0,0,0,0,0,0,0,0,0,0,0,5000,5000,0,0
062419,台積電統一9B購15,0,0,0,0,0,0,0,0,0,0,0,0,0,2000,2000,0,0
062387,健策國泰01購01  ,0,0,0,0,0,0,0,0,0,0,0,0,0,70000,70000,0,0
06236P,台積電元大97售25,0,0,0,0,0,0,0,0,0,0,0,0,0,50000,50000,0,0
062355,華通元大9B購03  ,0,0,0,0,0,0,0,0,0,0,0,0,0,2000,2000,0,0
062315,健策凱基9C購01  ,0,0,0,0,0,0,0,0,0,0,0,0,0,9000,9000,0,0
062308,旺宏凱基9B購04  ,0,0,0,0,0,0,0,0,0,0,0,0,0,19000,19000,0,0
062299,台積電第一9B購01,0,0,0,0,0,0,0,0,0,0,0,0,0,35000,35000,0,0
062338,鴻海麥證9B購01  ,0,0,0,7000,3000,4000,0,0,0,0,0,0,0,10000,10000,0,0
062334,健策統一9B購02  ,0,0,0,0,0,0,0,0,0,0,0,0,0,42000,42000,0,0
062263,康控元大9B購03  ,0,0,0,0,0,0,0,0,0,0,0,0,0,41000,41000,0,0
062271,華通群益9C購02  ,0,0,0,0,0,0,0,0,0,0,0,0,0,20000,20000,0,0
06286P,世芯國票97售02  ,0,0,0,0,0,0,0,0,0,0,0,0,0,30000,30000,0,0
06308P,國巨元富97售06  ,0,0,0,0,0,0,0,0,0,0,0,0,0,20000,20000,0,0
06329P,大立光兆豐97售04,0,0,0,0,0,0,0,0,0,0,0,0,0,10000,10000,0,0
06336P,鴻海元大98售05  ,0,0,0,0,0,0,0,0,0,0,0,0,0,60000,60000,0,0
06437P,玉晶光國票99售01,0,0,0,0,0,0,0,0,0,0,0,0,0,4000,4000,0,0
06385P,聯發科永豐97售02,0,0,0,0,0,0,0,0,0,0,0,0,0,10000,10000,0,0
06376P,上銀統一99售01  ,0,0,0,0,0,0,0,0,0,0,0,0,0,66000,66000,0,0
062503,玉晶光群益01購03,0,0,0,0,0,0,0,0,0,0,0,0,0,1000,1000,0,0
062560,奇鋐凱基9B購02  ,1000,0,1000,0,0,0,0,0,0,-1000,0,0,0,8000,9000,-1000,0
062513,玉晶光國票9C購01,0,0,0,0,0,0,0,0,0,0,0,0,0,6000,6000,0,0
062521,玉晶光元大9C購05,0,0,0,0,0,0,0,0,0,0,0,0,0,2000,2000,0,0
062470,智邦凱基9C購01  ,0,0,0,0,0,0,0,0,0,0,0,0,0,6000,6000,0,0
062468,台積電凱基9B購06,0,0,0,0,0,0,0,0,0,0,0,0,0,2000,2000,0,0
062439,聯發科元大9B購10,0,0,0,0,0,0,0,0,0,0,0,0,0,1000,1000,0,0
060272,台灣50元大9C購25,0,0,0,0,0,0,0,0,0,0,0,0,0,61000,61000,0,0
060234,凱美元大9C購01  ,0,0,0,0,0,0,0,0,0,0,0,0,0,16000,16000,0,0
060461,鴻海元大9A購09  ,0,0,0,0,0,0,0,0,0,0,0,0,0,30000,30000,0,0
060462,鴻海元大9A購10  ,0,0,0,0,0,0,0,0,0,0,0,0,0,50000,50000,0,0
060515,臺股指元大9B購12,0,0,0,0,0,0,0,0,0,0,0,0,0,10000,10000,0,0
060527,台積電中信9C購04,0,0,0,0,0,0,0,0,0,0,0,0,0,10000,10000,0,0
060530,聯發科中信9C購03,0,0,0,0,0,0,0,0,0,0,0,0,0,10000,10000,0,0
060498,華通元大9A購03  ,0,0,0,0,0,0,0,0,0,0,0,0,0,1000,1000,0,0
060468,聯鈞元大9A購02  ,0,0,0,0,0,0,0,0,0,0,0,0,0,50000,50000,0,0
060662,旺宏凱基9A購03  ,0,0,0,0,0,0,0,0,0,0,0,0,0,10000,10000,0,0
060663,聯發科凱基9A購13,0,0,0,0,0,0,0,0,0,0,0,0,0,5000,5000,0,0
060660,國巨凱基9B購04  ,0,0,0,0,0,0,0,0,0,0,0,0,0,200000,200000,0,0
060607,玉晶光凱基9A購06,0,0,0,0,0,0,0,0,0,0,0,0,0,2000,2000,0,0
060860,國巨永豐9A購02  ,0,50000,-50000,0,0,0,0,0,0,50000,0,0,0,50000,0,50000,0
060827,健策元大9A購02  ,0,0,0,0,0,0,0,0,0,0,0,0,0,31000,31000,0,0
06077P,GIS凱基97售02   ,0,0,0,0,0,0,0,0,0,0,0,0,0,30000,30000,0,0
06156P,大立光統一97售05,0,0,0,0,0,0,0,0,0,0,0,0,0,40000,40000,0,0
061541,旺宏群益9A購03  ,0,0,0,0,0,0,0,0,0,0,0,0,0,7000,7000,0,0
061494,聯發科國票9A購04,0,0,0,0,0,0,0,0,0,0,0,0,0,11000,11000,0,0
061490,茂林兆豐9B購01  ,0,0,0,0,0,0,0,0,0,0,0,0,0,10000,10000,0,0
061485,鴻海兆豐9A購01  ,0,0,0,0,0,0,0,0,0,0,0,0,0,10000,10000,0,0
061420,國巨元大9A購22  ,0,0,0,0,0,0,0,0,0,0,0,0,0,25000,25000,0,0
061353,康控元大9A購01  ,0,0,0,0,0,0,0,0,0,0,0,0,0,17000,17000,0,0
061333,華通元大9A購08  ,0,0,0,0,0,0,0,0,0,0,0,0,0,3000,3000,0,0
061250,臺股指群益9A購01,0,0,0,0,0,0,0,0,0,0,0,0,0,2000,2000,0,0
061236,台積電元大9A購24,0,0,0,0,0,0,0,0,0,0,0,0,0,100000,100000,0,0
061260,台積電凱基9A購23,0,0,0,0,0,0,0,0,0,0,0,0,0,3000,3000,0,0
061276,T50反1台新9A購03,100000,0,100000,0,0,0,0,0,0,-100000,0,0,0,0,100000,-100000,0
061279,鴻海統一9C購04  ,0,0,0,0,0,0,0,0,0,0,0,0,0,9000,9000,0,0
061195,健策永豐9B購02  ,0,0,0,0,0,0,0,0,0,0,0,0,0,5000,5000,0,0
061104,華新科元大9A購13,0,0,0,0,0,0,0,0,0,0,0,0,0,80000,80000,0,0
061032,金像電永豐9A購03,0,0,0,0,0,0,0,0,0,0,0,0,0,199000,199000,0,0
060935,T50反1國票9A購08,100000,0,100000,0,0,0,0,0,0,-100000,0,0,0,0,100000,-100000,0
060924,大毅永豐9A購03  ,0,0,0,0,0,0,0,0,0,0,0,0,0,81000,81000,0,0
04229P,臺股指中信95售05,0,0,0,0,0,0,0,0,0,0,0,0,0,36000,36000,0,0
03444B,臺股指元大9C熊02,0,0,0,0,0,0,0,0,0,0,0,0,0,8000,8000,0,0
03604P,群創凱基98售05  ,0,0,0,0,0,0,0,0,0,0,0,0,0,80000,80000,0,0
048484,大立光國泰95購02,0,0,0,0,0,0,0,0,0,0,0,0,0,810000,810000,0,0
053293,聯發科中信9B購01,0,0,0,0,0,0,0,0,0,0,0,0,0,65000,65000,0,0
053229,南電台新97購01  ,0,0,0,0,0,0,0,0,0,0,0,0,0,20000,20000,0,0
051594,和碩元大96購01  ,0,0,0,0,0,0,0,0,0,0,0,0,0,100000,100000,0,0
051607,緯創群益96購02  ,0,0,0,0,0,0,0,0,0,0,0,0,0,88000,88000,0,0
053370,上証2X元大97購03,0,0,0,0,0,0,0,0,0,0,0,0,0,200000,200000,0,0
052521,友達元大9B購01  ,0,0,0,0,0,0,0,0,0,0,0,0,0,5000,5000,0,0
053357,可成統一96購02  ,0,0,0,0,0,0,0,0,0,0,0,0,0,5000,5000,0,0
051286,國巨統一97購01  ,0,0,0,0,0,0,0,0,0,0,0,0,0,100000,100000,0,0
051576,台積電元大97購02,0,0,0,0,0,0,0,0,0,0,0,0,0,144000,144000,0,0
051483,玉晶光凱基96購02,0,0,0,0,0,0,0,0,0,0,0,0,0,26000,26000,0,0
051415,晶技國票96購01  ,0,0,0,0,0,0,0,0,0,0,0,0,0,2000,2000,0,0
050100,台積電永昌96購02,0,0,0,0,0,0,0,0,0,0,0,0,0,100000,100000,0,0
050332,鴻海國泰96購05  ,0,0,0,0,0,0,0,0,0,0,0,0,0,20000,20000,0,0
050306,聯發科中信97購01,0,0,0,0,0,0,0,0,0,0,0,0,0,17000,17000,0,0
050579,聯發科國票95購04,0,0,0,0,0,0,0,0,0,0,0,0,0,17000,17000,0,0
046476,鴻海統一96購01  ,0,0,0,0,0,0,0,0,0,0,0,0,0,10000,10000,0,0
00657K,國泰日經225+U   ,0,0,0,0,0,0,0,0,0,0,0,0,0,100,100,0,0
00668K,國泰美國道瓊+U  ,0,0,0,0,0,0,0,0,0,0,0,0,0,100,100,0,0
00625K,富邦上証+R      ,0,0,0,0,0,0,0,0,0,0,0,0,0,50000,50000,0,0
00636K,國泰中國A50+U   ,0,0,0,0,0,0,0,0,0,0,0,0,0,100,100,0,0
00707R,元大S&P日圓反1  ,0,0,0,0,0,0,0,0,0,0,0,0,0,1000,1000,0,0
00700,富邦恒生國企    ,0,0,0,0,0,0,0,0,0,0,0,0,0,100000,100000,0,0
00732,國泰RMB短期報酬 ,0,0,0,0,0,0,0,0,0,0,0,0,0,100000,100000,0,0
00683L,元大美元指數正2 ,0,0,0,0,0,0,0,0,0,0,0,0,0,10000,10000,0,0
00774B,新光中國政金綠債,0,0,0,0,0,0,0,0,0,0,0,0,0,2000,2000,0,0
00775B,新光投等債15+   ,1000,0,1000,0,0,0,0,0,0,-1000,0,0,0,0,1000,-1000,0
051939,同欣電群益97購01,0,0,0,0,0,0,0,0,0,0,0,0,0,6000,6000,0,0
052072,健策統一95購02  ,0,0,0,0,0,0,0,0,0,0,0,0,0,99000,99000,0,0
052040,臺股指永昌95購01,0,0,0,0,0,0,0,0,0,0,0,0,0,30000,30000,0,0
053382,友達元大9C購02  ,0,0,0,0,0,0,0,0,0,0,0,0,0,10000,10000,0,0
052193,國巨元富95購06  ,0,0,0,0,0,0,0,0,0,0,0,0,0,50000,50000,0,0
051799,台積電永豐96購01,0,0,0,0,0,0,0,0,0,0,0,0,0,7000,7000,0,0
051843,聯發科富邦99購01,0,0,0,0,0,0,0,0,0,0,0,0,0,37000,37000,0,0
051756,台積電元大97購04,0,0,0,0,0,0,0,0,0,0,0,0,0,134000,134000,0,0
051745,玉晶光國泰97購06,0,0,0,0,0,0,0,0,0,0,0,0,0,1000,1000,0,0
053474,聯發科元大97購06,0,0,0,0,0,0,0,0,0,0,0,0,0,30000,30000,0,0
05347P,滬深2X元富9B售02,0,0,0,0,0,0,0,0,0,0,0,0,0,10000,10000,0,0
051667,光磊元大96購02  ,0,0,0,0,0,0,0,0,0,0,0,0,0,50000,50000,0,0
052884,台積電兆豐96購01,0,0,0,0,0,0,0,0,0,0,0,0,0,100000,100000,0,0
052606,聯發科元大97購04,0,0,0,0,0,0,0,0,0,0,0,0,0,36000,36000,0,0
052533,聯發科國泰96購03,0,0,0,0,0,0,0,0,0,0,0,0,0,27000,27000,0,0
052504,鴻海日盛95購03  ,0,0,0,0,0,0,0,0,0,0,0,0,0,3828000,3828000,0,0
052693,微星中信96購01  ,0,0,0,0,0,0,0,0,0,0,0,0,0,60000,60000,0,0
052791,友達兆豐97購01  ,0,0,0,0,0,0,0,0,0,0,0,0,0,10000,10000,0,0
052685,技嘉元大96購01  ,0,0,0,0,0,0,0,0,0,0,0,0,0,2000,2000,0,0
052740,聯發科元大96購07,0,0,0,0,0,0,0,0,0,0,0,0,0,90000,90000,0,0
055597,禾伸堂元大98購02,0,0,0,0,0,0,0,0,0,0,0,0,0,18000,18000,0,0
055624,聯發科富邦99購07,0,0,0,0,0,0,0,0,0,0,0,0,0,400000,400000,0,0
055670,矽創群益98購02  ,0,0,0,0,0,0,0,0,0,0,0,0,0,101000,101000,0,0
05562P,鴻海元大96售16  ,0,0,0,0,0,0,0,0,0,0,0,0,0,25000,25000,0,0
055586,旺宏元大98購06  ,0,0,0,0,0,0,0,0,0,0,0,0,0,1000,1000,0,0
055592,奇力新元大97購07,0,0,0,0,0,0,0,0,0,0,0,0,0,68000,68000,0,0
055511,大立光兆豐97購02,0,0,0,0,0,0,0,0,0,0,0,0,0,5000,5000,0,0
05549P,臺股指元大96售03,0,0,0,0,0,0,0,0,0,0,0,0,0,42000,42000,0,0
055533,大立光群益97購03,0,0,0,0,0,0,0,0,0,0,0,0,0,98000,98000,0,0
055568,緯穎凱基97購02  ,0,0,0,0,0,0,0,0,0,0,0,0,0,38000,38000,0,0
053542,超眾永豐96購01  ,0,0,0,0,0,0,0,0,0,0,0,0,0,10000,10000,0,0
052229,奇力新凱基96購01,0,0,0,0,0,0,0,0,0,0,0,0,0,10000,10000,0,0
053553,聯詠凱基96購03  ,0,0,0,0,0,0,0,0,0,0,0,0,0,50000,50000,0,0
052388,旺宏群益96購05  ,0,0,0,0,0,0,0,0,0,0,0,0,0,22000,22000,0,0
052311,台積電富邦95購09,0,0,0,0,0,0,0,0,0,0,0,0,0,30000,30000,0,0
052417,聯發科兆豐9B購01,0,0,0,0,0,0,0,0,0,0,0,0,0,112000,112000,0,0
055466,台達電凱基97購03,0,0,0,0,0,0,0,0,0,0,0,0,0,10000,10000,0,0
054475,鴻海中信96購04  ,0,0,0,0,0,0,0,0,0,0,0,0,0,220000,220000,0,0
059454,亞光永豐99購01  ,0,0,0,0,0,0,0,0,0,0,0,0,0,2000,2000,0,0
059466,國巨元大99購26  ,0,0,0,0,0,0,0,0,0,0,0,0,0,1000,1000,0,0
059334,A50正2國票9A購02,0,0,0,0,0,0,0,0,0,0,0,0,0,20000,20000,0,0
059340,鴻海凱基9A購12  ,0,0,0,0,0,0,0,0,0,0,0,0,0,90000,90000,0,0
059519,台郡永豐99購01  ,0,0,0,0,0,0,0,0,0,0,0,0,0,10000,10000,0,0
059541,T50正2康和99購01,0,0,0,0,0,0,0,0,0,0,0,0,0,20000,20000,0,0
059638,大立光凱基99購11,0,0,0,0,0,0,0,0,0,0,0,0,0,5000,5000,0,0
059689,南亞科永豐99購02,0,0,0,0,0,0,0,0,0,0,0,0,0,19000,19000,0,0
059214,國巨元大99購20  ,0,0,0,0,0,0,0,0,0,0,0,0,0,1000,1000,0,0
059247,可成凱基99購05  ,0,0,0,0,0,0,0,0,0,0,0,0,0,3000,3000,0,0
059302,大立光群益99購08,0,0,0,0,0,0,0,0,0,0,0,0,0,1000,1000,0,0
059278,群創元大9A購04  ,0,0,0,0,0,0,0,0,0,0,0,0,0,160000,160000,0,0
054939,台積電元大97購15,0,0,0,0,0,0,0,0,0,0,0,0,0,20000,20000,0,0
055392,凱美統一97購03  ,0,0,0,0,0,0,0,0,0,0,0,0,0,100000,100000,0,0
055437,禾伸堂中信99購01,0,0,0,0,0,0,0,0,0,0,0,0,0,20000,20000,0,0
055417,健策富邦98購02  ,0,0,0,0,0,0,0,0,0,0,0,0,0,51000,51000,0,0
055863,緯穎元大97購05  ,0,0,0,0,0,0,0,0,0,0,0,0,0,10000,10000,0,0
055837,致茂元大97購02  ,0,0,0,0,0,0,0,0,0,0,0,0,0,68000,68000,0,0
056011,矽力中信99購01  ,0,0,0,0,0,0,0,0,0,0,0,0,0,100000,100000,0,0
05582P,群創凱基98售06  ,0,0,0,0,0,0,0,0,0,0,0,0,0,80000,80000,0,0
05610P,國巨群益98售01  ,0,0,0,0,0,0,0,0,0,0,0,0,0,20000,20000,0,0
056116,義隆群益97購02  ,0,0,0,0,0,0,0,0,0,0,0,0,0,98000,98000,0,0
056057,華邦電元大97購05,0,0,0,0,0,0,0,0,0,0,0,0,0,68000,68000,0,0
056036,鴻海凱基97購07  ,0,0,0,0,0,0,0,0,0,0,0,0,0,4000,4000,0,0
056194,聯發科富邦9B購01,0,0,0,0,0,0,0,0,0,0,0,0,0,352000,352000,0,0
05617P,大立光統一97售02,0,0,0,0,0,0,0,0,0,0,0,0,0,50000,50000,0,0
056146,台虹元大98購01  ,0,0,0,0,0,0,0,0,0,0,0,0,0,170000,170000,0,0
055938,矽力群益97購01  ,0,0,0,0,0,0,0,0,0,0,0,0,0,78000,78000,0,0
055949,亞德客元大97購04,0,0,0,0,0,0,0,0,0,0,0,0,0,29000,29000,0,0
055929,聯發科群益97購05,0,0,0,0,0,0,0,0,0,0,0,0,0,181000,181000,0,0
055975,鴻海統一98購05  ,0,0,0,0,0,0,0,0,0,0,0,0,0,50000,50000,0,0
05598P,國巨元富96售03  ,0,0,0,0,0,0,0,0,0,0,0,0,0,232000,232000,0,0
055114,新日興凱基98購01,0,0,0,0,0,0,0,0,0,0,0,0,0,50000,50000,0,0
05530P,臺股指群益96售03,0,0,0,0,0,0,0,0,0,0,0,0,0,2000,2000,0,0
055282,聯發科元大97購15,0,0,0,0,0,0,0,0,0,0,0,0,0,3000,3000,0,0
055269,和大元大97購02  ,0,0,0,0,0,0,0,0,0,0,0,0,0,28000,28000,0,0
055244,國巨統一98購01  ,0,0,0,0,0,0,0,0,0,0,0,0,0,60000,60000,0,0
055383,GIS元大97購02   ,0,0,0,0,0,0,0,0,0,0,0,0,0,29000,29000,0,0
055367,台積電元大97購23,0,0,0,0,0,0,0,0,0,0,0,0,0,28000,28000,0,0
055362,GIS凱基97購03   ,0,0,0,0,0,0,0,0,0,0,0,0,0,29000,29000,0,0
055036,中工富邦9B購01  ,0,0,0,0,0,0,0,0,0,0,0,0,0,10000,10000,0,0
055788,緯穎凱基97購04  ,0,0,0,0,0,0,0,0,0,0,0,0,0,25000,25000,0,0
055717,聯發科元大97購19,0,0,0,0,0,0,0,0,0,0,0,0,0,20000,20000,0,0
053852,南亞科國泰98購01,0,0,0,0,0,0,0,0,0,0,0,0,0,66000,66000,0,0
053993,旺宏群益98購02  ,0,0,0,0,0,0,0,0,0,0,0,0,0,10000,10000,0,0
054003,鴻海統一96購13  ,0,0,0,0,0,0,0,0,0,0,0,0,0,4000,4000,0,0
053966,旺宏元大96購08  ,0,0,0,0,0,0,0,0,0,0,0,0,0,132000,132000,0,0
054092,大立光群益97購01,0,0,0,0,0,0,0,0,0,0,0,0,0,11000,11000,0,0
053626,台積電兆豐96購03,0,0,0,0,0,0,0,0,0,0,0,0,0,10000,10000,0,0
053585,友達元大9C購03  ,0,0,0,0,0,0,0,0,0,0,0,0,0,7000,7000,0,0
05420P,大立光國泰97售03,0,0,0,0,0,0,0,0,0,0,0,0,0,10000,10000,0,0
054185,喬山永豐96購02  ,0,0,0,0,0,0,0,0,0,0,0,0,0,110000,110000,0,0
053651,台光電凱基98購01,0,0,0,0,0,0,0,0,0,0,0,0,0,10000,10000,0,0
053643,漢唐國票97購02  ,0,0,0,0,0,0,0,0,0,0,0,0,0,8000,8000,0,0
054241,深中小元大98購01,0,0,0,0,0,0,0,0,0,0,0,0,0,40000,40000,0,0
056917,國巨兆豐98購03  ,0,0,0,0,0,0,0,0,0,0,0,0,0,70000,70000,0,0
056949,義隆統一98購01  ,0,0,0,0,0,0,0,0,0,0,0,0,0,20000,20000,0,0
057438,禾伸堂國票99購01,0,0,0,0,0,0,0,0,0,0,0,0,0,9000,9000,0,0
056969,智易永豐98購01  ,0,0,0,0,0,0,0,0,0,0,0,0,0,1000,1000,0,0
058969,亞德客永豐99購01,0,0,0,0,0,0,0,0,0,0,0,0,0,11000,11000,0,0
056866,矽創群益98購03  ,0,0,0,0,0,0,0,0,0,0,0,0,0,1000,1000,0,0
05686P,臺股指元大96售11,0,0,0,0,0,0,0,0,0,0,0,0,0,1000,1000,0,0
056897,南亞科元大98購02,0,0,0,0,0,0,0,0,0,0,0,0,0,68000,68000,0,0
057188,佐登元大98購01  ,0,0,0,0,0,0,0,0,0,0,0,0,0,5000,5000,0,0
05718P,國巨元大96售09  ,0,0,0,0,0,0,0,0,0,0,0,0,0,64000,64000,0,0
057484,南亞科元大98購06,0,0,0,0,0,0,0,0,0,0,0,0,0,68000,68000,0,0
057506,聯鈞國票99購02  ,0,0,0,0,0,0,0,0,0,0,0,0,0,38000,38000,0,0
058215,貿聯群益99購02  ,0,0,0,0,0,0,0,0,0,0,0,0,0,98000,98000,0,0
058213,欣興群益99購01  ,0,0,0,0,0,0,0,0,0,0,0,0,0,43000,43000,0,0
057636,上銀元大98購06  ,0,0,0,0,0,0,0,0,0,0,0,0,0,1000,1000,0,0
057637,上銀元大98購07  ,0,0,0,0,0,0,0,0,0,0,0,0,0,20000,20000,0,0
057643,聯發科元大99購03,0,0,0,0,0,0,0,0,0,0,0,0,0,30000,30000,0,0
057644,奇力新元大98購04,0,0,0,0,0,0,0,0,0,0,0,0,0,68000,68000,0,0
05767P,國巨凱基96售11  ,0,0,0,0,0,0,0,0,0,0,0,0,0,10000,10000,0,0
057975,台積電永豐98購05,0,0,0,0,0,0,0,0,0,0,0,0,0,4000,4000,0,0
057968,可成國泰9A購01  ,0,0,0,0,0,0,0,0,0,0,0,0,0,16000,16000,0,0
057983,緯穎永豐98購03  ,0,0,0,0,0,0,0,0,0,0,0,0,0,20000,20000,0,0
057981,臻鼎永豐98購01  ,0,0,0,0,0,0,0,0,0,0,0,0,0,41000,41000,0,0
057962,超眾元大99購03  ,0,0,0,0,0,0,0,0,0,0,0,0,0,10000,10000,0,0
057943,可成國票99購03  ,0,0,0,0,0,0,0,0,0,0,0,0,0,3000,3000,0,0
057915,台泥凱基98購01  ,0,0,0,0,0,0,0,0,0,0,0,0,0,106000,106000,0,0
057757,鴻海凱基98購13  ,0,0,0,0,0,0,0,0,0,0,0,0,0,3000,3000,0,0
056490,台積電國泰99購01,0,0,0,0,0,0,0,0,0,0,0,0,0,1010000,1010000,0,0
05779P,台積電統一96售06,0,0,0,0,0,0,0,0,0,0,0,0,0,10000,10000,0,0
057814,聯發科元大98購12,0,0,0,0,0,0,0,0,0,0,0,0,0,15000,15000,0,0
057821,晶相光元大98購03,0,0,0,0,0,0,0,0,0,0,0,0,0,2000,2000,0,0
057828,緯穎元大99購02  ,0,0,0,0,0,0,0,0,0,0,0,0,0,10000,10000,0,0
057876,隆達元大98購01  ,0,0,0,0,0,0,0,0,0,0,0,0,0,10000,10000,0,0
057910,華新科兆豐99購02,0,0,0,0,0,0,0,0,0,0,0,0,0,10000,10000,0,0
057854,聯發科國票99購03,0,0,0,0,0,0,0,0,0,0,0,0,0,210000,210000,0,0
057382,聯發科國泰9A購01,0,0,0,0,0,0,0,0,0,0,0,0,0,260000,260000,0,0
057429,華新科兆豐98購03,0,0,0,0,0,0,0,0,0,0,0,0,0,10000,10000,0,0
058089,聯發科元大98購15,0,0,0,0,0,0,0,0,0,0,0,0,0,10000,10000,0,0
058922,聯發科元富03購02,0,0,0,0,0,0,0,0,0,0,0,0,0,1000000,1000000,0,0
058907,健策元大99購04  ,0,0,0,0,0,0,0,0,0,0,0,0,0,17000,17000,0,0
056971,麗豐永豐98購01  ,0,0,0,0,0,0,0,0,0,0,0,0,0,68000,68000,0,0
056979,微星群益98購01  ,0,0,0,0,0,0,0,0,0,0,0,0,0,10000,10000,0,0
057019,台積電凱基98購14,0,0,0,0,0,0,0,0,0,0,0,0,0,80000,80000,0,0
057020,台積電凱基99購02,0,0,0,0,0,0,0,0,0,0,0,0,0,480000,480000,0,0
057089,奇力新元富98購01,0,0,0,0,0,0,0,0,0,0,0,0,0,98000,98000,0,0
057092,健策元富98購01  ,0,0,0,0,0,0,0,0,0,0,0,0,0,98000,98000,0,0
057126,台積電凱基99購03,0,0,0,0,0,0,0,0,0,0,0,0,0,40000,40000,0,0
057128,台光電凱基98購03,0,0,0,0,0,0,0,0,0,0,0,0,0,30000,30000,0,0
056404,嘉聯益群益9A購01,0,0,0,0,0,0,0,0,0,0,0,0,0,225000,225000,0,0
058009,智易國票99購01  ,0,0,0,0,0,0,0,0,0,0,0,0,0,6000,6000,0,0
057336,聯發科國票99購01,0,0,0,0,0,0,0,0,0,0,0,0,0,204000,204000,0,0
058812,台積電統一9B購06,0,0,0,0,0,0,0,0,0,0,0,0,0,2000,2000,0,0
058827,聯發科永豐9A購01,0,0,0,0,0,0,0,0,0,0,0,0,0,600000,600000,0,0
058044,鴻海元大99購07  ,0,0,0,0,0,0,0,0,0,0,0,0,0,15000,15000,0,0
058027,鴻海富邦98購04  ,0,0,0,0,0,0,0,0,0,0,0,0,0,2000,2000,0,0
058058,大立光元富9B購02,0,0,0,0,0,0,0,0,0,0,0,0,0,50000,50000,0,0
058061,貿聯元富9B購01  ,0,0,0,0,0,0,0,0,0,0,0,0,0,20000,20000,0,0
058068,旺宏凱基98購11  ,0,0,0,0,0,0,0,0,0,0,0,0,0,8000,8000,0,0
058069,美律凱基99購05  ,0,0,0,0,0,0,0,0,0,0,0,0,0,30000,30000,0,0
059166,友達凱基99購05  ,0,0,0,0,0,0,0,0,0,0,0,0,0,68000,68000,0,0
059197,可成永豐99購02  ,0,0,0,0,0,0,0,0,0,0,0,0,0,1000,1000,0,0
059162,國巨凱基99購12  ,0,0,0,0,0,0,0,0,0,0,0,0,0,2000,2000,0,0
060145,牧德國票9A購02  ,0,0,0,0,0,0,0,0,0,0,0,0,0,4000,4000,0,0
060147,臺股指國票9A購07,0,0,0,0,0,0,0,0,0,0,0,0,0,20000,20000,0,0
060139,T50反1國票9A購04,0,0,0,0,0,0,0,0,0,0,0,0,0,30000,30000,0,0
060156,光磊永豐9A購01  ,0,0,0,0,0,0,0,0,0,0,0,0,0,78000,78000,0,0
060064,華新科兆豐99購07,0,0,0,0,0,0,0,0,0,0,0,0,0,20000,20000,0,0
060059,鴻海兆豐99購06  ,0,0,0,0,0,0,0,0,0,0,0,0,0,7000,7000,0,0
060100,新光金元大9C購01,0,0,0,0,0,0,0,0,0,0,0,0,0,20000,20000,0,0
060096,聯發科元大99購43,0,0,0,0,0,0,0,0,0,0,0,0,0,1000,1000,0,0
059901,滬深2X元大9C購07,0,0,0,0,0,0,0,0,0,0,0,0,0,4000,4000,0,0
060399,康友國票9A購02  ,0,0,0,0,0,0,0,0,0,0,0,0,0,20000,20000,0,0
060394,欣興麥證9A購01  ,0,0,0,4000,4000,0,0,0,0,0,0,0,0,4000,4000,0,0
05998P,台積電元大97售12,0,0,0,0,0,0,0,0,0,0,0,0,0,550000,550000,0,0
059990,健策元大9A購01  ,0,0,0,0,0,0,0,0,0,0,0,0,0,4000,4000,0,0
059929,華新科富邦9C購03,0,0,0,0,0,0,0,0,0,0,0,0,0,5000,5000,0,0
056754,智易兆豐99購01  ,0,0,0,0,0,0,0,0,0,0,0,0,0,10000,10000,0,0
056794,上銀麥證98購01  ,0,0,0,1000,1000,0,0,0,0,0,0,0,0,1000,1000,0,0
059731,康控元大99購04  ,0,0,0,0,0,0,0,0,0,0,0,0,0,7000,7000,0,0
059762,禾伸堂永豐99購02,0,0,0,0,0,0,0,0,0,0,0,0,0,10000,10000,0,0
05974P,國巨富邦97售03  ,0,0,0,0,0,0,0,0,0,0,0,0,0,30000,30000,0,0
059721,旺宏元大99購16  ,0,0,0,0,0,0,0,0,0,0,0,0,0,32000,32000,0,0
059716,鴻海元大99購35  ,0,0,0,0,0,0,0,0,0,0,0,0,0,3000,3000,0,0
060291,高鐵元大9A購01  ,0,0,0,0,0,0,0,0,0,0,0,0,0,16000,16000,0,0
05980P,台積電永昌96售09,0,0,0,0,0,0,0,0,0,0,0,0,0,590000,590000,0,0
059805,台積電元富99購02,0,0,0,0,0,0,0,0,0,0,0,0,0,60000,60000,0,0
059795,鴻海國票99購07  ,0,0,0,0,0,0,0,0,0,0,0,0,0,4000,4000,0,0
056307,貿聯元大97購05  ,0,0,0,0,0,0,0,0,0,0,0,0,0,68000,68000,0,0
056365,欣興元大98購01  ,0,0,0,0,0,0,0,0,0,0,0,0,0,32000,32000,0,0
056740,大立光凱基98購13,0,0,0,0,0,0,0,0,0,0,0,0,0,10000,10000,0,0
056354,國巨元大98購10  ,0,0,0,0,0,0,0,0,0,0,0,0,0,6000,6000,0,0
056260,鴻海統一98購07  ,0,0,0,0,0,0,0,0,0,0,0,0,0,4000,4000,0,0
056261,台積電統一97購07,0,0,0,0,0,0,0,0,0,0,0,0,0,870000,870000,0,0
058659,力成中信99購01  ,0,0,0,0,0,0,0,0,0,0,0,0,0,5000,5000,0,0
058702,國巨元大99購16  ,0,0,0,0,0,0,0,0,0,0,0,0,0,10000,10000,0,0
058624,台積電國票99購09,0,0,0,0,0,0,0,0,0,0,0,0,0,325000,325000,0,0
058627,聯發科國票99購04,0,0,0,0,0,0,0,0,0,0,0,0,0,110000,110000,0,0
05862P,大立光國泰98售01,0,0,0,0,0,0,0,0,0,0,0,0,0,10000,10000,0,0
058761,欣興群益99購02  ,0,0,0,0,0,0,0,0,0,0,0,0,0,10000,10000,0,0
058758,台積電群益99購05,0,0,0,0,0,0,0,0,0,0,0,0,0,5000,5000,0,0
058791,鴻海元大99購17  ,0,0,0,0,0,0,0,0,0,0,0,0,0,50000,50000,0,0
058698,華通元大99購05  ,0,0,0,0,0,0,0,0,0,0,0,0,0,25000,25000,0,0
058577,南亞科群益99購02,0,0,0,0,0,0,0,0,0,0,0,0,0,20000,20000,0,0
058538,智邦台新99購02  ,0,0,0,0,0,0,0,0,0,0,0,0,0,1000,1000,0,0
058512,宏達電元大99購04,0,0,0,0,0,0,0,0,0,0,0,0,0,68000,68000,0,0
058980,鴻海凱基99購06  ,0,0,0,0,0,0,0,0,0,0,0,0,0,23000,23000,0,0
058986,華新科凱基9A購03,0,0,0,0,0,0,0,0,0,0,0,0,0,7000,7000,0,0
058983,旺宏凱基99購05  ,0,0,0,0,0,0,0,0,0,0,0,0,0,6000,6000,0,0
058998,鴻海元大99購22  ,0,0,0,0,0,0,0,0,0,0,0,0,0,11000,11000,0,0
058350,T50正2凱基9B購01,0,0,0,0,0,0,0,0,0,0,0,0,0,20000,20000,0,0
058340,高股息群益99購01,0,0,0,0,0,0,0,0,0,0,0,0,0,200000,200000,0,0
05756P,臺股指中信99售05,0,0,0,0,0,0,0,0,0,0,0,0,0,1000,1000,0,0
058330,鴻海元富99購01  ,0,0,0,0,0,0,0,0,0,0,0,0,0,50000,50000,0,0
057523,大成鋼元大99購01,0,0,0,0,0,0,0,0,0,0,0,0,0,100000,100000,0,0
057525,光磊元大99購01  ,0,0,0,0,0,0,0,0,0,0,0,0,0,1000,1000,0,0
057559,可成兆豐99購02  ,0,0,0,0,0,0,0,0,0,0,0,0,0,30000,30000,0,0
056655,旺宏元大99購02  ,0,0,0,0,0,0,0,0,0,0,0,0,0,51000,51000,0,0
056682,鴻海統一98購10  ,0,0,0,0,0,0,0,0,0,0,0,0,0,4000,4000,0,0
059131,國巨群益99購07  ,0,0,0,0,0,0,0,0,0,0,0,0,0,1000,1000,0,0
058477,億光凱基9A購01  ,0,0,0,0,0,0,0,0,0,0,0,0,0,9000,9000,0,0
058426,旺宏元富99購02  ,0,0,0,0,0,0,0,0,0,0,0,0,0,100000,100000,0,0
058417,國巨麥證99購01  ,0,0,0,100000,0,100000,0,0,0,0,0,0,0,100000,100000,0,0
058419,聯發科麥證99購02,0,0,0,240000,0,240000,0,0,0,0,0,0,0,240000,240000,0,0
058435,旺宏統一9B購02  ,0,0,0,0,0,0,0,0,0,0,0,0,0,200000,200000,0,0
058491,滬深2X群益01購01,0,0,0,0,0,0,0,0,0,0,0,0,0,347000,347000,0,0
059053,鴻海凱基99購07  ,0,0,0,0,0,0,0,0,0,0,0,0,0,2000,2000,0,0
059085,鴻海元大99購25  ,0,0,0,0,0,0,0,0,0,0,0,0,0,15000,15000,0,0
4763,材料-KY         ,19000,31000,-12000,0,0,0,0,0,0,12000,16000,4000,12000,0,0,0,0
07746P,華新科凱基9A售11,0,0,0,0,0,0,0,0,0,0,0,0,0,60000,60000,0,0
07693P,群創元大9B售10  ,0,0,0,0,0,0,0,0,0,0,0,0,0,80000,80000,0,0
07784P,華新科富邦9B售04,0,0,0,0,0,0,0,0,0,0,0,0,0,60000,60000,0,0
07856P,力成凱基9A售02  ,0,0,0,0,0,0,0,0,0,0,0,0,0,163000,163000,0,0
07635P,世芯永豐9A售05  ,0,0,0,0,0,0,0,0,0,0,0,0,0,50000,50000,0,0
07551P,國巨元大9A售10  ,0,0,0,0,0,0,0,0,0,0,0,0,0,200000,200000,0,0
07497P,鴻海元大9A售06  ,0,0,0,0,0,0,0,0,0,0,0,0,0,82000,82000,0,0
07357P,鴻海元大99售38  ,0,0,0,0,0,0,0,0,0,0,0,0,0,50000,50000,0,0
07322P,鴻海元大99售33  ,0,0,0,0,0,0,0,0,0,0,0,0,0,25000,25000,0,0
07386P,臺股指群益99售24,0,0,0,0,0,0,0,0,0,0,0,0,0,60000,60000,0,0
07409P,台積電台新99售07,0,0,0,0,0,0,0,0,0,0,0,0,0,99000,99000,0,0
07239P,台灣50國票9A售04,0,0,0,0,0,0,0,0,0,0,0,0,0,2000,2000,0,0
07270P,台灣50元大01售09,0,0,0,0,0,0,0,0,0,0,0,0,0,4000,4000,0,0
07118P,台積電凱基99售09,0,0,0,0,0,0,0,0,0,0,0,0,0,800000,800000,0,0
07113P,台積電兆豐99售03,0,0,0,0,0,0,0,0,0,0,0,0,0,100000,100000,0,0
07034P,大立光元富99售03,0,0,0,0,0,0,0,0,0,0,0,0,0,6000,6000,0,0
07038P,華新科台新99售01,0,0,0,0,0,0,0,0,0,0,0,0,0,50000,50000,0,0
06999P,玉晶光國票9B售01,0,0,0,0,0,0,0,0,0,0,0,0,0,2000,2000,0,0
07004P,大立光兆豐9A售01,0,0,0,0,0,0,0,0,0,0,0,0,0,20000,20000,0,0
06978P,聯發科富邦9B售02,0,0,0,0,0,0,0,0,0,0,0,0,0,15000,15000,0,0
06919P,臺股指日盛98售02,0,0,0,0,0,0,0,0,0,0,0,0,0,10000,10000,0,0
06911P,鴻海元大99售09  ,0,0,0,0,0,0,0,0,0,0,0,0,0,16000,16000,0,0
06906P,國巨國泰99售01  ,0,0,0,0,0,0,0,0,0,0,0,0,0,10000,10000,0,0
2302,麗正            ,1000,1000,0,0,0,0,0,0,0,0,0,0,0,0,0,0,0
2002A,中鋼特          ,0,0,0,0,0,0,0,0,0,0,6000,6000,0,0,0,0,0
07905P,大立光群益9B售04,0,0,0,0,0,0,0,0,0,0,0,0,0,5000,5000,0,0
07936P,臺股指國票9B售08,0,0,0,0,0,0,0,0,0,0,0,0,0,13000,13000,0,0
1529,樂士            ,0,2000,-2000,0,0,0,0,0,0,2000,2000,0,2000,0,0,0,0
1436,華友聯          ,6000,6000,0,0,0,0,0,0,0,0,0,0,0,0,0,0,0
060940,國巨國票9B購03  ,0,0,0,0,0,0,0,0,0,-1000,0,0,0,7000,8000,-1000,-1000
061088,國巨統一9C購05  ,0,0,0,0,0,0,0,0,0,-1000,0,0,0,0,1000,-1000,-1000
061235,台積電元大9A購23,0,0,0,0,0,0,0,0,0,-1000,0,0,0,0,1000,-1000,-1000
061316,台積電凱基9A購24,0,0,0,0,0,0,0,0,0,-1000,0,0,0,3000,4000,-1000,-1000
061286,大立光統一9A購05,0,0,0,0,0,0,0,0,0,-1000,0,0,0,10000,11000,-1000,-1000
061403,滬深2X國票9A購06,0,0,0,0,0,0,0,0,0,-1000,0,0,0,0,1000,-1000,-1000
06148P,台積電元大97售17,0,0,0,0,0,0,0,0,0,-1000,0,0,0,0,1000,-1000,-1000
061480,泰碩元大9B購01  ,0,0,0,0,0,0,0,0,0,-1000,0,0,0,152000,153000,-1000,-1000
061498,大立光國票9A購10,0,0,0,0,0,0,0,0,0,-1000,0,0,0,0,1000,-1000,-1000
061505,力成國票9A購03  ,0,0,0,0,0,0,0,0,0,-1000,0,0,0,46000,47000,-1000,-1000
061507,南電國票9A購05  ,0,0,0,0,0,0,0,0,0,-1000,0,0,0,0,1000,-1000,-1000
061543,南亞科群益9A購01,0,0,0,0,0,0,0,0,0,-1000,0,0,0,5000,6000,-1000,-1000
06074P,台積電凱基98售04,0,0,0,0,0,0,0,0,0,-1000,0,0,0,0,1000,-1000,-1000
060824,旺宏元大9A購06  ,0,0,0,0,0,0,0,0,0,-1000,0,0,0,10000,11000,-1000,-1000
060840,可成國票9B購01  ,0,0,0,0,0,0,0,0,0,-1000,0,0,0,0,1000,-1000,-1000
060852,京鼎國泰9B購01  ,0,0,0,0,0,0,0,0,0,-1000,0,0,0,0,1000,-1000,-1000
060591,富邦金台新9A購01,0,0,0,0,0,0,0,0,0,-1000,0,0,0,0,1000,-1000,-1000
060567,華擎富邦9C購01  ,0,0,0,0,0,0,0,0,0,-1000,0,0,0,0,1000,-1000,-1000
060719,瀚宇博永豐9A購01,0,0,0,0,0,0,0,0,0,-1000,0,0,0,2000,3000,-1000,-1000
060488,台灣50群益9C購01,0,0,0,0,0,0,0,0,0,-1000,0,0,0,0,1000,-1000,-1000
060520,臺指2X中信01購02,0,0,0,0,0,0,0,0,0,-1000,0,0,0,0,1000,-1000,-1000
060219,聯發科凱基9A購09,0,0,0,0,0,0,0,0,0,-1000,0,0,0,0,1000,-1000,-1000
060174,T50反1元富04購01,0,0,0,0,0,0,0,0,0,-1000,0,0,0,0,1000,-1000,-1000
060271,台灣50元大9C購23,0,0,0,0,0,0,0,0,0,-1000,0,0,0,62000,63000,-1000,-1000
060317,台灣50群益02購01,0,0,0,0,0,0,0,0,0,-1000,0,0,0,0,1000,-1000,-1000
062510,台積電國票01購01,0,0,0,0,0,0,0,0,0,-1000,0,0,0,0,1000,-1000,-1000
06295P,國巨元大97售14  ,0,0,0,0,0,0,0,0,0,-1000,0,0,0,0,1000,-1000,-1000
06618P,智邦元大98售04  ,0,0,0,0,0,0,0,0,0,-1000,0,0,0,0,1000,-1000,-1000
06687P,A50正2中信9A售01,0,0,0,0,0,0,0,0,0,-1000,0,0,0,0,1000,-1000,-1000
06490P,鴻海富邦99售02  ,0,0,0,0,0,0,0,0,0,-1000,0,0,0,9000,10000,-1000,-1000
062093,台積電富邦9C購11,0,0,0,0,0,0,0,0,0,-1000,0,0,0,0,1000,-1000,-1000
062146,大毅國票9B購01  ,0,0,0,0,0,0,0,0,0,-1000,0,0,0,1000,2000,-1000,-1000
062065,台灣50元大9B購14,0,0,0,0,0,0,0,0,0,-1000,0,0,0,0,1000,-1000,-1000
062053,華通統一9C購02  ,0,0,0,0,0,0,0,0,0,-1000,0,0,0,40000,41000,-1000,-1000
062011,上銀富邦9C購01  ,0,0,0,0,0,0,0,0,0,-1000,0,0,0,0,1000,-1000,-1000
06197P,國巨元大97售08  ,0,0,0,0,0,0,0,0,0,-1000,0,0,0,210000,211000,-1000,-1000
061962,台積電統一01購03,0,0,0,0,0,0,0,0,0,-1000,0,0,0,1000,2000,-1000,-1000
061946,鴻海群益9B購03  ,0,0,0,0,0,0,0,0,0,-1000,0,0,0,34000,35000,-1000,-1000
061882,矽創元大9B購01  ,0,0,0,0,0,0,0,0,0,-1000,0,0,0,104000,105000,-1000,-1000
06176P,台積電元大97售22,0,0,0,0,0,0,0,0,0,-1000,0,0,0,0,1000,-1000,-1000
061607,台表科凱基9B購02,0,0,0,0,0,0,0,0,0,-1000,0,0,0,259000,260000,-1000,-1000
06161P,聯發科群益97售03,0,0,0,0,0,0,0,0,0,-1000,0,0,0,6000,7000,-1000,-1000
061653,上証2X國票9A購02,0,0,0,0,0,0,0,0,0,-1000,0,0,0,0,1000,-1000,-1000
054390,智邦元富96購03  ,0,0,0,0,0,0,0,0,0,-1000,0,0,0,0,1000,-1000,-1000
054106,元油反凱基9C購01,0,0,0,0,0,0,0,0,0,-1000,0,0,0,0,1000,-1000,-1000
053930,S&P反1統一98購01,0,0,0,0,0,0,0,0,0,-1000,0,0,0,0,1000,-1000,-1000
05570P,聯發科統一96售04,0,0,0,0,0,0,0,0,0,-1000,0,0,0,19000,20000,-1000,-1000
053817,華新科群益97購02,0,0,0,0,0,0,0,0,0,-1000,0,0,0,0,1000,-1000,-1000
054828,正崴國泰99購01  ,0,0,0,0,0,0,0,0,0,-1000,0,0,0,0,1000,-1000,-1000
055305,旺宏群益99購01  ,0,0,0,0,0,0,0,0,0,-1000,0,0,0,0,1000,-1000,-1000
056080,世紀鋼元大97購03,0,0,0,0,0,0,0,0,0,-1000,0,0,0,0,1000,-1000,-1000
056145,緯穎元大98購03  ,0,0,0,0,0,0,0,0,0,-1000,0,0,0,0,1000,-1000,-1000
055008,隆達元富97購01  ,0,0,0,0,0,0,0,0,0,-1000,0,0,0,0,1000,-1000,-1000
054961,玉晶光元大99購01,0,0,0,0,0,0,0,0,0,-1000,0,0,0,0,1000,-1000,-1000
05587P,鴻海凱基96售12  ,0,0,0,0,0,0,0,0,0,-1000,0,0,0,0,1000,-1000,-1000
055873,聚陽元富97購01  ,0,0,0,0,0,0,0,0,0,-1000,0,0,0,0,1000,-1000,-1000
055845,大立光元大97購08,0,0,0,0,0,0,0,0,0,-1000,0,0,0,0,1000,-1000,-1000
059429,台積電元大99購35,0,0,0,0,0,0,0,0,0,-1000,0,0,0,0,1000,-1000,-1000
059415,台灣50元大9A購03,0,0,0,0,0,0,0,0,0,-1000,0,0,0,0,1000,-1000,-1000
054470,緯穎國票97購04  ,0,0,0,0,0,0,0,0,0,-1000,0,0,0,1000,2000,-1000,-1000
054556,世芯凱基99購01  ,0,0,0,0,0,0,0,0,0,-1000,0,0,0,0,1000,-1000,-1000
054509,上証反元大99購01,0,0,0,0,0,0,0,0,0,-1000,0,0,0,0,1000,-1000,-1000
054510,S&P反1元大98購01,0,0,0,0,0,0,0,0,0,-1000,0,0,0,0,1000,-1000,-1000
054511,香港反元大98購01,0,0,0,0,0,0,0,0,0,-1000,0,0,0,0,1000,-1000,-1000
052413,上証反中信97購01,0,0,0,0,0,0,0,0,0,-1000,0,0,0,10000,11000,-1000,-1000
052325,高股息中信99購01,0,0,0,0,0,0,0,0,0,-1000,0,0,0,0,1000,-1000,-1000
052382,臺股指元大95購23,0,0,0,0,0,0,0,0,0,-1000,0,0,0,0,1000,-1000,-1000
055557,華新科凱基97購01,0,0,0,0,0,0,0,0,0,-1000,0,0,0,0,1000,-1000,-1000
055590,聯發科元大98購02,0,0,0,0,0,0,0,0,0,-1000,0,0,0,129000,130000,-1000,-1000
054665,華通元富97購02  ,0,0,0,0,0,0,0,0,0,-1000,0,0,0,0,1000,-1000,-1000
051638,聯茂國票96購01  ,0,0,0,0,0,0,0,0,0,-1000,0,0,0,0,1000,-1000,-1000
053519,力成群益96購02  ,0,0,0,0,0,0,0,0,0,-1000,0,0,0,0,1000,-1000,-1000
052060,旺宏國票96購02  ,0,0,0,0,0,0,0,0,0,-1000,0,0,0,0,1000,-1000,-1000
052031,臺股指群益95購04,0,0,0,0,0,0,0,0,0,-1000,0,0,0,0,1000,-1000,-1000
03012X,元展12          ,0,0,0,0,0,0,0,0,0,-1000,0,0,0,8000,9000,-1000,-1000
03015X,元展15          ,0,0,0,0,0,0,0,0,0,-1000,0,0,0,0,1000,-1000,-1000
03022X,富展01          ,0,0,0,0,0,0,0,0,0,-1000,0,0,0,0,1000,-1000,-1000
03417B,臺股指凱基95熊19,0,0,0,0,0,0,0,0,0,-1000,0,0,0,0,1000,-1000,-1000
050049,華通群益96購01  ,0,0,0,0,0,0,0,0,0,-1000,0,0,0,0,1000,-1000,-1000
051558,元金2X國泰97購01,0,0,0,0,0,0,0,0,0,-1000,0,0,0,0,1000,-1000,-1000
05336P,臺股指國票95售05,0,0,0,0,0,0,0,0,0,-1000,0,0,0,0,1000,-1000,-1000
042317,台灣50永豐96購01,0,0,0,0,0,0,0,0,0,-1000,0,0,0,0,1000,-1000,-1000
04293P,滬深2X元大96售02,0,0,0,0,0,0,0,0,0,-1000,0,0,0,0,1000,-1000,-1000
04479P,同欣電中信96售02,0,0,0,0,0,0,0,0,0,-1000,0,0,0,0,1000,-1000,-1000
039212,台達電台新9A購01,0,0,0,0,0,0,0,0,0,-1000,0,0,0,0,1000,-1000,-1000
053088,奇鋐元大98購01  ,0,0,0,0,0,0,0,0,0,-1000,0,0,0,100000,101000,-1000,-1000
058444,國巨富邦9B購01  ,0,0,0,0,0,0,0,0,0,-1000,0,0,0,10000,11000,-1000,-1000
058415,祥碩兆豐99購01  ,0,0,0,0,0,0,0,0,0,-1000,0,0,0,1000,2000,-1000,-1000
05845P,大立光元大96售06,0,0,0,0,0,0,0,0,0,-1000,0,0,0,0,1000,-1000,-1000
059137,電子類群益99購01,0,0,0,0,0,0,0,0,0,-1000,0,0,0,18000,19000,-1000,-1000
056641,華通凱基98購03  ,0,0,0,0,0,0,0,0,0,-1000,0,0,0,5000,6000,-1000,-1000
056671,台灣50元富9A購01,0,0,0,0,0,0,0,0,0,-1000,0,0,0,0,1000,-1000,-1000
058332,鴻海元富99購03  ,0,0,0,0,0,0,0,0,0,-1000,0,0,0,0,1000,-1000,-1000
058355,旺宏凱基99購04  ,0,0,0,0,0,0,0,0,0,-1000,0,0,0,0,1000,-1000,-1000
059008,鈺齊元大99購03  ,0,0,0,0,0,0,0,0,0,-1000,0,0,0,0,1000,-1000,-1000
059047,元油2X凱基9A購10,0,0,0,0,0,0,0,0,0,-1000,0,0,0,13000,14000,-1000,-1000
05876P,聯發科群益96售03,0,0,0,0,0,0,0,0,0,-1000,0,0,0,1000,2000,-1000,-1000
058631,鈺齊國票9A購01  ,0,0,0,0,0,0,0,0,0,-1000,0,0,0,1000,2000,-1000,-1000
056219,T50反1日盛02購01,0,0,0,0,0,0,0,0,0,-1000,0,0,0,0,1000,-1000,-1000
058368,奇鋐凱基9A購01  ,0,0,0,0,0,0,0,0,0,-1000,0,0,0,0,1000,-1000,-1000
058362,聯發科凱基99購06,0,0,0,0,0,0,0,0,0,-1000,0,0,0,0,1000,-1000,-1000
056744,麗豐凱基9A購01  ,0,0,0,0,0,0,0,0,0,-1000,0,0,0,0,1000,-1000,-1000
059973,A50正2元大99購02,0,0,0,0,0,0,0,0,0,-1000,0,0,0,1000,2000,-1000,-1000
059835,聯發科國泰9B購01,0,0,0,0,0,0,0,0,0,-1000,0,0,0,0,1000,-1000,-1000
056796,國巨麥證98購02  ,0,0,0,7000,8000,-1000,0,0,0,-1000,0,0,0,7000,8000,-1000,-1000
057600,大立光群益99購03,0,0,0,0,0,0,0,0,0,-1000,0,0,0,0,1000,-1000,-1000
059936,台積電永豐99購06,0,0,0,0,0,0,0,0,0,-1000,0,0,0,9000,10000,-1000,-1000
060389,世紀鋼凱基9B購02,0,0,0,0,0,0,0,0,0,-1000,0,0,0,0,1000,-1000,-1000
059883,T50反1國票99購02,0,0,0,0,0,0,0,0,0,-1000,0,0,0,0,1000,-1000,-1000
060048,元金2X凱基99購03,0,0,0,0,0,0,0,0,0,-1000,0,0,0,0,1000,-1000,-1000
058881,全新永豐99購01  ,0,0,0,0,0,0,0,0,0,-1000,0,0,0,101000,102000,-1000,-1000
059192,臺股指富邦9C購01,0,0,0,0,0,0,0,0,0,-1000,0,0,0,0,1000,-1000,-1000
058846,鴻海群益99購03  ,0,0,0,0,0,0,0,0,0,-1000,0,0,0,5000,6000,-1000,-1000
05732P,臺股指統一96售02,0,0,0,0,0,0,0,0,0,-1000,0,0,0,0,1000,-1000,-1000
058020,大立光凱基99購03,0,0,0,0,0,0,0,0,0,-1000,0,0,0,0,1000,-1000,-1000
057352,大立光統一9A購02,0,0,0,0,0,0,0,0,0,-1000,0,0,0,0,1000,-1000,-1000
056444,南亞科凱基99購01,0,0,0,0,0,0,0,0,0,-1000,0,0,0,0,1000,-1000,-1000
056435,台積電凱基98購09,0,0,0,0,0,0,0,0,0,-1000,0,0,0,0,1000,-1000,-1000
056413,上証反中信9A購01,0,0,0,0,0,0,0,0,0,-1000,0,0,0,0,1000,-1000,-1000
056419,欣興元富98購02  ,0,0,0,0,0,0,0,0,0,-1000,0,0,0,13000,14000,-1000,-1000
057008,華新科中信99購02,0,0,0,0,0,0,0,0,0,-1000,0,0,0,0,1000,-1000,-1000
057038,元油2X元大9B購06,0,0,0,0,0,0,0,0,0,-1000,0,0,0,0,1000,-1000,-1000
057025,華新科凱基98購04,0,0,0,0,0,0,0,0,0,-1000,0,0,0,0,1000,-1000,-1000
057030,滬深反元大9B購01,0,0,0,0,0,0,0,0,0,-1000,0,0,0,0,1000,-1000,-1000
058163,道瓊反凱基9B購01,0,0,0,0,0,0,0,0,0,-1000,0,0,0,10000,11000,-1000,-1000
058134,信邦元大99購01  ,0,0,0,0,0,0,0,0,0,-1000,0,0,0,21000,22000,-1000,-1000
057427,華通兆豐99購01  ,0,0,0,0,0,0,0,0,0,-1000,0,0,0,0,1000,-1000,-1000
057899,台積電永豐98購04,0,0,0,0,0,0,0,0,0,-1000,0,0,0,0,1000,-1000,-1000
056550,瑞儀凱基99購01  ,0,0,0,0,0,0,0,0,0,-1000,0,0,0,0,1000,-1000,-1000
057609,友訊元富98購01  ,0,0,0,0,0,0,0,0,0,-1000,0,0,0,632000,633000,-1000,-1000
057617,國巨凱基99購06  ,0,0,0,0,0,0,0,0,0,-1000,0,0,0,0,1000,-1000,-1000
058218,緯穎群益99購01  ,0,0,0,0,0,0,0,0,0,-1000,0,0,0,0,1000,-1000,-1000
058205,神達凱基9B購01  ,0,0,0,0,0,0,0,0,0,-1000,0,0,0,0,1000,-1000,-1000
057500,神達群益98購01  ,0,0,0,0,0,0,0,0,0,-1000,0,0,0,0,1000,-1000,-1000
057175,美律元大98購03  ,0,0,0,0,0,0,0,0,0,-1000,0,0,0,0,1000,-1000,-1000
1438,裕豐            ,0,1000,-1000,0,0,0,0,0,0,0,0,0,0,0,0,0,-1000
1453,大將            ,0,1000,-1000,0,0,0,0,0,0,0,0,0,0,0,0,0,-1000
1724,台硝            ,0,1000,-1000,0,0,0,0,0,0,0,0,0,0,0,0,0,-1000
1805,寶徠            ,0,1000,-1000,0,0,0,0,0,0,0,0,0,0,0,0,0,-1000
07910P,台積電統一9C售07,0,0,0,0,0,0,0,0,0,-1000,0,0,0,0,1000,-1000,-1000
07913P,友達元大01售01  ,0,0,0,0,0,0,0,0,0,-1000,0,0,0,0,1000,-1000,-1000
07892P,臺股指國票9B售02,0,0,0,0,0,0,0,0,0,-1000,0,0,0,0,1000,-1000,-1000
1341,富林-KY         ,0,1000,-1000,0,0,0,0,0,0,0,0,0,0,0,0,0,-1000
1413,宏洲            ,2000,3000,-1000,0,0,0,0,0,0,0,0,0,0,0,0,0,-1000
2033,佳大            ,0,1000,-1000,0,0,0,0,0,0,0,0,0,0,0,0,0,-1000
2115,六暉-KY         ,0,1000,-1000,0,0,0,0,0,0,0,0,0,0,0,0,0,-1000
2722,夏都            ,0,1000,-1000,0,0,0,0,0,0,0,0,0,0,0,0,0,-1000
2616,山隆            ,4000,6000,-2000,0,0,0,0,0,0,1000,1000,0,1000,0,0,0,-1000
07109P,聯發科中信9B售02,0,0,0,0,0,0,0,0,0,-1000,0,0,0,20000,21000,-1000,-1000
07376P,聯發科元大99售39,0,0,0,0,0,0,0,0,0,-1000,0,0,0,0,1000,-1000,-1000
07316P,長榮航康和99售01,0,0,0,0,0,0,0,0,0,-1000,0,0,0,0,1000,-1000,-1000
07312P,台灣50元大99售10,0,0,0,0,0,0,0,0,0,-1000,0,0,0,0,1000,-1000,-1000
07302P,臺股指元大9A售35,0,0,0,0,0,0,0,0,0,-1000,0,0,0,0,1000,-1000,-1000
07426P,上証2X國票9B售01,0,0,0,0,0,0,0,0,0,-1000,0,0,0,0,1000,-1000,-1000
4807,日成-KY         ,4000,5000,-1000,0,0,0,0,0,0,0,0,0,0,0,0,0,-1000
4148,全宇生技-KY     ,0,1000,-1000,0,0,0,0,0,0,0,0,0,0,0,0,0,-1000
6128,上福            ,2000,3000,-1000,0,0,0,0,0,0,0,0,0,0,0,0,0,-1000
5538,東明-KY         ,0,1000,-1000,0,0,0,0,0,0,0,0,0,0,0,0,0,-1000
3027,盛達            ,16000,15000,1000,0,0,0,0,0,0,-2000,0,2000,-2000,0,0,0,-1000
3040,遠見            ,0,1000,-1000,0,0,0,0,0,0,0,0,0,0,0,0,0,-1000
2901,欣欣            ,0,1000,-1000,0,0,0,0,0,0,0,0,0,0,0,0,0,-1000
3528,安馳            ,2000,3000,-1000,0,0,0,0,0,0,0,0,0,0,0,0,0,-1000
3383,新世紀          ,0,1000,-1000,0,0,0,0,0,0,0,0,0,0,0,0,0,-1000
9926,新海            ,0,1000,-1000,0,0,0,0,0,0,0,0,0,0,0,0,0,-1000
9929,秋雨            ,0,1000,-1000,0,0,0,0,0,0,0,0,0,0,0,0,0,-1000
9906,欣巴巴          ,1000,2000,-1000,0,0,0,0,0,0,0,0,0,0,0,0,0,-1000
8443,阿瘦            ,0,1000,-1000,0,0,0,0,0,0,0,0,0,0,0,0,0,-1000
8466,美吉吉-KY       ,0,1000,-1000,0,0,0,0,0,0,0,0,0,0,0,0,0,-1000
8222,寶一            ,0,1000,-1000,0,0,0,0,0,0,0,0,0,0,0,0,0,-1000
061614,亞德客群益9A購01,0,0,0,0,0,0,0,0,0,-2000,0,0,0,6000,8000,-2000,-2000
061910,台積電中信05購03,0,0,0,0,0,0,0,0,0,-2000,0,0,0,0,2000,-2000,-2000
061963,台積電統一01購04,0,0,0,0,0,0,0,0,0,-2000,0,0,0,84000,86000,-2000,-2000
061958,鴻海統一01購01  ,0,0,0,0,0,0,0,0,0,-2000,0,0,0,17000,19000,-2000,-2000
062090,南電元大9B購02  ,0,0,0,0,0,0,0,0,0,-2000,0,0,0,0,2000,-2000,-2000
062226,臻鼎統一9B購01  ,0,0,0,0,0,0,0,0,0,-2000,0,0,0,25000,27000,-2000,-2000
06521P,矽力元大98售01  ,0,0,0,0,0,0,0,0,0,-2000,0,0,0,0,2000,-2000,-2000
06581P,南亞科凱基98售04,0,0,0,0,0,0,0,0,0,-2000,0,0,0,0,2000,-2000,-2000
06600P,貿聯永豐98售01  ,0,0,0,0,0,0,0,0,0,-2000,0,0,0,10000,12000,-2000,-2000
06867P,訊芯元大98售08  ,0,0,0,0,0,0,0,0,0,-2000,0,0,0,100000,102000,-2000,-2000
06800P,台灣50群益9A售02,0,0,0,0,0,0,0,0,0,-2000,0,0,0,98000,100000,-2000,-2000
06834P,訊芯群益99售02  ,0,0,0,0,0,0,0,0,0,-2000,0,0,0,0,2000,-2000,-2000
06771P,台灣50中信02售01,0,0,0,0,0,0,0,0,0,-2000,0,0,0,0,2000,-2000,-2000
06724P,台灣50國票98售01,0,0,0,0,0,0,0,0,0,-2000,0,0,0,2000,4000,-2000,-2000
06284P,台積電國票98售03,0,0,0,0,0,0,0,0,0,-2000,0,0,0,0,2000,-2000,-2000
062563,緯穎凱基9B購03  ,0,0,0,0,0,0,0,0,0,-2000,0,0,0,0,2000,-2000,-2000
06326P,鴻海中信01售01  ,0,0,0,0,0,0,0,0,0,-2000,0,0,0,0,2000,-2000,-2000
06434P,超眾群益98售02  ,0,0,0,0,0,0,0,0,0,-2000,0,0,0,547000,549000,-2000,-2000
062504,旭富群益9B購02  ,0,0,0,0,0,0,0,0,0,-2000,0,0,0,0,2000,-2000,-2000
062489,可成永豐9B購02  ,0,0,0,0,0,0,0,0,0,-2000,0,0,0,0,2000,-2000,-2000
062490,聯茂永豐9B購01  ,0,0,0,0,0,0,0,0,0,-2000,0,0,0,0,2000,-2000,-2000
062298,國巨第一9B購01  ,0,0,0,0,0,0,0,0,0,-2000,0,0,0,0,2000,-2000,-2000
062420,台積電統一9C購08,0,0,0,0,0,0,0,0,0,-2000,0,0,0,0,2000,-2000,-2000
062416,和大統一01購02  ,0,0,0,0,0,0,0,0,0,-2000,0,0,0,0,2000,-2000,-2000
062418,台積電統一01購06,0,0,0,0,0,0,0,0,0,-2000,0,0,0,0,2000,-2000,-2000
060847,康控國票9A購01  ,0,0,0,0,0,0,0,0,0,-2000,0,0,0,55000,57000,-2000,-2000
060837,上銀國票9A購04  ,0,0,0,0,0,0,0,0,0,-2000,0,0,0,0,2000,-2000,-2000
060838,華通國票9A購05  ,0,0,0,0,0,0,0,0,0,-2000,0,0,0,5000,7000,-2000,-2000
061499,嘉晶國票9A購03  ,0,0,0,0,0,0,0,0,0,-2000,0,0,0,4000,6000,-2000,-2000
061491,嘉聯益兆豐9B購01,0,0,0,0,0,0,0,0,0,-2000,0,0,0,2000,4000,-2000,-2000
06145P,華新科永豐97售02,0,0,0,0,0,0,0,0,0,-2000,0,0,0,1000,3000,-2000,-2000
061375,華通永豐9A購02  ,0,0,0,0,0,0,0,0,0,-2000,0,0,0,3000,5000,-2000,-2000
061311,元黃金凱基9A購03,0,0,0,0,0,0,0,0,0,-2000,0,0,0,0,2000,-2000,-2000
061256,亞德客凱基9B購01,0,0,0,0,0,0,0,0,0,-2000,0,0,0,1000,3000,-2000,-2000
061162,南電群益9A購02  ,0,0,0,0,0,0,0,0,0,-2000,0,0,0,0,2000,-2000,-2000
06112P,台積電兆豐97售01,0,0,0,0,0,0,0,0,0,-2000,0,0,0,0,2000,-2000,-2000
061148,道瓊反群益9A購02,0,0,0,0,0,0,0,0,0,-2000,0,0,0,0,2000,-2000,-2000
060984,南亞科元大9A購07,0,0,0,0,0,0,0,0,0,-2000,0,0,0,57000,59000,-2000,-2000
061002,瑞昱兆豐9B購01  ,0,0,0,0,0,0,0,0,0,-2000,0,0,0,8000,10000,-2000,-2000
048785,台積電元大96購01,0,0,0,0,0,0,0,0,0,-2000,0,0,0,0,2000,-2000,-2000
048270,T50反1富邦99購01,0,0,0,0,0,0,0,0,0,-2000,0,0,0,0,2000,-2000,-2000
053312,緯穎凱基96購02  ,0,0,0,0,0,0,0,0,0,-2000,0,0,0,0,2000,-2000,-2000
05102P,臺股指凱基96售09,0,0,0,0,0,0,0,0,0,-2000,0,0,0,0,2000,-2000,-2000
03418B,臺股指元大95熊20,0,0,0,0,0,0,0,0,0,-2000,0,0,0,0,2000,-2000,-2000
03064X,元展59          ,0,0,0,0,0,0,0,0,0,-2000,0,0,0,0,2000,-2000,-2000
03091X,元展85          ,0,0,0,0,0,0,0,0,0,-2000,0,0,0,0,2000,-2000,-2000
051227,技嘉群益97購01  ,0,0,0,0,0,0,0,0,0,-2000,0,0,0,0,2000,-2000,-2000
0057,富邦摩台        ,0,0,0,0,0,0,0,0,0,-2000,0,0,0,28000,30000,-2000,-2000
006204,永豐臺灣加權    ,0,0,0,0,0,0,0,0,0,-2000,0,0,0,60000,62000,-2000,-2000
00657,國泰日經225     ,0,11000,-11000,0,0,0,0,0,0,9000,0,0,0,101000,92000,9000,-2000
052077,可成元富98購02  ,0,0,0,0,0,0,0,0,0,-2000,0,0,0,0,2000,-2000,-2000
05207P,高股息中信97售03,0,0,0,0,0,0,0,0,0,-2000,0,0,0,0,2000,-2000,-2000
051739,奇力新國票97購01,0,0,0,0,0,0,0,0,0,-2000,0,0,0,0,2000,-2000,-2000
053460,緯穎國泰97購01  ,0,0,0,0,0,0,0,0,0,-2000,0,0,0,0,2000,-2000,-2000
052733,台郡國泰97購01  ,0,0,0,0,0,0,0,0,0,-2000,0,0,0,23000,25000,-2000,-2000
053050,華通國票97購02  ,0,0,0,0,0,0,0,0,0,-2000,0,0,0,0,2000,-2000,-2000
054738,聯發科凱基97購01,0,0,0,0,0,0,0,0,0,-2000,0,0,0,50000,52000,-2000,-2000
055561,奇鋐凱基97購01  ,0,0,0,0,0,0,0,0,0,-2000,0,0,0,28000,30000,-2000,-2000
054596,聯發科麥證97購01,0,0,0,0,2000,-2000,0,0,0,-2000,0,0,0,0,2000,-2000,-2000
052447,聯發科元大96購04,0,0,0,0,0,0,0,0,0,-2000,0,0,0,78000,80000,-2000,-2000
059475,元石油群益99購02,0,0,0,0,0,0,0,0,0,-2000,0,0,0,0,2000,-2000,-2000
059341,台積電凱基99購15,0,0,0,0,0,0,0,0,0,-2000,0,0,0,9000,11000,-2000,-2000
059371,聯鈞元富99購02  ,0,0,0,0,0,0,0,0,0,-2000,0,0,0,0,2000,-2000,-2000
059299,欣興元富99購03  ,0,0,0,0,0,0,0,0,0,-2000,0,0,0,0,2000,-2000,-2000
059317,台積電元大99購34,0,0,0,0,0,0,0,0,0,-2000,0,0,0,200000,202000,-2000,-2000
059250,大立光凱基99購06,0,0,0,0,0,0,0,0,0,-2000,0,0,0,2000,4000,-2000,-2000
059681,華新科國泰9B購02,0,0,0,0,0,0,0,0,0,-2000,0,0,0,0,2000,-2000,-2000
059664,立積元大9C購01  ,0,0,0,0,0,0,0,0,0,-2000,0,0,0,3000,5000,-2000,-2000
055919,景碩凱基98購02  ,0,0,0,0,0,0,0,0,0,-2000,0,0,0,0,2000,-2000,-2000
055090,國巨群益97購03  ,0,0,0,0,0,0,0,0,0,-2000,0,0,0,0,2000,-2000,-2000
055142,健策永豐98購01  ,0,0,0,0,0,0,0,0,0,-2000,0,0,0,0,2000,-2000,-2000
055192,世芯元富97購01  ,0,0,0,0,0,0,0,0,0,-2000,0,0,0,0,2000,-2000,-2000
055152,旺宏元大98購04  ,0,0,0,0,0,0,0,0,0,-2000,0,0,0,0,2000,-2000,-2000
055693,南茂凱基97購01  ,0,0,0,0,0,0,0,0,0,-2000,0,0,0,0,2000,-2000,-2000
05382P,電子類群益95售02,0,0,0,0,0,0,0,0,0,-2000,0,0,0,1000,3000,-2000,-2000
054756,世紀鋼凱基99購01,0,0,0,0,0,0,0,0,0,-2000,0,0,0,3000,5000,-2000,-2000
053924,京鼎國票97購01  ,0,0,0,0,0,0,0,0,0,-2000,0,0,0,38000,40000,-2000,-2000
053702,智易兆豐97購02  ,0,0,0,0,0,0,0,0,0,-2000,0,0,0,0,2000,-2000,-2000
054292,欣興元大96購06  ,0,0,0,0,0,0,0,0,0,-2000,0,0,0,0,2000,-2000,-2000
057270,遠東新元大98購01,0,0,0,0,0,0,0,0,0,-2000,0,0,0,19000,21000,-2000,-2000
056941,台郡元富9B購01  ,0,0,0,0,0,0,0,0,0,-2000,0,0,0,0,2000,-2000,-2000
058201,華通凱基9A購01  ,0,0,0,0,0,0,0,0,0,-2000,0,0,0,0,2000,-2000,-2000
058238,奇鋐元大99購02  ,0,0,0,0,0,0,0,0,0,-2000,0,0,0,0,2000,-2000,-2000
057645,華新科元大99購11,0,0,0,0,0,0,0,0,0,-2000,0,0,0,0,2000,-2000,-2000
057639,國巨元大99購07  ,0,0,0,0,0,0,0,0,0,-2000,0,0,0,50000,52000,-2000,-2000
057830,T50反1台新02購02,0,0,0,0,0,0,0,0,0,-2000,0,0,0,0,2000,-2000,-2000
057807,友訊元大98購02  ,0,0,0,0,0,0,0,0,0,-2000,0,0,0,2000,4000,-2000,-2000
058133,華新科元大9A購02,0,0,0,0,0,0,0,0,0,-2000,0,0,0,0,2000,-2000,-2000
058933,FBVIX台新9B購01 ,0,0,0,0,0,0,0,0,0,-2000,0,0,0,0,2000,-2000,-2000
057120,茂林康和98購01  ,0,0,0,0,0,0,0,0,0,-2000,0,0,0,10000,12000,-2000,-2000
056454,欣興凱基98購02  ,0,0,0,0,0,0,0,0,0,-2000,0,0,0,28000,30000,-2000,-2000
056408,奇鋐國票99購01  ,0,0,0,0,0,0,0,0,0,-2000,0,0,0,8000,10000,-2000,-2000
059566,台積電凱基9A購11,0,0,0,0,0,0,0,0,0,-2000,0,0,0,15000,17000,-2000,-2000
059555,台灣50凱基9A購06,0,0,0,0,0,0,0,0,0,-2000,0,0,0,0,2000,-2000,-2000
058021,牧德凱基98購02  ,0,0,0,0,0,0,0,0,0,-2000,0,0,0,9000,11000,-2000,-2000
057324,億光群益98購01  ,0,0,0,0,0,0,0,0,0,-2000,0,0,0,1000,3000,-2000,-2000
060053,聯發科凱基9B購02,0,0,0,0,0,0,0,0,0,-2000,0,0,0,0,2000,-2000,-2000
060116,世紀鋼元大99購07,0,0,0,0,0,0,0,0,0,-2000,0,0,0,0,2000,-2000,-2000
059937,旺宏永豐99購03  ,0,0,0,0,0,0,0,0,0,-2000,0,0,0,0,2000,-2000,-2000
059997,華航元富99購01  ,0,0,0,0,0,0,0,0,0,-2000,0,0,0,3000,5000,-2000,-2000
059722,南亞科元大99購02,0,0,0,0,0,0,0,0,0,-2000,0,0,0,0,2000,-2000,-2000
059826,欣興凱基99購06  ,0,0,0,0,0,0,0,0,0,-2000,0,0,0,0,2000,-2000,-2000
060351,滬深2X元富9A購01,0,0,0,0,0,0,0,0,0,-2000,0,0,0,0,2000,-2000,-2000
059968,世紀鋼凱基99購03,0,0,0,0,0,0,0,0,0,-2000,0,0,0,0,2000,-2000,-2000
059811,高股息凱基99購02,0,0,0,0,0,0,0,0,0,-2000,0,0,0,0,2000,-2000,-2000
059817,華通凱基99購05  ,0,0,0,0,0,0,0,0,0,-2000,0,0,0,0,2000,-2000,-2000
056385,創意國泰99購01  ,0,0,0,0,0,0,0,0,0,-2000,0,0,0,11000,13000,-2000,-2000
056318,鴻海群益98購02  ,0,0,0,0,0,0,0,0,0,-2000,0,0,0,110000,112000,-2000,-2000
058654,鴻海中信03購01  ,0,0,0,0,0,0,0,0,0,-2000,0,0,0,10000,12000,-2000,-2000
058602,台積電元大99購11,0,0,0,0,0,0,0,0,0,-2000,0,0,0,0,2000,-2000,-2000
058778,聯發科國票9A購01,0,0,0,0,0,0,0,0,0,-2000,0,0,0,0,2000,-2000,-2000
058786,元黃金元大99購01,0,0,0,0,0,0,0,0,0,-2000,0,0,0,0,2000,-2000,-2000
05902P,華通國票96售02  ,0,0,0,0,0,0,0,0,0,-2000,0,0,0,12000,14000,-2000,-2000
058325,昇陽半永豐99購01,0,0,0,0,0,0,0,0,0,-2000,0,0,0,0,2000,-2000,-2000
058311,緯穎元大99購05  ,0,0,0,0,0,0,0,0,0,-2000,0,0,0,0,2000,-2000,-2000
05759P,智邦永豐96售02  ,0,0,0,0,0,0,0,0,0,-2000,0,0,0,0,2000,-2000,-2000
058436,聯發科統一9B購03,0,0,0,0,0,0,0,0,0,-2000,0,0,0,0,2000,-2000,-2000
05657P,樺漢統一97售01  ,0,0,0,0,0,0,0,0,0,-2000,0,0,0,0,2000,-2000,-2000
8072,陞泰            ,0,2000,-2000,0,0,0,0,0,0,0,0,0,0,0,0,0,-2000
8940,新天地          ,0,2000,-2000,0,0,0,0,0,0,0,0,0,0,0,0,0,-2000
6405,悅城            ,1000,3000,-2000,0,0,0,0,0,0,0,0,0,0,0,0,0,-2000
6674,鋐寶科技        ,1000,3000,-2000,0,0,0,0,0,0,0,0,0,0,0,0,0,-2000
6655,科定            ,5000,7000,-2000,0,0,0,0,0,0,0,0,0,0,0,0,0,-2000
9944,新麗            ,0,2000,-2000,0,0,0,0,0,0,0,0,0,0,0,0,0,-2000
3432,台端            ,0,2000,-2000,0,0,0,0,0,0,0,0,0,0,0,0,0,-2000
3593,力銘            ,0,2000,-2000,0,0,0,0,0,0,0,0,0,0,0,0,0,-2000
3002,歐格            ,6000,8000,-2000,0,0,0,0,0,0,0,0,0,0,0,0,0,-2000
2906,高林            ,0,2000,-2000,0,0,0,0,0,0,0,0,0,0,0,0,0,-2000
5484,慧友            ,0,2000,-2000,0,0,0,0,0,0,0,0,0,0,0,0,0,-2000
6133,金橋            ,0,2000,-2000,0,0,0,0,0,0,0,0,0,0,0,0,0,-2000
6117,迎廣            ,0,2000,-2000,0,0,0,0,0,0,0,0,0,0,0,0,0,-2000
4562,穎漢            ,0,2000,-2000,0,0,0,0,0,0,0,0,0,0,0,0,0,-2000
4764,雙鍵            ,2000,4000,-2000,0,0,0,0,0,0,0,0,0,0,0,0,0,-2000
4755,三福化          ,0,1000,-1000,0,0,0,0,0,0,-1000,0,1000,-1000,0,0,0,-2000
07420P,可成元大99售07  ,0,0,0,0,0,0,0,0,0,-2000,0,0,0,8000,10000,-2000,-2000
07495P,鴻海元大9A售04  ,0,0,0,0,0,0,0,0,0,-2000,0,0,0,0,2000,-2000,-2000
07530P,聯發科凱基9A售11,0,0,0,0,0,0,0,0,0,-2000,0,0,0,0,2000,-2000,-2000
07577P,華新科元大9A售09,0,0,0,0,0,0,0,0,0,-2000,0,0,0,70000,72000,-2000,-2000
07785P,鴻海中信04售03  ,0,0,0,0,0,0,0,0,0,-2000,0,0,0,0,2000,-2000,-2000
07765P,台積電群益9A售06,0,0,0,0,0,0,0,0,0,-2000,0,0,0,0,2000,-2000,-2000
07674P,金融類元大9A售01,0,0,0,0,0,0,0,0,0,-2000,0,0,0,0,2000,-2000,-2000
07373P,A50正2元大99售01,0,0,0,0,0,0,0,0,0,-2000,0,0,0,1000,3000,-2000,-2000
07363P,大立光元大99售26,0,0,0,0,0,0,0,0,0,-2000,0,0,0,0,2000,-2000,-2000
07265P,大立光元大99售16,0,0,0,0,0,0,0,0,0,-2000,0,0,0,50000,52000,-2000,-2000
07089P,臺指2X中信01售01,0,0,0,0,0,0,0,0,0,-2000,0,0,0,7000,9000,-2000,-2000
07075P,FBVIX凱基9C售04 ,0,0,0,0,0,0,0,0,0,-2000,0,0,0,0,2000,-2000,-2000
06905P,上証2X國泰99售02,0,0,0,0,0,0,0,0,0,-2000,0,0,0,0,2000,-2000,-2000
06990P,康友元富99售03  ,0,0,0,0,0,0,0,0,0,-2000,0,0,0,0,2000,-2000,-2000
07016P,聯發科元大99售10,0,0,0,0,0,0,0,0,0,-2000,0,0,0,0,2000,-2000,-2000
2462,良得電          ,0,2000,-2000,0,0,0,0,0,0,0,0,0,0,0,0,0,-2000
2540,愛山林          ,0,2000,-2000,0,0,0,0,0,0,0,0,0,0,0,0,0,-2000
2024,志聯            ,0,2000,-2000,0,0,0,0,0,0,0,0,0,0,0,0,0,-2000
2032,新鋼            ,0,3000,-3000,0,0,0,0,0,0,1000,1000,0,1000,0,0,0,-2000
1233,天仁            ,0,2000,-2000,0,0,0,0,0,0,0,0,0,0,0,0,0,-2000
1236,宏亞            ,0,2000,-2000,0,0,0,0,0,0,0,0,0,0,0,0,0,-2000
1256,鮮活果汁-KY     ,4000,6000,-2000,0,0,0,0,0,0,0,0,0,0,0,0,0,-2000
1220,台榮            ,0,3000,-3000,0,0,0,0,0,0,1000,1000,0,1000,0,0,0,-2000
1725,元禎            ,0,2000,-2000,0,0,0,0,0,0,0,0,0,0,0,0,0,-2000
1616,億泰            ,0,2000,-2000,0,0,0,0,0,0,0,0,0,0,0,0,0,-2000
1465,偉全            ,3000,5000,-2000,0,0,0,0,0,0,0,0,0,0,0,0,0,-2000
1466,聚隆            ,0,2000,-2000,0,0,0,0,0,0,0,0,0,0,0,0,0,-2000
1468,昶和            ,0,2000,-2000,0,0,0,0,0,0,0,0,0,0,0,0,0,-2000
1441,大東            ,2000,4000,-2000,0,0,0,0,0,0,0,0,0,0,0,0,0,-2000
1535,中宇            ,0,2000,-2000,0,0,0,0,0,0,0,0,0,0,0,0,0,-2000
1516,川飛            ,0,2000,-2000,0,0,0,0,0,0,0,0,0,0,0,0,0,-2000
061243,麗豐兆豐9A購01  ,0,0,0,0,0,0,0,0,0,-3000,0,0,0,0,3000,-3000,-3000
061484,華通兆豐9B購01  ,0,0,0,0,0,0,0,0,0,-3000,0,0,0,0,3000,-3000,-3000
060779,臺股指凱基9A購07,0,0,0,0,0,0,0,0,0,-3000,0,0,0,22000,25000,-3000,-3000
060796,世芯永豐9A購03  ,0,0,0,0,0,0,0,0,0,-3000,0,0,0,177000,180000,-3000,-3000
060646,南電永豐9A購01  ,0,0,0,0,0,0,0,0,0,-3000,0,0,0,2000,5000,-3000,-3000
06055P,華通凱基97售04  ,0,0,0,0,0,0,0,0,0,-3000,0,0,0,0,3000,-3000,-3000
060244,大立光元大9B購02,0,0,0,0,0,0,0,0,0,-3000,0,0,0,7000,10000,-3000,-3000
062385,玉晶光國泰01購01,0,0,0,0,0,0,0,0,0,-3000,0,0,0,135000,138000,-3000,-3000
06230P,亞德客永豐97售03,0,0,0,0,0,0,0,0,0,-3000,0,0,0,20000,23000,-3000,-3000
062473,同欣電凱基9B購01,0,0,0,0,0,0,0,0,0,-3000,0,0,0,23000,26000,-3000,-3000
06244P,智易元富97售02  ,0,0,0,0,0,0,0,0,0,-3000,0,0,0,0,3000,-3000,-3000
06679P,旺宏元大98售09  ,0,0,0,0,0,0,0,0,0,-3000,0,0,0,2000,5000,-3000,-3000
062178,上銀元大9B購03  ,0,0,0,0,0,0,0,0,0,-3000,0,0,0,0,3000,-3000,-3000
062168,大毅永豐9B購01  ,0,0,0,0,0,0,0,0,0,-3000,0,0,0,80000,83000,-3000,-3000
054278,晶技群益97購02  ,0,0,0,0,0,0,0,0,0,-3000,0,0,0,0,3000,-3000,-3000
054406,旺宏國票98購01  ,0,0,0,0,0,0,0,0,0,-3000,0,0,0,0,3000,-3000,-3000
054104,T50反1凱基9A購02,0,0,0,0,0,0,0,0,0,-3000,0,0,0,0,3000,-3000,-3000
055701,亞德客富邦99購01,0,0,0,0,0,0,0,0,0,-3000,0,0,0,0,3000,-3000,-3000
055098,臺股指群益97購01,0,0,0,0,0,0,0,0,0,-3000,0,0,0,0,3000,-3000,-3000
054954,華新科元大97購06,0,0,0,0,0,0,0,0,0,-3000,0,0,0,0,3000,-3000,-3000
05541P,鴻海統一96售08  ,0,0,0,0,0,0,0,0,0,-3000,0,0,0,0,3000,-3000,-3000
05544P,台表科元富96售01,0,0,0,0,0,0,0,0,0,-3000,0,0,0,0,3000,-3000,-3000
059703,旺宏凱基99購11  ,0,0,0,0,0,0,0,0,0,-3000,0,0,0,0,3000,-3000,-3000
059377,台積電群益99購09,0,0,0,0,0,0,0,0,0,-3000,0,0,0,50000,53000,-3000,-3000
059386,上銀凱基99購07  ,0,0,0,0,0,0,0,0,0,-3000,0,0,0,0,3000,-3000,-3000
059532,華新科凱基9B購03,0,0,0,0,0,0,0,0,0,-3000,0,0,0,0,3000,-3000,-3000
052269,T50反1日盛9B購01,0,0,0,0,0,0,0,0,0,-3000,0,0,0,0,3000,-3000,-3000
052491,泰碩國票99購01  ,0,0,0,0,0,0,0,0,0,-3000,0,0,0,2000,5000,-3000,-3000
054421,臺股指元大99購03,0,0,0,0,0,0,0,0,0,-3000,0,0,0,0,3000,-3000,-3000
052671,祥碩群益96購01  ,0,0,0,0,0,0,0,0,0,-3000,0,0,0,0,3000,-3000,-3000
053451,致新凱基96購02  ,0,0,0,0,0,0,0,0,0,-3000,0,0,0,47000,50000,-3000,-3000
051748,超眾國泰96購01  ,0,0,0,0,0,0,0,0,0,-3000,0,0,0,0,3000,-3000,-3000
0055,元大MSCI金融    ,0,0,0,0,0,0,0,0,0,-3000,0,0,0,3000,6000,-3000,-3000
020011,統一微波高息20N ,0,0,0,0,0,0,0,0,0,-3000,0,0,0,0,3000,-3000,-3000
02001L,富邦蘋果正二N   ,0,0,0,0,0,0,0,0,0,-3000,0,0,0,0,3000,-3000,-3000
05120P,聯發科國泰97售01,0,0,0,0,0,0,0,0,0,-3000,0,0,0,0,3000,-3000,-3000
050957,T50反1台新05購01,0,0,0,0,0,0,0,0,0,-3000,0,0,0,0,3000,-3000,-3000
05071P,鴻海統一96售05  ,0,0,0,0,0,0,0,0,0,-3000,0,0,0,9000,12000,-3000,-3000
051486,玉晶光凱基97購03,0,0,0,0,0,0,0,0,0,-3000,0,0,0,0,3000,-3000,-3000
048637,鴻海元大96購01  ,0,0,0,0,0,0,0,0,0,-3000,0,0,0,0,3000,-3000,-3000
049129,S&P反1元大97購01,0,0,0,0,0,0,0,0,0,-3000,0,0,0,0,3000,-3000,-3000
059135,臺股指群益99購10,0,0,0,0,0,0,0,0,0,-3000,0,0,0,0,3000,-3000,-3000
059054,國巨凱基99購11  ,0,0,0,0,0,0,0,0,0,-3000,0,0,0,0,3000,-3000,-3000
057526,智邦元大98購10  ,0,0,0,0,0,0,0,0,0,-3000,0,0,0,102000,105000,-3000,-3000
058303,華通元大99購03  ,0,0,0,0,0,0,0,0,0,-3000,0,0,0,0,3000,-3000,-3000
05849P,臺股指元大96售25,0,0,0,0,0,0,0,0,0,-3000,0,0,0,0,3000,-3000,-3000
058593,大立光統一9B購02,0,0,0,0,0,0,0,0,0,-3000,0,0,0,0,3000,-3000,-3000
058706,聯鈞元大9C購01  ,0,0,0,0,0,0,0,0,0,-3000,0,0,0,0,3000,-3000,-3000
059783,旺宏元大99購17  ,0,0,0,0,0,0,0,0,0,-3000,0,0,0,2000,5000,-3000,-3000
060361,南亞科元富9A購03,0,0,0,0,0,0,0,0,0,-3000,0,0,0,107000,110000,-3000,-3000
059923,緯穎元大99購09  ,0,0,0,0,0,0,0,0,0,-3000,0,0,0,13000,16000,-3000,-3000
060395,儒鴻國票9A購01  ,0,0,0,0,0,0,0,0,0,-3000,0,0,0,20000,23000,-3000,-3000
056478,晶技元大99購01  ,0,0,0,0,0,0,0,0,0,-3000,0,0,0,46000,49000,-3000,-3000
059199,欣興永豐99購02  ,0,0,0,0,0,0,0,0,0,-3000,0,0,0,0,3000,-3000,-3000
059179,祥碩元富99購01  ,0,0,0,0,0,0,0,0,0,-3000,0,0,0,47000,50000,-3000,-3000
059163,台積電凱基99購10,0,0,0,0,0,0,0,0,0,-3000,0,0,0,1000,4000,-3000,-3000
057111,立積群益98購02  ,0,0,0,0,0,0,0,0,0,-3000,0,0,0,0,3000,-3000,-3000
05706P,TPK永豐96售02   ,0,0,0,0,0,0,0,0,0,-3000,0,0,0,0,3000,-3000,-3000
058115,台光電中信99購01,0,0,0,0,0,0,0,0,0,-3000,0,0,0,0,3000,-3000,-3000
057796,鴻海兆豐99購03  ,0,0,0,0,0,0,0,0,0,-3000,0,0,0,7000,10000,-3000,-3000
056508,揚明光永豐98購01,0,0,0,0,0,0,0,0,0,-3000,0,0,0,0,3000,-3000,-3000
057659,台表科兆豐98購01,0,0,0,0,0,0,0,0,0,-3000,0,0,0,93000,96000,-3000,-3000
057674,台郡元大99購03  ,0,0,0,0,0,0,0,0,0,-3000,0,0,0,53000,56000,-3000,-3000
058269,世芯永豐9A購01  ,0,0,0,0,0,0,0,0,0,-3000,0,0,0,59000,62000,-3000,-3000
057996,臻鼎中信98購01  ,0,0,0,0,0,0,0,0,0,-3000,0,0,0,27000,30000,-3000,-3000
057924,健策凱基98購02  ,0,0,0,0,0,0,0,0,0,-3000,0,0,0,47000,50000,-3000,-3000
057689,南亞科凱基99購02,0,0,0,0,0,0,0,0,0,-3000,0,0,0,0,3000,-3000,-3000
057273,智邦元大98購05  ,0,0,0,0,0,0,0,0,0,-3000,0,0,0,74000,77000,-3000,-3000
056892,旺宏元大9A購02  ,0,0,0,0,0,0,0,0,0,-3000,0,0,0,2000,5000,-3000,-3000
1443,立益            ,0,3000,-3000,0,0,0,0,0,0,0,0,0,0,0,0,0,-3000
1410,南染            ,0,3000,-3000,0,0,0,0,0,0,0,0,0,0,0,0,0,-3000
1456,怡華            ,0,3000,-3000,0,0,0,0,0,0,0,0,0,0,0,0,0,-3000
1617,榮星            ,0,3000,-3000,0,0,0,0,0,0,0,0,0,0,0,0,0,-3000
1727,中華化          ,0,3000,-3000,0,0,0,0,0,0,0,0,0,0,0,0,0,-3000
07990P,緯穎凱基9B售02  ,0,0,0,0,0,0,0,0,0,-3000,0,0,0,0,3000,-3000,-3000
1324,地球            ,0,3000,-3000,0,0,0,0,0,0,0,0,0,0,0,0,0,-3000
07912P,玉晶光統一9B售02,0,0,0,0,0,0,0,0,0,-3000,0,0,0,0,3000,-3000,-3000
2008,高興昌          ,0,3000,-3000,0,0,0,0,0,0,0,0,0,0,0,0,0,-3000
2630,亞航            ,0,3000,-3000,0,0,0,0,0,0,0,0,0,0,0,0,0,-3000
2613,中櫃            ,0,3000,-3000,0,0,0,0,0,0,0,0,0,0,0,0,0,-3000
07044P,台積電元大99售13,0,0,0,0,0,0,0,0,0,-3000,0,0,0,0,3000,-3000,-3000
06941P,國巨統一98售07  ,0,0,0,0,0,0,0,0,0,-3000,0,0,0,20000,23000,-3000,-3000
06988P,鴻海元富99售09  ,0,0,0,0,0,0,0,0,0,-3000,0,0,0,0,3000,-3000,-3000
07183P,臺股指凱基99售25,0,0,0,0,0,0,0,0,0,-3000,0,0,0,0,3000,-3000,-3000
07710P,華擎元大9A售05  ,0,0,0,0,0,0,0,0,0,-3000,0,0,0,37000,40000,-3000,-3000
07720P,臺股指群益9A售09,0,0,0,0,0,0,0,0,0,-3000,0,0,0,30000,33000,-3000,-3000
07543P,台積電凱基9A售17,0,0,0,0,0,0,0,0,0,-3000,0,0,0,0,3000,-3000,-3000
07445P,大立光凱基9A售08,0,0,0,0,0,0,0,0,0,-3000,0,0,0,0,3000,-3000,-3000
6183,關貿            ,4000,11000,-7000,0,0,0,0,0,0,4000,4000,0,4000,0,0,0,-3000
6172,互億            ,7000,10000,-3000,0,0,0,0,0,0,0,0,0,0,0,0,0,-3000
3021,鴻名            ,0,3000,-3000,0,0,0,0,0,0,0,0,0,0,0,0,0,-3000
3591,艾笛森          ,2000,5000,-3000,0,0,0,0,0,0,0,0,0,0,0,0,0,-3000
3686,達能            ,4000,7000,-3000,0,0,0,0,0,0,0,0,0,0,0,0,0,-3000
3308,聯德            ,0,3000,-3000,0,0,0,0,0,0,0,0,0,0,0,0,0,-3000
3296,勝德            ,0,3000,-3000,0,0,0,0,0,0,0,0,0,0,0,0,0,-3000
6464,台數科          ,0,3000,-3000,0,0,0,0,0,0,0,0,0,0,0,0,0,-3000
910482,聖馬丁-DR       ,0,3000,-3000,0,0,0,0,0,0,0,0,0,0,0,0,0,-3000
8201,無敵            ,0,3000,-3000,0,0,0,0,0,0,0,0,0,0,0,0,0,-3000
061932,上銀國票9B購01  ,0,0,0,0,0,0,0,0,0,-4000,0,0,0,4000,8000,-4000,-4000
061933,光寶科國票9B購01,0,0,0,0,0,0,0,0,0,-4000,0,0,0,7000,11000,-4000,-4000
062024,臺股指中信9C購05,0,0,0,0,0,0,0,0,0,-4000,0,0,0,0,4000,-4000,-4000
06682P,玉晶光元大99售08,0,0,0,0,0,0,0,0,0,-4000,0,0,0,0,4000,-4000,-4000
06713P,臺股指富邦99售04,0,0,0,0,0,0,0,0,0,-4000,0,0,0,0,4000,-4000,-4000
06616P,國巨元大98售15  ,0,0,0,0,0,0,0,0,0,-4000,0,0,0,70000,74000,-4000,-4000
06480P,上銀凱基98售04  ,0,0,0,0,0,0,0,0,0,-4000,0,0,0,1000,5000,-4000,-4000
06781P,大立光元大98售19,0,0,0,0,0,0,0,0,0,-4000,0,0,0,0,4000,-4000,-4000
06787P,臺股指元大98售04,0,0,0,0,0,0,0,0,0,-4000,0,0,0,0,4000,-4000,-4000
062424,聯發科統一9C購08,0,0,0,0,0,0,0,0,0,-4000,0,0,0,0,4000,-4000,-4000
06265P,美律凱基97售01  ,0,0,0,0,0,0,0,0,0,-4000,0,0,0,0,4000,-4000,-4000
060256,臺股指元大9B購07,0,0,0,0,0,0,0,0,0,-4000,0,0,0,0,4000,-4000,-4000
060409,味全永豐9A購01  ,0,0,0,0,0,0,0,0,0,-4000,0,0,0,4000,8000,-4000,-4000
06047P,聯發科富邦99售04,0,0,0,0,0,0,0,0,0,-4000,0,0,0,0,4000,-4000,-4000
060603,聯發科凱基9A購12,0,0,0,0,0,0,0,0,0,-4000,0,0,0,0,4000,-4000,-4000
060853,健策國泰9B購02  ,0,0,0,0,0,0,0,0,0,-4000,0,0,0,15000,19000,-4000,-4000
061319,聯發科凱基9A購16,0,0,0,0,0,0,0,0,0,-4000,0,0,0,1000,5000,-4000,-4000
061292,玉晶光統一01購06,0,0,0,0,0,0,0,0,0,-4000,0,0,0,25000,29000,-4000,-4000
06117P,臺股指日盛97售02,0,0,0,0,0,0,0,0,0,-4000,0,0,0,0,4000,-4000,-4000
060997,上銀兆豐9B購01  ,0,0,0,0,0,0,0,0,0,-4000,0,0,0,3000,7000,-4000,-4000
061011,華通麥證9A購02  ,0,0,0,0,4000,-4000,0,0,0,-4000,0,0,0,0,4000,-4000,-4000
061036,晶技永豐9A購03  ,0,0,0,0,0,0,0,0,0,-4000,0,0,0,1000,5000,-4000,-4000
061057,華新科國票9A購04,0,0,0,0,0,0,0,0,0,-4000,0,0,0,0,4000,-4000,-4000
04950P,上証2X中信96售02,0,0,0,0,0,0,0,0,0,-4000,0,0,0,0,4000,-4000,-4000
03681C,台灣50凱基02牛02,0,0,0,0,0,0,0,0,0,-4000,0,0,0,0,4000,-4000,-4000
051488,健策凱基96購04  ,0,0,0,0,0,0,0,0,0,-4000,0,0,0,0,4000,-4000,-4000
03007X,元展07          ,0,0,0,0,0,0,0,0,0,-4000,0,0,0,0,4000,-4000,-4000
00742,新光內需收益    ,0,0,0,0,0,0,0,0,0,-4000,0,0,0,100000,104000,-4000,-4000
00682U,元大美元指數    ,0,0,0,0,0,0,0,0,0,-4000,0,0,0,0,4000,-4000,-4000
052659,上証2X國票99購01,0,0,0,0,0,0,0,0,0,-4000,0,0,0,11000,15000,-4000,-4000
052418,玉晶光兆豐96購01,0,0,0,0,0,0,0,0,0,-4000,0,0,0,2000,6000,-4000,-4000
05551P,電子類元大96售01,0,0,0,0,0,0,0,0,0,-4000,0,0,0,0,4000,-4000,-4000
05472P,國巨統一96售02  ,0,0,0,0,0,0,0,0,0,-4000,0,0,0,0,4000,-4000,-4000
059540,新光金日盛99購01,0,0,0,0,0,0,0,0,0,-4000,0,0,0,0,4000,-4000,-4000
059488,大立光兆豐99購03,0,0,0,0,0,0,0,0,0,-4000,0,0,0,0,4000,-4000,-4000
05937P,台積電凱基96售21,0,0,0,0,0,0,0,0,0,-4000,0,0,0,7000,11000,-4000,-4000
059705,華新科凱基9A購07,0,0,0,0,0,0,0,0,0,-4000,0,0,0,0,4000,-4000,-4000
056002,嘉晶永豐97購01  ,0,0,0,0,0,0,0,0,0,-4000,0,0,0,106000,110000,-4000,-4000
055892,國巨統一99購01  ,0,0,0,0,0,0,0,0,0,-4000,0,0,0,0,4000,-4000,-4000
057272,台積電元大98購14,0,0,0,0,0,0,0,0,0,-4000,0,0,0,1000,5000,-4000,-4000
057269,鈺齊兆豐98購01  ,0,0,0,0,0,0,0,0,0,-4000,0,0,0,0,4000,-4000,-4000
057267,康控兆豐99購01  ,0,0,0,0,0,0,0,0,0,-4000,0,0,0,2000,6000,-4000,-4000
058217,新唐群益99購01  ,0,0,0,0,0,0,0,0,0,-4000,0,0,0,0,4000,-4000,-4000
057405,麗豐群益98購01  ,0,0,0,0,0,0,0,0,0,-4000,0,0,0,1000,5000,-4000,-4000
05711P,茂林國票97售03  ,0,0,0,0,0,0,0,0,0,-4000,0,0,0,1000,5000,-4000,-4000
059553,台灣50凱基99購05,0,0,0,0,0,0,0,0,0,-4000,0,0,0,0,4000,-4000,-4000
059544,創意亞東99購01  ,0,0,0,0,0,0,0,0,0,-4000,0,0,0,0,4000,-4000,-4000
059595,華新科元大9A購03,0,0,0,0,0,0,0,0,0,-4000,0,0,0,0,4000,-4000,-4000
059900,上証反元大99購03,0,0,0,0,0,0,0,0,0,-4000,0,0,0,0,4000,-4000,-4000
059998,華航元富99購02  ,0,0,0,0,0,0,0,0,0,-4000,0,0,0,1000,5000,-4000,-4000
060146,健策國票9A購03  ,0,0,0,0,0,0,0,0,0,-4000,0,0,0,0,4000,-4000,-4000
056237,智邦群益97購02  ,0,0,0,0,0,0,0,0,0,-4000,0,0,0,6000,10000,-4000,-4000
058285,牧德群益9A購02  ,0,0,0,0,0,0,0,0,0,-4000,0,0,0,0,4000,-4000,-4000
056700,華新科國泰99購03,0,0,0,0,0,0,0,0,0,-4000,0,0,0,0,4000,-4000,-4000
058429,欣興元富99購01  ,0,0,0,0,0,0,0,0,0,-4000,0,0,0,6000,10000,-4000,-4000
058457,創意永豐99購01  ,0,0,0,0,0,0,0,0,0,-4000,0,0,0,5000,9000,-4000,-4000
9918,欣天然          ,0,4000,-4000,0,0,0,0,0,0,0,0,0,0,0,0,0,-4000
6573,虹揚-KY         ,0,4000,-4000,0,0,0,0,0,0,0,0,0,0,0,0,0,-4000
6671,三能-KY         ,0,4000,-4000,0,0,0,0,0,0,0,0,0,0,0,0,0,-4000
2904,匯僑            ,0,4000,-4000,0,0,0,0,0,0,0,0,0,0,0,0,0,-4000
3058,立德            ,6000,10000,-4000,0,0,0,0,0,0,0,0,0,0,0,0,0,-4000
6164,華興            ,0,4000,-4000,0,0,0,0,0,0,0,0,0,0,0,0,0,-4000
4930,燦星網          ,0,4000,-4000,0,0,0,0,0,0,0,0,0,0,0,0,0,-4000
07418P,聯發科元大99售45,0,0,0,0,0,0,0,0,0,-4000,0,0,0,0,4000,-4000,-4000
07422P,大立光元大99售32,0,0,0,0,0,0,0,0,0,-4000,0,0,0,0,4000,-4000,-4000
07555P,玉晶光元大9A售07,0,0,0,0,0,0,0,0,0,-4000,0,0,0,0,4000,-4000,-4000
07640P,國巨群益9A售07  ,0,0,0,0,0,0,0,0,0,-4000,0,0,0,248000,252000,-4000,-4000
07642P,華通凱基9A售05  ,0,0,0,0,0,0,0,0,0,-4000,0,0,0,0,4000,-4000,-4000
07724P,臺股指凱基9A售16,0,0,0,0,0,0,0,0,0,-4000,0,0,0,0,4000,-4000,-4000
07815P,美律群益9A售04  ,0,0,0,0,0,0,0,0,0,-4000,0,0,0,0,4000,-4000,-4000
07280P,FBVIX凱基99售01 ,0,0,0,0,0,0,0,0,0,-4000,0,0,0,16000,20000,-4000,-4000
07057P,大立光康和9B售02,0,0,0,0,0,0,0,0,0,-4000,0,0,0,0,4000,-4000,-4000
07133P,臺股指元大9A售27,0,0,0,0,0,0,0,0,0,-4000,0,0,0,21000,25000,-4000,-4000
2611,志信            ,0,4000,-4000,0,0,0,0,0,0,0,0,0,0,0,0,0,-4000
2539,櫻花建          ,28000,21000,7000,0,0,0,0,0,0,-11000,0,0,0,0,11000,-11000,-4000
2483,百容            ,0,3000,-3000,0,0,0,0,0,0,-1000,0,1000,-1000,0,0,0,-4000
2491,吉祥全          ,0,4000,-4000,0,0,0,0,0,0,0,0,0,0,0,0,0,-4000
2305,全友            ,6000,10000,-4000,0,0,0,0,0,0,0,0,0,0,0,0,0,-4000
2438,翔耀            ,0,4000,-4000,0,0,0,0,0,0,0,0,0,0,0,0,0,-4000
2349,錸德            ,1000,5000,-4000,0,0,0,0,0,0,0,0,0,0,0,0,0,-4000
1713,國化            ,0,4000,-4000,0,0,0,0,0,0,0,0,0,0,0,0,0,-4000
1454,台富            ,0,4000,-4000,0,0,0,0,0,0,0,0,0,0,0,0,0,-4000
1445,大宇            ,1000,5000,-4000,0,0,0,0,0,0,0,0,0,0,0,0,0,-4000
061053,國巨群益9A購08  ,0,0,0,0,0,0,0,0,0,-5000,0,0,0,0,5000,-5000,-5000
061021,聯電國泰9B購01  ,0,0,0,0,0,0,0,0,0,-5000,0,0,0,242000,247000,-5000,-5000
061119,國巨永豐9A購03  ,0,0,0,0,0,0,0,0,0,-5000,0,0,0,0,5000,-5000,-5000
061287,大立光統一9B購06,0,0,0,0,0,0,0,0,0,-5000,0,0,0,0,5000,-5000,-5000
061281,台積電統一9C購05,0,0,0,0,0,0,0,0,0,-5000,0,0,0,0,5000,-5000,-5000
061577,泰碩元大9A購03  ,0,0,0,0,0,0,0,0,0,-5000,0,0,0,29000,34000,-5000,-5000
060594,國巨麥證9A購01  ,0,0,0,0,5000,-5000,0,0,0,-5000,0,0,0,0,5000,-5000,-5000
060628,和大富邦9B購01  ,0,0,0,0,0,0,0,0,0,-5000,0,0,0,0,5000,-5000,-5000
060670,臺指反元大01購03,0,0,0,0,0,0,0,0,0,-5000,0,0,0,25000,30000,-5000,-5000
060541,正隆凱基9A購01  ,0,0,0,0,0,0,0,0,0,-5000,0,0,0,0,5000,-5000,-5000
060266,潤泰全國票9A購01,0,0,0,0,0,0,0,0,0,-5000,0,0,0,0,5000,-5000,-5000
060216,鴻海凱基9A購17  ,0,0,0,0,0,0,0,0,0,-5000,0,0,0,0,5000,-5000,-5000
060231,台積電元大9A購08,0,0,0,0,0,0,0,0,0,-5000,0,0,0,0,5000,-5000,-5000
060162,碩天永豐9A購01  ,0,0,0,0,0,0,0,0,0,-5000,0,0,0,5000,10000,-5000,-5000
06018P,康控凱基96售03  ,0,0,0,0,0,0,0,0,0,-5000,0,0,0,5000,10000,-5000,-5000
06271P,彩晶凱基97售01  ,0,0,0,0,0,0,0,0,0,-5000,0,0,0,0,5000,-5000,-5000
06341P,大立光統一97售08,0,0,0,0,0,0,0,0,0,-5000,0,0,0,0,5000,-5000,-5000
06356P,啟碁永豐97售01  ,0,0,0,0,0,0,0,0,0,-5000,0,0,0,0,5000,-5000,-5000
06425P,TPK永豐97售02   ,0,0,0,0,0,0,0,0,0,-5000,0,0,0,0,5000,-5000,-5000
062449,臻鼎元大9B購01  ,0,0,0,0,0,0,0,0,0,-5000,0,0,0,0,5000,-5000,-5000
062508,臺股指群益9B購03,0,0,0,0,0,0,0,0,0,-5000,0,0,0,0,5000,-5000,-5000
06228P,亞德客凱基97售04,0,0,0,0,0,0,0,0,0,-5000,0,0,0,0,5000,-5000,-5000
062291,力成富邦9B購01  ,0,0,0,0,0,0,0,0,0,-5000,0,0,0,113000,118000,-5000,-5000
062356,國巨元大9B購10  ,0,0,0,0,0,0,0,0,0,-5000,0,0,0,13000,18000,-5000,-5000
06825P,臺股指國票98售01,0,0,0,0,0,0,0,0,0,-5000,0,0,0,1000,6000,-5000,-5000
06855P,聯發科富邦9A售01,0,0,0,0,0,0,0,0,0,-5000,0,0,0,0,5000,-5000,-5000
06896P,信邦中信98售01  ,0,0,0,0,0,0,0,0,0,-5000,0,0,0,0,5000,-5000,-5000
06482P,台積電凱基98售13,0,0,0,0,0,0,0,0,0,-5000,0,0,0,0,5000,-5000,-5000
06692P,瑞昱凱基98售03  ,0,0,0,0,0,0,0,0,0,-5000,0,0,0,0,5000,-5000,-5000
061936,旺宏國票9B購03  ,0,0,0,0,0,0,0,0,0,-5000,0,0,0,0,5000,-5000,-5000
061952,臺股指群益9B購01,0,0,0,0,0,0,0,0,0,-5000,0,0,0,0,5000,-5000,-5000
062135,國巨群益9B購05  ,0,0,0,0,0,0,0,0,0,-5000,0,0,0,0,5000,-5000,-5000
061884,臺股指元大9B購18,0,0,0,0,0,0,0,0,0,-5000,0,0,0,0,5000,-5000,-5000
061654,旺宏國票9A購02  ,0,0,0,0,0,0,0,0,0,-5000,0,0,0,5000,10000,-5000,-5000
061648,緯穎元大9A購04  ,0,0,0,0,0,0,0,0,0,-5000,0,0,0,0,5000,-5000,-5000
06165P,臺股指凱基9A售03,0,0,0,0,0,0,0,0,0,-5000,0,0,0,0,5000,-5000,-5000
061718,GIS凱基9B購01   ,0,0,0,0,0,0,0,0,0,-5000,0,0,0,111000,116000,-5000,-5000
055834,國巨元大97購13  ,0,0,0,0,0,0,0,0,0,-5000,0,0,0,6000,11000,-5000,-5000
055444,致新台新97購01  ,0,0,0,0,0,0,0,0,0,-5000,0,0,0,0,5000,-5000,-5000
055402,正文元富97購02  ,0,0,0,0,0,0,0,0,0,-5000,0,0,0,105000,110000,-5000,-5000
054875,群電群益97購01  ,0,0,0,0,0,0,0,0,0,-5000,0,0,0,5000,10000,-5000,-5000
056186,智原統一97購01  ,0,0,0,0,0,0,0,0,0,-5000,0,0,0,0,5000,-5000,-5000
059293,宏達電元富9B購01,0,0,0,0,0,0,0,0,0,-5000,0,0,0,0,5000,-5000,-5000
059339,上銀凱基99購06  ,0,0,0,0,0,0,0,0,0,-5000,0,0,0,0,5000,-5000,-5000
055068,亞翔永豐97購01  ,0,0,0,0,0,0,0,0,0,-5000,0,0,0,0,5000,-5000,-5000
055781,聯詠凱基98購01  ,0,0,0,0,0,0,0,0,0,-5000,0,0,0,0,5000,-5000,-5000
054755,世紀鋼凱基98購01,0,0,0,0,0,0,0,0,0,-5000,0,0,0,13000,18000,-5000,-5000
053849,聯發科元富96購04,0,0,0,0,0,0,0,0,0,-5000,0,0,0,5000,10000,-5000,-5000
054821,貿聯元大9A購01  ,0,0,0,0,0,0,0,0,0,-5000,0,0,0,0,5000,-5000,-5000
054080,微星中信98購01  ,0,0,0,0,0,0,0,0,0,-5000,0,0,0,1000,6000,-5000,-5000
053570,京元電統一96購01,0,0,0,0,0,0,0,0,0,-5000,0,0,0,0,5000,-5000,-5000
054231,國巨群益98購03  ,0,0,0,0,0,0,0,0,0,-5000,0,0,0,11000,16000,-5000,-5000
054728,聯發科日盛97購01,0,0,0,0,0,0,0,0,0,-5000,0,0,0,0,5000,-5000,-5000
055596,新光金元大9B購02,0,0,0,0,0,0,0,0,0,-5000,0,0,0,0,5000,-5000,-5000
054575,聯鈞元大97購01  ,0,0,0,0,0,0,0,0,0,-5000,0,0,0,0,5000,-5000,-5000
05189P,新光金凱基97售02,0,0,0,0,0,0,0,0,0,-5000,0,0,0,0,5000,-5000,-5000
052795,健策兆豐97購01  ,0,0,0,0,0,0,0,0,0,-5000,0,0,0,0,5000,-5000,-5000
052828,滬深2X群益9A購02,0,0,0,0,0,0,0,0,0,-5000,0,0,0,0,5000,-5000,-5000
050854,世紀鋼國票97購01,0,0,0,0,0,0,0,0,0,-5000,0,0,0,0,5000,-5000,-5000
050402,緯穎中信96購01  ,0,0,0,0,0,0,0,0,0,-5000,0,0,0,0,5000,-5000,-5000
053350,台表科國票97購02,0,0,0,0,0,0,0,0,0,-5000,0,0,0,0,5000,-5000,-5000
03658C,T50反1元大9A牛02,0,0,0,0,0,0,0,0,0,-5000,0,0,0,27000,32000,-5000,-5000
05670P,台積電國票98售01,0,0,0,0,0,0,0,0,0,-5000,0,0,0,0,5000,-5000,-5000
057575,世紀鋼永豐98購02,0,0,0,0,0,0,0,0,0,-5000,0,0,0,0,5000,-5000,-5000
057591,鴻海兆豐99購01  ,0,0,0,0,0,0,0,0,0,-5000,0,0,0,0,5000,-5000,-5000
058314,欣興富邦9B購01  ,0,0,0,0,0,0,0,0,0,-5000,0,0,0,20000,25000,-5000,-5000
059003,中壽元大99購01  ,0,0,0,0,0,0,0,0,0,-5000,0,0,0,0,5000,-5000,-5000
059038,健策群益9A購02  ,0,0,0,0,0,0,0,0,0,-5000,0,0,0,62000,67000,-5000,-5000
058505,台積電元大99購08,0,0,0,0,0,0,0,0,0,-5000,0,0,0,5000,10000,-5000,-5000
058794,旺宏元大99購09  ,0,0,0,0,0,0,0,0,0,-5000,0,0,0,10000,15000,-5000,-5000
058633,台灣50兆豐99購01,0,0,0,0,0,0,0,0,0,-5000,0,0,0,0,5000,-5000,-5000
056282,S&P反1永豐97購01,0,0,0,0,0,0,0,0,0,-5000,0,0,0,0,5000,-5000,-5000
056368,祥碩元大98購02  ,0,0,0,0,0,0,0,0,0,-5000,0,0,0,40000,45000,-5000,-5000
060135,台灣50國票9C購02,0,0,0,0,0,0,0,0,0,-5000,0,0,0,0,5000,-5000,-5000
060043,全新群益9B購02  ,0,0,0,0,0,0,0,0,0,-5000,0,0,0,4000,9000,-5000,-5000
059993,上銀元富99購01  ,0,0,0,0,0,0,0,0,0,-5000,0,0,0,0,5000,-5000,-5000
059577,旺宏元富99購04  ,0,0,0,0,0,0,0,0,0,-5000,0,0,0,10000,15000,-5000,-5000
056442,瑞昱凱基98購02  ,0,0,0,0,0,0,0,0,0,-5000,0,0,0,0,5000,-5000,-5000
057282,大立光元大99購06,0,0,0,0,0,0,0,0,0,-5000,0,0,0,0,5000,-5000,-5000
057303,喬山兆豐99購01  ,0,0,0,0,0,0,0,0,0,-5000,0,0,0,3000,8000,-5000,-5000
059177,臺股指凱基99購28,0,0,0,0,0,0,0,0,0,-5000,0,0,0,0,5000,-5000,-5000
05915P,聯發科元大96售19,0,0,0,0,0,0,0,0,0,-5000,0,0,0,2000,7000,-5000,-5000
058042,鴻海元大98購12  ,0,0,0,0,0,0,0,0,0,-5000,0,0,0,0,5000,-5000,-5000
057018,亞德客凱基98購01,0,0,0,0,0,0,0,0,0,-5000,0,0,0,0,5000,-5000,-5000
057424,訊芯凱基98購04  ,0,0,0,0,0,0,0,0,0,-5000,0,0,0,0,5000,-5000,-5000
058223,世芯統一9B購01  ,0,0,0,0,0,0,0,0,0,-5000,0,0,0,0,5000,-5000,-5000
057695,S&P反1群益9B購01,0,0,0,0,0,0,0,0,0,-5000,0,0,0,0,5000,-5000,-5000
057723,臺股指元富98購02,0,0,0,0,0,0,0,0,0,-5000,0,0,0,0,5000,-5000,-5000
057705,臺股指群益98購05,0,0,0,0,0,0,0,0,0,-5000,0,0,0,32000,37000,-5000,-5000
058178,國巨國泰9A購02  ,0,0,0,0,0,0,0,0,0,-5000,0,0,0,10000,15000,-5000,-5000
057451,大立光元富9B購01,0,0,0,0,0,0,0,0,0,-5000,0,0,0,38000,43000,-5000,-5000
057446,旺宏元富02購01  ,0,0,0,0,0,0,0,0,0,-5000,0,0,0,85000,90000,-5000,-5000
057164,國巨元大98購14  ,0,0,0,0,0,0,0,0,0,-5000,0,0,0,0,5000,-5000,-5000
057941,聯電國票99購01  ,0,0,0,0,0,0,0,0,0,-5000,0,0,0,25000,30000,-5000,-5000
057667,可成元大99購01  ,0,0,0,0,0,0,0,0,0,-5000,0,0,0,50000,55000,-5000,-5000
057841,茂林富邦9A購02  ,0,0,0,0,0,0,0,0,0,-5000,0,0,0,0,5000,-5000,-5000
1459,聯發            ,0,5000,-5000,0,0,0,0,0,0,0,0,0,0,0,0,0,-5000
1517,利奇            ,0,6000,-6000,0,0,0,0,0,0,1000,1000,0,1000,0,0,0,-5000
1530,亞崴            ,0,5000,-5000,0,0,0,0,0,0,0,0,0,0,0,0,0,-5000
1587,吉茂            ,1000,6000,-5000,0,0,0,0,0,0,0,0,0,0,0,0,0,-5000
1776,展宇            ,0,5000,-5000,0,0,0,0,0,0,0,0,0,0,0,0,0,-5000
07916P,臺股指元大9B售22,0,0,0,0,0,0,0,0,0,-5000,0,0,0,1000,6000,-5000,-5000
07876P,台灣50國泰01售01,0,0,0,0,0,0,0,0,0,-5000,0,0,0,0,5000,-5000,-5000
2443,億麗            ,0,5000,-5000,0,0,0,0,0,0,0,0,0,0,0,0,0,-5000
2460,建通            ,0,5000,-5000,0,0,0,0,0,0,0,0,0,0,0,0,0,-5000
07160P,台灣50中信03售04,0,0,0,0,0,0,0,0,0,-5000,0,0,0,0,5000,-5000,-5000
07050P,宏達電中信9B售01,0,0,0,0,0,0,0,0,0,-5000,0,0,0,12000,17000,-5000,-5000
06984P,上銀富邦9B售01  ,0,0,0,0,0,0,0,0,0,-5000,0,0,0,5000,10000,-5000,-5000
06949P,台表科元大99售01,0,0,0,0,0,0,0,0,0,-5000,0,0,0,0,5000,-5000,-5000
06950P,鴻海統一9B售02  ,0,0,0,0,0,0,0,0,0,-5000,0,0,0,0,5000,-5000,-5000
07289P,台灣50凱基99售07,0,0,0,0,0,0,0,0,0,-5000,0,0,0,0,5000,-5000,-5000
07284P,大立光凱基99售10,0,0,0,0,0,0,0,0,0,-5000,0,0,0,5000,10000,-5000,-5000
07285P,上証2X群益01售02,0,0,0,0,0,0,0,0,0,-5000,0,0,0,0,5000,-5000,-5000
07391P,台灣50國泰02售01,0,0,0,0,0,0,0,0,0,-5000,0,0,0,0,5000,-5000,-5000
07835P,台表科群益9A售02,0,0,0,0,0,0,0,0,0,-5000,0,0,0,39000,44000,-5000,-5000
07695P,台郡元大9A售02  ,0,0,0,0,0,0,0,0,0,-5000,0,0,0,0,5000,-5000,-5000
07503P,禾伸堂元大9A售01,0,0,0,0,0,0,0,0,0,-5000,0,0,0,55000,60000,-5000,-5000
4572,駐龍            ,1000,6000,-5000,0,0,0,0,0,0,0,0,0,0,0,0,0,-5000
4555,氣立            ,10000,21000,-11000,0,0,0,0,0,0,6000,6000,0,6000,0,0,0,-5000
5284,jpp-KY          ,0,5000,-5000,0,0,0,0,0,0,0,0,0,0,0,0,0,-5000
6641,基士德-KY       ,1000,6000,-5000,0,0,0,0,0,0,0,0,0,0,0,0,0,-5000
6201,亞弘電          ,0,5000,-5000,0,0,0,0,0,0,0,0,0,0,0,0,0,-5000
8114,振樺電          ,6000,11000,-5000,0,0,0,0,0,0,0,0,0,0,0,0,0,-5000
9937,全國            ,0,5000,-5000,0,0,0,0,0,0,0,0,0,0,0,0,0,-5000
061909,台積電中信05購02,0,0,0,0,0,0,0,0,0,-6000,0,0,0,0,6000,-6000,-6000
062238,臻鼎凱基9C購01  ,0,0,0,0,0,0,0,0,0,-6000,0,0,0,20000,26000,-6000,-6000
06195P,台積電元富97售06,0,0,0,0,0,0,0,0,0,-6000,0,0,0,482000,488000,-6000,-6000
06714P,台積電元大98售15,0,0,0,0,0,0,0,0,0,-6000,0,0,0,0,6000,-6000,-6000
06468P,華新科統一98售02,0,0,0,0,0,0,0,0,0,-6000,0,0,0,40000,46000,-6000,-6000
062359,旺宏元大9C購02  ,0,0,0,0,0,0,0,0,0,-6000,0,0,0,0,6000,-6000,-6000
06417P,台積電兆豐97售03,0,0,0,0,0,0,0,0,0,-6000,0,0,0,0,6000,-6000,-6000
06433P,大立光群益99售01,0,0,0,0,0,0,0,0,0,-6000,0,0,0,0,6000,-6000,-6000
060514,南電元大9A購02  ,0,0,0,0,0,0,0,0,0,-6000,0,0,0,0,6000,-6000,-6000
060680,玉晶光元大9C購03,0,0,0,0,0,0,0,0,0,-6000,0,0,0,38000,44000,-6000,-6000
060761,南亞科元大9A購05,0,0,0,0,0,0,0,0,0,-6000,0,0,0,21000,27000,-6000,-6000
061555,聯電國票9B購01  ,0,0,0,0,0,0,0,0,0,-6000,0,0,0,160000,166000,-6000,-6000
061330,T50反1元大9A購14,0,0,0,0,0,0,0,0,0,-6000,0,0,0,0,6000,-6000,-6000
04932P,香港2X中信96售01,0,0,0,0,0,0,0,0,0,-6000,0,0,0,0,6000,-6000,-6000
03428B,臺股指凱基97熊18,0,0,0,0,0,0,0,0,0,-6000,0,0,0,0,6000,-6000,-6000
052987,華新科元大99購01,0,0,0,0,0,0,0,0,0,-6000,0,0,0,0,6000,-6000,-6000
053557,聯茂凱基96購04  ,0,0,0,0,0,0,0,0,0,-6000,0,0,0,0,6000,-6000,-6000
052383,臺股指元大95購29,0,0,0,0,0,0,0,0,0,-6000,0,0,0,0,6000,-6000,-6000
054304,台積電凱基96購23,0,0,0,0,0,0,0,0,0,-6000,0,0,0,0,6000,-6000,-6000
054111,緯穎凱基97購01  ,0,0,0,0,0,0,0,0,0,-6000,0,0,0,14000,20000,-6000,-6000
055782,新日興凱基99購01,0,0,0,0,0,0,0,0,0,-6000,0,0,0,54000,60000,-6000,-6000
059700,鴻海凱基9A購16  ,0,0,0,0,0,0,0,0,0,-6000,0,0,0,2000,8000,-6000,-6000
056107,智易永豐97購02  ,0,0,0,0,0,0,0,0,0,-6000,0,0,0,0,6000,-6000,-6000
058243,華擎元大99購01  ,0,0,0,0,0,0,0,0,0,-6000,0,0,0,882000,888000,-6000,-6000
057193,力成元大98購02  ,0,0,0,0,0,0,0,0,0,-6000,0,0,0,0,6000,-6000,-6000
056911,緯穎元大99購01  ,0,0,0,0,0,0,0,0,0,-6000,0,0,0,4000,10000,-6000,-6000
058885,元石油元大9C購02,0,0,0,0,0,0,0,0,0,-6000,0,0,0,0,6000,-6000,-6000
057066,緯穎富邦99購01  ,0,0,0,0,0,0,0,0,0,-6000,0,0,0,0,6000,-6000,-6000
059151,臺股指國票99購14,0,0,0,0,0,0,0,0,0,-6000,0,0,0,29000,35000,-6000,-6000
057337,聯發科國票99購02,0,0,0,0,0,0,0,0,0,-6000,0,0,0,0,6000,-6000,-6000
059861,聯發科群益9A購01,0,0,0,0,0,0,0,0,0,-6000,0,0,0,10000,16000,-6000,-6000
060038,台積電國票99購13,0,0,0,0,0,0,0,0,0,-6000,0,0,0,50000,56000,-6000,-6000
060087,鴻海元大99購43  ,0,0,0,0,0,0,0,0,0,-6000,0,0,0,6000,12000,-6000,-6000
056202,國揚永豐97購01  ,0,0,0,0,0,0,0,0,0,-6000,0,0,0,148000,154000,-6000,-6000
059832,超眾康和99購01  ,0,0,0,0,0,0,0,0,0,-6000,0,0,0,8000,14000,-6000,-6000
058649,健策永豐99購01  ,0,0,0,0,0,0,0,0,0,-6000,0,0,0,0,6000,-6000,-6000
058713,國巨統一9B購02  ,0,0,0,0,0,0,0,0,0,-6000,0,0,0,4000,10000,-6000,-6000
058750,緯穎凱基9A購03  ,0,0,0,0,0,0,0,0,0,-6000,0,0,0,60000,66000,-6000,-6000
05829P,臺股指統一96售08,0,0,0,0,0,0,0,0,0,-6000,0,0,0,0,6000,-6000,-6000
8478,東哥遊艇        ,0,6000,-6000,0,0,0,0,0,0,0,0,0,0,0,0,0,-6000
6579,研揚            ,0,6000,-6000,0,0,0,0,0,0,0,0,0,0,0,0,0,-6000
5525,順天            ,0,6000,-6000,0,0,0,0,0,0,0,0,0,0,0,0,0,-6000
3011,今皓            ,0,6000,-6000,0,0,0,0,0,0,0,0,0,0,0,0,0,-6000
07717P,臺股指群益9A售06,0,0,0,0,0,0,0,0,0,-6000,0,0,0,0,6000,-6000,-6000
07406P,大立光凱基99售18,0,0,0,0,0,0,0,0,0,-6000,0,0,0,14000,20000,-6000,-6000
07377P,聯發科元大99售40,0,0,0,0,0,0,0,0,0,-6000,0,0,0,0,6000,-6000,-6000
07304P,臺股指元大9A售37,0,0,0,0,0,0,0,0,0,-6000,0,0,0,151000,157000,-6000,-6000
07314P,T50正2元大9C售03,0,0,0,0,0,0,0,0,0,-6000,0,0,0,0,6000,-6000,-6000
07182P,臺股指凱基99售24,0,0,0,0,0,0,0,0,0,-6000,0,0,0,1000,7000,-6000,-6000
07214P,聯發科凱基9A售04,0,0,0,0,0,0,0,0,0,-6000,0,0,0,0,6000,-6000,-6000
06940P,旺宏永豐98售05  ,20000,0,20000,0,0,0,0,0,0,-26000,0,0,0,0,26000,-26000,-6000
2597,潤弘            ,0,6000,-6000,0,0,0,0,0,0,0,0,0,0,0,0,0,-6000
2012,春雨            ,0,6000,-6000,0,0,0,0,0,0,0,0,0,0,0,0,0,-6000
07896P,臺股指元大9B售16,0,0,0,0,0,0,0,0,0,-6000,0,0,0,0,6000,-6000,-6000
1231,聯華食          ,17000,24000,-7000,0,0,0,0,0,0,1000,1000,0,1000,0,0,0,-6000
1603,華電            ,0,6000,-6000,0,0,0,0,0,0,0,0,0,0,0,0,0,-6000
1618,合機            ,0,6000,-6000,0,0,0,0,0,0,0,0,0,0,0,0,0,-6000
1432,大魯閣          ,0,6000,-6000,0,0,0,0,0,0,0,0,0,0,0,0,0,-6000
061288,大立光統一9C購01,0,0,0,0,0,0,0,0,0,-7000,0,0,0,3000,10000,-7000,-7000
060945,緯穎國票9A購02  ,0,0,0,0,0,0,0,0,0,-7000,0,0,0,8000,15000,-7000,-7000
060826,牧德元大9B購02  ,0,0,0,0,0,0,0,0,0,-7000,0,0,0,12000,19000,-7000,-7000
060166,佐登永豐9A購01  ,0,0,0,0,0,0,0,0,0,-7000,0,0,0,11000,18000,-7000,-7000
06412P,南亞科日盛97售01,0,0,0,0,0,0,0,0,0,-7000,0,0,0,0,7000,-7000,-7000
06497P,大立光凱基98售11,0,0,0,0,0,0,0,0,0,-7000,0,0,0,0,7000,-7000,-7000
06592P,欣興元大98售04  ,0,0,0,0,0,0,0,0,0,-7000,0,0,0,153000,160000,-7000,-7000
06594P,立積元大98售01  ,0,0,0,0,0,0,0,0,0,-7000,0,0,0,53000,60000,-7000,-7000
06624P,訊芯元大98售06  ,0,0,0,0,0,0,0,0,0,-7000,0,0,0,0,7000,-7000,-7000
06853P,華擎元富98售03  ,0,0,0,0,0,0,0,0,0,-7000,0,0,0,212000,219000,-7000,-7000
06791P,聯發科凱基98售16,0,0,0,0,0,0,0,0,0,-7000,0,0,0,3000,10000,-7000,-7000
061945,華通群益9B購04  ,0,0,0,0,0,0,0,0,0,-7000,0,0,0,0,7000,-7000,-7000
062177,上銀元大9B購02  ,0,0,0,0,0,0,0,0,0,-7000,0,0,0,3000,10000,-7000,-7000
061757,T50反1元大9B購01,0,0,0,0,0,0,0,0,0,-7000,0,0,0,0,7000,-7000,-7000
061697,世紀鋼群益9A購03,0,0,0,0,0,0,0,0,0,-7000,0,0,0,3000,10000,-7000,-7000
061589,世紀鋼富邦9B購01,0,0,0,0,0,0,0,0,0,-7000,0,0,0,89000,96000,-7000,-7000
056065,奇鋐元大97購01  ,0,0,0,0,0,0,0,0,0,-7000,0,0,0,52000,59000,-7000,-7000
059493,國巨國票9B購01  ,0,0,0,0,0,0,0,0,0,-7000,0,0,0,0,7000,-7000,-7000
054820,新日興元大97購01,0,0,0,0,0,0,0,0,0,-7000,0,0,0,1000,8000,-7000,-7000
054197,台積電永昌96購07,0,0,0,0,0,0,0,0,0,-7000,0,0,0,75000,82000,-7000,-7000
053054,禾伸堂國票97購01,0,0,0,0,0,0,0,0,0,-7000,0,0,0,0,7000,-7000,-7000
00685L,群益臺灣加權正2 ,0,0,0,0,0,0,0,0,0,-7000,0,0,0,14000,21000,-7000,-7000
0051,元大中型100     ,0,0,0,0,0,0,0,0,0,-7000,0,0,0,12000,19000,-7000,-7000
035276,南亞科台新97購01,0,0,0,0,0,0,0,0,0,-7000,0,0,0,0,7000,-7000,-7000
044247,道瓊反元富97購01,0,0,0,0,0,0,0,0,0,-7000,0,0,0,0,7000,-7000,-7000
051490,世芯凱基96購01  ,0,0,0,0,0,0,0,0,0,-7000,0,0,0,24000,31000,-7000,-7000
05901P,臺股指凱基9C售01,0,0,0,0,0,0,0,0,0,-7000,0,0,0,2000,9000,-7000,-7000
058535,玉晶光統一9A購06,0,0,0,0,0,0,0,0,0,-7000,0,0,0,17000,24000,-7000,-7000
059077,FBVIX元大99購05 ,0,0,0,0,0,0,0,0,0,-7000,0,0,0,1000,8000,-7000,-7000
058366,元大金凱基99購01,0,0,0,0,0,0,0,0,0,-7000,0,0,0,0,7000,-7000,-7000
059914,台積電元大99購47,0,0,0,0,0,0,0,0,0,-7000,0,0,0,43000,50000,-7000,-7000
056431,鴻海凱基98購07  ,0,0,0,0,0,0,0,0,0,-7000,0,0,0,5000,12000,-7000,-7000
056412,上証2X中信9A購02,0,0,0,0,0,0,0,0,0,-7000,0,0,0,0,7000,-7000,-7000
059142,道瓊指國票9B購02,0,0,0,0,0,0,0,0,0,-7000,0,0,0,4000,11000,-7000,-7000
058834,GIS永豐99購01   ,0,0,0,0,0,0,0,0,0,-7000,0,0,0,164000,171000,-7000,-7000
057479,致茂元大98購03  ,0,0,0,0,0,0,0,0,0,-7000,0,0,0,0,7000,-7000,-7000
057760,聯發科凱基98購18,0,0,0,0,0,0,0,0,0,-7000,0,0,0,0,7000,-7000,-7000
058004,大立光群益98購03,0,0,0,0,0,0,0,0,0,-7000,0,0,0,2000,9000,-7000,-7000
1711,永光            ,256000,263000,-7000,0,0,0,0,0,0,0,0,0,0,0,0,0,-7000
2038,海光            ,0,7000,-7000,0,0,0,0,0,0,0,0,0,0,0,0,0,-7000
2543,皇昌            ,0,7000,-7000,0,0,0,0,0,0,0,0,0,0,0,0,0,-7000
2701,萬企            ,0,7000,-7000,0,0,0,0,0,0,0,0,0,0,0,0,0,-7000
2850,新產            ,9000,66000,-57000,0,0,0,0,0,0,50000,50000,0,50000,0,0,0,-7000
06983P,台積電國泰9A售02,0,0,0,0,0,0,0,0,0,-7000,0,0,0,0,7000,-7000,-7000
3055,蔚華科          ,3000,10000,-7000,0,0,0,0,0,0,0,0,0,0,0,0,0,-7000
9925,新保            ,2000,17000,-15000,0,0,0,0,0,0,8000,8000,0,8000,0,0,0,-7000
8103,瀚荃            ,1000,8000,-7000,0,0,0,0,0,0,0,0,0,0,0,0,0,-7000
2360,致茂            ,712000,453442,258558,0,0,0,0,262000,-262000,-4000,0,4000,-4000,8000,8000,0,-7442
062214,金寶統一01購01  ,0,0,0,0,0,0,0,0,0,-8000,0,0,0,32000,40000,-8000,-8000
062091,世紀鋼元大9B購01,0,0,0,0,0,0,0,0,0,-8000,0,0,0,30000,38000,-8000,-8000
061940,世紀鋼國票9C購01,0,0,0,0,0,0,0,0,0,-8000,0,0,0,8000,16000,-8000,-8000
062082,嘉晶元大9B購01  ,0,0,0,0,0,0,0,0,0,-8000,0,0,0,45000,53000,-8000,-8000
06716P,台積電元大9A售02,0,0,0,0,0,0,0,0,0,-8000,0,0,0,0,8000,-8000,-8000
06554P,臺股指元大99售06,0,0,0,0,0,0,0,0,0,-8000,0,0,0,2000,10000,-8000,-8000
06501P,臺股指元大9A售06,0,0,0,0,0,0,0,0,0,-8000,0,0,0,0,8000,-8000,-8000
062520,晶豪科元大9B購02,0,0,0,0,0,0,0,0,0,-8000,0,0,0,0,8000,-8000,-8000
062497,遠東新群益9B購01,0,0,0,0,0,0,0,0,0,-8000,0,0,0,0,8000,-8000,-8000
062481,同欣電國票9B購01,0,0,0,0,0,0,0,0,0,-8000,0,0,0,2000,10000,-8000,-8000
062482,台表科國票9B購01,0,0,0,0,0,0,0,0,0,-8000,0,0,0,0,8000,-8000,-8000
062483,致新國票9B購01  ,0,0,0,0,0,0,0,0,0,-8000,0,0,0,0,8000,-8000,-8000
061506,瑞祺國票9A購02  ,0,0,0,0,0,0,0,0,0,-8000,0,0,0,49000,57000,-8000,-8000
053345,欣興國票97購02  ,0,0,0,0,0,0,0,0,0,-8000,0,0,0,0,8000,-8000,-8000
045054,聯發科元富98購02,0,0,0,0,0,0,0,0,0,-8000,0,0,0,17000,25000,-8000,-8000
049553,鴻海國泰96購02  ,0,0,0,0,0,0,0,0,0,-8000,0,0,0,240000,248000,-8000,-8000
051744,嘉聯益國票97購01,0,0,0,0,0,0,0,0,0,-8000,0,0,0,0,8000,-8000,-8000
055521,S&P反1群益01購01,0,0,0,0,0,0,0,0,0,-8000,0,0,0,0,8000,-8000,-8000
054416,禾伸堂元大97購01,0,0,0,0,0,0,0,0,0,-8000,0,0,0,8000,16000,-8000,-8000
054061,晶技國票97購03  ,0,0,0,0,0,0,0,0,0,-8000,0,0,0,0,8000,-8000,-8000
053624,A50正2兆豐97購02,0,0,0,0,0,0,0,0,0,-8000,0,0,0,0,8000,-8000,-8000
053854,聯茂國泰97購02  ,0,0,0,0,0,0,0,0,0,-8000,0,0,0,0,8000,-8000,-8000
059240,台積電凱基9A購09,0,0,0,0,0,0,0,0,0,-8000,0,0,0,21000,29000,-8000,-8000
059224,大立光元大99購15,0,0,0,0,0,0,0,0,0,-8000,0,0,0,33000,41000,-8000,-8000
056106,晶相光永豐97購02,0,0,0,0,0,0,0,0,0,-8000,0,0,0,0,8000,-8000,-8000
055406,大毅國泰99購01  ,0,0,0,0,0,0,0,0,0,-8000,0,0,0,2000,10000,-8000,-8000
055814,晶豪科國票97購02,0,0,0,0,0,0,0,0,0,-8000,0,0,0,32000,40000,-8000,-8000
058268,泰碩永豐9A購01  ,0,0,0,0,0,0,0,0,0,-8000,0,0,0,10000,18000,-8000,-8000
057787,TPK國票99購01   ,0,0,0,0,0,0,0,0,0,-8000,0,0,0,46000,54000,-8000,-8000
058861,國巨凱基9A購08  ,0,0,0,0,0,0,0,0,0,-8000,0,0,0,509000,517000,-8000,-8000
060057,欣興凱基9B購01  ,0,0,0,0,0,0,0,0,0,-8000,0,0,0,2000,10000,-8000,-8000
059729,群創元大9C購05  ,0,0,0,0,0,0,0,0,0,-8000,0,0,0,52000,60000,-8000,-8000
057516,和鑫元富98購01  ,0,0,0,0,0,0,0,0,0,-8000,0,0,0,87000,95000,-8000,-8000
2636,台驊投控        ,11000,19000,-8000,0,0,0,0,0,0,0,0,0,0,0,0,0,-8000
2495,普安            ,6000,14000,-8000,0,0,0,0,0,0,0,0,0,0,0,0,0,-8000
1626,艾美特-KY       ,4000,12000,-8000,0,0,0,0,0,0,0,0,0,0,0,0,0,-8000
1608,華榮            ,75000,83000,-8000,0,0,0,0,0,0,0,0,0,0,0,0,0,-8000
1726,永記            ,0,8000,-8000,0,0,0,0,0,0,0,0,0,0,0,0,0,-8000
1203,味王            ,0,8000,-8000,0,0,0,0,0,0,0,0,0,0,0,0,0,-8000
07946P,華通統一9B售02  ,0,0,0,0,0,0,0,0,0,-8000,0,0,0,17000,25000,-8000,-8000
07058P,台積電凱基9A售07,0,0,0,0,0,0,0,0,0,-8000,0,0,0,2000,10000,-8000,-8000
07104P,聯發科元富99售04,0,0,0,0,0,0,0,0,0,-8000,0,0,0,1000,9000,-8000,-8000
07242P,台灣50凱基9A售03,0,0,0,0,0,0,0,0,0,-8000,0,0,0,20000,28000,-8000,-8000
07730P,臺股指凱基9A售22,0,0,0,0,0,0,0,0,0,-8000,0,0,0,5000,13000,-8000,-8000
07537P,玉晶光元富9A售04,0,0,0,0,0,0,0,0,0,-8000,0,0,0,0,8000,-8000,-8000
07629P,臺股指凱基9A售10,0,0,0,0,0,0,0,0,0,-8000,0,0,0,5000,13000,-8000,-8000
9908,大台北          ,12000,20000,-8000,0,0,0,0,0,0,0,0,0,0,0,0,0,-8000
6205,詮欣            ,0,8000,-8000,0,0,0,0,0,0,0,0,0,0,0,0,0,-8000
2911,麗嬰房          ,0,8000,-8000,0,0,0,0,0,0,0,0,0,0,0,0,0,-8000
061515,泰碩永豐9A購03  ,0,0,0,0,0,0,0,0,0,-9000,0,0,0,0,9000,-9000,-9000
061381,台灣50群益9B購07,0,0,0,0,0,0,0,0,0,-9000,0,0,0,110000,119000,-9000,-9000
061394,FBVIX統一9B購01 ,0,0,0,0,0,0,0,0,0,-9000,0,0,0,0,9000,-9000,-9000
061178,晶技凱基9B購01  ,0,0,0,0,0,0,0,0,0,-9000,0,0,0,0,9000,-9000,-9000
060218,台積電凱基9A購15,0,0,0,0,0,0,0,0,0,-9000,0,0,0,0,9000,-9000,-9000
060736,旺宏統一01購01  ,0,0,0,0,0,0,0,0,0,-9000,0,0,0,43000,52000,-9000,-9000
060777,茂林凱基9C購01  ,0,0,0,0,0,0,0,0,0,-9000,0,0,0,30000,39000,-9000,-9000
060676,京元電元大9A購03,0,0,0,0,0,0,0,0,0,-9000,0,0,0,64000,73000,-9000,-9000
060593,華通麥證9A購01  ,0,0,0,0,9000,-9000,0,0,0,-9000,0,0,0,0,9000,-9000,-9000
060589,台灣50台新9B購06,0,0,0,0,0,0,0,0,0,-9000,0,0,0,1000,10000,-9000,-9000
062505,祥碩群益9B購03  ,0,0,0,0,0,0,0,0,0,-9000,0,0,0,0,9000,-9000,-9000
06395P,台積電元大97售29,0,0,0,0,0,0,0,0,0,-9000,0,0,0,1000,10000,-9000,-9000
06540P,聯發科凱基98售13,0,0,0,0,0,0,0,0,0,-9000,0,0,0,0,9000,-9000,-9000
061931,力山國票9B購02  ,0,0,0,0,0,0,0,0,0,-9000,0,0,0,29000,38000,-9000,-9000
055933,欣興群益98購02  ,0,0,0,0,0,0,0,0,0,-9000,0,0,0,1000,10000,-9000,-9000
05970P,超眾永豐96售03  ,0,0,0,0,0,0,0,0,0,-9000,0,0,0,75000,84000,-9000,-9000
059246,奇力新凱基9A購02,0,0,0,0,0,0,0,0,0,-9000,0,0,0,1000,10000,-9000,-9000
059288,旺宏元富99購03  ,0,0,0,0,0,0,0,0,0,-9000,0,0,0,16000,25000,-9000,-9000
054309,禾伸堂凱基98購01,0,0,0,0,0,0,0,0,0,-9000,0,0,0,0,9000,-9000,-9000
053637,強茂永豐96購01  ,0,0,0,0,0,0,0,0,0,-9000,0,0,0,1000,10000,-9000,-9000
054840,T50反1兆豐98購01,0,0,0,0,0,0,0,0,0,-9000,0,0,0,1000,10000,-9000,-9000
052972,義隆群益96購04  ,0,0,0,0,0,0,0,0,0,-9000,0,0,0,11000,20000,-9000,-9000
052747,京鼎元大97購01  ,0,0,0,0,0,0,0,0,0,-9000,0,0,0,0,9000,-9000,-9000
049007,玉晶光中信96購01,0,0,0,0,0,0,0,0,0,-9000,0,0,0,180000,189000,-9000,-9000
053129,緯穎凱基96購01  ,0,0,0,0,0,0,0,0,0,-9000,0,0,0,1000,10000,-9000,-9000
053211,漢唐凱基96購03  ,0,0,0,0,0,0,0,0,0,-9000,0,0,0,0,9000,-9000,-9000
059113,群光永豐99購01  ,0,0,0,0,0,0,0,0,0,-9000,0,0,0,0,9000,-9000,-9000
05679P,台表科群益96售05,0,0,0,0,0,0,0,0,0,-9000,0,0,0,0,9000,-9000,-9000
058405,訊連元大99購02  ,0,0,0,0,0,0,0,0,0,-9000,0,0,0,39000,48000,-9000,-9000
056266,開發金統一9A購01,0,0,0,0,0,0,0,0,0,-9000,0,0,0,85000,94000,-9000,-9000
056343,高鐵凱基98購02  ,0,0,0,0,0,0,0,0,0,-9000,0,0,0,0,9000,-9000,-9000
06012P,世芯國票96售01  ,0,0,0,0,0,0,0,0,0,-9000,0,0,0,1000,10000,-9000,-9000
060110,茂林元大99購06  ,0,0,0,0,0,0,0,0,0,-9000,0,0,0,50000,59000,-9000,-9000
059204,台灣50元大01購02,0,0,0,0,0,0,0,0,0,-9000,0,0,0,16000,25000,-9000,-9000
058835,元油2X中信9C購02,0,0,0,0,0,0,0,0,0,-9000,0,0,0,0,9000,-9000,-9000
057844,新日興永豐99購01,0,0,0,0,0,0,0,0,0,-9000,0,0,0,1000,10000,-9000,-9000
057177,奇力新元大99購04,0,0,0,0,0,0,0,0,0,-9000,0,0,0,69000,78000,-9000,-9000
8367,建新國際        ,1000,10000,-9000,0,0,0,0,0,0,0,0,0,0,0,0,0,-9000
8411,福貞-KY         ,1000,10000,-9000,0,0,0,0,0,0,0,0,0,0,0,0,0,-9000
07855P,旺宏凱基9A售09  ,0,0,0,0,0,0,0,0,0,-9000,0,0,0,60000,69000,-9000,-9000
1419,新紡            ,0,9000,-9000,0,0,0,0,0,0,0,0,0,0,0,0,0,-9000
1416,廣豐            ,0,13000,-13000,0,0,0,0,0,0,4000,4000,0,4000,0,0,0,-9000
1519,華城            ,82000,95000,-13000,0,0,0,0,0,0,4000,4000,0,4000,0,0,0,-9000
1521,大億            ,0,9000,-9000,0,0,0,0,0,0,0,0,0,0,0,0,0,-9000
2882A,國泰特          ,0,10000,-10000,0,0,0,0,0,0,1000,66000,65000,1000,0,0,0,-9000
2433,互盛電          ,1000,10000,-9000,0,0,0,0,0,0,0,0,0,0,0,0,0,-9000
061941,道瓊指群益9B購01,0,0,0,0,0,0,0,0,0,-10000,0,0,0,0,10000,-10000,-10000
062080,奇力新元大9B購02,0,0,0,0,0,0,0,0,0,-10000,0,0,0,0,10000,-10000,-10000
062064,台灣50元大9B購13,0,0,0,0,0,0,0,0,0,-10000,0,0,0,0,10000,-10000,-10000
062043,牧德凱基9B購04  ,0,0,0,0,0,0,0,0,0,-10000,0,0,0,0,10000,-10000,-10000
062014,牧德富邦9C購01  ,0,0,0,0,0,0,0,0,0,-10000,0,0,0,0,10000,-10000,-10000
062123,台積電統一9B購13,0,0,0,0,0,0,0,0,0,-10000,0,0,0,0,10000,-10000,-10000
062129,世紀鋼統一02購01,0,0,0,0,0,0,0,0,0,-10000,0,0,0,0,10000,-10000,-10000
062222,華新科統一9B購04,0,0,0,0,0,0,0,0,0,-10000,0,0,0,0,10000,-10000,-10000
062195,聚陽中信9C購01  ,0,0,0,0,0,0,0,0,0,-10000,0,0,0,50000,60000,-10000,-10000
061581,貿聯元大9A購05  ,0,0,0,0,0,0,0,0,0,-10000,0,0,0,20000,30000,-10000,-10000
061827,台灣50凱基02購01,0,0,0,0,0,0,0,0,0,-10000,0,0,0,0,10000,-10000,-10000
06546P,聯發科元大98售05,0,0,0,0,0,0,0,0,0,-10000,0,0,0,1000,11000,-10000,-10000
06720P,智邦亞東99售01  ,0,0,0,0,0,0,0,0,0,-10000,0,0,0,0,10000,-10000,-10000
06757P,台灣50元大9B售01,0,0,0,0,0,0,0,0,0,-10000,0,0,0,0,10000,-10000,-10000
06866P,聯發科元大98售13,0,0,0,0,0,0,0,0,0,-10000,0,0,0,0,10000,-10000,-10000
06455P,上銀統一99售03  ,0,0,0,0,0,0,0,0,0,-10000,0,0,0,0,10000,-10000,-10000
06355P,聯茂永豐97售02  ,0,0,0,0,0,0,0,0,0,-10000,0,0,0,0,10000,-10000,-10000
062486,瑞昱富邦9B購01  ,0,0,0,0,0,0,0,0,0,-10000,0,0,0,88000,98000,-10000,-10000
062478,牧德國票9B購03  ,0,0,0,0,0,0,0,0,0,-10000,0,0,0,4000,14000,-10000,-10000
062426,大立光統一02購02,0,0,0,0,0,0,0,0,0,-10000,0,0,0,0,10000,-10000,-10000
062411,玉晶光第一9B購01,0,0,0,0,0,0,0,0,0,-10000,0,0,0,0,10000,-10000,-10000
062267,滬深2X群益01購05,0,0,0,0,0,0,0,0,0,-10000,0,0,0,0,10000,-10000,-10000
062318,台郡凱基9B購01  ,0,0,0,0,0,0,0,0,0,-10000,0,0,0,0,10000,-10000,-10000
062324,上銀統一9B購04  ,0,0,0,0,0,0,0,0,0,-10000,0,0,0,0,10000,-10000,-10000
060577,玉晶光中信9A購02,0,0,0,0,0,0,0,0,0,-10000,0,0,0,0,10000,-10000,-10000
060557,南電凱基9A購02  ,0,0,0,0,0,0,0,0,0,-10000,0,0,0,0,10000,-10000,-10000
060815,茂林凱基9B購01  ,0,0,0,0,0,0,0,0,0,-10000,0,0,0,20000,30000,-10000,-10000
060872,高股息中信02購01,0,0,0,0,0,0,0,0,0,-10000,0,0,0,0,10000,-10000,-10000
060895,華新科凱基9B購05,0,0,0,0,0,0,0,0,0,-10000,0,0,0,0,10000,-10000,-10000
060877,華邦電中信02購01,0,0,0,0,0,0,0,0,0,-10000,0,0,0,0,10000,-10000,-10000
060217,國巨凱基9A購10  ,0,0,0,0,0,0,0,0,0,-10000,0,0,0,0,10000,-10000,-10000
060273,T50反1元大9A購03,0,0,0,0,0,0,0,0,0,-10000,0,0,0,0,10000,-10000,-10000
060524,國巨中信9A購03  ,0,0,0,0,0,0,0,0,0,-10000,0,0,0,5000,15000,-10000,-10000
059980,台積電元大99購50,0,0,0,0,0,0,0,0,0,-10000,0,0,0,40000,50000,-10000,-10000
061238,晶技元大9A購02  ,0,0,0,0,0,0,0,0,0,-10000,0,0,0,110000,120000,-10000,-10000
061132,志超永豐9A購01  ,0,0,0,0,0,0,0,0,0,-10000,0,0,0,0,10000,-10000,-10000
060979,國巨元大9A購14  ,0,0,0,0,0,0,0,0,0,-10000,0,0,0,0,10000,-10000,-10000
061015,旺宏麥證9A購03  ,0,0,0,0,10000,-10000,0,0,0,-10000,0,0,0,0,10000,-10000,-10000
06102P,智邦凱基97售03  ,0,0,0,0,0,0,0,0,0,-10000,0,0,0,10000,20000,-10000,-10000
060986,聯發科元大9A購07,0,0,0,0,0,0,0,0,0,-10000,0,0,0,45000,55000,-10000,-10000
061038,TPK永豐9A購01   ,0,0,0,0,0,0,0,0,0,-10000,0,0,0,0,10000,-10000,-10000
061039,台表科永豐9A購03,0,0,0,0,0,0,0,0,0,-10000,0,0,0,3000,13000,-10000,-10000
061377,聯發科永豐9A購04,0,0,0,0,0,0,0,0,0,-10000,0,0,0,0,10000,-10000,-10000
061359,台灣50兆豐9C購02,0,0,0,0,0,0,0,0,0,-10000,0,0,0,0,10000,-10000,-10000
061246,玉晶光群益9A購08,0,0,0,0,0,0,0,0,0,-10000,0,0,0,39000,49000,-10000,-10000
061509,SP黃豆富邦9C購01,0,0,0,0,0,0,0,0,0,-10000,0,0,0,0,10000,-10000,-10000
061517,瑞祺永豐9A購03  ,0,0,0,0,0,0,0,0,0,-10000,0,0,0,58000,68000,-10000,-10000
061538,SP黃豆群益9A購03,0,0,0,0,0,0,0,0,0,-10000,0,0,0,0,10000,-10000,-10000
061553,南電群益9A購03  ,0,0,0,0,0,0,0,0,0,-10000,0,0,0,0,10000,-10000,-10000
061561,義隆國票9A購02  ,0,0,0,0,0,0,0,0,0,-10000,0,0,0,0,10000,-10000,-10000
061421,台積電元大9A購29,0,0,0,0,0,0,0,0,0,-10000,0,0,0,58000,68000,-10000,-10000
061444,聯發科台新9A購01,0,0,0,0,0,0,0,0,0,-10000,0,0,0,5000,15000,-10000,-10000
053170,茂林群益96購04  ,0,0,0,0,0,0,0,0,0,-10000,0,0,0,0,10000,-10000,-10000
05315P,鴻海永昌96售08  ,0,0,0,0,0,0,0,0,0,-10000,0,0,0,340000,350000,-10000,-10000
05145P,道瓊反元大98售01,0,0,0,0,0,0,0,0,0,-10000,0,0,0,0,10000,-10000,-10000
051393,新光金兆豐96購01,0,0,0,0,0,0,0,0,0,-10000,0,0,0,0,10000,-10000,-10000
051562,玉晶光國泰97購05,0,0,0,0,0,0,0,0,0,-10000,0,0,0,0,10000,-10000,-10000
052527,泰鼎元大96購02  ,0,0,0,0,0,0,0,0,0,-10000,0,0,0,0,10000,-10000,-10000
053313,世紀鋼凱基96購01,0,0,0,0,0,0,0,0,0,-10000,0,0,0,2000,12000,-10000,-10000
053340,建準國票97購01  ,0,0,0,0,0,0,0,0,0,-10000,0,0,0,0,10000,-10000,-10000
053231,奇力新康和96購01,0,0,0,0,0,0,0,0,0,-10000,0,0,0,20000,30000,-10000,-10000
051634,大立光國票96購03,0,0,0,0,0,0,0,0,0,-10000,0,0,0,0,10000,-10000,-10000
053274,旺宏元大98購03  ,0,0,0,0,0,0,0,0,0,-10000,0,0,0,0,10000,-10000,-10000
053105,鴻海兆豐97購01  ,0,0,0,0,0,0,0,0,0,-10000,0,0,0,0,10000,-10000,-10000
053115,滬深2X中信97購01,0,0,0,0,0,0,0,0,0,-10000,0,0,0,0,10000,-10000,-10000
053066,欣興群益96購02  ,0,0,0,0,0,0,0,0,0,-10000,0,0,0,0,10000,-10000,-10000
048874,玉晶光國票96購01,0,0,0,0,0,0,0,0,0,-10000,0,0,0,0,10000,-10000,-10000
047937,元金2X國票97購02,0,0,0,0,0,0,0,0,0,-10000,0,0,0,0,10000,-10000,-10000
048049,滬深反中信96購01,0,0,0,0,0,0,0,0,0,-10000,0,0,0,0,10000,-10000,-10000
048177,臺指反富邦99購01,0,0,0,0,0,0,0,0,0,-10000,0,0,0,0,10000,-10000,-10000
049458,SP黃豆元富96購01,0,0,0,0,0,0,0,0,0,-10000,0,0,0,0,10000,-10000,-10000
05124P,華新科富邦97售02,0,0,0,0,0,0,0,0,0,-10000,0,0,0,0,10000,-10000,-10000
050522,聯發科元大95購03,0,0,0,0,0,0,0,0,0,-10000,0,0,0,530000,540000,-10000,-10000
050515,聯電元大96購01  ,0,0,0,0,0,0,0,0,0,-10000,0,0,0,0,10000,-10000,-10000
050202,建準群益95購01  ,0,0,0,0,0,0,0,0,0,-10000,0,0,0,3000,13000,-10000,-10000
050853,南電國票96購01  ,0,0,0,0,0,0,0,0,0,-10000,0,0,0,0,10000,-10000,-10000
050896,華新科元大96購02,0,0,0,0,0,0,0,0,0,-10000,0,0,0,0,10000,-10000,-10000
051152,鴻海國泰97購01  ,0,0,0,0,0,0,0,0,0,-10000,0,0,0,0,10000,-10000,-10000
052689,玉晶光元大98購03,0,0,0,0,0,0,0,0,0,-10000,0,0,0,0,10000,-10000,-10000
052611,力成元大96購02  ,0,0,0,0,0,0,0,0,0,-10000,0,0,0,0,10000,-10000,-10000
052536,聯茂國泰97購01  ,0,0,0,0,0,0,0,0,0,-10000,0,0,0,0,10000,-10000,-10000
053355,超眾兆豐97購01  ,0,0,0,0,0,0,0,0,0,-10000,0,0,0,0,10000,-10000,-10000
052926,旺宏元大98購02  ,0,0,0,0,0,0,0,0,0,-10000,0,0,0,0,10000,-10000,-10000
052785,滬深2X中信99購03,0,0,0,0,0,0,0,0,0,-10000,0,0,0,0,10000,-10000,-10000
052890,FB上証群益9B購01,0,0,0,0,0,0,0,0,0,-10000,0,0,0,0,10000,-10000,-10000
053438,玉晶光麥證97購02,0,0,0,0,10000,-10000,0,0,0,-10000,0,0,0,0,10000,-10000,-10000
053497,新光金兆豐97購01,0,0,0,0,0,0,0,0,0,-10000,0,0,0,0,10000,-10000,-10000
052066,華邦電兆豐96購01,0,0,0,0,0,0,0,0,0,-10000,0,0,0,0,10000,-10000,-10000
052104,英業達兆豐96購01,0,0,0,0,0,0,0,0,0,-10000,0,0,0,0,10000,-10000,-10000
053380,南亞科元大97購01,0,0,0,0,0,0,0,0,0,-10000,0,0,0,0,10000,-10000,-10000
053405,台達電兆豐96購01,0,0,0,0,0,0,0,0,0,-10000,0,0,0,0,10000,-10000,-10000
054690,新興永豐97購01  ,0,0,0,0,0,0,0,0,0,-10000,0,0,0,0,10000,-10000,-10000
052429,禾伸堂永豐95購02,0,0,0,0,0,0,0,0,0,-10000,0,0,0,0,10000,-10000,-10000
052341,泰鼎凱基96購02  ,0,0,0,0,0,0,0,0,0,-10000,0,0,0,0,10000,-10000,-10000
054573,漢唐元大98購01  ,0,0,0,0,0,0,0,0,0,-10000,0,0,0,0,10000,-10000,-10000
054806,台化元大9A購01  ,0,0,0,0,0,0,0,0,0,-10000,0,0,0,0,10000,-10000,-10000
054848,群創兆豐98購01  ,0,0,0,0,0,0,0,0,0,-10000,0,0,0,0,10000,-10000,-10000
054780,中石化群益99購01,0,0,0,0,0,0,0,0,0,-10000,0,0,0,0,10000,-10000,-10000
055787,聯茂凱基99購01  ,0,0,0,0,0,0,0,0,0,-10000,0,0,0,0,10000,-10000,-10000
055056,億光永豐97購01  ,0,0,0,0,0,0,0,0,0,-10000,0,0,0,0,10000,-10000,-10000
055057,興勤永豐97購01  ,0,0,0,0,0,0,0,0,0,-10000,0,0,0,0,10000,-10000,-10000
055735,宏達電元富98購01,0,0,0,0,0,0,0,0,0,-10000,0,0,0,0,10000,-10000,-10000
055129,鈺齊兆豐97購01  ,0,0,0,0,0,0,0,0,0,-10000,0,0,0,0,10000,-10000,-10000
053631,欣興兆豐97購01  ,0,0,0,0,0,0,0,0,0,-10000,0,0,0,0,10000,-10000,-10000
054192,國巨中信98購01  ,0,0,0,0,0,0,0,0,0,-10000,0,0,0,10000,20000,-10000,-10000
054178,中磊台新97購01  ,0,0,0,0,0,0,0,0,0,-10000,0,0,0,1000,11000,-10000,-10000
054302,鴻海凱基96購18  ,0,0,0,0,0,0,0,0,0,-10000,0,0,0,40000,50000,-10000,-10000
054351,華新科國泰97購03,0,0,0,0,0,0,0,0,0,-10000,0,0,0,0,10000,-10000,-10000
053722,新光金凱基9C購01,0,0,0,0,0,0,0,0,0,-10000,0,0,0,0,10000,-10000,-10000
053661,嘉澤凱基97購01  ,0,0,0,0,0,0,0,0,0,-10000,0,0,0,0,10000,-10000,-10000
053769,香港反元大99購01,0,0,0,0,0,0,0,0,0,-10000,0,0,0,0,10000,-10000,-10000
054016,嘉晶永豐96購04  ,0,0,0,0,0,0,0,0,0,-10000,0,0,0,30000,40000,-10000,-10000
053627,宏碁兆豐97購01  ,0,0,0,0,0,0,0,0,0,-10000,0,0,0,0,10000,-10000,-10000
05362P,可成富邦97售02  ,0,0,0,0,0,0,0,0,0,-10000,0,0,0,0,10000,-10000,-10000
05414P,台表科國票96售02,0,0,0,0,0,0,0,0,0,-10000,0,0,0,10000,20000,-10000,-10000
059266,緯創中信01購01  ,0,0,0,0,0,0,0,0,0,-10000,0,0,0,0,10000,-10000,-10000
059268,鎧勝中信01購01  ,0,0,0,0,0,0,0,0,0,-10000,0,0,0,0,10000,-10000,-10000
059230,滬深2X國票9B購02,0,0,0,0,0,0,0,0,0,-10000,0,0,0,0,10000,-10000,-10000
059255,臺股指凱基99購33,0,0,0,0,0,0,0,0,0,-10000,0,0,0,10000,20000,-10000,-10000
059215,台積電元大99購28,0,0,0,0,0,0,0,0,0,-10000,0,0,0,60000,70000,-10000,-10000
059217,台積電元大99購30,0,0,0,0,0,0,0,0,0,-10000,0,0,0,0,10000,-10000,-10000
059628,智邦凱基99購04  ,0,0,0,0,0,0,0,0,0,-10000,0,0,0,10000,20000,-10000,-10000
059500,鴻海元富99購11  ,0,0,0,0,0,0,0,0,0,-10000,0,0,0,0,10000,-10000,-10000
059489,上証2X國票9A購01,0,0,0,0,0,0,0,0,0,-10000,0,0,0,3000,13000,-10000,-10000
059513,揚明光永豐99購01,0,0,0,0,0,0,0,0,0,-10000,0,0,0,0,10000,-10000,-10000
059507,鴻海永豐99購03  ,0,0,0,0,0,0,0,0,0,-10000,0,0,0,8000,18000,-10000,-10000
059508,聯發科永豐99購03,0,0,0,0,0,0,0,0,0,-10000,0,0,0,0,10000,-10000,-10000
059509,奇力新永豐99購02,0,0,0,0,0,0,0,0,0,-10000,0,0,0,0,10000,-10000,-10000
059510,華新科永豐99購07,0,0,0,0,0,0,0,0,0,-10000,0,0,0,0,10000,-10000,-10000
055963,欣興元大97購04  ,0,0,0,0,0,0,0,0,0,-10000,0,0,0,0,10000,-10000,-10000
055813,聯發科國票98購04,0,0,0,0,0,0,0,0,0,-10000,0,0,0,0,10000,-10000,-10000
054952,大毅元大97購02  ,0,0,0,0,0,0,0,0,0,-10000,0,0,0,0,10000,-10000,-10000
054905,國揚康和97購01  ,0,0,0,0,0,0,0,0,0,-10000,0,0,0,0,10000,-10000,-10000
054937,國巨元大97購03  ,0,0,0,0,0,0,0,0,0,-10000,0,0,0,0,10000,-10000,-10000
057262,友達兆豐98購03  ,0,0,0,0,0,0,0,0,0,-10000,0,0,0,0,10000,-10000,-10000
057251,泰鼎統一98購02  ,0,0,0,0,0,0,0,0,0,-10000,0,0,0,0,10000,-10000,-10000
057252,牧德元富98購01  ,0,0,0,0,0,0,0,0,0,-10000,0,0,0,0,10000,-10000,-10000
057239,貿聯凱基98購05  ,0,0,0,0,0,0,0,0,0,-10000,0,0,0,0,10000,-10000,-10000
056925,群創兆豐98購03  ,0,0,0,0,0,0,0,0,0,-10000,0,0,0,0,10000,-10000,-10000
057443,臺股指統一99購04,0,0,0,0,0,0,0,0,0,-10000,0,0,0,0,10000,-10000,-10000
056903,大立光元大99購04,0,0,0,0,0,0,0,0,0,-10000,0,0,0,0,10000,-10000,-10000
05768P,台積電凱基96售15,0,0,0,0,0,0,0,0,0,-10000,0,0,0,0,10000,-10000,-10000
058212,華新科群益9A購01,0,0,0,0,0,0,0,0,0,-10000,0,0,0,10000,20000,-10000,-10000
057448,致茂元富98購01  ,0,0,0,0,0,0,0,0,0,-10000,0,0,0,0,10000,-10000,-10000
058174,台積電凱基9A購05,0,0,0,0,0,0,0,0,0,-10000,0,0,0,0,10000,-10000,-10000
056555,矽創凱基98購01  ,0,0,0,0,0,0,0,0,0,-10000,0,0,0,1000,11000,-10000,-10000
056557,世紀鋼凱基98購02,0,0,0,0,0,0,0,0,0,-10000,0,0,0,10000,20000,-10000,-10000
056548,瀚宇博凱基98購02,0,0,0,0,0,0,0,0,0,-10000,0,0,0,35000,45000,-10000,-10000
058806,道瓊銀統一9B購01,0,0,0,0,0,0,0,0,0,-10000,0,0,0,0,10000,-10000,-10000
058856,新光金兆豐99購01,0,0,0,0,0,0,0,0,0,-10000,0,0,0,0,10000,-10000,-10000
058857,元油2X日盛99購02,0,0,0,0,0,0,0,0,0,-10000,0,0,0,0,10000,-10000,-10000
056401,國巨群益98購07  ,0,0,0,0,0,0,0,0,0,-10000,0,0,0,0,10000,-10000,-10000
057343,道瓊反統一9A購01,0,0,0,0,0,0,0,0,0,-10000,0,0,0,0,10000,-10000,-10000
057333,智邦國票99購01  ,0,0,0,0,0,0,0,0,0,-10000,0,0,0,0,10000,-10000,-10000
057305,南亞科兆豐98購02,0,0,0,0,0,0,0,0,0,-10000,0,0,0,0,10000,-10000,-10000
058013,SP黃豆凱基9A購01,0,0,0,0,0,0,0,0,0,-10000,0,0,0,0,10000,-10000,-10000
05730P,臺股指凱基97售03,0,0,0,0,0,0,0,0,0,-10000,0,0,0,5000,15000,-10000,-10000
057101,新光金中信9A購01,0,0,0,0,0,0,0,0,0,-10000,0,0,0,0,10000,-10000,-10000
057108,潤泰全群益98購01,0,0,0,0,0,0,0,0,0,-10000,0,0,0,0,10000,-10000,-10000
057142,力成兆豐98購01  ,0,0,0,0,0,0,0,0,0,-10000,0,0,0,0,10000,-10000,-10000
058904,晶技元大99購05  ,0,0,0,0,0,0,0,0,0,-10000,0,0,0,0,10000,-10000,-10000
058127,FBVIX元大9C購01 ,0,0,0,0,0,0,0,0,0,-10000,0,0,0,0,10000,-10000,-10000
058138,晶相光元大9C購01,0,0,0,0,0,0,0,0,0,-10000,0,0,0,0,10000,-10000,-10000
057383,玉晶光富邦9A購01,0,0,0,0,0,0,0,0,0,-10000,0,0,0,10000,20000,-10000,-10000
057386,聯發科永豐98購04,0,0,0,0,0,0,0,0,0,-10000,0,0,0,0,10000,-10000,-10000
057354,聯鈞統一99購03  ,0,0,0,0,0,0,0,0,0,-10000,0,0,0,20000,30000,-10000,-10000
06008P,燿華統一96售04  ,0,0,0,0,0,0,0,0,0,-10000,0,0,0,0,10000,-10000,-10000
059907,道瓊指元大99購03,0,0,0,0,0,0,0,0,0,-10000,0,0,0,0,10000,-10000,-10000
056333,台積電日盛9B購01,0,0,0,0,0,0,0,0,0,-10000,0,0,0,0,10000,-10000,-10000
056362,聯發科元大99購01,0,0,0,0,0,0,0,0,0,-10000,0,0,0,2000,12000,-10000,-10000
057604,鴻海統一9C購01  ,0,0,0,0,0,0,0,0,0,-10000,0,0,0,10000,20000,-10000,-10000
056302,大立光元大97購17,0,0,0,0,0,0,0,0,0,-10000,0,0,0,0,10000,-10000,-10000
056325,群創兆豐9A購01  ,0,0,0,0,0,0,0,0,0,-10000,0,0,0,0,10000,-10000,-10000
056247,台郡群益97購01  ,0,0,0,0,0,0,0,0,0,-10000,0,0,0,0,10000,-10000,-10000
058401,華航元大9A購01  ,0,0,0,0,0,0,0,0,0,-10000,0,0,0,0,10000,-10000,-10000
058357,智邦凱基99購02  ,0,0,0,0,0,0,0,0,0,-10000,0,0,0,20000,30000,-10000,-10000
056753,群創兆豐98購02  ,0,0,0,0,0,0,0,0,0,-10000,0,0,0,0,10000,-10000,-10000
060212,華航康和9A購01  ,0,0,0,0,0,0,0,0,0,-10000,0,0,0,0,10000,-10000,-10000
060343,台積電統一9C購02,0,0,0,0,0,0,0,0,0,-10000,0,0,0,0,10000,-10000,-10000
059804,台積電元富99購01,0,0,0,0,0,0,0,0,0,-10000,0,0,0,0,10000,-10000,-10000
05848P,臺股指元大96售24,0,0,0,0,0,0,0,0,0,-10000,0,0,0,30000,40000,-10000,-10000
058465,元石油中信01購01,0,0,0,0,0,0,0,0,0,-10000,0,0,0,0,10000,-10000,-10000
057569,光磊永豐98購03  ,0,0,0,0,0,0,0,0,0,-10000,0,0,0,0,10000,-10000,-10000
057596,聯茂兆豐99購01  ,0,0,0,0,0,0,0,0,0,-10000,0,0,0,0,10000,-10000,-10000
057597,華通群益9A購02  ,0,0,0,0,0,0,0,0,0,-10000,0,0,0,0,10000,-10000,-10000
059138,台積電兆豐99購04,0,0,0,0,0,0,0,0,0,-10000,0,0,0,0,10000,-10000,-10000
056629,昇陽半永豐98購01,0,0,0,0,0,0,0,0,0,-10000,0,0,0,0,10000,-10000,-10000
058530,為升元富99購01  ,0,0,0,0,0,0,0,0,0,-10000,0,0,0,0,10000,-10000,-10000
058585,S&P正2中信9B購02,0,0,0,0,0,0,0,0,0,-10000,0,0,0,0,10000,-10000,-10000
058550,南亞科永豐99購01,0,0,0,0,0,0,0,0,0,-10000,0,0,0,0,10000,-10000,-10000
059032,元石油群益9C購03,0,0,0,0,0,0,0,0,0,-10000,0,0,0,1000,11000,-10000,-10000
058297,茂林凱基9A購02  ,0,0,0,0,0,0,0,0,0,-10000,0,0,0,40000,50000,-10000,-10000
058290,南電國票9A購01  ,0,0,0,0,0,0,0,0,0,-10000,0,0,0,0,10000,-10000,-10000
058319,大毅永豐9A購01  ,0,0,0,0,0,0,0,0,0,-10000,0,0,0,49000,59000,-10000,-10000
058773,和碩兆豐99購01  ,0,0,0,0,0,0,0,0,0,-10000,0,0,0,0,10000,-10000,-10000
058760,嘉晶群益9A購01  ,0,0,0,0,0,0,0,0,0,-10000,0,0,0,10000,20000,-10000,-10000
058642,旺宏麥證9A購01  ,0,0,0,0,10000,-10000,0,0,0,-10000,0,0,0,0,10000,-10000,-10000
058697,亞德客元大99購01,0,0,0,0,0,0,0,0,0,-10000,0,0,0,15000,25000,-10000,-10000
2506,太設            ,0,10000,-10000,0,0,0,0,0,0,0,0,0,0,0,0,0,-10000
1525,江申            ,0,5000,-5000,0,0,0,0,5000,-5000,0,0,0,0,0,0,0,-10000
07930P,聯發科統一9B售06,0,0,0,0,0,0,0,0,0,-10000,0,0,0,0,10000,-10000,-10000
07942P,健策凱基9B售03  ,0,0,0,0,0,0,0,0,0,-10000,0,0,0,0,10000,-10000,-10000
1219,福壽            ,1000,11000,-10000,0,0,0,0,0,0,0,0,0,0,0,0,0,-10000
07982P,全新群益9B售04  ,0,0,0,0,0,0,0,0,0,-10000,0,0,0,0,10000,-10000,-10000
07861P,台灣50中信03售08,0,0,0,0,0,0,0,0,0,-10000,0,0,0,0,10000,-10000,-10000
07829P,旺宏凱基9A售07  ,0,0,0,0,0,0,0,0,0,-10000,0,0,0,0,10000,-10000,-10000
07676P,華新科永豐9A售02,0,0,0,0,0,0,0,0,0,-10000,0,0,0,60000,70000,-10000,-10000
07609P,台灣50國票9C售04,0,0,0,0,0,0,0,0,0,-10000,0,0,0,0,10000,-10000,-10000
07592P,台灣50元大9A售17,0,0,0,0,0,0,0,0,0,-10000,0,0,0,0,10000,-10000,-10000
07223P,鴻海元大99售29  ,0,0,0,0,0,0,0,0,0,-10000,0,0,0,0,10000,-10000,-10000
07346P,FBVIX群益99售04 ,0,0,0,0,0,0,0,0,0,-10000,0,0,0,0,10000,-10000,-10000
07362P,聯發科元大99售35,0,0,0,0,0,0,0,0,0,-10000,0,0,0,0,10000,-10000,-10000
07401P,台積電凱基99售21,0,0,0,0,0,0,0,0,0,-10000,0,0,0,0,10000,-10000,-10000
06972P,聯發科元大99售04,0,0,0,0,0,0,0,0,0,-10000,0,0,0,0,10000,-10000,-10000
06907P,華新科國泰99售05,0,0,0,0,0,0,0,0,0,-10000,0,0,0,0,10000,-10000,-10000
8473,山林水          ,1000,11000,-10000,0,0,0,0,0,0,0,0,0,0,0,0,0,-10000
6216,居易            ,0,10000,-10000,0,0,0,0,0,0,0,0,0,0,0,0,0,-10000
6666,羅麗芬-KY       ,3000,13000,-10000,0,0,0,0,0,0,0,0,0,0,0,0,0,-10000
3057,喬鼎            ,2000,12000,-10000,0,0,0,0,0,0,0,0,0,0,0,0,0,-10000
6152,百一            ,0,10000,-10000,0,0,0,0,0,0,0,0,0,0,0,0,0,-10000
061572,奇力新元大9A購04,0,0,0,0,0,0,0,0,0,-11000,0,0,0,0,11000,-11000,-11000
061284,友達統一9C購01  ,0,0,0,0,0,0,0,0,0,-11000,0,0,0,0,11000,-11000,-11000
060287,燿華元大9A購01  ,0,0,0,0,0,0,0,0,0,-11000,0,0,0,45000,56000,-11000,-11000
060163,健策永豐9B購01  ,0,0,0,0,0,0,0,0,0,-11000,0,0,0,5000,16000,-11000,-11000
062409,巨大永豐9B購02  ,0,0,0,0,0,0,0,0,0,-11000,0,0,0,0,11000,-11000,-11000
06254P,臺股指群益97售07,0,0,0,0,0,0,0,0,0,-11000,0,0,0,41000,52000,-11000,-11000
06309P,光罩元富97售03  ,0,0,0,0,0,0,0,0,0,-11000,0,0,0,0,11000,-11000,-11000
06431P,新日興元大97售05,0,0,0,0,0,0,0,0,0,-11000,0,0,0,50000,61000,-11000,-11000
06590P,大立光元大98售13,0,0,0,0,0,0,0,0,0,-11000,0,0,0,0,11000,-11000,-11000
06514P,國巨凱基98售05  ,0,0,0,0,0,0,0,0,0,-11000,0,0,0,20000,31000,-11000,-11000
061769,晶技元大9B購03  ,0,0,0,0,0,0,0,0,0,-11000,0,0,0,114000,125000,-11000,-11000
061678,玉晶光元大9B購04,0,0,0,0,0,0,0,0,0,-11000,0,0,0,45000,56000,-11000,-11000
062105,國巨國票9C購03  ,0,0,0,0,0,0,0,0,0,-11000,0,0,0,7000,18000,-11000,-11000
054923,晶技凱基98購01  ,0,0,0,0,0,0,0,0,0,-11000,0,0,0,7000,18000,-11000,-11000
055432,臻鼎群益97購02  ,0,0,0,0,0,0,0,0,0,-11000,0,0,0,167000,178000,-11000,-11000
055809,T50反1國票98購02,0,0,0,0,0,0,0,0,0,-11000,0,0,0,12000,23000,-11000,-11000
059272,台灣50元大99購01,0,0,0,0,0,0,0,0,0,-11000,0,0,0,0,11000,-11000,-11000
051847,香港反中信99購01,0,0,0,0,0,0,0,0,0,-11000,0,0,0,10000,21000,-11000,-11000
053035,台表科兆豐97購01,0,0,0,0,0,0,0,0,0,-11000,0,0,0,0,11000,-11000,-11000
050615,奇力新元大95購03,0,0,0,0,0,0,0,0,0,-11000,0,0,0,0,11000,-11000,-11000
00735,國泰臺韓科技    ,0,35000,-35000,0,0,0,0,0,0,24000,0,0,0,132000,108000,24000,-11000
049255,旺宏元大97購02  ,0,0,0,0,0,0,0,0,0,-11000,0,0,0,5000,16000,-11000,-11000
051382,玉晶光群益98購02,0,0,0,0,0,0,0,0,0,-11000,0,0,0,4000,15000,-11000,-11000
058637,晶技兆豐99購01  ,0,0,0,0,0,0,0,0,0,-11000,0,0,0,2000,13000,-11000,-11000
058603,台積電元大99購12,0,0,0,0,0,0,0,0,0,-11000,0,0,0,0,11000,-11000,-11000
058775,台積電國票9A購02,0,0,0,0,0,0,0,0,0,-11000,0,0,0,11000,22000,-11000,-11000
056725,鴻海國票99購03  ,0,0,0,0,0,0,0,0,0,-11000,0,0,0,0,11000,-11000,-11000
058433,台積電統一9B購04,0,0,0,0,0,0,0,0,0,-11000,0,0,0,0,11000,-11000,-11000
059066,道瓊指國票04購01,0,0,0,0,0,0,0,0,0,-11000,0,0,0,0,11000,-11000,-11000
060355,元金2X元富9C購01,0,0,0,0,0,0,0,0,0,-11000,0,0,0,113000,124000,-11000,-11000
059720,台積電元大99購43,0,0,0,0,0,0,0,0,0,-11000,0,0,0,34000,45000,-11000,-11000
059763,華擎永豐99購03  ,0,0,0,0,0,0,0,0,0,-11000,0,0,0,118000,129000,-11000,-11000
059934,華通永豐99購02  ,0,0,0,0,0,0,0,0,0,-11000,0,0,0,0,11000,-11000,-11000
060381,元黃金凱基9A購01,0,0,0,0,0,0,0,0,0,-11000,0,0,0,0,11000,-11000,-11000
060028,國揚永豐99購01  ,0,0,0,0,0,0,0,0,0,-11000,0,0,0,104000,115000,-11000,-11000
058884,世紀鋼永豐99購02,0,0,0,0,0,0,0,0,0,-11000,0,0,0,25000,36000,-11000,-11000
057335,技嘉國票99購01  ,0,0,0,0,0,0,0,0,0,-11000,0,0,0,226000,237000,-11000,-11000
056399,上証2X群益9C購01,0,0,0,0,0,0,0,0,0,-11000,0,0,0,0,11000,-11000,-11000
057440,台積電統一98購10,0,0,0,0,0,0,0,0,0,-11000,0,0,0,0,11000,-11000,-11000
057248,台積電統一98購08,0,0,0,0,0,0,0,0,0,-11000,0,0,0,0,11000,-11000,-11000
057255,聯發科麥證98購02,0,0,0,42000,53000,-11000,0,0,0,-11000,0,0,0,42000,53000,-11000,-11000
057190,立積元大9A購02  ,0,0,0,0,0,0,0,0,0,-11000,0,0,0,0,11000,-11000,-11000
3550,聯穎            ,0,11000,-11000,0,0,0,0,0,0,0,0,0,0,0,0,0,-11000
06925P,致茂群益9A售02  ,0,0,0,0,0,0,0,0,0,-11000,0,0,0,33000,44000,-11000,-11000
06985P,華新科富邦9C售02,0,0,0,0,0,0,0,0,0,-11000,0,0,0,0,11000,-11000,-11000
07586P,FBVIX台新9A售01 ,0,0,0,0,0,0,0,0,0,-11000,0,0,0,0,11000,-11000,-11000
07552P,技嘉元大9A售03  ,0,0,0,0,0,0,0,0,0,-11000,0,0,0,14000,25000,-11000,-11000
07653P,華新科群益9A售05,0,0,0,0,0,0,0,0,0,-11000,0,0,0,249000,260000,-11000,-11000
07814P,華通群益9A售06  ,0,0,0,0,0,0,0,0,0,-11000,0,0,0,23000,34000,-11000,-11000
1232,大統益          ,1000,12000,-11000,0,0,0,0,0,0,0,0,0,0,0,0,0,-11000
2516,新建            ,1000,12000,-11000,0,0,0,0,0,0,0,0,0,0,0,0,0,-11000
2465,麗臺            ,0,11000,-11000,0,0,0,0,0,0,0,0,0,0,0,0,0,-11000
2849,安泰銀          ,2000,13000,-11000,0,0,0,0,0,0,0,0,0,0,0,0,0,-11000
2430,燦坤            ,0,10000,-10000,0,0,0,0,0,0,-1000,0,1000,-1000,0,0,0,-11000
061779,上銀群益9B購01  ,0,0,0,0,0,0,0,0,0,-12000,0,0,0,0,12000,-12000,-12000
06625P,華新科統一98售03,0,0,0,0,0,0,0,0,0,-12000,0,0,0,28000,40000,-12000,-12000
06595P,祥碩元大98售03  ,0,0,0,0,0,0,0,0,0,-12000,0,0,0,80000,92000,-12000,-12000
06739P,聯詠兆豐98售02  ,0,0,0,0,0,0,0,0,0,-12000,0,0,0,1000,13000,-12000,-12000
060203,緯穎元富9A購01  ,0,0,0,0,0,0,0,0,0,-12000,0,0,0,24000,36000,-12000,-12000
060874,中鋼中信02購01  ,0,0,0,0,0,0,0,0,0,-12000,0,0,0,0,12000,-12000,-12000
060623,玉晶光元大9C購01,0,0,0,0,0,0,0,0,0,-12000,0,0,0,51000,63000,-12000,-12000
061300,臺股指富邦9A購02,0,0,0,0,0,0,0,0,0,-12000,0,0,0,0,12000,-12000,-12000
06141P,大立光日盛97售01,0,0,0,0,0,0,0,0,0,-12000,0,0,0,6000,18000,-12000,-12000
061556,台積電國票9A購08,0,0,0,0,0,0,0,0,0,-12000,0,0,0,12000,24000,-12000,-12000
035277,景碩台新97購01  ,0,0,0,0,0,0,0,0,0,-12000,0,0,0,8000,20000,-12000,-12000
047687,元金2X富邦96購01,0,0,0,0,0,0,0,0,0,-12000,0,0,0,9000,21000,-12000,-12000
00851,台新全球AI      ,0,0,0,0,0,0,0,0,0,-12000,0,0,0,23000,35000,-12000,-12000
03047X,元展44          ,0,0,0,0,0,0,0,0,0,-12000,0,0,0,0,12000,-12000,-12000
055486,國巨元大98購06  ,0,0,0,0,0,0,0,0,0,-12000,0,0,0,0,12000,-12000,-12000
056076,超眾元大97購05  ,0,0,0,0,0,0,0,0,0,-12000,0,0,0,2000,14000,-12000,-12000
053994,微星群益96購01  ,0,0,0,0,0,0,0,0,0,-12000,0,0,0,105000,117000,-12000,-12000
055232,泰碩國票98購01  ,0,0,0,0,0,0,0,0,0,-12000,0,0,0,0,12000,-12000,-12000
055326,緯穎國票97購06  ,0,0,0,0,0,0,0,0,0,-12000,0,0,0,6000,18000,-12000,-12000
057202,TPK元富98購02   ,0,0,0,0,0,0,0,0,0,-12000,0,0,0,17000,29000,-12000,-12000
057503,世紀鋼群益98購02,0,0,0,0,0,0,0,0,0,-12000,0,0,0,0,12000,-12000,-12000
05647P,聯發科國票97售02,0,0,0,0,0,0,0,0,0,-12000,0,0,0,0,12000,-12000,-12000
059571,奇力新凱基99購06,0,0,0,0,0,0,0,0,0,-12000,0,0,0,0,12000,-12000,-12000
059190,欣興富邦9A購01  ,0,0,0,0,0,0,0,0,0,-12000,0,0,0,393000,405000,-12000,-12000
058026,上銀富邦9A購01  ,0,0,0,0,0,0,0,0,0,-12000,0,0,0,86000,98000,-12000,-12000
058122,美律國票9A購01  ,0,0,0,0,0,0,0,0,0,-12000,0,0,0,42000,54000,-12000,-12000
057367,技嘉元大98購02  ,0,0,0,0,0,0,0,0,0,-12000,0,0,0,35000,47000,-12000,-12000
060114,緯穎元大99購10  ,0,0,0,0,0,0,0,0,0,-12000,0,0,0,0,12000,-12000,-12000
05990P,台積電群益96售13,0,0,0,0,0,0,0,0,0,-12000,0,0,0,0,12000,-12000,-12000
060099,宏達電元大99購09,0,0,0,0,0,0,0,0,0,-12000,0,0,0,185000,197000,-12000,-12000
059103,旭富元富99購03  ,0,0,0,0,0,0,0,0,0,-12000,0,0,0,71000,83000,-12000,-12000
056694,欣興群益98購04  ,0,0,0,0,0,0,0,0,0,-12000,0,0,0,44000,56000,-12000,-12000
058356,華邦電凱基99購01,0,0,0,0,0,0,0,0,0,-12000,0,0,0,31000,43000,-12000,-12000
058793,鴻海元大99購19  ,0,0,0,0,0,0,0,0,0,-12000,0,0,0,4000,16000,-12000,-12000
058411,技嘉兆豐99購01  ,0,0,0,0,0,0,0,0,0,-12000,0,0,0,110000,122000,-12000,-12000
058746,華通凱基9A購02  ,0,0,0,0,0,0,0,0,0,-12000,0,0,0,0,12000,-12000,-12000
059014,SGBR2X元富03購01,0,0,0,0,0,0,0,0,0,-12000,0,0,0,10000,22000,-12000,-12000
2413,環科            ,3000,15000,-12000,0,0,0,0,0,0,0,0,0,0,0,0,0,-12000
2022,聚亨            ,0,12000,-12000,0,0,0,0,0,0,0,0,0,0,0,0,0,-12000
2028,威致            ,0,12000,-12000,0,0,0,0,0,0,0,0,0,0,0,0,0,-12000
2706,第一店          ,0,12000,-12000,0,0,0,0,0,0,0,0,0,0,0,0,0,-12000
2530,華建            ,18000,13000,5000,0,0,0,0,0,0,-17000,0,17000,-17000,0,0,0,-12000
2497,怡利電          ,1000,13000,-12000,0,0,0,0,0,0,0,0,0,0,0,0,0,-12000
07943P,瑞昱元大9B售02  ,0,0,0,0,0,0,0,0,0,-12000,0,0,0,0,12000,-12000,-12000
07932P,國巨元大9B售04  ,0,0,0,0,0,0,0,0,0,-12000,0,0,0,20000,32000,-12000,-12000
1506,正道            ,8000,20000,-12000,0,0,0,0,0,0,0,0,0,0,0,0,0,-12000
1524,耿鼎            ,5000,17000,-12000,0,0,0,0,0,0,0,0,0,0,0,0,0,-12000
1582,信錦            ,64000,77000,-13000,0,0,0,0,0,0,1000,1000,0,1000,1000,1000,0,-12000
07667P,亞德客元大9A售05,0,0,0,0,0,0,0,0,0,-12000,0,0,0,45000,57000,-12000,-12000
07587P,台灣50國票9A售11,0,0,0,0,0,0,0,0,0,-12000,0,0,0,0,12000,-12000,-12000
07598P,臺股指中信01售03,0,0,0,0,0,0,0,0,0,-12000,0,0,0,0,12000,-12000,-12000
07469P,台達電元大9A售01,0,0,0,0,0,0,0,0,0,-12000,0,0,0,0,12000,-12000,-12000
06992P,玉晶光日盛9B售01,0,0,0,0,0,0,0,0,0,-12000,0,0,0,0,12000,-12000,-12000
3494,誠研            ,0,12000,-12000,0,0,0,0,0,0,0,0,0,0,0,0,0,-12000
3164,景岳            ,5000,17000,-12000,0,0,0,0,0,0,0,0,0,0,0,0,0,-12000
4576,大銀微系統      ,18151,31000,-12849,0,0,0,0,0,0,0,0,0,0,0,0,0,-12849
061037,嘉澤永豐9A購01  ,0,0,0,0,0,0,0,0,0,-13000,0,0,0,138000,151000,-13000,-13000
061010,上銀麥證9A購02  ,0,0,0,0,13000,-13000,0,0,0,-13000,0,0,0,0,13000,-13000,-13000
060789,禾伸堂富邦9B購02,0,0,0,0,0,0,0,0,0,-13000,0,0,0,0,13000,-13000,-13000
060165,上緯控永豐9A購01,0,0,0,0,0,0,0,0,0,-13000,0,0,0,1000,14000,-13000,-13000
06702P,智邦元富98售01  ,0,0,0,0,0,0,0,0,0,-13000,0,0,0,73000,86000,-13000,-13000
06439P,上銀凱基98售02  ,0,0,0,0,0,0,0,0,0,-13000,0,0,0,3000,16000,-13000,-13000
06378P,國巨統一97售08  ,0,0,0,0,0,0,0,0,0,-13000,0,0,0,108000,121000,-13000,-13000
062514,玉晶光國票9C購02,0,0,0,0,0,0,0,0,0,-13000,0,0,0,0,13000,-13000,-13000
062128,祥碩統一01購01  ,0,0,0,0,0,0,0,0,0,-13000,0,0,0,263000,276000,-13000,-13000
062023,寶成永豐9B購01  ,0,0,0,0,0,0,0,0,0,-13000,0,0,0,0,13000,-13000,-13000
053741,漢唐國票97購03  ,0,0,0,0,0,0,0,0,0,-13000,0,0,0,38000,51000,-13000,-13000
054346,世芯國票97購01  ,0,0,0,0,0,0,0,0,0,-13000,0,0,0,15000,28000,-13000,-13000
059403,T50反1台新03購03,50000,0,50000,0,0,0,0,0,0,-63000,0,0,0,38000,101000,-63000,-13000
059438,群創元大99購06  ,0,0,0,0,0,0,0,0,0,-13000,0,0,0,202000,215000,-13000,-13000
052095,彩晶元大97購01  ,0,0,0,0,0,0,0,0,0,-13000,0,0,0,0,13000,-13000,-13000
05122P,鴻海永昌96售06  ,0,0,0,0,0,0,0,0,0,-13000,0,0,0,0,13000,-13000,-13000
046061,中石化凱基98購01,0,0,0,0,0,0,0,0,0,-13000,0,0,0,77000,90000,-13000,-13000
00688L,國泰20年美債正2 ,0,0,0,0,0,0,0,0,0,-13000,0,0,0,100000,113000,-13000,-13000
058571,緯穎凱基9A購02  ,0,0,0,0,0,0,0,0,0,-13000,0,0,0,0,13000,-13000,-13000
056200,大毅永豐98購01  ,0,0,0,0,0,0,0,0,0,-13000,0,0,0,2000,15000,-13000,-13000
059919,宏達電元大99購06,0,0,0,0,0,0,0,0,0,-13000,0,0,0,70000,83000,-13000,-13000
060130,瀚宇博永豐99購02,0,0,0,0,0,0,0,0,0,-13000,0,0,0,1000,14000,-13000,-13000
058892,元油2X元大9C購08,0,0,0,0,0,0,0,0,0,-13000,0,0,0,0,13000,-13000,-13000
057004,滬深反中信9A購01,0,0,0,0,0,0,0,0,0,-13000,0,0,0,0,13000,-13000,-13000
057937,神達群益98購02  ,0,0,0,0,0,0,0,0,0,-13000,0,0,0,0,13000,-13000,-13000
6491,晶碩            ,1000,10000,-9000,0,0,0,0,0,0,-4000,0,4000,-4000,0,0,0,-13000
6281,全國電          ,0,13000,-13000,0,0,0,0,0,0,0,0,0,0,0,0,0,-13000
9942,茂順            ,1000,14000,-13000,0,0,0,0,0,0,0,0,0,0,0,0,0,-13000
06928P,鴻海元大99售10  ,0,0,0,0,0,0,0,0,0,-13000,0,0,0,46000,59000,-13000,-13000
07094P,華通國票9A售03  ,0,0,0,0,0,0,0,0,0,-13000,0,0,0,7000,20000,-13000,-13000
07130P,台郡元大9B售01  ,0,0,0,0,0,0,0,0,0,-13000,0,0,0,70000,83000,-13000,-13000
07689P,旺宏元大9A售13  ,0,0,0,0,0,0,0,0,0,-13000,0,0,0,9000,22000,-13000,-13000
07817P,同欣電群益9A售02,0,0,0,0,0,0,0,0,0,-13000,0,0,0,0,13000,-13000,-13000
2546,根基            ,2000,15000,-13000,0,0,0,0,0,0,0,0,0,0,0,0,0,-13000
2373,震旦行          ,3000,16000,-13000,0,0,0,0,0,0,0,0,0,0,0,0,0,-13000
061770,泰碩元大9B購02  ,0,0,0,0,0,0,0,0,0,-14000,0,0,0,50000,64000,-14000,-14000
062561,瀚宇博凱基9B購01,0,0,0,0,0,0,0,0,0,-14000,0,0,0,0,14000,-14000,-14000
06828P,臺股指國票98售04,0,0,0,0,0,0,0,0,0,-14000,0,0,0,0,14000,-14000,-14000
060261,臺股指凱基9A購04,0,0,0,0,0,0,0,0,0,-14000,0,0,0,0,14000,-14000,-14000
060800,華新科第一9A購01,0,0,0,0,0,0,0,0,0,-14000,0,0,0,141000,155000,-14000,-14000
060865,創意永豐9A購01  ,0,0,0,0,0,0,0,0,0,-14000,0,0,0,0,14000,-14000,-14000
00690,兆豐藍籌30      ,0,0,0,0,0,0,0,0,0,-14000,0,0,0,188000,202000,-14000,-14000
00678,群益NBI生技     ,0,129000,-129000,0,0,0,0,0,0,115000,0,0,0,717000,602000,115000,-14000
00770,國泰北美科技    ,0,0,0,0,0,0,0,0,0,-14000,0,0,0,8000,22000,-14000,-14000
035275,台積電台新97購01,0,0,0,0,0,0,0,0,0,-14000,0,0,0,0,14000,-14000,-14000
03649C,T50反1凱基99牛05,0,0,0,0,0,0,0,0,0,-14000,0,0,0,0,14000,-14000,-14000
053378,台積電元大98購02,0,0,0,0,0,0,0,0,0,-14000,0,0,0,1000,15000,-14000,-14000
054468,台郡凱基98購01  ,0,0,0,0,0,0,0,0,0,-14000,0,0,0,0,14000,-14000,-14000
058005,茂林群益98購04  ,0,0,0,0,0,0,0,0,0,-14000,0,0,0,0,14000,-14000,-14000
056156,禾伸堂凱基98購04,0,0,0,0,0,0,0,0,0,-14000,0,0,0,10000,24000,-14000,-14000
055727,矽力元大97購02  ,0,0,0,0,0,0,0,0,0,-14000,0,0,0,11000,25000,-14000,-14000
058226,世芯元富99購01  ,0,0,0,0,0,0,0,0,0,-14000,0,0,0,65000,79000,-14000,-14000
057752,臺股指國票98購08,0,0,0,0,0,0,0,0,0,-14000,0,0,0,3000,17000,-14000,-14000
057365,智邦元大98購07  ,0,0,0,0,0,0,0,0,0,-14000,0,0,0,20000,34000,-14000,-14000
058581,大立光群益99購05,0,0,0,0,0,0,0,0,0,-14000,0,0,0,98000,112000,-14000,-14000
2482,連宇            ,9000,25000,-16000,0,0,0,0,0,0,2000,2000,0,2000,0,0,0,-14000
1614,三洋電          ,0,14000,-14000,0,0,0,0,0,0,0,0,0,0,0,0,0,-14000
1323,永裕            ,3000,24000,-21000,0,0,0,0,0,0,7000,7000,0,7000,0,0,0,-14000
07969P,臺股指元大9B售27,0,0,0,0,0,0,0,0,0,-14000,0,0,0,0,14000,-14000,-14000
1110,東泥            ,0,14000,-14000,0,0,0,0,0,0,0,0,0,0,0,0,0,-14000
07760P,力山永豐9A售03  ,0,0,0,0,0,0,0,0,0,-14000,0,0,0,11000,25000,-14000,-14000
07570P,旺宏凱基9A售04  ,0,0,0,0,0,0,0,0,0,-14000,0,0,0,0,14000,-14000,-14000
9935,慶豐富          ,216000,230000,-14000,0,0,0,0,0,0,0,0,0,0,0,0,0,-14000
8374,羅昇            ,0,15000,-15000,0,0,0,0,0,0,1000,1000,0,1000,0,0,0,-14000
6115,鎰勝            ,1000,15000,-14000,0,0,0,0,0,0,0,0,0,0,0,0,0,-14000
5533,皇鼎            ,0,14000,-14000,0,0,0,0,0,0,0,0,0,0,0,0,0,-14000
3013,晟銘電          ,1000,15000,-14000,0,0,0,0,0,0,0,0,0,0,0,0,0,-14000
060819,國巨統一9C購04  ,0,0,0,0,0,0,0,0,0,-15000,0,0,0,15000,30000,-15000,-15000
06057P,大立光凱基98售01,0,0,0,0,0,0,0,0,0,-15000,0,0,0,12000,27000,-15000,-15000
060546,旺宏凱基9A購02  ,0,0,0,0,0,0,0,0,0,-15000,0,0,0,0,15000,-15000,-15000
060436,巨大永豐9A購01  ,0,0,0,0,0,0,0,0,0,-15000,0,0,0,35000,50000,-15000,-15000
060946,世紀鋼國票9A購02,0,0,0,0,0,0,0,0,0,-15000,0,0,0,15000,30000,-15000,-15000
060908,金像電元大9A購03,0,0,0,0,0,0,0,0,0,-15000,0,0,0,167000,182000,-15000,-15000
061086,FBVIX統一01購01 ,0,0,0,0,0,0,0,0,0,-15000,0,0,0,5000,20000,-15000,-15000
06120P,大立光凱基98售05,0,0,0,0,0,0,0,0,0,-15000,0,0,0,12000,27000,-15000,-15000
061167,臻鼎兆豐9B購01  ,0,0,0,0,0,0,0,0,0,-15000,0,0,0,0,15000,-15000,-15000
061184,大立光國泰9C購01,0,0,0,0,0,0,0,0,0,-15000,0,0,0,134000,149000,-15000,-15000
061502,嘉澤國票9A購02  ,0,0,0,0,0,0,0,0,0,-15000,0,0,0,93000,108000,-15000,-15000
061436,上銀凱基9A購07  ,0,0,0,0,0,0,0,0,0,-15000,0,0,0,0,15000,-15000,-15000
061258,華通凱基9A購06  ,0,0,0,0,0,0,0,0,0,-15000,0,0,0,0,15000,-15000,-15000
061254,道瓊反凱基9A購02,0,0,0,0,0,0,0,0,0,-15000,0,0,0,0,15000,-15000,-15000
06737P,台郡凱基98售07  ,0,0,0,0,0,0,0,0,0,-15000,0,0,0,5000,20000,-15000,-15000
062469,旺宏凱基9B購05  ,0,0,0,0,0,0,0,0,0,-15000,0,0,0,0,15000,-15000,-15000
061890,元金2X永豐9B購01,0,0,0,0,0,0,0,0,0,-15000,0,0,0,0,15000,-15000,-15000
061879,超眾元大9C購01  ,0,0,0,0,0,0,0,0,0,-15000,0,0,0,81000,96000,-15000,-15000
061709,SP黃豆凱基01購02,0,0,0,0,0,0,0,0,0,-15000,0,0,0,0,15000,-15000,-15000
06208P,台郡凱基97售03  ,0,0,0,0,0,0,0,0,0,-15000,0,0,0,0,15000,-15000,-15000
062250,台積電元大9B購02,0,0,0,0,0,0,0,0,0,-15000,0,0,0,0,15000,-15000,-15000
053798,台積電中信98購02,0,0,0,0,0,0,0,0,0,-15000,0,0,0,0,15000,-15000,-15000
055104,台達電凱基98購01,0,0,0,0,0,0,0,0,0,-15000,0,0,0,44000,59000,-15000,-15000
053761,健策國泰98購01  ,0,0,0,0,0,0,0,0,0,-15000,0,0,0,10000,25000,-15000,-15000
053744,台郡國票97購03  ,0,0,0,0,0,0,0,0,0,-15000,0,0,0,0,15000,-15000,-15000
053693,欣興元大96購05  ,0,0,0,0,0,0,0,0,0,-15000,0,0,0,0,15000,-15000,-15000
053996,晶相光群益97購01,0,0,0,0,0,0,0,0,0,-15000,0,0,0,0,15000,-15000,-15000
056193,聯發科富邦99購08,0,0,0,0,0,0,0,0,0,-15000,0,0,0,48000,63000,-15000,-15000
059709,上証2X元大9C購01,0,0,0,0,0,0,0,0,0,-15000,0,0,0,0,15000,-15000,-15000
059264,台光電中信99購02,0,0,0,0,0,0,0,0,0,-15000,0,0,0,20000,35000,-15000,-15000
059318,旺宏元大99購13  ,0,0,0,0,0,0,0,0,0,-15000,0,0,0,0,15000,-15000,-15000
059467,旺宏元大99購15  ,0,0,0,0,0,0,0,0,0,-15000,0,0,0,0,15000,-15000,-15000
055671,世紀鋼群益97購01,0,0,0,0,0,0,0,0,0,-15000,0,0,0,0,15000,-15000,-15000
052895,台積電群益96購04,0,0,0,0,0,0,0,0,0,-15000,0,0,0,42000,57000,-15000,-15000
051944,智邦統一95購02  ,0,0,0,0,0,0,0,0,0,-15000,0,0,0,0,15000,-15000,-15000
051795,T50反1台新05購02,0,0,0,0,0,0,0,0,0,-15000,0,0,0,99000,114000,-15000,-15000
053111,緯創兆豐97購01  ,0,0,0,0,0,0,0,0,0,-15000,0,0,0,0,15000,-15000,-15000
03669C,滬深2X元富09牛01,0,0,0,0,0,0,0,0,0,-15000,0,0,0,36000,51000,-15000,-15000
051154,國巨國泰96購03  ,0,0,0,0,0,0,0,0,0,-15000,0,0,0,0,15000,-15000,-15000
058595,T50正2元富99購01,0,0,0,0,0,0,0,0,0,-15000,0,0,0,5000,20000,-15000,-15000
058611,欣興元大99購06  ,0,0,0,0,0,0,0,0,0,-15000,0,0,0,10000,25000,-15000,-15000
05866P,致伸元大96售01  ,0,0,0,0,0,0,0,0,0,-15000,0,0,0,11000,26000,-15000,-15000
056642,旺宏凱基98購07  ,0,0,0,0,0,0,0,0,0,-15000,0,0,0,30000,45000,-15000,-15000
060401,世紀鋼國票9B購01,0,0,0,0,0,0,0,0,0,-15000,0,0,0,201000,216000,-15000,-15000
059854,台表科永豐99購03,0,0,0,0,0,0,0,0,0,-15000,0,0,0,5000,20000,-15000,-15000
059830,台郡凱基99購05  ,0,0,0,0,0,0,0,0,0,-15000,0,0,0,5000,20000,-15000,-15000
059730,晶相光元大9C購02,0,0,0,0,0,0,0,0,0,-15000,0,0,0,3000,18000,-15000,-15000
058911,茂林元大99購04  ,0,0,0,0,0,0,0,0,0,-15000,0,0,0,35000,50000,-15000,-15000
058926,勤誠元富99購01  ,0,0,0,0,0,0,0,0,0,-15000,0,0,0,265000,280000,-15000,-15000
058958,台表科國票9A購03,0,0,0,0,0,0,0,0,0,-15000,0,0,0,15000,30000,-15000,-15000
059202,禾聯碩永豐99購01,0,0,0,0,0,0,0,0,0,-15000,0,0,0,0,15000,-15000,-15000
059164,旺宏凱基99購06  ,0,0,0,0,0,0,0,0,0,-15000,0,0,0,16000,31000,-15000,-15000
058006,台郡群益98購04  ,0,0,0,0,0,0,0,0,0,-15000,0,0,0,10000,25000,-15000,-15000
058195,鈺齊永豐99購01  ,0,0,0,0,0,0,0,0,0,-15000,0,0,0,0,15000,-15000,-15000
07627P,超眾凱基9A售02  ,0,0,0,0,0,0,0,0,0,-15000,0,0,0,0,15000,-15000,-15000
07732P,台灣50台新9A售05,0,0,0,0,0,0,0,0,0,-15000,0,0,0,0,15000,-15000,-15000
07027P,台積電群益99售04,0,0,0,0,0,0,0,0,0,-15000,0,0,0,160000,175000,-15000,-15000
07218P,臺股指凱基99售31,0,0,0,0,0,0,0,0,0,-15000,0,0,0,17000,32000,-15000,-15000
07225P,台積電元大99售33,0,0,0,0,0,0,0,0,0,-15000,0,0,0,100000,115000,-15000,-15000
07290P,台灣50凱基9A售08,0,0,0,0,0,0,0,0,0,-15000,0,0,0,0,15000,-15000,-15000
07977P,華新科群益01售01,0,0,0,0,0,0,0,0,0,-15000,0,0,0,60000,75000,-15000,-15000
07950P,智邦元大9B售04  ,0,0,0,0,0,0,0,0,0,-15000,0,0,0,5000,20000,-15000,-15000
07967P,力山元大9B售03  ,0,0,0,0,0,0,0,0,0,-15000,0,0,0,0,15000,-15000,-15000
2069,運錩            ,1000,16000,-15000,0,0,0,0,0,0,0,0,0,0,0,0,0,-15000
2233,宇隆            ,21000,38000,-17000,0,0,0,0,0,0,2000,3000,1000,2000,0,0,0,-15000
061792,和大永豐9B購01  ,0,0,0,0,0,0,0,0,0,-16000,0,0,0,4000,20000,-16000,-16000
06299P,可成元大97售04  ,0,0,0,0,0,0,0,0,0,-16000,0,0,0,0,16000,-16000,-16000
062367,禾伸堂元大9B購02,0,0,0,0,0,0,0,0,0,-16000,0,0,0,14000,30000,-16000,-16000
061115,電子類元大9A購02,0,0,0,0,0,0,0,0,0,-16000,0,0,0,4000,20000,-16000,-16000
051553,牧德永豐96購02  ,0,0,0,0,0,0,0,0,0,-16000,0,0,0,30000,46000,-16000,-16000
051597,T50反1中信99購02,0,0,0,0,0,0,0,0,0,-16000,0,0,0,0,16000,-16000,-16000
052038,國巨永昌96購01  ,0,0,0,0,0,0,0,0,0,-16000,0,0,0,88000,104000,-16000,-16000
052578,大立光統一97購01,0,0,0,0,0,0,0,0,0,-16000,0,0,0,0,16000,-16000,-16000
051907,台積電元大97購05,0,0,0,0,0,0,0,0,0,-16000,0,0,0,136000,152000,-16000,-16000
055271,鴻海元大98購03  ,0,0,0,0,0,0,0,0,0,-16000,0,0,0,97000,113000,-16000,-16000
055732,全新元富9A購01  ,0,0,0,0,0,0,0,0,0,-16000,0,0,0,0,16000,-16000,-16000
058249,緯穎元大99購04  ,0,0,0,0,0,0,0,0,0,-16000,0,0,0,43000,59000,-16000,-16000
05621P,聯電中信96售01  ,0,0,0,0,0,0,0,0,0,-16000,0,0,0,34000,50000,-16000,-16000
059951,台塑康和99購01  ,0,0,0,0,0,0,0,0,0,-16000,0,0,0,17000,33000,-16000,-16000
056610,鴻海永豐98購01  ,0,0,0,0,0,0,0,0,0,-16000,0,0,0,2000,18000,-16000,-16000
056614,智邦永豐98購01  ,0,0,0,0,0,0,0,0,0,-16000,0,0,0,92000,108000,-16000,-16000
1806,冠軍            ,2000,18000,-16000,0,0,0,0,0,0,0,0,0,0,0,0,0,-16000
1817,凱撒衛          ,0,16000,-16000,0,0,0,0,0,0,0,0,0,0,0,0,0,-16000
07051P,大立光中信99售02,0,0,0,0,0,0,0,0,0,-16000,0,0,0,2000,18000,-16000,-16000
07793P,同欣電元大9A售02,0,0,0,0,0,0,0,0,0,-16000,0,0,0,4000,20000,-16000,-16000
07848P,旺宏群益9B售01  ,0,0,0,0,0,0,0,0,0,-16000,0,0,0,0,16000,-16000,-16000
07525P,臺股指中信9B售07,0,0,0,0,0,0,0,0,0,-16000,0,0,0,0,16000,-16000,-16000
4912,聯德控股-KY     ,1000,17000,-16000,0,0,0,0,0,0,0,0,0,0,0,0,0,-16000
061318,智邦凱基9B購01  ,0,0,0,0,0,0,0,0,0,-17000,0,0,0,270000,287000,-17000,-17000
061388,台積電群益9A購05,0,0,0,0,0,0,0,0,0,-17000,0,0,0,33000,50000,-17000,-17000
061363,儒鴻國票9B購01  ,0,0,0,0,0,0,0,0,0,-17000,0,0,0,0,17000,-17000,-17000
060700,華新科國泰9C購01,0,0,0,0,0,0,0,0,0,-17000,0,0,0,94000,111000,-17000,-17000
06633P,國巨國票99售01  ,0,0,0,0,0,0,0,0,0,-17000,0,0,0,13000,30000,-17000,-17000
062013,奇鋐富邦9B購01  ,0,0,0,0,0,0,0,0,0,-17000,0,0,0,83000,100000,-17000,-17000
055690,矽力凱基97購02  ,0,0,0,0,0,0,0,0,0,-17000,0,0,0,10000,27000,-17000,-17000
053708,道瓊反凱基98購01,0,0,0,0,0,0,0,0,0,-17000,0,0,0,10000,27000,-17000,-17000
059265,美律中信01購01  ,0,0,0,0,0,0,0,0,0,-17000,0,0,0,34000,51000,-17000,-17000
053224,矽力凱基96購02  ,0,0,0,0,0,0,0,0,0,-17000,0,0,0,3000,20000,-17000,-17000
051531,國巨國票96購04  ,0,0,0,0,0,0,0,0,0,-17000,0,0,0,0,17000,-17000,-17000
058596,旺宏台新99購01  ,0,0,0,0,0,0,0,0,0,-17000,0,0,0,8000,25000,-17000,-17000
059205,元石油元大99購01,0,0,0,0,0,0,0,0,0,-17000,0,0,0,10000,27000,-17000,-17000
058085,景碩群益9A購01  ,0,0,0,0,0,0,0,0,0,-17000,0,0,0,84000,101000,-17000,-17000
05890P,彩晶元大99售01  ,0,0,0,0,0,0,0,0,0,-17000,0,0,0,0,17000,-17000,-17000
05813P,臺股指國票96售06,0,0,0,0,0,0,0,0,0,-17000,0,0,0,1000,18000,-17000,-17000
057364,國巨元大98購18  ,0,0,0,0,0,0,0,0,0,-17000,0,0,0,30000,47000,-17000,-17000
3167,大量            ,0,17000,-17000,0,0,0,0,0,0,0,0,0,0,0,0,0,-17000
3025,星通            ,3000,20000,-17000,0,0,0,0,0,0,0,0,0,0,0,0,0,-17000
3501,維熹            ,3000,20000,-17000,0,0,0,0,0,0,0,0,0,0,0,0,0,-17000
3419,譁裕            ,77000,94000,-17000,0,0,0,0,0,0,0,0,0,0,0,0,0,-17000
3622,洋華            ,10000,27000,-17000,0,0,0,0,0,0,0,0,0,0,0,0,0,-17000
9188,精熙-DR         ,0,17000,-17000,0,0,0,0,0,0,0,0,0,0,0,0,0,-17000
07450P,鴻海元大9A售03  ,0,0,0,0,0,0,0,0,0,-17000,0,0,0,0,17000,-17000,-17000
07789P,緯穎群益9A售03  ,0,0,0,0,0,0,0,0,0,-17000,0,0,0,20000,37000,-17000,-17000
07751P,世紀鋼凱基9A售02,20000,0,20000,0,0,0,0,0,0,-37000,0,0,0,13000,50000,-37000,-17000
07015P,國巨元大99售13  ,0,0,0,0,0,0,0,0,0,-17000,0,0,0,56000,73000,-17000,-17000
06921P,台光電凱基98售06,0,0,0,0,0,0,0,0,0,-17000,0,0,0,5000,22000,-17000,-17000
07227P,聯發科元富99售05,0,0,0,0,0,0,0,0,0,-17000,0,0,0,100000,117000,-17000,-17000
1702,南僑            ,50000,67000,-17000,0,0,0,0,0,0,0,0,0,0,0,0,0,-17000
1463,強盛            ,0,17000,-17000,0,0,0,0,0,0,0,0,0,0,0,0,0,-17000
2017,官田鋼          ,0,17000,-17000,0,0,0,0,0,0,0,0,0,0,0,0,0,-17000
2007,燁興            ,0,17000,-17000,0,0,0,0,0,0,0,0,0,0,0,0,0,-17000
2397,友通            ,2000,19000,-17000,0,0,0,0,0,0,0,0,0,0,0,0,0,-17000
2477,美隆電          ,3000,20000,-17000,0,0,0,0,0,0,0,0,0,0,0,0,0,-17000
062057,華邦電統一01購01,0,0,0,0,0,0,0,0,0,-18000,0,0,0,0,18000,-18000,-18000
06179P,國巨群益97售04  ,0,0,0,0,0,0,0,0,0,-18000,0,0,0,116000,134000,-18000,-18000
061860,臺股指國票9B購04,0,0,0,0,0,0,0,0,0,-18000,0,0,0,0,18000,-18000,-18000
061855,台郡國票9B購01  ,0,0,0,0,0,0,0,0,0,-18000,0,0,0,3000,21000,-18000,-18000
061713,華邦電凱基9A購01,0,0,0,0,0,0,0,0,0,-18000,0,0,0,2000,20000,-18000,-18000
06746P,聯發科群益99售02,0,0,0,0,0,0,0,0,0,-18000,0,0,0,0,18000,-18000,-18000
06765P,欣興元大98售11  ,0,0,0,0,0,0,0,0,0,-18000,0,0,0,22000,40000,-18000,-18000
060509,宏達電元大9A購02,0,0,0,0,0,0,0,0,0,-18000,0,0,0,50000,68000,-18000,-18000
061370,晶技國泰9C購01  ,0,0,0,0,0,0,0,0,0,-18000,0,0,0,2000,20000,-18000,-18000
061488,奇力新兆豐9A購01,0,0,0,0,0,0,0,0,0,-18000,0,0,0,20000,38000,-18000,-18000
061130,牧德永豐9A購04  ,0,0,0,0,0,0,0,0,0,-18000,0,0,0,22000,40000,-18000,-18000
055527,旺宏群益99購03  ,0,0,0,0,0,0,0,0,0,-18000,0,0,0,0,18000,-18000,-18000
059460,GIS永豐99購02   ,0,0,0,0,0,0,0,0,0,-18000,0,0,0,5000,23000,-18000,-18000
054059,欣興國票97購03  ,0,0,0,0,0,0,0,0,0,-18000,0,0,0,8000,26000,-18000,-18000
058132,義隆元大99購03  ,0,0,0,0,0,0,0,0,0,-18000,0,0,0,90000,108000,-18000,-18000
056984,嘉晶群益98購01  ,0,0,0,0,0,0,0,0,0,-18000,0,0,0,155000,173000,-18000,-18000
057028,台郡凱基99購02  ,0,0,0,0,0,0,0,0,0,-18000,0,0,0,12000,30000,-18000,-18000
057944,新日興國票99購02,0,0,0,0,0,0,0,0,0,-18000,0,0,0,38000,56000,-18000,-18000
057963,緯穎元大98購08  ,0,0,0,0,0,0,0,0,0,-18000,0,0,0,11000,29000,-18000,-18000
057836,南亞科國泰9A購01,0,0,0,0,0,0,0,0,0,-18000,0,0,0,1000,19000,-18000,-18000
057198,智伸科統一9B購01,0,0,0,0,0,0,0,0,0,-18000,0,0,0,0,18000,-18000,-18000
058675,康控群益9B購01  ,0,0,0,0,0,0,0,0,0,-18000,0,0,0,18000,36000,-18000,-18000
05908P,大立光元富96售05,0,0,0,0,0,0,0,0,0,-18000,0,0,0,16000,34000,-18000,-18000
056714,晶相光永豐98購02,0,0,0,0,0,0,0,0,0,-18000,0,0,0,40000,58000,-18000,-18000
059959,訊芯康和99購01  ,0,0,0,0,0,0,0,0,0,-18000,0,0,0,50000,68000,-18000,-18000
059928,道瓊銀富邦03購01,0,0,0,0,0,0,0,0,0,-18000,0,0,0,4000,22000,-18000,-18000
059942,全新永豐99購04  ,0,0,0,0,0,0,0,0,0,-18000,0,0,0,0,18000,-18000,-18000
060124,奇力新永豐99購03,0,0,0,0,0,0,0,0,0,-18000,0,0,0,40000,58000,-18000,-18000
05996P,華新科群益96售03,0,0,0,0,0,0,0,0,0,-18000,0,0,0,84000,102000,-18000,-18000
2466,冠西電          ,0,18000,-18000,0,0,0,0,0,0,0,0,0,0,0,0,0,-18000
1786,科妍            ,12000,32000,-20000,0,0,0,0,0,0,2000,2000,0,2000,0,0,0,-18000
07909P,台積電統一9B售12,0,0,0,0,0,0,0,0,0,-18000,0,0,0,0,18000,-18000,-18000
07878P,智邦群益9C售01  ,0,0,0,0,0,0,0,0,0,-18000,0,0,0,18000,36000,-18000,-18000
07702P,台積電中信9A售06,0,0,0,0,0,0,0,0,0,-18000,0,0,0,0,18000,-18000,-18000
9902,台火            ,2000,20000,-18000,0,0,0,0,0,0,0,0,0,0,0,0,0,-18000
3694,海華            ,5000,23000,-18000,0,0,0,0,0,0,0,0,0,0,0,0,0,-18000
060999,國巨兆豐9A購01  ,0,0,0,0,0,0,0,0,0,-19000,0,0,0,0,19000,-19000,-19000
061566,華通元大9A購10  ,0,0,0,0,0,0,0,0,0,-19000,0,0,0,7000,26000,-19000,-19000
060560,欣興國泰9C購01  ,0,0,0,0,0,0,0,0,0,-19000,0,0,0,5000,24000,-19000,-19000
06882P,聯發科群益98售07,0,0,0,0,0,0,0,0,0,-19000,0,0,0,0,19000,-19000,-19000
06668P,祥碩凱基98售02  ,0,0,0,0,0,0,0,0,0,-19000,0,0,0,193000,212000,-19000,-19000
06587P,國巨元大98售13  ,0,0,0,0,0,0,0,0,0,-19000,0,0,0,0,19000,-19000,-19000
061975,華通元大9B購01  ,0,0,0,0,0,0,0,0,0,-19000,0,0,0,22000,41000,-19000,-19000
05569P,漢唐統一97售01  ,0,0,0,0,0,0,0,0,0,-19000,0,0,0,0,19000,-19000,-19000
059258,台灣50群益99購01,0,0,0,0,0,0,0,0,0,-19000,0,0,0,0,19000,-19000,-19000
055803,鎧勝永豐97購01  ,0,0,0,0,0,0,0,0,0,-19000,0,0,0,0,19000,-19000,-19000
055848,大立光元大97購11,0,0,0,0,0,0,0,0,0,-19000,0,0,0,36000,55000,-19000,-19000
05556P,全新國票96售04  ,0,0,0,0,0,0,0,0,0,-19000,0,0,0,31000,50000,-19000,-19000
051503,玉晶光統一97購01,0,0,0,0,0,0,0,0,0,-19000,0,0,0,19000,38000,-19000,-19000
059719,台積電元大99購42,0,0,0,0,0,0,0,0,0,-19000,0,0,0,64000,83000,-19000,-19000
056756,T50反1元大98購06,0,0,0,0,0,0,0,0,0,-19000,0,0,0,0,19000,-19000,-19000
059127,國巨中信99購04  ,0,0,0,0,0,0,0,0,0,-19000,0,0,0,1000,20000,-19000,-19000
058326,祥碩台新99購01  ,0,0,0,0,0,0,0,0,0,-19000,0,0,0,21000,40000,-19000,-19000
057819,新日興元大99購01,0,0,0,0,0,0,0,0,0,-19000,0,0,0,87000,106000,-19000,-19000
057894,華通元富02購02  ,0,0,0,0,0,0,0,0,0,-19000,0,0,0,9000,28000,-19000,-19000
056497,GIS國泰99購01   ,0,0,0,0,0,0,0,0,0,-19000,0,0,0,102000,121000,-19000,-19000
056524,欣興中信98購02  ,0,0,0,0,0,0,0,0,0,-19000,0,0,0,0,19000,-19000,-19000
057134,茂林凱基98購02  ,0,0,0,0,0,0,0,0,0,-19000,0,0,0,11000,30000,-19000,-19000
057060,緯穎元大98購05  ,0,0,0,0,0,0,0,0,0,-19000,0,0,0,0,19000,-19000,-19000
3543,州巧            ,1000,20000,-19000,0,0,0,0,0,0,0,0,0,0,0,0,0,-19000
6197,佳必琪          ,69000,90000,-21000,0,0,0,0,0,0,2000,2000,0,2000,0,0,0,-19000
8463,潤泰材          ,203000,222000,-19000,0,0,0,0,0,0,0,0,0,0,0,0,0,-19000
07662P,台積電兆豐9A售03,0,0,0,0,0,0,0,0,0,-19000,0,0,0,0,19000,-19000,-19000
07564P,臺股指中信01售01,0,0,0,0,0,0,0,0,0,-19000,0,0,0,0,19000,-19000,-19000
07256P,臺股指凱基99售36,0,0,0,0,0,0,0,0,0,-19000,0,0,0,26000,45000,-19000,-19000
07891P,臺股指國票9B售01,0,0,0,0,0,0,0,0,0,-19000,0,0,0,3000,22000,-19000,-19000
1615,大山            ,6000,25000,-19000,0,0,0,0,0,0,0,0,0,0,0,0,0,-19000
2358,廷鑫            ,0,19000,-19000,0,0,0,0,0,0,0,0,0,0,0,0,0,-19000
2029,盛餘            ,0,19000,-19000,0,0,0,0,0,0,0,0,0,0,0,0,0,-19000
00771,元大US高息特別股,0,0,0,0,0,0,0,0,0,-19109,0,0,0,0,19109,-19109,-19109
061999,臺股指元大9B購23,0,0,0,0,0,0,0,0,0,-20000,0,0,0,0,20000,-20000,-20000
061715,牧德凱基9B購03  ,0,0,0,0,0,0,0,0,0,-20000,0,0,0,0,20000,-20000,-20000
061685,道瓊反群益9A購03,0,0,0,0,0,0,0,0,0,-20000,0,0,0,0,20000,-20000,-20000
061659,信邦永豐9A購01  ,0,0,0,0,0,0,0,0,0,-20000,0,0,0,0,20000,-20000,-20000
06177P,玉晶光元大98售07,0,0,0,0,0,0,0,0,0,-20000,0,0,0,14000,34000,-20000,-20000
06883P,聯茂群益98售03  ,0,0,0,0,0,0,0,0,0,-20000,0,0,0,0,20000,-20000,-20000
06890P,金融類元大98售02,0,0,0,0,0,0,0,0,0,-20000,0,0,0,0,20000,-20000,-20000
062391,台達電富邦9C購01,0,0,0,0,0,0,0,0,0,-20000,0,0,0,40000,60000,-20000,-20000
062392,國巨富邦02購01  ,0,0,0,0,0,0,0,0,0,-20000,0,0,0,20000,40000,-20000,-20000
062562,瑞儀凱基9B購02  ,0,0,0,0,0,0,0,0,0,-20000,0,0,0,0,20000,-20000,-20000
060598,鴻海凱基9A購20  ,0,0,0,0,0,0,0,0,0,-20000,0,0,0,0,20000,-20000,-20000
060828,高股息國票9A購01,0,0,0,0,0,0,0,0,0,-20000,0,0,0,0,20000,-20000,-20000
06043P,創意永豐96售06  ,0,0,0,0,0,0,0,0,0,-20000,0,0,0,0,20000,-20000,-20000
060419,漢翔永豐9A購01  ,0,0,0,0,0,0,0,0,0,-20000,0,0,0,0,20000,-20000,-20000
060329,鎧勝群益9B購01  ,0,0,0,0,0,0,0,0,0,-20000,0,0,0,0,20000,-20000,-20000
061460,FBVIX群益9A購02 ,0,0,0,0,0,0,0,0,0,-20000,0,0,0,0,20000,-20000,-20000
061396,台灣50台新9C購03,0,0,0,0,0,0,0,0,0,-20000,0,0,0,0,20000,-20000,-20000
061327,台郡凱基9A購02  ,0,0,0,0,0,0,0,0,0,-20000,0,0,0,0,20000,-20000,-20000
061328,T50反1元大9A購12,0,0,0,0,0,0,0,0,0,-20000,0,0,0,0,20000,-20000,-20000
061273,臺股指凱基9A購23,0,0,0,0,0,0,0,0,0,-20000,0,0,0,0,20000,-20000,-20000
061131,崇越永豐9A購01  ,0,0,0,0,0,0,0,0,0,-20000,0,0,0,48000,68000,-20000,-20000
049946,智邦兆豐95購01  ,0,0,0,0,0,0,0,0,0,-20000,0,0,0,0,20000,-20000,-20000
051047,深中小群益99購01,0,0,0,0,0,0,0,0,0,-20000,0,0,0,10000,30000,-20000,-20000
050911,光磊中信98購01  ,0,0,0,0,0,0,0,0,0,-20000,0,0,0,0,20000,-20000,-20000
050031,嘉澤元大95購01  ,0,0,0,0,0,0,0,0,0,-20000,0,0,0,0,20000,-20000,-20000
051404,牧德永豐96購01  ,0,0,0,0,0,0,0,0,0,-20000,0,0,0,0,20000,-20000,-20000
051510,新光金中信97購01,0,0,0,0,0,0,0,0,0,-20000,0,0,0,0,20000,-20000,-20000
053183,大立光元富96購03,0,0,0,0,0,0,0,0,0,-20000,0,0,0,80000,100000,-20000,-20000
053281,茂林元大96購02  ,0,0,0,0,0,0,0,0,0,-20000,0,0,0,0,20000,-20000,-20000
042792,T50反1台新9C購01,0,0,0,0,0,0,0,0,0,-20000,0,0,0,0,20000,-20000,-20000
041527,T50反1中信96購01,0,0,0,0,0,0,0,0,0,-20000,0,0,0,0,20000,-20000,-20000
053079,世紀鋼永豐96購01,0,0,0,0,0,0,0,0,0,-20000,0,0,0,0,20000,-20000,-20000
054609,正崴永豐97購01  ,0,0,0,0,0,0,0,0,0,-20000,0,0,0,0,20000,-20000,-20000
054594,國巨麥證97購01  ,0,0,0,0,20000,-20000,0,0,0,-20000,0,0,0,0,20000,-20000,-20000
055573,國巨統一97購06  ,0,0,0,0,0,0,0,0,0,-20000,0,0,0,170000,190000,-20000,-20000
051928,大立光中信96購03,0,0,0,0,0,0,0,0,0,-20000,0,0,0,0,20000,-20000,-20000
052312,美律富邦96購02  ,0,0,0,0,0,0,0,0,0,-20000,0,0,0,0,20000,-20000,-20000
052313,聯電元大98購01  ,0,0,0,0,0,0,0,0,0,-20000,0,0,0,102000,122000,-20000,-20000
052297,旭富國票96購01  ,0,0,0,0,0,0,0,0,0,-20000,0,0,0,0,20000,-20000,-20000
054466,欣興凱基97購03  ,0,0,0,0,0,0,0,0,0,-20000,0,0,0,30000,50000,-20000,-20000
052555,漢唐國票97購01  ,0,0,0,0,0,0,0,0,0,-20000,0,0,0,38000,58000,-20000,-20000
052562,南亞科日盛96購01,0,0,0,0,0,0,0,0,0,-20000,0,0,0,15000,35000,-20000,-20000
052780,玉晶光國票96購04,0,0,0,0,0,0,0,0,0,-20000,0,0,0,0,20000,-20000,-20000
052806,玉晶光元大98購04,0,0,0,0,0,0,0,0,0,-20000,0,0,0,16000,36000,-20000,-20000
05304P,國巨國泰97售02  ,0,0,0,0,0,0,0,0,0,-20000,0,0,0,0,20000,-20000,-20000
052112,滬深2X中信99購01,0,0,0,0,0,0,0,0,0,-20000,0,0,0,0,20000,-20000,-20000
052137,台表科凱基96購02,0,0,0,0,0,0,0,0,0,-20000,0,0,0,0,20000,-20000,-20000
051694,A50正2中信96購03,0,0,0,0,0,0,0,0,0,-20000,0,0,0,0,20000,-20000,-20000
055435,佳世達中信99購01,0,0,0,0,0,0,0,0,0,-20000,0,0,0,0,20000,-20000,-20000
055982,T50反1元富97購01,0,0,0,0,0,0,0,0,0,-20000,0,0,0,0,20000,-20000,-20000
056038,可成凱基97購01  ,0,0,0,0,0,0,0,0,0,-20000,0,0,0,20000,40000,-20000,-20000
055996,矽力國泰99購01  ,0,0,0,0,0,0,0,0,0,-20000,0,0,0,28000,48000,-20000,-20000
05939P,聯發科凱基96售20,0,0,0,0,0,0,0,0,0,-20000,0,0,0,0,20000,-20000,-20000
059393,臺股指凱基99購39,0,0,0,0,0,0,0,0,0,-20000,0,0,0,0,20000,-20000,-20000
059355,國巨富邦9B購03  ,0,0,0,0,0,0,0,0,0,-20000,0,0,0,0,20000,-20000,-20000
054811,裕隆元大9A購01  ,0,0,0,0,0,0,0,0,0,-20000,0,0,0,0,20000,-20000,-20000
053799,矽創中信9A購01  ,0,0,0,0,0,0,0,0,0,-20000,0,0,0,0,20000,-20000,-20000
055343,國巨凱基97購03  ,0,0,0,0,0,0,0,0,0,-20000,0,0,0,20000,40000,-20000,-20000
055080,正崴中信99購01  ,0,0,0,0,0,0,0,0,0,-20000,0,0,0,0,20000,-20000,-20000
055234,昇陽半國票98購02,0,0,0,0,0,0,0,0,0,-20000,0,0,0,0,20000,-20000,-20000
053580,國巨元大96購10  ,0,0,0,0,0,0,0,0,0,-20000,0,0,0,0,20000,-20000,-20000
053883,大立光中信98購02,0,0,0,0,0,0,0,0,0,-20000,0,0,0,0,20000,-20000,-20000
053904,漢唐凱基97購01  ,0,0,0,0,0,0,0,0,0,-20000,0,0,0,0,20000,-20000,-20000
054420,緯穎元大96購08  ,0,0,0,0,0,0,0,0,0,-20000,0,0,0,32000,52000,-20000,-20000
054360,智邦凱基96購03  ,0,0,0,0,0,0,0,0,0,-20000,0,0,0,0,20000,-20000,-20000
054330,世芯永豐96購02  ,0,0,0,0,0,0,0,0,0,-20000,0,0,0,0,20000,-20000,-20000
054370,台積電中信9A購01,0,0,0,0,0,0,0,0,0,-20000,0,0,0,0,20000,-20000,-20000
054220,國巨統一97購02  ,0,0,0,0,0,0,0,0,0,-20000,0,0,0,340000,360000,-20000,-20000
057140,宏達電兆豐98購01,0,0,0,0,0,0,0,0,0,-20000,0,0,0,0,20000,-20000,-20000
057117,開發金日盛9B購01,0,0,0,0,0,0,0,0,0,-20000,0,0,0,0,20000,-20000,-20000
056993,GIS兆豐99購01   ,0,0,0,0,0,0,0,0,0,-20000,0,0,0,0,20000,-20000,-20000
057022,智邦凱基98購04  ,0,0,0,0,0,0,0,0,0,-20000,0,0,0,0,20000,-20000,-20000
058948,道瓊銀群益9C購01,0,0,0,0,0,0,0,0,0,-20000,0,0,0,0,20000,-20000,-20000
058109,台灣50元富9B購01,0,0,0,0,0,0,0,0,0,-20000,0,0,0,0,20000,-20000,-20000
056479,玉晶光元大99購05,0,0,0,0,0,0,0,0,0,-20000,0,0,0,4000,24000,-20000,-20000
057379,寶成元大98購02  ,0,0,0,0,0,0,0,0,0,-20000,0,0,0,20000,40000,-20000,-20000
057399,滬深反群益9C購01,0,0,0,0,0,0,0,0,0,-20000,0,0,0,0,20000,-20000,-20000
059195,國巨永豐99購04  ,0,0,0,0,0,0,0,0,0,-20000,0,0,0,20000,40000,-20000,-20000
056416,華新科中信98購01,0,0,0,0,0,0,0,0,0,-20000,0,0,0,0,20000,-20000,-20000
057831,聯發科元富02購04,0,1000,-1000,0,0,0,0,0,0,-19000,0,0,0,6000,25000,-19000,-20000
057989,旺宏統一99購04  ,0,0,0,0,0,0,0,0,0,-20000,0,0,0,0,20000,-20000,-20000
056933,國巨元富98購03  ,0,0,0,0,0,0,0,0,0,-20000,0,0,0,0,20000,-20000,-20000
058972,新日興永豐9A購01,0,0,0,0,0,0,0,0,0,-20000,0,0,0,0,20000,-20000,-20000
058549,藍天永豐99購01  ,0,0,0,0,0,0,0,0,0,-20000,0,0,0,0,20000,-20000,-20000
058752,鈺齊凱基9A購01  ,0,0,0,0,0,0,0,0,0,-20000,0,0,0,4000,24000,-20000,-20000
059125,台積電第一03購02,0,0,0,0,0,0,0,0,0,-20000,0,0,0,25000,45000,-20000,-20000
059109,台積電富邦9C購03,0,0,0,0,0,0,0,0,0,-20000,0,0,0,0,20000,-20000,-20000
056573,華新科元大99購06,0,0,0,0,0,0,0,0,0,-20000,0,0,0,50000,70000,-20000,-20000
056645,大立光凱基98購12,0,0,0,0,0,0,0,0,0,-20000,0,0,0,0,20000,-20000,-20000
056637,台光電日盛9A購01,0,0,0,0,0,0,0,0,0,-20000,0,0,0,0,20000,-20000,-20000
057512,華邦電台新98購01,0,0,0,0,0,0,0,0,0,-20000,0,0,0,0,20000,-20000,-20000
056820,欣興永豐98購02  ,0,0,0,0,0,0,0,0,0,-20000,0,0,0,0,20000,-20000,-20000
059782,A50正2元大9C購04,0,0,0,0,0,0,0,0,0,-20000,0,0,0,0,20000,-20000,-20000
058353,國巨凱基99購09  ,0,0,0,0,0,0,0,0,0,-20000,0,0,0,35000,55000,-20000,-20000
056324,南亞科兆豐98購01,0,0,0,0,0,0,0,0,0,-20000,0,0,0,0,20000,-20000,-20000
056285,可成永豐97購02  ,0,0,0,0,0,0,0,0,0,-20000,0,0,0,0,20000,-20000,-20000
059935,國巨永豐99購07  ,0,0,0,0,0,0,0,0,0,-20000,0,0,0,0,20000,-20000,-20000
059906,臺指反元大9C購04,0,0,0,0,0,0,0,0,0,-20000,0,0,0,0,20000,-20000,-20000
1531,高林股          ,0,20000,-20000,0,0,0,0,0,0,0,0,0,0,0,0,0,-20000
1503,士電            ,1000,22000,-21000,0,0,0,0,0,0,1000,1000,0,1000,0,0,0,-20000
07920P,大立光中信01售01,0,0,0,0,0,0,0,0,0,-20000,0,0,0,0,20000,-20000,-20000
07979P,大立光凱基9B售05,0,0,0,0,0,0,0,0,0,-20000,0,0,0,0,20000,-20000,-20000
07258P,台灣50台新9A售01,0,0,0,0,0,0,0,0,0,-20000,0,0,0,50000,70000,-20000,-20000
07266P,大立光元大99售19,0,0,0,0,0,0,0,0,0,-20000,0,0,0,19000,39000,-20000,-20000
07224P,鴻海元大9A售02  ,0,0,0,0,0,0,0,0,0,-20000,0,0,0,0,20000,-20000,-20000
07198P,臺股指元大99售14,0,0,0,0,0,0,0,0,0,-20000,0,0,0,0,20000,-20000,-20000
07411P,國巨元大99售31  ,0,0,0,0,0,0,0,0,0,-20000,0,0,0,0,20000,-20000,-20000
07059P,華通國票9A售02  ,0,0,0,0,0,0,0,0,0,-20000,0,0,0,76000,96000,-20000,-20000
07549P,台灣50元大9A售13,0,0,0,0,0,0,0,0,0,-20000,0,0,0,0,20000,-20000,-20000
07623P,大立光統一9B售05,0,0,0,0,0,0,0,0,0,-20000,0,0,0,0,20000,-20000,-20000
07544P,大立光凱基9A售09,0,0,0,0,0,0,0,0,0,-20000,0,0,0,0,20000,-20000,-20000
07690P,華新科元大9A售15,0,0,0,0,0,0,0,0,0,-20000,0,0,0,60000,80000,-20000,-20000
07745P,華新科凱基9A售10,0,0,0,0,0,0,0,0,0,-20000,0,0,0,60000,80000,-20000,-20000
07807P,聯茂永豐9A售02  ,0,0,0,0,0,0,0,0,0,-20000,0,0,0,0,20000,-20000,-20000
07812P,大立光統一9A售06,0,0,0,0,0,0,0,0,0,-20000,0,0,0,0,20000,-20000,-20000
07826P,台積電富邦9B售07,0,0,0,0,0,0,0,0,0,-20000,0,0,0,0,20000,-20000,-20000
8482,商億-KY         ,0,20000,-20000,0,0,0,0,0,0,0,0,0,0,0,0,0,-20000
6243,迅杰            ,0,20000,-20000,0,0,0,0,0,0,0,0,0,0,0,0,0,-20000
06147P,國巨元大97售05  ,0,50000,-50000,0,0,0,0,0,0,29000,0,0,0,342000,313000,29000,-21000
060734,華通統一9C購01  ,0,0,0,0,0,0,0,0,0,-21000,0,0,0,0,21000,-21000,-21000
062475,道瓊反國票9B購02,0,0,0,0,0,0,0,0,0,-21000,0,0,0,0,21000,-21000,-21000
062286,台郡群益9B購01  ,0,0,0,0,0,0,0,0,0,-21000,0,0,0,85000,106000,-21000,-21000
06726P,欣興元富98售04  ,0,0,0,0,0,0,0,0,0,-21000,0,0,0,6000,27000,-21000,-21000
06803P,臺股指群益98售09,0,0,0,0,0,0,0,0,0,-21000,0,0,0,3000,24000,-21000,-21000
06721P,臺股指中信9A售03,0,0,0,0,0,0,0,0,0,-21000,0,0,0,0,21000,-21000,-21000
061689,國巨群益9A購12  ,0,0,0,0,0,0,0,0,0,-21000,0,0,0,23000,44000,-21000,-21000
061707,超眾國票9B購01  ,0,0,0,0,0,0,0,0,0,-21000,0,0,0,13000,34000,-21000,-21000
054170,泰鼎凱基98購01  ,0,0,0,0,0,0,0,0,0,-21000,0,0,0,49000,70000,-21000,-21000
055365,華通元大97購03  ,0,0,0,0,0,0,0,0,0,-21000,0,0,0,10000,31000,-21000,-21000
059637,大立光凱基01購01,0,0,0,0,0,0,0,0,0,-21000,0,0,0,7000,28000,-21000,-21000
056051,T50反1元大97購05,0,0,0,0,0,0,0,0,0,-21000,0,0,0,0,21000,-21000,-21000
055515,聚陽中信9A購01  ,0,0,0,0,0,0,0,0,0,-21000,0,0,0,0,21000,-21000,-21000
044963,台積電中信96購01,0,0,0,0,0,0,0,0,0,-21000,0,0,0,0,21000,-21000,-21000
059943,信邦永豐99購01  ,0,0,0,0,0,0,0,0,0,-21000,0,0,0,49000,70000,-21000,-21000
060379,T50反1凱基9A購07,0,0,0,0,0,0,0,0,0,-21000,0,0,0,0,21000,-21000,-21000
06003P,亞光康和96售02  ,0,0,0,0,0,0,0,0,0,-21000,0,0,0,0,21000,-21000,-21000
056375,玉晶光統一01購01,0,0,0,0,0,0,0,0,0,-21000,0,0,0,0,21000,-21000,-21000
058344,旺宏群益99購05  ,0,0,0,0,0,0,0,0,0,-21000,0,0,0,0,21000,-21000,-21000
058575,智邦群益99購01  ,0,0,0,0,0,0,0,0,0,-21000,0,0,0,15000,36000,-21000,-21000
05916P,聯發科元大96售20,0,0,0,0,0,0,0,0,0,-21000,0,0,0,0,21000,-21000,-21000
058862,聯發科凱基99購08,0,0,0,0,0,0,0,0,0,-21000,0,0,0,0,21000,-21000,-21000
058053,上銀統一9B購01  ,0,0,0,0,0,0,0,0,0,-21000,0,0,0,4000,25000,-21000,-21000
05889P,群創元大98售02  ,0,0,0,0,0,0,0,0,0,-21000,0,0,0,80000,101000,-21000,-21000
5203,訊連            ,73000,81000,-8000,0,0,0,0,0,0,-13000,0,0,0,2000,15000,-13000,-21000
4438,廣越            ,12000,33000,-21000,0,0,0,0,0,0,0,0,0,0,0,0,0,-21000
07794P,智邦國票9A售03  ,0,0,0,0,0,0,0,0,0,-21000,0,0,0,6000,27000,-21000,-21000
07526P,臺股指中信9B售08,0,0,0,0,0,0,0,0,0,-21000,0,0,0,0,21000,-21000,-21000
1108,幸福            ,0,21000,-21000,0,0,0,0,0,0,0,0,0,0,0,0,0,-21000
1446,宏和            ,15000,36000,-21000,0,0,0,0,0,0,0,0,0,0,0,0,0,-21000
2476,鉅祥            ,9000,30000,-21000,0,0,0,0,0,0,0,0,0,0,0,0,0,-21000
2888A,新光金甲特      ,0,0,0,0,0,0,0,0,0,-21000,0,21000,-21000,0,0,0,-21000
060814,健策凱基9B購01  ,0,0,0,0,0,0,0,0,0,-22000,0,0,0,39000,61000,-22000,-22000
060892,超眾統一9C購01  ,0,0,0,0,0,0,0,0,0,-22000,0,0,0,1000,23000,-22000,-22000
060621,玉晶光元大9A購05,0,0,0,0,0,0,0,0,0,-22000,0,0,0,10000,32000,-22000,-22000
061539,國巨群益9B購03  ,0,0,0,0,0,0,0,0,0,-22000,0,0,0,0,22000,-22000,-22000
061000,旺宏兆豐9A購02  ,0,0,0,0,0,0,0,0,0,-22000,0,0,0,0,22000,-22000,-22000
061003,南亞科兆豐9A購01,0,0,0,0,0,0,0,0,0,-22000,0,0,0,0,22000,-22000,-22000
048653,巨大元大96購02  ,0,0,0,0,0,0,0,0,0,-22000,0,0,0,10000,32000,-22000,-22000
050227,大立光中信96購01,0,0,0,0,0,0,0,0,0,-22000,0,0,0,10000,32000,-22000,-22000
054621,華新科兆豐98購01,0,0,0,0,0,0,0,0,0,-22000,0,0,0,0,22000,-22000,-22000
054481,鎧勝中信96購01  ,0,0,0,0,0,0,0,0,0,-22000,0,0,0,3000,25000,-22000,-22000
055798,聯茂富邦98購01  ,0,0,0,0,0,0,0,0,0,-22000,0,0,0,15000,37000,-22000,-22000
054893,帆宣統一99購01  ,0,0,0,0,0,0,0,0,0,-22000,0,0,0,19000,41000,-22000,-22000
059229,臺股指元大99購22,0,0,0,0,0,0,0,0,0,-22000,0,0,0,0,22000,-22000,-22000
059474,元石油群益99購01,0,0,0,0,0,0,0,0,0,-22000,0,0,0,2000,24000,-22000,-22000
055171,凱美統一97購01  ,0,0,0,0,0,0,0,0,0,-22000,0,0,0,0,22000,-22000,-22000
055096,緯穎群益97購01  ,0,0,0,0,0,0,0,0,0,-22000,0,0,0,0,22000,-22000,-22000
053638,信邦永豐96購01  ,0,0,0,0,0,0,0,0,0,-22000,0,0,0,25000,47000,-22000,-22000
054311,世芯凱基96購02  ,0,0,0,0,0,0,0,0,0,-22000,0,0,0,34000,56000,-22000,-22000
057413,臺股指群益9C購04,0,0,0,0,0,0,0,0,0,-22000,0,0,0,10000,32000,-22000,-22000
058352,鴻海凱基9A購05  ,0,0,0,0,0,0,0,0,0,-22000,0,0,0,32000,54000,-22000,-22000
056349,道瓊銀元大9B購01,0,0,0,0,0,0,0,0,0,-22000,0,0,0,0,22000,-22000,-22000
056295,國巨元大97購16  ,0,0,0,0,0,0,0,0,0,-22000,0,0,0,9000,31000,-22000,-22000
060158,廣達永豐9A購01  ,0,0,0,0,0,0,0,0,0,-22000,0,0,0,3000,25000,-22000,-22000
1541,錩泰            ,16000,18000,-2000,0,0,0,0,0,0,-20000,0,20000,-20000,0,0,0,-22000
1414,東和            ,4000,26000,-22000,0,0,0,0,0,0,0,0,0,0,0,0,0,-22000
07643P,禾伸堂凱基9A售02,0,0,0,0,0,0,0,0,0,-22000,0,0,0,0,22000,-22000,-22000
07803P,南亞科永豐9A售02,0,0,0,0,0,0,0,0,0,-22000,0,0,0,0,22000,-22000,-22000
4141,龍燈-KY         ,15000,37000,-22000,0,0,0,0,0,0,0,0,0,0,0,0,0,-22000
3346,麗清            ,32000,54000,-22000,0,0,0,0,0,0,0,0,0,0,0,0,0,-22000
060572,景碩永豐9A購01  ,0,0,0,0,0,0,0,0,0,-23000,0,0,0,15000,38000,-23000,-23000
060848,聯茂國票9A購02  ,0,0,0,0,0,0,0,0,0,-23000,0,0,0,77000,100000,-23000,-23000
061824,聯電麥證9B購01  ,0,0,0,0,23000,-23000,0,0,0,-23000,0,0,0,0,23000,-23000,-23000
062063,世紀鋼統一9C購01,0,0,0,0,0,0,0,0,0,-23000,0,0,0,0,23000,-23000,-23000
06558P,旺宏元富98售02  ,0,0,0,0,0,0,0,0,0,-23000,0,0,0,3000,26000,-23000,-23000
062262,茂林元大9B購02  ,0,0,0,0,0,0,0,0,0,-23000,0,0,0,3000,26000,-23000,-23000
062499,鴻海群益01購01  ,0,0,0,0,0,0,0,0,0,-23000,0,0,0,0,23000,-23000,-23000
055387,世紀鋼元大97購01,0,0,0,0,0,0,0,0,0,-23000,0,0,0,0,23000,-23000,-23000
055925,上銀群益97購01  ,0,0,0,0,0,0,0,0,0,-23000,0,0,0,0,23000,-23000,-23000
055460,華擎永豐97購01  ,0,0,0,0,0,0,0,0,0,-23000,0,0,0,7000,30000,-23000,-23000
00645,富邦日本        ,0,0,0,0,0,0,0,0,0,-23000,0,0,0,100000,123000,-23000,-23000
03603P,群創凱基98售04  ,0,0,0,0,0,0,0,0,0,-23000,0,0,0,80000,103000,-23000,-23000
056312,茂林元大98購01  ,0,0,0,0,0,0,0,0,0,-23000,0,0,0,0,23000,-23000,-23000
060362,建準元富9A購02  ,0,0,0,0,0,0,0,0,0,-23000,0,0,0,0,23000,-23000,-23000
058947,SGBR2X群益9B購02,0,0,0,0,0,0,0,0,0,-23000,0,0,0,214000,237000,-23000,-23000
056966,嘉晶永豐98購01  ,0,0,0,0,0,0,0,0,0,-23000,0,0,0,139000,162000,-23000,-23000
056904,大立光元大99購05,0,0,0,0,0,0,0,0,0,-23000,0,0,0,0,23000,-23000,-23000
3588,通嘉            ,95000,129000,-34000,0,0,0,0,0,0,11000,11000,0,11000,0,0,0,-23000
4560,強信-KY         ,164000,187000,-23000,0,0,0,0,0,0,0,0,0,0,0,0,0,-23000
07955P,大成鋼群益9B售02,0,0,0,0,0,0,0,0,0,-23000,0,0,0,0,23000,-23000,-23000
07873P,華新科群益9B售03,0,0,0,0,0,0,0,0,0,-23000,0,0,0,40000,63000,-23000,-23000
1733,五鼎            ,98000,122000,-24000,0,0,0,0,0,0,1000,1000,0,1000,0,0,0,-23000
062557,台光電凱基9B購02,0,0,0,0,0,0,0,0,0,-24000,0,0,0,0,24000,-24000,-24000
062450,臻鼎元大9B購02  ,0,0,0,0,0,0,0,0,0,-24000,0,0,0,0,24000,-24000,-24000
06239P,奇力新元大97售08,0,0,0,0,0,0,0,0,0,-24000,0,0,0,26000,50000,-24000,-24000
062360,華邦電元大9B購01,0,0,0,0,0,0,0,0,0,-24000,0,0,0,113000,137000,-24000,-24000
06634P,欣興國票98售02  ,0,0,0,0,0,0,0,0,0,-24000,0,0,0,43000,67000,-24000,-24000
06729P,聯詠元大98售03  ,0,0,0,0,0,0,0,0,0,-24000,0,0,0,10000,34000,-24000,-24000
060532,欣興中信9A購01  ,0,0,0,0,0,0,0,0,0,-24000,0,0,0,23000,47000,-24000,-24000
061503,臻鼎國票9B購01  ,0,0,0,0,0,0,0,0,0,-24000,0,0,0,6000,30000,-24000,-24000
048192,華通元大96購01  ,0,0,0,0,0,0,0,0,0,-24000,0,0,0,10000,34000,-24000,-24000
00661,元大日經225     ,0,0,0,0,0,0,0,0,0,-24000,0,0,0,0,24000,-24000,-24000
047004,台積電統一99購01,0,0,0,0,0,0,0,0,0,-24000,0,0,0,0,24000,-24000,-24000
055505,新唐元大97購02  ,0,0,0,0,0,0,0,0,0,-24000,0,0,0,0,24000,-24000,-24000
059702,台積電凱基9A購14,0,0,0,0,0,0,0,0,0,-24000,0,0,0,4000,28000,-24000,-24000
054274,智易中信96購02  ,0,0,0,0,0,0,0,0,0,-24000,0,0,0,0,24000,-24000,-24000
055334,禾伸堂兆豐97購01,0,0,0,0,0,0,0,0,0,-24000,0,0,0,196000,220000,-24000,-24000
057477,智邦元大98購09  ,0,0,0,0,0,0,0,0,0,-24000,0,0,0,55000,79000,-24000,-24000
058225,旺宏元富99購01  ,0,0,0,0,0,0,0,0,0,-24000,0,0,0,6000,30000,-24000,-24000
057863,美律凱基9A購01  ,0,0,0,0,0,0,0,0,0,-24000,0,0,0,0,24000,-24000,-24000
058828,大毅永豐99購01  ,0,0,0,0,0,0,0,0,0,-24000,0,0,0,0,24000,-24000,-24000
056406,建準國票99購01  ,0,0,0,0,0,0,0,0,0,-24000,0,0,0,0,24000,-24000,-24000
05676P,欣興群益96售04  ,0,0,0,0,0,0,0,0,0,-24000,0,0,0,183000,207000,-24000,-24000
060385,台勝科凱基9A購01,0,0,0,0,0,0,0,0,0,-24000,0,0,0,162000,186000,-24000,-24000
2838A,聯邦銀甲特      ,0,4000,-4000,0,0,0,0,0,0,-20000,0,20000,-20000,0,0,0,-24000
2414,精技            ,14000,38000,-24000,0,0,0,0,0,0,0,0,0,0,0,0,0,-24000
2429,銘旺科          ,3000,27000,-24000,0,0,0,0,0,0,0,0,0,0,0,0,0,-24000
07675P,全新永豐9A售02  ,0,0,0,0,0,0,0,0,0,-24000,0,0,0,8000,32000,-24000,-24000
07614P,華新科群益9A售04,0,0,0,0,0,0,0,0,0,-24000,0,0,0,117000,141000,-24000,-24000
5283,禾聯碩          ,5000,34000,-29000,0,0,0,5000,0,5000,0,0,0,0,0,0,0,-24000
6189,豐藝            ,0,24000,-24000,0,0,0,0,0,0,0,0,0,0,0,0,0,-24000
6165,捷泰            ,47000,71000,-24000,0,0,0,0,0,0,0,0,0,0,0,0,0,-24000
3679,新至陞          ,5000,29000,-24000,0,0,0,0,0,0,0,0,0,0,0,0,0,-24000
3504,揚明光          ,73000,96000,-23000,0,0,0,0,0,0,-1000,1000,0,1000,0,2000,-2000,-24000
9905,大華            ,0,24000,-24000,0,0,0,0,0,0,0,0,0,0,0,0,0,-24000
061138,晶技統一9C購01  ,0,0,0,0,0,0,0,0,0,-25000,0,0,0,0,25000,-25000,-25000
059842,台積電富邦9C購05,0,0,0,0,0,0,0,0,0,-25000,0,0,0,0,25000,-25000,-25000
060437,宏全永豐9A購01  ,0,0,0,0,0,0,0,0,0,-25000,0,0,0,60000,85000,-25000,-25000
060258,T50反1凱基9A購06,0,0,0,0,0,0,0,0,0,-25000,0,0,0,0,25000,-25000,-25000
060263,臺指反國票9C購01,0,0,0,0,0,0,0,0,0,-25000,0,0,0,0,25000,-25000,-25000
06813P,友訊元富98售03  ,0,0,0,0,0,0,0,0,0,-25000,0,0,0,0,25000,-25000,-25000
06872P,亞德客元富98售04,0,0,0,0,0,0,0,0,0,-25000,0,0,0,0,25000,-25000,-25000
06578P,華新科國票98售02,0,0,0,0,0,0,0,0,0,-25000,0,0,0,0,25000,-25000,-25000
062422,億光統一01購01  ,0,0,0,0,0,0,0,0,0,-25000,0,0,0,0,25000,-25000,-25000
062266,世紀鋼元大9B購02,0,0,0,0,0,0,0,0,0,-25000,0,0,0,3000,28000,-25000,-25000
062428,超眾統一9B購01  ,0,0,0,0,0,0,0,0,0,-25000,0,0,0,0,25000,-25000,-25000
062047,緯穎凱基9B購01  ,0,0,0,0,0,0,0,0,0,-25000,0,0,0,0,25000,-25000,-25000
062212,臻鼎台新9B購01  ,0,0,0,0,0,0,0,0,0,-25000,0,0,0,9000,34000,-25000,-25000
062106,華邦電國票9B購02,0,0,0,0,0,0,0,0,0,-25000,0,0,0,0,25000,-25000,-25000
062153,智邦麥證9B購01  ,0,0,0,110000,135000,-25000,0,0,0,-25000,0,0,0,110000,135000,-25000,-25000
055276,台積電元大97購20,0,0,0,0,0,0,0,0,0,-25000,0,0,0,25000,50000,-25000,-25000
054028,臻鼎凱基96購03  ,0,0,0,0,0,0,0,0,0,-25000,0,0,0,0,25000,-25000,-25000
053584,友達元大9B購02  ,0,0,0,0,0,0,0,0,0,-25000,0,0,0,5000,30000,-25000,-25000
059704,聯發科凱基9A購08,0,0,0,0,0,0,0,0,0,-25000,0,0,0,0,25000,-25000,-25000
059611,台積電永豐99購05,0,0,0,0,0,0,0,0,0,-25000,0,0,0,10000,35000,-25000,-25000
056031,勤誠康和97購02  ,0,0,0,0,0,0,0,0,0,-25000,0,0,0,0,25000,-25000,-25000
055856,新唐元大97購03  ,0,0,0,0,0,0,0,0,0,-25000,0,0,0,5000,30000,-25000,-25000
054700,致新永豐97購01  ,0,0,0,0,0,0,0,0,0,-25000,0,0,0,35000,60000,-25000,-25000
05212P,台積電國票96售04,0,0,0,0,0,0,0,0,0,-25000,0,0,0,5000,30000,-25000,-25000
04454P,大立光富邦98售02,0,0,0,0,0,0,0,0,0,-25000,0,0,0,0,25000,-25000,-25000
042953,鴻海台新01購01  ,0,0,0,0,0,0,0,0,0,-25000,0,0,0,0,25000,-25000,-25000
053083,中環元大99購01  ,0,0,0,0,0,0,0,0,0,-25000,0,0,0,5000,30000,-25000,-25000
058390,樺漢國票9A購01  ,0,0,0,0,0,0,0,0,0,-25000,0,0,0,13000,38000,-25000,-25000
058692,華邦電國票9B購01,0,0,0,0,0,0,0,0,0,-25000,0,0,0,7000,32000,-25000,-25000
059559,T50反1凱基99購07,0,0,0,0,0,0,0,0,0,-25000,0,0,0,126000,151000,-25000,-25000
058043,鴻海元大98購13  ,0,0,0,0,0,0,0,0,0,-25000,0,0,0,25000,50000,-25000,-25000
057946,晶相光國票99購01,0,0,0,0,0,0,0,0,0,-25000,0,0,0,0,25000,-25000,-25000
057158,義隆永豐99購01  ,0,0,0,0,0,0,0,0,0,-25000,0,0,0,10000,35000,-25000,-25000
8462,柏文            ,68000,66000,2000,0,0,0,0,31000,-31000,4000,0,0,0,6000,2000,4000,-25000
2939,凱羿-KY         ,51000,74000,-23000,0,0,0,0,0,0,-2000,0,2000,-2000,0,0,0,-25000
07558P,玉晶光元大9A售10,0,0,0,0,0,0,0,0,0,-25000,0,0,0,1000,26000,-25000,-25000
07520P,臺股指元大9B售11,0,0,0,0,0,0,0,0,0,-25000,0,0,0,0,25000,-25000,-25000
07678P,大立光群益9A售03,0,0,0,0,0,0,0,0,0,-25000,0,0,0,0,25000,-25000,-25000
07303P,臺股指元大9A售36,0,0,0,0,0,0,0,0,0,-25000,0,0,0,5000,30000,-25000,-25000
2748,雲品            ,3000,13000,-10000,0,0,0,0,15000,-15000,0,0,0,0,0,0,0,-25000
062234,廣達凱基9B購01  ,15000,0,15000,0,0,0,0,0,0,-41000,0,0,0,80000,121000,-41000,-26000
06248P,國巨統一97售07  ,0,0,0,0,0,0,0,0,0,-26000,0,0,0,30000,56000,-26000,-26000
06457P,玉晶光統一98售02,0,0,0,0,0,0,0,0,0,-26000,0,0,0,109000,135000,-26000,-26000
062378,台表科元大9C購01,0,0,0,0,0,0,0,0,0,-26000,0,0,0,84000,110000,-26000,-26000
060818,上銀統一9C購01  ,0,0,0,0,0,0,0,0,0,-26000,0,0,0,0,26000,-26000,-26000
060880,中壽中信9C購01  ,0,0,0,0,0,0,0,0,0,-26000,0,0,0,0,26000,-26000,-26000
06151P,華新科元大97售07,20000,0,20000,0,0,0,0,0,0,-46000,0,0,0,106000,152000,-46000,-26000
061448,旺宏中信9A購02  ,0,0,0,0,0,0,0,0,0,-26000,0,0,0,11000,37000,-26000,-26000
054641,祥碩中信98購01  ,0,0,0,0,0,0,0,0,0,-26000,0,0,0,19000,45000,-26000,-26000
055229,大毅國票97購02  ,0,0,0,0,0,0,0,0,0,-26000,0,0,0,13000,39000,-26000,-26000
059148,百和國票9A購01  ,0,0,0,0,0,0,0,0,0,-26000,0,0,0,12000,38000,-26000,-26000
056689,玉晶光統一9A購03,0,0,0,0,0,0,0,0,0,-26000,0,0,0,0,26000,-26000,-26000
058389,聯茂國票9A購01  ,0,0,0,0,0,0,0,0,0,-26000,0,0,0,4000,30000,-26000,-26000
059787,奇力新元大9A購02,0,0,0,0,0,0,0,0,0,-26000,0,0,0,0,26000,-26000,-26000
060148,臺股指國票9A購08,0,0,0,0,0,0,0,0,0,-26000,0,0,0,0,26000,-26000,-26000
2484,希華            ,256000,282000,-26000,0,0,0,0,0,0,0,0,0,0,0,0,0,-26000
07968P,國巨元大9B售09  ,0,0,0,0,0,0,0,0,0,-26000,0,0,0,50000,76000,-26000,-26000
07069P,欣興元富99售02  ,0,0,0,0,0,0,0,0,0,-26000,0,0,0,36000,62000,-26000,-26000
07531P,大立光國泰9B售03,0,0,0,0,0,0,0,0,0,-26000,0,0,0,10000,36000,-26000,-26000
4722,國精化          ,0,26000,-26000,0,0,0,0,0,0,0,0,0,0,0,0,0,-26000
060866,世芯永豐9B購01  ,0,0,0,0,0,0,0,0,0,-27000,0,0,0,0,27000,-27000,-27000
059851,晶相光永豐99購02,0,0,0,0,0,0,0,0,0,-27000,0,0,0,0,27000,-27000,-27000
06593P,欣興元大98售05  ,0,0,0,0,0,0,0,0,0,-27000,0,0,0,48000,75000,-27000,-27000
062169,禾伸堂永豐9B購01,0,0,0,0,0,0,0,0,0,-27000,0,0,0,58000,85000,-27000,-27000
062094,台積電富邦9C購12,0,0,0,0,0,0,0,0,0,-27000,0,0,0,8000,35000,-27000,-27000
061979,友達元大9C購08  ,0,0,0,0,0,0,0,0,0,-27000,0,0,0,92000,119000,-27000,-27000
053732,S&P反1中信9C購01,0,0,0,0,0,0,0,0,0,-27000,0,0,0,0,27000,-27000,-27000
055912,宏達電凱基98購03,0,0,0,0,0,0,0,0,0,-27000,0,0,0,30000,57000,-27000,-27000
059363,超眾永豐99購02  ,0,0,0,0,0,0,0,0,0,-27000,0,0,0,0,27000,-27000,-27000
051929,GIS中信96購01   ,0,0,0,0,0,0,0,0,0,-27000,0,0,0,0,27000,-27000,-27000
00713,元大台灣高息低波,0,0,0,0,0,0,0,0,0,-27000,0,0,0,6000,33000,-27000,-27000
059755,宏達電國泰9A購01,0,0,0,0,0,0,0,0,0,-27000,0,0,0,3000,30000,-27000,-27000
056309,合勤控元大97購01,0,0,0,0,0,0,0,0,0,-27000,0,0,0,188000,215000,-27000,-27000
058765,緯穎群益99購03  ,0,0,0,0,0,0,0,0,0,-27000,0,0,0,0,27000,-27000,-27000
059194,元金2X永豐99購01,0,0,0,0,0,0,0,0,0,-27000,0,0,0,15000,42000,-27000,-27000
058011,台虹國票99購01  ,0,0,0,0,0,0,0,0,0,-27000,0,0,0,26000,53000,-27000,-27000
056963,建準永豐98購01  ,0,0,0,0,0,0,0,0,0,-27000,0,0,0,3000,30000,-27000,-27000
056560,旺宏群益98購03  ,0,0,0,0,0,0,0,0,0,-27000,0,0,0,0,27000,-27000,-27000
5007,三星            ,2000,29000,-27000,0,0,0,0,0,0,0,0,0,0,0,0,0,-27000
6581,鋼聯            ,2000,29000,-27000,0,0,0,0,0,0,0,0,0,0,0,0,0,-27000
07509P,牧德國票9A售03  ,0,0,0,0,0,0,0,0,0,-27000,0,0,0,5000,32000,-27000,-27000
07839P,嘉澤元大9A售04  ,0,0,0,0,0,0,0,0,0,-27000,0,0,0,35000,62000,-27000,-27000
07112P,聯發科群益99售05,0,0,0,0,0,0,0,0,0,-27000,0,0,0,0,27000,-27000,-27000
1435,中福            ,0,27000,-27000,0,0,0,0,0,0,0,0,0,0,0,0,0,-27000
2528,皇普            ,1000,29000,-28000,0,0,0,0,0,0,1000,1000,0,1000,0,0,0,-27000
06672P,聯發科群益98售05,0,0,0,0,0,0,0,0,0,-28000,0,0,0,0,28000,-28000,-28000
06888P,日月光元大98售02,0,0,0,0,0,0,0,0,0,-28000,0,0,0,31000,59000,-28000,-28000
062332,大立光統一9B購11,0,0,0,0,0,0,0,0,0,-28000,0,0,0,81000,109000,-28000,-28000
060302,台積電富邦02購01,0,0,0,0,0,0,0,0,0,-28000,0,0,0,76000,104000,-28000,-28000
060245,聯陽元大9C購01  ,0,2000,-2000,0,0,0,0,0,0,-26000,0,0,0,49000,75000,-26000,-28000
061152,微星群益9A購01  ,0,0,0,0,0,0,0,0,0,-28000,0,0,0,31000,59000,-28000,-28000
061206,旺宏元大9A購12  ,0,0,0,0,0,0,0,0,0,-28000,0,0,0,7000,35000,-28000,-28000
061058,健策國票9A購05  ,0,0,0,0,0,0,0,0,0,-28000,0,0,0,28000,56000,-28000,-28000
053539,智易永豐96購01  ,0,0,0,0,0,0,0,0,0,-28000,0,0,0,28000,56000,-28000,-28000
054649,聯茂群益97購01  ,0,0,0,0,0,0,0,0,0,-28000,0,0,0,0,28000,-28000,-28000
052822,泰碩永豐97購01  ,0,0,0,0,0,0,0,0,0,-28000,0,0,0,0,28000,-28000,-28000
052838,新唐國泰98購01  ,0,0,0,0,0,0,0,0,0,-28000,0,0,0,0,28000,-28000,-28000
059213,國巨元大99購19  ,0,0,0,0,0,0,0,0,0,-28000,0,0,0,25000,53000,-28000,-28000
055421,玉晶光永豐98購04,0,0,0,0,0,0,0,0,0,-28000,0,0,0,50000,78000,-28000,-28000
053723,奇鋐凱基98購01  ,0,0,0,0,0,0,0,0,0,-28000,0,0,0,0,28000,-28000,-28000
054020,技嘉台新97購01  ,0,0,0,0,0,0,0,0,0,-28000,0,0,0,0,28000,-28000,-28000
057990,美律統一99購02  ,0,0,0,0,0,0,0,0,0,-28000,0,0,0,0,28000,-28000,-28000
056438,旺宏凱基98購05  ,0,0,0,0,0,0,0,0,0,-28000,0,0,0,20000,48000,-28000,-28000
058153,景碩統一9B購01  ,0,0,0,0,0,0,0,0,0,-28000,0,0,0,150000,178000,-28000,-28000
056387,智伸科國泰99購01,0,0,0,0,0,0,0,0,0,-28000,0,0,0,0,28000,-28000,-28000
056835,聯電元富99購01  ,0,0,0,0,0,0,0,0,0,-28000,0,0,0,344000,372000,-28000,-28000
059879,GIS凱基99購03   ,0,0,0,0,0,0,0,0,0,-28000,0,0,0,2000,30000,-28000,-28000
1528,恩德            ,1000,29000,-28000,0,0,0,0,0,0,0,0,0,0,0,0,0,-28000
07106P,國巨統一9B售05  ,0,0,0,0,0,0,0,0,0,-28000,0,0,0,226000,254000,-28000,-28000
07792P,牧德元大9A售04  ,0,0,0,0,0,0,0,0,0,-28000,0,0,0,10000,38000,-28000,-28000
9927,泰銘            ,0,28000,-28000,0,0,0,0,0,0,0,0,0,0,0,0,0,-28000
4737,華廣            ,2000,30000,-28000,0,0,0,0,0,0,0,0,0,0,0,0,0,-28000
4739,康普            ,47000,67000,-20000,0,0,0,0,0,0,-8000,0,0,0,0,8000,-8000,-28000
061463,智邦群益9A購02  ,0,0,0,0,0,0,0,0,0,-29000,0,0,0,40000,69000,-29000,-29000
061472,台積電元大9A購32,0,0,0,0,0,0,0,0,0,-29000,0,0,0,50000,79000,-29000,-29000
060326,群光群益9A購01  ,0,0,0,0,0,0,0,0,0,-29000,0,0,0,36000,65000,-29000,-29000
060267,上緯控國票9C購01,0,0,0,0,0,0,0,0,0,-29000,0,0,0,0,29000,-29000,-29000
060586,玉晶光元富9A購03,0,0,0,0,0,0,0,0,0,-29000,0,0,0,37000,66000,-29000,-29000
06436P,台光電國票98售04,0,0,0,0,0,0,0,0,0,-29000,0,0,0,0,29000,-29000,-29000
06396P,新日興康和97售01,0,0,0,0,0,0,0,0,0,-29000,0,0,0,0,29000,-29000,-29000
06282P,聯鈞永豐97售02  ,0,0,0,0,0,0,0,0,0,-29000,0,0,0,1000,30000,-29000,-29000
06901P,亞德客凱基98售02,0,0,0,0,0,0,0,0,0,-29000,0,0,0,16000,45000,-29000,-29000
061609,華新科統一9C購01,0,0,0,0,0,0,0,0,0,-29000,0,0,0,225000,254000,-29000,-29000
054169,上緯控凱基98購01,0,0,0,0,0,0,0,0,0,-29000,0,0,0,91000,120000,-29000,-29000
055420,欣興永豐98購01  ,0,0,0,0,0,0,0,0,0,-29000,0,0,0,0,29000,-29000,-29000
055872,亞泥元富97購01  ,0,0,0,0,0,0,0,0,0,-29000,0,0,0,1000,30000,-29000,-29000
055978,大立光統一98購05,0,0,0,0,0,0,0,0,0,-29000,0,0,0,0,29000,-29000,-29000
056094,大立光元富97購03,0,0,0,0,0,0,0,0,0,-29000,0,0,0,1000,30000,-29000,-29000
052132,旺宏凱基9B購01  ,0,0,0,0,0,0,0,0,0,-29000,0,0,0,0,29000,-29000,-29000
051722,玉晶光永豐97購01,0,0,0,0,0,0,0,0,0,-29000,0,0,0,3000,32000,-29000,-29000
02001R,富邦蘋果反一N   ,0,0,0,0,0,0,0,0,0,-29000,0,0,0,93000,122000,-29000,-29000
053332,創意永豐96購03  ,0,0,0,0,0,0,0,0,0,-29000,0,0,0,0,29000,-29000,-29000
058583,臻鼎群益99購01  ,0,0,0,0,0,0,0,0,0,-29000,0,0,0,99000,128000,-29000,-29000
05656P,台表科統一96售01,0,0,0,0,0,0,0,0,0,-29000,0,0,0,0,29000,-29000,-29000
058937,仁寶中信99購01  ,0,0,0,0,0,0,0,0,0,-29000,0,0,0,61000,90000,-29000,-29000
056989,鴻海兆豐98購02  ,0,0,0,0,0,0,0,0,0,-29000,0,0,0,100000,129000,-29000,-29000
05692P,聯發科中信9A售02,0,0,0,0,0,0,0,0,0,-29000,0,0,0,224000,253000,-29000,-29000
1533,車王電          ,1000,30000,-29000,0,0,0,0,0,0,0,0,0,0,0,0,0,-29000
1558,伸興            ,1000,30000,-29000,0,0,0,0,0,0,0,0,0,0,0,0,0,-29000
07874P,長榮航群益9B售01,0,0,0,0,0,0,0,0,0,-29000,0,0,0,90000,119000,-29000,-29000
2504,國產            ,710000,382000,328000,0,0,0,0,0,0,-357000,400000,780000,-380000,118000,95000,23000,-29000
061812,臺指反群益9B購02,0,0,0,0,0,0,0,0,0,-30000,0,0,0,0,30000,-30000,-30000
062056,國巨統一9C購08  ,0,0,0,0,0,0,0,0,0,-30000,0,0,0,0,30000,-30000,-30000
062069,喬山元大9B購01  ,0,0,0,0,0,0,0,0,0,-30000,0,0,0,38000,68000,-30000,-30000
06509P,鴻海群益98售03  ,0,0,0,0,0,0,0,0,0,-30000,0,0,0,30000,60000,-30000,-30000
060809,康友群益9A購01  ,0,0,0,0,0,0,0,0,0,-30000,0,0,0,24000,54000,-30000,-30000
060168,台表科永豐9A購01,0,0,0,0,0,0,0,0,0,-30000,0,0,0,0,30000,-30000,-30000
059976,道瓊銀元大99購01,0,0,0,0,0,0,0,0,0,-30000,0,0,0,70000,100000,-30000,-30000
061220,臺股指元大9A購57,0,0,0,0,0,0,0,0,0,-30000,0,0,0,0,30000,-30000,-30000
061226,台積電中信9A購05,0,0,0,0,0,0,0,0,0,-30000,0,0,0,5000,35000,-30000,-30000
053353,玉晶光兆豐97購03,0,0,0,0,0,0,0,0,0,-30000,0,0,0,798000,828000,-30000,-30000
053188,旺宏統一97購03  ,0,0,0,0,0,0,0,0,0,-30000,0,0,0,0,30000,-30000,-30000
051406,泰鼎永豐96購01  ,0,0,0,0,0,0,0,0,0,-30000,0,0,0,20000,50000,-30000,-30000
053122,美律凱基98購01  ,0,0,0,0,0,0,0,0,0,-30000,0,0,0,0,30000,-30000,-30000
053137,旺宏富邦98購01  ,0,0,0,0,0,0,0,0,0,-30000,0,0,0,0,30000,-30000,-30000
053117,大立光中信9A購02,0,0,0,0,0,0,0,0,0,-30000,0,0,0,0,30000,-30000,-30000
04286P,滬深2X中信96售01,0,0,0,0,0,0,0,0,0,-30000,0,0,0,0,30000,-30000,-30000
048189,臺指反元大96購06,0,0,0,0,0,0,0,0,0,-30000,0,0,0,5000,35000,-30000,-30000
049871,T50反1台新9A購02,0,0,0,0,0,0,0,0,0,-30000,0,0,0,0,30000,-30000,-30000
046384,群創凱基98購02  ,0,0,0,0,0,0,0,0,0,-30000,0,0,0,60000,90000,-30000,-30000
045055,聯發科元富98購03,0,0,0,0,0,0,0,0,0,-30000,0,0,0,148000,178000,-30000,-30000
050895,聯發科元大97購01,0,0,0,0,0,0,0,0,0,-30000,0,0,0,0,30000,-30000,-30000
050813,旺宏凱基96購01  ,0,0,0,0,0,0,0,0,0,-30000,0,0,0,0,30000,-30000,-30000
052054,台表科凱基96購01,0,0,0,0,0,0,0,0,0,-30000,0,0,0,30000,60000,-30000,-30000
05272P,臻鼎中信97售03  ,0,0,0,0,0,0,0,0,0,-30000,0,0,0,0,30000,-30000,-30000
052629,訊芯中信99購01  ,0,0,0,0,0,0,0,0,0,-30000,0,0,0,0,30000,-30000,-30000
054632,緯穎凱基9A購01  ,0,0,0,0,0,0,0,0,0,-30000,0,0,0,0,30000,-30000,-30000
051906,國巨元大95購09  ,0,0,0,0,0,0,0,0,0,-30000,0,0,0,0,30000,-30000,-30000
055986,祥碩元富97購01  ,0,0,0,0,0,0,0,0,0,-30000,0,0,0,10000,40000,-30000,-30000
055965,泰鼎元大97購03  ,0,0,0,0,0,0,0,0,0,-30000,0,0,0,0,30000,-30000,-30000
055829,上銀元大97購06  ,0,0,0,0,0,0,0,0,0,-30000,0,0,0,0,30000,-30000,-30000
055822,臺股指國票97購09,0,0,0,0,0,0,0,0,0,-30000,0,0,0,26000,56000,-30000,-30000
056010,力成中信97購01  ,0,0,0,0,0,0,0,0,0,-30000,0,0,0,0,30000,-30000,-30000
056391,大立光富邦9C購01,0,0,0,0,0,0,0,0,0,-30000,0,0,0,0,30000,-30000,-30000
05963P,貿聯國票97售02  ,0,0,0,0,0,0,0,0,0,-30000,0,0,0,0,30000,-30000,-30000
059323,新日興元大99購02,0,0,0,0,0,0,0,0,0,-30000,0,0,0,0,30000,-30000,-30000
059443,嘉聯益元大9B購01,0,0,0,0,0,0,0,0,0,-30000,0,0,0,0,30000,-30000,-30000
059431,旺宏元大99購14  ,0,0,0,0,0,0,0,0,0,-30000,0,0,0,0,30000,-30000,-30000
054167,揚明光凱基98購01,0,0,0,0,0,0,0,0,0,-30000,0,0,0,0,30000,-30000,-30000
054280,牧德群益98購01  ,0,0,0,0,0,0,0,0,0,-30000,0,0,0,0,30000,-30000,-30000
05422P,大立光中信97售02,0,0,0,0,0,0,0,0,0,-30000,0,0,0,0,30000,-30000,-30000
054015,晶豪科永豐96購03,0,0,0,0,0,0,0,0,0,-30000,0,0,0,40000,70000,-30000,-30000
053980,泰鼎元大97購02  ,0,0,0,0,0,0,0,0,0,-30000,0,0,0,0,30000,-30000,-30000
054783,國巨群益98購04  ,0,0,0,0,0,0,0,0,0,-30000,0,0,0,0,30000,-30000,-30000
057258,中環兆豐98購01  ,0,0,0,0,0,0,0,0,0,-30000,0,0,0,0,30000,-30000,-30000
057456,道瓊銀富邦9C購01,0,0,0,0,0,0,0,0,0,-30000,0,0,0,0,30000,-30000,-30000
058282,聯茂中信99購01  ,0,0,0,0,0,0,0,0,0,-30000,0,0,0,0,30000,-30000,-30000
058936,國喬中信99購01  ,0,0,0,0,0,0,0,0,0,-30000,0,0,0,48000,78000,-30000,-30000
057002,友達國票98購01  ,0,0,0,0,0,0,0,0,0,-30000,0,0,0,0,30000,-30000,-30000
057130,全新凱基98購03  ,0,0,0,0,0,0,0,0,0,-30000,0,0,0,0,30000,-30000,-30000
058157,華通台新99購01  ,0,0,0,0,0,0,0,0,0,-30000,0,0,0,0,30000,-30000,-30000
057435,旺宏國票99購04  ,0,0,0,0,0,0,0,0,0,-30000,0,0,0,0,30000,-30000,-30000
057390,台表科永豐98購01,0,0,0,0,0,0,0,0,0,-30000,0,0,0,0,30000,-30000,-30000
057394,台積電中信9C購02,0,0,0,0,0,0,0,0,0,-30000,0,0,0,140000,170000,-30000,-30000
05645P,聯發科凱基96售13,0,0,0,0,0,0,0,0,0,-30000,0,0,0,0,30000,-30000,-30000
057312,美律麥證98購01  ,0,0,0,0,30000,-30000,0,0,0,-30000,0,0,0,0,30000,-30000,-30000
058086,鴻海元大98購14  ,0,0,0,0,0,0,0,0,0,-30000,0,0,0,0,30000,-30000,-30000
059126,臺指反中信9B購01,0,0,0,0,0,0,0,0,0,-30000,0,0,0,0,30000,-30000,-30000
059072,元油2X元大9C購13,0,0,0,0,0,0,0,0,0,-30000,0,0,0,30000,60000,-30000,-30000
058468,聯茂中信99購02  ,0,0,0,0,0,0,0,0,0,-30000,0,0,0,10000,40000,-30000,-30000
056699,光罩國泰99購01  ,0,0,0,0,0,0,0,0,0,-30000,0,0,0,0,30000,-30000,-30000
058544,FBVIX富邦9B購01 ,0,0,0,0,0,0,0,0,0,-30000,0,0,0,0,30000,-30000,-30000
058502,鴻海元大99購13  ,0,0,0,0,0,0,0,0,0,-30000,0,0,0,12000,42000,-30000,-30000
05995P,T50正2中信9C售01,0,0,0,0,0,0,0,0,0,-30000,0,0,0,0,30000,-30000,-30000
06013P,世芯國泰97售03  ,0,0,0,0,0,0,0,0,0,-30000,0,0,0,30000,60000,-30000,-30000
056778,元石油群益9B購01,0,0,0,0,0,0,0,0,0,-30000,0,0,0,0,30000,-30000,-30000
2702,華園            ,18000,48000,-30000,0,0,0,0,0,0,0,0,0,0,0,0,0,-30000
07713P,台郡元大9A售03  ,0,0,0,0,0,0,0,0,0,-30000,0,0,0,0,30000,-30000,-30000
07756P,台灣50國票04售01,0,0,0,0,0,0,0,0,0,-30000,0,0,0,0,30000,-30000,-30000
07145P,為升元大99售03  ,0,0,0,0,0,0,0,0,0,-30000,0,0,0,0,30000,-30000,-30000
07400P,國巨凱基99售20  ,0,0,0,0,0,0,0,0,0,-30000,0,0,0,20000,50000,-30000,-30000
07259P,滬深2X國票01售01,0,0,0,0,0,0,0,0,0,-30000,0,0,0,0,30000,-30000,-30000
07250P,台灣50永豐99售07,0,0,0,0,0,0,0,0,0,-30000,0,0,0,0,30000,-30000,-30000
4545,銘鈺            ,4000,34000,-30000,0,0,0,0,0,0,0,1000,1000,0,0,0,0,-30000
6192,巨路            ,2000,32000,-30000,0,0,0,0,0,0,0,0,0,0,0,0,0,-30000
8070,長華*           ,3000,30000,-27000,0,0,0,0,0,0,-3000,0,3000,-3000,0,0,0,-30000
061233,國巨元大9A購17  ,0,0,0,0,0,0,0,0,0,-31000,0,0,0,0,31000,-31000,-31000
060906,旺宏元大9A購07  ,0,0,0,0,0,0,0,0,0,-31000,0,0,0,21000,52000,-31000,-31000
061351,智伸科元大9A購01,0,0,0,0,0,0,0,0,0,-31000,0,0,0,6000,37000,-31000,-31000
060320,元金2X群益02購01,0,0,0,0,0,0,0,0,0,-31000,0,0,0,2000,33000,-31000,-31000
060637,玉晶光永豐9A購03,0,0,0,0,0,0,0,0,0,-31000,0,0,0,0,31000,-31000,-31000
061995,超眾元大01購01  ,0,0,0,0,0,0,0,0,0,-31000,0,0,0,0,31000,-31000,-31000
055628,旺宏永豐97購01  ,0,0,0,0,0,0,0,0,0,-31000,0,0,0,0,31000,-31000,-31000
058370,聯詠凱基99購01  ,0,0,0,0,0,0,0,0,0,-31000,0,0,0,30000,61000,-31000,-31000
060030,晶相光永豐99購03,0,0,0,0,0,0,0,0,0,-31000,0,0,0,1000,32000,-31000,-31000
059922,大立光元大99購25,0,0,0,0,0,0,0,0,0,-31000,0,0,0,10000,41000,-31000,-31000
058982,台積電凱基99購08,0,0,0,0,0,0,0,0,0,-31000,0,0,0,5000,36000,-31000,-31000
05880P,創意康和96售01  ,0,0,0,0,0,0,0,0,0,-31000,0,0,0,0,31000,-31000,-31000
057010,景碩中信98購01  ,0,0,0,0,0,0,0,0,0,-31000,0,0,0,22000,53000,-31000,-31000
058193,緯穎永豐99購01  ,0,0,0,0,0,0,0,0,0,-31000,0,0,0,30000,61000,-31000,-31000
6525,捷敏-KY         ,10000,41000,-31000,0,0,0,0,0,0,0,0,0,0,0,0,0,-31000
3305,昇貿            ,0,31000,-31000,0,0,0,0,0,0,0,0,0,0,0,0,0,-31000
07211P,南亞科凱基99售05,0,0,0,0,0,0,0,0,0,-31000,0,0,0,0,31000,-31000,-31000
07533P,臺股指中信9C售04,0,0,0,0,0,0,0,0,0,-31000,0,0,0,0,31000,-31000,-31000
1712,興農            ,174000,205000,-31000,0,0,0,0,0,0,0,0,0,0,0,0,0,-31000
06839P,玉晶光統一9A售05,0,0,0,0,0,0,0,0,0,-32000,0,0,0,48000,80000,-32000,-32000
060773,FBVIX凱基9A購04 ,0,0,0,0,0,0,0,0,0,-32000,0,0,0,0,32000,-32000,-32000
060185,聯發科元富04購01,0,0,0,0,0,0,0,0,0,-32000,0,0,0,5000,37000,-32000,-32000
060455,葡萄王元大9A購02,0,0,0,0,0,0,0,0,0,-32000,0,0,0,140000,172000,-32000,-32000
06125P,楠梓電元富99售01,0,0,0,0,0,0,0,0,0,-32000,0,0,0,10000,42000,-32000,-32000
061075,亞德客兆豐9A購01,0,0,0,0,0,0,0,0,0,-32000,0,0,0,53000,85000,-32000,-32000
052945,嘉晶國票97購01  ,0,0,0,0,0,0,0,0,0,-32000,0,0,0,185000,217000,-32000,-32000
053448,智易凱基96購03  ,0,0,0,0,0,0,0,0,0,-32000,0,0,0,0,32000,-32000,-32000
055440,矽力國票98購01  ,0,0,0,0,0,0,0,0,0,-32000,0,0,0,76000,108000,-32000,-32000
055987,台表科元富97購01,0,0,0,0,0,0,0,0,0,-32000,0,0,0,35000,67000,-32000,-32000
057136,立積凱基98購02  ,0,0,0,0,0,0,0,0,0,-32000,0,0,0,37000,69000,-32000,-32000
058547,世紀鋼富邦9A購01,0,0,0,0,0,0,0,0,0,-32000,0,0,0,237000,269000,-32000,-32000
058660,樺漢中信9A購01  ,0,0,0,0,0,0,0,0,0,-32000,0,0,0,28000,60000,-32000,-32000
056709,華通永豐98購01  ,0,0,0,0,0,0,0,0,0,-32000,0,0,0,0,32000,-32000,-32000
059118,晶技永豐9A購01  ,0,0,0,0,0,0,0,0,0,-32000,0,0,0,0,32000,-32000,-32000
060084,聯電元大99購02  ,0,0,0,0,0,0,0,0,0,-32000,0,0,0,68000,100000,-32000,-32000
07976P,聯發科群益9C售02,0,0,0,0,0,0,0,0,0,-32000,0,0,0,0,32000,-32000,-32000
2009,第一銅          ,0,32000,-32000,0,0,0,0,0,0,0,0,0,0,0,0,0,-32000
5288,豐祥-KY         ,19000,51000,-32000,0,0,0,0,0,0,0,0,0,0,0,0,0,-32000
6215,和椿            ,1000,38000,-37000,0,0,0,0,0,0,5000,5000,0,5000,0,0,0,-32000
060878,奇力新中信9C購01,0,0,0,0,0,0,0,0,0,-33000,0,0,0,117000,150000,-33000,-33000
060576,欣興中信9B購01  ,0,0,0,0,0,0,0,0,0,-33000,0,0,0,83000,116000,-33000,-33000
06887P,華新科元大98售04,0,0,0,0,0,0,0,0,0,-33000,0,0,0,17000,50000,-33000,-33000
06670P,鴻海群益98售06  ,0,0,0,0,0,0,0,0,0,-33000,0,0,0,41000,74000,-33000,-33000
055471,聯發科凱基97購04,0,0,0,0,0,0,0,0,0,-33000,0,0,0,14000,47000,-33000,-33000
055538,鴻海日盛97購04  ,0,0,0,0,0,0,0,0,0,-33000,0,0,0,0,33000,-33000,-33000
049463,華新科富邦97購01,0,0,0,0,0,0,0,0,0,-33000,0,0,0,0,33000,-33000,-33000
053285,臺股指元大96購08,0,0,0,0,0,0,0,0,0,-33000,0,0,0,1000,34000,-33000,-33000
059972,S&P正2元大99購03,0,0,0,0,0,0,0,0,0,-33000,0,0,0,0,33000,-33000,-33000
059130,台灣50群益9B購05,0,0,0,0,0,0,0,0,0,-33000,0,0,0,0,33000,-33000,-33000
058610,欣興元大99購05  ,0,0,0,0,0,0,0,0,0,-33000,0,0,0,15000,48000,-33000,-33000
059187,國巨富邦9B購02  ,0,0,0,0,0,0,0,0,0,-33000,0,0,0,0,33000,-33000,-33000
058022,樺漢凱基99購02  ,0,0,0,0,0,0,0,0,0,-33000,0,0,0,0,33000,-33000,-33000
057719,欣興元富02購01  ,0,0,0,0,0,0,0,0,0,-33000,0,0,0,14000,47000,-33000,-33000
057664,台積電元大9A購03,0,0,0,0,0,0,0,0,0,-33000,0,0,0,0,33000,-33000,-33000
057818,泰碩元大9A購01  ,0,0,0,0,0,0,0,0,0,-33000,0,0,0,0,33000,-33000,-33000
060250,台表科元大9A購01,0,0,0,0,0,0,0,0,0,-34000,0,0,0,32000,66000,-34000,-34000
061225,台積電中信9A購04,0,0,0,0,0,0,0,0,0,-34000,0,0,0,0,34000,-34000,-34000
054471,T50反1中信9C購01,0,0,0,0,0,0,0,0,0,-34000,0,0,0,10000,44000,-34000,-34000
052942,聯發科中信97購04,0,0,0,0,0,0,0,0,0,-34000,0,0,0,0,34000,-34000,-34000
053005,微星永豐96購01  ,0,0,0,0,0,0,0,0,0,-34000,0,0,0,0,34000,-34000,-34000
05571P,大立光統一96售03,0,0,0,0,0,0,0,0,0,-34000,0,0,0,71000,105000,-34000,-34000
054215,創意國票97購02  ,0,0,0,0,0,0,0,0,0,-34000,0,0,0,3000,37000,-34000,-34000
054216,聯茂國票97購03  ,0,0,0,0,0,0,0,0,0,-34000,0,0,0,4000,38000,-34000,-34000
057826,祥碩元大98購08  ,0,0,0,0,0,0,0,0,0,-34000,0,0,0,101000,135000,-34000,-34000
057474,T50反1元大98購09,0,0,0,0,0,0,0,0,0,-34000,0,0,0,0,34000,-34000,-34000
05722P,玉晶光國票97售03,0,0,0,0,0,0,0,0,0,-34000,0,0,0,6000,40000,-34000,-34000
059061,晶技凱基9A購01  ,0,0,0,0,0,0,0,0,0,-34000,0,0,0,20000,54000,-34000,-34000
056738,國巨凱基9A購02  ,0,0,0,0,0,0,0,0,0,-34000,0,0,0,174000,208000,-34000,-34000
059732,超眾元大9A購01  ,0,0,0,0,0,0,0,0,0,-34000,0,0,0,5000,39000,-34000,-34000
060050,鴻海凱基9B購01  ,0,0,0,0,0,0,0,0,0,-34000,0,0,0,30000,64000,-34000,-34000
060073,台積電元富99購03,0,0,0,0,0,0,0,0,0,-34000,0,0,0,35000,69000,-34000,-34000
5515,建國            ,2000,49000,-47000,0,0,0,0,0,0,13000,13000,0,13000,0,0,0,-34000
4552,力達-KY         ,26000,60000,-34000,0,0,0,0,0,0,0,0,0,0,0,0,0,-34000
2062,橋椿            ,11000,45000,-34000,0,0,0,0,0,0,0,0,0,0,0,0,0,-34000
2496,卓越            ,0,34000,-34000,0,0,0,0,0,0,0,0,0,0,0,0,0,-34000
1234,黑松            ,1000,35000,-34000,0,0,0,0,0,0,0,0,0,0,0,0,0,-34000
07899P,和大凱基9B售01  ,0,0,0,0,0,0,0,0,0,-34000,0,0,0,0,34000,-34000,-34000
07410P,鴻海元大99售44  ,0,0,0,0,0,0,0,0,0,-34000,0,0,0,50000,84000,-34000,-34000
061150,國巨群益9A購09  ,0,0,0,0,0,0,0,0,0,-35000,0,0,0,0,35000,-35000,-35000
061069,嘉聯益凱基9A購01,0,0,0,0,0,0,0,0,0,-35000,0,0,0,40000,75000,-35000,-35000
061048,國巨中信9A購05  ,0,0,0,0,0,0,0,0,0,-35000,0,0,0,0,35000,-35000,-35000
061252,臺股指群益9A購03,0,0,0,0,0,0,0,0,0,-35000,0,0,0,0,35000,-35000,-35000
053645,臺股指國票96購08,0,0,0,0,0,0,0,0,0,-35000,0,0,0,5000,40000,-35000,-35000
053784,奇力新元大97購02,0,0,0,0,0,0,0,0,0,-35000,0,0,0,50000,85000,-35000,-35000
054833,京鼎中信97購01  ,0,0,0,0,0,0,0,0,0,-35000,0,0,0,0,35000,-35000,-35000
053443,智邦凱基97購01  ,0,0,0,0,0,0,0,0,0,-35000,0,0,0,5000,40000,-35000,-35000
053494,南亞科兆豐96購02,0,0,0,0,0,0,0,0,0,-35000,0,0,0,30000,65000,-35000,-35000
053203,智易日盛96購01  ,0,0,0,0,0,0,0,0,0,-35000,0,0,0,0,35000,-35000,-35000
051078,力山富邦97購01  ,0,0,0,0,0,0,0,0,0,-35000,0,0,0,0,35000,-35000,-35000
050424,鴻海凱基96購03  ,0,0,0,0,0,0,0,0,0,-35000,0,0,0,0,35000,-35000,-35000
00650L,FH香港正2       ,0,17000,-17000,0,0,0,0,0,0,-18000,0,0,0,350000,368000,-18000,-35000
059913,台積電元大99購44,0,0,0,0,0,0,0,0,0,-35000,0,0,0,15000,50000,-35000,-35000
059754,訊芯群益9A購01  ,0,0,0,0,0,0,0,0,0,-35000,0,0,0,50000,85000,-35000,-35000
057531,禾伸堂元大99購04,0,0,0,0,0,0,0,0,0,-35000,0,0,0,15000,50000,-35000,-35000
059068,台虹國票9A購01  ,0,0,0,0,0,0,0,0,0,-35000,0,0,0,43000,78000,-35000,-35000
058809,國巨統一9B購03  ,0,0,0,0,0,0,0,0,0,-35000,0,0,0,0,35000,-35000,-35000
057389,玉晶光永豐98購06,0,0,0,0,0,0,0,0,0,-35000,0,0,0,75000,110000,-35000,-35000
07561P,玉晶光永豐9A售02,0,0,0,0,0,0,0,0,0,-35000,0,0,0,0,35000,-35000,-35000
1474,弘裕            ,0,39000,-39000,0,0,0,0,0,0,4000,4000,0,4000,0,0,0,-35000
2468,華經            ,9000,44000,-35000,0,0,0,0,0,0,0,0,0,0,0,0,0,-35000
4144,康聯-KY         ,0,35000,-35000,0,0,0,0,0,0,0,0,0,0,0,0,0,-35000
6206,飛捷            ,1000,36000,-35000,0,0,0,0,0,0,0,0,0,0,0,0,0,-35000
061231,聚陽元大9A購02  ,0,0,0,0,0,0,0,0,0,-36000,0,0,0,13000,49000,-36000,-36000
060209,喬山康和9A購01  ,0,0,0,0,0,0,0,0,0,-36000,0,0,0,32000,68000,-36000,-36000
06542P,台光電國票98售05,0,0,0,0,0,0,0,0,0,-36000,0,0,0,0,36000,-36000,-36000
06725P,聯電元富98售01  ,0,0,0,0,0,0,0,0,0,-36000,0,0,0,73000,109000,-36000,-36000
061926,晶技凱基9B購02  ,0,0,0,0,0,0,0,0,0,-36000,0,0,0,0,36000,-36000,-36000
062211,玉晶光台新9B購01,0,0,0,0,0,0,0,0,0,-36000,0,0,0,104000,140000,-36000,-36000
049947,S&P反1中信97購01,0,0,0,0,0,0,0,0,0,-36000,0,0,0,0,36000,-36000,-36000
047417,台塑富邦97購01  ,0,0,0,0,0,0,0,0,0,-36000,0,0,0,0,36000,-36000,-36000
051902,T50反1元大97購01,0,0,0,0,0,0,0,0,0,-36000,0,0,0,15000,51000,-36000,-36000
05478P,智伸科國票96售02,0,0,0,0,0,0,0,0,0,-36000,0,0,0,6000,42000,-36000,-36000
053609,華新中信9A購01  ,0,0,0,0,0,0,0,0,0,-36000,0,0,0,0,36000,-36000,-36000
05596P,可成統一96售01  ,0,0,0,0,0,0,0,0,0,-36000,0,0,0,39000,75000,-36000,-36000
058928,國巨統一9C購01  ,0,0,0,0,0,0,0,0,0,-36000,0,0,0,115000,151000,-36000,-36000
057810,技嘉元大98購06  ,0,0,0,0,0,0,0,0,0,-36000,0,0,0,49000,85000,-36000,-36000
058274,世紀鋼永豐99購01,0,0,0,0,0,0,0,0,0,-36000,0,0,0,25000,61000,-36000,-36000
058703,台積電元大99購16,0,0,0,0,0,0,0,0,0,-36000,0,0,0,0,36000,-36000,-36000
2514,龍邦            ,24000,60000,-36000,0,0,0,0,0,0,0,0,0,0,0,0,0,-36000
1721,三晃            ,5000,41000,-36000,0,0,0,0,0,0,0,0,0,0,0,0,0,-36000
07944P,華新科元大9B售08,0,0,0,0,0,0,0,0,0,-36000,0,0,0,74000,110000,-36000,-36000
07434P,臺股指國票9A售06,0,0,0,0,0,0,0,0,0,-36000,0,0,0,64000,100000,-36000,-36000
07842P,力成元大9A售01  ,0,0,0,0,0,0,0,0,0,-36000,0,0,0,0,36000,-36000,-36000
07023P,南電永豐99售02  ,0,0,0,0,0,0,0,0,0,-36000,0,0,0,10000,46000,-36000,-36000
06386P,欣興永豐97售03  ,0,0,0,0,0,0,0,0,0,-37000,0,0,0,48000,85000,-37000,-37000
062480,茂林國票9B購01  ,0,0,0,0,0,0,0,0,0,-37000,0,0,0,0,37000,-37000,-37000
060169,群電永豐9A購01  ,0,0,0,0,0,0,0,0,0,-37000,0,0,0,50000,87000,-37000,-37000
060654,大毅群益9B購01  ,0,0,0,0,0,0,0,0,0,-37000,0,0,0,138000,175000,-37000,-37000
060854,台積電富邦9C購08,0,0,0,0,0,0,0,0,0,-37000,0,0,0,16000,53000,-37000,-37000
061357,寶成元大9A購01  ,0,0,0,0,0,0,0,0,0,-37000,0,0,0,84000,121000,-37000,-37000
054504,聯鈞永豐96購01  ,0,0,0,0,0,0,0,0,0,-37000,0,0,0,10000,47000,-37000,-37000
054735,漢唐凱基98購01  ,0,0,0,0,0,0,0,0,0,-37000,0,0,0,20000,57000,-37000,-37000
05875P,旺宏群益98售01  ,0,0,0,0,0,0,0,0,0,-37000,0,0,0,45000,82000,-37000,-37000
058503,鴻海元大99購14  ,0,0,0,0,0,0,0,0,0,-37000,0,0,0,0,37000,-37000,-37000
059029,旺宏兆豐99購01  ,0,0,0,0,0,0,0,0,0,-37000,0,0,0,18000,55000,-37000,-37000
056676,國產元富98購01  ,0,0,0,0,0,0,0,0,0,-37000,0,0,0,146000,183000,-37000,-37000
060350,元黃金元富9B購01,0,0,0,0,0,0,0,0,0,-37000,0,0,0,0,37000,-37000,-37000
059183,T50反1台新03購02,0,0,0,0,0,0,0,0,0,-37000,0,0,0,0,37000,-37000,-37000
057314,全新麥證98購01  ,0,0,0,16000,53000,-37000,0,0,0,-37000,0,0,0,16000,53000,-37000,-37000
1321,大洋            ,24000,61000,-37000,0,0,0,0,0,0,0,0,0,0,0,0,0,-37000
6706,惠特            ,45000,261000,-216000,0,0,0,92000,80000,12000,167000,188000,21000,167000,0,0,0,-37000
062524,鴻海統一9C購09  ,0,0,0,0,0,0,0,0,0,-38000,0,0,0,0,38000,-38000,-38000
06891P,緯穎富邦99售03  ,0,0,0,0,0,0,0,0,0,-38000,0,0,0,0,38000,-38000,-38000
054638,國泰金中信99購01,0,0,0,0,0,0,0,0,0,-38000,0,0,0,0,38000,-38000,-38000
00757,統一FANG+       ,0,0,0,0,0,0,0,0,0,-38000,0,0,0,220000,258000,-38000,-38000
056075,瀚宇博元大97購03,0,0,0,0,0,0,0,0,0,-38000,0,0,0,35000,73000,-38000,-38000
054935,華通元大98購03  ,0,0,0,0,0,0,0,0,0,-38000,0,0,0,60000,98000,-38000,-38000
054229,超眾元富96購05  ,0,0,0,0,0,0,0,0,0,-38000,0,0,0,22000,60000,-38000,-38000
055332,奇力新兆豐98購01,0,0,0,0,0,0,0,0,0,-38000,0,0,0,0,38000,-38000,-38000
057304,為升兆豐99購02  ,0,0,0,0,0,0,0,0,0,-38000,0,0,0,0,38000,-38000,-38000
057113,祥碩群益98購01  ,0,0,0,0,0,0,0,0,0,-38000,0,0,0,344000,382000,-38000,-38000
057492,大立光元大98購18,0,0,0,0,0,0,0,0,0,-38000,0,0,0,12000,50000,-38000,-38000
057713,美律統一99購01  ,0,0,0,0,0,0,0,0,0,-38000,0,0,0,0,38000,-38000,-38000
057698,奇力新群益98購02,0,0,0,0,0,0,0,0,0,-38000,0,0,0,60000,98000,-38000,-38000
059920,宏達電元大99購07,0,0,0,0,0,0,0,0,0,-38000,0,0,0,136000,174000,-38000,-38000
06004P,奇力新永豐96售02,0,0,0,0,0,0,0,0,0,-38000,0,0,0,10000,48000,-38000,-38000
1315,達新            ,42000,80000,-38000,0,0,0,0,0,0,0,0,0,0,0,0,0,-38000
07184P,台灣50元富01售01,0,0,0,0,0,0,0,0,0,-38000,0,0,0,42000,80000,-38000,-38000
07844P,可成國票9A售01  ,0,0,0,0,0,0,0,0,0,-38000,0,0,0,0,38000,-38000,-38000
07722P,玉晶光凱基9A售10,0,0,0,0,0,0,0,0,0,-38000,0,0,0,64000,102000,-38000,-38000
062476,神隆國票9B購01  ,0,0,0,0,0,0,0,0,0,-39000,0,0,0,0,39000,-39000,-39000
06453P,群創元大9B售02  ,0,0,0,0,0,0,0,0,0,-39000,0,0,0,80000,119000,-39000,-39000
062321,力成台新9B購01  ,0,0,0,0,0,0,0,0,0,-39000,0,0,0,58000,97000,-39000,-39000
061445,道瓊指中信9A購01,0,0,0,0,0,0,0,0,0,-39000,0,0,0,0,39000,-39000,-39000
061023,茂林國泰9B購02  ,0,0,0,0,0,0,0,0,0,-39000,0,0,0,0,39000,-39000,-39000
060755,鴻海元大9A購15  ,0,0,0,0,0,0,0,0,0,-39000,0,0,0,39000,78000,-39000,-39000
055703,緯穎富邦98購01  ,0,0,0,0,0,0,0,0,0,-39000,0,0,0,10000,49000,-39000,-39000
055785,祥碩凱基97購02  ,0,0,0,0,0,0,0,0,0,-39000,0,0,0,213000,252000,-39000,-39000
059791,超眾元大99購06  ,0,0,0,0,0,0,0,0,0,-39000,0,0,0,11000,50000,-39000,-39000
058487,晶技國票9A購01  ,0,0,0,0,0,0,0,0,0,-39000,0,0,0,0,39000,-39000,-39000
059097,世紀鋼元大99購05,0,0,0,0,0,0,0,0,0,-39000,0,0,0,40000,79000,-39000,-39000
07071P,立積元富99售01  ,0,0,0,0,0,0,0,0,0,-39000,0,0,0,296000,335000,-39000,-39000
1472,三洋紡          ,8000,47000,-39000,0,0,0,0,0,0,0,0,0,0,0,0,0,-39000
4164,承業醫          ,34000,78000,-44000,0,0,0,0,0,0,5000,5000,0,5000,0,0,0,-39000
3018,同開            ,37000,76000,-39000,0,0,0,0,0,0,0,1000,1000,0,0,0,0,-39000
00717,富邦美國特別股  ,0,0,0,0,0,0,0,0,0,-39038,0,0,0,494000,533038,-39038,-39038
8422,可寧衛          ,13100,53000,-39900,0,0,0,0,0,0,0,0,0,0,0,0,0,-39900
060799,茂林永豐9A購01  ,0,0,0,0,0,0,0,0,0,-40000,0,0,0,10000,50000,-40000,-40000
060904,臺指反元大9C購07,0,0,0,0,0,0,0,0,0,-40000,0,0,0,0,40000,-40000,-40000
060279,SP黃豆元大9A購01,0,0,0,0,0,0,0,0,0,-40000,0,0,0,5000,45000,-40000,-40000
060464,台積電元大9A購11,0,0,0,0,0,0,0,0,0,-40000,0,0,0,0,40000,-40000,-40000
061461,元金2X群益9A購01,0,0,0,0,0,0,0,0,0,-40000,0,0,0,0,40000,-40000,-40000
061569,旺宏元大9A購14  ,0,0,0,0,0,0,0,0,0,-40000,0,0,0,21000,61000,-40000,-40000
061261,台積電凱基9B購03,0,0,0,0,0,0,0,0,0,-40000,0,0,0,1000,41000,-40000,-40000
06234P,亞德客元大97售02,0,0,0,0,0,0,0,0,0,-40000,0,0,0,0,40000,-40000,-40000
06773P,台灣50兆豐9A售01,0,0,0,0,0,0,0,0,0,-40000,0,0,0,0,40000,-40000,-40000
06539P,聯發科凱基98售12,0,0,0,0,0,0,0,0,0,-40000,0,0,0,0,40000,-40000,-40000
061753,南亞科台新9B購01,0,0,0,0,0,0,0,0,0,-40000,0,0,0,10000,50000,-40000,-40000
061701,友達國票9B購02  ,0,0,0,0,0,0,0,0,0,-40000,0,0,0,59000,99000,-40000,-40000
00728,第一金工業30    ,0,0,0,0,0,0,0,0,0,-40000,0,0,0,276000,316000,-40000,-40000
03442B,臺股指元大9A熊48,0,0,0,0,0,0,0,0,0,-40000,0,0,0,116000,156000,-40000,-40000
053276,友達元大9C購01  ,0,0,0,0,0,0,0,0,0,-40000,0,0,0,0,40000,-40000,-40000
04906P,欣興國票95售01  ,0,0,0,0,0,0,0,0,0,-40000,0,0,0,0,40000,-40000,-40000
055627,亞德客永豐97購02,0,0,0,0,0,0,0,0,0,-40000,0,0,0,14000,54000,-40000,-40000
054480,和碩中信98購01  ,0,0,0,0,0,0,0,0,0,-40000,0,0,0,30000,70000,-40000,-40000
052238,智易國票96購01  ,0,0,0,0,0,0,0,0,0,-40000,0,0,0,10000,50000,-40000,-40000
055748,GIS元富97購01   ,0,0,0,0,0,0,0,0,0,-40000,0,0,0,0,40000,-40000,-40000
055157,晶豪科元大97購01,0,0,0,0,0,0,0,0,0,-40000,0,0,0,33000,73000,-40000,-40000
055807,勤誠永豐97購01  ,0,0,0,0,0,0,0,0,0,-40000,0,0,0,0,40000,-40000,-40000
056052,T50反1元大97購06,0,0,0,0,0,0,0,0,0,-40000,0,0,0,100000,140000,-40000,-40000
055966,茂林元大99購01  ,0,0,0,0,0,0,0,0,0,-40000,0,0,0,0,40000,-40000,-40000
059401,牧德元富99購01  ,0,0,0,0,0,0,0,0,0,-40000,0,0,0,0,40000,-40000,-40000
059453,奇力新永豐99購01,0,0,0,0,0,0,0,0,0,-40000,0,0,0,0,40000,-40000,-40000
059515,牧德永豐99購01  ,0,0,0,0,0,0,0,0,0,-40000,0,0,0,0,40000,-40000,-40000
05658P,日月光元富96售02,0,0,0,0,0,0,0,0,0,-40000,0,0,0,50000,90000,-40000,-40000
059076,FBVIX元大99購04 ,0,0,0,0,0,0,0,0,0,-40000,0,0,0,0,40000,-40000,-40000
056734,國巨凱基99購01  ,0,0,0,0,0,0,0,0,0,-40000,0,0,0,10000,50000,-40000,-40000
05758P,光罩永豐96售02  ,0,0,0,0,0,0,0,0,0,-40000,0,0,0,0,40000,-40000,-40000
059987,大立光元大99購28,0,0,0,0,0,0,0,0,0,-40000,0,0,0,10000,50000,-40000,-40000
059872,華新科凱基01購01,0,0,0,0,0,0,0,0,0,-40000,0,0,0,190000,230000,-40000,-40000
057754,臺股指國票98購10,0,0,0,0,0,0,0,0,0,-40000,0,0,0,0,40000,-40000,-40000
057231,美律凱基98購05  ,0,0,0,0,0,0,0,0,0,-40000,0,0,0,0,40000,-40000,-40000
057163,上銀元大98購04  ,0,0,0,0,0,0,0,0,0,-40000,0,0,0,10000,50000,-40000,-40000
058262,大立光富邦9C購02,0,0,0,0,0,0,0,0,0,-40000,0,0,0,60000,100000,-40000,-40000
057662,上銀元大9A購01  ,0,0,0,0,0,0,0,0,0,-40000,0,0,0,10000,50000,-40000,-40000
057131,奇力新凱基98購05,0,0,0,0,0,0,0,0,0,-40000,0,0,0,10000,50000,-40000,-40000
057125,國巨凱基98購12  ,0,0,0,0,0,0,0,0,0,-40000,0,0,0,0,40000,-40000,-40000
05955P,台光電國票97售02,0,0,0,0,0,0,0,0,0,-40000,0,0,0,0,40000,-40000,-40000
9911,櫻花            ,35000,76000,-41000,0,0,0,0,0,0,1000,1000,0,1000,0,0,0,-40000
1773,勝一            ,25000,65000,-40000,0,0,0,0,0,0,0,0,0,0,0,0,0,-40000
1708,東鹼            ,17000,57000,-40000,0,0,0,0,0,0,0,0,0,0,0,0,0,-40000
1225,福懋油          ,15000,58000,-43000,0,0,0,0,0,0,3000,3000,0,3000,0,0,0,-40000
2704,國賓            ,7000,47000,-40000,0,0,0,0,0,0,0,0,0,0,0,0,0,-40000
2832,台產            ,4000,44000,-40000,0,0,0,0,0,0,0,0,0,0,0,0,0,-40000
06912P,台光電元大99售02,0,0,0,0,0,0,0,0,0,-40000,0,0,0,12000,52000,-40000,-40000
06974P,臺股指元大9A售12,0,0,0,0,0,0,0,0,0,-40000,0,0,0,0,40000,-40000,-40000
07197P,臺股指元大99售13,0,0,0,0,0,0,0,0,0,-40000,0,0,0,5000,45000,-40000,-40000
07355P,臺股指國票99售23,0,0,0,0,0,0,0,0,0,-40000,0,0,0,0,40000,-40000,-40000
07507P,國巨國票9B售02  ,0,0,0,0,0,0,0,0,0,-40000,0,0,0,210000,250000,-40000,-40000
061729,祥碩麥證9A購02  ,0,0,0,117000,158000,-41000,0,0,0,-41000,0,0,0,117000,158000,-41000,-41000
061981,聯發科元大9B購02,0,0,0,0,0,0,0,0,0,-41000,0,0,0,28000,69000,-41000,-41000
061435,元金2X凱基9C購03,0,0,0,0,0,0,0,0,0,-41000,0,0,0,35000,76000,-41000,-41000
060760,南亞科元大9A購04,0,0,0,0,0,0,0,0,0,-41000,0,0,0,16000,57000,-41000,-41000
056169,鴻海元富97購08  ,0,0,0,0,0,0,0,0,0,-41000,0,0,0,41000,82000,-41000,-41000
055230,大毅國票98購01  ,0,0,0,0,0,0,0,0,0,-41000,0,0,0,7000,48000,-41000,-41000
053496,義隆兆豐96購02  ,0,0,0,0,0,0,0,0,0,-41000,0,0,0,0,41000,-41000,-41000
052969,建準群益97購01  ,0,0,0,0,0,0,0,0,0,-41000,0,0,0,63000,104000,-41000,-41000
050601,台表科國泰96購01,0,0,0,0,0,0,0,0,0,-41000,0,0,0,0,41000,-41000,-41000
050673,旺宏富邦96購02  ,0,0,0,0,0,0,0,0,0,-41000,0,0,0,0,41000,-41000,-41000
057280,大立光元大98購15,0,0,0,0,0,0,0,0,0,-41000,0,0,0,9000,50000,-41000,-41000
057003,立積國票98購01  ,0,0,0,0,0,0,0,0,0,-41000,0,0,0,4000,45000,-41000,-41000
058244,神達元大99購02  ,0,0,0,0,0,0,0,0,0,-41000,0,0,0,27000,68000,-41000,-41000
059052,為升凱基99購01  ,0,0,0,0,0,0,0,0,0,-41000,0,0,0,0,41000,-41000,-41000
2314,台揚            ,240000,281000,-41000,0,0,0,0,0,0,0,0,0,0,0,0,0,-41000
07921P,鴻海群益9B售04  ,0,0,0,0,0,0,0,0,0,-41000,0,0,0,0,41000,-41000,-41000
2923,鼎固-KY         ,0,45000,-45000,0,0,0,0,0,0,4000,4000,0,4000,0,0,0,-41000
4766,南寶            ,21000,62000,-41000,0,0,0,0,0,0,0,0,0,0,0,0,0,-41000
4952,凌通            ,9000,50000,-41000,0,0,0,0,0,0,0,0,0,0,0,0,0,-41000
4989,榮科            ,7000,48000,-41000,0,0,0,0,0,0,0,0,0,0,0,0,0,-41000
060661,台積電凱基9A購18,0,0,0,0,0,0,0,0,0,-42000,0,0,0,0,42000,-42000,-42000
060283,台肥元大9C購01  ,0,0,0,0,0,0,0,0,0,-42000,0,0,0,582000,624000,-42000,-42000
060239,國揚元大9C購01  ,0,0,0,0,0,0,0,0,0,-42000,0,0,0,166000,208000,-42000,-42000
06467P,旺宏統一98售01  ,0,0,0,0,0,0,0,0,0,-42000,0,0,0,47000,89000,-42000,-42000
062269,葡萄王群益9B購01,0,0,0,0,0,0,0,0,0,-42000,0,0,0,0,42000,-42000,-42000
05161P,華新科國票96售01,0,0,0,0,0,0,0,0,0,-42000,0,0,0,69000,111000,-42000,-42000
053552,華新科凱基96購08,0,0,0,0,0,0,0,0,0,-42000,0,0,0,0,42000,-42000,-42000
052463,聯電統一96購01  ,0,0,0,0,0,0,0,0,0,-42000,0,0,0,11000,53000,-42000,-42000
054043,漢唐元大97購01  ,0,0,0,0,0,0,0,0,0,-42000,0,0,0,22000,64000,-42000,-42000
053945,國巨富邦98購02  ,0,0,0,0,0,0,0,0,0,-42000,0,0,0,2000,44000,-42000,-42000
059360,全新永豐99購02  ,0,0,0,0,0,0,0,0,0,-42000,0,0,0,13000,55000,-42000,-42000
059232,台灣50凱基03購01,0,0,0,0,0,0,0,0,0,-42000,0,0,0,0,42000,-42000,-42000
058531,華通元富99購01  ,0,0,0,0,0,0,0,0,0,-42000,0,0,0,10000,52000,-42000,-42000
058687,聯茂凱基9A購01  ,0,0,0,0,0,0,0,0,0,-42000,0,0,0,0,42000,-42000,-42000
3028,增你強          ,4000,46000,-42000,0,0,0,0,0,0,0,0,0,0,0,0,0,-42000
1337,再生-KY         ,5000,47000,-42000,0,0,0,0,0,0,0,0,0,0,0,0,0,-42000
1527,鑽全            ,109000,111000,-2000,0,0,0,0,40000,-40000,0,0,0,0,0,0,0,-42000
07546P,玉晶光凱基9A售09,0,0,0,0,0,0,0,0,0,-42000,0,0,0,488000,530000,-42000,-42000
061897,泰碩永豐9B購01  ,0,0,0,0,0,0,0,0,0,-43000,0,0,0,0,43000,-43000,-43000
060656,國巨統一9C購03  ,0,0,0,0,0,0,0,0,0,-43000,0,0,0,2000,45000,-43000,-43000
061401,華擎兆豐9B購01  ,0,0,0,0,0,0,0,0,0,-43000,0,0,0,97000,140000,-43000,-43000
060993,健策元大9B購03  ,0,0,0,0,0,0,0,0,0,-43000,0,0,0,46000,89000,-43000,-43000
061188,大成鋼富邦9B購01,0,0,0,0,0,0,0,0,0,-43000,0,0,0,169000,212000,-43000,-43000
061137,晶技統一9B購01  ,0,0,0,0,0,0,0,0,0,-43000,0,0,0,11000,54000,-43000,-43000
054881,光罩統一97購01  ,0,0,0,0,0,0,0,0,0,-43000,0,0,0,67000,110000,-43000,-43000
055403,泰鼎元富97購01  ,0,0,0,0,0,0,0,0,0,-43000,0,0,0,88000,131000,-43000,-43000
053586,建準元大96購01  ,0,0,0,0,0,0,0,0,0,-43000,0,0,0,21000,64000,-43000,-43000
055653,聯詠元富01購02  ,0,0,0,0,0,0,0,0,0,-43000,0,0,0,267000,310000,-43000,-43000
054717,亞德客永豐97購01,0,0,0,0,0,0,0,0,0,-43000,0,0,0,39000,82000,-43000,-43000
05306P,泰碩國泰97售01  ,0,0,0,0,0,0,0,0,0,-43000,0,0,0,163000,206000,-43000,-43000
059938,凱美永豐99購01  ,0,0,0,0,0,0,0,0,0,-43000,0,0,0,42000,85000,-43000,-43000
056844,欣興元富98購03  ,0,0,0,0,0,0,0,0,0,-43000,0,0,0,17000,60000,-43000,-43000
057466,泰鼎永豐98購01  ,0,0,0,0,0,0,0,0,0,-43000,0,0,0,0,43000,-43000,-43000
057323,智邦群益98購01  ,0,0,0,0,0,0,0,0,0,-43000,0,0,0,11000,54000,-43000,-43000
07841P,臻鼎元大9A售04  ,0,0,0,0,0,0,0,0,0,-43000,0,0,0,3000,46000,-43000,-43000
07791P,奇鋐元大9A售02  ,0,0,0,0,0,0,0,0,0,-43000,0,0,0,96000,139000,-43000,-43000
07120P,聯發科凱基99售09,0,0,0,0,0,0,0,0,0,-43000,0,0,0,0,43000,-43000,-43000
1540,喬福            ,7000,50000,-43000,0,0,0,0,0,0,0,0,0,0,0,0,0,-43000
07901P,臺股指凱基9B售04,0,0,0,0,0,0,0,0,0,-43000,0,0,0,1000,44000,-43000,-43000
5534,長虹            ,73000,116000,-43000,0,0,0,0,0,0,0,4000,4000,0,0,0,0,-43000
4566,時碩工業        ,13000,56000,-43000,0,0,0,0,0,0,0,0,0,0,0,0,0,-43000
061218,臺股指元大9A購55,0,0,0,0,0,0,0,0,0,-44000,0,0,0,0,44000,-44000,-44000
060998,華通兆豐9A購01  ,0,0,0,0,0,0,0,0,0,-44000,0,0,0,32000,76000,-44000,-44000
06090P,旺宏統一97售06  ,0,0,0,0,0,0,0,0,0,-44000,0,0,0,0,44000,-44000,-44000
061471,台積電元大9A購31,0,0,0,0,0,0,0,0,0,-44000,0,0,0,59000,103000,-44000,-44000
061930,臺股指凱基9B購05,0,0,0,0,0,0,0,0,0,-44000,0,0,0,30000,74000,-44000,-44000
03662C,FBVIX凱基03牛01 ,0,0,0,0,0,0,0,0,0,-44000,0,0,0,45000,89000,-44000,-44000
055085,大毅國票97購01  ,0,0,0,0,0,0,0,0,0,-44000,0,0,0,40000,84000,-44000,-44000
059580,大立光元富99購07,0,0,0,0,0,0,0,0,0,-44000,0,0,0,73000,117000,-44000,-44000
057034,道瓊反元大9B購01,0,0,0,0,0,0,0,0,0,-44000,0,0,0,0,44000,-44000,-44000
057834,聯發科元富02購07,0,0,0,0,0,0,0,0,0,-44000,0,0,0,6000,50000,-44000,-44000
057567,嘉聯益富邦9A購01,0,0,0,0,0,0,0,0,0,-44000,0,0,0,495000,539000,-44000,-44000
056674,華邦電元富98購01,0,0,0,0,0,0,0,0,0,-44000,0,0,0,54000,98000,-44000,-44000
2359,所羅門          ,28000,72000,-44000,0,0,0,0,0,0,0,0,0,0,0,0,0,-44000
07114P,旺宏兆豐9A售01  ,0,0,0,0,0,0,0,0,0,-44000,0,0,0,10000,54000,-44000,-44000
07390P,華新科康和99售02,0,0,0,0,0,0,0,0,0,-44000,0,0,0,60000,104000,-44000,-44000
07858P,旺宏永豐9A售03  ,0,0,0,0,0,0,0,0,0,-44000,0,0,0,0,44000,-44000,-44000
062249,台積電元大9B購01,0,0,0,0,0,0,0,0,0,-45000,0,0,0,0,45000,-45000,-45000
061880,台郡元大9B購02  ,0,0,0,0,0,0,0,0,0,-45000,0,0,0,68000,113000,-45000,-45000
061592,義隆永豐9A購03  ,0,0,0,0,0,0,0,0,0,-45000,0,0,0,55000,100000,-45000,-45000
06727P,台光電元大98售05,0,0,0,0,0,0,0,0,0,-45000,0,0,0,23000,68000,-45000,-45000
06832P,玉晶光凱基98售03,0,0,0,0,0,0,0,0,0,-45000,0,0,0,33000,78000,-45000,-45000
061481,嘉澤元大9A購03  ,0,0,0,0,0,0,0,0,0,-45000,0,0,0,297000,342000,-45000,-45000
055049,智邦永豐97購01  ,0,0,0,0,0,0,0,0,0,-45000,0,0,0,42000,87000,-45000,-45000
05606P,TPK國票97售02   ,0,0,0,0,0,0,0,0,0,-45000,0,0,0,0,45000,-45000,-45000
059452,全新永豐99購03  ,0,0,0,0,0,0,0,0,0,-45000,0,0,0,10000,55000,-45000,-45000
053316,友達群益9A購01  ,0,0,0,0,0,0,0,0,0,-45000,0,0,0,31000,76000,-45000,-45000
049973,T50反1日盛9A購01,0,0,0,0,0,0,0,0,0,-45000,0,0,0,0,45000,-45000,-45000
054710,東元元富97購01  ,0,0,0,0,0,0,0,0,0,-45000,0,0,0,105000,150000,-45000,-45000
053500,新日興兆豐97購01,0,0,0,0,0,0,0,0,0,-45000,0,0,0,5000,50000,-45000,-45000
058431,國巨統一9B購01  ,0,0,0,0,0,0,0,0,0,-45000,0,0,0,474000,519000,-45000,-45000
056596,光磊元富98購01  ,0,0,0,0,0,0,0,0,0,-45000,0,0,0,30000,75000,-45000,-45000
059875,信邦凱基99購02  ,0,0,0,0,0,0,0,0,0,-45000,0,0,0,0,45000,-45000,-45000
058943,元石油群益9C購01,0,0,0,0,0,0,0,0,0,-45000,0,0,0,10000,55000,-45000,-45000
07864P,可成元大9B售01  ,0,0,0,0,0,0,0,0,0,-45000,0,0,0,0,45000,-45000,-45000
07741P,滬深2X凱基9B售04,0,0,0,0,0,0,0,0,0,-45000,0,0,0,0,45000,-45000,-45000
07706P,長榮航元大9A售03,0,0,0,0,0,0,0,0,0,-45000,0,0,0,0,45000,-45000,-45000
07879P,瑞昱群益9C售01  ,0,0,0,0,0,0,0,0,0,-45000,0,0,0,0,45000,-45000,-45000
6177,達麗            ,33000,78000,-45000,0,0,0,0,0,0,0,0,0,0,0,0,0,-45000
2385,群光            ,1952000,1943040,8960,0,0,0,0,0,0,-54000,0,57000,-57000,10000,7000,3000,-45040
060561,台積電富邦04購01,0,0,0,0,0,0,0,0,0,-46000,0,0,0,440000,486000,-46000,-46000
06676P,華新科國票98售03,0,0,0,0,0,0,0,0,0,-46000,0,0,0,0,46000,-46000,-46000
062107,台光電國票9B購01,0,0,0,0,0,0,0,0,0,-46000,0,0,0,88000,134000,-46000,-46000
062145,億光國票9B購01  ,0,0,0,0,0,0,0,0,0,-46000,0,0,0,0,46000,-46000,-46000
052488,旺宏國票96購03  ,0,0,0,0,0,0,0,0,0,-46000,0,0,0,0,46000,-46000,-46000
051321,建準國票96購01  ,0,0,0,0,0,0,0,0,0,-46000,0,0,0,0,46000,-46000,-46000
054941,凱美元大97購01  ,0,0,0,0,0,0,0,0,0,-46000,0,0,0,52000,98000,-46000,-46000
056411,緯穎國票99購01  ,0,0,0,0,0,0,0,0,0,-46000,0,0,0,11000,57000,-46000,-46000
058879,智邦富邦99購01  ,0,0,0,0,0,0,0,0,0,-46000,0,0,0,0,46000,-46000,-46000
1507,永大            ,25000,71000,-46000,0,0,0,0,0,0,0,0,0,0,0,0,0,-46000
1612,宏泰            ,1000,47000,-46000,0,0,0,0,0,0,0,0,0,0,0,0,0,-46000
061957,上銀統一01購01  ,0,0,0,0,0,0,0,0,0,-47000,0,0,0,0,47000,-47000,-47000
061649,緯穎元大9A購06  ,0,0,0,0,0,0,0,0,0,-47000,0,0,0,10000,57000,-47000,-47000
06566P,華通永豐98售03  ,0,0,0,0,0,0,0,0,0,-47000,0,0,0,35000,82000,-47000,-47000
060666,聯茂凱基9A購02  ,0,0,0,0,0,0,0,0,0,-47000,0,0,0,131000,178000,-47000,-47000
061551,GIS群益9A購01   ,0,0,0,0,0,0,0,0,0,-47000,0,0,0,126000,173000,-47000,-47000
060939,鴻海國票9A購06  ,0,0,0,0,0,0,0,0,0,-47000,0,0,0,18000,65000,-47000,-47000
055217,緯創凱基97購02  ,0,0,0,0,0,0,0,0,0,-47000,0,0,0,64000,111000,-47000,-47000
055359,超眾凱基97購01  ,0,0,0,0,0,0,0,0,0,-47000,0,0,0,29000,76000,-47000,-47000
00866,新光Shiller CAPE,0,0,0,0,0,0,0,0,0,-47000,0,0,0,0,47000,-47000,-47000
057063,立積國泰9A購01  ,0,0,0,0,0,0,0,0,0,-47000,0,0,0,176000,223000,-47000,-47000
05911P,南亞科永豐96售03,0,0,0,0,0,0,0,0,0,-47000,0,0,0,15000,62000,-47000,-47000
056712,京鼎永豐98購01  ,0,0,0,0,0,0,0,0,0,-47000,0,0,0,50000,97000,-47000,-47000
07769P,國巨國票9A售10  ,0,0,0,0,0,0,0,0,0,-47000,0,0,0,200000,247000,-47000,-47000
9943,好樂迪          ,0,47000,-47000,0,0,0,0,0,0,0,0,0,0,0,0,0,-47000
3532,台勝科          ,333053,297000,36053,0,0,0,0,0,0,-84000,0,24000,-24000,12000,72000,-60000,-47947
061049,奇力新中信9A購02,0,0,0,0,0,0,0,0,0,-48000,0,0,0,0,48000,-48000,-48000
061446,鴻海中信04購01  ,0,0,0,0,0,0,0,0,0,-48000,0,0,0,11000,59000,-48000,-48000
061391,晶技群益9A購02  ,0,0,0,0,0,0,0,0,0,-48000,0,0,0,50000,98000,-48000,-48000
060612,世紀鋼凱基9A購01,0,0,0,0,0,0,0,0,0,-48000,0,0,0,3000,51000,-48000,-48000
06338P,亞德客統一97售02,0,0,0,0,0,0,0,0,0,-48000,0,0,0,1000,49000,-48000,-48000
061645,超眾元大9A購06  ,0,0,0,0,0,0,0,0,0,-48000,0,0,0,50000,98000,-48000,-48000
062190,瀚宇博元大9B購01,0,0,0,0,0,0,0,0,0,-48000,0,0,0,10000,58000,-48000,-48000
054458,復盛群益96購01  ,0,0,0,0,0,0,0,0,0,-48000,0,0,0,50000,98000,-48000,-48000
055170,光磊統一97購01  ,0,0,0,0,0,0,0,0,0,-48000,0,0,0,0,48000,-48000,-48000
054951,大毅元大97購01  ,0,0,0,0,0,0,0,0,0,-48000,0,0,0,34000,82000,-48000,-48000
055844,大毅元大98購01  ,0,0,0,0,0,0,0,0,0,-48000,0,0,0,3000,51000,-48000,-48000
059613,泰鼎永豐99購02  ,0,0,0,0,0,0,0,0,0,-48000,0,0,0,33000,81000,-48000,-48000
058462,台積電兆豐99購01,0,0,0,0,0,0,0,0,0,-48000,0,0,0,200000,248000,-48000,-48000
05853P,欣興群益96售05  ,0,0,0,0,0,0,0,0,0,-48000,0,0,0,55000,103000,-48000,-48000
058322,玉晶光永豐99購02,0,0,0,0,0,0,0,0,0,-48000,0,0,0,174000,222000,-48000,-48000
059867,華邦電凱基99購02,0,0,0,0,0,0,0,0,0,-48000,0,0,0,10000,58000,-48000,-48000
058851,大立光群益99購07,0,0,0,0,0,0,0,0,0,-48000,0,0,0,31000,79000,-48000,-48000
5706,鳳凰            ,5000,53000,-48000,0,0,0,0,0,0,0,0,0,0,0,0,0,-48000
061854,祥碩國票9B購02  ,0,0,0,0,0,0,0,0,0,-49000,0,0,0,34000,83000,-49000,-49000
061742,奇鋐凱基9B購01  ,0,0,0,0,0,0,0,0,0,-49000,0,0,0,0,49000,-49000,-49000
061255,道瓊反凱基9C購01,0,0,0,0,0,0,0,0,0,-49000,0,0,0,1000,50000,-49000,-49000
061204,國巨元大9A購16  ,0,0,0,0,0,0,0,0,0,-49000,0,0,0,12000,61000,-49000,-49000
05500P,臺股指中信96售04,0,0,0,0,0,0,0,0,0,-49000,0,0,0,2000,51000,-49000,-49000
054773,台郡國票98購01  ,0,0,0,0,0,0,0,0,0,-49000,0,0,0,0,49000,-49000,-49000
054547,鴻海凱基98購02  ,0,0,0,0,0,0,0,0,0,-49000,0,0,0,4000,53000,-49000,-49000
052990,超眾元大97購01  ,0,0,0,0,0,0,0,0,0,-49000,0,0,0,0,49000,-49000,-49000
053361,友達元富99購01  ,0,0,0,0,0,0,0,0,0,-49000,0,0,0,1000,50000,-49000,-49000
057321,台泥群益98購01  ,0,0,0,0,0,0,0,0,0,-49000,0,0,0,1000,50000,-49000,-49000
056536,義隆凱基98購04  ,0,0,0,0,0,0,0,0,0,-49000,0,0,0,6000,55000,-49000,-49000
057462,光磊永豐98購02  ,0,0,0,0,0,0,0,0,0,-49000,0,0,0,10000,59000,-49000,-49000
058523,聯茂元大99購08  ,0,0,0,0,0,0,0,0,0,-49000,0,0,0,111000,160000,-49000,-49000
058572,百和凱基9A購01  ,0,0,0,0,0,0,0,0,0,-49000,0,0,0,0,49000,-49000,-49000
07573P,國巨元大9A售11  ,0,0,0,0,0,0,0,0,0,-49000,0,0,0,201000,250000,-49000,-49000
061110,超眾元大9A購03  ,0,0,0,0,0,0,0,0,0,-50000,0,0,0,0,50000,-50000,-50000
060942,智邦國票9A購02  ,0,0,0,0,0,0,0,0,0,-50000,0,0,0,207000,257000,-50000,-50000
061324,華新科凱基9C購01,0,0,0,0,0,0,0,0,0,-50000,0,0,0,150000,200000,-50000,-50000
061340,義隆元大9A購01  ,0,0,0,0,0,0,0,0,0,-50000,0,0,0,30000,80000,-50000,-50000
061337,台積電元大9A購27,0,0,0,0,0,0,0,0,0,-50000,0,0,0,0,50000,-50000,-50000
061338,台積電元大9A購28,0,0,0,0,0,0,0,0,0,-50000,0,0,0,0,50000,-50000,-50000
061422,台積電元大9A購30,0,0,0,0,0,0,0,0,0,-50000,0,0,0,0,50000,-50000,-50000
060570,南亞科永豐9A購01,0,0,0,0,0,0,0,0,0,-50000,0,0,0,0,50000,-50000,-50000
060286,佳世達元大9C購01,0,0,0,0,0,0,0,0,0,-50000,0,0,0,0,50000,-50000,-50000
059979,台積電元大99購49,0,0,0,0,0,0,0,0,0,-50000,0,0,0,10000,60000,-50000,-50000
059981,聯發科元大99購36,0,0,0,0,0,0,0,0,0,-50000,0,0,0,0,50000,-50000,-50000
060505,友達元大9C購05  ,0,0,0,0,0,0,0,0,0,-50000,0,0,0,0,50000,-50000,-50000
05983P,聯詠國票96售02  ,0,0,0,0,0,0,0,0,0,-50000,0,0,0,0,50000,-50000,-50000
061637,華新科元大9A購22,0,0,0,0,0,0,0,0,0,-50000,0,0,0,0,50000,-50000,-50000
061684,T50反1群益9A購06,100000,0,100000,0,0,0,0,0,0,-150000,0,0,0,10000,160000,-150000,-50000
062122,國巨統一02購01  ,0,0,0,0,0,0,0,0,0,-50000,0,0,0,170000,220000,-50000,-50000
061973,上銀元大9B購01  ,0,0,0,0,0,0,0,0,0,-50000,0,0,0,0,50000,-50000,-50000
062074,旺宏元大9B購04  ,0,0,0,0,0,0,0,0,0,-50000,0,0,0,13000,63000,-50000,-50000
062448,健策元大9C購04  ,0,0,0,0,0,0,0,0,0,-50000,0,0,0,10000,60000,-50000,-50000
06556P,臺股指元大99售08,0,0,0,0,0,0,0,0,0,-50000,0,0,0,0,50000,-50000,-50000
06551P,貿聯元大98售05  ,0,0,0,0,0,0,0,0,0,-50000,0,0,0,0,50000,-50000,-50000
053375,鴻海元大96購18  ,0,0,0,0,0,0,0,0,0,-50000,0,0,0,0,50000,-50000,-50000
053223,台郡凱基96購02  ,0,0,0,0,0,0,0,0,0,-50000,0,0,0,0,50000,-50000,-50000
053246,聯詠國票97購02  ,0,0,0,0,0,0,0,0,0,-50000,0,0,0,0,50000,-50000,-50000
051532,潤泰全國票96購01,0,0,0,0,0,0,0,0,0,-50000,0,0,0,0,50000,-50000,-50000
048187,臺指反元大96購04,0,0,0,0,0,0,0,0,0,-50000,0,0,0,0,50000,-50000,-50000
04881P,高股息凱基96售01,0,0,0,0,0,0,0,0,0,-50000,0,0,0,0,50000,-50000,-50000
03412P,滬深2X群益98售01,0,0,0,0,0,0,0,0,0,-50000,0,0,0,0,50000,-50000,-50000
052941,康控兆豐97購01  ,0,0,0,0,0,0,0,0,0,-50000,0,0,0,0,50000,-50000,-50000
052546,友達中信98購01  ,0,0,0,0,0,0,0,0,0,-50000,0,0,0,100000,150000,-50000,-50000
053523,T50反1中信9A購01,0,0,0,0,0,0,0,0,0,-50000,0,0,0,0,50000,-50000,-50000
051696,新日興中信96購01,0,0,0,0,0,0,0,0,0,-50000,0,0,0,0,50000,-50000,-50000
051991,泰碩元大95購02  ,0,0,0,0,0,0,0,0,0,-50000,0,0,0,0,50000,-50000,-50000
052452,茂林元大95購03  ,0,0,0,0,0,0,0,0,0,-50000,0,0,0,50000,100000,-50000,-50000
052234,GIS凱基97購01   ,0,0,0,0,0,0,0,0,0,-50000,0,0,0,0,50000,-50000,-50000
054589,聯鈞國泰99購01  ,0,0,0,0,0,0,0,0,0,-50000,0,0,0,0,50000,-50000,-50000
055021,亞德客國泰98購01,0,0,0,0,0,0,0,0,0,-50000,0,0,0,0,50000,-50000,-50000
053970,聯發科元大97購08,0,0,0,0,0,0,0,0,0,-50000,0,0,0,1000,51000,-50000,-50000
054223,大立光統一98購04,0,0,0,0,0,0,0,0,0,-50000,0,0,0,0,50000,-50000,-50000
054279,揚明光群益98購01,0,0,0,0,0,0,0,0,0,-50000,0,0,0,0,50000,-50000,-50000
053745,康友國票97購01  ,0,0,0,0,0,0,0,0,0,-50000,0,0,0,0,50000,-50000,-50000
055827,中石化元大98購01,0,0,0,0,0,0,0,0,0,-50000,0,0,0,0,50000,-50000,-50000
058587,台積電中信9C購03,0,0,0,0,0,0,0,0,0,-50000,0,0,0,0,50000,-50000,-50000
058591,台灣50統一9B購02,0,0,0,0,0,0,0,0,0,-50000,0,0,0,0,50000,-50000,-50000
058524,超眾元大99購04  ,0,0,0,0,0,0,0,0,0,-50000,0,0,0,70000,120000,-50000,-50000
058725,美律富邦9A購01  ,0,0,0,0,0,0,0,0,0,-50000,0,0,0,408000,458000,-50000,-50000
058471,台積電日盛9C購01,0,0,0,0,0,0,0,0,0,-50000,0,0,0,250000,300000,-50000,-50000
056673,中石化元富9B購01,0,0,0,0,0,0,0,0,0,-50000,0,0,0,2000,52000,-50000,-50000
056668,光磊國票99購01  ,0,0,0,0,0,0,0,0,0,-50000,0,0,0,27000,77000,-50000,-50000
059986,宏達電元大99購08,0,0,0,0,0,0,0,0,0,-50000,0,0,0,0,50000,-50000,-50000
060101,大立光元大99購31,0,0,0,0,0,0,0,0,0,-50000,0,0,0,0,50000,-50000,-50000
060108,泰鼎元大99購04  ,0,0,0,0,0,0,0,0,0,-50000,0,0,0,1000,51000,-50000,-50000
056259,T50反1統一9A購01,0,0,0,0,0,0,0,0,0,-50000,0,0,0,0,50000,-50000,-50000
058224,世芯統一9B購02  ,0,0,0,0,0,0,0,0,0,-50000,0,0,0,41000,91000,-50000,-50000
057162,上銀元大98購03  ,0,0,0,0,0,0,0,0,0,-50000,0,0,0,0,50000,-50000,-50000
057196,茂林台新98購01  ,0,0,0,0,0,0,0,0,0,-50000,0,0,0,0,50000,-50000,-50000
056551,台郡凱基98購04  ,0,0,0,0,0,0,0,0,0,-50000,0,0,0,0,50000,-50000,-50000
057789,上銀統一9A購01  ,0,0,0,0,0,0,0,0,0,-50000,0,0,0,0,50000,-50000,-50000
057817,景碩元大98購01  ,0,0,0,0,0,0,0,0,0,-50000,0,0,0,14000,64000,-50000,-50000
057877,神達元大99購01  ,0,0,0,0,0,0,0,0,0,-50000,0,0,0,0,50000,-50000,-50000
057284,新日興元大98購03,0,0,0,0,0,0,0,0,0,-50000,0,0,0,0,50000,-50000,-50000
058966,元油2X日盛99購03,0,0,0,0,0,0,0,0,0,-50000,0,0,0,0,50000,-50000,-50000
057024,義隆凱基99購01  ,0,0,0,0,0,0,0,0,0,-50000,0,0,0,0,50000,-50000,-50000
057007,奇力新中信98購04,0,0,0,0,0,0,0,0,0,-50000,0,0,0,0,50000,-50000,-50000
057373,大立光元大98購17,0,0,0,0,0,0,0,0,0,-50000,0,0,0,0,50000,-50000,-50000
057419,奇力新凱基98購06,0,0,0,0,0,0,0,0,0,-50000,0,0,0,0,50000,-50000,-50000
07699P,臺股指元大9A售52,0,0,0,0,0,0,0,0,0,-50000,0,0,0,0,50000,-50000,-50000
07264P,台積電元大99售38,0,0,0,0,0,0,0,0,0,-50000,0,0,0,0,50000,-50000,-50000
07143P,FBVIX元大99售02 ,0,0,0,0,0,0,0,0,0,-50000,0,0,0,0,50000,-50000,-50000
07888P,大立光國票9B售01,0,0,0,0,0,0,0,0,0,-50000,0,0,0,0,50000,-50000,-50000
2362,藍天            ,32000,89000,-57000,0,0,0,0,0,0,7000,7000,0,7000,0,0,0,-50000
3607,谷崧            ,7000,57000,-50000,0,0,0,0,0,0,0,0,0,0,0,0,0,-50000
062456,台積電群益9B購05,0,0,0,0,0,0,0,0,0,-51000,0,0,0,0,51000,-51000,-51000
062072,國巨元大9B購05  ,0,0,0,0,0,0,0,0,0,-51000,0,0,0,3000,54000,-51000,-51000
061937,聯發科國票9B購02,0,30000,-30000,0,0,0,0,0,0,-21000,0,0,0,219000,240000,-21000,-51000
062217,旺宏統一9C購01  ,0,0,0,0,0,0,0,0,0,-51000,0,0,0,0,51000,-51000,-51000
061683,台灣50群益9B購09,0,0,0,0,0,0,0,0,0,-51000,0,0,0,0,51000,-51000,-51000
061764,旺宏元大9B購01  ,0,0,0,0,0,0,0,0,0,-51000,0,0,0,0,51000,-51000,-51000
055449,超眾統一9A購01  ,0,0,0,0,0,0,0,0,0,-51000,0,0,0,7000,58000,-51000,-51000
056136,京鼎元大98購01  ,0,0,0,0,0,0,0,0,0,-51000,0,0,0,55000,106000,-51000,-51000
050894,旺宏元大96購03  ,0,0,0,0,0,0,0,0,0,-51000,0,0,0,1000,52000,-51000,-51000
053134,南亞科國票97購01,0,0,0,0,0,0,0,0,0,-51000,0,0,0,0,51000,-51000,-51000
05809P,臺股指國票96售02,0,0,0,0,0,0,0,0,0,-51000,0,0,0,0,51000,-51000,-51000
057374,禾伸堂元大99購03,0,0,0,0,0,0,0,0,0,-51000,0,0,0,6000,57000,-51000,-51000
058204,世芯凱基9A購01  ,0,0,0,0,0,0,0,0,0,-51000,0,0,0,188000,239000,-51000,-51000
058768,南港兆豐99購01  ,0,0,0,0,0,0,0,0,0,-51000,0,0,0,0,51000,-51000,-51000
05851P,力山群益97售01  ,0,0,0,0,0,0,0,0,0,-51000,0,0,0,13000,64000,-51000,-51000
07025P,玉晶光凱基99售01,0,0,0,0,0,0,0,0,0,-51000,0,0,0,0,51000,-51000,-51000
07202P,台灣50凱基9C售04,0,0,0,0,0,0,0,0,0,-51000,0,0,0,20000,71000,-51000,-51000
07559P,祥碩元大9A售03  ,0,0,0,0,0,0,0,0,0,-51000,0,0,0,107000,158000,-51000,-51000
07536P,華新科元富9A售04,0,0,0,0,0,0,0,0,0,-51000,0,0,0,33000,84000,-51000,-51000
061665,旺宏中信9C購01  ,0,0,0,0,0,0,0,0,0,-52000,0,0,0,270000,322000,-52000,-52000
062156,美律凱基9B購01  ,0,0,0,0,0,0,0,0,0,-52000,0,0,0,0,52000,-52000,-52000
062348,聯發科群益9B購06,0,0,0,0,0,0,0,0,0,-52000,0,0,0,29000,81000,-52000,-52000
060463,台積電元大9A購10,0,0,0,0,0,0,0,0,0,-52000,0,0,0,0,52000,-52000,-52000
051561,玉晶光國泰97購04,0,0,0,0,0,0,0,0,0,-52000,0,0,0,68000,120000,-52000,-52000
054339,聯詠統一96購02  ,0,0,0,0,0,0,0,0,0,-52000,0,0,0,48000,100000,-52000,-52000
055740,智易元富97購01  ,0,0,0,0,0,0,0,0,0,-52000,0,0,0,18000,70000,-52000,-52000
056684,旺宏統一98購02  ,0,0,0,0,0,0,0,0,0,-52000,0,0,0,0,52000,-52000,-52000
060154,堤維西永豐9A購01,0,0,0,0,0,0,0,0,0,-52000,0,0,0,3000,55000,-52000,-52000
057746,同欣電永豐98購02,0,0,0,0,0,0,0,0,0,-52000,0,0,0,0,52000,-52000,-52000
057174,南亞科元大98購05,0,0,0,0,0,0,0,0,0,-52000,0,0,0,16000,68000,-52000,-52000
057075,嘉聯益永豐98購01,0,0,0,0,0,0,0,0,0,-52000,0,0,0,16000,68000,-52000,-52000
058007,南電群益98購02  ,0,0,0,0,0,0,0,0,0,-52000,0,0,0,36000,88000,-52000,-52000
05958P,聯發科國票97售04,0,0,0,0,0,0,0,0,0,-52000,0,0,0,0,52000,-52000,-52000
2380,虹光            ,8000,60000,-52000,0,0,0,0,0,0,0,0,0,0,0,0,0,-52000
1442,名軒            ,1000,53000,-52000,0,0,0,0,0,0,0,0,0,0,0,0,0,-52000
060280,元金2X元大9A購01,0,0,0,0,0,0,0,0,0,-53000,0,0,0,0,53000,-53000,-53000
06083P,華通統一98售02  ,0,0,0,0,0,0,0,0,0,-53000,0,0,0,8000,61000,-53000,-53000
06489P,台積電元富98售06,0,0,0,0,0,0,0,0,0,-53000,0,0,0,299000,352000,-53000,-53000
062021,康控永豐9B購01  ,0,0,0,0,0,0,0,0,0,-53000,0,0,0,4000,57000,-53000,-53000
00666R,富邦恒生國企反1 ,0,2000,-2000,0,0,0,0,0,0,-51000,0,0,0,85000,136000,-51000,-53000
053502,智伸科兆豐97購01,0,0,0,0,0,0,0,0,0,-53000,0,0,0,0,53000,-53000,-53000
058008,禾伸堂國票99購02,0,0,0,0,0,0,0,0,0,-53000,0,0,0,13000,66000,-53000,-53000
05886P,華通元富96售01  ,0,0,0,0,0,0,0,0,0,-53000,0,0,0,0,53000,-53000,-53000
056213,建準國票98購02  ,0,0,0,0,0,0,0,0,0,-53000,0,0,0,0,53000,-53000,-53000
057539,南茂元大98購02  ,0,0,0,0,0,0,0,0,0,-53000,0,0,0,123000,176000,-53000,-53000
1810,和成            ,0,53000,-53000,0,0,0,0,0,0,0,0,0,0,0,0,0,-53000
07917P,可成永豐9B售01  ,0,0,0,0,0,0,0,0,0,-53000,0,0,0,0,53000,-53000,-53000
07180P,臺股指凱基99售22,0,0,0,0,0,0,0,0,0,-53000,0,0,0,0,53000,-53000,-53000
3015,全漢            ,17000,70000,-53000,0,0,0,0,0,0,0,0,0,0,0,0,0,-53000
062116,元金2X第一9B購01,0,0,0,0,0,0,0,0,0,-54000,0,0,0,110000,164000,-54000,-54000
06783P,亞光元大98售03  ,0,0,0,0,0,0,0,0,0,-54000,0,0,0,15000,69000,-54000,-54000
060673,旺宏元大9A購04  ,0,0,0,0,0,0,0,0,0,-54000,0,0,0,0,54000,-54000,-54000
060170,世紀鋼永豐9A購01,0,0,0,0,0,0,0,0,0,-54000,0,0,0,2000,56000,-54000,-54000
060432,達方永豐9A購01  ,0,0,0,0,0,0,0,0,0,-54000,0,0,0,15000,69000,-54000,-54000
053006,玉晶光永豐96購03,0,0,0,0,0,0,0,0,0,-54000,0,0,0,26000,80000,-54000,-54000
053347,茂林國票98購01  ,0,0,0,0,0,0,0,0,0,-54000,0,0,0,0,54000,-54000,-54000
055108,智邦凱基98購01  ,0,0,0,0,0,0,0,0,0,-54000,0,0,0,20000,74000,-54000,-54000
054158,國巨日盛99購01  ,0,0,0,0,0,0,0,0,0,-54000,0,0,0,27000,81000,-54000,-54000
060089,台積電元大99購54,0,0,0,0,0,0,0,0,0,-54000,0,0,0,1000,55000,-54000,-54000
059944,欣興永豐99購03  ,0,0,0,0,0,0,0,0,0,-54000,0,0,0,5000,59000,-54000,-54000
058104,國巨統一9A購04  ,0,0,0,0,0,0,0,0,0,-54000,0,0,0,50000,104000,-54000,-54000
3583,辛耘            ,11000,65000,-54000,0,0,0,0,0,0,0,0,0,0,0,0,0,-54000
3209,全科            ,8000,62000,-54000,0,0,0,0,0,0,0,0,0,0,0,0,0,-54000
6024,群益期          ,31000,85000,-54000,0,0,0,0,0,0,0,0,0,0,0,0,0,-54000
07657P,技嘉凱基9A售03  ,0,0,0,0,0,0,0,0,0,-54000,0,0,0,22000,76000,-54000,-54000
07719P,臺股指群益9A售08,0,0,0,0,0,0,0,0,0,-54000,0,0,0,31000,85000,-54000,-54000
07819P,旺宏國票9B售01  ,0,0,0,0,0,0,0,0,0,-54000,0,0,0,10000,64000,-54000,-54000
060905,台積電元大9A購20,0,0,0,0,0,0,0,0,0,-55000,0,0,0,0,55000,-55000,-55000
060774,南亞科凱基9A購01,0,0,0,0,0,0,0,0,0,-55000,0,0,0,5000,60000,-55000,-55000
060759,南亞科元大9A購03,0,0,0,0,0,0,0,0,0,-55000,0,0,0,13000,68000,-55000,-55000
061479,泰碩元大9A購02  ,0,0,0,0,0,0,0,0,0,-55000,0,0,0,37000,92000,-55000,-55000
06571P,欣興永豐98售03  ,0,0,0,0,0,0,0,0,0,-55000,0,0,0,0,55000,-55000,-55000
06681P,致茂元大98售02  ,0,0,0,0,0,0,0,0,0,-55000,0,0,0,40000,95000,-55000,-55000
056093,大毅元富97購01  ,0,0,0,0,0,0,0,0,0,-55000,0,0,0,0,55000,-55000,-55000
053368,京元電富邦98購01,0,0,0,0,0,0,0,0,0,-55000,0,0,0,5000,60000,-55000,-55000
05152P,玉晶光群益96售05,0,0,0,0,0,0,0,0,0,-55000,0,0,0,10000,65000,-55000,-55000
052577,台積電統一96購01,0,0,0,0,0,0,0,0,0,-55000,0,0,0,5000,60000,-55000,-55000
054739,義隆凱基98購02  ,0,0,0,0,0,0,0,0,0,-55000,0,0,0,0,55000,-55000,-55000
052299,T50反1台新05購03,0,0,0,0,0,0,0,0,0,-55000,0,0,0,0,55000,-55000,-55000
058062,上銀中信98購01  ,0,0,0,0,0,0,0,0,0,-55000,0,0,0,5000,60000,-55000,-55000
060016,廣達康和99購01  ,0,0,0,0,0,0,0,0,0,-55000,0,0,0,47000,102000,-55000,-55000
058783,臺股指國票99購02,0,0,0,0,0,0,0,0,0,-55000,0,0,0,0,55000,-55000,-55000
07247P,聯發科凱基9A售06,0,0,0,0,0,0,0,0,0,-55000,0,0,0,150000,205000,-55000,-55000
07981P,上銀群益9B售04  ,0,0,0,0,0,0,0,0,0,-55000,0,0,0,0,55000,-55000,-55000
1447,力鵬            ,48000,103000,-55000,0,0,0,0,0,0,0,0,0,0,0,0,0,-55000
4108,懷特            ,31000,86000,-55000,0,0,0,0,0,0,0,0,0,0,0,0,0,-55000
6605,帝寶            ,4000,59000,-55000,0,0,0,0,0,0,0,0,0,0,0,0,0,-55000
061550,聯鈞群益9A購03  ,0,0,0,0,0,0,0,0,0,-56000,0,0,0,44000,100000,-56000,-56000
061019,大毅國票9A購01  ,0,0,0,0,0,0,0,0,0,-56000,0,0,0,2000,58000,-56000,-56000
060757,台積電元大9A購18,0,0,0,0,0,0,0,0,0,-56000,0,0,0,5000,61000,-56000,-56000
055639,上銀元富97購02  ,0,0,0,0,0,0,0,0,0,-56000,0,0,0,106000,162000,-56000,-56000
03446B,臺股指元大9B熊26,0,0,0,0,0,0,0,0,0,-56000,0,0,0,0,56000,-56000,-56000
00681R,元大美債20反1   ,0,0,0,0,0,0,0,0,0,-56000,0,0,0,0,56000,-56000,-56000
03434B,臺股指元大99熊10,0,0,0,0,0,0,0,0,0,-56000,0,0,0,0,56000,-56000,-56000
056083,億光統一97購03  ,0,0,0,0,0,0,0,0,0,-56000,0,0,0,0,56000,-56000,-56000
059395,T50反1元富99購03,0,0,0,0,0,0,0,0,0,-56000,0,0,0,208000,264000,-56000,-56000
060104,新日興元大99購03,0,0,0,0,0,0,0,0,0,-56000,0,0,0,6000,62000,-56000,-56000
057334,技嘉國票98購02  ,0,0,0,0,0,0,0,0,0,-56000,0,0,0,57000,113000,-56000,-56000
057985,華通元富02購03  ,0,0,0,0,0,0,0,0,0,-56000,0,0,0,0,56000,-56000,-56000
8249,菱光            ,15000,71000,-56000,0,0,0,0,0,0,0,0,0,0,0,0,0,-56000
9955,佳龍            ,12000,68000,-56000,0,0,0,0,0,0,0,0,0,0,0,0,0,-56000
2642,宅配通          ,28000,99000,-71000,0,0,0,0,0,0,15000,15000,0,15000,0,0,0,-56000
07162P,臺股指群益99售13,0,0,0,0,0,0,0,0,0,-56000,0,0,0,368000,424000,-56000,-56000
07833P,大立光群益9B售02,0,0,0,0,0,0,0,0,0,-56000,0,0,0,0,56000,-56000,-56000
07707P,玉山金元大9A售03,0,0,0,0,0,0,0,0,0,-56000,0,0,0,0,56000,-56000,-56000
060778,臺股指凱基9A購06,0,0,0,0,0,0,0,0,0,-57000,0,0,0,41000,98000,-57000,-57000
061215,健策元大9A購06  ,0,0,0,0,0,0,0,0,0,-57000,0,0,0,20000,77000,-57000,-57000
061651,世紀鋼元大9C購02,0,0,0,0,0,0,0,0,0,-57000,0,0,0,5000,62000,-57000,-57000
055077,臺股指永豐97購02,0,0,0,0,0,0,0,0,0,-57000,0,0,0,0,57000,-57000,-57000
058035,旭富永豐98購02  ,0,0,0,0,0,0,0,0,0,-57000,0,0,0,414000,471000,-57000,-57000
057100,國巨中信9A購02  ,0,0,0,0,0,0,0,0,0,-57000,0,0,0,20000,77000,-57000,-57000
060033,臻鼎永豐99購01  ,0,0,0,0,0,0,0,0,0,-57000,0,0,0,25000,82000,-57000,-57000
056209,超眾永豐97購02  ,0,0,0,0,0,0,0,0,0,-57000,0,0,0,90000,147000,-57000,-57000
058399,美律元大99購05  ,0,0,0,0,0,0,0,0,0,-57000,0,0,0,377000,434000,-57000,-57000
059095,訊芯元大99購01  ,0,0,0,0,0,0,0,0,0,-57000,0,0,0,21000,78000,-57000,-57000
2480,敦陽科          ,115000,173000,-58000,0,0,0,0,0,0,1000,1000,0,1000,0,0,0,-57000
1339,昭輝            ,21000,78000,-57000,0,0,0,0,0,0,0,0,0,0,0,0,0,-57000
9924,福興            ,1000,58000,-57000,0,0,0,0,0,0,0,0,0,0,0,0,0,-57000
6449,鈺邦            ,1000,58000,-57000,0,0,0,0,0,0,0,1000,1000,0,0,0,0,-57000
06655P,TPK元大98售02   ,0,0,0,0,0,0,0,0,0,-58000,0,0,0,0,58000,-58000,-58000
061418,世紀鋼群益9A購02,0,0,0,0,0,0,0,0,0,-58000,0,0,0,207000,265000,-58000,-58000
060856,健策富邦9B購02  ,0,0,0,0,0,0,0,0,0,-58000,0,0,0,10000,68000,-58000,-58000
060876,國巨中信9A購04  ,0,0,0,0,0,0,0,0,0,-58000,0,0,0,59000,117000,-58000,-58000
060698,旺宏國泰9C購01  ,0,0,0,0,0,0,0,0,0,-58000,0,0,0,10000,68000,-58000,-58000
054827,宏全元大9A購01  ,0,0,0,0,0,0,0,0,0,-58000,0,0,0,10000,68000,-58000,-58000
051635,大立光國票96購04,0,0,0,0,0,0,0,0,0,-58000,0,0,0,0,58000,-58000,-58000
060052,宏碁凱基99購01  ,0,0,0,0,0,0,0,0,0,-58000,0,0,0,67000,125000,-58000,-58000
060129,祥碩永豐99購03  ,0,0,0,0,0,0,0,0,0,-58000,0,0,0,21000,79000,-58000,-58000
057862,智邦凱基99購01  ,0,0,0,0,0,0,0,0,0,-58000,0,0,0,66000,124000,-58000,-58000
056483,TPK元大98購01   ,0,0,0,0,0,0,0,0,0,-58000,0,0,0,70000,128000,-58000,-58000
058192,訊芯永豐99購01  ,0,0,0,0,0,0,0,0,0,-58000,0,0,0,10000,68000,-58000,-58000
6235,華孚            ,6000,64000,-58000,0,0,0,0,0,0,0,0,0,0,0,0,0,-58000
2015,豐興            ,20000,78000,-58000,0,0,0,0,0,0,0,0,0,0,0,0,0,-58000
07634P,金像電元大9A售01,0,0,0,0,0,0,0,0,0,-58000,0,0,0,215000,273000,-58000,-58000
07605P,台灣50元大9B售10,0,0,0,0,0,0,0,0,0,-58000,0,0,0,18000,76000,-58000,-58000
060712,建準永豐9A購01  ,0,0,0,0,0,0,0,0,0,-59000,0,0,0,6000,65000,-59000,-59000
062183,奇鋐元大9B購01  ,0,0,0,0,0,0,0,0,0,-59000,0,0,0,36000,95000,-59000,-59000
062029,牧德群益9B購03  ,0,0,0,0,0,0,0,0,0,-59000,0,0,0,45000,104000,-59000,-59000
050014,國巨富邦98購01  ,0,0,0,0,0,0,0,0,0,-59000,0,0,0,0,59000,-59000,-59000
054930,群電凱基98購01  ,0,0,0,0,0,0,0,0,0,-59000,0,0,0,10000,69000,-59000,-59000
058629,嘉晶國票9A購01  ,0,0,0,0,0,0,0,0,0,-59000,0,0,0,20000,79000,-59000,-59000
058498,世紀鋼群益99購01,0,0,0,0,0,0,0,0,0,-59000,0,0,0,0,59000,-59000,-59000
2404,漢唐            ,288000,367000,-79000,0,0,0,0,0,0,20000,4000,0,4000,40000,24000,16000,-59000
2431,聯昌            ,0,59000,-59000,0,0,0,0,0,0,0,0,0,0,0,0,0,-59000
1307,三芳            ,0,59000,-59000,0,0,0,0,0,0,0,0,0,0,0,0,0,-59000
061620,禾伸堂群益9A購02,0,0,0,0,0,0,0,0,0,-60000,0,0,0,93000,153000,-60000,-60000
061677,泰碩元大9A購05  ,0,0,0,0,0,0,0,0,0,-60000,0,0,0,0,60000,-60000,-60000
061806,元黃金統一9B購01,0,0,0,0,0,0,0,0,0,-60000,0,0,0,0,60000,-60000,-60000
061868,旺宏元大9B購03  ,0,0,0,0,0,0,0,0,0,-60000,0,0,0,13000,73000,-60000,-60000
06848P,聯詠元大98售04  ,0,0,0,0,0,0,0,0,0,-60000,0,0,0,10000,70000,-60000,-60000
06444P,大立光凱基98售08,0,0,0,0,0,0,0,0,0,-60000,0,0,0,0,60000,-60000,-60000
061558,旺宏國票9B購02  ,0,0,0,0,0,0,0,0,0,-60000,0,0,0,0,60000,-60000,-60000
054902,億光康和97購01  ,0,0,0,0,0,0,0,0,0,-60000,0,0,0,0,60000,-60000,-60000
05590P,臺股指中信96售05,0,0,0,0,0,0,0,0,0,-60000,0,0,0,104000,164000,-60000,-60000
054834,帆宣中信97購01  ,0,0,0,0,0,0,0,0,0,-60000,0,0,0,0,60000,-60000,-60000
059021,台積電統一9B購07,0,0,0,0,0,0,0,0,0,-60000,0,0,0,1000,61000,-60000,-60000
05871P,全新凱基96售04  ,0,0,0,0,0,0,0,0,0,-60000,0,0,0,0,60000,-60000,-60000
059955,美食康和99購01  ,0,0,0,0,0,0,0,0,0,-60000,0,0,0,0,60000,-60000,-60000
059894,台灣50元大9C購19,0,0,0,0,0,0,0,0,0,-60000,0,0,0,0,60000,-60000,-60000
05793P,臺股指中信99售08,0,0,0,0,0,0,0,0,0,-60000,0,0,0,0,60000,-60000,-60000
057647,欣興元大98購10  ,0,0,0,0,0,0,0,0,0,-60000,0,0,0,0,60000,-60000,-60000
057040,國巨元大98購12  ,0,0,0,0,0,0,0,0,0,-60000,0,0,0,3000,63000,-60000,-60000
057408,台郡群益98購01  ,0,0,0,0,0,0,0,0,0,-60000,0,0,0,0,60000,-60000,-60000
056477,欣興元大98購02  ,0,0,0,0,0,0,0,0,0,-60000,0,0,0,3000,63000,-60000,-60000
07903P,台積電群益9B售03,0,0,0,0,0,0,0,0,0,-60000,0,0,0,3000,63000,-60000,-60000
2459,敦吉            ,12000,73000,-61000,0,0,0,0,0,0,1000,1000,0,1000,0,0,0,-60000
2609,陽明            ,207000,267000,-60000,0,0,0,0,0,0,0,0,0,0,0,0,0,-60000
07505P,台勝科元大9A售01,0,0,0,0,0,0,0,0,0,-60000,0,0,0,10000,70000,-60000,-60000
07228P,台灣50群益9B售06,0,0,0,0,0,0,0,0,0,-60000,0,0,0,66000,126000,-60000,-60000
9930,中聯資源        ,1000,61000,-60000,0,0,0,0,0,0,0,0,0,0,0,0,0,-60000
061224,道瓊反中信01購01,0,0,0,0,0,0,0,0,0,-61000,0,0,0,0,61000,-61000,-61000
060992,健策元大9A購05  ,0,0,0,0,0,0,0,0,0,-61000,0,0,0,39000,100000,-61000,-61000
060886,國巨統一01購03  ,0,1000,-1000,0,0,0,0,0,0,-60000,0,0,0,1000,61000,-60000,-61000
061643,嘉澤元大9A購05  ,0,0,0,0,0,0,0,0,0,-61000,0,0,0,237000,298000,-61000,-61000
055684,京鼎凱基97購01  ,0,0,0,0,0,0,0,0,0,-61000,0,0,0,83000,144000,-61000,-61000
049820,世紀鋼元大96購03,0,0,0,0,0,0,0,0,0,-61000,0,0,0,0,61000,-61000,-61000
04462P,全新元富96售01  ,0,0,0,0,0,0,0,0,0,-61000,0,0,0,0,61000,-61000,-61000
056332,台郡國票99購01  ,0,0,0,0,0,0,0,0,0,-61000,0,0,0,9000,70000,-61000,-61000
059005,嘉晶元大99購06  ,0,0,0,0,0,0,0,0,0,-61000,0,0,0,290000,351000,-61000,-61000
058427,大毅元富99購01  ,0,0,0,0,0,0,0,0,0,-61000,0,0,0,20000,81000,-61000,-61000
2390,云辰            ,23000,84000,-61000,0,0,0,0,0,0,0,0,0,0,0,0,0,-61000
1526,日馳            ,26000,87000,-61000,0,0,0,0,0,0,0,0,0,0,0,0,0,-61000
062205,奇力新國票9C購01,0,0,0,0,0,0,0,0,0,-62000,0,0,0,16000,78000,-62000,-62000
062307,華通凱基9C購01  ,0,0,0,0,0,0,0,0,0,-62000,0,0,0,0,62000,-62000,-62000
052083,S&P反1元大97購02,0,0,0,0,0,0,0,0,0,-62000,0,0,0,0,62000,-62000,-62000
055360,台表科凱基97購02,0,0,0,0,0,0,0,0,0,-62000,0,0,0,50000,112000,-62000,-62000
055295,瀚宇博元大97購02,0,0,0,0,0,0,0,0,0,-62000,0,0,0,117000,179000,-62000,-62000
058704,台積電元大99購17,0,0,0,0,0,0,0,0,0,-62000,0,0,0,0,62000,-62000,-62000
07907P,台灣50台新9B售08,0,0,0,0,0,0,0,0,0,-62000,0,0,0,0,62000,-62000,-62000
07128P,大毅元大99售04  ,0,0,0,0,0,0,0,0,0,-62000,0,0,0,753000,815000,-62000,-62000
062401,信邦永豐9B購01  ,0,0,0,0,0,0,0,0,0,-63000,0,0,0,0,63000,-63000,-63000
061696,南茂群益9A購01  ,0,0,0,0,0,0,0,0,0,-63000,0,0,0,55000,118000,-63000,-63000
060237,友達元大9A購06  ,0,0,0,0,0,0,0,0,0,-63000,0,0,0,10000,73000,-63000,-63000
056044,同欣電凱基97購03,0,0,0,0,0,0,0,0,0,-63000,0,0,0,127000,190000,-63000,-63000
056144,GIS元大98購01   ,0,30000,-30000,0,0,0,0,0,0,-33000,0,0,0,184000,217000,-33000,-63000
055652,聯詠元富01購01  ,0,0,0,0,0,0,0,0,0,-63000,0,0,0,231000,294000,-63000,-63000
053341,聯發科國票97購03,0,0,0,0,0,0,0,0,0,-63000,0,0,0,0,63000,-63000,-63000
057032,A50反1元大9B購01,0,0,0,0,0,0,0,0,0,-63000,0,0,0,0,63000,-63000,-63000
07651P,道瓊指中信01售01,0,0,0,0,0,0,0,0,0,-63000,0,0,0,0,63000,-63000,-63000
1611,中電            ,293000,356000,-63000,0,0,0,0,0,0,0,0,0,0,0,0,0,-63000
062141,遠東新國票9B購01,0,0,0,0,0,0,0,0,0,-64000,0,0,0,6000,70000,-64000,-64000
062305,遠東新凱基9B購01,0,0,0,0,0,0,0,0,0,-64000,0,0,0,40000,104000,-64000,-64000
06583P,可成凱基98售07  ,0,0,0,0,0,0,0,0,0,-64000,0,0,0,0,64000,-64000,-64000
052897,緯創群益96購03  ,0,0,0,0,0,0,0,0,0,-64000,0,0,0,0,64000,-64000,-64000
2109,華豐            ,0,64000,-64000,0,0,0,0,0,0,0,0,0,0,0,0,0,-64000
2450,神腦            ,3000,76000,-73000,0,0,0,0,0,0,9000,9000,0,9000,0,0,0,-64000
07049P,聯發科中信99售03,0,0,0,0,0,0,0,0,0,-64000,0,0,0,0,64000,-64000,-64000
06939P,國巨永豐98售09  ,0,0,0,0,0,0,0,0,0,-64000,0,0,0,66000,130000,-64000,-64000
07255P,國巨凱基99售15  ,0,0,0,0,0,0,0,0,0,-64000,0,0,0,312000,376000,-64000,-64000
6698,旭暉應材        ,0,44000,-44000,0,0,0,0,0,0,-20000,0,20000,-20000,0,0,0,-64000
4306,炎洲            ,11000,73000,-62000,0,0,0,0,0,0,-2000,0,2000,-2000,0,0,0,-64000
6224,聚鼎            ,8000,73777,-65777,0,0,0,0,0,0,1000,1000,0,1000,0,0,0,-64777
06614P,祥碩永豐98售03  ,0,0,0,0,0,0,0,0,0,-65000,0,0,0,35000,100000,-65000,-65000
06701P,臺股指統一99售06,0,0,0,0,0,0,0,0,0,-65000,0,0,0,101000,166000,-65000,-65000
062035,瑞祺群益9B購01  ,0,0,0,0,0,0,0,0,0,-65000,0,0,0,21000,86000,-65000,-65000
061740,華新科凱基03購01,0,0,0,0,0,0,0,0,0,-65000,0,0,0,20000,85000,-65000,-65000
060296,和碩元大9A購01  ,0,0,0,0,0,0,0,0,0,-65000,0,0,0,10000,75000,-65000,-65000
05242P,群創國泰97售01  ,0,0,0,0,0,0,0,0,0,-65000,0,0,0,80000,145000,-65000,-65000
056417,欣興中信98購01  ,0,0,0,0,0,0,0,0,0,-65000,0,0,0,43000,108000,-65000,-65000
058722,台郡元富99購01  ,0,0,0,0,0,0,0,0,0,-65000,0,0,0,43000,108000,-65000,-65000
058751,南茂凱基9A購01  ,0,0,0,0,0,0,0,0,0,-65000,0,0,0,3000,68000,-65000,-65000
058568,宏達電凱基9A購02,0,0,0,0,0,0,0,0,0,-65000,0,0,0,205000,270000,-65000,-65000
056659,泰碩元大99購01  ,0,0,0,0,0,0,0,0,0,-65000,0,0,0,0,65000,-65000,-65000
4137,麗豐-KY         ,17000,79000,-62000,0,0,0,0,0,0,-3000,0,0,0,2000,5000,-3000,-65000
4190,佐登-KY         ,30000,81000,-51000,0,0,0,0,0,0,-14000,0,0,0,0,14000,-14000,-65000
06598P,奇力新永豐98售02,0,0,0,0,0,0,0,0,0,-66000,0,0,0,136000,202000,-66000,-66000
06632P,創意群益98售03  ,0,0,0,0,0,0,0,0,0,-66000,0,0,0,19000,85000,-66000,-66000
058766,力山兆豐99購01  ,0,0,0,0,0,0,0,0,0,-66000,0,0,0,297000,363000,-66000,-66000
3024,憶聲            ,0,66000,-66000,0,0,0,0,0,0,0,0,0,0,0,0,0,-66000
8404,百和興業-KY     ,9000,86000,-77000,0,0,0,0,0,0,11000,11000,0,11000,0,0,0,-66000
06718P,聯詠元大98售01  ,0,0,0,0,0,0,0,0,0,-67000,0,0,0,0,67000,-67000,-67000
061889,祥碩富邦9B購01  ,0,0,0,0,0,0,0,0,0,-67000,0,0,0,873000,940000,-67000,-67000
052239,泰鼎國票97購01  ,0,0,0,0,0,0,0,0,0,-67000,0,0,0,21000,88000,-67000,-67000
050099,台積電永昌96購01,0,0,0,0,0,0,0,0,0,-67000,0,0,0,136000,203000,-67000,-67000
055320,建準國票98購01  ,0,0,0,0,0,0,0,0,0,-67000,0,0,0,6000,73000,-67000,-67000
053593,晶技元大98購01  ,0,0,0,0,0,0,0,0,0,-67000,0,0,0,31000,98000,-67000,-67000
059009,世紀鋼元大99購04,0,0,0,0,0,0,0,0,0,-67000,0,0,0,115000,182000,-67000,-67000
057172,南亞科元大98購03,0,0,0,0,0,0,0,0,0,-67000,0,0,0,1000,68000,-67000,-67000
057201,華擎元富98購01  ,0,0,0,0,0,0,0,0,0,-67000,0,0,0,119000,186000,-67000,-67000
2493,揚博            ,171000,238000,-67000,0,0,0,0,0,0,0,0,0,0,0,0,0,-67000
061918,上銀凱基9B購02  ,0,0,0,0,0,0,0,0,0,-68000,0,0,0,0,68000,-68000,-68000
061694,玉山金群益9A購01,0,0,0,0,0,0,0,0,0,-68000,0,0,0,40000,108000,-68000,-68000
061738,聯發科凱基9B購04,0,0,0,0,0,0,0,0,0,-68000,0,0,0,0,68000,-68000,-68000
06576P,台光電群益98售03,0,0,0,0,0,0,0,0,0,-68000,0,0,0,57000,125000,-68000,-68000
060439,台灣50元大9C購26,0,0,0,0,0,0,0,0,0,-68000,0,0,0,0,68000,-68000,-68000
060454,葡萄王元大9A購01,0,0,0,0,0,0,0,0,0,-68000,0,0,0,75000,143000,-68000,-68000
060717,康控永豐9A購01  ,0,0,0,0,0,0,0,0,0,-68000,0,0,0,0,68000,-68000,-68000
061105,宏達電元大9A購04,0,0,0,0,0,0,0,0,0,-68000,0,0,0,0,68000,-68000,-68000
054135,大立光元大97購04,0,0,0,0,0,0,0,0,0,-68000,0,0,0,0,68000,-68000,-68000
055716,致茂元大97購01  ,0,0,0,0,0,0,0,0,0,-68000,0,0,0,0,68000,-68000,-68000
055974,上銀統一97購05  ,0,0,0,0,0,0,0,0,0,-68000,0,0,0,10000,78000,-68000,-68000
059520,台表科永豐99購02,0,0,0,0,0,0,0,0,0,-68000,0,0,0,0,68000,-68000,-68000
00753L,中信中國50正2   ,342000,249000,93000,0,0,0,0,0,0,-161000,0,0,0,247000,408000,-161000,-68000
053458,聯詠國泰97購01  ,0,0,0,0,0,0,0,0,0,-68000,0,0,0,0,68000,-68000,-68000
057508,康控國票99購03  ,0,0,0,0,0,0,0,0,0,-68000,0,0,0,53000,121000,-68000,-68000
058251,百和元大99購03  ,0,0,0,0,0,0,0,0,0,-68000,0,0,0,0,68000,-68000,-68000
057808,旺宏元大99購05  ,0,0,0,0,0,0,0,0,0,-68000,0,0,0,0,68000,-68000,-68000
057301,嘉聯益永豐98購02,0,0,0,0,0,0,0,0,0,-68000,0,0,0,0,68000,-68000,-68000
058864,欣興凱基99購04  ,0,0,0,0,0,0,0,0,0,-68000,0,0,0,0,68000,-68000,-68000
057055,立積元大99購01  ,0,0,0,0,0,0,0,0,0,-68000,0,0,0,10000,78000,-68000,-68000
057387,奇力新永豐98購03,0,0,0,0,0,0,0,0,0,-68000,0,0,0,0,68000,-68000,-68000
058149,百和元大99購02  ,0,0,0,0,0,0,0,0,0,-68000,0,0,0,0,68000,-68000,-68000
058324,嘉聯益永豐9A購01,0,0,0,0,0,0,0,0,0,-68000,0,0,0,0,68000,-68000,-68000
058973,麗豐永豐99購01  ,0,20000,-20000,0,0,0,0,0,0,-48000,0,0,0,20000,68000,-48000,-68000
05905P,晶技統一97售01  ,0,0,0,0,0,0,0,0,0,-68000,0,0,0,22000,90000,-68000,-68000
056298,億光元大97購02  ,0,0,0,0,0,0,0,0,0,-68000,0,0,0,0,68000,-68000,-68000
056199,美律永豐97購01  ,0,0,0,0,0,0,0,0,0,-68000,0,0,0,0,68000,-68000,-68000
1737,臺鹽            ,0,68000,-68000,0,0,0,0,0,0,0,0,0,0,0,0,0,-68000
07365P,超眾元大99售07  ,0,0,0,0,0,0,0,0,0,-68000,0,0,0,73000,141000,-68000,-68000
3702A,大聯大甲特      ,0,10000,-10000,0,0,0,0,0,0,-58000,0,58000,-58000,0,0,0,-68000
06153P,健策元大97售04  ,0,0,0,0,0,0,0,0,0,-69000,0,0,0,0,69000,-69000,-69000
060601,技嘉凱基9A購02  ,0,0,0,0,0,0,0,0,0,-69000,0,0,0,184000,253000,-69000,-69000
060855,華新科富邦01購01,0,0,0,0,0,0,0,0,0,-69000,0,0,0,1000,70000,-69000,-69000
06847P,奇力新元大98售05,0,0,0,0,0,0,0,0,0,-69000,0,0,0,27000,96000,-69000,-69000
062215,華通統一9B購01  ,0,0,0,0,0,0,0,0,0,-69000,0,0,0,15000,84000,-69000,-69000
052328,台表科中信99購01,0,0,0,0,0,0,0,0,0,-69000,0,0,0,621000,690000,-69000,-69000
055661,亞德客中信98購01,0,0,0,0,0,0,0,0,0,-69000,0,0,0,1000,70000,-69000,-69000
054745,智易凱基97購01  ,0,0,0,0,0,0,0,0,0,-69000,0,0,0,1000,70000,-69000,-69000
059313,元石油元大99購06,0,0,0,0,0,0,0,0,0,-69000,0,0,0,112000,181000,-69000,-69000
054057,晶豪科國票97購01,0,0,0,0,0,0,0,0,0,-69000,0,0,0,72000,141000,-69000,-69000
054332,世芯永豐97購01  ,0,0,0,0,0,0,0,0,0,-69000,0,0,0,14000,83000,-69000,-69000
059140,大立光兆豐9A購02,0,0,0,0,0,0,0,0,0,-69000,0,0,0,0,69000,-69000,-69000
3004,豐達科          ,23000,92000,-69000,0,0,0,0,0,0,0,0,0,0,0,0,0,-69000
2486,一詮            ,3000,70000,-67000,0,0,0,0,0,0,-2000,0,2000,-2000,0,0,0,-69000
061724,訊芯永豐9A購01  ,0,0,0,0,0,0,0,0,0,-70000,0,0,0,0,70000,-70000,-70000
06448P,華通元大99售01  ,0,0,0,0,0,0,0,0,0,-70000,0,0,0,36000,106000,-70000,-70000
062464,T50反1凱基9C購03,0,0,0,0,0,0,0,0,0,-70000,0,0,0,0,70000,-70000,-70000
060449,元金2X元大9A購02,0,0,0,0,0,0,0,0,0,-70000,0,0,0,0,70000,-70000,-70000
060238,強茂元大9C購01  ,0,0,0,0,0,0,0,0,0,-70000,0,0,0,10000,80000,-70000,-70000
061153,奇力新群益9A購02,0,0,0,0,0,0,0,0,0,-70000,0,0,0,85000,155000,-70000,-70000
061050,康友中信9A購01  ,0,0,0,0,0,0,0,0,0,-70000,0,0,0,63000,133000,-70000,-70000
053749,揚明光永豐97購01,0,0,0,0,0,0,0,0,0,-70000,0,0,0,0,70000,-70000,-70000
059249,大立光凱基99購05,0,0,0,0,0,0,0,0,0,-70000,0,0,0,0,70000,-70000,-70000
059650,緯穎凱基99購04  ,0,0,0,0,0,0,0,0,0,-70000,0,0,0,0,70000,-70000,-70000
054502,泰碩永豐96購01  ,0,0,0,0,0,0,0,0,0,-70000,0,0,0,0,70000,-70000,-70000
051791,智伸科國票96購01,0,0,0,0,0,0,0,0,0,-70000,0,0,0,0,70000,-70000,-70000
00714,群益道瓊美國地產,0,0,0,0,0,0,0,0,0,-70000,0,0,0,16000,86000,-70000,-70000
056706,元油2X富邦9B購01,0,0,0,0,0,0,0,0,0,-70000,0,0,0,0,70000,-70000,-70000
059855,緯穎永豐99購04  ,0,0,0,0,0,0,0,0,0,-70000,0,0,0,12000,82000,-70000,-70000
060055,宏達電凱基99購06,0,0,0,0,0,0,0,0,0,-70000,0,0,0,0,70000,-70000,-70000
057874,可成元大99購02  ,0,0,0,0,0,0,0,0,0,-70000,0,0,0,0,70000,-70000,-70000
057772,台積電群益99購01,0,0,0,0,0,0,0,0,0,-70000,0,0,0,0,70000,-70000,-70000
058270,上緯控永豐99購01,0,0,0,0,0,0,0,0,0,-70000,0,0,0,30000,100000,-70000,-70000
056902,大立光元大98購12,0,0,0,0,0,0,0,0,0,-70000,0,0,0,0,70000,-70000,-70000
2010,春源            ,1000,71000,-70000,0,0,0,0,0,0,0,0,0,0,0,0,0,-70000
1536,和大            ,189000,308000,-119000,0,0,0,228000,45000,183000,-134000,3000,80000,-77000,2000,59000,-57000,-70000
07081P,南電群益9A售01  ,0,0,0,0,0,0,0,0,0,-70000,0,0,0,9000,79000,-70000,-70000
07538P,玉晶光元富9A售05,0,0,0,0,0,0,0,0,0,-70000,0,0,0,0,70000,-70000,-70000
07437P,臺股指麥證9A售04,0,0,0,0,70000,-70000,0,0,0,-70000,0,0,0,0,70000,-70000,-70000
061398,力成中信9A購01  ,0,0,0,0,0,0,0,0,0,-71000,0,0,0,85000,156000,-71000,-71000
060804,T50反1群益9A購02,0,0,0,0,0,0,0,0,0,-71000,0,0,0,210000,281000,-71000,-71000
06619P,聯發科元大98售06,0,0,0,0,0,0,0,0,0,-71000,0,0,0,152000,223000,-71000,-71000
061595,智易永豐9A購02  ,0,0,0,0,0,0,0,0,0,-71000,0,0,0,53000,124000,-71000,-71000
052167,亞泥元大96購01  ,0,0,0,0,0,0,0,0,0,-71000,0,0,0,100000,171000,-71000,-71000
052963,智邦凱基96購02  ,0,0,0,0,0,0,0,0,0,-71000,0,0,0,0,71000,-71000,-71000
052777,燿華國票98購01  ,0,0,0,0,0,0,0,0,0,-71000,0,0,0,102000,173000,-71000,-71000
056533,友達凱基9A購02  ,0,0,0,0,0,0,0,0,0,-71000,0,0,0,0,71000,-71000,-71000
057009,信邦中信99購01  ,0,0,0,0,0,0,0,0,0,-71000,0,0,0,0,71000,-71000,-71000
07473P,祥碩元大9A售01  ,0,0,0,0,0,0,0,0,0,-71000,0,0,0,200000,271000,-71000,-71000
6283,淳安            ,4000,75000,-71000,0,0,0,0,0,0,0,0,0,0,0,0,0,-71000
6477,安集            ,2000,73000,-71000,0,0,0,0,0,0,0,0,0,0,0,0,0,-71000
06822P,上銀富邦99售03  ,0,0,0,0,0,0,0,0,0,-72000,0,0,0,98000,170000,-72000,-72000
061336,國巨元大9A購20  ,0,0,0,0,0,0,0,0,0,-72000,0,0,0,0,72000,-72000,-72000
061111,台表科元大9A購02,0,0,0,0,0,0,0,0,0,-72000,0,0,0,124000,196000,-72000,-72000
054479,緯創中信98購01  ,0,0,0,0,0,0,0,0,0,-72000,0,0,0,11000,83000,-72000,-72000
056095,臻鼎元富9A購01  ,0,0,0,0,0,0,0,0,0,-72000,0,0,0,0,72000,-72000,-72000
056518,美律國票99購01  ,0,0,0,0,0,0,0,0,0,-72000,0,0,0,0,72000,-72000,-72000
058292,上銀凱基9A購01  ,0,0,0,0,0,0,0,0,0,-72000,0,0,0,0,72000,-72000,-72000
058532,禾伸堂元富99購01,0,0,0,0,0,0,0,0,0,-72000,0,0,0,26000,98000,-72000,-72000
07739P,緯穎永豐9A售01  ,0,0,0,0,0,0,0,0,0,-72000,0,0,0,5000,77000,-72000,-72000
8454,富邦媒          ,199025,207000,-7975,0,0,0,4000,84000,-80000,15000,29000,14000,15000,0,0,0,-72975
060909,金像電元大9B購01,0,0,0,0,0,0,0,0,0,-73000,0,0,0,15000,88000,-73000,-73000
061567,華通元大9A購11  ,0,0,0,0,0,0,0,0,0,-73000,0,0,0,24000,97000,-73000,-73000
060297,和碩元大9A購02  ,0,0,0,0,0,0,0,0,0,-73000,0,0,0,0,73000,-73000,-73000
054403,同欣電永豐96購02,0,0,0,0,0,0,0,0,0,-73000,0,0,0,0,73000,-73000,-73000
055263,華新科富邦9A購01,0,0,0,0,0,0,0,0,0,-73000,0,0,0,0,73000,-73000,-73000
05013P,台積電元大96售05,0,0,0,0,0,0,0,0,0,-73000,0,0,0,0,73000,-73000,-73000
058651,FBVIX中信9C購01 ,0,0,0,0,0,0,0,0,0,-73000,0,0,0,59000,132000,-73000,-73000
059096,百和元大99購04  ,0,0,0,0,0,0,0,0,0,-73000,0,0,0,0,73000,-73000,-73000
056856,華通群益9A購01  ,0,0,0,0,0,0,0,0,0,-73000,0,0,0,0,73000,-73000,-73000
058189,嘉澤永豐99購01  ,0,0,0,0,0,0,0,0,0,-73000,0,0,0,93000,166000,-73000,-73000
058140,臻鼎元大99購02  ,0,0,0,0,0,0,0,0,0,-73000,0,0,0,0,73000,-73000,-73000
2423,固緯            ,0,76000,-76000,0,0,0,0,0,0,3000,3000,0,3000,0,0,0,-73000
2488,漢平            ,8000,81000,-73000,0,0,0,0,0,0,0,0,0,0,0,0,0,-73000
060743,鴻海國票9A購03  ,0,0,0,0,0,0,0,0,0,-74000,0,0,0,47000,121000,-74000,-74000
06507P,台表科國票99售01,0,0,0,0,0,0,0,0,0,-74000,0,0,0,26000,100000,-74000,-74000
062527,美律統一01購01  ,0,0,0,0,0,0,0,0,0,-74000,0,0,0,0,74000,-74000,-74000
061887,祥碩國泰9C購01  ,0,0,0,0,0,0,0,0,0,-74000,0,0,0,46000,120000,-74000,-74000
06214P,國巨國票98售04  ,0,0,0,0,0,0,0,0,0,-74000,0,0,0,211000,285000,-74000,-74000
062004,國巨國泰9C購03  ,0,0,0,0,0,0,0,0,0,-74000,0,0,0,0,74000,-74000,-74000
053962,聯茂永豐96購01  ,0,0,0,0,0,0,0,0,0,-74000,0,0,0,48000,122000,-74000,-74000
055391,光罩統一97購02  ,0,0,0,0,0,0,0,0,0,-74000,0,0,0,10000,84000,-74000,-74000
058833,台表科永豐99購01,0,0,0,0,0,0,0,0,0,-74000,0,0,0,18000,92000,-74000,-74000
057317,技嘉凱基98購02  ,0,0,0,0,0,0,0,0,0,-74000,0,0,0,8000,82000,-74000,-74000
05861P,瀚宇博永豐96售02,0,0,0,0,0,0,0,0,0,-74000,0,0,0,90000,164000,-74000,-74000
1452,宏益            ,0,74000,-74000,0,0,0,0,0,0,0,0,0,0,0,0,0,-74000
1437,勤益控          ,4000,78000,-74000,0,0,0,0,0,0,0,0,0,0,0,0,0,-74000
1808,潤隆            ,21000,95000,-74000,0,0,0,0,0,0,0,0,0,0,0,0,0,-74000
07868P,健策元大9B售05  ,0,0,0,0,0,0,0,0,0,-74000,0,0,0,50000,124000,-74000,-74000
8101,華冠            ,41000,115000,-74000,0,0,0,0,0,0,0,0,0,0,0,0,0,-74000
062020,智伸科永豐9B購01,0,0,0,0,0,0,0,0,0,-75000,0,0,0,20000,95000,-75000,-75000
062130,T50反1群益9B購01,0,0,0,0,0,0,0,0,0,-75000,0,0,0,0,75000,-75000,-75000
060625,華擎元大9A購01  ,0,0,0,0,0,0,0,0,0,-75000,0,0,0,335000,410000,-75000,-75000
060536,祥碩麥證9A購01  ,0,0,0,47000,122000,-75000,0,0,0,-75000,0,0,0,47000,122000,-75000,-75000
061487,聯發科兆豐9B購02,0,0,0,0,0,0,0,0,0,-75000,0,0,0,10000,85000,-75000,-75000
054903,億光康和97購02  ,0,0,0,0,0,0,0,0,0,-75000,0,0,0,0,75000,-75000,-75000
05943P,欣興凱基96售03  ,0,0,0,0,0,0,0,0,0,-75000,0,0,0,36000,111000,-75000,-75000
053895,智易群益96購02  ,0,0,0,0,0,0,0,0,0,-75000,0,0,0,25000,100000,-75000,-75000
054343,世紀鋼元富96購02,0,0,0,0,0,0,0,0,0,-75000,0,0,0,224000,299000,-75000,-75000
053780,南亞科元大96購03,0,0,0,0,0,0,0,0,0,-75000,0,0,0,78000,153000,-75000,-75000
056234,GIS麥證97購01   ,0,0,0,0,75000,-75000,0,0,0,-75000,0,0,0,0,75000,-75000,-75000
059820,南亞科凱基99購07,0,0,0,0,0,0,0,0,0,-75000,0,0,0,5000,80000,-75000,-75000
07351P,鴻海國票99售08  ,0,0,0,0,0,0,0,0,0,-75000,0,0,0,2000,77000,-75000,-75000
055127,台虹兆豐97購01  ,0,0,0,0,0,0,0,0,0,-76000,0,0,0,97000,173000,-76000,-76000
056135,緯創元大98購01  ,0,0,0,0,0,0,0,0,0,-76000,0,0,0,4000,80000,-76000,-76000
056568,台表科群益98購01,0,0,0,0,0,0,0,0,0,-76000,0,0,0,0,76000,-76000,-76000
05919P,京鼎元大96售03  ,0,0,0,0,0,0,0,0,0,-76000,0,0,0,635000,711000,-76000,-76000
057454,上銀國泰99購02  ,0,0,0,0,0,0,0,0,0,-76000,0,0,0,0,76000,-76000,-76000
056559,華通群益98購02  ,0,0,0,0,0,0,0,0,0,-76000,0,0,0,308000,384000,-76000,-76000
07491P,臺股指國票9A售09,0,0,0,0,0,0,0,0,0,-76000,0,0,0,10000,86000,-76000,-76000
2836,高雄銀          ,0,76000,-76000,0,0,0,0,0,0,0,0,0,0,0,0,0,-76000
061349,嘉澤元大9A購02  ,1000,0,1000,0,0,0,0,0,0,-78000,0,0,0,250000,328000,-78000,-77000
060707,台郡富邦9A購01  ,0,0,0,0,0,0,0,0,0,-77000,0,0,0,39000,116000,-77000,-77000
061867,旺宏元大9B購02  ,0,0,0,0,0,0,0,0,0,-77000,0,0,0,26000,103000,-77000,-77000
061590,金寶永豐9A購01  ,0,0,0,0,0,0,0,0,0,-77000,0,0,0,27000,104000,-77000,-77000
054974,台表科元大98購02,0,0,0,0,0,0,0,0,0,-77000,0,0,0,37000,114000,-77000,-77000
054036,T50反1元大96購08,0,0,0,0,0,0,0,0,0,-77000,0,0,0,0,77000,-77000,-77000
03445B,臺股指元大02熊01,0,0,0,0,0,0,0,0,0,-77000,0,0,0,85000,162000,-77000,-77000
058447,玉晶光富邦9A購02,0,0,0,0,0,0,0,0,0,-77000,0,0,0,30000,107000,-77000,-77000
060001,台灣50群益9A購10,0,0,0,0,0,0,0,0,0,-77000,0,0,0,0,77000,-77000,-77000
2545,皇翔            ,9000,86000,-77000,0,0,0,0,0,0,0,0,0,0,0,0,0,-77000
07637P,國巨國票9A售08  ,0,0,0,0,0,0,0,0,0,-77000,0,0,0,200000,277000,-77000,-77000
06621P,欣興元大98售06  ,0,0,0,0,0,0,0,0,0,-78000,0,0,0,27000,105000,-78000,-78000
060340,國巨統一01購02  ,0,0,0,0,0,0,0,0,0,-78000,0,0,0,12000,90000,-78000,-78000
061112,台表科元大9A購03,0,0,0,0,0,0,0,0,0,-78000,0,0,0,45000,123000,-78000,-78000
053921,嘉晶國票97購03  ,0,0,0,0,0,0,0,0,0,-78000,0,0,0,15000,93000,-78000,-78000
055172,凱美統一97購02  ,0,0,0,0,0,0,0,0,0,-78000,0,0,0,12000,90000,-78000,-78000
05625P,國巨國票97售01  ,0,0,0,0,0,0,0,0,0,-78000,0,0,0,39000,117000,-78000,-78000
061044,世紀鋼永豐9A購02,0,0,0,0,0,0,0,0,0,-79000,0,0,0,0,79000,-79000,-79000
06836P,玉晶光國票99售06,0,0,0,0,0,0,0,0,0,-79000,0,0,0,412000,491000,-79000,-79000
062323,上銀統一9B購03  ,0,0,0,0,0,0,0,0,0,-79000,0,0,0,0,79000,-79000,-79000
055214,聯電凱基97購02  ,0,0,0,0,0,0,0,0,0,-79000,0,0,0,74000,153000,-79000,-79000
058719,智邦元富99購01  ,0,0,0,0,0,0,0,0,0,-79000,0,0,0,14000,93000,-79000,-79000
07026P,超眾凱基99售03  ,0,0,0,0,0,0,0,0,0,-79000,0,0,0,144000,223000,-79000,-79000
062474,台表科凱基9C購01,0,0,0,0,0,0,0,0,0,-80000,0,0,0,0,80000,-80000,-80000
06653P,美食元大98售02  ,0,0,0,0,0,0,0,0,0,-80000,0,0,0,31000,111000,-80000,-80000
060595,台灣50凱基04購04,0,0,0,0,0,0,0,0,0,-80000,0,0,0,0,80000,-80000,-80000
055340,華新科日盛97購01,0,0,0,0,0,0,0,0,0,-80000,0,0,0,0,80000,-80000,-80000
054253,宏達電元大97購03,0,0,0,0,0,0,0,0,0,-80000,0,0,0,0,80000,-80000,-80000
054883,億光統一97購01  ,0,0,0,0,0,0,0,0,0,-80000,0,0,0,0,80000,-80000,-80000
05609P,國泰金凱基96售01,0,0,0,0,0,0,0,0,0,-80000,0,0,0,20000,100000,-80000,-80000
054425,聯發科富邦99購03,0,0,0,0,0,0,0,0,0,-80000,0,0,0,0,80000,-80000,-80000
052843,鴻海統一96購09  ,0,0,0,0,0,0,0,0,0,-80000,0,0,0,0,80000,-80000,-80000
056203,興富發永豐97購01,0,0,0,0,0,0,0,0,0,-80000,0,0,0,0,80000,-80000,-80000
056495,泰鼎國泰99購01  ,0,0,0,0,0,0,0,0,0,-80000,0,0,0,0,80000,-80000,-80000
057803,上銀元大98購08  ,0,0,0,0,0,0,0,0,0,-80000,0,0,0,0,80000,-80000,-80000
07442P,華航康和9A售02  ,0,0,0,0,0,0,0,0,0,-80000,0,0,0,0,80000,-80000,-80000
07883P,可成凱基9B售03  ,0,0,0,0,0,0,0,0,0,-80000,0,0,0,0,80000,-80000,-80000
060901,臺股指凱基9A購13,0,0,0,0,0,0,0,0,0,-81000,0,0,0,24000,105000,-81000,-81000
060197,臻鼎元富9A購02  ,0,0,0,0,0,0,0,0,0,-81000,0,0,0,382000,463000,-81000,-81000
060456,正隆元大9A購01  ,0,0,0,0,0,0,0,0,0,-81000,0,0,0,19000,100000,-81000,-81000
061102,台積電元大9A購22,0,0,0,0,0,0,0,0,0,-81000,0,0,0,10000,91000,-81000,-81000
061432,世紀鋼元大9A購05,0,0,0,0,0,0,0,0,0,-81000,0,0,0,2000,83000,-81000,-81000
054558,劍麟群益99購01  ,0,0,0,0,0,0,0,0,0,-81000,0,0,0,0,81000,-81000,-81000
051266,國巨富邦99購01  ,0,0,0,0,0,0,0,0,0,-81000,0,0,0,0,81000,-81000,-81000
055397,超眾統一97購02  ,0,0,0,0,0,0,0,0,0,-81000,0,0,0,160000,241000,-81000,-81000
057795,鴻海兆豐99購02  ,0,0,0,0,0,0,0,0,0,-81000,0,0,0,0,81000,-81000,-81000
07872P,聯發科群益9B售03,0,0,0,0,0,0,0,0,0,-81000,0,0,0,0,81000,-81000,-81000
07838P,泰碩元大9A售04  ,0,0,0,0,0,0,0,0,0,-81000,0,0,0,8000,89000,-81000,-81000
07677P,祥碩永豐9A售01  ,0,0,0,0,0,0,0,0,0,-81000,0,0,0,6000,87000,-81000,-81000
3094,聯傑            ,10000,91000,-81000,0,0,0,0,0,0,0,0,0,0,0,0,0,-81000
3617,碩天            ,3000,84000,-81000,0,0,0,0,0,0,0,0,0,0,0,0,0,-81000
060907,金像電元大9A購02,0,0,0,0,0,0,0,0,0,-82000,0,0,0,229000,311000,-82000,-82000
06424P,大成鋼永豐97售01,0,0,0,0,0,0,0,0,0,-82000,0,0,0,2000,84000,-82000,-82000
056160,智易凱基97購03  ,0,0,0,0,0,0,0,0,0,-82000,0,0,0,32000,114000,-82000,-82000
03050X,元展47          ,0,0,0,0,0,0,0,0,0,-82000,0,0,0,50000,132000,-82000,-82000
057357,超眾統一98購01  ,0,0,0,0,0,0,0,0,0,-82000,0,0,0,30000,112000,-82000,-82000
058782,臺股指國票99購01,0,0,0,0,0,0,0,0,0,-82000,0,0,0,19000,101000,-82000,-82000
4967,十銓            ,238000,320000,-82000,0,0,0,0,0,0,0,0,0,0,0,0,0,-82000
4943,康控-KY         ,236000,287000,-51000,0,0,0,0,0,0,-31000,0,0,0,5000,36000,-31000,-82000
06980P,緯穎永豐99售02  ,0,0,0,0,0,0,0,0,0,-82000,0,0,0,0,82000,-82000,-82000
1439,中和            ,14000,96000,-82000,0,0,0,0,0,0,0,0,0,0,0,0,0,-82000
061747,南亞科統一01購01,0,0,0,0,0,0,0,0,0,-83000,0,0,0,30000,113000,-83000,-83000
061200,道瓊反元大9A購06,0,0,0,0,0,0,0,0,0,-83000,0,0,0,3000,86000,-83000,-83000
060246,晶相光元大9C購03,0,0,0,0,0,0,0,0,0,-83000,0,0,0,145000,228000,-83000,-83000
051570,和碩富邦97購01  ,0,0,0,0,0,0,0,0,0,-83000,0,0,0,7000,90000,-83000,-83000
058137,玉晶光元大99購11,0,0,0,0,0,0,0,0,0,-83000,0,0,0,100000,183000,-83000,-83000
061717,力成凱基9B購01  ,0,0,0,0,0,0,0,0,0,-84000,0,0,0,23000,107000,-84000,-84000
062303,台表科中信01購01,0,0,0,0,0,0,0,0,0,-84000,0,0,0,40000,124000,-84000,-84000
06683P,訊芯元大98售07  ,0,0,0,0,0,0,0,0,0,-84000,0,0,0,66000,150000,-84000,-84000
050842,旺宏國票97購01  ,0,0,0,0,0,0,0,0,0,-84000,0,0,0,10000,94000,-84000,-84000
00660,元大歐洲50      ,0,0,0,0,0,0,0,0,0,-84000,0,0,0,14000,98000,-84000,-84000
056718,GIS永豐98購01   ,0,0,0,0,0,0,0,0,0,-84000,0,0,0,10000,94000,-84000,-84000
059796,台積電國票99購10,0,0,0,0,0,0,0,0,0,-84000,0,0,0,88000,172000,-84000,-84000
07877P,晶技永豐9B售01  ,0,0,0,0,0,0,0,0,0,-84000,0,0,0,13000,97000,-84000,-84000
1104,環泥            ,58000,142000,-84000,0,0,0,0,0,0,0,0,0,0,0,0,0,-84000
6531,愛普            ,45000,133000,-88000,0,0,0,0,0,0,4000,6000,2000,4000,0,0,0,-84000
062381,上銀國泰9C購01  ,0,0,0,0,0,0,0,0,0,-85000,0,0,0,0,85000,-85000,-85000
062351,瑞祺群益9C購01  ,0,0,0,0,0,0,0,0,0,-85000,0,0,0,1000,86000,-85000,-85000
062458,全新群益9B購03  ,0,0,0,0,0,0,0,0,0,-85000,0,0,0,0,85000,-85000,-85000
062453,聚陽群益9C購01  ,0,0,0,0,0,0,0,0,0,-85000,0,0,0,0,85000,-85000,-85000
055254,聯詠統一97購03  ,0,0,0,0,0,0,0,0,0,-85000,0,0,0,60000,145000,-85000,-85000
056846,晶相光元富98購01,0,0,0,0,0,0,0,0,0,-85000,0,0,0,0,85000,-85000,-85000
056509,晶相光永豐98購01,0,0,0,0,0,0,0,0,0,-85000,0,0,0,0,85000,-85000,-85000
057993,中環中信98購01  ,0,0,0,0,0,0,0,0,0,-85000,0,0,0,0,85000,-85000,-85000
058229,為升元大99購02  ,0,0,0,0,0,0,0,0,0,-85000,0,0,0,65000,150000,-85000,-85000
9934,成霖            ,34000,119000,-85000,0,0,0,0,0,0,0,0,0,0,0,0,0,-85000
5519,隆大            ,79000,164000,-85000,0,0,0,0,0,0,0,0,0,0,0,0,0,-85000
2527,宏璟            ,0,85000,-85000,0,0,0,0,0,0,0,0,0,0,0,0,0,-85000
062361,智邦元大9B購06  ,0,0,0,0,0,0,0,0,0,-86000,0,0,0,73000,159000,-86000,-86000
06623P,立積元大98售04  ,0,0,0,0,0,0,0,0,0,-86000,0,0,0,159000,245000,-86000,-86000
062186,晶技元大9B購05  ,0,0,0,0,0,0,0,0,0,-86000,0,0,0,2000,88000,-86000,-86000
062022,緯穎永豐9B購01  ,0,0,0,0,0,0,0,0,0,-86000,0,0,0,23000,109000,-86000,-86000
05725P,嘉聯益永豐96售02,0,0,0,0,0,0,0,0,0,-86000,0,0,0,0,86000,-86000,-86000
057110,立積群益98購01  ,0,0,0,0,0,0,0,0,0,-86000,0,0,0,14000,100000,-86000,-86000
059159,上銀凱基99購05  ,0,0,0,0,0,0,0,0,0,-86000,0,0,0,0,86000,-86000,-86000
060047,道瓊反凱基99購01,0,0,0,0,0,0,0,0,0,-86000,0,0,0,92000,178000,-86000,-86000
07383P,聯發科群益99售06,0,0,0,0,0,0,0,0,0,-86000,0,0,0,0,86000,-86000,-86000
07190P,臺股指富邦9C售02,0,0,0,0,0,0,0,0,0,-86000,0,0,0,1000,87000,-86000,-86000
061795,智邦永豐9B購01  ,0,0,0,0,0,0,0,0,0,-87000,0,0,0,0,87000,-87000,-87000
06886P,旺宏元大99售07  ,0,0,0,0,0,0,0,0,0,-87000,0,0,0,29000,116000,-87000,-87000
060846,欣興國票9A購02  ,0,0,0,0,0,0,0,0,0,-87000,0,0,0,0,87000,-87000,-87000
060714,晶技永豐9A購02  ,0,0,0,0,0,0,0,0,0,-87000,0,0,0,0,87000,-87000,-87000
061124,微星永豐9A購02  ,0,0,0,0,0,0,0,0,0,-87000,0,0,0,611000,698000,-87000,-87000
054886,大毅統一97購01  ,0,0,0,0,0,0,0,0,0,-87000,0,0,0,8000,95000,-87000,-87000
059631,京元電凱基99購02,0,0,0,0,0,0,0,0,0,-87000,0,0,0,259000,346000,-87000,-87000
054467,隆達凱基97購01  ,0,0,0,0,0,0,0,0,0,-87000,0,0,0,127000,214000,-87000,-87000
058105,旺宏統一9A購02  ,0,0,0,0,0,0,0,0,0,-87000,0,0,0,53000,140000,-87000,-87000
056890,國巨元大98購11  ,0,0,0,0,0,0,0,0,0,-87000,0,0,0,41000,128000,-87000,-87000
07402P,瑞昱凱基99售02  ,0,0,0,0,0,0,0,0,0,-87000,0,0,0,0,87000,-87000,-87000
07500P,微星元大9A售01  ,0,0,0,0,0,0,0,0,0,-87000,0,0,0,125000,212000,-87000,-87000
2607,榮運            ,15000,102000,-87000,0,0,0,0,0,0,0,0,0,0,0,0,0,-87000
1473,台南            ,12000,99000,-87000,0,0,0,0,0,0,0,0,0,0,0,0,0,-87000
061126,京元電永豐9A購02,0,0,0,0,0,0,0,0,0,-88000,0,0,0,122000,210000,-88000,-88000
061342,華新科元大9A購17,0,0,0,0,0,0,0,0,0,-88000,0,0,0,10000,98000,-88000,-88000
060893,台灣50凱基01購07,0,0,0,0,0,0,0,0,0,-88000,0,0,0,10000,98000,-88000,-88000
059495,台灣50元富9C購02,0,0,0,0,0,0,0,0,0,-88000,0,0,0,0,88000,-88000,-88000
055726,台表科元大98購03,0,0,0,0,0,0,0,0,0,-88000,0,0,0,89000,177000,-88000,-88000
056972,祥碩永豐98購02  ,0,0,0,0,0,0,0,0,0,-88000,0,0,0,40000,128000,-88000,-88000
058050,台郡元大99購05  ,0,0,0,0,0,0,0,0,0,-88000,0,0,0,80000,168000,-88000,-88000
07617P,聯發科中信9C售04,0,0,0,0,0,0,0,0,0,-88000,0,0,0,42000,130000,-88000,-88000
060503,技嘉元大9A購01  ,0,0,0,0,0,0,0,0,0,-89000,0,0,0,155000,244000,-89000,-89000
061405,亞德客國票9B購01,0,0,0,0,0,0,0,0,0,-89000,0,0,0,23000,112000,-89000,-89000
061825,聯發科麥證9B購01,0,0,0,6000,95000,-89000,0,0,0,-89000,0,0,0,6000,95000,-89000,-89000
053998,泰鼎群益98購01  ,0,0,0,0,0,0,0,0,0,-89000,0,0,0,2000,91000,-89000,-89000
07929P,旺宏統一9B售07  ,0,0,0,0,0,0,0,0,0,-89000,0,0,0,13000,102000,-89000,-89000
2852,第一保          ,0,89000,-89000,0,0,0,0,0,0,0,0,0,0,0,0,0,-89000
061703,信邦國票9A購01  ,0,0,0,0,0,0,0,0,0,-90000,0,0,0,39000,129000,-90000,-90000
06261P,上銀凱基97售03  ,0,0,0,0,0,0,0,0,0,-90000,0,0,0,0,90000,-90000,-90000
054374,信邦中信96購01  ,0,0,0,0,0,0,0,0,0,-90000,0,0,0,20000,110000,-90000,-90000
054908,群電康和97購01  ,0,0,0,0,0,0,0,0,0,-90000,0,0,0,4000,94000,-90000,-90000
055459,建準永豐97購03  ,0,0,0,0,0,0,0,0,0,-90000,0,0,0,1000,91000,-90000,-90000
052654,友達統一97購01  ,0,0,0,0,0,0,0,0,0,-90000,0,0,0,10000,100000,-90000,-90000
047675,群創元富96購03  ,0,0,0,0,0,0,0,0,0,-90000,0,0,0,100000,190000,-90000,-90000
060072,國巨元富99購04  ,0,0,0,0,0,0,0,0,0,-90000,0,0,0,50000,140000,-90000,-90000
05637P,聯電元大96售04  ,0,0,0,0,0,0,0,0,0,-90000,0,0,0,10000,100000,-90000,-90000
056611,國巨永豐98購03  ,0,0,0,0,0,0,0,0,0,-90000,0,0,0,1000,91000,-90000,-90000
1795,美時            ,246000,336000,-90000,0,0,0,0,0,0,0,0,0,0,0,0,0,-90000
062076,美律元大9B購02  ,0,0,0,0,0,0,0,0,0,-91000,0,0,0,0,91000,-91000,-91000
060526,台積電中信9A購02,0,0,0,0,0,0,0,0,0,-91000,0,0,0,48000,139000,-91000,-91000
060667,力成凱基9A購01  ,0,0,0,0,0,0,0,0,0,-91000,0,0,0,126000,217000,-91000,-91000
053107,旺宏兆豐97購01  ,0,0,0,0,0,0,0,0,0,-91000,0,0,0,20000,111000,-91000,-91000
056909,嘉聯益元大99購03,0,0,0,0,0,0,0,0,0,-91000,0,0,0,113000,204000,-91000,-91000
058267,奇鋐永豐99購01  ,0,0,0,0,0,0,0,0,0,-91000,0,0,0,0,91000,-91000,-91000
1589,永冠-KY         ,32000,129000,-97000,0,0,0,0,0,0,6000,23000,17000,6000,0,0,0,-91000
4540,全球傳動        ,7000,98000,-91000,0,0,0,0,0,0,0,0,0,0,0,0,0,-91000
6214,精誠            ,17000,157000,-140000,0,0,0,0,0,0,49000,49000,0,49000,0,0,0,-91000
8429,金麗-KY         ,0,91000,-91000,0,0,0,0,0,0,0,0,0,0,0,0,0,-91000
061743,祥碩凱基9B購02  ,0,0,0,0,0,0,0,0,0,-92000,0,0,0,118000,210000,-92000,-92000
052691,GIS元大96購01   ,0,0,0,0,0,0,0,0,0,-92000,0,0,0,71000,163000,-92000,-92000
1457,宜進            ,13000,105000,-92000,0,0,0,0,0,0,0,0,0,0,0,0,0,-92000
2723,美食-KY         ,360000,397000,-37000,0,0,0,0,0,0,-55000,0,60000,-60000,5000,0,5000,-92000
061782,智邦群益9B購01  ,0,0,0,0,0,0,0,0,0,-93000,0,0,0,93000,186000,-93000,-93000
2374,佳能            ,3000,96000,-93000,0,0,0,0,0,0,0,0,0,0,0,0,0,-93000
1730,花仙子          ,53000,146000,-93000,0,0,0,0,0,0,0,0,0,0,0,0,0,-93000
07055P,景碩群益9A售02  ,0,0,0,0,0,0,0,0,0,-93000,0,0,0,67000,160000,-93000,-93000
06534P,聯發科群益98售04,0,0,0,0,0,0,0,0,0,-94000,0,0,0,0,94000,-94000,-94000
054533,泰碩國泰98購01  ,0,0,0,0,0,0,0,0,0,-94000,0,0,0,58000,152000,-94000,-94000
053297,鎧勝中信98購01  ,0,0,0,0,0,0,0,0,0,-94000,0,0,0,65000,159000,-94000,-94000
056026,智易群益97購01  ,0,0,0,0,0,0,0,0,0,-94000,0,0,0,0,94000,-94000,-94000
057121,立積康和98購01  ,0,0,0,0,0,0,0,0,0,-94000,0,0,0,0,94000,-94000,-94000
2612,中航            ,4000,98000,-94000,0,0,0,0,0,0,0,0,0,0,0,0,0,-94000
5434,崇越            ,67000,178000,-111000,0,0,0,2000,0,2000,15000,15000,0,15000,0,0,0,-94000
6168,宏齊            ,12000,106000,-94000,0,0,0,0,0,0,0,0,0,0,0,0,0,-94000
060768,鴻海麥證9A購02  ,0,0,0,0,95000,-95000,0,0,0,-95000,0,0,0,0,95000,-95000,-95000
054298,台表科元大97購03,0,0,0,0,0,0,0,0,0,-95000,0,0,0,34000,129000,-95000,-95000
053900,T50反1日盛99購01,0,0,0,0,0,0,0,0,0,-95000,0,0,0,0,95000,-95000,-95000
053894,創意群益96購01  ,0,0,0,0,0,0,0,0,0,-95000,0,0,0,102000,197000,-95000,-95000
057329,緯穎群益98購02  ,0,135000,-135000,0,0,0,0,0,0,40000,0,0,0,140000,100000,40000,-95000
057969,緯穎國泰99購01  ,0,0,0,0,0,0,0,0,0,-95000,0,0,0,66000,161000,-95000,-95000
059107,南茂國泰9A購01  ,0,0,0,0,0,0,0,0,0,-95000,0,0,0,0,95000,-95000,-95000
059064,緯穎凱基99購02  ,0,0,0,0,0,0,0,0,0,-95000,0,0,0,19000,114000,-95000,-95000
059807,大立光元富99購09,0,0,0,0,0,0,0,0,0,-95000,0,0,0,24000,119000,-95000,-95000
2239,英利-KY         ,5000,76000,-71000,0,0,0,0,0,0,-24000,0,24000,-24000,0,0,0,-95000
07140P,台灣50日盛99售01,0,0,0,0,0,0,0,0,0,-95000,0,0,0,5000,100000,-95000,-95000
07578P,高鐵元大9A售02  ,0,0,0,0,0,0,0,0,0,-95000,0,0,0,5000,100000,-95000,-95000
062373,泰鼎元大9B購01  ,0,0,0,0,0,0,0,0,0,-96000,0,0,0,4000,100000,-96000,-96000
062346,智邦群益9B購02  ,0,0,0,0,0,0,0,0,0,-96000,0,0,0,45000,141000,-96000,-96000
053889,致茂群益97購01  ,0,0,0,0,0,0,0,0,0,-96000,0,0,0,0,96000,-96000,-96000
056162,祥碩凱基97購03  ,0,0,0,0,0,0,0,0,0,-96000,0,0,0,148000,244000,-96000,-96000
059607,台積電富邦9C購04,0,0,0,0,0,0,0,0,0,-96000,0,0,0,37000,133000,-96000,-96000
059170,康控凱基9B購01  ,0,0,0,0,0,0,0,0,0,-96000,0,0,0,52000,148000,-96000,-96000
07501P,華新科元大9A售07,0,0,0,0,0,0,0,0,0,-96000,0,0,0,73000,169000,-96000,-96000
07772P,華新科國票9A售05,0,0,0,0,0,0,0,0,0,-96000,0,0,0,0,96000,-96000,-96000
07816P,聯發科群益9A售02,0,0,0,0,0,0,0,0,0,-96000,0,0,0,5000,101000,-96000,-96000
5608,四維航          ,1000,97000,-96000,0,0,0,0,0,0,0,0,0,0,0,0,0,-96000
3380,明泰            ,379000,710000,-331000,0,0,0,0,0,0,235000,160000,10000,150000,101000,16000,85000,-96000
06506P,台郡國票99售02  ,0,0,0,0,0,0,0,0,0,-97000,0,0,0,0,97000,-97000,-97000
053308,智易凱基96購02  ,0,0,0,0,0,0,0,0,0,-97000,0,0,0,0,97000,-97000,-97000
058932,FBVIX台新99購01 ,0,0,0,0,0,0,0,0,0,-97000,0,0,0,17000,114000,-97000,-97000
05910P,力山永豐96售02  ,0,0,0,0,0,0,0,0,0,-97000,0,0,0,37000,134000,-97000,-97000
6558,興能高          ,76000,173000,-97000,0,0,0,0,0,0,0,0,0,0,0,0,0,-97000
07775P,國巨群益9A售10  ,0,0,0,0,0,0,0,0,0,-97000,0,0,0,261000,358000,-97000,-97000
07865P,可成元大9B售02  ,0,0,0,0,0,0,0,0,0,-97000,0,0,0,0,97000,-97000,-97000
3149,正達            ,19000,116272,-97272,0,0,0,0,0,0,0,0,0,0,0,0,0,-97272
2395,研華            ,266300,360000,-93700,0,0,0,1000,5000,-4000,0,0,0,0,0,0,0,-97700
06597P,國巨富邦9A售05  ,0,0,0,0,0,0,0,0,0,-98000,0,0,0,40000,138000,-98000,-98000
062012,燿華富邦9C購01  ,0,0,0,0,0,0,0,0,0,-98000,0,0,0,0,98000,-98000,-98000
062027,國泰金群益9B購01,0,0,0,0,0,0,0,0,0,-98000,0,0,0,0,98000,-98000,-98000
054576,健策元大98購03  ,0,0,0,0,0,0,0,0,0,-98000,0,0,0,0,98000,-98000,-98000
052994,群創台新99購01  ,0,0,0,0,0,0,0,0,0,-98000,0,0,0,0,98000,-98000,-98000
053810,台達電群益96購01,0,0,0,0,0,0,0,0,0,-98000,0,0,0,0,98000,-98000,-98000
058990,GIS凱基99購02   ,0,0,0,0,0,0,0,0,0,-98000,0,0,0,221000,319000,-98000,-98000
059785,美律元大9A購03  ,0,0,0,0,0,0,0,0,0,-98000,0,0,0,21000,119000,-98000,-98000
057107,華新科群益98購06,0,0,0,0,0,0,0,0,0,-98000,0,0,0,0,98000,-98000,-98000
057938,台表科群益98購02,0,0,0,0,0,0,0,0,0,-98000,0,0,0,1000,99000,-98000,-98000
3050,鈺德            ,4000,102000,-98000,0,0,0,0,0,0,0,0,0,0,0,0,0,-98000
6672,騰輝電子-KY     ,70000,168000,-98000,0,0,0,0,0,0,0,0,0,0,0,0,0,-98000
055249,大毅統一99購01  ,0,0,0,0,0,0,0,0,0,-99000,0,0,0,6000,105000,-99000,-99000
05605P,嘉聯益元大97售02,0,0,0,0,0,0,0,0,0,-99000,0,0,0,1000,100000,-99000,-99000
03657C,T50反1元大99牛01,0,0,0,0,0,0,0,0,0,-99000,0,0,0,31000,130000,-99000,-99000
059207,臺指反元大9C購02,0,0,0,0,0,0,0,0,0,-99000,0,0,0,0,99000,-99000,-99000
058721,立積元富9C購01  ,0,0,0,0,0,0,0,0,0,-99000,0,0,0,142000,241000,-99000,-99000
2444,兆勁            ,48000,147000,-99000,0,0,0,0,0,0,0,0,0,0,0,0,0,-99000
07502P,美食元大9A售01  ,0,0,0,0,0,0,0,0,0,-99000,0,0,0,0,99000,-99000,-99000
062200,臺指反國票03購01,0,0,0,0,0,0,0,0,0,-100000,0,0,0,0,100000,-100000,-100000
061762,台塑元大9B購01  ,0,0,0,0,0,0,0,0,0,-100000,0,0,0,50000,150000,-100000,-100000
06712P,臺股指台新99售09,0,0,0,0,0,0,0,0,0,-100000,0,0,0,1000,101000,-100000,-100000
06529P,貿聯富邦99售03  ,0,0,0,0,0,0,0,0,0,-100000,0,0,0,76000,176000,-100000,-100000
06869P,金融類元大99售01,0,0,0,0,0,0,0,0,0,-100000,0,0,0,0,100000,-100000,-100000
06748P,智邦台新98售02  ,0,0,0,0,0,0,0,0,0,-100000,0,0,0,20000,120000,-100000,-100000
061369,T50反1國泰9B購03,0,0,0,0,0,0,0,0,0,-100000,0,0,0,0,100000,-100000,-100000
06144P,台光電永豐97售01,0,0,0,0,0,0,0,0,0,-100000,0,0,0,0,100000,-100000,-100000
049539,元油2X群益9A購01,0,0,0,0,0,0,0,0,0,-100000,0,0,0,0,100000,-100000,-100000
053331,玉晶光永豐97購02,0,0,0,0,0,0,0,0,0,-100000,0,0,0,210000,310000,-100000,-100000
047690,美律富邦97購01  ,0,0,0,0,0,0,0,0,0,-100000,0,0,0,0,100000,-100000,-100000
046942,友達元大99購01  ,0,0,0,0,0,0,0,0,0,-100000,0,0,0,0,100000,-100000,-100000
052699,友達國票97購01  ,0,0,0,0,0,0,0,0,0,-100000,0,0,0,0,100000,-100000,-100000
053424,欣興永豐96購02  ,0,0,0,0,0,0,0,0,0,-100000,0,0,0,0,100000,-100000,-100000
054592,美律永昌9A購01  ,0,0,0,0,0,0,0,0,0,-100000,0,0,0,0,100000,-100000,-100000
056028,GIS群益97購02   ,0,0,0,0,0,0,0,0,0,-100000,0,0,0,0,100000,-100000,-100000
05964P,華通凱基96售06  ,0,0,0,0,0,0,0,0,0,-100000,0,0,0,0,100000,-100000,-100000
059338,滬深2X凱基9C購02,0,0,0,0,0,0,0,0,0,-100000,0,0,0,0,100000,-100000,-100000
054862,群光群益97購01  ,0,0,0,0,0,0,0,0,0,-100000,0,0,0,0,100000,-100000,-100000
053957,瑞昱永豐96購01  ,0,0,0,0,0,0,0,0,0,-100000,0,0,0,0,100000,-100000,-100000
053587,京元電元大98購01,0,0,0,0,0,0,0,0,0,-100000,0,0,0,0,100000,-100000,-100000
054365,遠東新中信96購01,0,0,0,0,0,0,0,0,0,-100000,0,0,0,0,100000,-100000,-100000
058601,台積電元大99購10,0,0,0,0,0,0,0,0,0,-100000,0,0,0,36000,136000,-100000,-100000
05841P,華通元大96售04  ,0,0,0,0,0,0,0,0,0,-100000,0,0,0,0,100000,-100000,-100000
058338,康友元富99購01  ,0,0,0,0,0,0,0,0,0,-100000,0,0,0,70000,170000,-100000,-100000
05683P,矽創元大96售01  ,0,0,0,0,0,0,0,0,0,-100000,0,0,0,0,100000,-100000,-100000
056807,元油2X統一9B購01,0,100000,-100000,0,0,0,0,0,0,0,0,0,0,0,0,0,-100000
056395,玉晶光永豐9B購01,0,0,0,0,0,0,0,0,0,-100000,0,0,0,0,100000,-100000,-100000
057039,元油2X元大9B購07,0,0,0,0,0,0,0,0,0,-100000,0,0,0,0,100000,-100000,-100000
057812,友達元大9A購05  ,0,0,0,0,0,0,0,0,0,-100000,0,0,0,0,100000,-100000,-100000
057219,群創群益98購10  ,0,0,0,0,0,0,0,0,0,-100000,0,0,0,0,100000,-100000,-100000
07101P,台郡元大99售06  ,0,0,0,0,0,0,0,0,0,-100000,0,0,0,0,100000,-100000,-100000
07378P,大立光元大99售29,0,0,0,0,0,0,0,0,0,-100000,0,0,0,0,100000,-100000,-100000
1902,台紙            ,0,100000,-100000,0,0,0,0,0,0,0,0,0,0,0,0,0,-100000
1449,佳和            ,33000,133000,-100000,0,0,0,0,0,0,0,0,0,0,0,0,0,-100000
060293,緯創元大9A購01  ,0,0,0,0,0,0,0,0,0,-101000,0,0,0,61000,162000,-101000,-101000
062460,京鼎群益9C購01  ,0,0,0,0,0,0,0,0,0,-101000,0,0,0,4000,105000,-101000,-101000
052800,國巨元大96購05  ,0,0,0,0,0,0,0,0,0,-101000,0,0,0,9000,110000,-101000,-101000
052887,華通中信96購01  ,0,0,0,0,0,0,0,0,0,-101000,0,0,0,99000,200000,-101000,-101000
051423,GIS國票97購01   ,0,0,0,0,0,0,0,0,0,-101000,0,0,0,26000,127000,-101000,-101000
056255,華新科元富97購05,0,0,0,0,0,0,0,0,0,-101000,0,0,0,54000,155000,-101000,-101000
1809,中釉            ,3000,104000,-101000,0,0,0,0,0,0,0,0,0,0,0,0,0,-101000
06902P,聯電凱基98售02  ,0,0,0,0,0,0,0,0,0,-102000,0,0,0,43000,145000,-102000,-102000
053524,聯電中信97購02  ,0,0,0,0,0,0,0,0,0,-102000,0,0,0,0,102000,-102000,-102000
054614,玉晶光永豐97購03,0,0,0,0,0,0,0,0,0,-102000,0,0,0,0,102000,-102000,-102000
05634P,玉晶光台新97售01,0,0,0,0,0,0,0,0,0,-102000,0,0,0,0,102000,-102000,-102000
059926,世紀鋼國泰9B購01,0,0,0,0,0,0,0,0,0,-102000,0,0,0,4000,106000,-102000,-102000
3038,全台            ,584000,711000,-127000,0,0,0,0,0,0,25000,25000,0,25000,0,0,0,-102000
060529,聯發科中信9A購04,0,0,0,0,0,0,0,0,0,-103000,0,0,0,110000,213000,-103000,-103000
060955,大立光群益9A購02,0,0,0,0,0,0,0,0,0,-103000,0,0,0,0,103000,-103000,-103000
058402,欣興元大99購04  ,0,0,0,0,0,0,0,0,0,-103000,0,0,0,6000,109000,-103000,-103000
05954P,旺宏國票97售03  ,0,0,0,0,0,0,0,0,0,-103000,0,0,0,0,103000,-103000,-103000
07937P,國巨中信9B售03  ,0,0,0,0,0,0,0,0,0,-103000,0,0,0,0,103000,-103000,-103000
2399,映泰            ,46000,149000,-103000,0,0,0,0,0,0,0,0,0,0,0,0,0,-103000
07317P,T50正2凱基9B售02,0,0,0,0,0,0,0,0,0,-103000,0,0,0,0,103000,-103000,-103000
07767P,華新科群益9A售07,0,0,0,0,0,0,0,0,0,-103000,0,0,0,60000,163000,-103000,-103000
06059P,泰碩元大97售02  ,0,0,0,0,0,0,0,0,0,-104000,0,0,0,0,104000,-104000,-104000
057078,國巨統一9A購02  ,0,0,0,0,0,0,0,0,0,-104000,0,0,0,0,104000,-104000,-104000
057230,建準凱基98購02  ,0,0,0,0,0,0,0,0,0,-104000,0,0,0,27000,131000,-104000,-104000
056705,超眾國泰99購01  ,0,0,0,0,0,0,0,0,0,-104000,0,0,0,0,104000,-104000,-104000
2637,慧洋-KY         ,155000,303000,-148000,0,0,0,0,0,0,44000,44000,0,44000,0,0,0,-104000
6139,亞翔            ,14000,118000,-104000,0,0,0,0,0,0,0,0,0,0,0,0,0,-104000
06058P,玉晶光凱基97售04,0,0,0,0,0,0,0,0,0,-105000,0,0,0,6000,111000,-105000,-105000
060262,臺股指凱基9B購02,0,0,0,0,0,0,0,0,0,-105000,0,0,0,30000,135000,-105000,-105000
052863,友達凱基98購02  ,0,0,0,0,0,0,0,0,0,-105000,0,0,0,0,105000,-105000,-105000
047694,SP黃豆國票9B購01,0,0,0,0,0,0,0,0,0,-105000,0,0,0,0,105000,-105000,-105000
055404,超眾元富97購01  ,0,0,0,0,0,0,0,0,0,-105000,0,0,0,65000,170000,-105000,-105000
058125,元油2X元大9C購01,0,0,0,0,0,0,0,0,0,-105000,0,0,0,0,105000,-105000,-105000
1560,中砂            ,33000,97000,-64000,0,0,0,0,0,0,-41000,0,38000,-38000,0,3000,-3000,-105000
06535P,可成群益99售02  ,0,0,0,0,0,0,0,0,0,-106000,0,0,0,24000,130000,-106000,-106000
055887,上銀統一97購03  ,0,0,0,0,0,0,0,0,0,-106000,0,0,0,15000,121000,-106000,-106000
07630P,臺股指凱基9A售11,0,0,0,0,0,0,0,0,0,-106000,0,0,0,105000,211000,-106000,-106000
059274,國巨元大99購22  ,0,0,0,0,0,0,0,0,0,-107000,0,0,0,53000,160000,-107000,-107000
00641R,富邦日本反1     ,0,0,0,0,0,0,0,0,0,-107000,0,0,0,300000,407000,-107000,-107000
05666P,聯發科凱基96售14,0,0,0,0,0,0,0,0,0,-107000,0,0,0,0,107000,-107000,-107000
07975P,國巨元大9B售15  ,0,0,0,0,0,0,0,0,0,-107000,0,0,0,80000,187000,-107000,-107000
1338,廣華-KY         ,47000,154000,-107000,0,0,0,0,0,0,0,0,0,0,0,0,0,-107000
3653,健策            ,271000,151000,120000,0,0,0,0,29000,-29000,-198000,4000,97000,-93000,14000,119000,-105000,-107000
06833P,矽力群益99售01  ,0,0,0,0,0,0,0,0,0,-108000,0,0,0,0,108000,-108000,-108000
06187P,國巨統一97售05  ,0,0,0,0,0,0,0,0,0,-108000,0,0,0,216000,324000,-108000,-108000
062083,健策元大9C購03  ,0,0,0,0,0,0,0,0,0,-108000,0,0,0,111000,219000,-108000,-108000
060596,元黃金凱基9A購02,0,0,0,0,0,0,0,0,0,-108000,0,0,0,10000,118000,-108000,-108000
061028,聚陽永豐9A購01  ,0,0,0,0,0,0,0,0,0,-108000,0,0,0,0,108000,-108000,-108000
061117,美律國泰9C購01  ,0,0,0,0,0,0,0,0,0,-108000,0,0,0,157000,265000,-108000,-108000
061274,臺股指凱基9A購24,0,0,0,0,0,0,0,0,0,-108000,0,0,0,67000,175000,-108000,-108000
04838P,宏達電元大95售02,0,0,0,0,0,0,0,0,0,-108000,0,0,0,0,108000,-108000,-108000
059814,SP黃豆凱基9A購02,0,0,0,0,0,0,0,0,0,-108000,0,0,0,120000,228000,-108000,-108000
4720,德淵            ,63000,171000,-108000,0,0,0,0,0,0,0,0,0,0,0,0,0,-108000
07830P,牧德凱基9A售03  ,0,0,0,0,0,0,0,0,0,-108000,0,0,0,0,108000,-108000,-108000
060731,奇力新群益9A購01,0,0,0,0,0,0,0,0,0,-109000,0,0,0,11000,120000,-109000,-109000
061869,智邦元大9B購01  ,0,0,0,0,0,0,0,0,0,-109000,0,0,0,259000,368000,-109000,-109000
00680L,元大美債20正2   ,0,0,0,0,0,0,0,0,0,-109000,0,0,0,23000,132000,-109000,-109000
05088P,大立光富邦99售01,0,0,0,0,0,0,0,0,0,-109000,0,0,0,0,109000,-109000,-109000
05977P,旺宏永豐96售06  ,0,0,0,0,0,0,0,0,0,-109000,0,0,0,10000,119000,-109000,-109000
1604,聲寶            ,4000,113000,-109000,0,0,0,0,0,0,0,0,0,0,0,0,0,-109000
06528P,台積電富邦99售03,0,0,0,0,0,0,0,0,0,-110000,0,0,0,100000,210000,-110000,-110000
053082,聯電元大98購03  ,0,0,0,0,0,0,0,0,0,-110000,0,0,0,0,110000,-110000,-110000
053844,GIS統一96購01   ,0,0,0,0,0,0,0,0,0,-110000,0,0,0,0,110000,-110000,-110000
055736,宏達電元富99購01,0,0,0,0,0,0,0,0,0,-110000,0,0,0,40000,150000,-110000,-110000
055135,聯發科富邦99購05,0,0,0,0,0,0,0,0,0,-110000,0,0,0,0,110000,-110000,-110000
056262,台積電統一98購04,0,0,0,0,0,0,0,0,0,-110000,0,0,0,0,110000,-110000,-110000
05873P,華通群益97售02  ,0,0,0,0,0,0,0,0,0,-110000,0,0,0,20000,130000,-110000,-110000
057690,美律凱基99購03  ,0,0,0,0,0,0,0,0,0,-110000,0,0,0,49000,159000,-110000,-110000
07742P,台積電凱基9A售25,0,0,0,0,0,0,0,0,0,-110000,0,0,0,0,110000,-110000,-110000
06296P,燿華元大98售01  ,0,0,0,0,0,0,0,0,0,-111000,0,0,0,73000,184000,-111000,-111000
062274,台積電群益9B購04,0,0,0,0,0,0,0,0,0,-111000,0,0,0,20000,131000,-111000,-111000
06081P,深中小元大97售02,0,0,0,0,0,0,0,0,0,-111000,0,0,0,0,111000,-111000,-111000
060188,華新科元富9A購03,0,0,0,0,0,0,0,0,0,-111000,0,0,0,61000,172000,-111000,-111000
060528,友達中信9C購01  ,0,0,0,0,0,0,0,0,0,-111000,0,0,0,0,111000,-111000,-111000
060934,台汽電永豐9A購02,0,0,0,0,0,0,0,0,0,-111000,0,0,0,100000,211000,-111000,-111000
055243,國巨統一97購04  ,0,0,0,0,0,0,0,0,0,-111000,0,0,0,0,111000,-111000,-111000
051971,元金2X凱基97購02,0,0,0,0,0,0,0,0,0,-111000,0,0,0,0,111000,-111000,-111000
054704,玉晶光第一97購01,0,0,0,0,0,0,0,0,0,-111000,0,0,0,0,111000,-111000,-111000
07728P,臺股指凱基9A售20,0,0,0,0,0,0,0,0,0,-111000,0,0,0,78000,189000,-111000,-111000
2731,雄獅            ,11000,122000,-111000,0,0,0,0,0,0,0,0,0,0,0,0,0,-111000
3029,零壹            ,138000,257000,-119000,0,0,0,0,0,0,8000,18000,10000,8000,0,0,0,-111000
06599P,宏達電永豐98售02,0,0,0,0,0,0,0,0,0,-112000,0,0,0,28000,140000,-112000,-112000
062008,南亞科國泰9C購01,0,0,0,0,0,0,0,0,0,-112000,0,0,0,126000,238000,-112000,-112000
055071,群電永豐97購01  ,0,0,0,0,0,0,0,0,0,-112000,0,0,0,55000,167000,-112000,-112000
07764P,世紀鋼永豐9A售04,0,0,0,0,0,0,0,0,0,-112000,0,0,0,10000,122000,-112000,-112000
060423,智易永豐9A購01  ,0,0,0,0,0,0,0,0,0,-113000,0,0,0,127000,240000,-113000,-113000
060683,泰鼎元大9A購02  ,0,0,0,0,0,0,0,0,0,-113000,0,0,0,19000,132000,-113000,-113000
054239,台郡群益96購02  ,0,0,0,0,0,0,0,0,0,-113000,0,0,0,6000,119000,-113000,-113000
059239,台積電凱基99購12,0,0,0,0,0,0,0,0,0,-113000,0,0,0,0,113000,-113000,-113000
2705,六福            ,10000,123000,-113000,0,0,0,0,0,0,0,0,0,0,0,0,0,-113000
4536,拓凱            ,54000,92000,-38000,0,0,0,10000,72000,-62000,-13000,0,0,0,0,13000,-13000,-113000
061025,創意富邦9B購01  ,0,0,0,0,0,0,0,0,0,-114000,0,0,0,10000,124000,-114000,-114000
061544,大毅群益9B購02  ,0,0,0,0,0,0,0,0,0,-114000,0,0,0,274000,388000,-114000,-114000
06568P,國巨永豐98售05  ,0,0,0,0,0,0,0,0,0,-114000,0,0,0,11000,125000,-114000,-114000
00665L,富邦恒生國企正2 ,213000,80000,133000,0,0,0,0,0,0,-247000,0,0,0,260000,507000,-247000,-114000
056980,建準群益98購02  ,0,0,0,0,0,0,0,0,0,-114000,0,0,0,118000,232000,-114000,-114000
060008,華邦電群益9A購01,0,0,0,0,0,0,0,0,0,-114000,0,0,0,125000,239000,-114000,-114000
2464,盟立            ,50000,161000,-111000,0,0,0,0,0,0,-3000,0,0,0,0,3000,-3000,-114000
2059,川湖            ,126000,247000,-121000,0,0,0,0,0,0,7000,8000,0,8000,0,1000,-1000,-114000
1340,勝悅-KY         ,3000,117000,-114000,0,0,0,0,0,0,0,0,0,0,0,0,0,-114000
07965P,玉晶光群益01售02,0,0,0,0,0,0,0,0,0,-114000,0,0,0,7000,121000,-114000,-114000
06935P,神達元大98售02  ,0,0,0,0,0,0,0,0,0,-114000,0,0,0,76000,190000,-114000,-114000
062328,南亞科統一9C購01,0,0,0,0,0,0,0,0,0,-115000,0,0,0,0,115000,-115000,-115000
060861,漢唐永豐9A購01  ,0,0,0,0,0,0,0,0,0,-115000,0,0,0,123000,238000,-115000,-115000
060538,S&P反1凱基9A購01,0,0,0,0,0,0,0,0,0,-115000,0,0,0,0,115000,-115000,-115000
05923P,旺宏元富96售05  ,0,0,0,0,0,0,0,0,0,-115000,0,0,0,0,115000,-115000,-115000
056688,聯詠統一98購01  ,0,0,0,0,0,0,0,0,0,-115000,0,0,0,55000,170000,-115000,-115000
2013,中鋼構          ,52000,167000,-115000,0,0,0,0,0,0,0,0,0,0,0,0,0,-115000
2419,仲琦            ,32000,147000,-115000,0,0,0,0,0,0,0,0,0,0,0,0,0,-115000
058318,致茂永豐9A購01  ,0,0,0,0,0,0,0,0,0,-116000,0,0,0,20000,136000,-116000,-116000
060157,致茂永豐9A購02  ,0,0,0,0,0,0,0,0,0,-116000,0,0,0,15000,131000,-116000,-116000
058094,祥碩元大98購09  ,0,0,0,0,0,0,0,0,0,-116000,0,0,0,287000,403000,-116000,-116000
052849,可成統一97購01  ,0,0,0,0,0,0,0,0,0,-117000,0,0,0,146000,263000,-117000,-117000
056883,美食康和98購01  ,0,0,0,0,0,0,0,0,0,-117000,0,0,0,0,117000,-117000,-117000
057656,大成鋼兆豐98購01,0,0,0,0,0,0,0,0,0,-117000,0,0,0,0,117000,-117000,-117000
07246P,旺宏凱基99售08  ,0,0,0,0,0,0,0,0,0,-117000,0,0,0,0,117000,-117000,-117000
3022,威強電          ,25000,141000,-116000,0,0,0,0,0,0,-1000,0,1000,-1000,0,0,0,-117000
2912,統一超          ,503000,620623,-117623,0,0,0,1000,0,1000,-1000,3000,4000,-1000,0,0,0,-117623
060781,台郡國泰9B購01  ,0,0,0,0,0,0,0,0,0,-118000,0,0,0,152000,270000,-118000,-118000
3454,晶睿            ,8000,126000,-118000,0,0,0,0,0,0,0,0,0,0,0,0,0,-118000
4526,東台            ,0,118000,-118000,0,0,0,0,0,0,0,0,0,0,0,0,0,-118000
4551,智伸科          ,216000,134000,82000,0,0,0,0,91000,-91000,-109000,5000,109000,-104000,1000,6000,-5000,-118000
062208,旭富國票9C購01  ,0,0,0,0,0,0,0,0,0,-119000,0,0,0,60000,179000,-119000,-119000
07100P,華航元大99售01  ,0,0,0,0,0,0,0,0,0,-119000,0,0,0,69000,188000,-119000,-119000
061536,華擎統一9C購02  ,0,0,0,0,0,0,0,0,0,-120000,0,0,0,642000,762000,-120000,-120000
052779,欣興國票97購01  ,0,0,0,0,0,0,0,0,0,-120000,0,0,0,0,120000,-120000,-120000
055245,凱美統一99購01  ,0,0,0,0,0,0,0,0,0,-120000,0,0,0,45000,165000,-120000,-120000
057997,旺宏第一9C購01  ,0,0,0,0,0,0,0,0,0,-120000,0,0,0,0,120000,-120000,-120000
056507,創意永豐98購02  ,0,0,0,0,0,0,0,0,0,-120000,0,0,0,0,120000,-120000,-120000
06038P,國泰金台新96售01,0,0,0,0,0,0,0,0,0,-120000,0,0,0,0,120000,-120000,-120000
058315,TPK富邦9C購01   ,0,0,0,0,0,0,0,0,0,-120000,0,0,0,0,120000,-120000,-120000
058339,康友元富99購02  ,0,0,0,0,0,0,0,0,0,-120000,0,0,0,10000,130000,-120000,-120000
07147P,高鐵元大99售01  ,0,0,0,0,0,0,0,0,0,-120000,0,0,0,30000,150000,-120000,-120000
07938P,國巨統一9B售10  ,0,0,0,0,0,0,0,0,0,-120000,0,0,0,200000,320000,-120000,-120000
8104,錸寶            ,57000,177000,-120000,0,0,0,0,0,0,0,0,0,0,0,0,0,-120000
3008,大立光          ,85800,212160,-126360,0,0,0,22000,8900,13100,-7000,1000,4000,-3000,1000,5000,-4000,-120260
060638,玉晶光永豐9A購04,0,0,0,0,0,0,0,0,0,-121000,0,0,0,7000,128000,-121000,-121000
051193,新日興兆豐96購01,0,0,0,0,0,0,0,0,0,-121000,0,0,0,108000,229000,-121000,-121000
05710P,禾伸堂國票97售02,0,0,0,0,0,0,0,0,0,-121000,0,0,0,190000,311000,-121000,-121000
07889P,旭富國票9B售01  ,0,0,0,0,0,0,0,0,0,-121000,0,0,0,1000,122000,-121000,-121000
1451,年興            ,0,121000,-121000,0,0,0,0,0,0,0,0,0,0,0,0,0,-121000
052586,晶豪科永豐96購01,0,0,0,0,0,0,0,0,0,-122000,0,0,0,80000,202000,-122000,-122000
05524P,瀚宇博國票97售02,0,0,0,0,0,0,0,0,0,-122000,0,0,0,0,122000,-122000,-122000
07576P,可成元大9A售01  ,0,0,0,0,0,0,0,0,0,-122000,0,0,0,0,122000,-122000,-122000
060775,世芯凱基9A購02  ,0,0,0,0,0,0,0,0,0,-123000,0,0,0,42000,165000,-123000,-123000
062049,亞德客統一01購01,0,0,0,0,0,0,0,0,0,-123000,0,0,0,0,123000,-123000,-123000
06553P,訊芯元大98售05  ,0,0,0,0,0,0,0,0,0,-123000,0,0,0,75000,198000,-123000,-123000
06667P,鴻海凱基98售11  ,0,0,0,0,0,0,0,0,0,-123000,0,0,0,206000,329000,-123000,-123000
054091,晶豪科群益96購01,0,0,0,0,0,0,0,0,0,-123000,0,0,0,117000,240000,-123000,-123000
057045,美律元大99購04  ,0,0,0,0,0,0,0,0,0,-123000,0,0,0,68000,191000,-123000,-123000
07669P,華新科元大9A售14,0,0,0,0,0,0,0,0,0,-123000,0,0,0,101000,224000,-123000,-123000
056670,樺漢國票99購01  ,0,0,0,0,0,0,0,0,0,-124000,0,0,0,156000,280000,-124000,-124000
060363,美律元富9A購01  ,0,0,0,0,0,0,0,0,0,-124000,0,0,0,292000,416000,-124000,-124000
2348,海悅            ,37000,100000,-63000,0,0,0,0,0,0,-61000,0,61000,-61000,0,0,0,-124000
2851,中再保          ,1000,134000,-133000,0,0,0,0,0,0,9000,9000,0,9000,0,0,0,-124000
062084,台郡元大9B購04  ,0,0,0,0,0,0,0,0,0,-125000,0,0,0,75000,200000,-125000,-125000
060215,柏文康和9A購01  ,0,0,0,0,0,0,0,0,0,-125000,0,0,0,25000,150000,-125000,-125000
060917,台表科國泰9B購01,0,0,0,0,0,0,0,0,0,-125000,0,0,0,184000,309000,-125000,-125000
052614,聯電國泰97購01  ,0,0,0,0,0,0,0,0,0,-125000,0,0,0,0,125000,-125000,-125000
052738,聯電元大98購02  ,0,0,0,0,0,0,0,0,0,-125000,0,0,0,236000,361000,-125000,-125000
052062,臺股指國票95購09,0,0,0,0,0,0,0,0,0,-125000,0,0,0,0,125000,-125000,-125000
057578,可成中信99購01  ,0,0,0,0,0,0,0,0,0,-125000,0,0,0,25000,150000,-125000,-125000
056606,華新科富邦9A購02,0,0,0,0,0,0,0,0,0,-125000,0,0,0,0,125000,-125000,-125000
05131P,聯詠統一97售01  ,0,0,0,0,0,0,0,0,0,-126000,0,0,0,108000,234000,-126000,-126000
056762,亞德客元大98購01,0,0,0,0,0,0,0,0,0,-126000,0,0,0,4000,130000,-126000,-126000
060911,大毅元大9A購01  ,0,0,0,0,0,0,0,0,0,-127000,0,0,0,106000,233000,-127000,-127000
06212P,華新科元大97售11,0,0,0,0,0,0,0,0,0,-127000,0,0,0,202000,329000,-127000,-127000
061785,奇力新群益9B購01,0,0,0,0,0,0,0,0,0,-127000,0,0,0,140000,267000,-127000,-127000
06744P,嘉聯益永豐98售03,0,0,0,0,0,0,0,0,0,-127000,0,0,0,0,127000,-127000,-127000
06232P,智易永豐97售01  ,0,0,0,0,0,0,0,0,0,-127000,0,0,0,1000,128000,-127000,-127000
061564,華擎國票9A購02  ,0,0,0,0,0,0,0,0,0,-128000,0,0,0,71000,199000,-128000,-128000
05947P,大成鋼元大96售03,0,0,0,0,0,0,0,0,0,-128000,0,0,0,0,128000,-128000,-128000
058210,臺股指凱基9C購04,0,0,0,0,0,0,0,0,0,-128000,0,0,0,0,128000,-128000,-128000
07671P,超眾元大9A售04  ,0,0,0,0,0,0,0,0,0,-128000,0,0,0,0,128000,-128000,-128000
06936P,瑞儀元大98售01  ,0,0,0,0,0,0,0,0,0,-128000,0,0,0,0,128000,-128000,-128000
07039P,南電台新99售01  ,0,0,0,0,0,0,0,0,0,-128000,0,0,0,32000,160000,-128000,-128000
055389,國巨統一98購02  ,0,0,0,0,0,0,0,0,0,-129000,0,0,0,50000,179000,-129000,-129000
055380,智易元大98購02  ,0,0,0,0,0,0,0,0,0,-129000,0,0,0,47000,176000,-129000,-129000
061253,臺股指群益9A購04,0,0,0,0,0,0,0,0,0,-130000,0,0,0,0,130000,-130000,-130000
060259,潤泰全凱基9C購01,0,0,0,0,0,0,0,0,0,-130000,0,0,0,0,130000,-130000,-130000
060756,鴻海元大9A購16  ,0,0,0,0,0,0,0,0,0,-130000,0,0,0,0,130000,-130000,-130000
054803,味全元大9A購01  ,0,0,0,0,0,0,0,0,0,-130000,0,0,0,0,130000,-130000,-130000
054527,國巨統一97購03  ,0,0,0,0,0,0,0,0,0,-130000,0,0,0,155000,285000,-130000,-130000
056584,鴻海統一9B購01  ,0,0,0,0,0,0,0,0,0,-130000,0,0,0,291000,421000,-130000,-130000
059042,世紀鋼群益99購02,0,0,0,0,0,0,0,0,0,-130000,0,0,0,3000,133000,-130000,-130000
07354P,臺股指國票99售22,0,0,0,0,0,0,0,0,0,-130000,0,0,0,80000,210000,-130000,-130000
2548,華固            ,170000,304000,-134000,0,0,0,2000,0,2000,2000,4000,2000,2000,0,0,0,-130000
2538,基泰            ,11000,141000,-130000,0,0,0,0,0,0,0,0,0,0,0,0,0,-130000
9946,三發地產        ,0,130000,-130000,0,0,0,0,0,0,0,0,0,0,0,0,0,-130000
058482,祥碩凱基99購02  ,0,0,0,0,0,0,0,0,0,-131000,0,0,0,112000,243000,-131000,-131000
058950,國巨群益99購06  ,0,0,0,0,0,0,0,0,0,-131000,0,0,0,110000,241000,-131000,-131000
9136,巨騰-DR         ,93000,224000,-131000,0,0,0,0,0,0,0,0,0,0,0,0,0,-131000
07149P,健鼎元大99售03  ,0,0,0,0,0,0,0,0,0,-131000,0,0,0,0,131000,-131000,-131000
060578,臺股指中信9C購03,0,0,0,0,0,0,0,0,0,-132000,0,0,0,402000,534000,-132000,-132000
062393,智邦富邦9B購01  ,0,0,0,0,0,0,0,0,0,-132000,0,0,0,20000,152000,-132000,-132000
062041,華擎凱基9C購01  ,0,0,0,0,0,0,0,0,0,-132000,0,0,0,74000,206000,-132000,-132000
051544,T50反1康和98購01,0,0,0,0,0,0,0,0,0,-132000,0,0,0,10000,142000,-132000,-132000
8261,富鼎            ,142000,274000,-132000,0,0,0,0,0,0,0,0,0,0,0,0,0,-132000
061908,台積電中信05購01,0,0,0,0,0,0,0,0,0,-133000,0,0,0,100000,233000,-133000,-133000
05627P,致伸國票97售01  ,0,0,0,0,0,0,0,0,0,-133000,0,0,0,28000,161000,-133000,-133000
062028,晶技群益9B購01  ,0,0,0,0,0,0,0,0,0,-134000,0,0,0,0,134000,-134000,-134000
061492,超眾兆豐9B購01  ,0,0,0,0,0,0,0,0,0,-134000,0,0,0,17000,151000,-134000,-134000
08818P,台灣50凱基01售18,0,0,0,0,0,0,0,0,0,-134000,0,0,0,0,134000,-134000,-134000
052004,泰碩國泰97購03  ,0,0,0,0,0,0,0,0,0,-135000,0,0,0,95000,230000,-135000,-135000
05348P,美律元富98售01  ,0,0,0,0,0,0,0,0,0,-135000,0,0,0,207000,342000,-135000,-135000
057712,南亞科統一9A購01,0,0,0,0,0,0,0,0,0,-135000,0,0,0,0,135000,-135000,-135000
5225,東科-KY         ,23000,158000,-135000,0,0,0,0,0,0,0,0,0,0,0,0,0,-135000
060851,國巨國泰9C購01  ,0,0,0,0,0,0,0,0,0,-136000,0,0,0,52000,188000,-136000,-136000
3312,弘憶股          ,26000,162000,-136000,0,0,0,0,0,0,0,0,0,0,0,0,0,-136000
060230,台積電元大9A購07,0,0,0,0,0,0,0,0,0,-137000,0,0,0,0,137000,-137000,-137000
062347,台光電群益9B購02,0,0,0,0,0,0,0,0,0,-137000,0,0,0,43000,180000,-137000,-137000
054079,鴻海中信98購02  ,0,0,0,0,0,0,0,0,0,-137000,0,0,0,0,137000,-137000,-137000
07067P,旺宏台新99售02  ,0,0,0,0,0,0,0,0,0,-137000,0,0,0,19000,156000,-137000,-137000
060744,鴻海國票9A購04  ,0,0,0,0,0,0,0,0,0,-138000,0,0,0,84000,222000,-138000,-138000
052908,大成鋼統一96購01,0,0,0,0,0,0,0,0,0,-138000,0,0,0,212000,350000,-138000,-138000
05724P,致茂永豐96售01  ,0,0,0,0,0,0,0,0,0,-138000,0,0,0,0,138000,-138000,-138000
057780,台郡群益98購02  ,0,0,0,0,0,0,0,0,0,-138000,0,0,0,105000,243000,-138000,-138000
058873,美律國票9A購02  ,0,0,0,0,0,0,0,0,0,-138000,0,0,0,38000,176000,-138000,-138000
05626P,景碩國票97售03  ,0,0,0,0,0,0,0,0,0,-138000,0,0,0,43000,181000,-138000,-138000
07757P,國巨國票9B售04  ,0,0,0,0,0,0,0,0,0,-138000,0,0,0,246000,384000,-138000,-138000
07781P,高鐵凱基9A售02  ,0,0,0,0,0,0,0,0,0,-138000,0,0,0,0,138000,-138000,-138000
07416P,台積電元大99售53,0,0,0,0,0,0,0,0,0,-138000,0,0,0,55000,193000,-138000,-138000
2908,特力            ,139000,277000,-138000,0,0,0,0,0,0,0,0,0,0,0,0,0,-138000
3031,佰鴻            ,12000,150000,-138000,0,0,0,0,0,0,0,0,0,0,0,0,0,-138000
05546P,全新元大97售01  ,0,0,0,0,0,0,0,0,0,-139000,0,0,0,11000,150000,-139000,-139000
053573,臺股指統一99購01,0,0,0,0,0,0,0,0,0,-139000,0,0,0,6000,145000,-139000,-139000
058403,玉晶光元大99購12,0,0,0,0,0,0,0,0,0,-139000,0,0,0,56000,195000,-139000,-139000
06347P,祥碩元富97售02  ,0,0,0,0,0,0,0,0,0,-140000,0,0,0,0,140000,-140000,-140000
062415,聯茂中信9C購01  ,0,0,0,0,0,0,0,0,0,-140000,0,0,0,0,140000,-140000,-140000
052609,智易元大97購01  ,0,0,0,0,0,0,0,0,0,-140000,0,0,0,0,140000,-140000,-140000
056724,臻鼎中信9A購01  ,0,0,0,0,0,0,0,0,0,-140000,0,0,0,270000,410000,-140000,-140000
058305,華邦電元大99購02,0,0,0,0,0,0,0,0,0,-140000,0,0,0,0,140000,-140000,-140000
058309,大毅元大99購02  ,0,0,0,0,0,0,0,0,0,-140000,0,0,0,35000,175000,-140000,-140000
058810,國巨統一9B購04  ,0,0,0,0,0,0,0,0,0,-140000,0,0,0,0,140000,-140000,-140000
058196,台塑中信99購01  ,0,0,0,0,0,0,0,0,0,-140000,0,0,0,10000,150000,-140000,-140000
053516,茂林群益96購05  ,0,0,0,0,0,0,0,0,0,-141000,0,0,0,10000,151000,-141000,-141000
05538P,玉晶光國票97售02,0,0,0,0,0,0,0,0,0,-141000,0,0,0,149000,290000,-141000,-141000
055820,矽力國票98購02  ,0,0,0,0,0,0,0,0,0,-141000,0,0,0,117000,258000,-141000,-141000
057033,A50反1元大9B購02,0,0,0,0,0,0,0,0,0,-141000,0,0,0,20000,161000,-141000,-141000
060392,華擎群益9C購02  ,0,0,0,0,0,0,0,0,0,-141000,0,0,0,529000,670000,-141000,-141000
059903,S&P正2元大99購02,0,0,0,0,0,0,0,0,0,-141000,0,0,0,0,141000,-141000,-141000
4916,事欣科          ,0,141000,-141000,0,0,0,0,0,0,0,0,0,0,0,0,0,-141000
07421P,國泰金元大99售01,0,0,0,0,0,0,0,0,0,-141000,0,0,0,0,141000,-141000,-141000
058877,T50反1國泰9B購01,0,0,0,0,0,0,0,0,0,-142000,0,0,0,40000,182000,-142000,-142000
07641P,上銀凱基9A售05  ,0,0,0,0,0,0,0,0,0,-142000,0,0,0,18000,160000,-142000,-142000
1217,愛之味          ,65000,207000,-142000,0,0,0,0,0,0,0,0,0,0,0,0,0,-142000
2228,劍麟            ,28000,174000,-146000,0,0,0,0,0,0,4000,0,0,0,6000,2000,4000,-142000
06173P,華通元大97售02  ,0,0,0,0,0,0,0,0,0,-143000,0,0,0,0,143000,-143000,-143000
059375,道瓊反群益9C購02,0,0,0,0,0,0,0,0,0,-143000,0,0,0,98000,241000,-143000,-143000
059040,訊芯群益99購03  ,0,0,0,0,0,0,0,0,0,-143000,0,0,0,70000,213000,-143000,-143000
2030,彰源            ,0,143000,-143000,0,0,0,0,0,0,0,0,0,0,0,0,0,-143000
2727,王品            ,12000,155000,-143000,0,0,0,0,0,0,0,0,0,0,0,0,0,-143000
1783,和康生          ,37000,180000,-143000,0,0,0,0,0,0,0,0,0,0,0,0,0,-143000
061634,遠東新元大9A購01,0,0,0,0,0,0,0,0,0,-144000,0,0,0,417000,561000,-144000,-144000
053595,創意元大96購02  ,0,0,0,0,0,0,0,0,0,-144000,0,0,0,0,144000,-144000,-144000
05248P,矽創群益96售01  ,0,0,0,0,0,0,0,0,0,-144000,0,0,0,0,144000,-144000,-144000
059075,FBVIX元大99購01 ,0,0,0,0,0,0,0,0,0,-144000,0,0,0,10000,154000,-144000,-144000
07658P,國泰金凱基9A售01,0,0,0,0,0,0,0,0,0,-144000,0,0,0,0,144000,-144000,-144000
053186,健策中信9C購01  ,0,0,0,0,0,0,0,0,0,-145000,0,0,0,13000,158000,-145000,-145000
2415,錩新            ,91000,236000,-145000,0,0,0,0,0,0,0,0,0,0,0,0,0,-145000
06857P,超眾永豐98售02  ,0,0,0,0,0,0,0,0,0,-146000,0,0,0,86000,232000,-146000,-146000
03857P,聯發科元富99售02,0,0,0,0,0,0,0,0,0,-146000,0,0,0,0,146000,-146000,-146000
07471P,南亞科元大9A售01,0,0,0,0,0,0,0,0,0,-146000,0,0,0,10000,156000,-146000,-146000
03678C,臺股指凱基01牛02,0,0,0,0,0,0,0,0,0,-147000,0,0,0,79000,226000,-147000,-147000
060384,葡萄王凱基9B購01,0,0,0,0,0,0,0,0,0,-147000,0,0,0,141000,288000,-147000,-147000
07060P,台表科國票9A售01,0,0,0,0,0,0,0,0,0,-147000,0,0,0,50000,197000,-147000,-147000
3356,奇偶            ,45000,192000,-147000,0,0,0,0,0,0,0,0,0,0,0,0,0,-147000
060411,達新永豐9A購01  ,0,0,0,0,0,0,0,0,0,-148000,0,0,0,6000,154000,-148000,-148000
055235,金寶台新98購01  ,0,0,0,0,0,0,0,0,0,-148000,0,0,0,0,148000,-148000,-148000
06010P,國泰金元富96售01,0,0,0,0,0,0,0,0,0,-148000,0,0,0,61000,209000,-148000,-148000
056335,微星凱基98購01  ,0,0,0,0,0,0,0,0,0,-148000,0,0,0,123000,271000,-148000,-148000
058019,美律凱基99購04  ,0,0,0,0,0,0,0,0,0,-148000,0,0,0,0,148000,-148000,-148000
07127P,精元元大99售01  ,0,0,0,0,0,0,0,0,0,-148000,0,0,0,46000,194000,-148000,-148000
061140,華擎統一9C購01  ,0,0,0,0,0,0,0,0,0,-149000,0,0,0,57000,206000,-149000,-149000
06332P,世紀鋼群益98售01,0,0,0,0,0,0,0,0,0,-149000,0,0,0,10000,159000,-149000,-149000
07457P,宏達電元大9A售01,0,0,0,0,0,0,0,0,0,-149000,0,0,0,170000,319000,-149000,-149000
2535,達欣工          ,24000,288000,-264000,0,0,0,0,0,0,115000,165000,50000,115000,0,0,0,-149000
055026,健和興國泰98購01,0,0,0,0,0,0,0,0,0,-150000,0,0,0,0,150000,-150000,-150000
053770,元金2X元大98購01,0,0,0,0,0,0,0,0,0,-150000,0,0,0,0,150000,-150000,-150000
059688,燿華永豐99購01  ,0,0,0,0,0,0,0,0,0,-150000,0,0,0,11000,161000,-150000,-150000
03433B,臺股指元大9C熊01,0,0,0,0,0,0,0,0,0,-150000,0,0,0,29000,179000,-150000,-150000
058393,元油2X元大99購13,0,0,0,0,0,0,0,0,0,-150000,0,0,0,0,150000,-150000,-150000
1731,美吾華          ,18000,168000,-150000,0,0,0,0,0,0,0,0,0,0,0,0,0,-150000
07834P,聯詠群益9A售03  ,0,0,0,0,0,0,0,0,0,-150000,0,0,0,17000,167000,-150000,-150000
4426,利勤            ,12000,162000,-150000,0,0,0,0,0,0,0,0,0,0,0,0,0,-150000
061141,臻鼎統一9A購01  ,0,0,0,0,0,0,0,0,0,-151000,0,0,0,22000,173000,-151000,-151000
061476,大毅元大9A購02  ,0,0,0,0,0,0,0,0,0,-151000,0,0,0,101000,252000,-151000,-151000
055877,奇鋐元富97購01  ,0,0,0,0,0,0,0,0,0,-151000,0,0,0,60000,211000,-151000,-151000
058017,漢唐凱基99購01  ,0,0,0,0,0,0,0,0,0,-151000,0,0,0,25000,176000,-151000,-151000
6669,緯穎            ,552000,698000,-146000,0,0,0,0,0,0,-5000,18000,26000,-8000,7000,4000,3000,-151000
07482P,南亞科元富9A售04,0,0,0,0,0,0,0,0,0,-151000,0,0,0,56000,207000,-151000,-151000
07486P,上証2X國票9B售02,0,0,0,0,0,0,0,0,0,-151000,0,0,0,0,151000,-151000,-151000
053860,台積電元大98購03,0,0,0,0,0,0,0,0,0,-152000,0,0,0,0,152000,-152000,-152000
052235,聯發科國票96購02,0,0,0,0,0,0,0,0,0,-152000,0,0,0,14000,166000,-152000,-152000
058392,元油2X元大99購12,0,0,0,0,0,0,0,0,0,-152000,0,0,0,0,152000,-152000,-152000
061596,健策永豐9A購03  ,0,0,0,0,0,0,0,0,0,-153000,0,0,0,6000,159000,-153000,-153000
061668,信邦中信9B購01  ,0,0,0,0,0,0,0,0,0,-153000,0,0,0,5000,158000,-153000,-153000
054626,建準凱基98購01  ,0,0,0,0,0,0,0,0,0,-153000,0,0,0,0,153000,-153000,-153000
058646,聯茂富邦9A購01  ,0,0,0,0,0,0,0,0,0,-153000,0,0,0,205000,358000,-153000,-153000
1734,杏輝            ,44000,197000,-153000,0,0,0,0,0,0,0,0,0,0,0,0,0,-153000
4942,嘉彰            ,102000,255000,-153000,0,0,0,0,0,0,0,0,0,0,0,0,0,-153000
058925,旭富元富99購02  ,0,0,0,0,0,0,0,0,0,-154000,0,0,0,213000,367000,-154000,-154000
3669,圓展            ,219000,370000,-151000,0,0,0,0,0,0,-3000,0,3000,-3000,0,0,0,-154000
07963P,智邦統一9B售01  ,0,0,0,0,0,0,0,0,0,-154000,0,0,0,27000,181000,-154000,-154000
2441,超豐            ,83000,214000,-131000,0,0,0,0,0,0,-23000,2000,25000,-23000,0,0,0,-154000
060644,泰鼎永豐9A購02  ,0,0,0,0,0,0,0,0,0,-155000,0,0,0,0,155000,-155000,-155000
056605,台積電富邦9B購02,0,0,0,0,0,0,0,0,0,-155000,0,0,0,0,155000,-155000,-155000
07947P,國巨統一9B售12  ,0,0,0,0,0,0,0,0,0,-155000,0,0,0,200000,355000,-155000,-155000
07711P,世芯元大9A售07  ,0,0,0,0,0,0,0,0,0,-155000,0,0,0,17000,172000,-155000,-155000
07957P,晶技群益9B售02  ,0,0,0,0,0,0,0,0,0,-156000,0,0,0,182000,338000,-156000,-156000
9917,中保科          ,41100,204000,-162900,0,0,0,0,0,0,6000,6000,0,6000,0,0,0,-156900
061969,大立光統一01購02,0,0,0,0,0,0,0,0,0,-157000,0,0,0,23000,180000,-157000,-157000
054858,台肥群益97購01  ,0,0,0,0,0,0,0,0,0,-157000,0,0,0,0,157000,-157000,-157000
059181,世紀鋼元富9C購01,0,0,0,0,0,0,0,0,0,-157000,0,0,0,90000,247000,-157000,-157000
3518,柏騰            ,130000,288000,-158000,0,0,0,0,0,0,0,0,0,0,0,0,0,-158000
2405,浩鑫            ,6000,164000,-158000,0,0,0,0,0,0,0,0,0,0,0,0,0,-158000
07040P,台灣50元大9C售02,0,0,0,0,0,0,0,0,0,-158000,0,0,0,0,158000,-158000,-158000
06926P,可成群益9A售04  ,0,0,0,0,0,0,0,0,0,-158000,0,0,0,1000,159000,-158000,-158000
062559,嘉晶凱基9B購02  ,0,0,0,0,0,0,0,0,0,-159000,0,0,0,4000,163000,-159000,-159000
060616,宏碁元大9A購02  ,0,0,0,0,0,0,0,0,0,-159000,0,0,0,1000,160000,-159000,-159000
060282,聚陽元大9A購01  ,0,0,0,0,0,0,0,0,0,-159000,0,0,0,1000,160000,-159000,-159000
056178,嘉澤元富97購02  ,0,0,0,0,0,0,0,0,0,-159000,0,0,0,200000,359000,-159000,-159000
052700,奇鋐國票97購02  ,0,0,0,0,0,0,0,0,0,-159000,0,0,0,141000,300000,-159000,-159000
059996,美律元富99購01  ,0,0,0,0,0,0,0,0,0,-159000,0,0,0,139000,298000,-159000,-159000
1906,寶隆            ,3000,162000,-159000,0,0,0,0,0,0,0,0,0,0,0,0,0,-159000
060890,大立光統一01購01,0,0,0,0,0,0,0,0,0,-160000,0,0,0,30000,190000,-160000,-160000
06851P,鈺齊元大98售01  ,0,0,0,0,0,0,0,0,0,-160000,0,0,0,17000,177000,-160000,-160000
055470,南亞科凱基97購01,0,0,0,0,0,0,0,0,0,-160000,0,0,0,0,160000,-160000,-160000
055101,台肥凱基97購01  ,0,0,0,0,0,0,0,0,0,-160000,0,0,0,0,160000,-160000,-160000
5234,達興材料        ,53000,147000,-94000,0,0,0,0,68000,-68000,2000,2000,0,2000,0,0,0,-160000
055124,建準兆豐97購01  ,0,0,0,0,0,0,0,0,0,-161000,0,0,0,271000,432000,-161000,-161000
07560P,台積電國泰9B售01,0,0,0,0,0,0,0,0,0,-161000,0,0,0,10000,171000,-161000,-161000
062019,嘉澤永豐9B購01  ,0,0,0,0,0,0,0,0,0,-162000,0,0,0,100000,262000,-162000,-162000
062209,台積電台新9B購05,0,0,0,0,0,0,0,0,0,-162000,0,0,0,0,162000,-162000,-162000
060109,茂林元大99購05  ,0,0,0,0,0,0,0,0,0,-162000,0,0,0,41000,203000,-162000,-162000
057614,華新科元富99購04,0,0,0,0,0,0,0,0,0,-162000,0,0,0,0,162000,-162000,-162000
056058,建準元大97購02  ,0,0,0,0,0,0,0,0,0,-163000,0,0,0,188000,351000,-163000,-163000
059630,美律凱基99購07  ,0,0,0,0,0,0,0,0,0,-163000,0,0,0,145000,308000,-163000,-163000
059256,臺股指凱基99購34,0,0,0,0,0,0,0,0,0,-163000,0,0,0,35000,198000,-163000,-163000
058803,世紀鋼元大99購03,0,0,0,0,0,0,0,0,0,-163000,0,0,0,94000,257000,-163000,-163000
060002,T50反1群益9A購01,0,0,0,0,0,0,0,0,0,-163000,0,0,0,0,163000,-163000,-163000
058328,世紀鋼統一9B購01,0,0,0,0,0,0,0,0,0,-163000,0,0,0,223000,386000,-163000,-163000
07415P,台積電元大99售52,0,0,0,0,0,0,0,0,0,-163000,0,0,0,18000,181000,-163000,-163000
07988P,台積電台新9C售03,0,0,0,0,0,0,0,0,0,-163000,0,0,0,0,163000,-163000,-163000
2034,允強            ,7000,170000,-163000,0,0,0,0,0,0,0,0,0,0,0,0,0,-163000
4934,太極            ,30000,193000,-163000,0,0,0,0,0,0,0,0,0,0,0,0,0,-163000
061818,富邦金群益9C購01,0,0,0,0,0,0,0,0,0,-164000,0,0,0,1000,165000,-164000,-164000
6257,矽格            ,479000,515000,-36000,0,0,0,0,0,0,-128000,38000,122000,-84000,17000,61000,-44000,-164000
046881,智原富邦99購01  ,0,0,0,0,0,0,0,0,0,-165000,0,0,0,15000,180000,-165000,-165000
05869P,旺宏凱基96售05  ,0,0,0,0,0,0,0,0,0,-165000,0,0,0,60000,225000,-165000,-165000
6552,易華電          ,101000,261000,-160000,0,0,0,0,0,0,-5000,20000,0,20000,4000,29000,-25000,-165000
9941,裕融            ,36000,207000,-171000,0,0,0,0,0,0,6000,6000,0,6000,0,0,0,-165000
07927P,國巨統一9B售08  ,0,0,0,0,0,0,0,0,0,-165000,0,0,0,200000,365000,-165000,-165000
07022P,嘉晶永豐99售02  ,0,0,0,0,0,0,0,0,0,-165000,0,0,0,114000,279000,-165000,-165000
056649,智易凱基98購01  ,0,0,0,0,0,0,0,0,0,-166000,0,0,0,1000,167000,-166000,-166000
056895,技嘉元大98購01  ,0,0,0,0,0,0,0,0,0,-166000,0,0,0,17000,183000,-166000,-166000
061627,台表科群益9A購01,0,0,0,0,0,0,0,0,0,-167000,0,0,0,0,167000,-167000,-167000
055916,奇鋐凱基99購01  ,0,0,0,0,0,0,0,0,0,-167000,0,0,0,75000,242000,-167000,-167000
6285,啟碁            ,404000,530000,-126000,0,0,0,0,0,0,-41000,2000,22000,-20000,0,21000,-21000,-167000
2108,南帝            ,692000,874700,-182700,0,0,0,0,0,0,15000,15000,0,15000,0,0,0,-167700
056994,緯穎兆豐98購02  ,0,0,0,0,0,0,0,0,0,-168000,0,0,0,7000,175000,-168000,-168000
07850P,健策群益9A售06  ,0,0,0,0,0,0,0,0,0,-168000,0,0,0,79000,247000,-168000,-168000
060745,京元電國票9A購01,0,0,0,0,0,0,0,0,0,-169000,0,0,0,31000,200000,-169000,-169000
059849,興勤永豐99購01  ,0,0,0,0,0,0,0,0,0,-169000,0,0,0,68000,237000,-169000,-169000
061600,聯電凱基9B購01  ,0,0,0,0,0,0,0,0,0,-170000,0,0,0,0,170000,-170000,-170000
055131,茂林康和97購01  ,0,0,0,0,0,0,0,0,0,-170000,0,0,0,116000,286000,-170000,-170000
05639P,欣興統一97售01  ,0,0,0,0,0,0,0,0,0,-170000,0,0,0,67000,237000,-170000,-170000
3321,同泰            ,32000,202000,-170000,0,0,0,0,0,0,0,0,0,0,0,0,0,-170000
058445,旺宏富邦9C購01  ,0,0,0,0,0,0,0,0,0,-171000,0,0,0,15000,186000,-171000,-171000
07941P,國巨凱基9B售07  ,0,0,0,0,0,0,0,0,0,-171000,0,0,0,219000,390000,-171000,-171000
2207,和泰車          ,152800,325000,-172200,0,0,0,0,0,0,1000,7000,6000,1000,0,0,0,-171200
061997,台郡元大9B購03  ,0,0,0,0,0,0,0,0,0,-172000,0,0,0,32000,204000,-172000,-172000
06654P,欣興元大98售08  ,0,0,0,0,0,0,0,0,0,-172000,0,0,0,5000,177000,-172000,-172000
062370,華擎元大9B購01  ,0,0,0,0,0,0,0,0,0,-172000,0,0,0,66000,238000,-172000,-172000
061574,大毅元大9B購01  ,0,0,0,0,0,0,0,0,0,-172000,0,0,0,52000,224000,-172000,-172000
055566,台表科凱基97購03,0,0,0,0,0,0,0,0,0,-172000,0,0,0,0,172000,-172000,-172000
07875P,祥碩群益9B售01  ,0,0,0,0,0,0,0,0,0,-172000,0,0,0,20000,192000,-172000,-172000
07694P,超眾元大9A售05  ,0,0,0,0,0,0,0,0,0,-172000,0,0,0,120000,292000,-172000,-172000
054642,訊芯中信9A購01  ,0,0,0,0,0,0,0,0,0,-173000,0,0,0,0,173000,-173000,-173000
053118,大立光中信9C購01,0,0,0,0,0,0,0,0,0,-173000,0,0,0,352000,525000,-173000,-173000
060155,友訊永豐9A購01  ,0,0,0,0,0,0,0,0,0,-173000,0,0,0,230000,403000,-173000,-173000
2451,創見            ,38000,221000,-183000,0,0,0,0,0,0,10000,4000,0,4000,12000,6000,6000,-173000
06685P,鴻海國泰9A售01  ,0,0,0,0,0,0,0,0,0,-174000,0,0,0,0,174000,-174000,-174000
062329,奇力新統一9C購03,0,0,0,0,0,0,0,0,0,-175000,0,0,0,0,175000,-175000,-175000
057743,華擎永豐98購03  ,0,0,0,0,0,0,0,0,0,-175000,0,0,0,117000,292000,-175000,-175000
07880P,可成群益9B售05  ,0,0,0,0,0,0,0,0,0,-175000,0,0,0,0,175000,-175000,-175000
07863P,華新科凱基9B售07,0,0,0,0,0,0,0,0,0,-175000,0,0,0,63000,238000,-175000,-175000
07070P,晶相光元富99售01,0,0,0,0,0,0,0,0,0,-175000,0,0,0,0,175000,-175000,-175000
1590,亞德客-KY       ,447000,601595,-154595,0,0,0,45000,56000,-11000,-10000,3000,13000,-10000,12000,12000,0,-175595
06611P,祥碩國票98售01  ,0,0,0,0,0,0,0,0,0,-176000,0,0,0,57000,233000,-176000,-176000
1592,英瑞-KY         ,0,176000,-176000,0,0,0,0,0,0,0,0,0,0,0,0,0,-176000
06233P,訊芯永豐97售03  ,0,0,0,0,0,0,0,0,0,-177000,0,0,0,62000,239000,-177000,-177000
2379,瑞昱            ,899017,1130329,-231312,0,0,0,25000,5000,20000,34000,79000,29000,50000,50000,66000,-16000,-177312
061095,台積電台新9B購03,0,0,0,0,0,0,0,0,0,-178000,0,0,0,52000,230000,-178000,-178000
060807,新光金群益9A購01,0,0,0,0,0,0,0,0,0,-178000,0,0,0,148000,326000,-178000,-178000
050282,T50反1凱基97購01,0,0,0,0,0,0,0,0,0,-178000,0,0,0,0,178000,-178000,-178000
2881A,富邦特          ,0,8000,-8000,0,0,0,0,0,0,-170000,3000,173000,-170000,0,0,0,-178000
07754P,日月光元大9A售02,0,0,0,0,0,0,0,0,0,-178000,0,0,0,0,178000,-178000,-178000
061084,京元電兆豐9A購02,0,0,0,0,0,0,0,0,0,-179000,0,0,0,21000,200000,-179000,-179000
061183,友達國泰9B購02  ,0,0,0,0,0,0,0,0,0,-180000,0,0,0,0,180000,-180000,-180000
061549,泰碩群益9A購01  ,0,0,0,0,0,0,0,0,0,-180000,0,0,0,1000,181000,-180000,-180000
06369P,台積電凱基97售16,0,0,0,0,0,0,0,0,0,-180000,0,0,0,0,180000,-180000,-180000
06411P,晶相光永豐97售03,0,0,0,0,0,0,0,0,0,-180000,0,0,0,20000,200000,-180000,-180000
062218,燿華統一01購01  ,0,0,0,0,0,0,0,0,0,-180000,0,0,0,0,180000,-180000,-180000
052695,台表科中信98購01,0,0,0,0,0,0,0,0,0,-180000,0,0,0,0,180000,-180000,-180000
054859,鴻海群益97購02  ,0,0,0,0,0,0,0,0,0,-180000,0,0,0,0,180000,-180000,-180000
05926P,智易永豐96售02  ,0,0,0,0,0,0,0,0,0,-180000,0,0,0,0,180000,-180000,-180000
07368P,國巨凱基99售19  ,0,0,0,0,0,0,0,0,0,-180000,0,0,0,13000,193000,-180000,-180000
6108,競國            ,22000,202000,-180000,0,0,0,0,0,0,0,0,0,0,0,0,0,-180000
06657P,寶成元大98售01  ,0,0,0,0,0,0,0,0,0,-181000,0,0,0,59000,240000,-181000,-181000
00638R,元大滬深300反1  ,0,70000,-70000,0,0,0,0,0,0,-111000,0,0,0,134000,245000,-111000,-181000
057923,晶豪科凱基98購02,0,0,0,0,0,0,0,0,0,-181000,0,0,0,201000,382000,-181000,-181000
057670,欣興元大99購02  ,0,0,0,0,0,0,0,0,0,-181000,0,0,0,40000,221000,-181000,-181000
058707,泰鼎元大99購02  ,0,0,0,0,0,0,0,0,0,-181000,0,0,0,35000,216000,-181000,-181000
059882,臺股指凱基9C購06,0,0,0,0,0,0,0,0,0,-182000,0,0,0,207000,389000,-182000,-182000
062026,華邦電群益9B購01,0,0,0,0,0,0,0,0,0,-183000,0,0,0,27000,210000,-183000,-183000
060965,中租凱基9B購01  ,0,0,0,0,0,0,0,0,0,-183000,0,0,0,32000,215000,-183000,-183000
053292,美律中信98購01  ,0,0,0,0,0,0,0,0,0,-183000,0,0,0,0,183000,-183000,-183000
059308,T50反1元大99購07,0,0,0,0,0,0,0,0,0,-183000,0,0,0,20000,203000,-183000,-183000
054898,台肥康和97購01  ,0,0,0,0,0,0,0,0,0,-183000,0,0,0,99000,282000,-183000,-183000
057961,茂林元大9A購01  ,0,0,0,0,0,0,0,0,0,-183000,0,0,0,170000,353000,-183000,-183000
3060,銘異            ,340000,523000,-183000,0,0,0,0,0,0,0,0,0,0,0,0,0,-183000
3010,華立            ,76000,269000,-193000,0,0,0,0,0,0,8000,8000,0,8000,0,0,0,-185000
6209,今國光          ,81000,266000,-185000,0,0,0,0,0,0,0,0,0,0,0,0,0,-185000
00702,國泰標普低波高息,1000,0,1000,0,0,0,0,0,0,-187000,0,0,0,0,187000,-187000,-186000
2501,國建            ,5000,191000,-186000,0,0,0,0,0,0,0,0,0,0,0,0,0,-186000
06622P,牧德元大98售01  ,0,0,0,0,0,0,0,0,0,-187000,0,0,0,66000,253000,-187000,-187000
054947,興勤元大97購01  ,0,0,0,0,0,0,0,0,0,-187000,0,0,0,80000,267000,-187000,-187000
057395,旺宏中信98購03  ,0,0,0,0,0,0,0,0,0,-187000,0,0,0,0,187000,-187000,-187000
056245,嘉澤群益97購01  ,0,0,0,0,0,0,0,0,0,-187000,0,0,0,138000,325000,-187000,-187000
1723,中碳            ,3000,190000,-187000,0,0,0,0,0,0,0,0,0,0,0,0,0,-187000
056352,鴻海元大99購01  ,0,0,0,0,0,0,0,0,0,-188000,0,0,0,112000,300000,-188000,-188000
9958,世紀鋼          ,867000,1136000,-269000,0,0,0,0,30000,-30000,111000,141000,5000,136000,96000,121000,-25000,-188000
061856,台郡國票9B購02  ,0,0,0,0,0,0,0,0,0,-189000,0,0,0,318000,507000,-189000,-189000
053294,聯發科中信9C購01,0,0,0,0,0,0,0,0,0,-189000,0,0,0,51000,240000,-189000,-189000
053303,建準凱基96購03  ,0,0,0,0,0,0,0,0,0,-189000,0,0,0,0,189000,-189000,-189000
06005P,晶豪科永豐96售04,0,0,0,0,0,0,0,0,0,-189000,0,0,0,3000,192000,-189000,-189000
05760P,京鼎永豐96售02  ,0,0,0,0,0,0,0,0,0,-189000,0,0,0,3000,192000,-189000,-189000
6668,中揚光          ,66000,255000,-189000,0,0,0,0,0,0,0,0,0,0,0,0,0,-189000
5258,虹堡            ,51000,239000,-188000,0,0,0,0,0,0,-1000,2000,3000,-1000,0,0,0,-189000
06377P,華通統一97售04  ,0,0,0,0,0,0,0,0,0,-190000,0,0,0,5000,195000,-190000,-190000
053915,光罩國票96購02  ,0,0,0,0,0,0,0,0,0,-190000,0,0,0,20000,210000,-190000,-190000
3535,晶彩科          ,87000,277000,-190000,0,0,0,0,0,0,0,0,0,0,0,0,0,-190000
056739,美律凱基98購04  ,0,0,0,0,0,0,0,0,0,-191000,0,0,0,22000,213000,-191000,-191000
07189P,聯發科富邦9B售03,0,0,0,0,0,0,0,0,0,-191000,0,0,0,20000,211000,-191000,-191000
058763,和碩群益99購01  ,0,0,0,0,0,0,0,0,0,-192000,0,0,0,101000,293000,-192000,-192000
059155,台表科日盛99購01,0,0,0,0,0,0,0,0,0,-193000,0,0,0,138000,331000,-193000,-193000
07660P,聯茂凱基9A售03  ,0,0,0,0,0,0,0,0,0,-193000,0,0,0,10000,203000,-193000,-193000
061347,創意元大9A購02  ,0,0,0,0,0,0,0,0,0,-194000,0,0,0,13000,207000,-194000,-194000
058797,大毅元大99購03  ,0,0,0,0,0,0,0,0,0,-194000,0,0,0,8000,202000,-194000,-194000
058348,台表科群益99購01,0,0,0,0,0,0,0,0,0,-194000,0,0,0,10000,204000,-194000,-194000
061283,智邦統一9A購01  ,0,0,0,0,0,0,0,0,0,-195000,0,0,0,708000,903000,-195000,-195000
058849,奇力新群益99購02,0,0,0,0,0,0,0,0,0,-195000,0,0,0,20000,215000,-195000,-195000
1109,信大            ,9000,204000,-195000,0,0,0,0,0,0,0,0,0,0,0,0,0,-195000
05593P,鴻海國票97售03  ,0,0,0,0,0,0,0,0,0,-196000,0,0,0,0,196000,-196000,-196000
07575P,瑞昱元大9A售02  ,0,0,0,0,0,0,0,0,0,-196000,0,0,0,7000,203000,-196000,-196000
061297,台積電富邦9C購09,0,0,0,0,0,0,0,0,0,-197000,0,0,0,0,197000,-197000,-197000
061083,京元電兆豐9A購01,0,0,0,0,0,0,0,0,0,-197000,0,0,0,3000,200000,-197000,-197000
062112,祥碩國票9C購01  ,0,0,0,0,0,0,0,0,0,-197000,0,0,0,51000,248000,-197000,-197000
056084,漢唐統一97購03  ,0,0,0,0,0,0,0,0,0,-197000,0,0,0,48000,245000,-197000,-197000
9940,信義            ,0,204000,-204000,0,0,0,0,0,0,7000,7000,0,7000,0,0,0,-197000
061944,聯電群益9B購01  ,0,0,0,0,0,0,0,0,0,-198000,0,0,0,0,198000,-198000,-198000
059176,臺股指凱基99購27,0,0,0,0,0,0,0,0,0,-198000,0,0,0,55000,253000,-198000,-198000
056916,台達電兆豐98購02,0,0,0,0,0,0,0,0,0,-198000,0,0,0,2000,200000,-198000,-198000
07468P,聯電元大9A售02  ,0,0,0,0,0,0,0,0,0,-198000,0,0,0,17000,215000,-198000,-198000
07288P,台灣50凱基99售06,0,0,0,0,0,0,0,0,0,-198000,0,0,0,2000,200000,-198000,-198000
051918,聯茂元大95購01  ,0,0,0,0,0,0,0,0,0,-199000,0,0,0,1000,200000,-199000,-199000
058398,中環元大99購02  ,0,0,0,0,0,0,0,0,0,-199000,0,0,0,48000,247000,-199000,-199000
07688P,華通元大9A售07  ,0,0,0,0,0,0,0,0,0,-199000,0,0,0,0,199000,-199000,-199000
4961,天鈺            ,27000,226000,-199000,0,0,0,0,0,0,0,0,0,0,0,0,0,-199000
062221,奇力新統一01購01,0,0,0,0,0,0,0,0,0,-200000,0,0,0,75000,275000,-200000,-200000
062543,華通富邦9C購01  ,0,0,0,0,0,0,0,0,0,-200000,0,0,0,0,200000,-200000,-200000
054147,GIS元大96購02   ,0,0,0,0,0,0,0,0,0,-200000,0,0,0,8000,208000,-200000,-200000
060015,國巨康和99購03  ,0,0,0,0,0,0,0,0,0,-200000,0,0,0,0,200000,-200000,-200000
07041P,T50反1元大9C售01,0,0,0,0,0,0,0,0,0,-200000,0,0,0,0,200000,-200000,-200000
07906P,中租群益9B售02  ,0,0,0,0,0,0,0,0,0,-200000,0,0,0,4000,204000,-200000,-200000
06656P,GIS元大98售02   ,0,0,0,0,0,0,0,0,0,-201000,0,0,0,59000,260000,-201000,-201000
05375P,健策國票96售02  ,0,0,0,0,0,0,0,0,0,-201000,0,0,0,0,201000,-201000,-201000
07253P,台灣50凱基9A售05,0,0,0,0,0,0,0,0,0,-201000,0,0,0,0,201000,-201000,-201000
060493,美律元富01購01  ,0,0,0,0,0,0,0,0,0,-202000,0,0,0,224000,426000,-202000,-202000
053398,和鑫中信99購01  ,0,0,0,0,0,0,0,0,0,-202000,0,0,0,0,202000,-202000,-202000
07238P,台灣50國票99售07,0,0,0,0,0,0,0,0,0,-202000,0,0,0,0,202000,-202000,-202000
055657,超眾元富97購02  ,0,0,0,0,0,0,0,0,0,-203000,0,0,0,31000,234000,-203000,-203000
057940,和大國票99購01  ,0,0,0,0,0,0,0,0,0,-203000,0,0,0,312000,515000,-203000,-203000
060995,泰鼎元大9A購03  ,0,0,0,0,0,0,0,0,0,-204000,0,0,0,9000,213000,-204000,-204000
06525P,上証2X國泰99售01,0,0,0,0,0,0,0,0,0,-204000,0,0,0,0,204000,-204000,-204000
054693,神基永豐97購01  ,0,0,0,0,0,0,0,0,0,-204000,0,0,0,0,204000,-204000,-204000
5285,界霖            ,6000,160000,-154000,0,0,0,0,0,0,-50000,0,50000,-50000,0,0,0,-204000
05624P,同欣電中信98售01,0,0,0,0,0,0,0,0,0,-205000,0,0,0,0,205000,-205000,-205000
06991P,矽創群益99售01  ,0,0,0,0,0,0,0,0,0,-205000,0,0,0,60000,265000,-205000,-205000
2524,京城            ,77000,192000,-115000,0,0,0,0,0,0,-90000,0,90000,-90000,0,0,0,-205000
060556,緯穎凱基9A購04  ,0,0,0,0,0,0,0,0,0,-206000,0,0,0,656000,862000,-206000,-206000
060701,玉晶光國泰9C購01,0,0,0,0,0,0,0,0,0,-206000,0,0,0,200000,406000,-206000,-206000
055908,GIS日盛97購01   ,0,0,0,0,0,0,0,0,0,-206000,0,0,0,34000,240000,-206000,-206000
059924,世紀鋼元大99購06,0,0,0,0,0,0,0,0,0,-206000,0,0,0,60000,266000,-206000,-206000
07173P,臺股指國票99售10,0,0,0,0,0,0,0,0,0,-206000,0,0,0,475000,681000,-206000,-206000
3704,合勤控          ,109000,274000,-165000,0,0,0,0,0,0,-41000,0,0,0,5000,46000,-41000,-206000
054982,國巨元富97購03  ,0,0,0,0,0,0,0,0,0,-207000,0,0,0,30000,237000,-207000,-207000
058820,致茂國泰9B購01  ,0,0,0,0,0,0,0,0,0,-207000,0,0,0,0,207000,-207000,-207000
8163,達方            ,132000,341000,-209000,0,0,0,0,0,0,2000,2000,0,2000,0,0,0,-207000
055824,臺股指國票97購11,0,0,0,0,0,0,0,0,0,-208000,0,0,0,61000,269000,-208000,-208000
055174,精元統一97購01  ,0,0,0,0,0,0,0,0,0,-208000,0,0,0,50000,258000,-208000,-208000
057096,緯穎元富98購01  ,0,0,0,0,0,0,0,0,0,-208000,0,0,0,112000,320000,-208000,-208000
3019,亞光            ,310147,441000,-130853,0,0,0,0,0,0,-79000,14000,64000,-50000,0,29000,-29000,-209853
061828,T50反1凱基02購01,0,0,0,0,0,0,0,0,0,-210000,0,0,0,0,210000,-210000,-210000
061642,創意元大9A購04  ,0,0,0,0,0,0,0,0,0,-210000,0,0,0,25000,235000,-210000,-210000
054265,GIS元大96購03   ,0,0,0,0,0,0,0,0,0,-210000,0,0,0,104000,314000,-210000,-210000
059050,元油2X凱基9B購08,0,0,0,0,0,0,0,0,0,-210000,0,0,0,0,210000,-210000,-210000
3030,德律            ,48000,287000,-239000,0,0,0,0,0,0,29000,29000,0,29000,0,0,0,-210000
07703P,玉晶光中信9B售03,0,0,0,0,0,0,0,0,0,-210000,0,0,0,50000,260000,-210000,-210000
062447,華擎元大9C購01  ,0,0,0,0,0,0,0,0,0,-211000,0,0,0,20000,231000,-211000,-211000
06046P,健策統一96售03  ,0,0,0,0,0,0,0,0,0,-211000,0,0,0,133000,344000,-211000,-211000
056552,台表科凱基99購01,0,0,0,0,0,0,0,0,0,-211000,0,0,0,82000,293000,-211000,-211000
06993P,鴻海凱基99售05  ,0,0,0,0,0,0,0,0,0,-211000,0,0,0,89000,300000,-211000,-211000
06728P,全新元大98售03  ,0,0,0,0,0,0,0,0,0,-212000,0,0,0,26000,238000,-212000,-212000
057895,全新元富9B購01  ,0,0,0,0,0,0,0,0,0,-212000,0,0,0,16000,228000,-212000,-212000
07591P,台灣50元大9A售16,0,0,0,0,0,0,0,0,0,-213000,0,0,0,0,213000,-213000,-213000
07646P,世芯元大9A售04  ,0,0,0,0,0,0,0,0,0,-213000,0,0,0,32000,245000,-213000,-213000
3033,威健            ,10000,223000,-213000,0,0,0,0,0,0,0,0,0,0,0,0,0,-213000
4746,台耀            ,995000,911000,84000,0,0,0,0,239000,-239000,-59000,14000,73000,-59000,0,0,0,-214000
06903P,技嘉凱基98售04  ,0,0,0,0,0,0,0,0,0,-215000,0,0,0,14000,229000,-215000,-215000
05555P,健策群益98售01  ,0,0,0,0,0,0,0,0,0,-215000,0,0,0,105000,320000,-215000,-215000
020015,統一MSCI美低波N ,0,0,0,0,0,0,0,0,0,-215000,0,0,0,79000,294000,-215000,-215000
058910,泰鼎元大99購03  ,0,1000,-1000,0,0,0,0,0,0,-215000,0,0,0,233000,448000,-215000,-216000
07579P,聯茂元大9A售01  ,0,0,0,0,0,0,0,0,0,-216000,0,0,0,90000,306000,-216000,-216000
07933P,大立光富邦9C售06,0,0,0,0,0,0,0,0,0,-216000,0,0,0,0,216000,-216000,-216000
07953P,健策元大9B售07  ,0,0,0,0,0,0,0,0,0,-216000,0,0,0,30000,246000,-216000,-216000
061831,智邦凱基9B購02  ,0,0,0,0,0,0,0,0,0,-217000,0,0,0,110000,327000,-217000,-217000
060193,群創元富9A購01  ,0,0,0,0,0,0,0,0,0,-217000,0,0,0,33000,250000,-217000,-217000
054563,泰碩群益99購01  ,0,0,0,0,0,0,0,0,0,-217000,0,0,0,25000,242000,-217000,-217000
4976,佳凌            ,46000,263000,-217000,0,0,0,0,0,0,0,0,0,0,0,0,0,-217000
060415,葡萄王永豐9A購01,0,0,0,0,0,0,0,0,0,-220000,0,0,0,0,220000,-220000,-220000
03840P,台積電統一99售02,0,0,0,0,0,0,0,0,0,-220000,0,0,0,0,220000,-220000,-220000
06240P,奇力新元富97售03,0,0,0,0,0,0,0,0,0,-221000,0,0,0,59000,280000,-221000,-221000
2617,台航            ,12000,238000,-226000,0,0,0,0,0,0,5000,5000,0,5000,0,0,0,-221000
07691P,宏達電元大9A售05,0,0,0,0,0,0,0,0,0,-221000,0,0,0,55000,276000,-221000,-221000
062405,泰鼎永豐9B購02  ,0,0,0,0,0,0,0,0,0,-222000,0,0,0,1000,223000,-222000,-222000
059281,創意永豐99購02  ,0,0,0,0,0,0,0,0,0,-223000,0,0,0,40000,263000,-223000,-223000
05884P,旺宏統一96售01  ,0,0,0,0,0,0,0,0,0,-224000,0,0,0,16000,240000,-224000,-224000
3016,嘉晶            ,1072000,870000,202000,0,0,0,0,0,0,-426000,1000,23000,-22000,45000,449000,-404000,-224000
062219,燿華統一9B購01  ,0,0,0,0,0,0,0,0,0,-225000,0,0,0,29000,254000,-225000,-225000
06073P,健策永豐97售01  ,0,0,0,0,0,0,0,0,0,-225000,0,0,0,77000,302000,-225000,-225000
058821,泰鼎國泰9B購01  ,0,0,0,0,0,0,0,0,0,-225000,0,0,0,0,225000,-225000,-225000
07085P,超眾元富9C售01  ,0,0,0,0,0,0,0,0,0,-226000,0,0,0,167000,393000,-226000,-226000
3047,訊舟            ,5000,233000,-228000,0,0,0,0,0,0,0,0,0,0,0,0,0,-228000
057820,華擎元大98購02  ,0,0,0,0,0,0,0,0,0,-229000,0,0,0,198000,427000,-229000,-229000
2537,聯上發          ,132000,362000,-230000,0,0,0,0,0,0,0,0,0,0,0,0,0,-230000
060687,GIS元大9A購01   ,0,0,0,0,0,0,0,0,0,-231000,0,0,0,247000,478000,-231000,-231000
053583,漢唐元大96購03  ,0,0,0,0,0,0,0,0,0,-231000,0,0,0,19000,250000,-231000,-231000
058312,大毅國泰9B購01  ,0,0,0,0,0,0,0,0,0,-232000,0,0,0,42000,274000,-232000,-232000
2841,台開            ,69000,301000,-232000,0,0,0,0,0,0,0,0,0,0,0,0,0,-232000
4919,新唐            ,47000,266000,-219000,0,0,0,0,0,0,-13000,0,0,0,14000,27000,-13000,-232000
8131,福懋科          ,17000,265000,-248000,0,0,0,0,0,0,16000,21000,0,21000,0,5000,-5000,-232000
6452,康友-KY         ,43000,241000,-198000,0,0,0,0,0,0,-34000,0,0,0,2000,36000,-34000,-232000
055556,奇力新凱基98購03,0,0,0,0,0,0,0,0,0,-233000,0,0,0,0,233000,-233000,-233000
053850,嘉澤元富96購03  ,0,0,0,0,0,0,0,0,0,-235000,0,0,0,297000,532000,-235000,-235000
059706,嘉晶凱基99購01  ,0,0,0,0,0,0,0,0,0,-235000,0,0,0,172000,407000,-235000,-235000
6414,樺漢            ,29000,252000,-223000,0,0,0,0,0,0,-12000,28000,25000,3000,1000,16000,-15000,-235000
6141,柏承            ,62000,297000,-235000,0,0,0,0,0,0,0,0,0,0,0,0,0,-235000
07557P,玉晶光元大9A售09,0,0,0,0,0,0,0,0,0,-235000,0,0,0,0,235000,-235000,-235000
00715L,街口布蘭特油正2 ,0,0,0,0,0,0,0,0,0,-236000,0,0,0,0,236000,-236000,-236000
2331,精英            ,34000,258000,-224000,0,0,0,0,0,0,-12000,12000,24000,-12000,0,0,0,-236000
05650P,台積電富邦96售01,0,0,0,0,0,0,0,0,0,-237000,0,0,0,639000,876000,-237000,-237000
052681,T50反1元大98購02,0,0,0,0,0,0,0,0,0,-238000,0,0,0,108000,346000,-238000,-238000
060649,國巨第一9A購01  ,0,0,0,0,0,0,0,0,0,-240000,0,0,0,45000,285000,-240000,-240000
054970,帆宣元大97購01  ,0,0,0,0,0,0,0,0,0,-240000,0,0,0,320000,560000,-240000,-240000
054785,建準群益98購01  ,0,0,0,0,0,0,0,0,0,-240000,0,0,0,12000,252000,-240000,-240000
2707,晶華            ,60000,300000,-240000,0,0,0,0,0,0,0,0,0,0,0,0,0,-240000
1316,上曜            ,11000,251000,-240000,0,0,0,0,0,0,0,0,0,0,0,0,0,-240000
06766P,玉晶光元大99售10,0,0,0,0,0,0,0,0,0,-241000,0,0,0,128000,369000,-241000,-241000
054977,SP黃豆元富9B購01,0,0,0,0,0,0,0,0,0,-241000,0,0,0,0,241000,-241000,-241000
1215,卜蜂            ,624000,718000,-94000,0,0,0,0,0,0,-147000,46000,11000,35000,0,182000,-182000,-241000
07686P,祥碩凱基9A售02  ,0,0,0,0,0,0,0,0,0,-241000,0,0,0,10000,251000,-241000,-241000
4564,元翎            ,37000,278000,-241000,0,0,0,0,0,0,0,0,0,0,0,0,0,-241000
2897,王道銀行        ,8000,249000,-241000,0,0,0,0,0,0,0,0,0,0,0,0,0,-241000
3443,創意            ,198000,409000,-211000,0,0,0,0,0,0,-30000,0,30000,-30000,18000,18000,0,-241000
8016,矽創            ,193000,400000,-207000,0,0,0,0,0,0,-34000,0,0,0,0,34000,-34000,-241000
058507,美律元大9A購01  ,0,0,0,0,0,0,0,0,0,-242000,0,0,0,8000,250000,-242000,-242000
1532,勤美            ,126000,368000,-242000,0,0,0,0,0,0,0,0,0,0,0,0,0,-242000
058361,美律凱基99購06  ,0,0,0,0,0,0,0,0,0,-243000,0,0,0,9000,252000,-243000,-243000
3563,牧德            ,45000,220000,-175000,0,0,0,5000,0,5000,-74000,8000,45000,-37000,25000,62000,-37000,-244000
5388,中磊            ,55000,283000,-228000,0,0,0,30000,0,30000,-46000,0,0,0,0,46000,-46000,-244000
062147,大毅國票9B購02  ,0,0,0,0,0,0,0,0,0,-245000,0,0,0,1000,246000,-245000,-245000
07080P,健策群益9A售01  ,0,0,0,0,0,0,0,0,0,-246000,0,0,0,17000,263000,-246000,-246000
062398,建準永豐9B購01  ,0,0,0,0,0,0,0,0,0,-247000,0,0,0,20000,267000,-247000,-247000
059945,嘉澤永豐99購03  ,0,0,0,0,0,0,0,0,0,-247000,0,0,0,161000,408000,-247000,-247000
07014P,華通元大99售04  ,0,0,0,0,0,0,0,0,0,-247000,0,0,0,71000,318000,-247000,-247000
2231,為升            ,99000,333000,-234000,0,0,0,0,0,0,-14000,5000,5000,0,2000,16000,-14000,-248000
061346,玉晶光元大9B購03,0,0,0,0,0,0,0,0,0,-249000,0,0,0,0,249000,-249000,-249000
055241,T50反1統一99購01,0,0,0,0,0,0,0,0,0,-250000,0,0,0,0,250000,-250000,-250000
059895,T50反1元大99購12,0,0,0,0,0,0,0,0,0,-250000,0,0,0,0,250000,-250000,-250000
1720,生達            ,464000,587000,-123000,0,0,0,0,0,0,-127000,30000,157000,-127000,0,0,0,-250000
4532,瑞智            ,63000,313000,-250000,0,0,0,0,0,0,0,0,0,0,0,0,0,-250000
054791,泰碩群益99購02  ,0,0,0,0,0,0,0,0,0,-251000,0,0,0,10000,261000,-251000,-251000
00730,富邦臺灣優質高息,0,0,0,0,0,0,0,0,0,-251000,0,0,0,381000,632000,-251000,-251000
056197,友訊永豐97購01  ,0,0,0,0,0,0,0,0,0,-251000,0,0,0,101000,352000,-251000,-251000
057740,茂林富邦9A購01  ,0,0,0,0,0,0,0,0,0,-251000,0,0,0,30000,281000,-251000,-251000
058836,FBVIX中信03購05 ,0,0,0,0,0,0,0,0,0,-251000,0,0,0,174000,425000,-251000,-251000
060284,南港元大01購01  ,0,0,0,0,0,0,0,0,0,-253000,0,0,0,0,253000,-253000,-253000
062110,華擎國票9B購01  ,0,0,0,0,0,0,0,0,0,-254000,0,0,0,304000,558000,-254000,-254000
055804,祥碩永豐97購02  ,0,0,0,0,0,0,0,0,0,-254000,0,0,0,528000,782000,-254000,-254000
2031,新光鋼          ,14000,273000,-259000,0,0,0,0,0,0,5000,5000,0,5000,0,0,0,-254000
2023,燁輝            ,117000,371000,-254000,0,0,0,0,0,0,0,0,0,0,0,0,0,-254000
056586,光罩統一98購02  ,0,0,0,0,0,0,0,0,0,-255000,0,0,0,462000,717000,-255000,-255000
2351,順德            ,135000,389000,-254000,0,0,0,0,0,0,-1000,0,0,0,0,1000,-1000,-255000
062230,緯穎統一01購01  ,0,0,0,0,0,0,0,0,0,-256000,0,0,0,30000,286000,-256000,-256000
00673R,元大S&P原油反1  ,0,0,0,0,0,0,0,0,0,-256000,0,0,0,140000,396000,-256000,-256000
1467,南緯            ,27000,283000,-256000,0,0,0,0,0,0,0,0,0,0,0,0,0,-256000
04434P,玉晶光國票96售02,0,0,0,0,0,0,0,0,0,-257000,0,0,0,0,257000,-257000,-257000
3703,欣陸            ,9000,266000,-257000,0,0,0,0,0,0,0,0,0,0,0,0,0,-257000
1460,宏遠            ,109000,367000,-258000,0,0,0,0,0,0,0,0,0,0,0,0,0,-258000
07821P,臺股指國票9A售12,0,0,0,0,0,0,0,0,0,-259000,0,0,0,435000,694000,-259000,-259000
07820P,臺股指國票9A售11,0,0,0,0,0,0,0,0,0,-260000,0,0,0,0,260000,-260000,-260000
062104,上証2X國票9B購03,0,0,0,0,0,0,0,0,0,-261000,0,0,0,0,261000,-261000,-261000
059931,緯穎富邦9A購01  ,0,0,0,0,0,0,0,0,0,-261000,0,0,0,5000,266000,-261000,-261000
6226,光鼎            ,25000,287000,-262000,0,0,0,0,0,0,-2000,0,2000,-2000,0,0,0,-264000
06169P,華新科元富97售02,0,0,0,0,0,0,0,0,0,-265000,0,0,0,32000,297000,-265000,-265000
06627P,華新科元富99售01,0,0,0,0,0,0,0,0,0,-266000,0,0,0,4000,270000,-266000,-266000
059396,T50反1元富99購04,0,0,0,0,0,0,0,0,0,-266000,0,0,0,154000,420000,-266000,-266000
058901,美律元大99購07  ,0,0,0,0,0,0,0,0,0,-266000,0,0,0,234000,500000,-266000,-266000
6282,康舒            ,59000,324000,-265000,0,0,0,0,0,0,-1000,0,0,0,20000,21000,-1000,-266000
059259,FBVIX中信03購06 ,0,0,0,0,0,0,0,0,0,-267000,0,0,0,74000,341000,-267000,-267000
057842,緯穎富邦99購02  ,0,0,0,0,0,0,0,0,0,-267000,0,0,0,10000,277000,-267000,-267000
07597P,臺股指中信01售02,0,0,0,0,0,0,0,0,0,-267000,0,0,0,847000,1114000,-267000,-267000
00675L,富邦臺灣加權正2 ,14000,326000,-312000,0,0,0,0,0,0,43000,0,0,0,171000,128000,43000,-269000
3605,宏致            ,143000,412000,-269000,0,0,0,0,0,0,0,0,0,0,0,0,0,-269000
6670,復盛應用        ,29070,269482,-240412,0,0,0,0,0,0,-29000,1000,31000,-30000,7000,6000,1000,-269412
05717P,鴻海元大97售07  ,0,0,0,0,0,0,0,0,0,-270000,0,0,0,40000,310000,-270000,-270000
060414,中興電永豐9A購01,0,0,0,0,0,0,0,0,0,-271000,0,0,0,0,271000,-271000,-271000
052113,漢唐中信98購01  ,0,0,0,0,0,0,0,0,0,-271000,0,0,0,70000,341000,-271000,-271000
050322,世紀鋼國票95購01,0,0,0,0,0,0,0,0,0,-272000,0,0,0,27000,299000,-272000,-272000
3052,夆典            ,3000,276000,-273000,0,0,0,0,0,0,0,0,0,0,0,0,0,-273000
1229,聯華            ,685000,961000,-276000,0,0,0,0,0,0,3000,3000,0,3000,0,0,0,-273000
5607,遠雄港          ,32000,306000,-274000,0,0,0,0,0,0,0,0,0,0,0,0,0,-274000
060709,緯穎富邦9B購01  ,0,0,0,0,0,0,0,0,0,-275000,0,0,0,74000,349000,-275000,-275000
00737,國泰AI+Robo     ,0,487000,-487000,0,0,0,0,0,0,212000,0,0,0,320000,108000,212000,-275000
059019,元石油統一9B購03,0,0,0,0,0,0,0,0,0,-275000,0,0,0,52000,327000,-275000,-275000
1709,和益            ,31000,306000,-275000,0,0,0,0,0,0,0,0,0,0,0,0,0,-275000
3530,晶相光          ,212000,479000,-267000,0,0,0,0,0,0,-10000,0,0,0,5000,15000,-10000,-277000
059723,美律元大9A購02  ,0,0,0,0,0,0,0,0,0,-279000,0,0,0,20000,299000,-279000,-279000
4968,立積            ,149000,317000,-168000,0,0,0,0,0,0,-111000,0,102000,-102000,15000,24000,-9000,-279000
1201,味全            ,72000,348000,-276000,0,0,0,0,0,0,-3000,0,0,0,0,3000,-3000,-279000
07837P,華邦電元大9A售01,0,0,0,0,0,0,0,0,0,-279000,0,0,0,123000,402000,-279000,-279000
062131,臺指反群益9B購03,0,0,0,0,0,0,0,0,0,-280000,0,0,0,0,280000,-280000,-280000
053858,台達電元大96購05,0,0,0,0,0,0,0,0,0,-280000,0,0,0,10000,290000,-280000,-280000
06904P,TPK凱基98售03   ,0,0,0,0,0,0,0,0,0,-280000,0,0,0,0,280000,-280000,-280000
07076P,鴻海凱基9A售08  ,0,0,0,0,0,0,0,0,0,-280000,0,0,0,80000,360000,-280000,-280000
5243,乙盛-KY         ,97000,378000,-281000,0,0,0,0,0,0,0,0,0,0,0,0,0,-281000
06864P,健策凱基98售01  ,0,0,0,0,0,0,0,0,0,-284000,0,0,0,214000,498000,-284000,-284000
052888,台表科中信9A購01,0,0,0,0,0,0,0,0,0,-284000,0,0,0,255000,539000,-284000,-284000
060375,葡萄王元富9A購01,0,0,0,0,0,0,0,0,0,-284000,0,0,0,170000,454000,-284000,-284000
07926P,上銀統一9B售02  ,0,0,0,0,0,0,0,0,0,-285000,0,0,0,0,285000,-285000,-285000
059932,世紀鋼富邦9A購02,0,0,0,0,0,0,0,0,0,-287000,0,0,0,34000,321000,-287000,-287000
056023,晶豪科群益97購01,0,0,0,0,0,0,0,0,0,-288000,0,0,0,123000,411000,-288000,-288000
061207,美律元大9A購04  ,0,0,0,0,0,0,0,0,0,-290000,0,0,0,18000,308000,-290000,-290000
07966P,瑞祺群益9B售02  ,0,0,0,0,0,0,0,0,0,-293000,0,0,0,78000,371000,-293000,-293000
055741,健策元富97購01  ,0,0,0,0,0,0,0,0,0,-294000,0,0,0,134000,428000,-294000,-294000
2206,三陽工業        ,4000,298000,-294000,0,0,0,0,0,0,0,0,0,0,0,0,0,-294000
2467,志聖            ,2000,296000,-294000,0,0,0,0,0,0,0,0,0,0,0,0,0,-294000
060581,玉晶光群益9B購02,0,0,0,0,0,0,0,0,0,-295000,0,0,0,332000,627000,-295000,-295000
060476,瑞祺元大9A購02  ,0,0,0,0,0,0,0,0,0,-296000,0,0,0,63000,359000,-296000,-296000
054971,帆宣元大97購02  ,0,0,0,0,0,0,0,0,0,-297000,0,0,0,15000,312000,-297000,-297000
060278,道瓊反元大9A購03,0,0,0,0,0,0,0,0,0,-298000,0,0,0,11000,309000,-298000,-298000
3056,總太            ,114000,430000,-316000,0,0,0,0,0,0,18000,18000,0,18000,0,0,0,-298000
060303,宏達電富邦9B購01,0,0,0,0,0,0,0,0,0,-300000,0,0,0,0,300000,-300000,-300000
062054,鴻海統一9C購06  ,0,0,0,0,0,0,0,0,0,-300000,0,0,0,9000,309000,-300000,-300000
054097,淘帝國票97購01  ,0,0,0,0,0,0,0,0,0,-300000,0,0,0,0,300000,-300000,-300000
054244,華新元大96購01  ,0,0,0,0,0,0,0,0,0,-300000,0,0,0,0,300000,-300000,-300000
4414,如興            ,145000,412000,-267000,0,0,0,0,0,0,-33000,0,33000,-33000,0,0,0,-300000
07347P,上証2X凱基99售02,0,0,0,0,0,0,0,0,0,-300000,0,0,0,0,300000,-300000,-300000
054636,華通中信97購01  ,0,0,0,0,0,0,0,0,0,-301000,0,0,0,0,301000,-301000,-301000
056894,佳世達元大99購01,0,0,0,0,0,0,0,0,0,-301000,0,0,0,17000,318000,-301000,-301000
3048,益登            ,28000,329000,-301000,0,0,0,0,0,0,0,0,0,0,0,0,0,-301000
2905,三商            ,21000,313000,-292000,0,0,0,0,0,0,-10000,0,10000,-10000,0,0,0,-302000
1907,永豐餘          ,341000,643000,-302000,0,0,0,0,0,0,0,0,0,0,0,0,0,-302000
06510P,燿華永豐98售03  ,0,0,0,0,0,0,0,0,0,-303000,0,0,0,10000,313000,-303000,-303000
2634,漢翔            ,72000,376000,-304000,0,0,0,0,0,0,0,0,0,0,0,0,0,-304000
07886P,國巨國票9B售06  ,0,0,0,0,0,0,0,0,0,-305000,0,0,0,310000,615000,-305000,-305000
07825P,健策國泰9B售04  ,0,0,0,0,0,0,0,0,0,-305000,0,0,0,76000,381000,-305000,-305000
07800P,華新科國泰9B售04,0,0,0,0,0,0,0,0,0,-305000,0,0,0,169000,474000,-305000,-305000
062466,FBVIX凱基9B購01 ,0,0,0,0,0,0,0,0,0,-306000,0,0,0,0,306000,-306000,-306000
4725,信昌化          ,21000,329000,-308000,0,0,0,0,0,0,0,0,0,0,0,0,0,-308000
061423,廣達元大9A購01  ,0,1000,-1000,0,0,0,0,0,0,-308000,0,0,0,133000,441000,-308000,-309000
058955,台積電國票9A購04,0,0,0,0,0,0,0,0,0,-309000,0,0,0,24000,333000,-309000,-309000
056151,建準凱基97購01  ,0,0,0,0,0,0,0,0,0,-310000,0,0,0,70000,380000,-310000,-310000
057393,台積電中信02購01,0,0,0,0,0,0,0,0,0,-310000,0,0,0,0,310000,-310000,-310000
07648P,祥碩國票9B售01  ,0,0,0,0,0,0,0,0,0,-310000,0,0,0,100000,410000,-310000,-310000
055902,同欣電中信99購01,0,0,0,0,0,0,0,0,0,-311000,0,0,0,588000,899000,-311000,-311000
05708P,奇力新國票97售04,0,0,0,0,0,0,0,0,0,-312000,0,0,0,48000,360000,-312000,-312000
06893P,致新元富98售02  ,0,0,0,0,0,0,0,0,0,-313000,0,0,0,53000,366000,-313000,-313000
055874,中環元富9A購01  ,0,0,0,0,0,0,0,0,0,-315000,0,0,0,157000,472000,-315000,-315000
07334P,臺股指國票99售19,0,0,0,0,0,0,0,0,0,-315000,0,0,0,89000,404000,-315000,-315000
07404P,華新科凱基99售10,0,0,0,0,0,0,0,0,0,-315000,0,0,0,60000,375000,-315000,-315000
054713,國巨中信9B購01  ,0,0,0,0,0,0,0,0,0,-318000,0,0,0,0,318000,-318000,-318000
061473,台積電元大9A購33,0,0,0,0,0,0,0,0,0,-320000,0,0,0,200000,520000,-320000,-320000
062427,嘉澤統一01購01  ,0,0,0,0,0,0,0,0,0,-321000,0,0,0,0,321000,-321000,-321000
058686,祥碩凱基99購03  ,0,0,0,0,0,0,0,0,0,-321000,0,0,0,1036000,1357000,-321000,-321000
6443,元晶            ,107000,428000,-321000,0,0,0,0,0,0,0,0,0,0,0,0,0,-321000
1522,堤維西          ,48000,370000,-322000,0,0,0,0,0,0,0,0,0,0,0,0,0,-322000
059312,元石油元大99購05,0,0,0,0,0,0,0,0,0,-325000,0,0,0,69000,394000,-325000,-325000
056767,大毅元大99購01  ,0,0,0,0,0,0,0,0,0,-325000,0,0,0,1000,326000,-325000,-325000
2536,宏普            ,57000,367000,-310000,0,0,0,0,0,0,-15000,0,15000,-15000,0,0,0,-325000
06270P,致伸凱基97售03  ,0,0,0,0,0,0,0,0,0,-326000,0,0,0,0,326000,-326000,-326000
058733,同欣電永豐99購02,0,0,0,0,0,0,0,0,0,-327000,0,0,0,710000,1037000,-327000,-327000
061587,美律富邦9A購02  ,0,0,0,0,0,0,0,0,0,-330000,0,0,0,0,330000,-330000,-330000
053159,同欣電元大96購02,0,0,0,0,0,0,0,0,0,-330000,0,0,0,68000,398000,-330000,-330000
9910,豐泰            ,725000,948300,-223300,0,0,0,10000,118000,-108000,1000,1000,0,1000,0,0,0,-330300
061433,華通麥證9A購03  ,0,0,0,0,333000,-333000,0,0,0,-333000,0,0,0,0,333000,-333000,-333000
054936,鴻海元大97購10  ,0,0,0,0,0,0,0,0,0,-333000,0,0,0,68000,401000,-333000,-333000
057347,國巨統一9A購03  ,0,0,0,0,0,0,0,0,0,-333000,0,0,0,385000,718000,-333000,-333000
07171P,臺股指國票99售08,0,0,0,0,0,0,0,0,0,-333000,0,0,0,105000,438000,-333000,-333000
2606,裕民            ,197000,531000,-334000,0,0,0,0,0,0,0,0,0,0,0,0,0,-334000
2485,兆赫            ,41000,358000,-317000,0,0,0,0,0,0,-18000,0,18000,-18000,0,0,0,-335000
061187,瀚宇博國泰9C購01,0,0,0,0,0,0,0,0,0,-337000,0,0,0,12000,349000,-337000,-337000
060704,台積電富邦01購01,0,0,0,0,0,0,0,0,0,-337000,0,0,0,180000,517000,-337000,-337000
059618,台積電日盛99購01,0,0,0,0,0,0,0,0,0,-337000,0,0,0,114000,451000,-337000,-337000
056326,TPK兆豐98購01   ,0,0,0,0,0,0,0,0,0,-341000,0,0,0,0,341000,-341000,-341000
057912,美律日盛99購01  ,0,0,0,0,0,0,0,0,0,-342000,0,0,0,94000,436000,-342000,-342000
061441,大毅永豐9A購04  ,0,0,0,0,0,0,0,0,0,-344000,0,0,0,86000,430000,-344000,-344000
8039,台虹            ,329000,634000,-305000,0,0,0,0,0,0,-40000,2000,42000,-40000,19000,19000,0,-345000
6456,GIS-KY          ,490000,902000,-412000,0,0,0,0,0,0,65000,5000,15000,-10000,122000,47000,75000,-347000
5531,鄉林            ,63000,411000,-348000,0,0,0,0,0,0,0,0,0,0,0,0,0,-348000
06180P,禾伸堂群益97售01,0,0,0,0,0,0,0,0,0,-350000,0,0,0,160000,510000,-350000,-350000
058754,元油2X群益99購02,0,141000,-141000,0,0,0,0,0,0,-210000,0,0,0,0,210000,-210000,-351000
07747P,晶技凱基9A售04  ,0,0,0,0,0,0,0,0,0,-351000,0,0,0,2000,353000,-351000,-351000
057724,亞德客國泰99購01,0,0,0,0,0,0,0,0,0,-353000,0,0,0,129000,482000,-353000,-353000
049972,南電國票95購02  ,0,0,0,0,0,0,0,0,0,-354000,0,0,0,55000,409000,-354000,-354000
056537,冠德凱基98購01  ,0,0,0,0,0,0,0,0,0,-354000,0,0,0,0,354000,-354000,-354000
2457,飛宏            ,10000,364000,-354000,0,0,0,0,0,0,0,0,0,0,0,0,0,-354000
07685P,玉晶光凱基9B售03,0,0,0,0,0,0,0,0,0,-355000,0,0,0,0,355000,-355000,-355000
00762,元大全球AI      ,0,0,0,0,0,0,0,0,0,-356000,0,0,0,57000,413000,-356000,-356000
06337P,祥碩元大97售05  ,0,0,0,0,0,0,0,0,0,-357000,0,0,0,80000,437000,-357000,-357000
060226,道瓊反元大9A購01,0,0,0,0,0,0,0,0,0,-359000,0,0,0,32000,391000,-359000,-359000
057385,光罩永豐99購01  ,0,0,0,0,0,0,0,0,0,-359000,0,0,0,145000,504000,-359000,-359000
020016,統一MSCI美科技N ,0,0,0,0,0,0,0,0,0,-360000,0,0,0,47000,407000,-360000,-360000
060816,世紀鋼凱基9C購02,0,0,0,0,0,0,0,0,0,-362000,0,0,0,80000,442000,-362000,-362000
061071,復盛凱基9A購01  ,0,0,0,0,0,0,0,0,0,-363000,0,0,0,175000,538000,-363000,-363000
2387,精元            ,288000,620000,-332000,0,0,0,0,0,0,-32000,0,0,0,0,32000,-32000,-364000
061372,世紀鋼國泰9C購01,0,0,0,0,0,0,0,0,0,-365000,0,0,0,438000,803000,-365000,-365000
056829,台積電富邦9A購01,0,0,0,0,0,0,0,0,0,-365000,0,0,0,0,365000,-365000,-365000
2388,威盛            ,16000,382000,-366000,0,0,0,0,0,0,0,0,0,0,0,0,0,-366000
03680C,臺股指凱基9A牛26,0,0,0,0,0,0,0,0,0,-368000,0,0,0,479000,847000,-368000,-368000
2328,廣宇            ,183000,525000,-342000,0,0,0,0,0,0,-26000,8000,34000,-26000,0,0,0,-368000
8110,華東            ,22000,391000,-369000,0,0,0,0,0,0,0,8000,8000,0,0,0,0,-369000
1455,集盛            ,6000,376000,-370000,0,0,0,0,0,0,0,0,0,0,0,0,0,-370000
06513P,鴻海凱基98售10  ,0,0,0,0,0,0,0,0,0,-372000,0,0,0,80000,452000,-372000,-372000
056012,勤誠中信99購01  ,0,0,0,0,0,0,0,0,0,-372000,0,0,0,40000,412000,-372000,-372000
057883,中環群益98購01  ,0,0,0,0,0,0,0,0,0,-372000,0,0,0,261000,633000,-372000,-372000
062414,臻鼎中信01購01  ,0,0,0,0,0,0,0,0,0,-373000,0,0,0,0,373000,-373000,-373000
058774,台郡兆豐9A購01  ,0,0,0,0,0,0,0,0,0,-373000,0,0,0,95000,468000,-373000,-373000
06662P,玉晶光中信9A售01,0,0,0,0,0,0,0,0,0,-375000,0,0,0,275000,650000,-375000,-375000
2369,菱生            ,255000,627000,-372000,0,0,0,0,0,0,-3000,0,3000,-3000,0,0,0,-375000
054540,泰鼎國票99購01  ,0,0,0,0,0,0,0,0,0,-376000,0,0,0,36000,412000,-376000,-376000
2453,凌群            ,181000,557000,-376000,0,0,0,0,0,0,0,0,0,0,0,0,0,-376000
1515,力山            ,296000,533000,-237000,0,0,0,39000,0,39000,-178000,64000,57000,7000,9000,194000,-185000,-376000
07506P,中租元大9A售01  ,0,0,0,0,0,0,0,0,0,-376000,0,0,0,30000,406000,-376000,-376000
07683P,宏達電凱基9A售03,0,0,0,0,0,0,0,0,0,-378000,0,0,0,38000,416000,-378000,-378000
3665,貿聯-KY         ,146000,539000,-393000,0,0,0,48000,0,48000,-33000,10000,0,10000,0,43000,-43000,-378000
6505,台塑化          ,2377000,2747200,-370200,0,0,0,1000,29000,-28000,19000,19000,0,19000,0,0,0,-379200
06421P,嘉澤統一97售02  ,0,0,0,0,0,0,0,0,0,-381000,0,0,0,0,381000,-381000,-381000
07043P,國巨元大99售14  ,0,0,0,0,0,0,0,0,0,-381000,0,0,0,14000,395000,-381000,-381000
059476,道瓊指群益9C購01,0,0,0,0,0,0,0,0,0,-382000,0,0,0,0,382000,-382000,-382000
054929,群電凱基97購01  ,0,0,0,0,0,0,0,0,0,-384000,0,0,0,51000,435000,-384000,-384000
060764,華擎元大9A購03  ,0,0,0,0,0,0,0,0,0,-385000,0,0,0,266000,651000,-385000,-385000
056515,燿華兆豐99購01  ,0,0,0,0,0,0,0,0,0,-385000,0,0,0,0,385000,-385000,-385000
058055,華擎統一9A購01  ,0,0,0,0,0,0,0,0,0,-385000,0,0,0,1591000,1976000,-385000,-385000
2845,遠東銀          ,23000,512000,-489000,0,0,0,0,0,0,104000,104000,0,104000,0,0,0,-385000
057106,美律群益98購03  ,0,0,0,0,0,0,0,0,0,-386000,0,0,0,146000,532000,-386000,-386000
07389P,臺股指群益9C售08,0,0,0,0,0,0,0,0,0,-387000,0,0,0,8000,395000,-387000,-387000
00668,國泰美國道瓊    ,0,54000,-54000,0,0,0,0,0,0,-334000,0,0,0,89000,423000,-334000,-388000
061180,華擎凱基9B購01  ,0,0,0,0,0,0,0,0,0,-389000,0,0,0,60000,449000,-389000,-389000
055730,建準元富97購02  ,0,0,0,0,0,0,0,0,0,-389000,0,0,0,100000,489000,-389000,-389000
057616,聯電凱基99購01  ,0,0,0,0,0,0,0,0,0,-390000,0,0,0,279000,669000,-390000,-390000
1417,嘉裕            ,11000,401000,-390000,0,0,0,0,0,0,0,0,0,0,0,0,0,-390000
061170,南茂兆豐9B購01  ,0,0,0,0,0,0,0,0,0,-391000,0,0,0,135000,526000,-391000,-391000
06674P,祥碩群益98售02  ,0,0,0,0,0,0,0,0,0,-391000,0,0,0,81000,472000,-391000,-391000
060782,道瓊指富邦9C購01,0,0,0,0,0,0,0,0,0,-392000,0,0,0,0,392000,-392000,-392000
061164,燿華兆豐9B購01  ,0,0,0,0,0,0,0,0,0,-393000,0,0,0,95000,488000,-393000,-393000
2449,京元電子        ,2119000,2713000,-594000,0,0,0,500000,0,500000,-299000,18000,136000,-118000,57000,238000,-181000,-393000
07210P,智邦凱基99售03  ,0,0,0,0,0,0,0,0,0,-394000,0,0,0,21000,415000,-394000,-394000
061510,嘉澤富邦9C購01  ,0,0,0,0,0,0,0,0,0,-395000,0,0,0,272000,667000,-395000,-395000
2534,宏盛            ,204000,600000,-396000,0,0,0,0,0,0,0,0,0,0,0,0,0,-396000
6416,瑞祺電通        ,183000,232000,-49000,0,0,0,0,75000,-75000,-272000,25000,266000,-241000,7000,38000,-31000,-396000
061179,華擎凱基9A購01  ,0,0,0,0,0,0,0,0,0,-399000,0,0,0,77000,476000,-399000,-399000
056177,嘉澤元富97購01  ,0,0,0,0,0,0,0,0,0,-399000,0,0,0,76000,475000,-399000,-399000
07948P,大成鋼凱基9B售01,0,0,0,0,0,0,0,0,0,-399000,0,0,0,38000,437000,-399000,-399000
06245P,健策元富97售03  ,0,0,0,0,0,0,0,0,0,-400000,0,0,0,0,400000,-400000,-400000
054879,大成鋼統一97購01,0,0,0,0,0,0,0,0,0,-400000,0,0,0,0,400000,-400000,-400000
2402,毅嘉            ,26000,426000,-400000,0,0,0,0,0,0,0,0,0,0,0,0,0,-400000
052852,國巨元富96購02  ,0,0,0,0,0,0,0,0,0,-401000,0,0,0,0,401000,-401000,-401000
8011,台通            ,387000,789000,-402000,0,0,0,0,0,0,0,0,0,0,0,0,0,-402000
2903,遠百            ,68000,475000,-407000,0,0,0,0,0,0,5000,5000,0,5000,0,0,0,-402000
4960,誠美材          ,56000,459000,-403000,0,0,0,0,0,0,0,0,0,0,0,0,0,-403000
059286,S&P正2元富01購03,0,0,0,0,0,0,0,0,0,-404000,0,0,0,116000,520000,-404000,-404000
9945,潤泰新          ,208000,608000,-400000,0,0,0,0,0,0,-4000,0,4000,-4000,0,0,0,-404000
2392,正崴            ,207000,536000,-329000,0,0,0,0,0,0,-76000,0,4000,-4000,0,72000,-72000,-405000
06560P,台積電統一98售07,0,0,0,0,0,0,0,0,0,-409000,0,0,0,1000,410000,-409000,-409000
2204,中華            ,36000,445200,-409200,0,0,0,0,0,0,0,0,0,0,0,0,0,-409200
9939,宏全            ,87000,478000,-391000,0,0,0,0,0,0,-24000,4000,28000,-24000,0,0,0,-415000
00652,富邦印度        ,0,0,0,0,0,0,0,0,0,-417000,0,0,0,4000,421000,-417000,-417000
06082P,華通統一98售01  ,0,0,0,0,0,0,0,0,0,-418000,0,0,0,19000,437000,-418000,-418000
055265,玉晶光永豐98購03,0,0,0,0,0,0,0,0,0,-419000,0,0,0,70000,489000,-419000,-419000
2889,國票金          ,279000,698000,-419000,0,0,0,0,0,0,0,0,0,0,0,0,0,-419000
07836P,大成鋼元大9A售01,0,0,0,0,0,0,0,0,0,-422000,0,0,0,0,422000,-422000,-422000
06527P,T50正2富邦9C售01,0,0,0,0,0,0,0,0,0,-424000,0,0,0,0,424000,-424000,-424000
07715P,台灣50群益9A售14,0,0,0,0,0,0,0,0,0,-424000,0,0,0,83000,507000,-424000,-424000
1304,台聚            ,95000,519000,-424000,0,0,0,0,0,0,0,0,0,0,0,0,0,-424000
1409,新纖            ,87000,512000,-425000,0,0,0,0,0,0,0,0,0,0,0,0,0,-425000
061622,臻鼎群益9A購01  ,0,0,0,0,0,0,0,0,0,-430000,0,0,0,0,430000,-430000,-430000
062487,中興電永豐9B購01,0,0,0,0,0,0,0,0,0,-431000,0,0,0,0,431000,-431000,-431000
05783P,嘉澤元富96售01  ,0,0,0,0,0,0,0,0,0,-431000,0,0,0,0,431000,-431000,-431000
4155,訊映            ,28000,459000,-431000,0,0,0,0,0,0,0,0,0,0,0,0,0,-431000
3003,健和興          ,9000,449000,-440000,0,0,0,0,0,0,8000,13000,0,13000,12000,17000,-5000,-432000
061976,國巨元大9B購01  ,0,0,0,0,0,0,0,0,0,-435000,0,0,0,30000,465000,-435000,-435000
2601,益航            ,77000,512000,-435000,0,0,0,0,0,0,0,0,0,0,0,0,0,-435000
056617,美律永豐98購01  ,0,0,0,0,0,0,0,0,0,-437000,0,0,0,218000,655000,-437000,-437000
059676,台積電台新99購05,0,0,0,0,0,0,0,0,0,-440000,0,0,0,10000,450000,-440000,-440000
061118,GIS富邦9A購01   ,0,0,0,0,0,0,0,0,0,-443000,0,0,0,739000,1182000,-443000,-443000
07763P,嘉澤永豐9A售02  ,0,0,0,0,0,0,0,0,0,-444000,0,0,0,105000,549000,-444000,-444000
3376,新日興          ,413000,270000,143000,0,0,0,0,485000,-485000,-105000,64000,76000,-12000,11000,104000,-93000,-447000
2913,農林            ,41000,489000,-448000,0,0,0,0,0,0,0,0,0,0,0,0,0,-448000
055206,台虹中信97購01  ,0,0,0,0,0,0,0,0,0,-450000,0,0,0,149000,599000,-450000,-450000
060276,S&P反1元大9A購03,0,0,0,0,0,0,0,0,0,-451000,0,0,0,0,451000,-451000,-451000
060539,道瓊反凱基9A購01,0,0,0,0,0,0,0,0,0,-452000,0,0,0,83000,535000,-452000,-452000
059128,友達中信99購02  ,0,0,0,0,0,0,0,0,0,-455000,0,0,0,288000,743000,-455000,-455000
4938,和碩            ,3314000,3698000,-384000,0,0,0,3000,0,3000,-77000,6000,42000,-36000,23000,64000,-41000,-458000
2547,日勝生          ,78000,536000,-458000,0,0,0,0,0,0,0,0,0,0,0,0,0,-458000
058093,神達元大9A購01  ,0,0,0,0,0,0,0,0,0,-460000,0,0,0,200000,660000,-460000,-460000
1444,力麗            ,45000,506000,-461000,0,0,0,0,0,0,0,0,0,0,0,0,0,-461000
1464,得力            ,8000,461000,-453000,0,0,0,0,0,0,-10000,0,0,0,0,10000,-10000,-463000
060198,祥碩元富9A購02  ,0,0,0,0,0,0,0,0,0,-464000,0,0,0,119000,583000,-464000,-464000
07088P,訊芯永豐99售02  ,0,0,0,0,0,0,0,0,0,-465000,0,0,0,0,465000,-465000,-465000
057467,祥碩永豐98購04  ,0,0,0,0,0,0,0,0,0,-468000,0,0,0,307000,775000,-468000,-468000
006208,富邦台50        ,3200,2000,1200,0,0,0,0,0,0,-470000,0,0,0,403000,873000,-470000,-468800
07086P,力成元富9C售01  ,0,0,0,0,0,0,0,0,0,-469000,0,0,0,106000,575000,-469000,-469000
057071,華擎永豐98購02  ,0,0,0,0,0,0,0,0,0,-470000,0,0,0,159000,629000,-470000,-470000
052003,泰碩國泰97購02  ,0,0,0,0,0,0,0,0,0,-471000,0,0,0,70000,541000,-471000,-471000
1440,南紡            ,19000,492000,-473000,0,0,0,0,0,0,0,0,0,0,0,0,0,-473000
055203,建準中信97購01  ,0,0,0,0,0,0,0,0,0,-478000,0,0,0,104000,582000,-478000,-478000
6592,和潤企業        ,200000,645000,-445000,0,0,0,0,0,0,-33000,0,0,0,2000,35000,-33000,-478000
060445,S&P反1元大9A購04,0,0,0,0,0,0,0,0,0,-479000,0,0,0,0,479000,-479000,-479000
057104,康友中信99購01  ,0,0,0,0,0,0,0,0,0,-480000,0,0,0,0,480000,-480000,-480000
061800,泰鼎永豐9B購01  ,0,0,0,0,0,0,0,0,0,-481000,0,0,0,96000,577000,-481000,-481000
8996,高力            ,108000,550000,-442000,0,0,0,0,0,0,-40000,50000,90000,-40000,0,0,0,-482000
060896,晶技凱基9A購02  ,0,0,0,0,0,0,0,0,0,-484000,0,0,0,96000,580000,-484000,-484000
061091,奇力新統一9C購02,0,0,0,0,0,0,0,0,0,-485000,0,0,0,98000,583000,-485000,-485000
6251,定穎            ,2728000,2557000,171000,0,0,0,0,480000,-480000,-183000,17000,200000,-183000,0,0,0,-492000
1103,嘉泥            ,17000,512000,-495000,0,0,0,0,0,0,2000,2000,0,2000,0,0,0,-493000
07370P,南亞科凱基99售08,0,0,0,0,0,0,0,0,0,-493000,0,0,0,29000,522000,-493000,-493000
2406,國碩            ,30000,524000,-494000,0,0,0,0,0,0,0,0,0,0,0,0,0,-494000
054640,健策中信9B購01  ,0,0,0,0,0,0,0,0,0,-495000,0,0,0,10000,505000,-495000,-495000
047962,T50反1中信96購02,0,0,0,0,0,0,0,0,0,-496000,0,0,0,647000,1143000,-496000,-496000
048383,元金2X國票99購01,0,0,0,0,0,0,0,0,0,-496000,0,0,0,21000,517000,-496000,-496000
6269,台郡            ,603000,855000,-252000,0,0,0,100000,247000,-147000,-97000,39000,124000,-85000,5000,17000,-12000,-496000
3189,景碩            ,1691000,1244000,447000,0,0,0,0,747000,-747000,-197997,13000,108000,-95000,24000,126997,-102997,-497997
07782P,寶成凱基9A售02  ,0,0,0,0,0,0,0,0,0,-498000,0,0,0,265000,763000,-498000,-498000
054569,GIS群益98購01   ,0,0,0,0,0,0,0,0,0,-499000,0,0,0,0,499000,-499000,-499000
055972,GIS元大97購04   ,0,0,0,0,0,0,0,0,0,-499000,0,0,0,0,499000,-499000,-499000
2472,立隆電          ,81000,586000,-505000,0,0,0,0,0,0,6000,6000,0,6000,0,0,0,-499000
05672P,鴻海群益96售03  ,0,0,0,0,0,0,0,0,0,-500000,0,0,0,0,500000,-500000,-500000
1736,喬山            ,131000,514000,-383000,0,0,0,0,100000,-100000,-17000,44000,20000,24000,4000,45000,-41000,-500000
8028,昇陽半導體      ,125000,614000,-489000,0,0,0,0,0,0,-12000,0,0,0,0,12000,-12000,-501000
2615,萬海            ,90000,592000,-502000,0,0,0,0,0,0,0,0,0,0,0,0,0,-502000
1477,聚陽            ,142000,661000,-519000,0,0,0,0,0,0,16000,22000,6000,16000,0,0,0,-503000
2107,厚生            ,37000,546000,-509000,0,0,0,0,0,0,2000,2000,0,2000,0,0,0,-507000
9938,百和            ,209000,515000,-306000,0,0,0,0,172000,-172000,-29000,6000,10000,-4000,0,25000,-25000,-507000
3005,神基            ,328000,547000,-219000,0,0,0,0,252000,-252000,-40000,0,0,0,57000,97000,-40000,-511000
00703,台新MSCI中國    ,0,0,0,0,0,0,0,0,0,-512000,0,0,0,60000,572000,-512000,-512000
07894P,燿華元大9B售01  ,0,0,0,0,0,0,0,0,0,-517000,0,0,0,5000,522000,-517000,-517000
053782,京元電元大98購02,0,0,0,0,0,0,0,0,0,-518000,0,0,0,0,518000,-518000,-518000
054383,傳奇群益97購01  ,0,0,0,0,0,0,0,0,0,-523000,0,0,0,0,523000,-523000,-523000
2511,太子            ,18000,543000,-525000,0,0,0,0,0,0,0,0,0,0,0,0,0,-525000
2455,全新            ,296244,773727,-477483,0,0,0,0,0,0,-48000,6000,10000,-4000,19000,63000,-44000,-525483
060960,金像電凱基9B購01,5000,0,5000,0,0,0,0,0,0,-532000,0,0,0,130000,662000,-532000,-527000
5871,中租-KY         ,3322000,3801629,-479629,0,0,0,2000,0,2000,-51000,4000,22000,-18000,2000,35000,-33000,-528629
07845P,南亞科元大9A售08,0,0,0,0,0,0,0,0,0,-530000,0,0,0,42000,572000,-530000,-530000
06899P,嘉澤群益98售01  ,0,0,0,0,0,0,0,0,0,-531000,0,0,0,10000,541000,-531000,-531000
058082,美律群益98購05  ,0,0,0,0,0,0,0,0,0,-532000,0,0,0,98000,630000,-532000,-532000
2838,聯邦銀          ,25000,559000,-534000,0,0,0,0,0,0,0,0,0,0,0,0,0,-534000
3036,文曄            ,45000,535000,-490000,0,0,0,0,0,0,-44000,0,44000,-44000,2000,2000,0,-534000
2820,華票            ,25000,560000,-535000,0,0,0,0,0,0,0,0,0,0,0,0,0,-535000
07279P,台灣50台新99售02,0,0,0,0,0,0,0,0,0,-536000,0,0,0,30000,566000,-536000,-536000
3041,揚智            ,430000,968000,-538000,0,0,0,0,0,0,0,0,0,0,0,0,0,-538000
6196,帆宣            ,193000,680000,-487000,0,0,0,0,0,0,-51000,0,0,0,4000,55000,-51000,-538000
055296,康舒元大97購02  ,0,0,0,0,0,0,0,0,0,-540000,0,0,0,0,540000,-540000,-540000
2461,光群雷          ,138000,679000,-541000,0,0,0,0,0,0,0,0,0,0,0,0,0,-541000
061411,T50反1群益9A購05,50000,0,50000,0,0,0,0,0,0,-596000,0,0,0,143000,739000,-596000,-546000
07462P,臺股指元大9B售05,0,0,0,0,0,0,0,0,0,-547000,0,0,0,18000,565000,-547000,-547000
00634R,富邦上証反1     ,0,34000,-34000,0,0,0,0,0,0,-515000,0,0,0,37000,552000,-515000,-549000
2342,茂矽            ,881000,1432000,-551000,0,0,0,0,0,0,0,0,0,0,0,0,0,-551000
1905,華紙            ,18000,571000,-553000,0,0,0,0,0,0,0,0,0,0,0,0,0,-553000
062462,GIS群益9B購01   ,0,0,0,0,0,0,0,0,0,-554000,0,0,0,0,554000,-554000,-554000
3059,華晶科          ,66000,626000,-560000,0,0,0,0,0,0,6000,6000,0,6000,0,0,0,-554000
8210,勤誠            ,101000,475000,-374000,0,0,0,0,2000,-2000,-180000,11000,94000,-83000,18000,115000,-97000,-556000
5522,遠雄            ,122000,609000,-487000,0,0,0,0,0,0,-70000,30000,100000,-70000,0,0,0,-557000
9802,鈺齊-KY         ,255000,564000,-309000,0,0,0,0,254000,-254000,5000,3000,0,3000,8000,6000,2000,-558000
1802,台玻            ,25000,586000,-561000,0,0,0,0,0,0,0,0,0,0,0,0,0,-561000
058896,中環元大99購03  ,0,0,0,0,0,0,0,0,0,-563000,0,0,0,800000,1363000,-563000,-563000
00631L,元大台灣50正2   ,409000,442000,-33000,0,0,0,0,0,0,-539000,0,0,0,3116000,3655000,-539000,-572000
061720,智邦國泰9C購01  ,15000,0,15000,0,0,0,0,0,0,-596000,0,0,0,239000,835000,-596000,-581000
060959,金像電凱基9A購01,0,0,0,0,0,0,0,0,0,-584000,0,0,0,173000,757000,-584000,-584000
06491P,台積電富邦99售02,0,0,0,0,0,0,0,0,0,-586000,0,0,0,116000,702000,-586000,-586000
4119,旭富            ,274000,752000,-478000,0,0,0,0,0,0,-111000,3000,12000,-9000,20000,122000,-102000,-589000
2605,新興            ,158000,769000,-611000,0,0,0,0,0,0,18000,27000,0,27000,0,9000,-9000,-593000
07105P,大毅元富99售02  ,0,0,0,0,0,0,0,0,0,-598000,0,0,0,145000,743000,-598000,-598000
2489,瑞軒            ,95000,684000,-589000,0,0,0,0,0,0,-10000,0,10000,-10000,0,0,0,-599000
1714,和桐            ,255000,868000,-613000,0,0,0,0,0,0,10000,10000,0,10000,0,0,0,-603000
1319,東陽            ,262828,856000,-593172,0,0,0,0,0,0,-12000,0,4000,-4000,0,8000,-8000,-605172
00640L,富邦日本正2     ,0,78000,-78000,0,0,0,0,0,0,-534000,0,0,0,402000,936000,-534000,-612000
054994,建準元富97購01  ,0,0,0,0,0,0,0,0,0,-615000,0,0,0,0,615000,-615000,-615000
05440P,緯穎國票96售02  ,0,0,0,0,0,0,0,0,0,-625000,0,0,0,0,625000,-625000,-625000
07649P,金像電永豐9A售02,0,0,0,0,0,0,0,0,0,-628000,0,0,0,119000,747000,-628000,-628000
3035,智原            ,241000,716000,-475000,0,0,0,0,0,0,-153000,2000,38000,-36000,21000,138000,-117000,-628000
07527P,台灣50凱基9B售02,0,0,0,0,0,0,0,0,0,-630000,0,0,0,9000,639000,-630000,-630000
07408P,台積電兆豐99售06,0,0,0,0,0,0,0,0,0,-631000,0,0,0,0,631000,-631000,-631000
5521,工信            ,44000,675000,-631000,0,0,0,0,0,0,0,0,0,0,0,0,0,-631000
3034,聯詠            ,2742000,3693653,-951653,0,0,0,382000,35000,347000,-29000,77000,10000,67000,46000,142000,-96000,-633653
055611,燿華國票98購02  ,0,0,0,0,0,0,0,0,0,-638000,0,0,0,0,638000,-638000,-638000
038489,T50反1台新9A購01,0,0,0,0,0,0,0,0,0,-640000,0,0,0,0,640000,-640000,-640000
2458,義隆            ,894000,977000,-83000,0,0,0,260000,611000,-351000,-206000,1000,140000,-139000,4000,71000,-67000,-640000
061392,泰鼎群益9A購02  ,0,0,0,0,0,0,0,0,0,-643000,0,0,0,36000,679000,-643000,-643000
060857,旭富富邦9B購01  ,0,0,0,0,0,0,0,0,0,-643000,0,0,0,162000,805000,-643000,-643000
8105,凌巨            ,10000,653000,-643000,0,0,0,0,0,0,0,0,0,0,0,0,0,-643000
060862,美律永豐9A購01  ,0,0,0,0,0,0,0,0,0,-646000,0,0,0,83000,729000,-646000,-646000
3450,聯鈞            ,288000,504000,-216000,0,0,0,0,399000,-399000,-33000,10000,0,10000,3000,46000,-43000,-648000
062194,遠東新中信9C購01,0,0,0,0,0,0,0,0,0,-654000,0,0,0,198000,852000,-654000,-654000
060388,世紀鋼凱基9B購01,0,0,0,0,0,0,0,0,0,-663000,0,0,0,5000,668000,-663000,-663000
5264,鎧勝-KY         ,113000,681000,-568000,0,0,0,0,0,0,-101000,0,84000,-84000,13000,30000,-17000,-669000
6288,聯嘉            ,40000,715000,-675000,0,0,0,0,0,0,5000,6000,1000,5000,0,0,0,-670000
1717,長興            ,308000,981000,-673000,0,0,0,0,0,0,0,0,0,0,0,0,0,-673000
1504,東元            ,204000,862166,-658166,0,0,0,0,0,0,-17000,0,0,0,77000,94000,-17000,-675166
1309,台達化          ,69000,751000,-682000,0,0,0,0,0,0,0,0,0,0,0,0,0,-682000
062239,台汽電凱基9B購01,0,0,0,0,0,0,0,0,0,-684000,0,0,0,40000,724000,-684000,-684000
060611,同欣電凱基9A購02,0,0,0,0,0,0,0,0,0,-685000,0,0,0,349000,1034000,-685000,-685000
00670L,富邦NASDAQ正2   ,6000,84000,-78000,0,0,0,0,0,0,-614000,0,0,0,690000,1304000,-614000,-692000
1476,儒鴻            ,274000,913771,-639771,0,0,0,0,31000,-31000,-23000,0,6000,-6000,0,17000,-17000,-693771
058080,台積電群益98購06,0,0,0,0,0,0,0,0,0,-698000,0,0,0,14000,712000,-698000,-698000
061540,台積電群益9A購07,0,0,0,0,0,0,0,0,0,-699000,0,0,0,152000,851000,-699000,-699000
062114,GIS國票9C購01   ,0,0,0,0,0,0,0,0,0,-699000,0,0,0,57000,756000,-699000,-699000
060046,S&P反1凱基99購02,0,0,0,0,0,0,0,0,0,-699000,0,0,0,21000,720000,-699000,-699000
061373,華通富邦9A購02  ,0,0,0,0,0,0,0,0,0,-700000,0,0,0,365000,1065000,-700000,-700000
07608P,台灣50國票9C售03,0,0,0,0,0,0,0,0,0,-700000,0,0,0,0,700000,-700000,-700000
2454,聯發科          ,3353958,4510786,-1156828,0,0,0,464000,1000,463000,-17000,65000,16000,49000,134000,200000,-66000,-710828
00655L,國泰中國A50正2  ,108000,289000,-181000,0,0,0,0,0,0,-544000,0,0,0,2335000,2879000,-544000,-725000
2340,光磊            ,75000,860000,-785000,0,0,0,0,0,0,59000,62000,0,62000,6000,9000,-3000,-726000
060327,美律群益9A購02  ,0,0,0,0,0,0,0,0,0,-728000,0,0,0,78000,806000,-728000,-728000
6120,達運            ,69000,797000,-728000,0,0,0,0,0,0,0,0,0,0,0,0,0,-728000
07852P,臺股指國票9A售13,0,0,0,0,0,0,0,0,0,-730000,0,0,0,23000,753000,-730000,-730000
2520,冠德            ,37000,887000,-850000,0,0,0,0,0,0,112000,82000,0,82000,30000,0,30000,-738000
061774,T50反1國票9B購06,0,0,0,0,0,0,0,0,0,-739000,0,0,0,405000,1144000,-739000,-739000
4915,致伸            ,423000,1050000,-627000,0,0,0,0,0,0,-114000,0,0,0,2000,116000,-114000,-741000
6202,盛群            ,34000,736000,-702000,0,0,0,0,0,0,-41000,0,0,0,0,41000,-41000,-743000
059524,FBVIX凱基9A購02 ,0,0,0,0,0,0,0,0,0,-746000,0,0,0,39000,785000,-746000,-746000
9933,中鼎            ,537000,1275000,-738000,0,0,0,0,0,0,-10000,0,10000,-10000,0,0,0,-748000
062533,嘉澤統一9C購01  ,0,0,0,0,0,0,0,0,0,-751000,0,0,0,0,751000,-751000,-751000
055885,大成鋼統一97購02,0,0,0,0,0,0,0,0,0,-753000,0,0,0,81000,834000,-753000,-753000
03443B,臺股指凱基9A熊27,0,0,0,0,0,0,0,0,0,-753000,0,0,0,676000,1429000,-753000,-753000
2365,昆盈            ,17000,777000,-760000,0,0,0,0,0,0,0,0,0,0,0,0,0,-760000
3062,建漢            ,300000,1064000,-764000,0,0,0,0,0,0,0,0,0,0,0,0,0,-764000
060337,FBVIX統一9A購01 ,0,0,0,0,0,0,0,0,0,-769000,0,0,0,50000,819000,-769000,-769000
055205,京鼎中信99購01  ,0,0,0,0,0,0,0,0,0,-775000,0,0,0,10000,785000,-775000,-775000
2101,南港            ,94000,823000,-729000,0,0,0,0,0,0,-47000,0,1000,-1000,2000,48000,-46000,-776000
060023,T50反1國泰9A購03,50000,0,50000,0,0,0,0,0,0,-836000,0,0,0,25000,861000,-836000,-786000
2442,新美齊          ,235000,1022000,-787000,0,0,0,0,0,0,0,0,0,0,0,0,0,-787000
2633,台灣高鐵        ,257000,1486000,-1229000,0,0,0,426000,0,426000,16000,12000,2000,10000,29000,23000,6000,-787000
6239,力成            ,1509000,2704000,-1195000,0,0,0,584000,45000,539000,-140000,12000,47000,-35000,10000,115000,-105000,-796000
07774P,台灣50群益9A售16,0,0,0,0,0,0,0,0,0,-806000,0,0,0,30000,836000,-806000,-806000
060383,葡萄王凱基9A購01,0,0,0,0,0,0,0,0,0,-812000,0,0,0,1000,813000,-812000,-812000
2412,中華電          ,1142000,2006000,-864000,0,0,0,51000,0,51000,-1000,0,0,0,0,1000,-1000,-814000
058714,美律統一9B購01  ,0,0,0,0,0,0,0,0,0,-823000,0,0,0,845000,1668000,-823000,-823000
00701,國泰股利精選30  ,0,19000,-19000,0,0,0,0,0,0,-806000,0,0,0,78000,884000,-806000,-825000
3673,TPK-KY          ,209000,936000,-727000,0,0,0,0,0,0,-105000,9000,70000,-61000,26000,70000,-44000,-832000
1313,聯成            ,62000,904000,-842000,0,0,0,0,0,0,0,0,0,0,0,0,0,-842000
059480,美律群益9A購01  ,0,0,0,0,0,0,0,0,0,-844000,0,0,0,162000,1006000,-844000,-844000
2313,華通            ,8675000,7098000,1577000,0,0,0,835000,130000,705000,-3134000,756000,3045000,-2289000,219000,1064000,-845000,-852000
00692,富邦公司治理    ,0,0,0,0,0,0,0,0,0,-858000,10000,0,10000,1823000,2691000,-868000,-858000
00662,富邦NASDAQ      ,21000,1000,20000,0,0,0,0,0,0,-888000,0,0,0,95000,983000,-888000,-868000
3413,京鼎            ,714000,638000,76000,0,0,0,0,596000,-596000,-369000,6000,187000,-181000,11000,199000,-188000,-889000
2456,奇力新          ,1240000,2107000,-867000,0,0,0,0,0,0,-38000,38000,11000,27000,58000,123000,-65000,-905000
00642U,元大S&P石油     ,5000,42000,-37000,0,0,0,0,0,0,-869000,0,0,0,858000,1727000,-869000,-906000
2809,京城銀          ,37000,946000,-909000,0,0,0,0,0,0,0,0,0,0,0,0,0,-909000
059646,聯茂凱基99購06  ,0,0,0,0,0,0,0,0,0,-912000,0,0,0,94000,1006000,-912000,-912000
07234P,台灣50元大9B售04,0,0,0,0,0,0,0,0,0,-922000,0,0,0,0,922000,-922000,-922000
9907,統一實          ,68000,993000,-925000,0,0,0,0,0,0,0,0,0,0,0,0,0,-925000
5469,瀚宇博          ,475000,1354000,-879000,0,0,0,0,0,0,-68000,150000,0,150000,42000,260000,-218000,-947000
8215,明基材          ,166000,1116000,-950000,0,0,0,0,0,0,0,0,0,0,0,0,0,-950000
1305,華夏            ,27000,984000,-957000,0,0,0,0,0,0,0,0,0,0,0,0,0,-957000
2855,統一證          ,13000,973000,-960000,0,0,0,0,0,0,0,0,0,0,0,0,0,-960000
056664,上証反中信9B購01,0,0,0,0,0,0,0,0,0,-965000,0,0,0,0,965000,-965000,-965000
1310,台苯            ,50000,1025000,-975000,0,0,0,5000,0,5000,0,0,0,0,0,0,0,-970000
6005,群益證          ,143000,1117000,-974000,0,0,0,0,0,0,0,0,0,0,0,0,0,-974000
2481,強茂            ,213000,965000,-752000,0,0,0,0,100000,-100000,-127000,0,39000,-39000,0,88000,-88000,-979000
3338,泰碩            ,310000,732000,-422000,0,0,0,50000,431000,-381000,-179000,41000,219000,-178000,36000,37000,-1000,-982000
2327,國巨            ,2834092,3629500,-795408,0,0,0,0,17000,-17000,-175000,551000,605000,-54000,156000,277000,-121000,-987408
060829,T50反1國票9A購06,0,0,0,0,0,0,0,0,0,-989000,0,0,0,0,989000,-989000,-989000
050101,台積電永昌96購03,0,0,0,0,0,0,0,0,0,-992000,0,0,0,261000,1253000,-992000,-992000
058656,燿華中信99購01  ,0,0,0,0,0,0,0,0,0,-992000,0,0,0,252000,1244000,-992000,-992000
1710,東聯            ,61000,1063000,-1002000,0,0,0,0,0,0,0,0,0,0,0,0,0,-1002000
062163,大毅國泰01購01  ,0,0,0,0,0,0,0,0,0,-1012000,0,0,0,93000,1105000,-1012000,-1012000
1701,中化            ,215000,1227000,-1012000,0,0,0,0,0,0,0,0,0,0,0,0,0,-1012000
2812,台中銀          ,161000,1197000,-1036000,0,0,0,24000,0,24000,0,0,0,0,0,0,0,-1012000
2329,華泰            ,75000,1086000,-1011000,0,0,0,0,0,0,-5000,0,0,0,0,5000,-5000,-1016000
056855,祥碩中信98購02  ,0,0,0,0,0,0,0,0,0,-1017000,0,0,0,231000,1248000,-1017000,-1017000
4904,遠傳            ,315000,1335000,-1020000,0,0,0,2000,0,2000,-2000,0,0,0,0,2000,-2000,-1020000
00693U,街口S&P黃豆     ,50000,124000,-74000,0,0,0,0,0,0,-984000,0,0,0,0,984000,-984000,-1058000
3045,台灣大          ,187000,1229000,-1042000,0,0,0,2000,77000,-75000,50000,50000,0,50000,0,0,0,-1067000
2401,凌陽            ,127000,1226000,-1099000,0,0,0,0,0,0,18000,20000,2000,18000,0,0,0,-1081000
053564,台積電富邦99購01,0,0,0,0,0,0,0,0,0,-1102000,0,0,0,0,1102000,-1102000,-1102000
6213,聯茂            ,428000,1089561,-661561,0,0,0,0,0,0,-444000,38000,405000,-367000,41000,118000,-77000,-1105561
07342P,大立光凱基99售14,0,0,0,0,0,0,0,0,0,-1111000,0,0,0,102000,1213000,-1111000,-1111000
2316,楠梓電          ,286000,1103000,-817000,0,0,0,0,0,0,-302000,15000,0,15000,21000,338000,-317000,-1119000
2354,鴻準            ,859000,1984000,-1125000,0,0,0,0,0,0,0,6000,6000,0,0,0,0,-1125000
1609,大亞            ,89000,1217000,-1128000,0,0,0,0,0,0,0,0,0,0,0,0,0,-1128000
2515,中工            ,98000,1177000,-1079000,0,0,0,0,0,0,-71000,11000,78000,-67000,0,4000,-4000,-1150000
00647L,元大S&P500正2   ,27000,199000,-172000,0,0,0,0,0,0,-1037000,0,0,0,495000,1532000,-1037000,-1209000
00664R,國泰臺灣加權反1 ,1000,0,1000,0,0,0,0,0,0,-1219000,0,0,0,645000,1864000,-1219000,-1218000
3049,和鑫            ,129000,1382000,-1253000,0,0,0,0,0,0,26000,0,0,0,27000,1000,26000,-1227000
2201,裕隆            ,242000,1473000,-1231000,0,0,0,0,0,0,-3000,2000,0,2000,0,5000,-5000,-1234000
3545,敦泰            ,4030000,5319000,-1289000,0,0,0,0,0,0,-3000,0,3000,-3000,0,0,0,-1292000
1314,中石化          ,424000,1772000,-1348000,0,0,0,0,0,0,54000,6000,0,6000,69000,21000,48000,-1294000
061586,智邦富邦9A購02  ,0,0,0,0,0,0,0,0,0,-1297000,0,0,0,73000,1370000,-1297000,-1297000
8112,至上            ,768000,2081000,-1313000,0,0,0,3000,0,3000,10000,0,0,0,10000,0,10000,-1300000
061808,聯發科統一01購02,0,0,0,0,0,0,0,0,0,-1303000,0,0,0,159000,1462000,-1303000,-1303000
8150,南茂            ,2179000,3399000,-1220000,0,0,0,0,0,0,-95000,3000,120000,-117000,84000,62000,22000,-1315000
00648R,元大S&P500反1   ,80000,51000,29000,0,0,0,0,0,0,-1351000,0,0,0,852000,2203000,-1351000,-1322000
054983,國巨元富97購04  ,0,0,0,0,0,0,0,0,0,-1331000,0,0,0,0,1331000,-1331000,-1331000
00850,元大臺灣ESG永續 ,2000,1367000,-1365000,0,0,0,0,0,0,23000,0,0,0,1056000,1033000,23000,-1342000
1789,神隆            ,742000,1675000,-933000,0,0,0,0,0,0,-418000,0,0,0,12000,430000,-418000,-1351000
2867,三商壽          ,329000,1690000,-1361000,0,0,0,0,0,0,0,0,0,0,0,0,0,-1361000
3017,奇鋐            ,717000,1642000,-925000,0,0,0,0,180000,-180000,-288000,9000,230000,-221000,15000,82000,-67000,-1393000
2103,台橡            ,54000,1449000,-1395000,0,0,0,0,0,0,0,0,0,0,0,0,0,-1395000
3702,大聯大          ,701000,2319880,-1618880,0,0,0,0,0,0,219000,213000,4000,209000,27000,17000,10000,-1399880
2014,中鴻            ,56000,1468000,-1412000,0,0,0,0,0,0,0,0,0,0,0,0,0,-1412000
00875,國泰網路資安    ,1000,1645000,-1644000,0,0,0,0,0,0,209000,0,0,0,993000,784000,209000,-1435000
2323,中環            ,2228000,4200000,-1972000,0,0,0,0,0,0,517000,44000,10000,34000,655000,172000,483000,-1455000
2915,潤泰全          ,446000,1879000,-1433000,0,0,0,0,0,0,-22000,0,0,0,14000,36000,-22000,-1455000
2542,興富發          ,1300328,2889000,-1588672,0,0,0,0,0,0,119000,149000,34000,115000,4000,0,4000,-1469672
2474,可成            ,1002000,2203000,-1201000,0,0,0,501000,491000,10000,-310000,76000,189000,-113000,16000,213000,-197000,-1501000
6191,精成科          ,41000,1553000,-1512000,0,0,0,0,0,0,0,0,0,0,0,0,0,-1512000
2498,宏達電          ,260000,1606000,-1346000,0,0,0,0,0,0,-174000,12000,24000,-12000,6000,168000,-162000,-1520000
2371,大同            ,1985000,3360000,-1375000,0,0,0,0,0,0,-153000,34000,187000,-153000,0,0,0,-1528000
056638,臺股指日盛98購01,0,0,0,0,0,0,0,0,0,-1578000,0,0,0,397000,1975000,-1578000,-1578000
060831,T50反1國票9B購03,0,0,0,0,0,0,0,0,0,-1613000,0,0,0,0,1613000,-1613000,-1613000
054727,台積電日盛97購02,0,0,0,0,0,0,0,0,0,-1655000,0,0,0,745000,2400000,-1655000,-1655000
056420,台表科元富98購01,0,0,0,0,0,0,0,0,0,-1663000,0,0,0,151000,1814000,-1663000,-1663000
00676R,富邦臺灣加權反1 ,0,0,0,0,0,0,0,0,0,-1668000,0,0,0,725000,2393000,-1668000,-1668000
4906,正文            ,254000,1796000,-1542000,0,0,0,0,0,0,-145000,16000,0,16000,10000,171000,-161000,-1687000
3682,亞太電          ,1000,1691000,-1690000,0,0,0,0,0,0,0,0,0,0,0,0,0,-1690000
2104,國際中橡        ,166000,1862000,-1696000,0,0,0,0,0,0,-5000,0,0,0,0,5000,-5000,-1701000
2363,矽統            ,406000,2137000,-1731000,0,0,0,0,0,0,5000,5000,0,5000,0,0,0,-1726000
2355,敬鵬            ,98000,1825000,-1727000,0,0,0,0,0,0,0,0,0,0,0,0,0,-1727000
00669R,國泰美國道瓊反1 ,334000,109000,225000,0,0,0,0,0,0,-1961000,0,0,0,3795000,5756000,-1961000,-1736000
00830,國泰費城半導體  ,20000,1169000,-1149000,0,0,0,0,0,0,-602000,0,0,0,298000,900000,-602000,-1751000
00712,FH富時不動產    ,0,729000,-729000,0,0,0,0,0,0,-1028000,0,0,0,12000,1040000,-1028000,-1757000
6153,嘉聯益          ,544310,2177000,-1632690,0,0,0,0,0,0,-140000,4000,8000,-4000,26000,162000,-136000,-1772690
1303,南亞            ,1492000,3318900,-1826900,0,0,0,57000,0,57000,-8000,4000,2000,2000,0,10000,-10000,-1777900
1718,中纖            ,140000,1998000,-1858000,0,0,0,0,0,0,-22000,0,22000,-22000,0,0,0,-1880000
2353,宏碁            ,2144000,4090000,-1946000,0,0,0,0,0,0,52000,65000,32000,33000,46000,27000,19000,-1894000
6176,瑞儀            ,255000,2368000,-2113000,0,0,0,227000,0,227000,-68000,10000,18000,-8000,9000,69000,-60000,-1954000
00861,元大全球未來通訊,1000,614000,-613000,0,0,0,0,0,0,-1352000,0,0,0,420000,1772000,-1352000,-1965000
2505,國揚            ,227000,2123000,-1896000,0,0,0,0,0,0,-74000,10000,0,10000,53000,137000,-84000,-1970000
00633L,富邦上証正2     ,286000,960000,-674000,0,0,0,0,0,0,-1310200,0,152000,-152000,3557000,4715200,-1158200,-1984200
2027,大成鋼          ,231000,2023000,-1792000,0,0,0,0,0,0,-203000,4000,40000,-36000,87000,254000,-167000,-1995000
5876,上海商銀        ,1227000,3248731,-2021731,0,0,0,4000,0,4000,-3000,0,0,0,0,3000,-3000,-2020731
5880,合庫金          ,4258000,6402561,-2144561,0,0,0,97000,0,97000,0,0,0,0,0,0,0,-2047561
2312,金寶            ,1365000,3460000,-2095000,0,0,0,0,0,0,19000,0,0,0,29000,10000,19000,-2076000
5471,松翰            ,2344000,3725000,-1381000,0,0,0,100000,793000,-693000,-35000,2000,37000,-35000,0,0,0,-2109000
3044,健鼎            ,369000,2457000,-2088000,0,0,0,0,0,0,-28000,15000,22000,-7000,0,21000,-21000,-2116000
07478P,南電康和9A售02  ,0,0,0,0,0,0,0,0,0,-2117000,0,0,0,415000,2532000,-2117000,-2117000
1762,中化生          ,2081000,4192000,-2111000,0,0,0,0,0,0,-13000,56000,69000,-13000,0,0,0,-2124000
1101,台泥            ,3559000,6639332,-3080332,0,0,0,600000,100000,500000,416000,431000,13000,418000,27000,29000,-2000,-2164332
3706,神達            ,501000,2536000,-2035000,0,0,0,0,0,0,-140000,22000,102000,-80000,0,60000,-60000,-2175000
0056,元大高股息      ,40000,140000,-100000,0,0,0,0,40000,-40000,-2070000,135000,510000,-375000,1407000,3102000,-1695000,-2210000
4958,臻鼎-KY         ,865000,3042000,-2177000,0,0,0,3000,0,3000,-101000,33000,108000,-75000,18000,44000,-26000,-2275000
1216,統一            ,3371000,4883800,-1512800,0,0,0,50000,606000,-556000,-237000,10000,245000,-235000,0,2000,-2000,-2305800
2834,臺企銀          ,2576000,4962576,-2386576,0,0,0,47000,0,47000,0,0,0,0,0,0,0,-2339576
058327,大毅統一9B購01  ,0,0,0,0,0,0,0,0,0,-2343000,0,0,0,220000,2563000,-2343000,-2343000
1605,華新            ,445000,2700000,-2255000,0,0,0,0,0,0,-109000,0,122000,-122000,86000,73000,13000,-2364000
3576,聯合再生        ,180000,2549000,-2369000,0,0,0,0,0,0,0,0,0,0,0,0,0,-2369000
00646,元大S&P500      ,0,269000,-269000,0,0,0,0,0,0,-2138000,0,0,0,96000,2234000,-2138000,-2407000
3711,日月光投控      ,4000000,6319000,-2319000,0,0,0,4000,18000,-14000,-78998,14000,18000,-4000,0,74998,-74998,-2411998
2367,燿華            ,1962000,4027000,-2065000,0,0,0,0,0,0,-396000,0,0,0,141000,537000,-396000,-2461000
1312,國喬            ,513000,2949000,-2436000,0,0,0,0,0,0,-34000,0,34000,-34000,0,0,0,-2470000
2492,華新科          ,639625,2537000,-1897375,0,0,0,0,254000,-254000,-411000,48000,166000,-118000,131000,424000,-293000,-2562375
2338,光罩            ,338000,2649001,-2311001,0,0,0,0,0,0,-282000,40000,105000,-65000,170000,387000,-217000,-2593001
2105,正新            ,779000,3389000,-2610000,0,0,0,3000,0,3000,-3000,5000,8000,-3000,0,0,0,-2610000
052602,聯電元大97購01  ,0,0,0,0,0,0,0,0,0,-2657000,0,0,0,125000,2782000,-2657000,-2657000
3042,晶技            ,2929000,3867000,-938000,0,0,0,0,900000,-900000,-924000,238000,1141000,-903000,15000,36000,-21000,-2762000
2332,友訊            ,1056000,3771000,-2715000,0,0,0,0,0,0,-126000,66000,106000,-40000,288000,374000,-86000,-2841000
2882,國泰金          ,3164087,6328206,-3164119,0,0,0,88000,0,88000,-34000,0,0,0,2000,36000,-34000,-3110119
2352,佳世達          ,529000,3773000,-3244000,0,0,0,0,0,0,44000,112000,30000,82000,0,38000,-38000,-3200000
1402,遠東新          ,1224000,4542000,-3318000,0,0,0,40000,0,40000,-14000,12000,81000,-69000,55000,0,55000,-3292000
1102,亞泥            ,1916000,5221800,-3305800,0,0,0,163000,77000,86000,-114000,4000,118000,-114000,27000,27000,0,-3333800
0050,元大台灣50      ,10225,3873170,-3862945,0,0,0,0,0,0,-8000,33000,125000,-92000,1868000,1784000,84000,-3870945
1326,台化            ,508000,4532000,-4024000,0,0,0,44000,22000,22000,3000,0,2000,-2000,9000,4000,5000,-3999000
2881,富邦金          ,4053000,8578000,-4525000,0,0,0,77000,0,77000,-13000,32000,28000,4000,26000,43000,-17000,-4461000
1909,榮成            ,116000,4813000,-4697000,0,0,0,0,0,0,-10000,0,10000,-10000,0,0,0,-4707000
2603,長榮            ,510000,5963320,-5453320,0,0,0,0,0,0,689000,689000,0,689000,0,0,0,-4764320
2324,仁寶            ,5967000,11383000,-5416000,0,0,0,37000,0,37000,33000,2000,0,2000,61000,30000,31000,-5346000
6116,彩晶            ,284000,5541000,-5257000,0,0,0,0,0,0,-363000,0,0,0,1000,364000,-363000,-5620000
2880,華南金          ,658000,6556682,-5898682,0,0,0,94000,0,94000,-2000,0,2000,-2000,0,0,0,-5806682
2890,永豐金          ,4474000,11448468,-6974468,0,0,0,1110000,0,1110000,-4000,0,0,0,0,4000,-4000,-5868468
2801,彰銀            ,1812000,7912801,-6100801,0,0,0,64000,0,64000,53000,7000,0,7000,46000,0,46000,-5983801
9904,寶成            ,1660000,7874000,-6214000,0,0,0,27000,0,27000,-132000,6000,24000,-18000,3000,117000,-114000,-6319000
2317,鴻海            ,14446000,20066130,-5620130,0,0,0,189000,46000,143000,-978000,51000,306000,-255000,138000,861000,-723000,-6455130
2823,中壽            ,804000,8131274,-7327274,0,0,0,4000,0,4000,461000,0,0,0,461000,0,461000,-6862274
2884,玉山金          ,2638028,10256748,-7618720,0,0,0,117000,0,117000,0,0,0,0,0,0,0,-7501720
2892,第一金          ,2949000,10670917,-7721917,0,0,0,105000,0,105000,32000,32000,0,32000,0,0,0,-7584917
1301,台塑            ,2313000,9793276,-7480276,0,0,0,6000,501000,-495000,25000,25000,0,25000,0,0,0,-7950276
2886,兆豐金          ,4698000,12724700,-8026700,0,0,0,113000,85000,28000,16000,2000,0,2000,27000,13000,14000,-7982700
2303,聯電            ,12140000,19870680,-7730680,0,0,0,15000,305000,-290000,36000,35000,64000,-29000,67000,2000,65000,-7984680
2408,南亞科          ,2364000,8443568,-6079568,0,0,0,1000,2133000,-2132000,-4000,164000,210000,-46000,206000,164000,42000,-8215568
2618,長榮航          ,311000,8466926,-8155926,0,0,0,27000,0,27000,-163000,0,14000,-14000,0,149000,-149000,-8291926
2002,中鋼            ,1477000,12152000,-10675000,0,0,0,129000,0,129000,46000,44000,0,44000,2000,0,2000,-10500000
2883,開發金          ,2032000,12915000,-10883000,0,0,0,145000,0,145000,11000,12000,0,12000,17000,18000,-1000,-10727000
3481,群創            ,19887398,30104000,-10216602,0,0,0,0,0,0,-818000,40000,96000,-56000,0,762000,-762000,-11034602
2448,晶電            ,4437000,12847000,-8410000,0,0,0,724000,1597000,-873000,-2058000,90000,2162000,-2072000,14000,0,14000,-11341000
00653L,富邦印度正2     ,71000,6244000,-6173000,0,0,0,0,0,0,-8418000,0,0,0,895000,9313000,-8418000,-14591000
2888,新光金          ,5133815,20271980,-15138165,0,0,0,16000,0,16000,-213000,16000,12000,4000,93000,310000,-217000,-15335165
2887,台新金          ,3057000,20349449,-17292449,0,0,0,104000,0,104000,44000,32000,0,32000,12000,0,12000,-17144449
2409,友達            ,6868000,23994319,-17126319,0,0,0,0,0,0,-362000,212000,0,212000,87000,661000,-574000,-17488319
2344,華邦電          ,1909000,18701000,-16792000,0,0,0,0,212000,-212000,-579000,10000,322000,-312000,7000,274000,-267000,-17583000
2330,台積電          ,8935571,27136263,-18200692,0,0,0,492000,41000,451000,43001,555000,434000,121000,567000,644999,-77999,-17706691
2891,中信金          ,6412000,28289064,-21877064,0,0,0,197000,185000,12000,-15000,0,0,0,0,15000,-15000,-21880064
2337,旺宏            ,6954300,26676000,-19721700,0,0,0,0,2209000,-2209000,-1980000,20000,1134000,-1114000,62000,928000,-866000,-23910700
00852L,國泰美國道瓊正2 ,195000,556000,-361000,0,0,0,0,0,0,-24556000,0,0,0,3059000,27615000,-24556000,-24917000
2885,元大金          ,2268000,42770878,-40502878,0,0,0,116000,0,116000,-112000,100000,212000,-112000,0,0,0,-40498878
00632R,元大台灣50反1   ,3932000,147356000,-143424000,0,0,0,0,0,0,-125315000,7292000,400000,6892000,42355000,174562000,-132207000,-268739000
