證券代號,證券名稱,外陸資買進股數(不含外資自營商),外陸資賣出股數(不含外資自營商),外陸資買賣超股數(不含外資自營商),外資自營商買進股數,外資自營商賣出股數,外資自營商買賣超股數,投信買進股數,投信賣出股數,投信買賣超股數,自營商買賣超股數,自營商買進股數(自行買賣),自營商賣出股數(自行買賣),自營商買賣超股數(自行買賣),自營商買進股數(避險),自營商賣出股數(避險),自營商買賣超股數(避險),三大法人買賣超股數
2303,聯電            ,68541000,44656370,23884630,0,0,0,6768000,1577000,5191000,9157000,8896000,2853000,6043000,5750000,2636000,3114000,38232630
0056,元大高股息      ,3000,2000,1000,0,0,0,0,5800,-5800,33055000,0,0,0,33072000,17000,33055000,33050200
00876,元大未來關鍵科技,1000,0,1000,0,0,0,0,0,0,9948000,0,0,0,10511000,563000,9948000,9949000
2337,旺宏            ,7335000,3218000,4117000,0,0,0,3000000,0,3000000,2267000,687000,3000,684000,1740000,157000,1583000,9384000
2344,華邦電          ,12707000,3880000,8827000,0,0,0,0,0,0,419000,202000,53000,149000,609000,339000,270000,9246000
2368,金像電          ,14672000,5256000,9416000,0,0,0,552000,0,552000,-1404000,62000,924000,-862000,147000,689000,-542000,8564000
2448,晶電            ,10815000,2445000,8370000,0,0,0,0,0,0,-378000,82000,459000,-377000,0,1000,-1000,7992000
3231,緯創            ,13850870,8274397,5576473,0,0,0,779000,10000,769000,964000,1095000,43000,1052000,1350000,1438000,-88000,7309473
2356,英業達          ,10082177,1977220,8104957,0,0,0,1451000,2016000,-565000,-1392000,83000,77000,6000,314000,1712000,-1398000,6147957
00852L,國泰美國道瓊正2 ,969000,0,969000,0,0,0,0,0,0,4607000,0,0,0,7727000,3120000,4607000,5576000
6176,瑞儀            ,5656000,629000,5027000,0,0,0,336000,58000,278000,-282000,22000,39000,-17000,96000,361000,-265000,5023000
2449,京元電子        ,6629000,1529000,5100000,0,0,0,0,0,0,-244000,4000,194000,-190000,916000,970000,-54000,4856000
2313,華通            ,6516000,2170000,4346000,0,0,0,775000,0,775000,-562000,445000,940000,-495000,531000,598000,-67000,4559000
2515,中工            ,3722000,745000,2977000,0,0,0,0,0,0,855000,107000,90000,17000,984000,146000,838000,3832000
2376,技嘉            ,6061000,3590000,2471000,0,0,0,239000,0,239000,1043000,1307000,461000,846000,771000,574000,197000,3753000
064271,鴻海元大9C購08  ,0,0,0,0,0,0,0,0,0,3515000,0,0,0,3586000,71000,3515000,3515000
2383,台光電          ,3750000,1744000,2006000,0,0,0,144000,219000,-75000,1080000,785000,111000,674000,486000,80000,406000,3011000
056584,鴻海統一9B購01  ,0,0,0,0,0,0,0,0,0,2936000,0,0,0,4642000,1706000,2936000,2936000
066945,鴻海元大01購14  ,0,0,0,0,0,0,0,0,0,2675000,0,0,0,2841000,166000,2675000,2675000
064721,國泰金統一02購01,0,0,0,0,0,0,0,0,0,2444000,0,0,0,2444000,0,2444000,2444000
1312,國喬            ,3305000,1051000,2254000,0,0,0,0,0,0,104000,108000,15000,93000,31000,20000,11000,2358000
3545,敦泰            ,2740000,1009000,1731000,0,0,0,0,0,0,562000,0,8000,-8000,588000,18000,570000,2293000
2102,泰豐            ,2760000,922000,1838000,0,0,0,0,0,0,382000,0,2000,-2000,384000,0,384000,2220000
1309,台達化          ,2762900,396000,2366900,0,0,0,0,0,0,-159000,193000,284000,-91000,0,68000,-68000,2207900
07617P,聯發科中信9C售04,0,0,0,0,0,0,0,0,0,2158000,0,0,0,2226000,68000,2158000,2158000
6257,矽格            ,3313936,2400000,913936,0,0,0,600000,150000,450000,709000,145000,194000,-49000,992000,234000,758000,2072936
00708L,元大S&P黃金正2  ,15000,10000,5000,0,0,0,0,0,0,2051000,0,0,0,3401000,1350000,2051000,2056000
00861,元大全球未來通訊,0,0,0,0,0,0,0,0,0,2017000,0,0,0,2071000,54000,2017000,2017000
6456,GIS-KY          ,3401000,2063000,1338000,0,0,0,1246000,38000,1208000,-617000,37000,98000,-61000,60000,616000,-556000,1929000
061587,美律富邦9A購02  ,0,0,0,0,0,0,0,0,0,1915000,0,0,0,2050000,135000,1915000,1915000
064388,緯穎富邦9C購01  ,0,0,0,0,0,0,0,0,0,1861000,0,0,0,2247000,386000,1861000,1861000
2520,冠德            ,1355000,628000,727000,0,0,0,742000,0,742000,357000,208000,106000,102000,255000,0,255000,1826000
2409,友達            ,22555000,24863000,-2308000,0,0,0,0,0,0,4108000,2841000,308000,2533000,1947000,372000,1575000,1800000
062597,世紀鋼統一01購01,0,0,0,0,0,0,0,0,0,1798000,0,0,0,1895000,97000,1798000,1798000
066390,鴻海凱基02購03  ,0,0,0,0,0,0,0,0,0,1759000,0,0,0,1904000,145000,1759000,1759000
08899P,台積電群益01售16,0,0,0,0,0,0,0,0,0,1611000,0,0,0,2147000,536000,1611000,1611000
056790,彩晶群益98購03  ,0,0,0,0,0,0,0,0,0,1600000,0,0,0,1600000,0,1600000,1600000
2347,聯強            ,2694000,568000,2126000,0,0,0,474000,1000,473000,-1017000,0,294000,-294000,33000,756000,-723000,1582000
063581,同欣電國泰9C購01,0,0,0,0,0,0,0,0,0,1581000,0,0,0,1747000,166000,1581000,1581000
053856,台積電富邦98購01,0,0,0,0,0,0,0,0,0,1571000,0,0,0,1571000,0,1571000,1571000
00653L,富邦印度正2     ,450000,36000,414000,0,0,0,0,0,0,1129000,0,0,0,2737000,1608000,1129000,1543000
064040,鴻海統一9C購18  ,0,0,0,0,0,0,0,0,0,1519000,0,0,0,1599000,80000,1519000,1519000
08453P,玉晶光台新9C售02,0,0,0,0,0,0,0,0,0,1514000,0,0,0,2374000,860000,1514000,1514000
066682,聯詠兆豐03購01  ,0,0,0,0,0,0,0,0,0,1429000,0,0,0,1511000,82000,1429000,1429000
6213,聯茂            ,1612000,210000,1402000,0,0,0,0,130000,-130000,154000,0,5000,-5000,163000,4000,159000,1426000
1904,正隆            ,1792000,810000,982000,0,0,0,0,0,0,415000,0,16000,-16000,432000,1000,431000,1397000
065510,鴻海群益01購04  ,0,0,0,0,0,0,0,0,0,1378000,0,0,0,1522000,144000,1378000,1378000
065118,國巨富邦01購02  ,0,0,0,0,0,0,0,0,0,1375000,0,0,0,1824000,449000,1375000,1375000
2360,致茂            ,3111000,1798000,1313000,0,0,0,0,66000,-66000,86000,166000,142000,24000,105000,43000,62000,1333000
00638R,元大滬深300反1  ,344000,5000,339000,0,0,0,0,0,0,993000,0,0,0,1603000,610000,993000,1332000
08554P,玉晶光國票01售06,0,0,0,0,0,0,0,0,0,1324000,0,0,0,2202000,878000,1324000,1324000
066599,鴻海國泰03購02  ,0,0,0,0,0,0,0,0,0,1320000,0,0,0,1453000,133000,1320000,1320000
063674,力山國泰01購02  ,0,0,0,0,0,0,0,0,0,1311000,0,0,0,1464000,153000,1311000,1311000
00664R,國泰臺灣加權反1 ,20000,20000,0,0,0,0,0,0,0,1308000,0,0,0,1637000,329000,1308000,1308000
067664,台船元大01購01  ,0,0,0,0,0,0,0,0,0,1304000,0,0,0,1304000,0,1304000,1304000
08440P,玉晶光國票01售05,0,0,0,0,0,0,0,0,0,1288000,0,0,0,1930000,642000,1288000,1288000
064430,鴻海凱基03購04  ,0,0,0,0,0,0,0,0,0,1275000,0,0,0,1313000,38000,1275000,1275000
066208,聯鈞統一02購01  ,0,0,0,0,0,0,0,0,0,1274000,0,0,0,1336000,62000,1274000,1274000
067350,鴻海群益02購02  ,0,0,0,0,0,0,0,0,0,1265000,0,0,0,1365000,100000,1265000,1265000
064244,GIS統一02購01   ,0,0,0,0,0,0,0,0,0,1230000,0,0,0,1628000,398000,1230000,1230000
066280,眾達元大01購01  ,0,0,0,0,0,0,0,0,0,1224000,0,0,0,1440000,216000,1224000,1224000
064915,美律統一02購02  ,0,0,0,0,0,0,0,0,0,1194000,0,0,0,1288000,94000,1194000,1194000
08885P,台積電國泰03售02,0,0,0,0,0,0,0,0,0,1181000,0,0,0,7270000,6089000,1181000,1181000
0050,元大台灣50      ,2700000,450500,2249500,0,0,0,0,88100,-88100,-984000,0,28000,-28000,847000,1803000,-956000,1177400
066931,友達國票02購01  ,0,0,0,0,0,0,0,0,0,1176000,0,0,0,1424000,248000,1176000,1176000
066851,瀚宇博元大01購02,0,0,0,0,0,0,0,0,0,1166000,0,0,0,1431000,265000,1166000,1166000
058634,可成兆豐99購03  ,0,0,0,0,0,0,0,0,0,1159000,0,0,0,1165000,6000,1159000,1159000
065349,玉晶光統一9C購05,0,0,0,0,0,0,0,0,0,1155000,0,0,0,1804000,649000,1155000,1155000
1314,中石化          ,2231000,1015000,1216000,0,0,0,0,0,0,-67000,0,43000,-43000,0,24000,-24000,1149000
057475,聯電元大9A購01  ,0,0,0,0,0,0,0,0,0,1123000,0,0,0,1568000,445000,1123000,1123000
063593,GIS永豐9B購01   ,0,0,0,0,0,0,0,0,0,1122000,0,0,0,1302000,180000,1122000,1122000
2357,華碩            ,1953000,776000,1177000,0,0,0,137000,4000,133000,-202000,2000,18000,-16000,17000,203000,-186000,1108000
6278,台表科          ,1694000,524000,1170000,0,0,0,38000,85000,-47000,-18000,34000,55000,-21000,31000,28000,3000,1105000
08393P,鴻海群益9C售05  ,50000,0,50000,0,0,0,0,0,0,1052000,0,0,0,1286000,234000,1052000,1102000
063900,GIS群益9C購03   ,0,0,0,0,0,0,0,0,0,1100000,0,0,0,1314000,214000,1100000,1100000
4142,國光生          ,3277000,2154000,1123000,0,0,0,0,0,0,-41000,20000,61000,-41000,0,0,0,1082000
063031,鴻海凱基9C購01  ,0,0,0,0,0,0,0,0,0,1071000,0,0,0,1101000,30000,1071000,1071000
064231,鴻海統一01購03  ,0,0,0,0,0,0,0,0,0,1062000,0,0,0,1158000,96000,1062000,1062000
6153,嘉聯益          ,1386000,888000,498000,0,0,0,0,0,0,560000,84000,50000,34000,542000,16000,526000,1058000
066306,亞聚永豐01購01  ,0,0,0,0,0,0,0,0,0,1056000,0,0,0,1128000,72000,1056000,1056000
1440,南紡            ,2254000,1335000,919000,0,0,0,0,0,0,130000,0,39000,-39000,169000,0,169000,1049000
060158,廣達永豐9A購01  ,0,0,0,0,0,0,0,0,0,1046000,0,0,0,1232000,186000,1046000,1046000
064444,聚陽統一01購02  ,0,0,0,0,0,0,0,0,0,1043000,0,0,0,1098000,55000,1043000,1043000
064042,國巨統一9C購12  ,0,0,0,0,0,0,0,0,0,1031000,0,0,0,1111000,80000,1031000,1031000
064829,義隆統一01購02  ,0,0,0,0,0,0,0,0,0,1029000,0,0,0,1637000,608000,1029000,1029000
3702,大聯大          ,1213000,1755120,-542120,0,0,0,2444000,0,2444000,-875000,165000,95000,70000,0,945000,-945000,1026880
064871,緯穎永豐9C購03  ,0,0,0,0,0,0,0,0,0,1022000,0,0,0,1022000,0,1022000,1022000
064117,中興電元大9C購01,0,25000,-25000,0,0,0,0,0,0,1047000,0,0,0,1173000,126000,1047000,1022000
08726P,台積電群益01售07,0,0,0,0,0,0,0,0,0,1015000,0,0,0,1227000,212000,1015000,1015000
065964,鴻海元大02購01  ,0,0,0,0,0,0,0,0,0,1006000,0,0,0,1063000,57000,1006000,1006000
065933,鴻海群益01購06  ,0,0,0,0,0,0,0,0,0,1005000,0,0,0,1136000,131000,1005000,1005000
067390,聯詠元富07購02  ,0,0,0,0,0,0,0,0,0,1002000,0,0,0,1027000,25000,1002000,1002000
063806,瀚宇博兆豐01購01,0,0,0,0,0,0,0,0,0,1001000,0,0,0,1097000,96000,1001000,1001000
2439,美律            ,1660000,1231000,429000,0,0,0,519000,1000,518000,52000,479000,164000,315000,216000,479000,-263000,999000
07928P,國巨統一9B售09  ,0,0,0,0,0,0,0,0,0,998000,0,0,0,998000,0,998000,998000
067319,眾達元大01購02  ,0,0,0,0,0,0,0,0,0,991000,0,0,0,1372000,381000,991000,991000
064268,緯穎永豐9C購01  ,0,0,0,0,0,0,0,0,0,984000,0,0,0,1077000,93000,984000,984000
2375,凱美            ,1002000,268000,734000,0,0,0,0,0,0,245000,116000,0,116000,138000,9000,129000,979000
07941P,國巨凱基9B售07  ,0,0,0,0,0,0,0,0,0,978000,0,0,0,998000,20000,978000,978000
08110P,臺股指中信01售05,0,0,0,0,0,0,0,0,0,975000,0,0,0,1025000,50000,975000,975000
065957,華擎統一03購02  ,0,0,0,0,0,0,0,0,0,971000,0,0,0,1066000,95000,971000,971000
062846,國泰金富邦9C購01,0,0,0,0,0,0,0,0,0,969000,0,0,0,969000,0,969000,969000
055572,鴻海統一98購04  ,0,0,0,0,0,0,0,0,0,967000,0,0,0,977000,10000,967000,967000
066688,台積電元富07購01,0,0,0,0,0,0,0,0,0,964000,0,0,0,1100000,136000,964000,964000
9958,世紀鋼          ,1314000,189000,1125000,0,0,0,50000,0,50000,-217000,8000,42000,-34000,246000,429000,-183000,958000
058284,滬深反群益01購01,0,0,0,0,0,0,0,0,0,948000,0,0,0,948000,0,948000,948000
063343,美律統一9C購01  ,0,0,0,0,0,0,0,0,0,934000,0,0,0,1063000,129000,934000,934000
066470,惠特統一02購01  ,0,0,0,0,0,0,0,0,0,922000,0,0,0,1111000,189000,922000,922000
063549,國巨國票9C購05  ,0,0,0,0,0,0,0,0,0,919000,0,0,0,940000,21000,919000,919000
062062,貿聯統一01購01  ,0,0,0,0,0,0,0,0,0,917000,0,0,0,1010000,93000,917000,917000
2401,凌陽            ,1395000,476000,919000,0,0,0,0,0,0,-2000,0,2000,-2000,0,0,0,917000
2014,中鴻            ,1080000,166000,914000,0,0,0,0,0,0,0,0,0,0,0,0,0,914000
064375,智邦元富03購01  ,0,0,0,0,0,0,0,0,0,912000,0,0,0,969000,57000,912000,912000
067204,國巨元大02購02  ,0,0,0,0,0,0,0,0,0,905000,0,0,0,944000,39000,905000,905000
064966,FBVIX元大9C購03 ,0,0,0,0,0,0,0,0,0,899000,0,0,0,899000,0,899000,899000
00712,FH富時不動產    ,655000,0,655000,0,0,0,0,0,0,242000,0,0,0,401000,159000,242000,897000
055701,亞德客富邦99購01,0,0,0,0,0,0,0,0,0,895000,0,0,0,1152000,257000,895000,895000
06690P,玉晶光群益9A售05,0,0,0,0,0,0,0,0,0,890000,0,0,0,1051000,161000,890000,890000
058714,美律統一9B購01  ,0,0,0,0,0,0,0,0,0,890000,0,0,0,1423000,533000,890000,890000
061958,鴻海統一01購01  ,0,0,0,0,0,0,0,0,0,886000,0,0,0,952000,66000,886000,886000
4938,和碩            ,4849000,3880826,968174,0,0,0,622000,14000,608000,-691000,0,90000,-90000,13000,614000,-601000,885174
058670,鴻海群益9A購03  ,0,0,0,0,0,0,0,0,0,881000,0,0,0,910000,29000,881000,881000
066976,台達電群益01購01,0,0,0,0,0,0,0,0,0,876000,0,0,0,928000,52000,876000,876000
066229,力山富邦04購01  ,0,0,0,0,0,0,0,0,0,876000,0,0,0,947000,71000,876000,876000
1760,寶齡富錦        ,1446000,576000,870000,0,0,0,0,0,0,0,0,0,0,0,0,0,870000
059319,台光電元大99購04,0,0,0,0,0,0,0,0,0,869000,0,0,0,869000,0,869000,869000
00676R,富邦臺灣加權反1 ,5000,5000,0,0,0,0,0,0,0,866000,0,0,0,1228000,362000,866000,866000
065659,華新科永豐9C購04,0,0,0,0,0,0,0,0,0,856000,0,0,0,956000,100000,856000,856000
063846,智邦元大9C購01  ,0,0,0,0,0,0,0,0,0,849000,0,0,0,888000,39000,849000,849000
063573,茂林元大9B購06  ,0,0,0,0,0,0,0,0,0,847000,0,0,0,1276000,429000,847000,847000
5388,中磊            ,830000,117000,713000,0,0,0,100000,0,100000,34000,0,3000,-3000,52000,15000,37000,847000
067387,智邦元富04購01  ,0,0,0,0,0,0,0,0,0,840000,0,0,0,844000,4000,840000,840000
067504,鴻海統一01購07  ,0,0,0,0,0,0,0,0,0,838000,0,0,0,1018000,180000,838000,838000
064250,亞光元富9C購01  ,0,0,0,0,0,0,0,0,0,837000,0,0,0,941000,104000,837000,837000
5522,遠雄            ,2280601,503878,1776723,0,0,0,0,0,0,-940000,5000,0,5000,0,945000,-945000,836723
3711,日月光投控      ,3970000,4513000,-543000,0,0,0,366000,169000,197000,1182000,1036000,24000,1012000,207000,37000,170000,836000
067024,旺宏兆豐03購01  ,0,0,0,0,0,0,0,0,0,835000,0,0,0,869000,34000,835000,835000
065319,鴻海凱基9C購03  ,0,0,0,0,0,0,0,0,0,834000,0,0,0,844000,10000,834000,834000
063301,鴻海凱基9B購08  ,0,0,0,0,0,0,0,0,0,833000,0,0,0,867000,34000,833000,833000
063563,國巨元大9C購07  ,0,0,0,0,0,0,0,0,0,830000,0,0,0,860000,30000,830000,830000
1325,恆大            ,2018000,1150100,867900,0,0,0,0,112000,-112000,74000,64000,0,64000,10000,0,10000,829900
063673,GIS統一9C購02   ,0,0,0,0,0,0,0,0,0,826000,0,0,0,881000,55000,826000,826000
060122,亞德客永豐99購02,0,0,0,0,0,0,0,0,0,824000,0,0,0,972000,148000,824000,824000
062163,大毅國泰01購01  ,0,0,0,0,0,0,0,0,0,823000,0,0,0,965000,142000,823000,823000
065353,GIS統一02購03   ,0,0,0,0,0,0,0,0,0,821000,0,0,0,830000,9000,821000,821000
07224P,鴻海元大9A售02  ,0,0,0,0,0,0,0,0,0,819000,0,0,0,819000,0,819000,819000
066140,鎧勝群益01購01  ,0,0,0,0,0,0,0,0,0,816000,0,0,0,968000,152000,816000,816000
055902,同欣電中信99購01,0,0,0,0,0,0,0,0,0,813000,0,0,0,2551000,1738000,813000,813000
2414,精技            ,1083000,261000,822000,0,0,0,0,0,0,-10000,0,10000,-10000,0,0,0,812000
057796,鴻海兆豐99購03  ,0,0,0,0,0,0,0,0,0,811000,0,0,0,832000,21000,811000,811000
065030,亞光兆豐9C購01  ,0,0,0,0,0,0,0,0,0,810000,0,0,0,942000,132000,810000,810000
067514,申豐統一02購05  ,0,0,0,0,0,0,0,0,0,805000,0,0,0,970000,165000,805000,805000
056944,鴻海統一98購11  ,0,0,0,0,0,0,0,0,0,799000,0,0,0,799000,0,799000,799000
067278,申豐統一02購03  ,0,0,0,0,0,0,0,0,0,789000,0,0,0,1019000,230000,789000,789000
063671,GIS統一01購01   ,0,0,0,0,0,0,0,0,0,786000,0,0,0,1135000,349000,786000,786000
060426,盛群永豐9A購01  ,0,0,0,0,0,0,0,0,0,784000,0,0,0,784000,0,784000,784000
063685,鴻海永豐9B購03  ,0,0,0,0,0,0,0,0,0,784000,0,0,0,784000,0,784000,784000
066774,聯詠富邦03購01  ,0,0,0,0,0,0,0,0,0,782000,0,0,0,1631000,849000,782000,782000
2481,強茂            ,1941000,456000,1485000,0,0,0,0,586000,-586000,-124000,50000,40000,10000,36000,170000,-134000,775000
057568,友訊永豐99購01  ,0,0,0,0,0,0,0,0,0,774000,0,0,0,796000,22000,774000,774000
065855,瀚宇博元大9C購03,0,0,0,0,0,0,0,0,0,769000,0,0,0,878000,109000,769000,769000
062060,奇鋐統一9C購01  ,0,0,0,0,0,0,0,0,0,768000,0,0,0,938000,170000,768000,768000
063774,GIS富邦9B購02   ,0,0,0,0,0,0,0,0,0,767000,0,0,0,1099000,332000,767000,767000
5264,鎧勝-KY         ,2686000,2263000,423000,0,0,0,306000,15000,291000,51000,61000,3000,58000,297000,304000,-7000,765000
4164,承業醫          ,1044000,194110,849890,0,0,0,0,0,0,-85000,77000,162000,-85000,0,0,0,764890
065299,燿華元富9C購02  ,0,0,0,0,0,0,0,0,0,756000,0,0,0,783000,27000,756000,756000
067884,鴻海群益02購03  ,0,0,0,0,0,0,0,0,0,755000,0,0,0,755000,0,755000,755000
067718,鴻海凱基01購09  ,0,0,0,0,0,0,0,0,0,754000,0,0,0,789000,35000,754000,754000
2316,楠梓電          ,976000,302000,674000,0,0,0,0,0,0,80000,0,1000,-1000,104000,23000,81000,754000
060659,鴻海凱基9B購03  ,0,0,0,0,0,0,0,0,0,753000,0,0,0,753000,0,753000,753000
064867,華新科永豐9C購03,0,0,0,0,0,0,0,0,0,753000,0,0,0,758000,5000,753000,753000
058537,彩晶統一9B購01  ,0,0,0,0,0,0,0,0,0,752000,0,0,0,1518000,766000,752000,752000
066414,鴻海元大01購07  ,0,0,0,0,0,0,0,0,0,751000,0,0,0,780000,29000,751000,751000
065023,大毅永豐9C購01  ,0,0,0,0,0,0,0,0,0,750000,0,0,0,750000,0,750000,750000
064237,奇鋐統一01購01  ,0,0,0,0,0,0,0,0,0,750000,0,0,0,984000,234000,750000,750000
067905,台積電國泰02購04,0,0,0,0,0,0,0,0,0,748000,0,0,0,820000,72000,748000,748000
06965P,台積電台新99售02,0,0,0,0,0,0,0,0,0,738000,0,0,0,738000,0,738000,738000
065776,鴻海國泰03購01  ,0,0,0,0,0,0,0,0,0,737000,0,0,0,897000,160000,737000,737000
08011P,玉晶光元大9B售05,0,0,0,0,0,0,0,0,0,729000,0,0,0,754000,25000,729000,729000
064719,聯發科統一02購01,0,0,0,0,0,0,0,0,0,728000,0,0,0,1950000,1222000,728000,728000
061227,日月光中信9B購01,0,0,0,0,0,0,0,0,0,723000,0,0,0,848000,125000,723000,723000
2201,裕隆            ,1312000,1188000,124000,0,0,0,0,0,0,599000,22000,1000,21000,589000,11000,578000,723000
062896,中興電元大9B購01,0,0,0,0,0,0,0,0,0,712000,0,0,0,1113000,401000,712000,712000
060700,華新科國泰9C購01,0,0,0,0,0,0,0,0,0,709000,0,0,0,807000,98000,709000,709000
058553,合勤控永豐99購01,0,0,0,0,0,0,0,0,0,706000,0,0,0,716000,10000,706000,706000
064429,鴻海凱基03購03  ,0,0,0,0,0,0,0,0,0,706000,0,0,0,750000,44000,706000,706000
066013,友訊元富01購02  ,0,0,0,0,0,0,0,0,0,706000,0,0,0,716000,10000,706000,706000
067289,燿華兆豐03購01  ,0,0,0,0,0,0,0,0,0,701000,0,0,0,972000,271000,701000,701000
065352,GIS統一01購04   ,0,0,0,0,0,0,0,0,0,701000,0,0,0,704000,3000,701000,701000
065300,燿華元富9C購03  ,0,0,0,0,0,0,0,0,0,697000,0,0,0,697000,0,697000,697000
062716,鴻海凱基9B購06  ,0,0,0,0,0,0,0,0,0,696000,0,0,0,735000,39000,696000,696000
063201,廣達統一01購01  ,0,0,0,0,0,0,0,0,0,694000,0,0,0,1081000,387000,694000,694000
1717,長興            ,2374000,1456000,918000,0,0,0,150000,3000,147000,-373000,0,455000,-455000,332000,250000,82000,692000
4960,誠美材          ,974000,277000,697000,0,0,0,0,0,0,-5000,0,5000,-5000,0,0,0,692000
2385,群光            ,983008,1190000,-206992,0,0,0,1100000,4000,1096000,-198000,2000,18000,-16000,269000,451000,-182000,691008
067111,聯詠群益01購03  ,0,0,0,0,0,0,0,0,0,689000,0,0,0,922000,233000,689000,689000
2377,微星            ,2574000,1909142,664858,0,0,0,318000,0,318000,-295000,64000,56000,8000,9000,312000,-303000,687858
08573P,台積電凱基9C售06,0,0,0,0,0,0,0,0,0,682000,0,0,0,682000,0,682000,682000
062393,智邦富邦9B購01  ,0,0,0,0,0,0,0,0,0,682000,0,0,0,692000,10000,682000,682000
066105,松翰國票01購01  ,0,0,0,0,0,0,0,0,0,681000,0,0,0,745000,64000,681000,681000
066082,康友國泰03購01  ,0,0,0,0,0,0,0,0,0,675000,0,0,0,894000,219000,675000,675000
065942,燿華元富01購01  ,0,0,0,0,0,0,0,0,0,674000,0,0,0,694000,20000,674000,674000
065898,神基麥證9C購01  ,0,0,0,674000,0,674000,0,0,0,674000,0,0,0,674000,0,674000,674000
006205,富邦上証        ,1447000,68000,1379000,0,0,0,0,0,0,-706000,10000,120000,-110000,1499000,2095000,-596000,673000
066703,聯詠群益01購02  ,0,0,0,0,0,0,0,0,0,671000,0,0,0,828000,157000,671000,671000
067644,康舒統一01購01  ,0,0,0,0,0,0,0,0,0,668000,0,0,0,678000,10000,668000,668000
065336,華新統一02購01  ,0,0,0,0,0,0,0,0,0,666000,0,0,0,744000,78000,666000,666000
060364,奇力新元富9A購01,0,0,0,0,0,0,0,0,0,665000,0,0,0,947000,282000,665000,665000
066354,緯穎永豐01購01  ,0,0,0,0,0,0,0,0,0,664000,0,0,0,695000,31000,664000,664000
064106,國巨兆豐9C購04  ,0,0,0,0,0,0,0,0,0,664000,0,0,0,914000,250000,664000,664000
058558,鴻海日盛9A購02  ,0,0,0,0,0,0,0,0,0,663000,0,0,0,724000,61000,663000,663000
060037,鴻海國票99購10  ,0,0,0,0,0,0,0,0,0,660000,0,0,0,660000,0,660000,660000
064245,GIS統一02購02   ,0,0,0,0,0,0,0,0,0,660000,0,0,0,877000,217000,660000,660000
07777P,創意元大9A售03  ,0,0,0,0,0,0,0,0,0,658000,0,0,0,938000,280000,658000,658000
2342,茂矽            ,2915000,2307000,608000,0,0,0,50000,0,50000,0,0,0,0,0,0,0,658000
064704,嘉晶國泰01購01  ,0,0,0,0,0,0,0,0,0,651000,0,0,0,741000,90000,651000,651000
065010,國巨國泰01購04  ,0,0,0,0,0,0,0,0,0,650000,0,0,0,888000,238000,650000,650000
066798,燿華凱基02購02  ,0,0,0,0,0,0,0,0,0,648000,0,0,0,768000,120000,648000,648000
062012,燿華富邦9C購01  ,0,0,0,0,0,0,0,0,0,648000,0,0,0,716000,68000,648000,648000
064928,同欣電統一01購02,0,0,0,0,0,0,0,0,0,645000,0,0,0,669000,24000,645000,645000
3443,創意            ,1318000,605000,713000,0,0,0,0,40000,-40000,-28000,48000,78000,-30000,23000,21000,2000,645000
061094,彩晶統一9B購02  ,0,0,0,0,0,0,0,0,0,636000,0,0,0,676000,40000,636000,636000
064895,奇力新群益9C購02,0,0,0,0,0,0,0,0,0,633000,0,0,0,643000,10000,633000,633000
055205,京鼎中信99購01  ,0,0,0,0,0,0,0,0,0,632000,0,0,0,1117000,485000,632000,632000
061959,鴻海統一9B購04  ,0,0,0,0,0,0,0,0,0,630000,0,0,0,820000,190000,630000,630000
066944,鴻海元大01購13  ,0,0,0,0,0,0,0,0,0,628000,0,0,0,652000,24000,628000,628000
08638P,泰碩國票9C售01  ,0,0,0,0,0,0,0,0,0,626000,0,0,0,986000,360000,626000,626000
063167,同欣電永豐9B購03,0,0,0,0,0,0,0,0,0,626000,0,0,0,636000,10000,626000,626000
062219,燿華統一9B購01  ,0,0,0,0,0,0,0,0,0,625000,0,0,0,633000,8000,625000,625000
07842P,力成元大9A售01  ,0,0,0,0,0,0,0,0,0,622000,0,0,0,637000,15000,622000,622000
058327,大毅統一9B購01  ,0,0,0,0,0,0,0,0,0,622000,0,0,0,804000,182000,622000,622000
059509,奇力新永豐99購02,0,0,0,0,0,0,0,0,0,620000,0,0,0,706000,86000,620000,620000
3413,京鼎            ,1227000,1104000,123000,0,0,0,104000,0,104000,393000,201000,123000,78000,367000,52000,315000,620000
1909,榮成            ,1638000,976000,662000,0,0,0,0,0,0,-44000,0,44000,-44000,0,0,0,618000
2408,南亞科          ,4466445,4483000,-16555,0,0,0,464000,9000,455000,179000,176000,82000,94000,221000,136000,85000,617445
07949P,滬深2X元大9B售04,0,0,0,0,0,0,0,0,0,615000,0,0,0,625000,10000,615000,615000
064338,美食元大9C購01  ,0,0,0,0,0,0,0,0,0,611000,0,0,0,621000,10000,611000,611000
065681,聯發科統一9C購17,0,0,0,0,0,0,0,0,0,611000,0,0,0,913000,302000,611000,611000
061297,台積電富邦9C購09,0,0,0,0,0,0,0,0,0,610000,0,0,0,610000,0,610000,610000
059453,奇力新永豐99購01,0,0,0,0,0,0,0,0,0,608000,0,0,0,608000,0,608000,608000
1305,華夏            ,1199893,371000,828893,0,0,0,0,0,0,-222000,0,226000,-226000,95000,91000,4000,606893
066954,聯詠元大01購04  ,0,0,0,0,0,0,0,0,0,606000,0,0,0,971000,365000,606000,606000
3698,隆達            ,1091000,470000,621000,0,0,0,0,0,0,-15000,20000,35000,-15000,0,0,0,606000
067666,國巨元大02購03  ,0,0,0,0,0,0,0,0,0,605000,0,0,0,635000,30000,605000,605000
066463,鎧勝統一02購01  ,0,0,0,0,0,0,0,0,0,604000,0,0,0,1002000,398000,604000,604000
065415,台積電兆豐9C購05,0,0,0,0,0,0,0,0,0,603000,0,0,0,954000,351000,603000,603000
3376,新日興          ,581000,51000,530000,0,0,0,0,0,0,73000,20000,24000,-4000,78000,1000,77000,603000
065343,智邦統一01購03  ,0,0,0,0,0,0,0,0,0,602000,0,0,0,677000,75000,602000,602000
056353,鴻海元大99購02  ,0,0,0,0,0,0,0,0,0,601000,0,0,0,901000,300000,601000,601000
08223P,臺股指凱基9B售18,0,0,0,0,0,0,0,0,0,600000,0,0,0,700000,100000,600000,600000
057544,鴻海凱基02購01  ,0,0,0,0,0,0,0,0,0,600000,0,0,0,918000,318000,600000,600000
059588,鴻海元大99購32  ,0,0,0,0,0,0,0,0,0,599000,0,0,0,600000,1000,599000,599000
062817,富邦金兆豐9B購01,0,0,0,0,0,0,0,0,0,599000,0,0,0,698000,99000,599000,599000
3035,智原            ,716000,384000,332000,0,0,0,737000,700000,37000,228000,138000,22000,116000,163000,51000,112000,597000
064858,鴻海富邦01購01  ,0,0,0,0,0,0,0,0,0,595000,0,0,0,595000,0,595000,595000
061207,美律元大9A購04  ,0,0,0,0,0,0,0,0,0,594000,0,0,0,734000,140000,594000,594000
3189,景碩            ,1877000,1145000,732000,0,0,0,50000,0,50000,-189000,83000,248000,-165000,42000,66000,-24000,593000
066959,新唐元大01購01  ,0,0,0,0,0,0,0,0,0,592000,0,0,0,595000,3000,592000,592000
061192,奇鋐永豐9A購01  ,0,0,0,0,0,0,0,0,0,592000,0,0,0,612000,20000,592000,592000
064991,友達兆豐9C購01  ,0,0,0,0,0,0,0,0,0,590000,0,0,0,591000,1000,590000,590000
065945,鴻海統一02購01  ,0,0,0,0,0,0,0,0,0,589000,0,0,0,612000,23000,589000,589000
058409,鴻海兆豐99購05  ,0,0,0,0,0,0,0,0,0,587000,0,0,0,599000,12000,587000,587000
059008,鈺齊元大99購03  ,0,0,0,0,0,0,0,0,0,586000,0,0,0,677000,91000,586000,586000
058507,美律元大9A購01  ,0,0,0,0,0,0,0,0,0,586000,0,0,0,646000,60000,586000,586000
066266,強茂元大01購01  ,0,0,0,0,0,0,0,0,0,582000,0,0,0,781000,199000,582000,582000
07685P,玉晶光凱基9B售03,0,0,0,0,0,0,0,0,0,580000,0,0,0,990000,410000,580000,580000
064786,GIS群益9C購04   ,0,0,0,0,0,0,0,0,0,580000,0,0,0,688000,108000,580000,580000
00634R,富邦上証反1     ,577000,132000,445000,0,0,0,0,0,0,134000,0,0,0,621000,487000,134000,579000
060918,康友國泰9C購01  ,0,0,0,0,0,0,0,0,0,578000,0,0,0,1008000,430000,578000,578000
063210,百和統一9C購01  ,0,0,0,0,0,0,0,0,0,577000,0,0,0,606000,29000,577000,577000
066012,友訊元富01購01  ,0,0,0,0,0,0,0,0,0,577000,0,0,0,722000,145000,577000,577000
3515,華擎            ,802000,175000,627000,0,0,0,0,2000,-2000,-48000,0,55000,-55000,68000,61000,7000,577000
065680,聯發科統一9C購16,0,0,0,0,0,0,0,0,0,576000,0,0,0,1931000,1355000,576000,576000
064954,奇鋐凱基9C購01  ,100000,122000,-22000,0,0,0,0,0,0,596000,0,0,0,843000,247000,596000,574000
062844,T50反1國泰9C購01,0,0,0,0,0,0,0,0,0,570000,0,0,0,570000,0,570000,570000
064387,GIS富邦9C購01   ,0,0,0,0,0,0,0,0,0,569000,0,0,0,705000,136000,569000,569000
067008,康舒永豐01購01  ,0,0,0,0,0,0,0,0,0,567000,0,0,0,953000,386000,567000,567000
066706,揚明光群益01購01,0,0,0,0,0,0,0,0,0,567000,0,0,0,567000,0,567000,567000
062936,鴻海凱基9B購07  ,0,0,0,0,0,0,0,0,0,567000,0,0,0,597000,30000,567000,567000
07961P,滬深2X中信01售02,0,0,0,0,0,0,0,0,0,565000,0,0,0,566000,1000,565000,565000
064597,鴻海元富9C購03  ,0,0,0,0,0,0,0,0,0,565000,0,0,0,610000,45000,565000,565000
065409,鴻海永豐9C購01  ,0,0,0,0,0,0,0,0,0,565000,0,0,0,565000,0,565000,565000
066112,智邦兆豐02購01  ,0,0,0,0,0,0,0,0,0,564000,0,0,0,664000,100000,564000,564000
057389,玉晶光永豐98購06,0,0,0,0,0,0,0,0,0,563000,0,0,0,685000,122000,563000,563000
064206,鴻海凱基03購02  ,0,0,0,0,0,0,0,0,0,563000,0,0,0,593000,30000,563000,563000
08379P,台積電國泰02售02,0,0,0,0,0,0,0,0,0,560000,0,0,0,2210000,1650000,560000,560000
067229,台達電群益01購02,0,0,0,0,0,0,0,0,0,560000,0,0,0,678000,118000,560000,560000
8016,矽創            ,617000,136000,481000,0,0,0,0,0,0,79000,0,0,0,101000,22000,79000,560000
063586,燿華永豐9B購02  ,0,0,0,0,0,0,0,0,0,559000,0,0,0,559000,0,559000,559000
063136,智邦統一9B購02  ,0,0,0,0,0,0,0,0,0,558000,0,0,0,718000,160000,558000,558000
067274,燿華統一03購01  ,0,0,0,0,0,0,0,0,0,555000,0,0,0,555000,0,555000,555000
064750,緯穎麥證9C購01  ,0,0,0,553000,0,553000,0,0,0,553000,0,0,0,553000,0,553000,553000
066487,聯詠元富01購03  ,0,0,0,0,0,0,0,0,0,552000,0,0,0,581000,29000,552000,552000
061892,亞德客永豐9B購01,0,0,0,0,0,0,0,0,0,551000,0,0,0,561000,10000,551000,551000
6196,帆宣            ,1339000,880000,459000,0,0,0,0,0,0,91000,15000,9000,6000,106000,21000,85000,550000
067269,眾達永豐01購02  ,0,0,0,0,0,0,0,0,0,547000,0,0,0,578000,31000,547000,547000
08462P,臻鼎國票9C售02  ,0,0,0,0,0,0,0,0,0,547000,0,0,0,696000,149000,547000,547000
064232,鴻海統一01購04  ,0,0,0,0,0,0,0,0,0,547000,0,0,0,610000,63000,547000,547000
059510,華新科永豐99購07,0,0,0,0,0,0,0,0,0,546000,0,0,0,606000,60000,546000,546000
1522,堤維西          ,1054000,426000,628000,0,0,0,0,0,0,-82000,0,0,0,0,82000,-82000,546000
061081,宏碁兆豐9A購01  ,0,0,0,0,0,0,0,0,0,545000,0,0,0,545000,0,545000,545000
059500,鴻海元富99購11  ,0,0,0,0,0,0,0,0,0,544000,0,0,0,544000,0,544000,544000
063494,金像電富邦9B購01,0,0,0,0,0,0,0,0,0,542000,0,0,0,774000,232000,542000,542000
063817,GIS群益9C購01   ,0,0,0,0,0,0,0,0,0,540000,0,0,0,716000,176000,540000,540000
064856,GIS國泰02購01   ,0,0,0,0,0,0,0,0,0,537000,0,0,0,685000,148000,537000,537000
2402,毅嘉            ,779000,239000,540000,0,0,0,0,0,0,-3000,0,3000,-3000,0,0,0,537000
067072,建準元大01購01  ,0,0,0,0,0,0,0,0,0,536000,0,0,0,868000,332000,536000,536000
057969,緯穎國泰99購01  ,0,0,0,0,0,0,0,0,0,535000,0,0,0,727000,192000,535000,535000
064072,康友永豐9C購01  ,0,0,0,0,0,0,0,0,0,535000,0,0,0,535000,0,535000,535000
062974,奇力新元富9B購01,0,0,0,0,0,0,0,0,0,530000,0,0,0,570000,40000,530000,530000
062049,亞德客統一01購01,0,0,0,0,0,0,0,0,0,529000,0,0,0,757000,228000,529000,529000
057941,聯電國票99購01  ,0,0,0,0,0,0,0,0,0,527000,0,10000,-10000,565000,28000,537000,527000
066723,聯電元大02購01  ,0,380000,-380000,0,0,0,0,0,0,905000,0,0,0,1501000,596000,905000,525000
063148,建準元富9B購01  ,0,0,0,0,0,0,0,0,0,524000,0,0,0,901000,377000,524000,524000
061165,美律兆豐9A購01  ,0,0,0,0,0,0,0,0,0,523000,0,0,0,940000,417000,523000,523000
063583,GIS國泰01購01   ,0,0,0,0,0,0,0,0,0,523000,0,0,0,640000,117000,523000,523000
066960,盛群元大01購01  ,0,0,0,0,0,0,0,0,0,521000,0,0,0,611000,90000,521000,521000
065946,鴻海統一03購03  ,0,0,0,0,0,0,0,0,0,519000,0,0,0,519000,0,519000,519000
9802,鈺齊-KY         ,653000,699000,-46000,0,0,0,120000,0,120000,444000,407000,32000,375000,146000,77000,69000,518000
065466,台表科中信01購03,0,0,0,0,0,0,0,0,0,516000,0,0,0,522000,6000,516000,516000
051277,聯發科中信9A購01,0,33000,-33000,0,0,0,0,0,0,546000,0,0,0,568000,22000,546000,513000
063796,鴻海凱基9C購02  ,0,0,0,0,0,0,0,0,0,512000,0,0,0,542000,30000,512000,512000
060543,鴻海凱基9B購02  ,0,0,0,0,0,0,0,0,0,512000,0,0,0,512000,0,512000,512000
2006,東和鋼鐵        ,654000,277000,377000,0,0,0,0,0,0,134000,341000,207000,134000,0,0,0,511000
065846,華新科元大03購01,0,0,0,0,0,0,0,0,0,510000,0,0,0,539000,29000,510000,510000
064180,國巨富邦02購03  ,0,0,0,0,0,0,0,0,0,510000,0,0,0,679000,169000,510000,510000
065012,燿華國泰02購01  ,0,0,0,0,0,0,0,0,0,510000,0,0,0,778000,268000,510000,510000
064613,聯電元大9C購05  ,0,0,0,0,0,0,0,0,0,510000,0,0,0,617000,107000,510000,510000
064818,華新統一01購01  ,0,0,0,0,0,0,0,0,0,508000,0,0,0,508000,0,508000,508000
065022,同欣電富邦01購01,0,0,0,0,0,0,0,0,0,506000,0,0,0,805000,299000,506000,506000
066087,大毅永豐01購02  ,0,0,0,0,0,0,0,0,0,506000,0,0,0,515000,9000,506000,506000
08090P,嘉澤統一9B售01  ,0,0,0,0,0,0,0,0,0,500000,0,0,0,505000,5000,500000,500000
07630P,臺股指凱基9A售11,0,0,0,0,0,0,0,0,0,500000,0,0,0,500000,0,500000,500000
057608,南亞科台新98購01,0,0,0,0,0,0,0,0,0,500000,0,0,0,500000,0,500000,500000
057525,光磊元大99購01  ,0,0,0,0,0,0,0,0,0,500000,0,0,0,500000,0,500000,500000
063338,國巨統一9C購11  ,0,0,0,0,0,0,0,0,0,500000,0,0,0,500000,0,500000,500000
08066P,南亞科凱基9B售04,0,0,0,0,0,0,0,0,0,499000,0,0,0,499000,0,499000,499000
07938P,國巨統一9B售10  ,0,0,0,0,0,0,0,0,0,499000,0,0,0,499000,0,499000,499000
07847P,國巨群益9A售13  ,0,0,0,0,0,0,0,0,0,499000,0,0,0,499000,0,499000,499000
07886P,國巨國票9B售06  ,0,0,0,0,0,0,0,0,0,499000,0,0,0,509000,10000,499000,499000
066555,聯詠元大01購01  ,0,0,0,0,0,0,0,0,0,498000,0,0,0,928000,430000,498000,498000
063916,瀚宇博凱基01購01,0,0,0,0,0,0,0,0,0,498000,0,0,0,516000,18000,498000,498000
058565,鴻海凱基9A購07  ,0,0,0,0,0,0,0,0,0,497000,0,0,0,497000,0,497000,497000
065867,鴻海群益9C購08  ,0,0,0,0,0,0,0,0,0,497000,0,0,0,547000,50000,497000,497000
065495,上銀富邦01購02  ,0,0,0,0,0,0,0,0,0,495000,0,0,0,601000,106000,495000,495000
058267,奇鋐永豐99購01  ,0,0,0,0,0,0,0,0,0,494000,0,0,0,659000,165000,494000,494000
063491,國巨富邦02購02  ,0,0,0,0,0,0,0,0,0,494000,0,0,0,714000,220000,494000,494000
067403,眾達永豐01購03  ,0,0,0,0,0,0,0,0,0,493000,0,0,0,591000,98000,493000,493000
063451,漢翔統一9C購01  ,0,0,0,0,0,0,0,0,0,492000,0,0,0,492000,0,492000,492000
065750,智邦元大9C購09  ,0,0,0,0,0,0,0,0,0,492000,0,0,0,686000,194000,492000,492000
060493,美律元富01購01  ,0,0,0,0,0,0,0,0,0,491000,0,0,0,759000,268000,491000,491000
066115,美律兆豐02購01  ,0,0,0,0,0,0,0,0,0,489000,0,0,0,652000,163000,489000,489000
067006,德律永豐01購02  ,0,0,0,0,0,0,0,0,0,488000,0,0,0,488000,0,488000,488000
065044,大立光凱基9C購06,0,0,0,0,0,0,0,0,0,486000,0,0,0,1630000,1144000,486000,486000
00850,元大臺灣ESG永續 ,0,0,0,0,0,0,0,0,0,483000,0,0,0,1344000,861000,483000,483000
065354,金像電元富03購01,0,0,0,0,0,0,0,0,0,483000,0,0,0,547000,64000,483000,483000
053292,美律中信98購01  ,0,0,0,0,0,0,0,0,0,482000,0,0,0,482000,0,482000,482000
060783,亞德客富邦9B購01,0,0,0,0,0,0,0,0,0,482000,0,0,0,674000,192000,482000,482000
055652,聯詠元富01購01  ,0,0,0,0,0,0,0,0,0,481000,0,0,0,516000,35000,481000,481000
066346,眾達永豐01購01  ,0,0,0,0,0,0,0,0,0,480000,0,0,0,547000,67000,480000,480000
058184,鴻海永豐99購01  ,0,0,0,0,0,0,0,0,0,477000,0,0,0,507000,30000,477000,477000
065457,旭富元富03購01  ,0,0,0,0,0,0,0,0,0,476000,0,0,0,1062000,586000,476000,476000
067680,聯詠元大01購08  ,0,0,0,0,0,0,0,0,0,475000,0,0,0,601000,126000,475000,475000
062404,新唐永豐9B購01  ,0,0,0,0,0,0,0,0,0,475000,0,0,0,485000,10000,475000,475000
1439,中和            ,702000,223000,479000,0,0,0,0,4000,-4000,0,0,0,0,0,0,0,475000
063195,訊連元富9B購01  ,0,0,0,0,0,0,0,0,0,473000,0,0,0,739000,266000,473000,473000
062836,同欣電群益9B購02,0,0,0,0,0,0,0,0,0,470000,0,0,0,480000,10000,470000,470000
06936P,瑞儀元大98售01  ,0,0,0,0,0,0,0,0,0,469000,0,0,0,499000,30000,469000,469000
3661,世芯-KY         ,1524020,1168250,355770,0,0,0,0,0,0,112000,118000,7000,111000,11000,10000,1000,467770
057616,聯電凱基99購01  ,0,0,0,0,0,0,0,0,0,467000,0,0,0,567000,100000,467000,467000
066310,長興永豐01購01  ,0,0,0,0,0,0,0,0,0,467000,0,0,0,1121000,654000,467000,467000
058166,鴻海凱基9A購01  ,0,0,0,0,0,0,0,0,0,465000,0,0,0,465000,0,465000,465000
065040,燿華凱基9C購01  ,0,0,0,0,0,0,0,0,0,465000,0,0,0,504000,39000,465000,465000
064466,聯電元富9C購01  ,0,0,0,0,0,0,0,0,0,463000,0,0,0,653000,190000,463000,463000
066748,同欣電元大01購03,0,0,0,0,0,0,0,0,0,462000,0,0,0,524000,62000,462000,462000
060309,佳世達永豐9A購01,0,0,0,0,0,0,0,0,0,462000,0,0,0,467000,5000,462000,462000
066095,友訊中信05購01  ,0,0,0,0,0,0,0,0,0,462000,0,0,0,512000,50000,462000,462000
064732,GIS統一01購03   ,0,0,0,0,0,0,0,0,0,461000,0,0,0,730000,269000,461000,461000
058167,鴻海凱基9A購03  ,0,0,0,0,0,0,0,0,0,460000,0,0,0,460000,0,460000,460000
062050,亞德客統一9C購01,0,0,0,0,0,0,0,0,0,460000,0,0,0,718000,258000,460000,460000
062880,大立光兆豐9B購02,0,0,0,0,0,0,0,0,0,460000,0,0,0,460000,0,460000,460000
061742,奇鋐凱基9B購01  ,0,0,0,0,0,0,0,0,0,458000,0,0,0,478000,20000,458000,458000
058026,上銀富邦9A購01  ,0,0,0,0,0,0,0,0,0,457000,0,0,0,457000,0,457000,457000
061121,智邦永豐9A購02  ,0,0,0,0,0,0,0,0,0,456000,0,0,0,483000,27000,456000,456000
065653,同欣電元大03購01,0,0,0,0,0,0,0,0,0,455000,0,0,0,698000,243000,455000,455000
2104,國際中橡        ,808000,576236,231764,0,0,0,0,0,0,223000,0,22000,-22000,245000,0,245000,454764
067362,眾達群益01購02  ,0,0,0,0,0,0,0,0,0,453000,0,0,0,454000,1000,453000,453000
061589,世紀鋼富邦9B購01,0,0,0,0,0,0,0,0,0,453000,0,0,0,473000,20000,453000,453000
066057,華擎元大02購01  ,0,0,0,0,0,0,0,0,0,453000,0,0,0,575000,122000,453000,453000
08662P,台積電國泰03售01,0,0,0,0,0,0,0,0,0,452000,0,0,0,3098000,2646000,452000,452000
3042,晶技            ,1961000,1958000,3000,0,0,0,330000,50000,280000,169000,371000,94000,277000,24000,132000,-108000,452000
061553,南電群益9A購03  ,0,0,0,0,0,0,0,0,0,451000,0,0,0,464000,13000,451000,451000
08811P,鴻海群益01售08  ,0,0,0,0,0,0,0,0,0,451000,0,0,0,499000,48000,451000,451000
065405,華新科富邦03購01,0,0,0,0,0,0,0,0,0,450000,0,0,0,450000,0,450000,450000
061174,鴻海凱基9A購23  ,0,0,0,0,0,0,0,0,0,449000,0,0,0,470000,21000,449000,449000
057231,美律凱基98購05  ,0,0,0,0,0,0,0,0,0,448000,0,0,0,514000,66000,448000,448000
062455,鴻海群益9C購01  ,0,0,0,0,0,0,0,0,0,448000,0,0,0,448000,0,448000,448000
1590,亞德客-KY       ,1036000,795491,240509,0,0,0,240000,29000,211000,-4000,12000,0,12000,44000,60000,-16000,447509
1589,永冠-KY         ,1487000,949000,538000,0,0,0,103000,0,103000,-195000,15000,210000,-195000,0,0,0,446000
061318,智邦凱基9B購01  ,0,0,0,0,0,0,0,0,0,445000,0,0,0,450000,5000,445000,445000
067176,健策麥證02購02  ,0,0,0,445000,1000,444000,0,0,0,444000,0,0,0,445000,1000,444000,444000
067690,惠特元大01購04  ,0,0,0,0,0,0,0,0,0,444000,0,0,0,695000,251000,444000,444000
08225P,臺股指凱基9B售20,0,0,0,0,0,0,0,0,0,444000,0,0,0,446000,2000,444000,444000
2484,希華            ,583000,136000,447000,0,0,0,0,0,0,-3000,0,3000,-3000,0,0,0,444000
067311,欣興元大01購06  ,0,0,0,0,0,0,0,0,0,438000,0,0,0,671000,233000,438000,438000
060940,國巨國票9B購03  ,0,0,0,0,0,0,0,0,0,438000,0,0,0,441000,3000,438000,438000
063877,鴻海元富9C購01  ,0,0,0,0,0,0,0,0,0,438000,0,0,0,487000,49000,438000,438000
08788P,A50正2元富01售03,0,0,0,0,0,0,0,0,0,438000,0,0,0,438000,0,438000,438000
060203,緯穎元富9A購01  ,0,0,0,0,0,0,0,0,0,437000,0,0,0,437000,0,437000,437000
066117,茂林兆豐02購01  ,0,0,0,0,0,0,0,0,0,437000,0,0,0,693000,256000,437000,437000
066956,華擎元大01購04  ,0,0,0,0,0,0,0,0,0,435000,0,0,0,654000,219000,435000,435000
066678,台達電兆豐03購01,0,0,0,0,0,0,0,0,0,435000,0,0,0,449000,14000,435000,435000
065719,T50反1兆豐9C購01,0,0,0,0,0,0,0,0,0,434000,0,0,0,519000,85000,434000,434000
065098,致伸元大9C購02  ,0,0,0,0,0,0,0,0,0,432000,0,0,0,432000,0,432000,432000
059999,緯穎元富99購01  ,0,0,0,0,0,0,0,0,0,431000,0,0,0,431000,0,431000,431000
058474,鴻海凱基9A購06  ,0,0,0,0,0,0,0,0,0,430000,0,0,0,465000,35000,430000,430000
08723P,臺股指元大01售04,0,0,0,0,0,0,0,0,0,429000,0,0,0,439000,10000,429000,429000
063341,燿華統一9C購01  ,0,0,0,0,0,0,0,0,0,426000,0,0,0,426000,0,426000,426000
064605,GIS元富9C購01   ,0,0,0,0,0,0,0,0,0,426000,0,0,0,498000,72000,426000,426000
067287,瀚宇博國票02購01,0,0,0,0,0,0,0,0,0,425000,0,0,0,462000,37000,425000,425000
05953P,台積電國票98售02,0,0,0,0,0,0,0,0,0,425000,0,0,0,426000,1000,425000,425000
4927,泰鼎-KY         ,1096000,466000,630000,0,0,0,0,353000,-353000,148000,0,16000,-16000,212000,48000,164000,425000
063374,嘉澤永豐9B購04  ,0,0,0,0,0,0,0,0,0,424000,0,0,0,492000,68000,424000,424000
066281,眾達元大02購01  ,0,0,0,0,0,0,0,0,0,424000,0,0,0,515000,91000,424000,424000
066316,台船永豐01購01  ,0,0,0,0,0,0,0,0,0,424000,0,0,0,472000,48000,424000,424000
063548,同欣電兆豐9B購01,0,0,0,0,0,0,0,0,0,423000,0,0,0,1387000,964000,423000,423000
066227,惠特國泰03購02  ,0,0,0,0,0,0,0,0,0,423000,0,0,0,423000,0,423000,423000
065124,燿華永豐9C購03  ,0,0,0,0,0,0,0,0,0,423000,0,0,0,423000,0,423000,423000
066877,奇鋐富邦03購01  ,0,0,0,0,0,0,0,0,0,422000,0,0,0,448000,26000,422000,422000
064627,矽格元大9C購01  ,0,0,0,0,0,0,0,0,0,422000,0,0,0,549000,127000,422000,422000
066098,華碩中信02購01  ,0,0,0,0,0,0,0,0,0,422000,0,0,0,432000,10000,422000,422000
6412,群電            ,617000,186000,431000,0,0,0,0,0,0,-9000,0,0,0,0,9000,-9000,422000
065503,燿華永豐9C購04  ,0,0,0,0,0,0,0,0,0,421000,0,0,0,421000,0,421000,421000
067075,亞光元大01購04  ,0,0,0,0,0,0,0,0,0,420000,0,0,0,420000,0,420000,420000
054428,禾伸堂富邦98購01,0,0,0,0,0,0,0,0,0,420000,0,0,0,440000,20000,420000,420000
064853,亞德客麥證9C購01,0,0,0,440000,21000,419000,0,0,0,420000,0,0,0,441000,21000,420000,420000
059074,元油2X元大9C購15,0,0,0,0,0,0,0,0,0,419000,0,0,0,1219000,800000,419000,419000
062543,華通富邦9C購01  ,0,0,0,0,0,0,0,0,0,417000,0,0,0,874000,457000,417000,417000
056261,台積電統一97購07,0,0,0,0,0,0,0,0,0,416000,0,0,0,416000,0,416000,416000
065838,鴻海元大03購01  ,0,0,0,0,0,0,0,0,0,416000,0,0,0,551000,135000,416000,416000
067863,國巨元大02購05  ,0,0,0,0,0,0,0,0,0,415000,0,0,0,465000,50000,415000,415000
061379,鈺齊永豐9A購02  ,0,0,0,0,0,0,0,0,0,415000,0,0,0,910000,495000,415000,415000
067427,奇力新凱基01購01,0,0,0,0,0,0,0,0,0,414000,0,0,0,457000,43000,414000,414000
058156,超眾統一9A購02  ,0,0,0,0,0,0,0,0,0,414000,0,0,0,418000,4000,414000,414000
060123,光罩永豐99購02  ,0,0,0,0,0,0,0,0,0,414000,0,0,0,529000,115000,414000,414000
061131,崇越永豐9A購01  ,0,0,0,0,0,0,0,0,0,414000,0,0,0,433000,19000,414000,414000
067467,鴻海元大01購16  ,0,0,0,0,0,0,0,0,0,412000,0,0,0,412000,0,412000,412000
065543,緯穎元富01購01  ,0,0,0,0,0,0,0,0,0,412000,0,0,0,530000,118000,412000,412000
061544,大毅群益9B購02  ,0,0,0,0,0,0,0,0,0,411000,0,0,0,497000,86000,411000,411000
059949,啟碁永豐99購01  ,0,0,0,0,0,0,0,0,0,411000,0,0,0,411000,0,411000,411000
065032,TPK兆豐01購01   ,0,0,0,0,0,0,0,0,0,411000,0,0,0,411000,0,411000,411000
067088,啟碁元大01購01  ,0,0,0,0,0,0,0,0,0,410000,0,0,0,447000,37000,410000,410000
058352,鴻海凱基9A購05  ,0,0,0,0,0,0,0,0,0,410000,0,0,0,440000,30000,410000,410000
066242,惠特富邦03購01  ,0,0,0,0,0,0,0,0,0,410000,0,0,0,545000,135000,410000,410000
4906,正文            ,618000,228000,390000,0,0,0,0,0,0,20000,140000,18000,122000,0,102000,-102000,410000
066009,創意統一02購02  ,0,0,0,0,0,0,0,0,0,409000,0,0,0,878000,469000,409000,409000
5215,科嘉-KY         ,904000,719000,185000,0,0,0,425000,152000,273000,-49000,30000,79000,-49000,0,0,0,409000
058622,國巨國票99購07  ,0,0,0,0,0,0,0,0,0,408000,0,0,0,414000,6000,408000,408000
059053,鴻海凱基99購07  ,0,0,0,0,0,0,0,0,0,407000,0,0,0,470000,63000,407000,407000
062487,中興電永豐9B購01,0,0,0,0,0,0,0,0,0,407000,0,0,0,727000,320000,407000,407000
062650,南電富邦01購01  ,0,0,0,0,0,0,0,0,0,407000,0,0,0,692000,285000,407000,407000
065658,聯發科富邦03購03,0,0,0,0,0,0,0,0,0,407000,0,0,0,599000,192000,407000,407000
064919,嘉晶統一02購02  ,0,0,0,0,0,0,0,0,0,407000,0,0,0,469000,62000,407000,407000
063838,上銀元大9C購01  ,0,0,0,0,0,0,0,0,0,406000,0,0,0,506000,100000,406000,406000
062265,南茂元大9B購01  ,0,0,0,0,0,0,0,0,0,405000,0,0,0,436000,31000,405000,405000
065903,聯發科富邦02購02,0,0,0,0,0,0,0,0,0,405000,0,0,0,635000,230000,405000,405000
057694,臺股指凱基98購12,0,0,0,0,0,0,0,0,0,404000,0,0,0,820000,416000,404000,404000
058656,燿華中信99購01  ,0,0,0,0,0,0,0,0,0,404000,0,0,0,499000,95000,404000,404000
058399,美律元大99購05  ,0,0,0,0,0,0,0,0,0,404000,0,0,0,499000,95000,404000,404000
060506,京元電元大9A購02,0,0,0,0,0,0,0,0,0,404000,0,0,0,507000,103000,404000,404000
067435,眾達凱基02購01  ,0,0,0,0,0,0,0,0,0,403000,0,0,0,434000,31000,403000,403000
053082,聯電元大98購03  ,0,0,0,0,0,0,0,0,0,402000,0,0,0,459000,57000,402000,402000
060154,堤維西永豐9A購01,0,0,0,0,0,0,0,0,0,402000,0,0,0,450000,48000,402000,402000
067625,欣興富邦03購01  ,0,0,0,0,0,0,0,0,0,401000,0,0,0,501000,100000,401000,401000
060414,中興電永豐9A購01,0,0,0,0,0,0,0,0,0,401000,0,0,0,738000,337000,401000,401000
066870,宏達電元富01購01,0,0,0,0,0,0,0,0,0,400000,0,0,0,400000,0,400000,400000
06803P,臺股指群益98售09,0,0,0,0,0,0,0,0,0,400000,360000,0,360000,390000,350000,40000,400000
07612P,國巨國泰9B售06  ,0,0,0,0,0,0,0,0,0,400000,0,0,0,480000,80000,400000,400000
07937P,國巨中信9B售03  ,0,0,0,0,0,0,0,0,0,400000,0,0,0,400000,0,400000,400000
058723,元石油國泰9A購01,0,0,0,0,0,0,0,0,0,400000,0,0,0,400000,0,400000,400000
052477,美律群益98購01  ,0,0,0,0,0,0,0,0,0,400000,0,0,0,400000,0,400000,400000
060859,鴻海永豐9A購01  ,0,0,0,0,0,0,0,0,0,400000,0,0,0,400000,0,400000,400000
065785,奇力新永豐9C購02,0,0,0,0,0,0,0,0,0,400000,0,0,0,433000,33000,400000,400000
067681,嘉澤元大01購05  ,0,0,0,0,0,0,0,0,0,399000,0,0,0,406000,7000,399000,399000
061763,聯電元大9C購02  ,0,0,0,0,0,0,0,0,0,399000,0,0,0,499000,100000,399000,399000
066879,智伸科富邦03購01,0,0,0,0,0,0,0,0,0,398000,0,0,0,400000,2000,398000,398000
061170,南茂兆豐9B購01  ,0,0,0,0,0,0,0,0,0,398000,0,0,0,398000,0,398000,398000
061387,鴻海群益9A購05  ,0,0,0,0,0,0,0,0,0,397000,0,0,0,453000,56000,397000,397000
063382,南茂永豐9B購01  ,0,0,0,0,0,0,0,0,0,396000,0,0,0,396000,0,396000,396000
08896P,台灣50群益01售10,0,0,0,0,0,0,0,0,0,396000,0,0,0,414000,18000,396000,396000
08538P,聯發科國票01售01,0,0,0,0,0,0,0,0,0,394000,0,0,0,499000,105000,394000,394000
065165,上銀元大9C購09  ,0,0,0,0,0,0,0,0,0,394000,0,0,0,550000,156000,394000,394000
066591,華新科群益01購05,0,0,0,0,0,0,0,0,0,393000,0,0,0,393000,0,393000,393000
067281,T50反1國票01購05,0,0,0,0,0,0,0,0,0,393000,0,0,0,499000,106000,393000,393000
062203,燿華國票9C購01  ,0,0,0,0,0,0,0,0,0,393000,0,0,0,947000,554000,393000,393000
064217,GIS凱基02購02   ,0,0,0,0,0,0,0,0,0,393000,0,0,0,535000,142000,393000,393000
064369,彩晶統一01購01  ,0,0,0,0,0,0,0,0,0,392000,0,0,0,796000,404000,392000,392000
061725,國巨麥證9A購05  ,0,0,0,391000,0,391000,0,0,0,391000,0,0,0,391000,0,391000,391000
059931,緯穎富邦9A購01  ,0,0,0,0,0,0,0,0,0,391000,0,0,0,391000,0,391000,391000
064841,彩晶統一02購02  ,0,0,0,0,0,0,0,0,0,391000,0,0,0,431000,40000,391000,391000
066201,大毅統一02購01  ,0,0,0,0,0,0,0,0,0,391000,0,0,0,397000,6000,391000,391000
08276P,可成元富9C售02  ,0,0,0,0,0,0,0,0,0,389000,0,0,0,392000,3000,389000,389000
067306,奇鋐元大01購02  ,0,0,0,0,0,0,0,0,0,387000,0,0,0,1264000,877000,387000,387000
067316,嘉澤元大01購03  ,0,0,0,0,0,0,0,0,0,386000,0,0,0,396000,10000,386000,386000
064790,金像電國票01購01,0,0,0,0,0,0,0,0,0,386000,0,0,0,411000,25000,386000,386000
064074,南茂永豐9C購01  ,0,0,0,0,0,0,0,0,0,386000,0,0,0,386000,0,386000,386000
058154,泰碩統一9A購01  ,0,0,0,0,0,0,0,0,0,385000,0,0,0,681000,296000,385000,385000
064290,GIS元大9C購04   ,0,0,0,0,0,0,0,0,0,383000,0,0,0,440000,57000,383000,383000
08799P,台積電元大01售19,0,0,0,0,0,0,0,0,0,383000,0,0,0,1028000,645000,383000,383000
064393,友訊永豐9C購01  ,0,0,0,0,0,0,0,0,0,382000,0,0,0,405000,23000,382000,382000
065264,亞光元大9C購02  ,0,0,0,0,0,0,0,0,0,382000,0,0,0,403000,21000,382000,382000
2929,淘帝-KY         ,705000,330000,375000,0,0,0,0,0,0,6000,0,3000,-3000,9000,0,9000,381000
08153P,台表科統一9B售01,0,0,0,0,0,0,0,0,0,380000,0,0,0,500000,120000,380000,380000
057539,南茂元大98購02  ,0,0,0,0,0,0,0,0,0,379000,0,0,0,379000,0,379000,379000
062382,燿華國泰9C購01  ,0,0,0,0,0,0,0,0,0,379000,0,0,0,535000,156000,379000,379000
063858,鴻海國泰02購01  ,0,0,0,0,0,0,0,0,0,379000,0,0,0,409000,30000,379000,379000
067298,台積電元大02購04,0,0,0,0,0,0,0,0,0,377000,0,0,0,4665000,4288000,377000,377000
063239,建準元大9B購01  ,0,0,0,0,0,0,0,0,0,376000,0,0,0,644000,268000,376000,376000
063482,緯穎元大9B購09  ,0,0,0,0,0,0,0,0,0,376000,0,0,0,452000,76000,376000,376000
066198,華碩統一03購01  ,0,0,0,0,0,0,0,0,0,376000,0,0,0,841000,465000,376000,376000
3022,威強電          ,492000,116000,376000,0,0,0,0,0,0,0,0,0,0,0,0,0,376000
056520,鴻海日盛99購01  ,0,0,0,0,0,0,0,0,0,375000,0,0,0,429000,54000,375000,375000
062537,聯電國泰9C購01  ,0,0,0,0,0,0,0,0,0,375000,0,0,0,530000,155000,375000,375000
065255,上銀元大01購01  ,0,0,0,0,0,0,0,0,0,375000,0,0,0,388000,13000,375000,375000
064415,群創麥證9C購01  ,0,0,0,409000,35000,374000,0,0,0,374000,0,0,0,409000,35000,374000,374000
064958,GIS凱基02購03   ,0,0,0,0,0,0,0,0,0,374000,0,0,0,431000,57000,374000,374000
063665,南亞科統一01購02,0,0,0,0,0,0,0,0,0,373000,0,0,0,473000,100000,373000,373000
062573,大毅群益9B購03  ,0,0,0,0,0,0,0,0,0,372000,0,0,0,449000,77000,372000,372000
065626,華新科兆豐9C購02,0,0,0,0,0,0,0,0,0,372000,0,0,0,372000,0,372000,372000
066134,強茂群益01購01  ,0,0,0,0,0,0,0,0,0,371000,0,0,0,534000,163000,371000,371000
064235,美律統一9C購02  ,0,0,0,0,0,0,0,0,0,371000,0,0,0,2066000,1695000,371000,371000
063450,華新科統一02購01,0,0,0,0,0,0,0,0,0,370000,0,0,0,433000,63000,370000,370000
064156,大立光統一01購06,0,0,0,0,0,0,0,0,0,370000,0,0,0,370000,0,370000,370000
065967,國巨元大01購07  ,0,0,0,0,0,0,0,0,0,370000,0,0,0,375000,5000,370000,370000
063584,南六國泰01購01  ,0,0,0,0,0,0,0,0,0,369000,0,0,0,437000,68000,369000,369000
061813,鴻海群益9B購02  ,0,0,0,0,0,0,0,0,0,369000,0,0,0,379000,10000,369000,369000
067762,康舒永豐01購02  ,0,0,0,0,0,0,0,0,0,367000,0,0,0,367000,0,367000,367000
060387,盛群凱基9A購01  ,0,0,0,0,0,0,0,0,0,367000,0,0,0,421000,54000,367000,367000
08862P,台積電元大01售24,0,0,0,0,0,0,0,0,0,366000,0,0,0,772000,406000,366000,366000
066123,華夏群益01購01  ,0,0,0,0,0,0,0,0,0,365000,0,0,0,566000,201000,365000,365000
066246,中化元大01購01  ,0,0,0,0,0,0,0,0,0,365000,0,0,0,415000,50000,365000,365000
066776,創意富邦03購02  ,0,0,0,0,0,0,0,0,0,364000,0,0,0,682000,318000,364000,364000
066247,中化元大01購02  ,0,0,0,0,0,0,0,0,0,364000,0,0,0,365000,1000,364000,364000
058312,大毅國泰9B購01  ,0,0,0,0,0,0,0,0,0,362000,0,0,0,422000,60000,362000,362000
063175,燿華兆豐9C購01  ,0,0,0,0,0,0,0,0,0,362000,0,0,0,372000,10000,362000,362000
065104,南茂元大9C購02  ,0,0,0,0,0,0,0,0,0,361000,0,0,0,465000,104000,361000,361000
066608,國巨麥證01購03  ,0,0,0,360000,0,360000,0,0,0,360000,0,0,0,360000,0,360000,360000
06878P,台灣50日盛9B售01,0,0,0,0,0,0,0,0,0,359000,0,0,0,359000,0,359000,359000
063559,力山元大9B購04  ,0,0,0,0,0,0,0,0,0,359000,0,0,0,359000,0,359000,359000
062008,南亞科國泰9C購01,0,0,0,0,0,0,0,0,0,358000,0,0,0,416000,58000,358000,358000
060788,嘉晶富邦9B購01  ,0,0,0,0,0,0,0,0,0,356000,0,0,0,629000,273000,356000,356000
058148,百和元大99購01  ,0,0,0,0,0,0,0,0,0,354000,0,0,0,354000,0,354000,354000
064039,亞德客統一02購01,0,0,0,0,0,0,0,0,0,354000,0,0,0,439000,85000,354000,354000
08647P,鴻海凱基9C售06  ,0,0,0,0,0,0,0,0,0,353000,0,0,0,474000,121000,353000,353000
067083,正文元大01購01  ,0,0,0,0,0,0,0,0,0,353000,0,0,0,464000,111000,353000,353000
056869,國巨日盛99購03  ,0,0,0,0,0,0,0,0,0,353000,0,0,0,421000,68000,353000,353000
067232,友訊群益01購05  ,0,0,0,0,0,0,0,0,0,352000,0,0,0,422000,70000,352000,352000
064153,中壽統一9C購01  ,0,0,0,0,0,0,0,0,0,352000,0,0,0,352000,0,352000,352000
064418,鴻海兆豐01購02  ,0,0,0,0,0,0,0,0,0,352000,0,0,0,357000,5000,352000,352000
066219,惠特元富01購01  ,0,0,0,0,0,0,0,0,0,352000,0,0,0,602000,250000,352000,352000
065902,燿華富邦02購01  ,0,0,0,0,0,0,0,0,0,352000,0,0,0,457000,105000,352000,352000
066439,信錦群益02購01  ,0,0,0,0,0,0,0,0,0,351000,0,0,0,398000,47000,351000,351000
062850,友訊永豐9B購01  ,0,0,0,0,0,0,0,0,0,351000,0,0,0,397000,46000,351000,351000
067168,國巨麥證01購05  ,0,0,0,350000,0,350000,0,0,0,350000,0,0,0,350000,0,350000,350000
08301P,台積電兆豐9C售02,0,0,0,0,0,0,0,0,0,350000,0,0,0,350000,0,350000,350000
060716,新唐永豐9A購01  ,0,0,0,0,0,0,0,0,0,350000,0,0,0,419000,69000,350000,350000
062720,南亞科凱基9B購03,0,0,0,0,0,0,0,0,0,350000,0,0,0,354000,4000,350000,350000
066150,國巨麥證01購02  ,0,0,0,356000,0,356000,0,0,0,350000,0,0,0,356000,6000,350000,350000
062167,燿華永豐9B購01  ,0,0,0,0,0,0,0,0,0,349000,0,0,0,349000,0,349000,349000
062063,世紀鋼統一9C購01,0,0,0,0,0,0,0,0,0,349000,0,0,0,370000,21000,349000,349000
064651,GIS凱基9C購02   ,0,0,0,0,0,0,0,0,0,349000,0,0,0,428000,79000,349000,349000
059140,大立光兆豐9A購02,0,0,0,0,0,0,0,0,0,348000,0,0,0,580000,232000,348000,348000
066231,友訊富邦02購01  ,0,0,0,0,0,0,0,0,0,348000,0,0,0,505000,157000,348000,348000
067270,精成科永豐01購01,0,0,0,0,0,0,0,0,0,347000,0,0,0,706000,359000,347000,347000
064982,新唐元大9C購01  ,0,0,0,0,0,0,0,0,0,347000,0,0,0,676000,329000,347000,347000
07965P,玉晶光群益01售02,0,0,0,0,0,0,0,0,0,346000,0,0,0,978000,632000,346000,346000
066215,惠特統一04購01  ,0,0,0,0,0,0,0,0,0,346000,0,0,0,346000,0,346000,346000
065341,華邦電統一01購02,0,0,0,0,0,0,0,0,0,346000,0,0,0,741000,395000,346000,346000
060636,大毅永豐9A購02  ,0,0,0,0,0,0,0,0,0,345000,0,0,0,345000,0,345000,345000
066577,巨大元大01購02  ,0,0,0,0,0,0,0,0,0,344000,0,0,0,368000,24000,344000,344000
08740P,創意康和01售03  ,0,0,0,0,0,0,0,0,0,344000,0,0,0,370000,26000,344000,344000
062710,盛群元大9B購01  ,0,0,0,0,0,0,0,0,0,343000,0,0,0,483000,140000,343000,343000
065450,同欣電統一01購03,0,0,0,0,0,0,0,0,0,343000,0,0,0,501000,158000,343000,343000
06466P,台積電統一9B售01,0,0,0,0,0,0,0,0,0,343000,0,0,0,468000,125000,343000,343000
062080,奇力新元大9B購02,0,0,0,0,0,0,0,0,0,342000,0,0,0,392000,50000,342000,342000
07474P,滬深2X群益9C售03,0,0,0,0,0,0,0,0,0,341000,0,0,0,411000,70000,341000,341000
061876,明泰元大9B購01  ,0,0,0,0,0,0,0,0,0,341000,0,0,0,499000,158000,341000,341000
067685,瀚宇博元大01購03,0,0,0,0,0,0,0,0,0,340000,0,0,0,463000,123000,340000,340000
059865,國巨凱基01購01  ,0,0,0,0,0,0,0,0,0,340000,0,0,0,608000,268000,340000,340000
063618,智邦兆豐9C購01  ,0,0,0,0,0,0,0,0,0,340000,0,0,0,346000,6000,340000,340000
065685,同欣電統一01購04,0,0,0,0,0,0,0,0,0,340000,0,0,0,342000,2000,340000,340000
063624,GIS兆豐9B購01   ,0,0,0,0,0,0,0,0,0,339000,0,0,0,366000,27000,339000,339000
066249,生達元大01購01  ,0,0,0,0,0,0,0,0,0,338000,0,0,0,553000,215000,338000,338000
066183,眾達凱基01購01  ,0,0,0,0,0,0,0,0,0,338000,0,0,0,392000,54000,338000,338000
067064,為升元大01購02  ,0,0,0,0,0,0,0,0,0,337000,0,0,0,337000,0,337000,337000
060156,光磊永豐9A購01  ,0,0,0,0,0,0,0,0,0,337000,0,0,0,337000,0,337000,337000
060164,合勤控永豐9A購01,0,0,0,0,0,0,0,0,0,337000,0,0,0,337000,0,337000,337000
066132,精元群益01購01  ,0,0,0,0,0,0,0,0,0,336000,0,0,0,500000,164000,336000,336000
067746,瀚宇博元大01購04,0,0,0,0,0,0,0,0,0,335000,0,0,0,335000,0,335000,335000
062499,鴻海群益01購01  ,0,0,0,0,0,0,0,0,0,335000,0,0,0,345000,10000,335000,335000
062253,燿華元大9B購02  ,0,0,0,0,0,0,0,0,0,334000,0,0,0,384000,50000,334000,334000
1103,嘉泥            ,1317000,784000,533000,0,0,0,0,0,0,-199000,0,199000,-199000,0,0,0,334000
066885,牧德永豐01購02  ,0,0,0,0,0,0,0,0,0,333000,0,0,0,333000,0,333000,333000
066165,大毅凱基01購01  ,0,0,0,0,0,0,0,0,0,333000,0,0,0,467000,134000,333000,333000
066765,揚明光永豐01購01,0,0,0,0,0,0,0,0,0,332000,0,0,0,352000,20000,332000,332000
067203,台達電元大01購03,0,0,0,0,0,0,0,0,0,332000,0,0,0,538000,206000,332000,332000
00692,富邦公司治理    ,8000,8000,0,0,0,0,0,0,0,332000,0,0,0,1422000,1090000,332000,332000
064989,鈺齊元大01購01  ,0,0,0,0,0,0,0,0,0,332000,0,0,0,374000,42000,332000,332000
067711,緯穎元富05購01  ,0,0,0,0,0,0,0,0,0,331000,0,0,0,365000,34000,331000,331000
059080,亞泥元大99購01  ,0,0,0,0,0,0,0,0,0,331000,0,0,0,349000,18000,331000,331000
07503P,禾伸堂元大9A售01,0,0,0,0,0,0,0,0,0,330000,0,0,0,630000,300000,330000,330000
08249P,聯發科群益9C售06,0,0,0,0,0,0,0,0,0,330000,0,0,0,360000,30000,330000,330000
066734,聯詠元大01購03  ,0,0,0,0,0,0,0,0,0,330000,0,0,0,429000,99000,330000,330000
063532,GIS凱基9B購03   ,0,0,0,0,0,0,0,0,0,330000,0,0,0,365000,35000,330000,330000
065894,漢翔統一03購01  ,0,0,0,0,0,0,0,0,0,330000,0,0,0,330000,0,330000,330000
07634P,金像電元大9A售01,0,0,0,0,0,0,0,0,0,329000,0,0,0,359000,30000,329000,329000
061891,力山永豐9B購01  ,0,0,0,0,0,0,0,0,0,329000,0,0,0,360000,31000,329000,329000
08536P,台積電國票9C售08,0,0,0,0,0,0,0,0,0,328000,0,0,0,338000,10000,328000,328000
067539,緯創群益01購01  ,0,0,0,0,0,0,0,0,0,328000,0,0,0,558000,230000,328000,328000
063878,國巨元富9C購01  ,0,0,0,0,0,0,0,0,0,328000,0,0,0,348000,20000,328000,328000
055781,聯詠凱基98購01  ,0,0,0,0,0,0,0,0,0,327000,0,0,0,327000,0,327000,327000
057592,美律兆豐99購01  ,0,0,0,0,0,0,0,0,0,326000,0,0,0,526000,200000,326000,326000
056554,GIS凱基99購01   ,0,0,0,0,0,0,0,0,0,326000,0,0,0,336000,10000,326000,326000
063283,華新科元大9C購03,0,0,0,0,0,0,0,0,0,326000,0,0,0,345000,19000,326000,326000
063445,金像電統一9B購01,0,0,0,0,0,0,0,0,0,326000,0,0,0,427000,101000,326000,326000
065791,牧德永豐9C購03  ,0,0,0,0,0,0,0,0,0,326000,0,0,0,410000,84000,326000,326000
067417,力山凱基02購01  ,0,0,0,0,0,0,0,0,0,325000,0,0,0,354000,29000,325000,325000
08401P,玉晶光元富9C售04,0,0,0,0,0,0,0,0,0,324000,0,0,0,677000,353000,324000,324000
07027P,台積電群益99售04,0,0,0,0,0,0,0,0,0,324000,0,0,0,344000,20000,324000,324000
066486,台光電元富01購02,0,0,0,0,0,0,0,0,0,323000,0,0,0,843000,520000,323000,323000
061361,世紀鋼兆豐9A購01,0,0,0,0,0,0,0,0,0,323000,0,0,0,334000,11000,323000,323000
066164,精元凱基01購01  ,0,0,0,0,0,0,0,0,0,323000,0,0,0,333000,10000,323000,323000
062287,康友群益9B購02  ,0,0,0,0,0,0,0,0,0,322000,0,0,0,322000,0,322000,322000
066606,聯詠永豐01購01  ,0,0,0,0,0,0,0,0,0,321000,0,0,0,419000,98000,321000,321000
07504P,聯詠元大9A售02  ,0,0,0,0,0,0,0,0,0,320000,0,0,0,320000,0,320000,320000
063352,上銀元富9B購02  ,0,0,0,0,0,0,0,0,0,320000,0,0,0,336000,16000,320000,320000
060925,華新科永豐9A購01,0,0,0,0,0,0,0,0,0,319000,0,0,0,319000,0,319000,319000
064189,TPK永豐9C購01   ,0,0,0,0,0,0,0,0,0,319000,0,0,0,319000,0,319000,319000
6189,豐藝            ,418000,102000,316000,0,0,0,0,5000,-5000,8000,8000,5000,3000,5000,0,5000,319000
08627P,臺股指群益9C售22,0,0,0,0,0,0,0,0,0,318000,0,0,0,420000,102000,318000,318000
062644,中環國泰9C購01  ,0,0,0,0,0,0,0,0,0,318000,0,0,0,383000,65000,318000,318000
066575,緯穎元大01購03  ,0,0,0,0,0,0,0,0,0,317000,0,0,0,428000,111000,317000,317000
063414,鴻海凱基03購01  ,0,0,0,0,0,0,0,0,0,317000,0,0,0,327000,10000,317000,317000
065742,宏達電麥證9C購01,0,0,0,317000,0,317000,0,0,0,317000,0,0,0,317000,0,317000,317000
066953,禾伸堂元大01購01,0,0,0,0,0,0,0,0,0,316000,0,0,0,416000,100000,316000,316000
03432B,臺股指凱基98熊13,0,0,0,0,0,0,0,0,0,316000,0,0,0,698000,382000,316000,316000
066627,大毅凱基03購01  ,0,0,0,0,0,0,0,0,0,315000,0,0,0,343000,28000,315000,315000
067279,美利達統一02購02,0,0,0,0,0,0,0,0,0,315000,0,0,0,315000,0,315000,315000
061364,國巨國票9A購09  ,0,0,0,0,0,0,0,0,0,315000,0,0,0,395000,80000,315000,315000
058245,訊連元大99購01  ,0,0,0,0,0,0,0,0,0,314000,0,0,0,493000,179000,314000,314000
060924,大毅永豐9A購03  ,0,0,0,0,0,0,0,0,0,314000,0,0,0,314000,0,314000,314000
066236,潤泰全富邦01購01,0,0,0,0,0,0,0,0,0,314000,0,0,0,397000,83000,314000,314000
065062,亞光群益9C購01  ,0,0,0,0,0,0,0,0,0,314000,0,0,0,332000,18000,314000,314000
3605,宏致            ,265000,351000,-86000,0,0,0,0,0,0,400000,450000,50000,400000,0,0,0,314000
057758,鴻海凱基99購03  ,0,0,0,0,0,0,0,0,0,313000,0,0,0,330000,17000,313000,313000
062325,鴻海統一9B購05  ,0,0,0,0,0,0,0,0,0,313000,0,0,0,477000,164000,313000,313000
064236,奇力新統一01購04,0,0,0,0,0,0,0,0,0,313000,0,0,0,394000,81000,313000,313000
062327,燿華統一9B購02  ,0,0,0,0,0,0,0,0,0,312000,0,0,0,312000,0,312000,312000
060598,鴻海凱基9A購20  ,0,0,0,0,0,0,0,0,0,312000,0,0,0,312000,0,312000,312000
065191,南電統一01購03  ,0,0,0,0,0,0,0,0,0,312000,0,0,0,316000,4000,312000,312000
061598,南電永豐9A購04  ,0,0,0,0,0,0,0,0,0,311000,0,0,0,336000,25000,311000,311000
064171,燿華元富9C購01  ,0,0,0,0,0,0,0,0,0,311000,0,0,0,311000,0,311000,311000
059656,T50反1元大99購11,0,0,0,0,0,0,0,0,0,310000,0,0,0,310000,0,310000,310000
060770,宏達電麥證9A購01,0,0,0,310000,0,310000,0,0,0,310000,0,0,0,310000,0,310000,310000
062939,奇力新凱基9B購02,0,0,0,0,0,0,0,0,0,310000,0,0,0,365000,55000,310000,310000
063067,緯穎麥證9B購01  ,0,0,0,310000,0,310000,0,0,0,310000,0,0,0,310000,0,310000,310000
08534P,玉晶光元富06售02,100000,0,100000,0,0,0,0,0,0,209000,0,0,0,693000,484000,209000,309000
060862,美律永豐9A購01  ,0,0,0,0,0,0,0,0,0,309000,0,0,0,535000,226000,309000,309000
066107,惠特國票02購01  ,0,0,0,0,0,0,0,0,0,309000,0,0,0,318000,9000,309000,309000
060939,鴻海國票9A購06  ,0,0,0,0,0,0,0,0,0,308000,0,0,0,308000,0,308000,308000
060402,神隆國泰9B購01  ,0,0,0,0,0,0,0,0,0,308000,0,0,0,375000,67000,308000,308000
064193,華新群益9C購01  ,0,0,0,0,0,0,0,0,0,308000,0,0,0,349000,41000,308000,308000
067108,大毅群益01購01  ,0,0,0,0,0,0,0,0,0,307000,0,0,0,337000,30000,307000,307000
067002,生達永豐01購02  ,0,0,0,0,0,0,0,0,0,306000,0,0,0,306000,0,306000,306000
059100,元油2X統一9C購02,0,0,0,0,0,0,0,0,0,306000,0,0,0,348000,42000,306000,306000
057987,大立光元富98購02,0,0,0,0,0,0,0,0,0,306000,0,0,0,535000,229000,306000,306000
058733,同欣電永豐99購02,0,0,0,0,0,0,0,0,0,306000,0,0,0,349000,43000,306000,306000
063172,廣達中信9C購01  ,0,0,0,0,0,0,0,0,0,306000,0,0,0,412000,106000,306000,306000
066239,拓凱富邦02購01  ,0,0,0,0,0,0,0,0,0,306000,0,0,0,454000,148000,306000,306000
00783,富邦中証500     ,172000,32000,140000,0,0,0,0,0,0,165000,0,0,0,1710000,1545000,165000,305000
063515,香港2X凱基01購01,0,0,0,0,0,0,0,0,0,305000,0,0,0,413000,108000,305000,305000
067182,鴻海凱基02購05  ,0,0,0,0,0,0,0,0,0,304000,0,0,0,334000,30000,304000,304000
067144,上銀統一02購01  ,0,0,0,0,0,0,0,0,0,304000,0,0,0,314000,10000,304000,304000
058554,瀚宇博永豐99購01,0,0,0,0,0,0,0,0,0,304000,0,0,0,392000,88000,304000,304000
064433,金像電凱基02購01,0,0,0,0,0,0,0,0,0,304000,0,0,0,489000,185000,304000,304000
066624,燿華凱基01購02  ,0,0,0,0,0,0,0,0,0,303000,0,0,0,304000,1000,303000,303000
066513,精元永豐01購02  ,0,0,0,0,0,0,0,0,0,303000,0,0,0,531000,228000,303000,303000
061188,大成鋼富邦9B購01,0,0,0,0,0,0,0,0,0,303000,0,0,0,303000,0,303000,303000
063339,智邦統一01購01  ,0,0,0,0,0,0,0,0,0,303000,0,0,0,342000,39000,303000,303000
065724,國巨凱基9C購11  ,0,0,0,0,0,0,0,0,0,303000,0,0,0,305000,2000,303000,303000
1229,聯華            ,522000,204000,318000,0,0,0,0,2000,-2000,-13000,0,6000,-6000,0,7000,-7000,303000
060928,明泰永豐9A購01  ,0,0,0,0,0,0,0,0,0,302000,0,0,0,307000,5000,302000,302000
063216,元黃金群益9B購02,0,0,0,0,0,0,0,0,0,302000,0,0,0,302000,0,302000,302000
055399,超眾統一99購01  ,0,0,0,0,0,0,0,0,0,301000,0,0,0,301000,0,301000,301000
066274,景碩元大01購02  ,0,0,0,0,0,0,0,0,0,301000,0,0,0,448000,147000,301000,301000
065129,上銀兆豐01購01  ,0,0,0,0,0,0,0,0,0,301000,0,0,0,301000,0,301000,301000
066609,國巨麥證01購04  ,0,0,0,300000,0,300000,0,0,0,300000,0,0,0,300000,0,300000,300000
067073,國揚元大01購02  ,0,0,0,0,0,0,0,0,0,300000,0,0,0,302000,2000,300000,300000
067627,中興電永豐01購01,0,0,0,0,0,0,0,0,0,300000,0,0,0,436000,136000,300000,300000
08319P,台積電統一9C售11,0,0,0,0,0,0,0,0,0,300000,0,0,0,300000,0,300000,300000
08112P,臺股指中信01售07,0,0,0,0,0,0,0,0,0,300000,0,0,0,523000,223000,300000,300000
064590,牧德永豐9C購01  ,0,0,0,0,0,0,0,0,0,300000,0,0,0,400000,100000,300000,300000
063903,國巨麥證01購01  ,0,0,0,300000,0,300000,0,0,0,300000,0,0,0,300000,0,300000,300000
066329,達欣工永豐01購01,0,0,0,0,0,0,0,0,0,300000,0,0,0,300000,0,300000,300000
065976,牧德元大02購02  ,0,0,0,0,0,0,0,0,0,300000,0,0,0,300000,0,300000,300000
065610,牧德元大02購01  ,0,0,0,0,0,0,0,0,0,300000,0,0,0,300000,0,300000,300000
057371,可成元大98購08  ,0,0,0,0,0,0,0,0,0,299000,0,0,0,300000,1000,299000,299000
06603P,立積統一99售01  ,0,0,0,0,0,0,0,0,0,299000,0,0,0,299000,0,299000,299000
067740,精元元大01購02  ,0,0,0,0,0,0,0,0,0,298000,0,0,0,748000,450000,298000,298000
067206,台積電元大01購23,0,0,0,0,0,0,0,0,0,298000,0,0,0,623000,325000,298000,298000
065839,鴻海元大9C購17  ,0,0,0,0,0,0,0,0,0,298000,0,0,0,383000,85000,298000,298000
066267,強茂元大01購02  ,0,0,0,0,0,0,0,0,0,298000,0,0,0,706000,408000,298000,298000
06448P,華通元大99售01  ,0,0,0,0,0,0,0,0,0,298000,0,0,0,316000,18000,298000,298000
08861P,台積電統一01售10,0,0,0,0,0,0,0,0,0,298000,0,0,0,431000,133000,298000,298000
07025P,玉晶光凱基99售01,0,0,0,0,0,0,0,0,0,297000,0,0,0,297000,0,297000,297000
057404,貿聯群益99購01  ,0,0,0,0,0,0,0,0,0,297000,0,0,0,297000,0,297000,297000
061944,聯電群益9B購01  ,0,0,0,0,0,0,0,0,0,297000,0,0,0,411000,114000,297000,297000
00646,元大S&P500      ,2000,0,2000,0,0,0,0,0,0,295000,0,0,0,318000,23000,295000,297000
062572,元金反群益9C購01,0,0,0,0,0,0,0,0,0,297000,0,0,0,297000,0,297000,297000
066707,揚明光群益01購02,0,0,0,0,0,0,0,0,0,296000,0,0,0,308000,12000,296000,296000
062803,嘉晶統一9B購02  ,0,0,0,0,0,0,0,0,0,296000,0,0,0,326000,30000,296000,296000
066772,友達富邦03購01  ,0,0,0,0,0,0,0,0,0,295000,0,0,0,325000,30000,295000,295000
07225P,台積電元大99售33,0,0,0,0,0,0,0,0,0,295000,0,0,0,295000,0,295000,295000
064524,GIS群益02購01   ,0,0,0,0,0,0,0,0,0,295000,0,0,0,498000,203000,295000,295000
066268,宏達電元大01購02,0,0,0,0,0,0,0,0,0,295000,0,0,0,312000,17000,295000,295000
066315,南帝永豐01購01  ,0,0,0,0,0,0,0,0,0,295000,0,0,0,303000,8000,295000,295000
08278P,玉晶光元富9C售02,0,0,0,0,0,0,0,0,0,294000,0,0,0,329000,35000,294000,294000
066458,大毅統一02購02  ,0,0,0,0,0,0,0,0,0,294000,0,0,0,294000,0,294000,294000
059695,聯鈞永豐99購02  ,0,0,0,0,0,0,0,0,0,293000,0,0,0,328000,35000,293000,293000
062552,南電永豐9B購01  ,0,0,0,0,0,0,0,0,0,293000,0,0,0,347000,54000,293000,293000
064511,GIS元大9C購05   ,0,0,0,0,0,0,0,0,0,293000,0,0,0,605000,312000,293000,293000
2340,光磊            ,458000,147000,311000,0,0,0,0,0,0,-18000,0,7000,-7000,0,11000,-11000,293000
058353,國巨凱基99購09  ,0,0,0,0,0,0,0,0,0,292000,0,0,0,292000,0,292000,292000
060735,鴻海統一9C購03  ,0,0,0,0,0,0,0,0,0,292000,0,0,0,307000,15000,292000,292000
066379,台達電康和01購01,0,0,0,0,0,0,0,0,0,292000,0,0,0,302000,10000,292000,292000
066161,力山凱基01購01  ,0,0,0,0,0,0,0,0,0,292000,0,0,0,318000,26000,292000,292000
067299,燿華元大01購03  ,0,0,0,0,0,0,0,0,0,291000,0,0,0,560000,269000,291000,291000
059635,華新科凱基9A購06,0,0,0,0,0,0,0,0,0,291000,0,0,0,307000,16000,291000,291000
053723,奇鋐凱基98購01  ,0,0,0,0,0,0,0,0,0,291000,0,0,0,291000,0,291000,291000
066448,眾達群益01購01  ,0,0,0,0,0,0,0,0,0,290000,0,0,0,465000,175000,290000,290000
061488,奇力新兆豐9A購01,0,0,0,0,0,0,0,0,0,290000,0,0,0,305000,15000,290000,290000
066324,仲琦永豐01購01  ,0,0,0,0,0,0,0,0,0,290000,0,0,0,300000,10000,290000,290000
064865,美律永豐9C購02  ,0,0,0,0,0,0,0,0,0,290000,0,0,0,590000,300000,290000,290000
08817P,致新元富01售02  ,0,0,0,0,0,0,0,0,0,290000,0,0,0,290000,0,290000,290000
067099,友訊群益01購04  ,0,20000,-20000,0,0,0,0,0,0,309000,0,0,0,427000,118000,309000,289000
064845,華通元富9C購02  ,0,0,0,0,0,0,0,0,0,289000,0,0,0,484000,195000,289000,289000
061866,力山元大9C購01  ,0,0,0,0,0,0,0,0,0,288000,0,0,0,288000,0,288000,288000
4133,亞諾法          ,292000,259000,33000,0,0,0,0,0,0,255000,0,0,0,325000,70000,255000,288000
067271,世紀鋼永豐01購02,0,0,0,0,0,0,0,0,0,287000,0,0,0,298000,11000,287000,287000
067001,中化永豐01購02  ,0,0,0,0,0,0,0,0,0,287000,0,0,0,324000,37000,287000,287000
07649P,金像電永豐9A售02,0,0,0,0,0,0,0,0,0,287000,0,0,0,307000,20000,287000,287000
067310,欣興元大01購05  ,0,0,0,0,0,0,0,0,0,286000,0,0,0,524000,238000,286000,286000
059624,鴻海凱基01購01  ,0,0,0,0,0,0,0,0,0,286000,0,0,0,286000,0,286000,286000
057287,彩晶元大9C購03  ,0,0,0,0,0,0,0,0,0,286000,0,0,0,695000,409000,286000,286000
063966,大毅國票01購01  ,0,0,0,0,0,0,0,0,0,286000,0,0,0,353000,67000,286000,286000
054451,上銀亞東98購01  ,0,0,0,0,0,0,0,0,0,285000,0,0,0,285000,0,285000,285000
057447,智邦元富02購01  ,0,0,0,0,0,0,0,0,0,285000,0,0,0,285000,0,285000,285000
057540,緯穎日盛99購01  ,0,0,0,0,0,0,0,0,0,285000,0,0,0,285000,0,285000,285000
065749,友訊元大9C購03  ,0,0,0,0,0,0,0,0,0,285000,0,0,0,370000,85000,285000,285000
062983,緯穎元富9B購01  ,0,0,0,0,0,0,0,0,0,284000,0,0,0,289000,5000,284000,284000
065130,奇鋐兆豐9C購01  ,0,0,0,0,0,0,0,0,0,284000,0,0,0,367000,83000,284000,284000
2302,麗正            ,307000,23000,284000,0,0,0,0,0,0,0,0,0,0,0,0,0,284000
059292,華新科元富9B購02,0,0,0,0,0,0,0,0,0,283000,0,0,0,291000,8000,283000,283000
062011,上銀富邦9C購01  ,0,0,0,0,0,0,0,0,0,283000,0,0,0,293000,10000,283000,283000
064936,世紀鋼統一9C購02,0,0,0,0,0,0,0,0,0,283000,0,0,0,304000,21000,283000,283000
07821P,臺股指國票9A售12,0,0,0,0,0,0,0,0,0,282000,0,0,0,402000,120000,282000,282000
00671R,富邦NASDAQ反1   ,1000,0,1000,0,0,0,0,0,0,281000,0,0,0,517000,236000,281000,282000
060769,國巨麥證9A購02  ,0,0,0,296000,14000,282000,0,0,0,282000,0,0,0,296000,14000,282000,282000
065171,燿華元大9C購04  ,0,0,0,0,0,0,0,0,0,282000,0,0,0,593000,311000,282000,282000
065743,宏達電麥證9C購02,0,0,0,295000,13000,282000,0,0,0,282000,0,0,0,295000,13000,282000,282000
065202,南電元富06購01  ,0,0,0,0,0,0,0,0,0,282000,0,0,0,293000,11000,282000,282000
062195,聚陽中信9C購01  ,0,0,0,0,0,0,0,0,0,281000,0,0,0,341000,60000,281000,281000
065408,華通永豐9C購02  ,0,0,0,0,0,0,0,0,0,281000,0,0,0,281000,0,281000,281000
060792,信錦永豐9A購01  ,0,0,0,0,0,0,0,0,0,280000,0,0,0,309000,29000,280000,280000
065952,聯發科統一03購02,0,0,0,0,0,0,0,0,0,280000,0,0,0,354000,74000,280000,280000
067563,上緯控國票02購01,0,0,0,0,0,0,0,0,0,279000,0,0,0,315000,36000,279000,279000
056125,旺宏國票98購02  ,0,0,0,0,0,0,0,0,0,279000,0,0,0,279000,0,279000,279000
064186,燿華永豐9C購01  ,0,0,0,0,0,0,0,0,0,279000,0,0,0,313000,34000,279000,279000
08610P,鴻海凱基9C售05  ,0,0,0,0,0,0,0,0,0,278000,0,0,0,481000,203000,278000,278000
057985,華通元富02購03  ,0,0,0,0,0,0,0,0,0,278000,0,0,0,395000,117000,278000,278000
062476,神隆國票9B購01  ,0,0,0,0,0,0,0,0,0,278000,0,0,0,278000,0,278000,278000
066290,台塑化元大01購01,0,0,0,0,0,0,0,0,0,278000,0,0,0,286000,8000,278000,278000
065695,友訊群益01購02  ,0,0,0,0,0,0,0,0,0,278000,0,0,0,286000,8000,278000,278000
056263,友訊統一99購01  ,0,0,0,0,0,0,0,0,0,277000,0,0,0,277000,0,277000,277000
066872,亞光國泰03購01  ,0,0,0,0,0,0,0,0,0,276000,0,0,0,498000,222000,276000,276000
065799,友訊群益01購03  ,0,0,0,0,0,0,0,0,0,276000,0,0,0,300000,24000,276000,276000
064833,新光金統一02購01,0,0,0,0,0,0,0,0,0,276000,0,0,0,276000,0,276000,276000
064010,GIS凱基02購01   ,0,0,0,0,0,0,0,0,0,275000,0,0,0,293000,18000,275000,275000
066347,鎧勝永豐01購01  ,0,0,0,0,0,0,0,0,0,275000,0,0,0,402000,127000,275000,275000
067668,金像電元大01購02,0,0,0,0,0,0,0,0,0,274000,0,0,0,343000,69000,274000,274000
067712,惠特元富04購01  ,0,0,0,0,0,0,0,0,0,274000,0,0,0,498000,224000,274000,274000
065601,聯發科元大01購05,0,0,0,0,0,0,0,0,0,274000,0,0,0,324000,50000,274000,274000
065444,燿華統一02購02  ,0,0,0,0,0,0,0,0,0,274000,0,0,0,280000,6000,274000,274000
2454,聯發科          ,7025030,6765258,259772,0,0,0,31000,14000,17000,-3000,203000,221000,-18000,114000,99000,15000,273772
062054,鴻海統一9C購06  ,0,0,0,0,0,0,0,0,0,273000,0,0,0,273000,0,273000,273000
061893,鴻海永豐9B購01  ,0,0,0,0,0,0,0,0,0,272000,0,0,0,272000,0,272000,272000
062388,旭富國泰01購01  ,0,0,0,0,0,0,0,0,0,272000,0,0,0,990000,718000,272000,272000
065614,緯穎元大01購02  ,0,0,0,0,0,0,0,0,0,272000,0,0,0,279000,7000,272000,272000
063926,南亞科統一03購01,0,0,0,0,0,0,0,0,0,272000,0,0,0,292000,20000,272000,272000
062569,南電中信01購01  ,0,0,0,0,0,0,0,0,0,271000,0,0,0,364000,93000,271000,271000
065325,亞光凱基9C購01  ,0,0,0,0,0,0,0,0,0,271000,0,0,0,295000,24000,271000,271000
058640,台灣50麥證9A購01,0,0,0,270000,0,270000,0,0,0,270000,0,0,0,270000,0,270000,270000
060710,上銀永豐9A購01  ,0,0,0,0,0,0,0,0,0,270000,0,0,0,280000,10000,270000,270000
067639,奇力新統一01購06,0,0,0,0,0,0,0,0,0,269000,0,0,0,544000,275000,269000,269000
066801,奇鋐凱基01購02  ,0,0,0,0,0,0,0,0,0,269000,0,0,0,356000,87000,269000,269000
057912,美律日盛99購01  ,0,0,0,0,0,0,0,0,0,269000,0,0,0,534000,265000,269000,269000
061521,亞光兆豐9A購02  ,0,0,0,0,0,0,0,0,0,269000,0,0,0,369000,100000,269000,269000
060509,宏達電元大9A購02,0,0,0,0,0,0,0,0,0,268000,0,0,0,269000,1000,268000,268000
061105,宏達電元大9A購04,0,0,0,0,0,0,0,0,0,268000,0,0,0,275000,7000,268000,268000
065665,鴻海凱基9C購04  ,0,0,0,0,0,0,0,0,0,268000,0,0,0,308000,40000,268000,268000
065948,燿華統一01購02  ,0,0,0,0,0,0,0,0,0,267000,0,0,0,272000,5000,267000,267000
9933,中鼎            ,879000,386000,493000,0,0,0,349000,0,349000,-575000,0,3000,-3000,0,572000,-572000,267000
067349,中化群益02購01  ,0,0,0,0,0,0,0,0,0,266000,0,0,0,266000,0,266000,266000
062442,華新科元大9C購02,0,0,0,0,0,0,0,0,0,266000,0,0,0,299000,33000,266000,266000
4968,立積            ,354000,259000,95000,0,0,0,0,0,0,170000,56000,12000,44000,142000,16000,126000,265000
059189,國泰金富邦9B購01,0,0,0,0,0,0,0,0,0,264000,0,0,0,264000,0,264000,264000
064777,南亞科群益9C購01,0,0,0,0,0,0,0,0,0,264000,0,0,0,300000,36000,264000,264000
067140,鎧勝永豐01購02  ,0,0,0,0,0,0,0,0,0,263000,0,0,0,428000,165000,263000,263000
07974P,上証2X元大9B售02,0,0,0,0,0,0,0,0,0,263000,0,0,0,500000,237000,263000,263000
064883,GIS兆豐01購01   ,0,0,0,0,0,0,0,0,0,263000,0,0,0,263000,0,263000,263000
059115,美食永豐99購01  ,0,0,0,0,0,0,0,0,0,261000,0,0,0,305000,44000,261000,261000
03427B,臺股指元大9A熊02,0,0,0,0,0,0,0,0,0,261000,0,0,0,293000,32000,261000,261000
060153,A50正2永豐9A購01,0,0,0,0,0,0,0,0,0,261000,0,0,0,321000,60000,261000,261000
058573,鴻海群益9A購02  ,0,0,0,0,0,0,0,0,0,260000,0,0,0,330000,70000,260000,260000
063420,奇力新凱基9B購03,0,0,0,0,0,0,0,0,0,260000,0,0,0,275000,15000,260000,260000
061574,大毅元大9B購01  ,0,0,0,0,0,0,0,0,0,260000,0,0,0,260000,0,260000,260000
061831,智邦凱基9B購02  ,0,0,0,0,0,0,0,0,0,260000,0,0,0,280000,20000,260000,260000
063111,TPK兆豐9B購01   ,0,0,0,0,0,0,0,0,0,260000,0,0,0,295000,35000,260000,260000
064028,大毅元大01購01  ,0,0,0,0,0,0,0,0,0,260000,0,0,0,260000,0,260000,260000
065361,上銀元大9C購11  ,0,0,0,0,0,0,0,0,0,260000,0,0,0,260000,0,260000,260000
067063,為升元大01購01  ,0,0,0,0,0,0,0,0,0,259000,0,0,0,464000,205000,259000,259000
062811,鴻海兆豐9B購01  ,0,0,0,0,0,0,0,0,0,259000,0,0,0,268000,9000,259000,259000
061681,南電元大9A購08  ,0,0,0,0,0,0,0,0,0,259000,0,0,0,264000,5000,259000,259000
063539,世紀鋼統一9B購02,0,0,0,0,0,0,0,0,0,259000,0,0,0,259000,0,259000,259000
064354,同欣電元大9C購05,0,0,0,0,0,0,0,0,0,259000,0,0,0,368000,109000,259000,259000
060124,奇力新永豐99購03,0,0,0,0,0,0,0,0,0,258000,0,0,0,258000,0,258000,258000
064061,GIS麥證01購01   ,0,0,0,297000,39000,258000,0,0,0,258000,0,0,0,297000,39000,258000,258000
063947,大毅元大9C購02  ,0,0,0,0,0,0,0,0,0,258000,0,0,0,310000,52000,258000,258000
064747,彩晶國票01購01  ,0,0,0,0,0,0,0,0,0,258000,0,0,0,258000,0,258000,258000
065382,緯穎元大9C購04  ,0,0,0,0,0,0,0,0,0,258000,0,0,0,301000,43000,258000,258000
062967,上銀元富9B購01  ,0,0,0,0,0,0,0,0,0,257000,0,0,0,360000,103000,257000,257000
061077,國巨兆豐9B購01  ,0,0,0,0,0,0,0,0,0,257000,0,0,0,277000,20000,257000,257000
065174,華新科元大02購02,0,0,0,0,0,0,0,0,0,257000,0,0,0,346000,89000,257000,257000
067483,禾伸堂元大01購02,0,0,0,0,0,0,0,0,0,256000,0,0,0,269000,13000,256000,256000
066617,鎧勝康和01購01  ,0,0,0,0,0,0,0,0,0,256000,0,0,0,763000,507000,256000,256000
058410,國巨兆豐99購03  ,0,0,0,0,0,0,0,0,0,256000,0,0,0,268000,12000,256000,256000
062707,致伸元大9B購01  ,0,0,0,0,0,0,0,0,0,256000,0,0,0,311000,55000,256000,256000
060367,緯穎元富9A購02  ,0,0,0,0,0,0,0,0,0,256000,0,0,0,297000,41000,256000,256000
065215,義隆國泰02購02  ,0,0,0,0,0,0,0,0,0,256000,0,0,0,474000,218000,256000,256000
063434,和潤元富9B購01  ,0,0,0,0,0,0,0,0,0,255000,0,0,0,262000,7000,255000,255000
062524,鴻海統一9C購09  ,0,0,0,0,0,0,0,0,0,255000,0,0,0,255000,0,255000,255000
062047,緯穎凱基9B購01  ,0,0,0,0,0,0,0,0,0,254000,0,0,0,425000,171000,254000,254000
064247,廣達元富9C購01  ,0,0,0,0,0,0,0,0,0,254000,0,0,0,379000,125000,254000,254000
07731P,臺股指凱基9A售28,0,0,0,0,0,0,0,0,0,253000,0,0,0,287000,34000,253000,253000
059932,世紀鋼富邦9A購02,0,0,0,0,0,0,0,0,0,253000,0,0,0,253000,0,253000,253000
065081,金像電元大9C購05,0,0,0,0,0,0,0,0,0,253000,0,0,0,394000,141000,253000,253000
064601,嘉晶元富9C購03  ,0,0,0,0,0,0,0,0,0,253000,0,0,0,280000,27000,253000,253000
066096,友訊中信05購02  ,0,0,0,0,0,0,0,0,0,253000,0,0,0,253000,0,253000,253000
07818P,台積電國票9C售01,0,0,0,0,0,0,0,0,0,252000,0,0,0,252000,0,252000,252000
00701,國泰股利精選30  ,23000,23000,0,0,0,0,0,0,0,252000,0,0,0,378000,126000,252000,252000
063588,華新科永豐9B購02,0,0,0,0,0,0,0,0,0,252000,0,0,0,252000,0,252000,252000
063937,上銀元大9C購02  ,0,0,0,0,0,0,0,0,0,252000,0,0,0,252000,0,252000,252000
067550,燿華中信02購01  ,0,0,0,0,0,0,0,0,0,251000,0,0,0,278000,27000,251000,251000
067043,佳世達凱基01購01,0,0,0,0,0,0,0,0,0,251000,0,0,0,271000,20000,251000,251000
058970,鴻海永豐99購02  ,0,0,0,0,0,0,0,0,0,251000,0,0,0,258000,7000,251000,251000
063649,南六元大9C購02  ,0,0,0,0,0,0,0,0,0,251000,0,0,0,260000,9000,251000,251000
066108,惠特國票02購02  ,0,0,0,0,0,0,0,0,0,251000,0,0,0,251000,0,251000,251000
066066,鴻海凱基01購05  ,0,0,0,0,0,0,0,0,0,251000,0,0,0,502000,251000,251000,251000
065818,奇鋐元富9C購01  ,0,0,0,0,0,0,0,0,0,251000,0,0,0,261000,10000,251000,251000
067135,聯詠永豐01購02  ,0,0,0,0,0,0,0,0,0,250000,0,0,0,331000,81000,250000,250000
066561,健策元大01購04  ,0,0,0,0,0,0,0,0,0,250000,0,0,0,252000,2000,250000,250000
08423P,台積電統一9C售13,0,0,0,0,0,0,0,0,0,250000,0,0,0,250000,0,250000,250000
058605,華邦電元大99購04,0,0,0,0,0,0,0,0,0,250000,0,0,0,250000,0,250000,250000
057604,鴻海統一9C購01  ,0,0,0,0,0,0,0,0,0,250000,0,0,0,250000,0,250000,250000
060719,瀚宇博永豐9A購01,0,0,0,0,0,0,0,0,0,250000,0,0,0,390000,140000,250000,250000
066216,南電統一03購01  ,0,0,0,0,0,0,0,0,0,250000,0,0,0,366000,116000,250000,250000
065703,大毅群益9C購01  ,0,0,0,0,0,0,0,0,0,250000,0,0,0,310000,60000,250000,250000
066921,日月光麥證01購01,0,0,0,259000,10000,249000,0,0,0,249000,0,0,0,259000,10000,249000,249000
061041,南電永豐9A購03  ,0,0,0,0,0,0,0,0,0,249000,0,0,0,262000,13000,249000,249000
058623,國巨國票99購08  ,0,0,0,0,0,0,0,0,0,248000,0,0,0,308000,60000,248000,248000
057904,矽力永豐98購01  ,0,0,0,0,0,0,0,0,0,248000,0,0,0,254000,6000,248000,248000
08898P,台積電群益01售15,0,0,0,0,0,0,0,0,0,248000,0,0,0,248000,0,248000,248000
066730,致茂元大01購01  ,0,0,0,0,0,0,0,0,0,247000,0,0,0,669000,422000,247000,247000
065265,景碩元大9C購02  ,0,0,0,0,0,0,0,0,0,247000,0,0,0,319000,72000,247000,247000
063480,南六元大9C購01  ,0,0,0,0,0,0,0,0,0,246000,0,0,0,368000,122000,246000,246000
066308,中化永豐01購01  ,0,0,0,0,0,0,0,0,0,246000,0,0,0,246000,0,246000,246000
066794,鴻海凱基01購07  ,0,0,0,0,0,0,0,0,0,245000,0,0,0,545000,300000,245000,245000
06716P,台積電元大9A售02,0,0,0,0,0,0,0,0,0,245000,0,0,0,255000,10000,245000,245000
067105,全新群益02購02  ,0,0,0,0,0,0,0,0,0,245000,0,0,0,245000,0,245000,245000
047885,元金2X富邦99購01,0,0,0,0,0,0,0,0,0,245000,0,0,0,277000,32000,245000,245000
063659,世紀鋼元富9B購01,0,0,0,0,0,0,0,0,0,245000,0,0,0,296000,51000,245000,245000
064490,金像電元大9C購02,0,0,0,0,0,0,0,0,0,245000,0,0,0,390000,145000,245000,245000
063766,南茂元富9B購01  ,0,0,0,0,0,0,0,0,0,244000,0,0,0,244000,0,244000,244000
060290,興富發元大9C購01,0,0,0,0,0,0,0,0,0,244000,0,0,0,286000,42000,244000,244000
067505,微星統一03購01  ,0,0,0,0,0,0,0,0,0,243000,0,0,0,305000,62000,243000,243000
067710,同欣電元富04購01,0,0,0,0,0,0,0,0,0,243000,0,0,0,276000,33000,243000,243000
067747,同欣電元大01購04,0,0,0,0,0,0,0,0,0,243000,0,0,0,249000,6000,243000,243000
067748,GIS元大01購02   ,0,0,0,0,0,0,0,0,0,242000,0,0,0,472000,230000,242000,242000
067516,美利達統一03購04,0,0,0,0,0,0,0,0,0,242000,0,0,0,297000,55000,242000,242000
063852,瀚宇博元大9C購01,0,0,0,0,0,0,0,0,0,242000,0,0,0,358000,116000,242000,242000
067393,欣興國泰03購02  ,0,0,0,0,0,0,0,0,0,241000,0,0,0,281000,40000,241000,241000
07248P,可成凱基99售06  ,0,0,0,0,0,0,0,0,0,241000,0,0,0,241000,0,241000,241000
062013,奇鋐富邦9B購01  ,0,0,0,0,0,0,0,0,0,241000,0,0,0,368000,127000,241000,241000
063367,GIS富邦9B購01   ,0,0,0,0,0,0,0,0,0,241000,0,0,0,258000,17000,241000,241000
064023,智邦元大9C購02  ,0,0,0,0,0,0,0,0,0,241000,0,0,0,248000,7000,241000,241000
06999P,玉晶光國票9B售01,0,0,0,0,0,0,0,0,0,240000,0,0,0,280000,40000,240000,240000
08304P,大立光中信02售01,0,0,0,0,0,0,0,0,0,240000,0,0,0,241000,1000,240000,240000
08226P,台灣50元大9B售26,0,0,0,0,0,0,0,0,0,240000,0,0,0,240000,0,240000,240000
067418,中化凱基01購01  ,0,0,0,0,0,0,0,0,0,240000,0,0,0,240000,0,240000,240000
066992,緯穎群益01購02  ,0,0,0,0,0,0,0,0,0,240000,0,0,0,250000,10000,240000,240000
063327,燿華國票9C購02  ,0,0,0,0,0,0,0,0,0,240000,0,0,0,265000,25000,240000,240000
062417,鴻海統一9C購08  ,0,0,0,0,0,0,0,0,0,240000,0,0,0,275000,35000,240000,240000
063517,遠東新凱基01購01,0,0,0,0,0,0,0,0,0,240000,0,0,0,304000,64000,240000,240000
064553,臺指反群益9C購01,0,0,0,0,0,0,0,0,0,240000,0,0,0,420000,180000,240000,240000
055036,中工富邦9B購01  ,0,0,0,0,0,0,0,0,0,239000,0,0,0,540000,301000,239000,239000
066323,精元永豐01購01  ,0,0,0,0,0,0,0,0,0,239000,0,0,0,428000,189000,239000,239000
064167,緯穎統一01購03  ,0,0,0,0,0,0,0,0,0,238000,0,0,0,331000,93000,238000,238000
3437,榮創            ,555000,311000,244000,0,0,0,0,0,0,-6000,0,6000,-6000,0,0,0,238000
07274P,上証2X群益01售01,0,0,0,0,0,0,0,0,0,237000,0,0,0,237000,0,237000,237000
062377,力成元大9B購01  ,0,0,0,0,0,0,0,0,0,237000,0,0,0,393000,156000,237000,237000
08135P,玉晶光國泰01售02,0,0,0,0,0,0,0,0,0,236000,0,0,0,583000,347000,236000,236000
058797,大毅元大99購03  ,0,0,0,0,0,0,0,0,0,236000,0,0,0,258000,22000,236000,236000
061123,燿華永豐9A購01  ,0,0,0,0,0,0,0,0,0,236000,0,0,0,243000,7000,236000,236000
062832,嘉澤群益9B購02  ,0,0,0,0,0,0,0,0,0,236000,0,0,0,311000,75000,236000,236000
066309,永光永豐01購01  ,0,0,0,0,0,0,0,0,0,236000,0,0,0,236000,0,236000,236000
066166,大毅凱基02購01  ,0,0,0,0,0,0,0,0,0,236000,0,0,0,307000,71000,236000,236000
061122,敬鵬永豐9A購01  ,0,0,0,0,0,0,0,0,0,235000,0,0,0,291000,56000,235000,235000
066040,友訊元大01購02  ,0,0,0,0,0,0,0,0,0,235000,0,0,0,303000,68000,235000,235000
067689,惠特元大01購03  ,0,0,0,0,0,0,0,0,0,234000,0,0,0,312000,78000,234000,234000
067152,義隆統一02購03  ,0,0,0,0,0,0,0,0,0,234000,0,0,0,457000,223000,234000,234000
056911,緯穎元大99購01  ,0,0,0,0,0,0,0,0,0,234000,0,0,0,309000,75000,234000,234000
063554,GIS國票9C購03   ,0,0,0,0,0,0,0,0,0,234000,0,0,0,239000,5000,234000,234000
063569,美食元大9B購03  ,0,0,0,0,0,0,0,0,0,234000,0,0,0,334000,100000,234000,234000
063488,金像電國泰01購01,0,0,0,0,0,0,0,0,0,234000,0,0,0,314000,80000,234000,234000
062097,台光電永豐9B購01,0,0,0,0,0,0,0,0,0,234000,0,0,0,421000,187000,234000,234000
064111,國巨國票02購02  ,0,0,0,0,0,0,0,0,0,234000,0,0,0,265000,31000,234000,234000
065049,世芯凱基02購01  ,0,0,0,0,0,0,0,0,0,234000,0,0,0,768000,534000,234000,234000
5534,長虹            ,355000,121000,234000,0,0,0,0,0,0,0,0,0,0,0,0,0,234000
066781,滬深2X中信04購01,0,0,0,0,0,0,0,0,0,232000,0,0,0,900000,668000,232000,232000
061799,奇鋐永豐9B購01  ,0,0,0,0,0,0,0,0,0,232000,0,0,0,411000,179000,232000,232000
066062,同欣電元大01購02,0,0,0,0,0,0,0,0,0,232000,0,0,0,291000,59000,232000,232000
066778,緯穎富邦03購01  ,0,0,0,0,0,0,0,0,0,231000,0,0,0,231000,0,231000,231000
061719,緯穎凱基9A購06  ,0,0,0,0,0,0,0,0,0,231000,0,0,0,260000,29000,231000,231000
063654,上銀元富9B購05  ,0,0,0,0,0,0,0,0,0,231000,0,0,0,259000,28000,231000,231000
063735,華新科元大9B購15,0,0,0,0,0,0,0,0,0,231000,0,0,0,266000,35000,231000,231000
065584,華通富邦01購01  ,0,0,0,0,0,0,0,0,0,231000,0,0,0,327000,96000,231000,231000
065132,臻鼎兆豐01購01  ,0,0,0,0,0,0,0,0,0,231000,0,0,0,316000,85000,231000,231000
064984,同欣電元大9C購06,0,0,0,0,0,0,0,0,0,231000,0,0,0,317000,86000,231000,231000
067290,金像電兆豐03購01,0,0,0,0,0,0,0,0,0,230000,0,0,0,282000,52000,230000,230000
053798,台積電中信98購02,0,0,0,0,0,0,0,0,0,229000,0,0,0,260000,31000,229000,229000
058878,旭富國泰9B購01  ,0,0,0,0,0,0,0,0,0,229000,0,0,0,316000,87000,229000,229000
061080,華邦電兆豐9B購01,0,0,0,0,0,0,0,0,0,229000,0,0,0,502000,273000,229000,229000
060987,華新科元大9A購11,0,0,0,0,0,0,0,0,0,229000,0,0,0,229000,0,229000,229000
059156,台灣50凱基01購03,0,0,0,0,0,0,0,0,0,228000,0,0,0,230000,2000,228000,228000
062583,鴻海統一9C購12  ,0,0,0,0,0,0,0,0,0,228000,0,0,0,285000,57000,228000,228000
061823,勤誠群益9B購01  ,0,0,0,0,0,0,0,0,0,228000,0,0,0,228000,0,228000,228000
066348,松翰永豐01購01  ,0,0,0,0,0,0,0,0,0,228000,0,0,0,404000,176000,228000,228000
067307,聯詠元大01購06  ,0,0,0,0,0,0,0,0,0,227000,0,0,0,525000,298000,227000,227000
067640,欣興統一02購03  ,0,0,0,0,0,0,0,0,0,227000,0,0,0,315000,88000,227000,227000
067669,金像電元大02購03,0,0,0,0,0,0,0,0,0,227000,0,0,0,274000,47000,227000,227000
063124,奇力新元大9B購05,0,0,0,0,0,0,0,0,0,227000,0,0,0,342000,115000,227000,227000
065766,南電元大9C購08  ,0,0,0,0,0,0,0,0,0,227000,0,0,0,340000,113000,227000,227000
065383,南電元大01購02  ,0,0,0,0,0,0,0,0,0,227000,0,0,0,244000,17000,227000,227000
064974,燿華元大9C購03  ,0,0,0,0,0,0,0,0,0,227000,0,0,0,440000,213000,227000,227000
064595,超眾統一02購01  ,0,0,0,0,0,0,0,0,0,227000,0,0,0,277000,50000,227000,227000
066995,盟立國泰03購01  ,0,0,0,0,0,0,0,0,0,226000,0,0,0,847000,621000,226000,226000
065480,旭富元大9C購06  ,0,0,0,0,0,0,0,0,0,226000,0,0,0,226000,0,226000,226000
066000,奇鋐國票02購01  ,0,0,0,0,0,0,0,0,0,226000,0,0,0,226000,0,226000,226000
067759,美食永豐01購01  ,0,0,0,0,0,0,0,0,0,225000,0,0,0,281000,56000,225000,225000
056657,華邦電元大99購01,0,0,0,0,0,0,0,0,0,225000,0,0,0,300000,75000,225000,225000
060246,晶相光元大9C購03,0,0,0,0,0,0,0,0,0,225000,0,0,0,250000,25000,225000,225000
065937,大毅群益02購01  ,0,0,0,0,0,0,0,0,0,225000,0,0,0,300000,75000,225000,225000
065257,友訊元大01購01  ,0,0,0,0,0,0,0,0,0,225000,0,0,0,225000,0,225000,225000
060249,正文元大9C購01  ,0,0,0,0,0,0,0,0,0,224000,0,0,0,244000,20000,224000,224000
063982,TPK兆豐9C購01   ,0,0,0,0,0,0,0,0,0,224000,0,0,0,228000,4000,224000,224000
067052,帆宣凱基02購01  ,0,0,0,0,0,0,0,0,0,223000,0,0,0,444000,221000,223000,223000
055681,奇鋐凱基98購03  ,0,0,0,0,0,0,0,0,0,223000,0,0,0,233000,10000,223000,223000
059096,百和元大99購04  ,0,0,0,0,0,0,0,0,0,223000,0,0,0,223000,0,223000,223000
058335,鴻海元富99購06  ,0,0,0,0,0,0,0,0,0,223000,0,0,0,223000,0,223000,223000
061372,世紀鋼國泰9C購01,0,0,0,0,0,0,0,0,0,223000,0,0,0,510000,287000,223000,223000
064453,微星統一02購01  ,0,0,0,0,0,0,0,0,0,223000,0,0,0,405000,182000,223000,223000
064995,世紀鋼兆豐9C購01,0,0,0,0,0,0,0,0,0,223000,0,0,0,225000,2000,223000,223000
067070,友訊元大01購04  ,0,0,0,0,0,0,0,0,0,222000,0,0,0,306000,84000,222000,222000
055415,禾伸堂富邦9B購01,0,0,0,0,0,0,0,0,0,222000,0,0,0,237000,15000,222000,222000
061087,國巨統一01購04  ,0,0,0,0,0,0,0,0,0,222000,0,0,0,317000,95000,222000,222000
065342,華邦電統一02購01,0,0,0,0,0,0,0,0,0,222000,0,0,0,262000,40000,222000,222000
066326,敦陽科永豐01購01,0,0,0,0,0,0,0,0,0,222000,0,0,0,306000,84000,222000,222000
067402,茂林永豐01購01  ,0,0,0,0,0,0,0,0,0,221000,0,0,0,232000,11000,221000,221000
058333,鴻海元富99購04  ,0,0,0,0,0,0,0,0,0,220000,0,0,0,250000,30000,220000,220000
058832,立積永豐99購01  ,0,0,0,0,0,0,0,0,0,220000,0,0,0,357000,137000,220000,220000
057346,鴻海統一98購13  ,0,0,0,0,0,0,0,0,0,220000,0,0,0,250000,30000,220000,220000
065825,鴻海凱基02購02  ,0,0,0,0,0,0,0,0,0,220000,0,0,0,392000,172000,220000,220000
065604,聯發科元大9C購17,0,0,0,0,0,0,0,0,0,220000,0,0,0,340000,120000,220000,220000
064938,華新科元富9C購01,0,0,0,0,0,0,0,0,0,220000,0,0,0,220000,0,220000,220000
064144,智邦統一01購02  ,0,0,0,0,0,0,0,0,0,220000,0,0,0,259000,39000,220000,220000
056347,GIS凱基9A購01   ,0,0,0,0,0,0,0,0,0,219000,0,0,0,220000,1000,219000,219000
00830,國泰費城半導體  ,3000,0,3000,0,0,0,0,0,0,216000,0,0,0,409000,193000,216000,219000
066646,聯發科麥證01購03,0,0,0,227000,9000,218000,0,0,0,218000,0,0,0,227000,9000,218000,218000
066468,申豐統一02購01  ,0,0,0,0,0,0,0,0,0,218000,0,0,0,238000,20000,218000,218000
057902,嘉晶永豐98購02  ,0,0,0,0,0,0,0,0,0,218000,0,0,0,343000,125000,218000,218000
062705,美食元大9B購01  ,0,0,0,0,0,0,0,0,0,218000,0,0,0,243000,25000,218000,218000
065105,巨大元大01購01  ,0,0,0,0,0,0,0,0,0,218000,0,0,0,264000,46000,218000,218000
066831,亞光群益01購01  ,0,0,0,0,0,0,0,0,0,217000,0,0,0,387000,170000,217000,217000
067548,亞德客中信03購01,0,0,0,0,0,0,0,0,0,217000,0,0,0,279000,62000,217000,217000
057638,上銀元大99購01  ,0,0,0,0,0,0,0,0,0,217000,0,0,0,242000,25000,217000,217000
059580,大立光元富99購07,0,0,0,0,0,0,0,0,0,217000,0,0,0,754000,537000,217000,217000
064423,義隆兆豐9C購02  ,0,0,0,0,0,0,0,0,0,217000,0,0,0,238000,21000,217000,217000
060022,勤誠康和99購01  ,0,0,0,0,0,0,0,0,0,216000,0,0,0,216000,0,216000,216000
063572,麗豐元大9B購01  ,0,0,0,0,0,0,0,0,0,216000,0,0,0,317000,101000,216000,216000
064932,緯穎統一01購04  ,0,0,0,0,0,0,0,0,0,216000,0,0,0,265000,49000,216000,216000
064796,緯穎國票01購01  ,0,0,0,0,0,0,0,0,0,216000,0,0,0,392000,176000,216000,216000
067665,台達電元大01購04,0,0,0,0,0,0,0,0,0,215000,0,0,0,247000,32000,215000,215000
064395,華新科永豐9C購02,0,0,0,0,0,0,0,0,0,215000,0,0,0,217000,2000,215000,215000
065381,緯穎元大9C購03  ,0,0,0,0,0,0,0,0,0,215000,0,0,0,215000,0,215000,215000
057175,美律元大98購03  ,0,0,0,0,0,0,0,0,0,214000,0,0,0,338000,124000,214000,214000
058351,上銀凱基9A購02  ,0,0,0,0,0,0,0,0,0,214000,0,0,0,314000,100000,214000,214000
060346,華新科統一01購01,0,0,0,0,0,0,0,0,0,214000,0,0,0,214000,0,214000,214000
064839,旭富統一9C購01  ,0,0,0,0,0,0,0,0,0,214000,0,0,0,308000,94000,214000,214000
6477,安集            ,216000,2000,214000,0,0,0,0,0,0,0,0,0,0,0,0,0,214000
2467,志聖            ,280000,65000,215000,0,0,0,0,0,0,-1000,0,1000,-1000,0,0,0,214000
055891,鴻海統一9A購01  ,0,0,0,0,0,0,0,0,0,213000,0,0,0,247000,34000,213000,213000
063761,嘉澤統一02購01  ,0,0,0,0,0,0,0,0,0,213000,0,0,0,216000,3000,213000,213000
061680,崇越元大9A購01  ,0,0,0,0,0,0,0,0,0,213000,0,0,0,265000,52000,213000,213000
060886,國巨統一01購03  ,0,0,0,0,0,0,0,0,0,213000,0,0,0,213000,0,213000,213000
062574,美食群益9B購02  ,0,0,0,0,0,0,0,0,0,213000,0,0,0,247000,34000,213000,213000
064209,燿華凱基01購01  ,0,0,0,0,0,0,0,0,0,213000,0,0,0,223000,10000,213000,213000
065706,奇鋐群益9C購02  ,0,0,0,0,0,0,0,0,0,213000,0,0,0,215000,2000,213000,213000
4967,十銓            ,353000,139000,214000,0,0,0,0,0,0,-1000,0,1000,-1000,0,0,0,213000
08734P,創意康和01售02  ,0,0,0,0,0,0,0,0,0,213000,0,0,0,260000,47000,213000,213000
066626,盟立凱基01購01  ,0,0,0,0,0,0,0,0,0,212000,0,0,0,1455000,1243000,212000,212000
020012,富邦行動通訊N   ,0,0,0,0,0,0,0,0,0,212000,0,0,0,214000,2000,212000,212000
066355,惠特永豐01購01  ,0,0,0,0,0,0,0,0,0,212000,0,0,0,277000,65000,212000,212000
067401,嘉澤永豐01購02  ,0,0,0,0,0,0,0,0,0,211000,0,0,0,216000,5000,211000,211000
053088,奇鋐元大98購01  ,0,0,0,0,0,0,0,0,0,211000,0,0,0,236000,25000,211000,211000
058711,鴻海統一9A購02  ,0,0,0,0,0,0,0,0,0,211000,0,0,0,221000,10000,211000,211000
063258,緯穎國泰9C購01  ,0,0,0,0,0,0,0,0,0,211000,0,0,0,343000,132000,211000,211000
3257,虹冠電          ,340000,79000,261000,0,0,0,0,0,0,-50000,0,50000,-50000,0,0,0,211000
066534,華通台新01購02  ,0,0,0,0,0,0,0,0,0,210000,0,0,0,251000,41000,210000,210000
066977,鴻海群益02購01  ,0,0,0,0,0,0,0,0,0,210000,0,0,0,210000,0,210000,210000
067707,奇力新元富04購01,0,0,0,0,0,0,0,0,0,210000,0,0,0,215000,5000,210000,210000
062550,啟碁永豐9B購01  ,0,0,0,0,0,0,0,0,0,210000,0,0,0,278000,68000,210000,210000
061600,聯電凱基9B購01  ,0,0,0,0,0,0,0,0,0,210000,0,0,0,211000,1000,210000,210000
066088,漢翔永豐01購01  ,0,0,0,0,0,0,0,0,0,210000,0,0,0,210000,0,210000,210000
066745,瀚宇博元大01購01,0,0,0,0,0,0,0,0,0,209000,0,0,0,324000,115000,209000,209000
066610,台積電麥證01購02,0,0,0,350000,146000,204000,0,0,0,209000,0,0,0,355000,146000,209000,209000
063219,友達群益9B購03  ,0,0,0,0,0,0,0,0,0,209000,0,0,0,306000,97000,209000,209000
064337,大毅元大01購02  ,0,0,0,0,0,0,0,0,0,209000,0,0,0,284000,75000,209000,209000
064872,南電永豐9C購02  ,0,0,0,0,0,0,0,0,0,209000,0,0,0,250000,41000,209000,209000
066750,緯穎元大01購04  ,0,0,0,0,0,0,0,0,0,208000,0,0,0,277000,69000,208000,208000
067330,台達電凱基02購01,0,0,0,0,0,0,0,0,0,208000,0,0,0,208000,0,208000,208000
058547,世紀鋼富邦9A購01,0,0,0,0,0,0,0,0,0,208000,0,0,0,208000,0,208000,208000
060239,國揚元大9C購01  ,0,0,0,0,0,0,0,0,0,208000,0,0,0,209000,1000,208000,208000
062975,京鼎元富9B購01  ,0,0,0,0,0,0,0,0,0,208000,0,0,0,290000,82000,208000,208000
056481,創意元大98購01  ,0,0,0,0,0,0,0,0,0,207000,0,0,0,293000,86000,207000,207000
064625,健策元大01購02  ,0,0,0,0,0,0,0,0,0,207000,0,0,0,229000,22000,207000,207000
057162,上銀元大98購03  ,0,0,0,0,0,0,0,0,0,206000,0,0,0,237000,31000,206000,206000
062794,鴻海統一9C購15  ,0,0,0,0,0,0,0,0,0,206000,0,0,0,256000,50000,206000,206000
065888,鴻海統一03購01  ,0,0,0,0,0,0,0,0,0,206000,0,0,0,227000,21000,206000,206000
08831P,台積電群益01售11,0,0,0,0,0,0,0,0,0,206000,0,0,0,373000,167000,206000,206000
067470,國巨元大01購10  ,0,0,0,0,0,0,0,0,0,205000,0,0,0,215000,10000,205000,205000
056763,國巨元大99購02  ,0,0,0,0,0,0,0,0,0,205000,0,0,0,206000,1000,205000,205000
062897,上銀元大9B購06  ,0,0,0,0,0,0,0,0,0,205000,0,0,0,205000,0,205000,205000
060050,鴻海凱基9B購01  ,0,0,0,0,0,0,0,0,0,205000,0,0,0,215000,10000,205000,205000
065152,燿華群益9C購02  ,0,0,0,0,0,0,0,0,0,205000,0,0,0,430000,225000,205000,205000
064350,茂林元大01購01  ,0,0,0,0,0,0,0,0,0,205000,0,0,0,405000,200000,205000,205000
5515,建國            ,226000,21000,205000,0,0,0,0,0,0,0,0,0,0,0,0,0,205000
067183,友訊凱基02購01  ,0,0,0,0,0,0,0,0,0,204000,0,0,0,214000,10000,204000,204000
061886,力山國泰01購01  ,0,0,0,0,0,0,0,0,0,204000,0,0,0,204000,0,204000,204000
062923,緯穎元大9B購06  ,0,0,0,0,0,0,0,0,0,204000,0,0,0,204000,0,204000,204000
063993,華通群益01購01  ,0,0,0,0,0,0,0,0,0,204000,0,0,0,270000,66000,204000,204000
065079,致茂元大9C購01  ,0,0,0,0,0,0,0,0,0,204000,0,0,0,442000,238000,204000,204000
064672,同欣電元大01購01,0,5000,-5000,0,0,0,0,0,0,209000,0,0,0,406000,197000,209000,204000
066143,惠特群益01購01  ,0,0,0,0,0,0,0,0,0,204000,0,0,0,349000,145000,204000,204000
065737,南茂凱基9C購02  ,0,0,0,0,0,0,0,0,0,204000,0,0,0,265000,61000,204000,204000
065190,緯穎統一9C購02  ,0,0,0,0,0,0,0,0,0,204000,0,0,0,332000,128000,204000,204000
066710,彩晶群益03購01  ,0,0,0,0,0,0,0,0,0,203000,0,0,0,300000,97000,203000,203000
057717,友訊元富98購02  ,0,0,0,0,0,0,0,0,0,203000,0,0,0,267000,64000,203000,203000
062052,華通統一01購01  ,0,0,0,0,0,0,0,0,0,203000,0,0,0,225000,22000,203000,203000
061769,晶技元大9B購03  ,0,0,0,0,0,0,0,0,0,203000,0,0,0,203000,0,203000,203000
060320,元金2X群益02購01,0,0,0,0,0,0,0,0,0,203000,0,0,0,223000,20000,203000,203000
065994,南六永豐01購01  ,0,0,0,0,0,0,0,0,0,203000,0,0,0,203000,0,203000,203000
056187,京鼎統一97購01  ,0,0,0,0,0,0,0,0,0,202000,0,0,0,202000,0,202000,202000
062585,鴻海統一9C購14  ,0,0,0,0,0,0,0,0,0,202000,0,0,0,237000,35000,202000,202000
065656,聯發科國泰03購01,0,0,0,0,0,0,0,0,0,202000,0,0,0,208000,6000,202000,202000
066843,台達電元大01購02,0,0,0,0,0,0,0,0,0,201000,0,0,0,304000,103000,201000,201000
067138,正文永豐01購02  ,0,0,0,0,0,0,0,0,0,201000,0,0,0,201000,0,201000,201000
065397,宏達電群益9C購03,0,0,0,0,0,0,0,0,0,201000,0,0,0,213000,12000,201000,201000
067090,南六元大01購04  ,0,0,0,0,0,0,0,0,0,200000,0,0,0,234000,34000,200000,200000
067469,國巨元大01購09  ,0,0,0,0,0,0,0,0,0,200000,0,0,0,200000,0,200000,200000
066619,永光凱基01購01  ,0,0,0,0,0,0,0,0,0,200000,0,0,0,200000,0,200000,200000
066560,聯鈞元大01購04  ,0,0,0,0,0,0,0,0,0,200000,0,0,0,300000,100000,200000,200000
066472,美利達統一02購01,0,0,0,0,0,0,0,0,0,200000,0,0,0,200000,0,200000,200000
067687,啟碁元大01購02  ,0,0,0,0,0,0,0,0,0,200000,0,0,0,233000,33000,200000,200000
054800,訊芯群益99購01  ,0,0,0,0,0,0,0,0,0,200000,0,0,0,200000,0,200000,200000
052277,台達電凱基97購01,0,0,0,0,0,0,0,0,0,200000,0,0,0,200000,0,200000,200000
062970,智邦元富9B購01  ,0,0,0,0,0,0,0,0,0,200000,0,0,0,200000,0,200000,200000
063336,大成鋼統一9C購02,0,0,0,0,0,0,0,0,0,200000,0,0,0,201000,1000,200000,200000
062081,華新科元大9B購06,0,0,0,0,0,0,0,0,0,200000,0,0,0,220000,20000,200000,200000
061515,泰碩永豐9A購03  ,0,0,0,0,0,0,0,0,0,200000,0,0,0,200000,0,200000,200000
066191,惠特凱基01購02  ,0,0,0,0,0,0,0,0,0,200000,0,0,0,200000,0,200000,200000
066359,潤泰新永豐01購01,0,0,0,0,0,0,0,0,0,200000,0,0,0,200000,0,200000,200000
1712,興農            ,265000,44000,221000,0,0,0,0,0,0,-21000,0,21000,-21000,0,0,0,200000
067739,微星元大01購07  ,0,0,0,0,0,0,0,0,0,199000,0,0,0,201000,2000,199000,199000
060591,富邦金台新9A購01,0,0,0,0,0,0,0,0,0,199000,0,0,0,233000,34000,199000,199000
066862,台達電台新01購01,0,0,0,0,0,0,0,0,0,198000,0,0,0,199000,1000,198000,198000
058742,鴻海康和99購01  ,0,0,0,0,0,0,0,0,0,198000,0,0,0,198000,0,198000,198000
062584,鴻海統一9C購13  ,0,0,0,0,0,0,0,0,0,198000,0,0,0,255000,57000,198000,198000
066196,南港統一03購01  ,0,0,0,0,0,0,0,0,0,198000,0,0,0,198000,0,198000,198000
2883,開發金          ,4308000,6110000,-1802000,0,0,0,2571000,232000,2339000,-339000,0,184000,-184000,0,155000,-155000,198000
07424P,大立光元大9B售01,0,0,0,0,0,0,0,0,0,197000,0,0,0,251000,54000,197000,197000
055916,奇鋐凱基99購01  ,0,0,0,0,0,0,0,0,0,197000,0,0,0,269000,72000,197000,197000
061063,國巨凱基9A購14  ,0,0,0,0,0,0,0,0,0,197000,0,0,0,197000,0,197000,197000
061034,晶豪科永豐9A購01,0,0,0,0,0,0,0,0,0,197000,0,0,0,232000,35000,197000,197000
065538,健鼎統一9C購01  ,0,0,0,0,0,0,0,0,0,197000,0,0,0,197000,0,197000,197000
2108,南帝            ,359000,129000,230000,0,0,0,0,0,0,-33000,0,2000,-2000,0,31000,-31000,197000
065502,康友富邦03購01  ,0,0,0,0,0,0,0,0,0,196000,0,0,0,220000,24000,196000,196000
066091,南電永豐01購01  ,0,0,0,0,0,0,0,0,0,196000,0,0,0,216000,20000,196000,196000
064449,金寶統一01購02  ,0,0,0,0,0,0,0,0,0,196000,0,0,0,196000,0,196000,196000
08715P,創意元富07售02  ,0,0,0,0,0,0,0,0,0,196000,0,0,0,301000,105000,196000,196000
057060,緯穎元大98購05  ,0,0,0,0,0,0,0,0,0,195000,0,0,0,195000,0,195000,195000
061896,景碩永豐9B購01  ,0,0,0,0,0,0,0,0,0,195000,0,0,0,221000,26000,195000,195000
064413,世紀鋼凱基02購01,0,0,0,0,0,0,0,0,0,195000,0,0,0,455000,260000,195000,195000
066014,嘉晶元富07購01  ,0,0,0,0,0,0,0,0,0,195000,0,0,0,1273000,1078000,195000,195000
065513,旺宏群益9C購05  ,0,0,0,0,0,0,0,0,0,195000,0,0,0,200000,5000,195000,195000
058744,FBVIX凱基9C購03 ,0,0,0,0,0,0,0,0,0,194000,0,0,0,220000,26000,194000,194000
060913,宏達電元大9A購03,0,0,0,0,0,0,0,0,0,194000,0,0,0,202000,8000,194000,194000
064313,嘉晶群益9C購02  ,0,0,0,0,0,0,0,0,0,194000,0,0,0,362000,168000,194000,194000
060911,大毅元大9A購01  ,0,0,0,0,0,0,0,0,0,193000,0,0,0,193000,0,193000,193000
063632,金像電元大9B購04,0,0,0,0,0,0,0,0,0,193000,0,0,0,259000,66000,193000,193000
064673,南茂元大9C購01  ,0,0,0,0,0,0,0,0,0,193000,0,0,0,243000,50000,193000,193000
067438,緯穎凱基01購03  ,0,0,0,0,0,0,0,0,0,191000,0,0,0,291000,100000,191000,191000
067622,同欣電國泰02購01,0,0,0,0,0,0,0,0,0,191000,0,0,0,451000,260000,191000,191000
056892,旺宏元大9A購02  ,0,0,0,0,0,0,0,0,0,191000,0,0,0,216000,25000,191000,191000
060097,華新科元大99購23,0,0,0,0,0,0,0,0,0,191000,0,0,0,211000,20000,191000,191000
065003,燿華國票01購01  ,0,0,0,0,0,0,0,0,0,191000,0,0,0,257000,66000,191000,191000
066615,長榮航康和01購01,0,0,0,0,0,0,0,0,0,190000,0,0,0,221000,31000,190000,190000
053282,彩晶元大9C購01  ,0,0,0,0,0,0,0,0,0,190000,0,0,0,573000,383000,190000,190000
052629,訊芯中信99購01  ,0,0,0,0,0,0,0,0,0,190000,0,0,0,200000,10000,190000,190000
063252,緯穎元大9B購07  ,0,0,0,0,0,0,0,0,0,190000,0,0,0,240000,50000,190000,190000
063732,建準元大9B購02  ,0,0,0,0,0,0,0,0,0,190000,0,0,0,627000,437000,190000,190000
063670,美食統一9C購01  ,0,0,0,0,0,0,0,0,0,190000,0,0,0,190000,0,190000,190000
060756,鴻海元大9A購16  ,0,0,0,0,0,0,0,0,0,190000,0,0,0,244000,54000,190000,190000
062229,南六統一9B購01  ,0,0,0,0,0,0,0,0,0,190000,0,0,0,190000,0,190000,190000
065549,智邦凱基9C購03  ,0,0,0,0,0,0,0,0,0,190000,0,0,0,190000,0,190000,190000
08800P,台積電元大01售20,0,0,0,0,0,0,0,0,0,190000,0,0,0,347000,157000,190000,190000
066450,松翰群益01購01  ,0,0,0,0,0,0,0,0,0,189000,0,0,0,189000,0,189000,189000
06836P,玉晶光國票99售06,0,0,0,0,0,0,0,0,0,189000,0,0,0,1060000,871000,189000,189000
065455,金寶元富9C購01  ,0,0,0,0,0,0,0,0,0,189000,0,0,0,274000,85000,189000,189000
065256,上銀元大9C購10  ,0,0,0,0,0,0,0,0,0,189000,0,0,0,219000,30000,189000,189000
064477,南六國泰02購01  ,0,0,0,0,0,0,0,0,0,189000,0,0,0,302000,113000,189000,189000
07133P,臺股指元大9A售27,0,0,0,0,0,0,0,0,0,188000,0,0,0,189000,1000,188000,188000
066510,堤維西永豐01購01,0,0,0,0,0,0,0,0,0,188000,0,0,0,188000,0,188000,188000
062522,同欣電元大9B購02,0,0,0,0,0,0,0,0,0,188000,0,0,0,223000,35000,188000,188000
062523,世紀鋼元大9C購03,0,0,0,0,0,0,0,0,0,188000,0,0,0,200000,12000,188000,188000
065080,燿華元大01購01  ,0,0,0,0,0,0,0,0,0,188000,0,0,0,274000,86000,188000,188000
065037,緯穎統一02購02  ,0,0,0,0,0,0,0,0,0,188000,0,0,0,209000,21000,188000,188000
066286,瑞祺元大01購01  ,0,0,0,0,0,0,0,0,0,188000,0,0,0,203000,15000,188000,188000
067419,鴻海凱基02購06  ,0,0,0,0,0,0,0,0,0,187000,0,0,0,217000,30000,187000,187000
062230,緯穎統一01購01  ,0,0,0,0,0,0,0,0,0,187000,0,0,0,275000,88000,187000,187000
063801,GIS凱基01購01   ,0,0,0,0,0,0,0,0,0,187000,0,0,0,243000,56000,187000,187000
060303,宏達電富邦9B購01,0,0,0,0,0,0,0,0,0,187000,0,0,0,189000,2000,187000,187000
066263,華碩元大02購01  ,0,0,0,0,0,0,0,0,0,187000,0,0,0,289000,102000,187000,187000
065989,泰碩永豐01購01  ,0,0,0,0,0,0,0,0,0,187000,0,0,0,210000,23000,187000,187000
065424,華新凱基02購01  ,0,0,0,0,0,0,0,0,0,187000,0,0,0,208000,21000,187000,187000
065798,華通群益01購03  ,0,0,0,0,0,0,0,0,0,187000,0,0,0,295000,108000,187000,187000
5269,祥碩            ,379000,242000,137000,0,0,0,27000,0,27000,23000,33000,20000,13000,13000,3000,10000,187000
067552,亞光兆豐01購01  ,0,0,0,0,0,0,0,0,0,186000,0,0,0,296000,110000,186000,186000
059660,華新科元大9A購04,0,0,0,0,0,0,0,0,0,186000,0,0,0,201000,15000,186000,186000
063690,健鼎永豐9B購01  ,0,0,0,0,0,0,0,0,0,186000,0,0,0,224000,38000,186000,186000
062398,建準永豐9B購01  ,0,0,0,0,0,0,0,0,0,186000,0,0,0,267000,81000,186000,186000
063862,世紀鋼國泰02購01,0,0,0,0,0,0,0,0,0,186000,0,0,0,208000,22000,186000,186000
064891,台達電群益9C購01,0,0,0,0,0,0,0,0,0,185000,0,0,0,190000,5000,185000,185000
065530,亞德客統一9C購02,0,0,0,0,0,0,0,0,0,185000,0,0,0,349000,164000,185000,185000
066185,松翰凱基01購01  ,0,0,0,0,0,0,0,0,0,185000,0,0,0,185000,0,185000,185000
067039,生達凱基01購01  ,0,0,0,0,0,0,0,0,0,184000,0,0,0,186000,2000,184000,184000
062002,鴻海國泰01購01  ,0,0,0,0,0,0,0,0,0,184000,0,0,0,227000,43000,184000,184000
059787,奇力新元大9A購02,0,0,0,0,0,0,0,0,0,184000,0,0,0,221000,37000,184000,184000
065179,同欣電元大02購01,0,0,0,0,0,0,0,0,0,184000,0,0,0,304000,120000,184000,184000
064953,嘉晶凱基9C購02  ,0,0,0,0,0,0,0,0,0,184000,0,0,0,441000,257000,184000,184000
065054,百和凱基02購01  ,0,0,0,0,0,0,0,0,0,184000,0,0,0,281000,97000,184000,184000
061582,麗豐元大9A購01  ,0,0,0,0,0,0,0,0,0,183000,0,0,0,200000,17000,183000,183000
065111,瀚宇博國票01購01,0,0,0,0,0,0,0,0,0,183000,0,0,0,187000,4000,183000,183000
066273,晶技元大01購02  ,0,0,0,0,0,0,0,0,0,183000,0,0,0,284000,101000,183000,183000
066935,奇鋐國票02購02  ,0,0,0,0,0,0,0,0,0,182000,0,0,0,204000,22000,182000,182000
067139,訊連永豐01購01  ,0,0,0,0,0,0,0,0,0,182000,0,0,0,576000,394000,182000,182000
067692,鈺齊元大01購02  ,0,0,0,0,0,0,0,0,0,182000,0,0,0,501000,319000,182000,182000
055106,台積電凱基98購05,0,0,0,0,0,0,0,0,0,182000,0,0,0,182000,0,182000,182000
057828,緯穎元大99購02  ,0,0,0,0,0,0,0,0,0,182000,0,0,0,273000,91000,182000,182000
062033,瀚宇博群益9B購01,0,0,0,0,0,0,0,0,0,182000,0,0,0,232000,50000,182000,182000
061767,信邦元大9B購01  ,0,0,0,0,0,0,0,0,0,182000,0,0,0,241000,59000,182000,182000
066293,惠特元大02購01  ,0,0,0,0,0,0,0,0,0,182000,0,0,0,262000,80000,182000,182000
066369,瀚宇博中信01購01,0,0,0,0,0,0,0,0,0,182000,0,0,0,381000,199000,182000,182000
3036,文曄            ,247000,59000,188000,0,0,0,0,0,0,-6000,7000,12000,-5000,14000,15000,-1000,182000
063305,亞光凱基9B購01  ,0,0,0,0,0,0,0,0,0,181000,0,0,0,225000,44000,181000,181000
063600,燿華凱基9B購04  ,0,0,0,0,0,0,0,0,0,181000,0,0,0,199000,18000,181000,181000
061971,力山元大9C購02  ,0,0,0,0,0,0,0,0,0,181000,0,0,0,181000,0,181000,181000
062433,上銀元大9B購05  ,0,0,0,0,0,0,0,0,0,181000,0,0,0,186000,5000,181000,181000
060826,牧德元大9B購02  ,0,0,0,0,0,0,0,0,0,181000,0,0,0,200000,19000,181000,181000
3094,聯傑            ,274000,93000,181000,0,0,0,0,0,0,0,0,0,0,0,0,0,181000
067228,華新群益01購01  ,0,0,0,0,0,0,0,0,0,180000,0,0,0,230000,50000,180000,180000
063230,緯穎群益9B購02  ,0,0,0,0,0,0,0,0,0,180000,0,0,0,235000,55000,180000,180000
057836,南亞科國泰9A購01,0,0,0,0,0,0,0,0,0,180000,0,0,0,180000,0,180000,180000
059454,亞光永豐99購01  ,0,0,0,0,0,0,0,0,0,180000,0,0,0,203000,23000,180000,180000
057633,緯穎永豐98購02  ,0,0,0,0,0,0,0,0,0,180000,0,0,0,180000,0,180000,180000
047564,滬深2X國票99購01,0,0,0,0,0,0,0,0,0,180000,0,0,0,180000,0,180000,180000
060556,緯穎凱基9A購04  ,0,0,0,0,0,0,0,0,0,180000,0,0,0,180000,0,180000,180000
060697,鴻海國泰9C購01  ,0,0,0,0,0,0,0,0,0,180000,0,0,0,184000,4000,180000,180000
061437,燿華凱基9A購01  ,0,0,0,0,0,0,0,0,0,180000,0,0,0,214000,34000,180000,180000
066104,鎧勝國票02購01  ,0,0,0,0,0,0,0,0,0,180000,0,0,0,365000,185000,180000,180000
066056,聯鈞元大01購02  ,0,0,0,0,0,0,0,0,0,180000,0,0,0,380000,200000,180000,180000
065958,T50反1元大01購01,0,0,0,0,0,0,0,0,0,180000,0,0,0,200000,20000,180000,180000
065955,健鼎統一01購03  ,0,0,0,0,0,0,0,0,0,180000,0,0,0,225000,45000,180000,180000
08874P,台積電中信07售01,0,0,0,0,0,0,0,0,0,180000,0,0,0,210000,30000,180000,180000
2392,正崴            ,699000,530000,169000,0,0,0,0,0,0,11000,12000,10000,2000,17000,8000,9000,180000
00647L,元大S&P500正2   ,0,0,0,0,0,0,0,0,0,179000,0,0,0,226000,47000,179000,179000
058296,明泰凱基99購01  ,0,0,0,0,0,0,0,0,0,179000,0,0,0,179000,0,179000,179000
061613,南六統一9C購01  ,0,0,0,0,0,0,0,0,0,179000,0,0,0,199000,20000,179000,179000
066163,友訊凱基01購01  ,0,0,0,0,0,0,0,0,0,179000,0,0,0,192000,13000,179000,179000
065026,世紀鋼永豐9C購02,0,0,0,0,0,0,0,0,0,179000,0,0,0,266000,87000,179000,179000
06438P,玉晶光國票99售02,0,0,0,0,0,0,0,0,0,179000,0,0,0,255000,76000,179000,179000
058309,大毅元大99購02  ,0,0,0,0,0,0,0,0,0,178000,0,0,0,242000,64000,178000,178000
060712,建準永豐9A購01  ,0,0,0,0,0,0,0,0,0,178000,0,0,0,270000,92000,178000,178000
064172,義隆元富9C購01  ,0,0,0,0,0,0,0,0,0,178000,0,0,0,190000,12000,178000,178000
060422,台勝科永豐9A購01,0,0,0,0,0,0,0,0,0,177000,0,0,0,179000,2000,177000,177000
060133,牧德群益9B購01  ,0,0,0,0,0,0,0,0,0,177000,0,0,0,199000,22000,177000,177000
060513,緯穎元大9B購01  ,0,0,0,0,0,0,0,0,0,177000,0,0,0,207000,30000,177000,177000
066023,燿華群益01購02  ,0,0,0,0,0,0,0,0,0,177000,0,0,0,197000,20000,177000,177000
066036,神隆元大02購01  ,0,0,0,0,0,0,0,0,0,177000,0,0,0,177000,0,177000,177000
065541,GIS統一01購05   ,0,0,0,0,0,0,0,0,0,177000,0,0,0,240000,63000,177000,177000
067163,眾達國票02購01  ,0,0,0,0,0,0,0,0,0,176000,0,0,0,235000,59000,176000,176000
057041,國巨元大99購04  ,0,80000,-80000,0,0,0,0,0,0,256000,0,0,0,300000,44000,256000,176000
056375,玉晶光統一01購01,0,0,0,0,0,0,0,0,0,176000,0,0,0,469000,293000,176000,176000
062633,亞光國票9B購01  ,0,0,0,0,0,0,0,0,0,176000,0,0,0,177000,1000,176000,176000
064194,燿華群益9C購01  ,0,0,0,0,0,0,0,0,0,176000,0,0,0,181000,5000,176000,176000
067428,大毅凱基01購02  ,0,0,0,0,0,0,0,0,0,175000,0,0,0,315000,140000,175000,175000
066631,聯詠凱基03購01  ,0,0,0,0,0,0,0,0,0,175000,0,0,0,366000,191000,175000,175000
07990P,緯穎凱基9B售02  ,0,0,0,0,0,0,0,0,0,175000,0,0,0,357000,182000,175000,175000
056943,華通統一99購01  ,0,0,0,0,0,0,0,0,0,175000,0,0,0,347000,172000,175000,175000
057729,華新科國泰99購04,0,0,0,0,0,0,0,0,0,175000,0,0,0,175000,0,175000,175000
062451,瀚宇博元大9B購02,0,0,0,0,0,0,0,0,0,175000,0,0,0,175000,0,175000,175000
063142,奇力新統一9C購04,0,0,0,0,0,0,0,0,0,175000,0,0,0,257000,82000,175000,175000
061476,大毅元大9A購02  ,0,0,0,0,0,0,0,0,0,175000,0,0,0,200000,25000,175000,175000
065348,中壽統一9C購02  ,0,0,0,0,0,0,0,0,0,175000,0,0,0,175000,0,175000,175000
066075,景碩凱基02購01  ,0,0,0,0,0,0,0,0,0,175000,0,0,0,210000,35000,175000,175000
066213,惠特統一03購01  ,0,0,0,0,0,0,0,0,0,175000,0,0,0,175000,0,175000,175000
058873,美律國票9A購02  ,0,0,0,0,0,0,0,0,0,174000,0,0,0,295000,121000,174000,174000
061673,仁寶元大9B購01  ,0,0,0,0,0,0,0,0,0,174000,0,0,0,232000,58000,174000,174000
060889,國泰金統一9C購01,0,0,0,0,0,0,0,0,0,174000,0,0,0,217000,43000,174000,174000
065775,神隆國泰03購01  ,0,0,0,0,0,0,0,0,0,174000,0,0,0,174000,0,174000,174000
065712,緯穎群益9C購03  ,0,0,0,0,0,0,0,0,0,174000,0,0,0,252000,78000,174000,174000
064552,巨大凱基01購01  ,0,0,0,0,0,0,0,0,0,174000,0,0,0,174000,0,174000,174000
057103,禾伸堂中信9A購01,0,0,0,0,0,0,0,0,0,173000,0,0,0,188000,15000,173000,173000
053882,聯發科中信98購02,0,0,0,0,0,0,0,0,0,173000,0,0,0,173000,0,173000,173000
062704,大毅元大9C購01  ,0,0,0,0,0,0,0,0,0,173000,0,0,0,273000,100000,173000,173000
066177,上緯控凱基01購01,0,0,0,0,0,0,0,0,0,173000,0,0,0,189000,16000,173000,173000
066338,德律永豐01購01  ,0,0,0,0,0,0,0,0,0,173000,0,0,0,230000,57000,173000,173000
065921,GIS凱基01購02   ,0,0,0,0,0,0,0,0,0,173000,0,0,0,204000,31000,173000,173000
6669,緯穎            ,676000,377000,299000,0,0,0,0,7000,-7000,-120000,22000,27000,-5000,6000,121000,-115000,172000
067708,華新科元富01購01,0,0,0,0,0,0,0,0,0,171000,0,0,0,250000,79000,171000,171000
061951,南電群益9B購01  ,0,0,0,0,0,0,0,0,0,171000,0,0,0,172000,1000,171000,171000
060922,金像電永豐9A購01,0,0,0,0,0,0,0,0,0,171000,0,0,0,200000,29000,171000,171000
062824,國巨群益9C購03  ,0,0,0,0,0,0,0,0,0,171000,0,0,0,200000,29000,171000,171000
065607,聯詠元大9C購02  ,0,0,0,0,0,0,0,0,0,171000,0,0,0,291000,120000,171000,171000
066817,瀚宇博兆豐03購01,0,0,0,0,0,0,0,0,0,170000,0,0,0,274000,104000,170000,170000
053789,彩晶元大9C購02  ,0,0,0,0,0,0,0,0,0,170000,0,0,0,170000,0,170000,170000
052344,台表科凱基98購01,0,0,0,0,0,0,0,0,0,170000,0,0,0,170000,0,170000,170000
062454,華通群益9C購03  ,0,0,0,0,0,0,0,0,0,170000,0,0,0,226000,56000,170000,170000
060064,華新科兆豐99購07,0,0,0,0,0,0,0,0,0,170000,0,0,0,200000,30000,170000,170000
063876,華新元富9C購01  ,0,0,0,0,0,0,0,0,0,170000,0,0,0,234000,64000,170000,170000
5434,崇越            ,441000,214000,227000,0,0,0,0,2000,-2000,-55000,10000,52000,-42000,1000,14000,-13000,170000
062685,華新科統一9C購03,0,0,0,0,0,0,0,0,0,169000,0,0,0,169000,0,169000,169000
062289,緯穎群益9B購01  ,0,0,0,0,0,0,0,0,0,169000,0,0,0,199000,30000,169000,169000
064306,和潤兆豐01購01  ,0,0,0,0,0,0,0,0,0,169000,0,0,0,169000,0,169000,169000
5521,工信            ,173000,34000,139000,0,0,0,0,0,0,30000,30000,0,30000,0,0,0,169000
2545,皇翔            ,236000,68000,168000,0,0,0,0,0,0,1000,1000,0,1000,0,0,0,169000
067551,欣興中信02購01  ,0,0,0,0,0,0,0,0,0,168000,0,0,0,201000,33000,168000,168000
064557,鴻海群益9C購04  ,0,0,0,0,0,0,0,0,0,168000,0,0,0,188000,20000,168000,168000
065200,健策元富9C購04  ,0,0,0,0,0,0,0,0,0,168000,0,0,0,168000,0,168000,168000
067444,國巨國票03購01  ,0,0,0,0,0,0,0,0,0,167000,0,0,0,182000,15000,167000,167000
067089,瑞祺元大01購04  ,0,0,0,0,0,0,0,0,0,167000,0,0,0,167000,0,167000,167000
067116,嘉澤群益01購02  ,0,0,0,0,0,0,0,0,0,167000,0,0,0,235000,68000,167000,167000
063244,華新科元大9B購11,0,0,0,0,0,0,0,0,0,167000,0,0,0,382000,215000,167000,167000
062275,燿華群益9B購01  ,0,0,0,0,0,0,0,0,0,167000,0,0,0,212000,45000,167000,167000
065909,大立光永豐9C購02,0,0,0,0,0,0,0,0,0,167000,0,0,0,218000,51000,167000,167000
066270,國揚元大01購01  ,0,0,0,0,0,0,0,0,0,167000,0,0,0,167000,0,167000,167000
065011,智邦國泰02購01  ,0,0,0,0,0,0,0,0,0,167000,0,0,0,220000,53000,167000,167000
067276,義隆統一03購01  ,0,0,0,0,0,0,0,0,0,166000,0,0,0,621000,455000,166000,166000
067628,力山永豐01購01  ,0,0,0,0,0,0,0,0,0,166000,0,0,0,166000,0,166000,166000
066594,聯詠群益01購01  ,0,0,0,0,0,0,0,0,0,166000,0,0,0,327000,161000,166000,166000
059093,旭富元大99購01  ,0,0,0,0,0,0,0,0,0,166000,0,0,0,301000,135000,166000,166000
056736,國巨凱基99購03  ,0,0,0,0,0,0,0,0,0,166000,0,0,0,166000,0,166000,166000
061036,晶技永豐9A購03  ,0,0,0,0,0,0,0,0,0,166000,0,0,0,178000,12000,166000,166000
064614,友訊元大9C購02  ,0,0,0,0,0,0,0,0,0,166000,0,0,0,271000,105000,166000,166000
063963,鴻海國票01購01  ,0,0,0,0,0,0,0,0,0,166000,0,0,0,166000,0,166000,166000
3047,訊舟            ,375000,209000,166000,0,0,0,0,0,0,0,0,0,0,0,0,0,166000
066483,瑞昱元富01購01  ,0,0,0,0,0,0,0,0,0,165000,0,0,0,234000,69000,165000,165000
057719,欣興元富02購01  ,0,0,0,0,0,0,0,0,0,165000,0,0,0,365000,200000,165000,165000
062819,奇鋐兆豐9B購01  ,0,0,0,0,0,0,0,0,0,165000,0,0,0,186000,21000,165000,165000
062190,瀚宇博元大9B購01,0,0,0,0,0,0,0,0,0,165000,0,0,0,173000,8000,165000,165000
065515,大立光群益02購01,0,0,0,0,0,0,0,0,0,165000,0,0,0,185000,20000,165000,165000
065507,亞德客群益01購02,0,0,0,0,0,0,0,0,0,165000,0,0,0,372000,207000,165000,165000
067065,為升元大01購03  ,0,0,0,0,0,0,0,0,0,164000,0,0,0,198000,34000,164000,164000
067146,台達電統一02購01,0,0,0,0,0,0,0,0,0,164000,0,0,0,259000,95000,164000,164000
058274,世紀鋼永豐99購01,0,0,0,0,0,0,0,0,0,164000,0,0,0,224000,60000,164000,164000
057609,友訊元富98購01  ,0,0,0,0,0,0,0,0,0,164000,0,0,0,165000,1000,164000,164000
062621,緯穎元大9B購05  ,0,0,0,0,0,0,0,0,0,164000,0,0,0,176000,12000,164000,164000
067025,禾伸堂兆豐03購01,0,0,0,0,0,0,0,0,0,163000,0,0,0,163000,0,163000,163000
06874P,台積電台新98售02,0,0,0,0,0,0,0,0,0,163000,0,0,0,163000,0,163000,163000
06178P,大立光第一99售01,0,0,0,0,0,0,0,0,0,163000,0,0,0,163000,0,163000,163000
061660,禾伸堂永豐9A購01,0,0,0,0,0,0,0,0,0,163000,0,0,0,171000,8000,163000,163000
063404,金像電國票9B購01,0,0,0,0,0,0,0,0,0,163000,0,0,0,212000,49000,163000,163000
6288,聯嘉            ,418000,286000,132000,0,0,0,0,0,0,31000,47000,16000,31000,0,0,0,163000
1519,華城            ,2030000,1902000,128000,0,0,0,0,0,0,35000,0,50000,-50000,92000,7000,85000,163000
066928,台達電國票01購02,0,0,0,0,0,0,0,0,0,162000,0,0,0,211000,49000,162000,162000
067585,大毅群益01購02  ,0,0,0,0,0,0,0,0,0,162000,0,0,0,192000,30000,162000,162000
057636,上銀元大98購06  ,0,0,0,0,0,0,0,0,0,162000,0,0,0,162000,0,162000,162000
056699,光罩國泰99購01  ,0,0,0,0,0,0,0,0,0,162000,0,0,0,381000,219000,162000,162000
00656R,國泰中國A50反1  ,2000,0,2000,0,0,0,0,0,0,160000,0,0,0,465000,305000,160000,162000
063444,金像電統一03購01,0,0,0,0,0,0,0,0,0,162000,0,0,0,487000,325000,162000,162000
062851,建準永豐9B購02  ,0,0,0,0,0,0,0,0,0,162000,0,0,0,229000,67000,162000,162000
061048,國巨中信9A購05  ,0,0,0,0,0,0,0,0,0,162000,0,0,0,162000,0,162000,162000
061075,亞德客兆豐9A購01,0,0,0,0,0,0,0,0,0,162000,0,0,0,268000,106000,162000,162000
066269,宏達電元大01購03,0,0,0,0,0,0,0,0,0,162000,0,0,0,172000,10000,162000,162000
067601,金像電凱基01購04,0,0,0,0,0,0,0,0,0,161000,0,0,0,281000,120000,161000,161000
067491,健策元大01購10  ,0,0,0,0,0,0,0,0,0,161000,0,0,0,182000,21000,161000,161000
066539,晶技兆豐01購02  ,0,0,0,0,0,0,0,0,0,161000,0,0,0,248000,87000,161000,161000
062915,嘉澤元大9B購03  ,0,0,0,0,0,0,0,0,0,161000,0,0,0,189000,28000,161000,161000
062004,國巨國泰9C購03  ,0,0,0,0,0,0,0,0,0,161000,0,0,0,168000,7000,161000,161000
063035,燿華凱基9B購02  ,0,0,0,0,0,0,0,0,0,161000,0,0,0,161000,0,161000,161000
063422,奇鋐凱基9B購04  ,0,0,0,0,0,0,0,0,0,161000,0,0,0,162000,1000,161000,161000
060251,易華電元大9C購01,0,0,0,0,0,0,0,0,0,161000,0,0,0,161000,0,161000,161000
059856,昇陽半永豐99購03,0,0,0,0,0,0,0,0,0,161000,0,0,0,161000,0,161000,161000
061858,南電國票9B購02  ,0,0,0,0,0,0,0,0,0,161000,0,0,0,193000,32000,161000,161000
064379,TPK元富9C購01   ,0,0,0,0,0,0,0,0,0,161000,0,0,0,171000,10000,161000,161000
066597,緯穎群益02購01  ,0,0,0,0,0,0,0,0,0,160000,0,0,0,197000,37000,160000,160000
058202,鴻海凱基9A購04  ,0,0,0,0,0,0,0,0,0,160000,0,0,0,297000,137000,160000,160000
062872,華通兆豐9C購01  ,0,0,0,0,0,0,0,0,0,160000,0,0,0,160000,0,160000,160000
065868,燿華群益02購01  ,0,0,0,0,0,0,0,0,0,160000,0,0,0,200000,40000,160000,160000
065773,鴻海國票03購01  ,0,0,0,0,0,0,0,0,0,160000,0,0,0,193000,33000,160000,160000
065374,義隆元大9C購07  ,0,0,0,0,0,0,0,0,0,160000,0,0,0,298000,138000,160000,160000
066475,新光金麥證01購01,0,0,0,159000,0,159000,0,0,0,159000,0,0,0,159000,0,159000,159000
067215,亞光元大01購05  ,0,0,0,0,0,0,0,0,0,159000,0,0,0,170000,11000,159000,159000
054079,鴻海中信98購02  ,0,0,0,0,0,0,0,0,0,159000,0,0,0,190000,31000,159000,159000
056738,國巨凱基9A購02  ,0,0,0,0,0,0,0,0,0,159000,0,0,0,159000,0,159000,159000
060907,金像電元大9A購02,0,0,0,0,0,0,0,0,0,159000,0,0,0,159000,0,159000,159000
063682,達新永豐9B購01  ,0,0,0,0,0,0,0,0,0,159000,0,0,0,159000,0,159000,159000
065704,華新科群益9C購05,0,0,0,0,0,0,0,0,0,159000,0,0,0,159000,0,159000,159000
065542,緯穎統一01購05  ,0,0,0,0,0,0,0,0,0,159000,0,0,0,159000,0,159000,159000
064401,台達電凱基06購01,0,0,0,0,0,0,0,0,0,159000,0,0,0,169000,10000,159000,159000
064513,T50反1群益9C購01,0,0,0,0,0,0,0,0,0,159000,0,0,0,219000,60000,159000,159000
065091,亞光元大9C購01  ,0,0,0,0,0,0,0,0,0,159000,0,0,0,285000,126000,159000,159000
064888,景碩中信9C購01  ,0,0,0,0,0,0,0,0,0,159000,0,0,0,159000,0,159000,159000
067296,A50正2元大01購03,0,0,0,0,0,0,0,0,0,158000,0,0,0,170000,12000,158000,158000
07579P,聯茂元大9A售01  ,0,0,0,0,0,0,0,0,0,158000,0,0,0,158000,0,158000,158000
059691,大立光永豐99購02,0,0,0,0,0,0,0,0,0,158000,0,0,0,158000,0,158000,158000
063291,緯穎元大01購01  ,0,0,0,0,0,0,0,0,0,158000,0,0,0,158000,0,158000,158000
063203,華新科統一9C購04,0,0,0,0,0,0,0,0,0,158000,0,0,0,184000,26000,158000,158000
062767,GIS凱基9B購02   ,0,0,0,0,0,0,0,0,0,158000,0,0,0,167000,9000,158000,158000
062605,上銀凱基9B購03  ,0,0,0,0,0,0,0,0,0,158000,0,0,0,183000,25000,158000,158000
062019,嘉澤永豐9B購01  ,0,0,0,0,0,0,0,0,0,158000,0,0,0,158000,0,158000,158000
065108,建準國票01購01  ,0,0,0,0,0,0,0,0,0,158000,0,0,0,240000,82000,158000,158000
064807,義隆元大9C購03  ,0,0,0,0,0,0,0,0,0,158000,0,0,0,292000,134000,158000,158000
064462,致伸統一02購01  ,0,0,0,0,0,0,0,0,0,158000,0,0,0,174000,16000,158000,158000
066085,台積電富邦05購01,0,0,0,0,0,0,0,0,0,158000,0,0,0,185000,27000,158000,158000
066022,鴻海群益01購07  ,0,0,0,0,0,0,0,0,0,158000,0,0,0,158000,0,158000,158000
065970,燿華元大02購01  ,0,0,0,0,0,0,0,0,0,158000,0,0,0,159000,1000,158000,158000
07754P,日月光元大9A售02,0,0,0,0,0,0,0,0,0,157000,0,0,0,157000,0,157000,157000
066433,南六元大02購01  ,0,0,0,0,0,0,0,0,0,157000,0,0,0,160000,3000,157000,157000
066912,盛群凱基01購01  ,0,0,0,0,0,0,0,0,0,157000,0,0,0,157000,0,157000,157000
062910,亞光元大9B購01  ,0,0,0,0,0,0,0,0,0,157000,0,0,0,159000,2000,157000,157000
062520,晶豪科元大9B購02,0,0,0,0,0,0,0,0,0,157000,0,0,0,157000,0,157000,157000
1477,聚陽            ,583000,330050,252950,0,0,0,0,120000,-120000,24000,82000,50000,32000,9000,17000,-8000,156950
066420,宏達電元大02購01,0,0,0,0,0,0,0,0,0,156000,0,0,0,311000,155000,156000,156000
067647,鴻海元富07購09  ,0,0,0,0,0,0,0,0,0,156000,0,0,0,167000,11000,156000,156000
063475,同欣電元大9C購01,0,0,0,0,0,0,0,0,0,156000,0,0,0,268000,112000,156000,156000
064092,世紀鋼凱基9C購03,0,0,0,0,0,0,0,0,0,156000,0,0,0,162000,6000,156000,156000
067367,台積電統一01購11,0,0,0,0,0,0,0,0,0,155000,0,0,0,291000,136000,155000,155000
067750,鈺齊元大02購01  ,0,0,0,0,0,0,0,0,0,155000,0,0,0,299000,144000,155000,155000
060709,緯穎富邦9B購01  ,0,0,0,0,0,0,0,0,0,155000,0,0,0,155000,0,155000,155000
060191,亞光元富9A購02  ,0,0,0,0,0,0,0,0,0,155000,0,0,0,188000,33000,155000,155000
063544,華新科台新9B購02,0,0,0,0,0,0,0,0,0,155000,0,0,0,175000,20000,155000,155000
063742,道瓊指國票9C購01,0,0,0,0,0,0,0,0,0,155000,0,0,0,155000,0,155000,155000
063155,緯穎元富9B購03  ,0,0,0,0,0,0,0,0,0,155000,0,0,0,156000,1000,155000,155000
065817,聯發科元富03購08,0,0,0,0,0,0,0,0,0,155000,0,0,0,168000,13000,155000,155000
058197,國巨中信99購02  ,0,0,0,0,0,0,0,0,0,154000,0,0,0,164000,10000,154000,154000
059531,華新科凱基9B購02,0,0,0,0,0,0,0,0,0,154000,0,0,0,154000,0,154000,154000
055653,聯詠元富01購02  ,0,0,0,0,0,0,0,0,0,154000,0,0,0,184000,30000,154000,154000
063809,矽創兆豐01購01  ,0,0,0,0,0,0,0,0,0,154000,0,0,0,334000,180000,154000,154000
063345,嘉晶統一9C購02  ,0,0,0,0,0,0,0,0,0,154000,0,0,0,166000,12000,154000,154000
063907,華通凱基9C購03  ,0,0,0,0,0,0,0,0,0,154000,0,0,0,217000,63000,154000,154000
064765,緯穎凱基9C購02  ,0,0,0,0,0,0,0,0,0,154000,0,0,0,231000,77000,154000,154000
064868,嘉晶永豐9C購02  ,0,0,0,0,0,0,0,0,0,154000,0,0,0,170000,16000,154000,154000
067131,為升永豐01購01  ,0,0,0,0,0,0,0,0,0,153000,0,0,0,211000,58000,153000,153000
059563,鴻海凱基9A購14  ,0,0,0,0,0,0,0,0,0,153000,0,0,0,153000,0,153000,153000
061612,南六統一9A購01  ,0,0,0,0,0,0,0,0,0,153000,0,0,0,164000,11000,153000,153000
062085,同欣電元大9B購01,0,0,0,0,0,0,0,0,0,153000,0,0,0,156000,3000,153000,153000
064813,祥碩元大9C購05  ,0,0,0,0,0,0,0,0,0,153000,0,0,0,351000,198000,153000,153000
065384,南電元大9C購07  ,0,0,0,0,0,0,0,0,0,153000,0,0,0,174000,21000,153000,153000
067508,奇鋐統一03購01  ,0,0,0,0,0,0,0,0,0,152000,0,0,0,733000,581000,152000,152000
066712,台灣50元大01購20,0,0,0,0,0,0,0,0,0,152000,0,0,0,222000,70000,152000,152000
067029,台表科兆豐03購01,0,0,0,0,0,0,0,0,0,152000,0,0,0,215000,63000,152000,152000
067036,南電康和01購02  ,0,0,0,0,0,0,0,0,0,152000,0,0,0,458000,306000,152000,152000
065365,國巨元大9C購19  ,0,0,0,0,0,0,0,0,0,152000,0,0,0,170000,18000,152000,152000
066248,長興元大01購01  ,0,0,0,0,0,0,0,0,0,152000,0,0,0,1478000,1326000,152000,152000
065102,同欣電元大9C購07,0,0,0,0,0,0,0,0,0,152000,0,0,0,252000,100000,152000,152000
066482,華碩元富01購02  ,0,0,0,0,0,0,0,0,0,151000,0,0,0,257000,106000,151000,151000
067631,上銀永豐01購01  ,0,0,0,0,0,0,0,0,0,151000,0,0,0,159000,8000,151000,151000
067468,鴻海元大01購17  ,0,0,0,0,0,0,0,0,0,151000,0,0,0,151000,0,151000,151000
060654,大毅群益9B購01  ,0,0,0,0,0,0,0,0,0,151000,0,0,0,151000,0,151000,151000
063344,臺企銀統一9C購01,0,0,0,0,0,0,0,0,0,151000,0,0,0,276000,125000,151000,151000
064572,同欣電群益9C購02,0,20000,-20000,0,0,0,0,0,0,171000,0,0,0,326000,155000,171000,151000
066556,和鑫元大01購01  ,0,0,0,0,0,0,0,0,0,150000,0,0,0,155000,5000,150000,150000
066698,川湖群益01購01  ,0,0,0,0,0,0,0,0,0,150000,0,0,0,152000,2000,150000,150000
07999P,台達電凱基9B售02,0,0,0,0,0,0,0,0,0,150000,0,0,0,150000,0,150000,150000
059476,道瓊指群益9C購01,0,0,0,0,0,0,0,0,0,150000,0,0,0,155000,5000,150000,150000
060489,世紀鋼群益9A購01,0,0,0,0,0,0,0,0,0,150000,0,0,0,164000,14000,150000,150000
062182,華新科元大9B購07,0,0,0,0,0,0,0,0,0,150000,0,0,0,150000,0,150000,150000
061341,華新科元大9A購16,0,0,0,0,0,0,0,0,0,150000,0,0,0,167000,17000,150000,150000
061342,華新科元大9A購17,0,0,0,0,0,0,0,0,0,150000,0,0,0,150000,0,150000,150000
063138,聯發科統一01購05,0,0,0,0,0,0,0,0,0,150000,0,0,0,150000,0,150000,150000
060629,鴻海富邦9B購01  ,0,0,0,0,0,0,0,0,0,150000,0,0,0,150000,0,150000,150000
061850,國巨國票9C購02  ,0,0,0,0,0,0,0,0,0,150000,0,0,0,150000,0,150000,150000
061676,新光金元大9A購03,0,0,0,0,0,0,0,0,0,150000,0,0,0,150000,0,150000,150000
061425,華新科元大9A購19,0,0,0,0,0,0,0,0,0,150000,0,0,0,160000,10000,150000,150000
064019,上銀元大9C購05  ,0,0,0,0,0,0,0,0,0,150000,0,0,0,150000,0,150000,150000
064498,可成元大01購03  ,0,0,0,0,0,0,0,0,0,150000,0,0,0,152000,2000,150000,150000
064355,南六元大01購01  ,0,0,0,0,0,0,0,0,0,150000,0,0,0,170000,20000,150000,150000
064279,新光金元大01購01,0,0,0,0,0,0,0,0,0,150000,0,0,0,150000,0,150000,150000
065660,晶豪科永豐9C購01,0,0,0,0,0,0,0,0,0,150000,0,0,0,172000,22000,150000,150000
067809,聯發科凱基01購17,0,0,0,0,0,0,0,0,0,149000,0,0,0,188000,39000,149000,149000
067670,微星元大01購06  ,0,0,0,0,0,0,0,0,0,149000,0,0,0,182000,33000,149000,149000
067288,為升兆豐03購01  ,0,0,0,0,0,0,0,0,0,149000,0,0,0,169000,20000,149000,149000
058421,國泰金麥證01購01,0,0,0,207000,58000,149000,0,0,0,149000,0,0,0,207000,58000,149000,149000
057510,泰碩統一98購02  ,0,0,0,0,0,0,0,0,0,149000,0,0,0,149000,0,149000,149000
053827,漢唐麥證9A購01  ,0,0,0,149000,0,149000,0,0,0,149000,0,0,0,149000,0,149000,149000
00762,元大全球AI      ,0,0,0,0,0,0,0,0,0,149000,0,0,0,351000,202000,149000,149000
060240,富邦金元大9A購01,0,0,0,0,0,0,0,0,0,149000,0,0,0,149000,0,149000,149000
060130,瀚宇博永豐99購02,0,0,0,0,0,0,0,0,0,149000,0,0,0,179000,30000,149000,149000
064122,國巨元大9C購17  ,0,0,0,0,0,0,0,0,0,149000,0,0,0,161000,12000,149000,149000
064986,GIS元大9C購07   ,0,0,0,0,0,0,0,0,0,149000,0,0,0,190000,41000,149000,149000
6168,宏齊            ,225000,74000,151000,0,0,0,0,0,0,-2000,0,2000,-2000,0,0,0,149000
4725,信昌化          ,50000,11781,38219,0,0,0,0,0,0,110000,0,0,0,110000,0,110000,148219
067071,燿華元大01購02  ,0,0,0,0,0,0,0,0,0,148000,0,0,0,233000,85000,148000,148000
062106,華邦電國票9B購02,0,0,0,0,0,0,0,0,0,148000,0,0,0,253000,105000,148000,148000
063056,嘉澤統一9C購02  ,0,0,0,0,0,0,0,0,0,148000,0,0,0,248000,100000,148000,148000
063959,GIS元大9C購02   ,0,0,0,0,0,0,0,0,0,148000,0,0,0,267000,119000,148000,148000
065512,友訊群益01購01  ,0,0,0,0,0,0,0,0,0,148000,0,0,0,148000,0,148000,148000
066265,精元元大01購01  ,0,0,0,0,0,0,0,0,0,148000,0,0,0,482000,334000,148000,148000
067771,新光金統一03購01,0,0,0,0,0,0,0,0,0,147000,0,0,0,147000,0,147000,147000
067717,聯電凱基03購01  ,0,0,0,0,0,0,0,0,0,147000,0,0,0,296000,149000,147000,147000
059688,燿華永豐99購01  ,0,0,0,0,0,0,0,0,0,147000,0,0,0,147000,0,147000,147000
058712,鴻海統一9B購03  ,0,0,0,0,0,0,0,0,0,147000,0,0,0,161000,14000,147000,147000
058270,上緯控永豐99購01,0,0,0,0,0,0,0,0,0,147000,0,0,0,198000,51000,147000,147000
062441,華新科元大9C購01,0,0,0,0,0,0,0,0,0,147000,0,0,0,162000,15000,147000,147000
062598,華通台新9B購02  ,0,0,0,0,0,0,0,0,0,147000,0,0,0,172000,25000,147000,147000
063481,緯穎元大9B購08  ,0,0,0,0,0,0,0,0,0,147000,0,0,0,197000,50000,147000,147000
065274,南茂元大9C購03  ,0,0,0,0,0,0,0,0,0,147000,0,0,0,229000,82000,147000,147000
065303,國泰金元富9C購01,0,0,0,0,0,0,0,0,0,147000,0,0,0,202000,55000,147000,147000
061915,T50反1凱基02購02,0,0,0,0,0,0,0,0,0,146000,0,0,0,156000,10000,146000,146000
051695,元金2X中信98購01,0,0,0,0,0,0,0,0,0,146000,0,0,0,146000,0,146000,146000
059539,緯穎凱基99購03  ,0,0,0,0,0,0,0,0,0,146000,0,0,0,146000,0,146000,146000
059526,鴻海凱基99購12  ,0,0,0,0,0,0,0,0,0,146000,0,0,0,146000,0,146000,146000
063973,緯穎國票9C購01  ,0,0,0,0,0,0,0,0,0,146000,0,0,0,186000,40000,146000,146000
064261,力山永豐9C購01  ,0,0,0,0,0,0,0,0,0,146000,0,0,0,206000,60000,146000,146000
064927,瀚宇博統一02購01,0,0,0,0,0,0,0,0,0,146000,0,0,0,213000,67000,146000,146000
067492,健策元大01購11  ,0,0,0,0,0,0,0,0,0,145000,0,0,0,150000,5000,145000,145000
061724,訊芯永豐9A購01  ,0,0,0,0,0,0,0,0,0,145000,0,0,0,200000,55000,145000,145000
061579,京鼎元大9A購02  ,0,0,0,0,0,0,0,0,0,145000,0,0,0,155000,10000,145000,145000
066144,惠特群益01購02  ,0,0,0,0,0,0,0,0,0,145000,0,0,0,145000,0,145000,145000
03689C,T50反1元大02牛01,0,0,0,0,0,0,0,0,0,144000,0,0,0,273000,129000,144000,144000
064976,景碩元大9C購01  ,0,0,0,0,0,0,0,0,0,144000,0,0,0,380000,236000,144000,144000
2031,新光鋼          ,298000,147000,151000,0,0,0,0,0,0,-7000,0,7000,-7000,0,0,0,144000
061664,上銀中信9A購01  ,0,0,0,0,0,0,0,0,0,143000,0,0,0,143000,0,143000,143000
061389,華新科群益9B購01,0,0,0,0,0,0,0,0,0,143000,0,0,0,153000,10000,143000,143000
063360,茂林國泰9C購02  ,0,0,0,0,0,0,0,0,0,143000,0,0,0,240000,97000,143000,143000
061042,致新永豐9A購02  ,0,0,0,0,0,0,0,0,0,143000,0,0,0,149000,6000,143000,143000
066528,南電統一02購01  ,0,0,0,0,0,0,0,0,0,142000,0,0,0,207000,65000,142000,142000
061137,晶技統一9B購01  ,0,0,0,0,0,0,0,0,0,142000,0,0,0,274000,132000,142000,142000
063034,致茂凱基9B購01  ,0,0,0,0,0,0,0,0,0,142000,0,0,0,224000,82000,142000,142000
062649,緯穎富邦9B購03  ,0,0,0,0,0,0,0,0,0,142000,0,0,0,177000,35000,142000,142000
061360,智邦兆豐9B購02  ,0,0,0,0,0,0,0,0,0,142000,0,0,0,142000,0,142000,142000
061344,禾伸堂元大9A購02,0,0,0,0,0,0,0,0,0,142000,0,0,0,142000,0,142000,142000
063663,台光電統一9C購01,0,0,0,0,0,0,0,0,0,142000,0,0,0,299000,157000,142000,142000
064097,友訊群益9C購01  ,0,0,0,0,0,0,0,0,0,142000,0,0,0,147000,5000,142000,142000
066254,南帝元大01購01  ,0,0,0,0,0,0,0,0,0,142000,0,0,0,192000,50000,142000,142000
2457,飛宏            ,331000,185000,146000,0,0,0,0,0,0,-4000,0,4000,-4000,0,0,0,142000
066720,滬深2X元大01購07,0,0,0,0,0,0,0,0,0,141000,0,0,0,187000,46000,141000,141000
061899,復盛永豐9B購01  ,0,0,0,0,0,0,0,0,0,141000,0,0,0,141000,0,141000,141000
061616,鴻海群益9A購07  ,0,0,0,0,0,0,0,0,0,141000,0,0,0,141000,0,141000,141000
062407,同欣電永豐9B購01,0,0,0,0,0,0,0,0,0,141000,0,0,0,151000,10000,141000,141000
062309,燿華凱基9B購01  ,0,0,0,0,0,0,0,0,0,141000,0,0,0,162000,21000,141000,141000
064011,嘉晶國票9C購01  ,0,0,0,0,0,0,0,0,0,141000,0,0,0,273000,132000,141000,141000
064456,禾伸堂統一01購01,0,0,0,0,0,0,0,0,0,141000,0,0,0,362000,221000,141000,141000
064662,鴻海元大9C購10  ,0,0,0,0,0,0,0,0,0,141000,0,0,0,177000,36000,141000,141000
064781,嘉晶群益9C購04  ,0,0,0,0,0,0,0,0,0,141000,0,0,0,578000,437000,141000,141000
2362,藍天            ,306000,171000,135000,0,0,0,0,0,0,6000,0,3000,-3000,10000,1000,9000,141000
066681,聯發科兆豐01購04,0,0,0,0,0,0,0,0,0,140000,0,0,0,259000,119000,140000,140000
066825,智邦群益01購03  ,0,0,0,0,0,0,0,0,0,140000,0,0,0,227000,87000,140000,140000
058901,美律元大99購07  ,0,0,0,0,0,0,0,0,0,140000,0,0,0,158000,18000,140000,140000
053891,欣興群益98購01  ,0,0,0,0,0,0,0,0,0,140000,0,0,0,140000,0,140000,140000
059534,國泰金凱基99購01,0,0,0,0,0,0,0,0,0,140000,0,0,0,140000,0,140000,140000
061986,晶豪科元大9B購01,0,0,0,0,0,0,0,0,0,140000,0,0,0,190000,50000,140000,140000
062551,緯穎永豐9B購02  ,0,0,0,0,0,0,0,0,0,140000,0,0,0,140000,0,140000,140000
060617,華新科元大9A購08,0,0,0,0,0,0,0,0,0,140000,0,0,0,157000,17000,140000,140000
061718,GIS凱基9B購01   ,0,0,0,0,0,0,0,0,0,140000,0,0,0,165000,25000,140000,140000
059955,美食康和99購01  ,0,0,0,0,0,0,0,0,0,140000,0,0,0,249000,109000,140000,140000
064896,華新科群益01購02,0,0,0,0,0,0,0,0,0,140000,0,0,0,140000,0,140000,140000
065670,華新科凱基01購02,0,0,0,0,0,0,0,0,0,140000,0,0,0,160000,20000,140000,140000
067766,上銀統一02購02  ,0,0,0,0,0,0,0,0,0,139000,0,0,0,139000,0,139000,139000
056598,京元電元富98購01,0,0,0,0,0,0,0,0,0,139000,0,0,0,141000,2000,139000,139000
059142,道瓊指國票9B購02,0,0,0,0,0,0,0,0,0,139000,0,0,0,145000,6000,139000,139000
063638,華新科元大9B購14,0,0,0,0,0,0,0,0,0,139000,0,0,0,154000,15000,139000,139000
066035,南電群益01購01  ,0,0,0,0,0,0,0,0,0,139000,0,0,0,271000,132000,139000,139000
066533,南茂元富01購01  ,0,0,0,0,0,0,0,0,0,138000,0,0,0,188000,50000,138000,138000
067597,國巨凱基02購06  ,0,0,0,0,0,0,0,0,0,138000,0,0,0,138000,0,138000,138000
056472,美律元大99購03  ,0,0,0,0,0,0,0,0,0,138000,0,0,0,733000,595000,138000,138000
062333,嘉晶統一9C購01  ,0,0,0,0,0,0,0,0,0,138000,0,0,0,188000,50000,138000,138000
065624,聯詠中信9C購01  ,0,0,0,0,0,0,0,0,0,138000,0,0,0,148000,10000,138000,138000
2421,建準            ,930000,648000,282000,0,0,0,0,0,0,-144000,23000,12000,11000,205000,360000,-155000,138000
065048,世芯凱基01購01  ,0,0,0,0,0,0,0,0,0,137000,0,0,0,213000,76000,137000,137000
067326,世紀鋼元大01購02,0,0,0,0,0,0,0,0,0,136000,0,0,0,244000,108000,136000,136000
056646,奇鋐凱基99購02  ,0,0,0,0,0,0,0,0,0,136000,0,0,0,176000,40000,136000,136000
054808,東元元大9A購01  ,0,0,0,0,0,0,0,0,0,136000,0,0,0,136000,0,136000,136000
060188,華新科元富9A購03,0,0,0,0,0,0,0,0,0,136000,0,0,0,136000,0,136000,136000
061639,晶豪科元大9A購02,0,0,0,0,0,0,0,0,0,136000,0,0,0,156000,20000,136000,136000
064835,嘉晶統一02購01  ,0,0,0,0,0,0,0,0,0,136000,0,0,0,637000,501000,136000,136000
065438,緯穎凱基9C購04  ,0,0,0,0,0,0,0,0,0,136000,0,0,0,173000,37000,136000,136000
066342,上緯控永豐01購01,0,0,0,0,0,0,0,0,0,136000,0,0,0,136000,0,136000,136000
066291,惠特元大01購01  ,0,0,0,0,0,0,0,0,0,136000,0,0,0,362000,226000,136000,136000
066376,聯詠兆豐01購01  ,0,0,0,0,0,0,0,0,0,136000,0,0,0,206000,70000,136000,136000
067092,美利達元大01購03,0,0,0,0,0,0,0,0,0,135000,0,0,0,217000,82000,135000,135000
08622P,緯創群益9C售03  ,0,0,0,0,0,0,0,0,0,135000,0,0,0,320000,185000,135000,135000
063272,GIS兆豐9C購01   ,0,0,0,0,0,0,0,0,0,135000,0,0,0,135000,0,135000,135000
061838,華新科凱基05購03,0,0,0,0,0,0,0,0,0,135000,0,0,0,204000,69000,135000,135000
066371,同欣電中信05購01,0,0,0,0,0,0,0,0,0,135000,0,0,0,185000,50000,135000,135000
064310,華新科群益9C購02,0,0,0,0,0,0,0,0,0,135000,0,0,0,138000,3000,135000,135000
064187,亞光永豐9C購01  ,0,0,0,0,0,0,0,0,0,135000,0,0,0,135000,0,135000,135000
2393,億光            ,347000,285000,62000,0,0,0,0,0,0,73000,0,0,0,77000,4000,73000,135000
066769,嘉基永豐01購02  ,0,0,0,0,0,0,0,0,0,134000,0,0,0,200000,66000,134000,134000
057347,國巨統一9A購03  ,0,0,0,0,0,0,0,0,0,134000,0,0,0,310000,176000,134000,134000
060363,美律元富9A購01  ,0,0,0,0,0,0,0,0,0,134000,0,0,0,134000,0,134000,134000
062119,世紀鋼中信9B購01,0,0,0,0,0,0,0,0,0,134000,0,0,0,134000,0,134000,134000
08983P,玉晶光凱基01售06,0,0,0,0,0,0,0,0,0,134000,0,0,0,174000,40000,134000,134000
066592,大立光群益01購06,0,0,0,0,0,0,0,0,0,133000,0,0,0,136000,3000,133000,133000
063273,緯穎兆豐9C購01  ,0,0,0,0,0,0,0,0,0,133000,0,0,0,133000,0,133000,133000
061262,智邦凱基9A購02  ,0,0,0,0,0,0,0,0,0,133000,0,0,0,133000,0,133000,133000
058119,華新亞東99購01  ,0,0,0,0,0,0,0,0,0,133000,0,0,0,133000,0,133000,133000
00730,富邦臺灣優質高息,0,0,0,0,0,0,0,0,0,133000,0,0,0,304000,171000,133000,133000
062607,美食凱基9B購01  ,0,0,0,0,0,0,0,0,0,133000,0,0,0,153000,20000,133000,133000
063466,美食元大9B購02  ,0,0,0,0,0,0,0,0,0,133000,0,0,0,275000,142000,133000,133000
063881,嘉晶元富9C購01  ,0,0,0,0,0,0,0,0,0,133000,0,0,0,823000,690000,133000,133000
064538,鈺齊國票01購01  ,0,0,0,0,0,0,0,0,0,133000,0,0,0,298000,165000,133000,133000
064873,世紀鋼永豐9C購01,0,0,0,0,0,0,0,0,0,133000,0,0,0,133000,0,133000,133000
064933,矽創統一01購01  ,0,0,0,0,0,0,0,0,0,133000,0,0,0,314000,181000,133000,133000
066285,松翰元大01購02  ,0,0,0,0,0,0,0,0,0,133000,0,0,0,161000,28000,133000,133000
066028,嘉澤群益01購01  ,0,0,0,0,0,0,0,0,0,133000,0,0,0,140000,7000,133000,133000
065421,康友國票01購01  ,0,0,0,0,0,0,0,0,0,133000,0,0,0,183000,50000,133000,133000
065245,國泰金兆豐9C購01,0,0,0,0,0,0,0,0,0,133000,0,0,0,133000,0,133000,133000
1714,和桐            ,314000,181000,133000,0,0,0,0,0,0,0,0,0,0,0,0,0,133000
066896,緯穎兆豐03購01  ,0,0,0,0,0,0,0,0,0,132000,0,0,0,132000,0,132000,132000
067592,信錦凱基01購01  ,0,0,0,0,0,0,0,0,0,132000,0,0,0,151000,19000,132000,132000
067460,晶技永豐01購02  ,0,0,0,0,0,0,0,0,0,132000,0,0,0,132000,0,132000,132000
067679,奇鋐元大02購02  ,0,0,0,0,0,0,0,0,0,132000,0,0,0,473000,341000,132000,132000
020008,元大特股高息N   ,0,0,0,0,0,0,0,0,0,132000,0,0,0,134000,2000,132000,132000
064726,創意統一01購03  ,0,0,0,0,0,0,0,0,0,132000,0,0,0,482000,350000,132000,132000
056994,緯穎兆豐98購02  ,0,0,0,0,0,0,0,0,0,131000,0,0,0,131000,0,131000,131000
060252,緯穎元大9A購02  ,0,0,0,0,0,0,0,0,0,131000,0,0,0,182000,51000,131000,131000
063669,宏達電統一9C購01,0,0,0,0,0,0,0,0,0,131000,0,0,0,131000,0,131000,131000
061391,晶技群益9A購02  ,0,0,0,0,0,0,0,0,0,131000,0,0,0,131000,0,131000,131000
062638,茂林國票9C購01  ,0,0,0,0,0,0,0,0,0,131000,0,0,0,132000,1000,131000,131000
063939,上銀元大9C購04  ,0,0,0,0,0,0,0,0,0,131000,0,0,0,131000,0,131000,131000
066388,力山凱基01購02  ,0,0,0,0,0,0,0,0,0,131000,0,0,0,296000,165000,131000,131000
2206,三陽工業        ,276000,150000,126000,0,0,0,0,0,0,5000,20000,15000,5000,0,0,0,131000
066997,樺漢國泰03購01  ,0,0,0,0,0,0,0,0,0,130000,0,0,0,160000,30000,130000,130000
066529,巨大統一03購01  ,0,0,0,0,0,0,0,0,0,130000,0,0,0,197000,67000,130000,130000
061198,世紀鋼永豐9A購03,0,0,0,0,0,0,0,0,0,130000,0,0,0,136000,6000,130000,130000
062270,上銀群益9B購03  ,0,0,0,0,0,0,0,0,0,130000,0,0,0,135000,5000,130000,130000
062527,美律統一01購01  ,0,0,0,0,0,0,0,0,0,130000,0,0,0,1423000,1293000,130000,130000
063612,金像電群益9B購04,0,0,0,0,0,0,0,0,0,130000,0,0,0,159000,29000,130000,130000
063417,金像電凱基9B購03,0,0,0,0,0,0,0,0,0,130000,0,0,0,166000,36000,130000,130000
064342,晶技元大9C購01  ,0,0,0,0,0,0,0,0,0,130000,0,0,0,250000,120000,130000,130000
067736,國巨元大02購04  ,0,0,0,0,0,0,0,0,0,129000,0,0,0,139000,10000,129000,129000
058319,大毅永豐9A購01  ,0,0,0,0,0,0,0,0,0,129000,0,0,0,129000,0,129000,129000
057575,世紀鋼永豐98購02,0,0,0,0,0,0,0,0,0,129000,0,0,0,223000,94000,129000,129000
062072,國巨元大9B購05  ,0,0,0,0,0,0,0,0,0,129000,0,0,0,129000,0,129000,129000
063091,聯電中信9B購01  ,0,0,0,0,0,0,0,0,0,129000,0,0,0,263000,134000,129000,129000
061091,奇力新統一9C購02,0,0,0,0,0,0,0,0,0,129000,0,0,0,229000,100000,129000,129000
062269,葡萄王群益9B購01,0,0,0,0,0,0,0,0,0,129000,0,0,0,200000,71000,129000,129000
064897,宏達電群益9C購02,0,0,0,0,0,0,0,0,0,129000,0,0,0,248000,119000,129000,129000
065311,TPK國票01購03   ,0,0,0,0,0,0,0,0,0,129000,0,0,0,220000,91000,129000,129000
2425,承啟            ,184000,45000,139000,0,0,0,0,0,0,-10000,0,10000,-10000,0,0,0,129000
066922,台表科麥證01購01,0,0,0,133000,5000,128000,0,0,0,128000,0,0,0,133000,5000,128000,128000
067629,亞德客永豐01購01,0,0,0,0,0,0,0,0,0,128000,0,0,0,229000,101000,128000,128000
063372,漢翔永豐9B購01  ,0,0,0,0,0,0,0,0,0,128000,0,0,0,128000,0,128000,128000
065380,緯穎元大9C購02  ,0,0,0,0,0,0,0,0,0,128000,0,0,0,190000,62000,128000,128000
065762,台表科元大9C購13,0,0,0,0,0,0,0,0,0,128000,0,0,0,300000,172000,128000,128000
066072,華新科凱基01購03,0,0,0,0,0,0,0,0,0,128000,0,0,0,297000,169000,128000,128000
064678,嘉晶兆豐01購01  ,0,0,0,0,0,0,0,0,0,128000,0,0,0,283000,155000,128000,128000
064792,美律國票9C購01  ,0,0,0,0,0,0,0,0,0,128000,0,0,0,243000,115000,128000,128000
063837,亞德客元大01購01,0,0,0,0,0,0,0,0,0,128000,0,0,0,185000,57000,128000,128000
064057,緯穎統一02購01  ,0,0,0,0,0,0,0,0,0,128000,0,0,0,238000,110000,128000,128000
2453,凌群            ,178000,50000,128000,0,0,0,0,0,0,0,0,0,0,0,0,0,128000
066616,創意康和01購01  ,0,0,0,0,0,0,0,0,0,127000,0,0,0,178000,51000,127000,127000
059742,富邦金元富99購01,0,0,0,0,0,0,0,0,0,127000,0,0,0,145000,18000,127000,127000
062132,神隆群益9B購01  ,0,0,0,0,0,0,0,0,0,127000,0,0,0,127000,0,127000,127000
062161,南六凱基9C購01  ,0,0,0,0,0,0,0,0,0,127000,0,0,0,211000,84000,127000,127000
066344,拓凱永豐01購01  ,0,0,0,0,0,0,0,0,0,127000,0,0,0,209000,82000,127000,127000
065296,國巨統一01購10  ,0,0,0,0,0,0,0,0,0,127000,0,0,0,237000,110000,127000,127000
053083,中環元大99購01  ,0,0,0,0,0,0,0,0,0,126000,0,0,0,150000,24000,126000,126000
065671,大立光凱基9C購07,0,0,0,0,0,0,0,0,0,126000,0,0,0,162000,36000,126000,126000
065569,智邦群益01購01  ,0,0,0,0,0,0,0,0,0,126000,0,0,0,187000,61000,126000,126000
062305,遠東新凱基9B購01,0,0,0,0,0,0,0,0,0,125000,0,0,0,208000,83000,125000,125000
060945,緯穎國票9A購02  ,0,0,0,0,0,0,0,0,0,125000,0,0,0,135000,10000,125000,125000
061754,晶技麥證9B購01  ,0,0,0,324000,199000,125000,0,0,0,125000,0,0,0,324000,199000,125000,125000
061586,智邦富邦9A購02  ,0,0,0,0,0,0,0,0,0,125000,0,0,0,145000,20000,125000,125000
08471P,日月光凱基9C售02,0,0,0,0,0,0,0,0,0,124000,0,0,0,124000,0,124000,124000
08316P,祥碩元大9C售04  ,0,0,0,0,0,0,0,0,0,124000,0,0,0,536000,412000,124000,124000
056571,燿華元大98購02  ,0,0,0,0,0,0,0,0,0,124000,0,0,0,124000,0,124000,124000
058766,力山兆豐99購01  ,0,0,0,0,0,0,0,0,0,124000,0,0,0,127000,3000,124000,124000
058188,華擎永豐99購01  ,0,0,0,0,0,0,0,0,0,124000,0,0,0,179000,55000,124000,124000
063476,台表科元大9C購03,0,0,0,0,0,0,0,0,0,124000,0,0,0,198000,74000,124000,124000
063396,金像電群益9C購01,0,0,0,0,0,0,0,0,0,124000,0,0,0,139000,15000,124000,124000
061021,聯電國泰9B購01  ,0,0,0,0,0,0,0,0,0,124000,0,0,0,140000,16000,124000,124000
062313,聯詠凱基9C購01  ,0,0,0,0,0,0,0,0,0,124000,0,0,0,157000,33000,124000,124000
065188,玉晶光統一02購01,0,0,0,0,0,0,0,0,0,124000,0,0,0,227000,103000,124000,124000
066372,惠特中信01購01  ,0,0,0,0,0,0,0,0,0,124000,0,0,0,131000,7000,124000,124000
065983,亞德客國泰03購01,0,0,0,0,0,0,0,0,0,124000,0,0,0,405000,281000,124000,124000
065074,亞德客元大9C購03,0,0,0,0,0,0,0,0,0,124000,0,0,0,224000,100000,124000,124000
08842P,京鼎凱基01售03  ,0,0,0,0,0,0,0,0,0,124000,0,0,0,349000,225000,124000,124000
067164,台虹國票02購01  ,0,0,0,0,0,0,0,0,0,123000,0,0,0,171000,48000,123000,123000
058079,鴻海群益98購08  ,0,0,0,0,0,0,0,0,0,123000,0,0,0,152000,29000,123000,123000
060419,漢翔永豐9A購01  ,0,0,0,0,0,0,0,0,0,123000,0,0,0,123000,0,123000,123000
059975,元金2X元大99購02,0,0,0,0,0,0,0,0,0,123000,0,0,0,123000,0,123000,123000
065551,聯發科凱基9C購11,0,0,0,0,0,0,0,0,0,123000,0,0,0,228000,105000,123000,123000
066550,國泰金元大01購01,0,0,0,0,0,0,0,0,0,122000,0,0,0,122000,0,122000,122000
03448B,臺股指元大9C熊11,0,0,0,0,0,0,0,0,0,122000,0,0,0,249000,127000,122000,122000
061857,康友國票9B購01  ,0,0,0,0,0,0,0,0,0,122000,0,0,0,122000,0,122000,122000
063402,GIS群益9B購02   ,0,0,0,0,0,0,0,0,0,122000,0,0,0,165000,43000,122000,122000
063657,茂林元富9B購04  ,0,0,0,0,0,0,0,0,0,122000,0,0,0,186000,64000,122000,122000
065321,瑞昱凱基9C購01  ,0,0,0,0,0,0,0,0,0,122000,0,0,0,145000,23000,122000,122000
063504,國巨群益9C購06  ,0,0,0,0,0,0,0,0,0,121000,0,0,0,259000,138000,121000,121000
061836,華新科凱基05購01,0,0,0,0,0,0,0,0,0,121000,0,0,0,121000,0,121000,121000
061451,南電中信9A購03  ,0,0,0,0,0,0,0,0,0,121000,0,0,0,121000,0,121000,121000
061031,神隆永豐9A購02  ,0,0,0,0,0,0,0,0,0,121000,0,0,0,121000,0,121000,121000
065177,旭富元大9C購05  ,0,0,0,0,0,0,0,0,0,121000,0,0,0,151000,30000,121000,121000
065972,聯發科元大01購07,0,0,0,0,0,0,0,0,0,121000,0,0,0,214000,93000,121000,121000
067122,眾達國泰03購02  ,0,0,0,0,0,0,0,0,0,120000,0,0,0,120000,0,120000,120000
07347P,上証2X凱基99售02,0,0,0,0,0,0,0,0,0,120000,0,0,0,120000,0,120000,120000
056376,玉晶光統一98購01,0,0,0,0,0,0,0,0,0,120000,0,0,0,120000,0,120000,120000
06078P,臺股指凱基9A售01,0,0,0,0,0,0,0,0,0,120000,0,0,0,120000,0,120000,120000
062812,國巨兆豐9B購03  ,0,0,0,0,0,0,0,0,0,120000,0,0,0,120000,0,120000,120000
063765,上銀元富9B購09  ,0,0,0,0,0,0,0,0,0,120000,0,0,0,120000,0,120000,120000
066081,文曄國泰03購01  ,0,0,0,0,0,0,0,0,0,120000,0,0,0,120000,0,120000,120000
066214,惠特統一03購02  ,0,0,0,0,0,0,0,0,0,120000,0,0,0,120000,0,120000,120000
067148,燿華統一01購03  ,0,0,0,0,0,0,0,0,0,119000,0,0,0,119000,0,119000,119000
067252,智邦國票02購02  ,0,0,0,0,0,0,0,0,0,119000,0,0,0,119000,0,119000,119000
067586,奇鋐群益01購02  ,0,0,0,0,0,0,0,0,0,119000,0,0,0,200000,81000,119000,119000
056378,欣興元富98購01  ,0,0,0,0,0,0,0,0,0,119000,0,0,0,119000,0,119000,119000
0061,元大寶滬深      ,73000,105000,-32000,0,0,0,0,0,0,151000,0,0,0,180000,29000,151000,119000
066226,惠特國泰03購01  ,0,0,0,0,0,0,0,0,0,119000,0,0,0,120000,1000,119000,119000
065251,宏達電國泰02購01,0,0,0,0,0,0,0,0,0,119000,0,0,0,280000,161000,119000,119000
08117P,聯發科元富9B售04,0,0,0,0,0,0,0,0,0,118000,0,0,0,118000,0,118000,118000
058752,鈺齊凱基9A購01  ,0,0,0,0,0,0,0,0,0,118000,0,0,0,283000,165000,118000,118000
061782,智邦群益9B購01  ,0,0,0,0,0,0,0,0,0,118000,0,0,0,125000,7000,118000,118000
065170,智邦元大9C購07  ,0,0,0,0,0,0,0,0,0,118000,0,0,0,292000,174000,118000,118000
066413,鴻海元大01購06  ,0,0,0,0,0,0,0,0,0,118000,0,0,0,123000,5000,118000,118000
064165,同欣電統一01購01,0,0,0,0,0,0,0,0,0,118000,0,0,0,818000,700000,118000,118000
064416,南亞科中信01購01,0,0,0,0,0,0,0,0,0,118000,0,0,0,119000,1000,118000,118000
08858P,台積電國票01售05,0,0,0,0,0,0,0,0,0,118000,0,0,0,118000,0,118000,118000
6670,復盛應用        ,152527,91000,61527,0,0,0,0,0,0,56000,0,0,0,57000,1000,56000,117527
067604,晶技凱基01購02  ,0,0,0,0,0,0,0,0,0,117000,0,0,0,142000,25000,117000,117000
066521,A50反1中信03購01,0,0,0,0,0,0,0,0,0,117000,0,0,0,117000,0,117000,117000
066914,樺漢凱基02購01  ,0,0,0,0,0,0,0,0,0,117000,0,0,0,117000,0,117000,117000
058149,百和元大99購02  ,0,0,0,0,0,0,0,0,0,117000,0,0,0,212000,95000,117000,117000
061234,國巨元大9A購18  ,0,0,0,0,0,0,0,0,0,117000,0,0,0,117000,0,117000,117000
063282,奇力新元大9B購06,0,0,0,0,0,0,0,0,0,117000,0,0,0,235000,118000,117000,117000
056410,康控國票99購01  ,0,0,0,0,0,0,0,0,0,117000,0,0,0,119000,2000,117000,117000
063750,和鑫國票9B購01  ,0,0,0,0,0,0,0,0,0,117000,0,0,0,127000,10000,117000,117000
060098,華新科元大99購24,0,0,0,0,0,0,0,0,0,117000,0,0,0,130000,13000,117000,117000
062660,神隆群益9B購02  ,0,0,0,0,0,0,0,0,0,117000,0,0,0,127000,10000,117000,117000
065227,金像電凱基9C購01,0,0,0,0,0,0,0,0,0,117000,0,0,0,351000,234000,117000,117000
065672,嘉晶凱基01購01  ,0,0,0,0,0,0,0,0,0,117000,0,0,0,447000,330000,117000,117000
067007,拓凱永豐01購02  ,0,0,0,0,0,0,0,0,0,116000,0,0,0,116000,0,116000,116000
067530,國巨群益01購09  ,0,0,0,0,0,0,0,0,0,116000,0,0,0,197000,81000,116000,116000
055585,國巨元大98購08  ,0,0,0,0,0,0,0,0,0,116000,0,0,0,116000,0,116000,116000
059162,國巨凱基99購12  ,0,0,0,0,0,0,0,0,0,116000,0,0,0,129000,13000,116000,116000
061035,亞光永豐9A購01  ,0,0,0,0,0,0,0,0,0,116000,0,0,0,116000,0,116000,116000
060625,華擎元大9A購01  ,0,0,0,0,0,0,0,0,0,116000,0,0,0,116000,0,116000,116000
065866,鴻海群益9C購07  ,0,0,0,0,0,0,0,0,0,116000,0,0,0,130000,14000,116000,116000
064751,亞德客凱基9C購02,0,0,0,0,0,0,0,0,0,116000,0,0,0,241000,125000,116000,116000
067655,晶技元富07購01  ,0,0,0,0,0,0,0,0,0,115000,0,0,0,125000,10000,115000,115000
066659,燿華凱基03購01  ,0,0,0,0,0,0,0,0,0,115000,0,0,0,142000,27000,115000,115000
08247P,台積電群益9C售06,0,0,0,0,0,0,0,0,0,115000,0,0,0,200000,85000,115000,115000
08200P,祥碩元大9B售08  ,0,0,0,0,0,0,0,0,0,115000,0,0,0,119000,4000,115000,115000
067787,致伸群益03購01  ,0,0,0,0,0,0,0,0,0,115000,0,0,0,125000,10000,115000,115000
067791,康舒群益01購01  ,0,0,0,0,0,0,0,0,0,115000,0,0,0,130000,15000,115000,115000
061870,智邦元大9B購02  ,0,0,0,0,0,0,0,0,0,115000,0,0,0,124000,9000,115000,115000
055235,金寶台新98購01  ,0,0,0,0,0,0,0,0,0,115000,0,0,0,115000,0,115000,115000
061835,華新科凱基02購03,0,0,0,0,0,0,0,0,0,115000,0,0,0,115000,0,115000,115000
066394,建準凱基01購01  ,0,0,0,0,0,0,0,0,0,115000,0,0,0,311000,196000,115000,115000
066296,昇陽半元大01購02,0,0,0,0,0,0,0,0,0,115000,0,0,0,130000,15000,115000,115000
9911,櫻花            ,153000,38000,115000,0,0,0,0,0,0,0,0,0,0,0,0,0,115000
8271,宇瞻            ,222000,104000,118000,0,0,0,0,0,0,-3000,0,3000,-3000,0,0,0,115000
066731,瑞昱元大01購01  ,0,0,0,0,0,0,0,0,0,114000,0,0,0,616000,502000,114000,114000
067023,巨大中信01購01  ,0,0,0,0,0,0,0,0,0,114000,0,0,0,114000,0,114000,114000
056146,台虹元大98購01  ,0,0,0,0,0,0,0,0,0,114000,0,0,0,132000,18000,114000,114000
061066,嘉晶凱基9B購01  ,0,0,0,0,0,0,0,0,0,114000,0,0,0,217000,103000,114000,114000
062877,可成兆豐9C購01  ,0,0,0,0,0,0,0,0,0,114000,0,0,0,114000,0,114000,114000
061279,鴻海統一9C購04  ,0,0,0,0,0,0,0,0,0,114000,0,0,0,174000,60000,114000,114000
063061,華新科元富9B購04,0,0,0,0,0,0,0,0,0,114000,0,0,0,114000,0,114000,114000
064822,台達電統一01購03,0,0,0,0,0,0,0,0,0,114000,0,0,0,390000,276000,114000,114000
063917,南六凱基02購01  ,0,0,0,0,0,0,0,0,0,114000,0,0,0,140000,26000,114000,114000
058673,華新科群益9A購02,0,0,0,0,0,0,0,0,0,113000,0,0,0,126000,13000,113000,113000
059291,華新科元富9B購01,0,0,0,0,0,0,0,0,0,113000,0,0,0,113000,0,113000,113000
061466,創意群益9A購01  ,0,0,0,0,0,0,0,0,0,113000,0,0,0,210000,97000,113000,113000
063601,金像電凱基01購01,0,0,0,0,0,0,0,0,0,113000,0,0,0,128000,15000,113000,113000
063667,全新統一01購02  ,0,0,0,0,0,0,0,0,0,113000,0,0,0,123000,10000,113000,113000
065673,嘉晶凱基01購02  ,0,0,0,0,0,0,0,0,0,113000,0,0,0,343000,230000,113000,113000
066917,美利達凱基01購02,0,0,0,0,0,0,0,0,0,112000,0,0,0,112000,0,112000,112000
07844P,可成國票9A售01  ,0,0,0,0,0,0,0,0,0,112000,0,0,0,112000,0,112000,112000
061190,力山永豐9A購02  ,0,0,0,0,0,0,0,0,0,112000,0,0,0,187000,75000,112000,112000
061918,上銀凱基9B購02  ,0,0,0,0,0,0,0,0,0,112000,0,0,0,173000,61000,112000,112000
058342,鴻海群益9A購01  ,0,0,0,0,0,0,0,0,0,112000,0,0,0,142000,30000,112000,112000
057307,瀚宇博兆豐99購01,0,0,0,0,0,0,0,0,0,112000,0,0,0,112000,0,112000,112000
056497,GIS國泰99購01   ,0,0,0,0,0,0,0,0,0,112000,0,0,0,112000,0,112000,112000
062352,南六群益9B購02  ,0,0,0,0,0,0,0,0,0,112000,0,0,0,210000,98000,112000,112000
062712,晶技麥證9B購02  ,0,0,0,112000,0,112000,0,0,0,112000,0,0,0,112000,0,112000,112000
062793,鴻海統一9B購06  ,0,0,0,0,0,0,0,0,0,112000,0,0,0,112000,0,112000,112000
065962,鴻海元大01購04  ,0,0,0,0,0,0,0,0,0,112000,0,0,0,182000,70000,112000,112000
065995,台虹永豐01購01  ,0,0,0,0,0,0,0,0,0,112000,0,0,0,136000,24000,112000,112000
066017,南六元富03購01  ,0,0,0,0,0,0,0,0,0,112000,0,0,0,112000,0,112000,112000
064461,致伸統一01購01  ,0,0,0,0,0,0,0,0,0,112000,0,0,0,112000,0,112000,112000
064230,上銀統一01購04  ,0,0,0,0,0,0,0,0,0,112000,0,0,0,112000,0,112000,112000
066662,建準凱基02購01  ,0,0,0,0,0,0,0,0,0,111000,0,0,0,177000,66000,111000,111000
064531,旭富兆豐9C購01  ,0,0,0,0,0,0,0,0,0,111000,0,0,0,111000,0,111000,111000
065987,大毅永豐01購01  ,0,0,0,0,0,0,0,0,0,111000,0,0,0,111000,0,111000,111000
065764,康友元大9C購02  ,0,0,0,0,0,0,0,0,0,111000,0,0,0,218000,107000,111000,111000
057195,南茂元大98購01  ,0,0,0,0,0,0,0,0,0,110000,0,0,0,110000,0,110000,110000
055093,京鼎群益98購01  ,0,0,0,0,0,0,0,0,0,110000,0,0,0,120000,10000,110000,110000
057450,國泰金元富98購01,0,0,0,0,0,0,0,0,0,110000,0,0,0,160000,50000,110000,110000
059090,台新金元大99購01,0,0,0,0,0,0,0,0,0,110000,0,0,0,110000,0,110000,110000
060731,奇力新群益9A購01,0,0,0,0,0,0,0,0,0,110000,0,0,0,110000,0,110000,110000
060575,大立光中信9B購02,0,0,0,0,0,0,0,0,0,110000,0,0,0,110000,0,110000,110000
060926,宏達電永豐9A購01,0,0,0,0,0,0,0,0,0,110000,0,0,0,111000,1000,110000,110000
062655,漢唐永豐9B購01  ,0,0,0,0,0,0,0,0,0,110000,0,0,0,110000,0,110000,110000
062467,國巨凱基9B購08  ,0,0,0,0,0,0,0,0,0,110000,0,0,0,110000,0,110000,110000
063534,鴻海統一9B購07  ,0,0,0,0,0,0,0,0,0,110000,0,0,0,110000,0,110000,110000
063756,鴻海統一9B購09  ,0,0,0,0,0,0,0,0,0,110000,0,0,0,110000,0,110000,110000
060183,南亞科元富9A購01,0,0,0,0,0,0,0,0,0,110000,0,0,0,110000,0,110000,110000
060275,元黃金元大9A購01,0,0,0,0,0,0,0,0,0,110000,0,0,0,110000,0,110000,110000
061637,華新科元大9A購22,0,0,0,0,0,0,0,0,0,110000,0,0,0,110000,0,110000,110000
061732,智邦中信9B購01  ,0,0,0,0,0,0,0,0,0,110000,0,0,0,212000,102000,110000,110000
064578,TPK國泰02購01   ,0,0,0,0,0,0,0,0,0,110000,0,0,0,212000,102000,110000,110000
064075,台積電中信06購01,0,0,0,0,0,0,0,0,0,110000,0,0,0,130000,20000,110000,110000
067663,神隆元大01購03  ,0,0,0,0,0,0,0,0,0,109000,0,0,0,109000,0,109000,109000
058941,華新科中信99購03,0,0,0,0,0,0,0,0,0,109000,0,0,0,114000,5000,109000,109000
063292,致新元大9B購02  ,0,0,0,0,0,0,0,0,0,109000,0,0,0,109000,0,109000,109000
03454B,臺股指元大04熊06,0,0,0,0,0,0,0,0,0,109000,0,0,0,134000,25000,109000,109000
00668,國泰美國道瓊    ,1000,0,1000,0,0,0,0,0,0,108000,0,0,0,191000,83000,108000,109000
059879,GIS凱基99購03   ,0,0,0,0,0,0,0,0,0,109000,0,0,0,135000,26000,109000,109000
063789,智邦台新9C購01  ,0,0,0,0,0,0,0,0,0,109000,0,0,0,150000,41000,109000,109000
063520,上銀凱基9B購05  ,0,0,0,0,0,0,0,0,0,109000,0,0,0,109000,0,109000,109000
061985,富邦金元大9B購01,0,0,0,0,0,0,0,0,0,109000,0,0,0,111000,2000,109000,109000
064495,南亞科元大9C購03,0,0,0,0,0,0,0,0,0,109000,0,0,0,109000,0,109000,109000
064981,致伸元大9C購01  ,0,0,0,0,0,0,0,0,0,109000,0,0,0,109000,0,109000,109000
065925,鴻海國票04購01  ,0,0,0,0,0,0,0,0,0,109000,0,0,0,132000,23000,109000,109000
056894,佳世達元大99購01,0,0,0,0,0,0,0,0,0,108000,0,0,0,244000,136000,108000,108000
058369,亞光凱基99購02  ,0,0,0,0,0,0,0,0,0,108000,0,0,0,108000,0,108000,108000
066240,泰鼎富邦03購01  ,0,0,0,0,0,0,0,0,0,108000,0,0,0,147000,39000,108000,108000
065546,景碩兆豐01購01  ,0,0,0,0,0,0,0,0,0,108000,0,0,0,124000,16000,108000,108000
067749,申豐元大01購02  ,0,0,0,0,0,0,0,0,0,107000,0,0,0,684000,577000,107000,107000
07906P,中租群益9B售02  ,0,0,0,0,0,0,0,0,0,107000,0,0,0,170000,63000,107000,107000
067613,康舒凱基01購01  ,0,0,0,0,0,0,0,0,0,107000,0,0,0,398000,291000,107000,107000
056835,聯電元富99購01  ,0,0,0,0,0,0,0,0,0,107000,0,0,0,107000,0,107000,107000
063369,聚陽永豐9B購01  ,0,0,0,0,0,0,0,0,0,107000,0,0,0,158000,51000,107000,107000
062982,同欣電元富9B購01,0,0,0,0,0,0,0,0,0,107000,0,0,0,109000,2000,107000,107000
062761,嘉晶凱基9C購01  ,0,0,0,0,0,0,0,0,0,107000,0,0,0,393000,286000,107000,107000
059918,華新科元大99購20,0,0,0,0,0,0,0,0,0,107000,0,0,0,121000,14000,107000,107000
065367,技嘉元大01購01  ,0,0,0,0,0,0,0,0,0,107000,0,0,0,245000,138000,107000,107000
064733,南六統一9C購03  ,0,0,0,0,0,0,0,0,0,107000,0,0,0,164000,57000,107000,107000
059181,世紀鋼元富9C購01,0,0,0,0,0,0,0,0,0,106000,0,0,0,240000,134000,106000,106000
059304,華新科兆豐99購06,0,0,0,0,0,0,0,0,0,106000,0,0,0,106000,0,106000,106000
063547,大立光兆豐9B購04,0,0,0,0,0,0,0,0,0,106000,0,0,0,157000,51000,106000,106000
063379,帆宣永豐9B購01  ,0,0,0,0,0,0,0,0,0,106000,0,0,0,168000,62000,106000,106000
067377,欣興統一02購01  ,0,0,0,0,0,0,0,0,0,105000,0,0,0,149000,44000,105000,105000
067359,牧德群益01購02  ,0,0,0,0,0,0,0,0,0,105000,0,0,0,270000,165000,105000,105000
066938,敦泰國票02購01  ,0,0,0,0,0,0,0,0,0,105000,0,0,0,143000,38000,105000,105000
067765,百和永豐01購01  ,0,0,0,0,0,0,0,0,0,105000,0,0,0,108000,3000,105000,105000
067769,國巨統一02購04  ,0,0,0,0,0,0,0,0,0,105000,0,0,0,228000,123000,105000,105000
059533,富邦金凱基99購01,0,0,0,0,0,0,0,0,0,105000,0,0,0,109000,4000,105000,105000
057163,上銀元大98購04  ,0,0,0,0,0,0,0,0,0,105000,0,0,0,151000,46000,105000,105000
063449,全新統一9B購02  ,0,0,0,0,0,0,0,0,0,105000,0,0,0,107000,2000,105000,105000
063442,金像電統一01購01,0,0,0,0,0,0,0,0,0,105000,0,0,0,111000,6000,105000,105000
061677,泰碩元大9A購05  ,0,0,0,0,0,0,0,0,0,105000,0,0,0,105000,0,105000,105000
064647,致伸凱基9C購01  ,0,0,0,0,0,0,0,0,0,105000,0,0,0,155000,50000,105000,105000
06461P,玉晶光國泰9A售01,0,0,0,0,0,0,0,0,0,105000,0,0,0,190000,85000,105000,105000
063969,晶豪科國票01購01,0,0,0,0,0,0,0,0,0,105000,0,0,0,143000,38000,105000,105000
065246,旭富兆豐01購01  ,0,0,0,0,0,0,0,0,0,105000,0,0,0,105000,0,105000,105000
065968,國巨元大02購01  ,0,0,0,0,0,0,0,0,0,105000,0,0,0,218000,113000,105000,105000
8215,明基材          ,344000,236000,108000,0,0,0,0,0,0,-3000,0,3000,-3000,0,0,0,105000
1582,信錦            ,152000,25000,127000,0,0,0,0,0,0,-22000,0,4000,-4000,0,18000,-18000,105000
066518,惠特永豐01購02  ,0,0,0,0,0,0,0,0,0,104000,0,0,0,160000,56000,104000,104000
06652P,長榮航元大98售01,0,0,0,0,0,0,0,0,0,104000,0,0,0,104000,0,104000,104000
055700,緯穎國泰98購02  ,0,0,0,0,0,0,0,0,0,104000,0,0,0,104000,0,104000,104000
058479,亞光凱基9A購01  ,0,0,0,0,0,0,0,0,0,104000,0,0,0,117000,13000,104000,104000
059954,華新科康和99購01,0,0,0,0,0,0,0,0,0,104000,0,0,0,104000,0,104000,104000
065981,超眾元大02購01  ,0,0,0,0,0,0,0,0,0,104000,0,0,0,128000,24000,104000,104000
065548,台達電凱基01購02,0,0,0,0,0,0,0,0,0,104000,0,0,0,116000,12000,104000,104000
066478,鴻海元富07購02  ,0,0,0,0,0,0,0,0,0,103000,0,0,0,105000,2000,103000,103000
067529,力山群益01購02  ,0,0,0,0,0,0,0,0,0,103000,0,0,0,113000,10000,103000,103000
067069,友訊元大01購03  ,0,0,0,0,0,0,0,0,0,103000,0,0,0,171000,68000,103000,103000
07076P,鴻海凱基9A售08  ,0,0,0,0,0,0,0,0,0,103000,0,0,0,155000,52000,103000,103000
062363,燿華元大9B購03  ,0,0,0,0,0,0,0,0,0,103000,0,0,0,310000,207000,103000,103000
065916,聯發科凱基01購10,0,0,0,0,0,0,0,0,0,103000,0,0,0,108000,5000,103000,103000
07707P,玉山金元大9A售03,0,0,0,0,0,0,0,0,0,102000,0,0,0,156000,54000,102000,102000
067394,國巨永豐01購01  ,0,0,0,0,0,0,0,0,0,102000,0,0,0,102000,0,102000,102000
063000,緯穎國票9B購03  ,0,0,0,0,0,0,0,0,0,102000,0,0,0,118000,16000,102000,102000
062725,大立光凱基9B購06,0,0,0,0,0,0,0,0,0,102000,0,0,0,110000,8000,102000,102000
060955,大立光群益9A購02,0,0,0,0,0,0,0,0,0,102000,0,0,0,105000,3000,102000,102000
063803,世紀鋼凱基01購01,0,0,0,0,0,0,0,0,0,102000,0,0,0,107000,5000,102000,102000
063757,鴻海統一9C購16  ,0,0,0,0,0,0,0,0,0,102000,0,0,0,102000,0,102000,102000
063764,上銀元富9B購08  ,0,0,0,0,0,0,0,0,0,102000,0,0,0,119000,17000,102000,102000
065848,聯詠元大9C購03  ,0,0,0,0,0,0,0,0,0,102000,0,0,0,231000,129000,102000,102000
066127,劍麟群益03購01  ,0,0,0,0,0,0,0,0,0,102000,0,0,0,112000,10000,102000,102000
064087,華新科凱基9C購03,0,0,0,0,0,0,0,0,0,102000,0,0,0,103000,1000,102000,102000
064141,國巨統一01購08  ,0,0,0,0,0,0,0,0,0,102000,0,0,0,107000,5000,102000,102000
064292,南茂元大01購01  ,0,0,0,0,0,0,0,0,0,102000,0,0,0,183000,81000,102000,102000
4536,拓凱            ,162000,55000,107000,0,0,0,0,0,0,-5000,3000,0,3000,3000,11000,-8000,102000
067484,聯詠元大01購07  ,0,0,0,0,0,0,0,0,0,101000,0,0,0,429000,328000,101000,101000
066503,台積電富邦05購02,0,220000,-220000,0,0,0,0,0,0,321000,0,0,0,323000,2000,321000,101000
07149P,健鼎元大99售03  ,0,0,0,0,0,0,0,0,0,101000,0,0,0,101000,0,101000,101000
059340,鴻海凱基9A購12  ,0,0,0,0,0,0,0,0,0,101000,0,0,0,101000,0,101000,101000
054563,泰碩群益99購01  ,0,0,0,0,0,0,0,0,0,101000,0,0,0,101000,0,101000,101000
056765,友達元大9B購05  ,0,0,0,0,0,0,0,0,0,101000,0,0,0,101000,0,101000,101000
063384,巨大永豐9B購04  ,0,0,0,0,0,0,0,0,0,101000,0,0,0,141000,40000,101000,101000
062678,華通統一9C購04  ,0,0,0,0,0,0,0,0,0,101000,0,0,0,382000,281000,101000,101000
064056,GIS統一01購02   ,0,0,0,0,0,0,0,0,0,101000,0,0,0,103000,2000,101000,101000
064931,南六統一9C購05  ,0,0,0,0,0,0,0,0,0,101000,0,0,0,101000,0,101000,101000
07134P,臺股指元大9A售28,0,0,0,0,0,0,0,0,0,100000,0,0,0,100000,0,100000,100000
06933P,禾伸堂元大98售03,0,0,0,0,0,0,0,0,0,100000,0,0,0,100000,0,100000,100000
06912P,台光電元大99售02,0,0,0,0,0,0,0,0,0,100000,0,0,0,100000,0,100000,100000
07473P,祥碩元大9A售01  ,0,0,0,0,0,0,0,0,0,100000,0,0,0,159000,59000,100000,100000
07908P,台積電統一9B售11,0,0,0,0,0,0,0,0,0,100000,0,0,0,100000,0,100000,100000
07836P,大成鋼元大9A售01,0,0,0,0,0,0,0,0,0,100000,0,0,0,100000,0,100000,100000
07978P,茂林群益9B售02  ,0,0,0,0,0,0,0,0,0,100000,0,0,0,100000,0,100000,100000
08211P,台表科元富9B售03,0,0,0,0,0,0,0,0,0,100000,0,0,0,100000,0,100000,100000
08168P,金像電群益9B售03,0,0,0,0,0,0,0,0,0,100000,0,0,0,100000,0,100000,100000
08306P,台積電凱基01售04,0,0,0,0,0,0,0,0,0,100000,0,0,0,100000,0,100000,100000
08645P,臺股指中信03售01,0,0,0,0,0,0,0,0,0,100000,0,0,0,100000,0,100000,100000
066708,嘉澤群益02購01  ,0,0,0,0,0,0,0,0,0,100000,0,0,0,100000,0,100000,100000
066988,新唐群益02購01  ,0,0,0,0,0,0,0,0,0,100000,0,0,0,100000,0,100000,100000
066850,鎧勝元大01購03  ,0,0,0,0,0,0,0,0,0,100000,0,0,0,386000,286000,100000,100000
067490,嘉澤元大01購04  ,0,0,0,0,0,0,0,0,0,100000,0,0,0,100000,0,100000,100000
067059,A50正2元大01購01,0,0,0,0,0,0,0,0,0,100000,0,0,0,100000,0,100000,100000
067248,帆宣群益01購01  ,0,0,0,0,0,0,0,0,0,100000,0,0,0,311000,211000,100000,100000
067317,嘉澤元大02購01  ,0,0,0,0,0,0,0,0,0,100000,0,0,0,100000,0,100000,100000
055797,華通富邦98購01  ,0,0,0,0,0,0,0,0,0,100000,0,0,0,100000,0,100000,100000
055487,國巨元大98購07  ,0,0,0,0,0,0,0,0,0,100000,0,0,0,100000,0,100000,100000
056352,鴻海元大99購01  ,0,0,0,0,0,0,0,0,0,100000,0,0,0,100000,0,100000,100000
058502,鴻海元大99購13  ,0,0,0,0,0,0,0,0,0,100000,0,0,0,100000,0,100000,100000
057181,亞光元大98購02  ,0,0,0,0,0,0,0,0,0,100000,0,0,0,100000,0,100000,100000
054533,泰碩國泰98購01  ,0,0,0,0,0,0,0,0,0,100000,0,0,0,100000,0,100000,100000
054161,友訊凱基98購01  ,0,0,0,0,0,0,0,0,0,100000,0,0,0,100000,0,100000,100000
057479,致茂元大98購03  ,0,0,0,0,0,0,0,0,0,100000,0,0,0,100000,0,100000,100000
057527,億光元大98購01  ,0,0,0,0,0,0,0,0,0,100000,0,0,0,120000,20000,100000,100000
057883,中環群益98購01  ,0,0,0,0,0,0,0,0,0,100000,0,0,0,100000,0,100000,100000
059235,鴻海凱基99購08  ,0,0,0,0,0,0,0,0,0,100000,0,0,0,100000,0,100000,100000
059246,奇力新凱基9A購02,0,0,0,0,0,0,0,0,0,100000,0,0,0,113000,13000,100000,100000
061265,富邦金凱基9B購01,0,0,0,0,0,0,0,0,0,100000,0,0,0,111000,11000,100000,100000
061983,華新科元大9B購04,0,0,0,0,0,0,0,0,0,100000,0,0,0,119000,19000,100000,100000
062421,台積電統一9C購09,0,0,0,0,0,0,0,0,0,100000,0,0,0,100000,0,100000,100000
062427,嘉澤統一01購01  ,0,0,0,0,0,0,0,0,0,100000,0,0,0,100000,0,100000,100000
061336,國巨元大9A購20  ,0,0,0,0,0,0,0,0,0,100000,0,0,0,101000,1000,100000,100000
062324,上銀統一9B購04  ,0,0,0,0,0,0,0,0,0,100000,0,0,0,105000,5000,100000,100000
062340,力成麥證9B購01  ,0,0,0,100000,0,100000,0,0,0,100000,0,0,0,100000,0,100000,100000
060912,華新科元大9A購10,0,0,0,0,0,0,0,0,0,100000,0,0,0,119000,19000,100000,100000
060789,禾伸堂富邦9B購02,0,0,0,0,0,0,0,0,0,100000,0,0,0,100000,0,100000,100000
060870,旭富群益9A購01  ,0,0,0,0,0,0,0,0,0,100000,0,0,0,100000,0,100000,100000
063728,國巨元大9B購21  ,0,0,0,0,0,0,0,0,0,100000,0,0,0,100000,0,100000,100000
060106,旭富元大99購02  ,0,0,0,0,0,0,0,0,0,100000,0,0,0,100000,0,100000,100000
060242,潤泰全元大9C購01,0,0,0,0,0,0,0,0,0,100000,0,0,0,100000,0,100000,100000
060189,宏達電元富9B購03,0,0,0,0,0,0,0,0,0,100000,0,0,0,100000,0,100000,100000
059917,華新科元大99購19,0,0,0,0,0,0,0,0,0,100000,0,0,0,163000,63000,100000,100000
061822,和潤群益9B購01  ,0,0,0,0,0,0,0,0,0,100000,0,0,0,100000,0,100000,100000
061575,華新科元大9A購20,0,0,0,0,0,0,0,0,0,100000,0,0,0,100000,0,100000,100000
061576,華新科元大9A購21,0,0,0,0,0,0,0,0,0,100000,0,0,0,120000,20000,100000,100000
061424,華新科元大9A購18,0,0,0,0,0,0,0,0,0,100000,0,0,0,118000,18000,100000,100000
064890,聯電群益9C購02  ,0,0,0,0,0,0,0,0,0,100000,0,0,0,126000,26000,100000,100000
064584,英業達永豐9C購01,0,0,0,0,0,0,0,0,0,100000,0,0,0,100000,0,100000,100000
064500,國泰金元大9C購01,0,0,0,0,0,0,0,0,0,100000,0,0,0,100000,0,100000,100000
064373,和大元富03購01  ,0,0,0,0,0,0,0,0,0,100000,0,0,0,205000,105000,100000,100000
066033,南六群益02購01  ,0,0,0,0,0,0,0,0,0,100000,0,0,0,100000,0,100000,100000
065966,國巨元大01購06  ,0,0,0,0,0,0,0,0,0,100000,0,0,0,130000,30000,100000,100000
066314,台橡永豐01購01  ,0,0,0,0,0,0,0,0,0,100000,0,0,0,100000,0,100000,100000
065199,華擎元富03購01  ,0,0,0,0,0,0,0,0,0,100000,0,0,0,146000,46000,100000,100000
065323,聯發科凱基9C購09,0,0,0,0,0,0,0,0,0,100000,0,0,0,138000,38000,100000,100000
065398,國泰金群益9C購01,0,0,0,0,0,0,0,0,0,100000,0,0,0,100000,0,100000,100000
08692P,國巨兆豐01售02  ,0,0,0,0,0,0,0,0,0,100000,0,0,0,100000,0,100000,100000
067624,微星富邦04購01  ,0,0,0,0,0,0,0,0,0,99000,0,0,0,321000,222000,99000,99000
066749,瑞祺元大01購03  ,0,0,0,0,0,0,0,0,0,99000,0,0,0,103000,4000,99000,99000
08438P,鴻海國票01售02  ,0,0,0,0,0,0,0,0,0,99000,0,0,0,99000,0,99000,99000
07563P,台灣50中信04售01,0,0,0,0,0,0,0,0,0,99000,0,0,0,99000,0,99000,99000
06986P,台積電台新9A售01,0,0,0,0,0,0,0,0,0,99000,0,0,0,99000,0,99000,99000
06901P,亞德客凱基98售02,0,0,0,0,0,0,0,0,0,99000,0,0,0,400000,301000,99000,99000
063245,富邦金元大9B購03,0,0,0,0,0,0,0,0,0,99000,0,0,0,120000,21000,99000,99000
057040,國巨元大98購12  ,0,0,0,0,0,0,0,0,0,99000,0,0,0,100000,1000,99000,99000
056363,華新科元大99購04,0,0,0,0,0,0,0,0,0,99000,0,0,0,103000,4000,99000,99000
062545,嘉晶永豐9B購01  ,0,0,0,0,0,0,0,0,0,99000,0,0,0,241000,142000,99000,99000
065402,漢唐國泰02購01  ,0,0,0,0,0,0,0,0,0,99000,0,0,0,99000,0,99000,99000
065858,台表科元大03購01,0,0,0,0,0,0,0,0,0,99000,0,0,0,303000,204000,99000,99000
063842,國巨元大9C購10  ,0,0,0,0,0,0,0,0,0,99000,0,0,0,100000,1000,99000,99000
064917,元大金統一02購01,0,0,0,0,0,0,0,0,0,99000,0,0,0,100000,1000,99000,99000
08054P,臺股指國票9B售19,0,0,0,0,0,0,0,0,0,98000,0,0,0,118000,20000,98000,98000
066989,聯茂群益01購01  ,0,0,0,0,0,0,0,0,0,98000,0,0,0,98000,0,98000,98000
066644,瑞昱麥證01購01  ,0,0,0,171000,99000,72000,0,0,0,98000,0,0,0,207000,109000,98000,98000
063250,同欣電元大9B購03,0,0,0,0,0,0,0,0,0,98000,0,0,0,98000,0,98000,98000
058727,嘉晶富邦9A購01  ,0,0,0,0,0,0,0,0,0,98000,0,0,0,168000,70000,98000,98000
058207,南茂凱基99購01  ,0,0,0,0,0,0,0,0,0,98000,0,0,0,128000,30000,98000,98000
057727,華邦電國泰9A購01,0,0,0,0,0,0,0,0,0,98000,0,0,0,98000,0,98000,98000
057699,可成群益9A購02  ,0,0,0,0,0,0,0,0,0,98000,0,0,0,98000,0,98000,98000
058669,上銀群益99購01  ,0,0,0,0,0,0,0,0,0,98000,0,0,0,98000,0,98000,98000
061597,南六永豐9A購04  ,0,0,0,0,0,0,0,0,0,98000,0,0,0,98000,0,98000,98000
064843,巨大統一02購01  ,0,0,0,0,0,0,0,0,0,98000,0,0,0,199000,101000,98000,98000
064542,聯電凱基02購01  ,0,0,0,0,0,0,0,0,0,98000,0,0,0,128000,30000,98000,98000
065267,聯鈞元大9C購02  ,0,0,0,0,0,0,0,0,0,98000,0,0,0,378000,280000,98000,98000
066625,瑞昱凱基02購01  ,0,0,0,0,0,0,0,0,0,97000,0,0,0,140000,43000,97000,97000
058969,亞德客永豐99購01,0,0,0,0,0,0,0,0,0,97000,0,0,0,247000,150000,97000,97000
055022,精元國泰99購01  ,0,0,0,0,0,0,0,0,0,97000,0,0,0,276000,179000,97000,97000
056673,中石化元富9B購01,0,0,0,0,0,0,0,0,0,97000,0,0,0,97000,0,97000,97000
052313,聯電元大98購01  ,0,0,0,0,0,0,0,0,0,97000,0,0,0,181000,84000,97000,97000
063076,柏文永豐9B購02  ,0,0,0,0,0,0,0,0,0,97000,0,0,0,97000,0,97000,97000
065810,台表科群益9C購05,0,0,0,0,0,0,0,0,0,97000,0,0,0,130000,33000,97000,97000
066142,超眾群益01購03  ,0,0,0,0,0,0,0,0,0,97000,0,0,0,98000,1000,97000,97000
064848,金像電元富9C購02,0,0,0,0,0,0,0,0,0,97000,0,0,0,260000,163000,97000,97000
065125,奇力新永豐9C購01,0,0,0,0,0,0,0,0,0,97000,0,0,0,97000,0,97000,97000
066587,台船群益01購01  ,0,0,0,0,0,0,0,0,0,96000,0,0,0,125000,29000,96000,96000
020015,統一MSCI美低波N ,0,0,0,0,0,0,0,0,0,96000,0,0,0,97000,1000,96000,96000
056408,奇鋐國票99購01  ,0,0,0,0,0,0,0,0,0,96000,0,0,0,140000,44000,96000,96000
057926,帆宣凱基98購02  ,0,0,0,0,0,0,0,0,0,96000,0,0,0,250000,154000,96000,96000
062160,南六凱基9B購01  ,0,0,0,0,0,0,0,0,0,96000,0,0,0,96000,0,96000,96000
060948,可成第一9A購01  ,0,0,0,0,0,0,0,0,0,96000,0,0,0,96000,0,96000,96000
063672,GIS統一9C購01   ,0,0,0,0,0,0,0,0,0,96000,0,0,0,97000,1000,96000,96000
064877,可成兆豐9C購02  ,0,0,0,0,0,0,0,0,0,96000,0,0,0,106000,10000,96000,96000
064296,奇鋐國票01購01  ,0,0,0,0,0,0,0,0,0,96000,0,0,0,96000,0,96000,96000
066279,拓凱元大01購01  ,0,0,0,0,0,0,0,0,0,96000,0,0,0,200000,104000,96000,96000
2601,益航            ,229000,133000,96000,0,0,0,0,0,0,0,0,0,0,0,0,0,96000
067162,康控國票02購01  ,0,0,0,0,0,0,0,0,0,95000,0,0,0,133000,38000,95000,95000
067761,致伸永豐01購01  ,0,0,0,0,0,0,0,0,0,95000,0,0,0,95000,0,95000,95000
057388,奇鋐永豐98購02  ,0,0,0,0,0,0,0,0,0,95000,0,0,0,95000,0,95000,95000
058445,旺宏富邦9C購01  ,0,0,0,0,0,0,0,0,0,95000,0,0,0,95000,0,95000,95000
063812,智邦群益9C購02  ,0,0,0,0,0,0,0,0,0,95000,0,0,0,114000,19000,95000,95000
063816,TPK群益9C購01   ,0,0,0,0,0,0,0,0,0,95000,0,0,0,95000,0,95000,95000
061378,南六永豐9A購03  ,0,0,0,0,0,0,0,0,0,95000,0,0,0,174000,79000,95000,95000
060933,南電永豐9A購02  ,0,0,0,0,0,0,0,0,0,95000,0,0,0,139000,44000,95000,95000
060612,世紀鋼凱基9A購01,0,0,0,0,0,0,0,0,0,95000,0,0,0,95000,0,95000,95000
061162,南電群益9A購02  ,0,0,0,0,0,0,0,0,0,95000,0,0,0,96000,1000,95000,95000
062845,微星富邦01購01  ,0,0,0,0,0,0,0,0,0,95000,0,0,0,106000,11000,95000,95000
062194,遠東新中信9C購01,0,0,0,0,0,0,0,0,0,95000,0,0,0,100000,5000,95000,95000
062252,華邦電元大9C購01,0,0,0,0,0,0,0,0,0,95000,0,0,0,229000,134000,95000,95000
062003,國巨國泰01購01  ,0,0,0,0,0,0,0,0,0,95000,0,0,0,95000,0,95000,95000
066327,強茂永豐01購01  ,0,0,0,0,0,0,0,0,0,95000,0,0,0,190000,95000,95000,95000
065929,TPK國票02購01   ,0,0,0,0,0,0,0,0,0,95000,0,0,0,112000,17000,95000,95000
064179,上銀富邦01購01  ,0,0,0,0,0,0,0,0,0,95000,0,0,0,120000,25000,95000,95000
08863P,台積電元大01售25,0,0,0,0,0,0,0,0,0,95000,0,0,0,871000,776000,95000,95000
08984P,玉晶光凱基02售03,0,0,0,0,0,0,0,0,0,95000,0,0,0,103000,8000,95000,95000
067895,玉晶光群益02購09,0,0,0,0,0,0,0,0,0,94000,0,0,0,262000,168000,94000,94000
07131P,緯穎元大99售06  ,0,0,0,0,0,0,0,0,0,94000,0,0,0,94000,0,94000,94000
067066,鴻海元大01購15  ,0,0,0,0,0,0,0,0,0,94000,0,0,0,166000,72000,94000,94000
067280,國巨第一01購01  ,0,0,0,0,0,0,0,0,0,94000,0,0,0,440000,346000,94000,94000
054164,強茂凱基98購01  ,0,0,0,0,0,0,0,0,0,94000,0,0,0,130000,36000,94000,94000
061142,南電統一9A購01  ,0,0,0,0,0,0,0,0,0,94000,0,0,0,94000,0,94000,94000
063602,金像電凱基9B購04,0,0,0,0,0,0,0,0,0,94000,0,0,0,186000,92000,94000,94000
063617,鴻海兆豐01購01  ,0,0,0,0,0,0,0,0,0,94000,0,0,0,105000,11000,94000,94000
063493,金像電富邦01購01,0,0,0,0,0,0,0,0,0,94000,0,0,0,128000,34000,94000,94000
063968,新光金國票01購01,0,0,0,0,0,0,0,0,0,94000,0,0,0,95000,1000,94000,94000
064803,智邦元大9C購05  ,0,0,0,0,0,0,0,0,0,94000,0,0,0,125000,31000,94000,94000
065713,緯穎群益9C購04  ,0,0,0,0,0,0,0,0,0,94000,0,0,0,104000,10000,94000,94000
063698,上銀群益9B購05  ,0,0,0,0,0,0,0,0,0,93000,0,0,0,228000,135000,93000,93000
059823,奇力新凱基99購07,0,0,0,0,0,0,0,0,0,93000,0,0,0,95000,2000,93000,93000
064641,神隆凱基9C購01  ,0,0,0,0,0,0,0,0,0,93000,0,0,0,93000,0,93000,93000
067333,凌陽凱基02購01  ,0,0,0,0,0,0,0,0,0,92000,0,0,0,112000,20000,92000,92000
066733,大立光元大01購10,0,0,0,0,0,0,0,0,0,92000,0,0,0,92000,0,92000,92000
058851,大立光群益99購07,0,0,0,0,0,0,0,0,0,92000,0,0,0,130000,38000,92000,92000
063500,嘉晶永豐9B購02  ,0,0,0,0,0,0,0,0,0,92000,0,0,0,193000,101000,92000,92000
061309,鴻海統一9C購05  ,0,0,0,0,0,0,0,0,0,92000,0,0,0,92000,0,92000,92000
062405,泰鼎永豐9B購02  ,0,0,0,0,0,0,0,0,0,92000,0,0,0,209000,117000,92000,92000
065312,日月光國票01購01,0,0,0,0,0,0,0,0,0,92000,0,0,0,110000,18000,92000,92000
066084,國巨富邦05購01  ,0,0,0,0,0,0,0,0,0,92000,0,0,0,321000,229000,92000,92000
066412,神隆元大01購01  ,0,0,0,0,0,0,0,0,0,92000,0,0,0,92000,0,92000,92000
066224,眾達國泰03購01  ,0,0,0,0,0,0,0,0,0,92000,0,0,0,92000,0,92000,92000
066983,禾伸堂群益01購01,0,0,0,0,0,0,0,0,0,91000,0,0,0,108000,17000,91000,91000
067005,盟立永豐01購04  ,0,0,0,0,0,0,0,0,0,91000,0,0,0,91000,0,91000,91000
067581,聯電群益03購01  ,0,0,0,0,0,0,0,0,0,91000,0,0,0,343000,252000,91000,91000
058608,華新科元大99購13,0,0,0,0,0,0,0,0,0,91000,0,0,0,107000,16000,91000,91000
054169,上緯控凱基98購01,0,0,0,0,0,0,0,0,0,91000,0,0,0,166000,75000,91000,91000
056213,建準國票98購02  ,0,0,0,0,0,0,0,0,0,91000,0,0,0,172000,81000,91000,91000
060236,精元元大9C購01  ,0,0,0,0,0,0,0,0,0,91000,0,0,0,107000,16000,91000,91000
066318,友訊永豐01購01  ,0,0,0,0,0,0,0,0,0,91000,0,0,0,96000,5000,91000,91000
065729,聯詠凱基9C購04  ,0,0,0,0,0,0,0,0,0,91000,0,0,0,203000,112000,91000,91000
3044,健鼎            ,1750000,1640181,109819,0,0,0,310000,0,310000,-329000,2000,11000,-9000,17000,337000,-320000,90819
067246,鎧勝群益01購02  ,0,0,0,0,0,0,0,0,0,90000,0,0,0,334000,244000,90000,90000
067049,明泰凱基01購01  ,0,0,0,0,0,0,0,0,0,90000,0,0,0,350000,260000,90000,90000
066809,新唐凱基01購01  ,0,0,0,0,0,0,0,0,0,90000,0,0,0,90000,0,90000,90000
066709,聚碩群益01購01  ,0,0,0,0,0,0,0,0,0,90000,0,0,0,100000,10000,90000,90000
07421P,國泰金元大99售01,0,0,0,0,0,0,0,0,0,90000,0,0,0,100000,10000,90000,90000
067678,大立光元大02購02,0,0,0,0,0,0,0,0,0,90000,0,0,0,121000,31000,90000,90000
08256P,台積電元大9C售02,0,0,0,0,0,0,0,0,0,90000,0,0,0,130000,40000,90000,90000
08262P,茂林元大9C售01  ,0,0,0,0,0,0,0,0,0,90000,0,0,0,155000,65000,90000,90000
056266,開發金統一9A購01,0,0,0,0,0,0,0,0,0,90000,0,0,0,90000,0,90000,90000
057625,泰鼎國泰9A購01  ,0,0,0,0,0,0,0,0,0,90000,0,0,0,90000,0,90000,90000
059488,大立光兆豐99購03,0,0,0,0,0,0,0,0,0,90000,0,0,0,100000,10000,90000,90000
055661,亞德客中信98購01,0,0,0,0,0,0,0,0,0,90000,0,0,0,90000,0,90000,90000
00737,國泰AI+Robo     ,97000,0,97000,0,0,0,0,0,0,-7000,0,0,0,240000,247000,-7000,90000
059375,道瓊反群益9C購02,0,0,0,0,0,0,0,0,0,90000,0,0,0,90000,0,90000,90000
059343,宏達電凱基99購04,0,0,0,0,0,0,0,0,0,90000,0,0,0,113000,23000,90000,90000
057865,富邦金凱基98購01,0,0,0,0,0,0,0,0,0,90000,0,0,0,90000,0,90000,90000
060390,聯鈞群益9A購01  ,0,0,0,0,0,0,0,0,0,90000,0,0,0,332000,242000,90000,90000
060058,牧德凱基9B購01  ,0,0,0,0,0,0,0,0,0,90000,0,0,0,150000,60000,90000,90000
061682,南電元大9B購01  ,0,0,0,0,0,0,0,0,0,90000,0,0,0,95000,5000,90000,90000
061350,牧德元大9B購03  ,0,0,0,0,0,0,0,0,0,90000,0,0,0,100000,10000,90000,90000
060531,大立光中信9A購04,0,0,0,0,0,0,0,0,0,90000,0,0,0,90000,0,90000,90000
060880,中壽中信9C購01  ,0,0,0,0,0,0,0,0,0,90000,0,0,0,90000,0,90000,90000
065707,聯詠群益9C購02  ,0,0,0,0,0,0,0,0,0,90000,0,0,0,105000,15000,90000,90000
065783,友訊永豐9C購02  ,0,0,0,0,0,0,0,0,0,90000,0,0,0,190000,100000,90000,90000
065309,亞光國票01購01  ,0,0,0,0,0,0,0,0,0,90000,0,0,0,90000,0,90000,90000
9105,泰金寶-DR       ,101000,11000,90000,0,0,0,0,0,0,0,0,0,0,0,0,0,90000
066496,大立光國泰03購01,0,0,0,0,0,0,0,0,0,89000,0,0,0,92000,3000,89000,89000
067331,友訊凱基01購02  ,0,0,0,0,0,0,0,0,0,89000,0,0,0,272000,183000,89000,89000
058310,大立光元大99購10,0,0,0,0,0,0,0,0,0,89000,0,0,0,100000,11000,89000,89000
061898,茂林永豐9B購01  ,0,0,0,0,0,0,0,0,0,89000,0,0,0,116000,27000,89000,89000
062914,嘉澤元大9B購02  ,0,0,0,0,0,0,0,0,0,89000,0,0,0,89000,0,89000,89000
061647,南六元大9A購03  ,0,0,0,0,0,0,0,0,0,89000,0,0,0,105000,16000,89000,89000
061373,華通富邦9A購02  ,0,0,0,0,0,0,0,0,0,89000,0,0,0,167000,78000,89000,89000
061374,力山永豐9A購04  ,0,0,0,0,0,0,0,0,0,89000,0,0,0,169000,80000,89000,89000
066063,南電元大01購04  ,0,0,0,0,0,0,0,0,0,89000,0,0,0,151000,62000,89000,89000
064537,健鼎國票01購02  ,0,0,0,0,0,0,0,0,0,89000,0,0,0,110000,21000,89000,89000
063901,緯穎群益9C購01  ,0,0,0,0,0,0,0,0,0,89000,0,0,0,183000,94000,89000,89000
064330,燿華元大9C購02  ,0,0,0,0,0,0,0,0,0,89000,0,0,0,188000,99000,89000,89000
066889,元大金中信07購01,0,0,0,0,0,0,0,0,0,88000,0,0,0,88000,0,88000,88000
061245,晶技群益9A購01  ,0,0,0,0,0,0,0,0,0,88000,0,0,0,197000,109000,88000,88000
057222,鴻海國票99購04  ,0,0,0,0,0,0,0,0,0,88000,0,0,0,88000,0,88000,88000
059929,華新科富邦9C購03,0,0,0,0,0,0,0,0,0,88000,0,0,0,88000,0,88000,88000
063507,奇鋐群益9B購02  ,0,0,0,0,0,0,0,0,0,88000,0,0,0,114000,26000,88000,88000
062826,奇力新群益9C購01,0,0,0,0,0,0,0,0,0,88000,0,0,0,88000,0,88000,88000
061307,和潤永豐9A購02  ,0,0,0,0,0,0,0,0,0,88000,0,0,0,88000,0,88000,88000
063864,健策富邦01購01  ,0,0,0,0,0,0,0,0,0,88000,0,0,0,118000,30000,88000,88000
064119,上銀元大9C購06  ,0,0,0,0,0,0,0,0,0,88000,0,0,0,115000,27000,88000,88000
064615,智邦元大01購01  ,0,0,0,0,0,0,0,0,0,88000,0,0,0,132000,44000,88000,88000
064805,金像電元大9C購04,0,0,0,0,0,0,0,0,0,88000,0,0,0,102000,14000,88000,88000
064819,華新統一01購02  ,0,0,0,0,0,0,0,0,0,88000,0,0,0,102000,14000,88000,88000
067323,美利達元大01購04,0,0,0,0,0,0,0,0,0,87000,0,0,0,168000,81000,87000,87000
07557P,玉晶光元大9A售09,0,0,0,0,0,0,0,0,0,87000,0,0,0,110000,23000,87000,87000
054778,世紀鋼國票99購01,0,0,0,0,0,0,0,0,0,87000,0,0,0,137000,50000,87000,87000
059064,緯穎凱基99購02  ,0,0,0,0,0,0,0,0,0,87000,0,0,0,87000,0,87000,87000
062622,南電元大9B購03  ,0,0,0,0,0,0,0,0,0,87000,0,0,0,96000,9000,87000,87000
060675,南亞科元大9A購02,0,0,0,0,0,0,0,0,0,87000,0,0,0,92000,5000,87000,87000
059919,宏達電元大99購06,0,0,0,0,0,0,0,0,0,87000,0,0,0,113000,26000,87000,87000
064659,台達電元大9C購02,0,0,0,0,0,0,0,0,0,87000,0,0,0,88000,1000,87000,87000
065059,神隆群益9C購01  ,0,0,0,0,0,0,0,0,0,87000,0,0,0,87000,0,87000,87000
064291,南六元大9C購04  ,0,0,0,0,0,0,0,0,0,87000,0,0,0,225000,138000,87000,87000
065755,日電貿元大9C購02,0,0,0,0,0,0,0,0,0,87000,0,0,0,100000,13000,87000,87000
2705,六福            ,124000,37000,87000,0,0,0,0,0,0,0,0,0,0,0,0,0,87000
067193,台表科凱基03購02,0,0,0,0,0,0,0,0,0,86000,0,0,0,152000,66000,86000,86000
067110,德律群益01購01  ,0,0,0,0,0,0,0,0,0,86000,0,0,0,134000,48000,86000,86000
067549,聯電中信03購01  ,0,0,0,0,0,0,0,0,0,86000,0,0,0,165000,79000,86000,86000
067003,聯發科永豐01購02,0,0,0,0,0,0,0,0,0,86000,0,0,0,456000,370000,86000,86000
059785,美律元大9A購03  ,0,0,0,0,0,0,0,0,0,86000,0,0,0,86000,0,86000,86000
060360,南亞科元富9A購02,0,0,0,0,0,0,0,0,0,86000,0,0,0,172000,86000,86000,86000
063587,漢唐永豐9B購02  ,0,0,0,0,0,0,0,0,0,86000,0,0,0,86000,0,86000,86000
061117,美律國泰9C購01  ,0,0,0,0,0,0,0,0,0,86000,0,0,0,213000,127000,86000,86000
065985,金像電永豐01購02,0,0,0,0,0,0,0,0,0,86000,0,0,0,153000,67000,86000,86000
065891,聯發科統一02購03,0,0,0,0,0,0,0,0,0,86000,0,0,0,197000,111000,86000,86000
066284,松翰元大01購01  ,0,0,0,0,0,0,0,0,0,86000,0,0,0,106000,20000,86000,86000
08923P,聯發科統一01售13,0,0,0,0,0,0,0,0,0,86000,0,0,0,90000,4000,86000,86000
066590,華新科群益01購04,0,0,0,0,0,0,0,0,0,85000,0,0,0,85000,0,85000,85000
067493,健策元大01購12  ,0,0,0,0,0,0,0,0,0,85000,0,0,0,145000,60000,85000,85000
06712P,臺股指台新99售09,0,0,0,0,0,0,0,0,0,85000,0,0,0,130000,45000,85000,85000
07558P,玉晶光元大9A售10,0,0,0,0,0,0,0,0,0,85000,0,0,0,240000,155000,85000,85000
07223P,鴻海元大99售29  ,0,0,0,0,0,0,0,0,0,85000,0,0,0,85000,0,85000,85000
057578,可成中信99購01  ,0,0,0,0,0,0,0,0,0,85000,0,0,0,410000,325000,85000,85000
057553,景碩凱基98購03  ,0,0,0,0,0,0,0,0,0,85000,0,0,0,97000,12000,85000,85000
056903,大立光元大99購04,0,0,0,0,0,0,0,0,0,85000,0,0,0,128000,43000,85000,85000
063631,燿華元大9B購06  ,0,0,0,0,0,0,0,0,0,85000,0,0,0,87000,2000,85000,85000
059890,大立光國票99購03,0,0,0,0,0,0,0,0,0,85000,0,0,0,85000,0,85000,85000
061773,和潤元大9B購01  ,0,0,0,0,0,0,0,0,0,85000,0,0,0,85000,0,85000,85000
061792,和大永豐9B購01  ,0,0,0,0,0,0,0,0,0,85000,0,0,0,85000,0,85000,85000
066167,強茂凱基01購01  ,0,0,0,0,0,0,0,0,0,85000,0,0,0,190000,105000,85000,85000
065998,友訊國票01購02  ,0,0,0,0,0,0,0,0,0,85000,0,0,0,133000,48000,85000,85000
065288,華新科群益02購02,0,0,0,0,0,0,0,0,0,85000,0,0,0,85000,0,85000,85000
064739,智邦國票01購01  ,0,0,0,0,0,0,0,0,0,85000,0,0,0,99000,14000,85000,85000
067157,惠特統一03購03  ,0,0,0,0,0,0,0,0,0,84000,0,0,0,249000,165000,84000,84000
057165,國巨元大99購05  ,0,0,0,0,0,0,0,0,0,84000,0,0,0,85000,1000,84000,84000
055271,鴻海元大98購03  ,0,0,0,0,0,0,0,0,0,84000,0,0,0,85000,1000,84000,84000
058925,旭富元富99購02  ,0,0,0,0,0,0,0,0,0,84000,0,0,0,84000,0,84000,84000
063202,南亞科統一9C購02,0,0,0,0,0,0,0,0,0,84000,0,0,0,99000,15000,84000,84000
060259,潤泰全凱基9C購01,0,0,0,0,0,0,0,0,0,84000,0,0,0,96000,12000,84000,84000
064041,國巨統一01購07  ,0,0,0,0,0,0,0,0,0,84000,0,0,0,124000,40000,84000,84000
063971,健鼎國票01購01  ,0,0,0,0,0,0,0,0,0,84000,0,0,0,115000,31000,84000,84000
065212,瑞儀國票01購01  ,0,0,0,0,0,0,0,0,0,84000,0,0,0,151000,67000,84000,84000
1905,華紙            ,184000,67000,117000,0,0,0,0,0,0,-33000,0,35000,-35000,2000,0,2000,84000
2417,圓剛            ,2087000,1999000,88000,0,0,0,0,0,0,-4000,0,4000,-4000,0,0,0,84000
08302P,長榮航國泰02售01,0,0,0,0,0,0,0,0,0,83000,0,0,0,241000,158000,83000,83000
058368,奇鋐凱基9A購01  ,0,0,0,0,0,0,0,0,0,83000,0,0,0,98000,15000,83000,83000
060243,潤泰全元大9C購02,0,0,0,0,0,0,0,0,0,83000,0,0,0,151000,68000,83000,83000
063191,台表科凱基9B購03,0,0,0,0,0,0,0,0,0,83000,0,0,0,166000,83000,83000,83000
061429,南六元大9A購02  ,0,0,0,0,0,0,0,0,0,83000,0,0,0,83000,0,83000,83000
064470,世紀鋼元富03購01,0,0,0,0,0,0,0,0,0,83000,0,0,0,84000,1000,83000,83000
064718,友達統一02購01  ,0,0,0,0,0,0,0,0,0,83000,0,0,0,279000,196000,83000,83000
064999,T50反1國票9C購03,0,0,0,0,0,0,0,0,0,83000,0,0,0,90000,7000,83000,83000
3018,同開            ,99000,16000,83000,0,0,0,0,0,0,0,0,0,0,0,0,0,83000
2395,研華            ,650000,556712,93288,0,0,0,0,3000,-3000,-8000,0,5000,-5000,0,3000,-3000,82288
067216,健策元大01購09  ,0,0,0,0,0,0,0,0,0,82000,0,0,0,150000,68000,82000,82000
057385,光罩永豐99購01  ,0,0,0,0,0,0,0,0,0,82000,0,0,0,488000,406000,82000,82000
063814,嘉晶群益9C購01  ,0,0,0,0,0,0,0,0,0,82000,0,0,0,213000,131000,82000,82000
063395,金像電群益9B購02,0,0,0,0,0,0,0,0,0,82000,0,0,0,100000,18000,82000,82000
060959,金像電凱基9A購01,0,0,0,0,0,0,0,0,0,82000,0,0,0,112000,30000,82000,82000
063145,台表科統一02購01,0,0,0,0,0,0,0,0,0,82000,0,0,0,82000,0,82000,82000
063038,富邦金凱基9B購02,0,0,0,0,0,0,0,0,0,82000,0,0,0,83000,1000,82000,82000
065295,旭富群益9C購02  ,0,0,0,0,0,0,0,0,0,82000,0,0,0,180000,98000,82000,82000
065454,神隆元富9C購01  ,0,0,0,0,0,0,0,0,0,82000,0,0,0,82000,0,82000,82000
065679,聯發科統一03購01,0,0,0,0,0,0,0,0,0,82000,0,0,0,202000,120000,82000,82000
065914,智邦凱基02購03  ,0,0,0,0,0,0,0,0,0,82000,0,0,0,130000,48000,82000,82000
066311,生達永豐01購01  ,0,0,0,0,0,0,0,0,0,82000,0,0,0,82000,0,82000,82000
8464,億豐            ,280000,180000,100000,0,0,0,0,1000,-1000,-17000,0,17000,-17000,0,0,0,82000
00739,元大MSCI A股    ,116000,116000,0,0,0,0,0,0,0,81346,0,0,0,755346,674000,81346,81346
066536,漢唐兆豐03購01  ,0,0,0,0,0,0,0,0,0,81000,0,0,0,81000,0,81000,81000
08159P,日月光元富9B售01,0,0,0,0,0,0,0,0,0,81000,0,0,0,139000,58000,81000,81000
00875,國泰網路資安    ,0,0,0,0,0,0,0,0,0,81000,0,0,0,451000,370000,81000,81000
057182,禾伸堂元大99購02,0,0,0,0,0,0,0,0,0,81000,0,0,0,247000,166000,81000,81000
055703,緯穎富邦98購01  ,0,0,0,0,0,0,0,0,0,81000,0,0,0,81000,0,81000,81000
063799,華邦電凱基9C購02,0,0,0,0,0,0,0,0,0,81000,0,0,0,120000,39000,81000,81000
060641,聯鈞永豐9A購01  ,0,0,0,0,0,0,0,0,0,81000,0,0,0,191000,110000,81000,81000
061463,智邦群益9A購02  ,0,0,0,0,0,0,0,0,0,81000,0,0,0,134000,53000,81000,81000
059985,華新科元大99購22,0,0,0,0,0,0,0,0,0,81000,0,0,0,95000,14000,81000,81000
066389,南港凱基01購01  ,0,0,0,0,0,0,0,0,0,81000,0,0,0,91000,10000,81000,81000
066392,聯強凱基01購01  ,0,0,0,0,0,0,0,0,0,81000,0,0,0,190000,109000,81000,81000
065963,鴻海元大01購05  ,0,0,0,0,0,0,0,0,0,81000,0,0,0,111000,30000,81000,81000
064358,台達電統一01購02,0,0,0,0,0,0,0,0,0,81000,0,0,0,81000,0,81000,81000
1707,葡萄王          ,153000,71000,82000,0,0,0,0,0,0,-1000,0,1000,-1000,0,0,0,81000
1447,力鵬            ,152000,61000,91000,0,0,0,0,0,0,-10000,0,10000,-10000,0,0,0,81000
08186P,泰碩永豐9B售03  ,0,0,0,0,0,0,0,0,0,80000,0,0,0,80000,0,80000,80000
08014P,微星凱基9B售02  ,0,0,0,0,0,0,0,0,0,80000,0,0,0,80000,0,80000,80000
07763P,嘉澤永豐9A售02  ,0,0,0,0,0,0,0,0,0,80000,0,0,0,80000,0,80000,80000
08332P,智邦台新9C售03  ,0,0,0,0,0,0,0,0,0,80000,0,0,0,80000,0,80000,80000
066795,台積電凱基02購07,0,0,0,0,0,0,0,0,0,80000,0,0,0,80000,0,80000,80000
056450,可成凱基98購05  ,0,0,0,0,0,0,0,0,0,80000,0,0,0,80000,0,80000,80000
056858,國巨群益99購03  ,0,0,0,0,0,0,0,0,0,80000,0,0,0,100000,20000,80000,80000
054312,TPK凱基98購01   ,0,0,0,0,0,0,0,0,0,80000,0,0,0,80000,0,80000,80000
059766,同欣電永豐99購03,0,0,0,0,0,0,0,0,0,80000,0,0,0,140000,60000,80000,80000
058628,宏達電國票9A購01,0,0,0,0,0,0,0,0,0,80000,0,0,0,80000,0,80000,80000
058861,國巨凱基9A購08  ,0,0,0,0,0,0,0,0,0,80000,0,0,0,80000,0,80000,80000
058262,大立光富邦9C購02,0,0,0,0,0,0,0,0,0,80000,0,0,0,110000,30000,80000,80000
058178,國巨國泰9A購02  ,0,0,0,0,0,0,0,0,0,80000,0,0,0,95000,15000,80000,80000
057970,國巨富邦99購03  ,0,0,0,0,0,0,0,0,0,80000,0,0,0,80000,0,80000,80000
062045,崇越凱基9B購01  ,0,0,0,0,0,0,0,0,0,80000,0,0,0,80000,0,80000,80000
061844,T50反1國票9C購02,0,0,0,0,0,0,0,0,0,80000,0,0,0,80000,0,80000,80000
061693,華新科群益9B購02,0,0,0,0,0,0,0,0,0,80000,0,0,0,80000,0,80000,80000
060660,國巨凱基9B購04  ,0,0,0,0,0,0,0,0,0,80000,0,0,0,80000,0,80000,80000
063432,金寶元富9B購01  ,0,0,0,0,0,0,0,0,0,80000,0,0,0,100000,20000,80000,80000
063567,漢唐元大9B購03  ,0,0,0,0,0,0,0,0,0,80000,0,0,0,157000,77000,80000,80000
063020,奇力新元大9B購04,0,0,0,0,0,0,0,0,0,80000,0,0,0,228000,148000,80000,80000
062192,南六元大9B購01  ,0,0,0,0,0,0,0,0,0,80000,0,0,0,100000,20000,80000,80000
062544,信錦永豐9B購01  ,0,0,0,0,0,0,0,0,0,80000,0,0,0,80000,0,80000,80000
060954,國泰金群益9A購02,0,0,0,0,0,0,0,0,0,80000,0,0,0,80000,0,80000,80000
064356,矽創元大01購01  ,0,0,0,0,0,0,0,0,0,80000,0,0,0,205000,125000,80000,80000
064150,全新統一01購03  ,0,0,0,0,0,0,0,0,0,80000,0,0,0,80000,0,80000,80000
065103,南六元大9C購06  ,0,0,0,0,0,0,0,0,0,80000,0,0,0,165000,85000,80000,80000
064550,南茂凱基01購01  ,0,0,0,0,0,0,0,0,0,80000,0,0,0,112000,32000,80000,80000
065999,燿華國票02購01  ,0,0,0,0,0,0,0,0,0,80000,0,0,0,110000,30000,80000,80000
066238,聯鈞富邦03購01  ,0,0,0,0,0,0,0,0,0,80000,0,0,0,170000,90000,80000,80000
059037,宏達電群益99購02,0,0,0,0,0,0,0,0,0,79000,0,0,0,88000,9000,79000,79000
059507,鴻海永豐99購03  ,0,0,0,0,0,0,0,0,0,79000,0,0,0,79000,0,79000,79000
062560,奇鋐凱基9B購02  ,0,0,0,0,0,0,0,0,0,79000,0,0,0,176000,97000,79000,79000
062828,聯詠群益9B購02  ,0,0,0,0,0,0,0,0,0,79000,0,0,0,79000,0,79000,79000
062381,上銀國泰9C購01  ,0,0,0,0,0,0,0,0,0,79000,0,0,0,79000,0,79000,79000
065829,嘉晶凱基9C購05  ,0,0,0,0,0,0,0,0,0,79000,0,0,0,379000,300000,79000,79000
064892,台達電群益9C購02,0,0,0,0,0,0,0,0,0,79000,0,0,0,148000,69000,79000,79000
066768,瀚宇博永豐01購01,0,0,0,0,0,0,0,0,0,78000,0,0,0,78000,0,78000,78000
066497,大立光國泰03購02,0,0,0,0,0,0,0,0,0,78000,0,0,0,102000,24000,78000,78000
067142,美利達永豐01購02,0,0,0,0,0,0,0,0,0,78000,0,0,0,78000,0,78000,78000
056891,國巨元大99購03  ,0,0,0,0,0,0,0,0,0,78000,0,0,0,125000,47000,78000,78000
053095,台光電統一98購01,0,0,0,0,0,0,0,0,0,78000,0,0,0,267000,189000,78000,78000
053400,緯穎中信9A購01  ,0,0,0,0,0,0,0,0,0,78000,0,0,0,78000,0,78000,78000
062980,康控元富9B購01  ,0,0,0,0,0,0,0,0,0,78000,0,0,0,142000,64000,78000,78000
062540,茂林國泰9C購01  ,0,0,0,0,0,0,0,0,0,78000,0,0,0,78000,0,78000,78000
063106,台表科群益9B購03,0,0,0,0,0,0,0,0,0,78000,0,0,0,90000,12000,78000,78000
063562,國巨元大9C購06  ,0,0,0,0,0,0,0,0,0,78000,0,0,0,84000,6000,78000,78000
060656,國巨統一9C購03  ,0,0,0,0,0,0,0,0,0,78000,0,0,0,78000,0,78000,78000
064598,國巨元富9C購03  ,0,0,0,0,0,0,0,0,0,78000,0,0,0,119000,41000,78000,78000
064341,聯詠元大9C購01  ,0,0,0,0,0,0,0,0,0,78000,0,0,0,163000,85000,78000,78000
067076,聯詠元大01購05  ,0,0,0,0,0,0,0,0,0,77000,0,0,0,476000,399000,77000,77000
067344,鎧勝凱基02購01  ,0,0,0,0,0,0,0,0,0,77000,0,0,0,290000,213000,77000,77000
066522,建準中信01購01  ,0,0,0,0,0,0,0,0,0,77000,0,0,0,176000,99000,77000,77000
066600,瀚宇博國泰03購01,0,0,0,0,0,0,0,0,0,77000,0,0,0,159000,82000,77000,77000
00728,第一金工業30    ,7000,7000,0,0,0,0,0,0,0,77000,0,0,0,177000,100000,77000,77000
047505,元金2X國票9B購01,0,0,0,0,0,0,0,0,0,77000,0,0,0,77000,0,77000,77000
059756,奇力新富邦9C購01,0,0,0,0,0,0,0,0,0,77000,0,0,0,77000,0,77000,77000
060187,華新科元富9A購02,0,0,0,0,0,0,0,0,0,77000,0,0,0,77000,0,77000,77000
061525,華新科凱基9A購13,0,0,0,0,0,0,0,0,0,77000,0,0,0,92000,15000,77000,77000
060029,嘉晶永豐99購03  ,0,0,0,0,0,0,0,0,0,77000,0,0,0,127000,50000,77000,77000
062260,華新科元大9B購09,0,0,0,0,0,0,0,0,0,77000,0,0,0,92000,15000,77000,77000
063873,南六永豐9C購01  ,0,0,0,0,0,0,0,0,0,77000,0,0,0,77000,0,77000,77000
065492,台灣50富邦03購02,0,0,0,0,0,0,0,0,0,77000,0,0,0,402000,325000,77000,77000
067383,樺漢統一03購02  ,0,0,0,0,0,0,0,0,0,76000,0,0,0,76000,0,76000,76000
067676,大立光元大01購12,0,0,0,0,0,0,0,0,0,76000,0,0,0,89000,13000,76000,76000
067272,鴻海統一01購05  ,0,0,0,0,0,0,0,0,0,76000,0,0,0,126000,50000,76000,76000
07807P,聯茂永豐9A售02  ,0,0,0,0,0,0,0,0,0,76000,0,0,0,76000,0,76000,76000
057397,茂林中信9A購01  ,0,0,0,0,0,0,0,0,0,76000,0,0,0,98000,22000,76000,76000
057961,茂林元大9A購01  ,0,0,0,0,0,0,0,0,0,76000,0,0,0,294000,218000,76000,76000
058328,世紀鋼統一9B購01,0,0,0,0,0,0,0,0,0,76000,0,0,0,186000,110000,76000,76000
062667,立積群益9B購01  ,0,0,0,0,0,0,0,0,0,76000,0,0,0,90000,14000,76000,76000
063135,國巨統一9B購16  ,0,0,0,0,0,0,0,0,0,76000,0,0,0,86000,10000,76000,76000
060888,金像電統一9C購01,0,0,0,0,0,0,0,0,0,76000,0,0,0,159000,83000,76000,76000
061072,南電凱基9B購01  ,0,0,0,0,0,0,0,0,0,76000,0,0,0,122000,46000,76000,76000
061536,華擎統一9C購02  ,0,0,0,0,0,0,0,0,0,76000,0,0,0,76000,0,76000,76000
065552,聯發科凱基9C購12,0,0,0,0,0,0,0,0,0,76000,0,0,0,89000,13000,76000,76000
063885,南六元富9C購01  ,0,0,0,0,0,0,0,0,0,76000,0,0,0,233000,157000,76000,76000
064724,健鼎統一02購02  ,0,0,0,0,0,0,0,0,0,76000,0,0,0,85000,9000,76000,76000
067790,台表科群益01購03,0,0,0,0,0,0,0,0,0,75000,0,0,0,86000,11000,75000,75000
067582,華通群益02購04  ,0,0,0,0,0,0,0,0,0,75000,0,0,0,95000,20000,75000,75000
066603,台達電富邦05購01,0,0,0,0,0,0,0,0,0,75000,0,0,0,130000,55000,75000,75000
066692,T50反1群益01購04,0,0,0,0,0,0,0,0,0,75000,0,0,0,85000,10000,75000,75000
066551,大立光元大01購07,0,0,0,0,0,0,0,0,0,75000,0,0,0,185000,110000,75000,75000
053185,友達中信99購01  ,0,0,0,0,0,0,0,0,0,75000,0,0,0,85000,10000,75000,75000
053063,力山群益98購01  ,0,0,0,0,0,0,0,0,0,75000,0,0,0,75000,0,75000,75000
054868,國泰金群益9A購01,0,0,0,0,0,0,0,0,0,75000,0,0,0,75000,0,75000,75000
061508,南六國泰9C購02  ,0,0,0,0,0,0,0,0,0,75000,0,0,0,140000,65000,75000,75000
061610,力成統一9C購01  ,0,0,0,0,0,0,0,0,0,75000,0,0,0,115000,40000,75000,75000
063423,聯詠凱基9C購02  ,0,0,0,0,0,0,0,0,0,75000,0,0,0,121000,46000,75000,75000
063691,聯鈞永豐9B購01  ,0,0,0,0,0,0,0,0,0,75000,0,0,0,189000,114000,75000,75000
063692,華擎永豐9B購02  ,0,0,0,0,0,0,0,0,0,75000,0,0,0,75000,0,75000,75000
062778,國巨元大9B購17  ,0,0,0,0,0,0,0,0,0,75000,0,0,0,75000,0,75000,75000
062436,國巨元大9B購14  ,0,0,0,0,0,0,0,0,0,75000,0,0,0,75000,0,75000,75000
062357,國巨元大9B購11  ,0,0,0,0,0,0,0,0,0,75000,0,0,0,75000,0,75000,75000
062358,國巨元大9B購12  ,0,0,0,0,0,0,0,0,0,75000,0,0,0,75000,0,75000,75000
064852,智邦台新9C購04  ,0,0,0,0,0,0,0,0,0,75000,0,0,0,77000,2000,75000,75000
064980,牧德元大01購01  ,0,0,0,0,0,0,0,0,0,75000,0,0,0,100000,25000,75000,75000
065141,國巨凱基9C購10  ,0,0,0,0,0,0,0,0,0,75000,0,0,0,101000,26000,75000,75000
063938,上銀元大9C購03  ,0,0,0,0,0,0,0,0,0,75000,0,0,0,75000,0,75000,75000
065364,國巨元大9C購18  ,0,0,0,0,0,0,0,0,0,75000,0,0,0,75000,0,75000,75000
065205,金寶國票01購01  ,0,0,0,0,0,0,0,0,0,75000,0,0,0,110000,35000,75000,75000
065965,國巨元大01購05  ,0,0,0,0,0,0,0,0,0,75000,0,0,0,75000,0,75000,75000
067389,聯發科元富07購04,0,0,0,0,0,0,0,0,0,74000,0,0,0,130000,56000,74000,74000
067062,神隆元大01購02  ,0,0,0,0,0,0,0,0,0,74000,0,0,0,74000,0,74000,74000
08609P,世紀鋼永豐9C售03,0,0,0,0,0,0,0,0,0,74000,0,0,0,156000,82000,74000,74000
056517,茂林兆豐99購01  ,0,0,0,0,0,0,0,0,0,74000,0,0,0,74000,0,74000,74000
056906,玉晶光元大9B購01,0,0,0,0,0,0,0,0,0,74000,0,0,0,215000,141000,74000,74000
057211,鴻海群益98購05  ,0,0,0,0,0,0,0,0,0,74000,0,0,0,74000,0,74000,74000
060468,聯鈞元大9A購02  ,0,0,0,0,0,0,0,0,0,74000,0,0,0,225000,151000,74000,74000
062480,茂林國票9B購01  ,0,0,0,0,0,0,0,0,0,74000,0,0,0,94000,20000,74000,74000
062643,緯穎國票9B購01  ,0,0,0,0,0,0,0,0,0,74000,0,0,0,74000,0,74000,74000
062925,建準國票9B購01  ,0,0,0,0,0,0,0,0,0,74000,0,0,0,155000,81000,74000,74000
060599,國巨凱基9C購01  ,0,0,0,0,0,0,0,0,0,74000,0,0,0,84000,10000,74000,74000
063802,南茂凱基9C購01  ,0,0,0,0,0,0,0,0,0,74000,0,0,0,74000,0,74000,74000
060238,強茂元大9C購01  ,0,0,0,0,0,0,0,0,0,74000,0,0,0,114000,40000,74000,74000
062088,緯穎元大9B購04  ,0,0,0,0,0,0,0,0,0,74000,0,0,0,119000,45000,74000,74000
065432,景碩凱基9C購03  ,0,0,0,0,0,0,0,0,0,74000,0,0,0,118000,44000,74000,74000
063851,健策元大01購01  ,0,0,0,0,0,0,0,0,0,74000,0,0,0,102000,28000,74000,74000
064669,健策元大01購03  ,0,0,0,0,0,0,0,0,0,74000,0,0,0,98000,24000,74000,74000
064534,京元電國票01購01,0,0,0,0,0,0,0,0,0,74000,0,0,0,84000,10000,74000,74000
067561,晶技國票02購01  ,0,0,0,0,0,0,0,0,0,73000,0,0,0,139000,66000,73000,73000
066574,康友元大01購01  ,0,0,0,0,0,0,0,0,0,73000,0,0,0,140000,67000,73000,73000
058685,TPK凱基99購01   ,0,0,0,0,0,0,0,0,0,73000,0,0,0,75000,2000,73000,73000
057771,鴻海群益99購01  ,0,0,0,0,0,0,0,0,0,73000,0,0,0,103000,30000,73000,73000
061746,國巨統一9C購07  ,0,0,0,0,0,0,0,0,0,73000,0,0,0,78000,5000,73000,73000
061428,南六元大9A購01  ,0,0,0,0,0,0,0,0,0,73000,0,0,0,76000,3000,73000,73000
063595,燿華中信9B購02  ,0,0,0,0,0,0,0,0,0,73000,0,0,0,73000,0,73000,73000
063688,建準永豐9B購03  ,0,0,0,0,0,0,0,0,0,73000,0,0,0,466000,393000,73000,73000
062319,南六凱基9B購02  ,0,0,0,0,0,0,0,0,0,73000,0,0,0,90000,17000,73000,73000
064623,創意元大9C購04  ,0,0,0,0,0,0,0,0,0,73000,0,0,0,99000,26000,73000,73000
065172,義隆元大9C購05  ,0,0,0,0,0,0,0,0,0,73000,0,0,0,116000,43000,73000,73000
065655,緯穎元大9C購05  ,0,0,0,0,0,0,0,0,0,73000,0,0,0,75000,2000,73000,73000
065736,同欣電凱基9C購05,0,0,0,0,0,0,0,0,0,73000,0,0,0,88000,15000,73000,73000
066052,景碩元大02購01  ,0,0,0,0,0,0,0,0,0,73000,0,0,0,118000,45000,73000,73000
066100,鎧勝中信05購01  ,0,0,0,0,0,0,0,0,0,73000,0,0,0,91000,18000,73000,73000
3030,德律            ,262682,152000,110682,0,0,0,0,0,0,-38000,0,2000,-2000,0,36000,-36000,72682
07865P,可成元大9B售02  ,0,0,0,0,0,0,0,0,0,72000,0,0,0,100000,28000,72000,72000
08092P,仁寶元富9B售02  ,0,0,0,0,0,0,0,0,0,72000,0,0,0,101000,29000,72000,72000
057696,聯電群益9A購01  ,0,0,0,0,0,0,0,0,0,72000,0,0,0,151000,79000,72000,72000
062320,南電凱基9B購03  ,0,0,0,0,0,0,0,0,0,72000,0,0,0,75000,3000,72000,72000
062432,上銀元大9B購04  ,0,0,0,0,0,0,0,0,0,72000,0,0,0,97000,25000,72000,72000
066235,大毅富邦04購01  ,0,0,0,0,0,0,0,0,0,72000,0,0,0,167000,95000,72000,72000
065643,聯發科元大01購06,0,0,0,0,0,0,0,0,0,72000,0,0,0,148000,76000,72000,72000
064735,群創元富9C購02  ,0,0,0,0,0,0,0,0,0,72000,0,0,0,111000,39000,72000,72000
063863,儒鴻富邦02購01  ,0,0,0,0,0,0,0,0,0,72000,0,0,0,293000,221000,72000,72000
8081,致新            ,150000,84000,66000,0,0,0,0,0,0,6000,0,2000,-2000,12000,4000,8000,72000
1611,中電            ,152000,76000,76000,0,0,0,0,0,0,-4000,0,4000,-4000,0,0,0,72000
08388P,台灣50中信03售09,0,0,0,0,0,0,0,0,0,71000,0,0,0,81000,10000,71000,71000
07720P,臺股指群益9A售09,0,0,0,0,0,0,0,0,0,71000,0,0,0,101000,30000,71000,71000
06954P,大立光元富99售01,0,0,0,0,0,0,0,0,0,71000,0,0,0,129000,58000,71000,71000
067588,欣興群益01購04  ,0,0,0,0,0,0,0,0,0,71000,0,0,0,73000,2000,71000,71000
067378,欣興統一02購02  ,0,0,0,0,0,0,0,0,0,71000,0,0,0,282000,211000,71000,71000
067459,微星永豐01購01  ,0,0,0,0,0,0,0,0,0,71000,0,0,0,76000,5000,71000,71000
058437,可成統一9B購01  ,0,0,0,0,0,0,0,0,0,71000,0,0,0,201000,130000,71000,71000
053181,滬深2X元富99購02,0,0,0,0,0,0,0,0,0,71000,0,0,0,86000,15000,71000,71000
062470,智邦凱基9C購01  ,0,0,0,0,0,0,0,0,0,71000,0,0,0,97000,26000,71000,71000
062344,力山群益9B購02  ,0,0,0,0,0,0,0,0,0,71000,0,0,0,167000,96000,71000,71000
062776,鴻海元大9B購03  ,0,0,0,0,0,0,0,0,0,71000,0,0,0,113000,42000,71000,71000
061410,緯穎國票9A購03  ,0,0,0,0,0,0,0,0,0,71000,0,0,0,82000,11000,71000,71000
061703,信邦國票9A購01  ,0,0,0,0,0,0,0,0,0,71000,0,0,0,71000,0,71000,71000
059920,宏達電元大99購07,0,0,0,0,0,0,0,0,0,71000,0,0,0,381000,310000,71000,71000
064007,嘉澤凱基02購01  ,0,0,0,0,0,0,0,0,0,71000,0,0,0,71000,0,71000,71000
065066,南電群益9C購02  ,0,0,0,0,0,0,0,0,0,71000,0,0,0,71000,0,71000,71000
065193,和大元富03購02  ,0,0,0,0,0,0,0,0,0,71000,0,0,0,86000,15000,71000,71000
067170,台積電麥證01購08,0,0,0,96000,26000,70000,0,0,0,70000,0,0,0,96000,26000,70000,70000
067816,玉晶光凱基01購05,0,0,0,0,0,0,0,0,0,70000,0,0,0,70000,0,70000,70000
08341P,國泰金台新9C售01,0,0,0,0,0,0,0,0,0,70000,0,0,0,70000,0,70000,70000
08091P,A50正2元富9B售02,0,0,0,0,0,0,0,0,0,70000,0,0,0,116000,46000,70000,70000
08086P,燿華凱基9B售03  ,0,0,0,0,0,0,0,0,0,70000,0,0,0,70000,0,70000,70000
08209P,上銀元富9B售06  ,0,0,0,0,0,0,0,0,0,70000,0,0,0,80000,10000,70000,70000
052836,旺宏國泰98購01  ,0,0,0,0,0,0,0,0,0,70000,0,0,0,70000,0,70000,70000
055874,中環元富9A購01  ,0,0,0,0,0,0,0,0,0,70000,0,0,0,70000,0,70000,70000
058286,道瓊指國票9B購01,0,0,0,0,0,0,0,0,0,70000,0,0,0,70000,0,70000,70000
058398,中環元大99購02  ,0,0,0,0,0,0,0,0,0,70000,0,0,0,70000,0,70000,70000
058218,緯穎群益99購01  ,0,0,0,0,0,0,0,0,0,70000,0,0,0,70000,0,70000,70000
062993,華新科群益9B購05,0,0,0,0,0,0,0,0,0,70000,0,0,0,70000,0,70000,70000
058630,日月光國票9A購01,0,0,0,0,0,0,0,0,0,70000,0,0,0,70000,0,70000,70000
057894,華通元富02購02  ,0,0,0,0,0,0,0,0,0,70000,0,0,0,93000,23000,70000,70000
061436,上銀凱基9A購07  ,0,0,0,0,0,0,0,0,0,70000,0,0,0,70000,0,70000,70000
063813,瑞昱群益9C購02  ,0,0,0,0,0,0,0,0,0,70000,0,0,0,80000,10000,70000,70000
063741,GIS元大9B購04   ,0,0,0,0,0,0,0,0,0,70000,0,0,0,70000,0,70000,70000
060684,同欣電元大9A購01,0,0,0,0,0,0,0,0,0,70000,0,0,0,72000,2000,70000,70000
062942,嘉澤凱基9B購02  ,0,0,0,0,0,0,0,0,0,70000,0,0,0,70000,0,70000,70000
060743,鴻海國票9A購03  ,0,0,0,0,0,0,0,0,0,70000,0,0,0,78000,8000,70000,70000
060763,聯鈞元大9A購03  ,0,0,0,0,0,0,0,0,0,70000,0,0,0,291000,221000,70000,70000
064840,彩晶統一02購01  ,20000,0,20000,0,0,0,0,0,0,50000,0,0,0,1614000,1564000,50000,70000
064305,健鼎兆豐9C購02  ,0,0,0,0,0,0,0,0,0,70000,0,0,0,81000,11000,70000,70000
1444,力麗            ,108000,38000,70000,0,0,0,0,0,0,0,0,0,0,0,0,0,70000
2841,台開            ,304000,234000,70000,0,0,0,0,0,0,0,0,0,0,0,0,0,70000
08624P,力成群益9C售01  ,0,0,0,0,0,0,0,0,0,69000,0,0,0,129000,60000,69000,69000
067174,嘉澤兆豐01購01  ,0,0,0,0,0,0,0,0,0,69000,0,0,0,83000,14000,69000,69000
067107,義隆群益01購02  ,0,0,0,0,0,0,0,0,0,69000,0,0,0,542000,473000,69000,69000
067249,緯穎群益01購04  ,0,0,0,0,0,0,0,0,0,69000,0,0,0,74000,5000,69000,69000
066755,永光永豐01購02  ,0,0,0,0,0,0,0,0,0,69000,0,0,0,69000,0,69000,69000
067012,台虹永豐01購02  ,0,0,0,0,0,0,0,0,0,69000,0,0,0,101000,32000,69000,69000
056369,彩晶元大01購01  ,0,0,0,0,0,0,0,0,0,69000,0,0,0,1088000,1019000,69000,69000
063383,億豐永豐9B購02  ,0,0,0,0,0,0,0,0,0,69000,0,0,0,106000,37000,69000,69000
062632,嘉晶國票9B購01  ,0,0,0,0,0,0,0,0,0,69000,0,0,0,137000,68000,69000,69000
060652,滬深2X群益9C購04,0,0,0,0,0,0,0,0,0,69000,0,0,0,198000,129000,69000,69000
063478,GIS元大9B購03   ,0,0,0,0,0,0,0,0,0,69000,0,0,0,69000,0,69000,69000
065592,FBVIX元大9C購06 ,0,0,0,0,0,0,0,0,0,69000,0,0,0,69000,0,69000,69000
066018,南六元富03購02  ,0,0,0,0,0,0,0,0,0,69000,0,0,0,69000,0,69000,69000
3010,華立            ,121000,43000,78000,0,0,0,0,0,0,-9000,0,9000,-9000,0,0,0,69000
8481,政伸            ,70000,1000,69000,0,0,0,0,0,0,0,0,0,0,0,0,0,69000
067285,欣興國票02購01  ,0,0,0,0,0,0,0,0,0,68000,0,0,0,172000,104000,68000,68000
067376,欣興統一01購01  ,0,0,0,0,0,0,0,0,0,68000,0,0,0,127000,59000,68000,68000
067741,中壽元大01購01  ,0,0,0,0,0,0,0,0,0,68000,0,0,0,68000,0,68000,68000
055576,嘉晶統一98購01  ,0,0,0,0,0,0,0,0,0,68000,0,0,0,101000,33000,68000,68000
057859,神達康和98購01  ,0,0,0,0,0,0,0,0,0,68000,0,0,0,68000,0,68000,68000
059123,訊芯永豐99購03  ,0,0,0,0,0,0,0,0,0,68000,0,0,0,420000,352000,68000,68000
063409,GIS國票9C購02   ,0,0,0,0,0,0,0,0,0,68000,0,0,0,68000,0,68000,68000
063746,上銀國票9C購01  ,0,0,0,0,0,0,0,0,0,68000,0,0,0,68000,0,68000,68000
063592,瑞祺永豐9B購02  ,0,0,0,0,0,0,0,0,0,68000,0,0,0,68000,0,68000,68000
063635,漢唐元大9B購04  ,0,0,0,0,0,0,0,0,0,68000,0,0,0,86000,18000,68000,68000
063407,泰鼎國票9C購01  ,0,0,0,0,0,0,0,0,0,68000,0,0,0,102000,34000,68000,68000
061793,上銀永豐9B購01  ,0,0,0,0,0,0,0,0,0,68000,0,0,0,68000,0,68000,68000
061302,晶技永豐9A購04  ,0,0,0,0,0,0,0,0,0,68000,0,0,0,68000,0,68000,68000
062159,聯詠凱基9B購01  ,0,0,0,0,0,0,0,0,0,68000,0,0,0,68000,0,68000,68000
062356,國巨元大9B購10  ,0,0,0,0,0,0,0,0,0,68000,0,0,0,68000,0,68000,68000
060759,南亞科元大9A購03,0,0,0,0,0,0,0,0,0,68000,0,0,0,68000,0,68000,68000
060785,國巨富邦9B購04  ,0,0,0,0,0,0,0,0,0,68000,0,0,0,68000,0,68000,68000
060984,南亞科元大9A購07,0,0,0,0,0,0,0,0,0,68000,0,0,0,68000,0,68000,68000
060934,台汽電永豐9A購02,0,0,0,0,0,0,0,0,0,68000,0,0,0,68000,0,68000,68000
06054P,臺股指中信9A售01,0,0,0,0,0,0,0,0,0,68000,0,0,0,99000,31000,68000,68000
066114,瑞昱兆豐02購01  ,0,0,0,0,0,0,0,0,0,68000,0,0,0,259000,191000,68000,68000
066077,健策凱基01購01  ,0,0,0,0,0,0,0,0,0,68000,0,0,0,120000,52000,68000,68000
064282,大立光元大9C購13,0,0,0,0,0,0,0,0,0,68000,0,0,0,68000,0,68000,68000
067691,台虹元大01購03  ,0,0,0,0,0,0,0,0,0,67000,0,0,0,67000,0,67000,67000
067600,台積電凱基01購15,0,0,0,0,0,0,0,0,0,67000,0,0,0,69000,2000,67000,67000
059532,華新科凱基9B購03,0,0,0,0,0,0,0,0,0,67000,0,0,0,67000,0,67000,67000
053294,聯發科中信9C購01,0,0,0,0,0,0,0,0,0,67000,0,0,0,85000,18000,67000,67000
063499,金像電永豐9B購03,0,0,0,0,0,0,0,0,0,67000,0,0,0,70000,3000,67000,67000
064260,矽創富邦9C購01  ,0,0,0,0,0,0,0,0,0,67000,0,0,0,551000,484000,67000,67000
064029,宏達電元大9C購01,0,0,0,0,0,0,0,0,0,67000,0,0,0,136000,69000,67000,67000
064816,訊芯元大9C購01  ,0,0,0,0,0,0,0,0,0,67000,0,0,0,129000,62000,67000,67000
9940,信義            ,88000,32000,56000,0,0,0,0,0,0,11000,17000,6000,11000,0,0,0,67000
07163P,臺股指群益99售14,0,0,0,0,0,0,0,0,0,66000,0,0,0,66000,0,66000,66000
058023,南電凱基98購02  ,0,0,0,0,0,0,0,0,0,66000,0,0,0,66000,0,66000,66000
065893,華新科統一02購02,0,0,0,0,0,0,0,0,0,66000,0,0,0,69000,3000,66000,66000
066189,和潤凱基01購01  ,0,0,0,0,0,0,0,0,0,66000,0,0,0,78000,12000,66000,66000
066146,昇陽半群益01購02,0,0,0,0,0,0,0,0,0,66000,0,0,0,109000,43000,66000,66000
08047P,臺股指國票9B售12,0,0,0,0,0,0,0,0,0,65000,0,0,0,65000,0,65000,65000
067595,國巨凱基02購04  ,0,0,0,0,0,0,0,0,0,65000,0,0,0,66000,1000,65000,65000
067134,國揚永豐01購02  ,0,0,0,0,0,0,0,0,0,65000,0,0,0,68000,3000,65000,65000
066978,國巨群益01購03  ,0,0,0,0,0,0,0,0,0,65000,0,0,0,75000,10000,65000,65000
066605,盟立永豐01購02  ,0,0,0,0,0,0,0,0,0,65000,0,0,0,110000,45000,65000,65000
066535,台積電兆豐01購01,0,0,0,0,0,0,0,0,0,65000,0,0,0,126000,61000,65000,65000
057793,群創統一99購02  ,0,0,0,0,0,0,0,0,0,65000,0,0,0,65000,0,65000,65000
058836,FBVIX中信03購05 ,0,0,0,0,0,0,0,0,0,65000,0,0,0,65000,0,65000,65000
057161,亞德客元大98購02,0,0,0,0,0,0,0,0,0,65000,0,0,0,230000,165000,65000,65000
058517,景碩元大99購06  ,0,0,0,0,0,0,0,0,0,65000,0,0,0,69000,4000,65000,65000
061020,超眾國票9A購02  ,0,0,0,0,0,0,0,0,0,65000,0,0,0,65000,0,65000,65000
060978,國巨元大9A購13  ,0,0,0,0,0,0,0,0,0,65000,0,0,0,100000,35000,65000,65000
062976,嘉澤元富9B購01  ,0,0,0,0,0,0,0,0,0,65000,0,0,0,163000,98000,65000,65000
062745,聯詠永豐9B購01  ,0,0,0,0,0,0,0,0,0,65000,0,0,0,135000,70000,65000,65000
061963,台積電統一01購04,0,0,0,0,0,0,0,0,0,65000,0,0,0,90000,25000,65000,65000
06631P,玉晶光群益9A售03,0,0,0,0,0,0,0,0,0,65000,0,0,0,125000,60000,65000,65000
066345,正文永豐01購01  ,0,0,0,0,0,0,0,0,0,65000,0,0,0,118000,53000,65000,65000
065849,景碩元大9C購03  ,0,0,0,0,0,0,0,0,0,65000,0,0,0,198000,133000,65000,65000
065889,鴻海統一03購02  ,0,0,0,0,0,0,0,0,0,65000,0,0,0,65000,0,65000,65000
065437,台表科凱基9C購03,0,0,0,0,0,0,0,0,0,65000,0,0,0,76000,11000,65000,65000
065446,宏達電統一9C購02,0,0,0,0,0,0,0,0,0,65000,0,0,0,65000,0,65000,65000
065490,國巨國泰02購02  ,0,0,0,0,0,0,0,0,0,65000,0,0,0,358000,293000,65000,65000
064674,鈺齊元大9C購01  ,0,0,0,0,0,0,0,0,0,65000,0,0,0,410000,345000,65000,65000
064142,國巨統一9C購13  ,0,0,0,0,0,0,0,0,0,65000,0,0,0,65000,0,65000,65000
08745P,臺股指凱基02售06,0,0,0,0,0,0,0,0,0,65000,0,0,0,65000,0,65000,65000
066981,聯發科群益02購07,0,0,0,0,0,0,0,0,0,64000,0,0,0,120000,56000,64000,64000
067160,燿華國票03購01  ,0,0,0,0,0,0,0,0,0,64000,0,0,0,97000,33000,64000,64000
067475,微星元大01購05  ,0,5000,-5000,0,0,0,0,0,0,69000,0,0,0,147000,78000,69000,64000
08367P,臺股指凱基9C售11,0,0,0,0,0,0,0,0,0,64000,0,0,0,73000,9000,64000,64000
053782,京元電元大98購02,0,0,0,0,0,0,0,0,0,64000,0,0,0,64000,0,64000,64000
061945,華通群益9B購04  ,0,0,0,0,0,0,0,0,0,64000,0,0,0,64000,0,64000,64000
063320,旭富群益9B購03  ,0,0,0,0,0,0,0,0,0,64000,0,0,0,64000,0,64000,64000
061259,台積電凱基9A購21,0,0,0,0,0,0,0,0,0,64000,0,0,0,64000,0,64000,64000
061984,華新科元大9B購05,0,0,0,0,0,0,0,0,0,64000,0,0,0,132000,68000,64000,64000
062185,禾伸堂元大9B購01,0,0,0,0,0,0,0,0,0,64000,0,0,0,132000,68000,64000,64000
060562,旺宏富邦9C購02  ,0,0,0,0,0,0,0,0,0,64000,0,0,0,65000,1000,64000,64000
063620,奇力新兆豐9B購01,0,0,0,0,0,0,0,0,0,64000,0,0,0,64000,0,64000,64000
060681,華擎元大9A購02  ,0,0,0,0,0,0,0,0,0,64000,0,0,0,135000,71000,64000,64000
060411,達新永豐9A購01  ,0,0,0,0,0,0,0,0,0,64000,0,0,0,140000,76000,64000,64000
064509,台表科元大9C購08,0,0,0,0,0,0,0,0,0,64000,0,0,0,70000,6000,64000,64000
065491,華新科國泰02購01,0,0,0,0,0,0,0,0,0,64000,0,0,0,147000,83000,64000,64000
065194,和大元富9C購01  ,0,0,0,0,0,0,0,0,0,64000,0,0,0,85000,21000,64000,64000
08802P,聯發科元大01售14,0,0,0,0,0,0,0,0,0,64000,0,0,0,490000,426000,64000,64000
6277,宏正            ,172551,108000,64551,0,0,0,0,0,0,-1000,0,1000,-1000,0,0,0,63551
059097,世紀鋼元大99購05,0,0,0,0,0,0,0,0,0,63000,0,0,0,165000,102000,63000,63000
057538,緯穎元大98購07  ,0,0,0,0,0,0,0,0,0,63000,0,0,0,68000,5000,63000,63000
057662,上銀元大9A購01  ,0,0,0,0,0,0,0,0,0,63000,0,0,0,162000,99000,63000,63000
054852,奇鋐國票98購01  ,0,0,0,0,0,0,0,0,0,63000,0,0,0,63000,0,63000,63000
06025P,臺股指元大99售02,0,0,0,0,0,0,0,0,0,63000,0,0,0,63000,0,63000,63000
063755,上銀統一9C購03  ,0,0,0,0,0,0,0,0,0,63000,0,0,0,73000,10000,63000,63000
062034,同欣電群益9B購01,0,0,0,0,0,0,0,0,0,63000,0,0,0,77000,14000,63000,63000
063224,泰鼎群益9B購02  ,0,0,0,0,0,0,0,0,0,63000,0,0,0,131000,68000,63000,63000
061524,華通凱基9A購07  ,0,0,0,0,0,0,0,0,0,63000,0,0,0,80000,17000,63000,63000
060963,禾伸堂凱基9A購01,0,0,0,0,0,0,0,0,0,63000,0,0,0,82000,19000,63000,63000
060806,華新科群益9A購03,0,0,0,0,0,0,0,0,0,63000,0,0,0,63000,0,63000,63000
061976,國巨元大9B購01  ,0,0,0,0,0,0,0,0,0,63000,0,0,0,70000,7000,63000,63000
061365,國巨國票9B購05  ,0,0,0,0,0,0,0,0,0,63000,0,0,0,83000,20000,63000,63000
065449,中租統一9C購01  ,0,0,0,0,0,0,0,0,0,63000,0,0,0,63000,0,63000,63000
066304,聯華永豐01購01  ,0,0,0,0,0,0,0,0,0,63000,0,0,0,86000,23000,63000,63000
066180,正文凱基01購01  ,0,0,0,0,0,0,0,0,0,63000,0,0,0,68000,5000,63000,63000
064055,台郡統一02購01  ,0,0,0,0,0,0,0,0,0,63000,0,0,0,167000,104000,63000,63000
067194,惠特凱基01購03  ,0,0,0,0,0,0,0,0,0,62000,0,0,0,152000,90000,62000,62000
066754,南電國泰02購01  ,0,0,0,0,0,0,0,0,0,62000,0,0,0,78000,16000,62000,62000
057623,友訊國泰99購01  ,0,0,0,0,0,0,0,0,0,62000,0,0,0,62000,0,62000,62000
052695,台表科中信98購01,0,0,0,0,0,0,0,0,0,62000,0,0,0,62000,0,62000,62000
056915,上銀兆豐99購01  ,0,0,0,0,0,0,0,0,0,62000,0,0,0,67000,5000,62000,62000
057813,京元電元大98購03,0,0,0,0,0,0,0,0,0,62000,0,0,0,124000,62000,62000,62000
057335,技嘉國票99購01  ,0,0,0,0,0,0,0,0,0,62000,0,0,0,192000,130000,62000,62000
060487,盛群富邦9B購01  ,0,0,0,0,0,0,0,0,0,62000,0,0,0,100000,38000,62000,62000
060423,智易永豐9A購01  ,0,0,0,0,0,0,0,0,0,62000,0,0,0,156000,94000,62000,62000
063259,廣達富邦9C購01  ,0,0,0,0,0,0,0,0,0,62000,0,0,0,477000,415000,62000,62000
061038,TPK永豐9A購01   ,0,0,0,0,0,0,0,0,0,62000,0,0,0,67000,5000,62000,62000
063168,台表科永豐9B購01,0,0,0,0,0,0,0,0,0,62000,0,0,0,100000,38000,62000,62000
059908,元金2X元大99購01,0,0,0,0,0,0,0,0,0,62000,0,0,0,62000,0,62000,62000
060041,T50反1群益99購04,0,0,0,0,0,0,0,0,0,62000,0,0,0,62000,0,62000,62000
063630,智邦元大9B購09  ,0,0,0,0,0,0,0,0,0,62000,0,0,0,207000,145000,62000,62000
060338,鴻海統一9C購02  ,0,0,0,0,0,0,0,0,0,62000,0,0,0,62000,0,62000,62000
060155,友訊永豐9A購01  ,0,0,0,0,0,0,0,0,0,62000,0,0,0,62000,0,62000,62000
064089,新日興凱基02購01,0,0,0,0,0,0,0,0,0,62000,0,0,0,100000,38000,62000,62000
064274,燿華元大9C購01  ,0,0,0,0,0,0,0,0,0,62000,0,0,0,67000,5000,62000,62000
064622,晶技元大01購01  ,0,0,0,0,0,0,0,0,0,62000,0,0,0,66000,4000,62000,62000
064900,景碩群益01購01  ,0,0,0,0,0,0,0,0,0,62000,0,0,0,74000,12000,62000,62000
066190,惠特凱基01購01  ,0,0,0,0,0,0,0,0,0,62000,0,0,0,70000,8000,62000,62000
066382,拓凱康和01購01  ,0,0,0,0,0,0,0,0,0,62000,0,0,0,68000,6000,62000,62000
066365,富邦金中信03購01,0,0,0,0,0,0,0,0,0,62000,0,0,0,137000,75000,62000,62000
08998P,玉晶光群益02售15,0,0,0,0,0,0,0,0,0,62000,0,0,0,123000,61000,62000,62000
1592,英瑞-KY         ,159000,97000,62000,0,0,0,0,0,0,0,0,0,0,0,0,0,62000
066440,南帝群益01購01  ,0,0,0,0,0,0,0,0,0,61000,0,0,0,61000,0,61000,61000
067672,聯發科元大01購21,0,0,0,0,0,0,0,0,0,61000,0,0,0,422000,361000,61000,61000
067870,玉晶光元大01購07,0,0,0,0,0,0,0,0,0,61000,0,0,0,173000,112000,61000,61000
00703,台新MSCI中國    ,0,0,0,0,0,0,0,0,0,61000,0,0,0,172000,111000,61000,61000
054751,GIS凱基98購01   ,0,0,0,0,0,0,0,0,0,61000,0,0,0,61000,0,61000,61000
061702,奇鋐國票9A購02  ,0,0,0,0,0,0,0,0,0,61000,0,0,0,99000,38000,61000,61000
062940,華新科凱基9C購02,0,0,0,0,0,0,0,0,0,61000,0,0,0,74000,13000,61000,61000
061306,瑞祺永豐9A購02  ,0,0,0,0,0,0,0,0,0,61000,0,0,0,111000,50000,61000,61000
065649,牧德元大03購01  ,0,0,0,0,0,0,0,0,0,61000,0,0,0,129000,68000,61000,61000
065547,同欣電兆豐01購01,0,0,0,0,0,0,0,0,0,61000,0,0,0,247000,186000,61000,61000
064893,金像電群益01購02,0,0,0,0,0,0,0,0,0,61000,0,0,0,90000,29000,61000,61000
065004,瑞昱國票01購02  ,0,0,0,0,0,0,0,0,0,61000,0,0,0,87000,26000,61000,61000
064939,健策元富9C購03  ,0,0,0,0,0,0,0,0,0,61000,0,0,0,114000,53000,61000,61000
067716,台船凱基01購01  ,0,0,0,0,0,0,0,0,0,60000,0,0,0,60000,0,60000,60000
07312P,台灣50元大99售10,0,0,0,0,0,0,0,0,0,60000,0,0,0,60000,0,60000,60000
07459P,緯穎元大9A售01  ,0,0,0,0,0,0,0,0,0,60000,0,0,0,60000,0,60000,60000
08123P,台表科國票9C售01,0,0,0,0,0,0,0,0,0,60000,0,0,0,60000,0,60000,60000
067397,欣興永豐01購03  ,0,0,0,0,0,0,0,0,0,60000,0,0,0,118000,58000,60000,60000
066684,T50反1元富07購01,0,0,0,0,0,0,0,0,0,60000,0,0,0,60000,0,60000,60000
066807,揚明光凱基01購02,0,0,0,0,0,0,0,0,0,60000,0,0,0,60000,0,60000,60000
066808,牧德凱基01購01  ,0,0,0,0,0,0,0,0,0,60000,0,0,0,60000,0,60000,60000
066884,亞光永豐01購01  ,0,0,0,0,0,0,0,0,0,60000,0,0,0,60000,0,60000,60000
055236,建準台新98購01  ,0,0,0,0,0,0,0,0,0,60000,0,0,0,60000,0,60000,60000
056444,南亞科凱基99購01,0,0,0,0,0,0,0,0,0,60000,0,0,0,160000,100000,60000,60000
053860,台積電元大98購03,0,0,0,0,0,0,0,0,0,60000,0,0,0,60000,0,60000,60000
061268,玉晶光凱基9B購04,0,0,0,0,0,0,0,0,0,60000,0,0,0,112000,52000,60000,60000
061257,上銀凱基9A購06  ,0,0,0,0,0,0,0,0,0,60000,0,0,0,60000,0,60000,60000
057980,聯詠永豐98購01  ,0,0,0,0,0,0,0,0,0,60000,0,0,0,60000,0,60000,60000
057990,美律統一99購02  ,0,0,0,0,0,0,0,0,0,60000,0,0,0,102000,42000,60000,60000
058397,大成鋼元大99購02,0,0,0,0,0,0,0,0,0,60000,0,0,0,60000,0,60000,60000
057888,貿聯群益98購02  ,0,0,0,0,0,0,0,0,0,60000,0,0,0,60000,0,60000,60000
057472,T50正2元大9B購03,0,0,0,0,0,0,0,0,0,60000,0,0,0,60000,0,60000,60000
062443,大立光元大9B購05,0,0,0,0,0,0,0,0,0,60000,0,0,0,60000,0,60000,60000
062117,燿華中信9B購01  ,0,0,0,0,0,0,0,0,0,60000,0,0,0,60000,0,60000,60000
062928,富邦金台新9B購02,0,0,0,0,0,0,0,0,0,60000,0,0,0,92000,32000,60000,60000
062751,華擎中信9C購01  ,0,0,0,0,0,0,0,0,0,60000,0,0,0,76000,16000,60000,60000
063087,南六凱基9C購02  ,0,0,0,0,0,0,0,0,0,60000,0,0,0,60000,0,60000,60000
061044,世紀鋼永豐9A購02,0,0,0,0,0,0,0,0,0,60000,0,0,0,60000,0,60000,60000
061057,華新科國票9A購04,0,0,0,0,0,0,0,0,0,60000,0,0,0,60000,0,60000,60000
061818,富邦金群益9C購01,0,0,0,0,0,0,0,0,0,60000,0,0,0,175000,115000,60000,60000
065155,聯發科群益9C購11,0,0,0,0,0,0,0,0,0,60000,0,0,0,60000,0,60000,60000
064629,和潤元大9C購01  ,0,0,0,0,0,0,0,0,0,60000,0,0,0,80000,20000,60000,60000
064838,旭富統一01購01  ,0,0,0,0,0,0,0,0,0,60000,0,0,0,60000,0,60000,60000
063910,漢唐凱基9C購01  ,0,0,0,0,0,0,0,0,0,60000,0,0,0,60000,0,60000,60000
066381,景碩康和01購01  ,0,0,0,0,0,0,0,0,0,60000,0,0,0,128000,68000,60000,60000
066074,文曄凱基01購01  ,0,0,0,0,0,0,0,0,0,60000,0,0,0,80000,20000,60000,60000
066021,華通群益02購03  ,0,0,0,0,0,0,0,0,0,60000,0,0,0,110000,50000,60000,60000
08775P,台灣50群益01售05,0,0,0,0,0,0,0,0,0,60000,0,0,0,100000,40000,60000,60000
9917,中保科          ,125000,81000,44000,0,0,0,0,1000,-1000,17000,25000,8000,17000,0,0,0,60000
066848,健策元大01購05  ,0,0,0,0,0,0,0,0,0,59000,0,0,0,59000,0,59000,59000
067386,巨大統一02購02  ,0,0,0,0,0,0,0,0,0,59000,0,0,0,69000,10000,59000,59000
067523,上証反群益06購01,0,0,0,0,0,0,0,0,0,59000,0,0,0,60000,1000,59000,59000
08080P,祥碩國票9B售03  ,0,0,0,0,0,0,0,0,0,59000,0,0,0,350000,291000,59000,59000
060435,鈺齊永豐9A購01  ,0,0,0,0,0,0,0,0,0,59000,0,0,0,231000,172000,59000,59000
060490,華新科台新9A購01,0,0,0,0,0,0,0,0,0,59000,0,0,0,59000,0,59000,59000
062051,上銀統一9C購02  ,0,0,0,0,0,0,0,0,0,59000,0,0,0,59000,0,59000,59000
059995,南亞科元富99購01,0,0,0,0,0,0,0,0,0,59000,0,0,0,121000,62000,59000,59000
060306,台肥永豐9A購01  ,0,0,0,0,0,0,0,0,0,59000,0,0,0,59000,0,59000,59000
063464,廣達元大9B購02  ,0,0,0,0,0,0,0,0,0,59000,0,0,0,117000,58000,59000,59000
063623,祥碩兆豐9B購02  ,0,0,0,0,0,0,0,0,0,59000,0,0,0,59000,0,59000,59000
063703,晶豪科群益9B購02,0,0,0,0,0,0,0,0,0,59000,0,0,0,126000,67000,59000,59000
062328,南亞科統一9C購01,0,0,0,0,0,0,0,0,0,59000,0,0,0,125000,66000,59000,59000
061953,台積電台新9B購04,0,0,0,0,0,0,0,0,0,59000,0,0,0,60000,1000,59000,59000
065896,智易統一02購01  ,0,0,0,0,0,0,0,0,0,59000,0,0,0,99000,40000,59000,59000
066154,聯強康和01購01  ,0,0,0,0,0,0,0,0,0,59000,0,0,0,59000,0,59000,59000
065458,立積元富03購02  ,0,0,0,0,0,0,0,0,0,59000,0,0,0,65000,6000,59000,59000
065210,健策國票01購03  ,0,0,0,0,0,0,0,0,0,59000,0,0,0,91000,32000,59000,59000
064016,南六國票01購01  ,0,0,0,0,0,0,0,0,0,59000,0,0,0,59000,0,59000,59000
063988,華通永豐9C購01  ,0,0,0,0,0,0,0,0,0,59000,0,0,0,133000,74000,59000,59000
064048,大立光統一9C購07,0,0,0,0,0,0,0,0,0,59000,0,0,0,234000,175000,59000,59000
064303,新光金兆豐01購01,0,0,0,0,0,0,0,0,0,59000,0,0,0,59000,0,59000,59000
064594,奇力新統一01購05,0,0,0,0,0,0,0,0,0,59000,0,0,0,99000,40000,59000,59000
064907,緯穎群益9C購02  ,0,0,0,0,0,0,0,0,0,59000,0,0,0,79000,20000,59000,59000
2426,鼎元            ,279000,217000,62000,0,0,0,0,0,0,-3000,0,3000,-3000,0,0,0,59000
06837P,上銀統一9A售02  ,0,0,0,0,0,0,0,0,0,58000,0,0,0,60000,2000,58000,58000
067594,國巨凱基01購06  ,0,0,0,0,0,0,0,0,0,58000,0,0,0,65000,7000,58000,58000
067149,瑞昱統一03購01  ,0,0,0,0,0,0,0,0,0,58000,0,0,0,111000,53000,58000,58000
067040,鴻海凱基02購04  ,0,0,0,0,0,0,0,0,0,58000,0,0,0,307000,249000,58000,58000
066524,創意統一02購03  ,0,0,0,0,0,0,0,0,0,58000,0,0,0,176000,118000,58000,58000
058334,鴻海元富99購05  ,0,0,0,0,0,0,0,0,0,58000,0,0,0,58000,0,58000,58000
057534,旭富元大98購01  ,0,0,0,0,0,0,0,0,0,58000,0,0,0,58000,0,58000,58000
055907,台虹兆豐98購01  ,0,0,0,0,0,0,0,0,0,58000,0,0,0,68000,10000,58000,58000
062599,鴻海台新9B購01  ,0,0,0,0,0,0,0,0,0,58000,0,0,0,58000,0,58000,58000
063378,茂林永豐9B購02  ,0,0,0,0,0,0,0,0,0,58000,0,0,0,58000,0,58000,58000
060169,群電永豐9A購01  ,0,0,0,0,0,0,0,0,0,58000,0,0,0,100000,42000,58000,58000
060170,世紀鋼永豐9A購01,0,0,0,0,0,0,0,0,0,58000,0,0,0,68000,10000,58000,58000
062086,瑞祺元大9B購01  ,0,0,0,0,0,0,0,0,0,58000,0,0,0,62000,4000,58000,58000
059841,國巨富邦9C購01  ,25000,0,25000,0,0,0,0,0,0,33000,0,0,0,78000,45000,33000,58000
061376,瑞昱永豐9A購02  ,0,0,0,0,0,0,0,0,0,58000,0,0,0,91000,33000,58000,58000
064518,華新科群益02購01,0,0,0,0,0,0,0,0,0,58000,0,0,0,67000,9000,58000,58000
065554,群創凱基02購02  ,0,0,0,0,0,0,0,0,0,58000,0,0,0,108000,50000,58000,58000
066152,大立光麥證01購03,0,0,0,78000,20000,58000,0,0,0,58000,0,0,0,78000,20000,58000,58000
066156,建準康和01購01  ,0,0,0,0,0,0,0,0,0,58000,0,0,0,303000,245000,58000,58000
066092,億豐永豐01購01  ,0,0,0,0,0,0,0,0,0,58000,0,0,0,58000,0,58000,58000
3532,台勝科          ,159000,174000,-15000,0,0,0,0,0,0,73000,0,4000,-4000,90000,13000,77000,58000
067209,瑞昱元大01購04  ,0,0,0,0,0,0,0,0,0,57000,0,0,0,181000,124000,57000,57000
067357,欣興群益01購02  ,0,0,0,0,0,0,0,0,0,57000,0,0,0,171000,114000,57000,57000
048383,元金2X國票99購01,0,0,0,0,0,0,0,0,0,57000,0,0,0,65000,8000,57000,57000
059706,嘉晶凱基99購01  ,0,0,0,0,0,0,0,0,0,57000,0,0,0,101000,44000,57000,57000
061238,晶技元大9A購02  ,0,0,0,0,0,0,0,0,0,57000,0,0,0,217000,160000,57000,57000
063270,喬山兆豐9C購01  ,0,0,0,0,0,0,0,0,0,57000,0,0,0,57000,0,57000,57000
062105,國巨國票9C購03  ,0,0,0,0,0,0,0,0,0,57000,0,0,0,67000,10000,57000,57000
063784,華通中信06購01  ,0,0,0,0,0,0,0,0,0,57000,0,0,0,81000,24000,57000,57000
062628,廣達國票9B購01  ,0,0,0,0,0,0,0,0,0,57000,0,0,0,72000,15000,57000,57000
065609,嘉澤元大01購02  ,0,0,0,0,0,0,0,0,0,57000,0,0,0,84000,27000,57000,57000
065780,國巨富邦03購02  ,0,0,0,0,0,0,0,0,0,57000,0,0,0,1070000,1013000,57000,57000
2897,王道銀行        ,154000,79000,75000,0,0,0,0,0,0,-18000,0,18000,-18000,0,0,0,57000
2548,華固            ,242000,97000,145000,0,0,0,0,2000,-2000,-86000,4000,90000,-86000,0,0,0,57000
067171,聯發科麥證01購08,0,0,0,311000,255000,56000,0,0,0,56000,0,0,0,311000,255000,56000,56000
066514,盟立永豐01購01  ,0,0,0,0,0,0,0,0,0,56000,0,0,0,140000,84000,56000,56000
07086P,力成元富9C售01  ,0,0,0,0,0,0,0,0,0,56000,0,0,0,131000,75000,56000,56000
061931,力山國票9B購02  ,0,0,0,0,0,0,0,0,0,56000,0,0,0,94000,38000,56000,56000
060462,鴻海元大9A購10  ,0,0,0,0,0,0,0,0,0,56000,0,0,0,56000,0,56000,56000
058276,道瓊指中信9C購01,0,0,0,0,0,0,0,0,0,56000,0,0,0,56000,0,56000,56000
056637,台光電日盛9A購01,0,0,0,0,0,0,0,0,0,56000,0,0,0,56000,0,56000,56000
059571,奇力新凱基99購06,0,0,0,0,0,0,0,0,0,56000,0,0,0,56000,0,56000,56000
060672,鴻海元大9A購14  ,0,0,0,0,0,0,0,0,0,56000,0,0,0,81000,25000,56000,56000
060007,鴻海群益99購04  ,0,0,0,0,0,0,0,0,0,56000,0,0,0,56000,0,56000,56000
059840,鴻海富邦9A購02  ,0,0,0,0,0,0,0,0,0,56000,0,0,0,56000,0,56000,56000
065580,鈺齊群益01購01  ,0,0,0,0,0,0,0,0,0,56000,0,0,0,485000,429000,56000,56000
065915,聯發科凱基01購09,0,0,0,0,0,0,0,0,0,56000,0,0,0,71000,15000,56000,56000
066356,嘉基永豐01購01  ,0,0,0,0,0,0,0,0,0,56000,0,0,0,100000,44000,56000,56000
064329,國巨元大01購03  ,0,0,0,0,0,0,0,0,0,56000,0,0,0,69000,13000,56000,56000
064073,南電永豐9C購01  ,0,0,0,0,0,0,0,0,0,56000,0,0,0,56000,0,56000,56000
064686,鴻海群益01購03  ,0,0,0,0,0,0,0,0,0,56000,0,0,0,112000,56000,56000,56000
6698,旭暉應材        ,171000,269000,-98000,0,0,0,155000,0,155000,-1000,0,1000,-1000,0,0,0,56000
067098,台積電群益01購10,0,0,0,0,0,0,0,0,0,55000,0,0,0,155000,100000,55000,55000
067429,國揚凱基02購01  ,0,0,0,0,0,0,0,0,0,55000,0,0,0,55000,0,55000,55000
067677,大立光元大01購13,0,0,0,0,0,0,0,0,0,55000,0,0,0,75000,20000,55000,55000
058496,文曄群益99購01  ,0,0,0,0,0,0,0,0,0,55000,0,0,0,110000,55000,55000,55000
058268,泰碩永豐9A購01  ,0,0,0,0,0,0,0,0,0,55000,0,0,0,105000,50000,55000,55000
060416,神隆永豐9A購01  ,0,0,0,0,0,0,0,0,0,55000,0,0,0,66000,11000,55000,55000
061946,鴻海群益9B購03  ,0,0,0,0,0,0,0,0,0,55000,0,0,0,55000,0,55000,55000
059259,FBVIX中信03購06 ,0,0,0,0,0,0,0,0,0,55000,0,0,0,75000,20000,55000,55000
057843,晶技永豐98購02  ,0,0,0,0,0,0,0,0,0,55000,0,0,0,73000,18000,55000,55000
063496,儒鴻永豐9B購01  ,0,0,0,0,0,0,0,0,0,55000,0,0,0,55000,0,55000,55000
063568,高鐵元大9B購01  ,0,0,0,0,0,0,0,0,0,55000,0,0,0,55000,0,55000,55000
062606,聯電凱基9C購02  ,0,0,0,0,0,0,0,0,0,55000,0,0,0,62000,7000,55000,55000
062641,瀚宇博國票9B購01,0,0,0,0,0,0,0,0,0,55000,0,0,0,93000,38000,55000,55000
061961,台積電統一01購02,0,0,0,0,0,0,0,0,0,55000,0,0,0,65000,10000,55000,55000
060896,晶技凱基9A購02  ,0,0,0,0,0,0,0,0,0,55000,0,0,0,67000,12000,55000,55000
062904,台光電元大9B購06,0,0,0,0,0,0,0,0,0,55000,0,0,0,274000,219000,55000,55000
065056,臺股指凱基9C購20,0,0,0,0,0,0,0,0,0,55000,0,0,0,55000,0,55000,55000
065018,台達電富邦03購01,0,0,0,0,0,0,0,0,0,55000,0,0,0,75000,20000,55000,55000
064208,智邦凱基02購01  ,0,0,0,0,0,0,0,0,0,55000,0,0,0,104000,49000,55000,55000
065815,微星元富9C購01  ,0,0,0,0,0,0,0,0,0,55000,0,0,0,178000,123000,55000,55000
065504,宏達電永豐9C購01,0,0,0,0,0,0,0,0,0,55000,0,0,0,63000,8000,55000,55000
067583,金像電群益01購05,0,0,0,0,0,0,0,0,0,54000,0,0,0,123000,69000,54000,54000
066505,可成富邦03購01  ,0,0,0,0,0,0,0,0,0,54000,0,0,0,100000,46000,54000,54000
066665,聯詠凱基02購01  ,0,0,0,0,0,0,0,0,0,54000,0,0,0,400000,346000,54000,54000
066933,可成國票02購01  ,0,0,0,0,0,0,0,0,0,54000,0,0,0,60000,6000,54000,54000
067709,大立光元富07購01,0,0,0,0,0,0,0,0,0,54000,0,0,0,84000,30000,54000,54000
067764,寶成永豐01購01  ,0,0,0,0,0,0,0,0,0,54000,0,0,0,55000,1000,54000,54000
08325P,臺股指凱基9C售08,0,0,0,0,0,0,0,0,0,54000,0,0,0,54000,0,54000,54000
057767,緯穎凱基98購06  ,0,0,0,0,0,0,0,0,0,54000,0,0,0,98000,44000,54000,54000
061145,臻鼎中信9A購02  ,0,0,0,0,0,0,0,0,0,54000,0,0,0,55000,1000,54000,54000
063078,元金2X凱基02購03,0,0,0,0,0,0,0,0,0,54000,0,0,0,54000,0,54000,54000
063701,燿華群益9B購02  ,0,0,0,0,0,0,0,0,0,54000,0,0,0,62000,8000,54000,54000
060385,台勝科凱基9A購01,0,0,0,0,0,0,0,0,0,54000,0,0,0,65000,11000,54000,54000
061663,南六永豐9A購05  ,0,0,0,0,0,0,0,0,0,54000,0,0,0,64000,10000,54000,54000
065481,臻鼎元大9C購04  ,0,0,0,0,0,0,0,0,0,54000,0,0,0,172000,118000,54000,54000
065443,智邦統一9C購03  ,0,0,0,0,0,0,0,0,0,54000,0,0,0,94000,40000,54000,54000
065596,鴻海元大9C購16  ,0,0,0,0,0,0,0,0,0,54000,0,0,0,130000,76000,54000,54000
4540,全球傳動        ,89000,35000,54000,0,0,0,0,0,0,0,0,0,0,0,0,0,54000
08706P,台積電統一02售04,0,0,0,0,0,0,0,0,0,54000,0,0,0,80000,26000,54000,54000
08865P,欣興元大01售02  ,0,0,0,0,0,0,0,0,0,54000,0,0,0,55000,1000,54000,54000
08214P,南六統一9B售03  ,0,0,0,0,0,0,0,0,0,53000,0,0,0,410000,357000,53000,53000
06658P,台灣50富邦9C售01,0,0,0,0,0,0,0,0,0,53000,0,0,0,146000,93000,53000,53000
057691,健策凱基99購01  ,0,0,0,0,0,0,0,0,0,53000,0,0,0,65000,12000,53000,53000
059125,台積電第一03購02,0,0,0,0,0,0,0,0,0,53000,0,0,0,53000,0,53000,53000
058344,旺宏群益99購05  ,0,0,0,0,0,0,0,0,0,53000,0,0,0,78000,25000,53000,53000
059564,鴻海凱基9A購15  ,0,0,0,0,0,0,0,0,0,53000,0,0,0,53000,0,53000,53000
055164,矽創元大98購01  ,0,0,0,0,0,0,0,0,0,53000,0,0,0,53000,0,53000,53000
055523,道瓊銀群益9A購01,0,0,0,0,0,0,0,0,0,53000,0,0,0,53000,0,53000,53000
00651R,FH香港反1       ,0,0,0,0,0,0,0,0,0,53000,0,0,0,361000,308000,53000,53000
063541,華擎元富9B購02  ,0,0,0,0,0,0,0,0,0,53000,0,0,0,100000,47000,53000,53000
063390,嘉晶兆豐9B購01  ,0,0,0,0,0,0,0,0,0,53000,0,0,0,398000,345000,53000,53000
063030,華通凱基9B購03  ,0,0,0,0,0,0,0,0,0,53000,0,0,0,74000,21000,53000,53000
061996,矽格元大9B購01  ,0,0,0,0,0,0,0,0,0,53000,0,0,0,128000,75000,53000,53000
060611,同欣電凱基9A購02,0,0,0,0,0,0,0,0,0,53000,0,0,0,63000,10000,53000,53000
065788,緯創永豐9C購02  ,0,0,0,0,0,0,0,0,0,53000,0,0,0,83000,30000,53000,53000
063853,同欣電元大9C購02,0,0,0,0,0,0,0,0,0,53000,0,0,0,68000,15000,53000,53000
065038,上銀凱基9C購02  ,0,0,0,0,0,0,0,0,0,53000,0,0,0,123000,70000,53000,53000
2020,美亞            ,71000,18000,53000,0,0,0,0,0,0,0,0,0,0,0,0,0,53000
066726,鴻海元大01購11  ,0,0,0,0,0,0,0,0,0,52000,0,0,0,62000,10000,52000,52000
067011,嘉基永豐01購03  ,0,0,0,0,0,0,0,0,0,52000,0,0,0,52000,0,52000,52000
067507,南亞科統一01購04,0,0,0,0,0,0,0,0,0,52000,0,0,0,52000,0,52000,52000
08378P,世紀鋼元富9C售02,0,0,0,0,0,0,0,0,0,52000,0,0,0,102000,50000,52000,52000
08387P,臺股指群益9C售15,0,0,0,0,0,0,0,0,0,52000,0,0,0,52000,0,52000,52000
08410P,臺股指元大9C售16,0,0,0,0,0,0,0,0,0,52000,0,0,0,52000,0,52000,52000
061998,緯穎元大9B購03  ,0,0,0,0,0,0,0,0,0,52000,0,0,0,53000,1000,52000,52000
062044,健策凱基9B購02  ,0,0,0,0,0,0,0,0,0,52000,0,0,0,54000,2000,52000,52000
064053,祥碩統一02購01  ,0,0,0,0,0,0,0,0,0,52000,0,0,0,52000,0,52000,52000
064377,宏達電元富9C購01,0,0,0,0,0,0,0,0,0,52000,0,0,0,52000,0,52000,52000
065328,緯穎凱基9C購03  ,0,0,0,0,0,0,0,0,0,52000,0,0,0,102000,50000,52000,52000
9136,巨騰-DR         ,37000,120000,-83000,0,0,0,0,0,0,135000,135000,0,135000,0,0,0,52000
08395P,燿華永豐9C售02  ,0,0,0,0,0,0,0,0,0,51000,0,0,0,51000,0,51000,51000
06827P,臺股指國票98售03,0,0,0,0,0,0,0,0,0,51000,0,0,0,51000,0,51000,51000
066815,華擎兆豐03購01  ,0,0,0,0,0,0,0,0,0,51000,0,0,0,110000,59000,51000,51000
066547,台積電元大01購14,0,0,0,0,0,0,0,0,0,51000,0,0,0,51000,0,51000,51000
066454,金像電統一01購03,0,0,0,0,0,0,0,0,0,51000,0,0,0,61000,10000,51000,51000
052890,FB上証群益9B購01,0,0,0,0,0,0,0,0,0,51000,0,0,0,101000,50000,51000,51000
056734,國巨凱基99購01  ,0,0,0,0,0,0,0,0,0,51000,0,0,0,54000,3000,51000,51000
056411,緯穎國票99購01  ,0,0,0,0,0,0,0,0,0,51000,0,0,0,51000,0,51000,51000
058051,同欣電元大98購03,0,0,0,0,0,0,0,0,0,51000,0,0,0,51000,0,51000,51000
061696,南茂群益9A購01  ,0,0,0,0,0,0,0,0,0,51000,0,0,0,66000,15000,51000,51000
061593,智原永豐9A購01  ,0,0,0,0,0,0,0,0,0,51000,0,0,0,248000,197000,51000,51000
060307,南港永豐9A購01  ,0,0,0,0,0,0,0,0,0,51000,0,0,0,53000,2000,51000,51000
062616,玉晶光元大9C購06,0,0,0,0,0,0,0,0,0,51000,0,0,0,81000,30000,51000,51000
062894,道瓊銀元大9B購02,0,0,0,0,0,0,0,0,0,51000,0,0,0,71000,20000,51000,51000
063102,旺宏群益9B購03  ,0,0,0,0,0,0,0,0,0,51000,0,0,0,51000,0,51000,51000
065505,健鼎永豐9C購01  ,0,0,0,0,0,0,0,0,0,51000,0,0,0,51000,0,51000,51000
065840,國巨元大03購01  ,0,0,0,0,0,0,0,0,0,51000,0,0,0,56000,5000,51000,51000
064471,國巨麥證9C購02  ,0,0,0,51000,0,51000,0,0,0,51000,0,0,0,51000,0,51000,51000
1612,宏泰            ,99000,25000,74000,0,0,0,0,0,0,-23000,0,23000,-23000,0,0,0,51000
006208,富邦台50        ,28050,18000,10050,0,0,0,0,0,0,40000,0,0,0,417000,377000,40000,50050
066465,同欣電統一01購05,0,0,0,0,0,0,0,0,0,50000,0,0,0,263000,213000,50000,50000
066596,健策群益02購01  ,0,0,0,0,0,0,0,0,0,50000,0,0,0,54000,4000,50000,50000
066630,東森凱基01購01  ,0,0,0,0,0,0,0,0,0,50000,0,0,0,50000,0,50000,50000
066803,智原凱基01購02  ,0,0,0,0,0,0,0,0,0,50000,0,0,0,185000,135000,50000,50000
066739,揚明光元大01購01,0,0,0,0,0,0,0,0,0,50000,0,0,0,50000,0,50000,50000
067022,台虹中信01購01  ,0,0,0,0,0,0,0,0,0,50000,0,0,0,70000,20000,50000,50000
067442,南港國票02購01  ,0,0,0,0,0,0,0,0,0,50000,0,0,0,50000,0,50000,50000
067343,嘉澤凱基01購01  ,0,0,0,0,0,0,0,0,0,50000,0,0,0,50000,0,50000,50000
067133,正崴永豐01購01  ,0,0,0,0,0,0,0,0,0,50000,0,0,0,63000,13000,50000,50000
067188,日電貿凱基01購02,0,0,0,0,0,0,0,0,0,50000,0,0,0,50000,0,50000,50000
07132P,臺股指元大99售11,0,0,0,0,0,0,0,0,0,50000,0,0,0,50000,0,50000,50000
07235P,T50正2元大9C售02,0,0,0,0,0,0,0,0,0,50000,0,0,0,50000,0,50000,50000
07509P,牧德國票9A售03  ,0,0,0,0,0,0,0,0,0,50000,0,0,0,50000,0,50000,50000
07719P,臺股指群益9A售08,0,0,0,0,0,0,0,0,0,50000,0,0,0,50000,0,50000,50000
08307P,台積電凱基9C售03,0,0,0,0,0,0,0,0,0,50000,0,0,0,55000,5000,50000,50000
08630P,臺股指麥證9C售05,0,0,0,50000,0,50000,0,0,0,50000,0,0,0,50000,0,50000,50000
05420P,大立光國泰97售03,0,0,0,0,0,0,0,0,0,50000,0,0,0,50000,0,50000,50000
057202,TPK元富98購02   ,0,0,0,0,0,0,0,0,0,50000,0,0,0,50000,0,50000,50000
057004,滬深反中信9A購01,0,0,0,0,0,0,0,0,0,50000,0,0,0,100000,50000,50000,50000
056546,致伸凱基98購01  ,0,0,0,0,0,0,0,0,0,50000,0,0,0,50000,0,50000,50000
056515,燿華兆豐99購01  ,0,0,0,0,0,0,0,0,0,50000,0,0,0,50000,0,50000,50000
054354,技嘉富邦97購01  ,0,0,0,0,0,0,0,0,0,50000,0,0,0,50000,0,50000,50000
057663,國巨元大99購08  ,0,0,0,0,0,0,0,0,0,50000,0,0,0,50000,0,50000,50000
059647,超眾凱基99購04  ,0,0,0,0,0,0,0,0,0,50000,0,0,0,50000,0,50000,50000
058580,華新科群益99購02,0,0,0,0,0,0,0,0,0,50000,0,0,0,50000,0,50000,50000
054889,京鼎統一99購01  ,0,0,0,0,0,0,0,0,0,50000,0,0,0,50000,0,50000,50000
058217,新唐群益99購01  ,0,0,0,0,0,0,0,0,0,50000,0,0,0,50000,0,50000,50000
058106,神達統一98購02  ,0,0,0,0,0,0,0,0,0,50000,0,0,0,50000,0,50000,50000
063234,國巨元大9C購03  ,0,0,0,0,0,0,0,0,0,50000,0,0,0,50000,0,50000,50000
063278,國巨元大9C購04  ,0,0,0,0,0,0,0,0,0,50000,0,0,0,50000,0,50000,50000
061229,緯穎中信9B購01  ,0,0,0,0,0,0,0,0,0,50000,0,0,0,50000,0,50000,50000
059284,緯穎永豐99購03  ,0,0,0,0,0,0,0,0,0,50000,0,0,0,50000,0,50000,50000
057803,上銀元大98購08  ,0,0,0,0,0,0,0,0,0,50000,0,0,0,50000,0,50000,50000
058985,可成凱基99購03  ,0,0,0,0,0,0,0,0,0,50000,0,0,0,50000,0,50000,50000
057870,大立光凱基99購02,0,0,0,0,0,0,0,0,0,50000,0,0,0,50000,0,50000,50000
057354,聯鈞統一99購03  ,0,0,0,0,0,0,0,0,0,50000,0,0,0,306000,256000,50000,50000
062908,晶豪科元大9B購03,0,0,0,0,0,0,0,0,0,50000,0,0,0,50000,0,50000,50000
062927,同欣電國票9B購02,0,0,0,0,0,0,0,0,0,50000,0,0,0,100000,50000,50000,50000
062883,智易兆豐9C購01  ,0,0,0,0,0,0,0,0,0,50000,0,0,0,62000,12000,50000,50000
060604,宏達電凱基9B購01,0,0,0,0,0,0,0,0,0,50000,0,0,0,54000,4000,50000,50000
061104,華新科元大9A購13,0,0,0,0,0,0,0,0,0,50000,0,0,0,60000,10000,50000,50000
060899,超眾凱基9A購01  ,0,0,0,0,0,0,0,0,0,50000,0,0,0,50000,0,50000,50000
060904,臺指反元大9C購07,0,0,0,0,0,0,0,0,0,50000,0,0,0,50000,0,50000,50000
062464,T50反1凱基9C購03,0,0,0,0,0,0,0,0,0,50000,0,0,0,100000,50000,50000,50000
061287,大立光統一9B購06,0,0,0,0,0,0,0,0,0,50000,0,0,0,50000,0,50000,50000
063010,國巨元大9C購02  ,0,0,0,0,0,0,0,0,0,50000,0,0,0,50000,0,50000,50000
062184,奇鋐元大9B購02  ,0,0,0,0,0,0,0,0,0,50000,0,0,0,70000,20000,50000,50000
062238,臻鼎凱基9C購01  ,0,0,0,0,0,0,0,0,0,50000,0,0,0,50000,0,50000,50000
060278,道瓊反元大9A購03,0,0,0,0,0,0,0,0,0,50000,0,0,0,50000,0,50000,50000
060286,佳世達元大9C購01,0,0,0,0,0,0,0,0,0,50000,0,0,0,50000,0,50000,50000
060670,臺指反元大01購03,0,0,0,0,0,0,0,0,0,50000,0,0,0,50000,0,50000,50000
06340P,鴻海統一98售06  ,0,0,0,0,0,0,0,0,0,50000,0,0,0,50000,0,50000,50000
060665,康控凱基9A購01  ,0,0,0,0,0,0,0,0,0,50000,0,0,0,50000,0,50000,50000
063427,南六凱基9B購04  ,0,0,0,0,0,0,0,0,0,50000,0,0,0,80000,30000,50000,50000
063712,高鐵凱基9C購01  ,0,0,0,0,0,0,0,0,0,50000,0,0,0,50000,0,50000,50000
059827,晶技凱基99購03  ,0,0,0,0,0,0,0,0,0,50000,0,0,0,60000,10000,50000,50000
059833,緯穎康和99購01  ,0,0,0,0,0,0,0,0,0,50000,0,0,0,155000,105000,50000,50000
061834,華新科凱基02購02,0,0,0,0,0,0,0,0,0,50000,0,0,0,50000,0,50000,50000
061737,南亞科凱基9B購01,0,0,0,0,0,0,0,0,0,50000,0,0,0,50000,0,50000,50000
061731,旺宏統一9B購06  ,0,0,0,0,0,0,0,0,0,50000,0,0,0,50000,0,50000,50000
061766,華新科元大9B購02,0,0,0,0,0,0,0,0,0,50000,0,0,0,50000,0,50000,50000
059873,華新科凱基99購09,0,0,0,0,0,0,0,0,0,50000,0,0,0,50000,0,50000,50000
064207,國巨凱基03購02  ,0,0,0,0,0,0,0,0,0,50000,0,0,0,80000,30000,50000,50000
064339,大立光元大01購01,0,0,0,0,0,0,0,0,0,50000,0,0,0,50000,0,50000,50000
064351,中租元大9C購01  ,0,0,0,0,0,0,0,0,0,50000,0,0,0,50000,0,50000,50000
064102,宏達電群益9C購01,0,0,0,0,0,0,0,0,0,50000,0,0,0,53000,3000,50000,50000
063940,國巨元大01購02  ,0,0,0,0,0,0,0,0,0,50000,0,0,0,73000,23000,50000,50000
065024,華擎永豐9C購01  ,0,0,0,0,0,0,0,0,0,50000,0,0,0,50000,0,50000,50000
064864,金像電永豐01購01,0,0,0,0,0,0,0,0,0,50000,0,0,0,60000,10000,50000,50000
064970,東元元大9C購01  ,0,0,0,0,0,0,0,0,0,50000,0,0,0,50000,0,50000,50000
064650,台表科凱基03購01,0,0,0,0,0,0,0,0,0,50000,0,0,0,50000,0,50000,50000
064666,華新科元大02購01,0,0,0,0,0,0,0,0,0,50000,0,0,0,79000,29000,50000,50000
065841,國巨元大9C購20  ,0,0,0,0,0,0,0,0,0,50000,0,0,0,50000,0,50000,50000
065961,東元元大04購01  ,0,0,0,0,0,0,0,0,0,50000,0,0,0,50000,0,50000,50000
066400,健策凱基02購02  ,0,0,0,0,0,0,0,0,0,50000,0,0,0,52000,2000,50000,50000
065182,南電元大9C購05  ,0,0,0,0,0,0,0,0,0,50000,0,0,0,50000,0,50000,50000
065225,神隆凱基01購01  ,0,0,0,0,0,0,0,0,0,50000,0,0,0,50000,0,50000,50000
065732,健策凱基9C購04  ,0,0,0,0,0,0,0,0,0,50000,0,0,0,52000,2000,50000,50000
08681P,台灣50凱基01售16,0,0,0,0,0,0,0,0,0,50000,0,0,0,50000,0,50000,50000
08784P,上証2X元富01售01,0,0,0,0,0,0,0,0,0,50000,0,0,0,50000,0,50000,50000
08407P,臺股指元大9C售13,0,0,0,0,0,0,0,0,0,49000,0,0,0,54000,5000,49000,49000
08272P,鴻海元富9C售02  ,0,0,0,0,0,0,0,0,0,49000,0,0,0,499000,450000,49000,49000
067109,晶豪科群益01購01,0,0,0,0,0,0,0,0,0,49000,0,0,0,157000,108000,49000,49000
066916,台虹凱基01購01  ,0,0,0,0,0,0,0,0,0,49000,0,0,0,70000,21000,49000,49000
066501,鴻海富邦03購01  ,0,0,0,0,0,0,0,0,0,49000,0,0,0,318000,269000,49000,49000
059268,鎧勝中信01購01  ,0,0,0,0,0,0,0,0,0,49000,0,0,0,49000,0,49000,49000
063267,台表科中信01購02,0,0,0,0,0,0,0,0,0,49000,0,0,0,59000,10000,49000,49000
058014,上銀凱基99購02  ,0,0,0,0,0,0,0,0,0,49000,0,0,0,49000,0,49000,49000
056451,可成凱基99購01  ,0,0,0,0,0,0,0,0,0,49000,0,0,0,49000,0,49000,49000
056325,群創兆豐9A購01  ,0,0,0,0,0,0,0,0,0,49000,0,0,0,89000,40000,49000,49000
061552,南六群益9A購02  ,0,0,0,0,0,0,0,0,0,49000,0,0,0,189000,140000,49000,49000
063137,瑞昱統一01購02  ,0,0,0,0,0,0,0,0,0,49000,0,0,0,49000,0,49000,49000
066172,日電貿凱基01購01,0,0,0,0,0,0,0,0,0,49000,0,0,0,50000,1000,49000,49000
066264,金像電元大01購01,0,0,0,0,0,0,0,0,0,49000,0,0,0,62000,13000,49000,49000
066070,金像電凱基01購03,0,0,0,0,0,0,0,0,0,49000,0,0,0,52000,3000,49000,49000
064441,嘉澤凱基9C購02  ,0,0,0,0,0,0,0,0,0,49000,0,0,0,50000,1000,49000,49000
2059,川湖            ,98000,49000,49000,0,0,0,0,0,0,0,0,0,0,0,0,0,49000
4961,天鈺            ,112000,62000,50000,0,0,0,0,0,0,-1000,0,1000,-1000,0,0,0,49000
4952,凌通            ,68000,12000,56000,0,0,0,0,0,0,-7000,0,7000,-7000,0,0,0,49000
4766,南寶            ,68000,20000,48000,0,0,0,0,0,0,1000,1000,0,1000,0,0,0,49000
066531,智伸科元富01購01,0,0,0,0,0,0,0,0,0,48000,0,0,0,98000,50000,48000,48000
067030,南電兆豐03購01  ,0,0,0,0,0,0,0,0,0,48000,0,0,0,157000,109000,48000,48000
066802,亞光凱基02購01  ,0,0,0,0,0,0,0,0,0,48000,0,0,0,128000,80000,48000,48000
067309,欣興元大01購04  ,0,0,0,0,0,0,0,0,0,48000,0,0,0,585000,537000,48000,48000
067420,國巨凱基02購03  ,0,0,0,0,0,0,0,0,0,48000,0,0,0,63000,15000,48000,48000
058586,鴻海中信01購02  ,0,0,0,0,0,0,0,0,0,48000,0,0,0,53000,5000,48000,48000
057650,力成元大98購04  ,0,0,0,0,0,0,0,0,0,48000,0,0,0,68000,20000,48000,48000
055683,晶技凱基99購01  ,0,0,0,0,0,0,0,0,0,48000,0,0,0,48000,0,48000,48000
056503,楠梓電永豐98購01,0,0,0,0,0,0,0,0,0,48000,0,0,0,82000,34000,48000,48000
063302,國巨凱基9C購05  ,0,0,0,0,0,0,0,0,0,48000,0,0,0,49000,1000,48000,48000
061212,聯鈞元大9A購04  ,0,0,0,0,0,0,0,0,0,48000,0,0,0,219000,171000,48000,48000
060431,復盛永豐9A購01  ,0,0,0,0,0,0,0,0,0,48000,0,0,0,70000,22000,48000,48000
063153,南六元富9B購01  ,0,0,0,0,0,0,0,0,0,48000,0,0,0,52000,4000,48000,48000
063085,嘉澤凱基9C購01  ,0,0,0,0,0,0,0,0,0,48000,0,0,0,54000,6000,48000,48000
060988,華新科元大9A購12,0,0,0,0,0,0,0,0,0,48000,0,0,0,62000,14000,48000,48000
062302,聯詠中信05購02  ,0,0,0,0,0,0,0,0,0,48000,0,0,0,78000,30000,48000,48000
063570,嘉晶元大9C購02  ,0,0,0,0,0,0,0,0,0,48000,0,0,0,399000,351000,48000,48000
060315,易華電永豐9A購01,0,0,0,0,0,0,0,0,0,48000,0,0,0,61000,13000,48000,48000
064148,瑞昱統一02購01  ,0,0,0,0,0,0,0,0,0,48000,0,0,0,131000,83000,48000,48000
065096,世芯元大9C購03  ,0,0,0,0,0,0,0,0,0,48000,0,0,0,70000,22000,48000,48000
066341,永信永豐01購01  ,0,0,0,0,0,0,0,0,0,48000,0,0,0,48000,0,48000,48000
067250,中化國票02購01  ,0,0,0,0,0,0,0,0,0,47000,0,0,0,47000,0,47000,47000
067035,台表科康和01購01,0,0,0,0,0,0,0,0,0,47000,0,0,0,111000,64000,47000,47000
067792,GIS群益02購02   ,0,0,0,0,0,0,0,0,0,47000,0,0,0,358000,311000,47000,47000
060430,和潤永豐9A購01  ,0,0,0,0,0,0,0,0,0,47000,0,0,0,60000,13000,47000,47000
057011,日月光中信99購01,0,0,0,0,0,0,0,0,0,47000,0,0,0,48000,1000,47000,47000
055713,國巨元大98購09  ,0,0,0,0,0,0,0,0,0,47000,0,0,0,51000,4000,47000,47000
062311,奇力新凱基9B購01,0,0,0,0,0,0,0,0,0,47000,0,0,0,70000,23000,47000,47000
062208,旭富國票9C購01  ,0,0,0,0,0,0,0,0,0,47000,0,0,0,47000,0,47000,47000
062760,漢唐凱基9B購01  ,0,0,0,0,0,0,0,0,0,47000,0,0,0,47000,0,47000,47000
065582,景碩國泰01購01  ,0,0,0,0,0,0,0,0,0,47000,0,0,0,516000,469000,47000,47000
065527,巨大群益9C購03  ,0,0,0,0,0,0,0,0,0,47000,0,0,0,47000,0,47000,47000
065430,可成凱基02購03  ,0,0,0,0,0,0,0,0,0,47000,0,0,0,56000,9000,47000,47000
064468,健策元富9C購02  ,0,0,0,0,0,0,0,0,0,47000,0,0,0,92000,45000,47000,47000
8341,日友            ,57000,9000,48000,0,0,0,0,0,0,-1000,0,1000,-1000,0,0,0,47000
2023,燁輝            ,304000,230000,74000,0,0,0,0,0,0,-27000,0,27000,-27000,0,0,0,47000
2348,海悅            ,84000,31000,53000,0,0,0,0,0,0,-6000,4000,10000,-6000,0,0,0,47000
08891P,國巨元大01售11  ,0,0,0,0,0,0,0,0,0,47000,0,0,0,50000,3000,47000,47000
06956P,國巨日盛99售04  ,0,0,0,0,0,0,0,0,0,46000,0,0,0,100000,54000,46000,46000
066901,台虹康和01購01  ,0,0,0,0,0,0,0,0,0,46000,0,0,0,116000,70000,46000,46000
056682,鴻海統一98購10  ,0,0,0,0,0,0,0,0,0,46000,0,0,0,46000,0,46000,46000
061882,矽創元大9B購01  ,0,0,0,0,0,0,0,0,0,46000,0,0,0,225000,179000,46000,46000
057724,亞德客國泰99購01,0,0,0,0,0,0,0,0,0,46000,0,0,0,46000,0,46000,46000
057425,臺股指凱基9C購02,0,0,0,0,0,0,0,0,0,46000,0,0,0,66000,20000,46000,46000
062987,祥碩中信01購01  ,0,0,0,0,0,0,0,0,0,46000,0,0,0,46000,0,46000,46000
062268,力山群益9B購01  ,0,0,0,0,0,0,0,0,0,46000,0,0,0,112000,66000,46000,46000
064280,大立光元大9C購11,0,0,0,0,0,0,0,0,0,46000,0,0,0,46000,0,46000,46000
064196,健策群益01購01  ,0,0,0,0,0,0,0,0,0,46000,0,0,0,52000,6000,46000,46000
063871,瀚宇博永豐9C購01,0,0,0,0,0,0,0,0,0,46000,0,0,0,46000,0,46000,46000
063927,奇力新統一02購01,0,0,0,0,0,0,0,0,0,46000,0,0,0,46000,0,46000,46000
064901,牧德群益9C購01  ,0,0,0,0,0,0,0,0,0,46000,0,0,0,51000,5000,46000,46000
066278,健策元大02購01  ,0,0,0,0,0,0,0,0,0,46000,0,0,0,75000,29000,46000,46000
066113,金像電兆豐01購01,0,0,0,0,0,0,0,0,0,46000,0,0,0,46000,0,46000,46000
065973,嘉晶元大01購03  ,0,0,0,0,0,0,0,0,0,46000,0,0,0,385000,339000,46000,46000
08714P,華碩元富01售03  ,0,0,0,0,0,0,0,0,0,46000,0,0,0,146000,100000,46000,46000
067004,義隆永豐01購01  ,0,0,0,0,0,0,0,0,0,45000,0,0,0,402000,357000,45000,45000
057548,微星凱基99購01  ,0,0,0,0,0,0,0,0,0,45000,0,0,0,50000,5000,45000,45000
059248,華新科凱基99購04,0,0,0,0,0,0,0,0,0,45000,0,0,0,49000,4000,45000,45000
061905,上証反中信03購01,0,0,0,0,0,0,0,0,0,45000,0,0,0,125000,80000,45000,45000
061875,華新科元大9B購03,0,0,0,0,0,0,0,0,0,45000,0,0,0,45000,0,45000,45000
058373,晶技凱基99購02  ,0,0,0,0,0,0,0,0,0,45000,0,0,0,45000,0,45000,45000
052893,聯電群益98購01  ,0,0,0,0,0,0,0,0,0,45000,0,0,0,57000,12000,45000,45000
055486,國巨元大98購06  ,0,0,0,0,0,0,0,0,0,45000,0,0,0,70000,25000,45000,45000
058544,FBVIX富邦9B購01 ,0,0,0,0,0,0,0,0,0,45000,0,0,0,112000,67000,45000,45000
056304,創意元大97購03  ,0,0,0,0,0,0,0,0,0,45000,0,0,0,45000,0,45000,45000
056165,矽力凱基98購02  ,0,0,0,0,0,0,0,0,0,45000,0,0,0,45000,0,45000,45000
056468,鴻海元大98購07  ,0,0,0,0,0,0,0,0,0,45000,0,0,0,45000,0,45000,45000
06334P,臺股指群益9C售03,0,0,0,0,0,0,0,0,0,45000,0,0,0,157000,112000,45000,45000
062594,祥碩統一01購02  ,0,0,0,0,0,0,0,0,0,45000,0,0,0,45000,0,45000,45000
060410,台苯永豐9A購01  ,0,0,0,0,0,0,0,0,0,45000,0,0,0,45000,0,45000,45000
065943,台表科元富01購01,0,0,0,0,0,0,0,0,0,45000,0,0,0,45000,0,45000,45000
064569,群創群益9C購01  ,0,0,0,0,0,0,0,0,0,45000,0,0,0,61000,16000,45000,45000
064705,新光金富邦01購01,0,0,0,0,0,0,0,0,0,45000,0,0,0,245000,200000,45000,45000
064081,國產中信06購01  ,0,0,0,0,0,0,0,0,0,45000,0,0,0,90000,45000,45000,45000
064262,玉晶光永豐9C購03,0,0,0,0,0,0,0,0,0,45000,0,0,0,333000,288000,45000,45000
064419,鴻海兆豐9C購01  ,0,0,0,0,0,0,0,0,0,45000,0,0,0,70000,25000,45000,45000
4137,麗豐-KY         ,62000,20000,42000,0,0,0,0,0,0,3000,0,0,0,4000,1000,3000,45000
067177,日月光麥證01購02,0,0,0,44000,0,44000,0,0,0,44000,0,0,0,44000,0,44000,44000
067395,金像電永豐01購04,0,0,0,0,0,0,0,0,0,44000,0,0,0,86000,42000,44000,44000
08015P,可成凱基9B售05  ,0,0,0,0,0,0,0,0,0,44000,0,0,0,60000,16000,44000,44000
08581P,臺股指元大9C售29,0,0,0,0,0,0,0,0,0,44000,0,0,0,74000,30000,44000,44000
059536,新光金凱基99購05,0,0,0,0,0,0,0,0,0,44000,0,0,0,56000,12000,44000,44000
055320,建準國票98購01  ,0,0,0,0,0,0,0,0,0,44000,0,0,0,44000,0,44000,44000
056033,T50正2凱基99購02,0,0,0,0,0,0,0,0,0,44000,0,0,0,44000,0,44000,44000
03421B,臺股指元大99熊01,0,0,0,0,0,0,0,0,0,44000,0,0,0,98000,54000,44000,44000
054534,台積電富邦98購03,0,0,0,0,0,0,0,0,0,44000,0,0,0,44000,0,44000,44000
058718,台灣50元富03購01,0,0,0,0,0,0,0,0,0,44000,0,0,0,44000,0,44000,44000
063431,神隆元富9B購01  ,0,0,0,0,0,0,0,0,0,44000,0,0,0,44000,0,44000,44000
060208,卜蜂康和9A購01  ,0,0,0,0,0,0,0,0,0,44000,0,0,0,44000,0,44000,44000
062932,滬深2X凱基01購01,0,0,0,0,0,0,0,0,0,44000,0,0,0,53000,9000,44000,44000
062922,南六元大9B購03  ,0,0,0,0,0,0,0,0,0,44000,0,0,0,146000,102000,44000,44000
062917,旭富元大9C購03  ,0,0,0,0,0,0,0,0,0,44000,0,0,0,62000,18000,44000,44000
060790,日月光富邦9A購01,0,0,0,0,0,0,0,0,0,44000,0,0,0,194000,150000,44000,44000
060844,大立光國票9A購07,0,0,0,0,0,0,0,0,0,44000,0,0,0,44000,0,44000,44000
064472,國巨麥證9C購03  ,0,0,0,50000,6000,44000,0,0,0,44000,0,0,0,50000,6000,44000,44000
064728,健策統一9C購04  ,0,0,0,0,0,0,0,0,0,44000,0,0,0,54000,10000,44000,44000
064555,力山群益01購01  ,0,0,0,0,0,0,0,0,0,44000,0,0,0,142000,98000,44000,44000
065988,晶技永豐01購01  ,0,0,0,0,0,0,0,0,0,44000,0,0,0,62000,18000,44000,44000
066373,美利達中信01購01,0,0,0,0,0,0,0,0,0,44000,0,0,0,88000,44000,44000,44000
066200,建準統一02購01  ,0,0,0,0,0,0,0,0,0,44000,0,0,0,140000,96000,44000,44000
2351,順德            ,91000,47000,44000,0,0,0,0,0,0,0,0,0,0,0,0,0,44000
08399P,技嘉元富9C售02  ,0,0,0,0,0,0,0,0,0,43000,0,0,0,118000,75000,43000,43000
067404,盛群永豐01購01  ,0,0,0,0,0,0,0,0,0,43000,0,0,0,43000,0,43000,43000
066939,TPK國票02購02   ,0,0,0,0,0,0,0,0,0,43000,0,0,0,81000,38000,43000,43000
066541,南電兆豐01購02  ,0,0,0,0,0,0,0,0,0,43000,0,0,0,113000,70000,43000,43000
058750,緯穎凱基9A購03  ,0,0,0,0,0,0,0,0,0,43000,0,0,0,48000,5000,43000,43000
061881,緯穎元大9B購02  ,0,0,0,0,0,0,0,0,0,43000,0,0,0,50000,7000,43000,43000
058989,茂林凱基99購02  ,0,0,0,0,0,0,0,0,0,43000,0,0,0,73000,30000,43000,43000
057886,聯詠群益98購01  ,0,0,0,0,0,0,0,0,0,43000,0,0,0,43000,0,43000,43000
054353,世紀鋼國泰98購01,0,0,0,0,0,0,0,0,0,43000,0,0,0,53000,10000,43000,43000
0054,元大台商50      ,0,0,0,0,0,0,0,0,0,43000,0,0,0,45000,2000,43000,43000
056095,臻鼎元富9A購01  ,0,0,0,0,0,0,0,0,0,43000,0,0,0,58000,15000,43000,43000
055176,大毅統一98購02  ,0,0,0,0,0,0,0,0,0,43000,0,0,0,43000,0,43000,43000
056469,國巨元大99購01  ,0,0,0,0,0,0,0,0,0,43000,0,0,0,83000,40000,43000,43000
062809,同欣電統一9C購01,0,0,0,0,0,0,0,0,0,43000,0,0,0,178000,135000,43000,43000
062279,晶豪科群益9B購01,0,0,0,0,0,0,0,0,0,43000,0,0,0,53000,10000,43000,43000
060283,台肥元大9C購01  ,0,0,0,0,0,0,0,0,0,43000,0,0,0,43000,0,43000,43000
060333,金寶康和9A購01  ,0,0,0,0,0,0,0,0,0,43000,0,0,0,83000,40000,43000,43000
061531,奇鋐台新9A購01  ,0,0,0,0,0,0,0,0,0,43000,0,0,0,48000,5000,43000,43000
062058,瑞昱統一01購01  ,0,0,0,0,0,0,0,0,0,43000,0,0,0,56000,13000,43000,43000
066168,強茂凱基01購02  ,0,0,0,0,0,0,0,0,0,43000,0,0,0,127000,84000,43000,43000
066349,聚碩永豐01購01  ,0,0,0,0,0,0,0,0,0,43000,0,0,0,82000,39000,43000,43000
064902,健策群益01購03  ,0,0,0,0,0,0,0,0,0,43000,0,0,0,115000,72000,43000,43000
08952P,台積電元富07售08,0,0,0,0,0,0,0,0,0,43000,0,0,0,43000,0,43000,43000
066544,鴻海元大01購08  ,0,0,0,0,0,0,0,0,0,42000,0,0,0,110000,68000,42000,42000
066502,國巨富邦05購02  ,0,0,0,0,0,0,0,0,0,42000,0,0,0,231000,189000,42000,42000
066480,國巨元富07購02  ,0,0,0,0,0,0,0,0,0,42000,0,0,0,48000,6000,42000,42000
066863,上証2X元富07購01,0,0,0,0,0,0,0,0,0,42000,0,0,0,85000,43000,42000,42000
067632,台積電永豐01購03,0,0,0,0,0,0,0,0,0,42000,0,0,0,100000,58000,42000,42000
059678,鴻海國泰9A購03  ,0,0,0,0,0,0,0,0,0,42000,0,0,0,42000,0,42000,42000
054893,帆宣統一99購01  ,0,0,0,0,0,0,0,0,0,42000,0,0,0,66000,24000,42000,42000
058768,南港兆豐99購01  ,0,0,0,0,0,0,0,0,0,42000,0,0,0,42000,0,42000,42000
057964,緯穎元大99購03  ,0,0,0,0,0,0,0,0,0,42000,0,0,0,50000,8000,42000,42000
061529,國巨台新9A購02  ,0,0,0,0,0,0,0,0,0,42000,0,0,0,42000,0,42000,42000
063009,國巨元大9B購18  ,0,0,0,0,0,0,0,0,0,42000,0,0,0,50000,8000,42000,42000
062121,奇鋐台新9B購01  ,0,0,0,0,0,0,0,0,0,42000,0,0,0,42000,0,42000,42000
062028,晶技群益9B購01  ,0,0,0,0,0,0,0,0,0,42000,0,0,0,65000,23000,42000,42000
060835,亞德客國票9A購01,0,0,0,0,0,0,0,0,0,42000,0,0,0,313000,271000,42000,42000
065140,國巨凱基01購02  ,0,0,0,0,0,0,0,0,0,42000,0,0,0,55000,13000,42000,42000
064689,台積電群益9C購09,0,0,0,0,0,0,0,0,0,42000,0,0,0,69000,27000,42000,42000
064086,旺宏凱基9C購01  ,0,0,0,0,0,0,0,0,0,42000,0,0,0,63000,21000,42000,42000
066128,台積電群益02購01,0,0,0,0,0,0,0,0,0,42000,0,0,0,173000,131000,42000,42000
066073,奇鋐凱基01購01  ,0,0,0,0,0,0,0,0,0,42000,0,0,0,73000,31000,42000,42000
065473,鴻海元大9C購14  ,0,0,0,0,0,0,0,0,0,42000,0,0,0,91000,49000,42000,42000
065270,TPK元大01購01   ,0,0,0,0,0,0,0,0,0,42000,0,0,0,68000,26000,42000,42000
9939,宏全            ,93000,108000,-15000,0,0,0,0,0,0,57000,2000,10000,-8000,65000,0,65000,42000
067233,微星群益02購02  ,0,0,0,0,0,0,0,0,0,41000,0,0,0,146000,105000,41000,41000
066428,健策元大02購02  ,0,0,0,0,0,0,0,0,0,41000,0,0,0,71000,30000,41000,41000
066664,嘉晶凱基02購01  ,0,0,0,0,0,0,0,0,0,41000,0,0,0,281000,240000,41000,41000
063256,鴻海國泰01購02  ,0,0,0,0,0,0,0,0,0,41000,0,0,0,48000,7000,41000,41000
061922,瑞昱凱基9B購01  ,0,0,0,0,0,0,0,0,0,41000,0,0,0,61000,20000,41000,41000
061917,亞德客凱基9B購02,0,0,0,0,0,0,0,0,0,41000,0,0,0,81000,40000,41000,41000
057572,明泰永豐98購01  ,0,0,0,0,0,0,0,0,0,41000,0,0,0,41000,0,41000,41000
057542,上銀凱基99購01  ,0,0,0,0,0,0,0,0,0,41000,0,0,0,44000,3000,41000,41000
059378,台光電群益9B購01,0,0,0,0,0,0,0,0,0,41000,0,0,0,45000,4000,41000,41000
058516,健鼎元大99購02  ,0,0,0,0,0,0,0,0,0,41000,0,0,0,50000,9000,41000,41000
057096,緯穎元富98購01  ,0,0,0,0,0,0,0,0,0,41000,0,0,0,41000,0,41000,41000
060755,鴻海元大9A購15  ,0,0,0,0,0,0,0,0,0,41000,0,0,0,41000,0,41000,41000
062007,台光電國泰9C購01,0,0,0,0,0,0,0,0,0,41000,0,0,0,90000,49000,41000,41000
064255,泰碩國泰02購01  ,0,0,0,0,0,0,0,0,0,41000,0,0,0,207000,166000,41000,41000
08934P,鴻海元大01售18  ,0,0,0,0,0,0,0,0,0,41000,0,0,0,117000,76000,41000,41000
08305P,茂林群益9C售01  ,0,0,0,0,0,0,0,0,0,40000,0,0,0,40000,0,40000,40000
08468P,台郡統一9C售02  ,0,0,0,0,0,0,0,0,0,40000,0,0,0,40000,0,40000,40000
07943P,瑞昱元大9B售02  ,0,0,0,0,0,0,0,0,0,40000,0,0,0,40000,0,40000,40000
07815P,美律群益9A售04  ,0,0,0,0,0,0,0,0,0,40000,0,0,0,40000,0,40000,40000
07799P,南電國票9A售04  ,0,0,0,0,0,0,0,0,0,40000,0,0,0,60000,20000,40000,40000
08208P,臺股指群益9B售16,0,0,0,0,0,0,0,0,0,40000,0,0,0,40000,0,40000,40000
08202P,台表科國泰01售04,0,0,0,0,0,0,0,0,0,40000,0,0,0,40000,0,40000,40000
08069P,大立光國泰01售02,0,0,0,0,0,0,0,0,0,40000,0,0,0,146000,106000,40000,40000
06926P,可成群益9A售04  ,0,0,0,0,0,0,0,0,0,40000,0,0,0,68000,28000,40000,40000
06879P,長榮航凱基98售02,0,0,0,0,0,0,0,0,0,40000,0,0,0,40000,0,40000,40000
06851P,鈺齊元大98售01  ,0,0,0,0,0,0,0,0,0,40000,0,0,0,40000,0,40000,40000
07524P,臺股指中信9B售06,0,0,0,0,0,0,0,0,0,40000,0,0,0,40000,0,40000,40000
052152,創意富邦98購01  ,0,0,0,0,0,0,0,0,0,40000,0,0,0,40000,0,40000,40000
00640L,富邦日本正2     ,41000,1000,40000,0,0,0,0,0,0,0,0,0,0,0,0,0,40000
00865B,國泰US短期公債  ,0,0,0,0,0,0,0,0,0,40000,0,0,0,140000,100000,40000,40000
053396,漢唐中信9A購01  ,0,0,0,0,0,0,0,0,0,40000,0,0,0,41000,1000,40000,40000
059390,華新科凱基99購05,0,0,0,0,0,0,0,0,0,40000,0,0,0,66000,26000,40000,40000
057601,中磊群益98購01  ,0,0,0,0,0,0,0,0,0,40000,0,0,0,50000,10000,40000,40000
056744,麗豐凱基9A購01  ,0,0,0,0,0,0,0,0,0,40000,0,0,0,50000,10000,40000,40000
056720,世紀鋼永豐98購01,0,0,0,0,0,0,0,0,0,40000,0,0,0,40000,0,40000,40000
057270,遠東新元大98購01,0,0,0,0,0,0,0,0,0,40000,0,0,0,40000,0,40000,40000
057249,華邦電統一9A購01,0,0,0,0,0,0,0,0,0,40000,0,0,0,40000,0,40000,40000
057240,茂林凱基9A購01  ,0,0,0,0,0,0,0,0,0,40000,0,0,0,50000,10000,40000,40000
057503,世紀鋼群益98購02,0,0,0,0,0,0,0,0,0,40000,0,0,0,40000,0,40000,40000
057433,上銀國票98購04  ,0,0,0,0,0,0,0,0,0,40000,0,0,0,40000,0,40000,40000
058987,華新科凱基9B購01,0,0,0,0,0,0,0,0,0,40000,0,0,0,57000,17000,40000,40000
05894P,友達群益98售02  ,0,0,0,0,0,0,0,0,0,40000,0,0,0,40000,0,40000,40000
059005,嘉晶元大99購06  ,0,0,0,0,0,0,0,0,0,40000,0,0,0,40000,0,40000,40000
061928,群創凱基9B購06  ,0,0,0,0,0,0,0,0,0,40000,0,0,0,40000,0,40000,40000
061242,玉晶光兆豐9B購02,0,0,0,0,0,0,0,0,0,40000,0,0,0,40000,0,40000,40000
060424,中租永豐9A購01  ,0,0,0,0,0,0,0,0,0,40000,0,0,0,40000,0,40000,40000
060499,鴻海元大9A購11  ,0,0,0,0,0,0,0,0,0,40000,0,0,0,40000,0,40000,40000
058008,禾伸堂國票99購02,0,0,0,0,0,0,0,0,0,40000,0,0,0,78000,38000,40000,40000
058739,喬山中信99購01  ,0,0,0,0,0,0,0,0,0,40000,0,0,0,40000,0,40000,40000
058292,上銀凱基9A購01  ,0,0,0,0,0,0,0,0,0,40000,0,0,0,40000,0,40000,40000
062683,可成統一9B購04  ,0,0,0,0,0,0,0,0,0,40000,0,0,0,40000,0,40000,40000
062197,聯發科中信01購03,0,0,0,0,0,0,0,0,0,40000,0,0,0,40000,0,40000,40000
060557,南電凱基9A購02  ,0,0,0,0,0,0,0,0,0,40000,0,0,0,68000,28000,40000,40000
060521,鴻海中信01購03  ,0,0,0,0,0,0,0,0,0,40000,0,0,0,40000,0,40000,40000
062732,南六凱基9B購03  ,0,0,0,0,0,0,0,0,0,40000,0,0,0,40000,0,40000,40000
062941,大立光凱基9B購07,0,0,0,0,0,0,0,0,0,40000,0,0,0,80000,40000,40000,40000
063147,東元元富9B購01  ,0,0,0,0,0,0,0,0,0,40000,0,0,0,50000,10000,40000,40000
061634,遠東新元大9A購01,0,0,0,0,0,0,0,0,0,40000,0,0,0,50000,10000,40000,40000
063197,遠東新統一9C購01,0,0,0,0,0,0,0,0,0,40000,0,0,0,40000,0,40000,40000
059909,鴻海元大99購36  ,0,0,0,0,0,0,0,0,0,40000,0,0,0,40000,0,40000,40000
060087,鴻海元大99購43  ,0,0,0,0,0,0,0,0,0,40000,0,0,0,40000,0,40000,40000
061720,智邦國泰9C購01  ,0,0,0,0,0,0,0,0,0,40000,0,0,0,50000,10000,40000,40000
060216,鴻海凱基9A購17  ,0,0,0,0,0,0,0,0,0,40000,0,0,0,40000,0,40000,40000
063438,聚陽統一9C購01  ,0,0,0,0,0,0,0,0,0,40000,0,0,0,50000,10000,40000,40000
060657,旺宏統一9B購05  ,0,0,0,0,0,0,0,0,0,40000,0,0,0,100000,60000,40000,40000
063622,健策兆豐9B購01  ,0,0,0,0,0,0,0,0,0,40000,0,0,0,50000,10000,40000,40000
063760,聯詠統一9C購02  ,0,0,0,0,0,0,0,0,0,40000,0,0,0,40000,0,40000,40000
06433P,大立光群益99售01,0,0,0,0,0,0,0,0,0,40000,0,0,0,40000,0,40000,40000
064752,台達電凱基01購01,0,0,0,0,0,0,0,0,0,40000,0,0,0,75000,35000,40000,40000
064558,台積電群益9C購08,0,0,0,0,0,0,0,0,0,40000,0,0,0,140000,100000,40000,40000
064624,群創元大02購01  ,0,0,0,0,0,0,0,0,0,40000,0,0,0,90000,50000,40000,40000
064903,新唐群益9C購01  ,0,0,0,0,0,0,0,0,0,40000,0,0,0,43000,3000,40000,40000
064859,南亞科富邦01購01,0,0,0,0,0,0,0,0,0,40000,0,0,0,40000,0,40000,40000
065407,世紀鋼富邦01購01,0,0,0,0,0,0,0,0,0,40000,0,0,0,91000,51000,40000,40000
066050,亞光元大01購01  ,0,0,0,0,0,0,0,0,0,40000,0,0,0,183000,143000,40000,40000
08709P,台積電台新01售02,0,0,0,0,0,0,0,0,0,40000,0,0,0,40000,0,40000,40000
1783,和康生          ,66000,27000,39000,0,0,0,0,0,0,1000,1000,0,1000,0,0,0,40000
07067P,旺宏台新99售02  ,0,0,0,0,0,0,0,0,0,39000,0,0,0,75000,36000,39000,39000
08041P,臺股指群益9B售14,0,0,0,0,0,0,0,0,0,39000,0,0,0,39000,0,39000,39000
066816,泰鼎兆豐03購01  ,0,0,0,0,0,0,0,0,0,39000,0,0,0,165000,126000,39000,39000
058193,緯穎永豐99購01  ,0,0,0,0,0,0,0,0,0,39000,0,0,0,74000,35000,39000,39000
058555,矽創永豐9A購01  ,0,0,0,0,0,0,0,0,0,39000,0,0,0,68000,29000,39000,39000
063687,金像電永豐9B購04,0,0,0,0,0,0,0,0,0,39000,0,0,0,79000,40000,39000,39000
060572,景碩永豐9A購01  ,0,0,0,0,0,0,0,0,0,39000,0,0,0,40000,1000,39000,39000
062680,微星統一01購01  ,0,0,0,0,0,0,0,0,0,39000,0,0,0,39000,0,39000,39000
064621,大立光元大9C購20,0,0,0,0,0,0,0,0,0,39000,0,0,0,47000,8000,39000,39000
064406,健策凱基03購01  ,0,0,0,0,0,0,0,0,0,39000,0,0,0,77000,38000,39000,39000
1614,三洋電          ,52000,13000,39000,0,0,0,0,0,0,0,0,0,0,0,0,0,39000
3708,上緯投控        ,323000,261000,62000,0,0,0,0,0,0,-23000,0,15000,-15000,40000,48000,-8000,39000
3032,偉訓            ,59000,18000,41000,0,0,0,0,0,0,-2000,0,2000,-2000,0,0,0,39000
066934,宏達電國票02購01,0,0,0,0,0,0,0,0,0,38000,0,0,0,38000,0,38000,38000
066711,臺股指群益01購03,0,0,0,0,0,0,0,0,0,38000,0,0,0,55000,17000,38000,38000
067596,國巨凱基02購05  ,0,0,0,0,0,0,0,0,0,38000,0,0,0,42000,4000,38000,38000
08000P,奇鋐凱基9B售03  ,0,0,0,0,0,0,0,0,0,38000,0,0,0,44000,6000,38000,38000
08425P,世紀鋼元富9C售03,0,0,0,0,0,0,0,0,0,38000,0,0,0,88000,50000,38000,38000
053568,智伸科富邦98購01,0,0,0,0,0,0,0,0,0,38000,0,0,0,38000,0,38000,38000
063268,GIS中信9B購01   ,0,0,0,0,0,0,0,0,0,38000,0,0,0,101000,63000,38000,38000
063321,泰鼎群益9B購03  ,0,0,0,0,0,0,0,0,0,38000,0,0,0,48000,10000,38000,38000
058963,華新科兆豐99購05,0,0,0,0,0,0,0,0,0,38000,0,0,0,38000,0,38000,38000
061957,上銀統一01購01  ,0,0,0,0,0,0,0,0,0,38000,0,0,0,128000,90000,38000,38000
062177,上銀元大9B購02  ,0,0,0,0,0,0,0,0,0,38000,0,0,0,68000,30000,38000,38000
063013,技嘉元大9B購02  ,0,0,0,0,0,0,0,0,0,38000,0,0,0,60000,22000,38000,38000
060931,GIS永豐9A購01   ,0,0,0,0,0,0,0,0,0,38000,0,0,0,38000,0,38000,38000
062531,大立光統一9C購06,0,0,0,0,0,0,0,0,0,38000,0,0,0,40000,2000,38000,38000
063397,廣達群益9B購02  ,0,0,0,0,0,0,0,0,0,38000,0,0,0,106000,68000,38000,38000
063575,矽格元大9B購02  ,0,0,0,0,0,0,0,0,0,38000,0,0,0,55000,17000,38000,38000
060399,康友國票9A購02  ,0,0,0,0,0,0,0,0,0,38000,0,0,0,48000,10000,38000,38000
063436,儒鴻統一01購03  ,0,0,0,0,0,0,0,0,0,38000,0,0,0,58000,20000,38000,38000
061787,華新科群益9C購01,0,0,0,0,0,0,0,0,0,38000,0,0,0,38000,0,38000,38000
064390,台塑永豐9C購01  ,0,0,0,0,0,0,0,0,0,38000,0,0,0,48000,10000,38000,38000
064446,聚陽統一02購02  ,0,0,0,0,0,0,0,0,0,38000,0,0,0,54000,16000,38000,38000
064246,南六統一9C購02  ,0,0,0,0,0,0,0,0,0,38000,0,0,0,40000,2000,38000,38000
064956,麗豐凱基9C購01  ,0,0,0,0,0,0,0,0,0,38000,0,0,0,48000,10000,38000,38000
065198,玉晶光元富06購01,0,0,0,0,0,0,0,0,0,38000,0,0,0,313000,275000,38000,38000
065577,超眾群益9C購02  ,0,0,0,0,0,0,0,0,0,38000,0,0,0,120000,82000,38000,38000
08555P,超眾國票01售01  ,0,0,0,0,0,0,0,0,0,37000,0,0,0,40000,3000,37000,37000
066679,微星兆豐01購01  ,0,0,0,0,0,0,0,0,0,37000,0,0,0,89000,52000,37000,37000
066471,致新統一02購01  ,0,0,0,0,0,0,0,0,0,37000,0,0,0,40000,3000,37000,37000
057907,台達電亞東99購01,0,0,0,0,0,0,0,0,0,37000,0,0,0,37000,0,37000,37000
057391,樺漢永豐98購01  ,0,0,0,0,0,0,0,0,0,37000,0,0,0,207000,170000,37000,37000
061204,國巨元大9A購16  ,0,0,0,0,0,0,0,0,0,37000,0,0,0,37000,0,37000,37000
058190,貿聯永豐99購01  ,0,0,0,0,0,0,0,0,0,37000,0,0,0,37000,0,37000,37000
057021,台積電凱基9A購02,0,0,0,0,0,0,0,0,0,37000,0,0,0,44000,7000,37000,37000
058526,鈺齊元大99購02  ,30000,0,30000,0,0,0,0,0,0,7000,0,0,0,271000,264000,7000,37000
056739,美律凱基98購04  ,0,0,0,0,0,0,0,0,0,37000,0,0,0,37000,0,37000,37000
060714,晶技永豐9A購02  ,0,0,0,0,0,0,0,0,0,37000,0,0,0,37000,0,37000,37000
063108,世紀鋼群益9C購01,0,0,0,0,0,0,0,0,0,37000,0,0,0,37000,0,37000,37000
062947,國巨富邦01購01  ,0,0,0,0,0,0,0,0,0,37000,0,0,0,50000,13000,37000,37000
061128,大立光永豐9A購02,0,0,0,0,0,0,0,0,0,37000,0,0,0,123000,86000,37000,37000
061110,超眾元大9A購03  ,0,0,0,0,0,0,0,0,0,37000,0,0,0,65000,28000,37000,37000
062615,亞德客元大9B購02,0,0,0,0,0,0,0,0,0,37000,0,0,0,213000,176000,37000,37000
065553,聯詠凱基9C購03  ,0,0,0,0,0,0,0,0,0,37000,0,0,0,212000,175000,37000,37000
065514,建準群益9C購01  ,0,0,0,0,0,0,0,0,0,37000,0,0,0,177000,140000,37000,37000
065635,智伸科國票01購02,0,0,0,0,0,0,0,0,0,37000,0,0,0,48000,11000,37000,37000
065787,奇鋐永豐9C購01  ,0,0,0,0,0,0,0,0,0,37000,0,0,0,37000,0,37000,37000
064978,群創元大9C購07  ,0,0,0,0,0,0,0,0,0,37000,0,0,0,123000,86000,37000,37000
064862,創意富邦03購01  ,0,0,0,0,0,0,0,0,0,37000,0,0,0,37000,0,37000,37000
065168,台積電元大02購02,0,0,0,0,0,0,0,0,0,37000,0,0,0,40000,3000,37000,37000
064467,南亞科元富9C購02,0,0,0,0,0,0,0,0,0,37000,0,0,0,108000,71000,37000,37000
064110,國巨國票01購01  ,0,0,0,0,0,0,0,0,0,37000,0,0,0,65000,28000,37000,37000
4106,雃博            ,237000,200000,37000,0,0,0,0,0,0,0,0,0,0,0,0,0,37000
2436,偉詮電          ,676000,633000,43000,0,0,0,0,0,0,-6000,0,6000,-6000,0,0,0,37000
066645,聯發科麥證01購02,0,0,0,74000,38000,36000,0,0,0,36000,0,0,0,74000,38000,36000,36000
067155,健策統一02購01  ,0,0,0,0,0,0,0,0,0,36000,0,0,0,38000,2000,36000,36000
07284P,大立光凱基99售10,0,0,0,0,0,0,0,0,0,36000,0,0,0,36000,0,36000,36000
056834,華新元富99購01  ,0,0,0,0,0,0,0,0,0,36000,0,0,0,36000,0,36000,36000
058564,元金2X凱基9C購01,0,0,0,0,0,0,0,0,0,36000,0,0,0,46000,10000,36000,36000
056859,台積電群益98購02,0,0,0,0,0,0,0,0,0,36000,0,0,0,102000,66000,36000,36000
00709,富邦歐洲        ,0,0,0,0,0,0,0,0,0,36000,0,0,0,137000,101000,36000,36000
063295,京元電麥證9B購01,0,0,0,367000,331000,36000,0,0,0,36000,0,0,0,367000,331000,36000,36000
057930,旺宏群益99購04  ,0,0,0,0,0,0,0,0,0,36000,0,0,0,48000,12000,36000,36000
062258,奇力新元大9B購03,0,0,0,0,0,0,0,0,0,36000,0,0,0,160000,124000,36000,36000
059912,國巨元大99購28  ,0,0,0,0,0,0,0,0,0,36000,0,0,0,38000,2000,36000,36000
061423,廣達元大9A購01  ,0,0,0,0,0,0,0,0,0,36000,0,0,0,39000,3000,36000,36000
060212,華航康和9A購01  ,0,0,0,0,0,0,0,0,0,36000,0,0,0,36000,0,36000,36000
060311,盟立永豐9A購01  ,0,0,0,0,0,0,0,0,0,36000,0,0,0,36000,0,36000,36000
063970,大立光國票01購01,0,0,0,0,0,0,0,0,0,36000,0,0,0,162000,126000,36000,36000
064403,正崴凱基01購01  ,0,0,0,0,0,0,0,0,0,36000,0,0,0,46000,10000,36000,36000
065127,世芯永豐9C購03  ,0,0,0,0,0,0,0,0,0,36000,0,0,0,118000,82000,36000,36000
065086,可成元大01購04  ,0,0,0,0,0,0,0,0,0,36000,0,0,0,46000,10000,36000,36000
064869,景碩永豐9C購01  ,0,0,0,0,0,0,0,0,0,36000,0,0,0,51000,15000,36000,36000
064908,世紀鋼群益01購02,0,0,0,0,0,0,0,0,0,36000,0,0,0,144000,108000,36000,36000
064993,嘉澤兆豐9C購01  ,0,0,0,0,0,0,0,0,0,36000,0,0,0,36000,0,36000,36000
064680,創意兆豐01購01  ,0,0,0,0,0,0,0,0,0,36000,0,0,0,44000,8000,36000,36000
07505P,台勝科元大9A售01,0,0,0,0,0,0,0,0,0,35000,0,0,0,35000,0,35000,35000
07475P,A50正2群益9C售02,0,0,0,0,0,0,0,0,0,35000,0,0,0,35000,0,35000,35000
067774,同欣電統一02購01,0,0,0,0,0,0,0,0,0,35000,0,0,0,85000,50000,35000,35000
06789P,鴻海凱基98售12  ,0,0,0,0,0,0,0,0,0,35000,0,0,0,35000,0,35000,35000
08505P,臺股指國票9C售07,0,0,0,0,0,0,0,0,0,35000,0,0,0,50000,15000,35000,35000
08598P,立積元大9C售04  ,0,0,0,0,0,0,0,0,0,35000,0,0,0,168000,133000,35000,35000
08617P,緯創元富9C售03  ,0,0,0,0,0,0,0,0,0,35000,0,0,0,46000,11000,35000,35000
08171P,嘉澤國票9C售01  ,0,0,0,0,0,0,0,0,0,35000,0,0,0,134000,99000,35000,35000
067127,台虹富邦03購01  ,0,0,0,0,0,0,0,0,0,35000,0,0,0,36000,1000,35000,35000
06757P,台灣50元大9B售01,0,0,0,0,0,0,0,0,0,35000,0,0,0,35000,0,35000,35000
067361,旭富群益01購02  ,0,0,0,0,0,0,0,0,0,35000,0,0,0,41000,6000,35000,35000
067448,華碩國票01購01  ,0,0,0,0,0,0,0,0,0,35000,0,0,0,35000,0,35000,35000
066455,聯發科統一01購10,0,0,0,0,0,0,0,0,0,35000,0,0,0,58000,23000,35000,35000
066925,滬深2X國票02購03,0,0,0,0,0,0,0,0,0,35000,0,0,0,35000,0,35000,35000
066937,群創國票03購01  ,0,0,0,0,0,0,0,0,0,35000,0,0,0,40000,5000,35000,35000
066814,健鼎兆豐01購01  ,0,0,0,0,0,0,0,0,0,35000,0,0,0,36000,1000,35000,35000
066789,聯詠麥證01購01  ,0,0,0,44000,9000,35000,0,0,0,35000,0,0,0,44000,9000,35000,35000
058387,國巨國票9A購03  ,0,0,0,0,0,0,0,0,0,35000,0,0,0,37000,2000,35000,35000
059512,晶豪科永豐99購02,0,0,0,0,0,0,0,0,0,35000,0,0,0,37000,2000,35000,35000
056217,A50正2中信99購02,0,0,0,0,0,0,0,0,0,35000,0,0,0,35000,0,35000,35000
054785,建準群益98購01  ,0,0,0,0,0,0,0,0,0,35000,0,0,0,35000,0,35000,35000
055363,緯穎凱基98購03  ,0,0,0,0,0,0,0,0,0,35000,0,0,0,35000,0,35000,35000
063604,群創凱基01購02  ,0,0,0,0,0,0,0,0,0,35000,0,0,0,53000,18000,35000,35000
061511,緯穎富邦9B購02  ,0,0,0,0,0,0,0,0,0,35000,0,0,0,95000,60000,35000,35000
059872,華新科凱基01購01,0,0,0,0,0,0,0,0,0,35000,0,0,0,50000,15000,35000,35000
062213,和大統一9B購02  ,0,0,0,0,0,0,0,0,0,35000,0,0,0,35000,0,35000,35000
061019,大毅國票9A購01  ,0,0,0,0,0,0,0,0,0,35000,0,0,0,35000,0,35000,35000
061003,南亞科兆豐9A購01,0,0,0,0,0,0,0,0,0,35000,0,0,0,147000,112000,35000,35000
060850,康友國票9A購03  ,0,0,0,0,0,0,0,0,0,35000,0,0,0,35000,0,35000,35000
062797,瑞昱統一9B購01  ,0,0,0,0,0,0,0,0,0,35000,0,0,0,52000,17000,35000,35000
063088,緯穎凱基9B購04  ,0,0,0,0,0,0,0,0,0,35000,0,0,0,35000,0,35000,35000
062529,可成統一9C購03  ,0,0,0,0,0,0,0,0,0,35000,0,0,0,35000,0,35000,35000
064371,矽格統一9C購02  ,0,15000,-15000,0,0,0,0,0,0,50000,0,0,0,108000,58000,50000,35000
064214,群創凱基03購01  ,0,0,0,0,0,0,0,0,0,35000,0,0,0,47000,12000,35000,35000
065242,巨大凱基01購02  ,0,0,0,0,0,0,0,0,0,35000,0,0,0,35000,0,35000,35000
066003,台表科國票02購02,0,0,0,0,0,0,0,0,0,35000,0,0,0,40000,5000,35000,35000
065860,南電元大02購01  ,0,0,0,0,0,0,0,0,0,35000,0,0,0,35000,0,35000,35000
066135,潤泰全群益02購01,0,0,0,0,0,0,0,0,0,35000,0,0,0,35000,0,35000,35000
08751P,友達群益01售01  ,0,0,0,0,0,0,0,0,0,35000,0,0,0,40000,5000,35000,35000
067610,上緯控凱基02購01,0,0,0,0,0,0,0,0,0,34000,0,0,0,119000,85000,34000,34000
07791P,奇鋐元大9A售02  ,0,0,0,0,0,0,0,0,0,34000,0,0,0,94000,60000,34000,34000
08632P,聯發科元大9C售19,0,0,0,0,0,0,0,0,0,34000,0,0,0,50000,16000,34000,34000
059626,台積電凱基01購01,0,0,0,0,0,0,0,0,0,34000,0,0,0,34000,0,34000,34000
058583,臻鼎群益99購01  ,0,0,0,0,0,0,0,0,0,34000,0,0,0,34000,0,34000,34000
047211,華新科富邦99購01,0,0,0,0,0,0,0,0,0,34000,0,0,0,36000,2000,34000,34000
061989,晶技元大9B購04  ,0,0,0,0,0,0,0,0,0,34000,0,0,0,51000,17000,34000,34000
062661,華通群益9B購05  ,0,0,0,0,0,0,0,0,0,34000,0,0,0,122000,88000,34000,34000
060040,康控國票99購04  ,0,0,0,0,0,0,0,0,0,34000,0,0,0,34000,0,34000,34000
063498,金像電永豐9B購02,0,0,0,0,0,0,0,0,0,34000,0,0,0,36000,2000,34000,34000
066360,致茂中信05購01  ,0,0,0,0,0,0,0,0,0,34000,0,0,0,182000,148000,34000,34000
065261,技嘉元大9C購03  ,0,0,0,0,0,0,0,0,0,34000,0,0,0,102000,68000,34000,34000
064026,建準元大9C購02  ,0,0,0,0,0,0,0,0,0,34000,0,0,0,223000,189000,34000,34000
064545,智邦凱基9C購02  ,0,0,0,0,0,0,0,0,0,34000,0,0,0,34000,0,34000,34000
2233,宇隆            ,54000,20000,34000,0,0,0,0,0,0,0,0,0,0,0,0,0,34000
07890P,南電國票9B售01  ,0,0,0,0,0,0,0,0,0,33000,0,0,0,82000,49000,33000,33000
067237,國揚群益01購02  ,0,0,0,0,0,0,0,0,0,33000,0,0,0,104000,71000,33000,33000
067242,景碩群益01購03  ,0,0,0,0,0,0,0,0,0,33000,0,0,0,44000,11000,33000,33000
067258,盛群國票01購01  ,0,0,0,0,0,0,0,0,0,33000,0,0,0,53000,20000,33000,33000
067213,大立光元大01購11,0,0,0,0,0,0,0,0,0,33000,0,0,0,83000,50000,33000,33000
066967,台積電元富07購03,0,175000,-175000,0,0,0,0,0,0,208000,0,0,0,225000,17000,208000,33000
066479,國巨元富07購01  ,0,0,0,0,0,0,0,0,0,33000,0,0,0,36000,3000,33000,33000
00713,元大台灣高息低波,0,0,0,0,0,0,0,0,0,33000,0,0,0,44000,11000,33000,33000
063307,同欣電凱基9B購02,0,0,0,0,0,0,0,0,0,33000,0,0,0,75000,42000,33000,33000
058646,聯茂富邦9A購01  ,0,0,0,0,0,0,0,0,0,33000,0,0,0,50000,17000,33000,33000
063527,美食凱基01購01  ,0,0,0,0,0,0,0,0,0,33000,0,0,0,173000,140000,33000,33000
063738,奇鋐元大9B購03  ,0,0,0,0,0,0,0,0,0,33000,0,0,0,58000,25000,33000,33000
061833,華新科凱基02購01,0,0,0,0,0,0,0,0,0,33000,0,0,0,50000,17000,33000,33000
061469,瑞祺群益9A購02  ,0,0,0,0,0,0,0,0,0,33000,0,0,0,33000,0,33000,33000
062016,美食永豐9B購01  ,0,0,0,0,0,0,0,0,0,33000,0,0,0,35000,2000,33000,33000
062744,超眾國泰9C購01  ,0,0,0,0,0,0,0,0,0,33000,0,0,0,33000,0,33000,33000
060775,世芯凱基9A購02  ,0,0,0,0,0,0,0,0,0,33000,0,0,0,51000,18000,33000,33000
064744,創意國票01購02  ,0,0,0,0,0,0,0,0,0,33000,0,0,0,33000,0,33000,33000
065418,緯創國票01購01  ,0,0,0,0,0,0,0,0,0,33000,0,0,0,151000,118000,33000,33000
066148,美利達群益01購02,0,0,0,0,0,0,0,0,0,33000,0,0,0,43000,10000,33000,33000
065852,創意元大9C購06  ,0,0,0,0,0,0,0,0,0,33000,0,0,0,56000,23000,33000,33000
066061,超眾元大01購04  ,0,0,0,0,0,0,0,0,0,33000,0,0,0,50000,17000,33000,33000
6243,迅杰            ,57000,24000,33000,0,0,0,0,0,0,0,0,0,0,0,0,0,33000
067338,欣興凱基01購02  ,0,0,0,0,0,0,0,0,0,32000,0,0,0,128000,96000,32000,32000
059381,TPK亞東99購01   ,0,0,0,0,0,0,0,0,0,32000,0,0,0,32000,0,32000,32000
058314,欣興富邦9B購01  ,0,0,0,0,0,0,0,0,0,32000,0,0,0,33000,1000,32000,32000
057133,京鼎凱基98購02  ,0,0,0,0,0,0,0,0,0,32000,0,0,0,32000,0,32000,32000
058572,百和凱基9A購01  ,0,0,0,0,0,0,0,0,0,32000,0,0,0,82000,50000,32000,32000
060946,世紀鋼國票9A購02,0,0,0,0,0,0,0,0,0,32000,0,0,0,32000,0,32000,32000
062559,嘉晶凱基9B購02  ,0,0,0,0,0,0,0,0,0,32000,0,0,0,69000,37000,32000,32000
062170,健策永豐9B購04  ,0,0,0,0,0,0,0,0,0,32000,0,0,0,43000,11000,32000,32000
062126,創意統一9B購01  ,0,0,0,0,0,0,0,0,0,32000,0,0,0,32000,0,32000,32000
063724,亞德客元大9B購03,0,0,0,0,0,0,0,0,0,32000,0,0,0,170000,138000,32000,32000
060388,世紀鋼凱基9B購01,0,0,0,0,0,0,0,0,0,32000,0,0,0,92000,60000,32000,32000
060213,牧德康和9A購01  ,0,0,0,0,0,0,0,0,0,32000,0,0,0,42000,10000,32000,32000
065292,緯創群益9C購01  ,0,0,0,0,0,0,0,0,0,32000,0,0,0,32000,0,32000,32000
065731,群創凱基03購02  ,0,0,0,0,0,0,0,0,0,32000,0,0,0,72000,40000,32000,32000
064140,台達電統一01購01,0,0,0,0,0,0,0,0,0,32000,0,0,0,32000,0,32000,32000
064249,聯發科元富06購01,0,0,0,0,0,0,0,0,0,32000,0,0,0,80000,48000,32000,32000
064508,力成元大9C購03  ,0,0,0,0,0,0,0,0,0,32000,0,0,0,133000,101000,32000,32000
2528,皇普            ,39000,10000,29000,0,0,0,0,0,0,3000,5000,2000,3000,0,0,0,32000
08920P,臺股指凱基03售07,0,0,0,0,0,0,0,0,0,32000,0,0,0,33000,1000,32000,32000
066568,聚碩元大01購01  ,0,0,0,0,0,0,0,0,0,31000,0,0,0,102000,71000,31000,31000
066573,瑞祺元大01購02  ,0,0,0,0,0,0,0,0,0,31000,0,0,0,38000,7000,31000,31000
066622,南帝凱基01購01  ,0,0,0,0,0,0,0,0,0,31000,0,0,0,111000,80000,31000,31000
066905,台積電凱基03購03,0,0,0,0,0,0,0,0,0,31000,0,0,0,78000,47000,31000,31000
066819,樺漢兆豐01購01  ,0,0,0,0,0,0,0,0,0,31000,0,0,0,40000,9000,31000,31000
08189P,超眾群益9B售04  ,0,0,0,0,0,0,0,0,0,31000,0,0,0,61000,30000,31000,31000
08258P,旺宏元大9C售04  ,0,0,0,0,0,0,0,0,0,31000,0,0,0,47000,16000,31000,31000
08428P,GIS國票01售01   ,0,0,0,0,0,0,0,0,0,31000,0,0,0,85000,54000,31000,31000
058498,世紀鋼群益99購01,0,0,0,0,0,0,0,0,0,31000,0,0,0,129000,98000,31000,31000
055933,欣興群益98購02  ,0,0,0,0,0,0,0,0,0,31000,0,0,0,102000,71000,31000,31000
03675C,臺股指元大04牛02,0,0,0,0,0,0,0,0,0,31000,0,0,0,34000,3000,31000,31000
058422,百和麥證99購01  ,0,0,0,98000,67000,31000,0,0,0,31000,0,0,0,98000,67000,31000,31000
058485,智邦國票9A購01  ,0,0,0,0,0,0,0,0,0,31000,0,0,0,42000,11000,31000,31000
058950,國巨群益99購06  ,0,0,0,0,0,0,0,0,0,31000,0,0,0,37000,6000,31000,31000
059187,國巨富邦9B購02  ,0,0,0,0,0,0,0,0,0,31000,0,0,0,41000,10000,31000,31000
063159,嘉澤國泰01購01  ,0,0,0,0,0,0,0,0,0,31000,0,0,0,31000,0,31000,31000
059924,世紀鋼元大99購06,0,0,0,0,0,0,0,0,0,31000,0,0,0,162000,131000,31000,31000
062236,信邦凱基9B購01  ,0,0,0,0,0,0,0,0,0,31000,0,0,0,320000,289000,31000,31000
063143,嘉澤統一9B購02  ,0,0,0,0,0,0,0,0,0,31000,0,0,0,31000,0,31000,31000
062902,智邦元大9B購07  ,0,0,0,0,0,0,0,0,0,31000,0,0,0,81000,50000,31000,31000
060909,金像電元大9B購01,0,0,0,0,0,0,0,0,0,31000,0,0,0,31000,0,31000,31000
064366,群創統一01購01  ,0,0,0,0,0,0,0,0,0,31000,0,0,0,31000,0,31000,31000
064359,華通統一9C購05  ,0,0,0,0,0,0,0,0,0,31000,0,0,0,403000,372000,31000,31000
065690,台苯群益9C購01  ,0,0,0,0,0,0,0,0,0,31000,0,0,0,31000,0,31000,31000
065578,台郡群益9C購02  ,0,0,0,0,0,0,0,0,0,31000,0,0,0,135000,104000,31000,31000
065308,葡萄王國票01購01,0,0,0,0,0,0,0,0,0,31000,0,0,0,92000,61000,31000,31000
065485,巨大元大9C購02  ,0,0,0,0,0,0,0,0,0,31000,0,0,0,131000,100000,31000,31000
066111,上銀兆豐02購01  ,0,0,0,0,0,0,0,0,0,31000,0,0,0,105000,74000,31000,31000
065992,立積永豐01購01  ,0,0,0,0,0,0,0,0,0,31000,0,0,0,88000,57000,31000,31000
065938,文曄群益01購01  ,0,0,0,0,0,0,0,0,0,31000,0,0,0,92000,61000,31000,31000
066209,聯鈞統一03購01  ,0,0,0,0,0,0,0,0,0,31000,0,0,0,123000,92000,31000,31000
066410,潤泰新凱基01購01,0,0,0,0,0,0,0,0,0,31000,0,0,0,31000,0,31000,31000
08866P,旭富元大01售01  ,0,0,0,0,0,0,0,0,0,31000,0,0,0,81000,50000,31000,31000
1720,生達            ,208000,130000,78000,0,0,0,0,3000,-3000,-44000,0,0,0,0,44000,-44000,31000
08384P,臺股指群益9C售12,0,0,0,0,0,0,0,0,0,30000,0,0,0,30000,0,30000,30000
08323P,華新科凱基9C售04,0,0,0,0,0,0,0,0,0,30000,0,0,0,30000,0,30000,30000
08055P,臺股指國票9B售20,0,0,0,0,0,0,0,0,0,30000,0,0,0,40000,10000,30000,30000
067772,超眾統一03購02  ,0,0,0,0,0,0,0,0,0,30000,0,0,0,30000,0,30000,30000
067824,鈺齊凱基01購02  ,0,0,0,0,0,0,0,0,0,30000,0,0,0,43000,13000,30000,30000
07575P,瑞昱元大9A售02  ,0,0,0,0,0,0,0,0,0,30000,0,0,0,30000,0,30000,30000
07226P,貿聯富邦9B售01  ,0,0,0,0,0,0,0,0,0,30000,0,0,0,30000,0,30000,30000
066860,健策國票02購02  ,0,0,0,0,0,0,0,0,0,30000,0,0,0,30000,0,30000,30000
066800,晶豪科凱基02購01,0,0,0,0,0,0,0,0,0,30000,0,0,0,30000,0,30000,30000
066965,鴻海元富07購07  ,0,0,0,0,0,0,0,0,0,30000,0,0,0,30000,0,30000,30000
066652,聯鈞康和01購01  ,0,0,0,0,0,0,0,0,0,30000,0,0,0,42000,12000,30000,30000
06705P,臻鼎元富98售03  ,0,0,0,0,0,0,0,0,0,30000,0,0,0,30000,0,30000,30000
067396,欣興永豐01購02  ,0,0,0,0,0,0,0,0,0,30000,0,0,0,30000,0,30000,30000
059165,南亞科凱基99購04,0,0,0,0,0,0,0,0,0,30000,0,0,0,84000,54000,30000,30000
059124,台積電第一03購01,0,0,0,0,0,0,0,0,0,30000,0,0,0,30000,0,30000,30000
057716,神達統一98購01  ,0,0,0,0,0,0,0,0,0,30000,0,0,0,30000,0,30000,30000
057757,鴻海凱基98購13  ,0,0,0,0,0,0,0,0,0,30000,0,0,0,30000,0,30000,30000
059062,群創凱基99購05  ,0,0,0,0,0,0,0,0,0,30000,0,0,0,44000,14000,30000,30000
058817,嘉聯益台新99購01,0,0,0,0,0,0,0,0,0,30000,0,0,0,30000,0,30000,30000
059386,上銀凱基99購07  ,0,0,0,0,0,0,0,0,0,30000,0,0,0,30000,0,30000,30000
059327,南茂元大99購01  ,0,0,0,0,0,0,0,0,0,30000,0,0,0,30000,0,30000,30000
058636,亞光兆豐9A購01  ,0,0,0,0,0,0,0,0,0,30000,0,0,0,30000,0,30000,30000
058598,T50反1元大99購04,0,0,0,0,0,0,0,0,0,30000,0,0,0,30000,0,30000,30000
059762,禾伸堂永豐99購02,0,0,0,0,0,0,0,0,0,30000,0,0,0,30000,0,30000,30000
059726,華新科元大99購18,0,0,0,0,0,0,0,0,0,30000,0,0,0,30000,0,30000,30000
057875,京鼎元大98購03  ,0,0,0,0,0,0,0,0,0,30000,0,0,0,203000,173000,30000,30000
058017,漢唐凱基99購01  ,0,0,0,0,0,0,0,0,0,30000,0,0,0,30000,0,30000,30000
063236,旺宏元大9B購07  ,0,0,0,0,0,0,0,0,0,30000,0,0,0,30000,0,30000,30000
063233,國巨元大9B購19  ,0,0,0,0,0,0,0,0,0,30000,0,0,0,31000,1000,30000,30000
060500,鴻海元大9A購12  ,0,0,0,0,0,0,0,0,0,30000,0,0,0,30000,0,30000,30000
060459,鴻海元大9A購07  ,0,0,0,0,0,0,0,0,0,30000,0,0,0,30000,0,30000,30000
061261,台積電凱基9B購03,0,0,0,0,0,0,0,0,0,30000,0,0,0,60000,30000,30000,30000
03678C,臺股指凱基01牛02,0,0,0,0,0,0,0,0,0,30000,0,0,0,30000,0,30000,30000
036628,統一台新99購01  ,0,0,0,0,0,0,0,0,0,30000,0,0,0,30000,0,30000,30000
046999,康控富邦99購01  ,0,0,0,0,0,0,0,0,0,30000,0,0,0,30000,0,30000,30000
046942,友達元大99購01  ,0,0,0,0,0,0,0,0,0,30000,0,0,0,40000,10000,30000,30000
054426,國泰金富邦97購02,0,0,0,0,0,0,0,0,0,30000,0,0,0,30000,0,30000,30000
054427,潤泰全富邦97購01,0,0,0,0,0,0,0,0,0,30000,0,0,0,30000,0,30000,30000
057069,台積電永豐98購02,0,0,0,0,0,0,0,0,0,30000,0,0,0,92000,62000,30000,30000
00866,新光Shiller CAPE,0,0,0,0,0,0,0,0,0,30000,0,0,0,56000,26000,30000,30000
052987,華新科元大99購01,0,0,0,0,0,0,0,0,0,30000,0,0,0,30000,0,30000,30000
054138,晶技元大98購02  ,0,0,0,0,0,0,0,0,0,30000,0,0,0,40000,10000,30000,30000
056041,禾伸堂凱基98購03,0,0,0,0,0,0,0,0,0,30000,0,0,0,40000,10000,30000,30000
055437,禾伸堂中信99購01,0,0,0,0,0,0,0,0,0,30000,0,0,0,30000,0,30000,30000
055446,奇力新統一9A購01,0,0,0,0,0,0,0,0,0,30000,0,0,0,50000,20000,30000,30000
054574,美律元大99購01  ,0,0,0,0,0,0,0,0,0,30000,0,0,0,30000,0,30000,30000
056144,GIS元大98購01   ,0,0,0,0,0,0,0,0,0,30000,0,0,0,55000,25000,30000,30000
056326,TPK兆豐98購01   ,0,0,0,0,0,0,0,0,0,30000,0,0,0,30000,0,30000,30000
058531,華通元富99購01  ,0,0,0,0,0,0,0,0,0,30000,0,0,0,31000,1000,30000,30000
060881,玉山金中信02購01,0,0,0,0,0,0,0,0,0,30000,0,0,0,50000,20000,30000,30000
061065,神基凱基9A購01  ,0,0,0,0,0,0,0,0,0,30000,0,0,0,30000,0,30000,30000
060522,鴻海中信9A購03  ,0,0,0,0,0,0,0,0,0,30000,0,0,0,30000,0,30000,30000
060552,群創凱基9B購05  ,0,0,0,0,0,0,0,0,0,30000,0,0,0,33000,3000,30000,30000
062801,宏達電統一01購01,0,0,0,0,0,0,0,0,0,30000,0,0,0,45000,15000,30000,30000
062575,景碩群益9B購01  ,0,0,0,0,0,0,0,0,0,30000,0,0,0,126000,96000,30000,30000
062148,奇鋐國票9B購01  ,0,0,0,0,0,0,0,0,0,30000,0,0,0,69000,39000,30000,30000
063366,台表科富邦9C購02,0,0,0,0,0,0,0,0,0,30000,0,0,0,40000,10000,30000,30000
061269,嘉澤凱基9A購01  ,0,0,0,0,0,0,0,0,0,30000,0,0,0,30000,0,30000,30000
062061,台勝科統一01購01,0,0,0,0,0,0,0,0,0,30000,0,0,0,30000,0,30000,30000
062075,智邦元大9B購03  ,0,0,0,0,0,0,0,0,0,30000,0,0,0,30000,0,30000,30000
060086,鴻海元大99購42  ,0,0,0,0,0,0,0,0,0,30000,0,0,0,30000,0,30000,30000
059977,鴻海元大99購40  ,0,0,0,0,0,0,0,0,0,30000,0,0,0,30000,0,30000,30000
061704,景碩國票9A購01  ,0,0,0,0,0,0,0,0,0,30000,0,0,0,37000,7000,30000,30000
060279,SP黃豆元大9A購01,0,0,0,0,0,0,0,0,0,30000,0,0,0,30000,0,30000,30000
063460,智邦元大9B購08  ,0,0,0,0,0,0,0,0,0,30000,0,0,0,41000,11000,30000,30000
063606,TPK凱基9C購01   ,0,0,0,0,0,0,0,0,0,30000,0,0,0,35000,5000,30000,30000
06376P,上銀統一99售01  ,0,0,0,0,0,0,0,0,0,30000,0,0,0,40000,10000,30000,30000
063502,南電永豐9B購02  ,0,0,0,0,0,0,0,0,0,30000,0,0,0,30000,0,30000,30000
066343,佳醫永豐01購01  ,0,0,0,0,0,0,0,0,0,30000,0,0,0,30000,0,30000,30000
066222,生達國泰02購01  ,0,0,0,0,0,0,0,0,0,30000,0,0,0,30000,0,30000,30000
066175,聯鈞凱基01購01  ,0,0,0,0,0,0,0,0,0,30000,0,0,0,40000,10000,30000,30000
065991,牧德永豐01購01  ,0,0,0,0,0,0,0,0,0,30000,0,0,0,40000,10000,30000,30000
065273,南電元大9C購06  ,0,0,0,0,0,0,0,0,0,30000,0,0,0,30000,0,30000,30000
065234,旭富凱基01購01  ,0,0,0,0,0,0,0,0,0,30000,0,0,0,30000,0,30000,30000
065184,和大統一02購04  ,0,0,0,0,0,0,0,0,0,30000,0,0,0,35000,5000,30000,30000
065668,南亞科凱基9C購02,0,0,0,0,0,0,0,0,0,30000,0,0,0,34000,4000,30000,30000
065676,臻鼎凱基9C購04  ,0,0,0,0,0,0,0,0,0,30000,0,0,0,30000,0,30000,30000
064544,國巨凱基9C購09  ,0,0,0,0,0,0,0,0,0,30000,0,0,0,40000,10000,30000,30000
06453P,群創元大9B售02  ,0,0,0,0,0,0,0,0,0,30000,0,0,0,40000,10000,30000,30000
064964,T50反1元大9C購10,0,0,0,0,0,0,0,0,0,30000,0,0,0,30000,0,30000,30000
064855,聯發科國泰02購01,0,0,0,0,0,0,0,0,0,30000,0,0,0,30000,0,30000,30000
1410,南染            ,30000,0,30000,0,0,0,0,0,0,0,0,0,0,0,0,0,30000
08875P,台積電中信07售02,0,0,0,0,0,0,0,0,0,30000,0,0,0,30000,0,30000,30000
08981P,台積電凱基01售16,0,0,0,0,0,0,0,0,0,30000,0,0,0,30000,0,30000,30000
08684P,禾伸堂凱基01售01,0,0,0,0,0,0,0,0,0,30000,0,0,0,40000,10000,30000,30000
4942,嘉彰            ,53000,22000,31000,0,0,0,0,0,0,-1000,0,1000,-1000,0,0,0,30000
055215,智邦凱基98購02  ,0,0,0,0,0,0,0,0,0,29000,0,0,0,29000,0,29000,29000
056590,樺漢統一9A購01  ,0,0,0,0,0,0,0,0,0,29000,0,0,0,29000,0,29000,29000
058786,元黃金元大99購01,0,0,0,0,0,0,0,0,0,29000,0,0,0,39000,10000,29000,29000
063303,聯發科凱基9B購14,0,0,0,0,0,0,0,0,0,29000,0,0,0,40000,11000,29000,29000
058318,致茂永豐9A購01  ,0,0,0,0,0,0,0,0,0,29000,0,0,0,502000,473000,29000,29000
059731,康控元大99購04  ,0,0,0,0,0,0,0,0,0,29000,0,0,0,29000,0,29000,29000
061632,SP黃豆元大9A購06,0,0,0,0,0,0,0,0,0,29000,0,0,0,29000,0,29000,29000
061370,晶技國泰9C購01  ,0,0,0,0,0,0,0,0,0,29000,0,0,0,36000,7000,29000,29000
063194,華新科台新9B購01,0,0,0,0,0,0,0,0,0,29000,0,0,0,29000,0,29000,29000
061791,康友群益9B購01  ,0,0,0,0,0,0,0,0,0,29000,0,0,0,78000,49000,29000,29000
061747,南亞科統一01購01,0,0,0,0,0,0,0,0,0,29000,0,0,0,39000,10000,29000,29000
062500,國巨群益01購01  ,0,0,0,0,0,0,0,0,0,29000,0,0,0,49000,20000,29000,29000
063021,大立光元大9C購05,0,0,0,0,0,0,0,0,0,29000,0,0,0,100000,71000,29000,29000
062263,康控元大9B購03  ,0,0,0,0,0,0,0,0,0,29000,0,0,0,29000,0,29000,29000
064548,漢翔凱基9C購01  ,0,0,0,0,0,0,0,0,0,29000,0,0,0,29000,0,29000,29000
064742,奇鋐國票01購02  ,0,0,0,0,0,0,0,0,0,29000,0,0,0,29000,0,29000,29000
064281,大立光元大9C購12,0,0,0,0,0,0,0,0,0,29000,0,0,0,57000,28000,29000,29000
064147,瑞昱統一01購04  ,0,0,0,0,0,0,0,0,0,29000,0,0,0,109000,80000,29000,29000
065622,鴻海中信06購01  ,0,0,0,0,0,0,0,0,0,29000,0,0,0,39000,10000,29000,29000
065207,奇力新國票9C購02,0,0,0,0,0,0,0,0,0,29000,0,0,0,206000,177000,29000,29000
065448,緯創統一9C購01  ,0,0,0,0,0,0,0,0,0,29000,0,0,0,814000,785000,29000,29000
2480,敦陽科          ,83000,38000,45000,0,0,0,0,0,0,-16000,0,1000,-1000,7000,22000,-15000,29000
1809,中釉            ,170000,140000,30000,0,0,0,0,0,0,-1000,0,1000,-1000,0,0,0,29000
067360,日月光群益01購01,0,0,0,0,0,0,0,0,0,28000,0,0,0,28000,0,28000,28000
066558,創意元大01購04  ,0,0,0,0,0,0,0,0,0,28000,0,0,0,93000,65000,28000,28000
067021,正崴中信01購01  ,0,0,0,0,0,0,0,0,0,28000,0,0,0,46000,18000,28000,28000
07835P,台表科群益9A售02,0,0,0,0,0,0,0,0,0,28000,0,0,0,28000,0,28000,28000
057785,智邦國票99購02  ,0,0,0,0,0,0,0,0,0,28000,0,0,0,30000,2000,28000,28000
058283,世紀鋼中信99購01,0,0,0,0,0,0,0,0,0,28000,0,0,0,28000,0,28000,28000
063251,同欣電元大9B購04,0,0,0,0,0,0,0,0,0,28000,0,0,0,270000,242000,28000,28000
061878,茂林元大9B購01  ,0,0,0,0,0,0,0,0,0,28000,0,0,0,78000,50000,28000,28000
061897,泰碩永豐9B購01  ,0,0,0,0,0,0,0,0,0,28000,0,0,0,60000,32000,28000,28000
052936,華通兆豐98購01  ,0,0,0,0,0,0,0,0,0,28000,0,0,0,38000,10000,28000,28000
055631,創意永豐98購01  ,0,0,0,0,0,0,0,0,0,28000,0,0,0,28000,0,28000,28000
056783,國巨群益99購01  ,0,0,0,0,0,0,0,0,0,28000,0,0,0,48000,20000,28000,28000
063350,台表科統一02購02,0,0,0,0,0,0,0,0,0,28000,0,0,0,102000,74000,28000,28000
062035,瑞祺群益9B購01  ,0,0,0,0,0,0,0,0,0,28000,0,0,0,28000,0,28000,28000
062055,鴻海統一9C購07  ,0,0,0,0,0,0,0,0,0,28000,0,0,0,28000,0,28000,28000
059923,緯穎元大99購09  ,0,0,0,0,0,0,0,0,0,28000,0,0,0,30000,2000,28000,28000
061567,華通元大9A購11  ,0,0,0,0,0,0,0,0,0,28000,0,0,0,32000,4000,28000,28000
063808,台表科兆豐9C購01,0,0,0,0,0,0,0,0,0,28000,0,0,0,53000,25000,28000,28000
063616,上銀兆豐9C購01  ,0,0,0,0,0,0,0,0,0,28000,0,0,0,28000,0,28000,28000
063435,儒鴻統一01購02  ,0,0,0,0,0,0,0,0,0,28000,0,0,0,55000,27000,28000,28000
060265,宏達電國票9A購02,0,0,0,0,0,0,0,0,0,28000,0,0,0,33000,5000,28000,28000
065269,貿聯元大9C購05  ,0,0,0,0,0,0,0,0,0,28000,0,0,0,36000,8000,28000,28000
065634,聯發科國票9C購06,0,0,0,0,0,0,0,0,0,28000,0,0,0,28000,0,28000,28000
066005,國巨統一03購01  ,0,0,0,0,0,0,0,0,0,28000,0,0,0,28000,0,28000,28000
066048,奇鋐元大01購01  ,0,0,0,0,0,0,0,0,0,28000,0,0,0,48000,20000,28000,28000
066330,新興永豐01購01  ,0,0,0,0,0,0,0,0,0,28000,0,0,0,58000,30000,28000,28000
064121,國巨元大9C購16  ,0,0,0,0,0,0,0,0,0,28000,0,0,0,67000,39000,28000,28000
063913,貿聯凱基02購01  ,0,0,0,0,0,0,0,0,0,28000,0,0,0,28000,0,28000,28000
064679,晶技兆豐9C購01  ,0,0,0,0,0,0,0,0,0,28000,0,0,0,28000,0,28000,28000
064779,義隆群益9C購03  ,0,0,0,0,0,0,0,0,0,28000,0,0,0,66000,38000,28000,28000
08699P,南電元大01售05  ,0,0,0,0,0,0,0,0,0,28000,0,0,0,31000,3000,28000,28000
066823,國巨群益02購02  ,0,0,0,0,0,0,0,0,0,27000,0,0,0,29000,2000,27000,27000
066467,晶碩統一03購01  ,0,0,0,0,0,0,0,0,0,27000,0,0,0,62000,35000,27000,27000
067532,台積電群益01購14,0,0,0,0,0,0,0,0,0,27000,0,0,0,56000,29000,27000,27000
067321,南六元大01購05  ,0,0,0,0,0,0,0,0,0,27000,0,0,0,157000,130000,27000,27000
05620P,大立光富邦9B售01,0,0,0,0,0,0,0,0,0,27000,0,0,0,27000,0,27000,27000
053036,聯電凱基98購01  ,0,0,0,0,0,0,0,0,0,27000,0,0,0,84000,57000,27000,27000
00717,富邦美國特別股  ,0,0,0,0,0,0,0,0,0,27000,0,0,0,435000,408000,27000,27000
063286,嘉澤元大9B購04  ,0,0,0,0,0,0,0,0,0,27000,0,0,0,31000,4000,27000,27000
059070,道瓊指元大99購02,0,0,0,0,0,0,0,0,0,27000,0,0,0,27000,0,27000,27000
063448,聯發科統一9C購11,0,0,0,0,0,0,0,0,0,27000,0,0,0,27000,0,27000,27000
063579,GIS元大9C購01   ,0,0,0,0,0,0,0,0,0,27000,0,0,0,42000,15000,27000,27000
063406,麗豐國票9C購01  ,0,0,0,0,0,0,0,0,0,27000,0,0,0,45000,18000,27000,27000
063664,漢唐統一9C購01  ,0,0,0,0,0,0,0,0,0,27000,0,0,0,117000,90000,27000,27000
059878,聯茂凱基99購07  ,0,0,0,0,0,0,0,0,0,27000,0,0,0,57000,30000,27000,27000
063053,聯發科統一01購04,0,0,0,0,0,0,0,0,0,27000,0,0,0,27000,0,27000,27000
061977,國巨元大9B購02  ,0,0,0,0,0,0,0,0,0,27000,0,0,0,27000,0,27000,27000
062742,技嘉國泰01購01  ,0,0,0,0,0,0,0,0,0,27000,0,0,0,27000,0,27000,27000
061132,志超永豐9A購01  ,0,0,0,0,0,0,0,0,0,27000,0,0,0,27000,0,27000,27000
064736,超眾元富9C購04  ,0,0,0,0,0,0,0,0,0,27000,0,0,0,27000,0,27000,27000
064158,健鼎統一02購01  ,0,0,0,0,0,0,0,0,0,27000,0,0,0,42000,15000,27000,27000
066204,京鼎統一02購01  ,0,0,0,0,0,0,0,0,0,27000,0,0,0,118000,91000,27000,27000
065579,南茂群益9C購02  ,0,0,0,0,0,0,0,0,0,27000,0,0,0,102000,75000,27000,27000
065332,漢唐國票01購02  ,0,0,0,0,0,0,0,0,0,27000,0,0,0,27000,0,27000,27000
08928P,漢唐元富07售02  ,0,0,0,0,0,0,0,0,0,27000,0,0,0,87000,60000,27000,27000
5907,大洋-KY         ,79000,52000,27000,0,0,0,0,0,0,0,0,0,0,0,0,0,27000
067580,亞德客群益01購03,0,0,0,0,0,0,0,0,0,26000,0,0,0,231000,205000,26000,26000
067363,同欣電群益01購02,0,0,0,0,0,0,0,0,0,26000,0,0,0,96000,70000,26000,26000
08193P,同欣電國票9C售02,0,0,0,0,0,0,0,0,0,26000,0,0,0,26000,0,26000,26000
08140P,祥碩元大9B售07  ,0,0,0,0,0,0,0,0,0,26000,0,0,0,1175000,1149000,26000,26000
06888P,日月光元大98售02,0,0,0,0,0,0,0,0,0,26000,0,0,0,55000,29000,26000,26000
07368P,國巨凱基99售19  ,0,0,0,0,0,0,0,0,0,26000,0,0,0,26000,0,26000,26000
057892,上証2X元富02購01,0,0,0,0,0,0,0,0,0,26000,0,0,0,30000,4000,26000,26000
063257,牧德國泰01購01  ,0,0,0,0,0,0,0,0,0,26000,0,0,0,80000,54000,26000,26000
061932,上銀國票9B購01  ,0,0,0,0,0,0,0,0,0,26000,0,0,0,45000,19000,26000,26000
061256,亞德客凱基9B購01,0,0,0,0,0,0,0,0,0,26000,0,0,0,91000,65000,26000,26000
060434,台汽電永豐9A購01,0,0,0,0,0,0,0,0,0,26000,0,0,0,26000,0,26000,26000
058236,大立光元大99購09,0,0,0,0,0,0,0,0,0,26000,0,0,0,26000,0,26000,26000
00680L,元大美債20正2   ,0,0,0,0,0,0,0,0,0,26000,0,0,0,32000,6000,26000,26000
054468,台郡凱基98購01  ,0,0,0,0,0,0,0,0,0,26000,0,0,0,60000,34000,26000,26000
057669,嘉晶元大99購03  ,0,0,0,0,0,0,0,0,0,26000,0,0,0,54000,28000,26000,26000
057620,康控凱基99購01  ,0,0,0,0,0,0,0,0,0,26000,0,0,0,26000,0,26000,26000
059650,緯穎凱基99購04  ,0,0,0,0,0,0,0,0,0,26000,0,0,0,26000,0,26000,26000
062414,臻鼎中信01購01  ,0,0,0,0,0,0,0,0,0,26000,0,0,0,30000,4000,26000,26000
062178,上銀元大9B購03  ,0,0,0,0,0,0,0,0,0,26000,0,0,0,33000,7000,26000,26000
061768,晶技元大9B購02  ,0,0,0,0,0,0,0,0,0,26000,0,0,0,107000,81000,26000,26000
061808,聯發科統一01購02,0,0,0,0,0,0,0,0,0,26000,0,0,0,79000,53000,26000,26000
063561,上銀元大9B購08  ,0,0,0,0,0,0,0,0,0,26000,0,0,0,43000,17000,26000,26000
066153,南帝康和01購01  ,0,0,0,0,0,0,0,0,0,26000,0,0,0,26000,0,26000,26000
063849,奇鋐元大9C購01  ,0,0,0,0,0,0,0,0,0,26000,0,0,0,31000,5000,26000,26000
064283,奇鋐元大9C購02  ,0,0,0,0,0,0,0,0,0,26000,0,0,0,31000,5000,26000,26000
064333,義隆元大9C購02  ,0,0,0,0,0,0,0,0,0,26000,0,0,0,30000,4000,26000,26000
064301,漢唐兆豐01購01  ,0,0,0,0,0,0,0,0,0,26000,0,0,0,120000,94000,26000,26000
064755,南亞科凱基01購02,0,0,0,0,0,0,0,0,0,26000,0,0,0,30000,4000,26000,26000
064866,義隆永豐9C購02  ,0,0,0,0,0,0,0,0,0,26000,0,0,0,140000,114000,26000,26000
065149,遠東新群益9C購01,0,0,0,0,0,0,0,0,0,26000,0,0,0,26000,0,26000,26000
3056,總太            ,90000,60000,30000,0,0,0,0,0,0,-4000,0,3000,-3000,0,1000,-1000,26000
08936P,鴻海元大01售20  ,0,0,0,0,0,0,0,0,0,26000,0,0,0,31000,5000,26000,26000
07359P,台積電元大99售45,0,0,0,0,0,0,0,0,0,25000,0,0,0,25000,0,25000,25000
07105P,大毅元富99售02  ,0,0,0,0,0,0,0,0,0,25000,0,0,0,25000,0,25000,25000
08178P,南亞科元大9B售01,0,0,0,0,0,0,0,0,0,25000,0,0,0,28000,3000,25000,25000
067186,晶豪科凱基01購02,0,0,0,0,0,0,0,0,0,25000,0,0,0,64000,39000,25000,25000
066818,力成兆豐01購01  ,0,0,0,0,0,0,0,0,0,25000,0,0,0,85000,60000,25000,25000
059424,SGBR2X元大9A購01,0,0,0,0,0,0,0,0,0,25000,0,0,0,25000,0,25000,25000
057299,立積永豐98購02  ,0,0,0,0,0,0,0,0,0,25000,0,0,0,25000,0,25000,25000
056483,TPK元大98購01   ,0,0,0,0,0,0,0,0,0,25000,0,0,0,50000,25000,25000,25000
052592,華通群益98購01  ,0,0,0,0,0,0,0,0,0,25000,0,0,0,25000,0,25000,25000
052325,高股息中信99購01,0,0,0,0,0,0,0,0,0,25000,0,0,0,25000,0,25000,25000
03682C,臺股指凱基9C牛07,0,0,0,0,0,0,0,0,0,25000,0,0,0,25000,0,25000,25000
057151,易華電國票99購01,0,0,0,0,0,0,0,0,0,25000,0,0,0,25000,0,25000,25000
053901,T50反1凱基99購03,0,0,0,0,0,0,0,0,0,25000,0,0,0,45000,20000,25000,25000
054231,國巨群益98購03  ,0,0,0,0,0,0,0,0,0,25000,0,0,0,25000,0,25000,25000
058104,國巨統一9A購04  ,0,0,0,0,0,0,0,0,0,25000,0,0,0,176000,151000,25000,25000
061180,華擎凱基9B購01  ,0,0,0,0,0,0,0,0,0,25000,0,0,0,50000,25000,25000,25000
061901,柏文永豐9B購01  ,0,0,0,0,0,0,0,0,0,25000,0,0,0,30000,5000,25000,25000
063289,台表科元大9B購07,0,0,0,0,0,0,0,0,0,25000,0,0,0,73000,48000,25000,25000
063312,台積電群益9B購07,0,0,0,0,0,0,0,0,0,25000,0,0,0,27000,2000,25000,25000
057924,健策凱基98購02  ,0,0,0,0,0,0,0,0,0,25000,0,0,0,25000,0,25000,25000
057815,信邦元大98購01  ,0,0,0,0,0,0,0,0,0,25000,0,0,0,25000,0,25000,25000
059042,世紀鋼群益99購02,0,0,0,0,0,0,0,0,0,25000,0,0,0,69000,44000,25000,25000
058831,茂林永豐99購01  ,0,0,0,0,0,0,0,0,0,25000,0,0,0,46000,21000,25000,25000
063699,國巨群益9B購07  ,0,0,0,0,0,0,0,0,0,25000,0,0,0,35000,10000,25000,25000
063461,金像電元大9B購03,0,0,0,0,0,0,0,0,0,25000,0,0,0,25000,0,25000,25000
060409,味全永豐9A購01  ,0,0,0,0,0,0,0,0,0,25000,0,0,0,25000,0,25000,25000
062073,國巨元大9B購06  ,0,0,0,0,0,0,0,0,0,25000,0,0,0,26000,1000,25000,25000
061568,國巨元大9A購25  ,0,0,0,0,0,0,0,0,0,25000,0,0,0,26000,1000,25000,25000
061526,宏達電凱基9A購04,0,0,0,0,0,0,0,0,0,25000,0,0,0,78000,53000,25000,25000
061418,世紀鋼群益9A購02,0,0,0,0,0,0,0,0,0,25000,0,0,0,89000,64000,25000,25000
061446,鴻海中信04購01  ,0,0,0,0,0,0,0,0,0,25000,0,0,0,26000,1000,25000,25000
062318,台郡凱基9B購01  ,0,0,0,0,0,0,0,0,0,25000,0,0,0,75000,50000,25000,25000
062462,GIS群益9B購01   ,0,0,0,0,0,0,0,0,0,25000,0,0,0,25000,0,25000,25000
062435,國巨元大9B購13  ,0,0,0,0,0,0,0,0,0,25000,0,0,0,25000,0,25000,25000
062610,啟碁凱基9B購01  ,0,0,0,0,0,0,0,0,0,25000,0,0,0,163000,138000,25000,25000
062730,致伸凱基9B購01  ,0,0,0,0,0,0,0,0,0,25000,0,0,0,25000,0,25000,25000
062898,華通元大9B購05  ,0,0,0,0,0,0,0,0,0,25000,0,0,0,25000,0,25000,25000
062577,泰鼎群益9B購01  ,0,0,0,0,0,0,0,0,0,25000,0,0,0,25000,0,25000,25000
065166,台達電元大9C購04,0,0,0,0,0,0,0,0,0,25000,0,0,0,25000,0,25000,25000
06478P,臺股指日盛9A售01,0,0,0,0,0,0,0,0,0,25000,0,0,0,1218000,1193000,25000,25000
064836,群創統一9C購04  ,0,0,0,0,0,0,0,0,0,25000,0,0,0,42000,17000,25000,25000
064396,創意永豐9C購01  ,0,0,0,0,0,0,0,0,0,25000,0,0,0,161000,136000,25000,25000
064404,奇力新凱基02購01,0,0,0,0,0,0,0,0,0,25000,0,0,0,50000,25000,25000,25000
064445,聚陽統一02購01  ,0,0,0,0,0,0,0,0,0,25000,0,0,0,25000,0,25000,25000
064035,GIS元大9C購03   ,0,0,0,0,0,0,0,0,0,25000,0,0,0,87000,62000,25000,25000
066305,華夏永豐01購01  ,0,0,0,0,0,0,0,0,0,25000,0,0,0,549000,524000,25000,25000
065859,GIS元大9C購10   ,0,0,0,0,0,0,0,0,0,25000,0,0,0,25000,0,25000,25000
1737,臺鹽            ,38000,10000,28000,0,0,0,0,0,0,-3000,0,3000,-3000,0,0,0,25000
066829,奇力新群益01購01,0,0,0,0,0,0,0,0,0,24000,0,0,0,177000,153000,24000,24000
067253,精元國票01購01  ,0,0,0,0,0,0,0,0,0,24000,0,0,0,126000,102000,24000,24000
067231,台積電群益01購12,0,0,0,0,0,0,0,0,0,24000,0,0,0,50000,26000,24000,24000
067407,南六永豐01購03  ,0,0,0,0,0,0,0,0,0,24000,0,0,0,24000,0,24000,24000
08422P,玉晶光群益02售03,0,0,0,0,0,0,0,0,0,24000,0,0,0,161000,137000,24000,24000
08504P,臺股指國票9C售06,0,0,0,0,0,0,0,0,0,24000,0,0,0,35000,11000,24000,24000
07644P,南電凱基9A售03  ,0,0,0,0,0,0,0,0,0,24000,0,0,0,90000,66000,24000,24000
058857,元油2X日盛99購02,0,0,0,0,0,0,0,0,0,24000,0,0,0,24000,0,24000,24000
059224,大立光元大99購15,0,0,0,0,0,0,0,0,0,24000,0,0,0,31000,7000,24000,24000
057513,智邦台新98購01  ,0,0,0,0,0,0,0,0,0,24000,0,0,0,24000,0,24000,24000
057374,禾伸堂元大99購03,0,0,0,0,0,0,0,0,0,24000,0,0,0,74000,50000,24000,24000
061926,晶技凱基9B購02  ,0,0,0,0,0,0,0,0,0,24000,0,0,0,86000,62000,24000,24000
057085,立積統一9B購02  ,0,0,0,0,0,0,0,0,0,24000,0,0,0,34000,10000,24000,24000
056667,上銀國票99購01  ,0,0,0,0,0,0,0,0,0,24000,0,0,0,24000,0,24000,24000
057296,智原永豐98購01  ,0,0,0,0,0,0,0,0,0,24000,0,0,0,24000,0,24000,24000
054658,道瓊銀元大9A購01,0,0,0,0,0,0,0,0,0,24000,0,0,0,24000,0,24000,24000
055443,台虹國票98購01  ,0,0,0,0,0,0,0,0,0,24000,0,0,0,24000,0,24000,24000
061140,華擎統一9C購01  ,0,0,0,0,0,0,0,0,0,24000,0,0,0,24000,0,24000,24000
061987,大立光元大9B購03,0,0,0,0,0,0,0,0,0,24000,0,0,0,74000,50000,24000,24000
059855,緯穎永豐99購04  ,0,0,0,0,0,0,0,0,0,24000,0,0,0,34000,10000,24000,24000
063452,創意統一01購01  ,0,0,0,0,0,0,0,0,0,24000,0,0,0,37000,13000,24000,24000
063419,聯發科凱基03購01,0,0,0,0,0,0,0,0,0,24000,0,0,0,103000,79000,24000,24000
066171,德律凱基01購01  ,0,0,0,0,0,0,0,0,0,24000,0,0,0,191000,167000,24000,24000
064065,大立光富邦02購02,0,0,0,0,0,0,0,0,0,24000,0,0,0,187000,163000,24000,24000
06427P,鴻海元大97售13  ,0,0,0,0,0,0,0,0,0,24000,0,0,0,25000,1000,24000,24000
064589,聯鈞永豐9C購01  ,0,0,0,0,0,0,0,0,0,24000,0,0,0,37000,13000,24000,24000
08807P,可成元富07售02  ,0,0,0,0,0,0,0,0,0,24000,0,0,0,107000,83000,24000,24000
06782P,大立光元大99售07,0,0,0,0,0,0,0,0,0,23000,0,0,0,89000,66000,23000,23000
067446,台積電國票02購03,0,0,0,0,0,0,0,0,0,23000,0,0,0,35000,12000,23000,23000
067520,健策元富01購03  ,0,0,0,0,0,0,0,0,0,23000,0,0,0,83000,60000,23000,23000
020016,統一MSCI美科技N ,0,0,0,0,0,0,0,0,0,23000,0,0,0,23000,0,23000,23000
063308,緯穎凱基9B購05  ,0,0,0,0,0,0,0,0,0,23000,0,0,0,25000,2000,23000,23000
058015,旺宏凱基99購02  ,0,0,0,0,0,0,0,0,0,23000,0,0,0,23000,0,23000,23000
058007,南電群益98購02  ,0,0,0,0,0,0,0,0,0,23000,0,0,0,24000,1000,23000,23000
058592,聯發科統一9C購01,0,0,0,0,0,0,0,0,0,23000,0,0,0,23000,0,23000,23000
063508,緯創群益9B購01  ,0,0,0,0,0,0,0,0,0,23000,0,0,0,94000,71000,23000,23000
063786,瑞昱中信06購01  ,0,0,0,0,0,0,0,0,0,23000,0,0,0,43000,20000,23000,23000
061407,鴻海國票9A購07  ,0,0,0,0,0,0,0,0,0,23000,0,0,0,23000,0,23000,23000
063213,智伸科國票9C購01,0,0,0,0,0,0,0,0,0,23000,0,0,0,25000,2000,23000,23000
062221,奇力新統一01購01,0,0,0,0,0,0,0,0,0,23000,0,0,0,30000,7000,23000,23000
063022,嘉晶元大9B購04  ,0,0,0,0,0,0,0,0,0,23000,0,0,0,332000,309000,23000,23000
060812,智邦凱基9A購01  ,0,0,0,0,0,0,0,0,0,23000,0,0,0,23000,0,23000,23000
060979,國巨元大9A購14  ,0,0,0,0,0,0,0,0,0,23000,0,0,0,25000,2000,23000,23000
062921,GIS元大9B購01   ,0,0,0,0,0,0,0,0,0,23000,0,0,0,23000,0,23000,23000
064812,旭富元大9C購04  ,0,0,0,0,0,0,0,0,0,23000,0,0,0,167000,144000,23000,23000
064741,南亞科國票01購01,0,0,0,0,0,0,0,0,0,23000,0,0,0,26000,3000,23000,23000
065041,金像電凱基02購02,0,0,0,0,0,0,0,0,0,23000,0,0,0,39000,16000,23000,23000
064226,TPK國票01購01   ,0,0,0,0,0,0,0,0,0,23000,0,0,0,61000,38000,23000,23000
064368,日月光統一01購01,0,0,0,0,0,0,0,0,0,23000,0,0,0,44000,21000,23000,23000
065377,群創元大02購02  ,0,0,0,0,0,0,0,0,0,23000,0,0,0,98000,75000,23000,23000
08835P,聯發科統一01售12,0,0,0,0,0,0,0,0,0,23000,0,0,0,38000,15000,23000,23000
08701P,景碩康和01售02  ,0,0,0,0,0,0,0,0,0,23000,0,0,0,43000,20000,23000,23000
067263,台汽電國票01購01,0,0,0,0,0,0,0,0,0,22000,0,0,0,32000,10000,22000,22000
07056P,臺股指麥證99售02,0,0,0,22000,0,22000,0,0,0,22000,0,0,0,22000,0,22000,22000
08434P,臺股指凱基03售02,0,0,0,0,0,0,0,0,0,22000,0,0,0,183000,161000,22000,22000
08059P,京鼎元大9B售02  ,0,0,0,0,0,0,0,0,0,22000,0,0,0,22000,0,22000,22000
058600,國巨元大99購15  ,0,0,0,0,0,0,0,0,0,22000,0,0,0,50000,28000,22000,22000
058033,景碩永豐98購02  ,0,0,0,0,0,0,0,0,0,22000,0,0,0,26000,4000,22000,22000
058049,帆宣元大98購01  ,0,0,0,0,0,0,0,0,0,22000,0,0,0,137000,115000,22000,22000
058370,聯詠凱基99購01  ,0,0,0,0,0,0,0,0,0,22000,0,0,0,22000,0,22000,22000
058536,群創統一9B購01  ,0,0,0,0,0,0,0,0,0,22000,0,0,0,36000,14000,22000,22000
062299,台積電第一9B購01,0,0,0,0,0,0,0,0,0,22000,0,0,0,22000,0,22000,22000
061483,TPK元大9A購01   ,0,0,0,0,0,0,0,0,0,22000,0,0,0,22000,0,22000,22000
061421,台積電元大9A購29,0,0,0,0,0,0,0,0,0,22000,0,0,0,27000,5000,22000,22000
060280,元金2X元大9A購01,0,0,0,0,0,0,0,0,0,22000,0,0,0,22000,0,22000,22000
066217,美利達統一03購01,0,0,0,0,0,0,0,0,0,22000,0,0,0,22000,0,22000,22000
065862,世紀鋼元大9C購06,0,0,0,0,0,0,0,0,0,22000,0,0,0,140000,118000,22000,22000
064504,玉晶光元大01購02,0,0,0,0,0,0,0,0,0,22000,0,0,0,22000,0,22000,22000
063893,微星群益9C購01  ,0,0,0,0,0,0,0,0,0,22000,0,0,0,22000,0,22000,22000
065090,大立光元大9C購24,8000,0,8000,0,0,0,0,0,0,14000,0,0,0,24000,10000,14000,22000
064973,智邦元大9C購06  ,0,0,0,0,0,0,0,0,0,22000,0,0,0,56000,34000,22000,22000
08685P,南電凱基01售03  ,0,0,0,0,0,0,0,0,0,22000,0,0,0,237000,215000,22000,22000
08716P,台積電兆豐01售02,0,0,0,0,0,0,0,0,0,22000,0,0,0,42000,20000,22000,22000
3004,豐達科          ,29000,7000,22000,0,0,0,0,0,0,0,0,0,0,0,0,0,22000
5234,達興材料        ,60000,33000,27000,0,0,0,0,0,0,-5000,0,5000,-5000,0,0,0,22000
06906P,國巨國泰99售01  ,0,0,0,0,0,0,0,0,0,21000,0,0,0,40000,19000,21000,21000
067778,A50群益01購01   ,0,0,0,0,0,0,0,0,0,21000,0,0,0,30000,9000,21000,21000
066762,總太永豐01購02  ,0,0,0,0,0,0,0,0,0,21000,0,0,0,21000,0,21000,21000
066446,健策群益01購06  ,0,0,0,0,0,0,0,0,0,21000,0,0,0,58000,37000,21000,21000
053377,台積電元大98購01,0,0,0,0,0,0,0,0,0,21000,0,0,0,125000,104000,21000,21000
056963,建準永豐98購01  ,0,0,0,0,0,0,0,0,0,21000,0,0,0,50000,29000,21000,21000
048105,滬深2X群益99購02,0,0,0,0,0,0,0,0,0,21000,0,0,0,42000,21000,21000,21000
058016,智邦凱基98購06  ,0,0,0,0,0,0,0,0,0,21000,0,0,0,21000,0,21000,21000
059262,致茂中信01購01  ,0,0,0,0,0,0,0,0,0,21000,0,0,0,140000,119000,21000,21000
063785,華通中信06購02  ,0,0,0,0,0,0,0,0,0,21000,0,0,0,44000,23000,21000,21000
061651,世紀鋼元大9C購02,0,0,0,0,0,0,0,0,0,21000,0,0,0,45000,24000,21000,21000
059814,SP黃豆凱基9A購02,0,0,0,0,0,0,0,0,0,21000,0,0,0,21000,0,21000,21000
060028,國揚永豐99購01  ,0,0,0,0,0,0,0,0,0,21000,0,0,0,65000,44000,21000,21000
063015,微星元大9B購01  ,0,0,0,0,0,0,0,0,0,21000,0,0,0,36000,15000,21000,21000
062437,廣達元大9B購01  ,0,0,0,0,0,0,0,0,0,21000,0,0,0,31000,10000,21000,21000
062901,台積電元大9B購05,0,0,0,0,0,0,0,0,0,21000,0,0,0,21000,0,21000,21000
060559,世紀鋼凱基9C購01,0,0,0,0,0,0,0,0,0,21000,0,0,0,21000,0,21000,21000
064149,美律統一02購01  ,0,0,0,0,0,0,0,0,0,21000,0,0,0,748000,727000,21000,21000
064417,創意中信9C購01  ,0,0,0,0,0,0,0,0,0,21000,0,0,0,23000,2000,21000,21000
064288,瀚宇博元大9C購02,0,0,0,0,0,0,0,0,0,21000,0,0,0,21000,0,21000,21000
066181,泰鼎凱基01購01  ,0,0,0,0,0,0,0,0,0,21000,0,0,0,93000,72000,21000,21000
065795,康友永豐9C購02  ,0,0,0,0,0,0,0,0,0,21000,0,0,0,50000,29000,21000,21000
1231,聯華食          ,34000,13000,21000,0,0,0,0,0,0,0,0,0,0,0,0,0,21000
1615,大山            ,25000,4000,21000,0,0,0,0,0,0,0,0,0,0,0,0,0,21000
2420,新巨            ,26000,4000,22000,0,0,0,0,0,0,-1000,0,1000,-1000,0,0,0,21000
066511,劍麟永豐01購01  ,0,0,0,0,0,0,0,0,0,20000,0,0,0,20000,0,20000,20000
066673,緯穎凱基02購01  ,0,0,0,0,0,0,0,0,0,20000,0,0,0,20000,0,20000,20000
066671,TPK凱基02購02   ,0,0,0,0,0,0,0,0,0,20000,0,0,0,45000,25000,20000,20000
066663,達欣工凱基01購01,0,0,0,0,0,0,0,0,0,20000,0,0,0,20000,0,20000,20000
06682P,玉晶光元大99售08,0,0,0,0,0,0,0,0,0,20000,0,0,0,20000,0,20000,20000
066821,臺指反群益01購03,0,0,0,0,0,0,0,0,0,20000,0,0,0,20000,0,20000,20000
066874,A50正2富邦02購01,0,0,0,0,0,0,0,0,0,20000,0,0,0,20000,0,20000,20000
066911,牧德凱基02購01  ,0,0,0,0,0,0,0,0,0,20000,0,0,0,20000,0,20000,20000
067515,美利達統一03購03,0,0,0,0,0,0,0,0,0,20000,0,0,0,20000,0,20000,20000
06735P,奇力新凱基98售07,0,0,0,0,0,0,0,0,0,20000,0,0,0,20000,0,20000,20000
07121P,華新科凱基99售03,0,0,0,0,0,0,0,0,0,20000,0,0,0,20000,0,20000,20000
07236P,台灣50國票99售05,0,0,0,0,0,0,0,0,0,20000,0,0,0,20000,0,20000,20000
07245P,台積電凱基99售16,0,0,0,0,0,0,0,0,0,20000,0,0,0,70000,50000,20000,20000
07587P,台灣50國票9A售11,0,0,0,0,0,0,0,0,0,20000,0,0,0,120000,100000,20000,20000
07382P,台積電群益9B售01,0,0,0,0,0,0,0,0,0,20000,0,0,0,544000,524000,20000,20000
07400P,國巨凱基99售20  ,0,0,0,0,0,0,0,0,0,20000,0,0,0,40000,20000,20000,20000
08006P,長榮航中信03售01,0,0,0,0,0,0,0,0,0,20000,0,0,0,28000,8000,20000,20000
07884P,華新科凱基9B售08,0,0,0,0,0,0,0,0,0,20000,0,0,0,20000,0,20000,20000
07830P,牧德凱基9A售03  ,0,0,0,0,0,0,0,0,0,20000,0,0,0,20000,0,20000,20000
08244P,同欣電凱基9C售03,0,0,0,0,0,0,0,0,0,20000,0,0,0,20000,0,20000,20000
08138P,台灣50元大9B售25,0,0,0,0,0,0,0,0,0,20000,0,0,0,20000,0,20000,20000
08169P,台光電群益9B售04,0,0,0,0,0,0,0,0,0,20000,0,0,0,20000,0,20000,20000
08364P,聯發科凱基02售02,0,0,0,0,0,0,0,0,0,20000,0,0,0,20000,0,20000,20000
08473P,康控凱基9C售01  ,0,0,0,0,0,0,0,0,0,20000,0,0,0,20000,0,20000,20000
08603P,電子類元大9C售02,0,0,0,0,0,0,0,0,0,20000,0,0,0,20000,0,20000,20000
08576P,嘉澤凱基9C售03  ,0,0,0,0,0,0,0,0,0,20000,0,0,0,20000,0,20000,20000
057737,國巨富邦99購02  ,0,0,0,0,0,0,0,0,0,20000,0,0,0,20000,0,20000,20000
057744,健策永豐98購02  ,0,0,0,0,0,0,0,0,0,20000,0,0,0,20000,0,20000,20000
059129,麗豐中信99購01  ,0,0,0,0,0,0,0,0,0,20000,0,0,0,20000,0,20000,20000
059085,鴻海元大99購25  ,0,0,0,0,0,0,0,0,0,20000,0,0,0,20000,0,20000,20000
059004,嘉晶元大99購05  ,0,0,0,0,0,0,0,0,0,20000,0,0,0,20000,0,20000,20000
059065,南電凱基9A購01  ,0,0,0,0,0,0,0,0,0,20000,0,0,0,20000,0,20000,20000
058995,台達電元大99購01,0,0,0,0,0,0,0,0,0,20000,0,0,0,30000,10000,20000,20000
058655,鴻海中信03購02  ,0,0,0,0,0,0,0,0,0,20000,0,0,0,20000,0,20000,20000
059294,宏達電元富9B購02,0,0,0,0,0,0,0,0,0,20000,0,0,0,20000,0,20000,20000
057481,技嘉元大98購04  ,0,0,0,0,0,0,0,0,0,20000,0,0,0,20000,0,20000,20000
057477,智邦元大98購09  ,0,0,0,0,0,0,0,0,0,20000,0,0,0,30000,10000,20000,20000
057807,友訊元大98購02  ,0,0,0,0,0,0,0,0,0,20000,0,0,0,20000,0,20000,20000
058084,大立光群益98購04,0,0,0,0,0,0,0,0,0,20000,0,0,0,20000,0,20000,20000
058701,鴻海元大99購16  ,0,0,0,0,0,0,0,0,0,20000,0,0,0,20000,0,20000,20000
061182,南六凱基9A購01  ,0,0,0,0,0,0,0,0,0,20000,0,0,0,20000,0,20000,20000
035276,南亞科台新97購01,0,0,0,0,0,0,0,0,0,20000,0,0,0,20000,0,20000,20000
057022,智邦凱基98購04  ,0,0,0,0,0,0,0,0,0,20000,0,0,0,20000,0,20000,20000
052738,聯電元大98購02  ,0,0,0,0,0,0,0,0,0,20000,0,0,0,20000,0,20000,20000
03033X,元展30          ,0,0,0,0,0,0,0,0,0,20000,0,0,0,23000,3000,20000,20000
00688L,國泰20年美債正2 ,20000,0,20000,0,0,0,0,0,0,0,0,0,0,100000,100000,0,20000
058567,華新科凱基9A購02,0,0,0,0,0,0,0,0,0,20000,0,0,0,20000,0,20000,20000
059622,上銀凱基99購10  ,0,0,0,0,0,0,0,0,0,20000,0,0,0,20000,0,20000,20000
059515,牧德永豐99購01  ,0,0,0,0,0,0,0,0,0,20000,0,0,0,30000,10000,20000,20000
059528,華新科凱基99購06,0,0,0,0,0,0,0,0,0,20000,0,0,0,25000,5000,20000,20000
057621,崇越凱基98購01  ,0,0,0,0,0,0,0,0,0,20000,0,0,0,20000,0,20000,20000
056197,友訊永豐97購01  ,0,0,0,0,0,0,0,0,0,20000,0,0,0,245000,225000,20000,20000
056421,鴻海統一98購08  ,0,0,0,0,0,0,0,0,0,20000,0,0,0,20000,0,20000,20000
055281,台光電元大98購03,0,0,0,0,0,0,0,0,0,20000,0,0,0,20000,0,20000,20000
055230,大毅國票98購01  ,0,0,0,0,0,0,0,0,0,20000,0,0,0,20000,0,20000,20000
055670,矽創群益98購02  ,0,0,0,0,0,0,0,0,0,20000,0,0,0,20000,0,20000,20000
056118,聯詠群益97購03  ,0,0,0,0,0,0,0,0,0,20000,0,0,0,20000,0,20000,20000
055975,鴻海統一98購05  ,0,0,0,0,0,0,0,0,0,20000,0,0,0,50000,30000,20000,20000
054744,晶相光凱基99購01,0,0,0,0,0,0,0,0,0,20000,0,0,0,22000,2000,20000,20000
054828,正崴國泰99購01  ,0,0,0,0,0,0,0,0,0,20000,0,0,0,20000,0,20000,20000
054845,智邦兆豐98購01  ,0,0,0,0,0,0,0,0,0,20000,0,0,0,20000,0,20000,20000
057279,國揚元大98購01  ,0,0,0,0,0,0,0,0,0,20000,0,0,0,20000,0,20000,20000
060523,鴻海中信9C購03  ,0,0,0,0,0,0,0,0,0,20000,0,0,0,20000,0,20000,20000
060991,京鼎元大9A購01  ,0,0,0,0,0,0,0,0,0,20000,0,0,0,20000,0,20000,20000
060966,台表科凱基9B購01,0,0,0,0,0,0,0,0,0,20000,0,0,0,20000,0,20000,20000
060764,華擎元大9A購03  ,0,0,0,0,0,0,0,0,0,20000,0,0,0,20000,0,20000,20000
062906,全新元大9B購03  ,0,0,0,0,0,0,0,0,0,20000,0,0,0,20000,0,20000,20000
060744,鴻海國票9A購04  ,0,0,0,0,0,0,0,0,0,20000,0,0,0,20000,0,20000,20000
062395,台表科富邦9C購01,0,0,0,0,0,0,0,0,0,20000,0,0,0,20000,0,20000,20000
061348,聯鈞元大9A購05  ,0,0,0,0,0,0,0,0,0,20000,0,0,0,237000,217000,20000,20000
062623,元金2X國票01購01,0,0,0,0,0,0,0,0,0,20000,0,0,0,20000,0,20000,20000
062673,台新金中信03購01,0,0,0,0,0,0,0,0,0,20000,0,0,0,20000,0,20000,20000
062647,南電國泰9C購02  ,0,0,0,0,0,0,0,0,0,20000,0,0,0,20000,0,20000,20000
062694,遠東新元大9B購01,0,10000,-10000,0,0,0,0,0,0,30000,0,0,0,43000,13000,30000,20000
062316,康控凱基9B購03  ,0,0,0,0,0,0,0,0,0,20000,0,0,0,20000,0,20000,20000
062336,茂林統一01購02  ,0,0,0,0,0,0,0,0,0,20000,0,0,0,20000,0,20000,20000
062337,台表科統一01購01,0,0,0,0,0,0,0,0,0,20000,0,0,0,30000,10000,20000,20000
062247,國巨元大9B購07  ,0,0,0,0,0,0,0,0,0,20000,0,0,0,25000,5000,20000,20000
062248,國巨元大9B購08  ,0,0,0,0,0,0,0,0,0,20000,0,0,0,55000,35000,20000,20000
060027,元金2X永豐99購02,0,0,0,0,0,0,0,0,0,20000,0,0,0,20000,0,20000,20000
060031,旭富永豐99購02  ,0,0,0,0,0,0,0,0,0,20000,0,0,0,20000,0,20000,20000
059964,元金2X凱基99購02,0,0,0,0,0,0,0,0,0,20000,0,0,0,20000,0,20000,20000
059848,智邦永豐99購01  ,0,0,0,0,0,0,0,0,0,20000,0,0,0,20000,0,20000,20000
062040,玉晶光凱基01購01,0,0,0,0,0,0,0,0,0,20000,0,0,0,42000,22000,20000,20000
061830,元金2X凱基01購01,0,0,0,0,0,0,0,0,0,20000,0,0,0,20000,0,20000,20000
061601,台積電凱基9A購26,0,0,0,0,0,0,0,0,0,20000,0,0,0,20000,0,20000,20000
061648,緯穎元大9A購04  ,0,0,0,0,0,0,0,0,0,20000,0,0,0,20000,0,20000,20000
061530,智邦台新9A購02  ,0,0,0,0,0,0,0,0,0,20000,0,0,0,20000,0,20000,20000
063169,台汽電永豐9B購01,0,0,0,0,0,0,0,0,0,20000,0,0,0,20000,0,20000,20000
061461,元金2X群益9A購01,0,0,0,0,0,0,0,0,0,20000,0,0,0,20000,0,20000,20000
063768,華新科國泰9C購03,0,0,0,0,0,0,0,0,0,20000,0,0,0,20000,0,20000,20000
063594,上銀中信9C購01  ,0,0,0,0,0,0,0,0,0,20000,0,0,0,22000,2000,20000,20000
06371P,茂林國票98售04  ,0,0,0,0,0,0,0,0,0,20000,0,0,0,120000,100000,20000,20000
063722,遠東新元大9B購02,0,0,0,0,0,0,0,0,0,20000,0,0,0,35000,15000,20000,20000
065794,麗豐永豐9C購01  ,0,0,0,0,0,0,0,0,0,20000,0,0,0,55000,35000,20000,20000
065738,國巨麥證9C購04  ,0,0,0,35000,15000,20000,0,0,0,20000,0,0,0,35000,15000,20000,20000
065623,瑞昱中信04購01  ,0,0,0,0,0,0,0,0,0,20000,0,0,0,72000,52000,20000,20000
065235,旭富凱基02購01  ,0,0,0,0,0,0,0,0,0,20000,0,0,0,20000,0,20000,20000
065236,旭富凱基9C購01  ,0,0,0,0,0,0,0,0,0,20000,0,0,0,20000,0,20000,20000
066160,美利達康和01購01,0,0,0,0,0,0,0,0,0,20000,0,0,0,29000,9000,20000,20000
06613P,華新科富邦9A售03,0,0,0,0,0,0,0,0,0,20000,0,0,0,20000,0,20000,20000
066406,南六凱基01購02  ,0,0,0,0,0,0,0,0,0,20000,0,0,0,20000,0,20000,20000
066395,可成凱基01購03  ,0,0,0,0,0,0,0,0,0,20000,0,0,0,21000,1000,20000,20000
064505,康控元大9C購01  ,0,0,0,0,0,0,0,0,0,20000,0,0,0,21000,1000,20000,20000
064114,南茂國票01購01  ,0,0,0,0,0,0,0,0,0,20000,0,0,0,20000,0,20000,20000
064062,創意國泰01購01  ,0,0,0,0,0,0,0,0,0,20000,0,0,0,20000,0,20000,20000
06500P,臺股指元大9A售05,0,0,0,0,0,0,0,0,0,20000,0,0,0,20000,0,20000,20000
065143,聯發科凱基9C購07,0,0,0,0,0,0,0,0,0,20000,0,0,0,20000,0,20000,20000
064738,裕隆國票01購01  ,0,0,0,0,0,0,0,0,0,20000,0,0,0,20000,0,20000,20000
064727,群創統一02購03  ,0,0,0,0,0,0,0,0,0,20000,0,0,0,215000,195000,20000,20000
06457P,玉晶光統一98售02,0,0,0,0,0,0,0,0,0,20000,0,0,0,20000,0,20000,20000
064646,群創凱基02購01  ,0,0,0,0,0,0,0,0,0,20000,0,0,0,40000,20000,20000,20000
2428,興勤            ,91000,87000,4000,0,0,0,0,0,0,16000,0,1000,-1000,17000,0,17000,20000
2441,超豐            ,217000,186000,31000,0,0,0,0,0,0,-11000,5000,15000,-10000,0,1000,-1000,20000
08925P,國巨元富07售10  ,0,0,0,0,0,0,0,0,0,20000,0,0,0,29000,9000,20000,20000
08668P,燿華群益01售01  ,0,0,0,0,0,0,0,0,0,20000,0,0,0,20000,0,20000,20000
08790P,聯發科元富01售01,0,0,0,0,0,0,0,0,0,20000,0,0,0,100000,80000,20000,20000
9935,慶豐富          ,131000,107000,24000,0,0,0,0,0,0,-4000,0,4000,-4000,0,0,0,20000
9927,泰銘            ,43000,12000,31000,0,0,0,0,0,0,-11000,0,11000,-11000,0,0,0,20000
08577P,臺指2X中信03售01,0,0,0,0,0,0,0,0,0,19000,0,0,0,20000,1000,19000,19000
08628P,微星中信9C售01  ,0,0,0,0,0,0,0,0,0,19000,0,0,0,119000,100000,19000,19000
08521P,台達電元大9C售03,0,0,0,0,0,0,0,0,0,19000,0,0,0,42000,23000,19000,19000
08333P,大立光富邦02售03,0,0,0,0,0,0,0,0,0,19000,0,0,0,20000,1000,19000,19000
08067P,大立光凱基9B售08,0,0,0,0,0,0,0,0,0,19000,0,0,0,21000,2000,19000,19000
067784,富邦金群益02購01,0,0,0,0,0,0,0,0,0,19000,0,0,0,120000,101000,19000,19000
067415,大成凱基01購01  ,0,0,0,0,0,0,0,0,0,19000,0,0,0,19000,0,19000,19000
066657,滬深2X凱基04購01,0,0,0,0,0,0,0,0,0,19000,0,0,0,20000,1000,19000,19000
066552,大立光元大01購08,0,0,0,0,0,0,0,0,0,19000,0,0,0,25000,6000,19000,19000
057241,超眾凱基99購02  ,0,0,0,0,0,0,0,0,0,19000,0,0,0,19000,0,19000,19000
055551,致茂凱基98購01  ,0,0,0,0,0,0,0,0,0,19000,0,0,0,159000,140000,19000,19000
061894,台積電永豐9B購01,0,0,0,0,0,0,0,0,0,19000,0,0,0,19000,0,19000,19000
063599,智邦凱基9B購04  ,0,0,0,0,0,0,0,0,0,19000,0,0,0,19000,0,19000,19000
063729,國巨元大9C購08  ,0,0,0,0,0,0,0,0,0,19000,0,0,0,20000,1000,19000,19000
063479,南六元大9B購06  ,0,0,0,0,0,0,0,0,0,19000,0,0,0,60000,41000,19000,19000
060642,華擎永豐9A購02  ,0,0,0,0,0,0,0,0,0,19000,0,0,0,29000,10000,19000,19000
061394,FBVIX統一9B購01 ,0,0,0,0,0,0,0,0,0,19000,0,0,0,20000,1000,19000,19000
062128,祥碩統一01購01  ,0,0,0,0,0,0,0,0,0,19000,0,0,0,29000,10000,19000,19000
062706,大立光元大9B購06,0,0,0,0,0,0,0,0,0,19000,0,0,0,19000,0,19000,19000
064547,宏達電凱基9C購01,0,0,0,0,0,0,0,0,0,19000,0,0,0,112000,93000,19000,19000
065053,南電凱基02購01  ,0,0,0,0,0,0,0,0,0,19000,0,0,0,34000,15000,19000,19000
063883,超眾元富9C購02  ,0,0,0,0,0,0,0,0,0,19000,0,0,0,19000,0,19000,19000
063919,大立光元富03購01,0,0,0,0,0,0,0,0,0,19000,0,0,0,76000,57000,19000,19000
063984,華邦電國泰02購01,0,0,0,0,0,0,0,0,0,19000,0,0,0,20000,1000,19000,19000
064408,TPK凱基02購01   ,0,0,0,0,0,0,0,0,0,19000,0,0,0,68000,49000,19000,19000
064409,彩晶凱基04購01  ,0,0,0,0,0,0,0,0,0,19000,0,0,0,175000,156000,19000,19000
064252,嘉澤元富9C購01  ,0,0,0,0,0,0,0,0,0,19000,0,0,0,34000,15000,19000,19000
065344,瑞昱統一01購05  ,0,0,0,0,0,0,0,0,0,19000,0,0,0,246000,227000,19000,19000
065781,創意富邦01購01  ,0,0,0,0,0,0,0,0,0,19000,0,0,0,55000,36000,19000,19000
2423,固緯            ,33000,13000,20000,0,0,0,0,0,0,-1000,0,1000,-1000,0,0,0,19000
066950,義隆元大01購03  ,30000,0,30000,0,0,0,0,0,0,-12000,0,0,0,683000,695000,-12000,18000
067414,嘉澤康和01購01  ,0,0,0,0,0,0,0,0,0,18000,0,0,0,18000,0,18000,18000
067503,聚陽統一03購01  ,0,0,0,0,0,0,0,0,0,18000,0,0,0,23000,5000,18000,18000
067651,漢唐元富07購01  ,0,0,0,0,0,0,0,0,0,18000,0,0,0,18000,0,18000,18000
07500P,微星元大9A售01  ,0,0,0,0,0,0,0,0,0,18000,0,0,0,100000,82000,18000,18000
07611P,大立光國票9A售05,0,0,0,0,0,0,0,0,0,18000,0,0,0,20000,2000,18000,18000
08528P,台勝科元大9C售02,0,0,0,0,0,0,0,0,0,18000,0,0,0,18000,0,18000,18000
057839,台積電富邦9A購02,0,0,0,0,0,0,0,0,0,18000,0,0,0,78000,60000,18000,18000
057524,旺宏元大99購04  ,0,0,0,0,0,0,0,0,0,18000,0,0,0,68000,50000,18000,18000
059293,宏達電元富9B購01,0,0,0,0,0,0,0,0,0,18000,0,0,0,20000,2000,18000,18000
059267,群創中信01購02  ,0,0,0,0,0,0,0,0,0,18000,0,0,0,18000,0,18000,18000
055667,致茂群益98購01  ,0,0,0,0,0,0,0,0,0,18000,0,0,0,78000,60000,18000,18000
00690,兆豐藍籌30      ,0,0,0,0,0,0,0,0,0,18000,0,0,0,198000,180000,18000,18000
054214,京鼎國票97購02  ,0,0,0,0,0,0,0,0,0,18000,0,0,0,18000,0,18000,18000
060713,聯詠永豐9A購01  ,0,0,0,0,0,0,0,0,0,18000,0,0,0,18000,0,18000,18000
062943,世芯凱基9B購03  ,0,0,0,0,0,0,0,0,0,18000,0,0,0,54000,36000,18000,18000
061614,亞德客群益9A購01,0,0,0,0,0,0,0,0,0,18000,0,0,0,18000,0,18000,18000
061851,智邦國票9B購01  ,0,0,0,0,0,0,0,0,0,18000,0,0,0,18000,0,18000,18000
063596,嘉澤中信9B購01  ,0,0,0,0,0,0,0,0,0,18000,0,0,0,18000,0,18000,18000
063660,儒鴻統一9C購01  ,0,0,0,0,0,0,0,0,0,18000,0,0,0,73000,55000,18000,18000
065561,同欣電麥證9C購03,0,0,0,18000,4000,14000,0,0,0,18000,0,0,0,22000,4000,18000,18000
066145,昇陽半群益01購01,0,0,0,0,0,0,0,0,0,18000,0,0,0,43000,25000,18000,18000
065882,景碩台新9C購03  ,0,0,0,0,0,0,0,0,0,18000,0,0,0,82000,64000,18000,18000
064228,同欣電國票01購01,0,0,0,0,0,0,0,0,0,18000,0,0,0,63000,45000,18000,18000
064191,聯發科中信03購01,0,0,0,0,0,0,0,0,0,18000,0,0,0,18000,0,18000,18000
064178,台郡國泰01購01  ,0,0,0,0,0,0,0,0,0,18000,0,0,0,18000,0,18000,18000
06505P,康控國票99售02  ,0,0,0,0,0,0,0,0,0,18000,0,0,0,18000,0,18000,18000
065084,南亞科元大9C購08,0,0,0,0,0,0,0,0,0,18000,0,0,0,37000,19000,18000,18000
064746,貿聯國票01購02  ,0,0,0,0,0,0,0,0,0,18000,0,0,0,23000,5000,18000,18000
08783P,台積電元大01售18,0,0,0,0,0,0,0,0,0,18000,0,0,0,3513000,3495000,18000,18000
08816P,台積電富邦04售03,0,0,0,0,0,0,0,0,0,18000,0,0,0,18000,0,18000,18000
08951P,臺股指國票01售08,0,0,0,0,0,0,0,0,0,18000,0,0,0,40000,22000,18000,18000
08989P,玉晶光國票03售01,0,0,0,0,0,0,0,0,0,18000,0,0,0,30000,12000,18000,18000
08990P,台積電元大01售28,0,0,0,0,0,0,0,0,0,18000,0,0,0,48000,30000,18000,18000
910322,康師傅-DR       ,18000,0,18000,0,0,0,0,0,0,0,0,0,0,0,0,0,18000
08324P,大立光凱基9C售05,0,0,0,0,0,0,0,0,0,17000,0,0,0,30000,13000,17000,17000
06799P,臺股指凱基98售09,0,0,0,0,0,0,0,0,0,17000,0,0,0,17000,0,17000,17000
067356,欣興群益01購01  ,0,0,0,0,0,0,0,0,0,17000,0,0,0,115000,98000,17000,17000
067384,南六統一01購03  ,0,0,0,0,0,0,0,0,0,17000,0,0,0,47000,30000,17000,17000
067300,金像電元大02購02,0,0,0,0,0,0,0,0,0,17000,0,0,0,95000,78000,17000,17000
067118,上緯控群益01購01,0,0,0,0,0,0,0,0,0,17000,0,0,0,166000,149000,17000,17000
067150,聯發科統一02購05,0,0,0,0,0,0,0,0,0,17000,0,0,0,70000,53000,17000,17000
066963,T50反1元富07購03,0,0,0,0,0,0,0,0,0,17000,0,0,0,20000,3000,17000,17000
066868,聯發科元富07購01,0,0,0,0,0,0,0,0,0,17000,0,0,0,246000,229000,17000,17000
066553,大立光元大01購09,0,0,0,0,0,0,0,0,0,17000,0,0,0,63000,46000,17000,17000
066540,景碩兆豐01購02  ,0,0,0,0,0,0,0,0,0,17000,0,0,0,20000,3000,17000,17000
066525,創意統一03購01  ,0,0,0,0,0,0,0,0,0,17000,0,0,0,109000,92000,17000,17000
050754,元金2X元富9B購01,0,0,0,0,0,0,0,0,0,17000,0,0,0,17000,0,17000,17000
056327,樺漢兆豐98購01  ,0,0,0,0,0,0,0,0,0,17000,0,0,0,17000,0,17000,17000
059084,鴻海元大99購24  ,0,0,0,0,0,0,0,0,0,17000,0,0,0,17000,0,17000,17000
059223,大立光元大99購14,0,0,0,0,0,0,0,0,0,17000,0,0,0,19000,2000,17000,17000
058971,台積電永豐99購03,0,0,0,0,0,0,0,0,0,17000,0,0,0,17000,0,17000,17000
063318,京鼎群益9C購02  ,0,0,0,0,0,0,0,0,0,17000,0,0,0,20000,3000,17000,17000
058375,群創凱基9B購04  ,0,0,0,0,0,0,0,0,0,17000,0,0,0,99000,82000,17000,17000
058246,帆宣元大99購01  ,0,0,0,0,0,0,0,0,0,17000,0,0,0,17000,0,17000,17000
063652,國泰金台新9B購01,0,0,0,0,0,0,0,0,0,17000,0,0,0,17000,0,17000,17000
063598,國巨凱基9B購14  ,0,0,0,0,0,0,0,0,0,17000,0,0,0,25000,8000,17000,17000
060630,國巨富邦9C購03  ,0,0,0,0,0,0,0,0,0,17000,0,0,0,20000,3000,17000,17000
060100,新光金元大9C購01,0,0,0,0,0,0,0,0,0,17000,0,0,0,17000,0,17000,17000
059788,華新科元大9A購05,0,0,0,0,0,0,0,0,0,17000,0,0,0,26000,9000,17000,17000
062863,聯茂國票9B購01  ,0,0,0,0,0,0,0,0,0,17000,0,0,0,86000,69000,17000,17000
063140,聯發科統一9B購08,0,0,0,0,0,0,0,0,0,17000,0,0,0,32000,15000,17000,17000
060784,鴻海富邦9C購01  ,0,0,0,0,0,0,0,0,0,17000,0,0,0,17000,0,17000,17000
061368,南六國票9A購01  ,0,0,0,0,0,0,0,0,0,17000,0,0,0,17000,0,17000,17000
061015,旺宏麥證9A購03  ,0,0,0,17000,0,17000,0,0,0,17000,0,0,0,17000,0,17000,17000
061991,牧德元大9C購01  ,0,0,0,0,0,0,0,0,0,17000,0,0,0,17000,0,17000,17000
061308,元金2X中信9A購01,0,0,0,0,0,0,0,0,0,17000,0,0,0,20000,3000,17000,17000
064668,大立光元大9C購21,0,0,0,0,0,0,0,0,0,17000,0,0,0,68000,51000,17000,17000
065085,聯發科元大01購02,0,0,0,0,0,0,0,0,0,17000,0,0,0,22000,5000,17000,17000
065110,嘉澤國票01購01  ,0,0,0,0,0,0,0,0,0,17000,0,0,0,17000,0,17000,17000
066256,華通元大02購02  ,0,0,0,0,0,0,0,0,0,17000,0,0,0,234000,217000,17000,17000
066391,國巨凱基01購04  ,0,0,0,0,0,0,0,0,0,17000,0,0,0,31000,14000,17000,17000
2542,興富發          ,362000,349000,13000,0,0,0,0,0,0,4000,12000,8000,4000,0,0,0,17000
08693P,宏達電群益01售02,0,0,0,0,0,0,0,0,0,17000,0,0,0,60000,43000,17000,17000
1527,鑽全            ,48000,31000,17000,0,0,0,0,0,0,0,0,0,0,0,0,0,17000
066488,聯詠元富07購01  ,0,0,0,0,0,0,0,0,0,16000,0,0,0,23000,7000,16000,16000
066613,燿華麥證01購01  ,0,0,0,104000,45000,59000,0,0,0,16000,0,0,0,104000,88000,16000,16000
066753,聯鈞國泰03購01  ,0,0,0,0,0,0,0,0,0,16000,0,0,0,197000,181000,16000,16000
067725,旭富凱基01購03  ,0,0,0,0,0,0,0,0,0,16000,0,0,0,26000,10000,16000,16000
07046P,大立光富邦9C售03,0,0,0,0,0,0,0,0,0,16000,0,0,0,16000,0,16000,16000
08478P,臺股指凱基9C售16,0,0,0,0,0,0,0,0,0,16000,0,0,0,57000,41000,16000,16000
057972,群創富邦9C購01  ,0,0,0,0,0,0,0,0,0,16000,0,0,0,71000,55000,16000,16000
058748,景碩凱基9A購01  ,0,0,0,0,0,0,0,0,0,16000,0,0,0,16000,0,16000,16000
061935,台積電國票9B購07,0,0,0,0,0,0,0,0,0,16000,0,0,0,109000,93000,16000,16000
059194,元金2X永豐99購01,0,0,0,0,0,0,0,0,0,16000,0,0,0,16000,0,16000,16000
057589,超眾國票9A購01  ,0,0,0,0,0,0,0,0,0,16000,0,0,0,16000,0,16000,16000
057019,台積電凱基98購14,0,0,0,0,0,0,0,0,0,16000,0,0,0,20000,4000,16000,16000
00736,國泰新興市場    ,88000,24000,64000,0,0,0,0,0,0,-48000,0,0,0,172000,220000,-48000,16000
00702,國泰標普低波高息,0,0,0,0,0,0,0,0,0,16000,0,0,0,17000,1000,16000,16000
062674,百和中信03購01  ,0,0,0,0,0,0,0,0,0,16000,0,0,0,16000,0,16000,16000
062346,智邦群益9B購02  ,0,0,0,0,0,0,0,0,0,16000,0,0,0,30000,14000,16000,16000
061134,大成鋼統一9C購01,0,0,0,0,0,0,0,0,0,16000,0,0,0,17000,1000,16000,16000
062590,亞光統一9B購01  ,0,0,0,0,0,0,0,0,0,16000,0,0,0,16000,0,16000,16000
062920,康友元大9B購01  ,0,0,0,0,0,0,0,0,0,16000,0,0,0,66000,50000,16000,16000
059818,鴻海凱基99購14  ,0,0,0,0,0,0,0,0,0,16000,0,0,0,16000,0,16000,16000
059864,亞德客凱基99購01,0,0,0,0,0,0,0,0,0,16000,0,0,0,16000,0,16000,16000
063411,和潤國票9C購01  ,0,0,0,0,0,0,0,0,0,16000,0,0,0,34000,18000,16000,16000
063628,華通元大9B購09  ,0,0,0,0,0,0,0,0,0,16000,0,0,0,27000,11000,16000,16000
063737,大立光元大9C購07,0,0,0,0,0,0,0,0,0,16000,0,0,0,34000,18000,16000,16000
063805,技嘉兆豐9C購01  ,0,0,0,0,0,0,0,0,0,16000,0,0,0,16000,0,16000,16000
065754,健鼎元大9C購06  ,0,0,0,0,0,0,0,0,0,16000,0,0,0,217000,201000,16000,16000
065337,華通統一01購03  ,0,0,0,0,0,0,0,0,0,16000,0,0,0,321000,305000,16000,16000
064863,台積電永豐9C購01,0,0,0,0,0,0,0,0,0,16000,0,0,0,19000,3000,16000,16000
064830,可成統一9C購04  ,0,0,0,0,0,0,0,0,0,16000,0,0,0,16000,0,16000,16000
063949,大立光元大9C購10,0,0,0,0,0,0,0,0,0,16000,0,0,0,16000,0,16000,16000
064332,聯發科元大01購01,0,0,0,0,0,0,0,0,0,16000,0,0,0,28000,12000,16000,16000
3416,融程電          ,17000,0,17000,0,0,0,0,0,0,-1000,0,1000,-1000,0,0,0,16000
4572,駐龍            ,18000,2000,16000,0,0,0,0,0,0,0,0,0,0,0,0,0,16000
6115,鎰勝            ,27000,3000,24000,0,0,0,0,0,0,-8000,0,8000,-8000,0,0,0,16000
6183,關貿            ,39000,22000,17000,0,0,0,0,0,0,-1000,0,1000,-1000,0,0,0,16000
08508P,臺股指國票9C售09,0,0,0,0,0,0,0,0,0,15000,0,0,0,15000,0,15000,15000
08509P,臺股指國票9C售10,0,0,0,0,0,0,0,0,0,15000,0,0,0,99000,84000,15000,15000
08641P,台灣50群益9C售08,0,0,0,0,0,0,0,0,0,15000,0,0,0,35000,20000,15000,15000
08613P,同欣電凱基9C售04,0,0,0,0,0,0,0,0,0,15000,0,0,0,18000,3000,15000,15000
08335P,香港2X中信03售01,0,0,0,0,0,0,0,0,0,15000,0,0,0,15000,0,15000,15000
07789P,緯穎群益9A售03  ,0,0,0,0,0,0,0,0,0,15000,0,0,0,15000,0,15000,15000
07058P,台積電凱基9A售07,0,0,0,0,0,0,0,0,0,15000,0,0,0,15000,0,15000,15000
07198P,臺股指元大99售14,0,0,0,0,0,0,0,0,0,15000,0,0,0,160000,145000,15000,15000
07616P,瑞昱中信02售01  ,0,0,0,0,0,0,0,0,0,15000,0,0,0,20000,5000,15000,15000
07618P,大立光中信9A售06,0,0,0,0,0,0,0,0,0,15000,0,0,0,15000,0,15000,15000
07415P,台積電元大99售52,0,0,0,0,0,0,0,0,0,15000,0,0,0,100000,85000,15000,15000
07479P,A50正2元富9A售03,0,0,0,0,0,0,0,0,0,15000,0,0,0,15000,0,15000,15000
066530,美律元富04購01  ,0,0,0,0,0,0,0,0,0,15000,0,0,0,738000,723000,15000,15000
067225,巨大元大01購03  ,0,0,0,0,0,0,0,0,0,15000,0,0,0,15000,0,15000,15000
046937,聯電元大99購01  ,0,0,0,0,0,0,0,0,0,15000,0,0,0,15000,0,15000,15000
056202,國揚永豐97購01  ,0,0,0,0,0,0,0,0,0,15000,0,0,0,15000,0,15000,15000
056155,嘉晶凱基97購01  ,0,0,0,0,0,0,0,0,0,15000,0,0,0,15000,0,15000,15000
059048,元油2X凱基9A購11,0,0,0,0,0,0,0,0,0,15000,0,0,0,15000,0,15000,15000
058923,華新科元富99購06,0,0,0,0,0,0,0,0,0,15000,0,0,0,15000,0,15000,15000
059320,華新科元大99購15,0,0,0,0,0,0,0,0,0,15000,0,0,0,15000,0,15000,15000
059364,昇陽半永豐99購02,0,0,0,0,0,0,0,0,0,15000,0,0,0,17000,2000,15000,15000
057331,台積電國票99購04,0,0,0,0,0,0,0,0,0,15000,0,0,0,25000,10000,15000,15000
060450,南亞元大9A購02  ,0,0,0,0,0,0,0,0,0,15000,0,0,0,60000,45000,15000,15000
058702,國巨元大99購16  ,0,0,0,0,0,0,0,0,0,15000,0,0,0,15000,0,15000,15000
058484,元金2X國票04購01,0,0,0,0,0,0,0,0,0,15000,0,0,0,15000,0,15000,15000
058434,旺宏統一9B購01  ,0,0,0,0,0,0,0,0,0,15000,0,0,0,15000,0,15000,15000
063708,上銀凱基9B購06  ,0,0,0,0,0,0,0,0,0,15000,0,0,0,65000,50000,15000,15000
060277,道瓊反元大9A購02,0,0,0,0,0,0,0,0,0,15000,0,0,0,15000,0,15000,15000
060342,台積電統一02購01,0,0,0,0,0,0,0,0,0,15000,0,0,0,15000,0,15000,15000
062096,神隆永豐9B購01  ,0,0,0,0,0,0,0,0,0,15000,0,0,0,15000,0,15000,15000
062534,力成統一01購01  ,0,0,0,0,0,0,0,0,0,15000,0,0,0,45000,30000,15000,15000
062234,廣達凱基9B購01  ,0,0,0,0,0,0,0,0,0,15000,0,0,0,86000,71000,15000,15000
063071,華新科富邦02購01,0,0,0,0,0,0,0,0,0,15000,0,0,0,15000,0,15000,15000
062596,緯穎統一01購02  ,0,0,0,0,0,0,0,0,0,15000,0,0,0,65000,50000,15000,15000
062422,億光統一01購01  ,0,0,0,0,0,0,0,0,0,15000,0,0,0,20000,5000,15000,15000
064315,創意群益9C購01  ,0,0,0,0,0,0,0,0,0,15000,0,0,0,15000,0,15000,15000
064506,康控元大9C購02  ,0,0,0,0,0,0,0,0,0,15000,0,0,0,15000,0,15000,15000
063932,世芯統一01購01  ,0,0,0,0,0,0,0,0,0,15000,0,0,0,20000,5000,15000,15000
063965,漢唐國票01購01  ,0,0,0,0,0,0,0,0,0,15000,0,0,0,15000,0,15000,15000
063986,聯發科富邦02購01,0,0,0,0,0,0,0,0,0,15000,0,0,0,15000,0,15000,15000
064013,創意國票01購01  ,0,0,0,0,0,0,0,0,0,15000,0,0,0,15000,0,15000,15000
063891,國巨群益9C購07  ,0,0,0,0,0,0,0,0,0,15000,0,0,0,17000,2000,15000,15000
064184,矽格富邦02購01  ,0,0,0,0,0,0,0,0,0,15000,0,0,0,15000,0,15000,15000
064133,力成元大9C購01  ,0,0,0,0,0,0,0,0,0,15000,0,0,0,54000,39000,15000,15000
064036,矽創元大9C購01  ,0,0,0,0,0,0,0,0,0,15000,0,0,0,178000,163000,15000,15000
064707,群創富邦9C購02  ,0,0,0,0,0,0,0,0,0,15000,0,0,0,25000,10000,15000,15000
064965,臺指反元大03購02,0,0,0,0,0,0,0,0,0,15000,0,0,0,20000,5000,15000,15000
065101,力成元大9C購05  ,0,0,0,0,0,0,0,0,0,15000,0,0,0,86000,71000,15000,15000
065087,可成元大9C購08  ,0,0,0,0,0,0,0,0,0,15000,0,0,0,50000,35000,15000,15000
065322,聯發科凱基01購05,0,0,0,0,0,0,0,0,0,15000,0,0,0,15000,0,15000,15000
065603,聯發科元大9C購16,0,0,0,0,0,0,0,0,0,15000,0,0,0,15000,0,15000,15000
066299,潤泰新元大01購01,0,0,0,0,0,0,0,0,0,15000,0,0,0,20000,5000,15000,15000
066060,超眾元大01購03  ,0,0,0,0,0,0,0,0,0,15000,0,0,0,93000,78000,15000,15000
4144,康聯-KY         ,25000,8000,17000,0,0,0,0,0,0,-2000,0,2000,-2000,0,0,0,15000
2471,資通            ,25000,10000,15000,0,0,0,0,0,0,0,0,0,0,0,0,0,15000
1526,日馳            ,153000,138000,15000,0,0,0,0,0,0,0,0,0,0,0,0,0,15000
08860P,鴻海統一01售06  ,0,0,0,0,0,0,0,0,0,15000,0,0,0,17000,2000,15000,15000
067080,群創元大01購04  ,0,0,0,0,0,0,0,0,0,14000,0,0,0,150000,136000,14000,14000
08529P,臻鼎元大9C售03  ,0,0,0,0,0,0,0,0,0,14000,0,0,0,129000,115000,14000,14000
058208,百和凱基99購01  ,0,0,0,0,0,0,0,0,0,14000,0,0,0,64000,50000,14000,14000
061244,和碩兆豐9A購01  ,0,0,0,0,0,0,0,0,0,14000,0,0,0,22000,8000,14000,14000
059359,精元永豐99購01  ,0,0,0,0,0,0,0,0,0,14000,0,0,0,34000,20000,14000,14000
059355,國巨富邦9B購03  ,0,0,0,0,0,0,0,0,0,14000,0,0,0,19000,5000,14000,14000
057405,麗豐群益98購01  ,0,0,0,0,0,0,0,0,0,14000,0,0,0,14000,0,14000,14000
058794,旺宏元大99購09  ,0,0,0,0,0,0,0,0,0,14000,0,0,0,130000,116000,14000,14000
058803,世紀鋼元大99購03,0,0,0,0,0,0,0,0,0,14000,0,0,0,14000,0,14000,14000
058973,麗豐永豐99購01  ,0,0,0,0,0,0,0,0,0,14000,0,0,0,39000,25000,14000,14000
058979,上銀凱基99購04  ,0,0,0,0,0,0,0,0,0,14000,0,0,0,14000,0,14000,14000
055619,同欣電國票98購02,0,0,0,0,0,0,0,0,0,14000,0,0,0,24000,10000,14000,14000
057275,友達元大9A購04  ,0,0,0,0,0,0,0,0,0,14000,0,0,0,14000,0,14000,14000
057152,緯穎國票99購03  ,0,0,0,0,0,0,0,0,0,14000,0,0,0,14000,0,14000,14000
056635,亞德客日盛99購01,0,0,0,0,0,0,0,0,0,14000,0,0,0,74000,60000,14000,14000
00851,台新全球AI      ,0,0,0,0,0,0,0,0,0,14000,0,0,0,19000,5000,14000,14000
062728,健策凱基9B購04  ,0,0,0,0,0,0,0,0,0,14000,0,0,0,27000,13000,14000,14000
063354,茂林元富9B購02  ,0,0,0,0,0,0,0,0,0,14000,0,0,0,199000,185000,14000,14000
062768,南電凱基9B購04  ,0,0,0,0,0,0,0,0,0,14000,0,0,0,65000,51000,14000,14000
063492,台積電富邦02購02,0,0,0,0,0,0,0,0,0,14000,0,0,0,20000,6000,14000,14000
063553,同欣電國票9B購03,0,0,0,0,0,0,0,0,0,14000,0,0,0,14000,0,14000,14000
065683,嘉聯益統一03購01,0,0,0,0,0,0,0,0,0,14000,0,0,0,14000,0,14000,14000
065185,和大統一02購05  ,0,0,0,0,0,0,0,0,0,14000,0,0,0,36000,22000,14000,14000
065002,致茂國票01購01  ,0,0,0,0,0,0,0,0,0,14000,0,0,0,181000,167000,14000,14000
064021,國巨元大9C購15  ,0,0,0,0,0,0,0,0,0,14000,0,0,0,76000,62000,14000,14000
064425,華新科兆豐9C購01,0,0,0,0,0,0,0,0,0,14000,0,0,0,14000,0,14000,14000
08750P,台灣50群益01售04,0,0,0,0,0,0,0,0,0,14000,0,0,0,24000,10000,14000,14000
1587,吉茂            ,19000,6000,13000,0,0,0,0,0,0,1000,1000,0,1000,0,0,0,14000
2358,廷鑫            ,55000,41000,14000,0,0,0,0,0,0,0,0,0,0,0,0,0,14000
2609,陽明            ,195000,181000,14000,0,0,0,0,0,0,0,0,0,0,0,0,0,14000
08432P,台勝科凱基9C售02,0,0,0,0,0,0,0,0,0,13000,0,0,0,13000,0,13000,13000
07803P,南亞科永豐9A售02,0,0,0,0,0,0,0,0,0,13000,0,0,0,13000,0,13000,13000
067502,聚陽統一02購04  ,0,0,0,0,0,0,0,0,0,13000,0,0,0,13000,0,13000,13000
066512,致茂永豐01購01  ,0,0,0,0,0,0,0,0,0,13000,0,0,0,190000,177000,13000,13000
066563,日月光元大01購01,0,0,0,0,0,0,0,0,0,13000,0,0,0,130000,117000,13000,13000
00710B,FH彭博高收益債  ,0,0,0,0,0,0,0,0,0,13000,0,0,0,116000,103000,13000,13000
057221,華通國票98購03  ,0,0,0,0,0,0,0,0,0,13000,0,0,0,13000,0,13000,13000
058983,旺宏凱基99購05  ,0,0,0,0,0,0,0,0,0,13000,0,0,0,28000,15000,13000,13000
059339,上銀凱基99購06  ,0,0,0,0,0,0,0,0,0,13000,0,0,0,13000,0,13000,13000
058147,鈺齊元大99購01  ,0,0,0,0,0,0,0,0,0,13000,0,0,0,209000,196000,13000,13000
058082,美律群益98購05  ,0,0,0,0,0,0,0,0,0,13000,0,0,0,194000,181000,13000,13000
063443,金像電統一01購02,0,6000,-6000,0,0,0,0,0,0,19000,0,0,0,35000,16000,19000,13000
060344,聯發科統一01購01,0,0,0,0,0,0,0,0,0,13000,0,0,0,13000,0,13000,13000
063204,高鐵統一9C購01  ,0,0,0,0,0,0,0,0,0,13000,0,0,0,19000,6000,13000,13000
062979,茂林元富9B購01  ,0,0,0,0,0,0,0,0,0,13000,0,0,0,210000,197000,13000,13000
062586,國巨統一01購06  ,0,0,0,0,0,0,0,0,0,13000,0,0,0,13000,0,13000,13000
062563,緯穎凱基9B購03  ,0,0,0,0,0,0,0,0,0,13000,0,0,0,14000,1000,13000,13000
060998,華通兆豐9A購01  ,0,0,0,0,0,0,0,0,0,13000,0,0,0,13000,0,13000,13000
064151,義隆統一01購01  ,0,0,0,0,0,0,0,0,0,13000,0,0,0,13000,0,13000,13000
065006,景碩國票01購01  ,0,0,0,0,0,0,0,0,0,13000,0,0,0,130000,117000,13000,13000
064930,南六統一02購02  ,0,0,0,0,0,0,0,0,0,13000,0,0,0,13000,0,13000,13000
065260,金像電元大9C購07,0,0,0,0,0,0,0,0,0,13000,0,0,0,28000,15000,13000,13000
065763,台表科元大9C購14,0,0,0,0,0,0,0,0,0,13000,0,0,0,39000,26000,13000,13000
065615,南電元大01購03  ,0,0,0,0,0,0,0,0,0,13000,0,0,0,13000,0,13000,13000
065996,T50反1第一01購01,0,0,0,0,0,0,0,0,0,13000,0,0,0,55000,42000,13000,13000
4532,瑞智            ,62000,49000,13000,0,0,0,0,0,0,0,0,0,0,0,0,0,13000
6605,帝寶            ,21000,8000,13000,0,0,0,0,0,0,0,0,0,0,0,0,0,13000
1514,亞力            ,1133000,1120000,13000,0,0,0,0,0,0,0,0,0,0,0,0,0,13000
1473,台南            ,16000,3000,13000,0,0,0,0,0,0,0,0,0,0,0,0,0,13000
066987,旭富群益01購01  ,0,0,0,0,0,0,0,0,0,12000,0,0,0,12000,0,12000,12000
067431,新光金凱基01購01,0,0,0,0,0,0,0,0,0,12000,0,0,0,25000,13000,12000,12000
07472P,和碩元大9A售03  ,0,0,0,0,0,0,0,0,0,12000,0,0,0,12000,0,12000,12000
07172P,臺股指國票99售09,0,0,0,0,0,0,0,0,0,12000,0,0,0,12000,0,12000,12000
06777P,鴻海元大99售06  ,0,0,0,0,0,0,0,0,0,12000,0,0,0,130000,118000,12000,12000
058299,同欣電凱基9A購01,0,0,0,0,0,0,0,0,0,12000,0,0,0,271000,259000,12000,12000
059723,美律元大9A購02  ,0,0,0,0,0,0,0,0,0,12000,0,0,0,15000,3000,12000,12000
057501,超眾群益98購04  ,0,0,0,0,0,0,0,0,0,12000,0,0,0,22000,10000,12000,12000
057543,華通凱基99購02  ,0,0,0,0,0,0,0,0,0,12000,0,0,0,74000,62000,12000,12000
059705,華新科凱基9A購07,0,0,0,0,0,0,0,0,0,12000,0,0,0,18000,6000,12000,12000
058897,國巨元大99購17  ,0,0,0,0,0,0,0,0,0,12000,0,0,0,12000,0,12000,12000
056852,矽格元富98購01  ,0,0,0,0,0,0,0,0,0,12000,0,0,0,12000,0,12000,12000
059474,元石油群益99購01,0,0,0,0,0,0,0,0,0,12000,0,0,0,22000,10000,12000,12000
054156,聯電亞東98購01  ,0,0,0,0,0,0,0,0,0,12000,0,0,0,57000,45000,12000,12000
057166,國巨元大99購06  ,0,0,0,0,0,0,0,0,0,12000,0,0,0,90000,78000,12000,12000
054477,聯發科中信9C購02,0,0,0,0,0,0,0,0,0,12000,0,0,0,12000,0,12000,12000
060528,友達中信9C購01  ,0,0,0,0,0,0,0,0,0,12000,0,0,0,12000,0,12000,12000
062549,中租永豐9B購01  ,0,0,0,0,0,0,0,0,0,12000,0,0,0,12000,0,12000,12000
062886,中興電群益9B購01,0,0,0,0,0,0,0,0,0,12000,0,0,0,384000,372000,12000,12000
062410,台積電第一9B購02,0,0,0,0,0,0,0,0,0,12000,0,0,0,12000,0,12000,12000
061596,健策永豐9A購03  ,0,0,0,0,0,0,0,0,0,12000,0,0,0,43000,31000,12000,12000
059816,聯電凱基99購03  ,0,0,0,0,0,0,0,0,0,12000,0,0,0,12000,0,12000,12000
061735,上銀凱基9B購01  ,0,0,0,0,0,0,0,0,0,12000,0,0,0,12000,0,12000,12000
063576,台表科元大9B購08,0,0,0,0,0,0,0,0,0,12000,0,0,0,53000,41000,12000,12000
063609,南電凱基9B購05  ,0,0,0,0,0,0,0,0,0,12000,0,0,0,22000,10000,12000,12000
066078,南電凱基02購02  ,0,0,0,0,0,0,0,0,0,12000,0,0,0,29000,17000,12000,12000
065895,台勝科統一02購01,0,0,0,0,0,0,0,0,0,12000,0,0,0,110000,98000,12000,12000
066243,潤泰新富邦03購01,0,0,0,0,0,0,0,0,0,12000,0,0,0,27000,15000,12000,12000
065363,國巨元大01購04  ,0,0,0,0,0,0,0,0,0,12000,0,0,0,82000,70000,12000,12000
065133,SP黃豆凱基02購01,0,0,0,0,0,0,0,0,0,12000,0,0,0,172000,160000,12000,12000
064703,T50反1國泰01購01,0,0,0,0,0,0,0,0,0,12000,0,0,0,540000,528000,12000,12000
064611,亞德客元大9C購02,0,0,0,0,0,0,0,0,0,12000,0,0,0,44000,32000,12000,12000
064434,微星凱基02購01  ,0,0,0,0,0,0,0,0,0,12000,0,0,0,14000,2000,12000,12000
064220,力山國票01購01  ,0,0,0,0,0,0,0,0,0,12000,0,0,0,50000,38000,12000,12000
1457,宜進            ,34000,22000,12000,0,0,0,0,0,0,0,0,0,0,0,0,0,12000
08722P,臺股指元大01售03,0,0,0,0,0,0,0,0,0,12000,0,0,0,12000,0,12000,12000
4148,全宇生技-KY     ,23000,11000,12000,0,0,0,0,0,0,0,0,0,0,0,0,0,12000
3050,鈺德            ,31000,17000,14000,0,0,0,0,0,0,-2000,0,2000,-2000,0,0,0,12000
06984P,上銀富邦9B售01  ,0,0,0,0,0,0,0,0,0,11000,0,0,0,242000,231000,11000,11000
06873P,嘉晶元富98售02  ,0,0,0,0,0,0,0,0,0,11000,0,0,0,11000,0,11000,11000
07623P,大立光統一9B售05,0,0,0,0,0,0,0,0,0,11000,0,0,0,11000,0,11000,11000
07538P,玉晶光元富9A售05,0,0,0,0,0,0,0,0,0,11000,0,0,0,11000,0,11000,11000
08213P,台光電統一9B售03,0,0,0,0,0,0,0,0,0,11000,0,0,0,25000,14000,11000,11000
08382P,國巨群益01售02  ,0,0,0,0,0,0,0,0,0,11000,0,0,0,11000,0,11000,11000
067434,日月光凱基01購01,0,0,0,0,0,0,0,0,0,11000,0,0,0,11000,0,11000,11000
066583,上証2X群益03購01,0,0,0,0,0,0,0,0,0,11000,0,0,0,11000,0,11000,11000
066732,可成元大01購06  ,0,0,0,0,0,0,0,0,0,11000,0,0,0,16000,5000,11000,11000
054318,台虹凱基98購01  ,0,0,0,0,0,0,0,0,0,11000,0,0,0,11000,0,11000,11000
050014,國巨富邦98購01  ,0,0,0,0,0,0,0,0,0,11000,0,0,0,11000,0,11000,11000
051597,T50反1中信99購02,0,0,0,0,0,0,0,0,0,11000,0,0,0,11000,0,11000,11000
045053,聯發科元富98購01,0,0,0,0,0,0,0,0,0,11000,0,0,0,131000,120000,11000,11000
052847,漢唐統一99購01  ,0,0,0,0,0,0,0,0,0,11000,0,0,0,17000,6000,11000,11000
052888,台表科中信9A購01,0,0,0,0,0,0,0,0,0,11000,0,0,0,11000,0,11000,11000
053449,超眾凱基98購01  ,0,0,0,0,0,0,0,0,0,11000,0,0,0,15000,4000,11000,11000
059692,聯詠永豐99購01  ,0,0,0,0,0,0,0,0,0,11000,0,0,0,11000,0,11000,11000
055107,旺宏凱基98購04  ,0,0,0,0,0,0,0,0,0,11000,0,0,0,11000,0,11000,11000
058854,樺漢群益9B購01  ,0,0,0,0,0,0,0,0,0,11000,0,0,0,11000,0,11000,11000
059704,聯發科凱基9A購08,0,0,0,0,0,0,0,0,0,11000,0,0,0,11000,0,11000,11000
059054,國巨凱基99購11  ,0,0,0,0,0,0,0,0,0,11000,0,0,0,11000,0,11000,11000
059281,創意永豐99購02  ,0,0,0,0,0,0,0,0,0,11000,0,0,0,11000,0,11000,11000
057764,台表科凱基9A購01,0,0,0,0,0,0,0,0,0,11000,0,0,0,26000,15000,11000,11000
063462,金像電元大9C購01,0,0,0,0,0,0,0,0,0,11000,0,0,0,11000,0,11000,11000
060678,聯詠元大9A購03  ,0,0,0,0,0,0,0,0,0,11000,0,0,0,25000,14000,11000,11000
061607,台表科凱基9B購02,0,0,0,0,0,0,0,0,0,11000,0,0,0,11000,0,11000,11000
061453,台達電凱基9B購01,0,0,0,0,0,0,0,0,0,11000,0,0,0,11000,0,11000,11000
063368,遠東新永豐9B購01,0,0,0,0,0,0,0,0,0,11000,0,0,0,79000,68000,11000,11000
063128,智伸科元大9B購01,0,0,0,0,0,0,0,0,0,11000,0,0,0,11000,0,11000,11000
061017,國泰金麥證9A購01,0,0,0,11000,0,11000,0,0,0,11000,0,0,0,11000,0,11000,11000
064318,彩晶群益9C購01  ,0,0,0,0,0,0,0,0,0,11000,0,0,0,15000,4000,11000,11000
064475,台積電國泰02購03,0,0,0,0,0,0,0,0,0,11000,0,0,0,11000,0,11000,11000
064152,義隆統一02購02  ,0,0,0,0,0,0,0,0,0,11000,0,0,0,12000,1000,11000,11000
064064,義隆富邦03購01  ,0,0,0,0,0,0,0,0,0,11000,0,0,0,12000,1000,11000,11000
065317,上銀凱基9C購03  ,0,0,0,0,0,0,0,0,0,11000,0,0,0,31000,20000,11000,11000
065218,世芯國泰02購02  ,0,0,0,0,0,0,0,0,0,11000,0,0,0,25000,14000,11000,11000
065522,旭富群益9C購03  ,0,0,0,0,0,0,0,0,0,11000,0,0,0,155000,144000,11000,11000
065774,旭富國票01購01  ,0,0,0,0,0,0,0,0,0,11000,0,0,0,11000,0,11000,11000
065692,國巨群益9C購17  ,0,0,0,0,0,0,0,0,0,11000,0,0,0,28000,17000,11000,11000
066301,大成永豐01購01  ,0,0,0,0,0,0,0,0,0,11000,0,0,0,11000,0,11000,11000
066303,泰山永豐01購01  ,0,0,0,0,0,0,0,0,0,11000,0,0,0,127000,116000,11000,11000
066045,聯發科元大01購08,0,0,0,0,0,0,0,0,0,11000,0,0,0,27000,16000,11000,11000
066109,南電國票02購01  ,0,0,0,0,0,0,0,0,0,11000,0,0,0,20000,9000,11000,11000
065990,華擎永豐01購01  ,0,0,0,0,0,0,0,0,0,11000,0,0,0,17000,6000,11000,11000
4916,事欣科          ,16000,5000,11000,0,0,0,0,0,0,0,0,0,0,0,0,0,11000
06666P,台積電日盛9A售02,0,0,0,0,0,0,0,0,0,10000,0,0,0,10000,0,10000,10000
066498,康控國泰02購01  ,0,0,0,0,0,0,0,0,0,10000,0,0,0,10000,0,10000,10000
066842,卜蜂元大01購01  ,0,0,0,0,0,0,0,0,0,10000,0,0,0,10000,0,10000,10000
06746P,聯發科群益99售02,0,0,0,0,0,0,0,0,0,10000,0,0,0,10000,0,10000,10000
067392,欣興國泰03購01  ,0,0,0,0,0,0,0,0,0,10000,0,0,0,278000,268000,10000,10000
067661,大成元大01購01  ,0,0,0,0,0,0,0,0,0,10000,0,0,0,10000,0,10000,10000
067189,牧德凱基02購02  ,0,0,0,0,0,0,0,0,0,10000,0,0,0,10000,0,10000,10000
08455P,台積電凱基9C售05,0,0,0,0,0,0,0,0,0,10000,0,0,0,60000,50000,10000,10000
08351P,南六國票01售02  ,0,0,0,0,0,0,0,0,0,10000,0,0,0,10000,0,10000,10000
08571P,台積電兆豐9C售06,0,0,0,0,0,0,0,0,0,10000,0,0,0,20000,10000,10000,10000
08224P,臺股指凱基9B售19,0,0,0,0,0,0,0,0,0,10000,0,0,0,100000,90000,10000,10000
08119P,南亞科統一9C售03,0,0,0,0,0,0,0,0,0,10000,0,0,0,10000,0,10000,10000
08052P,臺股指國票9B售17,0,0,0,0,0,0,0,0,0,10000,0,0,0,10000,0,10000,10000
07568P,鴻海凱基9A售22  ,0,0,0,0,0,0,0,0,0,10000,0,0,0,20000,10000,10000,10000
07700P,臺股指元大9A售53,0,0,0,0,0,0,0,0,0,10000,0,0,0,10000,0,10000,10000
07366P,國巨康和99售02  ,0,0,0,0,0,0,0,0,0,10000,0,0,0,10000,0,10000,10000
07303P,臺股指元大9A售36,0,0,0,0,0,0,0,0,0,10000,0,0,0,10000,0,10000,10000
06869P,金融類元大99售01,0,0,0,0,0,0,0,0,0,10000,0,0,0,10000,0,10000,10000
06813P,友訊元富98售03  ,0,0,0,0,0,0,0,0,0,10000,0,0,0,10000,0,10000,10000
07148P,富邦金元大99售01,0,0,0,0,0,0,0,0,0,10000,0,0,0,20000,10000,10000,10000
07158P,FBVIX國泰9C售01 ,0,0,0,0,0,0,0,0,0,10000,0,0,0,10000,0,10000,10000
067788,致伸群益03購02  ,0,0,0,0,0,0,0,0,0,10000,0,0,0,10000,0,10000,10000
067755,大立光國泰03購03,0,0,0,0,0,0,0,0,0,10000,0,0,0,44000,34000,10000,10000
067912,上証2X永豐01購03,0,0,0,0,0,0,0,0,0,10000,0,0,0,10000,0,10000,10000
067877,T50反1群益01購07,0,0,0,0,0,0,0,0,0,10000,0,0,0,10000,0,10000,10000
057747,致新永豐98購01  ,0,0,0,0,0,0,0,0,0,10000,0,0,0,10000,0,10000,10000
059274,國巨元大99購22  ,0,0,0,0,0,0,0,0,0,10000,0,0,0,10000,0,10000,10000
059278,群創元大9A購04  ,0,0,0,0,0,0,0,0,0,10000,0,0,0,10000,0,10000,10000
057777,可成群益9A購03  ,0,0,0,0,0,0,0,0,0,10000,0,0,0,60000,50000,10000,10000
059168,奇力新凱基99購05,0,0,0,0,0,0,0,0,0,10000,0,0,0,10000,0,10000,10000
059159,上銀凱基99購05  ,0,0,0,0,0,0,0,0,0,10000,0,0,0,10000,0,10000,10000
059203,勤誠永豐99購02  ,0,0,0,0,0,0,0,0,0,10000,0,0,0,10000,0,10000,10000
059131,國巨群益99購07  ,0,0,0,0,0,0,0,0,0,10000,0,0,0,10000,0,10000,10000
059143,國巨國票9A購04  ,0,0,0,0,0,0,0,0,0,10000,0,0,0,36000,26000,10000,10000
059077,FBVIX元大99購05 ,0,0,0,0,0,0,0,0,0,10000,0,0,0,10000,0,10000,10000
059063,康控凱基99購04  ,0,0,0,0,0,0,0,0,0,10000,0,0,0,10000,0,10000,10000
058947,SGBR2X群益9B購02,0,0,0,0,0,0,0,0,0,10000,0,0,0,20000,10000,10000,10000
058942,南茂中信99購01  ,0,0,0,0,0,0,0,0,0,10000,0,0,0,10000,0,10000,10000
058937,仁寶中信99購01  ,0,0,0,0,0,0,0,0,0,10000,0,0,0,20000,10000,10000,10000
059700,鴻海凱基9A購16  ,0,0,0,0,0,0,0,0,0,10000,0,0,0,10000,0,10000,10000
057530,奇鋐元大99購01  ,0,0,0,0,0,0,0,0,0,10000,0,0,0,10000,0,10000,10000
057401,晶豪科群益99購01,0,0,0,0,0,0,0,0,0,10000,0,0,0,10000,0,10000,10000
057402,嘉晶群益98購02  ,0,0,0,0,0,0,0,0,0,10000,0,0,0,10000,0,10000,10000
057422,欣興凱基98購04  ,0,0,0,0,0,0,0,0,0,10000,0,0,0,10000,0,10000,10000
057862,智邦凱基99購01  ,0,0,0,0,0,0,0,0,0,10000,0,0,0,10000,0,10000,10000
057574,中磊永豐98購01  ,0,0,0,0,0,0,0,0,0,10000,0,0,0,10000,0,10000,10000
05793P,臺股指中信99售08,0,0,0,0,0,0,0,0,0,10000,0,0,0,10000,0,10000,10000
058663,瑞儀兆豐9A購01  ,0,0,0,0,0,0,0,0,0,10000,0,0,0,30000,20000,10000,10000
057364,國巨元大98購18  ,0,0,0,0,0,0,0,0,0,10000,0,0,0,11000,1000,10000,10000
057381,微星國泰9A購01  ,0,0,0,0,0,0,0,0,0,10000,0,0,0,10000,0,10000,10000
057323,智邦群益98購01  ,0,0,0,0,0,0,0,0,0,10000,0,0,0,10000,0,10000,10000
059308,T50反1元大99購07,0,0,0,0,0,0,0,0,0,10000,0,0,0,10000,0,10000,10000
059351,台虹凱基99購01  ,0,0,0,0,0,0,0,0,0,10000,0,0,0,10000,0,10000,10000
058654,鴻海中信03購01  ,0,0,0,0,0,0,0,0,0,10000,0,0,0,10000,0,10000,10000
058611,欣興元大99購06  ,0,0,0,0,0,0,0,0,0,10000,0,0,0,10000,0,10000,10000
058612,健策元大99購02  ,0,0,0,0,0,0,0,0,0,10000,0,0,0,13000,3000,10000,10000
058295,欣興凱基99購02  ,0,0,0,0,0,0,0,0,0,10000,0,0,0,10000,0,10000,10000
058376,貿聯凱基9A購01  ,0,0,0,0,0,0,0,0,0,10000,0,0,0,10000,0,10000,10000
058365,奇力新凱基9A購01,0,0,0,0,0,0,0,0,0,10000,0,0,0,80000,70000,10000,10000
058378,南電凱基99購01  ,0,0,0,0,0,0,0,0,0,10000,0,0,0,10000,0,10000,10000
058018,南亞科凱基99購03,0,0,0,0,0,0,0,0,0,10000,0,0,0,30000,20000,10000,10000
058204,世芯凱基9A購01  ,0,0,0,0,0,0,0,0,0,10000,0,0,0,30000,20000,10000,10000
061246,玉晶光群益9A購08,0,0,0,0,0,0,0,0,0,10000,0,0,0,10000,0,10000,10000
060425,凌華永豐9A購01  ,0,0,0,0,0,0,0,0,0,10000,0,0,0,10000,0,10000,10000
058778,聯發科國票9A購01,0,0,0,0,0,0,0,0,0,10000,0,0,0,10000,0,10000,10000
060415,葡萄王永豐9A購01,0,0,0,0,0,0,0,0,0,10000,0,0,0,10000,0,10000,10000
061187,瀚宇博國泰9C購01,0,0,0,0,0,0,0,0,0,10000,0,0,0,30000,20000,10000,10000
061194,聯鈞永豐9A購02  ,0,0,0,0,0,0,0,0,0,10000,0,0,0,10000,0,10000,10000
060460,鴻海元大9A購08  ,0,0,0,0,0,0,0,0,0,10000,0,0,0,10000,0,10000,10000
060501,鴻海元大9A購13  ,0,0,0,0,0,0,0,0,0,10000,0,0,0,10000,0,10000,10000
063253,巨大元大9B購03  ,0,0,0,0,0,0,0,0,0,10000,0,0,0,10000,0,10000,10000
055108,智邦凱基98購01  ,0,0,0,0,0,0,0,0,0,10000,0,0,0,10000,0,10000,10000
055137,GIS富邦98購01   ,0,0,0,0,0,0,0,0,0,10000,0,0,0,10000,0,10000,10000
055339,緯穎兆豐98購01  ,0,0,0,0,0,0,0,0,0,10000,0,0,0,10000,0,10000,10000
055406,大毅國泰99購01  ,0,0,0,0,0,0,0,0,0,10000,0,0,0,10000,0,10000,10000
055679,華通凱基99購01  ,0,0,0,0,0,0,0,0,0,10000,0,0,0,10000,0,10000,10000
055989,矽力元富9A購01  ,0,0,0,0,0,0,0,0,0,10000,0,0,0,20000,10000,10000,10000
056856,華通群益9A購01  ,0,0,0,0,0,0,0,0,0,10000,0,0,0,11000,1000,10000,10000
054871,明泰群益98購01  ,0,0,0,0,0,0,0,0,0,10000,0,0,0,10000,0,10000,10000
057230,建準凱基98購02  ,0,0,0,0,0,0,0,0,0,10000,0,0,0,10000,0,10000,10000
057226,上銀凱基98購06  ,0,0,0,0,0,0,0,0,0,10000,0,0,0,10000,0,10000,10000
056685,光罩統一98購03  ,0,0,0,0,0,0,0,0,0,10000,0,0,0,10000,0,10000,10000
059641,群創凱基99購06  ,0,0,0,0,0,0,0,0,0,10000,0,0,0,20000,10000,10000,10000
059530,華新科凱基9A購05,0,0,0,0,0,0,0,0,0,10000,0,0,0,17000,7000,10000,10000
059494,國巨國票9C購01  ,0,0,0,0,0,0,0,0,0,10000,0,0,0,11000,1000,10000,10000
059572,華新科凱基99購08,0,0,0,0,0,0,0,0,0,10000,0,0,0,10000,0,10000,10000
059594,奇力新元大9B購01,0,0,0,0,0,0,0,0,0,10000,0,0,0,10000,0,10000,10000
058576,南亞科群益99購01,0,0,0,0,0,0,0,0,0,10000,0,0,0,10000,0,10000,10000
058571,緯穎凱基9A購02  ,0,0,0,0,0,0,0,0,0,10000,0,0,0,10000,0,10000,10000
056305,群創元大9A購03  ,0,0,0,0,0,0,0,0,0,10000,0,0,0,10000,0,10000,10000
056442,瑞昱凱基98購02  ,0,0,0,0,0,0,0,0,0,10000,0,0,0,10000,0,10000,10000
056386,TPK國泰99購01   ,0,0,0,0,0,0,0,0,0,10000,0,0,0,79000,69000,10000,10000
056342,中工凱基98購01  ,0,0,0,0,0,0,0,0,0,10000,0,0,0,10000,0,10000,10000
057582,亞光中信9A購02  ,0,0,0,0,0,0,0,0,0,10000,0,0,0,30000,20000,10000,10000
056453,禾伸堂凱基99購02,0,0,0,0,0,0,0,0,0,10000,0,0,0,10000,0,10000,10000
053593,晶技元大98購01  ,0,0,0,0,0,0,0,0,0,10000,0,0,0,10000,0,10000,10000
053601,台表科元大98購01,0,0,0,0,0,0,0,0,0,10000,0,0,0,10000,0,10000,10000
020006,永昌中小300N    ,0,0,0,0,0,0,0,0,0,10000,0,0,0,20000,10000,10000,10000
053883,大立光中信98購02,0,0,0,0,0,0,0,0,0,10000,0,0,0,10000,0,10000,10000
054287,台積電元大97購11,0,0,0,0,0,0,0,0,0,10000,0,0,0,10000,0,10000,10000
035275,台積電台新97購01,0,0,0,0,0,0,0,0,0,10000,0,0,0,10000,0,10000,10000
03604P,群創凱基98售05  ,0,0,0,0,0,0,0,0,0,10000,0,0,0,10000,0,10000,10000
054367,鴻海中信98購03  ,0,0,0,0,0,0,0,0,0,10000,0,0,0,10000,0,10000,10000
051911,大立光元大98購02,0,0,0,0,0,0,0,0,0,10000,0,0,0,10000,0,10000,10000
056516,晶豪科兆豐98購01,0,0,0,0,0,0,0,0,0,10000,0,0,0,10000,0,10000,10000
057043,台積電元大99購02,0,0,0,0,0,0,0,0,0,10000,0,0,0,20000,10000,10000,10000
056636,台積電日盛9A購01,0,0,0,0,0,0,0,0,0,10000,0,0,0,10000,0,10000,10000
056675,聯發科元富02購01,0,0,0,0,0,0,0,0,0,10000,0,0,0,10000,0,10000,10000
056676,國產元富98購01  ,0,0,0,0,0,0,0,0,0,10000,0,0,0,30000,20000,10000,10000
056597,宏碁元富98購01  ,0,0,0,0,0,0,0,0,0,10000,0,0,0,10000,0,10000,10000
056552,台表科凱基99購01,0,0,0,0,0,0,0,0,0,10000,0,0,0,10000,0,10000,10000
056589,康控統一98購01  ,0,0,0,0,0,0,0,0,0,10000,0,0,0,10000,0,10000,10000
056937,智原元富98購01  ,0,0,0,0,0,0,0,0,0,10000,0,0,0,20000,10000,10000,10000
061070,超眾凱基9C購01  ,0,0,0,0,0,0,0,0,0,10000,0,0,0,10000,0,10000,10000
061039,台表科永豐9A購03,0,0,0,0,0,0,0,0,0,10000,0,0,0,10000,0,10000,10000
060544,國巨凱基9B購03  ,0,0,0,0,0,0,0,0,0,10000,0,0,0,10000,0,10000,10000
061179,華擎凱基9A購01  ,0,0,0,0,0,0,0,0,0,10000,0,0,0,10000,0,10000,10000
061151,友訊群益9A購01  ,0,0,0,0,0,0,0,0,0,10000,0,0,0,10000,0,10000,10000
060542,上銀凱基9A購04  ,0,0,0,0,0,0,0,0,0,10000,0,0,0,10000,0,10000,10000
060590,台積電台新9C購02,0,0,0,0,0,0,0,0,0,10000,0,0,0,10000,0,10000,10000
060947,台積電統一9C購03,0,0,0,0,0,0,0,0,0,10000,0,0,0,10000,0,10000,10000
060943,宏達電國票9B購02,0,0,0,0,0,0,0,0,0,10000,0,0,0,10000,0,10000,10000
060884,超眾中信9B購01  ,0,0,0,0,0,0,0,0,0,10000,0,0,0,10000,0,10000,10000
060887,台積電統一01購01,0,0,0,0,0,0,0,0,0,10000,0,0,0,10000,0,10000,10000
060752,上銀元大9A購04  ,0,0,0,0,0,0,0,0,0,10000,0,0,0,10000,0,10000,10000
062968,仁寶元富9B購01  ,0,0,0,0,0,0,0,0,0,10000,0,0,0,10000,0,10000,10000
062535,台積電麥證02購01,0,0,0,10000,0,10000,0,0,0,10000,0,0,0,10000,0,10000,10000
062542,南電國泰9C購01  ,0,0,0,0,0,0,0,0,0,10000,0,0,0,10000,0,10000,10000
062513,玉晶光國票9C購01,0,0,0,0,0,0,0,0,0,10000,0,0,0,21000,11000,10000,10000
062903,燿華元大9B購04  ,0,0,0,0,0,0,0,0,0,10000,0,0,0,10000,0,10000,10000
062867,東元中信9B購01  ,0,0,0,0,0,0,0,0,0,10000,0,0,0,10000,0,10000,10000
062876,全新兆豐9B購01  ,0,0,0,0,0,0,0,0,0,10000,0,0,0,10000,0,10000,10000
062758,國巨凱基9B購09  ,0,0,0,0,0,0,0,0,0,10000,0,0,0,10000,0,10000,10000
063063,泰鼎元富9B購01  ,0,0,0,0,0,0,0,0,0,10000,0,0,0,10000,0,10000,10000
062136,南亞科群益9B購01,0,0,0,0,0,0,0,0,0,10000,0,0,0,10000,0,10000,10000
062246,力山元大9B購02  ,0,0,0,0,0,0,0,0,0,10000,0,0,0,10000,0,10000,10000
062172,南六永豐9B購01  ,0,0,0,0,0,0,0,0,0,10000,0,0,0,10000,0,10000,10000
061351,智伸科元大9A購01,0,0,0,0,0,0,0,0,0,10000,0,0,0,10000,0,10000,10000
061324,華新科凱基9C購01,0,0,0,0,0,0,0,0,0,10000,0,0,0,10000,0,10000,10000
061331,T50反1元大9A購15,0,0,0,0,0,0,0,0,0,10000,0,0,0,10000,0,10000,10000
062696,國巨元大9B購16  ,0,0,0,0,0,0,0,0,0,10000,0,0,0,10000,0,10000,10000
062675,台積電台新9B購06,0,0,0,0,0,0,0,0,0,10000,0,0,0,10000,0,10000,10000
062681,全新統一01購01  ,0,0,0,0,0,0,0,0,0,10000,0,0,0,10000,0,10000,10000
062671,國泰金中信03購01,0,0,0,0,0,0,0,0,0,10000,0,0,0,10000,0,10000,10000
062645,國巨國泰9B購08  ,0,0,0,0,0,0,0,0,0,10000,0,0,0,25000,15000,10000,10000
061988,大立光元大9B購04,0,0,0,0,0,0,0,0,0,10000,0,0,0,10000,0,10000,10000
061973,上銀元大9B購01  ,0,0,0,0,0,0,0,0,0,10000,0,0,0,10000,0,10000,10000
061975,華通元大9B購01  ,0,0,0,0,0,0,0,0,0,10000,0,0,0,11000,1000,10000,10000
061468,神達群益9A購01  ,0,0,0,0,0,0,0,0,0,10000,0,0,0,20000,10000,10000,10000
061490,茂林兆豐9B購01  ,0,0,0,0,0,0,0,0,0,10000,0,0,0,10000,0,10000,10000
061481,嘉澤元大9A購03  ,0,0,0,0,0,0,0,0,0,10000,0,0,0,13000,3000,10000,10000
063186,聯發科凱基9C購04,0,0,0,0,0,0,0,0,0,10000,0,0,0,20000,10000,10000,10000
060618,玉晶光元大9A購02,0,0,0,0,0,0,0,0,0,10000,0,0,0,12000,2000,10000,10000
063170,智邦第一9B購01  ,0,0,0,0,0,0,0,0,0,10000,0,0,0,10000,0,10000,10000
061653,上証2X國票9A購02,0,0,0,0,0,0,0,0,0,10000,0,0,0,10000,0,10000,10000
061630,FBVIX元大9A購02 ,0,0,0,0,0,0,0,0,0,10000,0,0,0,10000,0,10000,10000
061678,玉晶光元大9B購04,0,0,0,0,0,0,0,0,0,10000,0,0,0,10000,0,10000,10000
061566,華通元大9A購10  ,0,0,0,0,0,0,0,0,0,10000,0,0,0,12000,2000,10000,10000
061549,泰碩群益9A購01  ,0,0,0,0,0,0,0,0,0,10000,0,0,0,10000,0,10000,10000
061534,聯發科統一9C購04,0,0,0,0,0,0,0,0,0,10000,0,0,0,10000,0,10000,10000
061842,牧德凱基9C購01  ,0,0,0,0,0,0,0,0,0,10000,0,0,0,10000,0,10000,10000
059826,欣興凱基99購06  ,0,0,0,0,0,0,0,0,0,10000,0,0,0,10000,0,10000,10000
059875,信邦凱基99購02  ,0,0,0,0,0,0,0,0,0,10000,0,0,0,10000,0,10000,10000
059913,台積電元大99購44,0,0,0,0,0,0,0,0,0,10000,0,0,0,10000,0,10000,10000
060048,元金2X凱基99購03,0,0,0,0,0,0,0,0,0,10000,0,0,0,10000,0,10000,10000
059990,健策元大9A購01  ,0,0,0,0,0,0,0,0,0,10000,0,0,0,14000,4000,10000,10000
060671,亞德客元大9A購03,0,0,0,0,0,0,0,0,0,10000,0,0,0,181000,171000,10000,10000
060408,和潤國泰9C購01  ,0,0,0,0,0,0,0,0,0,10000,0,0,0,10000,0,10000,10000
063459,華通元大9B購08  ,0,0,0,0,0,0,0,0,0,10000,0,0,0,10000,0,10000,10000
063473,茂林元大9B購05  ,0,0,0,0,0,0,0,0,0,10000,0,0,0,110000,100000,10000,10000
063429,南電凱基01購01  ,0,0,0,0,0,0,0,0,0,10000,0,0,0,11000,1000,10000,10000
063430,台積電台新9B購07,0,0,0,0,0,0,0,0,0,10000,0,0,0,10000,0,10000,10000
060389,世紀鋼凱基9B購02,0,0,0,0,0,0,0,0,0,10000,0,0,0,10000,0,10000,10000
060350,元黃金元富9B購01,0,0,0,0,0,0,0,0,0,10000,0,0,0,10000,0,10000,10000
060287,燿華元大9A購01  ,0,0,0,0,0,0,0,0,0,10000,0,0,0,10000,0,10000,10000
06380P,臺股指統一98售02,0,0,0,0,0,0,0,0,0,10000,0,0,0,10000,0,10000,10000
063538,神達統一9C購01  ,0,0,0,0,0,0,0,0,0,10000,0,0,0,10000,0,10000,10000
063679,群創國泰01購01  ,0,0,0,0,0,0,0,0,0,10000,0,0,0,10000,0,10000,10000
065986,金像電永豐01購03,0,0,0,0,0,0,0,0,0,10000,0,0,0,10000,0,10000,10000
065897,凌華統一03購01  ,0,0,0,0,0,0,0,0,0,10000,0,0,0,10000,0,10000,10000
065875,創意群益9C購05  ,0,0,0,0,0,0,0,0,0,10000,0,0,0,10000,0,10000,10000
065853,智伸科元大9C購02,0,0,0,0,0,0,0,0,0,10000,0,0,0,20000,10000,10000,10000
065856,中租元大9C購03  ,0,0,0,0,0,0,0,0,0,10000,0,0,0,67000,57000,10000,10000
066300,潤泰新元大01購02,0,0,0,0,0,0,0,0,0,10000,0,0,0,15000,5000,10000,10000
066387,FBVIX凱基03購03 ,0,0,0,0,0,0,0,0,0,10000,0,0,0,10000,0,10000,10000
066405,晶碩凱基01購01  ,0,0,0,0,0,0,0,0,0,10000,0,0,0,10000,0,10000,10000
066136,景碩群益01購02  ,0,0,0,0,0,0,0,0,0,10000,0,0,0,23000,13000,10000,10000
066169,晶豪科凱基01購01,0,0,0,0,0,0,0,0,0,10000,0,0,0,30000,20000,10000,10000
065694,國巨群益9C購19  ,0,0,0,0,0,0,0,0,0,10000,0,0,0,11000,1000,10000,10000
065684,超眾統一03購01  ,0,0,0,0,0,0,0,0,0,10000,0,0,0,10000,0,10000,10000
06569P,可成永豐98售01  ,0,0,0,0,0,0,0,0,0,10000,0,0,0,10000,0,10000,10000
065556,旭富凱基9C購02  ,0,0,0,0,0,0,0,0,0,10000,0,0,0,11000,1000,10000,10000
065619,金融類元大9C購02,0,0,0,0,0,0,0,0,0,10000,0,0,0,10000,0,10000,10000
065250,同欣電麥證9C購01,0,0,0,10000,0,10000,0,0,0,10000,0,0,0,10000,0,10000,10000
065324,聯發科凱基9C購10,0,0,0,0,0,0,0,0,0,10000,0,0,0,10000,0,10000,10000
065327,台表科凱基9C購02,0,0,0,0,0,0,0,0,0,10000,0,0,0,10000,0,10000,10000
065396,微星群益01購01  ,0,0,0,0,0,0,0,0,0,10000,0,0,0,10000,0,10000,10000
064084,群創中信06購02  ,0,0,0,0,0,0,0,0,0,10000,0,0,0,20000,10000,10000,10000
064101,可成群益01購01  ,0,0,0,0,0,0,0,0,0,10000,0,0,0,12000,2000,10000,10000
064127,聯發科元大9C購06,0,0,0,0,0,0,0,0,0,10000,0,0,0,32000,22000,10000,10000
064166,和潤統一02購01  ,0,0,0,0,0,0,0,0,0,10000,0,0,0,10000,0,10000,10000
063991,南六永豐9C購02  ,0,0,0,0,0,0,0,0,0,10000,0,0,0,10000,0,10000,10000
063888,TPK中信01購01   ,0,0,0,0,0,0,0,0,0,10000,0,0,0,10000,0,10000,10000
063908,國巨凱基9C購06  ,0,0,0,0,0,0,0,0,0,10000,0,0,0,10000,0,10000,10000
064452,微星統一01購02  ,0,0,0,0,0,0,0,0,0,10000,0,0,0,10000,0,10000,10000
064502,大立光元大9C購19,0,0,0,0,0,0,0,0,0,10000,0,0,0,10000,0,10000,10000
064436,聯發科凱基03購02,0,0,0,0,0,0,0,0,0,10000,0,0,0,10000,0,10000,10000
064431,台積電凱基01購05,0,0,0,0,0,0,0,0,0,10000,0,0,0,10000,0,10000,10000
064411,台表科凱基02購01,0,0,0,0,0,0,0,0,0,10000,0,0,0,11000,1000,10000,10000
064394,全新永豐9C購02  ,0,0,0,0,0,0,0,0,0,10000,0,0,0,10000,0,10000,10000
064363,聯發科統一9C購14,0,0,0,0,0,0,0,0,0,10000,0,0,0,10000,0,10000,10000
064684,巨大兆豐9C購01  ,0,0,0,0,0,0,0,0,0,10000,0,0,0,10000,0,10000,10000
064754,漢唐凱基02購01  ,0,0,0,0,0,0,0,0,0,10000,0,0,0,13000,3000,10000,10000
064794,牧德國票01購01  ,0,0,0,0,0,0,0,0,0,10000,0,0,0,10000,0,10000,10000
065112,台表科國票02購01,0,0,0,0,0,0,0,0,0,10000,0,0,0,10000,0,10000,10000
065145,貿聯凱基9C購02  ,0,0,0,0,0,0,0,0,0,10000,0,0,0,10000,0,10000,10000
065061,聯發科群益9C購08,0,0,0,0,0,0,0,0,0,10000,0,0,0,10000,0,10000,10000
065047,群創凱基9C購01  ,0,0,0,0,0,0,0,0,0,10000,0,0,0,13000,3000,10000,10000
065043,新光金凱基02購01,0,0,0,0,0,0,0,0,0,10000,0,0,0,10000,0,10000,10000
08724P,臺股指元大01售05,0,0,0,0,0,0,0,0,0,10000,0,0,0,25000,15000,10000,10000
08918P,臺股指凱基01售09,0,0,0,0,0,0,0,0,0,10000,0,0,0,10000,0,10000,10000
08901P,台表科群益01售02,0,0,0,0,0,0,0,0,0,10000,0,0,0,10000,0,10000,10000
067775,GIS統一02購04   ,0,0,0,0,0,0,0,0,0,9000,0,0,0,1015000,1006000,9000,9000
07963P,智邦統一9B售01  ,0,0,0,0,0,0,0,0,0,9000,0,0,0,10000,1000,9000,9000
08445P,臺股指麥證9C售03,0,0,0,9000,0,9000,0,0,0,9000,0,0,0,9000,0,9000,9000
066654,上証2X凱基03購02,0,0,0,0,0,0,0,0,0,9000,0,0,0,70000,61000,9000,9000
052434,茂林國泰97購01  ,0,0,0,0,0,0,0,0,0,9000,0,0,0,9000,0,9000,9000
049200,元黃金群益98購01,0,0,0,0,0,0,0,0,0,9000,0,0,0,9000,0,9000,9000
055570,華通統一98購03  ,0,0,0,0,0,0,0,0,0,9000,0,0,0,9000,0,9000,9000
063772,智邦富邦9B購02  ,0,0,0,0,0,0,0,0,0,9000,0,0,0,109000,100000,9000,9000
059966,台積電凱基99購19,0,0,0,0,0,0,0,0,0,9000,0,0,0,9000,0,9000,9000
062071,華通元大9B購02  ,0,0,0,0,0,0,0,0,0,9000,0,0,0,22000,13000,9000,9000
061506,瑞祺國票9A購02  ,0,0,0,0,0,0,0,0,0,9000,0,0,0,9000,0,9000,9000
061965,台積電統一02購02,0,0,0,0,0,0,0,0,0,9000,0,0,0,10000,1000,9000,9000
061303,玉晶光永豐9B購03,0,0,0,0,0,0,0,0,0,9000,0,0,0,10000,1000,9000,9000
062209,台積電台新9B購05,0,0,0,0,0,0,0,0,0,9000,0,0,0,10000,1000,9000,9000
062280,大立光群益9C購01,0,0,0,0,0,0,0,0,0,9000,0,0,0,9000,0,9000,9000
062802,宏達電統一9B購01,0,0,0,0,0,0,0,0,0,9000,0,0,0,9000,0,9000,9000
062874,微星兆豐9B購01  ,0,0,0,0,0,0,0,0,0,9000,0,0,0,9000,0,9000,9000
060811,亞德客凱基9A購02,0,0,0,0,0,0,0,0,0,9000,0,0,0,84000,75000,9000,9000
060861,漢唐永豐9A購01  ,0,0,0,0,0,0,0,0,0,9000,0,0,0,9000,0,9000,9000
060836,上銀國票9A購03  ,0,0,0,0,0,0,0,0,0,9000,0,0,0,9000,0,9000,9000
060583,南亞科元富9A購05,0,0,0,0,0,0,0,0,0,9000,0,0,0,23000,14000,9000,9000
061095,台積電台新9B購03,0,0,0,0,0,0,0,0,0,9000,0,0,0,10000,1000,9000,9000
064510,GIS元大01購01   ,0,0,0,0,0,0,0,0,0,9000,0,0,0,43000,34000,9000,9000
063899,同欣電群益9C購01,0,0,0,0,0,0,0,0,0,9000,0,0,0,13000,4000,9000,9000
065632,正崴國票01購01  ,0,0,0,0,0,0,0,0,0,9000,0,0,0,9000,0,9000,9000
065790,創意永豐9C購02  ,0,0,0,0,0,0,0,0,0,9000,0,0,0,49000,40000,9000,9000
066195,臺股指凱基03購04,0,0,0,0,0,0,0,0,0,9000,0,0,0,20000,11000,9000,9000
066223,拓凱國泰03購01  ,0,0,0,0,0,0,0,0,0,9000,0,0,0,53000,44000,9000,9000
066320,順德永豐01購01  ,0,0,0,0,0,0,0,0,0,9000,0,0,0,21000,12000,9000,9000
08844P,滬深2X元大03售03,0,0,0,0,0,0,0,0,0,9000,0,0,0,10000,1000,9000,9000
6108,競國            ,53000,42000,11000,0,0,0,0,0,0,-2000,0,2000,-2000,0,0,0,9000
8131,福懋科          ,50000,53000,-3000,0,0,0,0,0,0,12000,17000,3000,14000,0,2000,-2000,9000
2845,遠東銀          ,331000,311000,20000,0,0,0,1000,8000,-7000,-4000,0,4000,-4000,0,0,0,9000
6415,矽力-KY         ,218000,172019,45981,0,0,0,0,33000,-33000,-4000,0,2000,-2000,0,2000,-2000,8981
066715,台灣50元大01購23,0,0,0,0,0,0,0,0,0,8000,0,0,0,8000,0,8000,8000
067221,台表科元大01購02,0,0,0,0,0,0,0,0,0,8000,0,0,0,191000,183000,8000,8000
067325,巨大元大01購05  ,0,0,0,0,0,0,0,0,0,8000,0,0,0,8000,0,8000,8000
08363P,南亞科凱基01售01,0,0,0,0,0,0,0,0,0,8000,0,0,0,48000,40000,8000,8000
07861P,台灣50中信03售08,0,0,0,0,0,0,0,0,0,8000,0,0,0,8000,0,8000,8000
08282P,南六群益9C售01  ,0,0,0,0,0,0,0,0,0,8000,0,0,0,8000,0,8000,8000
055623,貿聯國泰99購01  ,0,0,0,0,0,0,0,0,0,8000,0,0,0,118000,110000,8000,8000
056855,祥碩中信98購02  ,0,0,0,0,0,0,0,0,0,8000,0,0,0,8000,0,8000,8000
058587,台積電中信9C購03,0,0,0,0,0,0,0,0,0,8000,0,0,0,18000,10000,8000,8000
051843,聯發科富邦99購01,0,0,0,0,0,0,0,0,0,8000,0,0,0,8000,0,8000,8000
054072,台積電富邦98購02,0,0,0,0,0,0,0,0,0,8000,0,0,0,8000,0,8000,8000
01003T,兆豐新光R1      ,12000,4000,8000,0,0,0,0,0,0,0,0,0,0,0,0,0,8000
063241,聯發科元大9B購18,0,0,0,0,0,0,0,0,0,8000,0,0,0,8000,0,8000,8000
061258,華通凱基9A購06  ,0,0,0,0,0,0,0,0,0,8000,0,0,0,50000,42000,8000,8000
058259,訊連國泰9B購01  ,0,0,0,0,0,0,0,0,0,8000,0,0,0,251000,243000,8000,8000
057963,緯穎元大98購08  ,0,0,0,0,0,0,0,0,0,8000,0,0,0,95000,87000,8000,8000
057999,智邦亞東99購02  ,0,0,0,0,0,0,0,0,0,8000,0,0,0,8000,0,8000,8000
058454,嘉晶永豐99購01  ,0,0,0,0,0,0,0,0,0,8000,0,0,0,8000,0,8000,8000
058472,亞德客凱基9A購01,0,0,0,0,0,0,0,0,0,8000,0,0,0,311000,303000,8000,8000
057923,晶豪科凱基98購02,0,0,0,0,0,0,0,0,0,8000,0,0,0,485000,477000,8000,8000
058820,致茂國泰9B購01  ,0,0,0,0,0,0,0,0,0,8000,0,0,0,8000,0,8000,8000
058939,台積電中信9B購01,0,0,0,0,0,0,0,0,0,8000,0,0,0,21000,13000,8000,8000
061101,道瓊銀元大9A購02,0,0,0,0,0,0,0,0,0,8000,0,0,0,28000,20000,8000,8000
060602,京元電凱基9A購01,0,0,0,0,0,0,0,0,0,8000,0,0,0,20000,12000,8000,8000
060841,宏達電國票9B購01,0,0,0,0,0,0,0,0,0,8000,0,0,0,13000,5000,8000,8000
060871,台灣50中信01購03,0,0,0,0,0,0,0,0,0,8000,0,0,0,8000,0,8000,8000
060877,華邦電中信02購01,0,0,0,0,0,0,0,0,0,8000,0,0,0,18000,10000,8000,8000
060898,世芯凱基9A購03  ,0,0,0,0,0,0,0,0,0,8000,0,0,0,48000,40000,8000,8000
062891,台汽電群益9B購01,0,0,0,0,0,0,0,0,0,8000,0,0,0,38000,30000,8000,8000
062764,世芯凱基9B購02  ,0,0,0,0,0,0,0,0,0,8000,0,0,0,8000,0,8000,8000
063096,勤誠國票9B購02  ,0,0,0,0,0,0,0,0,0,8000,0,0,0,9000,1000,8000,8000
062231,台光電麥證9C購01,0,0,0,8000,0,8000,0,0,0,8000,0,0,0,8000,0,8000,8000
063068,聯發科國泰01購03,0,0,0,0,0,0,0,0,0,8000,0,0,0,8000,0,8000,8000
061292,玉晶光統一01購06,0,0,0,0,0,0,0,0,0,8000,0,0,0,8000,0,8000,8000
061972,華新元大9B購01  ,0,0,0,0,0,0,0,0,0,8000,0,0,0,117000,109000,8000,8000
062604,東元凱基9B購01  ,0,0,0,0,0,0,0,0,0,8000,0,0,0,12000,4000,8000,8000
062697,國巨元大9C購01  ,0,0,0,0,0,0,0,0,0,8000,0,0,0,8000,0,8000,8000
06136P,華新科國泰99售02,0,0,0,0,0,0,0,0,0,8000,0,0,0,8000,0,8000,8000
065928,創意國票02購01  ,0,0,0,0,0,0,0,0,0,8000,0,0,0,14000,6000,8000,8000
065982,T50反1國泰02購01,0,0,0,0,0,0,0,0,0,8000,0,0,0,24000,16000,8000,8000
065693,國巨群益9C購18  ,0,0,0,0,0,0,0,0,0,8000,0,0,0,31000,23000,8000,8000
065647,健鼎元大9C購05  ,0,0,0,0,0,0,0,0,0,8000,0,0,0,167000,159000,8000,8000
065372,漢唐元大9C購02  ,0,0,0,0,0,0,0,0,0,8000,0,0,0,8000,0,8000,8000
065330,億豐凱基9C購03  ,0,0,0,0,0,0,0,0,0,8000,0,0,0,48000,40000,8000,8000
065243,聯發科兆豐01購03,0,0,0,0,0,0,0,0,0,8000,0,0,0,8000,0,8000,8000
065219,緯穎國泰01購01  ,0,0,0,0,0,0,0,0,0,8000,0,0,0,629000,621000,8000,8000
063946,聯發科元大9C購04,0,0,0,0,0,0,0,0,0,8000,0,0,0,10000,2000,8000,8000
064030,泰碩元大01購01  ,0,0,0,0,0,0,0,0,0,8000,0,0,0,19000,11000,8000,8000
064385,台積電富邦03購02,0,0,0,0,0,0,0,0,0,8000,0,0,0,8000,0,8000,8000
064327,金寶元大01購01  ,0,0,0,0,0,0,0,0,0,8000,0,0,0,8000,0,8000,8000
064219,滬深2X國票03購01,0,0,0,0,0,0,0,0,0,8000,0,0,0,8000,0,8000,8000
064911,光寶科統一02購01,0,0,0,0,0,0,0,0,0,8000,0,0,0,14000,6000,8000,8000
064782,健策群益9C購02  ,0,0,0,0,0,0,0,0,0,8000,0,0,0,25000,17000,8000,8000
064759,景碩凱基9C購01  ,0,0,0,0,0,0,0,0,0,8000,0,0,0,75000,67000,8000,8000
064639,聚陽凱基02購01  ,0,0,0,0,0,0,0,0,0,8000,0,0,0,9000,1000,8000,8000
5546,永固-KY         ,2000,4000,-2000,0,0,0,0,0,0,10000,10000,0,10000,0,0,0,8000
2881B,富邦金乙特      ,0,0,0,0,0,0,0,0,0,8000,14000,6000,8000,0,0,0,8000
08705P,臺股指群益01售02,0,0,0,0,0,0,0,0,0,8000,0,0,0,8000,0,8000,8000
8926,台汽電          ,138733,124000,14733,0,0,0,0,0,0,-7000,0,1000,-1000,0,6000,-6000,7733
067728,南亞科台新01購01,0,0,0,0,0,0,0,0,0,7000,0,0,0,20000,13000,7000,7000
067238,大立光群益02購03,0,0,0,0,0,0,0,0,0,7000,0,0,0,57000,50000,7000,7000
066623,國巨凱基04購01  ,0,0,0,0,0,0,0,0,0,7000,0,0,0,20000,13000,7000,7000
058972,新日興永豐9A購01,0,0,0,0,0,0,0,0,0,7000,0,0,0,10000,3000,7000,7000
057848,台表科永豐98購02,0,0,0,0,0,0,0,0,0,7000,0,0,0,38000,31000,7000,7000
057352,大立光統一9A購02,0,0,0,0,0,0,0,0,0,7000,0,0,0,7000,0,7000,7000
059733,緯穎元大99購08  ,0,0,0,0,0,0,0,0,0,7000,0,0,0,7000,0,7000,7000
057937,神達群益98購02  ,0,0,0,0,0,0,0,0,0,7000,0,0,0,7000,0,7000,7000
058257,聯陽國泰9B購01  ,0,0,0,0,0,0,0,0,0,7000,0,0,0,7000,0,7000,7000
058127,FBVIX元大9C購01 ,0,0,0,0,0,0,0,0,0,7000,0,0,0,7000,0,7000,7000
063227,祥碩群益9B購06  ,0,0,0,0,0,0,0,0,0,7000,0,0,0,7000,0,7000,7000
03039X,元展36          ,0,0,0,0,0,0,0,0,0,7000,0,0,0,7000,0,7000,7000
054514,道瓊銀元大98購01,0,0,0,0,0,0,0,0,0,7000,0,0,0,57000,50000,7000,7000
054679,台積電康和99購01,0,0,0,0,0,0,0,0,0,7000,0,0,0,10000,3000,7000,7000
054872,瀚宇博群益98購01,0,0,0,0,0,0,0,0,0,7000,0,0,0,7000,0,7000,7000
061507,南電國票9A購05  ,0,0,0,0,0,0,0,0,0,7000,0,0,0,24000,17000,7000,7000
059825,嘉晶凱基99購02  ,0,0,0,0,0,0,0,0,0,7000,0,0,0,71000,64000,7000,7000
061819,茂林群益9B購01  ,0,0,0,0,0,0,0,0,0,7000,0,0,0,175000,168000,7000,7000
063721,道瓊銀元大9B購03,0,0,0,0,0,0,0,0,0,7000,0,0,0,12000,5000,7000,7000
063686,國巨永豐9B購04  ,0,0,0,0,0,0,0,0,0,7000,0,0,0,7000,0,7000,7000
063648,台表科元大9C購05,0,0,0,0,0,0,0,0,0,7000,0,0,0,87000,80000,7000,7000
063536,美食統一01購01  ,0,0,0,0,0,0,0,0,0,7000,0,0,0,139000,132000,7000,7000
063506,嘉晶群益9B購01  ,0,0,0,0,0,0,0,0,0,7000,0,0,0,222000,215000,7000,7000
062687,華擎統一01購02  ,0,0,0,0,0,0,0,0,0,7000,0,0,0,7000,0,7000,7000
062663,聯發科群益9B購07,0,0,0,0,0,0,0,0,0,7000,0,0,0,10000,3000,7000,7000
061270,彩晶凱基9A購02  ,0,0,0,0,0,0,0,0,0,7000,0,0,0,179000,172000,7000,7000
062777,鴻海元大9C購03  ,0,0,0,0,0,0,0,0,0,7000,0,0,0,20000,13000,7000,7000
062719,微星凱基9B購01  ,0,0,0,0,0,0,0,0,0,7000,0,0,0,20000,13000,7000,7000
062919,聯茂元大9B購01  ,0,0,0,0,0,0,0,0,0,7000,0,0,0,106000,99000,7000,7000
060977,亞德客元大9A購04,0,0,0,0,0,0,0,0,0,7000,0,0,0,7000,0,7000,7000
061159,同欣電群益9A購01,0,0,0,0,0,0,0,0,0,7000,0,0,0,7000,0,7000,7000
064637,元金2X凱基01購02,0,0,0,0,0,0,0,0,0,7000,0,0,0,7000,0,7000,7000
064340,大立光元大9C購17,0,0,0,0,0,0,0,0,0,7000,0,0,0,7000,0,7000,7000
065287,華新科群益01購03,0,0,0,0,0,0,0,0,0,7000,0,0,0,108000,101000,7000,7000
065355,聯發科元富03購05,0,0,0,0,0,0,0,0,0,7000,0,0,0,106000,99000,7000,7000
065562,同欣電麥證9C購04,0,0,0,10000,3000,7000,0,0,0,7000,0,0,0,10000,3000,7000,7000
065805,京鼎群益01購01  ,0,0,0,0,0,0,0,0,0,7000,0,0,0,7000,0,7000,7000
066194,美利達凱基01購01,0,0,0,0,0,0,0,0,0,7000,0,0,0,17000,10000,7000,7000
6525,捷敏-KY         ,21000,12000,9000,0,0,0,0,0,0,-2000,0,2000,-2000,0,0,0,7000
4566,時碩工業        ,16000,9000,7000,0,0,0,0,0,0,0,0,0,0,0,0,0,7000
2485,兆赫            ,245000,239000,6000,0,0,0,0,0,0,1000,24000,23000,1000,0,0,0,7000
066636,健策凱基01購02  ,0,0,0,0,0,0,0,0,0,6000,0,0,0,6000,0,6000,6000
06653P,美食元大98售02  ,0,0,0,0,0,0,0,0,0,6000,0,0,0,6000,0,6000,6000
067268,日月光永豐01購01,0,0,0,0,0,0,0,0,0,6000,0,0,0,74000,68000,6000,6000
067688,南六元大01購06  ,0,0,0,0,0,0,0,0,0,6000,0,0,0,9000,3000,6000,6000
07216P,大立光凱基99售08,0,0,0,0,0,0,0,0,0,6000,0,0,0,59000,53000,6000,6000
07639P,緯穎國票9A售01  ,0,0,0,0,0,0,0,0,0,6000,0,0,0,6000,0,6000,6000
08220P,華邦電凱基9B售02,0,0,0,0,0,0,0,0,0,6000,0,0,0,6000,0,6000,6000
056749,滬深2X兆豐99購01,0,0,0,0,0,0,0,0,0,6000,0,0,0,6000,0,6000,6000
059684,台灣50永豐99購09,0,0,0,0,0,0,0,0,0,6000,0,0,0,6000,0,6000,6000
057613,瑞昱元富02購02  ,0,0,0,0,0,0,0,0,0,6000,0,0,0,7000,1000,6000,6000
057619,玉晶光凱基98購02,0,0,0,0,0,0,0,0,0,6000,0,0,0,9000,3000,6000,6000
056264,聯發科統一98購02,0,0,0,0,0,0,0,0,0,6000,0,0,0,6000,0,6000,6000
048070,聯發科元富99購03,0,0,0,0,0,0,0,0,0,6000,0,0,0,9000,3000,6000,6000
056578,智易元大99購02  ,0,0,0,0,0,0,0,0,0,6000,0,0,0,106000,100000,6000,6000
052689,玉晶光元大98購03,0,0,0,0,0,0,0,0,0,6000,0,0,0,6000,0,6000,6000
00733,富邦臺灣中小    ,0,0,0,0,0,0,0,0,0,6000,0,0,0,221000,215000,6000,6000
0055,元大MSCI金融    ,0,0,0,0,0,0,0,0,0,6000,0,0,0,9000,3000,6000,6000
063237,微星元大9B購02  ,0,0,0,0,0,0,0,0,0,6000,0,0,0,6000,0,6000,6000
063261,康控富邦03購01  ,0,0,0,0,0,0,0,0,0,6000,0,0,0,6000,0,6000,6000
061205,旺宏元大9A購11  ,0,0,0,0,0,0,0,0,0,6000,0,0,0,100000,94000,6000,6000
058011,台虹國票99購01  ,0,0,0,0,0,0,0,0,0,6000,0,0,0,6000,0,6000,6000
058429,欣興元富99購01  ,0,0,0,0,0,0,0,0,0,6000,0,0,0,6000,0,6000,6000
058614,台郡元大9A購01  ,0,0,0,0,0,0,0,0,0,6000,0,0,0,6000,0,6000,6000
058632,世紀鋼國票9A購01,0,0,0,0,0,0,0,0,0,6000,0,0,0,8000,2000,6000,6000
059073,元油2X元大9C購14,0,0,0,0,0,0,0,0,0,6000,0,0,0,6000,0,6000,6000
058822,樺漢國泰9B購01  ,0,0,0,0,0,0,0,0,0,6000,0,0,0,6000,0,6000,6000
058875,台表科國票9A購02,0,0,0,0,0,0,0,0,0,6000,0,0,0,6000,0,6000,6000
059145,創意國票99購02  ,0,0,0,0,0,0,0,0,0,6000,0,0,0,7000,1000,6000,6000
061037,嘉澤永豐9A購01  ,0,0,0,0,0,0,0,0,0,6000,0,0,0,6000,0,6000,6000
060761,南亞科元大9A購05,0,0,0,0,0,0,0,0,0,6000,0,0,0,6000,0,6000,6000
063380,台表科永豐9B購03,0,0,0,0,0,0,0,0,0,6000,0,0,0,148000,142000,6000,6000
062212,臻鼎台新9B購01  ,0,0,0,0,0,0,0,0,0,6000,0,0,0,56000,50000,6000,6000
063537,華擎統一9C購03  ,0,0,0,0,0,0,0,0,0,6000,0,0,0,6000,0,6000,6000
063683,大成鋼永豐9B購01,0,0,0,0,0,0,0,0,0,6000,0,0,0,31000,25000,6000,6000
060339,國巨統一01購01  ,0,0,0,0,0,0,0,0,0,6000,0,0,0,6000,0,6000,6000
06037P,超眾國票98售02  ,0,0,0,0,0,0,0,0,0,6000,0,0,0,13000,7000,6000,6000
060695,同欣電麥證9A購01,0,0,0,59000,53000,6000,0,0,0,6000,0,0,0,59000,53000,6000,6000
061832,聯發科凱基9B購06,0,0,0,0,0,0,0,0,0,6000,0,0,0,6000,0,6000,6000
061776,晶技國票9B購01  ,0,0,0,0,0,0,0,0,0,6000,0,0,0,22000,16000,6000,6000
060015,國巨康和99購03  ,0,0,0,0,0,0,0,0,0,6000,0,0,0,40000,34000,6000,6000
061649,緯穎元大9A購06  ,0,0,0,0,0,0,0,0,0,6000,0,0,0,6000,0,6000,6000
061435,元金2X凱基9C購03,0,0,0,0,0,0,0,0,0,6000,0,0,0,6000,0,6000,6000
066253,泰豐元大01購01  ,0,0,0,0,0,0,0,0,0,6000,0,0,0,448000,442000,6000,6000
065934,智邦群益01購02  ,0,0,0,0,0,0,0,0,0,6000,0,0,0,15000,9000,6000,6000
065890,台積電統一03購01,0,0,0,0,0,0,0,0,0,6000,0,0,0,95000,89000,6000,6000
065827,正崴凱基9C購01  ,0,0,0,0,0,0,0,0,0,6000,0,0,0,16000,10000,6000,6000
065758,嘉澤元大9C購03  ,0,0,0,0,0,0,0,0,0,6000,0,0,0,13000,7000,6000,6000
065744,華新元大9C購01  ,0,0,0,0,0,0,0,0,0,6000,0,0,0,41000,35000,6000,6000
06535P,可成群益99售02  ,0,0,0,0,0,0,0,0,0,6000,0,0,0,15000,9000,6000,6000
065417,嘉晶國票01購02  ,0,0,0,0,0,0,0,0,0,6000,0,0,0,104000,98000,6000,6000
065230,義隆凱基02購01  ,0,0,0,0,0,0,0,0,0,6000,0,0,0,146000,140000,6000,6000
064459,創意統一02購01  ,0,0,0,0,0,0,0,0,0,6000,0,0,0,40000,34000,6000,6000
063958,瑞祺元大9C購01  ,0,0,0,0,0,0,0,0,0,6000,0,0,0,11000,5000,6000,6000
064559,旺宏群益01購02  ,0,0,0,0,0,0,0,0,0,6000,0,0,0,16000,10000,6000,6000
064734,大立光元富9C購05,0,0,0,0,0,0,0,0,0,6000,0,0,0,25000,19000,6000,6000
064717,台積電統一01購08,0,0,0,0,0,0,0,0,0,6000,0,0,0,6000,0,6000,6000
064952,國泰金凱基9C購01,0,0,0,0,0,0,0,0,0,6000,0,0,0,6000,0,6000,6000
4119,旭富            ,167000,120000,47000,0,0,0,0,0,0,-41000,0,1000,-1000,21000,61000,-40000,6000
8940,新天地          ,29000,23000,6000,0,0,0,0,0,0,0,0,0,0,0,0,0,6000
08877P,臺股指中信04售03,0,0,0,0,0,0,0,0,0,6000,0,0,0,9000,3000,6000,6000
08969P,臺股指元大01售12,0,0,0,0,0,0,0,0,0,6000,0,0,0,8000,2000,6000,6000
2359,所羅門          ,77000,69000,8000,0,0,0,0,0,0,-2000,0,2000,-2000,0,0,0,6000
08207P,金像電群益9B售05,0,0,0,0,0,0,0,0,0,5000,0,0,0,70000,65000,5000,5000
08065P,瑞昱凱基9B售03  ,0,0,0,0,0,0,0,0,0,5000,0,0,0,5000,0,5000,5000
07785P,鴻海中信04售03  ,0,0,0,0,0,0,0,0,0,5000,0,0,0,5000,0,5000,5000
07758P,台積電國票9A售06,0,0,0,0,0,0,0,0,0,5000,0,0,0,15000,10000,5000,5000
07964P,大立光統一9B售12,0,0,0,0,0,0,0,0,0,5000,0,0,0,71000,66000,5000,5000
07939P,台積電統一9B售14,0,0,0,0,0,0,0,0,0,5000,0,0,0,5000,0,5000,5000
08406P,緯穎元大9C售01  ,0,0,0,0,0,0,0,0,0,5000,0,0,0,5000,0,5000,5000
08649P,聯發科元大9C售21,0,0,0,0,0,0,0,0,0,5000,0,0,0,5000,0,5000,5000
08512P,玉晶光永豐9C售06,0,0,0,0,0,0,0,0,0,5000,0,0,0,25000,20000,5000,5000
06835P,台灣50國票9A售01,0,0,0,0,0,0,0,0,0,5000,0,0,0,5000,0,5000,5000
067044,華碩凱基02購01  ,0,0,0,0,0,0,0,0,0,5000,0,0,0,55000,50000,5000,5000
067598,台積電凱基01購13,0,0,0,0,0,0,0,0,0,5000,0,0,0,25000,20000,5000,5000
066507,和碩富邦03購01  ,0,0,0,0,0,0,0,0,0,5000,0,0,0,40000,35000,5000,5000
066490,創意元富07購01  ,0,0,0,0,0,0,0,0,0,5000,0,0,0,13000,8000,5000,5000
066447,智伸科群益01購02,0,0,0,0,0,0,0,0,0,5000,0,0,0,5000,0,5000,5000
066717,上証2X元大01購01,0,0,0,0,0,0,0,0,0,5000,0,0,0,6000,1000,5000,5000
066759,盟立永豐01購03  ,0,0,0,0,0,0,0,0,0,5000,0,0,0,10000,5000,5000,5000
066927,亞德客國票02購01,20000,0,20000,0,0,0,0,0,0,-15000,0,0,0,235000,250000,-15000,5000
057789,上銀統一9A購01  ,0,0,0,0,0,0,0,0,0,5000,0,0,0,57000,52000,5000,5000
058806,道瓊銀統一9B購01,0,0,0,0,0,0,0,0,0,5000,0,0,0,15000,10000,5000,5000
057493,聯詠元大98購02  ,0,0,0,0,0,0,0,0,0,5000,0,0,0,8000,3000,5000,5000
058322,玉晶光永豐99購02,0,0,0,0,0,0,0,0,0,5000,0,0,0,5000,0,5000,5000
058704,台積電元大99購17,0,0,0,0,0,0,0,0,0,5000,0,0,0,6000,1000,5000,5000
058721,立積元富9C購01  ,0,0,0,0,0,0,0,0,0,5000,0,0,0,5000,0,5000,5000
057973,神達富邦9A購01  ,0,0,0,0,0,0,0,0,0,5000,0,0,0,5000,0,5000,5000
058045,鴻海元大99購08  ,0,0,0,0,0,0,0,0,0,5000,0,0,0,5000,0,5000,5000
058157,華通台新99購01  ,0,0,0,0,0,0,0,0,0,5000,0,0,0,5000,0,5000,5000
063279,國巨元大9C購05  ,0,0,0,0,0,0,0,0,0,5000,0,0,0,25000,20000,5000,5000
03430B,臺股指元大9B熊01,0,0,0,0,0,0,0,0,0,5000,0,0,0,5000,0,5000,5000
052766,玉晶光群益9A購01,0,0,0,0,0,0,0,0,0,5000,0,0,0,5000,0,5000,5000
056610,鴻海永豐98購01  ,0,0,0,0,0,0,0,0,0,5000,0,0,0,5000,0,5000,5000
056898,全新元大98購02  ,0,0,0,0,0,0,0,0,0,5000,0,0,0,5000,0,5000,5000
057059,易華電元大99購01,0,0,0,0,0,0,0,0,0,5000,0,0,0,5000,0,5000,5000
057062,立積國泰99購01  ,0,0,0,0,0,0,0,0,0,5000,0,0,0,5000,0,5000,5000
054425,聯發科富邦99購03,0,0,0,0,0,0,0,0,0,5000,0,0,0,5000,0,5000,5000
052536,聯茂國泰97購01  ,0,0,0,0,0,0,0,0,0,5000,0,0,0,5000,0,5000,5000
056390,台積電富邦9B購01,0,0,0,0,0,0,0,0,0,5000,0,0,0,10000,5000,5000,5000
057674,台郡元大99購03  ,0,0,0,0,0,0,0,0,0,5000,0,0,0,5000,0,5000,5000
057681,T50反1日盛9C購01,0,0,0,0,0,0,0,0,0,5000,0,0,0,5000,0,5000,5000
057617,國巨凱基99購06  ,0,0,0,0,0,0,0,0,0,5000,0,0,0,5000,0,5000,5000
059673,玉山金元富99購01,0,0,0,0,0,0,0,0,0,5000,0,0,0,5000,0,5000,5000
056762,亞德客元大98購01,0,0,0,0,0,0,0,0,0,5000,0,0,0,5000,0,5000,5000
057312,美律麥證98購01  ,0,0,0,10000,5000,5000,0,0,0,5000,0,0,0,10000,5000,5000,5000
054959,禾伸堂元大98購01,0,0,0,0,0,0,0,0,0,5000,0,0,0,56000,51000,5000,5000
055541,聚陽凱基98購01  ,0,0,0,0,0,0,0,0,0,5000,0,0,0,10000,5000,5000,5000
055725,嘉聯益元大98購03,0,0,0,0,0,0,0,0,0,5000,0,0,0,5000,0,5000,5000
055521,S&P反1群益01購01,0,0,0,0,0,0,0,0,0,5000,0,0,0,20000,15000,5000,5000
055272,國巨元大98購04  ,0,0,0,0,0,0,0,0,0,5000,0,0,0,5000,0,5000,5000
055119,力成凱基98購01  ,0,0,0,0,0,0,0,0,0,5000,0,0,0,5000,0,5000,5000
061447,鴻海中信04購02  ,0,0,0,0,0,0,0,0,0,5000,0,0,0,24000,19000,5000,5000
061431,鈺齊元大9A購01  ,0,0,0,0,0,0,0,0,0,5000,0,0,0,25000,20000,5000,5000
063174,臺股指中信01購04,0,0,0,0,0,0,0,0,0,5000,0,0,0,45000,40000,5000,5000
063157,鴻海台新9B購02  ,0,0,0,0,0,0,0,0,0,5000,0,0,0,5000,0,5000,5000
060624,玉晶光元大9C購02,0,0,0,0,0,0,0,0,0,5000,0,0,0,5000,0,5000,5000
061457,TPK凱基9A購01   ,0,0,0,0,0,0,0,0,0,5000,0,0,0,21000,16000,5000,5000
06152P,玉晶光元大98售06,0,0,0,0,0,0,0,0,0,5000,0,0,0,5000,0,5000,5000
062087,瑞祺元大9B購02  ,0,0,0,0,0,0,0,0,0,5000,0,0,0,15000,10000,5000,5000
061806,元黃金統一9B購01,0,0,0,0,0,0,0,0,0,5000,0,0,0,5000,0,5000,5000
061847,力山國票9B購01  ,0,0,0,0,0,0,0,0,0,5000,0,0,0,7000,2000,5000,5000
060708,康友富邦9B購01  ,0,0,0,0,0,0,0,0,0,5000,0,0,0,75000,70000,5000,5000
063437,聚陽統一01購01  ,0,0,0,0,0,0,0,0,0,5000,0,0,0,7000,2000,5000,5000
060190,國泰金元富9A購01,0,0,0,0,0,0,0,0,0,5000,0,0,0,5000,0,5000,5000
063393,華通群益9C購05  ,0,0,0,0,0,0,0,0,0,5000,0,0,0,20000,15000,5000,5000
063394,金像電群益9B購01,0,0,0,0,0,0,0,0,0,5000,0,0,0,5000,0,5000,5000
063619,聯發科兆豐01購01,0,0,0,0,0,0,0,0,0,5000,0,0,0,61000,56000,5000,5000
063064,台表科元富9B購01,0,0,0,0,0,0,0,0,0,5000,0,0,0,5000,0,5000,5000
062418,台積電統一01購06,0,0,0,0,0,0,0,0,0,5000,0,0,0,5000,0,5000,5000
061334,華通元大9A購09  ,0,0,0,0,0,0,0,0,0,5000,0,0,0,10000,5000,5000,5000
062468,台積電凱基9B購06,0,0,0,0,0,0,0,0,0,5000,0,0,0,5000,0,5000,5000
062682,全新統一9B購01  ,0,0,0,0,0,0,0,0,0,5000,0,0,0,5000,0,5000,5000
060845,欣興國票9A購01  ,0,0,0,0,0,0,0,0,0,5000,0,0,0,5000,0,5000,5000
060942,智邦國票9A購02  ,0,0,0,0,0,0,0,0,0,5000,0,0,0,25000,20000,5000,5000
060932,南六永豐9A購02  ,0,0,0,0,0,0,0,0,0,5000,0,0,0,5000,0,5000,5000
061025,創意富邦9B購01  ,0,0,0,0,0,0,0,0,0,5000,0,0,0,15000,10000,5000,5000
062859,玉晶光國票01購02,0,0,0,0,0,0,0,0,0,5000,0,0,0,5000,0,5000,5000
062831,嘉澤群益9B購01  ,0,0,0,0,0,0,0,0,0,5000,0,0,0,5000,0,5000,5000
063144,超眾統一9C購02  ,0,0,0,0,0,0,0,0,0,5000,0,0,0,5000,0,5000,5000
062525,鴻海統一9C購10  ,0,0,0,0,0,0,0,0,0,5000,0,0,0,160000,155000,5000,5000
065113,南電國票01購02  ,0,0,0,0,0,0,0,0,0,5000,0,0,0,15000,10000,5000,5000
065097,貿聯元大9C購04  ,0,0,0,0,0,0,0,0,0,5000,0,0,0,10000,5000,5000,5000
064347,貿聯元大9C購03  ,0,0,0,0,0,0,0,0,0,5000,0,0,0,20000,15000,5000,5000
064276,聯發科元大9C購07,0,0,0,0,0,0,0,0,0,5000,0,0,0,5000,0,5000,5000
065244,聯發科兆豐9C購05,0,0,0,0,0,0,0,0,0,5000,0,0,0,5000,0,5000,5000
065813,華擎統一03購01  ,0,0,0,0,0,0,0,0,0,5000,0,0,0,5000,0,5000,5000
065589,景碩永豐9C購02  ,0,0,0,0,0,0,0,0,0,5000,0,0,0,69000,64000,5000,5000
065904,群創富邦02購01  ,0,0,0,0,0,0,0,0,0,5000,0,0,0,178000,173000,5000,5000
065924,東元國票02購01  ,0,0,0,0,0,0,0,0,0,5000,0,0,0,5000,0,5000,5000
066068,台積電凱基02購06,0,0,0,0,0,0,0,0,0,5000,0,0,0,5000,0,5000,5000
066245,道瓊反元大02購01,0,0,0,0,0,0,0,0,0,5000,0,0,0,15000,10000,5000,5000
066257,台積電元大01購09,0,0,0,0,0,0,0,0,0,5000,0,0,0,5000,0,5000,5000
1532,勤美            ,32000,27000,5000,0,0,0,0,0,0,0,0,0,0,0,0,0,5000
1603,華電            ,12000,5000,7000,0,0,0,0,0,0,-2000,0,2000,-2000,0,0,0,5000
1817,凱撒衛          ,6000,1000,5000,0,0,0,0,0,0,0,0,0,0,0,0,0,5000
1108,幸福            ,39000,34000,5000,0,0,0,0,0,0,0,0,0,0,0,0,0,5000
1210,大成            ,301000,182000,119000,0,0,0,0,0,0,-114000,0,115000,-115000,1000,0,1000,5000
1220,台榮            ,7000,2000,5000,0,0,0,0,0,0,0,0,0,0,0,0,0,5000
08829P,滬深2X群益01售07,0,0,0,0,0,0,0,0,0,5000,0,0,0,5000,0,5000,5000
08774P,華擎凱基01售02  ,0,0,0,0,0,0,0,0,0,5000,0,0,0,45000,40000,5000,5000
08771P,滬深2X凱基01售02,0,0,0,0,0,0,0,0,0,5000,0,0,0,30000,25000,5000,5000
6442,光聖            ,0,0,0,0,0,0,0,0,0,5000,5000,0,5000,0,0,0,5000
6152,百一            ,20000,15000,5000,0,0,0,0,0,0,0,0,0,0,0,0,0,5000
2468,華經            ,17000,1000,16000,0,0,0,0,0,0,-11000,0,11000,-11000,0,0,0,5000
3501,維熹            ,11000,6000,5000,0,0,0,0,0,0,0,0,0,0,0,0,0,5000
066890,聯詠中信07購01  ,0,0,0,0,0,0,0,0,0,4000,0,0,0,5000,1000,4000,4000
066687,國巨元富07購05  ,0,0,0,0,0,0,0,0,0,4000,0,0,0,18000,14000,4000,4000
066429,矽格元大01購01  ,0,0,0,0,0,0,0,0,0,4000,0,0,0,314000,310000,4000,4000
066466,晶碩統一02購01  ,0,0,0,0,0,0,0,0,0,4000,0,0,0,4000,0,4000,4000
067649,台積電元富07購05,0,0,0,0,0,0,0,0,0,4000,0,0,0,4000,0,4000,4000
067705,遠東新元富01購01,0,0,0,0,0,0,0,0,0,4000,0,0,0,64000,60000,4000,4000
067751,臺股指元大01購15,0,0,0,0,0,0,0,0,0,4000,0,0,0,4000,0,4000,4000
08635P,大成鋼國票01售01,0,0,0,0,0,0,0,0,0,4000,0,0,0,33000,29000,4000,4000
08458P,南電元大9C售04  ,0,0,0,0,0,0,0,0,0,4000,0,0,0,4000,0,4000,4000
08329P,台達電統一9C售02,0,0,0,0,0,0,0,0,0,4000,0,0,0,65000,61000,4000,4000
07800P,華新科國泰9B售04,0,0,0,0,0,0,0,0,0,4000,0,0,0,16000,12000,4000,4000
07871P,台積電群益9C售02,0,0,0,0,0,0,0,0,0,4000,0,0,0,50000,46000,4000,4000
08261P,玉晶光元大9C售08,0,0,0,0,0,0,0,0,0,4000,0,0,0,24000,20000,4000,4000
055034,建準富邦99購01  ,0,0,0,0,0,0,0,0,0,4000,0,0,0,136000,132000,4000,4000
054556,世芯凱基99購01  ,0,0,0,0,0,0,0,0,0,4000,0,0,0,4000,0,4000,4000
057292,國巨國泰9B購01  ,0,0,0,0,0,0,0,0,0,4000,0,0,0,14000,10000,4000,4000
059391,立積凱基9A購01  ,0,0,0,0,0,0,0,0,0,4000,0,0,0,5000,1000,4000,4000
057595,健鼎兆豐98購01  ,0,0,0,0,0,0,0,0,0,4000,0,0,0,10000,6000,4000,4000
058490,元黃金群益9B購01,0,0,0,0,0,0,0,0,0,4000,0,0,0,4000,0,4000,4000
056355,台積電元大98購08,0,0,0,0,0,0,0,0,0,4000,0,0,0,4000,0,4000,4000
054435,華新科台新97購02,0,0,0,0,0,0,0,0,0,4000,0,0,0,4000,0,4000,4000
054542,台表科國票98購01,0,0,0,0,0,0,0,0,0,4000,0,0,0,4000,0,4000,4000
056599,臻鼎元富98購01  ,0,0,0,0,0,0,0,0,0,4000,0,0,0,4000,0,4000,4000
056645,大立光凱基98購12,0,0,0,0,0,0,0,0,0,4000,0,0,0,4000,0,4000,4000
053297,鎧勝中信98購01  ,0,0,0,0,0,0,0,0,0,4000,0,0,0,14000,10000,4000,4000
053152,大立光元大99購01,0,0,0,0,0,0,0,0,0,4000,0,0,0,4000,0,4000,4000
053565,台光電富邦98購01,0,0,0,0,0,0,0,0,0,4000,0,0,0,5000,1000,4000,4000
054204,元金2X國票9B購02,0,0,0,0,0,0,0,0,0,4000,0,0,0,4000,0,4000,4000
058227,台灣50元大9C購01,0,0,0,0,0,0,0,0,0,4000,0,0,0,33000,29000,4000,4000
058036,南電永豐98購01  ,0,0,0,0,0,0,0,0,0,4000,0,0,0,10000,6000,4000,4000
057438,禾伸堂國票99購01,0,0,0,0,0,0,0,0,0,4000,0,0,0,25000,21000,4000,4000
058884,世紀鋼永豐99購02,0,0,0,0,0,0,0,0,0,4000,0,0,0,82000,78000,4000,4000
059068,台虹國票9A購01  ,0,0,0,0,0,0,0,0,0,4000,0,0,0,158000,154000,4000,4000
059057,聯發科凱基99購10,0,0,0,0,0,0,0,0,0,4000,0,0,0,4000,0,4000,4000
062512,美食國票9B購01  ,0,0,0,0,0,0,0,0,0,4000,0,0,0,4000,0,4000,4000
062796,技嘉統一9C購01  ,0,0,0,0,0,0,0,0,0,4000,0,0,0,4000,0,4000,4000
062858,微星國票9B購01  ,0,0,0,0,0,0,0,0,0,4000,0,0,0,4000,0,4000,4000
060929,健策永豐9A購01  ,0,0,0,0,0,0,0,0,0,4000,0,0,0,12000,8000,4000,4000
062603,台化凱基9B購01  ,0,0,0,0,0,0,0,0,0,4000,0,0,0,180000,176000,4000,4000
061275,臺股指凱基9A購25,0,0,0,0,0,0,0,0,0,4000,0,0,0,15000,11000,4000,4000
063036,聯發科凱基9B購11,0,0,0,0,0,0,0,0,0,4000,0,0,0,4000,0,4000,4000
063073,瑞昱永豐9B購01  ,0,0,0,0,0,0,0,0,0,4000,0,0,0,72000,68000,4000,4000
063371,南亞科永豐9B購01,0,0,0,0,0,0,0,0,0,4000,0,0,0,9000,5000,4000,4000
060209,喬山康和9A購01  ,0,0,0,0,0,0,0,0,0,4000,0,0,0,14000,10000,4000,4000
060247,牧德元大9A購02  ,0,0,0,0,0,0,0,0,0,4000,0,0,0,20000,16000,4000,4000
061698,智邦國票9A購04  ,0,0,0,0,0,0,0,0,0,4000,0,0,0,4000,0,4000,4000
059984,華新科元大99購21,0,0,0,0,0,0,0,0,0,4000,0,0,0,89000,85000,4000,4000
061580,華擎元大9A購06  ,0,0,0,0,0,0,0,0,0,4000,0,0,0,14000,10000,4000,4000
061606,景碩凱基9A購02  ,0,0,0,0,0,0,0,0,0,4000,0,0,0,36000,32000,4000,4000
061406,華通國票9A購06  ,0,0,0,0,0,0,0,0,0,4000,0,0,0,20000,16000,4000,4000
066393,華碩凱基01購01  ,0,0,0,0,0,0,0,0,0,4000,0,0,0,65000,61000,4000,4000
066049,奇鋐元大02購01  ,0,0,0,0,0,0,0,0,0,4000,0,0,0,8000,4000,4000,4000
065797,臺指反群益9C購02,0,0,0,0,0,0,0,0,0,4000,0,0,0,4000,0,4000,4000
065462,聯發科中信03購02,0,0,0,0,0,0,0,0,0,4000,0,0,0,4000,0,4000,4000
064491,金像電元大9C購03,0,0,0,0,0,0,0,0,0,4000,0,0,0,17000,13000,4000,4000
063933,TPK統一01購01   ,0,0,0,0,0,0,0,0,0,4000,0,0,0,4000,0,4000,4000
065158,和碩群益9C購01  ,0,0,0,0,0,0,0,0,0,4000,0,0,0,10000,6000,4000,4000
065070,臺股指群益9C購18,0,0,0,0,0,0,0,0,0,4000,0,0,0,5000,1000,4000,4000
064929,台表科統一02購03,0,0,0,0,0,0,0,0,0,4000,0,0,0,4000,0,4000,4000
064801,鴻海元大9C購13  ,0,0,0,0,0,0,0,0,0,4000,0,0,0,70000,66000,4000,4000
06459P,亞德客元富98售01,0,0,0,0,0,0,0,0,0,4000,0,0,0,4000,0,4000,4000
064603,和碩元富9C購01  ,0,0,0,0,0,0,0,0,0,4000,0,0,0,107000,103000,4000,4000
08785P,滬深2X元富01售04,0,0,0,0,0,0,0,0,0,4000,0,0,0,13000,9000,4000,4000
08806P,技嘉元富07售02  ,0,0,0,0,0,0,0,0,0,4000,0,0,0,5000,1000,4000,4000
08868P,欣興凱基02售03  ,0,0,0,0,0,0,0,0,0,4000,0,0,0,4000,0,4000,4000
1506,正道            ,38000,34000,4000,0,0,0,0,0,0,0,0,0,0,0,0,0,4000
00668K,國泰美國道瓊+U  ,0,0,0,0,0,0,0,0,0,3400,0,0,0,3400,0,3400,3400
08575P,長榮航凱基9C售02,0,0,0,0,0,0,0,0,0,3000,0,0,0,20000,17000,3000,3000
067919,玉晶光永豐01購03,0,0,0,0,0,0,0,0,0,3000,0,0,0,4000,1000,3000,3000
07048P,台積電中信03售01,0,0,0,0,0,0,0,0,0,3000,0,0,0,118000,115000,3000,3000
07556P,玉晶光元大9A售08,0,0,0,0,0,0,0,0,0,3000,0,0,0,3000,0,3000,3000
07484P,台灣50凱基04售02,0,0,0,0,0,0,0,0,0,3000,0,0,0,3000,0,3000,3000
067129,神隆永豐01購01  ,0,0,0,0,0,0,0,0,0,3000,0,0,0,13000,10000,3000,3000
066820,南茂兆豐03購01  ,0,0,0,0,0,0,0,0,0,3000,0,0,0,33000,30000,3000,3000
053770,元金2X元大98購01,0,0,0,0,0,0,0,0,0,3000,0,0,0,3000,0,3000,3000
053797,台積電中信98購01,0,0,0,0,0,0,0,0,0,3000,0,0,0,4000,1000,3000,3000
056866,矽創群益98購03  ,0,0,0,0,0,0,0,0,0,3000,0,0,0,3000,0,3000,3000
052437,聯發科富邦99購02,0,0,0,0,0,0,0,0,0,3000,0,0,0,3000,0,3000,3000
050142,聯發科元富9A購01,0,0,0,0,0,0,0,0,0,3000,0,0,0,3000,0,3000,3000
052328,台表科中信99購01,0,0,0,0,0,0,0,0,0,3000,0,0,0,15000,12000,3000,3000
049759,元黃金富邦9A購01,0,0,0,0,0,0,0,0,0,3000,0,0,0,3000,0,3000,3000
03680C,臺股指凱基9A牛26,0,0,0,0,0,0,0,0,0,3000,0,0,0,7000,4000,3000,3000
056295,國巨元大97購16  ,0,0,0,0,0,0,0,0,0,3000,0,0,0,3000,0,3000,3000
056810,群創統一9A購01  ,0,0,0,0,0,0,0,0,0,3000,0,0,0,50000,47000,3000,3000
056096,超眾元富9A購01  ,0,0,0,0,0,0,0,0,0,3000,0,0,0,3000,0,3000,3000
059276,可成元大99購06  ,0,0,0,0,0,0,0,0,0,3000,0,0,0,4000,1000,3000,3000
059251,大立光凱基9A購04,0,0,0,0,0,0,0,0,0,3000,0,0,0,3000,0,3000,3000
057468,台郡永豐98購01  ,0,0,0,0,0,0,0,0,0,3000,0,0,0,89000,86000,3000,3000
058175,旺宏凱基99購03  ,0,0,0,0,0,0,0,0,0,3000,0,0,0,3000,0,3000,3000
058743,可成康和99購01  ,0,0,0,0,0,0,0,0,0,3000,0,0,0,3000,0,3000,3000
058473,上銀凱基9A購03  ,0,0,0,0,0,0,0,0,0,3000,0,0,0,3000,0,3000,3000
058330,鴻海元富99購01  ,0,0,0,0,0,0,0,0,0,3000,0,0,0,3000,0,3000,3000
058401,華航元大9A購01  ,0,0,0,0,0,0,0,0,0,3000,0,0,0,3000,0,3000,3000
061397,上銀台新9A購01  ,0,0,0,0,0,0,0,0,0,3000,0,0,0,3000,0,3000,3000
063217,元金2X群益9B購03,0,0,0,0,0,0,0,0,0,3000,0,0,0,3000,0,3000,3000
061545,華新科群益9A購09,0,0,0,0,0,0,0,0,0,3000,0,0,0,37000,34000,3000,3000
062053,華通統一9C購02  ,0,0,0,0,0,0,0,0,0,3000,0,0,0,3000,0,3000,3000
059876,智易凱基99購02  ,0,0,0,0,0,0,0,0,0,3000,0,0,0,3000,0,3000,3000
059911,國巨元大99購27  ,0,0,0,0,0,0,0,0,0,3000,0,0,0,100000,97000,3000,3000
060219,聯發科凱基9A購09,0,0,0,0,0,0,0,0,0,3000,0,0,0,3000,0,3000,3000
060329,鎧勝群益9B購01  ,0,0,0,0,0,0,0,0,0,3000,0,0,0,3000,0,3000,3000
060637,玉晶光永豐9A購03,0,0,0,0,0,0,0,0,0,3000,0,0,0,22000,19000,3000,3000
063693,智易永豐9B購02  ,0,0,0,0,0,0,0,0,0,3000,0,0,0,64000,61000,3000,3000
063578,瑞祺元大9B購03  ,0,0,0,0,0,0,0,0,0,3000,0,0,0,8000,5000,3000,3000
063042,同欣電凱基9C購01,0,0,0,0,0,0,0,0,0,3000,0,0,0,53000,50000,3000,3000
062130,T50反1群益9B購01,0,0,0,0,0,0,0,0,0,3000,0,0,0,3000,0,3000,3000
062146,大毅國票9B購01  ,0,0,0,0,0,0,0,0,0,3000,0,0,0,9000,6000,3000,3000
062165,聯茂國泰01購01  ,0,0,0,0,0,0,0,0,0,3000,0,0,0,3000,0,3000,3000
062181,義隆元大9B購03  ,0,0,0,0,0,0,0,0,0,3000,0,0,0,3000,0,3000,3000
062483,致新國票9B購01  ,0,0,0,0,0,0,0,0,0,3000,0,0,0,3000,0,3000,3000
062648,聯茂富邦9B購01  ,0,0,0,0,0,0,0,0,0,3000,0,0,0,3000,0,3000,3000
060776,世芯凱基9B購01  ,0,0,0,0,0,0,0,0,0,3000,0,0,0,43000,40000,3000,3000
061124,微星永豐9A購02  ,0,0,0,0,0,0,0,0,0,3000,0,0,0,30000,27000,3000,3000
062834,立積群益9B購02  ,0,0,0,0,0,0,0,0,0,3000,0,0,0,5000,2000,3000,3000
063149,聯發科元富05購02,0,0,0,0,0,0,0,0,0,3000,0,0,0,3000,0,3000,3000
063092,聯發科中信9B購03,0,0,0,0,0,0,0,0,0,3000,0,0,0,3000,0,3000,3000
064685,裕隆群益9C購01  ,0,0,0,0,0,0,0,0,0,3000,0,0,0,179000,176000,3000,3000
063894,漢唐群益9C購01  ,0,0,0,0,0,0,0,0,0,3000,0,0,0,3000,0,3000,3000
064457,禾伸堂統一01購02,0,0,0,0,0,0,0,0,0,3000,0,0,0,3000,0,3000,3000
064381,道瓊銀國泰02購01,0,0,0,0,0,0,0,0,0,3000,0,0,0,26000,23000,3000,3000
066055,聯鈞元大01購01  ,0,0,0,0,0,0,0,0,0,3000,0,0,0,213000,210000,3000,3000
065980,中租元大02購01  ,0,0,0,0,0,0,0,0,0,3000,0,0,0,34000,31000,3000,3000
065922,鴻海麥證01購01  ,0,0,0,3000,0,3000,0,0,0,3000,0,0,0,3000,0,3000,3000
08884P,義隆國票02售01  ,0,0,0,0,0,0,0,0,0,3000,0,0,0,50000,47000,3000,3000
3060,銘異            ,100000,96000,4000,0,0,0,0,0,0,-1000,0,1000,-1000,0,0,0,3000
2459,敦吉            ,21000,16000,5000,0,0,0,0,0,0,-2000,0,2000,-2000,0,0,0,3000
2882B,國泰金乙特      ,0,0,0,0,0,0,0,0,0,3000,3000,0,3000,0,0,0,3000
6164,華興            ,7000,4000,3000,0,0,0,0,0,0,0,0,0,0,0,0,0,3000
8422,可寧衛          ,10000,8000,2000,0,0,0,0,0,0,1000,1000,0,1000,0,0,0,3000
8499,鼎炫-KY         ,56000,27000,29000,0,0,0,0,0,0,-26000,0,26000,-26000,0,0,0,3000
066826,聯發科群益02購03,0,0,0,0,0,0,0,0,0,2000,0,0,0,2000,0,2000,2000
066735,智原元大01購03  ,0,0,0,0,0,0,0,0,0,2000,0,0,0,354000,352000,2000,2000
06678P,大立光統一99售01,0,0,0,0,0,0,0,0,0,2000,0,0,0,7000,5000,2000,2000
066894,聯發科兆豐03購01,0,0,0,0,0,0,0,0,0,2000,0,0,0,57000,55000,2000,2000
06693P,臺股指凱基98售01,0,0,0,0,0,0,0,0,0,2000,0,0,0,2000,0,2000,2000
066986,健策群益02購02  ,0,0,0,0,0,0,0,0,0,2000,0,0,0,14000,12000,2000,2000
066493,美利達元富01購01,0,0,0,0,0,0,0,0,0,2000,0,0,0,246000,244000,2000,2000
066695,A50正2群益03購01,0,0,0,0,0,0,0,0,0,2000,0,0,0,2000,0,2000,2000
067284,華新科國票02購01,0,0,0,0,0,0,0,0,0,2000,0,0,0,67000,65000,2000,2000
07527P,台灣50凱基9B售02,0,0,0,0,0,0,0,0,0,2000,0,0,0,2000,0,2000,2000
07422P,大立光元大99售32,0,0,0,0,0,0,0,0,0,2000,0,0,0,2000,0,2000,2000
07275P,FBVIX群益99售02 ,0,0,0,0,0,0,0,0,0,2000,0,0,0,2000,0,2000,2000
07202P,台灣50凱基9C售04,0,0,0,0,0,0,0,0,0,2000,0,0,0,2000,0,2000,2000
06992P,玉晶光日盛9B售01,0,0,0,0,0,0,0,0,0,2000,0,0,0,2000,0,2000,2000
067918,玉晶光永豐01購02,0,0,0,0,0,0,0,0,0,2000,0,0,0,2000,0,2000,2000
067760,旭富永豐01購01  ,0,0,0,0,0,0,0,0,0,2000,0,0,0,92000,90000,2000,2000
08652P,鴻海群益9C售09  ,0,0,0,0,0,0,0,0,0,2000,0,0,0,10000,8000,2000,2000
08562P,南電國票01售03  ,100000,0,100000,0,0,0,0,0,0,-98000,0,0,0,62000,160000,-98000,2000
07903P,台積電群益9B售03,0,0,0,0,0,0,0,0,0,2000,0,0,0,5000,3000,2000,2000
07766P,美律群益9A售03  ,0,0,0,0,0,0,0,0,0,2000,0,0,0,20000,18000,2000,2000
07981P,上銀群益9B售04  ,0,0,0,0,0,0,0,0,0,2000,0,0,0,10000,8000,2000,2000
058229,為升元大99購02  ,0,0,0,0,0,0,0,0,0,2000,0,0,0,2000,0,2000,2000
057948,嘉聯益國票99購02,0,0,0,0,0,0,0,0,0,2000,0,0,0,2000,0,2000,2000
063300,華通凱基9B購05  ,0,0,0,0,0,0,0,0,0,2000,0,0,0,20000,18000,2000,2000
061908,台積電中信05購01,0,0,0,0,0,0,0,0,0,2000,0,0,0,2000,0,2000,2000
060481,巨大元大9A購01  ,0,0,0,0,0,0,0,0,0,2000,0,0,0,2000,0,2000,2000
061235,台積電元大9A購23,0,0,0,0,0,0,0,0,0,2000,0,0,0,2000,0,2000,2000
061900,志超永豐9B購01  ,0,0,0,0,0,0,0,0,0,2000,0,0,0,2000,0,2000,2000
057909,台光電兆豐98購01,0,0,0,0,0,0,0,0,0,2000,0,0,0,2000,0,2000,2000
057876,隆達元大98購01  ,0,0,0,0,0,0,0,0,0,2000,0,0,0,3000,1000,2000,2000
058613,茂林元大99購03  ,0,0,0,0,0,0,0,0,0,2000,0,0,0,152000,150000,2000,2000
059780,滬深2X元大9C購06,0,0,0,0,0,0,0,0,0,2000,0,0,0,2000,0,2000,2000
059784,台光電元大9A購01,0,0,0,0,0,0,0,0,0,2000,0,0,0,2000,0,2000,2000
059118,晶技永豐9A購01  ,0,0,0,0,0,0,0,0,0,2000,0,0,0,2000,0,2000,2000
059082,華通元大99購06  ,0,0,0,0,0,0,0,0,0,2000,0,0,0,2000,0,2000,2000
059275,可成元大99購05  ,0,0,0,0,0,0,0,0,0,2000,0,0,0,2000,0,2000,2000
057773,技嘉群益9A購02  ,0,0,0,0,0,0,0,0,0,2000,0,0,0,3000,1000,2000,2000
055919,景碩凱基98購02  ,0,0,0,0,0,0,0,0,0,2000,0,0,0,14000,12000,2000,2000
055148,鴻海元大98購02  ,0,0,0,0,0,0,0,0,0,2000,0,0,0,2000,0,2000,2000
054930,群電凱基98購01  ,0,0,0,0,0,0,0,0,0,2000,0,0,0,2000,0,2000,2000
056772,欣興元大99購01  ,0,0,0,0,0,0,0,0,0,2000,0,0,0,2000,0,2000,2000
056714,晶相光永豐98購02,0,0,0,0,0,0,0,0,0,2000,0,0,0,2000,0,2000,2000
056715,瀚宇博永豐98購01,0,0,0,0,0,0,0,0,0,2000,0,0,0,2000,0,2000,2000
056286,奇鋐永豐97購01  ,0,0,0,0,0,0,0,0,0,2000,0,0,0,2000,0,2000,2000
059543,可成亞東99購02  ,0,0,0,0,0,0,0,0,0,2000,0,0,0,10000,8000,2000,2000
03455B,臺股指凱基03熊06,0,0,0,0,0,0,0,0,0,2000,0,0,0,24000,22000,2000,2000
054515,華通元大98購02  ,0,0,0,0,0,0,0,0,0,2000,0,0,0,2000,0,2000,2000
056519,創意國票99購01  ,0,0,0,0,0,0,0,0,0,2000,0,0,0,2000,0,2000,2000
056867,華通麥證98購01  ,0,0,0,10000,0,10000,0,0,0,2000,0,0,0,10000,8000,2000,2000
057135,立積凱基98購01  ,0,0,0,0,0,0,0,0,0,2000,0,0,0,2000,0,2000,2000
057106,美律群益98購03  ,0,0,0,0,0,0,0,0,0,2000,0,0,0,2000,0,2000,2000
057198,智伸科統一9B購01,0,0,0,0,0,0,0,0,0,2000,0,0,0,2000,0,2000,2000
053358,晶技統一98購01  ,0,0,0,0,0,0,0,0,0,2000,0,0,0,2000,0,2000,2000
054152,漢唐國泰98購02  ,0,0,0,0,0,0,0,0,0,2000,0,0,0,2000,0,2000,2000
00657,國泰日經225     ,1000,0,1000,0,0,0,0,0,0,1000,0,0,0,101000,100000,1000,2000
006203,元大MSCI台灣    ,0,0,0,0,0,0,0,0,0,2000,0,0,0,3000,1000,2000,2000
00731,FH富時高息低波  ,0,0,0,0,0,0,0,0,0,2000,0,0,0,1049000,1047000,2000,2000
052692,滬深2X中信99購02,0,0,0,0,0,0,0,0,0,2000,0,0,0,2000,0,2000,2000
063119,華通元大9B購07  ,0,0,0,0,0,0,0,0,0,2000,0,0,0,2000,0,2000,2000
06296P,燿華元大98售01  ,0,0,0,0,0,0,0,0,0,2000,0,0,0,2000,0,2000,2000
062807,和碩統一9B購01  ,0,0,0,0,0,0,0,0,0,2000,0,0,0,190000,188000,2000,2000
062757,華通凱基9B購02  ,0,0,0,0,0,0,0,0,0,2000,0,0,0,77000,75000,2000,2000
062843,臺股指群益9B購10,0,0,0,0,0,0,0,0,0,2000,0,0,0,7000,5000,2000,2000
061136,可成統一9A購01  ,0,0,0,0,0,0,0,0,0,2000,0,0,0,2000,0,2000,2000
060810,滬深2X凱基9B購03,0,0,0,0,0,0,0,0,0,2000,0,0,0,2000,0,2000,2000
062023,寶成永豐9B購01  ,0,0,0,0,0,0,0,0,0,2000,0,0,0,61000,59000,2000,2000
062635,創意國票9B購01  ,0,0,0,0,0,0,0,0,0,2000,0,0,0,2000,0,2000,2000
062482,台表科國票9B購01,0,0,0,0,0,0,0,0,0,2000,0,0,0,6000,4000,2000,2000
062497,遠東新群益9B購01,0,0,0,0,0,0,0,0,0,2000,0,0,0,2000,0,2000,2000
062431,元金2X元大9B購02,0,0,0,0,0,0,0,0,0,2000,0,0,0,2000,0,2000,2000
062176,元金2X元大9B購01,0,0,0,0,0,0,0,0,0,2000,0,0,0,12000,10000,2000,2000
062206,緯創國票9B購01  ,0,0,0,0,0,0,0,0,0,2000,0,0,0,2000,0,2000,2000
063637,聯發科元大9C購02,0,0,0,0,0,0,0,0,0,2000,0,0,0,41000,39000,2000,2000
060634,矽創富邦9B購01  ,0,0,0,0,0,0,0,0,0,2000,0,0,0,2000,0,2000,2000
060381,元黃金凱基9A購01,0,0,0,0,0,0,0,0,0,2000,0,0,0,10000,8000,2000,2000
062066,元黃金元大9B購01,0,0,0,0,0,0,0,0,0,2000,0,0,0,2000,0,2000,2000
059987,大立光元大99購28,0,0,0,0,0,0,0,0,0,2000,0,0,0,2000,0,2000,2000
061848,國巨國票9B購07  ,0,0,0,0,0,0,0,0,0,2000,0,0,0,2000,0,2000,2000
061501,嘉澤國票9A購01  ,0,0,0,0,0,0,0,0,0,2000,0,0,0,2000,0,2000,2000
061502,嘉澤國票9A購02  ,0,0,0,0,0,0,0,0,0,2000,0,0,0,2000,0,2000,2000
061655,微星國票9A購01  ,0,0,0,0,0,0,0,0,0,2000,0,0,0,2000,0,2000,2000
061497,大立光國票9A購09,0,0,0,0,0,0,0,0,0,2000,0,0,0,60000,58000,2000,2000
066051,景碩元大01購01  ,0,0,0,0,0,0,0,0,0,2000,0,0,0,78000,76000,2000,2000
066417,台積電元大01購13,0,0,0,0,0,0,0,0,0,2000,0,0,0,2000,0,2000,2000
065385,億豐元大03購01  ,0,0,0,0,0,0,0,0,0,2000,0,0,0,2000,0,2000,2000
065275,台灣50群益02購02,0,0,0,0,0,0,0,0,0,2000,0,0,0,2000,0,2000,2000
065613,GIS元大9C購08   ,0,0,0,0,0,0,0,0,0,2000,0,0,0,64000,62000,2000,2000
06552P,茂林元大99售02  ,0,0,0,0,0,0,0,0,0,2000,0,0,0,2000,0,2000,2000
064317,日月光群益9C購01,0,0,0,0,0,0,0,0,0,2000,0,0,0,2000,0,2000,2000
063841,國巨元大01購01  ,0,0,0,0,0,0,0,0,0,2000,0,0,0,39000,37000,2000,2000
064941,台積電台新9C購04,0,0,0,0,0,0,0,0,0,2000,0,0,0,2000,0,2000,2000
064878,大立光兆豐9C購03,0,0,0,0,0,0,0,0,0,2000,0,0,0,2000,0,2000,2000
065057,臺股指凱基9C購21,0,0,0,0,0,0,0,0,0,2000,0,0,0,7000,5000,2000,2000
065163,香港反元大03購01,0,0,0,0,0,0,0,0,0,2000,0,0,0,10000,8000,2000,2000
911868,同方友友-DR     ,2000,0,2000,0,0,0,0,0,0,0,0,0,0,0,0,0,2000
912000,晨訊科-DR       ,2000,0,2000,0,0,0,0,0,0,0,0,0,0,0,0,0,2000
9941A,裕融甲特        ,0,0,0,0,0,0,0,0,0,2000,2000,0,2000,0,0,0,2000
4722,國精化          ,5000,3000,2000,0,0,0,0,0,0,0,0,0,0,0,0,0,2000
2707,晶華            ,57000,23000,34000,0,0,0,0,30000,-30000,-2000,0,2000,-2000,0,0,0,2000
2433,互盛電          ,5000,2000,3000,0,0,0,0,0,0,-1000,0,1000,-1000,0,0,0,2000
2497,怡利電          ,3000,1000,2000,0,0,0,0,0,0,0,0,0,0,0,0,0,2000
3383,新世紀          ,3000,1000,2000,0,0,0,0,0,0,0,0,0,0,0,0,0,2000
1101B,台泥乙特        ,0,0,0,0,0,0,0,0,0,2000,4000,2000,2000,0,0,0,2000
08697P,臺股指麥證01售03,0,0,0,2000,0,2000,0,0,0,2000,0,0,0,2000,0,2000,2000
08661P,台灣50麥證9C售03,0,0,0,2000,0,2000,0,0,0,2000,0,0,0,2000,0,2000,2000
08677P,超眾群益01售02  ,0,0,0,0,0,0,0,0,0,2000,0,0,0,25000,23000,2000,2000
1465,偉全            ,6000,4000,2000,0,0,0,0,0,0,0,0,0,0,0,0,0,2000
08043P,電子類群益9B售01,0,0,0,0,0,0,0,0,0,1000,0,0,0,1000,0,1000,1000
07983P,茂林群益9B售03  ,0,0,0,0,0,0,0,0,0,1000,0,0,0,1000,0,1000,1000
07775P,國巨群益9A售10  ,0,0,0,0,0,0,0,0,0,1000,0,0,0,1000,0,1000,1000
07020P,玉晶光台新99售02,0,0,0,0,0,0,0,0,0,1000,0,0,0,1000,0,1000,1000
06806P,臺股指群益98售12,0,0,0,0,0,0,0,0,0,1000,0,0,0,1000,0,1000,1000
07079P,台積電群益99售06,0,0,0,0,0,0,0,0,0,1000,0,0,0,1000,0,1000,1000
07218P,臺股指凱基99售31,0,0,0,0,0,0,0,0,0,1000,0,0,0,1000,0,1000,1000
07593P,臺股指凱基9A售08,0,0,0,0,0,0,0,0,0,1000,0,0,0,1000,0,1000,1000
06697P,台積電國票99售05,0,0,0,0,0,0,0,0,0,1000,0,0,0,1000,0,1000,1000
066878,牧德富邦03購01  ,0,0,0,0,0,0,0,0,0,1000,0,0,0,1000,0,1000,1000
020011,統一微波高息20N ,0,0,0,0,0,0,0,0,0,1000,0,0,0,23000,22000,1000,1000
054279,揚明光群益98購01,0,0,0,0,0,0,0,0,0,1000,0,0,0,1000,0,1000,1000
057207,立積元富98購02  ,0,0,0,0,0,0,0,0,0,1000,0,0,0,1000,0,1000,1000
056946,國巨統一98購05  ,0,0,0,0,0,0,0,0,0,1000,0,0,0,1000,0,1000,1000
051970,元黃金凱基98購01,0,0,0,0,0,0,0,0,0,1000,0,0,0,1000,0,1000,1000
052135,聯發科凱基9B購01,0,0,0,0,0,0,0,0,0,1000,0,0,0,1000,0,1000,1000
059426,鴻海元大99購31  ,0,0,0,0,0,0,0,0,0,1000,0,0,0,1000,0,1000,1000
056193,聯發科富邦99購08,0,0,0,0,0,0,0,0,0,1000,0,0,0,1000,0,1000,1000
057671,群創元大9B購06  ,0,0,0,0,0,0,0,0,0,1000,0,0,0,51000,50000,1000,1000
056721,台灣50永昌9A購01,0,0,0,0,0,0,0,0,0,1000,0,0,0,1000,0,1000,1000
057260,微星兆豐98購01  ,0,0,0,0,0,0,0,0,0,1000,0,0,0,2000,1000,1000,1000
054931,緯穎凱基98購01  ,0,0,0,0,0,0,0,0,0,1000,0,0,0,1000,0,1000,1000
054923,晶技凱基98購01  ,0,0,0,0,0,0,0,0,0,1000,0,0,0,1000,0,1000,1000
054924,景碩凱基98購01  ,0,0,0,0,0,0,0,0,0,1000,0,0,0,3000,2000,1000,1000
054632,緯穎凱基9A購01  ,0,0,0,0,0,0,0,0,0,1000,0,0,0,1000,0,1000,1000
054587,玉晶光國泰99購01,0,0,0,0,0,0,0,0,0,1000,0,0,0,2000,1000,1000,1000
054571,楠梓電元大99購01,0,0,0,0,0,0,0,0,0,1000,0,0,0,1000,0,1000,1000
055228,聯發科國票98購03,0,0,0,0,0,0,0,0,0,1000,0,0,0,1000,0,1000,1000
055417,健策富邦98購02  ,0,0,0,0,0,0,0,0,0,1000,0,0,0,1000,0,1000,1000
056161,康控凱基98購02  ,0,0,0,0,0,0,0,0,0,1000,0,0,0,1000,0,1000,1000
059014,SGBR2X元富03購01,0,0,0,0,0,0,0,0,0,1000,0,0,0,1000,0,1000,1000
058864,欣興凱基99購04  ,0,0,0,0,0,0,0,0,0,1000,0,0,0,10000,9000,1000,1000
057357,超眾統一98購01  ,0,0,0,0,0,0,0,0,0,1000,0,0,0,1000,0,1000,1000
059347,京鼎凱基99購02  ,0,0,0,0,0,0,0,0,0,1000,0,0,0,1000,0,1000,1000
057882,華通群益9A購03  ,0,0,0,0,0,0,0,0,0,1000,0,0,0,11000,10000,1000,1000
060453,儒鴻元大9A購02  ,0,0,0,0,0,0,0,0,0,1000,0,0,0,1000,0,1000,1000
060492,元黃金元富9A購01,0,0,0,0,0,0,0,0,0,1000,0,0,0,1000,0,1000,1000
058402,欣興元大99購04  ,0,0,0,0,0,0,0,0,0,1000,0,0,0,10000,9000,1000,1000
058709,臺股指元大9A購22,0,0,0,0,0,0,0,0,0,1000,0,0,0,1000,0,1000,1000
058731,貿聯永豐99購02  ,0,0,0,0,0,0,0,0,0,1000,0,0,0,1000,0,1000,1000
058757,道瓊銀群益9A購02,0,0,0,0,0,0,0,0,0,1000,0,0,0,1000,0,1000,1000
063185,聯發科凱基9C購03,0,0,0,0,0,0,0,0,0,1000,0,0,0,4000,3000,1000,1000
061685,道瓊反群益9A購03,0,0,0,0,0,0,0,0,0,1000,0,0,0,1000,0,1000,1000
061499,嘉晶國票9A購03  ,0,0,0,0,0,0,0,0,0,1000,0,0,0,74000,73000,1000,1000
061599,元金反中信9C購01,0,0,0,0,0,0,0,0,0,1000,0,0,0,1000,0,1000,1000
061771,玉晶光元大9C購04,0,0,0,0,0,0,0,0,0,1000,0,0,0,1000,0,1000,1000
061811,A50正2群益01購03,0,0,0,0,0,0,0,0,0,1000,0,0,0,1000,0,1000,1000
061824,聯電麥證9B購01  ,0,0,0,1000,0,1000,0,0,0,1000,0,0,0,1000,0,1000,1000
060394,欣興麥證9A購01  ,0,0,0,1000,0,1000,0,0,0,1000,0,0,0,1000,0,1000,1000
060185,聯發科元富04購01,0,0,0,0,0,0,0,0,0,1000,0,0,0,1000,0,1000,1000
063709,上銀凱基9B購07  ,0,0,0,0,0,0,0,0,0,1000,0,0,0,1000,0,1000,1000
062239,台汽電凱基9B購01,0,0,0,0,0,0,0,0,0,1000,0,0,0,1000,0,1000,1000
062108,晶豪科國票9B購01,0,0,0,0,0,0,0,0,0,1000,0,0,0,133000,132000,1000,1000
063006,道瓊反元大9C購01,0,0,0,0,0,0,0,0,0,1000,0,0,0,1000,0,1000,1000
063358,華擎國泰01購01  ,0,0,0,0,0,0,0,0,0,1000,0,0,0,11000,10000,1000,1000
063349,台郡統一9C購01  ,0,0,0,0,0,0,0,0,0,1000,0,0,0,1000,0,1000,1000
061310,華新科麥證9A購01,0,0,0,1000,0,1000,0,0,0,1000,0,0,0,1000,0,1000,1000
062428,超眾統一9B購01  ,0,0,0,0,0,0,0,0,0,1000,0,0,0,3000,2000,1000,1000
061964,台積電統一01購05,0,0,0,0,0,0,0,0,0,1000,0,0,0,90000,89000,1000,1000
062640,訊連國票9C購01  ,0,0,0,0,0,0,0,0,0,1000,0,0,0,139000,138000,1000,1000
062709,帆宣元大9B購01  ,0,0,0,0,0,0,0,0,0,1000,0,0,0,1000,0,1000,1000
060852,京鼎國泰9B購01  ,0,0,0,0,0,0,0,0,0,1000,0,0,0,1000,0,1000,1000
061001,智邦兆豐9B購01  ,0,0,0,0,0,0,0,0,0,1000,0,0,0,1000,0,1000,1000
062854,日電貿永豐9B購01,0,0,0,0,0,0,0,0,0,1000,0,0,0,1000,0,1000,1000
062918,祥碩元大9C購02  ,0,0,0,0,0,0,0,0,0,1000,0,0,0,1000,0,1000,1000
062948,台積電富邦01購02,0,0,0,0,0,0,0,0,0,1000,0,0,0,1000,0,1000,1000
062806,世芯統一02購01  ,0,0,0,0,0,0,0,0,0,1000,0,0,0,1000,0,1000,1000
062581,鴻海統一01購02  ,0,0,0,0,0,0,0,0,0,1000,0,0,0,1000,0,1000,1000
065035,世芯統一01購03  ,0,0,0,0,0,0,0,0,0,1000,0,0,0,1000,0,1000,1000
064884,台表科第一9C購01,0,0,0,0,0,0,0,0,0,1000,0,0,0,1000,0,1000,1000
064946,台積電凱基01購07,0,0,0,0,0,0,0,0,0,1000,0,0,0,1000,0,1000,1000
064714,和大統一02購02  ,0,0,0,0,0,0,0,0,0,1000,0,0,0,1000,0,1000,1000
063905,健策麥證02購01  ,0,0,0,1000,0,1000,0,0,0,1000,0,0,0,1000,0,1000,1000
064123,台積電元大9C購09,0,0,0,0,0,0,0,0,0,1000,0,0,0,2000,1000,1000,1000
064124,台積電元大9C購10,0,0,0,0,0,0,0,0,0,1000,0,0,0,1000,0,1000,1000
064125,聯發科元大02購01,0,0,0,0,0,0,0,0,0,1000,0,0,0,1000,0,1000,1000
065641,台積電元大9C購12,0,0,0,0,0,0,0,0,0,1000,0,0,0,1000,0,1000,1000
065657,智邦富邦9C購01  ,0,0,0,0,0,0,0,0,0,1000,0,0,0,2000,1000,1000,1000
06559P,玉晶光元富98售02,0,0,0,0,0,0,0,0,0,1000,0,0,0,1000,0,1000,1000
065204,神隆國票01購01  ,0,0,0,0,0,0,0,0,0,1000,0,0,0,1000,0,1000,1000
065406,緯穎富邦9C購02  ,0,0,0,0,0,0,0,0,0,1000,0,0,0,1000,0,1000,1000
065476,聯發科元大9C購14,0,0,0,0,0,0,0,0,0,1000,0,0,0,1000,0,1000,1000
066147,美利達群益01購01,0,0,0,0,0,0,0,0,0,1000,0,0,0,1000,0,1000,1000
065901,台積電富邦03購04,0,0,0,0,0,0,0,0,0,1000,0,0,0,1000,0,1000,1000
065899,神基麥證9C購02  ,0,0,0,101000,100000,1000,0,0,0,1000,0,0,0,101000,100000,1000,1000
06582P,可成凱基98售06  ,0,0,0,0,0,0,0,0,0,1000,0,0,0,1000,0,1000,1000
1524,耿鼎            ,12000,10000,2000,0,0,0,0,0,0,-1000,0,1000,-1000,0,0,0,1000
2002A,中鋼特          ,0,0,0,0,0,0,0,0,0,1000,1000,0,1000,0,0,0,1000
08832P,台表科群益01售01,0,0,0,0,0,0,0,0,0,1000,0,0,0,11000,10000,1000,1000
08778P,台積電群益01售09,0,0,0,0,0,0,0,0,0,1000,0,0,0,1000,0,1000,1000
1235,興泰            ,2000,0,2000,0,0,0,0,0,0,-1000,0,1000,-1000,0,0,0,1000
3535,晶彩科          ,214000,213000,1000,0,0,0,0,0,0,0,0,0,0,0,0,0,1000
3043,科風            ,1000,0,1000,0,0,0,0,0,0,0,0,0,0,0,0,0,1000
2530,華建            ,10000,9000,1000,0,0,0,0,0,0,0,0,0,0,0,0,0,1000
2891B,中信金乙特      ,0,0,0,0,0,0,0,0,0,1000,1000,0,1000,0,0,0,1000
4439,冠星-KY         ,1000,0,1000,0,0,0,0,0,0,0,0,0,0,0,0,0,1000
5906,台南-KY         ,1000,0,1000,0,0,0,0,0,0,0,0,0,0,0,0,0,1000
6655,科定            ,11000,10000,1000,0,0,0,0,0,0,0,0,0,0,0,0,0,1000
8454,富邦媒          ,67000,62153,4847,0,0,0,0,0,0,-4000,1000,5000,-4000,0,0,0,847
066832,健策群益01購08  ,0,0,0,0,0,0,0,0,0,0,0,0,0,6000,6000,0,0
066738,聯鈞元大01購05  ,0,0,0,0,0,0,0,0,0,0,0,0,0,200000,200000,0,0
067032,致新元富01購01  ,0,0,0,0,0,0,0,0,0,0,0,0,0,98000,98000,0,0
067017,樺漢富邦04購01  ,0,0,0,0,0,0,0,0,0,0,0,0,0,20000,20000,0,0
066923,滬深2X國票02購01,0,0,0,0,0,0,0,0,0,0,0,0,0,6000,6000,0,0
066713,台灣50元大01購21,0,0,0,0,0,0,0,0,0,0,0,0,0,2000,2000,0,0
066683,和碩兆豐01購01  ,0,0,0,0,0,0,0,0,0,0,0,0,0,17000,17000,0,0
066655,上証2X凱基03購03,0,0,0,0,0,0,0,0,0,0,0,0,0,5000,5000,0,0
066638,聚碩凱基01購01  ,0,0,0,0,0,0,0,0,0,0,0,0,0,50000,50000,0,0
066628,宏達電凱基03購01,0,0,0,0,0,0,0,0,0,0,0,0,0,26000,26000,0,0
066602,滬深2X富邦03購01,0,0,0,0,0,0,0,0,0,0,0,0,0,10000,10000,0,0
066481,華碩元富01購01  ,0,0,0,0,0,0,0,0,0,0,0,0,0,200000,200000,0,0
066477,鴻海元富07購01  ,0,0,0,0,0,0,0,0,0,0,0,0,0,2000,2000,0,0
067235,正崴群益02購02  ,0,0,0,0,0,0,0,0,0,0,0,0,0,30000,30000,0,0
067132,瑞昱永豐01購01  ,0,0,0,0,0,0,0,0,0,0,0,0,0,42000,42000,0,0
067179,健策康和01購01  ,0,0,0,0,0,0,0,0,0,0,0,0,0,2000,2000,0,0
067082,健策元大01購07  ,0,0,0,0,0,0,0,0,0,0,0,0,0,68000,68000,0,0
067674,可成元大01購08  ,0,0,0,0,0,0,0,0,0,0,0,0,0,4000,4000,0,0
067609,智易凱基01購01  ,0,0,0,0,0,0,0,0,0,0,0,0,0,10000,10000,0,0
067527,遠東新群益01購01,0,0,0,0,0,0,0,0,0,0,0,0,0,30000,30000,0,0
06758P,鴻海元大98售10  ,0,0,0,0,0,0,0,0,0,0,0,0,0,134000,134000,0,0
067391,健策元富01購02  ,0,0,0,0,0,0,0,0,0,0,0,0,0,3000,3000,0,0
067443,國巨國票02購04  ,0,0,0,0,0,0,0,0,0,0,0,0,0,1000,1000,0,0
07678P,大立光群益9A售03,0,0,0,0,0,0,0,0,0,0,0,0,0,2000,2000,0,0
07251P,台灣50元富01售04,0,0,0,0,0,0,0,0,0,0,0,0,0,10000,10000,0,0
07349P,大立光凱基99售16,0,0,0,0,0,0,0,0,0,0,0,0,0,10000,10000,0,0
07073P,臺股指中信9B售02,0,0,0,0,0,0,0,0,0,0,0,0,0,4000,4000,0,0
07217P,大立光凱基9A售05,0,0,0,0,0,0,0,0,0,0,0,0,0,90000,90000,0,0
07142P,台灣50元大01售01,0,0,0,0,0,0,0,0,0,0,0,0,0,40000,40000,0,0
06876P,台灣50兆豐9B售01,0,0,0,0,0,0,0,0,0,0,0,0,0,70000,70000,0,0
06843P,鴻海元大98售11  ,0,0,0,0,0,0,0,0,0,0,0,0,0,16000,16000,0,0
06919P,臺股指日盛98售02,0,0,0,0,0,0,0,0,0,0,0,0,0,30000,30000,0,0
06934P,聯鈞元大98售03  ,0,0,0,0,0,0,0,0,0,0,0,0,0,10000,10000,0,0
06776P,鴻海元大99售05  ,0,0,0,0,0,0,0,0,0,0,0,0,0,12000,12000,0,0
067818,玉晶光凱基02購02,0,0,0,0,0,0,0,0,0,0,0,0,0,93000,93000,0,0
067820,和碩凱基01購01  ,0,0,0,0,0,0,0,0,0,0,0,0,0,14000,14000,0,0
067719,旺宏凱基01購03  ,0,0,0,0,0,0,0,0,0,0,0,0,0,10000,10000,0,0
067896,玉晶光群益02購10,0,0,0,0,0,0,0,0,0,0,0,0,0,42000,42000,0,0
067894,玉晶光群益02購08,0,0,0,0,0,0,0,0,0,0,0,0,0,88000,88000,0,0
067889,大毅群益01購03  ,0,0,0,0,0,0,0,0,0,0,0,0,0,30000,30000,0,0
067844,全新元富07購01  ,0,0,0,0,0,0,0,0,0,0,0,0,0,30000,30000,0,0
068008,聯茂元大01購02  ,0,0,0,0,0,0,0,0,0,0,0,0,0,1000,1000,0,0
068011,台表科元大01購05,0,0,0,0,0,0,0,0,0,0,0,0,0,27000,27000,0,0
067940,健策凱基01購04  ,0,0,0,0,0,0,0,0,0,0,0,0,0,4000,4000,0,0
067948,群創國泰03購01  ,0,0,0,0,0,0,0,0,0,0,0,0,0,1000,1000,0,0
067958,中磊永豐01購01  ,0,0,0,0,0,0,0,0,0,0,0,0,0,19000,19000,0,0
067969,玉晶光群益02購19,0,0,0,0,0,0,0,0,0,0,0,0,0,2000,2000,0,0
067971,玉晶光群益02購21,0,0,0,0,0,0,0,0,0,0,0,0,0,2000,2000,0,0
067977,中磊群益01購02  ,0,0,0,0,0,0,0,0,0,0,0,0,0,43000,43000,0,0
07780P,美律凱基9A售02  ,0,0,0,0,0,0,0,0,0,0,0,0,0,10000,10000,0,0
07863P,華新科凱基9B售07,0,0,0,0,0,0,0,0,0,0,0,0,0,20000,20000,0,0
08019P,緯穎國票9B售02  ,0,0,0,0,0,0,0,0,0,0,0,0,0,2000,2000,0,0
08057P,京鼎群益9B售01  ,0,0,0,0,0,0,0,0,0,0,0,0,0,30000,30000,0,0
07905P,大立光群益9B售04,0,0,0,0,0,0,0,0,0,0,0,0,0,3000,3000,0,0
08087P,聯發科凱基9B售12,0,0,0,0,0,0,0,0,0,0,0,0,0,7000,7000,0,0
08070P,晶技國泰9C售02  ,0,0,0,0,0,0,0,0,0,0,0,0,0,10000,10000,0,0
08568P,臺股指富邦9C售05,0,0,0,0,0,0,0,0,0,0,0,0,0,20000,20000,0,0
08540P,嘉晶國票01售01  ,0,0,0,0,0,0,0,0,0,0,0,0,0,1000,1000,0,0
08520P,和大元大9C售04  ,0,0,0,0,0,0,0,0,0,0,0,0,0,50000,50000,0,0
08507P,臺股指國票9C售08,0,0,0,0,0,0,0,0,0,0,0,0,0,60000,60000,0,0
08582P,臺股指元大9C售30,0,0,0,0,0,0,0,0,0,0,0,0,0,62000,62000,0,0
058746,華通凱基9A購02  ,0,0,0,0,0,0,0,0,0,0,0,0,0,21000,21000,0,0
058751,南茂凱基9A購01  ,0,0,0,0,0,0,0,0,0,0,0,0,0,73000,73000,0,0
058725,美律富邦9A購01  ,0,0,0,0,0,0,0,0,0,0,0,0,0,240000,240000,0,0
058470,台灣50日盛9B購02,0,0,0,0,0,0,0,0,0,0,0,0,0,40000,40000,0,0
058457,創意永豐99購01  ,0,0,0,0,0,0,0,0,0,0,0,0,0,24000,24000,0,0
058698,華通元大99購05  ,0,0,0,0,0,0,0,0,0,0,0,0,0,1000,1000,0,0
058487,晶技國票9A購01  ,0,0,0,0,0,0,0,0,0,0,0,0,0,3000,3000,0,0
058419,聯發科麥證99購02,0,0,0,9000,0,9000,0,0,0,0,0,0,0,9000,9000,0,0
058424,滬深2X元富99購04,0,0,0,0,0,0,0,0,0,0,0,0,0,20000,20000,0,0
057957,嘉晶元大98購01  ,0,0,0,0,0,0,0,0,0,0,0,0,0,40000,40000,0,0
057965,臺股指元大98購14,0,2000,-2000,0,0,0,0,0,0,2000,0,0,0,2000,0,2000,0
058044,鴻海元大99購07  ,0,0,0,0,0,0,0,0,0,0,0,0,0,10000,10000,0,0
058048,群創元大9B購07  ,0,0,0,0,0,0,0,0,0,0,0,0,0,50000,50000,0,0
058231,技嘉元大99購02  ,0,0,0,0,0,0,0,0,0,0,0,0,0,1000,1000,0,0
058241,景碩元大99購05  ,0,0,0,0,0,0,0,0,0,0,0,0,0,4000,4000,0,0
058116,正崴中信99購02  ,0,0,0,0,0,0,0,0,0,0,0,0,0,20000,20000,0,0
058118,瑞昱群益99購01  ,0,0,0,0,0,0,0,0,0,0,0,0,0,10000,10000,0,0
061195,健策永豐9B購02  ,0,0,0,0,0,0,0,0,0,0,0,0,0,1000,1000,0,0
061215,健策元大9A購06  ,0,0,0,0,0,0,0,0,0,0,0,0,0,3000,3000,0,0
057936,健策群益99購01  ,0,0,0,0,0,0,0,0,0,0,0,0,0,2000,2000,0,0
057557,聯茂凱基99購04  ,0,0,0,0,0,0,0,0,0,0,0,0,0,10000,10000,0,0
057818,泰碩元大9A購01  ,0,0,0,0,0,0,0,0,0,0,0,0,0,45000,45000,0,0
057421,智原凱基98購04  ,0,0,0,0,0,0,0,0,0,0,0,0,0,20000,20000,0,0
057399,滬深反群益9C購01,0,0,0,0,0,0,0,0,0,0,0,0,0,250000,250000,0,0
059301,華新科群益99購04,0,0,0,0,0,0,0,0,0,0,0,0,0,9000,9000,0,0
058594,台灣50元富9B購03,0,0,0,0,0,0,0,0,0,0,0,0,0,29000,29000,0,0
058649,健策永豐99購01  ,0,0,0,0,0,0,0,0,0,0,0,0,0,2000,2000,0,0
057363,華通元大99購02  ,0,0,0,0,0,0,0,0,0,0,0,0,0,12000,12000,0,0
057377,康控元大99購02  ,0,0,0,0,0,0,0,0,0,0,0,0,0,45000,45000,0,0
059783,旺宏元大99購17  ,0,0,0,0,0,0,0,0,0,0,0,0,0,1000,1000,0,0
057325,可成群益9A購01  ,0,0,0,0,0,0,0,0,0,0,0,0,0,1000,1000,0,0
057327,玉晶光群益9A購04,0,0,0,0,0,0,0,0,0,0,0,0,0,1000,1000,0,0
059728,聯鈞元大99購01  ,0,0,0,0,0,0,0,0,0,0,0,0,0,20000,20000,0,0
059721,旺宏元大99購16  ,0,0,0,0,0,0,0,0,0,0,0,0,0,3000,3000,0,0
059755,宏達電國泰9A購01,0,0,0,0,0,0,0,0,0,0,0,0,0,38000,38000,0,0
058850,華新科群益99購03,0,0,0,0,0,0,0,0,0,0,0,0,0,12000,12000,0,0
058839,瑞儀中信99購02  ,0,0,0,0,0,0,0,0,0,0,0,0,0,20000,20000,0,0
058833,台表科永豐99購01,0,0,0,0,0,0,0,0,0,0,0,0,0,10000,10000,0,0
059058,可成凱基9B購01  ,0,0,0,0,0,0,0,0,0,0,0,0,0,4000,4000,0,0
059067,上銀國票9A購02  ,0,0,0,0,0,0,0,0,0,0,0,0,0,20000,20000,0,0
058961,台灣50兆豐9C購01,0,0,0,0,0,0,0,0,0,0,0,0,0,220000,220000,0,0
058967,可成麥證99購01  ,0,0,0,1000,1000,0,0,0,0,0,0,0,0,2000,2000,0,0
058955,台積電國票9A購04,0,0,0,0,0,0,0,0,0,0,0,0,0,61000,61000,0,0
058938,台積電中信01購03,0,0,0,0,0,0,0,0,0,0,0,0,0,20000,20000,0,0
057783,台積電國票9A購01,0,0,0,0,0,0,0,0,0,0,0,0,0,2000,2000,0,0
059107,南茂國泰9A購01  ,0,0,0,0,0,0,0,0,0,0,0,0,0,3000,3000,0,0
059253,康控凱基9B購02  ,0,0,0,0,0,0,0,0,0,0,0,0,0,10000,10000,0,0
059247,可成凱基99購05  ,0,0,0,0,0,0,0,0,0,0,0,0,0,1000,1000,0,0
059151,臺股指國票99購14,0,0,0,0,0,0,0,0,0,0,0,0,0,1000,1000,0,0
055780,禾伸堂凱基99購01,0,0,0,0,0,0,0,0,0,0,0,0,0,20000,20000,0,0
055519,茂林中信99購01  ,0,0,0,0,0,0,0,0,0,0,0,0,0,3000,3000,0,0
055590,聯發科元大98購02,0,0,0,0,0,0,0,0,0,0,0,0,0,101000,101000,0,0
055029,帆宣國泰99購01  ,0,0,0,0,0,0,0,0,0,0,0,0,0,10000,10000,0,0
054733,鴻海凱基98購04  ,0,0,0,0,0,0,0,0,0,0,0,0,0,50000,50000,0,0
054739,義隆凱基98購02  ,0,0,0,0,0,0,0,0,0,0,0,0,0,41000,41000,0,0
054935,華通元大98購03  ,0,0,0,0,0,0,0,0,0,0,0,0,0,66000,66000,0,0
057259,台積電兆豐98購03,0,0,0,0,0,0,0,0,0,0,0,0,0,6000,6000,0,0
057315,台灣50康和9A購03,0,0,0,0,0,0,0,0,0,0,0,0,0,50000,50000,0,0
057672,茂林元大98購02  ,0,0,0,0,0,0,0,0,0,0,0,0,0,68000,68000,0,0
058494,可成群益9B購01  ,0,0,0,0,0,0,0,0,0,0,0,0,0,4000,4000,0,0
056192,智邦富邦98購01  ,0,0,0,0,0,0,0,0,0,0,0,0,0,85000,85000,0,0
056339,聯發科凱基99購02,0,0,0,0,0,0,0,0,0,0,0,0,0,149000,149000,0,0
05631P,國巨富邦9A售01  ,0,0,0,0,0,0,0,0,0,0,0,0,0,5000,5000,0,0
056333,台積電日盛9B購01,0,0,0,0,0,0,0,0,0,0,0,0,0,10000,10000,0,0
056429,華通凱基98購02  ,0,0,0,0,0,0,0,0,0,0,0,0,0,1000,1000,0,0
058579,聯發科群益99購04,0,0,0,0,0,0,0,0,0,0,0,0,0,1000,1000,0,0
059466,國巨元大99購26  ,0,0,0,0,0,0,0,0,0,0,0,0,0,3000,3000,0,0
059456,智易永豐99購01  ,0,0,0,0,0,0,0,0,0,0,0,0,0,17000,17000,0,0
058568,宏達電凱基9A購02,0,0,0,0,0,0,0,0,0,0,0,0,0,17000,17000,0,0
058569,健策凱基9A購01  ,0,0,0,0,0,0,0,0,0,0,0,0,0,3000,3000,0,0
059613,泰鼎永豐99購02  ,0,0,0,0,0,0,0,0,0,0,0,0,0,10000,10000,0,0
059511,宏達電永豐99購02,0,0,0,0,0,0,0,0,0,0,0,0,0,12000,12000,0,0
059642,健策凱基99購04  ,0,0,0,0,0,0,0,0,0,0,0,0,0,2000,2000,0,0
059646,聯茂凱基99購06  ,0,0,0,0,0,0,0,0,0,0,0,0,0,25000,25000,0,0
059634,可成凱基99購07  ,0,0,0,0,0,0,0,0,0,0,0,0,0,3000,3000,0,0
046061,中石化凱基98購01,0,0,0,0,0,0,0,0,0,0,0,0,0,55000,55000,0,0
050801,元金2X群益98購01,0,0,0,0,0,0,0,0,0,0,0,0,0,93000,93000,0,0
056939,康控元富98購01  ,0,0,0,0,0,0,0,0,0,0,0,0,0,1000,1000,0,0
056671,台灣50元富9A購01,0,0,0,0,0,0,0,0,0,0,0,0,0,100000,100000,0,0
056895,技嘉元大98購01  ,0,0,0,0,0,0,0,0,0,0,0,0,0,4000,4000,0,0
056918,台積電兆豐98購01,0,0,0,0,0,0,0,0,0,0,0,0,0,45000,45000,0,0
056609,楠梓電永豐98購02,0,0,0,0,0,0,0,0,0,0,0,0,0,30000,30000,0,0
057176,全新元大99購02  ,0,0,0,0,0,0,0,0,0,0,0,0,0,37000,37000,0,0
057179,可成元大98購04  ,0,0,0,0,0,0,0,0,0,0,0,0,0,100000,100000,0,0
057136,立積凱基98購02  ,0,0,0,0,0,0,0,0,0,0,0,0,0,60000,60000,0,0
057042,台積電元大98購10,0,0,0,0,0,0,0,0,0,0,0,0,0,3000,3000,0,0
054309,禾伸堂凱基98購01,0,0,0,0,0,0,0,0,0,0,0,0,0,20000,20000,0,0
054212,聯詠國票97購03  ,0,60000,-60000,0,0,0,0,0,0,60000,0,0,0,60000,0,60000,0
054177,牧德台新97購01  ,0,0,0,0,0,0,0,0,0,0,0,0,0,360000,360000,0,0
053276,友達元大9C購01  ,0,0,0,0,0,0,0,0,0,0,0,0,0,350000,350000,0,0
02001L,富邦蘋果正二N   ,0,0,0,0,0,0,0,0,0,0,0,0,0,1000,1000,0,0
00771,元大US高息特別股,0,0,0,0,0,0,0,0,0,0,0,0,0,8000,8000,0,0
00774B,新光中國政金綠債,0,0,0,0,0,0,0,0,0,0,0,0,0,2000,2000,0,0
00775B,新光投等債15+   ,0,0,0,0,0,0,0,0,0,0,0,0,0,2000,2000,0,0
00732,國泰RMB短期報酬 ,0,0,0,0,0,0,0,0,0,0,0,0,0,100000,100000,0,0
00707R,元大S&P日圓反1  ,0,0,0,0,0,0,0,0,0,0,0,0,0,1000,1000,0,0
00735,國泰臺韓科技    ,0,0,0,0,0,0,0,0,0,0,0,0,0,102000,102000,0,0
006204,永豐臺灣加權    ,0,0,0,0,0,0,0,0,0,0,0,0,0,102000,102000,0,0
0057,富邦摩台        ,0,0,0,0,0,0,0,0,0,0,0,0,0,721000,721000,0,0
00636K,國泰中國A50+U   ,0,0,0,0,0,0,0,0,0,0,0,0,0,100,100,0,0
00657K,國泰日經225+U   ,0,0,0,0,0,0,0,0,0,0,0,0,0,100,100,0,0
00689R,國泰20年美債反1 ,0,20000,-20000,0,0,0,0,0,0,20000,0,0,0,120000,100000,20000,0
00685L,群益臺灣加權正2 ,0,0,0,0,0,0,0,0,0,0,0,0,0,56000,56000,0,0
063084,可成凱基9C購01  ,0,0,0,0,0,0,0,0,0,0,0,0,0,1000,1000,0,0
062553,台積電凱基9B購07,0,0,0,0,0,0,0,0,0,0,0,0,0,2000,2000,0,0
062538,台積電國泰9C購02,0,0,0,0,0,0,0,0,0,0,0,0,0,9000,9000,0,0
063121,友達元大9C購09  ,0,0,0,0,0,0,0,0,0,0,0,0,0,50000,50000,0,0
063132,台表科元大9C購02,0,0,0,0,0,0,0,0,0,0,0,0,0,1000,1000,0,0
060732,玉晶光群益9C購02,0,0,0,0,0,0,0,0,0,0,0,0,0,60000,60000,0,0
060720,嘉聯益永豐9A購02,0,0,0,0,0,0,0,0,0,0,0,0,0,149000,149000,0,0
062820,禾伸堂兆豐9B購01,0,0,0,0,0,0,0,0,0,0,0,0,0,10000,10000,0,0
062782,聯發科元大9B購12,0,0,0,0,0,0,0,0,0,0,0,0,0,1000,1000,0,0
062861,世芯國票9C購01  ,0,0,0,0,0,0,0,0,0,0,0,0,0,2000,2000,0,0
060967,鈺齊凱基9A購02  ,0,0,0,0,0,0,0,0,0,0,0,0,0,110000,110000,0,0
060897,健策凱基9A購04  ,0,0,0,0,0,0,0,0,0,0,0,0,0,2000,2000,0,0
060894,奇力新凱基9A購03,0,0,0,0,0,0,0,0,0,0,0,0,0,5000,5000,0,0
060895,華新科凱基9B購05,0,0,0,0,0,0,0,0,0,0,0,0,0,13000,13000,0,0
060819,國巨統一9C購04  ,0,0,0,0,0,0,0,0,0,0,0,0,0,50000,50000,0,0
061090,奇力新統一9C購01,0,0,0,0,0,0,0,0,0,0,0,0,0,5000,5000,0,0
061067,貿聯凱基9A購03  ,0,0,0,0,0,0,0,0,0,0,0,0,0,5000,5000,0,0
062669,微星中信03購01  ,0,0,0,0,0,0,0,0,0,0,0,0,0,20000,20000,0,0
061995,超眾元大01購01  ,0,0,0,0,0,0,0,0,0,0,0,0,0,2000,2000,0,0
062501,台積電群益9C購03,0,0,0,0,0,0,0,0,0,0,0,0,0,5000,5000,0,0
062458,全新群益9B購03  ,0,0,0,0,0,0,0,0,0,0,0,0,0,25000,25000,0,0
062446,聯詠元大9B購02  ,0,0,0,0,0,0,0,0,0,0,0,0,0,12000,12000,0,0
062452,A50正2群益01購04,0,0,0,0,0,0,0,0,0,0,0,0,0,1000,1000,0,0
061325,晶技凱基9A購03  ,0,0,0,0,0,0,0,0,0,0,0,0,0,10000,10000,0,0
061347,創意元大9A購02  ,0,0,0,0,0,0,0,0,0,0,0,0,0,13000,13000,0,0
063362,台表科國泰01購03,0,0,0,0,0,0,0,0,0,0,0,0,0,20000,20000,0,0
063333,同欣電國票9C購01,0,0,0,0,0,0,0,0,0,0,0,0,0,24000,24000,0,0
063058,A50正2元富02購01,0,0,0,0,0,0,0,0,0,0,0,0,0,25000,25000,0,0
063043,台灣50兆豐9B購02,0,0,0,0,0,0,0,0,0,0,0,0,0,400000,400000,0,0
062141,遠東新國票9B購01,0,5000,-5000,0,0,0,0,0,0,5000,0,0,0,43000,38000,5000,0
062134,國巨群益9B購04  ,0,0,0,0,0,0,0,0,0,0,0,0,0,10000,10000,0,0
062259,可成元大9B購03  ,0,0,0,0,0,0,0,0,0,0,0,0,0,51000,51000,0,0
062264,南六元大9B購02  ,0,0,0,0,0,0,0,0,0,0,0,0,0,3000,3000,0,0
062166,致新國泰01購01  ,0,0,0,0,0,0,0,0,0,0,0,0,0,10000,10000,0,0
062315,健策凱基9C購01  ,0,0,0,0,0,0,0,0,0,0,0,0,0,2000,2000,0,0
062369,創意元大9B購01  ,0,0,0,0,0,0,0,0,0,0,0,0,0,23000,23000,0,0
062371,健策元大9B購08  ,0,0,0,0,0,0,0,0,0,0,0,0,0,2000,2000,0,0
063613,全新群益9C購01  ,0,0,0,0,0,0,0,0,0,0,0,0,0,20000,20000,0,0
063640,貿聯元大9B購03  ,0,0,0,0,0,0,0,0,0,0,0,0,0,6000,6000,0,0
063747,國巨國票9C購06  ,0,0,0,0,0,0,0,0,0,0,0,0,0,10000,10000,0,0
063800,玉晶光凱基9C購02,0,0,0,0,0,0,0,0,0,0,0,0,0,1000,1000,0,0
063781,健策永豐9B購08  ,0,0,0,0,0,0,0,0,0,0,0,0,0,1000,1000,0,0
063530,同欣電凱基9C購02,0,0,0,0,0,0,0,0,0,0,0,0,0,45000,45000,0,0
060253,昇陽半元大9C購01,0,0,0,0,0,0,0,0,0,0,0,0,0,20000,20000,0,0
060110,茂林元大99購06  ,0,0,0,0,0,0,0,0,0,0,0,0,0,24000,24000,0,0
060152,上証2X永豐9A購02,0,0,0,0,0,0,0,0,0,0,0,0,0,10000,10000,0,0
060361,南亞科元富9A購03,0,0,0,0,0,0,0,0,0,0,0,0,0,11000,11000,0,0
060644,泰鼎永豐9A購02  ,0,0,0,0,0,0,0,0,0,0,0,0,0,10000,10000,0,0
060706,群創富邦9A購01  ,0,0,0,0,0,0,0,0,0,0,0,0,0,3000,3000,0,0
060685,康友元大9A購01  ,0,0,0,0,0,0,0,0,0,0,0,0,0,100000,100000,0,0
060679,聯詠元大9A購04  ,0,0,0,0,0,0,0,0,0,0,0,0,0,29000,29000,0,0
060680,玉晶光元大9C購03,0,0,0,0,0,0,0,0,0,0,0,0,0,2000,2000,0,0
063428,矽創凱基9B購02  ,0,0,0,0,0,0,0,0,0,0,0,0,0,10000,10000,0,0
063433,臻鼎元富9B購01  ,0,0,0,0,0,0,0,0,0,0,0,0,0,85000,85000,0,0
063416,台積電凱基9B購10,0,0,0,0,0,0,0,0,0,0,0,0,0,9000,9000,0,0
063463,瑞昱元大9B購05  ,0,0,0,0,0,0,0,0,0,0,0,0,0,30000,30000,0,0
061710,國巨凱基9A購18  ,0,0,0,0,0,0,0,0,0,0,0,0,0,1000,1000,0,0
059828,健策凱基99購05  ,0,0,0,0,0,0,0,0,0,0,0,0,0,3000,3000,0,0
059862,全新群益99購04  ,0,0,0,0,0,0,0,0,0,0,0,0,0,26000,26000,0,0
060093,友達元大03購01  ,0,0,0,0,0,0,0,0,0,0,0,0,0,20000,20000,0,0
060055,宏達電凱基99購06,0,0,0,0,0,0,0,0,0,0,0,0,0,10000,10000,0,0
062083,健策元大9C購03  ,0,0,0,0,0,0,0,0,0,0,0,0,0,2000,2000,0,0
062098,億光永豐9B購01  ,0,0,0,0,0,0,0,0,0,0,0,0,0,9000,9000,0,0
059885,台積電國票99購12,0,0,0,0,0,0,0,0,0,0,0,0,0,1000,1000,0,0
061584,勤誠元大9A購01  ,0,0,0,0,0,0,0,0,0,0,0,0,0,30000,30000,0,0
061520,健策中信9A購01  ,0,0,0,0,0,0,0,0,0,0,0,0,0,10000,10000,0,0
061675,華新科元大9A購23,0,0,0,0,0,0,0,0,0,0,0,0,0,18000,18000,0,0
061643,嘉澤元大9A購05  ,0,0,0,0,0,0,0,0,0,0,0,0,0,1000,1000,0,0
061482,健策元大9C購01  ,0,0,0,0,0,0,0,0,0,0,0,0,0,1000,1000,0,0
060621,玉晶光元大9A購05,0,0,0,0,0,0,0,0,0,0,0,0,0,3000,3000,0,0
061388,台積電群益9A購05,0,0,0,0,0,0,0,0,0,0,0,0,0,1000,1000,0,0
065835,台灣50元大9C購52,0,0,0,0,0,0,0,0,0,0,0,0,0,2000,2000,0,0
065872,漢翔群益9C購01  ,0,0,0,0,0,0,0,0,0,0,0,0,0,35000,35000,0,0
065926,金像電國票02購01,0,0,0,0,0,0,0,0,0,0,0,0,0,3000,3000,0,0
065917,全新凱基02購01  ,0,0,0,0,0,0,0,0,0,0,0,0,0,20000,20000,0,0
065918,可成凱基01購01  ,0,0,0,0,0,0,0,0,0,0,0,0,0,1000,1000,0,0
065953,宏達電統一03購01,0,0,0,0,0,0,0,0,0,0,0,0,0,50000,50000,0,0
066053,創意元大01購01  ,0,0,0,0,0,0,0,0,0,0,0,0,0,7000,7000,0,0
066029,神達群益02購01  ,0,0,0,0,0,0,0,0,0,0,0,0,0,80000,80000,0,0
066025,宏達電群益01購01,0,0,0,0,0,0,0,0,0,0,0,0,0,1000,1000,0,0
066252,南港元大01購02  ,0,0,0,0,0,0,0,0,0,0,0,0,0,1000,1000,0,0
066383,臻鼎康和01購01  ,0,0,0,0,0,0,0,0,0,0,0,0,0,20000,20000,0,0
066368,聯鈞中信01購01  ,0,0,0,0,0,0,0,0,0,0,0,0,0,19000,19000,0,0
066298,美利達元大01購02,0,0,0,0,0,0,0,0,0,0,0,0,0,87000,87000,0,0
065484,康友元大9C購01  ,0,0,0,0,0,0,0,0,0,0,0,0,0,100000,100000,0,0
065475,聯發科元大01購04,0,0,0,0,0,0,0,0,0,0,0,0,0,20000,20000,0,0
065426,台積電凱基01購09,0,0,0,0,0,0,0,0,0,0,0,0,0,1000,1000,0,0
065435,臻鼎凱基02購01  ,0,0,0,0,0,0,0,0,0,0,0,0,0,20000,20000,0,0
065350,華擎統一01購04  ,0,0,0,0,0,0,0,0,0,0,0,0,0,10000,10000,0,0
065358,台灣50元大9C購48,0,0,0,0,0,0,0,0,0,0,0,0,0,2000,2000,0,0
065233,TPK凱基01購01   ,0,0,0,0,0,0,0,0,0,0,0,0,0,11000,11000,0,0
065231,宏達電凱基01購01,0,0,0,0,0,0,0,0,0,0,0,0,0,19000,19000,0,0
065223,旺宏中信01購01  ,0,0,0,0,0,0,0,0,0,0,0,0,0,10000,10000,0,0
065276,台灣50群益02購03,0,0,0,0,0,0,0,0,0,0,0,0,0,1000,1000,0,0
065268,嘉澤元大9C購02  ,0,0,0,0,0,0,0,0,0,0,0,0,0,7000,7000,0,0
065650,旭富元大9C購07  ,0,0,0,0,0,0,0,0,0,0,0,0,0,168000,168000,0,0
065521,貿聯群益9C購04  ,0,0,0,0,0,0,0,0,0,0,0,0,0,5000,5000,0,0
065559,超眾凱基9C購03  ,0,0,0,0,0,0,0,0,0,0,0,0,0,68000,68000,0,0
06556P,臺股指元大99售08,0,0,0,0,0,0,0,0,0,0,0,0,0,10000,10000,0,0
065814,健策統一9C購08  ,0,0,0,0,0,0,0,0,0,0,0,0,0,1000,1000,0,0
065792,TPK永豐9C購02   ,0,0,0,0,0,0,0,0,0,0,0,0,0,73000,73000,0,0
065765,GIS元大9C購09   ,0,0,0,0,0,0,0,0,0,0,0,0,0,4000,4000,0,0
064126,聯發科元大9C購05,0,0,0,0,0,0,0,0,0,0,0,0,0,1000,1000,0,0
064118,喬山元大01購01  ,0,0,0,0,0,0,0,0,0,0,0,0,0,11000,11000,0,0
064024,漢唐元大9C購01  ,0,0,0,0,0,0,0,0,0,0,0,0,0,38000,38000,0,0
064033,茂林元大9C購02  ,0,0,0,0,0,0,0,0,0,0,0,0,0,168000,168000,0,0
064034,台表科元大9C購07,0,0,0,0,0,0,0,0,0,0,0,0,0,1000,1000,0,0
063978,美食兆豐9C購01  ,0,0,0,0,0,0,0,0,0,0,0,0,0,50000,50000,0,0
064015,立積國票01購01  ,0,0,0,0,0,0,0,0,0,0,0,0,0,1000,1000,0,0
063847,聯發科元大9C購03,0,0,0,0,0,0,0,0,0,0,0,0,0,1000,1000,0,0
063830,智伸科國票01購01,0,0,0,0,0,0,0,0,0,0,0,0,0,2000,2000,0,0
063833,致新國票01購01  ,0,0,0,0,0,0,0,0,0,0,0,0,0,38000,38000,0,0
06391P,上銀中信97售03  ,0,0,0,0,0,0,0,0,0,0,0,0,0,10000,10000,0,0
064286,TPK元大9C購02   ,0,0,0,0,0,0,0,0,0,0,0,0,0,20000,20000,0,0
064335,可成元大9C購05  ,0,0,0,0,0,0,0,0,0,0,0,0,0,1000,1000,0,0
064336,可成元大9C購06  ,0,0,0,0,0,0,0,0,0,0,0,0,0,6000,6000,0,0
064254,景碩台新9C購02  ,0,0,0,0,0,0,0,0,0,0,0,0,0,14000,14000,0,0
064407,貿聯凱基02購02  ,0,0,0,0,0,0,0,0,0,0,0,0,0,5000,5000,0,0
064432,台積電凱基9C購04,0,0,0,0,0,0,0,0,0,0,0,0,0,2000,2000,0,0
064497,可成元大01購02  ,0,0,0,0,0,0,0,0,0,0,0,0,0,4000,4000,0,0
064712,聚陽統一02購03  ,0,0,0,0,0,0,0,0,0,0,0,0,0,30000,30000,0,0
064683,台表科兆豐9C購02,0,0,0,0,0,0,0,0,0,0,0,0,0,42000,42000,0,0
064824,台積電統一02購03,0,0,0,0,0,0,0,0,0,0,0,0,0,10000,10000,0,0
064616,智邦元大9C購04  ,0,0,0,0,0,0,0,0,0,0,0,0,0,52000,52000,0,0
064608,滬深2X元大9C購11,0,0,0,0,0,0,0,0,0,0,0,0,0,3000,3000,0,0
064609,滬深2X元大9C購12,0,0,0,0,0,0,0,0,0,0,0,0,0,6000,6000,0,0
064677,金像電兆豐9C購01,0,0,0,0,0,0,0,0,0,0,0,0,0,9000,9000,0,0
064564,義隆群益9C購02  ,0,0,0,0,0,0,0,0,0,0,0,0,0,10000,10000,0,0
064955,健策凱基9C購03  ,0,0,0,0,0,0,0,0,0,0,0,0,0,2000,2000,0,0
064949,南亞科凱基9C購01,0,0,0,0,0,0,0,0,0,0,0,0,0,3000,3000,0,0
064894,漢唐群益9C購02  ,0,0,0,0,0,0,0,0,0,0,0,0,0,11000,11000,0,0
065025,健策永豐9C購02  ,0,0,0,0,0,0,0,0,0,0,0,0,0,2000,2000,0,0
065075,葡萄王元大01購01,0,0,0,0,0,0,0,0,0,0,0,0,0,17000,17000,0,0
065162,台灣50元大9C購47,0,0,0,0,0,0,0,0,0,0,0,0,0,2000,2000,0,0
065156,可成群益01購02  ,0,0,0,0,0,0,0,0,0,0,0,0,0,4000,4000,0,0
065115,臺股指國票9C購12,0,0,0,0,0,0,0,0,0,0,0,0,0,10000,10000,0,0
065134,中石化凱基01購01,0,0,0,0,0,0,0,0,0,0,0,0,0,60000,60000,0,0
8367,建新國際        ,1000,1000,0,0,0,0,0,0,0,0,0,0,0,0,0,0,0
8374,羅昇            ,3000,2000,1000,0,0,0,0,0,0,-1000,0,1000,-1000,0,0,0,0
8222,寶一            ,3000,3000,0,0,0,0,0,0,0,0,0,0,0,0,0,0,0
9926,新海            ,0,1000,-1000,0,0,0,0,0,0,1000,1000,0,1000,0,0,0,0
5283,禾聯碩          ,1000,1000,0,0,0,0,0,0,0,0,0,0,0,0,0,0,0
2748,雲品            ,2000,2000,0,0,0,0,0,0,0,0,0,0,0,0,0,0,0
2488,漢平            ,7000,7000,0,0,0,0,0,0,0,0,0,0,0,0,0,0,0
3296,勝德            ,8000,7000,1000,0,0,0,0,0,0,-1000,0,1000,-1000,0,0,0,0
3025,星通            ,1000,0,1000,0,0,0,0,0,0,-1000,0,1000,-1000,0,0,0,0
1323,永裕            ,7000,3000,4000,0,0,0,0,0,0,-4000,0,4000,-4000,0,0,0,0
08897P,國巨群益01售10  ,0,0,0,0,0,0,0,0,0,0,0,0,0,8000,8000,0,0
08855P,台灣50國票01售05,0,0,0,0,0,0,0,0,0,0,0,0,0,8000,8000,0,0
08804P,國巨元富07售08  ,0,0,0,0,0,0,0,0,0,0,0,0,0,9000,9000,0,0
08808P,台灣50群益01售06,0,0,0,0,0,0,0,0,0,0,0,0,0,18000,18000,0,0
08667P,大立光國票02售01,0,0,0,0,0,0,0,0,0,0,0,0,0,2000,2000,0,0
1453,大將            ,4000,3000,1000,0,0,0,0,0,0,-1000,0,1000,-1000,0,0,0,0
1618,合機            ,8000,5000,3000,0,0,0,0,0,0,-3000,0,3000,-3000,0,0,0,0
08594P,台積電群益01售05,0,0,0,0,0,0,0,0,0,-1000,0,0,0,100000,101000,-1000,-1000
08639P,聯發科永豐9C售03,0,0,0,0,0,0,0,0,0,-1000,0,0,0,5000,6000,-1000,-1000
08330P,聯發科統一9C售13,0,0,0,0,0,0,0,0,0,-1000,0,0,0,0,1000,-1000,-1000
08459P,聯發科兆豐9C售04,0,0,0,0,0,0,0,0,0,-1000,0,0,0,0,1000,-1000,-1000
08429P,台達電凱基9C售01,0,0,0,0,0,0,0,0,0,-1000,0,0,0,1000,2000,-1000,-1000
08409P,臺股指元大9C售15,0,0,0,0,0,0,0,0,0,-1000,0,0,0,0,1000,-1000,-1000
08176P,國巨元大9B售20  ,0,0,0,0,0,0,0,0,0,-1000,0,0,0,0,1000,-1000,-1000
08149P,祥碩群益9B售07  ,0,0,0,0,0,0,0,0,0,-1000,0,0,0,0,1000,-1000,-1000
07991P,鴻海群益9C售02  ,0,0,0,0,0,0,0,0,0,-1000,0,0,0,1000,2000,-1000,-1000
07910P,台積電統一9C售07,0,0,0,0,0,0,0,0,0,-1000,0,0,0,0,1000,-1000,-1000
07811P,華新科統一9A售02,0,0,0,0,0,0,0,0,0,-1000,0,0,0,0,1000,-1000,-1000
06798P,臺股指凱基98售08,0,0,0,0,0,0,0,0,0,-1000,0,0,0,0,1000,-1000,-1000
067954,大立光永豐01購02,0,0,0,0,0,0,0,0,0,-1000,0,0,0,0,1000,-1000,-1000
067962,鴻海群益02購04  ,0,0,0,0,0,0,0,0,0,-1000,0,0,0,0,1000,-1000,-1000
067951,宏碁永豐01購02  ,0,0,0,0,0,0,0,0,0,-1000,0,0,0,0,1000,-1000,-1000
068015,臺指反國票01購02,0,0,0,0,0,0,0,0,0,-1000,0,0,0,0,1000,-1000,-1000
067858,上証2X元大01購06,0,0,0,0,0,0,0,0,0,-1000,0,0,0,0,1000,-1000,-1000
067927,瑞祺兆豐01購01  ,0,0,0,0,0,0,0,0,0,-1000,0,0,0,0,1000,-1000,-1000
067729,台灣50元大01購29,0,0,0,0,0,0,0,0,0,-1000,0,0,0,0,1000,-1000,-1000
067753,臺股指元大01購17,0,0,0,0,0,0,0,0,0,-1000,0,0,0,30000,31000,-1000,-1000
067795,臺股指群益01購07,0,0,0,0,0,0,0,0,0,-1000,0,0,0,0,1000,-1000,-1000
06931P,大立光元大98售20,0,0,0,0,0,0,0,0,0,-1000,0,0,0,0,1000,-1000,-1000
06977P,臺股指元大9A售15,0,0,0,0,0,0,0,0,0,-1000,0,0,0,0,1000,-1000,-1000
06962P,華新科永豐99售01,0,0,0,0,0,0,0,0,0,-1000,0,0,0,0,1000,-1000,-1000
07190P,臺股指富邦9C售02,0,0,0,0,0,0,0,0,0,-1000,0,0,0,0,1000,-1000,-1000
07196P,大立光元大99售13,0,0,0,0,0,0,0,0,0,-1000,0,0,0,28000,29000,-1000,-1000
07246P,旺宏凱基99售08  ,0,0,0,0,0,0,0,0,0,-1000,0,0,0,0,1000,-1000,-1000
07258P,台灣50台新9A售01,0,0,0,0,0,0,0,0,0,-1000,0,0,0,0,1000,-1000,-1000
07470P,國巨元大9A售06  ,0,0,0,0,0,0,0,0,0,-1000,0,0,0,0,1000,-1000,-1000
07712P,茂林元大9A售03  ,0,0,0,0,0,0,0,0,0,-1000,0,0,0,0,1000,-1000,-1000
07641P,上銀凱基9A售05  ,0,0,0,0,0,0,0,0,0,-1000,0,0,0,0,1000,-1000,-1000
07574P,國巨元大9A售12  ,0,0,0,0,0,0,0,0,0,-1000,0,0,0,0,1000,-1000,-1000
067445,台積電國票01購06,0,0,0,0,0,0,0,0,0,-1000,0,0,0,12000,13000,-1000,-1000
067557,可成國票01購01  ,0,0,0,0,0,0,0,0,0,-1000,0,0,0,23000,24000,-1000,-1000
067159,上証2X國票02購01,0,0,0,0,0,0,0,0,0,-1000,0,0,0,4000,5000,-1000,-1000
067137,健策永豐01購03  ,0,0,0,0,0,0,0,0,0,-1000,0,0,0,2000,3000,-1000,-1000
067337,欣興凱基01購01  ,0,0,0,0,0,0,0,0,0,-1000,0,0,0,213000,214000,-1000,-1000
06659P,T50正2富邦9A售01,0,0,0,0,0,0,0,0,0,-1000,0,0,0,0,1000,-1000,-1000
066942,滬深2X元大03購02,0,0,0,0,0,0,0,0,0,-1000,0,0,0,0,1000,-1000,-1000
066900,和潤康和07購01  ,0,0,0,0,0,0,0,0,0,-1000,0,0,0,24000,25000,-1000,-1000
066969,可成元富07購01  ,0,0,0,0,0,0,0,0,0,-1000,0,0,0,0,1000,-1000,-1000
066880,上証2X永豐01購01,0,0,0,0,0,0,0,0,0,-1000,0,0,0,0,1000,-1000,-1000
00666R,富邦恒生國企反1 ,0,0,0,0,0,0,0,0,0,-1000,0,0,0,88000,89000,-1000,-1000
00660,元大歐洲50      ,0,0,0,0,0,0,0,0,0,-1000,0,0,0,4000,5000,-1000,-1000
00742,新光內需收益    ,0,0,0,0,0,0,0,0,0,-1000,150000,150000,0,289000,290000,-1000,-1000
053391,嘉聯益元大99購01,0,0,0,0,0,0,0,0,0,-1000,0,0,0,0,1000,-1000,-1000
03425B,臺股指元大9A熊01,0,0,0,0,0,0,0,0,0,-1000,0,0,0,0,1000,-1000,-1000
03035P,玉晶光國票01售07,0,0,0,0,0,0,0,0,0,-1000,0,0,0,0,1000,-1000,-1000
03052X,元展49          ,0,0,0,0,0,0,0,0,0,-1000,0,0,0,0,1000,-1000,-1000
057084,立積統一9B購01  ,0,0,0,0,0,0,0,0,0,-1000,0,0,0,0,1000,-1000,-1000
057093,臻鼎元富98購02  ,0,0,0,0,0,0,0,0,0,-1000,0,0,0,0,1000,-1000,-1000
056681,鴻海統一98購09  ,0,0,0,0,0,0,0,0,0,-1000,0,0,0,0,1000,-1000,-1000
042793,台積電台新9C購01,0,0,0,0,0,0,0,0,0,-1000,0,0,0,0,1000,-1000,-1000
03686C,臺股指元大04牛05,0,0,0,0,0,0,0,0,0,-1000,0,0,0,2000,3000,-1000,-1000
056479,玉晶光元大99購05,0,0,0,0,0,0,0,0,0,-1000,0,0,0,13000,14000,-1000,-1000
059662,旭富元大9C購01  ,0,0,0,0,0,0,0,0,0,-1000,0,0,0,9000,10000,-1000,-1000
058512,宏達電元大99購04,0,0,0,0,0,0,0,0,0,-1000,0,0,0,0,1000,-1000,-1000
059415,台灣50元大9A購03,0,0,0,0,0,0,0,0,0,-1000,0,0,0,0,1000,-1000,-1000
056345,嘉聯益凱基99購01,0,0,0,0,0,0,0,0,0,-1000,0,0,0,0,1000,-1000,-1000
056222,台積電凱基9A購01,0,0,0,0,0,0,0,0,0,-1000,0,0,0,0,1000,-1000,-1000
057629,泰碩永豐98購02  ,0,0,0,0,0,0,0,0,0,-1000,0,0,0,47000,48000,-1000,-1000
057670,欣興元大99購02  ,0,0,0,0,0,0,0,0,0,-1000,0,0,0,2000,3000,-1000,-1000
054555,欣興凱基98購01  ,0,0,0,0,0,0,0,0,0,-1000,0,0,0,0,1000,-1000,-1000
054977,SP黃豆元富9B購01,0,0,0,0,0,0,0,0,0,-1000,0,0,0,0,1000,-1000,-1000
055820,矽力國票98購02  ,0,0,0,0,0,0,0,0,0,-1000,0,0,0,0,1000,-1000,-1000
059176,臺股指凱基99購27,0,0,0,0,0,0,0,0,0,-1000,0,0,0,0,1000,-1000,-1000
059177,臺股指凱基99購28,0,0,0,0,0,0,0,0,0,-1000,0,0,0,0,1000,-1000,-1000
059091,中信金元大99購01,0,0,0,0,0,0,0,0,0,-1000,0,0,0,5000,6000,-1000,-1000
058999,台積電元大99購24,0,0,0,0,0,0,0,0,0,-1000,0,0,0,0,1000,-1000,-1000
059047,元油2X凱基9A購10,0,0,0,0,0,0,0,0,0,-1000,0,0,0,0,1000,-1000,-1000
059040,訊芯群益99購03  ,0,0,0,0,0,0,0,0,0,-1000,0,0,0,0,1000,-1000,-1000
059030,奇力新兆豐99購03,0,0,0,0,0,0,0,0,0,-1000,0,0,0,0,1000,-1000,-1000
058808,大成鋼統一9B購01,0,0,0,0,0,0,0,0,0,-1000,0,0,0,0,1000,-1000,-1000
059365,T50反1台新99購01,0,0,0,0,0,0,0,0,0,-1000,0,0,0,0,1000,-1000,-1000
059719,台積電元大99購42,0,0,0,0,0,0,0,0,0,-1000,0,0,0,0,1000,-1000,-1000
057809,英業達元大98購01,0,0,0,0,0,0,0,0,0,-1000,0,0,0,0,1000,-1000,-1000
057897,華通富邦99購01  ,0,0,0,0,0,0,0,0,0,-1000,0,0,0,9000,10000,-1000,-1000
061224,道瓊反中信01購01,0,0,0,0,0,0,0,0,0,-1000,0,0,0,0,1000,-1000,-1000
060464,台積電元大9A購11,0,0,0,0,0,0,0,0,0,-1000,0,0,0,0,1000,-1000,-1000
058776,台積電國票9A購03,0,0,0,0,0,0,0,0,0,-1000,0,0,0,0,1000,-1000,-1000
063242,聯發科元大9B購19,0,0,0,0,0,0,0,0,0,-1000,0,0,0,0,1000,-1000,-1000
063235,台積電元大9B購06,0,0,0,0,0,0,0,0,0,-1000,0,0,0,0,1000,-1000,-1000
058137,玉晶光元大99購11,0,0,0,0,0,0,0,0,0,-1000,0,0,0,1000,2000,-1000,-1000
058164,FBVIX凱基03購02 ,0,0,0,0,0,0,0,0,0,-1000,0,0,0,0,1000,-1000,-1000
058073,大立光凱基99購04,0,0,0,0,0,0,0,0,0,-1000,0,0,0,0,1000,-1000,-1000
061384,T50反1群益9A購04,0,0,0,0,0,0,0,0,0,-1000,0,0,0,0,1000,-1000,-1000
063165,泰碩永豐9B購02  ,0,0,0,0,0,0,0,0,0,-1000,0,0,0,0,1000,-1000,-1000
061442,玉晶光永豐9A購07,0,0,0,0,0,0,0,0,0,-1000,0,0,0,0,1000,-1000,-1000
061611,南六統一01購01  ,0,0,0,0,0,0,0,0,0,-1000,0,0,0,0,1000,-1000,-1000
061668,信邦中信9B購01  ,0,0,0,0,0,0,0,0,0,-1000,0,0,0,270000,271000,-1000,-1000
059882,臺股指凱基9C購06,0,0,0,0,0,0,0,0,0,-1000,0,0,0,0,1000,-1000,-1000
059936,台積電永豐99購06,0,0,0,0,0,0,0,0,0,-1000,0,0,0,0,1000,-1000,-1000
062057,華邦電統一01購01,0,0,0,0,0,0,0,0,0,-1000,0,0,0,110000,111000,-1000,-1000
059941,聯發科永豐99購04,0,0,0,0,0,0,0,0,0,-1000,0,0,0,0,1000,-1000,-1000
061846,元金2X國票9C購01,0,0,0,0,0,0,0,0,0,-1000,0,0,0,0,1000,-1000,-1000
060343,台積電統一9C購02,0,0,0,0,0,0,0,0,0,-1000,0,0,0,0,1000,-1000,-1000
060163,健策永豐9B購01  ,0,0,0,0,0,0,0,0,0,-1000,0,0,0,0,1000,-1000,-1000
063636,聯發科元大9B購26,0,0,0,0,0,0,0,0,0,-1000,0,0,0,2000,3000,-1000,-1000
063711,高鐵凱基9B購01  ,0,0,0,0,0,0,0,0,0,-1000,0,0,0,0,1000,-1000,-1000
062330,可成統一9B購03  ,0,0,0,0,0,0,0,0,0,-1000,0,0,0,0,1000,-1000,-1000
063364,聯發科富邦01購02,0,0,0,0,0,0,0,0,0,-1000,0,0,0,6000,7000,-1000,-1000
061282,台積電統一9C購06,0,0,0,0,0,0,0,0,0,-1000,0,0,0,0,1000,-1000,-1000
062474,台表科凱基9C購01,0,0,0,0,0,0,0,0,0,-1000,0,0,0,19000,20000,-1000,-1000
062485,華通國泰01購01  ,0,0,0,0,0,0,0,0,0,-1000,0,0,0,45000,46000,-1000,-1000
062493,元金反中信9B購01,0,0,0,0,0,0,0,0,0,-1000,0,0,0,0,1000,-1000,-1000
062684,華新科統一01購02,0,0,0,0,0,0,0,0,0,-1000,0,0,0,265000,266000,-1000,-1000
061032,金像電永豐9A購03,0,0,0,0,0,0,0,0,0,-1000,0,0,0,1000,2000,-1000,-1000
060593,華通麥證9A購01  ,0,0,0,0,1000,-1000,0,0,0,-1000,0,0,0,0,1000,-1000,-1000
060814,健策凱基9B購01  ,0,0,0,0,0,0,0,0,0,-1000,0,0,0,2000,3000,-1000,-1000
060779,臺股指凱基9A購07,0,0,0,0,0,0,0,0,0,-1000,0,0,0,0,1000,-1000,-1000
060905,台積電元大9A購20,0,0,0,0,0,0,0,0,0,-1000,0,0,0,0,1000,-1000,-1000
060990,新光金元大9B購03,0,0,0,0,0,0,0,0,0,-1000,0,0,0,0,1000,-1000,-1000
060980,台積電元大9A購21,0,0,0,0,0,0,0,0,0,-1000,0,0,0,0,1000,-1000,-1000
062848,臺股指富邦9B購02,0,0,0,0,0,0,0,0,0,-1000,0,0,0,0,1000,-1000,-1000
062792,臺股指元大9B購35,0,0,0,0,0,0,0,0,0,-1000,0,0,0,0,1000,-1000,-1000
063105,健策群益9C購01  ,0,0,0,0,0,0,0,0,0,-1000,0,0,0,1000,2000,-1000,-1000
065153,金像電群益9C購03,0,0,0,0,0,0,0,0,0,-1000,0,0,0,2000,3000,-1000,-1000
065089,大立光元大9C購23,0,0,0,0,0,0,0,0,0,-1000,0,0,0,125000,126000,-1000,-1000
065068,臺股指群益9C購16,0,0,0,0,0,0,0,0,0,-1000,0,0,0,0,1000,-1000,-1000
064860,聯發科富邦03購01,0,0,0,0,0,0,0,0,0,-1000,0,0,0,38000,39000,-1000,-1000
064957,台表科凱基02購02,0,0,0,0,0,0,0,0,0,-1000,0,0,0,40000,41000,-1000,-1000
064657,和大元大9C購02  ,0,0,0,0,0,0,0,0,0,-1000,0,0,0,0,1000,-1000,-1000
064486,聚陽元大9C購01  ,0,0,0,0,0,0,0,0,0,-1000,0,0,0,0,1000,-1000,-1000
064392,喬山永豐9C購01  ,0,0,0,0,0,0,0,0,0,-1000,0,0,0,3000,4000,-1000,-1000
063844,台積電元大9C購05,0,0,0,0,0,0,0,0,0,-1000,0,0,0,0,1000,-1000,-1000
063979,健鼎兆豐9C購01  ,0,0,0,0,0,0,0,0,0,-1000,0,0,0,30000,31000,-1000,-1000
064104,TPK群益9C購02   ,0,0,0,0,0,0,0,0,0,-1000,0,0,0,17000,18000,-1000,-1000
064182,臻鼎富邦01購01  ,0,0,0,0,0,0,0,0,0,-1000,0,0,0,0,1000,-1000,-1000
065644,義隆元大9C購08  ,0,0,0,0,0,0,0,0,0,-1000,0,0,0,39000,40000,-1000,-1000
065334,立積國票01購02  ,0,0,0,0,0,0,0,0,0,-1000,0,0,0,0,1000,-1000,-1000
065247,聯發科麥證9C購02,0,0,0,0,1000,-1000,0,0,0,-1000,0,0,0,0,1000,-1000,-1000
065186,和大統一02購06  ,0,0,0,0,0,0,0,0,0,-1000,0,0,0,0,1000,-1000,-1000
065195,國巨元富06購01  ,0,0,0,0,0,0,0,0,0,-1000,0,0,0,0,1000,-1000,-1000
065412,金像電永豐9C購01,0,0,0,0,0,0,0,0,0,-1000,0,0,0,0,1000,-1000,-1000
065498,台積電富邦04購02,0,0,0,0,0,0,0,0,0,-1000,0,0,0,1000,2000,-1000,-1000
066158,惠特康和01購01  ,0,0,0,0,0,0,0,0,0,-1000,0,0,0,0,1000,-1000,-1000
066020,東元群益01購01  ,0,0,0,0,0,0,0,0,0,-1000,0,0,0,1000,2000,-1000,-1000
065911,超眾永豐9C購01  ,0,0,0,0,0,0,0,0,0,-1000,0,0,0,0,1000,-1000,-1000
06581P,南亞科凱基98售04,0,0,0,0,0,0,0,0,0,-1000,0,0,0,0,1000,-1000,-1000
1583,程泰            ,0,1000,-1000,0,0,0,0,0,0,0,0,0,0,0,0,0,-1000
1776,展宇            ,0,0,0,0,0,0,0,0,0,-1000,0,1000,-1000,0,0,0,-1000
1727,中華化          ,0,0,0,0,0,0,0,0,0,-1000,0,1000,-1000,0,0,0,-1000
1732,毛寶            ,29000,31000,-2000,0,0,0,0,0,0,1000,1000,0,1000,0,0,0,-1000
1535,中宇            ,1000,2000,-1000,0,0,0,0,0,0,0,0,0,0,0,0,0,-1000
1470,大統新創        ,0,1000,-1000,0,0,0,0,0,0,0,0,0,0,0,0,0,-1000
2024,志聯            ,1000,1000,0,0,0,0,0,0,0,-1000,0,1000,-1000,0,0,0,-1000
2442,新美齊          ,91000,82000,9000,0,0,0,0,0,0,-10000,0,10000,-10000,0,0,0,-1000
08725P,臺股指元大01售06,0,0,0,0,0,0,0,0,0,-1000,0,0,0,0,1000,-1000,-1000
08733P,臺股指麥證01售05,0,0,0,15000,16000,-1000,0,0,0,-1000,0,0,0,15000,16000,-1000,-1000
08787P,滬深2X元富01售06,0,0,0,0,0,0,0,0,0,-1000,0,0,0,1000,2000,-1000,-1000
08859P,奇鋐國票03售01  ,0,0,0,0,0,0,0,0,0,-1000,0,0,0,25000,26000,-1000,-1000
08870P,鴻海群益01售09  ,0,0,0,0,0,0,0,0,0,-1000,0,0,0,0,1000,-1000,-1000
08919P,臺股指凱基01售10,0,0,0,0,0,0,0,0,0,-1000,0,0,0,0,1000,-1000,-1000
08924P,鴻海元富07售10  ,0,0,0,0,0,0,0,0,0,-1000,0,0,0,0,1000,-1000,-1000
2936,客思達-KY       ,1000,1000,0,0,0,0,0,0,0,-1000,0,1000,-1000,0,0,0,-1000
3046,建碁            ,0,1000,-1000,0,0,0,0,0,0,0,0,0,0,0,0,0,-1000
3550,聯穎            ,0,0,0,0,0,0,0,0,0,-1000,0,1000,-1000,0,0,0,-1000
3346,麗清            ,5000,4000,1000,0,0,0,0,0,0,-2000,0,2000,-2000,0,0,0,-1000
2630,亞航            ,0,1000,-1000,0,0,0,0,0,0,0,0,0,0,0,0,0,-1000
5484,慧友            ,0,1000,-1000,0,0,0,0,0,0,0,0,0,0,0,0,0,-1000
5258,虹堡            ,25000,25000,0,0,0,0,0,0,0,-1000,0,1000,-1000,0,0,0,-1000
4438,廣越            ,1000,2000,-1000,0,0,0,0,0,0,0,0,0,0,0,0,0,-1000
4557,永新-KY         ,0,0,0,0,0,0,0,0,0,-1000,0,1000,-1000,0,0,0,-1000
6666,羅麗芬-KY       ,0,1000,-1000,0,0,0,0,0,0,0,0,0,0,0,0,0,-1000
6625,必應            ,0,0,0,0,0,0,0,0,0,-1000,0,1000,-1000,0,0,0,-1000
6581,鋼聯            ,4000,4000,0,0,0,0,0,0,0,-1000,0,1000,-1000,0,0,0,-1000
6464,台數科          ,0,1000,-1000,0,0,0,0,0,0,0,0,0,0,0,0,0,-1000
6405,悅城            ,0,0,0,0,0,0,0,0,0,-1000,0,1000,-1000,0,0,0,-1000
066984,總太群益02購01  ,0,0,0,0,0,0,0,0,0,-2000,0,0,0,0,2000,-2000,-2000
066614,貿聯麥證01購01  ,0,0,0,0,2000,-2000,0,0,0,-2000,0,0,0,0,2000,-2000,-2000
067547,儒鴻中信01購01  ,0,0,0,0,0,0,0,0,0,-2000,0,0,0,0,2000,-2000,-2000
067455,T50反1國泰03購01,0,0,0,0,0,0,0,0,0,-2000,0,0,0,0,2000,-2000,-2000
067353,可成群益02購01  ,0,0,0,0,0,0,0,0,0,-2000,0,0,0,4000,6000,-2000,-2000
07693P,群創元大9B售10  ,0,0,0,0,0,0,0,0,0,-2000,0,0,0,0,2000,-2000,-2000
07667P,亞德客元大9A售05,0,0,0,0,0,0,0,0,0,-2000,0,0,0,0,2000,-2000,-2000
07518P,臺股指元大9B售09,0,0,0,0,0,0,0,0,0,-2000,0,0,0,0,2000,-2000,-2000
07522P,台積電中信9A售03,0,0,0,0,0,0,0,0,0,-2000,0,0,0,0,2000,-2000,-2000
06841P,臺股指統一9A售02,0,0,0,0,0,0,0,0,0,-2000,0,0,0,0,2000,-2000,-2000
067813,晶技凱基01購03  ,0,0,0,0,0,0,0,0,0,-2000,0,0,0,13000,15000,-2000,-2000
067869,玉晶光元大01購05,0,0,0,0,0,0,0,0,0,-2000,0,0,0,0,2000,-2000,-2000
067959,嘉聯益永豐01購01,0,0,0,0,0,0,0,0,0,-2000,0,0,0,0,2000,-2000,-2000
07771P,義隆國票9A售01  ,0,0,0,0,0,0,0,0,0,-2000,0,0,0,0,2000,-2000,-2000
08105P,景碩元大9B售01  ,0,0,0,0,0,0,0,0,0,-2000,0,0,0,0,2000,-2000,-2000
08240P,華通中信06售03  ,0,0,0,0,0,0,0,0,0,-2000,0,0,0,280000,282000,-2000,-2000
08326P,臺股指凱基9C售09,0,0,0,0,0,0,0,0,0,-2000,0,0,0,0,2000,-2000,-2000
058323,泰鼎永豐9A購01  ,0,0,0,0,0,0,0,0,0,-2000,0,0,0,20000,22000,-2000,-2000
058272,超眾永豐9A購01  ,0,0,0,0,0,0,0,0,0,-2000,0,0,0,0,2000,-2000,-2000
057437,可成國票99購01  ,0,0,0,0,0,0,0,0,0,-2000,0,0,0,8000,10000,-2000,-2000
059761,國巨永豐99購06  ,0,0,0,0,0,0,0,0,0,-2000,0,0,0,8000,10000,-2000,-2000
059727,大立光元大9A購01,0,0,0,0,0,0,0,0,0,-2000,0,0,0,0,2000,-2000,-2000
058908,貿聯元大99購03  ,0,0,0,0,0,0,0,0,0,-2000,0,0,0,0,2000,-2000,-2000
059114,華新科永豐99購05,0,0,0,0,0,0,0,0,0,-2000,0,0,0,0,2000,-2000,-2000
059146,貿聯國票9A購02  ,0,0,0,0,0,0,0,0,0,-2000,0,0,0,0,2000,-2000,-2000
059164,旺宏凱基99購06  ,0,0,0,0,0,0,0,0,0,-2000,0,0,0,0,2000,-2000,-2000
059169,可成凱基99購04  ,0,0,0,0,0,0,0,0,0,-2000,0,0,0,0,2000,-2000,-2000
059242,南亞科凱基99購06,0,0,0,0,0,0,0,0,0,-2000,0,0,0,37000,39000,-2000,-2000
055948,道瓊銀元大98購02,0,0,0,0,0,0,0,0,0,-2000,0,0,0,10000,12000,-2000,-2000
056777,矽力元大98購02  ,0,0,0,0,0,0,0,0,0,-2000,0,0,0,0,2000,-2000,-2000
05682P,大立光元大98售03,0,0,0,0,0,0,0,0,0,-2000,0,0,0,0,2000,-2000,-2000
057278,可成元大98購06  ,0,0,0,0,0,0,0,0,0,-2000,0,0,0,84000,86000,-2000,-2000
05643P,大立光中信98售01,0,0,0,0,0,0,0,0,0,-2000,0,0,0,0,2000,-2000,-2000
059436,大立光元大99購18,0,0,0,0,0,0,0,0,0,-2000,0,0,0,0,2000,-2000,-2000
059489,上証2X國票9A購01,0,0,0,0,0,0,0,0,0,-2000,0,0,0,0,2000,-2000,-2000
059676,台積電台新99購05,0,0,0,0,0,0,0,0,0,-2000,0,0,0,0,2000,-2000,-2000
059681,華新科國泰9B購02,0,0,0,0,0,0,0,0,0,-2000,0,0,0,9000,11000,-2000,-2000
059649,矽力凱基99購02  ,0,0,0,0,0,0,0,0,0,-2000,0,0,0,0,2000,-2000,-2000
059605,臺股指元大9A購42,0,0,0,0,0,0,0,0,0,-2000,0,0,0,0,2000,-2000,-2000
056470,旺宏元大99購01  ,0,0,0,0,0,0,0,0,0,-2000,0,0,0,0,2000,-2000,-2000
03023P,玉晶光群益02售27,0,0,0,0,0,0,0,0,0,-2000,0,0,0,0,2000,-2000,-2000
062878,宏達電兆豐9B購01,0,0,0,0,0,0,0,0,0,-2000,0,0,0,50000,52000,-2000,-2000
060574,高股息中信9C購01,0,0,0,0,0,0,0,0,0,-2000,0,0,0,0,2000,-2000,-2000
060519,S&P500中信01購01,0,0,0,0,0,0,0,0,0,-2000,0,0,0,0,2000,-2000,-2000
061283,智邦統一9A購01  ,0,0,0,0,0,0,0,0,0,-2000,0,0,0,0,2000,-2000,-2000
062406,臻鼎永豐9B購01  ,0,0,0,0,0,0,0,0,0,-2000,0,0,0,0,2000,-2000,-2000
061317,旺宏凱基9A購05  ,0,0,0,0,0,0,0,0,0,-2000,0,0,0,0,2000,-2000,-2000
063066,同欣電麥證9B購01,0,0,0,0,2000,-2000,0,0,0,-2000,0,0,0,0,2000,-2000,-2000
062109,聯詠國票9C購01  ,0,0,0,0,0,0,0,0,0,-2000,0,0,0,0,2000,-2000,-2000
062351,瑞祺群益9C購01  ,0,0,0,0,0,0,0,0,0,-2000,0,0,0,0,2000,-2000,-2000
063825,道瓊銀國票01購01,0,0,0,0,0,0,0,0,0,-2000,0,0,0,5000,7000,-2000,-2000
063745,喬山國票9C購01  ,0,0,0,0,0,0,0,0,0,-2000,0,0,0,0,2000,-2000,-2000
063734,可成元大9B購04  ,0,0,0,0,0,0,0,0,0,-2000,0,0,0,18000,20000,-2000,-2000
063524,瑞昱凱基9B購05  ,0,0,0,0,0,0,0,0,0,-2000,0,0,0,0,2000,-2000,-2000
063386,國巨兆豐9B購04  ,0,0,0,0,0,0,0,0,0,-2000,0,0,0,23000,25000,-2000,-2000
060233,宏碁元大9A購01  ,0,0,0,0,0,0,0,0,0,-2000,0,0,0,38000,40000,-2000,-2000
060384,葡萄王凱基9B購01,0,0,0,0,0,0,0,0,0,-2000,0,0,0,0,2000,-2000,-2000
060368,緯穎元富9A購03  ,0,0,0,0,0,0,0,0,0,-2000,0,0,0,0,2000,-2000,-2000
060369,滬深2X元富01購01,0,0,0,0,0,0,0,0,0,-2000,0,0,0,2000,4000,-2000,-2000
061679,健策元大9B購04  ,0,0,0,0,0,0,0,0,0,-2000,0,0,0,36000,38000,-2000,-2000
061541,旺宏群益9A購03  ,0,0,0,0,0,0,0,0,0,-2000,0,0,0,0,2000,-2000,-2000
061578,玉晶光元大9A購16,0,0,0,0,0,0,0,0,0,-2000,0,0,0,0,2000,-2000,-2000
061415,健策群益9A購04  ,0,0,0,0,0,0,0,0,0,-2000,0,0,0,32000,34000,-2000,-2000
061472,台積電元大9A購32,0,0,0,0,0,0,0,0,0,-2000,0,0,0,0,2000,-2000,-2000
065863,臺股指元大9C購37,0,0,0,0,0,0,0,0,0,-2000,0,0,0,2000,4000,-2000,-2000
065935,金像電群益01購03,0,0,0,0,0,0,0,0,0,-2000,0,0,0,0,2000,-2000,-2000
065357,立積元富03購01  ,0,0,0,0,0,0,0,0,0,-2000,0,0,0,0,2000,-2000,-2000
065661,智原永豐9C購01  ,0,0,0,0,0,0,0,0,0,-2000,0,0,0,73000,75000,-2000,-2000
065595,鴻海元大9C購15  ,0,0,0,0,0,0,0,0,0,-2000,0,0,0,66000,68000,-2000,-2000
06575P,大立光永昌99售02,0,0,0,0,0,0,0,0,0,-2000,0,0,0,0,2000,-2000,-2000
065699,南亞科群益9C購02,0,0,0,0,0,0,0,0,0,-2000,0,0,0,77000,79000,-2000,-2000
065697,旺宏群益9C購07  ,0,0,0,0,0,0,0,0,0,-2000,0,0,0,0,2000,-2000,-2000
064130,創意元大9C購02  ,0,0,0,0,0,0,0,0,0,-2000,0,0,0,2000,4000,-2000,-2000
063936,道瓊反元大9C購02,0,0,0,0,0,0,0,0,0,-2000,0,0,0,5000,7000,-2000,-2000
063868,嘉晶永豐9C購01  ,0,0,0,0,0,0,0,0,0,-2000,0,0,0,0,2000,-2000,-2000
064493,南亞科元大9C購01,0,0,0,0,0,0,0,0,0,-2000,0,0,0,100000,102000,-2000,-2000
064563,全新群益02購01  ,0,0,0,0,0,0,0,0,0,-2000,0,0,0,3000,5000,-2000,-2000
064533,技嘉國票01購01  ,0,0,0,0,0,0,0,0,0,-2000,0,0,0,3000,5000,-2000,-2000
064539,玉晶光麥證01購01,0,0,0,1000,3000,-2000,0,0,0,-2000,0,0,0,1000,3000,-2000,-2000
064815,台表科元大01購01,0,0,0,0,0,0,0,0,0,-2000,0,0,0,1000,3000,-2000,-2000
064802,台積電元大01購04,0,0,0,0,0,0,0,0,0,-2000,0,0,0,0,2000,-2000,-2000
064688,國巨群益9C購11  ,0,0,0,0,0,0,0,0,0,-2000,0,0,0,0,2000,-2000,-2000
064851,勤誠元富03購01  ,0,0,0,0,0,0,0,0,0,-2000,0,0,0,0,2000,-2000,-2000
065058,東元群益9C購01  ,0,0,0,0,0,0,0,0,0,-2000,0,0,0,0,2000,-2000,-2000
065021,貿聯富邦03購01  ,0,0,0,0,0,0,0,0,0,-2000,0,0,0,0,2000,-2000,-2000
8101,華冠            ,0,0,0,0,0,0,0,0,0,-2000,0,2000,-2000,0,0,0,-2000
8070,長華*           ,22000,23000,-1000,0,0,0,0,0,0,-1000,0,1000,-1000,0,0,0,-2000
8482,商億-KY         ,0,0,0,0,0,0,0,0,0,-2000,0,2000,-2000,0,0,0,-2000
8467,波力-KY         ,0,0,0,0,0,0,0,0,0,-2000,0,2000,-2000,0,0,0,-2000
4581,光隆精密-KY     ,2000,4000,-2000,0,0,0,0,0,0,0,0,0,0,0,0,0,-2000
4807,日成-KY         ,1000,1000,0,0,0,0,0,0,0,-2000,0,2000,-2000,0,0,0,-2000
4764,雙鍵            ,0,1000,-1000,0,0,0,0,0,0,-1000,0,1000,-1000,0,0,0,-2000
5525,順天            ,3000,5000,-2000,0,0,0,0,0,0,0,0,0,0,0,0,0,-2000
5533,皇鼎            ,4000,6000,-2000,0,0,0,0,0,0,0,0,0,0,0,0,0,-2000
6117,迎廣            ,1000,3000,-2000,0,0,0,0,0,0,0,0,0,0,0,0,0,-2000
2712,遠雄來          ,0,2000,-2000,0,0,0,0,0,0,0,0,0,0,0,0,0,-2000
2891C,中信金丙特      ,0,0,0,0,0,0,0,0,0,-2000,1000,3000,-2000,0,0,0,-2000
2483,百容            ,0,1000,-1000,0,0,0,0,0,0,-1000,0,1000,-1000,0,0,0,-2000
3528,安馳            ,1000,2000,-1000,0,0,0,0,0,0,-1000,0,1000,-1000,0,0,0,-2000
3593,力銘            ,0,2000,-2000,0,0,0,0,0,0,0,0,0,0,0,0,0,-2000
3002,歐格            ,3000,4000,-1000,0,0,0,0,0,0,-1000,0,1000,-1000,0,0,0,-2000
3011,今皓            ,0,2000,-2000,0,0,0,0,0,0,0,0,0,0,0,0,0,-2000
1256,鮮活果汁-KY     ,0,2000,-2000,0,0,0,0,0,0,0,0,0,0,0,0,0,-2000
1232,大統益          ,1000,3000,-2000,0,0,0,0,0,0,0,0,0,0,0,0,0,-2000
1233,天仁            ,0,1000,-1000,0,0,0,0,0,0,-1000,0,1000,-1000,0,0,0,-2000
08996P,華通群益02售05  ,0,0,0,0,0,0,0,0,0,-2000,0,0,0,0,2000,-2000,-2000
08773P,瑞昱凱基01售01  ,0,0,0,0,0,0,0,0,0,-2000,0,0,0,30000,32000,-2000,-2000
2430,燦坤            ,0,2000,-2000,0,0,0,0,0,0,0,0,0,0,0,0,0,-2000
2380,虹光            ,0,2000,-2000,0,0,0,0,0,0,0,0,0,0,0,0,0,-2000
2069,運錩            ,0,0,0,0,0,0,0,0,0,-2000,0,2000,-2000,0,0,0,-2000
2236,百達-KY         ,0,2000,-2000,0,0,0,0,0,0,0,0,0,0,0,0,0,-2000
1476,儒鴻            ,86000,142000,-56000,0,0,0,42000,1000,41000,13000,0,3000,-3000,19000,3000,16000,-2000
1443,立益            ,0,2000,-2000,0,0,0,0,0,0,0,0,0,0,0,0,0,-2000
1452,宏益            ,0,2000,-2000,0,0,0,0,0,0,0,0,0,0,0,0,0,-2000
1456,怡華            ,1000,3000,-2000,0,0,0,0,0,0,0,0,0,0,0,0,0,-2000
1730,花仙子          ,10000,12000,-2000,0,0,0,0,0,0,0,0,0,0,0,0,0,-2000
1721,三晃            ,22000,22000,0,0,0,0,0,0,0,-2000,0,2000,-2000,0,0,0,-2000
5706,鳳凰            ,35142,32000,3142,0,0,0,0,0,0,-6000,0,6000,-6000,0,0,0,-2858
08290P,高鐵統一01售01  ,0,0,0,0,0,0,0,0,0,-3000,0,0,0,12000,15000,-3000,-3000
08629P,緯創凱基9C售02  ,0,0,0,0,0,0,0,0,0,-3000,0,0,0,0,3000,-3000,-3000
08175P,金像電統一9B售02,0,0,0,0,0,0,0,0,0,-3000,0,0,0,107000,110000,-3000,-3000
07880P,可成群益9B售05  ,0,0,0,0,0,0,0,0,0,-3000,0,0,0,38000,41000,-3000,-3000
067964,燿華群益02購02  ,0,0,0,0,0,0,0,0,0,-3000,0,0,0,0,3000,-3000,-3000
067925,可成兆豐02購01  ,0,0,0,0,0,0,0,0,0,-3000,0,0,0,0,3000,-3000,-3000
067872,玉晶光元大02購03,0,0,0,0,0,0,0,0,0,-3000,0,0,0,35000,38000,-3000,-3000
07200P,臺股指元大99售16,0,0,0,0,0,0,0,0,0,-3000,0,0,0,0,3000,-3000,-3000
067366,巨大群益01購01  ,0,0,0,0,0,0,0,0,0,-3000,0,0,0,0,3000,-3000,-3000
067620,聚陽國泰02購01  ,0,0,0,0,0,0,0,0,0,-3000,0,0,0,96000,99000,-3000,-3000
03026X,元展23          ,0,0,0,0,0,0,0,0,0,-3000,0,0,0,0,3000,-3000,-3000
03014P,玉晶光永豐01售05,0,0,0,0,0,0,0,0,0,-3000,0,0,0,0,3000,-3000,-3000
00691R,兆豐藍籌30反1   ,0,0,0,0,0,0,0,0,0,-3000,0,0,0,0,3000,-3000,-3000
00645,富邦日本        ,0,0,0,0,0,0,0,0,0,-3000,0,0,0,100000,103000,-3000,-3000
0053,元大電子        ,0,0,0,0,0,0,0,0,0,-3000,0,0,0,11000,14000,-3000,-3000
03684C,臺股指元大06牛01,0,0,0,0,0,0,0,0,0,-3000,0,0,0,1000,4000,-3000,-3000
057675,同欣電元大98購02,0,0,0,0,0,0,0,0,0,-3000,0,0,0,102000,105000,-3000,-3000
059283,康友永豐99購02  ,0,0,0,0,0,0,0,0,0,-3000,0,0,0,0,3000,-3000,-3000
058988,大立光凱基9A購02,0,0,0,0,0,0,0,0,0,-3000,0,0,0,0,3000,-3000,-3000
058078,景碩國票99購01  ,0,0,0,0,0,0,0,0,0,-3000,0,0,0,4000,7000,-3000,-3000
063299,金寶凱基9B購01  ,0,0,0,0,0,0,0,0,0,-3000,0,0,0,0,3000,-3000,-3000
060421,華擎永豐9A購01  ,0,0,0,0,0,0,0,0,0,-3000,0,0,0,10000,13000,-3000,-3000
061565,滬深2X元大9A購08,0,0,0,0,0,0,0,0,0,-3000,0,0,0,0,3000,-3000,-3000
061555,聯電國票9B購01  ,0,0,0,0,0,0,0,0,0,-3000,0,0,0,44000,47000,-3000,-3000
059976,道瓊銀元大99購01,0,0,0,0,0,0,0,0,0,-3000,0,0,0,7000,10000,-3000,-3000
059907,道瓊指元大99購03,0,0,0,0,0,0,0,0,0,-3000,0,0,0,0,3000,-3000,-3000
060159,健和興永豐9A購01,0,0,0,0,0,0,0,0,0,-3000,0,0,0,0,3000,-3000,-3000
060105,牧德元大9B購01  ,0,0,0,0,0,0,0,0,0,-3000,0,0,0,50000,53000,-3000,-3000
063381,和潤永豐9B購01  ,0,0,0,0,0,0,0,0,0,-3000,0,0,0,0,3000,-3000,-3000
062498,華通群益9C購04  ,0,0,0,0,0,0,0,0,0,-3000,0,0,0,21000,24000,-3000,-3000
061108,臻鼎元大9A購02  ,0,0,0,0,0,0,0,0,0,-3000,0,0,0,0,3000,-3000,-3000
060801,滬深2X中信01購01,0,0,0,0,0,0,0,0,0,-3000,0,0,0,0,3000,-3000,-3000
062568,緯穎中信9C購01  ,0,0,0,0,0,0,0,0,0,-3000,0,0,0,0,3000,-3000,-3000
064960,世紀鋼凱基03購01,0,0,0,0,0,0,0,0,0,-3000,0,0,0,0,3000,-3000,-3000
064715,和大統一02購03  ,0,0,0,0,0,0,0,0,0,-3000,0,0,0,32000,35000,-3000,-3000
064661,鴻海元大01購02  ,0,0,0,0,0,0,0,0,0,-3000,0,0,0,0,3000,-3000,-3000
064489,宏碁元大9C購01  ,0,0,0,0,0,0,0,0,0,-3000,0,0,0,179000,182000,-3000,-3000
064322,T50反1元大9C購06,0,0,0,0,0,0,0,0,0,-3000,0,0,0,0,3000,-3000,-3000
064307,聚陽群益9C購03  ,0,0,0,0,0,0,0,0,0,-3000,0,0,0,0,3000,-3000,-3000
064077,台積電中信06購03,0,0,0,0,0,0,0,0,0,-3000,0,0,0,30000,33000,-3000,-3000
065761,中租元大9C購02  ,0,0,0,0,0,0,0,0,0,-3000,0,0,0,0,3000,-3000,-3000
065807,智伸科群益01購01,0,0,0,0,0,0,0,0,0,-3000,0,0,0,27000,30000,-3000,-3000
065585,聯發科富邦03購02,0,0,0,0,0,0,0,0,0,-3000,0,0,0,680000,683000,-3000,-3000
065392,華通群益01購02  ,0,0,0,0,0,0,0,0,0,-3000,0,0,0,40000,43000,-3000,-3000
065249,聯發科麥證9C購04,0,0,0,5000,8000,-3000,0,0,0,-3000,0,0,0,5000,8000,-3000,-3000
065820,瑞祺元富03購01  ,0,0,0,0,0,0,0,0,0,-3000,0,0,0,10000,13000,-3000,-3000
066188,訊芯凱基01購01  ,0,0,0,0,0,0,0,0,0,-3000,0,0,0,0,3000,-3000,-3000
066202,大立光統一02購07,0,0,0,0,0,0,0,0,0,-3000,0,0,0,67000,70000,-3000,-3000
066210,瑞祺統一02購01  ,0,0,0,0,0,0,0,0,0,-3000,0,0,0,0,3000,-3000,-3000
4552,力達-KY         ,16000,19000,-3000,0,0,0,0,0,0,0,0,0,0,0,0,0,-3000
8488,吉源-KY         ,0,2000,-2000,0,0,0,0,0,0,-1000,0,1000,-1000,0,0,0,-3000
3432,台端            ,0,3000,-3000,0,0,0,0,0,0,0,0,0,0,0,0,0,-3000
2509,全坤建          ,0,1000,-1000,0,0,0,0,0,0,-2000,0,2000,-2000,0,0,0,-3000
2901,欣欣            ,0,2000,-2000,0,0,0,0,0,0,-1000,0,1000,-1000,0,0,0,-3000
2904,匯僑            ,1000,3000,-2000,0,0,0,0,0,0,-1000,0,1000,-1000,0,0,0,-3000
1810,和成            ,65000,64000,1000,0,0,0,0,0,0,-4000,0,4000,-4000,0,0,0,-3000
1608,華榮            ,41000,41000,0,0,0,0,0,0,0,-3000,0,3000,-3000,0,0,0,-3000
1441,大東            ,0,3000,-3000,0,0,0,0,0,0,0,0,0,0,0,0,0,-3000
1339,昭輝            ,19000,22000,-3000,0,0,0,0,0,0,0,0,0,0,0,0,0,-3000
1521,大億            ,4000,7000,-3000,0,0,0,0,0,0,0,0,0,0,0,0,0,-3000
2429,銘旺科          ,0,3000,-3000,0,0,0,0,0,0,0,0,0,0,0,0,0,-3000
08769P,上証2X凱基01售02,0,0,0,0,0,0,0,0,0,-3000,0,0,0,0,3000,-3000,-3000
08986P,聯發科元富07售06,0,0,0,0,0,0,0,0,0,-3000,0,0,0,0,3000,-3000,-3000
1104,環泥            ,55000,51000,4000,0,0,0,0,0,0,-7000,0,7000,-7000,0,0,0,-3000
08903P,台積電兆豐01售04,0,0,0,0,0,0,0,0,0,-3000,0,0,0,1000,4000,-3000,-3000
067422,微星凱基02購03  ,0,0,0,0,0,0,0,0,0,-4000,0,0,0,0,4000,-4000,-4000
067161,嘉澤國票02購01  ,0,0,0,0,0,0,0,0,0,-4000,0,0,0,34000,38000,-4000,-4000
066982,嘉晶群益02購01  ,0,0,0,0,0,0,0,0,0,-4000,0,0,0,365000,369000,-4000,-4000
07033P,大立光統一9B售03,0,0,0,0,0,0,0,0,0,-4000,0,0,0,1000,5000,-4000,-4000
07555P,玉晶光元大9A售07,0,0,0,0,0,0,0,0,0,-4000,0,0,0,0,4000,-4000,-4000
067944,緯穎凱基01購04  ,0,0,0,0,0,0,0,0,0,-4000,0,0,0,0,4000,-4000,-4000
08451P,南六統一9C售06  ,10000,0,10000,0,0,0,0,0,0,-14000,0,0,0,20000,34000,-14000,-4000
058347,玉晶光群益9B購01,0,0,0,0,0,0,0,0,0,-4000,0,0,0,0,4000,-4000,-4000
058356,華邦電凱基99購01,0,0,0,0,0,0,0,0,0,-4000,0,0,0,110000,114000,-4000,-4000
058738,FBVIX中信03購04 ,0,0,0,0,0,0,0,0,0,-4000,0,0,0,0,4000,-4000,-4000
058882,晶相光永豐99購01,0,0,0,0,0,0,0,0,0,-4000,0,0,0,0,4000,-4000,-4000
059230,滬深2X國票9B購02,0,0,0,0,0,0,0,0,0,-4000,0,0,0,6000,10000,-4000,-4000
059759,A50正2永豐99購02,0,0,0,0,0,0,0,0,0,-4000,0,0,0,0,4000,-4000,-4000
058633,台灣50兆豐99購01,0,0,0,0,0,0,0,0,0,-4000,0,0,0,253000,257000,-4000,-4000
057852,國巨國票99購05  ,0,0,0,0,0,0,0,0,0,-4000,0,0,0,81000,85000,-4000,-4000
057586,台積電國票99購06,0,0,0,0,0,0,0,0,0,-4000,0,0,0,1000,5000,-4000,-4000
059513,揚明光永豐99購01,0,0,0,0,0,0,0,0,0,-4000,0,0,0,0,4000,-4000,-4000
056718,GIS永豐98購01   ,0,0,0,0,0,0,0,0,0,-4000,0,0,0,1000,5000,-4000,-4000
054586,健鼎國泰99購01  ,0,0,0,0,0,0,0,0,0,-4000,0,0,0,8000,12000,-4000,-4000
054565,玉晶光群益99購02,0,0,0,0,0,0,0,0,0,-4000,0,0,0,11000,15000,-4000,-4000
057183,玉晶光元大99購07,0,0,0,0,0,0,0,0,0,-4000,0,0,0,10000,14000,-4000,-4000
00625K,富邦上証+R      ,0,0,0,0,0,0,0,0,0,-4000,0,0,0,50000,54000,-4000,-4000
020000,富邦特選蘋果N   ,0,0,0,0,0,0,0,0,0,-4000,0,0,0,1000,5000,-4000,-4000
01002T,土銀國泰R1      ,0,4000,-4000,0,0,0,0,0,0,0,0,0,0,0,0,0,-4000
03040P,玉晶光國票03售02,0,0,0,0,0,0,0,0,0,-4000,0,0,0,0,4000,-4000,-4000
060723,致新永豐9A購01  ,0,0,0,0,0,0,0,0,0,-4000,0,0,0,0,4000,-4000,-4000
060747,聯鈞國票9A購02  ,0,0,0,0,0,0,0,0,0,-4000,0,0,0,43000,47000,-4000,-4000
060564,南亞科富邦9C購01,0,0,0,0,0,0,0,0,0,-4000,0,0,0,0,4000,-4000,-4000
061349,嘉澤元大9A購02  ,0,0,0,0,0,0,0,0,0,-4000,0,0,0,6000,10000,-4000,-4000
062415,聯茂中信9C購01  ,0,0,0,0,0,0,0,0,0,-4000,0,0,0,126000,130000,-4000,-4000
062658,聯茂第一9B購01  ,0,0,0,0,0,0,0,0,0,-4000,0,0,0,0,4000,-4000,-4000
061994,瑞儀元大9B購01  ,0,0,0,0,0,0,0,0,0,-4000,0,0,0,0,4000,-4000,-4000
062026,華邦電群益9B購01,0,0,0,0,0,0,0,0,0,-4000,0,0,0,15000,19000,-4000,-4000
063377,泰鼎永豐9B購03  ,0,0,0,0,0,0,0,0,0,-4000,0,0,0,10000,14000,-4000,-4000
06333P,臺股指群益9C售02,0,0,0,0,0,0,0,0,0,-4000,0,0,0,71000,75000,-4000,-4000
062272,鴻海群益9B購05  ,0,0,0,0,0,0,0,0,0,-4000,0,0,0,47000,51000,-4000,-4000
062261,嘉晶元大9B購02  ,0,0,0,0,0,0,0,0,0,-4000,0,0,0,51000,55000,-4000,-4000
060289,京元電元大9A購01,0,0,0,0,0,0,0,0,0,-4000,0,0,0,0,4000,-4000,-4000
060017,全新康和99購01  ,0,0,0,0,0,0,0,0,0,-4000,0,0,0,0,4000,-4000,-4000
060046,S&P反1凱基99購02,0,0,0,0,0,0,0,0,0,-4000,0,0,0,0,4000,-4000,-4000
061722,健策永豐9B購03  ,0,0,0,0,0,0,0,0,0,-4000,0,0,0,0,4000,-4000,-4000
061683,台灣50群益9B購09,0,0,0,0,0,0,0,0,0,-4000,0,0,0,0,4000,-4000,-4000
063188,TPK凱基9B購01   ,0,0,0,0,0,0,0,0,0,-4000,0,0,0,79000,83000,-4000,-4000
066362,瑞昱中信05購01  ,0,0,0,0,0,0,0,0,0,-4000,0,0,0,41000,45000,-4000,-4000
065906,瑞昱永豐9C購01  ,0,0,0,0,0,0,0,0,0,-4000,0,0,0,104000,108000,-4000,-4000
06610P,台積電凱基9A售03,0,0,0,0,0,0,0,0,0,-4000,0,0,0,0,4000,-4000,-4000
065178,和碩元大9C購01  ,0,0,0,0,0,0,0,0,0,-4000,0,0,0,50000,54000,-4000,-4000
065494,滬深2X富邦01購01,0,0,0,0,0,0,0,0,0,-4000,0,0,0,0,4000,-4000,-4000
065413,玉晶光永豐9C購10,0,0,0,0,0,0,0,0,0,-4000,0,0,0,25000,29000,-4000,-4000
064105,南茂群益9C購01  ,0,0,0,0,0,0,0,0,0,-4000,0,0,0,33000,37000,-4000,-4000
063920,大立光元富03購02,0,0,0,0,0,0,0,0,0,-4000,0,0,0,114000,118000,-4000,-4000
064664,微星元大9C購04  ,0,0,0,0,0,0,0,0,0,-4000,0,0,0,0,4000,-4000,-4000
064886,燿華中信01購01  ,0,0,0,0,0,0,0,0,0,-4000,0,0,0,1000,5000,-4000,-4000
2115,六暉-KY         ,0,1000,-1000,0,0,0,0,0,0,-3000,0,3000,-3000,0,0,0,-4000
1468,昶和            ,0,4000,-4000,0,0,0,0,0,0,0,0,0,0,0,0,0,-4000
1436,華友聯          ,0,3000,-3000,0,0,0,0,0,0,-1000,0,1000,-1000,0,0,0,-4000
1438,裕豐            ,0,4000,-4000,0,0,0,0,0,0,0,0,0,0,0,0,0,-4000
1713,國化            ,0,2000,-2000,0,0,0,0,0,0,-2000,0,2000,-2000,0,0,0,-4000
1617,榮星            ,0,4000,-4000,0,0,0,0,0,0,0,0,0,0,0,0,0,-4000
1724,台硝            ,0,2000,-2000,0,0,0,0,0,0,-2000,0,2000,-2000,0,0,0,-4000
2460,建通            ,0,0,0,0,0,0,0,0,0,-4000,0,4000,-4000,0,0,0,-4000
3454,晶睿            ,9000,12000,-3000,0,0,0,0,0,0,-1000,0,1000,-1000,0,0,0,-4000
3029,零壹            ,246000,239000,7000,0,0,0,0,0,0,-11000,0,11000,-11000,0,0,0,-4000
3054,立萬利          ,0,1000,-1000,0,0,0,0,0,0,-3000,0,3000,-3000,0,0,0,-4000
8473,山林水          ,10000,10000,0,0,0,0,0,0,0,-4000,0,4000,-4000,0,0,0,-4000
9937,全國            ,2000,6000,-4000,0,0,0,0,0,0,0,0,0,0,0,0,0,-4000
4562,穎漢            ,0,2000,-2000,0,0,0,0,0,0,-2000,0,2000,-2000,0,0,0,-4000
5288,豐祥-KY         ,87000,160000,-73000,0,0,0,50000,61000,-11000,80000,80000,0,80000,0,0,0,-4000
6201,亞弘電          ,0,0,0,0,0,0,0,0,0,-4000,0,4000,-4000,0,0,0,-4000
08313P,健策國票01售01  ,0,0,0,0,0,0,0,0,0,-5000,0,0,0,80000,85000,-5000,-5000
07920P,大立光中信01售01,0,0,0,0,0,0,0,0,0,-5000,0,0,0,8000,13000,-5000,-5000
07923P,元金2X凱基02售02,0,0,0,0,0,0,0,0,0,-5000,0,0,0,0,5000,-5000,-5000
08230P,台表科國票9C售03,0,0,0,0,0,0,0,0,0,-5000,0,0,0,0,5000,-5000,-5000
068018,玉晶光國票02購05,0,0,0,0,0,0,0,0,0,-5000,0,0,0,0,5000,-5000,-5000
068020,玉晶光國票02購07,0,0,0,0,0,0,0,0,0,-5000,0,0,0,0,5000,-5000,-5000
067988,台積電元大01購30,0,0,0,0,0,0,0,0,0,-5000,0,0,0,50000,55000,-5000,-5000
067881,香港2X群益01購02,0,0,0,0,0,0,0,0,0,-5000,0,0,0,0,5000,-5000,-5000
067891,玉晶光群益02購05,0,0,0,0,0,0,0,0,0,-5000,0,0,0,93000,98000,-5000,-5000
067822,同欣電凱基01購02,0,0,0,0,0,0,0,0,0,-5000,0,0,0,10000,15000,-5000,-5000
067837,大立光統一03購04,0,0,0,0,0,0,0,0,0,-5000,0,0,0,0,5000,-5000,-5000
06771P,台灣50中信02售01,0,0,0,0,0,0,0,0,0,-5000,0,0,0,0,5000,-5000,-5000
07539P,玉山金台新9A售01,0,0,0,0,0,0,0,0,0,-5000,0,0,0,0,5000,-5000,-5000
07652P,臺股指中信9A售07,0,0,0,0,0,0,0,0,0,-5000,0,0,0,0,5000,-5000,-5000
07488P,鴻海國票9A售02  ,0,0,0,0,0,0,0,0,0,-5000,0,0,0,0,5000,-5000,-5000
07326P,大立光元大99售23,0,0,0,0,0,0,0,0,0,-5000,0,0,0,0,5000,-5000,-5000
06997P,台灣50中信03售01,0,0,0,0,0,0,0,0,0,-5000,0,0,0,0,5000,-5000,-5000
066787,聯發科麥證01購06,0,0,0,5000,10000,-5000,0,0,0,-5000,0,0,0,5000,10000,-5000,-5000
066727,鴻海元大01購12  ,0,0,0,0,0,0,0,0,0,-5000,0,0,0,0,5000,-5000,-5000
067047,大立光凱基01購07,0,0,0,0,0,0,0,0,0,-5000,0,0,0,0,5000,-5000,-5000
06737P,台郡凱基98售07  ,0,0,0,0,0,0,0,0,0,-5000,0,0,0,0,5000,-5000,-5000
067626,聚陽永豐01購01  ,0,0,0,0,0,0,0,0,0,-5000,0,0,0,0,5000,-5000,-5000
067602,億光凱基01購01  ,0,0,0,0,0,0,0,0,0,-5000,0,0,0,9000,14000,-5000,-5000
03029P,玉晶光元大02售05,0,0,0,0,0,0,0,0,0,-5000,0,0,0,0,5000,-5000,-5000
053453,新光金統一98購01,0,0,0,0,0,0,0,0,0,-5000,0,0,0,0,5000,-5000,-5000
056607,貿聯富邦99購02  ,0,0,0,0,0,0,0,0,0,-5000,0,0,0,0,5000,-5000,-5000
056904,大立光元大99購05,0,0,0,0,0,0,0,0,0,-5000,0,0,0,55000,60000,-5000,-5000
03094X,大立光元大68展08,0,0,0,0,0,0,0,0,0,-5000,0,0,0,0,5000,-5000,-5000
048505,滬深2X群益99購03,0,0,0,0,0,0,0,0,0,-5000,0,0,0,0,5000,-5000,-5000
054631,台郡凱基98購02  ,0,0,0,0,0,0,0,0,0,-5000,0,0,0,0,5000,-5000,-5000
055812,台積電國票99購02,0,0,0,0,0,0,0,0,0,-5000,0,0,0,0,5000,-5000,-5000
059611,台積電永豐99購05,0,0,0,0,0,0,0,0,0,-5000,0,0,0,0,5000,-5000,-5000
059638,大立光凱基99購11,0,0,0,0,0,0,0,0,0,-5000,0,0,0,0,5000,-5000,-5000
056334,台積電凱基98購06,0,0,0,0,0,0,0,0,0,-5000,0,0,0,0,5000,-5000,-5000
057850,上銀兆豐99購02  ,0,0,0,0,0,0,0,0,0,-5000,0,0,0,0,5000,-5000,-5000
057577,廣宇中信9A購01  ,0,0,0,0,0,0,0,0,0,-5000,0,0,0,0,5000,-5000,-5000
057532,智原元大98購03  ,0,0,0,0,0,0,0,0,0,-5000,0,0,0,10000,15000,-5000,-5000
058684,健策凱基99購02  ,0,0,0,0,0,0,0,0,0,-5000,0,0,0,3000,8000,-5000,-5000
059250,大立光凱基99購06,0,0,0,0,0,0,0,0,0,-5000,0,0,0,10000,15000,-5000,-5000
057772,台積電群益99購01,0,0,0,0,0,0,0,0,0,-5000,0,0,0,0,5000,-5000,-5000
057692,臺股指凱基98購10,0,0,0,0,0,0,0,0,0,-5000,0,0,0,0,5000,-5000,-5000
058880,台灣50永豐99購04,0,0,0,0,0,0,0,0,0,-5000,0,0,0,0,5000,-5000,-5000
058944,元石油群益9C購02,0,0,0,0,0,0,0,0,0,-5000,0,0,0,0,5000,-5000,-5000
058758,台積電群益99購05,0,0,0,0,0,0,0,0,0,-5000,0,0,0,0,5000,-5000,-5000
058475,台積電凱基99購06,0,0,0,0,0,0,0,0,0,-5000,0,0,0,0,5000,-5000,-5000
058448,滬深2X永豐9A購01,0,0,0,0,0,0,0,0,0,-5000,0,0,0,0,5000,-5000,-5000
058181,華新科國泰9B購01,0,0,0,0,0,0,0,0,0,-5000,0,0,0,0,5000,-5000,-5000
061189,可成富邦9B購02  ,0,0,0,0,0,0,0,0,0,-5000,0,0,0,25000,30000,-5000,-5000
061236,台積電元大9A購24,0,0,0,0,0,0,0,0,0,-5000,0,0,0,0,5000,-5000,-5000
061263,微星凱基9A購01  ,0,0,0,0,0,0,0,0,0,-5000,0,0,0,0,5000,-5000,-5000
061930,臺股指凱基9B購05,0,0,0,0,0,0,0,0,0,-5000,0,0,0,0,5000,-5000,-5000
063179,群創兆豐9B購01  ,0,0,0,0,0,0,0,0,0,-5000,0,0,0,5000,10000,-5000,-5000
063212,聯發科國票9C購02,0,0,0,0,0,0,0,0,0,-5000,0,0,0,1000,6000,-5000,-5000
061478,奇鋐元大9A購01  ,0,0,0,0,0,0,0,0,0,-5000,0,0,0,17000,22000,-5000,-5000
061452,大成鋼凱基9A購01,0,0,0,0,0,0,0,0,0,-5000,0,0,0,0,5000,-5000,-5000
061689,國巨群益9A購12  ,0,0,0,0,0,0,0,0,0,-5000,0,0,0,13000,18000,-5000,-5000
061708,同欣電國票9A購02,0,0,0,0,0,0,0,0,0,-5000,0,0,0,45000,50000,-5000,-5000
061559,南亞科國票9A購02,0,0,0,0,0,0,0,0,0,-5000,0,0,0,0,5000,-5000,-5000
061775,臺指反國票9B購04,0,0,0,0,0,0,0,0,0,-5000,0,0,0,0,5000,-5000,-5000
060077,台積電台新9B購01,0,0,0,0,0,0,0,0,0,-5000,0,0,0,0,5000,-5000,-5000
062089,矽創元大9B購02  ,0,0,0,0,0,0,0,0,0,-5000,0,0,0,28000,33000,-5000,-5000
060308,劍麟永豐9A購01  ,0,0,0,0,0,0,0,0,0,-5000,0,0,0,0,5000,-5000,-5000
060267,上緯控國票9C購01,0,0,0,0,0,0,0,0,0,-5000,0,0,0,0,5000,-5000,-5000
060340,國巨統一01購02  ,0,0,0,0,0,0,0,0,0,-5000,0,0,0,0,5000,-5000,-5000
060146,健策國票9A購03  ,0,0,0,0,0,0,0,0,0,-5000,0,0,0,0,5000,-5000,-5000
063467,大立光元大9C購06,0,0,0,0,0,0,0,0,0,-5000,0,0,0,50000,55000,-5000,-5000
060376,瑞祺元富9A購01  ,0,0,0,0,0,0,0,0,0,-5000,0,0,0,5000,10000,-5000,-5000
063385,可成中信9C購01  ,0,0,0,0,0,0,0,0,0,-5000,0,0,0,3000,8000,-5000,-5000
063717,宏達電兆豐9B購02,0,0,0,0,0,0,0,0,0,-5000,0,0,0,0,5000,-5000,-5000
062625,華通國票9B購02  ,0,0,0,0,0,0,0,0,0,-5000,0,0,0,0,5000,-5000,-5000
062666,和碩群益9B購01  ,0,0,0,0,0,0,0,0,0,-5000,0,0,0,102000,107000,-5000,-5000
062698,台積電元大01購01,0,0,0,0,0,0,0,0,0,-5000,0,0,0,5000,10000,-5000,-5000
062394,大立光富邦02購01,0,0,0,0,0,0,0,0,0,-5000,0,0,0,0,5000,-5000,-5000
061320,奇力新凱基9A購04,0,0,0,0,0,0,0,0,0,-5000,0,0,0,0,5000,-5000,-5000
061154,可成群益9B購04  ,0,0,0,0,0,0,0,0,0,-5000,0,0,0,4000,9000,-5000,-5000
061092,可成統一9C購02  ,0,0,0,0,0,0,0,0,0,-5000,0,0,0,0,5000,-5000,-5000
061055,康控群益9A購01  ,0,0,0,0,0,0,0,0,0,-5000,0,0,0,0,5000,-5000,-5000
060774,南亞科凱基9A購01,0,0,0,0,0,0,0,0,0,-5000,0,0,0,5000,10000,-5000,-5000
060952,滬深2X群益9C購05,0,0,0,0,0,0,0,0,0,-5000,0,0,0,15000,20000,-5000,-5000
062907,可成元大9C購03  ,0,0,0,0,0,0,0,0,0,-5000,0,0,0,70000,75000,-5000,-5000
062931,上証2X凱基01購01,0,0,0,0,0,0,0,0,0,-5000,0,0,0,0,5000,-5000,-5000
062912,新日興元大9B購01,0,0,0,0,0,0,0,0,0,-5000,0,0,0,5000,10000,-5000,-5000
062770,臺股指凱基9B購14,0,0,0,0,0,0,0,0,0,-5000,0,0,0,0,5000,-5000,-5000
062840,臺股指群益9B購07,0,0,0,0,0,0,0,0,0,-5000,0,0,0,0,5000,-5000,-5000
064951,聯發科凱基01購04,0,0,0,0,0,0,0,0,0,-5000,0,0,0,0,5000,-5000,-5000
06498P,臺股指元大9A售03,0,0,0,0,0,0,0,0,0,-5000,0,0,0,0,5000,-5000,-5000
064743,聯詠國票01購01  ,0,0,0,0,0,0,0,0,0,-5000,0,0,0,7000,12000,-5000,-5000
063956,神達元大9C購01  ,0,0,0,0,0,0,0,0,0,-5000,0,0,0,0,5000,-5000,-5000
063951,新日興元大9C購01,0,0,0,0,0,0,0,0,0,-5000,0,0,0,5000,10000,-5000,-5000
064020,華通元大01購01  ,0,0,0,0,0,0,0,0,0,-5000,0,0,0,137000,142000,-5000,-5000
063981,貿聯兆豐9C購01  ,0,0,0,0,0,0,0,0,0,-5000,0,0,0,0,5000,-5000,-5000
064088,大立光凱基02購01,0,0,0,0,0,0,0,0,0,-5000,0,0,0,0,5000,-5000,-5000
064348,TPK元大9C購03   ,0,0,0,0,0,0,0,0,0,-5000,0,0,0,36000,41000,-5000,-5000
065283,台積電群益01購01,0,0,0,0,0,0,0,0,0,-5000,0,0,0,42000,47000,-5000,-5000
065537,健鼎統一02購05  ,0,0,0,0,0,0,0,0,0,-5000,0,0,0,109000,114000,-5000,-5000
065698,旺宏群益9C購08  ,0,0,0,0,0,0,0,0,0,-5000,0,0,0,5000,10000,-5000,-5000
065674,華擎凱基9C購03  ,0,0,0,0,0,0,0,0,0,-5000,0,0,0,59000,64000,-5000,-5000
066046,聯發科元大01購09,0,0,0,0,0,0,0,0,0,-5000,0,0,0,79000,84000,-5000,-5000
065821,億豐元富03購01  ,0,0,0,0,0,0,0,0,0,-5000,0,0,0,51000,56000,-5000,-5000
065833,中租凱基02購01  ,0,0,0,0,0,0,0,0,0,-5000,0,0,0,0,5000,-5000,-5000
066375,南亞科兆豐01購01,0,0,0,0,0,0,0,0,0,-5000,0,0,0,10000,15000,-5000,-5000
066295,昇陽半元大01購01,0,0,0,0,0,0,0,0,0,-5000,0,0,0,0,5000,-5000,-5000
066173,泰碩凱基02購01  ,0,0,0,0,0,0,0,0,0,-5000,0,0,0,15000,20000,-5000,-5000
4739,康普            ,190000,195000,-5000,0,0,0,0,0,0,0,0,0,0,0,0,0,-5000
9912,偉聯            ,0,5000,-5000,0,0,0,0,0,0,0,0,0,0,0,0,0,-5000
8478,東哥遊艇        ,0,5000,-5000,0,0,0,0,0,0,0,0,0,0,0,0,0,-5000
8480,泰昇-KY         ,52000,57000,-5000,0,0,0,0,0,0,0,0,0,0,0,0,0,-5000
3048,益登            ,38000,43000,-5000,0,0,0,0,0,0,0,1000,1000,0,0,0,0,-5000
2462,良得電          ,0,1000,-1000,0,0,0,0,0,0,-4000,0,4000,-4000,0,0,0,-5000
2543,皇昌            ,0,5000,-5000,0,0,0,0,0,0,0,0,0,0,0,0,0,-5000
2546,根基            ,15000,14000,1000,0,0,0,0,0,0,-6000,0,6000,-6000,0,0,0,-5000
2611,志信            ,0,4000,-4000,0,0,0,0,0,0,-1000,0,1000,-1000,0,0,0,-5000
2007,燁興            ,0,5000,-5000,0,0,0,0,0,0,0,0,0,0,0,0,0,-5000
2008,高興昌          ,0,5000,-5000,0,0,0,0,0,0,0,0,0,0,0,0,0,-5000
1616,億泰            ,0,5000,-5000,0,0,0,0,0,0,0,0,0,0,0,0,0,-5000
1445,大宇            ,0,2000,-2000,0,0,0,0,0,0,-3000,0,3000,-3000,0,0,0,-5000
1432,大魯閣          ,1000,6000,-5000,0,0,0,0,0,0,0,0,0,0,0,0,0,-5000
1414,東和            ,0,2000,-2000,0,0,0,0,0,0,-3000,0,3000,-3000,0,0,0,-5000
1525,江申            ,0,4000,-4000,0,0,0,0,0,0,-1000,0,1000,-1000,0,0,0,-5000
1539,巨庭            ,13000,15000,-2000,0,0,0,0,0,0,-3000,0,3000,-3000,0,0,0,-5000
2239,英利-KY         ,23000,28000,-5000,0,0,0,0,0,0,0,0,0,0,0,0,0,-5000
2038,海光            ,4000,9000,-5000,0,0,0,0,0,0,0,0,0,0,0,0,0,-5000
2028,威致            ,0,5000,-5000,0,0,0,0,0,0,0,0,0,0,0,0,0,-5000
2438,翔耀            ,0,1000,-1000,0,0,0,0,0,0,-4000,0,4000,-4000,0,0,0,-5000
2397,友通            ,1000,6000,-5000,0,0,0,0,0,0,0,0,0,0,0,0,0,-5000
08872P,臺股指群益01售05,0,0,0,0,0,0,0,0,0,-5000,0,0,0,0,5000,-5000,-5000
08980P,華通凱基01售03  ,0,0,0,0,0,0,0,0,0,-5000,0,0,0,0,5000,-5000,-5000
08992P,牧德元大01售02  ,0,0,0,0,0,0,0,0,0,-5000,0,0,0,0,5000,-5000,-5000
1203,味王            ,0,5000,-5000,0,0,0,0,0,0,0,0,0,0,0,0,0,-5000
08711P,鴻海元富07售04  ,0,0,0,0,0,0,0,0,0,-5000,0,0,0,0,5000,-5000,-5000
08742P,友達凱基01售02  ,0,0,0,0,0,0,0,0,0,-5000,0,0,0,0,5000,-5000,-5000
08689P,高股息中信01售01,0,0,0,0,0,0,0,0,0,-5000,0,0,0,0,5000,-5000,-5000
067556,義隆國票02購02  ,0,0,0,0,0,0,0,0,0,-6000,0,0,0,90000,96000,-6000,-6000
067537,大立光群益02購04,0,0,0,0,0,0,0,0,0,-6000,0,0,0,0,6000,-6000,-6000
067354,國揚群益01購03  ,0,0,0,0,0,0,0,0,0,-6000,0,0,0,14000,20000,-6000,-6000
06981P,台灣50麥證99售02,0,0,0,0,16000,-16000,0,0,0,-6000,0,0,0,10000,16000,-6000,-6000
07688P,華通元大9A售07  ,0,0,0,0,0,0,0,0,0,-6000,0,0,0,0,6000,-6000,-6000
067724,大立光凱基01購08,0,0,0,0,0,0,0,0,0,-6000,0,0,0,5000,11000,-6000,-6000
067781,SP黃豆群益01購02,0,0,0,0,0,0,0,0,0,-6000,0,0,0,0,6000,-6000,-6000
067929,華通凱基01購04  ,0,0,0,0,0,0,0,0,0,-6000,0,0,0,0,6000,-6000,-6000
067939,玉晶光凱基02購06,0,0,0,0,0,0,0,0,0,-6000,0,0,0,0,6000,-6000,-6000
08612P,嘉晶凱基9C售03  ,0,0,0,0,0,0,0,0,0,-6000,0,0,0,10000,16000,-6000,-6000
063248,創意元大9C購01  ,0,0,0,0,0,0,0,0,0,-6000,0,0,0,59000,65000,-6000,-6000
061872,友達元大9C購06  ,0,0,0,0,0,0,0,0,0,-6000,0,0,0,17000,23000,-6000,-6000
058221,上銀統一99購04  ,0,0,0,0,0,0,0,0,0,-6000,0,0,0,30000,36000,-6000,-6000
058249,緯穎元大99購04  ,0,0,0,0,0,0,0,0,0,-6000,0,0,0,26000,32000,-6000,-6000
058239,景碩元大99購03  ,0,0,0,0,0,0,0,0,0,-6000,0,0,0,12000,18000,-6000,-6000
058439,玉晶光統一01購02,0,0,0,0,0,0,0,0,0,-6000,0,0,0,0,6000,-6000,-6000
058389,聯茂國票9A購01  ,0,0,0,0,0,0,0,0,0,-6000,0,0,0,5000,11000,-6000,-6000
059049,元油2X凱基9A購12,0,0,0,0,0,0,0,0,0,-6000,0,0,0,0,6000,-6000,-6000
058847,國巨群益99購05  ,0,0,0,0,0,0,0,0,0,-6000,0,0,0,22000,28000,-6000,-6000
059160,華通凱基99購03  ,0,0,0,0,0,0,0,0,0,-6000,0,0,0,17000,23000,-6000,-6000
055578,群創統一98購03  ,0,0,0,0,0,0,0,0,0,-6000,0,0,0,92000,98000,-6000,-6000
057306,玉晶光兆豐99購01,0,0,0,0,0,0,0,0,0,-6000,0,0,0,0,6000,-6000,-6000
052572,群創凱基99購01  ,0,0,0,0,0,0,0,0,0,-6000,0,0,0,24000,30000,-6000,-6000
062990,台積電群益9B購06,0,0,0,0,0,0,0,0,0,-6000,0,0,0,25000,31000,-6000,-6000
062473,同欣電凱基9B購01,0,0,0,0,0,0,0,0,0,-6000,0,0,0,12000,18000,-6000,-6000
062142,喬山國票9B購01  ,0,0,0,0,0,0,0,0,0,-6000,0,0,0,21000,27000,-6000,-6000
063582,瑞祺國泰9C購01  ,0,0,0,0,0,0,0,0,0,-6000,0,0,0,29000,35000,-6000,-6000
060244,大立光元大9B購02,0,0,0,0,0,0,0,0,0,-6000,0,0,0,50000,56000,-6000,-6000
059886,可成國票99購04  ,0,0,0,0,0,0,0,0,0,-6000,0,0,0,20000,26000,-6000,-6000
060018,國產康和99購01  ,0,0,0,0,0,0,0,0,0,-6000,0,0,0,13000,19000,-6000,-6000
061712,旺宏凱基9A購08  ,0,0,0,0,0,0,0,0,0,-6000,0,0,0,0,6000,-6000,-6000
061462,國巨群益9A購11  ,0,0,0,0,0,0,0,0,0,-6000,0,0,0,34000,40000,-6000,-6000
066193,致新凱基01購01  ,0,0,0,0,0,0,0,0,0,-6000,0,0,0,0,6000,-6000,-6000
065907,南亞科永豐9C購01,0,0,0,0,0,0,0,0,0,-6000,0,0,0,72000,78000,-6000,-6000
065789,泰碩永豐9C購02  ,0,0,0,0,0,0,0,0,0,-6000,0,0,0,6000,12000,-6000,-6000
065371,漢唐元大01購01  ,0,0,0,0,0,0,0,0,0,-6000,0,0,0,119000,125000,-6000,-6000
064361,旺宏統一01購06  ,0,0,0,0,0,0,0,0,0,-6000,0,0,0,0,6000,-6000,-6000
064154,大立光統一01購04,0,0,0,0,0,0,0,0,0,-6000,0,0,0,18000,24000,-6000,-6000
063887,香港2X中信02購01,0,0,0,0,0,0,0,0,0,-6000,0,0,0,0,6000,-6000,-6000
064800,鴻海元大9C購12  ,0,0,0,0,0,0,0,0,0,-6000,0,0,0,0,6000,-6000,-6000
064663,鴻海元大9C購11  ,0,0,0,0,0,0,0,0,0,-6000,0,0,0,59000,65000,-6000,-6000
064648,臻鼎凱基9C購02  ,0,0,0,0,0,0,0,0,0,-6000,0,0,0,0,6000,-6000,-6000
064985,台表科元大9C購09,0,0,0,0,0,0,0,0,0,-6000,0,0,0,8000,14000,-6000,-6000
1219,福壽            ,1000,7000,-6000,0,0,0,0,0,0,0,0,0,0,0,0,0,-6000
1234,黑松            ,3000,9000,-6000,0,0,0,0,0,0,0,0,0,0,0,0,0,-6000
1324,地球            ,0,6000,-6000,0,0,0,0,0,0,0,0,0,0,0,0,0,-6000
08882P,上証2X國票02售02,0,0,0,0,0,0,0,0,0,-6000,0,0,0,0,6000,-6000,-6000
08935P,鴻海元大01售19  ,0,0,0,0,0,0,0,0,0,-6000,0,0,0,0,6000,-6000,-6000
1503,士電            ,55000,61000,-6000,0,0,0,0,0,0,0,0,0,0,0,0,0,-6000
2613,中櫃            ,0,5000,-5000,0,0,0,0,0,0,-1000,0,1000,-1000,0,0,0,-6000
2706,第一店          ,2000,7000,-5000,0,0,0,0,0,0,-1000,0,1000,-1000,0,0,0,-6000
2514,龍邦            ,2000,4000,-2000,0,0,0,0,0,0,-4000,0,4000,-4000,0,0,0,-6000
4555,氣立            ,0,6000,-6000,0,0,0,0,0,0,0,0,0,0,0,0,0,-6000
08331P,義隆元富9C售02  ,0,0,0,0,0,0,0,0,0,-7000,0,0,0,153000,160000,-7000,-7000
08311P,台積電國票9C售07,0,0,0,0,0,0,0,0,0,-7000,0,0,0,3000,10000,-7000,-7000
07069P,欣興元富99售02  ,0,0,0,0,0,0,0,0,0,-7000,0,0,0,3000,10000,-7000,-7000
067572,FB上証群益01購01,0,0,0,0,0,0,0,0,0,-7000,0,0,0,0,7000,-7000,-7000
066424,晶技元大01購03  ,0,0,0,0,0,0,0,0,0,-7000,0,0,0,212000,219000,-7000,-7000
057227,台積電凱基98購15,0,0,0,0,0,0,0,0,0,-7000,0,0,0,1000,8000,-7000,-7000
056793,臺股指群益98購03,0,0,0,0,0,0,0,0,0,-7000,0,0,0,201000,208000,-7000,-7000
059450,和大永豐99購01  ,0,0,0,0,0,0,0,0,0,-7000,0,0,0,0,7000,-7000,-7000
058834,GIS永豐99購01   ,0,0,0,0,0,0,0,0,0,-7000,0,0,0,3000,10000,-7000,-7000
059707,健策凱基9A購03  ,0,0,0,0,0,0,0,0,0,-7000,0,0,0,0,7000,-7000,-7000
061475,漢唐元大9A購01  ,0,0,0,0,0,0,0,0,0,-7000,0,0,0,0,7000,-7000,-7000
061781,台積電群益9C購01,0,0,0,0,0,0,0,0,0,-7000,0,0,0,0,7000,-7000,-7000
059925,可成國泰9B購01  ,0,0,0,0,0,0,0,0,0,-7000,0,0,0,5000,12000,-7000,-7000
063543,技嘉台新9B購02  ,0,0,0,0,0,0,0,0,0,-7000,0,0,0,0,7000,-7000,-7000
063608,力成凱基9B購03  ,0,0,0,0,0,0,0,0,0,-7000,0,0,0,24000,31000,-7000,-7000
062379,致新元大9B購01  ,0,0,0,0,0,0,0,0,0,-7000,0,0,0,27000,34000,-7000,-7000
062335,茂林統一01購01  ,0,0,0,0,0,0,0,0,0,-7000,0,0,0,0,7000,-7000,-7000
062578,超眾群益9B購01  ,0,0,0,0,0,0,0,0,0,-7000,0,0,0,30000,37000,-7000,-7000
065389,聯茂兆豐9C購01  ,0,0,0,0,0,0,0,0,0,-7000,0,0,0,10000,17000,-7000,-7000
065187,聯發科統一02購02,0,0,0,0,0,0,0,0,0,-7000,0,0,0,18000,25000,-7000,-7000
065715,勤誠群益9C購01  ,0,0,0,0,0,0,0,0,0,-7000,0,0,0,0,7000,-7000,-7000
065636,台表科國票01購03,0,0,0,0,0,0,0,0,0,-7000,0,0,0,0,7000,-7000,-7000
065834,億豐凱基03購01  ,0,0,0,0,0,0,0,0,0,-7000,0,0,0,0,7000,-7000,-7000
066179,智伸科凱基01購01,0,0,0,0,0,0,0,0,0,-7000,0,0,0,0,7000,-7000,-7000
066292,惠特元大01購02  ,0,0,0,0,0,0,0,0,0,-7000,0,0,0,293000,300000,-7000,-7000
5285,界霖            ,16000,23000,-7000,0,0,0,0,0,0,0,0,0,0,0,0,0,-7000
9930,中聯資源        ,24000,31000,-7000,0,0,0,0,0,0,0,0,0,0,0,0,0,-7000
6216,居易            ,0,0,0,0,0,0,0,0,0,-7000,0,7000,-7000,0,0,0,-7000
2527,宏璟            ,12000,19000,-7000,0,0,0,0,0,0,0,0,0,0,0,0,0,-7000
2540,愛山林          ,0,7000,-7000,0,0,0,0,0,0,0,0,0,0,0,0,0,-7000
2722,夏都            ,6000,13000,-7000,0,0,0,0,0,0,0,0,0,0,0,0,0,-7000
3058,立德            ,7000,14000,-7000,0,0,0,0,0,0,0,0,0,0,0,0,0,-7000
3266,昇陽            ,0,7000,-7000,0,0,0,0,0,0,0,0,0,0,0,0,0,-7000
2012,春雨            ,0,4000,-4000,0,0,0,0,0,0,-3000,0,3000,-3000,0,0,0,-7000
066729,台積電元大01購16,0,0,0,0,0,0,0,0,0,-8000,0,0,0,0,8000,-8000,-8000
066716,高股息元大01購01,0,0,0,0,0,0,0,0,0,-8000,0,0,0,16000,24000,-8000,-8000
066670,貿聯凱基01購01  ,0,0,0,0,0,0,0,0,0,-8000,0,0,0,0,8000,-8000,-8000
066779,上証2X中信03購01,0,0,0,0,0,0,0,0,0,-8000,0,0,0,0,8000,-8000,-8000
066792,T50反1凱基01購03,0,0,0,0,0,0,0,0,0,-8000,0,0,0,8000,16000,-8000,-8000
067501,聚陽統一01購03  ,0,0,0,0,0,0,0,0,0,-8000,0,0,0,10000,18000,-8000,-8000
068054,玉晶光統一03購04,0,0,0,0,0,0,0,0,0,-8000,0,0,0,0,8000,-8000,-8000
067943,矽格凱基01購04  ,0,0,0,0,0,0,0,0,0,-8000,0,0,0,0,8000,-8000,-8000
067923,台勝科中信01購01,0,0,0,0,0,0,0,0,0,-8000,0,0,0,0,8000,-8000,-8000
067865,友達元大01購02  ,0,0,0,0,0,0,0,0,0,-8000,0,0,0,4000,12000,-8000,-8000
08357P,聯發科元大9C售09,0,0,0,0,0,0,0,0,0,-8000,0,0,0,2000,10000,-8000,-8000
08537P,台光電國票01售03,0,0,0,0,0,0,0,0,0,-8000,0,0,0,0,8000,-8000,-8000
08205P,智邦凱基9B售03  ,0,0,0,0,0,0,0,0,0,-8000,0,0,0,30000,38000,-8000,-8000
08027P,嘉晶元大9B售03  ,0,0,0,0,0,0,0,0,0,-8000,0,0,0,2000,10000,-8000,-8000
059214,國巨元大99購20  ,0,0,0,0,0,0,0,0,0,-8000,0,0,0,0,8000,-8000,-8000
05750P,臺股指群益99售04,0,0,0,0,0,0,0,0,0,-8000,0,0,0,4000,12000,-8000,-8000
058774,台郡兆豐9A購01  ,0,0,0,0,0,0,0,0,0,-8000,0,0,0,0,8000,-8000,-8000
058108,台郡台新99購01  ,0,0,0,0,0,0,0,0,0,-8000,0,0,0,0,8000,-8000,-8000
058006,台郡群益98購04  ,0,0,0,0,0,0,0,0,0,-8000,0,0,0,0,8000,-8000,-8000
059516,TPK永豐99購01   ,0,0,0,0,0,0,0,0,0,-8000,0,0,0,0,8000,-8000,-8000
056811,健策統一9B購01  ,0,0,0,0,0,0,0,0,0,-8000,0,0,0,2000,10000,-8000,-8000
053805,奇鋐凱基98購02  ,0,0,0,0,0,0,0,0,0,-8000,0,0,0,13000,21000,-8000,-8000
03050X,元展47          ,0,0,0,0,0,0,0,0,0,-8000,0,0,0,2000,10000,-8000,-8000
054159,T50正2凱基99購01,0,0,0,0,0,0,0,0,0,-8000,0,0,0,0,8000,-8000,-8000
0051,元大中型100     ,2000,4000,-2000,0,0,0,0,0,0,-6000,0,0,0,6000,12000,-6000,-8000
00686R,群益臺灣加權反1 ,0,0,0,0,0,0,0,0,0,-8000,0,0,0,32000,40000,-8000,-8000
063126,TPK元大9B購01   ,0,0,0,0,0,0,0,0,0,-8000,0,0,0,18000,26000,-8000,-8000
062362,致茂元大9B購01  ,0,0,0,0,0,0,0,0,0,-8000,0,0,0,31000,39000,-8000,-8000
062434,華通元大9B購04  ,0,0,0,0,0,0,0,0,0,-8000,0,0,0,75000,83000,-8000,-8000
063727,鴻海元大9C購05  ,0,0,0,0,0,0,0,0,0,-8000,0,0,0,33000,41000,-8000,-8000
063647,超眾元大9B購02  ,0,0,0,0,0,0,0,0,0,-8000,0,0,0,10000,18000,-8000,-8000
059889,華新科國票99購04,0,0,0,0,0,0,0,0,0,-8000,0,0,0,2000,10000,-8000,-8000
059973,A50正2元大99購02,0,0,0,0,0,0,0,0,0,-8000,0,0,0,0,8000,-8000,-8000
063154,南六元富9B購02  ,0,0,0,0,0,0,0,0,0,-8000,0,0,0,30000,38000,-8000,-8000
061626,超眾群益9A購02  ,0,0,0,0,0,0,0,0,0,-8000,0,0,0,0,8000,-8000,-8000
06633P,國巨國票99售01  ,0,0,0,0,0,0,0,0,0,-8000,0,0,0,20000,28000,-8000,-8000
066225,松翰國泰03購01  ,0,0,0,0,0,0,0,0,0,-8000,0,0,0,42000,50000,-8000,-8000
065730,新日興凱基9C購01,0,0,0,0,0,0,0,0,0,-8000,0,0,0,14000,22000,-8000,-8000
065347,聯發科統一9C購15,0,0,0,0,0,0,0,0,0,-8000,0,0,0,1000,9000,-8000,-8000
064882,同欣電兆豐9C購01,0,0,0,0,0,0,0,0,0,-8000,0,0,0,92000,100000,-8000,-8000
064567,晶技群益01購01  ,0,0,0,0,0,0,0,0,0,-8000,0,0,0,2000,10000,-8000,-8000
064831,宏達電統一02購01,0,0,0,0,0,0,0,0,0,-8000,0,0,0,42000,50000,-8000,-8000
064516,華通群益02購01  ,0,0,0,0,0,0,0,0,0,-8000,0,0,0,182000,190000,-8000,-8000
2029,盛餘            ,3000,8000,-5000,0,0,0,0,0,0,-3000,0,3000,-3000,0,0,0,-8000
2114,鑫永銓          ,4000,8000,-4000,0,0,0,0,0,0,-4000,0,4000,-4000,0,0,0,-8000
1558,伸興            ,0,7000,-7000,0,0,0,0,0,0,-1000,0,1000,-1000,0,0,0,-8000
1568,倉佑            ,0,7000,-7000,0,0,0,0,0,0,-1000,0,1000,-1000,0,0,0,-8000
1906,寶隆            ,1000,9000,-8000,0,0,0,0,0,0,0,0,0,0,0,0,0,-8000
1225,福懋油          ,0,8000,-8000,0,0,0,0,0,0,0,0,0,0,0,0,0,-8000
08696P,臺股指群益01售01,0,0,0,0,0,0,0,0,0,-8000,0,0,0,0,8000,-8000,-8000
3702A,大聯大甲特      ,10000,0,10000,0,0,0,0,0,0,-18000,12000,30000,-18000,0,0,0,-8000
3305,昇貿            ,0,7000,-7000,0,0,0,0,0,0,-1000,0,1000,-1000,0,0,0,-8000
2482,連宇            ,6000,13000,-7000,0,0,0,0,0,0,-1000,0,1000,-1000,0,0,0,-8000
6281,全國電          ,1000,5000,-4000,0,0,0,0,0,0,-4000,0,4000,-4000,0,0,0,-8000
8104,錸寶            ,94000,101000,-7000,0,0,0,0,0,0,-1000,0,1000,-1000,0,0,0,-8000
910861,神州-DR         ,8000,16000,-8000,0,0,0,0,0,0,0,0,0,0,0,0,0,-8000
8201,無敵            ,28000,35000,-7000,0,0,0,0,0,0,-1000,0,1000,-1000,0,0,0,-8000
4560,強信-KY         ,73000,81000,-8000,0,0,0,0,0,0,0,0,0,0,0,0,0,-8000
4999,鑫禾            ,4000,11000,-7000,0,0,0,0,0,0,-1000,0,1000,-1000,0,0,0,-8000
9943,好樂迪          ,4000,10000,-6000,0,0,0,0,0,0,-2000,0,2000,-2000,0,0,0,-8000
07958P,華擎群益9B售01  ,0,0,0,0,0,0,0,0,0,-9000,0,0,0,0,9000,-9000,-9000
07889P,旭富國票9B售01  ,0,0,0,0,0,0,0,0,0,-9000,0,0,0,0,9000,-9000,-9000
08457P,大毅元大9C售03  ,0,0,0,0,0,0,0,0,0,-9000,0,0,0,58000,67000,-9000,-9000
067684,康控元大01購05  ,0,0,0,0,0,0,0,0,0,-9000,0,0,0,0,9000,-9000,-9000
07070P,晶相光元富99售01,0,0,0,0,0,0,0,0,0,-9000,0,0,0,5000,14000,-9000,-9000
07065P,臺股指元大9A售26,0,0,0,0,0,0,0,0,0,-9000,0,0,0,41000,50000,-9000,-9000
07348P,滬深2X凱基9A售04,0,0,0,0,0,0,0,0,0,-9000,0,0,0,0,9000,-9000,-9000
07342P,大立光凱基99售14,0,0,0,0,0,0,0,0,0,-9000,0,0,0,20000,29000,-9000,-9000
067451,嘉晶國票02購01  ,0,0,0,0,0,0,0,0,0,-9000,0,0,0,121000,130000,-9000,-9000
067447,台積電國票02購04,0,0,0,0,0,0,0,0,0,-9000,0,0,0,0,9000,-9000,-9000
067292,大立光兆豐01購01,0,0,0,0,0,0,0,0,0,-9000,0,0,0,0,9000,-9000,-9000
00711B,FH彭博新興債    ,0,0,0,0,0,0,0,0,0,-9000,0,0,0,104000,113000,-9000,-9000
053401,臺股指中信99購01,0,0,0,0,0,0,0,0,0,-9000,0,0,0,0,9000,-9000,-9000
053559,台積電國泰98購01,0,0,0,0,0,0,0,0,0,-9000,0,0,0,103000,112000,-9000,-9000
053186,健策中信9C購01  ,0,0,0,0,0,0,0,0,0,-9000,0,0,0,11000,20000,-9000,-9000
056969,智易永豐98購01  ,0,0,0,0,0,0,0,0,0,-9000,0,0,0,1000,10000,-9000,-9000
057320,玉晶光凱基98購01,0,0,0,0,0,0,0,0,0,-9000,0,0,0,24000,33000,-9000,-9000
056277,上銀富邦99購02  ,0,0,0,0,0,0,0,0,0,-9000,0,0,0,6000,15000,-9000,-9000
057596,聯茂兆豐99購01  ,0,0,0,0,0,0,0,0,0,-9000,0,0,0,2000,11000,-9000,-9000
058034,神達永豐98購02  ,0,0,0,0,0,0,0,0,0,-9000,0,0,0,0,9000,-9000,-9000
058124,玉晶光國票9A購01,0,0,0,0,0,0,0,0,0,-9000,0,0,0,1000,10000,-9000,-9000
058488,華擎國票9A購01  ,0,0,0,0,0,0,0,0,0,-9000,0,0,0,0,9000,-9000,-9000
061940,世紀鋼國票9C購01,0,0,0,0,0,0,0,0,0,-9000,0,0,0,39000,48000,-9000,-9000
063304,大立光凱基01購02,0,0,0,0,0,0,0,0,0,-9000,0,0,0,0,9000,-9000,-9000
057398,台郡中信99購01  ,0,0,0,0,0,0,0,0,0,-9000,0,0,0,1000,10000,-9000,-9000
057693,臺股指凱基98購11,0,0,0,0,0,0,0,0,0,-9000,0,0,0,1000,10000,-9000,-9000
063211,道瓊銀國票9B購01,0,0,0,0,0,0,0,0,0,-9000,0,0,0,21000,30000,-9000,-9000
059952,旺宏康和99購01  ,0,0,0,0,0,0,0,0,0,-9000,0,0,0,1000,10000,-9000,-9000
059901,滬深2X元大9C購07,0,0,0,0,0,0,0,0,0,-9000,0,0,0,2000,11000,-9000,-9000
062029,牧德群益9B購03  ,0,0,0,0,0,0,0,0,0,-9000,0,0,0,50000,59000,-9000,-9000
063605,健策凱基9C購02  ,0,0,0,0,0,0,0,0,0,-9000,0,0,0,73000,82000,-9000,-9000
063714,超眾凱基9B購03  ,0,0,0,0,0,0,0,0,0,-9000,0,0,0,6000,15000,-9000,-9000
060667,力成凱基9A購01  ,0,0,0,0,0,0,0,0,0,-9000,0,0,0,105000,114000,-9000,-9000
061286,大立光統一9A購05,0,0,0,0,0,0,0,0,0,-9000,0,0,0,21000,30000,-9000,-9000
062145,億光國票9B購01  ,0,0,0,0,0,0,0,0,0,-9000,0,0,0,35000,44000,-9000,-9000
063355,超眾元富9B購01  ,0,0,0,0,0,0,0,0,0,-9000,0,0,0,0,9000,-9000,-9000
062517,滬深2X元大9B購05,0,0,0,0,0,0,0,0,0,-9000,0,0,0,1000,10000,-9000,-9000
064439,大立光凱基03購02,0,0,0,0,0,0,0,0,0,-9000,0,0,0,30000,39000,-9000,-9000
063941,國巨元大9C購12  ,0,0,0,0,0,0,0,0,0,-9000,0,0,0,46000,55000,-9000,-9000
064136,致新元大9C購01  ,0,0,0,0,0,0,0,0,0,-9000,0,0,0,27000,36000,-9000,-9000
064772,FBVIX群益9C購04 ,0,0,0,0,0,0,0,0,0,-9000,0,0,0,11000,20000,-9000,-9000
064527,裕隆中信01購01  ,0,0,0,0,0,0,0,0,0,-9000,0,0,0,43000,52000,-9000,-9000
06499P,臺股指元大9A售04,0,0,0,0,0,0,0,0,0,-9000,0,0,0,10000,19000,-9000,-9000
065092,健鼎元大9C購02  ,0,0,0,0,0,0,0,0,0,-9000,0,0,0,66000,75000,-9000,-9000
066221,康友台新01購01  ,0,0,0,0,0,0,0,0,0,-9000,0,0,0,24000,33000,-9000,-9000
4737,華廣            ,1000,10000,-9000,0,0,0,0,0,0,0,0,0,0,0,0,0,-9000
6166,凌華            ,43000,48000,-5000,0,0,0,0,0,0,-4000,0,4000,-4000,0,0,0,-9000
8114,振樺電          ,0,6000,-6000,0,0,0,0,0,0,-3000,0,3000,-3000,0,0,0,-9000
8411,福貞-KY         ,0,9000,-9000,0,0,0,0,0,0,0,0,0,0,0,0,0,-9000
6598,ABC-KY          ,12000,21000,-9000,0,0,0,0,0,0,0,0,0,0,0,0,0,-9000
2701,萬企            ,0,4000,-4000,0,0,0,0,0,0,-5000,0,5000,-5000,0,0,0,-9000
2908,特力            ,39000,48000,-9000,0,0,0,0,0,0,0,0,0,0,0,0,0,-9000
4104,佳醫            ,23000,32000,-9000,0,0,0,0,0,0,0,0,0,0,0,0,0,-9000
08962P,大立光凱基03售05,0,0,0,0,0,0,0,0,0,-9000,0,0,0,0,9000,-9000,-9000
1540,喬福            ,0,9000,-9000,0,0,0,0,0,0,0,0,0,0,0,0,0,-9000
1413,宏洲            ,0,9000,-9000,0,0,0,0,0,0,0,0,0,0,0,0,0,-9000
2427,三商電          ,4000,13000,-9000,0,0,0,0,0,0,0,0,0,0,0,0,0,-9000
00743,國泰中國A150    ,0,92000,-92000,0,0,0,0,0,0,82203,0,0,0,83000,797,82203,-9797
067342,新日興凱基01購02,0,0,0,0,0,0,0,0,0,-10000,0,0,0,0,10000,-10000,-10000
067329,巨大康和01購02  ,0,0,0,0,0,0,0,0,0,-10000,0,0,0,0,10000,-10000,-10000
06723P,台灣50麥證99售01,0,0,0,2000,12000,-10000,0,0,0,-10000,0,0,0,2000,12000,-10000,-10000
067042,旺宏凱基01購02  ,0,0,0,0,0,0,0,0,0,-10000,0,0,0,10000,20000,-10000,-10000
067458,台積電永豐01購02,0,0,0,0,0,0,0,0,0,-10000,0,0,0,0,10000,-10000,-10000
067466,元金2X元大03購01,0,0,0,0,0,0,0,0,0,-10000,0,0,0,0,10000,-10000,-10000
067573,滬深反群益02購01,0,0,0,0,0,0,0,0,0,-10000,0,0,0,0,10000,-10000,-10000
067577,FBVIX群益01購02 ,0,0,0,0,0,0,0,0,0,-10000,0,0,0,0,10000,-10000,-10000
067570,台積電麥證01購11,0,0,0,10000,20000,-10000,0,0,0,-10000,0,0,0,10000,20000,-10000,-10000
067571,大立光麥證01購04,0,0,0,0,10000,-10000,0,0,0,-10000,0,0,0,0,10000,-10000,-10000
066788,聯發科麥證01購07,0,0,0,0,10000,-10000,0,0,0,-10000,0,0,0,0,10000,-10000,-10000
066882,A50正2永豐01購01,0,0,0,0,0,0,0,0,0,-10000,0,0,0,10000,20000,-10000,-10000
066833,正文群益01購01  ,0,0,0,0,0,0,0,0,0,-10000,0,0,0,10000,20000,-10000,-10000
066971,滬深2X群益03購03,0,0,0,0,0,0,0,0,0,-10000,0,0,0,0,10000,-10000,-10000
066656,滬深2X凱基03購02,0,0,0,0,0,0,0,0,0,-10000,0,0,0,0,10000,-10000,-10000
07310P,大立光凱基99售12,0,0,0,0,0,0,0,0,0,-10000,0,0,0,0,10000,-10000,-10000
07483P,國巨台新9A售01  ,0,0,0,0,0,0,0,0,0,-10000,0,0,0,0,10000,-10000,-10000
07408P,台積電兆豐99售06,0,0,0,0,0,0,0,0,0,-10000,0,0,0,0,10000,-10000,-10000
07683P,宏達電凱基9A售03,0,0,0,0,0,0,0,0,0,-10000,0,0,0,0,10000,-10000,-10000
07655P,台灣50凱基01售09,0,0,0,0,0,0,0,0,0,-10000,0,0,0,0,10000,-10000,-10000
07744P,奇力新凱基9A售05,0,0,0,0,0,0,0,0,0,-10000,0,0,0,0,10000,-10000,-10000
07544P,大立光凱基9A售09,0,0,0,0,0,0,0,0,0,-10000,0,0,0,1000,11000,-10000,-10000
07627P,超眾凱基9A售02  ,0,0,0,0,0,0,0,0,0,-10000,0,0,0,0,10000,-10000,-10000
068036,緯創元富02購01  ,0,0,0,0,0,0,0,0,0,-10000,0,0,0,0,10000,-10000,-10000
068038,康控元富03購01  ,0,0,0,0,0,0,0,0,0,-10000,0,0,0,0,10000,-10000,-10000
06854P,鴻海富邦99售05  ,0,0,0,0,0,0,0,0,0,-10000,0,0,0,0,10000,-10000,-10000
06886P,旺宏元大99售07  ,0,0,0,0,0,0,0,0,0,-10000,0,0,0,0,10000,-10000,-10000
06902P,聯電凱基98售02  ,0,0,0,0,0,0,0,0,0,-10000,0,0,0,0,10000,-10000,-10000
06994P,台光電凱基99售02,0,0,0,0,0,0,0,0,0,-10000,0,0,0,0,10000,-10000,-10000
06921P,台光電凱基98售06,0,0,0,0,0,0,0,0,0,-10000,0,0,0,0,10000,-10000,-10000
06770P,台灣50第一9C售01,0,0,0,0,0,0,0,0,0,-10000,0,0,0,0,10000,-10000,-10000
067797,臺股指群益01購09,0,0,0,0,0,0,0,0,0,-10000,0,0,0,0,10000,-10000,-10000
067776,巨大統一03購02  ,0,0,0,0,0,0,0,0,0,-10000,0,0,0,0,10000,-10000,-10000
067827,富邦金兆豐03購01,0,0,0,0,0,0,0,0,0,-10000,0,0,0,8000,18000,-10000,-10000
067899,玉晶光群益02購13,0,0,0,0,0,0,0,0,0,-10000,0,0,0,4000,14000,-10000,-10000
067909,玉晶光國泰03購02,0,0,0,0,0,0,0,0,0,-10000,0,0,0,38000,48000,-10000,-10000
068009,矽格元大01購05  ,0,0,0,0,0,0,0,0,0,-10000,0,0,0,0,10000,-10000,-10000
068019,玉晶光國票02購06,0,0,0,0,0,0,0,0,0,-10000,0,0,0,2000,12000,-10000,-10000
08417P,聯發科元大9C售12,0,0,0,0,0,0,0,0,0,-10000,0,0,0,10000,20000,-10000,-10000
08398P,台積電元富9C售04,0,0,0,0,0,0,0,0,0,-10000,0,0,0,0,10000,-10000,-10000
08361P,玉晶光永豐9C售04,0,0,0,0,0,0,0,0,0,-10000,0,0,0,0,10000,-10000,-10000
08310P,南電凱基9C售01  ,0,0,0,0,0,0,0,0,0,-10000,0,0,0,10000,20000,-10000,-10000
08291P,智邦台新9C售02  ,0,0,0,0,0,0,0,0,0,-10000,0,0,0,0,10000,-10000,-10000
08541P,景碩國票01售02  ,0,0,0,0,0,0,0,0,0,-10000,0,0,0,0,10000,-10000,-10000
08516P,技嘉群益01售02  ,0,0,0,0,0,0,0,0,0,-10000,0,0,0,0,10000,-10000,-10000
08599P,台表科元大9C售11,0,0,0,0,0,0,0,0,0,-10000,0,0,0,0,10000,-10000,-10000
08595P,南電群益9C售03  ,0,0,0,0,0,0,0,0,0,-10000,0,0,0,0,10000,-10000,-10000
08587P,聯發科中信01售05,0,0,0,0,0,0,0,0,0,-10000,0,0,0,0,10000,-10000,-10000
07878P,智邦群益9C售01  ,0,0,0,0,0,0,0,0,0,-10000,0,0,0,0,10000,-10000,-10000
07864P,可成元大9B售01  ,0,0,0,0,0,0,0,0,0,-10000,0,0,0,275000,285000,-10000,-10000
07782P,寶成凱基9A售02  ,0,0,0,0,0,0,0,0,0,-10000,0,0,0,0,10000,-10000,-10000
07955P,大成鋼群益9B售02,0,0,0,0,0,0,0,0,0,-10000,0,0,0,150000,160000,-10000,-10000
08042P,臺股指群益9B售15,0,0,0,0,0,0,0,0,0,-10000,0,0,0,32000,42000,-10000,-10000
08053P,臺股指國票9B售18,0,0,0,0,0,0,0,0,0,-10000,0,0,0,0,10000,-10000,-10000
08228P,華擎國票9C售01  ,0,0,0,0,0,0,0,0,0,-10000,0,0,0,0,10000,-10000,-10000
08165P,台表科永豐9B售02,0,0,0,0,0,0,0,0,0,-10000,0,0,0,0,10000,-10000,-10000
08098P,大立光凱基9B售09,0,0,0,0,0,0,0,0,0,-10000,0,0,0,0,10000,-10000,-10000
052658,友達元富9C購01  ,0,0,0,0,0,0,0,0,0,-10000,0,0,0,0,10000,-10000,-10000
052697,滬深2X國票98購01,0,0,0,0,0,0,0,0,0,-10000,0,0,0,0,10000,-10000,-10000
00672L,元大S&P原油正2  ,0,0,0,0,0,0,0,0,0,-10000,0,0,0,45000,55000,-10000,-10000
053212,友達凱基99購04  ,0,0,0,0,0,0,0,0,0,-10000,0,0,0,0,10000,-10000,-10000
053402,A50正2群益9A購02,0,0,0,0,0,0,0,0,0,-10000,0,0,0,0,10000,-10000,-10000
053652,友達凱基98購04  ,0,0,0,0,0,0,0,0,0,-10000,0,0,0,0,10000,-10000,-10000
053861,台光電元大98購01,0,0,0,0,0,0,0,0,0,-10000,0,0,0,1000,11000,-10000,-10000
053876,可成永昌98購01  ,0,0,0,0,0,0,0,0,0,-10000,0,0,0,0,10000,-10000,-10000
03032P,華通國票03售01  ,0,0,0,0,0,0,0,0,0,-10000,0,0,0,0,10000,-10000,-10000
056995,華新科日盛99購01,0,0,0,0,0,0,0,0,0,-10000,0,0,0,200000,210000,-10000,-10000
056871,新日興日盛99購01,0,0,0,0,0,0,0,0,0,-10000,0,0,0,0,10000,-10000,-10000
056577,玉晶光元大99購06,0,0,0,0,0,0,0,0,0,-10000,0,0,0,0,10000,-10000,-10000
057128,台光電凱基98購03,0,0,0,0,0,0,0,0,0,-10000,0,0,0,11000,21000,-10000,-10000
057225,華新凱基98購01  ,0,0,0,0,0,0,0,0,0,-10000,0,0,0,20000,30000,-10000,-10000
057170,瑞昱元大98購01  ,0,0,0,0,0,0,0,0,0,-10000,0,0,0,0,10000,-10000,-10000
056498,A50正2富邦9B購01,0,0,0,0,0,0,0,0,0,-10000,0,0,0,17000,27000,-10000,-10000
051047,深中小群益99購01,0,0,0,0,0,0,0,0,0,-10000,0,0,0,0,10000,-10000,-10000
047694,SP黃豆國票9B購01,0,0,0,0,0,0,0,0,0,-10000,0,0,0,0,10000,-10000,-10000
046905,新光金凱基99購01,0,0,0,0,0,0,0,0,0,-10000,0,0,0,0,10000,-10000,-10000
046629,群創統一98購01  ,0,0,0,0,0,0,0,0,0,-10000,0,0,0,60000,70000,-10000,-10000
03603P,群創凱基98售04  ,0,0,0,0,0,0,0,0,0,-10000,0,0,0,0,10000,-10000,-10000
03686P,大立光統一98售02,0,0,0,0,0,0,0,0,0,-10000,0,0,0,0,10000,-10000,-10000
057598,鴻海群益98購07  ,0,0,0,0,0,0,0,0,0,-10000,0,0,0,0,10000,-10000,-10000
058497,新日興群益9B購01,0,0,0,0,0,0,0,0,0,-10000,0,0,0,0,10000,-10000,-10000
056279,新日興富邦99購01,0,0,0,0,0,0,0,0,0,-10000,0,0,0,20000,30000,-10000,-10000
056173,廣達元富97購01  ,0,0,0,0,0,0,0,0,0,-10000,0,0,0,0,10000,-10000,-10000
059645,祥碩凱基99購05  ,0,0,0,0,0,0,0,0,0,-10000,0,0,0,0,10000,-10000,-10000
059686,上証2X永豐9A購01,0,0,0,0,0,0,0,0,0,-10000,0,0,0,0,10000,-10000,-10000
059443,嘉聯益元大9B購01,0,0,0,0,0,0,0,0,0,-10000,0,0,0,0,10000,-10000,-10000
059387,華通凱基9A購03  ,0,0,0,0,0,0,0,0,0,-10000,0,0,0,10000,20000,-10000,-10000
057286,群創元大9B購05  ,0,0,0,0,0,0,0,0,0,-10000,0,0,0,0,10000,-10000,-10000
057242,台郡凱基98購05  ,0,0,0,0,0,0,0,0,0,-10000,0,0,0,0,10000,-10000,-10000
057266,TPK兆豐98購02   ,0,0,0,0,0,0,0,0,0,-10000,0,0,0,0,10000,-10000,-10000
056735,國巨凱基99購02  ,0,0,0,0,0,0,0,0,0,-10000,0,0,0,0,10000,-10000,-10000
054588,玉晶光國泰99購02,0,0,0,0,0,0,0,0,0,-10000,0,0,0,0,10000,-10000,-10000
054811,裕隆元大9A購01  ,0,0,0,0,0,0,0,0,0,-10000,0,0,0,0,10000,-10000,-10000
054761,台光電國票98購02,0,0,0,0,0,0,0,0,0,-10000,0,0,0,0,10000,-10000,-10000
055782,新日興凱基99購01,0,0,0,0,0,0,0,0,0,-10000,0,0,0,0,10000,-10000,-10000
055615,宏達電國票99購02,0,0,0,0,0,0,0,0,0,-10000,0,0,0,0,10000,-10000,-10000
057706,臺股指群益98購06,0,0,0,0,0,0,0,0,0,-10000,0,0,0,0,10000,-10000,-10000
057787,TPK國票99購01   ,0,0,0,0,0,0,0,0,0,-10000,0,0,0,0,10000,-10000,-10000
059166,友達凱基99購05  ,0,0,0,0,0,0,0,0,0,-10000,0,0,0,0,10000,-10000,-10000
05890P,彩晶元大99售01  ,0,0,0,0,0,0,0,0,0,-10000,0,0,0,0,10000,-10000,-10000
059056,技嘉凱基99購02  ,0,0,0,0,0,0,0,0,0,-10000,0,0,0,22000,32000,-10000,-10000
059029,旺宏兆豐99購01  ,0,0,0,0,0,0,0,0,0,-10000,0,0,0,0,10000,-10000,-10000
058934,台灣50中信03購03,0,0,0,0,0,0,0,0,0,-10000,0,0,0,0,10000,-10000,-10000
057396,健鼎中信99購01  ,0,0,0,0,0,0,0,0,0,-10000,0,0,0,0,10000,-10000,-10000
057463,華邦電永豐98購01,0,0,0,0,0,0,0,0,0,-10000,0,0,0,0,10000,-10000,-10000
057489,奇力新元大99購06,0,0,0,0,0,0,0,0,0,-10000,0,0,0,0,10000,-10000,-10000
057500,神達群益98購01  ,0,0,0,0,0,0,0,0,0,-10000,0,0,0,0,10000,-10000,-10000
057573,京鼎永豐98購02  ,0,0,0,0,0,0,0,0,0,-10000,0,0,0,0,10000,-10000,-10000
057866,玉山金凱基98購01,0,0,0,0,0,0,0,0,0,-10000,0,0,0,0,10000,-10000,-10000
058658,瑞儀中信99購01  ,0,0,0,0,0,0,0,0,0,-10000,0,0,0,10000,20000,-10000,-10000
058675,康控群益9B購01  ,0,0,0,0,0,0,0,0,0,-10000,0,0,0,10000,20000,-10000,-10000
059346,新日興凱基99購03,0,0,0,0,0,0,0,0,0,-10000,0,0,0,0,10000,-10000,-10000
059334,A50正2國票9A購02,0,0,0,0,0,0,0,0,0,-10000,0,0,0,3000,13000,-10000,-10000
059324,智易元大99購04  ,0,0,0,0,0,0,0,0,0,-10000,0,0,0,0,10000,-10000,-10000
061927,玉晶光凱基9C購01,0,0,0,0,0,0,0,0,0,-10000,0,0,0,1000,11000,-10000,-10000
061871,瑞昱元大9B購01  ,0,0,0,0,0,0,0,0,0,-10000,0,0,0,3000,13000,-10000,-10000
061895,旺宏永豐9B購01  ,0,0,0,0,0,0,0,0,0,-10000,0,0,0,0,10000,-10000,-10000
061231,聚陽元大9A購02  ,0,0,0,0,0,0,0,0,0,-10000,0,0,0,0,10000,-10000,-10000
061213,群創元大9A購05  ,0,0,0,0,0,0,0,0,0,-10000,0,0,0,2000,12000,-10000,-10000
061255,道瓊反凱基9C購01,0,0,0,0,0,0,0,0,0,-10000,0,0,0,0,10000,-10000,-10000
060443,滬深2X元大9A購03,0,0,0,0,0,0,0,0,0,-10000,0,0,0,0,10000,-10000,-10000
060444,滬深2X元大9A購04,0,0,0,0,0,0,0,0,0,-10000,0,0,0,0,10000,-10000,-10000
060455,葡萄王元大9A購02,0,0,0,0,0,0,0,0,0,-10000,0,0,0,46000,56000,-10000,-10000
060502,國巨元大9A購07  ,0,0,0,0,0,0,0,0,0,-10000,0,0,0,0,10000,-10000,-10000
058770,貿聯兆豐9A購01  ,0,0,0,0,0,0,0,0,0,-10000,0,0,0,0,10000,-10000,-10000
058747,友達凱基9A購03  ,0,0,0,0,0,0,0,0,0,-10000,0,0,0,50000,60000,-10000,-10000
058374,玉晶光凱基9A購03,0,0,0,0,0,0,0,0,0,-10000,0,0,0,0,10000,-10000,-10000
058366,元大金凱基99購01,0,0,0,0,0,0,0,0,0,-10000,0,0,0,0,10000,-10000,-10000
058403,玉晶光元大99購12,0,0,0,0,0,0,0,0,0,-10000,0,0,0,4000,14000,-10000,-10000
058349,滬深2X日盛9A購01,0,0,0,0,0,0,0,0,0,-10000,0,0,0,0,10000,-10000,-10000
058315,TPK富邦9C購01   ,0,0,0,0,0,0,0,0,0,-10000,0,0,0,125000,135000,-10000,-10000
058151,台積電統一9A購04,0,0,0,0,0,0,0,0,0,-10000,0,0,0,0,10000,-10000,-10000
058102,楠梓電永豐98購04,0,0,0,0,0,0,0,0,0,-10000,0,0,0,0,10000,-10000,-10000
058170,國巨凱基9A購06  ,0,0,0,0,0,0,0,0,0,-10000,0,0,0,0,10000,-10000,-10000
058244,神達元大99購02  ,0,0,0,0,0,0,0,0,0,-10000,0,0,0,0,10000,-10000,-10000
058237,嘉晶元大99購04  ,0,0,0,0,0,0,0,0,0,-10000,0,0,0,11000,21000,-10000,-10000
058022,樺漢凱基99購02  ,0,0,0,0,0,0,0,0,0,-10000,0,0,0,10000,20000,-10000,-10000
057981,臻鼎永豐98購01  ,0,0,0,0,0,0,0,0,0,-10000,0,0,0,0,10000,-10000,-10000
057955,技嘉元大98購07  ,0,0,0,0,0,0,0,0,0,-10000,0,0,0,0,10000,-10000,-10000
062521,玉晶光元大9C購05,0,0,0,0,0,0,0,0,0,-10000,0,0,0,0,10000,-10000,-10000
063115,台積電麥證9B購02,0,0,0,0,10000,-10000,0,0,0,-10000,0,0,0,0,10000,-10000,-10000
063099,臺指反群益9B購05,0,0,0,0,0,0,0,0,0,-10000,0,0,0,0,10000,-10000,-10000
062816,華新科兆豐9B購01,0,0,0,0,0,0,0,0,0,-10000,0,0,0,0,10000,-10000,-10000
062765,祥碩凱基9B購04  ,0,0,0,0,0,0,0,0,0,-10000,0,0,0,0,10000,-10000,-10000
060960,金像電凱基9B購01,0,0,0,0,0,0,0,0,0,-10000,0,0,0,20000,30000,-10000,-10000
060993,健策元大9B購03  ,0,0,0,0,0,0,0,0,0,-10000,0,0,0,2000,12000,-10000,-10000
06082P,華通統一98售01  ,0,0,0,0,0,0,0,0,0,-10000,0,0,0,36000,46000,-10000,-10000
061023,茂林國泰9B購02  ,0,0,0,0,0,0,0,0,0,-10000,0,0,0,10000,20000,-10000,-10000
061016,可成麥證9A購01  ,0,0,0,0,10000,-10000,0,0,0,-10000,0,0,0,0,10000,-10000,-10000
061168,力成兆豐9A購01  ,0,0,0,0,0,0,0,0,0,-10000,0,0,0,50000,60000,-10000,-10000
060511,群創元大9B購08  ,0,0,0,0,0,0,0,0,0,-10000,0,0,0,2000,12000,-10000,-10000
060553,祥碩凱基9A購01  ,0,0,0,0,0,0,0,0,0,-10000,0,0,0,0,10000,-10000,-10000
060551,大立光凱基9B購02,0,0,0,0,0,0,0,0,0,-10000,0,0,0,30000,40000,-10000,-10000
060597,華通凱基9A購04  ,0,0,0,0,0,0,0,0,0,-10000,0,0,0,10000,20000,-10000,-10000
060606,玉晶光凱基9A購05,0,0,0,0,0,0,0,0,0,-10000,0,0,0,1000,11000,-10000,-10000
060608,玉晶光凱基9A購08,0,0,0,0,0,0,0,0,0,-10000,0,0,0,0,10000,-10000,-10000
060609,玉晶光凱基9B購01,0,0,0,0,0,0,0,0,0,-10000,0,0,0,1000,11000,-10000,-10000
063014,技嘉元大9B購03  ,0,0,0,0,0,0,0,0,0,-10000,0,0,0,0,10000,-10000,-10000
06213P,大立光元大98售07,0,0,0,0,0,0,0,0,0,-10000,0,0,0,0,10000,-10000,-10000
062140,元金2X國票9B購03,0,0,0,0,0,0,0,0,0,-10000,0,0,0,0,10000,-10000,-10000
062129,世紀鋼統一02購01,0,0,0,0,0,0,0,0,0,-10000,0,0,0,0,10000,-10000,-10000
062368,聯詠元大9B購01  ,0,0,0,0,0,0,0,0,0,-10000,0,0,0,0,10000,-10000,-10000
062288,南六群益9B購01  ,0,0,0,0,0,0,0,0,0,-10000,0,0,0,0,10000,-10000,-10000
062306,華通凱基9B購01  ,0,0,0,0,0,0,0,0,0,-10000,0,0,0,17000,27000,-10000,-10000
062226,臻鼎統一9B購01  ,0,0,0,0,0,0,0,0,0,-10000,0,0,0,40000,50000,-10000,-10000
062196,聯發科中信01購02,0,0,0,0,0,0,0,0,0,-10000,0,0,0,0,10000,-10000,-10000
062729,神達凱基9B購02  ,0,0,0,0,0,0,0,0,0,-10000,0,0,0,0,10000,-10000,-10000
062021,康控永豐9B購01  ,0,0,0,0,0,0,0,0,0,-10000,0,0,0,0,10000,-10000,-10000
063469,牧德元大9C購02  ,0,0,0,0,0,0,0,0,0,-10000,0,0,0,0,10000,-10000,-10000
060197,臻鼎元富9A購02  ,0,0,0,0,0,0,0,0,0,-10000,0,0,0,0,10000,-10000,-10000
060114,緯穎元大99購10  ,0,0,0,0,0,0,0,0,0,-10000,0,0,0,10000,20000,-10000,-10000
060120,聯電富邦9B購01  ,0,0,0,0,0,0,0,0,0,-10000,0,0,0,0,10000,-10000,-10000
060341,國巨統一9C購02  ,0,0,0,0,0,0,0,0,0,-10000,0,0,0,0,10000,-10000,-10000
060373,元金2X元富9A購01,0,0,0,0,0,0,0,0,0,-10000,0,0,0,0,10000,-10000,-10000
060293,緯創元大9A購01  ,0,0,0,0,0,0,0,0,0,-10000,0,0,0,19000,29000,-10000,-10000
063726,鴻海元大9B購04  ,0,0,0,0,0,0,0,0,0,-10000,0,0,0,49000,59000,-10000,-10000
063793,和大凱基9C購01  ,0,0,0,0,0,0,0,0,0,-10000,0,0,0,0,10000,-10000,-10000
063405,聯發科國票9C購03,0,0,0,0,0,0,0,0,0,-10000,0,0,0,0,10000,-10000,-10000
063392,聯電群益9B購02  ,0,0,0,0,0,0,0,0,0,-10000,0,0,0,2000,12000,-10000,-10000
063684,上銀永豐9B購02  ,0,0,0,0,0,0,0,0,0,-10000,0,0,0,0,10000,-10000,-10000
061855,台郡國票9B購01  ,0,0,0,0,0,0,0,0,0,-10000,0,0,0,7000,17000,-10000,-10000
059817,華通凱基99購05  ,0,0,0,0,0,0,0,0,0,-10000,0,0,0,20000,30000,-10000,-10000
061841,晶技凱基9C購01  ,0,0,0,0,0,0,0,0,0,-10000,0,0,0,19000,29000,-10000,-10000
059832,超眾康和99購01  ,0,0,0,0,0,0,0,0,0,-10000,0,0,0,0,10000,-10000,-10000
061753,南亞科台新9B購01,0,0,0,0,0,0,0,0,0,-10000,0,0,0,0,10000,-10000,-10000
059869,友達凱基99購07  ,0,0,0,0,0,0,0,0,0,-10000,0,0,0,0,10000,-10000,-10000
059935,國巨永豐99購07  ,0,0,0,0,0,0,0,0,0,-10000,0,0,0,0,10000,-10000,-10000
062056,國巨統一9C購08  ,0,0,0,0,0,0,0,0,0,-10000,0,0,0,0,10000,-10000,-10000
059965,鴻海凱基99購16  ,0,0,0,0,0,0,0,0,0,-10000,0,0,0,15000,25000,-10000,-10000
060039,大立光國票99購04,0,0,0,0,0,0,0,0,0,-10000,0,0,0,0,10000,-10000,-10000
060063,可成兆豐9B購01  ,0,0,0,0,0,0,0,0,0,-10000,0,0,0,0,10000,-10000,-10000
061456,玉晶光凱基9B購05,0,0,0,0,0,0,0,0,0,-10000,0,0,0,1000,11000,-10000,-10000
061503,臻鼎國票9B購01  ,0,0,0,0,0,0,0,0,0,-10000,0,0,0,0,10000,-10000,-10000
066322,群光永豐01購01  ,0,0,0,0,0,0,0,0,0,-10000,0,0,0,108000,118000,-10000,-10000
066331,東森永豐01購01  ,0,0,0,0,0,0,0,0,0,-10000,0,0,0,0,10000,-10000,-10000
066333,晶華永豐01購01  ,0,0,0,0,0,0,0,0,0,-10000,0,0,0,0,10000,-10000,-10000
066384,訊芯康和01購01  ,0,0,0,0,0,0,0,0,0,-10000,0,0,0,20000,30000,-10000,-10000
066378,超眾兆豐03購01  ,0,0,0,0,0,0,0,0,0,-10000,0,0,0,0,10000,-10000,-10000
066404,瑞祺凱基02購01  ,0,0,0,0,0,0,0,0,0,-10000,0,0,0,0,10000,-10000,-10000
065879,瑞祺群益9C購02  ,0,0,0,0,0,0,0,0,0,-10000,0,0,0,0,10000,-10000,-10000
065908,聯發科永豐9C購04,0,0,0,0,0,0,0,0,0,-10000,0,0,0,0,10000,-10000,-10000
065978,臻鼎元大02購01  ,0,0,0,0,0,0,0,0,0,-10000,0,0,0,10000,20000,-10000,-10000
065467,臺指反元大03購03,0,0,0,0,0,0,0,0,0,-10000,0,0,0,0,10000,-10000,-10000
065180,台表科元大9C購10,0,0,0,0,0,0,0,0,0,-10000,0,0,0,2000,12000,-10000,-10000
065248,聯發科麥證9C購03,0,0,0,0,10000,-10000,0,0,0,-10000,0,0,0,0,10000,-10000,-10000
065228,南亞科凱基01購03,0,0,0,0,0,0,0,0,0,-10000,0,0,0,0,10000,-10000,-10000
065759,TPK元大9C購05   ,0,0,0,0,0,0,0,0,0,-10000,0,0,0,70000,80000,-10000,-10000
065739,正崴麥證9C購01  ,0,0,0,97000,107000,-10000,0,0,0,-10000,0,0,0,97000,107000,-10000,-10000
065567,台積電群益01購03,0,0,0,0,0,0,0,0,0,-10000,0,0,0,20000,30000,-10000,-10000
065117,臺股指國票9C購14,0,0,0,0,0,0,0,0,0,-10000,0,0,0,0,10000,-10000,-10000
064945,中橡凱基9C購01  ,0,0,0,0,0,0,0,0,0,-10000,0,0,0,0,10000,-10000,-10000
064576,世紀鋼群益01購01,0,0,0,0,0,0,0,0,0,-10000,0,0,0,0,10000,-10000,-10000
064756,友達凱基02購02  ,0,0,0,0,0,0,0,0,0,-10000,0,0,0,50000,60000,-10000,-10000
064758,可成凱基02購02  ,0,0,0,0,0,0,0,0,0,-10000,0,0,0,0,10000,-10000,-10000
064737,中石化國票01購01,0,0,0,0,0,0,0,0,0,-10000,0,0,0,0,10000,-10000,-10000
064120,鴻海元大9C購07  ,0,0,0,0,0,0,0,0,0,-10000,0,0,0,55000,65000,-10000,-10000
064076,台積電中信06購02,0,0,0,0,0,0,0,0,0,-10000,0,0,0,0,10000,-10000,-10000
064107,友達兆豐01購01  ,0,0,0,0,0,0,0,0,0,-10000,0,0,0,0,10000,-10000,-10000
064090,祥碩凱基9C購03  ,0,0,0,0,0,0,0,0,0,-10000,0,0,0,0,10000,-10000,-10000
064044,台光電統一01購03,0,0,0,0,0,0,0,0,0,-10000,0,0,0,0,10000,-10000,-10000
064027,義隆元大9C購01  ,0,0,0,0,0,0,0,0,0,-10000,0,0,0,20000,30000,-10000,-10000
064052,創意統一01購02  ,0,0,0,0,0,0,0,0,0,-10000,0,0,0,6000,16000,-10000,-10000
063952,玉晶光元大01購01,0,0,0,0,0,0,0,0,0,-10000,0,0,0,0,10000,-10000,-10000
064004,全新凱基01購01  ,0,0,0,0,0,0,0,0,0,-10000,0,0,0,20000,30000,-10000,-10000
063914,和碩凱基9C購01  ,0,0,0,0,0,0,0,0,0,-10000,0,0,0,0,10000,-10000,-10000
063874,志超永豐9C購01  ,0,0,0,0,0,0,0,0,0,-10000,0,0,0,0,10000,-10000,-10000
063840,鴻海元大01購01  ,0,0,0,0,0,0,0,0,0,-10000,0,0,0,60000,70000,-10000,-10000
064515,中橡群益9C購01  ,0,0,0,0,0,0,0,0,0,-10000,0,0,0,0,10000,-10000,-10000
064460,健策統一9C購03  ,0,0,0,0,0,0,0,0,0,-10000,0,0,0,265000,275000,-10000,-10000
064298,台灣50兆豐01購02,0,0,0,0,0,0,0,0,0,-10000,0,0,0,0,10000,-10000,-10000
2106,建大            ,80000,90000,-10000,0,0,0,0,0,0,0,0,0,0,0,0,0,-10000
1903,士紙            ,8000,18000,-10000,0,0,0,0,0,0,0,0,0,0,0,0,0,-10000
08961P,大毅凱基01售03  ,0,0,0,0,0,0,0,0,0,-10000,0,0,0,150000,160000,-10000,-10000
08909P,華新科凱基01售04,0,0,0,0,0,0,0,0,0,-10000,0,0,0,20000,30000,-10000,-10000
08876P,台積電中信07售03,0,0,0,0,0,0,0,0,0,-10000,0,0,0,0,10000,-10000,-10000
08796P,晶技凱基01售01  ,0,0,0,0,0,0,0,0,0,-10000,0,0,0,10000,20000,-10000,-10000
08789P,A50正2元富01售04,0,0,0,0,0,0,0,0,0,-10000,0,0,0,0,10000,-10000,-10000
08834P,聯發科統一01售11,0,0,0,0,0,0,0,0,0,-10000,0,0,0,52000,62000,-10000,-10000
3591,艾笛森          ,1000,8000,-7000,0,0,0,0,0,0,-3000,0,3000,-3000,0,0,0,-10000
3669,圓展            ,382000,392000,-10000,0,0,0,0,0,0,0,0,0,0,0,0,0,-10000
3028,增你強          ,8000,17000,-9000,0,0,0,0,0,0,-1000,0,1000,-1000,0,0,0,-10000
8249,菱光            ,1000,9000,-8000,0,0,0,0,0,0,-2000,0,2000,-2000,0,0,0,-10000
6128,上福            ,1000,11000,-10000,0,0,0,0,0,0,0,0,0,0,0,0,0,-10000
4930,燦星網          ,0,9000,-9000,0,0,0,0,0,0,-1000,0,1000,-1000,0,0,0,-10000
08222P,南六凱基9B售05  ,0,0,0,0,0,0,0,0,0,-11000,0,0,0,215000,226000,-11000,-11000
07919P,創意永豐9B售01  ,0,0,0,0,0,0,0,0,0,-11000,0,0,0,0,11000,-11000,-11000
08503P,臺股指國票9C售05,0,0,0,0,0,0,0,0,0,-11000,0,0,0,0,11000,-11000,-11000
08510P,大立光富邦03售04,0,0,0,0,0,0,0,0,0,-11000,0,0,0,30000,41000,-11000,-11000
068056,台表科統一03購01,0,0,0,0,0,0,0,0,0,-11000,0,0,0,0,11000,-11000,-11000
066643,旺宏麥證01購01  ,0,0,0,0,11000,-11000,0,0,0,-11000,0,0,0,0,11000,-11000,-11000
066996,拓凱國泰03購02  ,0,0,0,0,0,0,0,0,0,-11000,0,0,0,90000,101000,-11000,-11000
066864,上証2X元富07購02,0,0,0,0,0,0,0,0,0,-11000,0,0,0,1000,12000,-11000,-11000
067513,南六統一01購04  ,0,0,0,0,0,0,0,0,0,-11000,0,0,0,18000,29000,-11000,-11000
067143,台灣50統一04購01,0,0,0,0,0,0,0,0,0,-11000,0,0,0,1000,12000,-11000,-11000
067195,台虹凱基02購01  ,0,0,0,0,0,0,0,0,0,-11000,0,0,0,132000,143000,-11000,-11000
057451,大立光元富9B購01,0,0,0,0,0,0,0,0,0,-11000,0,0,0,182000,193000,-11000,-11000
057119,微星康和98購01  ,0,0,0,0,0,0,0,0,0,-11000,0,0,0,0,11000,-11000,-11000
00662,富邦NASDAQ      ,0,0,0,0,0,0,0,0,0,-11000,0,0,0,217000,228000,-11000,-11000
00663L,國泰臺灣加權正2 ,1000,10000,-9000,0,0,0,0,0,0,-2000,0,0,0,4000,6000,-2000,-11000
061762,台塑元大9B購01  ,0,0,0,0,0,0,0,0,0,-11000,0,0,0,0,11000,-11000,-11000
063521,國巨凱基03購01  ,0,40000,-40000,0,0,0,0,0,0,29000,0,0,0,42000,13000,29000,-11000
063736,大立光元大9B購08,0,0,0,0,0,0,0,0,0,-11000,0,0,0,0,11000,-11000,-11000
063626,聚陽元大9B購03  ,0,0,0,0,0,0,0,0,0,-11000,0,0,0,7000,18000,-11000,-11000
064343,健鼎元大9C購01  ,0,0,0,0,0,0,0,0,0,-11000,0,0,0,15000,26000,-11000,-11000
064428,裕隆凱基02購01  ,0,0,0,0,0,0,0,0,0,-11000,0,0,0,0,11000,-11000,-11000
064570,TPK群益9C購03   ,0,0,0,0,0,0,0,0,0,-11000,0,0,0,96000,107000,-11000,-11000
065509,上銀群益9C購04  ,0,0,0,0,0,0,0,0,0,-11000,0,0,0,7000,18000,-11000,-11000
065721,中壽兆豐9C購01  ,0,0,0,0,0,0,0,0,0,-11000,0,0,0,15000,26000,-11000,-11000
065847,嘉晶元大9C購03  ,0,0,0,0,0,0,0,0,0,-11000,0,0,0,352000,363000,-11000,-11000
066407,昇陽半凱基01購01,0,0,0,0,0,0,0,0,0,-11000,0,0,0,0,11000,-11000,-11000
6579,研揚            ,3000,11000,-8000,0,0,0,0,0,0,-3000,0,3000,-3000,0,0,0,-11000
2702,華園            ,10000,21000,-11000,0,0,0,0,0,0,0,0,0,0,0,0,0,-11000
08712P,國巨元富07售03  ,0,0,0,0,0,0,0,0,0,-11000,0,0,0,8000,19000,-11000,-11000
1446,宏和            ,7000,18000,-11000,0,0,0,0,0,0,0,0,0,0,0,0,0,-11000
067254,華擎國票02購02  ,0,0,0,0,0,0,0,0,0,-12000,0,0,0,0,12000,-12000,-12000
066786,聯發科麥證01購05,0,0,0,0,12000,-12000,0,0,0,-12000,0,0,0,0,12000,-12000,-12000
066979,國巨群益01購04  ,0,0,0,0,0,0,0,0,0,-12000,0,0,0,9000,21000,-12000,-12000
066694,深中小群益03購01,0,0,0,0,0,0,0,0,0,-12000,0,0,0,209000,221000,-12000,-12000
066426,台勝科元大01購02,0,0,0,0,0,0,0,0,0,-12000,0,0,0,71000,83000,-12000,-12000
066546,鴻海元大01購10  ,0,0,0,0,0,0,0,0,0,-12000,0,0,0,46000,58000,-12000,-12000
067758,儒鴻永豐01購01  ,0,0,0,0,0,0,0,0,0,-12000,0,0,0,0,12000,-12000,-12000
08344P,旺宏元大01售02  ,0,0,0,0,0,0,0,0,0,-12000,0,0,0,0,12000,-12000,-12000
00684R,元大美元指數反1 ,0,0,0,0,0,0,0,0,0,-12000,0,0,0,0,12000,-12000,-12000
057113,祥碩群益98購01  ,0,0,0,0,0,0,0,0,0,-12000,0,0,0,0,12000,-12000,-12000
050758,聯發科元富9B購01,0,0,0,0,0,0,0,0,0,-12000,0,0,0,15000,27000,-12000,-12000
059529,華新科凱基9A購04,0,0,0,0,0,0,0,0,0,-12000,0,0,0,38000,50000,-12000,-12000
059127,國巨中信99購04  ,0,0,0,0,0,0,0,0,0,-12000,0,0,0,0,12000,-12000,-12000
058783,臺股指國票99購02,0,0,0,0,0,0,0,0,0,-12000,0,0,0,0,12000,-12000,-12000
063225,茂林群益9B購04  ,0,0,0,0,0,0,0,0,0,-12000,0,0,0,10000,22000,-12000,-12000
063306,聯茂凱基9C購01  ,0,0,0,0,0,0,0,0,0,-12000,0,0,0,21000,33000,-12000,-12000
063603,友達凱基9B購05  ,0,0,0,0,0,0,0,0,0,-12000,0,0,0,0,12000,-12000,-12000
060355,元金2X元富9C購01,0,0,0,0,0,0,0,0,0,-12000,0,0,0,2000,14000,-12000,-12000
061716,瑞儀凱基9B購01  ,0,0,0,0,0,0,0,0,0,-12000,0,0,0,84000,96000,-12000,-12000
059850,日電貿永豐99購01,0,0,0,0,0,0,0,0,0,-12000,0,0,0,0,12000,-12000,-12000
061458,臻鼎凱基9A購02  ,0,0,0,0,0,0,0,0,0,-12000,0,0,0,0,12000,-12000,-12000
061395,健策統一9C購02  ,0,0,0,0,0,0,0,0,0,-12000,0,0,0,0,12000,-12000,-12000
062952,台積電永豐9B購02,0,0,0,0,0,0,0,0,0,-12000,0,0,0,18000,30000,-12000,-12000
066199,金像電統一02購01,0,0,0,0,0,0,0,0,0,-12000,0,0,0,0,12000,-12000,-12000
065854,臻鼎元大9C購05  ,0,0,0,0,0,0,0,0,0,-12000,0,0,0,28000,40000,-12000,-12000
065629,台積電國票01購04,0,0,0,0,0,0,0,0,0,-12000,0,0,0,8000,20000,-12000,-12000
065590,元黃金元大9C購01,0,0,0,0,0,0,0,0,0,-12000,0,0,0,6000,18000,-12000,-12000
064634,臺股指元大9C購20,0,0,0,0,0,0,0,0,0,-12000,0,0,0,0,12000,-12000,-12000
064940,智伸科元富9C購01,0,0,0,0,0,0,0,0,0,-12000,0,0,0,70000,82000,-12000,-12000
064389,台泥永豐9C購01  ,0,0,0,0,0,0,0,0,0,-12000,0,0,0,0,12000,-12000,-12000
1416,廣豐            ,86000,97000,-11000,0,0,0,0,0,0,-1000,0,1000,-1000,0,0,0,-12000
1435,中福            ,0,12000,-12000,0,0,0,0,0,0,0,0,0,0,0,0,0,-12000
2010,春源            ,37000,45000,-8000,0,0,0,0,0,0,-4000,0,4000,-4000,0,0,0,-12000
08741P,國巨凱基01售05  ,0,0,0,0,0,0,0,0,0,-12000,0,0,0,20000,32000,-12000,-12000
08827P,緯穎元大01售05  ,0,0,0,0,0,0,0,0,0,-12000,0,0,0,70000,82000,-12000,-12000
3311,閎暉            ,10000,21000,-11000,0,0,0,0,0,0,-1000,0,1000,-1000,0,0,0,-12000
3164,景岳            ,0,12000,-12000,0,0,0,0,0,0,0,0,0,0,0,0,0,-12000
4190,佐登-KY         ,12000,23000,-11000,0,0,0,0,0,0,-1000,0,1000,-1000,0,0,0,-12000
6136,富爾特          ,0,11000,-11000,0,0,0,0,0,0,-1000,0,1000,-1000,0,0,0,-12000
6215,和椿            ,17000,18000,-1000,0,0,0,0,0,0,-11000,0,11000,-11000,0,0,0,-12000
08275P,南亞科元富9C售01,0,0,0,0,0,0,0,0,0,-13000,0,0,0,60000,73000,-13000,-13000
08158P,嘉澤元富9B售03  ,0,0,0,0,0,0,0,0,0,-13000,0,0,0,130000,143000,-13000,-13000
068025,聯電元富02購01  ,0,0,0,0,0,0,0,0,0,-13000,0,0,0,0,13000,-13000,-13000
068026,華通元富07購01  ,0,0,0,0,0,0,0,0,0,-13000,0,0,0,0,13000,-13000,-13000
067887,英業達群益01購02,0,0,0,0,0,0,0,0,0,-13000,0,0,0,0,13000,-13000,-13000
06804P,臺股指群益98售10,0,0,0,0,0,0,0,0,0,-13000,0,0,0,0,13000,-13000,-13000
067409,巨大永豐01購01  ,0,0,0,0,0,0,0,0,0,-13000,0,0,0,0,13000,-13000,-13000
063284,大立光元大9B購07,0,0,0,0,0,0,0,0,0,-13000,0,0,0,0,13000,-13000,-13000
057962,超眾元大99購03  ,0,0,0,0,0,0,0,0,0,-13000,0,0,0,0,13000,-13000,-13000
058201,華通凱基9A購01  ,0,0,0,0,0,0,0,0,0,-13000,0,0,0,22000,35000,-13000,-13000
058959,南茂國票9A購01  ,0,0,0,0,0,0,0,0,0,-13000,0,0,0,19000,32000,-13000,-13000
059060,大立光凱基9A購03,0,0,0,0,0,0,0,0,0,-13000,0,0,0,0,13000,-13000,-13000
057411,臺股指群益99購05,0,0,0,0,0,0,0,0,0,-13000,0,0,0,3000,16000,-13000,-13000
057423,台郡凱基98購06  ,0,0,0,0,0,0,0,0,0,-13000,0,0,0,20000,33000,-13000,-13000
05749P,臺股指群益99售03,0,0,0,0,0,0,0,0,0,-13000,0,0,0,7000,20000,-13000,-13000
057383,玉晶光富邦9A購01,0,0,0,0,0,0,0,0,0,-13000,0,0,0,0,13000,-13000,-13000
056357,台積電元大9A購01,0,0,0,0,0,0,0,0,0,-13000,0,0,0,2000,15000,-13000,-13000
056638,臺股指日盛98購01,0,0,0,0,0,0,0,0,0,-13000,0,0,0,0,13000,-13000,-13000
00770,國泰北美科技    ,0,0,0,0,0,0,0,0,0,-13000,0,0,0,146000,159000,-13000,-13000
00763U,街口道瓊銅      ,0,0,0,0,0,0,0,0,0,-13000,0,0,0,135000,148000,-13000,-13000
062076,美律元大9B購02  ,0,0,0,0,0,0,0,0,0,-13000,0,0,0,87000,100000,-13000,-13000
063763,上銀元富9B購07  ,0,0,0,0,0,0,0,0,0,-13000,0,0,0,98000,111000,-13000,-13000
063497,東元永豐9B購01  ,0,0,0,0,0,0,0,0,0,-13000,0,0,0,0,13000,-13000,-13000
064334,可成元大01購01  ,0,0,0,0,0,0,0,0,0,-13000,0,0,0,59000,72000,-13000,-13000
064103,大立光群益9C購03,0,0,0,0,0,0,0,0,0,-13000,0,0,0,60000,73000,-13000,-13000
064922,玉晶光統一01購10,0,0,0,0,0,0,0,0,0,-13000,0,0,0,1000,14000,-13000,-13000
064536,富邦金國票01購01,0,0,0,0,0,0,0,0,0,-13000,0,0,0,199000,212000,-13000,-13000
065646,健鼎元大9C購04  ,0,0,0,0,0,0,0,0,0,-13000,0,0,0,67000,80000,-13000,-13000
065770,元黃金國票01購01,0,0,0,0,0,0,0,0,0,-13000,0,0,0,88000,101000,-13000,-13000
065208,義隆國票01購01  ,0,0,0,0,0,0,0,0,0,-13000,0,0,0,411000,424000,-13000,-13000
066030,超眾群益01購01  ,0,0,0,0,0,0,0,0,0,-13000,0,0,0,10000,23000,-13000,-13000
066155,華碩康和01購01  ,0,0,0,0,0,0,0,0,0,-13000,0,0,0,359000,372000,-13000,-13000
066121,道瓊反群益04購01,0,0,0,0,0,0,0,0,0,-13000,0,0,0,0,13000,-13000,-13000
2911,麗嬰房          ,0,9000,-9000,0,0,0,0,0,0,-4000,0,4000,-4000,0,0,0,-13000
2642,宅配通          ,17000,30000,-13000,0,0,0,0,0,0,0,0,0,0,0,0,0,-13000
2524,京城            ,27000,39000,-12000,0,0,0,0,0,0,-1000,0,1000,-1000,0,0,0,-13000
2516,新建            ,76000,86000,-10000,0,0,0,0,0,0,-3000,0,3000,-3000,0,0,0,-13000
08837P,牧德國票03售01  ,0,0,0,0,0,0,0,0,0,-13000,0,0,0,12000,25000,-13000,-13000
08776P,上証2X群益03售02,0,0,0,0,0,0,0,0,0,-13000,0,0,0,10000,23000,-13000,-13000
08672P,聯發科統一01售09,0,0,0,0,0,0,0,0,0,-13000,0,0,0,1000,14000,-13000,-13000
1316,上曜            ,19000,32000,-13000,0,0,0,0,0,0,0,0,0,0,0,0,0,-13000
066601,上証2X富邦02購01,0,0,0,0,0,0,0,0,0,-14000,0,0,0,0,14000,-14000,-14000
068033,國產元富01購01  ,0,0,0,0,0,0,0,0,0,-14000,0,0,0,0,14000,-14000,-14000
067770,台積電統一03購03,0,0,0,0,0,0,0,0,0,-14000,0,0,0,60000,74000,-14000,-14000
08017P,華新科國票9B售01,0,0,0,0,0,0,0,0,0,-14000,0,0,0,0,14000,-14000,-14000
07845P,南亞科元大9A售08,0,0,0,0,0,0,0,0,0,-14000,0,0,0,0,14000,-14000,-14000
08449P,華新科群益9C售03,0,0,0,0,0,0,0,0,0,-14000,0,0,0,60000,74000,-14000,-14000
058510,全新元大9B購02  ,0,0,0,0,0,0,0,0,0,-14000,0,0,0,6000,20000,-14000,-14000
055589,台光電元大98購04,0,0,0,0,0,0,0,0,0,-14000,0,0,0,10000,24000,-14000,-14000
055136,聯發科富邦99購06,0,0,0,0,0,0,0,0,0,-14000,0,0,0,0,14000,-14000,-14000
058664,百和兆豐99購01  ,0,0,0,0,0,0,0,0,0,-14000,0,0,0,97000,111000,-14000,-14000
059379,聯電亞東99購02  ,0,0,0,0,0,0,0,0,0,-14000,0,0,0,5000,19000,-14000,-14000
060449,元金2X元大9A購02,0,0,0,0,0,0,0,0,0,-14000,0,0,0,1000,15000,-14000,-14000
063707,儒鴻凱基9C購01  ,0,0,0,0,0,0,0,0,0,-14000,0,0,0,40000,54000,-14000,-14000
060232,友訊元大9C購01  ,0,0,0,0,0,0,0,0,0,-14000,0,0,0,11000,25000,-14000,-14000
062069,喬山元大9B購01  ,0,0,0,0,0,0,0,0,0,-14000,0,0,0,0,14000,-14000,-14000
061028,聚陽永豐9A購01  ,0,0,0,0,0,0,0,0,0,-14000,0,0,0,0,14000,-14000,-14000
060867,智伸科永豐9A購01,0,0,0,0,0,0,0,0,0,-14000,0,0,0,20000,34000,-14000,-14000
062373,泰鼎元大9B購01  ,0,0,0,0,0,0,0,0,0,-14000,0,0,0,1000,15000,-14000,-14000
065900,瑞祺國泰02購01  ,0,0,0,0,0,0,0,0,0,-14000,0,0,0,24000,38000,-14000,-14000
065378,嘉澤元大01購01  ,0,0,0,0,0,0,0,0,0,-14000,0,0,0,6000,20000,-14000,-14000
065560,同欣電麥證9C購02,0,0,0,0,14000,-14000,0,0,0,-14000,0,0,0,0,14000,-14000,-14000
064047,義隆統一02購01  ,0,0,0,0,0,0,0,0,0,-14000,0,0,0,10000,24000,-14000,-14000
063922,大立光元富9C購04,0,0,0,0,0,0,0,0,0,-14000,0,0,0,206000,220000,-14000,-14000
064227,和碩國票01購01  ,0,0,0,0,0,0,0,0,0,-14000,0,0,0,0,14000,-14000,-14000
064391,亞德客永豐9C購01,0,0,0,0,0,0,0,0,0,-14000,0,0,0,192000,206000,-14000,-14000
1423,利華            ,0,7000,-7000,0,0,0,0,0,0,-7000,0,7000,-7000,0,0,0,-14000
1437,勤益控          ,0,14000,-14000,0,0,0,0,0,0,0,0,0,0,0,0,0,-14000
1459,聯發            ,0,14000,-14000,0,0,0,0,0,0,0,0,0,0,0,0,0,-14000
1626,艾美特-KY       ,14000,18000,-4000,0,0,0,0,0,0,-10000,0,10000,-10000,0,0,0,-14000
2704,國賓            ,14000,26000,-12000,0,0,0,0,0,0,-2000,0,2000,-2000,0,0,0,-14000
3312,弘憶股          ,12000,24000,-12000,0,0,0,0,0,0,-2000,0,2000,-2000,0,0,0,-14000
4576,大銀微系統      ,14000,28000,-14000,0,0,0,0,0,0,0,0,0,0,0,0,0,-14000
8033,雷虎            ,0,14000,-14000,0,0,0,0,0,0,0,0,0,0,0,0,0,-14000
07867P,晶技元大9B售01  ,0,0,0,0,0,0,0,0,0,-15000,0,0,0,0,15000,-15000,-15000
07916P,臺股指元大9B售22,0,0,0,0,0,0,0,0,0,-15000,0,0,0,0,15000,-15000,-15000
08128P,聯發科元大9B售22,0,0,0,0,0,0,0,0,0,-15000,0,0,0,0,15000,-15000,-15000
068007,玉晶光元大03購04,0,0,0,0,0,0,0,0,0,-15000,0,0,0,0,15000,-15000,-15000
067937,玉晶光凱基02購04,0,0,0,0,0,0,0,0,0,-15000,0,0,0,0,15000,-15000,-15000
067970,玉晶光群益02購20,0,0,0,0,0,0,0,0,0,-15000,0,0,0,2000,17000,-15000,-15000
06797P,臺股指凱基98售07,0,0,0,0,0,0,0,0,0,-15000,0,0,0,0,15000,-15000,-15000
06881P,國巨群益98售10  ,0,0,0,0,0,0,0,0,0,-15000,0,0,0,0,15000,-15000,-15000
07021P,台積電富邦9C售02,0,0,0,0,0,0,0,0,0,-15000,0,0,0,0,15000,-15000,-15000
07595P,台灣50中信03售07,0,0,0,0,0,0,0,0,0,-15000,0,0,0,0,15000,-15000,-15000
07747P,晶技凱基9A售04  ,0,0,0,0,0,0,0,0,0,-15000,0,0,0,0,15000,-15000,-15000
07662P,台積電兆豐9A售03,0,0,0,0,0,0,0,0,0,-15000,0,0,0,0,15000,-15000,-15000
066760,大立光永豐01購01,0,0,0,0,0,0,0,0,0,-15000,0,0,0,0,15000,-15000,-15000
066873,健策國泰02購01  ,0,0,0,0,0,0,0,0,0,-15000,0,0,0,38000,53000,-15000,-15000
066830,國揚群益01購01  ,0,0,0,0,0,0,0,0,0,-15000,0,0,0,105000,120000,-15000,-15000
067346,巨大凱基02購01  ,0,0,0,0,0,0,0,0,0,-15000,0,0,0,10000,25000,-15000,-15000
067364,緯穎群益01購05  ,0,0,0,0,0,0,0,0,0,-15000,0,0,0,10000,25000,-15000,-15000
061247,玉晶光群益9A購09,0,0,0,0,0,0,0,0,0,-15000,0,0,0,5000,20000,-15000,-15000
058075,貿聯凱基99購02  ,0,0,0,0,0,0,0,0,0,-15000,0,0,0,0,15000,-15000,-15000
058652,SGBR2X中信01購01,0,0,0,0,0,0,0,0,0,-15000,0,0,0,0,15000,-15000,-15000
057918,旺宏凱基99購01  ,0,0,0,0,0,0,0,0,0,-15000,0,0,0,25000,40000,-15000,-15000
055040,台虹富邦99購01  ,0,0,0,0,0,0,0,0,0,-15000,0,0,0,0,15000,-15000,-15000
055966,茂林元大99購01  ,0,0,0,0,0,0,0,0,0,-15000,0,0,0,34000,49000,-15000,-15000
056574,亞光元大99購03  ,0,0,0,0,0,0,0,0,0,-15000,0,0,0,61000,76000,-15000,-15000
063024,祥碩元大9B購05  ,0,0,0,0,0,0,0,0,0,-15000,0,0,0,8000,23000,-15000,-15000
062429,A50正2元大9B購01,0,0,0,0,0,0,0,0,0,-15000,0,0,0,0,15000,-15000,-15000
062481,同欣電國票9B購01,0,0,0,0,0,0,0,0,0,-15000,0,0,0,24000,39000,-15000,-15000
062494,中石化中信9C購01,0,0,0,0,0,0,0,0,0,-15000,0,0,0,0,15000,-15000,-15000
062503,玉晶光群益01購03,0,0,0,0,0,0,0,0,0,-15000,0,0,0,2000,17000,-15000,-15000
061960,國巨統一01購05  ,0,0,0,0,0,0,0,0,0,-15000,0,0,0,2000,17000,-15000,-15000
060851,國巨國泰9C購01  ,0,0,0,0,0,0,0,0,0,-15000,0,0,0,5000,20000,-15000,-15000
060964,日月光凱基9A購01,0,0,0,0,0,0,0,0,0,-15000,0,0,0,6000,21000,-15000,-15000
062741,立積國票9B購02  ,0,0,0,0,0,0,0,0,0,-15000,0,0,0,0,15000,-15000,-15000
060745,京元電國票9A購01,0,0,0,0,0,0,0,0,0,-15000,0,0,0,297000,312000,-15000,-15000
060030,晶相光永豐99購03,0,0,0,0,0,0,0,0,0,-15000,0,0,0,15000,30000,-15000,-15000
061845,SP黃豆國票9B購02,0,0,0,0,0,0,0,0,0,-15000,0,0,0,0,15000,-15000,-15000
061865,力山元大9B購01  ,0,0,0,0,0,0,0,0,0,-15000,0,0,0,25000,40000,-15000,-15000
061448,旺宏中信9A購02  ,0,0,0,0,0,0,0,0,0,-15000,0,0,0,0,15000,-15000,-15000
061625,聯茂群益9A購02  ,0,0,0,0,0,0,0,0,0,-15000,0,0,0,0,15000,-15000,-15000
060317,台灣50群益02購01,0,0,0,0,0,0,0,0,0,-15000,0,0,0,2000,17000,-15000,-15000
060633,玉晶光富邦02購01,0,0,0,0,0,0,0,0,0,-15000,0,0,0,0,15000,-15000,-15000
064398,聚陽凱基01購01  ,0,0,0,0,0,0,0,0,0,-15000,0,0,0,0,15000,-15000,-15000
064440,大立光凱基03購03,0,0,0,0,0,0,0,0,0,-15000,0,0,0,0,15000,-15000,-15000
064293,勤誠元大9C購01  ,0,0,0,0,0,0,0,0,0,-15000,0,0,0,0,15000,-15000,-15000
063983,麗豐兆豐9C購01  ,0,0,0,0,0,0,0,0,0,-15000,0,0,0,105000,120000,-15000,-15000
064174,致新元富9C購02  ,0,0,0,0,0,0,0,0,0,-15000,0,0,0,60000,75000,-15000,-15000
064586,緯創永豐9C購01  ,0,0,0,0,0,0,0,0,0,-15000,0,0,0,49000,64000,-15000,-15000
065399,新日興群益01購01,0,0,0,0,0,0,0,0,0,-15000,0,0,0,0,15000,-15000,-15000
065931,瑞祺國票02購01  ,0,0,0,0,0,0,0,0,0,-15000,0,0,0,35000,50000,-15000,-15000
06586P,鴻海元大9C售01  ,0,0,0,0,0,0,0,0,0,-15000,0,0,0,0,15000,-15000,-15000
066016,台表科元富01購02,0,0,0,0,0,0,0,0,0,-15000,0,0,0,0,15000,-15000,-15000
066102,國揚國票02購01  ,0,0,0,0,0,0,0,0,0,-15000,0,0,0,28000,43000,-15000,-15000
066138,健策群益01購05  ,0,0,0,0,0,0,0,0,0,-15000,0,0,0,68000,83000,-15000,-15000
9924,福興            ,2000,17000,-15000,0,0,0,0,0,0,0,0,0,0,0,0,0,-15000
5225,東科-KY         ,49000,63000,-14000,0,0,0,0,0,0,-1000,0,1000,-1000,0,0,0,-15000
3013,晟銘電          ,0,13000,-13000,0,0,0,0,0,0,-2000,0,2000,-2000,0,0,0,-15000
3419,譁裕            ,29000,42000,-13000,0,0,0,0,0,0,-2000,0,2000,-2000,0,0,0,-15000
3543,州巧            ,10000,25000,-15000,0,0,0,0,0,0,0,0,0,0,0,0,0,-15000
2850,新產            ,24000,39000,-15000,0,0,0,0,0,0,0,0,0,0,0,0,0,-15000
2477,美隆電          ,1000,13000,-12000,0,0,0,0,0,0,-3000,0,3000,-3000,0,0,0,-15000
2461,光群雷          ,36000,50000,-14000,0,0,0,0,0,0,-1000,0,1000,-1000,0,0,0,-15000
1451,年興            ,3000,16000,-13000,0,0,0,0,0,0,-2000,0,2000,-2000,0,0,0,-15000
1419,新紡            ,1000,14000,-13000,0,0,0,0,0,0,-2000,0,2000,-2000,0,0,0,-15000
2227,裕日車          ,4000,15000,-11000,0,0,0,0,0,0,-4000,0,4000,-4000,0,0,0,-15000
08968P,台表科元大01售04,0,0,0,0,0,0,0,0,0,-15000,0,0,0,0,15000,-15000,-15000
08889P,台灣50元大01售28,0,0,0,0,0,0,0,0,0,-15000,0,0,0,0,15000,-15000,-15000
08749P,鴻海台新01售02  ,0,0,0,0,0,0,0,0,0,-15000,0,0,0,5000,20000,-15000,-15000
067517,台積電台新01購04,0,0,0,0,0,0,0,0,0,-16000,0,0,0,22000,38000,-16000,-16000
06752P,訊芯凱基98售05  ,0,0,0,0,0,0,0,0,0,-16000,0,0,0,0,16000,-16000,-16000
067554,聚陽國票02購02  ,0,0,0,0,0,0,0,0,0,-16000,0,0,0,35000,51000,-16000,-16000
067291,可成兆豐01購01  ,0,0,0,0,0,0,0,0,0,-16000,0,0,0,0,16000,-16000,-16000
066856,致新元大01購01  ,0,0,0,0,0,0,0,0,0,-16000,0,0,0,0,16000,-16000,-16000
066545,鴻海元大01購09  ,0,0,0,0,0,0,0,0,0,-16000,0,0,0,60000,76000,-16000,-16000
07737P,華通永豐9A售01  ,0,0,0,0,0,0,0,0,0,-16000,0,0,0,4000,20000,-16000,-16000
07137P,大立光中信9B售01,0,0,0,0,0,0,0,0,0,-16000,0,0,0,0,16000,-16000,-16000
068000,聯詠元大01購09  ,0,0,0,0,0,0,0,0,0,-16000,0,0,0,7000,23000,-16000,-16000
067898,玉晶光群益02購12,0,0,0,0,0,0,0,0,0,-16000,0,0,0,4000,20000,-16000,-16000
067817,玉晶光凱基02購01,0,0,0,0,0,0,0,0,0,-16000,0,0,0,0,16000,-16000,-16000
08394P,大立光群益9C售05,0,0,0,0,0,0,0,0,0,-16000,0,0,0,0,16000,-16000,-16000
08545P,南電國泰01售02  ,0,0,0,0,0,0,0,0,0,-16000,0,0,0,86000,102000,-16000,-16000
039212,台達電台新9A購01,0,0,0,0,0,0,0,0,0,-16000,0,0,0,65000,81000,-16000,-16000
057049,新日興元大98購02,0,0,0,0,0,0,0,0,0,-16000,0,0,0,4000,20000,-16000,-16000
054209,台積電國票97購08,0,0,0,0,0,0,0,0,0,-16000,0,0,0,309000,325000,-16000,-16000
056349,道瓊銀元大9B購01,0,0,0,0,0,0,0,0,0,-16000,0,0,0,16000,32000,-16000,-16000
057819,新日興元大99購01,0,0,0,0,0,0,0,0,0,-16000,0,0,0,0,16000,-16000,-16000
057844,新日興永豐99購01,0,0,0,0,0,0,0,0,0,-16000,0,0,0,0,16000,-16000,-16000
059036,可成群益9B購03  ,0,0,0,0,0,0,0,0,0,-16000,0,0,0,10000,26000,-16000,-16000
059117,禾伸堂永豐99購01,0,0,0,0,0,0,0,0,0,-16000,0,0,0,0,16000,-16000,-16000
058055,華擎統一9A購01  ,0,0,0,0,0,0,0,0,0,-16000,0,0,0,24000,40000,-16000,-16000
063247,信邦元大9B購02  ,0,0,0,0,0,0,0,0,0,-16000,0,0,0,333000,349000,-16000,-16000
063440,上銀統一01購02  ,0,0,0,0,0,0,0,0,0,-16000,0,0,0,2000,18000,-16000,-16000
063782,致新永豐9B購02  ,0,0,0,0,0,0,0,0,0,-16000,0,0,0,68000,84000,-16000,-16000
061400,可成兆豐9B購02  ,0,0,0,0,0,0,0,0,0,-16000,0,0,0,0,16000,-16000,-16000
060033,臻鼎永豐99購01  ,0,0,0,0,0,0,0,0,0,-16000,0,0,0,0,16000,-16000,-16000
062992,聯發科群益9B購09,0,0,0,0,0,0,0,0,0,-16000,0,0,0,55000,71000,-16000,-16000
061358,世紀鋼元大9A購04,0,0,0,0,0,0,0,0,0,-16000,0,0,0,335000,351000,-16000,-16000
062364,瑞昱元大9B購04  ,0,0,0,0,0,0,0,0,0,-16000,0,0,0,20000,36000,-16000,-16000
065420,中租國票01購01  ,0,0,0,0,0,0,0,0,0,-16000,0,0,0,19000,35000,-16000,-16000
064694,玉晶光群益02購02,0,0,0,0,0,0,0,0,0,-16000,0,0,0,4000,20000,-16000,-16000
064967,道瓊銀元大01購01,0,0,0,0,0,0,0,0,0,-16000,0,0,0,45000,61000,-16000,-16000
063895,新光金群益01購01,0,0,0,0,0,0,0,0,0,-16000,0,0,0,14000,30000,-16000,-16000
063904,大立光麥證01購01,0,0,0,0,16000,-16000,0,0,0,-16000,0,0,0,0,16000,-16000,-16000
08758P,上証2X元大01售02,0,0,0,0,0,0,0,0,0,-16000,0,0,0,0,16000,-16000,-16000
08673P,友訊元富01售03  ,0,0,0,0,0,0,0,0,0,-16000,0,0,0,27000,43000,-16000,-16000
1533,車王電          ,1000,16000,-15000,0,0,0,0,0,0,-1000,0,1000,-1000,0,0,0,-16000
1529,樂士            ,3000,19000,-16000,0,0,0,0,0,0,0,0,0,0,0,0,0,-16000
2506,太設            ,0,11000,-11000,0,0,0,0,0,0,-5000,0,5000,-5000,0,0,0,-16000
2496,卓越            ,1000,17000,-16000,0,0,0,0,0,0,0,0,0,0,0,0,0,-16000
4155,訊映            ,75000,91000,-16000,0,0,0,0,0,0,0,0,0,0,0,0,0,-16000
6184,大豐電          ,3000,19000,-16000,0,0,0,0,0,0,0,0,0,0,0,0,0,-16000
00642U,元大S&P石油     ,5150,0,5150,0,0,0,0,0,0,-22000,0,0,0,0,22000,-22000,-16850
08466P,旺宏統一9C售03  ,0,0,0,0,0,0,0,0,0,-17000,0,0,0,0,17000,-17000,-17000
07898P,國巨國泰9C售02  ,0,0,0,0,0,0,0,0,0,-17000,0,0,0,8000,25000,-17000,-17000
07883P,可成凱基9B售03  ,0,0,0,0,0,0,0,0,0,-17000,0,0,0,75000,92000,-17000,-17000
067885,台積電群益02購02,0,0,0,0,0,0,0,0,0,-17000,0,0,0,95000,112000,-17000,-17000
067952,台光電永豐01購01,0,0,0,0,0,0,0,0,0,-17000,0,0,0,0,17000,-17000,-17000
07690P,華新科元大9A售15,0,0,0,0,0,0,0,0,0,-17000,0,0,0,0,17000,-17000,-17000
07490P,大立光國票9A售03,0,0,0,0,0,0,0,0,0,-17000,0,0,0,52000,69000,-17000,-17000
066724,台達電元大01購01,0,0,0,0,0,0,0,0,0,-17000,0,0,0,180000,197000,-17000,-17000
03009P,玉晶光凱基01售08,0,0,0,0,0,0,0,0,0,-17000,0,0,0,0,17000,-17000,-17000
03002P,玉晶光群益02售18,0,0,0,0,0,0,0,0,0,-17000,0,0,0,636000,653000,-17000,-17000
053764,A50正2富邦99購01,0,0,0,0,0,0,0,0,0,-17000,0,0,0,0,17000,-17000,-17000
058577,南亞科群益99購02,0,0,0,0,0,0,0,0,0,-17000,0,0,0,43000,60000,-17000,-17000
056164,聯茂凱基98購03  ,0,0,0,0,0,0,0,0,0,-17000,0,0,0,8000,25000,-17000,-17000
058837,SGBR2X中信9C購01,0,0,0,0,0,0,0,0,0,-17000,0,0,0,0,17000,-17000,-17000
057445,華通元富02購01  ,0,0,0,0,0,0,0,0,0,-17000,0,0,0,43000,60000,-17000,-17000
060953,富邦金群益9A購01,0,0,0,0,0,0,0,0,0,-17000,0,0,0,0,17000,-17000,-17000
059847,喬山永豐99購01  ,0,0,0,0,0,0,0,0,0,-17000,0,0,0,17000,34000,-17000,-17000
063207,聯茂統一01購01  ,0,0,0,0,0,0,0,0,0,-17000,0,0,0,15000,32000,-17000,-17000
060310,瑞昱永豐9A購01  ,0,0,0,0,0,0,0,0,0,-17000,0,0,0,0,17000,-17000,-17000
064163,康控統一01購01  ,0,0,0,0,0,0,0,0,0,-17000,0,0,0,68000,85000,-17000,-17000
064906,台表科群益9C購02,0,0,0,0,0,0,0,0,0,-17000,0,0,0,29000,46000,-17000,-17000
065329,億豐凱基9C購02  ,0,0,0,0,0,0,0,0,0,-17000,0,0,0,0,17000,-17000,-17000
065932,世紀鋼國票02購01,0,0,0,0,0,0,0,0,0,-17000,0,0,0,10000,27000,-17000,-17000
065936,聯發科群益02購01,0,0,0,0,0,0,0,0,0,-17000,0,0,0,5000,22000,-17000,-17000
6672,騰輝電子-KY     ,50000,66000,-16000,0,0,0,0,0,0,-1000,0,1000,-1000,0,0,0,-17000
2939,凱羿-KY         ,4000,21000,-17000,0,0,0,0,0,0,0,0,0,0,0,0,0,-17000
3167,大量            ,17000,34000,-17000,0,0,0,0,0,0,0,0,0,0,0,0,0,-17000
1472,三洋紡          ,18000,35000,-17000,0,0,0,0,0,0,0,0,0,0,0,0,0,-17000
2305,全友            ,14000,29000,-15000,0,0,0,0,0,0,-2000,0,2000,-2000,0,0,0,-17000
2415,錩新            ,8000,24000,-16000,0,0,0,0,0,0,-1000,0,1000,-1000,0,0,0,-17000
08820P,台積電凱基01售10,0,0,0,0,0,0,0,0,0,-17000,0,0,0,18000,35000,-17000,-17000
066764,聯鈞永豐01購01  ,0,0,0,0,0,0,0,0,0,-18000,0,0,0,0,18000,-18000,-18000
06928P,鴻海元大99售10  ,0,0,0,0,0,0,0,0,0,-18000,0,0,0,1000,19000,-18000,-18000
067805,宏碁凱基01購02  ,0,0,0,0,0,0,0,0,0,-18000,0,0,0,8000,26000,-18000,-18000
07772P,華新科國票9A售05,0,0,0,0,0,0,0,0,0,-18000,0,0,0,0,18000,-18000,-18000
08354P,旺宏元大9C售05  ,0,0,0,0,0,0,0,0,0,-18000,0,0,0,0,18000,-18000,-18000
08376P,南亞科元富9C售03,0,0,0,0,0,0,0,0,0,-18000,0,0,0,0,18000,-18000,-18000
061869,智邦元大9B購01  ,0,0,0,0,0,0,0,0,0,-18000,0,0,0,75000,93000,-18000,-18000
057944,新日興國票99購02,0,0,0,0,0,0,0,0,0,-18000,0,0,0,0,18000,-18000,-18000
058358,技嘉凱基9A購01  ,0,0,0,0,0,0,0,0,0,-18000,0,0,0,40000,58000,-18000,-18000
055993,致茂國泰99購01  ,0,0,0,0,0,0,0,0,0,-18000,0,0,0,2000,20000,-18000,-18000
054819,裕民元大9A購01  ,0,0,0,0,0,0,0,0,0,-18000,0,0,0,152000,170000,-18000,-18000
03011P,臺股指富邦01售01,0,0,0,0,0,0,0,0,0,-18000,0,0,0,0,18000,-18000,-18000
063421,可成凱基9C購02  ,0,0,0,0,0,0,0,0,0,-18000,0,0,0,28000,46000,-18000,-18000
061666,友達中信01購01  ,0,0,0,0,0,0,0,0,0,-18000,0,0,0,87000,105000,-18000,-18000
060920,超眾富邦9B購01  ,0,0,0,0,0,0,0,0,0,-18000,0,0,0,1000,19000,-18000,-18000
061106,群創元大9B購09  ,0,0,0,0,0,0,0,0,0,-18000,0,0,0,24000,42000,-18000,-18000
060548,友達凱基9B購03  ,0,0,0,0,0,0,0,0,0,-18000,0,0,0,10000,28000,-18000,-18000
061178,晶技凱基9B購01  ,0,0,0,0,0,0,0,0,0,-18000,0,0,0,0,18000,-18000,-18000
062763,華擎凱基9C購02  ,0,0,0,0,0,0,0,0,0,-18000,0,0,0,0,18000,-18000,-18000
066054,創意元大01購02  ,0,0,0,0,0,0,0,0,0,-18000,0,0,0,40000,58000,-18000,-18000
066157,晶碩康和01購01  ,0,0,0,0,0,0,0,0,0,-18000,0,0,0,0,18000,-18000,-18000
065581,寶成群益9C購01  ,0,0,0,0,0,0,0,0,0,-18000,0,0,0,5000,23000,-18000,-18000
065625,聯發科兆豐9C購06,50000,0,50000,0,0,0,0,0,0,-68000,0,0,0,1088000,1156000,-68000,-18000
063831,帆宣國票01購01  ,0,0,0,0,0,0,0,0,0,-18000,0,0,0,98000,116000,-18000,-18000
064344,緯創元大9C購01  ,0,0,0,0,0,0,0,0,0,-18000,0,0,0,16000,34000,-18000,-18000
08764P,台灣50富邦03售03,0,0,0,0,0,0,0,0,0,-18000,0,0,0,0,18000,-18000,-18000
08907P,奇鋐群益01售03  ,0,0,0,0,0,0,0,0,0,-18000,0,0,0,20000,38000,-18000,-18000
08943P,嘉晶國票03售01  ,0,0,0,0,0,0,0,0,0,-18000,0,0,0,0,18000,-18000,-18000
2832,台產            ,3000,18000,-15000,0,0,0,0,0,0,-3000,0,3000,-3000,0,0,0,-18000
2204,中華            ,228000,243600,-15600,0,0,0,0,0,0,-3000,0,3000,-3000,0,0,0,-18600
067933,微星凱基02購04  ,0,0,0,0,0,0,0,0,0,-19000,0,0,0,0,19000,-19000,-19000
07054P,華新科兆豐99售04,0,0,0,0,0,0,0,0,0,-19000,0,0,0,21000,40000,-19000,-19000
07028P,大立光群益99售06,0,0,0,0,0,0,0,0,0,-19000,0,0,0,0,19000,-19000,-19000
07085P,超眾元富9C售01  ,0,0,0,0,0,0,0,0,0,-19000,0,0,0,106000,125000,-19000,-19000
066637,瀚宇博凱基01購02,0,0,0,0,0,0,0,0,0,-19000,0,0,0,90000,109000,-19000,-19000
066419,聯發科元大01購11,0,0,0,0,0,0,0,0,0,-19000,0,0,0,81000,100000,-19000,-19000
067051,泰鼎凱基02購01  ,0,0,0,0,0,0,0,0,0,-19000,0,0,0,1000,20000,-19000,-19000
053739,A50正2國票9A購01,0,0,0,0,0,0,0,0,0,-19000,0,0,0,1000,20000,-19000,-19000
00675L,富邦臺灣加權正2 ,182000,132000,50000,0,0,0,0,0,0,-69000,0,0,0,2000,71000,-69000,-19000
056747,致新凱基99購01  ,0,0,0,0,0,0,0,0,0,-19000,0,0,0,0,19000,-19000,-19000
056700,華新科國泰99購03,0,0,0,0,0,0,0,0,0,-19000,0,0,0,100000,119000,-19000,-19000
055030,帆宣國泰99購02  ,0,0,0,0,0,0,0,0,0,-19000,0,0,0,0,19000,-19000,-19000
058377,茂林凱基9A購03  ,0,0,0,0,0,0,0,0,0,-19000,0,0,0,63000,82000,-19000,-19000
063288,泰鼎元大9B購02  ,0,0,0,0,0,0,0,0,0,-19000,0,0,0,52000,71000,-19000,-19000
059349,台郡凱基99購04  ,0,0,0,0,0,0,0,0,0,-19000,0,0,0,0,19000,-19000,-19000
059277,群創元大99購05  ,0,0,0,0,0,0,0,0,0,-19000,0,0,0,13000,32000,-19000,-19000
057700,新日興群益9A購01,0,0,0,0,0,0,0,0,0,-19000,0,0,0,44000,63000,-19000,-19000
060878,奇力新中信9C購01,0,0,0,0,0,0,0,0,0,-19000,0,0,0,0,19000,-19000,-19000
062298,國巨第一9B購01  ,0,0,0,0,0,0,0,0,0,-19000,0,0,0,1000,20000,-19000,-19000
062672,兆豐金中信03購01,0,0,0,0,0,0,0,0,0,-19000,0,0,0,10000,29000,-19000,-19000
061474,瑞昱元大9A購04  ,0,0,0,0,0,0,0,0,0,-19000,0,0,0,6000,25000,-19000,-19000
061839,華新科凱基05購04,0,0,0,0,0,0,0,0,0,-19000,0,0,0,16000,35000,-19000,-19000
060260,京鼎凱基9C購01  ,0,0,0,0,0,0,0,0,0,-19000,0,0,0,27000,46000,-19000,-19000
064899,大立光群益9C購06,0,0,0,0,0,0,0,0,0,-19000,0,0,0,0,19000,-19000,-19000
064817,鈺齊元大9C購02  ,0,0,0,0,0,0,0,0,0,-19000,0,0,0,159000,178000,-19000,-19000
065633,聯發科國票01購02,0,0,0,0,0,0,0,0,0,-19000,0,0,0,26000,45000,-19000,-19000
065701,聯發科群益9C購13,0,0,0,0,0,0,0,0,0,-19000,0,0,0,24000,43000,-19000,-19000
066024,金像電群益01購04,0,0,0,0,0,0,0,0,0,-19000,0,0,0,2000,21000,-19000,-19000
065842,技嘉元大9C購05  ,0,0,0,0,0,0,0,0,0,-19000,0,0,0,333000,352000,-19000,-19000
2450,神腦            ,1000,15000,-14000,0,0,0,0,0,0,-5000,0,5000,-5000,0,0,0,-19000
1338,廣華-KY         ,87000,106000,-19000,0,0,0,0,0,0,0,0,0,0,0,0,0,-19000
1454,台富            ,0,16000,-16000,0,0,0,0,0,0,-3000,0,3000,-3000,0,0,0,-19000
1708,東鹼            ,27000,46000,-19000,0,0,0,0,0,0,0,0,0,0,0,0,0,-19000
1806,冠軍            ,3000,17000,-14000,0,0,0,0,0,0,-5000,0,5000,-5000,0,0,0,-19000
2009,第一銅          ,0,19000,-19000,0,0,0,0,0,0,0,0,0,0,0,0,0,-19000
2816,旺旺保          ,6000,24000,-18000,0,0,0,0,0,0,-1000,0,1000,-1000,0,0,0,-19000
2539,櫻花建          ,6000,23000,-17000,0,0,0,0,0,0,-2000,0,2000,-2000,0,0,0,-19000
2612,中航            ,11208,30000,-18792,0,0,0,0,0,0,-1000,0,1000,-1000,0,0,0,-19792
067247,瀚宇博群益01購02,0,0,0,0,0,0,0,0,0,-20000,0,0,0,118000,138000,-20000,-20000
067575,道瓊反群益01購04,0,0,0,0,0,0,0,0,0,-20000,0,0,0,0,20000,-20000,-20000
066554,嘉晶元大01購05  ,0,0,0,0,0,0,0,0,0,-20000,0,0,0,446000,466000,-20000,-20000
066866,滬深2X元富01購03,0,0,0,0,0,0,0,0,0,-20000,0,0,0,0,20000,-20000,-20000
067010,訊芯永豐01購01  ,0,0,0,0,0,0,0,0,0,-20000,0,0,0,0,20000,-20000,-20000
066902,台泥凱基01購01  ,0,0,0,0,0,0,0,0,0,-20000,0,0,0,40000,60000,-20000,-20000
07081P,南電群益9A售01  ,0,0,0,0,0,0,0,0,0,-20000,0,0,0,10000,30000,-20000,-20000
06950P,鴻海統一9B售02  ,0,0,0,0,0,0,0,0,0,-20000,0,0,0,0,20000,-20000,-20000
07434P,臺股指國票9A售06,0,0,0,0,0,0,0,0,0,-20000,0,0,0,0,20000,-20000,-20000
07743P,智邦凱基9A售03  ,0,0,0,0,0,0,0,0,0,-20000,0,0,0,20000,40000,-20000,-20000
07554P,玉晶光元大9A售06,0,0,0,0,0,0,0,0,0,-20000,0,0,0,0,20000,-20000,-20000
067861,聚陽元大01購04  ,0,0,0,0,0,0,0,0,0,-20000,0,0,0,0,20000,-20000,-20000
067968,大立光群益01購10,0,0,0,0,0,0,0,0,0,-20000,0,0,0,0,20000,-20000,-20000
067987,台積電元大01購29,0,0,0,0,0,0,0,0,0,-20000,0,0,0,100000,120000,-20000,-20000
067974,玉晶光群益02購24,0,0,0,0,0,0,0,0,0,-20000,0,0,0,2000,22000,-20000,-20000
067731,SP黃豆元大01購01,0,0,0,0,0,0,0,0,0,-20000,0,0,0,0,20000,-20000,-20000
067756,奇鋐國泰03購01  ,0,0,0,0,0,0,0,0,0,-20000,0,0,0,100000,120000,-20000,-20000
08271P,華通元富9C售01  ,0,0,0,0,0,0,0,0,0,-20000,0,0,0,0,20000,-20000,-20000
08461P,長榮航國票9C售01,0,0,0,0,0,0,0,0,0,-20000,0,0,0,40000,60000,-20000,-20000
08392P,上銀群益9C售01  ,0,0,0,0,0,0,0,0,0,-20000,0,0,0,11000,31000,-20000,-20000
08565P,聯發科群益9C售12,0,0,0,0,0,0,0,0,0,-20000,0,0,0,0,20000,-20000,-20000
08608P,臺股指富邦9C售06,0,0,0,0,0,0,0,0,0,-20000,0,0,0,0,20000,-20000,-20000
07802P,瑞昱永豐9A售03  ,0,0,0,0,0,0,0,0,0,-20000,0,0,0,0,20000,-20000,-20000
07891P,臺股指國票9B售01,0,0,0,0,0,0,0,0,0,-20000,0,0,0,0,20000,-20000,-20000
07992P,玉晶光群益01售04,0,0,0,0,0,0,0,0,0,-20000,0,0,0,268000,288000,-20000,-20000
07953P,健策元大9B售07  ,0,0,0,0,0,0,0,0,0,-20000,0,0,0,0,20000,-20000,-20000
08084P,台表科元大9B售06,0,0,0,0,0,0,0,0,0,-20000,0,0,0,0,20000,-20000,-20000
08236P,國巨富邦03售01  ,0,0,0,0,0,0,0,0,0,-20000,0,0,0,0,20000,-20000,-20000
058905,京鼎元大99購01  ,0,0,0,0,0,0,0,0,0,-20000,0,0,0,0,20000,-20000,-20000
05887P,友達元富99售03  ,0,0,0,0,0,0,0,0,0,-20000,0,0,0,60000,80000,-20000,-20000
058849,奇力新群益99購02,0,0,0,0,0,0,0,0,0,-20000,0,0,0,0,20000,-20000,-20000
058843,元油2X群益9C購02,0,0,0,0,0,0,0,0,0,-20000,0,0,0,0,20000,-20000,-20000
059032,元石油群益9C購03,0,0,0,0,0,0,0,0,0,-20000,0,0,0,0,20000,-20000,-20000
058648,聯陽永豐99購01  ,0,0,0,0,0,0,0,0,0,-20000,0,0,0,3000,23000,-20000,-20000
057329,緯穎群益98購02  ,0,0,0,0,0,0,0,0,0,-20000,0,0,0,10000,30000,-20000,-20000
057330,台積電國票99購03,0,0,0,0,0,0,0,0,0,-20000,0,0,0,1000,21000,-20000,-20000
057529,嘉晶元大99購02  ,0,0,0,0,0,0,0,0,0,-20000,0,0,0,21000,41000,-20000,-20000
05755P,臺股指中信99售04,0,0,0,0,0,0,0,0,0,-20000,0,0,0,487000,507000,-20000,-20000
06327P,台積電中信01售01,0,0,0,0,0,0,0,0,0,-20000,0,0,0,0,20000,-20000,-20000
06326P,鴻海中信01售01  ,0,0,0,0,0,0,0,0,0,-20000,0,0,0,0,20000,-20000,-20000
061923,友達凱基9B購04  ,0,0,0,0,0,0,0,0,0,-20000,0,0,0,0,20000,-20000,-20000
061253,臺股指群益9A購04,0,0,0,0,0,0,0,0,0,-20000,0,0,0,0,20000,-20000,-20000
058282,聯茂中信99購01  ,0,0,0,0,0,0,0,0,0,-20000,0,0,0,0,20000,-20000,-20000
058480,新日興凱基9A購01,0,0,0,0,0,0,0,0,0,-20000,0,0,0,0,20000,-20000,-20000
058453,可成永豐99購01  ,0,0,0,0,0,0,0,0,0,-20000,0,0,0,0,20000,-20000,-20000
057971,華新科富邦9B購02,0,0,0,0,0,0,0,0,0,-20000,0,0,0,0,20000,-20000,-20000
055006,晶相光元富9A購01,0,0,0,0,0,0,0,0,0,-20000,0,0,0,0,20000,-20000,-20000
055080,正崴中信99購01  ,0,0,0,0,0,0,0,0,0,-20000,0,0,0,0,20000,-20000,-20000
055259,玉晶光統一9A購01,0,0,0,0,0,0,0,0,0,-20000,0,0,0,133000,153000,-20000,-20000
055997,矽創國泰99購01  ,0,0,0,0,0,0,0,0,0,-20000,0,0,0,10000,30000,-20000,-20000
055999,電子類富邦99購01,0,0,0,0,0,0,0,0,0,-20000,0,0,0,0,20000,-20000,-20000
055910,瑞昱凱基98購01  ,0,0,0,0,0,0,0,0,0,-20000,0,0,0,0,20000,-20000,-20000
056156,禾伸堂凱基98購04,0,0,0,0,0,0,0,0,0,-20000,0,0,0,0,20000,-20000,-20000
056745,聯茂凱基99購03  ,0,0,0,0,0,0,0,0,0,-20000,0,0,0,0,20000,-20000,-20000
056769,國產元大98購01  ,0,0,0,0,0,0,0,0,0,-20000,0,0,0,0,20000,-20000,-20000
057232,京元電凱基98購02,0,0,0,0,0,0,0,0,0,-20000,0,0,0,20000,40000,-20000,-20000
054962,玉晶光元大99購02,0,0,0,0,0,0,0,0,0,-20000,0,0,0,0,20000,-20000,-20000
054589,聯鈞國泰99購01  ,0,0,0,0,0,0,0,0,0,-20000,0,0,0,25000,45000,-20000,-20000
058552,欣興永豐99購01  ,0,0,0,0,0,0,0,0,0,-20000,0,0,0,44000,64000,-20000,-20000
058585,S&P正2中信9B購02,0,0,0,0,0,0,0,0,0,-20000,0,0,0,0,20000,-20000,-20000
059431,旺宏元大99購14  ,0,0,0,0,0,0,0,0,0,-20000,0,0,0,0,20000,-20000,-20000
059569,旺宏凱基99購09  ,0,0,0,0,0,0,0,0,0,-20000,0,0,0,0,20000,-20000,-20000
057682,台積電日盛9A購03,0,0,0,0,0,0,0,0,0,-20000,0,0,0,20000,40000,-20000,-20000
059699,華通凱基99購04  ,0,0,0,0,0,0,0,0,0,-20000,0,0,0,0,20000,-20000,-20000
059663,旭富元大9C購02  ,0,0,0,0,0,0,0,0,0,-20000,0,0,0,37000,57000,-20000,-20000
059643,日月光凱基99購02,0,0,0,0,0,0,0,0,0,-20000,0,0,0,0,20000,-20000,-20000
059627,旺宏凱基99購10  ,0,0,0,0,0,0,0,0,0,-20000,0,0,0,0,20000,-20000,-20000
059629,友達凱基99購06  ,0,0,0,0,0,0,0,0,0,-20000,0,0,0,0,20000,-20000,-20000
053609,華新中信9A購01  ,0,0,0,0,0,0,0,0,0,-20000,0,0,0,0,20000,-20000,-20000
053818,富邦金群益98購01,0,0,0,0,0,0,0,0,0,-20000,0,0,0,0,20000,-20000,-20000
053394,鴻海中信9A購01  ,0,0,0,0,0,0,0,0,0,-20000,0,0,0,0,20000,-20000,-20000
03030P,玉晶光元大03售01,0,0,0,0,0,0,0,0,0,-20000,0,0,0,0,20000,-20000,-20000
054301,楠梓電凱基98購01,0,0,0,0,0,0,0,0,0,-20000,0,0,0,0,20000,-20000,-20000
057050,群創元大99購03  ,0,0,0,0,0,0,0,0,0,-20000,0,0,0,0,20000,-20000,-20000
05721P,全新群益98售02  ,0,0,0,0,0,0,0,0,0,-20000,0,0,0,0,20000,-20000,-20000
056983,大立光群益99購02,0,0,0,0,0,0,0,0,0,-20000,0,0,0,0,20000,-20000,-20000
056947,國巨統一9A購01  ,0,0,0,0,0,0,0,0,0,-20000,0,0,0,100000,120000,-20000,-20000
045837,群創群益98購02  ,0,0,0,0,0,0,0,0,0,-20000,0,0,0,0,20000,-20000,-20000
051847,香港反中信99購01,0,0,0,0,0,0,0,0,0,-20000,0,0,0,0,20000,-20000,-20000
054368,鴻海中信9A購02  ,0,0,0,0,0,0,0,0,0,-20000,0,0,0,0,20000,-20000,-20000
052133,華邦電凱基9B購01,0,0,0,0,0,0,0,0,0,-20000,0,0,0,0,20000,-20000,-20000
060221,大立光凱基9A購07,0,0,0,0,0,0,0,0,0,-20000,0,0,0,20000,40000,-20000,-20000
060226,道瓊反元大9A購01,0,0,0,0,0,0,0,0,0,-20000,0,0,0,0,20000,-20000,-20000
060413,東元永豐9A購01  ,0,0,0,0,0,0,0,0,0,-20000,0,0,0,0,20000,-20000,-20000
063597,健策中信9B購02  ,0,0,0,0,0,0,0,0,0,-20000,0,0,0,0,20000,-20000,-20000
063627,上銀元大9B購09  ,0,0,0,0,0,0,0,0,0,-20000,0,0,0,68000,88000,-20000,-20000
061798,晶豪科永豐9B購01,0,0,0,0,0,0,0,0,0,-20000,0,0,0,200000,220000,-20000,-20000
061825,聯發科麥證9B購01,0,0,0,0,20000,-20000,0,0,0,-20000,0,0,0,0,20000,-20000,-20000
060061,旺宏兆豐99購02  ,0,0,0,0,0,0,0,0,0,-20000,0,0,0,0,20000,-20000,-20000
060013,S&P正2康和99購01,0,0,0,0,0,0,0,0,0,-20000,0,0,0,0,20000,-20000,-20000
062068,滬深2X元大9B購02,0,0,0,0,0,0,0,0,0,-20000,0,0,0,0,20000,-20000,-20000
063190,聯茂凱基9B購01  ,0,0,0,0,0,0,0,0,0,-20000,0,0,0,15000,35000,-20000,-20000
06138P,台積電中信99售01,0,0,0,0,0,0,0,0,0,-20000,0,0,0,0,20000,-20000,-20000
06139P,台積電中信99售02,0,0,0,0,0,0,0,0,0,-20000,0,0,0,0,20000,-20000,-20000
061709,SP黃豆凱基01購02,0,0,0,0,0,0,0,0,0,-20000,0,0,0,0,20000,-20000,-20000
062608,智易凱基9B購01  ,0,0,0,0,0,0,0,0,0,-20000,0,0,0,0,20000,-20000,-20000
062609,帆宣凱基9B購01  ,0,0,0,0,0,0,0,0,0,-20000,0,0,0,30000,50000,-20000,-20000
061367,瑞祺國票9A購01  ,0,0,0,0,0,0,0,0,0,-20000,0,0,0,0,20000,-20000,-20000
062495,友達中信01購02  ,0,0,0,0,0,0,0,0,0,-20000,0,0,0,0,20000,-20000,-20000
062390,元黃金富邦9C購01,0,0,0,0,0,0,0,0,0,-20000,0,0,0,0,20000,-20000,-20000
062228,南六統一02購01  ,0,0,0,0,0,0,0,0,0,-20000,0,0,0,0,20000,-20000,-20000
062254,台光電元大9B購02,0,0,0,0,0,0,0,0,0,-20000,0,0,0,15000,35000,-20000,-20000
063328,京元電國票9C購02,0,0,0,0,0,0,0,0,0,-20000,0,0,0,3000,23000,-20000,-20000
062122,國巨統一02購01  ,0,0,0,0,0,0,0,0,0,-20000,0,0,0,0,20000,-20000,-20000
060872,高股息中信02購01,0,0,0,0,0,0,0,0,0,-20000,0,0,0,0,20000,-20000,-20000
060833,道瓊反國票9A購01,0,0,0,0,0,0,0,0,0,-20000,0,0,0,0,20000,-20000,-20000
060965,中租凱基9B購01  ,0,0,0,0,0,0,0,0,0,-20000,0,0,0,10000,30000,-20000,-20000
061150,國巨群益9A購09  ,0,0,0,0,0,0,0,0,0,-20000,0,0,0,59000,79000,-20000,-20000
061026,南電富邦9B購01  ,0,0,0,0,0,0,0,0,0,-20000,0,0,0,10000,30000,-20000,-20000
061062,和大凱基9A購02  ,0,0,0,0,0,0,0,0,0,-20000,0,0,0,10000,30000,-20000,-20000
062746,致伸永豐9B購01  ,0,0,0,0,0,0,0,0,0,-20000,0,0,0,0,20000,-20000,-20000
062582,鴻海統一9C購11  ,0,0,0,0,0,0,0,0,0,-20000,0,0,0,1000,21000,-20000,-20000
065832,貿聯凱基02購03  ,0,0,0,0,0,0,0,0,0,-20000,0,0,0,0,20000,-20000,-20000
066004,國巨統一01購11  ,0,0,0,0,0,0,0,0,0,-20000,0,0,0,0,20000,-20000,-20000
065669,義隆凱基01購03  ,0,0,0,0,0,0,0,0,0,-20000,0,0,0,98000,118000,-20000,-20000
065691,國巨群益9C購16  ,0,0,0,0,0,0,0,0,0,-20000,0,0,0,0,20000,-20000,-20000
065594,華通元大01購02  ,0,0,0,0,0,0,0,0,0,-20000,0,0,0,125000,145000,-20000,-20000
065189,台郡統一9C購03  ,0,0,0,0,0,0,0,0,0,-20000,0,0,0,0,20000,-20000,-20000
065220,義隆富邦01購02  ,0,0,0,0,0,0,0,0,0,-20000,0,0,0,286000,306000,-20000,-20000
064530,康控中信9C購01  ,0,0,0,0,0,0,0,0,0,-20000,0,0,0,105000,125000,-20000,-20000
064521,群創群益02購01  ,0,0,0,0,0,0,0,0,0,-20000,0,0,0,1000,21000,-20000,-20000
064604,聯茂元富9C購01  ,0,0,0,0,0,0,0,0,0,-20000,0,0,0,0,20000,-20000,-20000
064642,裕隆凱基9C購01  ,0,0,0,0,0,0,0,0,0,-20000,0,0,0,0,20000,-20000,-20000
064875,國巨兆豐01購01  ,0,0,0,0,0,0,0,0,0,-20000,0,0,0,0,20000,-20000,-20000
064992,玉晶光兆豐01購01,0,0,0,0,0,0,0,0,0,-20000,0,0,0,93000,113000,-20000,-20000
065107,道瓊反國票9C購03,0,0,0,0,0,0,0,0,0,-20000,0,0,0,0,20000,-20000,-20000
064420,台積電兆豐9C購03,0,0,0,0,0,0,0,0,0,-20000,0,0,0,0,20000,-20000,-20000
064482,微星永豐9C購01  ,0,0,0,0,0,0,0,0,0,-20000,0,0,0,0,20000,-20000,-20000
063829,晶技國票01購01  ,0,0,0,0,0,0,0,0,0,-20000,0,0,0,0,20000,-20000,-20000
063909,旺宏凱基02購01  ,0,0,0,0,0,0,0,0,0,-20000,0,0,0,20000,40000,-20000,-20000
063996,貿聯群益9C購01  ,0,0,0,0,0,0,0,0,0,-20000,0,0,0,5000,25000,-20000,-20000
064009,超眾凱基01購01  ,0,0,0,0,0,0,0,0,0,-20000,0,0,0,6000,26000,-20000,-20000
064116,T50反1元大9C購03,0,0,0,0,0,0,0,0,0,-20000,0,0,0,0,20000,-20000,-20000
2731,雄獅            ,11000,31000,-20000,0,0,0,0,0,0,0,0,0,0,0,0,0,-20000
2022,聚亨            ,46000,65000,-19000,0,0,0,0,0,0,-1000,0,1000,-1000,0,0,0,-20000
08911P,力成凱基01售01  ,0,0,0,0,0,0,0,0,0,-20000,0,0,0,16000,36000,-20000,-20000
08927P,技嘉元富07售04  ,0,0,0,0,0,0,0,0,0,-20000,0,0,0,0,20000,-20000,-20000
08880P,全新凱基01售02  ,0,0,0,0,0,0,0,0,0,-20000,0,0,0,0,20000,-20000,-20000
08959P,國巨凱基01售07  ,0,0,0,0,0,0,0,0,0,-20000,0,0,0,0,20000,-20000,-20000
08765P,鴻海富邦01售02  ,0,0,0,0,0,0,0,0,0,-20000,0,0,0,1000,21000,-20000,-20000
08676P,泰碩群益04售01  ,0,0,0,0,0,0,0,0,0,-20000,0,0,0,20000,40000,-20000,-20000
08708P,華通台新01售01  ,0,0,0,0,0,0,0,0,0,-20000,0,0,0,0,20000,-20000,-20000
07940P,國巨群益9B售06  ,0,0,0,0,0,0,0,0,0,-21000,0,0,0,0,21000,-21000,-21000
07899P,和大凱基9B售01  ,0,0,0,0,0,0,0,0,0,-21000,0,0,0,10000,31000,-21000,-21000
08631P,臺股指麥證9C售06,0,0,0,9000,30000,-21000,0,0,0,-21000,0,0,0,9000,30000,-21000,-21000
08657P,牧德群益9C售02  ,0,0,0,0,0,0,0,0,0,-21000,0,0,0,0,21000,-21000,-21000
068045,滬深2X統一03購01,0,0,0,0,0,0,0,0,0,-21000,0,0,0,0,21000,-21000,-21000
067916,敬鵬永豐01購01  ,0,0,0,0,0,0,0,0,0,-21000,0,0,0,0,21000,-21000,-21000
066920,華擎麥證01購01  ,0,0,0,0,21000,-21000,0,0,0,-21000,0,0,0,0,21000,-21000,-21000
067009,樺漢永豐01購01  ,0,0,0,0,0,0,0,0,0,-21000,0,0,0,0,21000,-21000,-21000
066612,台積電麥證01購04,0,0,0,0,21000,-21000,0,0,0,-21000,0,0,0,0,21000,-21000,-21000
067611,拓凱凱基02購01  ,0,0,0,0,0,0,0,0,0,-21000,0,0,0,10000,31000,-21000,-21000
00714,群益道瓊美國地產,0,11000,-11000,0,0,0,0,0,0,-10000,0,0,0,2000,12000,-10000,-21000
058581,大立光群益99購05,0,0,0,0,0,0,0,0,0,-21000,0,0,0,44000,65000,-21000,-21000
056413,上証反中信9A購01,0,0,0,0,0,0,0,0,0,-21000,0,0,0,0,21000,-21000,-21000
057580,玉山金中信9A購01,0,0,0,0,0,0,0,0,0,-21000,0,0,0,0,21000,-21000,-21000
057236,聯詠凱基98購03  ,0,0,0,0,0,0,0,0,0,-21000,0,0,0,30000,51000,-21000,-21000
058455,玉晶光永豐99購03,0,0,0,0,0,0,0,0,0,-21000,0,0,0,6000,27000,-21000,-21000
063298,統一凱基9B購01  ,0,0,0,0,0,0,0,0,0,-21000,0,0,0,0,21000,-21000,-21000
057856,聯鈞國票99購03  ,0,0,0,0,0,0,0,0,0,-21000,0,0,0,61000,82000,-21000,-21000
062762,聯詠凱基9B購02  ,0,0,0,0,0,0,0,0,0,-21000,0,0,0,36000,57000,-21000,-21000
062873,國巨兆豐9C購01  ,0,0,0,0,0,0,0,0,0,-21000,0,0,0,0,21000,-21000,-21000
062701,漢唐元大9B購01  ,0,0,0,0,0,0,0,0,0,-21000,0,0,0,0,21000,-21000,-21000
063477,訊芯元大9B購01  ,0,0,0,0,0,0,0,0,0,-21000,0,0,0,0,21000,-21000,-21000
064374,旺宏元富9C購01  ,0,0,0,0,0,0,0,0,0,-21000,0,0,0,0,21000,-21000,-21000
064287,日月光元大9C購01,0,0,0,0,0,0,0,0,0,-21000,0,0,0,0,21000,-21000,-21000
065144,大立光凱基01購06,0,0,0,0,0,0,0,0,0,-21000,0,0,0,0,21000,-21000,-21000
065263,國泰金元大9C購02,0,0,0,0,0,0,0,0,0,-21000,0,0,0,19000,40000,-21000,-21000
065677,南亞科統一03購02,0,0,0,0,0,0,0,0,0,-21000,0,0,0,11000,32000,-21000,-21000
066101,微星國票02購01  ,0,0,0,0,0,0,0,0,0,-21000,0,0,0,4000,25000,-21000,-21000
066206,聯鈞統一01購01  ,0,0,0,0,0,0,0,0,0,-21000,0,0,0,426000,447000,-21000,-21000
066380,瑞昱康和01購02  ,0,0,0,0,0,0,0,0,0,-21000,0,0,0,37000,58000,-21000,-21000
08766P,臺股指中信03售03,0,0,0,0,0,0,0,0,0,-21000,0,0,0,18000,39000,-21000,-21000
08815P,聯發科國泰03售03,0,0,0,0,0,0,0,0,0,-21000,0,0,0,118000,139000,-21000,-21000
08840P,臺股指麥證01售07,0,0,0,45000,66000,-21000,0,0,0,-21000,0,0,0,45000,66000,-21000,-21000
08960P,聯發科凱基01售15,0,0,0,0,0,0,0,0,0,-21000,0,0,0,0,21000,-21000,-21000
08997P,台積電群益01售17,0,0,0,0,0,0,0,0,0,-21000,0,0,0,6000,27000,-21000,-21000
2243,宏旭-KY         ,10000,35000,-25000,0,0,0,0,0,0,4000,5000,1000,4000,0,0,0,-21000
2923,鼎固-KY         ,0,21000,-21000,0,0,0,0,0,0,0,0,0,0,0,0,0,-21000
4526,東台            ,0,21000,-21000,0,0,0,0,0,0,0,0,0,0,0,0,0,-21000
066718,滬深2X元大01購05,0,0,0,0,0,0,0,0,0,-22000,0,0,0,41000,63000,-22000,-22000
066743,和碩元大01購01  ,0,0,0,0,0,0,0,0,0,-22000,0,0,0,183000,205000,-22000,-22000
07689P,旺宏元大9A售13  ,0,0,0,0,0,0,0,0,0,-22000,0,0,0,0,22000,-22000,-22000
08408P,臺股指元大9C售14,0,0,0,0,0,0,0,0,0,-22000,0,0,0,0,22000,-22000,-22000
057917,台積電凱基98購17,0,0,0,0,0,0,0,0,0,-22000,0,0,0,0,22000,-22000,-22000
059360,全新永豐99購02  ,0,0,0,0,0,0,0,0,0,-22000,0,0,0,0,22000,-22000,-22000
061916,元金2X凱基02購01,0,0,0,0,0,0,0,0,0,-22000,0,0,0,18000,40000,-22000,-22000
060471,台勝科元大9B購01,0,0,0,0,0,0,0,0,0,-22000,0,0,0,0,22000,-22000,-22000
057958,禾伸堂元大99購05,0,0,0,0,0,0,0,0,0,-22000,0,0,0,46000,68000,-22000,-22000
056455,群創凱基9A購01  ,0,0,0,0,0,0,0,0,0,-22000,0,0,0,4000,26000,-22000,-22000
054272,華通中信98購01  ,0,0,0,0,0,0,0,0,0,-22000,0,0,0,18000,40000,-22000,-22000
063644,祥碩元大9B購10  ,0,0,0,0,0,0,0,0,0,-22000,0,0,0,0,22000,-22000,-22000
061772,健策元大9B購06  ,0,0,0,0,0,0,0,0,0,-22000,0,0,0,2000,24000,-22000,-22000
063346,TPK統一9C購01   ,0,0,0,0,0,0,0,0,0,-22000,0,0,0,37000,59000,-22000,-22000
060865,創意永豐9A購01  ,0,0,0,0,0,0,0,0,0,-22000,0,0,0,87000,109000,-22000,-22000
060782,道瓊指富邦9C購01,0,0,0,0,0,0,0,0,0,-22000,0,0,0,0,22000,-22000,-22000
066358,美利達永豐01購01,0,0,0,0,0,0,0,0,0,-22000,0,0,0,18000,40000,-22000,-22000
065830,景碩凱基9C購04  ,0,0,0,0,0,0,0,0,0,-22000,0,0,0,106000,128000,-22000,-22000
065602,聯發科元大9C購15,0,0,0,0,0,0,0,0,0,-22000,0,0,0,26000,48000,-22000,-22000
065642,台積電元大9C購13,0,0,0,0,0,0,0,0,0,-22000,0,0,0,395000,417000,-22000,-22000
065262,義隆元大9C購06  ,0,0,0,0,0,0,0,0,0,-22000,0,0,0,124000,146000,-22000,-22000
065370,瑞昱元大9C購02  ,0,0,0,0,0,0,0,0,0,-22000,0,0,0,52000,74000,-22000,-22000
064223,日電貿國票01購01,0,0,0,0,0,0,0,0,0,-22000,0,0,0,0,22000,-22000,-22000
064203,康控兆豐9C購02  ,0,0,0,0,0,0,0,0,0,-22000,0,0,0,10000,32000,-22000,-22000
064272,鴻海元大9C購09  ,0,0,0,0,0,0,0,0,0,-22000,0,0,0,0,22000,-22000,-22000
5007,三星            ,7000,25000,-18000,0,0,0,0,0,0,-4000,0,4000,-4000,0,0,0,-22000
4934,太極            ,177000,199000,-22000,0,0,0,0,0,0,0,0,0,0,0,0,0,-22000
9908,大台北          ,1000,17000,-16000,0,0,0,0,0,0,-6000,0,6000,-6000,0,0,0,-22000
8429,金麗-KY         ,6000,22000,-16000,0,0,0,0,0,0,-6000,0,6000,-6000,0,0,0,-22000
1463,強盛            ,0,16000,-16000,0,0,0,0,0,0,-6000,0,6000,-6000,0,0,0,-22000
1528,恩德            ,4000,26000,-22000,0,0,0,0,0,0,0,0,0,0,0,0,0,-22000
1109,信大            ,1000,25000,-24000,0,0,0,0,0,0,2000,2000,0,2000,0,0,0,-22000
08826P,健策元大01售08  ,0,0,0,0,0,0,0,0,0,-22000,0,0,0,110000,132000,-22000,-22000
08671P,友訊國票01售01  ,0,0,0,0,0,0,0,0,0,-22000,0,0,0,10000,32000,-22000,-22000
07114P,旺宏兆豐9A售01  ,0,0,0,0,0,0,0,0,0,-23000,0,0,0,0,23000,-23000,-23000
067915,宏碁永豐01購01  ,0,0,0,0,0,0,0,0,0,-23000,0,0,0,115000,138000,-23000,-23000
067703,臺股指國票01購11,0,0,0,0,0,0,0,0,0,-23000,0,0,0,30000,53000,-23000,-23000
03039P,玉晶光國票02售04,0,0,0,0,0,0,0,0,0,-23000,0,0,0,0,23000,-23000,-23000
056418,台光電元富98購01,0,0,0,0,0,0,0,0,0,-23000,0,0,0,0,23000,-23000,-23000
056742,玉晶光凱基9A購01,0,0,0,0,0,0,0,0,0,-23000,0,0,0,0,23000,-23000,-23000
058681,大立光康和9B購01,0,0,0,0,0,0,0,0,0,-23000,0,0,0,0,23000,-23000,-23000
057878,台郡元大99購04  ,0,0,0,0,0,0,0,0,0,-23000,0,0,0,24000,47000,-23000,-23000
057835,華擎元富9B購01  ,0,0,0,0,0,0,0,0,0,-23000,0,0,0,14000,37000,-23000,-23000
059023,可成統一9B購02  ,0,0,0,0,0,0,0,0,0,-23000,0,0,0,3000,26000,-23000,-23000
062147,大毅國票9B購02  ,0,0,0,0,0,0,0,0,0,-23000,0,0,0,70000,93000,-23000,-23000
061633,統一元大9A購01  ,0,0,0,0,0,0,0,0,0,-23000,0,0,0,20000,43000,-23000,-23000
061522,元黃金凱基01購01,0,0,0,0,0,0,0,0,0,-23000,0,0,0,0,23000,-23000,-23000
061381,台灣50群益9B購07,0,0,0,0,0,0,0,0,0,-23000,0,0,0,0,23000,-23000,-23000
063221,京元電群益9B購02,0,0,0,0,0,0,0,0,0,-23000,0,0,0,1000,24000,-23000,-23000
063625,儒鴻元大9B購03  ,0,0,0,0,0,0,0,0,0,-23000,0,0,0,37000,60000,-23000,-23000
063794,亞德客凱基9C購01,0,0,0,0,0,0,0,0,0,-23000,0,0,0,180000,203000,-23000,-23000
064397,旭富永豐9C購01  ,0,0,0,0,0,0,0,0,0,-23000,0,0,0,60000,83000,-23000,-23000
064514,喬山群益9C購01  ,0,0,0,0,0,0,0,0,0,-23000,0,0,0,8000,31000,-23000,-23000
064113,新日興國票01購01,0,0,0,0,0,0,0,0,0,-23000,0,0,0,0,23000,-23000,-23000
063955,TPK元大9C購01   ,0,0,0,0,0,0,0,0,0,-23000,0,0,0,63000,86000,-23000,-23000
065078,台積電元大02購01,0,0,0,0,0,0,0,0,0,-23000,0,0,0,79000,102000,-23000,-23000
064849,大立光元富9C購06,0,0,0,0,0,0,0,0,0,-23000,0,0,0,2000,25000,-23000,-23000
065801,瑞昱群益9C購04  ,0,0,0,0,0,0,0,0,0,-23000,0,0,0,24000,47000,-23000,-23000
066011,華通元富01購01  ,0,0,0,0,0,0,0,0,0,-23000,0,0,0,451000,474000,-23000,-23000
066002,健策國票02購01  ,0,0,0,0,0,0,0,0,0,-23000,0,0,0,0,23000,-23000,-23000
6112,聚碩            ,42000,57000,-15000,0,0,0,0,0,0,-8000,0,1000,-1000,0,7000,-7000,-23000
2838A,聯邦銀甲特      ,0,0,0,0,0,0,0,0,0,-23000,7000,30000,-23000,0,0,0,-23000
08397P,國巨元富9C售04  ,0,0,0,0,0,0,0,0,0,-24000,0,0,0,0,24000,-24000,-24000
08452P,智邦台新9C售05  ,0,0,0,0,0,0,0,0,0,-24000,0,0,0,0,24000,-24000,-24000
08650P,臺股指元大9C售36,0,0,0,0,0,0,0,0,0,-24000,0,0,0,120000,144000,-24000,-24000
07837P,華邦電元大9A售01,0,0,0,0,0,0,0,0,0,-24000,0,0,0,2000,26000,-24000,-24000
066936,新日興國票02購01,0,0,0,0,0,0,0,0,0,-24000,0,0,0,6000,30000,-24000,-24000
067256,新唐國票02購01  ,0,0,0,0,0,0,0,0,0,-24000,0,0,0,14000,38000,-24000,-24000
067261,樺漢國票02購01  ,0,0,0,0,0,0,0,0,0,-24000,0,0,0,16000,40000,-24000,-24000
058773,和碩兆豐99購01  ,0,0,0,0,0,0,0,0,0,-24000,0,0,0,10000,34000,-24000,-24000
056214,義隆國票99購01  ,0,0,0,0,0,0,0,0,0,-24000,0,0,0,16000,40000,-24000,-24000
053965,聯電元大98購04  ,0,0,0,0,0,0,0,0,0,-24000,0,0,0,39000,63000,-24000,-24000
060632,可成富邦9B購01  ,0,0,0,0,0,0,0,0,0,-24000,0,0,0,20000,44000,-24000,-24000
061640,智原元大9A購01  ,0,0,0,0,0,0,0,0,0,-24000,0,0,0,1000,25000,-24000,-24000
061745,南電凱基9B購02  ,0,0,0,0,0,0,0,0,0,-24000,0,0,0,115000,139000,-24000,-24000
061801,祥碩永豐9B購01  ,0,0,0,0,0,0,0,0,0,-24000,0,0,0,0,24000,-24000,-24000
059849,興勤永豐99購01  ,0,0,0,0,0,0,0,0,0,-24000,0,0,0,16000,40000,-24000,-24000
062032,崇越群益9B購01  ,0,0,0,0,0,0,0,0,0,-24000,0,0,0,6000,30000,-24000,-24000
061962,台積電統一01購03,0,0,0,0,0,0,0,0,0,-24000,0,0,0,223000,247000,-24000,-24000
062731,力成凱基9B購02  ,0,0,0,0,0,0,0,0,0,-24000,0,0,0,76000,100000,-24000,-24000
062827,神基群益9B購01  ,0,0,0,0,0,0,0,0,0,-24000,0,0,0,0,24000,-24000,-24000
065784,正崴永豐9C購01  ,0,0,0,0,0,0,0,0,0,-24000,0,0,0,15000,39000,-24000,-24000
065416,華通國票01購02  ,0,0,0,0,0,0,0,0,0,-24000,0,0,0,10000,34000,-24000,-24000
065116,臺股指國票9C購13,0,0,0,0,0,0,0,0,0,-24000,0,0,0,2000,26000,-24000,-24000
2444,兆勁            ,8000,32000,-24000,0,0,0,0,0,0,0,0,0,0,0,0,0,-24000
9905,大華            ,8000,29000,-21000,0,0,0,0,0,0,-3000,0,3000,-3000,0,0,0,-24000
08682P,鴻海凱基01售06  ,0,0,0,0,0,0,0,0,0,-24000,0,0,0,111000,135000,-24000,-24000
08939P,緯穎元大01售06  ,0,0,0,0,0,0,0,0,0,-24000,0,0,0,25000,49000,-24000,-24000
2017,官田鋼          ,1000,25000,-24000,0,0,0,0,0,0,0,0,0,0,0,0,0,-24000
2371,大同            ,329000,342000,-13000,0,0,0,0,0,0,-11000,0,11000,-11000,0,0,0,-24000
2379,瑞昱            ,1186000,1142565,43435,0,0,0,0,63000,-63000,-5000,38000,41000,-3000,24000,26000,-2000,-24565
067440,A50正2國票02購01,0,0,0,0,0,0,0,0,0,-25000,0,0,0,0,25000,-25000,-25000
066742,健策元大02購03  ,0,0,0,0,0,0,0,0,0,-25000,0,0,0,75000,100000,-25000,-25000
066686,鴻海元富07購05  ,0,0,0,0,0,0,0,0,0,-25000,0,0,0,130000,155000,-25000,-25000
08435P,台積電群益9C售11,0,0,0,0,0,0,0,0,0,-25000,0,0,0,199000,224000,-25000,-25000
067808,聯發科凱基01購16,0,0,0,0,0,0,0,0,0,-25000,0,0,0,0,25000,-25000,-25000
067985,聚陽元大02購01  ,0,0,0,0,0,0,0,0,0,-25000,0,0,0,0,25000,-25000,-25000
067991,旺宏元大01購04  ,0,0,0,0,0,0,0,0,0,-25000,0,0,0,25000,50000,-25000,-25000
07215P,大立光凱基99售07,0,0,0,0,0,0,0,0,0,-25000,0,0,0,0,25000,-25000,-25000
053291,旺宏中信9A購01  ,0,0,0,0,0,0,0,0,0,-25000,0,0,0,0,25000,-25000,-25000
052775,滬深2X國票99購02,0,0,0,0,0,0,0,0,0,-25000,0,0,0,0,25000,-25000,-25000
056471,台光電元大99購01,0,0,0,0,0,0,0,0,0,-25000,0,0,0,0,25000,-25000,-25000
046384,群創凱基98購02  ,0,0,0,0,0,0,0,0,0,-25000,0,0,0,57000,82000,-25000,-25000
061233,國巨元大9A購17  ,0,0,0,0,0,0,0,0,0,-25000,0,0,0,0,25000,-25000,-25000
058881,全新永豐99購01  ,0,0,0,0,0,0,0,0,0,-25000,0,0,0,55000,80000,-25000,-25000
057549,台光電凱基98購05,0,0,0,0,0,0,0,0,0,-25000,0,0,0,10000,35000,-25000,-25000
057394,台積電中信9C購02,0,0,0,0,0,0,0,0,0,-25000,0,0,0,0,25000,-25000,-25000
062935,華通凱基9C購02  ,0,0,0,0,0,0,0,0,0,-25000,0,0,0,10000,35000,-25000,-25000
063082,瑞昱凱基9B購04  ,0,0,0,0,0,0,0,0,0,-25000,0,0,0,20000,45000,-25000,-25000
063083,聯發科凱基01購02,0,0,0,0,0,0,0,0,0,-25000,0,0,0,1000,26000,-25000,-25000
063120,台光電元大9C購01,0,0,0,0,0,0,0,0,0,-25000,0,0,0,0,25000,-25000,-25000
060809,康友群益9A購01  ,0,0,0,0,0,0,0,0,0,-25000,0,0,0,14000,39000,-25000,-25000
063077,巨大永豐9B購03  ,0,0,0,0,0,0,0,0,0,-25000,0,0,0,6000,31000,-25000,-25000
063357,聯發科國泰01購04,0,0,0,0,0,0,0,0,0,-25000,0,0,0,5000,30000,-25000,-25000
063026,南六元大9B購04  ,0,0,0,0,0,0,0,0,0,-25000,0,0,0,41000,66000,-25000,-25000
063012,技嘉元大9B購01  ,0,0,0,0,0,0,0,0,0,-25000,0,0,0,76000,101000,-25000,-25000
063373,晶技永豐9B購02  ,0,0,0,0,0,0,0,0,0,-25000,0,0,0,54000,79000,-25000,-25000
061764,旺宏元大9B購01  ,0,0,0,0,0,0,0,0,0,-25000,0,0,0,0,25000,-25000,-25000
061645,超眾元大9A購06  ,0,0,0,0,0,0,0,0,0,-25000,0,0,0,68000,93000,-25000,-25000
061390,大立光群益9A購04,0,0,0,0,0,0,0,0,0,-25000,0,0,0,10000,35000,-25000,-25000
063412,寶成國票9C購01  ,0,0,0,0,0,0,0,0,0,-25000,0,0,0,60000,85000,-25000,-25000
060184,建準元富9A購01  ,0,0,0,0,0,0,0,0,0,-25000,0,0,0,0,25000,-25000,-25000
060362,建準元富9A購02  ,0,0,0,0,0,0,0,0,0,-25000,0,0,0,0,25000,-25000,-25000
065138,上銀凱基02購01  ,0,0,0,0,0,0,0,0,0,-25000,0,0,0,93000,118000,-25000,-25000
065088,可成元大9C購09  ,0,0,0,0,0,0,0,0,0,-25000,0,0,0,26000,51000,-25000,-25000
064577,大立光國泰02購01,0,0,0,0,0,0,0,0,0,-25000,0,0,0,0,25000,-25000,-25000
063911,大立光凱基9C購03,0,0,0,0,0,0,0,0,0,-25000,0,0,0,187000,212000,-25000,-25000
065477,健鼎元大9C購03  ,0,0,0,0,0,0,0,0,0,-25000,0,0,0,132000,157000,-25000,-25000
065310,華擎國票01購01  ,0,0,0,0,0,0,0,0,0,-25000,0,0,0,19000,44000,-25000,-25000
065741,聯發科麥證9C購06,0,0,0,30000,55000,-25000,0,0,0,-25000,0,0,0,30000,55000,-25000,-25000
065523,茂林群益9C購03  ,0,0,0,0,0,0,0,0,0,-25000,0,0,0,64000,89000,-25000,-25000
06604P,聯發科元富02售02,0,0,0,0,0,0,0,0,0,-25000,0,0,0,0,25000,-25000,-25000
065869,微星群益02購01  ,0,0,0,0,0,0,0,0,0,-25000,0,0,0,2000,27000,-25000,-25000
08955P,台灣50凱基04售09,0,0,0,0,0,0,0,0,0,-25000,0,0,0,0,25000,-25000,-25000
08761P,聯詠元大01售02  ,0,0,0,0,0,0,0,0,0,-25000,0,0,0,0,25000,-25000,-25000
5519,隆大            ,19000,44000,-25000,0,0,0,0,0,0,0,0,0,0,0,0,0,-25000
2465,麗臺            ,2000,27000,-25000,0,0,0,0,0,0,0,0,0,0,0,0,0,-25000
2727,王品            ,85000,90000,-5000,0,0,0,0,0,0,-20000,0,20000,-20000,0,0,0,-25000
067801,台達電凱基01購03,0,0,0,0,0,0,0,0,0,-26000,0,0,0,3000,29000,-26000,-26000
067421,華邦電凱基01購02,0,0,0,0,0,0,0,0,0,-26000,0,0,0,56000,82000,-26000,-26000
067085,臻鼎元大01購02  ,0,0,0,0,0,0,0,0,0,-26000,0,0,0,42000,68000,-26000,-26000
067117,健策群益01購09  ,0,0,0,0,0,0,0,0,0,-26000,0,0,0,76000,102000,-26000,-26000
057893,亞德客元富98購03,0,0,0,0,0,0,0,0,0,-26000,0,0,0,0,26000,-26000,-26000
059172,台郡凱基99購03  ,0,0,0,0,0,0,0,0,0,-26000,0,0,0,0,26000,-26000,-26000
061243,麗豐兆豐9A購01  ,0,0,0,0,0,0,0,0,0,-26000,0,0,0,19000,45000,-26000,-26000
061184,大立光國泰9C購01,0,0,0,0,0,0,0,0,0,-26000,0,0,0,16000,42000,-26000,-26000
063324,道瓊反國票9B購03,0,0,0,0,0,0,0,0,0,-26000,0,0,0,0,26000,-26000,-26000
058122,美律國票9A購01  ,0,0,0,0,0,0,0,0,0,-26000,0,0,0,174000,200000,-26000,-26000
051266,國巨富邦99購01  ,0,0,0,0,0,0,0,0,0,-26000,0,0,0,60000,86000,-26000,-26000
055290,玉晶光元大98購08,0,0,0,0,0,0,0,0,0,-26000,0,0,0,10000,36000,-26000,-26000
063819,致新群益9C購01  ,0,0,0,0,0,0,0,0,0,-26000,0,0,0,72000,98000,-26000,-26000
063694,貿聯永豐9B購01  ,0,0,0,0,0,0,0,0,0,-26000,0,0,0,42000,68000,-26000,-26000
063007,儒鴻元大9B購01  ,0,0,0,0,0,0,0,0,0,-26000,0,0,0,14000,40000,-26000,-26000
063326,正隆國票9B購01  ,0,0,0,0,0,0,0,0,0,-26000,0,0,0,0,26000,-26000,-26000
063337,國巨統一02購02  ,0,0,0,0,0,0,0,0,0,-26000,0,0,0,5000,31000,-26000,-26000
062116,元金2X第一9B購01,0,0,0,0,0,0,0,0,0,-26000,0,0,0,32000,58000,-26000,-26000
062810,華通兆豐9B購02  ,0,0,0,0,0,0,0,0,0,-26000,0,0,0,99000,125000,-26000,-26000
06615P,鴻海元大9C售02  ,0,0,0,0,0,0,0,0,0,-26000,0,0,0,0,26000,-26000,-26000
065587,亞德客永豐9C購02,0,0,0,0,0,0,0,0,0,-26000,0,0,0,226000,252000,-26000,-26000
065716,道瓊反中信03購01,0,0,0,0,0,0,0,0,0,-26000,0,0,0,0,26000,-26000,-26000
065286,瑞昱群益9C購03  ,0,0,0,0,0,0,0,0,0,-26000,0,0,0,20000,46000,-26000,-26000
064173,國產元富9C購01  ,0,0,0,0,0,0,0,0,0,-26000,0,0,0,22000,48000,-26000,-26000
064058,儒鴻麥證01購01  ,0,0,0,5000,26000,-21000,0,0,0,-26000,0,0,0,5000,31000,-26000,-26000
064488,台達電元大9C購01,0,0,0,0,0,0,0,0,0,-26000,0,0,0,10000,36000,-26000,-26000
064205,台灣50凱基01購14,0,0,0,0,0,0,0,0,0,-26000,0,0,0,3000,29000,-26000,-26000
2739,寒舍            ,1000,27000,-26000,0,0,0,0,0,0,0,0,0,0,0,0,0,-26000
3031,佰鴻            ,17000,42000,-25000,0,0,0,0,0,0,-1000,0,1000,-1000,0,0,0,-26000
4763,材料-KY         ,7000,33000,-26000,0,0,0,0,0,0,0,0,0,0,0,0,0,-26000
9934,成霖            ,2000,15000,-13000,0,0,0,0,13000,-13000,0,0,0,0,0,0,0,-26000
08795P,聯發科凱基01售11,0,0,0,0,0,0,0,0,0,-26000,0,0,0,139000,165000,-26000,-26000
08664P,金像電凱基01售02,0,0,0,0,0,0,0,0,0,-26000,0,0,0,0,26000,-26000,-26000
08694P,大立光群益01售05,0,0,0,0,0,0,0,0,0,-26000,0,0,0,2000,28000,-26000,-26000
2208,台船            ,234000,142000,92000,0,0,0,0,0,0,-118000,0,0,0,0,118000,-118000,-26000
9914,美利達          ,272000,274217,-2217,0,0,0,40000,10000,30000,-54000,12000,57000,-45000,2000,11000,-9000,-26217
067796,臺股指群益01購08,0,0,0,0,0,0,0,0,0,-27000,0,0,0,0,27000,-27000,-27000
07545P,玉晶光凱基9A售07,0,0,0,0,0,0,0,0,0,-27000,0,0,0,25000,52000,-27000,-27000
07195P,大立光元大99售12,0,0,0,0,0,0,0,0,0,-27000,0,0,0,33000,60000,-27000,-27000
08337P,台灣50凱基01售15,0,0,0,0,0,0,0,0,0,-27000,0,0,0,76000,103000,-27000,-27000
051887,上証2X元富98購01,0,0,0,0,0,0,0,0,0,-27000,0,0,0,33000,60000,-27000,-27000
057102,亞光中信9A購01  ,0,0,0,0,0,0,0,0,0,-27000,0,0,0,98000,125000,-27000,-27000
058438,大立光統一9B購01,0,0,0,0,0,0,0,0,0,-27000,0,0,0,5000,32000,-27000,-27000
058777,台光電國票9A購01,0,0,0,0,0,0,0,0,0,-27000,0,0,0,0,27000,-27000,-27000
062539,可成國泰01購01  ,0,0,0,0,0,0,0,0,0,-27000,0,0,0,10000,37000,-27000,-27000
060540,南亞凱基9A購01  ,2000,0,2000,0,0,0,0,0,0,-29000,0,0,0,0,29000,-29000,-27000
063079,儒鴻凱基9B購01  ,0,0,0,0,0,0,0,0,0,-27000,0,0,0,0,27000,-27000,-27000
062297,億豐永豐9B購01  ,0,0,0,0,0,0,0,0,0,-27000,0,0,0,27000,54000,-27000,-27000
061454,國巨凱基9A購16  ,0,0,0,0,0,0,0,0,0,-27000,0,0,0,7000,34000,-27000,-27000
061604,台光電凱基9B購01,0,0,0,0,0,0,0,0,0,-27000,0,0,0,77000,104000,-27000,-27000
059830,台郡凱基99購05  ,0,0,0,0,0,0,0,0,0,-27000,0,0,0,0,27000,-27000,-27000
064234,正崴統一01購01  ,0,0,0,0,0,0,0,0,0,-27000,0,0,0,11000,38000,-27000,-27000
063998,聯發科兆豐9C購02,0,0,0,0,0,0,0,0,0,-27000,0,0,0,39000,66000,-27000,-27000
064566,大立光群益9C購04,0,0,0,0,0,0,0,0,0,-27000,0,0,0,11000,38000,-27000,-27000
065252,玉晶光永豐9C購08,0,0,0,0,0,0,0,0,0,-27000,0,0,0,122000,149000,-27000,-27000
066047,嘉晶元大01購04  ,0,0,0,0,0,0,0,0,0,-27000,0,0,0,206000,233000,-27000,-27000
6715,嘉基            ,42000,107000,-65000,0,0,0,38000,0,38000,0,0,0,0,2000,2000,0,-27000
4976,佳凌            ,79000,105000,-26000,0,0,0,0,0,0,-1000,0,1000,-1000,0,0,0,-27000
2851,中再保          ,0,27000,-27000,0,0,0,0,0,0,0,0,0,0,0,0,0,-27000
2495,普安            ,3000,28000,-25000,0,0,0,0,0,0,-2000,0,2000,-2000,0,0,0,-27000
2015,豐興            ,29000,56000,-27000,0,0,0,0,0,0,0,0,0,0,0,0,0,-27000
1507,永大            ,4000,31000,-27000,0,0,0,0,0,0,0,0,0,0,0,0,0,-27000
1307,三芳            ,11000,37000,-26000,0,0,0,0,0,0,-1000,0,1000,-1000,0,0,0,-27000
07300P,臺股指元大9A售33,0,0,0,0,0,0,0,0,0,-28000,0,0,0,22000,50000,-28000,-28000
067908,玉晶光國泰03購01,0,0,0,0,0,0,0,0,0,-28000,0,0,0,100000,128000,-28000,-28000
067856,寶成國票02購01  ,0,0,0,0,0,0,0,0,0,-28000,0,0,0,0,28000,-28000,-28000
067374,大立光統一01購08,0,0,0,0,0,0,0,0,0,-28000,0,0,0,0,28000,-28000,-28000
067426,聯發科凱基01購14,0,0,0,0,0,0,0,0,0,-28000,0,0,0,20000,48000,-28000,-28000
067512,台郡統一02購03  ,0,0,0,0,0,0,0,0,0,-28000,0,0,0,0,28000,-28000,-28000
058293,光寶科凱基9A購01,0,0,0,0,0,0,0,0,0,-28000,0,0,0,10000,38000,-28000,-28000
058796,可成元大99購04  ,0,0,0,0,0,0,0,0,0,-28000,0,0,0,102000,130000,-28000,-28000
059307,T50反1元大99購06,0,0,0,0,0,0,0,0,0,-28000,0,0,0,2000,30000,-28000,-28000
056579,麗豐元大99購01  ,0,0,0,0,0,0,0,0,0,-28000,0,0,0,193000,221000,-28000,-28000
054421,臺股指元大99購03,0,0,0,0,0,0,0,0,0,-28000,0,0,0,0,28000,-28000,-28000
00757,統一FANG+       ,0,0,0,0,0,0,0,0,0,-28000,0,0,0,202000,230000,-28000,-28000
006207,FH滬深          ,252000,545000,-293000,0,0,0,0,0,0,265000,0,60000,-60000,1242000,917000,325000,-28000
059597,大立光元大99購21,0,0,0,0,0,0,0,0,0,-28000,0,0,0,0,28000,-28000,-28000
059871,義隆凱基99購03  ,0,0,0,0,0,0,0,0,0,-28000,0,0,0,32000,60000,-28000,-28000
063332,矽格國票9B購01  ,0,0,0,0,0,0,0,0,0,-28000,0,0,0,16000,44000,-28000,-28000
062759,旺宏凱基9B購07  ,0,0,0,0,0,0,0,0,0,-28000,0,0,0,20000,48000,-28000,-28000
065874,智原群益9C購01  ,0,0,0,0,0,0,0,0,0,-28000,0,0,0,0,28000,-28000,-28000
065804,大立光群益01購04,0,0,0,0,0,0,0,0,0,-28000,0,0,0,90000,118000,-28000,-28000
065920,日月光凱基02購01,0,0,0,0,0,0,0,0,0,-28000,0,0,0,20000,48000,-28000,-28000
065778,南亞科國泰01購01,5000,0,5000,0,0,0,0,0,0,-33000,0,0,0,170000,203000,-33000,-28000
064588,玉晶光永豐9C購05,0,0,0,0,0,0,0,0,0,-28000,0,0,0,64000,92000,-28000,-28000
064753,英業達凱基9C購01,0,0,0,0,0,0,0,0,0,-28000,0,0,0,0,28000,-28000,-28000
065093,新日興元大9C購03,0,0,0,0,0,0,0,0,0,-28000,0,0,0,0,28000,-28000,-28000
065069,臺股指群益9C購17,0,0,0,0,0,0,0,0,0,-28000,0,0,0,0,28000,-28000,-28000
064959,巨大凱基9C購02  ,0,0,0,0,0,0,0,0,0,-28000,0,0,0,157000,185000,-28000,-28000
064480,聚陽永豐9C購01  ,0,0,0,0,0,0,0,0,0,-28000,0,0,0,41000,69000,-28000,-28000
08982P,泰碩凱基01售01  ,0,0,0,0,0,0,0,0,0,-28000,0,0,0,20000,48000,-28000,-28000
08666P,智邦國票02售01  ,0,0,0,0,0,0,0,0,0,-28000,0,0,0,7000,35000,-28000,-28000
1442,名軒            ,38000,52000,-14000,0,0,0,0,0,0,-14000,0,14000,-14000,0,0,0,-28000
2616,山隆            ,0,15000,-15000,0,0,0,0,0,0,-13000,0,13000,-13000,0,0,0,-28000
2636,台驊投控        ,45000,73000,-28000,0,0,0,0,0,0,0,0,0,0,0,0,0,-28000
6165,捷泰            ,4000,32000,-28000,0,0,0,0,0,0,0,0,0,0,0,0,0,-28000
067653,可成元富07購03  ,0,0,0,0,0,0,0,0,0,-29000,0,0,0,0,29000,-29000,-29000
067273,台積電統一02購05,0,0,0,0,0,0,0,0,0,-29000,0,0,0,60000,89000,-29000,-29000
066432,南六元大01購02  ,0,0,0,0,0,0,0,0,0,-29000,0,0,0,28000,57000,-29000,-29000
067910,玉晶光國泰03購03,0,0,0,0,0,0,0,0,0,-29000,0,0,0,0,29000,-29000,-29000
08373P,大立光凱基01售05,0,0,0,0,0,0,0,0,0,-29000,0,0,0,38000,67000,-29000,-29000
08199P,大毅元大9B售02  ,0,0,0,0,0,0,0,0,0,-29000,0,0,0,100000,129000,-29000,-29000
08132P,南六元大9B售05  ,0,0,0,0,0,0,0,0,0,-29000,0,0,0,226000,255000,-29000,-29000
056276,同欣電國泰98購01,0,0,0,0,0,0,0,0,0,-29000,0,0,0,95000,124000,-29000,-29000
056395,玉晶光永豐9B購01,0,0,0,0,0,0,0,0,0,-29000,0,0,0,0,29000,-29000,-29000
057665,技嘉元大99購01  ,0,0,0,0,0,0,0,0,0,-29000,0,0,0,6000,35000,-29000,-29000
056962,技嘉永豐98購01  ,0,0,0,0,0,0,0,0,0,-29000,0,0,0,2000,31000,-29000,-29000
058650,台虹永豐9A購01  ,0,0,0,0,0,0,0,0,0,-29000,0,0,0,59000,88000,-29000,-29000
062766,台郡凱基9B購02  ,0,0,0,0,0,0,0,0,0,-29000,0,0,0,0,29000,-29000,-29000
062937,旺宏凱基9B購08  ,0,0,0,0,0,0,0,0,0,-29000,0,0,0,20000,49000,-29000,-29000
060734,華通統一9C購01  ,0,0,0,0,0,0,0,0,0,-29000,0,0,0,18000,47000,-29000,-29000
060957,SP黃豆凱基9A購04,0,0,0,0,0,0,0,0,0,-29000,0,0,0,0,29000,-29000,-29000
062392,國巨富邦02購01  ,0,0,0,0,0,0,0,0,0,-29000,0,0,0,12000,41000,-29000,-29000
062020,智伸科永豐9B購01,0,0,0,0,0,0,0,0,0,-29000,0,0,0,1000,30000,-29000,-29000
061970,大立光統一9C購03,0,0,0,0,0,0,0,0,0,-29000,0,0,0,1000,30000,-29000,-29000
060054,華新科凱基9B購04,0,0,0,0,0,0,0,0,0,-29000,0,0,0,18000,47000,-29000,-29000
061564,華擎國票9A購02  ,0,0,0,0,0,0,0,0,0,-29000,0,0,0,0,29000,-29000,-29000
063577,台表科元大9C購04,0,0,0,0,0,0,0,0,0,-29000,0,0,0,8000,37000,-29000,-29000
064078,台積電中信06購04,0,0,0,0,0,0,0,0,0,-29000,0,0,0,21000,50000,-29000,-29000
064874,和大兆豐9C購01  ,0,0,0,0,0,0,0,0,0,-29000,0,0,0,0,29000,-29000,-29000
064785,康友群益9C購01  ,0,0,0,0,0,0,0,0,0,-29000,0,0,0,3000,32000,-29000,-29000
064649,同欣電凱基01購01,0,0,0,0,0,0,0,0,0,-29000,0,0,0,216000,245000,-29000,-29000
065318,聯電凱基9C購03  ,0,0,0,0,0,0,0,0,0,-29000,0,0,0,45000,74000,-29000,-29000
5608,四維航          ,61000,87000,-26000,0,0,0,0,0,0,-3000,0,3000,-3000,0,0,0,-29000
8462,柏文            ,16000,43000,-27000,0,0,0,0,0,0,-2000,0,0,0,0,2000,-2000,-29000
2608,嘉里大榮        ,1000,30000,-29000,0,0,0,0,0,0,0,0,0,0,0,0,0,-29000
3679,新至陞          ,20000,52000,-32000,0,0,0,0,0,0,3000,3000,0,3000,0,0,0,-29000
1537,廣隆            ,38000,37000,1000,0,0,0,0,30000,-30000,0,0,0,0,0,0,0,-29000
08958P,鴻海凱基01售08  ,0,0,0,0,0,0,0,0,0,-29000,0,0,0,30000,59000,-29000,-29000
08131P,立積元大9B售02  ,0,0,0,0,0,0,0,0,0,-30000,0,0,0,70000,100000,-30000,-30000
08243P,祥碩凱基9C售02  ,0,0,0,0,0,0,0,0,0,-30000,0,0,0,288000,318000,-30000,-30000
08277P,嘉晶元富9C售02  ,0,0,0,0,0,0,0,0,0,-30000,0,0,0,0,30000,-30000,-30000
07833P,大立光群益9B售02,0,0,0,0,0,0,0,0,0,-30000,0,0,0,0,30000,-30000,-30000
07868P,健策元大9B售05  ,0,0,0,0,0,0,0,0,0,-30000,0,0,0,0,30000,-30000,-30000
08548P,台勝科凱基9C售03,0,0,0,0,0,0,0,0,0,-30000,0,0,0,0,30000,-30000,-30000
08514P,華新科凱基9C售05,0,0,0,0,0,0,0,0,0,-30000,0,0,0,0,30000,-30000,-30000
067871,玉晶光元大01購08,0,0,0,0,0,0,0,0,0,-30000,0,0,0,20000,50000,-30000,-30000
068047,台積電統一03購06,0,0,0,0,0,0,0,0,0,-30000,0,0,0,0,30000,-30000,-30000
07211P,南亞科凱基99售05,0,0,0,0,0,0,0,0,0,-30000,0,0,0,0,30000,-30000,-30000
06839P,玉晶光統一9A售05,0,0,0,0,0,0,0,0,0,-30000,0,0,0,0,30000,-30000,-30000
066672,瑞祺凱基03購01  ,0,0,0,0,0,0,0,0,0,-30000,0,0,0,0,30000,-30000,-30000
066791,牧德康和01購01  ,0,0,0,0,0,0,0,0,0,-30000,0,0,0,0,30000,-30000,-30000
067026,群創兆豐03購01  ,0,0,0,0,0,0,0,0,0,-30000,0,0,0,0,30000,-30000,-30000
066974,SP黃豆群益03購01,0,0,0,0,0,0,0,0,0,-30000,0,0,0,0,30000,-30000,-30000
067341,欣興凱基03購01  ,0,0,0,0,0,0,0,0,0,-30000,0,0,0,17000,47000,-30000,-30000
067198,滬深2X元大04購01,0,0,0,0,0,0,0,0,0,-30000,0,0,0,0,30000,-30000,-30000
067141,台表科永豐01購01,0,0,0,0,0,0,0,0,0,-30000,0,0,0,1000,31000,-30000,-30000
057872,旺宏元大99購06  ,0,0,0,0,0,0,0,0,0,-30000,0,0,0,20000,50000,-30000,-30000
057431,京鼎兆豐98購02  ,0,0,0,0,0,0,0,0,0,-30000,0,0,0,0,30000,-30000,-30000
059174,訊芯凱基99購01  ,0,0,0,0,0,0,0,0,0,-30000,0,0,0,0,30000,-30000,-30000
059261,華邦電中信01購01,0,0,0,0,0,0,0,0,0,-30000,0,0,0,110000,140000,-30000,-30000
057739,新日興富邦9B購01,0,0,0,0,0,0,0,0,0,-30000,0,0,0,0,30000,-30000,-30000
058325,昇陽半永豐99購01,0,0,0,0,0,0,0,0,0,-30000,0,0,0,30000,60000,-30000,-30000
058481,玉晶光凱基9A購04,0,0,0,0,0,0,0,0,0,-30000,0,0,0,2000,32000,-30000,-30000
058707,泰鼎元大99購02  ,0,0,0,0,0,0,0,0,0,-30000,0,0,0,10000,40000,-30000,-30000
058161,T50反1日盛03購01,0,0,0,0,0,0,0,0,0,-30000,0,0,0,0,30000,-30000,-30000
058080,台積電群益98購06,0,0,0,0,0,0,0,0,0,-30000,0,0,0,0,30000,-30000,-30000
060456,正隆元大9A購01  ,0,0,0,0,0,0,0,0,0,-30000,0,0,0,122000,152000,-30000,-30000
061260,台積電凱基9A購23,0,0,0,0,0,0,0,0,0,-30000,0,0,0,0,30000,-30000,-30000
063277,大成鋼元大9B購03,0,0,0,0,0,0,0,0,0,-30000,0,0,0,0,30000,-30000,-30000
056655,旺宏元大99購02  ,0,0,0,0,0,0,0,0,0,-30000,0,0,0,20000,50000,-30000,-30000
054480,和碩中信98購01  ,0,0,0,0,0,0,0,0,0,-30000,0,0,0,0,30000,-30000,-30000
053389,彩晶元大98購01  ,0,0,0,0,0,0,0,0,0,-30000,0,0,0,0,30000,-30000,-30000
03050P,台積電統一01售12,0,0,0,0,0,0,0,0,0,-30000,0,0,0,0,30000,-30000,-30000
03017X,元展17          ,0,0,0,0,0,0,0,0,0,-30000,0,0,0,0,30000,-30000,-30000
056465,臺股指凱基99購07,0,0,0,0,0,0,0,0,0,-30000,0,0,0,180000,210000,-30000,-30000
059665,嘉聯益元大99購06,0,0,0,0,0,0,0,0,0,-30000,0,0,0,0,30000,-30000,-30000
055337,超眾兆豐98購01  ,0,0,0,0,0,0,0,0,0,-30000,0,0,0,0,30000,-30000,-30000
055182,京鼎統一98購01  ,0,0,0,0,0,0,0,0,0,-30000,0,0,0,0,30000,-30000,-30000
055168,光罩統一98購01  ,0,0,0,0,0,0,0,0,0,-30000,0,0,0,30000,60000,-30000,-30000
056688,聯詠統一98購01  ,0,0,0,0,0,0,0,0,0,-30000,0,0,0,0,30000,-30000,-30000
056771,嘉晶元大99購01  ,0,0,0,0,0,0,0,0,0,-30000,0,0,0,2000,32000,-30000,-30000
057318,台光電凱基9A購01,0,0,0,0,0,0,0,0,0,-30000,0,0,0,85000,115000,-30000,-30000
063566,台光電元大9B購08,0,0,0,0,0,0,0,0,0,-30000,0,0,0,217000,247000,-30000,-30000
063689,可成永豐9B購04  ,0,0,0,0,0,0,0,0,0,-30000,0,0,0,4000,34000,-30000,-30000
063646,帆宣元大9B購02  ,0,0,0,0,0,0,0,0,0,-30000,0,0,0,10000,40000,-30000,-30000
063827,國巨國票02購01  ,0,5000,-5000,0,0,0,0,0,0,-25000,0,0,0,73000,98000,-25000,-30000
063641,泰鼎元大9B購04  ,0,0,0,0,0,0,0,0,0,-30000,0,0,0,20000,50000,-30000,-30000
060370,滬深2X元富04購01,0,0,0,0,0,0,0,0,0,-30000,0,0,0,0,30000,-30000,-30000
063483,致新元大9B購03  ,0,0,0,0,0,0,0,0,0,-30000,0,0,0,0,30000,-30000,-30000
061489,高鐵兆豐9A購01  ,0,0,0,0,0,0,0,0,0,-30000,0,0,0,0,30000,-30000,-30000
063215,台表科國票9C購02,0,0,0,0,0,0,0,0,0,-30000,0,0,0,20000,50000,-30000,-30000
061403,滬深2X國票9A購06,0,0,0,0,0,0,0,0,0,-30000,0,0,0,20000,50000,-30000,-30000
060049,華通凱基99購06  ,0,0,0,0,0,0,0,0,0,-30000,0,0,0,0,30000,-30000,-30000
061802,勤誠永豐9B購01  ,0,0,0,0,0,0,0,0,0,-30000,0,0,0,0,30000,-30000,-30000
062700,台光電元大9B購05,0,0,0,0,0,0,0,0,0,-30000,0,0,0,45000,75000,-30000,-30000
062726,華擎凱基9B購02  ,0,0,0,0,0,0,0,0,0,-30000,0,0,0,0,30000,-30000,-30000
062727,華擎凱基9B購03  ,0,0,0,0,0,0,0,0,0,-30000,0,0,0,0,30000,-30000,-30000
061305,帆宣永豐9A購01  ,0,0,0,0,0,0,0,0,0,-30000,0,0,0,10000,40000,-30000,-30000
063025,超眾元大9B購01  ,0,0,0,0,0,0,0,0,0,-30000,0,0,0,68000,98000,-30000,-30000
062191,台郡元大9B購05  ,0,0,0,0,0,0,0,0,0,-30000,0,0,0,0,30000,-30000,-30000
062916,智易元大9B購01  ,0,0,0,0,0,0,0,0,0,-30000,0,0,0,80000,110000,-30000,-30000
065331,亞德客國票01購01,0,0,0,0,0,0,0,0,0,-30000,0,0,0,85000,115000,-30000,-30000
065232,健策凱基02購01  ,0,0,0,0,0,0,0,0,0,-30000,0,0,0,0,30000,-30000,-30000
065176,玉晶光元大01購04,0,0,0,0,0,0,0,0,0,-30000,0,0,0,30000,60000,-30000,-30000
065471,和大元大9C購05  ,0,0,0,0,0,0,0,0,0,-30000,0,0,0,0,30000,-30000,-30000
065368,技嘉元大9C購04  ,0,0,0,0,0,0,0,0,0,-30000,0,0,0,137000,167000,-30000,-30000
065811,億豐群益9C購01  ,0,0,0,0,0,0,0,0,0,-30000,0,0,0,0,30000,-30000,-30000
065887,巨大元富9C購01  ,0,0,0,0,0,0,0,0,0,-30000,0,0,0,0,30000,-30000,-30000
066377,健策兆豐01購02  ,0,0,0,0,0,0,0,0,0,-30000,0,0,0,10000,40000,-30000,-30000
066401,智伸科凱基01購02,0,0,0,0,0,0,0,0,0,-30000,0,0,0,0,30000,-30000,-30000
064540,神達麥證01購01  ,0,0,0,0,30000,-30000,0,0,0,-30000,0,0,0,0,30000,-30000,-30000
064709,瑞祺永豐9C購01  ,0,0,0,0,0,0,0,0,0,-30000,0,0,0,10000,40000,-30000,-30000
065052,南六凱基02購02  ,0,0,0,0,0,0,0,0,0,-30000,0,0,0,10000,40000,-30000,-30000
065169,華邦電元大9C購03,0,0,0,0,0,0,0,0,0,-30000,0,0,0,212000,242000,-30000,-30000
06407P,創意元富97售02  ,0,0,0,0,0,0,0,0,0,-30000,0,0,0,0,30000,-30000,-30000
064063,健策國泰01購02  ,0,0,0,0,0,0,0,0,0,-30000,0,0,0,115000,145000,-30000,-30000
064378,群創元富9C購01  ,0,0,0,0,0,0,0,0,0,-30000,0,0,0,20000,50000,-30000,-30000
064437,可成凱基02購01  ,0,0,0,0,0,0,0,0,0,-30000,0,0,0,4000,34000,-30000,-30000
064224,玉晶光國票01購04,0,0,0,0,0,0,0,0,0,-30000,0,0,0,21000,51000,-30000,-30000
064277,可成元大9C購04  ,0,0,0,0,0,0,0,0,0,-30000,0,0,0,46000,76000,-30000,-30000
08971P,臺股指元大01售14,0,0,0,0,0,0,0,0,0,-30000,0,0,0,0,30000,-30000,-30000
08881P,奇力新凱基01售02,0,0,0,0,0,0,0,0,0,-30000,0,0,0,0,30000,-30000,-30000
08892P,台積電元大01售27,0,0,0,0,0,0,0,0,0,-30000,0,0,0,385000,415000,-30000,-30000
08691P,鎧勝中信05售02  ,0,0,0,0,0,0,0,0,0,-30000,0,0,0,0,30000,-30000,-30000
08786P,滬深2X元富01售05,0,0,0,0,0,0,0,0,0,-30000,0,0,0,0,30000,-30000,-30000
08791P,滬深2X中信03售01,0,0,0,0,0,0,0,0,0,-30000,0,0,0,0,30000,-30000,-30000
1709,和益            ,26000,52000,-26000,0,0,0,0,0,0,-4000,0,4000,-4000,0,0,0,-30000
6283,淳安            ,9000,37000,-28000,0,0,0,0,0,0,-2000,0,2000,-2000,0,0,0,-30000
066812,志超凱基01購01  ,0,0,0,0,0,0,0,0,0,-31000,0,0,0,0,31000,-31000,-31000
08439P,智邦國票01售02  ,0,0,0,0,0,0,0,0,0,-31000,0,0,0,0,31000,-31000,-31000
08234P,華擎元富9B售03  ,0,0,0,0,0,0,0,0,0,-31000,0,0,0,39000,70000,-31000,-31000
059403,T50反1台新03購03,0,0,0,0,0,0,0,0,0,-31000,0,0,0,0,31000,-31000,-31000
058504,台積電元大99購07,0,0,0,0,0,0,0,0,0,-31000,0,0,0,0,31000,-31000,-31000
00673R,元大S&P原油反1  ,0,10000,-10000,0,0,0,0,0,0,-21000,0,0,0,115000,136000,-21000,-31000
054538,台光電國票98購01,0,0,0,0,0,0,0,0,0,-31000,0,0,0,0,31000,-31000,-31000
057138,亞德客兆豐98購01,0,0,0,0,0,0,0,0,0,-31000,0,0,0,10000,41000,-31000,-31000
062151,世紀鋼國票01購01,0,0,0,0,0,0,0,0,0,-31000,0,0,0,0,31000,-31000,-31000
062702,可成元大9C購01  ,0,0,0,0,0,0,0,0,0,-31000,0,0,0,54000,85000,-31000,-31000
061498,大立光國票9A購10,0,0,0,0,0,0,0,0,0,-31000,0,0,0,53000,84000,-31000,-31000
060653,全新群益9A購02  ,0,0,0,0,0,0,0,0,0,-31000,0,0,0,6000,37000,-31000,-31000
065014,南電國泰01購01  ,0,0,0,0,0,0,0,0,0,-31000,0,0,0,70000,101000,-31000,-31000
064988,志超元大9C購01  ,0,0,0,0,0,0,0,0,0,-31000,0,0,0,2000,33000,-31000,-31000
064581,葡萄王永豐9C購01,0,0,0,0,0,0,0,0,0,-31000,0,0,0,112000,143000,-31000,-31000
066398,京鼎凱基01購02  ,0,0,0,0,0,0,0,0,0,-31000,0,0,0,401000,432000,-31000,-31000
066058,TPK元大01購02   ,0,0,0,0,0,0,0,0,0,-31000,0,0,0,10000,41000,-31000,-31000
065793,旭富永豐9C購02  ,0,0,0,0,0,0,0,0,0,-31000,0,0,0,112000,143000,-31000,-31000
065598,微星元大01購02  ,0,0,0,0,0,0,0,0,0,-31000,0,0,0,3000,34000,-31000,-31000
2849,安泰銀          ,31000,62000,-31000,0,0,0,0,0,0,0,0,0,0,0,0,0,-31000
5531,鄉林            ,125100,139000,-13900,0,0,0,0,0,0,-18000,0,18000,-18000,0,0,0,-31900
08404P,技嘉元大9C售02  ,0,0,0,0,0,0,0,0,0,-32000,0,0,0,70000,102000,-32000,-32000
08366P,祥碩凱基9C售04  ,0,0,0,0,0,0,0,0,0,-32000,0,0,0,0,32000,-32000,-32000
08487P,同欣電群益01售01,0,0,0,0,0,0,0,0,0,-32000,0,0,0,20000,52000,-32000,-32000
08547P,大立光中信9C售04,0,0,0,0,0,0,0,0,0,-32000,0,0,0,0,32000,-32000,-32000
08584P,立積群益9C售02  ,0,0,0,0,0,0,0,0,0,-32000,0,0,0,20000,52000,-32000,-32000
067720,瑞昱凱基01購02  ,0,0,0,0,0,0,0,0,0,-32000,0,0,0,26000,58000,-32000,-32000
06673P,大立光群益98售01,0,0,0,0,0,0,0,0,0,-32000,0,0,0,0,32000,-32000,-32000
057086,立積統一9C購01  ,0,0,0,0,0,0,0,0,0,-32000,0,0,0,0,32000,-32000,-32000
048414,滬深2X統一98購01,0,0,0,0,0,0,0,0,0,-32000,0,0,0,0,32000,-32000,-32000
055245,凱美統一99購01  ,0,0,0,0,0,0,0,0,0,-32000,0,0,0,0,32000,-32000,-32000
055923,矽力凱基98購01  ,0,0,0,0,0,0,0,0,0,-32000,0,0,0,13000,45000,-32000,-32000
058443,T50正2富邦01購01,0,0,0,0,0,0,0,0,0,-32000,0,0,0,18000,50000,-32000,-32000
061620,禾伸堂群益9A購02,0,0,0,0,0,0,0,0,0,-32000,0,0,0,0,32000,-32000,-32000
061800,泰鼎永豐9B購01  ,0,0,0,0,0,0,0,0,0,-32000,0,0,0,42000,74000,-32000,-32000
059905,A50正2元大9C購06,0,0,0,0,0,0,0,0,0,-32000,0,0,0,5000,37000,-32000,-32000
062783,大立光元大9C購03,0,0,0,0,0,0,0,0,0,-32000,0,0,0,4000,36000,-32000,-32000
060962,義隆凱基9B購01  ,0,0,0,0,0,0,0,0,0,-32000,0,0,0,40000,72000,-32000,-32000
060567,華擎富邦9C購01  ,0,0,0,0,0,0,0,0,0,-32000,0,0,0,0,32000,-32000,-32000
065752,正崴元大9C購01  ,0,0,0,0,0,0,0,0,0,-32000,0,0,0,0,32000,-32000,-32000
064713,和大統一02購01  ,0,0,0,0,0,0,0,0,0,-32000,0,0,0,49000,81000,-32000,-32000
064210,台光電凱基03購01,0,0,0,0,0,0,0,0,0,-32000,0,0,0,186000,218000,-32000,-32000
9925,新保            ,28000,56000,-28000,0,0,0,0,0,0,-4000,0,4000,-4000,0,0,0,-32000
1541,錩泰            ,13000,45000,-32000,0,0,0,0,0,0,0,0,0,0,0,0,0,-32000
08798P,聯發科國票01售03,0,0,0,0,0,0,0,0,0,-32000,0,0,0,10000,42000,-32000,-32000
08659P,聯發科統一9C售20,0,0,0,0,0,0,0,0,0,-32000,0,0,0,0,32000,-32000,-32000
08729P,創意永豐01售01  ,0,0,0,0,0,0,0,0,0,-32000,0,0,0,604000,636000,-32000,-32000
066887,聯發科中信02購01,0,0,0,0,0,0,0,0,0,-33000,0,0,0,1948000,1981000,-33000,-33000
066441,聯強群益01購01  ,0,0,0,0,0,0,0,0,0,-33000,0,0,0,93000,126000,-33000,-33000
067340,欣興凱基02購02  ,0,0,0,0,0,0,0,0,0,-33000,0,0,0,7000,40000,-33000,-33000
06766P,玉晶光元大99售10,0,0,0,0,0,0,0,0,0,-33000,0,0,0,352000,385000,-33000,-33000
067436,訊連凱基01購01  ,0,0,0,0,0,0,0,0,0,-33000,0,0,0,124000,157000,-33000,-33000
067825,南港兆豐03購01  ,0,0,0,0,0,0,0,0,0,-33000,0,0,0,0,33000,-33000,-33000
067901,旭富群益01購04  ,0,0,0,0,0,0,0,0,0,-33000,0,0,0,0,33000,-33000,-33000
067897,玉晶光群益02購11,0,0,0,0,0,0,0,0,0,-33000,0,0,0,43000,76000,-33000,-33000
058360,台光電凱基9A購02,0,0,0,0,0,0,0,0,0,-33000,0,0,0,1000,34000,-33000,-33000
057664,台積電元大9A購03,0,0,0,0,0,0,0,0,0,-33000,0,0,0,4000,37000,-33000,-33000
054269,台光電亞東98購01,0,0,0,0,0,0,0,0,0,-33000,0,0,0,20000,53000,-33000,-33000
062617,京鼎元大9B購01  ,0,0,0,0,0,0,0,0,0,-33000,0,0,0,15000,48000,-33000,-33000
059988,大立光元大9A購02,0,0,0,0,0,0,0,0,0,-33000,0,0,0,0,33000,-33000,-33000
061789,群創群益9B購01  ,0,0,0,0,0,0,0,0,0,-33000,0,0,0,1000,34000,-33000,-33000
063425,台勝科凱基9B購02,0,0,0,0,0,0,0,0,0,-33000,0,0,0,0,33000,-33000,-33000
064109,上銀國票01購01  ,0,0,0,0,0,0,0,0,0,-33000,0,0,0,11000,44000,-33000,-33000
063880,可成元富9C購01  ,0,0,0,0,0,0,0,0,0,-33000,0,0,0,0,33000,-33000,-33000
064826,南亞科統一01購03,0,0,0,0,0,0,0,0,0,-33000,0,0,0,31000,64000,-33000,-33000
065977,旭富元大02購01  ,0,0,0,0,0,0,0,0,0,-33000,0,0,0,68000,101000,-33000,-33000
065883,康友台新9C購01  ,0,0,0,0,0,0,0,0,0,-33000,0,0,0,0,33000,-33000,-33000
1315,達新            ,7000,33000,-26000,0,0,0,0,0,0,-7000,0,1000,-1000,0,6000,-6000,-33000
1449,佳和            ,12000,45000,-33000,0,0,0,0,0,0,0,0,0,0,0,0,0,-33000
6139,亞翔            ,889000,922000,-33000,0,0,0,0,0,0,0,0,0,0,0,0,0,-33000
06834P,訊芯群益99售02  ,0,0,0,0,0,0,0,0,0,-34000,0,0,0,20000,54000,-34000,-34000
08623P,健策群益01售04  ,0,0,0,0,0,0,0,0,0,-34000,0,0,0,124000,158000,-34000,-34000
08621P,景碩群益9C售01  ,0,0,0,0,0,0,0,0,0,-34000,0,0,0,0,34000,-34000,-34000
08552P,華新科群益9C售04,0,0,0,0,0,0,0,0,0,-34000,0,0,0,0,34000,-34000,-34000
058095,昇陽半元大98購03,0,0,0,0,0,0,0,0,0,-34000,0,0,0,0,34000,-34000,-34000
058824,晶技富邦9A購01  ,0,0,0,0,0,0,0,0,0,-34000,0,0,0,2000,36000,-34000,-34000
059044,聯電日盛99購02  ,0,0,0,0,0,0,0,0,0,-34000,0,0,0,5000,39000,-34000,-34000
057466,泰鼎永豐98購01  ,0,0,0,0,0,0,0,0,0,-34000,0,0,0,27000,61000,-34000,-34000
063472,茂林元大9B購04  ,0,0,0,0,0,0,0,0,0,-34000,0,0,0,66000,100000,-34000,-34000
062307,華通凱基9C購01  ,0,0,0,0,0,0,0,0,0,-34000,0,0,0,127000,161000,-34000,-34000
062774,儒鴻元大9C購01  ,0,0,0,0,0,0,0,0,0,-34000,0,0,0,30000,64000,-34000,-34000
065919,禾伸堂凱基02購01,0,0,0,0,0,0,0,0,0,-34000,0,0,0,16000,50000,-34000,-34000
066106,台郡國票02購01  ,0,0,0,0,0,0,0,0,0,-34000,0,0,0,2000,36000,-34000,-34000
066176,華擎凱基01購01  ,0,0,0,0,0,0,0,0,0,-34000,0,0,0,24000,58000,-34000,-34000
065284,旺宏群益9C購03  ,0,0,0,0,0,0,0,0,0,-34000,0,0,0,0,34000,-34000,-34000
065036,世芯統一02購02  ,0,0,0,0,0,0,0,0,0,-34000,0,0,0,328000,362000,-34000,-34000
065095,玉晶光元大02購02,0,0,0,0,0,0,0,0,0,-34000,0,0,0,30000,64000,-34000,-34000
6206,飛捷            ,6000,37000,-31000,0,0,0,0,0,0,-3000,0,3000,-3000,0,0,0,-34000
2476,鉅祥            ,2000,36000,-34000,0,0,0,0,0,0,0,0,0,0,0,0,0,-34000
08524P,奇力新元大9C售01,0,0,0,0,0,0,0,0,0,-35000,0,0,0,0,35000,-35000,-35000
08619P,國巨群益9C售21  ,0,0,0,0,0,0,0,0,0,-35000,0,0,0,8000,43000,-35000,-35000
067859,滬深2X元大01購12,0,0,0,0,0,0,0,0,0,-35000,0,0,0,0,35000,-35000,-35000
067854,力成國票02購01  ,0,0,0,0,0,0,0,0,0,-35000,0,0,0,0,35000,-35000,-35000
067851,華邦電國票02購01,0,0,0,0,0,0,0,0,0,-35000,0,0,0,0,35000,-35000,-35000
067768,鴻海統一03購05  ,0,0,0,0,0,0,0,0,0,-35000,0,0,0,15000,50000,-35000,-35000
067531,台積電群益01購13,0,0,0,0,0,0,0,0,0,-35000,0,0,0,172000,207000,-35000,-35000
067590,茂林群益01購01  ,0,0,0,0,0,0,0,0,0,-35000,0,0,0,0,35000,-35000,-35000
067264,美利達國票02購01,0,0,0,0,0,0,0,0,0,-35000,0,0,0,3000,38000,-35000,-35000
066926,聚陽國票02購01  ,0,0,0,0,0,0,0,0,0,-35000,0,0,0,0,35000,-35000,-35000
066966,國巨元富07購07  ,0,0,0,0,0,0,0,0,0,-35000,0,0,0,0,35000,-35000,-35000
066990,啟碁群益01購01  ,0,0,0,0,0,0,0,0,0,-35000,0,0,0,0,35000,-35000,-35000
066837,樺漢群益01購02  ,0,0,0,0,0,0,0,0,0,-35000,0,0,0,63000,98000,-35000,-35000
066867,A50正2元富01購02,0,0,0,0,0,0,0,0,0,-35000,0,0,0,0,35000,-35000,-35000
058589,群創中信01購01  ,0,0,0,0,0,0,0,0,0,-35000,0,0,0,38000,73000,-35000,-35000
058931,玉晶光統一9C購01,0,0,0,0,0,0,0,0,0,-35000,0,0,0,12000,47000,-35000,-35000
059708,立積凱基9A購02  ,0,0,0,0,0,0,0,0,0,-35000,0,0,0,0,35000,-35000,-35000
059116,晶豪科永豐99購01,0,0,0,0,0,0,0,0,0,-35000,0,0,0,24000,59000,-35000,-35000
058408,華通兆豐99購02  ,0,0,0,0,0,0,0,0,0,-35000,0,0,0,25000,60000,-35000,-35000
060469,台勝科元大9A購02,0,0,0,0,0,0,0,0,0,-35000,0,0,0,0,35000,-35000,-35000
053310,彩晶凱基98購02  ,0,0,0,0,0,0,0,0,0,-35000,0,0,0,0,35000,-35000,-35000
057020,台積電凱基99購02,0,0,0,0,0,0,0,0,0,-35000,0,0,0,57000,92000,-35000,-35000
057618,台光電凱基99購01,0,0,0,0,0,0,0,0,0,-35000,0,0,0,47000,82000,-35000,-35000
056724,臻鼎中信9A購01  ,0,0,0,0,0,0,0,0,0,-35000,0,0,0,52000,87000,-35000,-35000
060733,和大統一9C購01  ,0,0,0,0,0,0,0,0,0,-35000,0,0,0,0,35000,-35000,-35000
061088,國巨統一9C購05  ,0,0,0,0,0,0,0,0,0,-35000,0,0,0,0,35000,-35000,-35000
062479,TPK國票9B購01   ,0,0,0,0,0,0,0,0,0,-35000,0,0,0,11000,46000,-35000,-35000
060314,元翎永豐9A購01  ,0,0,0,0,0,0,0,0,0,-35000,0,0,0,30000,65000,-35000,-35000
063542,泰鼎元富9B購02  ,0,0,0,0,0,0,0,0,0,-35000,0,0,0,3000,38000,-35000,-35000
064700,致新群益9C購02  ,0,0,0,0,0,0,0,0,0,-35000,0,0,0,144000,179000,-35000,-35000
065470,聚陽元大01購01  ,0,0,0,0,0,0,0,0,0,-35000,0,0,0,5000,40000,-35000,-35000
065442,健鼎麥證9C購01  ,0,0,0,0,35000,-35000,0,0,0,-35000,0,0,0,0,35000,-35000,-35000
066093,世紀鋼永豐01購01,0,0,0,0,0,0,0,0,0,-35000,0,0,0,15000,50000,-35000,-35000
066094,元黃金中信03購01,0,0,0,0,0,0,0,0,0,-35000,0,0,0,0,35000,-35000,-35000
3703,欣陸            ,75000,270000,-195000,0,0,0,0,0,0,160000,160000,0,160000,0,0,0,-35000
3057,喬鼎            ,0,35000,-35000,0,0,0,0,0,0,0,0,0,0,0,0,0,-35000
8072,陞泰            ,74000,96000,-22000,0,0,0,0,0,0,-13000,0,13000,-13000,0,0,0,-35000
08942P,上証2X國票02售04,0,0,0,0,0,0,0,0,0,-35000,0,0,0,0,35000,-35000,-35000
08780P,聯發科群益02售06,0,0,0,0,0,0,0,0,0,-35000,0,0,0,65000,100000,-35000,-35000
066784,滬深反中信03購01,0,0,0,0,0,0,0,0,0,-36000,0,0,0,29000,65000,-36000,-36000
066449,瀚宇博群益01購01,0,0,0,0,0,0,0,0,0,-36000,0,0,0,92000,128000,-36000,-36000
067567,瀚宇博康和01購01,0,0,0,0,0,0,0,0,0,-36000,0,0,0,30000,66000,-36000,-36000
067607,聯鈞凱基01購04  ,0,0,0,0,0,0,0,0,0,-36000,0,0,0,145000,181000,-36000,-36000
067934,美律凱基01購01  ,0,0,0,0,0,0,0,0,0,-36000,0,0,0,0,36000,-36000,-36000
08561P,台表科國票01售02,0,0,0,0,0,0,0,0,0,-36000,0,0,0,0,36000,-36000,-36000
08513P,聯發科凱基9C售08,0,0,0,0,0,0,0,0,0,-36000,0,0,0,4000,40000,-36000,-36000
03662C,FBVIX凱基03牛01 ,0,0,0,0,0,0,0,0,0,-36000,0,0,0,32000,68000,-36000,-36000
063287,嘉澤元大9B購05  ,0,0,0,0,0,0,0,0,0,-36000,0,0,0,273000,309000,-36000,-36000
059714,A50正2元大9C購01,0,0,0,0,0,0,0,0,0,-36000,0,0,0,0,36000,-36000,-36000
057515,智原元富98購02  ,0,0,0,0,0,0,0,0,0,-36000,0,0,0,244000,280000,-36000,-36000
063525,廣達凱基9B購02  ,0,0,0,0,0,0,0,0,0,-36000,0,0,0,109000,145000,-36000,-36000
062526,友達統一01購01  ,0,0,0,0,0,0,0,0,0,-36000,0,0,0,35000,71000,-36000,-36000
062862,瑞儀國票9B購01  ,0,0,0,0,0,0,0,0,0,-36000,0,0,0,4000,40000,-36000,-36000
066126,南港群益01購01  ,0,0,0,0,0,0,0,0,0,-36000,0,0,0,36000,72000,-36000,-36000
066007,大立光統一02購06,0,0,0,0,0,0,0,0,0,-36000,0,0,0,12000,48000,-36000,-36000
066187,瑞祺凱基01購01  ,0,0,0,0,0,0,0,0,0,-36000,0,0,0,0,36000,-36000,-36000
064708,帆宣永豐9C購01  ,0,0,0,0,0,0,0,0,0,-36000,0,0,0,68000,104000,-36000,-36000
064837,TPK統一9C購02   ,0,0,0,0,0,0,0,0,0,-36000,0,0,0,122000,158000,-36000,-36000
063890,正隆群益9C購01  ,0,0,0,0,0,0,0,0,0,-36000,0,0,0,21000,57000,-36000,-36000
08825P,義隆元大01售04  ,0,0,0,0,0,0,0,0,0,-36000,0,0,0,10000,46000,-36000,-36000
2443,億麗            ,0,36000,-36000,0,0,0,0,0,0,0,0,0,0,0,0,0,-36000
4994,傳奇            ,16000,51000,-35000,0,0,0,0,0,0,-1000,0,1000,-1000,0,0,0,-36000
3059,華晶科          ,128000,160000,-32000,0,0,0,0,0,0,-4000,0,4000,-4000,0,0,0,-36000
9944,新麗            ,43000,79000,-36000,0,0,0,0,0,0,0,0,0,0,0,0,0,-36000
08472P,和碩凱基9C售02  ,0,0,0,0,0,0,0,0,0,-37000,0,0,0,0,37000,-37000,-37000
08618P,國巨群益9C售20  ,0,0,0,0,0,0,0,0,0,-37000,0,0,0,0,37000,-37000,-37000
08346P,大立光元大9C售15,0,0,0,0,0,0,0,0,0,-37000,0,0,0,43000,80000,-37000,-37000
067695,國產中信05購01  ,0,0,0,0,0,0,0,0,0,-37000,0,0,0,0,37000,-37000,-37000
067617,臺股指凱基01購12,0,0,0,0,0,0,0,0,0,-37000,0,0,0,10000,47000,-37000,-37000
066958,日月光元大01購02,0,0,0,0,0,0,0,0,0,-37000,0,0,0,56000,93000,-37000,-37000
057546,台積電凱基02購01,0,0,0,0,0,0,0,0,0,-37000,0,0,0,0,37000,-37000,-37000
057931,正崴群益98購02  ,0,0,0,0,0,0,0,0,0,-37000,0,0,0,0,37000,-37000,-37000
059195,國巨永豐99購04  ,0,0,0,0,0,0,0,0,0,-37000,0,0,0,4000,41000,-37000,-37000
061197,矽創永豐9A購02  ,0,0,0,0,0,0,0,0,0,-37000,0,0,0,229000,266000,-37000,-37000
061222,台灣50中信9A購02,0,0,0,0,0,0,0,0,0,-37000,0,0,0,5000,42000,-37000,-37000
058706,聯鈞元大9C購01  ,0,0,0,0,0,0,0,0,0,-37000,0,0,0,96000,133000,-37000,-37000
00681R,元大美債20反1   ,0,0,0,0,0,0,0,0,0,-37000,0,0,0,5000,42000,-37000,-37000
061053,國巨群益9A購08  ,0,0,0,0,0,0,0,0,0,-37000,0,0,0,0,37000,-37000,-37000
062457,京元電群益9B購01,0,0,0,0,0,0,0,0,0,-37000,0,0,0,3000,40000,-37000,-37000
062444,大立光元大9C購01,0,0,0,0,0,0,0,0,0,-37000,0,0,0,50000,87000,-37000,-37000
061744,超眾凱基9B購02  ,0,0,0,0,0,0,0,0,0,-37000,0,0,0,0,37000,-37000,-37000
059844,大立光富邦9C購04,0,0,0,0,0,0,0,0,0,-37000,0,0,0,25000,62000,-37000,-37000
063848,大立光元大9C購09,0,0,0,0,0,0,0,0,0,-37000,0,0,0,3000,40000,-37000,-37000
063861,南亞科國泰02購01,10000,0,10000,0,0,0,0,0,0,-47000,0,0,0,143000,190000,-47000,-37000
064199,南六群益01購01  ,0,0,0,0,0,0,0,0,0,-37000,0,0,0,0,37000,-37000,-37000
064692,嘉晶群益9C購03  ,0,0,0,0,0,0,0,0,0,-37000,0,0,0,193000,230000,-37000,-37000
065150,上銀群益9C購03  ,0,0,0,0,0,0,0,0,0,-37000,0,0,0,109000,146000,-37000,-37000
066328,國揚永豐01購01  ,0,0,0,0,0,0,0,0,0,-37000,0,0,0,0,37000,-37000,-37000
065950,正崴統一03購01  ,0,0,0,0,0,0,0,0,0,-37000,0,0,0,15000,52000,-37000,-37000
065570,台光電群益01購01,0,0,0,0,0,0,0,0,0,-37000,0,0,0,120000,157000,-37000,-37000
6214,精誠            ,73000,88000,-15000,0,0,0,0,0,0,-22000,0,22000,-22000,0,0,0,-37000
08743P,群創凱基01售04  ,0,0,0,0,0,0,0,0,0,-37000,0,0,0,76000,113000,-37000,-37000
067102,聯發科群益01購03,0,0,0,0,0,0,0,0,0,-38000,0,0,0,30000,68000,-38000,-38000
067821,力成凱基01購02  ,0,0,0,0,0,0,0,0,0,-38000,0,0,0,0,38000,-38000,-38000
067903,申豐群益01購01  ,0,0,0,0,0,0,0,0,0,-38000,0,0,0,15000,53000,-38000,-38000
068022,聯發科台新01購01,0,0,0,0,0,0,0,0,0,-38000,0,0,0,0,38000,-38000,-38000
08358P,大立光元大9C售18,0,0,0,0,0,0,0,0,0,-38000,0,0,0,3000,41000,-38000,-38000
08497P,華新科國票01售02,0,0,0,0,0,0,0,0,0,-38000,0,0,0,0,38000,-38000,-38000
07977P,華新科群益01售01,0,0,0,0,0,0,0,0,0,-38000,0,0,0,0,38000,-38000,-38000
058107,全新台新99購01  ,0,0,0,0,0,0,0,0,0,-38000,0,0,0,0,38000,-38000,-38000
061701,友達國票9B購02  ,0,0,0,0,0,0,0,0,0,-38000,0,0,0,0,38000,-38000,-38000
061505,力成國票9A購03  ,0,0,0,0,0,0,0,0,0,-38000,0,0,0,4000,42000,-38000,-38000
063744,儒鴻國票9C購01  ,0,0,0,0,0,0,0,0,0,-38000,0,0,0,0,38000,-38000,-38000
062463,世紀鋼麥證9B購01,0,0,0,0,38000,-38000,0,0,0,-38000,0,0,0,0,38000,-38000,-38000
063093,國產國票9B購01  ,0,0,0,0,0,0,0,0,0,-38000,0,0,0,3000,41000,-38000,-38000
065464,健鼎中信9C購01  ,0,0,0,0,0,0,0,0,0,-38000,0,0,0,63000,101000,-38000,-38000
065046,玉晶光凱基01購03,0,0,0,0,0,0,0,0,0,-38000,0,0,0,37000,75000,-38000,-38000
064687,國巨群益9C購10  ,0,0,0,0,0,0,0,0,0,-38000,0,0,0,40000,78000,-38000,-38000
063884,台表科元富03購01,0,0,0,0,0,0,0,0,0,-38000,0,0,0,0,38000,-38000,-38000
064082,緯創中信06購01  ,0,0,0,0,0,0,0,0,0,-38000,0,0,0,20000,58000,-38000,-38000
4989,榮科            ,5000,41000,-36000,0,0,0,0,0,0,-2000,0,2000,-2000,0,0,0,-38000
9942,茂順            ,2000,39000,-37000,0,0,0,0,0,0,-1000,0,1000,-1000,0,0,0,-38000
8463,潤泰材          ,15000,53000,-38000,0,0,0,0,0,0,0,0,0,0,0,0,0,-38000
3645,達邁            ,342000,369000,-27000,0,0,0,0,0,0,-11000,0,11000,-11000,0,0,0,-38000
2597,潤弘            ,1000,39000,-38000,0,0,0,0,0,0,0,0,0,0,0,0,0,-38000
067913,華城永豐01購03  ,0,0,0,0,0,0,0,0,0,-39000,0,0,0,0,39000,-39000,-39000
067833,台積電統一02購06,0,0,0,0,0,0,0,0,0,-39000,0,0,0,0,39000,-39000,-39000
067488,群創元大03購01  ,0,0,0,0,0,0,0,0,0,-39000,0,0,0,150000,189000,-39000,-39000
066629,國揚凱基01購01  ,0,0,0,0,0,0,0,0,0,-39000,0,0,0,11000,50000,-39000,-39000
058802,矽創元大99購02  ,0,0,0,0,0,0,0,0,0,-39000,0,0,0,0,39000,-39000,-39000
058645,康控富邦01購01  ,0,0,0,0,0,0,0,0,0,-39000,0,0,0,185000,224000,-39000,-39000
056603,嘉聯益國泰9A購01,0,0,0,0,0,0,0,0,0,-39000,0,0,0,45000,84000,-39000,-39000
056954,聯詠富邦9A購01  ,0,0,0,0,0,0,0,0,0,-39000,0,0,0,179000,218000,-39000,-39000
059630,美律凱基99購07  ,0,0,0,0,0,0,0,0,0,-39000,0,0,0,16000,55000,-39000,-39000
064656,聚陽元大9C購03  ,0,0,0,0,0,0,0,0,0,-39000,0,0,0,22000,61000,-39000,-39000
065000,和大國票02購01  ,0,0,0,0,0,0,0,0,0,-39000,0,0,0,0,39000,-39000,-39000
065808,力成群益9C購02  ,0,0,0,0,0,0,0,0,0,-39000,0,0,0,0,39000,-39000,-39000
065949,瑞昱統一01購06  ,0,0,0,0,0,0,0,0,0,-39000,0,0,0,466000,505000,-39000,-39000
6431,光麗-KY         ,1000,40000,-39000,0,0,0,0,0,0,0,0,0,0,0,0,0,-39000
2399,映泰            ,83000,120000,-37000,0,0,0,0,0,0,-2000,0,2000,-2000,0,0,0,-39000
3563,牧德            ,76426,108000,-31574,0,0,0,0,0,0,-8000,0,0,0,10000,18000,-8000,-39574
066620,長興凱基01購01  ,0,0,0,0,0,0,0,0,0,-40000,0,0,0,379000,419000,-40000,-40000
066640,達麗凱基01購01  ,0,0,0,0,0,0,0,0,0,-40000,0,0,0,0,40000,-40000,-40000
066484,瑞昱元富07購01  ,0,0,0,0,0,0,0,0,0,-40000,0,0,0,10000,50000,-40000,-40000
066559,聯鈞元大01購03  ,0,0,0,0,0,0,0,0,0,-40000,0,0,0,356000,396000,-40000,-40000
067373,聯發科統一03購04,0,0,0,0,0,0,0,0,0,-40000,0,0,0,167000,207000,-40000,-40000
067413,臺股指中信04購02,0,0,0,0,0,0,0,0,0,-40000,0,0,0,5000,45000,-40000,-40000
067381,康控統一03購01  ,0,0,0,0,0,0,0,0,0,-40000,0,0,0,0,40000,-40000,-40000
067121,台虹群益01購01  ,0,0,0,0,0,0,0,0,0,-40000,0,0,0,98000,138000,-40000,-40000
067832,鴻海統一02購04  ,0,0,0,0,0,0,0,0,0,-40000,0,0,0,0,40000,-40000,-40000
06807P,臺股指群益98售13,0,0,0,0,0,0,0,0,0,-40000,0,0,0,1000,41000,-40000,-40000
07150P,和碩元大99售01  ,0,0,0,0,0,0,0,0,0,-40000,0,0,0,0,40000,-40000,-40000
07125P,台積電元大99售22,0,0,0,0,0,0,0,0,0,-40000,0,0,0,0,40000,-40000,-40000
07014P,華通元大99售04  ,0,0,0,0,0,0,0,0,0,-40000,0,0,0,0,40000,-40000,-40000
07468P,聯電元大9A售02  ,0,0,0,0,0,0,0,0,0,-40000,0,0,0,0,40000,-40000,-40000
07502P,美食元大9A售01  ,0,0,0,0,0,0,0,0,0,-40000,0,0,0,10000,50000,-40000,-40000
07508P,華新科國票9A售03,0,0,0,0,0,0,0,0,0,-40000,0,0,0,0,40000,-40000,-40000
07850P,健策群益9A售06  ,0,0,0,0,0,0,0,0,0,-40000,0,0,0,0,40000,-40000,-40000
07895P,美律元大9B售01  ,0,0,0,0,0,0,0,0,0,-40000,0,0,0,0,40000,-40000,-40000
07840P,康控元大9A售02  ,0,0,0,0,0,0,0,0,0,-40000,0,0,0,0,40000,-40000,-40000
08184P,可成永豐9B售03  ,0,0,0,0,0,0,0,0,0,-40000,0,0,0,0,40000,-40000,-40000
08088P,義隆凱基9B售03  ,0,0,0,0,0,0,0,0,0,-40000,0,0,0,0,40000,-40000,-40000
08517P,奇力新群益9C售03,0,0,0,0,0,0,0,0,0,-40000,0,0,0,22000,62000,-40000,-40000
08356P,聯發科元大9C售08,0,0,0,0,0,0,0,0,0,-40000,0,0,0,0,40000,-40000,-40000
08289P,智邦統一9C售01  ,0,0,0,0,0,0,0,0,0,-40000,0,0,0,0,40000,-40000,-40000
08396P,鴻海元富9C售04  ,0,0,0,0,0,0,0,0,0,-40000,0,0,0,20000,60000,-40000,-40000
056397,彩晶永豐99購01  ,0,0,0,0,0,0,0,0,0,-40000,0,0,0,151000,191000,-40000,-40000
056331,聯鈞國票99購01  ,0,0,0,0,0,0,0,0,0,-40000,0,0,0,0,40000,-40000,-40000
056253,京鼎兆豐98購01  ,0,0,0,0,0,0,0,0,0,-40000,0,0,0,0,40000,-40000,-40000
054961,玉晶光元大99購01,0,0,0,0,0,0,0,0,0,-40000,0,0,0,0,40000,-40000,-40000
055249,大毅統一99購01  ,0,0,0,0,0,0,0,0,0,-40000,0,0,0,0,40000,-40000,-40000
055242,道瓊銀統一98購01,0,0,0,0,0,0,0,0,0,-40000,0,0,0,0,40000,-40000,-40000
056925,群創兆豐98購03  ,0,0,0,0,0,0,0,0,0,-40000,0,0,0,0,40000,-40000,-40000
0052,富邦科技        ,2000,2000,0,0,0,0,0,0,0,-40000,0,0,0,102000,142000,-40000,-40000
059781,A50正2元大9C購03,0,0,0,0,0,0,0,0,0,-40000,0,0,0,10000,50000,-40000,-40000
057887,智原群益98購04  ,0,0,0,0,0,0,0,0,0,-40000,0,0,0,0,40000,-40000,-40000
059170,康控凱基9B購01  ,0,0,0,0,0,0,0,0,0,-40000,0,0,0,0,40000,-40000,-40000
057765,康舒凱基98購01  ,0,0,0,0,0,0,0,0,0,-40000,0,0,0,0,40000,-40000,-40000
057763,康控凱基99購02  ,0,0,0,0,0,0,0,0,0,-40000,0,0,0,0,40000,-40000,-40000
061241,晶技兆豐9A購01  ,0,0,0,0,0,0,0,0,0,-40000,0,0,0,105000,145000,-40000,-40000
063314,美律群益9B購01  ,0,0,0,0,0,0,0,0,0,-40000,0,0,0,337000,377000,-40000,-40000
061925,禾伸堂凱基9C購01,0,0,0,0,0,0,0,0,0,-40000,0,0,0,25000,65000,-40000,-40000
060741,滬深2X國票9A購05,0,0,0,0,0,0,0,0,0,-40000,0,0,0,0,40000,-40000,-40000
060983,南亞科元大9A購06,0,0,0,0,0,0,0,0,0,-40000,0,0,0,100000,140000,-40000,-40000
062509,SP黃豆國票9B購03,0,0,0,0,0,0,0,0,0,-40000,0,0,0,0,40000,-40000,-40000
062386,京鼎國泰9C購01  ,0,0,0,0,0,0,0,0,0,-40000,0,0,0,56000,96000,-40000,-40000
06214P,國巨國票98售04  ,0,0,0,0,0,0,0,0,0,-40000,0,0,0,0,40000,-40000,-40000
062143,大成鋼國票9B購01,0,0,0,0,0,0,0,0,0,-40000,0,0,0,0,40000,-40000,-40000
063614,美食群益9B購03  ,0,0,0,0,0,0,0,0,0,-40000,0,0,0,28000,68000,-40000,-40000
063518,儒鴻凱基9B購02  ,0,0,0,0,0,0,0,0,0,-40000,0,0,0,10000,50000,-40000,-40000
063389,大立光兆豐9C購02,0,0,0,0,0,0,0,0,0,-40000,0,0,0,0,40000,-40000,-40000
060337,FBVIX統一9A購01 ,0,0,0,0,0,0,0,0,0,-40000,0,0,0,0,40000,-40000,-40000
060227,和大元大9A購01  ,0,0,0,0,0,0,0,0,0,-40000,0,0,0,0,40000,-40000,-40000
061572,奇力新元大9A購04,0,0,0,0,0,0,0,0,0,-40000,0,0,0,178000,218000,-40000,-40000
061573,義隆元大9A購02  ,0,0,0,0,0,0,0,0,0,-40000,0,0,0,4000,44000,-40000,-40000
061619,大立光群益9B購01,0,0,0,0,0,0,0,0,0,-40000,0,0,0,5000,45000,-40000,-40000
060036,上証2X國票99購03,0,0,0,0,0,0,0,0,0,-40000,0,0,0,0,40000,-40000,-40000
065954,大立光統一03購01,0,0,0,0,0,0,0,0,0,-40000,0,0,0,0,40000,-40000,-40000
065702,聯發科群益9C購14,0,0,0,0,0,0,0,0,0,-40000,0,0,0,0,40000,-40000,-40000
065682,健策統一9C購07  ,0,0,0,0,0,0,0,0,0,-40000,0,0,0,112000,152000,-40000,-40000
065563,T50反1群益9C購04,0,0,0,0,0,0,0,0,0,-40000,0,0,0,330000,370000,-40000,-40000
065369,瑞昱元大9C購01  ,0,0,0,0,0,0,0,0,0,-40000,0,0,0,0,40000,-40000,-40000
065391,和大群益01購03  ,0,0,0,0,0,0,0,0,0,-40000,0,0,0,0,40000,-40000,-40000
065335,玉晶光台新9C購03,0,0,0,0,0,0,0,0,0,-40000,0,0,0,1480000,1520000,-40000,-40000
06458P,玉晶光統一9A售02,0,0,0,0,0,0,0,0,0,-40000,0,0,0,20000,60000,-40000,-40000
064730,超眾統一02購02  ,0,0,0,0,0,0,0,0,0,-40000,0,0,0,0,40000,-40000,-40000
064774,聚陽群益9C購04  ,0,0,0,0,0,0,0,0,0,-40000,0,0,0,55000,95000,-40000,-40000
064128,國產元大9C購01  ,0,0,0,0,0,0,0,0,0,-40000,0,0,0,0,40000,-40000,-40000
063859,國巨國泰01購03  ,0,0,0,0,0,0,0,0,0,-40000,0,0,0,10000,50000,-40000,-40000
064399,和大凱基02購01  ,0,0,0,0,0,0,0,0,0,-40000,0,0,0,0,40000,-40000,-40000
4545,銘鈺            ,8000,47000,-39000,0,0,0,0,0,0,-1000,0,1000,-1000,0,0,0,-40000
08736P,滬深2X凱基03售01,0,0,0,0,0,0,0,0,0,-40000,0,0,0,0,40000,-40000,-40000
08383P,智邦群益9C售03  ,0,0,0,0,0,0,0,0,0,-41000,0,0,0,0,41000,-41000,-41000
08365P,貿聯凱基9C售01  ,0,0,0,0,0,0,0,0,0,-41000,0,0,0,229000,270000,-41000,-41000
07129P,華新科元大99售14,0,0,0,0,0,0,0,0,0,-41000,0,0,0,0,41000,-41000,-41000
067834,台積電統一03購04,0,0,0,0,0,0,0,0,0,-41000,0,0,0,0,41000,-41000,-41000
066425,創意元大01購03  ,0,0,0,0,0,0,0,0,0,-41000,0,0,0,13000,54000,-41000,-41000
060505,友達元大9C購05  ,0,0,0,0,0,0,0,0,0,-41000,0,0,0,0,41000,-41000,-41000
058456,京鼎永豐99購01  ,0,0,0,0,0,0,0,0,0,-41000,0,0,0,150000,191000,-41000,-41000
054308,嘉晶凱基98購01  ,0,0,0,0,0,0,0,0,0,-41000,0,0,0,120000,161000,-41000,-41000
054973,台郡元大98購02  ,0,0,0,0,0,0,0,0,0,-41000,0,0,0,0,41000,-41000,-41000
060296,和碩元大9A購01  ,0,0,0,0,0,0,0,0,0,-41000,0,0,0,20000,61000,-41000,-41000
063454,瑞儀統一9B購01  ,0,0,0,0,0,0,0,0,0,-41000,0,0,0,30000,71000,-41000,-41000
060412,儒鴻永豐9A購01  ,0,0,0,0,0,0,0,0,0,-41000,0,0,0,1000,42000,-41000,-41000
060849,力成國票9A購01  ,0,0,0,0,0,0,0,0,0,-41000,0,0,0,0,41000,-41000,-41000
062747,立積永豐9B購01  ,0,0,0,0,0,0,0,0,0,-41000,0,0,0,48000,89000,-41000,-41000
065167,華通元大02購01  ,0,0,0,0,0,0,0,0,0,-41000,0,0,0,64000,105000,-41000,-41000
067283,南亞科國票02購01,0,0,0,0,0,0,0,0,0,-42000,0,0,0,16000,58000,-42000,-42000
067803,台積電凱基07購02,0,0,0,0,0,0,0,0,0,-42000,0,0,0,0,42000,-42000,-42000
08436P,TPK群益9C售04   ,0,0,0,0,0,0,0,0,0,-42000,0,0,0,0,42000,-42000,-42000
08559P,瑞昱國票9C售01  ,0,0,0,0,0,0,0,0,0,-42000,0,0,0,0,42000,-42000,-42000
08286P,大立光凱基9C售04,0,0,0,0,0,0,0,0,0,-42000,0,0,0,0,42000,-42000,-42000
054297,台郡元大98購01  ,0,0,0,0,0,0,0,0,0,-42000,0,0,0,48000,90000,-42000,-42000
053537,玉晶光永豐98購02,0,0,0,0,0,0,0,0,0,-42000,0,0,0,27000,69000,-42000,-42000
057959,欣興元大98購14  ,0,0,0,0,0,0,0,0,0,-42000,0,0,0,10000,52000,-42000,-42000
060956,超眾群益9A購01  ,0,0,0,0,0,0,0,0,0,-42000,0,0,0,0,42000,-42000,-42000
062450,臻鼎元大9B購02  ,0,0,0,0,0,0,0,0,0,-42000,0,0,0,0,42000,-42000,-42000
062416,和大統一01購02  ,0,0,0,0,0,0,0,0,0,-42000,0,0,0,35000,77000,-42000,-42000
062676,南六台新9B購01  ,0,0,0,0,0,0,0,0,0,-42000,0,0,0,10000,52000,-42000,-42000
063533,緯穎凱基9B購06  ,0,0,0,0,0,0,0,0,0,-42000,0,0,0,58000,100000,-42000,-42000
059928,道瓊銀富邦03購01,0,0,0,0,0,0,0,0,0,-42000,0,0,0,8000,50000,-42000,-42000
064814,祥碩元大9C購06  ,0,0,0,0,0,0,0,0,0,-42000,0,0,0,122000,164000,-42000,-42000
064469,臻鼎元富9C購01  ,0,0,0,0,0,0,0,0,0,-42000,0,0,0,8000,50000,-42000,-42000
064273,華邦電元大9C購02,0,0,0,0,0,0,0,0,0,-42000,0,0,0,112000,154000,-42000,-42000
064006,晶技凱基9C購02  ,0,0,0,0,0,0,0,0,0,-42000,0,0,0,27000,69000,-42000,-42000
064177,立積國泰01購01  ,0,0,0,0,0,0,0,0,0,-42000,0,0,0,28000,70000,-42000,-42000
065209,國泰金國票01購01,0,0,0,0,0,0,0,0,0,-42000,0,0,0,1000,43000,-42000,-42000
06597P,國巨富邦9A售05  ,0,0,0,0,0,0,0,0,0,-42000,0,0,0,60000,102000,-42000,-42000
06627P,華新科元富99售01,0,0,0,0,0,0,0,0,0,-42000,0,0,0,10000,52000,-42000,-42000
08813P,聯發科群益01售02,0,0,0,0,0,0,0,0,0,-42000,0,0,0,70000,112000,-42000,-42000
2107,厚生            ,2000,44000,-42000,0,0,0,0,0,0,0,0,0,0,0,0,0,-42000
2887E,台新戊特        ,0,0,0,0,0,0,0,42000,-42000,0,0,0,0,0,0,0,-42000
08170P,緯穎群益9B售03  ,0,0,0,0,0,0,0,0,0,-43000,0,0,0,0,43000,-43000,-43000
08292P,華新科台新9C售01,0,0,0,0,0,0,0,0,0,-43000,0,0,0,40000,83000,-43000,-43000
068027,國巨元富07購11  ,0,0,0,0,0,0,0,0,0,-43000,0,0,0,0,43000,-43000,-43000
067165,世紀鋼國票02購02,0,0,0,0,0,0,0,0,0,-43000,0,0,0,12000,55000,-43000,-43000
067048,聯詠凱基02購02  ,0,0,0,0,0,0,0,0,0,-43000,0,0,0,206000,249000,-43000,-43000
067474,華邦電元大01購02,0,0,0,0,0,0,0,0,0,-43000,0,0,0,345000,388000,-43000,-43000
066499,台郡國泰02購01  ,0,0,0,0,0,0,0,0,0,-43000,0,0,0,144000,187000,-43000,-43000
066929,國巨國票02購03  ,0,0,0,0,0,0,0,0,0,-43000,0,0,0,2000,45000,-43000,-43000
067041,國巨凱基04購02  ,0,0,0,0,0,0,0,0,0,-43000,0,0,0,71000,114000,-43000,-43000
058780,牧德國票9A購01  ,0,0,0,0,0,0,0,0,0,-43000,0,0,0,0,43000,-43000,-43000
061853,晶技國票9B購02  ,0,0,0,0,0,0,0,0,0,-43000,0,0,0,11000,54000,-43000,-43000
061592,義隆永豐9A購03  ,0,0,0,0,0,0,0,0,0,-43000,0,0,0,10000,53000,-43000,-43000
062708,立積元大9B購01  ,0,0,0,0,0,0,0,0,0,-43000,0,0,0,81000,124000,-43000,-43000
060848,聯茂國票9A購02  ,0,0,0,0,0,0,0,0,0,-43000,0,0,0,0,43000,-43000,-43000
062822,力成兆豐9B購01  ,0,0,0,0,0,0,0,0,0,-43000,0,0,0,68000,111000,-43000,-43000
066130,燿華群益01購03  ,0,0,0,0,0,0,0,0,0,-43000,0,0,0,85000,128000,-43000,-43000
066297,美利達元大01購01,0,0,0,0,0,0,0,0,0,-43000,0,0,0,106000,149000,-43000,-43000
065211,世芯國票01購03  ,0,10000,-10000,0,0,0,0,0,0,-33000,0,0,0,11000,44000,-33000,-43000
064526,臺股指群益9C購11,0,0,0,0,0,0,0,0,0,-43000,0,0,0,0,43000,-43000,-43000
065146,帆宣凱基9C購01  ,0,0,0,0,0,0,0,0,0,-43000,0,0,0,10000,53000,-43000,-43000
6531,愛普            ,469000,502000,-33000,0,0,0,0,0,0,-10000,3000,13000,-10000,0,0,0,-43000
8213,志超            ,249000,287000,-38000,0,0,0,0,0,0,-5000,0,5000,-5000,0,0,0,-43000
2387,精元            ,471000,456000,15000,0,0,0,0,0,0,-58000,93000,1000,92000,89000,239000,-150000,-43000
1604,聲寶            ,83000,106000,-23000,0,0,0,0,0,0,-20000,0,20000,-20000,0,0,0,-43000
066564,智伸科元大01購01,0,0,0,0,0,0,0,0,0,-44000,0,0,0,56000,100000,-44000,-44000
066632,智原凱基02購01  ,0,0,0,0,0,0,0,0,0,-44000,0,0,0,15000,59000,-44000,-44000
066611,台積電麥證01購03,0,0,0,46000,95000,-49000,0,0,0,-44000,0,0,0,51000,95000,-44000,-44000
07888P,大立光國票9B售01,0,0,0,0,0,0,0,0,0,-44000,0,0,0,23000,67000,-44000,-44000
07856P,力成凱基9A售02  ,0,0,0,0,0,0,0,0,0,-44000,0,0,0,26000,70000,-44000,-44000
061942,亞德客群益9B購01,0,0,0,0,0,0,0,0,0,-44000,0,0,0,158000,202000,-44000,-44000
059147,矽創國票99購01  ,0,0,0,0,0,0,0,0,0,-44000,0,0,0,36000,80000,-44000,-44000
054640,健策中信9B購01  ,0,0,0,0,0,0,0,0,0,-44000,0,0,0,0,44000,-44000,-44000
057269,鈺齊兆豐98購01  ,0,0,0,0,0,0,0,0,0,-44000,0,0,0,8000,52000,-44000,-44000
060721,瑞儀永豐9A購01  ,0,0,0,0,0,0,0,0,0,-44000,0,0,0,27000,71000,-44000,-44000
061669,崇越中信9A購01  ,0,0,0,0,0,0,0,0,0,-44000,0,0,0,50000,94000,-44000,-44000
065139,華通凱基03購01  ,0,0,0,0,0,0,0,0,0,-44000,0,0,0,109000,153000,-44000,-44000
064008,日月光凱基9C購01,0,0,0,0,0,0,0,0,0,-44000,0,0,0,17000,61000,-44000,-44000
064349,泰鼎元大9C購02  ,0,0,0,0,0,0,0,0,0,-44000,0,0,0,51000,95000,-44000,-44000
065809,同欣電群益9C購03,0,0,0,0,0,0,0,0,0,-44000,0,0,0,19000,63000,-44000,-44000
066312,川湖永豐01購01  ,0,0,0,0,0,0,0,0,0,-44000,0,0,0,0,44000,-44000,-44000
6155,鈞寶            ,46000,86000,-40000,0,0,0,0,0,0,-4000,0,4000,-4000,0,0,0,-44000
3694,海華            ,150000,192000,-42000,0,0,0,0,0,0,-2000,0,2000,-2000,0,0,0,-44000
067704,台表科麥證01購02,0,0,0,7000,52000,-45000,0,0,0,-45000,0,0,0,7000,52000,-45000,-45000
07722P,玉晶光凱基9A售10,0,0,0,0,0,0,0,0,0,-45000,0,0,0,0,45000,-45000,-45000
066588,台積電群益01購06,0,0,0,0,0,0,0,0,0,-45000,0,0,0,24000,69000,-45000,-45000
067533,瑞昱群益01購02  ,0,0,0,0,0,0,0,0,0,-45000,0,0,0,25000,70000,-45000,-45000
067172,台積電兆豐03購02,0,0,0,0,0,0,0,0,0,-45000,0,0,0,101000,146000,-45000,-45000
056841,友達元富98購03  ,0,0,0,0,0,0,0,0,0,-45000,0,0,0,0,45000,-45000,-45000
057637,上銀元大98購07  ,0,0,0,0,0,0,0,0,0,-45000,0,0,0,1000,46000,-45000,-45000
057928,鈺齊凱基98購02  ,0,0,0,0,0,0,0,0,0,-45000,0,0,0,48000,93000,-45000,-45000
063249,祥碩元大9B購06  ,0,0,0,0,0,0,0,0,0,-45000,0,0,0,5000,50000,-45000,-45000
058061,貿聯元富9B購01  ,0,0,0,0,0,0,0,0,0,-45000,0,0,0,15000,60000,-45000,-45000
058428,大立光元富99購02,0,0,0,0,0,0,0,0,0,-45000,0,0,0,80000,125000,-45000,-45000
058298,聯茂凱基99購05  ,0,0,0,0,0,0,0,0,0,-45000,0,0,0,50000,95000,-45000,-45000
062037,華新凱基9B購01  ,0,0,0,0,0,0,0,0,0,-45000,0,0,0,24000,69000,-45000,-45000
063546,國巨兆豐9C購03  ,0,0,0,0,0,0,0,0,0,-45000,0,0,0,0,45000,-45000,-45000
063658,瑞祺元富9B購01  ,0,0,0,0,0,0,0,0,0,-45000,0,0,0,10000,55000,-45000,-45000
062953,大立光永豐9B購01,0,0,0,0,0,0,0,0,0,-45000,0,0,0,0,45000,-45000,-45000
061033,台光電永豐9A購01,0,0,0,0,0,0,0,0,0,-45000,0,0,0,288000,333000,-45000,-45000
061355,康友元大9A購03  ,0,0,0,0,0,0,0,0,0,-45000,0,0,0,166000,211000,-45000,-45000
066367,緯創中信05購01  ,0,0,0,0,0,0,0,0,0,-45000,0,0,0,33000,78000,-45000,-45000
065224,和大凱基02購02  ,0,0,0,0,0,0,0,0,0,-45000,0,0,0,0,45000,-45000,-45000
065428,旺宏凱基03購01  ,0,0,0,0,0,0,0,0,0,-45000,0,0,0,0,45000,-45000,-45000
064175,華通國泰02購01  ,0,0,0,0,0,0,0,0,0,-45000,0,0,0,104000,149000,-45000,-45000
064762,致伸凱基9C購02  ,0,0,0,0,0,0,0,0,0,-45000,0,0,0,0,45000,-45000,-45000
4551,智伸科          ,68000,68000,0,0,0,0,0,35000,-35000,-10000,0,3000,-3000,1000,8000,-7000,-45000
08993P,彩晶元大01售02  ,40000,0,40000,0,0,0,0,0,0,-85000,0,0,0,1000,86000,-85000,-45000
067308,欣興元大01購03  ,0,0,0,0,0,0,0,0,0,-46000,0,0,0,10000,56000,-46000,-46000
066757,南港永豐01購01  ,0,0,0,0,0,0,0,0,0,-46000,0,0,0,0,46000,-46000,-46000
067989,台積電元大01購31,0,0,0,0,0,0,0,0,0,-46000,0,0,0,536000,582000,-46000,-46000
067994,技嘉元大01購03  ,0,0,0,0,0,0,0,0,0,-46000,0,0,0,44000,90000,-46000,-46000
067946,聯發科國泰03購04,0,0,0,0,0,0,0,0,0,-46000,0,0,0,0,46000,-46000,-46000
057028,台郡凱基99購02  ,0,0,0,0,0,0,0,0,0,-46000,0,0,0,0,46000,-46000,-46000
061974,光寶科元大9B購01,0,0,0,0,0,0,0,0,0,-46000,0,0,0,0,46000,-46000,-46000
060815,茂林凱基9B購01  ,0,0,0,0,0,0,0,0,0,-46000,0,0,0,64000,110000,-46000,-46000
061778,元金2X群益9B購02,0,0,0,0,0,0,0,0,0,-46000,0,0,0,24000,70000,-46000,-46000
059926,世紀鋼國泰9B購01,0,0,0,0,0,0,0,0,0,-46000,0,0,0,30000,76000,-46000,-46000
059868,台光電凱基99購03,0,0,0,0,0,0,0,0,0,-46000,0,0,0,0,46000,-46000,-46000
064018,儒鴻元大9C購02  ,0,0,0,0,0,0,0,0,0,-46000,0,0,0,21000,67000,-46000,-46000
066353,台塑化永豐01購01,0,0,0,0,0,0,0,0,0,-46000,0,0,0,22000,68000,-46000,-46000
1786,科妍            ,42000,84000,-42000,0,0,0,0,0,0,-4000,1000,5000,-4000,0,0,0,-46000
9955,佳龍            ,84000,129000,-45000,0,0,0,0,0,0,-1000,0,1000,-1000,0,0,0,-46000
067932,技嘉凱基01購01  ,0,0,0,0,0,0,0,0,0,-47000,0,0,0,102000,149000,-47000,-47000
08469P,富邦金凱基9C售01,0,0,0,0,0,0,0,0,0,-47000,0,0,0,0,47000,-47000,-47000
067103,聯發科群益01購04,0,0,0,0,0,0,0,0,0,-47000,0,0,0,39000,86000,-47000,-47000
067496,拓凱元大01購02  ,0,0,0,0,0,0,0,0,0,-47000,0,0,0,159000,206000,-47000,-47000
067449,微星國票02購02  ,0,0,0,0,0,0,0,0,0,-47000,0,0,0,54000,101000,-47000,-47000
054371,台積電中信9C購01,0,0,0,0,0,0,0,0,0,-47000,0,0,0,4000,51000,-47000,-47000
057317,技嘉凱基98購02  ,0,0,0,0,0,0,0,0,0,-47000,0,0,0,52000,99000,-47000,-47000
057954,宏碁元大99購01  ,0,0,0,0,0,0,0,0,0,-47000,0,0,0,2000,49000,-47000,-47000
059730,晶相光元大9C購02,0,0,0,0,0,0,0,0,0,-47000,0,0,0,13000,60000,-47000,-47000
063335,道瓊銀統一9C購01,0,0,0,0,0,0,0,0,0,-47000,0,0,0,13000,60000,-47000,-47000
062282,禾伸堂群益9B購01,0,0,0,0,0,0,0,0,0,-47000,0,0,0,2000,49000,-47000,-47000
065777,正崴國泰03購01  ,0,0,0,0,0,0,0,0,0,-47000,0,0,0,20000,67000,-47000,-47000
1789,神隆            ,594000,428000,166000,0,0,0,0,0,0,-213000,0,143000,-143000,9000,79000,-70000,-47000
1733,五鼎            ,20000,68000,-48000,0,0,0,0,0,0,1000,4000,3000,1000,0,0,0,-47000
08867P,欣興凱基01售03  ,0,0,0,0,0,0,0,0,0,-47000,0,0,0,20000,67000,-47000,-47000
9902,台火            ,115000,53000,62000,0,0,0,0,0,0,-109000,0,109000,-109000,0,0,0,-47000
2538,基泰            ,2000,47000,-45000,0,0,0,0,0,0,-2000,0,2000,-2000,0,0,0,-47000
00652,富邦印度        ,3000,60000,-57000,0,0,0,0,0,0,9916,0,0,0,42916,33000,9916,-47084
9941,裕融            ,60000,107800,-47800,0,0,0,0,0,0,0,0,0,0,0,0,0,-47800
067650,技嘉元富07購03  ,0,0,0,0,0,0,0,0,0,-48000,0,0,0,108000,156000,-48000,-48000
06688P,鴻海中信02售01  ,0,0,0,0,0,0,0,0,0,-48000,0,0,0,0,48000,-48000,-48000
07788P,華新科群益9A售08,0,0,0,0,0,0,0,0,0,-48000,0,0,0,0,48000,-48000,-48000
07265P,大立光元大99售16,0,0,0,0,0,0,0,0,0,-48000,0,0,0,2000,50000,-48000,-48000
06885P,國巨國票99售06  ,0,0,0,0,0,0,0,0,0,-48000,0,0,0,100000,148000,-48000,-48000
07007P,台灣50台新01售02,0,0,0,0,0,0,0,0,0,-48000,0,0,0,0,48000,-48000,-48000
059637,大立光凱基01購01,0,0,0,0,0,0,0,0,0,-48000,0,0,0,20000,68000,-48000,-48000
057328,京鼎群益99購02  ,0,0,0,0,0,0,0,0,0,-48000,0,0,0,14000,62000,-48000,-48000
057891,華新科統一9A購01,0,0,0,0,0,0,0,0,0,-48000,0,0,0,12000,60000,-48000,-48000
058046,國巨元大9A購01  ,0,0,0,0,0,0,0,0,0,-48000,0,0,0,117000,165000,-48000,-48000
061920,台積電凱基9C購02,0,0,0,0,0,0,0,0,0,-48000,0,0,0,0,48000,-48000,-48000
062312,大立光凱基9B購03,0,0,0,0,0,0,0,0,0,-48000,0,0,0,0,48000,-48000,-48000
063331,瑞儀國票9C購01  ,0,0,0,0,0,0,0,0,0,-48000,0,0,0,0,48000,-48000,-48000
060981,旺宏元大9A購08  ,0,0,0,0,0,0,0,0,0,-48000,0,0,0,2000,50000,-48000,-48000
060072,國巨元富99購04  ,0,0,0,0,0,0,0,0,0,-48000,0,0,0,19000,67000,-48000,-48000
065927,智原國票02購01  ,0,0,0,0,0,0,0,0,0,-48000,0,0,0,70000,118000,-48000,-48000
064242,TPK統一02購01   ,0,0,0,0,0,0,0,0,0,-48000,0,0,0,50000,98000,-48000,-48000
064412,緯穎凱基01購01  ,0,0,0,0,0,0,0,0,0,-48000,0,0,0,132000,180000,-48000,-48000
064975,南亞科元大9C購07,0,0,0,0,0,0,0,0,0,-48000,0,0,0,74000,122000,-48000,-48000
6133,金橋            ,64000,112000,-48000,0,0,0,0,0,0,0,0,0,0,0,0,0,-48000
1218,泰山            ,143000,223000,-80000,0,0,0,0,7000,-7000,39000,40000,0,40000,16000,17000,-1000,-48000
08797P,健策凱基02售03  ,0,0,0,0,0,0,0,0,0,-48000,0,0,0,50000,98000,-48000,-48000
06783P,亞光元大98售03  ,0,0,0,0,0,0,0,0,0,-49000,0,0,0,1000,50000,-49000,-49000
066752,南電元大01購06  ,0,0,0,0,0,0,0,0,0,-49000,0,0,0,269000,318000,-49000,-49000
067091,台虹元大01購02  ,0,0,0,0,0,0,0,0,0,-49000,0,0,0,91000,140000,-49000,-49000
058053,上銀統一9B購01  ,0,0,0,0,0,0,0,0,0,-49000,0,0,0,16000,65000,-49000,-49000
057376,新日興元大98購04,0,0,0,0,0,0,0,0,0,-49000,0,0,0,0,49000,-49000,-49000
059461,鈺齊永豐99購03  ,0,0,0,0,0,0,0,0,0,-49000,0,0,0,0,49000,-49000,-49000
054158,國巨日盛99購01  ,0,0,0,0,0,0,0,0,0,-49000,0,0,0,0,49000,-49000,-49000
057189,康控元大98購02  ,0,0,0,0,0,0,0,0,0,-49000,0,0,0,0,49000,-49000,-49000
062999,聯茂國票9C購01  ,0,0,0,0,0,0,0,0,0,-49000,0,0,0,0,49000,-49000,-49000
066067,台積電凱基02購05,0,0,0,0,0,0,0,0,0,-49000,0,0,0,1000,50000,-49000,-49000
066228,嘉基國泰02購01  ,0,0,0,0,0,0,0,0,0,-49000,0,0,0,61000,110000,-49000,-49000
065806,貿聯群益9C購05  ,0,0,0,0,0,0,0,0,0,-49000,0,0,0,0,49000,-49000,-49000
08720P,台光電元大01售03,0,0,0,0,0,0,0,0,0,-49000,0,0,0,6000,55000,-49000,-49000
2034,允強            ,6000,55000,-49000,0,0,0,0,0,0,0,0,0,0,0,0,0,-49000
4426,利勤            ,72000,121000,-49000,0,0,0,0,0,0,0,0,0,0,0,0,0,-49000
6192,巨路            ,19000,66094,-47094,0,0,0,0,0,0,-2000,0,2000,-2000,0,0,0,-49094
067094,上証2X群益02購01,0,0,0,0,0,0,0,0,0,-50000,0,0,0,0,50000,-50000,-50000
06721P,臺股指中信9A售03,0,0,0,0,0,0,0,0,0,-50000,0,0,0,0,50000,-50000,-50000
066952,亞光元大01購03  ,0,0,0,0,0,0,0,0,0,-50000,0,0,0,150000,200000,-50000,-50000
066669,華擎凱基02購02  ,0,0,0,0,0,0,0,0,0,-50000,0,0,0,0,50000,-50000,-50000
066438,南紡群益01購01  ,0,0,0,0,0,0,0,0,0,-50000,0,0,0,10000,60000,-50000,-50000
067839,臺股指統一01購01,0,0,0,0,0,0,0,0,0,-50000,0,0,0,0,50000,-50000,-50000
067742,大立光元大01購16,0,0,0,0,0,0,0,0,0,-50000,0,0,0,13000,63000,-50000,-50000
07292P,臺股指凱基99售44,0,0,0,0,0,0,0,0,0,-50000,0,0,0,50000,100000,-50000,-50000
07360P,台積電元大99售46,0,0,0,0,0,0,0,0,0,-50000,0,0,0,0,50000,-50000,-50000
07378P,大立光元大99售29,0,0,0,0,0,0,0,0,0,-50000,0,0,0,0,50000,-50000,-50000
07352P,台積電國票99售11,0,0,0,0,0,0,0,0,0,-50000,0,0,0,0,50000,-50000,-50000
07319P,台積電凱基01售02,0,0,0,0,0,0,0,0,0,-50000,0,0,0,0,50000,-50000,-50000
07751P,世紀鋼凱基9A售02,0,0,0,0,0,0,0,0,0,-50000,0,0,0,0,50000,-50000,-50000
07710P,華擎元大9A售05  ,0,0,0,0,0,0,0,0,0,-50000,0,0,0,0,50000,-50000,-50000
07988P,台積電台新9C售03,0,0,0,0,0,0,0,0,0,-50000,0,0,0,20000,70000,-50000,-50000
08036P,嘉澤群益9B售03  ,0,0,0,0,0,0,0,0,0,-50000,0,0,0,0,50000,-50000,-50000
08134P,臺股指元大9B售40,0,0,0,0,0,0,0,0,0,-50000,0,0,0,100000,150000,-50000,-50000
08136P,祥碩國泰01售01  ,0,0,0,0,0,0,0,0,0,-50000,0,0,0,0,50000,-50000,-50000
08215P,旺宏群益9B售04  ,0,0,0,0,0,0,0,0,0,-50000,0,0,0,0,50000,-50000,-50000
08553P,嘉澤群益9C售01  ,0,0,0,0,0,0,0,0,0,-50000,0,0,0,0,50000,-50000,-50000
08586P,台積電第一9C售02,0,0,0,0,0,0,0,0,0,-50000,0,0,0,0,50000,-50000,-50000
057079,台積電統一9A購02,0,0,0,0,0,0,0,0,0,-50000,0,0,0,0,50000,-50000,-50000
00654R,富邦印度反1     ,0,0,0,0,0,0,0,0,0,-50000,0,0,0,0,50000,-50000,-50000
00753L,中信中國50正2   ,0,0,0,0,0,0,0,0,0,-50000,0,0,0,587000,637000,-50000,-50000
058549,藍天永豐99購01  ,0,0,0,0,0,0,0,0,0,-50000,0,0,0,200000,250000,-50000,-50000
058525,台虹元大99購02  ,0,0,0,0,0,0,0,0,0,-50000,0,0,0,50000,100000,-50000,-50000
059559,T50反1凱基99購07,0,0,0,0,0,0,0,0,0,-50000,0,0,0,0,50000,-50000,-50000
058495,元大金群益9B購01,0,0,0,0,0,0,0,0,0,-50000,0,0,0,0,50000,-50000,-50000
057602,聯茂群益98購02  ,0,0,0,0,0,0,0,0,0,-50000,0,0,0,0,50000,-50000,-50000
056259,T50反1統一9A購01,0,0,0,0,0,0,0,0,0,-50000,0,0,0,0,50000,-50000,-50000
056712,京鼎永豐98購01  ,0,0,0,0,0,0,0,0,0,-50000,0,0,0,5000,55000,-50000,-50000
054569,GIS群益98購01   ,0,0,0,0,0,0,0,0,0,-50000,0,0,0,31000,81000,-50000,-50000
057353,玉晶光統一99購01,0,0,0,0,0,0,0,0,0,-50000,0,0,0,0,50000,-50000,-50000
058672,可成群益9B購02  ,0,0,0,0,0,0,0,0,0,-50000,0,0,0,0,50000,-50000,-50000
058591,台灣50統一9B購02,0,0,0,0,0,0,0,0,0,-50000,0,0,0,0,50000,-50000,-50000
057514,華新科元富99購03,0,0,0,0,0,0,0,0,0,-50000,0,0,0,0,50000,-50000,-50000
059086,國巨元大99購18  ,0,0,0,0,0,0,0,0,0,-50000,0,0,0,0,50000,-50000,-50000
059219,旺宏元大99購12  ,0,0,0,0,0,0,0,0,0,-50000,0,0,0,0,50000,-50000,-50000
058865,群創凱基01購01  ,0,0,0,0,0,0,0,0,0,-50000,0,0,0,20000,70000,-50000,-50000
057997,旺宏第一9C購01  ,0,0,0,0,0,0,0,0,0,-50000,0,0,0,0,50000,-50000,-50000
060418,中橡永豐9A購01  ,0,0,0,0,0,0,0,0,0,-50000,0,0,0,0,50000,-50000,-50000
062127,台勝科統一01購02,0,0,0,0,0,0,0,0,0,-50000,0,0,0,0,50000,-50000,-50000
063039,大立光凱基9C購02,0,0,0,0,0,0,0,0,0,-50000,0,0,0,0,50000,-50000,-50000
062179,旺宏元大9B購05  ,0,0,0,0,0,0,0,0,0,-50000,0,0,0,0,50000,-50000,-50000
061979,友達元大9C購08  ,0,0,0,0,0,0,0,0,0,-50000,0,0,0,0,50000,-50000,-50000
062469,旺宏凱基9B購05  ,0,0,0,0,0,0,0,0,0,-50000,0,0,0,0,50000,-50000,-50000
062425,可成統一01購01  ,0,0,0,0,0,0,0,0,0,-50000,0,0,0,0,50000,-50000,-50000
061352,茂林元大9A購04  ,0,0,0,0,0,0,0,0,0,-50000,0,0,0,0,50000,-50000,-50000
060982,旺宏元大9A購09  ,0,0,0,0,0,0,0,0,0,-50000,0,0,0,0,50000,-50000,-50000
060958,儒鴻凱基9A購02  ,0,0,0,0,0,0,0,0,0,-50000,0,0,0,10000,60000,-50000,-50000
060906,旺宏元大9A購07  ,0,0,0,0,0,0,0,0,0,-50000,0,0,0,0,50000,-50000,-50000
060760,南亞科元大9A購04,0,0,0,0,0,0,0,0,0,-50000,0,0,0,0,50000,-50000,-50000
061171,大立光麥證9A購01,0,0,0,0,50000,-50000,0,0,0,-50000,0,0,0,0,50000,-50000,-50000
061164,燿華兆豐9B購01  ,0,0,0,0,0,0,0,0,0,-50000,0,0,0,0,50000,-50000,-50000
063131,聯茂元大9B購03  ,0,0,0,0,0,0,0,0,0,-50000,0,0,0,0,50000,-50000,-50000
060008,華邦電群益9A購01,0,0,0,0,0,0,0,0,0,-50000,0,0,0,0,50000,-50000,-50000
059948,正文永豐99購01  ,0,0,0,0,0,0,0,0,0,-50000,0,0,0,7000,57000,-50000,-50000
061757,T50反1元大9B購01,0,0,0,0,0,0,0,0,0,-50000,0,0,0,0,50000,-50000,-50000
061605,華新科凱基9A購14,0,0,0,0,0,0,0,0,0,-50000,0,0,0,0,50000,-50000,-50000
061644,健策元大9C購02  ,0,0,0,0,0,0,0,0,0,-50000,0,0,0,3000,53000,-50000,-50000
061538,SP黃豆群益9A購03,0,0,0,0,0,0,0,0,0,-50000,0,0,0,0,50000,-50000,-50000
061411,T50反1群益9A購05,0,0,0,0,0,0,0,0,0,-50000,0,0,0,0,50000,-50000,-50000
061432,世紀鋼元大9A購05,0,0,0,0,0,0,0,0,0,-50000,0,0,0,50000,100000,-50000,-50000
063505,奇力新群益9B購03,0,0,0,0,0,0,0,0,0,-50000,0,0,0,10000,60000,-50000,-50000
063710,光寶科凱基9C購01,0,0,0,0,0,0,0,0,0,-50000,0,0,0,0,50000,-50000,-50000
060698,旺宏國泰9C購01  ,0,0,0,0,0,0,0,0,0,-50000,0,0,0,0,50000,-50000,-50000
065666,旺宏凱基9C購03  ,0,0,0,0,0,0,0,0,0,-50000,0,0,0,0,50000,-50000,-50000
065555,旭富凱基01購02  ,0,0,0,0,0,0,0,0,0,-50000,0,0,0,0,50000,-50000,-50000
065597,旺宏元大01購03  ,0,0,0,0,0,0,0,0,0,-50000,0,0,0,10000,60000,-50000,-50000
065304,台勝科元富03購01,0,0,0,0,0,0,0,0,0,-50000,0,0,0,50000,100000,-50000,-50000
065254,大成鋼元大9C購01,0,0,0,0,0,0,0,0,0,-50000,0,0,0,0,50000,-50000,-50000
06626P,大立光統一9A售01,0,0,0,0,0,0,0,0,0,-50000,0,0,0,20000,70000,-50000,-50000
06616P,國巨元大98售15  ,0,0,0,0,0,0,0,0,0,-50000,0,0,0,0,50000,-50000,-50000
066396,可成凱基01購04  ,0,0,0,0,0,0,0,0,0,-50000,0,0,0,0,50000,-50000,-50000
06587P,國巨元大98售13  ,0,0,0,0,0,0,0,0,0,-50000,0,0,0,0,50000,-50000,-50000
064885,T50反1中信04購01,0,0,0,0,0,0,0,0,0,-50000,0,0,0,0,50000,-50000,-50000
065109,台勝科國票01購01,0,0,0,0,0,0,0,0,0,-50000,0,0,0,0,50000,-50000,-50000
064549,神基凱基9C購01  ,0,0,0,0,0,0,0,0,0,-50000,0,0,0,0,50000,-50000,-50000
064554,儒鴻群益9C購01  ,0,0,0,0,0,0,0,0,0,-50000,0,0,0,0,50000,-50000,-50000
064574,達方群益01購01  ,0,0,0,0,0,0,0,0,0,-50000,0,0,0,30000,80000,-50000,-50000
064665,南亞科元大9C購06,0,0,0,0,0,0,0,0,0,-50000,0,0,0,100000,150000,-50000,-50000
064610,儒鴻元大9C購03  ,0,0,0,0,0,0,0,0,0,-50000,0,0,0,10000,60000,-50000,-50000
064638,儒鴻凱基9C購03  ,0,0,0,0,0,0,0,0,0,-50000,0,0,0,0,50000,-50000,-50000
064372,滬深2X元富9C購10,0,0,0,0,0,0,0,0,0,-50000,0,0,0,0,50000,-50000,-50000
063836,台塑元大9C購01  ,0,0,0,0,0,0,0,0,0,-50000,0,0,0,0,50000,-50000,-50000
3055,蔚華科          ,7000,57000,-50000,0,0,0,0,0,0,0,0,0,0,0,0,0,-50000
08746P,鴻海元富07售06  ,0,0,0,0,0,0,0,0,0,-50000,0,0,0,0,50000,-50000,-50000
08680P,聯發科元大01售10,0,0,0,0,0,0,0,0,0,-50000,0,0,0,0,50000,-50000,-50000
08994P,台灣50群益01售11,0,0,0,0,0,0,0,0,0,-50000,0,0,0,0,50000,-50000,-50000
08950P,臺股指國票01售07,0,0,0,0,0,0,0,0,0,-50000,0,0,0,0,50000,-50000,-50000
08931P,晶技元富07售02  ,0,0,0,0,0,0,0,0,0,-50000,0,0,0,0,50000,-50000,-50000
08345P,大立光元大9C售14,0,0,0,0,0,0,0,0,0,-51000,0,0,0,0,51000,-51000,-51000
067721,義隆凱基01購06  ,0,0,0,0,0,0,0,0,0,-51000,0,0,0,79000,130000,-51000,-51000
067917,冠德永豐01購01  ,0,0,0,0,0,0,0,0,0,-51000,0,0,0,29000,80000,-51000,-51000
066566,康控元大01購01  ,0,0,0,0,0,0,0,0,0,-51000,0,0,0,0,51000,-51000,-51000
067234,正崴群益01購01  ,0,0,0,0,0,0,0,0,0,-51000,0,0,0,0,51000,-51000,-51000
063276,和大元大9B購01  ,0,0,0,0,0,0,0,0,0,-51000,0,0,0,0,51000,-51000,-51000
058405,訊連元大99購02  ,0,0,0,0,0,0,0,0,0,-51000,0,0,0,919000,970000,-51000,-51000
057646,玉山金元大98購01,0,0,0,0,0,0,0,0,0,-51000,0,0,0,0,51000,-51000,-51000
00641R,富邦日本反1     ,0,51000,-51000,0,0,0,0,0,0,0,0,0,0,100000,100000,0,-51000
053221,彩晶凱基98購01  ,0,0,0,0,0,0,0,0,0,-51000,0,0,0,0,51000,-51000,-51000
052755,滬深2X群益9A購01,0,0,0,0,0,0,0,0,0,-51000,0,0,0,0,51000,-51000,-51000
03453B,臺股指元大02熊02,0,0,0,0,0,0,0,0,0,-51000,0,0,0,9000,60000,-51000,-51000
062855,嘉澤永豐9B購02  ,0,0,0,0,0,0,0,0,0,-51000,0,0,0,14000,65000,-51000,-51000
064353,力成元大9C購02  ,0,0,0,0,0,0,0,0,0,-51000,0,0,0,1000,52000,-51000,-51000
064328,華通元大9C購04  ,0,0,0,0,0,0,0,0,0,-51000,0,0,0,28000,79000,-51000,-51000
064645,義隆凱基03購01  ,0,0,0,0,0,0,0,0,0,-51000,0,0,0,54000,105000,-51000,-51000
065126,世芯永豐9C購02  ,20000,0,20000,0,0,0,0,0,0,-71000,0,0,0,260000,331000,-71000,-51000
065271,日月光元大9C購02,0,0,0,0,0,0,0,0,0,-51000,0,0,0,52000,103000,-51000,-51000
065373,聯發科元大01購03,0,0,0,0,0,0,0,0,0,-51000,0,0,0,56000,107000,-51000,-51000
065516,健鼎群益9C購02  ,0,0,0,0,0,0,0,0,0,-51000,0,0,0,0,51000,-51000,-51000
08883P,台積電國票02售02,0,0,0,0,0,0,0,0,0,-51000,0,0,0,24000,75000,-51000,-51000
2109,華豐            ,21000,71000,-50000,0,0,0,0,0,0,-1000,0,1000,-1000,0,0,0,-51000
2365,昆盈            ,19000,67000,-48000,0,0,0,0,0,0,-3000,0,3000,-3000,0,0,0,-51000
3014,聯陽            ,584000,975000,-391000,0,0,0,158000,0,158000,182000,0,8000,-8000,196000,6000,190000,-51000
067388,聯發科元富07購03,0,0,0,0,0,0,0,0,0,-52000,0,0,0,86000,138000,-52000,-52000
066621,川湖凱基01購01  ,0,0,0,0,0,0,0,0,0,-52000,0,0,0,10000,62000,-52000,-52000
06970P,旺宏元大99售08  ,0,0,0,0,0,0,0,0,0,-52000,0,0,0,0,52000,-52000,-52000
08347P,大立光元大9C售16,0,0,0,0,0,0,0,0,0,-52000,0,0,0,44000,96000,-52000,-52000
07797P,大立光國票9A售08,0,0,0,0,0,0,0,0,0,-52000,0,0,0,22000,74000,-52000,-52000
07912P,玉晶光統一9B售02,0,0,0,0,0,0,0,0,0,-52000,0,0,0,1000,53000,-52000,-52000
056719,台虹永豐98購01  ,0,0,0,0,0,0,0,0,0,-52000,0,0,0,5000,57000,-52000,-52000
058105,旺宏統一9A購02  ,0,0,0,0,0,0,0,0,0,-52000,0,0,0,0,52000,-52000,-52000
061907,裕隆中信9B購01  ,0,0,0,0,0,0,0,0,0,-52000,0,0,0,28000,80000,-52000,-52000
060817,華邦電台新9A購01,0,0,0,0,0,0,0,0,0,-52000,0,0,0,197000,249000,-52000,-52000
061327,台郡凱基9A購02  ,0,0,0,0,0,0,0,0,0,-52000,0,0,0,0,52000,-52000,-52000
062314,玉晶光凱基9B購06,0,0,0,0,0,0,0,0,0,-52000,0,0,0,29000,81000,-52000,-52000
065326,華擎凱基02購01  ,0,0,0,0,0,0,0,0,0,-52000,0,0,0,1000,53000,-52000,-52000
065870,正崴群益02購01  ,0,0,0,0,0,0,0,0,0,-52000,0,0,0,2000,54000,-52000,-52000
06602P,國巨統一99售02  ,0,0,0,0,0,0,0,0,0,-52000,0,0,0,0,52000,-52000,-52000
064693,玉晶光群益01購06,0,0,0,0,0,0,0,0,0,-52000,0,0,0,10000,62000,-52000,-52000
064362,友達統一01購02  ,0,0,0,0,0,0,0,0,0,-52000,0,0,0,43000,95000,-52000,-52000
064451,技嘉統一01購02  ,0,0,0,0,0,0,0,0,0,-52000,0,0,0,611000,663000,-52000,-52000
3027,盛達            ,219000,270000,-51000,0,0,0,0,0,0,-1000,0,1000,-1000,0,0,0,-52000
2511,太子            ,190000,236000,-46000,0,0,0,0,0,0,-6000,0,6000,-6000,0,0,0,-52000
1321,大洋            ,26000,77000,-51000,0,0,0,0,0,0,-1000,0,1000,-1000,0,0,0,-52000
3706,神達            ,1047120,1024000,23120,0,0,0,0,0,0,-76000,0,5000,-5000,3000,74000,-71000,-52880
066442,華碩群益01購01  ,0,0,0,0,0,0,0,0,0,-53000,0,0,0,28000,81000,-53000,-53000
066904,台積電凱基02購10,0,0,0,0,0,0,0,0,0,-53000,0,0,0,0,53000,-53000,-53000
067538,晶技群益01購02  ,0,0,0,0,0,0,0,0,0,-53000,0,0,0,5000,58000,-53000,-53000
061914,台光電中信9B購01,0,0,0,0,0,0,0,0,0,-53000,0,0,0,362000,415000,-53000,-53000
057531,禾伸堂元大99購04,0,0,0,0,0,0,0,0,0,-53000,0,0,0,15000,68000,-53000,-53000
056768,宏達電元大99購03,0,0,0,0,0,0,0,0,0,-53000,0,0,0,7000,60000,-53000,-53000
062679,技嘉統一01購01  ,0,0,0,0,0,0,0,0,0,-53000,0,0,0,5000,58000,-53000,-53000
059986,宏達電元大99購08,0,0,0,0,0,0,0,0,0,-53000,0,0,0,16000,69000,-53000,-53000
065120,臺股指富邦9C購03,0,0,0,0,0,0,0,0,0,-53000,0,0,0,8000,61000,-53000,-53000
06638P,鴻海統一99售02  ,0,0,0,0,0,0,0,0,0,-53000,0,0,0,0,53000,-53000,-53000
065717,創意中信9C購02  ,0,0,0,0,0,0,0,0,0,-53000,0,0,0,114000,167000,-53000,-53000
4720,德淵            ,57000,110000,-53000,0,0,0,0,0,0,0,0,0,0,0,0,0,-53000
6582,申豐            ,212000,277000,-65000,0,0,0,0,0,0,12000,43000,28000,15000,74000,77000,-3000,-53000
08754P,臺股指群益01售04,0,0,0,0,0,0,0,0,0,-53000,0,0,0,12000,65000,-53000,-53000
067564,訊芯國票02購01  ,0,0,0,0,0,0,0,0,0,-54000,0,0,0,35000,89000,-54000,-54000
067236,聯發科群益01購06,0,0,0,0,0,0,0,0,0,-54000,0,0,0,49000,103000,-54000,-54000
066972,滬深2X群益03購04,0,0,0,0,0,0,0,0,0,-54000,0,0,0,0,54000,-54000,-54000
066677,台泥兆豐03購01  ,0,0,0,0,0,0,0,0,0,-54000,0,0,0,36000,90000,-54000,-54000
08391P,智邦凱基02售02  ,0,0,0,0,0,0,0,0,0,-54000,0,0,0,0,54000,-54000,-54000
08648P,健策凱基9C售05  ,0,0,0,0,0,0,0,0,0,-54000,0,0,0,16000,70000,-54000,-54000
08495P,同欣電元大9C售08,0,0,0,0,0,0,0,0,0,-54000,0,0,0,0,54000,-54000,-54000
061657,智原國票9A購01  ,0,0,0,0,0,0,0,0,0,-54000,0,0,0,52000,106000,-54000,-54000
061617,微星群益9A購02  ,0,0,0,0,0,0,0,0,0,-54000,0,0,0,2000,56000,-54000,-54000
061363,儒鴻國票9B購01  ,0,0,0,0,0,0,0,0,0,-54000,0,0,0,46000,100000,-54000,-54000
063027,台汽電元大9B購01,0,0,0,0,0,0,0,0,0,-54000,0,0,0,0,54000,-54000,-54000
061005,可成兆豐9A購01  ,0,0,0,0,0,0,0,0,0,-54000,0,0,0,67000,121000,-54000,-54000
065576,泰鼎群益9C購02  ,0,0,0,0,0,0,0,0,0,-54000,0,0,0,17000,71000,-54000,-54000
065135,和大凱基01購01  ,0,0,0,0,0,0,0,0,0,-54000,0,0,0,0,54000,-54000,-54000
08427P,義隆國票9C售01  ,0,0,0,0,0,0,0,0,0,-55000,0,0,0,40000,95000,-55000,-55000
07918P,玉晶光永豐9B售04,0,0,0,0,0,0,0,0,0,-55000,0,0,0,0,55000,-55000,-55000
07059P,華通國票9A售02  ,0,0,0,0,0,0,0,0,0,-55000,0,0,0,0,55000,-55000,-55000
067693,滬深2X中信04購02,0,0,0,0,0,0,0,0,0,-55000,0,0,0,45000,100000,-55000,-55000
066892,台積電兆豐03購01,0,0,0,0,0,0,0,0,0,-55000,0,0,0,432000,487000,-55000,-55000
067671,正崴元大01購01  ,0,0,0,0,0,0,0,0,0,-55000,0,0,0,0,55000,-55000,-55000
054633,臺股指凱基9A購02,0,0,0,0,0,0,0,0,0,-55000,0,0,0,45000,100000,-55000,-55000
056689,玉晶光統一9A購03,0,0,0,0,0,0,0,0,0,-55000,0,0,0,3000,58000,-55000,-55000
055382,台郡元大99購01  ,0,0,0,0,0,0,0,0,0,-55000,0,0,0,2000,57000,-55000,-55000
056317,華通群益99購02  ,0,0,0,0,0,0,0,0,0,-55000,0,0,0,0,55000,-55000,-55000
063323,同欣電群益9B購03,0,0,0,0,0,0,0,0,0,-55000,0,0,0,10000,65000,-55000,-55000
058150,中502X統一9B購01,0,0,0,0,0,0,0,0,0,-55000,0,0,0,0,55000,-55000,-55000
063104,大立光群益9C購02,0,0,0,0,0,0,0,0,0,-55000,0,0,0,28000,83000,-55000,-55000
061271,聯茂凱基9A購04  ,0,0,0,0,0,0,0,0,0,-55000,0,0,0,5000,60000,-55000,-55000
062717,華邦電凱基9C購01,0,0,0,0,0,0,0,0,0,-55000,0,0,0,20000,75000,-55000,-55000
061443,大立光統一9C購02,0,0,0,0,0,0,0,0,0,-55000,0,0,0,0,55000,-55000,-55000
063408,茂林國票9C購02  ,0,0,0,0,0,0,0,0,0,-55000,0,0,0,70000,125000,-55000,-55000
063999,日月光兆豐9C購01,0,0,0,0,0,0,0,0,0,-55000,0,0,0,5000,60000,-55000,-55000
065747,華通元大9C購07  ,0,0,0,0,0,0,0,0,0,-55000,0,0,0,30000,85000,-55000,-55000
066350,達麗永豐01購01  ,0,0,0,0,0,0,0,0,0,-55000,0,0,0,0,55000,-55000,-55000
066255,英利元大01購01  ,0,0,0,0,0,0,0,0,0,-55000,0,0,0,0,55000,-55000,-55000
08975P,欣興群益01售05  ,0,0,0,0,0,0,0,0,0,-55000,0,0,0,5000,60000,-55000,-55000
066910,華擎凱基01購03  ,0,0,0,0,0,0,0,0,0,-56000,0,0,0,139000,195000,-56000,-56000
067763,鈺齊永豐01購01  ,0,0,0,0,0,0,0,0,0,-56000,0,0,0,101000,157000,-56000,-56000
058946,SGBR2X群益9B購01,0,0,0,0,0,0,0,0,0,-56000,0,0,0,85000,141000,-56000,-56000
058982,台積電凱基99購08,0,0,0,0,0,0,0,0,0,-56000,0,0,0,0,56000,-56000,-56000
059480,美律群益9A購01  ,0,0,0,0,0,0,0,0,0,-56000,0,0,0,26000,82000,-56000,-56000
055786,彩晶凱基99購02  ,0,0,0,0,0,0,0,0,0,-56000,0,0,0,0,56000,-56000,-56000
062642,帆宣國票9B購01  ,0,0,0,0,0,0,0,0,0,-56000,0,0,0,0,56000,-56000,-56000
063139,聯發科統一9B購07,0,0,0,0,0,0,0,0,0,-56000,0,0,0,140000,196000,-56000,-56000
065222,玉晶光永豐9C購07,0,0,0,0,0,0,0,0,0,-56000,0,0,0,3000,59000,-56000,-56000
063997,泰鼎群益9C購01  ,0,0,0,0,0,0,0,0,0,-56000,0,0,0,51000,107000,-56000,-56000
063867,全新永豐9C購01  ,0,0,0,0,0,0,0,0,0,-56000,0,0,0,0,56000,-56000,-56000
064176,京元電國泰01購01,0,0,0,0,0,0,0,0,0,-56000,0,0,0,97000,153000,-56000,-56000
08670P,健策統一01售01  ,0,0,0,0,0,0,0,0,0,-56000,0,0,0,6000,62000,-56000,-56000
8028,昇陽半導體      ,90000,126000,-36000,0,0,0,0,0,0,-20000,0,2000,-2000,0,18000,-18000,-56000
5305,敦南            ,16000,70000,-54000,0,0,0,0,0,0,-2000,0,2000,-2000,0,0,0,-56000
6024,群益期          ,22000,78000,-56000,0,0,0,0,0,0,0,0,0,0,0,0,0,-56000
2466,冠西電          ,4000,59000,-55000,0,0,0,0,0,0,-1000,0,1000,-1000,0,0,0,-56000
07580P,緯穎元大9A售03  ,0,0,0,0,0,0,0,0,0,-57000,0,0,0,0,57000,-57000,-57000
08287P,茂林凱基9C售02  ,0,0,0,0,0,0,0,0,0,-57000,0,0,0,90000,147000,-57000,-57000
066598,致新群益02購01  ,0,0,0,0,0,0,0,0,0,-57000,0,0,0,5000,62000,-57000,-57000
067184,聯發科凱基01購13,0,0,0,0,0,0,0,0,0,-57000,0,0,0,73000,130000,-57000,-57000
03451B,臺股指凱基9C熊23,0,0,0,0,0,0,0,0,0,-57000,0,0,0,1032000,1089000,-57000,-57000
052475,滬深2X群益99購06,0,0,0,0,0,0,0,0,0,-57000,0,0,0,0,57000,-57000,-57000
063231,台泥元大9B購01  ,0,0,0,0,0,0,0,0,0,-57000,0,0,0,25000,82000,-57000,-57000
062547,玉晶光永豐9B購05,0,0,0,0,0,0,0,0,0,-57000,0,0,0,102000,159000,-57000,-57000
062924,世紀鋼元大9C購04,0,0,0,0,0,0,0,0,0,-57000,0,0,0,155000,212000,-57000,-57000
061138,晶技統一9C購01  ,0,0,0,0,0,0,0,0,0,-57000,0,0,0,8000,65000,-57000,-57000
063545,華通兆豐9B購03  ,0,0,0,0,0,0,0,0,0,-57000,0,0,0,8000,65000,-57000,-57000
060628,和大富邦9B購01  ,0,0,0,0,0,0,0,0,0,-57000,0,0,0,40000,97000,-57000,-57000
065568,台積電群益01購04,0,0,0,0,0,0,0,0,0,-57000,0,0,0,6000,63000,-57000,-57000
066408,致新凱基01購02  ,0,0,0,0,0,0,0,0,0,-57000,0,0,0,46000,103000,-57000,-57000
2906,高林            ,111000,168000,-57000,0,0,0,0,0,0,0,0,0,0,0,0,0,-57000
1340,勝悅-KY         ,2000,56000,-54000,0,0,0,0,0,0,-3000,0,3000,-3000,0,0,0,-57000
066457,可成統一02購01  ,0,0,0,0,0,0,0,0,0,-58000,0,0,0,0,58000,-58000,-58000
066517,智伸科永豐01購01,0,0,0,0,0,0,0,0,0,-58000,0,0,0,12000,70000,-58000,-58000
08492P,大立光元大9C售22,0,0,0,0,0,0,0,0,0,-58000,0,0,0,0,58000,-58000,-58000
08616P,聯發科元富9C售02,0,0,0,0,0,0,0,0,0,-58000,0,0,0,60000,118000,-58000,-58000
06939P,國巨永豐98售09  ,0,0,0,0,0,0,0,0,0,-58000,0,0,0,0,58000,-58000,-58000
057506,聯鈞國票99購02  ,0,0,0,0,0,0,0,0,0,-58000,0,0,0,26000,84000,-58000,-58000
03007P,玉晶光永豐01售01,0,0,0,0,0,0,0,0,0,-58000,0,0,0,50000,108000,-58000,-58000
060157,致茂永豐9A購02  ,0,0,0,0,0,0,0,0,0,-58000,0,0,0,213000,271000,-58000,-58000
063529,聯茂凱基9B購02  ,0,0,0,0,0,0,0,0,0,-58000,0,0,0,3000,61000,-58000,-58000
063591,麗豐永豐9B購02  ,0,0,0,0,0,0,0,0,0,-58000,0,0,0,0,58000,-58000,-58000
061547,禾伸堂群益9A購01,0,0,0,0,0,0,0,0,0,-58000,0,0,0,99000,157000,-58000,-58000
060561,台積電富邦04購01,0,0,0,0,0,0,0,0,0,-58000,0,0,0,50000,108000,-58000,-58000
060717,康控永豐9A購01  ,0,0,0,0,0,0,0,0,0,-58000,0,0,0,21000,79000,-58000,-58000
066325,可成永豐01購01  ,0,0,0,0,0,0,0,0,0,-58000,0,0,0,3000,61000,-58000,-58000
066184,鎧勝凱基01購01  ,0,0,0,0,0,0,0,0,0,-58000,0,0,0,397000,455000,-58000,-58000
065550,聯發科凱基01購07,0,0,0,0,0,0,0,0,0,-58000,0,0,0,215000,273000,-58000,-58000
08940P,聯發科第一01售01,0,0,0,0,0,0,0,0,0,-58000,0,0,0,0,58000,-58000,-58000
067868,欣興元大01購07  ,0,0,0,0,0,0,0,0,0,-59000,0,0,0,133000,192000,-59000,-59000
08543P,世芯國票01售02  ,0,0,0,0,0,0,0,0,0,-59000,0,0,0,249000,308000,-59000,-59000
08336P,聯發科中信9C售05,0,0,0,0,0,0,0,0,0,-59000,0,0,0,1000,60000,-59000,-59000
08359P,緯創元大9C售02  ,0,0,0,0,0,0,0,0,0,-59000,0,0,0,10000,69000,-59000,-59000
066763,創意永豐01購02  ,0,0,0,0,0,0,0,0,0,-59000,0,0,0,12000,71000,-59000,-59000
067648,國巨元富07購09  ,0,0,0,0,0,0,0,0,0,-59000,0,0,0,0,59000,-59000,-59000
00700,富邦恒生國企    ,0,0,0,0,0,0,0,0,0,-59000,0,0,0,51000,110000,-59000,-59000
062739,嘉晶國票9B購02  ,0,0,0,0,0,0,0,0,0,-59000,0,0,0,134000,193000,-59000,-59000
061594,玉晶光永豐9A購08,0,0,0,0,0,0,0,0,0,-59000,0,0,0,16000,75000,-59000,-59000
063222,群創群益9B購03  ,0,0,0,0,0,0,0,0,0,-59000,0,0,0,12000,71000,-59000,-59000
062100,矽格永豐9B購01  ,0,0,0,0,0,0,0,0,0,-59000,0,0,0,212000,271000,-59000,-59000
063826,中興電國票01購01,0,0,0,0,0,0,0,0,0,-59000,0,0,0,262000,321000,-59000,-59000
060662,旺宏凱基9A購03  ,0,0,0,0,0,0,0,0,0,-59000,0,0,0,0,59000,-59000,-59000
064216,矽格凱基01購01  ,0,0,0,0,0,0,0,0,0,-59000,0,0,0,149000,208000,-59000,-59000
064787,和潤群益9C購01  ,0,0,0,0,0,0,0,0,0,-59000,0,0,0,0,59000,-59000,-59000
064532,聯茂兆豐01購01  ,0,0,0,0,0,0,0,0,0,-59000,0,0,0,15000,74000,-59000,-59000
1319,東陽            ,37000,94000,-57000,0,0,0,0,0,0,-2000,0,2000,-2000,0,0,0,-59000
1455,集盛            ,24000,71000,-47000,0,0,0,0,0,0,-12000,0,12000,-12000,0,0,0,-59000
3557,嘉威            ,40000,99000,-59000,0,0,0,0,0,0,0,0,0,0,0,0,0,-59000
067667,台積電元大02購05,0,0,0,0,0,0,0,0,0,-60000,0,0,0,151000,211000,-60000,-60000
067642,貿聯統一01購03  ,0,0,0,0,0,0,0,0,0,-60000,0,0,0,35000,95000,-60000,-60000
066777,群創富邦01購01  ,0,0,0,0,0,0,0,0,0,-60000,0,0,0,0,60000,-60000,-60000
066962,致新元大01購02  ,0,0,0,0,0,0,0,0,0,-60000,0,0,0,0,60000,-60000,-60000
08567P,台勝科群益9C售01,0,0,0,0,0,0,0,0,0,-60000,0,0,0,0,60000,-60000,-60000
08192P,大毅國票9B售05  ,0,0,0,0,0,0,0,0,0,-60000,0,0,0,100000,160000,-60000,-60000
08180P,聯發科國泰01售05,0,0,0,0,0,0,0,0,0,-60000,0,0,0,40000,100000,-60000,-60000
08173P,金像電凱基9B售02,0,0,0,0,0,0,0,0,0,-60000,0,0,0,10000,70000,-60000,-60000
08026P,臺股指凱基9B售12,0,0,0,0,0,0,0,0,0,-60000,0,0,0,30000,90000,-60000,-60000
068049,玉晶光統一01購13,0,0,0,0,0,0,0,0,0,-60000,0,0,0,0,60000,-60000,-60000
067798,GIS中信03購01   ,0,0,0,0,0,0,0,0,0,-60000,0,0,0,10000,70000,-60000,-60000
07103P,南電元大99售04  ,0,0,0,0,0,0,0,0,0,-60000,0,0,0,0,60000,-60000,-60000
07546P,玉晶光凱基9A售09,0,0,0,0,0,0,0,0,0,-60000,0,0,0,0,60000,-60000,-60000
07673P,電子類元大9A售01,0,0,0,0,0,0,0,0,0,-60000,0,0,0,0,60000,-60000,-60000
053316,友達群益9A購01  ,0,0,0,0,0,0,0,0,0,-60000,0,0,0,10000,70000,-60000,-60000
057228,友達凱基9B購01  ,0,0,0,0,0,0,0,0,0,-60000,0,0,0,0,60000,-60000,-60000
054791,泰碩群益99購02  ,0,0,0,0,0,0,0,0,0,-60000,0,0,0,0,60000,-60000,-60000
054758,南亞國票9A購01  ,0,0,0,0,0,0,0,0,0,-60000,0,0,0,0,60000,-60000,-60000
063229,台表科群益9B購04,0,0,0,0,0,0,0,0,0,-60000,0,0,0,11000,71000,-60000,-60000
058278,FBVIX中信03購02 ,0,0,0,0,0,0,0,0,0,-60000,0,0,0,0,60000,-60000,-60000
058463,宏達電兆豐99購02,0,0,0,0,0,0,0,0,0,-60000,0,0,0,0,60000,-60000,-60000
060204,矽創元富9A購01  ,0,0,0,0,0,0,0,0,0,-60000,0,0,0,0,60000,-60000,-60000
060334,群光康和9A購01  ,0,0,0,0,0,0,0,0,0,-60000,0,0,0,0,60000,-60000,-60000
063824,S&P反1國票9C購01,0,0,0,0,0,0,0,0,0,-60000,0,0,0,0,60000,-60000,-60000
061177,大立光凱基9A購10,0,0,0,0,0,0,0,0,0,-60000,0,0,0,35000,95000,-60000,-60000
060900,超眾凱基9B購01  ,0,0,0,0,0,0,0,0,0,-60000,0,0,0,0,60000,-60000,-60000
062135,國巨群益9B購05  ,0,0,0,0,0,0,0,0,0,-60000,0,0,0,0,60000,-60000,-60000
064764,聯茂凱基01購01  ,0,0,0,0,0,0,0,0,0,-60000,0,0,0,10000,70000,-60000,-60000
065100,聯茂元大9C購04  ,0,0,0,0,0,0,0,0,0,-60000,0,0,0,156000,216000,-60000,-60000
064880,神達兆豐9C購01  ,0,0,0,0,0,0,0,0,0,-60000,0,0,0,0,60000,-60000,-60000
064211,友達凱基02購01  ,0,0,0,0,0,0,0,0,0,-60000,0,0,0,52000,112000,-60000,-60000
064458,玉晶光統一01購09,0,0,0,0,0,0,0,0,0,-60000,0,0,0,0,60000,-60000,-60000
063832,矽創國票01購01  ,0,0,0,0,0,0,0,0,0,-60000,0,0,0,0,60000,-60000,-60000
065640,聯電元大01購02  ,0,0,0,0,0,0,0,0,0,-60000,0,0,0,71000,131000,-60000,-60000
065229,友達凱基02購03  ,0,0,0,0,0,0,0,0,0,-60000,0,0,0,50000,110000,-60000,-60000
065339,旺宏統一01購08  ,0,0,0,0,0,0,0,0,0,-60000,0,0,0,0,60000,-60000,-60000
065431,大立光凱基02購02,0,0,0,0,0,0,0,0,0,-60000,0,0,0,405000,465000,-60000,-60000
066259,聯強元大01購01  ,0,0,0,0,0,0,0,0,0,-60000,0,0,0,0,60000,-60000,-60000
065997,元黃金國票03購01,0,0,0,0,0,0,0,0,0,-60000,0,0,0,0,60000,-60000,-60000
1808,潤隆            ,74000,134000,-60000,0,0,0,0,0,0,0,0,0,0,0,0,0,-60000
08972P,義隆永豐01售02  ,0,0,0,0,0,0,0,0,0,-60000,0,0,0,0,60000,-60000,-60000
08893P,京元電元大01售06,0,0,0,0,0,0,0,0,0,-60000,0,0,0,0,60000,-60000,-60000
08674P,嘉晶元富07售02  ,0,0,0,0,0,0,0,0,0,-60000,0,0,0,0,60000,-60000,-60000
08779P,旺宏群益01售04  ,0,0,0,0,0,0,0,0,0,-60000,0,0,0,0,60000,-60000,-60000
08812P,聯發科群益01售01,0,0,0,0,0,0,0,0,0,-60000,0,0,0,0,60000,-60000,-60000
08850P,台光電群益01售03,0,0,0,0,0,0,0,0,0,-60000,0,0,0,0,60000,-60000,-60000
6409,旭隼            ,91200,152350,-61150,0,0,0,0,0,0,1000,2000,1000,1000,0,0,0,-60150
2101,南港            ,267000,371384,-104384,0,0,0,0,0,0,44000,0,7000,-7000,65000,14000,51000,-60384
08004P,大毅永豐9B售02  ,0,0,0,0,0,0,0,0,0,-61000,0,0,0,0,61000,-61000,-61000
07996P,亞德客凱基9B售03,0,0,0,0,0,0,0,0,0,-61000,0,0,0,0,61000,-61000,-61000
066526,創意統一05購01  ,0,0,0,0,0,0,0,0,0,-61000,0,0,0,4000,65000,-61000,-61000
067067,國巨元大01購08  ,0,0,0,0,0,0,0,0,0,-61000,0,0,0,85000,146000,-61000,-61000
063265,瑞祺永豐9B購01  ,0,0,0,0,0,0,0,0,0,-61000,0,0,0,15000,76000,-61000,-61000
058687,聯茂凱基9A購01  ,0,0,0,0,0,0,0,0,0,-61000,0,0,0,32000,93000,-61000,-61000
063359,泰鼎國泰01購01  ,0,0,0,0,0,0,0,0,0,-61000,0,0,0,128000,189000,-61000,-61000
061304,創意永豐9A購02  ,0,0,0,0,0,0,0,0,0,-61000,0,0,0,90000,151000,-61000,-61000
066288,晶碩元大01購01  ,0,0,0,0,0,0,0,0,0,-61000,0,0,0,11000,72000,-61000,-61000
063934,寶成統一02購01  ,0,0,0,0,0,0,0,0,0,-61000,0,0,0,107000,168000,-61000,-61000
08833P,緯穎群益01售03  ,0,0,0,0,0,0,0,0,0,-61000,0,0,0,0,61000,-61000,-61000
1215,卜蜂            ,44000,102000,-58000,0,0,0,0,0,0,-3000,0,0,0,0,3000,-3000,-61000
6668,中揚光          ,73000,145000,-72000,0,0,0,0,0,0,11000,13000,2000,11000,0,0,0,-61000
3006,晶豪科          ,420000,373000,47000,0,0,0,0,0,0,-108000,6000,1000,5000,24000,137000,-113000,-61000
067398,欣興永豐01購04  ,0,0,0,0,0,0,0,0,0,-62000,0,0,0,129000,191000,-62000,-62000
066571,矽格元大01購02  ,0,0,0,0,0,0,0,0,0,-62000,0,0,0,419000,481000,-62000,-62000
066858,聯鈞國票02購01  ,0,0,0,0,0,0,0,0,0,-62000,0,0,0,0,62000,-62000,-62000
08148P,長榮航群益9B售03,0,0,0,0,0,0,0,0,0,-62000,0,0,0,0,62000,-62000,-62000
08544P,和碩國票01售02  ,0,0,0,0,0,0,0,0,0,-62000,0,0,0,20000,82000,-62000,-62000
059009,世紀鋼元大99購04,0,0,0,0,0,0,0,0,0,-62000,0,0,0,42000,104000,-62000,-62000
058798,大立光元大99購11,0,0,0,0,0,0,0,0,0,-62000,0,0,0,15000,77000,-62000,-62000
053328,滬深2X永豐99購01,0,0,0,0,0,0,0,0,0,-62000,0,0,0,0,62000,-62000,-62000
056650,彩晶凱基9A購01  ,0,0,0,0,0,0,0,0,0,-62000,0,0,0,33000,95000,-62000,-62000
064289,台郡元大9C購01  ,0,0,0,0,0,0,0,0,0,-62000,0,0,0,18000,80000,-62000,-62000
065161,矽格群益9C購01  ,0,0,0,0,0,0,0,0,0,-62000,0,0,0,64000,126000,-62000,-62000
6541,泰福-KY         ,16000,78000,-62000,0,0,0,0,0,0,0,0,0,0,0,0,0,-62000
2231,為升            ,40000,65000,-25000,0,0,0,0,0,0,-37000,0,26000,-26000,0,11000,-11000,-62000
08260P,大立光元大9C售08,0,0,0,0,0,0,0,0,0,-63000,0,0,0,0,63000,-63000,-63000
067452,台勝科國票02購02,0,0,0,0,0,0,0,0,0,-63000,0,0,0,52000,115000,-63000,-63000
056518,美律國票99購01  ,0,0,0,0,0,0,0,0,0,-63000,0,0,0,70000,133000,-63000,-63000
063280,燿華元大9B購05  ,0,0,0,0,0,0,0,0,0,-63000,0,0,0,37000,100000,-63000,-63000
061294,奇力新麥證9A購01,0,0,0,47000,110000,-63000,0,0,0,-63000,0,0,0,47000,110000,-63000,-63000
062769,臺股指凱基9B購13,0,0,0,0,0,0,0,0,0,-63000,0,0,0,0,63000,-63000,-63000
063130,聯茂元大9B購02  ,0,0,0,0,0,0,0,0,0,-63000,0,0,0,67000,130000,-63000,-63000
066034,南六群益02購02  ,0,0,0,0,0,0,0,0,0,-63000,0,0,0,0,63000,-63000,-63000
065196,技嘉元富06購01  ,0,0,0,0,0,0,0,0,0,-63000,0,0,0,25000,88000,-63000,-63000
067385,申豐統一02購04  ,0,0,0,0,0,0,0,0,0,-64000,0,0,0,15000,79000,-64000,-64000
066859,華擎國票02購01  ,0,0,0,0,0,0,0,0,0,-64000,0,0,0,16000,80000,-64000,-64000
066813,亞德客兆豐01購01,0,0,0,0,0,0,0,0,0,-64000,0,0,0,491000,555000,-64000,-64000
08231P,上銀元富9B售10  ,0,0,0,0,0,0,0,0,0,-64000,0,0,0,40000,104000,-64000,-64000
08298P,大立光國票9C售01,0,0,0,0,0,0,0,0,0,-64000,0,0,0,0,64000,-64000,-64000
07051P,大立光中信99售02,0,0,0,0,0,0,0,0,0,-64000,0,0,0,41000,105000,-64000,-64000
058019,美律凱基99購04  ,0,0,0,0,0,0,0,0,0,-64000,0,0,0,44000,108000,-64000,-64000
058852,貿聯群益99購04  ,0,0,0,0,0,0,0,0,0,-64000,0,0,0,0,64000,-64000,-64000
058588,致茂中信9B購01  ,0,0,0,0,0,0,0,0,0,-64000,0,0,0,156000,220000,-64000,-64000
059452,全新永豐99購03  ,0,0,0,0,0,0,0,0,0,-64000,0,0,0,0,64000,-64000,-64000
063639,華擎元大9C購03  ,0,0,0,0,0,0,0,0,0,-64000,0,0,0,60000,124000,-64000,-64000
063980,智易兆豐9C購02  ,0,0,0,0,0,0,0,0,0,-64000,0,0,0,129000,193000,-64000,-64000
064005,義隆凱基01購01  ,0,0,0,0,0,0,0,0,0,-64000,0,0,0,87000,151000,-64000,-64000
063915,祥碩凱基01購01  ,0,0,0,0,0,0,0,0,0,-64000,0,0,0,59000,123000,-64000,-64000
08864P,欣興元大01售01  ,0,0,0,0,0,0,0,0,0,-64000,0,0,0,22000,86000,-64000,-64000
067192,矽格凱基01購03  ,0,0,0,0,0,0,0,0,0,-65000,0,0,0,219000,284000,-65000,-65000
057740,茂林富邦9A購01  ,0,0,0,0,0,0,0,0,0,-65000,0,0,0,0,65000,-65000,-65000
061943,上銀群益9B購02  ,0,0,0,0,0,0,0,0,0,-65000,0,0,0,46000,111000,-65000,-65000
063399,智原群益9B購01  ,0,0,0,0,0,0,0,0,0,-65000,0,0,0,65000,130000,-65000,-65000
060386,台勝科凱基9B購01,0,0,0,0,0,0,0,0,0,-65000,0,0,0,0,65000,-65000,-65000
060705,台光電富邦9B購01,0,0,0,0,0,0,0,0,0,-65000,0,0,0,20000,85000,-65000,-65000
061713,華邦電凱基9A購01,0,0,0,0,0,0,0,0,0,-65000,0,0,0,10000,75000,-65000,-65000
060919,滬深2X富邦9B購01,0,0,0,0,0,0,0,0,0,-65000,0,0,0,0,65000,-65000,-65000
064138,亞德客統一01購02,0,0,0,0,0,0,0,0,0,-65000,0,0,0,0,65000,-65000,-65000
064278,高鐵元大9C購02  ,0,0,0,0,0,0,0,0,0,-65000,0,0,0,5000,70000,-65000,-65000
064791,友達國票9C購01  ,0,0,0,0,0,0,0,0,0,-65000,0,0,0,0,65000,-65000,-65000
065526,台表科群益9C購03,0,0,0,0,0,0,0,0,0,-65000,0,0,0,156000,221000,-65000,-65000
4141,龍燈-KY         ,14000,79000,-65000,0,0,0,0,0,0,0,0,0,0,0,0,0,-65000
9946,三發地產        ,6000,71000,-65000,0,0,0,0,0,0,0,0,0,0,0,0,0,-65000
066861,致新國票02購01  ,0,0,0,0,0,0,0,0,0,-66000,0,0,0,45000,111000,-66000,-66000
067823,台表科凱基01購02,0,0,0,0,0,0,0,0,0,-66000,0,0,0,0,66000,-66000,-66000
08522P,智邦元大9C售08  ,0,0,0,0,0,0,0,0,0,-66000,0,0,0,0,66000,-66000,-66000
08139P,華新科元大9B售12,0,0,0,0,0,0,0,0,0,-66000,0,0,0,0,66000,-66000,-66000
058210,臺股指凱基9C購04,0,0,0,0,0,0,0,0,0,-66000,0,0,0,0,66000,-66000,-66000
057110,立積群益98購01  ,0,0,0,0,0,0,0,0,0,-66000,0,0,0,159000,225000,-66000,-66000
062183,奇鋐元大9B購01  ,0,0,0,0,0,0,0,0,0,-66000,0,0,0,85000,151000,-66000,-66000
063723,儒鴻元大9B購04  ,0,0,0,0,0,0,0,0,0,-66000,0,0,0,10000,76000,-66000,-66000
065600,友達元大9C購11  ,0,0,0,0,0,0,0,0,0,-66000,0,0,0,50000,116000,-66000,-66000
065864,光寶科群益9C購01,0,0,0,0,0,0,0,0,0,-66000,0,0,0,0,66000,-66000,-66000
065099,聯茂元大9C購03  ,0,0,0,0,0,0,0,0,0,-66000,0,0,0,50000,116000,-66000,-66000
4912,聯德控股-KY     ,70000,137000,-67000,0,0,0,0,0,0,1000,1000,0,1000,0,0,0,-66000
2030,彰源            ,1000,67000,-66000,0,0,0,0,0,0,0,0,0,0,0,0,0,-66000
08196P,上銀元大9B售07  ,0,0,0,0,0,0,0,0,0,-67000,0,0,0,0,67000,-67000,-67000
066641,台郡凱基03購01  ,0,0,0,0,0,0,0,0,0,-67000,0,0,0,52000,119000,-67000,-67000
054479,緯創中信98購01  ,0,0,0,0,0,0,0,0,0,-67000,0,0,0,10000,77000,-67000,-67000
058584,百和群益9A購01  ,0,0,0,0,0,0,0,0,0,-67000,0,0,0,87000,154000,-67000,-67000
058010,帆宣國票98購01  ,0,0,0,0,0,0,0,0,0,-67000,0,0,0,0,67000,-67000,-67000
061817,高鐵群益9B購01  ,0,0,0,0,0,0,0,0,0,-67000,0,0,0,0,67000,-67000,-67000
062266,世紀鋼元大9B購02,0,0,0,0,0,0,0,0,0,-67000,0,0,0,221000,288000,-67000,-67000
063072,裕隆永豐9B購01  ,0,0,0,0,0,0,0,0,0,-67000,0,0,0,68000,135000,-67000,-67000
064810,嘉晶元大01購01  ,0,0,0,0,0,0,0,0,0,-67000,0,0,0,101000,168000,-67000,-67000
063976,正崴兆豐9C購01  ,0,0,0,0,0,0,0,0,0,-67000,0,0,0,4000,71000,-67000,-67000
063972,緯創國票9C購01  ,0,0,0,0,0,0,0,0,0,-67000,0,0,0,15000,82000,-67000,-67000
08727P,健策群益01售07  ,0,0,0,0,0,0,0,0,0,-67000,0,0,0,40000,107000,-67000,-67000
3038,全台            ,155000,346000,-191000,0,0,0,0,0,0,124000,127000,3000,124000,0,0,0,-67000
066650,宏達電康和01購01,0,0,0,0,0,0,0,0,0,-68000,0,0,0,35000,103000,-68000,-68000
067079,聯鈞元大02購01  ,0,0,0,0,0,0,0,0,0,-68000,0,0,0,132000,200000,-68000,-68000
067478,興勤元大01購01  ,0,20000,-20000,0,0,0,0,0,0,-48000,0,0,0,178000,226000,-48000,-68000
067587,欣興群益01購03  ,0,0,0,0,0,0,0,0,0,-68000,0,0,0,49000,117000,-68000,-68000
07917P,可成永豐9B售01  ,0,0,0,0,0,0,0,0,0,-68000,0,0,0,0,68000,-68000,-68000
08489P,臺股指群益9C售20,0,0,0,0,0,0,0,0,0,-68000,0,0,0,0,68000,-68000,-68000
08611P,聯發科凱基01售08,0,0,0,0,0,0,0,0,0,-68000,0,0,0,208000,276000,-68000,-68000
068003,玉晶光元大01購12,0,0,0,0,0,0,0,0,0,-68000,0,0,0,0,68000,-68000,-68000
063353,上銀元富9B購03  ,0,0,0,0,0,0,0,0,0,-68000,0,0,0,153000,221000,-68000,-68000
062367,禾伸堂元大9B購02,0,0,0,0,0,0,0,0,0,-68000,0,0,0,0,68000,-68000,-68000
062461,智伸科群益9B購01,0,0,0,0,0,0,0,0,0,-68000,0,0,0,0,68000,-68000,-68000
060799,茂林永豐9A購01  ,0,0,0,0,0,0,0,0,0,-68000,0,0,0,0,68000,-68000,-68000
060601,技嘉凱基9A購02  ,0,0,0,0,0,0,0,0,0,-68000,0,0,0,24000,92000,-68000,-68000
062956,同欣電永豐9B購02,0,0,0,0,0,0,0,0,0,-68000,0,0,0,0,68000,-68000,-68000
059951,台塑康和99購01  ,0,0,0,0,0,0,0,0,0,-68000,0,0,0,0,68000,-68000,-68000
060686,康友元大9A購02  ,0,0,0,0,0,0,0,0,0,-68000,0,0,0,32000,100000,-68000,-68000
064195,晶豪科群益9C購01,0,0,0,0,0,0,0,0,0,-68000,0,0,0,25000,93000,-68000,-68000
064085,儒鴻凱基9C購02  ,0,0,0,0,0,0,0,0,0,-68000,0,0,0,10000,78000,-68000,-68000
064067,美律永豐9C購01  ,0,0,0,0,0,0,0,0,0,-68000,0,0,0,175000,243000,-68000,-68000
064591,臻鼎永豐9C購01  ,0,0,0,0,0,0,0,0,0,-68000,0,0,0,0,68000,-68000,-68000
065063,玉晶光群益02購04,0,0,0,0,0,0,0,0,0,-68000,0,0,0,5000,73000,-68000,-68000
066037,華通元大01購03  ,0,0,0,0,0,0,0,0,0,-68000,0,0,0,116000,184000,-68000,-68000
066397,智原凱基01購01  ,0,0,0,0,0,0,0,0,0,-68000,0,0,0,98000,166000,-68000,-68000
065652,超眾元大01購02  ,0,0,0,0,0,0,0,0,0,-68000,0,0,0,0,68000,-68000,-68000
065687,華通元富9C購03  ,0,0,0,0,0,0,0,0,0,-68000,0,0,0,476000,544000,-68000,-68000
065314,矽創國票01購02  ,0,0,0,0,0,0,0,0,0,-68000,0,0,0,20000,88000,-68000,-68000
065447,緯創統一02購02  ,0,0,0,0,0,0,0,0,0,-68000,0,0,0,102000,170000,-68000,-68000
6573,虹揚-KY         ,25000,27000,-2000,0,0,0,0,0,0,-66000,0,66000,-66000,0,0,0,-68000
08763P,健策永豐01售02  ,0,0,0,0,0,0,0,0,0,-68000,0,0,0,104000,172000,-68000,-68000
2328,廣宇            ,222000,283000,-61000,0,0,0,0,0,0,-7000,0,7000,-7000,0,0,0,-68000
08405P,聯發科元大9C售11,0,0,0,0,0,0,0,0,0,-69000,0,0,0,234000,303000,-69000,-69000
066434,台虹元大01購01  ,0,0,0,0,0,0,0,0,0,-69000,0,0,0,250000,319000,-69000,-69000
060470,台勝科元大9A購03,0,0,0,0,0,0,0,0,0,-69000,0,0,0,0,69000,-69000,-69000
059348,日月光凱基99購01,0,0,0,0,0,0,0,0,0,-69000,0,0,0,0,69000,-69000,-69000
059950,百和永豐99購02  ,0,0,0,0,0,0,0,0,0,-69000,0,0,0,175000,244000,-69000,-69000
066069,英業達凱基02購01,0,0,0,0,0,0,0,0,0,-69000,0,0,0,30000,99000,-69000,-69000
064157,健鼎統一01購02  ,0,0,0,0,0,0,0,0,0,-69000,0,0,0,230000,299000,-69000,-69000
1711,永光            ,196000,232000,-36000,0,0,0,0,0,0,-33000,0,3000,-3000,0,30000,-30000,-69000
08687P,南六永豐01售02  ,0,0,0,0,0,0,0,0,0,-69000,0,0,0,3000,72000,-69000,-69000
067543,臻鼎群益01購01  ,0,0,0,0,0,0,0,0,0,-70000,0,0,0,15000,85000,-70000,-70000
08569P,玉晶光永豐9C售09,0,0,0,0,0,0,0,0,0,-70000,0,0,0,5000,75000,-70000,-70000
07756P,台灣50國票04售01,0,0,0,0,0,0,0,0,0,-70000,0,0,0,0,70000,-70000,-70000
08233P,國泰金元富9B售01,0,0,0,0,0,0,0,0,0,-70000,0,0,0,24000,94000,-70000,-70000
08161P,台表科元富9B售02,0,0,0,0,0,0,0,0,0,-70000,0,0,0,0,70000,-70000,-70000
08061P,大毅國票9B售04  ,0,0,0,0,0,0,0,0,0,-70000,0,0,0,2000,72000,-70000,-70000
08062P,華擎國票9B售03  ,0,0,0,0,0,0,0,0,0,-70000,0,0,0,0,70000,-70000,-70000
07084P,S&P正2元富9B售02,0,0,0,0,0,0,0,0,0,-70000,0,0,0,0,70000,-70000,-70000
058631,鈺齊國票9A購01  ,0,0,0,0,0,0,0,0,0,-70000,0,0,0,0,70000,-70000,-70000
057784,台積電國票9B購01,0,0,0,0,0,0,0,0,0,-70000,0,0,0,0,70000,-70000,-70000
058521,日月光元大99購01,0,0,0,0,0,0,0,0,0,-70000,0,0,0,0,70000,-70000,-70000
057667,可成元大99購01  ,0,0,0,0,0,0,0,0,0,-70000,0,0,0,10000,80000,-70000,-70000
063198,仁寶統一01購02  ,0,0,0,0,0,0,0,0,0,-70000,0,0,0,1000,71000,-70000,-70000
063426,茂林凱基9B購03  ,0,0,0,0,0,0,0,0,0,-70000,0,0,0,10000,80000,-70000,-70000
060327,美律群益9A購02  ,0,0,0,0,0,0,0,0,0,-70000,0,0,0,93000,163000,-70000,-70000
063611,儒鴻群益9B購03  ,0,0,0,0,0,0,0,0,0,-70000,0,0,0,0,70000,-70000,-70000
062944,茂林凱基9B購02  ,0,0,0,0,0,0,0,0,0,-70000,0,0,0,10000,80000,-70000,-70000
060596,元黃金凱基9A購02,0,0,0,0,0,0,0,0,0,-70000,0,0,0,61000,131000,-70000,-70000
062411,玉晶光第一9B購01,0,0,0,0,0,0,0,0,0,-70000,0,0,0,0,70000,-70000,-70000
062285,台勝科群益9B購01,0,0,0,0,0,0,0,0,0,-70000,0,0,0,0,70000,-70000,-70000
063080,裕隆凱基9B購01  ,0,0,0,0,0,0,0,0,0,-70000,0,0,0,0,70000,-70000,-70000
064031,玉晶光元大02購01,0,0,0,0,0,0,0,0,0,-70000,0,0,0,0,70000,-70000,-70000
064083,群創中信06購01  ,0,0,0,0,0,0,0,0,0,-70000,0,0,0,6000,76000,-70000,-70000
063989,大立光永豐9C購01,0,0,0,0,0,0,0,0,0,-70000,0,0,0,0,70000,-70000,-70000
063918,復盛凱基9C購01  ,0,0,0,0,0,0,0,0,0,-70000,0,0,0,80000,150000,-70000,-70000
064294,和大中信9C購01  ,0,0,0,0,0,0,0,0,0,-70000,0,0,0,0,70000,-70000,-70000
065173,可成元大9C購10  ,0,0,0,0,0,0,0,0,0,-70000,0,0,0,9000,79000,-70000,-70000
066064,T50反1凱基03購03,0,0,0,0,0,0,0,0,0,-70000,0,0,0,0,70000,-70000,-70000
066260,聯強元大01購02  ,1000,0,1000,0,0,0,0,0,0,-71000,0,0,0,41000,112000,-71000,-70000
065460,嘉聯益台新9C購01,0,0,0,0,0,0,0,0,0,-70000,0,0,0,6000,76000,-70000,-70000
065297,旺宏統一02購01  ,0,0,0,0,0,0,0,0,0,-70000,0,0,0,0,70000,-70000,-70000
08908P,義隆凱基01售05  ,0,0,0,0,0,0,0,0,0,-70000,0,0,0,20000,90000,-70000,-70000
1773,勝一            ,25000,97000,-72000,0,0,0,0,0,0,2000,2000,0,2000,0,0,0,-70000
07610P,大立光國票9A售04,0,0,0,0,0,0,0,0,0,-71000,0,0,0,0,71000,-71000,-71000
08527P,大立光元大01售06,0,0,0,0,0,0,0,0,0,-71000,0,0,0,33000,104000,-71000,-71000
067560,聯詠國票02購01  ,30000,0,30000,0,0,0,0,0,0,-101000,0,0,0,136000,237000,-101000,-71000
067145,南港統一03購02  ,0,0,0,0,0,0,0,0,0,-71000,0,0,0,0,71000,-71000,-71000
066827,聯發科群益02購04,0,0,0,0,0,0,0,0,0,-71000,0,0,0,5000,76000,-71000,-71000
061157,聯鈞群益9A購02  ,0,0,0,0,0,0,0,0,0,-71000,0,0,0,0,71000,-71000,-71000
063196,力成元富9B購01  ,0,0,0,0,0,0,0,0,0,-71000,0,0,0,29000,100000,-71000,-71000
065238,聯茂凱基02購01  ,0,0,0,0,0,0,0,0,0,-71000,0,0,0,10000,81000,-71000,-71000
065045,信邦凱基9C購01  ,0,0,0,0,0,0,0,0,0,-71000,0,0,0,99000,170000,-71000,-71000
064522,華擎群益01購01  ,0,0,0,0,0,0,0,0,0,-71000,0,0,0,98000,169000,-71000,-71000
1731,美吾華          ,191000,259000,-68000,0,0,0,0,0,0,-3000,0,3000,-3000,0,0,0,-71000
1536,和大            ,435000,449000,-14000,0,0,0,0,0,0,-57000,6000,66000,-60000,21000,18000,3000,-71000
07834P,聯詠群益9A售03  ,0,0,0,0,0,0,0,0,0,-72000,0,0,0,0,72000,-72000,-72000
068005,玉晶光元大03購02,0,0,0,0,0,0,0,0,0,-72000,0,0,0,0,72000,-72000,-72000
056200,大毅永豐98購01  ,0,0,0,0,0,0,0,0,0,-72000,0,0,0,0,72000,-72000,-72000
058203,信邦凱基99購01  ,0,0,0,0,0,0,0,0,0,-72000,0,0,0,20000,92000,-72000,-72000
058371,智原凱基9A購01  ,0,0,0,0,0,0,0,0,0,-72000,0,0,0,15000,87000,-72000,-72000
063715,鈺齊凱基9C購01  ,0,0,0,0,0,0,0,0,0,-72000,0,0,0,40000,112000,-72000,-72000
063633,金像電元大9B購05,0,0,0,0,0,0,0,0,0,-72000,0,0,0,50000,122000,-72000,-72000
063487,國巨國泰01購02  ,0,0,0,0,0,0,0,0,0,-72000,0,0,0,40000,112000,-72000,-72000
062111,台勝科國票9B購01,0,0,0,0,0,0,0,0,0,-72000,0,0,0,0,72000,-72000,-72000
064767,宏全凱基9C購01  ,0,0,0,0,0,0,0,0,0,-72000,0,0,0,0,72000,-72000,-72000
065333,冠德國票01購01  ,0,0,0,0,0,0,0,0,0,-72000,0,0,0,92000,164000,-72000,-72000
066385,巨大康和01購01  ,0,0,0,0,0,0,0,0,0,-72000,0,0,0,0,72000,-72000,-72000
08904P,為升國票03售01  ,0,0,0,0,0,0,0,0,0,-72000,0,0,0,0,72000,-72000,-72000
2493,揚博            ,16000,88000,-72000,0,0,0,0,0,0,0,1000,1000,0,0,0,0,-72000
2820,華票            ,118000,160000,-42000,0,0,0,1000,0,1000,-31000,0,31000,-31000,0,0,0,-72000
07786P,南電中信9C售01  ,0,0,0,0,0,0,0,0,0,-73000,0,0,0,0,73000,-73000,-73000
07874P,長榮航群益9B售01,0,0,0,0,0,0,0,0,0,-73000,0,0,0,0,73000,-73000,-73000
067375,大立光統一03購03,0,0,0,0,0,0,0,0,0,-73000,0,0,0,0,73000,-73000,-73000
057823,神達元大98購01  ,0,0,0,0,0,0,0,0,0,-73000,0,0,0,0,73000,-73000,-73000
066207,聯鈞統一01購02  ,0,0,0,0,0,0,0,0,0,-73000,0,0,0,301000,374000,-73000,-73000
064670,智伸科元大9C購01,0,0,0,0,0,0,0,0,0,-73000,0,0,0,0,73000,-73000,-73000
065051,和碩凱基02購01  ,0,0,0,0,0,0,0,0,0,-73000,0,0,0,49000,122000,-73000,-73000
064925,和碩統一02購01  ,0,0,0,0,0,0,0,0,0,-73000,0,0,0,20000,93000,-73000,-73000
063961,世紀鋼元大9C購05,0,0,0,0,0,0,0,0,0,-73000,0,0,0,195000,268000,-73000,-73000
064045,南亞科統一9C購04,0,0,0,0,0,0,0,0,0,-73000,0,0,0,0,73000,-73000,-73000
066886,T50反1中信05購01,0,0,0,0,0,0,0,0,0,-74000,0,0,0,6000,80000,-74000,-74000
07767P,華新科群益9A售07,0,0,0,0,0,0,0,0,0,-74000,0,0,0,0,74000,-74000,-74000
08101P,超眾群益9B售02  ,0,0,0,0,0,0,0,0,0,-74000,0,0,0,10000,84000,-74000,-74000
057874,可成元大99購02  ,0,0,0,0,0,0,0,0,0,-74000,0,0,0,1000,75000,-74000,-74000
059326,康友元大99購01  ,0,0,0,0,0,0,0,0,0,-74000,0,0,0,171000,245000,-74000,-74000
058900,旺宏元大99購11  ,0,0,0,0,0,0,0,0,0,-74000,0,0,0,1000,75000,-74000,-74000
058735,南茂永豐99購01  ,0,0,0,0,0,0,0,0,0,-74000,0,0,0,30000,104000,-74000,-74000
060427,聯茂永豐9A購01  ,0,0,0,0,0,0,0,0,0,-74000,0,0,0,22000,96000,-74000,-74000
063313,南亞科群益9B購02,0,0,0,0,0,0,0,0,0,-74000,0,0,0,44000,118000,-74000,-74000
056668,光磊國票99購01  ,0,0,0,0,0,0,0,0,0,-74000,0,0,0,25000,99000,-74000,-74000
060401,世紀鋼國票9B購01,0,0,0,0,0,0,0,0,0,-74000,0,0,0,312000,386000,-74000,-74000
060084,聯電元大99購02  ,0,0,0,0,0,0,0,0,0,-74000,0,0,0,7000,81000,-74000,-74000
064972,台積電元大9C購11,0,0,0,0,0,0,0,0,0,-74000,0,0,0,0,74000,-74000,-74000
066336,聯陽永豐01購01  ,0,0,0,0,0,0,0,0,0,-74000,0,0,0,68000,142000,-74000,-74000
08838P,台灣50麥證01售02,0,0,0,211000,285000,-74000,0,0,0,-74000,0,0,0,211000,285000,-74000,-74000
08259P,華新科元大9C售04,0,0,0,0,0,0,0,0,0,-75000,0,0,0,0,75000,-75000,-75000
067976,訊連群益01購01  ,0,0,0,0,0,0,0,0,0,-75000,0,0,0,0,75000,-75000,-75000
066947,聯發科元大01購15,0,0,0,0,0,0,0,0,0,-75000,0,0,0,182000,257000,-75000,-75000
066930,台積電國票02購01,0,0,0,0,0,0,0,0,0,-75000,0,0,0,8000,83000,-75000,-75000
066845,亞光元大01購02  ,0,0,0,0,0,0,0,0,0,-75000,0,0,0,125000,200000,-75000,-75000
067657,日月光元富01購01,0,0,0,0,0,0,0,0,0,-75000,0,0,0,125000,200000,-75000,-75000
042792,T50反1台新9C購01,0,0,0,0,0,0,0,0,0,-75000,0,0,0,0,75000,-75000,-75000
060432,達方永豐9A購01  ,0,0,0,0,0,0,0,0,0,-75000,0,0,0,290000,365000,-75000,-75000
060065,大立光兆豐9B購01,0,0,0,0,0,0,0,0,0,-75000,0,0,0,0,75000,-75000,-75000
062074,旺宏元大9B購04  ,0,0,0,0,0,0,0,0,0,-75000,0,0,0,0,75000,-75000,-75000
061820,康控群益9B購02  ,0,0,0,0,0,0,0,0,0,-75000,0,0,0,110000,185000,-75000,-75000
060707,台郡富邦9A購01  ,0,0,0,0,0,0,0,0,0,-75000,0,0,0,0,75000,-75000,-75000
063484,達方元大9B購01  ,0,0,0,0,0,0,0,0,0,-75000,0,0,0,175000,250000,-75000,-75000
062374,茂林元大9B購03  ,0,0,0,0,0,0,0,0,0,-75000,0,0,0,94000,169000,-75000,-75000
066261,華碩元大01購01  ,0,0,0,0,0,0,0,0,0,-75000,0,0,0,121000,196000,-75000,-75000
065293,玉晶光群益01購07,0,0,0,0,0,0,0,0,0,-75000,0,0,0,31000,106000,-75000,-75000
064001,華通凱基02購01  ,0,0,0,0,0,0,0,0,0,-75000,0,0,0,33000,108000,-75000,-75000
08803P,鴻海元富07售08  ,0,0,0,0,0,0,0,0,0,-75000,0,0,0,0,75000,-75000,-75000
08933P,上銀元大01售02  ,0,0,0,0,0,0,0,0,0,-75000,0,0,0,0,75000,-75000,-75000
2374,佳能            ,6000,78000,-72000,0,0,0,0,0,0,-3000,0,3000,-3000,0,0,0,-75000
6449,鈺邦            ,147000,223000,-76000,0,0,0,0,0,0,1000,3000,2000,1000,0,0,0,-75000
08590P,智邦凱基9C售04  ,0,0,0,0,0,0,0,0,0,-76000,0,0,0,158000,234000,-76000,-76000
058216,TPK群益99購01   ,0,0,0,0,0,0,0,0,0,-76000,0,0,0,3000,79000,-76000,-76000
058616,台虹元大9A購01  ,0,0,0,0,0,0,0,0,0,-76000,0,0,0,4000,80000,-76000,-76000
00682U,元大美元指數    ,0,0,0,0,0,0,0,0,0,-76000,0,0,0,0,76000,-76000,-76000
060052,宏碁凱基99購01  ,0,0,0,0,0,0,0,0,0,-76000,0,0,0,3000,79000,-76000,-76000
064197,智伸科群益9C購01,0,0,0,0,0,0,0,0,0,-76000,0,0,0,0,76000,-76000,-76000
064861,緯創富邦9C購01  ,0,0,0,0,0,0,0,0,0,-76000,0,0,0,29000,105000,-76000,-76000
065535,健鼎統一02購03  ,0,0,0,0,0,0,0,0,0,-76000,0,0,0,1000,77000,-76000,-76000
2605,新興            ,131000,207000,-76000,0,0,0,0,0,0,0,0,0,0,0,0,0,-76000
08752P,長榮航群益01售01,0,0,0,0,0,0,0,0,0,-76000,0,0,0,0,76000,-76000,-76000
2207,和泰車          ,111000,181826,-70826,0,0,0,0,0,0,-6000,0,4000,-4000,0,2000,-2000,-76826
07989P,玉晶光凱基9B售07,0,0,0,0,0,0,0,0,0,-77000,0,0,0,20000,97000,-77000,-77000
067874,台郡元大01購05  ,0,0,0,0,0,0,0,0,0,-77000,0,0,0,9000,86000,-77000,-77000
067696,欣興兆豐03購01  ,0,0,0,0,0,0,0,0,0,-77000,0,0,0,24000,101000,-77000,-77000
07535P,上銀元富9A售03  ,0,0,0,0,0,0,0,0,0,-77000,0,0,0,0,77000,-77000,-77000
067654,嘉晶元富07購03  ,0,0,0,0,0,0,0,0,0,-77000,0,0,0,242000,319000,-77000,-77000
067662,聚陽元大01購03  ,0,0,0,0,0,0,0,0,0,-77000,0,0,0,8000,85000,-77000,-77000
056124,華通國票98購02  ,0,0,0,0,0,0,0,0,0,-77000,0,0,0,20000,97000,-77000,-77000
063208,鈺齊統一9C購01  ,0,0,0,0,0,0,0,0,0,-77000,0,0,0,421000,498000,-77000,-77000
063164,聯發科永豐9B購03,0,0,0,0,0,0,0,0,0,-77000,0,0,0,1000,78000,-77000,-77000
060722,矽格永豐9A購01  ,0,0,0,0,0,0,0,0,0,-77000,0,0,0,238000,315000,-77000,-77000
065241,南電凱基01購02  ,0,0,0,0,0,0,0,0,0,-77000,0,0,0,80000,157000,-77000,-77000
065216,群創國泰01購02  ,0,0,0,0,0,0,0,0,0,-77000,0,0,0,88000,165000,-77000,-77000
065877,TPK群益9C購05   ,0,0,0,0,0,0,0,0,0,-77000,0,0,0,33000,110000,-77000,-77000
064628,南六元大9C購05  ,0,0,0,0,0,0,0,0,0,-77000,0,0,0,7000,84000,-77000,-77000
2535,達欣工          ,24000,78000,-54000,0,0,0,0,0,0,-23000,34000,22000,12000,0,35000,-35000,-77000
6591,動力-KY         ,176000,250000,-74000,0,0,0,0,0,0,-3000,0,3000,-3000,0,0,0,-77000
8404,百和興業-KY     ,23000,97000,-74000,0,0,0,0,0,0,-3000,0,3000,-3000,0,0,0,-77000
068010,台郡元大01購06  ,0,0,0,0,0,0,0,0,0,-78000,0,0,0,177000,255000,-78000,-78000
08219P,上銀凱基9B售08  ,0,0,0,0,0,0,0,0,0,-78000,0,0,0,0,78000,-78000,-78000
08479P,臺股指凱基9C售17,0,0,0,0,0,0,0,0,0,-78000,0,0,0,0,78000,-78000,-78000
08426P,奇力新國票01售01,0,0,0,0,0,0,0,0,0,-78000,0,0,0,0,78000,-78000,-78000
057257,台泥兆豐99購01  ,0,0,0,0,0,0,0,0,0,-78000,0,0,0,10000,88000,-78000,-78000
046628,大立光統一98購01,0,0,0,0,0,0,0,0,0,-78000,0,0,0,132000,210000,-78000,-78000
058225,旺宏元富99購01  ,0,0,0,0,0,0,0,0,0,-78000,0,0,0,0,78000,-78000,-78000
061206,旺宏元大9A購12  ,0,0,0,0,0,0,0,0,0,-78000,0,0,0,0,78000,-78000,-78000
062787,超眾元大9C購02  ,0,0,0,0,0,0,0,0,0,-78000,0,0,0,0,78000,-78000,-78000
060800,華新科第一9A購01,0,0,0,0,0,0,0,0,0,-78000,0,0,0,0,78000,-78000,-78000
060961,台光電凱基9A購03,0,0,0,0,0,0,0,0,0,-78000,0,0,0,0,78000,-78000,-78000
062262,茂林元大9B購02  ,0,0,0,0,0,0,0,0,0,-78000,0,0,0,77000,155000,-78000,-78000
060666,聯茂凱基9A購02  ,0,0,0,0,0,0,0,0,0,-78000,0,0,0,0,78000,-78000,-78000
064620,大立光元大01購03,0,0,0,0,0,0,0,0,0,-78000,0,0,0,0,78000,-78000,-78000
064312,大立光群益01購01,0,0,0,0,0,0,0,0,0,-78000,0,0,0,7000,85000,-78000,-78000
8103,瀚荃            ,368000,504000,-136000,0,0,0,0,0,0,58000,59000,1000,58000,0,0,0,-78000
3617,碩天            ,7000,91000,-84000,0,0,0,0,0,0,6000,0,0,0,6000,0,6000,-78000
1723,中碳            ,21000,97000,-76000,0,0,0,0,0,0,-2000,0,2000,-2000,0,0,0,-78000
08526P,義隆元大9C售04  ,0,0,0,0,0,0,0,0,0,-79000,0,0,0,170000,249000,-79000,-79000
060428,瑞祺永豐9A購01  ,0,0,0,0,0,0,0,0,0,-79000,0,0,0,60000,139000,-79000,-79000
063465,友達元大9C購10  ,0,0,0,0,0,0,0,0,0,-79000,0,0,0,65000,144000,-79000,-79000
063081,技嘉凱基9B購02  ,0,0,0,0,0,0,0,0,0,-79000,0,0,0,190000,269000,-79000,-79000
062804,玉晶光統一9C購04,0,0,0,0,0,0,0,0,0,-79000,0,0,0,0,79000,-79000,-79000
08698P,可成凱基01售02  ,0,0,0,0,0,0,0,0,0,-79000,0,0,0,22000,101000,-79000,-79000
08482P,亞德客群益9C售02,0,0,0,0,0,0,0,0,0,-80000,0,0,0,10000,90000,-80000,-80000
08413P,臻鼎凱基9C售03  ,0,0,0,0,0,0,0,0,0,-80000,0,0,0,0,80000,-80000,-80000
08296P,同欣電元大9C售04,0,0,0,0,0,0,0,0,0,-80000,0,0,0,0,80000,-80000,-80000
08221P,台表科凱基9B售05,0,0,0,0,0,0,0,0,0,-80000,0,0,0,0,80000,-80000,-80000
068029,台積電元富07購09,0,0,0,0,0,0,0,0,0,-80000,0,0,0,0,80000,-80000,-80000
07110P,台灣50群益9B售03,0,0,0,0,0,0,0,0,0,-80000,0,0,0,0,80000,-80000,-80000
06917P,聯電亞東99售01  ,0,0,0,0,0,0,0,0,0,-80000,0,0,0,0,80000,-80000,-80000
067463,T50反1元大01購04,0,0,0,0,0,0,0,0,0,-80000,0,0,0,120000,200000,-80000,-80000
066567,臻鼎元大01購01  ,0,0,0,0,0,0,0,0,0,-80000,0,0,0,0,80000,-80000,-80000
063325,SP黃豆國票9C購02,0,0,0,0,0,0,0,0,0,-80000,0,0,0,30000,110000,-80000,-80000
059061,晶技凱基9A購01  ,0,0,0,0,0,0,0,0,0,-80000,0,0,0,38000,118000,-80000,-80000
057751,神達國票99購02  ,0,0,0,0,0,0,0,0,0,-80000,0,0,0,0,80000,-80000,-80000
057056,立積元大99購02  ,0,0,0,0,0,0,0,0,0,-80000,0,0,0,0,80000,-80000,-80000
056012,勤誠中信99購01  ,0,0,0,0,0,0,0,0,0,-80000,0,0,0,0,80000,-80000,-80000
055532,中工群益98購01  ,0,0,0,0,0,0,0,0,0,-80000,0,0,0,0,80000,-80000,-80000
062115,臺股指國票9B購09,0,0,0,0,0,0,0,0,0,-80000,0,0,0,0,80000,-80000,-80000
062359,旺宏元大9C購02  ,0,0,0,0,0,0,0,0,0,-80000,0,0,0,0,80000,-80000,-80000
063610,儒鴻群益9B購02  ,0,0,0,0,0,0,0,0,0,-80000,0,0,0,30000,110000,-80000,-80000
061509,SP黃豆富邦9C購01,0,0,0,0,0,0,0,0,0,-80000,0,0,0,20000,100000,-80000,-80000
060009,南亞科群益99購03,0,0,0,0,0,0,0,0,0,-80000,0,0,0,0,80000,-80000,-80000
062107,台光電國票9B購01,0,0,0,0,0,0,0,0,0,-80000,0,0,0,14000,94000,-80000,-80000
061867,旺宏元大9B購02  ,0,0,0,0,0,0,0,0,0,-80000,0,0,0,0,80000,-80000,-80000
064297,台郡國票01購01  ,0,0,0,0,0,0,0,0,0,-80000,0,0,0,125000,205000,-80000,-80000
063967,華新科國票01購01,0,0,0,0,0,0,0,0,0,-80000,0,0,0,20000,100000,-80000,-80000
065905,聯茂富邦02購01  ,0,0,0,0,0,0,0,0,0,-80000,0,0,0,20000,100000,-80000,-80000
066042,正崴元大02購01  ,0,0,0,0,0,0,0,0,0,-80000,0,0,0,2000,82000,-80000,-80000
065483,聯茂元大9C購06  ,0,0,0,0,0,0,0,0,0,-80000,0,0,0,0,80000,-80000,-80000
065434,台勝科凱基01購01,0,0,0,0,0,0,0,0,0,-80000,0,0,0,0,80000,-80000,-80000
065753,正崴元大9C購02  ,0,0,0,0,0,0,0,0,0,-80000,0,0,0,10000,90000,-80000,-80000
08845P,友訊元大01售05  ,0,0,0,0,0,0,0,0,0,-80000,0,0,0,0,80000,-80000,-80000
08973P,聯發科群益01售08,0,0,0,0,0,0,0,0,0,-80000,0,0,0,0,80000,-80000,-80000
2913,農林            ,93000,152000,-59000,0,0,0,0,0,0,-21000,0,21000,-21000,0,0,0,-80000
067286,新日興國票02購02,0,0,0,0,0,0,0,0,0,-81000,0,0,0,44000,125000,-81000,-81000
08424P,群創元富9C售03  ,0,0,0,0,0,0,0,0,0,-81000,0,0,0,0,81000,-81000,-81000
08566P,禾伸堂群益9C售01,0,0,0,0,0,0,0,0,0,-81000,0,0,0,40000,121000,-81000,-81000
054873,帆宣群益99購01  ,0,0,0,0,0,0,0,0,0,-81000,0,0,0,0,81000,-81000,-81000
058520,智易元大99購03  ,0,0,0,0,0,0,0,0,0,-81000,0,0,0,7000,88000,-81000,-81000
065240,矽創凱基01購01  ,0,0,0,0,0,0,0,0,0,-81000,0,0,0,0,81000,-81000,-81000
064000,台郡兆豐9C購01  ,0,0,0,0,0,0,0,0,0,-81000,0,0,0,29000,110000,-81000,-81000
063860,旺宏國泰02購01  ,0,0,0,0,0,0,0,0,0,-81000,0,0,0,20000,101000,-81000,-81000
064948,致茂凱基01購01  ,0,0,0,0,0,0,0,0,0,-81000,0,0,0,293000,374000,-81000,-81000
066453,嘉基群益01購01  ,0,0,0,0,0,0,0,0,0,-82000,0,0,0,28000,110000,-82000,-82000
066744,和碩元大01購02  ,0,0,0,0,0,0,0,0,0,-82000,0,0,0,0,82000,-82000,-82000
066908,聯發科凱基03購05,0,0,0,0,0,0,0,0,0,-82000,0,0,0,0,82000,-82000,-82000
059249,大立光凱基99購05,0,0,0,0,0,0,0,0,0,-82000,0,0,0,0,82000,-82000,-82000
063474,康控元大9B購04  ,0,0,0,0,0,0,0,0,0,-82000,0,0,0,53000,135000,-82000,-82000
062360,華邦電元大9B購01,0,0,0,0,0,0,0,0,0,-82000,0,0,0,215000,297000,-82000,-82000
062349,新日興群益9B購02,0,0,0,0,0,0,0,0,0,-82000,0,0,0,0,82000,-82000,-82000
062321,力成台新9B購01  ,0,0,0,0,0,0,0,0,0,-82000,0,0,0,194000,276000,-82000,-82000
064660,華通元大9C購05  ,0,0,0,0,0,0,0,0,0,-82000,0,0,0,59000,141000,-82000,-82000
063839,華通元大9C購02  ,0,0,0,0,0,0,0,0,0,-82000,0,0,0,41000,123000,-82000,-82000
063995,健鼎群益9C購01  ,0,0,0,0,0,0,0,0,0,-82000,0,0,0,108000,190000,-82000,-82000
065482,立積元大01購02  ,0,0,0,0,0,0,0,0,0,-82000,0,0,0,262000,344000,-82000,-82000
065338,旺宏統一01購07  ,0,0,0,0,0,0,0,0,0,-82000,0,0,0,0,82000,-82000,-82000
3596,智易            ,291000,382000,-91000,0,0,0,0,0,0,9000,3000,8000,-5000,34000,20000,14000,-82000
3705,永信            ,105000,187000,-82000,0,0,0,0,0,0,0,0,0,0,0,0,0,-82000
066520,大立光第一01購01,0,0,0,0,0,0,0,0,0,-83000,0,0,0,0,83000,-83000,-83000
066705,聯鈞群益01購01  ,0,0,0,0,0,0,0,0,0,-83000,0,0,0,0,83000,-83000,-83000
06904P,TPK凱基98售03   ,0,0,0,0,0,0,0,0,0,-83000,0,0,0,0,83000,-83000,-83000
067864,台光電元大01購05,0,0,0,0,0,0,0,0,0,-83000,0,0,0,9000,92000,-83000,-83000
063260,信邦富邦9B購01  ,0,0,0,0,0,0,0,0,0,-83000,0,0,0,83000,166000,-83000,-83000
056864,新日興群益99購01,0,0,0,0,0,0,0,0,0,-83000,0,0,0,0,83000,-83000,-83000
061047,大立光第一9A購01,0,0,0,0,0,0,0,0,0,-83000,0,0,0,2000,85000,-83000,-83000
061069,嘉聯益凱基9A購01,0,0,0,0,0,0,0,0,0,-83000,0,0,0,100000,183000,-83000,-83000
061571,奇力新元大9A購03,0,0,0,0,0,0,0,0,0,-83000,0,0,0,86000,169000,-83000,-83000
3504,揚明光          ,44000,82000,-38000,0,0,0,0,0,0,-45000,0,1000,-1000,0,44000,-44000,-83000
067875,百和元大01購01  ,0,0,0,0,0,0,0,0,0,-84000,0,0,0,16000,100000,-84000,-84000
08560P,茂林國票01售01  ,0,0,0,0,0,0,0,0,0,-84000,0,0,0,20000,104000,-84000,-84000
08154P,上銀元富9B售04  ,0,0,0,0,0,0,0,0,0,-84000,0,0,0,0,84000,-84000,-84000
067200,深中小元大03購01,0,0,0,0,0,0,0,0,0,-84000,0,0,0,182000,266000,-84000,-84000
063281,京元電元大9B購01,0,0,0,0,0,0,0,0,0,-84000,0,0,0,38000,122000,-84000,-84000
061546,大立光群益9A購05,0,0,0,0,0,0,0,0,0,-84000,0,0,0,1000,85000,-84000,-84000
064676,聚陽兆豐9C購01  ,0,0,0,0,0,0,0,0,0,-84000,0,0,0,19000,103000,-84000,-84000
3530,晶相光          ,87000,150000,-63000,0,0,0,0,0,0,-21000,0,1000,-1000,0,20000,-20000,-84000
067528,聚陽群益01購01  ,0,0,0,0,0,0,0,0,0,-85000,0,0,0,0,85000,-85000,-85000
066661,友達凱基03購01  ,0,0,0,0,0,0,0,0,0,-85000,0,0,0,0,85000,-85000,-85000
066509,南亞永豐01購01  ,0,0,0,0,0,0,0,0,0,-85000,0,0,0,8000,93000,-85000,-85000
066422,嘉晶元大02購01  ,0,0,0,0,0,0,0,0,0,-85000,0,0,0,235000,320000,-85000,-85000
06685P,鴻海國泰9A售01  ,0,0,0,0,0,0,0,0,0,-85000,0,0,0,0,85000,-85000,-85000
057442,玉晶光統一98購03,0,0,0,0,0,0,0,0,0,-85000,0,0,0,5000,90000,-85000,-85000
00706L,元大S&P日圓正2  ,0,0,0,0,0,0,0,0,0,-85000,0,0,0,1000,86000,-85000,-85000
03008P,玉晶光中信01售01,0,0,0,0,0,0,0,0,0,-85000,0,0,0,0,85000,-85000,-85000
058499,滬深2X元大9C購01,0,0,0,0,0,0,0,0,0,-85000,0,0,0,20000,105000,-85000,-85000
054976,上証2X元富9A購01,0,0,0,0,0,0,0,0,0,-85000,0,0,0,77000,162000,-85000,-85000
063163,京元電永豐9B購01,0,0,0,0,0,0,0,0,0,-85000,0,0,0,14000,99000,-85000,-85000
061409,力成國票9A購02  ,0,0,0,0,0,0,0,0,0,-85000,0,0,0,0,85000,-85000,-85000
062031,臻鼎群益9B購01  ,0,0,0,0,0,0,0,0,0,-85000,0,0,0,0,85000,-85000,-85000
061816,長榮航群益9B購02,0,0,0,0,0,0,0,0,0,-85000,0,0,0,0,85000,-85000,-85000
059943,信邦永豐99購01  ,0,0,0,0,0,0,0,0,0,-85000,0,0,0,46000,131000,-85000,-85000
05995P,T50正2中信9C售01,0,0,0,0,0,0,0,0,0,-85000,0,0,0,125000,210000,-85000,-85000
063783,儒鴻中信9C購01  ,0,0,0,0,0,0,0,0,0,-85000,0,0,0,0,85000,-85000,-85000
064562,友達群益9C購03  ,0,0,0,0,0,0,0,0,0,-85000,0,0,0,0,85000,-85000,-85000
063942,台積電元大01購03,0,0,0,0,0,0,0,0,0,-85000,0,0,0,15000,100000,-85000,-85000
064367,貿聯統一01購02  ,0,0,0,0,0,0,0,0,0,-85000,0,0,0,1000,86000,-85000,-85000
065281,和大群益01購02  ,0,0,0,0,0,0,0,0,0,-85000,0,0,0,0,85000,-85000,-85000
065939,創意群益01購01  ,0,0,0,0,0,0,0,0,0,-85000,0,0,0,24000,109000,-85000,-85000
08695P,嘉晶群益01售01  ,0,0,0,0,0,0,0,0,0,-85000,0,0,0,0,85000,-85000,-85000
1722,台肥            ,506000,572000,-66000,0,0,0,0,4000,-4000,-15000,0,10000,-10000,0,5000,-5000,-85000
066796,台積電凱基02購08,0,0,0,0,0,0,0,0,0,-86000,0,0,0,65000,151000,-86000,-86000
067546,世紀鋼群益01購05,0,0,0,0,0,0,0,0,0,-86000,0,0,0,0,86000,-86000,-86000
067124,華擎富邦03購01  ,0,0,0,0,0,0,0,0,0,-86000,0,0,0,0,86000,-86000,-86000
08441P,同欣電元富9C售01,0,0,0,0,0,0,0,0,0,-86000,0,0,0,92000,178000,-86000,-86000
067733,力山元大01購01  ,0,0,0,0,0,0,0,0,0,-86000,0,0,0,134000,220000,-86000,-86000
07397P,大立光群益99售10,0,0,0,0,0,0,0,0,0,-86000,0,0,0,0,86000,-86000,-86000
056604,鴻海富邦9A購01  ,0,0,0,0,0,0,0,0,0,-86000,0,0,0,120000,206000,-86000,-86000
058952,南茂群益99購01  ,0,0,0,0,0,0,0,0,0,-86000,0,0,0,71000,157000,-86000,-86000
066402,泰鼎凱基01購02  ,0,0,0,0,0,0,0,0,0,-86000,0,0,0,231000,317000,-86000,-86000
065376,京鼎元大9C購02  ,0,0,0,0,0,0,0,0,0,-86000,0,0,0,17000,103000,-86000,-86000
064914,友達統一02購03  ,0,0,0,0,0,0,0,0,0,-86000,0,0,0,5000,91000,-86000,-86000
065142,華邦電凱基01購01,0,0,0,0,0,0,0,0,0,-86000,0,0,0,47000,133000,-86000,-86000
3052,夆典            ,16000,90000,-74000,0,0,0,0,12000,-12000,0,0,0,0,0,0,0,-86000
4564,元翎            ,22000,105000,-83000,0,0,0,0,0,0,-3000,0,0,0,0,3000,-3000,-86000
08546P,可成中信9C售02  ,0,0,0,0,0,0,0,0,0,-87000,0,0,0,0,87000,-87000,-87000
08093P,英業達元富9B售02,0,0,0,0,0,0,0,0,0,-87000,0,0,0,195000,282000,-87000,-87000
07951P,智邦元大9B售05  ,0,0,0,0,0,0,0,0,0,-87000,0,0,0,15000,102000,-87000,-87000
03669C,滬深2X元富09牛01,0,0,0,0,0,0,0,0,0,-87000,0,0,0,80000,167000,-87000,-87000
055318,華通國票98購01  ,0,0,0,0,0,0,0,0,0,-87000,0,0,0,38000,125000,-87000,-87000
056460,同欣電凱基99購01,0,0,0,0,0,0,0,0,0,-87000,0,0,0,0,87000,-87000,-87000
060229,楠梓電元大9C購01,0,0,0,0,0,0,0,0,0,-87000,0,0,0,71000,158000,-87000,-87000
063192,技嘉台新9B購01  ,0,0,0,0,0,0,0,0,0,-87000,0,0,0,14000,101000,-87000,-87000
064979,華擎元大9C購04  ,0,0,0,0,0,0,0,0,0,-87000,0,0,0,62000,149000,-87000,-87000
066218,美利達統一03購02,0,0,0,0,0,0,0,0,0,-87000,0,0,0,39000,126000,-87000,-87000
065816,聯發科元富03購07,1000,0,1000,0,0,0,0,0,0,-88000,0,0,0,122000,210000,-88000,-87000
08172P,台積電凱基03售02,0,0,0,0,0,0,0,0,0,-88000,0,0,0,0,88000,-88000,-88000
08349P,南六元大9C售03  ,0,0,0,0,0,0,0,0,0,-88000,0,0,0,25000,113000,-88000,-88000
07599P,台灣50凱基04售05,0,0,0,0,0,0,0,0,0,-88000,0,0,0,0,88000,-88000,-88000
067998,聯發科元大01購22,0,0,0,0,0,0,0,0,0,-88000,0,0,0,44000,132000,-88000,-88000
067068,台積電元大01購21,0,0,0,0,0,0,0,0,0,-88000,0,0,0,828000,916000,-88000,-88000
066783,友達中信01購04  ,0,0,0,0,0,0,0,0,0,-88000,0,0,0,0,88000,-88000,-88000
059754,訊芯群益9A購01  ,0,0,0,0,0,0,0,0,0,-88000,0,0,0,0,88000,-88000,-88000
058772,茂林兆豐9A購01  ,0,0,0,0,0,0,0,0,0,-88000,0,0,0,0,88000,-88000,-88000
063184,台光電凱基9B購03,0,0,0,0,0,0,0,0,0,-88000,0,0,0,10000,98000,-88000,-88000
063209,巨大統一01購01  ,0,0,0,0,0,0,0,0,0,-88000,0,0,0,12000,100000,-88000,-88000
065654,台表科元大9C購12,0,0,0,0,0,0,0,0,0,-88000,0,0,0,175000,263000,-88000,-88000
065159,臻鼎群益9C購02  ,0,0,0,0,0,0,0,0,0,-88000,0,0,0,10000,98000,-88000,-88000
064757,義隆凱基01購02  ,0,0,0,0,0,0,0,0,0,-88000,0,0,0,96000,184000,-88000,-88000
064697,健策群益01購02  ,0,0,0,0,0,0,0,0,0,-88000,0,0,0,15000,103000,-88000,-88000
064499,可成元大9C購07  ,0,0,0,0,0,0,0,0,0,-88000,0,0,0,0,88000,-88000,-88000
064270,華通元大9C購03  ,0,0,0,0,0,0,0,0,0,-88000,0,0,0,83000,171000,-88000,-88000
2331,精英            ,44000,132000,-88000,0,0,0,0,0,0,0,2000,2000,0,0,0,0,-88000
3533,嘉澤            ,120934,191000,-70066,0,0,0,0,12000,-12000,-6000,12000,7000,5000,1000,12000,-11000,-88066
067013,致新永豐01購01  ,0,0,0,0,0,0,0,0,0,-89000,0,0,0,0,89000,-89000,-89000
067799,玉晶光康和01購01,0,0,0,0,0,0,0,0,0,-89000,0,0,0,5000,94000,-89000,-89000
056392,玉晶光富邦9C購01,0,0,0,0,0,0,0,0,0,-89000,0,0,0,363000,452000,-89000,-89000
063811,亞德客群益9C購01,0,0,0,0,0,0,0,0,0,-89000,0,0,0,0,89000,-89000,-89000
064909,華擎麥證9C購01  ,0,0,0,0,89000,-89000,0,0,0,-89000,0,0,0,0,89000,-89000,-89000
066212,惠特統一01購01  ,0,0,0,0,0,0,0,0,0,-89000,0,0,0,170000,259000,-89000,-89000
3622,洋華            ,49000,136000,-87000,0,0,0,0,0,0,-2000,0,2000,-2000,0,0,0,-89000
1531,高林股          ,4000,91000,-87000,0,0,0,0,0,0,-2000,0,2000,-2000,0,0,0,-89000
066919,台積電麥證01購06,0,0,0,10000,100000,-90000,0,0,0,-90000,0,0,0,10000,100000,-90000,-90000
067400,華擎永豐01購02  ,0,0,0,0,0,0,0,0,0,-90000,0,0,0,3000,93000,-90000,-90000
056232,瑞儀凱基98購01  ,0,0,0,0,0,0,0,0,0,-90000,0,0,0,20000,110000,-90000,-90000
047571,滬深2X群益99購01,0,0,0,0,0,0,0,0,0,-90000,0,0,0,0,90000,-90000,-90000
063725,聯電元大9C購03  ,0,0,0,0,0,0,0,0,0,-90000,0,0,0,0,90000,-90000,-90000
060109,茂林元大99購05  ,0,0,0,0,0,0,0,0,0,-90000,0,0,0,46000,136000,-90000,-90000
060285,聯電元大9C購01  ,0,0,0,0,0,0,0,0,0,-90000,0,0,0,0,90000,-90000,-90000
062870,亞德客兆豐9C購01,0,0,0,0,0,0,0,0,0,-90000,0,0,0,431000,521000,-90000,-90000
066220,矽格台新01購01  ,0,0,0,0,0,0,0,0,0,-90000,0,0,0,13000,103000,-90000,-90000
066399,聯鈞凱基01購02  ,0,0,0,0,0,0,0,0,0,-90000,0,0,0,30000,120000,-90000,-90000
065588,聯發科永豐9C購02,0,0,0,0,0,0,0,0,0,-90000,0,0,0,5000,95000,-90000,-90000
065033,和碩兆豐9C購01  ,0,0,0,0,0,0,0,0,0,-90000,0,0,0,14000,104000,-90000,-90000
1460,宏遠            ,47000,133000,-86000,0,0,0,0,0,0,-4000,0,4000,-4000,0,0,0,-90000
2881A,富邦特          ,0,0,0,0,0,0,0,64000,-64000,-26000,2000,28000,-26000,0,0,0,-90000
4943,康控-KY         ,237000,359000,-122000,0,0,0,0,0,0,32000,0,0,0,40000,8000,32000,-90000
4956,光鋐            ,422000,511000,-89000,0,0,0,0,0,0,-1000,0,1000,-1000,0,0,0,-90000
066883,聯發科永豐01購01,0,0,0,0,0,0,0,0,0,-91000,0,0,0,59000,150000,-91000,-91000
067682,上緯控元大01購02,0,0,0,0,0,0,0,0,0,-91000,0,0,0,20000,111000,-91000,-91000
08418P,大立光元大01售04,0,0,0,0,0,0,0,0,0,-91000,0,0,0,44000,135000,-91000,-91000
057032,A50反1元大9B購01,0,0,0,0,0,0,0,0,0,-91000,0,0,0,0,91000,-91000,-91000
057919,技嘉凱基98購03  ,0,0,0,0,0,0,0,0,0,-91000,0,0,0,30000,121000,-91000,-91000
062347,台光電群益9B購02,0,0,0,0,0,0,0,0,0,-91000,0,0,0,2000,93000,-91000,-91000
061477,晶豪科元大9A購01,0,0,0,0,0,0,0,0,0,-91000,0,0,0,125000,216000,-91000,-91000
062036,致新群益9B購01  ,0,0,0,0,0,0,0,0,0,-91000,0,0,0,0,91000,-91000,-91000
064450,致茂統一01購01  ,0,0,0,0,0,0,0,0,0,-91000,0,0,0,119000,210000,-91000,-91000
2836,高雄銀          ,23000,86000,-63000,0,0,0,0,0,0,-28000,0,28000,-28000,0,0,0,-91000
2537,聯上發          ,27000,118000,-91000,0,0,0,0,0,0,0,0,0,0,0,0,0,-91000
07957P,晶技群益9B售02  ,0,0,0,0,0,0,0,0,0,-92000,0,0,0,5000,97000,-92000,-92000
067511,拓凱統一01購01  ,0,0,0,0,0,0,0,0,0,-92000,0,0,0,0,92000,-92000,-92000
067304,義隆元大01購05  ,0,0,0,0,0,0,0,0,0,-92000,0,0,0,833000,925000,-92000,-92000
058693,旭富國票9A購01  ,0,0,0,0,0,0,0,0,0,-92000,0,0,0,0,92000,-92000,-92000
061398,力成中信9A購01  ,0,0,0,0,0,0,0,0,0,-92000,0,0,0,133000,225000,-92000,-92000
061609,華新科統一9C購01,0,0,0,0,0,0,0,0,0,-92000,0,0,0,0,92000,-92000,-92000
063550,可成國票9C購01  ,0,0,0,0,0,0,0,0,0,-92000,0,0,0,115000,207000,-92000,-92000
064443,同欣電凱基03購01,0,0,0,0,0,0,0,0,0,-92000,0,0,0,41000,133000,-92000,-92000
065565,神隆群益01購01  ,0,0,0,0,0,0,0,0,0,-92000,0,0,0,180000,272000,-92000,-92000
6141,柏承            ,166000,258000,-92000,0,0,0,0,0,0,0,0,0,0,0,0,0,-92000
6558,興能高          ,79000,171000,-92000,0,0,0,0,0,0,0,0,0,0,0,0,0,-92000
1464,得力            ,37000,128000,-91000,0,0,0,0,0,0,-1000,0,1000,-1000,0,0,0,-92000
2345,智邦            ,1365000,1094954,270046,0,0,0,0,96000,-96000,-267000,13000,107000,-94000,11000,184000,-173000,-92954
067786,緯創群益04購01  ,0,0,0,0,0,0,0,0,0,-93000,0,0,0,25000,118000,-93000,-93000
059296,大立光元富99購06,0,0,0,0,0,0,0,0,0,-93000,0,0,0,66000,159000,-93000,-93000
054370,台積電中信9A購01,0,0,0,0,0,0,0,0,0,-93000,0,0,0,0,93000,-93000,-93000
059791,超眾元大99購06  ,0,0,0,0,0,0,0,0,0,-93000,0,0,0,10000,103000,-93000,-93000
062164,禾伸堂國泰01購01,0,0,0,0,0,0,0,0,0,-93000,0,0,0,5000,98000,-93000,-93000
065472,華新元大01購01  ,0,0,0,0,0,0,0,0,0,-93000,0,0,0,324000,417000,-93000,-93000
08792P,聯發科中信02售02,0,0,0,0,0,0,0,0,0,-93000,0,0,0,1000,94000,-93000,-93000
08210P,健策元富9B售02  ,0,0,0,0,0,0,0,0,0,-94000,0,0,0,0,94000,-94000,-94000
066918,台積電麥證01購05,0,0,0,11000,114000,-103000,0,0,0,-94000,0,0,0,20000,114000,-94000,-94000
058067,台積電第一9C購01,0,0,0,0,0,0,0,0,0,-94000,0,0,0,14000,108000,-94000,-94000
062187,台勝科元大9B購02,0,0,0,0,0,0,0,0,0,-94000,0,0,0,68000,162000,-94000,-94000
062124,大立光統一9B購09,0,0,0,0,0,0,0,0,0,-94000,0,0,0,0,94000,-94000,-94000
061517,瑞祺永豐9A購03  ,0,0,0,0,0,0,0,0,0,-94000,0,0,0,8000,102000,-94000,-94000
064025,友達元大02購01  ,0,0,0,0,0,0,0,0,0,-94000,0,0,0,50000,144000,-94000,-94000
08744P,臺股指凱基02售05,0,0,0,0,0,0,0,0,0,-94000,0,0,0,165000,259000,-94000,-94000
4755,三福化          ,48000,141000,-93000,0,0,0,0,0,0,-1000,0,1000,-1000,0,0,0,-94000
067351,國巨群益01購08  ,0,0,0,0,0,0,0,0,0,-95000,0,0,0,25000,120000,-95000,-95000
08127P,聯發科元大9B售21,0,0,0,0,0,0,0,0,0,-95000,0,0,0,0,95000,-95000,-95000
063205,貿聯統一9C購01  ,0,0,0,0,0,0,0,0,0,-95000,0,0,0,9000,104000,-95000,-95000
063574,茂林元大9B購07  ,0,0,0,0,0,0,0,0,0,-95000,0,0,0,110000,205000,-95000,-95000
063705,臻鼎群益9B購03  ,0,0,0,0,0,0,0,0,0,-95000,0,0,0,0,95000,-95000,-95000
062345,和大群益9B購01  ,0,0,0,0,0,0,0,0,0,-95000,0,0,0,0,95000,-95000,-95000
062438,台光電元大9B購04,0,0,0,0,0,0,0,0,0,-95000,0,0,0,109000,204000,-95000,-95000
062885,臻鼎兆豐9C購01  ,0,0,0,0,0,0,0,0,0,-95000,0,0,0,10000,105000,-95000,-95000
063845,旺宏元大9C購03  ,0,0,0,0,0,0,0,0,0,-95000,0,0,0,5000,100000,-95000,-95000
063921,大立光元富9C購03,0,0,0,0,0,0,0,0,0,-95000,0,0,0,186000,281000,-95000,-95000
064492,技嘉元大9C購01  ,0,0,0,0,0,0,0,0,0,-95000,0,0,0,198000,293000,-95000,-95000
065060,上銀群益9C購02  ,0,0,0,0,0,0,0,0,0,-95000,0,0,0,85000,180000,-95000,-95000
065160,聯茂群益9C購02  ,0,0,0,0,0,0,0,0,0,-95000,0,0,0,0,95000,-95000,-95000
064926,臻鼎統一02購01  ,0,0,0,0,0,0,0,0,0,-95000,0,0,0,90000,185000,-95000,-95000
065360,和大元大01購03  ,0,0,0,0,0,0,0,0,0,-95000,0,0,0,65000,160000,-95000,-95000
065362,華通元大9C購06  ,0,0,0,0,0,0,0,0,0,-95000,0,0,0,30000,125000,-95000,-95000
066319,聯強永豐01購01  ,0,0,0,0,0,0,0,0,0,-95000,0,0,0,15000,110000,-95000,-95000
2536,宏普            ,21000,116000,-95000,0,0,0,0,0,0,0,0,0,0,0,0,0,-95000
08216P,聯發科群益9C售05,0,0,0,0,0,0,0,0,0,-96000,0,0,0,250000,346000,-96000,-96000
07944P,華新科元大9B售08,0,0,0,0,0,0,0,0,0,-96000,0,0,0,0,96000,-96000,-96000
067045,聯發科凱基02購05,0,0,0,0,0,0,0,0,0,-96000,0,0,0,50000,146000,-96000,-96000
065456,義隆元富9C購03  ,0,0,0,0,0,0,0,0,0,-96000,0,0,0,284000,380000,-96000,-96000
064137,台泥統一02購01  ,0,0,0,0,0,0,0,0,0,-96000,0,0,0,15000,111000,-96000,-96000
067106,義隆群益01購01  ,0,0,0,0,0,0,0,0,0,-97000,0,0,0,110000,207000,-97000,-97000
08002P,大毅國票9B售03  ,0,0,0,0,0,0,0,0,0,-97000,0,0,0,100000,197000,-97000,-97000
08557P,臺股指中信01售09,0,0,0,0,0,0,0,0,0,-97000,0,0,0,122000,219000,-97000,-97000
057494,玉晶光元大99購09,0,0,0,0,0,0,0,0,0,-97000,0,0,0,19000,116000,-97000,-97000
058856,新光金兆豐99購01,0,0,0,0,0,0,0,0,0,-97000,0,0,0,43000,140000,-97000,-97000
055689,台郡凱基99購01  ,0,0,0,0,0,0,0,0,0,-97000,0,0,0,0,97000,-97000,-97000
063704,麗豐群益9B購01  ,0,0,0,0,0,0,0,0,0,-97000,0,0,0,10000,107000,-97000,-97000
065039,國巨凱基02購02  ,0,0,0,0,0,0,0,0,0,-97000,0,0,0,91000,188000,-97000,-97000
065871,南亞科群益9C購03,0,0,0,0,0,0,0,0,0,-97000,0,0,0,29000,126000,-97000,-97000
6235,華孚            ,65000,161000,-96000,0,0,0,0,0,0,-1000,0,1000,-1000,0,0,0,-97000
08658P,聯發科統一9C售19,0,0,0,0,0,0,0,0,0,-97000,0,0,0,20000,117000,-97000,-97000
08491P,全新元大9C售01  ,0,0,0,0,0,0,0,0,0,-98000,0,0,0,0,98000,-98000,-98000
066994,聯發科國泰03購02,0,0,0,0,0,0,0,0,0,-98000,0,0,0,50000,148000,-98000,-98000
066836,樺漢群益01購01  ,0,0,0,0,0,0,0,0,0,-98000,0,0,0,0,98000,-98000,-98000
066701,京元電群益01購02,0,0,0,0,0,0,0,0,0,-98000,0,0,0,8000,106000,-98000,-98000
066642,臺股指凱基04購01,0,0,0,0,0,0,0,0,0,-98000,0,0,0,0,98000,-98000,-98000
054874,帆宣群益99購02  ,0,0,0,0,0,0,0,0,0,-98000,0,0,0,2000,100000,-98000,-98000
056775,康控元大99購01  ,0,0,0,0,0,0,0,0,0,-98000,0,0,0,293000,391000,-98000,-98000
057126,台積電凱基99購03,0,0,0,0,0,0,0,0,0,-98000,0,0,0,6000,104000,-98000,-98000
061543,南亞科群益9A購01,0,0,0,0,0,0,0,0,0,-98000,0,0,0,13000,111000,-98000,-98000
063113,聯茂兆豐9B購01  ,0,0,0,0,0,0,0,0,0,-98000,0,0,0,30000,128000,-98000,-98000
062133,大成鋼群益9B購01,0,0,0,0,0,0,0,0,0,-98000,0,0,0,0,98000,-98000,-98000
065865,光寶科群益9C購02,0,0,0,0,0,0,0,0,0,-98000,0,0,0,0,98000,-98000,-98000
065751,台光電元大9C購06,0,0,0,0,0,0,0,0,0,-98000,0,0,0,113000,211000,-98000,-98000
065740,聯發科麥證9C購05,0,0,0,2000,100000,-98000,0,0,0,-98000,0,0,0,2000,100000,-98000,-98000
064702,百和群益01購01  ,0,0,0,0,0,0,0,0,0,-98000,0,0,0,114000,212000,-98000,-98000
064748,力成國票01購01  ,0,0,0,0,0,0,0,0,0,-98000,0,0,0,35000,133000,-98000,-98000
064571,帆宣群益9C購01  ,0,0,0,0,0,0,0,0,0,-98000,0,0,0,80000,178000,-98000,-98000
064546,燿華凱基02購01  ,0,0,0,0,0,0,0,0,0,-98000,0,0,0,332000,430000,-98000,-98000
064667,大立光元大02購01,0,0,0,0,0,0,0,0,0,-98000,0,0,0,15000,113000,-98000,-98000
08953P,大立光元富07售02,0,0,0,0,0,0,0,0,0,-98000,0,0,0,0,98000,-98000,-98000
067500,台表科元大01購03,0,0,0,0,0,0,0,0,0,-99000,0,0,0,102000,201000,-99000,-99000
08592P,聯發科凱基01售06,0,0,0,0,0,0,0,0,0,-99000,0,0,0,61000,160000,-99000,-99000
08295P,長榮航元大9C售01,0,0,0,0,0,0,0,0,0,-99000,0,0,0,0,99000,-99000,-99000
067773,台郡統一02購04  ,0,0,0,0,0,0,0,0,0,-99000,0,0,0,133000,232000,-99000,-99000
07327P,台灣50群益9A售06,0,0,0,0,0,0,0,0,0,-99000,0,0,0,0,99000,-99000,-99000
054890,聯鈞統一99購01  ,0,0,0,0,0,0,0,0,0,-99000,0,0,0,56000,155000,-99000,-99000
057536,康控元大99購03  ,0,0,0,0,0,0,0,0,0,-99000,0,0,0,0,99000,-99000,-99000
063220,建準群益9B購01  ,0,0,0,0,0,0,0,0,0,-99000,0,0,0,146000,245000,-99000,-99000
064131,群創元大01購02  ,0,0,0,0,0,0,0,0,0,-99000,0,0,0,0,99000,-99000,-99000
063850,玉晶光元大9C購07,0,0,0,0,0,0,0,0,0,-99000,0,0,0,3000,102000,-99000,-99000
064243,TPK統一02購02   ,0,0,0,0,0,0,0,0,0,-99000,0,0,0,60000,159000,-99000,-99000
2013,中鋼構          ,51000,150000,-99000,0,0,0,0,0,0,0,0,0,0,0,0,0,-99000
07559P,祥碩元大9A售03  ,0,0,0,0,0,0,0,0,0,-100000,0,0,0,0,100000,-100000,-100000
067800,SP黃豆凱基04購01,0,0,0,0,0,0,0,0,0,-100000,0,0,0,0,100000,-100000,-100000
068012,台虹元大01購04  ,0,0,0,0,0,0,0,0,0,-100000,0,0,0,0,100000,-100000,-100000
067996,南亞科元大01購02,0,0,0,0,0,0,0,0,0,-100000,0,0,0,0,100000,-100000,-100000
08297P,寶成元大9C售01  ,0,0,0,0,0,0,0,0,0,-100000,0,0,0,0,100000,-100000,-100000
08318P,台積電台新01售01,0,0,0,0,0,0,0,0,0,-100000,0,0,0,0,100000,-100000,-100000
08493P,嘉澤元大9C售01  ,0,0,0,0,0,0,0,0,0,-100000,0,0,0,0,100000,-100000,-100000
08010P,大成鋼元大9B售01,0,0,0,0,0,0,0,0,0,-100000,0,0,0,0,100000,-100000,-100000
08060P,嘉澤元大9B售01  ,0,0,0,0,0,0,0,0,0,-100000,0,0,0,0,100000,-100000,-100000
07950P,智邦元大9B售04  ,0,0,0,0,0,0,0,0,0,-100000,0,0,0,0,100000,-100000,-100000
07812P,大立光統一9A售06,0,0,0,0,0,0,0,0,0,-100000,0,0,0,0,100000,-100000,-100000
08194P,同欣電國票9C售03,0,0,0,0,0,0,0,0,0,-100000,0,0,0,110000,210000,-100000,-100000
08118P,嘉澤元富9B售02  ,0,0,0,0,0,0,0,0,0,-100000,0,0,0,0,100000,-100000,-100000
067399,新日興永豐01購01,0,0,0,0,0,0,0,0,0,-100000,0,0,0,0,100000,-100000,-100000
067659,滬深2X元大03購05,0,0,0,0,0,0,0,0,0,-100000,0,0,0,0,100000,-100000,-100000
067169,台積電麥證01購07,0,0,0,0,100000,-100000,0,0,0,-100000,0,0,0,0,100000,-100000,-100000
067322,達方元大01購01  ,0,0,0,0,0,0,0,0,0,-100000,0,0,0,462000,562000,-100000,-100000
066651,創意康和01購04  ,0,0,0,0,0,0,0,0,0,-100000,0,0,0,72000,172000,-100000,-100000
066847,群創元大01購03  ,0,0,0,0,0,0,0,0,0,-100000,0,0,0,50000,150000,-100000,-100000
067033,新日興康和01購01,0,0,0,0,0,0,0,0,0,-100000,0,0,0,83000,183000,-100000,-100000
066888,長榮航中信07購01,0,0,0,0,0,0,0,0,0,-100000,0,0,0,0,100000,-100000,-100000
058665,台灣50群益9B購02,0,0,0,0,0,0,0,0,0,-100000,0,0,0,1000,101000,-100000,-100000
057338,群創國票99購01  ,0,0,0,0,0,0,0,0,0,-100000,0,0,0,0,100000,-100000,-100000
058911,茂林元大99購04  ,0,0,0,0,0,0,0,0,0,-100000,0,0,0,0,100000,-100000,-100000
058920,SGBR2X元富99購06,0,0,0,0,0,0,0,0,0,-100000,0,0,0,0,100000,-100000,-100000
059188,京元電富邦9B購01,0,0,0,0,0,0,0,0,0,-100000,0,0,0,40000,140000,-100000,-100000
057701,嘉聯益群益98購02,0,0,0,0,0,0,0,0,0,-100000,0,0,0,0,100000,-100000,-100000
058043,鴻海元大98購13  ,0,0,0,0,0,0,0,0,0,-100000,0,0,0,0,100000,-100000,-100000
058477,億光凱基9A購01  ,0,0,0,0,0,0,0,0,0,-100000,0,0,0,8000,108000,-100000,-100000
060454,葡萄王元大9A購01,0,0,0,0,0,0,0,0,0,-100000,0,0,0,0,100000,-100000,-100000
056764,友達元大9A購03  ,0,0,0,0,0,0,0,0,0,-100000,0,0,0,100000,200000,-100000,-100000
055698,茂林國票98購03  ,0,0,0,0,0,0,0,0,0,-100000,0,0,0,0,100000,-100000,-100000
055969,彩晶元大99購02  ,0,0,0,0,0,0,0,0,0,-100000,0,0,0,0,100000,-100000,-100000
055377,揚明光元大98購01,0,0,0,0,0,0,0,0,0,-100000,0,0,0,0,100000,-100000,-100000
055597,禾伸堂元大98購02,0,0,0,0,0,0,0,0,0,-100000,0,0,0,0,100000,-100000,-100000
057051,群創元大9B購03  ,0,0,0,0,0,0,0,0,0,-100000,0,0,0,0,100000,-100000,-100000
056902,大立光元大98購12,0,0,0,0,0,0,0,0,0,-100000,0,0,0,0,100000,-100000,-100000
056991,牧德兆豐98購01  ,0,0,0,0,0,0,0,0,0,-100000,0,0,0,0,100000,-100000,-100000
054466,欣興凱基97購03  ,0,0,0,0,0,0,0,0,0,-100000,0,0,0,0,100000,-100000,-100000
049842,道瓊反中信98購01,0,0,0,0,0,0,0,0,0,-100000,0,0,0,0,100000,-100000,-100000
03004P,華擎群益02售02  ,100000,0,100000,0,0,0,0,0,0,-200000,0,0,0,0,200000,-200000,-100000
03064X,元展59          ,0,0,0,0,0,0,0,0,0,-100000,0,0,0,0,100000,-100000,-100000
053323,群創群益98購07  ,0,0,0,0,0,0,0,0,0,-100000,0,0,0,0,100000,-100000,-100000
052853,友達日盛99購01  ,0,0,0,0,0,0,0,0,0,-100000,0,0,0,0,100000,-100000,-100000
061741,新光金凱基9B購01,0,0,0,0,0,0,0,0,0,-100000,0,0,0,0,100000,-100000,-100000
062693,中石化元大02購01,0,0,0,0,0,0,0,0,0,-100000,0,0,0,0,100000,-100000,-100000
062755,茂林麥證9B購01  ,0,0,0,0,100000,-100000,0,0,0,-100000,0,0,0,0,100000,-100000,-100000
065106,S&P反1國票9C購02,0,0,0,0,0,0,0,0,0,-100000,0,0,0,0,100000,-100000,-100000
065675,茂林凱基03購01  ,0,0,0,0,0,0,0,0,0,-100000,0,0,0,10000,110000,-100000,-100000
06553P,訊芯元大98售05  ,0,0,0,0,0,0,0,0,0,-100000,0,0,0,0,100000,-100000,-100000
065375,神基元大03購01  ,0,0,0,0,0,0,0,0,0,-100000,0,0,0,0,100000,-100000,-100000
066374,臺股指中信04購01,0,0,0,0,0,0,0,0,0,-100000,0,0,0,9000,109000,-100000,-100000
2413,環科            ,1000,101000,-100000,0,0,0,0,0,0,0,0,0,0,0,0,0,-100000
08003P,國巨國泰9B售07  ,0,0,0,0,0,0,0,0,0,-101000,0,0,0,9000,110000,-101000,-101000
08372P,大立光凱基01售04,0,0,0,0,0,0,0,0,0,-101000,0,0,0,86000,187000,-101000,-101000
07358P,鴻海元大99售39  ,0,0,0,0,0,0,0,0,0,-101000,0,0,0,10000,111000,-101000,-101000
054807,台化元大9A購02  ,0,0,0,0,0,0,0,0,0,-101000,0,0,0,0,101000,-101000,-101000
056466,臺股指凱基99購08,0,0,0,0,0,0,0,0,0,-101000,0,0,0,0,101000,-101000,-101000
058877,T50反1國泰9B購01,0,0,0,0,0,0,0,0,0,-101000,0,0,0,0,101000,-101000,-101000
065175,大立光元大01購05,0,0,0,0,0,0,0,0,0,-101000,0,0,0,35000,136000,-101000,-101000
064706,嘉晶富邦01購01  ,0,0,0,0,0,0,0,0,0,-101000,0,0,0,50000,151000,-101000,-101000
1560,中砂            ,92000,123000,-31000,0,0,0,0,0,0,-70000,0,70000,-70000,0,0,0,-101000
8021,尖點            ,623000,715000,-92000,0,0,0,0,0,0,-9000,0,9000,-9000,0,0,0,-101000
066857,大立光國票02購02,0,0,0,0,0,0,0,0,0,-102000,0,0,0,0,102000,-102000,-102000
066746,聯茂元大01購01  ,0,0,0,0,0,0,0,0,0,-102000,0,0,0,184000,286000,-102000,-102000
066506,宏達電富邦03購01,0,0,0,0,0,0,0,0,0,-102000,0,0,0,0,102000,-102000,-102000
066504,全新富邦03購01  ,0,0,0,0,0,0,0,0,0,-102000,0,0,0,0,102000,-102000,-102000
059288,旺宏元富99購03  ,0,0,0,0,0,0,0,0,0,-102000,0,0,0,0,102000,-102000,-102000
057556,智易凱基99購01  ,0,0,0,0,0,0,0,0,0,-102000,0,0,0,92000,194000,-102000,-102000
060451,中石化元大9C購02,0,0,0,0,0,0,0,0,0,-102000,0,0,0,0,102000,-102000,-102000
062579,華通統一01購02  ,0,0,0,0,0,0,0,0,0,-102000,0,0,0,49000,151000,-102000,-102000
063418,京元電凱基9B購03,0,0,0,0,0,0,0,0,0,-102000,0,0,0,5000,107000,-102000,-102000
064655,聚陽元大9C購02  ,0,0,0,0,0,0,0,0,0,-102000,0,0,0,17000,119000,-102000,-102000
064529,友達中信01購03  ,0,0,0,0,0,0,0,0,0,-102000,0,0,0,0,102000,-102000,-102000
064580,統一永豐9C購01  ,0,0,0,0,0,0,0,0,0,-102000,0,0,0,4000,106000,-102000,-102000
6451,訊芯-KY         ,381000,458000,-77000,0,0,0,0,0,0,-25000,1000,9000,-8000,24000,41000,-17000,-102000
1474,弘裕            ,108000,210000,-102000,0,0,0,0,0,0,0,0,0,0,0,0,0,-102000
066899,義隆康和01購01  ,0,0,0,0,0,0,0,0,0,-103000,0,0,0,456000,559000,-103000,-103000
067245,康控群益01購03  ,0,0,0,0,0,0,0,0,0,-103000,0,0,0,10000,113000,-103000,-103000
08411P,技嘉凱基9C售01  ,0,0,0,0,0,0,0,0,0,-103000,0,0,0,10000,113000,-103000,-103000
08549P,大立光元大9C售25,0,0,0,0,0,0,0,0,0,-103000,0,0,0,38000,141000,-103000,-103000
059661,大立光元大99購22,0,0,0,0,0,0,0,0,0,-103000,0,0,0,21000,124000,-103000,-103000
053361,友達元富99購01  ,0,0,0,0,0,0,0,0,0,-103000,0,0,0,3000,106000,-103000,-103000
057087,台郡統一99購01  ,0,0,0,0,0,0,0,0,0,-103000,0,0,0,0,103000,-103000,-103000
060161,牧德永豐9A購02  ,0,0,0,0,0,0,0,0,0,-103000,0,0,0,17000,120000,-103000,-103000
062030,旭富群益9B購01  ,0,0,0,0,0,0,0,0,0,-103000,0,0,0,0,103000,-103000,-103000
062695,華通元大9C購01  ,0,0,0,0,0,0,0,0,0,-103000,0,0,0,25000,128000,-103000,-103000
061950,日月光群益9B購01,0,0,0,0,0,0,0,0,0,-103000,0,0,0,0,103000,-103000,-103000
065356,聯發科元富03購06,0,0,0,0,0,0,0,0,0,-103000,0,0,0,29000,132000,-103000,-103000
065529,聯發科中信01購04,0,0,0,0,0,0,0,0,0,-103000,0,0,0,1941000,2044000,-103000,-103000
08642P,華新科群益9C售06,0,0,0,0,0,0,0,0,0,-104000,0,0,0,116000,220000,-104000,-104000
08464P,牧德永豐9C售02  ,0,0,0,0,0,0,0,0,0,-104000,0,0,0,50000,154000,-104000,-104000
066741,華擎元大01購03  ,0,0,0,0,0,0,0,0,0,-104000,0,0,0,23000,127000,-104000,-104000
058694,鈺齊國票9A購02  ,0,0,0,0,0,0,0,0,0,-104000,0,0,0,17000,121000,-104000,-104000
058248,聯茂元大99購05  ,0,0,0,0,0,0,0,0,0,-104000,0,0,0,94000,198000,-104000,-104000
062466,FBVIX凱基9B購01 ,0,0,0,0,0,0,0,0,0,-104000,0,0,0,46000,150000,-104000,-104000
061027,儒鴻永豐9A購02  ,0,0,0,0,0,0,0,0,0,-104000,0,0,0,3000,107000,-104000,-104000
059921,大立光元大99購24,0,0,0,0,0,0,0,0,0,-104000,0,0,0,12000,116000,-104000,-104000
063778,亞德客永豐9B購02,0,0,0,0,0,0,0,0,0,-104000,0,0,0,0,104000,-104000,-104000
064275,台光電元大9C購03,0,0,0,0,0,0,0,0,0,-104000,0,0,0,206000,310000,-104000,-104000
08849P,國巨群益01售07  ,0,0,0,0,0,0,0,0,0,-104000,0,0,0,6000,110000,-104000,-104000
066940,T50反1元大01購03,0,0,0,0,0,0,0,0,0,-105000,0,0,0,0,105000,-105000,-105000
066728,台積電元大01購15,0,0,0,0,0,0,0,0,0,-105000,0,0,0,0,105000,-105000,-105000
06726P,欣興元富98售04  ,0,0,0,0,0,0,0,0,0,-105000,0,0,0,0,105000,-105000,-105000
067038,滬深2X凱基04購02,0,0,0,0,0,0,0,0,0,-105000,0,0,0,0,105000,-105000,-105000
058068,旺宏凱基98購11  ,0,0,0,0,0,0,0,0,0,-105000,0,0,0,15000,120000,-105000,-105000
03028P,玉晶光元大01售11,0,0,0,0,0,0,0,0,0,-105000,0,0,0,0,105000,-105000,-105000
062233,神隆凱基9B購01  ,0,0,0,0,0,0,0,0,0,-105000,0,0,0,87000,192000,-105000,-105000
08974P,可成群益02售02  ,0,0,0,0,0,0,0,0,0,-105000,0,0,0,49000,154000,-105000,-105000
067282,金像電國票02購02,0,0,0,0,0,0,0,0,0,-106000,0,0,0,23000,129000,-106000,-106000
067207,微星元大01購04  ,0,0,0,0,0,0,0,0,0,-106000,0,0,0,23000,129000,-106000,-106000
067542,旭富群益01購03  ,0,0,0,0,0,0,0,0,0,-106000,0,0,0,0,106000,-106000,-106000
067540,新日興群益02購01,0,0,0,0,0,0,0,0,0,-106000,0,0,0,0,106000,-106000,-106000
066993,世紀鋼群益01購03,0,0,0,0,0,0,0,0,0,-106000,0,0,0,33000,139000,-106000,-106000
066871,台表科元富07購01,0,0,0,0,0,0,0,0,0,-106000,0,0,0,50000,156000,-106000,-106000
062310,南亞科凱基9B購02,0,0,0,0,0,0,0,0,0,-106000,0,0,0,0,106000,-106000,-106000
062718,技嘉凱基9B購01  ,0,0,0,0,0,0,0,0,0,-106000,0,0,0,19000,125000,-106000,-106000
060297,和碩元大9A購02  ,0,0,0,0,0,0,0,0,0,-106000,0,0,0,0,106000,-106000,-106000
061427,旭富元大9A購02  ,0,0,0,0,0,0,0,0,0,-106000,0,0,0,95000,201000,-106000,-106000
064560,技嘉群益01購01  ,0,0,0,0,0,0,0,0,0,-106000,0,0,0,23000,129000,-106000,-106000
067967,玉山金群益01購01,0,0,0,0,0,0,0,0,0,-107000,0,0,0,0,107000,-107000,-107000
058699,楠梓電元大99購02,0,0,0,0,0,0,0,0,0,-107000,0,0,0,0,107000,-107000,-107000
060127,牧德永豐99購02  ,0,0,0,0,0,0,0,0,0,-107000,0,0,0,18000,125000,-107000,-107000
064780,義隆群益9C購04  ,0,0,0,0,0,0,0,0,0,-107000,0,0,0,25000,132000,-107000,-107000
08801P,聯發科元大01售13,0,0,0,0,0,0,0,0,0,-107000,0,0,0,511000,618000,-107000,-107000
2534,宏盛            ,28000,135000,-107000,0,0,0,0,0,0,0,0,0,0,0,0,0,-107000
068017,玉晶光國票01購09,0,0,0,0,0,0,0,0,0,-108000,0,0,0,0,108000,-108000,-108000
066775,智原富邦03購01  ,0,0,0,0,0,0,0,0,0,-108000,0,0,0,15000,123000,-108000,-108000
066593,奇鋐群益01購01  ,0,0,0,0,0,0,0,0,0,-108000,0,0,0,35000,143000,-108000,-108000
059358,旺宏永豐99購02  ,0,0,0,0,0,0,0,0,0,-108000,0,0,0,0,108000,-108000,-108000
062153,智邦麥證9B購01  ,0,0,0,0,108000,-108000,0,0,0,-108000,0,0,0,0,108000,-108000,-108000
064842,南六統一9C購04  ,0,0,0,0,0,0,0,0,0,-108000,0,0,0,55000,163000,-108000,-108000
064485,儒鴻元大01購01  ,0,0,0,0,0,0,0,0,0,-108000,0,0,0,85000,193000,-108000,-108000
063943,台光電元大9C購02,0,0,0,0,0,0,0,0,0,-108000,0,0,0,85000,193000,-108000,-108000
065892,聯發科統一02購04,0,0,0,0,0,0,0,0,0,-108000,0,0,0,305000,413000,-108000,-108000
08760P,瑞昱元大01售02  ,0,0,0,0,0,0,0,0,0,-108000,0,0,0,0,108000,-108000,-108000
066785,台光電麥證01購01,0,0,0,0,109000,-109000,0,0,0,-109000,0,0,0,0,109000,-109000,-109000
067217,康控元大01購02  ,0,0,0,0,0,0,0,0,0,-109000,0,0,0,0,109000,-109000,-109000
059425,SGBR2X元大9A購02,0,0,0,0,0,0,0,0,0,-109000,0,0,0,91000,200000,-109000,-109000
056113,新日興兆豐98購01,0,0,0,0,0,0,0,0,0,-109000,0,0,0,0,109000,-109000,-109000
3518,柏騰            ,17000,125000,-108000,0,0,0,0,0,0,-1000,0,1000,-1000,0,0,0,-109000
067541,華擎群益01購06  ,0,0,0,0,0,0,0,0,0,-110000,0,0,0,0,110000,-110000,-110000
066855,樺漢元大01購03  ,0,0,0,0,0,0,0,0,0,-110000,0,0,0,3000,113000,-110000,-110000
067018,FB上証中信02購01,0,0,0,0,0,0,0,0,0,-110000,0,0,0,5000,115000,-110000,-110000
066909,義隆凱基01購04  ,0,0,0,0,0,0,0,0,0,-110000,0,0,0,34000,144000,-110000,-110000
067966,聯發科群益01購09,0,0,0,0,0,0,0,0,0,-110000,0,0,0,0,110000,-110000,-110000
07255P,國巨凱基99售15  ,0,0,0,0,0,0,0,0,0,-110000,0,0,0,0,110000,-110000,-110000
07030P,鈺齊群益99售01  ,0,0,0,0,0,0,0,0,0,-110000,0,0,0,20000,130000,-110000,-110000
08419P,元金2X群益9C售01,0,0,0,0,0,0,0,0,0,-110000,0,0,0,0,110000,-110000,-110000
08058P,華新科元大9B售10,0,0,0,0,0,0,0,0,0,-110000,0,0,0,0,110000,-110000,-110000
056158,新日興凱基98購02,0,0,0,0,0,0,0,0,0,-110000,0,0,0,10000,120000,-110000,-110000
053584,友達元大9B購02  ,0,0,0,0,0,0,0,0,0,-110000,0,0,0,100000,210000,-110000,-110000
057105,致茂群益9A購01  ,0,0,0,0,0,0,0,0,0,-110000,0,0,0,644000,754000,-110000,-110000
057453,矽創元富98購01  ,0,0,0,0,0,0,0,0,0,-110000,0,0,0,0,110000,-110000,-110000
057977,台光電永豐98購02,0,0,0,0,0,0,0,0,0,-110000,0,0,0,22000,132000,-110000,-110000
061223,T50反1中信01購01,0,0,0,0,0,0,0,0,0,-110000,0,0,0,0,110000,-110000,-110000
062652,上証2X永豐9B購01,0,0,0,0,0,0,0,0,0,-110000,0,0,0,0,110000,-110000,-110000
062562,瑞儀凱基9B購02  ,0,0,0,0,0,0,0,0,0,-110000,0,0,0,11000,121000,-110000,-110000
061665,旺宏中信9C購01  ,0,0,0,0,0,0,0,0,0,-110000,0,0,0,15000,125000,-110000,-110000
065944,大成鋼統一02購01,0,0,0,0,0,0,0,0,0,-110000,0,0,0,0,110000,-110000,-110000
065226,華通凱基01購01  ,0,0,0,0,0,0,0,0,0,-110000,0,0,0,30000,140000,-110000,-110000
064517,國巨群益02購01  ,0,0,0,0,0,0,0,0,0,-110000,0,0,0,0,110000,-110000,-110000
064414,臺股指凱基9C購10,0,0,0,0,0,0,0,0,0,-110000,0,0,0,27000,137000,-110000,-110000
064977,玉晶光元大01購03,0,0,0,0,0,0,0,0,0,-110000,0,0,0,54000,164000,-110000,-110000
07703P,玉晶光中信9B售03,0,0,0,0,0,0,0,0,0,-111000,0,0,0,180000,291000,-111000,-111000
06755P,大立光永豐98售03,0,0,0,0,0,0,0,0,0,-111000,0,0,0,1000,112000,-111000,-111000
067318,康控元大01購03  ,0,0,0,0,0,0,0,0,0,-111000,0,0,0,0,111000,-111000,-111000
057838,台郡國泰99購01  ,0,0,0,0,0,0,0,0,0,-111000,0,0,0,0,111000,-111000,-111000
063753,矽創國票9C購01  ,0,0,0,0,0,0,0,0,0,-111000,0,0,0,35000,146000,-111000,-111000
060546,旺宏凱基9A購02  ,0,0,0,0,0,0,0,0,0,-111000,0,0,0,0,111000,-111000,-111000
062994,祥碩群益9B購05  ,0,0,0,0,0,0,0,0,0,-111000,0,0,0,86000,197000,-111000,-111000
064543,華通凱基02購02  ,0,0,0,0,0,0,0,0,0,-111000,0,0,0,12000,123000,-111000,-111000
066015,健策元富01購01  ,0,0,0,0,0,0,0,0,0,-111000,0,0,0,112000,223000,-111000,-111000
08991P,玉晶光元大01售06,0,0,0,0,0,0,0,0,0,-111000,0,0,0,116000,227000,-111000,-111000
2431,聯昌            ,5000,114000,-109000,0,0,0,0,0,0,-2000,0,2000,-2000,0,0,0,-111000
07011P,宏達電凱基99售02,0,0,0,0,0,0,0,0,0,-112000,0,0,0,38000,150000,-112000,-112000
058431,國巨統一9B購01  ,0,0,0,0,0,0,0,0,0,-112000,0,0,0,496000,608000,-112000,-112000
057599,技嘉群益9A購01  ,0,0,0,0,0,0,0,0,0,-112000,0,0,0,14000,126000,-112000,-112000
061084,京元電兆豐9A購02,0,0,0,0,0,0,0,0,0,-112000,0,0,0,80000,192000,-112000,-112000
063100,聚陽群益9C購02  ,0,0,0,0,0,0,0,0,0,-112000,0,0,0,0,112000,-112000,-112000
063116,大立光麥證9C購01,0,0,0,0,112000,-112000,0,0,0,-112000,0,0,0,0,112000,-112000,-112000
063739,台勝科元大9B購03,0,0,0,0,0,0,0,0,0,-112000,0,0,0,113000,225000,-112000,-112000
066321,華碩永豐01購01  ,0,0,0,0,0,0,0,0,0,-112000,0,0,0,260000,372000,-112000,-112000
065733,茂林凱基9C購03  ,0,0,0,0,0,0,0,0,0,-112000,0,0,0,74000,186000,-112000,-112000
065094,新日興元大9C購04,0,0,0,0,0,0,0,0,0,-112000,0,0,0,36000,148000,-112000,-112000
08910P,宏達電凱基01售02,0,0,0,0,0,0,0,0,0,-112000,0,0,0,20000,132000,-112000,-112000
066895,台勝科兆豐01購01,0,0,0,0,0,0,0,0,0,-113000,0,0,0,46000,159000,-113000,-113000
056726,友達日盛9A購01  ,0,0,0,0,0,0,0,0,0,-113000,0,0,0,0,113000,-113000,-113000
058874,聯鈞國票9A購01  ,0,0,0,0,0,0,0,0,0,-113000,0,0,0,60000,173000,-113000,-113000
060640,京鼎永豐9A購01  ,0,0,0,0,0,0,0,0,0,-113000,0,0,0,47000,160000,-113000,-113000
063162,國喬永豐9B購01  ,0,0,0,0,0,0,0,0,0,-113000,0,0,0,0,113000,-113000,-113000
064162,貿聯統一02購01  ,0,0,0,0,0,0,0,0,0,-113000,0,0,0,0,113000,-113000,-113000
2062,橋椿            ,20000,133000,-113000,0,0,0,0,0,0,0,0,0,0,0,0,0,-113000
067081,華擎元大01購05  ,0,0,0,0,0,0,0,0,0,-114000,0,0,0,38000,152000,-114000,-114000
067892,玉晶光群益02購06,0,0,0,0,0,0,0,0,0,-114000,0,0,0,89000,203000,-114000,-114000
057408,台郡群益98購01  ,0,0,0,0,0,0,0,0,0,-114000,0,0,0,21000,135000,-114000,-114000
058345,台光電群益99購03,0,0,0,0,0,0,0,0,0,-114000,0,0,0,0,114000,-114000,-114000
056366,玉晶光元大99購04,0,0,0,0,0,0,0,0,0,-114000,0,0,0,27000,141000,-114000,-114000
064068,義隆永豐9C購01  ,0,0,0,0,0,0,0,0,0,-114000,0,0,0,146000,260000,-114000,-114000
064478,聚陽富邦01購01  ,0,0,0,0,0,0,0,0,0,-114000,0,0,0,64000,178000,-114000,-114000
065005,台光電國票01購02,0,0,0,0,0,0,0,0,0,-114000,0,0,0,56000,170000,-114000,-114000
065760,和碩元大9C購02  ,0,0,0,0,0,0,0,0,0,-114000,0,0,0,200000,314000,-114000,-114000
065403,健鼎國泰02購01  ,0,0,0,0,0,0,0,0,0,-114000,0,0,0,49000,163000,-114000,-114000
08932P,矽格元富01售01  ,0,0,0,0,0,0,0,0,0,-114000,0,0,0,385000,499000,-114000,-114000
3494,誠研            ,37000,151000,-114000,0,0,0,0,0,0,0,0,0,0,0,0,0,-114000
067963,宏碁群益02購01  ,0,0,0,0,0,0,0,0,0,-115000,0,0,0,0,115000,-115000,-115000
08187P,大毅群益9B售04  ,0,0,0,0,0,0,0,0,0,-115000,0,0,0,0,115000,-115000,-115000
067201,A50正2元大03購01,0,0,0,0,0,0,0,0,0,-115000,0,0,0,0,115000,-115000,-115000
058790,楠梓電元大99購03,0,0,0,0,0,0,0,0,0,-115000,0,0,0,54000,169000,-115000,-115000
059867,華邦電凱基99購02,0,0,0,0,0,0,0,0,0,-115000,0,0,0,0,115000,-115000,-115000
060777,茂林凱基9C購01  ,0,0,0,0,0,0,0,0,0,-115000,0,0,0,0,115000,-115000,-115000
062996,致茂國票9C購01  ,0,0,0,0,0,0,0,0,0,-115000,0,0,0,407000,522000,-115000,-115000
064775,和大群益01購01  ,0,0,0,0,0,0,0,0,0,-115000,0,0,0,0,115000,-115000,-115000
066557,京鼎元大01購01  ,0,0,0,0,0,0,0,0,0,-116000,0,0,0,187000,303000,-116000,-116000
058337,日月光元富99購01,0,0,0,0,0,0,0,0,0,-116000,0,0,0,69000,185000,-116000,-116000
056459,茂林凱基99購01  ,0,0,0,0,0,0,0,0,0,-116000,0,0,0,50000,166000,-116000,-116000
062814,台光電兆豐9B購01,0,0,0,0,0,0,0,0,0,-116000,0,0,0,6000,122000,-116000,-116000
064265,嘉聯益永豐9C購02,0,0,0,0,0,0,0,0,0,-116000,0,0,0,146000,262000,-116000,-116000
065544,和大兆豐01購01  ,0,0,0,0,0,0,0,0,0,-116000,0,0,0,85000,201000,-116000,-116000
066027,華擎群益02購01  ,0,0,0,0,0,0,0,0,0,-116000,0,0,0,0,116000,-116000,-116000
066089,文曄永豐01購01  ,0,0,0,0,0,0,0,0,0,-116000,0,0,0,0,116000,-116000,-116000
066515,強茂永豐01購02  ,0,0,0,0,0,0,0,0,0,-117000,0,0,0,0,117000,-117000,-117000
066725,華通元大01購05  ,0,0,0,0,0,0,0,0,0,-117000,0,0,0,112000,229000,-117000,-117000
067208,瑞昱元大01購03  ,0,0,0,0,0,0,0,0,0,-117000,0,0,0,84000,201000,-117000,-117000
067055,上証2X元大01購03,0,0,0,0,0,0,0,0,0,-117000,0,0,0,0,117000,-117000,-117000
057713,美律統一99購01  ,0,0,0,0,0,0,0,0,0,-117000,0,0,0,370000,487000,-117000,-117000
059821,美律凱基99購08  ,0,0,0,0,0,0,0,0,0,-117000,0,0,0,16000,133000,-117000,-117000
061662,瑞儀永豐9A購02  ,0,0,0,0,0,0,0,0,0,-117000,0,0,0,40000,157000,-117000,-117000
060688,世紀鋼元大9C購01,0,0,0,0,0,0,0,0,0,-117000,0,0,0,157000,274000,-117000,-117000
066097,英業達中信02購01,0,0,0,0,0,0,0,0,0,-117000,0,0,0,6000,123000,-117000,-117000
065878,麗豐群益02購01  ,0,0,0,0,0,0,0,0,0,-117000,0,0,0,14000,131000,-117000,-117000
065545,華通兆豐9C購03  ,0,0,0,0,0,0,0,0,0,-117000,0,0,0,20000,137000,-117000,-117000
064476,金像電國泰02購01,0,0,0,0,0,0,0,0,0,-117000,0,0,0,335000,452000,-117000,-117000
067125,健策富邦03購01  ,0,0,0,0,0,0,0,0,0,-118000,0,0,0,4000,122000,-118000,-118000
067621,友達國泰02購01  ,0,0,0,0,0,0,0,0,0,-118000,0,0,0,0,118000,-118000,-118000
066508,世紀鋼富邦03購01,0,0,0,0,0,0,0,0,0,-118000,0,0,0,24000,142000,-118000,-118000
08486P,富邦金群益9C售02,0,0,0,0,0,0,0,0,0,-118000,0,0,0,0,118000,-118000,-118000
058271,訊連永豐99購01  ,0,0,0,0,0,0,0,0,0,-118000,0,0,0,73000,191000,-118000,-118000
056755,聯茂兆豐98購01  ,0,0,0,0,0,0,0,0,0,-118000,0,0,0,12000,130000,-118000,-118000
063103,技嘉群益9B購01  ,0,0,0,0,0,0,0,0,0,-118000,0,0,0,153000,271000,-118000,-118000
063356,台表科元富02購01,0,0,0,0,0,0,0,0,0,-118000,0,0,0,0,118000,-118000,-118000
063054,健鼎統一01購01  ,0,0,0,0,0,0,0,0,0,-118000,0,0,0,168000,286000,-118000,-118000
062218,燿華統一01購01  ,0,0,0,0,0,0,0,0,0,-118000,0,0,0,136000,254000,-118000,-118000
062408,致新永豐9B購01  ,0,0,0,0,0,0,0,0,0,-118000,0,0,0,54000,172000,-118000,-118000
2637,慧洋-KY         ,36000,157000,-121000,0,0,0,0,0,0,3000,0,0,0,3000,0,3000,-118000
4746,台耀            ,211000,345000,-134000,0,0,0,0,0,0,16000,17000,1000,16000,0,0,0,-118000
1337,再生-KY         ,17000,133000,-116000,0,0,0,0,0,0,-2000,0,2000,-2000,0,0,0,-118000
08414P,超眾凱基9C售02  ,0,0,0,0,0,0,0,0,0,-119000,0,0,0,81000,200000,-119000,-119000
07034P,大立光元富99售03,0,0,0,0,0,0,0,0,0,-119000,0,0,0,67000,186000,-119000,-119000
03452B,臺股指凱基03熊05,0,0,0,0,0,0,0,0,0,-119000,0,0,0,46000,165000,-119000,-119000
062780,旺宏元大01購01  ,0,0,0,0,0,0,0,0,0,-119000,0,0,0,6000,125000,-119000,-119000
060915,旭富元大9A購01  ,0,0,0,0,0,0,0,0,0,-119000,0,0,0,101000,220000,-119000,-119000
063415,台積電凱基03購01,0,0,0,0,0,0,0,0,0,-119000,0,0,0,22000,141000,-119000,-119000
061439,寶成凱基9A購01  ,0,0,0,0,0,0,0,0,0,-119000,0,0,0,58000,177000,-119000,-119000
064640,和大凱基03購01  ,0,0,0,0,0,0,0,0,0,-119000,0,0,0,1000,120000,-119000,-119000
065285,宏碁群益01購01  ,0,0,0,0,0,0,0,0,0,-119000,0,0,0,323000,442000,-119000,-119000
2355,敬鵬            ,388000,480000,-92000,0,0,0,0,0,0,-27000,2000,6000,-4000,10000,33000,-23000,-119000
08443P,臺股指麥證01售02,0,0,0,1198000,1318000,-120000,0,0,0,-120000,0,0,0,1198000,1318000,-120000,-120000
08303P,聯發科富邦9C售05,0,0,0,0,0,0,0,0,0,-120000,0,0,0,0,120000,-120000,-120000
08115P,聯發科凱基9B售13,0,0,0,0,0,0,0,0,0,-120000,0,0,0,0,120000,-120000,-120000
07825P,健策國泰9B售04  ,0,0,0,0,0,0,0,0,0,-120000,0,0,0,33000,153000,-120000,-120000
067473,旺宏元大02購01  ,0,0,0,0,0,0,0,0,0,-120000,0,0,0,0,120000,-120000,-120000
067202,聚陽元大01購02  ,0,0,0,0,0,0,0,0,0,-120000,0,0,0,62000,182000,-120000,-120000
067244,康控群益01購02  ,0,0,0,0,0,0,0,0,0,-120000,0,0,0,60000,180000,-120000,-120000
063262,南六富邦9C購01  ,0,0,0,0,0,0,0,0,0,-120000,0,0,0,0,120000,-120000,-120000
062294,盛群永豐9B購01  ,0,0,0,0,0,0,0,0,0,-120000,0,0,0,13000,133000,-120000,-120000
065237,茂林凱基01購01  ,0,0,0,0,0,0,0,0,0,-120000,0,0,0,10000,130000,-120000,-120000
065881,京元電台新9C購01,0,0,0,0,0,0,0,0,0,-120000,0,0,0,0,120000,-120000,-120000
066133,京元電群益01購01,0,0,0,0,0,0,0,0,0,-120000,0,0,0,10000,130000,-120000,-120000
08929P,可成元富07售04  ,0,0,0,0,0,0,0,0,0,-120000,0,0,0,11000,131000,-120000,-120000
08964P,美律台新01售01  ,0,0,0,0,0,0,0,0,0,-120000,0,0,0,7000,127000,-120000,-120000
08737P,聯詠凱基01售01  ,0,0,0,0,0,0,0,0,0,-120000,0,0,0,10000,130000,-120000,-120000
3003,健和興          ,66000,183000,-117000,0,0,0,0,0,0,-3000,0,1000,-1000,0,2000,-2000,-120000
067147,台積電統一04購01,0,0,0,0,0,0,0,0,0,-121000,0,0,0,391000,512000,-121000,-121000
067101,華邦電群益01購02,0,0,0,0,0,0,0,0,0,-121000,0,0,0,40000,161000,-121000,-121000
066494,旺宏國泰03購01  ,0,0,0,0,0,0,0,0,0,-121000,0,0,0,5000,126000,-121000,-121000
066797,台積電凱基02購09,0,0,0,0,0,0,0,0,0,-121000,0,0,0,10000,131000,-121000,-121000
063820,華邦電麥證01購01,0,0,0,0,121000,-121000,0,0,0,-121000,0,0,0,0,121000,-121000,-121000
066737,創意元大01購05  ,0,0,0,0,0,0,0,0,0,-122000,0,0,0,89000,211000,-122000,-122000
08229P,祥碩國票9B售04  ,0,0,0,0,0,0,0,0,0,-122000,0,0,0,0,122000,-122000,-122000
06929P,鴻海元大99售11  ,0,0,0,0,0,0,0,0,0,-122000,0,0,0,0,122000,-122000,-122000
058406,聯茂元大99購06  ,0,0,0,0,0,0,0,0,0,-122000,0,0,0,0,122000,-122000,-122000
064345,創意元大9C購03  ,0,0,0,0,0,0,0,0,0,-122000,0,0,0,20000,142000,-122000,-122000
08074P,緯穎元富9B售02  ,0,0,0,0,0,0,0,0,0,-123000,0,0,0,40000,163000,-123000,-123000
08315P,台積電元大9C售08,0,0,0,0,0,0,0,0,0,-123000,0,0,0,57000,180000,-123000,-123000
08321P,世芯永豐9C售01  ,0,0,0,0,0,0,0,0,0,-123000,0,0,0,0,123000,-123000,-123000
067461,晶碩永豐01購02  ,0,0,0,0,0,0,0,0,0,-123000,0,0,0,0,123000,-123000,-123000
057684,聯茂日盛99購01  ,0,0,0,0,0,0,0,0,0,-123000,0,0,0,0,123000,-123000,-123000
064990,世紀鋼元大01購01,0,0,0,0,0,0,0,0,0,-123000,0,0,0,180000,303000,-123000,-123000
065436,力成凱基02購01  ,0,0,0,0,0,0,0,0,0,-123000,0,0,0,40000,163000,-123000,-123000
2903,遠百            ,228000,328579,-100579,0,0,0,0,0,0,-23000,0,23000,-23000,0,0,0,-123579
066838,致新群益02購02  ,0,0,0,0,0,0,0,0,0,-124000,0,0,0,0,124000,-124000,-124000
08348P,貿聯元大9C售01  ,0,0,0,0,0,0,0,0,0,-124000,0,0,0,0,124000,-124000,-124000
08380P,GIS元大9C售06   ,0,0,0,0,0,0,0,0,0,-124000,0,0,0,41000,165000,-124000,-124000
065845,友達元大9C購12  ,0,0,0,0,0,0,0,0,0,-124000,0,0,0,100000,224000,-124000,-124000
1702,南僑            ,44000,168000,-124000,0,0,0,0,0,0,0,0,0,0,0,0,0,-124000
067181,華通凱基01購02  ,0,0,0,0,0,0,0,0,0,-125000,0,0,0,85000,210000,-125000,-125000
058054,台積電統一9C購01,0,0,0,0,0,0,0,0,0,-125000,0,0,0,188000,313000,-125000,-125000
061903,宏全永豐9B購01  ,0,0,0,0,0,0,0,0,0,-125000,0,0,0,0,125000,-125000,-125000
066129,佳世達群益01購01,0,0,0,0,0,0,0,0,0,-125000,0,0,0,93000,218000,-125000,-125000
064904,茂林群益9C購02  ,0,0,0,0,0,0,0,0,0,-125000,0,0,0,70000,195000,-125000,-125000
064091,台郡凱基01購01  ,0,0,0,0,0,0,0,0,0,-125000,0,0,0,0,125000,-125000,-125000
6197,佳必琪          ,30000,150000,-120000,0,0,0,0,4000,-4000,-1000,0,1000,-1000,0,0,0,-125000
07948P,大成鋼凱基9B售01,0,0,0,0,0,0,0,0,0,-126000,0,0,0,0,126000,-126000,-126000
067992,宏碁元大01購01  ,0,0,0,0,0,0,0,0,0,-126000,0,0,0,0,126000,-126000,-126000
058195,鈺齊永豐99購01  ,0,0,0,0,0,0,0,0,0,-126000,0,0,0,50000,176000,-126000,-126000
059807,大立光元富99購09,0,28000,-28000,0,0,0,0,0,0,-98000,0,0,0,72000,170000,-98000,-126000
064644,台光電凱基9C購01,0,0,0,0,0,0,0,0,0,-126000,0,0,0,75000,201000,-126000,-126000
064804,英業達元大9C購01,0,0,0,0,0,0,0,0,0,-126000,0,0,0,161000,287000,-126000,-126000
3040,遠見            ,24000,149000,-125000,0,0,0,0,0,0,-1000,0,1000,-1000,0,0,0,-126000
057982,帆宣永豐98購01  ,0,0,0,0,0,0,0,0,0,-127000,0,0,0,0,127000,-127000,-127000
062984,致新元富9B購01  ,0,0,0,0,0,0,0,0,0,-127000,0,0,0,20000,147000,-127000,-127000
066159,寶成康和01購01  ,0,0,0,0,0,0,0,0,0,-127000,0,0,0,17000,144000,-127000,-127000
3149,正達            ,22000,149000,-127000,0,0,0,0,0,0,0,0,0,0,0,0,0,-127000
2419,仲琦            ,44000,136000,-92000,0,0,0,0,0,0,-35000,0,1000,-1000,1000,35000,-34000,-127000
06971P,台光電元大99售03,0,0,0,0,0,0,0,0,0,-128000,0,0,0,0,128000,-128000,-128000
07706P,長榮航元大9A售03,0,0,0,0,0,0,0,0,0,-128000,0,0,0,0,128000,-128000,-128000
066898,聯發科康和01購01,0,0,0,0,0,0,0,0,0,-128000,0,0,0,266000,394000,-128000,-128000
057988,鈺齊元富98購02  ,0,0,0,0,0,0,0,0,0,-128000,0,0,0,16000,144000,-128000,-128000
053564,台積電富邦99購01,0,0,0,0,0,0,0,0,0,-128000,0,0,0,758000,886000,-128000,-128000
055899,群創中信99購01  ,0,0,0,0,0,0,0,0,0,-128000,0,0,0,0,128000,-128000,-128000
061125,億光永豐9A購01  ,0,0,0,0,0,0,0,0,0,-128000,0,0,0,29000,157000,-128000,-128000
062703,可成元大9C購02  ,0,0,0,0,0,0,0,0,0,-128000,0,0,0,28000,156000,-128000,-128000
063655,華通元富9B購01  ,0,0,0,0,0,0,0,0,0,-128000,0,0,0,100000,228000,-128000,-128000
066294,嘉基元大01購01  ,0,0,0,0,0,0,0,0,0,-128000,0,0,0,6000,134000,-128000,-128000
08738P,TPK凱基01售02   ,0,0,0,0,0,0,0,0,0,-128000,0,0,0,0,128000,-128000,-128000
08739P,台郡凱基01售03  ,0,0,0,0,0,0,0,0,0,-128000,0,0,0,0,128000,-128000,-128000
2607,榮運            ,46000,138000,-92000,0,0,0,0,0,0,-36000,0,36000,-36000,0,0,0,-128000
6205,詮欣            ,27000,152000,-125000,0,0,0,0,0,0,-3000,0,3000,-3000,0,0,0,-128000
2323,中環            ,1100858,911000,189858,0,0,0,0,0,0,-318000,0,154000,-154000,11000,175000,-164000,-128142
066519,達方永豐01購01  ,0,0,0,0,0,0,0,0,0,-129000,0,0,0,18000,147000,-129000,-129000
006206,元大上證50      ,65000,394000,-329000,0,0,0,0,0,0,200000,0,0,0,1040000,840000,200000,-129000
058242,玉晶光元大9A購01,0,0,0,0,0,0,0,0,0,-129000,0,0,0,1000,130000,-129000,-129000
063740,矽格元大9B購03  ,0,0,0,0,0,0,0,0,0,-129000,0,0,0,149000,278000,-129000,-129000
2228,劍麟            ,20000,48000,-28000,0,0,0,0,102000,-102000,1000,0,0,0,1000,0,1000,-129000
2633,台灣高鐵        ,691000,636000,55000,0,0,0,0,109000,-109000,-75000,0,53000,-53000,1000,23000,-22000,-129000
067339,欣興凱基02購01  ,0,0,0,0,0,0,0,0,0,-130000,0,0,0,5000,135000,-130000,-130000
067888,奇力新群益01購02,0,0,0,0,0,0,0,0,0,-130000,0,0,0,52000,182000,-130000,-130000
08264P,南電元大9C售02  ,0,0,0,0,0,0,0,0,0,-130000,0,0,0,10000,140000,-130000,-130000
08634P,大立光元大9C售26,0,0,0,0,0,0,0,0,0,-130000,0,0,0,50000,180000,-130000,-130000
057792,群創統一99購01  ,0,0,0,0,0,0,0,0,0,-130000,0,0,0,0,130000,-130000,-130000
059765,嘉聯益永豐99購02,0,0,0,0,0,0,0,0,0,-130000,0,0,0,22000,152000,-130000,-130000
053058,台光電永昌99購01,0,0,0,0,0,0,0,0,0,-130000,0,0,0,0,130000,-130000,-130000
057649,嘉聯益元大99購04,0,0,0,0,0,0,0,0,0,-130000,0,0,0,100000,230000,-130000,-130000
063556,儒鴻元大9B購02  ,0,0,0,0,0,0,0,0,0,-130000,0,0,0,10000,140000,-130000,-130000
063086,祥碩凱基9C購01  ,0,0,0,0,0,0,0,0,0,-130000,0,0,0,47000,177000,-130000,-130000
062849,中興電永豐9B購02,0,0,0,0,0,0,0,0,0,-130000,0,0,0,86000,216000,-130000,-130000
065524,康控群益01購01  ,0,0,0,0,0,0,0,0,0,-130000,0,0,0,20000,150000,-130000,-130000
065586,嘉聯益富邦03購01,0,0,0,0,0,0,0,0,0,-130000,0,0,0,0,130000,-130000,-130000
064596,台表科統一01購03,0,0,0,0,0,0,0,0,0,-130000,0,0,0,0,130000,-130000,-130000
6226,光鼎            ,117000,246000,-129000,0,0,0,0,0,0,-1000,0,1000,-1000,0,0,0,-130000
1466,聚隆            ,27000,151000,-124000,0,0,0,0,0,0,-6000,0,6000,-6000,0,0,0,-130000
066437,台泥群益02購01  ,0,0,0,0,0,0,0,0,0,-131000,0,0,0,10000,141000,-131000,-131000
06328P,台積電中信01售02,100000,0,100000,0,0,0,0,0,0,-231000,0,0,0,0,231000,-231000,-131000
060571,京元電永豐9A購01,0,0,0,0,0,0,0,0,0,-131000,0,0,0,92000,223000,-131000,-131000
064809,冠德元大9C購01  ,0,0,0,0,0,0,0,0,0,-131000,0,0,0,287000,418000,-131000,-131000
066262,華碩元大01購02  ,0,0,0,0,0,0,0,0,0,-131000,0,0,0,250000,381000,-131000,-131000
067185,宏達電凱基02購01,0,0,0,0,0,0,0,0,0,-132000,0,0,0,91000,223000,-132000,-132000
057690,美律凱基99購03  ,0,0,0,0,0,0,0,0,0,-132000,0,0,0,47000,179000,-132000,-132000
054826,復盛元大9A購01  ,0,0,0,0,0,0,0,0,0,-132000,0,0,0,220000,352000,-132000,-132000
060718,中磊永豐9A購01  ,0,0,0,0,0,0,0,0,0,-132000,0,0,0,155000,287000,-132000,-132000
063571,TPK元大9B購03   ,0,0,0,0,0,0,0,0,0,-132000,0,0,0,7000,139000,-132000,-132000
055331,國巨兆豐99購01  ,0,0,0,0,0,0,0,0,0,-133000,0,0,0,117000,250000,-133000,-133000
059297,大立光元富9C購01,0,0,0,0,0,0,0,0,0,-133000,0,0,0,169000,302000,-133000,-133000
061948,美食群益9B購01  ,0,0,0,0,0,0,0,0,0,-133000,0,0,0,106000,239000,-133000,-133000
059996,美律元富99購01  ,0,0,0,0,0,0,0,0,0,-133000,0,0,0,392000,525000,-133000,-133000
064854,祥碩麥證9C購01  ,0,0,0,62000,195000,-133000,0,0,0,-133000,0,0,0,62000,195000,-133000,-133000
6491,晶碩            ,60000,51000,9000,0,0,0,0,144000,-144000,2000,0,0,0,2000,0,2000,-133000
8011,台通            ,97000,229000,-132000,0,0,0,0,0,0,-1000,0,1000,-1000,0,0,0,-133000
08181P,華新科國泰9C售02,0,0,0,0,0,0,0,0,0,-134000,0,0,0,20000,154000,-134000,-134000
063400,華擎群益9B購03  ,0,0,0,0,0,0,0,0,0,-134000,0,0,0,0,134000,-134000,-134000
6706,惠特            ,353000,595000,-242000,0,0,0,173000,0,173000,-65000,0,0,0,15000,80000,-65000,-134000
067061,亞泥元大01購01  ,0,0,0,0,0,0,0,0,0,-135000,0,0,0,175000,310000,-135000,-135000
067536,大立光群益01購09,0,0,0,0,0,0,0,0,0,-135000,0,0,0,0,135000,-135000,-135000
066421,國產元大01購01  ,0,0,0,0,0,0,0,0,0,-135000,0,0,0,3000,138000,-135000,-135000
066495,技嘉國泰03購01  ,0,0,0,0,0,0,0,0,0,-135000,0,0,0,24000,159000,-135000,-135000
067015,義隆富邦04購01  ,0,0,0,0,0,0,0,0,0,-135000,0,0,0,27000,162000,-135000,-135000
057824,日月光元大98購01,0,0,0,0,0,0,0,0,0,-135000,0,0,0,0,135000,-135000,-135000
058795,可成元大99購03  ,0,0,0,0,0,0,0,0,0,-135000,0,0,0,75000,210000,-135000,-135000
067424,美律凱基02購02  ,0,0,0,0,0,0,0,0,0,-136000,0,0,0,99000,235000,-136000,-136000
07904P,聯發科群益9B售05,0,0,0,0,0,0,0,0,0,-136000,0,0,0,50000,186000,-136000,-136000
06925P,致茂群益9A售02  ,0,0,0,0,0,0,0,0,0,-136000,0,0,0,19000,155000,-136000,-136000
060467,神基元大9A購01  ,0,0,0,0,0,0,0,0,0,-136000,0,0,0,0,136000,-136000,-136000
055218,彩晶凱基99購01  ,0,0,0,0,0,0,0,0,0,-136000,0,0,0,0,136000,-136000,-136000
063526,台光電凱基9B購04,0,0,0,0,0,0,0,0,0,-136000,0,0,0,10000,146000,-136000,-136000
063944,建準元大9C購01  ,0,0,0,0,0,0,0,0,0,-136000,0,0,0,270000,406000,-136000,-136000
065956,緯創統一01購01  ,0,0,0,0,0,0,0,0,0,-136000,0,0,0,23000,159000,-136000,-136000
067876,世紀鋼元大01購03,0,0,0,0,0,0,0,0,0,-137000,0,0,0,30000,167000,-137000,-137000
067425,京元電凱基01購01,0,0,0,0,0,0,0,0,0,-137000,0,0,0,0,137000,-137000,-137000
066430,台郡元大01購01  ,0,0,0,0,0,0,0,0,0,-137000,0,0,0,147000,284000,-137000,-137000
03690C,臺股指凱基01牛13,0,0,0,0,0,0,0,0,0,-137000,0,0,0,25000,162000,-137000,-137000
058101,台積電富邦9C購01,0,0,0,0,0,0,0,0,0,-137000,0,0,0,0,137000,-137000,-137000
063146,南六統一9B購02  ,0,0,0,0,0,0,0,0,0,-137000,0,0,0,116000,253000,-137000,-137000
066307,華城永豐01購01  ,0,0,0,0,0,0,0,0,0,-137000,0,0,0,94000,231000,-137000,-137000
064188,玉晶光永豐9C購02,0,0,0,0,0,0,0,0,0,-137000,0,0,0,106000,243000,-137000,-137000
064944,亞德客凱基9C購03,0,0,0,0,0,0,0,0,0,-137000,0,0,0,115000,252000,-137000,-137000
08853P,嘉晶群益02售02  ,0,0,0,0,0,0,0,0,0,-137000,0,0,0,3000,140000,-137000,-137000
066491,麗豐元富01購01  ,0,0,0,0,0,0,0,0,0,-138000,0,0,0,9000,147000,-138000,-138000
067259,聯茂國票02購01  ,0,0,0,0,0,0,0,0,0,-138000,0,0,0,35000,173000,-138000,-138000
065651,中磊元大9C購01  ,0,0,0,0,0,0,0,0,0,-138000,0,0,0,495000,633000,-138000,-138000
3588,通嘉            ,73000,210000,-137000,0,0,0,0,0,0,-1000,0,1000,-1000,0,0,0,-138000
067257,帆宣國票02購01  ,0,0,0,0,0,0,0,0,0,-139000,0,0,0,176000,315000,-139000,-139000
065518,聯鈞群益9C購02  ,0,0,0,0,0,0,0,0,0,-139000,0,0,0,55000,194000,-139000,-139000
065686,同欣電統一03購01,0,0,0,0,0,0,0,0,0,-139000,0,0,0,23000,162000,-139000,-139000
064768,仁寶中信03購01  ,0,0,0,0,0,0,0,0,0,-139000,0,0,0,0,139000,-139000,-139000
064760,玉晶光凱基01購02,0,0,0,0,0,0,0,0,0,-139000,0,0,0,74000,213000,-139000,-139000
064100,義隆群益9C購01  ,0,0,0,0,0,0,0,0,0,-139000,0,0,0,40000,179000,-139000,-139000
064501,大立光元大01購02,0,0,0,0,0,0,0,0,0,-139000,0,0,0,0,139000,-139000,-139000
6230,超眾            ,85000,166000,-81000,0,0,0,0,40000,-40000,-18000,0,0,0,1000,19000,-18000,-139000
5243,乙盛-KY         ,109000,247000,-138000,0,0,0,0,0,0,-1000,0,1000,-1000,0,0,0,-139000
067302,聯發科元大01購20,0,0,0,0,0,0,0,0,0,-140000,0,0,0,124000,264000,-140000,-140000
067430,中工凱基05購01  ,0,0,0,0,0,0,0,0,0,-140000,0,0,0,211000,351000,-140000,-140000
068001,欣興元大01購08  ,0,0,0,0,0,0,0,0,0,-140000,0,0,0,0,140000,-140000,-140000
067723,國揚凱基01購02  ,0,0,0,0,0,0,0,0,0,-140000,0,0,0,0,140000,-140000,-140000
07692P,玉晶光元大9A售11,0,0,0,0,0,0,0,0,0,-140000,0,0,0,15000,155000,-140000,-140000
08204P,台灣50中信01售04,0,0,0,0,0,0,0,0,0,-140000,0,0,0,0,140000,-140000,-140000
08104P,晶技元大9B售06  ,0,0,0,0,0,0,0,0,0,-140000,0,0,0,5000,145000,-140000,-140000
08643P,和碩群益9C售02  ,0,0,0,0,0,0,0,0,0,-140000,0,0,0,2000,142000,-140000,-140000
08588P,緯穎元富03售01  ,0,0,0,0,0,0,0,0,0,-140000,0,0,0,5000,145000,-140000,-140000
058361,美律凱基99購06  ,0,0,0,0,0,0,0,0,0,-140000,0,0,0,45000,185000,-140000,-140000
064098,正崴群益9C購01  ,0,0,0,0,0,0,0,0,0,-140000,0,0,0,5000,145000,-140000,-140000
8261,富鼎            ,136000,275000,-139000,0,0,0,0,0,0,-1000,0,1000,-1000,0,0,0,-140000
08985P,台表科兆豐03售02,0,0,0,0,0,0,0,0,0,-140000,0,0,0,0,140000,-140000,-140000
067154,華擎統一03購03  ,0,0,0,0,0,0,0,0,0,-141000,0,0,0,31000,172000,-141000,-141000
056977,國巨群益9A購01  ,0,0,0,0,0,0,0,0,0,-141000,0,0,0,0,141000,-141000,-141000
057267,康控兆豐99購01  ,0,0,0,0,0,0,0,0,0,-141000,0,0,0,1000,142000,-141000,-141000
062156,美律凱基9B購01  ,0,0,0,0,0,0,0,0,0,-141000,0,0,0,30000,171000,-141000,-141000
064159,新日興統一01購02,0,0,0,0,0,0,0,0,0,-141000,0,0,0,34000,175000,-141000,-141000
063928,可成統一01購02  ,0,0,0,0,0,0,0,0,0,-141000,0,0,0,40000,181000,-141000,-141000
066991,訊芯群益01購01  ,0,0,0,0,0,0,0,0,0,-142000,0,0,0,0,142000,-142000,-142000
067993,宏碁元大01購02  ,0,0,0,0,0,0,0,0,0,-142000,0,0,0,0,142000,-142000,-142000
058801,致伸元大99購01  ,0,0,0,0,0,0,0,0,0,-142000,0,0,0,123000,265000,-142000,-142000
057770,亞德客群益98購01,0,0,0,0,0,0,0,0,0,-142000,0,0,0,14000,156000,-142000,-142000
057812,友達元大9A購05  ,0,0,0,0,0,0,0,0,0,-142000,0,0,0,280000,422000,-142000,-142000
060565,大立光富邦01購01,0,0,0,0,0,0,0,0,0,-142000,0,0,0,1000,143000,-142000,-142000
065726,京元電凱基9C購02,0,0,0,0,0,0,0,0,0,-142000,0,0,0,78000,220000,-142000,-142000
08605P,聯發科中信9C售06,0,0,0,0,0,0,0,0,0,-143000,0,0,0,221000,364000,-143000,-143000
056330,玉晶光國票99購03,0,0,0,0,0,0,0,0,0,-143000,0,0,0,63000,206000,-143000,-143000
065696,旺宏群益9C購06  ,0,0,0,0,0,0,0,0,0,-143000,0,0,0,100000,243000,-143000,-143000
064795,致伸國票01購01  ,0,0,0,0,0,0,0,0,0,-143000,0,0,0,20000,163000,-143000,-143000
08400P,美律元富9C售02  ,0,0,0,0,0,0,0,0,0,-144000,0,0,0,43000,187000,-144000,-144000
03687C,臺股指凱基9C牛22,0,0,0,0,0,0,0,0,0,-144000,0,0,0,51000,195000,-144000,-144000
064617,台光電元大01購01,0,0,0,0,0,0,0,0,0,-144000,0,0,0,102000,246000,-144000,-144000
064494,南亞科元大9C購02,0,0,0,0,0,0,0,0,0,-144000,0,0,0,119000,263000,-144000,-144000
065612,聯茂元大9C購07  ,0,0,0,0,0,0,0,0,0,-144000,0,0,0,37000,181000,-144000,-144000
066834,泰鼎群益01購01  ,0,0,0,0,0,0,0,0,0,-145000,0,0,0,0,145000,-145000,-145000
057393,台積電中信02購01,0,0,0,0,0,0,0,0,0,-145000,0,0,0,0,145000,-145000,-145000
063779,華邦電永豐9B購01,0,0,0,0,0,0,0,0,0,-145000,0,0,0,21000,166000,-145000,-145000
063214,康控國票9C購01  ,0,0,0,0,0,0,0,0,0,-145000,0,0,0,0,145000,-145000,-145000
065606,可成元大01購05  ,0,0,0,0,0,0,0,0,0,-145000,0,0,0,124000,269000,-145000,-145000
066139,拓凱群益01購01  ,0,0,0,0,0,0,0,0,0,-145000,0,0,0,0,145000,-145000,-145000
067335,國產凱基02購02  ,0,0,0,0,0,0,0,0,0,-146000,0,0,0,42000,188000,-146000,-146000
067593,亞德客凱基01購01,0,0,0,0,0,0,0,0,0,-146000,0,0,0,20000,166000,-146000,-146000
067995,瑞昱元大02購01  ,0,0,0,0,0,0,0,0,0,-146000,0,0,0,32000,178000,-146000,-146000
068031,致茂元富07購01  ,0,0,0,0,0,0,0,0,0,-146000,0,0,0,0,146000,-146000,-146000
067926,嘉晶兆豐01購02  ,0,0,0,0,0,0,0,0,0,-146000,0,0,0,39000,185000,-146000,-146000
052542,友達元富98購01  ,0,0,0,0,0,0,0,0,0,-146000,0,0,0,53000,199000,-146000,-146000
056716,康舒永豐98購01  ,0,0,0,0,0,0,0,0,0,-146000,0,0,0,60000,206000,-146000,-146000
062879,美食兆豐9B購01  ,0,0,0,0,0,0,0,0,0,-146000,0,0,0,0,146000,-146000,-146000
064898,國產群益9C購01  ,0,0,0,0,0,0,0,0,0,-146000,0,0,0,48000,194000,-146000,-146000
067843,聯發科元富07購05,0,0,0,0,0,0,0,0,0,-147000,0,0,0,0,147000,-147000,-147000
066474,微星麥證01購01  ,0,0,0,35000,182000,-147000,0,0,0,-147000,0,0,0,35000,182000,-147000,-147000
056586,光罩統一98購02  ,0,0,0,0,0,0,0,0,0,-147000,0,0,0,0,147000,-147000,-147000
061873,友達元大9C購07  ,0,0,0,0,0,0,0,0,0,-147000,0,0,0,50000,197000,-147000,-147000
064681,牧德兆豐01購01  ,0,0,0,0,0,0,0,0,0,-147000,0,0,0,0,147000,-147000,-147000
1313,聯成            ,269000,416000,-147000,0,0,0,0,0,0,0,0,0,0,0,0,0,-147000
08869P,緯穎凱基01售02  ,0,0,0,0,0,0,0,0,0,-147000,0,0,0,0,147000,-147000,-147000
066516,智原永豐01購01  ,0,0,0,0,0,0,0,0,0,-148000,0,0,0,0,148000,-148000,-148000
066906,聯發科凱基03購03,0,0,0,0,0,0,0,0,0,-148000,0,0,0,40000,188000,-148000,-148000
08615P,同欣電統一9C售02,0,0,0,0,0,0,0,0,0,-148000,0,0,0,105000,253000,-148000,-148000
058012,鈺齊國票99購01  ,0,0,0,0,0,0,0,0,0,-148000,0,0,0,10000,158000,-148000,-148000
060347,大立光統一02購01,0,0,0,0,0,0,0,0,0,-148000,0,0,0,15000,163000,-148000,-148000
065136,正隆凱基9C購01  ,0,0,0,0,0,0,0,0,0,-148000,0,0,0,50000,198000,-148000,-148000
066283,鎧勝元大01購02  ,0,0,0,0,0,0,0,0,0,-148000,0,0,0,325000,473000,-148000,-148000
065400,華擎群益01購02  ,0,0,0,0,0,0,0,0,0,-148000,0,0,0,0,148000,-148000,-148000
5607,遠雄港          ,51000,199749,-148749,0,0,0,0,0,0,0,0,0,0,0,0,0,-148749
07094P,華通國票9A售03  ,0,0,0,0,0,0,0,0,0,-149000,0,0,0,0,149000,-149000,-149000
067241,信邦群益01購01  ,0,0,0,0,0,0,0,0,0,-149000,0,0,0,148000,297000,-149000,-149000
060417,正隆永豐9A購01  ,0,0,0,0,0,0,0,0,0,-149000,0,0,0,0,149000,-149000,-149000
063634,台光電元大9B購09,0,0,0,0,0,0,0,0,0,-149000,0,0,0,93000,242000,-149000,-149000
064811,華擎元大01購01  ,0,0,0,0,0,0,0,0,0,-149000,0,0,0,1000,150000,-149000,-149000
064221,華通國票01購01  ,0,0,0,0,0,0,0,0,0,-149000,0,0,0,190000,339000,-149000,-149000
064238,玉晶光統一01購08,0,0,0,0,0,0,0,0,0,-149000,0,0,0,356000,505000,-149000,-149000
2617,台航            ,5000,154000,-149000,0,0,0,0,0,0,0,0,0,0,0,0,0,-149000
06793P,臺股指凱基98售03,0,0,0,0,0,0,0,0,0,-150000,0,0,0,0,150000,-150000,-150000
057960,聯鈞元大98購02  ,0,0,0,0,0,0,0,0,0,-150000,0,0,0,300000,450000,-150000,-150000
057798,貿聯兆豐99購01  ,0,0,0,0,0,0,0,0,0,-150000,0,0,0,100000,250000,-150000,-150000
058906,晶相光元大99購01,0,0,0,0,0,0,0,0,0,-150000,0,0,0,0,150000,-150000,-150000
057000,亞德客國票99購01,0,0,0,0,0,0,0,0,0,-150000,0,0,0,167000,317000,-150000,-150000
057605,旺宏統一99購03  ,0,0,0,0,0,0,0,0,0,-150000,0,0,0,0,150000,-150000,-150000
062204,京元電國票9C購01,0,0,0,0,0,0,0,0,0,-150000,0,0,0,30000,180000,-150000,-150000
062235,億光凱基9B購01  ,0,0,0,0,0,0,0,0,0,-150000,0,0,0,9000,159000,-150000,-150000
064383,SP黃豆富邦01購01,0,0,0,0,0,0,0,0,0,-150000,0,0,0,0,150000,-150000,-150000
064789,和大國票01購01  ,0,0,0,0,0,0,0,0,0,-150000,0,0,0,0,150000,-150000,-150000
065539,瑞儀統一01購01  ,0,0,0,0,0,0,0,0,0,-150000,0,0,0,13000,163000,-150000,-150000
065728,嘉晶凱基9C購04  ,0,0,0,0,0,0,0,0,0,-150000,0,0,0,421000,571000,-150000,-150000
066361,微星中信05購01  ,0,0,0,0,0,0,0,0,0,-150000,0,0,0,20000,170000,-150000,-150000
3583,辛耘            ,445000,781000,-336000,0,0,0,0,0,0,186000,190000,4000,186000,0,0,0,-150000
08890P,為升元大01售04  ,0,0,0,0,0,0,0,0,0,-150000,0,0,0,0,150000,-150000,-150000
067562,牧德國票02購01  ,0,0,0,0,0,0,0,0,0,-151000,0,0,0,57000,208000,-151000,-151000
058722,台郡元富99購01  ,0,0,0,0,0,0,0,0,0,-151000,0,0,0,0,151000,-151000,-151000
062323,上銀統一9B購03  ,0,0,0,0,0,0,0,0,0,-151000,0,0,0,10000,161000,-151000,-151000
063340,英業達統一9B購01,0,0,0,0,0,0,0,0,0,-151000,0,0,0,0,151000,-151000,-151000
060121,新光金富邦99購01,0,0,0,0,0,0,0,0,0,-151000,0,0,0,49000,200000,-151000,-151000
065433,緯創凱基9C購01  ,0,0,0,0,0,0,0,0,0,-151000,0,0,0,76000,227000,-151000,-151000
064481,技嘉永豐9C購01  ,0,0,0,0,0,0,0,0,0,-151000,0,0,0,131000,282000,-151000,-151000
3607,谷崧            ,25000,174000,-149000,0,0,0,0,0,0,-2000,0,2000,-2000,0,0,0,-151000
2634,漢翔            ,76000,77000,-1000,0,0,0,0,0,0,-150000,0,32000,-32000,0,118000,-118000,-151000
059631,京元電凱基99購02,0,0,0,0,0,0,0,0,0,-152000,0,0,0,60000,212000,-152000,-152000
064473,技嘉麥證9C購01  ,0,0,0,32000,218000,-186000,0,0,0,-152000,0,0,0,88000,240000,-152000,-152000
064600,技嘉元富9C購01  ,0,0,0,0,0,0,0,0,0,-152000,0,0,0,31000,183000,-152000,-152000
5871,中租-KY         ,627000,764000,-137000,0,0,0,18000,9000,9000,-24000,1000,11000,-10000,0,14000,-14000,-152000
8210,勤誠            ,90000,208000,-118000,0,0,0,0,0,0,-34000,0,1000,-1000,0,33000,-33000,-152000
058468,聯茂中信99購02  ,0,0,0,0,0,0,0,0,0,-153000,0,0,0,48000,201000,-153000,-153000
058936,國喬中信99購01  ,0,0,0,0,0,0,0,0,0,-153000,0,0,0,10000,163000,-153000,-153000
066579,臺股指元大01購08,0,0,0,0,0,0,0,0,0,-154000,0,0,0,2000,156000,-154000,-154000
066639,彩晶凱基05購01  ,0,0,0,0,0,0,0,0,0,-154000,0,0,0,228000,382000,-154000,-154000
07670P,茂林元大9A售02  ,0,0,0,0,0,0,0,0,0,-154000,0,0,0,0,154000,-154000,-154000
057356,彩晶統一98購04  ,0,0,0,0,0,0,0,0,0,-154000,0,0,0,0,154000,-154000,-154000
058534,友達統一9B購01  ,0,0,0,0,0,0,0,0,0,-154000,0,0,0,0,154000,-154000,-154000
061990,台勝科元大9C購01,0,0,0,0,0,0,0,0,0,-154000,0,0,0,98000,252000,-154000,-154000
060823,旺宏元大9A購05  ,0,0,0,0,0,0,0,0,0,-154000,0,0,0,1000,155000,-154000,-154000
065534,台光電統一9C購02,0,0,0,0,0,0,0,0,0,-154000,0,0,0,332000,486000,-154000,-154000
9938,百和            ,328000,492000,-164000,0,0,0,0,1000,-1000,11000,13000,0,13000,35000,37000,-2000,-154000
08535P,和大國票01售02  ,0,0,0,0,0,0,0,0,0,-155000,0,0,0,76000,231000,-155000,-155000
07967P,力山元大9B售03  ,0,0,0,0,0,0,0,0,0,-155000,0,0,0,20000,175000,-155000,-155000
066699,台積電群益01購08,0,0,0,0,0,0,0,0,0,-155000,0,0,0,71000,226000,-155000,-155000
063773,可成富邦9C購01  ,0,0,0,0,0,0,0,0,0,-155000,0,0,0,10000,165000,-155000,-155000
3321,同泰            ,0,155000,-155000,0,0,0,0,0,0,0,0,0,0,0,0,0,-155000
066747,台郡元大01購03  ,0,0,0,0,0,0,0,0,0,-156000,0,0,0,139000,295000,-156000,-156000
067416,南紡凱基01購01  ,0,0,0,0,0,0,0,0,0,-156000,0,0,0,0,156000,-156000,-156000
067313,欣興元大03購01  ,0,0,0,0,0,0,0,0,0,-156000,0,0,0,123000,279000,-156000,-156000
07691P,宏達電元大9A售05,0,0,0,0,0,0,0,0,0,-156000,0,0,0,44000,200000,-156000,-156000
067727,聯茂凱基01購02  ,0,0,0,0,0,0,0,0,0,-156000,0,0,0,70000,226000,-156000,-156000
058540,嘉聯益國泰9A購02,0,0,0,0,0,0,0,0,0,-156000,0,0,0,0,156000,-156000,-156000
061646,力成元大9A購02  ,0,0,0,0,0,0,0,0,0,-156000,0,0,0,100000,256000,-156000,-156000
065306,泰鼎元富9C購02  ,0,0,0,0,0,0,0,0,0,-156000,0,0,0,26000,182000,-156000,-156000
064766,矽創凱基9C購01  ,0,0,0,0,0,0,0,0,0,-156000,0,0,0,27000,183000,-156000,-156000
067845,美食元富04購01  ,0,0,0,0,0,0,0,0,0,-157000,0,0,0,0,157000,-157000,-157000
067128,華城永豐01購02  ,0,0,0,0,0,0,0,0,0,-157000,0,0,0,95000,252000,-157000,-157000
067450,聯發科國票02購01,0,0,0,0,0,0,0,0,0,-157000,0,0,0,77000,234000,-157000,-157000
066948,聯發科元大01購16,0,0,0,0,0,0,0,0,0,-157000,0,0,0,82000,239000,-157000,-157000
066423,智原元大01購02  ,0,0,0,0,0,0,0,0,0,-157000,0,0,0,74000,231000,-157000,-157000
057112,立積群益99購01  ,0,0,0,0,0,0,0,0,0,-157000,0,0,0,4000,161000,-157000,-157000
03449B,臺股指元大01熊01,34000,0,34000,0,0,0,0,0,0,-191000,0,0,0,48000,239000,-191000,-157000
063471,泰鼎元大9C購01  ,0,0,0,0,0,0,0,0,0,-157000,0,0,0,183000,340000,-157000,-157000
064095,鴻海群益01購02  ,0,0,0,0,0,0,0,0,0,-157000,0,0,0,278000,435000,-157000,-157000
066700,瑞昱群益01購01  ,0,0,0,0,0,0,0,0,0,-158000,0,0,0,83000,241000,-158000,-158000
066756,長興永豐01購02  ,0,0,0,0,0,0,0,0,0,-158000,0,0,0,183000,341000,-158000,-158000
067902,中磊群益01購01  ,0,0,0,0,0,0,0,0,0,-158000,0,0,0,56000,214000,-158000,-158000
057141,嘉聯益兆豐99購01,0,0,0,0,0,0,0,0,0,-158000,0,0,0,0,158000,-158000,-158000
056550,瑞儀凱基99購01  ,0,0,0,0,0,0,0,0,0,-158000,0,0,0,20000,178000,-158000,-158000
063226,康控群益9B購03  ,0,0,0,0,0,0,0,0,0,-158000,0,0,0,0,158000,-158000,-158000
063642,茂林元大9B購08  ,0,0,0,0,0,0,0,0,0,-158000,0,0,0,95000,253000,-158000,-158000
065042,國產凱基02購01  ,0,0,0,0,0,0,0,0,0,-158000,0,0,0,13000,171000,-158000,-158000
07653P,華新科群益9A售05,0,0,0,0,0,0,0,0,0,-159000,0,0,0,40000,199000,-159000,-159000
08339P,上銀統一9C售04  ,0,0,0,0,0,0,0,0,0,-159000,0,0,0,1000,160000,-159000,-159000
058977,SGBR2X凱基03購01,0,0,0,0,0,0,0,0,0,-159000,0,0,0,20000,179000,-159000,-159000
059051,和大凱基9A購01  ,0,0,0,0,0,0,0,0,0,-159000,0,0,0,0,159000,-159000,-159000
059101,康控統一9A購01  ,0,0,0,0,0,0,0,0,0,-159000,0,0,0,140000,299000,-159000,-159000
08490P,上銀元大9C售08  ,0,0,0,0,0,0,0,0,0,-160000,0,0,0,0,160000,-160000,-160000
08167P,台積電兆豐9B售04,0,0,0,0,0,0,0,0,0,-160000,0,0,0,40000,200000,-160000,-160000
067737,英業達元大01購01,0,0,0,0,0,0,0,0,0,-160000,0,0,0,0,160000,-160000,-160000
067815,玉晶光凱基01購04,0,0,0,0,0,0,0,0,0,-160000,0,0,0,55000,215000,-160000,-160000
066799,台光電凱基01購02,0,0,0,0,0,0,0,0,0,-160000,0,0,0,80000,240000,-160000,-160000
066570,力成元大02購01  ,0,0,0,0,0,0,0,0,0,-160000,0,0,0,155000,315000,-160000,-160000
067332,旺宏凱基03購02  ,0,0,0,0,0,0,0,0,0,-160000,0,0,0,43000,203000,-160000,-160000
061717,力成凱基9B購01  ,0,0,0,0,0,0,0,0,0,-160000,0,0,0,0,160000,-160000,-160000
062291,力成富邦9B購01  ,0,0,0,0,0,0,0,0,0,-160000,0,0,0,0,160000,-160000,-160000
065667,台光電凱基01購01,0,0,0,0,0,0,0,0,0,-160000,0,0,0,100000,260000,-160000,-160000
1736,喬山            ,87000,241000,-154000,0,0,0,0,0,0,-6000,0,1000,-1000,0,5000,-5000,-160000
066569,帆宣元大01購02  ,0,0,0,0,0,0,0,0,0,-161000,0,0,0,99000,260000,-161000,-161000
08633P,聯發科元大9C售20,0,0,0,0,0,0,0,0,0,-161000,0,0,0,0,161000,-161000,-161000
059836,大立光國泰9B購02,0,0,0,0,0,0,0,0,0,-161000,0,0,0,114000,275000,-161000,-161000
061416,聯茂群益9A購01  ,0,0,0,0,0,0,0,0,0,-161000,0,0,0,42000,203000,-161000,-161000
065725,技嘉凱基9C購03  ,0,0,0,0,0,0,0,0,0,-161000,0,0,0,119000,280000,-161000,-161000
066008,大立光統一03購02,0,0,0,0,0,0,0,0,0,-161000,0,0,0,110000,271000,-161000,-161000
062511,台光電國票9B購02,0,0,0,0,0,0,0,0,0,-162000,0,0,0,0,162000,-162000,-162000
061126,京元電永豐9A購02,0,0,0,0,0,0,0,0,0,-162000,0,0,0,203000,365000,-162000,-162000
065411,旺宏永豐9C購02  ,0,0,0,0,0,0,0,0,0,-162000,0,0,0,0,162000,-162000,-162000
063912,信邦凱基01購01  ,0,0,0,0,0,0,0,0,0,-162000,0,0,0,30000,192000,-162000,-162000
064325,亞德客元大9C購01,0,0,0,0,0,0,0,0,0,-162000,0,0,0,225000,387000,-162000,-162000
08433P,臺股指凱基03售01,0,0,0,0,0,0,0,0,0,-163000,0,0,0,0,163000,-163000,-163000
08094P,華新科元富9B售05,0,0,0,0,0,0,0,0,0,-163000,0,0,0,83000,246000,-163000,-163000
067922,玉晶光中信04購01,0,0,0,0,0,0,0,0,0,-163000,0,0,0,0,163000,-163000,-163000
063232,裕隆元大9B購01  ,0,0,0,0,0,0,0,0,0,-163000,0,0,0,20000,183000,-163000,-163000
058763,和碩群益99購01  ,0,0,0,0,0,0,0,0,0,-163000,0,0,0,4000,167000,-163000,-163000
057776,京元電群益98購02,0,0,0,0,0,0,0,0,0,-163000,0,0,0,0,163000,-163000,-163000
064696,群創群益9C購02  ,0,0,0,0,0,0,0,0,0,-163000,0,0,0,11000,174000,-163000,-163000
065711,矽格群益9C購02  ,0,0,0,0,0,0,0,0,0,-163000,0,0,0,67000,230000,-163000,-163000
1795,美時            ,128000,291000,-163000,0,0,0,0,0,0,0,0,0,0,0,0,0,-163000
07536P,華新科元富9A售04,0,0,0,0,0,0,0,0,0,-164000,0,0,0,49000,213000,-164000,-164000
061583,矽創元大9A購01  ,0,0,0,0,0,0,0,0,0,-164000,0,0,0,11000,175000,-164000,-164000
065451,台表科統一02購04,0,0,0,0,0,0,0,0,0,-164000,0,0,0,324000,488000,-164000,-164000
066334,京城銀永豐01購01,0,0,0,0,0,0,0,0,0,-164000,0,0,0,37000,201000,-164000,-164000
064448,裕隆統一02購01  ,0,0,0,0,0,0,0,0,0,-164000,0,0,0,0,164000,-164000,-164000
6552,易華電          ,40000,199000,-159000,0,0,0,0,0,0,-5000,0,1000,-1000,0,4000,-4000,-164000
067810,聯發科凱基02購06,0,0,0,0,0,0,0,0,0,-165000,0,0,0,1000,166000,-165000,-165000
058930,華新科統一9B購01,0,0,0,0,0,0,0,0,0,-165000,0,0,0,86000,251000,-165000,-165000
03688C,T50反1凱基03牛02,0,0,0,0,0,0,0,0,0,-165000,0,0,0,104000,269000,-165000,-165000
061366,台勝科國票9A購01,0,0,0,0,0,0,0,0,0,-165000,0,0,0,1000,166000,-165000,-165000
063924,致新元富9C購01  ,0,0,0,0,0,0,0,0,0,-165000,0,0,0,70000,235000,-165000,-165000
064690,台光電群益9C購02,0,0,0,0,0,0,0,0,0,-165000,0,0,0,86000,251000,-165000,-165000
066403,台郡凱基01購02  ,0,0,0,0,0,0,0,0,0,-165000,0,0,0,0,165000,-165000,-165000
065573,新日興群益01購02,0,0,0,0,0,0,0,0,0,-165000,0,0,0,11000,176000,-165000,-165000
066689,技嘉台新01購01  ,0,0,0,0,0,0,0,0,0,-166000,0,0,0,40000,206000,-166000,-166000
067535,友達群益02購01  ,0,0,0,0,0,0,0,0,0,-166000,0,0,0,0,166000,-166000,-166000
054803,味全元大9A購01  ,0,0,0,0,0,0,0,0,0,-166000,0,0,0,0,166000,-166000,-166000
058736,鈺齊永豐99購02  ,0,0,0,0,0,0,0,0,0,-166000,0,0,0,120000,286000,-166000,-166000
057945,京鼎國票99購03  ,0,0,0,0,0,0,0,0,0,-166000,0,0,0,35000,201000,-166000,-166000
061697,世紀鋼群益9A購03,0,0,0,0,0,0,0,0,0,-166000,0,0,0,43000,209000,-166000,-166000
06485P,玉晶光群益9A售02,0,0,0,0,0,0,0,0,0,-166000,0,0,0,0,166000,-166000,-166000
057547,技嘉凱基99購01  ,0,0,0,0,0,0,0,0,0,-167000,0,0,0,38000,205000,-167000,-167000
057082,玉晶光統一9A購04,0,0,0,0,0,0,0,0,0,-167000,0,0,0,5000,172000,-167000,-167000
063403,鈺齊群益9B購01  ,0,0,0,0,0,0,0,0,0,-167000,0,0,0,46000,213000,-167000,-167000
064079,英業達中信9C購01,0,0,0,0,0,0,0,0,0,-167000,0,0,0,218000,385000,-167000,-167000
067441,儒鴻國票02購01  ,0,0,0,0,0,0,0,0,0,-168000,0,0,0,30000,198000,-168000,-168000
056475,宏達電元大99購02,0,0,0,0,0,0,0,0,0,-168000,0,0,0,0,168000,-168000,-168000
060510,大立光元大9A購03,0,0,0,0,0,0,0,0,0,-168000,0,0,0,20000,188000,-168000,-168000
063285,華擎元大9B購03  ,0,0,0,0,0,0,0,0,0,-168000,0,0,0,0,168000,-168000,-168000
062215,華通統一9B購01  ,0,0,0,0,0,0,0,0,0,-168000,0,0,0,993000,1161000,-168000,-168000
064523,聯茂群益9C購01  ,0,0,0,0,0,0,0,0,0,-168000,0,0,0,0,168000,-168000,-168000
6120,達運            ,43000,194000,-151000,0,0,0,0,0,0,-17000,0,17000,-17000,0,0,0,-168000
058247,聯茂元大99購04  ,0,0,0,0,0,0,0,0,0,-169000,0,0,0,15000,184000,-169000,-169000
059265,美律中信01購01  ,0,0,0,0,0,0,0,0,0,-169000,0,0,0,90000,259000,-169000,-169000
063173,矽格中信9B購01  ,0,0,0,0,0,0,0,0,0,-169000,0,0,0,194000,363000,-169000,-169000
1467,南緯            ,22000,191000,-169000,0,0,0,0,0,0,0,0,0,0,0,0,0,-169000
067180,為升凱基02購01  ,0,0,0,0,0,0,0,0,0,-170000,0,0,0,32000,202000,-170000,-170000
057579,長榮航中信9A購01,0,0,0,0,0,0,0,0,0,-170000,0,0,0,0,170000,-170000,-170000
063552,晶技國票9B購03  ,0,0,0,0,0,0,0,0,0,-170000,0,0,0,0,170000,-170000,-170000
2405,浩鑫            ,21000,191000,-170000,0,0,0,0,0,0,0,0,0,0,0,0,0,-170000
066780,上証反中信04購01,0,0,0,0,0,0,0,0,0,-171000,0,0,0,30000,201000,-171000,-171000
056909,嘉聯益元大99購03,0,0,0,0,0,0,0,0,0,-171000,0,0,0,50000,221000,-171000,-171000
061694,玉山金群益9A購01,0,0,0,0,0,0,0,0,0,-171000,0,0,0,204000,375000,-171000,-171000
063342,台光電統一9B購02,0,0,0,0,0,0,0,0,0,-171000,0,0,0,246000,417000,-171000,-171000
062665,智易群益9B購01  ,0,0,0,0,0,0,0,0,0,-171000,0,0,0,132000,303000,-171000,-171000
064846,旺宏元富03購01  ,0,0,0,0,0,0,0,0,0,-171000,0,0,0,0,171000,-171000,-171000
2363,矽統            ,3418000,3583000,-165000,0,0,0,0,0,0,-6000,0,6000,-6000,0,0,0,-171000
067793,鈺齊群益01購02  ,0,0,0,0,0,0,0,0,0,-172000,0,0,0,28000,200000,-172000,-172000
057791,可成統一99購01  ,0,0,0,0,0,0,0,0,0,-172000,0,0,0,148000,320000,-172000,-172000
066548,燿華元大02購02  ,0,0,0,0,0,0,0,0,0,-173000,0,0,0,268000,441000,-173000,-173000
067379,新日興統一03購01,0,0,0,0,0,0,0,0,0,-173000,0,0,0,0,173000,-173000,-173000
059279,台灣50富邦9C購03,0,0,0,0,0,0,0,0,0,-173000,0,0,0,0,173000,-173000,-173000
00683L,元大美元指數正2 ,0,0,0,0,0,0,0,0,0,-173000,0,0,0,0,173000,-173000,-173000
2451,創見            ,278000,118000,160000,0,0,0,0,3000,-3000,-330000,0,7000,-7000,0,323000,-323000,-173000
08578P,TPK元大9C售04   ,0,0,0,0,0,0,0,0,0,-174000,0,0,0,0,174000,-174000,-174000
056320,京鼎群益99購01  ,0,0,0,0,0,0,0,0,0,-174000,0,0,0,9000,183000,-174000,-174000
055787,聯茂凱基99購01  ,0,0,0,0,0,0,0,0,0,-174000,0,0,0,40000,214000,-174000,-174000
061186,牧德國泰9C購01  ,0,0,0,0,0,0,0,0,0,-174000,0,0,0,75000,249000,-174000,-174000
062353,亞德客元大9B購01,0,0,0,0,0,0,0,0,0,-174000,0,0,0,218000,392000,-174000,-174000
065745,裕隆元大9C購03  ,0,0,0,0,0,0,0,0,0,-174000,0,0,0,0,174000,-174000,-174000
062237,緯創凱基9B購01  ,0,0,0,0,0,0,0,0,0,-175000,0,0,0,84000,259000,-175000,-175000
063050,葡萄王統一01購01,0,0,0,0,0,0,0,0,0,-175000,0,0,0,253000,428000,-175000,-175000
061326,新日興凱基9B購01,0,0,0,0,0,0,0,0,0,-175000,0,0,0,0,175000,-175000,-175000
063522,技嘉凱基9B購03  ,0,0,0,0,0,0,0,0,0,-175000,0,0,0,37000,212000,-175000,-175000
063650,矽創元大9B購03  ,0,0,0,0,0,0,0,0,0,-175000,0,0,0,25000,200000,-175000,-175000
060643,牧德永豐9A購03  ,0,0,0,0,0,0,0,0,0,-175000,0,0,0,0,175000,-175000,-175000
066170,聯陽凱基01購01  ,0,0,0,0,0,0,0,0,0,-175000,0,0,0,110000,285000,-175000,-175000
065082,台光電元大9C購04,0,0,0,0,0,0,0,0,0,-175000,0,0,0,158000,333000,-175000,-175000
067830,帆宣兆豐03購01  ,0,0,0,0,0,0,0,0,0,-176000,0,0,0,5000,181000,-176000,-176000
066806,京鼎凱基02購01  ,0,0,0,0,0,0,0,0,0,-176000,0,0,0,78000,254000,-176000,-176000
064402,宏碁凱基01購01  ,0,0,0,0,0,0,0,0,0,-176000,0,0,0,143000,319000,-176000,-176000
065940,立積群益02購01  ,0,0,0,0,0,0,0,0,0,-176000,0,0,0,205000,381000,-176000,-176000
065782,健策富邦01購02  ,0,0,0,0,0,0,0,0,0,-176000,0,0,0,92000,268000,-176000,-176000
067151,聯發科統一02購06,0,0,0,0,0,0,0,0,0,-177000,0,0,0,7000,184000,-177000,-177000
066137,智易群益01購01  ,0,0,0,0,0,0,0,0,0,-177000,0,0,0,192000,369000,-177000,-177000
07894P,燿華元大9B售01  ,0,0,0,0,0,0,0,0,0,-178000,0,0,0,28000,206000,-178000,-178000
066162,泰豐凱基01購01  ,0,0,0,0,0,0,0,0,0,-178000,0,0,0,1000,179000,-178000,-178000
064251,緯創元富9C購01  ,0,0,0,0,0,0,0,0,0,-178000,0,0,0,145000,323000,-178000,-178000
08730P,緯穎永豐01售02  ,0,0,0,0,0,0,0,0,0,-178000,0,0,0,0,178000,-178000,-178000
058546,玉晶光富邦9B購01,0,0,0,0,0,0,0,0,0,-179000,0,0,0,25000,204000,-179000,-179000
08887P,聯發科富邦03售06,0,0,0,0,0,0,0,0,0,-179000,0,0,0,0,179000,-179000,-179000
2489,瑞軒            ,321000,480000,-159000,0,0,0,0,0,0,-20000,2000,22000,-20000,0,0,0,-179000
07109P,聯發科中信9B售02,0,0,0,0,0,0,0,0,0,-180000,0,0,0,0,180000,-180000,-180000
06935P,神達元大98售02  ,0,0,0,0,0,0,0,0,0,-180000,0,0,0,120000,300000,-180000,-180000
056138,群創元大9B購01  ,0,0,0,0,0,0,0,0,0,-180000,0,0,0,70000,250000,-180000,-180000
057016,中石化凱基9B購01,0,0,0,0,0,0,0,0,0,-180000,0,0,0,0,180000,-180000,-180000
058813,旺宏統一9B購04  ,0,0,0,0,0,0,0,0,0,-180000,0,0,0,0,180000,-180000,-180000
063176,南亞科兆豐9B購01,0,0,0,0,0,0,0,0,0,-180000,0,0,0,0,180000,-180000,-180000
061129,文曄永豐9A購01  ,0,0,0,0,0,0,0,0,0,-180000,0,0,0,36000,216000,-180000,-180000
065020,友達富邦01購02  ,0,0,0,0,0,0,0,0,0,-180000,0,0,0,195000,375000,-180000,-180000
067506,台光電統一02購04,0,0,0,0,0,0,0,0,0,-181000,0,0,0,35000,216000,-181000,-181000
062969,旺宏元富9B購01  ,0,0,0,0,0,0,0,0,0,-181000,0,0,0,192000,373000,-181000,-181000
08371P,京元電凱基9C售01,0,0,0,0,0,0,0,0,0,-182000,0,0,0,23000,205000,-182000,-182000
061938,大立光國票9B購03,0,0,0,0,0,0,0,0,0,-182000,0,0,0,13000,195000,-182000,-182000
063347,祥碩統一01購03  ,0,0,0,0,0,0,0,0,0,-182000,0,0,0,482000,664000,-182000,-182000
1217,愛之味          ,18000,200000,-182000,0,0,0,0,0,0,0,0,0,0,0,0,0,-182000
065034,玉晶光統一01購11,0,0,0,0,0,0,0,0,0,-183000,0,0,0,170000,353000,-183000,-183000
064556,華通群益02購02  ,0,0,0,0,0,0,0,0,0,-183000,0,0,0,177000,360000,-183000,-183000
064300,英業達兆豐9C購01,0,0,0,0,0,0,0,0,0,-183000,0,0,0,63000,246000,-183000,-183000
065843,瑞昱元大9C購03  ,0,0,0,0,0,0,0,0,0,-183000,0,0,0,168000,351000,-183000,-183000
066001,景碩國票02購01  ,0,0,0,0,0,0,0,0,0,-183000,0,0,0,37000,220000,-183000,-183000
065346,台光電統一02購01,0,0,0,0,0,0,0,0,0,-183000,0,0,0,0,183000,-183000,-183000
2486,一詮            ,68000,247000,-179000,0,0,0,0,0,0,-4000,0,4000,-4000,0,0,0,-183000
067890,華新科群益01購06,0,0,0,0,0,0,0,0,0,-184000,0,0,0,10000,194000,-184000,-184000
056109,彩晶永豐98購01  ,0,0,0,0,0,0,0,0,0,-184000,0,0,0,104000,288000,-184000,-184000
9919,康那香          ,1160000,1298000,-138000,0,0,0,0,0,0,-46000,0,46000,-46000,0,0,0,-184000
059639,大立光凱基9A購06,0,0,0,0,0,0,0,0,0,-185000,0,0,0,50000,235000,-185000,-185000
065558,嘉聯益凱基9C購02,0,0,0,0,0,0,0,0,0,-185000,0,0,0,0,185000,-185000,-185000
063992,大立光中信9C購03,0,0,0,0,0,0,0,0,0,-185000,0,0,0,4000,189000,-185000,-185000
2464,盟立            ,1000,118000,-117000,0,0,0,0,0,0,-68000,0,1000,-1000,5000,72000,-67000,-185000
2887F,台新戊特二      ,0,0,0,0,0,0,0,0,0,-185000,0,185000,-185000,0,0,0,-185000
00665L,富邦恒生國企正2 ,8000,110000,-102000,0,0,0,0,0,0,-84000,0,0,0,58000,142000,-84000,-186000
060541,正隆凱基9A購01  ,0,0,0,0,0,0,0,0,0,-186000,0,0,0,0,186000,-186000,-186000
061470,鈺齊群益9A購02  ,0,0,0,0,0,0,0,0,0,-186000,0,0,0,72000,258000,-186000,-186000
4935,茂林-KY         ,384000,665000,-281000,0,0,0,0,18000,-18000,113000,101000,12000,89000,58000,34000,24000,-186000
08377P,臻鼎元富9C售02  ,0,0,0,0,0,0,0,0,0,-187000,0,0,0,256000,443000,-187000,-187000
058464,矽創兆豐9A購01  ,0,0,0,0,0,0,0,0,0,-187000,0,0,0,0,187000,-187000,-187000
062909,大立光元大9C購04,0,0,0,0,0,0,0,0,0,-187000,0,0,0,52000,239000,-187000,-187000
064200,華通兆豐01購01  ,0,0,0,0,0,0,0,0,0,-187000,0,0,0,26000,213000,-187000,-187000
066822,泰豐群益01購01  ,0,0,0,0,0,0,0,0,0,-188000,0,0,0,114000,302000,-188000,-188000
059241,旺宏凱基99購07  ,0,0,0,0,0,0,0,0,0,-188000,0,0,0,0,188000,-188000,-188000
062889,可成群益9C購01  ,0,0,0,0,0,0,0,0,0,-188000,0,0,0,4000,192000,-188000,-188000
065645,嘉晶元大01購02  ,0,0,0,0,0,0,0,0,0,-188000,0,0,0,292000,480000,-188000,-188000
062654,技嘉永豐9B購01  ,0,0,0,0,0,0,0,0,0,-189000,0,0,0,32000,221000,-189000,-189000
061375,華通永豐9A購02  ,0,0,0,0,0,0,0,0,0,-189000,0,0,0,0,189000,-189000,-189000
1417,嘉裕            ,15000,202000,-187000,0,0,0,0,0,0,-2000,0,2000,-2000,0,0,0,-189000
066770,上証2X富邦02購02,0,0,0,0,0,0,0,0,0,-190000,0,0,0,0,190000,-190000,-190000
067380,華擎統一02購02  ,0,0,0,0,0,0,0,0,0,-190000,0,0,0,55000,245000,-190000,-190000
08597P,聯發科元大9C售18,0,0,0,0,0,0,0,0,0,-190000,0,0,0,120000,310000,-190000,-190000
08130P,義隆元大9B售05  ,0,0,0,0,0,0,0,0,0,-190000,0,0,0,320000,510000,-190000,-190000
057768,華新科中信9A購01,0,0,0,0,0,0,0,0,0,-190000,0,0,0,0,190000,-190000,-190000
058069,美律凱基99購05  ,0,0,0,0,0,0,0,0,0,-190000,0,0,0,42000,232000,-190000,-190000
054742,京鼎凱基99購01  ,0,0,0,0,0,0,0,0,0,-190000,0,0,0,48000,238000,-190000,-190000
056767,大毅元大99購01  ,0,0,0,0,0,0,0,0,0,-190000,0,0,0,521000,711000,-190000,-190000
08250P,GIS群益9C售02   ,0,0,0,0,0,0,0,0,0,-191000,0,0,0,257000,448000,-191000,-191000
065664,矽格永豐9C購01  ,0,0,0,0,0,0,0,0,0,-191000,0,0,0,45000,236000,-191000,-191000
07982P,全新群益9B售04  ,0,0,0,0,0,0,0,0,0,-192000,0,0,0,0,192000,-192000,-192000
067104,聯發科群益01購05,0,0,0,0,0,0,0,0,0,-192000,0,0,0,76000,268000,-192000,-192000
066532,力成元富07購01  ,0,0,0,0,0,0,0,0,0,-192000,0,0,0,221000,413000,-192000,-192000
067027,日月光兆豐03購01,0,0,0,0,0,0,0,0,0,-193000,0,0,0,107000,300000,-193000,-193000
07145P,為升元大99售03  ,0,0,0,0,0,0,0,0,0,-193000,0,0,0,0,193000,-193000,-193000
066141,盛群群益01購01  ,0,0,0,0,0,0,0,0,0,-193000,0,0,0,35000,228000,-193000,-193000
064950,美律凱基02購01  ,0,0,0,0,0,0,0,0,0,-193000,0,0,0,90000,283000,-193000,-193000
06822P,上銀富邦99售03  ,0,0,0,0,0,0,0,0,0,-194000,0,0,0,0,194000,-194000,-194000
066562,上緯控元大01購01,0,0,0,0,0,0,0,0,0,-194000,0,0,0,622000,816000,-194000,-194000
063645,瑞儀元大9B購02  ,0,0,0,0,0,0,0,0,0,-194000,0,0,0,4000,198000,-194000,-194000
07998P,聯電凱基9C售01  ,0,0,0,0,0,0,0,0,0,-195000,0,0,0,0,195000,-195000,-195000
060682,牧德元大9A購03  ,0,0,0,0,0,0,0,0,0,-195000,0,0,0,30000,225000,-195000,-195000
062460,京鼎群益9C購01  ,0,0,0,0,0,0,0,0,0,-195000,0,0,0,44000,239000,-195000,-195000
065720,義隆兆豐9C購03  ,0,0,0,0,0,0,0,0,0,-195000,0,0,0,176000,371000,-195000,-195000
6452,康友-KY         ,43000,204000,-161000,0,0,0,0,0,0,-34000,0,0,0,11000,45000,-34000,-195000
4108,懷特            ,269000,464000,-195000,0,0,0,0,0,0,0,0,0,0,0,0,0,-195000
062557,台光電凱基9B購02,0,0,0,0,0,0,0,0,0,-196000,0,0,0,173000,369000,-196000,-196000
066059,帆宣元大01購01  ,0,0,0,0,0,0,0,0,0,-196000,0,0,0,25000,221000,-196000,-196000
2852,第一保          ,6000,200000,-194000,0,0,0,0,0,0,-2000,0,2000,-2000,0,0,0,-196000
08447P,緯穎永豐9C售02  ,0,0,0,0,0,0,0,0,0,-197000,0,0,0,0,197000,-197000,-197000
067312,欣興元大02購01  ,0,0,0,0,0,0,0,0,0,-197000,0,0,0,109000,306000,-197000,-197000
063246,嘉晶元大9C購01  ,0,0,0,0,0,0,0,0,0,-197000,0,0,0,69000,266000,-197000,-197000
056314,力成元大97購01  ,0,0,0,0,0,0,0,0,0,-198000,0,0,0,0,198000,-198000,-198000
057057,立積元大9A購01  ,0,0,0,0,0,0,0,0,0,-198000,0,0,0,6000,204000,-198000,-198000
061000,旺宏兆豐9A購02  ,0,0,0,0,0,0,0,0,0,-198000,0,0,0,0,198000,-198000,-198000
064442,嘉聯益凱基9C購01,0,0,0,0,0,0,0,0,0,-198000,0,0,0,122000,320000,-198000,-198000
067615,鈺齊凱基01購01  ,0,0,0,0,0,0,0,0,0,-199000,0,0,0,222000,421000,-199000,-199000
08077P,亞德客國票9B售02,0,0,0,0,0,0,0,0,0,-199000,0,0,0,0,199000,-199000,-199000
058527,世紀鋼元大99購01,0,0,0,0,0,0,0,0,0,-199000,0,0,0,273000,472000,-199000,-199000
057281,大立光元大98購16,0,0,0,0,0,0,0,0,0,-199000,0,0,0,1000,200000,-199000,-199000
063051,仁寶統一01購01  ,0,0,0,0,0,0,0,0,0,-199000,0,0,0,0,199000,-199000,-199000
08063P,立積國票9B售03  ,0,0,0,0,0,0,0,0,0,-200000,0,0,0,0,200000,-200000,-200000
08308P,聯發科凱基01售03,0,0,0,0,0,0,0,0,0,-200000,0,0,0,0,200000,-200000,-200000
068039,鎧勝元富07購01  ,0,0,0,0,0,0,0,0,0,-200000,0,0,0,0,200000,-200000,-200000
067495,日月光元大01購04,0,0,0,0,0,0,0,0,0,-200000,0,0,0,0,200000,-200000,-200000
067199,滬深2X元大04購02,0,0,0,0,0,0,0,0,0,-200000,0,0,0,0,200000,-200000,-200000
067197,上証2X元大01購05,0,0,0,0,0,0,0,0,0,-200000,0,0,0,0,200000,-200000,-200000
066693,T50反1群益02購03,0,0,0,0,0,0,0,0,0,-200000,0,0,0,0,200000,-200000,-200000
066793,T50反1凱基03購04,0,0,0,0,0,0,0,0,0,-200000,0,0,0,0,200000,-200000,-200000
06683P,訊芯元大98售07  ,0,0,0,0,0,0,0,0,0,-200000,0,0,0,0,200000,-200000,-200000
055736,宏達電元富99購01,0,0,0,0,0,0,0,0,0,-200000,0,0,0,0,200000,-200000,-200000
04273P,上証反凱基99售01,0,0,0,0,0,0,0,0,0,-200000,0,0,0,0,200000,-200000,-200000
058814,南亞科台新99購01,0,0,0,0,0,0,0,0,0,-200000,0,0,0,0,200000,-200000,-200000
064971,裕隆元大01購01  ,0,0,0,0,0,0,0,0,0,-200000,0,0,0,0,200000,-200000,-200000
065164,和大元大01購01  ,0,0,0,0,0,0,0,0,0,-200000,0,0,0,0,200000,-200000,-200000
064711,國喬統一02購01  ,0,0,0,0,0,0,0,0,0,-200000,0,0,0,60000,260000,-200000,-200000
3090,日電貿          ,71000,268000,-197000,0,0,0,0,0,0,-3000,0,1000,-1000,0,2000,-2000,-200000
067584,技嘉群益02購01  ,0,0,0,0,0,0,0,0,0,-201000,0,0,0,70000,271000,-201000,-201000
055244,國巨統一98購01  ,0,0,0,0,0,0,0,0,0,-201000,0,0,0,0,201000,-201000,-201000
067412,玉山金中信07購01,0,0,0,0,0,0,0,0,0,-202000,0,0,0,0,202000,-202000,-202000
060874,中鋼中信02購01  ,0,0,0,0,0,0,0,0,0,-202000,0,0,0,19000,221000,-202000,-202000
065718,健策中信9C購02  ,0,0,0,0,0,0,0,0,0,-202000,0,0,0,0,202000,-202000,-202000
6592,和潤企業        ,95000,280000,-185000,0,0,0,0,30000,-30000,13000,114000,71000,43000,0,30000,-30000,-202000
067802,台積電凱基07購01,0,0,0,0,0,0,0,0,0,-203000,0,0,0,1000,204000,-203000,-203000
054378,楠梓電群益98購01,0,0,0,0,0,0,0,0,0,-203000,0,0,0,0,203000,-203000,-203000
061357,寶成元大9A購01  ,0,0,0,0,0,0,0,0,0,-203000,0,0,0,30000,233000,-203000,-203000
065735,矽格凱基01購02  ,0,0,0,0,0,0,0,0,0,-203000,0,0,0,77000,280000,-203000,-203000
064160,新日興統一01購03,5000,0,5000,0,0,0,0,0,0,-208000,0,0,0,0,208000,-208000,-203000
2882A,國泰特          ,0,0,0,0,0,0,0,60000,-60000,-143000,1000,144000,-143000,0,0,0,-203000
2501,國建            ,27000,230000,-203000,0,0,0,0,0,0,0,0,0,0,0,0,0,-203000
00635U,元大S&P黃金     ,0,0,0,0,0,0,0,0,0,-204000,0,0,0,249000,453000,-204000,-204000
057863,美律凱基9A購01  ,0,0,0,0,0,0,0,0,0,-204000,0,0,0,111000,315000,-204000,-204000
063334,復盛國票9B購01  ,0,0,0,0,0,0,0,0,0,-204000,0,0,0,0,204000,-204000,-204000
06437P,玉晶光國票99售01,0,0,0,0,0,0,0,0,0,-204000,0,0,0,121000,325000,-204000,-204000
1308,亞聚            ,560000,296000,264000,0,0,0,7000,0,7000,-475000,0,97000,-97000,1000,379000,-378000,-204000
06937P,GIS元大98售03   ,0,0,0,0,0,0,0,0,0,-205000,0,0,0,20000,225000,-205000,-205000
066443,智原群益01購01  ,0,0,0,0,0,0,0,0,0,-205000,0,0,0,3000,208000,-205000,-205000
063653,儒鴻元富9B購01  ,0,0,0,0,0,0,0,0,0,-205000,0,0,0,36000,241000,-205000,-205000
07952P,富邦金元大9B售02,0,0,0,0,0,0,0,0,0,-206000,0,0,0,0,206000,-206000,-206000
057733,嘉聯益國泰99購01,0,0,0,0,0,0,0,0,0,-206000,0,0,0,0,206000,-206000,-206000
00674R,元大S&P黃金反1  ,0,0,0,0,0,0,0,0,0,-206000,0,0,0,38000,244000,-206000,-206000
063069,道瓊銀富邦05購01,0,0,0,0,0,0,0,0,0,-206000,0,0,0,20000,226000,-206000,-206000
065395,致茂群益01購01  ,0,0,0,0,0,0,0,0,0,-206000,0,0,0,144000,350000,-206000,-206000
066828,聯發科群益02購05,20000,25000,-5000,0,0,0,0,0,0,-202000,0,0,0,154000,356000,-202000,-207000
065258,華邦電元大01購01,0,0,0,0,0,0,0,0,0,-207000,0,0,0,333000,540000,-207000,-207000
064740,台光電國票01購01,0,0,0,0,0,0,0,0,0,-207000,0,0,0,10000,217000,-207000,-207000
2472,立隆電          ,475000,664000,-189000,0,0,0,0,0,0,-18000,0,18000,-18000,0,0,0,-207000
067828,聯鈞兆豐03購01  ,0,0,0,0,0,0,0,0,0,-208000,0,0,0,31000,239000,-208000,-208000
057745,泰鼎永豐99購01  ,0,0,0,0,0,0,0,0,0,-208000,0,0,0,28000,236000,-208000,-208000
067328,鎧勝康和01購02  ,0,0,0,0,0,0,0,0,0,-209000,0,0,0,310000,519000,-209000,-209000
067100,華邦電群益01購01,0,0,0,0,0,0,0,0,0,-209000,0,0,0,93000,302000,-209000,-209000
065605,義隆元大01購02  ,0,0,0,0,0,0,0,0,0,-209000,0,0,0,366000,575000,-209000,-209000
6251,定穎            ,700000,852000,-152000,0,0,0,0,0,0,-57000,0,57000,-57000,0,0,0,-209000
00636,國泰中國A50     ,105000,127000,-22000,0,0,0,0,0,0,-187329,0,0,0,468671,656000,-187329,-209329
067220,台郡元大01購04  ,0,0,0,0,0,0,0,0,0,-210000,0,0,0,225000,435000,-210000,-210000
068016,宏碁國票02購01  ,0,0,0,0,0,0,0,0,0,-210000,0,0,0,0,210000,-210000,-210000
03021P,玉晶光群益02售25,0,0,0,0,0,0,0,0,0,-210000,0,0,0,0,210000,-210000,-210000
059028,嘉聯益台新99購02,0,0,0,0,0,0,0,0,0,-210000,0,0,0,0,210000,-210000,-210000
062331,大立光統一9B購10,10000,0,10000,0,0,0,0,0,0,-220000,0,0,0,2000,222000,-220000,-210000
062721,美律凱基9B購02  ,0,0,0,0,0,0,0,0,0,-210000,0,0,0,24000,234000,-210000,-210000
066676,A50正2兆豐03購01,1000,0,1000,0,0,0,0,0,0,-212000,0,0,0,20000,232000,-212000,-211000
066186,台郡凱基02購01  ,0,0,0,0,0,0,0,0,0,-211000,0,0,0,50000,261000,-211000,-211000
067904,SP黃豆國泰03購01,0,0,0,0,0,0,0,0,0,-212000,0,0,0,0,212000,-212000,-212000
061795,智邦永豐9B購01  ,0,0,0,0,0,0,0,0,0,-212000,0,0,0,88000,300000,-212000,-212000
065214,友達國泰01購01  ,0,0,0,0,0,0,0,0,0,-212000,0,0,0,2000,214000,-212000,-212000
064323,滬深2X元大9C購09,0,0,0,0,0,0,0,0,0,-212000,0,0,0,24000,236000,-212000,-212000
066668,揚明光凱基01購01,0,0,0,0,0,0,0,0,0,-213000,0,0,0,101000,314000,-213000,-213000
061237,晶技元大9A購01  ,0,0,0,0,0,0,0,0,0,-213000,0,0,0,116000,329000,-213000,-213000
067722,國產凱基01購01  ,0,0,0,0,0,0,0,0,0,-214000,0,0,0,1000,215000,-214000,-214000
063656,台光電元富03購01,0,0,0,0,0,0,0,0,0,-214000,0,0,0,87000,301000,-214000,-214000
064808,國產元大9C購02  ,0,0,0,0,0,0,0,0,0,-214000,0,0,0,4000,218000,-214000,-214000
067454,矽格國票02購02  ,0,0,0,0,0,0,0,0,0,-215000,0,0,0,75000,290000,-215000,-215000
054559,台光電群益99購01,0,0,0,0,0,0,0,0,0,-215000,0,0,0,0,215000,-215000,-215000
064921,景碩統一02購01  ,0,0,0,0,0,0,0,0,0,-215000,0,0,0,5000,220000,-215000,-215000
057730,聯鈞國泰9A購01  ,0,0,0,0,0,0,0,0,0,-216000,0,0,0,174000,390000,-216000,-216000
057486,美律元大98購04  ,0,0,0,0,0,0,0,0,0,-216000,0,0,0,0,216000,-216000,-216000
063125,華擎元大9C購02  ,0,0,0,0,0,0,0,0,0,-216000,0,0,0,0,216000,-216000,-216000
067782,亞德客群益01購04,0,0,0,0,0,0,0,0,0,-217000,0,0,0,0,217000,-217000,-217000
063118,中鋼元大9C購01  ,0,0,0,0,0,0,0,0,0,-217000,0,0,0,10000,227000,-217000,-217000
062293,麗豐永豐9B購01  ,0,0,0,0,0,0,0,0,0,-217000,0,0,0,7000,224000,-217000,-217000
062496,矽創中信9B購01  ,0,0,0,0,0,0,0,0,0,-218000,0,0,0,230000,448000,-218000,-218000
064671,聯茂元大9C購02  ,0,0,0,0,0,0,0,0,0,-218000,0,0,0,48000,266000,-218000,-218000
065876,牧德群益02購01  ,0,0,0,0,0,0,0,0,0,-218000,0,0,0,75000,293000,-218000,-218000
1734,杏輝            ,9000,392000,-383000,0,0,0,0,0,0,165000,0,0,0,165000,0,165000,-218000
067243,華擎群益01購04  ,0,0,0,0,0,0,0,0,0,-219000,0,0,0,123000,342000,-219000,-219000
061083,京元電兆豐9A購01,0,0,0,0,0,0,0,0,0,-219000,0,0,0,20000,239000,-219000,-219000
066203,景碩統一03購01  ,0,0,0,0,0,0,0,0,0,-219000,0,0,0,1000,220000,-219000,-219000
066704,創意群益01購02  ,0,0,0,0,0,0,0,0,0,-220000,0,0,0,352000,572000,-220000,-220000
07590P,玉晶光國票9A售03,0,0,0,0,0,0,0,0,0,-220000,0,0,0,220000,440000,-220000,-220000
07879P,瑞昱群益9C售01  ,0,0,0,0,0,0,0,0,0,-220000,0,0,0,0,220000,-220000,-220000
065812,寶成群益9C購02  ,0,0,0,0,0,0,0,0,0,-220000,0,0,0,173000,393000,-220000,-220000
08900P,聯發科群益01售07,0,0,0,0,0,0,0,0,0,-220000,0,0,0,40000,260000,-220000,-220000
6209,今國光          ,191000,410000,-219000,0,0,0,0,0,0,-1000,0,1000,-1000,0,0,0,-220000
067814,緯創凱基01購02  ,0,0,0,0,0,0,0,0,0,-221000,0,0,0,122000,343000,-221000,-221000
057774,台光電群益99購02,0,0,0,0,0,0,0,0,0,-221000,0,0,0,0,221000,-221000,-221000
067320,訊連元大01購01  ,0,0,0,0,0,0,0,0,0,-222000,0,0,0,528000,750000,-222000,-222000
058324,嘉聯益永豐9A購01,0,0,0,0,0,0,0,0,0,-222000,0,0,0,1000,223000,-222000,-222000
00766L,台新MSCI中國正2 ,0,0,0,0,0,0,0,0,0,-222000,0,0,0,153000,375000,-222000,-222000
065723,新日興兆豐01購01,0,0,0,0,0,0,0,0,0,-222000,0,0,0,0,222000,-222000,-222000
065441,義隆麥證9C購01  ,0,0,0,108000,330000,-222000,0,0,0,-222000,0,0,0,108000,330000,-222000,-222000
6504,南六            ,237000,296000,-59000,0,0,0,0,80000,-80000,-83000,10000,46000,-36000,14000,61000,-47000,-222000
07365P,超眾元大99售07  ,0,0,0,0,0,0,0,0,0,-223000,0,0,0,100000,323000,-223000,-223000
056150,台光電凱基98購02,0,0,0,0,0,0,0,0,0,-223000,0,0,0,0,223000,-223000,-223000
065517,緯創群益9C購02  ,0,0,0,0,0,0,0,0,0,-223000,0,0,0,29000,252000,-223000,-223000
064376,美律元富9C購01  ,0,0,0,0,0,0,0,0,0,-223000,0,0,0,316000,539000,-223000,-223000
067656,新日興元富07購01,0,0,0,0,0,0,0,0,0,-224000,0,0,0,0,224000,-224000,-224000
068030,台積電元富07購10,0,0,0,0,0,0,0,0,0,-225000,0,0,0,0,225000,-225000,-225000
061868,旺宏元大9B購03  ,0,0,0,0,0,0,0,0,0,-225000,0,0,0,0,225000,-225000,-225000
061569,旺宏元大9A購14  ,0,0,0,0,0,0,0,0,0,-225000,0,0,0,0,225000,-225000,-225000
065802,義隆群益9C購05  ,0,0,0,0,0,0,0,0,0,-225000,0,0,0,36000,261000,-225000,-225000
066174,京鼎凱基01購01  ,0,0,0,0,0,0,0,0,0,-225000,0,0,0,60000,285000,-225000,-225000
07694P,超眾元大9A售05  ,0,0,0,0,0,0,0,0,0,-226000,0,0,0,2000,228000,-226000,-226000
064145,宏碁統一02購01  ,0,0,0,0,0,0,0,0,0,-227000,0,0,0,868000,1095000,-227000,-227000
4306,炎洲            ,7000,238000,-231000,0,0,0,0,0,0,4000,4000,0,4000,0,0,0,-227000
08300P,世芯國票01售01  ,0,0,0,0,0,0,0,0,0,-228000,0,0,0,53000,281000,-228000,-228000
067352,美律群益01購01  ,0,0,0,0,0,0,0,0,0,-228000,0,0,0,234000,462000,-228000,-228000
061659,信邦永豐9A購01  ,0,0,0,0,0,0,0,0,0,-228000,0,0,0,321000,549000,-228000,-228000
065366,英業達元大9C購02,0,0,0,0,0,0,0,0,0,-228000,0,0,0,15000,243000,-228000,-228000
07637P,國巨國票9A售08  ,0,0,0,0,0,0,0,0,0,-229000,0,0,0,0,229000,-229000,-229000
067697,致茂國票02購01  ,0,0,0,0,0,0,0,0,0,-229000,0,0,0,16000,245000,-229000,-229000
055433,嘉聯益群益99購01,0,0,0,0,0,0,0,0,0,-229000,0,0,0,0,229000,-229000,-229000
064535,國產國票01購01  ,0,0,0,0,0,0,0,0,0,-229000,0,0,0,55000,284000,-229000,-229000
1304,台聚            ,206000,305000,-99000,0,0,0,0,0,0,-130000,0,130000,-130000,0,0,0,-229000
08607P,聯發科富邦03售04,0,0,0,0,0,0,0,0,0,-230000,0,0,0,0,230000,-230000,-230000
08511P,電子類富邦9C售02,0,0,0,0,0,0,0,0,0,-230000,0,0,0,40000,270000,-230000,-230000
067303,聯發科元大02購03,0,0,0,0,0,0,0,0,0,-230000,0,0,0,133000,363000,-230000,-230000
057508,康控國票99購03  ,0,0,0,0,0,0,0,0,0,-230000,0,0,0,3000,233000,-230000,-230000
062688,華擎統一01購03  ,0,0,0,0,0,0,0,0,0,-230000,0,0,0,17000,247000,-230000,-230000
065393,旺宏群益9C購04  ,0,0,0,0,0,0,0,0,0,-230000,0,0,0,15000,245000,-230000,-230000
057940,和大國票99購01  ,0,0,0,0,0,0,0,0,0,-231000,0,0,0,0,231000,-231000,-231000
062251,旺宏元大9B購06  ,0,0,0,0,0,0,0,0,0,-231000,0,0,0,0,231000,-231000,-231000
065540,台表科統一02購05,0,0,0,0,0,0,0,0,0,-232000,0,0,0,72000,304000,-232000,-232000
08596P,聯發科國泰02售02,0,0,0,0,0,0,0,0,0,-233000,0,0,0,0,233000,-233000,-233000
07531P,大立光國泰9B售03,0,0,0,0,0,0,0,0,0,-233000,0,0,0,63000,296000,-233000,-233000
066697,長興群益01購01  ,0,0,0,0,0,0,0,0,0,-234000,0,0,0,476000,710000,-234000,-234000
052659,上証2X國票99購01,0,0,0,0,0,0,0,0,0,-234000,0,0,0,0,234000,-234000,-234000
065873,信邦群益02購01  ,0,0,0,0,0,0,0,0,0,-234000,0,0,0,30000,264000,-234000,-234000
064240,群創統一02購02  ,0,0,0,0,0,0,0,0,0,-234000,0,0,0,24000,258000,-234000,-234000
057045,美律元大99購04  ,0,0,0,0,0,0,0,0,0,-235000,0,0,0,126000,361000,-235000,-235000
058222,玉晶光統一9B購01,0,0,0,0,0,0,0,0,0,-235000,0,0,0,0,235000,-235000,-235000
062800,奇力新統一01購02,0,0,0,0,0,0,0,0,0,-235000,0,0,0,0,235000,-235000,-235000
060677,京元電元大9A購04,0,0,0,0,0,0,0,0,0,-235000,0,0,0,19000,254000,-235000,-235000
060214,茂林康和9A購01  ,0,0,0,0,0,0,0,0,0,-235000,0,0,0,66000,301000,-235000,-235000
1310,台苯            ,59000,279000,-220000,0,0,0,0,6000,-6000,-9000,0,0,0,0,9000,-9000,-235000
2049,上銀            ,354000,580724,-226724,0,0,0,93000,0,93000,-102000,53000,62000,-9000,10000,103000,-93000,-235724
056269,新日興統一98購01,0,0,0,0,0,0,0,0,0,-236000,0,0,0,2000,238000,-236000,-236000
063134,裕隆統一01購01  ,0,0,0,0,0,0,0,0,0,-236000,0,0,0,60000,296000,-236000,-236000
062488,台光電永豐9B購02,0,0,0,0,0,0,0,0,0,-236000,0,0,0,0,236000,-236000,-236000
065800,技嘉群益9C購01  ,0,0,0,0,0,0,0,0,0,-236000,0,0,0,52000,288000,-236000,-236000
059282,嘉聯益永豐99購01,0,0,0,0,0,0,0,0,0,-237000,0,0,0,0,237000,-237000,-237000
3338,泰碩            ,136000,293000,-157000,0,0,0,0,4000,-4000,-76000,1000,5000,-4000,7000,79000,-72000,-237000
067210,聯發科元大01購18,0,0,0,0,0,0,0,0,0,-238000,0,0,0,2000,240000,-238000,-238000
067606,京鼎凱基01購04  ,0,0,0,0,0,0,0,0,0,-238000,0,0,0,16000,254000,-238000,-238000
00678,群益NBI生技     ,0,152000,-152000,0,0,0,0,0,0,-86000,0,0,0,300000,386000,-86000,-238000
062884,康控兆豐9C購01  ,0,0,0,0,0,0,0,0,0,-238000,0,0,0,64000,302000,-238000,-238000
08498P,大立光國票01售02,0,0,0,0,0,0,0,0,0,-239000,0,0,0,21000,260000,-239000,-239000
065478,緯創元大9C購03  ,0,0,0,0,0,0,0,0,0,-239000,0,0,0,199000,438000,-239000,-239000
08606P,聯發科國票9C售05,0,0,0,0,0,0,0,0,0,-240000,0,0,0,10000,250000,-240000,-240000
060824,旺宏元大9A購06  ,0,0,0,0,0,0,0,0,0,-240000,0,0,0,0,240000,-240000,-240000
064239,群創統一02購01  ,0,0,0,0,0,0,0,0,0,-240000,0,0,0,202000,442000,-240000,-240000
066751,矽創元大01購03  ,0,0,0,0,0,0,0,0,0,-241000,0,0,0,127000,368000,-241000,-241000
060855,華新科富邦01購01,0,0,0,0,0,0,0,0,0,-241000,0,0,0,208000,449000,-241000,-241000
064920,景碩統一01購02  ,0,0,0,0,0,0,0,0,0,-241000,0,0,0,109000,350000,-241000,-241000
065520,台勝科群益9C購03,0,0,0,0,0,0,0,0,0,-241000,0,0,0,10000,251000,-241000,-241000
08556P,臺股指中信01售08,0,0,0,0,0,0,0,0,0,-242000,0,0,0,100000,342000,-242000,-242000
067734,亞德客元大01購03,0,0,0,0,0,0,0,0,0,-242000,0,0,0,0,242000,-242000,-242000
062564,矽創凱基9B購01  ,0,0,0,0,0,0,0,0,0,-242000,0,0,0,10000,252000,-242000,-242000
066337,聯陽永豐01購02  ,0,0,0,0,0,0,0,0,0,-242000,0,0,0,10000,252000,-242000,-242000
064071,台郡永豐9C購01  ,0,0,0,0,0,0,0,0,0,-242000,0,0,0,22000,264000,-242000,-242000
2103,台橡            ,97000,339000,-242000,0,0,0,0,0,0,0,0,0,0,0,0,0,-242000
08374P,緯穎凱基9C售01  ,0,0,0,0,0,0,0,0,0,-243000,0,0,0,0,243000,-243000,-243000
066287,訊芯元大01購01  ,0,0,0,0,0,0,0,0,0,-243000,0,0,0,37000,280000,-243000,-243000
9910,豐泰            ,205000,406100,-201100,0,0,0,0,3000,-3000,-39000,0,5000,-5000,0,34000,-34000,-243100
067471,台積電元大01購26,0,0,0,0,0,0,0,0,0,-244000,0,0,0,539000,783000,-244000,-244000
060162,碩天永豐9A購01  ,0,0,0,0,0,0,0,0,0,-244000,0,0,0,10000,254000,-244000,-244000
066041,台光電元大01購02,0,0,0,0,0,0,0,0,0,-244000,0,0,0,143000,387000,-244000,-244000
07792P,牧德元大9A售04  ,0,0,0,0,0,0,0,0,0,-245000,0,0,0,60000,305000,-245000,-245000
067829,鎧勝兆豐03購01  ,0,0,0,0,0,0,0,0,0,-245000,0,0,0,0,245000,-245000,-245000
9907,統一實          ,156000,401000,-245000,0,0,0,0,0,0,0,0,0,0,0,0,0,-245000
08824P,微星元大01售03  ,0,0,0,0,0,0,0,0,0,-245000,0,0,0,20000,265000,-245000,-245000
066869,聯發科元富07購02,0,0,0,0,0,0,0,0,0,-246000,0,0,0,108000,354000,-246000,-246000
05174P,元金2X富邦9B售01,0,0,0,0,0,0,0,0,0,-246000,0,0,0,0,246000,-246000,-246000
066282,鎧勝元大01購01  ,0,0,0,0,0,0,0,0,0,-246000,0,0,0,633000,879000,-246000,-246000
063675,亞德客國泰01購01,0,0,0,0,0,0,0,0,0,-247000,0,0,0,557000,804000,-247000,-247000
065705,嘉晶群益9C購05  ,0,0,0,0,0,0,0,0,0,-247000,0,0,0,167000,414000,-247000,-247000
063994,台光電群益9C購01,0,0,0,0,0,0,0,0,0,-247000,0,0,0,26000,273000,-247000,-247000
067732,遠東新元大01購01,0,0,0,0,0,0,0,0,0,-248000,0,0,0,15000,263000,-248000,-248000
059298,大立光元富9C購02,0,0,0,0,0,0,0,0,0,-248000,0,0,0,290000,538000,-248000,-248000
064233,燿華統一9C購02  ,0,0,0,0,0,0,0,0,0,-248000,0,0,0,251000,499000,-248000,-248000
064248,億光元富9C購01  ,0,0,0,0,0,0,0,0,0,-248000,0,0,0,78000,326000,-248000,-248000
4977,眾達-KY         ,126000,245000,-119000,0,0,0,0,0,0,-129000,0,11000,-11000,2000,120000,-118000,-248000
064784,祥碩群益9C購01  ,0,0,0,0,0,0,0,0,0,-249000,0,0,0,201000,450000,-249000,-249000
065320,技嘉凱基9C購02  ,0,0,0,0,0,0,0,0,0,-249000,0,0,0,176000,425000,-249000,-249000
1609,大亞            ,138000,385000,-247000,0,0,0,0,0,0,-2000,0,2000,-2000,0,0,0,-249000
07000P,T50反1元大99售03,0,0,0,0,0,0,0,0,0,-250000,0,0,0,100000,350000,-250000,-250000
067205,台積電元大01購22,0,0,0,0,0,0,0,0,0,-250000,0,0,0,407000,657000,-250000,-250000
063290,GIS元大9B購02   ,0,0,0,0,0,0,0,0,0,-250000,0,0,0,10000,260000,-250000,-250000
057632,傳奇永豐98購01  ,0,0,0,0,0,0,0,0,0,-250000,0,0,0,0,250000,-250000,-250000
055976,台積電統一99購03,0,0,0,0,0,0,0,0,0,-250000,0,0,0,0,250000,-250000,-250000
062046,矽格凱基9B購01  ,0,0,0,0,0,0,0,0,0,-250000,0,0,0,291000,541000,-250000,-250000
061967,旺宏統一01購04  ,0,0,0,0,0,0,0,0,0,-250000,0,0,0,0,250000,-250000,-250000
08710P,鴻海元富07售03  ,0,0,0,0,0,0,0,0,0,-250000,0,0,0,0,250000,-250000,-250000
067050,京鼎凱基03購01  ,0,0,0,0,0,0,0,0,0,-251000,0,0,0,1000,252000,-251000,-251000
066690,瑞昱台新01購01  ,0,0,0,0,0,0,0,0,0,-251000,0,0,0,228000,479000,-251000,-251000
056907,群創元大9C購04  ,0,0,0,0,0,0,0,0,0,-252000,0,0,0,150000,402000,-252000,-252000
062017,京鼎永豐9B購01  ,0,0,0,0,0,0,0,0,0,-252000,0,0,0,153000,405000,-252000,-252000
064256,玉晶光國泰02購02,0,0,0,0,0,0,0,0,0,-252000,0,0,0,392000,644000,-252000,-252000
066452,晶碩群益01購01  ,0,0,0,0,0,0,0,0,0,-254000,0,0,0,53000,307000,-254000,-254000
3033,威健            ,292000,542000,-250000,0,0,0,0,0,0,-4000,0,4000,-4000,0,0,0,-254000
067623,台積電富邦04購05,0,0,0,0,0,0,0,0,0,-255000,0,0,0,574000,829000,-255000,-255000
08160P,茂林元富9B售03  ,0,0,0,0,0,0,0,0,0,-255000,0,0,0,115000,370000,-255000,-255000
056346,聯茂凱基99購02  ,0,0,0,0,0,0,0,0,0,-255000,0,0,0,21000,276000,-255000,-255000
062491,矽創永豐9B購01  ,0,0,0,0,0,0,0,0,0,-255000,0,0,0,68000,323000,-255000,-255000
064937,英業達元富9C購01,0,0,0,0,0,0,0,0,0,-255000,0,0,0,36000,291000,-255000,-255000
8996,高力            ,197000,482000,-285000,0,0,0,0,0,0,30000,30000,0,30000,0,0,0,-255000
067255,日月光國票02購01,0,0,0,0,0,0,0,0,0,-256000,0,0,0,12000,268000,-256000,-256000
062561,瀚宇博凱基9B購01,0,0,0,0,0,0,0,0,0,-256000,0,0,0,310000,566000,-256000,-256000
062991,台光電群益9B購03,0,0,0,0,0,0,0,0,0,-256000,0,0,0,5000,261000,-256000,-256000
067643,台郡統一03購01  ,0,0,0,0,0,0,0,0,0,-257000,0,0,0,68000,325000,-257000,-257000
067368,技嘉統一03購01  ,0,0,0,0,0,0,0,0,0,-257000,0,0,0,294000,551000,-257000,-257000
064302,美律兆豐01購01  ,0,0,0,0,0,0,0,0,0,-257000,0,0,0,321000,578000,-257000,-257000
065756,緯創元大9C購05  ,0,0,0,0,0,0,0,0,0,-257000,0,0,0,91000,348000,-257000,-257000
065394,英業達群益9C購01,0,0,0,0,0,0,0,0,0,-258000,0,0,0,35000,293000,-258000,-258000
067187,聯陽凱基01購02  ,0,0,0,0,0,0,0,0,0,-259000,0,0,0,0,259000,-259000,-259000
07922P,大立光群益9B售05,0,0,0,0,0,0,0,0,0,-259000,0,0,0,71000,330000,-259000,-259000
06952P,大立光統一9A售03,0,0,0,0,0,0,0,0,0,-259000,0,0,0,45000,304000,-259000,-259000
058145,聯茂元大99購03  ,0,0,0,0,0,0,0,0,0,-259000,0,0,0,68000,327000,-259000,-259000
06867P,訊芯元大98售08  ,0,0,0,0,0,0,0,0,0,-260000,0,0,0,0,260000,-260000,-260000
067211,聯發科元大01購19,0,0,0,0,0,0,0,0,0,-260000,0,0,0,12000,272000,-260000,-260000
066675,滬深2X兆豐03購01,0,0,0,0,0,0,0,0,0,-260000,0,0,0,0,260000,-260000,-260000
058810,國巨統一9B購04  ,0,0,0,0,0,0,0,0,0,-260000,0,0,0,0,260000,-260000,-260000
03433B,臺股指元大9C熊01,0,0,0,0,0,0,0,0,0,-260000,0,0,0,21000,281000,-260000,-260000
065700,京元電群益9C購01,0,0,0,0,0,0,0,0,0,-260000,0,0,0,146000,406000,-260000,-260000
066366,信邦中信02購01  ,0,0,0,0,0,0,0,0,0,-260000,0,0,0,82000,342000,-260000,-260000
067136,京鼎永豐01購01  ,0,0,0,0,0,0,0,0,0,-261000,0,0,0,1000,262000,-261000,-261000
08999P,玉晶光群益02售16,0,0,0,0,0,0,0,0,0,-261000,0,0,0,12000,273000,-261000,-261000
066118,台郡兆豐01購01  ,0,0,0,0,0,0,0,0,0,-262000,0,0,0,28000,290000,-262000,-262000
2890,永豐金          ,3139716,4822000,-1682284,0,0,0,1714000,175000,1539000,-119000,0,43000,-43000,0,76000,-76000,-262284
03027P,玉晶光元大01售09,0,0,0,0,0,0,0,0,0,-263000,0,0,0,0,263000,-263000,-263000
065688,緯創元富9C購02  ,0,0,0,0,0,0,0,0,0,-263000,0,0,0,140000,403000,-263000,-263000
064259,矽格富邦9C購01  ,0,0,0,0,0,0,0,0,0,-263000,0,0,0,1000,264000,-263000,-263000
066761,聯陽永豐01購03  ,0,0,0,0,0,0,0,0,0,-265000,0,0,0,0,265000,-265000,-265000
058809,國巨統一9B購03  ,0,0,0,0,0,0,0,0,0,-265000,0,0,0,0,265000,-265000,-265000
060791,聯茂富邦9A購02  ,0,0,0,0,0,0,0,0,0,-265000,0,0,0,1000,266000,-265000,-265000
064438,大立光凱基01購03,0,0,0,0,0,0,0,0,0,-265000,0,0,0,0,265000,-265000,-265000
066232,聯強富邦03購01  ,0,0,0,0,0,0,0,0,0,-265000,0,0,0,40000,305000,-265000,-265000
058677,矽格群益99購01  ,0,0,0,0,0,0,0,0,0,-266000,0,0,0,130000,396000,-266000,-266000
063470,泰鼎元大9B購03  ,0,0,0,0,0,0,0,0,0,-266000,0,0,0,149000,415000,-266000,-266000
064037,寶成元大9C購02  ,0,0,0,0,0,0,0,0,0,-266000,0,0,0,85000,351000,-266000,-266000
067486,新日興元大01購03,0,0,0,0,0,0,0,0,0,-267000,0,0,0,130000,397000,-267000,-267000
058899,旺宏元大99購10  ,0,0,0,0,0,0,0,0,0,-267000,0,0,0,26000,293000,-267000,-267000
066444,華擎群益01購03  ,0,0,0,0,0,0,0,0,0,-268000,0,0,0,0,268000,-268000,-268000
064716,國巨統一9C購14  ,0,0,0,0,0,0,0,0,0,-268000,0,0,0,94000,362000,-268000,-268000
3356,奇偶            ,171000,438000,-267000,0,0,0,0,0,0,-1000,0,1000,-1000,0,0,0,-268000
6224,聚鼎            ,63000,330000,-267000,0,0,0,0,0,0,-1000,0,1000,-1000,0,0,0,-268000
08644P,臺股指中信02售02,0,0,0,0,0,0,0,0,0,-269000,0,0,0,205000,474000,-269000,-269000
065930,矽格國票02購01  ,0,0,0,0,0,0,0,0,0,-269000,0,0,0,29000,298000,-269000,-269000
067941,鎧勝凱基01購02  ,0,0,0,0,0,0,0,0,0,-270000,0,0,0,0,270000,-270000,-270000
066492,台郡元富01購01  ,0,0,0,0,0,0,0,0,0,-270000,0,0,0,110000,380000,-270000,-270000
063274,鈺齊兆豐9B購01  ,0,0,0,0,0,0,0,0,0,-270000,0,0,0,199000,469000,-270000,-270000
066251,川湖元大01購01  ,0,0,0,0,0,0,0,0,0,-270000,0,0,0,35000,305000,-270000,-270000
065147,寶成凱基01購01  ,0,0,0,0,0,0,0,0,0,-270000,0,0,0,14000,284000,-270000,-270000
067214,聯陽元大01購02  ,0,0,0,0,0,0,0,0,0,-271000,0,0,0,99000,370000,-271000,-271000
08075P,聯電群益9C售01  ,0,0,0,0,0,0,0,0,0,-271000,0,0,0,0,271000,-271000,-271000
062798,台光電統一9B購01,0,0,0,0,0,0,0,0,0,-271000,0,0,0,352000,623000,-271000,-271000
064135,復盛元大9C購01  ,0,0,0,0,0,0,0,0,0,-271000,0,0,0,225000,496000,-271000,-271000
2455,全新            ,172000,461000,-289000,0,0,0,0,0,0,18000,64000,77000,-13000,56000,25000,31000,-271000
2369,菱生            ,255000,523000,-268000,0,0,0,0,0,0,-3000,0,3000,-3000,0,0,0,-271000
067212,聯發科元大02購02,0,0,0,0,0,0,0,0,0,-272000,0,0,0,111000,383000,-272000,-272000
064723,大立光統一02購04,0,0,0,0,0,0,0,0,0,-272000,0,0,0,0,272000,-272000,-272000
065662,台勝科永豐9C購01,0,0,0,0,0,0,0,0,0,-272000,0,0,0,0,272000,-272000,-272000
065533,台光電統一02購03,0,0,0,0,0,0,0,0,0,-273000,0,0,0,305000,578000,-273000,-273000
00670L,富邦NASDAQ正2   ,0,0,0,0,0,0,0,0,0,-274000,0,0,0,350000,624000,-274000,-274000
066006,大立光統一01購07,0,0,0,0,0,0,0,0,0,-274000,0,0,0,208000,482000,-274000,-274000
07902P,玉晶光國票01售01,0,0,0,0,0,0,0,0,0,-275000,0,0,0,22000,297000,-275000,-275000
058144,聯茂元大99購02  ,0,0,0,0,0,0,0,0,0,-275000,0,0,0,26000,301000,-275000,-275000
063446,台光電統一01購02,0,0,0,0,0,0,0,0,0,-275000,0,0,0,139000,414000,-275000,-275000
067053,申豐凱基02購01  ,0,0,0,0,0,0,0,0,0,-276000,0,0,0,178000,454000,-276000,-276000
066538,信邦兆豐03購01  ,0,0,0,0,0,0,0,0,0,-276000,0,0,0,430000,706000,-276000,-276000
065445,台光電統一01購05,0,0,0,0,0,0,0,0,0,-276000,0,0,0,161000,437000,-276000,-276000
07671P,超眾元大9A售04  ,0,0,0,0,0,0,0,0,0,-277000,0,0,0,16000,293000,-277000,-277000
058688,矽創凱基9A購01  ,0,0,0,0,0,0,0,0,0,-277000,0,0,0,0,277000,-277000,-277000
062722,京元電凱基9B購02,0,0,0,0,0,0,0,0,0,-277000,0,0,0,168000,445000,-277000,-277000
067738,技嘉元大01購02  ,0,0,0,0,0,0,0,0,0,-278000,0,0,0,180000,458000,-278000,-278000
08563P,金像電元富9C售03,0,0,0,0,0,0,0,0,0,-278000,0,0,0,89000,367000,-278000,-278000
064112,宏碁國票01購01  ,0,0,0,0,0,0,0,0,0,-278000,0,0,0,27000,305000,-278000,-278000
07230P,滬深2X群益01售02,0,0,0,0,0,0,0,0,0,-279000,0,0,0,30000,309000,-279000,-279000
066907,聯發科凱基03購04,0,0,0,0,0,0,0,0,0,-279000,0,0,0,0,279000,-279000,-279000
062651,世紀鋼富邦9C購01,0,0,0,0,0,0,0,0,0,-279000,0,0,0,1000,280000,-279000,-279000
063117,聯茂麥證9B購01  ,0,0,0,0,280000,-280000,0,0,0,-280000,0,0,0,0,280000,-280000,-280000
065608,緯創元大9C購04  ,0,0,0,0,0,0,0,0,0,-280000,0,0,0,84000,364000,-280000,-280000
08805P,台積電元富07售04,0,0,0,0,0,0,0,0,0,-280000,0,0,0,20000,300000,-280000,-280000
2105,正新            ,1528000,2411378,-883378,0,0,0,1013000,8000,1005000,-402000,23000,407000,-384000,0,18000,-18000,-280378
056404,嘉聯益群益9A購01,0,0,0,0,0,0,0,0,0,-281000,0,0,0,88000,369000,-281000,-281000
06698P,玉晶光國票99售05,0,0,0,0,0,0,0,0,0,-282000,0,0,0,45000,327000,-282000,-282000
066767,敦泰永豐01購02  ,0,0,0,0,0,0,0,0,0,-282000,0,0,0,71000,353000,-282000,-282000
066527,泰鼎統一03購01  ,0,0,0,0,0,0,0,0,0,-282000,0,0,0,428000,710000,-282000,-282000
067084,泰鼎元大01購02  ,0,0,0,0,0,0,0,0,0,-282000,0,0,0,248000,530000,-282000,-282000
065710,嘉聯益群益9C購02,0,0,0,0,0,0,0,0,0,-282000,0,0,0,38000,320000,-282000,-282000
2388,威盛            ,1327000,1609000,-282000,0,0,0,0,0,0,0,0,0,0,0,0,0,-282000
067726,帆宣凱基01購01  ,0,0,0,0,0,0,0,0,0,-283000,0,0,0,176000,459000,-283000,-283000
058523,聯茂元大99購08  ,0,0,0,0,0,0,0,0,0,-283000,0,0,0,94000,377000,-283000,-283000
066804,緯創凱基01購01  ,0,0,0,0,0,0,0,0,0,-284000,0,0,0,134000,418000,-284000,-284000
065880,訊芯群益9C購01  ,0,0,0,0,0,0,0,0,0,-284000,0,0,0,0,284000,-284000,-284000
066653,矽格康和01購01  ,0,0,0,0,0,0,0,0,0,-287000,0,0,0,6000,293000,-287000,-287000
062986,T50反1中信02購01,0,0,0,0,0,0,0,0,0,-287000,0,0,0,5000,292000,-287000,-287000
061550,聯鈞群益9A購03  ,0,0,0,0,0,0,0,0,0,-287000,0,0,0,0,287000,-287000,-287000
066572,台郡元大01購02  ,0,0,0,0,0,0,0,0,0,-288000,0,0,0,53000,341000,-288000,-288000
067037,美利達康和01購02,0,0,0,0,0,0,0,0,0,-288000,0,0,0,30000,318000,-288000,-288000
061085,聯茂兆豐9A購01  ,0,0,0,0,0,0,0,0,0,-288000,0,0,0,200000,488000,-288000,-288000
066941,滬深2X元大03購01,0,0,0,0,0,0,0,0,0,-289000,0,0,0,209000,498000,-289000,-289000
064691,友達群益9C購04  ,0,0,0,0,0,0,0,0,0,-289000,0,0,0,20000,309000,-289000,-289000
054104,T50反1凱基9A購02,0,0,0,0,0,0,0,0,0,-290000,0,0,0,110000,400000,-290000,-290000
04006P,滬深2X國票9B售01,0,0,0,0,0,0,0,0,0,-290000,0,0,0,311000,601000,-290000,-290000
067715,泰豐凱基02購01  ,0,0,0,0,0,0,0,0,0,-292000,0,0,0,0,292000,-292000,-292000
08299P,玉晶光國票02售01,0,0,0,0,0,0,0,0,0,-292000,0,0,0,758000,1050000,-292000,-292000
066589,英業達群益01購01,0,0,0,0,0,0,0,0,0,-293000,0,0,0,0,293000,-293000,-293000
066584,滬深2X群益03購01,0,0,0,0,0,0,0,0,0,-293000,0,0,0,7000,300000,-293000,-293000
057244,鈺齊凱基99購01  ,0,0,0,0,0,0,0,0,0,-293000,0,0,0,54000,347000,-293000,-293000
064568,聯鈞群益9C購01  ,0,0,0,0,0,0,0,0,0,-293000,0,0,0,0,293000,-293000,-293000
067408,達方永豐01購02  ,0,0,0,0,0,0,0,0,0,-294000,0,0,0,0,294000,-294000,-294000
00715L,街口布蘭特油正2 ,0,58000,-58000,0,0,0,0,0,0,-236000,0,0,0,0,236000,-236000,-294000
065648,華擎元大01購02  ,0,0,0,0,0,0,0,0,0,-295000,0,0,0,5000,300000,-295000,-295000
063804,華邦電兆豐01購01,0,0,0,0,0,0,0,0,0,-297000,0,0,0,3000,300000,-297000,-297000
067077,智原元大01購04  ,0,0,0,0,0,0,0,0,0,-298000,0,0,0,102000,400000,-298000,-298000
058615,矽創元大99購01  ,0,0,0,0,0,0,0,0,0,-298000,0,0,0,143000,441000,-298000,-298000
6414,樺漢            ,98000,204000,-106000,0,0,0,0,213000,-213000,21000,26000,5000,21000,6000,6000,0,-298000
07285P,上証2X群益01售02,0,0,0,0,0,0,0,0,0,-299000,0,0,0,0,299000,-299000,-299000
07457P,宏達電元大9A售01,0,0,0,0,0,0,0,0,0,-300000,0,0,0,45000,345000,-300000,-300000
07774P,台灣50群益9A售16,0,0,0,0,0,0,0,0,0,-300000,0,0,0,0,300000,-300000,-300000
08263P,台表科元大9C售06,0,0,0,0,0,0,0,0,0,-300000,0,0,0,0,300000,-300000,-300000
063555,SP黃豆元大9B購01,0,0,0,0,0,0,0,0,0,-300000,0,0,0,0,300000,-300000,-300000
061849,國巨國票9B購08  ,0,0,0,0,0,0,0,0,0,-300000,0,0,0,0,300000,-300000,-300000
9188,精熙-DR         ,3000,303000,-300000,0,0,0,0,0,0,0,0,0,0,0,0,0,-300000
9921,巨大            ,247200,406000,-158800,0,0,0,0,100000,-100000,-42000,24000,67000,-43000,5000,4000,1000,-300800
066607,台郡永豐01購01  ,0,0,0,0,0,0,0,0,0,-301000,0,0,0,25000,326000,-301000,-301000
066313,泰豐永豐01購01  ,0,0,0,0,0,0,0,0,0,-301000,0,0,0,18000,319000,-301000,-301000
067603,冠德凱基02購01  ,0,0,0,0,0,0,0,0,0,-302000,0,0,0,23000,325000,-302000,-302000
064561,友達群益9C購02  ,0,0,0,0,0,0,0,0,0,-303000,0,0,0,0,303000,-303000,-303000
8039,台虹            ,467000,829000,-362000,0,0,0,0,0,0,59000,293000,133000,160000,6000,107000,-101000,-303000
067545,矽格群益01購02  ,0,0,0,0,0,0,0,0,0,-304000,0,0,0,50000,354000,-304000,-304000
067358,華擎群益01購05  ,0,0,0,0,0,0,0,0,0,-304000,0,0,0,0,304000,-304000,-304000
00648R,元大S&P500反1   ,19000,0,19000,0,0,0,0,0,0,-323000,0,0,0,397000,720000,-323000,-304000
061949,大立光群益9B購03,0,0,0,0,0,0,0,0,0,-305000,0,0,0,0,305000,-305000,-305000
063788,矽創統一02購01  ,0,0,0,0,0,0,0,0,0,-306000,0,0,0,385000,691000,-306000,-306000
2723,美食-KY         ,514000,789000,-275000,0,0,0,0,0,0,-31000,0,0,0,15000,46000,-31000,-306000
08702P,南電康和01售01  ,0,0,0,0,0,0,0,0,0,-306000,0,0,0,209000,515000,-306000,-306000
066386,宏全康和01購01  ,0,0,0,0,0,0,0,0,0,-307000,0,0,0,0,307000,-307000,-307000
08121P,聯發科國票9B售05,0,0,0,0,0,0,0,0,0,-308000,0,0,0,100000,408000,-308000,-308000
057355,彩晶統一98購03  ,310000,0,310000,0,0,0,0,0,0,-618000,0,0,0,0,618000,-618000,-308000
058522,聯茂元大99購07  ,0,0,0,0,0,0,0,0,0,-308000,0,0,0,10000,318000,-308000,-308000
063075,祥碩永豐9B購04  ,0,0,0,0,0,0,0,0,0,-308000,0,0,0,33000,341000,-308000,-308000
065272,聯茂元大9C購05  ,0,0,0,0,0,0,0,0,0,-308000,0,0,0,160000,468000,-308000,-308000
055817,京鼎國票99購01  ,0,0,0,0,0,0,0,0,0,-309000,0,0,0,110000,419000,-309000,-309000
064905,嘉聯益群益9C購01,0,0,0,0,0,0,0,0,0,-309000,0,0,0,44000,353000,-309000,-309000
057576,南亞科第一9C購01,0,0,0,0,0,0,0,0,0,-310000,0,0,0,0,310000,-310000,-310000
061413,台勝科群益9A購01,0,0,0,0,0,0,0,0,0,-310000,0,0,0,0,310000,-310000,-310000
064386,友達富邦01購01  ,0,0,0,0,0,0,0,0,0,-310000,0,0,0,10000,320000,-310000,-310000
6142,友勁            ,54000,364000,-310000,0,0,0,0,0,0,0,0,0,0,0,0,0,-310000
067014,聯發科富邦03購05,0,0,0,0,0,0,0,0,0,-311000,0,0,0,348000,659000,-311000,-311000
8105,凌巨            ,194000,499000,-305000,0,0,0,0,0,0,-6000,0,6000,-6000,0,0,0,-311000
3023,信邦            ,522700,994000,-471300,0,0,0,5000,9000,-4000,164000,34000,1000,33000,160000,29000,131000,-311300
061006,新光金兆豐9A購01,0,0,0,0,0,0,0,0,0,-312000,0,0,0,0,312000,-312000,-312000
062835,瑞儀群益9B購01  ,0,0,0,0,0,0,0,0,0,-312000,0,0,0,15000,327000,-312000,-312000
067355,大立光群益01購07,0,0,0,0,0,0,0,0,0,-314000,0,0,0,33000,347000,-314000,-314000
08389P,技嘉國票9C售01  ,0,0,0,0,0,0,0,0,0,-314000,0,0,0,0,314000,-314000,-314000
046881,智原富邦99購01  ,0,0,0,0,0,0,0,0,0,-314000,0,0,0,4000,318000,-314000,-314000
061518,達方永豐9A購02  ,0,0,0,0,0,0,0,0,0,-314000,0,0,0,1000,315000,-314000,-314000
3209,全科            ,73000,387000,-314000,0,0,0,0,0,0,0,0,0,0,0,0,0,-314000
067365,美利達群益01購03,0,0,0,0,0,0,0,0,0,-315000,0,0,0,202000,517000,-315000,-315000
060821,SP黃豆元大9A購02,0,0,0,0,0,0,0,0,0,-315000,0,0,0,0,315000,-315000,-315000
03840P,台積電統一99售02,0,0,0,0,0,0,0,0,0,-316000,0,0,0,0,316000,-316000,-316000
066418,京元電元大01購02,0,0,0,0,0,0,0,0,0,-317000,0,0,0,20000,337000,-317000,-317000
07966P,瑞祺群益9B售02  ,0,0,0,0,0,0,0,0,0,-318000,0,0,0,20000,338000,-318000,-318000
058287,國巨國票9A購02  ,0,0,0,0,0,0,0,0,0,-318000,0,0,0,261000,579000,-318000,-318000
08360P,國巨國泰02售01  ,0,0,0,0,0,0,0,0,0,-319000,0,0,0,206000,525000,-319000,-319000
064051,新日興統一01購01,0,0,0,0,0,0,0,0,0,-319000,0,0,0,0,319000,-319000,-319000
065289,冠德群益9C購01  ,0,0,0,0,0,0,0,0,0,-319000,0,0,0,85000,404000,-319000,-319000
066275,台勝科元大01購01,0,0,0,0,0,0,0,0,0,-319000,0,0,0,99000,418000,-319000,-319000
3665,貿聯-KY         ,245000,444000,-199000,0,0,0,0,93000,-93000,-27000,15000,33000,-18000,12000,21000,-9000,-319000
067997,美律元大01購02  ,0,0,0,0,0,0,0,0,0,-320000,0,0,0,0,320000,-320000,-320000
064722,大立光統一02購03,0,0,0,0,0,0,0,0,0,-320000,0,0,0,0,320000,-320000,-320000
058841,深中小群益01購01,0,0,0,0,0,0,0,0,0,-321000,0,0,0,15000,336000,-321000,-321000
061043,百和永豐9A購01  ,0,0,0,0,0,0,0,0,0,-321000,0,0,0,0,321000,-321000,-321000
061339,京元電元大9A購05,0,0,0,0,0,0,0,0,0,-321000,0,0,0,8000,329000,-321000,-321000
8112,至上            ,317000,630000,-313000,0,0,0,0,5000,-5000,-3000,0,3000,-3000,0,0,0,-321000
08152P,祥碩統一9B售02  ,0,0,0,0,0,0,0,0,0,-322000,0,0,0,115000,437000,-322000,-322000
08179P,華新科元大9B售13,0,0,0,0,0,0,0,0,0,-322000,0,0,0,0,322000,-322000,-322000
064778,美律群益9C購01  ,0,0,0,0,0,0,0,0,0,-322000,0,0,0,106000,428000,-322000,-322000
08334P,智邦永豐9C售01  ,0,0,0,0,0,0,0,0,0,-324000,0,0,0,0,324000,-324000,-324000
066460,智原統一03購01  ,0,0,0,0,0,0,0,0,0,-324000,0,0,0,4000,328000,-324000,-324000
08836P,滬深2X國票02售04,0,0,0,0,0,0,0,0,0,-324000,0,0,0,0,324000,-324000,-324000
066980,台光電群益01購02,0,0,0,0,0,0,0,0,0,-325000,0,0,0,26000,351000,-325000,-325000
067120,矽創群益01購01  ,0,0,0,0,0,0,0,0,0,-325000,0,0,0,0,325000,-325000,-325000
061417,力成群益9A購01  ,0,0,0,0,0,0,0,0,0,-325000,0,0,0,4000,329000,-325000,-325000
065055,臺股指凱基02購04,0,0,0,0,0,0,0,0,0,-325000,0,0,0,21000,346000,-325000,-325000
064487,和大元大9C購01  ,0,0,0,0,0,0,0,0,0,-325000,0,0,0,0,325000,-325000,-325000
08309P,GIS凱基9C售01   ,0,0,0,0,0,0,0,0,0,-326000,0,0,0,10000,336000,-326000,-326000
056813,聯茂統一99購01  ,0,0,0,0,0,0,0,0,0,-326000,0,0,0,0,326000,-326000,-326000
061071,復盛凱基9A購01  ,0,0,0,0,0,0,0,0,0,-326000,0,0,0,37000,363000,-326000,-326000
067807,京元電凱基01購02,0,0,0,0,0,0,0,0,0,-328000,0,0,0,124000,452000,-328000,-328000
062602,華通麥證9C購01  ,0,0,0,110000,438000,-328000,0,0,0,-328000,0,0,0,110000,438000,-328000,-328000
3026,禾伸堂          ,207000,495000,-288000,0,0,0,0,0,0,-40000,0,2000,-2000,7000,45000,-38000,-328000
066897,京元電康和01購01,0,0,0,0,0,0,0,0,0,-329000,0,0,0,0,329000,-329000,-329000
057009,信邦中信99購01  ,0,0,0,0,0,0,0,0,0,-329000,0,0,0,231000,560000,-329000,-329000
061913,宏碁中信9B購01  ,0,0,0,0,0,0,0,0,0,-329000,0,0,0,0,329000,-329000,-329000
060375,葡萄王元富9A購01,0,0,0,0,0,0,0,0,0,-329000,0,0,0,0,329000,-329000,-329000
066032,矽格群益01購01  ,0,0,0,0,0,0,0,0,0,-331000,0,0,0,36000,367000,-331000,-331000
08822P,聯發科凱基01售12,0,0,0,0,0,0,0,0,0,-331000,0,0,0,113000,444000,-331000,-331000
067034,台郡康和01購01  ,0,0,0,0,0,0,0,0,0,-334000,0,0,0,68000,402000,-334000,-334000
061455,京元電凱基9B購01,0,0,0,0,0,0,0,0,0,-334000,0,0,0,8000,342000,-334000,-334000
8046,南電            ,2119000,2333000,-214000,0,0,0,210000,40000,170000,-290000,189000,71000,118000,32000,440000,-408000,-334000
6533,晶心科          ,180000,513000,-333000,0,0,0,0,0,0,-1000,0,1000,-1000,0,0,0,-334000
08794P,台積電兆豐01售03,0,0,0,0,0,0,0,0,0,-335000,0,0,0,714000,1049000,-335000,-335000
058625,旺宏國票9A購01  ,0,0,0,0,0,0,0,0,0,-336000,0,0,0,0,336000,-336000,-336000
060651,瑞儀中信9B購01  ,0,0,0,0,0,0,0,0,0,-336000,0,0,0,197000,533000,-336000,-336000
067406,矽格永豐01購01  ,0,0,0,0,0,0,0,0,0,-337000,0,0,0,1000,338000,-337000,-337000
07838P,泰碩元大9A售04  ,0,0,0,0,0,0,0,0,0,-337000,0,0,0,62000,399000,-337000,-337000
064850,智原元富9C購01  ,0,0,0,0,0,0,0,0,0,-337000,0,0,0,3000,340000,-337000,-337000
07363P,大立光元大99售26,0,0,0,0,0,0,0,0,0,-338000,0,0,0,40000,378000,-338000,-338000
067489,華擎元大01購06  ,0,0,0,0,0,0,0,0,0,-338000,0,0,0,0,338000,-338000,-338000
066459,智原統一01購01  ,0,0,0,0,0,0,0,0,0,-338000,0,0,0,169000,507000,-338000,-338000
3005,神基            ,310000,232000,78000,0,0,0,0,0,0,-416000,28000,4000,24000,0,440000,-440000,-338000
064352,嘉聯益元大9C購01,0,0,0,0,0,0,0,0,0,-339000,0,0,0,0,339000,-339000,-339000
062091,世紀鋼元大9B購01,0,0,0,0,0,0,0,0,0,-340000,0,0,0,307000,647000,-340000,-340000
066691,京元電台新01購01,0,0,0,0,0,0,0,0,0,-341000,0,0,0,0,341000,-341000,-341000
056136,京鼎元大98購01  ,0,0,0,0,0,0,0,0,0,-341000,0,0,0,0,341000,-341000,-341000
065386,華通兆豐9C購02  ,0,0,0,0,0,0,0,0,0,-341000,0,0,0,290000,631000,-341000,-341000
067953,京元電永豐01購02,0,0,0,0,0,0,0,0,0,-342000,0,0,0,0,342000,-342000,-342000
058769,友達兆豐99購01  ,0,0,0,0,0,0,0,0,0,-342000,0,0,0,119000,461000,-342000,-342000
064266,聯茂永豐9C購01  ,0,0,0,0,0,0,0,0,0,-342000,0,0,0,26000,368000,-342000,-342000
064582,裕隆永豐9C購02  ,0,0,0,0,0,0,0,0,0,-342000,0,0,0,0,342000,-342000,-342000
059956,玉山金康和99購01,0,0,0,0,0,0,0,0,0,-345000,0,0,0,0,345000,-345000,-345000
064619,南亞科元大9C購05,0,0,0,0,0,0,0,0,0,-345000,0,0,0,155000,500000,-345000,-345000
066635,敦泰凱基01購01  ,0,0,0,0,0,0,0,0,0,-347000,0,0,0,181000,528000,-347000,-347000
056829,台積電富邦9A購01,0,0,0,0,0,0,0,0,0,-347000,0,0,0,53000,400000,-347000,-347000
066810,瀚宇博凱基02購01,0,0,0,0,0,0,0,0,0,-348000,0,0,0,120000,468000,-348000,-348000
2547,日勝生          ,63000,411280,-348280,0,0,0,0,0,0,0,0,0,0,0,0,0,-348280
067260,台郡國票02購02  ,0,0,0,0,0,0,0,0,0,-351000,0,0,0,48000,399000,-351000,-351000
2912,統一超          ,1055000,1458000,-403000,0,0,0,0,3000,-3000,55000,66000,7000,59000,0,4000,-4000,-351000
067031,華擎元富01購01  ,0,0,0,0,0,0,0,0,0,-352000,0,0,0,138000,490000,-352000,-352000
07709P,創意元大9A售01  ,0,0,0,0,0,0,0,0,0,-352000,0,0,0,10000,362000,-352000,-352000
055265,玉晶光永豐98購03,0,0,0,0,0,0,0,0,0,-352000,0,0,0,16000,368000,-352000,-352000
06922P,元上證群益9C售01,0,0,0,0,0,0,0,0,0,-353000,0,0,0,47000,400000,-353000,-353000
08246P,亞德客群益01售01,0,0,0,0,0,0,0,0,0,-353000,0,0,0,3000,356000,-353000,-353000
1907,永豐餘          ,131000,484000,-353000,0,0,0,0,0,0,0,0,0,0,0,0,0,-353000
08463P,台灣50國泰02售02,0,0,0,0,0,0,0,0,0,-354000,0,0,0,41000,395000,-354000,-354000
063315,京元電群益9B購03,0,0,0,0,0,0,0,0,0,-354000,0,0,0,109000,463000,-354000,-354000
067487,京鼎元大01購06  ,0,0,0,0,0,0,0,0,0,-356000,0,0,0,111000,467000,-356000,-356000
067619,臺股指凱基04購02,0,0,0,0,0,0,0,0,0,-356000,0,0,0,0,356000,-356000,-356000
060738,矽格統一9C購01  ,0,0,0,0,0,0,0,0,0,-356000,0,0,0,12000,368000,-356000,-356000
065979,立積元大03購01  ,0,0,0,0,0,0,0,0,0,-356000,0,0,0,92000,448000,-356000,-356000
065974,智原元大01購01  ,0,0,0,0,0,0,0,0,0,-356000,0,0,0,56000,412000,-356000,-356000
058692,華邦電國票9B購01,0,0,0,0,0,0,0,0,0,-357000,0,0,0,0,357000,-357000,-357000
066071,台光電凱基02購01,0,0,0,0,0,0,0,0,0,-357000,0,0,0,20000,377000,-357000,-357000
3576,聯合再生        ,1447000,1804000,-357000,0,0,0,0,0,0,0,0,0,0,0,0,0,-357000
064745,聯鈞國票01購01  ,0,0,0,0,0,0,0,0,0,-358000,0,0,0,206000,564000,-358000,-358000
064222,玉山金國票01購01,0,0,0,0,0,0,0,0,0,-358000,0,0,0,38000,396000,-358000,-358000
064464,台郡統一01購01  ,1000,0,1000,0,0,0,0,0,0,-359000,0,0,0,142000,501000,-359000,-358000
067686,矽格元大01購04  ,0,0,0,0,0,0,0,0,0,-360000,0,0,0,3000,363000,-360000,-360000
058732,矽格永豐99購01  ,0,0,0,0,0,0,0,0,0,-360000,0,0,0,137000,497000,-360000,-360000
062413,台光電中信9B購02,0,0,0,0,0,0,0,0,0,-360000,0,0,0,25000,385000,-360000,-360000
064579,大立光富邦03購02,0,0,0,0,0,0,0,0,0,-360000,0,0,0,120000,480000,-360000,-360000
064099,億光群益9C購01  ,0,0,0,0,0,0,0,0,0,-361000,0,0,0,19000,380000,-361000,-361000
061210,玉山金元大9A購02,0,0,0,0,0,0,0,0,0,-362000,0,0,0,0,362000,-362000,-362000
064820,裕隆統一9C購01  ,0,0,0,0,0,0,0,0,0,-362000,0,0,0,0,362000,-362000,-362000
053381,友達元大9A購02  ,0,0,0,0,0,0,0,0,0,-363000,0,0,0,169000,532000,-363000,-363000
065307,矽格元富9C購01  ,0,0,0,0,0,0,0,0,0,-363000,0,0,0,98000,461000,-363000,-363000
054472,道瓊反中信9A購01,0,0,0,0,0,0,0,0,0,-364000,0,0,0,0,364000,-364000,-364000
057903,聯鈞永豐99購01  ,0,0,0,0,0,0,0,0,0,-364000,0,0,0,0,364000,-364000,-364000
064426,群創兆豐9C購01  ,0,0,0,0,0,0,0,0,0,-364000,0,0,0,0,364000,-364000,-364000
2404,漢唐            ,143000,372000,-229000,0,0,0,0,0,0,-135000,0,1000,-1000,1000,135000,-134000,-364000
065463,大立光中信01購02,0,0,0,0,0,0,0,0,0,-365000,0,0,0,55000,420000,-365000,-365000
066363,美律中信05購01  ,0,0,0,0,0,0,0,0,0,-366000,0,0,0,393000,759000,-366000,-366000
1301,台塑            ,1283000,1534120,-251120,0,0,0,1000,19000,-18000,-99000,0,63000,-63000,0,36000,-36000,-368120
08470P,世芯凱基9C售02  ,0,0,0,0,0,0,0,0,0,-369000,0,0,0,315000,684000,-369000,-369000
6416,瑞祺電通        ,126000,276000,-150000,0,0,0,0,225000,-225000,5000,12000,8000,4000,5000,4000,1000,-370000
067372,聯發科統一03購03,0,0,0,0,0,0,0,0,0,-371000,0,0,0,126000,497000,-371000,-371000
067087,帆宣元大01購03  ,0,0,0,0,0,0,0,0,0,-371000,0,0,0,21000,392000,-371000,-371000
063516,香港反凱基03購01,0,0,0,0,0,0,0,0,0,-372000,0,0,0,0,372000,-372000,-372000
067078,京鼎元大01購04  ,0,0,0,0,0,0,0,0,0,-373000,0,0,0,127000,500000,-373000,-373000
07708P,玉晶光元大9A售13,0,0,0,0,0,0,0,0,0,-373000,0,0,0,401000,774000,-373000,-373000
057570,技嘉永豐98購02  ,0,0,0,0,0,0,0,0,0,-373000,0,0,0,46000,419000,-373000,-373000
064935,寶成統一02購02  ,0,0,0,0,0,0,0,0,0,-375000,0,0,0,67000,442000,-375000,-375000
059113,群光永豐99購01  ,0,0,0,0,0,0,0,0,0,-376000,0,0,0,109000,485000,-376000,-376000
064483,瑞儀永豐9C購01  ,0,0,0,0,0,0,0,0,0,-376000,0,0,0,36000,412000,-376000,-376000
065850,緯創元大9C購06  ,0,0,0,0,0,0,0,0,0,-376000,0,0,0,134000,510000,-376000,-376000
062837,復盛群益9B購01  ,0,0,0,0,0,0,0,0,0,-377000,0,0,0,125000,502000,-377000,-377000
066340,敦泰永豐01購01  ,0,0,0,0,0,0,0,0,0,-377000,0,0,0,115000,492000,-377000,-377000
066549,京元電元大01購03,0,0,0,0,0,0,0,0,0,-379000,0,0,0,119000,498000,-379000,-379000
066370,帆宣中信01購01  ,0,0,0,0,0,0,0,0,0,-380000,0,0,0,589000,969000,-380000,-380000
065137,中鋼凱基01購01  ,0,0,0,0,0,0,0,0,0,-380000,0,0,0,0,380000,-380000,-380000
066431,台郡元大02購01  ,0,0,0,0,0,0,0,0,0,-381000,0,0,0,91000,472000,-381000,-381000
059922,大立光元大99購25,0,0,0,0,0,0,0,0,0,-381000,0,0,0,62000,443000,-381000,-381000
064626,聯茂元大9C購01  ,0,0,0,0,0,0,0,0,0,-381000,0,0,0,124000,505000,-381000,-381000
1718,中纖            ,201000,546000,-345000,0,0,0,0,0,0,-36000,0,36000,-36000,0,0,0,-381000
065461,台光電中信9C購01,0,0,0,0,0,0,0,0,0,-382000,0,0,0,51000,433000,-382000,-382000
067831,聯電統一03購01  ,0,0,0,0,0,0,0,0,0,-383000,0,0,0,0,383000,-383000,-383000
062396,華通永豐9B購01  ,0,0,0,0,0,0,0,0,0,-383000,0,0,0,260000,643000,-383000,-383000
064185,裕隆永豐9C購01  ,0,0,0,0,0,0,0,0,0,-383000,0,0,0,68000,451000,-383000,-383000
063651,金像電台新9B購01,0,0,0,0,0,0,0,0,0,-384000,0,0,0,69000,453000,-384000,-384000
065013,矽創國泰02購01  ,0,0,0,0,0,0,0,0,0,-384000,0,0,0,518000,902000,-384000,-384000
066576,矽創元大01購02  ,0,0,0,0,0,0,0,0,0,-385000,0,0,0,120000,505000,-385000,-385000
051849,旺宏中信98購01  ,0,0,0,0,0,0,0,0,0,-385000,0,0,0,5000,390000,-385000,-385000
3015,全漢            ,66000,446000,-380000,0,0,0,0,0,0,-5000,0,5000,-5000,0,0,0,-385000
1409,新纖            ,144000,530000,-386000,0,0,0,0,0,0,0,0,0,0,0,0,0,-386000
2314,台揚            ,148000,533000,-385000,0,0,0,0,0,0,-1000,0,1000,-1000,0,0,0,-386000
059503,大立光富邦9B購04,0,0,0,0,0,0,0,0,0,-387000,0,0,0,0,387000,-387000,-387000
065951,聯發科統一01購08,0,0,0,0,0,0,0,0,0,-387000,0,0,0,479000,866000,-387000,-387000
064575,鈺齊群益9C購01  ,0,0,0,0,0,0,0,0,0,-389000,0,0,0,109000,498000,-389000,-389000
3653,健策            ,229000,632000,-403000,0,0,0,8000,54000,-46000,60000,118000,59000,59000,49000,48000,1000,-389000
067479,京元電元大01購05,0,0,0,0,0,0,0,0,0,-390000,0,0,0,0,390000,-390000,-390000
046949,群創元大99購01  ,0,0,0,0,0,0,0,0,0,-390000,0,0,0,70000,460000,-390000,-390000
064612,聯電元大01購01  ,0,0,0,0,0,0,0,0,0,-390000,0,0,0,230000,620000,-390000,-390000
067123,京鼎富邦05購01  ,0,0,0,0,0,0,0,0,0,-391000,0,0,0,58000,449000,-391000,-391000
064729,聯茂統一02購02  ,0,0,0,0,0,0,0,0,0,-391000,0,0,0,18000,409000,-391000,-391000
064357,中橡統一9C購01  ,0,0,0,0,0,0,0,0,0,-391000,0,0,0,0,391000,-391000,-391000
058811,台積電統一9A購05,0,0,0,0,0,0,0,0,0,-392000,0,0,0,160000,552000,-392000,-392000
066903,中興電凱基01購01,0,0,0,0,0,0,0,0,0,-393000,0,0,0,179000,572000,-393000,-393000
065727,冠德凱基9C購01  ,1000,0,1000,0,0,0,0,0,0,-394000,0,0,0,44000,438000,-394000,-393000
067499,帆宣元大01購04  ,0,0,0,0,0,0,0,0,0,-394000,0,0,0,216000,610000,-394000,-394000
058209,臺股指凱基01購01,0,0,0,0,0,0,0,0,0,-396000,0,0,0,511000,907000,-396000,-396000
065884,智原元富9C購02  ,0,0,0,0,0,0,0,0,0,-396000,0,0,0,0,396000,-396000,-396000
064212,可成凱基03購01  ,0,0,0,0,0,0,0,0,0,-396000,0,0,0,157000,553000,-396000,-396000
07645P,華通元大9A售06  ,0,0,0,0,0,0,0,0,0,-400000,0,0,0,0,400000,-400000,-400000
063269,儒鴻兆豐9C購01  ,0,0,0,0,0,0,0,0,0,-400000,0,0,0,7000,407000,-400000,-400000
060573,力成永豐9A購01  ,0,0,0,0,0,0,0,0,0,-400000,0,0,0,10000,410000,-400000,-400000
2324,仁寶            ,5393000,4958386,434614,0,0,0,1529000,338000,1191000,-2026000,4000,54000,-50000,10000,1986000,-1976000,-400386
08381P,台灣50群益9C售06,0,0,0,0,0,0,0,0,0,-401000,0,0,0,1056000,1457000,-401000,-401000
063818,矽創群益9C購01  ,0,0,0,0,0,0,0,0,0,-401000,0,0,0,75000,476000,-401000,-401000
065197,景碩元富06購01  ,0,0,0,0,0,0,0,0,0,-401000,0,0,0,0,401000,-401000,-401000
061796,興勤永豐9B購01  ,0,0,0,0,0,0,0,0,0,-402000,0,0,0,10000,412000,-402000,-402000
065857,嘉聯益元大9C購03,0,0,0,0,0,0,0,0,0,-402000,0,0,0,192000,594000,-402000,-402000
00639,富邦深100       ,195000,926000,-731000,0,0,0,0,0,0,328799,0,0,0,2032799,1704000,328799,-402201
067327,聯詠康和01購01  ,0,0,0,0,0,0,0,0,0,-403000,0,0,0,157000,560000,-403000,-403000
063950,信邦元大9C購01  ,0,0,0,0,0,0,0,0,0,-403000,0,0,0,177000,580000,-403000,-403000
07057P,大立光康和9B售02,0,0,0,0,0,0,0,0,0,-404000,0,0,0,182000,586000,-404000,-404000
065253,和大元大01購02  ,0,0,0,0,0,0,0,0,0,-405000,0,0,0,0,405000,-405000,-405000
064551,鈺齊凱基9C購02  ,0,0,0,0,0,0,0,0,0,-408000,0,0,0,239000,647000,-408000,-408000
066451,台郡群益01購01  ,0,0,0,0,0,0,0,0,0,-409000,0,0,0,34000,443000,-409000,-409000
055622,群創國泰99購01  ,0,0,0,0,0,0,0,0,0,-410000,0,0,0,0,410000,-410000,-410000
065557,中磊凱基9C購01  ,0,0,0,0,0,0,0,0,0,-410000,0,0,0,89000,499000,-410000,-410000
066932,京元電國票02購01,0,0,0,0,0,0,0,0,0,-413000,0,0,0,72000,485000,-413000,-413000
059760,楠梓電永豐99購01,0,0,0,0,0,0,0,0,0,-414000,0,0,0,80000,494000,-414000,-414000
063107,矽創群益9B購01  ,0,0,0,0,0,0,0,0,0,-414000,0,0,0,40000,454000,-414000,-414000
064170,儒鴻元富9C購01  ,0,0,0,0,0,0,0,0,0,-415000,0,0,0,90000,505000,-415000,-415000
067850,台郡元富07購01  ,0,0,0,0,0,0,0,0,0,-416000,0,0,0,3000,419000,-416000,-416000
08355P,智邦元大9C售03  ,0,0,0,0,0,0,0,0,0,-416000,0,0,0,0,416000,-416000,-416000
062383,大立光國泰01購01,0,0,0,0,0,0,0,0,0,-416000,0,0,0,22000,438000,-416000,-416000
064682,嘉聯益兆豐01購01,0,0,0,0,0,0,0,0,0,-416000,0,0,0,18000,434000,-416000,-416000
1303,南亞            ,1815426,2379522,-564096,0,0,0,398000,107000,291000,-143000,0,88000,-88000,0,55000,-55000,-416096
063458,正隆元大9B購01  ,0,0,0,0,0,0,0,0,0,-417000,0,0,0,31000,448000,-417000,-417000
064070,祥碩永豐9C購01  ,0,0,0,0,0,0,0,0,0,-418000,0,0,0,104000,522000,-418000,-418000
058338,康友元富99購01  ,0,0,0,0,0,0,0,0,0,-420000,0,0,0,0,420000,-420000,-420000
066205,京鼎統一03購01  ,0,0,0,0,0,0,0,0,0,-420000,0,0,0,246000,666000,-420000,-420000
067745,泰鼎元大01購03  ,0,0,0,0,0,0,0,0,0,-421000,0,0,0,268000,689000,-421000,-421000
060404,台勝科國泰9B購01,0,0,0,0,0,0,0,0,0,-421000,0,0,0,157000,578000,-421000,-421000
067928,華城凱基01購01  ,0,0,0,0,0,0,0,0,0,-423000,0,0,0,0,423000,-423000,-423000
08201P,祥碩元大9B售09  ,0,0,0,0,0,0,0,0,0,-425000,0,0,0,0,425000,-425000,-425000
067633,致茂永豐01購02  ,0,0,0,0,0,0,0,0,0,-425000,0,0,0,323000,748000,-425000,-425000
062138,力成群益9B購01  ,0,0,0,0,0,0,0,0,0,-425000,0,0,0,20000,445000,-425000,-425000
066835,台郡群益01購02  ,0,0,0,0,0,0,0,0,0,-427000,0,0,0,12000,439000,-427000,-427000
065499,京元電富邦01購01,0,0,0,0,0,0,0,0,0,-427000,0,0,0,167000,594000,-427000,-427000
07875P,祥碩群益9B售01  ,0,0,0,0,0,0,0,0,0,-428000,0,0,0,0,428000,-428000,-428000
061516,力成永豐9A購02  ,0,0,0,0,0,0,0,0,0,-428000,0,0,0,97000,525000,-428000,-428000
3673,TPK-KY          ,1055000,1366000,-311000,0,0,0,0,0,0,-117000,58000,6000,52000,47000,216000,-169000,-428000
066565,泰鼎元大01購01  ,0,0,0,0,0,0,0,0,0,-429000,0,0,0,200000,629000,-429000,-429000
065474,旺宏元大9C購06  ,0,0,0,0,0,0,0,0,0,-429000,0,0,0,21000,450000,-429000,-429000
03017P,深中小群益01售02,0,0,0,0,0,0,0,0,0,-430000,0,0,0,0,430000,-430000,-430000
066771,滬深2X富邦02購01,0,0,0,0,0,0,0,0,0,-431000,0,0,0,210000,641000,-431000,-431000
064520,京鼎群益02購01  ,0,0,0,0,0,0,0,0,0,-431000,0,0,0,1000,432000,-431000,-431000
054892,彩晶統一99購01  ,0,0,0,0,0,0,0,0,0,-432000,0,0,0,36000,468000,-432000,-432000
067411,矽格兆豐03購01  ,0,0,0,0,0,0,0,0,0,-434000,0,0,0,587000,1021000,-434000,-434000
064876,旺宏兆豐9C購01  ,0,0,0,0,0,0,0,0,0,-434000,0,0,0,0,434000,-434000,-434000
055810,T50反1國票99購01,0,0,0,0,0,0,0,0,0,-435000,0,0,0,0,435000,-435000,-435000
064326,裕隆元大9C購01  ,0,0,0,0,0,0,0,0,0,-435000,0,0,0,0,435000,-435000,-435000
6269,台郡            ,916015,2554000,-1637985,0,0,0,820000,20000,800000,402000,358000,94000,264000,186000,48000,138000,-435985
064304,信邦兆豐01購01  ,0,0,0,0,0,0,0,0,0,-436000,0,0,0,166000,602000,-436000,-436000
065532,台光電統一02購02,0,0,0,0,0,0,0,0,0,-436000,0,0,0,13000,449000,-436000,-436000
067369,瑞昱統一01購07  ,0,0,0,0,0,0,0,0,0,-437000,0,0,0,82000,519000,-437000,-437000
060326,群光群益9A購01  ,0,0,0,0,0,0,0,0,0,-438000,0,0,0,22000,460000,-438000,-438000
6443,元晶            ,160000,636000,-476000,0,0,0,0,0,0,38000,38000,0,38000,0,0,0,-438000
067673,義隆元大01購06  ,0,0,0,0,0,0,0,0,0,-440000,0,0,0,87000,527000,-440000,-440000
066736,京鼎元大01購02  ,0,0,0,0,0,0,0,0,0,-440000,0,0,0,180000,620000,-440000,-440000
063490,儒鴻富邦9C購01  ,0,0,0,0,0,0,0,0,0,-440000,0,0,0,117000,557000,-440000,-440000
2478,大毅            ,675000,642000,33000,0,0,0,0,0,0,-473000,0,0,0,31000,504000,-473000,-440000
067494,日月光元大01購03,0,0,0,0,0,0,0,0,0,-444000,0,0,0,74000,518000,-444000,-444000
068055,鎧勝統一02購02  ,0,0,0,0,0,0,0,0,0,-445000,0,0,0,0,445000,-445000,-445000
065305,泰鼎元富9C購01  ,0,0,0,0,0,0,0,0,0,-447000,0,0,0,114000,561000,-447000,-447000
067534,億光群益01購01  ,0,0,0,0,0,0,0,0,0,-448000,0,0,0,9000,457000,-448000,-448000
064213,大立光凱基03購01,0,0,0,0,0,0,0,0,0,-448000,0,0,0,10000,458000,-448000,-448000
067743,緯創元大01購02  ,0,1000,-1000,0,0,0,0,0,0,-448000,0,0,0,13000,461000,-448000,-449000
056850,彩晶元富99購01  ,0,0,0,0,0,0,0,0,0,-449000,0,0,0,217000,666000,-449000,-449000
057626,技嘉富邦9A購01  ,0,0,0,0,0,0,0,0,0,-450000,0,0,0,373000,823000,-450000,-450000
064799,裕隆元大9C購02  ,0,0,0,0,0,0,0,0,0,-450000,0,0,0,0,450000,-450000,-450000
065886,中磊元富9C購01  ,0,0,0,0,0,0,0,0,0,-451000,0,0,0,100000,551000,-451000,-451000
1710,東聯            ,69000,455000,-386000,0,0,0,0,0,0,-65000,0,65000,-65000,0,0,0,-451000
3682,亞太電          ,249000,701000,-452000,0,0,0,0,0,0,0,0,0,0,0,0,0,-452000
08096P,大立光元富9B售04,0,0,0,0,0,0,0,0,0,-453000,0,0,0,107000,560000,-453000,-453000
057567,嘉聯益富邦9A購01,0,0,0,0,0,0,0,0,0,-453000,0,0,0,121000,574000,-453000,-453000
062971,英業達元富9B購01,0,0,0,0,0,0,0,0,0,-453000,0,0,0,53000,506000,-453000,-453000
065828,大立光凱基06購01,0,0,0,0,0,0,0,0,0,-453000,0,0,0,136000,589000,-453000,-453000
064284,京鼎元大9C購01  ,0,0,0,0,0,0,0,0,0,-453000,0,0,0,339000,792000,-453000,-453000
05830P,滬深2X元富99售03,0,0,0,0,0,0,0,0,0,-454000,0,0,0,1146000,1600000,-454000,-454000
08124P,臻鼎群益9B售02  ,0,0,0,0,0,0,0,0,0,-455000,0,0,0,32000,487000,-455000,-455000
060234,凱美元大9C購01  ,0,0,0,0,0,0,0,0,0,-455000,0,0,0,266000,721000,-455000,-455000
064887,嘉晶中信9C購02  ,0,0,0,0,0,0,0,0,0,-455000,0,0,0,250000,705000,-455000,-455000
067636,復盛永豐01購01  ,0,0,0,0,0,0,0,0,0,-456000,0,0,0,0,456000,-456000,-456000
065027,玉晶光中信03購01,0,0,0,0,0,0,0,0,0,-459000,0,0,0,108000,567000,-459000,-459000
1762,中化生          ,121000,565000,-444000,0,0,0,0,0,0,-15000,0,18000,-18000,3000,0,3000,-459000
060144,全新國票9B購01  ,0,0,0,0,0,0,0,0,0,-460000,0,0,0,25000,485000,-460000,-460000
1504,東元            ,489000,928000,-439000,0,0,0,0,6000,-6000,-15000,0,12000,-12000,0,3000,-3000,-460000
061267,玉山金凱基9B購01,0,0,0,0,0,0,0,0,0,-461000,0,0,0,0,461000,-461000,-461000
065599,台光電元大9C購05,0,0,0,0,0,0,0,0,0,-463000,0,0,0,159000,622000,-463000,-463000
061969,大立光統一01購02,0,0,0,0,0,0,0,0,0,-464000,0,0,0,30000,494000,-464000,-464000
2838,聯邦銀          ,1543000,1309000,234000,0,0,0,0,0,0,-698000,0,698000,-698000,0,0,0,-464000
3024,憶聲            ,55000,520000,-465000,0,0,0,0,0,0,0,0,0,0,0,0,0,-465000
2812,台中銀          ,375000,784932,-409932,0,0,0,1000,30000,-29000,-27000,0,27000,-27000,0,0,0,-465932
2905,三商            ,142000,608255,-466255,0,0,0,0,0,0,0,0,0,0,0,0,0,-466255
067046,聯發科凱基04購01,0,0,0,0,0,0,0,0,0,-467000,0,0,0,26000,493000,-467000,-467000
03001P,玉晶光群益02售17,0,0,0,0,0,0,0,0,0,-469000,0,0,0,186000,655000,-469000,-469000
064225,健策國票01購02  ,0,0,0,0,0,0,0,0,0,-469000,0,0,0,17000,486000,-469000,-469000
063388,台光電兆豐9C購01,0,0,0,0,0,0,0,0,0,-471000,0,0,0,67000,538000,-471000,-471000
066893,技嘉兆豐01購02  ,0,0,0,0,0,0,0,0,0,-472000,0,0,0,341000,813000,-472000,-472000
07597P,臺股指中信01售02,0,0,0,0,0,0,0,0,0,-474000,0,0,0,939000,1413000,-474000,-474000
061852,大立光國票9B購02,0,0,0,0,0,0,0,0,0,-474000,0,0,0,66000,540000,-474000,-474000
065279,T50反1群益9C購03,0,0,0,0,0,0,0,0,0,-475000,0,0,0,70000,545000,-475000,-475000
2505,國揚            ,287000,680000,-393000,0,0,0,0,0,0,-82000,0,6000,-6000,34000,110000,-76000,-475000
3704,合勤控          ,215000,432000,-217000,0,0,0,0,0,0,-258000,0,0,0,0,258000,-258000,-475000
058261,大立光富邦03購01,0,0,0,0,0,0,0,0,0,-476000,0,0,0,0,476000,-476000,-476000
058435,旺宏統一9B購02  ,0,0,0,0,0,0,0,0,0,-479000,0,0,0,199000,678000,-479000,-479000
8110,華東            ,457000,933000,-476000,0,0,0,0,0,0,-4000,9000,13000,-4000,0,0,0,-480000
065779,台勝科國泰01購02,0,0,0,0,0,0,0,0,0,-481000,0,0,0,249000,730000,-481000,-481000
066031,力成群益01購01  ,0,0,0,0,0,0,0,0,0,-482000,0,0,0,50000,532000,-482000,-482000
1701,中化            ,417000,548000,-131000,0,0,0,0,0,0,-351000,0,168000,-168000,0,183000,-183000,-482000
066469,申豐統一02購02  ,0,0,0,0,0,0,0,0,0,-483000,0,0,0,663000,1146000,-483000,-483000
063398,信邦群益9B購02  ,0,0,0,0,0,0,0,0,0,-483000,0,0,0,111000,594000,-483000,-483000
07130P,台郡元大9B售01  ,0,0,0,0,0,0,0,0,0,-489000,0,0,0,90000,579000,-489000,-489000
060284,南港元大01購01  ,0,0,0,0,0,0,0,0,0,-489000,0,0,0,24000,513000,-489000,-489000
061491,嘉聯益兆豐9B購01,0,0,0,0,0,0,0,0,0,-489000,0,0,0,0,489000,-489000,-489000
065722,緯創兆豐9C購02  ,0,0,0,0,0,0,0,0,0,-489000,0,0,0,206000,695000,-489000,-489000
5471,松翰            ,271000,741000,-470000,0,0,0,0,0,0,-19000,0,2000,-2000,9000,26000,-17000,-489000
059786,全新元大99購06  ,0,0,0,0,0,0,0,0,0,-492000,0,0,0,7000,499000,-492000,-492000
067683,上緯控元大01購03,0,0,0,0,0,0,0,0,0,-493000,0,0,0,343000,836000,-493000,-493000
067806,宏碁凱基02購01  ,0,0,0,0,0,0,0,0,0,-493000,0,0,0,64000,557000,-493000,-493000
066852,矽格元大01購03  ,0,0,0,0,0,0,0,0,0,-493000,0,0,0,430000,923000,-493000,-493000
067178,京鼎康和01購01  ,0,0,0,0,0,0,0,0,0,-496000,0,0,0,0,496000,-496000,-496000
07294P,滬深2X元富9C售08,0,0,0,0,0,0,0,0,0,-497000,0,0,0,0,497000,-497000,-497000
065746,光寶科元大9C購01,0,0,0,0,0,0,0,0,0,-497000,0,0,0,0,497000,-497000,-497000
065714,矽創群益9C購02  ,0,0,0,0,0,0,0,0,0,-498000,0,0,0,16000,514000,-498000,-498000
065831,緯創凱基9C購03  ,0,0,0,0,0,0,0,0,0,-498000,0,0,0,104000,602000,-498000,-498000
07695P,台郡元大9A售02  ,0,0,0,0,0,0,0,0,0,-499000,0,0,0,0,499000,-499000,-499000
07060P,台表科國票9A售01,0,0,0,0,0,0,0,0,0,-499000,0,0,0,200000,699000,-499000,-499000
08206P,鴻海群益9C售03  ,0,0,0,0,0,0,0,0,0,-499000,0,0,0,0,499000,-499000,-499000
08656P,大立光群益9C售07,0,0,0,0,0,0,0,0,0,-499000,0,0,0,0,499000,-499000,-499000
067115,京鼎群益02購05  ,0,0,0,0,0,0,0,0,0,-499000,0,0,0,103000,602000,-499000,-499000
062630,全新國票9B購02  ,0,0,0,0,0,0,0,0,0,-499000,0,0,0,25000,524000,-499000,-499000
1227,佳格            ,162000,660133,-498133,0,0,0,0,1000,-1000,0,0,0,0,0,0,0,-499133
00774C,新光中政金綠債+R,0,0,0,0,0,0,0,0,0,-500000,0,0,0,0,500000,-500000,-500000
062689,華擎統一02購01  ,0,0,0,0,0,0,0,0,0,-500000,0,0,0,2000,502000,-500000,-500000
063777,儒鴻永豐9B購02  ,0,0,0,0,0,0,0,0,0,-500000,0,0,0,0,500000,-500000,-500000
4919,新唐            ,135000,510000,-375000,0,0,0,0,0,0,-125000,2000,0,2000,3000,130000,-127000,-500000
067266,義隆國泰03購01  ,0,0,0,0,0,0,0,0,0,-501000,0,0,0,970000,1471000,-501000,-501000
067706,台積電元富07購07,0,0,0,0,0,0,0,0,0,-501000,0,0,0,9000,510000,-501000,-501000
065757,新日興元大9C購06,0,0,0,0,0,0,0,0,0,-503000,0,0,0,55000,558000,-503000,-503000
063872,嘉聯益永豐9C購01,0,0,0,0,0,0,0,0,0,-503000,0,0,0,0,503000,-503000,-503000
064881,聯茂兆豐01購02  ,0,0,0,0,0,0,0,0,0,-504000,0,0,0,286000,790000,-504000,-504000
065822,緯創台新9C購01  ,0,0,0,0,0,0,0,0,0,-504000,0,0,0,8000,512000,-504000,-504000
2329,華泰            ,548000,1048000,-500000,0,0,0,0,0,0,-5000,0,5000,-5000,0,0,0,-505000
063560,力山元大9B購05  ,0,0,0,0,0,0,0,0,0,-506000,0,0,0,140000,646000,-506000,-506000
063439,正隆統一01購01  ,0,0,0,0,0,0,0,0,0,-506000,0,0,0,3000,509000,-506000,-506000
064314,信邦群益9C購01  ,0,0,0,0,0,0,0,0,0,-506000,0,0,0,154000,660000,-506000,-506000
08352P,大立光群益01售02,0,0,0,0,0,0,0,0,0,-507000,0,0,0,0,507000,-507000,-507000
058779,大立光國票9A購02,0,0,0,0,0,0,0,0,0,-507000,0,0,0,685000,1192000,-507000,-507000
065259,燿華元大9C購05  ,0,0,0,0,0,0,0,0,0,-509000,0,0,0,201000,710000,-509000,-509000
3019,亞光            ,307000,619000,-312000,0,0,0,0,0,0,-197000,44000,49000,-5000,10000,202000,-192000,-509000
067862,泰豐元大01購02  ,0,0,0,0,0,0,0,0,0,-510000,0,0,0,0,510000,-510000,-510000
2801,彰銀            ,1201000,1443000,-242000,0,0,0,1000,102000,-101000,-167000,0,138000,-138000,17000,46000,-29000,-510000
066043,美律元大01購01  ,0,0,0,0,0,0,0,0,0,-513000,0,0,0,345000,858000,-513000,-513000
066595,敦泰群益01購01  ,0,0,0,0,0,0,0,0,0,-514000,0,0,0,117000,631000,-514000,-514000
062972,京元電元富9B購01,0,0,0,0,0,0,0,0,0,-514000,0,0,0,68000,582000,-514000,-514000
06529P,貿聯富邦99售03  ,0,0,0,0,0,0,0,0,0,-514000,0,0,0,0,514000,-514000,-514000
065566,裕隆群益9C購02  ,0,0,0,0,0,0,0,0,0,-514000,0,0,0,98000,612000,-514000,-514000
063716,旺宏兆豐9B購01  ,0,0,0,0,0,0,0,0,0,-517000,0,0,0,0,517000,-517000,-517000
061661,京鼎永豐9A購02  ,0,0,0,0,0,0,0,0,0,-517000,0,0,0,57000,574000,-517000,-517000
065404,玉晶光國泰02購03,0,0,0,0,0,0,0,0,0,-522000,0,0,0,605000,1127000,-522000,-522000
08147P,聯發科群益9B售10,0,0,0,0,0,0,0,0,0,-525000,0,0,0,66000,591000,-525000,-525000
066998,訊芯國泰03購01  ,0,0,0,0,0,0,0,0,0,-528000,0,0,0,77000,605000,-528000,-528000
2390,云辰            ,964000,1493000,-529000,0,0,0,0,0,0,-1000,0,1000,-1000,0,0,0,-530000
067239,聯陽群益01購01  ,0,0,0,0,0,0,0,0,0,-531000,0,0,0,40000,571000,-531000,-531000
067086,中磊元大01購01  ,0,0,0,0,0,0,0,0,0,-531000,0,0,0,331000,862000,-531000,-531000
067658,矽格元富04購01  ,0,0,0,0,0,0,0,0,0,-531000,0,0,0,103000,634000,-531000,-531000
065975,緯創元大02購01  ,0,0,0,0,0,0,0,0,0,-532000,0,0,0,249000,781000,-532000,-532000
064463,聯茂統一01購02  ,0,0,0,0,0,0,0,0,0,-532000,0,0,0,7000,539000,-532000,-532000
5203,訊連            ,294000,747259,-453259,0,0,0,0,0,0,-79000,0,45000,-45000,30000,64000,-34000,-532259
067294,中磊兆豐03購01  ,0,0,0,0,0,0,0,0,0,-534000,0,0,0,113000,647000,-534000,-534000
067267,台積電富邦05購03,0,0,0,0,0,0,0,0,0,-535000,0,0,0,650000,1185000,-535000,-535000
067476,台光電元大01購04,0,0,0,0,0,0,0,0,0,-535000,0,0,0,158000,693000,-535000,-535000
066824,旺宏群益02購01  ,0,0,0,0,0,0,0,0,0,-535000,0,0,0,60000,595000,-535000,-535000
08465P,玉晶光兆豐01售02,0,0,0,0,0,0,0,0,0,-535000,0,0,0,44000,579000,-535000,-535000
067853,京鼎國票02購01  ,0,0,0,0,0,0,0,0,0,-537000,0,0,0,0,537000,-537000,-537000
07976P,聯發科群益9C售02,0,0,0,0,0,0,0,0,0,-539000,0,0,0,30000,569000,-539000,-539000
065313,聯茂國票01購01  ,0,0,0,0,0,0,0,0,0,-540000,0,0,0,45000,585000,-540000,-540000
08375P,聯電元富9C售02  ,0,0,0,0,0,0,0,0,0,-542000,0,0,0,0,542000,-542000,-542000
063187,全新凱基9B購02  ,0,0,0,0,0,0,0,0,0,-542000,0,0,0,6000,548000,-542000,-542000
064695,京鼎群益02購02  ,0,0,0,0,0,0,0,0,0,-542000,0,0,0,15000,557000,-542000,-542000
067114,京鼎群益02購04  ,0,0,0,0,0,0,0,0,0,-543000,0,0,0,59000,602000,-543000,-543000
064618,南亞科元大9C購04,0,1000,-1000,0,0,0,0,0,0,-542000,0,0,0,76000,618000,-542000,-543000
067652,義隆元富01購01  ,0,0,0,0,0,0,0,0,0,-544000,0,0,0,209000,753000,-544000,-544000
059675,大立光元富99購08,0,0,0,0,0,0,0,0,0,-547000,0,0,0,5000,552000,-547000,-547000
064370,聯茂統一02購01  ,0,0,0,0,0,0,0,0,0,-547000,0,0,0,2000,549000,-547000,-547000
2915,潤泰全          ,358000,450531,-92531,0,0,0,0,0,0,-455000,0,0,0,0,455000,-455000,-547531
08353P,聯電元大9C售04  ,20000,0,20000,0,0,0,0,0,0,-569000,0,0,0,240000,809000,-569000,-549000
2027,大成鋼          ,233000,713000,-480000,0,0,0,0,0,0,-70000,0,24000,-24000,22000,68000,-46000,-550000
064384,聯電富邦01購01  ,0,0,0,0,0,0,0,0,0,-551000,0,0,0,121000,672000,-551000,-551000
064763,祥碩凱基02購01  ,0,0,0,0,0,0,0,0,0,-552000,0,0,0,135000,687000,-552000,-552000
063677,台光電國泰9C購02,0,0,0,0,0,0,0,0,0,-557000,0,0,0,71000,628000,-557000,-557000
060767,世紀鋼元大9A購02,0,0,0,0,0,0,0,0,0,-557000,0,0,0,50000,607000,-557000,-557000
2002,中鋼            ,3101000,4024429,-923429,0,0,0,2000,148000,-146000,512000,593000,226000,367000,235000,90000,145000,-557429
067219,瑞儀元大01購01  ,0,0,0,0,0,0,0,0,0,-558000,0,0,0,165000,723000,-558000,-558000
062653,正隆永豐9B購01  ,0,0,0,0,0,0,0,0,0,-560000,0,0,0,36000,596000,-560000,-560000
061293,聯茂統一9A購01  ,0,0,0,0,0,0,0,0,0,-560000,0,0,0,10000,570000,-560000,-560000
065851,京鼎元大02購01  ,0,0,0,0,0,0,0,0,0,-561000,0,0,0,192000,753000,-561000,-561000
067305,國產元大01購02  ,0,0,0,0,0,0,0,0,0,-564000,0,0,0,7000,571000,-564000,-564000
065076,中橡元大9C購01  ,0,0,0,0,0,0,0,0,0,-565000,0,0,0,85000,650000,-565000,-565000
08655P,大立光群益02售02,0,0,0,0,0,0,0,0,0,-567000,0,0,0,0,567000,-567000,-567000
057581,元大金中信9A購01,0,0,0,0,0,0,0,0,0,-573000,0,0,0,75000,648000,-573000,-573000
066131,群光群益02購01  ,0,0,0,0,0,0,0,0,0,-573000,0,0,0,82000,655000,-573000,-573000
066946,京元電元大01購04,0,0,0,0,0,0,0,0,0,-575000,0,0,0,13000,588000,-575000,-575000
067481,國產元大01購03  ,0,0,0,0,0,0,0,0,0,-576000,0,0,0,39000,615000,-576000,-576000
062171,中磊永豐9B購01  ,0,0,0,0,0,0,0,0,0,-576000,0,0,0,287000,863000,-576000,-576000
065708,中磊群益9C購01  ,0,0,0,0,0,0,0,0,0,-576000,0,0,0,205000,781000,-576000,-576000
2606,裕民            ,91000,663000,-572000,0,0,0,0,2000,-2000,-3000,0,3000,-3000,0,0,0,-577000
067638,台積電統一03購02,0,0,0,0,0,0,0,0,0,-578000,0,0,0,50000,628000,-578000,-578000
067836,聯發科統一03購05,0,0,0,0,0,0,0,0,0,-579000,0,0,0,33000,612000,-579000,-579000
067371,聯發科統一02購08,0,0,0,0,0,0,0,0,0,-581000,0,0,0,97000,678000,-581000,-581000
067314,新日興元大01購02,0,0,0,0,0,0,0,0,0,-584000,0,0,0,30000,614000,-584000,-584000
08669P,聯發科群益02售02,0,0,0,0,0,0,0,0,0,-584000,0,0,0,88000,672000,-584000,-584000
063294,美律麥證9B購01  ,0,0,0,32000,618000,-586000,0,0,0,-586000,0,0,0,32000,618000,-586000,-586000
057485,友達元大9C購04  ,0,0,0,0,0,0,0,0,0,-586000,0,0,0,112000,698000,-586000,-586000
067097,為升群益01購01  ,0,0,0,0,0,0,0,0,0,-587000,0,0,0,109000,696000,-587000,-587000
2406,國碩            ,189000,775000,-586000,0,0,0,0,0,0,-2000,0,2000,-2000,0,0,0,-588000
08157P,大立光元富9B售06,0,0,0,0,0,0,0,0,0,-590000,0,0,0,232000,822000,-590000,-590000
066604,台郡富邦04購01  ,0,0,0,0,0,0,0,0,0,-591000,0,0,0,139000,730000,-591000,-591000
061658,聯茂富邦9A購03  ,0,0,0,0,0,0,0,0,0,-598000,0,0,0,0,598000,-598000,-598000
3450,聯鈞            ,291000,820000,-529000,0,0,0,0,35000,-35000,-34000,0,2000,-2000,167000,199000,-32000,-598000
063322,台郡群益9B購02  ,0,0,0,0,0,0,0,0,0,-600000,0,0,0,284000,884000,-600000,-600000
067173,京鼎兆豐01購01  ,0,0,0,0,0,0,0,0,0,-604000,0,0,0,0,604000,-604000,-604000
067867,冠德元大01購01  ,0,0,0,0,0,0,0,0,0,-606000,0,0,0,5000,611000,-606000,-606000
067240,聯陽群益01購02  ,0,0,0,0,0,0,0,0,0,-608000,0,0,0,0,608000,-608000,-608000
065519,台勝科群益9C購02,0,0,0,0,0,0,0,0,0,-615000,0,0,0,0,615000,-615000,-615000
8163,達方            ,231000,915000,-684000,0,0,0,0,0,0,69000,14000,3000,11000,91000,33000,58000,-615000
063680,寶成富邦9C購01  ,0,0,0,0,0,0,0,0,0,-619000,0,0,0,228000,847000,-619000,-619000
066411,南紡元大01購01  ,0,0,0,0,0,0,0,0,0,-622000,0,0,0,150000,772000,-622000,-622000
065525,瑞儀群益01購01  ,0,0,0,0,0,0,0,0,0,-623000,0,0,0,56000,679000,-623000,-623000
08454P,台灣50凱基9C售12,0,0,0,0,0,0,0,0,0,-626000,0,0,0,520000,1146000,-626000,-626000
043442,大立光台新01購01,0,0,0,0,0,0,0,0,0,-626000,0,0,0,0,626000,-626000,-626000
6202,盛群            ,228000,776000,-548000,0,0,0,0,0,0,-78000,0,2000,-2000,2000,78000,-76000,-626000
066719,滬深2X元大01購06,0,0,0,0,0,0,0,0,0,-627000,0,0,0,306000,933000,-627000,-627000
067485,緯創元大01購01  ,0,0,0,0,0,0,0,0,0,-628000,0,0,0,50000,678000,-628000,-628000
057023,美律凱基99購02  ,0,0,0,0,0,0,0,0,0,-628000,0,0,0,56000,684000,-628000,-628000
067057,滬深2X元大01購09,0,0,0,0,0,0,0,0,0,-630000,0,0,0,0,630000,-630000,-630000
060288,群光元大9C購01  ,0,2000,-2000,0,0,0,0,0,0,-632000,0,0,0,185000,817000,-632000,-634000
067218,鎧勝元大01購04  ,0,0,0,0,0,0,0,0,0,-636000,0,0,0,347000,983000,-636000,-636000
3062,建漢            ,271000,908000,-637000,0,0,0,0,0,0,1000,1000,0,1000,0,0,0,-636000
066464,台郡統一02購02  ,0,30000,-30000,0,0,0,0,0,0,-607000,0,0,0,1051000,1658000,-607000,-637000
067166,華通麥證01購01  ,0,0,0,18000,657000,-639000,0,0,0,-639000,0,0,0,18000,657000,-639000,-639000
6177,達麗            ,22000,665000,-643000,0,0,0,0,0,0,0,0,0,0,0,0,0,-643000
067700,緯創國票02購01  ,0,0,0,0,0,0,0,0,0,-648000,0,0,0,0,648000,-648000,-648000
06242P,大立光元富9A售02,0,0,0,0,0,0,0,0,0,-648000,0,0,0,39000,687000,-648000,-648000
08957P,聯電凱基03售02  ,0,0,0,0,0,0,0,0,0,-650000,0,0,0,0,650000,-650000,-650000
057555,玉晶光凱基9A購02,0,0,0,0,0,0,0,0,0,-654000,0,0,0,297000,951000,-654000,-654000
061127,美食永豐9A購01  ,0,0,0,0,0,0,0,0,0,-657000,0,0,0,0,657000,-657000,-657000
067907,緯創國泰03購01  ,0,0,0,0,0,0,0,0,0,-659000,0,0,0,104000,763000,-659000,-659000
064573,復盛群益9C購01  ,0,0,0,0,0,0,0,0,0,-659000,0,0,0,171000,830000,-659000,-659000
1434,福懋            ,1083000,719000,364000,0,0,0,0,6000,-6000,-1020000,0,0,0,0,1020000,-1020000,-662000
062401,信邦永豐9B購01  ,0,0,0,0,0,0,0,0,0,-670000,0,0,0,253000,923000,-670000,-670000
08494P,世芯元大9C售02  ,0,0,0,0,0,0,0,0,0,-671000,0,0,0,1101000,1772000,-671000,-671000
063565,旺宏元大9B購08  ,0,0,0,0,0,0,0,0,0,-675000,0,0,0,5000,680000,-675000,-675000
064204,瑞儀兆豐01購01  ,0,0,0,0,0,0,0,0,0,-678000,0,0,0,407000,1085000,-678000,-678000
066489,京鼎元富04購01  ,0,0,0,0,0,0,0,0,0,-680000,0,0,0,16000,696000,-680000,-680000
060014,中鋼康和99購01  ,0,0,0,0,0,0,0,0,0,-680000,0,0,0,0,680000,-680000,-680000
059095,訊芯元大99購01  ,0,0,0,0,0,0,0,0,0,-681000,0,0,0,86000,767000,-681000,-681000
059938,凱美永豐99購01  ,0,0,0,0,0,0,0,0,0,-681000,0,0,0,123000,804000,-681000,-681000
066044,京元電元大01購01,0,0,0,0,0,0,0,0,0,-682000,0,0,0,56000,738000,-682000,-682000
6285,啟碁            ,77000,672367,-595367,0,0,0,0,51000,-51000,-36000,0,13000,-13000,1000,24000,-23000,-682367
066485,台光電元富01購01,0,0,0,0,0,0,0,0,0,-684000,0,0,0,30000,714000,-684000,-684000
064299,宏碁兆豐9C購01  ,0,0,0,0,0,0,0,0,0,-685000,0,0,0,528000,1213000,-685000,-685000
060673,旺宏元大9A購04  ,0,0,0,0,0,0,0,0,0,-688000,0,0,0,0,688000,-688000,-688000
07532P,台灣50中信01售02,0,0,0,0,0,0,0,0,0,-692000,0,0,0,0,692000,-692000,-692000
065611,嘉聯益元大9C購02,0,0,0,0,0,0,0,0,0,-693000,0,0,0,253000,946000,-693000,-693000
063495,台光電富邦9C購01,0,0,0,0,0,0,0,0,0,-697000,0,0,0,359000,1056000,-697000,-697000
066272,聯陽元大01購01  ,0,0,0,0,0,0,0,0,0,-697000,0,0,0,136000,833000,-697000,-697000
066660,群光凱基01購01  ,0,0,0,0,0,0,0,0,0,-699000,0,0,0,67000,766000,-699000,-699000
066949,聯發科元大01購17,0,0,0,0,0,0,0,0,0,-706000,0,0,0,46000,752000,-706000,-706000
067113,京鼎群益02購03  ,0,0,0,0,0,0,0,0,0,-707000,0,0,0,0,707000,-707000,-707000
067947,京鼎國泰03購01  ,0,0,0,0,0,0,0,0,0,-710000,0,0,0,0,710000,-710000,-710000
6271,同欣電          ,590000,1346000,-756000,0,0,0,290000,0,290000,-248000,39000,71000,-32000,48000,264000,-216000,-714000
08190P,宏達電元富9B售04,0,0,0,0,0,0,0,0,0,-715000,0,0,0,1000,716000,-715000,-715000
2349,錸德            ,960000,1676000,-716000,0,0,0,0,0,0,0,0,0,0,0,0,0,-716000
5876,上海商銀        ,1007000,1670000,-663000,0,0,0,0,4000,-4000,-52000,0,29000,-29000,1000,24000,-23000,-719000
07035P,大立光元富99售04,0,0,0,0,0,0,0,0,0,-723000,0,0,0,76000,799000,-723000,-723000
060676,京元電元大9A購03,0,0,0,0,0,0,0,0,0,-728000,0,0,0,3000,731000,-728000,-728000
060437,宏全永豐9A購01  ,0,0,0,0,0,0,0,0,0,-730000,0,0,0,20000,750000,-730000,-730000
9945,潤泰新          ,262000,834265,-572265,0,0,0,0,135000,-135000,-24000,10000,6000,4000,0,28000,-28000,-731265
3008,大立光          ,290363,899889,-609526,0,0,0,0,99173,-99173,-26000,24000,26000,-2000,5000,29000,-24000,-734699
064916,玉山金統一02購01,0,0,0,0,0,0,0,0,0,-735000,0,0,0,0,735000,-735000,-735000
067251,長興國票01購01  ,0,0,0,0,0,0,0,0,0,-736000,0,0,0,83000,819000,-736000,-736000
062220,台光電統一01購01,0,0,0,0,0,0,0,0,0,-741000,0,0,0,306000,1047000,-741000,-741000
6282,康舒            ,408000,990000,-582000,0,0,0,0,0,0,-159000,112000,19000,93000,49000,301000,-252000,-741000
067735,聯電元大03購01  ,0,0,0,0,0,0,0,0,0,-744000,0,0,0,177000,921000,-744000,-744000
062426,大立光統一02購02,0,0,0,0,0,0,0,0,0,-745000,0,0,0,150000,895000,-745000,-745000
065678,聯發科統一01購07,0,0,0,0,0,0,0,0,0,-758000,0,0,0,296000,1054000,-758000,-758000
065083,南亞科元大01購01,0,0,0,0,0,0,0,0,0,-770000,0,0,0,34000,804000,-770000,-770000
2809,京城銀          ,418000,382000,36000,0,0,0,0,0,0,-806000,11000,0,11000,30000,847000,-817000,-770000
07841P,臻鼎元大9A售04  ,0,0,0,0,0,0,0,0,0,-775000,0,0,0,0,775000,-775000,-775000
067893,玉晶光群益02購07,0,0,0,0,0,0,0,0,0,-783000,0,0,0,61000,844000,-783000,-783000
060457,中橡元大9A購02  ,0,0,0,0,0,0,0,0,0,-784000,0,0,0,100000,884000,-784000,-784000
3406,玉晶光          ,3372000,2864002,507998,0,0,0,0,1075000,-1075000,-218000,519000,790000,-271000,185000,132000,53000,-785002
065387,台光電兆豐9C購02,0,0,0,0,0,0,0,0,0,-788000,0,0,0,111000,899000,-788000,-788000
067315,京鼎元大01購05  ,0,0,0,0,0,0,0,0,0,-790000,0,0,0,208000,998000,-790000,-790000
065844,南亞科元大9C購09,0,0,0,0,0,0,0,0,0,-792000,0,0,0,51000,843000,-792000,-792000
2614,東森            ,157000,942000,-785000,0,0,0,0,9000,-9000,0,0,0,0,0,0,0,-794000
066955,新日興元大01購01,0,0,0,0,0,0,0,0,0,-796000,0,0,0,123000,919000,-796000,-796000
2615,萬海            ,136000,936000,-800000,0,0,0,0,3000,-3000,-1000,0,1000,-1000,0,0,0,-804000
08106P,聯發科統一9B售09,0,0,0,0,0,0,0,0,0,-812000,0,0,0,0,812000,-812000,-812000
00752,中信中國50      ,82000,31000,51000,0,0,0,0,0,0,-863000,0,0,0,283000,1146000,-863000,-812000
065803,大立光群益01購03,0,0,0,0,0,0,0,0,0,-815000,0,0,0,60000,875000,-815000,-815000
053799,矽創中信9A購01  ,0,0,0,0,0,0,0,0,0,-824000,0,0,0,0,824000,-824000,-824000
4414,如興            ,635000,1465000,-830000,0,0,0,0,0,0,0,0,0,0,0,0,0,-830000
058928,國巨統一9C購01  ,0,0,0,0,0,0,0,0,0,-832000,0,0,0,236000,1068000,-832000,-832000
08156P,大立光元富9B售05,0,0,0,0,0,0,0,0,0,-833000,0,0,0,96000,929000,-833000,-833000
08782P,台積電元大01售17,0,0,0,0,0,0,0,0,0,-833000,0,0,0,4491000,5324000,-833000,-833000
067222,申豐元大01購01  ,0,0,0,0,0,0,0,0,0,-836000,0,0,0,584000,1420000,-836000,-836000
8150,南茂            ,349000,745000,-396000,0,0,0,0,0,0,-442000,0,5000,-5000,7000,444000,-437000,-838000
060313,淘帝永豐9A購01  ,0,0,0,0,0,0,0,0,0,-841000,0,0,0,142000,983000,-841000,-841000
066080,台光電國泰03購01,0,0,0,0,0,0,0,0,0,-842000,0,0,0,90000,932000,-842000,-842000
1101,台泥            ,4388000,4840250,-452250,0,0,0,0,74000,-74000,-317000,656000,45000,611000,45000,973000,-928000,-843250
067558,中工國票02購01  ,0,0,0,0,0,0,0,0,0,-844000,0,0,0,40000,884000,-844000,-844000
067509,京鼎統一01購01  ,0,0,0,0,0,0,0,0,0,-846000,0,0,0,180000,1026000,-846000,-846000
6505,台塑化          ,656000,1418000,-762000,0,0,0,1000,16000,-15000,-69000,0,59000,-59000,0,10000,-10000,-846000
064421,技嘉兆豐01購01  ,0,0,0,0,0,0,0,0,0,-849000,0,0,0,144000,993000,-849000,-849000
064049,信邦統一01購01  ,2000,0,2000,0,0,0,0,0,0,-853000,0,0,0,412000,1265000,-853000,-851000
065206,旺宏國票01購02  ,0,0,0,0,0,0,0,0,0,-852000,0,0,0,83000,935000,-852000,-852000
059581,日月光元富99購02,0,0,0,0,0,0,0,0,0,-857000,0,0,0,126000,983000,-857000,-857000
9103,美德醫療-DR     ,15000,443000,-428000,0,0,0,0,0,0,-437000,0,0,0,0,437000,-437000,-865000
1201,味全            ,84000,967000,-883000,0,0,0,0,0,0,0,0,0,0,0,0,0,-883000
6005,群益證          ,621000,1503000,-882000,0,0,0,0,8000,-8000,0,0,0,0,0,0,0,-890000
065819,京鼎元富03購01  ,0,0,0,0,0,0,0,0,0,-895000,0,0,0,55000,950000,-895000,-895000
4904,遠傳            ,555920,2129000,-1573080,0,0,0,648000,7000,641000,34000,96000,44000,52000,0,18000,-18000,-898080
3049,和鑫            ,336000,1231000,-895000,0,0,0,0,0,0,-6000,0,6000,-6000,0,0,0,-901000
067472,台積電元大03購01,0,0,0,0,0,0,0,0,0,-905000,0,0,0,2128000,3033000,-905000,-905000
2867,三商壽          ,65000,945000,-880000,0,0,0,0,0,0,-33000,0,33000,-33000,0,0,0,-913000
1513,中興電          ,1005000,1437000,-432000,0,0,0,0,0,0,-483000,107000,88000,19000,170000,672000,-502000,-915000
2855,統一證          ,399000,1318000,-919000,0,0,0,0,0,0,0,0,0,0,0,0,0,-919000
3041,揚智            ,112000,1036000,-924000,0,0,0,0,0,0,-2000,0,2000,-2000,0,0,0,-926000
2889,國票金          ,124000,1043000,-919000,0,0,0,0,0,0,-12000,0,12000,-12000,0,0,0,-931000
056361,美律元大99購02  ,0,0,0,0,0,0,0,0,0,-945000,0,0,0,0,945000,-945000,-945000
065019,華邦電富邦9C購01,0,0,0,0,0,0,0,0,0,-957000,0,0,0,470000,1427000,-957000,-957000
056945,鴻海統一98購12  ,0,0,0,0,0,0,0,0,0,-964000,0,0,0,1066000,2030000,-964000,-964000
066968,技嘉元富07購01  ,0,0,0,0,0,0,0,0,0,-985000,0,0,0,967000,1952000,-985000,-985000
053390,彩晶元大9A購01  ,0,0,0,0,0,0,0,0,0,-986000,0,0,0,172000,1158000,-986000,-986000
066773,美律富邦03購01  ,0,0,0,0,0,0,0,0,0,-987000,0,0,0,331000,1318000,-987000,-987000
1517,利奇            ,489000,1476000,-987000,0,0,0,0,0,0,0,0,0,0,0,0,0,-987000
066846,京鼎元大01購03  ,0,0,0,0,0,0,0,0,0,-993000,0,0,0,673000,1666000,-993000,-993000
054827,宏全元大9A購01  ,0,0,0,0,0,0,0,0,0,-995000,0,0,0,202000,1197000,-995000,-995000
065767,T50反1國票03購01,0,0,0,0,0,0,0,0,0,-996000,0,0,0,0,996000,-996000,-996000
059295,大立光元富99購05,0,0,0,0,0,0,0,0,0,-1005000,0,0,0,20000,1025000,-1005000,-1005000
064183,聯茂富邦01購01  ,0,0,0,0,0,0,0,0,0,-1015000,0,0,0,148000,1163000,-1015000,-1015000
064257,台勝科國泰01購01,0,0,0,0,0,0,0,0,0,-1017000,0,0,0,277000,1294000,-1017000,-1017000
067275,聯發科統一02購07,0,0,0,0,0,0,0,0,0,-1023000,0,0,0,671000,1694000,-1023000,-1023000
065345,台光電統一01購04,0,0,0,0,0,0,0,0,0,-1027000,0,0,0,203000,1230000,-1027000,-1027000
1598,岱宇            ,244000,1342386,-1098386,0,0,0,0,0,0,63000,94000,31000,63000,0,0,0,-1035386
2888,新光金          ,4614757,5693000,-1078243,0,0,0,2000,57000,-55000,95000,50000,0,50000,300000,255000,45000,-1038243
065826,國巨凱基9C購12  ,0,0,0,0,0,0,0,0,0,-1047000,0,0,0,67000,1114000,-1047000,-1047000
050077,臺股指凱基99購02,0,0,0,0,0,0,0,0,0,-1048000,0,0,0,430000,1478000,-1048000,-1048000
3034,聯詠            ,911000,2440000,-1529000,0,0,0,783000,3000,780000,-303000,82000,68000,14000,17000,334000,-317000,-1052000
06503P,臺股指中信9A售02,0,0,0,0,0,0,0,0,0,-1077000,0,0,0,290000,1367000,-1077000,-1077000
065621,聯發科第一9C購01,0,0,0,0,0,0,0,0,0,-1104000,0,0,0,1018000,2122000,-1104000,-1104000
1402,遠東新          ,1580000,8092581,-6512581,0,0,0,2701000,46000,2655000,2749000,0,498000,-498000,3300000,53000,3247000,-1108581
08886P,台積電富邦04售04,0,0,0,0,0,0,0,0,0,-1117000,0,0,0,157000,1274000,-1117000,-1117000
067297,台積電元大02購03,0,0,0,0,0,0,0,0,0,-1121000,0,0,0,2490000,3611000,-1121000,-1121000
2308,台達電          ,2698000,3973000,-1275000,0,0,0,0,70000,-70000,222000,326000,69000,257000,11000,46000,-35000,-1123000
064963,T50反1元大9C購09,0,0,0,0,0,0,0,0,0,-1130000,0,0,0,130000,1260000,-1130000,-1130000
066277,敦泰元大01購02  ,0,0,0,0,0,0,0,0,0,-1132000,0,0,0,65000,1197000,-1132000,-1132000
05644P,大立光中信9A售03,0,0,0,0,0,0,0,0,0,-1134000,0,0,0,715000,1849000,-1134000,-1134000
2327,國巨            ,1438228,2364000,-925772,0,0,0,149000,36000,113000,-327000,45000,179000,-134000,28000,221000,-193000,-1139772
067130,泰豐永豐01購02  ,0,0,0,0,0,0,0,0,0,-1152000,0,0,0,68000,1220000,-1152000,-1152000
062332,大立光統一9B購11,0,0,0,0,0,0,0,0,0,-1153000,0,0,0,1583000,2736000,-1153000,-1153000
08967P,聯電元大01售03  ,0,0,0,0,0,0,0,0,0,-1154000,0,0,0,0,1154000,-1154000,-1154000
4915,致伸            ,957000,2079000,-1122000,0,0,0,0,1000,-1000,-54000,0,3000,-3000,1000,52000,-51000,-1177000
9904,寶成            ,2569000,5112245,-2543245,0,0,0,776000,45000,731000,634000,497000,15000,482000,167000,15000,152000,-1178245
066876,大立光富邦05購01,0,0,0,0,0,0,0,0,0,-1192000,0,0,0,199000,1391000,-1192000,-1192000
066099,大立光中信05購01,0,0,0,0,0,0,0,0,0,-1193000,0,0,0,191000,1384000,-1193000,-1193000
2382,廣達            ,2211000,3982134,-1771134,0,0,0,528000,46000,482000,92000,765000,92000,673000,39000,620000,-581000,-1197134
00631L,元大台灣50正2   ,49000,324000,-275000,0,0,0,0,0,0,-937000,46000,313000,-267000,1653000,2323000,-670000,-1212000
058828,大毅永豐99購01  ,0,0,0,0,0,0,0,0,0,-1212000,0,0,0,50000,1262000,-1212000,-1212000
08871P,大立光群益01售08,0,0,0,0,0,0,0,0,0,-1241000,0,0,0,16000,1257000,-1241000,-1241000
07013P,玉晶光群益9A售06,0,0,0,0,0,0,0,0,0,-1259000,0,0,0,250000,1509000,-1259000,-1259000
1802,台玻            ,165000,1409000,-1244000,0,0,0,0,0,0,-23000,0,23000,-23000,0,0,0,-1267000
066276,敦泰元大01購01  ,35000,0,35000,0,0,0,0,0,0,-1315000,0,0,0,197000,1512000,-1315000,-1280000
066844,聯發科元大01購12,0,0,0,0,0,0,0,0,0,-1295000,0,0,0,280000,1575000,-1295000,-1295000
00669R,國泰美國道瓊反1 ,0,0,0,0,0,0,0,0,0,-1307000,0,0,0,1732000,3039000,-1307000,-1307000
065531,聯電統一01購01  ,0,0,0,0,0,0,0,0,0,-1313000,0,0,0,0,1313000,-1313000,-1313000
1326,台化            ,1174319,2342935,-1168616,0,0,0,0,81000,-81000,-65000,10000,53000,-43000,3000,25000,-22000,-1314616
054471,T50反1中信9C購01,0,0,0,0,0,0,0,0,0,-1342000,0,0,0,200000,1542000,-1342000,-1342000
3016,嘉晶            ,1166000,2195000,-1029000,0,0,0,0,0,0,-314000,65000,82000,-17000,299000,596000,-297000,-1343000
066891,鴻海兆豐04購01  ,0,0,0,0,0,0,0,0,0,-1349000,0,0,0,0,1349000,-1349000,-1349000
066237,京鼎富邦04購01  ,0,0,0,0,0,0,0,0,0,-1389000,0,0,0,487000,1876000,-1389000,-1389000
064593,鈺齊永豐9C購01  ,0,0,0,0,0,0,0,0,0,-1411000,0,0,0,100000,1511000,-1411000,-1411000
064996,T50反1國票01購03,0,0,0,0,0,0,0,0,0,-1420000,0,0,0,0,1420000,-1420000,-1420000
08683P,大立光凱基02售03,0,0,0,0,0,0,0,0,0,-1426000,0,0,0,124000,1550000,-1426000,-1426000
2823,中壽            ,854303,2314000,-1459697,0,0,0,0,23000,-23000,38000,0,2000,-2000,125000,85000,40000,-1444697
067675,中工元大03購01  ,0,0,0,0,0,0,0,0,0,-1453000,0,0,0,600000,2053000,-1453000,-1453000
3380,明泰            ,262000,1545000,-1283000,0,0,0,0,0,0,-176000,0,1000,-1000,0,175000,-175000,-1459000
08095P,大立光元富9B售03,0,0,0,0,0,0,0,0,0,-1472000,0,0,0,62000,1534000,-1472000,-1472000
1515,力山            ,289000,1698000,-1409000,0,0,0,0,0,0,-81000,163000,12000,151000,13000,245000,-232000,-1490000
066234,群光富邦04購01  ,0,0,0,0,0,0,0,0,0,-1495000,0,0,0,8000,1503000,-1495000,-1495000
00650L,FH香港正2       ,91000,91000,0,0,0,0,0,0,0,-1538000,0,0,0,413000,1951000,-1538000,-1538000
6191,精成科          ,635000,1851000,-1216000,0,0,0,0,0,0,-332000,0,258000,-258000,73000,147000,-74000,-1548000
08068P,宏達電國泰9C售01,0,0,0,0,0,0,0,0,0,-1556000,0,0,0,37000,1593000,-1556000,-1556000
2881,富邦金          ,2193000,3786000,-1593000,0,0,0,495000,134000,361000,-345000,0,121000,-121000,9000,233000,-224000,-1577000
2498,宏達電          ,594000,1859000,-1265000,0,0,0,0,0,0,-335000,68000,205000,-137000,2000,200000,-198000,-1600000
065340,旺宏統一9C購04  ,0,0,0,0,0,0,0,0,0,-1604000,0,0,0,0,1604000,-1604000,-1604000
064725,緯創統一02購01  ,0,0,0,0,0,0,0,0,0,-1625000,0,0,0,67000,1692000,-1625000,-1625000
065984,緯創富邦03購01  ,0,0,0,0,0,0,0,0,0,-1630000,0,0,0,226000,1856000,-1630000,-1630000
055063,玉晶光永豐99購01,0,0,0,0,0,0,0,0,0,-1634000,0,0,0,341000,1975000,-1634000,-1634000
4958,臻鼎-KY         ,1745000,2821361,-1076361,0,0,0,0,435000,-435000,-128000,52000,171000,-119000,2000,11000,-9000,-1639361
1216,統一            ,5079750,6601471,-1521721,0,0,0,0,74000,-74000,-46000,2000,0,2000,5000,53000,-48000,-1641721
2312,金寶            ,70000,1625000,-1555000,0,0,0,0,0,0,-87000,0,15000,-15000,18000,90000,-72000,-1642000
2458,義隆            ,1529000,3993000,-2464000,0,0,0,237000,2000,235000,440000,614000,82000,532000,247000,339000,-92000,-1789000
2354,鴻準            ,884000,2497190,-1613190,0,0,0,58000,2000,56000,-244000,0,241000,-241000,0,3000,-3000,-1801190
065119,大立光富邦03購03,0,0,0,0,0,0,0,0,0,-1824000,0,0,0,67000,1891000,-1824000,-1824000
2412,中華電          ,776000,2935455,-2159455,0,0,0,190000,81000,109000,208000,300000,53000,247000,0,39000,-39000,-1842455
5880,合庫金          ,3450000,5066000,-1616000,0,0,0,2000,155000,-153000,-76000,0,8000,-8000,0,68000,-68000,-1845000
2301,光寶科          ,2026000,3534155,-1508155,0,0,0,622000,12000,610000,-989000,4000,223000,-219000,32000,802000,-770000,-1887155
5469,瀚宇博          ,922000,2641000,-1719000,0,0,0,120000,0,120000,-301000,515000,233000,282000,74000,657000,-583000,-1900000
2352,佳世達          ,346000,1657000,-1311000,0,0,0,0,9000,-9000,-587000,0,566000,-566000,40000,61000,-21000,-1907000
07032P,聯發科統一9C售02,0,0,0,0,0,0,0,0,0,-1922000,0,0,0,85000,2007000,-1922000,-1922000
2882,國泰金          ,3292000,5236704,-1944704,0,0,0,507000,148000,359000,-345000,0,0,0,45000,390000,-345000,-1930704
057282,大立光元大99購06,0,0,0,0,0,0,0,0,0,-1932000,0,0,0,33000,1965000,-1932000,-1932000
060890,大立光統一01購01,0,0,0,0,0,0,0,0,0,-1980000,0,0,0,119000,2099000,-1980000,-1980000
3037,欣興            ,3324000,5325000,-2001000,0,0,0,20000,4000,16000,-107000,276000,254000,22000,49000,178000,-129000,-2092000
00655L,國泰中國A50正2  ,266000,250000,16000,0,0,0,0,0,0,-2120000,0,0,0,2524000,4644000,-2120000,-2104000
063057,祥碩統一03購01  ,0,0,0,0,0,0,0,0,0,-2136000,0,0,0,1526000,3662000,-2136000,-2136000
3045,台灣大          ,743000,3043000,-2300000,0,0,0,216000,10000,206000,-50000,34000,73000,-39000,0,11000,-11000,-2144000
2338,光罩            ,954000,3107000,-2153000,0,0,0,0,0,0,-3000,0,2000,-2000,131000,132000,-1000,-2156000
065496,裕隆富邦9C購01  ,0,0,0,0,0,0,0,0,0,-2172000,0,0,0,0,2172000,-2172000,-2172000
064821,聯電統一02購01  ,0,0,0,0,0,0,0,0,0,-2260000,0,0,0,210000,2470000,-2260000,-2260000
2610,華航            ,905000,3147000,-2242000,0,0,0,0,0,0,-43000,0,43000,-43000,0,0,0,-2285000
00643,群益深証中小    ,133000,1197000,-1064000,0,0,0,0,0,0,-1262000,0,0,0,352000,1614000,-1262000,-2326000
059024,大立光統一9B購04,0,0,0,0,0,0,0,0,0,-2373000,0,0,0,79000,2452000,-2373000,-2373000
1605,華新            ,2387000,2107000,280000,0,0,0,0,0,0,-2683000,172000,22000,150000,13000,2846000,-2833000,-2403000
2456,奇力新          ,450000,2775000,-2325000,0,0,0,0,0,0,-230000,93000,43000,50000,39000,319000,-280000,-2555000
3712,永崴投控        ,611000,2719000,-2108000,0,0,0,0,0,0,-452000,20000,4000,16000,0,468000,-468000,-2560000
2880,華南金          ,1663000,3930773,-2267773,0,0,0,1000,151000,-150000,-161000,0,95000,-95000,0,66000,-66000,-2578773
2885,元大金          ,9690000,11523000,-1833000,0,0,0,2000,199000,-197000,-626000,0,538000,-538000,0,88000,-88000,-2656000
2603,長榮            ,693000,3396000,-2703000,0,0,0,1000,341000,-340000,211000,240000,53000,187000,24000,0,24000,-2832000
058807,和大統一9B購01  ,0,0,0,0,0,0,0,0,0,-3145000,0,0,0,20000,3165000,-3145000,-3145000
058781,康友國票9A購01  ,0,0,0,0,0,0,0,0,0,-3273000,0,0,0,10000,3283000,-3273000,-3273000
6116,彩晶            ,24672000,27321000,-2649000,0,0,0,0,0,0,-670000,773000,861000,-88000,2709000,3291000,-582000,-3319000
00693U,街口S&P黃豆     ,0,500000,-500000,0,0,0,0,0,0,-2830000,0,0,0,300000,3130000,-2830000,-3330000
2492,華新科          ,639000,3541000,-2902000,0,0,0,0,85000,-85000,-343000,57000,142000,-85000,22000,280000,-258000,-3330000
065315,玉晶光中信03購02,0,0,0,0,0,0,0,0,0,-3765000,0,0,0,861000,4626000,-3765000,-3765000
2474,可成            ,694000,4990947,-4296947,0,0,0,118000,158000,-40000,-37000,25000,27000,-2000,11000,46000,-35000,-4373947
053118,大立光中信9C購01,0,0,0,0,0,0,0,0,0,-4515000,0,0,0,0,4515000,-4515000,-4515000
2891,中信金          ,6640000,11624439,-4984439,0,0,0,1117000,727307,389693,-130000,12000,0,12000,0,142000,-142000,-4724746
00633L,富邦上証正2     ,1952000,3217000,-1265000,0,0,0,0,0,0,-3659000,25000,0,25000,6895000,10579000,-3684000,-4924000
2892,第一金          ,2781000,9199021,-6418021,0,0,0,1031000,144000,887000,564000,700000,64000,636000,0,72000,-72000,-4967021
3017,奇鋐            ,1884000,5363000,-3479000,0,0,0,130000,152000,-22000,-1591000,780000,1285000,-505000,132000,1218000,-1086000,-5092000
054546,玉晶光中信9B購01,1000,80000,-79000,0,0,0,0,0,0,-5084000,0,0,0,3232000,8316000,-5084000,-5163000
2353,宏碁            ,6022200,12276000,-6253800,0,0,0,0,10000,-10000,1091000,716000,98000,618000,1025000,552000,473000,-5172800
2618,長榮航          ,865000,5961977,-5096977,0,0,0,1000,42000,-41000,-59000,0,68000,-68000,73000,64000,9000,-5196977
00738U,元大道瓊白銀    ,56000,1193000,-1137000,0,0,0,0,0,0,-4143000,0,0,0,1259000,5402000,-4143000,-5280000
2367,燿華            ,1874000,4945000,-3071000,0,0,0,0,0,0,-2908000,0,532000,-532000,87000,2463000,-2376000,-5979000
2887,台新金          ,2891000,8727000,-5836000,0,0,0,1000,171000,-170000,-25000,0,0,0,0,25000,-25000,-6031000
6239,力成            ,1382000,8107000,-6725000,0,0,0,542000,96000,446000,110000,36000,7000,29000,93000,12000,81000,-6169000
2834,臺企銀          ,785000,6681000,-5896000,0,0,0,0,202000,-202000,-248000,38000,141000,-103000,35000,180000,-145000,-6346000
2317,鴻海            ,31606928,21261003,10345925,0,0,0,0,98000,-98000,-16736000,200000,853000,-653000,258000,16341000,-16083000,-6488075
2886,兆豐金          ,3265000,10696849,-7431849,0,0,0,1328000,166000,1162000,-569000,500000,66000,434000,0,1003000,-1003000,-6838849
2332,友訊            ,1337000,6665000,-5328000,0,0,0,0,0,0,-1839000,12000,58000,-46000,28000,1821000,-1793000,-7167000
2504,國產            ,1072000,8846000,-7774000,0,0,0,0,120000,-120000,473000,0,15000,-15000,488000,0,488000,-7421000
2884,玉山金          ,4830000,13449244,-8619244,0,0,0,1000,171000,-170000,233000,158000,350000,-192000,505000,80000,425000,-8556244
1102,亞泥            ,12498000,10127490,2370510,0,0,0,1000,226000,-225000,-11315000,74000,4577000,-4503000,0,6812000,-6812000,-9169490
2330,台積電          ,20540050,33718603,-13178553,0,0,0,5000,126000,-121000,-495000,134000,318000,-184000,352000,663000,-311000,-13794553
3481,群創            ,13013000,32971000,-19958000,0,0,0,1075000,0,1075000,908000,556000,277000,279000,1534000,905000,629000,-17975000
00637L,元大滬深300正2  ,6323000,25804000,-19481000,0,0,0,0,0,0,-21357000,932000,40000,892000,24945000,47194000,-22249000,-40838000
00878,國泰永續高股息  ,35000,1306000,-1271000,0,0,0,0,0,0,-59003000,0,0,0,244000,59247000,-59003000,-60274000
00677U,富邦VIX         ,8239000,31363000,-23124000,0,0,0,0,0,0,-44388000,3000,500000,-497000,377000,44268000,-43891000,-67512000
00632R,元大台灣50反1   ,99736000,38702000,61034000,0,0,0,0,0,0,-163300000,386000,400000,-14000,1964000,165250000,-163286000,-102266000
