證券代號,證券名稱,外陸資買進股數(不含外資自營商),外陸資賣出股數(不含外資自營商),外陸資買賣超股數(不含外資自營商),外資自營商買進股數,外資自營商賣出股數,外資自營商買賣超股數,投信買進股數,投信賣出股數,投信買賣超股數,自營商買賣超股數,自營商買進股數(自行買賣),自營商賣出股數(自行買賣),自營商買賣超股數(自行買賣),自營商買進股數(避險),自營商賣出股數(避險),自營商買賣超股數(避險),三大法人買賣超股數
00677U,富邦VIX         ,131048000,7793000,123255000,0,0,0,0,0,0,192704000,2000000,725000,1275000,193589000,2160000,191429000,315959000
00669R,國泰美國道瓊反1 ,106000,0,106000,0,0,0,0,0,0,22263000,0,0,0,23197000,934000,22263000,22369000
00648R,元大S&P500反1   ,224000,0,224000,0,0,0,0,0,0,15056000,0,0,0,15258000,202000,15056000,15280000
2317,鴻海            ,24967626,16355292,8612334,0,0,0,104000,147000,-43000,2069000,189000,186000,3000,2252000,186000,2066000,10638334
00671R,富邦NASDAQ反1   ,171000,4000,167000,0,0,0,0,0,0,10116000,0,0,0,10378000,262000,10116000,10283000
00632R,元大台灣50反1   ,550000,3995000,-3445000,0,0,0,0,0,0,9940000,1872000,6051000,-4179000,20653000,6534000,14119000,6495000
054400,健策永豐96購02  ,0,0,0,0,0,0,0,0,0,6318000,0,0,0,6706000,388000,6318000,6318000
00634R,富邦上証反1     ,4816000,0,4816000,0,0,0,0,0,0,1128000,600000,400000,200000,2084000,1156000,928000,5944000
00643,群益深証中小    ,5951000,44000,5907000,0,0,0,0,0,0,-547000,10000,10000,0,1087000,1634000,-547000,5360000
1909,榮成            ,4277000,2676000,1601000,0,0,0,802000,1000,801000,2691000,2791000,100000,2691000,0,0,0,5093000
2492,華新科          ,8211000,4821529,3389471,0,0,0,289000,99000,190000,536000,695000,390000,305000,465000,234000,231000,4115471
00639,富邦深100       ,4031000,30000,4001000,0,0,0,0,0,0,54000,0,0,0,2816000,2762000,54000,4055000
00673R,元大S&P原油反1  ,517000,123000,394000,0,0,0,0,0,0,3012000,78000,0,78000,4181000,1247000,2934000,3406000
2368,金像電          ,4190000,1498000,2692000,0,0,0,418000,0,418000,280000,470000,190000,280000,0,0,0,3390000
055809,T50反1國票98購02,0,0,0,0,0,0,0,0,0,2483000,0,0,0,2662000,179000,2483000,2483000
04433P,上証2X國票95售01,0,0,0,0,0,0,0,0,0,2303000,0,0,0,2343000,40000,2303000,2303000
00861,元大全球未來通訊,0,82000,-82000,0,0,0,0,0,0,2310000,150000,0,150000,4373000,2213000,2160000,2228000
056698,T50反1國泰9A購01,0,0,0,0,0,0,0,0,0,2119000,0,0,0,2172000,53000,2119000,2119000
00708L,元大S&P黃金正2  ,2000,0,2000,0,0,0,0,0,0,2043000,0,7000,-7000,8111000,6061000,2050000,2045000
05400P,台積電永豐95售05,0,0,0,0,0,0,0,0,0,1934000,0,0,0,3294000,1360000,1934000,1934000
048813,元黃金凱基94購01,0,0,0,0,0,0,0,0,0,1926000,0,0,0,1996000,70000,1926000,1926000
03647C,T50反1元富99牛02,0,0,0,0,0,0,0,0,0,1790000,0,0,0,3141000,1351000,1790000,1790000
057071,華擎永豐98購02  ,0,0,0,0,0,0,0,0,0,1770000,0,0,0,2536000,766000,1770000,1770000
6153,嘉聯益          ,2091000,572000,1519000,0,0,0,0,0,0,229000,58000,20000,38000,203000,12000,191000,1748000
052736,T50反1元大96購05,0,0,0,0,0,0,0,0,0,1703000,0,0,0,1713000,10000,1703000,1703000
00738U,元大道瓊白銀    ,0,20000,-20000,0,0,0,0,0,0,1695000,0,125000,-125000,2533000,713000,1820000,1675000
1707,葡萄王          ,1348000,97000,1251000,0,0,0,204000,0,204000,171000,177000,6000,171000,0,0,0,1626000
06549P,大立光元大98售11,0,0,0,0,0,0,0,0,0,1570000,0,0,0,1622000,52000,1570000,1570000
0061,元大寶滬深      ,520000,19000,501000,0,0,0,0,0,0,1061000,10000,10000,0,1208000,147000,1061000,1562000
05480P,滬深2X凱基96售05,0,0,0,0,0,0,0,0,0,1543000,0,0,0,1568000,25000,1543000,1543000
00783,富邦中証500     ,2174000,144000,2030000,0,0,0,0,0,0,-493000,0,0,0,2742000,3235000,-493000,1537000
050094,T50反1國泰95購01,0,0,0,0,0,0,0,0,0,1520000,0,0,0,1520000,0,1520000,1520000
056093,大毅元富97購01  ,0,0,0,0,0,0,0,0,0,1511000,0,0,0,1554000,43000,1511000,1511000
00638R,元大滬深300反1  ,895000,0,895000,0,0,0,0,0,0,596000,952000,380000,572000,1280000,1256000,24000,1491000
051614,元金2X凱基97購01,0,0,0,0,0,0,0,0,0,1488000,0,0,0,1683000,195000,1488000,1488000
047206,元金2X國泰94購01,0,0,0,0,0,0,0,0,0,1442000,0,0,0,1446000,4000,1442000,1442000
056756,T50反1元大98購06,0,0,0,0,0,0,0,0,0,1417000,0,0,0,1477000,60000,1417000,1417000
2884,玉山金          ,7148955,6600362,548593,0,0,0,76000,13000,63000,792000,540000,34000,506000,292000,6000,286000,1403593
051056,華新科群益95購03,0,0,0,0,0,0,0,0,0,1398000,0,0,0,1398000,0,1398000,1398000
6116,彩晶            ,2365000,654000,1711000,0,0,0,0,0,0,-328000,90000,64000,26000,91000,445000,-354000,1383000
3338,泰碩            ,488050,407000,81050,0,0,0,662000,0,662000,633000,370000,37000,333000,344000,44000,300000,1376050
2367,燿華            ,2033000,836000,1197000,0,0,0,0,2000,-2000,62000,0,0,0,82000,20000,62000,1257000
2027,大成鋼          ,1402000,353000,1049000,0,0,0,0,0,0,184000,0,0,0,194000,10000,184000,1233000
054640,健策中信9B購01  ,0,0,0,0,0,0,0,0,0,1211000,0,0,0,1259000,48000,1211000,1211000
2323,中環            ,2102000,1245639,856361,0,0,0,5000,0,5000,244000,74000,2000,72000,224000,52000,172000,1105361
03314P,台積電元大02售16,0,0,0,0,0,0,0,0,0,1081000,0,0,0,1165000,84000,1081000,1081000
2610,華航            ,4732000,3690695,1041305,0,0,0,0,8000,-8000,45000,87000,0,87000,0,42000,-42000,1078305
3706,神達            ,3056000,1406300,1649700,0,0,0,161000,0,161000,-741000,412000,316000,96000,265000,1102000,-837000,1069700
050172,臺指反元大98購02,0,0,0,0,0,0,0,0,0,1060000,0,0,0,1642000,582000,1060000,1060000
047681,滬深反中信95購01,0,0,0,0,0,0,0,0,0,1055000,0,0,0,1527000,472000,1055000,1055000
05079P,可成永豐95售01  ,0,0,0,0,0,0,0,0,0,1051000,0,0,0,1051000,0,1051000,1051000
051366,康友國泰97購01  ,0,0,0,0,0,0,0,0,0,1051000,0,0,0,1111000,60000,1051000,1051000
1513,中興電          ,1194000,55000,1139000,0,0,0,103000,171000,-68000,-29000,11000,40000,-29000,0,0,0,1042000
2104,國際中橡        ,1291000,260000,1031000,0,0,0,0,0,0,0,0,0,0,0,0,0,1031000
05091P,台積電元大95售11,0,0,0,0,0,0,0,0,0,1030000,0,0,0,1991000,961000,1030000,1030000
041973,台灣50中信94購01,0,0,0,0,0,0,0,0,0,1007000,0,0,0,2605000,1598000,1007000,1007000
053755,亞光元富96購01  ,0,0,0,0,0,0,0,0,0,1005000,0,0,0,1060000,55000,1005000,1005000
2371,大同            ,1874000,1098695,775305,0,0,0,0,0,0,228000,242000,14000,228000,0,0,0,1003305
056703,群創國泰9A購01  ,0,0,0,0,0,0,0,0,0,995000,0,0,0,1025000,30000,995000,995000
05950P,台積電國票97售04,0,0,0,0,0,0,0,0,0,986000,0,0,0,993000,7000,986000,986000
055166,台積電統一97購05,0,0,0,0,0,0,0,0,0,984000,0,0,0,1410000,426000,984000,984000
050171,臺指反元大97購03,0,0,0,0,0,0,0,0,0,983000,0,0,0,983000,0,983000,983000
03427P,聯電元大02售11  ,0,0,0,0,0,0,0,0,0,978000,0,0,0,1708000,730000,978000,978000
055145,T50反1元大97購04,0,0,0,0,0,0,0,0,0,974000,0,0,0,2512000,1538000,974000,974000
04225P,台積電元富94售02,0,0,0,0,0,0,0,0,0,967000,0,0,0,967000,0,967000,967000
053537,玉晶光永豐98購02,0,0,0,0,0,0,0,0,0,930000,0,0,0,1192000,262000,930000,930000
6213,聯茂            ,729569,1865000,-1135431,0,0,0,1612000,108000,1504000,545000,752000,132000,620000,201000,276000,-75000,913569
047357,欣興麥證93購01  ,0,0,0,908000,0,908000,0,0,0,908000,0,0,0,908000,0,908000,908000
056757,T50反1元大98購07,0,0,0,0,0,0,0,0,0,906000,0,0,0,983000,77000,906000,906000
054973,台郡元大98購02  ,0,0,0,0,0,0,0,0,0,901000,0,0,0,901000,0,901000,901000
050254,大立光富邦96購02,0,0,0,0,0,0,0,0,0,900000,0,0,0,902000,2000,900000,900000
054037,T50反1元大96購09,0,0,0,0,0,0,0,0,0,899000,0,0,0,2561000,1662000,899000,899000
055249,大毅統一99購01  ,0,0,0,0,0,0,0,0,0,896000,0,0,0,1270000,374000,896000,896000
05777P,台積電統一96售04,0,0,0,0,0,0,0,0,0,895000,0,0,0,1003000,108000,895000,895000
055678,上銀凱基97購02  ,0,0,0,0,0,0,0,0,0,885000,0,0,0,900000,15000,885000,885000
06410P,祥碩統一97售01  ,0,0,0,0,0,0,0,0,0,885000,0,0,0,951000,66000,885000,885000
055432,臻鼎群益97購02  ,0,0,0,0,0,0,0,0,0,873000,0,0,0,1107000,234000,873000,873000
006207,FH滬深          ,440000,649000,-209000,0,0,0,0,0,0,1077000,0,0,0,2162000,1085000,1077000,868000
056982,華新科群益98購05,0,0,0,0,0,0,0,0,0,867000,0,0,0,1474000,607000,867000,867000
057095,祥碩元富98購02  ,0,0,0,0,0,0,0,0,0,836000,0,0,0,1477000,641000,836000,836000
4935,茂林-KY         ,558000,424000,134000,0,0,0,522000,100000,422000,276000,66000,66000,0,291000,15000,276000,832000
3036,文曄            ,990000,117000,873000,0,0,0,0,2000,-2000,-40000,130000,250000,-120000,103000,23000,80000,831000
3380,明泰            ,875000,84000,791000,0,0,0,0,0,0,34000,154000,146000,8000,82000,56000,26000,825000
054137,聯詠元大97購02  ,0,0,0,0,0,0,0,0,0,814000,0,0,0,1050000,236000,814000,814000
052681,T50反1元大98購02,0,0,0,0,0,0,0,0,0,804000,0,0,0,916000,112000,804000,804000
052497,楠梓電永豐96購01,0,0,0,0,0,0,0,0,0,801000,0,0,0,861000,60000,801000,801000
054198,台積電永昌96購08,0,0,0,0,0,0,0,0,0,801000,0,0,0,1123000,322000,801000,801000
3673,TPK-KY          ,1927000,1321794,605206,0,0,0,0,0,0,193000,33000,8000,25000,169000,1000,168000,798206
06012P,世芯國票96售01  ,0,0,0,0,0,0,0,0,0,782000,0,0,0,932000,150000,782000,782000
5469,瀚宇博          ,1216000,477000,739000,0,0,0,0,2000,-2000,38000,0,6000,-6000,51000,7000,44000,775000
006205,富邦上証        ,2891000,68000,2823000,0,0,0,0,500000,-500000,-1549000,0,0,0,2588000,4137000,-1549000,774000
044290,群創凱基93購05  ,0,0,0,0,0,0,0,0,0,755000,0,0,0,755000,0,755000,755000
3450,聯鈞            ,1269000,488000,781000,0,0,0,215000,0,215000,-243000,5000,170000,-165000,50000,128000,-78000,753000
05180P,玉晶光凱基95售04,0,0,0,0,0,0,0,0,0,746000,0,0,0,986000,240000,746000,746000
054685,國巨永豐97購02  ,0,0,0,0,0,0,0,0,0,746000,0,0,0,2453000,1707000,746000,746000
051971,元金2X凱基97購02,0,0,0,0,0,0,0,0,0,738000,0,0,0,1262000,524000,738000,738000
4968,立積            ,869000,245430,623570,0,0,0,0,0,0,105000,0,0,0,127000,22000,105000,728570
053747,滬深2X永豐96購05,0,0,0,0,0,0,0,0,0,717000,0,0,0,719000,2000,717000,717000
6269,台郡            ,987000,466863,520137,0,0,0,116000,32000,84000,109000,226000,141000,85000,41000,17000,24000,713137
052913,鴻海元富96購05  ,0,0,0,0,0,0,0,0,0,713000,0,0,0,714000,1000,713000,713000
4958,臻鼎-KY         ,1443000,690239,752761,0,0,0,0,1000,-1000,-39000,82000,186000,-104000,83000,18000,65000,712761
052576,聯茂凱基96購01  ,0,0,0,0,0,0,0,0,0,710000,0,0,0,878000,168000,710000,710000
051679,百和元大95購02  ,0,0,0,0,0,0,0,0,0,703000,0,0,0,703000,0,703000,703000
03648C,T50反1元大96牛07,0,0,0,0,0,0,0,0,0,700000,0,0,0,700000,0,700000,700000
03033P,微星國票03售01  ,30000,0,30000,0,0,0,0,0,0,668000,0,0,0,668000,0,668000,698000
052815,滬深2X永豐97購01,0,0,0,0,0,0,0,0,0,693000,0,0,0,714000,21000,693000,693000
057777,可成群益9A購03  ,0,0,0,0,0,0,0,0,0,688000,0,0,0,762000,74000,688000,688000
054727,台積電日盛97購02,0,0,0,0,0,0,0,0,0,687000,0,0,0,869000,182000,687000,687000
055982,T50反1元富97購01,0,0,0,0,0,0,0,0,0,676000,0,0,0,678000,2000,676000,676000
053114,聯茂兆豐97購01  ,0,0,0,0,0,0,0,0,0,675000,0,0,0,913000,238000,675000,675000
9958,世紀鋼          ,623000,183000,440000,0,0,0,19000,0,19000,215000,104000,4000,100000,127000,12000,115000,674000
053699,臺股指元大96購22,0,0,0,0,0,0,0,0,0,664000,0,0,0,1357000,693000,664000,664000
1536,和大            ,787000,134000,653000,0,0,0,0,0,0,10000,6000,14000,-8000,24000,6000,18000,663000
052104,英業達兆豐96購01,0,0,0,0,0,0,0,0,0,660000,0,0,0,673000,13000,660000,660000
2456,奇力新          ,1558000,1249000,309000,0,0,0,135000,0,135000,216000,162000,65000,97000,129000,10000,119000,660000
2535,達欣工          ,697000,39000,658000,0,0,0,0,0,0,0,0,0,0,0,0,0,658000
052708,楠梓電永豐97購01,0,0,0,0,0,0,0,0,0,653000,0,0,0,703000,50000,653000,653000
044269,群創中信95購01  ,0,0,0,0,0,0,0,0,0,652000,0,0,0,1523000,871000,652000,652000
051835,百和元大95購03  ,0,0,0,0,0,0,0,0,0,651000,0,0,0,713000,62000,651000,651000
050975,楠梓電統一95購01,0,0,0,0,0,0,0,0,0,649000,0,0,0,792000,143000,649000,649000
2345,智邦            ,1263645,807005,456640,0,0,0,112000,1000,111000,80000,97000,42000,55000,67000,42000,25000,647640
052224,楠梓電凱基97購01,0,0,0,0,0,0,0,0,0,645000,0,0,0,696000,51000,645000,645000
055891,鴻海統一9A購01  ,0,0,0,0,0,0,0,0,0,643000,0,0,0,1141000,498000,643000,643000
052764,景碩群益98購01  ,0,0,0,0,0,0,0,0,0,642000,0,0,0,687000,45000,642000,642000
051027,楠梓電元富95購01,0,0,0,0,0,0,0,0,0,641000,0,0,0,733000,92000,641000,641000
054301,楠梓電凱基98購01,0,0,0,0,0,0,0,0,0,641000,0,0,0,891000,250000,641000,641000
046737,鴻海群益93購04  ,0,0,0,0,0,0,0,0,0,638000,0,0,0,638000,0,638000,638000
2809,京城銀          ,383000,181000,202000,0,0,0,402000,1000,401000,30000,78000,48000,30000,0,0,0,633000
057720,日電貿元富98購01,0,0,0,0,0,0,0,0,0,631000,0,0,0,749000,118000,631000,631000
052317,台積電元大96購11,0,0,0,0,0,0,0,0,0,629000,0,0,0,829000,200000,629000,629000
2498,宏達電          ,1629000,979000,650000,0,0,0,0,0,0,-30000,40000,36000,4000,13000,47000,-34000,620000
050866,景碩永豐95購01  ,0,0,0,0,0,0,0,0,0,614000,0,0,0,674000,60000,614000,614000
050613,台光電元大94購09,0,0,0,0,0,0,0,0,0,613000,0,0,0,788000,175000,613000,613000
044588,元金2X統一93購01,0,0,0,0,0,0,0,0,0,609000,0,0,0,609000,0,609000,609000
08591P,台光電凱基9C售02,0,0,0,0,0,0,0,0,0,608000,0,0,0,608000,0,608000,608000
052763,晶技群益97購01  ,0,0,0,0,0,0,0,0,0,607000,0,0,0,751000,144000,607000,607000
054082,楠梓電元富96購01,0,0,0,0,0,0,0,0,0,602000,0,0,0,742000,140000,602000,602000
055202,神達群益97購01  ,0,0,0,0,0,0,0,0,0,601000,0,0,0,723000,122000,601000,601000
044190,聯詠富邦93購01  ,0,0,0,0,0,0,0,0,0,600000,0,0,0,600000,0,600000,600000
052116,T50反1國票97購01,0,0,0,0,0,0,0,0,0,600000,0,0,0,600000,0,600000,600000
06125P,楠梓電元富99售01,0,0,0,0,0,0,0,0,0,597000,0,0,0,599000,2000,597000,597000
057048,新日興元大98購01,0,0,0,0,0,0,0,0,0,596000,0,0,0,821000,225000,596000,596000
056100,楠梓電永豐97購02,0,0,0,0,0,0,0,0,0,596000,0,0,0,596000,0,596000,596000
050714,深中小群益98購01,0,0,0,0,0,0,0,0,0,588000,0,0,0,789000,201000,588000,588000
052048,景碩凱基95購01  ,0,0,0,0,0,0,0,0,0,587000,0,0,0,653000,66000,587000,587000
03650C,T50反1元大98牛05,0,0,0,0,0,0,0,0,0,580000,0,0,0,600000,20000,580000,580000
4943,康控-KY         ,662000,129000,533000,0,0,0,0,0,0,46000,10000,0,10000,60000,24000,36000,579000
055251,華新科統一99購01,0,0,0,0,0,0,0,0,0,577000,0,0,0,577000,0,577000,577000
052622,貿聯兆豐97購01  ,0,0,0,0,0,0,0,0,0,568000,0,0,0,571000,3000,568000,568000
049870,南電兆豐94購01  ,0,0,0,0,0,0,0,0,0,565000,0,0,0,720000,155000,565000,565000
6282,康舒            ,878000,274000,604000,0,0,0,0,4000,-4000,-39000,4000,0,4000,6000,49000,-43000,561000
6456,GIS-KY          ,587000,65000,522000,0,0,0,0,0,0,39000,0,0,0,48000,9000,39000,561000
054906,神達康和97購01  ,0,0,0,0,0,0,0,0,0,560000,0,0,0,747000,187000,560000,560000
057699,可成群益9A購02  ,0,0,0,0,0,0,0,0,0,555000,0,0,0,697000,142000,555000,555000
2338,光罩            ,729000,244000,485000,0,0,0,0,2000,-2000,72000,0,0,0,120000,48000,72000,555000
053043,嘉晶凱基96購01  ,0,0,0,0,0,0,0,0,0,553000,0,0,0,637000,84000,553000,553000
03658C,T50反1元大9A牛02,0,0,0,0,0,0,0,0,0,550000,0,0,0,550000,0,550000,550000
05449P,臺股指元大95售26,0,0,0,0,0,0,0,0,0,550000,0,0,0,1376000,826000,550000,550000
056936,禾伸堂元富98購01,0,0,0,0,0,0,0,0,0,549000,0,0,0,549000,0,549000,549000
053464,喬山元大96購01  ,0,0,0,0,0,0,0,0,0,547000,0,0,0,557000,10000,547000,547000
051675,瑞儀元大96購02  ,0,0,0,0,0,0,0,0,0,543000,0,0,0,543000,0,543000,543000
057542,上銀凱基99購01  ,0,0,0,0,0,0,0,0,0,541000,0,0,0,582000,41000,541000,541000
049271,百和元大94購01  ,0,0,0,0,0,0,0,0,0,538000,0,0,0,606000,68000,538000,538000
06033P,可成凱基96售09  ,0,0,0,0,0,0,0,0,0,535000,0,0,0,552000,17000,535000,535000
03399P,欣興中信02售03  ,0,0,0,0,0,0,0,0,0,534000,0,0,0,569000,35000,534000,534000
051397,聯茂兆豐95購03  ,0,0,0,0,0,0,0,0,0,534000,0,0,0,565000,31000,534000,534000
051851,TPK群益95購03   ,0,0,0,0,0,0,0,0,0,530000,0,0,0,530000,0,530000,530000
054896,聯茂日盛97購01  ,0,0,0,0,0,0,0,0,0,527000,0,0,0,808000,281000,527000,527000
055002,群創元富99購04  ,0,0,0,0,0,0,0,0,0,521000,0,0,0,565000,44000,521000,521000
052817,楠梓電永豐96購02,0,0,0,0,0,0,0,0,0,520000,0,0,0,542000,22000,520000,520000
05237P,為升永豐95售01  ,0,0,0,0,0,0,0,0,0,520000,0,0,0,520000,0,520000,520000
057047,華新科元大99購07,0,0,0,0,0,0,0,0,0,519000,0,0,0,561000,42000,519000,519000
055879,神達元富97購01  ,0,0,0,0,0,0,0,0,0,519000,0,0,0,714000,195000,519000,519000
3532,台勝科          ,1097473,735289,362184,0,0,0,139000,0,139000,16000,38000,34000,4000,16000,4000,12000,517184
055880,神達元富97購02  ,0,0,0,0,0,0,0,0,0,517000,0,0,0,631000,114000,517000,517000
054918,華新科凱基98購02,60000,0,60000,0,0,0,0,0,0,455000,0,0,0,620000,165000,455000,515000
053147,楠梓電元大98購01,0,0,0,0,0,0,0,0,0,510000,0,0,0,510000,0,510000,510000
05311P,臺股指群益95售10,0,0,0,0,0,0,0,0,0,509000,0,0,0,509000,0,509000,509000
056145,緯穎元大98購03  ,0,0,0,0,0,0,0,0,0,506000,0,0,0,605000,99000,506000,506000
054621,華新科兆豐98購01,0,0,0,0,0,0,0,0,0,506000,0,0,0,546000,40000,506000,506000
2454,聯發科          ,4243122,3692790,550332,0,0,0,9000,116000,-107000,60000,99000,20000,79000,97000,116000,-19000,503332
056155,嘉晶凱基97購01  ,0,0,0,0,0,0,0,0,0,503000,0,0,0,508000,5000,503000,503000
3515,華擎            ,812000,607000,205000,0,0,0,146000,17000,129000,168000,104000,28000,76000,171000,79000,92000,502000
047503,T50反1國票93購03,0,0,0,0,0,0,0,0,0,500000,0,0,0,500000,0,500000,500000
049122,元油2X元富94購07,0,0,0,0,0,0,0,0,0,500000,0,0,0,500000,0,500000,500000
051136,可成永豐95購02  ,0,0,0,0,0,0,0,0,0,500000,0,0,0,500000,0,500000,500000
047983,宏達電群益93購04,0,0,0,0,0,0,0,0,0,499000,0,0,0,499000,0,499000,499000
048112,宏達電群益93購05,0,0,0,0,0,0,0,0,0,499000,0,0,0,499000,0,499000,499000
051520,新光金凱基97購01,0,0,0,0,0,0,0,0,0,499000,0,0,0,499000,0,499000,499000
05038P,牧德元大95售03  ,0,0,0,0,0,0,0,0,0,499000,0,0,0,499000,0,499000,499000
2903,遠百            ,732000,233000,499000,0,0,0,0,0,0,0,0,0,0,0,0,0,499000
056797,台積電麥證98購01,0,0,0,555000,60000,495000,0,0,0,495000,0,0,0,555000,60000,495000,495000
055288,日電貿元大97購02,0,0,0,0,0,0,0,0,0,495000,0,0,0,621000,126000,495000,495000
05245P,台積電元大95售18,0,0,0,0,0,0,0,0,0,493000,0,0,0,823000,330000,493000,493000
03643C,臺股指元富99牛04,0,0,0,0,0,0,0,0,0,492000,0,0,0,567000,75000,492000,492000
054578,世芯元大99購01  ,0,0,0,0,0,0,0,0,0,492000,0,0,0,621000,129000,492000,492000
055577,晶技統一97購02  ,0,0,0,0,0,0,0,0,0,489000,0,0,0,529000,40000,489000,489000
051846,S&P反1中信96購02,0,0,0,0,0,0,0,0,0,484000,0,0,0,484000,0,484000,484000
06595P,祥碩元大98售03  ,0,0,0,0,0,0,0,0,0,484000,0,0,0,486000,2000,484000,484000
057474,T50反1元大98購09,0,0,0,0,0,0,0,0,0,483000,0,0,0,1425000,942000,483000,483000
051697,康友中信95購02  ,0,0,0,0,0,0,0,0,0,483000,0,0,0,533000,50000,483000,483000
3041,揚智            ,615000,133000,482000,0,0,0,0,0,0,0,0,0,0,0,0,0,482000
05772P,景碩凱基96售02  ,0,0,0,0,0,0,0,0,0,481000,0,0,0,529000,48000,481000,481000
1789,神隆            ,655000,141000,514000,0,0,0,0,0,0,-33000,0,33000,-33000,0,0,0,481000
055798,聯茂富邦98購01  ,0,0,0,0,0,0,0,0,0,479000,0,0,0,526000,47000,479000,479000
055421,玉晶光永豐98購04,0,0,0,0,0,0,0,0,0,473000,0,0,0,925000,452000,473000,473000
05331P,上証2X國票96售01,0,0,0,0,0,0,0,0,0,473000,0,0,0,683000,210000,473000,473000
055184,群創統一98購02  ,0,0,0,0,0,0,0,0,0,470000,0,0,0,470000,0,470000,470000
06155P,智邦統一97售02  ,0,0,0,0,0,0,0,0,0,468000,0,0,0,468000,0,468000,468000
050688,大立光日盛94購03,0,0,0,0,0,0,0,0,0,467000,0,0,0,470000,3000,467000,467000
054925,神達凱基97購01  ,0,0,0,0,0,0,0,0,0,467000,0,0,0,667000,200000,467000,467000
053708,道瓊反凱基98購01,0,0,0,0,0,0,0,0,0,467000,0,0,0,490000,23000,467000,467000
052020,聯茂永豐95購02  ,0,0,0,0,0,0,0,0,0,464000,0,0,0,636000,172000,464000,464000
3042,晶技            ,1418000,301000,1117000,0,0,0,0,0,0,-653000,136000,55000,81000,130000,864000,-734000,464000
050314,晶技兆豐94購01  ,0,0,0,0,0,0,0,0,0,463000,0,0,0,463000,0,463000,463000
052451,旭富元大95購02  ,0,0,0,0,0,0,0,0,0,462000,0,0,0,520000,58000,462000,462000
051500,聯茂群益95購01  ,0,0,0,0,0,0,0,0,0,462000,0,0,0,878000,416000,462000,462000
055060,聯陽永豐97購01  ,0,0,0,0,0,0,0,0,0,457000,0,0,0,547000,90000,457000,457000
03786P,鴻海群益94售02  ,0,0,0,0,0,0,0,0,0,454000,0,0,0,454000,0,454000,454000
044964,旺宏中信94購01  ,0,0,0,0,0,0,0,0,0,453000,0,0,0,715000,262000,453000,453000
045516,聯茂統一94購01  ,0,0,0,0,0,0,0,0,0,452000,0,0,0,479000,27000,452000,452000
049721,晶技凱基94購02  ,0,0,0,0,0,0,0,0,0,451000,0,0,0,554000,103000,451000,451000
08218P,滬深2X凱基96售01,0,0,0,0,0,0,0,0,0,451000,0,0,0,455000,4000,451000,451000
05450P,臺股指元大95售27,0,0,0,0,0,0,0,0,0,450000,0,0,0,592000,142000,450000,450000
049875,台積電永豐94購04,0,0,0,0,0,0,0,0,0,449000,0,0,0,1059000,610000,449000,449000
051924,聯茂日盛95購01  ,0,0,0,0,0,0,0,0,0,446000,0,0,0,709000,263000,446000,446000
048271,可成富邦95購02  ,0,0,0,0,0,0,0,0,0,445000,0,0,0,615000,170000,445000,445000
05515P,台積電群益96售03,0,0,0,0,0,0,0,0,0,443000,0,0,0,863000,420000,443000,443000
8926,台汽電          ,506000,170000,336000,0,0,0,0,3000,-3000,109000,141000,32000,109000,0,0,0,442000
050260,鴻海元大94購15  ,0,0,0,0,0,0,0,0,0,441000,0,0,0,1015000,574000,441000,441000
054278,晶技群益97購02  ,0,0,0,0,0,0,0,0,0,441000,0,0,0,511000,70000,441000,441000
06379P,群創統一97售05  ,0,0,0,0,0,0,0,0,0,441000,0,0,0,469000,28000,441000,441000
06347P,祥碩元富97售02  ,0,5000,-5000,0,0,0,0,0,0,446000,0,0,0,1284000,838000,446000,441000
057896,嘉晶元富98購01  ,0,0,0,0,0,0,0,0,0,441000,0,0,0,512000,71000,441000,441000
050949,亞光群益96購01  ,0,0,0,0,0,0,0,0,0,440000,0,0,0,486000,46000,440000,440000
3661,世芯-KY         ,702000,419000,283000,0,0,0,90000,0,90000,67000,50000,51000,-1000,79000,11000,68000,440000
055718,可成元大97購02  ,0,0,0,0,0,0,0,0,0,438000,0,0,0,754000,316000,438000,438000
055896,南電統一97購02  ,0,0,0,0,0,0,0,0,0,437000,0,0,0,437000,0,437000,437000
05472P,國巨統一96售02  ,0,0,0,0,0,0,0,0,0,435000,0,0,0,435000,0,435000,435000
051861,鴻海凱基98購01  ,0,0,0,0,0,0,0,0,0,434000,0,0,0,499000,65000,434000,434000
055289,泰碩元大98購01  ,0,0,0,0,0,0,0,0,0,430000,0,0,0,536000,106000,430000,430000
8131,福懋科          ,450000,48000,402000,0,0,0,0,1000,-1000,29000,0,10000,-10000,53000,14000,39000,430000
2614,東森            ,925000,495000,430000,0,0,0,0,0,0,0,0,0,0,0,0,0,430000
04745P,祥碩元大94售04  ,0,0,0,0,0,0,0,0,0,429000,0,0,0,522000,93000,429000,429000
03857P,聯發科元富99售02,0,0,0,0,0,0,0,0,0,429000,0,0,0,449000,20000,429000,429000
06525P,上証2X國泰99售01,0,0,0,0,0,0,0,0,0,428000,0,0,0,446000,18000,428000,428000
051266,國巨富邦99購01  ,0,0,0,0,0,0,0,0,0,426000,0,0,0,516000,90000,426000,426000
04168P,元金2X凱基99售01,0,0,0,0,0,0,0,0,0,422000,0,0,0,486000,64000,422000,422000
055065,神達永豐97購01  ,0,0,0,0,0,0,0,0,0,422000,0,0,0,502000,80000,422000,422000
06603P,立積統一99售01  ,0,0,0,0,0,0,0,0,0,421000,0,0,0,421000,0,421000,421000
051157,華新科富邦98購01,0,0,0,0,0,0,0,0,0,420000,0,0,0,564000,144000,420000,420000
051128,台表科群益95購02,0,0,0,0,0,0,0,0,0,420000,0,0,0,479000,59000,420000,420000
9946,三發地產        ,466000,46000,420000,0,0,0,0,0,0,0,0,0,0,0,0,0,420000
049371,可成元大94購04  ,0,0,0,0,0,0,0,0,0,419000,0,0,0,619000,200000,419000,419000
046668,嘉澤元大93購01  ,0,0,0,0,0,0,0,0,0,418000,0,0,0,425000,7000,418000,418000
05052P,友達群益97售01  ,0,0,0,0,0,0,0,0,0,416000,0,0,0,446000,30000,416000,416000
06646P,國巨元大98售16  ,0,0,0,0,0,0,0,0,0,410000,0,0,0,471000,61000,410000,410000
057721,華擎元富98購02  ,0,0,0,0,0,0,0,0,0,409000,0,0,0,792000,383000,409000,409000
04106P,滬深2X永豐93售02,0,0,0,0,0,0,0,0,0,409000,0,0,0,409000,0,409000,409000
03686P,大立光統一98售02,0,0,0,0,0,0,0,0,0,409000,0,0,0,509000,100000,409000,409000
052286,力成凱基95購02  ,0,30000,-30000,0,0,0,0,0,0,437000,0,0,0,459000,22000,437000,407000
06671P,台積電群益98售04,0,0,0,0,0,0,0,0,0,405000,0,0,0,425000,20000,405000,405000
1904,正隆            ,2254000,2273000,-19000,0,0,0,400000,3000,397000,27000,182000,155000,27000,0,0,0,405000
2332,友訊            ,216000,126000,90000,0,0,0,0,0,0,315000,224000,0,224000,97000,6000,91000,405000
047406,香港反統一94購01,0,0,0,0,0,0,0,0,0,404000,0,0,0,407000,3000,404000,404000
3006,晶豪科          ,451000,67000,384000,0,0,0,0,0,0,18000,8000,8000,0,43000,25000,18000,402000
057716,神達統一98購01  ,0,0,0,0,0,0,0,0,0,401000,0,0,0,427000,26000,401000,401000
048048,大立光永豐93購03,0,0,0,0,0,0,0,0,0,399000,0,0,0,499000,100000,399000,399000
048127,麗豐元大94購01  ,0,0,0,0,0,0,0,0,0,399000,0,0,0,399000,0,399000,399000
045410,華邦電群益94購01,0,0,0,0,0,0,0,0,0,399000,0,0,0,399000,0,399000,399000
05163P,聯發科統一96售02,0,0,0,0,0,0,0,0,0,399000,0,0,0,563000,164000,399000,399000
05529P,臺股指群益96售02,0,0,0,0,0,0,0,0,0,398000,0,0,0,398000,0,398000,398000
055470,南亞科凱基97購01,0,0,0,0,0,0,0,0,0,397000,0,0,0,404000,7000,397000,397000
1314,中石化          ,1978700,1276000,702700,0,0,0,0,0,0,-308000,0,339000,-339000,51000,20000,31000,394700
048744,儒鴻元富97購01  ,0,0,0,0,0,0,0,0,0,392000,0,0,0,700000,308000,392000,392000
055013,訊連元富97購01  ,0,0,0,0,0,0,0,0,0,392000,0,0,0,739000,347000,392000,392000
053222,聯茂凱基96購03  ,0,0,0,0,0,0,0,0,0,392000,0,0,0,444000,52000,392000,392000
2383,台光電          ,824000,475000,349000,0,0,0,0,0,0,43000,73000,38000,35000,32000,24000,8000,392000
6531,愛普            ,824000,409000,415000,0,0,0,0,0,0,-23000,13000,36000,-23000,0,0,0,392000
056306,晶相光元大98購01,0,0,0,0,0,0,0,0,0,391000,0,0,0,734000,343000,391000,391000
053912,T50反1國票97購02,0,0,0,0,0,0,0,0,0,390000,0,0,0,1335000,945000,390000,390000
055085,大毅國票97購01  ,0,0,0,0,0,0,0,0,0,389000,0,0,0,433000,44000,389000,389000
055229,大毅國票97購02  ,0,0,0,0,0,0,0,0,0,388000,0,0,0,528000,140000,388000,388000
05501P,健策國票97售01  ,0,0,0,0,0,0,0,0,0,387000,0,0,0,1141000,754000,387000,387000
048665,欣興統一93購07  ,0,0,0,0,0,0,0,0,0,384000,0,0,0,384000,0,384000,384000
06134P,緯穎元富97售03  ,0,0,0,0,0,0,0,0,0,382000,0,0,0,397000,15000,382000,382000
056346,聯茂凱基99購02  ,0,0,0,0,0,0,0,0,0,381000,0,0,0,983000,602000,381000,381000
03253P,台灣50國泰03售02,0,0,0,0,0,0,0,0,0,381000,0,0,0,381000,0,381000,381000
043958,臻鼎元富94購01  ,0,0,0,0,0,0,0,0,0,380000,0,0,0,600000,220000,380000,380000
056657,華邦電元大99購01,0,0,0,0,0,0,0,0,0,378000,0,0,0,386000,8000,378000,378000
053528,南電中信9A購01  ,0,0,0,0,0,0,0,0,0,378000,0,0,0,445000,67000,378000,378000
06695P,群創兆豐98售04  ,0,0,0,0,0,0,0,0,0,378000,0,0,0,406000,28000,378000,378000
056773,晶技元大99購03  ,0,0,0,0,0,0,0,0,0,377000,0,0,0,886000,509000,377000,377000
05759P,智邦永豐96售02  ,0,0,0,0,0,0,0,0,0,373000,0,0,0,563000,190000,373000,373000
056829,台積電富邦9A購01,0,0,0,0,0,0,0,0,0,369000,0,0,0,971000,602000,369000,369000
00656R,國泰中國A50反1  ,385000,0,385000,0,0,0,0,0,0,-18000,0,300000,-300000,554000,272000,282000,367000
050715,台積電群益96購01,0,0,0,0,0,0,0,0,0,366000,0,0,0,1186000,820000,366000,366000
057300,訊連永豐98購01  ,0,0,0,0,0,0,0,0,0,365000,0,0,0,668000,303000,365000,365000
056813,聯茂統一99購01  ,0,0,0,0,0,0,0,0,0,361000,0,0,0,366000,5000,361000,361000
053563,台積電富邦97購01,0,0,0,0,0,0,0,0,0,361000,0,0,0,603000,242000,361000,361000
2504,國產            ,1024000,782000,242000,0,0,0,0,0,0,119000,100000,0,100000,30000,11000,19000,361000
050834,啟碁凱基95購01  ,0,0,0,0,0,0,0,0,0,360000,0,0,0,360000,0,360000,360000
052328,台表科中信99購01,0,0,0,0,0,0,0,0,0,360000,0,0,0,438000,78000,360000,360000
05356P,臺股指元富95售10,0,0,0,0,0,0,0,0,0,360000,0,0,0,360000,0,360000,360000
053470,華邦電元大96購02,0,0,0,0,0,0,0,0,0,360000,0,0,0,1024000,664000,360000,360000
056222,台積電凱基9A購01,0,0,0,0,0,0,0,0,0,359000,0,0,0,482000,123000,359000,359000
050344,鴻海元富96購01  ,0,0,0,0,0,0,0,0,0,359000,0,0,0,518000,159000,359000,359000
053990,晶技兆豐96購01  ,0,0,0,0,0,0,0,0,0,358000,0,0,0,358000,0,358000,358000
057058,祥碩元大98購04  ,0,0,0,0,0,0,0,0,0,356000,0,0,0,510000,154000,356000,356000
051917,瑞儀元大95購01  ,0,0,0,0,0,0,0,0,0,356000,0,0,0,356000,0,356000,356000
006206,元大上證50      ,119000,1000,118000,0,0,0,0,0,0,236000,0,140000,-140000,654000,278000,376000,354000
048792,瑞儀元大94購01  ,0,0,0,0,0,0,0,0,0,354000,0,0,0,354000,0,354000,354000
052929,可成元大96購02  ,0,0,0,0,0,0,0,0,0,353000,0,0,0,627000,274000,353000,353000
057416,T50反1凱基9C購01,0,0,0,0,0,0,0,0,0,351000,0,0,0,402000,51000,351000,351000
046645,技嘉國泰94購01  ,0,0,0,0,0,0,0,0,0,351000,0,0,0,412000,61000,351000,351000
048392,宏碁國票94購01  ,0,0,0,0,0,0,0,0,0,350000,0,0,0,350000,0,350000,350000
053168,晶技群益98購01  ,0,0,0,0,0,0,0,0,0,350000,0,0,0,419000,69000,350000,350000
06046P,健策統一96售03  ,0,0,0,0,0,0,0,0,0,345000,0,0,0,465000,120000,345000,345000
049759,元黃金富邦9A購01,0,0,0,0,0,0,0,0,0,343000,0,0,0,389000,46000,343000,343000
3533,嘉澤            ,351000,269000,82000,0,0,0,312000,138000,174000,85000,15000,14000,1000,87000,3000,84000,341000
049900,台積電元富94購06,0,0,0,0,0,0,0,0,0,340000,0,0,0,403000,63000,340000,340000
055492,華新科元大97購08,0,0,0,0,0,0,0,0,0,339000,0,0,0,624000,285000,339000,339000
05729P,臺股指凱基97售02,0,0,0,0,0,0,0,0,0,338000,0,0,0,408000,70000,338000,338000
05011P,南電國泰96售01  ,0,0,0,0,0,0,0,0,0,338000,0,0,0,623000,285000,338000,338000
049300,南電群益94購01  ,0,0,0,0,0,0,0,0,0,337000,0,0,0,427000,90000,337000,337000
6191,精成科          ,489000,147000,342000,0,0,0,0,2000,-2000,-3000,0,0,0,0,3000,-3000,337000
050784,美律國泰96購01  ,0,0,0,0,0,0,0,0,0,336000,0,0,0,510000,174000,336000,336000
055836,華邦電元大97購04,0,0,0,0,0,0,0,0,0,335000,0,0,0,335000,0,335000,335000
4906,正文            ,574000,361000,213000,0,0,0,0,0,0,122000,6000,12000,-6000,128000,0,128000,335000
052867,晶技凱基96購01  ,0,0,0,0,0,0,0,0,0,334000,0,0,0,363000,29000,334000,334000
051863,技嘉凱基95購01  ,0,0,0,0,0,0,0,0,0,333000,0,0,0,791000,458000,333000,333000
06014P,聯發科富邦97售02,0,0,0,0,0,0,0,0,0,333000,0,0,0,749000,416000,333000,333000
2481,強茂            ,474000,122000,352000,0,0,0,0,0,0,-20000,0,0,0,1000,21000,-20000,332000
056275,國巨國泰98購04  ,0,0,0,0,0,0,0,0,0,331000,0,0,0,451000,120000,331000,331000
04751P,智邦兆豐95售02  ,0,0,0,0,0,0,0,0,0,331000,0,0,0,331000,0,331000,331000
052228,聯發科凱基96購06,0,0,0,0,0,0,0,0,0,331000,0,0,0,419000,88000,331000,331000
057010,景碩中信98購01  ,0,0,0,0,0,0,0,0,0,330000,0,0,0,398000,68000,330000,330000
054672,華新科國泰99購01,0,0,0,0,0,0,0,0,0,330000,0,0,0,512000,182000,330000,330000
047753,景碩元富93購01  ,0,0,0,0,0,0,0,0,0,329000,0,0,0,329000,0,329000,329000
052341,泰鼎凱基96購02  ,0,0,0,0,0,0,0,0,0,329000,0,0,0,481000,152000,329000,329000
049302,聯茂日盛94購01  ,0,0,0,0,0,0,0,0,0,329000,0,0,0,449000,120000,329000,329000
048893,南電元富94購01  ,0,0,0,0,0,0,0,0,0,327000,0,0,0,327000,0,327000,327000
04746P,臺股指元大94售17,0,0,0,0,0,0,0,0,0,326000,0,0,0,720000,394000,326000,326000
050077,臺股指凱基99購02,0,0,0,0,0,0,0,0,0,325000,0,0,0,577000,252000,325000,325000
05721P,全新群益98售02  ,0,0,0,0,0,0,0,0,0,323000,0,0,0,323000,0,323000,323000
05199P,訊芯永豐95售02  ,0,0,0,0,0,0,0,0,0,322000,0,0,0,322000,0,322000,322000
044466,和大群益93購01  ,0,0,0,0,0,0,0,0,0,321000,0,0,0,321000,0,321000,321000
00739,元大MSCI A股    ,1000,6000,-5000,0,0,0,0,0,0,326000,0,0,0,885000,559000,326000,321000
2201,裕隆            ,1732000,1403000,329000,0,0,0,0,0,0,-9000,0,0,0,15000,24000,-9000,320000
057823,神達元大98購01  ,0,0,0,0,0,0,0,0,0,317000,0,0,0,858000,541000,317000,317000
055160,玉晶光元大99購03,0,0,0,0,0,0,0,0,0,317000,0,0,0,868000,551000,317000,317000
056912,臺股指元大99購04,0,0,0,0,0,0,0,0,0,316000,0,0,0,316000,0,316000,316000
055211,A50反1凱基9A購01,0,0,0,0,0,0,0,0,0,316000,0,0,0,371000,55000,316000,316000
053860,台積電元大98購03,0,0,0,0,0,0,0,0,0,315000,0,0,0,432000,117000,315000,315000
055417,健策富邦98購02  ,0,0,0,0,0,0,0,0,0,313000,0,0,0,617000,304000,313000,313000
06475P,牧德永豐98售03  ,0,0,0,0,0,0,0,0,0,313000,0,0,0,313000,0,313000,313000
049785,華新科兆豐95購01,0,0,0,0,0,0,0,0,0,312000,0,0,0,737000,425000,312000,312000
06477P,緯穎國票99售02  ,0,0,0,0,0,0,0,0,0,312000,0,0,0,312000,0,312000,312000
05119P,聯發科國泰96售02,0,0,0,0,0,0,0,0,0,311000,0,0,0,326000,15000,311000,311000
053131,華通國票97購03  ,0,0,0,0,0,0,0,0,0,311000,0,0,0,511000,200000,311000,311000
03266P,寶成國票04售01  ,0,0,0,0,0,0,0,0,0,310000,0,0,0,310000,0,310000,310000
051201,台積電麥證95購02,0,0,0,640000,330000,310000,0,0,0,310000,0,0,0,640000,330000,310000,310000
051435,聯茂元富95購01  ,0,0,0,0,0,0,0,0,0,310000,0,0,0,450000,140000,310000,310000
2501,國建            ,436248,135000,301248,0,0,0,0,0,0,7000,7000,0,7000,0,0,0,308248
054052,日月光元大96購06,0,0,0,0,0,0,0,0,0,308000,0,0,0,348000,40000,308000,308000
054924,景碩凱基98購01  ,0,0,0,0,0,0,0,0,0,308000,0,0,0,620000,312000,308000,308000
057596,聯茂兆豐99購01  ,0,0,0,0,0,0,0,0,0,307000,0,0,0,344000,37000,307000,307000
056446,聯發科凱基98購08,0,0,0,0,0,0,0,0,0,307000,0,0,0,347000,40000,307000,307000
06283P,祥碩永豐97售01  ,0,0,0,0,0,0,0,0,0,307000,0,0,0,407000,100000,307000,307000
2353,宏碁            ,2006000,1724705,281295,0,0,0,0,1000,-1000,25000,0,11000,-11000,37000,1000,36000,305295
055841,南亞科元大97購04,0,0,0,0,0,0,0,0,0,305000,0,0,0,363000,58000,305000,305000
047249,欣興群益93購03  ,0,0,0,0,0,0,0,0,0,305000,0,0,0,305000,0,305000,305000
048891,傳奇元富97購02  ,0,0,0,0,0,0,0,0,0,304000,0,0,0,400000,96000,304000,304000
047869,景碩永豐93購01  ,0,0,0,0,0,0,0,0,0,304000,0,0,0,304000,0,304000,304000
055039,神達富邦99購01  ,0,0,0,0,0,0,0,0,0,304000,0,0,0,413000,109000,304000,304000
051506,台積電元富95購06,0,0,0,0,0,0,0,0,0,303000,0,0,0,1980000,1677000,303000,303000
057326,景碩群益99購02  ,0,0,0,0,0,0,0,0,0,302000,0,0,0,387000,85000,302000,302000
046680,上証反群益95購01,0,0,0,0,0,0,0,0,0,301000,0,0,0,600000,299000,301000,301000
051514,智邦凱基95購05  ,0,0,0,0,0,0,0,0,0,301000,0,0,0,600000,299000,301000,301000
054959,禾伸堂元大98購01,0,0,0,0,0,0,0,0,0,301000,0,0,0,416000,115000,301000,301000
052791,友達兆豐97購01  ,0,0,0,0,0,0,0,0,0,300000,0,0,0,310000,10000,300000,300000
055559,大立光凱基97購09,0,0,0,0,0,0,0,0,0,299000,0,0,0,299000,0,299000,299000
051655,欣興元富95購04  ,0,0,0,0,0,0,0,0,0,298000,0,0,0,298000,0,298000,298000
054981,國巨元富97購02  ,0,0,0,0,0,0,0,0,0,297000,0,0,0,1420000,1123000,297000,297000
04821P,臺股指永豐94售01,0,0,0,0,0,0,0,0,0,296000,0,0,0,296000,0,296000,296000
06257P,臺股指群益97售10,0,0,0,0,0,0,0,0,0,296000,0,0,0,300000,4000,296000,296000
040760,T50反1凱基95購01,0,0,0,0,0,0,0,0,0,295000,0,0,0,295000,0,295000,295000
056007,上銀中信97購02  ,0,0,0,0,0,0,0,0,0,294000,0,0,0,327000,33000,294000,294000
045662,華邦電統一94購02,0,0,0,0,0,0,0,0,0,294000,0,0,0,294000,0,294000,294000
2458,義隆            ,395000,179000,216000,0,0,0,0,0,0,78000,30000,0,30000,50000,2000,48000,294000
054684,裕隆永豐97購01  ,10000,0,10000,0,0,0,0,0,0,283000,0,0,0,377000,94000,283000,293000
055555,全新凱基9A購01  ,0,0,0,0,0,0,0,0,0,292000,0,0,0,303000,11000,292000,292000
4414,如興            ,326000,35000,291000,0,0,0,0,0,0,0,0,0,0,0,0,0,291000
8105,凌巨            ,608000,316000,292000,0,0,0,0,0,0,-1000,0,1000,-1000,0,0,0,291000
1795,美時            ,343000,56000,287000,0,0,0,0,0,0,4000,4000,0,4000,0,0,0,291000
053560,漢唐國泰98購01  ,0,0,0,0,0,0,0,0,0,290000,0,0,0,300000,10000,290000,290000
06072P,牧德永豐97售01  ,0,0,0,0,0,0,0,0,0,290000,0,0,0,306000,16000,290000,290000
052677,景碩富邦97購01  ,0,100000,-100000,0,0,0,0,0,0,389000,0,0,0,537000,148000,389000,289000
4142,國光生          ,1322000,1036000,286000,0,0,0,0,0,0,3000,3000,0,3000,0,0,0,289000
2369,菱生            ,511000,220000,291000,0,0,0,0,0,0,-2000,0,2000,-2000,0,0,0,289000
056175,可成元富97購03  ,0,0,0,0,0,0,0,0,0,288000,0,0,0,298000,10000,288000,288000
053011,鴻海統一98購01  ,0,0,0,0,0,0,0,0,0,288000,0,0,0,288000,0,288000,288000
057806,國巨元大98購20  ,0,0,0,0,0,0,0,0,0,287000,0,0,0,791000,504000,287000,287000
049078,瑞昱凱基94購02  ,0,0,0,0,0,0,0,0,0,287000,0,0,0,460000,173000,287000,287000
054923,晶技凱基98購01  ,50000,0,50000,0,0,0,0,0,0,237000,0,0,0,289000,52000,237000,287000
6558,興能高          ,334000,47000,287000,0,0,0,0,0,0,0,0,0,0,0,0,0,287000
06738P,瑞昱兆豐98售02  ,0,0,0,0,0,0,0,0,0,287000,0,0,0,287000,0,287000,287000
05980P,台積電永昌96售09,0,0,0,0,0,0,0,0,0,285000,0,0,0,4677000,4392000,285000,285000
049054,禾伸堂永豐94購01,0,0,0,0,0,0,0,0,0,284000,0,0,0,284000,0,284000,284000
051987,廣達元大95購01  ,0,0,0,0,0,0,0,0,0,284000,0,0,0,298000,14000,284000,284000
054762,奇力新國票99購01,0,0,0,0,0,0,0,0,0,284000,0,0,0,355000,71000,284000,284000
056082,旺宏統一99購02  ,0,0,0,0,0,0,0,0,0,282000,0,0,0,402000,120000,282000,282000
050693,鴻海凱基96購05  ,0,0,0,0,0,0,0,0,0,282000,0,0,0,287000,5000,282000,282000
054702,智邦第一97購01  ,0,0,0,0,0,0,0,0,0,282000,0,0,0,292000,10000,282000,282000
057687,中502X凱基98購01,0,0,0,0,0,0,0,0,0,280000,0,0,0,500000,220000,280000,280000
056725,鴻海國票99購03  ,0,0,0,0,0,0,0,0,0,280000,0,0,0,300000,20000,280000,280000
04477P,南電元大94售04  ,0,0,0,0,0,0,0,0,0,280000,0,0,0,410000,130000,280000,280000
053791,同欣電元大96購05,0,0,0,0,0,0,0,0,0,280000,0,0,0,292000,12000,280000,280000
056917,國巨兆豐98購03  ,0,0,0,0,0,0,0,0,0,279000,0,0,0,320000,41000,279000,279000
03388P,元油2X元富98售02,0,0,0,0,0,0,0,0,0,279000,0,0,0,309000,30000,279000,279000
03950P,聯發科中信93售03,0,0,0,0,0,0,0,0,0,279000,0,0,0,279000,0,279000,279000
049325,智邦元富94購02  ,0,0,0,0,0,0,0,0,0,279000,0,0,0,279000,0,279000,279000
057557,聯茂凱基99購04  ,0,0,0,0,0,0,0,0,0,278000,0,0,0,559000,281000,278000,278000
053866,景碩元大97購02  ,0,0,0,0,0,0,0,0,0,278000,0,0,0,425000,147000,278000,278000
2375,凱美            ,508000,245000,263000,0,0,0,0,0,0,15000,0,0,0,33000,18000,15000,278000
042953,鴻海台新01購01  ,0,0,0,0,0,0,0,0,0,277000,0,0,0,282000,5000,277000,277000
054342,亞光元富99購01  ,0,0,0,0,0,0,0,0,0,277000,0,0,0,277000,0,277000,277000
044516,景碩凱基93購02  ,0,0,0,0,0,0,0,0,0,276000,0,0,0,424000,148000,276000,276000
055230,大毅國票98購01  ,0,0,0,0,0,0,0,0,0,276000,0,0,0,292000,16000,276000,276000
056192,智邦富邦98購01  ,0,0,0,0,0,0,0,0,0,274000,0,0,0,289000,15000,274000,274000
047421,聯茂富邦97購01  ,0,0,0,0,0,0,0,0,0,274000,0,0,0,1382000,1108000,274000,274000
051405,世芯永豐95購01  ,0,0,0,0,0,0,0,0,0,274000,0,0,0,600000,326000,274000,274000
055976,台積電統一99購03,0,0,0,0,0,0,0,0,0,272000,0,0,0,308000,36000,272000,272000
053306,晶技凱基97購01  ,0,0,0,0,0,0,0,0,0,271000,0,0,0,272000,1000,271000,271000
04589P,祥碩永豐94售01  ,0,0,0,0,0,0,0,0,0,270000,0,0,0,270000,0,270000,270000
041452,滬深2X元富93購01,0,0,0,0,0,0,0,0,0,270000,0,0,0,322000,52000,270000,270000
06237P,台積電元大97售26,0,0,0,0,0,0,0,0,0,270000,0,0,0,315000,45000,270000,270000
06488P,台積電元富98售05,0,0,0,0,0,0,0,0,0,270000,0,0,0,400000,130000,270000,270000
05139P,臺股指凱基95售06,0,0,0,0,0,0,0,0,0,269000,0,0,0,435000,166000,269000,269000
052895,台積電群益96購04,0,0,0,0,0,0,0,0,0,269000,0,0,0,473000,204000,269000,269000
056051,T50反1元大97購05,0,0,0,0,0,0,0,0,0,268000,0,0,0,2099000,1831000,268000,268000
053148,華邦電元大96購01,0,0,0,0,0,0,0,0,0,268000,0,0,0,862000,594000,268000,268000
4137,麗豐-KY         ,294000,34000,260000,0,0,0,0,0,0,8000,0,0,0,8000,0,8000,268000
06085P,義隆台新97售01  ,0,0,0,0,0,0,0,0,0,267000,0,0,0,269000,2000,267000,267000
057668,華新科元大9A購01,0,0,0,0,0,0,0,0,0,266000,0,0,0,479000,213000,266000,266000
056856,華通群益9A購01  ,0,0,0,0,0,0,0,0,0,266000,0,0,0,611000,345000,266000,266000
04598P,光罩凱基94售03  ,0,0,0,0,0,0,0,0,0,266000,0,0,0,266000,0,266000,266000
047433,鴻海元大93購16  ,0,0,0,0,0,0,0,0,0,265000,0,0,0,265000,0,265000,265000
051216,為升元富95購01  ,0,0,0,0,0,0,0,0,0,264000,0,0,0,426000,162000,264000,264000
054552,聯發科凱基98購03,0,0,0,0,0,0,0,0,0,264000,0,0,0,405000,141000,264000,264000
8271,宇瞻            ,362000,99000,263000,0,0,0,0,0,0,0,0,0,0,0,0,0,263000
051735,台積電國票96購06,0,0,0,0,0,0,0,0,0,262000,0,0,0,493000,231000,262000,262000
052882,南電凱基96購02  ,0,0,0,0,0,0,0,0,0,262000,0,0,0,610000,348000,262000,262000
057645,華新科元大99購11,0,0,0,0,0,0,0,0,0,261000,0,0,0,334000,73000,261000,261000
054776,矽創國票98購01  ,0,0,0,0,0,0,0,0,0,261000,0,0,0,261000,0,261000,261000
056310,神達元大97購02  ,0,0,0,0,0,0,0,0,0,260000,0,0,0,470000,210000,260000,260000
04455P,台積電統一94售07,0,0,0,0,0,0,0,0,0,260000,0,0,0,260000,0,260000,260000
051512,超眾麥證95購01  ,0,0,0,260000,0,260000,0,0,0,260000,0,0,0,260000,0,260000,260000
055303,鈺齊元大97購01  ,0,0,0,0,0,0,0,0,0,260000,0,0,0,603000,343000,260000,260000
06489P,台積電元富98售06,0,0,0,0,0,0,0,0,0,260000,0,0,0,260000,0,260000,260000
049092,聯茂凱基94購07  ,0,0,0,0,0,0,0,0,0,259000,0,0,0,380000,121000,259000,259000
05446P,緯穎元大95售04  ,0,0,0,0,0,0,0,0,0,259000,0,0,0,269000,10000,259000,259000
056595,台積電元富98購04,0,0,0,0,0,0,0,0,0,258000,0,0,0,1054000,796000,258000,258000
056647,晶技凱基98購02  ,0,0,0,0,0,0,0,0,0,258000,0,0,0,364000,106000,258000,258000
057595,健鼎兆豐98購01  ,0,0,0,0,0,0,0,0,0,258000,0,0,0,430000,172000,258000,258000
05674P,瑞昱群益96售02  ,0,0,0,0,0,0,0,0,0,258000,0,0,0,291000,33000,258000,258000
044307,GIS兆豐93購01   ,0,0,0,0,0,0,0,0,0,257000,0,0,0,257000,0,257000,257000
054036,T50反1元大96購08,0,0,0,0,0,0,0,0,0,257000,0,0,0,1921000,1664000,257000,257000
1103,嘉泥            ,568001,308000,260001,0,0,0,0,4000,-4000,0,0,0,0,0,0,0,256001
056921,京元電兆豐98購01,0,0,0,0,0,0,0,0,0,256000,0,0,0,258000,2000,256000,256000
052066,華邦電兆豐96購01,0,0,0,0,0,0,0,0,0,256000,0,0,0,464000,208000,256000,256000
052920,景碩台新96購02  ,0,0,0,0,0,0,0,0,0,256000,0,0,0,508000,252000,256000,256000
054972,聯茂元大97購02  ,0,0,0,0,0,0,0,0,0,256000,0,0,0,396000,140000,256000,256000
045021,臺股指中信94購02,0,0,0,0,0,0,0,0,0,255000,0,0,0,255000,0,255000,255000
055994,聯發科國泰99購02,0,0,0,0,0,0,0,0,0,253000,0,0,0,456000,203000,253000,253000
04049P,大立光元大95售02,0,0,0,0,0,0,0,0,0,253000,0,0,0,454000,201000,253000,253000
055319,國巨國票98購03  ,0,0,0,0,0,0,0,0,0,253000,0,0,0,253000,0,253000,253000
052880,台積電凱基96購06,0,0,0,0,0,0,0,0,0,251000,0,0,0,749000,498000,251000,251000
06797P,臺股指凱基98售07,0,0,0,0,0,0,0,0,0,251000,0,0,0,251000,0,251000,251000
06073P,健策永豐97售01  ,0,0,0,0,0,0,0,0,0,251000,0,0,0,251000,0,251000,251000
05725P,嘉聯益永豐96售02,0,0,0,0,0,0,0,0,0,250000,0,0,0,250000,0,250000,250000
050765,鴻海元大96購02  ,0,0,0,0,0,0,0,0,0,250000,0,0,0,1318000,1068000,250000,250000
050166,彩晶國泰95購01  ,0,0,0,0,0,0,0,0,0,250000,0,0,0,250000,0,250000,250000
049292,鴻海群益94購04  ,0,0,0,0,0,0,0,0,0,250000,0,0,0,250000,0,250000,250000
049609,全新兆豐95購01  ,0,0,0,0,0,0,0,0,0,250000,0,0,0,250000,0,250000,250000
05498P,友達元富95售02  ,0,0,0,0,0,0,0,0,0,250000,0,0,0,250000,0,250000,250000
054853,TPK國票98購02   ,0,0,0,0,0,0,0,0,0,250000,0,0,0,250000,0,250000,250000
054166,日電貿凱基98購01,0,0,0,0,0,0,0,0,0,250000,0,0,0,300000,50000,250000,250000
8210,勤誠            ,448000,167000,281000,0,0,0,0,1000,-1000,-30000,17000,60000,-43000,13000,0,13000,250000
055604,訊芯元大98購02  ,0,0,0,0,0,0,0,0,0,249000,0,0,0,295000,46000,249000,249000
048503,百和元大93購02  ,0,0,0,0,0,0,0,0,0,249000,0,0,0,249000,0,249000,249000
051164,鴻海元大95購05  ,0,0,0,0,0,0,0,0,0,249000,0,0,0,249000,0,249000,249000
052121,全新國票96購03  ,0,0,0,0,0,0,0,0,0,249000,0,0,0,249000,0,249000,249000
057460,楠梓電永豐98購03,0,0,0,0,0,0,0,0,0,248000,0,0,0,303000,55000,248000,248000
047719,聯茂凱基94購01  ,0,0,0,0,0,0,0,0,0,247000,0,0,0,259000,12000,247000,247000
052765,新日興群益97購01,0,0,0,0,0,0,0,0,0,246000,0,0,0,313000,67000,246000,246000
051168,訊連元大95購02  ,0,0,0,0,0,0,0,0,0,246000,0,0,0,573000,327000,246000,246000
049583,台積電元大95購04,0,0,0,0,0,0,0,0,0,246000,0,0,0,439000,193000,246000,246000
045101,玉晶光中信94購01,0,0,0,0,0,0,0,0,0,245000,0,0,0,508000,263000,245000,245000
048359,奇鋐永豐93購02  ,0,0,0,0,0,0,0,0,0,245000,0,0,0,245000,0,245000,245000
05035P,聯發科元大95售06,0,0,0,0,0,0,0,0,0,245000,0,0,0,749000,504000,245000,245000
052925,日電貿永豐96購01,0,0,0,0,0,0,0,0,0,245000,0,0,0,254000,9000,245000,245000
051728,道瓊反國票97購01,0,0,0,0,0,0,0,0,0,244000,0,0,0,244000,0,244000,244000
050884,聯茂國泰96購01  ,0,0,0,0,0,0,0,0,0,244000,0,0,0,306000,62000,244000,244000
053243,楠梓電國票97購02,0,0,0,0,0,0,0,0,0,244000,0,0,0,244000,0,244000,244000
054473,鴻海中信96購02  ,0,0,0,0,0,0,0,0,0,244000,0,0,0,402000,158000,244000,244000
06496P,台灣50日盛98售01,0,0,0,0,0,0,0,0,0,244000,0,0,0,1384000,1140000,244000,244000
054455,楠梓電群益98購02,0,0,0,0,0,0,0,0,0,243000,0,0,0,284000,41000,243000,243000
055287,日電貿元大97購01,0,0,0,0,0,0,0,0,0,242000,0,0,0,395000,153000,242000,242000
3682,亞太電          ,449000,207000,242000,0,0,0,0,0,0,0,0,0,0,0,0,0,242000
047629,深中小元大96購01,0,0,0,0,0,0,0,0,0,241000,0,0,0,471000,230000,241000,241000
050463,百和元大94購04  ,0,0,0,0,0,0,0,0,0,241000,0,0,0,455000,214000,241000,241000
04924P,元油2X元大94售12,0,0,0,0,0,0,0,0,0,241000,0,0,0,241000,0,241000,241000
05650P,台積電富邦96售01,0,0,0,0,0,0,0,0,0,240000,0,0,0,310000,70000,240000,240000
047972,康控富邦95購01  ,0,0,0,0,0,0,0,0,0,240000,0,0,0,290000,50000,240000,240000
052669,群創群益98購06  ,0,0,0,0,0,0,0,0,0,240000,0,0,0,427000,187000,240000,240000
055232,泰碩國票98購01  ,0,0,0,0,0,0,0,0,0,240000,0,0,0,319000,79000,240000,240000
3005,神基            ,275000,223000,52000,0,0,0,1000,1000,0,188000,150000,4000,146000,72000,30000,42000,240000
06229P,欣興凱基97售07  ,0,0,0,0,0,0,0,0,0,239000,0,0,0,430000,191000,239000,239000
051195,台郡中信95購01  ,0,0,0,0,0,0,0,0,0,238000,0,0,0,248000,10000,238000,238000
049889,欣興國泰96購01  ,0,0,0,0,0,0,0,0,0,237000,0,0,0,509000,272000,237000,237000
054767,日電貿國票98購01,0,0,0,0,0,0,0,0,0,236000,0,0,0,306000,70000,236000,236000
06421P,嘉澤統一97售02  ,0,0,0,0,0,0,0,0,0,236000,0,0,0,247000,11000,236000,236000
055654,景碩元富97購01  ,0,0,0,0,0,0,0,0,0,235000,0,0,0,239000,4000,235000,235000
05685P,臺股指元大96售10,0,0,0,0,0,0,0,0,0,235000,0,0,0,285000,50000,235000,235000
00636,國泰中國A50     ,573000,0,573000,0,0,0,0,0,0,-338000,40000,40000,0,1091000,1429000,-338000,235000
056362,聯發科元大99購01,0,0,0,0,0,0,0,0,0,234000,0,0,0,437000,203000,234000,234000
06228P,亞德客凱基97售04,0,0,0,0,0,0,0,0,0,234000,0,0,0,240000,6000,234000,234000
04198P,滬深2X群益95售04,0,0,0,0,0,0,0,0,0,233000,0,0,0,295000,62000,233000,233000
049950,南亞科群益94購02,0,0,0,0,0,0,0,0,0,233000,0,0,0,283000,50000,233000,233000
056345,嘉聯益凱基99購01,0,0,0,0,0,0,0,0,0,232000,0,0,0,232000,0,232000,232000
04687P,全新凱基94售02  ,0,0,0,0,0,0,0,0,0,232000,0,0,0,232000,0,232000,232000
051390,京元電兆豐95購01,0,0,0,0,0,0,0,0,0,232000,0,0,0,242000,10000,232000,232000
055450,台積電元富97購01,0,0,0,0,0,0,0,0,0,231000,0,0,0,1424000,1193000,231000,231000
057434,國巨國票99購03  ,0,0,0,0,0,0,0,0,0,231000,0,0,0,434000,203000,231000,231000
053239,崇越永豐96購01  ,0,0,0,0,0,0,0,0,0,231000,0,0,0,231000,0,231000,231000
06100P,台積電日盛97售03,0,0,0,0,0,0,0,0,0,231000,0,0,0,924000,693000,231000,231000
2108,南帝            ,263000,31000,232000,0,0,0,0,1000,-1000,0,0,0,0,0,0,0,231000
4967,十銓            ,547000,258000,289000,0,0,0,0,0,0,-58000,0,58000,-58000,0,0,0,231000
05197P,智原永豐95售02  ,0,0,0,0,0,0,0,0,0,230000,0,0,0,230000,0,230000,230000
049884,訊芯永豐94購01  ,0,0,0,0,0,0,0,0,0,230000,0,0,0,430000,200000,230000,230000
055801,景碩永豐97購02  ,0,0,0,0,0,0,0,0,0,229000,0,0,0,284000,55000,229000,229000
04742P,瑞昱統一94售01  ,0,0,0,0,0,0,0,0,0,229000,0,0,0,279000,50000,229000,229000
044439,南電元大93購01  ,0,0,0,0,0,0,0,0,0,229000,0,0,0,250000,21000,229000,229000
051730,為升國票96購02  ,0,0,0,0,0,0,0,0,0,229000,0,0,0,239000,10000,229000,229000
050603,致新國泰96購01  ,0,0,0,0,0,0,0,0,0,229000,0,0,0,455000,226000,229000,229000
053917,友達國票97購03  ,0,0,0,0,0,0,0,0,0,229000,0,0,0,382000,153000,229000,229000
053792,百和元大96購01  ,0,0,0,0,0,0,0,0,0,229000,0,0,0,505000,276000,229000,229000
053596,嘉澤元大96購01  ,0,0,0,0,0,0,0,0,0,228000,0,0,0,467000,239000,228000,228000
054926,神達凱基98購01  ,0,0,0,0,0,0,0,0,0,228000,0,0,0,487000,259000,228000,228000
2340,光磊            ,295000,130000,165000,0,0,0,0,1000,-1000,63000,12000,4000,8000,133000,78000,55000,227000
049560,香港反統一95購01,0,0,0,0,0,0,0,0,0,226000,0,0,0,226000,0,226000,226000
053358,晶技統一98購01  ,0,0,0,0,0,0,0,0,0,226000,0,0,0,382000,156000,226000,226000
01004T,土銀富邦R2      ,4240,0,4240,0,0,0,0,0,0,221000,221000,0,221000,0,0,0,225240
048002,景碩元大93購04  ,0,0,0,0,0,0,0,0,0,225000,0,0,0,244000,19000,225000,225000
053401,臺股指中信99購01,0,0,0,0,0,0,0,0,0,225000,0,0,0,335000,110000,225000,225000
06579P,臺股指麥證98售03,0,0,0,225000,0,225000,0,0,0,225000,0,0,0,225000,0,225000,225000
06395P,台積電元大97售29,0,0,0,0,0,0,0,0,0,225000,0,0,0,285000,60000,225000,225000
056011,矽力中信99購01  ,0,0,0,0,0,0,0,0,0,224000,0,0,0,346000,122000,224000,224000
053931,楠梓電統一96購01,0,0,0,0,0,0,0,0,0,224000,0,0,0,228000,4000,224000,224000
051305,訊連凱基96購01  ,0,0,0,0,0,0,0,0,0,223000,0,0,0,304000,81000,223000,223000
052150,台積電富邦95購07,0,0,0,0,0,0,0,0,0,223000,0,0,0,300000,77000,223000,223000
053582,英業達元大97購01,0,0,0,0,0,0,0,0,0,223000,0,0,0,266000,43000,223000,223000
053019,禾伸堂元富96購01,0,0,0,0,0,0,0,0,0,223000,0,0,0,306000,83000,223000,223000
8110,華東            ,221000,32000,189000,0,0,0,0,5000,-5000,39000,53000,14000,39000,0,0,0,223000
057478,智邦元大99購01  ,0,0,0,0,0,0,0,0,0,222000,0,0,0,388000,166000,222000,222000
03875P,滬深2X國票05售01,0,0,0,0,0,0,0,0,0,222000,0,0,0,222000,0,222000,222000
049837,臺股指凱基96購02,0,0,0,0,0,0,0,0,0,222000,0,0,0,222000,0,222000,222000
049446,為升統一94購01  ,0,0,0,0,0,0,0,0,0,222000,0,0,0,338000,116000,222000,222000
052936,華通兆豐98購01  ,0,0,0,0,0,0,0,0,0,222000,0,0,0,226000,4000,222000,222000
6670,復盛應用        ,355000,169000,186000,0,0,0,26000,20000,6000,29000,30000,1000,29000,0,0,0,221000
1229,聯華            ,436000,182338,253662,0,0,0,0,3000,-3000,-30000,0,30000,-30000,0,0,0,220662
056147,鴻海日盛97購05  ,0,0,0,0,0,0,0,0,0,220000,0,0,0,220000,0,220000,220000
048391,友訊國票94購01  ,0,0,0,0,0,0,0,0,0,220000,0,0,0,281000,61000,220000,220000
05090P,國巨元大95售05  ,0,0,0,0,0,0,0,0,0,220000,0,0,0,330000,110000,220000,220000
053801,台積電凱基96購18,0,0,0,0,0,0,0,0,0,220000,0,0,0,242000,22000,220000,220000
053950,緯穎富邦97購02  ,0,0,0,0,0,0,0,0,0,220000,0,0,0,250000,30000,220000,220000
053865,欣興元大97購02  ,0,0,0,0,0,0,0,0,0,220000,0,0,0,239000,19000,220000,220000
047783,聯茂國泰94購02  ,0,0,0,0,0,0,0,0,0,219000,0,0,0,242000,23000,219000,219000
052182,鴻海群益96購01  ,0,0,0,0,0,0,0,0,0,218000,0,0,0,287000,69000,218000,218000
054982,國巨元富97購03  ,0,0,0,0,0,0,0,0,0,218000,0,0,0,1461000,1243000,218000,218000
052231,景碩凱基96購01  ,0,0,0,0,0,0,0,0,0,217000,0,0,0,229000,12000,217000,217000
050132,日電貿凱基94購02,0,0,0,0,0,0,0,0,0,217000,0,0,0,400000,183000,217000,217000
051953,矽力元富95購03  ,0,0,0,0,0,0,0,0,0,217000,0,0,0,280000,63000,217000,217000
055225,華邦電國票99購01,0,0,0,0,0,0,0,0,0,217000,0,0,0,330000,113000,217000,217000
054158,國巨日盛99購01  ,0,0,0,0,0,0,0,0,0,217000,0,0,0,274000,57000,217000,217000
06217P,鴻海元富97售05  ,0,0,0,0,0,0,0,0,0,217000,0,0,0,250000,33000,217000,217000
056344,嘉晶凱基98購02  ,0,0,0,0,0,0,0,0,0,216000,0,0,0,402000,186000,216000,216000
056710,漢唐永豐98購01  ,0,0,0,0,0,0,0,0,0,216000,0,0,0,354000,138000,216000,216000
044864,道瓊反國票96購01,0,0,0,0,0,0,0,0,0,216000,0,0,0,216000,0,216000,216000
049509,台達電凱基94購07,0,0,0,0,0,0,0,0,0,216000,0,0,0,216000,0,216000,216000
054495,滬深2X永豐97購02,0,0,0,0,0,0,0,0,0,216000,0,0,0,216000,0,216000,216000
06118P,上証2X凱基98售03,0,0,0,0,0,0,0,0,0,216000,0,0,0,316000,100000,216000,216000
8112,至上            ,310000,129000,181000,0,0,0,3000,2000,1000,34000,10000,0,10000,24000,0,24000,216000
053892,景碩群益96購02  ,0,0,0,0,0,0,0,0,0,215000,0,0,0,279000,64000,215000,215000
056908,牧德元大99購03  ,0,0,0,0,0,0,0,0,0,214000,0,0,0,230000,16000,214000,214000
055398,超眾統一97購03  ,0,0,0,0,0,0,0,0,0,214000,0,0,0,215000,1000,214000,214000
052003,泰碩國泰97購02  ,0,0,0,0,0,0,0,0,0,213000,0,0,0,381000,168000,213000,213000
2426,鼎元            ,229000,16000,213000,0,0,0,0,0,0,0,0,0,0,0,0,0,213000
2812,台中銀          ,1394000,1193732,200268,0,0,0,14000,2000,12000,0,0,0,0,0,0,0,212268
042912,凌陽元大94購01  ,0,0,0,0,0,0,0,0,0,212000,0,0,0,212000,0,212000,212000
052793,健鼎兆豐96購01  ,0,0,0,0,0,0,0,0,0,212000,0,0,0,213000,1000,212000,212000
05570P,聯發科統一96售04,0,0,0,0,0,0,0,0,0,211000,0,0,0,231000,20000,211000,211000
043909,台光電凱基93購01,0,0,0,0,0,0,0,0,0,210000,0,0,0,210000,0,210000,210000
06394P,台積電元大97售28,0,0,0,0,0,0,0,0,0,210000,0,0,0,240000,30000,210000,210000
05683P,矽創元大96售01  ,0,0,0,0,0,0,0,0,0,209000,0,0,0,209000,0,209000,209000
057309,南茂兆豐99購01  ,0,0,0,0,0,0,0,0,0,209000,0,0,0,464000,255000,209000,209000
052352,力成元富95購01  ,0,0,0,0,0,0,0,0,0,209000,0,0,0,209000,0,209000,209000
050894,旺宏元大96購03  ,0,0,0,0,0,0,0,0,0,209000,0,0,0,209000,0,209000,209000
046573,上緯控國泰94購01,0,0,0,0,0,0,0,0,0,208000,0,0,0,210000,2000,208000,208000
048762,寶齡凱基94購01  ,0,0,0,0,0,0,0,0,0,208000,0,0,0,211000,3000,208000,208000
053188,旺宏統一97購03  ,0,0,0,0,0,0,0,0,0,208000,0,0,0,208000,0,208000,208000
053045,國巨中信97購01  ,0,0,0,0,0,0,0,0,0,207000,0,0,0,262000,55000,207000,207000
1313,聯成            ,445000,239000,206000,0,0,0,0,2000,-2000,3000,3000,0,3000,0,0,0,207000
055462,華邦電日盛97購01,0,0,0,0,0,0,0,0,0,206000,0,0,0,431000,225000,206000,206000
047716,晶技凱基93購03  ,0,0,0,0,0,0,0,0,0,206000,0,0,0,293000,87000,206000,206000
00651R,FH香港反1       ,5000,0,5000,0,0,0,0,0,0,201000,0,0,0,765000,564000,201000,206000
053890,華新科群益98購01,0,0,0,0,0,0,0,0,0,206000,0,0,0,206000,0,206000,206000
057063,立積國泰9A購01  ,0,0,0,0,0,0,0,0,0,204000,0,0,0,331000,127000,204000,204000
055107,旺宏凱基98購04  ,0,0,0,0,0,0,0,0,0,204000,0,0,0,322000,118000,204000,204000
06821P,臺股指元富98售10,0,0,0,0,0,0,0,0,0,204000,0,0,0,213000,9000,204000,204000
053415,聯茂國票97購01  ,0,0,0,0,0,0,0,0,0,203000,0,0,0,355000,152000,203000,203000
06367P,台積電凱基97售14,0,0,0,0,0,0,0,0,0,202000,0,0,0,1012000,810000,202000,202000
055308,聯發科群益97購04,0,0,0,0,0,0,0,0,0,201000,0,0,0,316000,115000,201000,201000
06655P,TPK元大98售02   ,0,0,0,0,0,0,0,0,0,201000,0,0,0,221000,20000,201000,201000
3016,嘉晶            ,605000,286000,319000,0,0,0,0,0,0,-118000,0,11000,-11000,81000,188000,-107000,201000
057131,奇力新凱基98購05,0,0,0,0,0,0,0,0,0,200000,0,0,0,200000,0,200000,200000
057792,群創統一99購01  ,0,0,0,0,0,0,0,0,0,200000,0,0,0,200000,0,200000,200000
055835,華邦電元大97購03,0,0,0,0,0,0,0,0,0,200000,0,0,0,200000,0,200000,200000
03454P,台積電凱基03售14,0,0,0,0,0,0,0,0,0,200000,0,0,0,200000,0,200000,200000
045168,欣興中信93購02  ,0,0,0,0,0,0,0,0,0,200000,0,0,0,200000,0,200000,200000
04738P,揚明光永豐94售03,0,0,0,0,0,0,0,0,0,200000,0,0,0,200000,0,200000,200000
047542,華通凱基94購02  ,0,0,0,0,0,0,0,0,0,200000,0,0,0,200000,0,200000,200000
050762,楠梓電元大94購02,0,0,0,0,0,0,0,0,0,200000,0,0,0,200000,0,200000,200000
05133P,臺股指日盛95售01,0,0,0,0,0,0,0,0,0,200000,0,0,0,400000,200000,200000,200000
050437,聯詠凱基94購04  ,0,0,0,0,0,0,0,0,0,200000,0,0,0,250000,50000,200000,200000
049892,國巨富邦96購01  ,0,0,0,0,0,0,0,0,0,200000,0,0,0,200000,0,200000,200000
05474P,智邦亞東95售01  ,0,0,0,0,0,0,0,0,0,200000,0,0,0,200000,0,200000,200000
04808P,訊芯永豐94售02  ,0,0,0,0,0,0,0,0,0,199000,0,0,0,199000,0,199000,199000
048768,景碩凱基94購02  ,0,0,0,0,0,0,0,0,0,199000,0,0,0,200000,1000,199000,199000
06230P,亞德客永豐97售03,0,0,0,0,0,0,0,0,0,199000,0,0,0,204000,5000,199000,199000
05889P,群創元大98售02  ,0,0,0,0,0,0,0,0,0,199000,0,0,0,239000,40000,199000,199000
055720,宏達電元大97購05,0,0,0,0,0,0,0,0,0,198000,0,0,0,200000,2000,198000,198000
049234,可成統一94購02  ,0,0,0,0,0,0,0,0,0,198000,0,0,0,309000,111000,198000,198000
054623,華新科第一97購01,0,0,0,0,0,0,0,0,0,198000,0,0,0,493000,295000,198000,198000
052922,國巨永豐96購01  ,0,0,0,0,0,0,0,0,0,198000,0,0,0,333000,135000,198000,198000
04696P,亞德客國泰95售02,0,0,0,0,0,0,0,0,0,197000,0,0,0,502000,305000,197000,197000
051032,南電元富95購01  ,0,0,0,0,0,0,0,0,0,197000,0,0,0,247000,50000,197000,197000
049903,大立光元富94購06,0,0,0,0,0,0,0,0,0,197000,0,0,0,200000,3000,197000,197000
047408,嘉晶統一95購01  ,0,0,0,0,0,0,0,0,0,196000,0,0,0,246000,50000,196000,196000
6412,群電            ,395000,201000,194000,0,0,0,0,0,0,2000,0,0,0,4000,2000,2000,196000
048747,華通元富97購01  ,0,0,0,0,0,0,0,0,0,195000,0,0,0,198000,3000,195000,195000
049688,台光電元大94購04,0,0,0,0,0,0,0,0,0,195000,0,0,0,204000,9000,195000,195000
054387,台積電統一98購02,0,0,0,0,0,0,0,0,0,195000,0,0,0,195000,0,195000,195000
05040P,聯發科凱基95售05,0,0,0,0,0,0,0,0,0,194000,0,0,0,194000,0,194000,194000
046848,和大元大93購01  ,0,0,0,0,0,0,0,0,0,193000,0,0,0,193000,0,193000,193000
050691,楠梓電凱基96購01,0,0,0,0,0,0,0,0,0,193000,0,0,0,293000,100000,193000,193000
051653,南電永豐95購02  ,0,0,0,0,0,0,0,0,0,193000,0,0,0,193000,0,193000,193000
05204P,TPK元大95售03   ,0,0,0,0,0,0,0,0,0,193000,0,0,0,274000,81000,193000,193000
053696,日月光元大96購05,0,0,0,0,0,0,0,0,0,193000,0,0,0,200000,7000,193000,193000
2419,仲琦            ,214000,21000,193000,0,0,0,0,0,0,0,0,0,0,0,0,0,193000
6278,台表科          ,649000,514237,134763,0,0,0,54000,230000,-176000,234000,204000,55000,149000,106000,21000,85000,192763
047722,南電凱基94購02  ,0,0,0,0,0,0,0,0,0,192000,0,0,0,252000,60000,192000,192000
043231,鴻海中信95購01  ,0,0,0,0,0,0,0,0,0,192000,0,0,0,470000,278000,192000,192000
04177P,富邦金元大94售01,0,0,0,0,0,0,0,0,0,192000,0,0,0,193000,1000,192000,192000
051227,技嘉群益97購01  ,0,0,0,0,0,0,0,0,0,192000,0,0,0,457000,265000,192000,192000
06486P,麗豐元大98售02  ,0,0,0,0,0,0,0,0,0,192000,0,0,0,192000,0,192000,192000
057422,欣興凱基98購04  ,0,0,0,0,0,0,0,0,0,191000,0,0,0,201000,10000,191000,191000
044402,景碩凱基93購01  ,0,0,0,0,0,0,0,0,0,191000,0,0,0,285000,94000,191000,191000
050493,聯發科永昌96購01,0,0,0,0,0,0,0,0,0,191000,0,0,0,390000,199000,191000,191000
050614,聯發科元大95購04,0,0,0,0,0,0,0,0,0,191000,0,0,0,406000,215000,191000,191000
052068,瑞儀兆豐96購01  ,0,0,0,0,0,0,0,0,0,191000,0,0,0,292000,101000,191000,191000
054540,泰鼎國票99購01  ,0,0,0,0,0,0,0,0,0,191000,0,0,0,209000,18000,191000,191000
056920,友達兆豐98購02  ,0,0,0,0,0,0,0,0,0,190000,0,0,0,200000,10000,190000,190000
04550P,超眾元大94售01  ,0,0,0,0,0,0,0,0,0,190000,0,0,0,200000,10000,190000,190000
046980,智邦兆豐94購01  ,0,0,0,0,0,0,0,0,0,190000,0,0,0,190000,0,190000,190000
051309,卜蜂麥證95購01  ,0,0,0,190000,0,190000,0,0,0,190000,0,0,0,190000,0,190000,190000
051517,可成凱基95購08  ,0,0,0,0,0,0,0,0,0,190000,0,0,0,190000,0,190000,190000
055709,深中小元大97購03,0,0,0,0,0,0,0,0,0,189000,0,0,0,230000,41000,189000,189000
055977,南亞科統一97購01,0,0,0,0,0,0,0,0,0,189000,0,0,0,237000,48000,189000,189000
048370,可成統一93購04  ,0,0,0,0,0,0,0,0,0,189000,0,0,0,239000,50000,189000,189000
051638,聯茂國票96購01  ,0,0,0,0,0,0,0,0,0,189000,0,0,0,189000,0,189000,189000
054192,國巨中信98購01  ,0,0,0,0,0,0,0,0,0,189000,0,0,0,251000,62000,189000,189000
06795P,臺股指凱基98售05,0,0,0,0,0,0,0,0,0,189000,0,0,0,189000,0,189000,189000
055534,晶技群益97購03  ,0,0,0,0,0,0,0,0,0,188000,0,0,0,355000,167000,188000,188000
04886P,臺股指凱基94售20,0,0,0,0,0,0,0,0,0,188000,0,0,0,188000,0,188000,188000
048889,牧德元富94購03  ,0,0,0,0,0,0,0,0,0,188000,0,0,0,188000,0,188000,188000
044602,大立光國泰93購01,0,0,0,0,0,0,0,0,0,188000,0,0,0,198000,10000,188000,188000
3030,德律            ,213000,24000,189000,0,0,0,0,1000,-1000,0,0,0,0,0,0,0,188000
05603P,聯發科元大96售09,0,0,0,0,0,0,0,0,0,187000,0,0,0,290000,103000,187000,187000
052617,景碩國泰98購01  ,0,0,0,0,0,0,0,0,0,187000,0,0,0,197000,10000,187000,187000
052955,國巨日盛96購01  ,0,0,0,0,0,0,0,0,0,187000,0,0,0,193000,6000,187000,187000
06798P,臺股指凱基98售08,0,0,0,0,0,0,0,0,0,187000,0,0,0,187000,0,187000,187000
06652P,長榮航元大98售01,0,0,0,0,0,0,0,0,0,187000,0,0,0,207000,20000,187000,187000
06164P,臺股指凱基97售04,0,0,0,0,0,0,0,0,0,186000,0,0,0,187000,1000,186000,186000
057263,可成兆豐99購01  ,0,0,0,0,0,0,0,0,0,185000,0,0,0,245000,60000,185000,185000
03828P,致茂中信95售01  ,0,0,0,0,0,0,0,0,0,185000,0,0,0,185000,0,185000,185000
06278P,臺股指凱基97售10,0,0,0,0,0,0,0,0,0,185000,0,0,0,193000,8000,185000,185000
06310P,精元元富97售02  ,0,0,0,0,0,0,0,0,0,185000,0,0,0,205000,20000,185000,185000
06793P,臺股指凱基98售03,0,0,0,0,0,0,0,0,0,185000,0,0,0,185000,0,185000,185000
057328,京鼎群益99購02  ,0,0,0,0,0,0,0,0,0,184000,0,0,0,300000,116000,184000,184000
05584P,臺股指凱基96售13,0,0,0,0,0,0,0,0,0,184000,0,0,0,234000,50000,184000,184000
056656,華邦電元大98購02,0,0,0,0,0,0,0,0,0,184000,0,0,0,336000,152000,184000,184000
047910,全新麥證94購01  ,0,0,0,192000,8000,184000,0,0,0,184000,0,0,0,192000,8000,184000,184000
054643,上証2X群益9B購01,0,0,0,0,0,0,0,0,0,184000,0,0,0,486000,302000,184000,184000
05632P,大立光群益96售02,0,0,0,0,0,0,0,0,0,183000,0,0,0,183000,0,183000,183000
047885,元金2X富邦99購01,0,0,0,0,0,0,0,0,0,183000,0,0,0,526000,343000,183000,183000
050792,可成富邦96購01  ,0,0,0,0,0,0,0,0,0,183000,0,0,0,346000,163000,183000,183000
2342,茂矽            ,826000,643000,183000,0,0,0,0,0,0,0,0,0,0,0,0,0,183000
056525,T50反1凱基99購06,0,0,0,0,0,0,0,0,0,182000,0,0,0,182000,0,182000,182000
05062P,大立光富邦98售03,0,0,0,0,0,0,0,0,0,182000,0,0,0,205000,23000,182000,182000
055342,鴻海凱基97購04  ,0,0,0,0,0,0,0,0,0,182000,0,0,0,185000,3000,182000,182000
06668P,祥碩凱基98售02  ,0,0,0,0,0,0,0,0,0,182000,0,0,0,347000,165000,182000,182000
053779,台光電元大96購02,0,0,0,0,0,0,0,0,0,181000,0,0,0,221000,40000,181000,181000
048032,可成凱基93購13  ,0,0,0,0,0,0,0,0,0,180000,0,0,0,180000,0,180000,180000
048644,華固元大93購01  ,0,0,0,0,0,0,0,0,0,180000,0,0,0,197000,17000,180000,180000
046531,臻鼎兆豐92購02  ,0,0,0,0,0,0,0,0,0,180000,0,0,0,180000,0,180000,180000
052597,茂林群益96購01  ,0,0,0,0,0,0,0,0,0,180000,0,0,0,245000,65000,180000,180000
052652,台虹永豐96購01  ,0,0,0,0,0,0,0,0,0,180000,0,0,0,180000,0,180000,180000
052282,宏達電凱基95購05,0,0,0,0,0,0,0,0,0,180000,0,0,0,223000,43000,180000,180000
05164P,南亞科元富95售04,0,0,0,0,0,0,0,0,0,180000,0,0,0,180000,0,180000,180000
053387,緯創元大97購01  ,0,0,0,0,0,0,0,0,0,180000,0,0,0,180000,0,180000,180000
05438P,康控永豐95售05  ,0,0,0,0,0,0,0,0,0,180000,0,0,0,180000,0,180000,180000
06361P,聯發科群益97售06,0,0,0,0,0,0,0,0,0,180000,0,0,0,305000,125000,180000,180000
057437,可成國票99購01  ,0,0,0,0,0,0,0,0,0,179000,0,0,0,201000,22000,179000,179000
057552,禾伸堂凱基98購05,0,0,0,0,0,0,0,0,0,179000,0,0,0,256000,77000,179000,179000
054488,禾伸堂台新96購01,0,0,0,0,0,0,0,0,0,179000,0,0,0,209000,30000,179000,179000
057791,可成統一99購01  ,0,0,0,0,0,0,0,0,0,178000,0,0,0,200000,22000,178000,178000
057180,華新科元大99購08,0,0,0,0,0,0,0,0,0,178000,0,0,0,463000,285000,178000,178000
048778,聯茂凱基94購04  ,0,0,0,0,0,0,0,0,0,178000,0,0,0,184000,6000,178000,178000
049457,彩晶統一94購02  ,0,0,0,0,0,0,0,0,0,178000,0,0,0,178000,0,178000,178000
052749,日月光元大96購02,0,0,0,0,0,0,0,0,0,178000,0,0,0,228000,50000,178000,178000
050202,建準群益95購01  ,0,0,0,0,0,0,0,0,0,178000,0,0,0,191000,13000,178000,178000
057708,臺股指群益98購08,0,0,0,0,0,0,0,0,0,177000,0,0,0,187000,10000,177000,177000
057295,可成永豐98購02  ,0,0,0,0,0,0,0,0,0,177000,0,0,0,201000,24000,177000,177000
03413B,臺股指凱基94熊19,0,27000,-27000,0,0,0,0,0,0,204000,0,0,0,1635000,1431000,204000,177000
051000,台郡元大96購01  ,0,0,0,0,0,0,0,0,0,177000,0,0,0,216000,39000,177000,177000
051118,台塑群益95購01  ,0,0,0,0,0,0,0,0,0,177000,0,0,0,177000,0,177000,177000
053383,京元電元大97購01,0,0,0,0,0,0,0,0,0,177000,0,0,0,186000,9000,177000,177000
2867,三商壽          ,819000,602000,217000,0,0,0,0,0,0,-40000,0,40000,-40000,0,0,0,177000
057813,京元電元大98購03,0,0,0,0,0,0,0,0,0,176000,0,0,0,226000,50000,176000,176000
056173,廣達元富97購01  ,0,0,0,0,0,0,0,0,0,176000,0,0,0,235000,59000,176000,176000
048462,南電凱基93購06  ,0,0,0,0,0,0,0,0,0,176000,0,0,0,176000,0,176000,176000
050964,晶技永豐95購02  ,0,0,0,0,0,0,0,0,0,176000,0,0,0,208000,32000,176000,176000
051490,世芯凱基96購01  ,0,0,0,0,0,0,0,0,0,176000,0,0,0,190000,14000,176000,176000
05766P,A50正2凱基99售01,0,0,0,0,0,0,0,0,0,175000,0,0,0,424000,249000,175000,175000
057566,欣興富邦99購01  ,0,0,0,0,0,0,0,0,0,175000,0,0,0,201000,26000,175000,175000
053351,A50正2兆豐97購01,0,0,0,0,0,0,0,0,0,175000,0,0,0,175000,0,175000,175000
053055,聯詠國票97購01  ,0,0,0,0,0,0,0,0,0,175000,0,0,0,248000,73000,175000,175000
056502,A50正2永豐98購01,0,0,0,0,0,0,0,0,0,174000,0,0,0,248000,74000,174000,174000
046953,嘉聯益國票94購01,0,0,0,0,0,0,0,0,0,174000,0,0,0,174000,0,174000,174000
04366P,全新元富95售01  ,0,0,0,0,0,0,0,0,0,174000,0,0,0,269000,95000,174000,174000
044013,友達凱基93購01  ,0,0,0,0,0,0,0,0,0,174000,0,0,0,180000,6000,174000,174000
051633,可成國票96購03  ,0,0,0,0,0,0,0,0,0,174000,0,0,0,268000,94000,174000,174000
056111,力成永豐97購01  ,0,0,0,0,0,0,0,0,0,173000,0,0,0,310000,137000,173000,173000
049153,大立光元大96購02,0,0,0,0,0,0,0,0,0,173000,0,0,0,190000,17000,173000,173000
055102,上銀凱基98購01  ,0,0,0,0,0,0,0,0,0,173000,0,0,0,240000,67000,173000,173000
4919,新唐            ,112000,54000,58000,0,0,0,0,0,0,115000,0,0,0,120000,5000,115000,173000
055439,台表科國票98購02,0,0,0,0,0,0,0,0,0,172000,0,0,0,337000,165000,172000,172000
055244,國巨統一98購01  ,0,0,0,0,0,0,0,0,0,172000,0,0,0,181000,9000,172000,172000
06607P,友達台新98售02  ,0,0,0,0,0,0,0,0,0,172000,0,0,0,172000,0,172000,172000
051058,景碩群益96購01  ,0,0,0,0,0,0,0,0,0,171000,0,0,0,231000,60000,171000,171000
053404,致新群益96購01  ,0,0,0,0,0,0,0,0,0,171000,0,0,0,222000,51000,171000,171000
055459,建準永豐97購03  ,0,0,0,0,0,0,0,0,0,170000,0,0,0,170000,0,170000,170000
049185,南電凱基94購03  ,0,0,0,0,0,0,0,0,0,170000,0,0,0,171000,1000,170000,170000
051001,緯穎元大96購02  ,0,0,0,0,0,0,0,0,0,170000,0,0,0,185000,15000,170000,170000
053455,台光電元富96購02,0,0,0,0,0,0,0,0,0,170000,0,0,0,520000,350000,170000,170000
053940,康友元富96購01  ,0,0,0,0,0,0,0,0,0,170000,0,0,0,185000,15000,170000,170000
048233,南電凱基93購05  ,0,0,0,0,0,0,0,0,0,169000,0,0,0,189000,20000,169000,169000
051623,和碩凱基96購02  ,0,0,0,0,0,0,0,0,0,169000,0,0,0,175000,6000,169000,169000
051895,聯茂元富95購02  ,0,0,0,0,0,0,0,0,0,169000,0,0,0,197000,28000,169000,169000
052316,台積電元大96購10,0,0,0,0,0,0,0,0,0,169000,0,0,0,361000,192000,169000,169000
053051,楠梓電國票97購01,0,0,0,0,0,0,0,0,0,169000,0,0,0,262000,93000,169000,169000
054967,神達元大97購01  ,0,0,0,0,0,0,0,0,0,169000,0,0,0,211000,42000,169000,169000
057399,滬深反群益9C購01,0,0,0,0,0,0,0,0,0,168000,0,0,0,388000,220000,168000,168000
048622,南電凱基93購07  ,0,0,0,0,0,0,0,0,0,168000,0,0,0,168000,0,168000,168000
050680,上銀元富94購01  ,0,0,0,0,0,0,0,0,0,168000,0,0,0,400000,232000,168000,168000
048062,南亞科統一93購05,0,0,0,0,0,0,0,0,0,168000,0,0,0,168000,0,168000,168000
055003,群創元富99購05  ,0,0,0,0,0,0,0,0,0,168000,0,0,0,188000,20000,168000,168000
055255,欣興統一97購02  ,0,0,0,0,0,0,0,0,0,168000,0,0,0,168000,0,168000,168000
053408,友達兆豐98購01  ,0,0,0,0,0,0,0,0,0,168000,0,0,0,171000,3000,168000,168000
048073,南電元富93購02  ,0,0,0,0,0,0,0,0,0,167000,0,0,0,177000,10000,167000,167000
049606,可成第一94購01  ,0,0,0,0,0,0,0,0,0,167000,0,0,0,177000,10000,167000,167000
057372,華新科元大99購10,0,0,0,0,0,0,0,0,0,166000,0,0,0,363000,197000,166000,166000
056188,晶相光統一99購01,0,0,0,0,0,0,0,0,0,166000,0,0,0,371000,205000,166000,166000
05657P,樺漢統一97售01  ,0,0,0,0,0,0,0,0,0,166000,0,0,0,166000,0,166000,166000
03896P,長榮航凱基95售01,0,0,0,0,0,0,0,0,0,166000,0,0,0,258000,92000,166000,166000
049724,南電第一94購01  ,0,0,0,0,0,0,0,0,0,165000,0,0,0,165000,0,165000,165000
6668,中揚光          ,187000,24000,163000,0,0,0,0,0,0,2000,2000,0,2000,0,0,0,165000
057684,聯茂日盛99購01  ,0,0,0,0,0,0,0,0,0,164000,0,0,0,388000,224000,164000,164000
052861,台光電凱基96購03,0,0,0,0,0,0,0,0,0,164000,0,0,0,263000,99000,164000,164000
053587,京元電元大98購01,0,0,0,0,0,0,0,0,0,164000,0,0,0,373000,209000,164000,164000
055531,華新科群益98購03,0,0,0,0,0,0,0,0,0,163000,0,0,0,420000,257000,163000,163000
046934,智邦元富96購01  ,0,0,0,0,0,0,0,0,0,163000,0,0,0,183000,20000,163000,163000
048467,南電康和93購01  ,0,0,0,0,0,0,0,0,0,163000,0,0,0,213000,50000,163000,163000
049212,T50反1國票94購04,0,0,0,0,0,0,0,0,0,163000,0,0,0,163000,0,163000,163000
05234P,美食康和95售01  ,0,0,0,0,0,0,0,0,0,163000,0,0,0,215000,52000,163000,163000
06375P,矽力元大97售06  ,0,0,0,0,0,0,0,0,0,163000,0,0,0,164000,1000,163000,163000
05745P,富邦金兆豐96售02,0,0,0,0,0,0,0,0,0,162000,0,0,0,241000,79000,162000,162000
047965,景碩中信93購01  ,0,0,0,0,0,0,0,0,0,162000,0,0,0,182000,20000,162000,162000
051092,禾伸堂元大95購02,0,0,0,0,0,0,0,0,0,162000,0,0,0,162000,0,162000,162000
053710,華通凱基96購05  ,0,0,0,0,0,0,0,0,0,162000,0,0,0,200000,38000,162000,162000
054770,健策國票98購01  ,0,0,0,0,0,0,0,0,0,162000,0,0,0,286000,124000,162000,162000
06594P,立積元大98售01  ,0,0,0,0,0,0,0,0,0,162000,0,0,0,251000,89000,162000,162000
8039,台虹            ,363000,192000,171000,0,0,0,0,0,0,-9000,18000,8000,10000,16000,35000,-19000,162000
05604P,聯發科元大96售10,0,0,0,0,0,0,0,0,0,161000,0,0,0,486000,325000,161000,161000
048628,T50反1元大96購03,0,0,0,0,0,0,0,0,0,161000,0,0,0,690000,529000,161000,161000
052491,泰碩國票99購01  ,0,0,0,0,0,0,0,0,0,161000,0,0,0,171000,10000,161000,161000
04980P,臺股指凱基96售08,0,0,0,0,0,0,0,0,0,161000,0,0,0,1379000,1218000,161000,161000
053268,日月光群益96購01,0,0,0,0,0,0,0,0,0,161000,0,0,0,182000,21000,161000,161000
057782,台積電國票99購07,0,0,0,0,0,0,0,0,0,160000,0,0,0,220000,60000,160000,160000
048584,欣興富邦95購01  ,0,0,0,0,0,0,0,0,0,160000,0,0,0,174000,14000,160000,160000
048640,南亞科元大93購06,0,0,0,0,0,0,0,0,0,160000,0,0,0,220000,60000,160000,160000
048495,南亞科元大93購04,0,0,0,0,0,0,0,0,0,160000,0,0,0,160000,0,160000,160000
03657C,T50反1元大99牛01,0,0,0,0,0,0,0,0,0,160000,0,0,0,160000,0,160000,160000
053380,南亞科元大97購01,0,0,0,0,0,0,0,0,0,160000,0,0,0,308000,148000,160000,160000
053138,華邦電富邦96購01,0,0,0,0,0,0,0,0,0,160000,0,0,0,260000,100000,160000,160000
053768,S&P反1元大99購01,0,0,0,0,0,0,0,0,0,160000,0,0,0,160000,0,160000,160000
053962,聯茂永豐96購01  ,0,0,0,0,0,0,0,0,0,160000,0,0,0,397000,237000,160000,160000
054526,道瓊反統一98購01,0,0,0,0,0,0,0,0,0,160000,0,0,0,160000,0,160000,160000
1589,永冠-KY         ,251000,88000,163000,0,0,0,0,0,0,-3000,0,3000,-3000,0,0,0,160000
056057,華邦電元大97購05,0,0,0,0,0,0,0,0,0,159000,0,0,0,159000,0,159000,159000
051472,台積電凱基95購09,0,0,0,0,0,0,0,0,0,159000,0,0,0,170000,11000,159000,159000
054410,國巨元大96購14  ,0,0,0,0,0,0,0,0,0,159000,0,0,0,347000,188000,159000,159000
050806,華新科日盛95購01,0,0,0,0,0,0,0,0,0,158000,0,0,0,210000,52000,158000,158000
053557,聯茂凱基96購04  ,0,0,0,0,0,0,0,0,0,158000,0,0,0,188000,30000,158000,158000
06180P,禾伸堂群益97售01,0,0,0,0,0,0,0,0,0,158000,0,0,0,169000,11000,158000,158000
1201,味全            ,346001,136000,210001,0,0,0,0,0,0,-53000,0,0,0,9000,62000,-53000,157001
056612,台積電永豐98購01,0,0,0,0,0,0,0,0,0,157000,0,0,0,227000,70000,157000,157000
054011,旺宏永豐96購05  ,0,0,0,0,0,0,0,0,0,157000,0,0,0,187000,30000,157000,157000
054466,欣興凱基97購03  ,0,0,0,0,0,0,0,0,0,157000,0,0,0,245000,88000,157000,157000
05791P,臺股指中信99售06,0,0,0,0,0,0,0,0,0,157000,0,0,0,219000,62000,157000,157000
055525,國巨群益98購05  ,0,0,0,0,0,0,0,0,0,156000,0,0,0,156000,0,156000,156000
050223,聯茂元富94購02  ,0,0,0,0,0,0,0,0,0,156000,0,0,0,227000,71000,156000,156000
054206,鴻海國票99購01  ,0,0,0,0,0,0,0,0,0,156000,0,0,0,420000,264000,156000,156000
06078P,臺股指凱基9A售01,0,0,0,0,0,0,0,0,0,156000,0,0,0,463000,307000,156000,156000
06791P,聯發科凱基98售16,0,0,0,0,0,0,0,0,0,156000,0,0,0,232000,76000,156000,156000
055919,景碩凱基98購02  ,0,0,0,0,0,0,0,0,0,155000,0,0,0,177000,22000,155000,155000
056503,楠梓電永豐98購01,0,0,0,0,0,0,0,0,0,155000,0,0,0,192000,37000,155000,155000
05095P,景碩元大95售01  ,0,0,0,0,0,0,0,0,0,155000,0,0,0,155000,0,155000,155000
046999,康控富邦99購01  ,0,0,0,0,0,0,0,0,0,155000,0,0,0,300000,145000,155000,155000
047654,鴻海兆豐93購01  ,0,0,0,0,0,0,0,0,0,155000,0,0,0,255000,100000,155000,155000
06120P,大立光凱基98售05,0,0,0,0,0,0,0,0,0,155000,0,0,0,469000,314000,155000,155000
052683,鴻海元大97購03  ,0,0,0,0,0,0,0,0,0,154000,0,0,0,452000,298000,154000,154000
053141,景碩永豐96購02  ,0,0,0,0,0,0,0,0,0,154000,0,0,0,200000,46000,154000,154000
3023,信邦            ,366000,239000,127000,0,0,0,1000,0,1000,26000,28000,3000,25000,3000,2000,1000,154000
05680P,聯發科元大96售12,0,0,0,0,0,0,0,0,0,153000,0,0,0,210000,57000,153000,153000
048829,欣興凱基94購02  ,0,0,0,0,0,0,0,0,0,153000,0,0,0,153000,0,153000,153000
053302,國巨凱基96購10  ,0,0,0,0,0,0,0,0,0,153000,0,0,0,330000,177000,153000,153000
054704,玉晶光第一97購01,0,0,0,0,0,0,0,0,0,153000,0,0,0,221000,68000,153000,153000
046460,聯鈞凱基93購02  ,0,0,0,0,0,0,0,0,0,152000,0,0,0,218000,66000,152000,152000
049811,聯鈞元大94購01  ,0,0,0,0,0,0,0,0,0,152000,0,0,0,152000,0,152000,152000
055357,欣興凱基97購04  ,0,0,0,0,0,0,0,0,0,152000,0,0,0,172000,20000,152000,152000
06794P,臺股指凱基98售04,0,0,0,0,0,0,0,0,0,152000,0,0,0,182000,30000,152000,152000
1710,東聯            ,417000,265000,152000,0,0,0,0,0,0,0,0,0,0,0,0,0,152000
049233,聯發科統一94購04,0,0,0,0,0,0,0,0,0,151000,0,0,0,175000,24000,151000,151000
055286,晶技元大98購03  ,0,0,0,0,0,0,0,0,0,151000,0,0,0,321000,170000,151000,151000
054255,亞光元大96購05  ,0,0,0,0,0,0,0,0,0,151000,0,0,0,208000,57000,151000,151000
053623,臺股指群益96購09,0,0,0,0,0,0,0,0,0,151000,0,0,0,222000,71000,151000,151000
053705,滬深2X凱基99購01,0,0,0,0,0,0,0,0,0,151000,0,0,0,250000,99000,151000,151000
057817,景碩元大98購01  ,0,0,0,0,0,0,0,0,0,150000,0,0,0,399000,249000,150000,150000
056195,群創富邦98購01  ,0,0,0,0,0,0,0,0,0,150000,0,0,0,150000,0,150000,150000
055681,奇鋐凱基98購03  ,0,0,0,0,0,0,0,0,0,150000,0,0,0,220000,70000,150000,150000
05566P,景碩永豐96售01  ,0,0,0,0,0,0,0,0,0,150000,0,0,0,150000,0,150000,150000
04402P,TPK兆豐95售01   ,0,0,0,0,0,0,0,0,0,150000,0,0,0,150000,0,150000,150000
03874P,臺股指群益95售01,0,0,0,0,0,0,0,0,0,150000,0,0,0,150000,0,150000,150000
04363P,儒鴻元富94售01  ,0,0,0,0,0,0,0,0,0,150000,0,0,0,150000,0,150000,150000
049726,道瓊反中信96購01,0,0,0,0,0,0,0,0,0,150000,0,0,0,150000,0,150000,150000
051023,S&P反1統一95購02,0,0,0,0,0,0,0,0,0,150000,0,0,0,150000,0,150000,150000
050447,廣達元大94購01  ,0,0,0,0,0,0,0,0,0,150000,0,0,0,150000,0,150000,150000
049588,聯發科元大94購06,0,0,0,0,0,0,0,0,0,150000,0,0,0,250000,100000,150000,150000
050076,百和凱基94購02  ,0,0,0,0,0,0,0,0,0,150000,0,0,0,150000,0,150000,150000
053649,台積電凱基97購05,0,0,0,0,0,0,0,0,0,150000,0,0,0,194000,44000,150000,150000
053888,和大群益97購01  ,0,0,0,0,0,0,0,0,0,150000,0,0,0,192000,42000,150000,150000
05283P,健鼎元大95售04  ,0,0,0,0,0,0,0,0,0,150000,0,0,0,154000,4000,150000,150000
054787,華新科群益97購04,0,0,0,0,0,0,0,0,0,150000,0,0,0,150000,0,150000,150000
06440P,台積電凱基98售07,0,0,0,0,0,0,0,0,0,150000,0,0,0,1593000,1443000,150000,150000
8101,華冠            ,162000,12000,150000,0,0,0,0,0,0,0,0,0,0,0,0,0,150000
056196,聯茂富邦98購02  ,0,0,0,0,0,0,0,0,0,149000,0,0,0,199000,50000,149000,149000
056182,台光電統一97購03,0,0,0,0,0,0,0,0,0,149000,0,0,0,149000,0,149000,149000
056381,台虹元富98購01  ,0,0,0,0,0,0,0,0,0,149000,0,0,0,149000,0,149000,149000
057559,可成兆豐99購02  ,0,0,0,0,0,0,0,0,0,149000,0,0,0,149000,0,149000,149000
053444,奇力新凱基96購03,0,0,0,0,0,0,0,0,0,149000,0,0,0,595000,446000,149000,149000
4119,旭富            ,452000,180000,272000,0,0,0,50000,151000,-101000,-22000,4000,20000,-16000,1000,7000,-6000,149000
3596,智易            ,257000,113000,144000,0,0,0,0,1000,-1000,6000,20000,27000,-7000,34000,21000,13000,149000
057107,華新科群益98購06,0,0,0,0,0,0,0,0,0,148000,0,0,0,595000,447000,148000,148000
05546P,全新元大97售01  ,0,0,0,0,0,0,0,0,0,148000,0,0,0,148000,0,148000,148000
056015,華通群益99購01  ,0,0,0,0,0,0,0,0,0,148000,0,0,0,180000,32000,148000,148000
050661,景碩元大94購02  ,0,0,0,0,0,0,0,0,0,148000,0,0,0,375000,227000,148000,148000
049125,禾伸堂元富94購01,0,0,0,0,0,0,0,0,0,147000,0,0,0,722000,575000,147000,147000
04586P,光罩永豐94售02  ,0,0,0,0,0,0,0,0,0,147000,0,0,0,147000,0,147000,147000
052647,晶技永豐97購01  ,0,0,0,0,0,0,0,0,0,147000,0,0,0,170000,23000,147000,147000
05154P,台積電兆豐95售05,0,0,0,0,0,0,0,0,0,147000,0,0,0,210000,63000,147000,147000
053769,香港反元大99購01,0,0,0,0,0,0,0,0,0,147000,0,0,0,148000,1000,147000,147000
05844P,旺宏元大96售07  ,0,0,0,0,0,0,0,0,0,147000,0,0,0,368000,221000,147000,147000
056926,日月光兆豐98購01,0,0,0,0,0,0,0,0,0,146000,0,0,0,265000,119000,146000,146000
054117,宏全康和96購01  ,0,0,0,0,0,0,0,0,0,146000,0,0,0,156000,10000,146000,146000
055787,聯茂凱基99購01  ,0,0,0,0,0,0,0,0,0,145000,0,0,0,305000,160000,145000,145000
056592,台積電元富98購01,0,0,0,0,0,0,0,0,0,145000,0,0,0,1655000,1510000,145000,145000
043390,康控元大93購01  ,0,0,0,0,0,0,0,0,0,145000,0,0,0,145000,0,145000,145000
050774,健策元大96購02  ,0,0,0,0,0,0,0,0,0,145000,0,0,0,147000,2000,145000,145000
05083P,麗豐永豐95售02  ,0,0,0,0,0,0,0,0,0,145000,0,0,0,204000,59000,145000,145000
053862,南亞科元大97購02,0,0,0,0,0,0,0,0,0,145000,0,0,0,220000,75000,145000,145000
055325,佐登國票98購01  ,0,0,0,0,0,0,0,0,0,145000,0,0,0,185000,40000,145000,145000
055163,訊芯元大98購01  ,0,0,0,0,0,0,0,0,0,145000,0,0,0,387000,242000,145000,145000
057317,技嘉凱基98購02  ,0,0,0,0,0,0,0,0,0,144000,0,0,0,470000,326000,144000,144000
051696,新日興中信96購01,0,0,0,0,0,0,0,0,0,144000,0,0,0,165000,21000,144000,144000
049994,聯茂台新94購02  ,0,0,0,0,0,0,0,0,0,144000,0,0,0,208000,64000,144000,144000
049052,台積電永豐94購02,0,0,0,0,0,0,0,0,0,143000,0,0,0,145000,2000,143000,143000
053947,義隆富邦97購01  ,0,0,0,0,0,0,0,0,0,143000,0,0,0,215000,72000,143000,143000
053559,台積電國泰98購01,0,0,0,0,0,0,0,0,0,143000,0,0,0,224000,81000,143000,143000
056623,禾伸堂永豐98購01,0,0,0,0,0,0,0,0,0,142000,0,0,0,158000,16000,142000,142000
056112,勤誠永豐97購02  ,0,0,0,0,0,0,0,0,0,142000,0,0,0,642000,500000,142000,142000
056090,康舒統一97購01  ,0,0,0,0,0,0,0,0,0,142000,0,0,0,146000,4000,142000,142000
04417P,光罩國泰95售02  ,0,0,0,0,0,0,0,0,0,142000,0,0,0,213000,71000,142000,142000
045537,華新群益94購01  ,0,0,0,0,0,0,0,0,0,142000,0,0,0,142000,0,142000,142000
050998,訊連元大95購01  ,0,0,0,0,0,0,0,0,0,142000,0,0,0,202000,60000,142000,142000
049324,臺股指凱基94購06,0,0,0,0,0,0,0,0,0,142000,0,0,0,142000,0,142000,142000
054785,建準群益98購01  ,0,0,0,0,0,0,0,0,0,142000,0,0,0,144000,2000,142000,142000
054571,楠梓電元大99購01,0,0,0,0,0,0,0,0,0,141000,0,0,0,410000,269000,141000,141000
050229,鴻海麥證94購02  ,0,0,0,140000,0,140000,0,0,0,140000,0,0,0,140000,0,140000,140000
054170,泰鼎凱基98購01  ,0,0,0,0,0,0,0,0,0,140000,0,0,0,203000,63000,140000,140000
053316,友達群益9A購01  ,0,0,0,0,0,0,0,0,0,140000,0,0,0,140000,0,140000,140000
05821P,臺股指凱基96售18,0,0,0,0,0,0,0,0,0,140000,0,0,0,281000,141000,140000,140000
05796P,臺股指群益96售10,0,0,0,0,0,0,0,0,0,140000,0,0,0,150000,10000,140000,140000
057410,南電群益98購01  ,0,0,0,0,0,0,0,0,0,139000,0,0,0,284000,145000,139000,139000
057433,上銀國票98購04  ,0,0,0,0,0,0,0,0,0,139000,0,0,0,149000,10000,139000,139000
047968,南電國泰94購01  ,0,0,0,0,0,0,0,0,0,139000,0,0,0,139000,0,139000,139000
046881,智原富邦99購01  ,0,0,0,0,0,0,0,0,0,139000,0,0,0,139000,0,139000,139000
050031,嘉澤元大95購01  ,0,0,0,0,0,0,0,0,0,139000,0,0,0,235000,96000,139000,139000
05268P,玉晶光元大98售01,0,0,0,0,0,0,0,0,0,139000,0,0,0,415000,276000,139000,139000
053960,晶技永豐96購02  ,0,0,0,0,0,0,0,0,0,139000,0,0,0,139000,0,139000,139000
06859P,元金2X中信9C售01,0,0,0,0,0,0,0,0,0,139000,0,0,0,160000,21000,139000,139000
056140,康控元大98購01  ,0,0,0,0,0,0,0,0,0,138000,0,0,0,286000,148000,138000,138000
04102P,臺股指國票93售09,0,0,0,0,0,0,0,0,0,138000,0,0,0,139000,1000,138000,138000
052770,聯茂群益96購02  ,0,0,0,0,0,0,0,0,0,138000,0,0,0,291000,153000,138000,138000
06686P,麗豐永豐98售02  ,0,0,0,0,0,0,0,0,0,138000,0,0,0,138000,0,138000,138000
06439P,上銀凱基98售02  ,0,0,0,0,0,0,0,0,0,138000,0,0,0,138000,0,138000,138000
055796,南電國泰98購01  ,0,0,0,0,0,0,0,0,0,137000,0,0,0,137000,0,137000,137000
057341,技嘉台新98購01  ,0,0,0,0,0,0,0,0,0,137000,0,0,0,228000,91000,137000,137000
03418B,臺股指元大95熊20,0,0,0,0,0,0,0,0,0,137000,0,0,0,271000,134000,137000,137000
044996,嘉晶國泰95購01  ,0,0,0,0,0,0,0,0,0,137000,0,0,0,157000,20000,137000,137000
047929,景碩凱基93購03  ,0,0,0,0,0,0,0,0,0,137000,0,0,0,177000,40000,137000,137000
2421,建準            ,656000,430000,226000,0,0,0,0,0,0,-89000,2000,0,2000,0,91000,-91000,137000
053177,華邦電統一96購01,0,0,0,0,0,0,0,0,0,136000,0,0,0,136000,0,136000,136000
06148P,台積電元大97售17,0,0,0,0,0,0,0,0,0,136000,0,0,0,176000,40000,136000,136000
1514,亞力            ,251000,115000,136000,0,0,0,0,0,0,0,0,0,0,0,0,0,136000
049124,可成元富94購02  ,0,0,0,0,0,0,0,0,0,135000,0,0,0,135000,0,135000,135000
053798,台積電中信98購02,0,0,0,0,0,0,0,0,0,135000,0,0,0,140000,5000,135000,135000
054948,聯發科元大97購14,0,0,0,0,0,0,0,0,0,135000,0,0,0,135000,0,135000,135000
056844,欣興元富98購03  ,0,0,0,0,0,0,0,0,0,134000,0,0,0,134000,0,134000,134000
056848,泰鼎元富98購01  ,0,0,0,0,0,0,0,0,0,134000,0,0,0,468000,334000,134000,134000
05666P,聯發科凱基96售14,0,0,0,0,0,0,0,0,0,134000,0,0,0,138000,4000,134000,134000
047485,景碩凱基94購01  ,0,0,0,0,0,0,0,0,0,134000,0,0,0,134000,0,134000,134000
04470P,為升元大94售01  ,0,0,0,0,0,0,0,0,0,134000,0,0,0,134000,0,134000,134000
049616,卜蜂群益94購01  ,0,0,0,0,0,0,0,0,0,134000,0,0,0,155000,21000,134000,134000
05049P,矽創永豐95售01  ,0,0,0,0,0,0,0,0,0,134000,0,0,0,134000,0,134000,134000
054034,景碩中信96購01  ,0,0,0,0,0,0,0,0,0,134000,0,0,0,154000,20000,134000,134000
06799P,臺股指凱基98售09,0,0,0,0,0,0,0,0,0,134000,0,0,0,134000,0,134000,134000
2534,宏盛            ,208028,89000,119028,0,0,0,0,0,0,14000,0,0,0,21000,7000,14000,133028
056864,新日興群益99購01,0,0,0,0,0,0,0,0,0,133000,0,0,0,258000,125000,133000,133000
056240,嘉晶群益97購02  ,0,0,0,0,0,0,0,0,0,133000,0,0,0,339000,206000,133000,133000
056556,南電凱基98購01  ,0,0,0,0,0,0,0,0,0,133000,0,0,0,136000,3000,133000,133000
03560P,台積電兆豐03售10,0,0,0,0,0,0,0,0,0,133000,0,0,0,133000,0,133000,133000
052361,大成鋼國票96購01,0,0,0,0,0,0,0,0,0,133000,0,0,0,133000,0,133000,133000
053841,美律統一96購01  ,0,0,0,0,0,0,0,0,0,133000,0,0,0,133000,0,133000,133000
05301P,矽力元大95售02  ,0,0,0,0,0,0,0,0,0,133000,0,0,0,133000,0,133000,133000
055239,帆宣台新97購01  ,0,0,0,0,0,0,0,0,0,133000,0,0,0,160000,27000,133000,133000
054212,聯詠國票97購03  ,0,0,0,0,0,0,0,0,0,133000,0,0,0,133000,0,133000,133000
054753,復盛凱基98購01  ,0,0,0,0,0,0,0,0,0,133000,0,0,0,191000,58000,133000,133000
08663P,台灣50元大96售01,0,0,0,0,0,0,0,0,0,133000,0,0,0,133000,0,133000,133000
056291,聯茂永豐97購03  ,0,0,0,0,0,0,0,0,0,132000,0,0,0,688000,556000,132000,132000
047207,晶技國泰94購01  ,0,0,0,0,0,0,0,0,0,132000,0,0,0,132000,0,132000,132000
048436,聯茂日盛93購01  ,0,0,0,0,0,0,0,0,0,132000,0,0,0,296000,164000,132000,132000
052057,臺股指凱基95購15,0,0,0,0,0,0,0,0,0,132000,0,0,0,177000,45000,132000,132000
050451,嘉晶元大95購01  ,0,0,0,0,0,0,0,0,0,132000,0,0,0,599000,467000,132000,132000
054361,技嘉凱基96購01  ,0,0,0,0,0,0,0,0,0,132000,0,0,0,210000,78000,132000,132000
053754,英業達元富96購02,0,0,0,0,0,0,0,0,0,132000,0,0,0,163000,31000,132000,132000
3062,建漢            ,299000,167000,132000,0,0,0,0,0,0,0,0,0,0,0,0,0,132000
055315,晶技麥證97購01  ,0,0,0,131000,0,131000,0,0,0,131000,0,0,0,131000,0,131000,131000
056256,聯茂元富97購03  ,0,0,0,0,0,0,0,0,0,130000,0,0,0,245000,115000,130000,130000
056334,台積電凱基98購06,0,0,0,0,0,0,0,0,0,130000,0,0,0,210000,80000,130000,130000
056452,亞光凱基98購02  ,0,0,0,0,0,0,0,0,0,130000,0,0,0,182000,52000,130000,130000
050548,華固凱基95購01  ,0,0,0,0,0,0,0,0,0,130000,0,0,0,130000,0,130000,130000
05004P,健策統一95售01  ,0,0,0,0,0,0,0,0,0,130000,0,0,0,130000,0,130000,130000
05375P,健策國票96售02  ,0,0,0,0,0,0,0,0,0,130000,0,0,0,130000,0,130000,130000
053057,聯電國泰97購02  ,0,0,0,0,0,0,0,0,0,130000,0,0,0,243000,113000,130000,130000
053227,晶技台新96購01  ,0,0,0,0,0,0,0,0,0,130000,0,0,0,130000,0,130000,130000
053433,友達日盛99購06  ,0,0,0,0,0,0,0,0,0,130000,0,0,0,130000,0,130000,130000
06611P,祥碩國票98售01  ,0,0,0,0,0,0,0,0,0,130000,0,0,0,132000,2000,130000,130000
055760,新日興群益98購02,0,0,0,0,0,0,0,0,0,129000,0,0,0,257000,128000,129000,129000
056897,南亞科元大98購02,0,0,0,0,0,0,0,0,0,129000,0,0,0,175000,46000,129000,129000
057578,可成中信99購01  ,0,0,0,0,0,0,0,0,0,129000,0,0,0,189000,60000,129000,129000
049219,聯發科國票95購01,0,0,0,0,0,0,0,0,0,129000,0,0,0,167000,38000,129000,129000
053288,臺股指元大96購16,0,0,0,0,0,0,0,0,0,129000,0,0,0,200000,71000,129000,129000
055420,欣興永豐98購01  ,0,0,0,0,0,0,0,0,0,129000,0,0,0,157000,28000,129000,129000
055453,華邦電元富97購01,0,0,0,0,0,0,0,0,0,128000,0,0,0,128000,0,128000,128000
05618P,聯發科元富96售02,0,0,0,0,0,0,0,0,0,128000,0,0,0,134000,6000,128000,128000
048575,旺宏國泰94購04  ,0,0,0,0,0,0,0,0,0,128000,0,0,0,207000,79000,128000,128000
036804,國巨元富93購01  ,0,0,0,0,0,0,0,0,0,128000,0,0,0,128000,0,128000,128000
049738,神基群益94購01  ,0,0,0,0,0,0,0,0,0,128000,0,0,0,200000,72000,128000,128000
052355,為升永豐95購02  ,0,0,0,0,0,0,0,0,0,128000,0,0,0,310000,182000,128000,128000
052594,友訊群益98購01  ,0,0,0,0,0,0,0,0,0,128000,0,0,0,551000,423000,128000,128000
054235,欣興群益96購06  ,0,0,0,0,0,0,0,0,0,128000,0,0,0,167000,39000,128000,128000
053869,嘉澤元大96購02  ,0,0,0,0,0,0,0,0,0,128000,0,0,0,272000,144000,128000,128000
053976,亞光元大96購02  ,0,0,0,0,0,0,0,0,0,128000,0,0,0,209000,81000,128000,128000
054038,T50反1元大98購04,0,0,0,0,0,0,0,0,0,128000,0,0,0,1477000,1349000,128000,128000
048556,技嘉元大93購03  ,0,0,0,0,0,0,0,0,0,127000,0,0,0,196000,69000,127000,127000
052103,台積電兆豐95購06,0,0,0,0,0,0,0,0,0,127000,0,0,0,258000,131000,127000,127000
054356,可成兆豐97購01  ,0,0,0,0,0,0,0,0,0,127000,0,0,0,127000,0,127000,127000
06322P,超眾統一97售04  ,0,0,0,0,0,0,0,0,0,127000,0,0,0,144000,17000,127000,127000
06339P,上銀統一97售06  ,0,0,0,0,0,0,0,0,0,127000,0,0,0,132000,5000,127000,127000
9802,鈺齊-KY         ,634000,287000,347000,0,0,0,0,306000,-306000,86000,0,0,0,129000,43000,86000,127000
056219,T50反1日盛02購01,0,0,0,0,0,0,0,0,0,126000,0,0,0,176000,50000,126000,126000
05706P,TPK永豐96售02   ,0,0,0,0,0,0,0,0,0,126000,0,0,0,126000,0,126000,126000
045088,康控元大94購02  ,0,0,0,0,0,0,0,0,0,126000,0,0,0,226000,100000,126000,126000
054376,聯茂中信97購01  ,0,0,0,0,0,0,0,0,0,126000,0,0,0,320000,194000,126000,126000
054220,國巨統一97購02  ,0,0,0,0,0,0,0,0,0,126000,0,0,0,138000,12000,126000,126000
055175,建準統一97購01  ,0,0,0,0,0,0,0,0,0,126000,0,0,0,126000,0,126000,126000
00865B,國泰US短期公債  ,0,0,0,0,0,0,0,0,0,125000,60000,0,60000,93000,28000,65000,125000
049601,矽創元大95購02  ,0,0,0,0,0,0,0,0,0,125000,0,0,0,285000,160000,125000,125000
051226,英業達群益95購01,0,0,0,0,0,0,0,0,0,125000,0,0,0,203000,78000,125000,125000
055038,華航富邦99購01  ,0,0,0,0,0,0,0,0,0,125000,0,0,0,125000,0,125000,125000
06114P,台積電統一97售03,0,0,0,0,0,0,0,0,0,125000,0,0,0,125000,0,125000,125000
050926,禾伸堂凱基95購01,0,0,0,0,0,0,0,0,0,124000,0,0,0,261000,137000,124000,124000
051576,台積電元大97購02,0,0,0,0,0,0,0,0,0,124000,0,0,0,327000,203000,124000,124000
051790,貿聯國票95購03  ,0,0,0,0,0,0,0,0,0,124000,0,0,0,154000,30000,124000,124000
052595,奇力新群益96購01,0,0,0,0,0,0,0,0,0,124000,0,0,0,271000,147000,124000,124000
05910P,力山永豐96售02  ,0,0,0,0,0,0,0,0,0,124000,0,0,0,124000,0,124000,124000
06618P,智邦元大98售04  ,0,0,0,0,0,0,0,0,0,124000,0,0,0,124000,0,124000,124000
04848P,康控凱基94售02  ,0,0,0,0,0,0,0,0,0,123000,0,0,0,123000,0,123000,123000
052417,聯發科兆豐9B購01,0,0,0,0,0,0,0,0,0,123000,0,0,0,258000,135000,123000,123000
052289,為升元富95購02  ,0,0,0,0,0,0,0,0,0,123000,0,0,0,191000,68000,123000,123000
050075,南電凱基94購04  ,0,0,0,0,0,0,0,0,0,123000,0,0,0,216000,93000,123000,123000
050129,聯發科凱基94購11,0,0,0,0,0,0,0,0,0,123000,0,0,0,126000,3000,123000,123000
05015P,臺股指元大95售06,0,0,0,0,0,0,0,0,0,123000,0,0,0,433000,310000,123000,123000
04946P,華通元大94售04  ,0,0,0,0,0,0,0,0,0,123000,0,0,0,123000,0,123000,123000
053751,康控永豐96購02  ,0,0,0,0,0,0,0,0,0,123000,0,0,0,148000,25000,123000,123000
053279,景碩元大97購01  ,0,0,0,0,0,0,0,0,0,123000,0,0,0,219000,96000,123000,123000
05885P,牧德統一96售01  ,0,0,0,0,0,0,0,0,0,123000,0,0,0,381000,258000,123000,123000
057700,新日興群益9A購01,0,0,0,0,0,0,0,0,0,122000,0,0,0,165000,43000,122000,122000
057303,喬山兆豐99購01  ,0,0,0,0,0,0,0,0,0,122000,0,0,0,122000,0,122000,122000
05595P,友達統一96售02  ,0,0,0,0,0,0,0,0,0,122000,0,0,0,122000,0,122000,122000
046792,京元電元富96購01,0,0,0,0,0,0,0,0,0,122000,0,0,0,152000,30000,122000,122000
049636,上証反凱基9A購01,0,0,0,0,0,0,0,0,0,122000,0,0,0,154000,32000,122000,122000
051937,廣達群益95購01  ,0,0,0,0,0,0,0,0,0,122000,0,0,0,149000,27000,122000,122000
053171,中磊群益96購01  ,0,0,0,0,0,0,0,0,0,122000,0,0,0,163000,41000,122000,122000
054378,楠梓電群益98購01,0,0,0,0,0,0,0,0,0,122000,0,0,0,226000,104000,122000,122000
047298,聯茂元富96購01  ,0,0,0,0,0,0,0,0,0,121000,0,0,0,202000,81000,121000,121000
04898P,瑞儀中信95售01  ,0,0,0,0,0,0,0,0,0,121000,0,0,0,215000,94000,121000,121000
050282,T50反1凱基97購01,0,0,0,0,0,0,0,0,0,121000,0,0,0,631000,510000,121000,121000
049259,聯發科元大94購04,0,0,0,0,0,0,0,0,0,121000,0,0,0,171000,50000,121000,121000
4961,天鈺            ,160000,39000,121000,0,0,0,0,0,0,0,0,0,0,0,0,0,121000
05619P,創意元富96售02  ,0,0,0,0,0,0,0,0,0,120000,0,0,0,120000,0,120000,120000
056611,國巨永豐98購03  ,0,0,0,0,0,0,0,0,0,120000,0,0,0,125000,5000,120000,120000
047416,台泥富邦94購01  ,0,0,0,0,0,0,0,0,0,120000,0,0,0,120000,0,120000,120000
03181P,台灣50元大01售40,0,0,0,0,0,0,0,0,0,120000,0,0,0,120000,0,120000,120000
03242P,聯電統一02售04  ,0,0,0,0,0,0,0,0,0,120000,0,0,0,120000,0,120000,120000
045882,滬深2X元大95購01,0,0,0,0,0,0,0,0,0,120000,0,0,0,120000,0,120000,120000
045752,全新國泰93購01  ,0,0,0,0,0,0,0,0,0,120000,0,0,0,120000,0,120000,120000
050559,聯發科統一94購10,0,0,0,0,0,0,0,0,0,120000,0,0,0,120000,0,120000,120000
051182,旺宏永豐95購01  ,0,0,0,0,0,0,0,0,0,120000,0,0,0,120000,0,120000,120000
05130P,聯發科統一95售03,0,0,0,0,0,0,0,0,0,120000,0,0,0,120000,0,120000,120000
050003,景碩永豐94購01  ,0,0,0,0,0,0,0,0,0,120000,0,0,0,314000,194000,120000,120000
052591,康友永豐97購01  ,0,0,0,0,0,0,0,0,0,120000,0,0,0,125000,5000,120000,120000
052572,群創凱基99購01  ,0,0,0,0,0,0,0,0,0,120000,0,0,0,120000,0,120000,120000
054782,國巨群益97購01  ,0,0,0,0,0,0,0,0,0,120000,0,0,0,149000,29000,120000,120000
053729,聯茂凱基96購05  ,0,0,0,0,0,0,0,0,0,120000,0,0,0,163000,43000,120000,120000
2355,敬鵬            ,288000,160000,128000,0,0,0,0,0,0,-8000,0,6000,-6000,0,2000,-2000,120000
05993P,國巨元大96售13  ,0,0,0,0,0,0,0,0,0,120000,0,0,0,150000,30000,120000,120000
06233P,訊芯永豐97售03  ,0,0,0,0,0,0,0,0,0,120000,0,0,0,120000,0,120000,120000
06425P,TPK永豐97售02   ,0,0,0,0,0,0,0,0,0,120000,0,0,0,120000,0,120000,120000
06151P,華新科元大97售07,0,0,0,0,0,0,0,0,0,119000,0,0,0,175000,56000,119000,119000
055648,可成元富97購01  ,0,0,0,0,0,0,0,0,0,118000,0,0,0,172000,54000,118000,118000
056857,國巨群益99購02  ,0,0,0,0,0,0,0,0,0,118000,0,0,0,150000,32000,118000,118000
049561,道瓊銀統一96購01,0,0,0,0,0,0,0,0,0,118000,0,0,0,231000,113000,118000,118000
053777,台積電元大96購20,0,0,0,0,0,0,0,0,0,118000,0,0,0,173000,55000,118000,118000
053980,泰鼎元大97購02  ,0,0,0,0,0,0,0,0,0,118000,0,0,0,314000,196000,118000,118000
055075,南電永豐97購01  ,0,0,0,0,0,0,0,0,0,118000,0,0,0,207000,89000,118000,118000
055430,宏達電群益97購01,0,0,0,0,0,0,0,0,0,118000,0,0,0,131000,13000,118000,118000
050925,可成凱基95購02  ,0,0,0,0,0,0,0,0,0,117000,0,0,0,168000,51000,117000,117000
04939P,國巨國票95售03  ,0,0,0,0,0,0,0,0,0,117000,0,0,0,250000,133000,117000,117000
051938,旭富群益95購01  ,0,0,0,0,0,0,0,0,0,117000,0,0,0,152000,35000,117000,117000
055406,大毅國泰99購01  ,0,0,0,0,0,0,0,0,0,117000,0,0,0,248000,131000,117000,117000
06617P,智邦元大98售03  ,0,0,0,0,0,0,0,0,0,117000,0,0,0,117000,0,117000,117000
055650,華新科元富98購01,0,0,0,0,0,0,0,0,0,116000,0,0,0,935000,819000,116000,116000
055264,國巨永豐98購01  ,0,0,0,0,0,0,0,0,0,116000,0,0,0,128000,12000,116000,116000
055028,佐登國泰98購01  ,0,0,0,0,0,0,0,0,0,116000,0,0,0,126000,10000,116000,116000
053871,臻鼎元大96購03  ,0,0,0,0,0,0,0,0,0,116000,0,0,0,151000,35000,116000,116000
052823,創意永豐96購02  ,0,0,0,0,0,0,0,0,0,116000,0,0,0,116000,0,116000,116000
2377,微星            ,620000,570045,49955,0,0,0,151000,1000,150000,-84000,4000,111000,-107000,30000,7000,23000,115955
056311,泰鼎元大98購01  ,0,0,0,0,0,0,0,0,0,115000,0,0,0,240000,125000,115000,115000
057423,台郡凱基98購06  ,0,0,0,0,0,0,0,0,0,115000,0,0,0,200000,85000,115000,115000
053686,台積電元大97購08,0,0,0,0,0,0,0,0,0,115000,0,0,0,160000,45000,115000,115000
6533,晶心科          ,193000,78000,115000,0,0,0,0,0,0,0,0,0,0,0,0,0,115000
06337P,祥碩元大97售05  ,0,0,0,0,0,0,0,0,0,115000,0,0,0,287000,172000,115000,115000
06270P,致伸凱基97售03  ,0,0,0,0,0,0,0,0,0,115000,0,0,0,115000,0,115000,115000
1732,毛寶            ,369000,254324,114676,0,0,0,0,0,0,0,0,0,0,0,0,0,114676
056915,上銀兆豐99購01  ,0,0,0,0,0,0,0,0,0,114000,0,0,0,129000,15000,114000,114000
057146,技嘉國票98購01  ,0,0,0,0,0,0,0,0,0,114000,0,0,0,128000,14000,114000,114000
056574,亞光元大99購03  ,0,0,0,0,0,0,0,0,0,114000,0,0,0,162000,48000,114000,114000
049814,超眾元大95購04  ,0,0,0,0,0,0,0,0,0,114000,0,0,0,119000,5000,114000,114000
3504,揚明光          ,129000,15000,114000,0,0,0,0,0,0,0,0,0,0,0,0,0,114000
056609,楠梓電永豐98購02,0,0,0,0,0,0,0,0,0,113000,0,0,0,154000,41000,113000,113000
056198,台光電永豐97購02,0,0,0,0,0,0,0,0,0,113000,0,0,0,204000,91000,113000,113000
055639,上銀元富97購02  ,0,0,0,0,0,0,0,0,0,113000,0,0,0,134000,21000,113000,113000
057490,可成元大98購10  ,0,0,0,0,0,0,0,0,0,113000,0,0,0,113000,0,113000,113000
050753,百和統一94購01  ,0,0,0,0,0,0,0,0,0,113000,0,0,0,173000,60000,113000,113000
046385,群創凱基98購03  ,0,0,0,0,0,0,0,0,0,113000,0,0,0,133000,20000,113000,113000
053271,喬山元大97購01  ,0,0,0,0,0,0,0,0,0,113000,0,0,0,123000,10000,113000,113000
06591P,大立光元大98售14,0,0,0,0,0,0,0,0,0,113000,0,0,0,113000,0,113000,113000
057330,台積電國票99購03,0,0,0,0,0,0,0,0,0,112000,0,0,0,122000,10000,112000,112000
056286,奇鋐永豐97購01  ,0,0,0,0,0,0,0,0,0,112000,0,0,0,158000,46000,112000,112000
04547P,高鐵元大94售01  ,0,0,0,0,0,0,0,0,0,112000,0,0,0,113000,1000,112000,112000
051524,貿聯凱基95購02  ,0,0,0,0,0,0,0,0,0,112000,0,0,0,161000,49000,112000,112000
05495P,大立光統一95售07,0,0,0,0,0,0,0,0,0,112000,0,0,0,112000,0,112000,112000
054263,聯茂元大96購02  ,0,0,0,0,0,0,0,0,0,112000,0,0,0,148000,36000,112000,112000
052483,超眾群益95購03  ,0,0,0,0,0,0,0,0,0,111000,0,0,0,178000,67000,111000,111000
055285,華新科元大99購03,0,0,0,0,0,0,0,0,0,111000,0,0,0,803000,692000,111000,111000
056216,智原第一97購01  ,0,0,0,0,0,0,0,0,0,110000,0,0,0,110000,0,110000,110000
056163,嘉聯益凱基98購03,0,0,0,0,0,0,0,0,0,110000,0,0,0,115000,5000,110000,110000
057723,臺股指元富98購02,0,0,0,0,0,0,0,0,0,110000,0,0,0,110000,0,110000,110000
056716,康舒永豐98購01  ,0,0,0,0,0,0,0,0,0,110000,0,0,0,110000,0,110000,110000
044299,南電凱基93購02  ,0,0,0,0,0,0,0,0,0,110000,0,0,0,180000,70000,110000,110000
04358P,TPK永豐94售01   ,0,0,0,0,0,0,0,0,0,110000,0,0,0,110000,0,110000,110000
04136P,智邦元大93售09  ,0,0,0,0,0,0,0,0,0,110000,0,0,0,110000,0,110000,110000
047997,南亞科元大93購03,0,0,0,0,0,0,0,0,0,110000,0,0,0,178000,68000,110000,110000
048945,訊連永豐94購01  ,0,0,0,0,0,0,0,0,0,110000,0,0,0,189000,79000,110000,110000
04854P,鴻海國泰96售04  ,0,0,0,0,0,0,0,0,0,110000,0,0,0,110000,0,110000,110000
052605,聯發科元大96購06,0,0,0,0,0,0,0,0,0,110000,0,0,0,290000,180000,110000,110000
049849,欣興群益94購04  ,0,0,0,0,0,0,0,0,0,110000,0,0,0,162000,52000,110000,110000
05028P,康控永豐95售02  ,0,0,0,0,0,0,0,0,0,110000,0,0,0,120000,10000,110000,110000
049638,A50反1凱基94購01,0,0,0,0,0,0,0,0,0,110000,0,0,0,110000,0,110000,110000
049605,旺宏第一94購01  ,0,0,0,0,0,0,0,0,0,110000,0,0,0,110000,0,110000,110000
049596,智伸科元大95購01,0,0,0,0,0,0,0,0,0,110000,0,0,0,110000,0,110000,110000
050988,廣達富邦95購01  ,0,0,0,0,0,0,0,0,0,110000,0,0,0,110000,0,110000,110000
054902,億光康和97購01  ,0,0,0,0,0,0,0,0,0,110000,0,0,0,110000,0,110000,110000
06075P,智邦凱基97售02  ,0,0,0,0,0,0,0,0,0,110000,0,0,0,110000,0,110000,110000
05985P,燿華統一96售03  ,0,0,0,0,0,0,0,0,0,110000,0,0,0,110000,0,110000,110000
056335,微星凱基98購01  ,0,0,0,0,0,0,0,0,0,109000,0,0,0,230000,121000,109000,109000
051774,聯茂中信96購01  ,0,0,0,0,0,0,0,0,0,109000,0,0,0,272000,163000,109000,109000
05927P,正文永豐96售03  ,0,0,0,0,0,0,0,0,0,109000,0,0,0,109000,0,109000,109000
05874P,台積電群益96售10,0,0,0,0,0,0,0,0,0,109000,0,0,0,135000,26000,109000,109000
6552,易華電          ,167000,51000,116000,0,0,0,0,0,0,-7000,2000,0,2000,2000,11000,-9000,109000
056319,智原群益98購02  ,0,0,0,0,0,0,0,0,0,108000,0,0,0,108000,0,108000,108000
055449,超眾統一9A購01  ,0,0,0,0,0,0,0,0,0,108000,0,0,0,108000,0,108000,108000
05762P,昇陽半永豐96售04,0,0,0,0,0,0,0,0,0,108000,0,0,0,109000,1000,108000,108000
057291,國巨國泰9A購01  ,0,0,0,0,0,0,0,0,0,108000,0,0,0,531000,423000,108000,108000
04703P,樺漢統一95售01  ,0,0,0,0,0,0,0,0,0,108000,0,0,0,108000,0,108000,108000
046480,群創元富96購01  ,0,0,0,0,0,0,0,0,0,108000,0,0,0,125000,17000,108000,108000
05887P,友達元富99售03  ,0,0,0,0,0,0,0,0,0,108000,0,0,0,118000,10000,108000,108000
06044P,同欣電永豐96售03,0,0,0,0,0,0,0,0,0,108000,0,0,0,175000,67000,108000,108000
06215P,康控永豐97售02  ,0,0,0,0,0,0,0,0,0,108000,0,0,0,108000,0,108000,108000
050525,嘉晶元大95購02  ,0,0,0,0,0,0,0,0,0,107000,0,0,0,290000,183000,107000,107000
049972,南電國票95購02  ,0,0,0,0,0,0,0,0,0,107000,0,0,0,178000,71000,107000,107000
054647,禾伸堂群益99購01,0,0,0,0,0,0,0,0,0,107000,0,0,0,286000,179000,107000,107000
2882A,國泰特          ,0,0,0,0,0,0,0,0,0,107000,107000,0,107000,0,0,0,107000
2349,錸德            ,480000,377163,102837,0,0,0,4000,0,4000,0,0,0,0,0,0,0,106837
057062,立積國泰99購01  ,0,0,0,0,0,0,0,0,0,106000,0,0,0,387000,281000,106000,106000
055659,百和元富97購01  ,0,0,0,0,0,0,0,0,0,106000,0,0,0,106000,0,106000,106000
044405,材料凱基93購01  ,0,0,0,0,0,0,0,0,0,106000,0,0,0,126000,20000,106000,106000
050647,聯發科凱基96購01,0,0,0,0,0,0,0,0,0,106000,0,0,0,106000,0,106000,106000
054960,新日興元大97購02,0,0,0,0,0,0,0,0,0,106000,0,0,0,106000,0,106000,106000
2228,劍麟            ,125000,18000,107000,0,0,0,0,0,0,-1000,0,0,0,0,1000,-1000,106000
056802,友達台新98購01  ,0,0,0,0,0,0,0,0,0,105000,0,0,0,105000,0,105000,105000
05684P,臺股指元大96售09,0,0,0,0,0,0,0,0,0,105000,0,0,0,135000,30000,105000,105000
045377,華邦電元大93購01,0,0,0,0,0,0,0,0,0,105000,0,0,0,105000,0,105000,105000
04117P,聯發科元大93售21,0,0,0,0,0,0,0,0,0,105000,0,0,0,105000,0,105000,105000
052089,聯發科元大96購02,0,0,0,0,0,0,0,0,0,105000,0,0,0,281000,176000,105000,105000
052607,大立光元大96購03,0,0,0,0,0,0,0,0,0,105000,0,0,0,112000,7000,105000,105000
051463,世芯國泰97購02  ,0,0,0,0,0,0,0,0,0,105000,0,0,0,169000,64000,105000,105000
050376,百和元大95購01  ,0,0,0,0,0,0,0,0,0,105000,0,0,0,105000,0,105000,105000
05362P,可成富邦97售02  ,0,0,0,0,0,0,0,0,0,105000,0,0,0,105000,0,105000,105000
06687P,A50正2中信9A售01,0,0,0,0,0,0,0,0,0,105000,0,0,0,120000,15000,105000,105000
05912P,和大元大96售01  ,0,0,0,0,0,0,0,0,0,105000,0,0,0,245000,140000,105000,105000
5876,上海商銀        ,1772906,1575679,197227,0,0,0,4000,206436,-202436,110000,100000,0,100000,50000,40000,10000,104791
055979,聯鈞統一97購03  ,0,0,0,0,0,0,0,0,0,104000,0,0,0,355000,251000,104000,104000
03861P,群創元富99售01  ,0,0,0,0,0,0,0,0,0,104000,0,0,0,104000,0,104000,104000
044003,聯發科兆豐93購01,0,0,0,0,0,0,0,0,0,104000,0,0,0,214000,110000,104000,104000
048767,欣興凱基94購01  ,0,0,0,0,0,0,0,0,0,104000,0,0,0,104000,0,104000,104000
04680P,臺股指統一94售05,0,0,0,0,0,0,0,0,0,104000,0,0,0,504000,400000,104000,104000
04843P,致新元大94售02  ,0,0,0,0,0,0,0,0,0,104000,0,0,0,104000,0,104000,104000
048471,旭富永豐93購01  ,0,0,0,0,0,0,0,0,0,104000,0,0,0,104000,0,104000,104000
051734,台積電國票95購04,0,0,0,0,0,0,0,0,0,104000,0,0,0,132000,28000,104000,104000
052809,訊芯元大97購01  ,0,0,0,0,0,0,0,0,0,104000,0,0,0,230000,126000,104000,104000
053611,聯茂麥證96購01  ,0,0,0,265000,88000,177000,0,0,0,104000,0,0,0,267000,163000,104000,104000
053424,欣興永豐96購02  ,0,0,0,0,0,0,0,0,0,104000,0,0,0,123000,19000,104000,104000
054849,日月光兆豐97購01,0,0,0,0,0,0,0,0,0,104000,0,0,0,114000,10000,104000,104000
055271,鴻海元大98購03  ,0,0,0,0,0,0,0,0,0,104000,0,0,0,236000,132000,104000,104000
05823P,臺股指凱基96售20,0,0,0,0,0,0,0,0,0,104000,0,0,0,134000,30000,104000,104000
06154P,超眾元大98售01  ,0,0,0,0,0,0,0,0,0,104000,0,0,0,171000,67000,104000,104000
06313P,訊芯元富97售01  ,0,0,0,0,0,0,0,0,0,104000,0,0,0,326000,222000,104000,104000
06833P,矽力群益99售01  ,0,0,0,0,0,0,0,0,0,104000,0,0,0,114000,10000,104000,104000
056786,亞光群益98購03  ,0,0,0,0,0,0,0,0,0,103000,0,0,0,120000,17000,103000,103000
047380,統一元大93購01  ,0,0,0,0,0,0,0,0,0,103000,0,0,0,103000,0,103000,103000
048698,宏達電國票95購01,0,0,0,0,0,0,0,0,0,103000,0,0,0,143000,40000,103000,103000
04626P,聯發科元大94售07,0,0,0,0,0,0,0,0,0,103000,0,0,0,103000,0,103000,103000
052069,聯茂兆豐96購01  ,0,0,0,0,0,0,0,0,0,103000,0,0,0,322000,219000,103000,103000
050142,聯發科元富9A購01,0,0,0,0,0,0,0,0,0,103000,0,0,0,738000,635000,103000,103000
050424,鴻海凱基96購03  ,0,0,0,0,0,0,0,0,0,103000,0,0,0,103000,0,103000,103000
054046,義隆元大96購02  ,0,0,0,0,0,0,0,0,0,103000,0,0,0,153000,50000,103000,103000
054061,晶技國票97購03  ,0,0,0,0,0,0,0,0,0,103000,0,0,0,103000,0,103000,103000
06245P,健策元富97售03  ,0,0,0,0,0,0,0,0,0,103000,0,0,0,107000,4000,103000,103000
05696P,南亞科凱基96售01,0,0,0,0,0,0,0,0,0,102000,0,0,0,102000,0,102000,102000
044764,聯茂凱基93購03  ,0,0,0,0,0,0,0,0,0,102000,0,0,0,198000,96000,102000,102000
050719,世紀鋼群益96購01,0,0,0,0,0,0,0,0,0,102000,0,0,0,200000,98000,102000,102000
050761,華通元大94購05  ,0,0,0,0,0,0,0,0,0,102000,0,0,0,135000,33000,102000,102000
04839P,大立光元大94售17,0,0,0,0,0,0,0,0,0,102000,0,0,0,102000,0,102000,102000
04832P,為升元大94售09  ,0,0,0,0,0,0,0,0,0,102000,0,0,0,112000,10000,102000,102000
051827,智邦元大95購04  ,0,0,0,0,0,0,0,0,0,102000,0,0,0,162000,60000,102000,102000
050519,旺宏元大95購03  ,0,0,0,0,0,0,0,0,0,102000,0,0,0,112000,10000,102000,102000
05542P,滬深2X元富96售01,0,0,0,0,0,0,0,0,0,102000,0,0,0,321000,219000,102000,102000
05427P,聯發科凱基96售07,0,0,0,0,0,0,0,0,0,102000,0,0,0,107000,5000,102000,102000
05966P,矽力凱基96售03  ,0,0,0,0,0,0,0,0,0,102000,0,0,0,231000,129000,102000,102000
056711,亞光永豐98購01  ,0,0,0,0,0,0,0,0,0,101000,0,0,0,130000,29000,101000,101000
057504,技嘉麥證98購01  ,0,0,0,172000,71000,101000,0,0,0,101000,0,0,0,172000,71000,101000,101000
056646,奇鋐凱基99購02  ,0,0,0,0,0,0,0,0,0,101000,0,0,0,221000,120000,101000,101000
047840,新日興元大93購03,0,0,0,0,0,0,0,0,0,101000,0,0,0,101000,0,101000,101000
04958P,和大凱基94售04  ,0,0,0,0,0,0,0,0,0,101000,0,0,0,131000,30000,101000,101000
053260,喬山群益96購01  ,0,0,0,0,0,0,0,0,0,101000,0,0,0,101000,0,101000,101000
06031P,新光金兆豐96售02,0,0,0,0,0,0,0,0,0,101000,0,0,0,113000,12000,101000,101000
06156P,大立光統一97售05,0,0,0,0,0,0,0,0,0,101000,0,0,0,101000,0,101000,101000
06675P,國巨國票99售02  ,0,0,0,0,0,0,0,0,0,101000,0,0,0,137000,36000,101000,101000
06641P,智邦兆豐99售01  ,0,0,0,0,0,0,0,0,0,101000,0,0,0,110000,9000,101000,101000
06870P,台灣50群益9A售03,0,0,0,0,0,0,0,0,0,101000,0,0,0,130000,29000,101000,101000
056095,臻鼎元富9A購01  ,0,0,0,0,0,0,0,0,0,100000,0,0,0,190000,90000,100000,100000
056067,智原元大97購01  ,0,0,0,0,0,0,0,0,0,100000,0,0,0,100000,0,100000,100000
055969,彩晶元大99購02  ,0,0,0,0,0,0,0,0,0,100000,0,0,0,100000,0,100000,100000
055655,群創元富99購07  ,0,0,0,0,0,0,0,0,0,100000,0,0,0,441000,341000,100000,100000
055685,日月光凱基97購02,0,0,0,0,0,0,0,0,0,100000,0,0,0,100000,0,100000,100000
055539,億光台新97購01  ,0,0,0,0,0,0,0,0,0,100000,0,0,0,100000,0,100000,100000
055581,和大元大97購04  ,0,0,0,0,0,0,0,0,0,100000,0,0,0,100000,0,100000,100000
057812,友達元大9A購05  ,0,0,0,0,0,0,0,0,0,100000,0,0,0,102000,2000,100000,100000
056764,友達元大9A購03  ,0,0,0,0,0,0,0,0,0,100000,0,0,0,187000,87000,100000,100000
056876,群創凱基98購11  ,0,0,0,0,0,0,0,0,0,100000,0,0,0,100000,0,100000,100000
057026,長榮航凱基98購01,0,0,0,0,0,0,0,0,0,100000,0,0,0,100000,0,100000,100000
057186,群創元大99購04  ,0,0,0,0,0,0,0,0,0,100000,0,0,0,100000,0,100000,100000
04788P,台積電永昌96售05,0,0,0,0,0,0,0,0,0,100000,0,0,0,100000,0,100000,100000
049045,上海銀兆豐94購01,0,0,0,0,0,0,0,0,0,100000,0,0,0,100000,0,100000,100000
048566,上海銀元大93購04,0,0,0,0,0,0,0,0,0,100000,0,0,0,100000,0,100000,100000
048638,台光電元大94購01,0,0,0,0,0,0,0,0,0,100000,0,0,0,100000,0,100000,100000
048143,聯發科統一94購03,0,0,0,0,0,0,0,0,0,100000,0,0,0,100000,0,100000,100000
048197,義隆元大93購04  ,0,0,0,0,0,0,0,0,0,100000,0,0,0,163000,63000,100000,100000
046844,旺宏永豐93購01  ,0,0,0,0,0,0,0,0,0,100000,0,0,0,100000,0,100000,100000
046716,欣興國泰93購03  ,0,0,0,0,0,0,0,0,0,100000,0,0,0,117000,17000,100000,100000
04411P,智易統一96售01  ,0,0,0,0,0,0,0,0,0,100000,0,0,0,100000,0,100000,100000
046384,群創凱基98購02  ,0,0,0,0,0,0,0,0,0,100000,0,0,0,167000,67000,100000,100000
048782,亞泥元大94購01  ,0,0,0,0,0,0,0,0,0,100000,0,0,0,100000,0,100000,100000
044408,聯茂凱基93購02  ,0,0,0,0,0,0,0,0,0,100000,0,0,0,146000,46000,100000,100000
043735,元金2X元大94購01,0,0,0,0,0,0,0,0,0,100000,0,0,0,100000,0,100000,100000
03564P,為升群益02售02  ,0,0,0,0,0,0,0,0,0,100000,0,0,0,100000,0,100000,100000
03917P,鴻海凱基94售07  ,0,0,0,0,0,0,0,0,0,100000,0,0,0,100000,0,100000,100000
04169P,鴻海凱基93售34  ,0,0,0,0,0,0,0,0,0,100000,0,0,0,100000,0,100000,100000
03243P,台積電統一02售08,0,0,0,0,0,0,0,0,0,100000,0,0,0,100000,0,100000,100000
03064P,台灣50群益01售14,0,0,0,0,0,0,0,0,0,100000,0,0,0,100000,0,100000,100000
050992,台積電元大97購01,0,0,0,0,0,0,0,0,0,100000,0,0,0,325000,225000,100000,100000
05099P,台積電凱基95售06,0,0,0,0,0,0,0,0,0,100000,0,0,0,111000,11000,100000,100000
049471,楠梓電永豐94購04,0,0,0,0,0,0,0,0,0,100000,0,0,0,100000,0,100000,100000
049468,楠梓電康和94購01,0,0,0,0,0,0,0,0,0,100000,0,0,0,100000,0,100000,100000
04949P,致新元大94售04  ,0,0,0,0,0,0,0,0,0,100000,0,0,0,100000,0,100000,100000
049650,啟碁凱基94購03  ,0,0,0,0,0,0,0,0,0,100000,0,0,0,110000,10000,100000,100000
051662,大立光永昌96購03,0,0,0,0,0,0,0,0,0,100000,0,0,0,200000,100000,100000,100000
051522,玉晶光凱基95購05,40000,0,40000,0,0,0,0,0,0,60000,0,0,0,143000,83000,60000,100000
051491,貿聯凱基95購01  ,0,0,0,0,0,0,0,0,0,100000,0,0,0,100000,0,100000,100000
050228,中磊中信96購01  ,0,0,0,0,0,0,0,0,0,100000,0,0,0,110000,10000,100000,100000
05202P,鴻海元大95售16  ,0,0,0,0,0,0,0,0,0,100000,0,0,0,100000,0,100000,100000
049947,S&P反1中信97購01,0,0,0,0,0,0,0,0,0,100000,0,0,0,100000,0,100000,100000
052284,日月光凱基96購01,0,0,0,0,0,0,0,0,0,100000,0,0,0,100000,0,100000,100000
052198,鴻海統一95購10  ,0,0,0,0,0,0,0,0,0,100000,0,0,0,100000,0,100000,100000
052169,鴻海元大97購02  ,0,0,0,0,0,0,0,0,0,100000,0,0,0,100000,0,100000,100000
052172,致茂元大95購01  ,0,0,0,0,0,0,0,0,0,100000,0,0,0,100000,0,100000,100000
052821,晶技永豐96購01  ,0,0,0,0,0,0,0,0,0,100000,0,0,0,100000,0,100000,100000
052868,緯創凱基96購03  ,0,0,0,0,0,0,0,0,0,100000,0,0,0,100000,0,100000,100000
053935,華通元富96購02  ,0,0,0,0,0,0,0,0,0,100000,0,0,0,100000,0,100000,100000
054804,南亞元大9A購01  ,0,0,0,0,0,0,0,0,0,100000,0,0,0,100000,0,100000,100000
054821,貿聯元大9A購01  ,0,0,0,0,0,0,0,0,0,100000,0,0,0,105000,5000,100000,100000
054845,智邦兆豐98購01  ,0,0,0,0,0,0,0,0,0,100000,0,0,0,150000,50000,100000,100000
05670P,台積電國票98售01,0,0,0,0,0,0,0,0,0,99000,0,0,0,100000,1000,99000,99000
056378,欣興元富98購01  ,0,0,0,0,0,0,0,0,0,99000,0,0,0,99000,0,99000,99000
04616P,臺股指群益95售02,0,0,0,0,0,0,0,0,0,99000,0,0,0,354000,255000,99000,99000
046011,欣興元富95購01  ,0,0,0,0,0,0,0,0,0,99000,0,0,0,174000,75000,99000,99000
050671,超眾永豐94購04  ,0,0,0,0,0,0,0,0,0,99000,0,0,0,199000,100000,99000,99000
046940,瑞昱元大93購07  ,0,0,0,0,0,0,0,0,0,99000,0,0,0,100000,1000,99000,99000
048446,南亞科凱基93購07,0,0,0,0,0,0,0,0,0,99000,0,0,0,99000,0,99000,99000
047838,亞光元大93購03  ,0,0,0,0,0,0,0,0,0,99000,0,0,0,102000,3000,99000,99000
049798,台積電元大94購18,0,0,0,0,0,0,0,0,0,99000,0,0,0,478000,379000,99000,99000
055372,宏達電元大97購04,0,0,0,0,0,0,0,0,0,99000,0,0,0,101000,2000,99000,99000
054633,臺股指凱基9A購02,0,0,0,0,0,0,0,0,0,99000,0,0,0,768000,669000,99000,99000
06028P,智邦台新97售01  ,0,0,0,0,0,0,0,0,0,99000,0,0,0,100000,1000,99000,99000
06018P,康控凱基96售03  ,0,0,0,0,0,0,0,0,0,99000,0,0,0,99000,0,99000,99000
055490,台光電元大97購01,0,0,0,0,0,0,0,0,0,98000,0,0,0,100000,2000,98000,98000
056985,智原群益98購03  ,0,0,0,0,0,0,0,0,0,98000,0,0,0,98000,0,98000,98000
057069,台積電永豐98購02,0,0,0,0,0,0,0,0,0,98000,0,0,0,302000,204000,98000,98000
047765,瑞昱元大93購12  ,0,0,0,0,0,0,0,0,0,98000,0,0,0,100000,2000,98000,98000
048896,凌陽國泰95購01  ,0,0,0,0,0,0,0,0,0,98000,0,0,0,98000,0,98000,98000
049858,百和群益94購05  ,0,0,0,0,0,0,0,0,0,98000,0,0,0,120000,22000,98000,98000
052234,GIS凱基97購01   ,0,0,0,0,0,0,0,0,0,98000,0,0,0,128000,30000,98000,98000
054779,台塑群益98購01  ,0,0,0,0,0,0,0,0,0,98000,0,0,0,206000,108000,98000,98000
054370,台積電中信9A購01,0,0,0,0,0,0,0,0,0,98000,0,0,0,198000,100000,98000,98000
055331,國巨兆豐99購01  ,0,0,0,0,0,0,0,0,0,98000,0,0,0,147000,49000,98000,98000
053839,華通統一96購01  ,0,0,0,0,0,0,0,0,0,98000,0,0,0,173000,75000,98000,98000
052974,瀚宇博群益96購01,0,0,0,0,0,0,0,0,0,98000,0,0,0,98000,0,98000,98000
06004P,奇力新永豐96售02,0,0,0,0,0,0,0,0,0,98000,0,0,0,118000,20000,98000,98000
06645P,上銀元大98售05  ,0,0,0,0,0,0,0,0,0,98000,0,0,0,118000,20000,98000,98000
06492P,上銀永豐98售01  ,0,0,0,0,0,0,0,0,0,98000,0,0,0,212000,114000,98000,98000
3704,合勤控          ,285000,191000,94000,0,0,0,0,0,0,4000,0,0,0,4000,0,4000,98000
056821,日電貿永豐98購01,0,0,0,0,0,0,0,0,0,97000,0,0,0,236000,139000,97000,97000
057292,國巨國泰9B購01  ,0,0,0,0,0,0,0,0,0,97000,0,0,0,543000,446000,97000,97000
048340,聯發科元大93購25,0,0,0,0,0,0,0,0,0,97000,0,0,0,97000,0,97000,97000
047450,南茂元大93購05  ,0,0,0,0,0,0,0,0,0,97000,0,0,0,97000,0,97000,97000
04584P,楠梓電永豐94售01,0,0,0,0,0,0,0,0,0,97000,0,0,0,102000,5000,97000,97000
05238P,禾伸堂永豐95售01,0,0,0,0,0,0,0,0,0,97000,0,0,0,151000,54000,97000,97000
051799,台積電永豐96購01,0,0,0,0,0,0,0,0,0,97000,0,0,0,98000,1000,97000,97000
052912,日月光統一96購01,0,0,0,0,0,0,0,0,0,97000,0,0,0,177000,80000,97000,97000
053331,玉晶光永豐97購02,0,0,0,0,0,0,0,0,0,97000,0,0,0,175000,78000,97000,97000
054743,聯鈞凱基99購01  ,0,0,0,0,0,0,0,0,0,97000,0,0,0,193000,96000,97000,97000
3535,晶彩科          ,143000,47000,96000,0,0,0,0,0,0,1000,1000,0,1000,0,0,0,97000
2359,所羅門          ,109000,12000,97000,0,0,0,0,0,0,0,0,0,0,0,0,0,97000
057407,超眾群益99購01  ,0,0,0,0,0,0,0,0,0,96000,0,0,0,100000,4000,96000,96000
05783P,嘉澤元富96售01  ,0,0,0,0,0,0,0,0,0,96000,0,0,0,166000,70000,96000,96000
056788,日月光群益98購01,0,0,0,0,0,0,0,0,0,96000,0,0,0,210000,114000,96000,96000
056333,台積電日盛9B購01,0,0,0,0,0,0,0,0,0,96000,0,0,0,106000,10000,96000,96000
04377P,大立光元大94售04,0,0,0,0,0,0,0,0,0,96000,0,0,0,96000,0,96000,96000
042792,T50反1台新9C購01,0,0,0,0,0,0,0,0,0,96000,0,0,0,108000,12000,96000,96000
047556,群創凱基95購01  ,0,0,0,0,0,0,0,0,0,96000,0,0,0,116000,20000,96000,96000
051479,兆豐金凱基95購01,0,0,0,0,0,0,0,0,0,96000,0,0,0,271000,175000,96000,96000
04987P,昇陽半永豐94售04,0,0,0,0,0,0,0,0,0,96000,0,0,0,109000,13000,96000,96000
050030,嘉晶元大94購03  ,0,0,0,0,0,0,0,0,0,96000,0,0,0,258000,162000,96000,96000
4766,南寶            ,172000,76000,96000,0,0,0,0,0,0,0,0,0,0,0,0,0,96000
06504P,麗豐國票99售02  ,0,0,0,0,0,0,0,0,0,96000,0,0,0,96000,0,96000,96000
05862P,大立光國泰98售01,0,0,0,0,0,0,0,0,0,96000,0,0,0,626000,530000,96000,96000
055511,大立光兆豐97購02,0,0,0,0,0,0,0,0,0,95000,0,0,0,115000,20000,95000,95000
055517,國巨中信97購03  ,0,0,0,0,0,0,0,0,0,95000,0,0,0,168000,73000,95000,95000
055676,亞德客凱基97購03,0,0,0,0,0,0,0,0,0,95000,0,0,0,242000,147000,95000,95000
05760P,京鼎永豐96售02  ,0,0,0,0,0,0,0,0,0,95000,0,0,0,95000,0,95000,95000
057534,旭富元大98購01  ,0,0,0,0,0,0,0,0,0,95000,0,0,0,95000,0,95000,95000
047060,智易日盛93購01  ,0,0,0,0,0,0,0,0,0,95000,0,0,0,95000,0,95000,95000
04846P,旺宏凱基94售07  ,0,0,0,0,0,0,0,0,0,95000,0,0,0,100000,5000,95000,95000
049148,全新元大95購01  ,0,0,0,0,0,0,0,0,0,95000,0,0,0,95000,0,95000,95000
036805,國巨元富93購02  ,0,0,0,0,0,0,0,0,0,95000,0,0,0,95000,0,95000,95000
04513P,元石油中信94售01,0,0,0,0,0,0,0,0,0,95000,0,0,0,100000,5000,95000,95000
051441,鴻海元大95購13  ,0,0,0,0,0,0,0,0,0,95000,0,0,0,105000,10000,95000,95000
049370,可成元大94購03  ,0,0,0,0,0,0,0,0,0,95000,0,0,0,271000,176000,95000,95000
054509,上証反元大99購01,0,0,0,0,0,0,0,0,0,95000,0,0,0,133000,38000,95000,95000
053154,聯詠元大96購01  ,0,0,0,0,0,0,0,0,0,95000,0,0,0,115000,20000,95000,95000
06070P,漢唐永豐97售01  ,0,0,0,0,0,0,0,0,0,95000,0,0,0,95000,0,95000,95000
056130,新日興麥證97購01,0,0,0,124000,30000,94000,0,0,0,94000,0,0,0,124000,30000,94000,94000
04892P,聯發科元大94售14,0,0,0,0,0,0,0,0,0,94000,0,0,0,100000,6000,94000,94000
047875,南電永豐93購02  ,0,0,0,0,0,0,0,0,0,94000,0,0,0,114000,20000,94000,94000
048631,遠東新元大93購01,0,0,0,0,0,0,0,0,0,94000,0,0,0,94000,0,94000,94000
051396,健鼎兆豐95購01  ,0,0,0,0,0,0,0,0,0,94000,0,0,0,205000,111000,94000,94000
051408,台積電國票95購03,0,0,0,0,0,0,0,0,0,94000,0,0,0,184000,90000,94000,94000
052130,國巨凱基9B購01  ,0,0,0,0,0,0,0,0,0,94000,0,0,0,318000,224000,94000,94000
053738,群創麥證96購01  ,0,0,0,140000,46000,94000,0,0,0,94000,0,0,0,140000,46000,94000,94000
054870,新日興群益98購01,0,0,0,0,0,0,0,0,0,94000,0,0,0,274000,180000,94000,94000
055037,宏盛富邦99購01  ,0,0,0,0,0,0,0,0,0,94000,0,0,0,105000,11000,94000,94000
06683P,訊芯元大98售07  ,0,0,0,0,0,0,0,0,0,94000,0,0,0,475000,381000,94000,94000
4746,台耀            ,168000,72000,96000,0,0,0,0,0,0,-2000,3000,5000,-2000,0,0,0,94000
056029,國巨麥證98購01  ,0,0,0,134000,41000,93000,0,0,0,93000,0,0,0,134000,41000,93000,93000
056841,友達元富98購03  ,0,0,0,0,0,0,0,0,0,93000,0,0,0,93000,0,93000,93000
05705P,上証2X永豐96售03,0,0,0,0,0,0,0,0,0,93000,0,0,0,247000,154000,93000,93000
047386,南亞科元大93購01,0,0,0,0,0,0,0,0,0,93000,0,0,0,93000,0,93000,93000
047678,景碩台新93購01  ,0,0,0,0,0,0,0,0,0,93000,0,0,0,93000,0,93000,93000
04340P,易華電元大94售02,0,0,0,0,0,0,0,0,0,93000,0,0,0,115000,22000,93000,93000
049982,嘉晶凱基94購01  ,0,0,0,0,0,0,0,0,0,93000,0,0,0,262000,169000,93000,93000
049557,南電元富94購02  ,0,0,0,0,0,0,0,0,0,93000,0,0,0,93000,0,93000,93000
054907,帆宣康和97購01  ,0,0,0,0,0,0,0,0,0,93000,0,0,0,98000,5000,93000,93000
054711,禾伸堂元富97購01,0,0,0,0,0,0,0,0,0,93000,0,0,0,262000,169000,93000,93000
2461,光群雷          ,138000,45000,93000,0,0,0,0,0,0,0,0,0,0,0,0,0,93000
056674,華邦電元富98購01,0,0,0,0,0,0,0,0,0,92000,0,0,0,122000,30000,92000,92000
056493,晶技國泰99購01  ,0,0,0,0,0,0,0,0,0,92000,0,0,0,101000,9000,92000,92000
047014,元油反元大99購01,0,0,0,0,0,0,0,0,0,92000,0,0,0,102000,10000,92000,92000
051242,台積電元大96購06,0,0,0,0,0,0,0,0,0,92000,0,0,0,160000,68000,92000,92000
054630,聯鈞凱基98購01  ,0,0,0,0,0,0,0,0,0,92000,0,0,0,206000,114000,92000,92000
054450,聯茂第一96購01  ,0,0,0,0,0,0,0,0,0,92000,0,0,0,220000,128000,92000,92000
054942,凱美元大97購02  ,0,0,0,0,0,0,0,0,0,92000,0,0,0,156000,64000,92000,92000
054085,華新科統一96購04,0,0,0,0,0,0,0,0,0,92000,0,0,0,94000,2000,92000,92000
2441,超豐            ,168000,57000,111000,0,0,0,0,2000,-2000,-17000,2000,19000,-17000,0,0,0,92000
06213P,大立光元大98售07,0,0,0,0,0,0,0,0,0,92000,0,0,0,229000,137000,92000,92000
05642P,玉晶光兆豐97售02,0,0,0,0,0,0,0,0,0,91000,0,0,0,121000,30000,91000,91000
055677,喬山凱基97購01  ,0,0,0,0,0,0,0,0,0,91000,0,0,0,92000,1000,91000,91000
056847,佐登元富98購01  ,0,0,0,0,0,0,0,0,0,91000,0,0,0,91000,0,91000,91000
047196,上銀統一97購01  ,0,0,0,0,0,0,0,0,0,91000,0,0,0,106000,15000,91000,91000
051258,鈺齊國泰97購01  ,0,0,0,0,0,0,0,0,0,91000,0,0,0,254000,163000,91000,91000
051959,台郡台新95購03  ,0,0,0,0,0,0,0,0,0,91000,0,0,0,111000,20000,91000,91000
053592,亞光元大96購01  ,0,0,0,0,0,0,0,0,0,91000,0,0,0,148000,57000,91000,91000
4540,全球傳動        ,119000,28000,91000,0,0,0,0,0,0,0,0,0,0,0,0,0,91000
05758P,光罩永豐96售02  ,0,0,0,0,0,0,0,0,0,90000,0,0,0,129000,39000,90000,90000
056041,禾伸堂凱基98購03,0,0,0,0,0,0,0,0,0,90000,0,0,0,100000,10000,90000,90000
047058,聯茂國票94購01  ,0,0,0,0,0,0,0,0,0,90000,0,0,0,151000,61000,90000,90000
050723,楠梓電國票94購01,0,0,0,0,0,0,0,0,0,90000,0,0,0,90000,0,90000,90000
050839,楠梓電國票96購01,0,0,0,0,0,0,0,0,0,90000,0,0,0,90000,0,90000,90000
050315,和碩兆豐95購01  ,0,0,0,0,0,0,0,0,0,90000,0,0,0,110000,20000,90000,90000
052453,崇越元大95購01  ,0,0,0,0,0,0,0,0,0,90000,0,0,0,95000,5000,90000,90000
052655,群創統一97購01  ,0,0,0,0,0,0,0,0,0,90000,0,0,0,120000,30000,90000,90000
049445,遠東新統一94購01,0,0,0,0,0,0,0,0,0,90000,0,0,0,120000,30000,90000,90000
053617,宏達電群益96購02,0,0,0,0,0,0,0,0,0,90000,0,0,0,90000,0,90000,90000
053340,建準國票97購01  ,0,0,0,0,0,0,0,0,0,90000,0,0,0,90000,0,90000,90000
053111,緯創兆豐97購01  ,0,0,0,0,0,0,0,0,0,90000,0,0,0,100000,10000,90000,90000
06680P,智邦元大98售06  ,0,0,0,0,0,0,0,0,0,90000,0,0,0,182000,92000,90000,90000
06822P,上銀富邦99售03  ,0,0,0,0,0,0,0,0,0,90000,0,0,0,90000,0,90000,90000
06589P,台積電元大98售12,0,0,0,0,0,0,0,0,0,90000,0,0,0,90000,0,90000,90000
055924,深中小群益9B購01,0,0,0,0,0,0,0,0,0,89000,0,0,0,926000,837000,89000,89000
056627,訊芯永豐98購01  ,0,0,0,0,0,0,0,0,0,89000,0,0,0,124000,35000,89000,89000
048995,宏全元大94購01  ,0,0,0,0,0,0,0,0,0,89000,0,0,0,90000,1000,89000,89000
04193P,智原永豐93售01  ,0,0,0,0,0,0,0,0,0,89000,0,0,0,90000,1000,89000,89000
051649,中磊永豐95購02  ,0,0,0,0,0,0,0,0,0,89000,0,0,0,89000,0,89000,89000
052085,聯電元大95購01  ,0,0,0,0,0,0,0,0,0,89000,0,0,0,94000,5000,89000,89000
053614,台積電群益96購08,0,0,0,0,0,0,0,0,0,89000,0,0,0,160000,71000,89000,89000
054799,超眾群益98購01  ,0,0,0,0,0,0,0,0,0,89000,0,0,0,100000,11000,89000,89000
4763,材料-KY         ,95000,6000,89000,0,0,0,0,0,0,0,0,0,0,0,0,0,89000
056399,上証2X群益9C購01,0,0,0,0,0,0,0,0,0,88000,0,0,0,92000,4000,88000,88000
055707,聯鈞永豐98購01  ,0,0,0,0,0,0,0,0,0,88000,0,0,0,100000,12000,88000,88000
057438,禾伸堂國票99購01,0,0,0,0,0,0,0,0,0,88000,0,0,0,88000,0,88000,88000
055368,台積電元大97購24,0,0,0,0,0,0,0,0,0,88000,0,0,0,340000,252000,88000,88000
053149,京元電元大96購02,0,0,0,0,0,0,0,0,0,88000,0,0,0,88000,0,88000,88000
06545P,致茂元大98售01  ,0,0,0,0,0,0,0,0,0,88000,0,0,0,100000,12000,88000,88000
06796P,臺股指凱基98售06,0,0,0,0,0,0,0,0,0,88000,0,0,0,379000,291000,88000,88000
055763,鎧勝群益97購01  ,0,0,0,0,0,0,0,0,0,87000,0,0,0,98000,11000,87000,87000
056303,亞光元大97購04  ,0,0,0,0,0,0,0,0,0,87000,0,0,0,171000,84000,87000,87000
044298,南電凱基93購01  ,0,0,0,0,0,0,0,0,0,87000,0,0,0,97000,10000,87000,87000
050971,緯穎永豐95購01  ,0,0,0,0,0,0,0,0,0,87000,0,0,0,120000,33000,87000,87000
04993P,上銀兆豐96售01  ,0,0,0,0,0,0,0,0,0,87000,0,0,0,342000,255000,87000,87000
052985,美律元大96購02  ,0,0,0,0,0,0,0,0,0,87000,0,0,0,100000,13000,87000,87000
053835,南亞科永豐96購02,0,0,0,0,0,0,0,0,0,87000,0,0,0,89000,2000,87000,87000
054660,禾伸堂元大97購03,0,0,0,0,0,0,0,0,0,87000,0,0,0,171000,84000,87000,87000
054367,鴻海中信98購03  ,0,0,0,0,0,0,0,0,0,87000,0,0,0,90000,3000,87000,87000
3712,永崴投控        ,109000,22000,87000,0,0,0,0,0,0,0,0,0,0,0,0,0,87000
2451,創見            ,165000,83000,82000,0,0,0,0,0,0,5000,0,0,0,5000,0,5000,87000
055755,禾伸堂兆豐97購02,0,0,0,0,0,0,0,0,0,86000,0,0,0,200000,114000,86000,86000
055609,旺宏國票99購01  ,0,0,0,0,0,0,0,0,0,86000,0,0,0,87000,1000,86000,86000
057402,嘉晶群益98購02  ,0,0,0,0,0,0,0,0,0,86000,0,0,0,86000,0,86000,86000
056783,國巨群益99購01  ,0,0,0,0,0,0,0,0,0,86000,0,0,0,106000,20000,86000,86000
056810,群創統一9A購01  ,0,0,0,0,0,0,0,0,0,86000,0,0,0,86000,0,86000,86000
052636,大立光凱基96購10,0,0,0,0,0,0,0,0,0,86000,0,0,0,86000,0,86000,86000
050431,聯發科凱基94購18,0,0,0,0,0,0,0,0,0,86000,0,0,0,239000,153000,86000,86000
050590,晶技永豐95購01  ,0,0,0,0,0,0,0,0,0,86000,0,0,0,156000,70000,86000,86000
051272,嘉晶群益95購01  ,0,0,0,0,0,0,0,0,0,86000,0,0,0,197000,111000,86000,86000
054504,聯鈞永豐96購01  ,0,0,0,0,0,0,0,0,0,86000,0,0,0,117000,31000,86000,86000
054059,欣興國票97購03  ,0,0,0,0,0,0,0,0,0,86000,0,0,0,86000,0,86000,86000
2429,銘旺科          ,107000,21000,86000,0,0,0,0,0,0,0,0,0,0,0,0,0,86000
8081,致新            ,200000,122000,78000,0,0,0,10000,0,10000,-2000,0,0,0,12000,14000,-2000,86000
06598P,奇力新永豐98售02,0,0,0,0,0,0,0,0,0,86000,0,0,0,86000,0,86000,86000
05946P,和碩中信96售01  ,0,0,0,0,0,0,0,0,0,86000,0,0,0,86000,0,86000,86000
05774P,臺股指凱基99售04,0,0,0,0,0,0,0,0,0,85000,0,0,0,239000,154000,85000,85000
055522,道瓊反群益01購01,0,0,0,0,0,0,0,0,0,85000,0,0,0,85000,0,85000,85000
056081,T50反1統一99購02,0,0,0,0,0,0,0,0,0,85000,0,0,0,85000,0,85000,85000
049178,宏達電凱基94購02,0,0,0,0,0,0,0,0,0,85000,0,0,0,85000,0,85000,85000
047789,景碩群益93購01  ,0,0,0,0,0,0,0,0,0,85000,0,0,0,116000,31000,85000,85000
048248,聯發科兆豐95購01,0,0,0,0,0,0,0,0,0,85000,0,0,0,300000,215000,85000,85000
050514,聯電元大94購01  ,0,0,0,0,0,0,0,0,0,85000,0,0,0,88000,3000,85000,85000
051161,喬山元大95購02  ,0,0,0,0,0,0,0,0,0,85000,0,0,0,86000,1000,85000,85000
052577,台積電統一96購01,0,0,0,0,0,0,0,0,0,85000,0,0,0,125000,40000,85000,85000
054106,元油反凱基9C購01,0,0,0,0,0,0,0,0,0,85000,0,0,0,92000,7000,85000,85000
054396,日電貿永豐96購02,0,0,0,0,0,0,0,0,0,85000,0,0,0,85000,0,85000,85000
054968,佐登元大97購01  ,0,0,0,0,0,0,0,0,0,85000,0,0,0,99000,14000,85000,85000
055017,緯穎元富97購01  ,0,0,0,0,0,0,0,0,0,85000,0,0,0,107000,22000,85000,85000
4927,泰鼎-KY         ,828000,654000,174000,0,0,0,208000,0,208000,-297000,82000,363000,-281000,93000,109000,-16000,85000
055940,致新群益98購01  ,0,0,0,0,0,0,0,0,0,84000,0,0,0,114000,30000,84000,84000
04565P,聯詠凱基94售01  ,0,0,0,0,0,0,0,0,0,84000,0,0,0,84000,0,84000,84000
052587,景碩永豐97購01  ,0,0,0,0,0,0,0,0,0,84000,0,0,0,122000,38000,84000,84000
052771,GIS群益96購01   ,0,0,0,0,0,0,0,0,0,84000,0,0,0,212000,128000,84000,84000
051213,華新科統一95購01,0,0,0,0,0,0,0,0,0,84000,0,0,0,90000,6000,84000,84000
054752,易華電凱基97購02,0,0,0,0,0,0,0,0,0,84000,0,0,0,105000,21000,84000,84000
5305,敦南            ,123000,39000,84000,0,0,0,0,0,0,0,0,0,0,0,0,0,84000
06272P,台郡凱基97售04  ,0,0,0,0,0,0,0,0,0,84000,0,0,0,84000,0,84000,84000
055815,亞光國票99購01  ,0,0,0,0,0,0,0,0,0,83000,0,0,0,83000,0,83000,83000
056154,宏達電凱基97購03,0,0,0,0,0,0,0,0,0,83000,0,0,0,105000,22000,83000,83000
056426,上証2X凱基9A購01,0,0,0,0,0,0,0,0,0,83000,0,0,0,91000,8000,83000,83000
056858,國巨群益99購03  ,0,0,0,0,0,0,0,0,0,83000,0,0,0,201000,118000,83000,83000
051175,國巨凱基95購04  ,0,0,0,0,0,0,0,0,0,83000,0,0,0,137000,54000,83000,83000
054800,訊芯群益99購01  ,0,0,0,0,0,0,0,0,0,83000,0,0,0,119000,36000,83000,83000
06619P,聯發科元大98售06,0,0,0,0,0,0,0,0,0,83000,0,0,0,124000,41000,83000,83000
057304,為升兆豐99購02  ,0,0,0,0,0,0,0,0,0,82000,0,0,0,307000,225000,82000,82000
055424,聚陽群益98購01  ,0,0,0,0,0,0,0,0,0,82000,0,0,0,129000,47000,82000,82000
05312P,臺股指群益95售11,0,0,0,0,0,0,0,0,0,82000,0,0,0,84000,2000,82000,82000
057325,可成群益9A購01  ,0,0,0,0,0,0,0,0,0,81000,0,0,0,102000,21000,81000,81000
05724P,致茂永豐96售01  ,0,0,0,0,0,0,0,0,0,81000,0,0,0,81000,0,81000,81000
055942,臺股指群益9C購01,0,0,0,0,0,0,0,0,0,81000,0,0,0,279000,198000,81000,81000
04517P,宏達電群益95售01,0,0,0,0,0,0,0,0,0,81000,0,0,0,81000,0,81000,81000
050763,楠梓電元大94購03,0,0,0,0,0,0,0,0,0,81000,0,0,0,233000,152000,81000,81000
051817,元金2X統一95購01,0,0,0,0,0,0,0,0,0,81000,0,0,0,84000,3000,81000,81000
052869,新日興凱基96購01,0,0,0,0,0,0,0,0,0,81000,0,0,0,125000,44000,81000,81000
052824,揚明光永豐96購02,0,0,0,0,0,0,0,0,0,81000,0,0,0,81000,0,81000,81000
053468,鴻海元大98購01  ,0,0,0,0,0,0,0,0,0,81000,0,0,0,104000,23000,81000,81000
053529,國巨麥證96購01  ,0,0,0,81000,0,81000,0,0,0,81000,0,0,0,81000,0,81000,81000
055373,聯詠元大97購03  ,0,0,0,0,0,0,0,0,0,81000,0,0,0,81000,0,81000,81000
06382P,大毅元富97售02  ,0,0,0,0,0,0,0,0,0,81000,0,0,0,144000,63000,81000,81000
055735,宏達電元富98購01,0,0,0,0,0,0,0,0,0,80000,0,0,0,80000,0,80000,80000
056709,華通永豐98購01  ,0,0,0,0,0,0,0,0,0,80000,0,0,0,109000,29000,80000,80000
050758,聯發科元富9B購01,0,0,0,0,0,0,0,0,0,80000,0,0,0,100000,20000,80000,80000
046756,廣達凱基93購01  ,0,0,0,0,0,0,0,0,0,80000,0,0,0,80000,0,80000,80000
04194P,欣興永豐93售05  ,0,0,0,0,0,0,0,0,0,80000,0,0,0,100000,20000,80000,80000
051805,元黃金凱基97購02,0,0,0,0,0,0,0,0,0,80000,0,0,0,80000,0,80000,80000
051844,宏達電富邦96購01,0,0,0,0,0,0,0,0,0,80000,0,0,0,90000,10000,80000,80000
049379,智原元大95購01  ,0,0,0,0,0,0,0,0,0,80000,0,0,0,80000,0,80000,80000
049208,台郡群益94購01  ,0,0,0,0,0,0,0,0,0,80000,0,0,0,80000,0,80000,80000
049440,T50反1統一94購04,0,0,0,0,0,0,0,0,0,80000,0,0,0,80000,0,80000,80000
051028,台光電元富95購02,0,0,0,0,0,0,0,0,0,80000,0,0,0,100000,20000,80000,80000
05260P,和碩元富95售02  ,0,0,0,0,0,0,0,0,0,80000,0,0,0,80000,0,80000,80000
049997,聯發科永豐94購04,0,0,0,0,0,0,0,0,0,80000,0,0,0,140000,60000,80000,80000
054379,光磊群益98購01  ,0,0,0,0,0,0,0,0,0,80000,0,0,0,80000,0,80000,80000
05363P,臺股指富邦95售03,0,0,0,0,0,0,0,0,0,80000,0,0,0,125000,45000,80000,80000
054089,台積電群益96購11,0,0,0,0,0,0,0,0,0,80000,0,0,0,81000,1000,80000,80000
053445,可成凱基96購04  ,0,0,0,0,0,0,0,0,0,80000,0,0,0,166000,86000,80000,80000
053354,康控兆豐97購02  ,0,0,0,0,0,0,0,0,0,80000,0,0,0,220000,140000,80000,80000
05307P,光寶科中信95售01,0,0,0,0,0,0,0,0,0,80000,0,0,0,113000,33000,80000,80000
06510P,燿華永豐98售03  ,0,0,0,0,0,0,0,0,0,80000,0,0,0,80000,0,80000,80000
06723P,台灣50麥證99售01,0,0,0,81000,1000,80000,0,0,0,80000,0,0,0,81000,1000,80000,80000
6715,嘉基            ,131000,36000,95000,0,0,0,0,0,0,-15000,0,15000,-15000,0,0,0,80000
057009,信邦中信99購01  ,0,0,0,0,0,0,0,0,0,79000,0,0,0,319000,240000,79000,79000
044645,元金2X群益93購01,0,0,0,0,0,0,0,0,0,79000,0,0,0,82000,3000,79000,79000
05259P,臺股指凱基96售12,0,0,0,0,0,0,0,0,0,79000,0,0,0,100000,21000,79000,79000
051558,元金2X國泰97購01,0,0,0,0,0,0,0,0,0,79000,0,0,0,100000,21000,79000,79000
8163,達方            ,305000,258000,47000,0,0,0,0,0,0,32000,24000,19000,5000,28000,1000,27000,79000
2889,國票金          ,482000,401000,81000,0,0,0,0,2000,-2000,0,0,0,0,0,0,0,79000
06060P,玉晶光元大97售03,0,0,0,0,0,0,0,0,0,79000,0,0,0,146000,67000,79000,79000
056990,聯發科兆豐98購01,0,0,0,0,0,0,0,0,0,78000,0,0,0,238000,160000,78000,78000
056745,聯茂凱基99購03  ,0,0,0,0,0,0,0,0,0,78000,0,0,0,160000,82000,78000,78000
056601,鈺齊元富98購01  ,0,0,0,0,0,0,0,0,0,78000,0,0,0,247000,169000,78000,78000
05630P,大立光永昌96售06,0,0,0,0,0,0,0,0,0,78000,0,0,0,92000,14000,78000,78000
04241P,欣興國泰95售02  ,0,0,0,0,0,0,0,0,0,78000,0,0,0,100000,22000,78000,78000
05222P,致伸凱基95售02  ,0,0,0,0,0,0,0,0,0,78000,0,0,0,88000,10000,78000,78000
053421,南亞科永豐96購01,0,0,0,0,0,0,0,0,0,78000,0,0,0,193000,115000,78000,78000
053150,聯發科元大96購11,0,0,0,0,0,0,0,0,0,78000,0,0,0,93000,15000,78000,78000
053518,聯茂群益96購03  ,0,0,0,0,0,0,0,0,0,78000,0,0,0,129000,51000,78000,78000
055256,日電貿統一99購01,0,0,0,0,0,0,0,0,0,78000,0,0,0,176000,98000,78000,78000
055108,智邦凱基98購01  ,0,0,0,0,0,0,0,0,0,78000,0,0,0,78000,0,78000,78000
05919P,京鼎元大96售03  ,0,0,0,0,0,0,0,0,0,78000,0,0,0,78000,0,78000,78000
06613P,華新科富邦9A售03,0,0,0,0,0,0,0,0,0,78000,0,0,0,100000,22000,78000,78000
2605,新興            ,404000,325000,79000,0,0,0,0,1000,-1000,0,0,0,0,0,0,0,78000
3645,達邁            ,102000,24000,78000,0,0,0,0,0,0,0,0,0,0,0,0,0,78000
057809,英業達元大98購01,0,0,0,0,0,0,0,0,0,77000,0,0,0,149000,72000,77000,77000
048769,聯鈞凱基94購01  ,0,0,0,0,0,0,0,0,0,77000,0,0,0,93000,16000,77000,77000
05120P,聯發科國泰97售01,0,0,0,0,0,0,0,0,0,77000,0,0,0,82000,5000,77000,77000
054937,國巨元大97購03  ,0,0,0,0,0,0,0,0,0,77000,0,0,0,722000,645000,77000,77000
054827,宏全元大9A購01  ,0,0,0,0,0,0,0,0,0,77000,0,0,0,78000,1000,77000,77000
053285,臺股指元大96購08,0,0,0,0,0,0,0,0,0,77000,0,0,0,312000,235000,77000,77000
3038,全台            ,86000,9000,77000,0,0,0,0,0,0,0,0,0,0,0,0,0,77000
06539P,聯發科凱基98售12,0,0,0,0,0,0,0,0,0,77000,0,0,0,95000,18000,77000,77000
06520P,元油2X元大98售04,0,0,0,0,0,0,0,0,0,77000,0,0,0,97000,20000,77000,77000
06397P,T50反1凱基9A售03,0,0,0,0,0,0,0,0,0,77000,0,0,0,77000,0,77000,77000
057148,玉晶光國票99購04,0,0,0,0,0,0,0,0,0,76000,0,0,0,157000,81000,76000,76000
055825,臺股指國票97購12,0,0,0,0,0,0,0,0,0,76000,0,0,0,76000,0,76000,76000
05574P,英業達元富96售01,0,0,0,0,0,0,0,0,0,76000,0,0,0,82000,6000,76000,76000
048752,廣越元富95購01  ,0,0,0,0,0,0,0,0,0,76000,0,0,0,86000,10000,76000,76000
020000,富邦特選蘋果N   ,0,0,0,0,0,0,0,0,0,76000,0,0,0,98000,22000,76000,76000
03957P,創意統一94售02  ,0,0,0,0,0,0,0,0,0,76000,0,0,0,76000,0,76000,76000
04809P,台光電群益94售04,0,0,0,0,0,0,0,0,0,76000,0,0,0,76000,0,76000,76000
048227,亞光凱基93購05  ,0,0,0,0,0,0,0,0,0,76000,0,0,0,86000,10000,76000,76000
049420,日電貿凱基94購01,0,0,0,0,0,0,0,0,0,76000,0,0,0,174000,98000,76000,76000
051988,台光電元大95購01,0,0,0,0,0,0,0,0,0,76000,0,0,0,146000,70000,76000,76000
052969,建準群益97購01  ,0,0,0,0,0,0,0,0,0,76000,0,0,0,76000,0,76000,76000
06198P,台積電元大98售06,0,0,0,0,0,0,0,0,0,76000,0,0,0,449000,373000,76000,76000
06521P,矽力元大98售01  ,0,0,0,0,0,0,0,0,0,76000,0,0,0,85000,9000,76000,76000
3029,零壹            ,92000,16000,76000,0,0,0,0,0,0,0,0,0,0,0,0,0,76000
056157,聯詠凱基97購03  ,0,0,0,0,0,0,0,0,0,75000,0,0,0,206000,131000,75000,75000
056624,景碩永豐98購01  ,0,0,0,0,0,0,0,0,0,75000,0,0,0,92000,17000,75000,75000
056899,可成元大98購01  ,0,0,0,0,0,0,0,0,0,75000,0,0,0,80000,5000,75000,75000
057685,台灣50凱基9C購01,0,0,0,0,0,0,0,0,0,75000,0,0,0,85000,10000,75000,75000
047469,華通中信93購01  ,0,0,0,0,0,0,0,0,0,75000,0,0,0,76000,1000,75000,75000
047490,元油反統一93購01,0,0,0,0,0,0,0,0,0,75000,0,0,0,75000,0,75000,75000
042927,道瓊反中信94購01,0,0,0,0,0,0,0,0,0,75000,0,0,0,75000,0,75000,75000
044187,泰鼎國泰93購01  ,0,0,0,0,0,0,0,0,0,75000,0,0,0,75000,0,75000,75000
050173,旺宏元大96購02  ,0,0,0,0,0,0,0,0,0,75000,0,0,0,86000,11000,75000,75000
052715,可成凱基96購01  ,0,0,0,0,0,0,0,0,0,75000,0,0,0,99000,24000,75000,75000
049437,可成國泰96購01  ,0,0,0,0,0,0,0,0,0,75000,0,0,0,113000,38000,75000,75000
052863,友達凱基98購02  ,0,0,0,0,0,0,0,0,0,75000,0,0,0,75000,0,75000,75000
053612,T50反1群益96購01,0,0,0,0,0,0,0,0,0,75000,0,0,0,125000,50000,75000,75000
054136,亞光元大96購04  ,0,0,0,0,0,0,0,0,0,75000,0,0,0,145000,70000,75000,75000
3605,宏致            ,97000,22000,75000,0,0,0,0,0,0,0,0,0,0,0,0,0,75000
06550P,健策元大99售01  ,0,0,0,0,0,0,0,0,0,75000,0,0,0,75000,0,75000,75000
06564P,國巨富邦9A售04  ,0,0,0,0,0,0,0,0,0,75000,0,0,0,90000,15000,75000,75000
1718,中纖            ,464000,389000,75000,0,0,0,0,0,0,0,0,0,0,0,0,0,75000
06299P,可成元大97售04  ,0,0,0,0,0,0,0,0,0,75000,0,0,0,75000,0,75000,75000
056416,華新科中信98購01,0,0,0,0,0,0,0,0,0,74000,0,0,0,200000,126000,74000,74000
055776,宏達電凱基98購02,0,0,0,0,0,0,0,0,0,74000,0,0,0,76000,2000,74000,74000
04597P,為升凱基94售02  ,0,0,0,0,0,0,0,0,0,74000,0,0,0,100000,26000,74000,74000
048905,旺宏富邦96購01  ,0,0,0,0,0,0,0,0,0,74000,0,0,0,97000,23000,74000,74000
047926,可成凱基94購02  ,0,0,0,0,0,0,0,0,0,74000,0,0,0,79000,5000,74000,74000
052761,可成群益96購02  ,0,0,0,0,0,0,0,0,0,74000,0,0,0,109000,35000,74000,74000
052589,群創永豐97購01  ,0,0,0,0,0,0,0,0,0,74000,0,0,0,74000,0,74000,74000
052247,深中小永豐95購01,0,0,0,0,0,0,0,0,0,74000,0,0,0,74000,0,74000,74000
049825,台積電凱基94購26,0,0,0,0,0,0,0,0,0,74000,0,0,0,105000,31000,74000,74000
053901,T50反1凱基99購03,0,0,0,0,0,0,0,0,0,74000,0,0,0,74000,0,74000,74000
053333,新唐永豐96購01  ,190000,0,190000,0,0,0,0,0,0,-116000,0,0,0,74000,190000,-116000,74000
054318,台虹凱基98購01  ,0,0,0,0,0,0,0,0,0,74000,0,0,0,114000,40000,74000,74000
054927,帆宣凱基97購01  ,0,0,0,0,0,0,0,0,0,74000,0,0,0,99000,25000,74000,74000
054872,瀚宇博群益98購01,0,0,0,0,0,0,0,0,0,74000,0,0,0,98000,24000,74000,74000
06024P,台郡國票97售05  ,0,0,0,0,0,0,0,0,0,74000,0,0,0,74000,0,74000,74000
055912,宏達電凱基98購03,0,0,0,0,0,0,0,0,0,73000,0,0,0,75000,2000,73000,73000
056598,京元電元富98購01,0,0,0,0,0,0,0,0,0,73000,0,0,0,94000,21000,73000,73000
056209,超眾永豐97購02  ,0,0,0,0,0,0,0,0,0,73000,0,0,0,73000,0,73000,73000
057452,新日興元富98購01,0,0,0,0,0,0,0,0,0,73000,0,0,0,260000,187000,73000,73000
056803,群創台新99購02  ,0,0,0,0,0,0,0,0,0,73000,0,0,0,73000,0,73000,73000
057128,台光電凱基98購03,0,0,0,0,0,0,0,0,0,73000,0,0,0,79000,6000,73000,73000
049146,南亞科元大94購02,0,0,0,0,0,0,0,0,0,73000,0,0,0,118000,45000,73000,73000
051082,上証2X元大98購01,0,0,0,0,0,0,0,0,0,73000,0,0,0,123000,50000,73000,73000
052400,聯詠凱基97購01  ,0,0,0,0,0,0,0,0,0,73000,0,0,0,75000,2000,73000,73000
054996,聯陽元富97購01  ,0,0,0,0,0,0,0,0,0,73000,0,0,0,603000,530000,73000,73000
054618,訊芯永豐97購01  ,0,0,0,0,0,0,0,0,0,73000,0,0,0,73000,0,73000,73000
053274,旺宏元大98購03  ,0,0,0,0,0,0,0,0,0,73000,0,0,0,75000,2000,73000,73000
056963,建準永豐98購01  ,0,0,0,0,0,0,0,0,0,72000,0,0,0,72000,0,72000,72000
056943,華通統一99購01  ,0,0,0,0,0,0,0,0,0,72000,0,0,0,72000,0,72000,72000
056284,台積電永豐97購06,0,0,0,0,0,0,0,0,0,72000,0,0,0,78000,6000,72000,72000
050726,可成國票96購01  ,0,0,0,0,0,0,0,0,0,72000,0,0,0,102000,30000,72000,72000
04813P,智邦元大94售07  ,0,0,0,0,0,0,0,0,0,72000,0,0,0,75000,3000,72000,72000
050342,華通元富94購02  ,0,0,0,0,0,0,0,0,0,72000,0,0,0,102000,30000,72000,72000
053205,台光電麥證96購01,0,0,0,104000,32000,72000,0,0,0,72000,0,0,0,104000,32000,72000,72000
052830,台光電群益96購01,0,0,0,0,0,0,0,0,0,72000,0,0,0,181000,109000,72000,72000
055124,建準兆豐97購01  ,0,0,0,0,0,0,0,0,0,72000,0,0,0,72000,0,72000,72000
055381,茂林元大97購02  ,0,0,0,0,0,0,0,0,0,72000,0,0,0,283000,211000,72000,72000
05911P,南亞科永豐96售03,0,0,0,0,0,0,0,0,0,72000,0,0,0,90000,18000,72000,72000
3312,弘憶股          ,95000,23000,72000,0,0,0,0,0,0,0,0,0,0,0,0,0,72000
056250,瑞昱兆豐97購02  ,0,0,0,0,0,0,0,0,0,71000,0,0,0,71000,0,71000,71000
049084,欣興凱基94購03  ,0,0,0,0,0,0,0,0,0,71000,0,0,0,82000,11000,71000,71000
046380,神基凱基93購01  ,0,0,0,0,0,0,0,0,0,71000,0,0,0,71000,0,71000,71000
039550,滬深反凱基94購01,0,0,0,0,0,0,0,0,0,71000,0,0,0,244000,173000,71000,71000
04869P,鴻海元富95售02  ,0,0,0,0,0,0,0,0,0,71000,0,0,0,87000,16000,71000,71000
051234,南電群益95購02  ,0,0,0,0,0,0,0,0,0,71000,0,0,0,232000,161000,71000,71000
053384,聯發科元大96購13,0,0,0,0,0,0,0,0,0,71000,0,0,0,650000,579000,71000,71000
06353P,電子類富邦99售02,0,0,0,0,0,0,0,0,0,71000,0,0,0,74000,3000,71000,71000
056133,可成元大97購05  ,0,0,0,0,0,0,0,0,0,70000,0,0,0,112000,42000,70000,70000
055821,勤誠國票98購01  ,0,0,0,0,0,0,0,0,0,70000,0,0,0,100000,30000,70000,70000
055793,臺股指凱基97購16,0,0,0,0,0,0,0,0,0,70000,0,0,0,100000,30000,70000,70000
05564P,玉晶光元大97售02,0,0,0,0,0,0,0,0,0,70000,0,0,0,120000,50000,70000,70000
056867,華通麥證98購01  ,0,0,0,70000,0,70000,0,0,0,70000,0,0,0,70000,0,70000,70000
056883,美食康和98購01  ,0,0,0,0,0,0,0,0,0,70000,0,0,0,70000,0,70000,70000
056765,友達元大9B購05  ,0,0,0,0,0,0,0,0,0,70000,0,0,0,192000,122000,70000,70000
057041,國巨元大99購04  ,0,0,0,0,0,0,0,0,0,70000,0,0,0,303000,233000,70000,70000
057789,上銀統一9A購01  ,0,0,0,0,0,0,0,0,0,70000,0,0,0,70000,0,70000,70000
044930,元黃金富邦93購01,0,0,0,0,0,0,0,0,0,70000,0,0,0,70000,0,70000,70000
03993P,滬深2X中信94售03,0,0,0,0,0,0,0,0,0,70000,0,0,0,96000,26000,70000,70000
045854,貿聯富邦93購01  ,0,0,0,0,0,0,0,0,0,70000,0,0,0,70000,0,70000,70000
045958,技嘉凱基93購04  ,0,0,0,0,0,0,0,0,0,70000,0,0,0,70000,0,70000,70000
047924,可成凱基93購10  ,0,0,0,0,0,0,0,0,0,70000,0,0,0,120000,50000,70000,70000
047989,深中小元大96購02,0,0,0,0,0,0,0,0,0,70000,0,0,0,180000,110000,70000,70000
047839,景碩元大93購03  ,0,0,0,0,0,0,0,0,0,70000,0,0,0,70000,0,70000,70000
047393,景碩元大93購02  ,0,0,0,0,0,0,0,0,0,70000,0,0,0,70000,0,70000,70000
047231,大立光凱基95購03,0,0,0,0,0,0,0,0,0,70000,0,0,0,72000,2000,70000,70000
051364,鴻海國泰97購03  ,0,0,0,0,0,0,0,0,0,70000,0,0,0,91000,21000,70000,70000
050486,可成元富94購05  ,0,0,0,0,0,0,0,0,0,70000,0,0,0,140000,70000,70000,70000
049499,康控元大96購01  ,0,0,0,0,0,0,0,0,0,70000,0,0,0,75000,5000,70000,70000
051777,聯發科群益95購04,0,0,0,0,0,0,0,0,0,70000,0,0,0,90000,20000,70000,70000
050073,傳奇凱基94購02  ,0,0,0,0,0,0,0,0,0,70000,0,0,0,70000,0,70000,70000
051888,國巨元富95購05  ,0,0,0,0,0,0,0,0,0,70000,0,0,0,105000,35000,70000,70000
053361,友達元富99購01  ,0,0,0,0,0,0,0,0,0,70000,0,0,0,70000,0,70000,70000
053164,台光電群益96購02,0,0,0,0,0,0,0,0,0,70000,0,0,0,120000,50000,70000,70000
05531P,臺股指群益96售04,0,0,0,0,0,0,0,0,0,70000,0,0,0,86000,16000,70000,70000
05978P,麗豐永豐96售02  ,0,0,0,0,0,0,0,0,0,70000,0,0,0,70000,0,70000,70000
06732P,台灣50日盛9A售01,0,0,0,0,0,0,0,0,0,70000,0,0,0,70000,0,70000,70000
2480,敦陽科          ,88000,17000,71000,0,0,0,0,1000,-1000,0,0,0,0,0,0,0,70000
057013,聯發科麥證98購01,0,0,0,83000,14000,69000,0,0,0,69000,0,0,0,83000,14000,69000,69000
057066,緯穎富邦99購01  ,0,0,0,0,0,0,0,0,0,69000,0,0,0,70000,1000,69000,69000
056023,晶豪科群益97購01,0,0,0,0,0,0,0,0,0,69000,0,0,0,99000,30000,69000,69000
044605,超眾國泰93購02  ,0,0,0,0,0,0,0,0,0,69000,0,0,0,79000,10000,69000,69000
050083,旺宏元富94購01  ,0,0,0,0,0,0,0,0,0,69000,0,0,0,69000,0,69000,69000
05131P,聯詠統一97售01  ,0,0,0,0,0,0,0,0,0,69000,0,0,0,69000,0,69000,69000
054594,國巨麥證97購01  ,0,0,0,109000,40000,69000,0,0,0,69000,0,0,0,109000,40000,69000,69000
054016,嘉晶永豐96購04  ,0,0,0,0,0,0,0,0,0,69000,0,0,0,69000,0,69000,69000
3003,健和興          ,100000,35000,65000,0,0,0,0,1000,-1000,5000,0,0,0,9000,4000,5000,69000
06354P,大立光永豐97售04,0,0,0,0,0,0,0,0,0,69000,0,0,0,179000,110000,69000,69000
055856,新唐元大97購03  ,210000,0,210000,0,0,0,0,0,0,-142000,0,0,0,68000,210000,-142000,68000
055887,上銀統一97購03  ,0,0,0,0,0,0,0,0,0,68000,0,0,0,118000,50000,68000,68000
056139,貿聯元大97購04  ,0,0,0,0,0,0,0,0,0,68000,0,0,0,68000,0,68000,68000
057002,友達國票98購01  ,0,0,0,0,0,0,0,0,0,68000,0,0,0,68000,0,68000,68000
057278,可成元大98購06  ,0,0,0,0,0,0,0,0,0,68000,0,0,0,118000,50000,68000,68000
044850,南亞科統一94購01,0,0,0,0,0,0,0,0,0,68000,0,0,0,68000,0,68000,68000
051074,矽力國票96購01  ,0,0,0,0,0,0,0,0,0,68000,0,0,0,68000,0,68000,68000
051093,聯詠元大95購01  ,0,0,0,0,0,0,0,0,0,68000,0,0,0,68000,0,68000,68000
050965,揚明光永豐96購01,0,0,0,0,0,0,0,0,0,68000,0,0,0,68000,0,68000,68000
051255,康控元大96購04  ,0,0,0,0,0,0,0,0,0,68000,0,0,0,68000,0,68000,68000
051754,廣宇元大95購01  ,0,0,0,0,0,0,0,0,0,68000,0,0,0,68000,0,68000,68000
050110,京元電元大94購03,0,0,0,0,0,0,0,0,0,68000,0,0,0,68000,0,68000,68000
052447,聯發科元大96購04,0,0,0,0,0,0,0,0,0,68000,0,0,0,118000,50000,68000,68000
052638,緯創凱基96購02  ,0,0,0,0,0,0,0,0,0,68000,0,0,0,68000,0,68000,68000
052644,聯發科永豐96購01,0,0,0,0,0,0,0,0,0,68000,0,0,0,422000,354000,68000,68000
054014,宏達電永豐96購04,0,0,0,0,0,0,0,0,0,68000,0,0,0,68000,0,68000,68000
053692,聯詠元大96購04  ,0,0,0,0,0,0,0,0,0,68000,0,0,0,428000,360000,68000,68000
053775,鴻海元大96購21  ,0,0,0,0,0,0,0,0,0,68000,0,0,0,68000,0,68000,68000
053187,國巨統一96購05  ,0,0,0,0,0,0,0,0,0,68000,0,0,0,85000,17000,68000,68000
052921,大成鋼永豐96購01,0,0,0,0,0,0,0,0,0,68000,0,0,0,68000,0,68000,68000
054749,聯茂凱基98購01  ,0,0,0,0,0,0,0,0,0,68000,0,0,0,110000,42000,68000,68000
054182,台積電康和96購01,0,0,0,0,0,0,0,0,0,68000,0,0,0,68000,0,68000,68000
054499,台光電永豐96購02,0,0,0,0,0,0,0,0,0,68000,0,0,0,68000,0,68000,68000
055296,康舒元大97購02  ,0,0,0,0,0,0,0,0,0,68000,0,0,0,68000,0,68000,68000
055377,揚明光元大98購01,0,0,0,0,0,0,0,0,0,68000,0,0,0,68000,0,68000,68000
055351,聯發科凱基97購03,0,0,0,0,0,0,0,0,0,68000,0,0,0,68000,0,68000,68000
2929,淘帝-KY         ,92600,25000,67600,0,0,0,0,0,0,0,0,0,0,0,0,0,67600
057379,寶成元大98購02  ,0,0,0,0,0,0,0,0,0,67000,0,0,0,68000,1000,67000,67000
057463,華邦電永豐98購01,0,0,0,0,0,0,0,0,0,67000,0,0,0,84000,17000,67000,67000
057717,友訊元富98購02  ,0,0,0,0,0,0,0,0,0,67000,0,0,0,100000,33000,67000,67000
055546,台積電凱基97購12,0,0,0,0,0,0,0,0,0,67000,0,0,0,67000,0,67000,67000
048614,欣興凱基93購05  ,0,0,0,0,0,0,0,0,0,67000,0,0,0,67000,0,67000,67000
048533,景碩國票94購01  ,0,0,0,0,0,0,0,0,0,67000,0,0,0,67000,0,67000,67000
05251P,喬山台新95售02  ,0,0,0,0,0,0,0,0,0,67000,0,0,0,67000,0,67000,67000
052250,光磊永豐95購01  ,0,0,0,0,0,0,0,0,0,67000,0,0,0,68000,1000,67000,67000
052173,廣達元大95購02  ,0,0,0,0,0,0,0,0,0,67000,0,0,0,68000,1000,67000,67000
049877,南亞科永豐94購01,0,0,0,0,0,0,0,0,0,67000,0,0,0,100000,33000,67000,67000
052001,寶成元大95購02  ,0,0,0,0,0,0,0,0,0,67000,0,0,0,68000,1000,67000,67000
05143P,臻鼎台新95售01  ,0,0,0,0,0,0,0,0,0,67000,0,0,0,67000,0,67000,67000
054836,勤誠中信97購01  ,0,0,0,0,0,0,0,0,0,67000,0,0,0,82000,15000,67000,67000
054131,南亞科元大96購04,0,0,0,0,0,0,0,0,0,67000,0,0,0,114000,47000,67000,67000
3209,全科            ,89000,18000,71000,0,0,0,0,0,0,-4000,0,4000,-4000,0,0,0,67000
6165,捷泰            ,109000,42000,67000,0,0,0,0,0,0,0,0,0,0,0,0,0,67000
2031,新光鋼          ,140000,70000,70000,0,0,0,0,0,0,-3000,12000,15000,-3000,0,0,0,67000
056069,新日興元大97購03,0,0,0,0,0,0,0,0,0,66000,0,0,0,111000,45000,66000,66000
057374,禾伸堂元大99購03,0,0,0,0,0,0,0,0,0,66000,0,0,0,161000,95000,66000,66000
048506,華通群益94購03  ,0,0,0,0,0,0,0,0,0,66000,0,0,0,104000,38000,66000,66000
04230P,臺股指中信95售06,0,0,0,0,0,0,0,0,0,66000,0,0,0,78000,12000,66000,66000
049297,日電貿群益95購01,0,0,0,0,0,0,0,0,0,66000,0,0,0,201000,135000,66000,66000
051958,貿聯台新95購01  ,0,0,0,0,0,0,0,0,0,66000,0,0,0,86000,20000,66000,66000
051928,大立光中信96購03,0,0,0,0,0,0,0,0,0,66000,0,0,0,70000,4000,66000,66000
052668,聯發科群益97購01,0,0,0,0,0,0,0,0,0,66000,0,0,0,66000,0,66000,66000
053808,大成鋼群益97購01,0,0,0,0,0,0,0,0,0,66000,0,0,0,68000,2000,66000,66000
053660,群創凱基98購08  ,0,0,0,0,0,0,0,0,0,66000,0,0,0,66000,0,66000,66000
052967,智邦群益96購01  ,0,0,0,0,0,0,0,0,0,66000,0,0,0,121000,55000,66000,66000
053179,大立光統一96購04,0,0,0,0,0,0,0,0,0,66000,0,0,0,250000,184000,66000,66000
055437,禾伸堂中信99購01,0,0,0,0,0,0,0,0,0,66000,0,0,0,166000,100000,66000,66000
06505P,康控國票99售02  ,0,0,0,0,0,0,0,0,0,66000,0,0,0,66000,0,66000,66000
05807P,泰鼎永豐96售03  ,0,0,0,0,0,0,0,0,0,66000,0,0,0,76000,10000,66000,66000
4977,眾達-KY         ,157000,109000,48000,0,0,0,0,0,0,18000,18000,0,18000,0,0,0,66000
057357,超眾統一98購01  ,0,0,0,0,0,0,0,0,0,65000,0,0,0,167000,102000,65000,65000
057125,國巨凱基98購12  ,0,0,0,0,0,0,0,0,0,65000,0,0,0,65000,0,65000,65000
056384,玉晶光國泰9A購02,0,0,0,0,0,0,0,0,0,65000,0,0,0,378000,313000,65000,65000
055723,康控元大97購04  ,0,0,0,0,0,0,0,0,0,65000,0,0,0,77000,12000,65000,65000
03189P,玉晶光元大03售05,0,0,0,0,0,0,0,0,0,65000,0,0,0,75000,10000,65000,65000
051086,鴻海元大96購04  ,0,0,0,0,0,0,0,0,0,65000,0,0,0,100000,35000,65000,65000
050682,南亞科元富94購02,0,0,0,0,0,0,0,0,0,65000,0,0,0,116000,51000,65000,65000
04730P,臺股指中信96售02,0,0,0,0,0,0,0,0,0,65000,0,0,0,230000,165000,65000,65000
05218P,大立光永昌96售04,0,0,0,0,0,0,0,0,0,65000,0,0,0,298000,233000,65000,65000
052444,友訊元大95購01  ,0,0,0,0,0,0,0,0,0,65000,0,0,0,125000,60000,65000,65000
051583,可成元大95購07  ,0,0,0,0,0,0,0,0,0,65000,0,0,0,130000,65000,65000,65000
050372,全新元大96購03  ,0,0,0,0,0,0,0,0,0,65000,0,0,0,182000,117000,65000,65000
053568,智伸科富邦98購01,0,0,0,0,0,0,0,0,0,65000,0,0,0,100000,35000,65000,65000
053690,南亞科元大96購02,0,0,0,0,0,0,0,0,0,65000,0,0,0,118000,53000,65000,65000
05411P,台積電國票96售08,0,0,0,0,0,0,0,0,0,65000,0,0,0,68000,3000,65000,65000
05397P,大立光凱基96售08,0,0,0,0,0,0,0,0,0,65000,0,0,0,140000,75000,65000,65000
6214,精誠            ,134000,68000,66000,0,0,0,0,1000,-1000,0,0,0,0,0,0,0,65000
6209,今國光          ,131000,58000,73000,0,0,0,0,0,0,-8000,0,8000,-8000,0,0,0,65000
06190P,玉晶光永豐97售05,0,0,0,0,0,0,0,0,0,65000,0,0,0,97000,32000,65000,65000
051083,A50正2元大98購01,0,0,0,0,0,0,0,0,0,64000,0,0,0,176000,112000,64000,64000
00688L,國泰20年美債正2 ,0,0,0,0,0,0,0,0,0,64000,0,0,0,168000,104000,64000,64000
044247,道瓊反元富97購01,0,0,0,0,0,0,0,0,0,64000,0,0,0,64000,0,64000,64000
04576P,上海銀統一94售04,0,0,0,0,0,0,0,0,0,64000,0,0,0,64000,0,64000,64000
051641,矽創國票96購01  ,0,0,0,0,0,0,0,0,0,64000,0,0,0,64000,0,64000,64000
052464,大立光統一95購05,0,0,0,0,0,0,0,0,0,64000,0,0,0,70000,6000,64000,64000
05235P,健鼎康和95售02  ,0,0,0,0,0,0,0,0,0,64000,0,0,0,64000,0,64000,64000
052750,臺股指元大96購04,0,0,0,0,0,0,0,0,0,64000,0,0,0,125000,61000,64000,64000
053825,南電群益96購02  ,0,0,0,0,0,0,0,0,0,64000,0,0,0,355000,291000,64000,64000
054315,訊芯凱基98購01  ,0,0,0,0,0,0,0,0,0,64000,0,0,0,207000,143000,64000,64000
06179P,國巨群益97售04  ,0,0,0,0,0,0,0,0,0,64000,0,0,0,132000,68000,64000,64000
1809,中釉            ,125000,61000,64000,0,0,0,0,0,0,0,0,0,0,0,0,0,64000
057171,台光電元大9B購01,0,0,0,0,0,0,0,0,0,63000,0,0,0,109000,46000,63000,63000
050838,為升國票96購01  ,0,0,0,0,0,0,0,0,0,63000,0,0,0,64000,1000,63000,63000
051438,喬山元大95購03  ,0,0,0,0,0,0,0,0,0,63000,0,0,0,88000,25000,63000,63000
051248,華固元大95購01  ,0,0,0,0,0,0,0,0,0,63000,0,0,0,63000,0,63000,63000
055221,矽創凱基97購02  ,0,0,0,0,0,0,0,0,0,63000,0,0,0,63000,0,63000,63000
055680,美律凱基99購01  ,0,0,0,0,0,0,0,0,0,62000,0,0,0,82000,20000,62000,62000
04429P,和鑫元大94售01  ,0,0,0,0,0,0,0,0,0,62000,0,0,0,62000,0,62000,62000
051156,鴻海富邦97購01  ,0,0,0,0,0,0,0,0,0,62000,0,0,0,67000,5000,62000,62000
04931P,臻鼎元富94售09  ,0,0,0,0,0,0,0,0,0,62000,0,0,0,108000,46000,62000,62000
055090,國巨群益97購03  ,0,0,0,0,0,0,0,0,0,62000,0,0,0,111000,49000,62000,62000
053809,上銀群益96購02  ,0,0,0,0,0,0,0,0,0,62000,0,0,0,125000,63000,62000,62000
052948,景碩國票97購02  ,0,0,0,0,0,0,0,0,0,62000,0,0,0,321000,259000,62000,62000
052884,台積電兆豐96購01,0,0,0,0,0,0,0,0,0,62000,0,0,0,613000,551000,62000,62000
053137,旺宏富邦98購01  ,0,0,0,0,0,0,0,0,0,62000,0,0,0,132000,70000,62000,62000
06574P,大立光永昌99售01,0,0,0,0,0,0,0,0,0,62000,0,0,0,242000,180000,62000,62000
06261P,上銀凱基97售03  ,0,0,0,0,0,0,0,0,0,62000,0,0,0,107000,45000,62000,62000
05840P,臺股指富邦96售07,0,0,0,0,0,0,0,0,0,62000,0,0,0,65000,3000,62000,62000
06006P,欣興永豐96售04  ,0,0,0,0,0,0,0,0,0,62000,0,0,0,140000,78000,62000,62000
2472,立隆電          ,89000,25000,64000,0,0,0,0,0,0,-2000,25000,27000,-2000,0,0,0,62000
055905,可成兆豐97購03  ,0,0,0,0,0,0,0,0,0,61000,0,0,0,185000,124000,61000,61000
05747P,漢唐群益96售03  ,0,0,0,0,0,0,0,0,0,61000,0,0,0,61000,0,61000,61000
057553,景碩凱基98購03  ,0,0,0,0,0,0,0,0,0,61000,0,0,0,116000,55000,61000,61000
044407,聯茂凱基93購01  ,0,0,0,0,0,0,0,0,0,61000,0,0,0,132000,71000,61000,61000
048442,友訊凱基94購01  ,0,0,0,0,0,0,0,0,0,61000,0,0,0,836000,775000,61000,61000
048630,南亞元大93購01  ,0,0,0,0,0,0,0,0,0,61000,0,0,0,61000,0,61000,61000
050864,亞光永豐95購01  ,0,0,0,0,0,0,0,0,0,61000,0,0,0,62000,1000,61000,61000
050391,大立光統一94購07,0,0,0,0,0,0,0,0,0,61000,0,0,0,166000,105000,61000,61000
053949,康控富邦9A購01  ,0,0,0,0,0,0,0,0,0,61000,0,0,0,499000,438000,61000,61000
054574,美律元大99購01  ,0,0,0,0,0,0,0,0,0,61000,0,0,0,240000,179000,61000,61000
9939,宏全            ,37000,116000,-79000,0,0,0,163000,0,163000,-23000,13000,17000,-4000,1000,20000,-19000,61000
06330P,南亞科群益97售03,0,0,0,0,0,0,0,0,0,61000,0,0,0,61000,0,61000,61000
06414P,矽力凱基97售03  ,0,0,0,0,0,0,0,0,0,61000,0,0,0,71000,10000,61000,61000
06376P,上銀統一99售01  ,0,0,0,0,0,0,0,0,0,61000,0,0,0,61000,0,61000,61000
057001,華邦電國票99購02,0,0,0,0,0,0,0,0,0,60000,0,0,0,60000,0,60000,60000
056677,智伸科元富98購01,0,0,0,0,0,0,0,0,0,60000,0,0,0,100000,40000,60000,60000
055669,緯穎群益97購02  ,0,0,0,0,0,0,0,0,0,60000,0,0,0,101000,41000,60000,60000
056640,元油2X凱基9A購01,0,0,0,0,0,0,0,0,0,60000,0,0,0,60000,0,60000,60000
047886,京元電富邦95購01,0,0,0,0,0,0,0,0,0,60000,0,0,0,60000,0,60000,60000
047941,義隆國票94購02  ,0,0,0,0,0,0,0,0,0,60000,0,0,0,60000,0,60000,60000
051042,中磊永豐95購01  ,0,0,0,0,0,0,0,0,0,60000,0,0,0,70000,10000,60000,60000
047332,訊芯元大93購04  ,0,0,0,0,0,0,0,0,0,60000,0,0,0,60000,0,60000,60000
048021,滬深反凱基93購02,0,0,0,0,0,0,0,0,0,60000,0,0,0,60000,0,60000,60000
044533,S&P反1中信94購02,0,0,0,0,0,0,0,0,0,60000,0,0,0,60000,0,60000,60000
048828,禾伸堂凱基94購02,0,0,0,0,0,0,0,0,0,60000,0,0,0,112000,52000,60000,60000
048287,嘉晶兆豐94購01  ,0,0,0,0,0,0,0,0,0,60000,0,0,0,60000,0,60000,60000
044291,群創凱基93購06  ,0,0,0,0,0,0,0,0,0,60000,0,0,0,60000,0,60000,60000
044129,群創凱基93購02  ,0,0,0,0,0,0,0,0,0,60000,0,0,0,70000,10000,60000,60000
044592,元油2X國票93購02,0,0,0,0,0,0,0,0,0,60000,0,0,0,60000,0,60000,60000
041546,群創統一93購01  ,0,0,0,0,0,0,0,0,0,60000,0,0,0,60000,0,60000,60000
04141P,啟碁國票93售01  ,0,0,0,0,0,0,0,0,0,60000,0,0,0,60000,0,60000,60000
04022P,群創元富96售04  ,0,0,0,0,0,0,0,0,0,60000,0,0,0,60000,0,60000,60000
052191,超眾群益96購01  ,0,0,0,0,0,0,0,0,0,60000,0,0,0,86000,26000,60000,60000
050035,聯茂元大94購07  ,0,0,0,0,0,0,0,0,0,60000,0,0,0,117000,57000,60000,60000
05010P,台郡元富95售01  ,0,0,0,0,0,0,0,0,0,60000,0,0,0,60000,0,60000,60000
05473P,聯詠統一97售02  ,0,0,0,0,0,0,0,0,0,60000,0,0,0,60000,0,60000,60000
05418P,瑞昱永豐95售02  ,0,0,0,0,0,0,0,0,0,60000,0,0,0,60000,0,60000,60000
055413,全新富邦98購01  ,0,0,0,0,0,0,0,0,0,60000,0,0,0,80000,20000,60000,60000
053828,貿聯麥證96購01  ,0,0,0,70000,10000,60000,0,0,0,60000,0,0,0,70000,10000,60000,60000
053694,創意元大96購03  ,0,0,0,0,0,0,0,0,0,60000,0,0,0,60000,0,60000,60000
053724,聯詠凱基96購04  ,0,0,0,0,0,0,0,0,0,60000,0,0,0,60000,0,60000,60000
053591,大立光元大99購03,0,0,0,0,0,0,0,0,0,60000,0,0,0,60000,0,60000,60000
052926,旺宏元大98購02  ,0,0,0,0,0,0,0,0,0,60000,0,0,0,158000,98000,60000,60000
06346P,聯鈞元富97售02  ,0,0,0,0,0,0,0,0,0,60000,0,0,0,70000,10000,60000,60000
06309P,光罩元富97售03  ,0,0,0,0,0,0,0,0,0,60000,0,0,0,60000,0,60000,60000
06187P,國巨統一97售05  ,0,0,0,0,0,0,0,0,0,60000,0,0,0,60000,0,60000,60000
06243P,亞光元富97售01  ,0,0,0,0,0,0,0,0,0,60000,0,0,0,60000,0,60000,60000
05987P,健策統一96售02  ,0,0,0,0,0,0,0,0,0,60000,0,0,0,60000,0,60000,60000
05883P,致伸永豐96售03  ,0,0,0,0,0,0,0,0,0,60000,0,0,0,60000,0,60000,60000
06733P,鴻海凱基99售02  ,0,0,0,0,0,0,0,0,0,60000,0,0,0,60000,0,60000,60000
1339,昭輝            ,89000,29000,60000,0,0,0,0,0,0,0,0,0,0,0,0,0,60000
1423,利華            ,61000,1000,60000,0,0,0,0,0,0,0,0,0,0,0,0,0,60000
6120,達運            ,219000,151000,68000,0,0,0,0,0,0,-8000,0,1000,-1000,0,7000,-7000,60000
056643,奇力新凱基99購01,0,0,0,0,0,0,0,0,0,59000,0,0,0,128000,69000,59000,59000
056164,聯茂凱基98購03  ,0,0,0,0,0,0,0,0,0,59000,0,0,0,69000,10000,59000,59000
055456,上銀富邦99購01  ,0,0,0,0,0,0,0,0,0,59000,0,0,0,59000,0,59000,59000
056984,嘉晶群益98購01  ,0,0,0,0,0,0,0,0,0,59000,0,0,0,70000,11000,59000,59000
04768P,大立光國泰96售03,0,0,0,0,0,0,0,0,0,59000,0,0,0,64000,5000,59000,59000
051071,聯發科國票96購01,0,0,0,0,0,0,0,0,0,59000,0,0,0,120000,61000,59000,59000
048179,臻鼎富邦97購01  ,0,0,0,0,0,0,0,0,0,59000,0,0,0,59000,0,59000,59000
050261,國巨元大95購04  ,0,0,0,0,0,0,0,0,0,59000,0,0,0,94000,35000,59000,59000
050538,鴻海凱基95購06  ,0,0,0,0,0,0,0,0,0,59000,0,0,0,60000,1000,59000,59000
051979,群創凱基97購01  ,0,0,0,0,0,0,0,0,0,59000,0,0,0,189000,130000,59000,59000
052296,TPK國票96購01   ,0,0,0,0,0,0,0,0,0,59000,0,0,0,1118000,1059000,59000,59000
050377,華通第一94購01  ,0,0,0,0,0,0,0,0,0,59000,0,0,0,109000,50000,59000,59000
053756,亞光元富96購02  ,0,0,0,0,0,0,0,0,0,59000,0,0,0,59000,0,59000,59000
055268,和大元大97購01  ,0,0,0,0,0,0,0,0,0,59000,0,0,0,210000,151000,59000,59000
054496,為升永豐96購01  ,0,0,0,0,0,0,0,0,0,59000,0,0,0,60000,1000,59000,59000
054351,華新科國泰97購03,0,0,0,0,0,0,0,0,0,59000,0,0,0,59000,0,59000,59000
054720,禾伸堂永豐97購01,0,0,0,0,0,0,0,0,0,59000,0,0,0,69000,10000,59000,59000
054797,臻鼎群益97購01  ,0,0,0,0,0,0,0,0,0,59000,0,0,0,98000,39000,59000,59000
05547P,群創元大96售03  ,0,0,0,0,0,0,0,0,0,58000,0,0,0,58000,0,58000,58000
055918,和鑫凱基97購01  ,0,0,0,0,0,0,0,0,0,58000,0,0,0,68000,10000,58000,58000
056287,亞光永豐97購02  ,0,0,0,0,0,0,0,0,0,58000,0,0,0,99000,41000,58000,58000
056625,致伸永豐98購01  ,0,0,0,0,0,0,0,0,0,58000,0,0,0,68000,10000,58000,58000
056443,南亞科凱基98購03,0,0,0,0,0,0,0,0,0,58000,0,0,0,132000,74000,58000,58000
048895,光罩國泰95購01  ,0,0,0,0,0,0,0,0,0,58000,0,0,0,70000,12000,58000,58000
047395,聯茂元大94購01  ,0,0,0,0,0,0,0,0,0,58000,0,0,0,105000,47000,58000,58000
04581P,楠梓電康和94售03,0,0,0,0,0,0,0,0,0,58000,0,0,0,168000,110000,58000,58000
051158,嘉晶富邦96購01  ,0,0,0,0,0,0,0,0,0,58000,0,0,0,83000,25000,58000,58000
051415,晶技國票96購01  ,0,0,0,0,0,0,0,0,0,58000,0,0,0,388000,330000,58000,58000
052567,台積電凱基96購05,0,0,0,0,0,0,0,0,0,58000,0,0,0,68000,10000,58000,58000
054708,華通統一97購02  ,0,0,0,0,0,0,0,0,0,58000,0,0,0,108000,50000,58000,58000
055193,世芯元富97購02  ,0,0,0,0,0,0,0,0,0,58000,0,0,0,100000,42000,58000,58000
052977,奇力新麥證97購01,0,0,0,82000,24000,58000,0,0,0,58000,0,0,0,82000,24000,58000,58000
052843,鴻海統一96購09  ,0,0,0,0,0,0,0,0,0,58000,0,0,0,68000,10000,58000,58000
053123,京元電凱基96購01,0,0,0,0,0,0,0,0,0,58000,0,0,0,68000,10000,58000,58000
056281,深中小永豐97購01,0,0,0,0,0,0,0,0,0,57000,0,0,0,121000,64000,57000,57000
055614,華新科國票97購02,0,0,0,0,0,0,0,0,0,57000,0,0,0,153000,96000,57000,57000
057088,上銀元富98購01  ,0,0,0,0,0,0,0,0,0,57000,0,0,0,105000,48000,57000,57000
045957,技嘉凱基93購03  ,0,0,0,0,0,0,0,0,0,57000,0,0,0,77000,20000,57000,57000
00706L,元大S&P日圓正2  ,0,0,0,0,0,0,0,0,0,57000,0,0,0,58000,1000,57000,57000
051657,台郡元富98購01  ,0,0,0,0,0,0,0,0,0,57000,0,0,0,85000,28000,57000,57000
053033,智易兆豐97購01  ,0,0,0,0,0,0,0,0,0,57000,0,0,0,67000,10000,57000,57000
054994,建準元富97購01  ,0,0,0,0,0,0,0,0,0,57000,0,0,0,57000,0,57000,57000
054795,合勤控群益98購01,0,0,0,0,0,0,0,0,0,57000,0,0,0,168000,111000,57000,57000
5234,達興材料        ,64000,9000,55000,0,0,0,0,0,0,2000,2000,0,2000,0,0,0,57000
1308,亞聚            ,110000,57000,53000,0,0,0,0,0,0,4000,4000,0,4000,0,0,0,57000
1609,大亞            ,190000,115000,75000,0,0,0,0,0,0,-18000,0,18000,-18000,0,0,0,57000
06159P,牧德元富97售02  ,0,0,0,0,0,0,0,0,0,57000,0,0,0,57000,0,57000,57000
057540,緯穎日盛99購01  ,0,0,0,0,0,0,0,0,0,56000,0,0,0,76000,20000,56000,56000
057457,華邦電富邦98購01,0,0,0,0,0,0,0,0,0,56000,0,0,0,101000,45000,56000,56000
057793,群創統一99購02  ,0,0,0,0,0,0,0,0,0,56000,0,0,0,56000,0,56000,56000
057843,晶技永豐98購02  ,0,0,0,0,0,0,0,0,0,56000,0,0,0,57000,1000,56000,56000
055627,亞德客永豐97購02,0,0,0,0,0,0,0,0,0,56000,0,0,0,56000,0,56000,56000
056616,台光電永豐98購01,0,0,0,0,0,0,0,0,0,56000,0,0,0,182000,126000,56000,56000
056573,華新科元大99購06,0,0,0,0,0,0,0,0,0,56000,0,0,0,188000,132000,56000,56000
04744P,臻鼎元富94售04  ,0,0,0,0,0,0,0,0,0,56000,0,0,0,80000,24000,56000,56000
04715P,聯茂元大94售06  ,0,0,0,0,0,0,0,0,0,56000,0,0,0,56000,0,56000,56000
048114,景碩群益93購02  ,0,0,0,0,0,0,0,0,0,56000,0,0,0,56000,0,56000,56000
049563,華新統一95購01  ,0,0,0,0,0,0,0,0,0,56000,0,0,0,56000,0,56000,56000
053485,矽創國票97購04  ,0,0,0,0,0,0,0,0,0,56000,0,0,0,56000,0,56000,56000
05370P,矽創元富95售01  ,0,0,0,0,0,0,0,0,0,56000,0,0,0,62000,6000,56000,56000
06131P,京鼎元富97售02  ,0,0,0,0,0,0,0,0,0,56000,0,0,0,82000,26000,56000,56000
06532P,友達元富98售04  ,0,0,0,0,0,0,0,0,0,56000,0,0,0,72000,16000,56000,56000
3669,圓展            ,52000,32000,20000,0,0,0,35000,0,35000,1000,1000,0,1000,0,0,0,56000
9935,慶豐富          ,209000,93000,116000,0,0,0,0,0,0,-60000,0,60000,-60000,0,0,0,56000
056655,旺宏元大99購02  ,0,0,0,0,0,0,0,0,0,55000,0,0,0,65000,10000,55000,55000
056151,建準凱基97購01  ,0,0,0,0,0,0,0,0,0,55000,0,0,0,55000,0,55000,55000
055958,台光電元大97購02,0,0,0,0,0,0,0,0,0,55000,0,0,0,152000,97000,55000,55000
057200,技嘉元富98購01  ,0,0,0,0,0,0,0,0,0,55000,0,0,0,136000,81000,55000,55000
047096,元油反國泰96購01,0,0,0,0,0,0,0,0,0,55000,0,0,0,55000,0,55000,55000
042558,瑞昱中信94購01  ,0,0,0,0,0,0,0,0,0,55000,0,0,0,55000,0,55000,55000
046208,滬深2X元富95購03,0,0,0,0,0,0,0,0,0,55000,0,0,0,85000,30000,55000,55000
04655P,臺股指凱基94售14,0,0,0,0,0,0,0,0,0,55000,0,0,0,55000,0,55000,55000
05172P,臺股指元大95售16,0,0,0,0,0,0,0,0,0,55000,0,0,0,55000,0,55000,55000
049720,欣興凱基94購05  ,0,0,0,0,0,0,0,0,0,55000,0,0,0,196000,141000,55000,55000
053737,華新科麥證96購01,0,0,0,84000,29000,55000,0,0,0,55000,0,0,0,84000,29000,55000,55000
053637,強茂永豐96購01  ,0,0,0,0,0,0,0,0,0,55000,0,0,0,56000,1000,55000,55000
054736,南亞科凱基98購01,0,0,0,0,0,0,0,0,0,55000,0,0,0,79000,24000,55000,55000
054943,群光元大97購01  ,0,0,0,0,0,0,0,0,0,55000,0,0,0,77000,22000,55000,55000
6414,樺漢            ,59000,136000,-77000,0,0,0,58000,0,58000,74000,52000,19000,33000,47000,6000,41000,55000
6449,鈺邦            ,74000,19000,55000,0,0,0,0,0,0,0,6000,6000,0,0,0,0,55000
2484,希華            ,75000,20000,55000,0,0,0,0,0,0,0,0,0,0,0,0,0,55000
06649P,聯發科元大98售08,0,0,0,0,0,0,0,0,0,55000,0,0,0,64000,9000,55000,55000
1312,國喬            ,387000,331000,56000,0,0,0,0,1000,-1000,0,0,0,0,0,0,0,55000
05881P,彩晶康和96售01  ,0,0,0,0,0,0,0,0,0,55000,0,0,0,55000,0,55000,55000
05907P,聯發科元富96售05,0,0,0,0,0,0,0,0,0,55000,0,0,0,55000,0,55000,55000
056871,新日興日盛99購01,0,0,0,0,0,0,0,0,0,54000,0,0,0,62000,8000,54000,54000
055965,泰鼎元大97購03  ,0,0,0,0,0,0,0,0,0,54000,0,0,0,283000,229000,54000,54000
056088,台郡統一97購02  ,0,0,0,0,0,0,0,0,0,54000,0,0,0,126000,72000,54000,54000
056454,欣興凱基98購02  ,0,0,0,0,0,0,0,0,0,54000,0,0,0,54000,0,54000,54000
04529P,正文凱基94售04  ,0,0,0,0,0,0,0,0,0,54000,0,0,0,54000,0,54000,54000
05078P,義隆永豐95售01  ,0,0,0,0,0,0,0,0,0,54000,0,0,0,107000,53000,54000,54000
052079,康友元富98購01  ,0,0,0,0,0,0,0,0,0,54000,0,0,0,89000,35000,54000,54000
055346,國巨凱基98購02  ,0,0,0,0,0,0,0,0,0,54000,0,0,0,149000,95000,54000,54000
054634,FB上証中信99購01,0,0,0,0,0,0,0,0,0,54000,0,0,0,70000,16000,54000,54000
054214,京鼎國票97購02  ,0,0,0,0,0,0,0,0,0,54000,0,0,0,59000,5000,54000,54000
053059,聯發科永昌99購01,0,0,0,0,0,0,0,0,0,54000,0,0,0,54000,0,54000,54000
1611,中電            ,103000,51000,52000,0,0,0,0,0,0,2000,2000,0,2000,0,0,0,54000
2838A,聯邦銀甲特      ,0,0,0,0,0,0,0,0,0,54000,54000,0,54000,0,0,0,54000
6672,騰輝電子-KY     ,101000,47000,54000,0,0,0,0,0,0,0,0,0,0,0,0,0,54000
046753,台積電凱基93購04,0,0,0,0,0,0,0,0,0,53000,0,0,0,53000,0,53000,53000
048629,滬深2X元大96購04,0,0,0,0,0,0,0,0,0,53000,0,0,0,115000,62000,53000,53000
04426P,佳世達康和94售02,0,0,0,0,0,0,0,0,0,53000,0,0,0,53000,0,53000,53000
04301P,微星中信93售01  ,0,0,0,0,0,0,0,0,0,53000,0,0,0,53000,0,53000,53000
051911,大立光元大98購02,0,0,0,0,0,0,0,0,0,53000,0,0,0,342000,289000,53000,53000
052196,TPK元富95購01   ,0,0,0,0,0,0,0,0,0,53000,0,0,0,160000,107000,53000,53000
049681,旺宏統一94購04  ,0,0,0,0,0,0,0,0,0,53000,0,0,0,83000,30000,53000,53000
051400,國巨永豐95購01  ,0,0,0,0,0,0,0,0,0,53000,0,0,0,175000,122000,53000,53000
051155,聯發科國泰96購01,0,0,0,0,0,0,0,0,0,53000,0,0,0,130000,77000,53000,53000
052935,康友元大96購03  ,0,0,0,0,0,0,0,0,0,53000,0,0,0,93000,40000,53000,53000
053438,玉晶光麥證97購02,0,0,0,55000,5000,50000,0,0,0,53000,0,0,0,58000,5000,53000,53000
054572,國巨元大98購03  ,0,0,0,0,0,0,0,0,0,53000,0,0,0,357000,304000,53000,53000
5215,科嘉-KY         ,74000,21000,53000,0,0,0,0,0,0,0,0,0,0,0,0,0,53000
3047,訊舟            ,127000,74000,53000,0,0,0,0,0,0,0,0,0,0,0,0,0,53000
06465P,國巨統一98售04  ,0,0,0,0,0,0,0,0,0,53000,0,0,0,53000,0,53000,53000
056114,台達電群益97購02,0,0,0,0,0,0,0,0,0,52000,0,0,0,53000,1000,52000,52000
055665,亞德客群益97購01,0,0,0,0,0,0,0,0,0,52000,0,0,0,110000,58000,52000,52000
056962,技嘉永豐98購01  ,0,0,0,0,0,0,0,0,0,52000,0,0,0,88000,36000,52000,52000
057061,華擎國泰9A購01  ,0,0,0,0,0,0,0,0,0,52000,0,0,0,323000,271000,52000,52000
04028P,燿華凱基94售02  ,0,0,0,0,0,0,0,0,0,52000,0,0,0,102000,50000,52000,52000
048697,華新科國票94購06,0,0,0,0,0,0,0,0,0,52000,0,0,0,66000,14000,52000,52000
050554,百和凱基95購01  ,0,0,0,0,0,0,0,0,0,52000,0,0,0,145000,93000,52000,52000
055354,宏達電凱基98購01,0,0,0,0,0,0,0,0,0,52000,0,0,0,74000,22000,52000,52000
3708,上緯投控        ,78000,21000,57000,0,0,0,0,0,0,-5000,0,0,0,0,5000,-5000,52000
057124,為升凱基98購02  ,0,0,0,0,0,0,0,0,0,51000,0,0,0,140000,89000,51000,51000
056775,康控元大99購01  ,0,0,0,0,0,0,0,0,0,51000,0,0,0,82000,31000,51000,51000
057356,彩晶統一98購04  ,0,0,0,0,0,0,0,0,0,51000,0,0,0,144000,93000,51000,51000
047735,華邦電台新94購01,0,0,0,0,0,0,0,0,0,51000,0,0,0,111000,60000,51000,51000
03976P,智原元大93售02  ,0,0,0,0,0,0,0,0,0,51000,0,0,0,51000,0,51000,51000
051149,可成凱基95購04  ,0,0,0,0,0,0,0,0,0,51000,0,0,0,101000,50000,51000,51000
051582,聯發科元大97購02,0,0,0,0,0,0,0,0,0,51000,0,0,0,138000,87000,51000,51000
050357,南電群益94購02  ,0,0,0,0,0,0,0,0,0,51000,0,0,0,66000,15000,51000,51000
055272,國巨元大98購04  ,0,0,0,0,0,0,0,0,0,51000,0,0,0,366000,315000,51000,51000
053189,聯發科統一96購05,0,0,0,0,0,0,0,0,0,51000,0,0,0,51000,0,51000,51000
05388P,南亞科元大95售04,0,0,0,0,0,0,0,0,0,51000,0,0,0,91000,40000,51000,51000
054031,中鋼中信98購01  ,0,0,0,0,0,0,0,0,0,51000,0,0,0,51000,0,51000,51000
057306,玉晶光兆豐99購01,0,0,0,0,0,0,0,0,0,50000,0,0,0,50000,0,50000,50000
057683,技嘉日盛98購01  ,0,0,0,0,0,0,0,0,0,50000,0,0,0,90000,40000,50000,50000
057634,道瓊反元大99購01,0,0,0,0,0,0,0,0,0,50000,0,0,0,50000,0,50000,50000
057636,上銀元大98購06  ,0,0,0,0,0,0,0,0,0,50000,0,0,0,50000,0,50000,50000
056679,元油2X統一98購01,0,0,0,0,0,0,0,0,0,50000,0,0,0,50000,0,50000,50000
056812,泰鼎統一98購01  ,0,0,0,0,0,0,0,0,0,50000,0,0,0,153000,103000,50000,50000
057173,南亞科元大98購04,0,0,0,0,0,0,0,0,0,50000,0,0,0,61000,11000,50000,50000
055894,欣興統一97購03  ,0,0,0,0,0,0,0,0,0,50000,0,0,0,50000,0,50000,50000
05583P,訊芯凱基96售01  ,0,0,0,0,0,0,0,0,0,50000,0,0,0,100000,50000,50000,50000
056113,新日興兆豐98購01,0,0,0,0,0,0,0,0,0,50000,0,0,0,204000,154000,50000,50000
056204,嘉澤永豐97購01  ,0,0,0,0,0,0,0,0,0,50000,0,0,0,70000,20000,50000,50000
03841P,聯發科統一93售02,0,0,0,0,0,0,0,0,0,50000,0,0,0,50000,0,50000,50000
03202P,聯電凱基01售03  ,0,0,0,0,0,0,0,0,0,50000,0,0,0,50000,0,50000,50000
04773P,金融類元大94售01,0,0,0,0,0,0,0,0,0,50000,0,0,0,50000,0,50000,50000
048302,上証反凱基93購01,0,0,0,0,0,0,0,0,0,50000,0,0,0,50000,0,50000,50000
048258,國泰金統一93購01,0,0,0,0,0,0,0,0,0,50000,0,0,0,50000,0,50000,50000
048259,新日興統一93購01,0,0,0,0,0,0,0,0,0,50000,0,0,0,50000,0,50000,50000
046528,聯詠中信94購01  ,0,0,0,0,0,0,0,0,0,50000,0,0,0,88000,38000,50000,50000
044792,康友群益93購01  ,0,0,0,0,0,0,0,0,0,50000,0,0,0,50000,0,50000,50000
048402,聯茂兆豐95購01  ,0,0,0,0,0,0,0,0,0,50000,0,0,0,50000,0,50000,50000
048348,矽力元大93購03  ,0,0,0,0,0,0,0,0,0,50000,0,0,0,60000,10000,50000,50000
047803,卜蜂凱基93購03  ,0,0,0,0,0,0,0,0,0,50000,0,0,0,50000,0,50000,50000
048949,昇陽半永豐94購01,0,0,0,0,0,0,0,0,0,50000,0,0,0,50000,0,50000,50000
049005,可成中信95購01  ,0,0,0,0,0,0,0,0,0,50000,0,0,0,50000,0,50000,50000
046836,聯茂群益93購01  ,0,0,0,0,0,0,0,0,0,50000,0,0,0,50000,0,50000,50000
047325,材料元大93購01  ,0,0,0,0,0,0,0,0,0,50000,0,0,0,50000,0,50000,50000
047483,新光金凱基99購04,0,0,0,0,0,0,0,0,0,50000,0,0,0,50000,0,50000,50000
05092P,全新元大95售03  ,0,0,0,0,0,0,0,0,0,50000,0,0,0,50000,0,50000,50000
047610,致伸第一93購01  ,0,0,0,0,0,0,0,0,0,50000,0,0,0,50000,0,50000,50000
049808,聯詠元大94購03  ,0,0,0,0,0,0,0,0,0,50000,0,0,0,50000,0,50000,50000
051120,南亞科群益95購01,0,0,0,0,0,0,0,0,0,50000,0,0,0,94000,44000,50000,50000
051945,智邦統一95購03  ,0,0,0,0,0,0,0,0,0,50000,0,0,0,50000,0,50000,50000
052134,智邦凱基95購09  ,0,0,0,0,0,0,0,0,0,50000,0,0,0,70000,20000,50000,50000
052249,大成鋼永豐95購01,0,0,0,0,0,0,0,0,0,50000,0,0,0,89000,39000,50000,50000
052396,台積電凱基97購01,0,0,0,0,0,0,0,0,0,50000,0,0,0,50000,0,50000,50000
052397,燿華凱基96購02  ,0,0,0,0,0,0,0,0,0,50000,0,0,0,50000,0,50000,50000
05246P,南電元大95售04  ,0,0,0,0,0,0,0,0,0,50000,0,0,0,50000,0,50000,50000
052521,友達元大9B購01  ,0,0,0,0,0,0,0,0,0,50000,0,0,0,112000,62000,50000,50000
052746,泰碩元大97購01  ,0,0,0,0,0,0,0,0,0,50000,0,0,0,50000,0,50000,50000
052808,矽力元大96購02  ,0,0,0,0,0,0,0,0,0,50000,0,0,0,50000,0,50000,50000
05186P,鈺齊中信95售02  ,0,0,0,0,0,0,0,0,0,50000,0,0,0,135000,85000,50000,50000
049407,台積電日盛94購02,0,0,0,0,0,0,0,0,0,50000,0,0,0,110000,60000,50000,50000
049322,志超凱基94購02  ,0,0,0,0,0,0,0,0,0,50000,0,0,0,50000,0,50000,50000
049501,台郡元大95購01  ,0,0,0,0,0,0,0,0,0,50000,0,0,0,50000,0,50000,50000
049595,麗豐元大95購01  ,0,0,0,0,0,0,0,0,0,50000,0,0,0,60000,10000,50000,50000
051193,新日興兆豐96購01,0,0,0,0,0,0,0,0,0,50000,0,0,0,50000,0,50000,50000
051379,新光金群益95購01,0,0,0,0,0,0,0,0,0,50000,0,0,0,50000,0,50000,50000
054009,欣興元富96購03  ,0,0,0,0,0,0,0,0,0,50000,0,0,0,120000,70000,50000,50000
053506,南茂兆豐97購01  ,0,0,0,0,0,0,0,0,0,50000,0,0,0,50000,0,50000,50000
053816,聯發科群益96購02,0,0,0,0,0,0,0,0,0,50000,0,0,0,100000,50000,50000,50000
053411,深中小國票9B購01,0,0,0,0,0,0,0,0,0,50000,0,0,0,50000,0,50000,50000
053381,友達元大9A購02  ,0,0,0,0,0,0,0,0,0,50000,0,0,0,95000,45000,50000,50000
05334P,臺股指國票95售03,0,0,0,0,0,0,0,0,0,50000,0,0,0,65000,15000,50000,50000
053049,T50反1國票98購01,0,0,0,0,0,0,0,0,0,50000,0,0,0,50000,0,50000,50000
055240,京元電元富97購01,0,0,0,0,0,0,0,0,0,50000,0,0,0,50000,0,50000,50000
05524P,瀚宇博國票97售02,0,0,0,0,0,0,0,0,0,50000,0,0,0,50000,0,50000,50000
055442,矽創國票98購02  ,0,0,0,0,0,0,0,0,0,50000,0,0,0,50000,0,50000,50000
054995,宏盛元富97購01  ,0,0,0,0,0,0,0,0,0,50000,0,0,0,50000,0,50000,50000
054764,亞光國票98購01  ,0,0,0,0,0,0,0,0,0,50000,0,0,0,50000,0,50000,50000
054759,台化國票98購01  ,0,0,0,0,0,0,0,0,0,50000,0,0,0,50000,0,50000,50000
054792,揚明光群益97購01,0,0,0,0,0,0,0,0,0,50000,0,0,0,50000,0,50000,50000
054322,國巨台新96購02  ,0,0,0,0,0,0,0,0,0,50000,0,0,0,67000,17000,50000,50000
05433P,智原元富95售02  ,0,0,0,0,0,0,0,0,0,50000,0,0,0,50000,0,50000,50000
3698,隆達            ,90000,111000,-21000,0,0,0,0,0,0,71000,72000,0,72000,0,1000,-1000,50000
6591,動力-KY         ,65000,16000,49000,0,0,0,0,0,0,1000,1000,0,1000,0,0,0,50000
9941,裕融            ,61000,11000,50000,0,0,0,0,0,0,0,0,0,0,0,0,0,50000
06459P,亞德客元富98售01,0,0,0,0,0,0,0,0,0,50000,0,0,0,51000,1000,50000,50000
06643P,大立光兆豐98售01,0,0,0,0,0,0,0,0,0,50000,0,0,0,50000,0,50000,50000
06553P,訊芯元大98售05  ,0,0,0,0,0,0,0,0,0,50000,0,0,0,50000,0,50000,50000
06677P,牧德國票98售02  ,0,0,0,0,0,0,0,0,0,50000,0,0,0,50000,0,50000,50000
2101,南港            ,385000,330000,55000,0,0,0,0,0,0,-5000,0,0,0,0,5000,-5000,50000
05986P,大立光統一97售03,0,0,0,0,0,0,0,0,0,50000,0,0,0,50000,0,50000,50000
06142P,台虹康和97售02  ,0,0,0,0,0,0,0,0,0,50000,0,0,0,50000,0,50000,50000
06126P,凌陽元富97售02  ,0,0,0,0,0,0,0,0,0,50000,0,0,0,70000,20000,50000,50000
06369P,台積電凱基97售16,0,0,0,0,0,0,0,0,0,50000,0,0,0,50000,0,50000,50000
2207,和泰車          ,156000,118109,37891,0,0,0,6000,0,6000,6000,6000,0,6000,0,0,0,49891
05620P,大立光富邦9B售01,0,0,0,0,0,0,0,0,0,49000,0,0,0,105000,56000,49000,49000
056331,聯鈞國票99購01  ,0,0,0,0,0,0,0,0,0,49000,0,0,0,301000,252000,49000,49000
056353,鴻海元大99購02  ,0,0,0,0,0,0,0,0,0,49000,0,0,0,120000,71000,49000,49000
056418,台光電元富98購01,0,0,0,0,0,0,0,0,0,49000,0,0,0,152000,103000,49000,49000
055567,訊芯凱基98購02  ,0,0,0,0,0,0,0,0,0,49000,0,0,0,50000,1000,49000,49000
057401,晶豪科群益99購01,0,0,0,0,0,0,0,0,0,49000,0,0,0,107000,58000,49000,49000
057506,聯鈞國票99購02  ,0,0,0,0,0,0,0,0,0,49000,0,0,0,69000,20000,49000,49000
050742,新日興永豐94購01,0,0,0,0,0,0,0,0,0,49000,0,0,0,99000,50000,49000,49000
048740,富邦金統一94購01,0,0,0,0,0,0,0,0,0,49000,0,0,0,49000,0,49000,49000
00654R,富邦印度反1     ,0,15000,-15000,0,0,0,0,0,0,64000,0,0,0,64000,0,64000,49000
051211,道瓊反統一95購01,0,0,0,0,0,0,0,0,0,49000,0,0,0,49000,0,49000,49000
050518,台積電元大94購28,0,0,0,0,0,0,0,0,0,49000,0,0,0,487000,438000,49000,49000
051750,華通富邦96購01  ,0,0,0,0,0,0,0,0,0,49000,0,0,0,50000,1000,49000,49000
050082,聯發科統一94購08,0,0,0,0,0,0,0,0,0,49000,0,0,0,49000,0,49000,49000
050158,上海銀群益96購01,0,0,0,0,0,0,0,0,0,49000,0,0,0,51000,2000,49000,49000
054416,禾伸堂元大97購01,0,0,0,0,0,0,0,0,0,49000,0,0,0,60000,11000,49000,49000
054725,國巨日盛97購01  ,0,0,0,0,0,0,0,0,0,49000,0,0,0,50000,1000,49000,49000
054573,漢唐元大98購01  ,0,0,0,0,0,0,0,0,0,49000,0,0,0,110000,61000,49000,49000
054670,康友元富97購01  ,0,0,0,0,0,0,0,0,0,49000,0,0,0,72000,23000,49000,49000
06635P,聯發科凱基98售15,0,0,0,0,0,0,0,0,0,49000,0,0,0,180000,131000,49000,49000
057563,旭富國泰9A購01  ,0,0,0,0,0,0,0,0,0,48000,0,0,0,71000,23000,48000,48000
05761P,嘉澤永豐96售01  ,0,0,0,0,0,0,0,0,0,48000,0,0,0,78000,30000,48000,48000
057745,泰鼎永豐99購01  ,0,0,0,0,0,0,0,0,0,48000,0,0,0,338000,290000,48000,48000
057103,禾伸堂中信9A購01,0,0,0,0,0,0,0,0,0,48000,0,0,0,280000,232000,48000,48000
056980,建準群益98購02  ,0,0,0,0,0,0,0,0,0,48000,0,0,0,50000,2000,48000,48000
056683,台積電統一98購05,0,0,0,0,0,0,0,0,0,48000,0,0,0,48000,0,48000,48000
056809,旺宏統一98購03  ,0,0,0,0,0,0,0,0,0,48000,0,0,0,48000,0,48000,48000
056053,和大元大97購05  ,0,0,0,0,0,0,0,0,0,48000,0,0,0,49000,1000,48000,48000
056419,欣興元富98購02  ,0,0,0,0,0,0,0,0,0,48000,0,0,0,104000,56000,48000,48000
056514,訊芯亞東99購01  ,0,0,0,0,0,0,0,0,0,48000,0,0,0,48000,0,48000,48000
044852,華邦電國泰93購02,0,0,0,0,0,0,0,0,0,48000,0,0,0,48000,0,48000,48000
04667P,臺股指國票94售06,0,0,0,0,0,0,0,0,0,48000,0,0,0,48000,0,48000,48000
051052,台積電群益95購01,0,0,0,0,0,0,0,0,0,48000,0,0,0,125000,77000,48000,48000
049003,智邦中信95購01  ,0,0,0,0,0,0,0,0,0,48000,0,0,0,48000,0,48000,48000
048401,南電國票93購03  ,0,0,0,0,0,0,0,0,0,48000,0,0,0,48000,0,48000,48000
048450,聯詠凱基93購09  ,0,0,0,0,0,0,0,0,0,48000,0,0,0,48000,0,48000,48000
051984,台塑元大95購01  ,0,0,0,0,0,0,0,0,0,48000,0,0,0,202000,154000,48000,48000
050533,致新元大94購03  ,0,0,0,0,0,0,0,0,0,48000,0,0,0,49000,1000,48000,48000
052349,鴻海統一95購15  ,0,0,0,0,0,0,0,0,0,48000,0,0,0,48000,0,48000,48000
052253,康控永豐95購04  ,0,0,0,0,0,0,0,0,0,48000,0,0,0,68000,20000,48000,48000
052194,旺宏元富95購04  ,0,0,0,0,0,0,0,0,0,48000,0,0,0,98000,50000,48000,48000
051825,中環元大95購01  ,0,0,0,0,0,0,0,0,0,48000,0,0,0,50000,2000,48000,48000
051644,聯茂康和95購01  ,0,0,0,0,0,0,0,0,0,48000,0,0,0,166000,118000,48000,48000
051550,日電貿永豐95購01,0,0,0,0,0,0,0,0,0,48000,0,0,0,151000,103000,48000,48000
054535,旺宏富邦97購02  ,0,0,0,0,0,0,0,0,0,48000,0,0,0,63000,15000,48000,48000
054413,台光電元大96購03,0,0,0,0,0,0,0,0,0,48000,0,0,0,52000,4000,48000,48000
054179,上海銀台新97購01,0,0,0,0,0,0,0,0,0,48000,0,0,0,48000,0,48000,48000
055295,瀚宇博元大97購02,0,0,0,0,0,0,0,0,0,48000,0,0,0,84000,36000,48000,48000
053015,緯創統一96購01  ,0,0,0,0,0,0,0,0,0,48000,0,0,0,48000,0,48000,48000
053121,上証2X凱基9C購01,0,0,0,0,0,0,0,0,0,48000,0,0,0,97000,49000,48000,48000
053786,新日興元大96購02,0,0,0,0,0,0,0,0,0,48000,0,0,0,48000,0,48000,48000
053837,貿聯永豐96購02  ,0,0,0,0,0,0,0,0,0,48000,0,0,0,68000,20000,48000,48000
06666P,台積電日盛9A售02,0,0,0,0,0,0,0,0,0,48000,0,0,0,173000,125000,48000,48000
06737P,台郡凱基98售07  ,0,0,0,0,0,0,0,0,0,48000,0,0,0,131000,83000,48000,48000
6415,矽力-KY         ,171000,101000,70000,0,0,0,14000,50000,-36000,14000,0,0,0,16000,2000,14000,48000
2637,慧洋-KY         ,199000,201000,-2000,0,0,0,0,0,0,50000,50000,0,50000,0,0,0,48000
056550,瑞儀凱基99購01  ,0,0,0,0,0,0,0,0,0,47000,0,0,0,89000,42000,47000,47000
055590,聯發科元大98購02,0,0,0,0,0,0,0,0,0,47000,0,0,0,256000,209000,47000,47000
055683,晶技凱基99購01  ,0,0,0,0,0,0,0,0,0,47000,0,0,0,52000,5000,47000,47000
056752,國巨兆豐98購02  ,0,0,0,0,0,0,0,0,0,47000,0,0,0,88000,41000,47000,47000
057231,美律凱基98購05  ,0,0,0,0,0,0,0,0,0,47000,0,0,0,68000,21000,47000,47000
057485,友達元大9C購04  ,0,0,0,0,0,0,0,0,0,47000,0,0,0,47000,0,47000,47000
044426,欣興國泰93購02  ,0,0,0,0,0,0,0,0,0,47000,0,0,0,62000,15000,47000,47000
00678,群益NBI生技     ,0,0,0,0,0,0,0,0,0,47000,0,0,0,947000,900000,47000,47000
00703,台新MSCI中國    ,0,0,0,0,0,0,0,0,0,47000,0,0,0,132000,85000,47000,47000
00743,國泰中國A150    ,221000,0,221000,0,0,0,0,0,0,-174000,0,0,0,50000,224000,-174000,47000
03959P,義隆元富96售01  ,0,0,0,0,0,0,0,0,0,47000,0,0,0,50000,3000,47000,47000
051233,力成群益97購01  ,0,0,0,0,0,0,0,0,0,47000,0,0,0,51000,4000,47000,47000
052186,宏達電群益95購04,0,0,0,0,0,0,0,0,0,47000,0,0,0,60000,13000,47000,47000
052535,日月光國泰96購01,0,0,0,0,0,0,0,0,0,47000,0,0,0,90000,43000,47000,47000
051138,訊連永豐95購01  ,0,0,0,0,0,0,0,0,0,47000,0,0,0,49000,2000,47000,47000
054092,大立光群益97購01,0,0,0,0,0,0,0,0,0,47000,0,0,0,57000,10000,47000,47000
054129,技嘉元大96購02  ,0,0,0,0,0,0,0,0,0,47000,0,0,0,132000,85000,47000,47000
053490,為升兆豐97購01  ,0,0,0,0,0,0,0,0,0,47000,0,0,0,53000,6000,47000,47000
053200,華邦電日盛96購01,0,0,0,0,0,0,0,0,0,47000,0,0,0,72000,25000,47000,47000
053277,大立光元大96購04,0,0,0,0,0,0,0,0,0,47000,0,0,0,48000,1000,47000,47000
05496P,聯詠統一95售04  ,0,0,0,0,0,0,0,0,0,47000,0,0,0,47000,0,47000,47000
054472,道瓊反中信9A購01,0,0,0,0,0,0,0,0,0,47000,0,0,0,52000,5000,47000,47000
3033,威健            ,55000,8000,47000,0,0,0,0,0,0,0,0,0,0,0,0,0,47000
2608,嘉里大榮        ,83000,11000,72000,0,0,0,0,0,0,-25000,3000,28000,-25000,0,0,0,47000
6416,瑞祺電通        ,151000,81000,70000,0,0,0,0,30000,-30000,7000,7000,0,7000,0,0,0,47000
06811P,聯發科統一98售06,0,0,0,0,0,0,0,0,0,47000,0,0,0,47000,0,47000,47000
1907,永豐餘          ,635000,628000,7000,0,0,0,0,7000,-7000,47000,47000,0,47000,0,0,0,47000
06071P,大立光永豐97售01,0,0,0,0,0,0,0,0,0,47000,0,0,0,47000,0,47000,47000
057594,宏達電兆豐99購01,0,0,0,0,0,0,0,0,0,46000,0,0,0,93000,47000,46000,46000
057159,晶技永豐98購01  ,0,0,0,0,0,0,0,0,0,46000,0,0,0,71000,25000,46000,46000
056039,宏達電凱基97購02,0,0,0,0,0,0,0,0,0,46000,0,0,0,58000,12000,46000,46000
055782,新日興凱基99購01,0,0,0,0,0,0,0,0,0,46000,0,0,0,80000,34000,46000,46000
056600,聯茂元富98購01  ,0,0,0,0,0,0,0,0,0,46000,0,0,0,234000,188000,46000,46000
05649P,矽創國票97售03  ,0,0,0,0,0,0,0,0,0,46000,0,0,0,46000,0,46000,46000
03543P,台泥中信02售01  ,0,0,0,0,0,0,0,0,0,46000,0,0,0,231000,185000,46000,46000
03421B,臺股指元大99熊01,0,0,0,0,0,0,0,0,0,46000,0,0,0,51000,5000,46000,46000
044817,可成兆豐93購01  ,0,0,0,0,0,0,0,0,0,46000,0,0,0,106000,60000,46000,46000
04694P,TPK台新94售02   ,0,0,0,0,0,0,0,0,0,46000,0,0,0,46000,0,46000,46000
049123,可成元富94購01  ,0,0,0,0,0,0,0,0,0,46000,0,0,0,46000,0,46000,46000
051081,聯茂富邦96購01  ,0,0,0,0,0,0,0,0,0,46000,0,0,0,50000,4000,46000,46000
052676,聯發科永昌98購01,0,0,0,0,0,0,0,0,0,46000,0,0,0,637000,591000,46000,46000
050368,國巨元大94購14  ,0,0,0,0,0,0,0,0,0,46000,0,0,0,56000,10000,46000,46000
051591,玉晶光元大97購01,0,0,0,0,0,0,0,0,0,46000,0,0,0,132000,86000,46000,46000
05159P,聯發科永豐95售04,0,0,0,0,0,0,0,0,0,46000,0,0,0,48000,2000,46000,46000
04941P,台達電台新94售02,0,0,0,0,0,0,0,0,0,46000,0,0,0,46000,0,46000,46000
054345,世芯國票96購02  ,0,0,0,0,0,0,0,0,0,46000,0,0,0,110000,64000,46000,46000
05417P,燿華永豐95售07  ,0,0,0,0,0,0,0,0,0,46000,0,0,0,56000,10000,46000,46000
054889,京鼎統一99購01  ,0,0,0,0,0,0,0,0,0,46000,0,0,0,300000,254000,46000,46000
053018,旺宏元富96購02  ,0,0,0,0,0,0,0,0,0,46000,0,0,0,46000,0,46000,46000
8261,富鼎            ,81000,35000,46000,0,0,0,0,0,0,0,0,0,0,0,0,0,46000
3557,嘉威            ,121000,75000,46000,0,0,0,0,0,0,0,0,0,0,0,0,0,46000
056314,力成元大97購01  ,0,0,0,0,0,0,0,0,0,45000,0,0,0,45000,0,45000,45000
056052,T50反1元大97購06,0,0,0,0,0,0,0,0,0,45000,0,0,0,2525000,2480000,45000,45000
055926,國巨群益98購06  ,0,0,0,0,0,0,0,0,0,45000,0,0,0,170000,125000,45000,45000
055667,致茂群益98購01  ,0,0,0,0,0,0,0,0,0,45000,0,0,0,111000,66000,45000,45000
055506,台郡元大99購02  ,0,0,0,0,0,0,0,0,0,45000,0,0,0,115000,70000,45000,45000
057262,友達兆豐98購03  ,0,0,0,0,0,0,0,0,0,45000,0,0,0,120000,75000,45000,45000
057779,禾伸堂群益98購02,0,0,0,0,0,0,0,0,0,45000,0,0,0,170000,125000,45000,45000
047614,台郡群益93購02  ,0,0,0,0,0,0,0,0,0,45000,0,0,0,45000,0,45000,45000
047287,貿聯統一95購01  ,0,0,0,0,0,0,0,0,0,45000,0,0,0,117000,72000,45000,45000
047219,美律麥證94購01  ,0,0,0,55000,10000,45000,0,0,0,45000,0,0,0,55000,10000,45000,45000
046608,超眾兆豐93購02  ,0,0,0,0,0,0,0,0,0,45000,0,0,0,45000,0,45000,45000
044184,南亞科國泰93購01,0,0,0,0,0,0,0,0,0,45000,0,0,0,45000,0,45000,45000
03334P,宏達電元大02售04,0,0,0,0,0,0,0,0,0,45000,0,0,0,45000,0,45000,45000
00712,FH富時不動產    ,89000,0,89000,0,0,0,0,0,0,-44000,0,0,0,46000,90000,-44000,45000
03821P,上海銀統一95售01,0,0,0,0,0,0,0,0,0,45000,0,0,0,45000,0,45000,45000
052801,友達元大9A購01  ,0,0,0,0,0,0,0,0,0,45000,0,0,0,50000,5000,45000,45000
052741,聯發科元大96購08,0,0,0,0,0,0,0,0,0,45000,0,0,0,428000,383000,45000,45000
052737,滬深2X元大96購06,0,0,0,0,0,0,0,0,0,45000,0,0,0,45000,0,45000,45000
055083,康友中信97購01  ,0,0,0,0,0,0,0,0,0,45000,0,0,0,55000,10000,45000,45000
055366,國巨元大98購05  ,0,0,0,0,0,0,0,0,0,45000,0,0,0,47000,2000,45000,45000
054216,聯茂國票97購03  ,0,0,0,0,0,0,0,0,0,45000,0,0,0,60000,15000,45000,45000
054291,高鐵元大97購01  ,0,0,0,0,0,0,0,0,0,45000,0,0,0,89000,44000,45000,45000
054249,技嘉元大96購03  ,0,0,0,0,0,0,0,0,0,45000,0,0,0,119000,74000,45000,45000
054731,S&P反1凱基98購01,0,0,0,0,0,0,0,0,0,45000,0,0,0,45000,0,45000,45000
3583,辛耘            ,65000,20000,45000,0,0,0,0,0,0,0,0,0,0,0,0,0,45000
6288,聯嘉            ,274000,213000,61000,0,0,0,0,0,0,-16000,0,16000,-16000,0,0,0,45000
06238P,台積電元大98售07,0,0,0,0,0,0,0,0,0,45000,0,0,0,225000,180000,45000,45000
057361,元油2X元大98購11,0,0,0,0,0,0,0,0,0,44000,0,0,0,100000,56000,44000,44000
056784,南亞科群益98購01,0,0,0,0,0,0,0,0,0,44000,0,0,0,101000,57000,44000,44000
046383,群創凱基98購01  ,0,0,0,0,0,0,0,0,0,44000,0,0,0,44000,0,44000,44000
04805P,創意元富94售01  ,0,0,0,0,0,0,0,0,0,44000,0,0,0,44000,0,44000,44000
047967,南亞科國泰95購01,0,0,0,0,0,0,0,0,0,44000,0,0,0,253000,209000,44000,44000
052706,台虹國票97購01  ,0,0,0,0,0,0,0,0,0,44000,0,0,0,94000,50000,44000,44000
050115,群創元大96購01  ,0,0,0,0,0,0,0,0,0,44000,0,0,0,261000,217000,44000,44000
051031,康友元富95購02  ,0,0,0,0,0,0,0,0,0,44000,0,0,0,50000,6000,44000,44000
054335,緯穎永豐96購02  ,0,0,0,0,0,0,0,0,0,44000,0,0,0,86000,42000,44000,44000
053086,宏達電元大97購01,0,0,0,0,0,0,0,0,0,44000,0,0,0,114000,70000,44000,44000
052851,滬深2X元富96購02,0,0,0,0,0,0,0,0,0,44000,0,0,0,583000,539000,44000,44000
06090P,旺宏統一97售06  ,0,0,0,0,0,0,0,0,0,44000,0,0,0,174000,130000,44000,44000
06759P,台積電元大98售17,0,0,0,0,0,0,0,0,0,44000,0,0,0,259000,215000,44000,44000
4956,光鋐            ,61000,17000,44000,0,0,0,0,0,0,0,0,0,0,0,0,0,44000
8466,美吉吉-KY       ,45000,0,45000,0,0,0,0,0,0,-1000,0,1000,-1000,0,0,0,44000
05710P,禾伸堂國票97售02,0,0,0,0,0,0,0,0,0,43000,0,0,0,43000,0,43000,43000
05555P,健策群益98售01  ,0,0,0,0,0,0,0,0,0,43000,0,0,0,43000,0,43000,43000
055660,台光電兆豐97購01,0,0,0,0,0,0,0,0,0,43000,0,0,0,201000,158000,43000,43000
055736,宏達電元富99購01,0,0,0,0,0,0,0,0,0,43000,0,0,0,43000,0,43000,43000
050959,元金2X永豐95購02,0,0,0,0,0,0,0,0,0,43000,0,0,0,104000,61000,43000,43000
050890,南電富邦99購01  ,0,0,0,0,0,0,0,0,0,43000,0,0,0,256000,213000,43000,43000
050526,貿聯元大95購01  ,0,0,0,0,0,0,0,0,0,43000,0,0,0,103000,60000,43000,43000
052983,國巨元大96購07  ,0,0,0,0,0,0,0,0,0,43000,0,0,0,193000,150000,43000,43000
053851,鴻海國泰98購03  ,0,0,0,0,0,0,0,0,0,43000,0,0,0,43000,0,43000,43000
05422P,大立光中信97售02,0,0,0,0,0,0,0,0,0,43000,0,0,0,43000,0,43000,43000
055360,台表科凱基97購02,0,0,0,0,0,0,0,0,0,43000,0,0,0,79000,36000,43000,43000
055320,建準國票98購01  ,0,0,0,0,0,0,0,0,0,43000,0,0,0,43000,0,43000,43000
055243,國巨統一97購04  ,0,0,0,0,0,0,0,0,0,43000,0,0,0,79000,36000,43000,43000
4739,康普            ,71000,28000,43000,0,0,0,0,0,0,0,0,0,0,0,0,0,43000
1702,南僑            ,63000,19000,44000,0,0,0,0,1000,-1000,0,0,0,0,0,0,0,43000
06220P,廣宇元富97售02  ,0,0,0,0,0,0,0,0,0,43000,0,0,0,63000,20000,43000,43000
056402,智易群益98購02  ,0,0,0,0,0,0,0,0,0,42000,0,0,0,132000,90000,42000,42000
056569,T50正2元大9B購02,0,0,0,0,0,0,0,0,0,42000,0,0,0,89000,47000,42000,42000
056836,國巨元富98購01  ,0,0,0,0,0,0,0,0,0,42000,0,0,0,62000,20000,42000,42000
051062,超眾群益95購02  ,0,0,0,0,0,0,0,0,0,42000,0,0,0,64000,22000,42000,42000
048012,嘉晶國票94購01  ,0,0,0,0,0,0,0,0,0,42000,0,0,0,122000,80000,42000,42000
047494,華邦電元富96購01,0,0,0,0,0,0,0,0,0,42000,0,0,0,46000,4000,42000,42000
048986,訊連元大94購01  ,0,0,0,0,0,0,0,0,0,42000,0,0,0,60000,18000,42000,42000
047766,聯發科元大93購19,0,0,0,0,0,0,0,0,0,42000,0,0,0,92000,50000,42000,42000
043605,創意元大93購01  ,0,0,0,0,0,0,0,0,0,42000,0,0,0,42000,0,42000,42000
04033P,啟碁凱基93售04  ,0,0,0,0,0,0,0,0,0,42000,0,0,0,67000,25000,42000,42000
041527,T50反1中信96購01,0,0,0,0,0,0,0,0,0,42000,0,0,0,192000,150000,42000,42000
047618,義隆凱基94購02  ,0,0,0,0,0,0,0,0,0,42000,0,0,0,42000,0,42000,42000
049448,光磊統一94購01  ,0,0,0,0,0,0,0,0,0,42000,0,0,0,150000,108000,42000,42000
055156,華新科元大99購02,0,0,0,0,0,0,0,0,0,42000,0,0,0,221000,179000,42000,42000
05444P,大立光元大95售10,0,0,0,0,0,0,0,0,0,42000,0,0,0,52000,10000,42000,42000
053014,旺宏統一97購02  ,0,0,0,0,0,0,0,0,0,42000,0,0,0,117000,75000,42000,42000
053439,台積電凱基96購11,0,0,0,0,0,0,0,0,0,42000,0,0,0,62000,20000,42000,42000
05851P,力山群益97售01  ,0,0,0,0,0,0,0,0,0,42000,0,0,0,42000,0,42000,42000
06760P,台積電元大98售18,0,0,0,0,0,0,0,0,0,42000,0,0,0,531000,489000,42000,42000
06693P,臺股指凱基98售01,0,0,0,0,0,0,0,0,0,42000,0,0,0,42000,0,42000,42000
056891,國巨元大99購03  ,0,0,0,0,0,0,0,0,0,41000,0,0,0,143000,102000,41000,41000
056680,華通統一98購04  ,0,0,0,0,0,0,0,0,0,41000,0,0,0,41000,0,41000,41000
057592,美律兆豐99購01  ,0,0,0,0,0,0,0,0,0,41000,0,0,0,70000,29000,41000,41000
04394P,臻鼎凱基94售01  ,0,0,0,0,0,0,0,0,0,41000,0,0,0,41000,0,41000,41000
046540,創意群益92購04  ,0,0,0,0,0,0,0,0,0,41000,0,0,0,41000,0,41000,41000
045293,鴻海元大94購01  ,0,0,0,0,0,0,0,0,0,41000,0,0,0,145000,104000,41000,41000
047213,新日興富邦97購01,0,0,0,0,0,0,0,0,0,41000,0,0,0,67000,26000,41000,41000
051489,世芯凱基95購01  ,0,0,0,0,0,0,0,0,0,41000,0,0,0,56000,15000,41000,41000
054425,聯發科富邦99購03,0,10000,-10000,0,0,0,0,0,0,51000,0,0,0,110000,59000,51000,41000
06679P,旺宏元大98售09  ,0,0,0,0,0,0,0,0,0,41000,0,0,0,50000,9000,41000,41000
06498P,臺股指元大9A售03,0,0,0,0,0,0,0,0,0,41000,0,0,0,121000,80000,41000,41000
1325,恆大            ,250000,227000,23000,0,0,0,0,0,0,18000,33000,15000,18000,0,0,0,41000
06007P,世芯永豐96售01  ,0,0,0,0,0,0,0,0,0,41000,0,0,0,66000,25000,41000,41000
056669,貿聯國票99購01  ,0,0,0,0,0,0,0,0,0,40000,0,0,0,40000,0,40000,40000
056840,友達元富98購02  ,0,0,0,0,0,0,0,0,0,40000,0,0,0,40000,0,40000,40000
056851,瑞儀元富98購01  ,0,0,0,0,0,0,0,0,0,40000,0,0,0,60000,20000,40000,40000
057254,友達麥證98購01  ,0,0,0,40000,0,40000,0,0,0,40000,0,0,0,40000,0,40000,40000
057140,宏達電兆豐98購01,0,0,0,0,0,0,0,0,0,40000,0,0,0,81000,41000,40000,40000
057181,亞光元大98購02  ,0,0,0,0,0,0,0,0,0,40000,0,0,0,87000,47000,40000,40000
056582,易華電元大98購01,0,0,0,0,0,0,0,0,0,40000,0,0,0,40000,0,40000,40000
056552,台表科凱基99購01,0,0,0,0,0,0,0,0,0,40000,0,0,0,100000,60000,40000,40000
055651,富邦金元富97購01,0,0,0,0,0,0,0,0,0,40000,0,0,0,60000,20000,40000,40000
055562,欣興凱基97購06  ,0,0,0,0,0,0,0,0,0,40000,0,0,0,40000,0,40000,40000
055528,華邦電群益97購01,0,0,0,0,0,0,0,0,0,40000,0,0,0,40000,0,40000,40000
055772,致茂凱基97購01  ,0,0,0,0,0,0,0,0,0,40000,0,0,0,40000,0,40000,40000
055749,智邦永昌9C購01  ,0,0,0,0,0,0,0,0,0,40000,0,0,0,48000,8000,40000,40000
055890,鴻海統一99購01  ,0,0,0,0,0,0,0,0,0,40000,0,0,0,98000,58000,40000,40000
047135,可成凱基93購05  ,0,0,0,0,0,0,0,0,0,40000,0,0,0,40000,0,40000,40000
047296,日月光元富96購01,0,0,0,0,0,0,0,0,0,40000,0,0,0,60000,20000,40000,40000
046785,禾伸堂永豐93購01,0,0,0,0,0,0,0,0,0,40000,0,0,0,40000,0,40000,40000
048061,鴻海統一95購03  ,0,0,0,0,0,0,0,0,0,40000,0,0,0,221000,181000,40000,40000
048040,百和凱基93購07  ,0,0,0,0,0,0,0,0,0,40000,0,0,0,40000,0,40000,40000
050783,旺宏國泰96購02  ,0,0,0,0,0,0,0,0,0,40000,0,0,0,101000,61000,40000,40000
049145,南亞科元大94購01,0,0,0,0,0,0,0,0,0,40000,0,0,0,60000,20000,40000,40000
048609,京元電凱基93購07,0,0,0,0,0,0,0,0,0,40000,0,0,0,40000,0,40000,40000
04558P,瑞昱日盛94售01  ,0,0,0,0,0,0,0,0,0,40000,0,0,0,40000,0,40000,40000
046618,南亞科凱基93購01,0,0,0,0,0,0,0,0,0,40000,0,0,0,40000,0,40000,40000
046619,可成凱基93購01  ,0,0,0,0,0,0,0,0,0,40000,0,0,0,40000,0,40000,40000
047630,元油反元大96購02,0,0,0,0,0,0,0,0,0,40000,0,0,0,40000,0,40000,40000
044496,群創元大93購02  ,0,0,0,0,0,0,0,0,0,40000,0,0,0,40000,0,40000,40000
046268,嘉晶凱基93購02  ,0,0,0,0,0,0,0,0,0,40000,0,0,0,70000,30000,40000,40000
04291P,鴻海富邦93售04  ,0,0,0,0,0,0,0,0,0,40000,0,0,0,40000,0,40000,40000
03939P,康控元大95售02  ,0,0,0,0,0,0,0,0,0,40000,0,0,0,40000,0,40000,40000
051421,彩晶國票95購01  ,0,0,0,0,0,0,0,0,0,40000,0,0,0,50000,10000,40000,40000
051636,嘉晶國票95購02  ,0,0,0,0,0,0,0,0,0,40000,0,0,0,40000,0,40000,40000
049718,南亞科凱基94購04,0,0,0,0,0,0,0,0,0,40000,0,0,0,40000,0,40000,40000
049408,旺宏日盛94購01  ,0,0,0,0,0,0,0,0,0,40000,0,0,0,108000,68000,40000,40000
049287,可成兆豐95購01  ,0,0,0,0,0,0,0,0,0,40000,0,0,0,70000,30000,40000,40000
050373,奇鋐元大94購04  ,0,0,0,0,0,0,0,0,0,40000,0,0,0,40000,0,40000,40000
049579,鴻海元大94購06  ,0,0,0,0,0,0,0,0,0,40000,0,0,0,50000,10000,40000,40000
050446,鴻海元大94購22  ,0,0,0,0,0,0,0,0,0,40000,0,0,0,188000,148000,40000,40000
051727,S&P反1國票97購01,0,0,0,0,0,0,0,0,0,40000,0,0,0,40000,0,40000,40000
051703,台積電群益95購04,0,0,0,0,0,0,0,0,0,40000,0,0,0,171000,131000,40000,40000
050099,台積電永昌96購01,0,0,0,0,0,0,0,0,0,40000,0,0,0,567000,527000,40000,40000
05012P,台積電元大95售07,0,0,0,0,0,0,0,0,0,40000,0,0,0,40000,0,40000,40000
050231,聯發科麥證94購03,0,0,0,60000,20000,40000,0,0,0,40000,0,0,0,60000,20000,40000,40000
05267P,欣興元大95售08  ,0,0,0,0,0,0,0,0,0,40000,0,0,0,68000,28000,40000,40000
052646,淘帝永豐96購01  ,0,0,0,0,0,0,0,0,0,40000,0,0,0,40000,0,40000,40000
052621,台郡富邦97購01  ,0,0,0,0,0,0,0,0,0,40000,0,0,0,40000,0,40000,40000
052627,中壽中信98購01  ,0,0,0,0,0,0,0,0,0,40000,0,0,0,40000,0,40000,40000
052615,鴻海國泰98購01  ,0,0,0,0,0,0,0,0,0,40000,0,0,0,40000,0,40000,40000
052179,康友元大95購03  ,0,0,0,0,0,0,0,0,0,40000,0,0,0,106000,66000,40000,40000
054323,旺宏台新96購02  ,0,0,0,0,0,0,0,0,0,40000,0,0,0,40000,0,40000,40000
054545,奇力新中信98購01,0,0,0,0,0,0,0,0,0,40000,0,0,0,130000,90000,40000,40000
054883,億光統一97購01  ,0,0,0,0,0,0,0,0,0,40000,0,0,0,60000,20000,40000,40000
054970,帆宣元大97購01  ,0,0,0,0,0,0,0,0,0,40000,0,0,0,50000,10000,40000,40000
055262,台虹國泰98購01  ,0,0,0,0,0,0,0,0,0,40000,0,0,0,40000,0,40000,40000
052944,宏達電國票97購01,0,0,0,0,0,0,0,0,0,40000,0,0,0,130000,90000,40000,40000
052923,台積電永豐96購02,0,0,0,0,0,0,0,0,0,40000,0,0,0,200000,160000,40000,40000
053857,宏達電富邦97購02,0,0,0,0,0,0,0,0,0,40000,0,0,0,50000,10000,40000,40000
053830,台積電台新96購02,0,0,0,0,0,0,0,0,0,40000,0,0,0,190000,150000,40000,40000
05988P,光磊元富96售02  ,0,0,0,0,0,0,0,0,0,40000,0,0,0,40000,0,40000,40000
057877,神達元大99購01  ,0,0,0,0,0,0,0,0,0,40000,0,0,0,153000,113000,40000,40000
06223P,漢唐元富97售02  ,0,0,0,0,0,0,0,0,0,40000,0,0,0,40000,0,40000,40000
06209P,旺宏統一97售07  ,0,0,0,0,0,0,0,0,0,40000,0,0,0,75000,35000,40000,40000
06271P,彩晶凱基97售01  ,0,0,0,0,0,0,0,0,0,40000,0,0,0,85000,45000,40000,40000
06268P,聯詠凱基97售02  ,0,0,0,0,0,0,0,0,0,40000,0,0,0,80000,40000,40000,40000
06466P,台積電統一9B售01,0,0,0,0,0,0,0,0,0,40000,0,0,0,50000,10000,40000,40000
2537,聯上發          ,129000,89000,40000,0,0,0,0,0,0,0,0,0,0,0,0,0,40000
055730,建準元富97購02  ,0,0,0,0,0,0,0,0,0,39000,0,0,0,39000,0,39000,39000
055695,大毅國票98購03  ,0,0,0,0,0,0,0,0,0,39000,0,0,0,66000,27000,39000,39000
056528,為升凱基98購01  ,0,0,0,0,0,0,0,0,0,39000,0,0,0,149000,110000,39000,39000
057068,國巨永豐98購06  ,0,0,0,0,0,0,0,0,0,39000,0,0,0,72000,33000,39000,39000
056734,國巨凱基99購01  ,0,0,0,0,0,0,0,0,0,39000,0,0,0,39000,0,39000,39000
057275,友達元大9A購04  ,0,0,0,0,0,0,0,0,0,39000,0,0,0,39000,0,39000,39000
057459,臺股指富邦99購03,0,0,0,0,0,0,0,0,0,39000,0,0,0,40000,1000,39000,39000
048203,矽力元大93購02  ,0,0,0,0,0,0,0,0,0,39000,0,0,0,60000,21000,39000,39000
04726P,TPK凱基94售04   ,0,0,0,0,0,0,0,0,0,39000,0,0,0,100000,61000,39000,39000
050337,南電國泰95購01  ,0,0,0,0,0,0,0,0,0,39000,0,0,0,70000,31000,39000,39000
05014P,臺股指元大95售05,0,0,0,0,0,0,0,0,0,39000,0,0,0,45000,6000,39000,39000
051021,啟碁凱基95購02  ,0,0,0,0,0,0,0,0,0,39000,0,0,0,50000,11000,39000,39000
049213,滬深2X國票94購02,0,0,0,0,0,0,0,0,0,39000,0,0,0,40000,1000,39000,39000
05155P,聯發科兆豐95售03,0,0,0,0,0,0,0,0,0,39000,0,0,0,39000,0,39000,39000
053689,台光電元大96購01,0,0,0,0,0,0,0,0,0,39000,0,0,0,48000,9000,39000,39000
053846,友達元富99購02  ,0,0,0,0,0,0,0,0,0,39000,0,0,0,42000,3000,39000,39000
053003,國巨永豐96購02  ,0,0,0,0,0,0,0,0,0,39000,0,0,0,52000,13000,39000,39000
053474,聯發科元大97購06,0,0,0,0,0,0,0,0,0,39000,0,0,0,110000,71000,39000,39000
053232,友達永豐97購02  ,0,0,0,0,0,0,0,0,0,39000,0,0,0,44000,5000,39000,39000
054952,大毅元大97購02  ,0,0,0,0,0,0,0,0,0,39000,0,0,0,78000,39000,39000,39000
2849,安泰銀          ,45000,6000,39000,0,0,0,0,0,0,0,0,0,0,0,0,0,39000
4560,強信-KY         ,111000,72000,39000,0,0,0,0,0,0,0,0,0,0,0,0,0,39000
5285,界霖            ,57000,20000,37000,0,0,0,0,0,0,2000,2000,0,2000,0,0,0,39000
06623P,立積元大98售04  ,0,0,0,0,0,0,0,0,0,39000,0,0,0,239000,200000,39000,39000
057859,神達康和98購01  ,0,0,0,0,0,0,0,0,0,39000,0,0,0,256000,217000,39000,39000
2344,華邦電          ,5881000,5679560,201440,0,0,0,50000,1000,49000,-212000,90000,18000,72000,304000,588000,-284000,38440
057354,聯鈞統一99購03  ,0,0,0,0,0,0,0,0,0,38000,0,0,0,92000,54000,38000,38000
057403,亞光群益98購04  ,0,0,0,0,0,0,0,0,0,38000,0,0,0,112000,74000,38000,38000
056619,強茂永豐98購01  ,0,0,0,0,0,0,0,0,0,38000,0,0,0,38000,0,38000,38000
056400,道瓊反群益9C購01,0,0,0,0,0,0,0,0,0,38000,0,0,0,45000,7000,38000,38000
056292,統一元大97購01  ,0,0,0,0,0,0,0,0,0,38000,0,0,0,63000,25000,38000,38000
055928,南亞科群益97購02,0,0,0,0,0,0,0,0,0,38000,0,0,0,44000,6000,38000,38000
048117,南電群益93購02  ,0,0,0,0,0,0,0,0,0,38000,0,0,0,118000,80000,38000,38000
046061,中石化凱基98購01,0,0,0,0,0,0,0,0,0,38000,0,0,0,50000,12000,38000,38000
050270,景碩元大94購01  ,0,0,0,0,0,0,0,0,0,38000,0,0,0,79000,41000,38000,38000
050199,南電元大94購09  ,0,0,0,0,0,0,0,0,0,38000,0,0,0,239000,201000,38000,38000
052165,訊芯永豐95購03  ,0,0,0,0,0,0,0,0,0,38000,0,0,0,38000,0,38000,38000
054538,台光電國票98購01,0,0,0,0,0,0,0,0,0,38000,0,0,0,38000,0,38000,38000
054447,國泰金兆豐96購01,0,0,0,0,0,0,0,0,0,38000,0,0,0,38000,0,38000,38000
054478,可成中信97購01  ,0,0,0,0,0,0,0,0,0,38000,0,0,0,40000,2000,38000,38000
054357,可成兆豐97購02  ,0,0,0,0,0,0,0,0,0,38000,0,0,0,82000,44000,38000,38000
054365,遠東新中信96購01,0,0,0,0,0,0,0,0,0,38000,0,0,0,38000,0,38000,38000
053273,國巨元大96購08  ,0,0,0,0,0,0,0,0,0,38000,0,0,0,40000,2000,38000,38000
053343,宏達電國票97購02,0,0,0,0,0,0,0,0,0,38000,0,0,0,85000,47000,38000,38000
052819,義隆永豐96購01  ,0,0,0,0,0,0,0,0,0,38000,0,0,0,38000,0,38000,38000
05393P,鴻海統一95售14  ,0,0,0,0,0,0,0,0,0,38000,0,0,0,40000,2000,38000,38000
06452P,大立光元大98售08,0,0,0,0,0,0,0,0,0,38000,0,0,0,45000,7000,38000,38000
06160P,台達電群益97售01,0,0,0,0,0,0,0,0,0,38000,0,0,0,48000,10000,38000,38000
5258,虹堡            ,60000,22000,38000,0,0,0,0,0,0,0,0,0,0,0,0,0,38000
057279,國揚元大98購01  ,0,0,0,0,0,0,0,0,0,37000,0,0,0,70000,33000,37000,37000
057712,南亞科統一9A購01,0,0,0,0,0,0,0,0,0,37000,0,0,0,37000,0,37000,37000
057856,聯鈞國票99購03  ,0,0,0,0,0,0,0,0,0,37000,0,0,0,37000,0,37000,37000
056822,佐登永豐98購01  ,0,0,0,0,0,0,0,0,0,37000,0,0,0,42000,5000,37000,37000
057008,華新科中信99購02,0,0,0,0,0,0,0,0,0,37000,0,0,0,129000,92000,37000,37000
057045,美律元大99購04  ,0,0,0,0,0,0,0,0,0,37000,0,0,0,52000,15000,37000,37000
048465,南電台新93購01  ,0,0,0,0,0,0,0,0,0,37000,0,0,0,37000,0,37000,37000
049157,矽創元大95購01  ,0,0,0,0,0,0,0,0,0,37000,0,0,0,84000,47000,37000,37000
04903P,全新永豐94售05  ,0,0,0,0,0,0,0,0,0,37000,0,0,0,37000,0,37000,37000
052431,茂林永豐95購03  ,0,0,0,0,0,0,0,0,0,37000,0,0,0,37000,0,37000,37000
050234,國巨凱基94購10  ,0,0,0,0,0,0,0,0,0,37000,0,0,0,72000,35000,37000,37000
051456,鈺齊元大95購01  ,0,0,0,0,0,0,0,0,0,37000,0,0,0,100000,63000,37000,37000
051307,康舒凱基95購01  ,0,0,0,0,0,0,0,0,0,37000,0,0,0,42000,5000,37000,37000
054151,瑞昱國泰97購01  ,0,0,0,0,0,0,0,0,0,37000,0,0,0,90000,53000,37000,37000
052991,台積電台新96購01,0,0,0,0,0,0,0,0,0,37000,0,0,0,37000,0,37000,37000
05519P,上証2X凱基98售01,0,0,0,0,0,0,0,0,0,37000,0,0,0,39000,2000,37000,37000
055353,華新科凱基98購03,0,0,0,0,0,0,0,0,0,37000,0,0,0,92000,55000,37000,37000
2390,云辰            ,131000,94000,37000,0,0,0,0,0,0,0,0,0,0,0,0,0,37000
05855P,滬深2X中信9C售01,0,0,0,0,0,0,0,0,0,37000,0,0,0,37000,0,37000,37000
06441P,台積電凱基98售08,0,0,0,0,0,0,0,0,0,37000,0,0,0,101000,64000,37000,37000
056661,臺股指元大9A購08,0,0,0,0,0,0,0,0,0,36000,0,0,0,101000,65000,36000,36000
057660,訊芯兆豐98購02  ,0,0,0,0,0,0,0,0,0,36000,0,0,0,239000,203000,36000,36000
057697,國巨群益98購09  ,0,0,0,0,0,0,0,0,0,36000,0,0,0,43000,7000,36000,36000
056508,揚明光永豐98購01,0,0,0,0,0,0,0,0,0,36000,0,0,0,36000,0,36000,36000
05653P,華邦電統一96售02,0,0,0,0,0,0,0,0,0,36000,0,0,0,57000,21000,36000,36000
04672P,台積電統一94售09,0,0,0,0,0,0,0,0,0,36000,0,0,0,61000,25000,36000,36000
04599P,南亞科凱基94售03,0,0,0,0,0,0,0,0,0,36000,0,0,0,36000,0,36000,36000
03644C,臺股指元大94牛28,0,0,0,0,0,0,0,0,0,36000,0,0,0,41000,5000,36000,36000
03026P,國巨元大01售13  ,0,0,0,0,0,0,0,0,0,36000,0,0,0,36000,0,36000,36000
048707,南電國票95購01  ,0,0,0,0,0,0,0,0,0,36000,0,0,0,36000,0,36000,36000
04490P,聯發科台新94售02,0,0,0,0,0,0,0,0,0,36000,0,0,0,86000,50000,36000,36000
044859,南電亞東93購01  ,0,0,0,0,0,0,0,0,0,36000,0,0,0,36000,0,36000,36000
051350,台積電元大95購14,0,0,0,0,0,0,0,0,0,36000,0,0,0,288000,252000,36000,36000
052076,可成元富98購01  ,0,0,0,0,0,0,0,0,0,36000,0,0,0,71000,35000,36000,36000
05226P,智邦統一95售01  ,0,0,0,0,0,0,0,0,0,36000,0,0,0,73000,37000,36000,36000
053854,聯茂國泰97購02  ,0,0,0,0,0,0,0,0,0,36000,0,0,0,36000,0,36000,36000
053894,創意群益96購01  ,0,0,0,0,0,0,0,0,0,36000,0,0,0,134000,98000,36000,36000
2547,日勝生          ,271000,235000,36000,0,0,0,0,0,0,0,0,0,0,0,0,0,36000
2395,研華            ,209000,252093,-43093,0,0,0,52000,0,52000,27000,27000,0,27000,0,0,0,35907
056542,緯創凱基98購01  ,0,0,0,0,0,0,0,0,0,35000,0,0,0,126000,91000,35000,35000
055482,聚陽元大97購02  ,0,0,0,0,0,0,0,0,0,35000,0,0,0,40000,5000,35000,35000
057669,嘉晶元大99購03  ,0,0,0,0,0,0,0,0,0,35000,0,0,0,350000,315000,35000,35000
057152,緯穎國票99購03  ,0,0,0,0,0,0,0,0,0,35000,0,0,0,35000,0,35000,35000
03371P,聯電元大02售07  ,0,0,0,0,0,0,0,0,0,35000,0,0,0,35000,0,35000,35000
035277,景碩台新97購01  ,0,0,0,0,0,0,0,0,0,35000,0,0,0,112000,77000,35000,35000
03769P,聯發科元大93售04,0,0,0,0,0,0,0,0,0,35000,0,0,0,100000,65000,35000,35000
03826P,瀚宇博元大95售01,0,0,0,0,0,0,0,0,0,35000,0,0,0,38000,3000,35000,35000
051050,鴻海群益95購03  ,0,0,0,0,0,0,0,0,0,35000,0,0,0,67000,32000,35000,35000
048367,華邦電統一93購01,0,0,0,0,0,0,0,0,0,35000,0,0,0,47000,12000,35000,35000
048381,T50反1國票94購03,0,0,0,0,0,0,0,0,0,35000,0,0,0,35000,0,35000,35000
052399,台光電凱基95購03,0,0,0,0,0,0,0,0,0,35000,0,0,0,38000,3000,35000,35000
052560,康舒國票97購01  ,0,0,0,0,0,0,0,0,0,35000,0,0,0,59000,24000,35000,35000
049909,國巨元大95購01  ,0,0,0,0,0,0,0,0,0,35000,0,0,0,35000,0,35000,35000
049931,矽力元大94購01  ,0,0,0,0,0,0,0,0,0,35000,0,0,0,35000,0,35000,35000
051024,南亞科統一95購01,0,0,0,0,0,0,0,0,0,35000,0,0,0,40000,5000,35000,35000
049313,晶技凱基94購01  ,0,0,0,0,0,0,0,0,0,35000,0,0,0,35000,0,35000,35000
049745,國巨永豐94購04  ,0,5000,-5000,0,0,0,0,0,0,40000,0,0,0,212000,172000,40000,35000
054098,嘉晶國票97購04  ,0,0,0,0,0,0,0,0,0,35000,0,0,0,85000,50000,35000,35000
05351P,臺股指元富95售05,0,0,0,0,0,0,0,0,0,35000,0,0,0,35000,0,35000,35000
053363,旺宏國泰98購02  ,0,0,0,0,0,0,0,0,0,35000,0,0,0,86000,51000,35000,35000
053379,南亞科元大96購01,0,0,0,0,0,0,0,0,0,35000,0,0,0,35000,0,35000,35000
054790,禾伸堂群益98購01,0,0,0,0,0,0,0,0,0,35000,0,0,0,41000,6000,35000,35000
2897,王道銀行        ,98000,63000,35000,0,0,0,0,0,0,0,0,0,0,0,0,0,35000
06503P,臺股指中信9A售02,0,0,0,0,0,0,0,0,0,35000,0,0,0,120000,85000,35000,35000
06509P,鴻海群益98售03  ,0,0,0,0,0,0,0,0,0,35000,0,0,0,35000,0,35000,35000
06717P,可成元大98售09  ,0,0,0,0,0,0,0,0,0,35000,0,0,0,43000,8000,35000,35000
2331,精英            ,102000,68000,34000,0,0,0,0,0,0,1000,1000,0,1000,0,0,0,35000
3008,大立光          ,156411,129951,26460,0,0,0,0,3000,-3000,11000,4000,1000,3000,9000,1000,8000,34460
057194,南電元大98購01  ,0,0,0,0,0,0,0,0,0,34000,0,0,0,113000,79000,34000,34000
057297,新日興永豐98購01,0,0,0,0,0,0,0,0,0,34000,0,0,0,167000,133000,34000,34000
055719,可成元大97購03  ,0,0,0,0,0,0,0,0,0,34000,0,0,0,59000,25000,34000,34000
055866,臺股指元大97購03,0,0,0,0,0,0,0,0,0,34000,0,0,0,35000,1000,34000,34000
05658P,日月光元富96售02,0,0,0,0,0,0,0,0,0,34000,0,0,0,48000,14000,34000,34000
056425,聯發科日盛9A購01,0,0,0,0,0,0,0,0,0,34000,0,0,0,75000,41000,34000,34000
056264,聯發科統一98購02,0,0,0,0,0,0,0,0,0,34000,0,0,0,98000,64000,34000,34000
047908,南亞科元大93購02,0,0,0,0,0,0,0,0,0,34000,0,0,0,138000,104000,34000,34000
050687,上銀日盛94購01  ,0,0,0,0,0,0,0,0,0,34000,0,0,0,200000,166000,34000,34000
049244,亞光元富94購01  ,0,0,0,0,0,0,0,0,0,34000,0,0,0,108000,74000,34000,34000
051829,玉晶光元大98購02,0,0,0,0,0,0,0,0,0,34000,0,0,0,37000,3000,34000,34000
050569,英業達中信94購01,0,0,0,0,0,0,0,0,0,34000,0,0,0,182000,148000,34000,34000
051321,建準國票96購01  ,0,0,0,0,0,0,0,0,0,34000,0,0,0,34000,0,34000,34000
051677,達方元大95購01  ,0,0,0,0,0,0,0,0,0,34000,0,0,0,81000,47000,34000,34000
052423,宏達電國票96購02,0,0,0,0,0,0,0,0,0,34000,0,0,0,34000,0,34000,34000
052297,旭富國票96購01  ,0,0,0,0,0,0,0,0,0,34000,0,0,0,34000,0,34000,34000
05532P,臺股指群益96售05,0,0,0,0,0,0,0,0,0,34000,0,0,0,45000,11000,34000,34000
055183,聯鈞統一97購01  ,0,0,0,0,0,0,0,0,0,34000,0,0,0,47000,13000,34000,34000
055302,達方元大97購01  ,0,0,0,0,0,0,0,0,0,34000,0,0,0,81000,47000,34000,34000
053344,嘉晶國票97購02  ,0,0,0,0,0,0,0,0,0,34000,0,0,0,203000,169000,34000,34000
053166,聯詠群益96購02  ,0,0,0,0,0,0,0,0,0,34000,0,0,0,50000,16000,34000,34000
053631,欣興兆豐97購01  ,0,0,0,0,0,0,0,0,0,34000,0,0,0,34000,0,34000,34000
9917,中保科          ,130000,95000,35000,0,0,0,0,1000,-1000,0,0,0,0,0,0,0,34000
1338,廣華-KY         ,39000,5000,34000,0,0,0,0,0,0,0,0,0,0,0,0,0,34000
05861P,瀚宇博永豐96售02,0,0,0,0,0,0,0,0,0,34000,0,0,0,34000,0,34000,34000
06199P,聯發科元大97售17,0,0,0,0,0,0,0,0,0,34000,0,0,0,79000,45000,34000,34000
056254,為升元富97購01  ,0,0,0,0,0,0,0,0,0,33000,0,0,0,71000,38000,33000,33000
055624,聯發科富邦99購07,0,0,0,0,0,0,0,0,0,33000,0,0,0,100000,67000,33000,33000
05703P,矽力群益96售03  ,0,0,0,0,0,0,0,0,0,33000,0,0,0,33000,0,33000,33000
056816,華通永豐98購02  ,0,0,0,0,0,0,0,0,0,33000,0,0,0,36000,3000,33000,33000
05066P,康控元大95售03  ,0,0,0,0,0,0,0,0,0,33000,0,0,0,33000,0,33000,33000
044750,鴻海凱基93購07  ,0,0,0,0,0,0,0,0,0,33000,0,0,0,40000,7000,33000,33000
044188,超眾國泰93購01  ,0,0,0,0,0,0,0,0,0,33000,0,0,0,33000,0,33000,33000
052476,台光電群益98購01,0,0,0,0,0,0,0,0,0,33000,0,0,0,107000,74000,33000,33000
050281,台積電日盛94購03,0,0,0,0,0,0,0,0,0,33000,0,0,0,104000,71000,33000,33000
049612,香港反中信96購01,0,0,0,0,0,0,0,0,0,33000,0,0,0,33000,0,33000,33000
054060,晶技國票97購02  ,0,0,0,0,0,0,0,0,0,33000,0,0,0,159000,126000,33000,33000
053098,國巨元富96購04  ,0,0,0,0,0,0,0,0,0,33000,0,0,0,51000,18000,33000,33000
055008,隆達元富97購01  ,0,0,0,0,0,0,0,0,0,33000,0,0,0,153000,120000,33000,33000
054808,東元元大9A購01  ,0,0,0,0,0,0,0,0,0,33000,0,0,0,66000,33000,33000,33000
054658,道瓊銀元大9A購01,0,0,0,0,0,0,0,0,0,33000,0,0,0,35000,2000,33000,33000
054188,欣興永豐96購03  ,0,0,0,0,0,0,0,0,0,33000,0,0,0,63000,30000,33000,33000
06702P,智邦元富98售01  ,0,0,0,0,0,0,0,0,0,33000,0,0,0,33000,0,33000,33000
06453P,群創元大9B售02  ,0,0,0,0,0,0,0,0,0,33000,0,0,0,34000,1000,33000,33000
2453,凌群            ,53000,24000,29000,0,0,0,0,0,0,4000,4000,0,4000,0,0,0,33000
057144,南電兆豐98購01  ,0,0,0,0,0,0,0,0,0,32000,0,0,0,34000,2000,32000,32000
057501,超眾群益98購04  ,0,0,0,0,0,0,0,0,0,32000,0,0,0,121000,89000,32000,32000
057493,聯詠元大98購02  ,0,0,0,0,0,0,0,0,0,32000,0,0,0,53000,21000,32000,32000
056260,鴻海統一98購07  ,0,0,0,0,0,0,0,0,0,32000,0,0,0,90000,58000,32000,32000
056070,新日興元大97購04,0,0,0,0,0,0,0,0,0,32000,0,0,0,42000,10000,32000,32000
056491,南亞科國泰99購01,0,0,0,0,0,0,0,0,0,32000,0,0,0,45000,13000,32000,32000
042754,元黃金元大93購01,0,0,0,0,0,0,0,0,0,32000,0,0,0,32000,0,32000,32000
00645,富邦日本        ,0,0,0,0,0,0,0,0,0,32000,0,0,0,102000,70000,32000,32000
047928,禾伸堂凱基93購04,0,0,0,0,0,0,0,0,0,32000,0,0,0,58000,26000,32000,32000
048994,南電元大94購03  ,0,0,0,0,0,0,0,0,0,32000,0,0,0,105000,73000,32000,32000
04855P,上証2X元富94售02,0,0,0,0,0,0,0,0,0,32000,0,0,0,32000,0,32000,32000
049372,華新科元大95購04,0,0,0,0,0,0,0,0,0,32000,0,0,0,326000,294000,32000,32000
051485,玉晶光凱基97購02,0,0,0,0,0,0,0,0,0,32000,0,0,0,157000,125000,32000,32000
051209,百和麥證95購01  ,0,0,0,42000,10000,32000,0,0,0,32000,0,0,0,42000,10000,32000,32000
04950P,上証2X中信96售02,0,0,0,0,0,0,0,0,0,32000,0,0,0,182000,150000,32000,32000
050624,鈺齊元大94購01  ,0,0,0,0,0,0,0,0,0,32000,0,0,0,150000,118000,32000,32000
049485,台積電元大96購03,0,0,0,0,0,0,0,0,0,32000,0,0,0,202000,170000,32000,32000
050230,聯發科麥證94購02,0,0,0,67000,35000,32000,0,0,0,32000,0,0,0,67000,35000,32000,32000
054306,聯發科凱基96購23,0,0,0,0,0,0,0,0,0,32000,0,0,0,200000,168000,32000,32000
055053,瑞昱永豐97購01  ,0,0,0,0,0,0,0,0,0,32000,0,0,0,67000,35000,32000,32000
1305,華夏            ,71000,38000,33000,0,0,0,0,1000,-1000,0,0,0,0,0,0,0,32000
2109,華豐            ,32000,0,32000,0,0,0,0,0,0,0,0,0,0,0,0,0,32000
06240P,奇力新元富97售03,0,0,0,0,0,0,0,0,0,32000,0,0,0,32000,0,32000,32000
06008P,燿華統一96售04  ,0,0,0,0,0,0,0,0,0,32000,0,0,0,40000,8000,32000,32000
06032P,健策群益97售03  ,0,0,0,0,0,0,0,0,0,32000,0,0,0,82000,50000,32000,32000
056606,華新科富邦9A購02,0,0,0,0,0,0,0,0,0,31000,0,0,0,51000,20000,31000,31000
057383,玉晶光富邦9A購01,0,0,0,0,0,0,0,0,0,31000,0,0,0,121000,90000,31000,31000
057251,泰鼎統一98購02  ,0,0,0,0,0,0,0,0,0,31000,0,0,0,31000,0,31000,31000
048333,大立光富邦95購01,0,0,0,0,0,0,0,0,0,31000,0,0,0,35000,4000,31000,31000
047882,超眾國泰94購01  ,0,0,0,0,0,0,0,0,0,31000,0,0,0,85000,54000,31000,31000
04916P,大立光永昌96售02,0,0,0,0,0,0,0,0,0,31000,0,0,0,31000,0,31000,31000
047714,禾伸堂凱基93購03,0,0,0,0,0,0,0,0,0,31000,0,0,0,67000,36000,31000,31000
052321,華擎元大95購01  ,0,0,0,0,0,0,0,0,0,31000,0,0,0,58000,27000,31000,31000
05275P,國巨凱基95售05  ,0,0,0,0,0,0,0,0,0,31000,0,0,0,32000,1000,31000,31000
051203,微星麥證95購01  ,0,0,0,31000,0,31000,0,0,0,31000,0,0,0,31000,0,31000,31000
05157P,全新台新96售01  ,0,0,0,0,0,0,0,0,0,31000,0,0,0,31000,0,31000,31000
051116,可成麥證95購01  ,0,0,0,31000,0,31000,0,0,0,31000,0,0,0,31000,0,31000,31000
055234,昇陽半國票98購02,0,0,0,0,0,0,0,0,0,31000,0,0,0,61000,30000,31000,31000
054288,華邦電元大96購05,0,0,0,0,0,0,0,0,0,31000,0,0,0,102000,71000,31000,31000
054218,S&P反1統一98購02,0,0,0,0,0,0,0,0,0,31000,0,0,0,31000,0,31000,31000
054053,聯茂元大96購01  ,0,0,0,0,0,0,0,0,0,31000,0,0,0,129000,98000,31000,31000
06514P,國巨凱基98售05  ,0,0,0,0,0,0,0,0,0,31000,0,0,0,31000,0,31000,31000
3027,盛達            ,35000,4000,31000,0,0,0,0,0,0,0,0,0,0,0,0,0,31000
057188,佐登元大98購01  ,0,0,0,0,0,0,0,0,0,30000,0,0,0,44000,14000,30000,30000
057059,易華電元大99購01,0,0,0,0,0,0,0,0,0,30000,0,0,0,30000,0,30000,30000
056830,友達富邦99購01  ,0,0,0,0,0,0,0,0,0,30000,0,0,0,40000,10000,30000,30000
057363,華通元大99購02  ,0,0,0,0,0,0,0,0,0,30000,0,0,0,45000,15000,30000,30000
057500,神達群益98購01  ,0,0,0,0,0,0,0,0,0,30000,0,0,0,32000,2000,30000,30000
057537,聯茂元大98購04  ,0,0,0,0,0,0,0,0,0,30000,0,0,0,259000,229000,30000,30000
056324,南亞科兆豐98購01,0,0,0,0,0,0,0,0,0,30000,0,0,0,69000,39000,30000,30000
055595,宏達電元大98購02,0,0,0,0,0,0,0,0,0,30000,0,0,0,40000,10000,30000,30000
055728,緯穎元大97購03  ,0,0,0,0,0,0,0,0,0,30000,0,0,0,61000,31000,30000,30000
055578,群創統一98購03  ,0,0,0,0,0,0,0,0,0,30000,0,0,0,30000,0,30000,30000
055872,亞泥元富97購01  ,0,0,0,0,0,0,0,0,0,30000,0,0,0,100000,70000,30000,30000
048678,統一富邦93購01  ,0,0,0,0,0,0,0,0,0,30000,0,0,0,50000,20000,30000,30000
048851,台達電群益94購01,0,0,0,0,0,0,0,0,0,30000,0,0,0,30000,0,30000,30000
046630,京元電元富95購03,0,0,0,0,0,0,0,0,0,30000,0,0,0,30000,0,30000,30000
046639,嘉晶永豐93購01  ,0,0,0,0,0,0,0,0,0,30000,0,0,0,30000,0,30000,30000
044667,滬深2X永昌93購01,0,0,0,0,0,0,0,0,0,30000,0,0,0,30000,0,30000,30000
04275P,南亞科凱基93售08,0,0,0,0,0,0,0,0,0,30000,0,0,0,30000,0,30000,30000
03368P,臺股指元大02售11,0,0,0,0,0,0,0,0,0,30000,0,0,0,30000,0,30000,30000
03903P,美律永豐93售01  ,0,0,0,0,0,0,0,0,0,30000,0,0,0,30000,0,30000,30000
045842,T50反1台新98購01,0,0,0,0,0,0,0,0,0,30000,0,0,0,30000,0,30000,30000
03830P,緯創中信95售01  ,0,0,0,0,0,0,0,0,0,30000,0,0,0,30000,0,30000,30000
04348P,燿華國票94售01  ,0,0,0,0,0,0,0,0,0,30000,0,0,0,30000,0,30000,30000
046187,友達凱基93購03  ,0,0,0,0,0,0,0,0,0,30000,0,0,0,40000,10000,30000,30000
043854,華新科富邦93購01,0,0,0,0,0,0,0,0,0,30000,0,0,0,30000,0,30000,30000
046148,友達中信94購01  ,0,0,0,0,0,0,0,0,0,30000,0,0,0,60000,30000,30000,30000
048867,台積電兆豐95購01,0,0,0,0,0,0,0,0,0,30000,0,0,0,30000,0,30000,30000
048987,崇越元大94購01  ,0,0,0,0,0,0,0,0,0,30000,0,0,0,30000,0,30000,30000
047921,南亞科凱基93購05,0,0,0,0,0,0,0,0,0,30000,0,0,0,42000,12000,30000,30000
048351,旺宏台新94購02  ,0,0,0,0,0,0,0,0,0,30000,0,0,0,100000,70000,30000,30000
048380,T50反1國票94購02,0,0,0,0,0,0,0,0,0,30000,0,0,0,30000,0,30000,30000
04842P,群創元大96售02  ,0,0,0,0,0,0,0,0,0,30000,0,0,0,30000,0,30000,30000
05069P,鴻海統一96售03  ,0,0,0,0,0,0,0,0,0,30000,0,0,0,30000,0,30000,30000
050781,昇陽半元大94購06,0,0,0,0,0,0,0,0,0,30000,0,0,0,30000,0,30000,30000
051105,台光電國票96購01,0,0,0,0,0,0,0,0,0,30000,0,0,0,30000,0,30000,30000
048133,臻鼎國票94購01  ,0,0,0,0,0,0,0,0,0,30000,0,0,0,70000,40000,30000,30000
050943,楠梓電群益96購01,0,0,0,0,0,0,0,0,0,30000,0,0,0,30000,0,30000,30000
046699,臻鼎凱基93購03  ,0,0,0,0,0,0,0,0,0,30000,0,0,0,30000,0,30000,30000
046814,鴻海凱基93購20  ,0,0,0,0,0,0,0,0,0,30000,0,0,0,30000,0,30000,30000
048018,南亞科麥證93購01,0,0,0,30000,0,30000,0,0,0,30000,0,0,0,30000,0,30000,30000
048028,聯發科凱基93購25,0,0,0,0,0,0,0,0,0,30000,0,0,0,30000,0,30000,30000
048069,南亞科元富95購02,0,0,0,0,0,0,0,0,0,30000,0,0,0,40000,10000,30000,30000
047032,台虹元大93購01  ,0,0,0,0,0,0,0,0,0,30000,0,0,0,30000,0,30000,30000
047495,新日興元富96購01,0,0,0,0,0,0,0,0,0,30000,0,0,0,40000,10000,30000,30000
047444,晶技元大93購03  ,0,0,0,0,0,0,0,0,0,30000,0,0,0,30000,0,30000,30000
049646,旺宏凱基94購01  ,0,0,0,0,0,0,0,0,0,30000,0,0,0,128000,98000,30000,30000
04921P,TPK凱基94售05   ,0,0,0,0,0,0,0,0,0,30000,0,0,0,30000,0,30000,30000
051577,台積電元大97購03,0,0,0,0,0,0,0,0,0,30000,0,0,0,205000,175000,30000,30000
051460,S&P反1國泰97購01,0,0,0,0,0,0,0,0,0,30000,0,0,0,30000,0,30000,30000
051626,可成麥證95購02  ,0,0,0,30000,0,30000,0,0,0,30000,0,0,0,30000,0,30000,30000
051205,華新科麥證95購02,0,0,0,30000,0,30000,0,0,0,30000,0,0,0,30000,0,30000,30000
051214,大立光統一95購02,0,0,0,0,0,0,0,0,0,30000,0,0,0,30000,0,30000,30000
051241,台積電元大95購13,0,0,0,0,0,0,0,0,0,30000,0,0,0,110000,80000,30000,30000
051311,瑞昱麥證95購01  ,0,0,0,233000,200000,33000,0,0,0,30000,0,0,0,233000,203000,30000,30000
04956P,臺股指日盛94售02,0,0,0,0,0,0,0,0,0,30000,0,0,0,122000,92000,30000,30000
049486,旺宏元大94購08  ,0,0,0,0,0,0,0,0,0,30000,0,0,0,30000,0,30000,30000
051147,南亞科凱基95購05,0,0,0,0,0,0,0,0,0,30000,0,0,0,30000,0,30000,30000
050913,全新中信97購01  ,0,0,0,0,0,0,0,0,0,30000,0,0,0,30000,0,30000,30000
050867,聯鈞永豐95購01  ,0,0,0,0,0,0,0,0,0,30000,0,0,0,102000,72000,30000,30000
050870,旭富永豐95購01  ,0,0,0,0,0,0,0,0,0,30000,0,0,0,30000,0,30000,30000
050570,聯發科中信97購02,0,0,0,0,0,0,0,0,0,30000,0,0,0,30000,0,30000,30000
050416,高股息凱基96購02,0,0,0,0,0,0,0,0,0,30000,0,0,0,40000,10000,30000,30000
052779,欣興國票97購01  ,0,0,0,0,0,0,0,0,0,30000,0,0,0,31000,1000,30000,30000
052579,亞泥元富96購01  ,0,0,0,0,0,0,0,0,0,30000,0,0,0,100000,70000,30000,30000
052294,創意國票96購03  ,0,0,0,0,0,0,0,0,0,30000,0,0,0,30000,0,30000,30000
052181,南茂元大95購05  ,0,0,0,0,0,0,0,0,0,30000,0,0,0,30000,0,30000,30000
05025P,聯發科群益95售02,0,0,0,0,0,0,0,0,0,30000,0,0,0,35000,5000,30000,30000
050203,美律群益94購04  ,0,0,0,0,0,0,0,0,0,30000,0,0,0,50000,20000,30000,30000
050290,南亞科凱基94購06,0,0,0,0,0,0,0,0,0,30000,0,0,0,30000,0,30000,30000
049988,貿聯凱基94購02  ,0,0,0,0,0,0,0,0,0,30000,0,0,0,30000,0,30000,30000
04988P,楠梓電元大94售01,0,0,0,0,0,0,0,0,0,30000,0,0,0,60000,30000,30000,30000
051990,泰碩元大95購01  ,0,0,0,0,0,0,0,0,0,30000,0,0,0,30000,0,30000,30000
051997,康友元大95購02  ,0,0,0,0,0,0,0,0,0,30000,0,0,0,97000,67000,30000,30000
053925,群創國票98購01  ,0,0,0,0,0,0,0,0,0,30000,0,0,0,175000,145000,30000,30000
053970,聯發科元大97購08,0,0,0,0,0,0,0,0,0,30000,0,0,0,30000,0,30000,30000
053542,超眾永豐96購01  ,0,0,0,0,0,0,0,0,0,30000,0,0,0,40000,10000,30000,30000
053104,台表科元富96購02,0,0,0,0,0,0,0,0,0,30000,0,0,0,30000,0,30000,30000
053110,大立光兆豐97購01,0,0,0,0,0,0,0,0,0,30000,0,0,0,30000,0,30000,30000
053132,國巨國票97購02  ,0,0,0,0,0,0,0,0,0,30000,0,0,0,32000,2000,30000,30000
052905,潤泰全國票97購01,0,0,0,0,0,0,0,0,0,30000,0,0,0,80000,50000,30000,30000
052982,鴻海元大97購06  ,0,0,0,0,0,0,0,0,0,30000,0,0,0,60000,30000,30000,30000
053161,康友元大96購04  ,0,0,0,0,0,0,0,0,0,30000,0,0,0,30000,0,30000,30000
053226,國巨台新97購02  ,0,0,0,0,0,0,0,0,0,30000,0,0,0,33000,3000,30000,30000
054347,上緯控國票96購02,0,0,0,0,0,0,0,0,0,30000,0,0,0,60000,30000,30000,30000
054441,力成台新96購01  ,0,0,0,0,0,0,0,0,0,30000,0,0,0,38000,8000,30000,30000
054539,欣興國票98購01  ,0,0,0,0,0,0,0,0,0,30000,0,0,0,60000,30000,30000,30000
054508,臺股指永豐96購04,0,0,0,0,0,0,0,0,0,30000,0,0,0,30000,0,30000,30000
055405,華泰國泰98購01  ,0,0,0,0,0,0,0,0,0,30000,0,0,0,60000,30000,30000,30000
055111,宏盛凱基97購01  ,0,0,0,0,0,0,0,0,0,30000,0,0,0,40000,10000,30000,30000
054871,明泰群益98購01  ,0,0,0,0,0,0,0,0,0,30000,0,0,0,61000,31000,30000,30000
06540P,聯發科凱基98售13,0,0,0,0,0,0,0,0,0,30000,0,0,0,30000,0,30000,30000
06673P,大立光群益98售01,0,0,0,0,0,0,0,0,0,30000,0,0,0,30000,0,30000,30000
06761P,台積電元大99售05,0,0,0,0,0,0,0,0,0,30000,0,0,0,380000,350000,30000,30000
08163P,T50正2中信95售01,0,0,0,0,0,0,0,0,0,30000,0,0,0,30000,0,30000,30000
05998P,台積電元大97售12,0,0,0,0,0,0,0,0,0,30000,0,0,0,183000,153000,30000,30000
05989P,健策元富96售01  ,0,0,0,0,0,0,0,0,0,30000,0,0,0,30000,0,30000,30000
06055P,華通凱基97售04  ,0,0,0,0,0,0,0,0,0,30000,0,0,0,30000,0,30000,30000
05916P,聯發科元大96售20,0,0,0,0,0,0,0,0,0,30000,0,0,0,30000,0,30000,30000
06115P,台積電統一97售04,0,0,0,0,0,0,0,0,0,30000,0,0,0,70000,40000,30000,30000
06260P,臺股指群益97售13,0,0,0,0,0,0,0,0,0,30000,0,0,0,30000,0,30000,30000
06363P,臺股指麥證97售02,0,0,0,160000,130000,30000,0,0,0,30000,0,0,0,160000,130000,30000,30000
06411P,晶相光永豐97售03,0,0,0,0,0,0,0,0,0,30000,0,0,0,65000,35000,30000,30000
055966,茂林元大99購01  ,0,0,0,0,0,0,0,0,0,29000,0,0,0,701000,672000,29000,29000
056299,友達元大9B購04  ,0,0,0,0,0,0,0,0,0,29000,0,0,0,29000,0,29000,29000
057611,技嘉元富98購02  ,0,0,0,0,0,0,0,0,0,29000,0,0,0,80000,51000,29000,29000
057029,緯穎凱基98購04  ,0,0,0,0,0,0,0,0,0,29000,0,0,0,29000,0,29000,29000
047360,鴻海群益95購02  ,0,0,0,0,0,0,0,0,0,29000,0,0,0,30000,1000,29000,29000
047524,瑞昱元大93購10  ,0,0,0,0,0,0,0,0,0,29000,0,0,0,30000,1000,29000,29000
050764,鴻海元大94購27  ,0,0,0,0,0,0,0,0,0,29000,0,0,0,144000,115000,29000,29000
047822,臺股指凱基93購16,0,0,0,0,0,0,0,0,0,29000,0,0,0,29000,0,29000,29000
04103P,臺股指國票93售10,0,0,0,0,0,0,0,0,0,29000,0,0,0,39000,10000,29000,29000
049906,光寶科元大94購03,0,0,0,0,0,0,0,0,0,29000,0,0,0,100000,71000,29000,29000
050039,鴻海中信94購03  ,0,0,0,0,0,0,0,0,0,29000,0,0,0,127000,98000,29000,29000
050417,喬山凱基94購01  ,0,0,0,0,0,0,0,0,0,29000,0,0,0,29000,0,29000,29000
050441,和碩凱基94購01  ,0,0,0,0,0,0,0,0,0,29000,0,0,0,30000,1000,29000,29000
049597,泰鼎元大96購01  ,0,0,0,0,0,0,0,0,0,29000,0,0,0,63000,34000,29000,29000
051317,亞德客國票96購01,0,0,0,0,0,0,0,0,0,29000,0,0,0,59000,30000,29000,29000
049332,深中小統一94購02,0,0,0,0,0,0,0,0,0,29000,0,0,0,29000,0,29000,29000
055035,興勤富邦98購01  ,0,0,0,0,0,0,0,0,0,29000,0,0,0,49000,20000,29000,29000
05456P,鴻海凱基95售19  ,0,0,0,0,0,0,0,0,0,29000,0,0,0,90000,61000,29000,29000
054276,國巨群益96購07  ,0,0,0,0,0,0,0,0,0,29000,0,0,0,104000,75000,29000,29000
053761,健策國泰98購01  ,0,0,0,0,0,0,0,0,0,29000,0,0,0,865000,836000,29000,29000
06189P,華新科永豐97售03,0,0,0,0,0,0,0,0,0,29000,0,0,0,121000,92000,29000,29000
05976P,國巨凱基96售14  ,0,0,0,0,0,0,0,0,0,29000,0,0,0,29000,0,29000,29000
2546,根基            ,34000,5000,29000,0,0,0,0,0,0,0,0,0,0,0,0,0,29000
4976,佳凌            ,55000,26000,29000,0,0,0,0,0,0,0,0,0,0,0,0,0,29000
056900,可成元大98購02  ,0,0,0,0,0,0,0,0,0,28000,0,0,0,60000,32000,28000,28000
05675P,美律群益97售01  ,0,0,0,0,0,0,0,0,0,28000,0,0,0,28000,0,28000,28000
056340,可成凱基98購04  ,0,0,0,0,0,0,0,0,0,28000,0,0,0,101000,73000,28000,28000
056364,亞光元大99購02  ,0,0,0,0,0,0,0,0,0,28000,0,0,0,115000,87000,28000,28000
05613P,臻鼎台新96售01  ,0,0,0,0,0,0,0,0,0,28000,0,0,0,48000,20000,28000,28000
056213,建準國票98購02  ,0,0,0,0,0,0,0,0,0,28000,0,0,0,90000,62000,28000,28000
05661P,聯發科統一96售06,0,0,0,0,0,0,0,0,0,28000,0,0,0,28000,0,28000,28000
055854,群創元大98購04  ,0,0,0,0,0,0,0,0,0,28000,0,0,0,53000,25000,28000,28000
04003P,麗豐凱基94售03  ,0,0,0,0,0,0,0,0,0,28000,0,0,0,28000,0,28000,28000
049614,聯茂中信94購01  ,0,0,0,0,0,0,0,0,0,28000,0,0,0,196000,168000,28000,28000
05170P,世芯元大95售01  ,0,0,0,0,0,0,0,0,0,28000,0,0,0,481000,453000,28000,28000
049801,可成元大94購09  ,0,0,0,0,0,0,0,0,0,28000,0,0,0,78000,50000,28000,28000
052337,臺股指日盛95購02,0,0,0,0,0,0,0,0,0,28000,0,0,0,40000,12000,28000,28000
053720,宏達電凱基97購01,0,0,0,0,0,0,0,0,0,28000,0,0,0,264000,236000,28000,28000
053551,可成凱基96購05  ,0,0,0,0,0,0,0,0,0,28000,0,0,0,60000,32000,28000,28000
054246,國巨元大96購12  ,0,0,0,0,0,0,0,0,0,28000,0,0,0,58000,30000,28000,28000
054624,台積電凱基98購03,0,0,0,0,0,0,0,0,0,28000,0,0,0,112000,84000,28000,28000
4545,銘鈺            ,39000,11000,28000,0,0,0,0,0,0,0,0,0,0,0,0,0,28000
2457,飛宏            ,59000,31000,28000,0,0,0,0,0,0,0,0,0,0,0,0,0,28000
3031,佰鴻            ,51000,38000,13000,0,0,0,0,0,0,15000,15000,0,15000,0,0,0,28000
2832,台產            ,38000,10000,28000,0,0,0,0,0,0,0,0,0,0,0,0,0,28000
2731,雄獅            ,43000,15000,28000,0,0,0,0,0,0,0,0,0,0,0,0,0,28000
06227P,大立光群益97售04,0,0,0,0,0,0,0,0,0,28000,0,0,0,50000,22000,28000,28000
06109P,華新科群益97售05,0,0,0,0,0,0,0,0,0,28000,0,0,0,58000,30000,28000,28000
06265P,美律凱基97售01  ,0,0,0,0,0,0,0,0,0,28000,0,0,0,34000,6000,28000,28000
06305P,臺股指元大97售11,0,0,0,0,0,0,0,0,0,28000,0,0,0,40000,12000,28000,28000
055952,上銀元大97購08  ,0,0,0,0,0,0,0,0,0,27000,0,0,0,60000,33000,27000,27000
056634,為升兆豐99購01  ,0,0,0,0,0,0,0,0,0,27000,0,0,0,30000,3000,27000,27000
05652P,臻鼎群益96售01  ,0,0,0,0,0,0,0,0,0,27000,0,0,0,56000,29000,27000,27000
056363,華新科元大99購04,0,0,0,0,0,0,0,0,0,27000,0,0,0,132000,105000,27000,27000
056684,旺宏統一98購02  ,0,0,0,0,0,0,0,0,0,27000,0,0,0,75000,48000,27000,27000
05712P,友達統一97售03  ,0,0,0,0,0,0,0,0,0,27000,0,0,0,87000,60000,27000,27000
04625P,燿華元大94售03  ,0,0,0,0,0,0,0,0,0,27000,0,0,0,27000,0,27000,27000
045308,泰鼎元大93購02  ,0,0,0,0,0,0,0,0,0,27000,0,0,0,60000,33000,27000,27000
050817,可成凱基95購01  ,0,0,0,0,0,0,0,0,0,27000,0,0,0,148000,121000,27000,27000
047487,南電凱基94購01  ,0,0,0,0,0,0,0,0,0,27000,0,0,0,69000,42000,27000,27000
047410,上銀元富96購01  ,0,0,0,0,0,0,0,0,0,27000,0,0,0,27000,0,27000,27000
049494,華新科元大95購05,0,0,0,0,0,0,0,0,0,27000,0,0,0,80000,53000,27000,27000
055069,帆宣永豐97購01  ,0,0,0,0,0,0,0,0,0,27000,0,0,0,47000,20000,27000,27000
053885,全新兆豐96購01  ,0,0,0,0,0,0,0,0,0,27000,0,0,0,56000,29000,27000,27000
053836,亞光永豐96購02  ,0,0,0,0,0,0,0,0,0,27000,0,0,0,61000,34000,27000,27000
054128,台積電元大97購10,0,0,0,0,0,0,0,0,0,27000,0,0,0,214000,187000,27000,27000
053261,國巨群益96購05  ,0,0,0,0,0,0,0,0,0,27000,0,0,0,32000,5000,27000,27000
06001P,樺漢台新96售01  ,0,0,0,0,0,0,0,0,0,27000,0,0,0,28000,1000,27000,27000
1321,大洋            ,36000,9000,27000,0,0,0,0,0,0,0,0,0,0,0,0,0,27000
1537,廣隆            ,45000,18000,27000,0,0,0,0,0,0,0,0,0,0,0,0,0,27000
2362,藍天            ,88000,71000,17000,0,0,0,0,0,0,10000,0,0,0,10000,0,10000,27000
057118,欣興日盛9A購01  ,0,0,0,0,0,0,0,0,0,26000,0,0,0,76000,50000,26000,26000
056694,欣興群益98購04  ,0,0,0,0,0,0,0,0,0,26000,0,0,0,47000,21000,26000,26000
056820,欣興永豐98購02  ,0,0,0,0,0,0,0,0,0,26000,0,0,0,42000,16000,26000,26000
057305,南亞科兆豐98購02,0,0,0,0,0,0,0,0,0,26000,0,0,0,33000,7000,26000,26000
056075,瀚宇博元大97購03,0,0,0,0,0,0,0,0,0,26000,0,0,0,58000,32000,26000,26000
056576,晶技元大99購02  ,0,0,0,0,0,0,0,0,0,26000,0,0,0,362000,336000,26000,26000
056058,建準元大97購02  ,0,0,0,0,0,0,0,0,0,26000,0,0,0,29000,3000,26000,26000
055806,致新永豐97購02  ,0,0,0,0,0,0,0,0,0,26000,0,0,0,68000,42000,26000,26000
055739,健鼎元富97購01  ,0,0,0,0,0,0,0,0,0,26000,0,0,0,101000,75000,26000,26000
055698,茂林國票98購03  ,0,0,0,0,0,0,0,0,0,26000,0,0,0,50000,24000,26000,26000
04235P,鴻海群益93售08  ,0,0,0,0,0,0,0,0,0,26000,0,0,0,136000,110000,26000,26000
051179,臺股指凱基95購04,0,0,0,0,0,0,0,0,0,26000,0,0,0,31000,5000,26000,26000
049307,上銀凱基94購03  ,0,0,0,0,0,0,0,0,0,26000,0,0,0,31000,5000,26000,26000
051534,景碩國票97購01  ,0,0,0,0,0,0,0,0,0,26000,0,0,0,94000,68000,26000,26000
05225P,鴻海統一95售09  ,0,0,0,0,0,0,0,0,0,26000,0,0,0,70000,44000,26000,26000
052276,力成群益96購01  ,0,0,0,0,0,0,0,0,0,26000,0,0,0,36000,10000,26000,26000
053893,京鼎群益97購02  ,0,0,0,0,0,0,0,0,0,26000,0,0,0,37000,11000,26000,26000
053964,上銀元大96購05  ,0,0,0,0,0,0,0,0,0,26000,0,0,0,101000,75000,26000,26000
053767,臻鼎富邦97購02  ,0,0,0,0,0,0,0,0,0,26000,0,0,0,26000,0,26000,26000
055222,臺股指凱基97購05,0,0,0,0,0,0,0,0,0,26000,0,0,0,40000,14000,26000,26000
055283,聯發科元大97購16,0,0,0,0,0,0,0,0,0,26000,0,0,0,276000,250000,26000,26000
054699,復盛永豐97購01  ,0,0,0,0,0,0,0,0,0,26000,0,0,0,32000,6000,26000,26000
2442,新美齊          ,90000,64000,26000,0,0,0,0,0,0,0,0,0,0,0,0,0,26000
4552,力達-KY         ,36000,11000,25000,0,0,0,0,0,0,1000,1000,0,1000,0,0,0,26000
1435,中福            ,27000,1000,26000,0,0,0,0,0,0,0,0,0,0,0,0,0,26000
06681P,致茂元大98售02  ,0,0,0,0,0,0,0,0,0,26000,0,0,0,26000,0,26000,26000
06538P,國巨凱基98售11  ,0,0,0,0,0,0,0,0,0,26000,0,0,0,139000,113000,26000,26000
06095P,燿華永豐97售01  ,0,0,0,0,0,0,0,0,0,26000,0,0,0,46000,20000,26000,26000
055818,晶相光國票97購02,0,0,0,0,0,0,0,0,0,25000,0,0,0,37000,12000,25000,25000
055747,康舒元富97購01  ,0,0,0,0,0,0,0,0,0,25000,0,0,0,32000,7000,25000,25000
056459,茂林凱基99購01  ,0,0,0,0,0,0,0,0,0,25000,0,0,0,100000,75000,25000,25000
056348,S&P反1元大9A購01,0,0,0,0,0,0,0,0,0,25000,0,0,0,50000,25000,25000,25000
056295,國巨元大97購16  ,0,0,0,0,0,0,0,0,0,25000,0,0,0,30000,5000,25000,25000
05730P,臺股指凱基97售03,0,0,0,0,0,0,0,0,0,25000,0,0,0,25000,0,25000,25000
057370,可成元大98購07  ,0,0,0,0,0,0,0,0,0,25000,0,0,0,58000,33000,25000,25000
057626,技嘉富邦9A購01  ,0,0,0,0,0,0,0,0,0,25000,0,0,0,25000,0,25000,25000
057582,亞光中信9A購02  ,0,0,0,0,0,0,0,0,0,25000,0,0,0,30000,5000,25000,25000
057640,台積電元大98購16,0,0,0,0,0,0,0,0,0,25000,0,0,0,150000,125000,25000,25000
056695,景碩群益99購01  ,0,0,0,0,0,0,0,0,0,25000,0,0,0,47000,22000,25000,25000
03252P,台積電台新02售01,0,0,0,0,0,0,0,0,0,25000,0,0,0,25000,0,25000,25000
045996,南電富邦94購01  ,0,0,0,0,0,0,0,0,0,25000,0,0,0,98000,73000,25000,25000
03953P,易華電凱基94售01,0,0,0,0,0,0,0,0,0,25000,0,0,0,25000,0,25000,25000
048841,聯茂凱基94購06  ,0,0,0,0,0,0,0,0,0,25000,0,0,0,216000,191000,25000,25000
048780,臺股指凱基94購03,0,0,0,0,0,0,0,0,0,25000,0,0,0,27000,2000,25000,25000
044584,世紀鋼凱基93購05,0,0,0,0,0,0,0,0,0,25000,0,0,0,25000,0,25000,25000
046696,可成凱基93購02  ,0,0,0,0,0,0,0,0,0,25000,0,0,0,25000,0,25000,25000
044530,台積電富邦94購01,0,0,0,0,0,0,0,0,0,25000,0,0,0,30000,5000,25000,25000
047468,為升中信95購01  ,0,0,0,0,0,0,0,0,0,25000,0,0,0,26000,1000,25000,25000
05073P,臺股指中信95售09,0,0,0,0,0,0,0,0,0,25000,0,0,0,25000,0,25000,25000
050923,南亞科凱基95購03,0,0,0,0,0,0,0,0,0,25000,0,0,0,38000,13000,25000,25000
047966,華通國泰94購01  ,0,0,0,0,0,0,0,0,0,25000,0,0,0,31000,6000,25000,25000
048966,佳世達元大95購01,0,0,0,0,0,0,0,0,0,25000,0,0,0,128000,103000,25000,25000
052445,南亞科元大95購05,0,0,0,0,0,0,0,0,0,25000,0,0,0,78000,53000,25000,25000
052719,致新凱基96購01  ,0,0,0,0,0,0,0,0,0,25000,0,0,0,35000,10000,25000,25000
050358,致新群益94購01  ,0,0,0,0,0,0,0,0,0,25000,0,0,0,35000,10000,25000,25000
050220,台積電元富96購01,0,0,0,0,0,0,0,0,0,25000,0,0,0,55000,30000,25000,25000
050055,道瓊反凱基95購01,0,0,0,0,0,0,0,0,0,25000,0,0,0,25000,0,25000,25000
051528,亞泥國票96購01  ,0,0,0,0,0,0,0,0,0,25000,0,0,0,45000,20000,25000,25000
051798,國巨永豐95購03  ,0,0,0,0,0,0,0,0,0,25000,0,0,0,25000,0,25000,25000
05043P,佳世達元富95售01,0,0,0,0,0,0,0,0,0,25000,0,0,0,25000,0,25000,25000
051322,國泰金國票96購01,0,0,0,0,0,0,0,0,0,25000,0,0,0,50000,25000,25000,25000
051210,S&P反1統一97購01,0,0,0,0,0,0,0,0,0,25000,0,0,0,25000,0,25000,25000
05100P,智邦凱基95售02  ,0,0,0,0,0,0,0,0,0,25000,0,0,0,25000,0,25000,25000
054717,亞德客永豐97購01,0,0,0,0,0,0,0,0,0,25000,0,0,0,74000,49000,25000,25000
05482P,鴻海凱基95售22  ,0,0,0,0,0,0,0,0,0,25000,0,0,0,25000,0,25000,25000
054282,泰鼎群益98購02  ,0,0,0,0,0,0,0,0,0,25000,0,0,0,25000,0,25000,25000
055447,華新科統一97購04,0,0,0,0,0,0,0,0,0,25000,0,0,0,25000,0,25000,25000
05514P,康舒永豐96售01  ,0,0,0,0,0,0,0,0,0,25000,0,0,0,25000,0,25000,25000
053780,南亞科元大96購03,0,0,0,0,0,0,0,0,0,25000,0,0,0,72000,47000,25000,25000
053797,台積電中信98購01,0,5000,-5000,0,0,0,0,0,0,30000,0,0,0,40000,10000,30000,25000
053535,宏達電永豐96購02,0,0,0,0,0,0,0,0,0,25000,0,0,0,52000,27000,25000,25000
05314P,臺股指群益95售13,0,0,0,0,0,0,0,0,0,25000,0,0,0,36000,11000,25000,25000
05340P,臺股指國票95售08,0,0,0,0,0,0,0,0,0,25000,0,0,0,46000,21000,25000,25000
05347P,滬深2X元富9B售02,0,0,0,0,0,0,0,0,0,25000,0,0,0,261000,236000,25000,25000
06110P,國巨國泰98售02  ,0,0,0,0,0,0,0,0,0,25000,0,0,0,590000,565000,25000,25000
06286P,世芯國票97售02  ,0,0,0,0,0,0,0,0,0,25000,0,0,0,89000,64000,25000,25000
06291P,臺股指國票97售05,0,0,0,0,0,0,0,0,0,25000,0,0,0,65000,40000,25000,25000
05956P,漢唐國票96售02  ,0,0,0,0,0,0,0,0,0,25000,0,0,0,25000,0,25000,25000
06664P,聯發科兆豐98售02,0,0,0,0,0,0,0,0,0,25000,0,0,0,25000,0,25000,25000
06728P,全新元大98售03  ,0,0,0,0,0,0,0,0,0,25000,0,0,0,31000,6000,25000,25000
08539P,元油2X國票99售01,0,0,0,0,0,0,0,0,0,25000,0,0,0,25000,0,25000,25000
1808,潤隆            ,56000,31000,25000,0,0,0,0,0,0,0,0,0,0,0,0,0,25000
9907,統一實          ,62000,37000,25000,0,0,0,0,0,0,0,0,0,0,0,0,0,25000
057623,友訊國泰99購01  ,0,0,0,0,0,0,0,0,0,24000,0,0,0,36000,12000,24000,24000
057727,華邦電國泰9A購01,0,0,0,0,0,0,0,0,0,24000,0,0,0,138000,114000,24000,24000
057531,禾伸堂元大99購04,0,0,0,0,0,0,0,0,0,24000,0,0,0,47000,23000,24000,24000
056469,國巨元大99購01  ,0,0,0,0,0,0,0,0,0,24000,0,0,0,56000,32000,24000,24000
056406,建準國票99購01  ,0,0,0,0,0,0,0,0,0,24000,0,0,0,24000,0,24000,24000
055864,臺股指元大97購01,0,0,0,0,0,0,0,0,0,24000,0,0,0,24000,0,24000,24000
055830,上銀元大97購07  ,0,0,0,0,0,0,0,0,0,24000,0,0,0,66000,42000,24000,24000
048505,滬深2X群益99購03,0,0,0,0,0,0,0,0,0,24000,0,0,0,24000,0,24000,24000
050936,國巨國票95購04  ,0,0,0,0,0,0,0,0,0,24000,0,0,0,46000,22000,24000,24000
047376,南電國票94購01  ,0,0,0,0,0,0,0,0,0,24000,0,0,0,329000,305000,24000,24000
043580,大立光元富94購01,0,0,0,0,0,0,0,0,0,24000,0,0,0,27000,3000,24000,24000
040381,元金2X元富95購01,0,0,0,0,0,0,0,0,0,24000,0,0,0,24000,0,24000,24000
051237,鴻海元大97購01  ,0,0,0,0,0,0,0,0,0,24000,0,0,0,74000,50000,24000,24000
050467,力成中信94購01  ,0,0,0,0,0,0,0,0,0,24000,0,0,0,119000,95000,24000,24000
051669,建準元大95購01  ,0,0,0,0,0,0,0,0,0,24000,0,0,0,27000,3000,24000,24000
052616,鴻海國泰98購02  ,0,0,0,0,0,0,0,0,0,24000,0,0,0,24000,0,24000,24000
052211,台積電元大95購22,0,0,0,0,0,0,0,0,0,24000,0,0,0,149000,125000,24000,24000
053845,和大元富96購01  ,0,0,0,0,0,0,0,0,0,24000,0,0,0,24000,0,24000,24000
054108,台積電凱基96購22,0,0,0,0,0,0,0,0,0,24000,0,0,0,118000,94000,24000,24000
054914,億光凱基98購01  ,0,0,0,0,0,0,0,0,0,24000,0,0,0,33000,9000,24000,24000
055275,台積電元大97購19,0,0,0,0,0,0,0,0,0,24000,0,0,0,220000,196000,24000,24000
05439P,聯發科國票95售06,0,0,0,0,0,0,0,0,0,24000,0,0,0,24000,0,24000,24000
054786,全新群益99購02  ,0,0,0,0,0,0,0,0,0,24000,0,0,0,71000,47000,24000,24000
6112,聚碩            ,35000,11000,24000,0,0,0,0,0,0,0,0,0,0,0,0,0,24000
3050,鈺德            ,30000,6000,24000,0,0,0,0,0,0,0,0,0,0,0,0,0,24000
3055,蔚華科          ,39000,22000,17000,0,0,0,0,0,0,7000,7000,0,7000,0,0,0,24000
06630P,國巨群益98售08  ,0,0,0,0,0,0,0,0,0,24000,0,0,0,50000,26000,24000,24000
056531,佳世達凱基98購01,0,0,0,0,0,0,0,0,0,23000,0,0,0,60000,37000,23000,23000
056211,南港國票98購01  ,0,0,0,0,0,0,0,0,0,23000,0,0,0,23000,0,23000,23000
057487,聯發科元大98購10,0,0,0,0,0,0,0,0,0,23000,0,0,0,136000,113000,23000,23000
057226,上銀凱基98購06  ,0,0,0,0,0,0,0,0,0,23000,0,0,0,35000,12000,23000,23000
057218,可成群益99購03  ,0,0,0,0,0,0,0,0,0,23000,0,0,0,62000,39000,23000,23000
04867P,美律統一94售03  ,0,0,0,0,0,0,0,0,0,23000,0,0,0,23000,0,23000,23000
048944,茂林永豐94購01  ,0,0,0,0,0,0,0,0,0,23000,0,0,0,29000,6000,23000,23000
052260,為升富邦97購02  ,0,0,0,0,0,0,0,0,0,23000,0,0,0,180000,157000,23000,23000
050608,台達電元大94購12,0,0,0,0,0,0,0,0,0,23000,0,0,0,23000,0,23000,23000
051850,臻鼎中信96購01  ,0,0,0,0,0,0,0,0,0,23000,0,0,0,35000,12000,23000,23000
051755,台積電元大96購08,0,0,0,0,0,0,0,0,0,23000,0,0,0,211000,188000,23000,23000
049312,亞光凱基94購02  ,0,0,0,0,0,0,0,0,0,23000,0,0,0,23000,0,23000,23000
049400,可成群益94購03  ,0,0,0,0,0,0,0,0,0,23000,0,0,0,23000,0,23000,23000
054603,智易台新98購01  ,0,0,0,0,0,0,0,0,0,23000,0,0,0,23000,0,23000,23000
054277,亞光群益97購01  ,0,0,0,0,0,0,0,0,0,23000,0,0,0,83000,60000,23000,23000
054178,中磊台新97購01  ,0,0,0,0,0,0,0,0,0,23000,0,0,0,71000,48000,23000,23000
055173,瑞昱統一97購01  ,0,0,0,0,0,0,0,0,0,23000,0,0,0,30000,7000,23000,23000
055313,南電群益97購01  ,0,0,0,0,0,0,0,0,0,23000,0,0,0,93000,70000,23000,23000
053532,台積電永豐96購03,0,0,0,0,0,0,0,0,0,23000,0,0,0,25000,2000,23000,23000
053357,可成統一96購02  ,0,0,0,0,0,0,0,0,0,23000,0,0,0,625000,602000,23000,23000
5907,大洋-KY         ,40000,17000,23000,0,0,0,0,0,0,0,0,0,0,0,0,0,23000
9955,佳龍            ,160000,143000,17000,0,0,0,0,0,0,6000,6000,0,6000,0,0,0,23000
05679P,台表科群益96售05,0,0,0,0,0,0,0,0,0,22000,0,0,0,22000,0,22000,22000
056837,國巨元富98購02  ,0,0,0,0,0,0,0,0,0,22000,0,0,0,211000,189000,22000,22000
057288,聯茂元大98購03  ,0,0,0,0,0,0,0,0,0,22000,0,0,0,88000,66000,22000,22000
056156,禾伸堂凱基98購04,0,0,0,0,0,0,0,0,0,22000,0,0,0,162000,140000,22000,22000
055931,冠德群益97購02  ,0,0,0,0,0,0,0,0,0,22000,0,0,0,66000,44000,22000,22000
055452,台積電元富97購03,0,0,0,0,0,0,0,0,0,22000,0,0,0,120000,98000,22000,22000
047806,旺宏凱基93購05  ,0,0,0,0,0,0,0,0,0,22000,0,0,0,32000,10000,22000,22000
048990,台表科元大94購01,0,0,0,0,0,0,0,0,0,22000,0,0,0,22000,0,22000,22000
049018,光罩群益94購01  ,0,0,0,0,0,0,0,0,0,22000,0,0,0,22000,0,22000,22000
04692P,大立光群益94售06,0,0,0,0,0,0,0,0,0,22000,0,0,0,95000,73000,22000,22000
04086P,臺股指元富93售04,0,0,0,0,0,0,0,0,0,22000,0,0,0,50000,28000,22000,22000
051601,群創兆豐95購02  ,0,0,0,0,0,0,0,0,0,22000,0,0,0,22000,0,22000,22000
05167P,百和元富95售03  ,0,0,0,0,0,0,0,0,0,22000,0,0,0,22000,0,22000,22000
052953,百和國票97購01  ,0,0,0,0,0,0,0,0,0,22000,0,0,0,80000,58000,22000,22000
052934,中磊元大96購01  ,0,0,0,0,0,0,0,0,0,22000,0,0,0,40000,18000,22000,22000
05288P,寶成元富95售02  ,0,0,0,0,0,0,0,0,0,22000,0,0,0,51000,29000,22000,22000
053070,訊芯群益96購01  ,0,0,0,0,0,0,0,0,0,22000,0,0,0,63000,41000,22000,22000
053745,康友國票97購01  ,0,0,0,0,0,0,0,0,0,22000,0,0,0,22000,0,22000,22000
054088,華新群益98購02  ,0,0,0,0,0,0,0,0,0,22000,0,0,0,22000,0,22000,22000
054971,帆宣元大97購02  ,0,0,0,0,0,0,0,0,0,22000,0,0,0,56000,34000,22000,22000
054238,聯茂群益96購04  ,0,0,0,0,0,0,0,0,0,22000,0,0,0,22000,0,22000,22000
6189,豐藝            ,25000,4000,21000,0,0,0,0,0,0,1000,1000,0,1000,0,0,0,22000
8046,南電            ,1761000,1730000,31000,0,0,0,200000,0,200000,-209000,243000,95000,148000,139000,496000,-357000,22000
3356,奇偶            ,47000,25000,22000,0,0,0,0,0,0,0,0,0,0,0,0,0,22000
3015,全漢            ,30000,8000,22000,0,0,0,0,0,0,0,0,0,0,0,0,0,22000
06856P,台灣50永豐99售03,0,0,0,0,0,0,0,0,0,22000,0,0,0,24000,2000,22000,22000
055474,欣興凱基97購05  ,0,0,0,0,0,0,0,0,0,21000,0,0,0,326000,305000,21000,21000
056025,嘉晶群益97購01  ,0,0,0,0,0,0,0,0,0,21000,0,0,0,153000,132000,21000,21000
056221,鴻海凱基99購01  ,0,0,0,0,0,0,0,0,0,21000,0,0,0,419000,398000,21000,21000
056373,上銀統一99購02  ,0,0,0,0,0,0,0,0,0,21000,0,0,0,98000,77000,21000,21000
056484,聯茂元大98購02  ,0,0,0,0,0,0,0,0,0,21000,0,0,0,58000,37000,21000,21000
057574,中磊永豐98購01  ,0,0,0,0,0,0,0,0,0,21000,0,0,0,89000,68000,21000,21000
057205,元翎元富98購01  ,0,0,0,0,0,0,0,0,0,21000,0,0,0,66000,45000,21000,21000
057178,可成元大98購03  ,0,0,0,0,0,0,0,0,0,21000,0,0,0,21000,0,21000,21000
05704P,矽力群益96售04  ,0,0,0,0,0,0,0,0,0,21000,0,0,0,21000,0,21000,21000
00690,兆豐藍籌30      ,0,0,0,0,0,0,0,0,0,21000,0,0,0,179000,158000,21000,21000
047761,亞德客元大93購02,0,0,0,0,0,0,0,0,0,21000,0,0,0,30000,9000,21000,21000
047202,欣興元富96購01  ,0,0,0,0,0,0,0,0,0,21000,0,0,0,21000,0,21000,21000
051700,深中小群益99購04,0,0,0,0,0,0,0,0,0,21000,0,0,0,141000,120000,21000,21000
051196,喬山麥證95購01  ,0,0,0,21000,0,21000,0,0,0,21000,0,0,0,21000,0,21000,21000
051162,楠梓電元大95購01,0,0,0,0,0,0,0,0,0,21000,0,0,0,21000,0,21000,21000
04971P,矽力元富94售02  ,0,0,0,0,0,0,0,0,0,21000,0,0,0,21000,0,21000,21000
052254,康友永豐95購03  ,0,0,0,0,0,0,0,0,0,21000,0,0,0,51000,30000,21000,21000
052080,康友元富98購02  ,0,0,0,0,0,0,0,0,0,21000,0,0,0,21000,0,21000,21000
054677,智易台新98購02  ,0,0,0,0,0,0,0,0,0,21000,0,0,0,21000,0,21000,21000
054669,凌華元富97購01  ,0,0,0,0,0,0,0,0,0,21000,0,0,0,21000,0,21000,21000
054561,奇力新群益97購03,0,0,0,0,0,0,0,0,0,21000,0,0,0,51000,30000,21000,21000
054094,創意群益96購02  ,0,0,0,0,0,0,0,0,0,21000,0,0,0,21000,0,21000,21000
053199,旺宏日盛96購01  ,0,0,0,0,0,0,0,0,0,21000,0,0,0,34000,13000,21000,21000
06749P,技嘉元富98售03  ,0,0,0,0,0,0,0,0,0,21000,0,0,0,51000,30000,21000,21000
06706P,智原台新98售02  ,0,0,0,0,0,0,0,0,0,21000,0,0,0,21000,0,21000,21000
06374P,台表科元大97售06,0,0,0,0,0,0,0,0,0,21000,0,0,0,21000,0,21000,21000
06083P,華通統一98售02  ,0,0,0,0,0,0,0,0,0,21000,0,0,0,21000,0,21000,21000
2850,新產            ,52000,31000,21000,0,0,0,0,0,0,0,0,0,0,0,0,0,21000
6024,群益期          ,27000,6000,21000,0,0,0,0,0,0,0,0,0,0,0,0,0,21000
8454,富邦媒          ,72000,51710,20290,0,0,0,0,0,0,0,0,0,0,0,0,0,20290
057172,南亞科元大98購03,0,0,0,0,0,0,0,0,0,20000,0,0,0,72000,52000,20000,20000
05716P,T50反1元大98售03,0,0,0,0,0,0,0,0,0,20000,0,0,0,20000,0,20000,20000
057145,上銀國票98購03  ,0,0,0,0,0,0,0,0,0,20000,0,0,0,20000,0,20000,20000
056834,華新元富99購01  ,0,0,0,0,0,0,0,0,0,20000,0,0,0,20000,0,20000,20000
057608,南亞科台新98購01,0,0,0,0,0,0,0,0,0,20000,0,0,0,20000,0,20000,20000
05764P,世紀鋼永豐96售03,0,0,0,0,0,0,0,0,0,20000,0,0,0,40000,20000,20000,20000
057726,華通國泰9A購01  ,0,0,0,0,0,0,0,0,0,20000,0,0,0,55000,35000,20000,20000
057836,南亞科國泰9A購01,0,0,0,0,0,0,0,0,0,20000,0,0,0,20000,0,20000,20000
057312,美律麥證98購01  ,0,0,0,20000,0,20000,0,0,0,20000,0,0,0,20000,0,20000,20000
057481,技嘉元大98購04  ,0,0,0,0,0,0,0,0,0,20000,0,0,0,163000,143000,20000,20000
056511,超眾永豐98購01  ,0,0,0,0,0,0,0,0,0,20000,0,0,0,30000,10000,20000,20000
056458,日月光凱基98購02,0,0,0,0,0,0,0,0,0,20000,0,0,0,51000,31000,20000,20000
056383,上銀國泰99購01  ,0,0,0,0,0,0,0,0,0,20000,0,0,0,20000,0,20000,20000
056541,智原凱基98購03  ,0,0,0,0,0,0,0,0,0,20000,0,0,0,70000,50000,20000,20000
05611P,康控群益96售02  ,0,0,0,0,0,0,0,0,0,20000,0,0,0,20000,0,20000,20000
055770,欣興麥證97購01  ,0,0,0,230000,210000,20000,0,0,0,20000,0,0,0,230000,210000,20000,20000
055817,京鼎國票99購01  ,0,0,0,0,0,0,0,0,0,20000,0,0,0,20000,0,20000,20000
055486,國巨元大98購06  ,0,0,0,0,0,0,0,0,0,20000,0,0,0,138000,118000,20000,20000
05569P,漢唐統一97售01  ,0,0,0,0,0,0,0,0,0,20000,0,0,0,20000,0,20000,20000
05563P,台積電元大97售07,0,0,0,0,0,0,0,0,0,20000,0,0,0,30000,10000,20000,20000
047342,T50反1中信99購01,0,0,0,0,0,0,0,0,0,20000,0,0,0,20000,0,20000,20000
047385,華邦電元大94購02,0,0,0,0,0,0,0,0,0,20000,0,0,0,20000,0,20000,20000
047349,可成凱基93購06  ,0,0,0,0,0,0,0,0,0,20000,0,0,0,20000,0,20000,20000
047095,聯詠麥證93購01  ,0,0,0,20000,0,20000,0,0,0,20000,0,0,0,20000,0,20000,20000
049038,高鐵兆豐94購01  ,0,0,0,0,0,0,0,0,0,20000,0,0,0,135000,115000,20000,20000
050747,道瓊銀統一94購03,0,0,0,0,0,0,0,0,0,20000,0,0,0,20000,0,20000,20000
047844,台虹元大93購02  ,0,0,0,0,0,0,0,0,0,20000,0,0,0,20000,0,20000,20000
048869,光罩國票94購01  ,0,0,0,0,0,0,0,0,0,20000,0,0,0,20000,0,20000,20000
048890,傳奇元富97購01  ,0,0,0,0,0,0,0,0,0,20000,0,0,0,20000,0,20000,20000
04897P,喬山中信94售01  ,0,0,0,0,0,0,0,0,0,20000,0,0,0,20000,0,20000,20000
047959,南電永豐93購03  ,0,0,0,0,0,0,0,0,0,20000,0,0,0,20000,0,20000,20000
048167,旺宏永豐93購04  ,0,0,0,0,0,0,0,0,0,20000,0,0,0,20000,0,20000,20000
048509,上証反凱基99購02,0,0,0,0,0,0,0,0,0,20000,0,0,0,30000,10000,20000,20000
048535,超眾國票94購02  ,0,0,0,0,0,0,0,0,0,20000,0,0,0,20000,0,20000,20000
00711B,FH彭博新興債    ,0,0,0,0,0,0,0,0,0,20000,0,0,0,194000,174000,20000,20000
04227P,滬深2X永豐94售04,0,0,0,0,0,0,0,0,0,20000,0,0,0,20000,0,20000,20000
042288,元油2X元大93購03,0,0,0,0,0,0,0,0,0,20000,0,0,0,20000,0,20000,20000
042168,台灣50凱基96購01,0,0,0,0,0,0,0,0,0,20000,0,0,0,20000,0,20000,20000
04120P,智邦凱基93售09  ,0,0,0,0,0,0,0,0,0,20000,0,0,0,20000,0,20000,20000
04329P,TPK群益93售04   ,0,0,0,0,0,0,0,0,0,20000,0,0,0,20000,0,20000,20000
043047,永冠國泰93購01  ,0,0,0,0,0,0,0,0,0,20000,0,0,0,20000,0,20000,20000
03955P,華通統一93售04  ,0,0,0,0,0,0,0,0,0,20000,0,0,0,20000,0,20000,20000
03567P,可成凱基02售06  ,0,0,0,0,0,0,0,0,0,20000,0,0,0,20000,0,20000,20000
048773,貿聯凱基94購01  ,0,0,0,0,0,0,0,0,0,20000,0,0,0,30000,10000,20000,20000
044531,欣興富邦93購01  ,0,0,0,0,0,0,0,0,0,20000,0,0,0,20000,0,20000,20000
045651,力成凱基93購01  ,0,0,0,0,0,0,0,0,0,20000,0,0,0,20000,0,20000,20000
047673,瑞昱元富96購01  ,0,0,0,0,0,0,0,0,0,20000,0,0,0,218000,198000,20000,20000
047701,鴻海凱基94購12  ,0,0,0,0,0,0,0,0,0,20000,0,0,0,69000,49000,20000,20000
04772P,欣興元大94售08  ,0,0,0,0,0,0,0,0,0,20000,0,0,0,70000,50000,20000,20000
04542P,致伸永豐94售01  ,0,0,0,0,0,0,0,0,0,20000,0,0,0,20000,0,20000,20000
045435,鴻海統一94購01  ,0,0,0,0,0,0,0,0,0,20000,0,0,0,40000,20000,20000,20000
044758,玉山金凱基93購01,0,0,0,0,0,0,0,0,0,20000,0,0,0,20000,0,20000,20000
04474P,聯發科元大94售03,0,0,0,0,0,0,0,0,0,20000,0,0,0,90000,70000,20000,20000
044963,台積電中信96購01,0,0,0,0,0,0,0,0,0,20000,0,0,0,62000,42000,20000,20000
046660,宏達電元大93購07,0,0,0,0,0,0,0,0,0,20000,0,0,0,20000,0,20000,20000
046597,可成亞東93購01  ,0,0,0,0,0,0,0,0,0,20000,0,0,0,20000,0,20000,20000
046390,旺宏統一94購02  ,0,0,0,0,0,0,0,0,0,20000,0,0,0,20000,0,20000,20000
04401P,玉晶光兆豐94售01,0,0,0,0,0,0,0,0,0,20000,0,0,0,20000,0,20000,20000
051972,廣達凱基95購02  ,0,0,0,0,0,0,0,0,0,20000,0,0,0,20000,0,20000,20000
050239,廣達凱基94購01  ,0,0,0,0,0,0,0,0,0,20000,0,0,0,20000,0,20000,20000
050219,台積電元富95購03,0,0,0,0,0,0,0,0,0,20000,0,0,0,109000,89000,20000,20000
050330,南電永豐94購01  ,0,0,0,0,0,0,0,0,0,20000,0,0,0,60000,40000,20000,20000
050078,臺指反統一97購01,0,0,0,0,0,0,0,0,0,20000,0,0,0,20000,0,20000,20000
052290,鴻海元富97購01  ,0,0,0,0,0,0,0,0,0,20000,0,0,0,20000,0,20000,20000
052314,鴻海元大96購11  ,0,0,0,0,0,0,0,0,0,20000,0,0,0,311000,291000,20000,20000
052477,美律群益98購01  ,0,0,0,0,0,0,0,0,0,20000,0,0,0,20000,0,20000,20000
052563,京元電日盛96購01,0,0,0,0,0,0,0,0,0,20000,0,0,0,30000,10000,20000,20000
052546,友達中信98購01  ,0,0,0,0,0,0,0,0,0,20000,0,0,0,20000,0,20000,20000
052783,台郡國票97購01  ,0,0,0,0,0,0,0,0,0,20000,0,0,0,20000,0,20000,20000
049705,緯穎元大94購05  ,0,0,0,0,0,0,0,0,0,20000,0,0,0,39000,19000,20000,20000
04928P,大立光凱基95售07,0,0,0,0,0,0,0,0,0,20000,0,0,0,20000,0,20000,20000
049291,華通群益94購04  ,0,0,0,0,0,0,0,0,0,20000,0,0,0,42000,22000,20000,20000
051619,智邦凱基95購07  ,0,0,0,0,0,0,0,0,0,20000,0,0,0,50000,30000,20000,20000
051620,可成凱基95購10  ,0,0,0,0,0,0,0,0,0,20000,0,0,0,20000,0,20000,20000
051580,宏碁元大95購02  ,0,0,0,0,0,0,0,0,0,20000,0,0,0,90000,70000,20000,20000
051433,中磊元富95購01  ,0,0,0,0,0,0,0,0,0,20000,0,0,0,68000,48000,20000,20000
049432,聯詠國票95購01  ,0,0,0,0,0,0,0,0,0,20000,0,0,0,20000,0,20000,20000
050414,泰鼎永豐94購04  ,0,0,0,0,0,0,0,0,0,20000,0,0,0,20000,0,20000,20000
051007,台光電麥證95購01,0,0,0,20000,0,20000,0,0,0,20000,0,0,0,20000,0,20000,20000
051017,聯發科凱基95購04,0,0,0,0,0,0,0,0,0,20000,0,0,0,80000,60000,20000,20000
049517,台光電國票94購02,0,0,0,0,0,0,0,0,0,20000,0,0,0,30000,10000,20000,20000
049528,台積電中信94購01,0,0,0,0,0,0,0,0,0,20000,0,0,0,218000,198000,20000,20000
051207,聯茂麥證95購01  ,0,0,0,95000,75000,20000,0,0,0,20000,0,0,0,95000,75000,20000,20000
051202,智邦麥證95購01  ,0,0,0,30000,10000,20000,0,0,0,20000,0,0,0,30000,10000,20000,20000
051263,深中小富邦96購01,0,0,0,0,0,0,0,0,0,20000,0,0,0,20000,0,20000,20000
049598,超眾元大95購03  ,0,0,0,0,0,0,0,0,0,20000,0,0,0,20000,0,20000,20000
053185,友達中信99購01  ,0,0,0,0,0,0,0,0,0,20000,0,0,0,20000,0,20000,20000
053251,世紀鋼國票97購02,0,0,0,0,0,0,0,0,0,20000,0,0,0,47000,27000,20000,20000
053249,致伸國票97購02  ,0,0,0,0,0,0,0,0,0,20000,0,0,0,40000,20000,20000,20000
053328,滬深2X永豐99購01,0,0,0,0,0,0,0,0,0,20000,0,0,0,50000,30000,20000,20000
05348P,美律元富98售01  ,0,0,0,0,0,0,0,0,0,20000,0,0,0,20000,0,20000,20000
05310P,智原永豐95售04  ,0,0,0,0,0,0,0,0,0,20000,0,0,0,20000,0,20000,20000
05305P,華新科國泰97售01,0,0,0,0,0,0,0,0,0,20000,0,0,0,20000,0,20000,20000
053037,國巨凱基96購08  ,0,0,0,0,0,0,0,0,0,20000,0,0,0,157000,137000,20000,20000
05291P,鴻海凱基95售16  ,0,0,0,0,0,0,0,0,0,20000,0,0,0,106000,86000,20000,20000
052950,超眾國票98購01  ,0,0,0,0,0,0,0,0,0,20000,0,0,0,27000,7000,20000,20000
052951,GIS國票97購02   ,0,0,0,0,0,0,0,0,0,20000,0,0,0,30000,10000,20000,20000
052981,鴻海元大97購05  ,0,0,0,0,0,0,0,0,0,20000,0,0,0,310000,290000,20000,20000
054008,大立光元富96購06,0,0,0,0,0,0,0,0,0,20000,0,0,0,20000,0,20000,20000
053859,台積電元大97購09,0,0,0,0,0,0,0,0,0,20000,0,0,0,319000,299000,20000,20000
053876,可成永昌98購01  ,0,0,0,0,0,0,0,0,0,20000,0,0,0,59000,39000,20000,20000
05377P,鴻海凱基95售18  ,0,0,0,0,0,0,0,0,0,20000,0,0,0,20000,0,20000,20000
054652,裕隆麥證97購01  ,0,0,0,20000,0,20000,0,0,0,20000,0,0,0,20000,0,20000,20000
054234,可成群益96購05  ,0,0,0,0,0,0,0,0,0,20000,0,0,0,59000,39000,20000,20000
054225,華新元富96購01  ,0,0,0,0,0,0,0,0,0,20000,0,0,0,20000,0,20000,20000
054210,台光電國票97購03,0,0,0,0,0,0,0,0,0,20000,0,0,0,20000,0,20000,20000
054303,國巨凱基96購15  ,0,0,0,0,0,0,0,0,0,20000,0,0,0,39000,19000,20000,20000
054360,智邦凱基96購03  ,0,0,0,0,0,0,0,0,0,20000,0,0,0,20000,0,20000,20000
05503P,智邦日盛96售01  ,0,0,0,0,0,0,0,0,0,20000,0,0,0,20000,0,20000,20000
055347,台積電凱基97購10,0,0,0,0,0,0,0,0,0,20000,0,0,0,88000,68000,20000,20000
05521P,創意永豐96售01  ,0,0,0,0,0,0,0,0,0,20000,0,0,0,30000,10000,20000,20000
055257,景碩統一97購01  ,0,0,0,0,0,0,0,0,0,20000,0,0,0,20000,0,20000,20000
055253,大立光統一97購06,0,0,0,0,0,0,0,0,0,20000,0,0,0,85000,65000,20000,20000
4155,訊映            ,68000,43000,25000,0,0,0,0,0,0,-5000,0,5000,-5000,0,0,0,20000
4725,信昌化          ,73000,54000,19000,0,0,0,0,0,0,1000,1000,0,1000,0,0,0,20000
9105,泰金寶-DR       ,20000,0,20000,0,0,0,0,0,0,0,0,0,0,0,0,0,20000
06127P,泰碩元富97售01  ,0,0,0,0,0,0,0,0,0,20000,0,0,0,20000,0,20000,20000
06135P,志超元富97售01  ,0,0,0,0,0,0,0,0,0,20000,0,0,0,20000,0,20000,20000
06185P,台表科元大97售05,0,0,0,0,0,0,0,0,0,20000,0,0,0,20000,0,20000,20000
06365P,鴻海凱基97售09  ,0,0,0,0,0,0,0,0,0,20000,0,0,0,70000,50000,20000,20000
05944P,富邦金中信96售01,0,0,0,0,0,0,0,0,0,20000,0,0,0,20000,0,20000,20000
05914P,友達元大96售04  ,0,0,0,0,0,0,0,0,0,20000,0,0,0,20000,0,20000,20000
05895P,奇力新群益96售03,0,0,0,0,0,0,0,0,0,20000,0,0,0,50000,30000,20000,20000
05847P,大立光元大96售08,0,0,0,0,0,0,0,0,0,20000,0,0,0,21000,1000,20000,20000
06814P,臺股指元富98售03,0,0,0,0,0,0,0,0,0,20000,0,0,0,20000,0,20000,20000
06625P,華新科統一98售03,0,0,0,0,0,0,0,0,0,20000,0,0,0,50000,30000,20000,20000
06448P,華通元大99售01  ,0,0,0,0,0,0,0,0,0,20000,0,0,0,34000,14000,20000,20000
06468P,華新科統一98售02,0,0,0,0,0,0,0,0,0,20000,0,0,0,20000,0,20000,20000
08703P,華碩凱基01售02  ,0,0,0,0,0,0,0,0,0,20000,0,0,0,119000,99000,20000,20000
1515,力山            ,238000,234000,4000,0,0,0,0,0,0,16000,0,0,0,18000,2000,16000,20000
055561,奇鋐凱基97購01  ,0,0,0,0,0,0,0,0,0,19000,0,0,0,200000,181000,19000,19000
055543,為升凱基97購01  ,0,0,0,0,0,0,0,0,0,19000,0,0,0,62000,43000,19000,19000
057472,T50正2元大9B購03,0,0,0,0,0,0,0,0,0,19000,0,0,0,21000,2000,19000,19000
057272,台積電元大98購14,0,0,0,0,0,0,0,0,0,19000,0,0,0,82000,63000,19000,19000
056845,揚明光元富98購01,0,0,0,0,0,0,0,0,0,19000,0,0,0,19000,0,19000,19000
056969,智易永豐98購01  ,0,0,0,0,0,0,0,0,0,19000,0,0,0,56000,37000,19000,19000
057235,亞光凱基98購04  ,0,0,0,0,0,0,0,0,0,19000,0,0,0,22000,3000,19000,19000
047730,矽力群益93購02  ,0,0,0,0,0,0,0,0,0,19000,0,0,0,29000,10000,19000,19000
048733,台勝科麥證95購02,0,2000,-2000,108000,87000,21000,0,0,0,21000,0,0,0,108000,87000,21000,19000
04293P,滬深2X元大96售02,0,0,0,0,0,0,0,0,0,19000,0,0,0,60000,41000,19000,19000
03026X,元展23          ,0,0,0,0,0,0,0,0,0,19000,0,0,0,19000,0,19000,19000
048521,華通統一93購05  ,0,0,0,0,0,0,0,0,0,19000,0,0,0,19000,0,19000,19000
048635,鴻海元大94購04  ,0,0,0,0,0,0,0,0,0,19000,0,0,0,39000,20000,19000,19000
04755P,大立光元富94售07,0,0,0,0,0,0,0,0,0,19000,0,0,0,22000,3000,19000,19000
050662,智易元大96購01  ,0,0,0,0,0,0,0,0,0,19000,0,0,0,20000,1000,19000,19000
050383,超眾兆豐95購01  ,0,0,0,0,0,0,0,0,0,19000,0,0,0,19000,0,19000,19000
052794,群創兆豐97購01  ,0,0,0,0,0,0,0,0,0,19000,0,0,0,19000,0,19000,19000
052406,力成凱基95購03  ,0,0,0,0,0,0,0,0,0,19000,0,0,0,29000,10000,19000,19000
050168,緯創富邦95購01  ,0,0,0,0,0,0,0,0,0,19000,0,0,0,50000,31000,19000,19000
050343,鴻海元富94購01  ,0,0,0,0,0,0,0,0,0,19000,0,0,0,87000,68000,19000,19000
055119,力成凱基98購01  ,0,0,0,0,0,0,0,0,0,19000,0,0,0,19000,0,19000,19000
054848,群創兆豐98購01  ,0,0,0,0,0,0,0,0,0,19000,0,0,0,89000,70000,19000,19000
054207,國巨國票98購01  ,0,0,0,0,0,0,0,0,0,19000,0,0,0,19000,0,19000,19000
053782,京元電元大98購02,0,0,0,0,0,0,0,0,0,19000,0,0,0,19000,0,19000,19000
053895,智易群益96購02  ,0,0,0,0,0,0,0,0,0,19000,0,0,0,19000,0,19000,19000
054078,鴻海中信98購01  ,0,0,0,0,0,0,0,0,0,19000,0,0,0,21000,2000,19000,19000
053022,欣興國泰98購01  ,0,0,0,0,0,0,0,0,0,19000,0,0,0,50000,31000,19000,19000
053334,訊芯永豐96購01  ,0,0,0,0,0,0,0,0,0,19000,0,0,0,229000,210000,19000,19000
053258,上証2X群益9A購03,0,0,0,0,0,0,0,0,0,19000,0,0,0,202000,183000,19000,19000
1316,上曜            ,29000,10000,19000,0,0,0,0,0,0,0,0,0,0,0,0,0,19000
06500P,臺股指元大9A售05,0,0,0,0,0,0,0,0,0,19000,0,0,0,34000,15000,19000,19000
06497P,大立光凱基98售11,0,0,0,0,0,0,0,0,0,19000,0,0,0,81000,62000,19000,19000
05918P,大立光元大96售11,0,0,0,0,0,0,0,0,0,19000,0,0,0,21000,2000,19000,19000
05997P,嘉聯益群益96售02,0,0,0,0,0,0,0,0,0,19000,0,0,0,79000,60000,19000,19000
06352P,臺股指富邦99售02,0,0,0,0,0,0,0,0,0,19000,0,0,0,19000,0,19000,19000
06422P,勤誠統一98售01  ,0,0,0,0,0,0,0,0,0,19000,0,0,0,29000,10000,19000,19000
06303P,臺股指元大97售09,0,0,0,0,0,0,0,0,0,19000,0,0,0,24000,5000,19000,19000
06254P,臺股指群益97售07,0,0,0,0,0,0,0,0,0,19000,0,0,0,19000,0,19000,19000
8011,台通            ,41000,22000,19000,0,0,0,0,0,0,0,0,0,0,0,0,0,19000
2488,漢平            ,33000,14000,19000,0,0,0,0,0,0,0,0,0,0,0,0,0,19000
057213,華邦電群益98購01,0,0,0,0,0,0,0,0,0,18000,0,0,0,146000,128000,18000,18000
056992,祥碩兆豐98購01  ,0,0,0,0,0,0,0,0,0,18000,0,0,0,18000,0,18000,18000
056087,世芯統一97購01  ,0,0,0,0,0,0,0,0,0,18000,0,0,0,255000,237000,18000,18000
056171,鴻海元富97購10  ,0,0,0,0,0,0,0,0,0,18000,0,0,0,43000,25000,18000,18000
05651P,大立光元大97售02,0,0,0,0,0,0,0,0,0,18000,0,0,0,18000,0,18000,18000
05660P,玉晶光第一96售01,0,0,0,0,0,0,0,0,0,18000,0,0,0,41000,23000,18000,18000
048425,聯茂元富96購02  ,0,0,0,0,0,0,0,0,0,18000,0,0,0,18000,0,18000,18000
048985,茂林元大94購01  ,0,0,0,0,0,0,0,0,0,18000,0,0,0,33000,15000,18000,18000
03893P,為升凱基93售03  ,0,0,0,0,0,0,0,0,0,18000,0,0,0,18000,0,18000,18000
048732,台勝科麥證95購01,0,0,0,27000,9000,18000,0,0,0,18000,0,0,0,27000,9000,18000,18000
048260,鴻海元富93購06  ,0,0,0,0,0,0,0,0,0,18000,0,0,0,18000,0,18000,18000
048277,建準永豐93購02  ,0,0,0,0,0,0,0,0,0,18000,0,0,0,18000,0,18000,18000
045630,技嘉凱基93購02  ,0,0,0,0,0,0,0,0,0,18000,0,0,0,30000,12000,18000,18000
052209,深中小元大95購02,0,0,0,0,0,0,0,0,0,18000,0,0,0,18000,0,18000,18000
052748,群創元大9A購02  ,0,0,0,0,0,0,0,0,0,18000,0,0,0,18000,0,18000,18000
050459,台表科元大94購03,0,0,0,0,0,0,0,0,0,18000,0,0,0,30000,12000,18000,18000
051459,臺股指元大95購19,0,0,0,0,0,0,0,0,0,18000,0,0,0,40000,22000,18000,18000
04962P,易華電凱基96售01,0,0,0,0,0,0,0,0,0,18000,0,0,0,18000,0,18000,18000
053304,可成凱基96購03  ,0,0,0,0,0,0,0,0,0,18000,0,0,0,96000,78000,18000,18000
052996,聯電康和96購01  ,0,0,0,0,0,0,0,0,0,18000,0,0,0,68000,50000,18000,18000
053133,華邦電國票97購01,0,0,0,0,0,0,0,0,0,18000,0,0,0,18000,0,18000,18000
053993,旺宏群益98購02  ,0,0,0,0,0,0,0,0,0,18000,0,0,0,85000,67000,18000,18000
05367P,鴻海元富95售13  ,0,0,0,0,0,0,0,0,0,18000,0,0,0,20000,2000,18000,18000
054510,S&P反1元大98購01,0,0,0,0,0,0,0,0,0,18000,0,0,0,18000,0,18000,18000
054541,康控國票98購01  ,0,0,0,0,0,0,0,0,0,18000,0,0,0,40000,22000,18000,18000
055148,鴻海元大98購02  ,0,0,0,0,0,0,0,0,0,18000,0,0,0,84000,66000,18000,18000
055314,華邦電中信99購01,0,0,0,0,0,0,0,0,0,18000,0,0,0,78000,60000,18000,18000
6108,競國            ,142000,124000,18000,0,0,0,0,0,0,0,0,0,0,0,0,0,18000
3419,譁裕            ,36000,18000,18000,0,0,0,0,0,0,0,0,0,0,0,0,0,18000
06226P,聯發科麥證97售03,0,0,0,18000,0,18000,0,0,0,18000,0,0,0,18000,0,18000,18000
06200P,聯發科元大97售18,0,0,0,0,0,0,0,0,0,18000,0,0,0,18000,0,18000,18000
06391P,上銀中信97售03  ,0,0,0,0,0,0,0,0,0,18000,0,0,0,18000,0,18000,18000
06029P,聯發科台新96售02,0,0,0,0,0,0,0,0,0,18000,0,0,0,18000,0,18000,18000
06020P,燿華元富96售04  ,0,0,0,0,0,0,0,0,0,18000,0,0,0,37000,19000,18000,18000
05866P,致伸元大96售01  ,0,0,0,0,0,0,0,0,0,18000,0,0,0,53000,35000,18000,18000
057903,聯鈞永豐99購01  ,0,0,0,0,0,0,0,0,0,18000,0,0,0,40000,22000,18000,18000
056631,臺股指永豐98購03,0,0,0,0,0,0,0,0,0,17000,0,0,0,20000,3000,17000,17000
056534,京元電凱基98購01,0,0,0,0,0,0,0,0,0,17000,0,0,0,20000,3000,17000,17000
055832,台達電元大97購02,0,0,0,0,0,0,0,0,0,17000,0,0,0,70000,53000,17000,17000
057215,友達群益98購03  ,0,0,0,0,0,0,0,0,0,17000,0,0,0,57000,40000,17000,17000
057849,南茂永豐98購02  ,0,0,0,0,0,0,0,0,0,17000,0,0,0,17000,0,17000,17000
046572,貿聯國泰94購01  ,0,0,0,0,0,0,0,0,0,17000,0,0,0,17000,0,17000,17000
00866,新光Shiller CAPE,0,0,0,0,0,0,0,0,0,17000,0,0,0,73000,56000,17000,17000
0051,元大中型100     ,0,0,0,0,0,0,0,0,0,17000,0,0,0,27000,10000,17000,17000
048603,中磊國票94購02  ,0,0,0,0,0,0,0,0,0,17000,0,0,0,37000,20000,17000,17000
04670P,臺股指國票94售09,0,0,0,0,0,0,0,0,0,17000,0,0,0,17000,0,17000,17000
04806P,臻鼎元富94售06  ,0,0,0,0,0,0,0,0,0,17000,0,0,0,41000,24000,17000,17000
051862,旺宏凱基95購05  ,0,0,0,0,0,0,0,0,0,17000,0,0,0,17000,0,17000,17000
049668,大立光國泰96購02,0,0,0,0,0,0,0,0,0,17000,0,0,0,342000,325000,17000,17000
051380,禾伸堂群益95購01,0,0,0,0,0,0,0,0,0,17000,0,0,0,22000,5000,17000,17000
052299,T50反1台新05購03,0,0,0,0,0,0,0,0,0,17000,0,0,0,21000,4000,17000,17000
054527,國巨統一97購03  ,0,0,0,0,0,0,0,0,0,17000,0,0,0,18000,1000,17000,17000
054203,滬深2X國票96購03,0,0,0,0,0,0,0,0,0,17000,0,0,0,17000,0,17000,17000
053812,台積電群益96購09,0,0,0,0,0,0,0,0,0,17000,0,0,0,116000,99000,17000,17000
053509,華新群益98購01  ,0,0,0,0,0,0,0,0,0,17000,0,0,0,56000,39000,17000,17000
053621,臺股指群益96購07,0,0,0,0,0,0,0,0,0,17000,0,0,0,17000,0,17000,17000
054122,康友永豐96購01  ,0,0,0,0,0,0,0,0,0,17000,0,0,0,75000,58000,17000,17000
054001,康友群益96購02  ,0,0,0,0,0,0,0,0,0,17000,0,0,0,35000,18000,17000,17000
053427,鎧勝永豐96購02  ,0,0,0,0,0,0,0,0,0,17000,0,0,0,30000,13000,17000,17000
06575P,大立光永昌99售02,0,0,0,0,0,0,0,0,0,17000,0,0,0,17000,0,17000,17000
06824P,台灣50國票99售02,0,0,0,0,0,0,0,0,0,17000,0,0,0,31000,14000,17000,17000
06740P,台灣50國泰9A售02,0,0,0,0,0,0,0,0,0,17000,0,0,0,50000,33000,17000,17000
8249,菱光            ,18000,1000,17000,0,0,0,0,0,0,0,0,0,0,0,0,0,17000
2841,台開            ,438000,421000,17000,0,0,0,0,0,0,0,0,0,0,0,0,0,17000
057576,南亞科第一9C購01,0,0,0,0,0,0,0,0,0,16000,0,0,0,18000,2000,16000,16000
057584,國巨亞東99購01  ,0,0,0,0,0,0,0,0,0,16000,0,0,0,50000,34000,16000,16000
057259,台積電兆豐98購03,0,0,0,0,0,0,0,0,0,16000,0,0,0,502000,486000,16000,16000
055990,矽創元富97購01  ,0,0,0,0,0,0,0,0,0,16000,0,0,0,83000,67000,16000,16000
055516,上銀中信97購01  ,0,0,0,0,0,0,0,0,0,16000,0,0,0,98000,82000,16000,16000
056564,亞光群益98購02  ,0,0,0,0,0,0,0,0,0,16000,0,0,0,43000,27000,16000,16000
049016,國巨群益94購02  ,0,0,0,0,0,0,0,0,0,16000,0,0,0,16000,0,16000,16000
05065P,燿華元大96售03  ,0,0,0,0,0,0,0,0,0,16000,0,0,0,16000,0,16000,16000
050841,國巨國票96購02  ,0,0,0,0,0,0,0,0,0,16000,0,0,0,76000,60000,16000,16000
048988,聯茂元大94購02  ,0,0,0,0,0,0,0,0,0,16000,0,0,0,71000,55000,16000,16000
04187P,麗豐元富93售02  ,0,0,0,0,0,0,0,0,0,16000,0,0,0,22000,6000,16000,16000
042326,元油2X國票94購01,0,0,0,0,0,0,0,0,0,16000,0,0,0,16000,0,16000,16000
03958P,嘉聯益統一93售01,0,0,0,0,0,0,0,0,0,16000,0,0,0,146000,130000,16000,16000
04021P,寶滬深元富93售01,0,0,0,0,0,0,0,0,0,16000,0,0,0,20000,4000,16000,16000
03501P,奇鋐國票03售02  ,0,0,0,0,0,0,0,0,0,16000,0,0,0,16000,0,16000,16000
047652,滬深2X兆豐94購03,0,0,0,0,0,0,0,0,0,16000,0,0,0,28000,12000,16000,16000
04432P,昇陽半元大94售04,0,0,0,0,0,0,0,0,0,16000,0,0,0,16000,0,16000,16000
052244,廣達康和95購01  ,0,0,0,0,0,0,0,0,0,16000,0,0,0,16000,0,16000,16000
052776,力山國票97購01  ,0,0,0,0,0,0,0,0,0,16000,0,0,0,19000,3000,16000,16000
052806,玉晶光元大98購04,0,0,0,0,0,0,0,0,0,16000,0,0,0,207000,191000,16000,16000
052658,友達元富9C購01  ,0,0,0,0,0,0,0,0,0,16000,0,0,0,26000,10000,16000,16000
050024,旺宏元大94購09  ,0,0,0,0,0,0,0,0,0,16000,0,0,0,20000,4000,16000,16000
049935,南電元大94購08  ,0,0,0,0,0,0,0,0,0,16000,0,0,0,166000,150000,16000,16000
051545,裕隆康和95購01  ,0,60000,-60000,0,0,0,0,0,0,76000,0,0,0,79000,3000,76000,16000
053466,華通元大98購01  ,0,0,0,0,0,0,0,0,0,16000,0,0,0,21000,5000,16000,16000
053278,禾伸堂元大96購01,0,0,0,0,0,0,0,0,0,16000,0,0,0,69000,53000,16000,16000
052979,上銀元大96購02  ,0,0,0,0,0,0,0,0,0,16000,0,0,0,172000,156000,16000,16000
053658,亞光凱基96購01  ,0,0,0,0,0,0,0,0,0,16000,0,0,0,28000,12000,16000,16000
054671,國巨國泰98購01  ,0,0,0,0,0,0,0,0,0,16000,0,0,0,36000,20000,16000,16000
2436,偉詮電          ,33000,17000,16000,0,0,0,0,0,0,0,0,0,0,0,0,0,16000
2414,精技            ,16000,0,16000,0,0,0,0,0,0,0,0,0,0,0,0,0,16000
6235,華孚            ,22000,6000,16000,0,0,0,0,0,0,0,0,0,0,0,0,0,16000
4532,瑞智            ,39000,23000,16000,0,0,0,0,0,0,0,0,0,0,0,0,0,16000
9943,好樂迪          ,20000,4000,16000,0,0,0,0,0,0,0,0,0,0,0,0,0,16000
06709P,臺股指台新99售06,0,0,0,0,0,0,0,0,0,16000,0,0,0,16000,0,16000,16000
06632P,創意群益98售03  ,0,0,0,0,0,0,0,0,0,16000,0,0,0,16000,0,16000,16000
1256,鮮活果汁-KY     ,18000,2000,16000,0,0,0,0,0,0,0,0,0,0,0,0,0,16000
06140P,華新科群益97售06,0,0,0,0,0,0,0,0,0,16000,0,0,0,16000,0,16000,16000
056478,晶技元大99購01  ,0,0,0,0,0,0,0,0,0,15000,0,0,0,342000,327000,15000,15000
055585,國巨元大98購08  ,0,0,0,0,0,0,0,0,0,15000,0,0,0,245000,230000,15000,15000
055586,旺宏元大98購06  ,0,0,0,0,0,0,0,0,0,15000,0,0,0,21000,6000,15000,15000
055733,奇力新元富97購01,0,0,0,0,0,0,0,0,0,15000,0,0,0,50000,35000,15000,15000
056020,義隆群益97購01  ,0,0,0,0,0,0,0,0,0,15000,0,0,0,26000,11000,15000,15000
055906,大立光兆豐97購03,0,0,0,0,0,0,0,0,0,15000,0,0,0,20000,5000,15000,15000
05579P,友達凱基98售03  ,0,0,0,0,0,0,0,0,0,15000,0,0,0,15000,0,15000,15000
055758,旺宏群益97購01  ,0,0,0,0,0,0,0,0,0,15000,0,0,0,39000,24000,15000,15000
057033,A50反1元大9B購02,0,0,0,0,0,0,0,0,0,15000,0,0,0,15000,0,15000,15000
05686P,臺股指元大96售11,0,0,0,0,0,0,0,0,0,15000,0,0,0,60000,45000,15000,15000
056721,台灣50永昌9A購01,0,0,0,0,0,0,0,0,0,15000,0,0,0,60000,45000,15000,15000
057667,可成元大99購01  ,0,0,0,0,0,0,0,0,0,15000,0,0,0,132000,117000,15000,15000
057289,力成元大98購03  ,0,0,0,0,0,0,0,0,0,15000,0,0,0,20000,5000,15000,15000
057469,康友永豐98購02  ,0,0,0,0,0,0,0,0,0,15000,0,0,0,21000,6000,15000,15000
044509,台光電凱基93購03,0,0,0,0,0,0,0,0,0,15000,0,0,0,16000,1000,15000,15000
044347,上証2X元大94購01,0,0,0,0,0,0,0,0,0,15000,0,0,0,15000,0,15000,15000
046396,矽創國泰93購01  ,0,0,0,0,0,0,0,0,0,15000,0,0,0,15000,0,15000,15000
045013,大立光元大93購04,0,0,0,0,0,0,0,0,0,15000,0,0,0,15000,0,15000,15000
044934,玉晶光元大93購01,0,0,0,0,0,0,0,0,0,15000,0,0,0,25000,10000,15000,15000
045856,南亞科國泰94購01,0,0,0,0,0,0,0,0,0,15000,0,0,0,15000,0,15000,15000
04787P,台積電永昌96售04,0,0,0,0,0,0,0,0,0,15000,0,0,0,529000,514000,15000,15000
048186,元黃金元大96購01,0,0,0,0,0,0,0,0,0,15000,0,0,0,15000,0,15000,15000
048223,微星凱基93購02  ,0,0,0,0,0,0,0,0,0,15000,0,0,0,15000,0,15000,15000
048504,A50正2中信95購01,0,0,0,0,0,0,0,0,0,15000,0,0,0,15000,0,15000,15000
050948,華固群益95購01  ,0,0,0,0,0,0,0,0,0,15000,0,0,0,20000,5000,15000,15000
051440,鴻海元大95購12  ,0,0,0,0,0,0,0,0,0,15000,0,0,0,15000,0,15000,15000
051418,智易國票97購01  ,0,0,0,0,0,0,0,0,0,15000,0,0,0,15000,0,15000,15000
051616,鴻海凱基96購08  ,0,0,0,0,0,0,0,0,0,15000,0,0,0,55000,40000,15000,15000
051756,台積電元大97購04,0,0,0,0,0,0,0,0,0,15000,0,0,0,136000,121000,15000,15000
051878,鴻海台新96購01  ,0,0,0,0,0,0,0,0,0,15000,0,0,0,15000,0,15000,15000
049613,華通中信94購01  ,0,0,0,0,0,0,0,0,0,15000,0,0,0,20000,5000,15000,15000
049427,瑞昱兆豐94購01  ,0,0,0,0,0,0,0,0,0,15000,0,0,0,15000,0,15000,15000
051335,華固永豐95購01  ,0,0,0,0,0,0,0,0,0,15000,0,0,0,15000,0,15000,15000
050976,台光電統一95購01,0,0,0,0,0,0,0,0,0,15000,0,0,0,309000,294000,15000,15000
052010,兆豐金中信95購01,0,0,0,0,0,0,0,0,0,15000,0,0,0,50000,35000,15000,15000
049800,瑞昱元大94購05  ,0,0,0,0,0,0,0,0,0,15000,0,0,0,62000,47000,15000,15000
049777,華新科統一94購06,0,0,0,0,0,0,0,0,0,15000,0,0,0,15000,0,15000,15000
052270,力成日盛95購01  ,0,0,0,0,0,0,0,0,0,15000,0,0,0,95000,80000,15000,15000
052168,鴻海元大96購10  ,0,0,0,0,0,0,0,0,0,15000,0,0,0,15000,0,15000,15000
052368,力成國票96購01  ,0,0,0,0,0,0,0,0,0,15000,0,0,0,20000,5000,15000,15000
054412,智邦元大96購03  ,0,0,0,0,0,0,0,0,0,15000,0,0,0,62000,47000,15000,15000
054461,台積電凱基97購09,0,0,0,0,0,0,0,0,0,15000,0,0,0,30000,15000,15000,15000
053610,矽力中信98購01  ,0,0,0,0,0,0,0,0,0,15000,0,0,0,260000,245000,15000,15000
053765,智邦富邦96購01  ,0,0,0,0,0,0,0,0,0,15000,0,0,0,15000,0,15000,15000
06163P,聯詠群益97售01  ,0,0,0,0,0,0,0,0,0,15000,0,0,0,15000,0,15000,15000
06149P,台積電元大97售18,0,0,0,0,0,0,0,0,0,15000,0,0,0,74000,59000,15000,15000
06128P,玉晶光元富97售05,0,0,0,0,0,0,0,0,0,15000,0,0,0,20000,5000,15000,15000
06087P,國巨永豐97售01  ,0,0,0,0,0,0,0,0,0,15000,0,0,0,15000,0,15000,15000
06393P,台積電元大97售27,0,0,0,0,0,0,0,0,0,15000,0,0,0,15000,0,15000,15000
05843P,台積電元大96售16,0,0,0,0,0,0,0,0,0,15000,0,0,0,231000,216000,15000,15000
05873P,華通群益97售02  ,0,0,0,0,0,0,0,0,0,15000,0,0,0,15000,0,15000,15000
05825P,臺股指凱基96售22,0,0,0,0,0,0,0,0,0,15000,0,0,0,15000,0,15000,15000
08749P,鴻海台新01售02  ,0,0,0,0,0,0,0,0,0,15000,0,0,0,15000,0,15000,15000
06561P,台灣50國泰9A售01,0,0,0,0,0,0,0,0,0,15000,0,0,0,150000,135000,15000,15000
06449P,台積電元大98售09,0,0,0,0,0,0,0,0,0,15000,0,0,0,167000,152000,15000,15000
4952,凌通            ,28000,13000,15000,0,0,0,0,0,0,0,0,0,0,0,0,0,15000
6698,旭暉應材        ,15000,0,15000,0,0,0,0,0,0,0,0,0,0,0,0,0,15000
5531,鄉林            ,120000,105173,14827,0,0,0,0,0,0,0,5000,5000,0,0,0,0,14827
056933,國巨元富98購03  ,0,0,0,0,0,0,0,0,0,14000,0,0,0,216000,202000,14000,14000
055487,國巨元大98購07  ,0,0,0,0,0,0,0,0,0,14000,0,0,0,239000,225000,14000,14000
04754P,宏達電元富94售02,0,0,0,0,0,0,0,0,0,14000,0,0,0,20000,6000,14000,14000
046734,華通國票93購02  ,0,0,0,0,0,0,0,0,0,14000,0,0,0,14000,0,14000,14000
047109,華邦電元大94購01,0,0,0,0,0,0,0,0,0,14000,0,0,0,14000,0,14000,14000
047418,智邦富邦97購01  ,0,0,0,0,0,0,0,0,0,14000,0,0,0,54000,40000,14000,14000
047232,禾伸堂凱基93購02,0,0,0,0,0,0,0,0,0,14000,0,0,0,14000,0,14000,14000
048412,台勝科亞東93購01,0,0,0,0,0,0,0,0,0,14000,0,0,0,18000,4000,14000,14000
048185,台郡群益93購04  ,0,0,0,0,0,0,0,0,0,14000,0,0,0,14000,0,14000,14000
04782P,智伸科統一96售01,0,0,0,0,0,0,0,0,0,14000,0,0,0,118000,104000,14000,14000
03425B,臺股指元大9A熊01,0,0,0,0,0,0,0,0,0,14000,0,0,0,19000,5000,14000,14000
00652,富邦印度        ,0,0,0,0,0,0,0,0,0,14000,0,0,0,54000,40000,14000,14000
046672,聯茂元大93購01  ,0,0,0,0,0,0,0,0,0,14000,0,0,0,20000,6000,14000,14000
04463P,可成元富94售03  ,0,0,0,0,0,0,0,0,0,14000,0,0,0,20000,6000,14000,14000
052439,寶成富邦97購01  ,0,0,0,0,0,0,0,0,0,14000,0,0,0,14000,0,14000,14000
052688,新日興元大96購01,0,0,0,0,0,0,0,0,0,14000,0,0,0,26000,12000,14000,14000
052707,景碩台新96購01  ,0,0,0,0,0,0,0,0,0,14000,0,0,0,239000,225000,14000,14000
05027P,南電群益95售01  ,0,0,0,0,0,0,0,0,0,14000,0,0,0,31000,17000,14000,14000
050258,為升元大94購08  ,0,0,0,0,0,0,0,0,0,14000,0,0,0,35000,21000,14000,14000
052092,貿聯元大96購02  ,0,0,0,0,0,0,0,0,0,14000,0,0,0,130000,116000,14000,14000
050568,為升中信97購01  ,0,0,0,0,0,0,0,0,0,14000,0,0,0,14000,0,14000,14000
050896,華新科元大96購02,0,0,0,0,0,0,0,0,0,14000,0,0,0,14000,0,14000,14000
051533,健鼎國票96購02  ,0,0,0,0,0,0,0,0,0,14000,0,0,0,24000,10000,14000,14000
051567,台積電富邦95購06,0,0,0,0,0,0,0,0,0,14000,0,0,0,14000,0,14000,14000
053635,技嘉永豐96購01  ,0,0,0,0,0,0,0,0,0,14000,0,0,0,67000,53000,14000,14000
052949,智易國票97購02  ,0,0,0,0,0,0,0,0,0,14000,0,0,0,14000,0,14000,14000
053443,智邦凱基97購01  ,0,0,0,0,0,0,0,0,0,14000,0,0,0,20000,6000,14000,14000
055390,國巨統一98購03  ,0,0,0,0,0,0,0,0,0,14000,0,0,0,14000,0,14000,14000
8367,建新國際        ,13000,0,13000,0,0,0,0,0,0,1000,1000,0,1000,0,0,0,14000
06557P,台積電兆豐98售02,0,0,0,0,0,0,0,0,0,14000,0,0,0,14000,0,14000,14000
06312P,樺漢元富97售02  ,0,0,0,0,0,0,0,0,0,14000,0,0,0,26000,12000,14000,14000
06236P,台積電元大97售25,0,0,0,0,0,0,0,0,0,14000,0,0,0,14000,0,14000,14000
05571P,大立光統一96售03,0,0,0,0,0,0,0,0,0,13000,0,0,0,13000,0,13000,13000
056715,瀚宇博永豐98購01,0,0,0,0,0,0,0,0,0,13000,0,0,0,68000,55000,13000,13000
057166,國巨元大99購06  ,0,0,0,0,0,0,0,0,0,13000,0,0,0,230000,217000,13000,13000
057274,友達元大98購03  ,0,0,0,0,0,0,0,0,0,13000,0,0,0,63000,50000,13000,13000
042734,大立光兆豐92購02,0,0,0,0,0,0,0,0,0,13000,0,0,0,13000,0,13000,13000
04287P,A50正2中信96售01,0,0,0,0,0,0,0,0,0,13000,0,0,0,13000,0,13000,13000
03904P,啟碁統一93售01  ,0,0,0,0,0,0,0,0,0,13000,0,0,0,45000,32000,13000,13000
04333P,儒鴻凱基93售06  ,0,0,0,0,0,0,0,0,0,13000,0,0,0,13000,0,13000,13000
046180,裕隆凱基93購01  ,0,0,0,0,0,0,0,0,0,13000,0,0,0,13000,0,13000,13000
049004,聯發科中信96購01,0,0,0,0,0,0,0,0,0,13000,0,0,0,66000,53000,13000,13000
04814P,健策元大96售01  ,0,0,0,0,0,0,0,0,0,13000,0,0,0,13000,0,13000,13000
046919,大毅永豐93購01  ,0,0,0,0,0,0,0,0,0,13000,0,0,0,13000,0,13000,13000
048443,旺宏凱基93購08  ,0,0,0,0,0,0,0,0,0,13000,0,0,0,33000,20000,13000,13000
047046,台積電國票94購01,0,0,0,0,0,0,0,0,0,13000,0,0,0,55000,42000,13000,13000
05094P,大立光元大95售07,0,0,0,0,0,0,0,0,0,13000,0,0,0,25000,12000,13000,13000
050704,復盛凱基94購03  ,0,0,0,0,0,0,0,0,0,13000,0,0,0,48000,35000,13000,13000
049343,華新科統一94購03,0,0,0,0,0,0,0,0,0,13000,0,0,0,79000,66000,13000,13000
050996,隆達元大95購01  ,0,0,0,0,0,0,0,0,0,13000,0,0,0,13000,0,13000,13000
052075,旺宏元富95購03  ,0,0,0,0,0,0,0,0,0,13000,0,0,0,13000,0,13000,13000
052055,緯穎凱基95購03  ,0,0,0,0,0,0,0,0,0,13000,0,0,0,39000,26000,13000,13000
050340,鴻海統一94購07  ,0,0,0,0,0,0,0,0,0,13000,0,0,0,25000,12000,13000,13000
050098,嘉聯益國泰95購02,0,0,0,0,0,0,0,0,0,13000,0,0,0,13000,0,13000,13000
052705,超眾國票97購01  ,0,0,0,0,0,0,0,0,0,13000,0,0,0,30000,17000,13000,13000
052766,玉晶光群益9A購01,0,0,0,0,0,0,0,0,0,13000,0,0,0,128000,115000,13000,13000
055445,旺宏統一99購01  ,0,0,0,0,0,0,0,0,0,13000,0,0,0,90000,77000,13000,13000
055212,和大凱基97購02  ,0,0,0,0,0,0,0,0,0,13000,0,0,0,25000,12000,13000,13000
054317,昇陽半凱基98購01,0,0,0,0,0,0,0,0,0,13000,0,0,0,13000,0,13000,13000
053183,大立光元富96購03,0,0,0,0,0,0,0,0,0,13000,0,0,0,13000,0,13000,13000
053130,聯發科麥證96購01,0,0,0,25000,12000,13000,0,0,0,13000,0,0,0,25000,12000,13000,13000
053091,同欣電元大96購01,0,0,0,0,0,0,0,0,0,13000,0,0,0,33000,20000,13000,13000
053521,緯穎群益96購02  ,0,0,0,0,0,0,0,0,0,13000,0,0,0,56000,43000,13000,13000
054132,聯發科元大97購10,0,0,0,0,0,0,0,0,0,13000,0,0,0,65000,52000,13000,13000
06208P,台郡凱基97售03  ,0,0,0,0,0,0,0,0,0,13000,0,0,0,103000,90000,13000,13000
06153P,健策元大97售04  ,0,0,0,0,0,0,0,0,0,13000,0,0,0,23000,10000,13000,13000
06855P,聯發科富邦9A售01,0,0,0,0,0,0,0,0,0,13000,0,0,0,36000,23000,13000,13000
1215,卜蜂            ,80000,80000,0,0,0,0,18000,1000,17000,-4000,0,0,0,0,4000,-4000,13000
057804,為升元大98購01  ,0,0,0,0,0,0,0,0,0,12000,0,0,0,40000,28000,12000,12000
057230,建準凱基98購02  ,0,0,0,0,0,0,0,0,0,12000,0,0,0,32000,20000,12000,12000
056794,上銀麥證98購01  ,0,0,0,22000,10000,12000,0,0,0,12000,0,0,0,22000,10000,12000,12000
05678P,群創群益97售01  ,0,0,0,0,0,0,0,0,0,12000,0,0,0,12000,0,12000,12000
056932,T50反1元富98購01,0,0,0,0,0,0,0,0,0,12000,0,0,0,185000,173000,12000,12000
055488,華邦電元大98購01,0,0,0,0,0,0,0,0,0,12000,0,0,0,25000,13000,12000,12000
055542,亞德客凱基97購01,0,0,0,0,0,0,0,0,0,12000,0,0,0,25000,13000,12000,12000
055765,臺股指群益97購03,0,0,0,0,0,0,0,0,0,12000,0,0,0,30000,18000,12000,12000
056018,旺宏群益97購02  ,0,0,0,0,0,0,0,0,0,12000,0,0,0,12000,0,12000,12000
056241,緯創群益97購01  ,0,0,0,0,0,0,0,0,0,12000,0,0,0,22000,10000,12000,12000
056230,可成凱基98購03  ,0,0,0,0,0,0,0,0,0,12000,0,0,0,27000,15000,12000,12000
056285,可成永豐97購02  ,0,0,0,0,0,0,0,0,0,12000,0,0,0,80000,68000,12000,12000
050751,聯電統一94購05  ,0,0,0,0,0,0,0,0,0,12000,0,0,0,200000,188000,12000,12000
047035,華邦電群益94購02,0,0,0,0,0,0,0,0,0,12000,0,0,0,12000,0,12000,12000
048111,奇力新群益93購06,0,0,0,0,0,0,0,0,0,12000,0,0,0,12000,0,12000,12000
048054,鴻海國泰95購01  ,0,0,0,0,0,0,0,0,0,12000,0,0,0,12000,0,12000,12000
046840,晶技台新93購01  ,0,0,0,0,0,0,0,0,0,12000,0,0,0,12000,0,12000,12000
049019,美律群益94購02  ,0,0,0,0,0,0,0,0,0,12000,0,0,0,12000,0,12000,12000
04345P,景碩國泰94售02  ,0,0,0,0,0,0,0,0,0,12000,0,0,0,12000,0,12000,12000
03415B,臺股指元大93熊49,0,0,0,0,0,0,0,0,0,12000,0,0,0,87000,75000,12000,12000
04104P,臺股指國票93售11,0,0,0,0,0,0,0,0,0,12000,0,0,0,25000,13000,12000,12000
04663P,臺股指國票94售02,0,0,0,0,0,0,0,0,0,12000,0,0,0,12000,0,12000,12000
046450,鴻海凱基93購12  ,0,0,0,0,0,0,0,0,0,12000,0,0,0,62000,50000,12000,12000
045106,玉晶光群益95購01,0,0,0,0,0,0,0,0,0,12000,0,0,0,52000,40000,12000,12000
052725,為升元富96購01  ,0,0,0,0,0,0,0,0,0,12000,0,0,0,72000,60000,12000,12000
052634,華邦電凱基96購01,0,0,0,0,0,0,0,0,0,12000,0,0,0,12000,0,12000,12000
052326,滬深反中信99購01,0,0,0,0,0,0,0,0,0,12000,0,0,0,156000,144000,12000,12000
050236,旺宏凱基94購06  ,0,0,0,0,0,0,0,0,0,12000,0,0,0,12000,0,12000,12000
050074,訊芯凱基94購05  ,0,0,0,0,0,0,0,0,0,12000,0,0,0,12000,0,12000,12000
051006,中磊中信95購01  ,0,0,0,0,0,0,0,0,0,12000,0,0,0,12000,0,12000,12000
049712,為升凱基94購03  ,0,0,0,0,0,0,0,0,0,12000,0,0,0,12000,0,12000,12000
04974P,聯發科凱基96售02,0,0,0,0,0,0,0,0,0,12000,0,0,0,67000,55000,12000,12000
051865,聯發科凱基96購04,0,0,0,0,0,0,0,0,0,12000,0,0,0,12000,0,12000,12000
053718,全新凱基97購02  ,0,0,0,0,0,0,0,0,0,12000,0,0,0,38000,26000,12000,12000
053256,上銀富邦98購01  ,0,0,0,0,0,0,0,0,0,12000,0,0,0,16000,4000,12000,12000
053423,亞光永豐96購01  ,0,0,0,0,0,0,0,0,0,12000,0,0,0,106000,94000,12000,12000
053338,台光電國票97購01,0,0,0,0,0,0,0,0,0,12000,0,0,0,12000,0,12000,12000
054628,可成凱基98購01  ,0,0,0,0,0,0,0,0,0,12000,0,0,0,31000,19000,12000,12000
05481P,鴻海凱基95售21  ,0,0,0,0,0,0,0,0,0,12000,0,0,0,243000,231000,12000,12000
05467P,聯電元大95售02  ,0,0,0,0,0,0,0,0,0,12000,0,0,0,22000,10000,12000,12000
054761,台光電國票98購02,0,0,0,0,0,0,0,0,0,12000,0,0,0,25000,13000,12000,12000
1526,日馳            ,14000,2000,12000,0,0,0,0,0,0,0,0,0,0,0,0,0,12000
2231,為升            ,61000,42000,19000,0,0,0,0,10000,-10000,3000,10000,0,10000,9000,16000,-7000,12000
06457P,玉晶光統一98售02,0,0,0,0,0,0,0,0,0,12000,0,0,0,12000,0,12000,12000
06108P,奇力新群益97售05,0,0,0,0,0,0,0,0,0,12000,0,0,0,85000,73000,12000,12000
06417P,台積電兆豐97售03,0,0,0,0,0,0,0,0,0,12000,0,0,0,137000,125000,12000,12000
057874,可成元大99購02  ,0,0,0,0,0,0,0,0,0,12000,0,0,0,118000,106000,12000,12000
05990P,台積電群益96售13,0,0,0,0,0,0,0,0,0,12000,0,0,0,70000,58000,12000,12000
4426,利勤            ,36000,24000,12000,0,0,0,0,0,0,0,0,0,0,0,0,0,12000
056244,群創群益98購09  ,0,0,0,0,0,0,0,0,0,11000,0,0,0,11000,0,11000,11000
056184,南亞科統一97購03,0,0,0,0,0,0,0,0,0,11000,0,0,0,11000,0,11000,11000
05553P,智原群益96售01  ,0,0,0,0,0,0,0,0,0,11000,0,0,0,11000,0,11000,11000
055605,緯穎元大97購02  ,0,0,0,0,0,0,0,0,0,11000,0,0,0,107000,96000,11000,11000
056792,訊芯群益98購01  ,0,0,0,0,0,0,0,0,0,11000,0,0,0,11000,0,11000,11000
057219,群創群益98購10  ,0,0,0,0,0,0,0,0,0,11000,0,0,0,95000,84000,11000,11000
057221,華通國票98購03  ,0,0,0,0,0,0,0,0,0,11000,0,0,0,21000,10000,11000,11000
057271,國巨元大98購17  ,0,0,0,0,0,0,0,0,0,11000,0,0,0,340000,329000,11000,11000
04552P,南電元大94售06  ,0,0,0,0,0,0,0,0,0,11000,0,0,0,11000,0,11000,11000
044049,元金2X元大94購03,0,0,0,0,0,0,0,0,0,11000,0,0,0,11000,0,11000,11000
04454P,大立光富邦98售02,0,0,0,0,0,0,0,0,0,11000,0,0,0,11000,0,11000,11000
048785,台積電元大96購01,0,0,0,0,0,0,0,0,0,11000,0,0,0,11000,0,11000,11000
048788,華新科元大95購02,0,0,0,0,0,0,0,0,0,11000,0,0,0,13000,2000,11000,11000
03020X,元展20          ,0,0,0,0,0,0,0,0,0,11000,0,0,0,11000,0,11000,11000
03414B,臺股指凱基99熊01,0,0,0,0,0,0,0,0,0,11000,0,0,0,292000,281000,11000,11000
04283P,麗豐永豐93售03  ,0,0,0,0,0,0,0,0,0,11000,0,0,0,11000,0,11000,11000
041916,大立光中信93購01,0,0,0,0,0,0,0,0,0,11000,0,0,0,11000,0,11000,11000
04327P,台積電國泰95售01,0,0,0,0,0,0,0,0,0,11000,0,0,0,11000,0,11000,11000
048426,超眾元富93購01  ,0,0,0,0,0,0,0,0,0,11000,0,0,0,71000,60000,11000,11000
04691P,智邦群益94售02  ,0,0,0,0,0,0,0,0,0,11000,0,0,0,11000,0,11000,11000
047068,南電凱基93購04  ,0,0,0,0,0,0,0,0,0,11000,0,0,0,12000,1000,11000,11000
047316,大立光元大94購01,0,0,0,0,0,0,0,0,0,11000,0,0,0,22000,11000,11000,11000
050666,道瓊銀永豐94購01,0,0,0,0,0,0,0,0,0,11000,0,0,0,11000,0,11000,11000
04922P,日月光凱基94售02,0,0,0,0,0,0,0,0,0,11000,0,0,0,11000,0,11000,11000
050587,緯穎國票94購02  ,0,0,0,0,0,0,0,0,0,11000,0,0,0,17000,6000,11000,11000
050056,國巨凱基94購04  ,0,0,0,0,0,0,0,0,0,11000,0,0,0,11000,0,11000,11000
05208P,TPK中信95售01   ,0,0,0,0,0,0,0,0,0,11000,0,0,0,11000,0,11000,11000
049744,亞德客永豐94購01,0,0,0,0,0,0,0,0,0,11000,0,0,0,61000,50000,11000,11000
052759,京元電群益96購01,0,0,0,0,0,0,0,0,0,11000,0,0,0,11000,0,11000,11000
05453P,智邦群益95售03  ,0,0,0,0,0,0,0,0,0,11000,0,0,0,11000,0,11000,11000
054559,台光電群益99購01,0,0,0,0,0,0,0,0,0,11000,0,0,0,67000,56000,11000,11000
054354,技嘉富邦97購01  ,0,0,0,0,0,0,0,0,0,11000,0,0,0,12000,1000,11000,11000
055388,華通統一97購03  ,0,0,0,0,0,0,0,0,0,11000,0,0,0,21000,10000,11000,11000
055369,友訊元大97購01  ,0,0,0,0,0,0,0,0,0,11000,0,0,0,101000,90000,11000,11000
053309,泰鼎凱基96購03  ,0,0,0,0,0,0,0,0,0,11000,0,0,0,60000,49000,11000,11000
053052,旺宏國票97購02  ,0,0,0,0,0,0,0,0,0,11000,0,0,0,21000,10000,11000,11000
053525,台積電中信96購04,0,0,0,0,0,0,0,0,0,11000,0,0,0,23000,12000,11000,11000
054049,亞光元大96購03  ,0,0,0,0,0,0,0,0,0,11000,0,0,0,47000,36000,11000,11000
05390P,康友群益95售04  ,0,0,0,0,0,0,0,0,0,11000,0,0,0,11000,0,11000,11000
3679,新至陞          ,14000,6000,8000,0,0,0,0,0,0,3000,3000,0,3000,0,0,0,11000
3004,豐達科          ,30000,19000,11000,0,0,0,0,0,0,0,0,0,0,0,0,0,11000
9941A,裕融甲特        ,0,0,0,0,0,0,0,0,0,11000,11000,0,11000,0,0,0,11000
8499,鼎炫-KY         ,16000,5000,11000,0,0,0,0,0,0,0,0,0,0,0,0,0,11000
9906,欣巴巴          ,10000,0,10000,0,0,0,0,0,0,1000,1000,0,1000,0,0,0,11000
05865P,大立光元大96售09,0,0,0,0,0,0,0,0,0,11000,0,0,0,61000,50000,11000,11000
05845P,大立光元大96售06,0,0,0,0,0,0,0,0,0,11000,0,0,0,111000,100000,11000,11000
06348P,鈺齊元富97售02  ,0,0,0,0,0,0,0,0,0,11000,0,0,0,82000,71000,11000,11000
06644P,亞德客元大98售03,0,0,0,0,0,0,0,0,0,11000,0,0,0,161000,150000,11000,11000
06730P,祥碩元大98售07  ,0,0,0,0,0,0,0,0,0,11000,0,0,0,11000,0,11000,11000
1533,車王電          ,12000,2000,10000,0,0,0,0,0,0,1000,1000,0,1000,0,0,0,11000
057338,群創國票99購01  ,0,0,0,0,0,0,0,0,0,10000,0,0,0,10000,0,10000,10000
057343,道瓊反統一9A購01,0,0,0,0,0,0,0,0,0,10000,0,0,0,10000,0,10000,10000
057351,奇力新統一98購02,0,0,0,0,0,0,0,0,0,10000,0,0,0,10000,0,10000,10000
057454,上銀國泰99購02  ,0,0,0,0,0,0,0,0,0,10000,0,0,0,10000,0,10000,10000
057427,華通兆豐99購01  ,0,0,0,0,0,0,0,0,0,10000,0,0,0,10000,0,10000,10000
05742P,可成元大96售04  ,0,0,0,0,0,0,0,0,0,10000,0,0,0,630000,620000,10000,10000
057840,健策富邦99購01  ,0,0,0,0,0,0,0,0,0,10000,0,0,0,10000,0,10000,10000
057752,臺股指國票98購08,0,0,0,0,0,0,0,0,0,10000,0,0,0,10000,0,10000,10000
057719,欣興元富02購01  ,0,0,0,0,0,0,0,0,0,10000,0,0,0,10000,0,10000,10000
057624,新日興國泰99購01,0,0,0,0,0,0,0,0,0,10000,0,0,0,10000,0,10000,10000
057267,康控兆豐99購01  ,0,0,0,0,0,0,0,0,0,10000,0,0,0,10000,0,10000,10000
05713P,大立光統一96售05,0,0,0,0,0,0,0,0,0,10000,0,0,0,20000,10000,10000,10000
057150,貿聯國票99購02  ,0,0,0,0,0,0,0,0,0,10000,0,0,0,10000,0,10000,10000
057006,國巨中信98購03  ,0,0,0,0,0,0,0,0,0,10000,0,0,0,85000,75000,10000,10000
057102,亞光中信9A購01  ,0,0,0,0,0,0,0,0,0,10000,0,0,0,10000,0,10000,10000
056755,聯茂兆豐98購01  ,0,0,0,0,0,0,0,0,0,10000,0,0,0,10000,0,10000,10000
056735,國巨凱基99購02  ,0,0,0,0,0,0,0,0,0,10000,0,0,0,20000,10000,10000,10000
056736,國巨凱基99購03  ,0,0,0,0,0,0,0,0,0,10000,0,0,0,10000,0,10000,10000
056732,國巨凱基98購07  ,0,0,0,0,0,0,0,0,0,10000,0,0,0,10000,0,10000,10000
056940,嘉聯益元富98購01,0,0,0,0,0,0,0,0,0,10000,0,0,0,74000,64000,10000,10000
056979,微星群益98購01  ,0,0,0,0,0,0,0,0,0,10000,0,0,0,21000,11000,10000,10000
056924,亞光兆豐98購01  ,0,0,0,0,0,0,0,0,0,10000,0,0,0,10000,0,10000,10000
056880,緯穎國票98購02  ,0,0,0,0,0,0,0,0,0,10000,0,0,0,10000,0,10000,10000
055628,旺宏永豐97購01  ,0,0,0,0,0,0,0,0,0,10000,0,0,0,88000,78000,10000,10000
055652,聯詠元富01購01  ,0,0,0,0,0,0,0,0,0,10000,0,0,0,10000,0,10000,10000
055643,宏碁元富97購01  ,0,0,0,0,0,0,0,0,0,10000,0,0,0,10000,0,10000,10000
05558P,鴻海麥證96售01  ,0,0,0,10000,1000,9000,0,0,0,10000,0,0,0,11000,1000,10000,10000
055563,智易凱基97購02  ,0,0,0,0,0,0,0,0,0,10000,0,0,0,12000,2000,10000,10000
055514,亞光麥證97購01  ,0,0,0,10000,0,10000,0,0,0,10000,0,0,0,10000,0,10000,10000
05601P,鴻海元大97售04  ,0,0,0,0,0,0,0,0,0,10000,0,0,0,298000,288000,10000,10000
056001,美食永豐97購01  ,0,0,0,0,0,0,0,0,0,10000,0,0,0,20000,10000,10000,10000
05602P,國巨元大96售06  ,0,0,0,0,0,0,0,0,0,10000,0,0,0,10000,0,10000,10000
055949,亞德客元大97購04,0,0,0,0,0,0,0,0,0,10000,0,0,0,75000,65000,10000,10000
055911,可成凱基98購02  ,0,0,0,0,0,0,0,0,0,10000,0,0,0,33000,23000,10000,10000
055963,欣興元大97購04  ,0,0,0,0,0,0,0,0,0,10000,0,0,0,29000,19000,10000,10000
055774,台光電凱基97購02,0,0,0,0,0,0,0,0,0,10000,0,0,0,20000,10000,10000,10000
05587P,鴻海凱基96售12  ,0,0,0,0,0,0,0,0,0,10000,0,0,0,60000,50000,10000,10000
055858,聯茂元大97購03  ,0,0,0,0,0,0,0,0,0,10000,0,0,0,447000,437000,10000,10000
056223,華邦電凱基97購04,0,0,0,0,0,0,0,0,0,10000,0,0,0,14000,4000,10000,10000
056232,瑞儀凱基98購01  ,0,0,0,0,0,0,0,0,0,10000,0,0,0,10000,0,10000,10000
05626P,景碩國票97售03  ,0,0,0,0,0,0,0,0,0,10000,0,0,0,20000,10000,10000,10000
05629P,聯發科永昌99售02,0,0,0,0,0,0,0,0,0,10000,0,0,0,74000,64000,10000,10000
056453,禾伸堂凱基99購02,0,0,0,0,0,0,0,0,0,10000,0,0,0,20000,10000,10000,10000
056451,可成凱基99購01  ,0,0,0,0,0,0,0,0,0,10000,0,0,0,35000,25000,10000,10000
056506,晶豪科永豐98購02,0,0,0,0,0,0,0,0,0,10000,0,0,0,30000,20000,10000,10000
056388,勤誠國泰99購01  ,0,0,0,0,0,0,0,0,0,10000,0,0,0,28000,18000,10000,10000
056407,嘉晶國票99購01  ,0,0,0,0,0,0,0,0,0,10000,0,0,0,14000,4000,10000,10000
050692,鴻海凱基96購04  ,0,0,0,0,0,0,0,0,0,10000,0,0,0,35000,25000,10000,10000
050707,寶成凱基94購02  ,0,0,0,0,0,0,0,0,0,10000,0,0,0,10000,0,10000,10000
050752,美律統一94購05  ,0,0,0,0,0,0,0,0,0,10000,0,0,0,30000,20000,10000,10000
050728,新日興國票94購01,0,0,0,0,0,0,0,0,0,10000,0,0,0,10000,0,10000,10000
05081P,京鼎永豐95售01  ,0,0,0,0,0,0,0,0,0,10000,0,0,0,10000,0,10000,10000
050822,亞光凱基95購01  ,0,0,0,0,0,0,0,0,0,10000,0,0,0,10000,0,10000,10000
050804,和大日盛95購01  ,0,0,0,0,0,0,0,0,0,10000,0,0,0,10000,0,10000,10000
050960,台光電永豐95購01,0,0,0,0,0,0,0,0,0,10000,0,0,0,10000,0,10000,10000
050968,超眾永豐95購01  ,0,0,0,0,0,0,0,0,0,10000,0,0,0,10000,0,10000,10000
050957,T50反1台新05購01,0,0,0,0,0,0,0,0,0,10000,0,0,0,60000,50000,10000,10000
048137,力成國票93購01  ,0,0,0,0,0,0,0,0,0,10000,0,0,0,10000,0,10000,10000
047617,瑞昱凱基93購07  ,0,0,0,0,0,0,0,0,0,10000,0,0,0,10000,0,10000,10000
050653,聯鈞凱基96購01  ,0,0,0,0,0,0,0,0,0,10000,0,0,0,43000,33000,10000,10000
050637,欣興國票94購02  ,0,0,0,0,0,0,0,0,0,10000,0,0,0,10000,0,10000,10000
051069,智邦國票96購01  ,0,0,0,0,0,0,0,0,0,10000,0,0,0,10000,0,10000,10000
047309,鴻海元大93購13  ,0,0,0,0,0,0,0,0,0,10000,0,0,0,149000,139000,10000,10000
04733P,康控兆豐95售01  ,0,0,0,0,0,0,0,0,0,10000,0,0,0,10000,0,10000,10000
047236,智伸科凱基93購05,0,0,0,0,0,0,0,0,0,10000,0,0,0,10000,0,10000,10000
047291,台積電元富93購05,0,0,0,0,0,0,0,0,0,10000,0,0,0,10000,0,10000,10000
047294,大立光元富93購04,0,0,0,0,0,0,0,0,0,10000,0,0,0,10000,0,10000,10000
047138,智伸科凱基93購04,0,0,0,0,0,0,0,0,0,10000,0,0,0,10000,0,10000,10000
047142,中磊兆豐93購02  ,0,0,0,0,0,0,0,0,0,10000,0,0,0,10000,0,10000,10000
048076,亞光第一94購01  ,0,0,0,0,0,0,0,0,0,10000,0,0,0,10000,0,10000,10000
048088,台積電凱基93購23,0,0,0,0,0,0,0,0,0,10000,0,0,0,20000,10000,10000,10000
046731,嘉聯益元大93購03,0,0,0,0,0,0,0,0,0,10000,0,0,0,10000,0,10000,10000
049009,南亞科麥證94購01,0,0,0,10000,0,10000,0,0,0,10000,0,0,0,10000,0,10000,10000
046915,禾伸堂台新93購01,0,0,0,0,0,0,0,0,0,10000,0,0,0,20000,10000,10000,10000
047013,超眾元富96購01  ,0,0,0,0,0,0,0,0,0,10000,0,0,0,10000,0,10000,10000
047007,大立光統一93購05,0,0,0,0,0,0,0,0,0,10000,0,0,0,10000,0,10000,10000
046965,復盛中信93購01  ,0,0,0,0,0,0,0,0,0,10000,0,0,0,20000,10000,10000,10000
04860P,鴻海群益94售07  ,0,0,0,0,0,0,0,0,0,10000,0,0,0,10000,0,10000,10000
048611,宏達電凱基93購04,0,0,0,0,0,0,0,0,0,10000,0,0,0,10000,0,10000,10000
048593,華新科群益93購04,0,0,0,0,0,0,0,0,0,10000,0,0,0,30000,20000,10000,10000
048144,華固統一93購01  ,0,0,0,0,0,0,0,0,0,10000,0,0,0,10000,0,10000,10000
048162,矽力麥證93購01  ,0,0,0,10000,10000,0,0,0,0,10000,0,0,0,20000,10000,10000,10000
04820P,聯茂永豐94售02  ,0,0,0,0,0,0,0,0,0,10000,0,0,0,10000,0,10000,10000
048213,群創麥證93購02  ,0,0,0,10000,0,10000,0,0,0,10000,0,0,0,10000,0,10000,10000
048218,上銀凱基93購07  ,0,0,0,0,0,0,0,0,0,10000,0,0,0,10000,0,10000,10000
048246,京元電兆豐93購02,0,0,0,0,0,0,0,0,0,10000,0,0,0,10000,0,10000,10000
048242,統一兆豐93購01  ,0,0,0,0,0,0,0,0,0,10000,0,0,0,10000,0,10000,10000
048865,世紀鋼群益94購01,0,0,0,0,0,0,0,0,0,10000,0,0,0,10000,0,10000,10000
048378,貿聯元富93購01  ,0,0,0,0,0,0,0,0,0,10000,0,0,0,110000,100000,10000,10000
048386,華新國票94購01  ,0,0,0,0,0,0,0,0,0,10000,0,0,0,10000,0,10000,10000
048357,漢唐永豐93購04  ,0,0,0,0,0,0,0,0,0,10000,0,0,0,10000,0,10000,10000
048525,華通國票94購02  ,0,0,0,0,0,0,0,0,0,10000,0,0,0,10000,0,10000,10000
048570,鈺齊元大93購01  ,0,0,0,0,0,0,0,0,0,10000,0,0,0,10000,0,10000,10000
047952,華通永豐93購03  ,0,0,0,0,0,0,0,0,0,10000,0,0,0,10000,0,10000,10000
047991,元油反元大96購05,0,0,0,0,0,0,0,0,0,10000,0,0,0,10000,0,10000,10000
047986,明泰群益93購01  ,0,0,0,0,0,0,0,0,0,10000,0,0,0,10000,0,10000,10000
047915,鴻海凱基93購27  ,0,0,0,0,0,0,0,0,0,10000,0,0,0,30000,20000,10000,10000
047892,康控兆豐94購01  ,0,0,0,0,0,0,0,0,0,10000,0,0,0,10000,0,10000,10000
049113,大立光統一94購06,0,0,0,0,0,0,0,0,0,10000,0,0,0,40000,30000,10000,10000
047837,嘉晶元大93購01  ,0,0,0,0,0,0,0,0,0,10000,0,0,0,10000,0,10000,10000
049043,新唐兆豐94購01  ,0,0,0,0,0,0,0,0,0,10000,0,0,0,10000,0,10000,10000
049059,超眾永豐94購01  ,0,0,0,0,0,0,0,0,0,10000,0,0,0,10000,0,10000,10000
047860,臺股指國票93購15,0,0,0,0,0,0,0,0,0,10000,0,0,0,10000,0,10000,10000
047861,臺股指國票93購16,0,0,0,0,0,0,0,0,0,10000,0,0,0,10000,0,10000,10000
049168,卜蜂凱基94購01  ,0,0,0,0,0,0,0,0,0,10000,0,0,0,10000,0,10000,10000
04889P,華通元大94售03  ,0,0,0,0,0,0,0,0,0,10000,0,0,0,10000,0,10000,10000
049130,臺指反元大98購01,0,0,0,0,0,0,0,0,0,10000,0,0,0,10000,0,10000,10000
043144,台肥統一93購01  ,0,0,0,0,0,0,0,0,0,10000,0,0,0,30000,20000,10000,10000
04638P,臺股指群益94售13,0,0,0,0,0,0,0,0,0,10000,0,0,0,10000,0,10000,10000
04628P,欣興元大95售01  ,0,0,0,0,0,0,0,0,0,10000,0,0,0,10000,0,10000,10000
03996P,旺宏國泰95售01  ,0,0,0,0,0,0,0,0,0,10000,0,0,0,10000,0,10000,10000
045883,元油2X元大95購07,0,0,0,0,0,0,0,0,0,10000,0,0,0,10000,0,10000,10000
045866,南茂統一94購01  ,0,0,0,0,0,0,0,0,0,10000,0,0,0,10000,0,10000,10000
03824P,燿華元大94售01  ,0,0,0,0,0,0,0,0,0,10000,0,0,0,10000,0,10000,10000
03689P,TPK元富93售01   ,0,0,0,0,0,0,0,0,0,10000,0,0,0,10000,0,10000,10000
04162P,南亞科統一94售02,0,0,0,0,0,0,0,0,0,10000,0,0,0,10000,0,10000,10000
04138P,智邦國票93售02  ,0,0,0,0,0,0,0,0,0,10000,0,0,0,10000,0,10000,10000
042902,光寶科元大94購01,0,0,0,0,0,0,0,0,0,10000,0,0,0,10000,0,10000,10000
03126P,旭富凱基01售04  ,0,0,0,0,0,0,0,0,0,10000,0,0,0,14000,4000,10000,10000
03171P,台積電中信05售07,0,0,0,0,0,0,0,0,0,10000,0,0,0,10000,0,10000,10000
048726,儒鴻麥證95購01  ,0,0,0,15000,5000,10000,0,0,0,10000,0,0,0,15000,5000,10000,10000
048719,亞光永豐94購01  ,0,0,0,0,0,0,0,0,0,10000,0,0,0,25000,15000,10000,10000
048274,矽力台新93購01  ,0,0,0,0,0,0,0,0,0,10000,0,0,0,10000,0,10000,10000
048293,聯詠群益93購04  ,0,0,0,0,0,0,0,0,0,10000,0,0,0,10000,0,10000,10000
048295,泰鼎群益93購01  ,0,0,0,0,0,0,0,0,0,10000,0,0,0,40000,30000,10000,10000
048787,義隆元大94購02  ,0,0,0,0,0,0,0,0,0,10000,0,0,0,10000,0,10000,10000
044567,華通凱基93購03  ,0,0,0,0,0,0,0,0,0,10000,0,0,0,10000,0,10000,10000
046692,鴻海凱基93購15  ,0,0,0,0,0,0,0,0,0,10000,0,0,0,33000,23000,10000,10000
047650,矽力元大93購01  ,0,0,0,0,0,0,0,0,0,10000,0,0,0,10000,0,10000,10000
047711,華新科凱基94購03,0,0,0,0,0,0,0,0,0,10000,0,0,0,10000,0,10000,10000
047704,智邦凱基93購06  ,0,0,0,0,0,0,0,0,0,10000,0,0,0,10000,0,10000,10000
044468,台積電群益93購01,0,0,0,0,0,0,0,0,0,10000,0,0,0,10000,0,10000,10000
044302,智邦兆豐93購02  ,0,0,0,0,0,0,0,0,0,10000,0,0,0,10000,0,10000,10000
043912,華新科凱基93購01,0,0,0,0,0,0,0,0,0,10000,0,0,0,10000,0,10000,10000
04391P,玉晶光凱基95售03,0,0,0,0,0,0,0,0,0,10000,0,0,0,80000,70000,10000,10000
046644,台達電國泰93購01,0,0,0,0,0,0,0,0,0,10000,0,0,0,10000,0,10000,10000
046656,華邦電元大93購02,0,0,0,0,0,0,0,0,0,10000,0,0,0,10000,0,10000,10000
046629,群創統一98購01  ,0,0,0,0,0,0,0,0,0,10000,0,0,0,10000,0,10000,10000
046620,智伸科凱基93購01,0,0,0,0,0,0,0,0,0,10000,0,0,0,10000,0,10000,10000
046493,緯創富邦93購01  ,0,0,0,0,0,0,0,0,0,10000,0,0,0,10000,0,10000,10000
04461P,燿華元富94售01  ,0,0,0,0,0,0,0,0,0,10000,0,0,0,30000,20000,10000,10000
04555P,元油2X群益95售01,0,0,0,0,0,0,0,0,0,10000,0,0,0,10000,0,10000,10000
045504,群創凱基94購01  ,0,0,0,0,0,0,0,0,0,10000,0,0,0,10000,0,10000,10000
045634,友達凱基93購02  ,0,0,0,0,0,0,0,0,0,10000,0,0,0,10000,0,10000,10000
045379,智邦元大93購01  ,0,0,0,0,0,0,0,0,0,10000,0,0,0,10000,0,10000,10000
04537P,新光金統一94售01,0,0,0,0,0,0,0,0,0,10000,0,0,0,16000,6000,10000,10000
045086,玉晶光元大94購02,0,0,0,0,0,0,0,0,0,10000,0,0,0,92000,82000,10000,10000
045142,聯茂兆豐93購02  ,0,0,0,0,0,0,0,0,0,10000,0,0,0,10000,0,10000,10000
044901,聯發科凱基93購01,0,0,0,0,0,0,0,0,0,10000,0,0,0,10000,0,10000,10000
04479P,同欣電中信96售02,0,0,0,0,0,0,0,0,0,10000,0,0,0,10000,0,10000,10000
052760,盟立群益96購01  ,0,0,0,0,0,0,0,0,0,10000,0,0,0,40000,30000,10000,10000
052777,燿華國票98購01  ,0,0,0,0,0,0,0,0,0,10000,0,0,0,13000,3000,10000,10000
052733,台郡國泰97購01  ,0,0,0,0,0,0,0,0,0,10000,0,0,0,10000,0,10000,10000
052543,聯詠元富95購01  ,0,0,0,0,0,0,0,0,0,10000,0,0,0,10000,0,10000,10000
052570,華新科凱基96購06,0,0,0,0,0,0,0,0,0,10000,0,0,0,10000,0,10000,10000
052604,建準元大97購01  ,0,0,0,0,0,0,0,0,0,10000,0,0,0,23000,13000,10000,10000
05257P,欣興凱基95售04  ,0,0,0,0,0,0,0,0,0,10000,0,0,0,10000,0,10000,10000
052421,元油反國票9B購01,0,0,0,0,0,0,0,0,0,10000,0,0,0,10000,0,10000,10000
052446,聯發科元大96購03,0,0,0,0,0,0,0,0,0,10000,0,0,0,10000,0,10000,10000
052500,元翎永豐95購01  ,0,0,0,0,0,0,0,0,0,10000,0,0,0,10000,0,10000,10000
052304,可成永豐95購03  ,0,0,0,0,0,0,0,0,0,10000,0,0,0,10000,0,10000,10000
052308,大立光國泰97購02,0,0,0,0,0,0,0,0,0,10000,0,0,0,22000,12000,10000,10000
049792,元油2X元大94購08,0,0,0,0,0,0,0,0,0,10000,0,0,0,10000,0,10000,10000
050112,高鐵元大94購02  ,0,0,0,0,0,0,0,0,0,10000,0,0,0,10000,0,10000,10000
050090,鈺齊康和94購01  ,0,0,0,0,0,0,0,0,0,10000,0,0,0,10000,0,10000,10000
050144,宏達電台新95購01,0,0,0,0,0,0,0,0,0,10000,0,0,0,20000,10000,10000,10000
050154,可成群益94購05  ,0,0,0,0,0,0,0,0,0,10000,0,0,0,10000,0,10000,10000
050118,臻鼎元大94購01  ,0,0,0,0,0,0,0,0,0,10000,0,0,0,10000,0,10000,10000
050286,為升凱基94購05  ,0,0,0,0,0,0,0,0,0,10000,0,0,0,10000,0,10000,10000
051135,建準永豐95購01  ,0,0,0,0,0,0,0,0,0,10000,0,0,0,10000,0,10000,10000
052060,旺宏國票96購02  ,0,0,0,0,0,0,0,0,0,10000,0,0,0,43000,33000,10000,10000
052061,樺漢國票96購01  ,0,0,0,0,0,0,0,0,0,10000,0,0,0,25000,15000,10000,10000
052073,矽力統一95購03  ,0,0,0,0,0,0,0,0,0,10000,0,0,0,10000,0,10000,10000
051951,聯發科元富95購02,0,0,0,0,0,0,0,0,0,10000,0,0,0,140000,130000,10000,10000
050044,聯詠兆豐94購02  ,0,0,0,0,0,0,0,0,0,10000,0,0,0,20000,10000,10000,10000
050014,國巨富邦98購01  ,0,0,0,0,0,0,0,0,0,10000,0,0,0,10000,0,10000,10000
04995P,台達電凱基96售03,0,0,0,0,0,0,0,0,0,10000,0,0,0,22000,12000,10000,10000
049952,強茂群益94購01  ,0,0,0,0,0,0,0,0,0,10000,0,0,0,10000,0,10000,10000
05042P,GIS凱基95售03   ,0,0,0,0,0,0,0,0,0,10000,0,0,0,131000,121000,10000,10000
050413,麗豐永豐94購01  ,0,0,0,0,0,0,0,0,0,10000,0,0,0,10000,0,10000,10000
049525,華新科兆豐94購01,0,0,0,0,0,0,0,0,0,10000,0,0,0,10000,0,10000,10000
051011,國巨凱基95購03  ,0,0,0,0,0,0,0,0,0,10000,0,0,0,10000,0,10000,10000
050903,臺股指元大95購10,0,0,0,0,0,0,0,0,0,10000,0,0,0,10000,0,10000,10000
050386,智伸科國票94購01,0,0,0,0,0,0,0,0,0,10000,0,0,0,10000,0,10000,10000
050404,元大金麥證94購01,0,0,0,20000,10000,10000,0,0,0,10000,0,0,0,20000,10000,10000,10000
049480,同欣電永豐94購01,0,0,0,0,0,0,0,0,0,10000,0,0,0,15000,5000,10000,10000
049453,新日興統一94購01,0,0,0,0,0,0,0,0,0,10000,0,0,0,10000,0,10000,10000
051286,國巨統一97購01  ,0,0,0,0,0,0,0,0,0,10000,0,0,0,10000,0,10000,10000
050457,力成元大94購01  ,0,0,0,0,0,0,0,0,0,10000,0,0,0,10000,0,10000,10000
050489,聯詠元富94購01  ,0,0,0,0,0,0,0,0,0,10000,0,0,0,10000,0,10000,10000
050482,台郡國票94購04  ,0,0,0,0,0,0,0,0,0,10000,0,0,0,10000,0,10000,10000
049204,京元電群益94購02,0,0,0,0,0,0,0,0,0,10000,0,0,0,10000,0,10000,10000
049662,燿華永豐95購02  ,0,0,0,0,0,0,0,0,0,10000,0,0,0,10000,0,10000,10000
04968P,台積電富邦94售06,0,0,0,0,0,0,0,0,0,10000,0,0,0,10000,0,10000,10000
04919P,聯詠凱基94售05  ,0,0,0,0,0,0,0,0,0,10000,0,0,0,10000,0,10000,10000
04925P,和碩元大94售03  ,0,0,0,0,0,0,0,0,0,10000,0,0,0,10000,0,10000,10000
049708,滬深2X凱基94購02,0,0,0,0,0,0,0,0,0,10000,0,0,0,109000,99000,10000,10000
049345,富邦金統一94購02,0,0,0,0,0,0,0,0,0,10000,0,0,0,10000,0,10000,10000
04934P,鴻海中信94售05  ,0,0,0,0,0,0,0,0,0,10000,0,0,0,10000,0,10000,10000
049340,鴻海統一94購03  ,0,0,0,0,0,0,0,0,0,10000,0,0,0,10000,0,10000,10000
049342,聯發科統一94購05,0,0,0,0,0,0,0,0,0,10000,0,0,0,10000,0,10000,10000
049364,燿華元大94購02  ,0,0,0,0,0,0,0,0,0,10000,0,0,0,10000,0,10000,10000
049327,台郡元富94購01  ,0,0,0,0,0,0,0,0,0,10000,0,0,0,30000,20000,10000,10000
051535,新日興國票96購01,0,0,0,0,0,0,0,0,0,10000,0,0,0,23000,13000,10000,10000
05152P,玉晶光群益96售05,0,0,0,0,0,0,0,0,0,10000,0,0,0,20000,10000,10000,10000
051519,國泰金凱基95購02,10000,0,10000,0,0,0,0,0,0,0,0,0,0,10000,10000,0,10000
051387,新光金麥證96購01,0,0,0,10000,0,10000,0,0,0,10000,0,0,0,10000,0,10000,10000
051449,玉晶光元大96購01,0,0,0,0,0,0,0,0,0,10000,0,0,0,10000,0,10000,10000
051467,GIS富邦96購01   ,0,0,0,0,0,0,0,0,0,10000,0,0,0,10000,0,10000,10000
051766,泰鼎元大95購02  ,0,0,0,0,0,0,0,0,0,10000,0,0,0,30000,20000,10000,10000
051784,國巨兆豐95購01  ,0,0,0,0,0,0,0,0,0,10000,0,0,0,10000,0,10000,10000
051806,華通凱基96購02  ,0,0,0,0,0,0,0,0,0,10000,0,0,0,10000,0,10000,10000
051624,智邦麥證95購02  ,0,0,0,15000,0,15000,0,0,0,10000,0,0,0,15000,5000,10000,10000
051742,欣興國票96購01  ,0,0,0,0,0,0,0,0,0,10000,0,0,0,10000,0,10000,10000
051743,揚明光國票96購02,0,0,0,0,0,0,0,0,0,10000,0,0,0,10000,0,10000,10000
053886,亞光兆豐96購01  ,0,0,0,0,0,0,0,0,0,10000,0,0,0,10000,0,10000,10000
05386P,臺股指永豐95售05,0,0,0,0,0,0,0,0,0,10000,0,0,0,10000,0,10000,10000
053986,矽創第一96購01  ,0,0,0,0,0,0,0,0,0,10000,0,0,0,10000,0,10000,10000
053978,創意元大96購05  ,0,0,0,0,0,0,0,0,0,10000,0,0,0,26000,16000,10000,10000
053913,華新國票97購01  ,0,0,0,0,0,0,0,0,0,10000,0,0,0,20000,10000,10000,10000
054040,中石化元大9C購01,0,0,0,0,0,0,0,0,0,10000,0,0,0,10000,0,10000,10000
054063,聯茂國票97購02  ,0,0,0,0,0,0,0,0,0,10000,0,0,0,23000,13000,10000,10000
054069,亞光國泰98購01  ,0,0,0,0,0,0,0,0,0,10000,0,0,0,345000,335000,10000,10000
054035,聯詠麥證96購01  ,0,0,0,10000,0,10000,0,0,0,10000,0,0,0,10000,0,10000,10000
054023,和大康和96購01  ,0,0,0,0,0,0,0,0,0,10000,0,0,0,10000,0,10000,10000
054027,欣興凱基96購04  ,0,0,0,0,0,0,0,0,0,10000,0,0,0,21000,11000,10000,10000
054100,致伸國票97購03  ,0,0,0,0,0,0,0,0,0,10000,0,0,0,10000,0,10000,10000
053507,百和兆豐96購01  ,0,0,0,0,0,0,0,0,0,10000,0,0,0,233000,223000,10000,10000
053500,新日興兆豐97購01,0,0,0,0,0,0,0,0,0,10000,0,0,0,10000,0,10000,10000
053505,瑞儀兆豐97購01  ,0,0,0,0,0,0,0,0,0,10000,0,0,0,10000,0,10000,10000
053549,南亞科凱基96購02,0,0,0,0,0,0,0,0,0,10000,0,0,0,67000,57000,10000,10000
053572,彩晶統一96購01  ,0,0,0,0,0,0,0,0,0,10000,0,0,0,20000,10000,10000,10000
053652,友達凱基98購04  ,0,0,0,0,0,0,0,0,0,10000,0,0,0,10000,0,10000,10000
053622,臺股指群益96購08,0,0,0,0,0,0,0,0,0,10000,0,0,0,20000,10000,10000,10000
053719,可成凱基96購08  ,0,0,0,0,0,0,0,0,0,10000,0,0,0,46000,36000,10000,10000
053749,揚明光永豐97購01,0,0,0,0,0,0,0,0,0,10000,0,0,0,10000,0,10000,10000
05374P,台積電國票96售07,0,0,0,0,0,0,0,0,0,10000,0,0,0,101000,91000,10000,10000
053124,聯發科凱基96購12,0,0,0,0,0,0,0,0,0,10000,0,0,0,30000,20000,10000,10000
052980,上銀元大96購03  ,0,0,0,0,0,0,0,0,0,10000,0,0,0,70000,60000,10000,10000
052947,晶技國票97購01  ,0,0,0,0,0,0,0,0,0,10000,0,0,0,10000,0,10000,10000
05281P,南亞科元大95售03,0,0,0,0,0,0,0,0,0,10000,0,0,0,10000,0,10000,10000
052836,旺宏國泰98購01  ,0,0,0,0,0,0,0,0,0,10000,0,0,0,36000,26000,10000,10000
052845,旺宏統一97購01  ,0,0,0,0,0,0,0,0,0,10000,0,0,0,10000,0,10000,10000
052846,智邦統一97購01  ,0,0,0,0,0,0,0,0,0,10000,0,0,0,10000,0,10000,10000
053162,緯穎元大97購01  ,0,0,0,0,0,0,0,0,0,10000,0,0,0,90000,80000,10000,10000
053332,創意永豐96購03  ,0,0,0,0,0,0,0,0,0,10000,0,0,0,10000,0,10000,10000
053359,矽力統一96購02  ,0,0,0,0,0,0,0,0,0,10000,0,0,0,10000,0,10000,10000
053484,國巨國票97購03  ,0,0,0,0,0,0,0,0,0,10000,0,0,0,10000,0,10000,10000
055159,玉晶光元大98購05,0,0,0,0,0,0,0,0,0,10000,0,0,0,229000,219000,10000,10000
05486P,大立光凱基95售14,0,0,0,0,0,0,0,0,0,10000,0,0,0,10000,0,10000,10000
054349,同欣電國票97購02,0,0,0,0,0,0,0,0,0,10000,0,0,0,10000,0,10000,10000
054372,南亞科中信96購01,0,0,0,0,0,0,0,0,0,10000,0,0,0,10000,0,10000,10000
054463,瑞昱凱基97購01  ,0,0,0,0,0,0,0,0,0,10000,0,0,0,14000,4000,10000,10000
054326,宏達電台新97購02,0,0,0,0,0,0,0,0,0,10000,0,0,0,10000,0,10000,10000
054309,禾伸堂凱基98購01,0,0,0,0,0,0,0,0,0,10000,0,0,0,25000,15000,10000,10000
05428P,滬深2X統一95售01,0,0,0,0,0,0,0,0,0,10000,0,0,0,32000,22000,10000,10000
054213,欣興國票97購04  ,0,0,0,0,0,0,0,0,0,10000,0,0,0,20000,10000,10000,10000
054194,國巨麥證96購02  ,0,0,0,10000,1000,9000,0,0,0,10000,0,0,0,11000,1000,10000,10000
054174,宏達電台新97購01,0,0,0,0,0,0,0,0,0,10000,0,0,0,10000,0,10000,10000
054550,旺宏凱基98購02  ,0,0,0,0,0,0,0,0,0,10000,0,0,0,10000,0,10000,10000
054532,強茂國泰98購01  ,0,0,0,0,0,0,0,0,0,10000,0,0,0,71000,61000,10000,10000
054515,華通元大98購02  ,0,0,0,0,0,0,0,0,0,10000,0,0,0,29000,19000,10000,10000
05462P,美律亞東97售01  ,0,0,0,0,0,0,0,0,0,10000,0,0,0,10000,0,10000,10000
054659,亞光元大97購02  ,0,0,0,0,0,0,0,0,0,10000,0,0,0,10000,0,10000,10000
054650,南亞麥證97購01  ,0,0,0,20000,10000,10000,0,0,0,10000,0,0,0,20000,10000,10000,10000
054707,聯茂亞東97購01  ,0,0,0,0,0,0,0,0,0,10000,0,0,0,10000,0,10000,10000
054796,康普群益98購01  ,0,0,0,0,0,0,0,0,0,10000,0,0,0,10000,0,10000,10000
08625P,台灣50凱基96售05,0,0,0,0,0,0,0,0,0,10000,0,0,0,10000,0,10000,10000
1786,科妍            ,18000,5000,13000,0,0,0,0,0,0,-3000,3000,6000,-3000,0,0,0,10000
06707P,臺股指台新99售04,0,0,0,0,0,0,0,0,0,10000,0,0,0,10000,0,10000,10000
06704P,玉晶光元富98售05,0,0,0,0,0,0,0,0,0,10000,0,0,0,10000,0,10000,10000
06858P,道瓊指中信9B售01,0,0,0,0,0,0,0,0,0,10000,0,0,0,10000,0,10000,10000
06831P,臺股指國票98售07,0,0,0,0,0,0,0,0,0,10000,0,0,0,10000,0,10000,10000
06631P,玉晶光群益9A售03,0,0,0,0,0,0,0,0,0,10000,0,0,0,10000,0,10000,10000
06605P,玉晶光元富98售03,0,0,0,0,0,0,0,0,0,10000,0,0,0,10000,0,10000,10000
06559P,玉晶光元富98售02,0,0,0,0,0,0,0,0,0,10000,0,0,0,10000,0,10000,10000
06460P,亞德客元富98售02,0,0,0,0,0,0,0,0,0,10000,0,0,0,10000,0,10000,10000
06535P,可成群益99售02  ,0,0,0,0,0,0,0,0,0,10000,0,0,0,80000,70000,10000,10000
06527P,T50正2富邦9C售01,0,0,0,0,0,0,0,0,0,10000,0,0,0,20000,10000,10000,10000
06407P,創意元富97售02  ,0,0,0,0,0,0,0,0,0,10000,0,0,0,20000,10000,10000,10000
06429P,大立光元大97售15,0,0,0,0,0,0,0,0,0,10000,0,0,0,10000,0,10000,10000
06102P,智邦凱基97售03  ,0,0,0,0,0,0,0,0,0,10000,0,0,0,10000,0,10000,10000
06132P,正文元富97售01  ,0,0,0,0,0,0,0,0,0,10000,0,0,0,10000,0,10000,10000
05828P,台積電統一97售02,0,0,0,0,0,0,0,0,0,10000,0,0,0,10000,0,10000,10000
05804P,美律永豐96售01  ,0,0,0,0,0,0,0,0,0,10000,0,0,0,10000,0,10000,10000
057879,電子類元大99購02,0,0,0,0,0,0,0,0,0,10000,0,0,0,10000,0,10000,10000
06030P,友達兆豐96售02  ,0,0,0,0,0,0,0,0,0,10000,0,0,0,20000,10000,10000,10000
06050P,玉晶光國票98售01,0,0,0,0,0,0,0,0,0,10000,0,0,0,10000,0,10000,10000
3167,大量            ,12000,2000,10000,0,0,0,0,0,0,0,0,0,0,0,0,0,10000
6183,關貿            ,28000,3000,25000,0,0,0,0,0,0,-15000,0,15000,-15000,0,0,0,10000
055816,新日興國票98購01,0,0,0,0,0,0,0,0,0,9000,0,0,0,9000,0,9000,9000
056028,GIS群益97購02   ,0,0,0,0,0,0,0,0,0,9000,0,0,0,50000,41000,9000,9000
055475,臻鼎凱基97購02  ,0,0,0,0,0,0,0,0,0,9000,0,0,0,166000,157000,9000,9000
055584,國巨元大97購11  ,0,0,0,0,0,0,0,0,0,9000,0,0,0,143000,134000,9000,9000
055541,聚陽凱基98購01  ,0,0,0,0,0,0,0,0,0,9000,0,0,0,20000,11000,9000,9000
055521,S&P反1群益01購01,0,0,0,0,0,0,0,0,0,9000,0,0,0,9000,0,9000,9000
056746,超眾凱基99購01  ,0,0,0,0,0,0,0,0,0,9000,0,0,0,9000,0,9000,9000
057179,可成元大98購04  ,0,0,0,0,0,0,0,0,0,9000,0,0,0,128000,119000,9000,9000
057742,喬山永豐98購02  ,0,0,0,0,0,0,0,0,0,9000,0,0,0,9000,0,9000,9000
057776,京元電群益98購02,0,0,0,0,0,0,0,0,0,9000,0,0,0,20000,11000,9000,9000
044805,旭富凱基93購01  ,0,0,0,0,0,0,0,0,0,9000,0,0,0,10000,1000,9000,9000
044221,群創凱基93購03  ,0,0,0,0,0,0,0,0,0,9000,0,0,0,10000,1000,9000,9000
04767P,台積電國泰95售04,0,0,0,0,0,0,0,0,0,9000,0,0,0,9000,0,9000,9000
03021P,玉晶光群益02售25,0,0,0,0,0,0,0,0,0,9000,0,0,0,10000,1000,9000,9000
043642,元金2X國票97購01,0,0,0,0,0,0,0,0,0,9000,0,0,0,29000,20000,9000,9000
046937,聯電元大99購01  ,0,0,0,0,0,0,0,0,0,9000,0,0,0,10000,1000,9000,9000
046949,群創元大99購01  ,0,0,0,0,0,0,0,0,0,9000,0,0,0,157000,148000,9000,9000
051551,新日興永豐95購01,0,0,0,0,0,0,0,0,0,9000,0,0,0,10000,1000,9000,9000
049710,大成鋼凱基94購03,0,0,0,0,0,0,0,0,0,9000,0,0,0,10000,1000,9000,9000
049590,華新科元大94購01,0,0,0,0,0,0,0,0,0,9000,0,0,0,126000,117000,9000,9000
050442,復盛凱基94購01  ,0,0,0,0,0,0,0,0,0,9000,0,0,0,170000,161000,9000,9000
049463,華新科富邦97購01,0,0,0,0,0,0,0,0,0,9000,0,0,0,86000,77000,9000,9000
05000P,臺股指永豐95售01,0,0,0,0,0,0,0,0,0,9000,0,0,0,24000,15000,9000,9000
04999P,南電永豐95售01  ,0,0,0,0,0,0,0,0,0,9000,0,0,0,9000,0,9000,9000
051943,台積電麥證95購03,0,0,0,30000,21000,9000,0,0,0,9000,0,0,0,30000,21000,9000,9000
05206P,南茂元大95售01  ,0,0,0,0,0,0,0,0,0,9000,0,0,0,9000,0,9000,9000
050252,聯發科國泰95購01,0,0,0,0,0,0,0,0,0,9000,0,0,0,344000,335000,9000,9000
050263,旺宏元大94購10  ,0,0,0,0,0,0,0,0,0,9000,0,0,0,9000,0,9000,9000
052238,智易國票96購01  ,0,0,0,0,0,0,0,0,0,9000,0,0,0,9000,0,9000,9000
052508,矽力日盛95購02  ,0,0,0,0,0,0,0,0,0,9000,0,0,0,100000,91000,9000,9000
05476P,聯發科群益95售06,0,0,0,0,0,0,0,0,0,9000,0,0,0,14000,5000,9000,9000
054768,泰碩國票99購02  ,0,0,0,0,0,0,0,0,0,9000,0,0,0,51000,42000,9000,9000
054739,義隆凱基98購02  ,0,0,0,0,0,0,0,0,0,9000,0,0,0,30000,21000,9000,9000
054946,億光元大97購01  ,0,0,0,0,0,0,0,0,0,9000,0,0,0,50000,41000,9000,9000
055094,智易群益98購01  ,0,0,0,0,0,0,0,0,0,9000,0,0,0,14000,5000,9000,9000
055213,大成鋼凱基98購01,0,0,0,0,0,0,0,0,0,9000,0,0,0,10000,1000,9000,9000
052859,國巨凱基96購07  ,0,0,0,0,0,0,0,0,0,9000,0,0,0,91000,82000,9000,9000
053115,滬深2X中信97購01,0,0,0,0,0,0,0,0,0,9000,0,0,0,35000,26000,9000,9000
053095,台光電統一98購01,0,0,0,0,0,0,0,0,0,9000,0,0,0,57000,48000,9000,9000
053017,世紀鋼統一96購02,0,0,0,0,0,0,0,0,0,9000,0,0,0,60000,51000,9000,9000
053788,泰鼎元大97購01  ,0,0,0,0,0,0,0,0,0,9000,0,0,0,33000,24000,9000,9000
6224,聚鼎            ,41000,32000,9000,0,0,0,0,0,0,0,0,0,0,0,0,0,9000
6139,亞翔            ,232000,221000,11000,0,0,0,0,3000,-3000,1000,0,7000,-7000,8000,0,8000,9000
6172,互億            ,10000,1000,9000,0,0,0,0,0,0,0,0,0,0,0,0,0,9000
3694,海華            ,19000,10000,9000,0,0,0,0,0,0,0,0,0,0,0,0,0,9000
2911,麗嬰房          ,20000,11000,9000,0,0,0,0,0,0,0,0,0,0,0,0,0,9000
2413,環科            ,16000,7000,9000,0,0,0,0,0,0,0,0,0,0,0,0,0,9000
2462,良得電          ,9000,1000,8000,0,0,0,0,0,0,1000,1000,0,1000,0,0,0,9000
8480,泰昇-KY         ,9000,0,9000,0,0,0,0,0,0,0,0,0,0,0,0,0,9000
05999P,世芯元大96售01  ,0,0,0,0,0,0,0,0,0,9000,0,0,0,193000,184000,9000,9000
05794P,華邦電群益96售04,0,0,0,0,0,0,0,0,0,9000,0,0,0,20000,11000,9000,9000
05817P,可成凱基96售07  ,0,0,0,0,0,0,0,0,0,9000,0,0,0,25000,16000,9000,9000
05824P,臺股指凱基96售21,0,0,0,0,0,0,0,0,0,9000,0,0,0,17000,8000,9000,9000
05850P,台積電兆豐96售06,0,0,0,0,0,0,0,0,0,9000,0,0,0,69000,60000,9000,9000
06084P,宏達電元富97售02,0,0,0,0,0,0,0,0,0,9000,0,0,0,35000,26000,9000,9000
06106P,國巨群益97售02  ,0,0,0,0,0,0,0,0,0,9000,0,0,0,154000,145000,9000,9000
06216P,上銀元富97售03  ,0,0,0,0,0,0,0,0,0,9000,0,0,0,71000,62000,9000,9000
06802P,緯穎群益98售03  ,0,0,0,0,0,0,0,0,0,9000,0,0,0,9000,0,9000,9000
06762P,智邦元大98售11  ,0,0,0,0,0,0,0,0,0,9000,0,0,0,9000,0,9000,9000
2034,允強            ,65000,56000,9000,0,0,0,0,0,0,0,0,0,0,0,0,0,9000
05744P,台表科元大96售04,0,0,0,0,0,0,0,0,0,8000,0,0,0,8000,0,8000,8000
057012,康控中信98購01  ,0,0,0,0,0,0,0,0,0,8000,0,0,0,20000,12000,8000,8000
055554,聯發科凱基97購06,0,0,0,0,0,0,0,0,0,8000,0,0,0,90000,82000,8000,8000
056512,易華電永豐98購01,0,0,0,0,0,0,0,0,0,8000,0,0,0,32000,24000,8000,8000
056518,美律國票99購01  ,0,0,0,0,0,0,0,0,0,8000,0,0,0,8000,0,8000,8000
04915P,鴻海永昌96售02  ,0,0,0,0,0,0,0,0,0,8000,0,0,0,22000,14000,8000,8000
047772,泰鼎元大93購05  ,0,0,0,0,0,0,0,0,0,8000,0,0,0,10000,2000,8000,8000
047917,台積電凱基94購01,0,0,0,0,0,0,0,0,0,8000,0,0,0,10000,2000,8000,8000
049020,可成群益94購02  ,0,0,0,0,0,0,0,0,0,8000,0,0,0,28000,20000,8000,8000
048973,禾伸堂元大94購01,0,0,0,0,0,0,0,0,0,8000,0,0,0,33000,25000,8000,8000
047576,技嘉群益94購01  ,0,0,0,0,0,0,0,0,0,8000,0,0,0,69000,61000,8000,8000
050932,台塑國票96購01  ,0,0,0,0,0,0,0,0,0,8000,0,0,0,138000,130000,8000,8000
03576P,台灣50元富06售01,0,0,0,0,0,0,0,0,0,8000,0,0,0,124000,116000,8000,8000
03583P,微星元大02售03  ,0,0,0,0,0,0,0,0,0,8000,0,0,0,8000,0,8000,8000
052327,聯詠中信95購03  ,0,0,0,0,0,0,0,0,0,8000,0,0,0,48000,40000,8000,8000
052310,聯電富邦95購01  ,0,0,0,0,0,0,0,0,0,8000,0,0,0,10000,2000,8000,8000
052772,台虹群益96購01  ,0,0,0,0,0,0,0,0,0,8000,0,0,0,8000,0,8000,8000
050182,淘帝元大94購01  ,0,0,0,0,0,0,0,0,0,8000,0,0,0,8000,0,8000,8000
050097,可成國泰96購02  ,0,0,0,0,0,0,0,0,0,8000,0,0,0,50000,42000,8000,8000
050517,台積電元大94購27,0,0,0,0,0,0,0,0,0,8000,0,0,0,386000,378000,8000,8000
049243,佳世達元富96購02,0,0,0,0,0,0,0,0,0,8000,0,0,0,8000,0,8000,8000
049617,光罩群益94購03  ,0,0,0,0,0,0,0,0,0,8000,0,0,0,20000,12000,8000,8000
051555,聯茂永豐95購01  ,0,0,0,0,0,0,0,0,0,8000,0,0,0,68000,60000,8000,8000
053763,T50反1富邦98購01,0,0,0,0,0,0,0,0,0,8000,0,0,0,932000,924000,8000,8000
053586,建準元大96購01  ,0,0,0,0,0,0,0,0,0,8000,0,0,0,12000,4000,8000,8000
053919,可成國票97購02  ,0,0,0,0,0,0,0,0,0,8000,0,0,0,8000,0,8000,8000
053027,玉晶光富邦98購01,0,0,0,0,0,0,0,0,0,8000,0,0,0,80000,72000,8000,8000
053280,群創元大9C購01  ,0,0,0,0,0,0,0,0,0,8000,0,0,0,144000,136000,8000,8000
05520P,聯詠凱基96售01  ,0,0,0,0,0,0,0,0,0,8000,0,0,0,10000,2000,8000,8000
055416,欣興富邦98購01  ,0,2000,-2000,0,0,0,0,0,0,10000,0,0,0,168000,158000,10000,8000
054637,智邦中信98購01  ,0,0,0,0,0,0,0,0,0,8000,0,0,0,20000,12000,8000,8000
054513,元金2X元大96購01,0,0,0,0,0,0,0,0,0,8000,0,0,0,8000,0,8000,8000
054481,鎧勝中信96購01  ,0,0,0,0,0,0,0,0,0,8000,0,0,0,48000,40000,8000,8000
2002A,中鋼特          ,0,0,0,0,0,0,0,0,0,8000,9000,1000,8000,0,0,0,8000
1726,永記            ,19000,11000,8000,0,0,0,0,0,0,0,0,0,0,0,0,0,8000
06809P,電子類群益98售03,0,0,0,0,0,0,0,0,0,8000,0,0,0,8000,0,8000,8000
06099P,鴻海日盛97售03  ,0,0,0,0,0,0,0,0,0,8000,0,0,0,10000,2000,8000,8000
06054P,臺股指中信9A售01,0,0,0,0,0,0,0,0,0,8000,0,0,0,8000,0,8000,8000
05932P,鴻海凱基96售16  ,0,0,0,0,0,0,0,0,0,8000,0,0,0,10000,2000,8000,8000
2609,陽明            ,116000,108000,8000,0,0,0,0,0,0,0,0,0,0,0,0,0,8000
2882B,國泰金乙特      ,0,0,0,0,0,0,0,0,0,8000,8000,0,8000,0,0,0,8000
4989,榮科            ,13000,4000,9000,0,0,0,0,0,0,-1000,0,1000,-1000,0,0,0,8000
6166,凌華            ,145000,137000,8000,0,0,0,0,0,0,0,0,0,0,0,0,0,8000
6196,帆宣            ,199000,128000,71000,0,0,0,0,60000,-60000,-3000,12000,15000,-3000,13000,13000,0,8000
6277,宏正            ,16000,9000,7000,0,0,0,0,0,0,1000,1000,0,1000,0,0,0,8000
01002T,土銀國泰R1      ,7840,0,7840,0,0,0,0,0,0,0,0,0,0,0,0,0,7840
056463,台虹凱基98購02  ,0,0,0,0,0,0,0,0,0,7000,0,0,0,10000,3000,7000,7000
055529,華邦電群益97購02,0,0,0,0,0,0,0,0,0,7000,0,0,0,7000,0,7000,7000
055603,超眾元大97購04  ,0,0,0,0,0,0,0,0,0,7000,0,0,0,34000,27000,7000,7000
055693,南茂凱基97購01  ,0,0,0,0,0,0,0,0,0,7000,0,0,0,38000,31000,7000,7000
056785,可成群益99購01  ,0,0,0,0,0,0,0,0,0,7000,0,0,0,135000,128000,7000,7000
056854,友達中信9A購01  ,0,0,0,0,0,0,0,0,0,7000,0,0,0,253000,246000,7000,7000
056944,鴻海統一98購11  ,0,0,0,0,0,0,0,0,0,7000,0,0,0,126000,119000,7000,7000
057547,技嘉凱基99購01  ,0,0,0,0,0,0,0,0,0,7000,0,0,0,116000,109000,7000,7000
03010X,元展10          ,0,0,0,0,0,0,0,0,0,7000,0,0,0,8000,1000,7000,7000
042387,台積電永昌93購02,0,0,0,0,0,0,0,0,0,7000,0,0,0,18000,11000,7000,7000
04297P,微星元大93售03  ,0,0,0,0,0,0,0,0,0,7000,0,0,0,7000,0,7000,7000
045055,聯發科元富98購03,0,0,0,0,0,0,0,0,0,7000,0,0,0,183000,176000,7000,7000
050632,國巨群益94購07  ,0,0,0,0,0,0,0,0,0,7000,0,0,0,12000,5000,7000,7000
050759,貿聯元富94購02  ,0,0,0,0,0,0,0,0,0,7000,0,0,0,92000,85000,7000,7000
050713,矽格麥證94購01  ,0,0,0,20000,13000,7000,0,0,0,7000,0,0,0,20000,13000,7000,7000
047088,可成元富93購03  ,0,0,0,0,0,0,0,0,0,7000,0,0,0,7000,0,7000,7000
047187,亞光元大94購01  ,0,0,0,0,0,0,0,0,0,7000,0,0,0,69000,62000,7000,7000
047780,友達中信96購01  ,0,0,0,0,0,0,0,0,0,7000,0,0,0,20000,13000,7000,7000
047847,鴻海統一93購07  ,0,0,0,0,0,0,0,0,0,7000,0,0,0,198000,191000,7000,7000
049132,大成鋼元大94購01,0,0,0,0,0,0,0,0,0,7000,0,0,0,69000,62000,7000,7000
048390,國巨國票94購02  ,0,0,0,0,0,0,0,0,0,7000,0,0,0,7000,0,7000,7000
051492,臻鼎凱基95購01  ,0,0,0,0,0,0,0,0,0,7000,0,0,0,7000,0,7000,7000
051436,訊芯元富95購01  ,0,0,0,0,0,0,0,0,0,7000,0,0,0,20000,13000,7000,7000
05185P,鴻海中信95售04  ,0,0,0,0,0,0,0,0,0,7000,0,0,0,9000,2000,7000,7000
050980,欣興元富95購02  ,0,0,0,0,0,0,0,0,0,7000,0,0,0,7000,0,7000,7000
05054P,臻鼎群益95售02  ,0,0,0,0,0,0,0,0,0,7000,0,0,0,10000,3000,7000,7000
05116P,台積電群益95售03,0,0,0,0,0,0,0,0,0,7000,0,0,0,7000,0,7000,7000
051338,揚明光永豐95購02,0,0,0,0,0,0,0,0,0,7000,0,0,0,10000,3000,7000,7000
052110,可成元富95購02  ,0,0,0,0,0,0,0,0,0,7000,0,0,0,10000,3000,7000,7000
051974,華新科凱基96購05,0,0,0,0,0,0,0,0,0,7000,0,0,0,193000,186000,7000,7000
050069,禾伸堂凱基94購04,0,0,0,0,0,0,0,0,0,7000,0,0,0,18000,11000,7000,7000
052551,台積電國票97購03,0,0,0,0,0,0,0,0,0,7000,0,0,0,10000,3000,7000,7000
054334,超眾永豐96購04  ,0,0,0,0,0,0,0,0,0,7000,0,0,0,7000,0,7000,7000
05454P,奇鋐群益95售04  ,0,1000,-1000,0,0,0,0,0,0,8000,0,0,0,8000,0,8000,7000
05471P,聯電統一95售01  ,0,0,0,0,0,0,0,0,0,7000,0,0,0,10000,3000,7000,7000
055248,可成統一97購02  ,0,0,0,0,0,0,0,0,0,7000,0,0,0,11000,4000,7000,7000
053283,同欣電元大96購03,0,0,0,0,0,0,0,0,0,7000,0,0,0,23000,16000,7000,7000
053295,奇力新中信96購01,0,0,0,0,0,0,0,0,0,7000,0,0,0,30000,23000,7000,7000
053245,全新國票97購01  ,0,0,0,0,0,0,0,0,0,7000,0,0,0,66000,59000,7000,7000
053645,臺股指國票96購08,0,0,0,0,0,0,0,0,0,7000,0,0,0,10000,3000,7000,7000
053826,光磊麥證97購01  ,0,0,0,10000,3000,7000,0,0,0,7000,0,0,0,10000,3000,7000,7000
2816,旺旺保          ,21000,14000,7000,0,0,0,0,0,0,0,0,0,0,0,0,0,7000
3229,晟鈦            ,5000,0,5000,0,0,0,0,0,0,2000,2000,0,2000,0,0,0,7000
3057,喬鼎            ,7000,0,7000,0,0,0,0,0,0,0,0,0,0,0,0,0,7000
2477,美隆電          ,18000,16000,2000,0,0,0,0,0,0,5000,5000,0,5000,0,0,0,7000
2483,百容            ,7000,0,7000,0,0,0,0,0,0,0,0,0,0,0,0,0,7000
2431,聯昌            ,53000,41000,12000,0,0,0,0,0,0,-5000,0,5000,-5000,0,0,0,7000
05952P,台積電國票97售06,0,0,0,0,0,0,0,0,0,7000,0,0,0,7000,0,7000,7000
05879P,台積電台新96售03,0,0,0,0,0,0,0,0,0,7000,0,0,0,7000,0,7000,7000
06161P,聯發科群益97售03,0,0,0,0,0,0,0,0,0,7000,0,0,0,15000,8000,7000,7000
06433P,大立光群益99售01,0,0,0,0,0,0,0,0,0,7000,0,0,0,7000,0,7000,7000
06434P,超眾群益98售02  ,0,0,0,0,0,0,0,0,0,7000,0,0,0,38000,31000,7000,7000
06381P,臺股指統一98售03,0,0,0,0,0,0,0,0,0,7000,0,0,0,12000,5000,7000,7000
06329P,大立光兆豐97售04,0,0,0,0,0,0,0,0,0,7000,0,0,0,10000,3000,7000,7000
06696P,台灣50國票99售01,0,0,0,0,0,0,0,0,0,7000,0,0,0,45000,38000,7000,7000
1529,樂士            ,0,5000,-5000,0,0,0,0,0,0,12000,12000,0,12000,0,0,0,7000
1449,佳和            ,26000,19000,7000,0,0,0,0,0,0,0,0,0,0,0,0,0,7000
01003T,兆豐新光R1      ,6412,0,6412,0,0,0,0,0,0,0,0,0,0,0,0,0,6412
057445,華通元富02購01  ,0,0,0,0,0,0,0,0,0,6000,0,0,0,83000,77000,6000,6000
057390,台表科永豐98購01,0,0,0,0,0,0,0,0,0,6000,0,0,0,22000,16000,6000,6000
057599,技嘉群益9A購01  ,0,0,0,0,0,0,0,0,0,6000,0,0,0,105000,99000,6000,6000
056849,瀚宇博元富98購01,0,0,0,0,0,0,0,0,0,6000,0,0,0,12000,6000,6000,6000
056996,矽力日盛99購01  ,0,0,0,0,0,0,0,0,0,6000,0,0,0,58000,52000,6000,6000
057023,美律凱基99購02  ,0,0,0,0,0,0,0,0,0,6000,0,0,0,6000,0,6000,6000
057105,致茂群益9A購01  ,0,0,0,0,0,0,0,0,0,6000,0,0,0,28000,22000,6000,6000
057164,國巨元大98購14  ,0,0,0,0,0,0,0,0,0,6000,0,0,0,406000,400000,6000,6000
055556,奇力新凱基98購03,0,0,0,0,0,0,0,0,0,6000,0,0,0,28000,22000,6000,6000
056472,美律元大99購03  ,0,0,0,0,0,0,0,0,0,6000,0,0,0,77000,71000,6000,6000
056239,宏達電群益98購01,0,0,0,0,0,0,0,0,0,6000,0,0,0,30000,24000,6000,6000
04148P,GIS凱基93售05   ,0,0,0,0,0,0,0,0,0,6000,0,0,0,22000,16000,6000,6000
046191,新光金凱基98購01,0,0,0,0,0,0,0,0,0,6000,0,0,0,10000,4000,6000,6000
04500P,燿華統一94售01  ,0,0,0,0,0,0,0,0,0,6000,0,0,0,6000,0,6000,6000
044898,旺宏凱基93購01  ,0,0,0,0,0,0,0,0,0,6000,0,0,0,6000,0,6000,6000
045640,嘉晶凱基93購01  ,0,0,0,0,0,0,0,0,0,6000,0,0,0,16000,10000,6000,6000
043938,華邦電兆豐93購01,0,0,0,0,0,0,0,0,0,6000,0,0,0,6000,0,6000,6000
047643,新光金元大95購02,0,0,0,0,0,0,0,0,0,6000,0,0,0,6000,0,6000,6000
04453P,聯發科富邦94售04,0,0,0,0,0,0,0,0,0,6000,0,0,0,213000,207000,6000,6000
045669,華通元大93購02  ,0,0,0,0,0,0,0,0,0,6000,0,0,0,48000,42000,6000,6000
045685,康控元大95購01  ,0,0,0,0,0,0,0,0,0,6000,0,0,0,46000,40000,6000,6000
046961,大立光中信95購02,0,0,0,0,0,0,0,0,0,6000,0,0,0,8000,2000,6000,6000
048612,嘉晶凱基93購05  ,0,0,0,0,0,0,0,0,0,6000,0,0,0,6000,0,6000,6000
047383,鴻海元大95購01  ,0,0,0,0,0,0,0,0,0,6000,0,0,0,147000,141000,6000,6000
052561,矽創國票97購01  ,0,0,0,0,0,0,0,0,0,6000,0,0,0,36000,30000,6000,6000
052237,嘉澤國票96購02  ,0,0,0,0,0,0,0,0,0,6000,0,0,0,26000,20000,6000,6000
052391,瑞儀群益95購01  ,0,0,0,0,0,0,0,0,0,6000,0,0,0,536000,530000,6000,6000
049907,鴻海元大94購07  ,0,0,0,0,0,0,0,0,0,6000,0,0,0,47000,41000,6000,6000
051889,智邦元富95購02  ,0,0,0,0,0,0,0,0,0,6000,0,0,0,37000,31000,6000,6000
051245,南亞科元大95購01,0,0,0,0,0,0,0,0,0,6000,0,0,0,10000,4000,6000,6000
050420,鴻海凱基95購03  ,0,0,0,0,0,0,0,0,0,6000,0,0,0,74000,68000,6000,6000
051030,康友元富95購01  ,0,0,0,0,0,0,0,0,0,6000,0,0,0,14000,8000,6000,6000
04944P,元油2X永豐94售06,0,0,0,0,0,0,0,0,0,6000,0,0,0,6000,0,6000,6000
050370,台積電元大94購24,0,0,0,0,0,0,0,0,0,6000,0,0,0,258000,252000,6000,6000
050891,喬山元大95購01  ,0,0,0,0,0,0,0,0,0,6000,0,0,0,6000,0,6000,6000
051857,喬山凱基95購01  ,0,0,0,0,0,0,0,0,0,6000,0,0,0,6000,0,6000,6000
050520,凌陽元大94購02  ,0,0,0,0,0,0,0,0,0,6000,0,0,0,6000,0,6000,6000
051422,超眾國票96購01  ,0,0,0,0,0,0,0,0,0,6000,0,0,0,30000,24000,6000,6000
053517,崇越群益97購01  ,0,0,0,0,0,0,0,0,0,6000,0,0,0,6000,0,6000,6000
053276,友達元大9C購01  ,0,0,0,0,0,0,0,0,0,6000,0,0,0,6000,0,6000,6000
053449,超眾凱基98購01  ,0,0,0,0,0,0,0,0,0,6000,0,0,0,66000,60000,6000,6000
052984,漢唐元大96購01  ,0,0,0,0,0,0,0,0,0,6000,0,0,0,30000,24000,6000,6000
055316,上銀國票98購01  ,0,0,0,0,0,0,0,0,0,6000,0,0,0,41000,35000,6000,6000
055427,技嘉群益98購01  ,0,0,0,0,0,0,0,0,0,6000,0,0,0,71000,65000,6000,6000
054837,欣興第一97購01  ,0,0,0,0,0,0,0,0,0,6000,0,0,0,6000,0,6000,6000
054386,鴻海統一98購03  ,0,0,0,0,0,0,0,0,0,6000,0,0,0,37000,31000,6000,6000
054445,技嘉兆豐96購01  ,0,0,0,0,0,0,0,0,0,6000,0,0,0,6000,0,6000,6000
054219,楠梓電統一97購01,0,0,0,0,0,0,0,0,0,6000,0,0,0,6000,0,6000,6000
1445,大宇            ,7000,1000,6000,0,0,0,0,0,0,0,0,0,0,0,0,0,6000
1446,宏和            ,12000,6000,6000,0,0,0,0,0,0,0,0,0,0,0,0,0,6000
1436,華友聯          ,10000,4000,6000,0,0,0,0,0,0,0,0,0,0,0,0,0,6000
1467,南緯            ,18000,12000,6000,0,0,0,0,0,0,0,0,0,0,0,0,0,6000
08602P,台灣50凱基96售04,0,0,0,0,0,0,0,0,0,6000,0,0,0,6000,0,6000,6000
1708,東鹼            ,17000,11000,6000,0,0,0,0,0,0,0,0,0,0,0,0,0,6000
2020,美亞            ,8000,2000,6000,0,0,0,0,0,0,0,0,0,0,0,0,0,6000
2206,三陽工業        ,98000,92000,6000,0,0,0,0,0,0,0,0,0,0,0,0,0,6000
06708P,臺股指台新99售05,0,0,0,0,0,0,0,0,0,6000,0,0,0,6000,0,6000,6000
06844P,智邦元大98售13  ,0,0,0,0,0,0,0,0,0,6000,0,0,0,6000,0,6000,6000
06747P,大立光群益99售04,0,0,0,0,0,0,0,0,0,6000,0,0,0,10000,4000,6000,6000
06766P,玉晶光元大99售10,0,0,0,0,0,0,0,0,0,6000,0,0,0,10000,4000,6000,6000
06501P,臺股指元大9A售06,0,0,0,0,0,0,0,0,0,6000,0,0,0,6000,0,6000,6000
06173P,華通元大97售02  ,0,0,0,0,0,0,0,0,0,6000,0,0,0,20000,14000,6000,6000
2482,連宇            ,6000,4000,2000,0,0,0,0,0,0,4000,4000,0,4000,0,0,0,6000
3296,勝德            ,2000,0,2000,0,0,0,0,0,0,4000,4000,0,4000,0,0,0,6000
2904,匯僑            ,6000,0,6000,0,0,0,0,0,0,0,0,0,0,0,0,0,6000
6655,科定            ,6000,0,6000,0,0,0,0,0,0,0,0,0,0,0,0,0,6000
8374,羅昇            ,8000,2000,6000,0,0,0,0,0,0,0,0,0,0,0,0,0,6000
8104,錸寶            ,25000,19000,6000,0,0,0,0,0,0,0,0,0,0,0,0,0,6000
4571,鈞興-KY         ,0,1000,-1000,0,0,0,0,0,0,7000,8000,1000,7000,0,0,0,6000
910861,神州-DR         ,6000,0,6000,0,0,0,0,0,0,0,0,0,0,0,0,0,6000
05636P,國巨永豐96售03  ,0,0,0,0,0,0,0,0,0,5000,0,0,0,5000,0,5000,5000
056207,茂林永豐97購03  ,0,0,0,0,0,0,0,0,0,5000,0,0,0,5000,0,5000,5000
056102,億光永豐97購02  ,0,0,0,0,0,0,0,0,0,5000,0,0,0,5000,0,5000,5000
056475,宏達電元大99購02,0,0,0,0,0,0,0,0,0,5000,0,0,0,28000,23000,5000,5000
05643P,大立光中信98售01,0,0,0,0,0,0,0,0,0,5000,0,0,0,5000,0,5000,5000
05662P,景碩元富96售01  ,0,0,0,0,0,0,0,0,0,5000,0,0,0,5000,0,5000,5000
055526,台積電群益97購02,0,0,0,0,0,0,0,0,0,5000,0,0,0,5000,0,5000,5000
055697,牧德國票98購01  ,0,0,0,0,0,0,0,0,0,5000,0,0,0,5000,0,5000,5000
05562P,鴻海元大96售16  ,0,0,0,0,0,0,0,0,0,5000,0,0,0,5000,0,5000,5000
056008,全新中信9B購01  ,0,0,0,0,0,0,0,0,0,5000,0,0,0,11000,6000,5000,5000
055833,華通元大98購05  ,0,0,0,0,0,0,0,0,0,5000,0,0,0,95000,90000,5000,5000
057236,聯詠凱基98購03  ,0,0,0,0,0,0,0,0,0,5000,0,0,0,10000,5000,5000,5000
057085,立積統一9B購02  ,0,0,0,0,0,0,0,0,0,5000,0,0,0,5000,0,5000,5000
056960,光罩永豐98購01  ,0,0,0,0,0,0,0,0,0,5000,0,0,0,78000,73000,5000,5000
05770P,聯發科凱基96售16,0,0,0,0,0,0,0,0,0,5000,0,0,0,30000,25000,5000,5000
05778P,台積電統一96售05,0,0,0,0,0,0,0,0,0,5000,0,0,0,7000,2000,5000,5000
057389,玉晶光永豐98購06,0,0,0,0,0,0,0,0,0,5000,0,0,0,64000,59000,5000,5000
057371,可成元大98購08  ,0,0,0,0,0,0,0,0,0,5000,0,0,0,8000,3000,5000,5000
057380,技嘉國泰9A購01  ,0,0,0,0,0,0,0,0,0,5000,0,0,0,19000,14000,5000,5000
057539,南茂元大98購02  ,0,0,0,0,0,0,0,0,0,5000,0,0,0,6000,1000,5000,5000
047521,台積電元大94購03,0,0,0,0,0,0,0,0,0,5000,0,0,0,31000,26000,5000,5000
047302,為升富邦97購01  ,0,0,0,0,0,0,0,0,0,5000,0,0,0,5000,0,5000,5000
047072,義隆兆豐94購01  ,0,0,0,0,0,0,0,0,0,5000,0,0,0,5000,0,5000,5000
047047,旺宏國票95購01  ,0,0,0,0,0,0,0,0,0,5000,0,0,0,198000,193000,5000,5000
046697,麗豐凱基94購01  ,0,0,0,0,0,0,0,0,0,5000,0,0,0,5000,0,5000,5000
046726,台新金元大93購01,0,0,0,0,0,0,0,0,0,5000,0,0,0,5000,0,5000,5000
050724,國巨國票96購01  ,0,0,0,0,0,0,0,0,0,5000,0,0,0,5000,0,5000,5000
05080P,亞光永豐95售02  ,0,0,0,0,0,0,0,0,0,5000,0,0,0,5000,0,5000,5000
050842,旺宏國票97購01  ,0,0,0,0,0,0,0,0,0,5000,0,0,0,20000,15000,5000,5000
051101,台表科元大96購02,0,0,0,0,0,0,0,0,0,5000,0,0,0,27000,22000,5000,5000
048243,儒鴻兆豐94購01  ,0,0,0,0,0,0,0,0,0,5000,0,0,0,10000,5000,5000,5000
048373,A50正2元富95購01,0,0,0,0,0,0,0,0,0,5000,0,0,0,61000,56000,5000,5000
04851P,創意永豐94售02  ,0,0,0,0,0,0,0,0,0,5000,0,0,0,5000,0,5000,5000
049136,華通元大95購01  ,0,0,0,0,0,0,0,0,0,5000,0,0,0,45000,40000,5000,5000
048948,巨路永豐94購01  ,0,0,0,0,0,0,0,0,0,5000,0,0,0,5000,0,5000,5000
047975,緯創兆豐93購01  ,0,0,0,0,0,0,0,0,0,5000,0,0,0,40000,35000,5000,5000
045713,台達電凱基93購02,0,0,0,0,0,0,0,0,0,5000,0,0,0,5000,0,5000,5000
045675,友達元大93購01  ,0,0,0,0,0,0,0,0,0,5000,0,0,0,5000,0,5000,5000
046688,超眾國票93購03  ,0,0,0,0,0,0,0,0,0,5000,0,0,0,5000,0,5000,5000
047663,亞德客永豐93購03,0,0,0,0,0,0,0,0,0,5000,0,0,0,15000,10000,5000,5000
04828P,聯發科凱基94售15,0,0,0,0,0,0,0,0,0,5000,0,0,0,5000,0,5000,5000
048661,瑞昱統一93購05  ,0,0,0,0,0,0,0,0,0,5000,0,0,0,5000,0,5000,5000
044671,台積電兆豐93購01,0,0,0,0,0,0,0,0,0,5000,0,0,0,5000,0,5000,5000
045478,世紀鋼元大93購02,0,0,0,0,0,0,0,0,0,5000,0,0,0,5000,0,5000,5000
046159,群創群益98購04  ,0,0,0,0,0,0,0,0,0,5000,0,0,0,13000,8000,5000,5000
04612P,上銀群益94售01  ,0,0,0,0,0,0,0,0,0,5000,0,0,0,10000,5000,5000,5000
043511,上銀富邦93購01  ,0,0,0,0,0,0,0,0,0,5000,0,0,0,5000,0,5000,5000
03553P,可成元富08售03  ,0,0,0,0,0,0,0,0,0,5000,0,0,0,5000,0,5000,5000
03432B,臺股指凱基98熊13,0,0,0,0,0,0,0,0,0,5000,0,0,0,5000,0,5000,5000
03607P,滬深2X富邦95售01,0,0,0,0,0,0,0,0,0,5000,0,0,0,10000,5000,5000,5000
04121P,宏碁凱基93售02  ,0,0,0,0,0,0,0,0,0,5000,0,0,0,5000,0,5000,5000
042793,台積電台新9C購01,0,0,0,0,0,0,0,0,0,5000,0,0,0,5000,0,5000,5000
04276P,聯發科凱基93售33,0,0,0,0,0,0,0,0,0,5000,0,0,0,5000,0,5000,5000
03427B,臺股指元大9A熊02,0,0,0,0,0,0,0,0,0,5000,0,0,0,5000,0,5000,5000
051391,聯發科兆豐95購02,0,0,0,0,0,0,0,0,0,5000,0,0,0,10000,5000,5000,5000
051395,聯詠兆豐95購01  ,0,0,0,0,0,0,0,0,0,5000,0,0,0,5000,0,5000,5000
051596,超眾元大95購05  ,0,0,0,0,0,0,0,0,0,5000,0,0,0,5000,0,5000,5000
051663,鴻海元大95購18  ,0,0,0,0,0,0,0,0,0,5000,0,0,0,5000,0,5000,5000
05175P,TPK富邦99售01   ,0,0,0,0,0,0,0,0,0,5000,0,0,0,5000,0,5000,5000
051869,康控凱基96購01  ,0,0,0,0,0,0,0,0,0,5000,0,0,0,5000,0,5000,5000
051008,大立光麥證95購01,0,0,0,12000,5000,7000,0,0,0,5000,0,0,0,12000,7000,5000,5000
050415,力成永豐94購01  ,0,0,0,0,0,0,0,0,0,5000,0,0,0,10000,5000,5000,5000
050546,可成凱基94購13  ,0,0,0,0,0,0,0,0,0,5000,0,0,0,5000,0,5000,5000
05058P,燿華國票97售01  ,0,0,0,0,0,0,0,0,0,5000,0,0,0,5000,0,5000,5000
051222,世紀鋼元富95購01,0,0,0,0,0,0,0,0,0,5000,0,0,0,5000,0,5000,5000
051343,鴻海元大95購07  ,0,0,0,0,0,0,0,0,0,5000,0,0,0,80000,75000,5000,5000
051915,日月光元大96購01,0,0,0,0,0,0,0,0,0,5000,0,0,0,107000,102000,5000,5000
051035,百和兆豐95購01  ,0,0,0,0,0,0,0,0,0,5000,0,0,0,5000,0,5000,5000
051983,道瓊反元大95購01,0,0,0,0,0,0,0,0,0,5000,0,0,0,30000,25000,5000,5000
052016,神基永豐95購01  ,0,0,0,0,0,0,0,0,0,5000,0,0,0,11000,6000,5000,5000
052078,大立光元富95購10,0,0,0,0,0,0,0,0,0,5000,0,0,0,7000,2000,5000,5000
050165,泰鼎國泰95購02  ,0,0,0,0,0,0,0,0,0,5000,0,0,0,5000,0,5000,5000
049813,康控元大96購02  ,0,0,0,0,0,0,0,0,0,5000,0,0,0,5000,0,5000,5000
049871,T50反1台新9A購02,0,0,0,0,0,0,0,0,0,5000,0,0,0,5000,0,5000,5000
049866,景碩兆豐94購01  ,0,0,0,0,0,0,0,0,0,5000,0,0,0,5000,0,5000,5000
05021P,瑞昱凱基95售01  ,0,0,0,0,0,0,0,0,0,5000,0,0,0,5000,0,5000,5000
050210,華新科國票94購08,0,0,0,0,0,0,0,0,0,5000,0,0,0,5000,0,5000,5000
051139,康友永豐95購01  ,0,0,0,0,0,0,0,0,0,5000,0,0,0,5000,0,5000,5000
050294,宏達電凱基94購04,0,0,0,0,0,0,0,0,0,5000,0,0,0,5000,0,5000,5000
052333,嘉聯益兆豐96購01,0,0,0,0,0,0,0,0,0,5000,0,0,0,15000,10000,5000,5000
052214,智伸科元大96購01,0,0,0,0,0,0,0,0,0,5000,0,0,0,5000,0,5000,5000
05264P,微星元大95售02  ,0,0,0,0,0,0,0,0,0,5000,0,0,0,5000,0,5000,5000
052666,瑞昱群益96購01  ,0,0,0,0,0,0,0,0,0,5000,0,0,0,16000,11000,5000,5000
052729,國巨國泰97購03  ,0,0,0,0,0,0,0,0,0,5000,0,0,0,5000,0,5000,5000
05270P,台表科元大95售05,0,0,0,0,0,0,0,0,0,5000,0,0,0,5000,0,5000,5000
054435,華新科台新97購02,0,0,0,0,0,0,0,0,0,5000,0,0,0,25000,20000,5000,5000
054802,高股息元大97購01,0,0,0,0,0,0,0,0,0,5000,0,0,0,5000,0,5000,5000
054607,台積電永豐97購03,0,0,0,0,0,0,0,0,0,5000,0,0,0,12000,7000,5000,5000
055404,超眾元富97購01  ,0,0,0,0,0,0,0,0,0,5000,0,0,0,5000,0,5000,5000
055317,金寶國票98購01  ,0,0,0,0,0,0,0,0,0,5000,0,0,0,100000,95000,5000,5000
05525P,奇力新群益96售02,0,0,0,0,0,0,0,0,0,5000,0,0,0,10000,5000,5000,5000
05489P,臺股指凱基95售22,0,0,0,0,0,0,0,0,0,5000,0,0,0,5000,0,5000,5000
052956,聯發科日盛96購01,0,0,0,0,0,0,0,0,0,5000,0,0,0,15000,10000,5000,5000
053002,鴻海永豐96購01  ,0,0,0,0,0,0,0,0,0,5000,0,0,0,30000,25000,5000,5000
053120,復盛中信9A購01  ,0,0,0,0,0,0,0,0,0,5000,0,0,0,25000,20000,5000,5000
053349,台郡國票97購02  ,0,0,0,0,0,0,0,0,0,5000,0,0,0,45000,40000,5000,5000
053241,元油反國票9A購01,0,0,0,0,0,0,0,0,0,5000,0,0,0,5000,0,5000,5000
053235,智原永豐96購01  ,0,0,0,0,0,0,0,0,0,5000,0,0,0,5000,0,5000,5000
053580,國巨元大96購10  ,0,0,0,0,0,0,0,0,0,5000,0,0,0,47000,42000,5000,5000
053827,漢唐麥證9A購01  ,0,0,0,5000,0,5000,0,0,0,5000,0,0,0,5000,0,5000,5000
053773,上銀元大96購04  ,0,0,0,0,0,0,0,0,0,5000,0,0,0,41000,36000,5000,5000
053910,嘉聯益凱基98購01,0,0,0,0,0,0,0,0,0,5000,0,0,0,12000,7000,5000,5000
3588,通嘉            ,27000,22000,5000,0,0,0,0,0,0,0,0,0,0,0,0,0,5000
2428,興勤            ,21000,14000,7000,0,0,0,0,1000,-1000,-1000,0,0,0,0,1000,-1000,5000
06172P,台虹永豐97售02  ,0,0,0,0,0,0,0,0,0,5000,0,0,0,5000,0,5000,5000
06111P,上銀兆豐98售01  ,0,0,0,0,0,0,0,0,0,5000,0,0,0,5000,0,5000,5000
06338P,亞德客統一97售02,0,0,0,0,0,0,0,0,0,5000,0,0,0,145000,140000,5000,5000
06297P,美律元大97售01  ,0,0,0,0,0,0,0,0,0,5000,0,0,0,5000,0,5000,5000
06277P,臺股指凱基97售09,0,0,0,0,0,0,0,0,0,5000,0,0,0,5000,0,5000,5000
06430P,大立光元大97售16,0,0,0,0,0,0,0,0,0,5000,0,0,0,5000,0,5000,5000
05871P,全新凱基96售04  ,0,0,0,0,0,0,0,0,0,5000,0,0,0,5000,0,5000,5000
05818P,大立光凱基96售14,0,0,0,0,0,0,0,0,0,5000,0,0,0,5000,0,5000,5000
05805P,義隆永豐96售02  ,0,0,0,0,0,0,0,0,0,5000,0,0,0,5000,0,5000,5000
05797P,臺股指群益96售11,0,0,0,0,0,0,0,0,0,5000,0,0,0,5000,0,5000,5000
05933P,鴻海凱基97售03  ,0,0,0,0,0,0,0,0,0,5000,0,0,0,16000,11000,5000,5000
05939P,聯發科凱基96售20,0,0,0,0,0,0,0,0,0,5000,0,0,0,5000,0,5000,5000
05929P,宏達電康和96售01,0,0,0,0,0,0,0,0,0,5000,0,0,0,5000,0,5000,5000
06048P,大立光富邦96售05,0,0,0,0,0,0,0,0,0,5000,0,0,0,5000,0,5000,5000
06000P,GIS元大96售04   ,0,0,0,0,0,0,0,0,0,5000,0,0,0,5000,0,5000,5000
06445P,大立光凱基98售09,0,0,0,0,0,0,0,0,0,5000,0,0,0,67000,62000,5000,5000
06455P,上銀統一99售03  ,0,0,0,0,0,0,0,0,0,5000,0,0,0,5000,0,5000,5000
2024,志聯            ,4000,0,4000,0,0,0,0,0,0,1000,1000,0,1000,0,0,0,5000
057702,同欣電群益99購01,0,0,0,0,0,0,0,0,0,4000,0,0,0,103000,99000,4000,4000
056966,嘉晶永豐98購01  ,0,0,0,0,0,0,0,0,0,4000,0,0,0,4000,0,4000,4000
056855,祥碩中信98購02  ,0,0,0,0,0,0,0,0,0,4000,0,0,0,25000,21000,4000,4000
056987,南茂群益98購01  ,0,0,0,0,0,0,0,0,0,4000,0,0,0,15000,11000,4000,4000
057256,元油2X兆豐98購01,0,0,0,0,0,0,0,0,0,4000,0,0,0,4000,0,4000,4000
057163,上銀元大98購04  ,0,0,0,0,0,0,0,0,0,4000,0,0,0,14000,10000,4000,4000
057187,群創元大9B購04  ,0,0,0,0,0,0,0,0,0,4000,0,0,0,8000,4000,4000,4000
057130,全新凱基98購03  ,0,0,0,0,0,0,0,0,0,4000,0,0,0,7000,3000,4000,4000
055557,華新科凱基97購01,0,0,0,0,0,0,0,0,0,4000,0,0,0,35000,31000,4000,4000
056620,華新科永豐98購02,0,0,0,0,0,0,0,0,0,4000,0,0,0,194000,190000,4000,4000
056540,聯詠凱基98購02  ,0,0,0,0,0,0,0,0,0,4000,0,0,0,103000,99000,4000,4000
056560,旺宏群益98購03  ,0,0,0,0,0,0,0,0,0,4000,0,0,0,19000,15000,4000,4000
05641P,貿聯元富96售02  ,0,0,0,0,0,0,0,0,0,4000,0,0,0,4000,0,4000,4000
056414,國巨中信98購02  ,0,0,0,0,0,0,0,0,0,4000,0,0,0,16000,12000,4000,4000
056466,臺股指凱基99購08,0,0,0,0,0,0,0,0,0,4000,0,0,0,4000,0,4000,4000
056499,鴻海富邦98購02  ,0,0,0,0,0,0,0,0,0,4000,0,0,0,52000,48000,4000,4000
04267P,康控元富93售04  ,0,0,0,0,0,0,0,0,0,4000,0,0,0,10000,6000,4000,4000
04213P,台光電凱基93售11,0,0,0,0,0,0,0,0,0,4000,0,0,0,16000,12000,4000,4000
00666R,富邦恒生國企反1 ,0,0,0,0,0,0,0,0,0,4000,0,0,0,86000,82000,4000,4000
0053,元大電子        ,0,0,0,0,0,0,0,0,0,4000,0,0,0,4000,0,4000,4000
04624P,台積電元大94售14,0,0,0,0,0,0,0,0,0,4000,0,0,0,4000,0,4000,4000
044875,玉晶光統一93購01,0,0,0,0,0,0,0,0,0,4000,0,0,0,4000,0,4000,4000
045001,旺宏富邦94購01  ,0,0,0,0,0,0,0,0,0,4000,0,0,0,4000,0,4000,4000
048664,華新科統一94購01,0,0,0,0,0,0,0,0,0,4000,0,0,0,4000,0,4000,4000
048799,台積電富邦94購03,0,0,0,0,0,0,0,0,0,4000,0,0,0,4000,0,4000,4000
04430P,晶相光元大94售04,0,0,0,0,0,0,0,0,0,4000,0,0,0,4000,0,4000,4000
044396,燿華凱基93購02  ,0,0,0,0,0,0,0,0,0,4000,0,0,0,10000,6000,4000,4000
04859P,台達電群益94售04,0,0,0,0,0,0,0,0,0,4000,0,0,0,4000,0,4000,4000
049010,台表科麥證95購01,0,0,0,4000,0,4000,0,0,0,4000,0,0,0,4000,0,4000,4000
047040,台勝科群益93購01,0,0,0,0,0,0,0,0,0,4000,0,0,0,9000,5000,4000,4000
048046,正崴永豐93購01  ,0,0,0,0,0,0,0,0,0,4000,0,0,0,4000,0,4000,4000
052782,超眾國票96購02  ,0,0,0,0,0,0,0,0,0,4000,0,0,0,18000,14000,4000,4000
05255P,義隆凱基95售01  ,0,0,0,0,0,0,0,0,0,4000,0,0,0,4000,0,4000,4000
052450,嘉澤元大95購03  ,0,0,0,0,0,0,0,0,0,4000,0,0,0,38000,34000,4000,4000
050351,華新科群益95購02,0,0,0,0,0,0,0,0,0,4000,0,0,0,74000,70000,4000,4000
050200,致新元大94購01  ,0,0,0,0,0,0,0,0,0,4000,0,0,0,5000,1000,4000,4000
049846,台泥群益94購01  ,0,0,0,0,0,0,0,0,0,4000,0,0,0,20000,16000,4000,4000
052032,臺股指群益95購05,0,0,0,0,0,0,0,0,0,4000,0,0,0,4000,0,4000,4000
05195P,南茂康和95售01  ,0,0,0,0,0,0,0,0,0,4000,0,0,0,4000,0,4000,4000
049923,智原元大95購02  ,0,0,0,0,0,0,0,0,0,4000,0,0,0,4000,0,4000,4000
049899,台積電元富94購05,0,0,0,0,0,0,0,0,0,4000,0,0,0,4000,0,4000,4000
051729,華新國票96購01  ,0,0,0,0,0,0,0,0,0,4000,0,0,0,14000,10000,4000,4000
049585,旺宏元大95購02  ,0,0,0,0,0,0,0,0,0,4000,0,0,0,89000,85000,4000,4000
051875,聯發科兆豐95購04,0,0,0,0,0,0,0,0,0,4000,0,0,0,14000,10000,4000,4000
051119,光寶科群益95購01,0,0,0,0,0,0,0,0,0,4000,0,0,0,22000,18000,4000,4000
049649,信邦凱基94購01  ,0,0,0,0,0,0,0,0,0,4000,0,0,0,81000,77000,4000,4000
049241,智邦元富94購01  ,0,0,0,0,0,0,0,0,0,4000,0,0,0,4000,0,4000,4000
049198,聯鈞永豐94購01  ,0,0,0,0,0,0,0,0,0,4000,0,0,0,5000,1000,4000,4000
049419,欣興凱基94購04  ,0,0,0,0,0,0,0,0,0,4000,0,0,0,4000,0,4000,4000
051664,鴻海元大96購07  ,0,0,0,0,0,0,0,0,0,4000,0,0,0,4000,0,4000,4000
051529,東元國票96購01  ,0,0,0,0,0,0,0,0,0,4000,0,0,0,4000,0,4000,4000
054043,漢唐元大97購01  ,0,0,0,0,0,0,0,0,0,4000,0,0,0,4000,0,4000,4000
053186,健策中信9C購01  ,0,0,0,0,0,0,0,0,0,4000,0,0,0,30000,26000,4000,4000
053378,台積電元大98購02,0,0,0,0,0,0,0,0,0,4000,0,0,0,148000,144000,4000,4000
053116,華新科中信96購01,0,0,0,0,0,0,0,0,0,4000,0,0,0,24000,20000,4000,4000
053084,國巨元大98購01  ,0,0,0,0,0,0,0,0,0,4000,0,0,0,4000,0,4000,4000
052894,國巨群益96購03  ,0,0,0,0,0,0,0,0,0,4000,0,0,0,57000,53000,4000,4000
054811,裕隆元大9A購01  ,0,0,0,0,0,0,0,0,0,4000,0,0,0,309000,305000,4000,4000
05419P,矽力永豐95售02  ,0,0,0,0,0,0,0,0,0,4000,0,0,0,24000,20000,4000,4000
054299,南電元大96購03  ,0,0,0,0,0,0,0,0,0,4000,0,0,0,17000,13000,4000,4000
05429P,鴻海統一95售16  ,0,0,0,0,0,0,0,0,0,4000,0,0,0,38000,34000,4000,4000
1615,大山            ,4000,1000,3000,0,0,0,0,0,0,1000,1000,0,1000,0,0,0,4000
1233,天仁            ,4000,0,4000,0,0,0,0,0,0,0,0,0,0,0,0,0,4000
1473,台南            ,21000,17000,4000,0,0,0,0,0,0,0,0,0,0,0,0,0,4000
1516,川飛            ,13000,9000,4000,0,0,0,0,0,0,0,0,0,0,0,0,0,4000
1521,大億            ,3000,1000,2000,0,0,0,0,0,0,2000,2000,0,2000,0,0,0,4000
06558P,旺宏元富98售02  ,0,0,0,0,0,0,0,0,0,4000,0,0,0,8000,4000,4000,4000
06690P,玉晶光群益9A售05,0,0,0,0,0,0,0,0,0,4000,0,0,0,15000,11000,4000,4000
06162P,大立光群益97售02,0,0,0,0,0,0,0,0,0,4000,0,0,0,4000,0,4000,4000
2443,億麗            ,4000,0,4000,0,0,0,0,0,0,0,0,0,0,0,0,0,4000
2465,麗臺            ,3000,0,3000,0,0,0,0,0,0,1000,1000,0,1000,0,0,0,4000
2616,山隆            ,5000,1000,4000,0,0,0,0,0,0,0,0,0,0,0,0,0,4000
3021,鴻名            ,5000,1000,4000,0,0,0,0,0,0,0,0,0,0,0,0,0,4000
3025,星通            ,13000,9000,4000,0,0,0,0,0,0,0,0,0,0,0,0,0,4000
4999,鑫禾            ,5000,3000,2000,0,0,0,0,0,0,2000,2000,0,2000,0,0,0,4000
6164,華興            ,4000,0,4000,0,0,0,0,0,0,0,0,0,0,0,0,0,4000
9911,櫻花            ,366000,361000,5000,0,0,0,0,1000,-1000,0,0,0,0,0,0,0,4000
9927,泰銘            ,9000,6000,3000,0,0,0,0,0,0,1000,1000,0,1000,0,0,0,4000
01007T,兆豐國泰R2      ,3568,0,3568,0,0,0,0,0,0,0,0,0,0,0,0,0,3568
056488,致新元大99購01  ,0,0,0,0,0,0,0,0,0,3000,0,0,0,9000,6000,3000,3000
056437,台積電凱基98購11,0,0,0,0,0,0,0,0,0,3000,0,0,0,3000,0,3000,3000
056527,大成鋼凱基98購03,0,0,0,0,0,0,0,0,0,3000,0,0,0,33000,30000,3000,3000
056083,億光統一97購03  ,0,0,0,0,0,0,0,0,0,3000,0,0,0,167000,164000,3000,3000
055621,國巨國泰98購03  ,0,0,0,0,0,0,0,0,0,3000,0,0,0,70000,67000,3000,3000
05590P,臺股指中信96售05,0,0,0,0,0,0,0,0,0,3000,0,0,0,5000,2000,3000,3000
055781,聯詠凱基98購01  ,0,0,0,0,0,0,0,0,0,3000,0,0,0,13000,10000,3000,3000
055964,正文元大97購02  ,0,0,0,0,0,0,0,0,0,3000,0,0,0,86000,83000,3000,3000
055933,欣興群益98購02  ,0,0,0,0,0,0,0,0,0,3000,0,0,0,52000,49000,3000,3000
055934,景碩群益98購03  ,0,0,0,0,0,0,0,0,0,3000,0,0,0,45000,42000,3000,3000
056795,鴻海麥證98購01  ,0,0,0,43000,40000,3000,0,0,0,3000,0,0,0,43000,40000,3000,3000
056772,欣興元大99購01  ,0,0,0,0,0,0,0,0,0,3000,0,0,0,153000,150000,3000,3000
057588,南亞科國票99購01,0,0,0,0,0,0,0,0,0,3000,0,0,0,13000,10000,3000,3000
057622,元油2X國泰99購03,0,0,0,0,0,0,0,0,0,3000,0,0,0,3000,0,3000,3000
057829,臺股指元大98購12,0,0,0,0,0,0,0,0,0,3000,0,0,0,5000,2000,3000,3000
05749P,臺股指群益99售03,0,0,0,0,0,0,0,0,0,3000,0,0,0,314000,311000,3000,3000
04264P,宏碁統一93售01  ,0,0,0,0,0,0,0,0,0,3000,0,0,0,3000,0,3000,3000
03064X,元展59          ,0,0,0,0,0,0,0,0,0,3000,0,0,0,8000,5000,3000,3000
03779P,力山凱基93售01  ,0,0,0,0,0,0,0,0,0,3000,0,0,0,3000,0,3000,3000
03932P,欣興統一93售01  ,0,0,0,0,0,0,0,0,0,3000,0,0,0,5000,2000,3000,3000
044822,南電兆豐93購01  ,0,0,0,0,0,0,0,0,0,3000,0,0,0,3000,0,3000,3000
046601,奇力新群益93購01,0,0,0,0,0,0,0,0,0,3000,0,0,0,3000,0,3000,3000
04647P,上海銀凱基94售04,0,0,0,0,0,0,0,0,0,3000,0,0,0,3000,0,3000,3000
047160,台郡國票94購01  ,0,0,0,0,0,0,0,0,0,3000,0,0,0,3000,0,3000,3000
047167,農林康和93購01  ,0,0,0,0,0,0,0,0,0,3000,0,0,0,6000,3000,3000,3000
050656,瑞儀凱基96購01  ,0,0,0,0,0,0,0,0,0,3000,0,0,0,23000,20000,3000,3000
050945,致茂群益95購01  ,0,0,0,0,0,0,0,0,0,3000,0,0,0,83000,80000,3000,3000
049104,元油2X富邦97購02,0,0,0,0,0,0,0,0,0,3000,0,0,0,3000,0,3000,3000
051771,上銀中信95購01  ,0,0,0,0,0,0,0,0,0,3000,0,0,0,23000,20000,3000,3000
049644,台積電凱基94購21,0,0,0,0,0,0,0,0,0,3000,0,0,0,3000,0,3000,3000
051171,T50反1第一95購01,0,0,0,0,0,0,0,0,0,3000,0,0,0,3000,0,3000,3000
051695,元金2X中信98購01,0,0,0,0,0,0,0,0,0,3000,0,0,0,4000,1000,3000,3000
051378,奇力新群益95購01,0,0,0,0,0,0,0,0,0,3000,0,0,0,16000,13000,3000,3000
051284,上銀統一95購02  ,0,0,0,0,0,0,0,0,0,3000,0,0,0,28000,25000,3000,3000
050023,國巨元大94購12  ,0,0,0,0,0,0,0,0,0,3000,0,0,0,7000,4000,3000,3000
049921,大立光元大94購16,0,0,0,0,0,0,0,0,0,3000,0,0,0,4000,1000,3000,3000
049941,臺股指元大94購24,0,0,0,0,0,0,0,0,0,3000,0,0,0,10000,7000,3000,3000
052042,台積電日盛95購02,0,0,0,0,0,0,0,0,0,3000,0,0,0,128000,125000,3000,3000
050280,國巨日盛94購01  ,0,0,0,0,0,0,0,0,0,3000,0,0,0,3000,0,3000,3000
052325,高股息中信99購01,0,0,0,0,0,0,0,0,0,3000,0,0,0,5000,2000,3000,3000
052414,聯電麥證95購01  ,0,0,0,40000,37000,3000,0,0,0,3000,0,0,0,40000,37000,3000,3000
054328,台化康和96購01  ,0,0,0,0,0,0,0,0,0,3000,0,0,0,3000,0,3000,3000
054666,強茂元富97購01  ,0,0,0,0,0,0,0,0,0,3000,0,0,0,10000,7000,3000,3000
054935,華通元大98購03  ,0,0,0,0,0,0,0,0,0,3000,0,0,0,106000,103000,3000,3000
055152,旺宏元大98購04  ,0,0,0,0,0,0,0,0,0,3000,0,0,0,31000,28000,3000,3000
05513P,玉山金台新96售01,0,0,0,0,0,0,0,0,0,3000,0,0,0,3000,0,3000,3000
055176,大毅統一98購02  ,0,0,0,0,0,0,0,0,0,3000,0,0,0,3000,0,3000,3000
055395,泰鼎統一97購01  ,0,0,0,0,0,0,0,0,0,3000,0,0,0,3000,0,3000,3000
053113,瀚宇博兆豐97購01,0,0,0,0,0,0,0,0,0,3000,0,0,0,3000,0,3000,3000
054103,T50反1凱基99購04,0,0,0,0,0,0,0,0,0,3000,0,0,0,3000,0,3000,3000
053977,新日興元大96購03,0,0,0,0,0,0,0,0,0,3000,0,0,0,3000,0,3000,3000
053961,揚明光永豐96購04,0,0,0,0,0,0,0,0,0,3000,0,0,0,68000,65000,3000,3000
053807,T50反1群益96購02,0,0,0,0,0,0,0,0,0,3000,0,0,0,142000,139000,3000,3000
053599,崇越元大96購01  ,0,0,0,0,0,0,0,0,0,3000,0,0,0,3000,0,3000,3000
9937,全國            ,2000,1000,1000,0,0,0,0,0,0,2000,2000,0,2000,0,0,0,3000
9902,台火            ,18000,15000,3000,0,0,0,0,0,0,0,0,0,0,0,0,0,3000
6128,上福            ,4000,1000,3000,0,0,0,0,0,0,0,0,0,0,0,0,0,3000
6666,羅麗芬-KY       ,7000,4000,3000,0,0,0,0,0,0,0,0,0,0,0,0,0,3000
4576,大銀微系統      ,5000,2000,3000,0,0,0,0,0,0,0,0,0,0,0,0,0,3000
4438,廣越            ,7000,4000,3000,0,0,0,0,0,0,0,0,0,0,0,0,0,3000
3028,增你強          ,19000,16000,3000,0,0,0,0,0,0,0,0,0,0,0,0,0,3000
3266,昇陽            ,2000,1000,1000,0,0,0,0,0,0,2000,4000,2000,2000,0,0,0,3000
3040,遠見            ,4000,1000,3000,0,0,0,0,0,0,0,0,0,0,0,0,0,3000
2891B,中信金乙特      ,0,0,0,0,0,0,0,0,0,3000,3000,0,3000,0,0,0,3000
06231P,台積電永豐97售05,0,0,0,0,0,0,0,0,0,3000,0,0,0,117000,114000,3000,3000
06398P,禾伸堂凱基97售02,0,0,0,0,0,0,0,0,0,3000,0,0,0,3000,0,3000,3000
06377P,華通統一97售04  ,0,0,0,0,0,0,0,0,0,3000,0,0,0,6000,3000,3000,3000
06319P,臺股指元富97售06,0,0,0,0,0,0,0,0,0,3000,0,0,0,3000,0,3000,3000
06045P,臺股指永豐96售03,0,0,0,0,0,0,0,0,0,3000,0,0,0,3000,0,3000,3000
05941P,聯發科凱基96售22,0,0,0,0,0,0,0,0,0,3000,0,0,0,3000,0,3000,3000
06712P,臺股指台新99售09,0,0,0,0,0,0,0,0,0,3000,0,0,0,3000,0,3000,3000
06751P,旺宏凱基98售10  ,0,0,0,0,0,0,0,0,0,3000,0,0,0,3000,0,3000,3000
06471P,臺股指凱基99售11,0,0,0,0,0,0,0,0,0,3000,0,0,0,3000,0,3000,3000
06529P,貿聯富邦99售03  ,0,0,0,0,0,0,0,0,0,3000,0,0,0,15000,12000,3000,3000
1454,台富            ,5000,2000,3000,0,0,0,0,0,0,0,0,0,0,0,0,0,3000
1110,東泥            ,3000,0,3000,0,0,0,0,0,0,0,0,0,0,0,0,0,3000
1312A,國喬特          ,0,0,0,0,0,0,0,0,0,3000,3000,0,3000,0,0,0,3000
1101B,台泥乙特        ,0,0,0,0,0,0,0,0,0,3000,3000,0,3000,0,0,0,3000
1603,華電            ,3000,0,3000,0,0,0,0,0,0,0,0,0,0,0,0,0,3000
057484,南亞科元大98購06,0,0,0,0,0,0,0,0,0,2000,0,0,0,8000,6000,2000,2000
057556,智易凱基99購01  ,0,0,0,0,0,0,0,0,0,2000,0,0,0,111000,109000,2000,2000
057465,智易永豐98購02  ,0,0,0,0,0,0,0,0,0,2000,0,0,0,33000,31000,2000,2000
057342,玉晶光台新98購01,0,0,0,0,0,0,0,0,0,2000,0,0,0,38000,36000,2000,2000
05741P,聯發科元大96售14,0,0,0,0,0,0,0,0,0,2000,0,0,0,452000,450000,2000,2000
057692,臺股指凱基98購10,0,0,0,0,0,0,0,0,0,2000,0,0,0,3000,1000,2000,2000
056740,大立光凱基98購13,0,0,0,0,0,0,0,0,0,2000,0,0,0,53000,51000,2000,2000
057084,立積統一9B購01  ,0,0,0,0,0,0,0,0,0,2000,0,0,0,30000,28000,2000,2000
055794,聯發科國泰99購01,0,0,0,0,0,0,0,0,0,2000,0,0,0,2000,0,2000,2000
056117,宏達電群益97購02,0,0,0,0,0,0,0,0,0,2000,0,0,0,7000,5000,2000,2000
056134,可成元大97購06  ,0,0,0,0,0,0,0,0,0,2000,0,0,0,391000,389000,2000,2000
056124,華通國票98購02  ,0,0,0,0,0,0,0,0,0,2000,0,0,0,2000,0,2000,2000
056365,欣興元大98購01  ,0,0,0,0,0,0,0,0,0,2000,0,0,0,164000,162000,2000,2000
056294,上銀元大97購11  ,0,0,0,0,0,0,0,0,0,2000,0,0,0,83000,81000,2000,2000
056617,美律永豐98購01  ,0,0,0,0,0,0,0,0,0,2000,0,0,0,24000,22000,2000,2000
056651,聯茂凱基98購04  ,0,0,0,0,0,0,0,0,0,2000,0,0,0,139000,137000,2000,2000
056490,台積電國泰99購01,0,0,0,0,0,0,0,0,0,2000,0,0,0,2000,0,2000,2000
056477,欣興元大98購02  ,0,0,0,0,0,0,0,0,0,2000,0,0,0,60000,58000,2000,2000
047788,欣興群益93購05  ,0,0,0,0,0,0,0,0,0,2000,0,0,0,19000,17000,2000,2000
04695P,正崴康和94售01  ,0,0,0,0,0,0,0,0,0,2000,0,0,0,2000,0,2000,2000
048193,旺宏元大94購05  ,0,0,0,0,0,0,0,0,0,2000,0,0,0,41000,39000,2000,2000
048421,聯茂統一93購01  ,0,0,0,0,0,0,0,0,0,2000,0,0,0,2000,0,2000,2000
05063P,聯電元大96售03  ,0,0,0,0,0,0,0,0,0,2000,0,0,0,25000,23000,2000,2000
050649,華新科凱基96購01,0,0,0,0,0,0,0,0,0,2000,0,0,0,25000,23000,2000,2000
050686,欣興兆豐96購01  ,0,0,0,0,0,0,0,0,0,2000,0,0,0,6000,4000,2000,2000
04714P,上海銀元大94售01,0,0,0,0,0,0,0,0,0,2000,0,0,0,2000,0,2000,2000
047242,上銀群益93購04  ,0,0,0,0,0,0,0,0,0,2000,0,0,0,2000,0,2000,2000
047245,聯發科群益94購03,0,0,0,0,0,0,0,0,0,2000,0,0,0,2000,0,2000,2000
047066,力成凱基93購04  ,0,0,0,0,0,0,0,0,0,2000,0,0,0,2000,0,2000,2000
04536P,長榮航統一94售01,0,0,0,0,0,0,0,0,0,2000,0,0,0,2000,0,2000,2000
048729,鴻海麥證94購01  ,0,0,0,2000,50000,-48000,0,0,0,2000,0,0,0,52000,50000,2000,2000
03977P,上海銀元大93售01,0,0,0,0,0,0,0,0,0,2000,0,0,0,2000,0,2000,2000
03995P,滬深2X國泰95售01,0,0,0,0,0,0,0,0,0,2000,0,0,0,2000,0,2000,2000
035275,台積電台新97購01,0,0,0,0,0,0,0,0,0,2000,0,0,0,3000,1000,2000,2000
04629P,康控元大94售05  ,0,0,0,0,0,0,0,0,0,2000,0,0,0,102000,100000,2000,2000
04310P,京元電統一93售03,0,0,0,0,0,0,0,0,0,2000,0,0,0,12000,10000,2000,2000
046113,旺宏元大93購04  ,0,0,0,0,0,0,0,0,0,2000,0,0,0,2000,0,2000,2000
04611P,元油2X群益98售02,0,0,0,0,0,0,0,0,0,2000,0,0,0,2000,0,2000,2000
04245P,上海銀元大93售03,0,0,0,0,0,0,0,0,0,2000,0,0,0,2000,0,2000,2000
00774B,新光中國政金綠債,0,0,0,0,0,0,0,0,0,2000,0,0,0,4000,2000,2000,2000
052433,滬深2X國泰96購02,0,0,0,0,0,0,0,0,0,2000,0,0,0,2000,0,2000,2000
052461,和大統一95購01  ,0,0,0,0,0,0,0,0,0,2000,0,0,0,2000,0,2000,2000
052553,技嘉國票96購01  ,0,0,0,0,0,0,0,0,0,2000,0,0,0,10000,8000,2000,2000
052582,喬山台新96購01  ,0,0,0,0,0,0,0,0,0,2000,0,0,0,2000,0,2000,2000
052755,滬深2X群益9A購01,0,0,0,0,0,0,0,0,0,2000,0,0,0,2000,0,2000,2000
051130,百和群益96購01  ,0,0,0,0,0,0,0,0,0,2000,0,0,0,2000,0,2000,2000
04998P,京元電永豐95售01,0,0,0,0,0,0,0,0,0,2000,0,0,0,2000,0,2000,2000
049860,亞德客兆豐94購01,0,0,0,0,0,0,0,0,0,2000,0,0,0,2000,0,2000,2000
051923,聯發科日盛95購02,0,0,0,0,0,0,0,0,0,2000,0,0,0,499000,497000,2000,2000
051239,國巨元大96購02  ,0,0,0,0,0,0,0,0,0,2000,0,0,0,2000,0,2000,2000
051260,鴻海永昌96購04  ,0,0,0,0,0,0,0,0,0,2000,0,0,0,3000,1000,2000,2000
051688,大立光凱基97購02,0,0,0,0,0,0,0,0,0,2000,0,0,0,135000,133000,2000,2000
051690,超眾凱基95購03  ,0,0,0,0,0,0,0,0,0,2000,0,0,0,2000,0,2000,2000
051165,可成元大95購01  ,0,0,0,0,0,0,0,0,0,2000,0,0,0,70000,68000,2000,2000
05060P,台達電富邦97售02,0,0,0,0,0,0,0,0,0,2000,0,0,0,2000,0,2000,2000
050887,台積電富邦95購05,0,0,0,0,0,0,0,0,0,2000,0,0,0,27000,25000,2000,2000
049443,元石油統一94購02,0,0,0,0,0,0,0,0,0,2000,0,0,0,2000,0,2000,2000
049505,臺股指元大94購16,0,0,0,0,0,0,0,0,0,2000,0,0,0,32000,30000,2000,2000
051785,臻鼎兆豐96購01  ,0,0,0,0,0,0,0,0,0,2000,0,0,0,3000,1000,2000,2000
05162P,玉晶光國票96售03,0,0,0,0,0,0,0,0,0,2000,0,0,0,92000,90000,2000,2000
051464,彩晶國泰96購01  ,0,0,0,0,0,0,0,0,0,2000,0,0,0,2000,0,2000,2000
05379P,可成凱基95售11  ,0,0,0,0,0,0,0,0,0,2000,0,0,0,2000,0,2000,2000
05371P,臺股指中信95售10,0,0,0,0,0,0,0,0,0,2000,0,0,0,32000,30000,2000,2000
053939,台表科元富96購03,0,0,0,0,0,0,0,0,0,2000,0,0,0,2000,0,2000,2000
05285P,同欣電群益95售02,0,0,0,0,0,0,0,0,0,2000,0,0,0,50000,48000,2000,2000
053377,台積電元大98購01,0,0,0,0,0,0,0,0,0,2000,0,0,0,170000,168000,2000,2000
053355,超眾兆豐97購01  ,0,0,0,0,0,0,0,0,0,2000,0,0,0,2000,0,2000,2000
053264,南亞科群益96購01,0,0,0,0,0,0,0,0,0,2000,0,0,0,86000,84000,2000,2000
05540P,亞德客凱基96售01,0,0,0,0,0,0,0,0,0,2000,0,0,0,93000,91000,2000,2000
055133,致新康和97購01  ,0,0,0,0,0,0,0,0,0,2000,0,0,0,70000,68000,2000,2000
054703,聯發科第一97購01,0,0,0,0,0,0,0,0,0,2000,0,0,0,2000,0,2000,2000
054267,上銀第一96購01  ,0,0,0,0,0,0,0,0,0,2000,0,0,0,2000,0,2000,2000
054169,上緯控凱基98購01,0,0,0,0,0,0,0,0,0,2000,0,0,0,2000,0,2000,2000
1592,英瑞-KY         ,22000,20000,2000,0,0,0,0,0,0,0,0,0,0,0,0,0,2000
1582,信錦            ,72000,70000,2000,0,0,0,0,0,0,0,0,0,0,0,0,0,2000
2239,英利-KY         ,10000,8000,2000,0,0,0,0,0,0,0,0,0,0,0,0,0,2000
1441,大東            ,3000,1000,2000,0,0,0,0,0,0,0,0,0,0,0,0,0,2000
1437,勤益控          ,3000,1000,2000,0,0,0,0,0,0,0,0,0,0,0,0,0,2000
1323,永裕            ,4000,2000,2000,0,0,0,0,0,0,0,0,0,0,0,0,0,2000
1472,三洋紡          ,3000,1000,2000,0,0,0,0,0,0,0,0,0,0,0,0,0,2000
1535,中宇            ,2000,0,2000,0,0,0,0,0,0,0,0,0,0,0,0,0,2000
06476P,臺股指永豐98售01,0,0,0,0,0,0,0,0,0,2000,0,0,0,52000,50000,2000,2000
06628P,訊芯元富98售03  ,0,0,0,0,0,0,0,0,0,2000,0,0,0,2000,0,2000,2000
06748P,智邦台新98售02  ,0,0,0,0,0,0,0,0,0,2000,0,0,0,12000,10000,2000,2000
06743P,創意永豐98售03  ,0,0,0,0,0,0,0,0,0,2000,0,0,0,18000,16000,2000,2000
06781P,大立光元大98售19,0,0,0,0,0,0,0,0,0,2000,0,0,0,2000,0,2000,2000
06739P,聯詠兆豐98售02  ,0,0,0,0,0,0,0,0,0,2000,0,0,0,2000,0,2000,2000
05960P,欣興統一96售01  ,0,0,0,0,0,0,0,0,0,2000,0,0,0,6000,4000,2000,2000
05922P,京元電兆豐96售01,0,0,0,0,0,0,0,0,0,2000,0,0,0,2000,0,2000,2000
05983P,聯詠國票96售02  ,0,0,0,0,0,0,0,0,0,2000,0,0,0,2000,0,2000,2000
06311P,嘉聯益元富97售02,0,0,0,0,0,0,0,0,0,2000,0,0,0,42000,40000,2000,2000
06331P,南亞科群益97售04,0,0,0,0,0,0,0,0,0,2000,0,0,0,2000,0,2000,2000
06251P,臺股指永昌97售03,0,0,0,0,0,0,0,0,0,2000,0,0,0,2000,0,2000,2000
06117P,臺股指日盛97售02,0,0,0,0,0,0,0,0,0,2000,0,0,0,2000,0,2000,2000
2881B,富邦金乙特      ,0,0,0,0,0,0,0,0,0,2000,2000,0,2000,0,0,0,2000
2845,遠東銀          ,505000,502000,3000,0,0,0,0,1000,-1000,0,0,0,0,0,0,0,2000
3054,立萬利          ,2000,0,2000,0,0,0,0,0,0,0,0,0,0,0,0,0,2000
4722,國精化          ,3000,1000,2000,0,0,0,0,0,0,0,0,0,0,0,0,0,2000
4755,三福化          ,2000,0,2000,0,0,0,0,0,0,0,0,0,0,0,0,0,2000
8070,長華*           ,16000,19000,-3000,0,0,0,0,0,0,5000,5000,0,5000,0,0,0,2000
6283,淳安            ,26000,24000,2000,0,0,0,0,0,0,0,0,0,0,0,0,0,2000
9908,大台北          ,13000,11000,2000,0,0,0,0,0,0,0,0,0,0,0,0,0,2000
8497,格威傳媒        ,6000,4000,2000,0,0,0,0,0,0,0,0,0,0,0,0,0,2000
056653,元石油元大98購01,0,0,0,0,0,0,0,0,0,1000,0,0,0,21000,20000,1000,1000
056548,瀚宇博凱基98購02,0,0,0,0,0,0,0,0,0,1000,0,0,0,30000,29000,1000,1000
056370,台郡元大98購03  ,0,0,0,0,0,0,0,0,0,1000,0,0,0,71000,70000,1000,1000
056183,南亞科統一97購02,0,0,0,0,0,0,0,0,0,1000,0,0,0,49000,48000,1000,1000
055811,國巨國票98購05  ,0,0,0,0,0,0,0,0,0,1000,0,0,0,1000,0,1000,1000
055640,鴻海元富97購03  ,0,0,0,0,0,0,0,0,0,1000,0,0,0,1000,0,1000,1000
055599,TPK元大97購01   ,0,0,0,0,0,0,0,0,0,1000,0,0,0,400000,399000,1000,1000
055711,上銀元大97購04  ,0,0,0,0,0,0,0,0,0,1000,0,0,0,56000,55000,1000,1000
055448,健策統一97購02  ,0,0,0,0,0,0,0,0,0,1000,0,0,0,1000,0,1000,1000
05544P,台表科元富96售01,0,0,0,0,0,0,0,0,0,1000,0,0,0,1000,0,1000,1000
055495,長榮航元大97購01,0,0,0,0,0,0,0,0,0,1000,0,0,0,15000,14000,1000,1000
057016,中石化凱基9B購01,0,0,0,0,0,0,0,0,0,1000,0,0,0,1000,0,1000,1000
05681P,大立光元大96售05,0,0,0,0,0,0,0,0,0,1000,0,0,0,7000,6000,1000,1000
05694P,台積電凱基96售09,0,0,0,0,0,0,0,0,0,1000,0,0,0,53000,52000,1000,1000
057670,欣興元大99購02  ,0,0,0,0,0,0,0,0,0,1000,0,0,0,56000,55000,1000,1000
057811,南亞科元大98購08,0,0,0,0,0,0,0,0,0,1000,0,0,0,114000,113000,1000,1000
05784P,臺股指元大96售18,0,0,0,0,0,0,0,0,0,1000,0,0,0,1000,0,1000,1000
05755P,臺股指中信99售04,0,0,0,0,0,0,0,0,0,1000,0,0,0,21000,20000,1000,1000
00735,國泰臺韓科技    ,0,0,0,0,0,0,0,0,0,1000,0,0,0,110000,109000,1000,1000
006203,元大MSCI台灣    ,1000,0,1000,0,0,0,0,0,0,0,0,0,0,0,0,0,1000
00682U,元大美元指數    ,0,0,0,0,0,0,0,0,0,1000,0,0,0,41000,40000,1000,1000
042501,台灣50凱基96購06,0,0,0,0,0,0,0,0,0,1000,0,0,0,3000,2000,1000,1000
04151P,日電貿康和93售01,0,0,0,0,0,0,0,0,0,1000,0,0,0,1000,0,1000,1000
04284P,瀚宇博永豐93售01,0,0,0,0,0,0,0,0,0,1000,0,0,0,1000,0,1000,1000
046290,儒鴻統一93購01  ,0,0,0,0,0,0,0,0,0,1000,0,0,0,21000,20000,1000,1000
04379P,大立光元大94售06,0,0,0,0,0,0,0,0,0,1000,0,0,0,1000,0,1000,1000
043696,瑞儀兆豐93購01  ,0,0,0,0,0,0,0,0,0,1000,0,0,0,1000,0,1000,1000
03810P,大立光富邦98售01,0,0,0,0,0,0,0,0,0,1000,0,0,0,1000,0,1000,1000
03926P,麗豐元大93售02  ,0,0,0,0,0,0,0,0,0,1000,0,0,0,1000,0,1000,1000
048711,台郡台新94購01  ,0,0,0,0,0,0,0,0,0,1000,0,0,0,4000,3000,1000,1000
048798,華新科國泰95購01,0,0,0,0,0,0,0,0,0,1000,0,0,0,1000,0,1000,1000
044463,全新兆豐93購01  ,0,0,0,0,0,0,0,0,0,1000,0,0,0,10000,9000,1000,1000
047655,聯發科兆豐93購02,0,0,0,0,0,0,0,0,0,1000,0,0,0,1000,0,1000,1000
04456P,日月光統一94售01,0,0,0,0,0,0,0,0,0,1000,0,0,0,19000,18000,1000,1000
04418P,燿華永豐94售01  ,0,0,0,0,0,0,0,0,0,1000,0,0,0,1000,0,1000,1000
044651,旺宏台新93購01  ,0,0,0,0,0,0,0,0,0,1000,0,0,0,1000,0,1000,1000
046667,晶技元大93購01  ,0,0,0,0,0,0,0,0,0,1000,0,0,0,61000,60000,1000,1000
048108,鴻海群益93購07  ,0,0,0,0,0,0,0,0,0,1000,0,0,0,11000,10000,1000,1000
048109,旺宏群益94購02  ,0,0,0,0,0,0,0,0,0,1000,0,0,0,8000,7000,1000,1000
04718P,亞德客凱基94售03,0,0,0,0,0,0,0,0,0,1000,0,0,0,1000,0,1000,1000
047528,高鐵元大93購03  ,0,0,0,0,0,0,0,0,0,1000,0,0,0,1000,0,1000,1000
04734P,上海銀兆豐94售02,0,0,0,0,0,0,0,0,0,1000,0,0,0,1000,0,1000,1000
050835,GIS凱基96購01   ,0,0,0,0,0,0,0,0,0,1000,0,0,0,1000,0,1000,1000
050829,臻鼎凱基96購01  ,0,0,0,0,0,0,0,0,0,1000,0,0,0,1000,0,1000,1000
050657,宏達電麥證94購01,0,0,0,1000,0,1000,0,0,0,1000,0,0,0,1000,0,1000,1000
051095,貿聯元大95購03  ,0,0,0,0,0,0,0,0,0,1000,0,0,0,92000,91000,1000,1000
047558,臻鼎凱基93購06  ,0,0,0,0,0,0,0,0,0,1000,0,0,0,51000,50000,1000,1000
048545,嘉澤永豐93購03  ,0,0,0,0,0,0,0,0,0,1000,0,0,0,1000,0,1000,1000
047009,大立光統一93購07,0,0,0,0,0,0,0,0,0,1000,0,0,0,1000,0,1000,1000
047763,旺宏元大94購04  ,0,0,0,0,0,0,0,0,0,1000,0,0,0,1000,0,1000,1000
047768,大立光元大95購01,0,0,0,0,0,0,0,0,0,1000,0,0,0,1000,0,1000,1000
047901,復盛群益93購01  ,0,0,0,0,0,0,0,0,0,1000,0,0,0,1000,0,1000,1000
04796P,聯發科元大94售10,0,0,0,0,0,0,0,0,0,1000,0,0,0,1000,0,1000,1000
051568,智邦富邦95購01  ,0,0,0,0,0,0,0,0,0,1000,0,0,0,1000,0,1000,1000
051741,可成國票97購01  ,0,0,0,0,0,0,0,0,0,1000,0,0,0,331000,330000,1000,1000
049629,臺股指群益94購02,0,0,0,0,0,0,0,0,0,1000,0,0,0,1000,0,1000,1000
049655,臺股指凱基94購16,0,0,0,0,0,0,0,0,0,1000,0,0,0,1000,0,1000,1000
049656,臺股指凱基94購17,0,0,0,0,0,0,0,0,0,1000,0,0,0,1000,0,1000,1000
049224,致新國票95購01  ,0,0,0,0,0,0,0,0,0,1000,0,0,0,1000,0,1000,1000
049732,國巨群益94購05  ,0,0,0,0,0,0,0,0,0,1000,0,0,0,1000,0,1000,1000
049490,京元電元大95購02,0,0,0,0,0,0,0,0,0,1000,0,0,0,1000,0,1000,1000
051159,力山元大96購01  ,0,0,0,0,0,0,0,0,0,1000,0,0,0,1000,0,1000,1000
050855,華通台新95購01  ,0,0,0,0,0,0,0,0,0,1000,0,0,0,11000,10000,1000,1000
049522,華通兆豐94購02  ,0,0,0,0,0,0,0,0,0,1000,0,0,0,41000,40000,1000,1000
049591,開發金元大98購01,0,0,0,0,0,0,0,0,0,1000,0,0,0,16000,15000,1000,1000
051264,道瓊反富邦97購01,0,0,0,0,0,0,0,0,0,1000,0,0,0,1000,0,1000,1000
051224,華通群益96購03  ,0,0,0,0,0,0,0,0,0,1000,0,0,0,70000,69000,1000,1000
051229,亞光群益95購01  ,0,0,0,0,0,0,0,0,0,1000,0,0,0,51000,50000,1000,1000
051180,喬山永豐95購03  ,0,0,0,0,0,0,0,0,0,1000,0,0,0,1000,0,1000,1000
05126P,牧德群益95售01  ,0,0,0,0,0,0,0,0,0,1000,0,0,0,1000,0,1000,1000
051348,國巨元大95購07  ,0,0,0,0,0,0,0,0,0,1000,0,0,0,1000,0,1000,1000
052045,瑞昱凱基96購01  ,0,0,0,0,0,0,0,0,0,1000,0,0,0,2000,1000,1000,1000
049916,台光電元大94購06,0,0,0,0,0,0,0,0,0,1000,0,0,0,2000,1000,1000,1000
049854,超眾群益94購02  ,0,0,0,0,0,0,0,0,0,1000,0,0,0,1000,0,1000,1000
049847,旺宏群益94購04  ,0,0,0,0,0,0,0,0,0,1000,0,0,0,15000,14000,1000,1000
049842,道瓊反中信98購01,0,0,0,0,0,0,0,0,0,1000,0,0,0,1000,0,1000,1000
049843,康友中信95購01  ,0,0,0,0,0,0,0,0,0,1000,0,0,0,82000,81000,1000,1000
049819,百和元大94購02  ,0,0,0,0,0,0,0,0,0,1000,0,0,0,1000,0,1000,1000
049793,為升元大94購04  ,0,0,0,0,0,0,0,0,0,1000,0,0,0,1000,0,1000,1000
050149,東元群益94購01  ,0,0,0,0,0,0,0,0,0,1000,0,0,0,1000,0,1000,1000
05113P,臺股指元富95售01,0,0,0,0,0,0,0,0,0,1000,0,0,0,1000,0,1000,1000
050346,康友元富94購03  ,0,0,0,0,0,0,0,0,0,1000,0,0,0,1000,0,1000,1000
050295,大立光凱基94購16,0,0,0,0,0,0,0,0,0,1000,0,0,0,1000,0,1000,1000
052753,電子類元大96購02,0,0,0,0,0,0,0,0,0,1000,0,0,0,3000,2000,1000,1000
052689,玉晶光元大98購03,0,0,0,0,0,0,0,0,0,1000,0,0,0,1000,0,1000,1000
05242P,群創國泰97售01  ,0,0,0,0,0,0,0,0,0,1000,0,0,0,1000,0,1000,1000
052519,旺宏元大95購05  ,0,0,0,0,0,0,0,0,0,1000,0,0,0,243000,242000,1000,1000
052426,國巨台新96購01  ,0,0,0,0,0,0,0,0,0,1000,0,0,0,1000,0,1000,1000
052356,聯詠永豐95購03  ,0,0,0,0,0,0,0,0,0,1000,0,0,0,1000,0,1000,1000
052176,景碩元大96購01  ,0,0,0,0,0,0,0,0,0,1000,0,0,0,1000,0,1000,1000
052157,東元永豐95購01  ,0,0,0,0,0,0,0,0,0,1000,0,0,0,1000,0,1000,1000
054150,國巨國泰97購05  ,0,0,0,0,0,0,0,0,0,1000,0,0,0,1000,0,1000,1000
054307,高鐵凱基98購01  ,0,0,0,0,0,0,0,0,0,1000,0,0,0,1000,0,1000,1000
054454,滬深2X群益96購04,0,0,0,0,0,0,0,0,0,1000,0,0,0,2000,1000,1000,1000
054718,可成永豐97購01  ,0,0,0,0,0,0,0,0,0,1000,0,0,0,41000,40000,1000,1000
054716,緯穎康和97購01  ,0,0,0,0,0,0,0,0,0,1000,0,0,0,1000,0,1000,1000
054697,凌華永豐97購01  ,0,0,0,0,0,0,0,0,0,1000,0,0,0,1000,0,1000,1000
054820,新日興元大97購01,0,0,0,0,0,0,0,0,0,1000,0,0,0,1000,0,1000,1000
054589,聯鈞國泰99購01  ,0,0,0,0,0,0,0,0,0,1000,0,0,0,84000,83000,1000,1000
054586,健鼎國泰99購01  ,0,0,0,0,0,0,0,0,0,1000,0,0,0,27000,26000,1000,1000
05452P,亞德客群益95售02,0,0,0,0,0,0,0,0,0,1000,0,0,0,1000,0,1000,1000
05510P,燿華元富96售01  ,0,0,0,0,0,0,0,0,0,1000,0,0,0,34000,33000,1000,1000
054886,大毅統一97購01  ,0,0,0,0,0,0,0,0,0,1000,0,0,0,10000,9000,1000,1000
054850,上海銀兆豐97購01,0,0,0,0,0,0,0,0,0,1000,0,0,0,1000,0,1000,1000
055409,元黃金富邦01購01,0,0,0,0,0,0,0,0,0,1000,0,0,0,3000,2000,1000,1000
055367,台積電元大97購23,0,0,0,0,0,0,0,0,0,1000,0,0,0,102000,101000,1000,1000
055233,康友國票98購01  ,0,0,0,0,0,0,0,0,0,1000,0,0,0,4000,3000,1000,1000
053210,華邦電凱基97購02,0,0,0,0,0,0,0,0,0,1000,0,0,0,1000,0,1000,1000
05321P,鴻海凱基95售17  ,0,0,0,0,0,0,0,0,0,1000,0,0,0,111000,110000,1000,1000
05335P,臺股指國票95售04,0,0,0,0,0,0,0,0,0,1000,0,0,0,1000,0,1000,1000
052899,和大國票97購01  ,0,0,0,0,0,0,0,0,0,1000,0,0,0,1000,0,1000,1000
052957,T50反1凱基99購01,0,0,0,0,0,0,0,0,0,1000,0,0,0,1000,0,1000,1000
053064,國巨群益96購04  ,0,0,0,0,0,0,0,0,0,1000,0,0,0,1000,0,1000,1000
053959,晶豪科永豐96購02,0,0,0,0,0,0,0,0,0,1000,0,0,0,1000,0,1000,1000
054032,上銀中信96購01  ,0,0,0,0,0,0,0,0,0,1000,0,0,0,1000,0,1000,1000
053790,嘉聯益元大99購02,0,0,0,0,0,0,0,0,0,1000,0,0,0,1000,0,1000,1000
053817,華新科群益97購02,0,0,0,0,0,0,0,0,0,1000,0,0,0,1000,0,1000,1000
053613,元油反群益9A購02,0,0,0,0,0,0,0,0,0,1000,0,0,0,1000,0,1000,1000
053543,臺股指永豐96購02,0,0,0,0,0,0,0,0,0,1000,0,0,0,1000,0,1000,1000
053492,華邦電兆豐97購01,0,0,0,0,0,0,0,0,0,1000,0,0,0,31000,30000,1000,1000
9136,巨騰-DR         ,5000,4000,1000,0,0,0,0,0,0,0,0,0,0,0,0,0,1000
6136,富爾特          ,1000,0,1000,0,0,0,0,0,0,0,0,0,0,0,0,0,1000
6115,鎰勝            ,7000,6000,1000,0,0,0,0,0,0,0,0,0,0,0,0,0,1000
5906,台南-KY         ,3000,2000,1000,0,0,0,0,0,0,0,0,0,0,0,0,0,1000
4536,拓凱            ,16000,26000,-10000,0,0,0,0,0,0,11000,10000,0,10000,1000,0,1000,1000
4555,氣立            ,1000,0,1000,0,0,0,0,0,0,0,0,0,0,0,0,0,1000
3550,聯穎            ,0,0,0,0,0,0,0,0,0,1000,1000,0,1000,0,0,0,1000
3321,同泰            ,30000,29000,1000,0,0,0,0,0,0,0,0,0,0,0,0,0,1000
3032,偉訓            ,4000,3000,1000,0,0,0,0,0,0,0,0,0,0,0,0,0,1000
2891C,中信金丙特      ,0,0,0,0,0,0,0,0,0,1000,1000,0,1000,0,0,0,1000
2936,客思達-KY       ,2000,1000,1000,0,0,0,0,0,0,0,0,0,0,0,0,0,1000
3002,歐格            ,1000,1000,0,0,0,0,0,0,0,1000,1000,0,1000,0,0,0,1000
2497,怡利電          ,1000,0,1000,0,0,0,0,0,0,0,0,0,0,0,0,0,1000
2509,全坤建          ,1000,0,1000,0,0,0,0,0,0,0,1000,1000,0,0,0,0,1000
2597,潤弘            ,4000,3000,1000,0,0,0,0,0,0,0,0,0,0,0,0,0,1000
2540,愛山林          ,1000,0,1000,0,0,0,0,0,0,0,0,0,0,0,0,0,1000
2516,新建            ,1000,0,1000,0,0,0,0,0,0,0,0,0,0,0,0,0,1000
2528,皇普            ,3000,2000,1000,0,0,0,0,0,0,0,0,0,0,0,0,0,1000
2430,燦坤            ,1000,0,1000,0,0,0,0,0,0,0,0,0,0,0,0,0,1000
06133P,帆宣元富97售02  ,0,0,0,0,0,0,0,0,0,1000,0,0,0,3000,2000,1000,1000
06234P,亞德客元大97售02,0,0,0,0,0,0,0,0,0,1000,0,0,0,31000,30000,1000,1000
06184P,大立光元大97售06,0,0,0,0,0,0,0,0,0,1000,0,0,0,1000,0,1000,1000
06263P,燿華凱基97售04  ,0,0,0,0,0,0,0,0,0,1000,0,0,0,1000,0,1000,1000
06289P,臺股指國票97售03,0,0,0,0,0,0,0,0,0,1000,0,0,0,1000,0,1000,1000
06412P,南亞科日盛97售01,0,0,0,0,0,0,0,0,0,1000,0,0,0,1000,0,1000,1000
06437P,玉晶光國票99售01,0,0,0,0,0,0,0,0,0,1000,0,0,0,1000,0,1000,1000
05846P,大立光元大96售07,0,0,0,0,0,0,0,0,0,1000,0,0,0,50000,49000,1000,1000
06727P,台光電元大98售05,0,0,0,0,0,0,0,0,0,1000,0,0,0,1000,0,1000,1000
06853P,華擎元富98售03  ,0,0,0,0,0,0,0,0,0,1000,0,0,0,7000,6000,1000,1000
06606P,訊芯元富98售02  ,0,0,0,0,0,0,0,0,0,1000,0,0,0,1000,0,1000,1000
06570P,大立光永豐98售01,0,0,0,0,0,0,0,0,0,1000,0,0,0,13000,12000,1000,1000
06484P,聯發科凱基98售11,0,0,0,0,0,0,0,0,0,1000,0,0,0,1000,0,1000,1000
06443P,台積電凱基99售01,0,0,0,0,0,0,0,0,0,1000,0,0,0,1000,0,1000,1000
1416,廣豐            ,1000,0,1000,0,0,0,0,0,0,0,0,0,0,0,0,0,1000
1236,宏亞            ,1000,0,1000,0,0,0,0,0,0,0,0,0,0,0,0,0,1000
2243,宏旭-KY         ,2000,1000,1000,0,0,0,0,0,0,0,0,0,0,0,0,0,1000
1583,程泰            ,1000,0,1000,0,0,0,0,0,0,0,0,0,0,0,0,0,1000
1568,倉佑            ,3000,2000,1000,0,0,0,0,0,0,0,0,0,0,0,0,0,1000
2009,第一銅          ,3000,1000,2000,0,0,0,0,0,0,-1000,0,1000,-1000,0,0,0,1000
1903,士紙            ,1000,0,1000,0,0,0,0,0,0,0,0,0,0,0,0,0,1000
1337,再生-KY         ,12000,11627,373,0,0,0,0,0,0,0,0,0,0,0,0,0,373
008201,BP上證50        ,0,0,0,0,0,0,0,0,0,100,0,0,0,100,0,100,100
057528,南亞科元大99購01,0,0,0,0,0,0,0,0,0,0,0,0,0,15000,15000,0,0
057524,旺宏元大99購04  ,80000,0,80000,0,0,0,0,0,0,-80000,0,0,0,1000,81000,-80000,0
057489,奇力新元大99購06,0,0,0,0,0,0,0,0,0,0,0,0,0,24000,24000,0,0
057364,國巨元大98購18  ,0,0,0,0,0,0,0,0,0,0,0,0,0,1000,1000,0,0
057365,智邦元大98購07  ,0,0,0,0,0,0,0,0,0,0,0,0,0,5000,5000,0,0
057378,康友元大98購02  ,0,0,0,0,0,0,0,0,0,0,0,0,0,7000,7000,0,0
057382,聯發科國泰9A購01,0,0,0,0,0,0,0,0,0,0,0,0,0,75000,75000,0,0
057375,欣興元大98購09  ,0,0,0,0,0,0,0,0,0,0,0,0,0,50000,50000,0,0
057320,玉晶光凱基98購01,0,0,0,0,0,0,0,0,0,0,0,0,0,8000,8000,0,0
057283,欣興元大98購07  ,0,0,0,0,0,0,0,0,0,0,0,0,0,18000,18000,0,0
057286,群創元大9B購05  ,0,0,0,0,0,0,0,0,0,0,0,0,0,12000,12000,0,0
057827,康友元大98購03  ,0,0,0,0,0,0,0,0,0,0,0,0,0,5000,5000,0,0
057785,智邦國票99購02  ,0,0,0,0,0,0,0,0,0,0,0,0,0,11000,11000,0,0
057773,技嘉群益9A購02  ,0,0,0,0,0,0,0,0,0,0,0,0,0,73000,73000,0,0
057758,鴻海凱基99購03  ,0,0,0,0,0,0,0,0,0,0,0,0,0,27000,27000,0,0
057759,聯發科凱基98購17,0,0,0,0,0,0,0,0,0,0,0,0,0,93000,93000,0,0
057763,康控凱基99購02  ,0,0,0,0,0,0,0,0,0,0,0,0,0,27000,27000,0,0
057741,超眾富邦98購01  ,0,0,0,0,0,0,0,0,0,0,0,0,0,1000,1000,0,0
057747,致新永豐98購01  ,0,0,0,0,0,0,0,0,0,0,0,0,0,27000,27000,0,0
057671,群創元大9B購06  ,0,0,0,0,0,0,0,0,0,0,0,0,0,150000,150000,0,0
057652,欣興永昌9C購01  ,0,0,0,0,0,0,0,0,0,0,0,0,0,14000,14000,0,0
057704,台虹群益98購03  ,0,0,0,0,0,0,0,0,0,0,0,0,0,21000,21000,0,0
05769P,台積電凱基96售16,0,0,0,0,0,0,0,0,0,0,0,0,0,1000,1000,0,0
057619,玉晶光凱基98購02,0,0,0,0,0,0,0,0,0,0,0,0,0,3000,3000,0,0
057601,中磊群益98購01  ,0,0,0,0,0,0,0,0,0,0,0,0,0,10000,10000,0,0
057597,華通群益9A購02  ,0,0,0,0,0,0,0,0,0,0,0,0,0,17000,17000,0,0
057598,鴻海群益98購07  ,0,0,0,0,0,0,0,0,0,0,0,0,0,26000,26000,0,0
056892,旺宏元大9A購02  ,0,0,0,0,0,0,0,0,0,0,0,0,0,6000,6000,0,0
056800,臺股指麥證98購01,0,0,0,11000,11000,0,0,0,0,0,0,0,0,11000,11000,0,0
056808,台積電統一98購06,0,0,0,0,0,0,0,0,0,0,0,0,0,193000,193000,0,0
056731,國巨凱基98購04  ,0,0,0,0,0,0,0,0,0,0,0,0,0,10000,10000,0,0
056687,元大金統一98購01,0,0,0,0,0,0,0,0,0,0,0,0,0,58000,58000,0,0
056678,力成元富98購01  ,0,0,0,0,0,0,0,0,0,0,0,0,0,10000,10000,0,0
057050,群創元大99購03  ,0,0,0,0,0,0,0,0,0,0,0,0,0,17000,17000,0,0
057051,群創元大9B購03  ,0,0,0,0,0,0,0,0,0,0,0,0,0,72000,72000,0,0
057077,國巨統一98購06  ,1000,0,1000,0,0,0,0,0,0,-1000,0,0,0,10000,11000,-1000,0
05709P,大立光國票97售01,0,0,0,0,0,0,0,0,0,0,0,0,0,17000,17000,0,0
057096,緯穎元富98購01  ,0,0,0,0,0,0,0,0,0,0,0,0,0,1000,1000,0,0
057120,茂林康和98購01  ,0,0,0,0,0,0,0,0,0,0,0,0,0,68000,68000,0,0
057129,聯發科凱基99購03,0,0,0,0,0,0,0,0,0,0,0,0,0,5000,5000,0,0
05715P,創意元富96售05  ,0,0,0,0,0,0,0,0,0,0,0,0,0,93000,93000,0,0
05717P,鴻海元大97售07  ,0,0,0,0,0,0,0,0,0,0,0,0,0,34000,34000,0,0
057184,群創元大98購05  ,0,0,0,0,0,0,0,0,0,0,0,0,0,18000,18000,0,0
057165,國巨元大99購05  ,0,0,0,0,0,0,0,0,0,0,0,0,0,1000,1000,0,0
057223,富邦金日盛99購01,0,0,0,0,0,0,0,0,0,0,0,0,0,48000,48000,0,0
05545P,台表科國泰98售01,0,0,0,0,0,0,0,0,0,0,0,0,0,2000,2000,0,0
055536,嘉聯益群益99購02,0,0,0,0,0,0,0,0,0,0,0,0,0,13000,13000,0,0
055537,康友群益97購03  ,0,0,0,0,0,0,0,0,0,0,0,0,0,7000,7000,0,0
055694,光罩國票98購01  ,0,0,0,0,0,0,0,0,0,0,0,0,0,40000,40000,0,0
055598,欣興元大97購03  ,0,0,0,0,0,0,0,0,0,0,0,0,0,14000,14000,0,0
055602,康控元大97購03  ,0,0,0,0,0,0,0,0,0,0,0,0,0,45000,45000,0,0
055612,台光電國票97購04,0,0,0,0,0,0,0,0,0,0,0,0,0,10000,10000,0,0
05578P,鴻海凱基96售11  ,0,0,0,0,0,0,0,0,0,0,0,0,0,2000,2000,0,0
055780,禾伸堂凱基99購01,0,0,0,0,0,0,0,0,0,0,0,0,0,10000,10000,0,0
055842,建準元大98購01  ,0,0,0,0,0,0,0,0,0,0,0,0,0,10000,10000,0,0
055961,國泰金元大97購01,0,0,0,0,0,0,0,0,0,0,0,0,0,68000,68000,0,0
056061,國泰金元大97購02,0,0,0,0,0,0,0,0,0,0,0,0,0,68000,68000,0,0
056062,大立光元大97購12,0,0,0,0,0,0,0,0,0,0,0,0,0,1000,1000,0,0
056210,矽創永豐97購02  ,0,0,0,0,0,0,0,0,0,0,0,0,0,68000,68000,0,0
056153,華新科凱基97購02,0,0,0,0,0,0,0,0,0,0,0,0,0,45000,45000,0,0
056071,創意元大97購02  ,0,0,0,0,0,0,0,0,0,0,0,0,0,16000,16000,0,0
056068,欣興元大97購05  ,0,0,0,0,0,0,0,0,0,0,0,0,0,22000,22000,0,0
056343,高鐵凱基98購02  ,0,0,0,0,0,0,0,0,0,0,0,0,0,10000,10000,0,0
056336,南亞科凱基98購02,0,0,0,0,0,0,0,0,0,0,0,0,0,7000,7000,0,0
056337,聯發科凱基98購06,0,0,0,0,0,0,0,0,0,0,0,0,0,68000,68000,0,0
056248,康友群益97購04  ,0,0,0,0,0,0,0,0,0,0,0,0,0,14000,14000,0,0
056283,鴻海永豐97購03  ,0,0,0,0,0,0,0,0,0,0,0,0,0,30000,30000,0,0
056549,嘉聯益凱基98購04,0,0,0,0,0,0,0,0,0,0,0,0,0,180000,180000,0,0
056567,瀚宇博群益98購02,0,0,0,0,0,0,0,0,0,0,0,0,0,20000,20000,0,0
056559,華通群益98購02  ,0,0,0,0,0,0,0,0,0,0,0,0,0,5000,5000,0,0
056571,燿華元大98購02  ,0,0,0,0,0,0,0,0,0,0,0,0,0,33000,33000,0,0
05663P,創意元富96售04  ,0,0,0,0,0,0,0,0,0,0,0,0,0,92000,92000,0,0
056498,A50正2富邦9B購01,0,0,0,0,0,0,0,0,0,0,0,0,0,70000,70000,0,0
05645P,聯發科凱基96售13,0,0,0,0,0,0,0,0,0,0,0,0,0,8000,8000,0,0
056450,可成凱基98購05  ,0,0,0,0,0,0,0,0,0,0,0,0,0,22000,22000,0,0
056444,南亞科凱基99購01,0,0,0,0,0,0,0,0,0,0,0,0,0,14000,14000,0,0
056455,群創凱基9A購01  ,0,0,0,0,0,0,0,0,0,0,0,0,0,100000,100000,0,0
056442,瑞昱凱基98購02  ,0,0,0,0,0,0,0,0,0,0,0,0,0,122000,122000,0,0
056421,鴻海統一98購08  ,0,0,0,0,0,0,0,0,0,0,0,0,0,4000,4000,0,0
00775B,新光投等債15+   ,0,0,0,0,0,0,0,0,0,0,0,0,0,2000,2000,0,0
020008,元大特股高息N   ,0,0,0,0,0,0,0,0,0,0,0,0,0,59000,59000,0,0
04047P,華邦電元大94售03,0,0,0,0,0,0,0,0,0,0,0,0,0,3000,3000,0,0
04093P,上銀國票94售02  ,0,0,0,0,0,0,0,0,0,0,0,0,0,400000,400000,0,0
00732,國泰RMB短期報酬 ,0,0,0,0,0,0,0,0,0,0,0,0,0,100000,100000,0,0
00714,群益道瓊美國地產,0,16000,-16000,0,0,0,0,0,0,16000,0,0,0,116000,100000,16000,0
00668K,國泰美國道瓊+U  ,0,0,0,0,0,0,0,0,0,0,0,0,0,100,100,0,0
00657,國泰日經225     ,0,0,0,0,0,0,0,0,0,0,0,0,0,101000,101000,0,0
00657K,國泰日經225+U   ,0,0,0,0,0,0,0,0,0,0,0,0,0,100,100,0,0
00660,元大歐洲50      ,0,0,0,0,0,0,0,0,0,0,0,0,0,2000,2000,0,0
006204,永豐臺灣加權    ,0,0,0,0,0,0,0,0,0,0,0,0,0,6000,6000,0,0
00625K,富邦上証+R      ,0,0,0,0,0,0,0,0,0,0,0,0,0,50000,50000,0,0
00636K,國泰中國A50+U   ,0,0,0,0,0,0,0,0,0,0,0,0,0,100,100,0,0
03029X,元展26          ,0,0,0,0,0,0,0,0,0,0,0,0,0,61000,61000,0,0
03351P,台積電麥證02售07,0,0,0,0,0,0,0,0,0,0,0,0,0,6000,6000,0,0
03366P,TPK元大02售03   ,0,0,0,0,0,0,0,0,0,0,0,0,0,10000,10000,0,0
04174P,上銀群益93售06  ,0,0,0,0,0,0,0,0,0,0,0,0,0,30000,30000,0,0
042692,台灣50凱基96購09,0,0,0,0,0,0,0,0,0,0,0,0,0,1000,1000,0,0
03936P,上銀元大93售06  ,0,0,0,0,0,0,0,0,0,0,0,0,0,10000,10000,0,0
03882P,鴻海元大93售10  ,0,0,0,0,0,0,0,0,0,0,0,0,0,400000,400000,0,0
04014P,聯發科元大93售18,0,0,0,0,0,0,0,0,0,0,0,0,0,50000,50000,0,0
03965P,上銀國票94售01  ,0,0,0,0,0,0,0,0,0,0,0,0,0,100000,100000,0,0
04367P,滬深2X凱基95售04,0,0,0,0,0,0,0,0,0,0,0,0,0,1000,1000,0,0
04344P,台達電國泰94售01,0,0,0,0,0,0,0,0,0,0,0,0,0,20000,20000,0,0
043757,欣興元大93購01  ,0,0,0,0,0,0,0,0,0,0,0,0,0,11000,11000,0,0
042993,葡萄王元大94購01,0,0,0,0,0,0,0,0,0,0,0,0,0,158000,158000,0,0
04591P,上銀元大94售01  ,0,0,0,0,0,0,0,0,0,0,0,0,0,100000,100000,0,0
04341P,美律永豐93售03  ,0,0,0,0,0,0,0,0,0,0,0,0,0,120000,120000,0,0
043391,康控元大94購01  ,0,0,0,0,0,0,0,0,0,0,0,0,0,5000,5000,0,0
046492,旺宏富邦94購02  ,0,0,0,0,0,0,0,0,0,0,0,0,0,10000,10000,0,0
044224,超眾凱基93購01  ,0,0,0,0,0,0,0,0,0,0,0,0,0,6000,6000,0,0
044255,群創元大93購01  ,0,350000,-350000,0,0,0,0,0,0,350000,0,0,0,350000,0,350000,0
044264,大立光富邦93購03,0,0,0,0,0,0,0,0,0,0,0,0,0,20000,20000,0,0
04645P,禾伸堂凱基94售03,0,0,0,0,0,0,0,0,0,0,0,0,0,20000,20000,0,0
04644P,全新凱基94售01  ,0,0,0,0,0,0,0,0,0,0,0,0,0,10000,10000,0,0
044011,鴻海凱基93購03  ,0,0,0,0,0,0,0,0,0,0,0,0,0,74000,74000,0,0
045331,旺宏群益94購01  ,0,0,0,0,0,0,0,0,0,0,0,0,0,1000,1000,0,0
045228,泰鼎元大93購01  ,0,0,0,0,0,0,0,0,0,0,0,0,0,10000,10000,0,0
04528P,智原凱基94售01  ,0,0,0,0,0,0,0,0,0,0,0,0,0,41000,41000,0,0
045643,臻鼎凱基93購01  ,0,0,0,0,0,0,0,0,0,0,0,0,0,20000,20000,0,0
045626,上銀凱基93購05  ,0,0,0,0,0,0,0,0,0,0,0,0,0,10000,10000,0,0
045585,欣興元大93購03  ,0,0,0,0,0,0,0,0,0,0,0,0,0,13000,13000,0,0
04478P,元油2X中信95售03,0,0,0,0,0,0,0,0,0,0,0,0,0,10000,10000,0,0
044908,玉晶光凱基93購01,0,0,0,0,0,0,0,0,0,0,0,0,0,16000,16000,0,0
045149,聯發科凱基93購02,0,0,0,0,0,0,0,0,0,0,0,0,0,10000,10000,0,0
046693,台積電凱基93購03,0,0,0,0,0,0,0,0,0,0,0,0,0,33000,33000,0,0
047634,亞德客元大93購01,0,0,0,0,0,0,0,0,0,0,0,0,0,10000,10000,0,0
047696,聯發科國票94購02,0,0,0,0,0,0,0,0,0,0,0,0,0,100000,100000,0,0
04439P,聯發科群益94售04,0,0,0,0,0,0,0,0,0,0,0,0,0,19000,19000,0,0
044401,亞光凱基93購01  ,0,0,0,0,0,0,0,0,0,0,0,0,0,10000,10000,0,0
04449P,智邦凱基94售01  ,0,0,0,0,0,0,0,0,0,0,0,0,0,100000,100000,0,0
045782,欣興元大93購04  ,0,0,0,0,0,0,0,0,0,0,0,0,0,13000,13000,0,0
045679,欣興元大94購01  ,0,0,0,0,0,0,0,0,0,0,0,0,0,13000,13000,0,0
045660,欣興富邦93購03  ,0,0,0,0,0,0,0,0,0,0,0,0,0,12000,12000,0,0
048814,上銀凱基94購01  ,0,0,0,0,0,0,0,0,0,0,0,0,0,10000,10000,0,0
04882P,鴻海凱基94售19  ,0,0,0,0,0,0,0,0,0,0,0,0,0,2000,2000,0,0
048831,玉晶光凱基95購01,0,0,0,0,0,0,0,0,0,0,0,0,0,7000,7000,0,0
048704,台表科國票95購01,0,0,0,0,0,0,0,0,0,0,0,0,0,24000,24000,0,0
048001,中工元大96購01  ,0,0,0,0,0,0,0,0,0,0,0,0,0,111000,111000,0,0
047988,志超群益93購02  ,0,0,0,0,0,0,0,0,0,0,0,0,0,10000,10000,0,0
047945,滬深2X統一94購01,0,0,0,0,0,0,0,0,0,0,0,0,0,136000,136000,0,0
047916,台積電凱基93購22,0,0,0,0,0,0,0,0,0,0,0,0,0,10000,10000,0,0
047911,晶技麥證94購01  ,0,0,0,7000,0,7000,0,0,0,0,0,0,0,7000,7000,0,0
049101,聯詠國泰95購01  ,0,0,0,0,0,0,0,0,0,0,0,0,0,10000,10000,0,0
049079,聯發科凱基94購04,0,0,0,0,0,0,0,0,0,0,0,0,0,10000,10000,0,0
047855,美律國票94購01  ,0,0,0,0,0,0,0,0,0,0,0,0,0,5000,5000,0,0
047883,臺股指永昌93購01,0,0,0,0,0,0,0,0,0,0,0,0,0,30000,30000,0,0
049046,同欣電兆豐94購01,0,0,0,0,0,0,0,0,0,0,0,0,0,20000,20000,0,0
04893P,創意元大94售03  ,0,0,0,0,0,0,0,0,0,0,0,0,0,50000,50000,0,0
049156,緯穎元大96購01  ,0,0,0,0,0,0,0,0,0,0,0,0,0,5000,5000,0,0
048908,慧洋富邦95購01  ,0,0,0,0,0,0,0,0,0,0,0,0,0,5000,5000,0,0
048892,台郡元富97購01  ,0,0,0,0,0,0,0,0,0,0,0,0,0,10000,10000,0,0
046988,南亞科凱基93購02,0,0,0,0,0,0,0,0,0,0,0,0,0,10000,10000,0,0
046973,矽力群益93購01  ,0,0,0,0,0,0,0,0,0,0,0,0,0,20000,20000,0,0
04693P,超眾群益95售01  ,0,0,0,0,0,0,0,0,0,0,0,0,0,11000,11000,0,0
048592,漢唐群益93購04  ,0,0,0,0,0,0,0,0,0,0,0,0,0,1000,1000,0,0
04863P,技嘉元大94售02  ,0,0,0,0,0,0,0,0,0,0,0,0,0,6000,6000,0,0
048200,欣興元大93購07  ,0,0,0,0,0,0,0,0,0,0,0,0,0,13000,13000,0,0
04823P,台積電元富94售09,0,0,0,0,0,0,0,0,0,0,0,0,0,10000,10000,0,0
04853P,易華電永豐94售03,0,0,0,0,0,0,0,0,0,0,0,0,0,27000,27000,0,0
048544,欣興永豐94購01  ,0,0,0,0,0,0,0,0,0,0,0,0,0,17000,17000,0,0
048534,貿聯國票94購01  ,0,0,0,0,0,0,0,0,0,0,0,0,0,10000,10000,0,0
048500,樺漢元大93購03  ,0,0,0,0,0,0,0,0,0,0,0,0,0,33000,33000,0,0
048488,大立光富邦93購05,0,0,0,0,0,0,0,0,0,0,0,0,0,5000,5000,0,0
04856P,光磊元富94售01  ,0,0,0,0,0,0,0,0,0,0,0,0,0,10000,10000,0,0
048552,鴻海元大94購03  ,0,0,0,0,0,0,0,0,0,0,0,0,0,76000,76000,0,0
046872,全新元富93購02  ,0,0,0,0,0,0,0,0,0,0,0,0,0,10000,10000,0,0
048406,欣興群益93購09  ,0,0,0,0,0,0,0,0,0,0,0,0,0,14000,14000,0,0
048397,TPK國票94購02   ,0,0,0,0,0,0,0,0,0,0,0,0,0,20000,20000,0,0
048346,智易元大95購01  ,0,0,0,0,0,0,0,0,0,0,0,0,0,30000,30000,0,0
047533,瑞儀元大93購02  ,0,0,0,0,0,0,0,0,0,0,0,0,0,1000,1000,0,0
047546,瑞昱凱基93購06  ,0,0,0,0,0,0,0,0,0,0,0,0,0,10000,10000,0,0
051099,台郡元大95購03  ,0,0,0,0,0,0,0,0,0,0,0,0,0,50000,50000,0,0
050660,欣興元大96購02  ,0,0,0,0,0,0,0,0,0,0,0,0,0,15000,15000,0,0
050633,義隆群益96購02  ,0,0,0,0,0,0,0,0,0,0,0,0,0,10000,10000,0,0
05106P,鴻海永豐95售02  ,0,0,0,0,0,0,0,0,0,0,0,0,0,1000,1000,0,0
051065,台積電國票96購01,0,0,0,0,0,0,0,0,0,0,0,0,0,18000,18000,0,0
051076,緯創國泰96購01  ,0,0,0,0,0,0,0,0,0,0,0,0,0,45000,45000,0,0
050809,鴻海凱基95購08  ,0,0,0,0,0,0,0,0,0,0,0,0,0,35000,35000,0,0
050789,矽創國泰96購01  ,0,0,0,0,0,0,0,0,0,0,0,0,0,10000,10000,0,0
050766,燿華元大96購02  ,0,0,0,0,0,0,0,0,0,0,0,0,0,28000,28000,0,0
050750,上銀統一94購02  ,0,0,0,0,0,0,0,0,0,0,0,0,0,10000,10000,0,0
047476,鴻海凱基94購08  ,0,0,0,0,0,0,0,0,0,0,0,0,0,54000,54000,0,0
047227,華新科凱基94購01,0,0,0,0,0,0,0,0,0,0,0,0,0,10000,10000,0,0
047144,華通群益94購01  ,0,0,0,0,0,0,0,0,0,0,0,0,0,26000,26000,0,0
047179,台積電元大93購17,0,0,0,0,0,0,0,0,0,0,0,0,0,422000,422000,0,0
047343,台達電中信95購01,0,0,0,0,0,0,0,0,0,0,0,0,0,10000,10000,0,0
048113,欣興群益93購08  ,0,0,0,0,0,0,0,0,0,0,0,0,0,15000,15000,0,0
048033,大立光凱基93購28,0,0,0,0,0,0,0,0,0,0,0,0,0,60000,60000,0,0
048055,燿華國泰95購02  ,0,0,0,0,0,0,0,0,0,0,0,0,0,6000,6000,0,0
048094,大立光凱基93購31,0,0,0,0,0,0,0,0,0,0,0,0,0,30000,30000,0,0
049030,凌華群益94購01  ,0,0,0,0,0,0,0,0,0,0,0,0,0,10000,10000,0,0
048019,GIS麥證94購01   ,0,0,0,10000,10000,0,0,0,0,0,0,0,0,10000,10000,0,0
046804,群創元大94購01  ,0,0,0,0,0,0,0,0,0,0,0,0,0,11000,11000,0,0
052148,康友群益95購03  ,0,0,0,0,0,0,0,0,0,0,0,0,0,9000,9000,0,0
052217,台光電日盛95購01,0,0,0,0,0,0,0,0,0,0,0,0,0,2000,2000,0,0
052171,台積電元大95購21,0,0,0,0,0,0,0,0,0,0,0,0,0,140000,140000,0,0
052188,欣興群益95購03  ,0,0,0,0,0,0,0,0,0,0,0,0,0,16000,16000,0,0
052230,大立光凱基96購09,0,0,0,0,0,0,0,0,0,0,0,0,0,4000,4000,0,0
052229,奇力新凱基96購01,0,0,0,0,0,0,0,0,0,0,0,0,0,11000,11000,0,0
052257,燿華國泰96購01  ,0,0,0,0,0,0,0,0,0,0,0,0,0,7000,7000,0,0
052280,聯發科凱基95購11,0,0,0,0,0,0,0,0,0,0,0,0,0,78000,78000,0,0
05231P,GIS群益95售03   ,0,0,0,0,0,0,0,0,0,0,0,0,0,16000,16000,0,0
052320,緯創元大95購05  ,0,0,0,0,0,0,0,0,0,0,0,0,0,92000,92000,0,0
052427,上証2X永豐96購01,0,0,0,0,0,0,0,0,0,0,0,0,0,190000,190000,0,0
052372,台泥元大95購02  ,0,0,0,0,0,0,0,0,0,0,0,0,0,168000,168000,0,0
052511,聯發科凱基95購14,0,0,0,0,0,0,0,0,0,0,0,0,0,68000,68000,0,0
052520,南亞科元大95購06,0,0,0,0,0,0,0,0,0,0,0,0,0,10000,10000,0,0
052525,聯詠元大95購06  ,0,0,0,0,0,0,0,0,0,0,0,0,0,1000,1000,0,0
05249P,臻鼎國票95售01  ,0,0,0,0,0,0,0,0,0,0,0,0,0,10000,10000,0,0
052495,滬深2X台新95購01,0,0,0,0,0,0,0,0,0,0,0,0,0,300000,300000,0,0
052432,康友永豐95購04  ,0,0,0,0,0,0,0,0,0,0,0,0,0,9000,9000,0,0
05244P,台積電元大95售17,0,0,0,0,0,0,0,0,0,0,0,0,0,1249000,1249000,0,0
052481,利勤群益95購01  ,0,0,0,0,0,0,0,0,0,0,0,0,0,30000,30000,0,0
05266P,華新科元大95售11,0,0,0,0,0,0,0,0,0,0,0,0,0,250000,250000,0,0
052580,高鐵元富96購01  ,0,0,0,0,0,0,0,0,0,0,0,0,0,30000,30000,0,0
052534,貿聯國泰96購02  ,0,0,0,0,0,0,0,0,0,0,0,0,0,10000,10000,0,0
052566,國巨凱基96購04  ,0,0,0,0,0,0,0,0,0,0,0,0,0,10000,10000,0,0
052724,力成統一97購01  ,0,0,0,0,0,0,0,0,0,0,0,0,0,10000,10000,0,0
052722,群創統一97購02  ,0,0,0,0,0,0,0,0,0,0,0,0,0,30000,30000,0,0
05273P,國巨群益95售02  ,0,0,0,0,0,0,0,0,0,0,0,0,0,200000,200000,0,0
052799,上銀元大96購01  ,0,0,0,0,0,0,0,0,0,0,0,0,0,45000,45000,0,0
05279P,上銀元大95售02  ,0,0,0,0,0,0,0,0,0,0,0,0,0,100000,100000,0,0
051137,聯詠永豐95購01  ,0,0,0,0,0,0,0,0,0,0,0,0,0,40000,40000,0,0
050194,臻鼎元大94購03  ,0,0,0,0,0,0,0,0,0,0,0,0,0,1000,1000,0,0
050195,上海銀元大94購03,0,0,0,0,0,0,0,0,0,0,0,0,0,100000,100000,0,0
050187,群創元大94購03  ,0,0,0,0,0,0,0,0,0,0,0,0,0,22000,22000,0,0
050264,聯發科元大94購13,0,0,0,0,0,0,0,0,0,0,0,0,0,150000,150000,0,0
050269,欣興元大94購09  ,0,0,0,0,0,0,0,0,0,0,0,0,0,15000,15000,0,0
05026P,貿聯群益95售01  ,0,0,0,0,0,0,0,0,0,0,0,0,0,3000,3000,0,0
050262,台積電元大94購21,0,0,0,0,0,0,0,0,0,0,0,0,0,4000,4000,0,0
050238,瑞昱凱基94購05  ,0,0,0,0,0,0,0,0,0,0,0,0,0,12000,12000,0,0
05024P,華通國票96售01  ,0,0,0,0,0,0,0,0,0,0,0,0,0,50000,50000,0,0
050250,台郡凱基94購03  ,0,0,0,0,0,0,0,0,0,0,0,0,0,10000,10000,0,0
050150,國巨群益95購01  ,0,0,0,0,0,0,0,0,0,0,0,0,0,2000,2000,0,0
050131,新光金凱基94購01,0,0,0,0,0,0,0,0,0,0,0,0,0,5000,5000,0,0
050113,欣興元大95購05  ,0,0,0,0,0,0,0,0,0,0,0,0,0,14000,14000,0,0
049804,華固元大94購01  ,0,0,0,0,0,0,0,0,0,0,0,0,0,74000,74000,0,0
049812,致伸元大94購03  ,0,0,0,0,0,0,0,0,0,0,0,0,0,20000,20000,0,0
049810,欣興元大95購03  ,0,0,0,0,0,0,0,0,0,0,0,0,0,17000,17000,0,0
049815,緯穎元大94購06  ,0,0,0,0,0,0,0,0,0,0,0,0,0,4000,4000,0,0
049911,智邦元大94購05  ,0,0,0,0,0,0,0,0,0,0,0,0,0,68000,68000,0,0
049924,欣興元大95購04  ,0,0,0,0,0,0,0,0,0,0,0,0,0,15000,15000,0,0
049937,臺股指元大94購18,0,0,0,0,0,0,0,0,0,0,0,0,0,1000,1000,0,0
049955,崇越群益95購01  ,0,0,0,0,0,0,0,0,0,0,0,0,0,10000,10000,0,0
051914,健策元大96購06  ,0,0,0,0,0,0,0,0,0,0,0,0,0,100000,100000,0,0
05189P,新光金凱基97售02,0,0,0,0,0,0,0,0,0,0,0,0,0,26000,26000,0,0
052054,台表科凱基96購01,0,0,0,0,0,0,0,0,0,0,0,0,0,9000,9000,0,0
052077,可成元富98購02  ,0,0,0,0,0,0,0,0,0,0,0,0,0,40000,40000,0,0
052108,鴻海元富95購11  ,0,0,0,0,0,0,0,0,0,0,0,0,0,29000,29000,0,0
052122,新光金國票96購01,0,0,0,0,0,0,0,0,0,0,0,0,0,50000,50000,0,0
052105,南亞科兆豐95購01,0,0,0,0,0,0,0,0,0,0,0,0,0,10000,10000,0,0
051989,華固元大95購02  ,0,0,0,0,0,0,0,0,0,0,0,0,0,68000,68000,0,0
052022,南電永豐95購03  ,0,0,0,0,0,0,0,0,0,0,0,0,0,82000,82000,0,0
051996,康友元大95購01  ,0,0,0,0,0,0,0,0,0,0,0,0,0,4000,4000,0,0
05135P,鴻海凱基96售07  ,0,0,0,0,0,0,0,0,0,0,0,0,0,2000,2000,0,0
051337,欣興永豐95購02  ,0,0,0,0,0,0,0,0,0,0,0,0,0,15000,15000,0,0
051287,台積電統一95購05,0,0,0,0,0,0,0,0,0,0,0,0,0,20000,20000,0,0
05122P,鴻海永昌96售06  ,0,0,0,0,0,0,0,0,0,0,0,0,0,139000,139000,0,0
05125P,鴻海群益95售06  ,0,0,0,0,0,0,0,0,0,0,0,0,0,10000,10000,0,0
049592,欣興元大96購01  ,0,0,0,0,0,0,0,0,0,0,0,0,0,16000,16000,0,0
049571,華固統一94購02  ,0,0,0,0,0,0,0,0,0,0,0,0,0,50000,50000,0,0
050470,智邦台新94購01  ,0,0,0,0,0,0,0,0,0,0,0,0,0,38000,38000,0,0
051738,全新國票96購02  ,0,0,0,0,0,0,0,0,0,0,0,0,0,38000,38000,0,0
051704,智邦群益95購02  ,0,0,0,0,0,0,0,0,0,0,0,0,0,25000,25000,0,0
050513,亞泥元大94購02  ,0,0,0,0,0,0,0,0,0,0,0,0,0,75000,75000,0,0
050505,可成凱基94購12  ,0,0,0,0,0,0,0,0,0,0,0,0,0,68000,68000,0,0
051670,欣興元大95購06  ,0,0,0,0,0,0,0,0,0,0,0,0,0,216000,216000,0,0
049518,宏達電國票95購02,0,0,0,0,0,0,0,0,0,0,0,0,0,10000,10000,0,0
051013,旺宏凱基95購03  ,0,0,0,0,0,0,0,0,0,0,0,0,0,2000,2000,0,0
050994,欣興元大96購03  ,0,0,0,0,0,0,0,0,0,0,0,0,0,14000,14000,0,0
05098P,鴻海凱基95售15  ,0,0,0,0,0,0,0,0,0,0,0,0,0,50000,50000,0,0
050610,鴻海元大94購24  ,0,0,0,0,0,0,0,0,0,0,0,0,0,573000,573000,0,0
050429,漢唐凱基94購04  ,0,0,0,0,0,0,0,0,0,0,0,0,0,4000,4000,0,0
050419,鴻海凱基95購02  ,0,0,0,0,0,0,0,0,0,0,0,0,0,11000,11000,0,0
050865,欣興永豐95購01  ,0,0,0,0,0,0,0,0,0,0,0,0,0,16000,16000,0,0
05089P,亞德客元大95售01,0,0,0,0,0,0,0,0,0,0,0,0,0,150000,150000,0,0
050901,樺漢元大95購02  ,0,0,0,0,0,0,0,0,0,0,0,0,0,61000,61000,0,0
050881,大立光元富95購04,0,0,0,0,0,0,0,0,0,0,0,0,0,2000,2000,0,0
050909,華夏中信95購01  ,0,0,0,0,0,0,0,0,0,0,0,0,0,10000,10000,0,0
051150,宏達電凱基95購02,0,0,0,0,0,0,0,0,0,0,0,0,0,2000,2000,0,0
049495,欣興元大94購06  ,0,0,0,0,0,0,0,0,0,0,0,0,0,14000,14000,0,0
049455,上海銀統一94購02,0,0,0,0,0,0,0,0,0,0,0,0,0,10000,10000,0,0
049488,智邦元大95購01  ,0,0,0,0,0,0,0,0,0,0,0,0,0,9000,9000,0,0
049706,世紀鋼元大95購02,0,0,0,0,0,0,0,0,0,0,0,0,0,50000,50000,0,0
049410,統一凱基94購02  ,0,0,0,0,0,0,0,0,0,0,0,0,0,1000,1000,0,0
04938P,亞德客國票95售01,0,0,0,0,0,0,0,0,0,0,0,0,0,20000,20000,0,0
049693,可成元大94購08  ,0,0,0,0,0,0,0,0,0,0,0,0,0,100000,100000,0,0
049330,元上證統一94購03,0,0,0,0,0,0,0,0,0,0,0,0,0,20000,20000,0,0
049381,欣興元大94購05  ,0,0,0,0,0,0,0,0,0,0,0,0,0,11000,11000,0,0
049333,深中小統一94購03,0,0,0,0,0,0,0,0,0,0,0,0,0,10000,10000,0,0
049356,台積電富邦94購05,0,0,0,0,0,0,0,0,0,0,0,0,0,88000,88000,0,0
049344,華固統一94購01  ,0,0,0,0,0,0,0,0,0,0,0,0,0,10000,10000,0,0
049228,台塑富邦94購01  ,0,0,0,0,0,0,0,0,0,0,0,0,0,90000,90000,0,0
049685,T50反1元大94購01,0,0,0,0,0,0,0,0,0,0,0,0,0,50000,50000,0,0
049266,和碩元大94購01  ,0,0,0,0,0,0,0,0,0,0,0,0,0,17000,17000,0,0
050516,華通元大95購05  ,0,0,0,0,0,0,0,0,0,0,0,0,0,31000,31000,0,0
05187P,力山凱基95售01  ,0,0,0,0,0,0,0,0,0,0,0,0,0,10000,10000,0,0
051637,嘉聯益國票96購01,0,0,0,0,0,0,0,0,0,0,0,0,0,111000,111000,0,0
051647,華新科永豐95購02,0,0,0,0,0,0,0,0,0,0,0,0,0,25000,25000,0,0
051586,國泰金元大96購01,0,0,0,0,0,0,0,0,0,0,0,0,0,68000,68000,0,0
051608,新日興群益96購01,0,0,0,0,0,0,0,0,0,0,0,0,0,22000,22000,0,0
051776,上証2X群益99購01,0,0,0,0,0,0,0,0,0,0,0,0,0,170000,170000,0,0
051787,燿華國票96購02  ,0,0,0,0,0,0,0,0,0,0,0,0,0,20000,20000,0,0
051778,全新群益95購01  ,0,0,0,0,0,0,0,0,0,0,0,0,0,101000,101000,0,0
051764,欣興元大95購07  ,0,0,0,0,0,0,0,0,0,0,0,0,0,9000,9000,0,0
051542,南茂國票96購01  ,0,0,0,0,0,0,0,0,0,0,0,0,0,20000,20000,0,0
051468,智邦日盛95購01  ,0,0,0,0,0,0,0,0,0,0,0,0,0,10000,10000,0,0
05146P,鴻海元大95售10  ,0,0,0,0,0,0,0,0,0,0,0,0,0,325000,325000,0,0
05147P,鴻海元大95售11  ,0,0,0,0,0,0,0,0,0,0,0,0,0,270000,270000,0,0
051445,可成元大95購06  ,0,0,0,0,0,0,0,0,0,0,0,0,0,83000,83000,0,0
051430,瑞昱元富95購02  ,0,0,0,0,0,0,0,0,0,0,0,0,0,1000,1000,0,0
053494,南亞科兆豐96購02,0,0,0,0,0,0,0,0,0,0,0,0,0,10000,10000,0,0
053575,聯詠元富96購01  ,0,0,0,0,0,0,0,0,0,0,0,0,0,50000,50000,0,0
053595,創意元大96購02  ,0,0,0,0,0,0,0,0,0,0,0,0,0,5000,5000,0,0
053644,台表科國票97購03,0,0,0,0,0,0,0,0,0,0,0,0,0,25000,25000,0,0
053651,台光電凱基98購01,0,0,0,0,0,0,0,0,0,0,0,0,0,41000,41000,0,0
053628,微星兆豐96購01  ,0,0,0,0,0,0,0,0,0,0,0,0,0,10000,10000,0,0
053829,力成麥證96購01  ,0,0,0,10000,10000,0,0,0,0,0,0,0,0,10000,10000,0,0
053678,南亞科富邦97購01,0,0,0,0,0,0,0,0,0,0,0,0,0,10000,10000,0,0
053673,超眾元富96購03  ,0,0,0,0,0,0,0,0,0,0,0,0,0,8000,8000,0,0
053676,新光金國泰98購02,0,0,0,0,0,0,0,0,0,0,0,0,0,32000,32000,0,0
053668,鴻海統一97購01  ,0,0,0,0,0,0,0,0,0,0,0,0,0,48000,48000,0,0
053671,可成統一96購03  ,0,0,0,0,0,0,0,0,0,0,0,0,0,42000,42000,0,0
053685,台積電元大96購18,0,0,0,0,0,0,0,0,0,0,0,0,0,180000,180000,0,0
053688,燿華元大96購05  ,0,0,0,0,0,0,0,0,0,0,0,0,0,3000,3000,0,0
054025,鴻海凱基96購17  ,0,0,0,0,0,0,0,0,0,0,0,0,0,68000,68000,0,0
054007,貿聯統一96購01  ,0,0,0,0,0,0,0,0,0,0,0,0,0,48000,48000,0,0
05399P,GIS國票95售03   ,0,0,0,0,0,0,0,0,0,0,0,0,0,10000,10000,0,0
054041,鴻海元大96購22  ,0,0,0,0,0,0,0,0,0,0,0,0,0,201000,201000,0,0
054050,創意元大96購06  ,0,0,0,0,0,0,0,0,0,0,0,0,0,53000,53000,0,0
054070,創意國泰96購02  ,0,0,0,0,0,0,0,0,0,0,0,0,0,10000,10000,0,0
054068,華通國泰96購02  ,0,0,0,0,0,0,0,0,0,0,0,0,0,5000,5000,0,0
054111,緯穎凱基97購01  ,0,0,0,0,0,0,0,0,0,0,0,0,0,40000,40000,0,0
054090,瑞昱群益97購01  ,0,0,0,0,0,0,0,0,0,0,0,0,0,16000,16000,0,0
054135,大立光元大97購04,0,0,0,0,0,0,0,0,0,0,0,0,0,100000,100000,0,0
053924,京鼎國票97購01  ,0,0,0,0,0,0,0,0,0,0,0,0,0,20000,20000,0,0
053915,光罩國票96購02  ,0,0,0,0,0,0,0,0,0,0,0,0,0,20000,20000,0,0
053987,宏碁亞東96購01  ,0,0,0,0,0,0,0,0,0,0,0,0,0,10000,10000,0,0
053981,康控元大96購05  ,0,0,0,0,0,0,0,0,0,0,0,0,0,76000,76000,0,0
053994,微星群益96購01  ,0,0,0,0,0,0,0,0,0,0,0,0,0,22000,22000,0,0
053902,S&P反1凱基97購01,0,0,0,0,0,0,0,0,0,0,0,0,0,60000,60000,0,0
053898,康友群益97購01  ,0,0,0,0,0,0,0,0,0,0,0,0,0,8000,8000,0,0
05387P,鴻海元大95售21  ,0,0,0,0,0,0,0,0,0,0,0,0,0,267000,267000,0,0
053867,創意元大96購04  ,0,0,0,0,0,0,0,0,0,0,0,0,0,63000,63000,0,0
05384P,大立光永豐95售02,0,0,0,0,0,0,0,0,0,0,0,0,0,3000,3000,0,0
053062,緯穎富邦97購01  ,0,0,0,0,0,0,0,0,0,0,0,0,0,10000,10000,0,0
053060,大立光永昌96購05,0,0,0,0,0,0,0,0,0,0,0,0,0,4000,4000,0,0
05303P,華通國泰97售01  ,0,0,0,0,0,0,0,0,0,0,0,0,0,10000,10000,0,0
05302P,華通國泰96售01  ,0,0,0,0,0,0,0,0,0,0,0,0,0,10000,10000,0,0
052990,超眾元大97購01  ,0,0,0,0,0,0,0,0,0,0,0,0,0,25000,25000,0,0
053021,國巨國泰97購04  ,0,0,0,0,0,0,0,0,0,0,0,0,0,1000,1000,0,0
05300P,健策元大95售02  ,0,0,0,0,0,0,0,0,0,0,0,0,0,20000,20000,0,0
053129,緯穎凱基96購01  ,0,0,0,0,0,0,0,0,0,0,0,0,0,25000,25000,0,0
053136,彩晶國票97購01  ,0,0,0,0,0,0,0,0,0,0,0,0,0,23000,23000,0,0
053090,新唐元大96購01  ,110000,0,110000,0,0,0,0,0,0,-110000,0,0,0,0,110000,-110000,0
053093,緯穎元大96購06  ,0,0,0,0,0,0,0,0,0,0,0,0,0,101000,101000,0,0
053101,創意元富96購03  ,0,0,0,0,0,0,0,0,0,0,0,0,0,10000,10000,0,0
052924,旺宏永豐96購01  ,0,0,0,0,0,0,0,0,0,0,0,0,0,40000,40000,0,0
052891,台泥群益96購01  ,0,0,0,0,0,0,0,0,0,0,0,0,0,13000,13000,0,0
052858,華通凱基97購02  ,0,0,0,0,0,0,0,0,0,0,0,0,0,30000,30000,0,0
053399,創意中信96購01  ,0,0,0,0,0,0,0,0,0,0,0,0,0,100000,100000,0,0
053477,大立光元大97購03,0,0,0,0,0,0,0,0,0,0,0,0,0,50000,50000,0,0
053472,漢唐元大96購02  ,0,0,0,0,0,0,0,0,0,0,0,0,0,9000,9000,0,0
053206,聯發科麥證96購02,0,0,0,40000,40000,0,0,0,0,0,0,0,0,40000,40000,0,0
05317P,臺股指永昌95售02,0,0,0,0,0,0,0,0,0,0,0,0,0,10000,10000,0,0
055196,致新元富97購01  ,0,0,0,0,0,0,0,0,0,0,0,0,0,20000,20000,0,0
055274,華泰元大97購02  ,0,0,0,0,0,0,0,0,0,0,0,0,0,30000,30000,0,0
055299,康友元大97購02  ,0,0,0,0,0,0,0,0,0,0,0,0,0,8000,8000,0,0
055359,超眾凱基97購01  ,0,0,0,0,0,0,0,0,0,0,0,0,0,7000,7000,0,0
055418,華通永豐97購01  ,0,0,0,0,0,0,0,0,0,0,0,0,0,5000,5000,0,0
055433,嘉聯益群益99購01,0,0,0,0,0,0,0,0,0,0,0,0,0,111000,111000,0,0
054854,台積電麥證97購01,0,0,0,30000,30000,0,0,0,0,0,0,0,0,30000,30000,0,0
054855,得力群益98購01  ,0,0,0,0,0,0,0,0,0,0,0,0,0,20000,20000,0,0
054859,鴻海群益97購02  ,0,0,0,0,0,0,0,0,0,0,0,0,0,98000,98000,0,0
054880,華泰統一97購01  ,0,0,0,0,0,0,0,0,0,0,0,0,0,36000,36000,0,0
05492P,聯茂元大95售02  ,0,0,0,0,0,0,0,0,0,0,0,0,0,51000,51000,0,0
054990,凌陽元富97購01  ,0,0,0,0,0,0,0,0,0,0,0,0,0,50000,50000,0,0
055139,欣興永豐97購01  ,0,0,0,0,0,0,0,0,0,0,0,0,0,16000,16000,0,0
05500P,臺股指中信96售04,0,0,0,0,0,0,0,0,0,0,0,0,0,10000,10000,0,0
055064,碩天永豐97購01  ,0,20000,-20000,0,0,0,0,0,0,20000,0,0,0,20000,0,20000,0
054522,康友元大96購07  ,0,0,0,0,0,0,0,0,0,0,0,0,0,7000,7000,0,0
05457P,鴻海凱基95售20  ,0,0,0,0,0,0,0,0,0,0,0,0,0,1000,1000,0,0
05458P,台積電凱基97售02,0,0,0,0,0,0,0,0,0,0,0,0,0,1000,1000,0,0
054638,國泰金中信99購01,0,0,0,0,0,0,0,0,0,0,0,0,0,48000,48000,0,0
054829,亞光國泰99購01  ,0,0,0,0,0,0,0,0,0,0,0,0,0,55000,55000,0,0
054816,聯發科元大97購12,0,0,0,0,0,0,0,0,0,0,0,0,0,68000,68000,0,0
054817,聯發科元大97購13,0,0,0,0,0,0,0,0,0,0,0,0,0,30000,30000,0,0
054801,康友群益97購02  ,0,0,0,0,0,0,0,0,0,0,0,0,0,53000,53000,0,0
054777,昇陽半國票98購01,0,0,0,0,0,0,0,0,0,0,0,0,0,100000,100000,0,0
054798,超眾群益97購01  ,0,0,0,0,0,0,0,0,0,0,0,0,0,100000,100000,0,0
054745,智易凱基97購01  ,0,0,0,0,0,0,0,0,0,0,0,0,0,10000,10000,0,0
054746,貿聯凱基98購02  ,0,0,0,0,0,0,0,0,0,0,0,0,0,10000,10000,0,0
05442P,鴻海元大96售13  ,0,0,0,0,0,0,0,0,0,0,0,0,0,272000,272000,0,0
054420,緯穎元大96購08  ,0,0,0,0,0,0,0,0,0,0,0,0,0,53000,53000,0,0
054479,緯創中信98購01  ,0,0,0,0,0,0,0,0,0,0,0,0,0,48000,48000,0,0
054292,欣興元大96購06  ,0,0,0,0,0,0,0,0,0,0,0,0,0,44000,44000,0,0
054250,漢唐元大96購04  ,0,0,0,0,0,0,0,0,0,0,0,0,0,8000,8000,0,0
054256,創意元大96購07  ,0,0,0,0,0,0,0,0,0,0,0,0,0,17000,17000,0,0
054254,晶豪科元大96購02,0,0,0,0,0,0,0,0,0,0,0,0,0,9000,9000,0,0
054272,華通中信98購01  ,0,0,0,0,0,0,0,0,0,0,0,0,0,10000,10000,0,0
05426P,聯發科凱基95售12,0,0,0,0,0,0,0,0,0,0,0,0,0,4000,4000,0,0
054286,台積電元大96購22,0,0,0,0,0,0,0,0,0,0,0,0,0,105000,105000,0,0
054287,台積電元大97購11,0,0,0,0,0,0,0,0,0,0,0,0,0,63000,63000,0,0
054184,A50正2永豐96購01,0,0,0,0,0,0,0,0,0,0,0,0,0,1000,1000,0,0
054217,台表科國票97購05,0,0,0,0,0,0,0,0,0,0,0,0,0,20000,20000,0,0
05420P,大立光國泰97售03,0,0,0,0,0,0,0,0,0,0,0,0,0,117000,117000,0,0
1456,怡華            ,0,0,0,0,0,0,0,0,0,0,1000,1000,0,0,0,0,0
1539,巨庭            ,1000,1000,0,0,0,0,0,0,0,0,0,0,0,0,0,0,0
1108,幸福            ,1000,1000,0,0,0,0,0,0,0,0,0,0,0,0,0,0,0
1231,聯華食          ,3000,3000,0,0,0,0,0,0,0,0,0,0,0,0,0,0,0
1219,福壽            ,1000,1000,0,0,0,0,0,0,0,0,0,0,0,0,0,0,0
1612,宏泰            ,10000,10000,0,0,0,0,0,0,0,0,0,0,0,0,0,0,0
2038,海光            ,3000,3000,0,0,0,0,0,0,0,0,0,0,0,0,0,0,0
06444P,大立光凱基98售08,0,0,0,0,0,0,0,0,0,0,0,0,0,40000,40000,0,0
06481P,台積電凱基98售12,0,0,0,0,0,0,0,0,0,0,0,0,0,5000,5000,0,0
06534P,聯發科群益98售04,0,0,0,0,0,0,0,0,0,0,0,0,0,5000,5000,0,0
06546P,聯發科元大98售05,0,0,0,0,0,0,0,0,0,0,0,0,0,5000,5000,0,0
06620P,聯發科元大98售07,0,0,0,0,0,0,0,0,0,0,0,0,0,5000,5000,0,0
06845P,億光元大98售02  ,0,0,0,0,0,0,0,0,0,0,0,0,0,50000,50000,0,0
06800P,台灣50群益9A售02,0,0,0,0,0,0,0,0,0,0,0,0,0,4000,4000,0,0
06771P,台灣50中信02售01,0,0,0,0,0,0,0,0,0,0,0,0,0,7000,7000,0,0
06764P,聯發科元大98售11,0,0,0,0,0,0,0,0,0,0,0,0,0,5000,5000,0,0
06765P,欣興元大98售11  ,0,0,0,0,0,0,0,0,0,0,0,0,0,2000,2000,0,0
06731P,聯茂元大98售05  ,0,0,0,0,0,0,0,0,0,0,0,0,0,5000,5000,0,0
06684P,緯穎元大98售06  ,0,0,0,0,0,0,0,0,0,0,0,0,0,50000,50000,0,0
06672P,聯發科群益98售05,0,0,0,0,0,0,0,0,0,0,0,0,0,5000,5000,0,0
06661P,玉晶光永豐98售05,0,0,0,0,0,0,0,0,0,0,0,0,0,18000,18000,0,0
05842P,台積電元大96售15,0,0,0,0,0,0,0,0,0,0,0,0,0,435000,435000,0,0
05802P,臺股指兆豐96售02,0,0,0,0,0,0,0,0,0,0,0,0,0,7000,7000,0,0
057958,禾伸堂元大99購05,0,0,0,0,0,0,0,0,0,0,0,0,0,35000,35000,0,0
057959,欣興元大98購14  ,0,0,0,0,0,0,0,0,0,0,0,0,0,2000,2000,0,0
057977,台光電永豐98購02,0,0,0,0,0,0,0,0,0,0,0,0,0,26000,26000,0,0
057978,聯發科永豐98購05,0,0,0,0,0,0,0,0,0,0,0,0,0,50000,50000,0,0
057963,緯穎元大98購08  ,0,0,0,0,0,0,0,0,0,0,0,0,0,5000,5000,0,0
057964,緯穎元大99購03  ,0,0,0,0,0,0,0,0,0,0,0,0,0,5000,5000,0,0
057933,聯發科群益98購06,0,0,0,0,0,0,0,0,0,0,0,0,0,26000,26000,0,0
057936,健策群益99購01  ,0,0,0,0,0,0,0,0,0,0,0,0,0,4000,4000,0,0
05793P,臺股指中信99售08,0,0,0,0,0,0,0,0,0,0,0,0,0,5000,5000,0,0
057873,義隆元大98購03  ,0,0,0,0,0,0,0,0,0,0,0,0,0,2000,2000,0,0
057882,華通群益9A購03  ,0,0,0,0,0,0,0,0,0,0,0,0,0,20000,20000,0,0
057876,隆達元大98購01  ,0,0,0,0,0,0,0,0,0,0,0,0,0,50000,50000,0,0
057878,台郡元大99購04  ,0,0,0,0,0,0,0,0,0,0,0,0,0,1000,1000,0,0
05984P,台積電統一98售01,0,0,0,0,0,0,0,0,0,0,0,0,0,30000,30000,0,0
06013P,世芯國泰97售03  ,0,0,0,0,0,0,0,0,0,0,0,0,0,20000,20000,0,0
06023P,超眾國票96售03  ,0,0,0,0,0,0,0,0,0,0,0,0,0,10000,10000,0,0
06079P,燿華群益98售02  ,0,0,0,0,0,0,0,0,0,0,0,0,0,33000,33000,0,0
05931P,鴻海凱基96售15  ,0,0,0,0,0,0,0,0,0,0,0,0,0,50000,50000,0,0
05917P,宏達電元大96售02,0,0,0,0,0,0,0,0,0,0,0,0,0,1000,1000,0,0
05900P,臺股指凱基99售05,0,0,0,0,0,0,0,0,0,0,0,0,0,3000,3000,0,0
05979P,華新科中信96售02,0,0,0,0,0,0,0,0,0,0,0,0,0,100000,100000,0,0
05940P,聯發科凱基96售21,0,0,0,0,0,0,0,0,0,0,0,0,0,9000,9000,0,0
05957P,友達國票97售04  ,0,0,0,0,0,0,0,0,0,0,0,0,0,30000,30000,0,0
06415P,台積電群益97售07,0,0,0,0,0,0,0,0,0,0,0,0,0,10000,10000,0,0
06373P,聯發科元大97售22,0,0,0,0,0,0,0,0,0,0,0,0,0,5000,5000,0,0
06355P,聯茂永豐97售02  ,0,0,0,0,0,0,0,0,0,0,0,0,0,30000,30000,0,0
06316P,臺股指元富97售03,0,0,0,0,0,0,0,0,0,0,0,0,0,2000,2000,0,0
06183P,大立光元大97售05,0,0,0,0,0,0,0,0,0,0,0,0,0,1000,1000,0,0
06188P,大立光元富97售01,0,0,0,0,0,0,0,0,0,0,0,0,0,30000,30000,0,0
06175P,台積電元大97售21,0,0,0,0,0,0,0,0,0,0,0,0,0,11000,11000,0,0
06150P,奇力新元大97售06,0,0,0,0,0,0,0,0,0,0,0,0,0,33000,33000,0,0
2611,志信            ,1000,1000,0,0,0,0,0,0,0,0,0,0,0,0,0,0,0
2471,資通            ,1000,1000,0,0,0,0,0,0,0,0,0,0,0,0,0,0,0
2901,欣欣            ,2000,2000,0,0,0,0,0,0,0,0,0,0,0,0,0,0,0
2739,寒舍            ,0,0,0,0,0,0,0,0,0,0,1000,1000,0,0,0,0,0
3164,景岳            ,0,2000,-2000,0,0,0,0,0,0,2000,2000,0,2000,0,0,0,0
3432,台端            ,1000,1000,0,0,0,0,0,0,0,0,0,0,0,0,0,0,0
4562,穎漢            ,1000,1000,0,0,0,0,0,0,0,0,0,0,0,0,0,0,0
4737,華廣            ,14000,15000,-1000,0,0,0,0,0,0,1000,1000,0,1000,0,0,0,0
5284,jpp-KY          ,1000,1000,0,0,0,0,0,0,0,0,0,0,0,0,0,0,0
6243,迅杰            ,5000,5000,0,0,0,0,0,0,0,0,0,0,0,0,0,0,0
6281,全國電          ,2000,2000,0,0,0,0,0,0,0,0,0,0,0,0,0,0,0
8481,政伸            ,1000,1000,0,0,0,0,0,0,0,0,0,0,0,0,0,0,0
8478,東哥遊艇        ,1000,1000,0,0,0,0,0,0,0,0,0,0,0,0,0,0,0
9912,偉聯            ,0,1413,-1413,0,0,0,0,0,0,1000,1000,0,1000,0,0,0,-413
2302,麗正            ,0,715,-715,0,0,0,0,0,0,0,0,0,0,0,0,0,-715
056405,聯茂群益98購01  ,0,0,0,0,0,0,0,0,0,-1000,0,0,0,410000,411000,-1000,-1000
056412,上証2X中信9A購02,0,0,0,0,0,0,0,0,0,-1000,0,0,0,0,1000,-1000,-1000
056504,國巨永豐98購02  ,0,0,0,0,0,0,0,0,0,-1000,0,0,0,39000,40000,-1000,-1000
056613,旺宏永豐98購01  ,0,0,0,0,0,0,0,0,0,-1000,0,0,0,0,1000,-1000,-1000
056583,昇陽半元大98購02,0,0,0,0,0,0,0,0,0,-1000,0,0,0,82000,83000,-1000,-1000
056519,創意國票99購01  ,0,0,0,0,0,0,0,0,0,-1000,0,0,0,29000,30000,-1000,-1000
05627P,致伸國票97售01  ,0,0,0,0,0,0,0,0,0,-1000,0,0,0,0,1000,-1000,-1000
056233,超眾凱基97購02  ,0,0,0,0,0,0,0,0,0,-1000,0,0,0,0,1000,-1000,-1000
056322,臺股指群益98購01,0,0,0,0,0,0,0,0,0,-1000,0,0,0,0,1000,-1000,-1000
056317,華通群益99購02  ,0,0,0,0,0,0,0,0,0,-1000,0,0,0,5000,6000,-1000,-1000
056125,旺宏國票98購02  ,0,0,0,0,0,0,0,0,0,-1000,0,0,0,3000,4000,-1000,-1000
056143,訊芯元大97購04  ,0,0,0,0,0,0,0,0,0,-1000,0,0,0,0,1000,-1000,-1000
056215,華新科國票97購03,0,0,0,0,0,0,0,0,0,-1000,0,0,0,0,1000,-1000,-1000
055974,上銀統一97購05  ,0,0,0,0,0,0,0,0,0,-1000,0,0,0,48000,49000,-1000,-1000
055909,大成鋼凱基98購02,0,0,0,0,0,0,0,0,0,-1000,0,0,0,0,1000,-1000,-1000
055843,美律元大97購02  ,0,0,0,0,0,0,0,0,0,-1000,0,0,0,0,1000,-1000,-1000
055859,啟碁元大97購03  ,0,0,0,0,0,0,0,0,0,-1000,0,0,0,0,1000,-1000,-1000
055898,訊芯第一97購01  ,0,0,0,0,0,0,0,0,0,-1000,0,0,0,0,1000,-1000,-1000
055589,台光電元大98購04,0,0,0,0,0,0,0,0,0,-1000,0,0,0,0,1000,-1000,-1000
055582,亞德客元大97購01,0,0,0,0,0,0,0,0,0,-1000,0,0,0,46000,47000,-1000,-1000
055458,燿華永豐98購01  ,0,0,0,0,0,0,0,0,0,-1000,0,0,0,3000,4000,-1000,-1000
055466,台達電凱基97購03,0,0,0,0,0,0,0,0,0,-1000,0,0,0,0,1000,-1000,-1000
055498,大立光元大97購07,0,0,0,0,0,0,0,0,0,-1000,0,0,0,150000,151000,-1000,-1000
057067,元油2X永豐9B購01,0,0,0,0,0,0,0,0,0,-1000,0,0,0,0,1000,-1000,-1000
056779,元油2X群益9A購02,0,0,0,0,0,0,0,0,0,-1000,0,0,0,20000,21000,-1000,-1000
05765P,臺股指永豐96售01,0,0,0,0,0,0,0,0,0,-1000,0,0,0,1000,2000,-1000,-1000
057770,亞德客群益98購01,0,0,0,0,0,0,0,0,0,-1000,0,0,0,10000,11000,-1000,-1000
057815,信邦元大98購01  ,0,0,0,0,0,0,0,0,0,-1000,0,0,0,0,1000,-1000,-1000
05781P,臺股指統一99售02,0,0,0,0,0,0,0,0,0,-1000,0,0,0,0,1000,-1000,-1000
057420,美食凱基98購01  ,0,0,0,0,0,0,0,0,0,-1000,0,0,0,0,1000,-1000,-1000
046773,GIS富邦94購01   ,0,0,0,0,0,0,0,0,0,-1000,0,0,0,0,1000,-1000,-1000
049035,中環兆豐94購01  ,0,0,0,0,0,0,0,0,0,-1000,0,0,0,0,1000,-1000,-1000
048064,可成統一93購02  ,0,0,0,0,0,0,0,0,0,-1000,0,0,0,0,1000,-1000,-1000
047105,和大元大94購01  ,0,0,0,0,0,0,0,0,0,-1000,0,0,0,0,1000,-1000,-1000
047134,聯發科凱基93購10,0,0,0,0,0,0,0,0,0,-1000,0,0,0,10000,11000,-1000,-1000
047523,瑞昱元大93購09  ,0,0,0,0,0,0,0,0,0,-1000,0,0,0,0,1000,-1000,-1000
050690,台達電凱基96購01,0,0,0,0,0,0,0,0,0,-1000,0,0,0,0,1000,-1000,-1000
050709,嘉聯益第一96購01,0,0,0,0,0,0,0,0,0,-1000,0,0,0,0,1000,-1000,-1000
05070P,鴻海統一96售04  ,0,0,0,0,0,0,0,0,0,-1000,0,0,0,4000,5000,-1000,-1000
050808,台達電凱基96購02,0,0,0,0,0,0,0,0,0,-1000,0,0,0,0,1000,-1000,-1000
050650,大立光凱基96購01,0,0,0,0,0,0,0,0,0,-1000,0,0,0,0,1000,-1000,-1000
048139,南電國票94購02  ,0,0,0,0,0,0,0,0,0,-1000,0,0,0,0,1000,-1000,-1000
049430,國巨國票95購02  ,0,0,0,0,0,0,0,0,0,-1000,0,0,0,50000,51000,-1000,-1000
050927,聯詠凱基95購01  ,0,0,0,0,0,0,0,0,0,-1000,0,0,0,0,1000,-1000,-1000
048571,美利達元大96購03,0,0,0,0,0,0,0,0,0,-1000,0,0,0,0,1000,-1000,-1000
048205,臺股指元大93購39,0,0,0,0,0,0,0,0,0,-1000,0,0,0,0,1000,-1000,-1000
048221,鴻海凱基95購01  ,0,0,0,0,0,0,0,0,0,-1000,0,0,0,113000,114000,-1000,-1000
048180,聯茂亞東93購02  ,0,0,0,0,0,0,0,0,0,-1000,0,0,0,0,1000,-1000,-1000
048641,美律元大94購01  ,0,0,0,0,0,0,0,0,0,-1000,0,0,0,0,1000,-1000,-1000
049172,鴻海凱基94購14  ,0,0,0,0,0,0,0,0,0,-1000,0,0,0,9000,10000,-1000,-1000
049173,鴻海凱基94購15  ,0,0,0,0,0,0,0,0,0,-1000,0,0,0,37000,38000,-1000,-1000
049090,茂林凱基94購01  ,0,0,0,0,0,0,0,0,0,-1000,0,0,0,0,1000,-1000,-1000
047934,GIS凱基94購01   ,0,0,0,0,0,0,0,0,0,-1000,0,0,0,0,1000,-1000,-1000
048839,牧德凱基95購01  ,0,0,0,0,0,0,0,0,0,-1000,0,0,0,3000,4000,-1000,-1000
048818,台達電凱基94購01,0,0,0,0,0,0,0,0,0,-1000,0,0,0,0,1000,-1000,-1000
045683,泰鼎元大93購03  ,0,0,0,0,0,0,0,0,0,-1000,0,0,0,30000,31000,-1000,-1000
045743,台郡群益93購01  ,0,0,0,0,0,0,0,0,0,-1000,0,0,0,0,1000,-1000,-1000
047702,鴻海凱基94購13  ,0,0,0,0,0,0,0,0,0,-1000,0,0,0,0,1000,-1000,-1000
048655,A50正2元富96購01,0,0,0,0,0,0,0,0,0,-1000,0,0,0,0,1000,-1000,-1000
047636,台達電元大93購03,0,0,0,0,0,0,0,0,0,-1000,0,0,0,0,1000,-1000,-1000
047638,瑞昱元大93購11  ,0,0,0,0,0,0,0,0,0,-1000,0,0,0,0,1000,-1000,-1000
044820,臻鼎兆豐93購02  ,0,0,0,0,0,0,0,0,0,-1000,0,0,0,9000,10000,-1000,-1000
045645,祥碩凱基93購03  ,0,0,0,0,0,0,0,0,0,-1000,0,0,0,0,1000,-1000,-1000
045124,臺股指元大93購10,0,0,0,0,0,0,0,0,0,-1000,0,0,0,0,1000,-1000,-1000
046674,訊芯元大93購01  ,0,0,0,0,0,0,0,0,0,-1000,0,0,0,0,1000,-1000,-1000
046659,瑞昱元大93購02  ,0,0,0,0,0,0,0,0,0,-1000,0,0,0,0,1000,-1000,-1000
042930,大立光中信94購01,0,0,0,0,0,0,0,0,0,-1000,0,0,0,0,1000,-1000,-1000
03889P,國巨國泰94售04  ,0,0,0,0,0,0,0,0,0,-1000,0,0,0,0,1000,-1000,-1000
03660C,元油2X富邦02牛04,0,0,0,0,0,0,0,0,0,-1000,0,0,0,0,1000,-1000,-1000
03438P,群創群益98售03  ,0,0,0,0,0,0,0,0,0,-1000,0,0,0,0,1000,-1000,-1000
03591P,台積電國票03售10,0,0,0,0,0,0,0,0,0,-1000,0,0,0,0,1000,-1000,-1000
042315,T50反1台新96購01,0,0,0,0,0,0,0,0,0,-1000,0,0,0,0,1000,-1000,-1000
042317,台灣50永豐96購01,0,0,0,0,0,0,0,0,0,-1000,0,0,0,56000,57000,-1000,-1000
042281,元油2X富邦96購02,0,0,0,0,0,0,0,0,0,-1000,0,0,0,0,1000,-1000,-1000
042556,台灣50中信96購04,0,0,0,0,0,0,0,0,0,-1000,0,0,0,2000,3000,-1000,-1000
00707R,元大S&P日圓反1  ,0,0,0,0,0,0,0,0,0,-1000,0,0,0,1000,2000,-1000,-1000
051434,中磊元富95購02  ,0,0,0,0,0,0,0,0,0,-1000,0,0,0,30000,31000,-1000,-1000
05138P,嘉聯益凱基96售02,0,0,0,0,0,0,0,0,0,-1000,0,0,0,60000,61000,-1000,-1000
051808,美律凱基96購02  ,0,0,0,0,0,0,0,0,0,-1000,0,0,0,0,1000,-1000,-1000
051600,新日興兆豐96購02,0,0,0,0,0,0,0,0,0,-1000,0,0,0,10000,11000,-1000,-1000
049607,台積電兆豐94購04,0,0,0,0,0,0,0,0,0,-1000,0,0,0,10000,11000,-1000,-1000
049267,瀚宇博元大95購02,0,0,0,0,0,0,0,0,0,-1000,0,0,0,13000,14000,-1000,-1000
049249,台達電元大94購05,0,0,0,0,0,0,0,0,0,-1000,0,0,0,0,1000,-1000,-1000
049255,旺宏元大97購02  ,0,0,0,0,0,0,0,0,0,-1000,0,0,0,2000,3000,-1000,-1000
049256,瑞昱元大94購04  ,0,0,0,0,0,0,0,0,0,-1000,0,0,0,0,1000,-1000,-1000
049672,臺股指富邦94購01,0,0,0,0,0,0,0,0,0,-1000,0,0,0,0,1000,-1000,-1000
049359,台達電元大94購06,0,0,0,0,0,0,0,0,0,-1000,0,0,0,0,1000,-1000,-1000
049308,台達電凱基94購04,0,0,0,0,0,0,0,0,0,-1000,0,0,0,0,1000,-1000,-1000
049692,可成元大94購07  ,0,0,0,0,0,0,0,0,0,-1000,0,0,0,68000,69000,-1000,-1000
049489,美律元大94購05  ,0,0,0,0,0,0,0,0,0,-1000,0,0,0,0,1000,-1000,-1000
049507,和大凱基94購01  ,0,0,0,0,0,0,0,0,0,-1000,0,0,0,0,1000,-1000,-1000
049502,訊芯元大94購01  ,0,0,0,0,0,0,0,0,0,-1000,0,0,0,0,1000,-1000,-1000
050911,光磊中信98購01  ,0,0,0,0,0,0,0,0,0,-1000,0,0,0,12000,13000,-1000,-1000
049438,嘉晶國泰96購01  ,0,0,0,0,0,0,0,0,0,-1000,0,0,0,129000,130000,-1000,-1000
05084P,嘉聯益永豐95售02,0,0,0,0,0,0,0,0,0,-1000,0,0,0,0,1000,-1000,-1000
050620,和碩元大94購04  ,0,0,0,0,0,0,0,0,0,-1000,0,0,0,18000,19000,-1000,-1000
051022,GIS凱基95購02   ,0,0,0,0,0,0,0,0,0,-1000,0,0,0,0,1000,-1000,-1000
051707,欣興群益95購02  ,0,0,0,0,0,0,0,0,0,-1000,0,0,0,20000,21000,-1000,-1000
050462,寶成元大94購01  ,0,0,0,0,0,0,0,0,0,-1000,0,0,0,0,1000,-1000,-1000
051254,健策元大96購04  ,0,0,0,0,0,0,0,0,0,-1000,0,0,0,0,1000,-1000,-1000
051294,鴻海元富95購06  ,0,0,0,0,0,0,0,0,0,-1000,0,0,0,0,1000,-1000,-1000
051318,上銀國票96購01  ,0,0,0,0,0,0,0,0,0,-1000,0,0,0,2000,3000,-1000,-1000
051994,瀚宇博元大96購01,0,0,0,0,0,0,0,0,0,-1000,0,0,0,0,1000,-1000,-1000
052062,臺股指國票95購09,0,0,0,0,0,0,0,0,0,-1000,0,0,0,0,1000,-1000,-1000
04990P,臻鼎元大94售04  ,0,0,0,0,0,0,0,0,0,-1000,0,0,0,0,1000,-1000,-1000
050037,金融類元大94購03,0,0,0,0,0,0,0,0,0,-1000,0,0,0,0,1000,-1000,-1000
049820,世紀鋼元大96購03,0,0,0,0,0,0,0,0,0,-1000,0,0,0,0,1000,-1000,-1000
050106,台達電元大94購11,0,0,0,0,0,0,0,0,0,-1000,0,0,0,0,1000,-1000,-1000
050119,瀚宇博元大95購03,0,0,0,0,0,0,0,0,0,-1000,0,0,0,4000,5000,-1000,-1000
050141,國巨統一94購07  ,0,0,0,0,0,0,0,0,0,-1000,0,0,0,0,1000,-1000,-1000
050256,臺指反元大98購03,0,0,0,0,0,0,0,0,0,-1000,0,0,0,0,1000,-1000,-1000
050192,康控元大97購01  ,0,0,0,0,0,0,0,0,0,-1000,0,0,0,84000,85000,-1000,-1000
05269P,臻鼎元大95售05  ,0,1000,-1000,0,0,0,0,0,0,0,0,0,0,1000,1000,0,-1000
052662,華新科國票97購01,0,0,0,0,0,0,0,0,0,-1000,0,0,0,4000,5000,-1000,-1000
052641,聯詠台新96購01  ,0,0,0,0,0,0,0,0,0,-1000,0,0,0,9000,10000,-1000,-1000
052642,滬深2X永豐96購03,0,0,0,0,0,0,0,0,0,-1000,0,0,0,10000,11000,-1000,-1000
052532,台積電國泰96購07,0,0,0,0,0,0,0,0,0,-1000,0,0,0,19000,20000,-1000,-1000
054470,緯穎國票97購04  ,0,0,0,0,0,0,0,0,0,-1000,0,0,0,15000,16000,-1000,-1000
054437,欣興台新97購02  ,0,0,0,0,0,0,0,0,0,-1000,0,0,0,37000,38000,-1000,-1000
05431P,台光電統一97售01,0,0,0,0,0,0,0,0,0,-1000,0,0,0,0,1000,-1000,-1000
054765,亞光國票98購02  ,0,0,0,0,0,0,0,0,0,-1000,0,0,0,50000,51000,-1000,-1000
054730,上証2X凱基98購02,0,0,0,0,0,0,0,0,0,-1000,0,0,0,0,1000,-1000,-1000
054722,傳奇永豐97購01  ,0,0,0,0,0,0,0,0,0,-1000,0,0,0,0,1000,-1000,-1000
054833,京鼎中信97購01  ,0,0,0,0,0,0,0,0,0,-1000,0,0,0,357000,358000,-1000,-1000
054543,元金2X中信01購01,0,0,0,0,0,0,0,0,0,-1000,0,0,0,0,1000,-1000,-1000
055046,上銀永豐97購01  ,0,0,0,0,0,0,0,0,0,-1000,0,0,0,0,1000,-1000,-1000
055305,旺宏群益99購01  ,0,0,0,0,0,0,0,0,0,-1000,0,0,0,10000,11000,-1000,-1000
055265,玉晶光永豐98購03,0,0,0,0,0,0,0,0,0,-1000,0,0,0,5000,6000,-1000,-1000
05318P,臺股指永昌95售03,0,0,0,0,0,0,0,0,0,-1000,0,0,0,0,1000,-1000,-1000
053300,大成鋼凱基96購02,0,0,0,0,0,0,0,0,0,-1000,0,0,0,0,1000,-1000,-1000
05338P,臺股指國票95售07,0,0,0,0,0,0,0,0,0,-1000,0,0,0,0,1000,-1000,-1000
053353,玉晶光兆豐97購03,0,0,0,0,0,0,0,0,0,-1000,0,0,0,0,1000,-1000,-1000
052988,智易元大96購02  ,0,0,0,0,0,0,0,0,0,-1000,0,0,0,7000,8000,-1000,-1000
053899,矽創群益96購02  ,0,0,0,0,0,0,0,0,0,-1000,0,0,0,0,1000,-1000,-1000
053988,友達亞東96購01  ,0,0,0,0,0,0,0,0,0,-1000,0,0,0,10000,11000,-1000,-1000
054071,泰鼎國泰97購02  ,0,0,0,0,0,0,0,0,0,-1000,0,0,0,59000,60000,-1000,-1000
054029,瀚宇博凱基96購02,0,0,0,0,0,0,0,0,0,-1000,0,0,0,0,1000,-1000,-1000
05402P,台郡永豐95售02  ,0,0,0,0,0,0,0,0,0,-1000,0,0,0,0,1000,-1000,-1000
053774,台達電元大96購04,0,0,0,0,0,0,0,0,0,-1000,0,0,0,0,1000,-1000,-1000
053602,台虹元大96購01  ,0,0,0,0,0,0,0,0,0,-1000,0,0,0,6000,7000,-1000,-1000
053620,臺股指群益96購06,0,0,0,0,0,0,0,0,0,-1000,0,0,0,27000,28000,-1000,-1000
2032,新鋼            ,2000,3000,-1000,0,0,0,0,0,0,0,0,0,0,0,0,0,-1000
2114,鑫永銓          ,0,1000,-1000,0,0,0,0,0,0,0,0,0,0,0,0,0,-1000
1727,中華化          ,0,1000,-1000,0,0,0,0,0,0,0,0,0,0,0,0,0,-1000
1817,凱撒衛          ,1000,2000,-1000,0,0,0,0,0,0,0,0,0,0,0,0,0,-1000
1735,日勝化          ,0,1000,-1000,0,0,0,0,0,0,0,0,0,0,0,0,0,-1000
1234,黑松            ,2000,3000,-1000,0,0,0,0,0,0,0,0,0,0,0,0,0,-1000
06877P,台積電兆豐98售04,0,0,0,0,0,0,0,0,0,-1000,0,0,0,0,1000,-1000,-1000
1528,恩德            ,1000,2000,-1000,0,0,0,0,0,0,0,0,0,0,0,0,0,-1000
1524,耿鼎            ,0,1000,-1000,0,0,0,0,0,0,0,0,0,0,0,0,0,-1000
1453,大將            ,0,1000,-1000,0,0,0,0,0,0,0,0,0,0,0,0,0,-1000
1465,偉全            ,0,1000,-1000,0,0,0,0,0,0,0,0,0,0,0,0,0,-1000
1419,新紡            ,0,1000,-1000,0,0,0,0,0,0,0,0,0,0,0,0,0,-1000
06651P,華新科元大99售09,0,0,0,0,0,0,0,0,0,-1000,0,0,0,0,1000,-1000,-1000
06688P,鴻海中信02售01  ,0,0,0,0,0,0,0,0,0,-1000,0,0,0,0,1000,-1000,-1000
06552P,茂林元大99售02  ,0,0,0,0,0,0,0,0,0,-1000,0,0,0,0,1000,-1000,-1000
06602P,國巨統一99售02  ,0,0,0,0,0,0,0,0,0,-1000,0,0,0,0,1000,-1000,-1000
06604P,聯發科元富02售02,0,0,0,0,0,0,0,0,0,-1000,0,0,0,0,1000,-1000,-1000
06590P,大立光元大98售13,0,0,0,0,0,0,0,0,0,-1000,0,0,0,0,1000,-1000,-1000
06479P,聯發科中信99售02,0,0,0,0,0,0,0,0,0,-1000,0,0,0,0,1000,-1000,-1000
06076P,大立光凱基98售03,0,0,0,0,0,0,0,0,0,-1000,0,0,0,0,1000,-1000,-1000
06178P,大立光第一99售01,0,0,0,0,0,0,0,0,0,-1000,0,0,0,0,1000,-1000,-1000
06242P,大立光元富9A售02,0,0,0,0,0,0,0,0,0,-1000,0,0,0,36000,37000,-1000,-1000
06336P,鴻海元大98售05  ,0,0,0,0,0,0,0,0,0,-1000,0,0,0,10000,11000,-1000,-1000
06275P,臺股指凱基97售07,0,0,0,0,0,0,0,0,0,-1000,0,0,0,0,1000,-1000,-1000
06383P,聯茂元富97售01  ,0,0,0,0,0,0,0,0,0,-1000,0,0,0,40000,41000,-1000,-1000
06436P,台光電國票98售04,0,0,0,0,0,0,0,0,0,-1000,0,0,0,9000,10000,-1000,-1000
05962P,大立光群益96售07,0,0,0,0,0,0,0,0,0,-1000,0,0,0,0,1000,-1000,-1000
06063P,玉晶光元富97售01,0,0,0,0,0,0,0,0,0,-1000,0,0,0,27000,28000,-1000,-1000
06025P,臺股指元大99售02,0,0,0,0,0,0,0,0,0,-1000,0,0,0,0,1000,-1000,-1000
057918,旺宏凱基99購01  ,0,0,0,0,0,0,0,0,0,-1000,0,0,0,0,1000,-1000,-1000
910322,康師傅-DR       ,0,1000,-1000,0,0,0,0,0,0,0,0,0,0,0,0,0,-1000
8427,基勝-KY         ,0,1000,-1000,0,0,0,0,0,0,0,0,0,0,0,0,0,-1000
911616,杜康-DR         ,2000,3000,-1000,0,0,0,0,0,0,0,0,0,0,0,0,0,-1000
6405,悅城            ,13000,14000,-1000,0,0,0,0,0,0,0,0,0,0,0,0,0,-1000
6215,和椿            ,4000,3000,1000,0,0,0,0,0,0,-2000,0,2000,-2000,0,0,0,-1000
6117,迎廣            ,0,1000,-1000,0,0,0,0,0,0,0,0,0,0,0,0,0,-1000
5533,皇鼎            ,3000,4000,-1000,0,0,0,0,0,0,0,0,0,0,0,0,0,-1000
5608,四維航          ,2000,3000,-1000,0,0,0,0,0,0,0,0,0,0,0,0,0,-1000
8033,雷虎            ,9000,10000,-1000,0,0,0,0,0,0,0,0,0,0,0,0,0,-1000
6625,必應            ,0,1000,-1000,0,0,0,0,0,0,0,0,0,0,0,0,0,-1000
6573,虹揚-KY         ,2000,3000,-1000,0,0,0,0,0,0,0,0,0,0,0,0,0,-1000
6579,研揚            ,1000,2000,-1000,0,0,0,0,0,0,0,0,0,0,0,0,0,-1000
4764,雙鍵            ,1000,2000,-1000,0,0,0,0,0,0,0,0,0,0,0,0,0,-1000
4912,聯德控股-KY     ,4000,6000,-2000,0,0,0,0,0,0,1000,1000,0,1000,0,0,0,-1000
4930,燦星網          ,1000,2000,-1000,0,0,0,0,0,0,0,0,0,0,0,0,0,-1000
3528,安馳            ,0,1000,-1000,0,0,0,0,0,0,0,0,0,0,0,0,0,-1000
3416,融程電          ,3000,4000,-1000,0,0,0,0,0,0,0,0,0,0,0,0,0,-1000
4148,全宇生技-KY     ,2000,3000,-1000,0,0,0,0,0,0,0,0,0,0,0,0,0,-1000
3094,聯傑            ,24000,25000,-1000,0,0,0,0,0,0,0,0,0,0,0,0,0,-1000
3130,一零四          ,0,1000,-1000,0,0,0,0,0,0,0,0,0,0,0,0,0,-1000
3346,麗清            ,13000,14000,-1000,0,0,0,0,0,0,0,0,0,0,0,0,0,-1000
2852,第一保          ,0,1000,-1000,0,0,0,0,0,0,0,0,0,0,0,0,0,-1000
2906,高林            ,1000,2000,-1000,0,0,0,0,0,0,0,0,0,0,0,0,0,-1000
2496,卓越            ,0,1000,-1000,0,0,0,0,0,0,0,0,0,0,0,0,0,-1000
2530,華建            ,2000,6000,-4000,0,0,0,0,0,0,3000,3000,0,3000,0,0,0,-1000
2506,太設            ,0,1000,-1000,0,0,0,0,0,0,0,0,0,0,0,0,0,-1000
2433,互盛電          ,1000,2000,-1000,0,0,0,0,0,0,0,0,0,0,0,0,0,-1000
5484,慧友            ,0,1075,-1075,0,0,0,0,0,0,0,0,0,0,0,0,0,-1075
9929,秋雨            ,0,1181,-1181,0,0,0,0,0,0,0,0,0,0,0,0,0,-1181
1538,正峰新          ,0,1207,-1207,0,0,0,0,0,0,0,0,0,0,0,0,0,-1207
1471,首利            ,0,1446,-1446,0,0,0,0,0,0,0,0,0,0,0,0,0,-1446
3536,誠創            ,0,1473,-1473,0,0,0,0,0,0,0,0,0,0,0,0,0,-1473
1805,寶徠            ,0,1523,-1523,0,0,0,0,0,0,0,0,0,0,0,0,0,-1523
1213,大飲            ,0,1573,-1573,0,0,0,0,0,0,0,0,0,0,0,0,0,-1573
2033,佳大            ,0,1628,-1628,0,0,0,0,0,0,0,0,0,0,0,0,0,-1628
2364,倫飛            ,0,1750,-1750,0,0,0,0,0,0,0,0,0,0,0,0,0,-1750
2434,統懋            ,0,1793,-1793,0,0,0,0,0,0,0,0,0,0,0,0,0,-1793
057529,嘉晶元大99購02  ,0,0,0,0,0,0,0,0,0,-2000,0,0,0,128000,130000,-2000,-2000
057690,美律凱基99購03  ,0,0,0,0,0,0,0,0,0,-2000,0,0,0,0,2000,-2000,-2000
05756P,臺股指中信99售05,0,0,0,0,0,0,0,0,0,-2000,0,0,0,0,2000,-2000,-2000
056826,A50正2富邦9B購02,0,0,0,0,0,0,0,0,0,-2000,0,0,0,0,2000,-2000,-2000
05692P,聯發科中信9A售02,0,0,0,0,0,0,0,0,0,-2000,0,0,0,18000,20000,-2000,-2000
057079,台積電統一9A購02,0,0,0,0,0,0,0,0,0,-2000,0,0,0,98000,100000,-2000,-2000
057081,大立光統一98購07,0,0,0,0,0,0,0,0,0,-2000,0,0,0,0,2000,-2000,-2000
057106,美律群益98購03  ,0,0,0,0,0,0,0,0,0,-2000,0,0,0,28000,30000,-2000,-2000
057093,臻鼎元富98購02  ,0,0,0,0,0,0,0,0,0,-2000,0,0,0,99000,101000,-2000,-2000
057007,奇力新中信98購04,0,0,0,0,0,0,0,0,0,-2000,0,0,0,61000,63000,-2000,-2000
055502,群創元大9C購03  ,0,0,0,0,0,0,0,0,0,-2000,0,0,0,0,2000,-2000,-2000
055468,智邦凱基97購04  ,0,0,0,0,0,0,0,0,0,-2000,0,0,0,0,2000,-2000,-2000
055580,南茂統一97購01  ,0,0,0,0,0,0,0,0,0,-2000,0,0,0,108000,110000,-2000,-2000
05559P,臺股指麥證96售01,0,0,0,0,2000,-2000,0,0,0,-2000,0,0,0,0,2000,-2000,-2000
055675,亞德客凱基97購02,0,0,0,0,0,0,0,0,0,-2000,0,0,0,0,2000,-2000,-2000
055899,群創中信99購01  ,0,0,0,0,0,0,0,0,0,-2000,0,0,0,0,2000,-2000,-2000
055910,瑞昱凱基98購01  ,0,0,0,0,0,0,0,0,0,-2000,0,0,0,70000,72000,-2000,-2000
055884,臺股指元富97購01,0,0,0,0,0,0,0,0,0,-2000,0,0,0,0,2000,-2000,-2000
055785,祥碩凱基97購02  ,0,0,0,0,0,0,0,0,0,-2000,0,0,0,6000,8000,-2000,-2000
055759,技嘉群益98購02  ,0,0,0,0,0,0,0,0,0,-2000,0,0,0,94000,96000,-2000,-2000
055788,緯穎凱基97購04  ,0,0,0,0,0,0,0,0,0,-2000,0,0,0,0,2000,-2000,-2000
056027,樺漢群益97購02  ,0,0,0,0,0,0,0,0,0,-2000,0,0,0,0,2000,-2000,-2000
056208,崇越永豐97購01  ,0,0,0,0,0,0,0,0,0,-2000,0,0,0,0,2000,-2000,-2000
056339,聯發科凱基99購02,0,0,0,0,0,0,0,0,0,-2000,0,0,0,0,2000,-2000,-2000
05634P,玉晶光台新97售01,0,0,0,0,0,0,0,0,0,-2000,0,0,0,0,2000,-2000,-2000
056225,聯發科凱基97購09,0,0,0,0,0,0,0,0,0,-2000,0,0,0,0,2000,-2000,-2000
056277,上銀富邦99購02  ,0,0,0,0,0,0,0,0,0,-2000,0,0,0,25000,27000,-2000,-2000
056575,禾伸堂元大99購01,0,0,0,0,0,0,0,0,0,-2000,0,0,0,12000,14000,-2000,-2000
056618,京元電永豐98購01,0,0,0,0,0,0,0,0,0,-2000,0,0,0,64000,66000,-2000,-2000
00763U,街口道瓊銅      ,0,0,0,0,0,0,0,0,0,-2000,0,0,0,2000,4000,-2000,-2000
0057,富邦摩台        ,0,0,0,0,0,0,0,0,0,-2000,0,0,0,20000,22000,-2000,-2000
03422B,臺股指凱基96熊28,0,0,0,0,0,0,0,0,0,-2000,0,0,0,0,2000,-2000,-2000
042904,金寶元大94購02  ,0,0,0,0,0,0,0,0,0,-2000,0,0,0,0,2000,-2000,-2000
03006X,元展06          ,0,0,0,0,0,0,0,0,0,-2000,0,0,0,0,2000,-2000,-2000
036628,統一台新99購01  ,0,0,0,0,0,0,0,0,0,-2000,0,0,0,0,2000,-2000,-2000
039212,台達電台新9A購01,0,0,0,0,0,0,0,0,0,-2000,0,0,0,0,2000,-2000,-2000
045817,滬深2X凱基95購02,0,0,0,0,0,0,0,0,0,-2000,0,0,0,0,2000,-2000,-2000
04308P,京元電凱基93售06,0,0,0,0,0,0,0,0,0,-2000,0,0,0,6000,8000,-2000,-2000
046574,泰鼎國泰94購01  ,0,0,0,0,0,0,0,0,0,-2000,0,0,0,53000,55000,-2000,-2000
045451,聯發科富邦93購01,0,0,0,0,0,0,0,0,0,-2000,0,0,0,1000,3000,-2000,-2000
044535,華新科麥證93購01,0,0,0,0,2000,-2000,0,0,0,-2000,0,0,0,0,2000,-2000,-2000
048842,矽格凱基94購01  ,0,0,0,0,0,0,0,0,0,-2000,0,0,0,0,2000,-2000,-2000
048273,南電富邦97購01  ,0,0,0,0,0,0,0,0,0,-2000,0,0,0,122000,124000,-2000,-2000
047880,聯發科國泰94購03,0,0,0,0,0,0,0,0,0,-2000,0,0,0,5000,7000,-2000,-2000
047870,嘉澤永豐93購02  ,0,0,0,0,0,0,0,0,0,-2000,0,0,0,0,2000,-2000,-2000
049166,元油2X凱基97購02,0,0,0,0,0,0,0,0,0,-2000,0,0,0,0,2000,-2000,-2000
048480,FB上証中信94購01,0,0,0,0,0,0,0,0,0,-2000,0,0,0,60000,62000,-2000,-2000
047595,元石油元富97購01,0,0,0,0,0,0,0,0,0,-2000,0,0,0,12000,14000,-2000,-2000
051041,大立光永豐95購01,0,0,0,0,0,0,0,0,0,-2000,0,0,0,0,2000,-2000,-2000
047460,富邦金群益95購01,0,0,0,0,0,0,0,0,0,-2000,0,0,0,0,2000,-2000,-2000
04801P,矽力元大94售02  ,0,0,0,0,0,0,0,0,0,-2000,0,0,0,15000,17000,-2000,-2000
052347,GIS凱基95購05   ,0,0,0,0,0,0,0,0,0,-2000,0,0,0,0,2000,-2000,-2000
05228P,大立光元富95售09,0,0,0,0,0,0,0,0,0,-2000,0,0,0,0,2000,-2000,-2000
052201,超眾統一96購01  ,0,0,0,0,0,0,0,0,0,-2000,0,0,0,0,2000,-2000,-2000
052695,台表科中信98購01,0,0,0,0,0,0,0,0,0,-2000,0,0,0,0,2000,-2000,-2000
052678,群創富邦96購01  ,0,0,0,0,0,0,0,0,0,-2000,0,0,0,98000,100000,-2000,-2000
052682,上銀元大97購01  ,0,0,0,0,0,0,0,0,0,-2000,0,0,0,0,2000,-2000,-2000
052590,祥碩永豐96購01  ,0,0,0,0,0,0,0,0,0,-2000,0,0,0,0,2000,-2000,-2000
052804,淘帝元大96購01  ,0,0,0,0,0,0,0,0,0,-2000,0,0,0,0,2000,-2000,-2000
05280P,華通元大95售08  ,0,0,0,0,0,0,0,0,0,-2000,0,0,0,10000,12000,-2000,-2000
050352,欣興群益95購01  ,0,0,0,0,0,0,0,0,0,-2000,0,0,0,15000,17000,-2000,-2000
050307,欣興中信95購01  ,0,0,0,0,0,0,0,0,0,-2000,0,0,0,0,2000,-2000,-2000
050313,大立光兆豐94購05,0,0,0,0,0,0,0,0,0,-2000,0,0,0,0,2000,-2000,-2000
050058,國巨凱基94購06  ,0,0,0,0,0,0,0,0,0,-2000,0,0,0,5000,7000,-2000,-2000
051898,富邦金國泰97購01,0,0,0,0,0,0,0,0,0,-2000,0,0,0,10000,12000,-2000,-2000
049922,禾伸堂元大95購01,0,0,0,0,0,0,0,0,0,-2000,0,0,0,173000,175000,-2000,-2000
052047,建準凱基96購01  ,0,0,0,0,0,0,0,0,0,-2000,0,0,0,0,2000,-2000,-2000
052074,鴻海元富95購10  ,0,0,0,0,0,0,0,0,0,-2000,0,0,0,0,2000,-2000,-2000
052067,中磊兆豐96購01  ,0,0,0,0,0,0,0,0,0,-2000,0,0,0,2000,4000,-2000,-2000
051172,鴻海第一96購01  ,0,0,0,0,0,0,0,0,0,-2000,0,0,0,0,2000,-2000,-2000
051710,和碩群益95購01  ,0,0,0,0,0,0,0,0,0,-2000,0,0,0,15000,17000,-2000,-2000
049515,同欣電凱基94購01,0,0,0,0,0,0,0,0,0,-2000,0,0,0,10000,12000,-2000,-2000
050586,康友國票94購01  ,0,0,0,0,0,0,0,0,0,-2000,0,0,0,0,2000,-2000,-2000
050541,智邦凱基94購04  ,0,0,0,0,0,0,0,0,0,-2000,0,0,0,0,2000,-2000,-2000
050876,復盛永豐95購01  ,0,0,0,0,0,0,0,0,0,-2000,0,0,0,10000,12000,-2000,-2000
050381,鴻海兆豐94購01  ,0,0,0,0,0,0,0,0,0,-2000,0,0,0,0,2000,-2000,-2000
049654,臺股指凱基94購15,0,0,0,0,0,0,0,0,0,-2000,0,0,0,0,2000,-2000,-2000
051115,華通麥證96購01  ,0,0,0,2000,4000,-2000,0,0,0,-2000,0,0,0,2000,4000,-2000,-2000
051639,康友國票96購02  ,0,0,0,0,0,0,0,0,0,-2000,0,0,0,0,2000,-2000,-2000
051822,和碩元富95購01  ,0,0,0,0,0,0,0,0,0,-2000,0,0,0,0,2000,-2000,-2000
051572,上銀元大95購01  ,0,0,0,0,0,0,0,0,0,-2000,0,0,0,48000,50000,-2000,-2000
053578,華新元大98購01  ,0,0,0,0,0,0,0,0,0,-2000,0,0,0,68000,70000,-2000,-2000
053771,華新元大97購01  ,0,0,0,0,0,0,0,0,0,-2000,0,0,0,68000,70000,-2000,-2000
053811,國巨群益98購02  ,0,0,0,0,0,0,0,0,0,-2000,0,0,0,0,2000,-2000,-2000
054076,義隆第一96購01  ,0,0,0,0,0,0,0,0,0,-2000,0,0,0,0,2000,-2000,-2000
053908,貿聯凱基98購01  ,0,0,0,0,0,0,0,0,0,-2000,0,0,0,0,2000,-2000,-2000
053883,大立光中信98購02,0,0,0,0,0,0,0,0,0,-2000,0,0,0,0,2000,-2000,-2000
053847,美律元富96購02  ,0,0,0,0,0,0,0,0,0,-2000,0,0,0,0,2000,-2000,-2000
053013,台積電統一97購01,0,0,0,0,0,0,0,0,0,-2000,0,0,0,5000,7000,-2000,-2000
053081,上銀元大97購02  ,0,0,0,0,0,0,0,0,0,-2000,0,0,0,57000,59000,-2000,-2000
05286P,矽力統一95售02  ,0,0,0,0,0,0,0,0,0,-2000,0,0,0,9000,11000,-2000,-2000
052943,奇力新國票96購02,0,0,0,0,0,0,0,0,0,-2000,0,0,0,58000,60000,-2000,-2000
053394,鴻海中信9A購01  ,0,0,0,0,0,0,0,0,0,-2000,0,0,0,0,2000,-2000,-2000
053406,國巨兆豐96購02  ,0,0,0,0,0,0,0,0,0,-2000,0,0,0,30000,32000,-2000,-2000
055339,緯穎兆豐98購01  ,0,0,0,0,0,0,0,0,0,-2000,0,0,0,0,2000,-2000,-2000
055054,群光永豐97購01  ,0,0,0,0,0,0,0,0,0,-2000,0,0,0,0,2000,-2000,-2000
05505P,聯發科凱基96售09,0,0,0,0,0,0,0,0,0,-2000,0,0,0,42000,44000,-2000,-2000
055147,鴻海元大97購11  ,0,0,0,0,0,0,0,0,0,-2000,0,0,0,123000,125000,-2000,-2000
054544,統一中信97購01  ,0,0,0,0,0,0,0,0,0,-2000,0,0,0,0,2000,-2000,-2000
05455P,聯詠日盛95售01  ,0,0,0,0,0,0,0,0,0,-2000,0,0,0,0,2000,-2000,-2000
054620,南茂永豐97購01  ,0,0,0,0,0,0,0,0,0,-2000,0,0,0,10000,12000,-2000,-2000
054825,康友元大97購01  ,0,0,0,0,0,0,0,0,0,-2000,0,0,0,7000,9000,-2000,-2000
054693,神基永豐97購01  ,0,0,0,0,0,0,0,0,0,-2000,0,0,0,80000,82000,-2000,-2000
054392,華通永豐96購05  ,0,0,0,0,0,0,0,0,0,-2000,0,0,0,0,2000,-2000,-2000
054374,信邦中信96購01  ,0,0,0,0,0,0,0,0,0,-2000,0,0,0,29000,31000,-2000,-2000
054368,鴻海中信9A購02  ,0,0,0,0,0,0,0,0,0,-2000,0,0,0,0,2000,-2000,-2000
054224,亞光統一98購01  ,0,0,0,0,0,0,0,0,0,-2000,0,0,0,0,2000,-2000,-2000
2613,中櫃            ,0,1000,-1000,0,0,0,0,0,0,-1000,0,1000,-1000,0,0,0,-2000
3305,昇貿            ,6000,8000,-2000,0,0,0,0,0,0,0,0,0,0,0,0,0,-2000
3046,建碁            ,0,2000,-2000,0,0,0,0,0,0,0,0,0,0,0,0,0,-2000
6491,晶碩            ,1000,3000,-2000,0,0,0,0,0,0,0,0,0,0,0,0,0,-2000
6605,帝寶            ,3000,6000,-3000,0,0,0,0,0,0,1000,1000,0,1000,0,0,0,-2000
6671,三能-KY         ,1000,3000,-2000,0,0,0,0,0,0,0,0,0,0,0,0,0,-2000
8222,寶一            ,1000,3000,-2000,0,0,0,0,0,0,0,0,0,0,0,0,0,-2000
6205,詮欣            ,0,2000,-2000,0,0,0,0,0,0,0,0,0,0,0,0,0,-2000
6184,大豐電          ,4000,6000,-2000,0,0,0,0,0,0,0,0,0,0,0,0,0,-2000
912000,晨訊科-DR       ,0,2000,-2000,0,0,0,0,0,0,0,0,0,0,0,0,0,-2000
2115,六暉-KY         ,0,2000,-2000,0,0,0,0,0,0,0,0,0,0,0,0,0,-2000
2062,橋椿            ,2000,4000,-2000,0,0,0,0,0,0,0,0,0,0,0,0,0,-2000
2236,百達-KY         ,0,1000,-1000,0,0,0,0,0,0,-1000,0,1000,-1000,0,0,0,-2000
1783,和康生          ,4000,6000,-2000,0,0,0,0,0,0,0,0,0,0,0,0,0,-2000
1541,錩泰            ,1000,3000,-2000,0,0,0,0,0,0,0,0,0,0,0,0,0,-2000
1530,亞崴            ,0,2000,-2000,0,0,0,0,0,0,0,0,0,0,0,0,0,-2000
1463,強盛            ,1000,3000,-2000,0,0,0,0,0,0,0,0,0,0,0,0,0,-2000
1414,東和            ,0,2000,-2000,0,0,0,0,0,0,0,0,0,0,0,0,0,-2000
06469P,臺股指凱基99售09,0,0,0,0,0,0,0,0,0,-2000,0,0,0,0,2000,-2000,-2000
06450P,聯發科元大98售03,0,0,0,0,0,0,0,0,0,-2000,0,0,0,76000,78000,-2000,-2000
06612P,元油2X富邦9B售03,0,0,0,0,0,0,0,0,0,-2000,0,0,0,0,2000,-2000,-2000
06650P,聯發科元大98售09,0,0,0,0,0,0,0,0,0,-2000,0,0,0,5000,7000,-2000,-2000
06750P,聯發科元富02售03,0,0,0,0,0,0,0,0,0,-2000,0,0,0,0,2000,-2000,-2000
06772P,國巨中信99售01  ,0,0,0,0,0,0,0,0,0,-2000,0,0,0,23000,25000,-2000,-2000
06788P,臺股指元大98售05,0,0,0,0,0,0,0,0,0,-2000,0,0,0,0,2000,-2000,-2000
057948,嘉聯益國票99購02,0,0,0,0,0,0,0,0,0,-2000,0,0,0,0,2000,-2000,-2000
05838P,臺股指富邦96售05,0,0,0,0,0,0,0,0,0,-2000,0,0,0,0,2000,-2000,-2000
05954P,旺宏國票97售03  ,0,0,0,0,0,0,0,0,0,-2000,0,0,0,4000,6000,-2000,-2000
06401P,鴻海元富97售13  ,0,0,0,0,0,0,0,0,0,-2000,0,0,0,0,2000,-2000,-2000
06368P,台積電凱基97售15,0,0,0,0,0,0,0,0,0,-2000,0,0,0,0,2000,-2000,-2000
06141P,大立光日盛97售01,0,0,0,0,0,0,0,0,0,-2000,0,0,0,0,2000,-2000,-2000
06138P,台積電中信99售01,0,0,0,0,0,0,0,0,0,-2000,0,0,0,0,2000,-2000,-2000
06139P,台積電中信99售02,0,0,0,0,0,0,0,0,0,-2000,0,0,0,20000,22000,-2000,-2000
1616,億泰            ,0,2224,-2224,0,0,0,0,0,0,0,0,0,0,0,0,0,-2224
1466,聚隆            ,0,2272,-2272,0,0,0,0,0,0,0,0,0,0,0,0,0,-2272
4994,傳奇            ,36300,36000,300,0,0,0,0,0,0,-3000,0,0,0,0,3000,-3000,-2700
056621,宏達電永豐98購01,0,0,0,0,0,0,0,0,0,-3000,0,0,0,46000,49000,-3000,-3000
056276,同欣電國泰98購01,0,0,0,0,0,0,0,0,0,-3000,0,0,0,0,3000,-3000,-3000
056342,中工凱基98購01  ,0,0,0,0,0,0,0,0,0,-3000,0,0,0,0,3000,-3000,-3000
056019,燿華群益97購02  ,0,0,0,0,0,0,0,0,0,-3000,0,0,0,0,3000,-3000,-3000
055786,彩晶凱基99購02  ,0,0,0,0,0,0,0,0,0,-3000,0,0,0,0,3000,-3000,-3000
055829,上銀元大97購06  ,0,0,0,0,0,0,0,0,0,-3000,0,0,0,70000,73000,-3000,-3000
05573P,仁寶元富96售02  ,0,0,0,0,0,0,0,0,0,-3000,0,0,0,30000,33000,-3000,-3000
055570,華通統一98購03  ,0,0,0,0,0,0,0,0,0,-3000,0,0,0,0,3000,-3000,-3000
055544,鴻海凱基97購05  ,0,0,0,0,0,0,0,0,0,-3000,0,0,0,0,3000,-3000,-3000
055532,中工群益98購01  ,0,0,0,0,0,0,0,0,0,-3000,0,0,0,0,3000,-3000,-3000
055535,緯創群益98購01  ,0,0,0,0,0,0,0,0,0,-3000,0,0,0,12000,15000,-3000,-3000
055478,訊芯凱基97購01  ,0,0,0,0,0,0,0,0,0,-3000,0,0,0,200000,203000,-3000,-3000
057115,元油2X日盛9A購01,0,0,0,0,0,0,0,0,0,-3000,0,0,0,0,3000,-3000,-3000
057158,義隆永豐99購01  ,0,0,0,0,0,0,0,0,0,-3000,0,0,0,0,3000,-3000,-3000
056693,國產群益98購01  ,0,0,0,0,0,0,0,0,0,-3000,0,0,0,0,3000,-3000,-3000
056717,康友永豐98購01  ,0,0,0,0,0,0,0,0,0,-3000,0,0,0,9000,12000,-3000,-3000
057497,祥碩元大98購06  ,0,0,0,0,0,0,0,0,0,-3000,0,0,0,50000,53000,-3000,-3000
046861,和碩元大93購01  ,0,0,0,0,0,0,0,0,0,-3000,0,0,0,0,3000,-3000,-3000
048008,聯發科富邦95購02,0,0,0,0,0,0,0,0,0,-3000,0,0,0,0,3000,-3000,-3000
049031,矽格群益94購01  ,0,0,0,0,0,0,0,0,0,-3000,0,0,0,0,3000,-3000,-3000
047366,台表科群益93購01,0,0,0,0,0,0,0,0,0,-3000,0,0,0,7000,10000,-3000,-3000
047517,元油反元大96購01,0,0,0,0,0,0,0,0,0,-3000,0,0,0,0,3000,-3000,-3000
047180,台積電元大93購18,0,0,0,0,0,0,0,0,0,-3000,0,0,0,0,3000,-3000,-3000
05093P,可成元大95售03  ,0,0,0,0,0,0,0,0,0,-3000,0,0,0,141000,144000,-3000,-3000
050697,冠德凱基96購01  ,0,0,0,0,0,0,0,0,0,-3000,0,0,0,0,3000,-3000,-3000
050732,台虹國票94購01  ,0,0,0,0,0,0,0,0,0,-3000,0,0,0,0,3000,-3000,-3000
048349,美利達元大96購02,0,0,0,0,0,0,0,0,0,-3000,0,0,0,0,3000,-3000,-3000
049175,台積電凱基94購12,0,0,0,0,0,0,0,0,0,-3000,0,0,0,0,3000,-3000,-3000
047925,可成凱基94購01  ,0,0,0,0,0,0,0,0,0,-3000,0,0,0,0,3000,-3000,-3000
048963,川湖元大94購01  ,0,0,0,0,0,0,0,0,0,-3000,0,0,0,0,3000,-3000,-3000
04824P,亞泥中信94售02  ,0,0,0,0,0,0,0,0,0,-3000,0,0,0,0,3000,-3000,-3000
04499P,滬深2X統一94售03,0,0,0,0,0,0,0,0,0,-3000,0,0,0,6000,9000,-3000,-3000
044683,聯鈞凱基93購01  ,0,0,0,0,0,0,0,0,0,-3000,0,0,0,34000,37000,-3000,-3000
04639P,臺股指群益94售14,0,0,0,0,0,0,0,0,0,-3000,0,0,0,127000,130000,-3000,-3000
042994,葡萄王元大94購02,0,0,0,0,0,0,0,0,0,-3000,0,0,0,113000,116000,-3000,-3000
04618P,電子類群益94售02,0,0,0,0,0,0,0,0,0,-3000,0,0,0,0,3000,-3000,-3000
045814,可成麥證93購01  ,0,0,0,0,3000,-3000,0,0,0,-3000,0,0,0,0,3000,-3000,-3000
03642C,臺股指元大94牛27,0,0,0,0,0,0,0,0,0,-3000,0,0,0,1000,4000,-3000,-3000
03022X,富展01          ,0,0,0,0,0,0,0,0,0,-3000,0,0,0,0,3000,-3000,-3000
00684R,元大美元指數反1 ,0,0,0,0,0,0,0,0,0,-3000,0,0,0,40000,43000,-3000,-3000
05151P,台光電群益95售02,0,0,0,0,0,0,0,0,0,-3000,0,0,0,6000,9000,-3000,-3000
049193,元油2X永豐97購01,0,0,0,0,0,0,0,0,0,-3000,0,0,0,0,3000,-3000,-3000
049274,臺股指元大94購09,0,0,0,0,0,0,0,0,0,-3000,0,0,0,2000,5000,-3000,-3000
049331,元石油統一94購01,0,0,0,0,0,0,0,0,0,-3000,0,0,0,17000,20000,-3000,-3000
049497,茂林元大94購04  ,0,0,0,0,0,0,0,0,0,-3000,0,0,0,0,3000,-3000,-3000
050885,T50反1富邦95購01,0,0,0,0,0,0,0,0,0,-3000,0,0,0,997000,1000000,-3000,-3000
050444,卜蜂元大94購03  ,0,0,0,0,0,0,0,0,0,-3000,0,0,0,10000,13000,-3000,-3000
052086,鴻海元大96購08  ,0,0,0,0,0,0,0,0,0,-3000,0,0,0,0,3000,-3000,-3000
051982,深中小元大95購01,0,0,0,0,0,0,0,0,0,-3000,0,0,0,0,3000,-3000,-3000
052550,鴻海國票97購02  ,0,0,0,0,0,0,0,0,0,-3000,0,0,0,0,3000,-3000,-3000
052569,聯發科凱基96購08,0,0,0,0,0,0,0,0,0,-3000,0,0,0,115000,118000,-3000,-3000
052300,力成台新95購01  ,0,0,0,0,0,0,0,0,0,-3000,0,0,0,0,3000,-3000,-3000
054406,旺宏國票98購01  ,0,0,0,0,0,0,0,0,0,-3000,0,0,0,0,3000,-3000,-3000
054448,矽力兆豐96購01  ,0,0,0,0,0,0,0,0,0,-3000,0,0,0,0,3000,-3000,-3000
054754,昇陽半凱基98購02,0,0,0,0,0,0,0,0,0,-3000,0,0,0,0,3000,-3000,-3000
054679,台積電康和99購01,0,0,0,0,0,0,0,0,0,-3000,0,0,0,68000,71000,-3000,-3000
054507,鈺齊永豐96購01  ,0,0,0,0,0,0,0,0,0,-3000,0,0,0,68000,71000,-3000,-3000
055112,晶豪科凱基98購01,0,0,0,0,0,0,0,0,0,-3000,0,0,0,0,3000,-3000,-3000
055036,中工富邦9B購01  ,0,0,0,0,0,0,0,0,0,-3000,0,0,0,101000,104000,-3000,-3000
054846,瑞昱兆豐97購01  ,0,0,0,0,0,0,0,0,0,-3000,0,0,0,10000,13000,-3000,-3000
055344,國巨凱基97購04  ,0,0,0,0,0,0,0,0,0,-3000,0,0,0,8000,11000,-3000,-3000
05535P,台積電元大97售06,0,0,0,0,0,0,0,0,0,-3000,0,0,0,549000,552000,-3000,-3000
055309,冠德群益97購01  ,0,0,0,0,0,0,0,0,0,-3000,0,0,0,0,3000,-3000,-3000
053428,中磊永豐96購02  ,0,0,0,0,0,0,0,0,0,-3000,0,0,0,43000,46000,-3000,-3000
053436,聯茂日盛96購01  ,0,0,0,0,0,0,0,0,0,-3000,0,0,0,757000,760000,-3000,-3000
053266,全新群益98購01  ,0,0,0,0,0,0,0,0,0,-3000,0,0,0,30000,33000,-3000,-3000
053173,矽格群益97購01  ,0,0,0,0,0,0,0,0,0,-3000,0,0,0,0,3000,-3000,-3000
052965,廣宇群益97購01  ,0,0,0,0,0,0,0,0,0,-3000,0,0,0,0,3000,-3000,-3000
05306P,泰碩國泰97售01  ,0,0,0,0,0,0,0,0,0,-3000,0,0,0,6000,9000,-3000,-3000
053496,義隆兆豐96購02  ,0,0,0,0,0,0,0,0,0,-3000,0,0,0,56000,59000,-3000,-3000
3617,碩天            ,11000,15000,-4000,0,0,0,0,1000,-1000,2000,2000,0,2000,0,0,0,-3000
3530,晶相光          ,137000,357000,-220000,0,0,0,0,0,0,217000,1000,0,1000,244000,28000,216000,-3000
4526,東台            ,1000,4000,-3000,0,0,0,0,0,0,0,0,0,0,0,0,0,-3000
6641,基士德-KY       ,0,3000,-3000,0,0,0,0,0,0,0,0,0,0,0,0,0,-3000
3311,閎暉            ,25000,28000,-3000,0,0,0,0,0,0,0,0,0,0,0,0,0,-3000
2706,第一店          ,0,3000,-3000,0,0,0,0,0,0,0,0,0,0,0,0,0,-3000
2358,廷鑫            ,19000,22000,-3000,0,0,0,0,0,0,0,0,0,0,0,0,0,-3000
2397,友通            ,3000,6000,-3000,0,0,0,0,0,0,0,0,0,0,0,0,0,-3000
2460,建通            ,0,0,0,0,0,0,0,0,0,-3000,2000,5000,-3000,0,0,0,-3000
2466,冠西電          ,2000,5000,-3000,0,0,0,0,0,0,0,0,0,0,0,0,0,-3000
8473,山林水          ,3000,6000,-3000,0,0,0,0,0,0,0,0,0,0,0,0,0,-3000
1503,士電            ,1000,4000,-3000,0,0,0,0,0,0,0,0,0,0,0,0,0,-3000
2013,中鋼構          ,13000,16000,-3000,0,0,0,0,0,0,0,0,0,0,0,0,0,-3000
06776P,鴻海元大99售05  ,0,0,0,0,0,0,0,0,0,-3000,0,0,0,50000,53000,-3000,-3000
06770P,台灣50第一9C售01,0,0,0,0,0,0,0,0,0,-3000,0,0,0,0,3000,-3000,-3000
06689P,鴻海中信9C售02  ,0,0,0,0,0,0,0,0,0,-3000,0,0,0,0,3000,-3000,-3000
06543P,鴻海元大98售08  ,0,0,0,0,0,0,0,0,0,-3000,0,0,0,8000,11000,-3000,-3000
06158P,玉晶光元富97售08,0,0,0,0,0,0,0,0,0,-3000,0,0,0,18000,21000,-3000,-3000
06400P,鴻海元富97售12  ,0,0,0,0,0,0,0,0,0,-3000,0,0,0,0,3000,-3000,-3000
06408P,聯茂元富97售02  ,0,0,0,0,0,0,0,0,0,-3000,0,0,0,5000,8000,-3000,-3000
05893P,國巨兆豐96售04  ,0,0,0,0,0,0,0,0,0,-3000,0,0,0,20000,23000,-3000,-3000
06027P,鴻海台新96售04  ,0,0,0,0,0,0,0,0,0,-3000,0,0,0,0,3000,-3000,-3000
05837P,臺股指富邦96售04,0,0,0,0,0,0,0,0,0,-3000,0,0,0,12000,15000,-3000,-3000
057909,台光電兆豐98購01,0,0,0,0,0,0,0,0,0,-3000,0,0,0,0,3000,-3000,-3000
057930,旺宏群益99購04  ,0,0,0,0,0,0,0,0,0,-3000,0,0,0,5000,8000,-3000,-3000
057865,富邦金凱基98購01,0,0,0,0,0,0,0,0,0,-3000,0,0,0,0,3000,-3000,-3000
057880,金融類元大99購02,0,0,0,0,0,0,0,0,0,-3000,0,0,0,0,3000,-3000,-3000
056890,國巨元大98購11  ,0,0,0,0,0,0,0,0,0,-4000,0,0,0,226000,230000,-4000,-4000
056882,華邦電康和98購01,0,0,0,0,0,0,0,0,0,-4000,0,0,0,44000,48000,-4000,-4000
057265,聯詠兆豐98購01  ,0,0,0,0,0,0,0,0,0,-4000,0,0,0,151000,155000,-4000,-4000
055473,禾伸堂凱基97購01,0,0,0,0,0,0,0,0,0,-4000,0,0,0,63000,67000,-4000,-4000
055865,臺股指元大97購02,0,0,0,0,0,0,0,0,0,-4000,0,0,0,1000,5000,-4000,-4000
055732,全新元富9A購01  ,0,0,0,0,0,0,0,0,0,-4000,0,0,0,80000,84000,-4000,-4000
056376,玉晶光統一98購01,0,0,0,0,0,0,0,0,0,-4000,0,0,0,250000,254000,-4000,-4000
056158,新日興凱基98購02,0,0,0,0,0,0,0,0,0,-4000,0,0,0,1000,5000,-4000,-4000
056417,欣興中信98購01  ,0,0,0,0,0,0,0,0,0,-4000,0,0,0,0,4000,-4000,-4000
0054,元大台商50      ,0,0,0,0,0,0,0,0,0,-4000,0,0,0,0,4000,-4000,-4000
020002,元富新中國N     ,0,0,0,0,0,0,0,0,0,-4000,0,0,0,0,4000,-4000,-4000
03629C,元油2X元富98牛06,0,0,0,0,0,0,0,0,0,-4000,0,0,0,7000,11000,-4000,-4000
040160,SP黃豆元富95購01,0,0,0,0,0,0,0,0,0,-4000,0,0,0,1000,5000,-4000,-4000
04384P,上証2X中信96售01,0,0,0,0,0,0,0,0,0,-4000,0,0,0,131000,135000,-4000,-4000
046538,大立光群益93購06,0,0,0,0,0,0,0,0,0,-4000,0,0,0,26000,30000,-4000,-4000
04450P,京元電凱基94售01,0,0,0,0,0,0,0,0,0,-4000,0,0,0,6000,10000,-4000,-4000
047978,元油反群益97購01,0,0,0,0,0,0,0,0,0,-4000,0,0,0,1000,5000,-4000,-4000
049138,台積電元大94購05,0,0,0,0,0,0,0,0,0,-4000,0,0,0,151000,155000,-4000,-4000
047131,鴻海凱基94購03  ,0,0,0,0,0,0,0,0,0,-4000,0,0,0,0,4000,-4000,-4000
047434,台積電元大93購21,0,0,0,0,0,0,0,0,0,-4000,0,0,0,10000,14000,-4000,-4000
052318,友達元大98購01  ,0,0,0,0,0,0,0,0,0,-4000,0,0,0,0,4000,-4000,-4000
052212,可成元大95購11  ,0,0,0,0,0,0,0,0,0,-4000,0,0,0,492000,496000,-4000,-4000
052374,瑞昱元大95購02  ,0,0,0,0,0,0,0,0,0,-4000,0,0,0,0,4000,-4000,-4000
052696,玉晶光麥證97購01,0,0,0,10000,17000,-7000,0,0,0,-4000,0,0,0,13000,17000,-4000,-4000
052072,健策統一95購02  ,0,0,0,0,0,0,0,0,0,-4000,0,0,0,0,4000,-4000,-4000
051907,台積電元大97購05,0,0,0,0,0,0,0,0,0,-4000,0,0,0,163000,167000,-4000,-4000
051910,大立光元大97購01,0,0,0,0,0,0,0,0,0,-4000,0,0,0,0,4000,-4000,-4000
049904,矽力元富94購01  ,0,0,0,0,0,0,0,0,0,-4000,0,0,0,35000,39000,-4000,-4000
05041P,大立光凱基95售09,0,0,0,0,0,0,0,0,0,-4000,0,0,0,206000,210000,-4000,-4000
051015,南亞科凱基95購04,0,0,0,0,0,0,0,0,0,-4000,0,0,0,0,4000,-4000,-4000
049352,泰鼎永豐95購01  ,0,0,0,0,0,0,0,0,0,-4000,0,0,0,10000,14000,-4000,-4000
049761,亞德客國泰95購03,0,0,0,0,0,0,0,0,0,-4000,0,0,0,0,4000,-4000,-4000
049667,大立光國泰96購01,0,0,0,0,0,0,0,0,0,-4000,0,0,0,5000,9000,-4000,-4000
053498,大立光兆豐96購03,0,0,0,0,0,0,0,0,0,-4000,0,0,0,0,4000,-4000,-4000
053102,祥碩元富96購01  ,0,0,0,0,0,0,0,0,0,-4000,0,0,0,0,4000,-4000,-4000
053440,台積電凱基96購12,0,0,0,0,0,0,0,0,0,-4000,0,0,0,0,4000,-4000,-4000
053454,創意統一96購02  ,0,0,0,0,0,0,0,0,0,-4000,0,0,0,0,4000,-4000,-4000
053345,欣興國票97購02  ,0,0,0,0,0,0,0,0,0,-4000,0,0,0,6000,10000,-4000,-4000
053312,緯穎凱基96購02  ,0,0,0,0,0,0,0,0,0,-4000,0,0,0,6000,10000,-4000,-4000
055114,新日興凱基98購01,0,0,0,0,0,0,0,0,0,-4000,0,0,0,15000,19000,-4000,-4000
054575,聯鈞元大97購01  ,0,0,0,0,0,0,0,0,0,-4000,0,0,0,70000,74000,-4000,-4000
05459P,聯詠凱基95售03  ,0,0,0,0,0,0,0,0,0,-4000,0,0,0,7000,11000,-4000,-4000
054427,潤泰全富邦97購01,0,0,0,0,0,0,0,0,0,-4000,0,0,0,8000,12000,-4000,-4000
057946,晶相光國票99購01,0,0,0,0,0,0,0,0,0,-4000,0,0,0,0,4000,-4000,-4000
057947,和碩國票99購01  ,0,0,0,0,0,0,0,0,0,-4000,0,0,0,0,4000,-4000,-4000
05848P,臺股指元大96售24,0,0,0,0,0,0,0,0,0,-4000,0,0,0,0,4000,-4000,-4000
06057P,大立光凱基98售01,0,0,0,0,0,0,0,0,0,-4000,0,0,0,14000,18000,-4000,-4000
05899P,臺股指凱基96售30,0,0,0,0,0,0,0,0,0,-4000,0,0,0,0,4000,-4000,-4000
05973P,聯詠元大96售06  ,0,0,0,0,0,0,0,0,0,-4000,0,0,0,0,4000,-4000,-4000
06386P,欣興永豐97售03  ,0,0,0,0,0,0,0,0,0,-4000,0,0,0,6000,10000,-4000,-4000
06294P,臺股指國票97售08,0,0,0,0,0,0,0,0,0,-4000,0,0,0,3000,7000,-4000,-4000
06097P,茂林永豐97售01  ,0,0,0,0,0,0,0,0,0,-4000,0,0,0,0,4000,-4000,-4000
06462P,鴻海富邦98售01  ,0,0,0,0,0,0,0,0,0,-4000,0,0,0,0,4000,-4000,-4000
06653P,美食元大98售02  ,0,0,0,0,0,0,0,0,0,-4000,0,0,0,11000,15000,-4000,-4000
06638P,鴻海統一99售02  ,0,0,0,0,0,0,0,0,0,-4000,0,0,0,3000,7000,-4000,-4000
06614P,祥碩永豐98售03  ,0,0,0,0,0,0,0,0,0,-4000,0,0,0,1000,5000,-4000,-4000
06608P,立積群益99售02  ,0,0,0,0,0,0,0,0,0,-4000,0,0,0,1000,5000,-4000,-4000
06778P,台積電元大99售06,0,0,0,0,0,0,0,0,0,-4000,0,0,0,325000,329000,-4000,-4000
2007,燁興            ,0,4000,-4000,0,0,0,0,0,0,0,0,0,0,0,0,0,-4000
1232,大統益          ,5000,9000,-4000,0,0,0,0,0,0,0,0,0,0,0,0,0,-4000
2704,國賓            ,17000,21000,-4000,0,0,0,0,0,0,0,0,0,0,0,0,0,-4000
2820,華票            ,199000,273000,-74000,0,0,0,0,0,0,70000,70000,0,70000,0,0,0,-4000
4144,康聯-KY         ,0,4000,-4000,0,0,0,0,0,0,0,0,0,0,0,0,0,-4000
3593,力銘            ,0,4000,-4000,0,0,0,0,0,0,0,0,0,0,0,0,0,-4000
4572,駐龍            ,3000,7000,-4000,0,0,0,0,0,0,0,0,0,0,0,0,0,-4000
056495,泰鼎國泰99購01  ,0,0,0,0,0,0,0,0,0,-5000,0,0,0,76000,81000,-5000,-5000
056492,全新國泰9A購01  ,0,0,0,0,0,0,0,0,0,-5000,0,0,0,0,5000,-5000,-5000
056481,創意元大98購01  ,0,0,0,0,0,0,0,0,0,-5000,0,0,0,0,5000,-5000,-5000
056197,友訊永豐97購01  ,0,0,0,0,0,0,0,0,0,-5000,0,0,0,0,5000,-5000,-5000
056325,群創兆豐9A購01  ,0,0,0,0,0,0,0,0,0,-5000,0,0,0,5000,10000,-5000,-5000
056252,聯發科兆豐97購03,0,0,0,0,0,0,0,0,0,-5000,0,0,0,0,5000,-5000,-5000
055768,臺股指群益97購06,0,0,0,0,0,0,0,0,0,-5000,0,0,0,0,5000,-5000,-5000
055797,華通富邦98購01  ,0,0,0,0,0,0,0,0,0,-5000,0,0,0,0,5000,-5000,-5000
055824,臺股指國票97購11,0,0,0,0,0,0,0,0,0,-5000,0,0,0,0,5000,-5000,-5000
055863,緯穎元大97購05  ,0,0,0,0,0,0,0,0,0,-5000,0,0,0,12000,17000,-5000,-5000
055937,康舒群益97購01  ,0,0,0,0,0,0,0,0,0,-5000,0,0,0,20000,25000,-5000,-5000
057123,上銀凱基98購05  ,0,0,0,0,0,0,0,0,0,-5000,0,0,0,0,5000,-5000,-5000
057104,康友中信99購01  ,0,0,0,0,0,0,0,0,0,-5000,0,0,0,10000,15000,-5000,-5000
057044,旺宏元大98購08  ,0,0,0,0,0,0,0,0,0,-5000,0,0,0,0,5000,-5000,-5000
056888,元油2X元大99購06,0,0,0,0,0,0,0,0,0,-5000,0,0,0,0,5000,-5000,-5000
056869,國巨日盛99購03  ,0,0,0,0,0,0,0,0,0,-5000,0,0,0,10000,15000,-5000,-5000
056976,喬山群益98購01  ,0,0,0,0,0,0,0,0,0,-5000,0,0,0,15000,20000,-5000,-5000
056728,元油2X凱基9A購02,0,0,0,0,0,0,0,0,0,-5000,0,0,0,0,5000,-5000,-5000
056760,元油2X元大98購06,0,0,0,0,0,0,0,0,0,-5000,0,0,0,0,5000,-5000,-5000
05750P,臺股指群益99售04,0,0,0,0,0,0,0,0,0,-5000,0,0,0,0,5000,-5000,-5000
057337,聯發科國票99購02,0,0,0,0,0,0,0,0,0,-5000,0,0,0,0,5000,-5000,-5000
057319,奇力新凱基99購02,0,0,0,0,0,0,0,0,0,-5000,0,0,0,1000,6000,-5000,-5000
057682,台積電日盛9A購03,0,0,0,0,0,0,0,0,0,-5000,0,0,0,22000,27000,-5000,-5000
057649,嘉聯益元大99購04,0,0,0,0,0,0,0,0,0,-5000,0,0,0,13000,18000,-5000,-5000
057816,欣興元大98購13  ,0,0,0,0,0,0,0,0,0,-5000,0,0,0,32000,37000,-5000,-5000
057852,國巨國票99購05  ,0,0,0,0,0,0,0,0,0,-5000,0,0,0,0,5000,-5000,-5000
047437,旺宏元大94購02  ,0,0,0,0,0,0,0,0,0,-5000,0,0,0,16000,21000,-5000,-5000
047493,旺宏元富96購01  ,0,0,0,0,0,0,0,0,0,-5000,0,0,0,115000,120000,-5000,-5000
050930,矽格凱基95購01  ,0,0,0,0,0,0,0,0,0,-5000,0,0,0,0,5000,-5000,-5000
050962,聯發科永豐95購02,0,0,0,0,0,0,0,0,0,-5000,0,0,0,5000,10000,-5000,-5000
05107P,鴻海兆豐96售02  ,0,0,0,0,0,0,0,0,0,-5000,0,0,0,0,5000,-5000,-5000
048882,智原統一96購01  ,0,0,0,0,0,0,0,0,0,-5000,0,0,0,0,5000,-5000,-5000
048911,玉晶光富邦96購01,0,0,0,0,0,0,0,0,0,-5000,0,0,0,20000,25000,-5000,-5000
048900,精成科國泰95購01,0,0,0,0,0,0,0,0,0,-5000,0,0,0,0,5000,-5000,-5000
048898,晶相光國泰96購01,0,0,0,0,0,0,0,0,0,-5000,0,0,0,105000,110000,-5000,-5000
04792P,智邦元大94售06  ,0,0,0,0,0,0,0,0,0,-5000,0,0,0,94000,99000,-5000,-5000
048334,A50正2元大96購01,0,0,0,0,0,0,0,0,0,-5000,0,0,0,25000,30000,-5000,-5000
048476,同欣電永豐93購01,0,0,0,0,0,0,0,0,0,-5000,0,0,0,0,5000,-5000,-5000
048519,緯穎凱基93購02  ,0,0,0,0,0,0,0,0,0,-5000,0,0,0,0,5000,-5000,-5000
046878,康友國泰94購01  ,0,0,0,0,0,0,0,0,0,-5000,0,0,0,0,5000,-5000,-5000
048583,智原富邦98購01  ,0,0,0,0,0,0,0,0,0,-5000,0,0,0,0,5000,-5000,-5000
046944,奇力新元大96購01,0,0,0,0,0,0,0,0,0,-5000,0,0,0,5000,10000,-5000,-5000
047680,上証反中信96購01,0,0,0,0,0,0,0,0,0,-5000,0,0,0,95000,100000,-5000,-5000
048267,元金反中信93購01,0,0,0,0,0,0,0,0,0,-5000,0,0,0,0,5000,-5000,-5000
048283,亞德客中信94購01,0,0,0,0,0,0,0,0,0,-5000,0,0,0,10000,15000,-5000,-5000
048696,台達電國票96購01,0,0,0,0,0,0,0,0,0,-5000,0,0,0,0,5000,-5000,-5000
048765,奇力新凱基94購01,0,0,0,0,0,0,0,0,0,-5000,0,0,0,0,5000,-5000,-5000
04414P,牧德元富94售04  ,0,0,0,0,0,0,0,0,0,-5000,0,0,0,0,5000,-5000,-5000
045568,上証2X元大95購01,0,0,0,0,0,0,0,0,0,-5000,0,0,0,2000,7000,-5000,-5000
04325P,創意元大93售06  ,0,0,0,0,0,0,0,0,0,-5000,0,0,0,0,5000,-5000,-5000
045837,群創群益98購02  ,0,0,0,0,0,0,0,0,0,-5000,0,0,0,0,5000,-5000,-5000
04032P,聯茂凱基94售02  ,0,0,0,0,0,0,0,0,0,-5000,0,0,0,5000,10000,-5000,-5000
045799,微星亞東93購01  ,0,0,0,0,0,0,0,0,0,-5000,0,0,0,0,5000,-5000,-5000
03831P,臺股指中信95售02,0,0,0,0,0,0,0,0,0,-5000,0,0,0,0,5000,-5000,-5000
00776,新光ICE美國權值 ,0,0,0,0,0,0,0,0,0,-5000,0,0,0,1000,6000,-5000,-5000
00731,FH富時高息低波  ,1000,0,1000,0,0,0,0,0,0,-6000,0,0,0,214000,220000,-6000,-5000
0055,元大MSCI金融    ,0,0,0,0,0,0,0,0,0,-5000,0,0,0,0,5000,-5000,-5000
00683L,元大美元指數正2 ,0,0,0,0,0,0,0,0,0,-5000,0,0,0,41000,46000,-5000,-5000
03103P,聯發科元富01售02,0,0,0,0,0,0,0,0,0,-5000,0,0,0,0,5000,-5000,-5000
03109P,台積電元大01售41,0,0,0,0,0,0,0,0,0,-5000,0,0,0,0,5000,-5000,-5000
03419B,臺股指元富99熊03,0,0,0,0,0,0,0,0,0,-5000,0,0,0,0,5000,-5000,-5000
049268,聯茂元大94購03  ,0,0,0,0,0,0,0,0,0,-5000,0,0,0,35000,40000,-5000,-5000
049257,南亞科元大94購03,0,0,0,0,0,0,0,0,0,-5000,0,0,0,0,5000,-5000,-5000
049222,和碩國票94購01  ,0,0,0,0,0,0,0,0,0,-5000,0,0,0,0,5000,-5000,-5000
049632,臺股指群益94購05,0,0,0,0,0,0,0,0,0,-5000,0,0,0,0,5000,-5000,-5000
05051P,鴻海群益95售05  ,0,0,0,0,0,0,0,0,0,-5000,0,0,0,0,5000,-5000,-5000
049273,臺股指元大94購08,0,0,0,0,0,0,0,0,0,-5000,0,0,0,0,5000,-5000,-5000
049444,元石油統一94購03,0,0,0,0,0,0,0,0,0,-5000,0,0,0,0,5000,-5000,-5000
050914,健鼎中信95購01  ,0,0,0,0,0,0,0,0,0,-5000,0,0,0,97000,102000,-5000,-5000
050367,鴻海元大94購20  ,0,0,0,0,0,0,0,0,0,-5000,0,0,0,537000,542000,-5000,-5000
051268,創意富邦97購01  ,0,0,0,0,0,0,0,0,0,-5000,0,0,0,200000,205000,-5000,-5000
051269,康友富邦97購01  ,0,0,0,0,0,0,0,0,0,-5000,0,0,0,0,5000,-5000,-5000
050530,台表科元大95購04,0,0,0,0,0,0,0,0,0,-5000,0,0,0,50000,55000,-5000,-5000
049980,奇力新凱基94購04,0,0,0,0,0,0,0,0,0,-5000,0,0,0,1000,6000,-5000,-5000
049940,臺股指元大94購21,0,0,0,0,0,0,0,0,0,-5000,0,0,0,0,5000,-5000,-5000
052096,力成元大95購01  ,0,0,0,0,0,0,0,0,0,-5000,0,0,0,0,5000,-5000,-5000
051975,美食凱基95購02  ,0,0,0,0,0,0,0,0,0,-5000,0,0,0,0,5000,-5000,-5000
051966,台表科永豐95購01,0,0,0,0,0,0,0,0,0,-5000,0,0,0,0,5000,-5000,-5000
051993,和碩元大95購03  ,0,0,0,0,0,0,0,0,0,-5000,0,0,0,0,5000,-5000,-5000
050093,國巨永豐94購05  ,0,0,0,0,0,0,0,0,0,-5000,0,0,0,36000,41000,-5000,-5000
04985P,景碩永豐94售02  ,0,0,0,0,0,0,0,0,0,-5000,0,0,0,0,5000,-5000,-5000
049876,智邦永豐94購01  ,0,0,0,0,0,0,0,0,0,-5000,0,0,0,0,5000,-5000,-5000
052664,麗豐國票96購02  ,0,0,0,0,0,0,0,0,0,-5000,0,0,0,0,5000,-5000,-5000
052586,晶豪科永豐96購01,0,0,0,0,0,0,0,0,0,-5000,0,0,0,0,5000,-5000,-5000
052810,易華電元大96購02,0,0,0,0,0,0,0,0,0,-5000,0,0,0,0,5000,-5000,-5000
052383,臺股指元大95購29,0,0,0,0,0,0,0,0,0,-5000,0,0,0,17000,22000,-5000,-5000
05243P,鴻海元大95售19  ,0,0,0,0,0,0,0,0,0,-5000,0,0,0,118000,123000,-5000,-5000
054434,友達台新96購03  ,0,0,0,0,0,0,0,0,0,-5000,0,0,0,0,5000,-5000,-5000
05416P,喬山永豐95售04  ,0,0,0,0,0,0,0,0,0,-5000,0,0,0,12000,17000,-5000,-5000
054284,和大元大96購03  ,0,0,0,0,0,0,0,0,0,-5000,0,0,0,0,5000,-5000,-5000
054290,奇力新元大96購05,0,0,0,0,0,0,0,0,0,-5000,0,0,0,10000,15000,-5000,-5000
054310,牧德凱基98購01  ,0,0,0,0,0,0,0,0,0,-5000,0,0,0,34000,39000,-5000,-5000
054631,台郡凱基98購02  ,0,0,0,0,0,0,0,0,0,-5000,0,0,0,0,5000,-5000,-5000
054644,A50正2群益9B購01,0,0,0,0,0,0,0,0,0,-5000,0,0,0,25000,30000,-5000,-5000
054654,全新麥證99購01  ,0,0,0,30000,35000,-5000,0,0,0,-5000,0,0,0,30000,35000,-5000,-5000
054868,國泰金群益9A購01,0,0,0,0,0,0,0,0,0,-5000,0,0,0,22000,27000,-5000,-5000
054878,和大統一97購02  ,0,0,0,0,0,0,0,0,0,-5000,0,0,0,0,5000,-5000,-5000
054893,帆宣統一99購01  ,0,0,0,0,0,0,0,0,0,-5000,0,0,0,10000,15000,-5000,-5000
055280,智邦元大97購01  ,0,0,0,0,0,0,0,0,0,-5000,0,0,0,19000,24000,-5000,-5000
055337,超眾兆豐98購01  ,0,0,0,0,0,0,0,0,0,-5000,0,0,0,10000,15000,-5000,-5000
053195,玉晶光元富96購02,0,0,0,0,0,0,0,0,0,-5000,0,0,0,0,5000,-5000,-5000
053142,緯穎永豐96購01  ,0,0,0,0,0,0,0,0,0,-5000,0,0,0,0,5000,-5000,-5000
053031,華新科第一96購01,0,0,0,0,0,0,0,0,0,-5000,0,0,0,5000,10000,-5000,-5000
053047,寶成中信97購01  ,0,0,0,0,0,0,0,0,0,-5000,0,0,0,0,5000,-5000,-5000
053605,臺股指永昌96購01,0,0,0,0,0,0,0,0,0,-5000,0,0,0,0,5000,-5000,-5000
053693,欣興元大96購05  ,0,0,0,0,0,0,0,0,0,-5000,0,0,0,26000,31000,-5000,-5000
053868,群創元大99購02  ,0,0,0,0,0,0,0,0,0,-5000,0,0,0,47000,52000,-5000,-5000
053891,欣興群益98購01  ,0,0,0,0,0,0,0,0,0,-5000,0,0,0,20000,25000,-5000,-5000
053942,超眾國泰96購02  ,0,0,0,0,0,0,0,0,0,-5000,0,0,0,10000,15000,-5000,-5000
054047,富邦金元大97購01,0,0,0,0,0,0,0,0,0,-5000,0,0,0,75000,80000,-5000,-5000
054123,易華電永豐96購03,0,0,0,0,0,0,0,0,0,-5000,0,0,0,0,5000,-5000,-5000
054109,南亞科凱基96購05,0,0,0,0,0,0,0,0,0,-5000,0,0,0,0,5000,-5000,-5000
054110,群創凱基98購09  ,0,0,0,0,0,0,0,0,0,-5000,0,0,0,0,5000,-5000,-5000
054107,上銀凱基97購01  ,0,0,0,0,0,0,0,0,0,-5000,0,0,0,168000,173000,-5000,-5000
4566,時碩工業        ,15000,20000,-5000,0,0,0,0,0,0,0,0,0,0,0,0,0,-5000
5515,建國            ,1000,6000,-5000,0,0,0,0,0,0,0,0,0,0,0,0,0,-5000
8103,瀚荃            ,0,5000,-5000,0,0,0,0,0,0,0,0,0,0,0,0,0,-5000
2888A,新光金甲特      ,0,5000,-5000,0,0,0,0,0,0,0,0,0,0,0,0,0,-5000
06885P,國巨國票99售06  ,0,0,0,0,0,0,0,0,0,-5000,0,0,0,0,5000,-5000,-5000
06725P,聯電元富98售01  ,0,0,0,0,0,0,0,0,0,-5000,0,0,0,26000,31000,-5000,-5000
06578P,華新科國票98售02,0,0,0,0,0,0,0,0,0,-5000,0,0,0,0,5000,-5000,-5000
06560P,台積電統一98售07,0,0,0,0,0,0,0,0,0,-5000,0,0,0,0,5000,-5000,-5000
06098P,T50反1日盛97售02,0,0,0,0,0,0,0,0,0,-5000,0,0,0,0,5000,-5000,-5000
06317P,臺股指元富97售04,0,0,0,0,0,0,0,0,0,-5000,0,0,0,10000,15000,-5000,-5000
06360P,台積電群益97售05,0,0,0,0,0,0,0,0,0,-5000,0,0,0,0,5000,-5000,-5000
05908P,大立光元富96售05,0,0,0,0,0,0,0,0,0,-5000,0,0,0,0,5000,-5000,-5000
05897P,國巨凱基96售12  ,0,0,0,0,0,0,0,0,0,-5000,0,0,0,0,5000,-5000,-5000
05877P,大立光群益96售06,0,0,0,0,0,0,0,0,0,-5000,0,0,0,37000,42000,-5000,-5000
05820P,臺股指凱基96售17,0,0,0,0,0,0,0,0,0,-5000,0,0,0,0,5000,-5000,-5000
05834P,臺股指元富96售06,0,0,0,0,0,0,0,0,0,-5000,0,0,0,0,5000,-5000,-5000
05800P,台積電兆豐96售04,0,0,0,0,0,0,0,0,0,-5000,0,0,0,0,5000,-5000,-5000
057920,奇力新凱基98購08,0,0,0,0,0,0,0,0,0,-5000,0,0,0,0,5000,-5000,-5000
057855,晶技國票99購01  ,0,0,0,0,0,0,0,0,0,-6000,0,0,0,1000,7000,-6000,-6000
057701,嘉聯益群益98購02,0,0,0,0,0,0,0,0,0,-6000,0,0,0,4000,10000,-6000,-6000
05727P,新光金日盛96售02,0,0,0,0,0,0,0,0,0,-6000,0,0,0,18000,24000,-6000,-6000
05726P,易華電永豐96售02,0,0,0,0,0,0,0,0,0,-6000,0,0,0,5000,11000,-6000,-6000
057273,智邦元大98購05  ,0,0,0,0,0,0,0,0,0,-6000,0,0,0,18000,24000,-6000,-6000
057377,康控元大99購02  ,0,0,0,0,0,0,0,0,0,-6000,0,0,0,22000,28000,-6000,-6000
057455,景碩國泰99購01  ,0,0,0,0,0,0,0,0,0,-6000,0,0,0,3000,9000,-6000,-6000
056907,群創元大9C購04  ,0,0,0,0,0,0,0,0,0,-6000,0,0,0,248000,254000,-6000,-6000
056916,台達電兆豐98購02,0,0,0,0,0,0,0,0,0,-6000,0,0,0,70000,76000,-6000,-6000
057114,台虹群益98購01  ,0,0,0,0,0,0,0,0,0,-6000,0,0,0,5000,11000,-6000,-6000
057192,力成元大98購01  ,0,0,0,0,0,0,0,0,0,-6000,0,0,0,1000,7000,-6000,-6000
055889,鴻海統一97購05  ,0,0,0,0,0,0,0,0,0,-6000,0,0,0,54000,60000,-6000,-6000
055828,上銀元大97購05  ,0,0,0,0,0,0,0,0,0,-6000,0,0,0,35000,41000,-6000,-6000
055510,GIS元大97購03   ,0,0,0,0,0,0,0,0,0,-6000,0,0,0,20000,26000,-6000,-6000
055552,瑞昱凱基97購02  ,0,0,0,0,0,0,0,0,0,-6000,0,0,0,21000,27000,-6000,-6000
056329,上銀國票98購02  ,0,0,0,0,0,0,0,0,0,-6000,0,0,0,0,6000,-6000,-6000
056392,玉晶光富邦9C購01,0,0,0,0,0,0,0,0,0,-6000,0,0,0,82000,88000,-6000,-6000
03102P,臺股指凱基03售08,0,0,0,0,0,0,0,0,0,-6000,0,0,0,0,6000,-6000,-6000
03039X,元展36          ,0,0,0,0,0,0,0,0,0,-6000,0,0,0,0,6000,-6000,-6000
04188P,康控元富93售03  ,0,0,0,0,0,0,0,0,0,-6000,0,0,0,0,6000,-6000,-6000
045824,嘉聯益凱基93購02,0,0,0,0,0,0,0,0,0,-6000,0,0,0,0,6000,-6000,-6000
045934,燿華群益93購01  ,0,0,0,0,0,0,0,0,0,-6000,0,0,0,0,6000,-6000,-6000
046184,台光電凱基93購08,0,0,0,0,0,0,0,0,0,-6000,0,0,0,0,6000,-6000,-6000
046241,聯發科中信94購02,0,0,0,0,0,0,0,0,0,-6000,0,0,0,20000,26000,-6000,-6000
046300,嘉聯益富邦94購01,0,0,0,0,0,0,0,0,0,-6000,0,0,0,0,6000,-6000,-6000
045414,康控群益94購02  ,0,0,0,0,0,0,0,0,0,-6000,0,0,0,0,6000,-6000,-6000
048759,巨大元富96購01  ,0,0,0,0,0,0,0,0,0,-6000,0,0,0,0,6000,-6000,-6000
048784,台積電元大94購04,0,0,0,0,0,0,0,0,0,-6000,0,0,0,0,6000,-6000,-6000
048689,台光電群益94購01,0,0,0,0,0,0,0,0,0,-6000,0,0,0,0,6000,-6000,-6000
048835,牧德凱基94購02  ,0,0,0,0,0,0,0,0,0,-6000,0,0,0,2000,8000,-6000,-6000
047737,義隆麥證94購01  ,0,0,0,0,6000,-6000,0,0,0,-6000,0,0,0,0,6000,-6000,-6000
047721,GIS凱基93購04   ,0,0,0,0,0,0,0,0,0,-6000,0,0,0,0,6000,-6000,-6000
048625,GIS台新93購01   ,0,0,0,0,0,0,0,0,0,-6000,0,0,0,0,6000,-6000,-6000
048199,大立光元大94購03,0,0,0,0,0,0,0,0,0,-6000,0,0,0,0,6000,-6000,-6000
048231,台表科凱基93購06,0,0,0,0,0,0,0,0,0,-6000,0,0,0,0,6000,-6000,-6000
047984,禾伸堂群益93購01,0,0,0,0,0,0,0,0,0,-6000,0,0,0,0,6000,-6000,-6000
047782,燿華國泰95購01  ,0,0,0,0,0,0,0,0,0,-6000,0,0,0,0,6000,-6000,-6000
047436,台積電元大94購02,0,0,0,0,0,0,0,0,0,-6000,0,0,0,0,6000,-6000,-6000
04717P,和大凱基94售02  ,0,0,0,0,0,0,0,0,0,-6000,0,0,0,0,6000,-6000,-6000
04723P,美律凱基94售06  ,0,0,0,0,0,0,0,0,0,-6000,0,0,0,0,6000,-6000,-6000
048031,全新凱基93購02  ,0,0,0,0,0,0,0,0,0,-6000,0,0,0,0,6000,-6000,-6000
047100,台積電富邦93購03,0,0,0,0,0,0,0,0,0,-6000,0,0,0,0,6000,-6000,-6000
047079,GIS兆豐94購01   ,0,0,0,0,0,0,0,0,0,-6000,0,0,0,0,6000,-6000,-6000
049787,麗豐兆豐94購01  ,0,0,0,0,0,0,0,0,0,-6000,0,0,0,0,6000,-6000,-6000
049874,全新康和94購01  ,0,0,0,0,0,0,0,0,0,-6000,0,0,0,0,6000,-6000,-6000
050304,台光電中信94購01,0,0,0,0,0,0,0,0,0,-6000,0,0,0,0,6000,-6000,-6000
04996P,台積電凱基95售02,0,0,0,0,0,0,0,0,0,-6000,0,0,0,0,6000,-6000,-6000
05121P,創意國泰96售01  ,0,0,0,0,0,0,0,0,0,-6000,0,0,0,4000,10000,-6000,-6000
051712,嘉聯益群益95購01,0,0,0,0,0,0,0,0,0,-6000,0,0,0,0,6000,-6000,-6000
050918,南亞科日盛95購01,0,0,0,0,0,0,0,0,0,-6000,0,0,0,24000,30000,-6000,-6000
051025,晶華統一95購01  ,0,0,0,0,0,0,0,0,0,-6000,0,0,0,0,6000,-6000,-6000
049286,美律兆豐94購01  ,0,0,0,0,0,0,0,0,0,-6000,0,0,0,0,6000,-6000,-6000
049423,臺股指凱基95購02,0,0,0,0,0,0,0,0,0,-6000,0,0,0,101000,107000,-6000,-6000
051786,A50正2國票95購02,0,0,0,0,0,0,0,0,0,-6000,0,0,0,0,6000,-6000,-6000
053937,光磊元富96購01  ,0,0,0,0,0,0,0,0,0,-6000,0,0,0,0,6000,-6000,-6000
053989,奇力新兆豐97購01,0,0,0,0,0,0,0,0,0,-6000,0,0,0,10000,16000,-6000,-6000
053712,台光電凱基96購04,0,0,0,0,0,0,0,0,0,-6000,0,0,0,0,6000,-6000,-6000
053743,康控國票97購02  ,0,0,0,0,0,0,0,0,0,-6000,0,0,0,0,6000,-6000,-6000
053823,茂林群益96購06  ,0,0,0,0,0,0,0,0,0,-6000,0,0,0,81000,87000,-6000,-6000
053804,富邦金凱基96購01,0,0,0,0,0,0,0,0,0,-6000,0,0,0,20000,26000,-6000,-6000
053584,友達元大9B購02  ,0,0,0,0,0,0,0,0,0,-6000,0,0,0,0,6000,-6000,-6000
05355P,臺股指元富95售09,0,0,0,0,0,0,0,0,0,-6000,0,0,0,10000,16000,-6000,-6000
052881,康控凱基97購01  ,0,0,0,0,0,0,0,0,0,-6000,0,0,0,0,6000,-6000,-6000
055284,全新元大99購01  ,0,0,0,0,0,0,0,0,0,-6000,0,0,0,44000,50000,-6000,-6000
05509P,智邦元富96售02  ,0,0,0,0,0,0,0,0,0,-6000,0,0,0,0,6000,-6000,-6000
054734,燿華凱基97購03  ,0,0,0,0,0,0,0,0,0,-6000,0,0,0,0,6000,-6000,-6000
054814,台積電元大97購13,0,0,0,0,0,0,0,0,0,-6000,0,0,0,316000,322000,-6000,-6000
054264,超眾元大97購02  ,0,0,0,0,0,0,0,0,0,-6000,0,0,0,56000,62000,-6000,-6000
054226,燿華元富96購02  ,0,0,0,0,0,0,0,0,0,-6000,0,0,0,0,6000,-6000,-6000
06327P,台積電中信01售01,0,0,0,0,0,0,0,0,0,-6000,0,0,0,0,6000,-6000,-6000
06304P,臺股指元大97售10,0,0,0,0,0,0,0,0,0,-6000,0,0,0,0,6000,-6000,-6000
06583P,可成凱基98售07  ,0,0,0,0,0,0,0,0,0,-6000,0,0,0,0,6000,-6000,-6000
06894P,鈺齊元富98售03  ,0,0,0,0,0,0,0,0,0,-6000,0,0,0,0,6000,-6000,-6000
08506P,台灣50中信96售02,0,0,0,0,0,0,0,0,0,-6000,0,0,0,0,6000,-6000,-6000
1225,福懋油          ,9000,15000,-6000,0,0,0,0,0,0,0,0,0,0,0,0,0,-6000
3257,虹冠電          ,19000,25000,-6000,0,0,0,0,0,0,0,0,0,0,0,0,0,-6000
3058,立德            ,1000,1000,0,0,0,0,0,0,0,-6000,0,6000,-6000,0,0,0,-6000
2527,宏璟            ,5000,11000,-6000,0,0,0,0,0,0,0,0,0,0,0,0,0,-6000
2373,震旦行          ,1000,7000,-6000,0,0,0,0,0,0,0,0,0,0,0,0,0,-6000
5243,乙盛-KY         ,71000,77000,-6000,0,0,0,0,0,0,0,0,0,0,0,0,0,-6000
056401,國巨群益98購07  ,0,0,0,0,0,0,0,0,0,-7000,0,0,0,13000,20000,-7000,-7000
056435,台積電凱基98購09,0,0,0,0,0,0,0,0,0,-7000,0,0,0,0,7000,-7000,-7000
056487,康友元大98購01  ,0,0,0,0,0,0,0,0,0,-7000,0,0,0,55000,62000,-7000,-7000
056224,聯發科凱基97購08,0,0,0,0,0,0,0,0,0,-7000,0,0,0,1000,8000,-7000,-7000
056129,義隆麥證97購01  ,0,0,0,0,7000,-7000,0,0,0,-7000,0,0,0,0,7000,-7000,-7000
056098,矽創元富97購02  ,0,0,0,0,0,0,0,0,0,-7000,0,0,0,30000,37000,-7000,-7000
055657,超眾元富97購02  ,0,0,0,0,0,0,0,0,0,-7000,0,0,0,87000,94000,-7000,-7000
05580P,美律凱基96售03  ,0,0,0,0,0,0,0,0,0,-7000,0,0,0,0,7000,-7000,-7000
055773,瑞昱凱基97購03  ,0,0,0,0,0,0,0,0,0,-7000,0,0,0,0,7000,-7000,-7000
057268,臻鼎兆豐99購01  ,0,0,0,0,0,0,0,0,0,-7000,0,0,0,8000,15000,-7000,-7000
057222,鴻海國票99購04  ,0,0,0,0,0,0,0,0,0,-7000,0,0,0,0,7000,-7000,-7000
056909,嘉聯益元大99購03,0,0,0,0,0,0,0,0,0,-7000,0,0,0,56000,63000,-7000,-7000
048052,力成中信93購01  ,0,0,0,0,0,0,0,0,0,-7000,0,0,0,10000,17000,-7000,-7000
04727P,臺股指凱基96售03,0,0,0,0,0,0,0,0,0,-7000,0,0,0,0,7000,-7000,-7000
050922,南亞科凱基95購02,0,0,0,0,0,0,0,0,0,-7000,0,0,0,15000,22000,-7000,-7000
050705,南電凱基96購01  ,0,0,0,0,0,0,0,0,0,-7000,0,0,0,31000,38000,-7000,-7000
050769,聯發科元大94購17,0,0,0,0,0,0,0,0,0,-7000,0,0,0,68000,75000,-7000,-7000
050782,台積電國泰96購03,0,0,0,0,0,0,0,0,0,-7000,0,0,0,12000,19000,-7000,-7000
048981,牧德元大94購01  ,0,0,0,0,0,0,0,0,0,-7000,0,0,0,5000,12000,-7000,-7000
048206,臺股指元大93購40,0,0,0,0,0,0,0,0,0,-7000,0,0,0,0,7000,-7000,-7000
048217,亞德客凱基93購06,0,0,0,0,0,0,0,0,0,-7000,0,0,0,23000,30000,-7000,-7000
048636,鴻海元大94購05  ,0,0,0,0,0,0,0,0,0,-7000,0,0,0,42000,49000,-7000,-7000
048512,全新凱基93購04  ,0,0,0,0,0,0,0,0,0,-7000,0,0,0,0,7000,-7000,-7000
045150,聯發科凱基93購03,0,0,0,0,0,0,0,0,0,-7000,0,0,0,3000,10000,-7000,-7000
046465,GIS凱基95購01   ,0,0,0,0,0,0,0,0,0,-7000,0,0,0,4000,11000,-7000,-7000
044698,奇力新元大93購01,0,0,0,0,0,0,0,0,0,-7000,0,0,0,0,7000,-7000,-7000
04164P,滬深2X元富93售03,0,0,0,0,0,0,0,0,0,-7000,0,0,0,24000,31000,-7000,-7000
042516,健策凱基93購01  ,0,0,0,0,0,0,0,0,0,-7000,0,0,0,30000,37000,-7000,-7000
04083P,欣興統一94售01  ,0,0,0,0,0,0,0,0,0,-7000,0,0,0,5000,12000,-7000,-7000
020011,統一微波高息20N ,0,0,0,0,0,0,0,0,0,-7000,0,0,0,0,7000,-7000,-7000
051537,牧德國票96購01  ,0,0,0,0,0,0,0,0,0,-7000,0,0,0,0,7000,-7000,-7000
049318,樺漢凱基94購01  ,0,0,0,0,0,0,0,0,0,-7000,0,0,0,0,7000,-7000,-7000
049625,智易群益95購01  ,0,0,0,0,0,0,0,0,0,-7000,0,0,0,0,7000,-7000,-7000
051860,為升凱基95購01  ,0,0,0,0,0,0,0,0,0,-7000,0,0,0,3000,10000,-7000,-7000
049253,台積電元大94購08,0,0,0,0,0,0,0,0,0,-7000,0,0,0,10000,17000,-7000,-7000
049689,正崴元大94購02  ,0,0,0,0,0,0,0,0,0,-7000,0,0,0,3000,10000,-7000,-7000
049516,光罩國票94購02  ,0,0,0,0,0,0,0,0,0,-7000,0,0,0,0,7000,-7000,-7000
050627,華通中信94購02  ,0,0,0,0,0,0,0,0,0,-7000,0,0,0,0,7000,-7000,-7000
050609,鴻海元大94購23  ,0,0,0,0,0,0,0,0,0,-7000,0,0,0,225000,232000,-7000,-7000
050371,台積電元大94購25,0,0,0,0,0,0,0,0,0,-7000,0,0,0,317000,324000,-7000,-7000
051717,祥碩康和95購01  ,0,0,0,0,0,0,0,0,0,-7000,0,0,0,0,7000,-7000,-7000
050349,中環群益94購01  ,0,0,0,0,0,0,0,0,0,-7000,0,0,0,0,7000,-7000,-7000
050350,全新群益94購04  ,0,0,0,0,0,0,0,0,0,-7000,0,0,0,0,7000,-7000,-7000
052278,國巨凱基95購06  ,0,0,0,0,0,0,0,0,0,-7000,0,0,0,59000,66000,-7000,-7000
054319,世紀鋼凱基96購02,0,0,0,0,0,0,0,0,0,-7000,0,0,0,4000,11000,-7000,-7000
054297,台郡元大98購01  ,0,0,0,0,0,0,0,0,0,-7000,0,0,0,2000,9000,-7000,-7000
054341,燿華元富96購03  ,0,0,0,0,0,0,0,0,0,-7000,0,0,0,3000,10000,-7000,-7000
054645,奇力新群益97購04,0,0,0,0,0,0,0,0,0,-7000,0,0,0,1000,8000,-7000,-7000
054583,玉晶光統一97購02,0,0,0,0,0,0,0,0,0,-7000,0,0,0,352000,359000,-7000,-7000
055116,康控凱基98購01  ,0,0,0,0,0,0,0,0,0,-7000,0,0,0,0,7000,-7000,-7000
055157,晶豪科元大97購01,0,0,0,0,0,0,0,0,0,-7000,0,0,0,49000,56000,-7000,-7000
054844,華邦電兆豐98購01,0,0,0,0,0,0,0,0,0,-7000,0,0,0,1000,8000,-7000,-7000
052831,華固群益96購01  ,0,0,0,0,0,0,0,0,0,-7000,0,0,0,69000,76000,-7000,-7000
053146,滬深2X元大96購08,0,0,0,0,0,0,0,0,0,-7000,0,0,0,0,7000,-7000,-7000
053550,聯發科凱基96購15,0,0,0,0,0,0,0,0,0,-7000,0,0,0,0,7000,-7000,-7000
053588,聯發科元大97購07,0,0,0,0,0,0,0,0,0,-7000,0,0,0,135000,142000,-7000,-7000
053870,正文元大96購01  ,0,0,0,0,0,0,0,0,0,-7000,0,0,0,3000,10000,-7000,-7000
6141,柏承            ,126000,133000,-7000,0,0,0,0,0,0,0,0,0,0,0,0,0,-7000
2423,固緯            ,10000,17000,-7000,0,0,0,0,0,0,0,0,0,0,0,0,0,-7000
2908,特力            ,0,7000,-7000,0,0,0,0,0,0,0,0,0,0,0,0,0,-7000
2702,華園            ,24000,31000,-7000,0,0,0,0,0,0,0,0,0,0,0,0,0,-7000
2705,六福            ,0,7000,-7000,0,0,0,0,0,0,0,0,0,0,0,0,0,-7000
9905,大華            ,0,7000,-7000,0,0,0,0,0,0,0,0,0,0,0,0,0,-7000
1522,堤維西          ,53000,61000,-8000,0,0,0,0,1000,-1000,2000,2000,0,2000,0,0,0,-7000
1560,中砂            ,30000,37000,-7000,0,0,0,0,0,0,0,0,0,0,0,0,0,-7000
1598,岱宇            ,13000,20000,-7000,0,0,0,0,0,0,0,0,0,0,0,0,0,-7000
06494P,鴻海永昌98售03  ,0,0,0,0,0,0,0,0,0,-7000,0,0,0,181000,188000,-7000,-7000
06697P,台積電國票99售05,0,0,0,0,0,0,0,0,0,-7000,0,0,0,0,7000,-7000,-7000
06787P,臺股指元大98售04,0,0,0,0,0,0,0,0,0,-7000,0,0,0,0,7000,-7000,-7000
06269P,群創凱基98售10  ,0,0,0,0,0,0,0,0,0,-7000,0,0,0,3000,10000,-7000,-7000
06378P,國巨統一97售08  ,0,0,0,0,0,0,0,0,0,-7000,0,0,0,68000,75000,-7000,-7000
06059P,泰碩元大97售02  ,0,0,0,0,0,0,0,0,0,-7000,0,0,0,10000,17000,-7000,-7000
057885,台光電群益98購04,0,0,0,0,0,0,0,0,0,-7000,0,0,0,54000,61000,-7000,-7000
05826P,臺股指凱基96售23,0,0,0,0,0,0,0,0,0,-7000,0,0,0,199000,206000,-7000,-7000
06036P,台表科凱基96售04,0,0,0,0,0,0,0,0,0,-7000,0,0,0,55000,62000,-7000,-7000
056806,元油2X統一98購02,0,0,0,0,0,0,0,0,0,-8000,0,0,0,62000,70000,-8000,-8000
056702,欣興國泰9A購01  ,0,0,0,0,0,0,0,0,0,-8000,0,0,0,151000,159000,-8000,-8000
057558,致新凱基98購01  ,0,0,0,0,0,0,0,0,0,-8000,0,0,0,84000,92000,-8000,-8000
057580,玉山金中信9A購01,0,0,0,0,0,0,0,0,0,-8000,0,0,0,0,8000,-8000,-8000
055512,聯詠兆豐97購01  ,0,0,0,0,0,0,0,0,0,-8000,0,0,0,0,8000,-8000,-8000
055493,華新科元大97購09,0,0,0,0,0,0,0,0,0,-8000,0,0,0,494000,502000,-8000,-8000
055485,國巨元大97購09  ,0,0,0,0,0,0,0,0,0,-8000,0,0,0,41000,49000,-8000,-8000
055467,國巨凱基97購05  ,0,0,0,0,0,0,0,0,0,-8000,0,0,0,81000,89000,-8000,-8000
056229,可成凱基97購04  ,0,0,0,0,0,0,0,0,0,-8000,0,0,0,26000,34000,-8000,-8000
056529,中環凱基98購01  ,0,0,0,0,0,0,0,0,0,-8000,0,0,0,2000,10000,-8000,-8000
00702,國泰標普低波高息,0,0,0,0,0,0,0,0,0,-8000,0,0,0,1000,9000,-8000,-8000
046291,友達統一94購01  ,0,0,0,0,0,0,0,0,0,-8000,0,0,0,2000,10000,-8000,-8000
044526,訊芯凱基93購02  ,0,0,0,0,0,0,0,0,0,-8000,0,0,0,0,8000,-8000,-8000
045695,英業達兆豐93購01,0,0,0,0,0,0,0,0,0,-8000,0,0,0,5000,13000,-8000,-8000
048429,旺宏國票94購02  ,0,0,0,0,0,0,0,0,0,-8000,0,0,0,2000,10000,-8000,-8000
048433,聯詠國票94購01  ,0,0,0,0,0,0,0,0,0,-8000,0,0,0,0,8000,-8000,-8000
046947,禾伸堂元大93購01,0,0,0,0,0,0,0,0,0,-8000,0,0,0,13000,21000,-8000,-8000
050813,旺宏凱基96購01  ,0,0,0,0,0,0,0,0,0,-8000,0,0,0,0,8000,-8000,-8000
047347,台積電凱基93購14,0,0,0,0,0,0,0,0,0,-8000,0,0,0,2000,10000,-8000,-8000
046700,台郡凱基93購02  ,0,0,0,0,0,0,0,0,0,-8000,0,0,0,14000,22000,-8000,-8000
05223P,臻鼎凱基95售02  ,0,0,0,0,0,0,0,0,0,-8000,0,0,0,20000,28000,-8000,-8000
052388,旺宏群益96購05  ,0,0,0,0,0,0,0,0,0,-8000,0,0,0,28000,36000,-8000,-8000
052378,矽力元大96購01  ,0,0,0,0,0,0,0,0,0,-8000,0,0,0,1000,9000,-8000,-8000
052787,國巨中信96購02  ,0,0,0,0,0,0,0,0,0,-8000,0,0,0,32000,40000,-8000,-8000
052686,華新科元大96購03,0,0,0,0,0,0,0,0,0,-8000,0,0,0,2000,10000,-8000,-8000
050390,聯發科統一94購09,0,0,0,0,0,0,0,0,0,-8000,0,0,0,12000,20000,-8000,-8000
050396,欣興元富94購02  ,0,0,0,0,0,0,0,0,0,-8000,0,0,0,0,8000,-8000,-8000
050547,華新科凱基95購01,0,0,0,0,0,0,0,0,0,-8000,0,0,0,25000,33000,-8000,-8000
051541,GIS國票96購02   ,0,0,0,0,0,0,0,0,0,-8000,0,0,0,30000,38000,-8000,-8000
05398P,康控國票96售03  ,0,0,0,0,0,0,0,0,0,-8000,0,0,0,3000,11000,-8000,-8000
054142,致伸元大97購01  ,0,0,0,0,0,0,0,0,0,-8000,0,0,0,0,8000,-8000,-8000
054064,台郡國票97購04  ,0,0,0,0,0,0,0,0,0,-8000,0,0,0,0,8000,-8000,-8000
05315P,鴻海永昌96售08  ,0,0,0,0,0,0,0,0,0,-8000,0,0,0,104000,112000,-8000,-8000
053390,彩晶元大9A購01  ,0,0,0,0,0,0,0,0,0,-8000,0,0,0,0,8000,-8000,-8000
053134,南亞科國票97購01,0,0,0,0,0,0,0,0,0,-8000,0,0,0,15000,23000,-8000,-8000
054861,智邦群益97購01  ,0,0,0,0,0,0,0,0,0,-8000,0,0,0,44000,52000,-8000,-8000
054912,群光凱基97購01  ,0,0,0,0,0,0,0,0,0,-8000,0,0,0,0,8000,-8000,-8000
055429,華新科群益99購01,0,0,0,0,0,0,0,0,0,-8000,0,0,0,309000,317000,-8000,-8000
054585,禾伸堂國泰99購01,0,0,0,0,0,0,0,0,0,-8000,0,0,0,32000,40000,-8000,-8000
054460,和大凱基97購01  ,0,0,0,0,0,0,0,0,0,-8000,0,0,0,0,8000,-8000,-8000
06037P,超眾國票98售02  ,0,0,0,0,0,0,0,0,0,-8000,0,0,0,0,8000,-8000,-8000
05894P,友達群益98售02  ,0,0,0,0,0,0,0,0,0,-8000,0,0,0,14000,22000,-8000,-8000
06357P,臺股指永豐97售03,0,0,0,0,0,0,0,0,0,-8000,0,0,0,5000,13000,-8000,-8000
06285P,台積電國票98售04,0,0,0,0,0,0,0,0,0,-8000,0,0,0,0,8000,-8000,-8000
06340P,鴻海統一98售06  ,0,0,0,0,0,0,0,0,0,-8000,0,0,0,0,8000,-8000,-8000
8442,威宏-KY         ,1000,9000,-8000,0,0,0,0,0,0,0,0,0,0,0,0,0,-8000
9930,中聯資源        ,3000,11000,-8000,0,0,0,0,0,0,0,0,0,0,0,0,0,-8000
2748,雲品            ,2000,10000,-8000,0,0,0,0,0,0,0,0,0,0,0,0,0,-8000
6152,百一            ,3000,11000,-8000,0,0,0,0,0,0,0,0,0,0,0,0,0,-8000
5288,豐祥-KY         ,23000,31000,-8000,0,0,0,0,0,0,0,0,0,0,0,0,0,-8000
4104,佳醫            ,2000,10000,-8000,0,0,0,0,0,0,0,0,0,0,0,0,0,-8000
00733,富邦臺灣中小    ,200,0,200,0,0,0,0,0,0,-9000,0,0,0,201000,210000,-9000,-8800
056565,欣興群益98購03  ,0,0,0,0,0,0,0,0,0,-9000,0,0,0,32000,41000,-9000,-9000
056427,上銀凱基98購03  ,0,0,0,0,0,0,0,0,0,-9000,0,0,0,0,9000,-9000,-9000
055553,聯發科凱基97購05,0,0,0,0,0,0,0,0,0,-9000,0,0,0,0,9000,-9000,-9000
057805,華通元大98購06  ,0,0,0,0,0,0,0,0,0,-9000,0,0,0,41000,50000,-9000,-9000
057819,新日興元大99購01,0,0,0,0,0,0,0,0,0,-9000,0,0,0,0,9000,-9000,-9000
057376,新日興元大98購04,0,0,0,0,0,0,0,0,0,-9000,0,0,0,14000,23000,-9000,-9000
057329,緯穎群益98購02  ,0,0,0,0,0,0,0,0,0,-9000,0,0,0,85000,94000,-9000,-9000
057234,宏達電凱基98購05,0,0,0,0,0,0,0,0,0,-9000,0,0,0,18000,27000,-9000,-9000
057090,奇力新元富98購02,0,0,0,0,0,0,0,0,0,-9000,0,0,0,13000,22000,-9000,-9000
03012X,元展12          ,0,0,0,0,0,0,0,0,0,-9000,0,0,0,0,9000,-9000,-9000
048284,臺股指中信95購04,0,0,0,0,0,0,0,0,0,-9000,0,0,0,1000,10000,-9000,-9000
045627,聯電凱基93購03  ,0,0,0,0,0,0,0,0,0,-9000,0,0,0,21000,30000,-9000,-9000
050673,旺宏富邦96購02  ,0,0,0,0,0,0,0,0,0,-9000,0,0,0,0,9000,-9000,-9000
048871,晶豪科國票94購01,0,0,0,0,0,0,0,0,0,-9000,0,0,0,1000,10000,-9000,-9000
046865,鴻海統一95購01  ,0,0,0,0,0,0,0,0,0,-9000,0,0,0,17000,26000,-9000,-9000
048972,晶豪科元大94購01,0,0,0,0,0,0,0,0,0,-9000,0,0,0,0,9000,-9000,-9000
049179,高鐵凱基94購01  ,0,0,0,0,0,0,0,0,0,-9000,0,0,0,1000,10000,-9000,-9000
051578,智邦元大96購01  ,0,0,0,0,0,0,0,0,0,-9000,0,0,0,2000,11000,-9000,-9000
051384,康友群益95購01  ,0,0,0,0,0,0,0,0,0,-9000,0,0,0,19000,28000,-9000,-9000
049258,美律元大94購03  ,0,0,0,0,0,0,0,0,0,-9000,0,0,0,0,9000,-9000,-9000
049740,禾伸堂群益94購01,0,0,0,0,0,0,0,0,0,-9000,0,0,0,11000,20000,-9000,-9000
049544,台積電群益94購08,0,0,0,0,0,0,0,0,0,-9000,0,0,0,270000,279000,-9000,-9000
051736,旺宏國票96購01  ,0,0,0,0,0,0,0,0,0,-9000,0,0,0,0,9000,-9000,-9000
05044P,亞德客永豐95售01,0,0,0,0,0,0,0,0,0,-9000,0,0,0,51000,60000,-9000,-9000
05250P,臻鼎國票96售01  ,0,0,0,0,0,0,0,0,0,-9000,0,0,0,0,9000,-9000,-9000
050335,正崴國泰96購01  ,0,0,0,0,0,0,0,0,0,-9000,0,0,0,1000,10000,-9000,-9000
050189,旭富元大94購01  ,0,0,0,0,0,0,0,0,0,-9000,0,0,0,0,9000,-9000,-9000
050091,喬山永豐94購02  ,0,0,0,0,0,0,0,0,0,-9000,0,0,0,1000,10000,-9000,-9000
050111,全新元大95購02  ,0,0,0,0,0,0,0,0,0,-9000,0,0,0,68000,77000,-9000,-9000
051126,訊連群益95購01  ,0,0,0,0,0,0,0,0,0,-9000,0,0,0,388000,397000,-9000,-9000
049891,T50反1富邦94購02,0,0,0,0,0,0,0,0,0,-9000,0,0,0,1000,10000,-9000,-9000
052028,健策群益95購02  ,0,0,0,0,0,0,0,0,0,-9000,0,0,0,49000,58000,-9000,-9000
054391,宏達電元富96購04,0,0,0,0,0,0,0,0,0,-9000,0,0,0,1000,10000,-9000,-9000
054648,智原群益98購01  ,0,0,0,0,0,0,0,0,0,-9000,0,0,0,11000,20000,-9000,-9000
054898,台肥康和97購01  ,0,0,0,0,0,0,0,0,0,-9000,0,0,0,1000,10000,-9000,-9000
054988,凱美元富97購02  ,0,0,0,0,0,0,0,0,0,-9000,0,0,0,35000,44000,-9000,-9000
055138,大毅永豐97購02  ,0,0,0,0,0,0,0,0,0,-9000,0,0,0,89000,98000,-9000,-9000
055043,中砂永豐97購01  ,0,0,0,0,0,0,0,0,0,-9000,0,0,0,0,9000,-9000,-9000
052839,上海銀國泰97購01,0,0,0,0,0,0,0,0,0,-9000,0,0,0,23000,32000,-9000,-9000
054075,GIS富邦97購02   ,0,0,0,0,0,0,0,0,0,-9000,0,0,0,1000,10000,-9000,-9000
053585,友達元大9C購03  ,0,0,0,0,0,0,0,0,0,-9000,0,0,0,23000,32000,-9000,-9000
5007,三星            ,6000,15000,-9000,0,0,0,0,0,0,0,0,0,0,0,0,0,-9000
2459,敦吉            ,8000,17000,-9000,0,0,0,0,0,0,0,0,0,0,0,0,0,-9000
2455,全新            ,273000,241000,32000,0,0,0,0,291000,-291000,250000,196000,0,196000,63000,9000,54000,-9000
2467,志聖            ,19000,28000,-9000,0,0,0,0,0,0,0,0,0,0,0,0,0,-9000
2493,揚博            ,1000,10000,-9000,0,0,0,0,0,0,0,0,0,0,0,0,0,-9000
9925,新保            ,18000,25000,-7000,0,0,0,0,0,0,-2000,0,2000,-2000,0,0,0,-9000
06660P,大立光富邦9B售03,0,0,0,0,0,0,0,0,0,-9000,0,0,0,3000,12000,-9000,-9000
06542P,台光電國票98售05,0,0,0,0,0,0,0,0,0,-9000,0,0,0,0,9000,-9000,-9000
06528P,台積電富邦99售03,0,0,0,0,0,0,0,0,0,-9000,0,0,0,0,9000,-9000,-9000
2029,盛餘            ,2000,10000,-8000,0,0,0,0,0,0,-1000,0,1000,-1000,0,0,0,-9000
1203,味王            ,1001,11000,-9999,0,0,0,0,0,0,0,0,0,0,0,0,0,-9999
057019,台積電凱基98購14,0,0,0,0,0,0,0,0,0,-10000,0,0,0,100000,110000,-10000,-10000
057021,台積電凱基9A購02,0,0,0,0,0,0,0,0,0,-10000,0,0,0,0,10000,-10000,-10000
057011,日月光中信99購01,0,0,0,0,0,0,0,0,0,-10000,0,0,0,10000,20000,-10000,-10000
057252,牧德元富98購01  ,0,0,0,0,0,0,0,0,0,-10000,0,0,0,51000,61000,-10000,-10000
057127,旺宏凱基98購09  ,0,0,0,0,0,0,0,0,0,-10000,0,0,0,0,10000,-10000,-10000
056705,超眾國泰99購01  ,0,0,0,0,0,0,0,0,0,-10000,0,0,0,10000,20000,-10000,-10000
056739,美律凱基98購04  ,0,0,0,0,0,0,0,0,0,-10000,0,0,0,0,10000,-10000,-10000
056668,光磊國票99購01  ,0,0,0,0,0,0,0,0,0,-10000,0,0,0,0,10000,-10000,-10000
056658,美食元大98購01  ,0,0,0,0,0,0,0,0,0,-10000,0,0,0,100000,110000,-10000,-10000
056799,群創麥證98購01  ,0,0,0,0,10000,-10000,0,0,0,-10000,0,0,0,0,10000,-10000,-10000
056959,鴻海永豐98購03  ,0,0,0,0,0,0,0,0,0,-10000,0,0,0,98000,108000,-10000,-10000
056827,元油2X富邦02購01,0,0,0,0,0,0,0,0,0,-10000,0,0,0,0,10000,-10000,-10000
056823,智伸科永豐98購01,0,0,0,0,0,0,0,0,0,-10000,0,0,0,0,10000,-10000,-10000
057492,大立光元大98購18,0,0,0,0,0,0,0,0,0,-10000,0,0,0,0,10000,-10000,-10000
057767,緯穎凱基98購06  ,0,0,0,0,0,0,0,0,0,-10000,0,0,0,16000,26000,-10000,-10000
057586,台積電國票99購06,0,0,0,0,0,0,0,0,0,-10000,0,0,0,0,10000,-10000,-10000
057610,致茂元富98購02  ,0,0,0,0,0,0,0,0,0,-10000,0,0,0,0,10000,-10000,-10000
055549,旺宏凱基97購03  ,0,0,0,0,0,0,0,0,0,-10000,0,0,0,0,10000,-10000,-10000
055587,智邦元大97購02  ,0,0,0,0,0,0,0,0,0,-10000,0,0,0,17000,27000,-10000,-10000
05548P,臺股指元大96售02,0,0,0,0,0,0,0,0,0,-10000,0,0,0,0,10000,-10000,-10000
055646,漢唐元富97購01  ,0,0,0,0,0,0,0,0,0,-10000,0,0,0,50000,60000,-10000,-10000
055653,聯詠元富01購02  ,0,0,0,0,0,0,0,0,0,-10000,0,0,0,0,10000,-10000,-10000
055623,貿聯國泰99購01  ,0,0,0,0,0,0,0,0,0,-10000,0,0,0,40000,50000,-10000,-10000
055725,嘉聯益元大98購03,0,0,0,0,0,0,0,0,0,-10000,0,0,0,114000,124000,-10000,-10000
055714,智邦元大97購03  ,0,0,0,0,0,0,0,0,0,-10000,0,0,0,10000,20000,-10000,-10000
055686,致伸凱基97購02  ,0,0,0,0,0,0,0,0,0,-10000,0,0,0,0,10000,-10000,-10000
055814,晶豪科國票97購02,0,0,0,0,0,0,0,0,0,-10000,0,0,0,9000,19000,-10000,-10000
05589P,大立光中信9A售01,0,0,0,0,0,0,0,0,0,-10000,0,0,0,0,10000,-10000,-10000
055956,瑞昱元大97購05  ,0,0,0,0,0,0,0,0,0,-10000,0,0,0,64000,74000,-10000,-10000
05599P,欣興台新96售01  ,0,0,0,0,0,0,0,0,0,-10000,0,0,0,0,10000,-10000,-10000
056030,華通日盛97購01  ,0,0,0,0,0,0,0,0,0,-10000,0,0,0,0,10000,-10000,-10000
056434,國巨凱基98購03  ,0,0,0,0,0,0,0,0,0,-10000,0,0,0,0,10000,-10000,-10000
056441,燿華凱基98購01  ,0,0,0,0,0,0,0,0,0,-10000,0,0,0,0,10000,-10000,-10000
056408,奇鋐國票99購01  ,0,0,0,0,0,0,0,0,0,-10000,0,0,0,0,10000,-10000,-10000
056380,麗豐元富98購01  ,0,0,0,0,0,0,0,0,0,-10000,0,0,0,0,10000,-10000,-10000
056387,智伸科國泰99購01,0,0,0,0,0,0,0,0,0,-10000,0,0,0,0,10000,-10000,-10000
05647P,聯發科國票97售02,0,0,0,0,0,0,0,0,0,-10000,0,0,0,10000,20000,-10000,-10000
056526,力山凱基98購01  ,0,0,0,0,0,0,0,0,0,-10000,0,0,0,10000,20000,-10000,-10000
056587,聯發科統一9A購01,0,0,0,0,0,0,0,0,0,-10000,0,0,0,48000,58000,-10000,-10000
056650,彩晶凱基9A購01  ,0,0,0,0,0,0,0,0,0,-10000,0,0,0,0,10000,-10000,-10000
056234,GIS麥證97購01   ,0,0,0,0,10000,-10000,0,0,0,-10000,0,0,0,0,10000,-10000,-10000
056296,旺宏元大97購07  ,0,0,0,0,0,0,0,0,0,-10000,0,0,0,26000,36000,-10000,-10000
05633P,台表科群益96售04,0,0,0,0,0,0,0,0,0,-10000,0,0,0,10000,20000,-10000,-10000
056367,祥碩元大98購01  ,0,0,0,0,0,0,0,0,0,-10000,0,0,0,0,10000,-10000,-10000
056351,鴻海元大98購06  ,0,0,0,0,0,0,0,0,0,-10000,0,0,0,109000,119000,-10000,-10000
056060,宏達電元大99購01,0,0,0,0,0,0,0,0,0,-10000,0,0,0,0,10000,-10000,-10000
056128,和大中信99購01  ,0,0,0,0,0,0,0,0,0,-10000,0,0,0,50000,60000,-10000,-10000
056149,亞光康和97購01  ,0,0,0,0,0,0,0,0,0,-10000,0,0,0,0,10000,-10000,-10000
049187,義隆台新94購01  ,0,0,0,0,0,0,0,0,0,-10000,0,0,0,0,10000,-10000,-10000
049188,可成台新94購01  ,0,0,0,0,0,0,0,0,0,-10000,0,0,0,0,10000,-10000,-10000
047785,嘉聯益第一93購01,0,0,0,0,0,0,0,0,0,-10000,0,0,0,0,10000,-10000,-10000
047801,臺股指兆豐93購01,0,0,0,0,0,0,0,0,0,-10000,0,0,0,21000,31000,-10000,-10000
047818,台郡凱基93購04  ,0,0,0,0,0,0,0,0,0,-10000,0,0,0,10000,20000,-10000,-10000
04781P,欣興凱基94售06  ,0,0,0,0,0,0,0,0,0,-10000,0,0,0,0,10000,-10000,-10000
047846,滬深2X統一93購04,0,0,0,0,0,0,0,0,0,-10000,0,0,0,0,10000,-10000,-10000
048910,和鑫富邦98購01  ,0,0,0,0,0,0,0,0,0,-10000,0,0,0,0,10000,-10000,-10000
048940,晶相光永豐94購01,0,0,0,0,0,0,0,0,0,-10000,0,0,0,0,10000,-10000,-10000
049170,亞德客凱基94購01,0,0,0,0,0,0,0,0,0,-10000,0,0,0,0,10000,-10000,-10000
048975,玉晶光元大94購03,0,0,0,0,0,0,0,0,0,-10000,0,0,0,0,10000,-10000,-10000
048978,晶相光元大94購02,0,0,0,0,0,0,0,0,0,-10000,0,0,0,0,10000,-10000,-10000
047939,亞德客國票93購02,0,0,0,0,0,0,0,0,0,-10000,0,0,0,0,10000,-10000,-10000
047912,台郡麥證94購01  ,0,0,0,0,10000,-10000,0,0,0,-10000,0,0,0,0,10000,-10000,-10000
047896,京元電群益93購01,0,0,0,0,0,0,0,0,0,-10000,0,0,0,0,10000,-10000,-10000
047897,可成群益94購01  ,0,0,0,0,0,0,0,0,0,-10000,0,0,0,103000,113000,-10000,-10000
049112,可成統一94購01  ,0,0,0,0,0,0,0,0,0,-10000,0,0,0,0,10000,-10000,-10000
049102,智伸科國泰96購01,0,0,0,0,0,0,0,0,0,-10000,0,0,0,0,10000,-10000,-10000
04907P,超眾國票95售01  ,0,0,0,0,0,0,0,0,0,-10000,0,0,0,10000,20000,-10000,-10000
049072,台積電凱基94購08,0,0,0,0,0,0,0,0,0,-10000,0,0,0,0,10000,-10000,-10000
046906,新光金凱基99購02,0,0,0,0,0,0,0,0,0,-10000,0,0,0,0,10000,-10000,-10000
048536,南電國票93購04  ,0,0,0,0,0,0,0,0,0,-10000,0,0,0,0,10000,-10000,-10000
048483,可成國泰95購01  ,0,0,0,0,0,0,0,0,0,-10000,0,0,0,2000,12000,-10000,-10000
04849P,GIS中信94售01   ,0,0,0,0,0,0,0,0,0,-10000,0,0,0,0,10000,-10000,-10000
048428,滬深2X國票93購05,0,0,0,0,0,0,0,0,0,-10000,0,0,0,0,10000,-10000,-10000
048410,和碩群益93購01  ,0,0,0,0,0,0,0,0,0,-10000,0,0,0,0,10000,-10000,-10000
048439,上銀凱基93購09  ,0,0,0,0,0,0,0,0,0,-10000,0,0,0,0,10000,-10000,-10000
048337,致茂元大93購04  ,0,0,0,0,0,0,0,0,0,-10000,0,0,0,0,10000,-10000,-10000
048872,玉晶光國票94購02,0,0,0,0,0,0,0,0,0,-10000,0,0,0,26000,36000,-10000,-10000
04819P,嘉澤永豐94售01  ,0,0,0,0,0,0,0,0,0,-10000,0,0,0,0,10000,-10000,-10000
048191,亞德客元大93購06,0,0,0,0,0,0,0,0,0,-10000,0,0,0,0,10000,-10000,-10000
048145,大立光統一93購10,0,0,0,0,0,0,0,0,0,-10000,0,0,0,0,10000,-10000,-10000
046928,奇鋐富邦97購01  ,0,0,0,0,0,0,0,0,0,-10000,0,0,0,0,10000,-10000,-10000
046981,智伸科兆豐94購01,0,0,0,0,0,0,0,0,0,-10000,0,0,0,0,10000,-10000,-10000
04861P,中磊群益94售02  ,0,0,0,0,0,0,0,0,0,-10000,0,0,0,0,10000,-10000,-10000
047030,日月光元大93購02,0,0,0,0,0,0,0,0,0,-10000,0,0,0,0,10000,-10000,-10000
048580,台達電富邦93購01,0,0,0,0,0,0,0,0,0,-10000,0,0,0,0,10000,-10000,-10000
050684,台郡元富94購02  ,0,0,0,0,0,0,0,0,0,-10000,0,0,0,10000,20000,-10000,-10000
050711,TPK中信94購01   ,0,0,0,0,0,0,0,0,0,-10000,0,0,0,0,10000,-10000,-10000
050702,崇越凱基94購01  ,0,0,0,0,0,0,0,0,0,-10000,0,0,0,20000,30000,-10000,-10000
050735,亞光台新94購01  ,0,0,0,0,0,0,0,0,0,-10000,0,0,0,0,10000,-10000,-10000
050720,上証2X國票94購02,0,0,0,0,0,0,0,0,0,-10000,0,0,0,0,10000,-10000,-10000
050756,京元電元富94購03,0,0,0,0,0,0,0,0,0,-10000,0,0,0,0,10000,-10000,-10000
050818,華新科凱基95購02,0,0,0,0,0,0,0,0,0,-10000,0,0,0,25000,35000,-10000,-10000
050776,康控元大96購03  ,0,0,0,0,0,0,0,0,0,-10000,0,0,0,0,10000,-10000,-10000
05076P,深中小群益99售02,0,0,0,0,0,0,0,0,0,-10000,0,0,0,0,10000,-10000,-10000
050799,嘉聯益中信98購01,0,0,0,0,0,0,0,0,0,-10000,0,0,0,0,10000,-10000,-10000
050788,台郡國泰96購01  ,0,0,0,0,0,0,0,0,0,-10000,0,0,0,0,10000,-10000,-10000
050790,昇陽半國泰96購02,0,0,0,0,0,0,0,0,0,-10000,0,0,0,0,10000,-10000,-10000
051049,亞德客群益95購01,0,0,0,0,0,0,0,0,0,-10000,0,0,0,32000,42000,-10000,-10000
049036,燿華兆豐95購01  ,0,0,0,0,0,0,0,0,0,-10000,0,0,0,0,10000,-10000,-10000
046720,元油2X元大95購08,0,0,0,0,0,0,0,0,0,-10000,0,0,0,0,10000,-10000,-10000
048023,鴻海凱基93購28  ,0,0,0,0,0,0,0,0,0,-10000,0,0,0,10000,20000,-10000,-10000
046858,群創元大94購02  ,0,0,0,0,0,0,0,0,0,-10000,0,0,0,0,10000,-10000,-10000
048097,聯詠凱基93購07  ,0,0,0,0,0,0,0,0,0,-10000,0,0,0,10000,20000,-10000,-10000
047355,世紀鋼凱基94購01,0,0,0,0,0,0,0,0,0,-10000,0,0,0,0,10000,-10000,-10000
047356,貿聯兆豐94購01  ,0,0,0,0,0,0,0,0,0,-10000,0,0,0,0,10000,-10000,-10000
047353,台郡凱基93購03  ,0,0,0,0,0,0,0,0,0,-10000,0,0,0,10000,20000,-10000,-10000
047477,台積電凱基93購15,0,0,0,0,0,0,0,0,0,-10000,0,0,0,10000,20000,-10000,-10000
047543,鴻海凱基94購09  ,0,0,0,0,0,0,0,0,0,-10000,0,0,0,0,10000,-10000,-10000
047544,台積電凱基93購17,0,0,0,0,0,0,0,0,0,-10000,0,0,0,1000,11000,-10000,-10000
047545,智邦凱基93購05  ,0,0,0,0,0,0,0,0,0,-10000,0,0,0,0,10000,-10000,-10000
047288,台郡統一93購01  ,0,0,0,0,0,0,0,0,0,-10000,0,0,0,10000,20000,-10000,-10000
047182,智邦元大93購07  ,0,0,0,0,0,0,0,0,0,-10000,0,0,0,0,10000,-10000,-10000
045632,正崴凱基93購01  ,0,0,0,0,0,0,0,0,0,-10000,0,0,0,0,10000,-10000,-10000
045456,鴻海元大93購04  ,0,0,0,0,0,0,0,0,0,-10000,0,0,0,0,10000,-10000,-10000
045386,新光金元大93購02,0,0,0,0,0,0,0,0,0,-10000,0,0,0,0,10000,-10000,-10000
045296,台積電元大93購03,0,0,0,0,0,0,0,0,0,-10000,0,0,0,0,10000,-10000,-10000
045365,智邦兆豐93購04  ,0,0,0,0,0,0,0,0,0,-10000,0,0,0,0,10000,-10000,-10000
044961,聯電中信94購01  ,0,0,0,0,0,0,0,0,0,-10000,0,0,0,30000,40000,-10000,-10000
045053,聯發科元富98購01,0,10000,-10000,0,0,0,0,0,0,0,0,0,0,540000,540000,0,-10000
046479,群創元富94購01  ,0,0,0,0,0,0,0,0,0,-10000,0,0,0,20000,30000,-10000,-10000
044265,滬深2X中信95購05,0,0,0,0,0,0,0,0,0,-10000,0,0,0,0,10000,-10000,-10000
046391,上海銀統一94購01,0,0,0,0,0,0,0,0,0,-10000,0,0,0,0,10000,-10000,-10000
044105,聯詠中信95購01  ,0,0,0,0,0,0,0,0,0,-10000,0,0,0,20000,30000,-10000,-10000
048802,聯發科富邦94購03,0,0,0,0,0,0,0,0,0,-10000,0,0,0,0,10000,-10000,-10000
048683,日月光富邦93購01,0,0,0,0,0,0,0,0,0,-10000,0,0,0,0,10000,-10000,-10000
048728,台達電麥證94購01,0,0,0,0,10000,-10000,0,0,0,-10000,0,0,0,0,10000,-10000,-10000
048724,台達電日盛94購01,0,0,0,0,0,0,0,0,0,-10000,0,0,0,0,10000,-10000,-10000
04878P,國巨康和94售02  ,0,0,0,0,0,0,0,0,0,-10000,0,0,0,0,10000,-10000,-10000
048758,美利達元富96購02,0,0,0,0,0,0,0,0,0,-10000,0,0,0,0,10000,-10000,-10000
045654,志超凱基93購01  ,0,0,0,0,0,0,0,0,0,-10000,0,0,0,0,10000,-10000,-10000
045768,大立光元富95購02,0,0,0,0,0,0,0,0,0,-10000,0,0,0,0,10000,-10000,-10000
047690,美律富邦97購01  ,0,0,0,0,0,0,0,0,0,-10000,0,0,0,0,10000,-10000,-10000
047703,台積電凱基93購19,0,0,0,0,0,0,0,0,0,-10000,0,0,0,0,10000,-10000,-10000
047708,聯發科凱基93購17,0,0,0,0,0,0,0,0,0,-10000,0,0,0,20000,30000,-10000,-10000
04770P,鴻海元大94售09  ,0,0,0,0,0,0,0,0,0,-10000,0,0,0,0,10000,-10000,-10000
047674,群創元富96購02  ,0,0,0,0,0,0,0,0,0,-10000,0,0,0,0,10000,-10000,-10000
04668P,臺股指國票94售07,0,0,0,0,0,0,0,0,0,-10000,0,0,0,10000,20000,-10000,-10000
042237,鴻海永昌93購01  ,0,0,0,0,0,0,0,0,0,-10000,0,0,0,0,10000,-10000,-10000
04144P,瑞昱凱基93售10  ,0,0,0,0,0,0,0,0,0,-10000,0,0,0,0,10000,-10000,-10000
04132P,瑞昱群益93售04  ,0,0,0,0,0,0,0,0,0,-10000,0,0,0,0,10000,-10000,-10000
041210,群創元富93購01  ,0,0,0,0,0,0,0,0,0,-10000,0,0,0,0,10000,-10000,-10000
03398P,瑞昱中信06售03  ,0,0,0,0,0,0,0,0,0,-10000,0,0,0,0,10000,-10000,-10000
046202,台表科凱基93購04,0,0,0,0,0,0,0,0,0,-10000,0,0,0,0,10000,-10000,-10000
04630P,嘉聯益元大95售02,0,0,0,0,0,0,0,0,0,-10000,0,0,0,30000,40000,-10000,-10000
04633P,旺宏群益96售04  ,0,0,0,0,0,0,0,0,0,-10000,0,0,0,0,10000,-10000,-10000
046264,美律凱基93購05  ,0,0,0,0,0,0,0,0,0,-10000,0,0,0,0,10000,-10000,-10000
046299,大立光富邦93購04,0,0,0,0,0,0,0,0,0,-10000,0,0,0,0,10000,-10000,-10000
046356,智伸科群益93購01,0,0,0,0,0,0,0,0,0,-10000,0,0,0,0,10000,-10000,-10000
046182,燿華凱基93購04  ,0,0,0,0,0,0,0,0,0,-10000,0,0,0,10000,20000,-10000,-10000
043460,台積電元大93購01,0,0,0,0,0,0,0,0,0,-10000,0,0,0,0,10000,-10000,-10000
04595P,臺股指元大94售13,0,0,0,0,0,0,0,0,0,-10000,0,0,0,0,10000,-10000,-10000
045963,新光金凱基93購01,0,0,0,0,0,0,0,0,0,-10000,0,0,0,10000,20000,-10000,-10000
04607P,A50中信94售01   ,0,0,0,0,0,0,0,0,0,-10000,0,0,0,0,10000,-10000,-10000
046020,滬深2X元大95購02,0,0,0,0,0,0,0,0,0,-10000,0,0,0,0,10000,-10000,-10000
04312P,聯茂統一93售02  ,0,0,0,0,0,0,0,0,0,-10000,0,0,0,0,10000,-10000,-10000
043344,可成富邦93購01  ,0,0,0,0,0,0,0,0,0,-10000,0,0,0,0,10000,-10000,-10000
045818,鴻海凱基93購10  ,0,0,0,0,0,0,0,0,0,-10000,0,0,0,10000,20000,-10000,-10000
03999P,鴻海凱基94售11  ,0,0,0,0,0,0,0,0,0,-10000,0,0,0,0,10000,-10000,-10000
03788P,聯發科群益94售02,0,0,0,0,0,0,0,0,0,-10000,0,0,0,0,10000,-10000,-10000
03659C,元油2X元大98牛13,0,0,0,0,0,0,0,0,0,-10000,0,0,0,0,10000,-10000,-10000
03637C,臺股指凱基94牛18,0,0,0,0,0,0,0,0,0,-10000,0,0,0,0,10000,-10000,-10000
036084,台灣50台新98購01,0,0,0,0,0,0,0,0,0,-10000,0,0,0,0,10000,-10000,-10000
03417B,臺股指凱基95熊19,0,0,0,0,0,0,0,0,0,-10000,0,0,0,28000,38000,-10000,-10000
03492P,創意元大02售03  ,0,0,0,0,0,0,0,0,0,-10000,0,0,0,0,10000,-10000,-10000
05200P,臺股指永豐95售03,0,0,0,0,0,0,0,0,0,-10000,0,0,0,0,10000,-10000,-10000
051981,南茂凱基96購01  ,0,0,0,0,0,0,0,0,0,-10000,0,0,0,0,10000,-10000,-10000
052128,聯發科日盛95購03,0,0,0,0,0,0,0,0,0,-10000,0,0,0,0,10000,-10000,-10000
052051,京鼎凱基95購01  ,0,0,0,0,0,0,0,0,0,-10000,0,0,0,0,10000,-10000,-10000
050072,京鼎凱基94購02  ,0,0,0,0,0,0,0,0,0,-10000,0,0,0,0,10000,-10000,-10000
05053P,新日興群益95售01,0,0,0,0,0,0,0,0,0,-10000,0,0,0,0,10000,-10000,-10000
049998,奇力新永豐94購03,0,0,0,0,0,0,0,0,0,-10000,0,0,0,0,10000,-10000,-10000
051887,上証2X元富98購01,0,0,0,0,0,0,0,0,0,-10000,0,0,0,0,10000,-10000,-10000
049934,緯穎元大94購08  ,0,0,0,0,0,0,0,0,0,-10000,0,0,0,22000,32000,-10000,-10000
051899,欣興國泰97購01  ,0,0,0,0,0,0,0,0,0,-10000,0,0,0,17000,27000,-10000,-10000
051905,道瓊銀元大95購01,0,0,0,0,0,0,0,0,0,-10000,0,0,0,0,10000,-10000,-10000
051929,GIS中信96購01   ,0,0,0,0,0,0,0,0,0,-10000,0,0,0,0,10000,-10000,-10000
049795,華通元大96購02  ,0,0,0,0,0,0,0,0,0,-10000,0,0,0,5000,15000,-10000,-10000
049773,臺股指元富94購02,0,0,0,0,0,0,0,0,0,-10000,0,0,0,0,10000,-10000,-10000
04984P,臺股指康和94售04,0,0,0,0,0,0,0,0,0,-10000,0,0,0,0,10000,-10000,-10000
050085,國泰金元富94購01,0,0,0,0,0,0,0,0,0,-10000,0,0,0,10000,20000,-10000,-10000
050170,臺指反元大97購02,0,0,0,0,0,0,0,0,0,-10000,0,0,0,0,10000,-10000,-10000
050190,麗豐元大95購02  ,0,0,0,0,0,0,0,0,0,-10000,0,0,0,0,10000,-10000,-10000
050176,正崴元大94購03  ,0,0,0,0,0,0,0,0,0,-10000,0,0,0,0,10000,-10000,-10000
050196,嘉聯益元大97購01,0,0,0,0,0,0,0,0,0,-10000,0,0,0,0,10000,-10000,-10000
050259,鴻海元大94購14  ,0,0,0,0,0,0,0,0,0,-10000,0,0,0,2000,12000,-10000,-10000
050341,光寶科元富94購01,0,0,0,0,0,0,0,0,0,-10000,0,0,0,0,10000,-10000,-10000
050317,和鑫國票95購02  ,0,0,0,0,0,0,0,0,0,-10000,0,0,0,0,10000,-10000,-10000
050325,台積電永豐94購05,0,0,0,0,0,0,0,0,0,-10000,0,0,0,55000,65000,-10000,-10000
050292,可成凱基94購11  ,0,0,0,0,0,0,0,0,0,-10000,0,0,0,5000,15000,-10000,-10000
050356,緯穎群益94購05  ,0,0,0,0,0,0,0,0,0,-10000,0,0,0,12000,22000,-10000,-10000
052471,華固亞東95購01  ,0,0,0,0,0,0,0,0,0,-10000,0,0,0,0,10000,-10000,-10000
052382,臺股指元大95購23,0,0,0,0,0,0,0,0,0,-10000,0,0,0,0,10000,-10000,-10000
05240P,玉晶光永豐96售01,0,0,0,0,0,0,0,0,0,-10000,0,0,0,0,10000,-10000,-10000
052369,矽力國票96購02  ,0,0,0,0,0,0,0,0,0,-10000,0,0,0,0,10000,-10000,-10000
052240,臻鼎國票96購03  ,0,0,0,0,0,0,0,0,0,-10000,0,0,0,0,10000,-10000,-10000
052218,大立光日盛95購01,0,0,0,0,0,0,0,0,0,-10000,0,0,0,0,10000,-10000,-10000
05219P,鴻海元大95售17  ,0,0,0,0,0,0,0,0,0,-10000,0,0,0,354000,364000,-10000,-10000
052185,奇力新群益95購03,0,0,0,0,0,0,0,0,0,-10000,0,0,0,0,10000,-10000,-10000
052138,易華電凱基97購01,0,0,0,0,0,0,0,0,0,-10000,0,0,0,0,10000,-10000,-10000
052170,台積電元大95購20,0,0,0,0,0,0,0,0,0,-10000,0,0,0,314000,324000,-10000,-10000
052693,微星中信96購01  ,0,0,0,0,0,0,0,0,0,-10000,0,0,0,0,10000,-10000,-10000
052654,友達統一97購01  ,0,0,0,0,0,0,0,0,0,-10000,0,0,0,0,10000,-10000,-10000
052650,台郡永豐96購01  ,0,0,0,0,0,0,0,0,0,-10000,0,0,0,0,10000,-10000,-10000
052583,友達台新96購02  ,0,0,0,0,0,0,0,0,0,-10000,0,0,0,0,10000,-10000,-10000
052612,康舒元大97購01  ,0,0,0,0,0,0,0,0,0,-10000,0,0,0,0,10000,-10000,-10000
052531,台積電國泰96購06,0,0,0,0,0,0,0,0,0,-10000,0,0,0,0,10000,-10000,-10000
052544,牧德元富95購01  ,0,0,0,0,0,0,0,0,0,-10000,0,0,0,0,10000,-10000,-10000
052790,智邦兆豐97購01  ,0,0,0,0,0,0,0,0,0,-10000,0,0,0,104000,114000,-10000,-10000
052718,新唐凱基96購01  ,0,0,0,0,0,0,0,0,0,-10000,0,0,0,0,10000,-10000,-10000
052711,滬深2X凱基97購01,0,0,0,0,0,0,0,0,0,-10000,0,0,0,0,10000,-10000,-10000
052751,臺股指元大96購05,0,0,0,0,0,0,0,0,0,-10000,0,0,0,0,10000,-10000,-10000
050458,台郡元大94購03  ,0,0,0,0,0,0,0,0,0,-10000,0,0,0,0,10000,-10000,-10000
04957P,上証2X凱基96售02,0,0,0,0,0,0,0,0,0,-10000,0,0,0,0,10000,-10000,-10000
049582,台積電元大95購03,0,0,0,0,0,0,0,0,0,-10000,0,0,0,148000,158000,-10000,-10000
049564,聯電統一94購03  ,0,0,0,0,0,0,0,0,0,-10000,0,0,0,0,10000,-10000,-10000
049566,鴻海統一94購04  ,0,0,0,0,0,0,0,0,0,-10000,0,0,0,28000,38000,-10000,-10000
051176,聯發科凱基95購07,0,0,0,0,0,0,0,0,0,-10000,0,0,0,0,10000,-10000,-10000
051719,鴻海永豐95購04  ,0,0,0,0,0,0,0,0,0,-10000,0,0,0,0,10000,-10000,-10000
051713,大立光台新95購03,0,0,0,0,0,0,0,0,0,-10000,0,0,0,0,10000,-10000,-10000
051714,健鼎台新95購01  ,0,0,0,0,0,0,0,0,0,-10000,0,0,0,10000,20000,-10000,-10000
051715,和碩台新95購01  ,0,0,0,0,0,0,0,0,0,-10000,0,0,0,0,10000,-10000,-10000
051684,瑞昱凱基95購02  ,0,0,0,0,0,0,0,0,0,-10000,0,0,0,75000,85000,-10000,-10000
051220,大立光元富95購08,0,0,0,0,0,0,0,0,0,-10000,0,0,0,0,10000,-10000,-10000
05118P,超眾元大96售04  ,0,0,0,0,0,0,0,0,0,-10000,0,0,0,0,10000,-10000,-10000
051206,大立光麥證95購02,0,0,0,1000,10000,-9000,0,0,0,-10000,0,0,0,1000,11000,-10000,-10000
051326,聯發科台新95購01,0,0,0,0,0,0,0,0,0,-10000,0,0,0,0,10000,-10000,-10000
051312,國泰金麥證95購01,0,0,0,10000,20000,-10000,0,0,0,-10000,0,0,0,10000,20000,-10000,-10000
051296,鴻海凱基97購01  ,0,0,0,0,0,0,0,0,0,-10000,0,0,0,0,10000,-10000,-10000
051352,南亞科元大95購02,0,0,0,0,0,0,0,0,0,-10000,0,0,0,58000,68000,-10000,-10000
051381,玉晶光群益98購01,0,0,0,0,0,0,0,0,0,-10000,0,0,0,36000,46000,-10000,-10000
049511,奇力新凱基94購03,0,0,0,0,0,0,0,0,0,-10000,0,0,0,0,10000,-10000,-10000
050566,高股息中信97購02,0,0,0,0,0,0,0,0,0,-10000,0,0,0,0,10000,-10000,-10000
050551,大立光凱基95購05,0,0,0,0,0,0,0,0,0,-10000,0,0,0,0,10000,-10000,-10000
050427,台積電凱基94購34,0,0,0,0,0,0,0,0,0,-10000,0,0,0,10000,20000,-10000,-10000
05061P,鴻海富邦96售03  ,0,0,0,0,0,0,0,0,0,-10000,0,0,0,0,10000,-10000,-10000
050576,南亞科國票95購01,0,0,0,0,0,0,0,0,0,-10000,0,0,0,0,10000,-10000,-10000
050593,台表科永豐94購03,0,0,0,0,0,0,0,0,0,-10000,0,0,0,0,10000,-10000,-10000
050595,緯穎永豐94購03  ,0,0,0,0,0,0,0,0,0,-10000,0,0,0,0,10000,-10000,-10000
050366,鴻海元大94購19  ,0,0,0,0,0,0,0,0,0,-10000,0,0,0,8000,18000,-10000,-10000
049508,上銀凱基94購04  ,0,0,0,0,0,0,0,0,0,-10000,0,0,0,10000,20000,-10000,-10000
049487,智邦元大94購03  ,0,0,0,0,0,0,0,0,0,-10000,0,0,0,1000,11000,-10000,-10000
049456,上海銀統一94購03,0,0,0,0,0,0,0,0,0,-10000,0,0,0,0,10000,-10000,-10000
049449,宏碁統一94購01  ,0,0,0,0,0,0,0,0,0,-10000,0,0,0,0,10000,-10000,-10000
050846,緯創國票96購01  ,0,0,0,0,0,0,0,0,0,-10000,0,0,0,0,10000,-10000,-10000
050848,日月光國票95購01,0,0,0,0,0,0,0,0,0,-10000,0,0,0,300000,310000,-10000,-10000
050856,智邦台新95購01  ,0,0,0,0,0,0,0,0,0,-10000,0,0,0,0,10000,-10000,-10000
050857,義隆台新95購01  ,0,0,0,0,0,0,0,0,0,-10000,0,0,0,0,10000,-10000,-10000
049727,台積電中信94購02,0,0,0,0,0,0,0,0,0,-10000,0,0,0,10000,20000,-10000,-10000
049746,全新永豐95購01  ,0,0,0,0,0,0,0,0,0,-10000,0,0,0,0,10000,-10000,-10000
049713,鴻海凱基94購17  ,0,0,0,0,0,0,0,0,0,-10000,0,0,0,7000,17000,-10000,-10000
049414,台積電凱基94購18,0,0,0,0,0,0,0,0,0,-10000,0,0,0,0,10000,-10000,-10000
049398,微星群益94購02  ,0,0,0,0,0,0,0,0,0,-10000,0,0,0,0,10000,-10000,-10000
049694,華新科元大95購06,0,0,0,0,0,0,0,0,0,-10000,0,0,0,0,10000,-10000,-10000
049314,京鼎凱基94購01  ,0,0,0,0,0,0,0,0,0,-10000,0,0,0,0,10000,-10000,-10000
049337,台達電統一94購03,0,0,0,0,0,0,0,0,0,-10000,0,0,0,0,10000,-10000,-10000
049338,台達電統一94購04,0,0,0,0,0,0,0,0,0,-10000,0,0,0,15000,25000,-10000,-10000
049275,臺股指元大94購10,0,0,0,0,0,0,0,0,0,-10000,0,0,0,0,10000,-10000,-10000
049679,臺股指國票94購12,0,0,0,0,0,0,0,0,0,-10000,0,0,0,2000,12000,-10000,-10000
049225,達方國票94購01  ,0,0,0,0,0,0,0,0,0,-10000,0,0,0,0,10000,-10000,-10000
049220,聯發科國票95購02,0,0,0,0,0,0,0,0,0,-10000,0,0,0,0,10000,-10000,-10000
049652,GIS凱基94購05   ,0,0,0,0,0,0,0,0,0,-10000,0,0,0,0,10000,-10000,-10000
049622,聯詠群益94購02  ,0,0,0,0,0,0,0,0,0,-10000,0,0,0,38000,48000,-10000,-10000
051432,群創元富99購03  ,0,0,0,0,0,0,0,0,0,-10000,0,0,0,0,10000,-10000,-10000
051564,和碩國泰96購01  ,0,0,0,0,0,0,0,0,0,-10000,0,0,0,35000,45000,-10000,-10000
051566,鴻海富邦95購05  ,0,0,0,0,0,0,0,0,0,-10000,0,0,0,0,10000,-10000,-10000
051559,宏達電國泰96購01,0,20000,-20000,0,0,0,0,0,0,10000,0,0,0,23000,13000,10000,-10000
051513,台積電凱基95購13,0,0,0,0,0,0,0,0,0,-10000,0,0,0,40000,50000,-10000,-10000
051501,康友群益95購02  ,0,0,0,0,0,0,0,0,0,-10000,0,0,0,31000,41000,-10000,-10000
051760,奇力新元大95購04,0,0,0,0,0,0,0,0,0,-10000,0,0,0,0,10000,-10000,-10000
051761,富邦金元大96購01,0,0,0,0,0,0,0,0,0,-10000,0,0,0,0,10000,-10000,-10000
051839,和鑫國泰96購01  ,0,0,0,0,0,0,0,0,0,-10000,0,0,0,0,10000,-10000,-10000
051609,貿聯群益95購03  ,0,0,0,0,0,0,0,0,0,-10000,0,0,0,0,10000,-10000,-10000
051625,聯發科麥證95購01,0,0,0,0,10000,-10000,0,0,0,-10000,0,0,0,0,10000,-10000,-10000
051629,上証2X國票95購04,0,0,0,0,0,0,0,0,0,-10000,0,0,0,0,10000,-10000,-10000
053618,新唐群益96購01  ,409000,0,409000,0,0,0,0,0,0,-419000,0,0,0,0,419000,-419000,-10000
053546,台積電凱基96購13,0,0,0,0,0,0,0,0,0,-10000,0,0,0,0,10000,-10000,-10000
053548,旺宏凱基96購04  ,0,0,0,0,0,0,0,0,0,-10000,0,0,0,3000,13000,-10000,-10000
053814,美律群益97購02  ,0,0,0,0,0,0,0,0,0,-10000,0,0,0,0,10000,-10000,-10000
053663,臺股指凱基96購24,0,0,0,0,0,0,0,0,0,-10000,0,0,0,0,10000,-10000,-10000
054066,緯穎國票97購03  ,0,0,0,0,0,0,0,0,0,-10000,0,0,0,0,10000,-10000,-10000
054039,元油反元大96購08,0,0,0,0,0,0,0,0,0,-10000,0,0,0,0,10000,-10000,-10000
054163,燿華凱基97購02  ,0,0,0,0,0,0,0,0,0,-10000,0,0,0,0,10000,-10000,-10000
054164,強茂凱基98購01  ,0,0,0,0,0,0,0,0,0,-10000,0,0,0,0,10000,-10000,-10000
054153,宏達電國泰97購01,0,0,0,0,0,0,0,0,0,-10000,0,0,0,33000,43000,-10000,-10000
054124,達方永豐96購02  ,0,0,0,0,0,0,0,0,0,-10000,0,0,0,0,10000,-10000,-10000
05412P,泰碩國票95售02  ,0,0,0,0,0,0,0,0,0,-10000,0,0,0,0,10000,-10000,-10000
053985,矽創元大96購02  ,0,0,0,0,0,0,0,0,0,-10000,0,0,0,0,10000,-10000,-10000
053955,華通永豐96購04  ,0,0,0,0,0,0,0,0,0,-10000,0,0,0,0,10000,-10000,-10000
053834,卜蜂永豐96購01  ,0,0,0,0,0,0,0,0,0,-10000,0,0,0,0,10000,-10000,-10000
053897,台郡群益96購01  ,0,0,0,0,0,0,0,0,0,-10000,0,0,0,0,10000,-10000,-10000
052877,矽創凱基96購01  ,0,0,0,0,0,0,0,0,0,-10000,0,0,0,0,10000,-10000,-10000
05313P,臺股指群益95售12,0,0,0,0,0,0,0,0,0,-10000,0,0,0,0,10000,-10000,-10000
053100,美律元富96購01  ,0,0,0,0,0,0,0,0,0,-10000,0,0,0,0,10000,-10000,-10000
053107,旺宏兆豐97購01  ,0,0,0,0,0,0,0,0,0,-10000,0,0,0,14000,24000,-10000,-10000
053083,中環元大99購01  ,0,0,0,0,0,0,0,0,0,-10000,0,0,0,0,10000,-10000,-10000
053089,貿聯元大97購02  ,0,0,0,0,0,0,0,0,0,-10000,0,0,0,2000,12000,-10000,-10000
053075,欣興永豐96購01  ,0,0,0,0,0,0,0,0,0,-10000,0,0,0,14000,24000,-10000,-10000
053004,燿華永豐96購01  ,0,0,0,0,0,0,0,0,0,-10000,0,0,0,0,10000,-10000,-10000
053375,鴻海元大96購18  ,0,0,0,0,0,0,0,0,0,-10000,0,0,0,45000,55000,-10000,-10000
053323,群創群益98購07  ,0,0,0,0,0,0,0,0,0,-10000,0,0,0,76000,86000,-10000,-10000
05345P,臺股指統一95售05,0,0,0,0,0,0,0,0,0,-10000,0,0,0,0,10000,-10000,-10000
053412,台達電國票97購02,0,0,0,0,0,0,0,0,0,-10000,0,0,0,6000,16000,-10000,-10000
053414,臻鼎國票97購01  ,0,0,0,0,0,0,0,0,0,-10000,0,0,0,100000,110000,-10000,-10000
053190,聯發科統一99購01,0,0,0,0,0,0,0,0,0,-10000,0,0,0,0,10000,-10000,-10000
053209,台積電凱基96購07,0,0,0,0,0,0,0,0,0,-10000,0,0,0,0,10000,-10000,-10000
053286,臺股指元大96購14,0,0,0,0,0,0,0,0,0,-10000,0,0,0,0,10000,-10000,-10000
055015,帆宣元富97購01  ,0,0,0,0,0,0,0,0,0,-10000,0,0,0,0,10000,-10000,-10000
055135,聯發科富邦99購05,0,0,0,0,0,0,0,0,0,-10000,0,0,0,0,10000,-10000,-10000
055137,GIS富邦98購01   ,0,0,0,0,0,0,0,0,0,-10000,0,0,0,0,10000,-10000,-10000
055082,台郡中信97購01  ,0,0,0,0,0,0,0,0,0,-10000,0,0,0,0,10000,-10000,-10000
055096,緯穎群益97購01  ,0,0,0,0,0,0,0,0,0,-10000,0,0,0,34000,44000,-10000,-10000
054977,SP黃豆元富9B購01,0,0,0,0,0,0,0,0,0,-10000,0,0,0,0,10000,-10000,-10000
054936,鴻海元大97購10  ,0,0,0,0,0,0,0,0,0,-10000,0,0,0,333000,343000,-10000,-10000
054931,緯穎凱基98購01  ,0,0,0,0,0,0,0,0,0,-10000,0,0,0,5000,15000,-10000,-10000
054909,福懋科康和97購01,0,0,0,0,0,0,0,0,0,-10000,0,0,0,0,10000,-10000,-10000
054857,信錦群益97購01  ,0,0,0,0,0,0,0,0,0,-10000,0,0,0,0,10000,-10000,-10000
055440,矽力國票98購01  ,0,0,0,0,0,0,0,0,0,-10000,0,0,0,15000,25000,-10000,-10000
055443,台虹國票98購01  ,0,0,0,0,0,0,0,0,0,-10000,0,0,0,0,10000,-10000,-10000
055400,緯穎統一97購01  ,0,0,0,0,0,0,0,0,0,-10000,0,0,0,0,10000,-10000,-10000
055326,緯穎國票97購06  ,0,0,0,0,0,0,0,0,0,-10000,0,0,0,2000,12000,-10000,-10000
055348,旺宏凱基97購01  ,0,0,0,0,0,0,0,0,0,-10000,0,0,0,0,10000,-10000,-10000
055363,緯穎凱基98購03  ,0,0,0,0,0,0,0,0,0,-10000,0,0,0,0,10000,-10000,-10000
055252,新光金統一98購02,0,0,0,0,0,0,0,0,0,-10000,0,0,0,0,10000,-10000,-10000
05523P,聯發科國票96售04,0,0,0,0,0,0,0,0,0,-10000,0,0,0,0,10000,-10000,-10000
055220,緯穎凱基98購02  ,0,0,0,0,0,0,0,0,0,-10000,0,0,0,11000,21000,-10000,-10000
054642,訊芯中信9A購01  ,0,0,0,0,0,0,0,0,0,-10000,0,0,0,10000,20000,-10000,-10000
054815,台積電元大97購14,0,0,0,0,0,0,0,0,0,-10000,0,0,0,20000,30000,-10000,-10000
054773,台郡國票98購01  ,0,0,0,0,0,0,0,0,0,-10000,0,0,0,0,10000,-10000,-10000
054408,義隆國票98購01  ,0,0,0,0,0,0,0,0,0,-10000,0,0,0,0,10000,-10000,-10000
054401,康普永豐96購01  ,0,0,0,0,0,0,0,0,0,-10000,0,0,0,0,10000,-10000,-10000
054343,世紀鋼元富96購02,0,0,0,0,0,0,0,0,0,-10000,0,0,0,0,10000,-10000,-10000
054477,聯發科中信9C購02,0,0,0,0,0,0,0,0,0,-10000,0,0,0,20000,30000,-10000,-10000
054428,禾伸堂富邦98購01,0,0,0,0,0,0,0,0,0,-10000,0,0,0,0,10000,-10000,-10000
054421,臺股指元大99購03,0,0,0,0,0,0,0,0,0,-10000,0,0,0,0,10000,-10000,-10000
054298,台表科元大97購03,0,0,0,0,0,0,0,0,0,-10000,0,0,0,0,10000,-10000,-10000
054236,貿聯群益96購01  ,0,0,0,0,0,0,0,0,0,-10000,0,0,0,0,10000,-10000,-10000
054205,華新國票97購02  ,0,0,0,0,0,0,0,0,0,-10000,0,0,0,0,10000,-10000,-10000
054175,高鐵台新97購01  ,0,0,0,0,0,0,0,0,0,-10000,0,0,0,0,10000,-10000,-10000
054189,貿聯永豐96購03  ,0,0,0,0,0,0,0,0,0,-10000,0,0,0,0,10000,-10000,-10000
2028,威致            ,0,10000,-10000,0,0,0,0,0,0,0,0,0,0,0,0,0,-10000
2022,聚亨            ,30000,40000,-10000,0,0,0,0,0,0,0,0,0,0,0,0,0,-10000
06573P,台積電永昌99售02,0,0,0,0,0,0,0,0,0,-10000,0,0,0,0,10000,-10000,-10000
06600P,貿聯永豐98售01  ,0,0,0,0,0,0,0,0,0,-10000,0,0,0,0,10000,-10000,-10000
06624P,訊芯元大98售06  ,0,0,0,0,0,0,0,0,0,-10000,0,0,0,0,10000,-10000,-10000
06711P,臺股指台新99售08,0,0,0,0,0,0,0,0,0,-10000,0,0,0,0,10000,-10000,-10000
06775P,臺股指兆豐98售03,0,0,0,0,0,0,0,0,0,-10000,0,0,0,0,10000,-10000,-10000
06785P,臺股指元大98售02,0,0,0,0,0,0,0,0,0,-10000,0,0,0,0,10000,-10000,-10000
06839P,玉晶光統一9A售05,0,0,0,0,0,0,0,0,0,-10000,0,0,0,10000,20000,-10000,-10000
06835P,台灣50國票9A售01,0,0,0,0,0,0,0,0,0,-10000,0,0,0,4000,14000,-10000,-10000
06306P,臺股指元大97售12,0,0,0,0,0,0,0,0,0,-10000,0,0,0,0,10000,-10000,-10000
06300P,緯穎元大97售04  ,0,0,0,0,0,0,0,0,0,-10000,0,0,0,0,10000,-10000,-10000
06089P,矽創永豐97售01  ,0,0,0,0,0,0,0,0,0,-10000,0,0,0,50000,60000,-10000,-10000
06096P,全新永豐97售02  ,0,0,0,0,0,0,0,0,0,-10000,0,0,0,50000,60000,-10000,-10000
06137P,玉晶光永豐97售04,0,0,0,0,0,0,0,0,0,-10000,0,0,0,17000,27000,-10000,-10000
06171P,台積電統一97售06,0,0,0,0,0,0,0,0,0,-10000,0,0,0,0,10000,-10000,-10000
05892P,大立光中信98售03,0,0,0,0,0,0,0,0,0,-10000,0,0,0,0,10000,-10000,-10000
05958P,聯發科國票97售04,0,0,0,0,0,0,0,0,0,-10000,0,0,0,0,10000,-10000,-10000
05959P,聯發科國票98售01,0,0,0,0,0,0,0,0,0,-10000,0,0,0,0,10000,-10000,-10000
05953P,台積電國票98售02,0,0,0,0,0,0,0,0,0,-10000,0,0,0,6000,16000,-10000,-10000
05949P,台積電國票96售09,0,0,0,0,0,0,0,0,0,-10000,0,0,0,155000,165000,-10000,-10000
06051P,嘉聯益國票97售04,0,0,0,0,0,0,0,0,0,-10000,0,0,0,0,10000,-10000,-10000
06068P,玉晶光康和97售01,0,0,0,0,0,0,0,0,0,-10000,0,0,0,0,10000,-10000,-10000
06069P,台積電永豐97售01,0,0,0,0,0,0,0,0,0,-10000,0,0,0,0,10000,-10000,-10000
05822P,臺股指凱基96售19,0,0,0,0,0,0,0,0,0,-10000,0,0,0,0,10000,-10000,-10000
05841P,華通元大96售04  ,0,0,0,0,0,0,0,0,0,-10000,0,0,0,10000,20000,-10000,-10000
057973,神達富邦9A購01  ,0,0,0,0,0,0,0,0,0,-10000,0,0,0,0,10000,-10000,-10000
057984,聯發科台新98購01,0,0,0,0,0,0,0,0,0,-10000,0,0,0,0,10000,-10000,-10000
05870P,聯發科凱基96售19,0,0,0,0,0,0,0,0,0,-10000,0,0,0,0,10000,-10000,-10000
05857P,旺宏中信98售02  ,0,0,0,0,0,0,0,0,0,-10000,0,0,0,0,10000,-10000,-10000
05788P,臺股指永昌96售05,0,0,0,0,0,0,0,0,0,-10000,550000,0,550000,30000,590000,-560000,-10000
057942,可成國票99購02  ,0,0,0,0,0,0,0,0,0,-10000,0,0,0,0,10000,-10000,-10000
4190,佐登-KY         ,45000,36000,9000,0,0,0,0,0,0,-19000,1000,1000,0,0,19000,-19000,-10000
1507,永大            ,17000,27041,-10041,0,0,0,0,0,0,-21,0,0,0,0,21,-21,-10062
056132,台光電元大97購03,0,0,0,0,0,0,0,0,0,-11000,0,0,0,87000,98000,-11000,-11000
056347,GIS凱基9A購01   ,0,0,0,0,0,0,0,0,0,-11000,0,0,0,16000,27000,-11000,-11000
056321,創意群益98購02  ,0,0,0,0,0,0,0,0,0,-11000,0,0,0,21000,32000,-11000,-11000
056428,台達電凱基99購01,0,0,0,0,0,0,0,0,0,-11000,0,0,0,0,11000,-11000,-11000
055939,GIS群益97購01   ,0,0,0,0,0,0,0,0,0,-11000,0,0,0,0,11000,-11000,-11000
055527,旺宏群益99購03  ,0,0,0,0,0,0,0,0,0,-11000,0,0,0,31000,42000,-11000,-11000
057476,國巨元大98購19  ,0,0,0,0,0,0,0,0,0,-11000,0,0,0,115000,126000,-11000,-11000
057335,技嘉國票99購01  ,0,0,0,0,0,0,0,0,0,-11000,0,0,0,0,11000,-11000,-11000
057284,新日興元大98購03,0,0,0,0,0,0,0,0,0,-11000,0,0,0,1000,12000,-11000,-11000
057409,台虹群益98購02  ,0,0,0,0,0,0,0,0,0,-11000,0,0,0,0,11000,-11000,-11000
056692,燿華群益98購03  ,0,0,0,0,0,0,0,0,0,-11000,0,0,0,0,11000,-11000,-11000
057032,A50反1元大9B購01,0,0,0,0,0,0,0,0,0,-11000,0,0,0,4000,15000,-11000,-11000
057049,新日興元大98購02,0,0,0,0,0,0,0,0,0,-11000,0,0,0,140000,151000,-11000,-11000
03180P,台灣50元大01售39,0,0,0,0,0,0,0,0,0,-11000,0,0,0,19000,30000,-11000,-11000
03267P,台灣50元大02售06,0,0,0,0,0,0,0,0,0,-11000,0,0,0,0,11000,-11000,-11000
042527,台灣50永豐94購01,0,0,0,0,0,0,0,0,0,-11000,0,0,0,0,11000,-11000,-11000
048656,大立光元富93購05,0,0,0,0,0,0,0,0,0,-11000,0,0,0,0,11000,-11000,-11000
044382,嘉聯益群益94購01,0,0,0,0,0,0,0,0,0,-11000,0,0,0,0,11000,-11000,-11000
048786,瑞昱元大94購02  ,0,0,0,0,0,0,0,0,0,-11000,0,0,0,0,11000,-11000,-11000
048269,瀚宇博國泰95購01,0,0,0,0,0,0,0,0,0,-11000,0,0,0,0,11000,-11000,-11000
04652P,臺股指凱基94售11,0,0,0,0,0,0,0,0,0,-11000,0,0,0,0,11000,-11000,-11000
045297,台積電元大93購04,0,0,0,0,0,0,0,0,0,-11000,0,0,0,0,11000,-11000,-11000
045295,台積電元大93購02,0,0,0,0,0,0,0,0,0,-11000,0,0,0,0,11000,-11000,-11000
051813,GIS凱基96購02   ,0,0,0,0,0,0,0,0,0,-11000,0,0,0,0,11000,-11000,-11000
04965P,日月光元大94售02,0,0,0,0,0,0,0,0,0,-11000,0,0,0,21000,32000,-11000,-11000
049641,台達電凱基94購08,0,0,0,0,0,0,0,0,0,-11000,0,0,0,50000,61000,-11000,-11000
051852,啟碁群益95購01  ,0,0,0,0,0,0,0,0,0,-11000,0,0,0,0,11000,-11000,-11000
049254,台積電元大96購02,0,0,0,0,0,0,0,0,0,-11000,0,0,0,0,11000,-11000,-11000
049360,台達電元大94購07,0,0,0,0,0,0,0,0,0,-11000,0,0,0,0,11000,-11000,-11000
049483,台積電元大94購12,0,0,0,0,0,0,0,0,0,-11000,0,0,0,0,11000,-11000,-11000
049484,台積電元大95購02,0,0,0,0,0,0,0,0,0,-11000,0,0,0,0,11000,-11000,-11000
05057P,鴻海國票96售01  ,0,0,0,0,0,0,0,0,0,-11000,0,0,0,0,11000,-11000,-11000
052754,上証2X群益9A購01,0,0,0,0,0,0,0,0,0,-11000,0,0,0,21000,32000,-11000,-11000
052769,達興群益96購01  ,0,0,0,0,0,0,0,0,0,-11000,0,0,0,0,11000,-11000,-11000
052539,華邦電統一95購01,0,0,0,0,0,0,0,0,0,-11000,0,0,0,0,11000,-11000,-11000
052592,華通群益98購01  ,0,0,0,0,0,0,0,0,0,-11000,0,0,0,0,11000,-11000,-11000
052323,矽力元大95購04  ,0,0,0,0,0,0,0,0,0,-11000,0,0,0,17000,28000,-11000,-11000
050114,群創元大95購01  ,0,0,0,0,0,0,0,0,0,-11000,0,0,0,31000,42000,-11000,-11000
051123,和鑫群益95購01  ,0,0,0,0,0,0,0,0,0,-11000,0,0,0,0,11000,-11000,-11000
050033,日月光元大94購01,0,0,0,0,0,0,0,0,0,-11000,0,0,0,50000,61000,-11000,-11000
049885,緯穎永豐94購01  ,0,0,0,0,0,0,0,0,0,-11000,0,0,0,0,11000,-11000,-11000
051978,泰碩凱基96購01  ,0,0,0,0,0,0,0,0,0,-11000,0,0,0,10000,21000,-11000,-11000
054185,喬山永豐96購02  ,0,0,0,0,0,0,0,0,0,-11000,0,0,0,1000,12000,-11000,-11000
054781,台化群益99購01  ,0,0,0,0,0,0,0,0,0,-11000,0,0,0,11000,22000,-11000,-11000
055205,京鼎中信99購01  ,0,0,0,0,0,0,0,0,0,-11000,0,0,0,0,11000,-11000,-11000
055426,旺宏群益99購02  ,0,0,0,0,0,0,0,0,0,-11000,0,0,0,0,11000,-11000,-11000
054862,群光群益97購01  ,0,0,0,0,0,0,0,0,0,-11000,0,0,0,0,11000,-11000,-11000
053262,華邦電群益96購02,0,0,0,0,0,0,0,0,0,-11000,0,0,0,0,11000,-11000,-11000
053112,中磊兆豐97購01  ,0,0,0,0,0,0,0,0,0,-11000,0,0,0,0,11000,-11000,-11000
052857,大成鋼凱基96購01,0,0,0,0,0,0,0,0,0,-11000,0,0,0,2000,13000,-11000,-11000
1614,三洋電          ,0,11000,-11000,0,0,0,0,0,0,0,0,0,0,0,0,0,-11000
06657P,寶成元大98售01  ,0,0,0,0,0,0,0,0,0,-11000,0,0,0,1000,12000,-11000,-11000
05858P,矽力中信96售01  ,0,0,0,0,0,0,0,0,0,-11000,0,0,0,209000,220000,-11000,-11000
06061P,訊芯統一97售01  ,0,0,0,0,0,0,0,0,0,-11000,0,0,0,19000,30000,-11000,-11000
05994P,奇鋐元大96售02  ,0,0,0,0,0,0,0,0,0,-11000,0,0,0,26000,37000,-11000,-11000
3622,洋華            ,16000,27000,-11000,0,0,0,0,0,0,0,0,0,0,0,0,0,-11000
2539,櫻花建          ,0,11000,-11000,0,0,0,0,0,0,0,0,0,0,0,0,0,-11000
2642,宅配通          ,20000,32000,-12000,0,0,0,0,0,0,1000,1000,0,1000,0,0,0,-11000
057149,京鼎國票99購02  ,0,0,0,0,0,0,0,0,0,-12000,0,0,0,12000,24000,-12000,-12000
05688P,臺股指元大96售13,0,0,0,0,0,0,0,0,0,-12000,0,0,0,119000,131000,-12000,-12000
057331,台積電國票99購04,0,0,0,0,0,0,0,0,0,-12000,0,0,0,11000,23000,-12000,-12000
05746P,台積電群益96售07,0,0,0,0,0,0,0,0,0,-12000,0,0,0,30000,42000,-12000,-12000
057549,台光電凱基98購05,0,0,0,0,0,0,0,0,0,-12000,0,0,0,0,12000,-12000,-12000
057505,健策麥證98購01  ,0,0,0,20000,32000,-12000,0,0,0,-12000,0,0,0,20000,32000,-12000,-12000
057755,鴻海日盛98購01  ,0,0,0,0,0,0,0,0,0,-12000,0,0,0,0,12000,-12000,-12000
055688,力成凱基98購02  ,0,0,0,0,0,0,0,0,0,-12000,0,0,0,75000,87000,-12000,-12000
055700,緯穎國泰98購02  ,0,0,0,0,0,0,0,0,0,-12000,0,0,0,53000,65000,-12000,-12000
055713,國巨元大98購09  ,0,0,0,0,0,0,0,0,0,-12000,0,0,0,0,12000,-12000,-12000
056003,智伸科永豐97購02,0,0,0,0,0,0,0,0,0,-12000,0,0,0,0,12000,-12000,-12000
055823,臺股指國票97購10,0,0,0,0,0,0,0,0,0,-12000,0,0,0,0,12000,-12000,-12000
055802,新日興永豐97購01,0,0,0,0,0,0,0,0,0,-12000,0,0,0,328000,340000,-12000,-12000
05640P,旺宏元富96售03  ,0,0,0,0,0,0,0,0,0,-12000,0,0,0,0,12000,-12000,-12000
056374,聯發科統一9B購01,0,0,0,0,0,0,0,0,0,-12000,0,0,0,79000,91000,-12000,-12000
04252P,台達電元富93售02,0,0,0,0,0,0,0,0,0,-12000,0,0,0,0,12000,-12000,-12000
04067P,聯發科凱基93售24,0,0,0,0,0,0,0,0,0,-12000,0,0,0,0,12000,-12000,-12000
03481P,欣興群益02售08  ,0,0,0,0,0,0,0,0,0,-12000,0,0,0,0,12000,-12000,-12000
03661C,臺股指凱基9C牛03,0,0,0,0,0,0,0,0,0,-12000,0,0,0,0,12000,-12000,-12000
04585P,楠梓電永豐94售02,0,0,0,0,0,0,0,0,0,-12000,0,0,0,16000,28000,-12000,-12000
048068,南亞科元富95購01,0,0,0,0,0,0,0,0,0,-12000,0,0,0,54000,66000,-12000,-12000
049074,光罩凱基94購02  ,0,0,0,0,0,0,0,0,0,-12000,0,0,0,0,12000,-12000,-12000
04896P,上証2X中信95售01,0,0,0,0,0,0,0,0,0,-12000,0,0,0,10000,22000,-12000,-12000
050193,臻鼎元大94購02  ,0,0,0,0,0,0,0,0,0,-12000,0,0,0,0,12000,-12000,-12000
052379,鈺齊元大95購04  ,0,0,0,0,0,0,0,0,0,-12000,0,0,0,91000,103000,-12000,-12000
052259,深100富邦95購01 ,0,0,0,0,0,0,0,0,0,-12000,0,0,0,38000,50000,-12000,-12000
051003,中環中信97購01  ,0,0,0,0,0,0,0,0,0,-12000,0,0,0,20000,32000,-12000,-12000
049459,全新元富95購02  ,0,0,0,0,0,0,0,0,0,-12000,0,0,0,20000,32000,-12000,-12000
050394,大立光元富94購09,0,0,0,0,0,0,0,0,0,-12000,0,0,0,0,12000,-12000,-12000
052887,華通中信96購01  ,0,0,0,0,0,0,0,0,0,-12000,0,0,0,0,12000,-12000,-12000
053085,華新科元大97購04,0,0,0,0,0,0,0,0,0,-12000,0,0,0,11000,23000,-12000,-12000
053012,國巨統一96購03  ,0,0,0,0,0,0,0,0,0,-12000,0,0,0,670000,682000,-12000,-12000
053861,台光電元大98購01,0,0,0,0,0,0,0,0,0,-12000,0,0,0,15000,27000,-12000,-12000
053982,臻鼎元大96購05  ,0,0,0,0,0,0,0,0,0,-12000,0,0,0,92000,104000,-12000,-12000
053922,亞光國票96購01  ,0,0,0,0,0,0,0,0,0,-12000,0,0,0,30000,42000,-12000,-12000
054127,台積電元大96購21,0,0,0,0,0,0,0,0,0,-12000,0,0,0,313000,325000,-12000,-12000
054097,淘帝國票97購01  ,0,0,0,0,0,0,0,0,0,-12000,0,0,0,0,12000,-12000,-12000
053810,台達電群益96購01,0,0,0,0,0,0,0,0,0,-12000,0,0,0,30000,42000,-12000,-12000
053787,健策元大97購02  ,0,0,0,0,0,0,0,0,0,-12000,0,0,0,56000,68000,-12000,-12000
054957,興富發元大97購01,0,0,0,0,0,0,0,0,0,-12000,0,0,0,0,12000,-12000,-12000
055217,緯創凱基97購02  ,0,0,0,0,0,0,0,0,0,-12000,0,0,0,74000,86000,-12000,-12000
054560,全新群益98購03  ,0,0,0,0,0,0,0,0,0,-12000,0,0,0,20000,32000,-12000,-12000
054285,國巨元大98購02  ,0,0,0,0,0,0,0,0,0,-12000,0,0,0,10000,22000,-12000,-12000
054424,大成鋼富邦97購02,0,0,0,0,0,0,0,0,0,-12000,0,0,0,100000,112000,-12000,-12000
2727,王品            ,19000,31000,-12000,0,0,0,0,0,0,0,0,0,0,0,0,0,-12000
2939,凱羿-KY         ,8000,20000,-12000,0,0,0,0,0,0,0,0,0,0,0,0,0,-12000
3013,晟銘電          ,4000,16000,-12000,0,0,0,0,0,0,0,0,0,0,0,0,0,-12000
4942,嘉彰            ,44000,55000,-11000,0,0,0,0,2000,-2000,1000,1000,0,1000,0,0,0,-12000
6168,宏齊            ,28000,40000,-12000,0,0,0,0,0,0,0,0,0,0,0,0,0,-12000
06058P,玉晶光凱基97售04,0,0,0,0,0,0,0,0,0,-12000,0,0,0,1000,13000,-12000,-12000
05938P,旺宏凱基96售07  ,0,0,0,0,0,0,0,0,0,-12000,0,0,0,18000,30000,-12000,-12000
05878P,創意群益98售01  ,0,0,0,0,0,0,0,0,0,-12000,0,0,0,0,12000,-12000,-12000
05813P,臺股指國票96售06,0,0,0,0,0,0,0,0,0,-12000,0,0,0,0,12000,-12000,-12000
057957,嘉晶元大98購01  ,0,0,0,0,0,0,0,0,0,-12000,0,0,0,4000,16000,-12000,-12000
05786P,臺股指永昌96售03,0,0,0,0,0,0,0,0,0,-12000,331000,17000,314000,264000,590000,-326000,-12000
06224P,可成元富97售02  ,0,0,0,0,0,0,0,0,0,-12000,0,0,0,0,12000,-12000,-12000
06428P,國巨元大97售17  ,0,0,0,0,0,0,0,0,0,-12000,0,0,0,36000,48000,-12000,-12000
06719P,台灣50群益9A售01,0,0,0,0,0,0,0,0,0,-12000,0,0,0,0,12000,-12000,-12000
06735P,奇力新凱基98售07,0,0,0,0,0,0,0,0,0,-12000,0,0,0,21000,33000,-12000,-12000
06629P,台灣50第一98售01,0,0,0,0,0,0,0,0,0,-12000,0,0,0,1000,13000,-12000,-12000
2227,裕日車          ,10000,21000,-11000,0,0,0,0,1000,-1000,0,0,0,0,0,0,0,-12000
1540,喬福            ,9000,21000,-12000,0,0,0,0,0,0,0,0,0,0,0,0,0,-12000
1307,三芳            ,2000,14000,-12000,0,0,0,0,0,0,0,0,0,0,0,0,0,-12000
056257,聯茂元富97購04  ,0,0,0,0,0,0,0,0,0,-13000,0,0,0,192000,205000,-13000,-13000
056073,智伸科元大97購01,0,0,0,0,0,0,0,0,0,-13000,0,0,0,10000,23000,-13000,-13000
055904,貿聯亞東99購01  ,0,0,0,0,0,0,0,0,0,-13000,0,0,0,0,13000,-13000,-13000
055594,華新科元大98購02,0,0,0,0,0,0,0,0,0,-13000,0,0,0,39000,52000,-13000,-13000
055647,義隆元富97購01  ,0,0,0,0,0,0,0,0,0,-13000,0,0,0,0,13000,-13000,-13000
055571,鴻海統一97購03  ,0,0,0,0,0,0,0,0,0,-13000,0,0,0,0,13000,-13000,-13000
05757P,旺宏永豐96售03  ,0,0,0,0,0,0,0,0,0,-13000,0,0,0,0,13000,-13000,-13000
057658,玉晶光兆豐99購02,0,0,0,0,0,0,0,0,0,-13000,0,0,0,49000,62000,-13000,-13000
056798,華新科麥證98購01,0,0,0,50000,63000,-13000,0,0,0,-13000,0,0,0,50000,63000,-13000,-13000
057189,康控元大98購02  ,0,0,0,0,0,0,0,0,0,-13000,0,0,0,75000,88000,-13000,-13000
047895,台積電群益94購04,0,0,0,0,0,0,0,0,0,-13000,0,0,0,20000,33000,-13000,-13000
048924,光罩永豐94購01  ,0,0,0,0,0,0,0,0,0,-13000,0,0,0,34000,47000,-13000,-13000
047177,上銀元大93購05  ,0,0,0,0,0,0,0,0,0,-13000,0,0,0,30000,43000,-13000,-13000
04756P,大立光元富94售08,0,0,0,0,0,0,0,0,0,-13000,0,0,0,57000,70000,-13000,-13000
04314P,聯茂元富93售01  ,0,0,0,0,0,0,0,0,0,-13000,0,0,0,97000,110000,-13000,-13000
00736,國泰新興市場    ,0,0,0,0,0,0,0,0,0,-13000,0,0,0,102000,115000,-13000,-13000
00675L,富邦臺灣加權正2 ,0,1000,-1000,0,0,0,0,0,0,-12000,0,0,0,148000,160000,-12000,-13000
044972,元金2X國票96購01,0,0,0,0,0,0,0,0,0,-13000,0,0,0,1000,14000,-13000,-13000
044643,滬深2X群益96購01,0,0,0,0,0,0,0,0,0,-13000,0,0,0,0,13000,-13000,-13000
04948P,瑞儀元大94售03  ,1000,0,1000,0,0,0,0,0,0,-14000,0,0,0,17000,31000,-14000,-13000
050899,旭富元大95購01  ,0,0,0,0,0,0,0,0,0,-13000,0,0,0,121000,134000,-13000,-13000
049385,茂林元大94購03  ,0,0,0,0,0,0,0,0,0,-13000,0,0,0,10000,23000,-13000,-13000
051752,緯穎富邦96購01  ,0,0,0,0,0,0,0,0,0,-13000,0,0,0,22000,35000,-13000,-13000
051791,智伸科國票96購01,0,0,0,0,0,0,0,0,0,-13000,0,0,0,10000,23000,-13000,-13000
052252,大立光永豐95購03,0,0,0,0,0,0,0,0,0,-13000,0,0,0,1000,14000,-13000,-13000
05213P,台積電國票96售05,0,0,0,0,0,0,0,0,0,-13000,0,0,0,0,13000,-13000,-13000
050534,臻鼎兆豐94購01  ,0,0,0,0,0,0,0,0,0,-13000,0,0,0,50000,63000,-13000,-13000
055231,大毅國票98購02  ,0,0,0,0,0,0,0,0,0,-13000,0,0,0,0,13000,-13000,-13000
055322,欣興國票97購06  ,0,0,0,0,0,0,0,0,0,-13000,0,0,0,10000,23000,-13000,-13000
054969,亞翔元大97購01  ,0,0,0,0,0,0,0,0,0,-13000,0,0,0,20000,33000,-13000,-13000
053174,同欣電群益98購02,0,0,0,0,0,0,0,0,0,-13000,0,0,0,0,13000,-13000,-13000
06763P,技嘉元大98售05  ,0,0,0,0,0,0,0,0,0,-13000,0,0,0,5000,18000,-13000,-13000
06372P,聯發科元大97售21,0,0,0,0,0,0,0,0,0,-13000,0,0,0,18000,31000,-13000,-13000
057860,金寶凱基98購01  ,0,0,0,0,0,0,0,0,0,-13000,0,0,0,0,13000,-13000,-13000
05977P,旺宏永豐96售06  ,0,0,0,0,0,0,0,0,0,-13000,0,0,0,0,13000,-13000,-13000
05903P,聯發科統一96售09,0,0,0,0,0,0,0,0,0,-13000,0,0,0,0,13000,-13000,-13000
06080P,景碩群益98售02  ,0,0,0,0,0,0,0,0,0,-13000,0,0,0,70000,83000,-13000,-13000
6192,巨路            ,1000,14000,-13000,0,0,0,0,0,0,0,0,0,0,0,0,0,-13000
6582,申豐            ,5000,11000,-6000,0,0,0,0,0,0,-7000,0,7000,-7000,0,0,0,-13000
5283,禾聯碩          ,2000,15000,-13000,0,0,0,0,0,0,0,0,0,0,0,0,0,-13000
3376,新日興          ,234000,151000,83000,0,0,0,0,40000,-40000,-56000,0,52000,-52000,15000,19000,-4000,-13000
2444,兆勁            ,6000,19000,-13000,0,0,0,0,0,0,0,0,0,0,0,0,0,-13000
2415,錩新            ,0,4000,-4000,0,0,0,0,0,0,-9000,0,9000,-9000,0,0,0,-13000
2393,億光            ,468000,223000,245000,0,0,0,0,0,0,-258000,60000,285000,-225000,43000,76000,-33000,-13000
2348,海悅            ,30000,43000,-13000,0,0,0,0,0,0,0,0,0,0,0,0,0,-13000
056884,元油2X元大99購02,0,0,0,0,0,0,0,0,0,-14000,0,0,0,0,14000,-14000,-14000
057486,美律元大98購04  ,0,0,0,0,0,0,0,0,0,-14000,0,0,0,6000,20000,-14000,-14000
055509,訊芯元大97購03  ,0,0,0,0,0,0,0,0,0,-14000,0,0,0,52000,66000,-14000,-14000
056146,台虹元大98購01  ,0,0,0,0,0,0,0,0,0,-14000,0,0,0,0,14000,-14000,-14000
056626,同欣電永豐98購01,0,0,0,0,0,0,0,0,0,-14000,0,0,0,0,14000,-14000,-14000
04464P,可成元富94售04  ,0,0,0,0,0,0,0,0,0,-14000,0,0,0,0,14000,-14000,-14000
045087,玉晶光元大95購01,0,0,0,0,0,0,0,0,0,-14000,0,0,0,0,14000,-14000,-14000
044965,大立光中信95購01,0,0,0,0,0,0,0,0,0,-14000,0,0,0,3000,17000,-14000,-14000
048837,牧德凱基94購04  ,0,0,0,0,0,0,0,0,0,-14000,0,0,0,8000,22000,-14000,-14000
048832,玉晶光凱基95購02,0,0,0,0,0,0,0,0,0,-14000,0,0,0,14000,28000,-14000,-14000
048766,禾伸堂凱基94購01,0,0,0,0,0,0,0,0,0,-14000,0,0,0,16000,30000,-14000,-14000
00766L,台新MSCI中國正2 ,0,0,0,0,0,0,0,0,0,-14000,0,0,0,130000,144000,-14000,-14000
00771,元大US高息特別股,0,0,0,0,0,0,0,0,0,-14000,30000,0,30000,3000,47000,-44000,-14000
04265P,滬深2X元富93售04,0,0,0,0,0,0,0,0,0,-14000,0,0,0,102000,116000,-14000,-14000
04353P,全新永豐94售01  ,0,0,0,0,0,0,0,0,0,-14000,0,0,0,0,14000,-14000,-14000
04621P,楠梓電統一94售02,0,0,0,0,0,0,0,0,0,-14000,0,0,0,5000,19000,-14000,-14000
047217,臺股指中信93購05,0,0,0,0,0,0,0,0,0,-14000,0,0,0,32000,46000,-14000,-14000
047311,台積電元大93購19,0,0,0,0,0,0,0,0,0,-14000,0,0,0,0,14000,-14000,-14000
048105,滬深2X群益99購02,0,0,0,0,0,0,0,0,0,-14000,0,0,0,0,14000,-14000,-14000
048634,華通元大94購01  ,0,0,0,0,0,0,0,0,0,-14000,0,0,0,60000,74000,-14000,-14000
052006,康友富邦98購01  ,0,0,0,0,0,0,0,0,0,-14000,0,0,0,27000,41000,-14000,-14000
052132,旺宏凱基9B購01  ,0,0,0,0,0,0,0,0,0,-14000,0,0,0,6000,20000,-14000,-14000
049873,華新科台新94購02,0,0,0,0,0,0,0,0,0,-14000,0,0,0,16000,30000,-14000,-14000
052362,瑞昱國票96購02  ,0,0,0,0,0,0,0,0,0,-14000,0,0,0,0,14000,-14000,-14000
05271P,國巨富邦97售01  ,0,0,0,0,0,0,0,0,0,-14000,0,0,0,0,14000,-14000,-14000
051845,世紀鋼富邦96購01,0,0,0,0,0,0,0,0,0,-14000,0,0,0,0,14000,-14000,-14000
049294,南亞科群益94購01,0,0,0,0,0,0,0,0,0,-14000,0,0,0,40000,54000,-14000,-14000
049250,華通元大95購04  ,0,0,0,0,0,0,0,0,0,-14000,0,0,0,48000,62000,-14000,-14000
053407,台積電兆豐96購02,0,0,0,0,0,0,0,0,0,-14000,0,0,0,25000,39000,-14000,-14000
053371,滬深2X元大99購01,0,0,0,0,0,0,0,0,0,-14000,0,0,0,31000,45000,-14000,-14000
05350P,可成元富98售04  ,0,0,0,0,0,0,0,0,0,-14000,0,0,0,6000,20000,-14000,-14000
053639,禾伸堂永豐96購01,0,0,0,0,0,0,0,0,0,-14000,0,0,0,26000,40000,-14000,-14000
053928,智易國票97購03  ,0,0,0,0,0,0,0,0,0,-14000,0,0,0,38000,52000,-14000,-14000
054890,聯鈞統一99購01  ,0,0,0,0,0,0,0,0,0,-14000,0,0,0,10000,24000,-14000,-14000
055415,禾伸堂富邦9B購01,0,0,0,0,0,0,0,0,0,-14000,0,0,0,101000,115000,-14000,-14000
054555,欣興凱基98購01  ,0,0,0,0,0,0,0,0,0,-14000,0,0,0,142000,156000,-14000,-14000
054788,華新科群益98購02,0,0,0,0,0,0,0,0,0,-14000,0,0,0,143000,157000,-14000,-14000
054822,祥碩元大97購01  ,0,0,0,0,0,0,0,0,0,-14000,0,0,0,15000,29000,-14000,-14000
06017P,亞光凱基96售04  ,0,0,0,0,0,0,0,0,0,-14000,0,0,0,0,14000,-14000,-14000
05974P,國巨富邦97售03  ,0,0,0,0,0,0,0,0,0,-14000,0,0,0,76000,90000,-14000,-14000
06868P,電子類元大99售01,0,0,0,0,0,0,0,0,0,-14000,0,0,0,0,14000,-14000,-14000
06622P,牧德元大98售01  ,0,0,0,0,0,0,0,0,0,-14000,0,0,0,108000,122000,-14000,-14000
1235,興泰            ,0,0,0,0,0,0,0,0,0,-14000,0,14000,-14000,0,0,0,-14000
1439,中和            ,10000,24000,-14000,0,0,0,0,0,0,0,0,0,0,0,0,0,-14000
1902,台紙            ,90000,103000,-13000,0,0,0,0,1000,-1000,0,0,0,0,0,0,0,-14000
056360,智邦元大98購01  ,0,0,0,0,0,0,0,0,0,-15000,0,0,0,14000,29000,-15000,-15000
055573,國巨統一97購06  ,0,0,0,0,0,0,0,0,0,-15000,0,0,0,25000,40000,-15000,-15000
055611,燿華國票98購02  ,0,0,0,0,0,0,0,0,0,-15000,0,0,0,0,15000,-15000,-15000
055968,祥碩元大97購04  ,0,0,0,0,0,0,0,0,0,-15000,0,0,0,0,15000,-15000,-15000
057471,昇陽半永豐98購02,0,0,0,0,0,0,0,0,0,-15000,0,0,0,39000,54000,-15000,-15000
057314,全新麥證98購01  ,0,0,0,30000,45000,-15000,0,0,0,-15000,0,0,0,30000,45000,-15000,-15000
057316,國巨凱基99購04  ,0,0,0,0,0,0,0,0,0,-15000,0,0,0,0,15000,-15000,-15000
05775P,台積電國泰98售02,0,0,0,0,0,0,0,0,0,-15000,0,0,0,8000,23000,-15000,-15000
056903,大立光元大99購04,0,0,0,0,0,0,0,0,0,-15000,0,0,0,0,15000,-15000,-15000
056905,欣興元大98購03  ,0,0,0,0,0,0,0,0,0,-15000,0,0,0,29000,44000,-15000,-15000
056989,鴻海兆豐98購02  ,0,0,0,0,0,0,0,0,0,-15000,0,0,0,8000,23000,-15000,-15000
049100,華新科國泰96購01,0,0,0,0,0,0,0,0,0,-15000,0,0,0,0,15000,-15000,-15000
047119,臻鼎元大93購01  ,0,0,0,0,0,0,0,0,0,-15000,0,0,0,0,15000,-15000,-15000
04748P,臺股指元大94售23,0,0,0,0,0,0,0,0,0,-15000,0,0,0,150000,165000,-15000,-15000
050365,中石化元大94購02,0,0,0,0,0,0,0,0,0,-15000,0,0,0,0,15000,-15000,-15000
050920,旺宏凱基95購01  ,0,0,0,0,0,0,0,0,0,-15000,0,0,0,25000,40000,-15000,-15000
050963,強茂永豐95購01  ,0,0,0,0,0,0,0,0,0,-15000,0,0,0,0,15000,-15000,-15000
051077,台郡國泰96購02  ,0,0,0,0,0,0,0,0,0,-15000,0,0,0,26000,41000,-15000,-15000
051073,同欣電國票96購01,0,0,0,0,0,0,0,0,0,-15000,0,0,0,0,15000,-15000,-15000
03647P,京元電元富95售02,0,0,0,0,0,0,0,0,0,-15000,0,0,0,0,15000,-15000,-15000
00767,FH美國金融股    ,0,0,0,0,0,0,0,0,0,-15000,0,0,0,15000,30000,-15000,-15000
00689R,國泰20年美債反1 ,0,0,0,0,0,0,0,0,0,-15000,0,0,0,100000,115000,-15000,-15000
048781,臺股指凱基96購01,0,0,0,0,0,0,0,0,0,-15000,0,0,0,175000,190000,-15000,-15000
048305,深100凱基96購01 ,0,0,0,0,0,0,0,0,0,-15000,0,0,0,2000,17000,-15000,-15000
047689,瑞昱富邦97購01  ,0,0,0,0,0,0,0,0,0,-15000,0,0,0,74000,89000,-15000,-15000
046600,鴻海群益94購01  ,0,0,0,0,0,0,0,0,0,-15000,0,0,0,34000,49000,-15000,-15000
049634,臺股指群益94購07,0,0,0,0,0,0,0,0,0,-15000,0,0,0,0,15000,-15000,-15000
049380,欣興元大94購04  ,0,0,0,0,0,0,0,0,0,-15000,0,0,0,10000,25000,-15000,-15000
049734,瑞昱群益94購02  ,0,0,0,0,0,0,0,0,0,-15000,0,0,0,11000,26000,-15000,-15000
051841,南茂國泰96購01  ,0,0,0,0,0,0,0,0,0,-15000,0,0,0,0,15000,-15000,-15000
051748,超眾國泰96購01  ,0,0,0,0,0,0,0,0,0,-15000,0,0,0,0,15000,-15000,-15000
051615,華通凱基96購01  ,0,0,0,0,0,0,0,0,0,-15000,0,0,0,5000,20000,-15000,-15000
050983,新光金國泰97購01,0,0,0,0,0,0,0,0,0,-15000,0,0,0,20000,35000,-15000,-15000
050615,奇力新元大95購03,0,0,0,0,0,0,0,0,0,-15000,0,0,0,2000,17000,-15000,-15000
051240,台積電元大95購12,0,0,0,0,0,0,0,0,0,-15000,0,0,0,226000,241000,-15000,-15000
052768,泰鼎群益96購01  ,0,0,0,0,0,0,0,0,0,-15000,0,0,0,45000,60000,-15000,-15000
052345,矽力凱基95購01  ,0,0,0,0,0,0,0,0,0,-15000,0,0,0,21000,36000,-15000,-15000
052208,力成麥證95購01  ,0,0,0,55000,70000,-15000,0,0,0,-15000,0,0,0,55000,70000,-15000,-15000
052216,康友元大96購01  ,0,0,0,0,0,0,0,0,0,-15000,0,0,0,0,15000,-15000,-15000
05230P,京元電群益95售01,0,0,0,0,0,0,0,0,0,-15000,0,0,0,0,15000,-15000,-15000
050108,鴻海元大94購13  ,0,0,0,0,0,0,0,0,0,-15000,0,0,0,0,15000,-15000,-15000
050117,麗豐元大96購02  ,0,0,0,0,0,0,0,0,0,-15000,0,0,0,0,15000,-15000,-15000
052131,台積電凱基96購01,0,0,0,0,0,0,0,0,0,-15000,0,0,0,0,15000,-15000,-15000
051931,美律國票96購02  ,0,0,0,0,0,0,0,0,0,-15000,0,0,0,0,15000,-15000,-15000
054826,復盛元大9A購01  ,0,0,0,0,0,0,0,0,0,-15000,0,0,0,40000,55000,-15000,-15000
054733,鴻海凱基98購04  ,0,0,0,0,0,0,0,0,0,-15000,0,0,0,10000,25000,-15000,-15000
054676,牧德台新98購01  ,0,0,0,0,0,0,0,0,0,-15000,0,0,0,0,15000,-15000,-15000
054591,GIS國泰98購01   ,0,0,0,0,0,0,0,0,0,-15000,0,0,0,0,15000,-15000,-15000
05445P,聯詠元大95售05  ,0,0,0,0,0,0,0,0,0,-15000,0,0,0,1000,16000,-15000,-15000
054458,復盛群益96購01  ,0,0,0,0,0,0,0,0,0,-15000,0,0,0,12000,27000,-15000,-15000
054359,南亞科日盛96購02,0,0,0,0,0,0,0,0,0,-15000,0,0,0,30000,45000,-15000,-15000
055434,樺漢群益97購01  ,0,0,0,0,0,0,0,0,0,-15000,0,0,0,0,15000,-15000,-15000
055332,奇力新兆豐98購01,0,0,0,0,0,0,0,0,0,-15000,0,0,0,30000,45000,-15000,-15000
055146,華通元大98購04  ,0,0,0,0,0,0,0,0,0,-15000,0,0,0,24000,39000,-15000,-15000
055041,致新富邦97購01  ,0,0,0,0,0,0,0,0,0,-15000,0,0,0,0,15000,-15000,-15000
055062,文曄永豐97購01  ,0,0,0,0,0,0,0,0,0,-15000,0,0,0,0,15000,-15000,-15000
05395P,旺宏元大96售06  ,0,0,0,0,0,0,0,0,0,-15000,0,0,0,5000,20000,-15000,-15000
053966,旺宏元大96購08  ,0,0,0,0,0,0,0,0,0,-15000,0,0,0,106000,121000,-15000,-15000
053900,T50反1日盛99購01,0,0,0,0,0,0,0,0,0,-15000,0,0,0,35000,50000,-15000,-15000
05359P,嘉澤元大95售02  ,0,0,0,0,0,0,0,0,0,-15000,0,0,0,200000,215000,-15000,-15000
053493,智邦兆豐97購02  ,0,0,0,0,0,0,0,0,0,-15000,0,0,0,0,15000,-15000,-15000
053552,華新科凱基96購08,0,0,0,0,0,0,0,0,0,-15000,0,0,0,112000,127000,-15000,-15000
053831,台積電台新97購02,0,0,0,0,0,0,0,0,0,-15000,0,0,0,0,15000,-15000,-15000
053204,旺宏麥證96購01  ,0,0,0,0,15000,-15000,0,0,0,-15000,0,0,0,0,15000,-15000,-15000
1737,臺鹽            ,4000,19000,-15000,0,0,0,0,0,0,0,0,0,0,0,0,0,-15000
1721,三晃            ,34000,49000,-15000,0,0,0,0,0,0,0,0,0,0,0,0,0,-15000
06647P,台積電元大98售13,0,0,0,0,0,0,0,0,0,-15000,0,0,0,30000,45000,-15000,-15000
06495P,華新科亞東9A售01,0,0,0,0,0,0,0,0,0,-15000,0,0,0,0,15000,-15000,-15000
06474P,鴻海富邦98售03  ,0,0,0,0,0,0,0,0,0,-15000,0,0,0,8000,23000,-15000,-15000
06813P,友訊元富98售03  ,0,0,0,0,0,0,0,0,0,-15000,0,0,0,21000,36000,-15000,-15000
06758P,鴻海元大98售10  ,0,0,0,0,0,0,0,0,0,-15000,0,0,0,356000,371000,-15000,-15000
05928P,華邦電康和96售01,0,0,0,0,0,0,0,0,0,-15000,0,0,0,0,15000,-15000,-15000
05996P,華新科群益96售03,0,0,0,0,0,0,0,0,0,-15000,0,0,0,41000,56000,-15000,-15000
06362P,臺股指麥證97售01,0,0,0,22000,37000,-15000,0,0,0,-15000,0,0,0,22000,37000,-15000,-15000
06406P,可成元富97售04  ,0,0,0,0,0,0,0,0,0,-15000,0,0,0,15000,30000,-15000,-15000
06276P,臺股指凱基97售08,0,0,0,0,0,0,0,0,0,-15000,0,0,0,0,15000,-15000,-15000
06116P,臺股指日盛97售01,0,0,0,0,0,0,0,0,0,-15000,0,0,0,0,15000,-15000,-15000
3022,威強電          ,12000,27000,-15000,0,0,0,0,0,0,0,0,0,0,0,0,0,-15000
057195,南茂元大98購01  ,0,0,0,0,0,0,0,0,0,-16000,0,0,0,92000,108000,-16000,-16000
056697,緯穎群益98購01  ,0,0,0,0,0,0,0,0,0,-16000,0,0,0,41000,57000,-16000,-16000
056026,智易群益97購01  ,0,0,0,0,0,0,0,0,0,-16000,0,0,0,6000,22000,-16000,-16000
055791,臺股指凱基97購14,0,0,0,0,0,0,0,0,0,-16000,0,0,0,53000,69000,-16000,-16000
056629,昇陽半永豐98購01,0,0,0,0,0,0,0,0,0,-16000,0,0,0,38000,54000,-16000,-16000
056447,聯發科凱基98購09,0,0,0,0,0,0,0,0,0,-16000,0,0,0,14000,30000,-16000,-16000
051094,健策元大96購03  ,0,0,0,0,0,0,0,0,0,-16000,0,0,0,42000,58000,-16000,-16000
048118,百和群益94購03  ,0,0,0,0,0,0,0,0,0,-16000,0,0,0,6000,22000,-16000,-16000
050815,南亞科凱基95購01,0,0,0,0,0,0,0,0,0,-16000,0,0,0,10000,26000,-16000,-16000
048059,欣興國泰95購01  ,0,0,0,0,0,0,0,0,0,-16000,0,0,0,343000,359000,-16000,-16000
049143,智邦元大94購02  ,0,0,0,0,0,0,0,0,0,-16000,0,0,0,84000,100000,-16000,-16000
049040,亞光兆豐95購01  ,0,0,0,0,0,0,0,0,0,-16000,0,0,0,0,16000,-16000,-16000
049908,鴻海元大94購08  ,0,0,0,0,0,0,0,0,0,-16000,0,0,0,26000,42000,-16000,-16000
050081,聯發科統一94購07,0,0,0,0,0,0,0,0,0,-16000,0,0,0,90000,106000,-16000,-16000
052293,泰碩國票95購03  ,0,0,0,0,0,0,0,0,0,-16000,0,0,0,20000,36000,-16000,-16000
052714,義隆凱基96購02  ,0,0,0,0,0,0,0,0,0,-16000,0,0,0,0,16000,-16000,-16000
05278P,台郡元富95售02  ,0,0,0,0,0,0,0,0,0,-16000,0,0,0,0,16000,-16000,-16000
051412,奇力新國票96購01,0,0,0,0,0,0,0,0,0,-16000,0,0,0,6000,22000,-16000,-16000
049310,台積電凱基94購15,0,0,0,0,0,0,0,0,0,-16000,0,0,0,10000,26000,-16000,-16000
04959P,可成凱基94售14  ,0,0,0,0,0,0,0,0,0,-16000,0,0,0,45000,61000,-16000,-16000
053236,群創永豐97購02  ,0,0,0,0,0,0,0,0,0,-16000,0,0,0,0,16000,-16000,-16000
053325,GIS群益96購02   ,0,0,0,0,0,0,0,0,0,-16000,0,0,0,96000,112000,-16000,-16000
053471,正崴元大96購01  ,0,0,0,0,0,0,0,0,0,-16000,0,0,0,0,16000,-16000,-16000
053475,華新科元大96購05,0,0,0,0,0,0,0,0,0,-16000,0,0,0,4000,20000,-16000,-16000
053118,大立光中信9C購01,0,0,0,0,0,0,0,0,0,-16000,0,0,0,0,16000,-16000,-16000
055099,可成日盛97購01  ,0,0,0,0,0,0,0,0,0,-16000,0,0,0,24000,40000,-16000,-16000
054922,文曄凱基98購01  ,0,0,0,0,0,0,0,0,0,-16000,0,0,0,10000,26000,-16000,-16000
055370,旺宏元大97購05  ,0,0,0,0,0,0,0,0,0,-16000,0,0,0,0,16000,-16000,-16000
054266,緯穎元大96購07  ,0,0,0,0,0,0,0,0,0,-16000,0,0,0,39000,55000,-16000,-16000
054678,麗豐台新98購02  ,0,0,0,0,0,0,0,0,0,-16000,0,0,0,0,16000,-16000,-16000
05469P,台積電元大95售24,0,0,0,0,0,0,0,0,0,-16000,0,0,0,826000,842000,-16000,-16000
4106,雃博            ,29000,46000,-17000,0,0,0,0,0,0,1000,1000,0,1000,0,0,0,-16000
4164,承業醫          ,9000,26000,-17000,0,0,0,0,0,0,1000,1000,0,1000,0,0,0,-16000
06258P,臺股指群益97售11,0,0,0,0,0,0,0,0,0,-16000,0,0,0,0,16000,-16000,-16000
06366P,鴻海凱基97售10  ,0,0,0,0,0,0,0,0,0,-16000,0,0,0,1000,17000,-16000,-16000
1773,勝一            ,23000,39000,-16000,0,0,0,0,0,0,0,0,0,0,0,0,0,-16000
1109,信大            ,65000,80150,-15150,0,0,0,0,1000,-1000,0,0,0,0,0,0,0,-16150
5522,遠雄            ,261740,321000,-59260,0,0,0,0,0,0,43000,118000,75000,43000,0,0,0,-16260
056448,全新凱基99購01  ,0,0,0,0,0,0,0,0,0,-17000,0,0,0,0,17000,-17000,-17000
056554,GIS凱基99購01   ,0,0,0,0,0,0,0,0,0,-17000,0,0,0,6000,23000,-17000,-17000
056332,台郡國票99購01  ,0,0,0,0,0,0,0,0,0,-17000,0,0,0,10000,27000,-17000,-17000
056180,南茂元富97購01  ,0,0,0,0,0,0,0,0,0,-17000,0,0,0,13000,30000,-17000,-17000
055882,嘉聯益元富97購01,0,0,0,0,0,0,0,0,0,-17000,0,0,0,33000,50000,-17000,-17000
056049,奇力新國票98購01,0,0,0,0,0,0,0,0,0,-17000,0,0,0,36000,53000,-17000,-17000
055668,欣興群益97購01  ,0,0,0,0,0,0,0,0,0,-17000,0,0,0,54000,71000,-17000,-17000
056670,樺漢國票99購01  ,0,0,0,0,0,0,0,0,0,-17000,0,0,0,37000,54000,-17000,-17000
056787,健鼎群益98購01  ,0,0,0,0,0,0,0,0,0,-17000,0,0,0,68000,85000,-17000,-17000
056863,義隆群益98購01  ,0,0,0,0,0,0,0,0,0,-17000,0,0,0,24000,41000,-17000,-17000
056831,元油2X元富98購11,0,0,0,0,0,0,0,0,0,-17000,0,0,0,0,17000,-17000,-17000
057249,華邦電統一9A購01,0,0,0,0,0,0,0,0,0,-17000,0,0,0,237000,254000,-17000,-17000
057097,致新元富98購01  ,0,0,0,0,0,0,0,0,0,-17000,0,0,0,20000,37000,-17000,-17000
057846,神達永豐98購01  ,0,0,0,0,0,0,0,0,0,-17000,0,0,0,395000,412000,-17000,-17000
050757,聯發科元富94購03,0,0,0,0,0,0,0,0,0,-17000,0,0,0,33000,50000,-17000,-17000
050710,元黃金中信96購01,0,0,0,0,0,0,0,0,0,-17000,0,0,0,3000,20000,-17000,-17000
044601,旺宏國泰93購03  ,0,0,0,0,0,0,0,0,0,-17000,0,0,0,13000,30000,-17000,-17000
04395P,台積電群益94售06,0,0,0,0,0,0,0,0,0,-17000,0,0,0,35000,52000,-17000,-17000
044909,玉晶光凱基93購02,0,0,0,0,0,0,0,0,0,-17000,0,0,0,37000,54000,-17000,-17000
00685L,群益臺灣加權正2 ,0,0,0,0,0,0,0,0,0,-17000,0,0,0,15000,32000,-17000,-17000
051113,聯電元富95購01  ,0,0,0,0,0,0,0,0,0,-17000,0,0,0,124000,141000,-17000,-17000
051635,大立光國票96購04,0,0,0,0,0,0,0,0,0,-17000,0,0,0,0,17000,-17000,-17000
050495,大立光永昌96購01,0,0,0,0,0,0,0,0,0,-17000,0,0,0,61000,78000,-17000,-17000
050402,緯穎中信96購01  ,0,0,0,0,0,0,0,0,0,-17000,0,0,0,13000,30000,-17000,-17000
05468P,鴻海元大96售14  ,0,0,0,0,0,0,0,0,0,-17000,0,0,0,529000,546000,-17000,-17000
054819,裕民元大9A購01  ,0,0,0,0,0,0,0,0,0,-17000,0,0,0,31000,48000,-17000,-17000
05421P,鴻海元大96售12  ,0,0,0,0,0,0,0,0,0,-17000,0,0,0,370000,387000,-17000,-17000
055365,華通元大97購03  ,0,0,0,0,0,0,0,0,0,-17000,0,0,0,39000,56000,-17000,-17000
055191,牧德元富97購01  ,0,0,0,0,0,0,0,0,0,-17000,0,0,0,20000,37000,-17000,-17000
054933,南港元大97購01  ,0,0,0,0,0,0,0,0,0,-17000,0,0,0,53000,70000,-17000,-17000
054962,玉晶光元大99購02,0,0,0,0,0,0,0,0,0,-17000,0,0,0,46000,63000,-17000,-17000
055164,矽創元大98購01  ,0,0,0,0,0,0,0,0,0,-17000,0,0,0,0,17000,-17000,-17000
053567,群創富邦97購01  ,0,0,0,0,0,0,0,0,0,-17000,0,0,0,0,17000,-17000,-17000
053491,鴻海兆豐97購02  ,0,0,0,0,0,0,0,0,0,-17000,0,0,0,0,17000,-17000,-17000
053973,晶豪科元大96購01,0,0,0,0,0,0,0,0,0,-17000,0,0,0,0,17000,-17000,-17000
6525,捷敏-KY         ,27000,44000,-17000,0,0,0,0,0,0,0,0,0,0,0,0,0,-17000
3705,永信            ,17000,34000,-17000,0,0,0,0,0,0,0,0,0,0,0,0,0,-17000
06874P,台積電台新98售02,0,0,0,0,0,0,0,0,0,-17000,0,0,0,0,17000,-17000,-17000
1906,寶隆            ,12000,28000,-16000,0,0,0,0,0,0,-1000,0,1000,-1000,0,0,0,-17000
1730,花仙子          ,30000,70000,-40000,0,0,0,0,0,0,23000,23000,0,23000,0,0,0,-17000
06670P,鴻海群益98售06  ,0,0,0,0,0,0,0,0,0,-17000,0,0,0,40000,57000,-17000,-17000
06333P,臺股指群益9C售02,0,0,0,0,0,0,0,0,0,-17000,0,0,0,6000,23000,-17000,-17000
06334P,臺股指群益9C售03,0,0,0,0,0,0,0,0,0,-17000,0,0,0,8000,25000,-17000,-17000
057854,聯發科國票99購03,0,0,0,0,0,0,0,0,0,-18000,0,0,0,0,18000,-18000,-18000
057738,旺宏富邦9A購01  ,0,0,0,0,0,0,0,0,0,-18000,0,0,0,2000,20000,-18000,-18000
057228,友達凱基9B購01  ,0,0,0,0,0,0,0,0,0,-18000,0,0,0,10000,28000,-18000,-18000
056896,南亞科元大98購01,0,0,0,0,0,0,0,0,0,-18000,0,0,0,49000,67000,-18000,-18000
056954,聯詠富邦9A購01  ,0,0,0,0,0,0,0,0,0,-18000,0,0,0,314000,332000,-18000,-18000
055638,上銀元富97購01  ,0,0,0,0,0,0,0,0,0,-18000,0,0,0,7000,25000,-18000,-18000
055508,矽力元大97購01  ,0,0,0,0,0,0,0,0,0,-18000,0,0,0,2000,20000,-18000,-18000
055484,華通元大97購04  ,0,0,0,0,0,0,0,0,0,-18000,0,0,0,26000,44000,-18000,-18000
056010,力成中信97購01  ,0,0,0,0,0,0,0,0,0,-18000,0,0,0,92000,110000,-18000,-18000
056189,樺漢統一97購02  ,0,0,0,0,0,0,0,0,0,-18000,0,0,0,0,18000,-18000,-18000
05606P,TPK國票97售02   ,0,0,0,0,0,0,0,0,0,-18000,0,0,0,11000,29000,-18000,-18000
056092,亞德客元富97購02,0,0,0,0,0,0,0,0,0,-18000,0,0,0,25000,43000,-18000,-18000
056265,國泰金統一97購01,0,0,0,0,0,0,0,0,0,-18000,0,0,0,30000,48000,-18000,-18000
056649,智易凱基98購01  ,0,0,0,0,0,0,0,0,0,-18000,0,0,0,24000,42000,-18000,-18000
0052,富邦科技        ,6000,4000,2000,0,0,0,0,0,0,-20000,0,0,0,101000,121000,-20000,-18000
03033X,元展30          ,0,0,0,0,0,0,0,0,0,-18000,0,0,0,3000,21000,-18000,-18000
043513,台灣50元大96購05,0,0,0,0,0,0,0,0,0,-18000,0,0,0,16000,34000,-18000,-18000
044126,奇力新凱基93購01,0,0,0,0,0,0,0,0,0,-18000,0,0,0,2000,20000,-18000,-18000
048668,奇力新永豐93購04,0,0,0,0,0,0,0,0,0,-18000,0,0,0,0,18000,-18000,-18000
04674P,全新統一95售01  ,0,0,0,0,0,0,0,0,0,-18000,0,0,0,0,18000,-18000,-18000
049140,台積電元大94購07,0,0,0,0,0,0,0,0,0,-18000,0,0,0,0,18000,-18000,-18000
049141,旺宏元大95購01  ,0,0,0,0,0,0,0,0,0,-18000,0,0,0,32000,50000,-18000,-18000
049117,矽格統一96購01  ,0,0,0,0,0,0,0,0,0,-18000,0,0,0,0,18000,-18000,-18000
048962,宏全康和94購01  ,0,0,0,0,0,0,0,0,0,-18000,0,0,0,2000,20000,-18000,-18000
048324,訊芯凱基93購03  ,0,0,0,0,0,0,0,0,0,-18000,0,0,0,0,18000,-18000,-18000
050604,上証2X永昌94購01,0,0,0,0,0,0,0,0,0,-18000,0,0,0,2000,20000,-18000,-18000
051701,華通群益97購01  ,0,0,0,0,0,0,0,0,0,-18000,0,0,0,63000,81000,-18000,-18000
051646,華通永豐96購01  ,0,0,0,0,0,0,0,0,0,-18000,0,0,0,0,18000,-18000,-18000
051826,智邦元大95購03  ,0,0,0,0,0,0,0,0,0,-18000,0,0,0,18000,36000,-18000,-18000
051543,鈺齊國票96購01  ,0,0,0,0,0,0,0,0,0,-18000,0,0,0,73000,91000,-18000,-18000
049264,奇鋐元大95購01  ,0,0,0,0,0,0,0,0,0,-18000,0,0,0,0,18000,-18000,-18000
05217P,鴻海統一95售08  ,0,0,0,0,0,0,0,0,0,-18000,0,0,0,1000,19000,-18000,-18000
052133,華邦電凱基9B購01,0,0,0,0,0,0,0,0,0,-18000,0,0,0,28000,46000,-18000,-18000
053946,全新富邦97購02  ,0,0,0,0,0,0,0,0,0,-18000,0,0,0,3000,21000,-18000,-18000
054146,康友元大96購06  ,0,0,0,0,0,0,0,0,0,-18000,0,0,0,4000,22000,-18000,-18000
053520,康友群益96購01  ,0,0,0,0,0,0,0,0,0,-18000,0,0,0,0,18000,-18000,-18000
053701,台積電兆豐96購05,0,0,0,0,0,0,0,0,0,-18000,0,0,0,148000,166000,-18000,-18000
053056,同欣電國票97購01,0,0,0,0,0,0,0,0,0,-18000,0,0,0,10000,28000,-18000,-18000
052972,義隆群益96購04  ,0,0,0,0,0,0,0,0,0,-18000,0,0,0,0,18000,-18000,-18000
053481,同欣電元大97購01,0,0,0,0,0,0,0,0,0,-18000,0,0,0,14000,32000,-18000,-18000
05325P,臺股指凱基95售09,0,0,0,0,0,0,0,0,0,-18000,0,0,0,22000,40000,-18000,-18000
055076,福懋科永豐97購01,0,0,0,0,0,0,0,0,0,-18000,0,0,0,197000,215000,-18000,-18000
055362,GIS凱基97購03   ,0,0,0,0,0,0,0,0,0,-18000,0,0,0,350000,368000,-18000,-18000
054215,創意國票97購02  ,0,0,0,0,0,0,0,0,0,-18000,0,0,0,22000,40000,-18000,-18000
054772,康控國票98購02  ,0,0,0,0,0,0,0,0,0,-18000,0,0,0,37000,55000,-18000,-18000
06170P,禾伸堂元富97售02,0,0,0,0,0,0,0,0,0,-18000,0,0,0,82000,100000,-18000,-18000
06715P,台積電元大99售04,0,0,0,0,0,0,0,0,0,-18000,0,0,0,210000,228000,-18000,-18000
06801P,技嘉群益99售02  ,0,0,0,0,0,0,0,0,0,-18000,0,0,0,2000,20000,-18000,-18000
06551P,貿聯元大98售05  ,0,0,0,0,0,0,0,0,0,-18000,0,0,0,4000,22000,-18000,-18000
1733,五鼎            ,4000,25000,-21000,0,0,0,0,0,0,3000,3000,0,3000,0,0,0,-18000
6206,飛捷            ,19000,37000,-18000,0,0,0,0,0,0,0,0,0,0,0,0,0,-18000
2851,中再保          ,7000,25000,-18000,0,0,0,0,0,0,0,0,0,0,0,0,0,-18000
2468,華經            ,2000,20000,-18000,0,0,0,0,0,0,0,0,0,0,0,0,0,-18000
056581,超眾元大99購01  ,0,0,0,0,0,0,0,0,0,-19000,0,0,0,14000,33000,-19000,-19000
056433,鴻海凱基98購09  ,0,0,0,0,0,0,0,0,0,-19000,0,0,0,91000,110000,-19000,-19000
056497,GIS國泰99購01   ,0,0,0,0,0,0,0,0,0,-19000,0,0,0,1000,20000,-19000,-19000
056288,健鼎永豐97購01  ,0,0,0,0,0,0,0,0,0,-19000,0,0,0,68000,87000,-19000,-19000
056313,聯茂元大98購01  ,0,0,0,0,0,0,0,0,0,-19000,0,0,0,386000,405000,-19000,-19000
056368,祥碩元大98購02  ,0,0,0,0,0,0,0,0,0,-19000,0,0,0,10000,29000,-19000,-19000
055989,矽力元富9A購01  ,0,0,0,0,0,0,0,0,0,-19000,0,0,0,37000,56000,-19000,-19000
055925,上銀群益97購01  ,0,0,0,0,0,0,0,0,0,-19000,0,0,0,78000,97000,-19000,-19000
055792,臺股指凱基97購15,0,0,0,0,0,0,0,0,0,-19000,0,0,0,426000,445000,-19000,-19000
056689,玉晶光統一9A購03,0,0,0,0,0,0,0,0,0,-19000,0,0,0,0,19000,-19000,-19000
056730,元油2X凱基9A購04,0,0,0,0,0,0,0,0,0,-19000,0,0,0,0,19000,-19000,-19000
057208,上海銀元富98購01,0,0,0,0,0,0,0,0,0,-19000,0,0,0,41000,60000,-19000,-19000
057241,超眾凱基99購02  ,0,0,0,0,0,0,0,0,0,-19000,0,0,0,0,19000,-19000,-19000
057237,群創凱基9B購02  ,0,0,0,0,0,0,0,0,0,-19000,0,0,0,6000,25000,-19000,-19000
05763P,致新永豐96售01  ,0,0,0,0,0,0,0,0,0,-19000,0,0,0,39000,58000,-19000,-19000
057318,台光電凱基9A購01,0,0,0,0,0,0,0,0,0,-19000,0,0,0,80000,99000,-19000,-19000
048085,鴻海凱基93購32  ,0,0,0,0,0,0,0,0,0,-19000,0,0,0,0,19000,-19000,-19000
048804,和碩富邦94購01  ,0,0,0,0,0,0,0,0,0,-19000,0,0,0,1000,20000,-19000,-19000
04451P,可成凱基94售04  ,0,0,0,0,0,0,0,0,0,-19000,0,0,0,6000,25000,-19000,-19000
045401,大立光兆豐93購01,0,0,0,0,0,0,0,0,0,-19000,0,0,0,1000,20000,-19000,-19000
00700,富邦恒生國企    ,0,0,0,0,0,0,0,0,0,-19000,0,0,0,103000,122000,-19000,-19000
050107,鴻海元大94購12  ,0,0,0,0,0,0,0,0,0,-19000,0,0,0,1000,20000,-19000,-19000
05263P,台積電元大96售09,0,0,0,0,0,0,0,0,0,-19000,0,0,0,2000,21000,-19000,-19000
049339,鴻海統一94購02  ,0,0,0,0,0,0,0,0,0,-19000,0,0,0,0,19000,-19000,-19000
049735,台光電群益94購03,0,0,0,0,0,0,0,0,0,-19000,0,0,0,49000,68000,-19000,-19000
051594,和碩元大96購01  ,0,0,0,0,0,0,0,0,0,-19000,0,0,0,83000,102000,-19000,-19000
051382,玉晶光群益98購02,0,0,0,0,0,0,0,0,0,-19000,0,0,0,51000,70000,-19000,-19000
054344,景碩國票97購04  ,0,0,0,0,0,0,0,0,0,-19000,0,0,0,68000,87000,-19000,-19000
054419,嘉聯益元大98購02,0,0,0,0,0,0,0,0,0,-19000,0,0,0,113000,132000,-19000,-19000
054864,聯發科群益97購02,0,0,0,0,0,0,0,0,0,-19000,0,0,0,26000,45000,-19000,-19000
05329P,臺股指凱基95售13,0,0,0,0,0,0,0,0,0,-19000,0,0,0,1000,20000,-19000,-19000
053198,亞德客日盛96購01,0,0,0,0,0,0,0,0,0,-19000,0,0,0,3000,22000,-19000,-19000
052963,智邦凱基96購02  ,0,0,0,0,0,0,0,0,0,-19000,0,0,0,45000,64000,-19000,-19000
052829,上銀群益96購01  ,0,0,0,0,0,0,0,0,0,-19000,0,0,0,15000,34000,-19000,-19000
053108,南亞科兆豐96購01,0,0,0,0,0,0,0,0,0,-19000,0,0,0,71000,90000,-19000,-19000
053742,創意國票97購01  ,0,0,0,0,0,0,0,0,0,-19000,0,0,0,14000,33000,-19000,-19000
053824,樺漢群益96購02  ,0,0,0,0,0,0,0,0,0,-19000,0,0,0,10000,29000,-19000,-19000
053926,晶相光國票97購01,0,0,0,0,0,0,0,0,0,-19000,0,0,0,113000,132000,-19000,-19000
3149,正達            ,4000,23000,-19000,0,0,0,0,0,0,0,0,0,0,0,0,0,-19000
057340,玉晶光元富98購04,0,0,0,0,0,0,0,0,0,-20000,0,0,0,40000,60000,-20000,-20000
057362,元油2X元大98購12,0,0,0,0,0,0,0,0,0,-20000,0,0,0,0,20000,-20000,-20000
057444,台泥元富98購01  ,0,0,0,0,0,0,0,0,0,-20000,0,0,0,50000,70000,-20000,-20000
057425,臺股指凱基9C購02,0,0,0,0,0,0,0,0,0,-20000,0,0,0,4000,24000,-20000,-20000
057516,和鑫元富98購01  ,0,0,0,0,0,0,0,0,0,-20000,0,0,0,40000,60000,-20000,-20000
05751P,台積電中信96售05,0,0,0,0,0,0,0,0,0,-20000,0,0,0,0,20000,-20000,-20000
057554,新日興凱基99購02,0,0,0,0,0,0,0,0,0,-20000,0,0,0,0,20000,-20000,-20000
057561,大立光兆豐98購02,0,0,0,0,0,0,0,0,0,-20000,0,0,0,0,20000,-20000,-20000
057686,中50凱基99購01  ,0,0,0,0,0,0,0,0,0,-20000,0,0,0,0,20000,-20000,-20000
057689,南亞科凱基99購02,0,0,0,0,0,0,0,0,0,-20000,0,0,0,10000,30000,-20000,-20000
057607,旺宏台新98購02  ,0,0,0,0,0,0,0,0,0,-20000,0,0,0,0,20000,-20000,-20000
057788,嘉聯益國票99購01,0,0,0,0,0,0,0,0,0,-20000,0,0,0,105000,125000,-20000,-20000
057797,大立光兆豐99購01,0,0,0,0,0,0,0,0,0,-20000,0,0,0,0,20000,-20000,-20000
057204,利勤元富98購01  ,0,0,0,0,0,0,0,0,0,-20000,0,0,0,40000,60000,-20000,-20000
057154,易華電國泰99購01,0,0,0,0,0,0,0,0,0,-20000,0,0,0,0,20000,-20000,-20000
056988,聚陽兆豐98購01  ,0,0,0,0,0,0,0,0,0,-20000,0,0,0,30000,50000,-20000,-20000
057005,元油2X中信9C購01,0,0,0,0,0,0,0,0,0,-20000,0,0,0,0,20000,-20000,-20000
057039,元油2X元大9B購07,0,0,0,0,0,0,0,0,0,-20000,0,0,0,0,20000,-20000,-20000
05702P,矽創凱基96售02  ,0,0,0,0,0,0,0,0,0,-20000,0,0,0,0,20000,-20000,-20000
05673P,台積電群益96售05,0,0,0,0,0,0,0,0,0,-20000,0,0,0,0,20000,-20000,-20000
056726,友達日盛9A購01  ,0,0,0,0,0,0,0,0,0,-20000,0,0,0,50000,70000,-20000,-20000
056673,中石化元富9B購01,0,0,0,0,0,0,0,0,0,-20000,0,0,0,0,20000,-20000,-20000
056927,T50反1台新02購01,0,0,0,0,0,0,0,0,0,-20000,0,0,0,10000,30000,-20000,-20000
056868,奇力新麥證98購01,0,0,0,10000,30000,-20000,0,0,0,-20000,0,0,0,10000,30000,-20000,-20000
055820,矽力國票98購02  ,0,0,0,0,0,0,0,0,0,-20000,0,0,0,19000,39000,-20000,-20000
055871,群創台新97購02  ,0,0,0,0,0,0,0,0,0,-20000,0,0,0,0,20000,-20000,-20000
055850,聯詠元大97購06  ,0,0,0,0,0,0,0,0,0,-20000,0,0,0,3000,23000,-20000,-20000
055984,大立光元富97購02,0,0,0,0,0,0,0,0,0,-20000,0,0,0,1000,21000,-20000,-20000
055505,新唐元大97購02  ,210000,0,210000,0,0,0,0,0,0,-230000,0,0,0,0,230000,-230000,-20000
055642,廣宇元富97購01  ,0,0,0,0,0,0,0,0,0,-20000,0,0,0,50000,70000,-20000,-20000
055615,宏達電國票99購02,0,0,0,0,0,0,0,0,0,-20000,0,0,0,0,20000,-20000,-20000
055631,創意永豐98購01  ,0,0,0,0,0,0,0,0,0,-20000,0,0,0,0,20000,-20000,-20000
055715,智邦元大97購04  ,0,0,0,0,0,0,0,0,0,-20000,0,0,0,17000,37000,-20000,-20000
055691,訊芯凱基97購02  ,0,0,0,0,0,0,0,0,0,-20000,0,0,0,15000,35000,-20000,-20000
056330,玉晶光國票99購03,0,0,0,0,0,0,0,0,0,-20000,0,0,0,0,20000,-20000,-20000
056228,可成凱基97購03  ,0,0,0,0,0,0,0,0,0,-20000,0,0,0,48000,68000,-20000,-20000
056097,訊芯元富97購02  ,0,0,0,0,0,0,0,0,0,-20000,0,0,0,30000,50000,-20000,-20000
056126,台郡國票98購02  ,0,0,0,0,0,0,0,0,0,-20000,0,0,0,10000,30000,-20000,-20000
056385,創意國泰99購01  ,0,0,0,0,0,0,0,0,0,-20000,0,0,0,0,20000,-20000,-20000
056530,旺宏凱基98購06  ,0,0,0,0,0,0,0,0,0,-20000,0,0,0,0,20000,-20000,-20000
056537,冠德凱基98購01  ,0,0,0,0,0,0,0,0,0,-20000,0,0,0,10000,30000,-20000,-20000
056630,臺股指永豐98購02,0,0,0,0,0,0,0,0,0,-20000,0,0,0,0,20000,-20000,-20000
03424B,臺股指元大96熊26,0,0,0,0,0,0,0,0,0,-20000,0,0,0,0,20000,-20000,-20000
041870,A50正2凱基96購01,0,0,0,0,0,0,0,0,0,-20000,0,0,0,0,20000,-20000,-20000
046185,正崴凱基93購02  ,0,0,0,0,0,0,0,0,0,-20000,0,0,0,0,20000,-20000,-20000
046242,大立光中信93購02,0,0,0,0,0,0,0,0,0,-20000,0,0,0,40000,60000,-20000,-20000
03641C,臺股指凱基95牛18,0,0,0,0,0,0,0,0,0,-20000,0,0,0,0,20000,-20000,-20000
03497P,金像電凱基02售06,0,0,0,0,0,0,0,0,0,-20000,0,0,0,75000,95000,-20000,-20000
045906,鴻海中信94購01  ,0,0,0,0,0,0,0,0,0,-20000,0,0,0,30000,50000,-20000,-20000
045870,元油2X元富96購02,0,0,0,0,0,0,0,0,0,-20000,0,0,0,0,20000,-20000,-20000
03949P,旺宏中信93售01  ,0,0,0,0,0,0,0,0,0,-20000,0,0,0,0,20000,-20000,-20000
04534P,臻鼎元富94售03  ,0,0,0,0,0,0,0,0,0,-20000,0,0,0,0,20000,-20000,-20000
045479,T50反1中信95購01,0,0,0,0,0,0,0,0,0,-20000,0,0,0,0,20000,-20000,-20000
045500,聯發科凱基93購04,0,0,0,0,0,0,0,0,0,-20000,0,0,0,17000,37000,-20000,-20000
04506P,旺宏元大94售06  ,0,0,0,0,0,0,0,0,0,-20000,0,0,0,0,20000,-20000,-20000
045015,玉晶光元大94購01,0,0,0,0,0,0,0,0,0,-20000,0,0,0,0,20000,-20000,-20000
046437,大立光群益93購05,0,0,0,0,0,0,0,0,0,-20000,0,0,0,0,20000,-20000,-20000
044217,華新科凱基93購03,0,0,0,0,0,0,0,0,0,-20000,0,0,0,0,20000,-20000,-20000
046491,滬深2X富邦95購02,0,0,0,0,0,0,0,0,0,-20000,0,0,0,1000,21000,-20000,-20000
04651P,臺股指凱基94售10,0,0,0,0,0,0,0,0,0,-20000,0,0,0,0,20000,-20000,-20000
046537,聯發科群益93購02,0,0,0,0,0,0,0,0,0,-20000,0,0,0,7000,27000,-20000,-20000
046624,彩晶凱基94購02  ,0,0,0,0,0,0,0,0,0,-20000,0,0,0,0,20000,-20000,-20000
046627,高鐵統一95購01  ,0,0,0,0,0,0,0,0,0,-20000,0,0,0,100000,120000,-20000,-20000
04452P,超眾國泰95售01  ,0,0,0,0,0,0,0,0,0,-20000,0,0,0,22000,42000,-20000,-20000
044507,燿華凱基93購03  ,0,0,0,0,0,0,0,0,0,-20000,0,0,0,0,20000,-20000,-20000
045760,鴻海統一93購02  ,0,0,0,0,0,0,0,0,0,-20000,0,0,0,30000,50000,-20000,-20000
048797,美律國泰95購02  ,0,0,0,0,0,0,0,0,0,-20000,0,0,0,0,20000,-20000,-20000
04831P,聯詠富邦96售01  ,0,0,0,0,0,0,0,0,0,-20000,0,0,0,30000,50000,-20000,-20000
048691,智伸科群益94購01,0,0,0,0,0,0,0,0,0,-20000,0,0,0,0,20000,-20000,-20000
048717,鴻海永豐94購02  ,0,0,0,0,0,0,0,0,0,-20000,0,0,0,1000,21000,-20000,-20000
04877P,聯發科麥證94售04,0,0,0,0,20000,-20000,0,0,0,-20000,0,0,0,0,20000,-20000,-20000
048757,美利達元富96購01,0,0,0,0,0,0,0,0,0,-20000,0,0,0,0,20000,-20000,-20000
048746,台達電元富94購01,0,0,0,0,0,0,0,0,0,-20000,0,0,0,0,20000,-20000,-20000
048051,大立光中信94購03,0,0,0,0,0,0,0,0,0,-20000,0,0,0,0,20000,-20000,-20000
047336,臺股指元大93購31,0,0,0,0,0,0,0,0,0,-20000,0,0,0,0,20000,-20000,-20000
04729P,臺股指中信96售01,0,0,0,0,0,0,0,0,0,-20000,0,0,0,0,20000,-20000,-20000
047250,日月光群益94購01,0,0,0,0,0,0,0,0,0,-20000,0,0,0,20000,40000,-20000,-20000
050699,京鼎凱基96購01  ,0,0,0,0,0,0,0,0,0,-20000,0,0,0,0,20000,-20000,-20000
050718,茂林群益94購04  ,0,0,0,0,0,0,0,0,0,-20000,0,0,0,0,20000,-20000,-20000
048130,美利達元大96購01,0,0,0,0,0,0,0,0,0,-20000,0,0,0,0,20000,-20000,-20000
047572,深中小群益95購01,0,0,0,0,0,0,0,0,0,-20000,0,0,0,95000,115000,-20000,-20000
050928,日月光凱基95購01,0,0,0,0,0,0,0,0,0,-20000,0,0,0,0,20000,-20000,-20000
051053,台光電群益95購01,0,0,0,0,0,0,0,0,0,-20000,0,0,0,66000,86000,-20000,-20000
048394,正崴國票94購01  ,0,0,0,0,0,0,0,0,0,-20000,0,0,0,0,20000,-20000,-20000
04835P,鴻海元大94售18  ,0,0,0,0,0,0,0,0,0,-20000,0,0,0,0,20000,-20000,-20000
048441,台積電凱基93購29,0,0,0,0,0,0,0,0,0,-20000,0,0,0,0,20000,-20000,-20000
048475,台郡永豐93購02  ,0,0,0,0,0,0,0,0,0,-20000,0,0,0,10000,30000,-20000,-20000
048598,瑞昱國票93購03  ,0,0,0,0,0,0,0,0,0,-20000,0,0,0,0,20000,-20000,-20000
046933,台泥元富93購01  ,0,0,0,0,0,0,0,0,0,-20000,0,0,0,50000,70000,-20000,-20000
048215,A50正2凱基95購01,0,0,0,0,0,0,0,0,0,-20000,0,0,0,0,20000,-20000,-20000
048974,日電貿元大94購01,0,0,0,0,0,0,0,0,0,-20000,0,0,0,66000,86000,-20000,-20000
047937,元金2X國票97購02,0,0,0,0,0,0,0,0,0,-20000,0,0,0,0,20000,-20000,-20000
049055,聯詠永豐94購01  ,0,0,0,0,0,0,0,0,0,-20000,0,0,0,0,20000,-20000,-20000
048926,燿華永豐95購01  ,0,0,0,0,0,0,0,0,0,-20000,0,0,0,0,20000,-20000,-20000
048876,牧德國票95購02  ,0,0,0,0,0,0,0,0,0,-20000,0,0,0,0,20000,-20000,-20000
047809,瑞昱凱基93購08  ,0,0,0,0,0,0,0,0,0,-20000,0,0,0,10000,30000,-20000,-20000
051289,大立光統一96購01,0,0,0,0,0,0,0,0,0,-20000,0,0,0,50000,70000,-20000,-20000
051285,鴻海統一95購07  ,0,0,0,0,0,0,0,0,0,-20000,0,0,0,0,20000,-20000,-20000
051315,同欣電麥證95購01,0,0,0,20000,40000,-20000,0,0,0,-20000,0,0,0,20000,40000,-20000,-20000
051223,台化群益95購01  ,0,0,0,0,0,0,0,0,0,-20000,0,0,0,0,20000,-20000,-20000
051699,世紀鋼麥證95購01,0,0,0,0,20000,-20000,0,0,0,-20000,0,0,0,0,20000,-20000,-20000
050509,元油2X元大94購09,0,0,0,0,0,0,0,0,0,-20000,0,0,0,0,20000,-20000,-20000
050497,臺指反凱基96購02,0,0,0,0,0,0,0,0,0,-20000,0,0,0,0,20000,-20000,-20000
050468,矽格中信94購01  ,0,0,0,0,0,0,0,0,0,-20000,0,0,0,0,20000,-20000,-20000
049593,群創元大9A購01  ,0,0,0,0,0,0,0,0,0,-20000,0,0,0,168000,188000,-20000,-20000
050411,聯發科永豐94購05,0,0,0,0,0,0,0,0,0,-20000,0,0,0,0,20000,-20000,-20000
050550,大立光凱基95購04,0,0,0,0,0,0,0,0,0,-20000,0,0,0,0,20000,-20000,-20000
05039P,鴻海凱基95售10  ,0,0,0,0,0,0,0,0,0,-20000,0,0,0,20000,40000,-20000,-20000
050405,新光金麥證94購01,0,0,0,0,20000,-20000,0,0,0,-20000,0,0,0,0,20000,-20000,-20000
051617,台積電凱基95購14,0,0,0,0,0,0,0,0,0,-20000,0,0,0,0,20000,-20000,-20000
05160P,國巨國票96售03  ,0,0,0,0,0,0,0,0,0,-20000,0,0,0,0,20000,-20000,-20000
051656,嘉聯益元富95購02,0,0,0,0,0,0,0,0,0,-20000,0,0,0,0,20000,-20000,-20000
05181P,健策凱基95售01  ,0,0,0,0,0,0,0,0,0,-20000,0,0,0,0,20000,-20000,-20000
05153P,台表科群益96售01,0,0,0,0,0,0,0,0,0,-20000,0,0,0,0,20000,-20000,-20000
051515,聯發科凱基95購10,0,0,0,0,0,0,0,0,0,-20000,0,0,0,0,20000,-20000,-20000
049691,可成元大94購06  ,0,0,0,0,0,0,0,0,0,-20000,0,0,0,152000,172000,-20000,-20000
04932P,香港2X中信96售01,0,0,0,0,0,0,0,0,0,-20000,0,0,0,40000,60000,-20000,-20000
049285,宏碁兆豐94購01  ,0,0,0,0,0,0,0,0,0,-20000,0,0,0,0,20000,-20000,-20000
049279,元油2X國票94購02,0,0,0,0,0,0,0,0,0,-20000,0,0,0,0,20000,-20000,-20000
049269,超眾元大96購02  ,0,0,0,0,0,0,0,0,0,-20000,0,0,0,0,20000,-20000,-20000
049229,台化富邦94購01  ,0,0,0,0,0,0,0,0,0,-20000,0,0,0,0,20000,-20000,-20000
051876,宏達電國票96購01,0,0,0,0,0,0,0,0,0,-20000,0,0,0,10000,30000,-20000,-20000
051868,貿聯凱基96購01  ,0,0,0,0,0,0,0,0,0,-20000,0,0,0,0,20000,-20000,-20000
052633,國巨凱基96購05  ,0,0,0,0,0,0,0,0,0,-20000,0,0,0,69000,89000,-20000,-20000
052603,鴻海元大96購15  ,0,0,0,0,0,0,0,0,0,-20000,0,0,0,0,20000,-20000,-20000
052548,旺宏亞東96購01  ,0,0,0,0,0,0,0,0,0,-20000,0,0,0,0,20000,-20000,-20000
052727,仁寶元富96購01  ,0,0,0,0,0,0,0,0,0,-20000,0,0,0,0,20000,-20000,-20000
052781,瀚宇博國票97購03,0,0,0,0,0,0,0,0,0,-20000,0,0,0,10000,30000,-20000,-20000
052199,鴻海統一95購11  ,0,0,0,0,0,0,0,0,0,-20000,0,0,0,0,20000,-20000,-20000
052210,華夏元大95購01  ,0,0,0,0,0,0,0,0,0,-20000,0,0,0,0,20000,-20000,-20000
052227,瑞昱凱基95購05  ,0,0,0,0,0,0,0,0,0,-20000,0,0,0,89000,109000,-20000,-20000
052364,全新國票95購02  ,0,0,0,0,0,0,0,0,0,-20000,0,0,0,40000,60000,-20000,-20000
052504,鴻海日盛95購03  ,0,0,0,0,0,0,0,0,0,-20000,0,0,0,0,20000,-20000,-20000
05016P,臺股指元大95售07,0,0,0,0,0,0,0,0,0,-20000,0,0,0,0,20000,-20000,-20000
050184,信邦元大94購01  ,0,0,0,0,0,0,0,0,0,-20000,0,0,0,0,20000,-20000,-20000
05031P,台光電元富95售01,0,0,0,0,0,0,0,0,0,-20000,0,0,0,0,20000,-20000,-20000
050329,超眾永豐94購03  ,0,0,0,0,0,0,0,0,0,-20000,0,0,0,0,20000,-20000,-20000
052098,臺股指富邦95購01,0,0,0,0,0,0,0,0,0,-20000,0,0,0,0,20000,-20000,-20000
052044,華通凱基97購01  ,0,0,0,0,0,0,0,0,0,-20000,0,0,0,0,20000,-20000,-20000
052033,臺股指群益95購06,0,0,0,0,0,0,0,0,0,-20000,0,0,0,5000,25000,-20000,-20000
052026,漢唐群益95購01  ,0,0,0,0,0,0,0,0,0,-20000,0,0,0,22000,42000,-20000,-20000
051940,康舒群益95購01  ,0,0,0,0,0,0,0,0,0,-20000,0,0,0,40000,60000,-20000,-20000
049888,智邦國泰96購01  ,0,0,0,0,0,0,0,0,0,-20000,0,0,0,74000,94000,-20000,-20000
050531,訊芯元大95購02  ,0,0,0,0,0,0,0,0,0,-20000,0,0,0,0,20000,-20000,-20000
050005,京鼎永豐94購01  ,0,0,0,0,0,0,0,0,0,-20000,0,0,0,0,20000,-20000,-20000
049929,祥碩元大94購03  ,0,0,0,0,0,0,0,0,0,-20000,0,0,0,0,20000,-20000,-20000
053927,牧德國票97購01  ,0,0,0,0,0,0,0,0,0,-20000,0,0,0,0,20000,-20000,-20000
053944,亞泥富邦97購01  ,0,0,0,0,0,0,0,0,0,-20000,0,0,0,0,20000,-20000,-20000
054165,亞光凱基96購02  ,0,0,0,0,0,0,0,0,0,-20000,0,0,0,0,20000,-20000,-20000
054096,佳世達國票97購01,0,0,0,0,0,0,0,0,0,-20000,0,0,0,10000,30000,-20000,-20000
054083,智伸科元富96購01,0,0,0,0,0,0,0,0,0,-20000,0,0,0,0,20000,-20000,-20000
053733,華邦電中信98購01,0,0,0,0,0,0,0,0,0,-20000,0,0,0,0,20000,-20000,-20000
053503,臻鼎兆豐97購01  ,0,0,0,0,0,0,0,0,0,-20000,0,0,0,5000,25000,-20000,-20000
053545,上銀凱基96購03  ,0,0,0,0,0,0,0,0,0,-20000,0,0,0,7000,27000,-20000,-20000
053662,矽力凱基97購01  ,0,0,0,0,0,0,0,0,0,-20000,0,0,0,5000,25000,-20000,-20000
053094,聯電統一97購02  ,0,0,0,0,0,0,0,0,0,-20000,0,0,0,20000,40000,-20000,-20000
052994,群創台新99購01  ,0,0,0,0,0,0,0,0,0,-20000,0,0,0,0,20000,-20000,-20000
053008,達方永豐96購01  ,0,0,0,0,0,0,0,0,0,-20000,0,0,0,0,20000,-20000,-20000
052889,致伸麥證97購01  ,0,0,0,0,20000,-20000,0,0,0,-20000,0,0,0,0,20000,-20000,-20000
052978,貿聯麥證97購01  ,0,0,0,0,20000,-20000,0,0,0,-20000,0,0,0,0,20000,-20000,-20000
052908,大成鋼統一96購01,0,0,0,0,0,0,0,0,0,-20000,0,0,0,0,20000,-20000,-20000
053418,旺宏永豐96購02  ,0,0,0,0,0,0,0,0,0,-20000,0,0,0,300000,320000,-20000,-20000
053373,台泥元大96購01  ,0,0,0,0,0,0,0,0,0,-20000,0,0,0,161000,181000,-20000,-20000
054867,華航群益99購01  ,0,0,0,0,0,0,0,0,0,-20000,0,0,0,0,20000,-20000,-20000
054916,聯發科凱基98購04,0,0,0,0,0,0,0,0,0,-20000,0,0,0,0,20000,-20000,-20000
054905,國揚康和97購01  ,0,0,0,0,0,0,0,0,0,-20000,0,0,0,30000,50000,-20000,-20000
054951,大毅元大97購01  ,0,0,0,0,0,0,0,0,0,-20000,0,0,0,25000,45000,-20000,-20000
055081,健鼎中信97購01  ,0,0,0,0,0,0,0,0,0,-20000,0,0,0,90000,110000,-20000,-20000
055004,群創元富99購06  ,0,0,0,0,0,0,0,0,0,-20000,0,0,0,0,20000,-20000,-20000
055364,矽創凱基97購03  ,0,0,0,0,0,0,0,0,0,-20000,0,0,0,0,20000,-20000,-20000
055323,貿聯國票98購01  ,0,0,0,0,0,0,0,0,0,-20000,0,0,0,5000,25000,-20000,-20000
05522P,友達元富96售02  ,0,0,0,0,0,0,0,0,0,-20000,0,0,0,40000,60000,-20000,-20000
05526P,茂林群益96售03  ,0,0,0,0,0,0,0,0,0,-20000,0,0,0,0,20000,-20000,-20000
054468,台郡凱基98購01  ,0,0,0,0,0,0,0,0,0,-20000,0,0,0,0,20000,-20000,-20000
054474,鴻海中信96購03  ,0,0,0,0,0,0,0,0,0,-20000,0,0,0,0,20000,-20000,-20000
054476,聯發科中信96購03,0,0,0,0,0,0,0,0,0,-20000,0,0,0,0,20000,-20000,-20000
054187,亞光永豐96購03  ,0,0,0,0,0,0,0,0,0,-20000,0,0,0,0,20000,-20000,-20000
054270,寶滬深中信98購01,0,0,0,0,0,0,0,0,0,-20000,0,0,0,10000,30000,-20000,-20000
054275,華通群益97購03  ,0,0,0,0,0,0,0,0,0,-20000,0,0,0,5000,25000,-20000,-20000
054262,瀚宇博元大96購03,0,0,0,0,0,0,0,0,0,-20000,0,0,0,9000,29000,-20000,-20000
054253,宏達電元大97購03,0,0,0,0,0,0,0,0,0,-20000,0,0,0,92000,112000,-20000,-20000
054251,聯發科元大96購21,0,0,0,0,0,0,0,0,0,-20000,0,0,0,10000,30000,-20000,-20000
054834,帆宣中信97購01  ,0,0,0,0,0,0,0,0,0,-20000,0,0,0,0,20000,-20000,-20000
054566,貿聯群益97購02  ,0,0,0,0,0,0,0,0,0,-20000,0,0,0,0,20000,-20000,-20000
054517,高鐵元大96購01  ,0,0,0,0,0,0,0,0,0,-20000,0,0,0,24000,44000,-20000,-20000
2538,基泰            ,81000,101000,-20000,0,0,0,0,0,0,0,0,0,0,0,0,0,-20000
4551,智伸科          ,98000,98000,0,0,0,0,0,0,0,-20000,14000,35000,-21000,6000,5000,1000,-20000
4916,事欣科          ,13000,34000,-21000,0,0,0,0,0,0,1000,1000,0,1000,0,0,0,-20000
1802,台玻            ,115000,135000,-20000,0,0,0,0,0,0,0,0,0,0,0,0,0,-20000
1712,興農            ,138000,189000,-51000,0,0,0,0,1000,-1000,32000,32000,0,32000,0,0,0,-20000
2233,宇隆            ,14000,34000,-20000,0,0,0,0,0,0,0,0,0,0,0,0,0,-20000
06878P,台灣50日盛9B售01,0,0,0,0,0,0,0,0,0,-20000,0,0,0,0,20000,-20000,-20000
1457,宜進            ,3000,23000,-20000,0,0,0,0,0,0,0,0,0,0,0,0,0,-20000
06566P,華通永豐98售03  ,0,0,0,0,0,0,0,0,0,-20000,0,0,0,20000,40000,-20000,-20000
06524P,臺股指麥證98售02,0,0,0,0,20000,-20000,0,0,0,-20000,0,0,0,0,20000,-20000,-20000
06812P,台灣50元富9C售01,0,0,0,0,0,0,0,0,0,-20000,0,0,0,4000,24000,-20000,-20000
06817P,臺股指元富98售06,0,0,0,0,0,0,0,0,0,-20000,0,0,0,0,20000,-20000,-20000
06789P,鴻海凱基98售12  ,0,0,0,0,0,0,0,0,0,-20000,0,0,0,0,20000,-20000,-20000
06754P,台積電永豐98售03,0,0,0,0,0,0,0,0,0,-20000,0,0,0,12000,32000,-20000,-20000
06667P,鴻海凱基98售11  ,0,0,0,0,0,0,0,0,0,-20000,0,0,0,0,20000,-20000,-20000
06181P,國巨中信97售02  ,0,0,0,0,0,0,0,0,0,-20000,0,0,0,210000,230000,-20000,-20000
06206P,台積電凱基97售11,0,0,0,0,0,0,0,0,0,-20000,0,0,0,211000,231000,-20000,-20000
06307P,聚陽元富97售02  ,0,0,0,0,0,0,0,0,0,-20000,0,0,0,120000,140000,-20000,-20000
06435P,臺股指群益98售02,0,0,0,0,0,0,0,0,0,-20000,0,0,0,0,20000,-20000,-20000
05970P,超眾永豐96售03  ,0,0,0,0,0,0,0,0,0,-20000,0,0,0,0,20000,-20000,-20000
057989,旺宏統一99購04  ,0,0,0,0,0,0,0,0,0,-20000,0,0,0,0,20000,-20000,-20000
056563,華新科群益98購04,0,0,0,0,0,0,0,0,0,-21000,0,0,0,40000,61000,-21000,-21000
056358,友訊元大99購01  ,0,0,0,0,0,0,0,0,0,-21000,0,0,0,0,21000,-21000,-21000
055684,京鼎凱基97購01  ,0,0,0,0,0,0,0,0,0,-21000,0,0,0,0,21000,-21000,-21000
055726,台表科元大98購03,0,0,0,0,0,0,0,0,0,-21000,0,0,0,0,21000,-21000,-21000
055464,聚陽凱基97購01  ,0,0,0,0,0,0,0,0,0,-21000,0,0,0,10000,31000,-21000,-21000
056014,上銀群益97購02  ,0,0,0,0,0,0,0,0,0,-21000,0,0,0,0,21000,-21000,-21000
056911,緯穎元大99購01  ,0,0,0,0,0,0,0,0,0,-21000,0,0,0,0,21000,-21000,-21000
056771,嘉晶元大99購01  ,0,0,0,0,0,0,0,0,0,-21000,0,0,0,192000,213000,-21000,-21000
05722P,玉晶光國票97售03,0,0,0,0,0,0,0,0,0,-21000,0,0,0,192000,213000,-21000,-21000
057322,旺宏群益98購04  ,0,0,0,0,0,0,0,0,0,-21000,0,0,0,0,21000,-21000,-21000
057323,智邦群益98購01  ,0,0,0,0,0,0,0,0,0,-21000,0,0,0,20000,41000,-21000,-21000
057287,彩晶元大9C購03  ,0,0,0,0,0,0,0,0,0,-21000,0,0,0,0,21000,-21000,-21000
050812,台積電凱基95購01,0,0,0,0,0,0,0,0,0,-21000,0,0,0,50000,71000,-21000,-21000
046831,大立光群益94購01,0,0,0,0,0,0,0,0,0,-21000,0,0,0,0,21000,-21000,-21000
049014,台達電群益94購02,0,0,0,0,0,0,0,0,0,-21000,0,0,0,0,21000,-21000,-21000
04826P,華新科麥證95售01,0,0,0,50000,71000,-21000,0,0,0,-21000,0,0,0,50000,71000,-21000,-21000
049845,台積電麥證94購01,0,0,0,0,21000,-21000,0,0,0,-21000,0,0,0,0,21000,-21000,-21000
052443,台積電元大95購23,0,0,0,0,0,0,0,0,0,-21000,0,0,0,255000,276000,-21000,-21000
052239,泰鼎國票97購01  ,0,0,0,0,0,0,0,0,0,-21000,0,0,0,65000,86000,-21000,-21000
052778,智原國票97購01  ,0,0,0,0,0,0,0,0,0,-21000,0,0,0,19000,40000,-21000,-21000
049298,矽格群益95購01  ,0,0,0,0,0,0,0,0,0,-21000,0,0,0,119000,140000,-21000,-21000
051503,玉晶光統一97購01,0,0,0,0,0,0,0,0,0,-21000,0,0,0,0,21000,-21000,-21000
051834,南電元大96購02  ,0,0,0,0,0,0,0,0,0,-21000,0,0,0,60000,81000,-21000,-21000
051610,GIS群益95購02   ,0,0,0,0,0,0,0,0,0,-21000,0,0,0,0,21000,-21000,-21000
050612,台積電元大95購06,0,0,0,0,0,0,0,0,0,-21000,0,0,0,0,21000,-21000,-21000
051267,美律富邦96購01  ,0,0,0,0,0,0,0,0,0,-21000,0,0,0,0,21000,-21000,-21000
05169P,玉晶光元大95售03,0,0,0,0,0,0,0,0,0,-21000,0,0,0,19000,40000,-21000,-21000
051277,聯發科中信9A購01,0,20000,-20000,0,0,0,0,0,0,-1000,0,0,0,576000,577000,-1000,-21000
054789,高鐵群益98購01  ,0,0,0,0,0,0,0,0,0,-21000,0,0,0,1000,22000,-21000,-21000
054710,東元元富97購01  ,0,0,0,0,0,0,0,0,0,-21000,0,0,0,28000,49000,-21000,-21000
055269,和大元大97購02  ,0,0,0,0,0,0,0,0,0,-21000,0,0,0,0,21000,-21000,-21000
055341,台達電凱基97購02,0,0,0,0,0,0,0,0,0,-21000,0,0,0,0,21000,-21000,-21000
055401,亞光元富9A購01  ,0,0,0,0,0,0,0,0,0,-21000,0,0,0,132000,153000,-21000,-21000
055093,京鼎群益98購01  ,0,0,0,0,0,0,0,0,0,-21000,0,0,0,0,21000,-21000,-21000
053374,台達電元大96購03,0,0,0,0,0,0,0,0,0,-21000,0,0,0,0,21000,-21000,-21000
053975,大立光元大98購04,0,0,0,0,0,0,0,0,0,-21000,0,0,0,0,21000,-21000,-21000
057886,聯詠群益98購01  ,0,0,0,0,0,0,0,0,0,-21000,0,0,0,5000,26000,-21000,-21000
05995P,T50正2中信9C售01,0,0,0,0,0,0,0,0,0,-21000,0,0,0,9000,30000,-21000,-21000
06043P,創意永豐96售06  ,0,0,0,0,0,0,0,0,0,-21000,0,0,0,80000,101000,-21000,-21000
06744P,嘉聯益永豐98售03,0,0,0,0,0,0,0,0,0,-21000,0,0,0,30000,51000,-21000,-21000
06568P,國巨永豐98售05  ,0,0,0,0,0,0,0,0,0,-21000,0,0,0,19000,40000,-21000,-21000
06576P,台光電群益98售03,0,0,0,0,0,0,0,0,0,-21000,0,0,0,0,21000,-21000,-21000
1806,冠軍            ,5000,26000,-21000,0,0,0,0,0,0,0,0,0,0,0,0,0,-21000
3437,榮創            ,51000,72000,-21000,0,0,0,0,0,0,0,0,0,0,0,0,0,-21000
8114,振樺電          ,3000,24000,-21000,0,0,0,0,0,0,0,0,0,0,0,0,0,-21000
2399,映泰            ,79000,100000,-21000,0,0,0,0,0,0,0,0,0,0,0,0,0,-21000
2420,新巨            ,32000,53000,-21000,0,0,0,0,0,0,0,0,0,0,0,0,0,-21000
5525,順天            ,3000,24228,-21228,0,0,0,0,0,0,0,1000,1000,0,0,0,0,-21228
057339,群創國票99購02  ,0,0,0,0,0,0,0,0,0,-22000,0,0,0,0,22000,-22000,-22000
057321,台泥群益98購01  ,0,0,0,0,0,0,0,0,0,-22000,0,0,0,42000,64000,-22000,-22000
057695,S&P反1群益9B購01,0,0,0,0,0,0,0,0,0,-22000,0,0,0,0,22000,-22000,-22000
057243,樺漢凱基99購01  ,0,0,0,0,0,0,0,0,0,-22000,0,0,0,0,22000,-22000,-22000
056904,大立光元大99購05,0,0,0,0,0,0,0,0,0,-22000,0,0,0,0,22000,-22000,-22000
056833,和大元富9B購01  ,0,0,0,0,0,0,0,0,0,-22000,0,0,0,136000,158000,-22000,-22000
055991,鈺齊元富97購01  ,0,0,0,0,0,0,0,0,0,-22000,0,0,0,0,22000,-22000,-22000
055754,和大兆豐97購01  ,0,0,0,0,0,0,0,0,0,-22000,0,0,0,97000,119000,-22000,-22000
055469,台光電凱基97購01,0,0,0,0,0,0,0,0,0,-22000,0,0,0,0,22000,-22000,-22000
056272,嘉澤統一99購01  ,0,0,0,0,0,0,0,0,0,-22000,0,0,0,56000,78000,-22000,-22000
056160,智易凱基97購03  ,0,0,0,0,0,0,0,0,0,-22000,0,0,0,9000,31000,-22000,-22000
056555,矽創凱基98購01  ,0,0,0,0,0,0,0,0,0,-22000,0,0,0,0,22000,-22000,-22000
056438,旺宏凱基98購05  ,0,0,0,0,0,0,0,0,0,-22000,0,0,0,0,22000,-22000,-22000
047670,矽力永豐93購01  ,0,0,0,0,0,0,0,0,0,-22000,0,0,0,10000,32000,-22000,-22000
044763,瀚宇博凱基93購01,0,0,0,0,0,0,0,0,0,-22000,0,0,0,0,22000,-22000,-22000
04290P,滬深2X富邦96售03,0,0,0,0,0,0,0,0,0,-22000,0,0,0,8000,30000,-22000,-22000
04278P,大立光凱基93售38,0,0,0,0,0,0,0,0,0,-22000,0,0,0,0,22000,-22000,-22000
048010,嘉聯益富邦97購01,0,0,0,0,0,0,0,0,0,-22000,0,0,0,70000,92000,-22000,-22000
050836,緯穎凱基95購01  ,0,0,0,0,0,0,0,0,0,-22000,0,0,0,40000,62000,-22000,-22000
05110P,上銀統一95售01  ,0,0,0,0,0,0,0,0,0,-22000,0,0,0,216000,238000,-22000,-22000
048894,光罩國泰94購01  ,0,0,0,0,0,0,0,0,0,-22000,0,0,0,30000,52000,-22000,-22000
049155,同欣電元大94購01,0,0,0,0,0,0,0,0,0,-22000,0,0,0,1000,23000,-22000,-22000
051334,宏達電永豐95購01,0,0,0,0,0,0,0,0,0,-22000,0,0,0,2000,24000,-22000,-22000
051665,台積電元大96購07,0,0,0,0,0,0,0,0,0,-22000,0,0,0,86000,108000,-22000,-22000
051753,華通元大96購03  ,0,0,0,0,0,0,0,0,0,-22000,0,0,0,0,22000,-22000,-22000
051873,緯穎凱基95購02  ,0,0,0,0,0,0,0,0,0,-22000,0,0,0,45000,67000,-22000,-22000
052660,京元電國票97購01,0,0,0,0,0,0,0,0,0,-22000,0,0,0,20000,42000,-22000,-22000
052698,深中小國票99購01,0,0,0,0,0,0,0,0,0,-22000,0,0,0,0,22000,-22000,-22000
052307,潤泰全國泰96購01,0,0,0,0,0,0,0,0,0,-22000,0,0,0,10000,32000,-22000,-22000
052322,力成元大96購01  ,0,0,0,0,0,0,0,0,0,-22000,0,0,0,85000,107000,-22000,-22000
052387,台積電群益95購08,0,0,0,0,0,0,0,0,0,-22000,0,0,0,457000,479000,-22000,-22000
050061,聯發科凱基94購07,0,0,0,0,0,0,0,0,0,-22000,0,0,0,10000,32000,-22000,-22000
054126,和大元大96購02  ,0,0,0,0,0,0,0,0,0,-22000,0,0,0,0,22000,-22000,-22000
05405P,大立光群益95售04,0,0,0,0,0,0,0,0,0,-22000,0,0,0,10000,32000,-22000,-22000
05333P,臺股指國票95售02,0,0,0,0,0,0,0,0,0,-22000,0,0,0,0,22000,-22000,-22000
053431,志超永豐96購01  ,0,0,0,0,0,0,0,0,0,-22000,0,0,0,0,22000,-22000,-22000
055092,開發金群益9B購01,0,0,0,0,0,0,0,0,0,-22000,0,0,0,0,22000,-22000,-22000
055150,台積電元大98購04,0,0,0,0,0,0,0,0,0,-22000,0,0,0,111000,133000,-22000,-22000
054873,帆宣群益99購01  ,0,0,0,0,0,0,0,0,0,-22000,0,0,0,0,22000,-22000,-22000
05539P,鎧勝永豐96售01  ,0,0,0,0,0,0,0,0,0,-22000,0,0,0,0,22000,-22000,-22000
055393,華新科統一97購03,0,0,0,0,0,0,0,0,0,-22000,0,0,0,17000,39000,-22000,-22000
054751,GIS凱基98購01   ,0,0,0,0,0,0,0,0,0,-22000,0,0,0,0,22000,-22000,-22000
054784,順德群益9A購01  ,0,0,0,0,0,0,0,0,0,-22000,0,0,0,0,22000,-22000,-22000
054259,健策元大97購03  ,0,0,0,0,0,0,0,0,0,-22000,0,0,0,137000,159000,-22000,-22000
054456,華泰群益99購01  ,0,0,0,0,0,0,0,0,0,-22000,0,0,0,0,22000,-22000,-22000
8462,柏文            ,35000,27000,8000,0,0,0,0,30000,-30000,0,0,0,0,0,0,0,-22000
1608,華榮            ,62000,84000,-22000,0,0,0,0,0,0,0,0,0,0,0,0,0,-22000
1701,中化            ,99000,127000,-28000,0,0,0,0,0,0,6000,6000,0,6000,0,0,0,-22000
06064P,台積電台新98售01,0,0,0,0,0,0,0,0,0,-22000,0,0,0,0,22000,-22000,-22000
057934,華新科群益98購07,0,0,0,0,0,0,0,0,0,-22000,0,0,0,25000,47000,-22000,-22000
05886P,華通元富96售01  ,0,0,0,0,0,0,0,0,0,-22000,0,0,0,34000,56000,-22000,-22000
06399P,台表科凱基97售05,0,0,0,0,0,0,0,0,0,-22000,0,0,0,0,22000,-22000,-22000
06093P,華通元富97售03  ,0,0,0,0,0,0,0,0,0,-22000,0,0,0,10000,32000,-22000,-22000
056410,康控國票99購01  ,0,0,0,0,0,0,0,0,0,-23000,0,0,0,6000,29000,-23000,-23000
057117,開發金日盛9B購01,0,0,0,0,0,0,0,0,0,-23000,0,0,0,70000,93000,-23000,-23000
057757,鴻海凱基98購13  ,0,0,0,0,0,0,0,0,0,-23000,0,0,0,51000,74000,-23000,-23000
049149,華新科元大95購03,0,0,0,0,0,0,0,0,0,-23000,0,0,0,19000,42000,-23000,-23000
048633,台達電元大94購02,0,0,0,0,0,0,0,0,0,-23000,0,0,0,0,23000,-23000,-23000
050950,健鼎群益96購01  ,0,0,0,0,0,0,0,0,0,-23000,0,0,0,51000,74000,-23000,-23000
050951,緯創群益96購01  ,0,0,0,0,0,0,0,0,0,-23000,0,0,0,0,23000,-23000,-23000
046717,世紀鋼國泰94購01,0,0,0,0,0,0,0,0,0,-23000,0,0,0,5000,28000,-23000,-23000
03960P,新日興元富96售02,0,0,0,0,0,0,0,0,0,-23000,0,0,0,10000,33000,-23000,-23000
047669,台表科永豐93購02,0,0,0,0,0,0,0,0,0,-23000,0,0,0,0,23000,-23000,-23000
051939,同欣電群益97購01,0,0,0,0,0,0,0,0,0,-23000,0,0,0,10000,33000,-23000,-23000
050327,泰鼎永豐94購03  ,0,0,0,0,0,0,0,0,0,-23000,0,0,0,10000,33000,-23000,-23000
050309,亞泥兆豐94購01  ,0,0,0,0,0,0,0,0,0,-23000,0,0,0,87000,110000,-23000,-23000
050233,香港2X凱基96購01,0,0,0,0,0,0,0,0,0,-23000,0,0,0,0,23000,-23000,-23000
052517,滬深2X元大95購05,0,0,0,0,0,0,0,0,0,-23000,0,0,0,0,23000,-23000,-23000
05123P,鴻海永昌96售07  ,0,0,0,0,0,0,0,0,0,-23000,0,0,0,259000,282000,-23000,-23000
054304,台積電凱基96購23,0,0,0,0,0,0,0,0,0,-23000,0,0,0,45000,68000,-23000,-23000
054528,台光電統一96購02,0,0,0,0,0,0,0,0,0,-23000,0,0,0,61000,84000,-23000,-23000
055091,微星群益97購01  ,0,0,0,0,0,0,0,0,0,-23000,0,0,0,0,23000,-23000,-23000
053233,大立光永豐96購01,0,0,0,0,0,0,0,0,0,-23000,0,0,0,15000,38000,-23000,-23000
05795P,華邦電群益96售05,0,0,0,0,0,0,0,0,0,-23000,0,0,0,1000,24000,-23000,-23000
06454P,緯穎元大98售04  ,0,0,0,0,0,0,0,0,0,-23000,0,0,0,10000,33000,-23000,-23000
06658P,台灣50富邦9C售01,0,0,0,0,0,0,0,0,0,-23000,0,0,0,0,23000,-23000,-23000
2476,鉅祥            ,6000,29000,-23000,0,0,0,0,0,0,0,0,0,0,0,0,0,-23000
6674,鋐寶科技        ,2000,0,2000,0,0,0,0,0,0,-25701,0,25701,-25701,0,0,0,-23701
057679,臺股指元大98購09,0,0,0,0,0,0,0,0,0,-24000,0,0,0,0,24000,-24000,-24000
057094,祥碩元富98購01  ,0,0,0,0,0,0,0,0,0,-24000,0,0,0,0,24000,-24000,-24000
057147,新日興國票99購01,0,0,0,0,0,0,0,0,0,-24000,0,0,0,30000,54000,-24000,-24000
056753,群創兆豐98購02  ,0,0,0,0,0,0,0,0,0,-24000,0,0,0,36000,60000,-24000,-24000
056660,臺股指元大9A購07,0,0,0,0,0,0,0,0,0,-24000,0,0,0,50000,74000,-24000,-24000
056558,台達電群益98購01,0,0,0,0,0,0,0,0,0,-24000,0,0,0,10000,34000,-24000,-24000
056231,嘉聯益凱基97購02,0,0,0,0,0,0,0,0,0,-24000,0,0,0,16000,40000,-24000,-24000
055460,華擎永豐97購01  ,0,0,0,0,0,0,0,0,0,-24000,0,0,0,58000,82000,-24000,-24000
055724,祥碩元大97購03  ,0,0,0,0,0,0,0,0,0,-24000,0,0,0,0,24000,-24000,-24000
056050,晶技國票98購01  ,0,0,0,0,0,0,0,0,0,-24000,0,0,0,46000,70000,-24000,-24000
056047,台積電兆豐97購02,0,0,0,0,0,0,0,0,0,-24000,0,0,0,100000,124000,-24000,-24000
046476,鴻海統一96購01  ,0,0,0,0,0,0,0,0,0,-24000,0,0,0,302000,326000,-24000,-24000
044134,訊芯凱基93購01  ,0,0,0,0,0,0,0,0,0,-24000,0,0,0,0,24000,-24000,-24000
03635C,滬深2X元富99牛01,0,0,0,0,0,0,0,0,0,-24000,0,0,0,50000,74000,-24000,-24000
050937,可成國票96購02  ,0,0,0,0,0,0,0,0,0,-24000,0,0,0,86000,110000,-24000,-24000
051104,鈺齊元大96購01  ,0,0,0,0,0,0,0,0,0,-24000,0,0,0,207000,231000,-24000,-24000
04850P,全新永豐94售03  ,0,0,0,0,0,0,0,0,0,-24000,0,0,0,30000,54000,-24000,-24000
046877,燿華國泰94購01  ,0,0,0,0,0,0,0,0,0,-24000,0,0,0,15000,39000,-24000,-24000
048577,GIS國泰94購01   ,0,0,0,0,0,0,0,0,0,-24000,0,0,0,80000,104000,-24000,-24000
048897,日電貿國泰95購01,0,0,0,0,0,0,0,0,0,-24000,0,0,0,21000,45000,-24000,-24000
048977,晶相光元大94購01,0,0,0,0,0,0,0,0,0,-24000,0,0,0,0,24000,-24000,-24000
050552,禾伸堂凱基94購05,0,0,0,0,0,0,0,0,0,-24000,0,0,0,97000,121000,-24000,-24000
051593,和碩元大95購01  ,0,0,0,0,0,0,0,0,0,-24000,0,0,0,83000,107000,-24000,-24000
051505,台積電元富95購05,0,0,0,0,0,0,0,0,0,-24000,0,0,0,75000,99000,-24000,-24000
053152,大立光元大99購01,0,0,0,0,0,0,0,0,0,-24000,0,0,0,130000,154000,-24000,-24000
054154,智易國泰97購01  ,0,0,0,0,0,0,0,0,0,-24000,0,0,0,0,24000,-24000,-24000
05376P,聯發科日盛95售04,0,0,0,0,0,0,0,0,0,-24000,0,0,0,22000,46000,-24000,-24000
054841,亞德客兆豐97購01,0,0,0,0,0,0,0,0,0,-24000,0,0,0,0,24000,-24000,-24000
3591,艾笛森          ,5000,37000,-32000,0,0,0,0,0,0,8000,9000,1000,8000,0,0,0,-24000
3607,谷崧            ,4000,28000,-24000,0,0,0,0,0,0,0,0,0,0,0,0,0,-24000
3059,華晶科          ,44000,68000,-24000,0,0,0,0,0,0,0,0,0,0,0,0,0,-24000
06851P,鈺齊元大98售01  ,0,0,0,0,0,0,0,0,0,-24000,0,0,0,160000,184000,-24000,-24000
1460,宏遠            ,11000,34000,-23000,0,0,0,0,0,0,-1000,0,1000,-1000,0,0,0,-24000
05798P,臺股指群益96售12,0,0,0,0,0,0,0,0,0,-24000,0,0,0,6000,30000,-24000,-24000
06147P,國巨元大97售05  ,0,0,0,0,0,0,0,0,0,-24000,0,0,0,0,24000,-24000,-24000
06247P,同欣電元富97售02,0,0,0,0,0,0,0,0,0,-24000,0,0,0,64000,88000,-24000,-24000
055800,欣興永豐97購02  ,0,0,0,0,0,0,0,0,0,-25000,0,0,0,72000,97000,-25000,-25000
055869,臺股指元大97購08,0,0,0,0,0,0,0,0,0,-25000,0,0,0,0,25000,-25000,-25000
055861,矽力元大97購03  ,0,0,0,0,0,0,0,0,0,-25000,0,0,0,0,25000,-25000,-25000
055671,世紀鋼群益97購01,0,0,0,0,0,0,0,0,0,-25000,0,0,0,0,25000,-25000,-25000
055708,茂林永豐97購02  ,0,0,0,0,0,0,0,0,0,-25000,0,0,0,0,25000,-25000,-25000
05556P,全新國票96售04  ,0,0,0,0,0,0,0,0,0,-25000,0,0,0,10000,35000,-25000,-25000
055565,祥碩凱基97購01  ,0,0,0,0,0,0,0,0,0,-25000,0,0,0,0,25000,-25000,-25000
056199,美律永豐97購01  ,0,0,0,0,0,0,0,0,0,-25000,0,0,0,0,25000,-25000,-25000
05665P,台積電凱基96售08,0,0,0,0,0,0,0,0,0,-25000,0,0,0,1000,26000,-25000,-25000
05676P,欣興群益96售04  ,0,0,0,0,0,0,0,0,0,-25000,0,0,0,0,25000,-25000,-25000
057844,新日興永豐99購01,0,0,0,0,0,0,0,0,0,-25000,0,0,0,0,25000,-25000,-25000
057313,聯發科麥證99購01,0,0,0,10000,35000,-25000,0,0,0,-25000,0,0,0,10000,35000,-25000,-25000
057400,全新群益9A購01  ,0,0,0,0,0,0,0,0,0,-25000,0,0,0,60000,85000,-25000,-25000
057396,健鼎中信99購01  ,0,0,0,0,0,0,0,0,0,-25000,0,0,0,105000,130000,-25000,-25000
057451,大立光元富9B購01,0,0,0,0,0,0,0,0,0,-25000,0,0,0,0,25000,-25000,-25000
057479,致茂元大98購03  ,0,0,0,0,0,0,0,0,0,-25000,0,0,0,0,25000,-25000,-25000
047993,鑽全元大96購01  ,0,0,0,0,0,0,0,0,0,-25000,0,0,0,15000,40000,-25000,-25000
048403,聯發科群益93購10,0,0,0,0,0,0,0,0,0,-25000,0,0,0,5000,30000,-25000,-25000
048121,亞德客元大93購05,0,0,0,0,0,0,0,0,0,-25000,0,0,0,0,25000,-25000,-25000
04731P,臺股指中信96售03,0,0,0,0,0,0,0,0,0,-25000,0,0,0,95000,120000,-25000,-25000
047417,台塑富邦97購01  ,0,0,0,0,0,0,0,0,0,-25000,0,0,0,10000,35000,-25000,-25000
03612C,臺股指元大95牛01,0,0,0,0,0,0,0,0,0,-25000,0,0,0,0,25000,-25000,-25000
046370,全新麥證93購01  ,0,0,0,5000,30000,-25000,0,0,0,-25000,0,0,0,5000,30000,-25000,-25000
00770,國泰北美科技    ,1000,247000,-246000,0,0,0,0,0,0,221000,0,0,0,293000,72000,221000,-25000
045428,彩晶凱基94購01  ,0,0,0,0,0,0,0,0,0,-25000,0,0,0,0,25000,-25000,-25000
048847,A50群益98購01   ,0,0,0,0,0,0,0,0,0,-25000,0,0,0,1000,26000,-25000,-25000
048793,超眾元大95購02  ,0,0,0,0,0,0,0,0,0,-25000,0,0,0,5000,30000,-25000,-25000
049436,義隆國泰96購02  ,0,0,0,0,0,0,0,0,0,-25000,0,0,0,20000,45000,-25000,-25000
051361,泰鼎元大95購01  ,0,0,0,0,0,0,0,0,0,-25000,0,0,0,40000,65000,-25000,-25000
05046P,台光電永豐95售02,0,0,0,0,0,0,0,0,0,-25000,0,0,0,0,25000,-25000,-25000
052437,聯發科富邦99購02,0,0,0,0,0,0,0,0,0,-25000,0,0,0,15000,40000,-25000,-25000
052359,百和永豐95購01  ,0,0,0,0,0,0,0,0,0,-25000,0,0,0,68000,93000,-25000,-25000
052197,台郡元富95購03  ,0,0,0,0,0,0,0,0,0,-25000,0,0,0,5000,30000,-25000,-25000
052731,宏達電國泰98購01,0,0,0,0,0,0,0,0,0,-25000,0,0,0,68000,93000,-25000,-25000
050191,和碩元大94購02  ,0,0,0,0,0,0,0,0,0,-25000,0,0,0,0,25000,-25000,-25000
049878,宏達電永豐94購01,0,0,0,0,0,0,0,0,0,-25000,0,0,0,0,25000,-25000,-25000
051902,T50反1元大97購01,0,0,0,0,0,0,0,0,0,-25000,0,0,0,0,25000,-25000,-25000
054383,傳奇群益97購01  ,0,0,0,0,0,0,0,0,0,-25000,0,0,0,10000,35000,-25000,-25000
055074,台虹永豐97購01  ,0,0,0,0,0,0,0,0,0,-25000,0,0,0,0,25000,-25000,-25000
055118,嘉聯益凱基98購02,0,0,0,0,0,0,0,0,0,-25000,0,0,0,0,25000,-25000,-25000
055352,奇力新凱基97購01,0,0,0,0,0,0,0,0,0,-25000,0,0,0,2000,27000,-25000,-25000
055291,京鼎元大97購02  ,0,0,0,0,0,0,0,0,0,-25000,0,0,0,0,25000,-25000,-25000
053717,聯發科凱基96購17,0,0,0,0,0,0,0,0,0,-25000,0,0,0,0,25000,-25000,-25000
053905,華新科凱基96購10,0,0,0,0,0,0,0,0,0,-25000,0,0,0,20000,45000,-25000,-25000
053159,同欣電元大96購02,0,0,0,0,0,0,0,0,0,-25000,0,0,0,0,25000,-25000,-25000
053437,啟碁日盛96購01  ,0,0,0,0,0,0,0,0,0,-25000,0,0,0,0,25000,-25000,-25000
052870,玉晶光凱基96購03,0,0,0,0,0,0,0,0,0,-25000,0,0,0,79000,104000,-25000,-25000
06143P,鴻海永豐97售02  ,0,0,0,0,0,0,0,0,0,-25000,0,0,0,10000,35000,-25000,-25000
06403P,鴻海元富97售15  ,0,0,0,0,0,0,0,0,0,-25000,0,0,0,20000,45000,-25000,-25000
06364P,鴻海凱基97售08  ,0,0,0,0,0,0,0,0,0,-25000,0,0,0,50000,75000,-25000,-25000
05808P,臺股指國票96售01,0,0,0,0,0,0,0,0,0,-25000,0,0,0,1000,26000,-25000,-25000
057902,嘉晶永豐98購02  ,0,0,0,0,0,0,0,0,0,-25000,0,0,0,0,25000,-25000,-25000
1532,勤美            ,31000,55000,-24000,0,0,0,0,0,0,-1000,0,1000,-1000,0,0,0,-25000
1720,生達            ,11000,36000,-25000,0,0,0,0,0,0,0,0,0,0,0,0,0,-25000
2328,廣宇            ,321000,94000,227000,0,0,0,0,252000,-252000,0,2000,2000,0,0,0,0,-25000
06508P,台灣50統一98售01,0,0,0,0,0,0,0,0,0,-25000,0,0,0,243000,268000,-25000,-25000
2636,台驊投控        ,7000,32000,-25000,0,0,0,0,0,0,0,0,0,0,0,0,0,-25000
2505,國揚            ,157000,144000,13000,0,0,0,0,0,0,-38000,0,4000,-4000,0,34000,-34000,-25000
057517,矽創元富98購02  ,0,0,0,0,0,0,0,0,0,-26000,0,0,0,0,26000,-26000,-26000
057512,華邦電台新98購01,0,0,0,0,0,0,0,0,0,-26000,0,0,0,10000,36000,-26000,-26000
057730,聯鈞國泰9A購01  ,0,0,0,0,0,0,0,0,0,-26000,0,0,0,81000,107000,-26000,-26000
057705,臺股指群益98購05,0,0,0,0,0,0,0,0,0,-26000,0,0,0,0,26000,-26000,-26000
057651,矽力元大98購03  ,0,0,0,0,0,0,0,0,0,-26000,0,0,0,0,26000,-26000,-26000
057089,奇力新元富98購01,0,0,0,0,0,0,0,0,0,-26000,0,0,0,95000,121000,-26000,-26000
056169,鴻海元富97購08  ,0,0,0,0,0,0,0,0,0,-26000,0,0,0,23000,49000,-26000,-26000
056300,聯發科元大97購23,0,0,0,0,0,0,0,0,0,-26000,0,0,0,189000,215000,-26000,-26000
056557,世紀鋼凱基98購02,0,0,0,0,0,0,0,0,0,-26000,0,0,0,4000,30000,-26000,-26000
056599,臻鼎元富98購01  ,0,0,0,0,0,0,0,0,0,-26000,0,0,0,151000,177000,-26000,-26000
056440,智邦凱基98購03  ,0,0,0,0,0,0,0,0,0,-26000,0,0,0,11000,37000,-26000,-26000
055483,和大元大97購03  ,0,0,0,0,0,0,0,0,0,-26000,0,0,0,4000,30000,-26000,-26000
055692,緯穎凱基97購03  ,0,0,0,0,0,0,0,0,0,-26000,0,0,0,0,26000,-26000,-26000
044285,鴻海凱基93購06  ,0,0,0,0,0,0,0,0,0,-26000,0,0,0,20000,46000,-26000,-26000
04749P,臺股指元大94售25,0,0,0,0,0,0,0,0,0,-26000,0,0,0,0,26000,-26000,-26000
051096,日月光元大95購01,0,0,0,0,0,0,0,0,0,-26000,0,0,0,50000,76000,-26000,-26000
050801,元金2X群益98購01,0,0,0,0,0,0,0,0,0,-26000,0,0,0,2000,28000,-26000,-26000
050717,京鼎群益96購01  ,0,0,0,0,0,0,0,0,0,-26000,0,0,0,0,26000,-26000,-26000
050760,矽力元富94購03  ,0,0,0,0,0,0,0,0,0,-26000,0,0,0,0,26000,-26000,-26000
048524,GIS元富94購01   ,0,0,0,0,0,0,0,0,0,-26000,0,0,0,0,26000,-26000,-26000
048192,華通元大96購01  ,0,0,0,0,0,0,0,0,0,-26000,0,0,0,55000,81000,-26000,-26000
047898,嘉澤群益93購02  ,0,0,0,0,0,0,0,0,0,-26000,0,0,0,37000,63000,-26000,-26000
050021,鴻海元大94購10  ,0,0,0,0,0,0,0,0,0,-26000,0,0,0,24000,50000,-26000,-26000
050121,南電元大95購02  ,0,0,0,0,0,0,0,0,0,-26000,0,0,0,188000,214000,-26000,-26000
052601,大成鋼元大96購01,0,0,0,0,0,0,0,0,0,-26000,0,0,0,72000,98000,-26000,-26000
052192,SP黃豆元富95購04,0,0,0,0,0,0,0,0,0,-26000,0,0,0,0,26000,-26000,-26000
052164,啟碁永豐95購01  ,0,0,0,0,0,0,0,0,0,-26000,0,0,0,0,26000,-26000,-26000
052324,康友元大96購02  ,0,0,0,0,0,0,0,0,0,-26000,0,0,0,46000,72000,-26000,-26000
050481,泰鼎國票96購01  ,0,0,0,0,0,0,0,0,0,-26000,0,0,0,15000,41000,-26000,-26000
051166,可成元大95購02  ,0,0,0,0,0,0,0,0,0,-26000,0,0,0,72000,98000,-26000,-26000
051351,台積電元大95購15,0,0,0,0,0,0,0,0,0,-26000,0,0,0,71000,97000,-26000,-26000
049293,友訊群益95購01  ,0,0,0,0,0,0,0,0,0,-26000,0,0,0,24000,50000,-26000,-26000
053097,超眾統一96購03  ,0,0,0,0,0,0,0,0,0,-26000,0,0,0,0,26000,-26000,-26000
053880,智邦中信96購01  ,0,0,0,0,0,0,0,0,0,-26000,0,0,0,30000,56000,-26000,-26000
054148,矽創元大96購03  ,0,0,0,0,0,0,0,0,0,-26000,0,0,0,6000,32000,-26000,-26000
054101,茂林國票97購04  ,0,0,0,0,0,0,0,0,0,-26000,0,0,0,61000,87000,-26000,-26000
053735,矽力中信97購01  ,0,0,0,0,0,0,0,0,0,-26000,0,0,0,10000,36000,-26000,-26000
053746,彰銀康和96購01  ,0,0,0,0,0,0,0,0,0,-26000,0,0,0,68000,94000,-26000,-26000
055050,敬鵬永豐97購01  ,0,0,0,0,0,0,0,0,0,-26000,0,0,0,0,26000,-26000,-26000
054348,康控國票97購03  ,0,0,0,0,0,0,0,0,0,-26000,0,0,0,40000,66000,-26000,-26000
06335P,台積電麥證97售02,0,0,0,9000,35000,-26000,0,0,0,-26000,0,0,0,9000,35000,-26000,-26000
06296P,燿華元大98售01  ,0,0,0,0,0,0,0,0,0,-26000,0,0,0,4000,30000,-26000,-26000
06122P,亞光元大98售01  ,0,0,0,0,0,0,0,0,0,-26000,0,0,0,7000,33000,-26000,-26000
055679,華通凱基99購01  ,0,30000,-30000,0,0,0,0,0,0,3000,0,0,0,300000,297000,3000,-27000
055727,矽力元大97購02  ,0,0,0,0,0,0,0,0,0,-27000,0,0,0,3000,30000,-27000,-27000
055790,南電凱基97購01  ,0,0,0,0,0,0,0,0,0,-27000,0,0,0,160000,187000,-27000,-27000
056338,聯發科凱基99購01,0,0,0,0,0,0,0,0,0,-27000,0,0,0,13000,40000,-27000,-27000
056109,彩晶永豐98購01  ,0,0,0,0,0,0,0,0,0,-27000,0,0,0,0,27000,-27000,-27000
056665,上証2X國票99購02,0,0,0,0,0,0,0,0,0,-27000,0,0,0,0,27000,-27000,-27000
056894,佳世達元大99購01,0,0,0,0,0,0,0,0,0,-27000,0,0,0,50000,77000,-27000,-27000
057632,傳奇永豐98購01  ,0,0,0,0,0,0,0,0,0,-27000,0,0,0,0,27000,-27000,-27000
057675,同欣電元大98購02,0,0,0,0,0,0,0,0,0,-27000,0,0,0,56000,83000,-27000,-27000
057418,台光電凱基98購04,0,0,0,0,0,0,0,0,0,-27000,0,0,0,222000,249000,-27000,-27000
049189,訊芯康和94購01  ,0,0,0,0,0,0,0,0,0,-27000,0,0,0,30000,57000,-27000,-27000
047033,日月光中信95購01,0,0,0,0,0,0,0,0,0,-27000,0,0,0,49000,76000,-27000,-27000
044604,嘉聯益國泰93購01,0,0,0,0,0,0,0,0,0,-27000,0,0,0,0,27000,-27000,-27000
048693,GIS群益94購02   ,0,0,0,0,0,0,0,0,0,-27000,0,0,0,0,27000,-27000,-27000
00709,富邦歐洲        ,0,0,0,0,0,0,0,0,0,-27000,0,0,0,100000,127000,-27000,-27000
03856P,易華電永豐93售01,0,0,0,0,0,0,0,0,0,-27000,0,0,0,0,27000,-27000,-27000
051740,可成國票96購04  ,0,0,0,0,0,0,0,0,0,-27000,0,0,0,15000,42000,-27000,-27000
050515,聯電元大96購01  ,0,0,0,0,0,0,0,0,0,-27000,0,0,0,0,27000,-27000,-27000
050177,聯發科元大94購11,0,0,0,0,0,0,0,0,0,-27000,0,0,0,57000,84000,-27000,-27000
05029P,鴻海元富95售04  ,0,0,0,0,0,0,0,0,0,-27000,0,0,0,10000,37000,-27000,-27000
05470P,康控元大95售05  ,0,0,0,0,0,0,0,0,0,-27000,0,0,0,95000,122000,-27000,-27000
053670,台積電統一96購09,0,0,0,0,0,0,0,0,0,-27000,0,0,0,110000,137000,-27000,-27000
06222P,致茂元富97售02  ,0,0,0,0,0,0,0,0,0,-27000,0,0,0,26000,53000,-27000,-27000
05869P,旺宏凱基96售05  ,0,0,0,0,0,0,0,0,0,-27000,0,0,0,80000,107000,-27000,-27000
06669P,緯穎凱基98售05  ,0,0,0,0,0,0,0,0,0,-27000,0,0,0,17000,44000,-27000,-27000
06705P,臻鼎元富98售03  ,0,0,0,0,0,0,0,0,0,-27000,0,0,0,20000,47000,-27000,-27000
2485,兆赫            ,39000,66000,-27000,0,0,0,0,0,0,0,0,0,0,0,0,0,-27000
4108,懷特            ,0,27000,-27000,0,0,0,0,0,0,0,0,0,0,0,0,0,-27000
056941,台郡元富9B購01  ,0,0,0,0,0,0,0,0,0,-28000,0,0,0,32000,60000,-28000,-28000
057052,華擎元大98購01  ,0,0,0,0,0,0,0,0,0,-28000,0,0,0,242000,270000,-28000,-28000
056377,智伸科統一9A購01,0,0,0,0,0,0,0,0,0,-28000,0,0,0,0,28000,-28000,-28000
056420,台表科元富98購01,0,0,0,0,0,0,0,0,0,-28000,0,0,0,10000,38000,-28000,-28000
056639,國產康和98購01  ,0,0,0,0,0,0,0,0,0,-28000,0,0,0,47000,75000,-28000,-28000
055930,可成群益98購01  ,0,0,0,0,0,0,0,0,0,-28000,0,0,0,127000,155000,-28000,-28000
055731,美律元富97購01  ,0,0,0,0,0,0,0,0,0,-28000,0,0,0,10000,38000,-28000,-28000
055619,同欣電國票98購02,0,0,0,0,0,0,0,0,0,-28000,0,0,0,17000,45000,-28000,-28000
00663L,國泰臺灣加權正2 ,0,3000,-3000,0,0,0,0,0,0,-25000,0,0,0,15000,40000,-25000,-28000
04503P,元油2X元富98售09,0,0,0,0,0,0,0,0,0,-28000,0,0,0,5000,33000,-28000,-28000
051057,信邦群益95購01  ,0,0,0,0,0,0,0,0,0,-28000,0,0,0,0,28000,-28000,-28000
051061,中磊群益95購01  ,0,0,0,0,0,0,0,0,0,-28000,0,0,0,100000,128000,-28000,-28000
048128,超眾元大95購01  ,0,0,0,0,0,0,0,0,0,-28000,0,0,0,0,28000,-28000,-28000
049139,台積電元大94購06,0,0,0,0,0,0,0,0,0,-28000,0,0,0,217000,245000,-28000,-28000
049049,玉晶光康和94購02,0,0,0,0,0,0,0,0,0,-28000,0,0,0,31000,59000,-28000,-28000
047942,華新科國票94購04,0,0,0,0,0,0,0,0,0,-28000,0,0,0,0,28000,-28000,-28000
046870,大立光統一95購01,0,0,0,0,0,0,0,0,0,-28000,0,0,0,0,28000,-28000,-28000
050211,貿聯國票95購01  ,0,0,0,0,0,0,0,0,0,-28000,0,0,0,20000,48000,-28000,-28000
052429,禾伸堂永豐95購02,0,0,0,0,0,0,0,0,0,-28000,0,0,0,44000,72000,-28000,-28000
050397,力成元富94購01  ,0,0,0,0,0,0,0,0,0,-28000,0,0,0,57000,85000,-28000,-28000
049498,茂林元大95購01  ,0,0,0,0,0,0,0,0,0,-28000,0,0,0,87000,115000,-28000,-28000
051779,大立光群益95購02,0,0,0,0,0,0,0,0,0,-28000,0,0,0,20000,48000,-28000,-28000
051801,牧德永豐95購04  ,0,0,0,0,0,0,0,0,0,-28000,0,0,0,5000,33000,-28000,-28000
053730,樺漢凱基98購01  ,0,0,0,0,0,0,0,0,0,-28000,0,0,0,0,28000,-28000,-28000
053627,宏碁兆豐97購01  ,0,0,0,0,0,0,0,0,0,-28000,0,0,0,0,28000,-28000,-28000
053547,台積電凱基96購14,0,0,0,0,0,0,0,0,0,-28000,0,0,0,102000,130000,-28000,-28000
053041,可成凱基96購02  ,0,0,0,0,0,0,0,0,0,-28000,0,0,0,41000,69000,-28000,-28000
052987,華新科元大99購01,0,0,0,0,0,0,0,0,0,-28000,0,0,0,12000,40000,-28000,-28000
053169,貿聯群益97購01  ,0,0,0,0,0,0,0,0,0,-28000,0,0,0,0,28000,-28000,-28000
053294,聯發科中信9C購01,0,0,0,0,0,0,0,0,0,-28000,0,0,0,0,28000,-28000,-28000
054769,創意國票98購01  ,0,0,0,0,0,0,0,0,0,-28000,0,0,0,0,28000,-28000,-28000
054568,訊芯群益97購01  ,0,0,0,0,0,0,0,0,0,-28000,0,0,0,0,28000,-28000,-28000
054293,健策元大98購02  ,0,0,0,0,0,0,0,0,0,-28000,0,0,0,111000,139000,-28000,-28000
054237,茂林群益97購01  ,0,0,0,0,0,0,0,0,0,-28000,0,0,0,353000,381000,-28000,-28000
5225,東科-KY         ,25000,53000,-28000,0,0,0,0,0,0,0,0,0,0,0,0,0,-28000
1452,宏益            ,3000,31000,-28000,0,0,0,0,0,0,0,0,0,0,0,0,0,-28000
055494,華新科元大98購01,0,0,0,0,0,0,0,0,0,-29000,0,0,0,169000,198000,-29000,-29000
05586P,臺股指凱基96售15,0,0,0,0,0,0,0,0,0,-29000,0,0,0,0,29000,-29000,-29000
057028,台郡凱基99購02  ,0,0,0,0,0,0,0,0,0,-29000,0,0,0,0,29000,-29000,-29000
057347,國巨統一9A購03  ,0,0,0,0,0,0,0,0,0,-29000,0,0,0,24000,53000,-29000,-29000
057749,華新科國票99購01,0,0,0,0,0,0,0,0,0,-29000,0,0,0,39000,68000,-29000,-29000
057826,祥碩元大98購08  ,0,0,0,0,0,0,0,0,0,-29000,0,0,0,0,29000,-29000,-29000
046771,聯發科國泰94購02,0,0,0,0,0,0,0,0,0,-29000,0,0,0,201000,230000,-29000,-29000
04518P,高鐵群益95售01  ,0,0,0,0,0,0,0,0,0,-29000,0,0,0,11000,40000,-29000,-29000
046602,新日興群益94購01,0,0,0,0,0,0,0,0,0,-29000,0,0,0,33000,62000,-29000,-29000
043784,鴻海凱基94購01  ,0,0,0,0,0,0,0,0,0,-29000,0,0,0,31000,60000,-29000,-29000
051832,復盛元大95購01  ,0,0,0,0,0,0,0,0,0,-29000,0,0,0,10000,39000,-29000,-29000
051640,GIS國票96購03   ,0,0,0,0,0,0,0,0,0,-29000,0,0,0,11000,40000,-29000,-29000
051020,健策凱基96購02  ,0,0,0,0,0,0,0,0,0,-29000,0,0,0,272000,301000,-29000,-29000
052452,茂林元大95購03  ,0,0,0,0,0,0,0,0,0,-29000,0,0,0,34000,63000,-29000,-29000
052530,台郡元大96購04  ,0,0,0,0,0,0,0,0,0,-29000,0,0,0,23000,52000,-29000,-29000
050049,華通群益96購01  ,0,0,0,0,0,0,0,0,0,-29000,0,0,0,160000,189000,-29000,-29000
054557,臻鼎凱基98購01  ,0,0,0,0,0,0,0,0,0,-29000,0,0,0,133000,162000,-29000,-29000
05494P,華邦電統一95售02,0,0,0,0,0,0,0,0,0,-29000,0,0,0,1000,30000,-29000,-29000
055188,亞翔統一97購01  ,0,0,0,0,0,0,0,0,0,-29000,0,0,0,28000,57000,-29000,-29000
053447,京鼎凱基96購03  ,0,0,0,0,0,0,0,0,0,-29000,0,0,0,0,29000,-29000,-29000
053516,茂林群益96購05  ,0,0,0,0,0,0,0,0,0,-29000,0,0,0,202000,231000,-29000,-29000
06692P,瑞昱凱基98售03  ,0,0,0,0,0,0,0,0,0,-29000,0,0,0,81000,110000,-29000,-29000
05799P,臺股指群益96售13,0,0,0,0,0,0,0,0,0,-29000,0,0,0,28000,57000,-29000,-29000
2612,中航            ,11000,40000,-29000,0,0,0,0,0,0,0,0,0,0,0,0,0,-29000
6409,旭隼            ,26000,60400,-34400,0,0,0,1000,0,1000,4000,4000,0,4000,0,0,0,-29400
057838,台郡國泰99購01  ,0,0,0,0,0,0,0,0,0,-30000,0,0,0,11000,41000,-30000,-30000
057814,聯發科元大98購12,0,0,0,0,0,0,0,0,0,-30000,0,0,0,192000,222000,-30000,-30000
057857,牧德國票99購01  ,0,0,0,0,0,0,0,0,0,-30000,0,0,0,0,30000,-30000,-30000
057736,鴻海富邦99購04  ,0,0,0,0,0,0,0,0,0,-30000,0,0,0,0,30000,-30000,-30000
057674,台郡元大99購03  ,50000,0,50000,0,0,0,0,0,0,-80000,0,0,0,101000,181000,-80000,-30000
057618,台光電凱基99購01,0,0,0,0,0,0,0,0,0,-30000,0,0,0,8000,38000,-30000,-30000
057581,元大金中信9A購01,0,0,0,0,0,0,0,0,0,-30000,0,0,0,0,30000,-30000,-30000
057579,長榮航中信9A購01,0,0,0,0,0,0,0,0,0,-30000,0,0,0,0,30000,-30000,-30000
057373,大立光元大98購17,0,0,0,0,0,0,0,0,0,-30000,0,0,0,0,30000,-30000,-30000
057369,奇力新元大99購05,0,0,0,0,0,0,0,0,0,-30000,0,0,0,33000,63000,-30000,-30000
05733P,臺股指統一96售03,0,0,0,0,0,0,0,0,0,-30000,0,0,0,0,30000,-30000,-30000
057277,可成元大98購05  ,0,0,0,0,0,0,0,0,0,-30000,0,0,0,0,30000,-30000,-30000
057453,矽創元富98購01  ,0,0,0,0,0,0,0,0,0,-30000,0,0,0,60000,90000,-30000,-30000
057432,T50反1國票9B購01,0,0,0,0,0,0,0,0,0,-30000,0,0,0,0,30000,-30000,-30000
057155,元油2X富邦9B購02,0,0,0,0,0,0,0,0,0,-30000,0,0,0,0,30000,-30000,-30000
057185,群創元大98購06  ,0,0,0,0,0,0,0,0,0,-30000,0,0,0,63000,93000,-30000,-30000
057174,南亞科元大98購05,0,0,0,0,0,0,0,0,0,-30000,0,0,0,26000,56000,-30000,-30000
057203,麗豐元富98購02  ,0,0,0,0,0,0,0,0,0,-30000,0,0,0,0,30000,-30000,-30000
056819,奇力新永豐98購01,0,0,0,0,0,0,0,0,0,-30000,0,0,0,21000,51000,-30000,-30000
056691,元油2X群益9B購01,0,0,0,0,0,0,0,0,0,-30000,0,0,0,0,30000,-30000,-30000
056723,國巨中信9A購01  ,0,0,0,0,0,0,0,0,0,-30000,0,0,0,0,30000,-30000,-30000
056780,元油2X群益9A購03,0,0,0,0,0,0,0,0,0,-30000,0,0,0,0,30000,-30000,-30000
055877,奇鋐元富97購01  ,0,0,0,0,0,0,0,0,0,-30000,0,0,0,70000,100000,-30000,-30000
055903,鈺齊中信97購02  ,0,0,0,0,0,0,0,0,0,-30000,0,0,0,0,30000,-30000,-30000
055757,大成鋼群益99購01,0,0,0,0,0,0,0,0,0,-30000,0,0,0,0,30000,-30000,-30000
055916,奇鋐凱基99購01  ,0,0,0,0,0,0,0,0,0,-30000,0,0,0,0,30000,-30000,-30000
055999,電子類富邦99購01,0,0,0,0,0,0,0,0,0,-30000,0,0,0,0,30000,-30000,-30000
056004,南電永豐97購02  ,0,0,0,0,0,0,0,0,0,-30000,0,0,0,22000,52000,-30000,-30000
056024,大立光群益97購05,0,0,0,0,0,0,0,0,0,-30000,0,0,0,0,30000,-30000,-30000
056652,上証反元大9B購01,0,0,0,0,0,0,0,0,0,-30000,0,0,0,0,30000,-30000,-30000
056535,全新凱基99購02  ,0,0,0,0,0,0,0,0,0,-30000,0,0,0,7000,37000,-30000,-30000
056494,緯創國泰99購01  ,0,0,0,0,0,0,0,0,0,-30000,0,0,0,10000,40000,-30000,-30000
056460,同欣電凱基99購01,0,0,0,0,0,0,0,0,0,-30000,0,0,0,0,30000,-30000,-30000
056172,鴻海元富97購11  ,0,0,0,0,0,0,0,0,0,-30000,0,0,0,20000,50000,-30000,-30000
04388P,滬深2X凱基95售05,0,0,0,0,0,0,0,0,0,-30000,0,0,0,0,30000,-30000,-30000
04156P,大立光永豐93售02,0,0,0,0,0,0,0,0,0,-30000,0,0,0,0,30000,-30000,-30000
044600,上銀國泰93購01  ,0,0,0,0,0,0,0,0,0,-30000,0,0,0,0,30000,-30000,-30000
04427P,滬深2X元大97售02,0,0,0,0,0,0,0,0,0,-30000,0,0,0,85000,115000,-30000,-30000
045470,康控元大94購03  ,0,0,0,0,0,0,0,0,0,-30000,0,0,0,96000,126000,-30000,-30000
04559P,華通凱基94售03  ,0,0,0,0,0,0,0,0,0,-30000,0,0,0,0,30000,-30000,-30000
048712,樺漢台新94購01  ,0,0,0,0,0,0,0,0,0,-30000,0,0,0,0,30000,-30000,-30000
048700,和鑫國票95購01  ,0,0,0,0,0,0,0,0,0,-30000,0,0,0,0,30000,-30000,-30000
047628,新光金國票95購02,0,0,0,0,0,0,0,0,0,-30000,0,0,0,0,30000,-30000,-30000
044487,元油2X元大94購01,0,0,0,0,0,0,0,0,0,-30000,0,0,0,0,30000,-30000,-30000
049027,智易群益94購02  ,0,0,0,0,0,0,0,0,0,-30000,0,0,0,0,30000,-30000,-30000
047454,滬深2X群益96購03,0,0,0,0,0,0,0,0,0,-30000,0,0,0,70000,100000,-30000,-30000
047310,鴻海元大93購14  ,0,0,0,0,0,0,0,0,0,-30000,0,0,0,0,30000,-30000,-30000
047197,美律統一94購01  ,0,0,0,0,0,0,0,0,0,-30000,0,0,0,0,30000,-30000,-30000
050655,中磊凱基96購01  ,0,0,0,0,0,0,0,0,0,-30000,0,0,0,0,30000,-30000,-30000
050663,麗豐元大96購03  ,0,0,0,0,0,0,0,0,0,-30000,0,0,0,0,30000,-30000,-30000
048499,達運元大96購01  ,0,0,0,0,0,0,0,0,0,-30000,0,0,0,0,30000,-30000,-30000
048220,鴻海凱基93購35  ,0,0,0,0,0,0,0,0,0,-30000,0,0,0,20000,50000,-30000,-30000
048602,上緯控國票96購01,0,0,0,0,0,0,0,0,0,-30000,0,0,0,0,30000,-30000,-30000
050050,國泰金群益94購02,0,0,0,0,0,0,0,0,0,-30000,0,0,0,0,30000,-30000,-30000
050022,鴻海元大94購11  ,0,0,0,0,0,0,0,0,0,-30000,0,0,0,33000,63000,-30000,-30000
051932,康控國票96購02  ,0,0,0,0,0,0,0,0,0,-30000,0,0,0,0,30000,-30000,-30000
051926,聯電中信97購01  ,0,0,0,0,0,0,0,0,0,-30000,0,0,0,10000,40000,-30000,-30000
052124,京鼎國票95購01  ,0,0,0,0,0,0,0,0,0,-30000,0,0,0,20000,50000,-30000,-30000
050180,華新科元大95購08,0,0,0,0,0,0,0,0,0,-30000,0,0,0,10000,40000,-30000,-30000
050257,為升元大94購07  ,0,0,0,0,0,0,0,0,0,-30000,0,0,0,70000,100000,-30000,-30000
050143,臻鼎元富94購05  ,0,0,0,0,0,0,0,0,0,-30000,0,0,0,0,30000,-30000,-30000
05252P,華通凱基95售01  ,0,0,0,0,0,0,0,0,0,-30000,0,0,0,0,30000,-30000,-30000
052499,合勤控永豐95購01,0,0,0,0,0,0,0,0,0,-30000,0,0,0,0,30000,-30000,-30000
052360,FB上証國票96購01,0,0,0,0,0,0,0,0,0,-30000,0,0,0,0,30000,-30000,-30000
052142,滬深2X群益99購04,0,0,0,0,0,0,0,0,0,-30000,0,0,0,40000,70000,-30000,-30000
052219,大立光日盛95購02,0,0,0,0,0,0,0,0,0,-30000,0,0,0,0,30000,-30000,-30000
052624,微星亞東97購01  ,0,0,0,0,0,0,0,0,0,-30000,0,0,0,0,30000,-30000,-30000
052816,上銀永豐96購01  ,0,0,0,0,0,0,0,0,0,-30000,0,0,0,2000,32000,-30000,-30000
050430,京元電凱基94購03,0,0,0,0,0,0,0,0,0,-30000,0,0,0,0,30000,-30000,-30000
050510,元油2X元大94購10,0,0,0,0,0,0,0,0,0,-30000,0,0,0,0,30000,-30000,-30000
051705,富邦金群益97購01,0,0,0,0,0,0,0,0,0,-30000,0,0,0,0,30000,-30000,-30000
051336,智原永豐95購01  ,0,0,0,0,0,0,0,0,0,-30000,0,0,0,0,30000,-30000,-30000
051377,鴻海群益95購07  ,0,0,0,0,0,0,0,0,0,-30000,0,0,0,0,30000,-30000,-30000
051327,元油2X永豐95購02,0,0,0,0,0,0,0,0,0,-30000,0,0,0,0,30000,-30000,-30000
051319,光磊國票96購02  ,0,0,0,0,0,0,0,0,0,-30000,0,0,0,10000,40000,-30000,-30000
049319,GIS凱基94購03   ,0,0,0,0,0,0,0,0,0,-30000,0,0,0,0,30000,-30000,-30000
049619,宏達電群益95購02,0,0,0,0,0,0,0,0,0,-30000,0,0,0,0,30000,-30000,-30000
053534,微星永豐96購02  ,0,0,0,0,0,0,0,0,0,-30000,0,0,0,0,30000,-30000,-30000
05349P,可成元富98售03  ,0,0,0,0,0,0,0,0,0,-30000,0,0,0,0,30000,-30000,-30000
053698,中磊元大96購02  ,0,0,0,0,0,0,0,0,0,-30000,0,0,0,161000,191000,-30000,-30000
05368P,可成元富95售03  ,0,0,0,0,0,0,0,0,0,-30000,0,0,0,0,30000,-30000,-30000
054155,美律第一96購01  ,0,0,0,0,0,0,0,0,0,-30000,0,0,0,0,30000,-30000,-30000
053446,欣興凱基96購02  ,0,0,0,0,0,0,0,0,0,-30000,0,0,0,0,30000,-30000,-30000
053299,台泥凱基96購01  ,0,0,0,0,0,0,0,0,0,-30000,0,0,0,0,30000,-30000,-30000
053289,臺股指元大96購17,0,0,0,0,0,0,0,0,0,-30000,0,0,0,0,30000,-30000,-30000
053292,美律中信98購01  ,0,0,0,0,0,0,0,0,0,-30000,0,0,0,0,30000,-30000,-30000
053194,緯穎統一99購01  ,0,0,0,0,0,0,0,0,0,-30000,0,0,0,3000,33000,-30000,-30000
052958,T50反1凱基99購02,0,0,0,0,0,0,0,0,0,-30000,0,0,0,20000,50000,-30000,-30000
052915,創意元富96購01  ,0,0,0,0,0,0,0,0,0,-30000,0,0,0,0,30000,-30000,-30000
055207,致新中信99購01  ,0,0,0,0,0,0,0,0,0,-30000,0,0,0,0,30000,-30000,-30000
055224,鴻海國票99購02  ,0,0,0,0,0,0,0,0,0,-30000,0,0,0,10000,40000,-30000,-30000
055270,上銀元大97購03  ,0,0,0,0,0,0,0,0,0,-30000,0,0,0,5000,35000,-30000,-30000
05534P,元油反元大96售06,0,0,0,0,0,0,0,0,0,-30000,0,0,0,0,30000,-30000,-30000
05499P,聯詠元富95售02  ,0,0,0,0,0,0,0,0,0,-30000,0,0,0,0,30000,-30000,-30000
055066,佐登永豐97購01  ,0,0,0,0,0,0,0,0,0,-30000,0,0,0,0,30000,-30000,-30000
054605,鴻海永豐97購01  ,0,0,0,0,0,0,0,0,0,-30000,0,0,0,0,30000,-30000,-30000
054809,大成鋼元大97購01,0,0,0,0,0,0,0,0,0,-30000,0,0,0,71000,101000,-30000,-30000
054742,京鼎凱基99購01  ,0,0,0,0,0,0,0,0,0,-30000,0,0,0,0,30000,-30000,-30000
054269,台光電亞東98購01,0,0,0,0,0,0,0,0,0,-30000,0,0,0,0,30000,-30000,-30000
054487,京元電台新97購01,0,0,0,0,0,0,0,0,0,-30000,0,0,0,0,30000,-30000,-30000
05854P,華新科凱基96售09,0,0,0,0,0,0,0,0,0,-30000,0,0,0,0,30000,-30000,-30000
05787P,臺股指永昌96售04,0,0,0,0,0,0,0,0,0,-30000,420000,0,420000,140000,590000,-450000,-30000
06074P,台積電凱基98售04,0,0,0,0,0,0,0,0,0,-30000,0,0,0,1000,31000,-30000,-30000
06042P,華新科永豐96售04,0,0,0,0,0,0,0,0,0,-30000,0,0,0,10000,40000,-30000,-30000
06113P,台積電群益97售01,0,0,0,0,0,0,0,0,0,-30000,0,0,0,10000,40000,-30000,-30000
06773P,台灣50兆豐9A售01,0,0,0,0,0,0,0,0,0,-30000,0,0,0,0,30000,-30000,-30000
1447,力鵬            ,34000,64000,-30000,0,0,0,0,0,0,0,0,0,0,0,0,0,-30000
056141,聯茂元大97購05  ,0,0,0,0,0,0,0,0,0,-31000,0,0,0,154000,185000,-31000,-31000
056048,同欣電兆豐97購01,0,0,0,0,0,0,0,0,0,-31000,0,0,0,0,31000,-31000,-31000
055983,全新元富9A購02  ,0,0,0,0,0,0,0,0,0,-31000,0,0,0,43000,74000,-31000,-31000
055954,南港元大97購02  ,0,0,0,0,0,0,0,0,0,-31000,0,0,0,13000,44000,-31000,-31000
055775,友達凱基9A購01  ,0,0,0,0,0,0,0,0,0,-31000,0,0,0,0,31000,-31000,-31000
056977,國巨群益9A購01  ,0,0,0,0,0,0,0,0,0,-31000,0,0,0,19000,50000,-31000,-31000
048161,旺宏麥證94購01  ,0,0,0,0,31000,-31000,0,0,0,-31000,0,0,0,0,31000,-31000,-31000
048435,致新國票93購01  ,0,0,0,0,0,0,0,0,0,-31000,0,0,0,0,31000,-31000,-31000
048352,嘉澤台新93購01  ,0,0,0,0,0,0,0,0,0,-31000,0,0,0,0,31000,-31000,-31000
048852,旺宏群益96購02  ,0,0,0,0,0,0,0,0,0,-31000,0,0,0,12000,43000,-31000,-31000
048836,牧德凱基94購03  ,0,0,0,0,0,0,0,0,0,-31000,0,0,0,0,31000,-31000,-31000
043396,世紀鋼元大93購01,0,0,0,0,0,0,0,0,0,-31000,0,0,0,0,31000,-31000,-31000
049602,南電元大95購01  ,0,0,0,0,0,0,0,0,0,-31000,0,0,0,92000,123000,-31000,-31000
049700,瀚宇博元大97購01,0,0,0,0,0,0,0,0,0,-31000,0,0,0,3000,34000,-31000,-31000
050880,大立光元富95購03,0,0,0,0,0,0,0,0,0,-31000,0,0,0,81000,112000,-31000,-31000
052536,聯茂國泰97購01  ,0,0,0,0,0,0,0,0,0,-31000,0,0,0,45000,76000,-31000,-31000
050360,T50反1元大94購06,0,0,0,0,0,0,0,0,0,-31000,0,0,0,0,31000,-31000,-31000
054464,奇力新凱基98購02,0,0,0,0,0,0,0,0,0,-31000,0,0,0,2000,33000,-31000,-31000
054661,嘉聯益元大97購03,0,0,0,0,0,0,0,0,0,-31000,0,0,0,83000,114000,-31000,-31000
053126,健策凱基97購02  ,0,0,0,0,0,0,0,0,0,-31000,0,0,0,136000,167000,-31000,-31000
053441,旺宏凱基98購01  ,0,0,0,0,0,0,0,0,0,-31000,0,0,0,37000,68000,-31000,-31000
054051,貿聯元大97購03  ,0,0,0,0,0,0,0,0,0,-31000,0,0,0,42000,73000,-31000,-31000
06810P,國巨統一99售03  ,0,0,0,0,0,0,0,0,0,-31000,0,0,0,20000,51000,-31000,-31000
06105P,國巨國票98售02  ,0,0,0,0,0,0,0,0,0,-31000,0,0,0,51000,82000,-31000,-31000
06332P,世紀鋼群益98售01,0,0,0,0,0,0,0,0,0,-31000,0,0,0,0,31000,-31000,-31000
6541,泰福-KY         ,158000,190000,-32000,0,0,0,0,0,0,1000,1000,0,1000,0,0,0,-31000
2404,漢唐            ,165000,215000,-50000,0,0,0,0,0,0,19000,4000,0,4000,25000,10000,15000,-31000
3056,總太            ,125000,154000,-29000,0,0,0,0,3000,-3000,1000,1000,0,1000,0,0,0,-31000
056763,國巨元大99購02  ,0,0,0,0,0,0,0,0,0,-32000,0,0,0,0,32000,-32000,-32000
05780P,台積電統一96售07,0,0,0,0,0,0,0,0,0,-32000,0,0,0,19000,51000,-32000,-32000
055706,大立光永豐97購03,0,0,0,0,0,0,0,0,0,-32000,0,0,0,20000,52000,-32000,-32000
056375,玉晶光統一01購01,0,0,0,0,0,0,0,0,0,-32000,0,0,0,5000,37000,-32000,-32000
05631P,國巨富邦9A售01  ,0,0,0,0,0,0,0,0,0,-32000,0,0,0,34000,66000,-32000,-32000
056297,台光電元大97購04,0,0,0,0,0,0,0,0,0,-32000,0,0,0,106000,138000,-32000,-32000
056468,鴻海元大98購07  ,0,0,0,0,0,0,0,0,0,-32000,0,0,0,139000,171000,-32000,-32000
056422,全新統一98購02  ,0,0,0,0,0,0,0,0,0,-32000,0,0,0,116000,148000,-32000,-32000
045750,鈺齊富邦94購01  ,0,0,0,0,0,0,0,0,0,-32000,0,0,0,10000,42000,-32000,-32000
048549,滬深2X元大96購03,0,0,0,0,0,0,0,0,0,-32000,0,0,0,0,32000,-32000,-32000
048642,聯發科元大94購02,0,0,0,0,0,0,0,0,0,-32000,0,0,0,68000,100000,-32000,-32000
047127,臻鼎中信95購01  ,0,0,0,0,0,0,0,0,0,-32000,0,0,0,98000,130000,-32000,-32000
050181,富邦金元大94購02,0,0,0,0,0,0,0,0,0,-32000,0,0,0,68000,100000,-32000,-32000
052065,臺股指國票95購12,0,0,0,0,0,0,0,0,0,-32000,0,0,0,5000,37000,-32000,-32000
051163,鴻海元大95購04  ,0,0,0,0,0,0,0,0,0,-32000,0,0,0,68000,100000,-32000,-32000
050494,可成永昌96購01  ,0,0,0,0,0,0,0,0,0,-32000,0,0,0,120000,152000,-32000,-32000
049762,華邦電國泰95購01,0,0,0,0,0,0,0,0,0,-32000,0,0,0,74000,106000,-32000,-32000
049695,新光金元大9A購01,0,0,0,0,0,0,0,0,0,-32000,0,0,0,0,32000,-32000,-32000
054152,漢唐國泰98購02  ,0,0,0,0,0,0,0,0,0,-32000,0,0,0,43000,75000,-32000,-32000
053748,燿華永豐96購04  ,0,0,0,0,0,0,0,0,0,-32000,0,0,0,0,32000,-32000,-32000
05358P,大立光元大95售09,0,0,0,0,0,0,0,0,0,-32000,0,0,0,0,32000,-32000,-32000
053619,和碩群益96購01  ,0,0,0,0,0,0,0,0,0,-32000,0,0,0,15000,47000,-32000,-32000
053395,致茂中信96購01  ,0,0,0,0,0,0,0,0,0,-32000,0,0,0,0,32000,-32000,-32000
052952,矽創國票97購02  ,0,0,0,0,0,0,0,0,0,-32000,0,0,0,81000,113000,-32000,-32000
054649,聯茂群益97購01  ,0,0,0,0,0,0,0,0,0,-32000,0,0,0,170000,202000,-32000,-32000
054688,兆赫永豐97購01  ,0,0,0,0,0,0,0,0,0,-32000,0,0,0,0,32000,-32000,-32000
055127,台虹兆豐97購01  ,0,0,0,0,0,0,0,0,0,-32000,0,0,0,0,32000,-32000,-32000
06262P,國巨凱基97售07  ,0,0,0,0,0,0,0,0,0,-32000,0,0,0,0,32000,-32000,-32000
06219P,國巨元富97售05  ,0,0,0,0,0,0,0,0,0,-32000,0,0,0,40000,72000,-32000,-32000
057960,聯鈞元大98購02  ,0,0,0,0,0,0,0,0,0,-32000,0,0,0,4000,36000,-32000,-32000
06458P,玉晶光統一9A售02,0,0,0,0,0,0,0,0,0,-32000,0,0,0,18000,50000,-32000,-32000
056372,訊芯元大98購04  ,0,0,0,0,0,0,0,0,0,-33000,0,0,0,68000,101000,-33000,-33000
055666,鴻海群益97購05  ,0,0,0,0,0,0,0,0,0,-33000,0,0,0,0,33000,-33000,-33000
055663,崇越中信97購01  ,0,0,0,0,0,0,0,0,0,-33000,0,0,0,198000,231000,-33000,-33000
055661,亞德客中信98購01,0,0,0,0,0,0,0,0,0,-33000,0,0,0,0,33000,-33000,-33000
055547,台積電凱基97購13,0,0,0,0,0,0,0,0,0,-33000,0,0,0,140000,173000,-33000,-33000
055970,聯茂元大97購04  ,0,0,0,0,0,0,0,0,0,-33000,0,0,0,165000,198000,-33000,-33000
057766,矽力凱基98購03  ,0,0,0,0,0,0,0,0,0,-33000,0,0,0,9000,42000,-33000,-33000
057388,奇鋐永豐98購02  ,0,0,0,0,0,0,0,0,0,-33000,0,0,0,137000,170000,-33000,-33000
056910,超眾元大99購02  ,0,0,0,0,0,0,0,0,0,-33000,0,0,0,9000,42000,-33000,-33000
057116,鴻海日盛9A購01  ,0,0,0,0,0,0,0,0,0,-33000,0,0,0,30000,63000,-33000,-33000
04807P,聯茂元富94售01  ,0,0,0,0,0,0,0,0,0,-33000,0,0,0,27000,60000,-33000,-33000
046813,聯電凱基96購01  ,0,0,0,0,0,0,0,0,0,-33000,0,0,0,7000,40000,-33000,-33000
051466,玉晶光富邦97購01,0,0,0,0,0,0,0,0,0,-33000,0,0,0,21000,54000,-33000,-33000
050456,聯茂元大94購09  ,0,0,0,0,0,0,0,0,0,-33000,0,0,0,63000,96000,-33000,-33000
051344,鴻海元大95購08  ,0,0,0,0,0,0,0,0,0,-33000,0,0,0,210000,243000,-33000,-33000
051256,中磊元大95購01  ,0,0,0,0,0,0,0,0,0,-33000,0,0,0,35000,68000,-33000,-33000
051970,元黃金凱基98購01,0,0,0,0,0,0,0,0,0,-33000,0,0,0,3000,36000,-33000,-33000
049776,全新統一95購02  ,0,0,0,0,0,0,0,0,0,-33000,0,0,0,28000,61000,-33000,-33000
052540,華新科統一95購03,0,0,0,0,0,0,0,0,0,-33000,0,0,0,12000,45000,-33000,-33000
052233,台郡凱基96購01  ,0,0,0,0,0,0,0,0,0,-33000,0,0,0,47000,80000,-33000,-33000
055306,燿華群益97購01  ,0,0,0,0,0,0,0,0,0,-33000,0,0,0,0,33000,-33000,-33000
05516P,台積電元大96售12,0,0,0,0,0,0,0,0,0,-33000,0,0,0,108000,141000,-33000,-33000
054579,聯茂元大97購01  ,0,0,0,0,0,0,0,0,0,-33000,0,0,0,197000,230000,-33000,-33000
054562,亞光群益98購01  ,0,0,0,0,0,0,0,0,0,-33000,0,0,0,0,33000,-33000,-33000
052893,聯電群益98購01  ,0,0,0,0,0,0,0,0,0,-33000,0,0,0,21000,54000,-33000,-33000
053376,鴻海元大96購19  ,0,0,0,0,0,0,0,0,0,-33000,0,0,0,231000,264000,-33000,-33000
053992,中環群益96購01  ,0,0,0,0,0,0,0,0,0,-33000,0,0,0,0,33000,-33000,-33000
06463P,大立光富邦9A售01,0,0,0,0,0,0,0,0,0,-33000,0,0,0,17000,50000,-33000,-33000
06034P,世芯凱基96售03  ,0,0,0,0,0,0,0,0,0,-33000,0,0,0,13000,46000,-33000,-33000
2495,普安            ,3000,36000,-33000,0,0,0,0,0,0,0,0,0,0,0,0,0,-33000
5706,鳳凰            ,8000,42800,-34800,0,0,0,0,0,0,1000,1000,0,1000,0,0,0,-33800
057142,力成兆豐98購01  ,0,0,0,0,0,0,0,0,0,-34000,0,0,0,714000,748000,-34000,-34000
057837,康控國泰99購02  ,0,0,0,0,0,0,0,0,0,-34000,0,0,0,14000,48000,-34000,-34000
056615,燿華永豐98購02  ,0,0,0,0,0,0,0,0,0,-34000,0,0,0,84000,118000,-34000,-34000
046703,瑞昱元富95購01  ,0,0,0,0,0,0,0,0,0,-34000,0,0,0,1000,35000,-34000,-34000
048582,國泰金富邦93購01,0,0,0,0,0,0,0,0,0,-34000,0,0,0,16000,50000,-34000,-34000
04383P,泰鼎國泰95售01  ,0,0,0,0,0,0,0,0,0,-34000,0,0,0,16000,50000,-34000,-34000
046298,聯發科富邦94購01,0,0,0,0,0,0,0,0,0,-34000,0,0,0,237000,271000,-34000,-34000
03416B,臺股指凱基95熊05,0,0,0,0,0,0,0,0,0,-34000,0,0,0,49000,83000,-34000,-34000
052661,奇力新國票97購03,0,0,0,0,0,0,0,0,0,-34000,0,0,0,0,34000,-34000,-34000
049418,大立光凱基94購05,0,0,0,0,0,0,0,0,0,-34000,0,0,0,0,34000,-34000,-34000
049618,美律群益94購03  ,0,0,0,0,0,0,0,0,0,-34000,0,0,0,28000,62000,-34000,-34000
054118,國巨永豐96購04  ,0,0,0,0,0,0,0,0,0,-34000,0,0,0,130000,164000,-34000,-34000
054099,TPK國票98購01   ,0,0,0,0,0,0,0,0,0,-34000,0,0,0,0,34000,-34000,-34000
05382P,電子類群益95售02,0,0,0,0,0,0,0,0,0,-34000,0,0,0,0,34000,-34000,-34000
052945,嘉晶國票97購01  ,0,0,0,0,0,0,0,0,0,-34000,0,0,0,19000,53000,-34000,-34000
054750,聯茂凱基98購02  ,0,0,0,0,0,0,0,0,0,-34000,0,0,0,62000,96000,-34000,-34000
054812,鴻海元大97購08  ,0,0,0,0,0,0,0,0,0,-34000,0,0,0,1134000,1168000,-34000,-34000
055371,正崴元大97購02  ,0,0,0,0,0,0,0,0,0,-34000,0,0,0,13000,47000,-34000,-34000
9933,中鼎            ,441000,475000,-34000,0,0,0,0,0,0,0,0,0,0,0,0,0,-34000
06405P,億光元富97售02  ,0,0,0,0,0,0,0,0,0,-34000,0,0,0,10000,44000,-34000,-34000
1709,和益            ,20000,55000,-35000,0,0,0,0,0,0,1000,3000,2000,1000,0,0,0,-34000
056642,旺宏凱基98購07  ,0,0,0,0,0,0,0,0,0,-35000,0,0,0,47000,82000,-35000,-35000
055477,同欣電凱基98購01,0,0,0,0,0,0,0,0,0,-35000,0,0,0,16000,51000,-35000,-35000
057587,微星國票99購01  ,0,0,0,0,0,0,0,0,0,-35000,0,0,0,0,35000,-35000,-35000
057698,奇力新群益98購02,0,0,0,0,0,0,0,0,0,-35000,0,0,0,133000,168000,-35000,-35000
057641,旺宏元大98購10  ,0,0,0,0,0,0,0,0,0,-35000,0,0,0,5000,40000,-35000,-35000
057282,大立光元大99購06,0,0,0,0,0,0,0,0,0,-35000,0,0,0,2000,37000,-35000,-35000
057302,福懋科中信98購01,0,0,0,0,0,0,0,0,0,-35000,0,0,0,0,35000,-35000,-35000
057264,新光金兆豐98購01,0,0,0,0,0,0,0,0,0,-35000,0,0,0,70000,105000,-35000,-35000
047686,元油反富邦94購02,0,0,0,0,0,0,0,0,0,-35000,0,0,0,0,35000,-35000,-35000
048307,道瓊指凱基93購01,0,0,0,0,0,0,0,0,0,-35000,0,0,0,0,35000,-35000,-35000
048755,志超元富96購01  ,0,0,0,0,0,0,0,0,0,-35000,0,0,0,30000,65000,-35000,-35000
044834,旺宏元大93購02  ,0,0,0,0,0,0,0,0,0,-35000,0,0,0,0,35000,-35000,-35000
046650,台表科國泰94購01,0,0,0,0,0,0,0,0,0,-35000,0,0,0,0,35000,-35000,-35000
048550,中鴻元大96購01  ,0,0,0,0,0,0,0,0,0,-35000,0,0,0,0,35000,-35000,-35000
048328,滬深2X永昌94購01,0,0,0,0,0,0,0,0,0,-35000,0,0,0,0,35000,-35000,-35000
049260,華新科元大96購01,0,0,0,0,0,0,0,0,0,-35000,0,0,0,10000,45000,-35000,-35000
049346,新光金統一95購01,0,0,0,0,0,0,0,0,0,-35000,0,0,0,65000,100000,-35000,-35000
049388,南電元大94購05  ,0,0,0,0,0,0,0,0,0,-35000,0,0,0,200000,235000,-35000,-35000
049365,美律元大94購04  ,0,0,0,0,0,0,0,0,0,-35000,0,0,0,33000,68000,-35000,-35000
050544,聯發科凱基95購02,0,0,0,0,0,0,0,0,0,-35000,0,0,0,101000,136000,-35000,-35000
05272P,臻鼎中信97售03  ,0,0,0,0,0,0,0,0,0,-35000,0,0,0,0,35000,-35000,-35000
05221P,玉晶光元大95售04,0,0,0,0,0,0,0,0,0,-35000,0,0,0,0,35000,-35000,-35000
049797,台積電元大94購17,0,0,0,0,0,0,0,0,0,-35000,0,0,0,37000,72000,-35000,-35000
050283,T50反1凱基9A購01,0,0,0,0,0,0,0,0,0,-35000,0,0,0,45000,80000,-35000,-35000
049996,元油2X永豐94購05,0,0,0,0,0,0,0,0,0,-35000,0,0,0,0,35000,-35000,-35000
055374,明泰元大97購01  ,0,0,0,0,0,0,0,0,0,-35000,0,0,0,4000,39000,-35000,-35000
055071,群電永豐97購01  ,0,0,0,0,0,0,0,0,0,-35000,0,0,0,0,35000,-35000,-35000
05502P,台表科國票97售01,0,0,0,0,0,0,0,0,0,-35000,0,0,0,45000,80000,-35000,-35000
054991,南亞科元富97購01,0,0,0,0,0,0,0,0,0,-35000,0,0,0,0,35000,-35000,-35000
053327,彩晶台新97購01  ,0,0,0,0,0,0,0,0,0,-35000,0,0,0,38000,73000,-35000,-35000
053923,亞光國票97購01  ,0,0,0,0,0,0,0,0,0,-35000,0,0,0,55000,90000,-35000,-35000
06567P,鴻海永豐98售02  ,0,0,0,0,0,0,0,0,0,-35000,0,0,0,0,35000,-35000,-35000
06767P,台積電永昌99售03,0,0,0,0,0,0,0,0,0,-35000,0,0,0,115000,150000,-35000,-35000
6477,安集            ,15000,50000,-35000,0,0,0,0,0,0,0,0,0,0,0,0,0,-35000
057336,聯發科國票99購01,0,0,0,0,0,0,0,0,0,-36000,0,0,0,5000,41000,-36000,-36000
057405,麗豐群益98購01  ,0,0,0,0,0,0,0,0,0,-36000,0,0,0,20000,56000,-36000,-36000
057436,義隆國票99購02  ,0,0,0,0,0,0,0,0,0,-36000,0,0,0,0,36000,-36000,-36000
057562,奇鋐兆豐98購01  ,0,0,0,0,0,0,0,0,0,-36000,0,0,0,100000,136000,-36000,-36000
056577,玉晶光元大99購06,0,0,0,0,0,0,0,0,0,-36000,0,0,0,178000,214000,-36000,-36000
05637P,聯電元大96售04  ,0,0,0,0,0,0,0,0,0,-36000,0,0,0,88000,124000,-36000,-36000
050010,鈺齊永豐94購01  ,0,0,0,0,0,0,0,0,0,-36000,0,0,0,0,36000,-36000,-36000
05005P,台表科統一95售01,0,0,0,0,0,0,0,0,0,-36000,0,0,0,86000,122000,-36000,-36000
050034,智伸科元大94購01,0,0,0,0,0,0,0,0,0,-36000,0,0,0,0,36000,-36000,-36000
051968,勤誠永豐95購01  ,0,0,0,0,0,0,0,0,0,-36000,0,0,0,45000,81000,-36000,-36000
049803,華新科元大95購07,0,0,0,0,0,0,0,0,0,-36000,0,0,0,8000,44000,-36000,-36000
050500,台積電凱基94購36,0,0,0,0,0,0,0,0,0,-36000,0,0,0,145000,181000,-36000,-36000
051486,玉晶光凱基97購03,0,0,0,0,0,0,0,0,0,-36000,0,0,0,30000,66000,-36000,-36000
053697,臻鼎元大96購02  ,0,0,0,0,0,0,0,0,0,-36000,0,0,0,111000,147000,-36000,-36000
053400,緯穎中信9A購01  ,0,0,0,0,0,0,0,0,0,-36000,0,0,0,30000,66000,-36000,-36000
053176,矽力群益96購02  ,0,0,0,0,0,0,0,0,0,-36000,0,0,0,60000,96000,-36000,-36000
05493P,華新科富邦99售02,0,0,0,0,0,0,0,0,0,-36000,0,0,0,0,36000,-36000,-36000
054881,光罩統一97購01  ,0,0,0,0,0,0,0,0,0,-36000,0,0,0,0,36000,-36000,-36000
055384,緯穎元大98購02  ,0,0,0,0,0,0,0,0,0,-36000,0,0,0,25000,61000,-36000,-36000
054352,世芯國泰98購01  ,0,0,0,0,0,0,0,0,0,-36000,0,0,0,50000,86000,-36000,-36000
3563,牧德            ,87000,173000,-86000,0,0,0,0,0,0,50000,2000,6000,-4000,61000,7000,54000,-36000
9188,精熙-DR         ,0,36000,-36000,0,0,0,0,0,0,0,0,0,0,0,0,0,-36000
06248P,國巨統一97售07  ,0,0,0,0,0,0,0,0,0,-36000,0,0,0,1000,37000,-36000,-36000
057970,國巨富邦99購03  ,0,0,0,0,0,0,0,0,0,-36000,0,0,0,0,36000,-36000,-36000
05819P,臺股指凱基96售16,0,0,0,0,0,0,0,0,0,-36000,0,0,0,20000,56000,-36000,-36000
055600,致伸元大97購02  ,0,0,0,0,0,0,0,0,0,-37000,0,0,0,0,37000,-37000,-37000
055734,奇力新元富97購02,0,0,0,0,0,0,0,0,0,-37000,0,0,0,10000,47000,-37000,-37000
057508,康控國票99購03  ,0,0,0,0,0,0,0,0,0,-37000,0,0,0,19000,56000,-37000,-37000
057691,健策凱基99購01  ,0,0,0,0,0,0,0,0,0,-37000,0,0,0,0,37000,-37000,-37000
057732,牧德國泰9A購01  ,0,0,0,0,0,0,0,0,0,-37000,0,0,0,12000,49000,-37000,-37000
056842,全新元富98購01  ,0,0,0,0,0,0,0,0,0,-37000,0,0,0,33000,70000,-37000,-37000
048557,瑞昱元大94購01  ,0,0,0,0,0,0,0,0,0,-37000,0,0,0,25000,62000,-37000,-37000
04702P,臺股指元富94售08,0,0,0,0,0,0,0,0,0,-37000,0,0,0,706000,743000,-37000,-37000
048965,佳世達元大94購01,0,0,0,0,0,0,0,0,0,-37000,0,0,0,74000,111000,-37000,-37000
051088,台積電元大95購09,0,0,0,0,0,0,0,0,0,-37000,0,0,0,85000,122000,-37000,-37000
050734,台積電台新94購02,0,0,0,0,0,0,0,0,0,-37000,0,0,0,2000,39000,-37000,-37000
044016,義隆凱基93購01  ,0,0,0,0,0,0,0,0,0,-37000,0,0,0,3000,40000,-37000,-37000
051484,玉晶光凱基97購01,0,0,0,0,0,0,0,0,0,-37000,0,0,0,108000,145000,-37000,-37000
051560,玉晶光國泰97購03,0,0,0,0,0,0,0,0,0,-37000,0,0,0,166000,203000,-37000,-37000
051461,聯詠國泰96購01  ,0,0,0,0,0,0,0,0,0,-37000,0,0,0,33000,70000,-37000,-37000
051823,矽力元富95購02  ,0,0,0,0,0,0,0,0,0,-37000,0,0,0,10000,47000,-37000,-37000
049209,GIS群益94購03   ,0,0,0,0,0,0,0,0,0,-37000,0,0,0,30000,67000,-37000,-37000
049690,義隆元大95購02  ,0,0,0,0,0,0,0,0,0,-37000,0,0,0,20000,57000,-37000,-37000
050006,華擎永豐94購03  ,0,0,0,0,0,0,0,0,0,-37000,0,0,0,23000,60000,-37000,-37000
052610,貿聯元大97購01  ,0,0,0,0,0,0,0,0,0,-37000,0,0,0,43000,80000,-37000,-37000
054390,智邦元富96購03  ,0,0,0,0,0,0,0,0,0,-37000,0,0,0,86000,123000,-37000,-37000
055428,友達群益9C購01  ,0,0,0,0,0,0,0,0,0,-37000,0,0,0,46000,83000,-37000,-37000
055292,聯鈞元大97購02  ,0,0,0,0,0,0,0,0,0,-37000,0,0,0,101000,138000,-37000,-37000
055153,台光電元大98購02,0,0,0,0,0,0,0,0,0,-37000,0,0,0,163000,200000,-37000,-37000
052855,群創日盛99購01  ,0,0,0,0,0,0,0,0,0,-37000,0,0,0,0,37000,-37000,-37000
053677,同欣電國泰97購01,0,0,0,0,0,0,0,0,0,-37000,0,0,0,3000,40000,-37000,-37000
053598,日月光元大96購04,0,0,0,0,0,0,0,0,0,-37000,0,0,0,68000,105000,-37000,-37000
06129P,玉晶光元富97售06,0,0,0,0,0,0,0,0,0,-37000,0,0,0,10000,47000,-37000,-37000
06145P,華新科永豐97售02,0,0,0,0,0,0,0,0,0,-37000,0,0,0,14000,51000,-37000,-37000
1558,伸興            ,1000,38000,-37000,0,0,0,0,0,0,0,0,0,0,0,0,0,-37000
056761,元油2X元大98購07,0,0,0,0,0,0,0,0,0,-38000,0,0,0,445000,483000,-38000,-38000
057216,聯發科群益99購01,0,0,0,0,0,0,0,0,0,-38000,0,0,0,138000,176000,-38000,-38000
057214,瑞昱群益98購01  ,0,0,0,0,0,0,0,0,0,-38000,0,0,0,40000,78000,-38000,-38000
057824,日月光元大98購01,0,0,0,0,0,0,0,0,0,-38000,0,0,0,39000,77000,-38000,-38000
057462,光磊永豐98購02  ,0,0,0,0,0,0,0,0,0,-38000,0,0,0,77000,115000,-38000,-38000
057387,奇力新永豐98購03,0,0,0,0,0,0,0,0,0,-38000,0,0,0,0,38000,-38000,-38000
055716,致茂元大97購01  ,0,0,0,0,0,0,0,0,0,-38000,0,0,0,2000,40000,-38000,-38000
056476,智原元大98購02  ,0,0,0,0,0,0,0,0,0,-38000,0,0,0,46000,84000,-38000,-38000
056253,京鼎兆豐98購01  ,0,0,0,0,0,0,0,0,0,-38000,0,0,0,0,38000,-38000,-38000
048703,康控國票95購01  ,0,0,0,0,0,0,0,0,0,-38000,0,0,0,38000,76000,-38000,-38000
050958,日月光台新95購01,0,0,0,0,0,0,0,0,0,-38000,0,0,0,0,38000,-38000,-38000
047049,聯發科國票94購01,0,0,0,0,0,0,0,0,0,-38000,0,0,0,12000,50000,-38000,-38000
049058,茂林永豐94購02  ,0,0,0,0,0,0,0,0,0,-38000,0,0,0,0,38000,-38000,-38000
048600,嘉澤國票94購01  ,0,0,0,0,0,0,0,0,0,-38000,0,0,0,0,38000,-38000,-38000
048239,嘉澤國票93購01  ,0,0,0,0,0,0,0,0,0,-38000,0,0,0,0,38000,-38000,-38000
048555,技嘉元大93購02  ,0,0,0,0,0,0,0,0,0,-38000,0,0,0,169000,207000,-38000,-38000
049893,日月光富邦98購01,0,0,0,0,0,0,0,0,0,-38000,0,0,0,0,38000,-38000,-38000
051894,嘉聯益元富95購03,0,0,0,0,0,0,0,0,0,-38000,0,0,0,0,38000,-38000,-38000
052012,聯發科台新95購02,0,0,0,0,0,0,0,0,0,-38000,0,0,0,0,38000,-38000,-38000
049217,智邦國票95購01  ,0,0,0,0,0,0,0,0,0,-38000,0,0,0,0,38000,-38000,-38000
049586,正崴元大94購01  ,0,0,0,0,0,0,0,0,0,-38000,0,0,0,13000,51000,-38000,-38000
051404,牧德永豐96購01  ,0,0,0,0,0,0,0,0,0,-38000,0,0,0,1000,39000,-38000,-38000
049492,聯發科元大95購02,0,0,0,0,0,0,0,0,0,-38000,0,0,0,93000,131000,-38000,-38000
053784,奇力新元大97購02,0,0,0,0,0,0,0,0,0,-38000,0,0,0,4000,42000,-38000,-38000
053889,致茂群益97購01  ,0,0,0,0,0,0,0,0,0,-38000,0,0,0,36000,74000,-38000,-38000
053178,南亞科統一98購01,0,0,0,0,0,0,0,0,0,-38000,0,0,0,31000,69000,-38000,-38000
053203,智易日盛96購01  ,0,0,0,0,0,0,0,0,0,-38000,0,0,0,10000,48000,-38000,-38000
053389,彩晶元大98購01  ,0,0,0,0,0,0,0,0,0,-38000,0,0,0,240000,278000,-38000,-38000
053487,台泥兆豐97購01  ,0,0,0,0,0,0,0,0,0,-38000,0,0,0,0,38000,-38000,-38000
054490,臻鼎台新96購02  ,0,0,0,0,0,0,0,0,0,-38000,0,0,0,0,38000,-38000,-38000
054482,大成鋼台新96購01,0,0,0,0,0,0,0,0,0,-38000,0,0,0,0,38000,-38000,-38000
054417,牧德元大96購01  ,0,0,0,0,0,0,0,0,0,-38000,0,0,0,9000,47000,-38000,-38000
054775,復盛國票98購01  ,0,0,0,0,0,0,0,0,0,-38000,0,0,0,7000,45000,-38000,-38000
06088P,建準永豐97售01  ,0,0,0,0,0,0,0,0,0,-38000,0,0,0,12000,50000,-38000,-38000
057895,全新元富9B購01  ,0,0,0,0,0,0,0,0,0,-38000,0,0,0,0,38000,-38000,-38000
057866,玉山金凱基98購01,0,0,0,0,0,0,0,0,0,-38000,0,0,0,0,38000,-38000,-38000
3501,維熹            ,12000,50000,-38000,0,0,0,0,0,0,0,0,0,0,0,0,0,-38000
8028,昇陽半導體      ,126000,174000,-48000,0,0,0,0,0,0,10000,3000,3000,0,22000,12000,10000,-38000
056536,義隆凱基98購04  ,0,0,0,0,0,0,0,0,0,-39000,0,0,0,0,39000,-39000,-39000
055689,台郡凱基99購01  ,0,0,0,0,0,0,0,0,0,-39000,0,0,0,0,39000,-39000,-39000
05753P,臺股指中信99售02,0,0,0,0,0,0,0,0,0,-39000,0,0,0,16000,55000,-39000,-39000
056835,聯電元富99購01  ,0,0,0,0,0,0,0,0,0,-39000,0,0,0,20000,59000,-39000,-39000
049128,滬深2X元大97購03,0,0,0,0,0,0,0,0,0,-39000,0,0,0,0,39000,-39000,-39000
046568,臻鼎元富95購01  ,0,0,0,0,0,0,0,0,0,-39000,0,0,0,76000,115000,-39000,-39000
03162P,泰碩元大01售02  ,0,0,0,0,0,0,0,0,0,-39000,0,0,0,0,39000,-39000,-39000
049477,泰鼎永豐94購01  ,0,0,0,0,0,0,0,0,0,-39000,0,0,0,50000,89000,-39000,-39000
050477,矽力永豐94購01  ,0,0,0,0,0,0,0,0,0,-39000,0,0,0,25000,64000,-39000,-39000
051618,智邦凱基95購06  ,0,0,0,0,0,0,0,0,0,-39000,0,0,0,40000,79000,-39000,-39000
05002P,台積電統一95售03,0,0,0,0,0,0,0,0,0,-39000,0,0,0,0,39000,-39000,-39000
050124,元金2X凱基95購01,0,0,0,0,0,0,0,0,0,-39000,0,0,0,21000,60000,-39000,-39000
054778,世紀鋼國票99購01,0,0,0,0,0,0,0,0,0,-39000,0,0,0,12000,51000,-39000,-39000
054794,貿聯群益98購01  ,0,0,0,0,0,0,0,0,0,-39000,0,0,0,21000,60000,-39000,-39000
054549,台積電凱基98購01,0,0,0,0,0,0,0,0,0,-39000,0,0,0,309000,348000,-39000,-39000
055097,福懋科群益97購01,0,0,0,0,0,0,0,0,0,-39000,0,0,0,92000,131000,-39000,-39000
053410,啟碁兆豐96購01  ,0,0,0,0,0,0,0,0,0,-39000,0,0,0,0,39000,-39000,-39000
053066,欣興群益96購02  ,0,0,0,0,0,0,0,0,0,-39000,0,0,0,21000,60000,-39000,-39000
3703,欣陸            ,41000,80000,-39000,0,0,0,0,0,0,0,0,0,0,0,0,0,-39000
3024,憶聲            ,0,39000,-39000,0,0,0,0,0,0,0,0,0,0,0,0,0,-39000
056843,冠德元富98購01  ,0,0,0,0,0,0,0,0,0,-40000,0,0,0,20000,60000,-40000,-40000
057042,台積電元大98購10,0,0,0,0,0,0,0,0,0,-40000,0,0,0,260000,300000,-40000,-40000
057496,佐登元大98購02  ,0,0,0,0,0,0,0,0,0,-40000,0,0,0,0,40000,-40000,-40000
057482,微星元大98購03  ,0,0,0,0,0,0,0,0,0,-40000,0,0,0,0,40000,-40000,-40000
057621,崇越凱基98購01  ,0,0,0,0,0,0,0,0,0,-40000,0,0,0,0,40000,-40000,-40000
057605,旺宏統一99購03  ,0,0,0,0,0,0,0,0,0,-40000,0,0,0,0,40000,-40000,-40000
05568P,台積電統一96售03,0,0,0,0,0,0,0,0,0,-40000,0,0,0,0,40000,-40000,-40000
055955,微星元大97購01  ,0,0,0,0,0,0,0,0,0,-40000,0,0,0,61000,101000,-40000,-40000
055748,GIS元富97購01   ,0,0,0,0,0,0,0,0,0,-40000,0,0,0,0,40000,-40000,-40000
055810,T50反1國票99購01,0,0,0,0,0,0,0,0,0,-40000,0,0,0,0,40000,-40000,-40000
056570,旺宏元大98購07  ,0,0,0,0,0,0,0,0,0,-40000,0,0,0,0,40000,-40000,-40000
056120,聯茂群益97購02  ,0,0,0,0,0,0,0,0,0,-40000,0,0,0,169000,209000,-40000,-40000
056121,勤誠群益97購01  ,0,0,0,0,0,0,0,0,0,-40000,0,0,0,0,40000,-40000,-40000
056168,鴻海元富97購07  ,0,0,0,0,0,0,0,0,0,-40000,0,0,0,20000,60000,-40000,-40000
056174,億光元富97購01  ,0,0,0,0,0,0,0,0,0,-40000,0,0,0,0,40000,-40000,-40000
04250P,嘉晶統一95售02  ,0,0,0,0,0,0,0,0,0,-40000,0,0,0,0,40000,-40000,-40000
046293,聯發科統一94購01,0,0,0,0,0,0,0,0,0,-40000,0,0,0,0,40000,-40000,-40000
043660,華新科元大93購01,0,0,0,0,0,0,0,0,0,-40000,0,0,0,0,40000,-40000,-40000
042929,台積電中信95購02,0,0,0,0,0,0,0,0,0,-40000,0,0,0,10000,50000,-40000,-40000
045937,臻鼎群益93購02  ,0,0,0,0,0,0,0,0,0,-40000,0,0,0,0,40000,-40000,-40000
046657,燿華元大93購01  ,0,0,0,0,0,0,0,0,0,-40000,0,0,0,10000,50000,-40000,-40000
04460P,元油2X元富96售04,0,0,0,0,0,0,0,0,0,-40000,0,0,0,0,40000,-40000,-40000
044722,滬深2X永豐93購01,0,0,0,0,0,0,0,0,0,-40000,0,0,0,0,40000,-40000,-40000
044680,華新科凱基93購06,0,0,0,0,0,0,0,0,0,-40000,0,0,0,0,40000,-40000,-40000
043916,群創凱基93購01  ,0,0,0,0,0,0,0,0,0,-40000,0,0,0,20000,60000,-40000,-40000
044289,群創凱基93購04  ,0,0,0,0,0,0,0,0,0,-40000,0,0,0,10000,50000,-40000,-40000
045074,華新科元大93購03,0,0,0,0,0,0,0,0,0,-40000,0,0,0,0,40000,-40000,-40000
045385,華新科元大93購04,0,0,0,0,0,0,0,0,0,-40000,0,0,0,0,40000,-40000,-40000
048288,T50反1群益93購05,0,0,0,0,0,0,0,0,0,-40000,0,0,0,0,40000,-40000,-40000
047736,聯發科台新94購01,0,0,0,0,0,0,0,0,0,-40000,0,0,0,0,40000,-40000,-40000
048935,玉晶光永豐94購04,0,0,0,0,0,0,0,0,0,-40000,0,0,0,318000,358000,-40000,-40000
047856,GIS國票94購01   ,0,0,0,0,0,0,0,0,0,-40000,0,0,0,0,40000,-40000,-40000
049109,嘉澤富邦95購01  ,0,0,0,0,0,0,0,0,0,-40000,0,0,0,0,40000,-40000,-40000
046882,智易富邦97購01  ,0,0,0,0,0,0,0,0,0,-40000,0,0,0,0,40000,-40000,-40000
048379,台郡元富96購01  ,0,0,0,0,0,0,0,0,0,-40000,0,0,0,10000,50000,-40000,-40000
048163,南亞科台新93購01,0,0,0,0,0,0,0,0,0,-40000,0,0,0,15000,55000,-40000,-40000
047161,世紀鋼國票94購01,0,0,0,0,0,0,0,0,0,-40000,0,0,0,0,40000,-40000,-40000
047599,大立光統一93購08,0,0,0,0,0,0,0,0,0,-40000,0,0,0,40000,80000,-40000,-40000
051075,智邦國泰97購01  ,0,0,0,0,0,0,0,0,0,-40000,0,0,0,77000,117000,-40000,-40000
050721,台泥國票94購01  ,0,0,0,0,0,0,0,0,0,-40000,0,0,0,0,40000,-40000,-40000
050831,超眾凱基95購01  ,0,0,0,0,0,0,0,0,0,-40000,0,0,0,8000,48000,-40000,-40000
050162,中環國泰95購01  ,0,0,0,0,0,0,0,0,0,-40000,0,0,0,0,40000,-40000,-40000
050319,康控國票95購04  ,0,0,0,0,0,0,0,0,0,-40000,0,0,0,0,40000,-40000,-40000
050174,技嘉元大94購01  ,0,0,0,0,0,0,0,0,0,-40000,0,0,0,10000,50000,-40000,-40000
052011,欣興中信96購01  ,0,0,0,0,0,0,0,0,0,-40000,0,0,0,0,40000,-40000,-40000
052593,台積電群益96購02,0,0,0,0,0,0,0,0,0,-40000,0,0,0,0,40000,-40000,-40000
052457,日月光元富95購01,0,0,0,0,0,0,0,0,0,-40000,0,0,0,50000,90000,-40000,-40000
052533,聯發科國泰96購03,0,0,0,0,0,0,0,0,0,-40000,0,0,0,0,40000,-40000,-40000
051819,燿華統一96購01  ,0,0,0,0,0,0,0,0,0,-40000,0,0,0,0,40000,-40000,-40000
051758,瑞昱元大95購01  ,0,0,0,0,0,0,0,0,0,-40000,0,0,0,6000,46000,-40000,-40000
051877,嘉聯益國票97購02,0,0,0,0,0,0,0,0,0,-40000,0,0,0,0,40000,-40000,-40000
051111,可成統一95購02  ,0,0,0,0,0,0,0,0,0,-40000,0,0,0,0,40000,-40000,-40000
049357,微星富邦94購01  ,0,0,0,0,0,0,0,0,0,-40000,0,0,0,0,40000,-40000,-40000
049335,聯電統一97購01  ,0,0,0,0,0,0,0,0,0,-40000,0,0,0,0,40000,-40000,-40000
049751,牧德永豐95購01  ,0,0,0,0,0,0,0,0,0,-40000,0,0,0,1000,41000,-40000,-40000
049697,群創元大98購01  ,0,0,0,0,0,0,0,0,0,-40000,0,0,0,24000,64000,-40000,-40000
050503,聯發科凱基94購22,0,0,0,0,0,0,0,0,0,-40000,0,0,0,40000,80000,-40000,-40000
049547,新光金群益94購01,0,0,0,0,0,0,0,0,0,-40000,0,0,0,0,40000,-40000,-40000
051236,鴻海元大96購05  ,0,0,0,0,0,0,0,0,0,-40000,0,0,0,0,40000,-40000,-40000
051280,台積電兆豐95購04,0,0,0,0,0,0,0,0,0,-40000,0,0,0,10000,50000,-40000,-40000
053044,南茂凱基96購02  ,0,0,0,0,0,0,0,0,0,-40000,0,0,0,0,40000,-40000,-40000
052998,拓凱康和96購01  ,0,0,0,0,0,0,0,0,0,-40000,0,0,0,10000,50000,-40000,-40000
053145,元黃金元大96購02,0,0,0,0,0,0,0,0,0,-40000,0,0,0,0,40000,-40000,-40000
053135,信邦國票96購01  ,0,0,0,0,0,0,0,0,0,-40000,0,0,0,10000,50000,-40000,-40000
052841,群創富邦96購02  ,0,0,0,0,0,0,0,0,0,-40000,0,0,0,10000,50000,-40000,-40000
052888,台表科中信9A購01,0,0,0,0,0,0,0,0,0,-40000,0,0,0,0,40000,-40000,-40000
052919,鈺齊富邦98購01  ,0,0,0,0,0,0,0,0,0,-40000,0,0,0,0,40000,-40000,-40000
053311,同欣電凱基96購01,0,0,0,0,0,0,0,0,0,-40000,0,0,0,0,40000,-40000,-40000
053270,台塑元大96購01  ,0,0,0,0,0,0,0,0,0,-40000,0,0,0,68000,108000,-40000,-40000
05413P,台郡國票96售02  ,0,0,0,0,0,0,0,0,0,-40000,0,0,0,0,40000,-40000,-40000
05401P,聯茂永豐95售03  ,0,0,0,0,0,0,0,0,0,-40000,0,0,0,0,40000,-40000,-40000
053679,緯創富邦96購01  ,0,0,0,0,0,0,0,0,0,-40000,0,0,0,0,40000,-40000,-40000
053597,牧德元大99購01  ,0,0,0,0,0,0,0,0,0,-40000,0,0,0,0,40000,-40000,-40000
053616,奇力新群益97購01,0,0,0,0,0,0,0,0,0,-40000,0,0,0,99000,139000,-40000,-40000
053574,奇力新元富99購01,0,0,0,0,0,0,0,0,0,-40000,0,0,0,32000,72000,-40000,-40000
055113,大立光凱基98購06,0,0,0,0,0,0,0,0,0,-40000,0,0,0,50000,90000,-40000,-40000
055189,台虹統一97購01  ,0,0,0,0,0,0,0,0,0,-40000,0,0,0,0,40000,-40000,-40000
05451P,臺股指元大95售28,0,0,0,0,0,0,0,0,0,-40000,0,0,0,0,40000,-40000,-40000
054600,中壽台新97購01  ,0,0,0,0,0,0,0,0,0,-40000,0,0,0,20000,60000,-40000,-40000
054665,華通元富97購02  ,0,0,0,0,0,0,0,0,0,-40000,0,0,0,100000,140000,-40000,-40000
05477P,華新科群益95售06,0,0,0,0,0,0,0,0,0,-40000,0,0,0,0,40000,-40000,-40000
054340,大成鋼元富96購01,0,0,0,0,0,0,0,0,0,-40000,0,0,0,10000,50000,-40000,-40000
057872,旺宏元大99購06  ,0,0,0,0,0,0,0,0,0,-40000,0,0,0,11000,51000,-40000,-40000
06041P,全新永豐96售03  ,0,0,0,0,0,0,0,0,0,-40000,0,0,0,20000,60000,-40000,-40000
05991P,聯茂群益96售05  ,0,0,0,0,0,0,0,0,0,-40000,0,0,0,0,40000,-40000,-40000
05961P,鴻海群益97售01  ,0,0,0,0,0,0,0,0,0,-40000,0,0,0,0,40000,-40000,-40000
05902P,華通國票96售02  ,0,0,0,0,0,0,0,0,0,-40000,0,0,0,0,40000,-40000,-40000
06416P,大立光群益97售06,0,0,0,0,0,0,0,0,0,-40000,0,0,0,0,40000,-40000,-40000
1217,愛之味          ,97000,161000,-64000,0,0,0,0,0,0,24000,24000,0,24000,0,0,0,-40000
06665P,欣興兆豐99售01  ,0,0,0,0,0,0,0,0,0,-40000,0,0,0,0,40000,-40000,-40000
056137,聯鈞元大9A購01  ,0,0,0,0,0,0,0,0,0,-41000,0,0,0,104000,145000,-41000,-41000
056474,華新科元大99購05,0,0,0,0,0,0,0,0,0,-41000,0,0,0,35000,76000,-41000,-41000
055873,聚陽元富97購01  ,0,0,0,0,0,0,0,0,0,-41000,0,0,0,25000,66000,-41000,-41000
055978,大立光統一98購05,0,0,0,0,0,0,0,0,0,-41000,0,0,0,20000,61000,-41000,-41000
057523,大成鋼元大99購01,0,0,0,0,0,0,0,0,0,-41000,0,0,0,122000,163000,-41000,-41000
057000,亞德客國票99購01,0,0,0,0,0,0,0,0,0,-41000,0,0,0,0,41000,-41000,-41000
050780,台表科元大96購01,0,0,0,0,0,0,0,0,0,-41000,0,0,0,91000,132000,-41000,-41000
047004,台積電統一99購01,0,0,0,0,0,0,0,0,0,-41000,0,0,0,60000,101000,-41000,-41000
047767,聯發科元大93購20,0,0,0,0,0,0,0,0,0,-41000,0,0,0,108000,149000,-41000,-41000
00641R,富邦日本反1     ,4000,0,4000,0,0,0,0,0,0,-45000,0,0,0,571000,616000,-45000,-41000
05261P,鴻海元大95售20  ,0,0,0,0,0,0,0,0,0,-41000,0,0,0,725000,766000,-41000,-41000
052005,矽力國泰97購02  ,0,0,0,0,0,0,0,0,0,-41000,0,0,0,61000,102000,-41000,-41000
052031,臺股指群益95購04,0,0,0,0,0,0,0,0,0,-41000,0,0,0,4000,45000,-41000,-41000
054489,牧德台新97購02  ,0,0,0,0,0,0,0,0,0,-41000,0,0,0,0,41000,-41000,-41000
054694,聯鈞永豐97購01  ,0,0,0,0,0,0,0,0,0,-41000,0,0,0,2000,43000,-41000,-41000
054891,聯鈞統一99購02  ,0,0,0,0,0,0,0,0,0,-41000,0,0,0,92000,133000,-41000,-41000
053655,全新凱基98購02  ,0,0,0,0,0,0,0,0,0,-41000,0,0,0,0,41000,-41000,-41000
053881,南亞科中信97購01,0,0,0,0,0,0,0,0,0,-41000,0,0,0,0,41000,-41000,-41000
052962,台積電凱基97購03,0,0,0,0,0,0,0,0,0,-41000,0,0,0,20000,61000,-41000,-41000
053073,技嘉康和96購01  ,0,0,0,0,0,0,0,0,0,-41000,0,0,0,14000,55000,-41000,-41000
05930P,景碩康和96售01  ,0,0,0,0,0,0,0,0,0,-41000,0,0,0,3000,44000,-41000,-41000
2524,京城            ,11000,50000,-39000,0,0,0,0,2000,-2000,0,0,0,0,0,0,0,-41000
2514,龍邦            ,1000,42000,-41000,0,0,0,0,0,0,0,0,0,0,0,0,0,-41000
057367,技嘉元大98購02  ,0,0,0,0,0,0,0,0,0,-42000,0,0,0,26000,68000,-42000,-42000
057570,技嘉永豐98購02  ,0,0,0,0,0,0,0,0,0,-42000,0,0,0,8000,50000,-42000,-42000
057648,和碩元大98購01  ,0,0,0,0,0,0,0,0,0,-42000,0,0,0,14000,56000,-42000,-42000
055844,大毅元大98購01  ,0,0,0,0,0,0,0,0,0,-42000,0,0,0,961000,1003000,-42000,-42000
055699,康控國票97購04  ,0,0,0,0,0,0,0,0,0,-42000,0,0,0,18000,60000,-42000,-42000
056237,智邦群益97購02  ,0,0,0,0,0,0,0,0,0,-42000,0,0,0,70000,112000,-42000,-42000
04343P,啟碁永豐93售02  ,0,0,0,0,0,0,0,0,0,-42000,0,0,0,12000,54000,-42000,-42000
048281,矽力永豐93購02  ,0,0,0,0,0,0,0,0,0,-42000,0,0,0,21000,63000,-42000,-42000
04778P,可成凱基94售10  ,0,0,0,0,0,0,0,0,0,-42000,0,0,0,20000,62000,-42000,-42000
048923,國巨永豐94購02  ,0,0,0,0,0,0,0,0,0,-42000,0,0,0,43000,85000,-42000,-42000
048939,華擎永豐94購01  ,0,0,0,0,0,0,0,0,0,-42000,0,0,0,51000,93000,-42000,-42000
04669P,臺股指國票94售08,0,0,0,0,0,0,0,0,0,-42000,0,0,0,0,42000,-42000,-42000
046791,台郡統一96購01  ,0,0,0,0,0,0,0,0,0,-42000,0,0,0,8000,50000,-42000,-42000
051944,智邦統一95購02  ,0,0,0,0,0,0,0,0,0,-42000,0,0,0,92000,134000,-42000,-42000
050243,華新科凱基94購10,0,0,0,0,0,0,0,0,0,-42000,0,0,0,140000,182000,-42000,-42000
052271,力成日盛95購02  ,0,0,0,0,0,0,0,0,0,-42000,0,0,0,11000,53000,-42000,-42000
052961,國巨凱基97購02  ,0,0,0,0,0,0,0,0,0,-42000,0,0,0,290000,332000,-42000,-42000
053979,健策元大98購01  ,0,0,0,0,0,0,0,0,0,-42000,0,0,0,75000,117000,-42000,-42000
054057,晶豪科國票97購01,0,0,0,0,0,0,0,0,0,-42000,0,0,0,0,42000,-42000,-42000
055072,康友永豐97購02  ,0,0,0,0,0,0,0,0,0,-42000,0,0,0,8000,50000,-42000,-42000
055318,華通國票98購01  ,0,0,0,0,0,0,0,0,0,-42000,0,0,0,21000,63000,-42000,-42000
055425,聚陽群益99購01  ,0,0,0,0,0,0,0,0,0,-42000,0,0,0,0,42000,-42000,-42000
055376,群創元大01購01  ,0,0,0,0,0,0,0,0,0,-42000,0,0,0,138000,180000,-42000,-42000
05447P,臺股指元大95售24,0,0,0,0,0,0,0,0,0,-42000,0,0,0,38000,80000,-42000,-42000
1760,寶齡富錦        ,36000,75000,-39000,0,0,0,0,0,0,-3000,0,0,0,0,3000,-3000,-42000
056320,京鼎群益99購01  ,0,0,0,0,0,0,0,0,0,-43000,0,0,0,20000,63000,-43000,-43000
057589,超眾國票9A購01  ,0,0,0,0,0,0,0,0,0,-43000,0,0,0,0,43000,-43000,-43000
057308,同欣電兆豐99購01,0,0,0,0,0,0,0,0,0,-43000,0,0,0,14000,57000,-43000,-43000
052672,世紀鋼群益96購02,0,0,0,0,0,0,0,0,0,-43000,0,0,0,0,43000,-43000,-43000
054838,京鼎第一97購01  ,0,0,0,0,0,0,0,0,0,-43000,0,0,0,3000,46000,-43000,-43000
054537,南亞科亞東97購01,0,0,0,0,0,0,0,0,0,-43000,0,0,0,67000,110000,-43000,-43000
052896,宏達電群益96購01,0,0,0,0,0,0,0,0,0,-43000,0,0,0,112000,155000,-43000,-43000
053250,百和國票97購02  ,0,0,0,0,0,0,0,0,0,-43000,0,0,0,50000,93000,-43000,-43000
053322,京鼎群益97購01  ,0,0,0,0,0,0,0,0,0,-43000,0,0,0,10000,53000,-43000,-43000
06301P,臺股指元大97售04,0,0,0,0,0,0,0,0,0,-43000,0,0,0,4000,47000,-43000,-43000
057242,台郡凱基98購05  ,0,0,0,0,0,0,0,0,0,-44000,0,0,0,10000,54000,-44000,-44000
056170,鴻海元富97購09  ,0,0,0,0,0,0,0,0,0,-44000,0,0,0,30000,74000,-44000,-44000
055687,瀚宇博凱基97購01,0,0,0,0,0,0,0,0,0,-44000,0,0,0,0,44000,-44000,-44000
055741,健策元富97購01  ,0,0,0,0,0,0,0,0,0,-44000,0,0,0,110000,154000,-44000,-44000
055729,金寶元富99購01  ,0,0,0,0,0,0,0,0,0,-44000,0,0,0,104000,148000,-44000,-44000
055838,致茂元大97購03  ,0,0,0,0,0,0,0,0,0,-44000,0,0,0,105000,149000,-44000,-44000
048099,健策凱基93購06  ,0,0,0,0,0,0,0,0,0,-44000,0,0,0,0,44000,-44000,-44000
047879,台積電中信93購04,0,0,0,0,0,0,0,0,0,-44000,0,0,0,14000,58000,-44000,-44000
044022,健策凱基93購02  ,0,0,0,0,0,0,0,0,0,-44000,0,0,0,0,44000,-44000,-44000
052807,貿聯元大98購01  ,0,0,0,0,0,0,0,0,0,-44000,0,0,0,0,44000,-44000,-44000
052030,GIS群益95購04   ,0,0,0,0,0,0,0,0,0,-44000,0,0,0,0,44000,-44000,-44000
049894,嘉聯益富邦98購01,0,0,0,0,0,0,0,0,0,-44000,0,0,0,6000,50000,-44000,-44000
05124P,華新科富邦97售02,0,0,0,0,0,0,0,0,0,-44000,0,0,0,6000,50000,-44000,-44000
049696,欣興元大95購02  ,0,0,0,0,0,0,0,0,0,-44000,0,0,0,7000,51000,-44000,-44000
053704,國巨群益96購06  ,0,0,0,0,0,0,0,0,0,-44000,0,0,0,16000,60000,-44000,-44000
054534,台積電富邦98購03,0,0,0,0,0,0,0,0,0,-44000,0,0,0,104000,148000,-44000,-44000
055397,超眾統一97購02  ,0,0,0,0,0,0,0,0,0,-44000,0,0,0,76000,120000,-44000,-44000
055227,聯發科國票98購02,0,0,0,0,0,0,0,0,0,-44000,0,0,0,0,44000,-44000,-44000
057961,茂林元大9A購01  ,0,0,0,0,0,0,0,0,0,-44000,0,0,0,18000,62000,-44000,-44000
05814P,臺股指國票96售07,0,0,0,0,0,0,0,0,0,-44000,0,0,0,10000,54000,-44000,-44000
06516P,國巨凱基98售08  ,0,0,0,0,0,0,0,0,0,-44000,0,0,0,20000,64000,-44000,-44000
4960,誠美材          ,0,44300,-44300,0,0,0,0,0,0,0,0,0,0,0,0,0,-44300
056065,奇鋐元大97購01  ,0,0,0,0,0,0,0,0,0,-45000,0,0,0,85000,130000,-45000,-45000
056561,台光電群益98購02,0,0,0,0,0,0,0,0,0,-45000,0,0,0,88000,133000,-45000,-45000
056895,技嘉元大98購01  ,0,0,0,0,0,0,0,0,0,-45000,0,0,0,37000,82000,-45000,-45000
056919,英業達兆豐98購01,0,0,0,0,0,0,0,0,0,-45000,0,0,0,184000,229000,-45000,-45000
057518,世紀鋼元富98購01,0,0,0,0,0,0,0,0,0,-45000,0,0,0,0,45000,-45000,-45000
057424,訊芯凱基98購04  ,0,0,0,0,0,0,0,0,0,-45000,0,0,0,10000,55000,-45000,-45000
046571,瑞昱國泰93購01  ,0,0,0,0,0,0,0,0,0,-45000,0,0,0,0,45000,-45000,-45000
046348,嘉澤兆豐93購01  ,0,0,0,0,0,0,0,0,0,-45000,0,0,0,0,45000,-45000,-45000
049144,瑞昱元大94購03  ,0,0,0,0,0,0,0,0,0,-45000,0,0,0,0,45000,-45000,-45000
04888P,臺股指凱基95售03,0,0,0,0,0,0,0,0,0,-45000,0,0,0,50000,95000,-45000,-45000
048983,牧德元大95購01  ,0,0,0,0,0,0,0,0,0,-45000,0,0,0,2000,47000,-45000,-45000
04833P,鴻海元大94售16  ,0,0,0,0,0,0,0,0,0,-45000,0,0,0,51000,96000,-45000,-45000
046826,統一群益94購01  ,0,0,0,0,0,0,0,0,0,-45000,0,0,0,5000,50000,-45000,-45000
047212,宏達電富邦97購01,0,0,0,0,0,0,0,0,0,-45000,0,0,0,17000,62000,-45000,-45000
047289,啟碁統一97購01  ,0,0,0,0,0,0,0,0,0,-45000,0,0,0,0,45000,-45000,-45000
050768,聯發科元大94購16,0,0,0,0,0,0,0,0,0,-45000,0,0,0,0,45000,-45000,-45000
051439,川湖元大95購01  ,0,0,0,0,0,0,0,0,0,-45000,0,0,0,29000,74000,-45000,-45000
052036,臺股指群益95購09,0,0,0,0,0,0,0,0,0,-45000,0,0,0,83000,128000,-45000,-45000
055246,美律統一98購01  ,0,0,0,0,0,0,0,0,0,-45000,0,0,0,3000,48000,-45000,-45000
055294,智易元大98購01  ,0,0,0,0,0,0,0,0,0,-45000,0,0,0,11000,56000,-45000,-45000
054542,台表科國票98購01,0,0,0,0,0,0,0,0,0,-45000,0,0,0,14000,59000,-45000,-45000
054584,貿聯元富97購01  ,0,0,0,0,0,0,0,0,0,-45000,0,0,0,65000,110000,-45000,-45000
054823,祥碩元大97購02  ,0,0,0,0,0,0,0,0,0,-45000,0,0,0,0,45000,-45000,-45000
054353,世紀鋼國泰98購01,0,0,0,0,0,0,0,0,0,-45000,0,0,0,0,45000,-45000,-45000
054261,智伸科元大96購03,0,0,0,0,0,0,0,0,0,-45000,0,0,0,0,45000,-45000,-45000
054222,大立光統一98購03,0,0,0,0,0,0,0,0,0,-45000,0,0,0,25000,70000,-45000,-45000
053709,台達電凱基96購04,0,0,0,0,0,0,0,0,0,-45000,0,0,0,0,45000,-45000,-45000
053687,智邦元大96購02  ,0,0,0,0,0,0,0,0,0,-45000,0,0,0,106000,151000,-45000,-45000
053577,上証2X元大96購02,0,0,0,0,0,0,0,0,0,-45000,0,0,0,5000,50000,-45000,-45000
052902,鴻海國票97購04  ,0,0,0,0,0,0,0,0,0,-45000,0,0,0,100000,145000,-45000,-45000
053020,貿聯元富96購01  ,0,0,0,0,0,0,0,0,0,-45000,0,0,0,0,45000,-45000,-45000
2499,東貝            ,23000,68000,-45000,0,0,0,0,0,0,0,0,0,0,0,0,0,-45000
1104,環泥            ,4000,48000,-44000,0,0,0,0,1000,-1000,0,0,0,0,0,0,0,-45000
06011P,貿聯元富96售04  ,0,0,0,0,0,0,0,0,0,-45000,0,0,0,5000,50000,-45000,-45000
06256P,臺股指群益97售09,0,0,0,0,0,0,0,0,0,-45000,0,0,0,110000,155000,-45000,-45000
06225P,華新科元富97售04,0,0,0,0,0,0,0,0,0,-45000,0,0,0,61000,106000,-45000,-45000
056970,TPK永豐98購01   ,0,0,0,0,0,0,0,0,0,-46000,0,0,0,110000,156000,-46000,-46000
056713,華擎永豐98購01  ,0,0,0,0,0,0,0,0,0,-46000,0,0,0,163000,209000,-46000,-46000
057244,鈺齊凱基99購01  ,0,0,0,0,0,0,0,0,0,-46000,0,0,0,13000,59000,-46000,-46000
057046,奇力新元大99購03,0,0,0,0,0,0,0,0,0,-46000,0,0,0,77000,123000,-46000,-46000
050670,牧德永豐94購03  ,0,0,0,0,0,0,0,0,0,-46000,0,0,0,1000,47000,-46000,-46000
046740,大立光群益95購01,0,0,0,0,0,0,0,0,0,-46000,0,0,0,0,46000,-46000,-46000
048098,嘉澤凱基93購04  ,0,0,0,0,0,0,0,0,0,-46000,0,0,0,0,46000,-46000,-46000
03646C,臺股指元大95牛32,0,0,0,0,0,0,0,0,0,-46000,0,0,0,4000,50000,-46000,-46000
04976P,中磊凱基94售01  ,0,0,0,0,0,0,0,0,0,-46000,0,0,0,0,46000,-46000,-46000
051749,矽力國泰97購01  ,0,0,0,0,0,0,0,0,0,-46000,0,0,0,50000,96000,-46000,-46000
051886,道瓊反統一95購03,0,0,0,0,0,0,0,0,0,-46000,0,0,0,4000,50000,-46000,-46000
052844,台積電統一96購02,0,0,0,0,0,0,0,0,0,-46000,0,0,0,135000,181000,-46000,-46000
053681,臺股指富邦96購02,0,0,0,0,0,0,0,0,0,-46000,0,0,0,129000,175000,-46000,-46000
053713,漢唐凱基96購04  ,0,0,0,0,0,0,0,0,0,-46000,0,0,0,22000,68000,-46000,-46000
054002,GIS群益96購03   ,0,0,0,0,0,0,0,0,0,-46000,0,0,0,0,46000,-46000,-46000
055245,凱美統一99購01  ,0,0,0,0,0,0,0,0,0,-46000,0,0,0,90000,136000,-46000,-46000
055070,聯茂永豐97購01  ,0,0,0,0,0,0,0,0,0,-46000,0,0,0,42000,88000,-46000,-46000
06094P,台達電中信97售01,0,0,0,0,0,0,0,0,0,-46000,0,0,0,30000,76000,-46000,-46000
05891P,聯發科中信98售03,0,0,0,0,0,0,0,0,0,-46000,0,0,0,20000,66000,-46000,-46000
6451,訊芯-KY         ,298000,360000,-62000,0,0,0,0,0,0,16000,2000,4000,-2000,40000,22000,18000,-46000
9942,茂順            ,6000,52597,-46597,0,0,0,0,0,0,0,0,0,0,0,0,0,-46597
05707P,中磊永豐96售01  ,0,0,0,0,0,0,0,0,0,-47000,0,0,0,0,47000,-47000,-47000
056754,智易兆豐99購01  ,0,0,0,0,0,0,0,0,0,-47000,0,0,0,10000,57000,-47000,-47000
057526,智邦元大98購10  ,0,0,0,0,0,0,0,0,0,-47000,0,0,0,29000,76000,-47000,-47000
057315,台灣50康和9A購03,0,0,0,0,0,0,0,0,0,-47000,0,0,0,70000,117000,-47000,-47000
057633,緯穎永豐98購02  ,0,0,0,0,0,0,0,0,0,-47000,0,0,0,0,47000,-47000,-47000
057784,台積電國票9B購01,0,0,0,0,0,0,0,0,0,-47000,0,0,0,0,47000,-47000,-47000
056578,智易元大99購02  ,0,0,0,0,0,0,0,0,0,-47000,0,0,0,60000,107000,-47000,-47000
05654P,台光電統一96售01,0,0,0,0,0,0,0,0,0,-47000,0,0,0,12000,59000,-47000,-47000
056200,大毅永豐98購01  ,0,0,0,0,0,0,0,0,0,-47000,0,0,0,553000,600000,-47000,-47000
056238,聯發科群益98購02,0,0,0,0,0,0,0,0,0,-47000,0,0,0,153000,200000,-47000,-47000
055501,創意元大97購01  ,0,0,0,0,0,0,0,0,0,-47000,0,0,0,24000,71000,-47000,-47000
044861,玉晶光兆豐93購01,0,0,0,0,0,0,0,0,0,-47000,0,0,0,9000,56000,-47000,-47000
047235,嘉澤凱基93購01  ,0,0,0,0,0,0,0,0,0,-47000,0,0,0,3000,50000,-47000,-47000
051453,智伸科元大95購02,0,0,0,0,0,0,0,0,0,-47000,0,0,0,0,47000,-47000,-47000
051999,勤誠元大95購01  ,0,0,0,0,0,0,0,0,0,-47000,0,0,0,0,47000,-47000,-47000
052679,致伸富邦98購01  ,0,0,0,0,0,0,0,0,0,-47000,0,0,0,0,47000,-47000,-47000
052680,T50反1元大96購04,0,0,0,0,0,0,0,0,0,-47000,0,0,0,175000,222000,-47000,-47000
055055,精元永豐97購01  ,0,0,0,0,0,0,0,0,0,-47000,0,0,0,0,47000,-47000,-47000
054985,光罩元富97購01  ,0,0,0,0,0,0,0,0,0,-47000,0,0,0,51000,98000,-47000,-47000
055276,台積電元大97購20,0,0,0,0,0,0,0,0,0,-47000,0,0,0,414000,461000,-47000,-47000
054593,滬深2X永昌9A購01,0,0,0,0,0,0,0,0,0,-47000,0,0,0,0,47000,-47000,-47000
054159,T50正2凱基99購01,0,0,0,0,0,0,0,0,0,-47000,0,0,0,84000,131000,-47000,-47000
8429,金麗-KY         ,14000,61000,-47000,0,0,0,0,0,0,0,0,0,0,0,0,0,-47000
6177,達麗            ,23000,70000,-47000,0,0,0,0,0,0,0,0,0,0,0,0,0,-47000
2374,佳能            ,11000,58000,-47000,0,0,0,0,0,0,0,0,0,0,0,0,0,-47000
05934P,國巨凱基96售13  ,0,0,0,0,0,0,0,0,0,-47000,0,0,0,163000,210000,-47000,-47000
1451,年興            ,4000,51000,-47000,0,0,0,0,0,0,0,0,0,0,0,0,0,-47000
055717,聯發科元大97購19,0,0,0,0,0,0,0,0,0,-48000,0,0,0,74000,122000,-48000,-48000
055672,國巨日盛97購02  ,0,0,0,0,0,0,0,0,0,-48000,0,0,0,12000,60000,-48000,-48000
055620,樺漢國票98購01  ,0,0,0,0,0,0,0,0,0,-48000,0,0,0,0,48000,-48000,-48000
055923,矽力凱基98購01  ,0,0,0,0,0,0,0,0,0,-48000,0,0,0,40000,88000,-48000,-48000
056513,臻鼎亞東99購01  ,0,0,0,0,0,0,0,0,0,-48000,0,0,0,0,48000,-48000,-48000
056688,聯詠統一98購01  ,0,0,0,0,0,0,0,0,0,-48000,0,0,0,0,48000,-48000,-48000
057060,緯穎元大98購05  ,0,0,0,0,0,0,0,0,0,-48000,0,0,0,23000,71000,-48000,-48000
057053,立積元大98購02  ,0,5000,-5000,0,0,0,0,0,0,-43000,0,0,0,21000,64000,-43000,-48000
049024,玉晶光群益97購01,0,0,0,0,0,0,0,0,0,-48000,0,0,0,160000,208000,-48000,-48000
045161,玉晶光國泰94購03,0,0,0,0,0,0,0,0,0,-48000,0,0,0,25000,73000,-48000,-48000
045115,玉晶光永豐94購01,0,0,0,0,0,0,0,0,0,-48000,0,0,0,7000,55000,-48000,-48000
052742,可成元大96購01  ,0,0,0,0,0,0,0,0,0,-48000,0,0,0,60000,108000,-48000,-48000
052463,聯電統一96購01  ,0,0,0,0,0,0,0,0,0,-48000,0,0,0,0,48000,-48000,-48000
052478,大立光群益95購05,0,0,0,0,0,0,0,0,0,-48000,0,0,0,0,48000,-48000,-48000
052415,台表科麥證95購02,0,0,0,20000,68000,-48000,0,0,0,-48000,0,0,0,20000,68000,-48000,-48000
051830,健策元大97購01  ,0,0,0,0,0,0,0,0,0,-48000,0,0,0,13000,61000,-48000,-48000
05086P,鴻海凱基95售13  ,0,0,0,0,0,0,0,0,0,-48000,0,0,0,6000,54000,-48000,-48000
053844,GIS統一96購01   ,0,0,0,0,0,0,0,0,0,-48000,0,0,0,0,48000,-48000,-48000
053067,牧德群益96購01  ,0,0,0,0,0,0,0,0,0,-48000,0,0,0,5000,53000,-48000,-48000
053459,康控國泰97購01  ,0,0,0,0,0,0,0,0,0,-48000,0,0,0,0,48000,-48000,-48000
054668,傳奇元富97購03  ,0,0,0,0,0,0,0,0,0,-48000,0,0,0,20000,68000,-48000,-48000
054230,上銀群益96購03  ,0,0,0,0,0,0,0,0,0,-48000,0,0,0,146000,194000,-48000,-48000
054385,矽創群益98購01  ,0,0,0,0,0,0,0,0,0,-48000,0,0,0,5000,53000,-48000,-48000
054389,為升元富96購02  ,0,0,0,0,0,0,0,0,0,-48000,0,0,0,105000,153000,-48000,-48000
055182,京鼎統一98購01  ,0,0,0,0,0,0,0,0,0,-48000,0,0,0,0,48000,-48000,-48000
055375,京鼎元大97購03  ,0,0,0,0,0,0,0,0,0,-48000,0,0,0,273000,321000,-48000,-48000
055340,華新科日盛97購01,50000,0,50000,0,0,0,0,0,0,-98000,0,0,0,196000,294000,-98000,-48000
055343,國巨凱基97購03  ,0,0,0,0,0,0,0,0,0,-48000,0,0,0,52000,100000,-48000,-48000
055333,晶豪科兆豐97購01,0,0,0,0,0,0,0,0,0,-48000,0,0,0,0,48000,-48000,-48000
2314,台揚            ,70000,118000,-48000,0,0,0,0,0,0,0,0,0,0,0,0,0,-48000
057861,台積電凱基98購16,0,0,0,0,0,0,0,0,0,-48000,0,0,0,159000,207000,-48000,-48000
06431P,新日興元大97售05,0,0,0,0,0,0,0,0,0,-48000,0,0,0,0,48000,-48000,-48000
2365,昆盈            ,2000,50000,-48000,0,0,0,0,0,0,0,0,0,0,0,0,0,-48000
05719P,可成元大96售03  ,0,0,0,0,0,0,0,0,0,-49000,0,0,0,395000,444000,-49000,-49000
057663,國巨元大99購08  ,0,0,0,0,0,0,0,0,0,-49000,0,0,0,231000,280000,-49000,-49000
057293,力成國泰99購01  ,0,0,0,0,0,0,0,0,0,-49000,0,0,0,30000,79000,-49000,-49000
057483,微星元大98購04  ,0,0,0,0,0,0,0,0,0,-49000,0,0,0,71000,120000,-49000,-49000
056644,宏達電凱基98購04,0,0,0,0,0,0,0,0,0,-49000,0,0,0,41000,90000,-49000,-49000
056603,嘉聯益國泰9A購01,0,0,0,0,0,0,0,0,0,-49000,0,0,0,54000,103000,-49000,-49000
055674,南港康和97購02  ,0,0,0,0,0,0,0,0,0,-49000,0,0,0,0,49000,-49000,-49000
04771P,友達元大96售02  ,0,0,0,0,0,0,0,0,0,-49000,0,0,0,1000,50000,-49000,-49000
047676,臺股指元富99購01,0,0,0,0,0,0,0,0,0,-49000,0,0,0,30000,79000,-49000,-49000
04675P,華新科統一94售05,0,0,0,0,0,0,0,0,0,-49000,0,0,0,0,49000,-49000,-49000
050755,和大元富94購01  ,0,0,0,0,0,0,0,0,0,-49000,0,0,0,0,49000,-49000,-49000
049119,元油2X元富94購04,0,0,0,0,0,0,0,0,0,-49000,0,0,0,15000,64000,-49000,-49000
049534,華擎永豐94購02  ,0,0,0,0,0,0,0,0,0,-49000,0,0,0,6000,55000,-49000,-49000
049599,樺漢元大95購01  ,0,0,0,0,0,0,0,0,0,-49000,0,0,0,2000,51000,-49000,-49000
051856,亞德客凱基95購01,0,0,0,0,0,0,0,0,0,-49000,0,0,0,1000,50000,-49000,-49000
052524,新光金元大9B購01,0,0,0,0,0,0,0,0,0,-49000,0,0,0,0,49000,-49000,-49000
051969,世紀鋼永豐95購01,0,0,0,0,0,0,0,0,0,-49000,0,0,0,61000,110000,-49000,-49000
055380,智易元大98購02  ,0,0,0,0,0,0,0,0,0,-49000,0,0,0,0,49000,-49000,-49000
055389,國巨統一98購02  ,0,0,0,0,0,0,0,0,0,-49000,0,0,0,2000,51000,-49000,-49000
055282,聯發科元大97購15,0,0,0,0,0,0,0,0,0,-49000,0,0,0,153000,202000,-49000,-49000
054701,宏全永豐97購01  ,0,0,0,0,0,0,0,0,0,-49000,0,0,0,0,49000,-49000,-49000
054692,台航永豐97購01  ,0,0,0,0,0,0,0,0,0,-49000,0,0,0,0,49000,-49000,-49000
053995,奇力新群益97購02,0,0,0,0,0,0,0,0,0,-49000,0,0,0,72000,121000,-49000,-49000
053914,國巨國票96購08  ,0,0,0,0,0,0,0,0,0,-49000,0,0,0,16000,65000,-49000,-49000
053523,T50反1中信9A購01,0,0,0,0,0,0,0,0,0,-49000,0,0,0,21000,70000,-49000,-49000
06419P,國巨統一97售09  ,0,0,0,0,0,0,0,0,0,-49000,0,0,0,1000,50000,-49000,-49000
05830P,滬深2X元富99售03,0,0,0,0,0,0,0,0,0,-49000,0,0,0,157000,206000,-49000,-49000
1340,勝悅-KY         ,3000,52000,-49000,0,0,0,0,0,0,0,0,0,0,0,0,0,-49000
055499,大立光元大98購05,0,0,0,0,0,0,0,0,0,-50000,0,0,0,10000,60000,-50000,-50000
056054,亞德客元大97購05,0,0,0,0,0,0,0,0,0,-50000,0,0,0,0,50000,-50000,-50000
056042,京鼎凱基97購02  ,0,0,0,0,0,0,0,0,0,-50000,0,0,0,0,50000,-50000,-50000
055997,矽創國泰99購01  ,0,0,0,0,0,0,0,0,0,-50000,0,0,0,16000,66000,-50000,-50000
05585P,臺股指凱基96售14,0,0,0,0,0,0,0,0,0,-50000,0,0,0,110000,160000,-50000,-50000
055771,台積電日盛97購04,0,0,0,0,0,0,0,0,0,-50000,0,0,0,2000,52000,-50000,-50000
056648,牧德凱基99購02  ,0,0,0,0,0,0,0,0,0,-50000,0,0,0,0,50000,-50000,-50000
056637,台光電日盛9A購01,0,0,0,0,0,0,0,0,0,-50000,0,0,0,332000,382000,-50000,-50000
056551,台郡凱基98購04  ,0,0,0,0,0,0,0,0,0,-50000,0,0,0,0,50000,-50000,-50000
056544,貿聯凱基98購03  ,0,0,0,0,0,0,0,0,0,-50000,0,0,0,0,50000,-50000,-50000
056517,茂林兆豐99購01  ,0,0,0,0,0,0,0,0,0,-50000,0,0,0,100000,150000,-50000,-50000
056235,鴻海群益97購07  ,0,0,0,0,0,0,0,0,0,-50000,0,0,0,0,50000,-50000,-50000
05625P,國巨國票97售01  ,0,0,0,0,0,0,0,0,0,-50000,0,0,0,1000,51000,-50000,-50000
056366,玉晶光元大99購04,0,0,0,0,0,0,0,0,0,-50000,0,0,0,13000,63000,-50000,-50000
05621P,聯電中信96售01  ,0,0,0,0,0,0,0,0,0,-50000,0,0,0,46000,96000,-50000,-50000
056220,上証2X凱基99購01,0,0,0,0,0,0,0,0,0,-50000,0,0,0,70000,120000,-50000,-50000
056119,欣興群益97購02  ,0,0,0,0,0,0,0,0,0,-50000,0,0,0,16000,66000,-50000,-50000
056136,京鼎元大98購01  ,0,0,0,0,0,0,0,0,0,-50000,0,0,0,0,50000,-50000,-50000
056076,超眾元大97購05  ,0,0,0,0,0,0,0,0,0,-50000,0,0,0,37000,87000,-50000,-50000
057477,智邦元大98購09  ,0,0,0,0,0,0,0,0,0,-50000,0,0,0,9000,59000,-50000,-50000
057426,元油2X兆豐9B購01,0,0,0,0,0,0,0,0,0,-50000,0,0,0,0,50000,-50000,-50000
057514,華新科元富99購03,0,0,0,0,0,0,0,0,0,-50000,0,0,0,63000,113000,-50000,-50000
057507,貿聯國票98購02  ,0,0,0,0,0,0,0,0,0,-50000,0,0,0,16000,66000,-50000,-50000
057724,亞德客國泰99購01,0,0,0,0,0,0,0,0,0,-50000,0,0,0,10000,60000,-50000,-50000
057751,神達國票99購02  ,0,0,0,0,0,0,0,0,0,-50000,0,0,0,59000,109000,-50000,-50000
057209,元油2X第一98購01,0,0,0,0,0,0,0,0,0,-50000,0,0,0,0,50000,-50000,-50000
05720P,可成中信98售01  ,0,0,0,0,0,0,0,0,0,-50000,0,0,0,0,50000,-50000,-50000
057162,上銀元大98購03  ,0,0,0,0,0,0,0,0,0,-50000,0,0,0,29000,79000,-50000,-50000
05699P,茂林凱基96售05  ,0,0,0,0,0,0,0,0,0,-50000,0,0,0,0,50000,-50000,-50000
056700,華新科國泰99購03,0,0,0,0,0,0,0,0,0,-50000,0,0,0,10000,60000,-50000,-50000
056942,昇陽半元富98購01,0,0,0,0,0,0,0,0,0,-50000,0,0,0,30000,80000,-50000,-50000
056850,彩晶元富99購01  ,0,0,0,0,0,0,0,0,0,-50000,0,0,0,0,50000,-50000,-50000
056879,旺宏國票99購02  ,0,0,0,0,0,0,0,0,0,-50000,0,0,0,10000,60000,-50000,-50000
04890P,台積電元大95售05,0,0,0,0,0,0,0,0,0,-50000,0,0,0,0,50000,-50000,-50000
048460,盛群凱基94購01  ,0,0,0,0,0,0,0,0,0,-50000,0,0,0,2000,52000,-50000,-50000
048142,聯電統一93購01  ,0,0,0,0,0,0,0,0,0,-50000,0,0,0,28000,78000,-50000,-50000
048154,旺宏兆豐94購01  ,0,0,0,0,0,0,0,0,0,-50000,0,0,0,22000,72000,-50000,-50000
048857,晶豪科群益94購01,0,0,0,0,0,0,0,0,0,-50000,0,0,0,0,50000,-50000,-50000
050722,聯電國票96購01  ,0,0,0,0,0,0,0,0,0,-50000,0,0,0,10000,60000,-50000,-50000
050696,台光電凱基96購01,0,0,0,0,0,0,0,0,0,-50000,0,0,0,0,50000,-50000,-50000
050771,華新科元大94購06,0,0,0,0,0,0,0,0,0,-50000,0,0,0,46000,96000,-50000,-50000
048123,大立光元大93購27,0,0,0,0,0,0,0,0,0,-50000,0,0,0,0,50000,-50000,-50000
048102,矽力凱基94購01  ,0,0,0,0,0,0,0,0,0,-50000,0,0,0,3000,53000,-50000,-50000
048070,聯發科元富99購03,0,0,0,0,0,0,0,0,0,-50000,0,0,0,0,50000,-50000,-50000
048066,樺漢統一93購01  ,0,0,0,0,0,0,0,0,0,-50000,0,0,0,0,50000,-50000,-50000
04571P,華新科國泰95售03,0,0,0,0,0,0,0,0,0,-50000,0,0,0,0,50000,-50000,-50000
044475,國巨元富95購02  ,0,0,0,0,0,0,0,0,0,-50000,0,0,0,0,50000,-50000,-50000
048270,T50反1富邦99購01,0,0,0,0,0,0,0,0,0,-50000,0,0,0,15000,65000,-50000,-50000
044759,新日興凱基93購01,0,0,0,0,0,0,0,0,0,-50000,0,0,0,0,50000,-50000,-50000
04466P,大立光元富94售04,0,0,0,0,0,0,0,0,0,-50000,0,0,0,0,50000,-50000,-50000
044610,A50正2兆豐93購01,0,0,0,0,0,0,0,0,0,-50000,0,0,0,0,50000,-50000,-50000
04372P,臺股指凱基94售02,0,0,0,0,0,0,0,0,0,-50000,0,0,0,0,50000,-50000,-50000
045994,康控富邦94購01  ,0,0,0,0,0,0,0,0,0,-50000,0,0,0,0,50000,-50000,-50000
04289P,臺股指中信95售07,0,0,0,0,0,0,0,0,0,-50000,0,0,0,509000,559000,-50000,-50000
049897,華新科統一94購07,0,0,0,0,0,0,0,0,0,-50000,0,0,0,70000,120000,-50000,-50000
049901,瑞昱元富94購01  ,0,0,0,0,0,0,0,0,0,-50000,0,0,0,0,50000,-50000,-50000
050009,昇陽半永豐94購02,0,0,0,0,0,0,0,0,0,-50000,0,0,0,0,50000,-50000,-50000
051903,T50反1元大97購02,0,0,0,0,0,0,0,0,0,-50000,0,0,0,0,50000,-50000,-50000
051896,柏文元富95購01  ,0,0,0,0,0,0,0,0,0,-50000,0,0,0,0,50000,-50000,-50000
049963,聯發科元富94購02,0,0,0,0,0,0,0,0,0,-50000,0,0,0,0,50000,-50000,-50000
049861,正崴兆豐94購01  ,0,0,0,0,0,0,0,0,0,-50000,0,0,0,0,50000,-50000,-50000
050204,華新科群益94購05,0,0,0,0,0,0,0,0,0,-50000,0,0,0,25000,75000,-50000,-50000
050316,上証2X國票98購01,0,0,0,0,0,0,0,0,0,-50000,0,0,0,0,50000,-50000,-50000
050348,鴻海群益94購06  ,0,0,0,0,0,0,0,0,0,-50000,0,0,0,54000,104000,-50000,-50000
052501,茂林永豐95購04  ,0,0,0,0,0,0,0,0,0,-50000,0,0,0,0,50000,-50000,-50000
052187,奇鋐群益95購03  ,0,0,0,0,0,0,0,0,0,-50000,0,0,0,0,50000,-50000,-50000
052163,康舒永豐95購02  ,0,0,0,0,0,0,0,0,0,-50000,0,0,0,0,50000,-50000,-50000
052699,友達國票97購01  ,0,0,0,0,0,0,0,0,0,-50000,0,0,0,0,50000,-50000,-50000
052608,欣興元大97購01  ,0,0,0,0,0,0,0,0,0,-50000,0,0,0,157000,207000,-50000,-50000
050527,嘉聯益元大96購01,0,0,0,0,0,0,0,0,0,-50000,0,0,0,0,50000,-50000,-50000
04933P,中石化中信96售01,0,0,0,0,0,0,0,0,0,-50000,0,0,0,0,50000,-50000,-50000
049305,元油2X凱基95購06,0,0,0,0,0,0,0,0,0,-50000,0,0,0,0,50000,-50000,-50000
051810,欣興凱基95購03  ,0,0,0,0,0,0,0,0,0,-50000,0,0,0,0,50000,-50000,-50000
051765,健鼎元大95購03  ,0,0,0,0,0,0,0,0,0,-50000,0,0,0,0,50000,-50000,-50000
051796,和碩康和95購01  ,0,0,0,0,0,0,0,0,0,-50000,0,0,0,0,50000,-50000,-50000
051659,力山國泰97購01  ,0,0,0,0,0,0,0,0,0,-50000,0,0,0,0,50000,-50000,-50000
050512,台泥元大94購01  ,0,0,0,0,0,0,0,0,0,-50000,0,0,0,0,50000,-50000,-50000
050508,上証2X元大97購01,0,0,0,0,0,0,0,0,0,-50000,0,0,0,0,50000,-50000,-50000
051185,強茂永豐95購03  ,0,0,0,0,0,0,0,0,0,-50000,0,0,0,0,50000,-50000,-50000
050408,臻鼎台新94購02  ,0,0,0,0,0,0,0,0,0,-50000,0,0,0,0,50000,-50000,-50000
049473,光罩永豐94購03  ,0,0,0,0,0,0,0,0,0,-50000,0,0,0,0,50000,-50000,-50000
049452,新光金統一94購02,0,0,0,0,0,0,0,0,0,-50000,0,0,0,0,50000,-50000,-50000
050385,貿聯國票95購02  ,0,0,0,0,0,0,0,0,0,-50000,0,0,0,0,50000,-50000,-50000
053739,A50正2國票9A購01,0,0,0,0,0,0,0,0,0,-50000,0,0,0,10000,60000,-50000,-50000
053781,友達元大9B購03  ,0,0,0,0,0,0,0,0,0,-50000,0,0,0,0,50000,-50000,-50000
053930,S&P反1統一98購01,0,0,0,0,0,0,0,0,0,-50000,0,0,0,0,50000,-50000,-50000
053887,聯茂兆豐97購02  ,0,0,0,0,0,0,0,0,0,-50000,0,0,0,221000,271000,-50000,-50000
054006,智易統一97購01  ,0,0,0,0,0,0,0,0,0,-50000,0,0,0,0,50000,-50000,-50000
053482,矽力元大96購03  ,0,0,0,0,0,0,0,0,0,-50000,0,0,0,0,50000,-50000,-50000
053402,A50正2群益9A購02,0,0,0,0,0,0,0,0,0,-50000,0,0,0,0,50000,-50000,-50000
053163,上証2X群益9A購02,0,0,0,0,0,0,0,0,0,-50000,0,0,0,130000,180000,-50000,-50000
053153,大立光元大99購02,0,0,0,0,0,0,0,0,0,-50000,0,0,0,40000,90000,-50000,-50000
052828,滬深2X群益9A購02,0,0,0,0,0,0,0,0,0,-50000,0,0,0,0,50000,-50000,-50000
052906,緯創國票97購01  ,0,0,0,0,0,0,0,0,0,-50000,0,0,0,0,50000,-50000,-50000
054675,美律台新98購01  ,0,0,0,0,0,0,0,0,0,-50000,0,0,0,0,50000,-50000,-50000
054657,道瓊銀元大97購01,0,0,0,0,0,0,0,0,0,-50000,0,0,0,0,50000,-50000,-50000
054366,和大中信98購01  ,0,0,0,0,0,0,0,0,0,-50000,0,0,0,40000,90000,-50000,-50000
054362,亞光凱基96購03  ,0,0,0,0,0,0,0,0,0,-50000,0,0,0,0,50000,-50000,-50000
054200,美律富邦97購02  ,0,0,0,0,0,0,0,0,0,-50000,0,0,0,0,50000,-50000,-50000
054191,香港2X中信98購01,0,0,0,0,0,0,0,0,0,-50000,0,0,0,0,50000,-50000,-50000
055187,彩晶統一98購01  ,0,0,0,0,0,0,0,0,0,-50000,0,0,0,0,50000,-50000,-50000
055201,興勤群益98購01  ,0,0,0,0,0,0,0,0,0,-50000,0,0,0,0,50000,-50000,-50000
055444,致新台新97購01  ,0,0,0,0,0,0,0,0,0,-50000,0,0,0,0,50000,-50000,-50000
054974,台表科元大98購02,0,0,0,0,0,0,0,0,0,-50000,0,0,0,0,50000,-50000,-50000
054858,台肥群益97購01  ,0,0,0,0,0,0,0,0,0,-50000,0,0,0,81000,131000,-50000,-50000
05484P,台積電凱基95售18,0,0,0,0,0,0,0,0,0,-50000,0,0,0,0,50000,-50000,-50000
055084,國巨第一97購01  ,0,0,0,0,0,0,0,0,0,-50000,0,0,0,66000,116000,-50000,-50000
2010,春源            ,0,50000,-50000,0,0,0,0,0,0,0,0,0,0,0,0,0,-50000
06572P,台積電永昌99售01,0,0,0,0,0,0,0,0,0,-50000,0,0,0,3245000,3295000,-50000,-50000
05948P,茂林元大96售03  ,0,0,0,0,0,0,0,0,0,-50000,0,0,0,0,50000,-50000,-50000
06056P,台積電凱基98售02,0,0,0,0,0,0,0,0,0,-50000,0,0,0,0,50000,-50000,-50000
06169P,華新科元富97售02,0,0,0,0,0,0,0,0,0,-50000,0,0,0,24000,74000,-50000,-50000
056720,世紀鋼永豐98購01,0,0,0,0,0,0,0,0,0,-51000,0,0,0,50000,101000,-51000,-51000
057087,台郡統一99購01  ,0,0,0,0,0,0,0,0,0,-51000,0,0,0,49000,100000,-51000,-51000
057161,亞德客元大98購02,0,0,0,0,0,0,0,0,0,-51000,0,0,0,37000,88000,-51000,-51000
057774,台光電群益99購02,0,0,0,0,0,0,0,0,0,-51000,0,0,0,32000,83000,-51000,-51000
057307,瀚宇博兆豐99購01,0,0,0,0,0,0,0,0,0,-51000,0,0,0,0,51000,-51000,-51000
056212,台光電國票98購03,0,0,0,0,0,0,0,0,0,-51000,0,0,0,38000,89000,-51000,-51000
056327,樺漢兆豐98購01  ,0,0,0,0,0,0,0,0,0,-51000,0,0,0,0,51000,-51000,-51000
056246,祥碩群益97購01  ,0,0,0,0,0,0,0,0,0,-51000,0,0,0,12000,63000,-51000,-51000
055840,南亞科元大97購03,0,0,0,0,0,0,0,0,0,-51000,0,0,0,88000,139000,-51000,-51000
055704,亞德客永豐97購04,0,0,0,0,0,0,0,0,0,-51000,0,0,0,0,51000,-51000,-51000
055722,聯鈞元大97購03  ,0,0,0,0,0,0,0,0,0,-51000,0,0,0,147000,198000,-51000,-51000
04025P,宏達電國泰94售01,0,0,0,0,0,0,0,0,0,-51000,0,0,0,0,51000,-51000,-51000
048811,鴻海日盛94購01  ,0,0,0,0,0,0,0,0,0,-51000,0,0,0,32000,83000,-51000,-51000
048675,台達電國泰94購02,0,0,0,0,0,0,0,0,0,-51000,0,0,0,0,51000,-51000,-51000
047637,旺宏元大94購03  ,0,0,0,0,0,0,0,0,0,-51000,0,0,0,258000,309000,-51000,-51000
051674,臻鼎元大95購02  ,0,0,0,0,0,0,0,0,0,-51000,0,0,0,0,51000,-51000,-51000
05165P,欣興元富95售03  ,0,0,0,0,0,0,0,0,0,-51000,0,0,0,0,51000,-51000,-51000
049246,大成鋼元大94購02,0,0,0,0,0,0,0,0,0,-51000,0,0,0,0,51000,-51000,-51000
051131,玉山金台新95購01,0,0,0,0,0,0,0,0,0,-51000,0,0,0,0,51000,-51000,-51000
050339,鴻海統一94購06  ,0,0,0,0,0,0,0,0,0,-51000,0,0,0,48000,99000,-51000,-51000
050175,台光電元大94購08,0,0,0,0,0,0,0,0,0,-51000,0,0,0,6000,57000,-51000,-51000
051124,創意群益95購01  ,0,0,0,0,0,0,0,0,0,-51000,0,0,0,0,51000,-51000,-51000
052015,漢唐永豐95購02  ,0,0,0,0,0,0,0,0,0,-51000,0,0,0,0,51000,-51000,-51000
055029,帆宣國泰99購01  ,0,0,0,0,0,0,0,0,0,-51000,0,0,0,136000,187000,-51000,-51000
055215,智邦凱基98購02  ,0,0,0,0,0,0,0,0,0,-51000,0,0,0,67000,118000,-51000,-51000
054590,嘉聯益國泰98購01,0,0,0,0,0,0,0,0,0,-51000,0,0,0,53000,104000,-51000,-51000
054523,GIS元大96購05   ,0,0,0,0,0,0,0,0,0,-51000,0,0,0,0,51000,-51000,-51000
053337,聯電國票97購01  ,0,0,0,0,0,0,0,0,0,-51000,0,0,0,9000,60000,-51000,-51000
054017,茂林永豐96購02  ,0,0,0,0,0,0,0,0,0,-51000,0,0,0,74000,125000,-51000,-51000
054074,健策富邦98購01  ,0,0,0,0,0,0,0,0,0,-51000,0,0,0,65000,116000,-51000,-51000
054147,GIS元大96購02   ,0,0,0,0,0,0,0,0,0,-51000,0,0,0,0,51000,-51000,-51000
053524,聯電中信97購02  ,0,0,0,0,0,0,0,0,0,-51000,0,0,0,7000,58000,-51000,-51000
057916,國巨凱基98購13  ,0,0,0,0,0,0,0,0,0,-51000,0,0,0,0,51000,-51000,-51000
8404,百和興業-KY     ,39000,90000,-51000,0,0,0,0,0,0,0,0,0,0,0,0,0,-51000
5519,隆大            ,9000,60000,-51000,0,0,0,0,0,0,0,0,0,0,0,0,0,-51000
2049,上銀            ,773000,734814,38186,0,0,0,12000,119200,-107200,18000,53000,25000,28000,32000,42000,-10000,-51014
056350,上銀元大98購02  ,0,0,0,0,0,0,0,0,0,-52000,0,0,0,12000,64000,-52000,-52000
056166,微星台新97購01  ,0,0,0,0,0,0,0,0,0,-52000,0,0,0,1000,53000,-52000,-52000
057525,光磊元大99購01  ,0,0,0,0,0,0,0,0,0,-52000,0,0,0,21000,73000,-52000,-52000
057536,康控元大99購03  ,0,0,0,0,0,0,0,0,0,-52000,0,0,0,70000,122000,-52000,-52000
057825,和碩元大98購02  ,0,0,0,0,0,0,0,0,0,-52000,0,0,0,3000,55000,-52000,-52000
057831,聯發科元富02購04,0,0,0,0,0,0,0,0,0,-52000,0,0,0,0,52000,-52000,-52000
056672,元油2X元富98購10,0,0,0,0,0,0,0,0,0,-52000,0,0,0,111000,163000,-52000,-52000
047027,新光金元大95購01,0,0,0,0,0,0,0,0,0,-52000,0,0,0,0,52000,-52000,-52000
048560,聯發科元大94購01,0,0,0,0,0,0,0,0,0,-52000,0,0,0,0,52000,-52000,-52000
049126,玉晶光元富94購02,0,0,0,0,0,0,0,0,0,-52000,0,0,0,10000,62000,-52000,-52000
051802,同欣電永豐95購02,0,0,0,0,0,0,0,0,0,-52000,0,0,0,18000,70000,-52000,-52000
05173P,臺股指元大95售17,0,0,0,0,0,0,0,0,0,-52000,0,0,0,0,52000,-52000,-52000
050443,復盛凱基94購02  ,0,0,0,0,0,0,0,0,0,-52000,0,0,0,85000,137000,-52000,-52000
049434,茂林國票95購01  ,0,0,0,0,0,0,0,0,0,-52000,0,0,0,3000,55000,-52000,-52000
053728,茂林凱基97購01  ,0,0,0,0,0,0,0,0,0,-52000,0,0,0,20000,72000,-52000,-52000
053319,可成群益96購04  ,0,0,0,0,0,0,0,0,0,-52000,0,0,0,36000,88000,-52000,-52000
052834,彩晶群益96購01  ,0,0,0,0,0,0,0,0,0,-52000,0,0,0,0,52000,-52000,-52000
055261,帆宣統一98購01  ,0,0,0,0,0,0,0,0,0,-52000,0,0,0,0,52000,-52000,-52000
055101,台肥凱基97購01  ,0,0,0,0,0,0,0,0,0,-52000,0,0,0,102000,154000,-52000,-52000
2030,彰源            ,6000,58000,-52000,0,0,0,0,0,0,0,0,0,0,0,0,0,-52000
06518P,奇力新兆豐99售01,0,0,0,0,0,0,0,0,0,-52000,0,0,0,0,52000,-52000,-52000
2881A,富邦特          ,0,0,0,0,0,0,0,0,0,-52000,98000,150000,-52000,0,0,0,-52000
056901,華新科元大98購03,0,0,0,0,0,0,0,0,0,-53000,0,0,0,117000,170000,-53000,-53000
057224,和碩日盛9A購01  ,0,0,0,0,0,0,0,0,0,-53000,0,0,0,2000,55000,-53000,-53000
057503,世紀鋼群益98購02,0,0,0,0,0,0,0,0,0,-53000,0,0,0,0,53000,-53000,-53000
056429,華通凱基98購02  ,0,0,0,0,0,0,0,0,0,-53000,0,0,0,10000,63000,-53000,-53000
055812,台積電國票99購02,0,0,0,0,0,0,0,0,0,-53000,0,0,0,421000,474000,-53000,-53000
055807,勤誠永豐97購01  ,0,0,0,0,0,0,0,0,0,-53000,0,0,0,2000,55000,-53000,-53000
056044,同欣電凱基97購03,0,0,0,0,0,0,0,0,0,-53000,0,0,0,88000,141000,-53000,-53000
048240,嘉聯益國票94購03,0,0,0,0,0,0,0,0,0,-53000,0,0,0,10000,63000,-53000,-53000
048317,大立光凱基93購36,0,0,0,0,0,0,0,0,0,-53000,0,0,0,0,53000,-53000,-53000
050423,鴻海凱基96購02  ,0,0,0,0,0,0,0,0,0,-53000,0,0,0,83000,136000,-53000,-53000
051763,新光金元大98購01,0,0,0,0,0,0,0,0,0,-53000,0,0,0,0,53000,-53000,-53000
051872,矽力凱基96購01  ,0,0,0,0,0,0,0,0,0,-53000,0,0,0,5000,58000,-53000,-53000
050036,矽格元大94購03  ,0,0,0,0,0,0,0,0,0,-53000,0,0,0,0,53000,-53000,-53000
050537,鴻海凱基95購05  ,0,0,0,0,0,0,0,0,0,-53000,0,0,0,97000,150000,-53000,-53000
049855,台表科群益94購01,0,0,0,0,0,0,0,0,0,-53000,0,0,0,0,53000,-53000,-53000
054965,健策元大98購04  ,0,0,0,0,0,0,0,0,0,-53000,0,0,0,8000,61000,-53000,-53000
054418,茂林元大97購01  ,0,0,0,0,0,0,0,0,0,-53000,0,0,0,71000,124000,-53000,-53000
052970,美律群益96購01  ,0,0,0,0,0,0,0,0,0,-53000,0,0,0,0,53000,-53000,-53000
053165,大立光群益96購03,0,0,0,0,0,0,0,0,0,-53000,0,0,0,60000,113000,-53000,-53000
053778,旺宏元大97購03  ,0,0,0,0,0,0,0,0,0,-53000,0,0,0,196000,249000,-53000,-53000
053495,聯發科兆豐96購02,0,0,0,0,0,0,0,0,0,-53000,0,0,0,0,53000,-53000,-53000
054087,矽創亞東96購01  ,0,0,0,0,0,0,0,0,0,-53000,0,0,0,0,53000,-53000,-53000
8463,潤泰材          ,49000,102000,-53000,0,0,0,0,0,0,0,0,0,0,0,0,0,-53000
06544P,鴻海元大98售09  ,0,0,0,0,0,0,0,0,0,-53000,0,0,0,581000,634000,-53000,-53000
057888,貿聯群益98購02  ,0,0,0,0,0,0,0,0,0,-53000,0,0,0,0,53000,-53000,-53000
05921P,同欣電元大96售06,0,0,0,0,0,0,0,0,0,-53000,0,0,0,0,53000,-53000,-53000
055862,矽力元大97購04  ,0,0,0,0,0,0,0,0,0,-54000,0,0,0,0,54000,-54000,-54000
055597,禾伸堂元大98購02,0,0,0,0,0,0,0,0,0,-54000,0,0,0,64000,118000,-54000,-54000
056085,聯發科統一97購01,0,0,0,0,0,0,0,0,0,-54000,0,0,0,89000,143000,-54000,-54000
057781,國巨國票99購04  ,0,56000,-56000,0,0,0,0,0,0,2000,0,0,0,79000,77000,2000,-54000
057647,欣興元大98購10  ,0,0,0,0,0,0,0,0,0,-54000,0,0,0,17000,71000,-54000,-54000
03656C,臺股指凱基99牛12,0,0,0,0,0,0,0,0,0,-54000,0,0,0,2000,56000,-54000,-54000
048874,玉晶光國票96購01,0,0,0,0,0,0,0,0,0,-54000,0,0,0,30000,84000,-54000,-54000
048902,昇陽半國泰96購01,0,0,0,0,0,0,0,0,0,-54000,0,0,0,10000,64000,-54000,-54000
051927,國巨中信96購01  ,0,0,0,0,0,0,0,0,0,-54000,0,0,0,25000,79000,-54000,-54000
052063,臺股指國票95購10,0,0,0,0,0,0,0,0,0,-54000,0,0,0,32000,86000,-54000,-54000
052529,力成元大95購03  ,0,0,0,0,0,0,0,0,0,-54000,0,0,0,1000,55000,-54000,-54000
051473,台積電凱基95購10,0,0,0,0,0,0,0,0,0,-54000,0,0,0,0,54000,-54000,-54000
051507,彩晶元富95購01  ,0,0,0,0,0,0,0,0,0,-54000,0,0,0,60000,114000,-54000,-54000
051219,大立光元富95購07,0,0,0,0,0,0,0,0,0,-54000,0,0,0,0,54000,-54000,-54000
05346P,臺股指統一95售06,0,0,0,0,0,0,0,0,0,-54000,0,0,0,29000,83000,-54000,-54000
055089,金寶群益98購01  ,0,0,0,0,0,0,0,0,0,-54000,0,0,0,91000,145000,-54000,-54000
06205P,台積電群益97售03,0,0,0,0,0,0,0,0,0,-54000,0,0,0,30000,84000,-54000,-54000
1905,華紙            ,383000,443000,-60000,0,0,0,0,0,0,6000,6000,0,6000,0,0,0,-54000
6592,和潤企業        ,46000,100000,-54000,0,0,0,0,0,0,0,0,0,0,0,0,0,-54000
2915,潤泰全          ,284000,335527,-51527,0,0,0,0,0,0,-3000,0,0,0,8000,11000,-3000,-54527
057398,台郡中信99購01  ,0,0,0,0,0,0,0,0,0,-55000,0,0,0,100000,155000,-55000,-55000
057233,聯發科凱基98購14,0,0,0,0,0,0,0,0,0,-55000,0,0,0,0,55000,-55000,-55000
056743,貿聯凱基98購04  ,0,0,0,0,0,0,0,0,0,-55000,0,0,0,18000,73000,-55000,-55000
056159,牧德凱基99購01  ,0,0,0,0,0,0,0,0,0,-55000,0,0,0,2000,57000,-55000,-55000
056496,康控國泰99購01  ,0,0,0,0,0,0,0,0,0,-55000,0,0,0,48000,103000,-55000,-55000
056547,臻鼎凱基99購01  ,0,0,0,0,0,0,0,0,0,-55000,0,0,0,30000,85000,-55000,-55000
056614,智邦永豐98購01  ,0,0,0,0,0,0,0,0,0,-55000,0,0,0,65000,120000,-55000,-55000
048884,川湖元富94購01  ,0,0,0,0,0,0,0,0,0,-55000,0,0,0,0,55000,-55000,-55000
048576,義隆國泰95購01  ,0,0,0,0,0,0,0,0,0,-55000,0,0,0,0,55000,-55000,-55000
050767,京元電元大96購01,0,0,0,0,0,0,0,0,0,-55000,0,0,0,0,55000,-55000,-55000
050833,台郡凱基95購01  ,0,0,0,0,0,0,0,0,0,-55000,0,0,0,0,55000,-55000,-55000
050685,緯穎元富94購02  ,0,0,0,0,0,0,0,0,0,-55000,0,0,0,36000,91000,-55000,-55000
045907,鴻海中信94購02  ,0,0,0,0,0,0,0,0,0,-55000,0,0,0,61000,116000,-55000,-55000
043907,鴻海凱基93購01  ,0,0,0,0,0,0,0,0,0,-55000,0,0,0,0,55000,-55000,-55000
048263,台積電元富95購01,0,0,0,0,0,0,0,0,0,-55000,0,0,0,5000,60000,-55000,-55000
04437P,滬深2X群益98售03,0,0,0,0,0,0,0,0,0,-55000,0,0,0,59000,114000,-55000,-55000
051283,亞德客統一95購01,0,0,0,0,0,0,0,0,0,-55000,0,0,0,38000,93000,-55000,-55000
051339,智易永豐95購02  ,0,0,0,0,0,0,0,0,0,-55000,0,0,0,0,55000,-55000,-55000
051428,玉晶光統一96購01,0,0,0,0,0,0,0,0,0,-55000,0,0,0,0,55000,-55000,-55000
049406,T50反1日盛97購01,0,0,0,0,0,0,0,0,0,-55000,0,0,0,0,55000,-55000,-55000
052363,廣達國票96購01  ,0,0,0,0,0,0,0,0,0,-55000,0,0,0,220000,275000,-55000,-55000
052773,大成鋼亞東97購01,0,0,0,0,0,0,0,0,0,-55000,0,0,0,0,55000,-55000,-55000
050155,華新科群益95購01,0,0,0,0,0,0,0,0,0,-55000,0,0,0,19000,74000,-55000,-55000
055197,致新元富97購02  ,0,0,0,0,0,0,0,0,0,-55000,0,0,0,17000,72000,-55000,-55000
053458,聯詠國泰97購01  ,0,0,0,0,0,0,0,0,0,-55000,0,0,0,0,55000,-55000,-55000
053247,麗豐國票97購01  ,0,0,0,0,0,0,0,0,0,-55000,0,0,0,0,55000,-55000,-55000
052901,台達電國票97購01,0,0,0,0,0,0,0,0,0,-55000,0,0,0,0,55000,-55000,-55000
053026,奇力新富邦98購01,0,0,0,0,0,0,0,0,0,-55000,0,0,0,0,55000,-55000,-55000
054102,百和國票97購04  ,0,0,0,0,0,0,0,0,0,-55000,0,0,0,20000,75000,-55000,-55000
05366P,鴻海元富95售12  ,0,0,0,0,0,0,0,0,0,-55000,0,0,0,35000,90000,-55000,-55000
1309,台達化          ,70000,125000,-55000,0,0,0,0,0,0,0,0,0,0,0,0,0,-55000
06648P,華邦電元大98售03,0,0,0,0,0,0,0,0,0,-55000,0,0,0,1000,56000,-55000,-55000
05972P,瑞昱元大96售01  ,0,0,0,0,0,0,0,0,0,-55000,0,0,0,20000,75000,-55000,-55000
056546,致伸凱基98購01  ,0,0,0,0,0,0,0,0,0,-56000,0,0,0,0,56000,-56000,-56000
05594P,旺宏國票96售04  ,0,0,0,0,0,0,0,0,0,-56000,0,0,0,0,56000,-56000,-56000
055943,瑞昱麥證97購01  ,0,0,0,23000,77000,-54000,0,0,0,-56000,0,0,0,24000,80000,-56000,-56000
057197,立積台新98購01  ,0,0,0,0,0,0,0,0,0,-56000,0,0,0,215000,271000,-56000,-56000
057480,技嘉元大98購03  ,0,0,0,0,0,0,0,0,0,-56000,0,0,0,70000,126000,-56000,-56000
045369,康控兆豐93購01  ,0,0,0,0,0,0,0,0,0,-56000,0,0,0,0,56000,-56000,-56000
00713,元大台灣高息低波,1000,68000,-67000,0,0,0,0,0,0,11000,0,0,0,56000,45000,11000,-56000
047151,台積電國票94購02,0,0,0,0,0,0,0,0,0,-56000,0,0,0,18000,74000,-56000,-56000
04857P,美律元富94售01  ,0,0,0,0,0,0,0,0,0,-56000,0,0,0,15000,71000,-56000,-56000
052053,泰鼎凱基96購01  ,0,0,0,0,0,0,0,0,0,-56000,0,0,0,583000,639000,-56000,-56000
050040,鴻海中信94購04  ,0,0,0,0,0,0,0,0,0,-56000,0,0,0,10000,66000,-56000,-56000
050882,華泰國泰96購01  ,0,0,0,0,0,0,0,0,0,-56000,0,0,0,0,56000,-56000,-56000
055001,京鼎元富97購01  ,0,0,0,0,0,0,0,0,0,-56000,0,0,0,21000,77000,-56000,-56000
054168,貿聯凱基97購02  ,0,0,0,0,0,0,0,0,0,-56000,0,0,0,0,56000,-56000,-56000
054774,同欣電國票98購01,0,0,0,0,0,0,0,0,0,-56000,0,0,0,109000,165000,-56000,-56000
06201P,可成元大97售01  ,0,0,0,0,0,0,0,0,0,-56000,0,0,0,107000,163000,-56000,-56000
06467P,旺宏統一98售01  ,0,0,0,0,0,0,0,0,0,-56000,0,0,0,0,56000,-56000,-56000
2545,皇翔            ,21296,78000,-56704,0,0,0,0,0,0,0,1000,1000,0,0,0,0,-56704
05748P,臺股指群益99售02,0,0,0,0,0,0,0,0,0,-57000,0,0,0,3000,60000,-57000,-57000
057448,致茂元富98購01  ,0,0,0,0,0,0,0,0,0,-57000,0,0,0,40000,97000,-57000,-57000
057703,矽力群益98購01  ,0,0,0,0,0,0,0,0,0,-57000,0,0,0,11000,68000,-57000,-57000
057768,華新科中信9A購01,0,0,0,0,0,0,0,0,0,-57000,0,0,0,8000,65000,-57000,-57000
055746,同欣電元富97購01,0,0,0,0,0,0,0,0,0,-57000,0,0,0,0,57000,-57000,-57000
056413,上証反中信9A購01,0,0,0,0,0,0,0,0,0,-57000,0,0,0,5000,62000,-57000,-57000
046869,聯發科統一95購01,0,0,0,0,0,0,0,0,0,-57000,0,0,0,73000,130000,-57000,-57000
048998,玉晶光國票95購03,0,0,0,0,0,0,0,0,0,-57000,0,0,0,117000,174000,-57000,-57000
047114,全新元大94購01  ,0,0,0,0,0,0,0,0,0,-57000,0,0,0,0,57000,-57000,-57000
051033,台積電兆豐95購03,0,0,0,0,0,0,0,0,0,-57000,0,0,0,13000,70000,-57000,-57000
051297,台積電凱基95購07,0,0,0,0,0,0,0,0,0,-57000,0,0,0,153000,210000,-57000,-57000
04929P,同欣電凱基95售01,0,0,0,0,0,0,0,0,0,-57000,0,0,0,0,57000,-57000,-57000
051912,健鼎元大96購01  ,0,0,0,0,0,0,0,0,0,-57000,0,0,0,43000,100000,-57000,-57000
051973,華新科凱基96購04,0,0,0,0,0,0,0,0,0,-57000,0,0,0,25000,82000,-57000,-57000
052556,聯發科國票97購01,0,0,0,0,0,0,0,0,0,-57000,0,0,0,0,57000,-57000,-57000
054569,GIS群益98購01   ,0,0,0,0,0,0,0,0,0,-57000,0,0,0,21000,78000,-57000,-57000
055385,昇陽半元大98購01,0,0,0,0,0,0,0,0,0,-57000,0,0,0,0,57000,-57000,-57000
054028,臻鼎凱基96購03  ,0,0,0,0,0,0,0,0,0,-57000,0,0,0,117000,174000,-57000,-57000
053884,緯穎第一96購01  ,0,0,0,0,0,0,0,0,0,-57000,0,0,0,3000,60000,-57000,-57000
3010,華立            ,7000,63000,-56000,0,0,0,0,1000,-1000,0,0,0,0,0,0,0,-57000
8482,商億-KY         ,19000,76000,-57000,0,0,0,0,0,0,0,0,0,0,0,0,0,-57000
1723,中碳            ,25000,82000,-57000,0,0,0,0,0,0,0,0,0,0,0,0,0,-57000
056394,晶豪科永豐98購01,0,0,0,0,0,0,0,0,0,-58000,0,0,0,0,58000,-58000,-58000
056480,京鼎元大98購02  ,0,0,0,0,0,0,0,0,0,-58000,0,0,0,10000,68000,-58000,-58000
055908,GIS日盛97購01   ,0,0,0,0,0,0,0,0,0,-58000,0,0,0,11000,69000,-58000,-58000
055576,嘉晶統一98購01  ,0,0,0,0,0,0,0,0,0,-58000,0,0,0,19000,77000,-58000,-58000
056791,嘉聯益群益98購01,0,0,0,0,0,0,0,0,0,-58000,0,0,0,44000,102000,-58000,-58000
048989,矽格元大94購02  ,0,0,0,0,0,0,0,0,0,-58000,0,0,0,0,58000,-58000,-58000
00681R,元大美債20反1   ,0,0,0,0,0,0,0,0,0,-58000,0,0,0,0,58000,-58000,-58000
052723,新唐統一97購01  ,252000,0,252000,0,0,0,0,0,0,-310000,0,0,0,0,310000,-310000,-58000
050253,百和國泰96購01  ,0,0,0,0,0,0,0,0,0,-58000,0,0,0,12000,70000,-58000,-58000
051604,喬山群益95購01  ,0,0,0,0,0,0,0,0,0,-58000,0,0,0,21000,79000,-58000,-58000
049500,聯茂元大94購04  ,0,0,0,0,0,0,0,0,0,-58000,0,0,0,10000,68000,-58000,-58000
053744,台郡國票97購03  ,0,0,0,0,0,0,0,0,0,-58000,0,0,0,0,58000,-58000,-58000
052928,美律元大98購01  ,0,0,0,0,0,0,0,0,0,-58000,0,0,0,32000,90000,-58000,-58000
055350,聯發科凱基97購02,0,0,0,0,0,0,0,0,0,-58000,0,0,0,10000,68000,-58000,-58000
055021,亞德客國泰98購01,0,0,0,0,0,0,0,0,0,-58000,0,0,0,10000,68000,-58000,-58000
055095,啟碁群益98購01  ,0,0,0,0,0,0,0,0,0,-58000,0,0,0,98000,156000,-58000,-58000
054700,致新永豐97購01  ,0,0,0,0,0,0,0,0,0,-58000,0,0,0,0,58000,-58000,-58000
054260,貿聯元大96購03  ,0,0,0,0,0,0,0,0,0,-58000,0,0,0,10000,68000,-58000,-58000
054415,奇力新元大96購06,0,0,0,0,0,0,0,0,0,-58000,0,0,0,5000,63000,-58000,-58000
06755P,大立光永豐98售03,0,0,0,0,0,0,0,0,0,-58000,0,0,0,12000,70000,-58000,-58000
6197,佳必琪          ,41000,99000,-58000,0,0,0,0,0,0,0,0,0,0,0,0,0,-58000
05693P,滬深2X凱基98售02,0,0,0,0,0,0,0,0,0,-59000,0,0,0,68000,127000,-59000,-59000
057056,立積元大99購02  ,0,0,0,0,0,0,0,0,0,-59000,0,0,0,57000,116000,-59000,-59000
057020,台積電凱基99購02,0,0,0,0,0,0,0,0,0,-59000,0,0,0,12000,71000,-59000,-59000
057538,緯穎元大98購07  ,0,0,0,0,0,0,0,0,0,-59000,0,0,0,34000,93000,-59000,-59000
055744,茂林元富97購02  ,0,0,0,0,0,0,0,0,0,-59000,0,0,0,579000,638000,-59000,-59000
05609P,國泰金凱基96售01,0,0,0,0,0,0,0,0,0,-59000,0,0,0,1000,60000,-59000,-59000
04233P,儒鴻兆豐93售01  ,0,0,0,0,0,0,0,0,0,-59000,0,0,0,61000,120000,-59000,-59000
03652C,臺股指元大03牛01,0,0,0,0,0,0,0,0,0,-59000,0,0,0,25000,84000,-59000,-59000
04548P,大立光元大94售14,0,0,0,0,0,0,0,0,0,-59000,0,0,0,1000,60000,-59000,-59000
045054,聯發科元富98購02,0,0,0,0,0,0,0,0,0,-59000,0,0,0,208000,267000,-59000,-59000
04434P,玉晶光國票96售02,0,0,0,0,0,0,0,0,0,-59000,0,0,0,366000,425000,-59000,-59000
048527,鴻海國票94購02  ,0,0,0,0,0,0,0,0,0,-59000,0,0,0,56000,115000,-59000,-59000
047603,瑞昱國泰94購01  ,0,0,0,0,0,0,0,0,0,-59000,0,0,0,30000,89000,-59000,-59000
050895,聯發科元大97購01,0,0,0,0,0,0,0,0,0,-59000,0,0,0,192000,251000,-59000,-59000
050915,健策中信98購01  ,0,0,0,0,0,0,0,0,0,-59000,0,0,0,30000,89000,-59000,-59000
051383,京鼎群益96購02  ,0,0,0,0,0,0,0,0,0,-59000,0,0,0,0,59000,-59000,-59000
051167,京鼎元大95購01  ,0,0,0,0,0,0,0,0,0,-59000,0,0,0,0,59000,-59000,-59000
051451,世芯元大95購03  ,0,0,0,0,0,0,0,0,0,-59000,0,0,0,20000,79000,-59000,-59000
054232,台積電群益96購12,0,0,0,0,0,0,0,0,0,-59000,0,0,0,41000,100000,-59000,-59000
055336,茂林兆豐98購01  ,0,0,0,0,0,0,0,0,0,-59000,0,0,0,152000,211000,-59000,-59000
055297,啟碁元大97購01  ,0,0,0,0,0,0,0,0,0,-59000,0,0,0,10000,69000,-59000,-59000
053180,同欣電統一96購01,0,0,0,0,0,0,0,0,0,-59000,0,0,0,1000,60000,-59000,-59000
06010P,國泰金元富96售01,0,0,0,0,0,0,0,0,0,-59000,0,0,0,53000,112000,-59000,-59000
057862,智邦凱基99購01  ,0,0,0,0,0,0,0,0,0,-59000,0,0,0,20000,79000,-59000,-59000
05628P,茂林國票97售02  ,0,0,0,0,0,0,0,0,0,-60000,0,0,0,0,60000,-60000,-60000
056278,全新富邦98購02  ,0,0,0,0,0,0,0,0,0,-60000,0,0,0,0,60000,-60000,-60000
056461,樺漢凱基98購02  ,0,0,0,0,0,0,0,0,0,-60000,0,0,0,10000,70000,-60000,-60000
056543,京鼎凱基98購01  ,0,0,0,0,0,0,0,0,0,-60000,0,0,0,0,60000,-60000,-60000
05655P,南亞科統一96售01,0,0,0,0,0,0,0,0,0,-60000,0,0,0,1000,61000,-60000,-60000
056553,啟碁凱基98購02  ,0,0,0,0,0,0,0,0,0,-60000,0,0,0,0,60000,-60000,-60000
055944,日月光麥證97購01,0,0,0,60000,120000,-60000,0,0,0,-60000,0,0,0,60000,120000,-60000,-60000
055988,矽力元富97購01  ,0,0,0,0,0,0,0,0,0,-60000,0,0,0,36000,96000,-60000,-60000
055617,TPK國票98購04   ,0,0,0,0,0,0,0,0,0,-60000,0,0,0,0,60000,-60000,-60000
057498,台郡元大98購04  ,0,0,0,0,0,0,0,0,0,-60000,0,0,0,2000,62000,-60000,-60000
057499,奇鋐群益98購01  ,0,0,0,0,0,0,0,0,0,-60000,0,0,0,150000,210000,-60000,-60000
057175,美律元大98購03  ,0,0,0,0,0,0,0,0,0,-60000,0,0,0,102000,162000,-60000,-60000
056874,友達凱基98購08  ,0,0,0,0,0,0,0,0,0,-60000,0,0,0,0,60000,-60000,-60000
056776,聯茂元大99購01  ,0,0,0,0,0,0,0,0,0,-60000,0,0,0,76000,136000,-60000,-60000
047548,友達凱基99購03  ,0,0,0,0,0,0,0,0,0,-60000,0,0,0,0,60000,-60000,-60000
050940,嘉澤國票95購01  ,0,0,0,0,0,0,0,0,0,-60000,0,0,0,0,60000,-60000,-60000
051085,鴻海元大95購03  ,0,0,0,0,0,0,0,0,0,-60000,0,0,0,89000,149000,-60000,-60000
05068P,鴻海統一95售06  ,0,0,0,0,0,0,0,0,0,-60000,0,0,0,0,60000,-60000,-60000
050828,康控凱基95購01  ,0,0,0,0,0,0,0,0,0,-60000,0,0,0,0,60000,-60000,-60000
050807,群臺反凱基95購01,0,0,0,0,0,0,0,0,0,-60000,0,0,0,0,60000,-60000,-60000
047080,仁寶康和93購01  ,0,0,0,0,0,0,0,0,0,-60000,0,0,0,40000,100000,-60000,-60000
04676P,彩晶統一94售03  ,0,0,0,0,0,0,0,0,0,-60000,0,0,0,0,60000,-60000,-60000
047224,台光電凱基94購01,0,0,0,0,0,0,0,0,0,-60000,0,0,0,0,60000,-60000,-60000
047478,旺宏凱基93購04  ,0,0,0,0,0,0,0,0,0,-60000,0,0,0,0,60000,-60000,-60000
049111,元油2X統一94購03,0,0,0,0,0,0,0,0,0,-60000,0,0,0,0,60000,-60000,-60000
048654,滬深2X元富93購05,0,0,0,0,0,0,0,0,0,-60000,0,0,0,0,60000,-60000,-60000
048705,GIS國票95購01   ,0,0,0,0,0,0,0,0,0,-60000,0,0,0,20000,80000,-60000,-60000
044966,台表科中信94購01,0,0,0,0,0,0,0,0,0,-60000,0,0,0,10000,70000,-60000,-60000
045288,元油2X元大95購02,0,0,0,0,0,0,0,0,0,-60000,0,0,0,0,60000,-60000,-60000
03832P,臺股指中信95售03,0,0,0,0,0,0,0,0,0,-60000,0,0,0,240000,300000,-60000,-60000
045984,亞光麥證93購02  ,0,0,0,30000,90000,-60000,0,0,0,-60000,0,0,0,30000,90000,-60000,-60000
051539,瀚宇博國票97購01,0,0,0,0,0,0,0,0,0,-60000,0,0,0,0,60000,-60000,-60000
051112,台郡統一95購01  ,0,0,0,0,0,0,0,0,0,-60000,0,0,0,71000,131000,-60000,-60000
049226,元石油富邦95購01,0,0,0,0,0,0,0,0,0,-60000,0,0,0,0,60000,-60000,-60000
049680,臺股指國票94購13,0,0,0,0,0,0,0,0,0,-60000,0,0,0,0,60000,-60000,-60000
051682,元黃金凱基97購01,0,0,0,0,0,0,0,0,0,-60000,0,0,0,5000,65000,-60000,-60000
050499,台達電凱基94購11,0,0,0,0,0,0,0,0,0,-60000,0,0,0,0,60000,-60000,-60000
051300,台光電凱基96購02,0,0,0,0,0,0,0,0,0,-60000,0,0,0,0,60000,-60000,-60000
051251,信邦元大95購01  ,0,0,0,0,0,0,0,0,0,-60000,0,0,0,5000,65000,-60000,-60000
051029,緯創元富95購01  ,0,0,0,0,0,0,0,0,0,-60000,0,0,0,0,60000,-60000,-60000
050561,上証2X元富97購01,0,0,0,0,0,0,0,0,0,-60000,0,0,0,0,60000,-60000,-60000
050605,上証2X元大97購02,0,0,0,0,0,0,0,0,0,-60000,0,0,0,0,60000,-60000,-60000
049995,GIS台新94購01   ,0,0,0,0,0,0,0,0,0,-60000,0,0,0,0,60000,-60000,-60000
049769,和鑫元富96購01  ,0,0,0,0,0,0,0,0,0,-60000,0,0,0,0,60000,-60000,-60000
049799,旺宏元大96購01  ,0,0,0,0,0,0,0,0,0,-60000,0,0,0,0,60000,-60000,-60000
052256,台泥國泰96購01  ,0,0,0,0,0,0,0,0,0,-60000,0,0,0,0,60000,-60000,-60000
053275,燿華元大97購01  ,0,0,0,0,0,0,0,0,0,-60000,0,0,0,0,60000,-60000,-60000
052907,嘉澤國票97購01  ,0,0,0,0,0,0,0,0,0,-60000,0,0,0,10000,70000,-60000,-60000
05299P,旺宏元大95售04  ,0,0,0,0,0,0,0,0,0,-60000,0,0,0,20000,80000,-60000,-60000
054026,台積電凱基97購08,0,0,0,0,0,0,0,0,0,-60000,0,0,0,0,60000,-60000,-60000
054062,TPK國票96購02   ,0,0,0,0,0,0,0,0,0,-60000,0,0,0,0,60000,-60000,-60000
054113,奇力新台新97購01,0,0,0,0,0,0,0,0,0,-60000,0,0,0,0,60000,-60000,-60000
055310,聯詠群益97購02  ,0,0,0,0,0,0,0,0,0,-60000,0,0,0,153000,213000,-60000,-60000
055277,旺宏元大97購04  ,0,0,0,0,0,0,0,0,0,-60000,0,0,0,0,60000,-60000,-60000
055192,世芯元富97購01  ,0,0,0,0,0,0,0,0,0,-60000,0,0,0,100000,160000,-60000,-60000
055324,TPK國票98購03   ,0,0,0,0,0,0,0,0,0,-60000,0,0,0,0,60000,-60000,-60000
054958,亞光元大97購03  ,0,0,0,0,0,0,0,0,0,-60000,0,0,0,0,60000,-60000,-60000
05440P,緯穎國票96售02  ,0,0,0,0,0,0,0,0,0,-60000,0,0,0,0,60000,-60000,-60000
054737,京元電凱基99購01,0,0,0,0,0,0,0,0,0,-60000,0,0,0,0,60000,-60000,-60000
054551,聯發科凱基98購02,0,0,0,0,0,0,0,0,0,-60000,0,0,0,0,60000,-60000,-60000
054525,奇鋐元富96購01  ,0,0,0,0,0,0,0,0,0,-60000,0,0,0,0,60000,-60000,-60000
054519,禾伸堂元大97購02,0,0,0,0,0,0,0,0,0,-60000,0,0,0,119000,179000,-60000,-60000
054627,義隆凱基98購01  ,0,0,0,0,0,0,0,0,0,-60000,0,0,0,0,60000,-60000,-60000
06698P,玉晶光國票99售05,0,0,0,0,0,0,0,0,0,-60000,0,0,0,0,60000,-60000,-60000
06736P,新日興凱基98售03,0,0,0,0,0,0,0,0,0,-60000,0,0,0,0,60000,-60000,-60000
1711,永光            ,0,60000,-60000,0,0,0,0,0,0,0,0,0,0,0,0,0,-60000
1315,達新            ,80000,140000,-60000,0,0,0,0,1000,-1000,1000,1000,0,1000,0,0,0,-60000
056859,台積電群益98購02,0,0,0,0,0,0,0,0,0,-61000,0,0,0,963000,1024000,-61000,-61000
056947,國巨統一9A購01  ,0,0,0,0,0,0,0,0,0,-61000,0,0,0,94000,155000,-61000,-61000
057550,聯發科凱基02購01,0,0,0,0,0,0,0,0,0,-61000,0,0,0,20000,81000,-61000,-61000
057620,康控凱基99購01  ,0,0,0,0,0,0,0,0,0,-61000,0,0,0,63000,124000,-61000,-61000
056516,晶豪科兆豐98購01,0,0,0,0,0,0,0,0,0,-61000,0,0,0,10000,71000,-61000,-61000
056471,台光電元大99購01,0,0,0,0,0,0,0,0,0,-61000,0,0,0,0,61000,-61000,-61000
050496,鴻海富邦96購01  ,0,0,0,0,0,0,0,0,0,-61000,0,0,0,139000,200000,-61000,-61000
054724,鴻海日盛97購02  ,0,0,0,0,0,0,0,0,0,-61000,0,0,0,90000,151000,-61000,-61000
054305,光磊凱基98購01  ,0,0,0,0,0,0,0,0,0,-61000,0,0,0,0,61000,-61000,-61000
055019,福懋科元富97購01,0,0,0,0,0,0,0,0,0,-61000,0,0,0,22000,83000,-61000,-61000
053818,富邦金群益98購01,5000,0,5000,0,0,0,0,0,0,-66000,0,0,0,39000,105000,-66000,-61000
05282P,可成元大95售09  ,0,0,0,0,0,0,0,0,0,-61000,0,0,0,262000,323000,-61000,-61000
06703P,新日興元富98售02,0,0,0,0,0,0,0,0,0,-61000,0,0,0,10000,71000,-61000,-61000
06264P,友達凱基98售06  ,0,0,0,0,0,0,0,0,0,-61000,0,0,0,16000,77000,-61000,-61000
3049,和鑫            ,621000,718000,-97000,0,0,0,0,5000,-5000,41000,0,0,0,55000,14000,41000,-61000
9940,信義            ,28460,90000,-61540,0,0,0,0,0,0,0,0,0,0,0,0,0,-61540
056596,光磊元富98購01  ,0,0,0,0,0,0,0,0,0,-62000,0,0,0,20000,82000,-62000,-62000
056355,台積電元大98購08,0,0,0,0,0,0,0,0,0,-62000,0,0,0,206000,268000,-62000,-62000
056096,超眾元富9A購01  ,0,0,0,0,0,0,0,0,0,-62000,0,0,0,0,62000,-62000,-62000
056116,義隆群益97購02  ,0,0,0,0,0,0,0,0,0,-62000,0,0,0,0,62000,-62000,-62000
056103,聯發科永豐97購03,0,0,0,0,0,0,0,0,0,-62000,0,0,0,12000,74000,-62000,-62000
05549P,臺股指元大96售03,0,0,0,0,0,0,0,0,0,-62000,0,0,0,149000,211000,-62000,-62000
057850,上銀兆豐99購02  ,0,0,0,0,0,0,0,0,0,-62000,0,0,0,0,62000,-62000,-62000
056701,國產國泰9A購01  ,0,0,0,0,0,0,0,0,0,-62000,0,0,0,30000,92000,-62000,-62000
042116,元油2X國票97購01,0,0,0,0,0,0,0,0,0,-62000,0,0,0,0,62000,-62000,-62000
044717,旺宏統一94購01  ,0,0,0,0,0,0,0,0,0,-62000,0,0,0,648000,710000,-62000,-62000
048834,牧德凱基94購01  ,0,0,0,0,0,0,0,0,0,-62000,0,0,0,17000,79000,-62000,-62000
050939,健鼎國票96購01  ,0,0,0,0,0,0,0,0,0,-62000,0,0,0,68000,130000,-62000,-62000
049584,台積電元大96購04,0,0,0,0,0,0,0,0,0,-62000,0,0,0,164000,226000,-62000,-62000
050625,康控第一94購01  ,0,0,0,0,0,0,0,0,0,-62000,0,0,0,0,62000,-62000,-62000
051840,康友國泰97購02  ,0,0,0,0,0,0,0,0,0,-62000,0,0,0,11000,73000,-62000,-62000
052295,揚明光國票96購03,0,0,0,0,0,0,0,0,0,-62000,0,0,0,9000,71000,-62000,-62000
052084,台泥元大95購01  ,0,0,0,0,0,0,0,0,0,-62000,0,0,0,172000,234000,-62000,-62000
049917,華新科元大94購02,0,0,0,0,0,0,0,0,0,-62000,0,0,0,84000,146000,-62000,-62000
053143,昇陽半永豐96購03,0,0,0,0,0,0,0,0,0,-62000,0,0,0,0,62000,-62000,-62000
053211,漢唐凱基96購03  ,0,0,0,0,0,0,0,0,0,-62000,0,0,0,12000,74000,-62000,-62000
05369P,可成元富95售04  ,0,0,0,0,0,0,0,0,0,-62000,0,0,0,0,62000,-62000,-62000
053642,瀚宇博永豐96購01,0,0,0,0,0,0,0,0,0,-62000,0,0,0,0,62000,-62000,-62000
054405,樺漢康和96購01  ,0,0,0,0,0,0,0,0,0,-62000,0,0,0,0,62000,-62000,-62000
054576,健策元大98購03  ,0,0,0,0,0,0,0,0,0,-62000,0,0,0,1000,63000,-62000,-62000
06582P,可成凱基98售06  ,0,0,0,0,0,0,0,0,0,-62000,0,0,0,4000,66000,-62000,-62000
1464,得力            ,45000,107000,-62000,0,0,0,0,2000,-2000,2000,0,0,0,2000,0,2000,-62000
056682,鴻海統一98購10  ,0,0,0,0,0,0,0,0,0,-63000,0,0,0,0,63000,-63000,-63000
056790,彩晶群益98購03  ,0,0,0,0,0,0,0,0,0,-63000,0,0,0,0,63000,-63000,-63000
057609,友訊元富98購01  ,0,0,0,0,0,0,0,0,0,-63000,0,0,0,30000,93000,-63000,-63000
055996,矽力國泰99購01  ,0,0,0,0,0,0,0,0,0,-63000,0,0,0,51000,114000,-63000,-63000
056084,漢唐統一97購03  ,0,0,0,0,0,0,0,0,0,-63000,0,0,0,0,63000,-63000,-63000
056500,大立光富邦9B購02,0,0,0,0,0,0,0,0,0,-63000,0,0,0,10000,73000,-63000,-63000
048049,滬深反中信96購01,0,0,0,0,0,0,0,0,0,-63000,0,0,0,25000,88000,-63000,-63000
048653,巨大元大96購02  ,0,0,0,0,0,0,0,0,0,-63000,0,0,0,57000,120000,-63000,-63000
051780,矽力群益95購01  ,0,0,0,0,0,0,0,0,0,-63000,0,0,0,35000,98000,-63000,-63000
050579,聯發科國票95購04,0,0,0,0,0,0,0,0,0,-63000,0,0,0,31000,94000,-63000,-63000
050455,貿聯元大94購02  ,0,0,0,0,0,0,0,0,0,-63000,0,0,0,0,63000,-63000,-63000
051243,微星元大95購01  ,0,0,0,0,0,0,0,0,0,-63000,0,0,0,5000,68000,-63000,-63000
055105,鴻海凱基98購05  ,0,0,0,0,0,0,0,0,0,-63000,0,0,0,73000,136000,-63000,-63000
054949,奇力新元大98購01,0,0,0,0,0,0,0,0,0,-63000,0,0,0,13000,76000,-63000,-63000
05536P,奇力新元大96售03,0,0,0,0,0,0,0,0,0,-63000,0,0,0,2000,65000,-63000,-63000
053030,南亞科第一96購01,0,0,0,0,0,0,0,0,0,-63000,0,0,0,25000,88000,-63000,-63000
1810,和成            ,47000,110000,-63000,0,0,0,0,0,0,0,0,0,0,0,0,0,-63000
05839P,臺股指富邦96售06,0,0,0,0,0,0,0,0,0,-63000,0,0,0,7000,70000,-63000,-63000
056457,嘉澤凱基98購01  ,0,0,0,0,0,0,0,0,0,-64000,0,0,0,6000,70000,-64000,-64000
05664P,國巨凱基96售09  ,0,0,0,0,0,0,0,0,0,-64000,0,0,0,0,64000,-64000,-64000
056043,力成凱基97購01  ,0,0,0,0,0,0,0,0,0,-64000,0,0,0,206000,270000,-64000,-64000
055507,樺漢元大98購02  ,0,0,0,0,0,0,0,0,0,-64000,0,0,0,230000,294000,-64000,-64000
055520,矽力中信97購02  ,0,0,0,0,0,0,0,0,0,-64000,0,0,0,295000,359000,-64000,-64000
055670,矽創群益98購02  ,0,0,0,0,0,0,0,0,0,-64000,0,0,0,27000,91000,-64000,-64000
057468,台郡永豐98購01  ,0,0,0,0,0,0,0,0,0,-64000,0,0,0,0,64000,-64000,-64000
057169,微星元大98購01  ,0,0,0,0,0,0,0,0,0,-64000,0,0,0,0,64000,-64000,-64000
04421P,玉晶光永豐94售02,0,0,0,0,0,0,0,0,0,-64000,0,0,0,10000,74000,-64000,-64000
045975,祥碩凱基93購04  ,0,0,0,0,0,0,0,0,0,-64000,0,0,0,4000,68000,-64000,-64000
050797,聯發科中信99購01,0,0,0,0,0,0,0,0,0,-64000,0,0,0,186000,250000,-64000,-64000
050773,京鼎元大94購02  ,0,0,0,0,0,0,0,0,0,-64000,0,0,0,0,64000,-64000,-64000
049967,華新科國票94購07,28000,0,28000,0,0,0,0,0,0,-92000,0,0,0,87000,179000,-92000,-64000
052455,樺漢元大96購03  ,0,0,0,0,0,0,0,0,0,-64000,0,0,0,0,64000,-64000,-64000
053065,大立光群益96購01,0,0,0,0,0,0,0,0,0,-64000,0,0,0,10000,74000,-64000,-64000
053501,明泰兆豐96購01  ,0,0,0,0,0,0,0,0,0,-64000,0,0,0,49000,113000,-64000,-64000
054847,創意兆豐97購01  ,0,0,0,0,0,0,0,0,0,-64000,0,0,0,16000,80000,-64000,-64000
054457,強茂群益96購01  ,0,0,0,0,0,0,0,0,0,-64000,0,0,0,91000,155000,-64000,-64000
06157P,聯鈞統一97售02  ,0,0,0,0,0,0,0,0,0,-64000,0,0,0,36000,100000,-64000,-64000
06136P,華新科國泰99售02,0,0,0,0,0,0,0,0,0,-64000,0,0,0,638000,702000,-64000,-64000
1527,鑽全            ,59000,123000,-64000,0,0,0,0,1000,-1000,1000,1000,0,1000,0,0,0,-64000
6142,友勁            ,0,54000,-54000,0,0,0,0,0,0,-10000,10000,20000,-10000,0,0,0,-64000
5264,鎧勝-KY         ,228000,285000,-57000,0,0,0,0,0,0,-7000,0,0,0,0,7000,-7000,-64000
05672P,鴻海群益96售03  ,0,0,0,0,0,0,0,0,0,-65000,0,0,0,0,65000,-65000,-65000
056242,緯創群益9A購01  ,0,0,0,0,0,0,0,0,0,-65000,0,0,0,33000,98000,-65000,-65000
050843,富邦金國票96購01,0,0,0,0,0,0,0,0,0,-65000,0,0,0,38000,103000,-65000,-65000
049061,元油2X日盛94購01,0,0,0,0,0,0,0,0,0,-65000,0,0,0,0,65000,-65000,-65000
048967,凌陽元大95購01  ,0,0,0,0,0,0,0,0,0,-65000,0,0,0,3000,68000,-65000,-65000
04912P,可成元富94售06  ,0,0,0,0,0,0,0,0,0,-65000,0,0,0,0,65000,-65000,-65000
049134,為升元大95購01  ,0,0,0,0,0,0,0,0,0,-65000,0,0,0,3000,68000,-65000,-65000
049039,富邦金兆豐94購01,0,0,0,0,0,0,0,0,0,-65000,0,0,0,0,65000,-65000,-65000
045897,泰鼎元大93購04  ,0,0,0,0,0,0,0,0,0,-65000,0,0,0,30000,95000,-65000,-65000
045871,元油2X元富96購03,0,0,0,0,0,0,0,0,0,-65000,0,0,0,0,65000,-65000,-65000
04263P,南電群益93售03  ,0,0,0,0,0,0,0,0,0,-65000,0,0,0,20000,85000,-65000,-65000
052744,聯詠元大97購01  ,0,0,0,0,0,0,0,0,0,-65000,0,0,0,0,65000,-65000,-65000
052559,茂林國票97購01  ,0,0,0,0,0,0,0,0,0,-65000,0,0,0,31000,96000,-65000,-65000
050601,台表科國泰96購01,0,0,0,0,0,0,0,0,0,-65000,0,0,0,4000,69000,-65000,-65000
051019,大立光凱基95購08,0,0,0,0,0,0,0,0,0,-65000,0,0,0,30000,95000,-65000,-65000
049537,元石油群益97購01,0,0,0,0,0,0,0,0,0,-65000,0,0,0,10000,75000,-65000,-65000
050395,大立光元富94購10,0,0,0,0,0,0,0,0,0,-65000,0,0,0,10000,75000,-65000,-65000
051420,康控國票95購05  ,0,0,0,0,0,0,0,0,0,-65000,0,0,0,10000,75000,-65000,-65000
054548,鴻海凱基98購03  ,0,0,0,0,0,0,0,0,0,-65000,0,0,0,71000,136000,-65000,-65000
9924,福興            ,12000,77000,-65000,0,0,0,0,0,0,0,0,0,0,0,0,0,-65000
06204P,鴻海群益97售04  ,0,0,0,0,0,0,0,0,0,-65000,0,0,0,10000,75000,-65000,-65000
05789P,臺股指永昌96售06,0,0,0,0,0,0,0,0,0,-65000,471000,0,471000,54000,590000,-536000,-65000
056293,上銀元大97購10  ,0,0,0,0,0,0,0,0,0,-66000,0,0,0,32000,98000,-66000,-66000
055789,台虹凱基97購01  ,0,0,0,0,0,0,0,0,0,-66000,0,0,0,100000,166000,-66000,-66000
055855,牧德元大99購02  ,0,0,0,0,0,0,0,0,0,-66000,0,0,0,60000,126000,-66000,-66000
056939,康控元富98購01  ,0,0,0,0,0,0,0,0,0,-66000,0,0,0,20000,86000,-66000,-66000
047685,嘉聯益國泰95購01,0,0,0,0,0,0,0,0,0,-66000,0,0,0,0,66000,-66000,-66000
051526,超眾凱基95購02  ,0,0,0,0,0,0,0,0,0,-66000,0,0,0,0,66000,-66000,-66000
049493,可成元大94購05  ,0,0,0,0,0,0,0,0,0,-66000,0,0,0,102000,168000,-66000,-66000
051230,聯詠群益95購01  ,0,0,0,0,0,0,0,0,0,-66000,0,0,0,0,66000,-66000,-66000
052137,台表科凱基96購02,0,0,0,0,0,0,0,0,0,-66000,0,0,0,20000,86000,-66000,-66000
052146,泰碩群益95購01  ,0,0,0,0,0,0,0,0,0,-66000,0,0,0,0,66000,-66000,-66000
052109,可成元富95購01  ,0,0,0,0,0,0,0,0,0,-66000,0,0,0,115000,181000,-66000,-66000
054714,和鑫台新98購01  ,0,0,0,0,0,0,0,0,0,-66000,0,0,0,38000,104000,-66000,-66000
054783,國巨群益98購04  ,0,0,0,0,0,0,0,0,0,-66000,0,0,0,106000,172000,-66000,-66000
055161,貿聯元大98購03  ,0,0,0,0,0,0,0,0,0,-66000,0,0,0,99000,165000,-66000,-66000
054055,全新國票99購02  ,0,0,0,0,0,0,0,0,0,-66000,0,0,0,44000,110000,-66000,-66000
053456,大立光元富96購04,0,0,0,0,0,0,0,0,0,-66000,0,0,0,2000,68000,-66000,-66000
057530,奇鋐元大99購01  ,0,0,0,0,0,0,0,0,0,-67000,0,0,0,0,67000,-67000,-67000
057625,泰鼎國泰9A購01  ,0,0,0,0,0,0,0,0,0,-67000,0,0,0,136000,203000,-67000,-67000
057807,友訊元大98購02  ,0,0,0,0,0,0,0,0,0,-67000,0,0,0,0,67000,-67000,-67000
055913,中信金凱基97購01,0,0,0,0,0,0,0,0,0,-67000,0,0,0,4000,71000,-67000,-67000
056439,華邦電凱基98購02,0,0,0,0,0,0,0,0,0,-67000,0,0,0,100000,167000,-67000,-67000
042433,元油2X永豐96購01,0,0,0,0,0,0,0,0,0,-67000,0,0,0,210000,277000,-67000,-67000
048610,華新科凱基94購04,0,0,0,0,0,0,0,0,0,-67000,0,0,0,40000,107000,-67000,-67000
050535,台表科群益94購02,0,0,0,0,0,0,0,0,0,-67000,0,0,0,74000,141000,-67000,-67000
051678,鈺齊元大95購02  ,0,0,0,0,0,0,0,0,0,-67000,0,0,0,30000,97000,-67000,-67000
051170,南電元大95購03  ,0,0,0,0,0,0,0,0,0,-67000,0,0,0,165000,232000,-67000,-67000
055026,健和興國泰98購01,0,0,0,0,0,0,0,0,0,-67000,0,0,0,20000,87000,-67000,-67000
055328,鈺齊國票98購01  ,0,0,0,0,0,0,0,0,0,-67000,0,0,0,31000,98000,-67000,-67000
055312,台虹群益99購01  ,0,0,0,0,0,0,0,0,0,-67000,0,0,0,30000,97000,-67000,-67000
055446,奇力新統一9A購01,0,0,0,0,0,0,0,0,0,-67000,0,0,0,48000,115000,-67000,-67000
055411,國巨富邦9A購02  ,0,0,0,0,0,0,0,0,0,-67000,0,0,0,1415000,1482000,-67000,-67000
054483,聯電台新96購01  ,0,0,0,0,0,0,0,0,0,-67000,0,0,0,0,67000,-67000,-67000
05904P,大立光統一96售07,0,0,0,0,0,0,0,0,0,-67000,0,0,0,0,67000,-67000,-67000
06752P,訊芯凱基98售05  ,0,0,0,0,0,0,0,0,0,-67000,0,0,0,125000,192000,-67000,-67000
056538,國泰金凱基98購01,0,0,0,0,0,0,0,0,0,-68000,0,0,0,0,68000,-68000,-68000
055972,GIS元大97購04   ,0,0,0,0,0,0,0,0,0,-68000,0,0,0,0,68000,-68000,-68000
056056,旺宏元大97購06  ,0,0,0,0,0,0,0,0,0,-68000,0,0,0,10000,78000,-68000,-68000
055479,GIS凱基97購04   ,0,0,0,0,0,0,0,0,0,-68000,0,0,0,7000,75000,-68000,-68000
057613,瑞昱元富02購02  ,0,0,0,0,0,0,0,0,0,-68000,0,0,0,0,68000,-68000,-68000
057573,京鼎永豐98購02  ,0,0,0,0,0,0,0,0,0,-68000,0,0,0,0,68000,-68000,-68000
057577,廣宇中信9A購01  ,0,0,0,0,0,0,0,0,0,-68000,0,0,0,0,68000,-68000,-68000
057642,南亞科元大98購07,0,0,0,0,0,0,0,0,0,-68000,0,0,0,24000,92000,-68000,-68000
057366,智邦元大98購08  ,0,0,0,0,0,0,0,0,0,-68000,0,0,0,10000,78000,-68000,-68000
056704,健策國泰99購01  ,0,0,0,0,0,0,0,0,0,-68000,0,0,0,10000,78000,-68000,-68000
056774,和鑫元大98購01  ,0,0,0,0,0,0,0,0,0,-68000,0,0,0,0,68000,-68000,-68000
05701P,彩晶凱基96售01  ,0,0,0,0,0,0,0,0,0,-68000,0,0,0,0,68000,-68000,-68000
056998,麗豐康和98購01  ,0,0,0,0,0,0,0,0,0,-68000,0,0,0,0,68000,-68000,-68000
057070,美律永豐98購02  ,0,0,0,0,0,0,0,0,0,-68000,0,0,0,0,68000,-68000,-68000
048645,創意元大94購02  ,0,0,0,0,0,0,0,0,0,-68000,0,0,0,0,68000,-68000,-68000
048501,GIS元大94購02   ,0,0,0,0,0,0,0,0,0,-68000,0,0,0,0,68000,-68000,-68000
048970,裕民元大94購01  ,0,0,0,0,0,0,0,0,0,-68000,0,0,0,0,68000,-68000,-68000
051106,華通統一95購02  ,0,0,0,0,0,0,0,0,0,-68000,0,0,0,32000,100000,-68000,-68000
00737,國泰AI+Robo     ,20000,709000,-689000,0,0,0,0,0,0,621000,0,0,0,760000,139000,621000,-68000
045861,智邦統一93購02  ,0,0,0,0,0,0,0,0,0,-68000,0,0,0,28000,96000,-68000,-68000
048651,美利達元大96購05,0,0,0,0,0,0,0,0,0,-68000,0,0,0,0,68000,-68000,-68000
048291,台積電群益93購09,0,0,0,0,0,0,0,0,0,-68000,0,0,0,0,68000,-68000,-68000
048677,智伸科國泰94購01,0,0,0,0,0,0,0,0,0,-68000,0,0,0,0,68000,-68000,-68000
051691,台表科凱基95購01,0,0,0,0,0,0,0,0,0,-68000,0,0,0,0,68000,-68000,-68000
049569,光磊統一94購02  ,0,0,0,0,0,0,0,0,0,-68000,0,0,0,0,68000,-68000,-68000
051244,正崴元大95購01  ,0,0,0,0,0,0,0,0,0,-68000,0,0,0,0,68000,-68000,-68000
051232,貿聯群益95購02  ,0,0,0,0,0,0,0,0,0,-68000,0,0,0,9000,77000,-68000,-68000
051253,緯創元大95購02  ,0,0,0,0,0,0,0,0,0,-68000,0,0,0,25000,93000,-68000,-68000
050602,訊芯國泰96購01  ,0,0,0,0,0,0,0,0,0,-68000,0,0,0,281000,349000,-68000,-68000
051442,正崴元大95購02  ,0,0,0,0,0,0,0,0,0,-68000,0,0,0,0,68000,-68000,-68000
051584,可成元大95購08  ,0,0,0,0,0,0,0,0,0,-68000,0,0,0,55000,123000,-68000,-68000
050248,臻鼎凱基94購03  ,0,0,0,0,0,0,0,0,0,-68000,0,0,0,11000,79000,-68000,-68000
052175,可成元大95購10  ,0,0,0,0,0,0,0,0,0,-68000,0,0,0,0,68000,-68000,-68000
05448P,臺股指元大95售25,0,0,0,0,0,0,0,0,0,-68000,0,0,0,12000,80000,-68000,-68000
054493,同欣電台新96購01,0,0,0,0,0,0,0,0,0,-68000,0,0,0,55000,123000,-68000,-68000
054683,川湖永豐97購01  ,0,0,0,0,0,0,0,0,0,-68000,0,0,0,0,68000,-68000,-68000
054547,鴻海凱基98購02  ,0,0,0,0,0,0,0,0,0,-68000,0,0,0,68000,136000,-68000,-68000
055042,得力永豐97購01  ,0,0,0,0,0,0,0,0,0,-68000,0,0,0,0,68000,-68000,-68000
053422,可成永豐96購01  ,0,0,0,0,0,0,0,0,0,-68000,0,0,0,68000,136000,-68000,-68000
053426,創意永豐96購04  ,0,0,0,0,0,0,0,0,0,-68000,0,0,0,0,68000,-68000,-68000
053157,日月光元大96購03,0,0,0,0,0,0,0,0,0,-68000,0,0,0,0,68000,-68000,-68000
054042,華泰元大96購01  ,0,0,0,0,0,0,0,0,0,-68000,0,0,0,0,68000,-68000,-68000
054080,微星中信98購01  ,0,0,0,0,0,0,0,0,0,-68000,0,0,0,0,68000,-68000,-68000
053648,台積電凱基97購04,0,0,0,0,0,0,0,0,0,-68000,0,0,0,0,68000,-68000,-68000
053594,京鼎元大96購02  ,0,0,0,0,0,0,0,0,0,-68000,0,0,0,0,68000,-68000,-68000
053684,台積電元大96購17,0,0,0,0,0,0,0,0,0,-68000,0,0,0,210000,278000,-68000,-68000
3018,同開            ,16000,66000,-50000,0,0,0,0,0,0,-18000,0,18000,-18000,0,0,0,-68000
056789,和碩群益98購01  ,0,0,0,0,0,0,0,0,0,-69000,0,0,0,28000,97000,-69000,-69000
055592,奇力新元大97購07,0,0,0,0,0,0,0,0,0,-69000,0,0,0,29000,98000,-69000,-69000
055885,大成鋼統一97購02,0,0,0,0,0,0,0,0,0,-69000,0,0,0,0,69000,-69000,-69000
056357,台積電元大9A購01,0,0,0,0,0,0,0,0,0,-69000,0,0,0,206000,275000,-69000,-69000
048825,華新科凱基94購05,0,0,0,0,0,0,0,0,0,-69000,0,0,0,27000,96000,-69000,-69000
048616,智伸科凱基93購07,0,0,0,0,0,0,0,0,0,-69000,0,0,0,50000,119000,-69000,-69000
052159,瑞昱永豐95購01  ,0,0,0,0,0,0,0,0,0,-69000,0,0,0,12000,81000,-69000,-69000
052226,旺宏凱基95購06  ,0,0,0,0,0,0,0,0,0,-69000,0,0,0,0,69000,-69000,-69000
049914,瑞昱元大94購06  ,0,0,0,0,0,0,0,0,0,-69000,0,0,0,11000,80000,-69000,-69000
049915,瑞昱元大94購07  ,0,0,0,0,0,0,0,0,0,-69000,0,0,0,1000,70000,-69000,-69000
050407,聯詠台新94購02  ,0,0,0,0,0,0,0,0,0,-69000,0,0,0,0,69000,-69000,-69000
050388,鴻海統一94購09  ,0,0,0,0,0,0,0,0,0,-69000,0,0,0,10000,79000,-69000,-69000
052871,群創凱基98購07  ,0,0,0,0,0,0,0,0,0,-69000,0,0,0,20000,89000,-69000,-69000
055117,臻鼎凱基98購02  ,0,0,0,0,0,0,0,0,0,-69000,0,0,0,12000,81000,-69000,-69000
054863,億光群益97購01  ,0,0,0,0,0,0,0,0,0,-69000,0,0,0,0,69000,-69000,-69000
055298,啟碁元大97購02  ,0,0,0,0,0,0,0,0,0,-69000,0,0,0,33000,102000,-69000,-69000
054667,神基元富97購01  ,0,0,0,0,0,0,0,0,0,-69000,0,0,0,93000,162000,-69000,-69000
054803,味全元大9A購01  ,0,0,0,0,0,0,0,0,0,-69000,0,0,0,0,69000,-69000,-69000
054265,GIS元大96購03   ,0,0,0,0,0,0,0,0,0,-69000,0,0,0,0,69000,-69000,-69000
2913,農林            ,69000,138000,-69000,0,0,0,0,0,0,0,0,0,0,0,0,0,-69000
05925P,晶技永豐96售03  ,0,0,0,0,0,0,0,0,0,-69000,0,0,0,0,69000,-69000,-69000
057910,華新科兆豐99購02,0,0,0,0,0,0,0,0,0,-69000,0,0,0,0,69000,-69000,-69000
056608,力山永豐98購01  ,0,0,0,0,0,0,0,0,0,-70000,0,0,0,80000,150000,-70000,-70000
056449,義隆凱基98購03  ,0,0,0,0,0,0,0,0,0,-70000,0,0,0,0,70000,-70000,-70000
056037,美律凱基98購03  ,0,0,0,0,0,0,0,0,0,-70000,0,0,0,0,70000,-70000,-70000
056032,勤誠康和97購03  ,0,0,0,0,0,0,0,0,0,-70000,0,0,0,0,70000,-70000,-70000
055950,華新元大97購02  ,0,0,0,0,0,0,0,0,0,-70000,0,0,0,0,70000,-70000,-70000
055566,台表科凱基97購03,0,0,0,0,0,0,0,0,0,-70000,0,0,0,0,70000,-70000,-70000
056952,元油2X國泰99購01,0,0,0,0,0,0,0,0,0,-70000,0,0,0,0,70000,-70000,-70000
056925,群創兆豐98購03  ,0,0,0,0,0,0,0,0,0,-70000,0,0,0,0,70000,-70000,-70000
057355,彩晶統一98購03  ,0,0,0,0,0,0,0,0,0,-70000,0,0,0,0,70000,-70000,-70000
057612,瑞昱元富02購01  ,0,0,0,0,0,0,0,0,0,-70000,0,0,0,11000,81000,-70000,-70000
057780,台郡群益98購02  ,0,0,0,0,0,0,0,0,0,-70000,0,0,0,30000,100000,-70000,-70000
057728,瑞昱國泰99購01  ,0,0,0,0,0,0,0,0,0,-70000,0,0,0,262000,332000,-70000,-70000
048484,大立光國泰95購02,0,0,0,0,0,0,0,0,0,-70000,0,0,0,2000,72000,-70000,-70000
048316,可成凱基93購15  ,0,0,0,0,0,0,0,0,0,-70000,0,0,0,0,70000,-70000,-70000
044124,燿華凱基93購01  ,0,0,0,0,0,0,0,0,0,-70000,0,0,0,0,70000,-70000,-70000
044927,聯詠國泰94購01  ,0,0,0,0,0,0,0,0,0,-70000,0,0,0,0,70000,-70000,-70000
04339P,欣興元大93售08  ,0,0,0,0,0,0,0,0,0,-70000,0,0,0,0,70000,-70000,-70000
050384,嘉澤國票94購02  ,0,0,0,0,0,0,0,0,0,-70000,0,0,0,0,70000,-70000,-70000
051005,緯創中信95購02  ,0,0,0,0,0,0,0,0,0,-70000,0,0,0,0,70000,-70000,-70000
051191,可成兆豐96購01  ,0,0,0,0,0,0,0,0,0,-70000,0,0,0,0,70000,-70000,-70000
049546,正崴群益94購01  ,0,0,0,0,0,0,0,0,0,-70000,0,0,0,0,70000,-70000,-70000
050461,GIS元大95購04   ,0,0,0,0,0,0,0,0,0,-70000,0,0,0,0,70000,-70000,-70000
051553,牧德永豐96購02  ,0,0,0,0,0,0,0,0,0,-70000,0,0,0,1000,71000,-70000,-70000
049242,佳世達元富96購01,0,0,0,0,0,0,0,0,0,-70000,0,0,0,10000,80000,-70000,-70000
051871,同欣電凱基95購02,0,0,0,0,0,0,0,0,0,-70000,0,0,0,0,70000,-70000,-70000
049426,為升兆豐95購01  ,0,0,0,0,0,0,0,0,0,-70000,0,0,0,0,70000,-70000,-70000
052000,鈺齊元大95購03  ,0,0,0,0,0,0,0,0,0,-70000,0,0,0,0,70000,-70000,-70000
050296,亞光凱基94購03  ,0,0,0,0,0,0,0,0,0,-70000,0,0,0,128000,198000,-70000,-70000
052203,T50反1中信99購03,0,0,0,0,0,0,0,0,0,-70000,0,0,0,0,70000,-70000,-70000
052527,泰鼎元大96購02  ,0,0,0,0,0,0,0,0,0,-70000,0,0,0,108000,178000,-70000,-70000
052393,康友群益95購05  ,0,0,0,0,0,0,0,0,0,-70000,0,0,0,10000,80000,-70000,-70000
052767,智伸科群益98購01,0,0,0,0,0,0,0,0,0,-70000,0,0,0,0,70000,-70000,-70000
054329,華新科永豐96購02,0,0,0,0,0,0,0,0,0,-70000,0,0,0,58000,128000,-70000,-70000
054316,矽創凱基97購01  ,0,0,0,0,0,0,0,0,0,-70000,0,0,0,0,70000,-70000,-70000
054244,華新元大96購01  ,0,0,0,0,0,0,0,0,0,-70000,0,0,0,0,70000,-70000,-70000
054363,世芯凱基97購01  ,0,0,0,0,0,0,0,0,0,-70000,0,0,0,0,70000,-70000,-70000
054831,緯穎國泰98購01  ,0,0,0,0,0,0,0,0,0,-70000,0,0,0,0,70000,-70000,-70000
054901,群光康和97購01  ,0,0,0,0,0,0,0,0,0,-70000,0,0,0,0,70000,-70000,-70000
055068,亞翔永豐97購01  ,0,0,0,0,0,0,0,0,0,-70000,0,0,0,10000,80000,-70000,-70000
05295P,緯創凱基95售01  ,0,0,0,0,0,0,0,0,0,-70000,0,0,0,10000,80000,-70000,-70000
053010,鴻海統一96購11  ,0,0,0,0,0,0,0,0,0,-70000,0,0,0,0,70000,-70000,-70000
05316P,台積電永昌96售06,0,0,0,0,0,0,0,0,0,-70000,0,0,0,0,70000,-70000,-70000
054161,友訊凱基98購01  ,0,0,0,0,0,0,0,0,0,-70000,0,0,0,0,70000,-70000,-70000
054015,晶豪科永豐96購03,0,0,0,0,0,0,0,0,0,-70000,0,0,0,0,70000,-70000,-70000
053853,康控國泰97購02  ,0,0,0,0,0,0,0,0,0,-70000,0,0,0,21000,91000,-70000,-70000
057884,華邦電群益98購02,0,0,0,0,0,0,0,0,0,-70000,0,0,0,70000,140000,-70000,-70000
057858,T50正2康和98購01,0,0,0,0,0,0,0,0,0,-70000,0,0,0,0,70000,-70000,-70000
06267P,大立光凱基97售12,0,0,0,0,0,0,0,0,0,-70000,0,0,0,22000,92000,-70000,-70000
06837P,上銀統一9A售02  ,0,0,0,0,0,0,0,0,0,-70000,0,0,0,0,70000,-70000,-70000
08070P,晶技國泰9C售02  ,0,0,0,0,0,0,0,0,0,-70000,0,0,0,0,70000,-70000,-70000
3060,銘異            ,114000,182000,-68000,0,0,0,0,0,0,-2000,0,2000,-2000,0,0,0,-70000
2405,浩鑫            ,49000,121000,-72000,0,0,0,0,0,0,2000,2000,0,2000,0,0,0,-70000
057643,聯發科元大99購03,0,0,0,0,0,0,0,0,0,-71000,0,0,0,182000,253000,-71000,-71000
057072,日月光永豐98購01,0,0,0,0,0,0,0,0,0,-71000,0,0,0,0,71000,-71000,-71000
055465,和大凱基97購03  ,0,0,0,0,0,0,0,0,0,-71000,0,0,0,0,71000,-71000,-71000
055480,元上證元大97購02,0,0,0,0,0,0,0,0,0,-71000,0,0,0,0,71000,-71000,-71000
055645,技嘉元富97購01  ,0,0,0,0,0,0,0,0,0,-71000,0,0,0,30000,101000,-71000,-71000
055935,創意群益97購02  ,0,0,0,0,0,0,0,0,0,-71000,0,0,0,11000,82000,-71000,-71000
055819,晶相光國票98購01,0,0,0,0,0,0,0,0,0,-71000,0,0,0,9000,80000,-71000,-71000
056262,台積電統一98購04,0,0,0,0,0,0,0,0,0,-71000,0,0,0,90000,161000,-71000,-71000
046939,燿華元大96購01  ,0,0,0,0,0,0,0,0,0,-71000,0,0,0,0,71000,-71000,-71000
048980,嘉澤元大94購02  ,0,0,0,0,0,0,0,0,0,-71000,0,0,0,0,71000,-71000,-71000
048936,玉晶光永豐94購05,0,0,0,0,0,0,0,0,0,-71000,0,0,0,333000,404000,-71000,-71000
047519,台達電元大93購02,0,0,0,0,0,0,0,0,0,-71000,0,0,0,0,71000,-71000,-71000
047246,華新科群益93購01,0,0,0,0,0,0,0,0,0,-71000,0,0,0,14000,85000,-71000,-71000
052095,彩晶元大97購01  ,0,0,0,0,0,0,0,0,0,-71000,0,0,0,35000,106000,-71000,-71000
051579,宏碁元大95購01  ,0,0,0,0,0,0,0,0,0,-71000,0,0,0,3000,74000,-71000,-71000
051788,奇力新國票97購02,0,0,0,0,0,0,0,0,0,-71000,0,0,0,10000,81000,-71000,-71000
05361P,聯發科富邦97售01,0,0,0,0,0,0,0,0,0,-71000,0,0,0,60000,131000,-71000,-71000
052892,大成鋼群益96購01,0,0,0,0,0,0,0,0,0,-71000,0,0,0,24000,95000,-71000,-71000
055079,台光電中信97購01,0,0,0,0,0,0,0,0,0,-71000,0,0,0,38000,109000,-71000,-71000
055109,正崴凱基98購01  ,0,0,0,0,0,0,0,0,0,-71000,0,0,0,0,71000,-71000,-71000
055383,GIS元大97購02   ,0,0,0,0,0,0,0,0,0,-71000,0,0,0,9000,80000,-71000,-71000
054337,智邦統一96購01  ,0,0,0,0,0,0,0,0,0,-71000,0,0,0,42000,113000,-71000,-71000
054208,台積電國票97購07,0,0,0,0,0,0,0,0,0,-71000,0,0,0,134000,205000,-71000,-71000
056127,致新國票98購02  ,0,0,0,0,0,0,0,0,0,-72000,0,0,0,10000,82000,-72000,-72000
056194,聯發科富邦9B購01,0,0,0,0,0,0,0,0,0,-72000,0,0,0,126000,198000,-72000,-72000
056464,臺股指凱基99購06,0,0,0,0,0,0,0,0,0,-72000,0,0,0,11000,83000,-72000,-72000
056741,大立光凱基98購14,0,0,0,0,0,0,0,0,0,-72000,0,0,0,0,72000,-72000,-72000
057615,元油2X凱基98購02,0,0,0,0,0,0,0,0,0,-72000,0,0,0,0,72000,-72000,-72000
048888,牧德元富94購02  ,0,0,0,0,0,0,0,0,0,-72000,0,0,0,8000,80000,-72000,-72000
049817,南電元大94購07  ,0,0,0,0,0,0,0,0,0,-72000,0,0,0,155000,227000,-72000,-72000
054280,牧德群益98購01  ,0,0,0,0,0,0,0,0,0,-72000,0,0,0,1000,73000,-72000,-72000
054615,牧德永豐98購01  ,0,0,0,0,0,0,0,0,0,-72000,0,0,0,1000,73000,-72000,-72000
053224,矽力凱基96購02  ,0,0,0,0,0,0,0,0,0,-72000,0,0,0,8000,80000,-72000,-72000
053330,燿華永豐96購03  ,0,0,0,0,0,0,0,0,0,-72000,0,0,0,0,72000,-72000,-72000
06777P,鴻海元大99售06  ,0,0,0,0,0,0,0,0,0,-72000,0,0,0,491000,563000,-72000,-72000
057783,台積電國票9A購01,0,0,0,0,0,0,0,0,0,-73000,0,0,0,18000,91000,-73000,-73000
057301,嘉聯益永豐98購02,0,0,0,0,0,0,0,0,0,-73000,0,0,0,58000,131000,-73000,-73000
057193,力成元大98購02  ,0,0,0,0,0,0,0,0,0,-73000,0,0,0,15000,88000,-73000,-73000
057260,微星兆豐98購01  ,0,0,0,0,0,0,0,0,0,-73000,0,0,0,0,73000,-73000,-73000
056562,奇力新群益98購01,0,0,0,0,0,0,0,0,0,-73000,0,0,0,321000,394000,-73000,-73000
055662,上銀中信99購01  ,0,0,0,0,0,0,0,0,0,-73000,0,0,0,231000,304000,-73000,-73000
043442,大立光台新01購01,0,0,0,0,0,0,0,0,0,-73000,0,0,0,1000,74000,-73000,-73000
052629,訊芯中信99購01  ,0,0,0,0,0,0,0,0,0,-73000,0,0,0,100000,173000,-73000,-73000
053339,友達國票97購02  ,0,0,0,0,0,0,0,0,0,-73000,0,0,0,18000,91000,-73000,-73000
054843,中環兆豐97購01  ,0,0,0,0,0,0,0,0,0,-73000,0,0,0,20000,93000,-73000,-73000
054979,南港元富97購01  ,0,0,0,0,0,0,0,0,0,-73000,0,0,0,137000,210000,-73000,-73000
06721P,臺股指中信9A售03,0,0,0,0,0,0,0,0,0,-73000,0,0,0,0,73000,-73000,-73000
06470P,臺股指凱基99售10,0,0,0,0,0,0,0,0,0,-73000,0,0,0,165000,238000,-73000,-73000
06438P,玉晶光國票99售02,0,0,0,0,0,0,0,0,0,-73000,0,0,0,11000,84000,-73000,-73000
2392,正崴            ,200000,284000,-84000,0,0,0,0,2000,-2000,13000,14000,27000,-13000,35000,9000,26000,-73000
056997,台灣50康和9A購02,0,0,0,0,0,0,0,0,0,-74000,0,0,0,16000,90000,-74000,-74000
057333,智邦國票99購01  ,0,0,0,0,0,0,0,0,0,-74000,0,0,0,14000,88000,-74000,-74000
057442,玉晶光統一98購03,0,0,0,0,0,0,0,0,0,-74000,0,0,0,51000,125000,-74000,-74000
046064,中工凱基94購01  ,0,0,0,0,0,0,0,0,0,-74000,0,0,0,0,74000,-74000,-74000
046257,A50正2國票94購01,0,0,0,0,0,0,0,0,0,-74000,0,0,0,100000,174000,-74000,-74000
042903,金寶元大94購01  ,0,0,0,0,0,0,0,0,0,-74000,0,0,0,66000,140000,-74000,-74000
04410P,大立光統一94售05,0,0,0,0,0,0,0,0,0,-74000,0,0,0,6000,80000,-74000,-74000
048279,聯鈞永豐93購01  ,0,0,0,0,0,0,0,0,0,-74000,0,0,0,109000,183000,-74000,-74000
051039,台表科康和95購01,0,0,0,0,0,0,0,0,0,-74000,0,0,0,266000,340000,-74000,-74000
05006P,華通元富95售01  ,0,0,0,0,0,0,0,0,0,-74000,0,0,0,1000,75000,-74000,-74000
055235,金寶台新98購01  ,0,0,0,0,0,0,0,0,0,-74000,0,0,0,0,74000,-74000,-74000
054380,世芯群益97購02  ,0,0,0,0,0,0,0,0,0,-74000,0,0,0,60000,134000,-74000,-74000
053029,國巨第一96購01  ,0,0,0,0,0,0,0,0,0,-74000,0,0,0,531000,605000,-74000,-74000
8341,日友            ,66000,140000,-74000,0,0,0,0,0,0,0,0,0,0,0,0,0,-74000
06214P,國巨國票98售04  ,0,0,0,0,0,0,0,0,0,-74000,0,0,0,357000,431000,-74000,-74000
06569P,可成永豐98售01  ,0,0,0,0,0,0,0,0,0,-74000,0,0,0,0,74000,-74000,-74000
057449,華新科元富99購02,0,0,0,0,0,0,0,0,0,-75000,0,0,0,48000,123000,-75000,-75000
057513,智邦台新98購01  ,0,0,0,0,0,0,0,0,0,-75000,0,0,0,0,75000,-75000,-75000
057385,光罩永豐99購01  ,0,0,0,0,0,0,0,0,0,-75000,0,0,0,10000,85000,-75000,-75000
057419,奇力新凱基98購06,0,0,0,0,0,0,0,0,0,-75000,0,0,0,0,75000,-75000,-75000
057003,立積國票98購01  ,0,0,0,0,0,0,0,0,0,-75000,0,0,0,0,75000,-75000,-75000
057022,智邦凱基98購04  ,0,0,0,0,0,0,0,0,0,-75000,0,0,0,111000,186000,-75000,-75000
056747,致新凱基99購01  ,0,0,0,0,0,0,0,0,0,-75000,0,0,0,273000,348000,-75000,-75000
056749,滬深2X兆豐99購01,0,0,0,0,0,0,0,0,0,-75000,0,0,0,70000,145000,-75000,-75000
055987,台表科元富97購01,0,0,0,0,0,0,0,0,0,-75000,0,0,0,20000,95000,-75000,-75000
048562,宏達電元大95購01,0,0,0,0,0,0,0,0,0,-75000,0,0,0,32000,107000,-75000,-75000
046344,超眾國票94購01  ,0,0,0,0,0,0,0,0,0,-75000,0,0,0,0,75000,-75000,-75000
052004,泰碩國泰97購03  ,0,0,0,0,0,0,0,0,0,-75000,0,0,0,7000,82000,-75000,-75000
052269,T50反1日盛9B購01,0,0,0,0,0,0,0,0,0,-75000,0,0,0,160000,235000,-75000,-75000
051673,玉晶光元大96購04,0,0,0,0,0,0,0,0,0,-75000,0,0,0,129000,204000,-75000,-75000
05323P,瑞昱凱基96售02  ,0,0,0,0,0,0,0,0,0,-75000,0,0,0,1000,76000,-75000,-75000
054228,貿聯元富96購03  ,0,0,0,0,0,0,0,0,0,-75000,0,0,0,20000,95000,-75000,-75000
054741,亞光凱基99購01  ,0,0,0,0,0,0,0,0,0,-75000,0,0,0,30000,105000,-75000,-75000
054556,世芯凱基99購01  ,0,0,0,0,0,0,0,0,0,-75000,0,0,0,203000,278000,-75000,-75000
055431,和鑫群益98購01  ,0,0,0,0,0,0,0,0,0,-75000,0,0,0,11000,86000,-75000,-75000
06047P,聯發科富邦99售04,0,0,0,0,0,0,0,0,0,-75000,0,0,0,204000,279000,-75000,-75000
8422,可寧衛          ,57000,131000,-74000,0,0,0,0,1000,-1000,0,0,0,0,0,0,0,-75000
055664,和大群益98購02  ,0,0,0,0,0,0,0,0,0,-76000,0,0,0,13000,89000,-76000,-76000
057065,牧德富邦99購01  ,0,0,0,0,0,0,0,0,0,-76000,0,0,0,0,76000,-76000,-76000
057535,泰鼎元大99購01  ,0,0,0,0,0,0,0,0,0,-76000,0,0,0,25000,101000,-76000,-76000
04137P,元油反國票97售01,0,0,0,0,0,0,0,0,0,-76000,0,0,0,0,76000,-76000,-76000
047741,鴻海統一93購06  ,0,0,0,0,0,0,0,0,0,-76000,0,0,0,29000,105000,-76000,-76000
045797,健策中信93購01  ,0,0,0,0,0,0,0,0,0,-76000,0,0,0,0,76000,-76000,-76000
048914,川湖台新94購01  ,0,0,0,0,0,0,0,0,0,-76000,0,0,0,0,76000,-76000,-76000
049154,玉晶光元大95購02,0,0,0,0,0,0,0,0,0,-76000,0,0,0,34000,110000,-76000,-76000
051098,矽格元大95購01  ,0,0,0,0,0,0,0,0,0,-76000,0,0,0,0,76000,-76000,-76000
051342,光寶科元大95購01,0,0,0,0,0,0,0,0,0,-76000,0,0,0,0,76000,-76000,-76000
052503,大成鋼日盛95購02,0,0,0,0,0,0,0,0,0,-76000,0,0,0,0,76000,-76000,-76000
051121,裕民群益97購01  ,0,0,0,0,0,0,0,0,0,-76000,0,0,0,0,76000,-76000,-76000
050251,樺漢凱基94購02  ,0,0,0,0,0,0,0,0,0,-76000,0,0,0,0,76000,-76000,-76000
055327,致新國票98購01  ,0,0,0,0,0,0,0,0,0,-76000,0,0,0,15000,91000,-76000,-76000
055209,勤誠康和97購01  ,0,0,0,0,0,0,0,0,0,-76000,0,0,0,14000,90000,-76000,-76000
053216,京鼎凱基96購02  ,0,0,0,0,0,0,0,0,0,-76000,0,0,0,0,76000,-76000,-76000
3454,晶睿            ,19000,95000,-76000,0,0,0,0,0,0,-750,0,750,-750,0,0,0,-76750
057665,技嘉元大99購01  ,0,0,0,0,0,0,0,0,0,-77000,0,0,0,4000,81000,-77000,-77000
056778,元石油群益9B購01,0,0,0,0,0,0,0,0,0,-77000,0,0,0,0,77000,-77000,-77000
056817,國巨永豐98購04  ,0,0,0,0,0,0,0,0,0,-77000,0,0,0,202000,279000,-77000,-77000
056568,台表科群益98購01,0,0,0,0,0,0,0,0,0,-77000,0,0,0,53000,130000,-77000,-77000
056409,麗豐國票99購01  ,0,0,0,0,0,0,0,0,0,-77000,0,0,0,0,77000,-77000,-77000
056190,昇陽半統一97購01,0,0,0,0,0,0,0,0,0,-77000,0,0,0,7000,84000,-77000,-77000
051904,深100元大95購01 ,0,0,0,0,0,0,0,0,0,-77000,0,0,0,0,77000,-77000,-77000
052309,健策國泰97購01  ,0,0,0,0,0,0,0,0,0,-77000,0,0,0,10000,87000,-77000,-77000
052575,茂林凱基96購04  ,0,0,0,0,0,0,0,0,0,-77000,0,0,0,68000,145000,-77000,-77000
049367,全新元大96購01  ,0,0,0,0,0,0,0,0,0,-77000,0,0,0,0,77000,-77000,-77000
053215,禾伸堂凱基96購01,0,0,0,0,0,0,0,0,0,-77000,0,0,0,34000,111000,-77000,-77000
053369,T50反1元大96購06,0,0,0,0,0,0,0,0,0,-77000,0,0,0,0,77000,-77000,-77000
053069,同欣電群益98購01,0,0,0,0,0,0,0,0,0,-77000,0,0,0,69000,146000,-77000,-77000
053087,冠德元大96購02  ,0,0,0,0,0,0,0,0,0,-77000,0,0,0,0,77000,-77000,-77000
053707,A50正2凱基99購02,0,0,0,0,0,0,0,0,0,-77000,0,0,0,0,77000,-77000,-77000
053965,聯電元大98購04  ,0,0,0,0,0,0,0,0,0,-77000,0,0,0,121000,198000,-77000,-77000
054081,聯電元富96購01  ,0,0,0,0,0,0,0,0,0,-77000,0,0,0,595000,672000,-77000,-77000
06081P,深中小元大97售02,0,0,0,0,0,0,0,0,0,-77000,0,0,0,359000,436000,-77000,-77000
05785P,臺股指元大96售19,0,0,0,0,0,0,0,0,0,-77000,0,0,0,15000,92000,-77000,-77000
1717,長興            ,80000,157000,-77000,0,0,0,0,0,0,0,0,0,0,0,0,0,-77000
055953,上銀元大97購09  ,0,0,0,0,0,0,0,0,0,-78000,0,0,0,25000,103000,-78000,-78000
055874,中環元富9A購01  ,0,0,0,0,0,0,0,0,0,-78000,0,0,0,5000,83000,-78000,-78000
05687P,臺股指元大96售12,0,0,0,0,0,0,0,0,0,-78000,0,0,0,4000,82000,-78000,-78000
057532,智原元大98購03  ,0,0,0,0,0,0,0,0,0,-78000,0,0,0,0,78000,-78000,-78000
048745,儒鴻元富97購02  ,0,0,0,0,0,0,0,0,0,-78000,0,0,0,83000,161000,-78000,-78000
04412P,欣興元富94售01  ,0,0,0,0,0,0,0,0,0,-78000,0,0,0,0,78000,-78000,-78000
051499,康控群益95購02  ,0,0,0,0,0,0,0,0,0,-78000,0,0,0,1000,79000,-78000,-78000
051346,仁寶元大95購01  ,0,0,0,0,0,0,0,0,0,-78000,0,0,0,0,78000,-78000,-78000
052786,S&P500中信96購01,0,0,0,0,0,0,0,0,0,-78000,0,0,0,0,78000,-78000,-78000
052313,聯電元大98購01  ,0,0,0,0,0,0,0,0,0,-78000,0,0,0,20000,98000,-78000,-78000
052242,台達電台新96購01,0,0,0,0,0,0,0,0,0,-78000,0,0,0,0,78000,-78000,-78000
049864,聯發科兆豐94購01,0,0,0,0,0,0,0,0,0,-78000,0,0,0,15000,93000,-78000,-78000
053478,京鼎元大96購01  ,0,0,0,0,0,0,0,0,0,-78000,0,0,0,106000,184000,-78000,-78000
054565,玉晶光群益99購02,0,0,0,0,0,0,0,0,0,-78000,0,0,0,115000,193000,-78000,-78000
054696,嘉聯益永豐97購01,0,0,0,0,0,0,0,0,0,-78000,0,0,0,0,78000,-78000,-78000
054245,鴻海元大96購23  ,0,0,0,0,0,0,0,0,0,-78000,0,0,0,0,78000,-78000,-78000
6669,緯穎            ,246000,330466,-84466,0,0,0,2000,50000,-48000,54000,52000,8000,44000,12000,2000,10000,-78466
055471,聯發科凱基97購04,0,0,0,0,0,0,0,0,0,-79000,0,0,0,10000,89000,-79000,-79000
056361,美律元大99購02  ,0,0,0,0,0,0,0,0,0,-79000,0,0,0,20000,99000,-79000,-79000
052154,緯創台新95購01  ,0,0,0,0,0,0,0,0,0,-79000,0,0,0,0,79000,-79000,-79000
052155,百和台新95購01  ,0,0,0,0,0,0,0,0,0,-79000,0,0,0,94000,173000,-79000,-79000
054403,同欣電永豐96購02,0,0,0,0,0,0,0,0,0,-79000,0,0,0,0,79000,-79000,-79000
055403,泰鼎元富97購01  ,0,0,0,0,0,0,0,0,0,-79000,0,0,0,117000,196000,-79000,-79000
053473,聯發科元大96購15,0,0,0,0,0,0,0,0,0,-79000,0,0,0,0,79000,-79000,-79000
053341,聯發科國票97購03,0,0,0,0,0,0,0,0,0,-79000,0,0,0,71000,150000,-79000,-79000
054133,奇力新元大97購04,0,0,0,0,0,0,0,0,0,-79000,0,0,0,19000,98000,-79000,-79000
053875,GIS元大97購01   ,0,0,0,0,0,0,0,0,0,-79000,0,0,0,0,79000,-79000,-79000
2486,一詮            ,7000,86000,-79000,0,0,0,0,0,0,0,0,0,0,0,0,0,-79000
1417,嘉裕            ,46000,125000,-79000,0,0,0,0,0,0,0,0,0,0,0,0,0,-79000
1590,亞德客-KY       ,725687,810391,-84704,0,0,0,44000,68000,-24000,29000,21000,8000,13000,20000,4000,16000,-79704
056162,祥碩凱基97購03  ,0,0,0,0,0,0,0,0,0,-80000,0,0,0,60000,140000,-80000,-80000
056115,奇力新群益97購06,0,0,0,0,0,0,0,0,0,-80000,0,0,0,178000,258000,-80000,-80000
056597,宏碁元富98購01  ,0,0,0,0,0,0,0,0,0,-80000,0,0,0,60000,140000,-80000,-80000
055641,鴻海元富97購04  ,0,0,0,0,0,0,0,0,0,-80000,0,0,0,0,80000,-80000,-80000
055762,智伸科群益97購01,0,0,0,0,0,0,0,0,0,-80000,0,0,0,0,80000,-80000,-80000
057772,台積電群益99購01,0,0,0,0,0,0,0,0,0,-80000,0,0,0,631000,711000,-80000,-80000
056898,全新元大98購02  ,0,0,0,0,0,0,0,0,0,-80000,0,0,0,0,80000,-80000,-80000
044340,TPK統一93購01   ,0,0,0,0,0,0,0,0,0,-80000,0,0,0,20000,100000,-80000,-80000
046108,A50正2元大95購02,0,0,0,0,0,0,0,0,0,-80000,0,0,0,0,80000,-80000,-80000
051109,美律統一95購02  ,0,0,0,0,0,0,0,0,0,-80000,0,0,0,0,80000,-80000,-80000
046905,新光金凱基99購01,0,0,0,0,0,0,0,0,0,-80000,0,0,0,0,80000,-80000,-80000
048601,智易國票94購03  ,0,0,0,0,0,0,0,0,0,-80000,0,0,0,0,80000,-80000,-80000
052581,訊芯元富98購01  ,0,0,0,0,0,0,0,0,0,-80000,0,0,0,10000,90000,-80000,-80000
050312,大立光兆豐94購04,0,0,0,0,0,0,0,0,0,-80000,0,0,0,0,80000,-80000,-80000
050562,瑞昱元富94購02  ,0,0,0,0,0,0,0,0,0,-80000,0,0,0,14000,94000,-80000,-80000
049645,台積電凱基94購22,0,0,0,0,0,0,0,0,0,-80000,0,0,0,0,80000,-80000,-80000
049262,大立光元大94購09,0,0,0,0,0,0,0,0,0,-80000,0,0,0,30000,110000,-80000,-80000
053794,燿華亞東96購01  ,0,0,0,0,0,0,0,0,0,-80000,0,0,0,0,80000,-80000,-80000
053647,臺股指國票96購10,0,0,0,0,0,0,0,0,0,-80000,0,0,0,70000,150000,-80000,-80000
053068,智伸科群益96購01,0,0,0,0,0,0,0,0,0,-80000,0,0,0,0,80000,-80000,-80000
055174,精元統一97購01  ,0,0,0,0,0,0,0,0,0,-80000,0,0,0,30000,110000,-80000,-80000
055219,啟碁凱基98購01  ,0,0,0,0,0,0,0,0,0,-80000,0,0,0,3000,83000,-80000,-80000
054992,南亞科元富97購02,0,0,0,0,0,0,0,0,0,-80000,0,0,0,0,80000,-80000,-80000
054993,南亞科元富97購03,0,0,0,0,0,0,0,0,0,-80000,0,0,0,529000,609000,-80000,-80000
2208,台船            ,75000,154000,-79000,0,0,0,0,0,0,-1000,0,1000,-1000,0,0,0,-80000
08820P,台積電凱基01售10,0,0,0,0,0,0,0,0,0,-80000,0,0,0,0,80000,-80000,-80000
06866P,聯發科元大98售13,0,0,0,0,0,0,0,0,0,-80000,0,0,0,5000,85000,-80000,-80000
05810P,臺股指國票96售03,0,0,0,0,0,0,0,0,0,-80000,0,0,0,0,80000,-80000,-80000
06195P,台積電元富97售06,0,0,0,0,0,0,0,0,0,-80000,0,0,0,115000,195000,-80000,-80000
06077P,GIS凱基97售02   ,0,0,0,0,0,0,0,0,0,-80000,0,0,0,200000,280000,-80000,-80000
057775,南亞科群益98購02,0,0,0,0,0,0,0,0,0,-81000,0,0,0,0,81000,-81000,-81000
055975,鴻海統一98購05  ,0,0,0,0,0,0,0,0,0,-81000,0,0,0,0,81000,-81000,-81000
044270,群創中信95購02  ,0,0,0,0,0,0,0,0,0,-81000,0,0,0,30000,111000,-81000,-81000
044853,亞光國泰93購01  ,0,0,0,0,0,0,0,0,0,-81000,0,0,0,9000,90000,-81000,-81000
05145P,道瓊反元大98售01,0,0,0,0,0,0,0,0,0,-81000,0,0,0,0,81000,-81000,-81000
04953P,台積電群益94售13,0,0,0,0,0,0,0,0,0,-81000,0,0,0,60000,141000,-81000,-81000
050529,矽格元大94購05  ,0,0,0,0,0,0,0,0,0,-81000,0,0,0,0,81000,-81000,-81000
052732,新唐國泰97購01  ,450000,0,450000,0,0,0,0,0,0,-531000,0,0,0,0,531000,-531000,-81000
052334,大成鋼日盛95購01,0,0,0,0,0,0,0,0,0,-81000,0,0,0,0,81000,-81000,-81000
055032,億光富邦99購01  ,0,0,0,0,0,0,0,0,0,-81000,0,0,0,10000,91000,-81000,-81000
055335,健策兆豐98購01  ,0,0,0,0,0,0,0,0,0,-81000,0,0,0,0,81000,-81000,-81000
06323P,台郡統一97售01  ,0,0,0,0,0,0,0,0,0,-81000,0,0,0,100000,181000,-81000,-81000
2617,台航            ,2000,83000,-81000,0,0,0,0,0,0,0,0,0,0,0,0,0,-81000
055533,大立光群益97購03,0,0,0,0,0,0,0,0,0,-82000,0,0,0,0,82000,-82000,-82000
057787,TPK國票99購01   ,0,0,0,0,0,0,0,0,0,-82000,0,0,0,0,82000,-82000,-82000
057733,嘉聯益國泰99購01,0,0,0,0,0,0,0,0,0,-82000,0,0,0,34000,116000,-82000,-82000
045700,道瓊指中信94購01,0,0,0,0,0,0,0,0,0,-82000,0,0,0,0,82000,-82000,-82000
04322P,可成元大94售01  ,0,0,0,0,0,0,0,0,0,-82000,0,0,0,18000,100000,-82000,-82000
04784P,超眾元富94售01  ,0,0,0,0,0,0,0,0,0,-82000,0,0,0,95000,177000,-82000,-82000
051218,聯發科元富9B購02,0,0,0,0,0,0,0,0,0,-82000,0,0,0,0,82000,-82000,-82000
054558,劍麟群益99購01  ,0,0,0,0,0,0,0,0,0,-82000,0,0,0,123000,205000,-82000,-82000
054608,致茂永豐97購01  ,0,0,0,0,0,0,0,0,0,-82000,0,0,0,0,82000,-82000,-82000
057656,大成鋼兆豐98購01,0,0,0,0,0,0,0,0,0,-83000,0,0,0,0,83000,-83000,-83000
056824,元石油富邦9B購01,0,0,0,0,0,0,0,0,0,-83000,0,0,0,0,83000,-83000,-83000
057141,嘉聯益兆豐99購01,0,0,0,0,0,0,0,0,0,-83000,0,0,0,0,83000,-83000,-83000
055973,亞德客統一97購01,0,0,0,0,0,0,0,0,0,-83000,0,0,0,88000,171000,-83000,-83000
056482,貿聯元大99購01  ,0,0,0,0,0,0,0,0,0,-83000,0,0,0,0,83000,-83000,-83000
056279,新日興富邦99購01,0,0,0,0,0,0,0,0,0,-83000,0,0,0,37000,120000,-83000,-83000
048938,玉晶光永豐95購02,0,0,0,0,0,0,0,0,0,-83000,0,0,0,2000,85000,-83000,-83000
045656,滬深2X永昌93購03,0,0,0,0,0,0,0,0,0,-83000,0,0,0,0,83000,-83000,-83000
046628,大立光統一98購01,0,0,0,0,0,0,0,0,0,-83000,0,0,0,16000,99000,-83000,-83000
051225,台積電群益95購02,0,0,0,0,0,0,0,0,0,-83000,0,0,0,811000,894000,-83000,-83000
051290,大立光統一96購02,0,0,0,0,0,0,0,0,0,-83000,0,0,0,0,83000,-83000,-83000
051429,智邦元富95購01  ,0,0,0,0,0,0,0,0,0,-83000,0,0,0,140000,223000,-83000,-83000
05436P,台積電群益95售07,0,0,0,0,0,0,0,0,0,-83000,0,0,0,10000,93000,-83000,-83000
055875,光罩元富97購02  ,0,0,0,0,0,0,0,0,0,-84000,0,0,0,0,84000,-84000,-84000
057746,同欣電永豐98購02,0,0,0,0,0,0,0,0,0,-84000,0,0,0,4000,88000,-84000,-84000
045361,鈺齊凱基93購01  ,0,0,0,0,0,0,0,0,0,-84000,0,0,0,10000,94000,-84000,-84000
046685,世紀鋼群益93購02,0,0,0,0,0,0,0,0,0,-84000,0,0,0,0,84000,-84000,-84000
048000,義隆元大93購03  ,0,0,0,0,0,0,0,0,0,-84000,0,0,0,0,84000,-84000,-84000
050730,復盛國票94購01  ,0,0,0,0,0,0,0,0,0,-84000,0,0,0,16000,100000,-84000,-84000
050543,聯發科凱基95購01,0,0,0,0,0,0,0,0,0,-84000,0,0,0,4000,88000,-84000,-84000
052482,茂林群益95購01  ,0,0,0,0,0,0,0,0,0,-84000,0,0,0,15000,99000,-84000,-84000
052274,大立光群益95購03,0,0,0,0,0,0,0,0,0,-84000,0,0,0,0,84000,-84000,-84000
049833,正文凱基94購05  ,0,0,0,0,0,0,0,0,0,-84000,0,0,0,30000,114000,-84000,-84000
050062,聯發科凱基94購08,0,0,0,0,0,0,0,0,0,-84000,0,0,0,1000,85000,-84000,-84000
054443,樺漢台新96購02  ,0,0,0,0,0,0,0,0,0,-84000,0,0,0,0,84000,-84000,-84000
054999,玉晶光元富97購03,0,0,0,0,0,0,0,0,0,-84000,0,0,0,340000,424000,-84000,-84000
053581,台積電元大96購14,0,0,0,0,0,0,0,0,0,-84000,0,0,0,59000,143000,-84000,-84000
6251,定穎            ,911000,418000,493000,0,0,0,189000,616000,-427000,-150000,5000,155000,-150000,0,0,0,-84000
5521,工信            ,82000,166000,-84000,0,0,0,0,0,0,0,0,0,0,0,0,0,-84000
05803P,臺股指兆豐96售03,0,0,0,0,0,0,0,0,0,-84000,0,0,0,0,84000,-84000,-84000
1531,高林股          ,1000,85000,-84000,0,0,0,0,0,0,0,0,0,0,0,0,0,-84000
057631,康控永豐98購02  ,0,0,0,0,0,0,0,0,0,-85000,0,0,0,12000,97000,-85000,-85000
057440,台積電統一98購10,0,0,0,0,0,0,0,0,0,-85000,0,0,0,117000,202000,-85000,-85000
057055,立積元大99購01  ,0,0,0,0,0,0,0,0,0,-85000,0,0,0,23000,108000,-85000,-85000
057073,康控永豐98購01  ,0,0,0,0,0,0,0,0,0,-85000,0,0,0,143000,228000,-85000,-85000
055892,國巨統一99購01  ,0,0,0,0,0,0,0,0,0,-85000,0,0,0,180000,265000,-85000,-85000
055867,臺股指元大97購05,0,0,0,0,0,0,0,0,0,-85000,0,0,0,20000,105000,-85000,-85000
050641,上証反凱基96購01,0,0,0,0,0,0,0,0,0,-85000,0,0,0,118000,203000,-85000,-85000
049087,晶相光凱基94購02,0,0,0,0,0,0,0,0,0,-85000,0,0,0,11000,96000,-85000,-85000
04575P,新日興統一94售02,0,0,0,0,0,0,0,0,0,-85000,0,0,0,35000,120000,-85000,-85000
03645C,臺股指凱基96牛27,0,0,0,0,0,0,0,0,0,-85000,0,0,0,0,85000,-85000,-85000
050556,道瓊銀統一95購01,0,0,0,0,0,0,0,0,0,-85000,0,0,0,0,85000,-85000,-85000
051178,大立光凱基95購10,0,0,0,0,0,0,0,0,0,-85000,0,0,0,20000,105000,-85000,-85000
051410,京元電國票96購01,0,0,0,0,0,0,0,0,0,-85000,0,0,0,284000,369000,-85000,-85000
049369,義隆元大95購01  ,0,0,0,0,0,0,0,0,0,-85000,0,0,0,0,85000,-85000,-85000
054079,鴻海中信98購02  ,0,0,0,0,0,0,0,0,0,-85000,0,0,0,23000,108000,-85000,-85000
047626,全新國票94購01  ,0,0,0,0,0,0,0,0,0,-86000,0,0,0,138000,224000,-86000,-86000
048595,儒鴻國票96購01  ,0,0,0,0,0,0,0,0,0,-86000,0,0,0,220000,306000,-86000,-86000
050954,樺漢群益95購01  ,0,0,0,0,0,0,0,0,0,-86000,0,0,0,0,86000,-86000,-86000
046715,美律國泰94購01  ,0,0,0,0,0,0,0,0,0,-86000,0,0,0,0,86000,-86000,-86000
049701,聯茂元大94購05  ,0,0,0,0,0,0,0,0,0,-86000,0,0,0,20000,106000,-86000,-86000
050288,台積電凱基94購32,0,0,0,0,0,0,0,0,0,-86000,0,0,0,20000,106000,-86000,-86000
052747,京鼎元大97購01  ,0,0,0,0,0,0,0,0,0,-86000,0,0,0,1000,87000,-86000,-86000
052939,富邦金兆豐96購01,0,0,0,0,0,0,0,0,0,-86000,0,0,0,0,86000,-86000,-86000
055893,大立光統一97購07,0,0,0,0,0,0,0,0,0,-87000,0,0,0,0,87000,-87000,-87000
055721,聯詠元大97購04  ,0,0,0,0,0,0,0,0,0,-87000,0,0,0,0,87000,-87000,-87000
055710,亞德客元大97購03,0,0,0,0,0,0,0,0,0,-87000,0,0,0,3000,90000,-87000,-87000
056308,TPK元大97購02   ,0,0,0,0,0,0,0,0,0,-87000,0,0,0,68000,155000,-87000,-87000
056486,樺漢元大98購04  ,0,0,0,0,0,0,0,0,0,-87000,0,0,0,25000,112000,-87000,-87000
056955,台灣50永豐98購01,0,0,0,0,0,0,0,0,0,-87000,0,0,0,518000,605000,-87000,-87000
05732P,臺股指統一96售02,0,0,0,0,0,0,0,0,0,-87000,0,0,0,100000,187000,-87000,-87000
057572,明泰永豐98購01  ,0,0,0,0,0,0,0,0,0,-87000,0,0,0,0,87000,-87000,-87000
057688,國巨凱基99購07  ,0,0,0,0,0,0,0,0,0,-87000,0,0,0,125000,212000,-87000,-87000
050522,聯發科元大95購03,0,0,0,0,0,0,0,0,0,-87000,0,0,0,196000,283000,-87000,-87000
051450,世芯元大95購02  ,0,0,0,0,0,0,0,0,0,-87000,0,0,0,10000,97000,-87000,-87000
055115,日月光凱基98購01,0,0,0,0,0,0,0,0,0,-87000,0,0,0,0,87000,-87000,-87000
056818,正崴永豐98購01  ,0,0,0,0,0,0,0,0,0,-88000,0,0,0,13000,101000,-88000,-88000
057113,祥碩群益98購01  ,0,0,0,0,0,0,0,0,0,-88000,0,0,0,44000,132000,-88000,-88000
050972,台虹永豐95購01  ,0,0,0,0,0,0,0,0,0,-88000,0,0,0,0,88000,-88000,-88000
049766,滬深2X元富94購02,0,0,0,0,0,0,0,0,0,-88000,0,0,0,384000,472000,-88000,-88000
050897,嘉晶元大95購03  ,0,0,0,0,0,0,0,0,0,-88000,0,0,0,146000,234000,-88000,-88000
052738,聯電元大98購02  ,0,0,0,0,0,0,0,0,0,-88000,0,0,0,197000,285000,-88000,-88000
050201,光磊群益94購01  ,0,0,0,0,0,0,0,0,0,-88000,0,0,0,0,88000,-88000,-88000
053024,國巨富邦97購02  ,0,0,0,0,0,0,0,0,0,-88000,0,0,0,276000,364000,-88000,-88000
053071,南電群益96購01  ,0,0,0,0,0,0,0,0,0,-88000,0,0,0,411000,499000,-88000,-88000
054056,華新科國票96購02,0,0,0,0,0,0,0,0,0,-88000,0,0,0,16000,104000,-88000,-88000
2059,川湖            ,114000,209000,-95000,0,0,0,0,0,0,7000,6000,0,6000,1000,0,1000,-88000
05915P,聯發科元大96售19,0,0,0,0,0,0,0,0,0,-88000,0,0,0,3000,91000,-88000,-88000
2401,凌陽            ,249000,317000,-68000,0,0,0,0,0,0,-20000,2000,2000,0,0,20000,-20000,-88000
055635,緯穎永豐97購01  ,0,0,0,0,0,0,0,0,0,-89000,0,0,0,0,89000,-89000,-89000
042752,台灣50元大96購03,0,0,0,0,0,0,0,0,0,-89000,0,0,0,6000,95000,-89000,-89000
052568,漢唐凱基96購02  ,0,0,0,0,0,0,0,0,0,-89000,0,0,0,27000,116000,-89000,-89000
050990,T50反1元大95購01,0,0,0,0,0,0,0,0,0,-89000,0,0,0,117000,206000,-89000,-89000
049392,臺股指麥證94購01,0,0,0,11000,100000,-89000,0,0,0,-89000,0,0,0,11000,100000,-89000,-89000
054903,億光康和97購02  ,0,0,0,0,0,0,0,0,0,-89000,0,0,0,0,89000,-89000,-89000
055281,台光電元大98購03,0,0,0,0,0,0,0,0,0,-89000,0,0,0,14000,103000,-89000,-89000
6452,康友-KY         ,61000,97000,-36000,0,0,0,0,0,0,-53000,0,0,0,8000,61000,-53000,-89000
056470,旺宏元大99購01  ,0,0,0,0,0,0,0,0,0,-90000,0,0,0,54000,144000,-90000,-90000
056628,矽創永豐98購01  ,0,0,0,0,0,0,0,0,0,-90000,0,0,0,64000,154000,-90000,-90000
056318,鴻海群益98購02  ,0,0,0,0,0,0,0,0,0,-90000,0,0,0,14000,104000,-90000,-90000
057018,亞德客凱基98購01,0,0,0,0,0,0,0,0,0,-90000,0,0,0,0,90000,-90000,-90000
056807,元油2X統一9B購01,0,0,0,0,0,0,0,0,0,-90000,0,0,0,0,90000,-90000,-90000
056964,聯發科永豐98購03,0,0,0,0,0,0,0,0,0,-90000,0,0,0,76000,166000,-90000,-90000
057394,台積電中信9C購02,0,0,0,0,0,0,0,0,0,-90000,0,0,0,0,90000,-90000,-90000
057541,台灣50康和9A購04,0,0,0,0,0,0,0,0,0,-90000,0,0,0,42000,132000,-90000,-90000
042388,大立光永昌93購02,0,0,0,0,0,0,0,0,0,-90000,0,0,0,0,90000,-90000,-90000
047588,大立光永豐94購01,0,0,0,0,0,0,0,0,0,-90000,0,0,0,0,90000,-90000,-90000
04684P,欣興元大94售07  ,0,0,0,0,0,0,0,0,0,-90000,0,0,0,0,90000,-90000,-90000
049086,晶相光凱基94購01,0,0,0,0,0,0,0,0,0,-90000,0,0,0,10000,100000,-90000,-90000
049106,大立光富邦94購01,0,0,0,0,0,0,0,0,0,-90000,0,0,0,0,90000,-90000,-90000
049050,崇越康和94購01  ,0,0,0,0,0,0,0,0,0,-90000,0,0,0,110000,200000,-90000,-90000
048979,晶相光元大94購03,0,0,0,0,0,0,0,0,0,-90000,0,0,0,0,90000,-90000,-90000
049341,旺宏統一95購01  ,0,0,0,0,0,0,0,0,0,-90000,0,0,0,69000,159000,-90000,-90000
051009,緯創麥證95購01  ,0,0,0,0,90000,-90000,0,0,0,-90000,0,0,0,0,90000,-90000,-90000
050421,鴻海凱基95購04  ,0,0,0,0,0,0,0,0,0,-90000,0,0,0,0,90000,-90000,-90000
050861,鴻海永豐95購01  ,0,0,0,0,0,0,0,0,0,-90000,0,0,0,0,90000,-90000,-90000
051687,大立光凱基95購12,0,0,0,0,0,0,0,0,0,-90000,0,0,0,0,90000,-90000,-90000
052745,欣興元大96購04  ,0,0,0,0,0,0,0,0,0,-90000,0,0,0,23000,113000,-90000,-90000
052712,旺宏凱基96購02  ,0,0,0,0,0,0,0,0,0,-90000,0,0,0,48000,138000,-90000,-90000
052490,禾伸堂國票95購01,0,0,0,0,0,0,0,0,0,-90000,0,0,0,0,90000,-90000,-90000
051954,矽力元富95購04  ,0,0,0,0,0,0,0,0,0,-90000,0,0,0,10000,100000,-90000,-90000
055223,和大國票98購01  ,0,0,0,0,0,0,0,0,0,-90000,0,0,0,0,90000,-90000,-90000
055023,億光國泰98購01  ,0,0,0,0,0,0,0,0,0,-90000,0,0,0,59000,149000,-90000,-90000
055030,帆宣國泰99購02  ,0,0,0,0,0,0,0,0,0,-90000,0,0,0,84000,174000,-90000,-90000
054433,南亞科台新96購02,0,0,0,0,0,0,0,0,0,-90000,0,0,0,0,90000,-90000,-90000
054196,台光電國泰97購02,0,0,0,0,0,0,0,0,0,-90000,0,0,0,23000,113000,-90000,-90000
054295,世芯元大96購03  ,0,0,0,0,0,0,0,0,0,-90000,0,0,0,345000,435000,-90000,-90000
053855,康友國泰98購01  ,0,0,0,0,0,0,0,0,0,-90000,0,0,0,0,90000,-90000,-90000
053967,華邦電元大96購03,0,0,0,0,0,0,0,0,0,-90000,0,0,0,309000,399000,-90000,-90000
053558,訊芯凱基96購02  ,0,0,0,0,0,0,0,0,0,-90000,0,0,0,0,90000,-90000,-90000
053650,華邦電凱基98購01,0,0,0,0,0,0,0,0,0,-90000,0,0,0,10000,100000,-90000,-90000
053654,聯發科凱基98購01,0,0,0,0,0,0,0,0,0,-90000,0,0,0,181000,271000,-90000,-90000
053672,嘉澤元富96購02  ,0,0,0,0,0,0,0,0,0,-90000,0,0,0,5000,95000,-90000,-90000
053103,瀚宇博元富96購01,0,0,0,0,0,0,0,0,0,-90000,0,0,0,98000,188000,-90000,-90000
052903,致茂國票97購01  ,0,0,0,0,0,0,0,0,0,-90000,0,0,0,46000,136000,-90000,-90000
1734,杏輝            ,35000,134000,-99000,0,0,0,0,0,0,9000,9000,0,9000,0,0,0,-90000
057551,華新科凱基98購06,0,0,0,0,0,0,0,0,0,-91000,0,0,0,10000,101000,-91000,-91000
056991,牧德兆豐98購01  ,0,0,0,0,0,0,0,0,0,-91000,0,0,0,0,91000,-91000,-91000
057191,祥碩元大98購05  ,0,0,0,0,0,0,0,0,0,-91000,0,0,0,145000,236000,-91000,-91000
056144,GIS元大98購01   ,0,0,0,0,0,0,0,0,0,-91000,0,0,0,6000,97000,-91000,-91000
056586,光罩統一98購02  ,0,0,0,0,0,0,0,0,0,-91000,0,0,0,0,91000,-91000,-91000
055876,美食元富9A購01  ,0,0,0,0,0,0,0,0,0,-91000,0,0,0,4000,95000,-91000,-91000
050674,瑞昱富邦94購02  ,0,0,0,0,0,0,0,0,0,-91000,0,0,0,241000,332000,-91000,-91000
045472,嘉聯益元大93購02,0,0,0,0,0,0,0,0,0,-91000,0,0,0,0,91000,-91000,-91000
046604,康控群益93購02  ,0,0,0,0,0,0,0,0,0,-91000,0,0,0,10000,101000,-91000,-91000
05034P,台積電元大95售08,0,0,0,0,0,0,0,0,0,-91000,0,0,0,14000,105000,-91000,-91000
052740,聯發科元大96購07,0,0,0,0,0,0,0,0,0,-91000,0,0,0,190000,281000,-91000,-91000
052818,智邦永豐96購01  ,0,0,0,0,0,0,0,0,0,-91000,0,0,0,92000,183000,-91000,-91000
049272,世紀鋼元大96購02,0,0,0,0,0,0,0,0,0,-91000,0,0,0,35000,126000,-91000,-91000
052832,益航群益96購01  ,0,0,0,0,0,0,0,0,0,-91000,0,0,0,209000,300000,-91000,-91000
054492,嘉聯益台新96購01,0,0,0,0,0,0,0,0,0,-91000,0,0,0,0,91000,-91000,-91000
054497,國巨永豐96購05  ,0,0,0,0,0,0,0,0,0,-91000,0,0,0,537000,628000,-91000,-91000
054506,矽格永豐96購01  ,0,0,0,0,0,0,0,0,0,-91000,0,0,0,2000,93000,-91000,-91000
054955,宏達電元大98購01,0,0,0,0,0,0,0,0,0,-91000,0,0,0,213000,304000,-91000,-91000
1626,艾美特-KY       ,33000,124000,-91000,0,0,0,0,0,0,0,0,0,0,0,0,0,-91000
055852,聯鈞元大98購01  ,0,0,0,0,0,0,0,0,0,-92000,0,0,0,80000,172000,-92000,-92000
056676,國產元富98購01  ,0,0,0,0,0,0,0,0,0,-92000,0,0,0,20000,112000,-92000,-92000
057466,泰鼎永豐98購01  ,0,0,0,0,0,0,0,0,0,-92000,0,0,0,240000,332000,-92000,-92000
057413,臺股指群益9C購04,0,0,0,0,0,0,0,0,0,-92000,0,0,0,14000,106000,-92000,-92000
048315,聯發科凱基93購32,0,0,0,0,0,0,0,0,0,-92000,0,0,0,26000,118000,-92000,-92000
04600P,可成凱基94售07  ,0,0,0,0,0,0,0,0,0,-92000,0,0,0,18000,110000,-92000,-92000
050491,旺宏國泰96購01  ,0,0,0,0,0,0,0,0,0,-92000,0,0,0,20000,112000,-92000,-92000
051325,台光電台新96購01,0,0,0,0,0,0,0,0,0,-92000,0,0,0,0,92000,-92000,-92000
054980,國巨元富97購01  ,0,0,0,0,0,0,0,0,0,-92000,0,0,0,890000,982000,-92000,-92000
06427P,鴻海元大97售13  ,0,0,0,0,0,0,0,0,0,-92000,0,0,0,1000,93000,-92000,-92000
055649,華新科元富97購03,0,0,0,0,0,0,0,0,0,-93000,0,0,0,433000,526000,-93000,-93000
056445,聯發科凱基98購07,0,0,0,0,0,0,0,0,0,-93000,0,0,0,3000,96000,-93000,-93000
00686R,群益臺灣加權反1 ,0,0,0,0,0,0,0,0,0,-93000,0,0,0,70000,163000,-93000,-93000
051452,貿聯元大95購04  ,0,0,0,0,0,0,0,0,0,-93000,0,0,0,35000,128000,-93000,-93000
051480,大立光凱基97購01,0,0,0,0,0,0,0,0,0,-93000,0,0,0,7000,100000,-93000,-93000
051423,GIS國票97購01   ,0,0,0,0,0,0,0,0,0,-93000,0,0,0,10000,103000,-93000,-93000
051747,貿聯國泰96購01  ,0,0,0,0,0,0,0,0,0,-93000,0,0,0,10000,103000,-93000,-93000
054851,樺漢兆豐97購01  ,0,0,0,0,0,0,0,0,0,-93000,0,0,0,0,93000,-93000,-93000
055167,友訊統一97購01  ,0,0,0,0,0,0,0,0,0,-93000,0,0,0,0,93000,-93000,-93000
055278,旺宏元大98購05  ,0,0,0,0,0,0,0,0,0,-93000,0,0,0,80000,173000,-93000,-93000
054314,嘉聯益凱基97購01,0,0,0,0,0,0,0,0,0,-93000,0,0,0,0,93000,-93000,-93000
053480,祥碩元大96購02  ,0,0,0,0,0,0,0,0,0,-93000,0,0,0,17000,110000,-93000,-93000
053282,彩晶元大9C購01  ,0,0,0,0,0,0,0,0,0,-93000,0,0,0,17000,110000,-93000,-93000
1218,泰山            ,130000,223000,-93000,0,0,0,0,0,0,0,0,0,0,0,0,0,-93000
2425,承啟            ,111000,203000,-92000,0,0,0,0,0,0,-1000,0,1000,-1000,0,0,0,-93000
2905,三商            ,73000,166000,-93000,0,0,0,0,0,0,0,0,0,0,0,0,0,-93000
056520,鴻海日盛99購01  ,0,0,0,0,0,0,0,0,0,-94000,0,0,0,6000,100000,-94000,-94000
056930,晶豪科台新98購01,0,0,0,0,0,0,0,0,0,-94000,0,0,0,0,94000,-94000,-94000
049118,元油2X元富94購03,0,0,0,0,0,0,0,0,0,-94000,0,0,0,392000,486000,-94000,-94000
049047,台達電台新94購01,0,0,0,0,0,0,0,0,0,-94000,0,0,0,0,94000,-94000,-94000
051401,華新科永豐95購01,0,0,0,0,0,0,0,0,0,-94000,0,0,0,154000,248000,-94000,-94000
049872,聯發科台新94購03,0,0,0,0,0,0,0,0,0,-94000,0,0,0,0,94000,-94000,-94000
054430,上銀台新96購02  ,0,0,0,0,0,0,0,0,0,-94000,0,0,0,0,94000,-94000,-94000
054975,福懋科元大97購01,0,0,0,0,0,0,0,0,0,-94000,0,0,0,133000,227000,-94000,-94000
2402,毅嘉            ,37000,131000,-94000,0,0,0,0,0,0,0,0,0,0,0,0,0,-94000
2836,高雄銀          ,39000,133378,-94378,0,0,0,0,0,0,0,0,0,0,0,0,0,-94378
056805,元石油統一9B購01,0,0,0,0,0,0,0,0,0,-95000,0,0,0,0,95000,-95000,-95000
057199,台達電元富02購01,0,0,0,0,0,0,0,0,0,-95000,0,0,0,20000,115000,-95000,-95000
047930,嘉澤凱基93購03  ,0,0,0,0,0,0,0,0,0,-95000,0,0,0,6000,101000,-95000,-95000
046983,南茂兆豐94購01  ,0,0,0,0,0,0,0,0,0,-95000,0,0,0,5000,100000,-95000,-95000
050796,燿華中信95購01  ,0,0,0,0,0,0,0,0,0,-95000,0,0,0,5000,100000,-95000,-95000
051935,味全群益95購01  ,0,0,0,0,0,0,0,0,0,-95000,0,0,0,27000,122000,-95000,-95000
051602,南茂兆豐96購01  ,0,0,0,0,0,0,0,0,0,-95000,0,0,0,10000,105000,-95000,-95000
04935P,鴻海中信96售01  ,0,0,0,0,0,0,0,0,0,-95000,0,0,0,235000,330000,-95000,-95000
050439,新日興凱基94購01,0,0,0,0,0,0,0,0,0,-95000,0,0,0,5000,100000,-95000,-95000
050902,南電元大96購01  ,0,0,0,0,0,0,0,0,0,-95000,0,0,0,150000,245000,-95000,-95000
054606,台積電永豐97購02,0,0,0,0,0,0,0,0,0,-95000,0,0,0,70000,165000,-95000,-95000
052914,奇力新元富96購01,0,0,0,0,0,0,0,0,0,-95000,0,0,0,115000,210000,-95000,-95000
9938,百和            ,467000,400000,67000,0,0,0,0,261000,-261000,99000,0,0,0,121000,22000,99000,-95000
06854P,鴻海富邦99售05  ,0,0,0,0,0,0,0,0,0,-95000,0,0,0,0,95000,-95000,-95000
057798,貿聯兆豐99購01  ,0,0,0,0,0,0,0,0,0,-96000,0,0,0,0,96000,-96000,-96000
057839,台積電富邦9A購02,0,0,0,0,0,0,0,0,0,-96000,0,0,0,5000,101000,-96000,-96000
055613,全新國票98購01  ,0,0,0,0,0,0,0,0,0,-96000,0,0,0,120000,216000,-96000,-96000
047285,鴻海統一95購02  ,0,0,0,0,0,0,0,0,0,-96000,0,0,0,236000,332000,-96000,-96000
048149,泰鼎元富95購01  ,0,0,0,0,0,0,0,0,0,-96000,0,0,0,155000,251000,-96000,-96000
048824,聯發科凱基94購03,0,0,0,0,0,0,0,0,0,-96000,0,0,0,40000,136000,-96000,-96000
050617,神基元大94購01  ,0,0,0,0,0,0,0,0,0,-96000,0,0,0,2000,98000,-96000,-96000
051231,健策群益97購01  ,0,0,0,0,0,0,0,0,0,-96000,0,0,0,137000,233000,-96000,-96000
051769,矽力元大95購01  ,0,0,0,0,0,0,0,0,0,-96000,0,0,0,0,96000,-96000,-96000
050214,嘉晶台新94購01  ,0,0,0,0,0,0,0,0,0,-96000,0,0,0,0,96000,-96000,-96000
053039,聯發科凱基96購11,0,0,0,0,0,0,0,0,0,-96000,0,0,0,25000,121000,-96000,-96000
053284,樺漢元大97購01  ,0,0,0,0,0,0,0,0,0,-96000,0,0,0,0,96000,-96000,-96000
054000,訊芯群益96購02  ,0,0,0,0,0,0,0,0,0,-96000,0,0,0,49000,145000,-96000,-96000
054617,超眾永豐97購01  ,0,0,0,0,0,0,0,0,0,-96000,0,0,0,6000,102000,-96000,-96000
054384,瀚宇博群益96購02,0,0,0,0,0,0,0,0,0,-96000,0,0,0,98000,194000,-96000,-96000
06295P,國巨元大97售14  ,0,0,0,0,0,0,0,0,0,-96000,0,0,0,10000,106000,-96000,-96000
057971,華新科富邦9B購02,0,0,0,0,0,0,0,0,0,-96000,0,0,0,0,96000,-96000,-96000
055932,玉山金群益99購01,0,0,0,0,0,0,0,0,0,-97000,0,0,0,220000,317000,-97000,-97000
056107,智易永豐97購02  ,0,0,0,0,0,0,0,0,0,-97000,0,0,0,31000,128000,-97000,-97000
057734,訊芯國泰9A購01  ,0,0,0,0,0,0,0,0,0,-97000,0,0,0,72000,169000,-97000,-97000
057796,鴻海兆豐99購03  ,0,0,0,0,0,0,0,0,0,-97000,0,0,0,3000,100000,-97000,-97000
057310,聯發科日盛99購01,0,0,0,0,0,0,0,0,0,-97000,0,0,0,0,97000,-97000,-97000
056934,國巨元富98購04  ,0,0,0,0,0,0,0,0,0,-97000,0,0,0,426000,523000,-97000,-97000
056961,凱美永豐98購01  ,0,0,0,0,0,0,0,0,0,-97000,0,0,0,68000,165000,-97000,-97000
03420B,臺股指元大95熊31,0,0,0,0,0,0,0,0,0,-97000,0,0,0,13000,110000,-97000,-97000
047754,嘉澤元富93購02  ,0,0,0,0,0,0,0,0,0,-97000,0,0,0,0,97000,-97000,-97000
047194,世紀鋼元大96購01,0,0,0,0,0,0,0,0,0,-97000,0,0,0,0,97000,-97000,-97000
050130,華新科凱基94購09,0,0,0,0,0,0,0,0,0,-97000,0,0,0,55000,152000,-97000,-97000
052177,京鼎元大95購02  ,0,0,0,0,0,0,0,0,0,-97000,0,0,0,80000,177000,-97000,-97000
051789,嘉澤國票96購01  ,0,0,0,0,0,0,0,0,0,-97000,0,0,0,0,97000,-97000,-97000
049247,光寶科元大94購02,0,0,0,0,0,0,0,0,0,-97000,0,0,0,12000,109000,-97000,-97000
053669,台積電統一96購08,0,0,0,0,0,0,0,0,0,-97000,0,0,0,67000,164000,-97000,-97000
053307,泰碩凱基97購01  ,0,0,0,0,0,0,0,0,0,-97000,0,0,0,0,97000,-97000,-97000
053417,上銀永豐96購02  ,0,0,0,0,0,0,0,0,0,-97000,0,0,0,11000,108000,-97000,-97000
053006,玉晶光永豐96購03,0,0,0,0,0,0,0,0,0,-97000,0,0,0,37000,134000,-97000,-97000
06659P,T50正2富邦9A售01,0,0,0,0,0,0,0,0,0,-97000,0,0,0,3000,100000,-97000,-97000
057548,微星凱基99購01  ,0,0,0,0,0,0,0,0,0,-98000,0,0,0,0,98000,-98000,-98000
056483,TPK元大98購01   ,0,0,0,0,0,0,0,0,0,-98000,0,0,0,143000,241000,-98000,-98000
055921,新唐凱基98購01  ,450000,0,450000,0,0,0,0,0,0,-548000,0,0,0,3000,551000,-548000,-98000
056035,鴻海凱基97購06  ,0,0,0,0,0,0,0,0,0,-98000,0,0,0,79000,177000,-98000,-98000
055837,致茂元大97購02  ,0,0,0,0,0,0,0,0,0,-98000,0,0,0,0,98000,-98000,-98000
047292,台光電元富96購01,0,0,0,0,0,0,0,0,0,-98000,0,0,0,0,98000,-98000,-98000
048056,全新國泰94購02  ,0,0,0,0,0,0,0,0,0,-98000,0,0,0,0,98000,-98000,-98000
048135,瀚宇博國票94購01,0,0,0,0,0,0,0,0,0,-98000,0,0,0,0,98000,-98000,-98000
03430B,臺股指元大9B熊01,0,0,0,0,0,0,0,0,0,-98000,0,0,0,2000,100000,-98000,-98000
049230,台達電富邦96購01,0,0,0,0,0,0,0,0,0,-98000,0,0,0,0,98000,-98000,-98000
052762,欣興群益96購01  ,0,0,0,0,0,0,0,0,0,-98000,0,0,0,39000,137000,-98000,-98000
051892,台光電元富95購03,0,0,0,0,0,0,0,0,0,-98000,0,0,0,0,98000,-98000,-98000
049962,台光電元富94購01,0,0,0,0,0,0,0,0,0,-98000,0,0,0,0,98000,-98000,-98000
052910,鴻海統一96購10  ,0,0,0,0,0,0,0,0,0,-98000,0,0,0,48000,146000,-98000,-98000
052897,緯創群益96購03  ,0,0,0,0,0,0,0,0,0,-98000,0,0,0,0,98000,-98000,-98000
054411,光磊元大97購02  ,0,0,0,0,0,0,0,0,0,-98000,0,0,0,0,98000,-98000,-98000
055304,瑞昱第一98購01  ,0,0,0,0,0,0,0,0,0,-98000,0,0,0,1000,99000,-98000,-98000
06461P,玉晶光國泰9A售01,0,0,0,0,0,0,0,0,0,-98000,0,0,0,8000,106000,-98000,-98000
06174P,國巨元大97售07  ,0,0,0,0,0,0,0,0,0,-98000,0,0,0,65000,163000,-98000,-98000
055496,高鐵元大97購02  ,0,0,0,0,0,0,0,0,0,-99000,0,0,0,21000,120000,-99000,-99000
03798P,台光電元大93售02,0,0,0,0,0,0,0,0,0,-99000,0,0,0,0,99000,-99000,-99000
045803,旺宏國票93購01  ,0,0,0,0,0,0,0,0,0,-99000,0,0,0,1000,100000,-99000,-99000
048856,高鐵群益94購01  ,0,0,0,0,0,0,0,0,0,-99000,0,0,0,1000,100000,-99000,-99000
050205,牧德群益94購02  ,0,0,0,0,0,0,0,0,0,-99000,0,0,0,1000,100000,-99000,-99000
051762,國泰金元大95購01,0,0,0,0,0,0,0,0,0,-99000,0,0,0,0,99000,-99000,-99000
050982,台積電國泰96購04,0,0,0,0,0,0,0,0,0,-99000,0,0,0,8000,107000,-99000,-99000
055048,台積電永豐97購04,0,0,0,0,0,0,0,0,0,-99000,0,0,0,101000,200000,-99000,-99000
054695,世芯永豐98購01  ,0,0,0,0,0,0,0,0,0,-99000,0,0,0,100000,199000,-99000,-99000
054138,晶技元大98購02  ,0,0,0,0,0,0,0,0,0,-99000,0,0,0,58000,157000,-99000,-99000
057937,神達群益98購02  ,0,0,0,0,0,0,0,0,0,-99000,0,0,0,0,99000,-99000,-99000
06493P,聯發科永豐98售02,0,0,0,0,0,0,0,0,0,-99000,0,0,0,0,99000,-99000,-99000
3052,夆典            ,85000,185000,-100000,0,0,0,0,0,0,1000,1000,0,1000,0,0,0,-99000
055777,冠德凱基97購01  ,0,0,0,0,0,0,0,0,0,-100000,0,0,0,10000,110000,-100000,-100000
055927,南亞科群益97購01,0,0,0,0,0,0,0,0,0,-100000,0,0,0,1000,101000,-100000,-100000
055941,百和群益98購02  ,0,0,0,0,0,0,0,0,0,-100000,0,0,0,0,100000,-100000,-100000
055962,晶豪科元大97購02,0,0,0,0,0,0,0,0,0,-100000,0,0,0,0,100000,-100000,-100000
056515,燿華兆豐99購01  ,0,0,0,0,0,0,0,0,0,-100000,0,0,0,0,100000,-100000,-100000
056091,百和統一97購01  ,0,0,0,0,0,0,0,0,0,-100000,0,0,0,61000,161000,-100000,-100000
056179,康友元富97購02  ,0,0,0,0,0,0,0,0,0,-100000,0,0,0,15000,115000,-100000,-100000
056298,億光元大97購02  ,0,0,0,0,0,0,0,0,0,-100000,0,0,0,68000,168000,-100000,-100000
056266,開發金統一9A購01,0,0,0,0,0,0,0,0,0,-100000,0,0,0,0,100000,-100000,-100000
057544,鴻海凱基02購01  ,0,0,0,0,0,0,0,0,0,-100000,0,0,0,17000,117000,-100000,-100000
057290,元油2X國泰99購02,0,0,0,0,0,0,0,0,0,-100000,0,0,0,0,100000,-100000,-100000
057822,牧德元大9A購01  ,0,0,0,0,0,0,0,0,0,-100000,0,0,0,0,100000,-100000,-100000
057644,奇力新元大98購04,0,0,0,0,0,0,0,0,0,-100000,0,0,0,0,100000,-100000,-100000
056889,元油2X元大99購07,0,0,0,0,0,0,0,0,0,-100000,0,0,0,0,100000,-100000,-100000
056744,麗豐凱基9A購01  ,0,0,0,0,0,0,0,0,0,-100000,0,0,0,0,100000,-100000,-100000
057126,台積電凱基99購03,0,0,0,0,0,0,0,0,0,-100000,0,0,0,100000,200000,-100000,-100000
048198,大立光元大93購28,0,0,0,0,0,0,0,0,0,-100000,0,0,0,0,100000,-100000,-100000
047020,智邦元大93購04  ,0,0,0,0,0,0,0,0,0,-100000,0,0,0,0,100000,-100000,-100000
046951,GIS元大93購08   ,0,0,0,0,0,0,0,0,0,-100000,0,0,0,0,100000,-100000,-100000
046862,台郡元大94購01  ,0,0,0,0,0,0,0,0,0,-100000,0,0,0,0,100000,-100000,-100000
048354,滬深2X永豐93購03,0,0,0,0,0,0,0,0,0,-100000,0,0,0,0,100000,-100000,-100000
049192,元油2X永豐96購02,0,0,0,0,0,0,0,0,0,-100000,0,0,0,0,100000,-100000,-100000
047826,台泥元大93購01  ,0,0,0,0,0,0,0,0,0,-100000,0,0,0,6000,106000,-100000,-100000
047833,全新元大94購02  ,0,0,0,0,0,0,0,0,0,-100000,0,0,0,0,100000,-100000,-100000
049120,元油2X元富94購05,0,0,0,0,0,0,0,0,0,-100000,0,0,0,0,100000,-100000,-100000
049121,元油2X元富94購06,0,0,0,0,0,0,0,0,0,-100000,0,0,0,0,100000,-100000,-100000
048124,大立光元大95購03,0,0,0,0,0,0,0,0,0,-100000,0,0,0,0,100000,-100000,-100000
046798,元油2X元大96購01,0,0,0,0,0,0,0,0,0,-100000,0,0,0,0,100000,-100000,-100000
047516,深中小第一93購01,0,0,0,0,0,0,0,0,0,-100000,0,0,0,100000,200000,-100000,-100000
03881P,易華電永豐93售02,0,0,0,0,0,0,0,0,0,-100000,0,0,0,0,100000,-100000,-100000
046205,明基材凱基93購01,0,0,0,0,0,0,0,0,0,-100000,0,0,0,0,100000,-100000,-100000
04371P,臺股指凱基94售01,0,0,0,0,0,0,0,0,0,-100000,0,0,0,0,100000,-100000,-100000
03025P,國巨元大01售12  ,0,0,0,0,0,0,0,0,0,-100000,0,0,0,0,100000,-100000,-100000
042712,元石油國票95購01,0,0,0,0,0,0,0,0,0,-100000,0,0,0,0,100000,-100000,-100000
04203P,超眾元大93售04  ,0,0,0,0,0,0,0,0,0,-100000,0,0,0,0,100000,-100000,-100000
04190P,大立光兆豐94售03,0,0,0,0,0,0,0,0,0,-100000,0,0,0,0,100000,-100000,-100000
04163P,可成統一93售03  ,0,0,0,0,0,0,0,0,0,-100000,0,0,0,0,100000,-100000,-100000
047641,可成元大93購09  ,0,0,0,0,0,0,0,0,0,-100000,0,0,0,0,100000,-100000,-100000
044637,滬深2X元富94購01,0,0,0,0,0,0,0,0,0,-100000,0,0,0,0,100000,-100000,-100000
044167,大立光元大93購03,0,0,0,0,0,0,0,0,0,-100000,0,0,0,0,100000,-100000,-100000
045376,友訊元大93購01  ,0,0,0,0,0,0,0,0,0,-100000,0,0,0,0,100000,-100000,-100000
04557P,茂林群益94售03  ,0,0,0,0,0,0,0,0,0,-100000,0,0,0,0,100000,-100000,-100000
050995,貿聯元大95購02  ,0,0,0,0,0,0,0,0,0,-100000,0,0,0,9000,109000,-100000,-100000
049512,可成凱基94購06  ,0,0,0,0,0,0,0,0,0,-100000,0,0,0,300000,400000,-100000,-100000
051508,元黃金中信97購01,0,0,0,0,0,0,0,0,0,-100000,0,0,0,0,100000,-100000,-100000
05037P,華新科元大95售09,0,0,0,0,0,0,0,0,0,-100000,0,0,0,0,100000,-100000,-100000
051192,緯創兆豐96購01  ,0,0,0,0,0,0,0,0,0,-100000,0,0,0,0,100000,-100000,-100000
051235,鴻海元大95購06  ,0,0,0,0,0,0,0,0,0,-100000,0,0,0,0,100000,-100000,-100000
051733,中環國票96購02  ,0,0,0,0,0,0,0,0,0,-100000,0,0,0,250000,350000,-100000,-100000
05183P,台積電元富95售07,0,0,0,0,0,0,0,0,0,-100000,0,0,0,0,100000,-100000,-100000
051597,T50反1中信99購02,0,0,0,0,0,0,0,0,0,-100000,0,0,0,0,100000,-100000,-100000
051394,奇鋐兆豐95購01  ,0,0,0,0,0,0,0,0,0,-100000,0,0,0,0,100000,-100000,-100000
051406,泰鼎永豐96購01  ,0,0,0,0,0,0,0,0,0,-100000,0,0,0,12000,112000,-100000,-100000
051477,可成凱基95購07  ,0,0,0,0,0,0,0,0,0,-100000,0,0,0,0,100000,-100000,-100000
051544,T50反1康和98購01,0,0,0,0,0,0,0,0,0,-100000,0,0,0,0,100000,-100000,-100000
04964P,鴻海元大94售26  ,0,0,0,0,0,0,0,0,0,-100000,0,0,0,0,100000,-100000,-100000
049366,聯發科元大94購05,0,0,0,0,0,0,0,0,0,-100000,0,0,0,100000,200000,-100000,-100000
049424,中石化兆豐94購01,0,0,0,0,0,0,0,0,0,-100000,0,0,0,0,100000,-100000,-100000
049979,美律凱基94購07  ,0,0,0,0,0,0,0,0,0,-100000,0,0,0,0,100000,-100000,-100000
050004,明泰永豐94購01  ,0,0,0,0,0,0,0,0,0,-100000,0,0,0,0,100000,-100000,-100000
052024,臺股指永豐95購04,0,0,0,0,0,0,0,0,0,-100000,0,0,0,0,100000,-100000,-100000
052091,緯創元大95購04  ,0,0,0,0,0,0,0,0,0,-100000,0,0,0,100000,200000,-100000,-100000
052102,台泥兆豐96購01  ,0,0,0,0,0,0,0,0,0,-100000,0,0,0,0,100000,-100000,-100000
05258P,臺股指凱基96售11,0,0,0,0,0,0,0,0,0,-100000,0,0,0,0,100000,-100000,-100000
052663,奇鋐國票97購01  ,0,0,0,0,0,0,0,0,0,-100000,0,0,0,0,100000,-100000,-100000
052381,臺股指元大95購22,0,0,0,0,0,0,0,0,0,-100000,0,0,0,0,100000,-100000,-100000
054024,中鋼康和96購01  ,0,0,0,0,0,0,0,0,0,-100000,0,0,0,0,100000,-100000,-100000
053933,大立光統一96購06,0,0,0,0,0,0,0,0,0,-100000,0,0,0,0,100000,-100000,-100000
053934,A50正2元富96購02,0,0,0,0,0,0,0,0,0,-100000,0,0,0,0,100000,-100000,-100000
053864,義隆元大96購01  ,0,0,0,0,0,0,0,0,0,-100000,0,0,0,0,100000,-100000,-100000
053909,致伸凱基97購01  ,0,0,0,0,0,0,0,0,0,-100000,0,0,0,0,100000,-100000,-100000
053700,臺股指元大96購23,0,0,0,0,0,0,0,0,0,-100000,0,0,0,0,100000,-100000,-100000
053589,宏達電元大97購02,0,0,0,0,0,0,0,0,0,-100000,0,0,0,0,100000,-100000,-100000
052900,大成鋼國票97購01,0,0,0,0,0,0,0,0,0,-100000,0,0,0,100000,200000,-100000,-100000
052878,台虹凱基96購01  ,0,0,0,0,0,0,0,0,0,-100000,0,0,0,0,100000,-100000,-100000
053080,力山元大96購02  ,0,0,0,0,0,0,0,0,0,-100000,0,0,0,226000,326000,-100000,-100000
053139,滬深2X永豐98購01,0,0,0,0,0,0,0,0,0,-100000,0,0,0,10000,110000,-100000,-100000
053488,中石化兆豐97購01,0,0,0,0,0,0,0,0,0,-100000,0,0,0,0,100000,-100000,-100000
054651,台化麥證97購01  ,0,0,0,20000,120000,-100000,0,0,0,-100000,0,0,0,20000,120000,-100000,-100000
05441P,華通元大95售09  ,0,0,0,0,0,0,0,0,0,-100000,0,0,0,10000,110000,-100000,-100000
054449,中環第一96購01  ,0,0,0,0,0,0,0,0,0,-100000,0,0,0,20000,120000,-100000,-100000
055162,新唐元大97購01  ,210000,0,210000,0,0,0,0,0,0,-310000,0,0,0,0,310000,-310000,-100000
05512P,華新科台新97售01,0,0,0,0,0,0,0,0,0,-100000,0,0,0,0,100000,-100000,-100000
055123,億光兆豐97購01  ,0,0,0,0,0,0,0,0,0,-100000,0,0,0,0,100000,-100000,-100000
054956,宏盛元大97購01  ,0,0,0,0,0,0,0,0,0,-100000,0,0,0,68000,168000,-100000,-100000
054944,精元元大97購01  ,0,0,0,0,0,0,0,0,0,-100000,0,0,0,0,100000,-100000,-100000
054945,正崴元大97購01  ,0,0,0,0,0,0,0,0,0,-100000,0,0,0,0,100000,-100000,-100000
055321,大立光國票98購02,0,0,0,0,0,0,0,0,0,-100000,0,0,0,53000,153000,-100000,-100000
05538P,玉晶光國票97售02,0,0,0,0,0,0,0,0,0,-100000,0,0,0,20000,120000,-100000,-100000
055422,康控永豐97購01  ,0,0,0,0,0,0,0,0,0,-100000,0,0,0,172000,272000,-100000,-100000
5203,訊連            ,72000,167000,-95000,0,0,0,0,0,0,-5000,0,0,0,30000,35000,-5000,-100000
057919,技嘉凱基98購03  ,0,0,0,0,0,0,0,0,0,-100000,0,0,0,4000,104000,-100000,-100000
057955,技嘉元大98購07  ,0,0,0,0,0,0,0,0,0,-100000,0,0,0,0,100000,-100000,-100000
057004,滬深反中信9A購01,0,0,0,0,0,0,0,0,0,-101000,0,0,0,9000,110000,-101000,-101000
056866,矽創群益98購03  ,0,0,0,0,0,0,0,0,0,-101000,0,0,0,6000,107000,-101000,-101000
056862,聯發科群益98購03,0,0,0,0,0,0,0,0,0,-101000,0,0,0,23000,124000,-101000,-101000
057711,台積電統一9A購03,0,0,0,0,0,0,0,0,0,-101000,0,0,0,0,101000,-101000,-101000
056108,麗豐永豐97購01  ,0,0,0,0,0,0,0,0,0,-101000,0,0,0,0,101000,-101000,-101000
056507,創意永豐98購02  ,0,0,0,0,0,0,0,0,0,-101000,0,0,0,27000,128000,-101000,-101000
05592P,可成群益96售03  ,0,0,0,0,0,0,0,0,0,-101000,0,0,0,0,101000,-101000,-101000
049703,訊芯元大95購01  ,0,0,0,0,0,0,0,0,0,-101000,0,0,0,0,101000,-101000,-101000
049290,元油2X群益94購02,0,0,0,0,0,0,0,0,0,-101000,0,0,0,0,101000,-101000,-101000
054462,旺宏凱基96購08  ,0,0,0,0,0,0,0,0,0,-101000,0,0,0,85000,186000,-101000,-101000
054580,樺漢元大98購01  ,0,0,0,0,0,0,0,0,0,-101000,0,0,0,0,101000,-101000,-101000
053079,世紀鋼永豐96購01,0,0,0,0,0,0,0,0,0,-101000,0,0,0,20000,121000,-101000,-101000
052968,燿華群益98購01  ,0,0,0,0,0,0,0,0,0,-101000,0,0,0,0,101000,-101000,-101000
054143,茂林元大96購04  ,0,0,0,0,0,0,0,0,0,-101000,0,0,0,89000,190000,-101000,-101000
4720,德淵            ,13000,57000,-44000,0,0,0,0,0,0,-57000,0,57000,-57000,0,0,0,-101000
055951,大成鋼元大97購02,0,0,0,0,0,0,0,0,0,-102000,0,0,0,0,102000,-102000,-102000
057617,國巨凱基99購06  ,0,0,0,0,0,0,0,0,0,-102000,0,0,0,13000,115000,-102000,-102000
057091,華新科元富9A購01,0,0,0,0,0,0,0,0,0,-102000,0,0,0,164000,266000,-102000,-102000
057057,立積元大9A購01  ,0,0,0,0,0,0,0,0,0,-102000,0,0,0,28000,130000,-102000,-102000
048850,聯電群益96購01  ,0,0,0,0,0,0,0,0,0,-102000,0,0,0,33000,135000,-102000,-102000
046240,中鋼中信94購01  ,0,0,0,0,0,0,0,0,0,-102000,0,0,0,0,102000,-102000,-102000
051160,亞德客元大95購02,0,0,0,0,0,0,0,0,0,-102000,0,0,0,29000,131000,-102000,-102000
052704,TPK國票97購01   ,0,0,0,0,0,0,0,0,0,-102000,0,0,0,0,102000,-102000,-102000
052602,聯電元大97購01  ,0,0,0,0,0,0,0,0,0,-102000,0,0,0,98000,200000,-102000,-102000
054130,漢唐元大97購02  ,0,0,0,0,0,0,0,0,0,-102000,0,0,0,3000,105000,-102000,-102000
052866,大立光凱基96購12,0,0,0,0,0,0,0,0,0,-102000,0,0,0,2000,104000,-102000,-102000
05507P,聯茂凱基96售02  ,0,0,0,0,0,0,0,0,0,-102000,0,0,0,0,102000,-102000,-102000
6706,惠特            ,33000,96000,-63000,0,0,0,10000,64000,-54000,15000,15000,0,15000,0,0,0,-102000
05920P,力成元大96售04  ,0,0,0,0,0,0,0,0,0,-102000,0,0,0,0,102000,-102000,-102000
056825,深中小富邦9B購01,0,0,0,0,0,0,0,0,0,-103000,0,0,0,20000,123000,-103000,-103000
057778,大立光群益98購02,0,0,0,0,0,0,0,0,0,-103000,0,0,0,0,103000,-103000,-103000
052070,GIS兆豐95購03   ,0,0,0,0,0,0,0,0,0,-103000,0,0,0,0,103000,-103000,-103000
049771,GIS元富94購02   ,0,0,0,0,0,0,0,0,0,-103000,0,0,0,0,103000,-103000,-103000
051345,鴻海元大95購09  ,0,0,0,0,0,0,0,0,0,-103000,0,0,0,0,103000,-103000,-103000
049624,嘉澤群益94購01  ,0,0,0,0,0,0,0,0,0,-103000,0,0,0,0,103000,-103000,-103000
054339,聯詠統一96購02  ,0,0,0,0,0,0,0,0,0,-103000,0,0,0,48000,151000,-103000,-103000
053413,台積電國票99購01,0,0,0,0,0,0,0,0,0,-103000,0,0,0,268000,371000,-103000,-103000
053160,台表科元大96購03,0,0,0,0,0,0,0,0,0,-103000,0,0,0,0,103000,-103000,-103000
053904,漢唐凱基97購01  ,0,0,0,0,0,0,0,0,0,-103000,0,0,0,20000,123000,-103000,-103000
057771,鴻海群益99購01  ,0,0,0,0,0,0,0,0,0,-104000,0,0,0,81000,185000,-104000,-104000
057431,京鼎兆豐98購02  ,0,0,0,0,0,0,0,0,0,-104000,0,0,0,24000,128000,-104000,-104000
055959,美律元大97購03  ,0,0,0,0,0,0,0,0,0,-104000,0,0,0,0,104000,-104000,-104000
049000,元油2X中信95購02,0,0,0,0,0,0,0,0,0,-104000,0,0,0,0,104000,-104000,-104000
051455,樺漢元大96購01  ,0,0,0,0,0,0,0,0,0,-104000,0,0,0,66000,170000,-104000,-104000
051399,玉晶光台新96購01,0,0,0,0,0,0,0,0,0,-104000,0,0,0,0,104000,-104000,-104000
050460,GIS元大95購03   ,0,0,0,0,0,0,0,0,0,-104000,0,0,0,0,104000,-104000,-104000
050600,瑞儀國泰95購01  ,0,0,0,0,0,0,0,0,0,-104000,0,0,0,140000,244000,-104000,-104000
053346,群創國票97購04  ,0,0,0,0,0,0,0,0,0,-104000,0,0,0,0,104000,-104000,-104000
052848,聯發科統一96購03,0,0,0,0,0,0,0,0,0,-104000,0,0,0,112000,216000,-104000,-104000
053061,GIS富邦97購01   ,0,0,0,0,0,0,0,0,0,-104000,0,0,0,0,104000,-104000,-104000
2329,華泰            ,305000,398000,-93000,0,0,0,0,3000,-3000,-8000,0,0,0,19000,27000,-8000,-104000
8021,尖點            ,127000,232000,-105000,0,0,0,0,0,0,1000,1000,0,1000,0,0,0,-104000
5534,長虹            ,42084,147000,-104916,0,0,0,1000,1000,0,0,0,0,0,0,0,0,-104916
056635,亞德客日盛99購01,0,0,0,0,0,0,0,0,0,-105000,0,0,0,0,105000,-105000,-105000
057760,聯發科凱基98購18,0,0,0,0,0,0,0,0,0,-105000,0,0,0,0,105000,-105000,-105000
057735,台灣50富邦9C購02,0,0,0,0,0,0,0,0,0,-105000,0,0,0,90000,195000,-105000,-105000
05695P,台積電凱基96售10,0,0,0,0,0,0,0,0,0,-105000,0,0,0,90000,195000,-105000,-105000
047804,鴻海凱基93購26  ,0,0,0,0,0,0,0,0,0,-105000,0,0,0,30000,135000,-105000,-105000
047470,聯發科中信94購03,0,0,0,0,0,0,0,0,0,-105000,0,0,0,5000,110000,-105000,-105000
048676,和鑫國泰94購02  ,0,0,0,0,0,0,0,0,0,-105000,0,0,0,0,105000,-105000,-105000
052454,力成元大95購02  ,0,0,0,0,0,0,0,0,0,-105000,0,0,0,1000,106000,-105000,-105000
053074,嘉晶永豐96購02  ,0,0,0,0,0,0,0,0,0,-105000,0,0,0,220000,325000,-105000,-105000
053196,康控元富96購01  ,0,0,0,0,0,0,0,0,0,-105000,0,0,0,20000,125000,-105000,-105000
054663,同欣電元大97購03,0,0,0,0,0,0,0,0,0,-105000,0,0,0,0,105000,-105000,-105000
054876,群電群益97購02  ,0,0,0,0,0,0,0,0,0,-105000,0,0,0,4000,109000,-105000,-105000
2107,厚生            ,22000,122000,-100000,0,0,0,0,5000,-5000,0,0,0,0,0,0,0,-105000
057509,聯發科統一9A購03,0,0,0,0,0,0,0,0,0,-106000,0,0,0,0,106000,-106000,-106000
056602,嘉澤國泰99購01  ,0,0,0,0,0,0,0,0,0,-106000,0,0,0,15000,121000,-106000,-106000
056391,大立光富邦9C購01,0,0,0,0,0,0,0,0,0,-106000,0,0,0,0,106000,-106000,-106000
043944,欣興兆豐93購02  ,0,0,0,0,0,0,0,0,0,-106000,0,0,0,0,106000,-106000,-106000
047074,大立光兆豐94購02,0,0,0,0,0,0,0,0,0,-106000,0,0,0,10000,116000,-106000,-106000
049159,同欣電中信96購01,0,0,0,0,0,0,0,0,0,-106000,0,0,0,30000,136000,-106000,-106000
052523,奇力新元大97購01,0,0,0,0,0,0,0,0,0,-106000,0,0,0,25000,131000,-106000,-106000
052115,T50反1國票95購03,0,0,0,0,0,0,0,0,0,-106000,0,0,0,107000,213000,-106000,-106000
054879,大成鋼統一97購01,0,0,0,0,0,0,0,0,0,-106000,0,0,0,58000,164000,-106000,-106000
055178,晶豪科統一97購01,0,0,0,0,0,0,0,0,0,-106000,0,0,0,38000,144000,-106000,-106000
053167,欣興群益96購03  ,0,0,0,0,0,0,0,0,0,-106000,0,0,0,344000,450000,-106000,-106000
053356,聯發科統一96購07,0,0,0,0,0,0,0,0,0,-106000,0,0,0,81000,187000,-106000,-106000
5607,遠雄港          ,165000,271000,-106000,0,0,0,0,0,0,0,0,0,0,0,0,0,-106000
2204,中華            ,92000,198200,-106200,0,0,0,0,0,0,0,0,0,0,0,0,0,-106200
056341,宏達電凱基9A購01,0,0,0,0,0,0,0,0,0,-107000,0,0,0,25000,132000,-107000,-107000
055564,茂林凱基98購01  ,0,0,0,0,0,0,0,0,0,-107000,0,0,0,15000,122000,-107000,-107000
057502,訊芯群益98購02  ,0,0,0,0,0,0,0,0,0,-107000,0,0,0,87000,194000,-107000,-107000
057564,台積電富邦9B購03,0,0,0,0,0,0,0,0,0,-107000,0,0,0,103000,210000,-107000,-107000
057600,大立光群益99購03,0,0,0,0,0,0,0,0,0,-107000,0,0,0,0,107000,-107000,-107000
051127,同欣電群益95購01,0,0,0,0,0,0,0,0,0,-107000,0,0,0,120000,227000,-107000,-107000
05277P,深中小統一95售02,0,0,0,0,0,0,0,0,0,-107000,0,0,0,40000,147000,-107000,-107000
053370,上証2X元大97購03,0,0,0,0,0,0,0,0,0,-107000,0,0,0,5000,112000,-107000,-107000
053457,旺宏國泰98購03  ,0,0,0,0,0,0,0,0,0,-107000,0,0,0,112000,219000,-107000,-107000
053833,彩晶台新97購02  ,0,0,0,0,0,0,0,0,0,-107000,0,0,0,0,107000,-107000,-107000
054984,華泰元富97購01  ,0,0,0,0,0,0,0,0,0,-107000,0,0,0,33000,140000,-107000,-107000
055058,大毅永豐97購01  ,0,0,0,0,0,0,0,0,0,-107000,0,0,0,87000,194000,-107000,-107000
056762,亞德客元大98購01,0,0,0,0,0,0,0,0,0,-108000,0,0,0,0,108000,-108000,-108000
056267,文曄統一97購02  ,0,0,0,0,0,0,0,0,0,-108000,0,0,0,48000,156000,-108000,-108000
04023P,臺股指元富99售02,0,0,0,0,0,0,0,0,0,-108000,0,0,0,390000,498000,-108000,-108000
052639,康控凱基96購02  ,0,0,0,0,0,0,0,0,0,-108000,0,0,0,0,108000,-108000,-108000
050197,矽格元大94購04  ,0,0,0,0,0,0,0,0,0,-108000,0,0,0,64000,172000,-108000,-108000
049403,欣興群益94購03  ,0,0,0,0,0,0,0,0,0,-108000,0,0,0,15000,123000,-108000,-108000
053998,泰鼎群益98購01  ,0,0,0,0,0,0,0,0,0,-108000,0,0,0,136000,244000,-108000,-108000
05289P,鴻海永豐95售05  ,0,0,0,0,0,0,0,0,0,-108000,0,0,0,168000,276000,-108000,-108000
055656,新唐元富97購01  ,450000,0,450000,0,0,0,0,0,0,-559000,0,0,0,0,559000,-559000,-109000
057245,福懋科台新98購01,0,0,0,0,0,0,0,0,0,-109000,0,0,0,74000,183000,-109000,-109000
044950,玉晶光群益94購01,0,0,0,0,0,0,0,0,0,-109000,0,0,0,23000,132000,-109000,-109000
044988,玉晶光統一95購01,0,0,0,0,0,0,0,0,0,-109000,0,0,0,64000,173000,-109000,-109000
051332,奇力新永豐95購01,0,0,0,0,0,0,0,0,0,-109000,0,0,0,51000,160000,-109000,-109000
049930,上海銀元大94購02,0,0,0,0,0,0,0,0,0,-109000,0,0,0,49000,158000,-109000,-109000
052886,世紀鋼兆豐96購01,0,0,0,0,0,0,0,0,0,-109000,0,0,0,0,109000,-109000,-109000
052822,泰碩永豐97購01  ,0,0,0,0,0,0,0,0,0,-109000,0,0,0,41000,150000,-109000,-109000
052966,光磊群益96購01  ,0,0,0,0,0,0,0,0,0,-109000,0,0,0,0,109000,-109000,-109000
053385,聯詠元大96購02  ,0,0,0,0,0,0,0,0,0,-109000,0,0,0,0,109000,-109000,-109000
053878,台表科亞東96購01,0,0,0,0,0,0,0,0,0,-109000,0,0,0,0,109000,-109000,-109000
054581,訊芯元大97購02  ,0,0,0,0,0,0,0,0,0,-109000,0,0,0,249000,358000,-109000,-109000
06387P,緯穎永豐97售02  ,0,0,0,0,0,0,0,0,0,-109000,0,0,0,15000,124000,-109000,-109000
3026,禾伸堂          ,698000,794000,-96000,0,0,0,20000,0,20000,-33000,26000,0,26000,11000,70000,-59000,-109000
057229,友達凱基9B購02  ,0,0,0,0,0,0,0,0,0,-110000,0,0,0,0,110000,-110000,-110000
057604,鴻海統一9C購01  ,0,0,0,0,0,0,0,0,0,-110000,0,0,0,10000,120000,-110000,-110000
057276,全新元大99購03  ,0,0,0,0,0,0,0,0,0,-110000,0,0,0,2000,112000,-110000,-110000
057381,微星國泰9A購01  ,0,0,0,0,0,0,0,0,0,-110000,0,0,0,38000,148000,-110000,-110000
056059,美律元大98購02  ,0,0,0,0,0,0,0,0,0,-110000,0,0,0,2000,112000,-110000,-110000
056185,全新統一98購01  ,0,0,0,0,0,0,0,0,0,-110000,0,0,0,68000,178000,-110000,-110000
04979P,臺股指凱基96售07,0,0,0,0,0,0,0,0,0,-110000,0,0,0,0,110000,-110000,-110000
050116,嘉澤元大94購03  ,0,0,0,0,0,0,0,0,0,-110000,0,0,0,10000,120000,-110000,-110000
050079,元油2X統一94購06,0,0,0,0,0,0,0,0,0,-110000,0,0,0,20000,130000,-110000,-110000
05253P,智邦凱基95售08  ,0,0,0,0,0,0,0,0,0,-110000,0,0,0,100000,210000,-110000,-110000
052805,晶技元大97購01  ,0,0,0,0,0,0,0,0,0,-110000,0,0,0,523000,633000,-110000,-110000
052506,日月光日盛95購01,0,0,0,0,0,0,0,0,0,-110000,0,0,0,50000,160000,-110000,-110000
052156,滬深2X永豐95購03,0,0,0,0,0,0,0,0,0,-110000,0,0,0,35000,145000,-110000,-110000
051414,新光金國票95購04,0,0,0,0,0,0,0,0,0,-110000,0,0,0,0,110000,-110000,-110000
054338,全新統一96購01  ,0,0,0,0,0,0,0,0,0,-110000,0,0,0,116000,226000,-110000,-110000
054940,台積電元大97購16,0,0,0,0,0,0,0,0,0,-110000,0,0,0,380000,490000,-110000,-110000
054939,台積電元大97購15,0,0,0,0,0,0,0,0,0,-110000,0,0,0,262000,372000,-110000,-110000
055290,玉晶光元大98購08,0,0,0,0,0,0,0,0,0,-110000,0,0,0,121000,231000,-110000,-110000
053539,智易永豐96購01  ,0,0,0,0,0,0,0,0,0,-110000,0,0,0,27000,137000,-110000,-110000
053533,光罩永豐96購03  ,0,0,0,0,0,0,0,0,0,-110000,0,0,0,30000,140000,-110000,-110000
05330P,臺股指凱基95售14,0,0,0,0,0,0,0,0,0,-110000,0,0,0,1000,111000,-110000,-110000
05298P,上銀元大95售03  ,0,0,0,0,0,0,0,0,0,-110000,0,0,0,0,110000,-110000,-110000
06314P,GIS元富97售02   ,0,0,0,0,0,0,0,0,0,-110000,0,0,0,10000,120000,-110000,-110000
06144P,台光電永豐97售01,0,0,0,0,0,0,0,0,0,-110000,0,0,0,0,110000,-110000,-110000
2014,中鴻            ,217000,327000,-110000,0,0,0,0,0,0,0,0,0,0,0,0,0,-110000
056371,樺漢元大98購03  ,0,0,0,0,0,0,0,0,0,-111000,0,0,0,0,111000,-111000,-111000
056662,臺股指元大9A購09,0,0,0,0,0,0,0,0,0,-111000,0,0,0,0,111000,-111000,-111000
056881,台灣50康和9A購01,0,0,0,0,0,0,0,0,0,-111000,0,0,0,0,111000,-111000,-111000
00665L,富邦恒生國企正2 ,4000,51000,-47000,0,0,0,0,0,0,-64000,0,0,0,80000,144000,-64000,-111000
046896,臻鼎群益94購01  ,0,0,0,0,0,0,0,0,0,-111000,0,0,0,1000,112000,-111000,-111000
049587,美律元大95購01  ,0,0,0,0,0,0,0,0,0,-111000,0,0,0,5000,116000,-111000,-111000
052140,鈺齊凱基95購02  ,0,0,0,0,0,0,0,0,0,-111000,0,0,0,0,111000,-111000,-111000
052215,樺漢元大96購02  ,0,0,0,0,0,0,0,0,0,-111000,0,0,0,89000,200000,-111000,-111000
053248,智伸科國票97購01,0,0,0,0,0,0,0,0,0,-111000,0,0,0,20000,131000,-111000,-111000
053391,嘉聯益元大99購01,0,0,0,0,0,0,0,0,0,-111000,0,0,0,0,111000,-111000,-111000
055104,台達電凱基98購01,0,0,0,0,0,0,0,0,0,-111000,0,0,0,3000,114000,-111000,-111000
054442,啟碁台新96購01  ,0,0,0,0,0,0,0,0,0,-111000,0,0,0,0,111000,-111000,-111000
054209,台積電國票97購08,0,0,0,0,0,0,0,0,0,-111000,0,0,0,0,111000,-111000,-111000
054577,世芯元大98購01  ,0,0,0,0,0,0,0,0,0,-111000,0,0,0,30000,141000,-111000,-111000
05923P,旺宏元富96售05  ,0,0,0,0,0,0,0,0,0,-111000,0,0,0,20000,131000,-111000,-111000
1227,佳格            ,485655,639410,-153755,0,0,0,44000,2000,42000,0,0,0,0,0,0,0,-111755
056861,美律群益99購01  ,0,0,0,0,0,0,0,0,0,-112000,0,0,0,28000,140000,-112000,-112000
056714,晶相光永豐98購02,0,0,0,0,0,0,0,0,0,-112000,0,0,0,65000,177000,-112000,-112000
057121,立積康和98購01  ,0,0,0,0,0,0,0,0,0,-112000,0,0,0,320000,432000,-112000,-112000
056191,世紀鋼統一97購01,0,0,0,0,0,0,0,0,0,-112000,0,0,0,0,112000,-112000,-112000
048364,臺股指永豐93購04,0,0,0,0,0,0,0,0,0,-112000,0,0,0,1000,113000,-112000,-112000
048427,百和元富95購01  ,0,0,0,0,0,0,0,0,0,-112000,0,0,0,152000,264000,-112000,-112000
050274,GIS元大94購05   ,0,0,0,0,0,0,0,0,0,-112000,0,0,0,70000,182000,-112000,-112000
054439,健策台新96購03  ,0,0,0,0,0,0,0,0,0,-112000,0,0,0,8000,120000,-112000,-112000
054964,智易元大99購01  ,0,0,0,0,0,0,0,0,0,-112000,0,0,0,0,112000,-112000,-112000
054989,精元元富97購01  ,0,0,0,0,0,0,0,0,0,-112000,0,0,0,0,112000,-112000,-112000
053350,台表科國票97購02,0,0,0,0,0,0,0,0,0,-112000,0,0,0,18000,130000,-112000,-112000
2102,泰豐            ,23000,135000,-112000,0,0,0,0,0,0,0,0,0,0,0,0,0,-112000
055457,聚陽永豐97購01  ,0,0,0,0,0,0,0,0,0,-113000,0,0,0,68000,181000,-113000,-113000
05682P,大立光元大98售03,0,0,0,0,0,0,0,0,0,-113000,0,0,0,30000,143000,-113000,-113000
051089,旺宏元大96購04  ,0,0,0,0,0,0,0,0,0,-113000,0,0,0,25000,138000,-113000,-113000
05104P,智邦台新95售02  ,0,0,0,0,0,0,0,0,0,-113000,0,0,0,0,113000,-113000,-113000
052097,GIS元大95購05   ,0,0,0,0,0,0,0,0,0,-113000,0,0,0,12000,125000,-113000,-113000
051495,玉晶光第一95購02,0,0,0,0,0,0,0,0,0,-113000,0,0,0,10000,123000,-113000,-113000
053725,晶相光凱基96購01,0,0,0,0,0,0,0,0,0,-113000,0,0,0,523000,636000,-113000,-113000
6226,光鼎            ,45000,158000,-113000,0,0,0,0,0,0,0,0,0,0,0,0,0,-113000
2511,太子            ,47860,161000,-113140,0,0,0,0,0,0,0,0,0,0,0,0,0,-113140
057384,台灣50永豐99購02,0,0,0,0,0,0,0,0,0,-114000,0,0,0,90000,204000,-114000,-114000
055868,臺股指元大97購07,0,0,0,0,0,0,0,0,0,-114000,0,0,0,150000,264000,-114000,-114000
050716,可成群益96購01  ,0,0,0,0,0,0,0,0,0,-114000,0,0,0,14000,128000,-114000,-114000
047457,旺宏群益95購01  ,0,0,0,0,0,0,0,0,0,-114000,0,0,0,113000,227000,-114000,-114000
049091,訊連凱基94購01  ,0,0,0,0,0,0,0,0,0,-114000,0,0,0,74000,188000,-114000,-114000
04646P,TPK凱基94售03   ,0,0,0,0,0,0,0,0,0,-114000,0,0,0,86000,200000,-114000,-114000
050558,台積電統一94購14,0,0,0,0,0,0,0,0,0,-114000,0,0,0,227000,341000,-114000,-114000
052064,臺股指國票95購11,0,0,0,0,0,0,0,0,0,-114000,0,0,0,11000,125000,-114000,-114000
05009P,大立光元富95售06,0,0,0,0,0,0,0,0,0,-114000,0,0,0,5000,119000,-114000,-114000
053852,南亞科國泰98購01,0,0,0,0,0,0,0,0,0,-114000,0,0,0,72000,186000,-114000,-114000
053291,旺宏中信9A購01  ,0,0,0,0,0,0,0,0,0,-114000,0,0,0,84000,198000,-114000,-114000
052964,台表科凱基96購03,0,0,0,0,0,0,0,0,0,-114000,0,0,0,0,114000,-114000,-114000
054998,玉晶光元富97購02,0,0,0,0,0,0,0,0,0,-114000,0,0,0,119000,233000,-114000,-114000
055011,元翎元富97購01  ,0,0,0,0,0,0,0,0,0,-114000,0,0,0,31000,145000,-114000,-114000
054350,美律國泰98購01  ,0,0,0,0,0,0,0,0,0,-114000,0,0,0,15000,129000,-114000,-114000
2464,盟立            ,30000,176000,-146000,0,0,0,0,0,0,32000,32000,0,32000,0,0,0,-114000
056935,華新科元富98購02,0,0,0,0,0,0,0,0,0,-115000,0,0,0,23000,138000,-115000,-115000
048901,矽格國泰95購01  ,0,0,0,0,0,0,0,0,0,-115000,0,0,0,102000,217000,-115000,-115000
047239,瀚宇博凱基94購01,0,0,0,0,0,0,0,0,0,-115000,0,0,0,10000,125000,-115000,-115000
049826,光磊凱基94購02  ,0,0,0,0,0,0,0,0,0,-115000,0,0,0,0,115000,-115000,-115000
049615,香港2X群益98購01,0,0,0,0,0,0,0,0,0,-115000,0,0,0,0,115000,-115000,-115000
055049,智邦永豐97購01  ,0,0,0,0,0,0,0,0,0,-115000,0,0,0,11000,126000,-115000,-115000
055000,玉晶光元富97購04,0,0,0,0,0,0,0,0,0,-115000,0,0,0,10000,125000,-115000,-115000
05543P,鴻海元富96售04  ,0,0,0,0,0,0,0,0,0,-115000,0,0,0,21000,136000,-115000,-115000
053822,正文群益97購01  ,0,0,0,0,0,0,0,0,0,-115000,0,0,0,0,115000,-115000,-115000
053753,啟碁永豐96購01  ,0,0,0,0,0,0,0,0,0,-115000,0,0,0,0,115000,-115000,-115000
053632,新唐兆豐96購01  ,0,0,0,0,0,0,0,0,0,-115000,0,0,0,0,115000,-115000,-115000
06371P,茂林國票98售04  ,0,0,0,0,0,0,0,0,0,-115000,0,0,0,11000,126000,-115000,-115000
057017,和大凱基98購01  ,0,0,0,0,0,0,0,0,0,-116000,0,0,0,5000,121000,-116000,-116000
057137,鈺齊凱基98購01  ,0,0,0,0,0,0,0,0,0,-116000,0,0,0,3000,119000,-116000,-116000
057567,嘉聯益富邦9A購01,0,0,0,0,0,0,0,0,0,-116000,0,0,0,0,116000,-116000,-116000
057664,台積電元大9A購03,0,0,0,0,0,0,0,0,0,-116000,0,0,0,386000,502000,-116000,-116000
055742,健策元富97購02  ,0,0,0,0,0,0,0,0,0,-116000,0,0,0,0,116000,-116000,-116000
00753L,中信中國50正2   ,0,0,0,0,0,0,0,0,0,-116000,0,0,0,361000,477000,-116000,-116000
049240,華通元富94購01  ,0,0,0,0,0,0,0,0,0,-116000,0,0,0,76000,192000,-116000,-116000
049802,可成元大94購10  ,0,0,0,0,0,0,0,0,0,-116000,0,0,0,72000,188000,-116000,-116000
052404,臻鼎凱基95購05  ,0,0,0,0,0,0,0,0,0,-116000,0,0,0,21000,137000,-116000,-116000
054045,奇力新元大97購03,0,0,0,0,0,0,0,0,0,-116000,0,0,0,13000,129000,-116000,-116000
05790P,臺股指永昌96售07,0,0,0,0,0,0,0,0,0,-116000,281000,0,281000,97000,494000,-397000,-116000
057119,微星康和98購01  ,0,0,0,0,0,0,0,0,0,-117000,0,0,0,0,117000,-117000,-117000
052385,滬深2X群益99購05,0,0,0,0,0,0,0,0,0,-117000,0,0,0,55000,172000,-117000,-117000
052343,同欣電凱基95購03,0,0,0,0,0,0,0,0,0,-117000,0,0,0,0,117000,-117000,-117000
052606,聯發科元大97購04,0,0,0,0,0,0,0,0,0,-117000,0,0,0,302000,419000,-117000,-117000
052684,旺宏元大98購01  ,0,0,0,0,0,0,0,0,0,-117000,0,0,0,18000,135000,-117000,-117000
049976,台積電凱基94購28,0,0,0,0,0,0,0,0,0,-117000,0,0,0,93000,210000,-117000,-117000
053896,麗豐群益97購01  ,0,0,0,0,0,0,0,0,0,-117000,0,0,0,5000,122000,-117000,-117000
052976,台表科群益96購03,0,0,0,0,0,0,0,0,0,-117000,0,0,0,0,117000,-117000,-117000
054938,國巨元大97購04  ,0,0,0,0,0,0,0,0,0,-117000,0,0,0,444000,561000,-117000,-117000
054900,金寶康和97購01  ,0,0,0,0,0,0,0,0,0,-117000,0,0,0,110000,227000,-117000,-117000
054281,世芯群益97購01  ,0,0,0,0,0,0,0,0,0,-117000,0,0,0,15000,132000,-117000,-117000
2313,華通            ,2034000,2143000,-109000,0,0,0,3000,2000,1000,-9000,126000,139000,-13000,236000,232000,4000,-117000
056304,創意元大97購03  ,0,0,0,0,0,0,0,0,0,-118000,0,0,0,0,118000,-118000,-118000
050665,南電台新94購01  ,0,0,0,0,0,0,0,0,0,-118000,0,0,0,356000,474000,-118000,-118000
051360,緯創元大95購03  ,0,0,0,0,0,0,0,0,0,-118000,0,0,0,0,118000,-118000,-118000
054467,隆達凱基97購01  ,0,0,0,0,0,0,0,0,0,-118000,0,0,0,0,118000,-118000,-118000
054503,京鼎永豐96購04  ,0,0,0,0,0,0,0,0,0,-118000,0,0,0,0,118000,-118000,-118000
05490P,鴻海元大95售23  ,0,0,0,0,0,0,0,0,0,-118000,0,0,0,107000,225000,-118000,-118000
053005,微星永豐96購01  ,0,0,0,0,0,0,0,0,0,-118000,0,0,0,0,118000,-118000,-118000
053324,康舒群益96購01  ,0,0,0,0,0,0,0,0,0,-118000,0,0,0,10000,128000,-118000,-118000
053630,奇鋐兆豐97購01  ,0,0,0,0,0,0,0,0,0,-118000,0,0,0,105000,223000,-118000,-118000
06757P,台灣50元大9B售01,0,0,0,0,0,0,0,0,0,-118000,0,0,0,71000,189000,-118000,-118000
2363,矽統            ,326000,442000,-116000,0,0,0,0,0,0,-2000,0,2000,-2000,0,0,0,-118000
056588,聯發科統一9A購02,0,0,0,0,0,0,0,0,0,-119000,0,0,0,191000,310000,-119000,-119000
055745,臻鼎元富97購01  ,0,0,0,0,0,0,0,0,0,-119000,0,0,0,100000,219000,-119000,-119000
057255,聯發科麥證98購02,0,0,0,0,119000,-119000,0,0,0,-119000,0,0,0,0,119000,-119000,-119000
056712,京鼎永豐98購01  ,0,0,0,0,0,0,0,0,0,-119000,0,0,0,71000,190000,-119000,-119000
056742,玉晶光凱基9A購01,0,0,0,0,0,0,0,0,0,-119000,0,0,0,85000,204000,-119000,-119000
044216,華新科凱基93購02,0,0,0,0,0,0,0,0,0,-119000,0,0,0,0,119000,-119000,-119000
050188,貿聯元大96購01  ,0,0,0,0,0,0,0,0,0,-119000,0,0,0,9000,128000,-119000,-119000
053936,旺宏元富96購04  ,0,0,0,0,0,0,0,0,0,-119000,0,0,0,271000,390000,-119000,-119000
055151,台積電元大98購05,0,0,0,0,0,0,0,0,0,-119000,0,0,0,232000,351000,-119000,-119000
054333,茂林永豐96購03  ,0,0,0,0,0,0,0,0,0,-119000,0,0,0,61000,180000,-119000,-119000
1519,華城            ,85000,229000,-144000,0,0,0,26000,0,26000,-1000,0,1000,-1000,0,0,0,-119000
06255P,臺股指群益97售08,0,0,0,0,0,0,0,0,0,-119000,0,0,0,0,119000,-119000,-119000
057176,全新元大99購02  ,0,0,0,0,0,0,0,0,0,-120000,0,0,0,0,120000,-120000,-120000
057038,元油2X元大9B購06,0,0,0,0,0,0,0,0,0,-120000,0,0,0,0,120000,-120000,-120000
057386,聯發科永豐98購04,0,0,0,0,0,0,0,0,0,-120000,0,0,0,68000,188000,-120000,-120000
057391,樺漢永豐98購01  ,0,0,0,0,0,0,0,0,0,-120000,0,0,0,0,120000,-120000,-120000
055948,道瓊銀元大98購02,0,0,0,0,0,0,0,0,0,-120000,0,0,0,0,120000,-120000,-120000
04554P,可成中信94售01  ,0,0,0,0,0,0,0,0,0,-120000,0,0,0,70000,190000,-120000,-120000
047580,TPK群益94購01   ,0,0,0,0,0,0,0,0,0,-120000,0,0,0,0,120000,-120000,-120000
052691,GIS元大96購01   ,0,0,0,0,0,0,0,0,0,-120000,0,0,0,0,120000,-120000,-120000
052158,華泰永豐95購01  ,0,0,0,0,0,0,0,0,0,-120000,0,0,0,0,120000,-120000,-120000
050401,鎧勝中信94購01  ,0,0,0,0,0,0,0,0,0,-120000,0,0,0,0,120000,-120000,-120000
049283,滬深2X中信95購10,0,0,0,0,0,0,0,0,0,-120000,0,0,0,0,120000,-120000,-120000
049374,大立光元大94購12,0,0,0,0,0,0,0,0,0,-120000,0,0,0,0,120000,-120000,-120000
054195,亞泥國泰98購01  ,0,0,0,0,0,0,0,0,0,-120000,0,0,0,20000,140000,-120000,-120000
054723,鴻海日盛97購01  ,0,0,0,0,0,0,0,0,0,-120000,0,0,0,20000,140000,-120000,-120000
053874,台表科元大96購05,0,0,0,0,0,0,0,0,0,-120000,0,0,0,0,120000,-120000,-120000
053510,聯電群益97購01  ,0,0,0,0,0,0,0,0,0,-120000,0,0,0,51000,171000,-120000,-120000
053197,超眾元富96購02  ,0,0,0,0,0,0,0,0,0,-120000,0,0,0,68000,188000,-120000,-120000
06196P,元上證元大97售01,0,0,0,0,0,0,0,0,0,-120000,0,0,0,100000,220000,-120000,-120000
06513P,鴻海凱基98售10  ,0,0,0,0,0,0,0,0,0,-120000,0,0,0,30000,150000,-120000,-120000
055985,聯鈞元富97購01  ,0,0,0,0,0,0,0,0,0,-121000,0,0,0,108000,229000,-121000,-121000
055455,健策國泰98購02  ,0,0,0,0,0,0,0,0,0,-121000,0,0,0,163000,284000,-121000,-121000
056654,元油2X元大98購02,0,0,0,0,0,0,0,0,0,-121000,0,0,0,20000,141000,-121000,-121000
056965,全新永豐98購01  ,0,0,0,0,0,0,0,0,0,-121000,0,0,0,175000,296000,-121000,-121000
051849,旺宏中信98購01  ,0,0,0,0,0,0,0,0,0,-121000,0,0,0,0,121000,-121000,-121000
049524,可成兆豐95購02  ,0,0,0,0,0,0,0,0,0,-121000,0,0,0,0,121000,-121000,-121000
052306,鴻海國泰97購05  ,0,0,0,0,0,0,0,0,0,-121000,0,0,0,49000,170000,-121000,-121000
053158,茂林元大96購01  ,0,0,0,0,0,0,0,0,0,-121000,0,0,0,28000,149000,-121000,-121000
053342,全新國票99購01  ,0,0,0,0,0,0,0,0,0,-121000,0,0,0,30000,151000,-121000,-121000
06499P,臺股指元大9A售04,0,0,0,0,0,0,0,0,0,-121000,0,0,0,24000,145000,-121000,-121000
057899,台積電永豐98購04,0,0,0,0,0,0,0,0,0,-121000,0,0,0,0,121000,-121000,-121000
057495,牧德元大99購04  ,0,0,0,0,0,0,0,0,0,-122000,0,0,0,7000,129000,-122000,-122000
048941,牧德永豐94購02  ,0,0,0,0,0,0,0,0,0,-122000,0,0,0,0,122000,-122000,-122000
048742,瀚宇博統一94購01,0,0,0,0,0,0,0,0,0,-122000,0,0,0,0,122000,-122000,-122000
049961,GIS統一94購01   ,0,0,0,0,0,0,0,0,0,-122000,0,0,0,0,122000,-122000,-122000
053626,台積電兆豐96購03,0,0,0,0,0,0,0,0,0,-122000,0,0,0,272000,394000,-122000,-122000
054308,嘉晶凱基98購01  ,0,0,0,0,0,0,0,0,0,-122000,0,0,0,233000,355000,-122000,-122000
055141,牧德永豐98購02  ,0,0,0,0,0,0,0,0,0,-122000,0,0,0,0,122000,-122000,-122000
055329,百和國票98購01  ,0,0,0,0,0,0,0,0,0,-122000,0,0,0,160000,282000,-122000,-122000
05849P,臺股指元大96售25,0,0,0,0,0,0,0,0,0,-122000,0,0,0,5000,127000,-122000,-122000
055454,華邦電元富97購02,0,0,0,0,0,0,0,0,0,-123000,0,0,0,576000,699000,-123000,-123000
048058,大立光國泰95購01,0,0,0,0,0,0,0,0,0,-123000,0,0,0,0,123000,-123000,-123000
054921,文曄凱基97購01  ,0,0,0,0,0,0,0,0,0,-123000,0,0,0,2000,125000,-123000,-123000
2351,順德            ,36000,19000,17000,0,0,0,0,145000,-145000,5000,5000,0,5000,0,0,0,-123000
2103,台橡            ,123000,246000,-123000,0,0,0,0,0,0,0,0,0,0,0,0,0,-123000
2548,華固            ,169316,331000,-161684,0,0,0,1000,1000,0,38000,68000,0,68000,1000,31000,-30000,-123684
055860,啟碁元大97購04  ,0,0,0,0,0,0,0,0,0,-124000,0,0,0,50000,174000,-124000,-124000
056123,鈺齊群益97購01  ,0,0,0,0,0,0,0,0,0,-124000,0,0,0,31000,155000,-124000,-124000
057027,祥碩凱基98購01  ,0,0,0,0,0,0,0,0,0,-124000,0,0,0,32000,156000,-124000,-124000
051995,矽力元大95購03  ,0,0,0,0,0,0,0,0,0,-124000,0,0,0,0,124000,-124000,-124000
05248P,矽創群益96售01  ,0,0,0,0,0,0,0,0,0,-124000,0,0,0,45000,169000,-124000,-124000
051004,台新金中信95購02,0,0,0,0,0,0,0,0,0,-124000,0,0,0,170000,294000,-124000,-124000
051536,玉晶光國票97購01,0,0,0,0,0,0,0,0,0,-124000,0,0,0,53000,177000,-124000,-124000
054908,群電康和97購01  ,0,0,0,0,0,0,0,0,0,-124000,0,0,0,14000,138000,-124000,-124000
055172,凱美統一97購02  ,0,0,0,0,0,0,0,0,0,-124000,0,0,0,46000,170000,-124000,-124000
054336,台積電統一96購11,0,0,0,0,0,0,0,0,0,-124000,0,0,0,155000,279000,-124000,-124000
053872,臻鼎元大96購04  ,0,0,0,0,0,0,0,0,0,-124000,0,0,0,51000,175000,-124000,-124000
4306,炎洲            ,3000,127000,-124000,0,0,0,0,0,0,0,0,0,0,0,0,0,-124000
06328P,台積電中信01售02,0,0,0,0,0,0,0,0,0,-124000,0,0,0,1000,125000,-124000,-124000
057043,台積電元大99購02,0,0,0,0,0,0,0,0,0,-125000,0,0,0,461000,586000,-125000,-125000
057240,茂林凱基9A購01  ,0,0,0,0,0,0,0,0,0,-125000,0,0,0,13000,138000,-125000,-125000
05768P,台積電凱基96售15,0,0,0,0,0,0,0,0,0,-125000,0,0,0,11000,136000,-125000,-125000
055569,聚陽統一98購01  ,0,0,0,0,0,0,0,0,0,-125000,0,0,0,171000,296000,-125000,-125000
048650,台表科元大93購05,0,0,0,0,0,0,0,0,0,-125000,0,0,0,0,125000,-125000,-125000
04970P,中環元富94售02  ,0,0,0,0,0,0,0,0,0,-125000,0,0,0,40000,165000,-125000,-125000
050469,聯電台新94購01  ,0,0,0,0,0,0,0,0,0,-125000,0,0,0,0,125000,-125000,-125000
052043,瑞昱日盛95購01  ,0,0,0,0,0,0,0,0,0,-125000,0,0,0,193000,318000,-125000,-125000
055301,台虹元大97購01  ,0,0,0,0,0,0,0,0,0,-125000,0,0,0,0,125000,-125000,-125000
1476,儒鴻            ,56000,148510,-92510,0,0,0,0,37000,-37000,4000,4000,3000,1000,6000,3000,3000,-125510
055515,聚陽中信9A購01  ,0,0,0,0,0,0,0,0,0,-126000,0,0,0,130000,256000,-126000,-126000
055705,微星永豐97購01  ,0,0,0,0,0,0,0,0,0,-126000,0,0,0,0,126000,-126000,-126000
057639,國巨元大99購07  ,0,0,0,0,0,0,0,0,0,-126000,0,0,0,223000,349000,-126000,-126000
006208,富邦台50        ,0,0,0,0,0,0,0,0,0,-126000,0,0,0,259000,385000,-126000,-126000
050907,臺股指元大95購14,0,0,0,0,0,0,0,0,0,-126000,0,0,0,15000,141000,-126000,-126000
055126,嘉澤兆豐97購01  ,0,0,0,0,0,0,0,0,0,-126000,0,0,0,40000,166000,-126000,-126000
054252,奇力新元大96購04,0,0,0,0,0,0,0,0,0,-126000,0,0,0,20000,146000,-126000,-126000
057393,台積電中信02購01,0,0,0,0,0,0,0,0,0,-127000,0,0,0,54000,181000,-127000,-127000
055491,奇力新元大98購03,0,0,0,0,0,0,0,0,0,-127000,0,0,0,1000,128000,-127000,-127000
055489,瑞昱元大97購02  ,0,0,0,0,0,0,0,0,0,-127000,0,0,0,68000,195000,-127000,-127000
056187,京鼎統一97購01  ,0,0,0,0,0,0,0,0,0,-127000,0,0,0,41000,168000,-127000,-127000
056501,貿聯富邦99購01  ,0,0,0,0,0,0,0,0,0,-127000,0,0,0,20000,147000,-127000,-127000
051650,矽力永豐95購01  ,0,0,0,0,0,0,0,0,0,-127000,0,0,0,60000,187000,-127000,-127000
051918,聯茂元大95購01  ,0,0,0,0,0,0,0,0,0,-127000,0,0,0,267000,394000,-127000,-127000
054748,正文凱基98購01  ,0,0,0,0,0,0,0,0,0,-127000,0,0,0,0,127000,-127000,-127000
055386,致新元大97購02  ,0,0,0,0,0,0,0,0,0,-127000,0,0,0,24000,151000,-127000,-127000
053217,群創凱基99購02  ,0,0,0,0,0,0,0,0,0,-127000,0,0,0,10000,137000,-127000,-127000
4564,元翎            ,59000,181000,-122000,0,0,0,0,0,0,-5000,0,0,0,0,5000,-5000,-127000
5388,中磊            ,164000,292000,-128000,0,0,0,11000,1000,10000,-9000,0,0,0,4000,13000,-9000,-127000
9934,成霖            ,13000,141000,-128000,0,0,0,0,2000,-2000,3000,3000,0,3000,0,0,0,-127000
056226,聯發科凱基97購10,0,0,0,0,0,0,0,0,0,-128000,0,0,0,13000,141000,-128000,-128000
055881,康控元富97購01  ,0,0,0,0,0,0,0,0,0,-128000,0,0,0,255000,383000,-128000,-128000
048860,玉晶光群益96購03,0,0,0,0,0,0,0,0,0,-128000,0,0,0,121000,249000,-128000,-128000
046855,嘉晶元大94購01  ,0,0,0,0,0,0,0,0,0,-128000,0,0,0,160000,288000,-128000,-128000
049986,嘉澤凱基94購02  ,0,0,0,0,0,0,0,0,0,-128000,0,0,0,35000,163000,-128000,-128000
049200,元黃金群益98購01,0,0,0,0,0,0,0,0,0,-128000,0,0,0,37000,165000,-128000,-128000
052826,嘉聯益永豐96購01,0,0,0,0,0,0,0,0,0,-128000,0,0,0,0,128000,-128000,-128000
055154,聯發科元大98購01,0,0,0,0,0,0,0,0,0,-128000,0,0,0,82000,210000,-128000,-128000
06326P,鴻海中信01售01  ,0,0,0,0,0,0,0,0,0,-128000,0,0,0,61000,189000,-128000,-128000
055451,台積電元富97購02,0,0,0,0,0,0,0,0,0,-129000,0,0,0,242000,371000,-129000,-129000
057136,立積凱基98購02  ,0,0,0,0,0,0,0,0,0,-129000,0,0,0,0,129000,-129000,-129000
049642,鴻海凱基94購16  ,0,0,0,0,0,0,0,0,0,-129000,0,0,0,0,129000,-129000,-129000
054121,奇鋐永豐96購02  ,0,0,0,0,0,0,0,0,0,-129000,0,0,0,31000,160000,-129000,-129000
053772,大成鋼元大96購02,0,0,0,0,0,0,0,0,0,-129000,0,0,0,0,129000,-129000,-129000
06211P,鴻海元大98售04  ,0,0,0,0,0,0,0,0,0,-129000,0,0,0,28000,157000,-129000,-129000
055929,聯發科群益97購05,0,0,0,0,0,0,0,0,0,-130000,0,0,0,0,130000,-130000,-130000
046719,元石油元大95購02,0,0,0,0,0,0,0,0,0,-130000,0,0,0,0,130000,-130000,-130000
047354,訊芯凱基94購01  ,0,0,0,0,0,0,0,0,0,-130000,0,0,0,10000,140000,-130000,-130000
03651C,臺股指凱基97牛17,0,0,0,0,0,0,0,0,0,-130000,0,0,0,122000,252000,-130000,-130000
048652,巨大元大96購01  ,0,0,0,0,0,0,0,0,0,-130000,0,0,0,0,130000,-130000,-130000
050393,樺漢統一94購01  ,0,0,0,0,0,0,0,0,0,-130000,0,0,0,0,130000,-130000,-130000
050207,百和群益95購01  ,0,0,0,0,0,0,0,0,0,-130000,0,0,0,0,130000,-130000,-130000
052541,大立光統一95購06,0,0,0,0,0,0,0,0,0,-130000,0,0,0,0,130000,-130000,-130000
053996,晶相光群益97購01,0,0,0,0,0,0,0,0,0,-130000,0,0,0,560000,690000,-130000,-130000
052989,麗豐元大98購01  ,0,0,0,0,0,0,0,0,0,-130000,0,0,0,0,130000,-130000,-130000
053048,同欣電麥證96購01,0,0,0,0,130000,-130000,0,0,0,-130000,0,0,0,0,130000,-130000,-130000
053155,晶技元大97購02  ,0,0,0,0,0,0,0,0,0,-130000,0,0,0,237000,367000,-130000,-130000
054932,台肥元大97購01  ,0,0,0,0,0,0,0,0,0,-130000,0,0,0,20000,150000,-130000,-130000
055300,緯穎元大98購01  ,0,0,0,0,0,0,0,0,0,-130000,0,0,0,54000,184000,-130000,-130000
054446,美食兆豐97購01  ,0,0,0,0,0,0,0,0,0,-130000,0,0,0,0,130000,-130000,-130000
06194P,台積電元富97售05,0,0,0,0,0,0,0,0,0,-130000,0,0,0,100000,230000,-130000,-130000
057922,華新科凱基99購01,0,0,0,0,0,0,0,0,0,-130000,0,0,0,0,130000,-130000,-130000
06616P,國巨元大98售15  ,0,0,0,0,0,0,0,0,0,-130000,0,0,0,25000,155000,-130000,-130000
055995,華擎國泰99購01  ,0,0,0,0,0,0,0,0,0,-131000,0,0,0,3000,134000,-131000,-131000
056356,台積電元大99購01,0,0,0,0,0,0,0,0,0,-131000,0,0,0,502000,633000,-131000,-131000
057217,奇力新群益99購01,0,0,0,0,0,0,0,0,0,-131000,0,0,0,32000,163000,-131000,-131000
056758,元石油元大98購02,0,0,0,0,0,0,0,0,0,-131000,0,0,0,0,131000,-131000,-131000
048153,台積電兆豐94購01,0,0,0,0,0,0,0,0,0,-131000,0,0,0,5000,136000,-131000,-131000
049216,華邦電國票95購01,0,0,0,0,0,0,0,0,0,-131000,0,0,0,994000,1125000,-131000,-131000
051611,鈺齊群益95購02  ,0,0,0,0,0,0,0,0,0,-131000,0,0,0,11000,142000,-131000,-131000
054199,大立光永昌96購07,0,0,0,0,0,0,0,0,0,-131000,0,0,0,10000,141000,-131000,-131000
054587,玉晶光國泰99購01,0,0,0,0,0,0,0,0,0,-131000,0,0,0,55000,186000,-131000,-131000
054112,台積電麥證96購02,0,0,0,20000,151000,-131000,0,0,0,-131000,0,0,0,20000,151000,-131000,-131000
053759,晶相光國泰98購01,0,0,0,0,0,0,0,0,0,-131000,0,0,0,314000,445000,-131000,-131000
056967,奇鋐永豐98購01  ,0,0,0,0,0,0,0,0,0,-132000,0,0,0,3000,135000,-132000,-132000
056201,華新科永豐98購01,0,0,0,0,0,0,0,0,0,-132000,0,0,0,195000,327000,-132000,-132000
051590,玉晶光元大96購02,0,0,0,0,0,0,0,0,0,-132000,0,0,0,71000,203000,-132000,-132000
051392,玉山金兆豐95購01,0,0,0,0,0,0,0,0,0,-132000,0,0,0,2000,134000,-132000,-132000
052558,新唐國票97購01  ,450000,0,450000,0,0,0,0,0,0,-582000,0,0,0,0,582000,-582000,-132000
052405,聯茂凱基95購01  ,0,0,0,0,0,0,0,0,0,-132000,0,0,0,306000,438000,-132000,-132000
050120,GIS元大95購02   ,0,0,0,0,0,0,0,0,0,-132000,0,0,0,0,132000,-132000,-132000
054247,華邦電元大96購04,0,0,0,0,0,0,0,0,0,-132000,0,0,0,318000,450000,-132000,-132000
057488,聯發科元大99購02,0,0,0,0,0,0,0,0,0,-133000,0,0,0,68000,201000,-133000,-133000
048086,鴻海凱基93購33  ,0,0,0,0,0,0,0,0,0,-133000,0,0,0,0,133000,-133000,-133000
051737,瑞昱國票96購01  ,0,0,0,0,0,0,0,0,0,-133000,0,0,0,19000,152000,-133000,-133000
051299,致茂凱基95購01  ,0,0,0,0,0,0,0,0,0,-133000,0,0,0,30000,163000,-133000,-133000
053665,臺股指凱基96購26,0,0,0,0,0,0,0,0,0,-133000,0,0,0,0,133000,-133000,-133000
057415,和碩日盛98購01  ,0,0,0,0,0,0,0,0,0,-134000,0,0,0,10000,144000,-134000,-134000
051142,臺股指永豐95購02,0,0,0,0,0,0,0,0,0,-134000,0,0,0,566000,700000,-134000,-134000
052574,茂林凱基96購02  ,0,0,0,0,0,0,0,0,0,-134000,0,0,0,243000,377000,-134000,-134000
053625,國巨兆豐96購03  ,0,0,0,0,0,0,0,0,0,-134000,0,0,0,86000,220000,-134000,-134000
052833,康控群益96購01  ,0,0,0,0,0,0,0,0,0,-134000,0,0,0,9000,143000,-134000,-134000
052975,嘉聯益群益96購01,0,0,0,0,0,0,0,0,0,-134000,0,0,0,1000,135000,-134000,-134000
054533,泰碩國泰98購01  ,0,0,0,0,0,0,0,0,0,-134000,0,0,0,247000,381000,-134000,-134000
06282P,聯鈞永豐97售02  ,0,0,0,0,0,0,0,0,0,-134000,0,0,0,0,134000,-134000,-134000
057348,台積電統一98購09,0,0,0,0,0,0,0,0,0,-135000,0,0,0,0,135000,-135000,-135000
057082,玉晶光統一9A購04,0,0,0,0,0,0,0,0,0,-135000,0,0,0,8000,143000,-135000,-135000
056532,技嘉凱基98購01  ,0,0,0,0,0,0,0,0,0,-135000,0,0,0,148000,283000,-135000,-135000
048196,聯發科元大93購24,0,0,0,0,0,0,0,0,0,-135000,0,0,0,100000,235000,-135000,-135000
052353,高鐵群益97購01  ,0,0,0,0,0,0,0,0,0,-135000,0,0,0,42000,177000,-135000,-135000
049394,T50反1群益94購01,0,0,0,0,0,0,0,0,0,-135000,0,0,0,0,135000,-135000,-135000
054884,友達統一99購01  ,0,0,0,0,0,0,0,0,0,-135000,0,0,0,50000,185000,-135000,-135000
053661,嘉澤凱基97購01  ,0,0,0,0,0,0,0,0,0,-135000,0,0,0,25000,160000,-135000,-135000
06235P,國巨元大97售12  ,0,0,0,0,0,0,0,0,0,-135000,0,0,0,70000,205000,-135000,-135000
056036,鴻海凱基97購07  ,0,0,0,0,0,0,0,0,0,-136000,0,0,0,0,136000,-136000,-136000
052670,茂林群益96購02  ,0,0,0,0,0,0,0,0,0,-136000,0,0,0,194000,330000,-136000,-136000
053175,矽力群益96購01  ,0,0,0,0,0,0,0,0,0,-136000,0,0,0,10000,146000,-136000,-136000
054243,國喬元大96購01  ,0,0,0,0,0,0,0,0,0,-136000,0,0,0,0,136000,-136000,-136000
054201,聯詠富邦97購02  ,0,0,0,0,0,0,0,0,0,-136000,0,0,0,5000,141000,-136000,-136000
054377,臺股指中信99購09,0,0,0,0,0,0,0,0,0,-136000,0,0,0,154000,290000,-136000,-136000
05924P,超眾元富96售04  ,0,0,0,0,0,0,0,0,0,-136000,0,0,0,2000,138000,-136000,-136000
1731,美吾華          ,75000,220000,-145000,0,0,0,0,0,0,9000,9000,0,9000,0,0,0,-136000
056751,和大兆豐98購01  ,0,0,0,0,0,0,0,0,0,-137000,0,0,0,0,137000,-137000,-137000
048810,玉晶光第一94購01,0,0,0,0,0,0,0,0,0,-137000,0,0,0,0,137000,-137000,-137000
052099,臺股指富邦95購02,0,0,0,0,0,0,0,0,0,-137000,0,0,0,11000,148000,-137000,-137000
051523,牧德凱基95購02  ,0,0,0,0,0,0,0,0,0,-137000,0,0,0,23000,160000,-137000,-137000
055407,祥碩國泰98購01  ,0,0,0,0,0,0,0,0,0,-137000,0,0,0,15000,152000,-137000,-137000
2855,統一證          ,262000,392000,-130000,0,0,0,0,7000,-7000,0,0,0,0,0,0,0,-137000
055610,光磊國票98購01  ,0,0,0,0,0,0,0,0,0,-138000,0,0,0,0,138000,-138000,-138000
03956P,欣興統一93售02  ,0,0,0,0,0,0,0,0,0,-138000,0,0,0,44000,182000,-138000,-138000
043656,上証反元大94購01,0,0,0,0,0,0,0,0,0,-138000,0,0,0,12000,150000,-138000,-138000
047871,健策永豐93購02  ,0,0,0,0,0,0,0,0,0,-138000,0,0,0,0,138000,-138000,-138000
050104,元石油元大97購02,0,0,0,0,0,0,0,0,0,-138000,0,0,0,0,138000,-138000,-138000
055198,奇力新第一97購01,0,0,0,0,0,0,0,0,0,-138000,0,0,0,0,138000,-138000,-138000
055883,樺漢元富97購01  ,0,0,0,0,0,0,0,0,0,-139000,0,0,0,0,139000,-139000,-139000
057555,玉晶光凱基9A購02,0,0,0,0,0,0,0,0,0,-139000,0,0,0,1000,140000,-139000,-139000
055402,正文元富97購02  ,0,0,0,0,0,0,0,0,0,-139000,0,0,0,0,139000,-139000,-139000
052838,新唐國泰98購01  ,450000,0,450000,0,0,0,0,0,0,-589000,0,0,0,22000,611000,-589000,-139000
053077,同欣電永豐96購01,0,0,0,0,0,0,0,0,0,-139000,0,0,0,0,139000,-139000,-139000
06246P,茂林元富97售03  ,0,0,0,0,0,0,0,0,0,-139000,0,0,0,25000,164000,-139000,-139000
057533,晶相光元大98購02,0,0,0,0,0,0,0,0,0,-140000,0,0,0,106000,246000,-140000,-140000
056852,矽格元富98購01  ,0,0,0,0,0,0,0,0,0,-140000,0,0,0,0,140000,-140000,-140000
056072,群創元大97購01  ,0,0,0,0,0,0,0,0,0,-140000,0,0,0,149000,289000,-140000,-140000
047960,鈺齊永豐93購01  ,0,0,0,0,0,0,0,0,0,-140000,0,0,0,10000,150000,-140000,-140000
050974,大成鋼統一95購01,0,0,0,0,0,0,0,0,0,-140000,0,0,0,22000,162000,-140000,-140000
04605P,台積電兆豐94售03,0,0,0,0,0,0,0,0,0,-140000,0,0,0,0,140000,-140000,-140000
04229P,臺股指中信95售05,0,0,0,0,0,0,0,0,0,-140000,0,0,0,0,140000,-140000,-140000
050127,台積電凱基94購31,0,0,0,0,0,0,0,0,0,-140000,0,0,0,0,140000,-140000,-140000
050128,旺宏凱基94購04  ,0,0,0,0,0,0,0,0,0,-140000,0,0,0,30000,170000,-140000,-140000
050123,群臺反凱基96購01,0,0,0,0,0,0,0,0,0,-140000,0,0,0,20000,160000,-140000,-140000
052389,聯發科群益95購05,0,0,0,0,0,0,0,0,0,-140000,0,0,0,50000,190000,-140000,-140000
052392,台表科群益96購02,0,0,0,0,0,0,0,0,0,-140000,0,0,0,10000,150000,-140000,-140000
051833,昇陽半元大96購01,0,0,0,0,0,0,0,0,0,-140000,0,0,0,0,140000,-140000,-140000
053242,聯電國票96購04  ,0,0,0,0,0,0,0,0,0,-140000,0,0,0,14000,154000,-140000,-140000
055185,晶相光統一97購01,0,0,0,0,0,0,0,0,0,-140000,0,0,0,0,140000,-140000,-140000
054582,致新元大97購01  ,0,0,0,0,0,0,0,0,0,-140000,0,0,0,29000,169000,-140000,-140000
054755,世紀鋼凱基98購01,0,0,0,0,0,0,0,0,0,-140000,0,0,0,0,140000,-140000,-140000
056177,嘉澤元富97購01  ,0,0,0,0,0,0,0,0,0,-141000,0,0,0,10000,151000,-141000,-141000
056243,創意群益97購03  ,0,0,0,0,0,0,0,0,0,-141000,0,0,0,11000,152000,-141000,-141000
057202,TPK元富98購02   ,0,0,0,0,0,0,0,0,0,-141000,0,0,0,40000,181000,-141000,-141000
00674R,元大S&P黃金反1  ,0,0,0,0,0,0,0,0,0,-141000,0,0,0,20000,161000,-141000,-141000
05161P,華新科國票96售01,0,0,0,0,0,0,0,0,0,-141000,0,0,0,30000,171000,-141000,-141000
052367,聯茂國票96購02  ,0,0,0,0,0,0,0,0,0,-141000,0,0,0,243000,384000,-141000,-141000
05224P,華通統一95售03  ,0,0,0,0,0,0,0,0,0,-141000,0,0,0,51000,192000,-141000,-141000
052640,台表科凱基97購01,0,0,0,0,0,0,0,0,0,-141000,0,0,0,15000,156000,-141000,-141000
054140,智易元大97購03  ,0,0,0,0,0,0,0,0,0,-141000,0,0,0,0,141000,-141000,-141000
057134,茂林凱基98購02  ,2000,0,2000,0,0,0,0,0,0,-144000,0,0,0,0,144000,-144000,-142000
057575,世紀鋼永豐98購02,0,0,0,0,0,0,0,0,0,-142000,0,0,0,0,142000,-142000,-142000
048563,明泰元大94購01  ,0,0,0,0,0,0,0,0,0,-142000,0,0,0,68000,210000,-142000,-142000
052195,健策元富95購01  ,0,0,0,0,0,0,0,0,0,-142000,0,0,0,0,142000,-142000,-142000
050092,鴻海永豐94購04  ,0,0,0,0,0,0,0,0,0,-142000,0,0,0,164000,306000,-142000,-142000
049828,華新科凱基94購06,0,0,0,0,0,0,0,0,0,-142000,0,0,0,55000,197000,-142000,-142000
050454,嘉澤元大94購04  ,0,0,0,0,0,0,0,0,0,-142000,0,0,0,80000,222000,-142000,-142000
054813,鴻海元大97購09  ,0,0,0,0,0,0,0,0,0,-142000,0,0,0,931000,1073000,-142000,-142000
054432,台積電台新96購05,0,0,0,0,0,0,0,0,0,-142000,0,0,0,41000,183000,-142000,-142000
057456,道瓊銀富邦9C購01,0,0,0,0,0,0,0,0,0,-143000,0,0,0,0,143000,-143000,-143000
050133,鈺齊凱基94購01  ,0,0,0,0,0,0,0,0,0,-143000,0,0,0,0,143000,-143000,-143000
052422,聯電國票96購03  ,0,0,0,0,0,0,0,0,0,-143000,0,0,0,0,143000,-143000,-143000
054715,中橡康和97購01  ,0,0,0,0,0,0,0,0,0,-143000,0,0,0,60000,203000,-143000,-143000
054639,台新金中信99購01,0,0,0,0,0,0,0,0,0,-143000,0,0,0,0,143000,-143000,-143000
054877,百和群益98購01  ,0,0,0,0,0,0,0,0,0,-143000,0,0,0,321000,464000,-143000,-143000
053229,南電台新97購01  ,0,0,0,0,0,0,0,0,0,-143000,0,0,0,50000,193000,-143000,-143000
053082,聯電元大98購03  ,0,0,0,0,0,0,0,0,0,-143000,0,0,0,66000,209000,-143000,-143000
052827,昇陽半永豐97購01,0,0,0,0,0,0,0,0,0,-143000,0,0,0,0,143000,-143000,-143000
056663,臺股指元大9A購10,0,0,0,0,0,0,0,0,0,-144000,0,0,0,152000,296000,-144000,-144000
00710B,FH彭博高收益債  ,0,4000,-4000,0,0,0,0,0,0,-140000,0,0,0,78000,218000,-140000,-144000
053629,玉山金兆豐96購01,0,0,0,0,0,0,0,0,0,-144000,0,0,0,0,144000,-144000,-144000
055022,精元國泰99購01  ,0,0,0,0,0,0,0,0,0,-144000,0,0,0,10000,154000,-144000,-144000
045600,道瓊指國票95購01,0,0,0,0,0,0,0,0,0,-145000,0,0,0,0,145000,-145000,-145000
050921,旺宏凱基95購02  ,0,0,0,0,0,0,0,0,0,-145000,0,0,0,10000,155000,-145000,-145000
050791,聯發科富邦96購01,0,0,0,0,0,0,0,0,0,-145000,0,0,0,30000,175000,-145000,-145000
052713,智邦凱基96購01  ,0,0,0,0,0,0,0,0,0,-145000,0,0,0,140000,285000,-145000,-145000
055396,瑞儀統一97購01  ,0,0,0,0,0,0,0,0,0,-145000,0,0,0,58000,203000,-145000,-145000
054465,亞光凱基97購01  ,0,0,0,0,0,0,0,0,0,-145000,0,0,0,0,145000,-145000,-145000
054268,健策第一96購01  ,0,0,0,0,0,0,0,0,0,-145000,0,0,0,250000,395000,-145000,-145000
054296,世芯元大97購01  ,0,0,0,0,0,0,0,0,0,-145000,0,0,0,1000,146000,-145000,-145000
056972,祥碩永豐98購02  ,0,0,0,0,0,0,0,0,0,-146000,0,0,0,31000,177000,-146000,-146000
043538,元石油國票97購01,0,0,0,0,0,0,0,0,0,-146000,0,0,0,0,146000,-146000,-146000
049880,健策永豐94購02  ,0,0,0,0,0,0,0,0,0,-146000,0,0,0,10000,156000,-146000,-146000
049532,同欣電台新94購01,0,0,0,0,0,0,0,0,0,-146000,0,0,0,0,146000,-146000,-146000
054202,樺漢富邦97購01  ,0,0,0,0,0,0,0,0,0,-146000,0,0,0,12000,158000,-146000,-146000
054963,牧德元大97購02  ,0,0,0,0,0,0,0,0,0,-146000,0,0,0,24000,170000,-146000,-146000
053999,台表科群益96購06,0,0,0,0,0,0,0,0,0,-146000,0,0,0,0,146000,-146000,-146000
05718P,國巨元大96售09  ,0,0,0,0,0,0,0,0,0,-147000,0,0,0,60000,207000,-147000,-147000
056585,台積電統一9A購01,0,0,0,0,0,0,0,0,0,-147000,0,0,0,268000,415000,-147000,-147000
055551,致茂凱基98購01  ,0,0,0,0,0,0,0,0,0,-147000,0,0,0,38000,185000,-147000,-147000
048699,嘉晶國票95購01  ,0,0,0,0,0,0,0,0,0,-147000,0,0,0,16000,163000,-147000,-147000
049529,華新科中信95購01,0,0,0,0,0,0,0,0,0,-147000,0,0,0,197000,344000,-147000,-147000
052469,宏碁亞東95購01  ,0,0,0,0,0,0,0,0,0,-147000,0,0,0,0,147000,-147000,-147000
053170,茂林群益96購04  ,0,0,0,0,0,0,0,0,0,-147000,0,0,0,116000,263000,-147000,-147000
06104P,大立光凱基97售04,0,0,0,0,0,0,0,0,0,-147000,0,0,0,3000,150000,-147000,-147000
057167,台積電元大99購03,0,0,0,0,0,0,0,0,0,-148000,0,0,0,133000,281000,-148000,-148000
048498,嘉澤元大94購01  ,0,0,0,0,0,0,0,0,0,-148000,0,0,0,10000,158000,-148000,-148000
051890,智邦元富95購03  ,0,0,0,0,0,0,0,0,0,-148000,0,0,0,0,148000,-148000,-148000
050984,大立光國泰97購01,0,0,0,0,0,0,0,0,0,-148000,0,0,0,191000,339000,-148000,-148000
054516,國巨元大97購02  ,0,0,0,0,0,0,0,0,0,-148000,0,0,0,403000,551000,-148000,-148000
2536,宏普            ,284000,429136,-145136,0,0,0,0,0,0,-3000,0,3000,-3000,0,0,0,-148136
046770,聯發科國泰94購01,0,0,0,0,0,0,0,0,0,-149000,0,0,0,120000,269000,-149000,-149000
054934,金寶元大97購01  ,0,0,0,0,0,0,0,0,0,-149000,0,0,0,0,149000,-149000,-149000
056986,超眾群益98購03  ,0,0,0,0,0,0,0,0,0,-150000,0,0,0,30000,180000,-150000,-150000
057353,玉晶光統一99購01,0,0,0,0,0,0,0,0,0,-150000,0,0,0,11000,161000,-150000,-150000
055626,力山永豐97購01  ,0,0,0,0,0,0,0,0,0,-150000,0,0,0,0,150000,-150000,-150000
051045,南茂永豐95購01  ,0,0,0,0,0,0,0,0,0,-150000,0,0,0,0,150000,-150000,-150000
04794P,友達元大96售03  ,0,0,0,0,0,0,0,0,0,-150000,0,0,0,0,150000,-150000,-150000
047893,嘉聯益兆豐94購01,0,0,0,0,0,0,0,0,0,-150000,0,0,0,0,150000,-150000,-150000
045371,元石油元大95購01,0,0,0,0,0,0,0,0,0,-150000,0,0,0,0,150000,-150000,-150000
044999,滬深2X永昌93購02,0,0,0,0,0,0,0,0,0,-150000,0,0,0,0,150000,-150000,-150000
05140P,台表科國票96售01,0,0,0,0,0,0,0,0,0,-150000,0,0,0,50000,200000,-150000,-150000
050521,聯發科元大94購15,0,0,0,0,0,0,0,0,0,-150000,0,0,0,200000,350000,-150000,-150000
049197,信邦永豐94購01  ,0,0,0,0,0,0,0,0,0,-150000,0,0,0,0,150000,-150000,-150000
052106,明泰兆豐95購01  ,0,0,0,0,0,0,0,0,0,-150000,0,0,0,38000,188000,-150000,-150000
052402,健策凱基97購01  ,0,0,0,0,0,0,0,0,0,-150000,0,0,0,257000,407000,-150000,-150000
052637,欣興凱基97購01  ,0,0,0,0,0,0,0,0,0,-150000,0,0,0,0,150000,-150000,-150000
055361,樺漢凱基97購01  ,0,0,0,0,0,0,0,0,0,-150000,0,0,0,29000,179000,-150000,-150000
054740,強茂凱基99購01  ,0,0,0,0,0,0,0,0,0,-150000,0,0,0,0,150000,-150000,-150000
053181,滬深2X元富99購02,0,0,0,0,0,0,0,0,0,-150000,0,0,0,151000,301000,-150000,-150000
053425,京鼎永豐96購01  ,0,0,0,0,0,0,0,0,0,-150000,0,0,0,0,150000,-150000,-150000
054156,聯電亞東98購01  ,0,0,0,0,0,0,0,0,0,-150000,0,0,0,0,150000,-150000,-150000
053590,新光金元大9A購02,0,0,0,0,0,0,0,0,0,-150000,0,0,0,79000,229000,-150000,-150000
055980,祥碩統一98購01  ,0,0,0,0,0,0,0,0,0,-151000,0,0,0,49000,200000,-151000,-151000
056579,麗豐元大99購01  ,0,0,0,0,0,0,0,0,0,-151000,0,0,0,67000,218000,-151000,-151000
056316,訊芯元大98購03  ,0,0,0,0,0,0,0,0,0,-151000,0,0,0,9000,160000,-151000,-151000
051592,健策元大96購05  ,0,0,0,0,0,0,0,0,0,-151000,0,0,0,10000,161000,-151000,-151000
051668,智邦元大95購02  ,0,0,0,0,0,0,0,0,0,-151000,0,0,0,43000,194000,-151000,-151000
052849,可成統一97購01  ,0,0,0,0,0,0,0,0,0,-151000,0,0,0,35000,186000,-151000,-151000
055461,TPK永豐97購01   ,0,0,0,0,0,0,0,0,0,-152000,0,0,0,10000,162000,-152000,-152000
057132,華新科凱基98購05,0,0,0,0,0,0,0,0,0,-152000,0,0,0,69000,221000,-152000,-152000
057206,立積元富98購01  ,0,0,0,0,0,0,0,0,0,-152000,0,0,0,2000,154000,-152000,-152000
056865,樺漢群益98購01  ,0,0,0,0,0,0,0,0,0,-152000,0,0,0,1000,153000,-152000,-152000
052752,臺股指元大96購06,0,0,0,0,0,0,0,0,0,-152000,0,0,0,50000,202000,-152000,-152000
051962,晶相光永豐95購02,0,0,0,0,0,0,0,0,0,-152000,0,0,0,85000,237000,-152000,-152000
053760,牧德國泰98購01  ,0,0,0,0,0,0,0,0,0,-152000,0,0,0,14000,166000,-152000,-152000
054588,玉晶光國泰99購02,0,0,0,0,0,0,0,0,0,-152000,0,0,0,19000,171000,-152000,-152000
054616,智伸科永豐97購01,0,0,0,0,0,0,0,0,0,-153000,0,0,0,0,153000,-153000,-153000
054331,世芯永豐96購03  ,0,0,0,0,0,0,0,0,0,-153000,0,0,0,356000,509000,-153000,-153000
055259,玉晶光統一9A購01,0,0,0,0,0,0,0,0,0,-153000,0,0,0,0,153000,-153000,-153000
053736,友達麥證96購01  ,0,0,0,30000,183000,-153000,0,0,0,-153000,0,0,0,30000,183000,-153000,-153000
3048,益登            ,24000,177000,-153000,0,0,0,0,0,0,0,0,0,0,0,0,0,-153000
056875,亞光凱基98購03  ,0,0,0,0,0,0,0,0,0,-154000,0,0,0,64000,218000,-154000,-154000
057408,台郡群益98購01  ,0,0,0,0,0,0,0,0,0,-154000,0,0,0,2000,156000,-154000,-154000
057740,茂林富邦9A購01  ,0,0,0,0,0,0,0,0,0,-154000,0,0,0,150000,304000,-154000,-154000
055481,聚陽元大97購01  ,0,0,0,0,0,0,0,0,0,-154000,0,0,0,1000,155000,-154000,-154000
054312,TPK凱基98購01   ,0,0,0,0,0,0,0,0,0,-154000,0,0,0,55000,209000,-154000,-154000
049165,元油2X凱基97購01,0,0,0,0,0,0,0,0,0,-155000,0,0,0,0,155000,-155000,-155000
049933,GIS元大95購01   ,0,0,0,0,0,0,0,0,0,-155000,0,0,0,0,155000,-155000,-155000
050306,聯發科中信97購01,0,0,0,0,0,0,0,0,0,-155000,0,0,0,46000,201000,-155000,-155000
055206,台虹中信97購01  ,0,0,0,0,0,0,0,0,0,-155000,0,0,0,0,155000,-155000,-155000
054888,泰碩統一97購01  ,0,0,0,0,0,0,0,0,0,-155000,0,0,0,0,155000,-155000,-155000
055012,茂林元富97購01  ,0,0,0,0,0,0,0,0,0,-155000,0,0,0,685000,840000,-155000,-155000
053882,聯發科中信98購02,0,0,0,0,0,0,0,0,0,-155000,0,0,0,0,155000,-155000,-155000
3665,貿聯-KY         ,221000,390297,-169297,0,0,0,0,0,0,14000,18000,10000,8000,11000,5000,6000,-155297
055463,國喬凱基97購01  ,0,0,0,0,0,0,0,0,0,-156000,0,0,0,40000,196000,-156000,-156000
056395,玉晶光永豐9B購01,0,0,0,0,0,0,0,0,0,-156000,0,0,0,77000,233000,-156000,-156000
057565,可成富邦99購01  ,0,0,0,0,0,0,0,0,0,-156000,0,0,0,7000,163000,-156000,-156000
057616,聯電凱基99購01  ,0,0,0,0,0,0,0,0,0,-156000,0,0,0,0,156000,-156000,-156000
056922,全新兆豐99購01  ,0,0,0,0,0,0,0,0,0,-156000,0,0,0,225000,381000,-156000,-156000
03639C,元油2X元大9B牛01,0,0,0,0,0,0,0,0,0,-156000,0,0,0,5000,161000,-156000,-156000
00728,第一金工業30    ,0,0,0,0,0,0,0,0,0,-156000,0,0,0,627000,783000,-156000,-156000
052614,聯電國泰97購01  ,0,0,0,0,0,0,0,0,0,-156000,0,0,0,3000,159000,-156000,-156000
054997,文曄元富97購01  ,0,0,0,0,0,0,0,0,0,-156000,0,0,0,0,156000,-156000,-156000
055387,世紀鋼元大97購01,0,0,0,0,0,0,0,0,0,-156000,0,0,0,0,156000,-156000,-156000
055391,光罩統一97購02  ,0,0,0,0,0,0,0,0,0,-156000,0,0,0,2000,158000,-156000,-156000
054793,牧德群益9A購01  ,0,0,0,0,0,0,0,0,0,-156000,0,0,0,170000,326000,-156000,-156000
05698P,群創凱基96售01  ,0,0,0,0,0,0,0,0,0,-157000,0,0,0,110000,267000,-157000,-157000
057078,國巨統一9A購02  ,0,0,0,0,0,0,0,0,0,-157000,0,0,0,715000,872000,-157000,-157000
057666,奇力新元大9A購01,0,0,0,0,0,0,0,0,0,-157000,0,0,0,35000,192000,-157000,-157000
057294,台灣50永豐99購01,0,0,0,0,0,0,0,0,0,-157000,0,0,0,245000,402000,-157000,-157000
042801,達邁元大93購01  ,0,0,0,0,0,0,0,0,0,-157000,0,0,0,0,157000,-157000,-157000
049048,玉晶光台新94購01,0,0,0,0,0,0,0,0,0,-157000,0,0,0,0,157000,-157000,-157000
049056,玉晶光永豐95購03,0,0,0,0,0,0,0,0,0,-157000,0,0,0,0,157000,-157000,-157000
051723,嘉澤永豐95購01  ,0,0,0,0,0,0,0,0,0,-157000,0,0,0,0,157000,-157000,-157000
054371,台積電中信9C購01,0,0,0,0,0,0,0,0,0,-157000,0,0,0,68000,225000,-157000,-157000
05969P,台積電台新96售04,0,0,0,0,0,0,0,0,0,-157000,0,0,0,0,157000,-157000,-157000
1455,集盛            ,58000,215000,-157000,0,0,0,0,0,0,0,0,0,0,0,0,0,-157000
057672,茂林元大98購02  ,0,0,0,0,0,0,0,0,0,-158000,0,0,0,163000,321000,-158000,-158000
055503,健策元大98購05  ,0,0,0,0,0,0,0,0,0,-158000,0,0,0,286000,444000,-158000,-158000
050611,鴻海元大95購02  ,0,0,0,0,0,0,0,0,0,-158000,0,0,0,453000,611000,-158000,-158000
051751,聯茂富邦95購01  ,0,0,0,0,0,0,0,0,0,-158000,0,0,0,402000,560000,-158000,-158000
051402,玉晶光永豐95購04,0,0,0,0,0,0,0,0,0,-158000,0,0,0,39000,197000,-158000,-158000
053783,聯發科元大96購17,0,0,0,0,0,0,0,0,0,-158000,0,0,0,0,158000,-158000,-158000
053604,臺股指元大96購21,0,0,0,0,0,0,0,0,0,-158000,0,0,0,0,158000,-158000,-158000
056846,晶相光元富98購01,0,0,0,0,0,0,0,0,0,-159000,0,0,0,71000,230000,-159000,-159000
053858,台達電元大96購05,0,0,0,0,0,0,0,0,0,-159000,0,0,0,15000,174000,-159000,-159000
053409,和碩兆豐96購02  ,0,0,0,0,0,0,0,0,0,-159000,0,0,0,0,159000,-159000,-159000
2707,晶華            ,24000,32000,-8000,0,0,0,0,0,0,-151000,0,150000,-150000,0,1000,-1000,-159000
057810,技嘉元大98購06  ,0,0,0,0,0,0,0,0,0,-160000,0,0,0,176000,336000,-160000,-160000
047304,元油2X元大96購02,0,0,0,0,0,0,0,0,0,-160000,0,0,0,0,160000,-160000,-160000
051431,群創元富99購02  ,0,0,0,0,0,0,0,0,0,-160000,0,0,0,0,160000,-160000,-160000
049669,訊芯國泰95購01  ,0,0,0,0,0,0,0,0,0,-160000,0,0,0,133000,293000,-160000,-160000
05128P,聯發科中信97售03,0,0,0,0,0,0,0,0,0,-160000,0,0,0,0,160000,-160000,-160000
052413,上証反中信97購01,0,0,0,0,0,0,0,0,0,-160000,0,0,0,0,160000,-160000,-160000
053269,同欣電群益96購01,0,0,0,0,0,0,0,0,0,-160000,0,0,0,40000,200000,-160000,-160000
053863,聯發科元大96購18,0,0,0,0,0,0,0,0,0,-160000,0,0,0,110000,270000,-160000,-160000
054258,牧德元大97購01  ,0,0,0,0,0,0,0,0,0,-160000,0,0,0,4000,164000,-160000,-160000
054780,中石化群益99購01,0,0,0,0,0,0,0,0,0,-160000,0,0,0,0,160000,-160000,-160000
057324,億光群益98購01  ,0,0,0,0,0,0,0,0,0,-161000,0,0,0,0,161000,-161000,-161000
057545,國巨凱基99購05  ,0,0,0,0,0,0,0,0,0,-161000,0,0,0,152000,313000,-161000,-161000
04710P,台積電元大94售16,0,0,0,0,0,0,0,0,0,-161000,0,0,0,0,161000,-161000,-161000
00668,國泰美國道瓊    ,8000,0,8000,0,0,0,0,0,0,-169000,0,0,0,2000,171000,-169000,-161000
052200,台光電統一95購02,0,0,0,0,0,0,0,0,0,-161000,0,0,0,0,161000,-161000,-161000
06202P,大立光元大98售06,0,0,0,0,0,0,0,0,0,-161000,0,0,0,29000,190000,-161000,-161000
057075,嘉聯益永豐98購01,0,0,0,0,0,0,0,0,0,-162000,0,0,0,13000,175000,-162000,-162000
055795,茂林國泰98購01  ,0,0,0,0,0,0,0,0,0,-162000,0,0,0,213000,375000,-162000,-162000
049042,玉晶光兆豐95購01,0,0,0,0,0,0,0,0,0,-162000,0,0,0,28000,190000,-162000,-162000
055181,日電貿統一97購01,0,0,0,0,0,0,0,0,0,-162000,0,0,0,100000,262000,-162000,-162000
053776,台積電元大96購19,0,0,0,0,0,0,0,0,0,-162000,0,0,0,10000,172000,-162000,-162000
053727,麗豐凱基97購01  ,0,0,0,0,0,0,0,0,0,-162000,0,0,0,0,162000,-162000,-162000
056893,智邦元大98購02  ,0,0,0,0,0,0,0,0,0,-163000,0,0,0,60000,223000,-163000,-163000
048237,致茂國票94購01  ,0,0,0,0,0,0,0,0,0,-163000,0,0,0,5000,168000,-163000,-163000
052653,臺股指永豐97購01,0,0,0,0,0,0,0,0,0,-163000,0,0,0,258000,421000,-163000,-163000
056273,祥碩統一97購02  ,0,0,0,0,0,0,0,0,0,-164000,0,0,0,0,164000,-164000,-164000
04272P,元上證凱基94售01,0,0,0,0,0,0,0,0,0,-164000,0,0,0,71000,235000,-164000,-164000
045522,滬深2X永豐94購01,0,0,0,0,0,0,0,0,0,-164000,0,0,0,258000,422000,-164000,-164000
051483,玉晶光凱基96購02,0,0,0,0,0,0,0,0,0,-164000,0,0,0,197000,361000,-164000,-164000
055056,億光永豐97購01  ,0,0,0,0,0,0,0,0,0,-164000,0,0,0,0,164000,-164000,-164000
1714,和桐            ,459000,644000,-185000,0,0,0,0,0,0,21000,21000,0,21000,0,0,0,-164000
056978,技嘉群益99購01  ,0,0,0,0,0,0,0,0,0,-165000,0,0,0,99000,264000,-165000,-165000
048848,滬深2X群益98購02,0,0,0,0,0,0,0,0,0,-165000,0,0,0,108000,273000,-165000,-165000
047003,鴻海統一93購05  ,0,0,0,0,0,0,0,0,0,-165000,0,0,0,0,165000,-165000,-165000
049389,元石油中信97購02,10000,0,10000,0,0,0,0,0,0,-175000,0,0,0,2000,177000,-175000,-165000
051293,鴻海元富95購05  ,0,0,0,0,0,0,0,0,0,-165000,0,0,0,360000,525000,-165000,-165000
053641,正文永豐96購01  ,0,0,0,0,0,0,0,0,0,-165000,0,0,0,0,165000,-165000,-165000
053483,嘉澤第一96購01  ,0,0,0,0,0,0,0,0,0,-165000,0,0,0,185000,350000,-165000,-165000
050700,健策凱基96購01  ,0,0,0,0,0,0,0,0,0,-166000,0,0,0,50000,216000,-166000,-166000
1442,名軒            ,22000,184000,-162000,0,0,0,0,4000,-4000,0,0,0,0,0,0,0,-166000
056002,嘉晶永豐97購01  ,0,0,0,0,0,0,0,0,0,-167000,0,0,0,27000,194000,-167000,-167000
044578,緯創凱基93購02  ,0,0,0,0,0,0,0,0,0,-167000,0,0,0,110000,277000,-167000,-167000
056178,嘉澤元富97購02  ,0,0,0,0,0,0,0,0,0,-168000,0,0,0,15000,183000,-168000,-168000
057428,正崴兆豐98購01  ,0,0,0,0,0,0,0,0,0,-168000,0,0,0,0,168000,-168000,-168000
3702,大聯大          ,307000,1087042,-780042,0,0,0,601000,1000,600000,12000,0,2000,-2000,14000,0,14000,-168042
056101,光磊永豐98購01  ,0,0,0,0,0,0,0,0,0,-169000,0,0,0,0,169000,-169000,-169000
048276,旺宏永豐94購01  ,0,0,0,0,0,0,0,0,0,-169000,0,0,0,1000,170000,-169000,-169000
048329,台積電永昌93購07,0,0,0,0,0,0,0,0,0,-169000,0,0,0,0,169000,-169000,-169000
053843,訊芯統一96購01  ,0,0,0,0,0,0,0,0,0,-169000,0,0,0,17000,186000,-169000,-169000
055519,茂林中信99購01  ,0,0,0,0,0,0,0,0,0,-170000,0,0,0,28000,198000,-170000,-170000
056994,緯穎兆豐98購02  ,0,0,0,0,0,0,0,0,0,-170000,0,0,0,16000,186000,-170000,-170000
057177,奇力新元大99購04,0,0,0,0,0,0,0,0,0,-170000,0,0,0,9000,179000,-170000,-170000
048256,鴻海統一93購08  ,0,0,0,0,0,0,0,0,0,-170000,0,0,0,181000,351000,-170000,-170000
05201P,玉晶光國泰97售02,0,0,0,0,0,0,0,0,0,-170000,0,0,0,11000,181000,-170000,-170000
052959,聯電凱基97購01  ,0,0,0,0,0,0,0,0,0,-170000,0,0,0,401000,571000,-170000,-170000
055077,臺股指永豐97購02,0,0,0,0,0,0,0,0,0,-170000,0,0,0,0,170000,-170000,-170000
06356P,啟碁永豐97售01  ,0,0,0,0,0,0,0,0,0,-170000,0,0,0,97000,267000,-170000,-170000
043156,大立光統一94購01,0,0,0,0,0,0,0,0,0,-171000,0,0,0,0,171000,-171000,-171000
054563,泰碩群益99購01  ,0,0,0,0,0,0,0,0,0,-171000,0,0,0,10000,181000,-171000,-171000
054240,訊芯群益96購03  ,0,0,0,0,0,0,0,0,0,-171000,0,0,0,27000,198000,-171000,-171000
053184,世紀鋼元富96購01,0,0,0,0,0,0,0,0,0,-171000,0,0,0,691000,862000,-171000,-171000
06633P,國巨國票99售01  ,0,0,0,0,0,0,0,0,0,-171000,0,0,0,49000,220000,-171000,-171000
056945,鴻海統一98購12  ,0,0,0,0,0,0,0,0,0,-172000,0,0,0,380000,552000,-172000,-172000
05677P,玉晶光群益98售03,0,0,0,0,0,0,0,0,0,-172000,0,0,0,205000,377000,-172000,-172000
055644,致茂元富97購01  ,0,0,0,0,0,0,0,0,0,-172000,0,0,0,0,172000,-172000,-172000
056430,鴻海凱基98購06  ,0,0,0,0,0,0,0,0,0,-172000,0,0,0,34000,206000,-172000,-172000
0056,元大高股息      ,0,0,0,0,0,0,0,0,0,-172000,55000,200000,-145000,482000,509000,-27000,-172000
048514,嘉澤凱基93購06  ,0,0,0,0,0,0,0,0,0,-172000,0,0,0,0,172000,-172000,-172000
050064,華新科凱基94購08,0,0,0,0,0,0,0,0,0,-172000,0,0,0,37000,209000,-172000,-172000
052167,亞泥元大96購01  ,0,0,0,0,0,0,0,0,0,-172000,0,0,0,88000,260000,-172000,-172000
053948,大立光富邦99購04,0,0,0,0,0,0,0,0,0,-172000,0,0,0,0,172000,-172000,-172000
057871,國巨元大99購09  ,0,0,0,0,0,0,0,0,0,-172000,0,0,0,280000,452000,-172000,-172000
8150,南茂            ,480000,691335,-211335,0,0,0,0,0,0,39000,0,0,0,111000,72000,39000,-172335
056089,同欣電統一98購01,0,0,0,0,0,0,0,0,0,-173000,0,0,0,151000,324000,-173000,-173000
052205,台積電中信95購09,0,0,0,0,0,0,0,0,0,-173000,0,0,0,0,173000,-173000,-173000
051487,健策凱基96購03  ,0,0,0,0,0,0,0,0,0,-173000,0,0,0,10000,183000,-173000,-173000
051842,大成鋼富邦97購01,0,0,0,0,0,0,0,0,0,-173000,0,0,0,165000,338000,-173000,-173000
055122,國巨兆豐98購01  ,0,0,0,0,0,0,0,0,0,-173000,0,0,0,299000,472000,-173000,-173000
056510,正文永豐98購02  ,0,0,0,0,0,0,0,0,0,-174000,0,0,0,0,174000,-174000,-174000
052342,茂林凱基96購01  ,0,0,0,0,0,0,0,0,0,-174000,0,0,0,16000,190000,-174000,-174000
052690,台表科元大97購01,0,0,0,0,0,0,0,0,0,-174000,0,0,0,9000,183000,-174000,-174000
054369,鴻海中信9C購01  ,0,0,0,0,0,0,0,0,0,-174000,0,0,0,270000,444000,-174000,-174000
053028,康控富邦98購01  ,0,0,0,0,0,0,0,0,0,-174000,0,0,0,0,174000,-174000,-174000
6504,南六            ,85000,109000,-24000,0,0,0,0,0,0,-150000,0,150000,-150000,0,0,0,-174000
3518,柏騰            ,187000,370000,-183000,0,0,0,0,0,0,9000,9000,0,9000,0,0,0,-174000
3044,健鼎            ,479000,672000,-193000,0,0,0,0,0,0,19000,17000,0,17000,9000,7000,2000,-174000
055550,華邦電凱基97購03,0,0,0,0,0,0,0,0,0,-175000,0,0,0,30000,205000,-175000,-175000
056055,國巨元大97購15  ,0,0,0,0,0,0,0,0,0,-175000,0,0,0,220000,395000,-175000,-175000
055839,瑞昱元大97購04  ,0,0,0,0,0,0,0,0,0,-175000,0,0,0,19000,194000,-175000,-175000
057412,臺股指群益99購06,0,0,0,0,0,0,0,0,0,-175000,0,0,0,0,175000,-175000,-175000
057569,光磊永豐98購03  ,0,0,0,0,0,0,0,0,0,-175000,0,0,0,0,175000,-175000,-175000
052674,智邦國泰98購01  ,0,0,0,0,0,0,0,0,0,-175000,0,0,0,46000,221000,-175000,-175000
052243,致茂康和95購01  ,0,0,0,0,0,0,0,0,0,-175000,0,0,0,0,175000,-175000,-175000
055200,和大群益98購01  ,0,0,0,0,0,0,0,0,0,-175000,0,0,0,11000,186000,-175000,-175000
055214,聯電凱基97購02  ,0,0,0,0,0,0,0,0,0,-175000,0,0,0,22000,197000,-175000,-175000
06724P,台灣50國票98售01,0,0,0,0,0,0,0,0,0,-175000,0,0,0,0,175000,-175000,-175000
2360,致茂            ,645306,652000,-6694,0,0,0,0,197000,-197000,28000,35000,38000,-3000,31000,0,31000,-175694
056724,臻鼎中信9A購01  ,0,0,0,0,0,0,0,0,0,-176000,0,0,0,81000,257000,-176000,-176000
05596P,可成統一96售01  ,0,0,0,0,0,0,0,0,0,-176000,0,0,0,0,176000,-176000,-176000
056080,世紀鋼元大97購03,0,0,0,0,0,0,0,0,0,-176000,0,0,0,30000,206000,-176000,-176000
045796,廣達中信93購01  ,0,0,0,0,0,0,0,0,0,-176000,0,0,0,0,176000,-176000,-176000
055247,聯發科統一98購01,0,0,0,0,0,0,0,0,0,-176000,0,0,0,40000,216000,-176000,-176000
054330,世芯永豐96購02  ,0,0,0,0,0,0,0,0,0,-176000,0,0,0,20000,196000,-176000,-176000
052986,聯發科元大97購05,0,0,0,0,0,0,0,0,0,-176000,0,0,0,700000,876000,-176000,-176000
056255,華新科元富97購05,0,0,0,0,0,0,0,0,0,-177000,0,0,0,187000,364000,-177000,-177000
052578,大立光統一97購01,0,0,0,0,0,0,0,0,0,-177000,0,0,0,2000,179000,-177000,-177000
053063,力山群益98購01  ,0,0,0,0,0,0,0,0,0,-177000,0,0,0,33000,210000,-177000,-177000
054382,康控群益96購03  ,0,0,0,0,0,0,0,0,0,-177000,0,0,0,96000,273000,-177000,-177000
055591,全新元大98購01  ,0,0,0,0,0,0,0,0,0,-178000,0,0,0,0,178000,-178000,-178000
050823,信邦凱基95購01  ,0,0,0,0,0,0,0,0,0,-178000,0,0,0,106000,284000,-178000,-178000
05209P,鴻海凱基96售09  ,0,0,0,0,0,0,0,0,0,-178000,0,0,0,75000,253000,-178000,-178000
051511,鈺齊中信97購01  ,0,0,0,0,0,0,0,0,0,-178000,0,0,0,50000,228000,-178000,-178000
055186,正文統一97購01  ,0,0,0,0,0,0,0,0,0,-178000,0,0,0,0,178000,-178000,-178000
053252,華邦電國泰98購01,0,0,0,0,0,0,0,0,0,-178000,0,0,0,22000,200000,-178000,-178000
053536,明泰永豐96購01  ,0,0,0,0,0,0,0,0,0,-178000,0,0,0,10000,188000,-178000,-178000
05551P,電子類元大96售01,0,0,0,0,0,0,0,0,0,-179000,0,0,0,125000,304000,-179000,-179000
055743,TPK元富98購01   ,0,0,0,0,0,0,0,0,0,-179000,0,0,0,50000,229000,-179000,-179000
055808,世紀鋼永豐97購01,0,0,0,0,0,0,0,0,0,-179000,0,0,0,79000,258000,-179000,-179000
056431,鴻海凱基98購07  ,0,0,0,0,0,0,0,0,0,-179000,0,0,0,71000,250000,-179000,-179000
057156,元油2X富邦9C購01,0,0,0,0,0,0,0,0,0,-179000,0,0,0,0,179000,-179000,-179000
057311,玉晶光日盛9A購01,0,0,0,0,0,0,0,0,0,-179000,0,0,0,10000,189000,-179000,-179000
049167,元油2X凱基97購03,0,0,0,0,0,0,0,0,0,-179000,0,0,0,0,179000,-179000,-179000
051145,台積電凱基95購05,0,0,0,0,0,0,0,0,0,-179000,0,0,0,10000,189000,-179000,-179000
053263,華邦電群益96購03,0,0,0,0,0,0,0,0,0,-179000,0,0,0,21000,200000,-179000,-179000
053463,可成富邦98購01  ,0,0,0,0,0,0,0,0,0,-179000,0,0,0,21000,200000,-179000,-179000
055106,台積電凱基98購05,0,0,0,0,0,0,0,0,0,-179000,0,0,0,70000,249000,-179000,-179000
054355,上海銀富邦98購01,0,0,0,0,0,0,0,0,0,-179000,0,0,0,2000,181000,-179000,-179000
057406,茂林群益98購03  ,0,0,0,0,0,0,0,0,0,-180000,0,0,0,63000,243000,-180000,-180000
057349,聯發科統一98購04,0,0,0,0,0,0,0,0,0,-180000,0,0,0,155000,335000,-180000,-180000
057450,國泰金元富98購01,0,0,0,0,0,0,0,0,0,-180000,0,0,0,20000,200000,-180000,-180000
057696,聯電群益9A購01  ,0,0,0,0,0,0,0,0,0,-180000,0,0,0,0,180000,-180000,-180000
056777,矽力元大98購02  ,0,0,0,0,0,0,0,0,0,-180000,0,0,0,0,180000,-180000,-180000
048350,世紀鋼元大95購01,0,0,0,0,0,0,0,0,0,-180000,0,0,0,0,180000,-180000,-180000
045280,儒鴻富邦94購01  ,0,0,0,0,0,0,0,0,0,-180000,0,0,0,20000,200000,-180000,-180000
05013P,台積電元大96售05,0,0,0,0,0,0,0,0,0,-180000,0,0,0,33000,213000,-180000,-180000
051985,智邦元大95購05  ,0,0,0,0,0,0,0,0,0,-180000,0,0,0,1000,181000,-180000,-180000
054294,世芯元大96購02  ,0,0,0,0,0,0,0,0,0,-180000,0,0,0,103000,283000,-180000,-180000
055435,佳世達中信99購01,0,0,0,0,0,0,0,0,0,-180000,0,0,0,0,180000,-180000,-180000
053392,致新元大96購01  ,0,0,0,0,0,0,0,0,0,-180000,0,0,0,9000,189000,-180000,-180000
055712,金寶元大97購02  ,0,0,0,0,0,0,0,0,0,-181000,0,0,0,3000,184000,-181000,-181000
048771,嘉澤凱基94購01  ,0,0,0,0,0,0,0,0,0,-181000,0,0,0,0,181000,-181000,-181000
050825,嘉澤凱基95購01  ,0,0,0,0,0,0,0,0,0,-181000,0,0,0,0,181000,-181000,-181000
050179,全新元大96購02  ,0,0,0,0,0,0,0,0,0,-181000,0,0,0,8000,189000,-181000,-181000
057473,T50反1元大98購08,0,0,0,0,0,0,0,0,0,-182000,0,0,0,2024000,2206000,-182000,-182000
052757,華邦電群益96購01,0,0,0,0,0,0,0,0,0,-182000,0,0,0,118000,300000,-182000,-182000
053293,聯發科中信9B購01,0,0,0,0,0,0,0,0,0,-182000,0,0,0,40000,222000,-182000,-182000
057327,玉晶光群益9A購04,0,0,0,0,0,0,0,0,0,-183000,0,0,0,73000,256000,-183000,-183000
057694,臺股指凱基98購12,0,0,0,0,0,0,0,0,0,-183000,0,0,0,0,183000,-183000,-183000
050744,健策永豐94購04  ,0,0,0,0,0,0,0,0,0,-183000,0,0,0,30000,213000,-183000,-183000
04786P,鴻海永昌96售01  ,0,0,0,0,0,0,0,0,0,-183000,0,0,0,256000,439000,-183000,-183000
1444,力麗            ,96000,281000,-185000,0,0,0,0,0,0,2000,5000,3000,2000,0,0,0,-183000
06193P,台積電元富97售04,0,0,0,0,0,0,0,0,0,-183000,0,0,0,197000,380000,-183000,-183000
057447,智邦元富02購01  ,0,0,0,0,0,0,0,0,0,-184000,0,0,0,0,184000,-184000,-184000
057030,滬深反元大9B購01,0,0,0,0,0,0,0,0,0,-184000,0,0,0,0,184000,-184000,-184000
051870,台郡凱基95購04  ,0,0,0,0,0,0,0,0,0,-184000,0,0,0,30000,214000,-184000,-184000
053032,國巨兆豐97購02  ,0,0,0,0,0,0,0,0,0,-184000,0,0,0,44000,228000,-184000,-184000
047191,同欣電元大93購02,0,0,0,0,0,0,0,0,0,-185000,0,0,0,0,185000,-185000,-185000
044465,元油2X群益97購01,0,0,0,0,0,0,0,0,0,-185000,0,0,0,0,185000,-185000,-185000
041991,元油2X國票98購01,0,0,0,0,0,0,0,0,0,-185000,0,0,0,20000,205000,-185000,-185000
03298P,台積電統一03售15,0,0,0,0,0,0,0,0,0,-185000,0,0,0,15000,200000,-185000,-185000
049316,茂林凱基94購02  ,0,0,0,0,0,0,0,0,0,-185000,0,0,0,0,185000,-185000,-185000
049848,聯發科群益94購06,0,0,0,0,0,0,0,0,0,-185000,0,0,0,65000,250000,-185000,-185000
056839,台光電元富98購02,0,0,0,0,0,0,0,0,0,-186000,0,0,0,114000,300000,-186000,-186000
057842,緯穎富邦99購02  ,0,0,0,0,0,0,0,0,0,-186000,0,0,0,142000,328000,-186000,-186000
056604,鴻海富邦9A購01  ,0,0,0,0,0,0,0,0,0,-186000,0,0,0,6000,192000,-186000,-186000
056290,正文永豐98購01  ,0,0,0,0,0,0,0,0,0,-186000,0,0,0,0,186000,-186000,-186000
051488,健策凱基96購04  ,0,0,0,0,0,0,0,0,0,-186000,0,0,0,92000,278000,-186000,-186000
1434,福懋            ,292000,488532,-196532,0,0,0,0,0,0,10000,10000,0,10000,0,0,0,-186532
056580,泰鼎元大9A購01  ,0,0,0,0,0,0,0,0,0,-187000,0,0,0,528000,715000,-187000,-187000
057835,華擎元富9B購01  ,0,0,0,0,0,0,0,0,0,-187000,0,0,0,176000,363000,-187000,-187000
050778,瑞儀元大96購01  ,0,0,0,0,0,0,0,0,0,-187000,0,0,0,197000,384000,-187000,-187000
049062,華新科日盛94購01,0,0,0,0,0,0,0,0,0,-187000,0,0,0,75000,262000,-187000,-187000
050353,華擎群益95購01  ,0,0,0,0,0,0,0,0,0,-187000,0,0,0,57000,244000,-187000,-187000
055128,致新兆豐97購01  ,0,0,0,0,0,0,0,0,0,-187000,0,0,0,0,187000,-187000,-187000
056950,亞光統一99購01  ,0,0,0,0,0,0,0,0,0,-188000,0,0,0,0,188000,-188000,-188000
048821,光磊凱基95購01  ,0,0,0,0,0,0,0,0,0,-188000,0,0,0,0,188000,-188000,-188000
050226,華新科中信94購01,0,0,0,0,0,0,0,0,0,-188000,0,0,0,229000,417000,-188000,-188000
050071,明泰凱基94購01  ,0,0,0,0,0,0,0,0,0,-188000,0,0,0,0,188000,-188000,-188000
051570,和碩富邦97購01  ,0,0,0,0,0,0,0,0,0,-188000,0,0,0,75000,263000,-188000,-188000
051359,中信金元大95購01,0,0,0,0,0,0,0,0,0,-188000,0,0,0,385000,573000,-188000,-188000
053127,貿聯凱基97購01  ,0,0,0,0,0,0,0,0,0,-188000,0,0,0,0,188000,-188000,-188000
053156,緯創元大96購02  ,0,0,0,0,0,0,0,0,0,-188000,0,0,0,80000,268000,-188000,-188000
047536,正崴日盛93購01  ,0,0,0,0,0,0,0,0,0,-189000,0,0,0,0,189000,-189000,-189000
056309,合勤控元大97購01,0,0,0,0,0,0,0,0,0,-190000,0,0,0,0,190000,-190000,-190000
045567,滬深2X富邦93購01,0,0,0,0,0,0,0,0,0,-190000,0,0,0,0,190000,-190000,-190000
049570,華新科統一94購04,0,0,0,0,0,0,0,0,0,-190000,0,0,0,171000,361000,-190000,-190000
050883,嘉聯益國泰96購01,0,0,0,0,0,0,0,0,0,-190000,0,0,0,0,190000,-190000,-190000
050240,聯發科凱基94購13,0,0,0,0,0,0,0,0,0,-190000,0,0,0,0,190000,-190000,-190000
052598,滬深2X元大96購05,0,0,0,0,0,0,0,0,0,-190000,0,0,0,17000,207000,-190000,-190000
053313,世紀鋼凱基96購01,0,0,0,0,0,0,0,0,0,-190000,0,0,0,0,190000,-190000,-190000
054856,得力群益99購01  ,0,0,0,0,0,0,0,0,0,-190000,0,0,0,0,190000,-190000,-190000
055273,華泰元大97購01  ,0,0,0,0,0,0,0,0,0,-190000,0,0,0,5000,195000,-190000,-190000
055311,健策群益98購02  ,0,0,0,0,0,0,0,0,0,-190000,0,0,0,27000,217000,-190000,-190000
048383,元金2X國票99購01,0,0,0,0,0,0,0,0,0,-191000,0,0,0,1000,192000,-191000,-191000
05117P,瑞昱群益95售02  ,0,0,0,0,0,0,0,0,0,-191000,0,0,0,1000,192000,-191000,-191000
055307,瑞昱群益97購02  ,0,0,0,0,0,0,0,0,0,-191000,0,0,0,65000,256000,-191000,-191000
055355,大立光凱基97購05,0,0,0,0,0,0,0,0,0,-191000,0,0,0,2000,193000,-191000,-191000
06279P,臺股指凱基97售11,0,0,0,0,0,0,0,0,0,-191000,0,0,0,0,191000,-191000,-191000
057475,聯電元大9A購01  ,0,0,0,0,0,0,0,0,0,-192000,0,0,0,0,192000,-192000,-192000
052184,台光電群益95購03,0,0,0,0,0,0,0,0,0,-192000,0,0,0,84000,276000,-192000,-192000
055358,臻鼎凱基97購01  ,0,0,0,0,0,0,0,0,0,-192000,0,0,0,90000,282000,-192000,-192000
057138,亞德客兆豐98購01,0,0,0,0,0,0,0,0,0,-193000,0,0,0,0,193000,-193000,-193000
056424,泰碩統一98購01  ,0,0,0,0,0,0,0,0,0,-193000,0,0,0,0,193000,-193000,-193000
051980,樺漢凱基96購01  ,0,0,0,0,0,0,0,0,0,-193000,0,0,0,0,193000,-193000,-193000
054866,宏盛群益98購01  ,0,0,0,0,0,0,0,0,0,-193000,0,0,0,108000,301000,-193000,-193000
05287P,鴻海元富95售09  ,0,0,0,0,0,0,0,0,0,-193000,0,0,0,7000,200000,-193000,-193000
056860,正崴群益98購01  ,0,0,0,0,0,0,0,0,0,-194000,0,0,0,0,194000,-194000,-194000
04750P,臺股指元大94售26,0,0,0,0,0,0,0,0,0,-194000,0,0,0,8000,202000,-194000,-194000
053106,鴻海兆豐98購01  ,0,0,0,0,0,0,0,0,0,-194000,0,0,0,0,194000,-194000,-194000
054564,玉晶光群益99購01,0,0,0,0,0,0,0,0,0,-194000,0,0,0,605000,799000,-194000,-194000
1319,東陽            ,61240,254000,-192760,0,0,0,0,1000,-1000,-1000,0,1000,-1000,0,0,0,-194760
056870,全新日盛9A購01  ,0,0,0,0,0,0,0,0,0,-195000,0,0,0,10000,205000,-195000,-195000
048968,可成元大94購02  ,0,0,0,0,0,0,0,0,0,-195000,0,0,0,203000,398000,-195000,-195000
056165,矽力凱基98購02  ,0,0,0,0,0,0,0,0,0,-196000,0,0,0,0,196000,-196000,-196000
047319,晶技元大93購02  ,0,0,0,0,0,0,0,0,0,-196000,0,0,0,98000,294000,-196000,-196000
054818,奇力新元大97購05,0,0,0,0,0,0,0,0,0,-196000,0,0,0,320000,516000,-196000,-196000
055392,凱美統一97購03  ,0,0,0,0,0,0,0,0,0,-196000,0,0,0,3000,199000,-196000,-196000
06249P,億光統一97售02  ,0,0,0,0,0,0,0,0,0,-196000,0,0,0,69000,265000,-196000,-196000
056951,牧德統一99購01  ,0,0,0,0,0,0,0,0,0,-197000,0,0,0,0,197000,-197000,-197000
050955,達方群益97購01  ,0,0,0,0,0,0,0,0,0,-197000,0,0,0,0,197000,-197000,-197000
051941,樺漢群益95購02  ,0,0,0,0,0,0,0,0,0,-197000,0,0,0,0,197000,-197000,-197000
050578,聯發科國票95購03,0,0,0,0,0,0,0,0,0,-197000,0,0,0,130000,327000,-197000,-197000
057848,台表科永豐98購02,0,0,0,0,0,0,0,0,0,-198000,0,0,0,0,198000,-198000,-198000
045312,矽創元大93購02  ,0,0,0,0,0,0,0,0,0,-198000,0,0,0,0,198000,-198000,-198000
05111P,台積電統一95售04,0,0,0,0,0,0,0,0,0,-198000,0,0,0,53000,251000,-198000,-198000
055027,牧德國泰99購01  ,0,0,0,0,0,0,0,0,0,-198000,0,0,0,112000,310000,-198000,-198000
053298,SP黃豆凱基99購01,0,0,0,0,0,0,0,0,0,-198000,0,0,0,5000,203000,-198000,-198000
05890P,彩晶元大99售01  ,0,0,0,0,0,0,0,0,0,-198000,0,0,0,0,198000,-198000,-198000
056033,T50正2凱基99購02,0,0,0,0,0,0,0,0,0,-199000,0,0,0,50000,249000,-199000,-199000
047145,鴻海群益95購01  ,0,0,0,0,0,0,0,0,0,-199000,0,0,0,46000,245000,-199000,-199000
04699P,臺股指元富94售05,0,0,0,0,0,0,0,0,0,-199000,0,0,0,5000,204000,-199000,-199000
049348,瑞昱台新94購01  ,0,0,0,0,0,0,0,0,0,-199000,0,0,0,0,199000,-199000,-199000
049863,京元電兆豐94購01,0,0,0,0,0,0,0,0,0,-199000,0,0,0,0,199000,-199000,-199000
052898,樺漢群益96購01  ,0,0,0,0,0,0,0,0,0,-199000,0,0,0,0,199000,-199000,-199000
054830,世芯國泰99購01  ,0,0,0,0,0,0,0,0,0,-199000,0,0,0,68000,267000,-199000,-199000
055888,鴻海統一97購04  ,0,0,0,0,0,0,0,0,0,-200000,0,0,0,0,200000,-200000,-200000
055579,健策統一9A購01  ,0,0,0,0,0,0,0,0,0,-200000,0,0,0,62000,262000,-200000,-200000
055497,開發金元大97購01,0,0,0,0,0,0,0,0,0,-200000,0,0,0,0,200000,-200000,-200000
056206,泰鼎永豐97購01  ,0,0,0,0,0,0,0,0,0,-200000,0,0,0,110000,310000,-200000,-200000
056633,鴻海永昌98購02  ,0,0,0,0,0,0,0,0,0,-200000,0,0,0,313000,513000,-200000,-200000
057693,臺股指凱基98購11,0,0,0,0,0,0,0,0,0,-200000,0,0,0,0,200000,-200000,-200000
057614,華新科元富99購04,0,0,0,0,0,0,0,0,0,-200000,0,0,0,52000,252000,-200000,-200000
048432,全新國票95購01  ,0,0,0,0,0,0,0,0,0,-200000,0,0,0,0,200000,-200000,-200000
048496,南亞科元大93購05,0,0,0,0,0,0,0,0,0,-200000,0,0,0,0,200000,-200000,-200000
047057,瀚宇博國票93購01,0,0,0,0,0,0,0,0,0,-200000,0,0,0,0,200000,-200000,-200000
046797,T50反1元大96購01,0,0,0,0,0,0,0,0,0,-200000,0,0,0,0,200000,-200000,-200000
047559,彩晶凱基94購03  ,0,0,0,0,0,0,0,0,0,-200000,0,0,0,0,200000,-200000,-200000
050810,鴻海凱基95購09  ,0,0,0,0,0,0,0,0,0,-200000,0,0,0,0,200000,-200000,-200000
041824,元油2X國票96購01,0,0,0,0,0,0,0,0,0,-200000,0,0,0,0,200000,-200000,-200000
049852,康控群益94購03  ,0,0,0,0,0,0,0,0,0,-200000,0,0,0,0,200000,-200000,-200000
05008P,大立光元富95售05,0,0,0,0,0,0,0,0,0,-200000,0,0,0,0,200000,-200000,-200000
049991,臺股指凱基96購04,0,0,0,0,0,0,0,0,0,-200000,0,0,0,0,200000,-200000,-200000
051948,滬深2X元富9B購01,0,0,0,0,0,0,0,0,0,-200000,0,0,0,0,200000,-200000,-200000
052675,新光金國泰98購01,0,0,0,0,0,0,0,0,0,-200000,0,0,0,0,200000,-200000,-200000
049355,元油2X富邦96購04,0,0,0,0,0,0,0,0,0,-200000,0,0,0,50000,250000,-200000,-200000
050524,宏達電元大95購04,0,0,0,0,0,0,0,0,0,-200000,0,0,0,0,200000,-200000,-200000
051807,瑞昱凱基95購03  ,0,0,0,0,0,0,0,0,0,-200000,0,0,0,0,200000,-200000,-200000
050591,智易永豐94購04  ,0,0,0,0,0,0,0,0,0,-200000,0,0,0,0,200000,-200000,-200000
050892,聯電元大96購02  ,0,0,0,0,0,0,0,0,0,-200000,0,0,0,0,200000,-200000,-200000
051238,中環元大96購01  ,0,0,0,0,0,0,0,0,0,-200000,0,0,0,0,200000,-200000,-200000
054521,TPK元大96購03   ,0,0,0,0,0,0,0,0,0,-200000,0,0,0,0,200000,-200000,-200000
053225,昇陽半凱基96購01,0,0,0,0,0,0,0,0,0,-200000,0,0,0,0,200000,-200000,-200000
053576,智原元富96購01  ,0,0,0,0,0,0,0,0,0,-200000,0,0,0,0,200000,-200000,-200000
06210P,元油反元大97售01,0,0,0,0,0,0,0,0,0,-200000,0,0,0,0,200000,-200000,-200000
08484P,台灣50中信96售01,0,0,0,0,0,0,0,0,0,-200000,0,0,0,0,200000,-200000,-200000
08164P,滬深2X中信95售04,0,0,0,0,0,0,0,0,0,-200000,0,0,0,0,200000,-200000,-200000
057731,華擎國泰9A購02  ,0,0,0,0,0,0,0,0,0,-201000,0,0,0,180000,381000,-201000,-201000
056767,大毅元大99購01  ,0,0,0,0,0,0,0,0,0,-201000,0,0,0,973000,1174000,-201000,-201000
056473,奇力新元大99購02,0,0,0,0,0,0,0,0,0,-201000,0,0,0,14000,215000,-201000,-201000
055986,祥碩元富97購01  ,0,0,0,0,0,0,0,0,0,-201000,0,0,0,3000,204000,-201000,-201000
00635U,元大S&P黃金     ,43000,281000,-238000,0,0,0,0,0,0,37000,20000,50000,-30000,579000,512000,67000,-201000
03765P,大立光元富96售01,0,0,0,0,0,0,0,0,0,-201000,0,0,0,1000,202000,-201000,-201000
051667,光磊元大96購02  ,0,0,0,0,0,0,0,0,0,-201000,0,0,0,89000,290000,-201000,-201000
051482,玉晶光凱基96購01,0,0,0,0,0,0,0,0,0,-201000,0,0,0,219000,420000,-201000,-201000
06241P,大立光元富9A售01,0,0,0,0,0,0,0,0,0,-201000,0,0,0,25000,226000,-201000,-201000
8464,億豐            ,204700,247205,-42505,0,0,0,0,187000,-187000,28000,28000,0,28000,0,0,0,-201505
057110,立積群益98購01  ,0,0,0,0,0,0,0,0,0,-202000,0,0,0,33000,235000,-202000,-202000
047514,亞光國票94購01  ,0,0,0,0,0,0,0,0,0,-202000,0,0,0,9000,211000,-202000,-202000
048875,晶相光國票94購01,0,0,0,0,0,0,0,0,0,-202000,0,0,0,139000,341000,-202000,-202000
050433,華新科凱基94購11,0,0,0,0,0,0,0,0,0,-202000,0,0,0,58000,260000,-202000,-202000
054073,群創富邦96購03  ,0,0,0,0,0,0,0,0,0,-202000,0,0,0,118000,320000,-202000,-202000
054414,全新元大97購02  ,0,0,0,0,0,0,0,0,0,-202000,0,0,0,2000,204000,-202000,-202000
2607,榮運            ,129000,331000,-202000,0,0,0,0,0,0,0,0,0,0,0,0,0,-202000
1440,南紡            ,122000,324000,-202000,0,0,0,0,0,0,0,0,0,0,0,0,0,-202000
044104,鴻海中信95購03  ,0,0,0,0,0,0,0,0,0,-203000,0,0,0,203000,406000,-203000,-203000
052305,GIS永豐95購03   ,0,0,0,0,0,0,0,0,0,-203000,0,0,0,45000,248000,-203000,-203000
054332,世芯永豐97購01  ,0,0,0,0,0,0,0,0,0,-203000,0,0,0,0,203000,-203000,-203000
04592P,台積電元大94售10,0,0,0,0,0,0,0,0,0,-204000,0,0,0,2000,206000,-204000,-204000
048855,華新科群益94購02,0,0,0,0,0,0,0,0,0,-204000,0,0,0,119000,323000,-204000,-204000
052852,國巨元富96購02  ,0,0,0,0,0,0,0,0,0,-204000,0,0,0,1799000,2003000,-204000,-204000
05981P,可成永昌98售02  ,0,0,0,0,0,0,0,0,0,-204000,0,0,0,123000,327000,-204000,-204000
057821,晶相光元大98購03,0,0,0,0,0,0,0,0,0,-205000,0,0,0,35000,240000,-205000,-205000
048026,瑞昱凱基94購01  ,0,0,0,0,0,0,0,0,0,-205000,0,0,0,1000,206000,-205000,-205000
044879,上証2X群益93購01,0,0,0,0,0,0,0,0,0,-205000,0,0,0,0,205000,-205000,-205000
04940P,台積電國票95售02,0,0,0,0,0,0,0,0,0,-205000,0,0,0,0,205000,-205000,-205000
055142,健策永豐98購01  ,0,0,0,0,0,0,0,0,0,-205000,0,0,0,20000,225000,-205000,-205000
057139,華新科兆豐98購02,0,0,0,0,0,0,0,0,0,-206000,0,0,0,255000,461000,-206000,-206000
056193,聯發科富邦99購08,0,0,0,0,0,0,0,0,0,-206000,0,0,0,660000,866000,-206000,-206000
051772,玉山金中信95購01,0,0,0,0,0,0,0,0,0,-206000,0,0,0,0,206000,-206000,-206000
06742P,可成富邦99售02  ,0,0,0,0,0,0,0,0,0,-206000,0,0,0,0,206000,-206000,-206000
2601,益航            ,289000,509000,-220000,0,0,0,0,3000,-3000,17000,0,0,0,17000,0,17000,-206000
049538,元油2X群益98購01,0,0,0,0,0,0,0,0,0,-207000,0,0,0,100000,307000,-207000,-207000
052107,台積電統一95購06,0,0,0,0,0,0,0,0,0,-207000,0,0,0,48000,255000,-207000,-207000
2912,統一超          ,316000,521530,-205530,0,0,0,1000,2000,-1000,-1000,0,1000,-1000,0,0,0,-207530
051012,台積電凱基95購04,0,0,0,0,0,0,0,0,0,-208000,0,0,0,100000,308000,-208000,-208000
051598,瑞昱兆豐95購01  ,0,0,0,0,0,0,0,0,0,-208000,0,0,0,41000,249000,-208000,-208000
054494,訊芯台新96購01  ,0,0,0,0,0,0,0,0,0,-208000,0,0,0,10000,218000,-208000,-208000
05479P,華新科台新96售01,0,0,0,0,0,0,0,0,0,-208000,0,0,0,0,208000,-208000,-208000
057109,信邦群益98購01  ,0,0,0,0,0,0,0,0,0,-209000,0,0,0,95000,304000,-209000,-209000
057629,泰碩永豐98購02  ,0,0,0,0,0,0,0,0,0,-209000,0,0,0,85000,294000,-209000,-209000
057298,旭富永豐98購01  ,0,0,0,0,0,0,0,0,0,-209000,0,0,0,125000,334000,-209000,-209000
051066,台積電國票96購02,0,0,0,0,0,0,0,0,0,-209000,0,0,0,113000,322000,-209000,-209000
051462,世芯國泰97購01  ,0,0,0,0,0,0,0,0,0,-209000,0,0,0,70000,279000,-209000,-209000
055399,超眾統一99購01  ,0,0,0,0,0,0,0,0,0,-209000,0,0,0,215000,424000,-209000,-209000
9945,潤泰新          ,341440,585865,-244425,0,0,0,0,1000,-1000,36000,0,0,0,36000,0,36000,-209425
057031,滬深反元大9B購02,0,0,0,0,0,0,0,0,0,-210000,0,0,0,0,210000,-210000,-210000
056718,GIS永豐98購01   ,0,0,0,0,0,0,0,0,0,-210000,0,0,0,0,210000,-210000,-210000
056386,TPK國泰99購01   ,0,0,0,0,0,0,0,0,0,-210000,0,0,0,79000,289000,-210000,-210000
050785,全新國泰96購01  ,0,0,0,0,0,0,0,0,0,-210000,0,0,0,10000,220000,-210000,-210000
045287,元油2X元大95購01,0,0,0,0,0,0,0,0,0,-210000,0,0,0,0,210000,-210000,-210000
045449,嘉聯益國泰94購01,0,0,0,0,0,0,0,0,0,-210000,0,0,0,0,210000,-210000,-210000
051573,鴻海元大95購15  ,0,0,0,0,0,0,0,0,0,-210000,0,0,0,0,210000,-210000,-210000
051372,樺漢富邦96購01  ,0,0,0,0,0,0,0,0,0,-210000,0,0,0,1000,211000,-210000,-210000
051278,臻鼎中信97購02  ,0,0,0,0,0,0,0,0,0,-210000,0,0,0,0,210000,-210000,-210000
051288,可成統一95購03  ,0,0,0,0,0,0,0,0,0,-210000,0,0,0,0,210000,-210000,-210000
049770,康控元富95購01  ,0,0,0,0,0,0,0,0,0,-210000,0,0,0,5000,215000,-210000,-210000
054726,台積電日盛97購01,0,0,0,0,0,0,0,0,0,-210000,0,0,0,750000,960000,-210000,-210000
054067,百和國票97購03  ,0,0,0,0,0,0,0,0,0,-210000,0,0,0,27000,237000,-210000,-210000
053971,聯發科元大97購09,0,0,0,0,0,0,0,0,0,-210000,0,0,0,0,210000,-210000,-210000
2723,美食-KY         ,225000,436000,-211000,0,0,0,0,0,0,1000,0,0,0,1000,0,1000,-210000
2615,萬海            ,137000,346000,-209000,0,0,0,0,1000,-1000,0,0,0,0,0,0,0,-210000
055530,聯發科群益98購01,0,0,0,0,0,0,0,0,0,-211000,0,0,0,0,211000,-211000,-211000
056993,GIS兆豐99購01   ,0,0,0,0,0,0,0,0,0,-211000,0,0,0,1000,212000,-211000,-211000
049067,元油2X凱基94購02,0,0,0,0,0,0,0,0,0,-211000,0,0,0,0,211000,-211000,-211000
054145,嘉聯益元大98購01,0,0,0,0,0,0,0,0,0,-211000,0,0,0,0,211000,-211000,-211000
053562,玉晶光國泰98購02,0,0,0,0,0,0,0,0,0,-211000,0,0,0,564000,775000,-211000,-211000
055018,緯穎元富97購02  ,0,0,0,0,0,0,0,0,0,-211000,0,0,0,34000,245000,-211000,-211000
049890,嘉澤國泰95購01  ,0,0,0,0,0,0,0,0,0,-212000,0,0,0,0,212000,-212000,-212000
052514,嘉澤凱基96購01  ,0,0,0,0,0,0,0,0,0,-212000,0,0,0,39000,251000,-212000,-212000
050993,聯發科元大95購05,0,0,0,0,0,0,0,0,0,-212000,0,0,0,0,212000,-212000,-212000
053601,台表科元大98購01,0,0,0,0,0,0,0,0,0,-212000,0,0,0,107000,319000,-212000,-212000
055572,鴻海統一98購04  ,0,0,0,0,0,0,0,0,0,-213000,0,0,0,0,213000,-213000,-213000
052149,電子類群益95購01,0,0,0,0,0,0,0,0,0,-213000,0,0,0,21000,234000,-213000,-213000
053850,嘉澤元富96購03  ,0,0,0,0,0,0,0,0,0,-213000,0,0,0,40000,253000,-213000,-213000
057182,禾伸堂元大99購02,0,0,0,0,0,0,0,0,0,-214000,0,0,0,153000,367000,-214000,-214000
057257,台泥兆豐99購01  ,0,0,0,0,0,0,0,0,0,-214000,0,0,0,1000,215000,-214000,-214000
04908P,南電國票95售03  ,0,0,0,0,0,0,0,0,0,-214000,0,0,0,41000,255000,-214000,-214000
052619,茂林國泰99購01  ,0,0,0,0,0,0,0,0,0,-214000,0,0,0,25000,239000,-214000,-214000
053025,燿華富邦98購02  ,0,0,0,0,0,0,0,0,0,-214000,0,0,0,38000,252000,-214000,-214000
052114,華固中信95購01  ,0,0,0,0,0,0,0,0,0,-215000,0,0,0,20000,235000,-215000,-215000
057207,立積元富98購02  ,0,0,0,0,0,0,0,0,0,-216000,0,0,0,34000,250000,-216000,-216000
053009,大成鋼統一96購02,0,0,0,0,0,0,0,0,0,-216000,0,0,0,0,216000,-216000,-216000
053766,友達富邦97購01  ,0,0,0,0,0,0,0,0,0,-216000,0,0,0,0,216000,-216000,-216000
054983,國巨元富97購04  ,0,0,0,0,0,0,0,0,0,-216000,0,0,0,1483000,1699000,-216000,-216000
08637P,台灣50中信96售03,0,0,0,0,0,0,0,0,0,-216000,0,0,0,1228000,1444000,-216000,-216000
056462,訊芯凱基98購03  ,0,0,0,0,0,0,0,0,0,-217000,0,0,0,9000,226000,-217000,-217000
047529,嘉晶元大94購02  ,0,0,0,0,0,0,0,0,0,-217000,0,0,0,133000,350000,-217000,-217000
052371,元金2X元大95購01,0,0,0,0,0,0,0,0,0,-217000,0,0,0,19000,236000,-217000,-217000
052375,奇力新元大96購02,0,0,0,0,0,0,0,0,0,-217000,0,0,0,50000,267000,-217000,-217000
055379,牧德元大97購03  ,0,0,0,0,0,0,0,0,0,-217000,0,0,0,39000,256000,-217000,-217000
041990,A50正2國票97購01,0,0,0,0,0,0,0,0,0,-218000,0,0,0,10000,228000,-218000,-218000
052434,茂林國泰97購01  ,0,0,0,0,0,0,0,0,0,-218000,0,0,0,80000,298000,-218000,-218000
054987,凱美元富97購01  ,0,0,0,0,0,0,0,0,0,-218000,0,0,0,87000,305000,-218000,-218000
054641,祥碩中信98購01  ,0,0,0,0,0,0,0,0,0,-218000,0,0,0,0,218000,-218000,-218000
06490P,鴻海富邦99售02  ,0,0,0,0,0,0,0,0,0,-218000,0,0,0,33000,251000,-218000,-218000
3653,健策            ,328000,174000,154000,0,0,0,95000,512000,-417000,45000,44000,32000,12000,136000,103000,33000,-218000
057054,立積元大98購03  ,0,0,0,0,0,0,0,0,0,-219000,0,0,0,183000,402000,-219000,-219000
057630,茂林永豐98購01  ,0,0,0,0,0,0,0,0,0,-219000,0,0,0,15000,234000,-219000,-219000
054346,世芯國票97購01  ,0,0,0,0,0,0,0,0,0,-219000,0,0,0,138000,357000,-219000,-219000
6443,元晶            ,66000,285000,-219000,0,0,0,0,0,0,0,0,0,0,0,0,0,-219000
1210,大成            ,396000,360000,36000,0,0,0,0,256000,-256000,1000,1000,0,1000,0,0,0,-219000
05975P,國巨日盛99售02  ,0,0,0,0,0,0,0,0,0,-219000,0,0,0,22000,241000,-219000,-219000
057968,可成國泰9A購01  ,0,0,0,0,0,0,0,0,0,-219000,0,0,0,0,219000,-219000,-219000
057346,鴻海統一98購13  ,0,0,0,0,0,0,0,0,0,-220000,0,0,0,7000,227000,-220000,-220000
056707,鴻海富邦99購03  ,0,0,0,0,0,0,0,0,0,-220000,0,0,0,27000,247000,-220000,-220000
03751P,旺宏富邦95售01  ,0,0,0,0,0,0,0,0,0,-220000,0,0,0,0,220000,-220000,-220000
04462P,全新元富96售01  ,0,0,0,0,0,0,0,0,0,-220000,0,0,0,20000,240000,-220000,-220000
049108,玉晶光富邦96購02,0,0,0,0,0,0,0,0,0,-220000,0,0,0,17000,237000,-220000,-220000
052435,滬深2X富邦96購05,0,0,0,0,0,0,0,0,0,-220000,0,0,0,0,220000,-220000,-220000
055005,晶相光元富97購01,0,0,0,0,0,0,0,0,0,-220000,0,0,0,67000,287000,-220000,-220000
055144,T50反1元大97購03,0,0,0,0,0,0,0,0,0,-220000,0,0,0,2182000,2402000,-220000,-220000
053122,美律凱基98購01  ,0,0,0,0,0,0,0,0,0,-220000,0,0,0,0,220000,-220000,-220000
057890,滬深反統一98購01,0,0,0,0,0,0,0,0,0,-220000,0,0,0,0,220000,-220000,-220000
2606,裕民            ,302000,519000,-217000,0,0,0,0,1000,-1000,-2000,0,0,0,0,2000,-2000,-220000
057603,樺漢群益98購02  ,0,0,0,0,0,0,0,0,0,-221000,0,0,0,0,221000,-221000,-221000
057756,瑞昱日盛99購01  ,0,0,0,0,0,0,0,0,0,-221000,0,0,0,0,221000,-221000,-221000
056009,奇力新中信98購03,0,1000,-1000,0,0,0,0,0,0,-220000,0,0,0,175000,395000,-220000,-221000
053770,元金2X元大98購01,0,0,0,0,0,0,0,0,0,-222000,0,0,0,150000,372000,-222000,-222000
055170,光磊統一97購01  ,0,0,0,0,0,0,0,0,0,-222000,0,0,0,68000,290000,-222000,-222000
057429,華新科兆豐98購03,0,0,0,0,0,0,0,0,0,-223000,0,0,0,1062000,1285000,-223000,-223000
047379,元油2X元大96購03,0,0,0,0,0,0,0,0,0,-223000,0,0,0,0,223000,-223000,-223000
054072,台積電富邦98購02,0,0,0,0,0,0,0,0,0,-223000,0,0,0,697000,920000,-223000,-223000
055764,臺股指群益97購02,0,0,0,0,0,0,0,0,0,-224000,0,0,0,144000,368000,-224000,-224000
056591,S&P正2元富9A購01,0,0,0,0,0,0,0,0,0,-225000,0,0,0,0,225000,-225000,-225000
057494,玉晶光元大99購09,0,0,0,0,0,0,0,0,0,-225000,0,0,0,12000,237000,-225000,-225000
052648,茂林永豐96購01  ,0,0,0,0,0,0,0,0,0,-225000,0,0,0,0,225000,-225000,-225000
051367,可成富邦97購01  ,0,0,0,0,0,0,0,0,0,-225000,0,0,0,62000,287000,-225000,-225000
051634,大立光國票96購03,0,0,0,0,0,0,0,0,0,-225000,0,0,0,8000,233000,-225000,-225000
1722,台肥            ,553000,770000,-217000,0,0,0,0,0,0,-8000,0,0,0,1000,9000,-8000,-225000
055701,亞德客富邦99購01,0,0,0,0,0,0,0,0,0,-226000,0,0,0,0,226000,-226000,-226000
051340,健策永豐95購03  ,0,0,0,0,0,0,0,0,0,-226000,0,0,0,48000,274000,-226000,-226000
051913,緯創元大96購01  ,0,0,0,0,0,0,0,0,0,-226000,0,0,0,240000,466000,-226000,-226000
052885,高鐵兆豐98購01  ,0,0,0,0,0,0,0,0,0,-226000,0,0,0,0,226000,-226000,-226000
057392,福懋科永豐98購01,0,0,0,0,0,0,0,0,0,-227000,0,0,0,10000,237000,-227000,-227000
050743,京鼎永豐94購02  ,0,0,0,0,0,0,0,0,0,-227000,0,0,0,20000,247000,-227000,-227000
04492P,元油2X永豐94售03,0,0,0,0,0,0,0,0,0,-227000,0,0,0,13000,240000,-227000,-227000
052207,台郡中信95購02  ,0,0,0,0,0,0,0,0,0,-227000,0,0,0,113000,340000,-227000,-227000
049277,臺股指元大94購12,0,0,0,0,0,0,0,0,0,-227000,0,0,0,48000,275000,-227000,-227000
053911,臺股指凱基96購31,0,0,0,0,0,0,0,0,0,-227000,0,0,0,333000,560000,-227000,-227000
055345,國巨凱基98購01  ,50000,0,50000,0,0,0,0,0,0,-277000,0,0,0,145000,422000,-277000,-227000
056390,台積電富邦9B購01,0,0,0,0,0,0,0,0,0,-228000,0,0,0,9000,237000,-228000,-228000
00851,台新全球AI      ,0,0,0,0,0,0,0,0,0,-228000,0,0,0,13000,241000,-228000,-228000
054744,晶相光凱基99購01,0,0,0,0,0,0,0,0,0,-228000,0,0,0,117000,345000,-228000,-228000
2417,圓剛            ,222000,450000,-228000,0,0,0,0,0,0,0,0,0,0,0,0,0,-228000
053951,T50反1台新06購02,0,0,0,0,0,0,0,0,0,-229000,0,0,0,0,229000,-229000,-229000
056099,上銀永豐97購02  ,0,0,0,0,0,0,0,0,0,-230000,0,0,0,140000,370000,-230000,-230000
048918,上証2X永豐94購01,0,0,0,0,0,0,0,0,0,-230000,0,0,0,0,230000,-230000,-230000
052052,嘉澤凱基95購02  ,0,0,0,0,0,0,0,0,0,-230000,0,0,0,0,230000,-230000,-230000
050291,聯發科凱基94購16,0,0,0,0,0,0,0,0,0,-230000,0,0,0,119000,349000,-230000,-230000
057729,華新科國泰99購04,0,0,0,0,0,0,0,0,0,-231000,0,0,0,368000,599000,-231000,-231000
9921,巨大            ,645000,692395,-47395,0,0,0,0,186000,-186000,2000,2000,0,2000,0,0,0,-231395
056793,臺股指群益98購03,0,0,0,0,0,0,0,0,0,-232000,0,0,0,100000,332000,-232000,-232000
055149,國巨元大97購06  ,0,0,0,0,0,0,0,0,0,-232000,0,0,0,358000,590000,-232000,-232000
056509,晶相光永豐98購01,0,0,0,0,0,0,0,0,0,-233000,0,0,0,55000,288000,-233000,-233000
050869,健策永豐95購01  ,0,0,0,0,0,0,0,0,0,-233000,0,0,0,0,233000,-233000,-233000
07866P,上証2X國票97售01,0,0,0,0,0,0,0,0,0,-233000,0,0,0,0,233000,-233000,-233000
05901P,臺股指凱基9C售01,0,0,0,0,0,0,0,0,0,-233000,0,0,0,234000,467000,-233000,-233000
055849,聯詠元大97購05  ,0,0,0,0,0,0,0,0,0,-234000,0,0,0,5000,239000,-234000,-234000
052354,健策群益96購02  ,0,0,0,0,0,0,0,0,0,-234000,0,0,0,45000,279000,-234000,-234000
056610,鴻海永豐98購01  ,0,0,0,0,0,0,0,0,0,-235000,0,0,0,538000,773000,-235000,-235000
057546,台積電凱基02購01,0,0,0,0,0,0,0,0,0,-235000,0,0,0,20000,255000,-235000,-235000
049576,元油2X元大94購06,0,0,0,0,0,0,0,0,0,-235000,0,0,0,224000,459000,-235000,-235000
05491P,茂林元大95售04  ,5000,0,5000,0,0,0,0,0,0,-240000,0,0,0,86000,326000,-240000,-235000
054810,中橡元大9A購01  ,0,0,0,0,0,0,0,0,0,-235000,0,0,0,6000,241000,-235000,-235000
057864,奇力新凱基99購03,0,0,0,0,0,0,0,0,0,-236000,0,0,0,0,236000,-236000,-236000
052515,矽力凱基95購02  ,0,0,0,0,0,0,0,0,0,-237000,0,0,0,45000,282000,-237000,-237000
057606,健策統一98購03  ,0,0,0,0,0,0,0,0,0,-238000,0,0,0,0,238000,-238000,-238000
049026,晶相光群益94購01,0,0,0,0,0,0,0,0,0,-238000,0,0,0,35000,273000,-238000,-238000
055658,南電元富97購01  ,0,0,0,0,0,0,0,0,0,-239000,0,0,0,191000,430000,-239000,-239000
04422P,玉晶光永豐94售03,0,0,0,0,0,0,0,0,0,-239000,0,0,0,12000,251000,-239000,-239000
055025,華新科國泰98購02,0,0,0,0,0,0,0,0,0,-239000,0,0,0,70000,309000,-239000,-239000
053219,祥碩凱基96購01  ,0,0,0,0,0,0,0,0,0,-239000,0,0,0,79000,318000,-239000,-239000
056971,麗豐永豐98購01  ,0,0,0,0,0,0,0,0,0,-240000,0,0,0,0,240000,-240000,-240000
048453,嘉澤凱基93購05  ,0,0,0,0,0,0,0,0,0,-240000,0,0,0,0,240000,-240000,-240000
050432,聯發科凱基94購19,0,0,0,0,0,0,0,0,0,-240000,0,0,0,10000,250000,-240000,-240000
052917,大立光富邦99購02,0,0,0,0,0,0,0,0,0,-240000,0,0,0,86000,326000,-240000,-240000
057092,健策元富98購01  ,0,0,0,0,0,0,0,0,0,-241000,0,0,0,10000,251000,-241000,-241000
056584,鴻海統一9B購01  ,0,0,0,0,0,0,0,0,0,-241000,0,0,0,231000,472000,-241000,-241000
052528,茂林元大95購05  ,0,0,0,0,0,0,0,0,0,-241000,0,0,0,66000,307000,-241000,-241000
052153,GIS富邦96購02   ,0,0,0,0,0,0,0,0,0,-242000,0,0,0,0,242000,-242000,-242000
051843,聯發科富邦99購01,0,0,0,0,0,0,0,0,0,-242000,0,0,0,1385000,1627000,-242000,-242000
048670,華新科永豐93購03,0,0,0,0,0,0,0,0,0,-244000,0,0,0,84000,328000,-244000,-244000
056590,樺漢統一9A購01  ,0,0,0,0,0,0,0,0,0,-245000,0,0,0,0,245000,-245000,-245000
057201,華擎元富98購01  ,0,0,0,0,0,0,0,0,0,-245000,0,0,0,177000,422000,-245000,-245000
056696,茂林群益98購02  ,0,0,0,0,0,0,0,0,0,-246000,0,0,0,156000,402000,-246000,-246000
057527,億光元大98購01  ,0,0,0,0,0,0,0,0,0,-247000,0,0,0,1000,248000,-247000,-247000
050218,世紀鋼統一94購02,0,0,0,0,0,0,0,0,0,-247000,0,0,0,48000,295000,-247000,-247000
05884P,旺宏統一96售01  ,0,0,0,0,0,0,0,0,0,-247000,0,0,0,141000,388000,-247000,-247000
057190,立積元大9A購02  ,0,0,0,0,0,0,0,0,0,-248000,0,0,0,233000,481000,-248000,-248000
00653L,富邦印度正2     ,0,201000,-201000,0,0,0,0,0,0,-47000,0,0,0,55000,102000,-47000,-248000
052667,漢唐群益96購01  ,0,0,0,0,0,0,0,0,0,-248000,0,0,0,22000,270000,-248000,-248000
06152P,玉晶光元大98售06,0,0,0,0,0,0,0,0,0,-248000,0,0,0,50000,298000,-248000,-248000
052796,和碩兆豐96購01  ,0,0,0,0,0,0,0,0,0,-249000,0,0,0,34000,283000,-249000,-249000
052498,台積電永豐95購06,0,0,0,0,0,0,0,0,0,-249000,0,0,0,748000,997000,-249000,-249000
051354,聯發科元大95購09,0,0,0,0,0,0,0,0,0,-249000,0,0,0,140000,389000,-249000,-249000
051357,可成元大95購05  ,0,0,0,0,0,0,0,0,0,-249000,0,0,0,34000,283000,-249000,-249000
053228,康友台新97購01  ,0,0,0,0,0,0,0,0,0,-249000,0,0,0,0,249000,-249000,-249000
053230,達方台新97購01  ,0,0,0,0,0,0,0,0,0,-249000,0,0,0,0,249000,-249000,-249000
053452,臺股指凱基97購01,0,0,0,0,0,0,0,0,0,-249000,0,0,0,1001000,1250000,-249000,-249000
051097,嘉聯益元大96購02,0,0,0,0,0,0,0,0,0,-250000,0,0,0,20000,270000,-250000,-250000
055006,晶相光元富9A購01,0,0,0,0,0,0,0,0,0,-250000,0,0,0,0,250000,-250000,-250000
05511P,T50反1台新06售01,0,0,0,0,0,0,0,0,0,-250000,0,0,0,0,250000,-250000,-250000
054471,T50反1中信9C購01,0,0,0,0,0,0,0,0,0,-250000,0,0,0,0,250000,-250000,-250000
055938,矽力群益97購01  ,0,0,0,0,0,0,0,0,0,-251000,0,0,0,12000,263000,-251000,-251000
6230,超眾            ,128000,261000,-133000,0,0,0,0,122000,-122000,4000,10000,5000,5000,20000,21000,-1000,-251000
055538,鴻海日盛97購04  ,0,0,0,0,0,0,0,0,0,-252000,0,0,0,469000,721000,-252000,-252000
056923,奇力新兆豐99購02,0,0,0,0,0,0,0,0,0,-252000,0,0,0,77000,329000,-252000,-252000
057744,健策永豐98購02  ,0,0,0,0,0,0,0,0,0,-252000,0,0,0,10000,262000,-252000,-252000
052029,矽力群益95購02  ,0,0,0,0,0,0,0,0,0,-252000,0,0,0,0,252000,-252000,-252000
051916,和碩元大95購02  ,0,0,0,0,0,0,0,0,0,-252000,0,0,0,17000,269000,-252000,-252000
053540,健策永豐96購01  ,0,0,0,0,0,0,0,0,0,-252000,0,0,0,0,252000,-252000,-252000
06597P,國巨富邦9A售05  ,0,0,0,0,0,0,0,0,0,-252000,0,0,0,44000,296000,-252000,-252000
056995,華新科日盛99購01,0,0,0,0,0,0,0,0,0,-253000,0,0,0,67000,320000,-253000,-253000
051946,健策統一98購01  ,0,0,0,0,0,0,0,0,0,-253000,0,0,0,2000,255000,-253000,-253000
055472,大立光凱基97購07,0,0,0,0,0,0,0,0,0,-254000,0,0,0,0,254000,-254000,-254000
053255,貿聯國泰97購01  ,0,0,0,0,0,0,0,0,0,-254000,0,0,0,61000,315000,-254000,-254000
049783,元油2X兆豐95購01,0,0,0,0,0,0,0,0,0,-255000,0,0,0,0,255000,-255000,-255000
053691,聯發科元大96購16,0,0,0,0,0,0,0,0,0,-255000,0,0,0,15000,270000,-255000,-255000
050445,鴻海元大94購21  ,0,0,0,0,0,0,0,0,0,-256000,0,0,0,1001000,1257000,-256000,-256000
053600,同欣電元大96購04,0,0,0,0,0,0,0,0,0,-256000,0,0,0,4000,260000,-256000,-256000
053281,茂林元大96購02  ,0,0,0,0,0,0,0,0,0,-256000,0,0,0,253000,509000,-256000,-256000
05327P,臺股指凱基95售11,0,0,0,0,0,0,0,0,0,-256000,0,0,0,20000,276000,-256000,-256000
057986,華新科元富99購05,0,0,0,0,0,0,0,0,0,-256000,0,0,0,0,256000,-256000,-256000
042093,台灣50群益94購02,0,0,0,0,0,0,0,0,0,-257000,0,0,0,167000,424000,-257000,-257000
048286,滬深2X兆豐94購04,0,0,0,0,0,0,0,0,0,-257000,0,0,0,160000,417000,-257000,-257000
055917,禾伸堂凱基98購02,0,0,0,0,0,0,0,0,0,-258000,0,0,0,32000,290000,-258000,-258000
051527,台郡凱基95購03  ,0,0,0,0,0,0,0,0,0,-258000,0,0,0,10000,268000,-258000,-258000
053984,康友元大96購05  ,0,0,0,0,0,0,0,0,0,-258000,0,0,0,5000,263000,-258000,-258000
055250,華新科統一97購02,0,0,0,0,0,0,0,0,0,-258000,0,0,0,149000,407000,-258000,-258000
2015,豐興            ,86000,394000,-308000,0,0,0,51000,1000,50000,0,0,0,0,0,0,0,-258000
5434,崇越            ,64000,327000,-263000,0,0,0,1000,0,1000,4000,1000,0,1000,5000,2000,3000,-258000
056485,同欣電元大98購01,0,0,0,0,0,0,0,0,0,-259000,0,0,0,59000,318000,-259000,-259000
056479,玉晶光元大99購05,0,0,0,0,0,0,0,0,0,-259000,0,0,0,16000,275000,-259000,-259000
054197,台積電永昌96購07,0,0,0,0,0,0,0,0,0,-259000,0,0,0,2456000,2715000,-259000,-259000
08897P,國巨群益01售10  ,0,0,0,0,0,0,0,0,0,-259000,0,0,0,140000,399000,-259000,-259000
055922,台郡凱基98購03  ,0,0,0,0,0,0,0,0,0,-260000,0,0,0,70000,330000,-260000,-260000
04963P,鴻海元大94售25  ,0,0,0,0,0,0,0,0,0,-260000,0,0,0,12000,272000,-260000,-260000
051247,可成元大95購04  ,0,0,0,0,0,0,0,0,0,-260000,0,0,0,0,260000,-260000,-260000
052013,台積電永豐95購04,0,0,0,0,0,0,0,0,0,-260000,0,0,0,185000,445000,-260000,-260000
053511,鴻海群益96購04  ,0,0,0,0,0,0,0,0,0,-260000,0,0,0,100000,360000,-260000,-260000
2406,國碩            ,293000,552000,-259000,0,0,0,0,0,0,-1000,0,1000,-1000,0,0,0,-260000
048210,鴻海日盛93購01  ,0,0,0,0,0,0,0,0,0,-262000,0,0,0,0,262000,-262000,-262000
06123P,玉晶光元大97售04,0,0,0,0,0,0,0,0,0,-262000,0,0,0,183000,445000,-262000,-262000
056545,TPK凱基98購02   ,0,0,0,0,0,0,0,0,0,-263000,0,0,0,169000,432000,-263000,-263000
057258,中環兆豐98購01  ,0,0,0,0,0,0,0,0,0,-264000,0,0,0,0,264000,-264000,-264000
047969,台達電富邦97購01,0,0,0,0,0,0,0,0,0,-264000,0,0,0,36000,300000,-264000,-264000
055633,牧德永豐97購02  ,0,0,0,0,0,0,0,0,0,-265000,0,0,0,140000,405000,-265000,-265000
055293,晶相光元大97購01,0,0,0,0,0,0,0,0,0,-265000,0,0,0,60000,325000,-265000,-265000
055338,GIS兆豐97購01   ,0,0,0,0,0,0,0,0,0,-265000,0,0,0,70000,335000,-265000,-265000
06192P,高股息中信98售01,0,0,0,0,0,0,0,0,0,-265000,0,0,0,3000,268000,-265000,-265000
057818,泰碩元大9A購01  ,0,0,0,0,0,0,0,0,0,-266000,0,0,0,207000,473000,-266000,-266000
046864,和大統一97購01  ,0,0,0,0,0,0,0,0,0,-266000,0,0,0,192000,458000,-266000,-266000
052351,中環元富95購01  ,0,0,0,0,0,0,0,0,0,-266000,0,0,0,0,266000,-266000,-266000
051645,光寶科永豐95購01,0,0,0,0,0,0,0,0,0,-266000,0,0,0,0,266000,-266000,-266000
057397,茂林中信9A購01  ,0,0,0,0,0,0,0,0,0,-267000,0,0,0,84000,351000,-267000,-267000
055895,群創統一97購04  ,0,0,0,0,0,0,0,0,0,-267000,0,0,0,30000,297000,-267000,-267000
056161,康控凱基98購02  ,0,0,0,0,0,0,0,0,0,-268000,0,0,0,107000,375000,-268000,-268000
056247,台郡群益97購01  ,0,0,0,0,0,0,0,0,0,-268000,0,0,0,30000,298000,-268000,-268000
047616,鴻海凱基94購10  ,0,0,0,0,0,0,0,0,0,-268000,0,0,0,138000,406000,-268000,-268000
051671,和鑫元大96購02  ,0,0,0,0,0,0,0,0,0,-268000,0,0,0,0,268000,-268000,-268000
052785,滬深2X中信99購03,0,0,0,0,0,0,0,0,0,-268000,0,0,0,15000,283000,-268000,-268000
050185,和鑫元大95購02  ,0,0,0,0,0,0,0,0,0,-268000,0,0,0,0,268000,-268000,-268000
053969,瑞昱元大97購01  ,0,0,0,0,0,0,0,0,0,-268000,0,0,0,104000,372000,-268000,-268000
8215,明基材          ,367000,633000,-266000,0,0,0,0,2000,-2000,0,0,0,0,0,0,0,-268000
056404,嘉聯益群益9A購01,0,0,0,0,0,0,0,0,0,-269000,0,0,0,129000,398000,-269000,-269000
057198,智伸科統一9B購01,0,0,0,0,0,0,0,0,0,-269000,0,0,0,10000,279000,-269000,-269000
052285,康控凱基95購02  ,0,0,0,0,0,0,0,0,0,-269000,0,0,0,0,269000,-269000,-269000
056352,鴻海元大99購01  ,0,0,0,0,0,0,0,0,0,-270000,0,0,0,49000,319000,-270000,-270000
051072,強茂國票95購02  ,0,0,0,0,0,0,0,0,0,-270000,0,0,0,30000,300000,-270000,-270000
044809,道瓊反國票93購01,0,0,0,0,0,0,0,0,0,-270000,0,0,0,0,270000,-270000,-270000
052442,中環元大95購02  ,0,0,0,0,0,0,0,0,0,-270000,0,0,0,0,270000,-270000,-270000
057657,國巨兆豐98購04  ,0,0,0,0,0,0,0,0,0,-271000,0,0,0,0,271000,-271000,-271000
052635,奇力新凱基98購01,0,0,0,0,0,0,0,0,0,-271000,0,0,0,6000,277000,-271000,-271000
049985,華擎凱基94購01  ,0,0,0,0,0,0,0,0,0,-271000,0,0,0,145000,416000,-271000,-271000
056675,聯發科元富02購01,0,0,0,0,0,0,0,0,0,-272000,0,0,0,237000,509000,-272000,-272000
057417,國巨凱基9A購03  ,0,0,0,0,0,0,0,0,0,-273000,0,0,0,137000,410000,-273000,-273000
054874,帆宣群益99購02  ,0,0,0,0,0,0,0,0,0,-273000,0,0,0,0,273000,-273000,-273000
057461,國巨永豐98購07  ,0,0,0,0,0,0,0,0,0,-274000,0,0,0,85000,359000,-274000,-274000
054546,玉晶光中信9B購01,0,0,0,0,0,0,0,0,0,-274000,0,0,0,9000,283000,-274000,-274000
056671,台灣50元富9A購01,0,0,0,0,0,0,0,0,0,-275000,0,0,0,261000,536000,-275000,-275000
045829,滬深2X群益95購02,0,0,0,0,0,0,0,0,0,-275000,0,0,0,0,275000,-275000,-275000
047505,元金2X國票9B購01,0,0,0,0,0,0,0,0,0,-275000,0,0,0,81000,356000,-275000,-275000
052135,聯發科凱基9B購01,0,0,0,0,0,0,0,0,0,-275000,0,0,0,456000,731000,-275000,-275000
051355,聯發科元大96購01,0,0,0,0,0,0,0,0,0,-275000,0,0,0,105000,380000,-275000,-275000
053983,樺漢元大97購02  ,0,0,0,0,0,0,0,0,0,-275000,0,0,0,144000,419000,-275000,-275000
057183,玉晶光元大99購07,0,0,0,0,0,0,0,0,0,-276000,0,0,0,345000,621000,-276000,-276000
052319,可成元大95購12  ,0,0,0,0,0,0,0,0,0,-276000,0,0,0,258000,534000,-276000,-276000
054095,同欣電群益98購03,0,0,0,0,0,0,0,0,0,-276000,0,0,0,32000,308000,-276000,-276000
03763P,聯發科元富96售01,0,0,0,0,0,0,0,0,0,-277000,0,0,0,70000,347000,-277000,-277000
04496P,國巨國泰96售02  ,0,0,0,0,0,0,0,0,0,-277000,0,0,0,0,277000,-277000,-277000
050919,台積電凱基95購03,0,0,0,0,0,0,0,0,0,-277000,0,0,0,418000,695000,-277000,-277000
054381,世芯群益98購01  ,0,0,0,0,0,0,0,0,0,-278000,0,0,0,0,278000,-278000,-278000
06212P,華新科元大97售11,0,0,0,0,0,0,0,0,0,-278000,0,0,0,33000,311000,-278000,-278000
2520,冠德            ,832820,475000,357820,0,0,0,0,620000,-620000,-16000,19000,0,19000,0,35000,-35000,-278180
044639,京元電元富94購01,0,0,0,0,0,0,0,0,0,-279000,0,0,0,0,279000,-279000,-279000
050946,瑞昱群益95購01  ,0,0,0,0,0,0,0,0,0,-279000,0,0,0,19000,298000,-279000,-279000
04785P,鴻海永豐94售03  ,0,0,0,0,0,0,0,0,0,-280000,0,0,0,0,280000,-280000,-280000
049425,喬山兆豐95購01  ,0,0,0,0,0,0,0,0,0,-280000,0,0,0,0,280000,-280000,-280000
2006,東和鋼鐵        ,109000,476000,-367000,0,0,0,0,0,0,87000,87000,0,87000,0,0,0,-280000
056681,鴻海統一98購09  ,0,0,0,0,0,0,0,0,0,-281000,0,0,0,72000,353000,-281000,-281000
056326,TPK兆豐98購01   ,0,0,0,0,0,0,0,0,0,-281000,0,0,0,0,281000,-281000,-281000
054567,拓凱群益98購01  ,0,0,0,0,0,0,0,0,0,-281000,0,0,0,121000,402000,-281000,-281000
053522,臺股指群益99購01,0,0,0,0,0,0,0,0,0,-281000,0,0,0,956000,1237000,-281000,-281000
05085P,鴻海日盛95售01  ,0,0,0,0,0,0,0,0,0,-282000,0,0,0,57000,339000,-282000,-282000
05863P,滬深2X元大96售09,0,0,0,0,0,0,0,0,0,-282000,0,0,0,235000,517000,-282000,-282000
056305,群創元大9A購03  ,0,0,0,0,0,0,0,0,0,-283000,0,0,0,286000,569000,-283000,-283000
056566,臻鼎群益98購01  ,0,0,0,0,0,0,0,0,0,-284000,0,0,0,149000,433000,-284000,-284000
00662,富邦NASDAQ      ,7000,0,7000,0,0,0,0,0,0,-291000,30000,0,30000,85000,406000,-321000,-284000
048805,瀚宇博富邦95購01,0,0,0,0,0,0,0,0,0,-285000,0,0,0,0,285000,-285000,-285000
054233,聯發科群益96購04,0,0,0,0,0,0,0,0,0,-285000,0,0,0,40000,325000,-285000,-285000
056379,玉晶光元富98購01,0,0,0,0,0,0,0,0,0,-287000,0,0,0,21000,308000,-287000,-287000
056066,奇鋐元大98購02  ,0,0,0,0,0,0,0,0,0,-288000,0,0,0,0,288000,-288000,-288000
057646,玉山金元大98購01,0,0,0,0,0,0,0,0,0,-288000,0,0,0,200000,488000,-288000,-288000
03177P,國巨群益01售12  ,0,0,0,0,0,0,0,0,0,-288000,0,0,0,20000,308000,-288000,-288000
054614,玉晶光永豐97購03,0,0,0,0,0,0,0,0,0,-289000,0,0,0,154000,443000,-289000,-289000
9914,美利達          ,217000,398600,-181600,0,0,0,0,122000,-122000,14000,15000,1000,14000,0,0,0,-289600
05176P,台積電凱基95售11,0,0,0,0,0,0,0,0,0,-290000,0,0,0,20000,310000,-290000,-290000
052143,鴻海群益95購09  ,0,0,0,0,0,0,0,0,0,-290000,0,0,0,0,290000,-290000,-290000
05215P,台積電台新95售03,0,0,0,0,0,0,0,0,0,-290000,0,0,0,0,290000,-290000,-290000
053997,健策群益97購02  ,0,0,0,0,0,0,0,0,0,-290000,0,0,0,28000,318000,-290000,-290000
053638,信邦永豐96購01  ,0,0,0,0,0,0,0,0,0,-291000,0,0,0,53000,344000,-291000,-291000
052687,國泰金元大96購03,0,0,0,0,0,0,0,0,0,-292000,0,0,0,10000,302000,-292000,-292000
054791,泰碩群益99購02  ,0,0,0,0,0,0,0,0,0,-292000,0,0,0,144000,436000,-292000,-292000
6155,鈞寶            ,104000,396000,-292000,0,0,0,0,0,0,0,0,0,0,0,0,0,-292000
6257,矽格            ,299000,519688,-220688,0,0,0,0,126000,-126000,54000,92000,66000,26000,42000,14000,28000,-292688
055414,奇力新富邦9B購01,0,0,0,0,0,0,0,0,0,-293000,0,0,0,20000,313000,-293000,-293000
055805,矽力永豐97購01  ,0,0,0,0,0,0,0,0,0,-294000,0,0,0,0,294000,-294000,-294000
045447,鴻海國泰94購02  ,0,0,0,0,0,0,0,0,0,-294000,0,0,0,59000,353000,-294000,-294000
1604,聲寶            ,25000,317000,-292000,0,0,0,0,2000,-2000,0,0,0,0,0,0,0,-294000
056467,上証2X元大98購02,0,0,0,0,0,0,0,0,0,-295000,0,0,0,16000,311000,-295000,-295000
052152,創意富邦98購01  ,0,0,0,0,0,0,0,0,0,-295000,0,0,0,0,295000,-295000,-295000
056403,茂林群益98購01  ,0,0,0,0,0,0,0,0,0,-296000,0,0,0,167000,463000,-296000,-296000
049306,元油2X凱基96購01,0,0,0,0,0,0,0,0,0,-296000,0,0,0,10000,306000,-296000,-296000
03636C,元油2X元富04牛01,0,0,0,0,0,0,0,0,0,-297000,0,0,0,0,297000,-297000,-297000
045663,元油2X元富94購01,0,0,0,0,0,0,0,0,0,-298000,0,0,0,0,298000,-298000,-298000
05096P,台積電日盛95售01,0,0,0,0,0,0,0,0,0,-299000,0,0,0,0,299000,-299000,-299000
050772,美食元大94購06  ,0,0,0,0,0,0,0,0,0,-299000,0,0,0,0,299000,-299000,-299000
050465,神基中信94購01  ,0,0,0,0,0,0,0,0,0,-299000,0,0,0,0,299000,-299000,-299000
053799,矽創中信9A購01  ,0,0,0,0,0,0,0,0,0,-299000,0,0,0,0,299000,-299000,-299000
08890P,為升元大01售04  ,0,0,0,0,0,0,0,0,0,-299000,0,0,0,0,299000,-299000,-299000
2357,華碩            ,324237,633754,-309517,0,0,0,1000,1000,0,10000,9000,1000,8000,2000,0,2000,-299517
050941,T50反1群益95購01,0,0,0,0,0,0,0,0,0,-300000,0,0,0,0,300000,-300000,-300000
047694,SP黃豆國票9B購01,0,0,0,0,0,0,0,0,0,-300000,0,0,0,0,300000,-300000,-300000
04313P,國巨元富95售03  ,0,0,0,0,0,0,0,0,0,-300000,0,0,0,0,300000,-300000,-300000
051215,大立光統一95購03,0,0,0,0,0,0,0,0,0,-300000,0,0,0,200000,500000,-300000,-300000
050410,燿華永豐95購03  ,0,0,0,0,0,0,0,0,0,-300000,0,0,0,100000,400000,-300000,-300000
052441,亞泥元大95購01  ,0,0,0,0,0,0,0,0,0,-300000,0,0,0,110000,410000,-300000,-300000
052643,華通永豐96購02  ,0,0,0,0,0,0,0,0,0,-300000,0,0,0,0,300000,-300000,-300000
051900,臻鼎富邦95購01  ,0,0,0,0,0,0,0,0,0,-300000,0,0,0,0,300000,-300000,-300000
053192,創意統一96購01  ,0,0,0,0,0,0,0,0,0,-300000,0,0,0,0,300000,-300000,-300000
055009,合勤控元富97購01,0,0,0,0,0,0,0,0,0,-300000,0,0,0,0,300000,-300000,-300000
06676P,華新科國票98售03,0,0,0,0,0,0,0,0,0,-300000,0,0,0,0,300000,-300000,-300000
056245,嘉澤群益97購01  ,0,0,0,0,0,0,0,0,0,-301000,0,0,0,31000,332000,-301000,-301000
05171P,臺股指元大95售15,0,0,0,0,0,0,0,0,0,-301000,0,0,0,12000,313000,-301000,-301000
055394,健策統一97購01  ,0,0,0,0,0,0,0,0,0,-301000,0,0,0,0,301000,-301000,-301000
056505,聯發科永豐98購01,0,0,0,0,0,0,0,0,0,-303000,0,0,0,131000,434000,-303000,-303000
03050X,元展47          ,0,0,0,0,0,0,0,0,0,-303000,0,0,0,0,303000,-303000,-303000
048928,華新科永豐94購02,0,0,0,0,0,0,0,0,0,-304000,0,0,0,126000,430000,-304000,-304000
049191,元油2X永豐95購01,0,0,0,0,0,0,0,0,0,-305000,0,0,0,200000,505000,-305000,-305000
05190P,鴻海國票96售02  ,0,0,0,0,0,0,0,0,0,-305000,0,0,0,0,305000,-305000,-305000
1310,台苯            ,394000,699000,-305000,0,0,0,2000,2000,0,0,0,0,0,0,0,0,-305000
3443,創意            ,67000,360000,-293000,0,0,0,0,32000,-32000,20000,5000,0,5000,17000,2000,15000,-305000
056328,訊芯兆豐98購01  ,0,0,0,0,0,0,0,0,0,-306000,0,0,0,0,306000,-306000,-306000
055902,同欣電中信99購01,0,0,0,0,0,0,0,0,0,-306000,0,0,0,52000,358000,-306000,-306000
054681,味全永豐97購01  ,0,0,0,0,0,0,0,0,0,-306000,0,0,0,30000,336000,-306000,-306000
5269,祥碩            ,593000,580000,13000,0,0,0,26000,389000,-363000,44000,183000,155000,28000,30000,14000,16000,-306000
046147,道瓊指中信96購02,0,0,0,0,0,0,0,0,0,-308000,0,0,0,0,308000,-308000,-308000
049545,台積電群益94購09,0,0,0,0,0,0,0,0,0,-308000,0,0,0,336000,644000,-308000,-308000
3014,聯陽            ,440000,717000,-277000,0,0,0,0,1000,-1000,-30000,0,3000,-3000,4000,31000,-27000,-308000
053035,台表科兆豐97購01,0,0,0,0,0,0,0,0,0,-309000,0,0,0,26000,335000,-309000,-309000
08388P,台灣50中信03售09,0,0,0,0,0,0,0,0,0,-310000,0,0,0,0,310000,-310000,-310000
048261,鴻海元富95購01  ,0,0,0,0,0,0,0,0,0,-312000,0,0,0,140000,452000,-312000,-312000
053675,臺股指元富96購02,0,0,0,0,0,0,0,0,0,-313000,0,0,0,919000,1232000,-313000,-313000
05867P,友達兆豐97售02  ,0,0,0,0,0,0,0,0,0,-314000,0,0,0,100000,414000,-314000,-314000
056981,全新群益99購03  ,0,0,0,0,0,0,0,0,0,-315000,0,0,0,75000,390000,-315000,-315000
051732,華通國票97購01  ,0,0,0,0,0,0,0,0,0,-315000,0,0,0,165000,480000,-315000,-315000
052424,泰碩國票97購01  ,0,0,0,0,0,0,0,0,0,-316000,0,0,0,0,316000,-316000,-316000
053734,友達中信98購02  ,0,0,0,0,0,0,0,0,0,-316000,0,0,0,260000,576000,-316000,-316000
055180,文曄統一97購01  ,0,0,0,0,0,0,0,0,0,-318000,0,0,0,108000,426000,-318000,-318000
055158,亞光元大99購01  ,0,0,0,0,0,0,0,0,0,-319000,0,0,0,0,319000,-319000,-319000
055518,華新科中信99購01,0,0,0,0,0,0,0,0,0,-320000,0,0,0,1691000,2011000,-320000,-320000
05835P,臺股指元富96售07,0,0,0,0,0,0,0,0,0,-320000,0,0,0,0,320000,-320000,-320000
045213,A50正2元大95購01,0,0,0,0,0,0,0,0,0,-321000,0,0,0,20000,341000,-321000,-321000
052813,T50正2永豐96購01,0,0,0,0,0,0,0,0,0,-321000,0,0,0,5000,326000,-321000,-321000
051114,鈺齊中信95購01  ,0,0,0,0,0,0,0,0,0,-321000,0,0,0,78000,399000,-321000,-321000
055575,華新科統一98購01,0,0,0,0,0,0,0,0,0,-322000,0,0,0,128000,450000,-322000,-322000
052223,聯電凱基96購02  ,0,0,0,0,0,0,0,0,0,-322000,0,0,0,10000,332000,-322000,-322000
056906,玉晶光元大9B購01,0,0,0,0,0,0,0,0,0,-323000,0,0,0,65000,388000,-323000,-323000
056398,南茂永豐98購01  ,0,0,0,0,0,0,0,0,0,-325000,0,0,0,24000,349000,-325000,-325000
047345,鴻海凱基94購06  ,0,0,0,0,0,0,0,0,0,-325000,0,0,0,10000,335000,-325000,-325000
052702,群創國票97購03  ,0,0,0,0,0,0,0,0,0,-325000,0,0,0,0,325000,-325000,-325000
055971,矽力元大97購05  ,0,0,0,0,0,0,0,0,0,-326000,0,0,0,0,326000,-326000,-326000
057543,華通凱基99購02  ,0,0,0,0,0,0,0,0,0,-326000,0,0,0,34000,360000,-326000,-326000
050879,樺漢統一95購02  ,0,0,0,0,0,0,0,0,0,-326000,0,0,0,4000,330000,-326000,-326000
2106,建大            ,85000,410000,-325000,0,0,0,0,1000,-1000,0,0,0,0,0,0,0,-326000
057602,聯茂群益98購02  ,0,0,0,0,0,0,0,0,0,-327000,0,0,0,474000,801000,-327000,-327000
057891,華新科統一9A購01,0,0,0,0,0,0,0,0,0,-327000,0,0,0,66000,393000,-327000,-327000
049496,和鑫元大95購01  ,0,0,0,0,0,0,0,0,0,-328000,0,0,0,0,328000,-328000,-328000
056005,臺股指永豐97購04,0,0,0,0,0,0,0,0,0,-330000,0,0,0,96000,426000,-330000,-330000
03016P,滬深2X群益01售09,0,0,0,0,0,0,0,0,0,-330000,0,0,0,0,330000,-330000,-330000
053813,友達群益9A購03  ,0,0,0,0,0,0,0,0,0,-330000,0,0,0,20000,350000,-330000,-330000
053265,南亞科群益96購02,0,0,0,0,0,0,0,0,0,-330000,0,0,0,50000,380000,-330000,-330000
055063,玉晶光永豐99購01,0,0,0,0,0,0,0,0,0,-331000,0,0,0,305000,636000,-331000,-331000
055606,矽創元大97購01  ,0,0,0,0,0,0,0,0,0,-332000,0,0,0,5000,337000,-332000,-332000
9944,新麗            ,10000,342000,-332000,0,0,0,0,0,0,0,4000,4000,0,0,0,0,-332000
051063,台郡群益95購01  ,0,0,0,0,0,0,0,0,0,-333000,0,0,0,18000,351000,-333000,-333000
053366,樺漢國泰98購01  ,0,0,0,0,0,0,0,0,0,-333000,0,0,0,72000,405000,-333000,-333000
056131,鴻海元大97購12  ,0,0,0,0,0,0,0,0,0,-335000,0,0,0,101000,436000,-335000,-335000
056949,義隆統一98購01  ,0,0,0,0,0,0,0,0,0,-336000,0,0,0,0,336000,-336000,-336000
057083,立積統一98購01  ,0,0,0,0,0,0,0,0,0,-337000,0,0,0,34000,371000,-337000,-337000
4133,亞諾法          ,111000,418000,-307000,0,0,0,0,0,0,-30000,0,30000,-30000,0,0,0,-337000
057211,鴻海群益98購05  ,0,0,0,0,0,0,0,0,0,-338000,0,0,0,168000,506000,-338000,-338000
03627P,大立光兆豐93售03,0,0,0,0,0,0,0,0,0,-339000,0,0,0,0,339000,-339000,-339000
049635,臺股指群益94購08,0,0,0,0,0,0,0,0,0,-339000,0,0,0,151000,490000,-339000,-339000
053314,A50正2群益9A購01,0,0,0,0,0,0,0,0,0,-340000,0,0,0,73000,413000,-340000,-340000
053953,群創台新97購01  ,0,0,0,0,0,0,0,0,0,-340000,0,0,0,0,340000,-340000,-340000
05383P,鴻海富邦95售06  ,0,0,0,0,0,0,0,0,0,-340000,0,0,0,432000,772000,-340000,-340000
057135,立積凱基98購01  ,0,0,0,0,0,0,0,0,0,-341000,0,0,0,104000,445000,-341000,-341000
00730,富邦臺灣優質高息,2000,0,2000,0,0,0,0,0,0,-343000,0,0,0,128000,471000,-343000,-341000
6202,盛群            ,179000,524000,-345000,0,0,0,0,0,0,0,0,0,0,0,0,0,-345000
057627,和大永豐98購01  ,0,0,0,0,0,0,0,0,0,-346000,0,0,0,60000,406000,-346000,-346000
051476,聯發科凱基95購09,0,0,0,0,0,0,0,0,0,-346000,0,0,0,0,346000,-346000,-346000
057739,新日興富邦9B購01,0,0,0,0,0,0,0,0,0,-347000,0,0,0,0,347000,-347000,-347000
00757,統一FANG+       ,0,0,0,0,0,0,0,0,0,-348000,0,0,0,200000,548000,-348000,-348000
05174P,元金2X富邦9B售01,0,0,0,0,0,0,0,0,0,-348000,0,0,0,296000,644000,-348000,-348000
056106,晶相光永豐97購02,0,0,0,0,0,0,0,0,0,-349000,0,0,0,99000,448000,-349000,-349000
046154,道瓊指群益94購01,0,0,0,0,0,0,0,0,0,-351000,0,0,0,0,351000,-351000,-351000
048178,上銀富邦95購02  ,0,0,0,0,0,0,0,0,0,-351000,0,0,0,300000,651000,-351000,-351000
050956,鈺齊群益95購01  ,0,0,0,0,0,0,0,0,0,-352000,0,0,0,86000,438000,-352000,-352000
057441,奇力新統一98購03,0,0,0,0,0,0,0,0,0,-353000,0,0,0,163000,516000,-353000,-353000
050893,鴻海元大96購03  ,0,0,0,0,0,0,0,0,0,-354000,0,0,0,269000,623000,-354000,-354000
049542,鴻海群益94購05  ,0,0,0,0,0,0,0,0,0,-354000,0,0,0,50000,404000,-354000,-354000
04868P,可成統一94售03  ,0,0,0,0,0,0,0,0,0,-355000,0,0,0,19000,374000,-355000,-355000
052942,聯發科中信97購04,0,0,0,0,0,0,0,0,0,-355000,0,0,0,420000,775000,-355000,-355000
054756,世紀鋼凱基99購01,0,0,0,0,0,0,0,0,0,-356000,0,0,0,0,356000,-356000,-356000
9919,康那香          ,746000,904000,-158000,0,0,0,0,0,0,-198000,2000,200000,-198000,0,0,0,-356000
050100,台積電永昌96購02,0,0,0,0,0,0,0,0,0,-358000,0,0,0,687000,1045000,-358000,-358000
056079,世紀鋼元大97購02,0,0,0,0,0,0,0,0,0,-360000,0,0,0,2000,362000,-360000,-360000
052545,康控元富95購02  ,0,0,0,0,0,0,0,0,0,-360000,0,0,0,0,360000,-360000,-360000
052734,台表科國泰98購02,0,0,0,0,0,0,0,0,0,-360000,0,0,0,3000,363000,-360000,-360000
051642,鈺齊台新95購01  ,0,0,0,0,0,0,0,0,0,-360000,0,0,0,0,360000,-360000,-360000
056685,光罩統一98購03  ,0,0,0,0,0,0,0,0,0,-361000,0,0,0,58000,419000,-361000,-361000
04373P,滬深2X元大97售01,0,0,0,0,0,0,0,0,0,-361000,0,0,0,221000,582000,-361000,-361000
050400,臻鼎中信97購01  ,0,0,0,0,0,0,0,0,0,-361000,0,0,0,179000,540000,-361000,-361000
046557,亞泥凱基93購02  ,0,0,0,0,0,0,0,0,0,-362000,0,0,0,0,362000,-362000,-362000
053467,鴻海元大96購20  ,0,0,0,0,0,0,0,0,0,-362000,0,0,0,403000,765000,-362000,-362000
047504,滬深2X國票9A購01,0,0,0,0,0,0,0,0,0,-363000,0,0,0,202000,565000,-363000,-363000
4141,龍燈-KY         ,2000,365000,-363000,0,0,0,0,0,0,0,0,0,0,0,0,0,-363000
057212,台積電群益98購03,0,0,0,0,0,0,0,0,0,-364000,0,0,0,12000,376000,-364000,-364000
055007,晶相光元富9A購02,0,0,0,0,0,0,0,0,0,-364000,0,0,0,45000,409000,-364000,-364000
048627,T50反1元大96購02,0,0,0,0,0,0,0,0,0,-365000,0,0,0,160000,525000,-365000,-365000
049007,玉晶光中信96購01,0,0,0,0,0,0,0,0,0,-365000,0,0,0,302000,667000,-365000,-365000
00631L,元大台灣50正2   ,3000,0,3000,0,0,0,0,0,0,-368000,0,62000,-62000,828000,1134000,-306000,-365000
052398,瑞昱凱基95購06  ,0,0,0,0,0,0,0,0,0,-365000,0,0,0,20000,385000,-365000,-365000
057269,鈺齊兆豐98購01  ,0,0,0,0,0,0,0,0,0,-366000,0,0,0,99000,465000,-366000,-366000
045517,元油2X元富98購01,0,0,0,0,0,0,0,0,0,-366000,0,0,0,42000,408000,-366000,-366000
1762,中化生          ,210000,572000,-362000,0,0,0,0,0,0,-4000,6000,10000,-4000,0,0,0,-366000
056523,光寶科中信98購01,0,0,0,0,0,0,0,0,0,-368000,0,0,0,10000,378000,-368000,-368000
05575P,玉晶光元富96售01,0,0,0,0,0,0,0,0,0,-370000,0,0,0,0,370000,-370000,-370000
051718,上証2X永豐95購01,0,0,0,0,0,0,0,0,0,-370000,0,0,0,100000,470000,-370000,-370000
054141,TPK元大96購02   ,0,0,0,0,0,0,0,0,0,-370000,0,0,0,0,370000,-370000,-370000
056086,奇力新統一98購01,0,0,0,0,0,0,0,0,0,-374000,0,0,0,105000,479000,-374000,-374000
057112,立積群益99購01  ,0,0,0,0,0,0,0,0,0,-374000,0,0,0,85000,459000,-374000,-374000
057841,茂林富邦9A購02  ,0,0,0,0,0,0,0,0,0,-374000,0,0,0,200000,574000,-374000,-374000
053921,嘉晶國票97購03  ,0,0,0,0,0,0,0,0,0,-374000,0,0,0,26000,400000,-374000,-374000
05332P,臺股指國票95售01,0,0,0,0,0,0,0,0,0,-374000,0,0,0,43000,417000,-374000,-374000
057560,華新科兆豐99購01,0,0,0,0,0,0,0,0,0,-377000,0,0,0,10000,387000,-377000,-377000
053221,彩晶凱基98購01  ,0,0,0,0,0,0,0,0,0,-379000,0,0,0,158000,537000,-379000,-379000
054771,茂林國票98購02  ,0,0,0,0,0,0,0,0,0,-379000,0,0,0,30000,409000,-379000,-379000
050979,鴻海元富96購02  ,0,0,0,0,0,0,0,0,0,-380000,0,0,0,90000,470000,-380000,-380000
053512,台積電群益96購06,0,0,0,0,0,0,0,0,0,-381000,0,0,0,51000,432000,-381000,-381000
057904,矽力永豐98購01  ,0,0,0,0,0,0,0,0,0,-381000,0,0,0,0,381000,-381000,-381000
056315,同欣電元大97購05,0,0,0,0,0,0,0,0,0,-382000,0,0,0,103000,485000,-382000,-382000
00647L,元大S&P500正2   ,0,114000,-114000,0,0,0,0,0,0,-269000,0,0,0,0,269000,-269000,-383000
055258,玉晶光統一97購03,0,0,0,0,0,0,0,0,0,-383000,0,0,0,81000,464000,-383000,-383000
03412P,滬深2X群益98售01,0,0,0,0,0,0,0,0,0,-385000,0,0,0,153000,538000,-385000,-385000
055378,晶相光元大97購02,0,0,0,0,0,0,0,0,0,-386000,0,0,0,110000,496000,-386000,-386000
055210,S&P正2凱基97購01,0,0,0,0,0,0,0,0,0,-388000,0,0,0,0,388000,-388000,-388000
3702A,大聯大甲特      ,0,488000,-488000,0,0,0,0,0,0,100000,100000,0,100000,0,0,0,-388000
057414,華新科日盛9A購01,0,0,0,0,0,0,0,0,0,-390000,0,0,0,48000,438000,-390000,-390000
054950,奇力新元大98購02,0,0,0,0,0,0,0,0,0,-390000,0,0,0,2000,392000,-390000,-390000
052937,國巨兆豐97購01  ,0,0,0,0,0,0,0,0,0,-390000,0,0,0,273000,663000,-390000,-390000
06790P,台積電凱基9A售04,0,0,0,0,0,0,0,0,0,-391000,0,0,0,0,391000,-391000,-391000
055155,奇力新元大99購01,0,0,0,0,0,0,0,0,0,-392000,0,0,0,0,392000,-392000,-392000
057074,立積永豐98購01  ,0,0,0,0,0,0,0,0,0,-394000,0,0,0,153000,547000,-394000,-394000
2387,精元            ,362000,122000,240000,0,0,0,0,649000,-649000,14000,1000,1000,0,22000,8000,14000,-395000
6505,台塑化          ,310562,911413,-600851,0,0,0,7000,7000,0,203000,0,0,0,203000,0,203000,-397851
042942,永冠國票94購01  ,0,0,0,0,0,0,0,0,0,-398000,0,0,0,0,398000,-398000,-398000
051493,台郡凱基95購02  ,0,0,0,0,0,0,0,0,0,-399000,0,0,0,206000,605000,-399000,-399000
3406,玉晶光          ,883000,1684317,-801317,0,0,0,246000,0,246000,156000,189000,146000,43000,138000,25000,113000,-399317
05668P,滬深2X永豐96售04,0,0,0,0,0,0,0,0,0,-400000,0,0,0,123000,523000,-400000,-400000
04337P,台積電元大93售25,0,0,0,0,0,0,0,0,0,-400000,0,0,0,0,400000,-400000,-400000
047723,廣宇群益94購01  ,0,0,0,0,0,0,0,0,0,-400000,0,0,0,0,400000,-400000,-400000
05403P,台積電富邦95售08,0,0,0,0,0,0,0,0,0,-400000,0,0,0,0,400000,-400000,-400000
8213,志超            ,130000,529000,-399000,0,0,0,0,2000,-2000,0,0,0,0,0,0,0,-401000
057511,健策統一98購02  ,0,0,0,0,0,0,0,0,0,-403000,0,0,0,0,403000,-403000,-403000
055738,玉山金元富97購01,0,0,0,0,0,0,0,0,0,-403000,0,0,0,44000,447000,-403000,-403000
054953,華新科元大97購05,0,0,0,0,0,0,0,0,0,-403000,0,0,0,120000,523000,-403000,-403000
2023,燁輝            ,113000,516000,-403000,0,0,0,0,0,0,0,0,0,0,0,0,0,-403000
054459,鈺齊群益96購01  ,0,0,0,0,0,0,0,0,0,-404000,0,0,0,19000,423000,-404000,-404000
052854,聯詠日盛96購01  ,0,0,0,0,0,0,0,0,0,-405000,0,0,0,0,405000,-405000,-405000
055238,茂林台新97購01  ,0,0,0,0,0,0,0,0,0,-407000,0,0,0,0,407000,-407000,-407000
06674P,祥碩群益98售02  ,0,0,0,0,0,0,0,0,0,-407000,0,0,0,155000,562000,-407000,-407000
051446,中壽元大96購01  ,0,0,0,0,0,0,0,0,0,-410000,0,0,0,0,410000,-410000,-410000
053096,康控統一96購01  ,0,0,0,0,0,0,0,0,0,-410000,0,0,0,0,410000,-410000,-410000
055593,華新科元大97購10,0,0,0,0,0,0,0,0,0,-411000,0,0,0,245000,656000,-411000,-411000
056605,台積電富邦9B購02,0,0,0,0,0,0,0,0,0,-411000,0,0,0,13000,424000,-411000,-411000
056359,旺宏元大9A購01  ,0,0,0,0,0,0,0,0,0,-414000,0,0,0,5000,419000,-414000,-414000
056110,嘉聯益永豐97購02,0,0,0,0,0,0,0,0,0,-414000,0,0,0,9000,423000,-414000,-414000
053054,禾伸堂國票97購01,0,0,0,0,0,0,0,0,0,-414000,0,0,0,62000,476000,-414000,-414000
056016,鴻海群益97購06  ,0,0,0,0,0,0,0,0,0,-415000,0,0,0,207000,622000,-415000,-415000
052344,台表科凱基98購01,0,0,0,0,0,0,0,0,0,-416000,0,0,0,0,416000,-416000,-416000
044693,滬深2X元大94購01,0,0,0,0,0,0,0,0,0,-419000,0,0,0,110000,529000,-419000,-419000
2887,台新金          ,4316000,4795405,-479405,0,0,0,68000,7000,61000,-1000,0,1000,-1000,0,0,0,-419405
055737,開發金元富97購01,0,0,0,0,0,0,0,0,0,-420000,0,0,0,0,420000,-420000,-420000
050944,智邦群益95購01  ,0,0,0,0,0,0,0,0,0,-420000,0,0,0,0,420000,-420000,-420000
2439,美律            ,157000,599000,-442000,0,0,0,1000,39000,-38000,60000,110000,49000,61000,8000,9000,-1000,-420000
03638C,T50反1元大94牛03,0,0,0,0,0,0,0,0,0,-421000,0,0,0,42000,463000,-421000,-421000
052101,滬深2X兆豐96購01,0,0,0,0,0,0,0,0,0,-422000,0,0,0,0,422000,-422000,-422000
06358P,力成中信97售02  ,0,0,0,0,0,0,0,0,0,-422000,0,0,0,6000,428000,-422000,-422000
056632,鴻海永昌98購01  ,0,0,0,0,0,0,0,0,0,-425000,0,0,0,347000,772000,-425000,-425000
057299,立積永豐98購02  ,0,0,0,0,0,0,0,0,0,-426000,0,0,0,324000,750000,-426000,-426000
053318,全新群益99購01  ,0,0,0,0,0,0,0,0,0,-426000,0,0,0,10000,436000,-426000,-426000
054629,華新科凱基98購01,0,0,0,0,0,0,0,0,0,-427000,0,0,0,407000,834000,-427000,-427000
8016,矽創            ,276000,720000,-444000,0,0,0,1000,0,1000,16000,10000,1000,9000,8000,1000,7000,-427000
050698,明泰凱基96購01  ,0,0,0,0,0,0,0,0,0,-429000,0,0,0,0,429000,-429000,-429000
057847,聯茂永豐98購01  ,0,0,0,0,0,0,0,0,0,-432000,0,0,0,3000,435000,-432000,-432000
057571,泰碩永豐98購01  ,0,0,0,0,0,0,0,0,0,-438000,0,0,0,131000,569000,-438000,-438000
056782,鴻海群益98購04  ,0,0,0,0,0,0,0,0,0,-438000,0,0,0,1147000,1585000,-438000,-438000
056593,台積電元富98購02,0,0,0,0,0,0,0,0,0,-441000,0,0,0,1535000,1976000,-441000,-441000
047222,鴻海凱基94購04  ,0,0,0,0,0,0,0,0,0,-442000,0,0,0,10000,452000,-442000,-442000
057220,鈺齊群益98購01  ,0,0,0,0,0,0,0,0,0,-448000,0,0,0,58000,506000,-448000,-448000
07480P,FBVIX凱基94售01 ,0,0,0,0,0,0,0,0,0,-448000,0,0,0,0,448000,-448000,-448000
049236,元油2X元富96購06,0,0,0,0,0,0,0,0,0,-449000,0,0,0,16000,465000,-449000,-449000
055703,緯穎富邦98購01  ,0,0,0,0,0,0,0,0,0,-451000,0,0,0,204000,655000,-451000,-451000
3035,智原            ,674000,1161000,-487000,0,0,0,1000,0,1000,35000,24000,0,24000,17000,6000,11000,-451000
052281,全新凱基97購01  ,0,0,0,0,0,0,0,0,0,-453000,0,0,0,0,453000,-453000,-453000
050708,臺股指凱基96購06,0,0,0,0,0,0,0,0,0,-460000,0,0,0,27000,487000,-460000,-460000
054398,牧德永豐96購03  ,0,0,0,0,0,0,0,0,0,-461000,0,0,0,124000,585000,-461000,-461000
4934,太極            ,182000,643000,-461000,0,0,0,0,0,0,0,0,0,0,0,0,0,-461000
057845,晶相光永豐98購03,0,0,0,0,0,0,0,0,0,-462000,0,0,0,135000,597000,-462000,-462000
052798,滬深2X元大96購07,0,0,0,0,0,0,0,0,0,-462000,0,0,0,368000,830000,-462000,-462000
056423,奇鋐統一98購01  ,0,0,0,0,0,0,0,0,0,-465000,0,0,0,105000,570000,-465000,-465000
056811,健策統一9B購01  ,0,0,0,0,0,0,0,0,0,-466000,0,0,0,0,466000,-466000,-466000
056271,嘉澤統一97購01  ,0,0,0,0,0,0,0,0,0,-468000,0,0,0,0,468000,-468000,-468000
045618,元油2X永豐98購01,0,0,0,0,0,0,0,0,0,-468000,0,0,0,0,468000,-468000,-468000
3017,奇鋐            ,1381000,1021000,360000,0,0,0,0,890000,-890000,62000,0,5000,-5000,121000,54000,67000,-468000
057820,華擎元大98購02  ,0,0,0,0,0,0,0,0,0,-472000,0,0,0,344000,816000,-472000,-472000
057458,TPK富邦9A購01   ,0,0,0,0,0,0,0,0,0,-474000,0,0,0,0,474000,-474000,-474000
057170,瑞昱元大98購01  ,0,0,0,0,0,0,0,0,0,-478000,0,0,0,1000,479000,-478000,-478000
054961,玉晶光元大99購01,0,0,0,0,0,0,0,0,0,-479000,0,0,0,182000,661000,-479000,-479000
2354,鴻準            ,335000,814502,-479502,0,0,0,0,0,0,0,0,0,0,0,0,0,-479502
053432,世紀鋼永豐96購02,0,0,0,0,0,0,0,0,0,-480000,0,0,0,60000,540000,-480000,-480000
057266,TPK兆豐98購02   ,0,0,0,0,0,0,0,0,0,-482000,0,0,0,0,482000,-482000,-482000
049491,聯發科元大95購01,0,0,0,0,0,0,0,0,0,-482000,0,0,0,135000,617000,-482000,-482000
05430P,台積電統一95售07,0,0,0,0,0,0,0,0,0,-484000,0,0,0,0,484000,-484000,-484000
053561,玉晶光國泰98購01,0,0,0,0,0,0,0,0,0,-485000,0,0,0,411000,896000,-485000,-485000
055129,鈺齊兆豐97購01  ,0,0,0,0,0,0,0,0,0,-486000,0,0,0,161000,647000,-486000,-486000
2603,長榮            ,1730000,2949291,-1219291,0,0,0,690000,5000,685000,48000,48000,0,48000,0,0,0,-486291
4915,致伸            ,887000,1366000,-479000,0,0,0,1000,1000,0,-10000,0,0,0,1000,11000,-10000,-489000
08795P,聯發科凱基01售11,0,0,0,0,0,0,0,0,0,-489000,0,0,0,95000,584000,-489000,-489000
046486,樺漢國泰94購01  ,0,0,0,0,0,0,0,0,0,-490000,0,0,0,80000,570000,-490000,-490000
05103P,臺股指凱基96售10,0,0,0,0,0,0,0,0,0,-491000,0,0,0,117000,608000,-491000,-491000
3413,京鼎            ,253000,277000,-24000,0,0,0,0,453000,-453000,-15000,46000,61000,-15000,24000,24000,0,-492000
051090,光磊元大96購01  ,0,0,0,0,0,0,0,0,0,-499000,0,0,0,0,499000,-499000,-499000
050271,上緯控元大96購01,0,0,0,0,0,0,0,0,0,-499000,0,0,0,0,499000,-499000,-499000
053001,力山永豐96購01  ,0,0,0,0,0,0,0,0,0,-499000,0,0,0,0,499000,-499000,-499000
06351P,臺股指台新99售03,0,0,0,0,0,0,0,0,0,-499000,0,0,0,0,499000,-499000,-499000
048331,臺指反富邦97購01,0,0,0,0,0,0,0,0,0,-500000,0,0,0,0,500000,-500000,-500000
056938,泰碩元富98購01  ,0,0,0,0,0,0,0,0,0,-504000,0,0,0,30000,534000,-504000,-504000
057111,立積群益98購02  ,0,0,0,0,0,0,0,0,0,-505000,0,0,0,43000,548000,-505000,-505000
045858,元油2X統一94購02,0,0,0,0,0,0,0,0,0,-505000,0,0,0,145000,650000,-505000,-505000
044201,群創國票95購01  ,0,0,0,0,0,0,0,0,0,-508000,0,0,0,363000,871000,-508000,-508000
6005,群益證          ,404000,909000,-505000,0,0,0,0,5000,-5000,0,0,0,0,0,0,0,-510000
057261,瑞昱兆豐98購01  ,0,0,0,0,0,0,0,0,0,-514000,0,0,0,52000,566000,-514000,-514000
046793,聯發科元富99購01,0,0,0,0,0,0,0,0,0,-514000,0,0,0,30000,544000,-514000,-514000
049670,鈺齊國泰96購01  ,0,0,0,0,0,0,0,0,0,-517000,0,0,0,246000,763000,-517000,-517000
056706,元油2X富邦9B購01,0,0,0,0,0,0,0,0,0,-520000,0,0,0,0,520000,-520000,-520000
054860,台積電群益98購01,0,0,0,0,0,0,0,0,0,-524000,0,0,0,481000,1005000,-524000,-524000
050378,上証2X群益98購02,0,0,0,0,0,0,0,0,0,-525000,0,0,0,0,525000,-525000,-525000
055601,茂林元大97購03  ,0,0,0,0,0,0,0,0,0,-527000,0,0,0,25000,552000,-527000,-527000
04930P,國巨統一94售08  ,0,0,0,0,0,0,0,0,0,-528000,0,0,0,20000,548000,-528000,-528000
1736,喬山            ,46000,368000,-322000,0,0,0,0,200000,-200000,-6000,0,4000,-4000,7000,9000,-2000,-528000
053666,臺股指凱基96購29,0,0,0,0,0,0,0,0,0,-530000,0,0,0,116000,646000,-530000,-530000
04914P,國巨國泰95售06  ,0,0,0,0,0,0,0,0,0,-533000,0,0,0,1096000,1629000,-533000,-533000
054632,緯穎凱基9A購01  ,0,0,0,0,0,0,0,0,0,-533000,0,0,0,190000,723000,-533000,-533000
2542,興富發          ,491284,1141087,-649803,0,0,0,0,0,0,116000,116000,0,116000,0,0,0,-533803
00650L,FH香港正2       ,0,15000,-15000,0,0,0,0,0,0,-519000,0,0,0,162000,681000,-519000,-534000
2633,台灣高鐵        ,1626000,2163126,-537126,0,0,0,3000,1000,2000,-2000,4000,2000,2000,27000,31000,-4000,-537126
056077,矽力元大97購07  ,0,0,0,0,0,0,0,0,0,-541000,0,0,0,110000,651000,-541000,-541000
1605,華新            ,600000,1167000,-567000,0,0,0,0,0,0,24000,0,0,0,43000,19000,24000,-543000
048878,康控國票95購02  ,0,0,0,0,0,0,0,0,0,-548000,0,0,0,0,548000,-548000,-548000
04834P,鴻海元大94售17  ,0,0,0,0,0,0,0,0,0,-550000,0,0,0,0,550000,-550000,-550000
052386,鴻海群益96購02  ,0,0,0,0,0,0,0,0,0,-551000,0,0,0,247000,798000,-551000,-551000
055131,茂林康和97購01  ,0,0,0,0,0,0,0,0,0,-551000,0,0,0,11000,562000,-551000,-551000
055967,臻鼎元大97購01  ,0,0,0,0,0,0,0,0,0,-554000,0,0,0,90000,644000,-554000,-554000
055524,鴻海群益98購01  ,0,0,0,0,0,0,0,0,0,-559000,0,0,0,338000,897000,-559000,-559000
050359,T50反1元大94購05,0,0,0,0,0,0,0,0,0,-559000,0,0,0,0,559000,-559000,-559000
2891,中信金          ,9937000,10666836,-729836,0,0,0,165000,25000,140000,30000,110000,88000,22000,8000,0,8000,-559836
06349P,臺股指台新99售01,0,0,0,0,0,0,0,0,0,-560000,0,0,0,1000,561000,-560000,-560000
051991,泰碩元大95購02  ,0,0,0,0,0,0,0,0,0,-561000,0,0,0,0,561000,-561000,-561000
048937,玉晶光永豐95購01,0,0,0,0,0,0,0,0,0,-564000,0,0,0,575000,1139000,-564000,-564000
054120,奇力新永豐96購01,0,0,0,0,0,0,0,0,0,-565000,0,0,0,20000,585000,-565000,-565000
052456,滬深2X元富9B購03,0,0,0,0,0,0,0,0,0,-566000,0,0,0,100000,666000,-566000,-566000
054954,華新科元大97購06,0,0,0,0,0,0,0,0,0,-571000,0,0,0,27000,598000,-571000,-571000
053656,可成凱基96購06  ,0,0,0,0,0,0,0,0,0,-572000,0,0,0,71000,643000,-572000,-572000
054680,華新科康和97購02,0,0,0,0,0,0,0,0,0,-575000,0,0,0,161000,736000,-575000,-575000
051930,國泰金兆豐97購01,0,0,0,0,0,0,0,0,0,-576000,0,0,0,0,576000,-576000,-576000
055140,晶相光永豐97購01,0,0,0,0,0,0,0,0,0,-578000,0,0,0,5000,583000,-578000,-578000
2385,群光            ,574000,1308517,-734517,0,0,0,157000,0,157000,-1000,0,7000,-7000,10000,4000,6000,-578517
051470,玉晶光日盛95購01,0,0,0,0,0,0,0,0,0,-579000,0,0,0,90000,669000,-579000,-579000
1477,聚陽            ,201000,898000,-697000,0,0,0,0,0,0,113000,109000,0,109000,10000,6000,4000,-584000
056270,群創統一98購04  ,0,0,0,0,0,0,0,0,0,-585000,0,0,0,216000,801000,-585000,-585000
048249,嘉澤兆豐94購01  ,0,0,0,0,0,0,0,0,0,-585000,0,0,0,80000,665000,-585000,-585000
08488P,臺股指群益9C售19,0,0,0,0,0,0,0,0,0,-597000,0,0,0,0,597000,-597000,-597000
051102,訊芯元大96購01  ,0,0,0,0,0,0,0,0,0,-598000,0,0,0,2000,600000,-598000,-598000
049214,台達電國票95購01,0,0,0,0,0,0,0,0,0,-600000,0,0,0,0,600000,-600000,-600000
043040,永冠元富94購01  ,0,0,0,0,0,0,0,0,0,-604000,0,0,0,20000,624000,-604000,-604000
051866,聯發科凱基96購05,0,0,0,0,0,0,0,0,0,-605000,0,0,0,23000,628000,-605000,-605000
05638P,國巨統一96售04  ,0,0,0,0,0,0,0,0,0,-606000,0,0,0,531000,1137000,-606000,-606000
055998,臺股指富邦99購01,0,0,0,0,0,0,0,0,0,-606000,0,0,0,400000,1006000,-606000,-606000
00646,元大S&P500      ,7000,136000,-129000,0,0,0,0,0,0,-477000,0,0,0,18000,495000,-477000,-606000
050853,南電國票96購01  ,0,0,0,0,0,0,0,0,0,-606000,0,0,0,238000,844000,-606000,-606000
6271,同欣電          ,294000,378000,-84000,0,0,0,0,568000,-568000,45000,87000,72000,15000,36000,6000,30000,-607000
057025,華新科凱基98購04,0,0,0,0,0,0,0,0,0,-608000,0,0,0,35000,643000,-608000,-608000
052941,康控兆豐97購01  ,0,0,0,0,0,0,0,0,0,-610000,0,0,0,120000,730000,-610000,-610000
2356,英業達          ,1489000,2019027,-530027,0,0,0,0,0,0,-84000,45000,14000,31000,27000,142000,-115000,-614027
06640P,國巨兆豐99售02  ,0,0,0,0,0,0,0,0,0,-616000,0,0,0,29000,645000,-616000,-616000
1304,台聚            ,88000,400000,-312000,0,0,0,0,322000,-322000,11000,11000,0,11000,0,0,0,-623000
047584,元金2X永豐95購01,0,0,0,0,0,0,0,0,0,-625000,0,0,0,40000,665000,-625000,-625000
053465,聯電元大96購05  ,0,0,0,0,0,0,0,0,0,-625000,0,0,0,357000,982000,-625000,-625000
055588,瑞昱元大97購03  ,0,0,0,0,0,0,0,0,0,-626000,0,0,0,157000,783000,-626000,-626000
054395,華新科永豐96購03,0,0,0,0,0,0,0,0,0,-629000,0,0,0,315000,944000,-629000,-629000
053945,國巨富邦98購02  ,0,0,0,0,0,0,0,0,0,-641000,0,0,0,587000,1228000,-641000,-641000
052814,上証2X永豐96購02,0,0,0,0,0,0,0,0,0,-644000,0,0,0,283000,927000,-644000,-644000
047571,滬深2X群益99購01,0,0,0,0,0,0,0,0,0,-646000,0,0,0,71000,717000,-646000,-646000
055851,智原元大98購01  ,0,0,0,0,0,0,0,0,0,-650000,0,0,0,50000,700000,-650000,-650000
04682P,臺股指統一96售01,0,0,0,0,0,0,0,0,0,-650000,0,0,0,6000,656000,-650000,-650000
04568P,瑞昱兆豐94售02  ,0,0,0,0,0,0,0,0,0,-651000,0,0,0,1000,652000,-651000,-651000
2450,神腦            ,10000,668000,-658000,0,0,0,0,0,0,0,0,0,0,0,0,0,-658000
045572,元油2X元大98購01,0,0,0,0,0,0,0,0,0,-665000,0,0,0,5000,670000,-665000,-665000
04511P,臺股指元大94售06,0,0,0,0,0,0,0,0,0,-670000,0,0,0,72000,742000,-670000,-670000
00640L,富邦日本正2     ,0,0,0,0,0,0,0,0,0,-676000,0,0,0,290000,966000,-676000,-676000
057143,台郡兆豐98購01  ,0,0,0,0,0,0,0,0,0,-683000,0,0,0,8000,691000,-683000,-683000
03840P,台積電統一99售02,0,0,0,0,0,0,0,0,0,-683000,0,0,0,285000,968000,-683000,-683000
050101,台積電永昌96購03,10000,0,10000,0,0,0,0,0,0,-694000,0,0,0,689000,1383000,-694000,-684000
04294P,台積電元大95售01,0,0,0,0,0,0,0,0,0,-702000,0,0,0,110000,812000,-702000,-702000
2312,金寶            ,523000,847000,-324000,0,0,0,0,2000,-2000,-381000,100000,500000,-400000,99000,80000,19000,-707000
06426P,T50正2元大9B售01,0,0,0,0,0,0,0,0,0,-708000,0,0,0,233000,941000,-708000,-708000
055260,晶相光統一98購01,0,0,0,0,0,0,0,0,0,-715000,0,0,0,0,715000,-715000,-715000
057743,華擎永豐98購03  ,0,0,0,0,0,0,0,0,0,-720000,0,0,0,104000,824000,-720000,-720000
044457,滬深2X國票97購01,0,0,0,0,0,0,0,0,0,-721000,0,0,0,0,721000,-721000,-721000
045873,元油2X元富98購04,10000,0,10000,0,0,0,0,0,0,-733000,0,0,0,160000,893000,-733000,-723000
2388,威盛            ,166000,892000,-726000,0,0,0,1000,0,1000,0,0,0,0,0,0,0,-725000
3576,聯合再生        ,290000,1022000,-732000,0,0,0,0,0,0,0,0,0,0,0,0,0,-732000
056312,茂林元大98購01  ,0,0,0,0,0,0,0,0,0,-737000,0,0,0,228000,965000,-737000,-737000
2105,正新            ,430000,1158725,-728725,0,0,0,3000,1000,2000,-16000,0,16000,-16000,0,0,0,-742725
056074,茂林元大97購04  ,0,0,0,0,0,0,0,0,0,-743000,0,0,0,154000,897000,-743000,-743000
053036,聯電凱基98購01  ,0,0,0,0,0,0,0,0,0,-755000,0,0,0,0,755000,-755000,-755000
2478,大毅            ,1000000,1409000,-409000,0,0,0,0,0,0,-347000,68000,0,68000,63000,478000,-415000,-756000
2474,可成            ,2373000,3118920,-745920,0,0,0,3000,0,3000,-27000,156000,92000,64000,57000,148000,-91000,-769920
044464,滬深2X群益95購01,0,0,0,0,0,0,0,0,0,-770000,0,0,0,0,770000,-770000,-770000
054114,新光金台新97購01,0,0,0,0,0,0,0,0,0,-770000,0,0,0,0,770000,-770000,-770000
057080,華新科統一99購02,0,0,0,0,0,0,0,0,0,-775000,0,0,0,310000,1085000,-775000,-775000
048007,明基材元大96購01,0,0,0,0,0,0,0,0,0,-784000,0,0,0,146000,930000,-784000,-784000
045189,大立光元富98購01,0,0,0,0,0,0,0,0,0,-787000,0,0,0,35000,822000,-787000,-787000
3034,聯詠            ,1032463,1924460,-891997,0,0,0,27000,0,27000,70000,42000,5000,37000,37000,4000,33000,-794997
054204,元金2X國票9B購02,0,0,0,0,0,0,0,0,0,-797000,0,0,0,164000,961000,-797000,-797000
057153,祥碩國泰99購01  ,0,0,0,0,0,0,0,0,0,-800000,0,0,0,331000,1131000,-800000,-800000
2838,聯邦銀          ,262000,1090000,-828000,0,0,0,0,0,0,28000,28000,0,28000,0,0,0,-800000
06432P,上銀群益98售01  ,0,0,0,0,0,0,0,0,0,-806000,0,0,0,173000,979000,-806000,-806000
00762,元大全球AI      ,0,0,0,0,0,0,0,0,0,-809000,0,0,0,15000,824000,-809000,-809000
5471,松翰            ,145000,966000,-821000,0,0,0,0,0,0,0,0,0,0,0,0,0,-821000
3545,敦泰            ,1684000,2532622,-848622,0,0,0,0,0,0,2000,2000,0,2000,0,0,0,-846622
051133,台積電永豐95購02,0,0,0,0,0,0,0,0,0,-848000,0,0,0,3440000,4288000,-848000,-848000
3090,日電貿          ,419000,1202000,-783000,0,0,0,100000,0,100000,-173000,8000,1000,7000,53000,233000,-180000,-856000
05229P,台積電群益95售05,0,0,0,0,0,0,0,0,0,-860000,0,0,0,9000,869000,-860000,-860000
056017,台積電群益97購04,0,0,0,0,0,0,0,0,0,-866000,0,0,0,969000,1835000,-866000,-866000
051370,聯詠富邦97購01  ,0,0,0,0,0,0,0,0,0,-881000,0,0,0,60000,941000,-881000,-881000
9910,豐泰            ,255400,1149278,-893878,0,0,0,1000,1000,0,11000,11000,0,11000,0,0,0,-882878
054865,可成群益97購01  ,0,0,0,0,0,0,0,0,0,-894000,0,0,0,84000,978000,-894000,-894000
051525,日月光凱基95購02,0,0,0,0,0,0,0,0,0,-900000,0,0,0,0,900000,-900000,-900000
057064,華新科富邦9B購01,0,0,0,0,0,0,0,0,0,-901000,0,0,0,222000,1123000,-901000,-901000
057659,台表科兆豐98購01,0,0,0,0,0,0,0,0,0,-917000,0,0,0,10000,927000,-917000,-917000
3711,日月光投控      ,4898000,5919690,-1021690,0,0,0,30000,3000,27000,72000,98000,4000,94000,17000,39000,-22000,-922690
2412,中華電          ,1342068,2304737,-962669,0,0,0,32000,5000,27000,0,0,0,0,0,0,0,-935669
04747P,臺股指元大94售22,0,0,0,0,0,0,0,0,0,-943000,0,0,0,536000,1479000,-943000,-943000
04875P,台積電中信94售04,0,0,0,0,0,0,0,0,0,-951000,0,0,0,105000,1056000,-951000,-951000
044429,元金2X元大94購04,0,0,0,0,0,0,0,0,0,-959000,0,0,0,273000,1232000,-959000,-959000
057750,神達國票99購01  ,0,0,0,0,0,0,0,0,0,-962000,0,0,0,223000,1185000,-962000,-962000
050754,元金2X元富9B購01,0,0,0,0,0,0,0,0,0,-963000,0,0,0,0,963000,-963000,-963000
057673,臻鼎元大98購01  ,0,0,0,0,0,0,0,0,0,-967000,0,0,0,30000,997000,-967000,-967000
056396,祥碩永豐98購01  ,0,0,0,0,0,0,0,0,0,-971000,0,0,0,124000,1095000,-971000,-971000
2352,佳世達          ,438000,1414000,-976000,0,0,0,0,4000,-4000,2000,2000,0,2000,0,0,0,-978000
00676R,富邦臺灣加權反1 ,0,189000,-189000,0,0,0,0,0,0,-792000,0,0,0,266000,1058000,-792000,-981000
2634,漢翔            ,469000,1085000,-616000,0,0,0,0,382000,-382000,0,0,0,0,0,0,0,-998000
05815P,台積電凱基97售06,0,0,0,0,0,0,0,0,0,-1000000,0,0,0,52000,1052000,-1000000,-1000000
2448,晶電            ,1972000,2974000,-1002000,0,0,0,0,0,0,-23000,184000,207000,-23000,0,0,0,-1025000
053564,台積電富邦99購01,0,0,0,0,0,0,0,0,0,-1076000,0,0,0,93000,1169000,-1076000,-1076000
055190,華新科元富97購01,0,0,0,0,0,0,0,0,0,-1084000,0,0,0,556000,1640000,-1084000,-1084000
057467,祥碩永豐98購04  ,0,0,0,0,0,0,0,0,0,-1089000,0,0,0,2000,1091000,-1089000,-1089000
051316,T50反1國票95購02,0,0,0,0,0,0,0,0,0,-1096000,0,0,0,4000,1100000,-1096000,-1096000
056659,泰碩元大99購01  ,0,0,0,0,0,0,0,0,0,-1121000,0,0,0,326000,1447000,-1121000,-1121000
057248,台積電統一98購08,0,0,0,0,0,0,0,0,0,-1130000,0,0,0,101000,1231000,-1130000,-1130000
05033P,T50反1元大98售01,0,0,0,0,0,0,0,0,0,-1137000,0,0,0,27000,1164000,-1137000,-1137000
056828,國巨富邦9A購03  ,0,0,0,0,0,0,0,0,0,-1140000,0,0,0,1252000,2392000,-1140000,-1140000
5871,中租-KY         ,3257463,4381413,-1123950,0,0,0,2000,45000,-43000,25000,59000,34000,25000,0,0,0,-1141950
054689,華新科永豐97購01,0,0,0,0,0,0,0,0,0,-1146000,0,0,0,169000,1315000,-1146000,-1146000
9904,寶成            ,1413100,2575429,-1162329,0,0,0,19000,4000,15000,0,0,0,0,0,0,0,-1147329
056594,台積電元富98購03,0,0,0,0,0,0,0,0,0,-1155000,0,0,0,1887000,3042000,-1155000,-1155000
2324,仁寶            ,2817000,4429058,-1612058,0,0,0,22000,0,22000,425000,401000,0,401000,24000,0,24000,-1165058
00752,中信中國50      ,1000,0,1000,0,0,0,0,0,0,-1172000,0,0,0,521000,1693000,-1172000,-1171000
1409,新纖            ,170000,1311000,-1141000,0,0,0,0,0,0,-33000,0,33000,-33000,0,0,0,-1174000
2316,楠梓電          ,357000,1191000,-834000,0,0,0,0,0,0,-348000,159000,0,159000,17000,524000,-507000,-1182000
6176,瑞儀            ,560000,1793002,-1233002,0,0,0,0,1000,-1000,51000,15000,8000,7000,58000,14000,44000,-1183002
055993,致茂國泰99購01  ,0,0,0,0,0,0,0,0,0,-1188000,0,0,0,33000,1221000,-1188000,-1188000
055696,華新科國票98購01,0,0,0,0,0,0,0,0,0,-1188000,0,0,0,146000,1334000,-1188000,-1188000
051187,晶相光永豐95購01,0,0,0,0,0,0,0,0,0,-1215000,0,0,0,10000,1225000,-1215000,-1215000
041900,元油2X富邦96購01,0,0,0,0,0,0,0,0,0,-1217000,0,0,0,0,1217000,-1217000,-1217000
00850,元大臺灣ESG永續 ,3000,0,3000,0,0,0,0,0,0,-1226000,0,0,0,814000,2040000,-1226000,-1223000
2308,台達電          ,2157000,3561832,-1404832,0,0,0,3000,1000,2000,148000,108000,0,108000,40000,0,40000,-1254832
056432,鴻海凱基98購08  ,0,0,0,0,0,0,0,0,0,-1260000,0,0,0,253000,1513000,-1260000,-1260000
1504,東元            ,2565000,3795000,-1230000,0,0,0,0,1000,-1000,-70000,0,70000,-70000,0,0,0,-1301000
049539,元油2X群益9A購01,0,0,0,0,0,0,0,0,0,-1308000,0,0,0,30000,1338000,-1308000,-1308000
055957,瑞昱元大97購06  ,0,0,0,0,0,0,0,0,0,-1311000,0,0,0,47000,1358000,-1311000,-1311000
00692,富邦公司治理    ,1000,0,1000,0,0,0,0,0,0,-1315000,0,0,0,1306000,2621000,-1315000,-1314000
055629,華新科永豐97購04,0,0,0,0,0,0,0,0,0,-1357000,0,0,0,69000,1426000,-1357000,-1357000
2515,中工            ,516000,1879000,-1363000,0,0,0,0,0,0,1000,12000,8000,4000,58000,61000,-3000,-1362000
00701,國泰股利精選30  ,2000,0,2000,0,0,0,0,0,0,-1374000,40000,0,40000,380000,1794000,-1414000,-1372000
2327,國巨            ,3839000,5171980,-1332980,0,0,0,183000,8000,175000,-221000,327000,449000,-122000,192000,291000,-99000,-1378980
8996,高力            ,179000,1123000,-944000,0,0,0,137000,552000,-415000,-22000,81000,103000,-22000,0,0,0,-1381000
00693U,街口S&P黃豆     ,0,0,0,0,0,0,0,0,0,-1390000,0,0,0,40000,1430000,-1390000,-1390000
049023,玉晶光群益96購04,0,0,0,0,0,0,0,0,0,-1394000,0,0,0,100000,1494000,-1394000,-1394000
00680L,元大美債20正2   ,0,0,0,0,0,0,0,0,0,-1406000,0,260000,-260000,390000,1536000,-1146000,-1406000
00670L,富邦NASDAQ正2   ,1000,21000,-20000,0,0,0,0,0,0,-1386000,0,0,0,270000,1656000,-1386000,-1406000
00717,富邦美國特別股  ,1000,147000,-146000,0,0,0,0,0,0,-1279000,0,0,0,37000,1316000,-1279000,-1425000
04871P,力成元富94售02  ,0,0,0,0,0,0,0,0,0,-1461000,0,0,0,0,1461000,-1461000,-1461000
3045,台灣大          ,595000,2089493,-1494493,0,0,0,8000,2000,6000,0,0,0,0,0,0,0,-1488493
050169,臺指反元大97購01,0,0,0,0,0,0,0,0,0,-1523000,0,0,0,487000,2010000,-1523000,-1523000
1326,台化            ,1085375,2311015,-1225640,0,0,0,37000,394000,-357000,5000,1000,0,1000,4000,0,4000,-1577640
6285,啟碁            ,552000,2177000,-1625000,0,0,0,0,13000,-13000,56000,53000,2000,51000,16000,11000,5000,-1582000
4904,遠傳            ,1412520,2999557,-1587037,0,0,0,2000,1000,1000,0,0,0,0,0,0,0,-1586037
056181,百和元富97購02  ,0,0,0,0,0,0,0,0,0,-1588000,0,0,0,55000,1643000,-1588000,-1588000
053657,元大金凱基96購01,0,0,0,0,0,0,0,0,0,-1589000,0,0,0,0,1589000,-1589000,-1589000
049114,玉晶光統一94購02,0,0,0,0,0,0,0,0,0,-1600000,0,0,0,508000,2108000,-1600000,-1600000
2618,長榮航          ,1556000,2819296,-1263296,0,0,0,15000,1000,14000,-399000,205000,608000,-403000,4000,0,4000,-1648296
051858,上銀凱基95購01  ,5000,0,5000,0,0,0,0,0,0,-1657000,0,0,0,590000,2247000,-1657000,-1652000
051259,鴻海永昌96購03  ,0,0,0,0,0,0,0,0,0,-1674000,0,0,0,1718000,3392000,-1674000,-1674000
056436,台積電凱基98購10,0,0,0,0,0,0,0,0,0,-1676000,0,0,0,244000,1920000,-1676000,-1676000
054713,國巨中信9B購01  ,0,0,0,0,0,0,0,0,0,-1728000,0,0,0,2294000,4022000,-1728000,-1728000
2892,第一金          ,4406969,6212282,-1805313,0,0,0,68000,10000,58000,0,0,0,0,0,0,0,-1747313
2489,瑞軒            ,151000,1947000,-1796000,0,0,0,0,0,0,0,0,0,0,0,0,0,-1796000
057510,泰碩統一98購02  ,20000,0,20000,0,0,0,0,0,0,-1832000,0,0,0,124000,1956000,-1832000,-1812000
2379,瑞昱            ,616545,2350489,-1733944,0,0,0,0,188000,-188000,97000,41000,15000,26000,88000,17000,71000,-1824944
057737,國巨富邦99購02  ,0,0,0,0,0,0,0,0,0,-1846000,0,0,0,131000,1977000,-1846000,-1846000
2449,京元電子        ,1765533,3632000,-1866467,0,0,0,0,3000,-3000,-35000,18000,10000,8000,30000,73000,-43000,-1904467
3019,亞光            ,288000,2160000,-1872000,0,0,0,0,0,0,-61000,55000,27000,28000,25000,114000,-89000,-1933000
1303,南亞            ,2299360,4295217,-1995857,0,0,0,49000,5000,44000,0,0,0,0,0,0,0,-1951857
2301,光寶科          ,3502000,5382665,-1880665,0,0,0,3000,76000,-73000,-16000,0,26000,-26000,10000,0,10000,-1969665
2376,技嘉            ,578000,2547000,-1969000,0,0,0,22000,42000,-20000,17000,156000,68000,88000,41000,112000,-71000,-1972000
00655L,國泰中國A50正2  ,25000,385000,-360000,0,0,0,0,0,0,-1664000,45000,0,45000,4029000,5738000,-1709000,-2024000
2382,廣達            ,932439,2942190,-2009751,0,0,0,19000,4000,15000,-49000,28000,48000,-20000,6000,35000,-29000,-2043751
050991,元油2X元大96購04,0,0,0,0,0,0,0,0,0,-2058000,0,0,0,350000,2408000,-2058000,-2058000
3231,緯創            ,3052000,5107998,-2055998,0,0,0,0,3000,-3000,-21000,24000,48000,-24000,54000,51000,3000,-2079998
4938,和碩            ,2397000,4635724,-2238724,0,0,0,3000,3000,0,153000,73000,0,73000,96000,16000,80000,-2085724
00715L,街口布蘭特油正2 ,0,0,0,0,0,0,0,0,0,-2211000,0,0,0,0,2211000,-2211000,-2211000
2886,兆豐金          ,6178000,9566724,-3388724,0,0,0,71000,12000,59000,1118000,1095000,0,1095000,23000,0,23000,-2211724
00830,國泰費城半導體  ,11000,1000,10000,0,0,0,0,0,0,-2273000,0,0,0,58000,2331000,-2273000,-2263000
2881,富邦金          ,2706276,5198416,-2492140,0,0,0,50000,13000,37000,132000,46000,0,46000,101000,15000,86000,-2323140
2801,彰銀            ,1169000,3640140,-2471140,0,0,0,40000,9000,31000,9000,0,0,0,28000,19000,9000,-2431140
056236,台積電群益97購06,0,0,0,0,0,0,0,0,0,-2510000,0,0,0,56000,2566000,-2510000,-2510000
3189,景碩            ,1453000,2964000,-1511000,0,0,0,95000,33000,62000,-1066000,86000,166000,-80000,53000,1039000,-986000,-2515000
2347,聯強            ,1168000,3980985,-2812985,0,0,0,0,2000,-2000,261000,250000,0,250000,11000,0,11000,-2553985
050363,臺指反元大98購04,0,1000,-1000,0,0,0,0,0,0,-2713000,0,0,0,137000,2850000,-2713000,-2714000
6239,力成            ,1446300,4007429,-2561129,0,0,0,12000,99000,-87000,-66000,96000,148000,-52000,14000,28000,-14000,-2714129
00664R,國泰臺灣加權反1 ,0,3000,-3000,0,0,0,0,0,0,-2727000,0,0,0,721000,3448000,-2727000,-2730000
2882,國泰金          ,3310666,6320493,-3009827,0,0,0,57000,10000,47000,67000,1000,0,1000,70000,4000,66000,-2895827
1402,遠東新          ,485873,3550088,-3064215,0,0,0,25000,3000,22000,78000,100000,0,100000,7000,29000,-22000,-2964215
1301,台塑            ,2660081,5620336,-2960255,0,0,0,15000,59000,-44000,35000,57000,22000,35000,2000,2000,0,-2969255
1216,統一            ,4392374,7418879,-3026505,0,0,0,44000,4000,40000,14000,18000,0,18000,1000,5000,-4000,-2972505
2880,華南金          ,3470000,6587378,-3117378,0,0,0,61000,12000,49000,-4000,0,0,0,0,4000,-4000,-3072378
056918,台積電兆豐98購01,0,0,0,0,0,0,0,0,0,-3131000,0,0,0,190000,3321000,-3131000,-3131000
00852L,國泰美國道瓊正2 ,0,289000,-289000,0,0,0,0,0,0,-2943000,0,0,0,396000,3339000,-2943000,-3232000
053172,瑞儀群益97購01  ,0,0,0,0,0,0,0,0,0,-3265000,0,0,0,8000,3273000,-3265000,-3265000
2303,聯電            ,20195000,24772695,-4577695,0,0,0,1103000,161000,942000,260000,266000,160000,106000,324000,170000,154000,-3375695
0050,元大台灣50      ,135000,4434000,-4299000,0,0,0,12000,0,12000,475000,872000,150000,722000,1062000,1309000,-247000,-3812000
055263,華新科富邦9A購01,0,0,0,0,0,0,0,0,0,-3869000,0,0,0,1554000,5423000,-3869000,-3869000
2885,元大金          ,3871000,9498790,-5627790,0,0,0,74000,19000,55000,1436000,1200000,0,1200000,254000,18000,236000,-4136790
2834,臺企銀          ,3039000,7357243,-4318243,0,0,0,29000,1000,28000,4000,0,0,0,6000,2000,4000,-4286243
3037,欣興            ,1764000,6572000,-4808000,0,0,0,249000,1000,248000,23000,161000,47000,114000,50000,141000,-91000,-4537000
5880,合庫金          ,2359368,7727146,-5367778,0,0,0,64000,7000,57000,1000,0,1000,-1000,2000,0,2000,-5309778
2888,新光金          ,4186000,10483680,-6297680,0,0,0,15000,3000,12000,476000,151000,20000,131000,408000,63000,345000,-5809680
2823,中壽            ,1125000,7273180,-6148180,0,0,0,4000,108000,-104000,-39000,0,70000,-70000,31000,0,31000,-6291180
045872,元油2X元富98購03,0,0,0,0,0,0,0,0,0,-6347000,0,0,0,293000,6640000,-6347000,-6347000
2337,旺宏            ,7780000,11641000,-3861000,0,0,0,1283000,4330000,-3047000,-51000,83000,30000,53000,337000,441000,-104000,-6959000
2890,永豐金          ,6047000,13077248,-7030248,0,0,0,71000,10000,61000,2000,0,0,0,2000,0,2000,-6967248
2408,南亞科          ,2002000,8948315,-6946315,0,0,0,169000,80000,89000,-488000,221000,635000,-414000,44000,118000,-74000,-7345315
2002,中鋼            ,1815000,9707395,-7892395,0,0,0,83000,8000,75000,-56000,0,60000,-60000,4000,0,4000,-7873395
1101,台泥            ,1585000,12201640,-10616640,0,0,0,656000,6000,650000,824000,882000,116000,766000,84000,26000,58000,-9142640
00633L,富邦上証正2     ,235000,7622000,-7387000,0,0,0,0,0,0,-2229000,326000,0,326000,5144000,7699000,-2555000,-9616000
1102,亞泥            ,5366000,15965515,-10599515,0,0,0,3000,504000,-501000,157000,108000,0,108000,66000,17000,49000,-10943515
00642U,元大S&P石油     ,25000,4832000,-4807000,0,0,0,0,0,0,-6365000,105000,0,105000,397000,6867000,-6470000,-11172000
2330,台積電          ,14976874,27904390,-12927516,0,0,0,33000,150000,-117000,1144072,755000,204000,551000,704072,111000,593072,-11900444
2883,開發金          ,2421000,15530145,-13109145,0,0,0,93000,5000,88000,13000,0,0,0,13000,0,13000,-13008145
2409,友達            ,5968000,27989832,-22021832,0,0,0,27000,0,27000,379000,548000,0,548000,93000,262000,-169000,-21615832
3481,群創            ,12880000,38352619,-25472619,0,0,0,26000,7340000,-7314000,-1655000,543000,105000,438000,800000,2893000,-2093000,-34441619
00637L,元大滬深300正2  ,1070000,17399000,-16329000,0,0,0,0,0,0,-20361000,0,0,0,42616000,62977000,-20361000,-36690000
00672L,元大S&P原油正2  ,17000,40455000,-40438000,0,0,0,0,0,0,-88430000,730000,0,730000,7213000,96373000,-89160000,-128868000
