證券代號,證券名稱,外陸資買進股數(不含外資自營商),外陸資賣出股數(不含外資自營商),外陸資買賣超股數(不含外資自營商),外資自營商買進股數,外資自營商賣出股數,外資自營商買賣超股數,投信買進股數,投信賣出股數,投信買賣超股數,自營商買賣超股數,自營商買進股數(自行買賣),自營商賣出股數(自行買賣),自營商買賣超股數(自行買賣),自營商買進股數(避險),自營商賣出股數(避險),自營商買賣超股數(避險),三大法人買賣超股數
00632R,元大台灣50反1   ,365000,650000,-285000,0,0,0,0,0,0,24961000,1232000,2567000,-1335000,27693000,1397000,26296000,24676000
2891,中信金          ,35937000,15193500,20743500,0,0,0,242000,800000,-558000,-197000,0,226000,-226000,29000,0,29000,19988500
3706,神達            ,6342000,1484000,4858000,0,0,0,3081000,0,3081000,3374000,2315000,527000,1788000,1807000,221000,1586000,11313000
3481,群創            ,43984000,33134000,10850000,0,0,0,0,2007000,-2007000,-394000,1183000,1635000,-452000,1242000,1184000,58000,8449000
2409,友達            ,14353000,18812000,-4459000,0,0,0,11264000,0,11264000,1501000,968000,292000,676000,1159000,334000,825000,8306000
03840P,台積電統一99售02,0,0,0,0,0,0,0,0,0,6725000,0,0,0,6820000,95000,6725000,6725000
1909,榮成            ,5813000,1096000,4717000,0,0,0,163000,0,163000,176000,198000,4000,194000,0,18000,-18000,5056000
2323,中環            ,3352000,1193000,2159000,0,0,0,0,0,0,731000,45000,21000,24000,872000,165000,707000,2890000
04875P,台積電中信94售04,0,0,0,0,0,0,0,0,0,2475000,0,0,0,2475000,0,2475000,2475000
050882,華泰國泰96購01  ,0,0,0,0,0,0,0,0,0,2376000,0,0,0,2565000,189000,2376000,2376000
2371,大同            ,3506000,1236000,2270000,0,0,0,0,0,0,46000,72000,26000,46000,0,0,0,2316000
056293,上銀元大97購10  ,0,0,0,0,0,0,0,0,0,2134000,0,0,0,2815000,681000,2134000,2134000
056270,群創統一98購04  ,0,0,0,0,0,0,0,0,0,2106000,0,0,0,2344000,238000,2106000,2106000
3042,晶技            ,1602000,1169000,433000,0,0,0,1504000,0,1504000,129000,132000,185000,-53000,547000,365000,182000,2066000
2313,華通            ,4693000,1632000,3061000,0,0,0,0,989000,-989000,-51000,407000,377000,30000,49000,130000,-81000,2021000
2888,新光金          ,6784000,5616000,1168000,0,0,0,130000,0,130000,716000,9000,56000,-47000,988000,225000,763000,2014000
2376,技嘉            ,2593000,656000,1937000,0,0,0,466000,0,466000,-397000,144000,132000,12000,74000,483000,-409000,2006000
047788,欣興群益93購05  ,0,0,0,0,0,0,0,0,0,1924000,0,0,0,2423000,499000,1924000,1924000
050363,臺指反元大98購04,2000,0,2000,0,0,0,0,0,0,1897000,0,0,0,2114000,217000,1897000,1899000
6278,台表科          ,2027000,2194000,-167000,0,0,0,1111000,25000,1086000,960000,168000,139000,29000,1027000,96000,931000,1879000
2892,第一金          ,4141658,2952000,1189658,0,0,0,136000,140,135860,481000,495000,14000,481000,0,0,0,1806518
052314,鴻海元大96購11  ,0,0,0,0,0,0,0,0,0,1733000,0,0,0,3278000,1545000,1733000,1733000
0056,元大高股息      ,2000,0,2000,0,0,0,112000,0,112000,1601000,15000,450000,-435000,2574000,538000,2036000,1715000
054680,華新科康和97購02,0,0,0,0,0,0,0,0,0,1687000,0,0,0,1697000,10000,1687000,1687000
2834,臺企銀          ,4159000,2543650,1615350,0,0,0,57000,0,57000,-4000,0,4000,-4000,0,0,0,1668350
056350,上銀元大98購02  ,0,0,0,0,0,0,0,0,0,1660000,0,0,0,2517000,857000,1660000,1660000
04049P,大立光元大95售02,0,0,0,0,0,0,0,0,0,1644000,0,0,0,1689000,45000,1644000,1644000
03021P,玉晶光群益02售25,0,0,0,0,0,0,0,0,0,1610000,0,0,0,1610000,0,1610000,1610000
03888P,大立光元富93售03,0,0,0,0,0,0,0,0,0,1564000,0,0,0,1564000,0,1564000,1564000
2884,玉山金          ,7191982,5896473,1295509,0,0,0,146000,0,146000,89000,50000,7000,43000,129000,83000,46000,1530509
00676R,富邦臺灣加權反1 ,297000,0,297000,0,0,0,0,0,0,1187000,0,0,0,1246000,59000,1187000,1484000
2049,上銀            ,2493000,1393500,1099500,0,0,0,141000,0,141000,203000,109000,37000,72000,241000,110000,131000,1443500
3376,新日興          ,1052000,491000,561000,0,0,0,589000,73000,516000,354000,259000,283000,-24000,460000,82000,378000,1431000
00861,元大全球未來通訊,19000,0,19000,0,0,0,0,0,0,1349001,0,450000,-450000,3235000,1435999,1799001,1368001
03557P,欣興元大02售17  ,0,0,0,0,0,0,0,0,0,1336000,0,0,0,1336000,0,1336000,1336000
2535,達欣工          ,1544000,29000,1515000,0,0,0,0,0,0,-214000,30000,244000,-214000,0,0,0,1301000
006205,富邦上証        ,5000,20000,-15000,0,0,0,0,0,0,1294713,0,0,0,1942713,648000,1294713,1279713
3532,台勝科          ,1234000,512000,722000,0,0,0,560000,0,560000,-35000,15000,8000,7000,5000,47000,-42000,1247000
2614,東森            ,2059000,822000,1237000,0,0,0,0,0,0,-4000,1000,5000,-4000,0,0,0,1233000
05214P,台積電國票97售02,0,0,0,0,0,0,0,0,0,1222000,0,0,0,1222000,0,1222000,1222000
04672P,台積電統一94售09,0,0,0,0,0,0,0,0,0,1205000,0,0,0,1347000,142000,1205000,1205000
1216,統一            ,5188971,4085000,1103971,0,0,0,64000,0,64000,24000,10000,9000,1000,26000,3000,23000,1191971
6153,嘉聯益          ,1694000,397000,1297000,0,0,0,0,0,0,-120000,18000,94000,-76000,9000,53000,-44000,1177000
041527,T50反1中信96購01,0,0,0,0,0,0,0,0,0,1117000,0,0,0,1137000,20000,1117000,1117000
041452,滬深2X元富93購01,0,0,0,0,0,0,0,0,0,1116000,0,0,0,1250000,134000,1116000,1116000
05551P,電子類元大96售01,0,0,0,0,0,0,0,0,0,1103000,0,0,0,1257000,154000,1103000,1103000
03413B,臺股指凱基94熊19,0,0,0,0,0,0,0,0,0,1091000,0,0,0,1971000,880000,1091000,1091000
04749P,臺股指元大94售25,0,0,0,0,0,0,0,0,0,1091000,0,0,0,1098000,7000,1091000,1091000
06123P,玉晶光元大97售04,0,0,0,0,0,0,0,0,0,1000000,0,0,0,1538000,538000,1000000,1000000
047286,美律統一93購02  ,0,0,0,0,0,0,0,0,0,998000,0,0,0,998000,0,998000,998000
050885,T50反1富邦95購01,0,0,0,0,0,0,0,0,0,990000,0,0,0,990000,0,990000,990000
2104,國際中橡        ,1669760,707050,962710,0,0,0,0,0,0,22000,0,5000,-5000,30000,3000,27000,984710
053644,台表科國票97購03,0,0,0,0,0,0,0,0,0,984000,0,0,0,1090000,106000,984000,984000
054810,中橡元大9A購01  ,0,0,0,0,0,0,0,0,0,957000,0,0,0,1379000,422000,957000,957000
049212,T50反1國票94購04,0,0,0,0,0,0,0,0,0,947000,0,0,0,1091000,144000,947000,947000
055145,T50反1元大97購04,0,0,0,0,0,0,0,0,0,935000,0,0,0,1942000,1007000,935000,935000
053314,A50正2群益9A購01,0,0,0,0,0,0,0,0,0,923000,0,0,0,2500000,1577000,923000,923000
00639,富邦深100       ,427000,0,427000,0,0,0,0,0,0,485058,0,0,0,1250058,765000,485058,912058
053148,華邦電元大96購01,0,0,0,0,0,0,0,0,0,912000,0,0,0,1046000,134000,912000,912000
3702,大聯大          ,1476000,836000,640000,0,0,0,4000,0,4000,238000,500000,195000,305000,0,67000,-67000,882000
056344,嘉晶凱基98購02  ,0,0,0,0,0,0,0,0,0,877000,0,0,0,1025000,148000,877000,877000
00643,群益深証中小    ,361000,0,361000,0,0,0,0,0,0,514100,10000,10000,0,874100,360000,514100,875100
056310,神達元大97購02  ,0,0,0,0,0,0,0,0,0,860000,0,0,0,1630000,770000,860000,860000
04747P,臺股指元大94售22,0,0,0,0,0,0,0,0,0,849000,0,0,0,1822000,973000,849000,849000
056491,南亞科國泰99購01,0,0,0,0,0,0,0,0,0,846000,0,0,0,893000,47000,846000,846000
054403,同欣電永豐96購02,0,0,0,0,0,0,0,0,0,842000,0,0,0,842000,0,842000,842000
3037,欣興            ,2510000,1589000,921000,0,0,0,246000,73000,173000,-255000,92000,239000,-147000,85000,193000,-108000,839000
050525,嘉晶元大95購02  ,0,0,0,0,0,0,0,0,0,834000,0,0,0,949000,115000,834000,834000
053208,鴻海凱基96購13  ,0,0,0,0,0,0,0,0,0,818000,0,0,0,818000,0,818000,818000
3576,聯合再生        ,984000,168000,816000,0,0,0,0,0,0,-1000,0,1000,-1000,0,0,0,815000
054991,南亞科元富97購01,0,0,0,0,0,0,0,0,0,814000,0,0,0,965000,151000,814000,814000
048595,儒鴻國票96購01  ,0,0,0,0,0,0,0,0,0,811000,0,0,0,839000,28000,811000,811000
056632,鴻海永昌98購01  ,0,0,0,0,0,0,0,0,0,792000,0,0,0,910000,118000,792000,792000
03314P,台積電元大02售16,0,0,0,0,0,0,0,0,0,785000,0,0,0,844000,59000,785000,785000
04787P,台積電永昌96售04,0,0,0,0,0,0,0,0,0,783000,0,0,0,1344000,561000,783000,783000
05091P,台積電元大95售11,0,0,0,0,0,0,0,0,0,782000,0,0,0,913000,131000,782000,782000
4119,旭富            ,883000,102000,781000,0,0,0,0,0,0,-7000,39000,0,39000,0,46000,-46000,774000
04690P,國巨群益94售06  ,0,0,0,0,0,0,0,0,0,762000,0,0,0,967000,205000,762000,762000
1312,國喬            ,948000,286000,662000,0,0,0,0,0,0,89000,100000,3000,97000,0,8000,-8000,751000
055019,福懋科元富97購01,0,0,0,0,0,0,0,0,0,750000,0,0,0,760000,10000,750000,750000
04373P,滬深2X元大97售01,0,0,0,0,0,0,0,0,0,746000,0,0,0,1577000,831000,746000,746000
3189,景碩            ,3138000,1292000,1846000,0,0,0,0,558000,-558000,-556000,90000,93000,-3000,46000,599000,-553000,732000
051747,貿聯國泰96購01  ,0,0,0,0,0,0,0,0,0,730000,0,0,0,805000,75000,730000,730000
00783,富邦中証500     ,250,0,250,0,0,0,0,0,0,729308,0,0,0,1568308,839000,729308,729558
8996,高力            ,1241000,640000,601000,0,0,0,352000,0,352000,-228000,25000,253000,-228000,0,0,0,725000
055747,康舒元富97購01  ,0,0,0,0,0,0,0,0,0,719000,0,0,0,913000,194000,719000,719000
04337P,台積電元大93售25,0,0,0,0,0,0,0,0,0,716000,0,0,0,716000,0,716000,716000
6239,力成            ,2026000,1344000,682000,0,0,0,62000,0,62000,-30000,60000,75000,-15000,10000,25000,-15000,714000
03033P,微星國票03售01  ,0,0,0,0,0,0,0,0,0,712000,0,0,0,712000,0,712000,712000
057334,技嘉國票98購02  ,0,0,0,0,0,0,0,0,0,711000,0,0,0,724000,13000,711000,711000
2881,富邦金          ,3125000,2470000,655000,0,0,0,100000,2000,98000,-50000,0,8000,-8000,0,42000,-42000,703000
047904,臺指反元大96購01,0,0,0,0,0,0,0,0,0,701000,0,0,0,1010000,309000,701000,701000
3450,聯鈞            ,718000,175000,543000,0,0,0,234000,0,234000,-77000,9000,0,9000,59000,145000,-86000,700000
053625,國巨兆豐96購03  ,0,0,0,0,0,0,0,0,0,699000,0,0,0,785000,86000,699000,699000
055614,華新科國票97購02,0,0,0,0,0,0,0,0,0,697000,0,0,0,895000,198000,697000,697000
055746,同欣電元富97購01,0,0,0,0,0,0,0,0,0,695000,0,0,0,771000,76000,695000,695000
049900,台積電元富94購06,0,0,0,0,0,0,0,0,0,693000,0,0,0,1838000,1145000,693000,693000
04294P,台積電元大95售01,0,0,0,0,0,0,0,0,0,691000,0,0,0,720000,29000,691000,691000
00664R,國泰臺灣加權反1 ,0,0,0,0,0,0,0,0,0,685000,0,0,0,843000,158000,685000,685000
054129,技嘉元大96購02  ,0,0,0,0,0,0,0,0,0,683000,0,0,0,740000,57000,683000,683000
048267,元金反中信93購01,0,0,0,0,0,0,0,0,0,681000,0,0,0,681000,0,681000,681000
052451,旭富元大95購02  ,0,0,0,0,0,0,0,0,0,679000,0,0,0,712000,33000,679000,679000
5876,上海商銀        ,1688000,863000,825000,0,0,0,0,0,0,-147000,0,12000,-12000,14000,149000,-135000,678000
055518,華新科中信99購01,0,0,0,0,0,0,0,0,0,675000,0,0,0,2288000,1613000,675000,675000
04296P,技嘉元大93售01  ,0,0,0,0,0,0,0,0,0,669000,0,0,0,999000,330000,669000,669000
055391,光罩統一97購02  ,0,0,0,0,0,0,0,0,0,666000,0,0,0,666000,0,666000,666000
1718,中纖            ,761000,98000,663000,0,0,0,0,0,0,0,0,0,0,0,0,0,663000
2458,義隆            ,863000,372000,491000,0,0,0,133000,0,133000,38000,0,68000,-68000,135000,29000,106000,662000
055015,帆宣元富97購01  ,0,0,0,0,0,0,0,0,0,660000,0,0,0,703000,43000,660000,660000
052205,台積電中信95購09,0,0,0,0,0,0,0,0,0,659000,0,0,0,958000,299000,659000,659000
052734,台表科國泰98購02,0,0,0,0,0,0,0,0,0,656000,0,0,0,1244000,588000,656000,656000
2027,大成鋼          ,926000,345000,581000,0,0,0,0,0,0,74000,10000,15000,-5000,195000,116000,79000,655000
044201,群創國票95購01  ,0,0,0,0,0,0,0,0,0,650000,0,0,0,887000,237000,650000,650000
049067,元油2X凱基94購02,0,0,0,0,0,0,0,0,0,650000,0,0,0,650000,0,650000,650000
047753,景碩元富93購01  ,0,0,0,0,0,0,0,0,0,647000,0,0,0,677000,30000,647000,647000
056635,亞德客日盛99購01,0,0,0,0,0,0,0,0,0,644000,0,0,0,872000,228000,644000,644000
055985,聯鈞元富97購01  ,0,0,0,0,0,0,0,0,0,641000,0,0,0,701000,60000,641000,641000
05891P,聯發科中信98售03,0,0,0,0,0,0,0,0,0,638000,0,0,0,670000,32000,638000,638000
050899,旭富元大95購01  ,0,0,0,0,0,0,0,0,0,638000,0,0,0,781000,143000,638000,638000
053441,旺宏凱基98購01  ,0,0,0,0,0,0,0,0,0,637000,0,0,0,730000,93000,637000,637000
051113,聯電元富95購01  ,0,0,0,0,0,0,0,0,0,634000,0,0,0,644000,10000,634000,634000
055601,茂林元大97購03  ,0,0,0,0,0,0,0,0,0,627000,0,0,0,657000,30000,627000,627000
044996,嘉晶國泰95購01  ,0,0,0,0,0,0,0,0,0,623000,0,0,0,624000,1000,623000,623000
2498,宏達電          ,785000,284000,501000,0,0,0,0,0,0,115000,0,15000,-15000,186000,56000,130000,616000
04886P,臺股指凱基94售20,0,0,0,0,0,0,0,0,0,615000,0,0,0,637000,22000,615000,615000
047304,元油2X元大96購02,0,0,0,0,0,0,0,0,0,605000,0,0,0,605000,0,605000,605000
055214,聯電凱基97購02  ,0,0,0,0,0,0,0,0,0,602000,0,0,0,664000,62000,602000,602000
05103P,臺股指凱基96售10,0,0,0,0,0,0,0,0,0,601000,0,0,0,771000,170000,601000,601000
054237,茂林群益97購01  ,0,0,0,0,0,0,0,0,0,600000,0,0,0,795000,195000,600000,600000
04383P,泰鼎國泰95售01  ,0,0,0,0,0,0,0,0,0,597000,0,0,0,801000,204000,597000,597000
06295P,國巨元大97售14  ,0,0,0,0,0,0,0,0,0,597000,0,0,0,600000,3000,597000,597000
00739,元大MSCI A股    ,0,0,0,0,0,0,0,0,0,591500,0,0,0,861000,269500,591500,591500
050376,百和元大95購01  ,0,0,0,0,0,0,0,0,0,590000,0,0,0,620000,30000,590000,590000
05748P,臺股指群益99售02,0,0,0,0,0,0,0,0,0,580000,0,0,0,650000,70000,580000,580000
051391,聯發科兆豐95購02,0,0,0,0,0,0,0,0,0,580000,0,0,0,610000,30000,580000,580000
9103,美德醫療-DR     ,573000,3000,570000,0,0,0,0,0,0,0,0,0,0,0,0,0,570000
06440P,台積電凱基98售07,0,0,0,0,0,0,0,0,0,568000,0,0,0,686000,118000,568000,568000
053717,聯發科凱基96購17,0,0,0,0,0,0,0,0,0,567000,0,0,0,698000,131000,567000,567000
2383,台光電          ,1575000,613000,962000,0,0,0,0,616000,-616000,214000,333000,91000,242000,14000,42000,-28000,560000
04023P,臺股指元富99售02,0,0,0,0,0,0,0,0,0,554000,0,0,0,614000,60000,554000,554000
057213,華邦電群益98購01,0,0,0,0,0,0,0,0,0,553000,0,0,0,564000,11000,553000,553000
055649,華新科元富97購03,0,0,0,0,0,0,0,0,0,553000,0,0,0,619000,66000,553000,553000
051858,上銀凱基95購01  ,0,0,0,0,0,0,0,0,0,548000,0,0,0,858000,310000,548000,548000
8150,南茂            ,502000,446000,56000,0,0,0,0,0,0,492000,0,33000,-33000,589000,64000,525000,548000
3530,晶相光          ,734000,322000,412000,0,0,0,0,0,0,134000,0,0,0,183000,49000,134000,546000
3041,揚智            ,723000,181000,542000,0,0,0,0,0,0,-2000,0,2000,-2000,0,0,0,540000
056326,TPK兆豐98購01   ,0,0,0,0,0,0,0,0,0,528000,0,0,0,578000,50000,528000,528000
053043,嘉晶凱基96購01  ,0,0,0,0,0,0,0,0,0,528000,0,0,0,749000,221000,528000,528000
049576,元油2X元大94購06,0,0,0,0,0,0,0,0,0,527000,0,0,0,587000,60000,527000,527000
2412,中華電          ,1331247,873000,458247,0,0,0,62000,0,62000,5000,50000,45000,5000,0,0,0,525247
055671,世紀鋼群益97購01,0,0,0,0,0,0,0,0,0,523000,0,0,0,643000,120000,523000,523000
046685,世紀鋼群益93購02,0,0,0,0,0,0,0,0,0,522000,0,0,0,522000,0,522000,522000
054056,華新科國票96購02,0,0,0,0,0,0,0,0,0,522000,0,0,0,569000,47000,522000,522000
2838,聯邦銀          ,830000,302000,528000,0,0,0,0,0,0,-11000,0,11000,-11000,0,0,0,517000
050641,上証反凱基96購01,0,0,0,0,0,0,0,0,0,511000,0,0,0,511000,0,511000,511000
8039,台虹            ,854000,490000,364000,0,0,0,205000,0,205000,-58000,0,175000,-175000,134000,17000,117000,511000
03191P,國巨國泰03售02  ,0,0,0,0,0,0,0,0,0,508000,0,0,0,508000,0,508000,508000
057434,國巨國票99購03  ,0,0,0,0,0,0,0,0,0,504000,0,0,0,688000,184000,504000,504000
8046,南電            ,1106000,521000,585000,0,0,0,0,0,0,-82000,55000,116000,-61000,40000,61000,-21000,503000
050030,嘉晶元大94購03  ,0,0,0,0,0,0,0,0,0,501000,0,0,0,560000,59000,501000,501000
06337P,祥碩元大97售05  ,0,0,0,0,0,0,0,0,0,501000,0,0,0,653000,152000,501000,501000
050304,台光電中信94購01,0,0,0,0,0,0,0,0,0,500000,0,0,0,700000,200000,500000,500000
04034P,技嘉群益93售03  ,0,0,0,0,0,0,0,0,0,499000,0,0,0,499000,0,499000,499000
05133P,臺股指日盛95售01,0,0,0,0,0,0,0,0,0,499000,0,0,0,502000,3000,499000,499000
050271,上緯控元大96購01,0,0,0,0,0,0,0,0,0,499000,0,0,0,499000,0,499000,499000
049620,美食群益94購01  ,0,0,0,0,0,0,0,0,0,499000,0,0,0,499000,0,499000,499000
03648C,T50反1元大96牛07,0,0,0,0,0,0,0,0,0,497000,0,0,0,2773000,2276000,497000,497000
050941,T50反1群益95購01,0,0,0,0,0,0,0,0,0,495000,0,0,0,500000,5000,495000,495000
05620P,大立光富邦9B售01,0,0,0,0,0,0,0,0,0,494000,0,0,0,531000,37000,494000,494000
051602,南茂兆豐96購01  ,0,0,0,0,0,0,0,0,0,493000,0,0,0,533000,40000,493000,493000
051935,味全群益95購01  ,0,0,0,0,0,0,0,0,0,491000,0,0,0,666000,175000,491000,491000
049046,同欣電兆豐94購01,0,0,0,0,0,0,0,0,0,484000,0,0,0,510000,26000,484000,484000
03253P,台灣50國泰03售02,0,0,0,0,0,0,0,0,0,482000,0,0,0,532000,50000,482000,482000
04437P,滬深2X群益98售03,0,0,0,0,0,0,0,0,0,481000,0,0,0,509000,28000,481000,481000
052670,茂林群益96購02  ,0,0,0,0,0,0,0,0,0,481000,0,0,0,606000,125000,481000,481000
044125,美律凱基93購01  ,0,0,0,0,0,0,0,0,0,480000,0,0,0,480000,0,480000,480000
051075,智邦國泰97購01  ,0,0,0,0,0,0,0,0,0,480000,0,0,0,599000,119000,480000,480000
054711,禾伸堂元富97購01,0,0,0,0,0,0,0,0,0,479000,0,0,0,485000,6000,479000,479000
047196,上銀統一97購01  ,0,0,0,0,0,0,0,0,0,477000,0,0,0,700000,223000,477000,477000
049532,同欣電台新94購01,0,0,0,0,0,0,0,0,0,477000,0,0,0,497000,20000,477000,477000
051940,康舒群益95購01  ,0,0,0,0,0,0,0,0,0,476000,0,0,0,681000,205000,476000,476000
051802,同欣電永豐95購02,0,0,0,0,0,0,0,0,0,475000,0,0,0,541000,66000,475000,475000
048894,光罩國泰94購01  ,0,0,0,0,0,0,0,0,0,475000,0,0,0,490000,15000,475000,475000
053184,世紀鋼元富96購01,0,0,0,0,0,0,0,0,0,473000,0,0,0,733000,260000,473000,473000
00671R,富邦NASDAQ反1   ,0,0,0,0,0,0,0,0,0,465000,0,0,0,468000,3000,465000,465000
04655P,臺股指凱基94售14,0,0,0,0,0,0,0,0,0,462000,0,0,0,462000,0,462000,462000
056315,同欣電元大97購05,0,0,0,0,0,0,0,0,0,456000,0,0,0,879000,423000,456000,456000
047946,南亞科統一93購04,0,0,0,0,0,0,0,0,0,452000,0,0,0,452000,0,452000,452000
056600,聯茂元富98購01  ,0,0,0,0,0,0,0,0,0,451000,0,0,0,456000,5000,451000,451000
04479P,同欣電中信96售02,0,0,0,0,0,0,0,0,0,450000,0,0,0,450000,0,450000,450000
2534,宏盛            ,499100,32000,467100,0,0,0,0,0,0,-21000,0,1000,-1000,0,20000,-20000,446100
057455,景碩國泰99購01  ,0,0,0,0,0,0,0,0,0,446000,0,0,0,600000,154000,446000,446000
055902,同欣電中信99購01,0,0,0,0,0,0,0,0,0,445000,0,0,0,712000,267000,445000,445000
04744P,臻鼎元富94售04  ,0,0,0,0,0,0,0,0,0,445000,0,0,0,455000,10000,445000,445000
055001,京鼎元富97購01  ,0,0,0,0,0,0,0,0,0,444000,0,0,0,550000,106000,444000,444000
055154,聯發科元大98購01,0,0,0,0,0,0,0,0,0,441000,0,0,0,546000,105000,441000,441000
054948,聯發科元大97購14,0,0,0,0,0,0,0,0,0,440000,0,0,0,440000,0,440000,440000
054841,亞德客兆豐97購01,0,0,0,0,0,0,0,0,0,440000,0,0,0,493000,53000,440000,440000
055018,緯穎元富97購02  ,0,0,0,0,0,0,0,0,0,438000,0,0,0,791000,353000,438000,438000
050214,嘉晶台新94購01  ,0,0,0,0,0,0,0,0,0,437000,0,0,0,437000,0,437000,437000
00673R,元大S&P原油反1  ,0,257000,-257000,0,0,0,0,0,0,692000,0,0,0,1257000,565000,692000,435000
046717,世紀鋼國泰94購01,0,0,0,0,0,0,0,0,0,435000,0,0,0,435000,0,435000,435000
053180,同欣電統一96購01,0,0,0,0,0,0,0,0,0,435000,0,0,0,435000,0,435000,435000
051222,世紀鋼元富95購01,0,0,0,0,0,0,0,0,0,434000,0,0,0,439000,5000,434000,434000
047408,嘉晶統一95購01  ,0,0,0,0,0,0,0,0,0,434000,0,0,0,545000,111000,434000,434000
1722,台肥            ,447000,128000,319000,0,0,0,6000,0,6000,109000,0,0,0,122000,13000,109000,434000
04289P,臺股指中信95售07,0,0,0,0,0,0,0,0,0,433000,0,0,0,579000,146000,433000,433000
050172,臺指反元大98購02,0,0,0,0,0,0,0,0,0,432000,0,0,0,588000,156000,432000,432000
04682P,臺股指統一96售01,0,0,0,0,0,0,0,0,0,430000,0,0,0,485000,55000,430000,430000
049738,神基群益94購01  ,0,0,0,0,0,0,0,0,0,430000,0,0,0,519000,89000,430000,430000
053034,上海銀兆豐96購01,0,0,0,0,0,0,0,0,0,428000,0,0,0,443000,15000,428000,428000
054647,禾伸堂群益99購01,0,0,0,0,0,0,0,0,0,426000,0,0,0,481000,55000,426000,426000
8926,台汽電          ,439000,135000,304000,0,0,0,2000,0,2000,119000,169000,50000,119000,0,0,0,425000
2501,國建            ,538000,112000,426000,0,0,0,0,0,0,-2000,0,2000,-2000,0,0,0,424000
047047,旺宏國票95購01  ,0,0,0,0,0,0,0,0,0,423000,0,0,0,580000,157000,423000,423000
053926,晶相光國票97購01,0,0,0,0,0,0,0,0,0,423000,0,0,0,477000,54000,423000,423000
056958,喬山永豐98購01  ,110000,0,110000,0,0,0,0,0,0,311000,0,0,0,476000,165000,311000,421000
05489P,臺股指凱基95售22,0,0,0,0,0,0,0,0,0,420000,0,0,0,435000,15000,420000,420000
050256,臺指反元大98購03,0,0,0,0,0,0,0,0,0,419000,0,0,0,450000,31000,419000,419000
2889,國票金          ,441000,23000,418000,0,0,0,0,0,0,0,0,0,0,0,0,0,418000
056002,嘉晶永豐97購01  ,0,0,0,0,0,0,0,0,0,417000,0,0,0,439000,22000,417000,417000
054246,國巨元大96購12  ,0,0,0,0,0,0,0,0,0,417000,0,0,0,560000,143000,417000,417000
051315,同欣電麥證95購01,0,0,0,446000,30000,416000,0,0,0,416000,0,0,0,446000,30000,416000,416000
03414B,臺股指凱基99熊01,0,0,0,0,0,0,0,0,0,416000,0,0,0,498000,82000,416000,416000
05763P,致新永豐96售01  ,0,0,0,0,0,0,0,0,0,415000,0,0,0,415000,0,415000,415000
046108,A50正2元大95購02,0,0,0,0,0,0,0,0,0,415000,0,0,0,505000,90000,415000,415000
05871P,全新凱基96售04  ,0,0,0,0,0,0,0,0,0,414000,0,0,0,430000,16000,414000,414000
049159,同欣電中信96購01,0,0,0,0,0,0,0,0,0,414000,0,0,0,512000,98000,414000,414000
054896,聯茂日盛97購01  ,0,0,0,0,0,0,0,0,0,413000,0,0,0,517000,104000,413000,413000
053255,貿聯國泰97購01  ,0,0,0,0,0,0,0,0,0,411000,0,0,0,604000,193000,411000,411000
051056,華新科群益95購03,0,0,0,0,0,0,0,0,0,410000,0,0,0,410000,0,410000,410000
044289,群創凱基93購04  ,0,0,0,0,0,0,0,0,0,408000,0,0,0,440000,32000,408000,408000
052319,可成元大95購12  ,0,0,0,0,0,0,0,0,0,408000,0,0,0,596000,188000,408000,408000
2609,陽明            ,468000,60000,408000,0,0,0,0,0,0,0,0,0,0,0,0,0,408000
05447P,臺股指元大95售24,0,0,0,0,0,0,0,0,0,407000,0,0,0,500000,93000,407000,407000
055639,上銀元富97購02  ,0,0,0,0,0,0,0,0,0,406000,0,0,0,1017000,611000,406000,406000
051732,華通國票97購01  ,0,0,0,0,0,0,0,0,0,406000,0,0,0,497000,91000,406000,406000
053600,同欣電元大96購04,0,0,0,0,0,0,0,0,0,405000,0,0,0,488000,83000,405000,405000
049617,光罩群益94購03  ,0,0,0,0,0,0,0,0,0,404000,0,0,0,414000,10000,404000,404000
049652,GIS凱基94購05   ,0,0,0,0,0,0,0,0,0,404000,0,0,0,414000,10000,404000,404000
048287,嘉晶兆豐94購01  ,0,0,0,0,0,0,0,0,0,401000,0,0,0,401000,0,401000,401000
056155,嘉晶凱基97購01  ,0,0,0,0,0,0,0,0,0,400000,0,0,0,475000,75000,400000,400000
046146,南亞科第一92購01,0,0,0,0,0,0,0,0,0,399000,0,0,0,399000,0,399000,399000
044941,鴻海群益93購01  ,0,0,0,0,0,0,0,0,0,399000,0,0,0,399000,0,399000,399000
03639C,元油2X元大9B牛01,0,0,0,0,0,0,0,0,0,399000,0,0,0,426000,27000,399000,399000
05589P,大立光中信9A售01,0,0,0,0,0,0,0,0,0,398000,0,0,0,418000,20000,398000,398000
05361P,聯發科富邦97售01,0,0,0,0,0,0,0,0,0,398000,0,0,0,398000,0,398000,398000
06564P,國巨富邦9A售04  ,0,0,0,0,0,0,0,0,0,396000,0,0,0,405000,9000,396000,396000
054131,南亞科元大96購04,0,0,0,0,0,0,0,0,0,395000,0,0,0,458000,63000,395000,395000
055417,健策富邦98購02  ,0,0,0,0,0,0,0,0,0,393000,0,0,0,869000,476000,393000,393000
050560,聯詠統一94購02  ,0,0,0,0,0,0,0,0,0,393000,0,0,0,609000,216000,393000,393000
055412,旺宏富邦99購01  ,0,0,0,0,0,0,0,0,0,390000,0,0,0,400000,10000,390000,390000
055421,玉晶光永豐98購04,0,0,0,0,0,0,0,0,0,390000,0,0,0,391000,1000,390000,390000
054275,華通群益97購03  ,0,0,0,0,0,0,0,0,0,389000,0,0,0,400000,11000,389000,389000
9933,中鼎            ,500000,110000,390000,0,0,0,0,0,0,-1000,0,1000,-1000,0,0,0,389000
055990,矽創元富97購01  ,0,0,0,0,0,0,0,0,0,387000,0,0,0,417000,30000,387000,387000
054095,同欣電群益98購03,0,0,0,0,0,0,0,0,0,387000,0,0,0,469000,82000,387000,387000
04890P,台積電元大95售05,0,0,0,0,0,0,0,0,0,382000,0,0,0,382000,0,382000,382000
5521,工信            ,529000,144000,385000,0,0,0,0,0,0,-3000,0,3000,-3000,0,0,0,382000
048476,同欣電永豐93購01,0,0,0,0,0,0,0,0,0,381000,0,0,0,455000,74000,381000,381000
05989P,健策元富96售01  ,0,0,0,0,0,0,0,0,0,377000,0,0,0,389000,12000,377000,377000
06085P,義隆台新97售01  ,0,0,0,0,0,0,0,0,0,376000,0,0,0,401000,25000,376000,376000
04267P,康控元富93售04  ,0,0,0,0,0,0,0,0,0,375000,0,0,0,399000,24000,375000,375000
052296,TPK國票96購01   ,0,0,0,0,0,0,0,0,0,374000,0,0,0,569000,195000,374000,374000
00656R,國泰中國A50反1  ,261000,0,261000,0,0,0,0,0,0,110000,0,0,0,496000,386000,110000,371000
03645P,群創統一92售01  ,0,0,0,0,0,0,0,0,0,370000,0,0,0,370000,0,370000,370000
053481,同欣電元大97購01,0,0,0,0,0,0,0,0,0,368000,0,0,0,518000,150000,368000,368000
3704,合勤控          ,591000,223000,368000,0,0,0,0,0,0,0,0,0,0,0,0,0,368000
053380,南亞科元大97購01,0,0,0,0,0,0,0,0,0,366000,0,0,0,419000,53000,366000,366000
052414,聯電麥證95購01  ,0,0,0,400000,35000,365000,0,0,0,365000,0,0,0,400000,35000,365000,365000
049079,聯發科凱基94購04,0,0,0,0,0,0,0,0,0,365000,0,0,0,370000,5000,365000,365000
03874P,臺股指群益95售01,0,0,0,0,0,0,0,0,0,364000,0,0,0,514000,150000,364000,364000
00634R,富邦上証反1     ,105000,75000,30000,0,0,0,0,0,0,334000,0,0,0,517000,183000,334000,364000
055179,大立光統一97購04,0,0,0,0,0,0,0,0,0,363000,0,0,0,590000,227000,363000,363000
053251,世紀鋼國票97購02,0,0,0,0,0,0,0,0,0,360000,0,0,0,360000,0,360000,360000
05749P,臺股指群益99售03,0,0,0,0,0,0,0,0,0,359000,0,0,0,518000,159000,359000,359000
3653,健策            ,337000,169000,168000,0,0,0,90000,0,90000,101000,86000,26000,60000,93000,52000,41000,359000
06379P,群創統一97售05  ,0,0,0,0,0,0,0,0,0,356000,0,0,0,543000,187000,356000,356000
056720,世紀鋼永豐98購01,0,0,0,0,0,0,0,0,0,355000,0,0,0,357000,2000,355000,355000
055102,上銀凱基98購01  ,0,0,0,0,0,0,0,0,0,354000,0,0,0,825000,471000,354000,354000
055743,TPK元富98購01   ,0,0,0,0,0,0,0,0,0,353000,0,0,0,463000,110000,353000,353000
054016,嘉晶永豐96購04  ,0,0,0,0,0,0,0,0,0,352000,0,0,0,369000,17000,352000,352000
2481,強茂            ,473000,130000,343000,0,0,0,0,0,0,9000,0,5000,-5000,23000,9000,14000,352000
04104P,臺股指國票93售11,0,0,0,0,0,0,0,0,0,350000,0,0,0,444000,94000,350000,350000
057303,喬山兆豐99購01  ,0,0,0,0,0,0,0,0,0,349000,0,0,0,435000,86000,349000,349000
055093,京鼎群益98購01  ,0,0,0,0,0,0,0,0,0,349000,0,0,0,453000,104000,349000,349000
050929,中磊凱基95購01  ,0,0,0,0,0,0,0,0,0,348000,0,0,0,348000,0,348000,348000
5871,中租-KY         ,1842055,1487699,354356,0,0,0,15000,5000,10000,-18000,2000,20000,-18000,0,0,0,346356
04792P,智邦元大94售06  ,0,0,0,0,0,0,0,0,0,346000,0,0,0,436000,90000,346000,346000
8215,明基材          ,508000,160000,348000,0,0,0,0,0,0,-2000,0,2000,-2000,0,0,0,346000
052251,台光電永豐95購03,0,0,0,0,0,0,0,0,0,344000,0,0,0,354000,10000,344000,344000
051969,世紀鋼永豐95購01,0,0,0,0,0,0,0,0,0,343000,0,0,0,343000,0,343000,343000
056915,上銀兆豐99購01  ,0,0,0,0,0,0,0,0,0,342000,0,0,0,537000,195000,342000,342000
051127,同欣電群益95購01,0,0,0,0,0,0,0,0,0,342000,0,0,0,449000,107000,342000,342000
055029,帆宣國泰99購01  ,0,0,0,0,0,0,0,0,0,340000,0,0,0,648000,308000,340000,340000
04748P,臺股指元大94售23,0,0,0,0,0,0,0,0,0,337000,0,0,0,477000,140000,337000,337000
049480,同欣電永豐94購01,0,0,0,0,0,0,0,0,0,337000,0,0,0,414000,77000,337000,337000
054206,鴻海國票99購01  ,0,0,0,0,0,0,0,0,0,337000,0,0,0,929000,592000,337000,337000
054497,國巨永豐96購05  ,0,0,0,0,0,0,0,0,0,336000,0,0,0,644000,308000,336000,336000
045873,元油2X元富98購04,0,0,0,0,0,0,0,0,0,335000,0,0,0,387000,52000,335000,335000
050218,世紀鋼統一94購02,0,0,0,0,0,0,0,0,0,335000,0,0,0,587000,252000,335000,335000
2014,中鴻            ,350000,10000,340000,0,0,0,0,0,0,-5000,0,5000,-5000,0,0,0,335000
06007P,世芯永豐96售01  ,0,0,0,0,0,0,0,0,0,334000,0,0,0,336000,2000,334000,334000
050970,康舒永豐95購01  ,0,0,0,0,0,0,0,0,0,334000,0,0,0,334000,0,334000,334000
050314,晶技兆豐94購01  ,0,0,0,0,0,0,0,0,0,332000,0,0,0,487000,155000,332000,332000
052860,旺宏凱基96購03  ,0,0,0,0,0,0,0,0,0,332000,0,0,0,400000,68000,332000,332000
050934,喬山國票96購01  ,350000,0,350000,0,0,0,0,0,0,-19000,0,0,0,341000,360000,-19000,331000
051939,同欣電群益97購01,0,0,0,0,0,0,0,0,0,331000,0,0,0,445000,114000,331000,331000
055576,嘉晶統一98購01  ,0,0,0,0,0,0,0,0,0,330000,0,0,0,330000,0,330000,330000
050975,楠梓電統一95購01,0,0,0,0,0,0,0,0,0,330000,0,0,0,330000,0,330000,330000
05269P,臻鼎元大95售05  ,0,0,0,0,0,0,0,0,0,330000,0,0,0,380000,50000,330000,330000
053069,同欣電群益98購01,0,0,0,0,0,0,0,0,0,329000,0,0,0,452000,123000,329000,329000
06375P,矽力元大97售06  ,0,0,0,0,0,0,0,0,0,328000,0,0,0,328000,0,328000,328000
055953,上銀元大97購09  ,0,0,0,0,0,0,0,0,0,327000,0,0,0,636000,309000,327000,327000
05682P,大立光元大98售03,0,0,0,0,0,0,0,0,0,327000,0,0,0,358000,31000,327000,327000
048381,T50反1國票94購03,0,101000,-101000,0,0,0,0,0,0,428000,0,0,0,428000,0,428000,327000
05650P,台積電富邦96售01,0,0,0,0,0,0,0,0,0,325000,0,0,0,325000,0,325000,325000
053252,華邦電國泰98購01,0,0,0,0,0,0,0,0,0,325000,0,0,0,350000,25000,325000,325000
05729P,臺股指凱基97售02,0,0,0,0,0,0,0,0,0,324000,0,0,0,334000,10000,324000,324000
055701,亞德客富邦99購01,0,0,0,0,0,0,0,0,0,322000,0,0,0,1012000,690000,322000,322000
054982,國巨元富97購03  ,0,0,0,0,0,0,0,0,0,322000,0,0,0,629000,307000,322000,322000
2345,智邦            ,2016225,1563000,453225,0,0,0,2000,0,2000,-134000,47000,132000,-85000,32000,81000,-49000,321225
051457,寶成元大95購01  ,0,0,0,0,0,0,0,0,0,321000,0,0,0,321000,0,321000,321000
053265,南亞科群益96購02,0,0,0,0,0,0,0,0,0,321000,0,0,0,521000,200000,321000,321000
048288,T50反1群益93購05,0,0,0,0,0,0,0,0,0,320000,0,0,0,320000,0,320000,320000
049884,訊芯永豐94購01  ,0,0,0,0,0,0,0,0,0,320000,0,0,0,400000,80000,320000,320000
047723,廣宇群益94購01  ,0,0,0,0,0,0,0,0,0,319000,0,0,0,319000,0,319000,319000
048237,致茂國票94購01  ,0,0,0,0,0,0,0,0,0,318000,0,0,0,358000,40000,318000,318000
05176P,台積電凱基95售11,0,0,0,0,0,0,0,0,0,318000,0,0,0,318000,0,318000,318000
06076P,大立光凱基98售03,0,0,0,0,0,0,0,0,0,317000,0,0,0,317000,0,317000,317000
047799,技嘉兆豐93購01  ,0,0,0,0,0,0,0,0,0,317000,0,0,0,317000,0,317000,317000
050470,智邦台新94購01  ,0,0,0,0,0,0,0,0,0,316000,0,0,0,326000,10000,316000,316000
054794,貿聯群益98購01  ,0,0,0,0,0,0,0,0,0,315000,0,0,0,605000,290000,315000,315000
05704P,矽力群益96售04  ,0,0,0,0,0,0,0,0,0,314000,0,0,0,336000,22000,314000,314000
054803,味全元大9A購01  ,0,0,0,0,0,0,0,0,0,314000,0,0,0,321000,7000,314000,314000
053759,晶相光國泰98購01,0,0,0,0,0,0,0,0,0,313000,0,0,0,492000,179000,313000,313000
055654,景碩元富97購01  ,0,0,0,0,0,0,0,0,0,312000,0,0,0,449000,137000,312000,312000
051944,智邦統一95購02  ,0,0,0,0,0,0,0,0,0,311000,0,0,0,337000,26000,311000,311000
051479,兆豐金凱基95購01,0,0,0,0,0,0,0,0,0,311000,0,0,0,341000,30000,311000,311000
053432,世紀鋼永豐96購02,0,0,0,0,0,0,0,0,0,311000,0,0,0,341000,30000,311000,311000
048612,嘉晶凱基93購05  ,0,0,0,0,0,0,0,0,0,310000,0,0,0,310000,0,310000,310000
050628,美律中信94購02  ,0,0,0,0,0,0,0,0,0,310000,0,0,0,340000,30000,310000,310000
049538,元油2X群益98購01,0,0,0,0,0,0,0,0,0,308000,0,0,0,508000,200000,308000,308000
06077P,GIS凱基97售02   ,0,0,0,0,0,0,0,0,0,307000,0,0,0,313000,6000,307000,307000
057308,同欣電兆豐99購01,0,0,0,0,0,0,0,0,0,307000,0,0,0,339000,32000,307000,307000
046484,華泰國泰93購01  ,0,0,0,0,0,0,0,0,0,307000,0,0,0,307000,0,307000,307000
055030,帆宣國泰99購02  ,0,0,0,0,0,0,0,0,0,306000,0,0,0,430000,124000,306000,306000
055910,瑞昱凱基98購01  ,0,0,0,0,0,0,0,0,0,305000,0,0,0,305000,0,305000,305000
047759,復盛元富93購01  ,0,0,0,0,0,0,0,0,0,305000,0,0,0,305000,0,305000,305000
052771,GIS群益96購01   ,0,0,0,0,0,0,0,0,0,305000,0,0,0,490000,185000,305000,305000
048068,南亞科元富95購01,0,0,0,0,0,0,0,0,0,304000,0,0,0,345000,41000,304000,304000
5264,鎧勝-KY         ,531000,253000,278000,0,0,0,0,0,0,26000,0,0,0,26000,0,26000,304000
053322,京鼎群益97購01  ,0,0,0,0,0,0,0,0,0,301000,0,0,0,350000,49000,301000,301000
048714,巨大康和94購01  ,0,0,0,0,0,0,0,0,0,300000,0,0,0,300000,0,300000,300000
044637,滬深2X元富94購01,0,0,0,0,0,0,0,0,0,300000,0,0,0,300000,0,300000,300000
04041P,大立光統一94售03,0,0,0,0,0,0,0,0,0,300000,0,0,0,300000,0,300000,300000
050790,昇陽半國泰96購02,0,0,0,0,0,0,0,0,0,300000,0,0,0,322000,22000,300000,300000
049799,旺宏元大96購01  ,0,0,0,0,0,0,0,0,0,300000,0,0,0,334000,34000,300000,300000
052012,聯發科台新95購02,0,0,0,0,0,0,0,0,0,300000,0,0,0,300000,0,300000,300000
051813,GIS凱基96購02   ,0,0,0,0,0,0,0,0,0,300000,0,0,0,300000,0,300000,300000
050462,寶成元大94購01  ,0,0,0,0,0,0,0,0,0,300000,0,0,0,300000,0,300000,300000
05036P,義隆元大95售03  ,0,0,0,0,0,0,0,0,0,300000,0,0,0,300000,0,300000,300000
050055,道瓊反凱基95購01,0,0,0,0,0,0,0,0,0,300000,0,0,0,300000,0,300000,300000
05263P,台積電元大96售09,0,0,0,0,0,0,0,0,0,300000,0,0,0,370000,70000,300000,300000
05293P,廣達凱基95售01  ,0,0,0,0,0,0,0,0,0,300000,0,0,0,300000,0,300000,300000
054288,華邦電元大96購05,0,0,0,0,0,0,0,0,0,300000,0,0,0,417000,117000,300000,300000
07866P,上証2X國票97售01,0,0,0,0,0,0,0,0,0,300000,0,0,0,600000,300000,300000,300000
048847,A50群益98購01   ,0,0,0,0,0,0,0,0,0,299000,0,0,0,300000,1000,299000,299000
051943,台積電麥證95購03,0,0,0,310000,11000,299000,0,0,0,299000,0,0,0,310000,11000,299000,299000
052133,華邦電凱基9B購01,0,0,0,0,0,0,0,0,0,299000,0,0,0,407000,108000,299000,299000
05427P,聯發科凱基96售07,0,0,0,0,0,0,0,0,0,299000,0,0,0,371000,72000,299000,299000
054353,世紀鋼國泰98購01,0,0,0,0,0,0,0,0,0,299000,0,0,0,369000,70000,299000,299000
05697P,友達凱基96售01  ,0,0,0,0,0,0,0,0,0,298000,0,0,0,304000,6000,298000,298000
050562,瑞昱元富94購02  ,0,0,0,0,0,0,0,0,0,298000,0,0,0,307000,9000,298000,298000
054046,義隆元大96購02  ,0,0,0,0,0,0,0,0,0,295000,0,0,0,440000,145000,295000,295000
06426P,T50正2元大9B售01,0,0,0,0,0,0,0,0,0,295000,0,0,0,402000,107000,295000,295000
05848P,臺股指元大96售24,0,0,0,0,0,0,0,0,0,294000,0,0,0,330000,36000,294000,294000
055360,台表科凱基97購02,0,0,0,0,0,0,0,0,0,294000,0,0,0,436000,142000,294000,294000
055819,晶相光國票98購01,0,0,0,0,0,0,0,0,0,293000,0,0,0,410000,117000,293000,293000
052196,TPK元富95購01   ,0,0,0,0,0,0,0,0,0,293000,0,0,0,353000,60000,293000,293000
044805,旭富凱基93購01  ,0,0,0,0,0,0,0,0,0,291000,0,0,0,292000,1000,291000,291000
052377,景碩元大96購02  ,0,0,0,0,0,0,0,0,0,291000,0,0,0,344000,53000,291000,291000
056234,GIS麥證97購01   ,0,0,0,331000,20000,311000,0,0,0,290000,0,0,0,331000,41000,290000,290000
08602P,台灣50凱基96售04,0,0,0,0,0,0,0,0,0,290000,0,0,0,290000,0,290000,290000
05585P,臺股指凱基96售14,0,0,0,0,0,0,0,0,0,289000,0,0,0,311000,22000,289000,289000
055718,可成元大97購02  ,0,0,0,0,0,0,0,0,0,289000,0,0,0,322000,33000,289000,289000
2349,錸德            ,851000,562000,289000,0,0,0,0,0,0,0,0,0,0,0,0,0,289000
06006P,欣興永豐96售04  ,0,0,0,0,0,0,0,0,0,287000,0,0,0,367000,80000,287000,287000
00686R,群益臺灣加權反1 ,0,0,0,0,0,0,0,0,0,287000,0,0,0,312000,25000,287000,287000
054802,高股息元大97購01,0,0,0,0,0,0,0,0,0,287000,0,0,0,300000,13000,287000,287000
06229P,欣興凱基97售07  ,0,0,0,0,0,0,0,0,0,287000,0,0,0,373000,86000,287000,287000
055722,聯鈞元大97購03  ,0,0,0,0,0,0,0,0,0,285000,0,0,0,431000,146000,285000,285000
048271,可成富邦95購02  ,0,0,0,0,0,0,0,0,0,285000,0,0,0,400000,115000,285000,285000
055115,日月光凱基98購01,0,0,0,0,0,0,0,0,0,285000,0,0,0,285000,0,285000,285000
05516P,台積電元大96售12,0,0,0,0,0,0,0,0,0,285000,0,0,0,325000,40000,285000,285000
046896,臻鼎群益94購01  ,0,0,0,0,0,0,0,0,0,284000,0,0,0,336000,52000,284000,284000
00743,國泰中國A150    ,0,0,0,0,0,0,0,0,0,284000,0,0,0,302000,18000,284000,284000
048937,玉晶光永豐95購01,0,0,0,0,0,0,0,0,0,284000,0,0,0,314000,30000,284000,284000
08218P,滬深2X凱基96售01,0,0,0,0,0,0,0,0,0,284000,0,0,0,350000,66000,284000,284000
052345,矽力凱基95購01  ,0,0,0,0,0,0,0,0,0,283000,0,0,0,318000,35000,283000,283000
052347,GIS凱基95購05   ,0,0,0,0,0,0,0,0,0,283000,0,0,0,379000,96000,283000,283000
3090,日電貿          ,953000,681000,272000,0,0,0,0,0,0,11000,0,0,0,64000,53000,11000,283000
05684P,臺股指元大96售09,0,0,0,0,0,0,0,0,0,282000,0,0,0,332000,50000,282000,282000
056657,華邦電元大99購01,0,0,0,0,0,0,0,0,0,282000,0,0,0,300000,18000,282000,282000
052439,寶成富邦97購01  ,0,0,0,0,0,0,0,0,0,282000,0,0,0,282000,0,282000,282000
055938,矽力群益97購01  ,0,0,0,0,0,0,0,0,0,281000,0,0,0,322000,41000,281000,281000
053048,同欣電麥證96購01,0,0,0,291000,10000,281000,0,0,0,281000,0,0,0,291000,10000,281000,281000
045996,南電富邦94購01  ,0,0,0,0,0,0,0,0,0,280000,0,0,0,287000,7000,280000,280000
047848,可成統一93購01  ,0,0,0,0,0,0,0,0,0,280000,0,0,0,280000,0,280000,280000
055249,大毅統一99購01  ,0,0,0,0,0,0,0,0,0,280000,0,0,0,635000,355000,280000,280000
055993,致茂國泰99購01  ,0,0,0,0,0,0,0,0,0,279000,0,0,0,379000,100000,279000,279000
057300,訊連永豐98購01  ,0,0,0,0,0,0,0,0,0,279000,0,0,0,279000,0,279000,279000
049913,微星元大94購01  ,0,0,0,0,0,0,0,0,0,279000,0,0,0,280000,1000,279000,279000
046855,嘉晶元大94購01  ,0,0,0,0,0,0,0,0,0,277000,0,0,0,454000,177000,277000,277000
04644P,全新凱基94售01  ,0,0,0,0,0,0,0,0,0,277000,0,0,0,320000,43000,277000,277000
06215P,康控永豐97售02  ,0,0,0,0,0,0,0,0,0,277000,0,0,0,360000,83000,277000,277000
9958,世紀鋼          ,585000,220000,365000,0,0,0,100000,0,100000,-188000,90000,1000,89000,17000,294000,-277000,277000
055142,健策永豐98購01  ,0,0,0,0,0,0,0,0,0,274000,0,0,0,519000,245000,274000,274000
053269,同欣電群益96購01,0,0,0,0,0,0,0,0,0,274000,0,0,0,511000,237000,274000,274000
056048,同欣電兆豐97購01,0,0,0,0,0,0,0,0,0,273000,0,0,0,621000,348000,273000,273000
047629,深中小元大96購01,0,0,0,0,0,0,0,0,0,273000,0,0,0,274000,1000,273000,273000
052048,景碩凱基95購01  ,0,0,0,0,0,0,0,0,0,273000,0,0,0,273000,0,273000,273000
052876,GIS凱基96購03   ,0,0,0,0,0,0,0,0,0,273000,0,0,0,310000,37000,273000,273000
050094,T50反1國泰95購01,0,0,0,0,0,0,0,0,0,272000,0,0,0,272000,0,272000,272000
048936,玉晶光永豐94購05,0,0,0,0,0,0,0,0,0,272000,0,0,0,272000,0,272000,272000
048573,世紀鋼元大93購05,0,0,0,0,0,0,0,0,0,271000,0,0,0,271000,0,271000,271000
049393,世紀鋼第一94購01,0,0,0,0,0,0,0,0,0,271000,0,0,0,271000,0,271000,271000
06603P,立積統一99售01  ,0,0,0,0,0,0,0,0,0,271000,0,0,0,316000,45000,271000,271000
056637,台光電日盛9A購01,0,0,0,0,0,0,0,0,0,270000,0,0,0,357000,87000,270000,270000
04862P,台積電元大94售26,0,0,0,0,0,0,0,0,0,270000,0,0,0,270000,0,270000,270000
046142,康舒統一93購01  ,0,0,0,0,0,0,0,0,0,270000,0,0,0,300000,30000,270000,270000
052343,同欣電凱基95購03,0,0,0,0,0,0,0,0,0,270000,0,0,0,290000,20000,270000,270000
055122,國巨兆豐98購01  ,0,0,0,0,0,0,0,0,0,270000,0,0,0,562000,292000,270000,270000
048249,嘉澤兆豐94購01  ,0,0,0,0,0,0,0,0,0,269000,0,0,0,299000,30000,269000,269000
055028,佐登國泰98購01  ,0,0,0,0,0,0,0,0,0,269000,0,0,0,317000,48000,269000,269000
05496P,聯詠統一95售04  ,0,0,0,0,0,0,0,0,0,269000,0,0,0,430000,161000,269000,269000
057249,華邦電統一9A購01,0,0,0,0,0,0,0,0,0,268000,0,0,0,351000,83000,268000,268000
044270,群創中信95購02  ,0,0,0,0,0,0,0,0,0,268000,0,0,0,319000,51000,268000,268000
055655,群創元富99購07  ,0,0,0,0,0,0,0,0,0,267000,0,0,0,2388000,2121000,267000,267000
053079,世紀鋼永豐96購01,0,0,0,0,0,0,0,0,0,267000,0,0,0,407000,140000,267000,267000
2841,台開            ,470000,197000,273000,0,0,0,0,0,0,-6000,0,6000,-6000,0,0,0,267000
054331,世芯永豐96購03  ,0,0,0,0,0,0,0,0,0,266000,0,0,0,270000,4000,266000,266000
1513,中興電          ,496000,272000,224000,0,0,0,40000,0,40000,2000,4000,2000,2000,0,0,0,266000
055392,凱美統一97購03  ,0,0,0,0,0,0,0,0,0,264000,0,0,0,329000,65000,264000,264000
006207,FH滬深          ,0,0,0,0,0,0,0,0,0,264000,0,0,0,638000,374000,264000,264000
056025,嘉晶群益97購01  ,0,0,0,0,0,0,0,0,0,263000,0,0,0,307000,44000,263000,263000
056935,華新科元富98購02,0,0,0,0,0,0,0,0,0,262000,0,0,0,318000,56000,262000,262000
049438,嘉晶國泰96購01  ,0,0,0,0,0,0,0,0,0,262000,0,0,0,310000,48000,262000,262000
2601,益航            ,388000,125000,263000,0,0,0,0,0,0,-1000,0,1000,-1000,0,0,0,262000
04687P,全新凱基94售02  ,0,0,0,0,0,0,0,0,0,261000,0,0,0,320000,59000,261000,261000
052124,京鼎國票95購01  ,0,0,0,0,0,0,0,0,0,261000,0,0,0,320000,59000,261000,261000
052676,聯發科永昌98購01,0,0,0,0,0,0,0,0,0,261000,0,0,0,384000,123000,261000,261000
053912,T50反1國票97購02,0,0,0,0,0,0,0,0,0,260000,0,0,0,330000,70000,260000,260000
05397P,大立光凱基96售08,0,0,0,0,0,0,0,0,0,260000,0,0,0,270000,10000,260000,260000
4977,眾達-KY         ,333000,71000,262000,0,0,0,0,0,0,-2000,15000,16000,-1000,0,1000,-1000,260000
05999P,世芯元大96售01  ,0,0,0,0,0,0,0,0,0,259000,0,0,0,464000,205000,259000,259000
04434P,玉晶光國票96售02,0,0,0,0,0,0,0,0,0,259000,0,0,0,501000,242000,259000,259000
05261P,鴻海元大95售20  ,0,0,0,0,0,0,0,0,0,259000,0,0,0,935000,676000,259000,259000
1905,華紙            ,298000,38000,260000,0,0,0,0,0,0,-1000,0,1000,-1000,0,0,0,259000
055808,世紀鋼永豐97購01,0,0,0,0,0,0,0,0,0,256000,0,0,0,395000,139000,256000,256000
053363,旺宏國泰98購02  ,0,0,0,0,0,0,0,0,0,255000,0,0,0,284000,29000,255000,255000
0061,元大寶滬深      ,301000,0,301000,0,0,0,0,0,0,-47000,0,70000,-70000,127000,104000,23000,254000
049940,臺股指元大94購21,0,0,0,0,0,0,0,0,0,254000,0,0,0,266000,12000,254000,254000
1409,新纖            ,323000,68000,255000,0,0,0,0,0,0,-1000,0,1000,-1000,0,0,0,254000
056100,楠梓電永豐97購02,0,0,0,0,0,0,0,0,0,253000,0,0,0,253000,0,253000,253000
051272,嘉晶群益95購01  ,0,0,0,0,0,0,0,0,0,252000,0,0,0,304000,52000,252000,252000
054975,福懋科元大97購01,0,0,0,0,0,0,0,0,0,252000,0,0,0,579000,327000,252000,252000
052020,聯茂永豐95購02  ,0,0,0,0,0,0,0,0,0,251000,0,0,0,251000,0,251000,251000
054907,帆宣康和97購01  ,0,0,0,0,0,0,0,0,0,251000,0,0,0,335000,84000,251000,251000
052764,景碩群益98購01  ,0,0,0,0,0,0,0,0,0,251000,0,0,0,286000,35000,251000,251000
052849,可成統一97購01  ,0,0,0,0,0,0,0,0,0,251000,0,0,0,266000,15000,251000,251000
2845,遠東銀          ,427702,203000,224702,0,0,0,26000,0,26000,0,0,0,0,0,0,0,250702
056552,台表科凱基99購01,0,0,0,0,0,0,0,0,0,250000,0,0,0,388000,138000,250000,250000
055737,開發金元富97購01,0,0,0,0,0,0,0,0,0,250000,0,0,0,250000,0,250000,250000
055387,世紀鋼元大97購01,0,0,0,0,0,0,0,0,0,250000,0,0,0,264000,14000,250000,250000
048126,TPK元大94購02   ,0,0,0,0,0,0,0,0,0,250000,0,0,0,250000,0,250000,250000
051126,訊連群益95購01  ,0,0,0,0,0,0,0,0,0,250000,0,0,0,409000,159000,250000,250000
049935,南電元大94購08  ,0,0,0,0,0,0,0,0,0,250000,0,0,0,254000,4000,250000,250000
052209,深中小元大95購02,0,0,0,0,0,0,0,0,0,250000,0,0,0,250000,0,250000,250000
055277,旺宏元大97購04  ,0,0,0,0,0,0,0,0,0,250000,0,0,0,282000,32000,250000,250000
056294,上銀元大97購11  ,0,0,0,0,0,0,0,0,0,249000,0,0,0,590000,341000,249000,249000
056865,樺漢群益98購01  ,0,0,0,0,0,0,0,0,0,249000,0,0,0,376000,127000,249000,249000
047540,技嘉麥證93購01  ,0,0,0,249000,0,249000,0,0,0,249000,0,0,0,249000,0,249000,249000
045478,世紀鋼元大93購02,0,0,0,0,0,0,0,0,0,249000,0,0,0,249000,0,249000,249000
054280,牧德群益98購01  ,0,0,0,0,0,0,0,0,0,249000,0,0,0,333000,84000,249000,249000
054359,南亞科日盛96購02,0,0,0,0,0,0,0,0,0,249000,0,0,0,287000,38000,249000,249000
2342,茂矽            ,593000,359000,234000,0,0,0,0,0,0,15000,19000,4000,15000,0,0,0,249000
055744,茂林元富97購02  ,0,0,0,0,0,0,0,0,0,248000,0,0,0,945000,697000,248000,248000
047604,智原國泰95購01  ,0,0,0,0,0,0,0,0,0,248000,0,0,0,250000,2000,248000,248000
049155,同欣電元大94購01,0,0,0,0,0,0,0,0,0,248000,0,0,0,250000,2000,248000,248000
056312,茂林元大98購01  ,0,0,0,0,0,0,0,0,0,247000,0,0,0,358000,111000,247000,247000
052001,寶成元大95購02  ,0,0,0,0,0,0,0,0,0,247000,0,0,0,310000,63000,247000,247000
05939P,聯發科凱基96售20,0,0,0,0,0,0,0,0,0,245000,0,0,0,267000,22000,245000,245000
051061,中磊群益95購01  ,0,0,0,0,0,0,0,0,0,245000,0,0,0,269000,24000,245000,245000
05796P,臺股指群益96售10,0,0,0,0,0,0,0,0,0,244000,0,0,0,259000,15000,244000,244000
049123,可成元富94購01  ,0,0,0,0,0,0,0,0,0,244000,0,0,0,250000,6000,244000,244000
054774,同欣電國票98購01,0,0,0,0,0,0,0,0,0,243000,0,0,0,591000,348000,243000,243000
048350,世紀鋼元大95購01,0,0,0,0,0,0,0,0,0,242000,0,0,0,243000,1000,242000,242000
054361,技嘉凱基96購01  ,0,0,0,0,0,0,0,0,0,242000,0,0,0,456000,214000,242000,242000
05881P,彩晶康和96售01  ,0,0,0,0,0,0,0,0,0,241000,0,0,0,241000,0,241000,241000
06595P,祥碩元大98售03  ,0,0,0,0,0,0,0,0,0,241000,0,0,0,322000,81000,241000,241000
055709,深中小元大97購03,0,0,0,0,0,0,0,0,0,240000,0,0,0,250000,10000,240000,240000
050132,日電貿凱基94購02,0,0,0,0,0,0,0,0,0,240000,0,0,0,301000,61000,240000,240000
049369,義隆元大95購01  ,0,0,0,0,0,0,0,0,0,240000,0,0,0,240000,0,240000,240000
051012,台積電凱基95購04,0,0,0,0,0,0,0,0,0,239000,0,0,0,263000,24000,239000,239000
056240,嘉晶群益97購02  ,0,0,0,0,0,0,0,0,0,238000,0,0,0,310000,72000,238000,238000
056821,日電貿永豐98購01,0,0,0,0,0,0,0,0,0,238000,0,0,0,312000,74000,238000,238000
08795P,聯發科凱基01售11,0,0,0,0,0,0,0,0,0,238000,0,0,0,268000,30000,238000,238000
056721,台灣50永昌9A購01,0,0,0,0,0,0,0,0,0,237000,0,0,0,392000,155000,237000,237000
048319,嘉晶凱基93購04  ,0,0,0,0,0,0,0,0,0,237000,0,0,0,257000,20000,237000,237000
2542,興富發          ,996000,772000,224000,0,0,0,0,0,0,13000,28000,15000,13000,0,0,0,237000
06063P,玉晶光元富97售01,0,0,0,0,0,0,0,0,0,236000,0,0,0,333000,97000,236000,236000
056182,台光電統一97購03,0,0,0,0,0,0,0,0,0,235000,0,0,0,235000,0,235000,235000
050867,聯鈞永豐95購01  ,0,0,0,0,0,0,0,0,0,234000,0,0,0,288000,54000,234000,234000
051924,聯茂日盛95購01  ,0,0,0,0,0,0,0,0,0,234000,0,0,0,248000,14000,234000,234000
053876,可成永昌98購01  ,0,0,0,0,0,0,0,0,0,234000,0,0,0,318000,84000,234000,234000
2201,裕隆            ,700000,552000,148000,0,0,0,0,0,0,86000,0,1000,-1000,99000,12000,87000,234000
05874P,台積電群益96售10,0,0,0,0,0,0,0,0,0,232000,0,0,0,377000,145000,232000,232000
049118,元油2X元富94購03,0,0,0,0,0,0,0,0,0,231000,0,0,0,231000,0,231000,231000
050241,聯發科凱基94購14,0,0,0,0,0,0,0,0,0,231000,0,0,0,261000,30000,231000,231000
052755,滬深2X群益9A購01,0,0,0,0,0,0,0,0,0,231000,0,0,0,333000,102000,231000,231000
06629P,台灣50第一98售01,0,0,0,0,0,0,0,0,0,231000,0,0,0,243000,12000,231000,231000
05731P,創意統一96售03  ,0,0,0,0,0,0,0,0,0,230000,0,0,0,240000,10000,230000,230000
056438,旺宏凱基98購05  ,0,0,0,0,0,0,0,0,0,230000,0,0,0,232000,2000,230000,230000
048127,麗豐元大94購01  ,0,0,0,0,0,0,0,0,0,230000,0,0,0,240000,10000,230000,230000
043938,華邦電兆豐93購01,0,0,0,0,0,0,0,0,0,230000,0,0,0,230000,0,230000,230000
044340,TPK統一93購01   ,0,0,0,0,0,0,0,0,0,230000,0,0,0,310000,80000,230000,230000
053696,日月光元大96購05,0,0,0,0,0,0,0,0,0,230000,0,0,0,280000,50000,230000,230000
051047,深中小群益99購01,0,0,0,0,0,0,0,0,0,229000,0,0,0,229000,0,229000,229000
05814P,臺股指國票96售07,0,0,0,0,0,0,0,0,0,228000,0,0,0,228000,0,228000,228000
05028P,康控永豐95售02  ,0,0,0,0,0,0,0,0,0,228000,0,0,0,320000,92000,228000,228000
056515,燿華兆豐99購01  ,0,0,0,0,0,0,0,0,0,227000,0,0,0,242000,15000,227000,227000
050129,聯發科凱基94購11,0,0,0,0,0,0,0,0,0,227000,0,0,0,267000,40000,227000,227000
052814,上証2X永豐96購02,0,0,0,0,0,0,0,0,0,227000,0,0,0,1076000,849000,227000,227000
056194,聯發科富邦9B購01,0,0,0,0,0,0,0,0,0,226000,0,0,0,243000,17000,226000,226000
049747,嘉晶永豐94購02  ,0,0,0,0,0,0,0,0,0,226000,0,0,0,226000,0,226000,226000
043650,喬山國泰93購02  ,0,0,0,0,0,0,0,0,0,225000,0,0,0,225000,0,225000,225000
050579,聯發科國票95購04,0,0,0,0,0,0,0,0,0,225000,0,0,0,245000,20000,225000,225000
05478P,智伸科國票96售02,0,0,0,0,0,0,0,0,0,225000,0,0,0,225000,0,225000,225000
057163,上銀元大98購04  ,0,0,0,0,0,0,0,0,0,224000,0,0,0,598000,374000,224000,224000
056626,同欣電永豐98購01,0,0,0,0,0,0,0,0,0,223000,0,0,0,243000,20000,223000,223000
05563P,台積電元大97售07,0,0,0,0,0,0,0,0,0,223000,0,0,0,323000,100000,223000,223000
052163,康舒永豐95購02  ,0,0,0,0,0,0,0,0,0,223000,0,0,0,560000,337000,223000,223000
048178,上銀富邦95購02  ,0,0,0,0,0,0,0,0,0,222000,0,0,0,751000,529000,222000,222000
054090,瑞昱群益97購01  ,0,0,0,0,0,0,0,0,0,222000,0,0,0,243000,21000,222000,222000
05502P,台表科國票97售01,0,0,0,0,0,0,0,0,0,221000,0,0,0,352000,131000,221000,221000
055787,聯茂凱基99購01  ,0,0,0,0,0,0,0,0,0,220000,0,0,0,238000,18000,220000,220000
056773,晶技元大99購03  ,0,0,0,0,0,0,0,0,0,220000,0,0,0,315000,95000,220000,220000
05698P,群創凱基96售01  ,0,0,0,0,0,0,0,0,0,220000,0,0,0,250000,30000,220000,220000
057447,智邦元富02購01  ,0,0,0,0,0,0,0,0,0,220000,0,0,0,300000,80000,220000,220000
047416,台泥富邦94購01  ,0,0,0,0,0,0,0,0,0,220000,0,0,0,220000,0,220000,220000
9939,宏全            ,223000,67000,156000,0,0,0,0,0,0,64000,70000,3000,67000,10000,13000,-3000,220000
049997,聯發科永豐94購04,0,0,0,0,0,0,0,0,0,219000,0,0,0,349000,130000,219000,219000
057326,景碩群益99購02  ,0,0,0,0,0,0,0,0,0,218000,0,0,0,240000,22000,218000,218000
048128,超眾元大95購01  ,0,0,0,0,0,0,0,0,0,218000,0,0,0,451000,233000,218000,218000
053656,可成凱基96購06  ,0,0,0,0,0,0,0,0,0,218000,0,0,0,231000,13000,218000,218000
053965,聯電元大98購04  ,0,0,0,0,0,0,0,0,0,218000,0,0,0,225000,7000,218000,218000
051277,聯發科中信9A購01,0,0,0,0,0,0,0,0,0,217000,0,0,0,456000,239000,217000,217000
054464,奇力新凱基98購02,0,0,0,0,0,0,0,0,0,217000,0,0,0,332000,115000,217000,217000
2474,可成            ,1880969,1476000,404969,0,0,0,9000,69000,-60000,-128000,0,2000,-2000,18000,144000,-126000,216969
048471,旭富永豐93購01  ,0,0,0,0,0,0,0,0,0,216000,0,0,0,216000,0,216000,216000
048286,滬深2X兆豐94購04,0,0,0,0,0,0,0,0,0,216000,0,0,0,221000,5000,216000,216000
054343,世紀鋼元富96購02,0,0,0,0,0,0,0,0,0,216000,0,0,0,246000,30000,216000,216000
053017,世紀鋼統一96購02,0,0,0,0,0,0,0,0,0,216000,0,0,0,278000,62000,216000,216000
05229P,台積電群益95售05,0,0,0,0,0,0,0,0,0,215000,0,0,0,330000,115000,215000,215000
05867P,友達兆豐97售02  ,0,0,0,0,0,0,0,0,0,214000,0,0,0,295000,81000,214000,214000
03857P,聯發科元富99售02,0,0,0,0,0,0,0,0,0,214000,0,0,0,425000,211000,214000,214000
052783,台郡國票97購01  ,0,0,0,0,0,0,0,0,0,214000,0,0,0,215000,1000,214000,214000
054427,潤泰全富邦97購01,0,0,0,0,0,0,0,0,0,213000,0,0,0,215000,2000,213000,213000
054971,帆宣元大97購02  ,0,0,0,0,0,0,0,0,0,213000,0,0,0,327000,114000,213000,213000
8101,華冠            ,223000,10000,213000,0,0,0,0,0,0,0,0,0,0,0,0,0,213000
049018,光罩群益94購01  ,0,0,0,0,0,0,0,0,0,212000,0,0,0,222000,10000,212000,212000
053330,燿華永豐96購03  ,0,0,0,0,0,0,0,0,0,212000,0,0,0,212000,0,212000,212000
048968,可成元大94購02  ,0,0,0,0,0,0,0,0,0,211000,0,0,0,211000,0,211000,211000
054354,技嘉富邦97購01  ,0,0,0,0,0,0,0,0,0,211000,0,0,0,255000,44000,211000,211000
051845,世紀鋼富邦96購01,0,0,0,0,0,0,0,0,0,210000,0,0,0,210000,0,210000,210000
051604,喬山群益95購01  ,21000,0,21000,0,0,0,0,0,0,189000,0,0,0,263000,74000,189000,210000
054970,帆宣元大97購01  ,0,0,0,0,0,0,0,0,0,210000,0,0,0,272000,62000,210000,210000
054919,興富發凱基97購01,0,0,0,0,0,0,0,0,0,210000,0,0,0,210000,0,210000,210000
055399,超眾統一99購01  ,0,0,0,0,0,0,0,0,0,209000,0,0,0,249000,40000,209000,209000
048590,貿聯兆豐94購02  ,0,0,0,0,0,0,0,0,0,209000,0,0,0,210000,1000,209000,209000
052712,旺宏凱基96購02  ,0,0,0,0,0,0,0,0,0,209000,0,0,0,257000,48000,209000,209000
06452P,大立光元大98售08,0,0,0,0,0,0,0,0,0,209000,0,0,0,220000,11000,209000,209000
052269,T50反1日盛9B購01,0,60000,-60000,0,0,0,0,0,0,268000,0,0,0,268000,0,268000,208000
053915,光罩國票96購02  ,0,0,0,0,0,0,0,0,0,208000,0,0,0,208000,0,208000,208000
055286,晶技元大98購03  ,0,0,0,0,0,0,0,0,0,208000,0,0,0,470000,262000,208000,208000
056187,京鼎統一97購01  ,0,0,0,0,0,0,0,0,0,207000,0,0,0,212000,5000,207000,207000
055696,華新科國票98購01,0,35000,-35000,0,0,0,0,0,0,241000,0,0,0,244000,3000,241000,206000
056576,晶技元大99購02  ,0,0,0,0,0,0,0,0,0,206000,0,0,0,308000,102000,206000,206000
045883,元油2X元大95購07,0,0,0,0,0,0,0,0,0,206000,0,0,0,216000,10000,206000,206000
055138,大毅永豐97購02  ,0,0,0,0,0,0,0,0,0,206000,0,0,0,360000,154000,206000,206000
054838,京鼎第一97購01  ,0,0,0,0,0,0,0,0,0,206000,0,0,0,206000,0,206000,206000
05966P,矽力凱基96售03  ,0,0,0,0,0,0,0,0,0,205000,0,0,0,215000,10000,205000,205000
055975,鴻海統一98購05  ,0,0,0,0,0,0,0,0,0,205000,0,0,0,205000,0,205000,205000
051243,微星元大95購01  ,0,0,0,0,0,0,0,0,0,205000,0,0,0,228000,23000,205000,205000
04972P,緯穎元富94售03  ,0,0,0,0,0,0,0,0,0,205000,0,0,0,205000,0,205000,205000
054528,台光電統一96購02,0,0,0,0,0,0,0,0,0,204000,0,0,0,204000,0,204000,204000
053661,嘉澤凱基97購01  ,0,0,0,0,0,0,0,0,0,204000,0,0,0,221000,17000,204000,204000
1590,亞德客-KY       ,726407,529000,197407,0,0,0,96000,84000,12000,-6000,32000,3000,29000,45000,80000,-35000,203407
05826P,臺股指凱基96售23,0,0,0,0,0,0,0,0,0,203000,0,0,0,211000,8000,203000,203000
049978,瑞昱凱基94購04  ,0,0,0,0,0,0,0,0,0,203000,0,0,0,203000,0,203000,203000
05889P,群創元大98售02  ,0,0,0,0,0,0,0,0,0,202000,0,0,0,202000,0,202000,202000
055314,華邦電中信99購01,0,0,0,0,0,0,0,0,0,202000,0,0,0,302000,100000,202000,202000
049104,元油2X富邦97購02,0,0,0,0,0,0,0,0,0,202000,0,0,0,202000,0,202000,202000
049087,晶相光凱基94購02,0,0,0,0,0,0,0,0,0,202000,0,0,0,202000,0,202000,202000
052428,嘉晶永豐95購01  ,0,0,0,0,0,0,0,0,0,202000,0,0,0,230000,28000,202000,202000
054850,上海銀兆豐97購01,0,0,0,0,0,0,0,0,0,202000,0,0,0,222000,20000,202000,202000
05688P,臺股指元大96售13,0,0,0,0,0,0,0,0,0,201000,0,0,0,233000,32000,201000,201000
055097,福懋科群益97購01,0,0,0,0,0,0,0,0,0,201000,0,0,0,582000,381000,201000,201000
053187,國巨統一96購05  ,0,0,0,0,0,0,0,0,0,201000,0,0,0,240000,39000,201000,201000
2608,嘉里大榮        ,219000,31000,188000,0,0,0,0,0,0,13000,13000,0,13000,0,0,0,201000
056970,TPK永豐98購01   ,0,0,0,0,0,0,0,0,0,200000,0,0,0,245000,45000,200000,200000
057463,華邦電永豐98購01,0,0,0,0,0,0,0,0,0,200000,0,0,0,200000,0,200000,200000
057432,T50反1國票9B購01,0,0,0,0,0,0,0,0,0,200000,0,0,0,200000,0,200000,200000
05754P,臺股指中信99售03,0,0,0,0,0,0,0,0,0,200000,0,0,0,200000,0,200000,200000
055982,T50反1元富97購01,0,0,0,0,0,0,0,0,0,200000,0,0,0,200000,0,200000,200000
04302P,和碩中信93售01  ,0,0,0,0,0,0,0,0,0,200000,0,0,0,200000,0,200000,200000
03642C,臺股指元大94牛27,0,0,0,0,0,0,0,0,0,200000,0,0,0,200000,0,200000,200000
03826P,瀚宇博元大95售01,0,0,0,0,0,0,0,0,0,200000,0,0,0,200000,0,200000,200000
048312,致茂凱基93購02  ,0,0,0,0,0,0,0,0,0,200000,0,0,0,200000,0,200000,200000
047560,超眾凱基94購01  ,0,0,0,0,0,0,0,0,0,200000,0,0,0,200000,0,200000,200000
046409,富邦金元大92購02,0,0,0,0,0,0,0,0,0,200000,0,0,0,200000,0,200000,200000
052142,滬深2X群益99購04,0,0,0,0,0,0,0,0,0,200000,0,0,0,400000,200000,200000,200000
049977,瑞昱凱基94購03  ,0,0,0,0,0,0,0,0,0,200000,0,0,0,200000,0,200000,200000
050284,台泥凱基94購01  ,0,0,0,0,0,0,0,0,0,200000,0,0,0,200000,0,200000,200000
050451,嘉晶元大95購01  ,0,0,0,0,0,0,0,0,0,200000,0,0,0,649000,449000,200000,200000
04955P,大立光日盛94售02,0,0,0,0,0,0,0,0,0,200000,0,0,0,200000,0,200000,200000
053261,國巨群益96購05  ,0,0,0,0,0,0,0,0,0,200000,0,0,0,200000,0,200000,200000
053816,聯發科群益96購02,0,0,0,0,0,0,0,0,0,200000,0,0,0,200000,0,200000,200000
053824,樺漢群益96購02  ,0,0,0,0,0,0,0,0,0,200000,0,0,0,210000,10000,200000,200000
06347P,祥碩元富97售02  ,0,0,0,0,0,0,0,0,0,200000,0,0,0,358000,158000,200000,200000
049325,智邦元富94購02  ,0,0,0,0,0,0,0,0,0,199000,0,0,0,199000,0,199000,199000
039900,上証2X國泰92購01,0,0,0,0,0,0,0,0,0,198000,0,0,0,198000,0,198000,198000
050614,聯發科元大95購04,0,0,0,0,0,0,0,0,0,198000,0,0,0,399000,201000,198000,198000
053671,可成統一96購03  ,0,0,0,0,0,0,0,0,0,198000,0,0,0,198000,0,198000,198000
05431P,台光電統一97售01,0,0,0,0,0,0,0,0,0,198000,0,0,0,208000,10000,198000,198000
6552,易華電          ,239000,96000,143000,0,0,0,0,0,0,54000,14000,2000,12000,42000,0,42000,197000
044693,滬深2X元大94購01,0,0,0,0,0,0,0,0,0,196000,0,0,0,286000,90000,196000,196000
053051,楠梓電國票97購01,0,0,0,0,0,0,0,0,0,196000,0,0,0,196000,0,196000,196000
047509,技嘉國票93購01  ,0,0,0,0,0,0,0,0,0,195000,0,0,0,195000,0,195000,195000
055261,帆宣統一98購01  ,0,0,0,0,0,0,0,0,0,195000,0,0,0,212000,17000,195000,195000
00636,國泰中國A50     ,1000,0,1000,0,0,0,0,0,0,193300,0,391000,-391000,971000,386700,584300,194300
055875,光罩元富97購02  ,0,0,0,0,0,0,0,0,0,194000,0,0,0,194000,0,194000,194000
05835P,臺股指元富96售07,0,0,0,0,0,0,0,0,0,194000,0,0,0,424000,230000,194000,194000
057091,華新科元富9A購01,0,0,0,0,0,0,0,0,0,194000,0,0,0,262000,68000,194000,194000
056783,國巨群益99購01  ,0,0,0,0,0,0,0,0,0,194000,0,0,0,300000,106000,194000,194000
057278,可成元大98購06  ,0,0,0,0,0,0,0,0,0,193000,0,0,0,203000,10000,193000,193000
04676P,彩晶統一94售03  ,0,0,0,0,0,0,0,0,0,193000,0,0,0,193000,0,193000,193000
050589,昇陽半國票94購02,0,0,0,0,0,0,0,0,0,193000,0,0,0,193000,0,193000,193000
053558,訊芯凱基96購02  ,0,0,0,0,0,0,0,0,0,193000,0,0,0,193000,0,193000,193000
3535,晶彩科          ,218000,24000,194000,0,0,0,0,0,0,-1000,0,1000,-1000,0,0,0,193000
055645,技嘉元富97購01  ,0,0,0,0,0,0,0,0,0,192000,0,0,0,249000,57000,192000,192000
05327P,臺股指凱基95售11,0,0,0,0,0,0,0,0,0,192000,0,0,0,192000,0,192000,192000
06213P,大立光元大98售07,0,0,0,0,0,0,0,0,0,192000,0,0,0,255000,63000,192000,192000
048429,旺宏國票94購02  ,0,0,0,0,0,0,0,0,0,191000,0,0,0,411000,220000,191000,191000
046134,致新國泰93購02  ,0,0,0,0,0,0,0,0,0,191000,0,0,0,191000,0,191000,191000
055076,福懋科永豐97購01,0,0,0,0,0,0,0,0,0,191000,0,0,0,362000,171000,191000,191000
054168,貿聯凱基97購02  ,0,0,0,0,0,0,0,0,0,191000,0,0,0,204000,13000,191000,191000
06204P,鴻海群益97售04  ,0,0,0,0,0,0,0,0,0,191000,0,0,0,221000,30000,191000,191000
05838P,臺股指富邦96售05,0,0,0,0,0,0,0,0,0,190000,0,0,0,190000,0,190000,190000
044673,上銀凱基93購04  ,0,0,0,0,0,0,0,0,0,190000,0,0,0,210000,20000,190000,190000
051040,漢唐永豐95購01  ,0,0,0,0,0,0,0,0,0,190000,0,0,0,207000,17000,190000,190000
054720,禾伸堂永豐97購01,0,0,0,0,0,0,0,0,0,190000,0,0,0,190000,0,190000,190000
053045,國巨中信97購01  ,0,0,0,0,0,0,0,0,0,190000,0,0,0,296000,106000,190000,190000
05922P,京元電兆豐96售01,0,0,0,0,0,0,0,0,0,189000,0,0,0,231000,42000,189000,189000
056480,京鼎元大98購02  ,0,0,0,0,0,0,0,0,0,189000,0,0,0,221000,32000,189000,189000
049651,訊芯凱基94購04  ,0,0,0,0,0,0,0,0,0,189000,0,0,0,189000,0,189000,189000
052297,旭富國票96購01  ,0,0,0,0,0,0,0,0,0,189000,0,0,0,194000,5000,189000,189000
055486,國巨元大98購06  ,0,0,0,0,0,0,0,0,0,188000,0,0,0,482000,294000,188000,188000
04703P,樺漢統一95售01  ,0,0,0,0,0,0,0,0,0,188000,0,0,0,188000,0,188000,188000
051036,喬山台新95購01  ,0,0,0,0,0,0,0,0,0,187000,0,0,0,242000,55000,187000,187000
051317,亞德客國票96購01,0,0,0,0,0,0,0,0,0,187000,0,0,0,298000,111000,187000,187000
04172P,大立光凱基93售34,0,0,0,0,0,0,0,0,0,187000,0,0,0,267000,80000,187000,187000
053996,晶相光群益97購01,0,0,0,0,0,0,0,0,0,187000,0,0,0,555000,368000,187000,187000
3545,敦泰            ,2574000,2518804,55196,0,0,0,0,0,0,131000,135000,4000,131000,0,0,0,186196
048445,瑞昱凱基93購11  ,0,0,0,0,0,0,0,0,0,186000,0,0,0,186000,0,186000,186000
049795,華通元大96購02  ,0,0,0,0,0,0,0,0,0,186000,0,0,0,299000,113000,186000,186000
053841,美律統一96購01  ,0,0,0,0,0,0,0,0,0,186000,0,0,0,186000,0,186000,186000
048422,瑞昱元富96購02  ,0,0,0,0,0,0,0,0,0,185000,0,0,0,185000,0,185000,185000
048384,遠東新國票94購01,0,0,0,0,0,0,0,0,0,185000,0,0,0,205000,20000,185000,185000
047194,世紀鋼元大96購01,0,0,0,0,0,0,0,0,0,185000,0,0,0,201000,16000,185000,185000
03109P,台積電元大01售41,0,0,0,0,0,0,0,0,0,185000,0,0,0,185000,0,185000,185000
049272,世紀鋼元大96購02,0,0,0,0,0,0,0,0,0,185000,0,0,0,301000,116000,185000,185000
2108,南帝            ,191000,6000,185000,0,0,0,0,0,0,0,0,0,0,0,0,0,185000
056966,嘉晶永豐98購01  ,0,0,0,0,0,0,0,0,0,184000,0,0,0,262000,78000,184000,184000
06245P,健策元富97售03  ,0,0,0,0,0,0,0,0,0,184000,0,0,0,307000,123000,184000,184000
048575,旺宏國泰94購04  ,0,0,0,0,0,0,0,0,0,183000,0,0,0,183000,0,183000,183000
052693,微星中信96購01  ,0,0,0,0,0,0,0,0,0,183000,0,0,0,203000,20000,183000,183000
057202,TPK元富98購02   ,0,0,0,0,0,0,0,0,0,182000,0,0,0,192000,10000,182000,182000
05004P,健策統一95售01  ,0,0,0,0,0,0,0,0,0,182000,0,0,0,300000,118000,182000,182000
047989,深中小元大96購02,0,0,0,0,0,0,0,0,0,181000,0,0,0,261000,80000,181000,181000
054383,傳奇群益97購01  ,0,0,0,0,0,0,0,0,0,181000,0,0,0,251000,70000,181000,181000
057162,上銀元大98購03  ,0,0,0,0,0,0,0,0,0,180000,0,0,0,410000,230000,180000,180000
048627,T50反1元大96購02,0,100000,-100000,0,0,0,0,0,0,280000,0,0,0,310000,30000,280000,180000
050049,華通群益96購01  ,0,0,0,0,0,0,0,0,0,180000,0,0,0,362000,182000,180000,180000
050170,臺指反元大97購02,0,0,0,0,0,0,0,0,0,180000,0,0,0,180000,0,180000,180000
050350,全新群益94購04  ,0,0,0,0,0,0,0,0,0,180000,0,0,0,180000,0,180000,180000
055287,日電貿元大97購01,0,0,0,0,0,0,0,0,0,180000,0,0,0,278000,98000,180000,180000
6005,群益證          ,169000,8000,161000,0,0,0,19000,0,19000,0,0,0,0,0,0,0,180000
055844,大毅元大98購01  ,0,0,0,0,0,0,0,0,0,179000,0,0,0,917000,738000,179000,179000
047983,宏達電群益93購04,0,0,0,0,0,0,0,0,0,179000,0,0,0,200000,21000,179000,179000
051028,台光電元富95購02,0,0,0,0,0,0,0,0,0,179000,0,0,0,236000,57000,179000,179000
054564,玉晶光群益99購01,0,0,0,0,0,0,0,0,0,179000,0,0,0,188000,9000,179000,179000
06652P,長榮航元大98售01,0,0,0,0,0,0,0,0,0,179000,0,0,0,215000,36000,179000,179000
047973,華通兆豐94購01  ,0,0,0,0,0,0,0,0,0,178000,0,0,0,178000,0,178000,178000
054141,TPK元大96購02   ,0,0,0,0,0,0,0,0,0,178000,0,0,0,178000,0,178000,178000
055152,旺宏元大98購04  ,0,0,0,0,0,0,0,0,0,178000,0,0,0,463000,285000,178000,178000
054824,同欣電元大97購04,0,0,0,0,0,0,0,0,0,178000,0,0,0,216000,38000,178000,178000
053557,聯茂凱基96購04  ,0,0,0,0,0,0,0,0,0,178000,0,0,0,182000,4000,178000,178000
053324,康舒群益96購01  ,0,0,0,0,0,0,0,0,0,177000,0,0,0,316000,139000,177000,177000
057133,京鼎凱基98購02  ,0,0,0,0,0,0,0,0,0,176000,0,0,0,176000,0,176000,176000
04949P,致新元大94售04  ,0,0,0,0,0,0,0,0,0,176000,0,0,0,176000,0,176000,176000
3504,揚明光          ,207000,37000,170000,0,0,0,1000,0,1000,5000,0,1000,-1000,6000,0,6000,176000
056874,友達凱基98購08  ,0,0,0,0,0,0,0,0,0,175000,0,0,0,395000,220000,175000,175000
056386,TPK國泰99購01   ,0,0,0,0,0,0,0,0,0,175000,0,0,0,230000,55000,175000,175000
05041P,大立光凱基95售09,0,0,0,0,0,0,0,0,0,175000,0,0,0,445000,270000,175000,175000
05013P,台積電元大96售05,0,0,0,0,0,0,0,0,0,175000,0,0,0,180000,5000,175000,175000
052498,台積電永豐95購06,0,0,0,0,0,0,0,0,0,175000,0,0,0,348000,173000,175000,175000
053283,同欣電元大96購03,0,0,0,0,0,0,0,0,0,175000,0,0,0,275000,100000,175000,175000
054312,TPK凱基98購01   ,0,0,0,0,0,0,0,0,0,175000,0,0,0,210000,35000,175000,175000
056328,訊芯兆豐98購01  ,0,0,0,0,0,0,0,0,0,174000,0,0,0,174000,0,174000,174000
056202,國揚永豐97購01  ,0,0,0,0,0,0,0,0,0,174000,0,0,0,174000,0,174000,174000
049899,台積電元富94購05,0,0,0,0,0,0,0,0,0,174000,0,0,0,428000,254000,174000,174000
053074,嘉晶永豐96購02  ,0,0,0,0,0,0,0,0,0,174000,0,0,0,314000,140000,174000,174000
1714,和桐            ,623000,432000,191000,0,0,0,0,0,0,-17000,0,17000,-17000,0,0,0,174000
2363,矽統            ,206000,29000,177000,0,0,0,0,0,0,-3000,0,3000,-3000,0,0,0,174000
055705,微星永豐97購01  ,0,0,0,0,0,0,0,0,0,173000,0,0,0,203000,30000,173000,173000
057380,技嘉國泰9A購01  ,0,0,0,0,0,0,0,0,0,173000,0,0,0,174000,1000,173000,173000
054782,國巨群益97購01  ,0,0,0,0,0,0,0,0,0,173000,0,0,0,184000,11000,173000,173000
056136,京鼎元大98購01  ,0,0,0,0,0,0,0,0,0,172000,0,0,0,188000,16000,172000,172000
051077,台郡國泰96購02  ,0,0,0,0,0,0,0,0,0,172000,0,0,0,185000,13000,172000,172000
054663,同欣電元大97購03,0,0,0,0,0,0,0,0,0,172000,0,0,0,305000,133000,172000,172000
06108P,奇力新群益97售05,0,0,0,0,0,0,0,0,0,171000,0,0,0,247000,76000,171000,171000
046972,同欣電群益93購01,0,0,0,0,0,0,0,0,0,171000,0,0,0,181000,10000,171000,171000
048640,南亞科元大93購06,0,0,0,0,0,0,0,0,0,171000,0,0,0,171000,0,171000,171000
05400P,台積電永豐95售05,20000,0,20000,0,0,0,0,0,0,151000,0,0,0,1445000,1294000,151000,171000
05268P,玉晶光元大98售01,0,0,0,0,0,0,0,0,0,171000,0,0,0,482000,311000,171000,171000
049996,元油2X永豐94購05,0,0,0,0,0,0,0,0,0,170000,0,0,0,180000,10000,170000,170000
052832,益航群益96購01  ,0,0,0,0,0,0,0,0,0,170000,0,0,0,175000,5000,170000,170000
2338,光罩            ,658000,266000,392000,0,0,0,0,0,0,-222000,0,3000,-3000,25000,244000,-219000,170000
052805,晶技元大97購01  ,0,0,0,0,0,0,0,0,0,169000,0,0,0,482000,313000,169000,169000
044200,群創國票93購01  ,0,0,0,0,0,0,0,0,0,168000,0,0,0,168000,0,168000,168000
048276,旺宏永豐94購01  ,0,0,0,0,0,0,0,0,0,168000,0,0,0,168000,0,168000,168000
051890,智邦元富95購03  ,0,0,0,0,0,0,0,0,0,168000,0,0,0,218000,50000,168000,168000
056656,華邦電元大98購02,0,0,0,0,0,0,0,0,0,167000,0,0,0,239000,72000,167000,167000
05652P,臻鼎群益96售01  ,0,0,0,0,0,0,0,0,0,167000,0,0,0,236000,69000,167000,167000
053791,同欣電元大96購05,0,0,0,0,0,0,0,0,0,166000,0,0,0,234000,68000,166000,166000
054258,牧德元大97購01  ,0,0,0,0,0,0,0,0,0,166000,0,0,0,281000,115000,166000,166000
6166,凌華            ,196000,30000,166000,0,0,0,0,0,0,0,0,0,0,0,0,0,166000
057063,立積國泰9A購01  ,0,0,0,0,0,0,0,0,0,165000,0,0,0,190000,25000,165000,165000
049782,世紀鋼統一94購01,0,0,0,0,0,0,0,0,0,165000,0,0,0,165000,0,165000,165000
054812,鴻海元大97購08  ,0,0,0,0,0,0,0,0,0,165000,0,0,0,490000,325000,165000,165000
053588,聯發科元大97購07,0,0,0,0,0,0,0,0,0,165000,0,0,0,291000,126000,165000,165000
053159,同欣電元大96購02,0,0,0,0,0,0,0,0,0,165000,0,0,0,188000,23000,165000,165000
049515,同欣電凱基94購01,0,0,0,0,0,0,0,0,0,164000,0,0,0,174000,10000,164000,164000
049415,智邦凱基94購02  ,0,0,0,0,0,0,0,0,0,164000,0,0,0,208000,44000,164000,164000
056407,嘉晶國票99購01  ,0,0,0,0,0,0,0,0,0,163000,0,0,0,272000,109000,163000,163000
053169,貿聯群益97購01  ,0,0,0,0,0,0,0,0,0,163000,0,0,0,186000,23000,163000,163000
056189,樺漢統一97購02  ,0,0,0,0,0,0,0,0,0,162000,0,0,0,162000,0,162000,162000
054386,鴻海統一98購03  ,0,0,0,0,0,0,0,0,0,162000,0,0,0,224000,62000,162000,162000
2461,光群雷          ,266000,101000,165000,0,0,0,0,0,0,-3000,0,3000,-3000,0,0,0,162000
06257P,臺股指群益97售10,0,0,0,0,0,0,0,0,0,162000,0,0,0,180000,18000,162000,162000
06410P,祥碩統一97售01  ,0,0,0,0,0,0,0,0,0,162000,0,0,0,353000,191000,162000,162000
05094P,大立光元大95售07,0,0,0,0,0,0,0,0,0,161000,0,0,0,171000,10000,161000,161000
2102,泰豐            ,261000,97000,164000,0,0,0,0,0,0,-3000,0,3000,-3000,0,0,0,161000
055478,訊芯凱基97購01  ,0,0,0,0,0,0,0,0,0,160000,0,0,0,180000,20000,160000,160000
051004,台新金中信95購02,0,0,0,0,0,0,0,0,0,160000,0,0,0,170000,10000,160000,160000
04038P,聯茂群益93售03  ,0,0,0,0,0,0,0,0,0,160000,0,0,0,160000,0,160000,160000
03267P,台灣50元大02售06,0,0,0,0,0,0,0,0,0,160000,0,0,0,160000,0,160000,160000
048898,晶相光國泰96購01,0,0,0,0,0,0,0,0,0,160000,0,0,0,334000,174000,160000,160000
054546,玉晶光中信9B購01,0,0,0,0,0,0,0,0,0,160000,0,0,0,319000,159000,160000,160000
055013,訊連元富97購01  ,0,0,0,0,0,0,0,0,0,160000,0,0,0,468000,308000,160000,160000
052683,鴻海元大97購03  ,0,0,0,0,0,0,0,0,0,160000,0,0,0,200000,40000,160000,160000
2913,農林            ,215000,56000,159000,0,0,0,0,0,0,1000,2000,1000,1000,0,0,0,160000
08625P,台灣50凱基96售05,0,0,0,0,0,0,0,0,0,160000,0,0,0,160000,0,160000,160000
6451,訊芯-KY         ,388000,122000,266000,0,0,0,0,37000,-37000,-69000,4000,1000,3000,1000,73000,-72000,160000
051268,創意富邦97購01  ,0,0,0,0,0,0,0,0,0,159000,0,0,0,284000,125000,159000,159000
056305,群創元大9A購03  ,0,0,0,0,0,0,0,0,0,158000,0,0,0,446000,288000,158000,158000
051109,美律統一95購02  ,0,0,0,0,0,0,0,0,0,158000,0,0,0,315000,157000,158000,158000
047897,可成群益94購01  ,0,0,0,0,0,0,0,0,0,158000,0,0,0,169000,11000,158000,158000
052305,GIS永豐95購03   ,0,0,0,0,0,0,0,0,0,158000,0,0,0,236000,78000,158000,158000
053358,晶技統一98購01  ,0,0,0,0,0,0,0,0,0,158000,0,0,0,163000,5000,158000,158000
055192,世芯元富97購01  ,0,0,0,0,0,0,0,0,0,158000,0,0,0,230000,72000,158000,158000
055205,京鼎中信99購01  ,0,0,0,0,0,0,0,0,0,158000,0,0,0,193000,35000,158000,158000
06532P,友達元富98售04  ,0,0,0,0,0,0,0,0,0,158000,0,0,0,164000,6000,158000,158000
053344,嘉晶國票97購02  ,0,0,0,0,0,0,0,0,0,157000,0,0,0,287000,130000,157000,157000
055973,亞德客統一97購01,0,0,0,0,0,0,0,0,0,156000,0,0,0,234000,78000,156000,156000
055703,緯穎富邦98購01  ,0,0,0,0,0,0,0,0,0,156000,0,0,0,564000,408000,156000,156000
04782P,智伸科統一96售01,0,0,0,0,0,0,0,0,0,156000,0,0,0,178000,22000,156000,156000
051451,世芯元大95購03  ,0,0,0,0,0,0,0,0,0,156000,0,0,0,255000,99000,156000,156000
050680,上銀元富94購01  ,0,0,0,0,0,0,0,0,0,156000,0,0,0,880000,724000,156000,156000
05301P,矽力元大95售02  ,0,0,0,0,0,0,0,0,0,156000,0,0,0,166000,10000,156000,156000
054889,京鼎統一99購01  ,0,0,0,0,0,0,0,0,0,156000,0,0,0,333000,177000,156000,156000
1789,神隆            ,71000,32000,39000,0,0,0,120000,0,120000,-3000,0,3000,-3000,0,0,0,156000
052282,宏達電凱基95購05,0,0,0,0,0,0,0,0,0,155000,0,0,0,296000,141000,155000,155000
05039P,鴻海凱基95售10  ,0,0,0,0,0,0,0,0,0,155000,0,0,0,155000,0,155000,155000
052851,滬深2X元富96購02,0,0,0,0,0,0,0,0,0,155000,0,0,0,445000,290000,155000,155000
053483,嘉澤第一96購01  ,0,0,0,0,0,0,0,0,0,155000,0,0,0,211000,56000,155000,155000
2359,所羅門          ,183000,23000,160000,0,0,0,0,0,0,-5000,0,5000,-5000,0,0,0,155000
2369,菱生            ,197000,35000,162000,0,0,0,0,0,0,-7000,0,7000,-7000,0,0,0,155000
056276,同欣電國泰98購01,0,0,0,0,0,0,0,0,0,154000,0,0,0,157000,3000,154000,154000
056847,佐登元富98購01  ,0,0,0,0,0,0,0,0,0,154000,0,0,0,157000,3000,154000,154000
053567,群創富邦97購01  ,0,0,0,0,0,0,0,0,0,154000,0,0,0,154000,0,154000,154000
052768,泰鼎群益96購01  ,0,0,0,0,0,0,0,0,0,154000,0,0,0,314000,160000,154000,154000
06271P,彩晶凱基97售01  ,0,0,0,0,0,0,0,0,0,154000,0,0,0,154000,0,154000,154000
044285,鴻海凱基93購06  ,0,0,0,0,0,0,0,0,0,153000,0,0,0,224000,71000,153000,153000
052955,國巨日盛96購01  ,0,0,0,0,0,0,0,0,0,153000,0,0,0,166000,13000,153000,153000
05413P,台郡國票96售02  ,0,0,0,0,0,0,0,0,0,153000,0,0,0,301000,148000,153000,153000
056846,晶相光元富98購01,0,0,0,0,0,0,0,0,0,152000,0,0,0,267000,115000,152000,152000
046934,智邦元富96購01  ,0,0,0,0,0,0,0,0,0,152000,0,0,0,152000,0,152000,152000
048062,南亞科統一93購05,0,0,0,0,0,0,0,0,0,152000,0,0,0,152000,0,152000,152000
054516,國巨元大97購02  ,0,0,0,0,0,0,0,0,0,152000,0,0,0,426000,274000,152000,152000
054717,亞德客永豐97購01,0,0,0,0,0,0,0,0,0,152000,0,0,0,466000,314000,152000,152000
053198,亞德客日盛96購01,0,0,0,0,0,0,0,0,0,152000,0,0,0,853000,701000,152000,152000
056347,GIS凱基9A購01   ,0,0,0,0,0,0,0,0,0,151000,0,0,0,371000,220000,151000,151000
052107,台積電統一95購06,0,0,0,0,0,0,0,0,0,151000,0,0,0,164000,13000,151000,151000
06376P,上銀統一99售01  ,0,0,0,0,0,0,0,0,0,151000,0,0,0,153000,2000,151000,151000
057110,立積群益98購01  ,0,0,0,0,0,0,0,0,0,150000,0,0,0,160000,10000,150000,150000
047642,宏達電元大93購08,0,0,0,0,0,0,0,0,0,150000,0,0,0,150000,0,150000,150000
046557,亞泥凱基93購02  ,0,0,0,0,0,0,0,0,0,150000,0,0,0,160000,10000,150000,150000
04412P,欣興元富94售01  ,0,0,0,0,0,0,0,0,0,150000,0,0,0,150000,0,150000,150000
045172,欣興兆豐94購01  ,0,0,0,0,0,0,0,0,0,150000,0,0,0,150000,0,150000,150000
04534P,臻鼎元富94售03  ,0,0,0,0,0,0,0,0,0,150000,0,0,0,150000,0,150000,150000
043599,宏達電元大93購03,0,0,0,0,0,0,0,0,0,150000,0,0,0,150000,0,150000,150000
03860P,群創元富97售01  ,0,0,0,0,0,0,0,0,0,150000,0,0,0,150000,0,150000,150000
049178,宏達電凱基94購02,0,0,0,0,0,0,0,0,0,150000,0,0,0,350000,200000,150000,150000
053677,同欣電國泰97購01,0,0,0,0,0,0,0,0,0,150000,0,0,0,184000,34000,150000,150000
054429,中石化台新97購01,0,0,0,0,0,0,0,0,0,150000,0,0,0,200000,50000,150000,150000
056952,元油2X國泰99購01,0,0,0,0,0,0,0,0,0,149000,0,0,0,270000,121000,149000,149000
05890P,彩晶元大99售01  ,0,0,0,0,0,0,0,0,0,149000,0,0,0,150000,1000,149000,149000
042993,葡萄王元大94購01,0,0,0,0,0,0,0,0,0,149000,0,0,0,150000,1000,149000,149000
00670L,富邦NASDAQ正2   ,0,0,0,0,0,0,0,0,0,149000,198000,0,198000,174000,223000,-49000,149000
048935,玉晶光永豐94購04,0,0,0,0,0,0,0,0,0,149000,0,0,0,180000,31000,149000,149000
049522,華通兆豐94購02  ,0,0,0,0,0,0,0,0,0,149000,0,0,0,149000,0,149000,149000
052731,宏達電國泰98購01,0,0,0,0,0,0,0,0,0,149000,0,0,0,217000,68000,149000,149000
054323,旺宏台新96購02  ,0,0,0,0,0,0,0,0,0,148000,0,0,0,188000,40000,148000,148000
054833,京鼎中信97購01  ,0,0,0,0,0,0,0,0,0,148000,0,0,0,179000,31000,148000,148000
054986,藍天元富97購01  ,0,0,0,0,0,0,0,0,0,148000,0,0,0,148000,0,148000,148000
055321,大立光國票98購02,0,0,0,0,0,0,0,0,0,147000,0,0,0,220000,73000,147000,147000
055219,啟碁凱基98購01  ,0,0,0,0,0,0,0,0,0,147000,0,0,0,148000,1000,147000,147000
053073,技嘉康和96購01  ,0,0,0,0,0,0,0,0,0,147000,0,0,0,154000,7000,147000,147000
06320P,上銀統一97售04  ,0,0,0,0,0,0,0,0,0,147000,0,0,0,147000,0,147000,147000
056545,TPK凱基98購02   ,0,0,0,0,0,0,0,0,0,146000,0,0,0,188000,42000,146000,146000
05011P,南電國泰96售01  ,0,0,0,0,0,0,0,0,0,146000,0,0,0,181000,35000,146000,146000
2406,國碩            ,405000,259000,146000,0,0,0,0,0,0,0,0,0,0,0,0,0,146000
04433P,上証2X國票95售01,0,0,0,0,0,0,0,0,0,145000,0,0,0,1577000,1432000,145000,145000
055566,台表科凱基97購03,0,0,0,0,0,0,0,0,0,144000,0,0,0,345000,201000,144000,144000
057107,華新科群益98購06,0,0,0,0,0,0,0,0,0,144000,0,0,0,781000,637000,144000,144000
043538,元石油國票97購01,0,0,0,0,0,0,0,0,0,144000,0,0,0,154000,10000,144000,144000
053931,楠梓電統一96購01,0,0,0,0,0,0,0,0,0,144000,0,0,0,144000,0,144000,144000
044850,南亞科統一94購01,0,0,0,0,0,0,0,0,0,143000,0,0,0,143000,0,143000,143000
053373,台泥元大96購01  ,0,0,0,0,0,0,0,0,0,143000,0,0,0,168000,25000,143000,143000
052937,國巨兆豐97購01  ,0,0,0,0,0,0,0,0,0,143000,0,0,0,537000,394000,143000,143000
055163,訊芯元大98購01  ,0,0,0,0,0,0,0,0,0,143000,0,0,0,168000,25000,143000,143000
4967,十銓            ,563000,300000,263000,0,0,0,0,0,0,-120000,13000,133000,-120000,0,0,0,143000
04732P,聯茂群益94售01  ,0,0,0,0,0,0,0,0,0,142000,0,0,0,162000,20000,142000,142000
2504,國產            ,381000,273000,108000,0,0,0,0,0,0,34000,36000,35000,1000,35000,2000,33000,142000
047663,亞德客永豐93購03,0,0,0,0,0,0,0,0,0,141000,0,0,0,257000,116000,141000,141000
051434,中磊元富95購02  ,0,0,0,0,0,0,0,0,0,141000,0,0,0,198000,57000,141000,141000
051283,亞德客統一95購01,1000,0,1000,0,0,0,0,0,0,140000,0,0,0,159000,19000,140000,141000
053292,美律中信98購01  ,0,0,0,0,0,0,0,0,0,141000,0,0,0,171000,30000,141000,141000
056797,台積電麥證98購01,0,0,0,140000,0,140000,0,0,0,140000,0,0,0,140000,0,140000,140000
048503,百和元大93購02  ,0,0,0,0,0,0,0,0,0,140000,0,0,0,150000,10000,140000,140000
04261P,大立光群益93售12,0,0,0,0,0,0,0,0,0,140000,0,0,0,140000,0,140000,140000
05354P,臺股指元富95售08,0,0,0,0,0,0,0,0,0,140000,0,0,0,140000,0,140000,140000
054662,同欣電元大97購02,0,0,0,0,0,0,0,0,0,140000,0,0,0,250000,110000,140000,140000
6191,精成科          ,260000,111000,149000,0,0,0,0,0,0,-9000,0,7000,-7000,0,2000,-2000,140000
057111,立積群益98購02  ,0,0,0,0,0,0,0,0,0,139000,0,0,0,150000,11000,139000,139000
056483,TPK元大98購01   ,0,0,0,0,0,0,0,0,0,139000,0,0,0,213000,74000,139000,139000
00688L,國泰20年美債正2 ,0,0,0,0,0,0,0,0,0,139000,0,0,0,280000,141000,139000,139000
052137,台表科凱基96購02,0,0,0,0,0,0,0,0,0,139000,0,0,0,299000,160000,139000,139000
055542,亞德客凱基97購01,0,0,0,0,0,0,0,0,0,138000,0,0,0,176000,38000,138000,138000
040760,T50反1凱基95購01,0,0,0,0,0,0,0,0,0,138000,0,0,0,138000,0,138000,138000
047673,瑞昱元富96購01  ,0,0,0,0,0,0,0,0,0,138000,0,0,0,215000,77000,138000,138000
050998,訊連元大95購01  ,0,0,0,0,0,0,0,0,0,138000,0,0,0,173000,35000,138000,138000
05173P,臺股指元大95售17,0,0,0,0,0,0,0,0,0,138000,0,0,0,139000,1000,138000,138000
06348P,鈺齊元富97售02  ,0,0,0,0,0,0,0,0,0,138000,0,0,0,544000,406000,138000,138000
06641P,智邦兆豐99售01  ,0,0,0,0,0,0,0,0,0,138000,0,0,0,156000,18000,138000,138000
055416,欣興富邦98購01  ,2000,0,2000,0,0,0,0,0,0,135000,0,0,0,421000,286000,135000,137000
05114P,臺股指元富95售02,0,0,0,0,0,0,0,0,0,137000,0,0,0,137000,0,137000,137000
049236,元油2X元富96購06,0,0,0,0,0,0,0,0,0,137000,0,0,0,182000,45000,137000,137000
053904,漢唐凱基97購01  ,0,0,0,0,0,0,0,0,0,137000,0,0,0,137000,0,137000,137000
2809,京城銀          ,198000,93000,105000,0,0,0,3000,0,3000,29000,30000,1000,29000,0,0,0,137000
056393,精元永豐98購01  ,0,0,0,0,0,0,0,0,0,136000,0,0,0,136000,0,136000,136000
056960,光罩永豐98購01  ,0,0,0,0,0,0,0,0,0,136000,0,0,0,146000,10000,136000,136000
048351,旺宏台新94購02  ,0,0,0,0,0,0,0,0,0,136000,0,0,0,136000,0,136000,136000
052015,漢唐永豐95購02  ,0,0,0,0,0,0,0,0,0,136000,0,0,0,136000,0,136000,136000
053818,富邦金群益98購01,0,0,0,0,0,0,0,0,0,136000,0,0,0,146000,10000,136000,136000
054082,楠梓電元富96購01,0,0,0,0,0,0,0,0,0,136000,0,0,0,151000,15000,136000,136000
4961,天鈺            ,161000,22000,139000,0,0,0,0,0,0,-3000,0,3000,-3000,0,0,0,136000
06508P,台灣50統一98售01,0,0,0,0,0,0,0,0,0,136000,0,0,0,420000,284000,136000,136000
06304P,臺股指元大97售10,0,0,0,0,0,0,0,0,0,136000,0,0,0,156000,20000,136000,136000
056503,楠梓電永豐98購01,0,0,0,0,0,0,0,0,0,135000,0,0,0,135000,0,135000,135000
055074,台虹永豐97購01  ,0,0,0,0,0,0,0,0,0,135000,0,0,0,145000,10000,135000,135000
06450P,聯發科元大98售03,0,0,0,0,0,0,0,0,0,135000,0,0,0,135000,0,135000,135000
05995P,T50正2中信9C售01,0,0,0,0,0,0,0,0,0,134000,0,0,0,145000,11000,134000,134000
04592P,台積電元大94售10,0,0,0,0,0,0,0,0,0,134000,0,0,0,135000,1000,134000,134000
051139,康友永豐95購01  ,0,0,0,0,0,0,0,0,0,134000,0,0,0,134000,0,134000,134000
050166,彩晶國泰95購01  ,0,0,0,0,0,0,0,0,0,134000,0,0,0,163000,29000,134000,134000
054118,國巨永豐96購04  ,0,0,0,0,0,0,0,0,0,134000,0,0,0,176000,42000,134000,134000
053238,麗豐永豐96購01  ,0,0,0,0,0,0,0,0,0,134000,0,0,0,134000,0,134000,134000
055524,鴻海群益98購01  ,0,0,0,0,0,0,0,0,0,133000,0,0,0,364000,231000,133000,133000
053311,同欣電凱基96購01,0,0,0,0,0,0,0,0,0,133000,0,0,0,179000,46000,133000,133000
1440,南紡            ,247000,111000,136000,0,0,0,0,0,0,-3000,0,3000,-3000,0,0,0,133000
056882,華邦電康和98購01,0,0,0,0,0,0,0,0,0,132000,0,0,0,200000,68000,132000,132000
047513,嘉晶國票93購03  ,0,0,0,0,0,0,0,0,0,132000,0,0,0,142000,10000,132000,132000
04454P,大立光富邦98售02,0,0,0,0,0,0,0,0,0,132000,0,0,0,137000,5000,132000,132000
046369,同欣電日盛92購01,0,0,0,0,0,0,0,0,0,132000,0,0,0,132000,0,132000,132000
053478,京鼎元大96購01  ,0,0,0,0,0,0,0,0,0,132000,0,0,0,322000,190000,132000,132000
054571,楠梓電元大99購01,0,0,0,0,0,0,0,0,0,132000,0,0,0,401000,269000,132000,132000
054874,帆宣群益99購02  ,0,0,0,0,0,0,0,0,0,132000,0,0,0,147000,15000,132000,132000
056462,訊芯凱基98購03  ,0,0,0,0,0,0,0,0,0,131000,0,0,0,141000,10000,131000,131000
05068P,鴻海統一95售06  ,0,0,0,0,0,0,0,0,0,131000,0,0,0,161000,30000,131000,131000
053635,技嘉永豐96購01  ,0,0,0,0,0,0,0,0,0,131000,0,0,0,215000,84000,131000,131000
056725,鴻海國票99購03  ,0,0,0,0,0,0,0,0,0,130000,0,0,0,150000,20000,130000,130000
056955,台灣50永豐98購01,0,0,0,0,0,0,0,0,0,130000,0,0,0,635000,505000,130000,130000
057104,康友中信99購01  ,0,0,0,0,0,0,0,0,0,130000,0,0,0,130000,0,130000,130000
05815P,台積電凱基97售06,0,0,0,0,0,0,0,0,0,130000,0,0,0,139000,9000,130000,130000
048029,聯發科凱基93購26,0,0,0,0,0,0,0,0,0,130000,0,0,0,130000,0,130000,130000
046675,GIS元大93購06   ,0,0,0,0,0,0,0,0,0,130000,0,0,0,130000,0,130000,130000
050162,中環國泰95購01  ,0,0,0,0,0,0,0,0,0,130000,0,0,0,210000,80000,130000,130000
051624,智邦麥證95購02  ,0,0,0,130000,0,130000,0,0,0,130000,0,0,0,130000,0,130000,130000
053513,義隆群益96購05  ,0,0,0,0,0,0,0,0,0,130000,0,0,0,150000,20000,130000,130000
052867,晶技凱基96購01  ,0,0,0,0,0,0,0,0,0,130000,0,0,0,376000,246000,130000,130000
052674,智邦國泰98購01  ,0,0,0,0,0,0,0,0,0,130000,0,0,0,138000,8000,130000,130000
054942,凱美元大97購02  ,0,0,0,0,0,0,0,0,0,130000,0,0,0,163000,33000,130000,130000
055188,亞翔統一97購01  ,0,0,0,0,0,0,0,0,0,130000,0,0,0,154000,24000,130000,130000
054426,國泰金富邦97購02,0,0,0,0,0,0,0,0,0,130000,0,0,0,248000,118000,130000,130000
2031,新光鋼          ,220000,72000,148000,0,0,0,0,0,0,-18000,0,18000,-18000,0,0,0,130000
057298,旭富永豐98購01  ,0,0,0,0,0,0,0,0,0,129000,0,0,0,253000,124000,129000,129000
046954,同欣電國票93購01,0,0,0,0,0,0,0,0,0,129000,0,0,0,129000,0,129000,129000
050005,京鼎永豐94購01  ,0,0,0,0,0,0,0,0,0,129000,0,0,0,171000,42000,129000,129000
057325,可成群益9A購01  ,0,0,0,0,0,0,0,0,0,128000,0,0,0,172000,44000,128000,128000
055378,晶相光元大97購02,0,0,0,0,0,0,0,0,0,128000,0,0,0,487000,359000,128000,128000
051406,泰鼎永豐96購01  ,0,0,0,0,0,0,0,0,0,128000,0,0,0,140000,12000,128000,128000
048905,旺宏富邦96購01  ,0,0,0,0,0,0,0,0,0,128000,0,0,0,226000,98000,128000,128000
052092,貿聯元大96購02  ,0,0,0,0,0,0,0,0,0,128000,0,0,0,248000,120000,128000,128000
05272P,臻鼎中信97售03  ,0,0,0,0,0,0,0,0,0,128000,0,0,0,148000,20000,128000,128000
050613,台光電元大94購09,0,0,0,0,0,0,0,0,0,127000,0,0,0,140000,13000,127000,127000
052606,聯發科元大97購04,0,0,0,0,0,0,0,0,0,127000,0,0,0,162000,35000,127000,127000
053455,台光電元富96購02,0,0,0,0,0,0,0,0,0,127000,0,0,0,227000,100000,127000,127000
055292,聯鈞元大97購02  ,0,0,0,0,0,0,0,0,0,127000,0,0,0,231000,104000,127000,127000
054834,帆宣中信97購01  ,0,0,0,0,0,0,0,0,0,126000,0,0,0,127000,1000,126000,126000
052833,康控群益96購01  ,0,0,0,0,0,0,0,0,0,126000,0,0,0,209000,83000,126000,126000
051230,聯詠群益95購01  ,0,0,0,0,0,0,0,0,0,125000,0,0,0,165000,40000,125000,125000
046531,臻鼎兆豐92購02  ,0,0,0,0,0,0,0,0,0,125000,0,0,0,125000,0,125000,125000
049640,大成鋼凱基94購02,0,0,0,0,0,0,0,0,0,125000,0,0,0,125000,0,125000,125000
049888,智邦國泰96購01  ,0,0,0,0,0,0,0,0,0,125000,0,0,0,199000,74000,125000,125000
049892,國巨富邦96購01  ,0,0,0,0,0,0,0,0,0,125000,0,0,0,170000,45000,125000,125000
050116,嘉澤元大94購03  ,0,0,0,0,0,0,0,0,0,125000,0,0,0,269000,144000,125000,125000
05398P,康控國票96售03  ,0,0,0,0,0,0,0,0,0,125000,0,0,0,126000,1000,125000,125000
05515P,台積電群益96售03,0,0,0,0,0,0,0,0,0,125000,0,0,0,761000,636000,125000,125000
054228,貿聯元富96購03  ,0,0,0,0,0,0,0,0,0,125000,0,0,0,290000,165000,125000,125000
2355,敬鵬            ,171000,34000,137000,0,0,0,0,0,0,-12000,0,12000,-12000,0,0,0,125000
1611,中電            ,180000,54000,126000,0,0,0,0,0,0,-1000,0,1000,-1000,0,0,0,125000
2402,毅嘉            ,150000,19000,131000,0,0,0,0,0,0,-6000,0,6000,-6000,0,0,0,125000
06159P,牧德元富97售02  ,0,0,0,0,0,0,0,0,0,125000,0,0,0,164000,39000,125000,125000
6670,復盛應用        ,276000,127000,149000,0,0,0,28000,14000,14000,-38000,3000,21000,-18000,0,20000,-20000,125000
056460,同欣電凱基99購01,0,0,0,0,0,0,0,0,0,124000,0,0,0,194000,70000,124000,124000
056166,微星台新97購01  ,0,0,0,0,0,0,0,0,0,124000,0,0,0,129000,5000,124000,124000
045683,泰鼎元大93購03  ,0,0,0,0,0,0,0,0,0,124000,0,0,0,221000,97000,124000,124000
050098,嘉聯益國泰95購02,0,0,0,0,0,0,0,0,0,124000,0,0,0,124000,0,124000,124000
055082,台郡中信97購01  ,0,0,0,0,0,0,0,0,0,124000,0,0,0,156000,32000,124000,124000
053551,可成凱基96購05  ,0,0,0,0,0,0,0,0,0,124000,0,0,0,170000,46000,124000,124000
052702,群創國票97購03  ,0,0,0,0,0,0,0,0,0,124000,0,0,0,124000,0,124000,124000
1809,中釉            ,132000,8000,124000,0,0,0,0,0,0,0,0,0,0,0,0,0,124000
056079,世紀鋼元大97購02,0,0,0,0,0,0,0,0,0,123000,0,0,0,201000,78000,123000,123000
056044,同欣電凱基97購03,0,0,0,0,0,0,0,0,0,123000,0,0,0,157000,34000,123000,123000
055619,同欣電國票98購02,0,0,0,0,0,0,0,0,0,123000,0,0,0,133000,10000,123000,123000
057295,可成永豐98購02  ,0,0,0,0,0,0,0,0,0,123000,0,0,0,128000,5000,123000,123000
056686,可成統一98購01  ,0,0,0,0,0,0,0,0,0,123000,0,0,0,123000,0,123000,123000
04327P,台積電國泰95售01,0,0,0,0,0,0,0,0,0,123000,0,0,0,383000,260000,123000,123000
04420P,奇鋐永豐94售01  ,0,0,0,0,0,0,0,0,0,123000,0,0,0,123000,0,123000,123000
046480,群創元富96購01  ,0,0,0,0,0,0,0,0,0,123000,0,0,0,125000,2000,123000,123000
04893P,創意元大94售03  ,0,0,0,0,0,0,0,0,0,123000,0,0,0,223000,100000,123000,123000
051279,喬山兆豐96購01  ,0,0,0,0,0,0,0,0,0,123000,0,0,0,123000,0,123000,123000
054081,聯電元富96購01  ,0,100000,-100000,0,0,0,0,0,0,223000,0,0,0,393000,170000,223000,123000
048495,南亞科元大93購04,0,0,0,0,0,0,0,0,0,122000,0,0,0,250000,128000,122000,122000
054581,訊芯元大97購02  ,0,0,0,0,0,0,0,0,0,122000,0,0,0,122000,0,122000,122000
054873,帆宣群益99購01  ,0,0,0,0,0,0,0,0,0,122000,0,0,0,160000,38000,122000,122000
056713,華擎永豐98購01  ,0,0,0,0,0,0,0,0,0,121000,0,0,0,350000,229000,121000,121000
048189,臺指反元大96購06,0,0,0,0,0,0,0,0,0,121000,0,0,0,121000,0,121000,121000
044290,群創凱基93購05  ,0,0,0,0,0,0,0,0,0,121000,0,0,0,171000,50000,121000,121000
051938,旭富群益95購01  ,0,0,0,0,0,0,0,0,0,121000,0,0,0,152000,31000,121000,121000
056226,聯發科凱基97購10,0,0,0,0,0,0,0,0,0,120000,0,0,0,120000,0,120000,120000
04474P,聯發科元大94售03,0,0,0,0,0,0,0,0,0,120000,0,0,0,140000,20000,120000,120000
041427,滬深2X國票93購01,0,0,0,0,0,0,0,0,0,120000,0,0,0,120000,0,120000,120000
051006,中磊中信95購01  ,0,0,0,0,0,0,0,0,0,120000,0,0,0,120000,0,120000,120000
050497,臺指反凱基96購02,0,0,0,0,0,0,0,0,0,120000,0,0,0,120000,0,120000,120000
051515,聯發科凱基95購10,0,0,0,0,0,0,0,0,0,120000,0,0,0,120000,0,120000,120000
052977,奇力新麥證97購01,0,0,0,120000,0,120000,0,0,0,120000,0,0,0,120000,0,120000,120000
055684,京鼎凱基97購01  ,0,0,0,0,0,0,0,0,0,119000,0,0,0,169000,50000,119000,119000
055934,景碩群益98購03  ,0,0,0,0,0,0,0,0,0,119000,0,0,0,276000,157000,119000,119000
05774P,臺股指凱基99售04,0,0,0,0,0,0,0,0,0,119000,0,0,0,161000,42000,119000,119000
046248,技嘉群益93購02  ,0,0,0,0,0,0,0,0,0,119000,0,0,0,224000,105000,119000,119000
051723,嘉澤永豐95購01  ,0,0,0,0,0,0,0,0,0,119000,0,0,0,191000,72000,119000,119000
052704,TPK國票97購01   ,0,0,0,0,0,0,0,0,0,119000,0,0,0,132000,13000,119000,119000
054861,智邦群益97購01  ,0,0,0,0,0,0,0,0,0,119000,0,0,0,354000,235000,119000,119000
054790,禾伸堂群益98購01,0,0,0,0,0,0,0,0,0,119000,0,0,0,131000,12000,119000,119000
06004P,奇力新永豐96售02,0,0,0,0,0,0,0,0,0,118000,0,0,0,138000,20000,118000,118000
055733,奇力新元富97購01,0,0,0,0,0,0,0,0,0,118000,0,0,0,233000,115000,118000,118000
056267,文曄統一97購02  ,0,0,0,0,0,0,0,0,0,118000,0,0,0,118000,0,118000,118000
03629C,元油2X元富98牛06,0,0,0,0,0,0,0,0,0,118000,0,0,0,136000,18000,118000,118000
055178,晶豪科統一97購01,0,0,0,0,0,0,0,0,0,117000,0,0,0,157000,40000,117000,117000
053493,智邦兆豐97購02  ,0,0,0,0,0,0,0,0,0,117000,0,0,0,117000,0,117000,117000
048556,技嘉元大93購03  ,0,0,0,0,0,0,0,0,0,116000,0,0,0,141000,25000,116000,116000
052231,景碩凱基96購01  ,0,0,0,0,0,0,0,0,0,116000,0,0,0,126000,10000,116000,116000
055123,億光兆豐97購01  ,0,0,0,0,0,0,0,0,0,116000,0,0,0,186000,70000,116000,116000
055257,景碩統一97購01  ,0,0,0,0,0,0,0,0,0,116000,0,0,0,116000,0,116000,116000
05419P,矽力永豐95售02  ,0,0,0,0,0,0,0,0,0,116000,0,0,0,216000,100000,116000,116000
1589,永冠-KY         ,157000,82000,75000,0,0,0,0,0,0,41000,37000,13000,24000,17000,0,17000,116000
057328,京鼎群益99購02  ,0,0,0,0,0,0,0,0,0,115000,0,0,0,146000,31000,115000,115000
056978,技嘉群益99購01  ,0,0,0,0,0,0,0,0,0,115000,0,0,0,157000,42000,115000,115000
057006,國巨中信98購03  ,0,0,0,0,0,0,0,0,0,115000,0,0,0,210000,95000,115000,115000
04414P,牧德元富94售04  ,0,0,0,0,0,0,0,0,0,115000,0,0,0,185000,70000,115000,115000
03147P,台灣50群益03售02,0,0,0,0,0,0,0,0,0,115000,0,0,0,115000,0,115000,115000
04775P,台積電凱基94售29,0,0,0,0,0,0,0,0,0,115000,0,0,0,115000,0,115000,115000
05154P,台積電兆豐95售05,0,0,0,0,0,0,0,0,0,115000,0,0,0,215000,100000,115000,115000
055288,日電貿元大97購02,0,0,0,0,0,0,0,0,0,115000,0,0,0,376000,261000,115000,115000
057188,佐登元大98購01  ,0,0,0,0,0,0,0,0,0,114000,0,0,0,186000,72000,114000,114000
05839P,臺股指富邦96售06,0,0,0,0,0,0,0,0,0,114000,0,0,0,134000,20000,114000,114000
056353,鴻海元大99購02  ,0,0,0,0,0,0,0,0,0,114000,0,0,0,165000,51000,114000,114000
052423,宏達電國票96購02,0,0,0,0,0,0,0,0,0,114000,0,0,0,114000,0,114000,114000
053313,世紀鋼凱基96購01,0,0,0,0,0,0,0,0,0,114000,0,0,0,178000,64000,114000,114000
056423,奇鋐統一98購01  ,0,0,0,0,0,0,0,0,0,113000,0,0,0,178000,65000,113000,113000
05808P,臺股指國票96售01,0,0,0,0,0,0,0,0,0,113000,0,0,0,115000,2000,113000,113000
00737,國泰AI+Robo     ,0,148000,-148000,0,0,0,0,0,0,261000,0,0,0,347000,86000,261000,113000
05521P,創意永豐96售01  ,0,0,0,0,0,0,0,0,0,113000,0,0,0,133000,20000,113000,113000
054080,微星中信98購01  ,0,0,0,0,0,0,0,0,0,113000,0,0,0,199000,86000,113000,113000
8271,宇瞻            ,207000,81000,126000,0,0,0,0,0,0,-13000,0,13000,-13000,0,0,0,113000
6412,群電            ,212000,98000,114000,0,0,0,1000,0,1000,-2000,0,2000,-2000,0,0,0,113000
049598,超眾元大95購03  ,0,0,0,0,0,0,0,0,0,112000,0,0,0,112000,0,112000,112000
055278,旺宏元大98購05  ,0,0,0,0,0,0,0,0,0,112000,0,0,0,547000,435000,112000,112000
6155,鈞寶            ,183000,71000,112000,0,0,0,0,0,0,0,0,0,0,0,0,0,112000
06498P,臺股指元大9A售03,0,0,0,0,0,0,0,0,0,112000,0,0,0,181000,69000,112000,112000
05998P,台積電元大97售12,0,0,0,0,0,0,0,0,0,111000,0,0,0,193000,82000,111000,111000
04164P,滬深2X元富93售03,0,0,0,0,0,0,0,0,0,111000,0,0,0,131000,20000,111000,111000
046476,鴻海統一96購01  ,0,0,0,0,0,0,0,0,0,111000,0,0,0,178000,67000,111000,111000
05847P,大立光元大96售08,0,0,0,0,0,0,0,0,0,110000,0,0,0,140000,30000,110000,110000
057009,信邦中信99購01  ,0,0,0,0,0,0,0,0,0,110000,0,0,0,110000,0,110000,110000
055944,日月光麥證97購01,0,0,0,130000,20000,110000,0,0,0,110000,0,0,0,130000,20000,110000,110000
046724,聯發科元大93購02,0,0,0,0,0,0,0,0,0,110000,0,0,0,110000,0,110000,110000
050502,聯發科凱基94購21,0,0,0,0,0,0,0,0,0,110000,0,0,0,140000,30000,110000,110000
04796P,聯發科元大94售10,0,0,0,0,0,0,0,0,0,110000,0,0,0,110000,0,110000,110000
03146P,台灣50群益03售01,0,0,0,0,0,0,0,0,0,110000,0,0,0,110000,0,110000,110000
049906,光寶科元大94購03,0,0,0,0,0,0,0,0,0,110000,0,0,0,110000,0,110000,110000
04888P,臺股指凱基95售03,0,0,0,0,0,0,0,0,0,110000,0,0,0,160000,50000,110000,110000
05201P,玉晶光國泰97售02,0,0,0,0,0,0,0,0,0,110000,0,0,0,340000,230000,110000,110000
051256,中磊元大95購01  ,0,0,0,0,0,0,0,0,0,110000,0,0,0,130000,20000,110000,110000
05116P,台積電群益95售03,0,0,0,0,0,0,0,0,0,110000,0,0,0,110000,0,110000,110000
052224,楠梓電凱基97購01,0,0,0,0,0,0,0,0,0,110000,0,0,0,130000,20000,110000,110000
052391,瑞儀群益95購01  ,0,0,0,0,0,0,0,0,0,110000,0,0,0,115000,5000,110000,110000
055248,可成統一97購02  ,0,0,0,0,0,0,0,0,0,110000,0,0,0,110000,0,110000,110000
08890P,為升元大01售04  ,0,0,0,0,0,0,0,0,0,110000,0,0,0,110000,0,110000,110000
2419,仲琦            ,277000,167000,110000,0,0,0,0,0,0,0,0,0,0,0,0,0,110000
056561,台光電群益98購02,0,0,0,0,0,0,0,0,0,109000,0,0,0,180000,71000,109000,109000
048432,全新國票95購01  ,0,0,0,0,0,0,0,0,0,109000,0,0,0,139000,30000,109000,109000
05378P,台積電凱基96售02,0,0,0,0,0,0,0,0,0,109000,0,0,0,112000,3000,109000,109000
06161P,聯發科群益97售03,0,0,0,0,0,0,0,0,0,109000,0,0,0,129000,20000,109000,109000
9917,中保科          ,162000,56000,106000,0,0,0,3000,0,3000,0,0,0,0,0,0,0,109000
05628P,茂林國票97售02  ,0,0,0,0,0,0,0,0,0,108000,0,0,0,108000,0,108000,108000
05957P,友達國票97售04  ,0,0,0,0,0,0,0,0,0,108000,0,0,0,118000,10000,108000,108000
050494,可成永昌96購01  ,0,0,0,0,0,0,0,0,0,108000,0,0,0,158000,50000,108000,108000
051438,喬山元大95購03  ,270000,0,270000,0,0,0,0,0,0,-162000,0,0,0,133000,295000,-162000,108000
050716,可成群益96購01  ,0,0,0,0,0,0,0,0,0,108000,0,0,0,108000,0,108000,108000
8021,尖點            ,282000,139000,143000,0,0,0,0,0,0,-35000,0,35000,-35000,0,0,0,108000
05721P,全新群益98售02  ,0,0,0,0,0,0,0,0,0,107000,0,0,0,128000,21000,107000,107000
048270,T50反1富邦99購01,0,0,0,0,0,0,0,0,0,107000,0,0,0,107000,0,107000,107000
04593P,台積電元大94售11,0,0,0,0,0,0,0,0,0,107000,0,0,0,107000,0,107000,107000
047325,材料元大93購01  ,0,0,0,0,0,0,0,0,0,107000,0,0,0,107000,0,107000,107000
048878,康控國票95購02  ,0,0,0,0,0,0,0,0,0,107000,0,0,0,107000,0,107000,107000
053369,T50反1元大96購06,0,60000,-60000,0,0,0,0,0,0,167000,0,0,0,200000,33000,167000,107000
054967,神達元大97購01  ,0,0,0,0,0,0,0,0,0,107000,0,0,0,894000,787000,107000,107000
054440,TPK台新98購01   ,0,0,0,0,0,0,0,0,0,107000,0,0,0,117000,10000,107000,107000
06447P,上銀元大98售01  ,0,0,0,0,0,0,0,0,0,107000,0,0,0,110000,3000,107000,107000
1907,永豐餘          ,214000,124000,90000,0,0,0,0,0,0,17000,22000,5000,17000,0,0,0,107000
05665P,台積電凱基96售08,0,0,0,0,0,0,0,0,0,106000,0,0,0,116000,10000,106000,106000
05637P,聯電元大96售04  ,0,0,0,0,0,0,0,0,0,106000,0,0,0,135000,29000,106000,106000
055707,聯鈞永豐98購01  ,0,0,0,0,0,0,0,0,0,106000,0,0,0,106000,0,106000,106000
055447,華新科統一97購04,0,0,0,0,0,0,0,0,0,106000,0,0,0,305000,199000,106000,106000
044457,滬深2X國票97購01,0,0,0,0,0,0,0,0,0,106000,0,0,0,110000,4000,106000,106000
045252,國巨凱基93購03  ,0,0,0,0,0,0,0,0,0,106000,0,0,0,106000,0,106000,106000
04851P,創意永豐94售02  ,0,0,0,0,0,0,0,0,0,106000,0,0,0,116000,10000,106000,106000
046782,建準永豐93購01  ,0,0,0,0,0,0,0,0,0,106000,0,0,0,106000,0,106000,106000
06505P,康控國票99售02  ,0,0,0,0,0,0,0,0,0,106000,0,0,0,106000,0,106000,106000
055784,TPK凱基97購02   ,0,0,0,0,0,0,0,0,0,105000,0,0,0,105000,0,105000,105000
056936,禾伸堂元富98購01,0,0,0,0,0,0,0,0,0,105000,0,0,0,283000,178000,105000,105000
057333,智邦國票99購01  ,10000,40000,-30000,0,0,0,0,0,0,135000,0,0,0,162000,27000,135000,105000
051504,TPK統一95購01   ,0,0,0,0,0,0,0,0,0,105000,0,0,0,105000,0,105000,105000
05219P,鴻海元大95售17  ,0,0,0,0,0,0,0,0,0,105000,0,0,0,413000,308000,105000,105000
053529,國巨麥證96購01  ,0,0,0,115000,10000,105000,0,0,0,105000,0,0,0,115000,10000,105000,105000
05850P,台積電兆豐96售06,0,0,0,0,0,0,0,0,0,104000,0,0,0,144000,40000,104000,104000
056250,瑞昱兆豐97購02  ,0,0,0,0,0,0,0,0,0,104000,0,0,0,126000,22000,104000,104000
03612C,臺股指元大95牛01,0,0,0,0,0,0,0,0,0,104000,0,0,0,104000,0,104000,104000
052545,康控元富95購02  ,0,0,0,0,0,0,0,0,0,104000,0,0,0,180000,76000,104000,104000
050175,台光電元大94購08,0,0,0,0,0,0,0,0,0,104000,0,0,0,150000,46000,104000,104000
050697,冠德凱基96購01  ,0,0,0,0,0,0,0,0,0,104000,0,0,0,104000,0,104000,104000
05329P,臺股指凱基95售13,0,0,0,0,0,0,0,0,0,104000,0,0,0,204000,100000,104000,104000
053969,瑞昱元大97購01  ,0,0,0,0,0,0,0,0,0,104000,0,0,0,167000,63000,104000,104000
053890,華新科群益98購01,0,0,0,0,0,0,0,0,0,104000,0,0,0,104000,0,104000,104000
06060P,玉晶光元大97售03,0,0,0,0,0,0,0,0,0,103000,0,0,0,208000,105000,103000,103000
056854,友達中信9A購01  ,0,0,0,0,0,0,0,0,0,103000,0,0,0,366000,263000,103000,103000
056839,台光電元富98購02,0,0,0,0,0,0,0,0,0,103000,0,0,0,103000,0,103000,103000
047844,台虹元大93購02  ,0,0,0,0,0,0,0,0,0,103000,0,0,0,113000,10000,103000,103000
055130,京鼎康和97購01  ,0,0,0,0,0,0,0,0,0,103000,0,0,0,171000,68000,103000,103000
06172P,台虹永豐97售02  ,0,0,0,0,0,0,0,0,0,103000,0,0,0,103000,0,103000,103000
056080,世紀鋼元大97購03,0,0,0,0,0,0,0,0,0,102000,0,0,0,108000,6000,102000,102000
055838,致茂元大97購03  ,0,0,0,0,0,0,0,0,0,102000,0,0,0,187000,85000,102000,102000
055881,康控元富97購01  ,0,0,0,0,0,0,0,0,0,102000,0,0,0,160000,58000,102000,102000
046590,同欣電元大92購02,0,0,0,0,0,0,0,0,0,102000,0,0,0,102000,0,102000,102000
048945,訊連永豐94購01  ,0,0,0,0,0,0,0,0,0,102000,0,0,0,112000,10000,102000,102000
05139P,臺股指凱基95售06,0,0,0,0,0,0,0,0,0,102000,0,0,0,531000,429000,102000,102000
054247,華邦電元大96購04,0,0,0,0,0,0,0,0,0,102000,0,0,0,102000,0,102000,102000
054239,台郡群益96購02  ,0,0,0,0,0,0,0,0,0,102000,0,0,0,102000,0,102000,102000
052622,貿聯兆豐97購01  ,0,0,0,0,0,0,0,0,0,102000,0,0,0,112000,10000,102000,102000
06569P,可成永豐98售01  ,0,0,0,0,0,0,0,0,0,102000,0,0,0,102000,0,102000,102000
1536,和大            ,318000,126257,191743,0,0,0,14000,0,14000,-104000,9000,90000,-81000,6000,29000,-23000,101743
05613P,臻鼎台新96售01  ,0,0,0,0,0,0,0,0,0,101000,0,0,0,121000,20000,101000,101000
056320,京鼎群益99購01  ,0,0,0,0,0,0,0,0,0,101000,0,0,0,143000,42000,101000,101000
056439,華邦電凱基98購02,0,0,0,0,0,0,0,0,0,101000,0,0,0,505000,404000,101000,101000
05118P,超眾元大96售04  ,0,0,0,0,0,0,0,0,0,101000,0,0,0,107000,6000,101000,101000
044879,上証2X群益93購01,0,0,0,0,0,0,0,0,0,101000,0,0,0,102000,1000,101000,101000
045086,玉晶光元大94購02,0,0,0,0,0,0,0,0,0,101000,0,0,0,101000,0,101000,101000
051415,晶技國票96購01  ,0,0,0,0,0,0,0,0,0,101000,0,0,0,115000,14000,101000,101000
052067,中磊兆豐96購01  ,0,0,0,0,0,0,0,0,0,101000,0,0,0,101000,0,101000,101000
051307,康舒凱基95購01  ,0,0,0,0,0,0,0,0,0,101000,0,0,0,350000,249000,101000,101000
050848,日月光國票95購01,0,0,0,0,0,0,0,0,0,101000,0,0,0,400000,299000,101000,101000
052793,健鼎兆豐96購01  ,0,0,0,0,0,0,0,0,0,101000,0,0,0,101000,0,101000,101000
053484,國巨國票97購03  ,0,0,0,0,0,0,0,0,0,101000,0,0,0,111000,10000,101000,101000
054332,世芯永豐97購01  ,0,0,0,0,0,0,0,0,0,101000,0,0,0,101000,0,101000,101000
055131,茂林康和97購01  ,0,0,0,0,0,0,0,0,0,101000,0,0,0,121000,20000,101000,101000
056050,晶技國票98購01  ,0,0,0,0,0,0,0,0,0,100000,0,0,0,223000,123000,100000,100000
055630,聯詠永豐97購02  ,0,0,0,0,0,0,0,0,0,100000,0,0,0,105000,5000,100000,100000
056886,元油2X元大99購04,0,0,0,0,0,0,0,0,0,100000,0,0,0,100000,0,100000,100000
05696P,南亞科凱基96售01,0,0,0,0,0,0,0,0,0,100000,0,0,0,100000,0,100000,100000
05791P,臺股指中信99售06,0,0,0,0,0,0,0,0,0,100000,0,0,0,100000,0,100000,100000
05953P,台積電國票98售02,0,0,0,0,0,0,0,0,0,100000,0,0,0,100000,0,100000,100000
047380,統一元大93購01  ,0,0,0,0,0,0,0,0,0,100000,0,0,0,100000,0,100000,100000
044852,華邦電國泰93購02,0,0,0,0,0,0,0,0,0,100000,0,0,0,100000,0,100000,100000
046240,中鋼中信94購01  ,0,0,0,0,0,0,0,0,0,100000,0,0,0,100000,0,100000,100000
043750,美律元大93購01  ,0,0,0,0,0,0,0,0,0,100000,0,0,0,100000,0,100000,100000
03751P,旺宏富邦95售01  ,0,0,0,0,0,0,0,0,0,100000,0,0,0,100000,0,100000,100000
042826,欣興兆豐93購01  ,0,0,0,0,0,0,0,0,0,100000,0,0,0,100000,0,100000,100000
045803,旺宏國票93購01  ,0,0,0,0,0,0,0,0,0,100000,0,0,0,100000,0,100000,100000
04175P,台積電群益94售05,0,0,0,0,0,0,0,0,0,100000,0,0,0,100000,0,100000,100000
04001P,聯發科凱基93售15,0,0,0,0,0,0,0,0,0,100000,0,0,0,100000,0,100000,100000
03926P,麗豐元大93售02  ,0,0,0,0,0,0,0,0,0,100000,0,0,0,100000,0,100000,100000
03039P,玉晶光國票02售04,0,0,0,0,0,0,0,0,0,100000,0,0,0,100000,0,100000,100000
050976,台光電統一95購01,0,0,0,0,0,0,0,0,0,100000,0,0,0,100000,0,100000,100000
04688P,大立光凱基94售09,0,0,0,0,0,0,0,0,0,100000,0,0,0,100000,0,100000,100000
048196,聯發科元大93購24,0,0,0,0,0,0,0,0,0,100000,0,0,0,100000,0,100000,100000
048721,正文永豐94購01  ,0,0,0,0,0,0,0,0,0,100000,0,0,0,100000,0,100000,100000
048768,景碩凱基94購02  ,0,0,0,0,0,0,0,0,0,100000,0,0,0,104000,4000,100000,100000
050875,訊芯永豐95購01  ,0,0,0,0,0,0,0,0,0,100000,0,0,0,100000,0,100000,100000
051481,聯詠凱基95購02  ,0,0,0,0,0,0,0,0,0,100000,0,0,0,100000,0,100000,100000
048994,南電元大94購03  ,0,0,0,0,0,0,0,0,0,100000,0,0,0,100000,0,100000,100000
048956,美食康和94購01  ,0,0,0,0,0,0,0,0,0,100000,0,0,0,100000,0,100000,100000
05016P,臺股指元大95售07,0,0,0,0,0,0,0,0,0,100000,0,0,0,100000,0,100000,100000
051675,瑞儀元大96購02  ,0,0,0,0,0,0,0,0,0,100000,0,0,0,100000,0,100000,100000
05244P,台積電元大95售17,0,0,0,0,0,0,0,0,0,100000,0,0,0,201000,101000,100000,100000
052386,鴻海群益96購02  ,0,0,0,0,0,0,0,0,0,100000,0,0,0,308000,208000,100000,100000
052147,上緯控群益95購01,0,0,0,0,0,0,0,0,0,100000,0,0,0,100000,0,100000,100000
055194,昇陽半元富97購01,0,0,0,0,0,0,0,0,0,100000,0,0,0,100000,0,100000,100000
055059,健和興永豐97購01,0,0,0,0,0,0,0,0,0,100000,0,0,0,100000,0,100000,100000
055242,道瓊銀統一98購01,0,0,0,0,0,0,0,0,0,100000,0,0,0,100000,0,100000,100000
055306,燿華群益97購01  ,0,0,0,0,0,0,0,0,0,100000,0,0,0,101000,1000,100000,100000
054928,帆宣凱基98購01  ,0,0,0,0,0,0,0,0,0,100000,0,0,0,143000,43000,100000,100000
054315,訊芯凱基98購01  ,0,0,0,0,0,0,0,0,0,100000,0,0,0,120000,20000,100000,100000
054169,上緯控凱基98購01,0,0,0,0,0,0,0,0,0,100000,0,0,0,101000,1000,100000,100000
054384,瀚宇博群益96購02,0,0,0,0,0,0,0,0,0,100000,0,0,0,100000,0,100000,100000
054344,景碩國票97購04  ,0,0,0,0,0,0,0,0,0,100000,0,0,0,135000,35000,100000,100000
05460P,台郡凱基95售05  ,0,0,0,0,0,0,0,0,0,100000,0,0,0,100000,0,100000,100000
054610,聯發科永豐97購01,0,0,0,0,0,0,0,0,0,100000,0,0,0,100000,0,100000,100000
053885,全新兆豐96購01  ,0,0,0,0,0,0,0,0,0,100000,0,0,0,100000,0,100000,100000
052777,燿華國票98購01  ,0,0,0,0,0,0,0,0,0,100000,0,0,0,124000,24000,100000,100000
053077,同欣電永豐96購01,0,0,0,0,0,0,0,0,0,100000,0,0,0,100000,0,100000,100000
048079,燿華日盛93購01  ,0,0,0,0,0,0,0,0,0,99000,0,0,0,99000,0,99000,99000
051220,大立光元富95購08,0,0,0,0,0,0,0,0,0,99000,0,0,0,100000,1000,99000,99000
051235,鴻海元大95購06  ,0,0,0,0,0,0,0,0,0,99000,0,0,0,539000,440000,99000,99000
042281,元油2X富邦96購02,0,0,0,0,0,0,0,0,0,99000,0,0,0,130000,31000,99000,99000
052444,友訊元大95購01  ,0,0,0,0,0,0,0,0,0,99000,0,0,0,304000,205000,99000,99000
052416,滬深2X兆豐96購02,0,0,0,0,0,0,0,0,0,99000,0,0,0,1594000,1495000,99000,99000
06182P,群創兆豐97售03  ,0,0,0,0,0,0,0,0,0,99000,0,0,0,102000,3000,99000,99000
055759,技嘉群益98購02  ,0,0,0,0,0,0,0,0,0,98000,0,0,0,972000,874000,98000,98000
055889,鴻海統一97購05  ,0,0,0,0,0,0,0,0,0,98000,0,0,0,98000,0,98000,98000
056308,TPK元大97購02   ,0,0,0,0,0,0,0,0,0,98000,0,0,0,181000,83000,98000,98000
052389,聯發科群益95購05,0,0,0,0,0,0,0,0,0,98000,0,0,0,98000,0,98000,98000
052113,漢唐中信98購01  ,0,0,0,0,0,0,0,0,0,98000,0,0,0,100000,2000,98000,98000
051636,嘉晶國票95購02  ,0,0,0,0,0,0,0,0,0,98000,0,0,0,159000,61000,98000,98000
050752,美律統一94購05  ,0,0,0,0,0,0,0,0,0,98000,0,0,0,178000,80000,98000,98000
053899,矽創群益96購02  ,0,0,0,0,0,0,0,0,0,98000,0,0,0,98000,0,98000,98000
053534,微星永豐96購02  ,0,0,0,0,0,0,0,0,0,98000,0,0,0,98000,0,98000,98000
054382,康控群益96購03  ,0,0,0,0,0,0,0,0,0,98000,0,0,0,98000,0,98000,98000
054457,強茂群益96購01  ,0,0,0,0,0,0,0,0,0,98000,0,0,0,98000,0,98000,98000
054481,鎧勝中信96購01  ,0,0,0,0,0,0,0,0,0,98000,0,0,0,123000,25000,98000,98000
054062,TPK國票96購02   ,0,0,0,0,0,0,0,0,0,98000,0,0,0,118000,20000,98000,98000
054962,玉晶光元大99購02,0,0,0,0,0,0,0,0,0,98000,0,0,0,130000,32000,98000,98000
054859,鴻海群益97購02  ,0,0,0,0,0,0,0,0,0,98000,0,0,0,98000,0,98000,98000
055604,訊芯元大98購02  ,0,0,0,0,0,0,0,0,0,97000,0,0,0,97000,0,97000,97000
045632,正崴凱基93購01  ,0,0,0,0,0,0,0,0,0,97000,0,0,0,97000,0,97000,97000
047354,訊芯凱基94購01  ,0,0,0,0,0,0,0,0,0,97000,0,0,0,100000,3000,97000,97000
051649,中磊永豐95購02  ,0,0,0,0,0,0,0,0,0,97000,0,0,0,97000,0,97000,97000
051618,智邦凱基95購06  ,0,0,0,0,0,0,0,0,0,97000,0,0,0,355000,258000,97000,97000
051668,智邦元大95購02  ,0,0,0,0,0,0,0,0,0,97000,0,0,0,174000,77000,97000,97000
051892,台光電元富95購03,0,0,0,0,0,0,0,0,0,97000,0,0,0,98000,1000,97000,97000
054871,明泰群益98購01  ,0,0,0,0,0,0,0,0,0,97000,0,0,0,98000,1000,97000,97000
054718,可成永豐97購01  ,0,0,0,0,0,0,0,0,0,97000,0,0,0,97000,0,97000,97000
054138,晶技元大98購02  ,0,0,0,0,0,0,0,0,0,97000,0,0,0,134000,37000,97000,97000
054178,中磊台新97購01  ,0,0,0,0,0,0,0,0,0,97000,0,0,0,107000,10000,97000,97000
4540,全球傳動        ,179000,82000,97000,0,0,0,0,0,0,0,0,0,0,0,0,0,97000
043748,漢唐元大93購01  ,0,0,0,0,0,0,0,0,0,96000,0,0,0,96000,0,96000,96000
047864,信邦康和93購01  ,0,0,0,0,0,0,0,0,0,96000,0,0,0,96000,0,96000,96000
048340,聯發科元大93購25,0,0,0,0,0,0,0,0,0,96000,0,0,0,96000,0,96000,96000
050327,泰鼎永豐94購03  ,0,0,0,0,0,0,0,0,0,96000,0,0,0,97000,1000,96000,96000
050833,台郡凱基95購01  ,0,0,0,0,0,0,0,0,0,96000,0,0,0,163000,67000,96000,96000
04956P,臺股指日盛94售02,0,0,0,0,0,0,0,0,0,96000,0,0,0,173000,77000,96000,96000
052030,GIS群益95購04   ,0,0,0,0,0,0,0,0,0,96000,0,0,0,158000,62000,96000,96000
054142,致伸元大97購01  ,0,0,0,0,0,0,0,0,0,96000,0,0,0,96000,0,96000,96000
053827,漢唐麥證9A購01  ,0,0,0,98000,2000,96000,0,0,0,96000,0,0,0,98000,2000,96000,96000
2605,新興            ,155000,83000,72000,0,0,0,0,0,0,24000,35000,11000,24000,0,0,0,96000
06134P,緯穎元富97售03  ,0,0,0,0,0,0,0,0,0,96000,0,0,0,102000,6000,96000,96000
055755,禾伸堂兆豐97購02,0,0,0,0,0,0,0,0,0,95000,0,0,0,120000,25000,95000,95000
056554,GIS凱基99購01   ,0,0,0,0,0,0,0,0,0,95000,0,0,0,102000,7000,95000,95000
056068,欣興元大97購05  ,0,0,0,0,0,0,0,0,0,95000,0,0,0,134000,39000,95000,95000
056260,鴻海統一98購07  ,0,0,0,0,0,0,0,0,0,95000,0,0,0,95000,0,95000,95000
05677P,玉晶光群益98售03,0,0,0,0,0,0,0,0,0,95000,0,0,0,155000,60000,95000,95000
05099P,台積電凱基95售06,0,0,0,0,0,0,0,0,0,95000,0,0,0,95000,0,95000,95000
051996,康友元大95購01  ,0,0,0,0,0,0,0,0,0,95000,0,0,0,105000,10000,95000,95000
051846,S&P反1中信96購02,0,0,0,0,0,0,0,0,0,95000,0,0,0,100000,5000,95000,95000
05437P,聯詠永豐95售02  ,0,0,0,0,0,0,0,0,0,95000,0,0,0,122000,27000,95000,95000
055250,華新科統一97購02,0,0,0,0,0,0,0,0,0,95000,0,0,0,112000,17000,95000,95000
05703P,矽力群益96售03  ,0,0,0,0,0,0,0,0,0,94000,0,0,0,111000,17000,94000,94000
057078,國巨統一9A購02  ,0,0,0,0,0,0,0,0,0,94000,0,0,0,287000,193000,94000,94000
05849P,臺股指元大96售25,0,0,0,0,0,0,0,0,0,94000,0,0,0,119000,25000,94000,94000
056081,T50反1統一99購02,0,0,0,0,0,0,0,0,0,94000,0,0,0,94000,0,94000,94000
055628,旺宏永豐97購01  ,0,0,0,0,0,0,0,0,0,94000,0,0,0,115000,21000,94000,94000
047497,聯發科康和93購01,0,0,0,0,0,0,0,0,0,94000,0,0,0,94000,0,94000,94000
04288P,台積電中信95售06,0,0,0,0,0,0,0,0,0,94000,0,0,0,94000,0,94000,94000
052130,國巨凱基9B購01  ,0,0,0,0,0,0,0,0,0,94000,0,0,0,185000,91000,94000,94000
05251P,喬山台新95售02  ,0,0,0,0,0,0,0,0,0,94000,0,0,0,100000,6000,94000,94000
050442,復盛凱基94購01  ,0,0,0,0,0,0,0,0,0,94000,0,0,0,140000,46000,94000,94000
049692,可成元大94購07  ,0,0,0,0,0,0,0,0,0,94000,0,0,0,162000,68000,94000,94000
055281,台光電元大98購03,0,0,0,0,0,0,0,0,0,94000,0,0,0,115000,21000,94000,94000
053196,康控元富96購01  ,0,0,0,0,0,0,0,0,0,94000,0,0,0,124000,30000,94000,94000
057105,致茂群益9A購01  ,0,0,0,0,0,0,0,0,0,93000,0,0,0,96000,3000,93000,93000
04076P,臺股指凱基93售12,0,0,0,0,0,0,0,0,0,93000,0,0,0,93000,0,93000,93000
05151P,台光電群益95售02,0,0,0,0,0,0,0,0,0,93000,0,0,0,108000,15000,93000,93000
052326,滬深反中信99購01,0,0,0,0,0,0,0,0,0,93000,0,0,0,117000,24000,93000,93000
053197,超眾元富96購02  ,0,0,0,0,0,0,0,0,0,93000,0,0,0,127000,34000,93000,93000
054240,訊芯群益96購03  ,0,0,0,0,0,0,0,0,0,93000,0,0,0,124000,31000,93000,93000
054251,聯發科元大96購21,0,0,0,0,0,0,0,0,0,93000,0,0,0,303000,210000,93000,93000
06226P,聯發科麥證97售03,0,0,0,105000,12000,93000,0,0,0,93000,0,0,0,105000,12000,93000,93000
2006,東和鋼鐵        ,54000,131000,-77000,0,0,0,2000,0,2000,168000,169000,1000,168000,0,0,0,93000
2360,致茂            ,1427933,1325000,102933,0,0,0,0,2000,-2000,-8000,41000,21000,20000,3000,31000,-28000,92933
056896,南亞科元大98購01,0,0,0,0,0,0,0,0,0,92000,0,0,0,179000,87000,92000,92000
047837,嘉晶元大93購01  ,0,0,0,0,0,0,0,0,0,92000,0,0,0,102000,10000,92000,92000
052582,喬山台新96購01  ,0,0,0,0,0,0,0,0,0,92000,0,0,0,92000,0,92000,92000
051623,和碩凱基96購02  ,0,0,0,0,0,0,0,0,0,92000,0,0,0,150000,58000,92000,92000
049216,華邦電國票95購01,0,0,0,0,0,0,0,0,0,92000,0,0,0,100000,8000,92000,92000
055017,緯穎元富97購01  ,0,0,0,0,0,0,0,0,0,92000,0,0,0,225000,133000,92000,92000
053351,A50正2兆豐97購01,0,0,0,0,0,0,0,0,0,92000,0,0,0,200000,108000,92000,92000
2103,台橡            ,123000,29000,94000,0,0,0,0,0,0,-2000,0,2000,-2000,0,0,0,92000
3443,創意            ,325000,132000,193000,0,0,0,1000,133000,-132000,31000,22000,3000,19000,27000,15000,12000,92000
06300P,緯穎元大97售04  ,0,0,0,0,0,0,0,0,0,92000,0,0,0,92000,0,92000,92000
06285P,台積電國票98售04,0,0,0,0,0,0,0,0,0,92000,0,0,0,100000,8000,92000,92000
056857,國巨群益99購02  ,0,0,0,0,0,0,0,0,0,91000,0,0,0,214000,123000,91000,91000
05780P,台積電統一96售07,0,0,0,0,0,0,0,0,0,91000,0,0,0,301000,210000,91000,91000
057358,元油2X元大98購08,0,0,0,0,0,0,0,0,0,91000,0,0,0,131000,40000,91000,91000
055905,可成兆豐97購03  ,0,0,0,0,0,0,0,0,0,91000,0,0,0,91000,0,91000,91000
055837,致茂元大97購02  ,0,0,0,0,0,0,0,0,0,91000,0,0,0,134000,43000,91000,91000
056291,聯茂永豐97購03  ,0,0,0,0,0,0,0,0,0,91000,0,0,0,203000,112000,91000,91000
056404,嘉聯益群益9A購01,0,0,0,0,0,0,0,0,0,91000,0,0,0,98000,7000,91000,91000
052091,緯創元大95購04  ,0,0,0,0,0,0,0,0,0,91000,0,0,0,101000,10000,91000,91000
054121,奇鋐永豐96購02  ,0,0,0,0,0,0,0,0,0,91000,0,0,0,102000,11000,91000,91000
2520,冠德            ,291000,197000,94000,0,0,0,0,0,0,-3000,0,2000,-2000,0,1000,-1000,91000
056306,晶相光元大98購01,0,0,0,0,0,0,0,0,0,90000,0,0,0,438000,348000,90000,90000
055876,美食元富9A購01  ,0,0,0,0,0,0,0,0,0,90000,0,0,0,210000,120000,90000,90000
055772,致茂凱基97購01  ,0,0,0,0,0,0,0,0,0,90000,0,0,0,118000,28000,90000,90000
055435,佳世達中信99購01,0,0,0,0,0,0,0,0,0,90000,0,0,0,100000,10000,90000,90000
05858P,矽力中信96售01  ,0,0,0,0,0,0,0,0,0,90000,0,0,0,90000,0,90000,90000
06096P,全新永豐97售02  ,0,0,0,0,0,0,0,0,0,90000,0,0,0,130000,40000,90000,90000
056609,楠梓電永豐98購02,0,0,0,0,0,0,0,0,0,90000,0,0,0,101000,11000,90000,90000
056984,嘉晶群益98購01  ,0,0,0,0,0,0,0,0,0,90000,0,0,0,166000,76000,90000,90000
057158,義隆永豐99購01  ,0,0,0,0,0,0,0,0,0,90000,0,0,0,90000,0,90000,90000
051324,康友國票96購01  ,0,0,0,0,0,0,0,0,0,90000,0,0,0,90000,0,90000,90000
048443,旺宏凱基93購08  ,0,0,0,0,0,0,0,0,0,90000,0,0,0,90000,0,90000,90000
047592,長華永豐93購01  ,0,0,0,0,0,0,0,0,0,90000,0,0,0,90000,0,90000,90000
04214P,美利達凱基93售04,0,0,0,0,0,0,0,0,0,90000,0,0,0,90000,0,90000,90000
045829,滬深2X群益95購02,0,0,0,0,0,0,0,0,0,90000,0,0,0,90000,0,90000,90000
03305P,台達電台新02售01,0,0,0,0,0,0,0,0,0,90000,0,0,0,90000,0,90000,90000
045213,A50正2元大95購01,0,0,0,0,0,0,0,0,0,90000,0,0,0,110000,20000,90000,90000
049226,元石油富邦95購01,0,0,0,0,0,0,0,0,0,90000,0,0,0,110000,20000,90000,90000
051568,智邦富邦95購01  ,0,0,0,0,0,0,0,0,0,90000,0,0,0,100000,10000,90000,90000
04884P,聯發科凱基94售20,0,0,0,0,0,0,0,0,0,90000,0,0,0,90000,0,90000,90000
05032P,台積電國泰96售05,0,0,0,0,0,0,0,0,0,90000,0,0,0,142000,52000,90000,90000
051789,嘉澤國票96購01  ,0,0,0,0,0,0,0,0,0,90000,0,0,0,90000,0,90000,90000
053366,樺漢國泰98購01  ,0,0,0,0,0,0,0,0,0,90000,0,0,0,100000,10000,90000,90000
053752,超眾永豐96購02  ,0,0,0,0,0,0,0,0,0,90000,0,0,0,90000,0,90000,90000
05324P,臺股指凱基95售08,0,0,0,0,0,0,0,0,0,90000,0,0,0,90000,0,90000,90000
08388P,台灣50中信03售09,0,0,0,0,0,0,0,0,0,90000,0,0,0,90000,0,90000,90000
056614,智邦永豐98購01  ,0,0,0,0,0,0,0,0,0,89000,0,0,0,137000,48000,89000,89000
056718,GIS永豐98購01   ,0,0,0,0,0,0,0,0,0,89000,0,0,0,232000,143000,89000,89000
05670P,台積電國票98售01,0,0,0,0,0,0,0,0,0,89000,0,0,0,89000,0,89000,89000
06102P,智邦凱基97售03  ,0,0,0,0,0,0,0,0,0,89000,0,0,0,89000,0,89000,89000
050254,大立光富邦96購02,0,0,0,0,0,0,0,0,0,89000,0,0,0,92000,3000,89000,89000
052447,聯發科元大96購04,0,0,0,0,0,0,0,0,0,89000,0,0,0,89000,0,89000,89000
050091,喬山永豐94購02  ,60000,0,60000,0,0,0,0,0,0,29000,0,0,0,151000,122000,29000,89000
050751,聯電統一94購05  ,0,0,0,0,0,0,0,0,0,89000,0,0,0,297000,208000,89000,89000
051430,瑞昱元富95購02  ,0,0,0,0,0,0,0,0,0,89000,0,0,0,93000,4000,89000,89000
053319,可成群益96購04  ,0,0,0,0,0,0,0,0,0,89000,0,0,0,99000,10000,89000,89000
06339P,上銀統一97售06  ,0,0,0,0,0,0,0,0,0,89000,0,0,0,171000,82000,89000,89000
2547,日勝生          ,200000,104000,96000,0,0,0,0,0,0,-7000,0,7000,-7000,0,0,0,89000
4190,佐登-KY         ,135000,32000,103000,0,0,0,0,0,0,-14000,0,2000,-2000,0,12000,-12000,89000
05823P,臺股指凱基96售20,0,0,0,0,0,0,0,0,0,88000,0,0,0,90000,2000,88000,88000
056786,亞光群益98購03  ,0,0,0,0,0,0,0,0,0,88000,0,0,0,93000,5000,88000,88000
055673,旺宏日盛97購01  ,0,0,0,0,0,0,0,0,0,88000,0,0,0,91000,3000,88000,88000
044307,GIS兆豐93購01   ,0,0,0,0,0,0,0,0,0,88000,0,0,0,88000,0,88000,88000
052560,康舒國票97購01  ,0,0,0,0,0,0,0,0,0,88000,0,0,0,88000,0,88000,88000
051633,可成國票96購03  ,0,0,0,0,0,0,0,0,0,88000,0,0,0,147000,59000,88000,88000
051761,富邦金元大96購01,0,0,0,0,0,0,0,0,0,88000,0,0,0,88000,0,88000,88000
053772,大成鋼元大96購02,0,0,0,0,0,0,0,0,0,88000,0,0,0,88000,0,88000,88000
054088,華新群益98購02  ,0,0,0,0,0,0,0,0,0,88000,0,0,0,98000,10000,88000,88000
054185,喬山永豐96購02  ,85000,0,85000,0,0,0,0,0,0,3000,0,0,0,155000,152000,3000,88000
06043P,創意永豐96售06  ,0,0,0,0,0,0,0,0,0,87000,0,0,0,87000,0,87000,87000
006206,元大上證50      ,0,3000,-3000,0,0,0,0,0,0,90000,0,30000,-30000,250000,130000,120000,87000
050937,可成國票96購02  ,0,0,0,0,0,0,0,0,0,87000,0,0,0,124000,37000,87000,87000
048002,景碩元大93購04  ,0,0,0,0,0,0,0,0,0,87000,0,0,0,115000,28000,87000,87000
046804,群創元大94購01  ,0,0,0,0,0,0,0,0,0,87000,0,0,0,406000,319000,87000,87000
047968,南電國泰94購01  ,0,0,0,0,0,0,0,0,0,87000,0,0,0,195000,108000,87000,87000
052216,康友元大96購01  ,0,0,0,0,0,0,0,0,0,87000,0,0,0,108000,21000,87000,87000
052046,漢唐凱基96購01  ,0,0,0,0,0,0,0,0,0,87000,0,0,0,87000,0,87000,87000
054250,漢唐元大96購04  ,0,0,0,0,0,0,0,0,0,87000,0,0,0,87000,0,87000,87000
055046,上銀永豐97購01  ,0,0,0,0,0,0,0,0,0,87000,0,0,0,242000,155000,87000,87000
053052,旺宏國票97購02  ,0,0,0,0,0,0,0,0,0,87000,0,0,0,99000,12000,87000,87000
4976,佳凌            ,97000,8000,89000,0,0,0,0,0,0,-2000,0,2000,-2000,0,0,0,87000
6456,GIS-KY          ,396000,330000,66000,0,0,0,0,0,0,21000,0,3000,-3000,49000,25000,24000,87000
06008P,燿華統一96售04  ,0,0,0,0,0,0,0,0,0,86000,0,0,0,116000,30000,86000,86000
056655,旺宏元大99購02  ,0,0,0,0,0,0,0,0,0,86000,0,0,0,94000,8000,86000,86000
055375,京鼎元大97購03  ,0,0,0,0,0,0,0,0,0,86000,0,0,0,142000,56000,86000,86000
056198,台光電永豐97購02,0,0,0,0,0,0,0,0,0,86000,0,0,0,97000,11000,86000,86000
046722,智邦元大93購02  ,0,0,0,0,0,0,0,0,0,86000,0,0,0,90000,4000,86000,86000
04547P,高鐵元大94售01  ,0,0,0,0,0,0,0,0,0,86000,0,0,0,253000,167000,86000,86000
047444,晶技元大93購03  ,0,0,0,0,0,0,0,0,0,86000,0,0,0,138000,52000,86000,86000
044465,元油2X群益97購01,0,0,0,0,0,0,0,0,0,86000,0,0,0,210000,124000,86000,86000
053651,台光電凱基98購01,0,0,0,0,0,0,0,0,0,86000,0,0,0,211000,125000,86000,86000
05404P,台積電群益95售06,0,0,0,0,0,0,0,0,0,86000,0,0,0,86000,0,86000,86000
05584P,臺股指凱基96售13,0,0,0,0,0,0,0,0,0,85000,0,0,0,120000,35000,85000,85000
056707,鴻海富邦99購03  ,0,0,0,0,0,0,0,0,0,85000,0,0,0,88000,3000,85000,85000
03064X,元展59          ,0,0,0,0,0,0,0,0,0,85000,0,0,0,85000,0,85000,85000
04826P,華新科麥證95售01,0,0,0,109000,24000,85000,0,0,0,85000,0,0,0,109000,24000,85000,85000
051968,勤誠永豐95購01  ,0,0,0,0,0,0,0,0,0,85000,0,0,0,85000,0,85000,85000
05054P,臻鼎群益95售02  ,0,0,0,0,0,0,0,0,0,85000,0,0,0,108000,23000,85000,85000
052153,GIS富邦96購02   ,0,0,0,0,0,0,0,0,0,85000,0,0,0,135000,50000,85000,85000
054130,漢唐元大97購02  ,0,0,0,0,0,0,0,0,0,85000,0,0,0,106000,21000,85000,85000
06466P,台積電統一9B售01,0,0,0,0,0,0,0,0,0,85000,0,0,0,95000,10000,85000,85000
057024,義隆凱基99購01  ,0,0,0,0,0,0,0,0,0,84000,0,0,0,94000,10000,84000,84000
048699,嘉晶國票95購01  ,0,0,0,0,0,0,0,0,0,84000,0,0,0,142000,58000,84000,84000
03026X,元展23          ,0,0,0,0,0,0,0,0,0,84000,0,0,0,124000,40000,84000,84000
03828P,致茂中信95售01  ,0,0,0,0,0,0,0,0,0,84000,0,0,0,130000,46000,84000,84000
044683,聯鈞凱基93購01  ,0,0,0,0,0,0,0,0,0,84000,0,0,0,551000,467000,84000,84000
049209,GIS群益94購03   ,0,0,0,0,0,0,0,0,0,84000,0,0,0,85000,1000,84000,84000
05418P,瑞昱永豐95售02  ,0,0,0,0,0,0,0,0,0,84000,0,0,0,142000,58000,84000,84000
053855,康友國泰98購01  ,0,0,0,0,0,0,0,0,0,84000,0,0,0,142000,58000,84000,84000
05333P,臺股指國票95售02,0,0,0,0,0,0,0,0,0,84000,0,0,0,84000,0,84000,84000
053464,喬山元大96購01  ,110000,0,110000,0,0,0,0,0,0,-26000,0,0,0,195000,221000,-26000,84000
1707,葡萄王          ,229000,151000,78000,0,0,0,0,0,0,6000,25000,19000,6000,0,0,0,84000
055316,上銀國票98購01  ,0,0,0,0,0,0,0,0,0,83000,0,0,0,244000,161000,83000,83000
052053,泰鼎凱基96購01  ,0,0,0,0,0,0,0,0,0,83000,0,0,0,166000,83000,83000,83000
052102,台泥兆豐96購01  ,0,0,0,0,0,0,0,0,0,83000,0,0,0,100000,17000,83000,83000
051862,旺宏凱基95購05  ,0,0,0,0,0,0,0,0,0,83000,0,0,0,83000,0,83000,83000
053343,宏達電國票97購02,0,0,0,0,0,0,0,0,0,83000,0,0,0,93000,10000,83000,83000
05284P,鴻海兆豐95售04  ,0,0,0,0,0,0,0,0,0,83000,0,0,0,83000,0,83000,83000
054661,嘉聯益元大97購03,0,0,0,0,0,0,0,0,0,83000,0,0,0,83000,0,83000,83000
05569P,漢唐統一97售01  ,0,0,0,0,0,0,0,0,0,82000,0,0,0,128000,46000,82000,82000
056124,華通國票98購02  ,0,0,0,0,0,0,0,0,0,82000,0,0,0,95000,13000,82000,82000
056277,上銀富邦99購02  ,0,0,0,0,0,0,0,0,0,82000,0,0,0,133000,51000,82000,82000
056717,康友永豐98購01  ,0,0,0,0,0,0,0,0,0,82000,0,0,0,107000,25000,82000,82000
056820,欣興永豐98購02  ,0,0,0,0,0,0,0,0,0,82000,0,0,0,84000,2000,82000,82000
057218,可成群益99購03  ,0,0,0,0,0,0,0,0,0,82000,0,0,0,142000,60000,82000,82000
048502,百和元大93購01  ,0,0,0,0,0,0,0,0,0,82000,0,0,0,100000,18000,82000,82000
04767P,台積電國泰95售04,0,0,0,0,0,0,0,0,0,82000,0,0,0,163000,81000,82000,82000
047652,滬深2X兆豐94購03,0,0,0,0,0,0,0,0,0,82000,0,0,0,82000,0,82000,82000
052456,滬深2X元富9B購03,0,0,0,0,0,0,0,0,0,82000,0,0,0,152000,70000,82000,82000
051470,玉晶光日盛95購01,0,0,0,0,0,0,0,0,0,82000,0,0,0,141000,59000,82000,82000
050891,喬山元大95購01  ,110000,0,110000,0,0,0,0,0,0,-28000,0,0,0,156000,184000,-28000,82000
049259,聯發科元大94購04,0,0,0,0,0,0,0,0,0,82000,0,0,0,182000,100000,82000,82000
054539,欣興國票98購01  ,0,0,0,0,0,0,0,0,0,82000,0,0,0,115000,33000,82000,82000
054493,同欣電台新96購01,0,0,0,0,0,0,0,0,0,82000,0,0,0,82000,0,82000,82000
054419,嘉聯益元大98購02,0,0,0,0,0,0,0,0,0,82000,0,0,0,124000,42000,82000,82000
054987,凱美元富97購01  ,0,0,0,0,0,0,0,0,0,82000,0,0,0,144000,62000,82000,82000
1527,鑽全            ,88000,4000,84000,0,0,0,0,0,0,-2000,0,2000,-2000,0,0,0,82000
056566,臻鼎群益98購01  ,0,0,0,0,0,0,0,0,0,81000,0,0,0,113000,32000,81000,81000
056962,技嘉永豐98購01  ,0,0,0,0,0,0,0,0,0,81000,0,0,0,155000,74000,81000,81000
056083,億光統一97購03  ,0,0,0,0,0,0,0,0,0,81000,0,0,0,149000,68000,81000,81000
055672,國巨日盛97購02  ,0,0,0,0,0,0,0,0,0,81000,0,0,0,132000,51000,81000,81000
055415,禾伸堂富邦9B購01,0,0,0,0,0,0,0,0,0,81000,0,0,0,781000,700000,81000,81000
052068,瑞儀兆豐96購01  ,0,0,0,0,0,0,0,0,0,81000,0,0,0,231000,150000,81000,81000
054568,訊芯群益97購01  ,0,0,0,0,0,0,0,0,0,81000,0,0,0,81000,0,81000,81000
053262,華邦電群益96購02,0,0,0,0,0,0,0,0,0,81000,0,0,0,112000,31000,81000,81000
055550,華邦電凱基97購03,0,0,0,0,0,0,0,0,0,80000,0,0,0,102000,22000,80000,80000
055540,京鼎台新97購01  ,0,0,0,0,0,0,0,0,0,80000,0,0,0,128000,48000,80000,80000
05593P,鴻海國票97售03  ,0,0,0,0,0,0,0,0,0,80000,0,0,0,80000,0,80000,80000
056316,訊芯元大98購03  ,0,0,0,0,0,0,0,0,0,80000,0,0,0,100000,20000,80000,80000
056616,台光電永豐98購01,0,0,0,0,0,0,0,0,0,80000,0,0,0,131000,51000,80000,80000
057254,友達麥證98購01  ,0,0,0,80000,0,80000,0,0,0,80000,0,0,0,80000,0,80000,80000
04667P,臺股指國票94售06,0,0,0,0,0,0,0,0,0,80000,0,0,0,80000,0,80000,80000
048217,亞德客凱基93購06,0,0,0,0,0,0,0,0,0,80000,0,0,0,149000,69000,80000,80000
047827,東陽元大93購01  ,0,0,0,0,0,0,0,0,0,80000,0,0,0,80000,0,80000,80000
046928,奇鋐富邦97購01  ,0,0,0,0,0,0,0,0,0,80000,0,0,0,80000,0,80000,80000
050568,為升中信97購01  ,0,0,0,0,0,0,0,0,0,80000,0,0,0,110000,30000,80000,80000
044862,台表科兆豐93購01,0,0,0,0,0,0,0,0,0,80000,0,0,0,80000,0,80000,80000
044935,玉晶光元大93購03,0,0,0,0,0,0,0,0,0,80000,0,0,0,80000,0,80000,80000
04532P,臺股指凱基94售04,0,0,0,0,0,0,0,0,0,80000,0,0,0,80000,0,80000,80000
047542,華通凱基94購02  ,0,0,0,0,0,0,0,0,0,80000,0,0,0,80000,0,80000,80000
045106,玉晶光群益95購01,0,0,0,0,0,0,0,0,0,80000,0,0,0,80000,0,80000,80000
03567P,可成凱基02售06  ,0,0,0,0,0,0,0,0,0,80000,0,0,0,101000,21000,80000,80000
04102P,臺股指國票93售09,0,0,0,0,0,0,0,0,0,80000,0,0,0,90000,10000,80000,80000
041528,國泰金中信93購01,0,0,0,0,0,0,0,0,0,80000,0,0,0,80000,0,80000,80000
04051P,友達中信94售02  ,0,0,0,0,0,0,0,0,0,80000,0,0,0,80000,0,80000,80000
03925P,大立光群益93售08,0,0,0,0,0,0,0,0,0,80000,0,0,0,80000,0,80000,80000
052052,嘉澤凱基95購02  ,0,0,0,0,0,0,0,0,0,80000,0,0,0,80000,0,80000,80000
052018,京鼎永豐95購02  ,0,0,0,0,0,0,0,0,0,80000,0,0,0,90000,10000,80000,80000
048885,中環元富94購01  ,0,0,0,0,0,0,0,0,0,80000,0,0,0,80000,0,80000,80000
05257P,欣興凱基95售04  ,0,0,0,0,0,0,0,0,0,80000,0,0,0,80000,0,80000,80000
052400,聯詠凱基97購01  ,0,0,0,0,0,0,0,0,0,80000,0,0,0,80000,0,80000,80000
050344,鴻海元富96購01  ,0,0,0,0,0,0,0,0,0,80000,0,0,0,90000,10000,80000,80000
050404,元大金麥證94購01,0,0,0,110000,30000,80000,0,0,0,80000,0,0,0,110000,30000,80000,80000
053191,奇鋐統一96購01  ,0,0,0,0,0,0,0,0,0,80000,0,0,0,80000,0,80000,80000
05294P,亞光凱基95售02  ,0,0,0,0,0,0,0,0,0,80000,0,0,0,80000,0,80000,80000
053669,台積電統一96購08,0,0,0,0,0,0,0,0,0,80000,0,0,0,125000,45000,80000,80000
05458P,台積電凱基97售02,0,0,0,0,0,0,0,0,0,80000,0,0,0,90000,10000,80000,80000
054069,亞光國泰98購01  ,0,0,0,0,0,0,0,0,0,80000,0,0,0,164000,84000,80000,80000
06680P,智邦元大98售06  ,0,0,0,0,0,0,0,0,0,80000,0,0,0,80000,0,80000,80000
06303P,臺股指元大97售09,0,0,0,0,0,0,0,0,0,80000,0,0,0,90000,10000,80000,80000
06089P,矽創永豐97售01  ,0,0,0,0,0,0,0,0,0,79000,0,0,0,79000,0,79000,79000
055930,可成群益98購01  ,0,0,0,0,0,0,0,0,0,79000,0,0,0,244000,165000,79000,79000
03564P,為升群益02售02  ,0,0,0,0,0,0,0,0,0,79000,0,0,0,90000,11000,79000,79000
03765P,大立光元富96售01,0,0,0,0,0,0,0,0,0,79000,0,0,0,79000,0,79000,79000
04714P,上海銀元大94售01,0,0,0,0,0,0,0,0,0,79000,0,0,0,79000,0,79000,79000
048154,旺宏兆豐94購01  ,0,0,0,0,0,0,0,0,0,79000,0,0,0,109000,30000,79000,79000
051419,麗豐國票96購01  ,0,0,0,0,0,0,0,0,0,79000,0,0,0,129000,50000,79000,79000
054060,晶技國票97購02  ,0,0,0,0,0,0,0,0,0,79000,0,0,0,165000,86000,79000,79000
05436P,台積電群益95售07,0,0,0,0,0,0,0,0,0,79000,0,0,0,105000,26000,79000,79000
053458,聯詠國泰97購01  ,0,0,0,0,0,0,0,0,0,79000,0,0,0,80000,1000,79000,79000
053400,緯穎中信9A購01  ,0,0,0,0,0,0,0,0,0,79000,0,0,0,101000,22000,79000,79000
052612,康舒元大97購01  ,0,0,0,0,0,0,0,0,0,79000,0,0,0,347000,268000,79000,79000
053126,健策凱基97購02  ,0,0,0,0,0,0,0,0,0,79000,0,0,0,170000,91000,79000,79000
06521P,矽力元大98售01  ,0,0,0,0,0,0,0,0,0,79000,0,0,0,92000,13000,79000,79000
056586,光罩統一98購02  ,0,0,0,0,0,0,0,0,0,78000,0,0,0,196000,118000,78000,78000
047690,美律富邦97購01  ,0,0,0,0,0,0,0,0,0,78000,0,0,0,78000,0,78000,78000
00663L,國泰臺灣加權正2 ,0,0,0,0,0,0,0,0,0,78000,0,0,0,95000,17000,78000,78000
048688,瑞昱群益94購01  ,0,0,0,0,0,0,0,0,0,78000,0,0,0,78000,0,78000,78000
052511,聯發科凱基95購14,0,0,0,0,0,0,0,0,0,78000,0,0,0,78000,0,78000,78000
053713,漢唐凱基96購04  ,0,0,0,0,0,0,0,0,0,78000,0,0,0,78000,0,78000,78000
054316,矽創凱基97購01  ,0,0,0,0,0,0,0,0,0,78000,0,0,0,82000,4000,78000,78000
2206,三陽工業        ,83000,5000,78000,0,0,0,0,0,0,0,0,0,0,0,0,0,78000
05678P,群創群益97售01  ,0,0,0,0,0,0,0,0,0,77000,0,0,0,77000,0,77000,77000
056972,祥碩永豐98購02  ,0,0,0,0,0,0,0,0,0,77000,0,0,0,77000,0,77000,77000
052526,智伸科元大96購02,0,0,0,0,0,0,0,0,0,77000,0,0,0,172000,95000,77000,77000
05002P,台積電統一95售03,0,0,0,0,0,0,0,0,0,77000,0,0,0,77000,0,77000,77000
049843,康友中信95購01  ,0,0,0,0,0,0,0,0,0,77000,0,0,0,153000,76000,77000,77000
050779,超眾元大96購03  ,0,0,0,0,0,0,0,0,0,77000,0,0,0,77000,0,77000,77000
054478,可成中信97購01  ,0,0,0,0,0,0,0,0,0,77000,0,0,0,128000,51000,77000,77000
055180,文曄統一97購01  ,0,0,0,0,0,0,0,0,0,77000,0,0,0,117000,40000,77000,77000
053840,燿華統一96購02  ,0,0,0,0,0,0,0,0,0,77000,0,0,0,125000,48000,77000,77000
053951,T50反1台新06購02,0,0,0,0,0,0,0,0,0,77000,0,0,0,80000,3000,77000,77000
2515,中工            ,331000,247000,84000,0,0,0,0,0,0,-7000,0,7000,-7000,0,0,0,77000
2399,映泰            ,107000,24000,83000,0,0,0,0,0,0,-6000,1000,7000,-6000,0,0,0,77000
1455,集盛            ,90000,12000,78000,0,0,0,0,0,0,-1000,0,1000,-1000,0,0,0,77000
6414,樺漢            ,75000,26000,49000,0,0,0,0,0,0,28000,5000,5000,0,37000,9000,28000,77000
9802,鈺齊-KY         ,425000,318000,107000,0,0,0,5000,95000,-90000,60000,5000,1000,4000,75000,19000,56000,77000
057370,可成元大98購07  ,0,0,0,0,0,0,0,0,0,76000,0,0,0,119000,43000,76000,76000
05746P,台積電群益96售07,0,0,0,0,0,0,0,0,0,76000,0,0,0,110000,34000,76000,76000
05651P,大立光元大97售02,0,0,0,0,0,0,0,0,0,76000,0,0,0,100000,24000,76000,76000
056229,可成凱基97購04  ,0,0,0,0,0,0,0,0,0,76000,0,0,0,101000,25000,76000,76000
048773,貿聯凱基94購01  ,0,0,0,0,0,0,0,0,0,76000,0,0,0,163000,87000,76000,76000
050825,嘉澤凱基95購01  ,0,0,0,0,0,0,0,0,0,76000,0,0,0,126000,50000,76000,76000
05234P,美食康和95售01  ,0,0,0,0,0,0,0,0,0,76000,0,0,0,117000,41000,76000,76000
053384,聯發科元大96購13,0,0,0,0,0,0,0,0,0,76000,0,0,0,609000,533000,76000,76000
053640,上緯控永豐96購01,0,0,0,0,0,0,0,0,0,76000,0,0,0,76000,0,76000,76000
054540,泰鼎國票99購01  ,20000,0,20000,0,0,0,0,0,0,56000,0,0,0,91000,35000,56000,76000
054674,台光電台新97購01,0,0,0,0,0,0,0,0,0,76000,0,0,0,76000,0,76000,76000
055635,緯穎永豐97購01  ,0,0,0,0,0,0,0,0,0,75000,0,0,0,85000,10000,75000,75000
06014P,聯發科富邦97售02,0,0,0,0,0,0,0,0,0,75000,0,0,0,90000,15000,75000,75000
056695,景碩群益99購01  ,0,0,0,0,0,0,0,0,0,75000,0,0,0,162000,87000,75000,75000
047972,康控富邦95購01  ,0,0,0,0,0,0,0,0,0,75000,0,0,0,330000,255000,75000,75000
050990,T50反1元大95購01,0,50000,-50000,0,0,0,0,0,0,125000,0,0,0,145000,20000,125000,75000
047506,卜蜂國票93購01  ,0,0,0,0,0,0,0,0,0,75000,0,0,0,75000,0,75000,75000
047485,景碩凱基94購01  ,0,0,0,0,0,0,0,0,0,75000,0,0,0,75000,0,75000,75000
04475P,欣興元大94售03  ,0,0,0,0,0,0,0,0,0,75000,0,0,0,75000,0,75000,75000
051903,T50反1元大97購02,0,0,0,0,0,0,0,0,0,75000,0,0,0,95000,20000,75000,75000
052207,台郡中信95購02  ,0,0,0,0,0,0,0,0,0,75000,0,0,0,205000,130000,75000,75000
049877,南亞科永豐94購01,0,0,0,0,0,0,0,0,0,75000,0,0,0,109000,34000,75000,75000
051491,貿聯凱基95購01  ,0,0,0,0,0,0,0,0,0,75000,0,0,0,95000,20000,75000,75000
05155P,聯發科兆豐95售03,0,0,0,0,0,0,0,0,0,75000,0,0,0,85000,10000,75000,75000
050512,台泥元大94購01  ,0,0,0,0,0,0,0,0,0,75000,0,0,0,75000,0,75000,75000
054535,旺宏富邦97購02  ,0,0,0,0,0,0,0,0,0,75000,0,0,0,135000,60000,75000,75000
05330P,臺股指凱基95售14,0,0,0,0,0,0,0,0,0,75000,0,0,0,81000,6000,75000,75000
053760,牧德國泰98購01  ,0,0,0,0,0,0,0,0,0,75000,0,0,0,183000,108000,75000,75000
052903,致茂國票97購01  ,0,0,0,0,0,0,0,0,0,75000,0,0,0,80000,5000,75000,75000
06193P,台積電元富97售04,0,0,0,0,0,0,0,0,0,75000,0,0,0,2949000,2874000,75000,75000
3703,欣陸            ,94000,19000,75000,0,0,0,0,0,0,0,0,0,0,0,0,0,75000
056298,億光元大97購02  ,0,0,0,0,0,0,0,0,0,74000,0,0,0,74000,0,74000,74000
036805,國巨元富93購02  ,0,0,0,0,0,0,0,0,0,74000,0,0,0,74000,0,74000,74000
048295,泰鼎群益93購01  ,0,0,0,0,0,0,0,0,0,74000,0,0,0,80000,6000,74000,74000
048121,亞德客元大93購05,0,0,0,0,0,0,0,0,0,74000,0,0,0,118000,44000,74000,74000
04980P,臺股指凱基96售08,0,0,0,0,0,0,0,0,0,74000,0,0,0,916000,842000,74000,74000
053081,上銀元大97購02  ,0,0,0,0,0,0,0,0,0,74000,0,0,0,324000,250000,74000,74000
055425,聚陽群益99購01  ,0,0,0,0,0,0,0,0,0,73000,0,0,0,84000,11000,73000,73000
056685,光罩統一98購03  ,0,0,0,0,0,0,0,0,0,73000,0,0,0,121000,48000,73000,73000
051073,同欣電國票96購01,0,35000,-35000,0,0,0,0,0,0,108000,0,0,0,138000,30000,108000,73000
049848,聯發科群益94購06,0,0,0,0,0,0,0,0,0,73000,0,0,0,242000,169000,73000,73000
049267,瀚宇博元大95購02,0,0,0,0,0,0,0,0,0,73000,0,0,0,93000,20000,73000,73000
049596,智伸科元大95購01,0,0,0,0,0,0,0,0,0,73000,0,0,0,133000,60000,73000,73000
051500,聯茂群益95購01  ,0,0,0,0,0,0,0,0,0,73000,0,0,0,95000,22000,73000,73000
06138P,台積電中信99售01,0,0,0,0,0,0,0,0,0,73000,0,0,0,123000,50000,73000,73000
06139P,台積電中信99售02,0,0,0,0,0,0,0,0,0,73000,0,0,0,85000,12000,73000,73000
057062,立積國泰99購01  ,0,0,0,0,0,0,0,0,0,72000,0,0,0,75000,3000,72000,72000
047688,亞德客富邦95購01,0,0,0,0,0,0,0,0,0,72000,0,0,0,103000,31000,72000,72000
048509,上証反凱基99購02,0,0,0,0,0,0,0,0,0,72000,0,0,0,74000,2000,72000,72000
048446,南亞科凱基93購07,0,0,0,0,0,0,0,0,0,72000,0,0,0,92000,20000,72000,72000
050777,臻鼎元大94購05  ,0,0,0,0,0,0,0,0,0,72000,0,0,0,72000,0,72000,72000
051847,香港反中信99購01,0,0,0,0,0,0,0,0,0,72000,0,0,0,72000,0,72000,72000
053287,臺股指元大96購15,0,0,0,0,0,0,0,0,0,72000,0,0,0,80000,8000,72000,72000
053896,麗豐群益97購01  ,0,0,0,0,0,0,0,0,0,72000,0,0,0,72000,0,72000,72000
054671,國巨國泰98購01  ,0,0,0,0,0,0,0,0,0,72000,0,0,0,587000,515000,72000,72000
054410,國巨元大96購14  ,0,0,0,0,0,0,0,0,0,72000,0,0,0,366000,294000,72000,72000
054324,美律台新97購01  ,0,0,0,0,0,0,0,0,0,72000,0,0,0,120000,48000,72000,72000
054776,矽創國票98購01  ,0,0,0,0,0,0,0,0,0,72000,0,0,0,93000,21000,72000,72000
06151P,華新科元大97售07,0,0,0,0,0,0,0,0,0,72000,0,0,0,183000,111000,72000,72000
5531,鄉林            ,119000,47000,72000,0,0,0,0,0,0,0,0,0,0,0,0,0,72000
056784,南亞科群益98購01,0,0,0,0,0,0,0,0,0,71000,0,0,0,179000,108000,71000,71000
056204,嘉澤永豐97購01  ,0,0,0,0,0,0,0,0,0,71000,0,0,0,171000,100000,71000,71000
03418B,臺股指元大95熊20,0,0,0,0,0,0,0,0,0,71000,0,0,0,103000,32000,71000,71000
049982,嘉晶凱基94購01  ,0,0,0,0,0,0,0,0,0,71000,0,0,0,101000,30000,71000,71000
051674,臻鼎元大95購02  ,0,0,0,0,0,0,0,0,0,71000,0,0,0,71000,0,71000,71000
050248,臻鼎凱基94購03  ,0,0,0,0,0,0,0,0,0,71000,0,0,0,71000,0,71000,71000
050717,京鼎群益96購01  ,0,0,0,0,0,0,0,0,0,71000,0,0,0,334000,263000,71000,71000
2897,王道銀行        ,73000,7000,66000,0,0,0,6000,0,6000,-1000,0,1000,-1000,0,0,0,71000
6409,旭隼            ,519000,448000,71000,0,0,0,0,0,0,0,0,0,0,0,0,0,71000
055348,旺宏凱基97購01  ,0,0,0,0,0,0,0,0,0,70000,0,0,0,120000,50000,70000,70000
057350,全新統一98購03  ,0,0,0,0,0,0,0,0,0,70000,0,0,0,70000,0,70000,70000
045535,A50正2群益94購01,0,0,0,0,0,0,0,0,0,70000,0,0,0,70000,0,70000,70000
045957,技嘉凱基93購03  ,0,0,0,0,0,0,0,0,0,70000,0,0,0,75000,5000,70000,70000
045897,泰鼎元大93購04  ,0,0,0,0,0,0,0,0,0,70000,0,0,0,176000,106000,70000,70000
049366,聯發科元大94購05,0,0,0,0,0,0,0,0,0,70000,0,0,0,70000,0,70000,70000
049776,全新統一95購02  ,0,0,0,0,0,0,0,0,0,70000,0,0,0,90000,20000,70000,70000
051311,瑞昱麥證95購01  ,0,0,0,290000,225000,65000,0,0,0,70000,0,0,0,295000,225000,70000,70000
050308,矽創中信97購01  ,0,0,0,0,0,0,0,0,0,70000,0,0,0,100000,30000,70000,70000
048988,聯茂元大94購02  ,0,0,0,0,0,0,0,0,0,70000,0,0,0,70000,0,70000,70000
051948,滬深2X元富9B購01,0,0,0,0,0,0,0,0,0,70000,0,0,0,286000,216000,70000,70000
055063,玉晶光永豐99購01,0,0,0,0,0,0,0,0,0,70000,0,0,0,80000,10000,70000,70000
054222,大立光統一98購03,0,0,0,0,0,0,0,0,0,70000,0,0,0,200000,130000,70000,70000
054136,亞光元大96購04  ,0,0,0,0,0,0,0,0,0,70000,0,0,0,135000,65000,70000,70000
053852,南亞科國泰98購01,0,0,0,0,0,0,0,0,0,70000,0,0,0,186000,116000,70000,70000
053297,鎧勝中信98購01  ,0,0,0,0,0,0,0,0,0,70000,0,0,0,70000,0,70000,70000
052797,樺漢兆豐96購01  ,0,0,0,0,0,0,0,0,0,70000,0,0,0,70000,0,70000,70000
052687,國泰金元大96購03,0,0,0,0,0,0,0,0,0,70000,0,0,0,70000,0,70000,70000
4725,信昌化          ,110000,39000,71000,0,0,0,0,0,0,-1000,0,1000,-1000,0,0,0,70000
06286P,世芯國票97售02  ,0,0,0,0,0,0,0,0,0,70000,0,0,0,174000,104000,70000,70000
08897P,國巨群益01售10  ,0,0,0,0,0,0,0,0,0,70000,0,0,0,70000,0,70000,70000
06566P,華通永豐98售03  ,0,0,0,0,0,0,0,0,0,70000,0,0,0,90000,20000,70000,70000
055537,康友群益97購03  ,0,0,0,0,0,0,0,0,0,69000,0,0,0,160000,91000,69000,69000
042994,葡萄王元大94購02,0,0,0,0,0,0,0,0,0,69000,0,0,0,114000,45000,69000,69000
048514,嘉澤凱基93購06  ,0,0,0,0,0,0,0,0,0,69000,0,0,0,77000,8000,69000,69000
048018,南亞科麥證93購01,0,0,0,79000,10000,69000,0,0,0,69000,0,0,0,79000,10000,69000,69000
052200,台光電統一95購02,0,0,0,0,0,0,0,0,0,69000,0,0,0,69000,0,69000,69000
052422,聯電國票96購03  ,0,0,0,0,0,0,0,0,0,69000,0,0,0,94000,25000,69000,69000
049086,晶相光凱基94購01,0,0,0,0,0,0,0,0,0,69000,0,0,0,99000,30000,69000,69000
053029,國巨第一96購01  ,0,0,0,0,0,0,0,0,0,69000,0,0,0,377000,308000,69000,69000
053421,南亞科永豐96購01,0,0,0,0,0,0,0,0,0,69000,0,0,0,69000,0,69000,69000
06604P,聯發科元富02售02,0,0,0,0,0,0,0,0,0,69000,0,0,0,69000,0,69000,69000
1710,東聯            ,75000,12000,63000,0,0,0,7000,0,7000,-1000,0,1000,-1000,0,0,0,69000
055554,聯發科凱基97購06,0,0,0,0,0,0,0,0,0,68000,0,0,0,71000,3000,68000,68000
055617,TPK國票98購04   ,0,0,0,0,0,0,0,0,0,68000,0,0,0,68000,0,68000,68000
05558P,鴻海麥證96售01  ,0,0,0,68000,0,68000,0,0,0,68000,0,0,0,68000,0,68000,68000
056058,建準元大97購02  ,0,0,0,0,0,0,0,0,0,68000,0,0,0,68000,0,68000,68000
056036,鴻海凱基97購07  ,0,0,0,0,0,0,0,0,0,68000,0,0,0,68000,0,68000,68000
056285,可成永豐97購02  ,0,0,0,0,0,0,0,0,0,68000,0,0,0,68000,0,68000,68000
06088P,建準永豐97售01  ,0,0,0,0,0,0,0,0,0,68000,0,0,0,68000,0,68000,68000
05887P,友達元富99售03  ,0,0,0,0,0,0,0,0,0,68000,0,0,0,70000,2000,68000,68000
056959,鴻海永豐98購03  ,0,0,0,0,0,0,0,0,0,68000,0,0,0,71000,3000,68000,68000
048093,聯發科凱基93購30,0,0,0,0,0,0,0,0,0,68000,0,0,0,68000,0,68000,68000
048823,漢唐凱基94購01  ,0,0,0,0,0,0,0,0,0,68000,0,0,0,68000,0,68000,68000
048713,美利達康和94購01,0,0,0,0,0,0,0,0,0,68000,0,0,0,68000,0,68000,68000
050999,瀚宇博元大95購04,0,0,0,0,0,0,0,0,0,68000,0,0,0,68000,0,68000,68000
050925,可成凱基95購02  ,0,0,0,0,0,0,0,0,0,68000,0,0,0,68000,0,68000,68000
047224,台光電凱基94購01,0,0,0,0,0,0,0,0,0,68000,0,0,0,68000,0,68000,68000
048602,上緯控國票96購01,0,0,0,0,0,0,0,0,0,68000,0,0,0,68000,0,68000,68000
050181,富邦金元大94購02,0,0,0,0,0,0,0,0,0,68000,0,0,0,68000,0,68000,68000
050276,百和元大94購03  ,0,0,0,0,0,0,0,0,0,68000,0,0,0,68000,0,68000,68000
051664,鴻海元大96購07  ,0,0,0,0,0,0,0,0,0,68000,0,0,0,68000,0,68000,68000
051704,智邦群益95購02  ,0,0,0,0,0,0,0,0,0,68000,0,0,0,74000,6000,68000,68000
050422,鴻海凱基96購01  ,0,0,0,0,0,0,0,0,0,68000,0,0,0,68000,0,68000,68000
050423,鴻海凱基96購02  ,0,0,0,0,0,0,0,0,0,68000,0,0,0,68000,0,68000,68000
050375,矽創元大94購02  ,0,0,0,0,0,0,0,0,0,68000,0,0,0,68000,0,68000,68000
050474,鴻海永豐94購05  ,0,0,0,0,0,0,0,0,0,68000,0,0,0,68000,0,68000,68000
052372,台泥元大95購02  ,0,0,0,0,0,0,0,0,0,68000,0,0,0,68000,0,68000,68000
051803,矽創永豐95購03  ,0,0,0,0,0,0,0,0,0,68000,0,0,0,68000,0,68000,68000
051305,訊連凱基96購01  ,0,0,0,0,0,0,0,0,0,68000,0,0,0,73000,5000,68000,68000
050877,美律統一95購01  ,0,0,0,0,0,0,0,0,0,68000,0,0,0,68000,0,68000,68000
050503,聯發科凱基94購22,0,0,0,0,0,0,0,0,0,68000,0,0,0,68000,0,68000,68000
050528,瑞儀元大94購02  ,0,0,0,0,0,0,0,0,0,68000,0,0,0,68000,0,68000,68000
050532,矽創元大94購03  ,0,0,0,0,0,0,0,0,0,68000,0,0,0,68000,0,68000,68000
049689,正崴元大94購02  ,0,0,0,0,0,0,0,0,0,68000,0,0,0,68000,0,68000,68000
049664,聯發科永豐94購03,0,0,0,0,0,0,0,0,0,68000,0,0,0,68000,0,68000,68000
051984,台塑元大95購01  ,0,0,0,0,0,0,0,0,0,68000,0,0,0,68000,0,68000,68000
051518,富邦金凱基95購01,0,0,0,0,0,0,0,0,0,68000,0,0,0,68000,0,68000,68000
051444,聯發科元大95購11,0,0,0,0,0,0,0,0,0,68000,0,0,0,68000,0,68000,68000
049836,矽創凱基94購02  ,0,0,0,0,0,0,0,0,0,68000,0,0,0,68000,0,68000,68000
049819,百和元大94購02  ,0,0,0,0,0,0,0,0,0,68000,0,0,0,68000,0,68000,68000
051581,聯發科元大95購12,0,0,0,0,0,0,0,0,0,68000,0,0,0,68000,0,68000,68000
053425,京鼎永豐96購01  ,0,0,0,0,0,0,0,0,0,68000,0,0,0,68000,0,68000,68000
052989,麗豐元大98購01  ,0,0,0,0,0,0,0,0,0,68000,0,0,0,68000,0,68000,68000
052634,華邦電凱基96購01,0,0,0,0,0,0,0,0,0,68000,0,0,0,68000,0,68000,68000
052826,嘉聯益永豐96購01,0,0,0,0,0,0,0,0,0,68000,0,0,0,68000,0,68000,68000
05283P,健鼎元大95售04  ,0,0,0,0,0,0,0,0,0,68000,0,0,0,68000,0,68000,68000
054042,華泰元大96購01  ,0,0,0,0,0,0,0,0,0,68000,0,0,0,68000,0,68000,68000
054302,鴻海凱基96購18  ,0,0,0,0,0,0,0,0,0,68000,0,0,0,68000,0,68000,68000
054547,鴻海凱基98購02  ,0,0,0,0,0,0,0,0,0,68000,0,0,0,68000,0,68000,68000
054548,鴻海凱基98購03  ,0,0,0,0,0,0,0,0,0,68000,0,0,0,68000,0,68000,68000
054549,台積電凱基98購01,0,0,0,0,0,0,0,0,0,68000,0,0,0,68000,0,68000,68000
055105,鴻海凱基98購05  ,0,0,0,0,0,0,0,0,0,68000,0,0,0,68000,0,68000,68000
055182,京鼎統一98購01  ,0,0,0,0,0,0,0,0,0,68000,0,0,0,101000,33000,68000,68000
055266,京鼎永豐97購01  ,0,0,0,0,0,0,0,0,0,68000,0,0,0,68000,0,68000,68000
055269,和大元大97購02  ,0,0,0,0,0,0,0,0,0,68000,0,0,0,78000,10000,68000,68000
055221,矽創凱基97購02  ,0,0,0,0,0,0,0,0,0,68000,0,0,0,72000,4000,68000,68000
054698,同欣電永豐97購01,0,0,0,0,0,0,0,0,0,68000,0,0,0,68000,0,68000,68000
054867,華航群益99購01  ,0,0,0,0,0,0,0,0,0,68000,0,0,0,98000,30000,68000,68000
054865,可成群益97購01  ,0,0,0,0,0,0,0,0,0,68000,0,0,0,291000,223000,68000,68000
056625,致伸永豐98購01  ,0,0,0,0,0,0,0,0,0,67000,0,0,0,67000,0,67000,67000
06032P,健策群益97售03  ,0,0,0,0,0,0,0,0,0,67000,0,0,0,159000,92000,67000,67000
055468,智邦凱基97購04  ,0,0,0,0,0,0,0,0,0,67000,0,0,0,112000,45000,67000,67000
051597,T50反1中信99購02,0,0,0,0,0,0,0,0,0,67000,0,0,0,67000,0,67000,67000
05255P,義隆凱基95售01  ,0,0,0,0,0,0,0,0,0,67000,0,0,0,67000,0,67000,67000
05083P,麗豐永豐95售02  ,0,0,0,0,0,0,0,0,0,67000,0,0,0,74000,7000,67000,67000
05422P,大立光中信97售02,0,0,0,0,0,0,0,0,0,67000,0,0,0,67000,0,67000,67000
053473,聯發科元大96購15,0,0,0,0,0,0,0,0,0,67000,0,0,0,68000,1000,67000,67000
1229,聯華            ,301000,235000,66000,0,0,0,2000,0,2000,-1000,0,1000,-1000,0,0,0,67000
06386P,欣興永豐97售03  ,0,0,0,0,0,0,0,0,0,67000,0,0,0,115000,48000,67000,67000
055471,聯發科凱基97購04,0,0,0,0,0,0,0,0,0,66000,0,0,0,72000,6000,66000,66000
055446,奇力新統一9A購01,0,0,0,0,0,0,0,0,0,66000,0,0,0,134000,68000,66000,66000
055667,致茂群益98購01  ,0,0,0,0,0,0,0,0,0,66000,0,0,0,116000,50000,66000,66000
057143,台郡兆豐98購01  ,0,0,0,0,0,0,0,0,0,66000,0,0,0,66000,0,66000,66000
04788P,台積電永昌96售05,0,0,0,0,0,0,0,0,0,66000,0,0,0,66000,0,66000,66000
051100,同欣電元大95購01,0,0,0,0,0,0,0,0,0,66000,0,0,0,66000,0,66000,66000
048405,嘉晶群益93購03  ,0,0,0,0,0,0,0,0,0,66000,0,0,0,66000,0,66000,66000
048140,T50反1統一93購05,0,0,0,0,0,0,0,0,0,66000,0,0,0,66000,0,66000,66000
051395,聯詠兆豐95購01  ,0,0,0,0,0,0,0,0,0,66000,0,0,0,66000,0,66000,66000
051647,華新科永豐95購02,0,0,0,0,0,0,0,0,0,66000,0,0,0,81000,15000,66000,66000
052568,漢唐凱基96購02  ,0,0,0,0,0,0,0,0,0,66000,0,0,0,100000,34000,66000,66000
050883,嘉聯益國泰96購01,0,0,0,0,0,0,0,0,0,66000,0,0,0,200000,134000,66000,66000
053888,和大群益97購01  ,0,0,0,0,0,0,0,0,0,66000,0,0,0,146000,80000,66000,66000
052767,智伸科群益98購01,0,0,0,0,0,0,0,0,0,66000,0,0,0,91000,25000,66000,66000
054188,欣興永豐96購03  ,0,0,0,0,0,0,0,0,0,66000,0,0,0,71000,5000,66000,66000
054551,聯發科凱基98購02,0,0,0,0,0,0,0,0,0,66000,0,0,0,146000,80000,66000,66000
054667,神基元富97購01  ,0,0,0,0,0,0,0,0,0,66000,0,0,0,71000,5000,66000,66000
055293,晶相光元大97購01,0,0,0,0,0,0,0,0,0,66000,0,0,0,141000,75000,66000,66000
06490P,鴻海富邦99售02  ,0,0,0,0,0,0,0,0,0,66000,0,0,0,175000,109000,66000,66000
056716,康舒永豐98購01  ,0,0,0,0,0,0,0,0,0,65000,0,0,0,302000,237000,65000,65000
056712,京鼎永豐98購01  ,0,0,0,0,0,0,0,0,0,65000,0,0,0,145000,80000,65000,65000
06075P,智邦凱基97售02  ,0,0,0,0,0,0,0,0,0,65000,0,0,0,65000,0,65000,65000
057371,可成元大98購08  ,0,0,0,0,0,0,0,0,0,65000,0,0,0,76000,11000,65000,65000
051231,健策群益97購01  ,0,0,0,0,0,0,0,0,0,65000,0,0,0,166000,101000,65000,65000
04710P,台積電元大94售16,0,0,0,0,0,0,0,0,0,65000,0,0,0,65000,0,65000,65000
03560P,台積電兆豐03售10,0,0,0,0,0,0,0,0,0,65000,0,0,0,88000,23000,65000,65000
050505,可成凱基94購12  ,0,0,0,0,0,0,0,0,0,65000,0,0,0,68000,3000,65000,65000
04979P,臺股指凱基96售07,0,0,0,0,0,0,0,0,0,65000,0,0,0,65000,0,65000,65000
052177,京鼎元大95購02  ,0,0,0,0,0,0,0,0,0,65000,0,0,0,174000,109000,65000,65000
054469,同欣電凱基97購01,0,0,0,0,0,0,0,0,0,65000,0,0,0,115000,50000,65000,65000
052747,京鼎元大97購01  ,0,0,0,0,0,0,0,0,0,65000,0,0,0,119000,54000,65000,65000
053523,T50反1中信9A購01,0,0,0,0,0,0,0,0,0,65000,0,0,0,85000,20000,65000,65000
053346,群創國票97購04  ,0,0,0,0,0,0,0,0,0,65000,0,0,0,65000,0,65000,65000
2023,燁輝            ,79000,7000,72000,0,0,0,0,0,0,-7000,0,7000,-7000,0,0,0,65000
1902,台紙            ,92000,27000,65000,0,0,0,0,0,0,0,0,0,0,0,0,0,65000
057266,TPK兆豐98購02   ,0,0,0,0,0,0,0,0,0,64000,0,0,0,456000,392000,64000,64000
05759P,智邦永豐96售02  ,0,0,0,0,0,0,0,0,0,64000,0,0,0,64000,0,64000,64000
056478,晶技元大99購01  ,0,0,0,0,0,0,0,0,0,64000,0,0,0,210000,146000,64000,64000
044930,元黃金富邦93購01,0,0,0,0,0,0,0,0,0,64000,0,0,0,64000,0,64000,64000
04617P,臺股指群益95售03,0,0,0,0,0,0,0,0,0,64000,0,0,0,64000,0,64000,64000
049933,GIS元大95購01   ,0,0,0,0,0,0,0,0,0,64000,0,0,0,84000,20000,64000,64000
051161,喬山元大95購02  ,130000,0,130000,0,0,0,0,0,0,-66000,0,0,0,100000,166000,-66000,64000
052968,燿華群益98購01  ,0,0,0,0,0,0,0,0,0,64000,0,0,0,74000,10000,64000,64000
053247,麗豐國票97購01  ,0,0,0,0,0,0,0,0,0,64000,0,0,0,74000,10000,64000,64000
054937,國巨元大97購03  ,0,0,0,0,0,0,0,0,0,64000,0,0,0,469000,405000,64000,64000
055793,臺股指凱基97購16,0,0,0,0,0,0,0,0,0,63000,0,0,0,63000,0,63000,63000
04843P,致新元大94售02  ,0,0,0,0,0,0,0,0,0,63000,0,0,0,63000,0,63000,63000
049733,旺宏群益94購03  ,0,0,0,0,0,0,0,0,0,63000,0,0,0,79000,16000,63000,63000
052043,瑞昱日盛95購01  ,0,0,0,0,0,0,0,0,0,63000,0,0,0,225000,162000,63000,63000
049235,元油2X元富96購05,0,0,0,0,0,0,0,0,0,63000,0,0,0,63000,0,63000,63000
06458P,玉晶光統一9A售02,0,0,0,0,0,0,0,0,0,63000,0,0,0,63000,0,63000,63000
06142P,台虹康和97售02  ,0,0,0,0,0,0,0,0,0,63000,0,0,0,68000,5000,63000,63000
055700,緯穎國泰98購02  ,0,0,0,0,0,0,0,0,0,62000,0,0,0,134000,72000,62000,62000
056450,可成凱基98購05  ,0,0,0,0,0,0,0,0,0,62000,0,0,0,113000,51000,62000,62000
057481,技嘉元大98購04  ,0,0,0,0,0,0,0,0,0,62000,0,0,0,68000,6000,62000,62000
05762P,昇陽半永豐96售04,0,0,0,0,0,0,0,0,0,62000,0,0,0,62000,0,62000,62000
056602,嘉澤國泰99購01  ,0,0,0,0,0,0,0,0,0,62000,0,0,0,82000,20000,62000,62000
047585,微星永豐93購01  ,0,0,0,0,0,0,0,0,0,62000,0,0,0,62000,0,62000,62000
051179,臺股指凱基95購04,0,0,0,0,0,0,0,0,0,62000,0,0,0,77000,15000,62000,62000
051192,緯創兆豐96購01  ,0,0,0,0,0,0,0,0,0,62000,0,0,0,62000,0,62000,62000
052029,矽力群益95購02  ,0,0,0,0,0,0,0,0,0,62000,0,0,0,73000,11000,62000,62000
052299,T50反1台新05購03,0,0,0,0,0,0,0,0,0,62000,0,0,0,62000,0,62000,62000
054099,TPK國票98購01   ,0,0,0,0,0,0,0,0,0,62000,0,0,0,62000,0,62000,62000
056771,嘉晶元大99購01  ,0,0,0,0,0,0,0,0,0,61000,0,0,0,146000,85000,61000,61000
04806P,臻鼎元富94售06  ,0,0,0,0,0,0,0,0,0,61000,0,0,0,65000,4000,61000,61000
051856,亞德客凱基95購01,0,0,0,0,0,0,0,0,0,61000,0,0,0,344000,283000,61000,61000
050368,國巨元大94購14  ,0,0,0,0,0,0,0,0,0,61000,0,0,0,81000,20000,61000,61000
051979,群創凱基97購01  ,0,0,0,0,0,0,0,0,0,61000,0,0,0,107000,46000,61000,61000
051967,康友永豐95購02  ,0,0,0,0,0,0,0,0,0,61000,0,0,0,61000,0,61000,61000
049661,喬山永豐94購01  ,0,0,0,0,0,0,0,0,0,61000,0,0,0,61000,0,61000,61000
054625,旺宏凱基98購03  ,0,0,0,0,0,0,0,0,0,61000,0,0,0,76000,15000,61000,61000
054895,南電統一97購01  ,0,0,0,0,0,0,0,0,0,61000,0,0,0,66000,5000,61000,61000
054917,聯發科凱基98購05,0,0,0,0,0,0,0,0,0,61000,0,0,0,68000,7000,61000,61000
054985,光罩元富97購01  ,0,0,0,0,0,0,0,0,0,61000,0,0,0,70000,9000,61000,61000
06165P,臺股指凱基9A售03,0,0,0,0,0,0,0,0,0,61000,0,0,0,61000,0,61000,61000
05708P,奇力新國票97售04,40000,0,40000,0,0,0,0,0,0,20000,0,0,0,60000,40000,20000,60000
057046,奇力新元大99購03,0,0,0,0,0,0,0,0,0,60000,0,0,0,212000,152000,60000,60000
05820P,臺股指凱基96售17,0,0,0,0,0,0,0,0,0,60000,0,0,0,60000,0,60000,60000
05948P,茂林元大96售03  ,0,0,0,0,0,0,0,0,0,60000,0,0,0,110000,50000,60000,60000
056553,啟碁凱基98購02  ,0,0,0,0,0,0,0,0,0,60000,0,0,0,60000,0,60000,60000
056271,嘉澤統一97購01  ,0,0,0,0,0,0,0,0,0,60000,0,0,0,136000,76000,60000,60000
056313,聯茂元大98購01  ,0,0,0,0,0,0,0,0,0,60000,0,0,0,183000,123000,60000,60000
056227,奇力新凱基98購04,0,0,0,0,0,0,0,0,0,60000,0,0,0,105000,45000,60000,60000
056132,台光電元大97購03,0,0,0,0,0,0,0,0,0,60000,0,0,0,65000,5000,60000,60000
05615P,臺股指康和96售04,0,0,0,0,0,0,0,0,0,60000,0,0,0,70000,10000,60000,60000
047598,深中小統一94購01,0,0,0,0,0,0,0,0,0,60000,0,0,0,70000,10000,60000,60000
047616,鴻海凱基94購10  ,0,0,0,0,0,0,0,0,0,60000,0,0,0,60000,0,60000,60000
048227,亞光凱基93購05  ,0,0,0,0,0,0,0,0,0,60000,0,0,0,88000,28000,60000,60000
050940,嘉澤國票95購01  ,0,0,0,0,0,0,0,0,0,60000,0,0,0,60000,0,60000,60000
051093,聯詠元大95購01  ,0,0,0,0,0,0,0,0,0,60000,0,0,0,60000,0,60000,60000
050973,S&P反1統一95購01,0,0,0,0,0,0,0,0,0,60000,0,0,0,70000,10000,60000,60000
046895,智伸科群益93購02,0,0,0,0,0,0,0,0,0,60000,0,0,0,60000,0,60000,60000
046828,聯發科群益94購01,0,0,0,0,0,0,0,0,0,60000,0,0,0,60000,0,60000,60000
047274,華新科永豐93購02,0,0,0,0,0,0,0,0,0,60000,0,0,0,60000,0,60000,60000
046960,台新金中信95購01,0,0,0,0,0,0,0,0,0,60000,0,0,0,70000,10000,60000,60000
046931,聯詠統一93購01  ,0,0,0,0,0,0,0,0,0,60000,0,0,0,60000,0,60000,60000
04702P,臺股指元富94售08,0,0,0,0,0,0,0,0,0,60000,0,0,0,60000,0,60000,60000
044402,景碩凱基93購01  ,0,0,0,0,0,0,0,0,0,60000,0,0,0,185000,125000,60000,60000
045428,彩晶凱基94購01  ,0,0,0,0,0,0,0,0,0,60000,0,0,0,60000,0,60000,60000
044514,亞光凱基93購02  ,0,0,0,0,0,0,0,0,0,60000,0,0,0,60000,0,60000,60000
048603,中磊國票94購02  ,0,0,0,0,0,0,0,0,0,60000,0,0,0,97000,37000,60000,60000
04432P,昇陽半元大94售04,0,0,0,0,0,0,0,0,0,60000,0,0,0,60000,0,60000,60000
03878P,康控國票93售01  ,0,0,0,0,0,0,0,0,0,60000,0,0,0,60000,0,60000,60000
045892,和鑫元大93購03  ,0,0,0,0,0,0,0,0,0,60000,0,0,0,60000,0,60000,60000
041546,群創統一93購01  ,0,0,0,0,0,0,0,0,0,60000,0,0,0,60000,0,60000,60000
042191,元油2X富邦93購01,0,0,0,0,0,0,0,0,0,60000,0,0,0,60000,0,60000,60000
041991,元油2X國票98購01,0,0,0,0,0,0,0,0,0,60000,0,0,0,120000,60000,60000,60000
050918,南亞科日盛95購01,0,0,0,0,0,0,0,0,0,60000,0,0,0,63000,3000,60000,60000
05205P,緯穎元大95售03  ,0,0,0,0,0,0,0,0,0,60000,0,0,0,60000,0,60000,60000
05157P,全新台新96售01  ,0,0,0,0,0,0,0,0,0,60000,0,0,0,62000,2000,60000,60000
050396,欣興元富94購02  ,0,0,0,0,0,0,0,0,0,60000,0,0,0,460000,400000,60000,60000
050479,上証2X國票95購02,0,0,0,0,0,0,0,0,0,60000,0,0,0,60000,0,60000,60000
050484,世紀鋼國票95購02,0,0,0,0,0,0,0,0,0,60000,0,0,0,60000,0,60000,60000
050429,漢唐凱基94購04  ,0,0,0,0,0,0,0,0,0,60000,0,0,0,60000,0,60000,60000
050301,矽創凱基94購03  ,0,0,0,0,0,0,0,0,0,60000,0,0,0,60000,0,60000,60000
04996P,台積電凱基95售02,0,0,0,0,0,0,0,0,0,60000,0,0,0,60000,0,60000,60000
052341,泰鼎凱基96購02  ,0,0,0,0,0,0,0,0,0,60000,0,0,0,65000,5000,60000,60000
052337,臺股指日盛95購02,0,0,0,0,0,0,0,0,0,60000,0,0,0,120000,60000,60000,60000
054929,群電凱基97購01  ,0,0,0,0,0,0,0,0,0,60000,0,0,0,60000,0,60000,60000
05504P,台積電凱基96售04,0,0,0,0,0,0,0,0,0,60000,0,0,0,60000,0,60000,60000
055050,敬鵬永豐97購01  ,0,0,0,0,0,0,0,0,0,60000,0,0,0,60000,0,60000,60000
054567,拓凱群益98購01  ,0,0,0,0,0,0,0,0,0,60000,0,0,0,70000,10000,60000,60000
054406,旺宏國票98購01  ,0,0,0,0,0,0,0,0,0,60000,0,0,0,60000,0,60000,60000
054355,上海銀富邦98購01,0,0,0,0,0,0,0,0,0,60000,0,0,0,61000,1000,60000,60000
05321P,鴻海凱基95售17  ,0,0,0,0,0,0,0,0,0,60000,0,0,0,60000,0,60000,60000
053178,南亞科統一98購01,0,0,0,0,0,0,0,0,0,60000,0,0,0,74000,14000,60000,60000
05390P,康友群益95售04  ,0,0,0,0,0,0,0,0,0,60000,0,0,0,60000,0,60000,60000
053764,A50正2富邦99購01,0,0,0,0,0,0,0,0,0,60000,0,0,0,60000,0,60000,60000
053822,正文群益97購01  ,0,0,0,0,0,0,0,0,0,60000,0,0,0,60000,0,60000,60000
053731,矽創凱基96購03  ,0,0,0,0,0,0,0,0,0,60000,0,0,0,60000,0,60000,60000
08525P,台灣50凱基96售02,0,0,0,0,0,0,0,0,0,60000,0,0,0,60000,0,60000,60000
3557,嘉威            ,75000,15000,60000,0,0,0,0,0,0,0,0,0,0,0,0,0,60000
9907,統一實          ,127000,64000,63000,0,0,0,0,0,0,-3000,0,3000,-3000,0,0,0,60000
057173,南亞科元大98購04,0,0,0,0,0,0,0,0,0,59000,0,0,0,67000,8000,59000,59000
056575,禾伸堂元大99購01,0,0,0,0,0,0,0,0,0,59000,0,0,0,96000,37000,59000,59000
04150P,燿華康和93售01  ,0,0,0,0,0,0,0,0,0,59000,0,0,0,59000,0,59000,59000
046939,燿華元大96購01  ,0,0,0,0,0,0,0,0,0,59000,0,0,0,59000,0,59000,59000
052313,聯電元大98購01  ,0,0,0,0,0,0,0,0,0,59000,0,0,0,80000,21000,59000,59000
05034P,台積電元大95售08,0,0,0,0,0,0,0,0,0,59000,0,0,0,59000,0,59000,59000
054108,台積電凱基96購22,0,0,0,0,0,0,0,0,0,59000,0,0,0,478000,419000,59000,59000
055049,智邦永豐97購01  ,0,0,0,0,0,0,0,0,0,59000,0,0,0,130000,71000,59000,59000
056947,國巨統一9A購01  ,0,0,0,0,0,0,0,0,0,58000,0,0,0,68000,10000,58000,58000
05824P,臺股指凱基96售21,0,0,0,0,0,0,0,0,0,58000,0,0,0,65000,7000,58000,58000
05753P,臺股指中信99售02,0,0,0,0,0,0,0,0,0,58000,0,0,0,58000,0,58000,58000
051353,聯發科元大95購08,0,0,0,0,0,0,0,0,0,58000,0,0,0,68000,10000,58000,58000
047993,鑽全元大96購01  ,0,0,0,0,0,0,0,0,0,58000,0,0,0,104000,46000,58000,58000
048195,聯發科元大93購23,0,0,0,0,0,0,0,0,0,58000,0,0,0,68000,10000,58000,58000
047526,可成元大93購08  ,0,0,0,0,0,0,0,0,0,58000,0,0,0,60000,2000,58000,58000
04363P,儒鴻元富94售01  ,0,0,0,0,0,0,0,0,0,58000,0,0,0,129000,71000,58000,58000
049491,聯發科元大95購01,0,0,0,0,0,0,0,0,0,58000,0,0,0,73000,15000,58000,58000
049410,統一凱基94購02  ,0,0,0,0,0,0,0,0,0,58000,0,0,0,91000,33000,58000,58000
049420,日電貿凱基94購01,0,0,0,0,0,0,0,0,0,58000,0,0,0,80000,22000,58000,58000
052045,瑞昱凱基96購01  ,0,0,0,0,0,0,0,0,0,58000,0,0,0,155000,97000,58000,58000
052090,聯發科元大97購03,0,0,0,0,0,0,0,0,0,58000,0,0,0,68000,10000,58000,58000
053426,創意永豐96購04  ,0,0,0,0,0,0,0,0,0,58000,0,0,0,58000,0,58000,58000
053648,台積電凱基97購04,0,0,0,0,0,0,0,0,0,58000,0,0,0,68000,10000,58000,58000
052886,世紀鋼兆豐96購01,0,0,0,0,0,0,0,0,0,58000,0,0,0,58000,0,58000,58000
8112,至上            ,375000,309000,66000,0,0,0,0,0,0,-8000,0,8000,-8000,0,0,0,58000
06503P,臺股指中信9A售02,0,0,0,0,0,0,0,0,0,58000,0,0,0,65000,7000,58000,58000
057277,可成元大98購05  ,0,0,0,0,0,0,0,0,0,57000,0,0,0,57000,0,57000,57000
055434,樺漢群益97購01  ,0,0,0,0,0,0,0,0,0,57000,0,0,0,204000,147000,57000,57000
048689,台光電群益94購01,0,0,0,0,0,0,0,0,0,57000,0,0,0,57000,0,57000,57000
04670P,臺股指國票94售09,0,0,0,0,0,0,0,0,0,57000,0,0,0,57000,0,57000,57000
047280,泰鼎永豐93購01  ,0,0,0,0,0,0,0,0,0,57000,0,0,0,60000,3000,57000,57000
050661,景碩元大94購02  ,0,0,0,0,0,0,0,0,0,57000,0,0,0,156000,99000,57000,57000
051941,樺漢群益95購02  ,0,0,0,0,0,0,0,0,0,57000,0,0,0,92000,35000,57000,57000
053256,上銀富邦98購01  ,0,0,0,0,0,0,0,0,0,57000,0,0,0,73000,16000,57000,57000
055090,國巨群益97購03  ,0,0,0,0,0,0,0,0,0,57000,0,0,0,57000,0,57000,57000
05415P,台積電台新95售04,0,0,0,0,0,0,0,0,0,57000,0,0,0,127000,70000,57000,57000
1447,力鵬            ,70000,13000,57000,0,0,0,0,0,0,0,0,0,0,0,0,0,57000
5243,乙盛-KY         ,83000,23000,60000,0,0,0,0,0,0,-3000,0,3000,-3000,0,0,0,57000
1711,永光            ,124000,66000,58000,0,0,0,0,0,0,-1000,0,1000,-1000,0,0,0,57000
2231,為升            ,80000,28000,52000,0,0,0,10000,0,10000,-5000,0,0,0,0,5000,-5000,57000
05611P,康控群益96售02  ,0,0,0,0,0,0,0,0,0,56000,0,0,0,76000,20000,56000,56000
05654P,台光電統一96售01,0,0,0,0,0,0,0,0,0,56000,0,0,0,68000,12000,56000,56000
056837,國巨元富98購02  ,0,0,0,0,0,0,0,0,0,56000,0,0,0,182000,126000,56000,56000
047839,景碩元大93購03  ,0,0,0,0,0,0,0,0,0,56000,0,0,0,56000,0,56000,56000
05092P,全新元大95售03  ,0,0,0,0,0,0,0,0,0,56000,0,0,0,56000,0,56000,56000
048035,聯詠凱基93購06  ,0,0,0,0,0,0,0,0,0,56000,0,0,0,86000,30000,56000,56000
048114,景碩群益93購02  ,0,0,0,0,0,0,0,0,0,56000,0,0,0,67000,11000,56000,56000
036804,國巨元富93購01  ,0,0,0,0,0,0,0,0,0,56000,0,0,0,56000,0,56000,56000
051861,鴻海凱基98購01  ,0,0,0,0,0,0,0,0,0,56000,0,0,0,69000,13000,56000,56000
05180P,玉晶光凱基95售04,0,0,0,0,0,0,0,0,0,56000,0,0,0,79000,23000,56000,56000
051774,聯茂中信96購01  ,0,0,0,0,0,0,0,0,0,56000,0,0,0,159000,103000,56000,56000
050757,聯發科元富94購03,0,0,0,0,0,0,0,0,0,56000,0,0,0,56000,0,56000,56000
054049,亞光元大96購03  ,0,0,0,0,0,0,0,0,0,56000,0,0,0,81000,25000,56000,56000
054693,神基永豐97購01  ,0,0,0,0,0,0,0,0,0,56000,0,0,0,91000,35000,56000,56000
052818,智邦永豐96購01  ,0,0,0,0,0,0,0,0,0,56000,0,0,0,140000,84000,56000,56000
053436,聯茂日盛96購01  ,0,0,0,0,0,0,0,0,0,56000,0,0,0,90000,34000,56000,56000
2101,南港            ,285000,219000,66000,0,0,0,0,0,0,-10000,0,3000,-3000,2000,9000,-7000,56000
2442,新美齊          ,104000,46000,58000,0,0,0,1000,0,1000,-3000,0,3000,-3000,0,0,0,56000
2499,東貝            ,61000,5000,56000,0,0,0,0,0,0,0,0,0,0,0,0,0,56000
2480,敦陽科          ,79000,20000,59000,0,0,0,0,0,0,-3000,0,3000,-3000,0,0,0,56000
3094,聯傑            ,68000,11000,57000,0,0,0,0,0,0,-1000,0,1000,-1000,0,0,0,56000
3062,建漢            ,269000,193000,76000,0,0,0,0,0,0,-20000,0,20000,-20000,0,0,0,56000
06543P,鴻海元大98售08  ,0,0,0,0,0,0,0,0,0,56000,0,0,0,60000,4000,56000,56000
056359,旺宏元大9A購01  ,0,0,0,0,0,0,0,0,0,55000,0,0,0,110000,55000,55000,55000
055858,聯茂元大97購03  ,0,0,0,0,0,0,0,0,0,55000,0,0,0,99000,44000,55000,55000
04301P,微星中信93售01  ,0,0,0,0,0,0,0,0,0,55000,0,0,0,55000,0,55000,55000
048131,全新國票94購02  ,0,0,0,0,0,0,0,0,0,55000,0,0,0,55000,0,55000,55000
047191,同欣電元大93購02,0,0,0,0,0,0,0,0,0,55000,0,0,0,58000,3000,55000,55000
050787,致伸國泰96購01  ,0,0,0,0,0,0,0,0,0,55000,0,0,0,75000,20000,55000,55000
051866,聯發科凱基96購05,0,0,0,0,0,0,0,0,0,55000,0,0,0,78000,23000,55000,55000
052322,力成元大96購01  ,0,0,0,0,0,0,0,0,0,55000,0,0,0,72000,17000,55000,55000
053837,貿聯永豐96購02  ,0,0,0,0,0,0,0,0,0,55000,0,0,0,78000,23000,55000,55000
052924,旺宏永豐96購01  ,0,0,0,0,0,0,0,0,0,55000,0,0,0,121000,66000,55000,55000
053032,國巨兆豐97購02  ,0,0,0,0,0,0,0,0,0,55000,0,0,0,226000,171000,55000,55000
054166,日電貿凱基98購01,0,0,0,0,0,0,0,0,0,55000,0,0,0,129000,74000,55000,55000
054330,世芯永豐96購02  ,0,0,0,0,0,0,0,0,0,55000,0,0,0,58000,3000,55000,55000
055183,聯鈞統一97購01  ,0,0,0,0,0,0,0,0,0,55000,0,0,0,60000,5000,55000,55000
06427P,鴻海元大97售13  ,0,0,0,0,0,0,0,0,0,55000,0,0,0,60000,5000,55000,55000
06431P,新日興元大97售05,0,0,0,0,0,0,0,0,0,55000,0,0,0,55000,0,55000,55000
1319,東陽            ,82374,26000,56374,0,0,0,0,0,0,-2000,0,7000,-7000,5000,0,5000,54374
055852,聯鈞元大98購01  ,0,40000,-40000,0,0,0,0,0,0,94000,0,0,0,208000,114000,94000,54000
055629,華新科永豐97購04,0,0,0,0,0,0,0,0,0,54000,0,0,0,150000,96000,54000,54000
056429,華通凱基98購02  ,0,0,0,0,0,0,0,0,0,54000,0,0,0,62000,8000,54000,54000
056617,美律永豐98購01  ,0,0,0,0,0,0,0,0,0,54000,0,0,0,79000,25000,54000,54000
056618,京元電永豐98購01,0,0,0,0,0,0,0,0,0,54000,0,0,0,87000,33000,54000,54000
05880P,創意康和96售01  ,0,0,0,0,0,0,0,0,0,54000,0,0,0,54000,0,54000,54000
048001,中工元大96購01  ,0,0,0,0,0,0,0,0,0,54000,0,0,0,77000,23000,54000,54000
048320,聯詠凱基93購08  ,0,0,0,0,0,0,0,0,0,54000,0,0,0,54000,0,54000,54000
050414,泰鼎永豐94購04  ,0,0,0,0,0,0,0,0,0,54000,0,0,0,54000,0,54000,54000
055229,大毅國票97購02  ,0,0,0,0,0,0,0,0,0,54000,0,0,0,80000,26000,54000,54000
054379,光磊群益98購01  ,0,0,0,0,0,0,0,0,0,54000,0,0,0,98000,44000,54000,54000
053025,燿華富邦98購02  ,0,0,0,0,0,0,0,0,0,54000,0,0,0,199000,145000,54000,54000
05384P,大立光永豐95售02,0,0,0,0,0,0,0,0,0,54000,0,0,0,54000,0,54000,54000
053809,上銀群益96購02  ,0,0,0,0,0,0,0,0,0,54000,0,0,0,214000,160000,54000,54000
06249P,億光統一97售02  ,0,0,0,0,0,0,0,0,0,54000,0,0,0,54000,0,54000,54000
05828P,台積電統一97售02,0,0,0,0,0,0,0,0,0,53000,0,0,0,638000,585000,53000,53000
05819P,臺股指凱基96售16,0,0,0,0,0,0,0,0,0,53000,0,0,0,53000,0,53000,53000
056400,道瓊反群益9C購01,0,0,0,0,0,0,0,0,0,53000,0,0,0,58000,5000,53000,53000
056084,漢唐統一97購03  ,0,0,0,0,0,0,0,0,0,53000,0,0,0,53000,0,53000,53000
055670,矽創群益98購02  ,0,0,0,0,0,0,0,0,0,53000,0,0,0,57000,4000,53000,53000
055923,矽力凱基98購01  ,0,0,0,0,0,0,0,0,0,53000,0,0,0,132000,79000,53000,53000
055886,上銀統一97購02  ,0,0,0,0,0,0,0,0,0,53000,0,0,0,74000,21000,53000,53000
048291,台積電群益93購09,0,0,0,0,0,0,0,0,0,53000,0,0,0,73000,20000,53000,53000
047681,滬深反中信95購01,0,0,0,0,0,0,0,0,0,53000,0,0,0,845000,792000,53000,53000
052398,瑞昱凱基95購06  ,0,0,0,0,0,0,0,0,0,53000,0,0,0,118000,65000,53000,53000
051608,新日興群益96購01,0,0,0,0,0,0,0,0,0,53000,0,0,0,63000,10000,53000,53000
049735,台光電群益94購03,0,0,0,0,0,0,0,0,0,53000,0,0,0,74000,21000,53000,53000
053271,喬山元大97購01  ,110000,0,110000,0,0,0,0,0,0,-57000,0,0,0,100000,157000,-57000,53000
054744,晶相光凱基99購01,0,0,0,0,0,0,0,0,0,53000,0,0,0,53000,0,53000,53000
06248P,國巨統一97售07  ,0,0,0,0,0,0,0,0,0,53000,0,0,0,200000,147000,53000,53000
3059,華晶科          ,103000,42000,61000,0,0,0,0,0,0,-8000,0,8000,-8000,0,0,0,53000
055776,宏達電凱基98購02,0,0,0,0,0,0,0,0,0,52000,0,0,0,78000,26000,52000,52000
055977,南亞科統一97購01,0,0,0,0,0,0,0,0,0,52000,0,0,0,100000,48000,52000,52000
056177,嘉澤元富97購01  ,0,0,0,0,0,0,0,0,0,52000,0,0,0,72000,20000,52000,52000
056453,禾伸堂凱基99購02,0,0,0,0,0,0,0,0,0,52000,0,0,0,130000,78000,52000,52000
057260,微星兆豐98購01  ,0,0,0,0,0,0,0,0,0,52000,0,0,0,102000,50000,52000,52000
057149,京鼎國票99購02  ,0,0,0,0,0,0,0,0,0,52000,0,0,0,55000,3000,52000,52000
048012,嘉晶國票94購01  ,0,0,0,0,0,0,0,0,0,52000,0,0,0,117000,65000,52000,52000
051224,華通群益96購03  ,0,0,0,0,0,0,0,0,0,52000,0,0,0,57000,5000,52000,52000
051160,亞德客元大95購02,0,0,0,0,0,0,0,0,0,52000,0,0,0,294000,242000,52000,52000
051965,傳奇永豐95購01  ,0,0,0,0,0,0,0,0,0,52000,0,0,0,52000,0,52000,52000
049234,可成統一94購02  ,0,0,0,0,0,0,0,0,0,52000,0,0,0,62000,10000,52000,52000
04931P,臻鼎元富94售09  ,0,0,0,0,0,0,0,0,0,52000,0,0,0,62000,10000,52000,52000
051366,康友國泰97購01  ,0,0,0,0,0,0,0,0,0,52000,0,0,0,165000,113000,52000,52000
049091,訊連凱基94購01  ,0,0,0,0,0,0,0,0,0,52000,0,0,0,64000,12000,52000,52000
05469P,台積電元大95售24,0,0,0,0,0,0,0,0,0,52000,0,0,0,183000,131000,52000,52000
054968,佐登元大97購01  ,0,0,0,0,0,0,0,0,0,52000,0,0,0,52000,0,52000,52000
055056,億光永豐97購01  ,0,0,0,0,0,0,0,0,0,52000,0,0,0,52000,0,52000,52000
054349,同欣電國票97購02,0,0,0,0,0,0,0,0,0,52000,0,0,0,52000,0,52000,52000
3356,奇偶            ,67000,14000,53000,0,0,0,0,0,0,-1000,0,1000,-1000,0,0,0,52000
4968,立積            ,281000,309000,-28000,0,0,0,0,0,0,80000,87000,0,87000,3000,10000,-7000,52000
057070,美律永豐98購02  ,0,0,0,0,0,0,0,0,0,51000,0,0,0,51000,0,51000,51000
056942,昇陽半元富98購01,0,0,0,0,0,0,0,0,0,51000,0,0,0,51000,0,51000,51000
057349,聯發科統一98購04,0,0,0,0,0,0,0,0,0,51000,0,0,0,51000,0,51000,51000
055773,瑞昱凱基97購03  ,0,0,0,0,0,0,0,0,0,51000,0,0,0,51000,0,51000,51000
055644,致茂元富97購01  ,0,0,0,0,0,0,0,0,0,51000,0,0,0,82000,31000,51000,51000
047075,群創兆豐93購01  ,0,0,0,0,0,0,0,0,0,51000,0,0,0,51000,0,51000,51000
03127P,台表科凱基01售03,0,0,0,0,0,0,0,0,0,51000,0,0,0,51000,0,51000,51000
03959P,義隆元富96售01  ,0,0,0,0,0,0,0,0,0,51000,0,0,0,99000,48000,51000,51000
00866,新光Shiller CAPE,0,0,0,0,0,0,0,0,0,51000,0,0,0,61000,10000,51000,51000
048626,矽創台新93購01  ,0,0,0,0,0,0,0,0,0,51000,0,0,0,51000,0,51000,51000
05237P,為升永豐95售01  ,0,0,0,0,0,0,0,0,0,51000,0,0,0,51000,0,51000,51000
049475,高鐵永豐94購01  ,0,0,0,0,0,0,0,0,0,51000,0,0,0,51000,0,51000,51000
05148P,臻鼎元大95售01  ,0,0,0,0,0,0,0,0,0,51000,0,0,0,76000,25000,51000,51000
051112,台郡統一95購01  ,0,0,0,0,0,0,0,0,0,51000,0,0,0,176000,125000,51000,51000
054521,TPK元大96購03   ,0,0,0,0,0,0,0,0,0,51000,0,0,0,201000,150000,51000,51000
054878,和大統一97購02  ,0,0,0,0,0,0,0,0,0,51000,0,0,0,131000,80000,51000,51000
053056,同欣電國票97購01,0,0,0,0,0,0,0,0,0,51000,0,0,0,85000,34000,51000,51000
053940,康友元富96購01  ,0,0,0,0,0,0,0,0,0,51000,0,0,0,61000,10000,51000,51000
6024,群益期          ,51000,0,51000,0,0,0,0,0,0,0,0,0,0,0,0,0,51000
2882B,國泰金乙特      ,0,0,0,0,0,0,0,0,0,51000,51000,0,51000,0,0,0,51000
055780,禾伸堂凱基99購01,0,0,0,0,0,0,0,0,0,50000,0,0,0,73000,23000,50000,50000
055800,欣興永豐97購02  ,0,0,0,0,0,0,0,0,0,50000,0,0,0,52000,2000,50000,50000
056479,玉晶光元大99購05,0,0,0,0,0,0,0,0,0,50000,0,0,0,51000,1000,50000,50000
056300,聯發科元大97購23,0,0,0,0,0,0,0,0,0,50000,0,0,0,51000,1000,50000,50000
056021,興富發群益97購01,0,0,0,0,0,0,0,0,0,50000,0,0,0,50000,0,50000,50000
05743P,創意元大96售01  ,0,0,0,0,0,0,0,0,0,50000,0,0,0,50000,0,50000,50000
05940P,聯發科凱基96售21,0,0,0,0,0,0,0,0,0,50000,0,0,0,50000,0,50000,50000
057159,晶技永豐98購01  ,0,0,0,0,0,0,0,0,0,50000,0,0,0,123000,73000,50000,50000
048662,京元電統一93購04,0,0,0,0,0,0,0,0,0,50000,0,0,0,50000,0,50000,50000
047483,新光金凱基99購04,0,0,0,0,0,0,0,0,0,50000,0,0,0,50000,0,50000,50000
04358P,TPK永豐94售01   ,0,0,0,0,0,0,0,0,0,50000,0,0,0,50000,0,50000,50000
04086P,臺股指元富93售04,0,0,0,0,0,0,0,0,0,50000,0,0,0,50000,0,50000,50000
045480,滬深2X中信94購01,0,0,0,0,0,0,0,0,0,50000,0,0,0,50000,0,50000,50000
03417B,臺股指凱基95熊19,0,0,0,0,0,0,0,0,0,50000,0,0,0,50000,0,50000,50000
03501P,奇鋐國票03售02  ,0,0,0,0,0,0,0,0,0,50000,0,0,0,50000,0,50000,50000
047123,中石化中信95購01,0,0,0,0,0,0,0,0,0,50000,0,0,0,50000,0,50000,50000
047826,台泥元大93購01  ,0,0,0,0,0,0,0,0,0,50000,0,0,0,111000,61000,50000,50000
047182,智邦元大93購07  ,0,0,0,0,0,0,0,0,0,50000,0,0,0,50000,0,50000,50000
047032,台虹元大93購01  ,0,0,0,0,0,0,0,0,0,50000,0,0,0,60000,10000,50000,50000
050957,T50反1台新05購01,0,0,0,0,0,0,0,0,0,50000,0,0,0,50000,0,50000,50000
047556,群創凱基95購01  ,0,0,0,0,0,0,0,0,0,50000,0,0,0,50000,0,50000,50000
04638P,臺股指群益94售13,0,0,0,0,0,0,0,0,0,50000,0,0,0,50000,0,50000,50000
04633P,旺宏群益96售04  ,0,0,0,0,0,0,0,0,0,50000,0,0,0,60000,10000,50000,50000
047814,宏達電凱基93購02,0,0,0,0,0,0,0,0,0,50000,0,0,0,50000,0,50000,50000
048829,欣興凱基94購02  ,0,0,0,0,0,0,0,0,0,50000,0,0,0,54000,4000,50000,50000
04841P,群創元大94售04  ,0,0,0,0,0,0,0,0,0,50000,0,0,0,50000,0,50000,50000
051119,光寶科群益95購01,0,0,0,0,0,0,0,0,0,50000,0,0,0,60000,10000,50000,50000
050898,智原元大96購01  ,0,0,0,0,0,0,0,0,0,50000,0,0,0,50000,0,50000,50000
050654,鎧勝凱基96購01  ,0,0,0,0,0,0,0,0,0,50000,0,0,0,50000,0,50000,50000
049404,訊芯群益94購02  ,0,0,0,0,0,0,0,0,0,50000,0,0,0,50000,0,50000,50000
049312,亞光凱基94購02  ,0,0,0,0,0,0,0,0,0,50000,0,0,0,76000,26000,50000,50000
04987P,昇陽半永豐94售04,0,0,0,0,0,0,0,0,0,50000,0,0,0,50000,0,50000,50000
049238,元油2X元富96購08,0,0,0,0,0,0,0,0,0,50000,0,0,0,50000,0,50000,50000
049279,元油2X國票94購02,0,0,0,0,0,0,0,0,0,50000,0,0,0,50000,0,50000,50000
049286,美律兆豐94購01  ,0,0,0,0,0,0,0,0,0,50000,0,0,0,65000,15000,50000,50000
049896,聯發科統一94購06,0,0,0,0,0,0,0,0,0,50000,0,0,0,53000,3000,50000,50000
051896,柏文元富95購01  ,0,0,0,0,0,0,0,0,0,50000,0,0,0,50000,0,50000,50000
051808,美律凱基96購02  ,0,0,0,0,0,0,0,0,0,50000,0,0,0,50000,0,50000,50000
051850,臻鼎中信96購01  ,0,0,0,0,0,0,0,0,0,50000,0,0,0,50000,0,50000,50000
04919P,聯詠凱基94售05  ,0,0,0,0,0,0,0,0,0,50000,0,0,0,50000,0,50000,50000
049158,元油2X中信94購03,0,0,0,0,0,0,0,0,0,50000,0,0,0,50000,0,50000,50000
050360,T50反1元大94購06,0,0,0,0,0,0,0,0,0,50000,0,0,0,50000,0,50000,50000
050361,T50反1元大94購07,0,0,0,0,0,0,0,0,0,50000,0,0,0,50000,0,50000,50000
05171P,臺股指元大95售15,0,0,0,0,0,0,0,0,0,50000,0,0,0,60000,10000,50000,50000
053921,嘉晶國票97購03  ,0,0,0,0,0,0,0,0,0,50000,0,0,0,60000,10000,50000,50000
053807,T50反1群益96購02,0,0,0,0,0,0,0,0,0,50000,0,0,0,50000,0,50000,50000
053792,百和元大96購01  ,0,0,0,0,0,0,0,0,0,50000,0,0,0,50000,0,50000,50000
053298,SP黃豆凱基99購01,0,0,0,0,0,0,0,0,0,50000,0,0,0,80000,30000,50000,50000
053488,中石化兆豐97購01,0,0,0,0,0,0,0,0,0,50000,0,0,0,50000,0,50000,50000
053049,T50反1國票98購01,0,0,0,0,0,0,0,0,0,50000,0,0,0,50000,0,50000,50000
053267,華新科群益96購02,0,0,0,0,0,0,0,0,0,50000,0,0,0,50000,0,50000,50000
05276P,GIS永豐95售02   ,0,0,0,0,0,0,0,0,0,50000,0,0,0,50000,0,50000,50000
054740,強茂凱基99購01  ,0,0,0,0,0,0,0,0,0,50000,0,0,0,50000,0,50000,50000
055298,啟碁元大97購02  ,0,0,0,0,0,0,0,0,0,50000,0,0,0,50000,0,50000,50000
054463,瑞昱凱基97購01  ,0,0,0,0,0,0,0,0,0,50000,0,0,0,61000,11000,50000,50000
054435,華新科台新97購02,0,0,0,0,0,0,0,0,0,50000,0,0,0,105000,55000,50000,50000
054452,華通亞東96購01  ,0,0,0,0,0,0,0,0,0,50000,0,0,0,50000,0,50000,50000
054439,健策台新96購03  ,0,0,0,0,0,0,0,0,0,50000,0,0,0,50000,0,50000,50000
054333,茂林永豐96購03  ,0,0,0,0,0,0,0,0,0,50000,0,0,0,70000,20000,50000,50000
054278,晶技群益97購02  ,0,0,0,0,0,0,0,0,0,50000,0,0,0,98000,48000,50000,50000
054233,聯發科群益96購04,0,0,0,0,0,0,0,0,0,50000,0,0,0,105000,55000,50000,50000
054043,漢唐元大97購01  ,0,0,0,0,0,0,0,0,0,50000,0,0,0,50000,0,50000,50000
054107,上銀凱基97購01  ,0,0,0,0,0,0,0,0,0,50000,0,0,0,316000,266000,50000,50000
06301P,臺股指元大97售04,0,0,0,0,0,0,0,0,0,50000,0,0,0,51000,1000,50000,50000
06177P,玉晶光元大98售07,0,0,0,0,0,0,0,0,0,50000,0,0,0,54000,4000,50000,50000
06465P,國巨統一98售04  ,0,0,0,0,0,0,0,0,0,50000,0,0,0,56000,6000,50000,50000
06474P,鴻海富邦98售03  ,0,0,0,0,0,0,0,0,0,50000,0,0,0,80000,30000,50000,50000
06368P,台積電凱基97售15,0,0,0,0,0,0,0,0,0,50000,0,0,0,96000,46000,50000,50000
056768,宏達電元大99購03,0,0,0,0,0,0,0,0,0,49000,0,0,0,77000,28000,49000,49000
056760,元油2X元大98購06,0,0,0,0,0,0,0,0,0,49000,0,0,0,110000,61000,49000,49000
056245,嘉澤群益97購01  ,0,0,0,0,0,0,0,0,0,49000,0,0,0,87000,38000,49000,49000
056475,宏達電元大99購02,0,0,0,0,0,0,0,0,0,49000,0,0,0,100000,51000,49000,49000
04654P,臺股指凱基94售13,0,0,0,0,0,0,0,0,0,49000,0,0,0,49000,0,49000,49000
047699,亞德客凱基93購04,0,0,0,0,0,0,0,0,0,49000,0,0,0,104000,55000,49000,49000
047096,元油反國泰96購01,0,0,0,0,0,0,0,0,0,49000,0,0,0,49000,0,49000,49000
048555,技嘉元大93購02  ,0,0,0,0,0,0,0,0,0,49000,0,0,0,52000,3000,49000,49000
050353,華擎群益95購01  ,0,0,0,0,0,0,0,0,0,49000,0,0,0,55000,6000,49000,49000
052271,力成日盛95購02  ,0,0,0,0,0,0,0,0,0,49000,0,0,0,50000,1000,49000,49000
052576,聯茂凱基96購01  ,0,0,0,0,0,0,0,0,0,49000,0,0,0,60000,11000,49000,49000
05249P,臻鼎國票95售01  ,0,0,0,0,0,0,0,0,0,49000,0,0,0,49000,0,49000,49000
050778,瑞儀元大96購01  ,0,0,0,0,0,0,0,0,0,49000,0,0,0,348000,299000,49000,49000
050704,復盛凱基94購03  ,0,0,0,0,0,0,0,0,0,49000,0,0,0,127000,78000,49000,49000
05061P,鴻海富邦96售03  ,0,0,0,0,0,0,0,0,0,49000,0,0,0,49000,0,49000,49000
049686,T50反1元大94購02,0,50000,-50000,0,0,0,0,0,0,99000,0,0,0,99000,0,99000,49000
05428P,滬深2X統一95售01,0,0,0,0,0,0,0,0,0,49000,0,0,0,54000,5000,49000,49000
05439P,聯發科國票95售06,0,0,0,0,0,0,0,0,0,49000,0,0,0,50000,1000,49000,49000
052753,電子類元大96購02,0,0,0,0,0,0,0,0,0,49000,0,0,0,51000,2000,49000,49000
052617,景碩國泰98購01  ,0,0,0,0,0,0,0,0,0,49000,0,0,0,81000,32000,49000,49000
053264,南亞科群益96購01,0,0,0,0,0,0,0,0,0,49000,0,0,0,154000,105000,49000,49000
053012,國巨統一96購03  ,0,0,0,0,0,0,0,0,0,49000,0,0,0,295000,246000,49000,49000
052990,超眾元大97購01  ,0,0,0,0,0,0,0,0,0,49000,0,0,0,59000,10000,49000,49000
06154P,超眾元大98售01  ,0,0,0,0,0,0,0,0,0,49000,0,0,0,85000,36000,49000,49000
056274,彩晶統一98購02  ,0,0,0,0,0,0,0,0,0,48000,0,0,0,48000,0,48000,48000
056380,麗豐元富98購01  ,0,0,0,0,0,0,0,0,0,48000,0,0,0,58000,10000,48000,48000
055955,微星元大97購01  ,0,0,0,0,0,0,0,0,0,48000,0,0,0,186000,138000,48000,48000
055754,和大兆豐97購01  ,0,0,0,0,0,0,0,0,0,48000,0,0,0,48000,0,48000,48000
05562P,鴻海元大96售16  ,0,0,0,0,0,0,0,0,0,48000,0,0,0,61000,13000,48000,48000
055631,創意永豐98購01  ,0,0,0,0,0,0,0,0,0,48000,0,0,0,58000,10000,48000,48000
05555P,健策群益98售01  ,0,0,0,0,0,0,0,0,0,48000,0,0,0,52000,4000,48000,48000
056610,鴻海永豐98購01  ,0,0,0,0,0,0,0,0,0,48000,0,0,0,71000,23000,48000,48000
047055,旭富國票93購01  ,0,0,0,0,0,0,0,0,0,48000,0,0,0,48000,0,48000,48000
051005,緯創中信95購02  ,0,0,0,0,0,0,0,0,0,48000,0,0,0,48000,0,48000,48000
051108,鴻海統一96購02  ,0,0,0,0,0,0,0,0,0,48000,0,0,0,68000,20000,48000,48000
051111,可成統一95購02  ,0,0,0,0,0,0,0,0,0,48000,0,0,0,48000,0,48000,48000
051534,景碩國票97購01  ,0,0,0,0,0,0,0,0,0,48000,0,0,0,48000,0,48000,48000
052467,嘉聯益統一96購01,0,0,0,0,0,0,0,0,0,48000,0,0,0,48000,0,48000,48000
049055,聯詠永豐94購01  ,0,0,0,0,0,0,0,0,0,48000,0,0,0,203000,155000,48000,48000
049003,智邦中信95購01  ,0,0,0,0,0,0,0,0,0,48000,0,0,0,48000,0,48000,48000
049005,可成中信95購01  ,0,0,0,0,0,0,0,0,0,48000,0,0,0,48000,0,48000,48000
050200,致新元大94購01  ,0,0,0,0,0,0,0,0,0,48000,0,0,0,68000,20000,48000,48000
053177,華邦電統一96購01,0,0,0,0,0,0,0,0,0,48000,0,0,0,48000,0,48000,48000
053192,創意統一96購01  ,0,0,0,0,0,0,0,0,0,48000,0,0,0,58000,10000,48000,48000
052910,鴻海統一96購10  ,0,0,0,0,0,0,0,0,0,48000,0,0,0,48000,0,48000,48000
053546,台積電凱基96購13,0,0,0,0,0,0,0,0,0,48000,0,0,0,68000,20000,48000,48000
05332P,臺股指國票95售01,0,0,0,0,0,0,0,0,0,48000,0,0,0,70000,22000,48000,48000
053445,可成凱基96購04  ,0,0,0,0,0,0,0,0,0,48000,0,0,0,81000,33000,48000,48000
053667,鴻海統一96購12  ,0,0,0,0,0,0,0,0,0,48000,0,0,0,48000,0,48000,48000
053934,A50正2元富96購02,0,0,0,0,0,0,0,0,0,48000,0,0,0,48000,0,48000,48000
053842,聯發科統一96購08,0,0,0,0,0,0,0,0,0,48000,0,0,0,48000,0,48000,48000
054770,健策國票98購01  ,0,0,0,0,0,0,0,0,0,48000,0,0,0,520000,472000,48000,48000
054816,聯發科元大97購12,0,0,0,0,0,0,0,0,0,48000,0,0,0,68000,20000,48000,48000
06550P,健策元大99售01  ,0,0,0,0,0,0,0,0,0,48000,0,0,0,86000,38000,48000,48000
3019,亞光            ,344000,348000,-4000,0,0,0,0,0,0,52000,53000,6000,47000,18000,13000,5000,48000
056579,麗豐元大99購01  ,0,0,0,0,0,0,0,0,0,47000,0,0,0,47000,0,47000,47000
056945,鴻海統一98購12  ,0,0,0,0,0,0,0,0,0,47000,0,0,0,207000,160000,47000,47000
06078P,臺股指凱基9A售01,0,0,0,0,0,0,0,0,0,47000,0,0,0,93000,46000,47000,47000
056128,和大中信99購01  ,0,0,0,0,0,0,0,0,0,47000,0,0,0,67000,20000,47000,47000
056444,南亞科凱基99購01,0,0,0,0,0,0,0,0,0,47000,0,0,0,47000,0,47000,47000
050928,日月光凱基95購01,0,0,0,0,0,0,0,0,0,47000,0,0,0,47000,0,47000,47000
04639P,臺股指群益94售14,0,0,0,0,0,0,0,0,0,47000,0,0,0,173000,126000,47000,47000
052179,康友元大95購03  ,0,0,0,0,0,0,0,0,0,47000,0,0,0,221000,174000,47000,47000
051145,台積電凱基95購05,0,0,0,0,0,0,0,0,0,47000,0,0,0,68000,21000,47000,47000
050719,世紀鋼群益96購01,0,0,0,0,0,0,0,0,0,47000,0,0,0,259000,212000,47000,47000
049213,滬深2X國票94購02,0,0,0,0,0,0,0,0,0,47000,0,0,0,47000,0,47000,47000
054946,億光元大97購01  ,0,0,0,0,0,0,0,0,0,47000,0,0,0,53000,6000,47000,47000
1708,東鹼            ,55000,8000,47000,0,0,0,0,0,0,0,0,0,0,0,0,0,47000
06476P,臺股指永豐98售01,0,0,0,0,0,0,0,0,0,47000,0,0,0,52000,5000,47000,47000
6213,聯茂            ,834020,373000,461020,0,0,0,185000,385000,-200000,-215000,97000,199000,-102000,11000,124000,-113000,46020
056507,創意永豐98購02  ,0,0,0,0,0,0,0,0,0,46000,0,0,0,138000,92000,46000,46000
056264,聯發科統一98購02,0,0,0,0,0,0,0,0,0,46000,0,0,0,52000,6000,46000,46000
055472,大立光凱基97購07,0,0,0,0,0,0,0,0,0,46000,0,0,0,51000,5000,46000,46000
055463,國喬凱基97購01  ,0,0,0,0,0,0,0,0,0,46000,0,0,0,88000,42000,46000,46000
057251,泰鼎統一98購02  ,0,0,0,0,0,0,0,0,0,46000,0,0,0,46000,0,46000,46000
056809,旺宏統一98購03  ,0,0,0,0,0,0,0,0,0,46000,0,0,0,46000,0,46000,46000
044221,群創凱基93購03  ,0,0,0,0,0,0,0,0,0,46000,0,0,0,151000,105000,46000,46000
049613,華通中信94購01  ,0,0,0,0,0,0,0,0,0,46000,0,0,0,46000,0,46000,46000
051507,彩晶元富95購01  ,0,0,0,0,0,0,0,0,0,46000,0,0,0,96000,50000,46000,46000
052490,禾伸堂國票95購01,0,0,0,0,0,0,0,0,0,46000,0,0,0,56000,10000,46000,46000
051753,華通元大96購03  ,0,0,0,0,0,0,0,0,0,46000,0,0,0,46000,0,46000,46000
054390,智邦元富96購03  ,0,0,0,0,0,0,0,0,0,46000,0,0,0,46000,0,46000,46000
054276,國巨群益96購07  ,0,0,0,0,0,0,0,0,0,46000,0,0,0,46000,0,46000,46000
053980,泰鼎元大97購02  ,0,1000,-1000,0,0,0,0,0,0,47000,0,0,0,183000,136000,47000,46000
053612,T50反1群益96購01,0,0,0,0,0,0,0,0,0,46000,0,0,0,51000,5000,46000,46000
6230,超眾            ,105000,76000,29000,0,0,0,0,0,0,17000,12000,4000,8000,21000,12000,9000,46000
06690P,玉晶光群益9A售05,0,0,0,0,0,0,0,0,0,46000,0,0,0,54000,8000,46000,46000
06658P,台灣50富邦9C售01,0,0,0,0,0,0,0,0,0,46000,0,0,0,160000,114000,46000,46000
3018,同開            ,103000,57000,46000,0,0,0,0,0,0,0,0,0,0,0,0,0,46000
05536P,奇力新元大96售03,0,0,0,0,0,0,0,0,0,45000,0,0,0,105000,60000,45000,45000
04731P,臺股指中信96售03,0,0,0,0,0,0,0,0,0,45000,0,0,0,165000,120000,45000,45000
04854P,鴻海國泰96售04  ,0,0,0,0,0,0,0,0,0,45000,0,0,0,253000,208000,45000,45000
043735,元金2X元大94購01,0,0,0,0,0,0,0,0,0,45000,0,0,0,45000,0,45000,45000
03409P,台積電元大02售26,0,0,0,0,0,0,0,0,0,45000,0,0,0,45000,0,45000,45000
03769P,聯發科元大93售04,0,0,0,0,0,0,0,0,0,45000,0,0,0,268000,223000,45000,45000
043144,台肥統一93購01  ,0,0,0,0,0,0,0,0,0,45000,0,0,0,55000,10000,45000,45000
048812,上証2X凱基96購01,0,0,0,0,0,0,0,0,0,45000,0,0,0,45000,0,45000,45000
047954,漢唐永豐93購02  ,0,0,0,0,0,0,0,0,0,45000,0,0,0,45000,0,45000,45000
049121,元油2X元富94購06,0,0,0,0,0,0,0,0,0,45000,0,0,0,45000,0,45000,45000
04935P,鴻海中信96售01  ,0,0,0,0,0,0,0,0,0,45000,0,0,0,45000,0,45000,45000
053611,聯茂麥證96購01  ,0,0,0,45000,0,45000,0,0,0,45000,0,0,0,45000,0,45000,45000
05340P,臺股指國票95售08,0,0,0,0,0,0,0,0,0,45000,0,0,0,65000,20000,45000,45000
052822,泰碩永豐97購01  ,0,0,0,0,0,0,0,0,0,45000,0,0,0,50000,5000,45000,45000
054272,華通中信98購01  ,0,0,0,0,0,0,0,0,0,45000,0,0,0,45000,0,45000,45000
054301,楠梓電凱基98購01,0,0,0,0,0,0,0,0,0,45000,0,0,0,48000,3000,45000,45000
054124,達方永豐96購02  ,0,0,0,0,0,0,0,0,0,45000,0,0,0,45000,0,45000,45000
054098,嘉晶國票97購04  ,0,0,0,0,0,0,0,0,0,45000,0,0,0,83000,38000,45000,45000
054893,帆宣統一99購01  ,0,0,0,0,0,0,0,0,0,45000,0,0,0,63000,18000,45000,45000
055308,聯發科群益97購04,0,0,0,0,0,0,0,0,0,45000,0,0,0,200000,155000,45000,45000
2314,台揚            ,150000,92000,58000,0,0,0,0,0,0,-13000,0,13000,-13000,0,0,0,45000
055358,臻鼎凱基97購01  ,0,0,0,0,0,0,0,0,0,44000,0,0,0,63000,19000,44000,44000
055599,TPK元大97購01   ,0,0,0,0,0,0,0,0,0,44000,0,0,0,290000,246000,44000,44000
05616P,台光電永豐96售01,0,0,0,0,0,0,0,0,0,44000,0,0,0,69000,25000,44000,44000
056751,和大兆豐98購01  ,0,0,0,0,0,0,0,0,0,44000,0,0,0,93000,49000,44000,44000
051325,台光電台新96購01,0,0,0,0,0,0,0,0,0,44000,0,0,0,44000,0,44000,44000
04852P,臻鼎永豐94售02  ,0,0,0,0,0,0,0,0,0,44000,0,0,0,81000,37000,44000,44000
049285,宏碁兆豐94購01  ,0,0,0,0,0,0,0,0,0,44000,0,0,0,94000,50000,44000,44000
052079,康友元富98購01  ,0,0,0,0,0,0,0,0,0,44000,0,0,0,105000,61000,44000,44000
050033,日月光元大94購01,0,0,0,0,0,0,0,0,0,44000,0,0,0,70000,26000,44000,44000
052250,光磊永豐95購01  ,0,0,0,0,0,0,0,0,0,44000,0,0,0,44000,0,44000,44000
055211,A50反1凱基9A購01,0,0,0,0,0,0,0,0,0,44000,0,0,0,110000,66000,44000,44000
054162,光罩凱基98購01  ,0,0,0,0,0,0,0,0,0,44000,0,0,0,64000,20000,44000,44000
054005,旺宏統一97購04  ,0,0,0,0,0,0,0,0,0,44000,0,0,0,92000,48000,44000,44000
05433P,智原元富95售02  ,0,0,0,0,0,0,0,0,0,44000,0,0,0,54000,10000,44000,44000
053993,旺宏群益98購02  ,0,0,0,0,0,0,0,0,0,44000,0,0,0,50000,6000,44000,44000
053919,可成國票97購02  ,0,0,0,0,0,0,0,0,0,44000,0,0,0,95000,51000,44000,44000
053698,中磊元大96購02  ,0,0,0,0,0,0,0,0,0,44000,0,0,0,218000,174000,44000,44000
056571,燿華元大98購02  ,0,0,0,0,0,0,0,0,0,43000,0,0,0,121000,78000,43000,43000
05546P,全新元大97售01  ,0,0,0,0,0,0,0,0,0,43000,0,0,0,100000,57000,43000,43000
055799,致茂永豐97購02  ,0,0,0,0,0,0,0,0,0,43000,0,0,0,70000,27000,43000,43000
047576,技嘉群益94購01  ,0,0,0,0,0,0,0,0,0,43000,0,0,0,171000,128000,43000,43000
051214,大立光統一95購02,0,0,0,0,0,0,0,0,0,43000,0,0,0,43000,0,43000,43000
053748,燿華永豐96購04  ,0,0,0,0,0,0,0,0,0,43000,0,0,0,80000,37000,43000,43000
053440,台積電凱基96購12,0,0,0,0,0,0,0,0,0,43000,0,0,0,50000,7000,43000,43000
05325P,臺股指凱基95售09,0,0,0,0,0,0,0,0,0,43000,0,0,0,50000,7000,43000,43000
053091,同欣電元大96購01,0,0,0,0,0,0,0,0,0,43000,0,0,0,119000,76000,43000,43000
054515,華通元大98購02  ,0,0,0,0,0,0,0,0,0,43000,0,0,0,43000,0,43000,43000
055069,帆宣永豐97購01  ,0,0,0,0,0,0,0,0,0,43000,0,0,0,252000,209000,43000,43000
1592,英瑞-KY         ,45000,2000,43000,0,0,0,0,0,0,0,0,0,0,0,0,0,43000
06406P,可成元富97售04  ,0,0,0,0,0,0,0,0,0,43000,0,0,0,73000,30000,43000,43000
055324,TPK國票98購03   ,0,0,0,0,0,0,0,0,0,42000,0,0,0,42000,0,42000,42000
056184,南亞科統一97購03,0,0,0,0,0,0,0,0,0,42000,0,0,0,46000,4000,42000,42000
056900,可成元大98購02  ,0,0,0,0,0,0,0,0,0,42000,0,0,0,42000,0,42000,42000
057368,微星元大98購02  ,0,0,0,0,0,0,0,0,0,42000,0,0,0,42000,0,42000,42000
057387,奇力新永豐98購03,0,0,0,0,0,0,0,0,0,42000,0,0,0,42000,0,42000,42000
051099,台郡元大95購03  ,0,0,0,0,0,0,0,0,0,42000,0,0,0,302000,260000,42000,42000
047781,上銀國泰94購02  ,0,0,0,0,0,0,0,0,0,42000,0,0,0,42000,0,42000,42000
00865B,國泰US短期公債  ,0,0,0,0,0,0,0,0,0,42000,0,0,0,42000,0,42000,42000
050173,旺宏元大96購02  ,0,0,0,0,0,0,0,0,0,42000,0,0,0,71000,29000,42000,42000
051998,昇陽半元大96購02,0,0,0,0,0,0,0,0,0,42000,0,0,0,48000,6000,42000,42000
051999,勤誠元大95購01  ,0,0,0,0,0,0,0,0,0,42000,0,0,0,44000,2000,42000,42000
054965,健策元大98購04  ,0,0,0,0,0,0,0,0,0,42000,0,0,0,409000,367000,42000,42000
054778,世紀鋼國票99購01,0,0,0,0,0,0,0,0,0,42000,0,0,0,59000,17000,42000,42000
054779,台塑群益98購01  ,0,0,0,0,0,0,0,0,0,42000,0,0,0,42000,0,42000,42000
054192,國巨中信98購01  ,0,0,0,0,0,0,0,0,0,42000,0,0,0,131000,89000,42000,42000
052770,聯茂群益96購02  ,0,0,0,0,0,0,0,0,0,42000,0,0,0,50000,8000,42000,42000
3669,圓展            ,27000,10000,17000,0,0,0,25000,0,25000,0,0,0,0,0,0,0,42000
9940,信義            ,66000,26000,40000,0,0,0,0,0,0,2000,2000,0,2000,0,0,0,42000
057348,台積電統一98購09,0,0,0,0,0,0,0,0,0,41000,0,0,0,70000,29000,41000,41000
06087P,國巨永豐97售01  ,0,0,0,0,0,0,0,0,0,41000,0,0,0,72000,31000,41000,41000
06029P,聯發科台新96售02,0,0,0,0,0,0,0,0,0,41000,0,0,0,55000,14000,41000,41000
056623,禾伸堂永豐98購01,0,0,0,0,0,0,0,0,0,41000,0,0,0,62000,21000,41000,41000
056228,可成凱基97購03  ,0,0,0,0,0,0,0,0,0,41000,0,0,0,91000,50000,41000,41000
056364,亞光元大99購02  ,0,0,0,0,0,0,0,0,0,41000,0,0,0,71000,30000,41000,41000
04189P,台積電兆豐94售02,0,0,0,0,0,0,0,0,0,41000,0,0,0,41000,0,41000,41000
03591P,台積電國票03售10,0,0,0,0,0,0,0,0,0,41000,0,0,0,43000,2000,41000,41000
05122P,鴻海永昌96售06  ,0,0,0,0,0,0,0,0,0,41000,0,0,0,699000,658000,41000,41000
04798P,牧德元大95售02  ,0,0,0,0,0,0,0,0,0,41000,0,0,0,41000,0,41000,41000
049812,致伸元大94購03  ,0,0,0,0,0,0,0,0,0,41000,0,0,0,41000,0,41000,41000
052239,泰鼎國票97購01  ,0,0,0,0,0,0,0,0,0,41000,0,0,0,46000,5000,41000,41000
052514,嘉澤凱基96購01  ,0,0,0,0,0,0,0,0,0,41000,0,0,0,51000,10000,41000,41000
052948,景碩國票97購02  ,0,0,0,0,0,0,0,0,0,41000,0,0,0,87000,46000,41000,41000
053725,晶相光凱基96購01,0,0,0,0,0,0,0,0,0,41000,0,0,0,51000,10000,41000,41000
054955,宏達電元大98購01,0,0,0,0,0,0,0,0,0,41000,0,0,0,55000,14000,41000,41000
054913,億光凱基97購01  ,0,0,0,0,0,0,0,0,0,41000,0,0,0,79000,38000,41000,41000
6165,捷泰            ,113000,72000,41000,0,0,0,0,0,0,0,0,0,0,0,0,0,41000
056129,義隆麥證97購01  ,0,0,0,50000,10000,40000,0,0,0,40000,0,0,0,50000,10000,40000,40000
056134,可成元大97購06  ,0,0,0,0,0,0,0,0,0,40000,0,0,0,140000,100000,40000,40000
05531P,臺股指群益96售04,0,0,0,0,0,0,0,0,0,40000,0,0,0,40000,0,40000,40000
055345,國巨凱基98購01  ,0,0,0,0,0,0,0,0,0,40000,0,0,0,68000,28000,40000,40000
055370,旺宏元大97購05  ,0,0,0,0,0,0,0,0,0,40000,0,0,0,50000,10000,40000,40000
055836,華邦電元大97購04,0,0,0,0,0,0,0,0,0,40000,0,0,0,152000,112000,40000,40000
055868,臺股指元大97購07,0,0,0,0,0,0,0,0,0,40000,0,0,0,60000,20000,40000,40000
055943,瑞昱麥證97購01  ,0,0,0,50000,10000,40000,0,0,0,40000,0,0,0,50000,10000,40000,40000
055939,GIS群益97購01   ,0,0,0,0,0,0,0,0,0,40000,0,0,0,40000,0,40000,40000
055741,健策元富97購01  ,0,0,0,0,0,0,0,0,0,40000,0,0,0,157000,117000,40000,40000
056613,旺宏永豐98購01  ,0,0,0,0,0,0,0,0,0,40000,0,0,0,128000,88000,40000,40000
056633,鴻海永昌98購02  ,0,0,0,0,0,0,0,0,0,40000,0,0,0,113000,73000,40000,40000
057262,友達兆豐98購03  ,0,0,0,0,0,0,0,0,0,40000,0,0,0,55000,15000,40000,40000
057279,國揚元大98購01  ,0,0,0,0,0,0,0,0,0,40000,0,0,0,60000,20000,40000,40000
057286,群創元大9B購05  ,0,0,0,0,0,0,0,0,0,40000,0,0,0,50000,10000,40000,40000
04718P,亞德客凱基94售03,0,0,0,0,0,0,0,0,0,40000,0,0,0,40000,0,40000,40000
047885,元金2X富邦99購01,0,0,0,0,0,0,0,0,0,40000,0,0,0,40000,0,40000,40000
051094,健策元大96購03  ,0,0,0,0,0,0,0,0,0,40000,0,0,0,58000,18000,40000,40000
051080,全新富邦96購01  ,0,0,0,0,0,0,0,0,0,40000,0,0,0,40000,0,40000,40000
046384,群創凱基98購02  ,0,0,0,0,0,0,0,0,0,40000,0,0,0,167000,127000,40000,40000
046385,群創凱基98購03  ,0,0,0,0,0,0,0,0,0,40000,0,0,0,50000,10000,40000,40000
047549,聯發科凱基93購12,0,0,0,0,0,0,0,0,0,40000,0,0,0,40000,0,40000,40000
048771,嘉澤凱基94購01  ,0,0,0,0,0,0,0,0,0,40000,0,0,0,48000,8000,40000,40000
04035P,全新群益93售03  ,0,0,0,0,0,0,0,0,0,40000,0,0,0,40000,0,40000,40000
00680L,元大美債20正2   ,35000,0,35000,0,0,0,0,0,0,5000,5000,0,5000,221000,221000,0,40000
046259,和大凱基92購02  ,0,0,0,0,0,0,0,0,0,40000,0,0,0,50000,10000,40000,40000
04605P,台積電兆豐94售03,0,0,0,0,0,0,0,0,0,40000,0,0,0,40000,0,40000,40000
044635,世紀鋼元大92購02,0,0,0,0,0,0,0,0,0,40000,0,0,0,40000,0,40000,40000
047507,台塑國票93購01  ,0,0,0,0,0,0,0,0,0,40000,0,0,0,40000,0,40000,40000
052476,台光電群益98購01,0,0,0,0,0,0,0,0,0,40000,0,0,0,55000,15000,40000,40000
052220,T50反1凱基98購01,0,0,0,0,0,0,0,0,0,40000,0,0,0,60000,20000,40000,40000
052256,台泥國泰96購01  ,0,0,0,0,0,0,0,0,0,40000,0,0,0,40000,0,40000,40000
052370,滬深2X元大95購04,0,0,0,0,0,0,0,0,0,40000,0,0,0,75000,35000,40000,40000
051929,GIS中信96購01   ,0,0,0,0,0,0,0,0,0,40000,0,0,0,50000,10000,40000,40000
051828,微星元大95購03  ,0,0,0,0,0,0,0,0,0,40000,0,0,0,40000,0,40000,40000
051793,臻鼎國票95購02  ,0,0,0,0,0,0,0,0,0,40000,0,0,0,40000,0,40000,40000
049033,大成鋼兆豐94購01,0,0,0,0,0,0,0,0,0,40000,0,0,0,40000,0,40000,40000
050322,世紀鋼國票95購01,0,0,0,0,0,0,0,0,0,40000,0,0,0,40000,0,40000,40000
050283,T50反1凱基9A購01,0,0,0,0,0,0,0,0,0,40000,0,0,0,40000,0,40000,40000
049890,嘉澤國泰95購01  ,0,0,0,0,0,0,0,0,0,40000,0,0,0,40000,0,40000,40000
051673,玉晶光元大96購04,0,0,0,0,0,0,0,0,0,40000,0,0,0,40000,0,40000,40000
051972,廣達凱基95購02  ,0,0,0,0,0,0,0,0,0,40000,0,0,0,40000,0,40000,40000
049614,聯茂中信94購01  ,0,0,0,0,0,0,0,0,0,40000,0,0,0,40000,0,40000,40000
049695,新光金元大9A購01,0,0,0,0,0,0,0,0,0,40000,0,0,0,40000,0,40000,40000
050870,旭富永豐95購01  ,0,0,0,0,0,0,0,0,0,40000,0,0,0,40000,0,40000,40000
054921,文曄凱基97購01  ,0,0,0,0,0,0,0,0,0,40000,0,0,0,40000,0,40000,40000
054262,瀚宇博元大96購03,0,0,0,0,0,0,0,0,0,40000,0,0,0,50000,10000,40000,40000
054474,鴻海中信96購03  ,0,0,0,0,0,0,0,0,0,40000,0,0,0,70000,30000,40000,40000
054446,美食兆豐97購01  ,0,0,0,0,0,0,0,0,0,40000,0,0,0,40000,0,40000,40000
05383P,鴻海富邦95售06  ,0,0,0,0,0,0,0,0,0,40000,0,0,0,40000,0,40000,40000
053589,宏達電元大97購02,0,0,0,0,0,0,0,0,0,40000,0,0,0,52000,12000,40000,40000
05351P,臺股指元富95售05,0,0,0,0,0,0,0,0,0,40000,0,0,0,40000,0,40000,40000
052934,中磊元大96購01  ,0,0,0,0,0,0,0,0,0,40000,0,0,0,167000,127000,40000,40000
052855,群創日盛99購01  ,0,0,0,0,0,0,0,0,0,40000,0,0,0,40000,0,40000,40000
053122,美律凱基98購01  ,0,0,0,0,0,0,0,0,0,40000,0,0,0,45000,5000,40000,40000
053107,旺宏兆豐97購01  ,0,0,0,0,0,0,0,0,0,40000,0,0,0,40000,0,40000,40000
053112,中磊兆豐97購01  ,0,0,0,0,0,0,0,0,0,40000,0,0,0,50000,10000,40000,40000
053215,禾伸堂凱基96購01,0,0,0,0,0,0,0,0,0,40000,0,0,0,76000,36000,40000,40000
053216,京鼎凱基96購02  ,0,0,0,0,0,0,0,0,0,40000,0,0,0,41000,1000,40000,40000
05316P,台積電永昌96售06,0,0,0,0,0,0,0,0,0,40000,0,0,0,40000,0,40000,40000
05313P,臺股指群益95售12,0,0,0,0,0,0,0,0,0,40000,0,0,0,50000,10000,40000,40000
8105,凌巨            ,186000,130000,56000,0,0,0,0,0,0,-16000,0,16000,-16000,0,0,0,40000
2832,台產            ,42000,2000,40000,0,0,0,0,0,0,0,0,0,0,0,0,0,40000
2204,中華            ,255000,214000,41000,0,0,0,3000,0,3000,-4000,0,4000,-4000,0,0,0,40000
06269P,群創凱基98售10  ,0,0,0,0,0,0,0,0,0,40000,0,0,0,126000,86000,40000,40000
057408,台郡群益98購01  ,0,0,0,0,0,0,0,0,0,39000,0,0,0,77000,38000,39000,39000
056658,美食元大98購01  ,0,0,0,0,0,0,0,0,0,39000,0,0,0,109000,70000,39000,39000
057174,南亞科元大98購05,0,0,0,0,0,0,0,0,0,39000,0,0,0,56000,17000,39000,39000
057189,康控元大98購02  ,0,0,0,0,0,0,0,0,0,39000,0,0,0,64000,25000,39000,39000
055927,南亞科群益97購01,0,0,0,0,0,0,0,0,0,39000,0,0,0,65000,26000,39000,39000
04372P,臺股指凱基94售02,0,0,0,0,0,0,0,0,0,39000,0,0,0,69000,30000,39000,39000
048731,創意麥證94購01  ,0,0,0,39000,0,39000,0,0,0,39000,0,0,0,39000,0,39000,39000
050552,禾伸堂凱基94購05,0,0,0,0,0,0,0,0,0,39000,0,0,0,103000,64000,39000,39000
052078,大立光元富95購10,0,0,0,0,0,0,0,0,0,39000,0,0,0,40000,1000,39000,39000
052435,滬深2X富邦96購05,0,0,0,0,0,0,0,0,0,39000,0,0,0,60000,21000,39000,39000
052572,群創凱基99購01  ,0,0,0,0,0,0,0,0,0,39000,0,0,0,126000,87000,39000,39000
053863,聯發科元大96購18,0,0,0,0,0,0,0,0,0,39000,0,0,0,70000,31000,39000,39000
054416,禾伸堂元大97購01,0,0,0,0,0,0,0,0,0,39000,0,0,0,41000,2000,39000,39000
054938,國巨元大97購04  ,0,0,0,0,0,0,0,0,0,39000,0,0,0,338000,299000,39000,39000
054943,群光元大97購01  ,0,0,0,0,0,0,0,0,0,39000,0,0,0,90000,51000,39000,39000
4566,時碩工業        ,48000,9000,39000,0,0,0,0,0,0,-349,0,349,-349,0,0,0,38651
056496,康控國泰99購01  ,0,0,0,0,0,0,0,0,0,38000,0,0,0,74000,36000,38000,38000
056487,康友元大98購01  ,0,0,0,0,0,0,0,0,0,38000,0,0,0,126000,88000,38000,38000
05653P,華邦電統一96售02,0,0,0,0,0,0,0,0,0,38000,0,0,0,78000,40000,38000,38000
051063,台郡群益95購01  ,0,0,0,0,0,0,0,0,0,38000,0,0,0,90000,52000,38000,38000
04465P,大立光元富94售03,0,0,0,0,0,0,0,0,0,38000,0,0,0,40000,2000,38000,38000
04733P,康控兆豐95售01  ,0,0,0,0,0,0,0,0,0,38000,0,0,0,72000,34000,38000,38000
0055,元大MSCI金融    ,0,0,0,0,0,0,0,0,0,38000,0,0,0,38000,0,38000,38000
03635C,滬深2X元富99牛01,0,0,0,0,0,0,0,0,0,38000,0,0,0,203000,165000,38000,38000
045854,貿聯富邦93購01  ,0,0,0,0,0,0,0,0,0,38000,0,0,0,43000,5000,38000,38000
050408,臻鼎台新94購02  ,0,0,0,0,0,0,0,0,0,38000,0,0,0,38000,0,38000,38000
051392,玉山金兆豐95購01,0,0,0,0,0,0,0,0,0,38000,0,0,0,242000,204000,38000,38000
055058,大毅永豐97購01  ,0,0,0,0,0,0,0,0,0,38000,0,0,0,183000,145000,38000,38000
054326,宏達電台新97購02,0,0,0,0,0,0,0,0,0,38000,0,0,0,38000,0,38000,38000
054320,國喬台新96購01  ,0,0,0,0,0,0,0,0,0,38000,0,0,0,38000,0,38000,38000
053866,景碩元大97購02  ,0,0,0,0,0,0,0,0,0,38000,0,0,0,135000,97000,38000,38000
053925,群創國票98購01  ,0,0,0,0,0,0,0,0,0,38000,0,0,0,140000,102000,38000,38000
05299P,旺宏元大95售04  ,0,0,0,0,0,0,0,0,0,38000,0,0,0,40000,2000,38000,38000
052847,漢唐統一99購01  ,0,0,0,0,0,0,0,0,0,38000,0,0,0,58000,20000,38000,38000
056248,康友群益97購04  ,0,0,0,0,0,0,0,0,0,37000,0,0,0,69000,32000,37000,37000
05618P,聯發科元富96售02,0,0,0,0,0,0,0,0,0,37000,0,0,0,44000,7000,37000,37000
056017,台積電群益97購04,0,0,0,0,0,0,0,0,0,37000,0,0,0,636000,599000,37000,37000
055651,富邦金元富97購01,0,0,0,0,0,0,0,0,0,37000,0,0,0,37000,0,37000,37000
055553,聯發科凱基97購05,0,0,0,0,0,0,0,0,0,37000,0,0,0,87000,50000,37000,37000
056650,彩晶凱基9A購01  ,0,0,0,0,0,0,0,0,0,37000,0,0,0,68000,31000,37000,37000
056709,華通永豐98購01  ,0,0,0,0,0,0,0,0,0,37000,0,0,0,49000,12000,37000,37000
056615,燿華永豐98購02  ,0,0,0,0,0,0,0,0,0,37000,0,0,0,57000,20000,37000,37000
05811P,臺股指國票96售04,0,0,0,0,0,0,0,0,0,37000,0,0,0,37000,0,37000,37000
045472,嘉聯益元大93購02,0,0,0,0,0,0,0,0,0,37000,0,0,0,37000,0,37000,37000
04850P,全新永豐94售03  ,0,0,0,0,0,0,0,0,0,37000,0,0,0,37000,0,37000,37000
052084,台泥元大95購01  ,0,0,0,0,0,0,0,0,0,37000,0,0,0,93000,56000,37000,37000
050270,景碩元大94購01  ,0,0,0,0,0,0,0,0,0,37000,0,0,0,121000,84000,37000,37000
05025P,聯發科群益95售02,0,0,0,0,0,0,0,0,0,37000,0,0,0,40000,3000,37000,37000
049009,南亞科麥證94購01,0,0,0,57000,20000,37000,0,0,0,37000,0,0,0,57000,20000,37000,37000
055083,康友中信97購01  ,0,0,0,0,0,0,0,0,0,37000,0,0,0,48000,11000,37000,37000
055291,京鼎元大97購02  ,0,0,0,0,0,0,0,0,0,37000,0,0,0,127000,90000,37000,37000
2486,一詮            ,49000,7000,42000,0,0,0,0,0,0,-5000,0,5000,-5000,0,0,0,37000
06457P,玉晶光統一98售02,0,0,0,0,0,0,0,0,0,37000,0,0,0,151000,114000,37000,37000
056766,義隆元大98購01  ,0,0,0,0,0,0,0,0,0,36000,0,0,0,63000,27000,36000,36000
05532P,臺股指群益96售05,0,0,0,0,0,0,0,0,0,36000,0,0,0,76000,40000,36000,36000
047999,聯發科元大93購22,0,0,0,0,0,0,0,0,0,36000,0,0,0,136000,100000,36000,36000
03890P,聯詠國泰94售02  ,0,0,0,0,0,0,0,0,0,36000,0,0,0,36000,0,36000,36000
048973,禾伸堂元大94購01,0,0,0,0,0,0,0,0,0,36000,0,0,0,51000,15000,36000,36000
051526,超眾凱基95購02  ,0,0,0,0,0,0,0,0,0,36000,0,0,0,105000,69000,36000,36000
05086P,鴻海凱基95售13  ,0,0,0,0,0,0,0,0,0,36000,0,0,0,40000,4000,36000,36000
049569,光磊統一94購02  ,0,0,0,0,0,0,0,0,0,36000,0,0,0,36000,0,36000,36000
049950,南亞科群益94購02,0,0,0,0,0,0,0,0,0,36000,0,0,0,123000,87000,36000,36000
049341,旺宏統一95購01  ,0,0,0,0,0,0,0,0,0,36000,0,0,0,36000,0,36000,36000
055085,大毅國票97購01  ,0,0,0,0,0,0,0,0,0,36000,0,0,0,43000,7000,36000,36000
055168,光罩統一98購01  ,0,0,0,0,0,0,0,0,0,36000,0,0,0,36000,0,36000,36000
054894,GIS統一97購01   ,0,0,0,0,0,0,0,0,0,36000,0,0,0,90000,54000,36000,36000
054053,聯茂元大96購01  ,0,0,0,0,0,0,0,0,0,36000,0,0,0,36000,0,36000,36000
052979,上銀元大96購02  ,0,0,0,0,0,0,0,0,0,36000,0,0,0,227000,191000,36000,36000
053098,國巨元富96購04  ,0,0,0,0,0,0,0,0,0,36000,0,0,0,271000,235000,36000,36000
053243,楠梓電國票97購02,0,0,0,0,0,0,0,0,0,36000,0,0,0,66000,30000,36000,36000
06162P,大立光群益97售02,0,0,0,0,0,0,0,0,0,36000,0,0,0,36000,0,36000,36000
056074,茂林元大97購04  ,0,0,0,0,0,0,0,0,0,35000,0,0,0,412000,377000,35000,35000
056868,奇力新麥證98購01,0,0,0,40000,5000,35000,0,0,0,35000,0,0,0,40000,5000,35000,35000
06046P,健策統一96售03  ,0,0,0,0,0,0,0,0,0,35000,0,0,0,328000,293000,35000,35000
00712,FH富時不動產    ,0,0,0,0,0,0,0,0,0,35000,0,0,0,169000,134000,35000,35000
04103P,臺股指國票93售10,0,0,0,0,0,0,0,0,0,35000,0,0,0,100000,65000,35000,35000
046671,彩晶元大93購03  ,0,0,0,0,0,0,0,0,0,35000,0,0,0,35000,0,35000,35000
047635,華新元大93購01  ,0,0,0,0,0,0,0,0,0,35000,0,0,0,35000,0,35000,35000
047789,景碩群益93購01  ,0,0,0,0,0,0,0,0,0,35000,0,0,0,35000,0,35000,35000
049437,可成國泰96購01  ,0,0,0,0,0,0,0,0,0,35000,0,0,0,45000,10000,35000,35000
051370,聯詠富邦97購01  ,0,0,0,0,0,0,0,0,0,35000,0,0,0,200000,165000,35000,35000
049233,聯發科統一94購04,0,0,0,0,0,0,0,0,0,35000,0,0,0,35000,0,35000,35000
050754,元金2X元富9B購01,0,0,0,0,0,0,0,0,0,35000,0,0,0,35000,0,35000,35000
049516,光罩國票94購02  ,0,0,0,0,0,0,0,0,0,35000,0,0,0,35000,0,35000,35000
049119,元油2X元富94購04,0,0,0,0,0,0,0,0,0,35000,0,0,0,35000,0,35000,35000
051409,美律國票96購01  ,0,0,0,0,0,0,0,0,0,35000,0,0,0,35000,0,35000,35000
052975,嘉聯益群益96購01,0,0,0,0,0,0,0,0,0,35000,0,0,0,35000,0,35000,35000
053003,國巨永豐96購02  ,0,0,0,0,0,0,0,0,0,35000,0,0,0,85000,50000,35000,35000
054380,世芯群益97購02  ,0,0,0,0,0,0,0,0,0,35000,0,0,0,45000,10000,35000,35000
05484P,台積電凱基95售18,0,0,0,0,0,0,0,0,0,35000,0,0,0,35000,0,35000,35000
06171P,台積電統一97售06,0,0,0,0,0,0,0,0,0,35000,0,0,0,35000,0,35000,35000
06259P,臺股指群益97售12,0,0,0,0,0,0,0,0,0,35000,0,0,0,35000,0,35000,35000
06328P,台積電中信01售02,0,0,0,0,0,0,0,0,0,35000,0,0,0,51000,16000,35000,35000
2488,漢平            ,45000,5000,40000,0,0,0,0,0,0,-5000,0,5000,-5000,0,0,0,35000
3645,達邁            ,70000,53000,17000,0,0,0,0,0,0,18000,20000,2000,18000,0,0,0,35000
056199,美律永豐97購01  ,0,0,0,0,0,0,0,0,0,34000,0,0,0,34000,0,34000,34000
056532,技嘉凱基98購01  ,0,0,0,0,0,0,0,0,0,34000,0,0,0,58000,24000,34000,34000
051027,楠梓電元富95購01,0,0,0,0,0,0,0,0,0,34000,0,0,0,34000,0,34000,34000
050280,國巨日盛94購01  ,0,0,0,0,0,0,0,0,0,34000,0,0,0,51000,17000,34000,34000
048939,華擎永豐94購01  ,0,0,0,0,0,0,0,0,0,34000,0,0,0,35000,1000,34000,34000
052385,滬深2X群益99購05,0,0,0,0,0,0,0,0,0,34000,0,0,0,66000,32000,34000,34000
05228P,大立光元富95售09,0,0,0,0,0,0,0,0,0,34000,0,0,0,34000,0,34000,34000
051490,世芯凱基96購01  ,0,0,0,0,0,0,0,0,0,34000,0,0,0,77000,43000,34000,34000
052051,京鼎凱基95購01  ,0,0,0,0,0,0,0,0,0,34000,0,0,0,44000,10000,34000,34000
054927,帆宣凱基97購01  ,0,0,0,0,0,0,0,0,0,34000,0,0,0,397000,363000,34000,34000
054576,健策元大98購03  ,0,0,0,0,0,0,0,0,0,34000,0,0,0,54000,20000,34000,34000
054146,康友元大96購06  ,0,0,0,0,0,0,0,0,0,34000,0,0,0,55000,21000,34000,34000
053650,華邦電凱基98購01,0,0,0,0,0,0,0,0,0,34000,0,0,0,34000,0,34000,34000
053553,聯詠凱基96購03  ,0,0,0,0,0,0,0,0,0,34000,0,0,0,35000,1000,34000,34000
4137,麗豐-KY         ,95000,62000,33000,0,0,0,0,0,0,1000,0,1000,-1000,2000,0,2000,34000
3002,歐格            ,39000,5000,34000,0,0,0,0,0,0,0,0,0,0,0,0,0,34000
056141,聯茂元大97購05  ,0,0,0,0,0,0,0,0,0,33000,0,0,0,34000,1000,33000,33000
055357,欣興凱基97購04  ,0,0,0,0,0,0,0,0,0,33000,0,0,0,35000,2000,33000,33000
055620,樺漢國票98購01  ,0,0,0,0,0,0,0,0,0,33000,0,0,0,33000,0,33000,33000
046771,聯發科國泰94購02,0,0,0,0,0,0,0,0,0,33000,0,0,0,48000,15000,33000,33000
04801P,矽力元大94售02  ,0,0,0,0,0,0,0,0,0,33000,0,0,0,34000,1000,33000,33000
044934,玉晶光元大93購01,0,0,0,0,0,0,0,0,0,33000,0,0,0,139000,106000,33000,33000
04971P,矽力元富94售02  ,0,0,0,0,0,0,0,0,0,33000,0,0,0,39000,6000,33000,33000
049949,燿華群益96購01  ,0,0,0,0,0,0,0,0,0,33000,0,0,0,44000,11000,33000,33000
049352,泰鼎永豐95購01  ,0,0,0,0,0,0,0,0,0,33000,0,0,0,33000,0,33000,33000
052270,力成日盛95購01  ,0,0,0,0,0,0,0,0,0,33000,0,0,0,80000,47000,33000,33000
052321,華擎元大95購01  ,0,0,0,0,0,0,0,0,0,33000,0,0,0,36000,3000,33000,33000
051849,旺宏中信98購01  ,0,0,0,0,0,0,0,0,0,33000,0,0,0,33000,0,33000,33000
05005P,台表科統一95售01,0,0,0,0,0,0,0,0,0,33000,0,0,0,132000,99000,33000,33000
053535,宏達電永豐96購02,0,0,0,0,0,0,0,0,0,33000,0,0,0,55000,22000,33000,33000
053742,創意國票97購01  ,0,0,0,0,0,0,0,0,0,33000,0,0,0,49000,16000,33000,33000
053966,旺宏元大96購08  ,0,0,0,0,0,0,0,0,0,33000,0,0,0,154000,121000,33000,33000
053054,禾伸堂國票97購01,0,0,0,0,0,0,0,0,0,33000,0,0,0,64000,31000,33000,33000
055299,康友元大97購02  ,0,0,0,0,0,0,0,0,0,33000,0,0,0,47000,14000,33000,33000
5907,大洋-KY         ,49000,16000,33000,0,0,0,0,0,0,0,0,0,0,0,0,0,33000
06230P,亞德客永豐97售03,0,0,0,0,0,0,0,0,0,33000,0,0,0,217000,184000,33000,33000
06607P,友達台新98售02  ,0,0,0,0,0,0,0,0,0,33000,0,0,0,65000,32000,33000,33000
3036,文曄            ,1447128,1330000,117128,0,0,0,2000,0,2000,-87000,57000,108000,-51000,5000,41000,-36000,32128
055716,致茂元大97購01  ,0,0,0,0,0,0,0,0,0,32000,0,0,0,57000,25000,32000,32000
056019,燿華群益97購02  ,0,0,0,0,0,0,0,0,0,32000,0,0,0,42000,10000,32000,32000
05790P,臺股指永昌96售07,0,0,0,0,0,0,0,0,0,32000,0,0,0,32000,0,32000,32000
056653,元石油元大98購01,0,0,0,0,0,0,0,0,0,32000,0,0,0,122000,90000,32000,32000
057118,欣興日盛9A購01  ,0,0,0,0,0,0,0,0,0,32000,0,0,0,39000,7000,32000,32000
048453,嘉澤凱基93購05  ,0,0,0,0,0,0,0,0,0,32000,0,0,0,33000,1000,32000,32000
047930,嘉澤凱基93購03  ,0,0,0,0,0,0,0,0,0,32000,0,0,0,36000,4000,32000,32000
051058,景碩群益96購01  ,0,0,0,0,0,0,0,0,0,32000,0,0,0,171000,139000,32000,32000
051352,南亞科元大95購02,0,0,0,0,0,0,0,0,0,32000,0,0,0,108000,76000,32000,32000
051750,華通富邦96購01  ,0,0,0,0,0,0,0,0,0,32000,0,0,0,47000,15000,32000,32000
04903P,全新永豐94售05  ,0,0,0,0,0,0,0,0,0,32000,0,0,0,37000,5000,32000,32000
051840,康友國泰97購02  ,0,0,0,0,0,0,0,0,0,32000,0,0,0,82000,50000,32000,32000
052148,康友群益95購03  ,0,0,0,0,0,0,0,0,0,32000,0,0,0,32000,0,32000,32000
054017,茂林永豐96購02  ,0,0,0,0,0,0,0,0,0,32000,0,0,0,87000,55000,32000,32000
054522,康友元大96購07  ,0,0,0,0,0,0,0,0,0,32000,0,0,0,50000,18000,32000,32000
054430,上銀台新96購02  ,0,0,0,0,0,0,0,0,0,32000,0,0,0,32000,0,32000,32000
053942,超眾國泰96購02  ,0,0,0,0,0,0,0,0,0,32000,0,0,0,42000,10000,32000,32000
4763,材料-KY         ,50000,17000,33000,0,0,0,0,0,0,-1000,0,1000,-1000,0,0,0,32000
4551,智伸科          ,91000,20000,71000,0,0,0,0,45000,-45000,6000,15000,15000,0,11000,5000,6000,32000
2106,建大            ,25000,3000,22000,0,0,0,0,0,0,10000,10000,0,10000,0,0,0,32000
06506P,台郡國票99售02  ,0,0,0,0,0,0,0,0,0,32000,0,0,0,32000,0,32000,32000
06278P,臺股指凱基97售10,0,0,0,0,0,0,0,0,0,32000,0,0,0,32000,0,32000,32000
06155P,智邦統一97售02  ,0,0,0,0,0,0,0,0,0,32000,0,0,0,42000,10000,32000,32000
056678,力成元富98購01  ,0,0,0,0,0,0,0,0,0,31000,0,0,0,159000,128000,31000,31000
056606,華新科富邦9A購02,0,0,0,0,0,0,0,0,0,31000,0,0,0,41000,10000,31000,31000
05797P,臺股指群益96售11,0,0,0,0,0,0,0,0,0,31000,0,0,0,61000,30000,31000,31000
05949P,台積電國票96售09,0,0,0,0,0,0,0,0,0,31000,0,0,0,143000,112000,31000,31000
06034P,世芯凱基96售03  ,0,0,0,0,0,0,0,0,0,31000,0,0,0,137000,106000,31000,31000
056010,力成中信97購01  ,0,0,0,0,0,0,0,0,0,31000,0,0,0,160000,129000,31000,31000
056111,力成永豐97購01  ,0,0,0,0,0,0,0,0,0,31000,0,0,0,229000,198000,31000,31000
055937,康舒群益97購01  ,0,0,0,0,0,0,0,0,0,31000,0,0,0,248000,217000,31000,31000
055456,上銀富邦99購01  ,0,0,0,0,0,0,0,0,0,31000,0,0,0,41000,10000,31000,31000
048061,鴻海統一95購03  ,0,0,0,0,0,0,0,0,0,31000,0,0,0,61000,30000,31000,31000
044507,燿華凱基93購03  ,0,0,0,0,0,0,0,0,0,31000,0,0,0,66000,35000,31000,31000
048667,旺宏永豐94購02  ,0,0,0,0,0,0,0,0,0,31000,0,0,0,112000,81000,31000,31000
00683L,元大美元指數正2 ,0,0,0,0,0,0,0,0,0,31000,0,0,0,71000,40000,31000,31000
052532,台積電國泰96購07,0,0,0,0,0,0,0,0,0,31000,0,0,0,64000,33000,31000,31000
048992,昇陽半元大94購02,0,0,0,0,0,0,0,0,0,31000,0,0,0,38000,7000,31000,31000
051582,聯發科元大97購02,0,0,0,0,0,0,0,0,0,31000,0,0,0,145000,114000,31000,31000
053406,國巨兆豐96購02  ,0,0,0,0,0,0,0,0,0,31000,0,0,0,70000,39000,31000,31000
053168,晶技群益98購01  ,0,0,0,0,0,0,0,0,0,31000,0,0,0,220000,189000,31000,31000
054393,漢唐永豐96購01  ,0,0,0,0,0,0,0,0,0,31000,0,0,0,68000,37000,31000,31000
054550,旺宏凱基98購02  ,0,0,0,0,0,0,0,0,0,31000,0,0,0,36000,5000,31000,31000
054950,奇力新元大98購02,0,0,0,0,0,0,0,0,0,31000,0,0,0,99000,68000,31000,31000
2059,川湖            ,49000,18000,31000,0,0,0,0,0,0,0,0,3000,-3000,4000,1000,3000,31000
1737,臺鹽            ,33000,2000,31000,0,0,0,0,0,0,0,0,0,0,0,0,0,31000
4906,正文            ,202000,158000,44000,0,0,0,0,0,0,-13000,0,29000,-29000,21000,5000,16000,31000
3038,全台            ,64000,29000,35000,0,0,0,0,0,0,-4000,0,4000,-4000,0,0,0,31000
055376,群創元大01購01  ,0,0,0,0,0,0,0,0,0,30000,0,0,0,389000,359000,30000,30000
055323,貿聯國票98購01  ,0,0,0,0,0,0,0,0,0,30000,0,0,0,36000,6000,30000,30000
055928,南亞科群益97購02,0,0,0,0,0,0,0,0,0,30000,0,0,0,60000,30000,30000,30000
055785,祥碩凱基97購02  ,0,0,0,0,0,0,0,0,0,30000,0,0,0,50000,20000,30000,30000
055810,T50反1國票99購01,0,0,0,0,0,0,0,0,0,30000,0,0,0,30000,0,30000,30000
055708,茂林永豐97購02  ,0,0,0,0,0,0,0,0,0,30000,0,0,0,70000,40000,30000,30000
056256,聯茂元富97購03  ,0,0,0,0,0,0,0,0,0,30000,0,0,0,30000,0,30000,30000
056008,全新中信9B購01  ,0,0,0,0,0,0,0,0,0,30000,0,0,0,110000,80000,30000,30000
056451,可成凱基99購01  ,0,0,0,0,0,0,0,0,0,30000,0,0,0,96000,66000,30000,30000
06065P,大立光台新97售01,0,0,0,0,0,0,0,0,0,30000,0,0,0,30000,0,30000,30000
05813P,臺股指國票96售06,0,0,0,0,0,0,0,0,0,30000,0,0,0,30000,0,30000,30000
057416,T50反1凱基9C購01,0,0,0,0,0,0,0,0,0,30000,0,0,0,50000,20000,30000,30000
057354,聯鈞統一99購03  ,0,0,0,0,0,0,0,0,0,30000,0,0,0,105000,75000,30000,30000
056591,S&P正2元富9A購01,0,0,0,0,0,0,0,0,0,30000,0,0,0,30000,0,30000,30000
05715P,創意元富96售05  ,0,0,0,0,0,0,0,0,0,30000,0,0,0,30000,0,30000,30000
03543P,台泥中信02售01  ,0,0,0,0,0,0,0,0,0,30000,0,0,0,30000,0,30000,30000
03368P,臺股指元大02售11,0,0,0,0,0,0,0,0,0,30000,0,0,0,30000,0,30000,30000
04591P,上銀元大94售01  ,0,0,0,0,0,0,0,0,0,30000,0,0,0,30000,0,30000,30000
042801,達邁元大93購01  ,0,0,0,0,0,0,0,0,0,30000,0,0,0,30000,0,30000,30000
048687,旺宏群益96購01  ,0,0,0,0,0,0,0,0,0,30000,0,0,0,50000,20000,30000,30000
044284,聯電凱基92購01  ,0,0,0,0,0,0,0,0,0,30000,0,0,0,30000,0,30000,30000
04512P,臺股指元大94售07,0,0,0,0,0,0,0,0,0,30000,0,0,0,30000,0,30000,30000
044711,台郡元大93購01  ,0,0,0,0,0,0,0,0,0,30000,0,0,0,40000,10000,30000,30000
044900,建準凱基93購01  ,0,0,0,0,0,0,0,0,0,30000,0,0,0,30000,0,30000,30000
044846,旺宏統一93購01  ,0,0,0,0,0,0,0,0,0,30000,0,0,0,30000,0,30000,30000
047628,新光金國票95購02,0,0,0,0,0,0,0,0,0,30000,0,0,0,30000,0,30000,30000
047785,嘉聯益第一93購01,0,0,0,0,0,0,0,0,0,30000,0,0,0,30000,0,30000,30000
046431,中環第一92購01  ,0,0,0,0,0,0,0,0,0,30000,0,0,0,30000,0,30000,30000
046591,康舒元大92購01  ,0,0,0,0,0,0,0,0,0,30000,0,0,0,30000,0,30000,30000
046389,百和凱基93購04  ,0,0,0,0,0,0,0,0,0,30000,0,0,0,30000,0,30000,30000
04821P,臺股指永豐94售01,0,0,0,0,0,0,0,0,0,30000,0,0,0,40000,10000,30000,30000
048844,訊芯凱基94購02  ,0,0,0,0,0,0,0,0,0,30000,0,0,0,30000,0,30000,30000
048167,旺宏永豐93購04  ,0,0,0,0,0,0,0,0,0,30000,0,0,0,35000,5000,30000,30000
048315,聯發科凱基93購32,0,0,0,0,0,0,0,0,0,30000,0,0,0,30000,0,30000,30000
048397,TPK國票94購02   ,0,0,0,0,0,0,0,0,0,30000,0,0,0,30000,0,30000,30000
051202,智邦麥證95購01  ,0,0,0,30000,0,30000,0,0,0,30000,0,0,0,30000,0,30000,30000
051007,台光電麥證95購01,0,0,0,40000,10000,30000,0,0,0,30000,0,0,0,40000,10000,30000,30000
04794P,友達元大96售03  ,0,0,0,0,0,0,0,0,0,30000,0,0,0,30000,0,30000,30000
047991,元油反元大96購05,0,0,0,0,0,0,0,0,0,30000,0,0,0,30000,0,30000,30000
047924,可成凱基93購10  ,0,0,0,0,0,0,0,0,0,30000,0,0,0,30000,0,30000,30000
046980,智邦兆豐94購01  ,0,0,0,0,0,0,0,0,0,30000,0,0,0,50000,20000,30000,30000
046970,聯詠群益93購01  ,0,0,0,0,0,0,0,0,0,30000,0,0,0,30000,0,30000,30000
047187,亞光元大94購01  ,0,0,0,0,0,0,0,0,0,30000,0,0,0,113000,83000,30000,30000
047126,拓凱中信93購01  ,0,0,0,0,0,0,0,0,0,30000,0,0,0,30000,0,30000,30000
047135,可成凱基93購05  ,0,0,0,0,0,0,0,0,0,30000,0,0,0,40000,10000,30000,30000
049228,台塑富邦94購01  ,0,0,0,0,0,0,0,0,0,30000,0,0,0,50000,20000,30000,30000
049599,樺漢元大95購01  ,0,0,0,0,0,0,0,0,0,30000,0,0,0,30000,0,30000,30000
049364,燿華元大94購02  ,0,0,0,0,0,0,0,0,0,30000,0,0,0,30000,0,30000,30000
049384,致伸元大94購02  ,0,0,0,0,0,0,0,0,0,30000,0,0,0,30000,0,30000,30000
049296,義隆群益96購01  ,0,0,0,0,0,0,0,0,0,30000,0,0,0,30000,0,30000,30000
049852,康控群益94購03  ,0,0,0,0,0,0,0,0,0,30000,0,0,0,30000,0,30000,30000
049685,T50反1元大94購01,0,130000,-130000,0,0,0,0,0,0,160000,0,0,0,180000,20000,160000,30000
049624,嘉澤群益94購01  ,0,0,0,0,0,0,0,0,0,30000,0,0,0,30000,0,30000,30000
051149,可成凱基95購04  ,0,0,0,0,0,0,0,0,0,30000,0,0,0,52000,22000,30000,30000
051118,台塑群益95購01  ,0,0,0,0,0,0,0,0,0,30000,0,0,0,50000,20000,30000,30000
051989,華固元大95購02  ,0,0,0,0,0,0,0,0,0,30000,0,0,0,30000,0,30000,30000
050014,國巨富邦98購01  ,0,0,0,0,0,0,0,0,0,30000,0,0,0,30000,0,30000,30000
050282,T50反1凱基97購01,0,0,0,0,0,0,0,0,0,30000,0,0,0,155000,125000,30000,30000
051669,建準元大95購01  ,0,0,0,0,0,0,0,0,0,30000,0,0,0,30000,0,30000,30000
052427,上証2X永豐96購01,0,0,0,0,0,0,0,0,0,30000,0,0,0,30000,0,30000,30000
052273,新光金群益95購02,0,0,0,0,0,0,0,0,0,30000,0,0,0,30000,0,30000,30000
05191P,鴻海台新95售01  ,0,0,0,0,0,0,0,0,0,30000,0,0,0,30000,0,30000,30000
050097,可成國泰96購02  ,0,0,0,0,0,0,0,0,0,30000,0,0,0,40000,10000,30000,30000
054787,華新科群益97購04,0,0,0,0,0,0,0,0,0,30000,0,0,0,30000,0,30000,30000
054734,燿華凱基97購03  ,0,0,0,0,0,0,0,0,0,30000,0,0,0,40000,10000,30000,30000
055284,全新元大99購01  ,0,0,0,0,0,0,0,0,0,30000,0,0,0,30000,0,30000,30000
055210,S&P正2凱基97購01,0,0,0,0,0,0,0,0,0,30000,0,0,0,30000,0,30000,30000
055218,彩晶凱基99購01  ,0,0,0,0,0,0,0,0,0,30000,0,0,0,30000,0,30000,30000
055227,聯發科國票98購02,0,0,0,0,0,0,0,0,0,30000,0,0,0,30000,0,30000,30000
054338,全新統一96購01  ,0,0,0,0,0,0,0,0,0,30000,0,0,0,50000,20000,30000,30000
054366,和大中信98購01  ,0,0,0,0,0,0,0,0,0,30000,0,0,0,30000,0,30000,30000
054445,技嘉兆豐96購01  ,0,0,0,0,0,0,0,0,0,30000,0,0,0,34000,4000,30000,30000
054134,強茂元大96購01  ,0,0,0,0,0,0,0,0,0,30000,0,0,0,30000,0,30000,30000
054116,順德康和96購01  ,0,0,0,0,0,0,0,0,0,30000,0,0,0,30000,0,30000,30000
054255,亞光元大96購05  ,0,0,0,0,0,0,0,0,0,30000,0,0,0,67000,37000,30000,30000
054177,牧德台新97購01  ,0,0,0,0,0,0,0,0,0,30000,0,0,0,30000,0,30000,30000
053094,聯電統一97購02  ,0,0,0,0,0,0,0,0,0,30000,0,0,0,50000,20000,30000,30000
053114,聯茂兆豐97購01  ,0,0,0,0,0,0,0,0,0,30000,0,0,0,30000,0,30000,30000
053004,燿華永豐96購01  ,0,0,0,0,0,0,0,0,0,30000,0,0,0,40000,10000,30000,30000
05285P,同欣電群益95售02,0,0,0,0,0,0,0,0,0,30000,0,0,0,100000,70000,30000,30000
052915,創意元富96購01  ,0,0,0,0,0,0,0,0,0,30000,0,0,0,30000,0,30000,30000
05259P,臺股指凱基96售12,0,0,0,0,0,0,0,0,0,30000,0,0,0,193000,163000,30000,30000
052633,國巨凱基96購05  ,0,0,0,0,0,0,0,0,0,30000,0,0,0,86000,56000,30000,30000
053639,禾伸堂永豐96購01,0,0,0,0,0,0,0,0,0,30000,0,0,0,30000,0,30000,30000
06217P,鴻海元富97售05  ,0,0,0,0,0,0,0,0,0,30000,0,0,0,65000,35000,30000,30000
06473P,鴻海元大99售03  ,0,0,0,0,0,0,0,0,0,30000,0,0,0,30000,0,30000,30000
06416P,大立光群益97售06,0,0,0,0,0,0,0,0,0,30000,0,0,0,30000,0,30000,30000
06610P,台積電凱基9A售03,0,0,0,0,0,0,0,0,0,30000,0,0,0,40000,10000,30000,30000
05798P,臺股指群益96售12,0,0,0,0,0,0,0,0,0,29000,0,0,0,61000,32000,29000,29000
05785P,臺股指元大96售19,0,0,0,0,0,0,0,0,0,29000,0,0,0,34000,5000,29000,29000
056442,瑞昱凱基98購02  ,0,0,0,0,0,0,0,0,0,29000,0,0,0,84000,55000,29000,29000
055430,宏達電群益97購01,0,0,0,0,0,0,0,0,0,29000,0,0,0,43000,14000,29000,29000
055531,華新科群益98購03,0,0,0,0,0,0,0,0,0,29000,0,0,0,86000,57000,29000,29000
051196,喬山麥證95購01  ,350000,0,350000,29000,350000,-321000,0,0,0,-321000,0,0,0,29000,350000,-321000,29000
048828,禾伸堂凱基94購02,0,0,0,0,0,0,0,0,0,29000,0,0,0,59000,30000,29000,29000
04746P,臺股指元大94售17,0,0,0,0,0,0,0,0,0,29000,0,0,0,29000,0,29000,29000
051889,智邦元富95購02  ,0,0,0,0,0,0,0,0,0,29000,0,0,0,102000,73000,29000,29000
050240,聯發科凱基94購13,0,0,0,0,0,0,0,0,0,29000,0,0,0,30000,1000,29000,29000
049074,光罩凱基94購02  ,0,0,0,0,0,0,0,0,0,29000,0,0,0,91000,62000,29000,29000
051289,大立光統一96購01,0,0,0,0,0,0,0,0,0,29000,0,0,0,40000,11000,29000,29000
053672,嘉澤元富96購02  ,0,0,0,0,0,0,0,0,0,29000,0,0,0,64000,35000,29000,29000
052970,美律群益96購01  ,0,0,0,0,0,0,0,0,0,29000,0,0,0,73000,44000,29000,29000
05311P,臺股指群益95售10,0,0,0,0,0,0,0,0,0,29000,0,0,0,34000,5000,29000,29000
053284,樺漢元大97購01  ,0,0,0,0,0,0,0,0,0,29000,0,0,0,55000,26000,29000,29000
054232,台積電群益96購12,0,0,0,0,0,0,0,0,0,29000,0,0,0,108000,79000,29000,29000
054428,禾伸堂富邦98購01,0,0,0,0,0,0,0,0,0,29000,0,0,0,54000,25000,29000,29000
05530P,臺股指群益96售03,0,0,0,0,0,0,0,0,0,29000,0,0,0,40000,11000,29000,29000
055108,智邦凱基98購01  ,0,0,0,0,0,0,0,0,0,29000,0,0,0,40000,11000,29000,29000
054754,昇陽半凱基98購02,0,0,0,0,0,0,0,0,0,29000,0,0,0,37000,8000,29000,29000
06211P,鴻海元大98售04  ,0,0,0,0,0,0,0,0,0,29000,0,0,0,32000,3000,29000,29000
2836,高雄銀          ,34000,5000,29000,0,0,0,0,0,0,0,0,0,0,0,0,0,29000
6168,宏齊            ,58000,28000,30000,0,0,0,0,0,0,-1000,0,1000,-1000,0,0,0,29000
05909P,康友元富96售02  ,0,0,0,0,0,0,0,0,0,28000,0,0,0,28000,0,28000,28000
06018P,康控凱基96售03  ,0,0,0,0,0,0,0,0,0,28000,0,0,0,36000,8000,28000,28000
05711P,茂林國票97售03  ,0,0,0,0,0,0,0,0,0,28000,0,0,0,48000,20000,28000,28000
04340P,易華電元大94售02,0,0,0,0,0,0,0,0,0,28000,0,0,0,28000,0,28000,28000
04114P,電子類富邦93售02,0,0,0,0,0,0,0,0,0,28000,0,0,0,28000,0,28000,28000
051506,台積電元富95購06,0,0,0,0,0,0,0,0,0,28000,0,0,0,939000,911000,28000,28000
054797,臻鼎群益97購01  ,0,0,0,0,0,0,0,0,0,28000,0,0,0,154000,126000,28000,28000
054881,光罩統一97購01  ,25000,0,25000,0,0,0,0,0,0,3000,0,0,0,28000,25000,3000,28000
055172,凱美統一97購02  ,0,0,0,0,0,0,0,0,0,28000,0,0,0,81000,53000,28000,28000
05461P,台積電亞東97售01,0,0,0,0,0,0,0,0,0,28000,0,0,0,28000,0,28000,28000
054051,貿聯元大97購03  ,0,0,0,0,0,0,0,0,0,28000,0,0,0,73000,45000,28000,28000
053687,智邦元大96購02  ,0,0,0,0,0,0,0,0,0,28000,0,0,0,156000,128000,28000,28000
053424,欣興永豐96購02  ,0,0,0,0,0,0,0,0,0,28000,0,0,0,48000,20000,28000,28000
2912,統一超          ,288000,298000,-10000,0,0,0,39000,0,39000,-1000,0,2000,-2000,1000,0,1000,28000
2331,精英            ,77000,31000,46000,0,0,0,0,0,0,-18000,2000,20000,-18000,0,0,0,28000
06022P,緯穎永豐96售03  ,0,0,0,0,0,0,0,0,0,27000,0,0,0,27000,0,27000,27000
055546,台積電凱基97購12,0,0,0,0,0,0,0,0,0,27000,0,0,0,88000,61000,27000,27000
056191,世紀鋼統一97購01,0,0,0,0,0,0,0,0,0,27000,0,0,0,113000,86000,27000,27000
00710B,FH彭博高收益債  ,1000,0,1000,0,0,0,0,0,0,26000,0,0,0,271000,245000,26000,27000
04600P,可成凱基94售07  ,0,0,0,0,0,0,0,0,0,27000,0,0,0,34000,7000,27000,27000
043396,世紀鋼元大93購01,0,0,0,0,0,0,0,0,0,27000,0,0,0,31000,4000,27000,27000
047469,華通中信93購01  ,0,0,0,0,0,0,0,0,0,27000,0,0,0,27000,0,27000,27000
048279,聯鈞永豐93購01  ,0,0,0,0,0,0,0,0,0,27000,0,0,0,27000,0,27000,27000
047702,鴻海凱基94購13  ,0,0,0,0,0,0,0,0,0,27000,0,0,0,27000,0,27000,27000
051345,鴻海元大95購09  ,0,0,0,0,0,0,0,0,0,27000,0,0,0,152000,125000,27000,27000
047219,美律麥證94購01  ,0,0,0,113000,40000,73000,0,0,0,27000,0,0,0,113000,86000,27000,27000
047289,啟碁統一97購01  ,0,0,0,0,0,0,0,0,0,27000,0,0,0,27000,0,27000,27000
051156,鴻海富邦97購01  ,0,0,0,0,0,0,0,0,0,27000,0,0,0,27000,0,27000,27000
049618,美律群益94購03  ,0,0,0,0,0,0,0,0,0,27000,0,0,0,53000,26000,27000,27000
051791,智伸科國票96購01,0,0,0,0,0,0,0,0,0,27000,0,0,0,37000,10000,27000,27000
05243P,鴻海元大95售19  ,0,0,0,0,0,0,0,0,0,27000,0,0,0,235000,208000,27000,27000
054234,可成群益96購05  ,0,0,0,0,0,0,0,0,0,27000,0,0,0,127000,100000,27000,27000
055153,台光電元大98購02,0,0,0,0,0,0,0,0,0,27000,0,0,0,81000,54000,27000,27000
055244,國巨統一98購01  ,0,0,0,0,0,0,0,0,0,27000,0,0,0,93000,66000,27000,27000
3029,零壹            ,190000,161000,29000,0,0,0,0,0,0,-2000,0,2000,-2000,0,0,0,27000
5258,虹堡            ,35000,8000,27000,0,0,0,0,0,0,0,0,0,0,0,0,0,27000
06422P,勤誠統一98售01  ,0,0,0,0,0,0,0,0,0,27000,0,0,0,113000,86000,27000,27000
9908,大台北          ,28000,1000,27000,0,0,0,0,0,0,0,0,0,0,0,0,0,27000
05617P,大立光統一97售02,0,0,0,0,0,0,0,0,0,26000,0,0,0,29000,3000,26000,26000
055500,京鼎元大97購04  ,0,0,0,0,0,0,0,0,0,26000,0,0,0,51000,25000,26000,26000
055445,旺宏統一99購01  ,0,0,0,0,0,0,0,0,0,26000,0,0,0,56000,30000,26000,26000
055820,矽力國票98購02  ,0,0,0,0,0,0,0,0,0,26000,0,0,0,42000,16000,26000,26000
05899P,臺股指凱基96售30,0,0,0,0,0,0,0,0,0,26000,0,0,0,27000,1000,26000,26000
05805P,義隆永豐96售02  ,0,0,0,0,0,0,0,0,0,26000,0,0,0,263000,237000,26000,26000
05859P,台表科國票97售04,0,0,0,0,0,0,0,0,0,26000,0,0,0,26000,0,26000,26000
05744P,台表科元大96售04,0,0,0,0,0,0,0,0,0,26000,0,0,0,51000,25000,26000,26000
057172,南亞科元大98購03,0,0,0,0,0,0,0,0,0,26000,0,0,0,103000,77000,26000,26000
05687P,臺股指元大96售12,0,0,0,0,0,0,0,0,0,26000,0,0,0,30000,4000,26000,26000
051042,中磊永豐95購01  ,0,0,0,0,0,0,0,0,0,26000,0,0,0,94000,68000,26000,26000
048742,瀚宇博統一94購01,0,0,0,0,0,0,0,0,0,26000,0,0,0,26000,0,26000,26000
043757,欣興元大93購01  ,0,0,0,0,0,0,0,0,0,26000,0,0,0,27000,1000,26000,26000
04470P,為升元大94售01  ,0,0,0,0,0,0,0,0,0,26000,0,0,0,26000,0,26000,26000
052367,聯茂國票96購02  ,0,0,0,0,0,0,0,0,0,26000,0,0,0,61000,35000,26000,26000
04998P,京元電永豐95售01,0,0,0,0,0,0,0,0,0,26000,0,0,0,46000,20000,26000,26000
051684,瑞昱凱基95購02  ,0,0,0,0,0,0,0,0,0,26000,0,0,0,74000,48000,26000,26000
051120,南亞科群益95購01,0,0,0,0,0,0,0,0,0,26000,0,0,0,109000,83000,26000,26000
051115,華通麥證96購01  ,0,0,0,26000,0,26000,0,0,0,26000,0,0,0,26000,0,26000,26000
049718,南亞科凱基94購04,0,0,0,0,0,0,0,0,0,26000,0,0,0,36000,10000,26000,26000
05062P,大立光富邦98售03,0,0,0,0,0,0,0,0,0,26000,0,0,0,81000,55000,26000,26000
04990P,臻鼎元大94售04  ,0,0,0,0,0,0,0,0,0,26000,0,0,0,51000,25000,26000,26000
05517P,臻鼎元大96售01  ,0,0,0,0,0,0,0,0,0,26000,0,0,0,51000,25000,26000,26000
054590,嘉聯益國泰98購01,0,0,0,0,0,0,0,0,0,26000,0,0,0,89000,63000,26000,26000
053450,同欣電凱基96購02,0,0,0,0,0,0,0,0,0,26000,0,0,0,36000,10000,26000,26000
053499,禾伸堂兆豐96購01,0,0,0,0,0,0,0,0,0,26000,0,0,0,26000,0,26000,26000
053861,台光電元大98購01,0,0,0,0,0,0,0,0,0,26000,0,0,0,43000,17000,26000,26000
053836,亞光永豐96購02  ,0,0,0,0,0,0,0,0,0,26000,0,0,0,56000,30000,26000,26000
052936,華通兆豐98購01  ,0,0,0,0,0,0,0,0,0,26000,0,0,0,65000,39000,26000,26000
06150P,奇力新元大97售06,0,0,0,0,0,0,0,0,0,26000,0,0,0,229000,203000,26000,26000
06486P,麗豐元大98售02  ,0,0,0,0,0,0,0,0,0,26000,0,0,0,26000,0,26000,26000
5706,鳳凰            ,26000,0,26000,0,0,0,0,0,0,0,0,0,0,0,0,0,26000
3617,碩天            ,29000,4000,25000,0,0,0,0,0,0,1000,1000,0,1000,0,0,0,26000
2429,銘旺科          ,35000,9000,26000,0,0,0,0,0,0,0,0,0,0,0,0,0,26000
056744,麗豐凱基9A購01  ,0,0,0,0,0,0,0,0,0,25000,0,0,0,55000,30000,25000,25000
056569,T50正2元大9B購02,0,0,0,0,0,0,0,0,0,25000,0,0,0,41000,16000,25000,25000
057374,禾伸堂元大99購03,0,0,0,0,0,0,0,0,0,25000,0,0,0,96000,71000,25000,25000
05775P,台積電國泰98售02,0,0,0,0,0,0,0,0,0,25000,0,0,0,25000,0,25000,25000
055807,勤誠永豐97購01  ,0,0,0,0,0,0,0,0,0,25000,0,0,0,25000,0,25000,25000
055758,旺宏群益97購01  ,0,0,0,0,0,0,0,0,0,25000,0,0,0,172000,147000,25000,25000
055334,禾伸堂兆豐97購01,0,0,0,0,0,0,0,0,0,25000,0,0,0,25000,0,25000,25000
056126,台郡國票98購02  ,0,0,0,0,0,0,0,0,0,25000,0,0,0,25000,0,25000,25000
056414,國巨中信98購02  ,0,0,0,0,0,0,0,0,0,25000,0,0,0,43000,18000,25000,25000
056557,世紀鋼凱基98購02,0,0,0,0,0,0,0,0,0,25000,0,0,0,38000,13000,25000,25000
044614,聯茂兆豐92購02  ,0,0,0,0,0,0,0,0,0,25000,0,0,0,25000,0,25000,25000
044563,亞德客凱基92購01,0,0,0,0,0,0,0,0,0,25000,0,0,0,49000,24000,25000,25000
044784,華邦電中信96購01,0,0,0,0,0,0,0,0,0,25000,0,0,0,25000,0,25000,25000
04536P,長榮航統一94售01,0,0,0,0,0,0,0,0,0,25000,0,0,0,25000,0,25000,25000
04624P,台積電元大94售14,0,0,0,0,0,0,0,0,0,25000,0,0,0,25000,0,25000,25000
046064,中工凱基94購01  ,0,0,0,0,0,0,0,0,0,25000,0,0,0,25000,0,25000,25000
03398P,瑞昱中信06售03  ,0,0,0,0,0,0,0,0,0,25000,0,0,0,25000,0,25000,25000
048204,訊芯元大93購06  ,0,0,0,0,0,0,0,0,0,25000,0,0,0,25000,0,25000,25000
048438,台表科麥證94購01,0,0,0,25000,0,25000,0,0,0,25000,0,0,0,25000,0,25000,25000
046336,致新元大92購02  ,0,0,0,0,0,0,0,0,0,25000,0,0,0,25000,0,25000,25000
046479,群創元富94購01  ,0,0,0,0,0,0,0,0,0,25000,0,0,0,25000,0,25000,25000
047572,深中小群益95購01,0,0,0,0,0,0,0,0,0,25000,0,0,0,25000,0,25000,25000
050991,元油2X元大96購04,0,0,0,0,0,0,0,0,0,25000,0,0,0,560000,535000,25000,25000
051078,力山富邦97購01  ,0,0,0,0,0,0,0,0,0,25000,0,0,0,25000,0,25000,25000
047912,台郡麥證94購01  ,0,0,0,33000,8000,25000,0,0,0,25000,0,0,0,33000,8000,25000,25000
05149P,緯穎國泰96售01  ,0,0,0,0,0,0,0,0,0,25000,0,0,0,25000,0,25000,25000
052038,國巨永昌96購01  ,0,0,0,0,0,0,0,0,0,25000,0,0,0,25000,0,25000,25000
051533,健鼎國票96購02  ,0,0,0,0,0,0,0,0,0,25000,0,0,0,25000,0,25000,25000
05115P,T50反1群益95售02,0,0,0,0,0,0,0,0,0,25000,0,0,0,25000,0,25000,25000
05047P,強茂永豐95售02  ,0,0,0,0,0,0,0,0,0,25000,0,0,0,25000,0,25000,25000
050842,旺宏國票97購01  ,0,0,0,0,0,0,0,0,0,25000,0,0,0,35000,10000,25000,25000
050024,旺宏元大94購09  ,0,0,0,0,0,0,0,0,0,25000,0,0,0,33000,8000,25000,25000
049130,臺指反元大98購01,0,0,0,0,0,0,0,0,0,25000,0,0,0,25000,0,25000,25000
052661,奇力新國票97購03,0,0,0,0,0,0,0,0,0,25000,0,0,0,56000,31000,25000,25000
054605,鴻海永豐97購01  ,0,0,0,0,0,0,0,0,0,25000,0,0,0,55000,30000,25000,25000
054508,臺股指永豐96購04,0,0,0,0,0,0,0,0,0,25000,0,0,0,25000,0,25000,25000
054360,智邦凱基96購03  ,0,0,0,0,0,0,0,0,0,25000,0,0,0,61000,36000,25000,25000
054357,可成兆豐97購02  ,0,0,0,0,0,0,0,0,0,25000,0,0,0,28000,3000,25000,25000
054021,義隆台新96購01  ,0,0,0,0,0,0,0,0,0,25000,0,0,0,25000,0,25000,25000
055270,上銀元大97購03  ,0,0,0,0,0,0,0,0,0,25000,0,0,0,90000,65000,25000,25000
055233,康友國票98購01  ,0,0,0,0,0,0,0,0,0,25000,0,0,0,30000,5000,25000,25000
4564,元翎            ,66000,41000,25000,0,0,0,0,0,0,0,0,0,0,0,0,0,25000
4919,新唐            ,80000,40000,40000,0,0,0,1000,0,1000,-16000,0,18000,-18000,3000,1000,2000,25000
06499P,臺股指元大9A售04,0,0,0,0,0,0,0,0,0,25000,0,0,0,55000,30000,25000,25000
8462,柏文            ,29000,4000,25000,0,0,0,0,0,0,0,0,0,0,0,0,0,25000
056272,嘉澤統一99購01  ,0,0,0,0,0,0,0,0,0,24000,0,0,0,127000,103000,24000,24000
056175,可成元富97購03  ,0,0,0,0,0,0,0,0,0,24000,0,0,0,65000,41000,24000,24000
056056,旺宏元大97購06  ,0,0,0,0,0,0,0,0,0,24000,0,0,0,306000,282000,24000,24000
055461,TPK永豐97購01   ,0,0,0,0,0,0,0,0,0,24000,0,0,0,64000,40000,24000,24000
055711,上銀元大97購04  ,0,0,0,0,0,0,0,0,0,24000,0,0,0,30000,6000,24000,24000
055715,智邦元大97購04  ,0,0,0,0,0,0,0,0,0,24000,0,0,0,41000,17000,24000,24000
057226,上銀凱基98購06  ,0,0,0,0,0,0,0,0,0,24000,0,0,0,90000,66000,24000,24000
057480,技嘉元大98購03  ,0,0,0,0,0,0,0,0,0,24000,0,0,0,61000,37000,24000,24000
047965,景碩中信93購01  ,0,0,0,0,0,0,0,0,0,24000,0,0,0,24000,0,24000,24000
046345,世紀鋼國票93購01,0,0,0,0,0,0,0,0,0,24000,0,0,0,24000,0,24000,24000
045517,元油2X元富98購01,0,0,0,0,0,0,0,0,0,24000,0,0,0,40000,16000,24000,24000
045763,南亞科統一93購01,0,0,0,0,0,0,0,0,0,24000,0,0,0,24000,0,24000,24000
042909,順德元大94購01  ,0,0,0,0,0,0,0,0,0,24000,0,0,0,24000,0,24000,24000
047393,景碩元大93購02  ,0,0,0,0,0,0,0,0,0,24000,0,0,0,24000,0,24000,24000
052105,南亞科兆豐95購01,0,0,0,0,0,0,0,0,0,24000,0,0,0,54000,30000,24000,24000
049717,微星凱基94購01  ,0,0,0,0,0,0,0,0,0,24000,0,0,0,30000,6000,24000,24000
051424,緯穎國票97購01  ,0,0,0,0,0,0,0,0,0,24000,0,0,0,45000,21000,24000,24000
054980,國巨元富97購01  ,0,0,0,0,0,0,0,0,0,24000,0,0,0,829000,805000,24000,24000
054183,亞光康和96購01  ,0,0,0,0,0,0,0,0,0,24000,0,0,0,24000,0,24000,24000
053108,南亞科兆豐96購01,0,0,0,0,0,0,0,0,0,24000,0,0,0,49000,25000,24000,24000
053984,康友元大96購05  ,0,0,0,0,0,0,0,0,0,24000,0,0,0,56000,32000,24000,24000
053708,道瓊反凱基98購01,0,0,0,0,0,0,0,0,0,24000,0,0,0,30000,6000,24000,24000
1460,宏遠            ,43000,18000,25000,0,0,0,0,0,0,-1000,0,1000,-1000,0,0,0,24000
1731,美吾華          ,42000,15000,27000,0,0,0,0,0,0,-3000,0,3000,-3000,0,0,0,24000
057265,聯詠兆豐98購01  ,0,0,0,0,0,0,0,0,0,23000,0,0,0,125000,102000,23000,23000
05934P,國巨凱基96售13  ,0,0,0,0,0,0,0,0,0,23000,0,0,0,94000,71000,23000,23000
05951P,台積電國票97售05,0,0,0,0,0,0,0,0,0,23000,0,0,0,40000,17000,23000,23000
06120P,大立光凱基98售05,0,0,0,0,0,0,0,0,0,23000,0,0,0,73000,50000,23000,23000
056969,智易永豐98購01  ,0,0,0,0,0,0,0,0,0,23000,0,0,0,68000,45000,23000,23000
056011,矽力中信99購01  ,0,0,0,0,0,0,0,0,0,23000,0,0,0,332000,309000,23000,23000
05612P,台積電元大96售13,0,0,0,0,0,0,0,0,0,23000,0,0,0,23000,0,23000,23000
056237,智邦群益97購02  ,0,0,0,0,0,0,0,0,0,23000,0,0,0,44000,21000,23000,23000
05648P,康控國票97售01  ,0,0,0,0,0,0,0,0,0,23000,0,0,0,42000,19000,23000,23000
044997,信邦國泰93購01  ,0,0,0,0,0,0,0,0,0,23000,0,0,0,23000,0,23000,23000
044463,全新兆豐93購01  ,0,0,0,0,0,0,0,0,0,23000,0,0,0,23000,0,23000,23000
03416B,臺股指凱基95熊05,0,0,0,0,0,0,0,0,0,23000,0,0,0,28000,5000,23000,23000
042280,元石油富邦96購01,0,0,0,0,0,0,0,0,0,23000,0,0,0,24000,1000,23000,23000
04835P,鴻海元大94售18  ,0,0,0,0,0,0,0,0,0,23000,0,0,0,30000,7000,23000,23000
047929,景碩凱基93購03  ,0,0,0,0,0,0,0,0,0,23000,0,0,0,133000,110000,23000,23000
047177,上銀元大93購05  ,0,0,0,0,0,0,0,0,0,23000,0,0,0,95000,72000,23000,23000
047235,嘉澤凱基93購01  ,0,0,0,0,0,0,0,0,0,23000,0,0,0,44000,21000,23000,23000
049585,旺宏元大95購02  ,0,0,0,0,0,0,0,0,0,23000,0,0,0,68000,45000,23000,23000
050768,聯發科元大94購16,0,0,0,0,0,0,0,0,0,23000,0,0,0,78000,55000,23000,23000
052119,漢唐國票96購01  ,0,0,0,0,0,0,0,0,0,23000,0,0,0,23000,0,23000,23000
050083,旺宏元富94購01  ,0,0,0,0,0,0,0,0,0,23000,0,0,0,23000,0,23000,23000
052355,為升永豐95購02  ,0,0,0,0,0,0,0,0,0,23000,0,0,0,45000,22000,23000,23000
048998,玉晶光國票95購03,0,0,0,0,0,0,0,0,0,23000,0,0,0,61000,38000,23000,23000
050467,力成中信94購01  ,0,0,0,0,0,0,0,0,0,23000,0,0,0,151000,128000,23000,23000
050306,聯發科中信97購01,0,0,0,0,0,0,0,0,0,23000,0,0,0,63000,40000,23000,23000
053813,友達群益9A購03  ,0,0,0,0,0,0,0,0,0,23000,0,0,0,90000,67000,23000,23000
052983,國巨元大96購07  ,0,0,0,0,0,0,0,0,0,23000,0,0,0,391000,368000,23000,23000
053014,旺宏統一97購02  ,0,0,0,0,0,0,0,0,0,23000,0,0,0,25000,2000,23000,23000
054396,日電貿永豐96購02,0,0,0,0,0,0,0,0,0,23000,0,0,0,23000,0,23000,23000
054589,聯鈞國泰99購01  ,0,0,0,0,0,0,0,0,0,23000,0,0,0,76000,53000,23000,23000
054775,復盛國票98購01  ,0,0,0,0,0,0,0,0,0,23000,0,0,0,58000,35000,23000,23000
2441,超豐            ,166000,143000,23000,0,0,0,1000,0,1000,-1000,0,1000,-1000,0,0,0,23000
06246P,茂林元富97售03  ,0,0,0,0,0,0,0,0,0,23000,0,0,0,89000,66000,23000,23000
056495,泰鼎國泰99購01  ,0,0,0,0,0,0,0,0,0,22000,0,0,0,102000,80000,22000,22000
056287,亞光永豐97購02  ,0,0,0,0,0,0,0,0,0,22000,0,0,0,59000,37000,22000,22000
056018,旺宏群益97購02  ,0,0,0,0,0,0,0,0,0,22000,0,0,0,33000,11000,22000,22000
055675,亞德客凱基97購02,0,0,0,0,0,0,0,0,0,22000,0,0,0,148000,126000,22000,22000
055804,祥碩永豐97購02  ,0,0,0,0,0,0,0,0,0,22000,0,0,0,22000,0,22000,22000
055365,華通元大97購03  ,0,0,0,0,0,0,0,0,0,22000,0,0,0,61000,39000,22000,22000
056899,可成元大98購01  ,0,0,0,0,0,0,0,0,0,22000,0,0,0,22000,0,22000,22000
056976,喬山群益98購01  ,111000,0,111000,0,0,0,0,0,0,-89000,0,0,0,297000,386000,-89000,22000
057179,可成元大98購04  ,0,0,0,0,0,0,0,0,0,22000,0,0,0,53000,31000,22000,22000
057123,上銀凱基98購05  ,0,0,0,0,0,0,0,0,0,22000,0,0,0,22000,0,22000,22000
05954P,旺宏國票97售03  ,0,0,0,0,0,0,0,0,0,22000,0,0,0,24000,2000,22000,22000
057335,技嘉國票99購01  ,0,0,0,0,0,0,0,0,0,22000,0,0,0,22000,0,22000,22000
057378,康友元大98購02  ,0,0,0,0,0,0,0,0,0,22000,0,0,0,65000,43000,22000,22000
048348,矽力元大93購03  ,0,0,0,0,0,0,0,0,0,22000,0,0,0,22000,0,22000,22000
046383,群創凱基98購01  ,0,0,0,0,0,0,0,0,0,22000,0,0,0,68000,46000,22000,22000
042903,金寶元大94購01  ,0,0,0,0,0,0,0,0,0,22000,0,0,0,72000,50000,22000,22000
04325P,創意元大93售06  ,0,0,0,0,0,0,0,0,0,22000,0,0,0,22000,0,22000,22000
048581,南亞科富邦93購02,0,0,0,0,0,0,0,0,0,22000,0,0,0,22000,0,22000,22000
050157,臻鼎群益94購02  ,0,0,0,0,0,0,0,0,0,22000,0,0,0,22000,0,22000,22000
05248P,矽創群益96售01  ,0,0,0,0,0,0,0,0,0,22000,0,0,0,49000,27000,22000,22000
051812,臻鼎凱基95購03  ,0,0,0,0,0,0,0,0,0,22000,0,0,0,22000,0,22000,22000
051891,智邦元富95購04  ,0,0,0,0,0,0,0,0,0,22000,0,0,0,22000,0,22000,22000
050855,華通台新95購01  ,0,0,0,0,0,0,0,0,0,22000,0,0,0,22000,0,22000,22000
054594,國巨麥證97購01  ,0,0,0,105000,83000,22000,0,0,0,22000,0,0,0,105000,83000,22000,22000
054694,聯鈞永豐97購01  ,0,0,0,0,0,0,0,0,0,22000,0,0,0,52000,30000,22000,22000
054235,欣興群益96購06  ,0,0,0,0,0,0,0,0,0,22000,0,0,0,25000,3000,22000,22000
054028,臻鼎凱基96購03  ,0,0,0,0,0,0,0,0,0,22000,0,0,0,29000,7000,22000,22000
052891,台泥群益96購01  ,0,0,0,0,0,0,0,0,0,22000,0,0,0,22000,0,22000,22000
053898,康友群益97購01  ,0,0,0,0,0,0,0,0,0,22000,0,0,0,52000,30000,22000,22000
053510,聯電群益97購01  ,0,0,0,0,0,0,0,0,0,22000,0,0,0,33000,11000,22000,22000
06435P,臺股指群益98售02,0,0,0,0,0,0,0,0,0,22000,0,0,0,22000,0,22000,22000
06387P,緯穎永豐97售02  ,0,0,0,0,0,0,0,0,0,22000,0,0,0,22000,0,22000,22000
8341,日友            ,51000,29000,22000,0,0,0,0,0,0,0,0,0,0,0,0,0,22000
057229,友達凱基9B購02  ,0,0,0,0,0,0,0,0,0,21000,0,0,0,21000,0,21000,21000
057144,南電兆豐98購01  ,0,0,0,0,0,0,0,0,0,21000,0,0,0,111000,90000,21000,21000
056906,玉晶光元大9B購01,0,0,0,0,0,0,0,0,0,21000,0,0,0,25000,4000,21000,21000
056560,旺宏群益98購03  ,0,0,0,0,0,0,0,0,0,21000,0,0,0,33000,12000,21000,21000
056761,元油2X元大98購07,0,0,0,0,0,0,0,0,0,21000,0,0,0,147000,126000,21000,21000
055418,華通永豐97購01  ,0,0,0,0,0,0,0,0,0,21000,0,0,0,21000,0,21000,21000
055509,訊芯元大97購03  ,0,0,0,0,0,0,0,0,0,21000,0,0,0,36000,15000,21000,21000
044853,亞光國泰93購01  ,0,0,0,0,0,0,0,0,0,21000,0,0,0,37000,16000,21000,21000
048303,A50凱基96購01   ,0,0,0,0,0,0,0,0,0,21000,0,0,0,22000,1000,21000,21000
048533,景碩國票94購01  ,0,0,0,0,0,0,0,0,0,21000,0,0,0,21000,0,21000,21000
051031,康友元富95購02  ,0,0,0,0,0,0,0,0,0,21000,0,0,0,22000,1000,21000,21000
049246,大成鋼元大94購02,0,0,0,0,0,0,0,0,0,21000,0,0,0,85000,64000,21000,21000
049529,華新科中信95購01,0,0,0,0,0,0,0,0,0,21000,0,0,0,296000,275000,21000,21000
050681,南亞科元富94購01,0,0,0,0,0,0,0,0,0,21000,0,0,0,41000,20000,21000,21000
052244,廣達康和95購01  ,0,0,0,0,0,0,0,0,0,21000,0,0,0,219000,198000,21000,21000
050457,力成元大94購01  ,0,0,0,0,0,0,0,0,0,21000,0,0,0,21000,0,21000,21000
053982,臻鼎元大96購05  ,0,0,0,0,0,0,0,0,0,21000,0,0,0,100000,79000,21000,21000
052685,技嘉元大96購01  ,0,0,0,0,0,0,0,0,0,21000,0,0,0,21000,0,21000,21000
053162,緯穎元大97購01  ,0,0,0,0,0,0,0,0,0,21000,0,0,0,108000,87000,21000,21000
053164,台光電群益96購02,0,0,0,0,0,0,0,0,0,21000,0,0,0,121000,100000,21000,21000
054230,上銀群益96購03  ,0,0,0,0,0,0,0,0,0,21000,0,0,0,405000,384000,21000,21000
6477,安集            ,29000,7000,22000,0,0,0,0,0,0,-1000,0,1000,-1000,0,0,0,21000
06551P,貿聯元大98售05  ,0,0,0,0,0,0,0,0,0,21000,0,0,0,50000,29000,21000,21000
06591P,大立光元大98售14,0,0,0,0,0,0,0,0,0,21000,0,0,0,38000,17000,21000,21000
1808,潤隆            ,44000,23000,21000,0,0,0,0,0,0,0,0,0,0,0,0,0,21000
5234,達興材料        ,57000,36000,21000,0,0,0,0,0,0,0,0,0,0,0,0,0,21000
055359,超眾凱基97購01  ,0,0,0,0,0,0,0,0,0,20000,0,0,0,30000,10000,20000,20000
055320,建準國票98購01  ,0,0,0,0,0,0,0,0,0,20000,0,0,0,20000,0,20000,20000
055843,美律元大97購02  ,0,0,0,0,0,0,0,0,0,20000,0,0,0,20000,0,20000,20000
056230,可成凱基98購03  ,0,0,0,0,0,0,0,0,0,20000,0,0,0,43000,23000,20000,20000
056110,嘉聯益永豐97購02,0,0,0,0,0,0,0,0,0,20000,0,0,0,30000,10000,20000,20000
056133,可成元大97購05  ,0,0,0,0,0,0,0,0,0,20000,0,0,0,144000,124000,20000,20000
056152,可成凱基97購02  ,0,0,0,0,0,0,0,0,0,20000,0,0,0,20000,0,20000,20000
056352,鴻海元大99購01  ,0,0,0,0,0,0,0,0,0,20000,0,0,0,26000,6000,20000,20000
056838,旺宏元富98購01  ,0,0,0,0,0,0,0,0,0,20000,0,0,0,20000,0,20000,20000
056629,昇陽半永豐98購01,0,0,0,0,0,0,0,0,0,20000,0,0,0,30000,10000,20000,20000
05695P,台積電凱基96售10,0,0,0,0,0,0,0,0,0,20000,0,0,0,20000,0,20000,20000
057192,力成元大98購01  ,0,0,0,0,0,0,0,0,0,20000,0,0,0,20000,0,20000,20000
057121,立積康和98購01  ,0,0,0,0,0,0,0,0,0,20000,0,0,0,20000,0,20000,20000
057314,全新麥證98購01  ,0,0,0,40000,20000,20000,0,0,0,20000,0,0,0,40000,20000,20000,20000
057427,華通兆豐99購01  ,0,0,0,0,0,0,0,0,0,20000,0,0,0,20000,0,20000,20000
05765P,臺股指永豐96售01,0,0,0,0,0,0,0,0,0,20000,0,0,0,20000,0,20000,20000
050977,聯發科統一95購02,0,0,0,0,0,0,0,0,0,20000,0,0,0,30000,10000,20000,20000
050967,嘉聯益永豐95購01,0,0,0,0,0,0,0,0,0,20000,0,0,0,20000,0,20000,20000
047189,聯詠元大93購05  ,0,0,0,0,0,0,0,0,0,20000,0,0,0,20000,0,20000,20000
047288,台郡統一93購01  ,0,0,0,0,0,0,0,0,0,20000,0,0,0,40000,20000,20000,20000
046933,台泥元富93購01  ,0,0,0,0,0,0,0,0,0,20000,0,0,0,20000,0,20000,20000
047926,可成凱基94購02  ,0,0,0,0,0,0,0,0,0,20000,0,0,0,20000,0,20000,20000
046795,瀚宇博元富93購01,0,0,0,0,0,0,0,0,0,20000,0,0,0,20000,0,20000,20000
047102,潤泰全富邦95購01,0,0,0,0,0,0,0,0,0,20000,0,0,0,20000,0,20000,20000
046836,聯茂群益93購01  ,0,0,0,0,0,0,0,0,0,20000,0,0,0,20000,0,20000,20000
046856,健鼎元大93購01  ,0,0,0,0,0,0,0,0,0,20000,0,0,0,20000,0,20000,20000
046852,燿華元大93購02  ,0,0,0,0,0,0,0,0,0,20000,0,0,0,20000,0,20000,20000
046854,可成元大93購04  ,0,0,0,0,0,0,0,0,0,20000,0,0,0,20000,0,20000,20000
048480,FB上証中信94購01,0,0,0,0,0,0,0,0,0,20000,0,0,0,80000,60000,20000,20000
046623,臻鼎凱基93購02  ,0,0,0,0,0,0,0,0,0,20000,0,0,0,50000,30000,20000,20000
048181,A50正2群益95購01,0,0,0,0,0,0,0,0,0,20000,0,0,0,20000,0,20000,20000
04832P,為升元大94售09  ,0,0,0,0,0,0,0,0,0,20000,0,0,0,20000,0,20000,20000
046292,聯發科統一92購02,0,0,0,0,0,0,0,0,0,20000,0,0,0,20000,0,20000,20000
046387,臻鼎凱基92購04  ,0,0,0,0,0,0,0,0,0,20000,0,0,0,20000,0,20000,20000
046595,奇鋐第一93購01  ,0,0,0,0,0,0,0,0,0,20000,0,0,0,20000,0,20000,20000
046408,宏達電元大92購06,0,0,0,0,0,0,0,0,0,20000,0,0,0,20000,0,20000,20000
047675,群創元富96購03  ,0,0,0,0,0,0,0,0,0,20000,0,0,0,20000,0,20000,20000
048060,台達電統一93購01,0,0,0,0,0,0,0,0,0,20000,0,0,0,20000,0,20000,20000
046699,臻鼎凱基93購03  ,0,0,0,0,0,0,0,0,0,20000,0,0,0,50000,30000,20000,20000
044510,台光電凱基93購04,0,0,0,0,0,0,0,0,0,20000,0,0,0,20000,0,20000,20000
044532,康控富邦93購01  ,0,0,0,0,0,0,0,0,0,20000,0,0,0,20000,0,20000,20000
044536,深中小群益92購01,0,0,0,0,0,0,0,0,0,20000,0,0,0,20000,0,20000,20000
04462P,全新元富96售01  ,0,0,0,0,0,0,0,0,0,20000,0,0,0,20000,0,20000,20000
044710,中磊元大93購01  ,0,0,0,0,0,0,0,0,0,20000,0,0,0,20000,0,20000,20000
043391,康控元大94購01  ,0,0,0,0,0,0,0,0,0,20000,0,0,0,20000,0,20000,20000
04380P,欣興元大94售02  ,0,0,0,0,0,0,0,0,0,20000,0,0,0,20000,0,20000,20000
04366P,全新元富95售01  ,0,0,0,0,0,0,0,0,0,20000,0,0,0,20000,0,20000,20000
048534,貿聯國票94購01  ,0,0,0,0,0,0,0,0,0,20000,0,0,0,20000,0,20000,20000
047447,台郡元大94購02  ,0,0,0,0,0,0,0,0,0,20000,0,0,0,20000,0,20000,20000
048658,鴻海統一93購09  ,0,0,0,0,0,0,0,0,0,20000,0,0,0,20000,0,20000,20000
047330,康舒元大93購01  ,0,0,0,0,0,0,0,0,0,20000,0,0,0,20000,0,20000,20000
045814,可成麥證93購01  ,0,0,0,20000,0,20000,0,0,0,20000,0,0,0,20000,0,20000,20000
045503,群創凱基93購09  ,0,0,0,0,0,0,0,0,0,20000,0,0,0,20000,0,20000,20000
045504,群創凱基94購01  ,0,0,0,0,0,0,0,0,0,20000,0,0,0,20000,0,20000,20000
04550P,超眾元大94售01  ,0,0,0,0,0,0,0,0,0,20000,0,0,0,20000,0,20000,20000
03372P,台積電元大02售25,0,0,0,0,0,0,0,0,0,20000,0,0,0,20000,0,20000,20000
03375P,玉晶光元大02售07,0,0,0,0,0,0,0,0,0,20000,0,0,0,20000,0,20000,20000
03304P,欣興元富02售02  ,0,0,0,0,0,0,0,0,0,20000,0,0,0,20000,0,20000,20000
03604P,群創凱基98售05  ,0,0,0,0,0,0,0,0,0,20000,0,0,0,20000,0,20000,20000
041978,貿聯中信93購01  ,0,0,0,0,0,0,0,0,0,20000,0,0,0,20000,0,20000,20000
050491,旺宏國泰96購01  ,0,0,0,0,0,0,0,0,0,20000,0,0,0,33000,13000,20000,20000
050319,康控國票95購04  ,0,0,0,0,0,0,0,0,0,20000,0,0,0,50000,30000,20000,20000
050296,亞光凱基94購03  ,0,0,0,0,0,0,0,0,0,20000,0,0,0,50000,30000,20000,20000
051719,鴻海永豐95購04  ,0,0,0,0,0,0,0,0,0,20000,0,0,0,20000,0,20000,20000
050238,瑞昱凱基94購05  ,0,0,0,0,0,0,0,0,0,20000,0,0,0,23000,3000,20000,20000
050251,樺漢凱基94購02  ,0,0,0,0,0,0,0,0,0,20000,0,0,0,50000,30000,20000,20000
05161P,華新科國票96售01,0,0,0,0,0,0,0,0,0,20000,0,0,0,20000,0,20000,20000
049115,創意統一94購03  ,0,0,0,0,0,0,0,0,0,20000,0,0,0,20000,0,20000,20000
048974,日電貿元大94購01,0,0,0,0,0,0,0,0,0,20000,0,0,0,68000,48000,20000,20000
048965,佳世達元大94購01,0,0,0,0,0,0,0,0,0,20000,0,0,0,20000,0,20000,20000
049066,元石油凱基97購01,0,0,0,0,0,0,0,0,0,20000,0,0,0,20000,0,20000,20000
052226,旺宏凱基95購06  ,0,0,0,0,0,0,0,0,0,20000,0,0,0,40000,20000,20000,20000
052421,元油反國票9B購01,0,0,0,0,0,0,0,0,0,20000,0,0,0,20000,0,20000,20000
05240P,玉晶光永豐96售01,0,0,0,0,0,0,0,0,0,20000,0,0,0,20000,0,20000,20000
052413,上証反中信97購01,0,0,0,0,0,0,0,0,0,20000,0,0,0,20000,0,20000,20000
052561,矽創國票97購01  ,0,0,0,0,0,0,0,0,0,20000,0,0,0,20000,0,20000,20000
052581,訊芯元富98購01  ,0,0,0,0,0,0,0,0,0,20000,0,0,0,50000,30000,20000,20000
052166,元油反元大95購01,0,0,0,0,0,0,0,0,0,20000,0,0,0,20000,0,20000,20000
052156,滬深2X永豐95購03,0,0,0,0,0,0,0,0,0,20000,0,0,0,20000,0,20000,20000
052217,台光電日盛95購01,0,0,0,0,0,0,0,0,0,20000,0,0,0,20000,0,20000,20000
050128,旺宏凱基94購04  ,0,0,0,0,0,0,0,0,0,20000,0,0,0,25000,5000,20000,20000
050063,聯發科凱基94購09,0,0,0,0,0,0,0,0,0,20000,0,0,0,20000,0,20000,20000
050076,百和凱基94購02  ,0,0,0,0,0,0,0,0,0,20000,0,0,0,20000,0,20000,20000
050694,國巨凱基96購03  ,0,0,0,0,0,0,0,0,0,20000,0,0,0,20000,0,20000,20000
049860,亞德客兆豐94購01,0,0,0,0,0,0,0,0,0,20000,0,0,0,20000,0,20000,20000
049845,台積電麥證94購01,0,0,0,30000,10000,20000,0,0,0,20000,0,0,0,30000,10000,20000,20000
048861,牧德群益94購01  ,0,0,0,0,0,0,0,0,0,20000,0,0,0,20000,0,20000,20000
050726,可成國票96購01  ,0,0,0,0,0,0,0,0,0,20000,0,0,0,20000,0,20000,20000
049448,光磊統一94購01  ,0,0,0,0,0,0,0,0,0,20000,0,0,0,20000,0,20000,20000
049948,聯發科麥證94購01,0,0,0,30000,10000,20000,0,0,0,20000,0,0,0,30000,10000,20000,20000
051590,玉晶光元大96購02,0,0,0,0,0,0,0,0,0,20000,0,0,0,38000,18000,20000,20000
051603,深中小群益99購03,0,0,0,0,0,0,0,0,0,20000,0,0,0,418000,398000,20000,20000
050849,智伸科國票95購01,0,0,0,0,0,0,0,0,0,20000,0,0,0,20000,0,20000,20000
049725,台郡國票94購03  ,0,0,0,0,0,0,0,0,0,20000,0,0,0,170000,150000,20000,20000
050913,全新中信97購01  ,0,0,0,0,0,0,0,0,0,20000,0,0,0,20000,0,20000,20000
051159,力山元大96購01  ,0,0,0,0,0,0,0,0,0,20000,0,0,0,20000,0,20000,20000
051175,國巨凱基95購04  ,0,0,0,0,0,0,0,0,0,20000,0,0,0,55000,35000,20000,20000
05152P,玉晶光群益96售05,0,0,0,0,0,0,0,0,0,20000,0,0,0,20000,0,20000,20000
051512,超眾麥證95購01  ,0,0,0,30000,10000,20000,0,0,0,20000,0,0,0,30000,10000,20000,20000
051552,牧德永豐95購03  ,0,0,0,0,0,0,0,0,0,20000,0,0,0,20000,0,20000,20000
052077,可成元富98購02  ,0,0,0,0,0,0,0,0,0,20000,0,0,0,20000,0,20000,20000
050600,瑞儀國泰95購01  ,0,0,0,0,0,0,0,0,0,20000,0,0,0,20000,0,20000,20000
049757,聯茂永豐94購01  ,0,0,0,0,0,0,0,0,0,20000,0,0,0,20000,0,20000,20000
051990,泰碩元大95購01  ,0,0,0,0,0,0,0,0,0,20000,0,0,0,20000,0,20000,20000
051422,超眾國票96購01  ,0,0,0,0,0,0,0,0,0,20000,0,0,0,20000,0,20000,20000
051980,樺漢凱基96購01  ,0,0,0,0,0,0,0,0,0,20000,0,0,0,20000,0,20000,20000
054006,智易統一97購01  ,0,0,0,0,0,0,0,0,0,20000,0,0,0,20000,0,20000,20000
054365,遠東新中信96購01,0,0,0,0,0,0,0,0,0,20000,0,0,0,20000,0,20000,20000
054757,南亞國票98購01  ,0,0,0,0,0,0,0,0,0,20000,0,0,0,20000,0,20000,20000
054905,國揚康和97購01  ,0,0,0,0,0,0,0,0,0,20000,0,0,0,20000,0,20000,20000
055237,晶豪科台新97購01,0,0,0,0,0,0,0,0,0,20000,0,0,0,20000,0,20000,20000
05522P,友達元富96售02  ,0,0,0,0,0,0,0,0,0,20000,0,0,0,20000,0,20000,20000
053161,康友元大96購04  ,0,0,0,0,0,0,0,0,0,20000,0,0,0,20000,0,20000,20000
053134,南亞科國票97購01,0,0,0,0,0,0,0,0,0,20000,0,0,0,22000,2000,20000,20000
053138,華邦電富邦96購01,0,0,0,0,0,0,0,0,0,20000,0,0,0,56000,36000,20000,20000
053205,台光電麥證96購01,0,0,0,40000,20000,20000,0,0,0,20000,0,0,0,40000,20000,20000,20000
053027,玉晶光富邦98購01,0,0,0,0,0,0,0,0,0,20000,0,0,0,20000,0,20000,20000
053068,智伸科群益96購01,0,0,0,0,0,0,0,0,0,20000,0,0,0,20000,0,20000,20000
052698,深中小國票99購01,0,0,0,0,0,0,0,0,0,20000,0,0,0,20000,0,20000,20000
052737,滬深2X元大96購06,0,0,0,0,0,0,0,0,0,20000,0,0,0,20000,0,20000,20000
05273P,國巨群益95售02  ,0,0,0,0,0,0,0,0,0,20000,0,0,0,20000,0,20000,20000
052947,晶技國票97購01  ,0,0,0,0,0,0,0,0,0,20000,0,0,0,40000,20000,20000,20000
052836,旺宏國泰98購01  ,0,0,0,0,0,0,0,0,0,20000,0,0,0,20000,0,20000,20000
052804,淘帝元大96購01  ,0,0,0,0,0,0,0,0,0,20000,0,0,0,40000,20000,20000,20000
05386P,臺股指永豐95售05,0,0,0,0,0,0,0,0,0,20000,0,0,0,20000,0,20000,20000
053710,華通凱基96購05  ,0,0,0,0,0,0,0,0,0,20000,0,0,0,20000,0,20000,20000
053712,台光電凱基96購04,0,0,0,0,0,0,0,0,0,20000,0,0,0,20000,0,20000,20000
053693,欣興元大96購05  ,0,0,0,0,0,0,0,0,0,20000,0,0,0,21000,1000,20000,20000
053662,矽力凱基97購01  ,0,0,0,0,0,0,0,0,0,20000,0,0,0,40000,20000,20000,20000
053295,奇力新中信96購01,0,0,0,0,0,0,0,0,0,20000,0,0,0,49000,29000,20000,20000
5305,敦南            ,50000,17000,33000,0,0,0,0,0,0,-13000,0,13000,-13000,0,0,0,20000
3702A,大聯大甲特      ,0,0,0,0,0,0,0,0,0,20000,20000,0,20000,0,0,0,20000
4104,佳醫            ,20000,0,20000,0,0,0,0,0,0,0,0,0,0,0,0,0,20000
3015,全漢            ,24000,4000,20000,0,0,0,0,0,0,0,0,0,0,0,0,0,20000
06577P,聯發科日盛9A售02,0,0,0,0,0,0,0,0,0,20000,0,0,0,29000,9000,20000,20000
1439,中和            ,23000,3000,20000,0,0,0,0,0,0,0,0,0,0,0,0,0,20000
1436,華友聯          ,22000,2000,20000,0,0,0,0,0,0,0,0,0,0,0,0,0,20000
1231,聯華食          ,20000,0,20000,0,0,0,0,0,0,0,0,0,0,0,0,0,20000
06436P,台光電國票98售04,0,0,0,0,0,0,0,0,0,20000,0,0,0,29000,9000,20000,20000
06421P,嘉澤統一97售02  ,0,0,0,0,0,0,0,0,0,20000,0,0,0,176000,156000,20000,20000
06383P,聯茂元富97售01  ,0,0,0,0,0,0,0,0,0,20000,0,0,0,20000,0,20000,20000
06158P,玉晶光元富97售08,0,0,0,0,0,0,0,0,0,20000,0,0,0,31000,11000,20000,20000
05755P,臺股指中信99售04,0,0,0,0,0,0,0,0,0,19000,0,0,0,19000,0,19000,19000
06112P,台積電兆豐97售01,0,0,0,0,0,0,0,0,0,19000,0,0,0,29000,10000,19000,19000
055821,勤誠國票98購01  ,0,0,0,0,0,0,0,0,0,19000,0,0,0,327000,308000,19000,19000
05591P,義隆群益96售03  ,0,0,0,0,0,0,0,0,0,19000,0,0,0,49000,30000,19000,19000
055414,奇力新富邦9B購01,0,0,0,0,0,0,0,0,0,19000,0,0,0,20000,1000,19000,19000
055594,華新科元大98購02,0,0,0,0,0,0,0,0,0,19000,0,0,0,50000,31000,19000,19000
03438P,群創群益98售03  ,0,0,0,0,0,0,0,0,0,19000,0,0,0,19000,0,19000,19000
049744,亞德客永豐94購01,0,0,0,0,0,0,0,0,0,19000,0,0,0,313000,294000,19000,19000
049477,泰鼎永豐94購01  ,0,0,0,0,0,0,0,0,0,19000,0,0,0,19000,0,19000,19000
052191,超眾群益96購01  ,0,0,0,0,0,0,0,0,0,19000,0,0,0,19000,0,19000,19000
052114,華固中信95購01  ,0,0,0,0,0,0,0,0,0,19000,0,0,0,20000,1000,19000,19000
053489,上銀兆豐97購01  ,0,0,0,0,0,0,0,0,0,19000,0,0,0,24000,5000,19000,19000
053594,京鼎元大96購02  ,0,0,0,0,0,0,0,0,0,19000,0,0,0,30000,11000,19000,19000
05288P,寶成元富95售02  ,0,0,0,0,0,0,0,0,0,19000,0,0,0,50000,31000,19000,19000
054825,康友元大97購01  ,0,0,0,0,0,0,0,0,0,19000,0,0,0,50000,31000,19000,19000
054434,友達台新96購03  ,0,0,0,0,0,0,0,0,0,19000,0,0,0,19000,0,19000,19000
054071,泰鼎國泰97購02  ,0,0,0,0,0,0,0,0,0,19000,0,0,0,45000,26000,19000,19000
06547P,大立光元大98售09,0,0,0,0,0,0,0,0,0,19000,0,0,0,23000,4000,19000,19000
2617,台航            ,57000,41000,16000,0,0,0,0,0,0,3000,3000,0,3000,0,0,0,19000
2395,研華            ,300500,286000,14500,0,0,0,7000,0,7000,-3000,1000,4000,-3000,0,0,0,18500
05556P,全新國票96售04  ,0,0,0,0,0,0,0,0,0,18000,0,0,0,78000,60000,18000,18000
056405,聯茂群益98購01  ,0,0,0,0,0,0,0,0,0,18000,0,0,0,49000,31000,18000,18000
056525,T50反1凱基99購06,0,0,0,0,0,0,0,0,0,18000,0,0,0,18000,0,18000,18000
056484,聯茂元大98購02  ,0,0,0,0,0,0,0,0,0,18000,0,0,0,18000,0,18000,18000
056139,貿聯元大97購04  ,0,0,0,0,0,0,0,0,0,18000,0,0,0,28000,10000,18000,18000
05923P,旺宏元富96售05  ,0,0,0,0,0,0,0,0,0,18000,0,0,0,40000,22000,18000,18000
03189P,玉晶光元大03售05,0,0,0,0,0,0,0,0,0,18000,0,0,0,18000,0,18000,18000
00674R,元大S&P黃金反1  ,0,0,0,0,0,0,0,0,0,18000,0,0,0,23000,5000,18000,18000
04669P,臺股指國票94售08,0,0,0,0,0,0,0,0,0,18000,0,0,0,43000,25000,18000,18000
048769,聯鈞凱基94購01  ,0,0,0,0,0,0,0,0,0,18000,0,0,0,44000,26000,18000,18000
04879P,康控永豐94售02  ,0,0,0,0,0,0,0,0,0,18000,0,0,0,18000,0,18000,18000
048168,致茂永豐93購02  ,0,0,0,0,0,0,0,0,0,18000,0,0,0,18000,0,18000,18000
047866,得力永豐93購01  ,0,0,0,0,0,0,0,0,0,18000,0,0,0,18000,0,18000,18000
052294,創意國票96購03  ,0,0,0,0,0,0,0,0,0,18000,0,0,0,28000,10000,18000,18000
050158,上海銀群益96購01,0,0,0,0,0,0,0,0,0,18000,0,0,0,19000,1000,18000,18000
05014P,臺股指元大95售05,0,0,0,0,0,0,0,0,0,18000,0,0,0,20000,2000,18000,18000
050189,旭富元大94購01  ,0,0,0,0,0,0,0,0,0,18000,0,0,0,31000,13000,18000,18000
050411,聯發科永豐94購05,0,0,0,0,0,0,0,0,0,18000,0,0,0,68000,50000,18000,18000
050685,緯穎元富94購02  ,0,0,0,0,0,0,0,0,0,18000,0,0,0,154000,136000,18000,18000
049595,麗豐元大95購01  ,0,0,0,0,0,0,0,0,0,18000,0,0,0,275000,257000,18000,18000
052060,旺宏國票96購02  ,0,0,0,0,0,0,0,0,0,18000,0,0,0,23000,5000,18000,18000
054817,聯發科元大97購13,0,0,0,0,0,0,0,0,0,18000,0,0,0,68000,50000,18000,18000
054845,智邦兆豐98購01  ,0,0,0,0,0,0,0,0,0,18000,0,0,0,89000,71000,18000,18000
054886,大毅統一97購01  ,0,0,0,0,0,0,0,0,0,18000,0,0,0,34000,16000,18000,18000
054883,億光統一97購01  ,0,0,0,0,0,0,0,0,0,18000,0,0,0,18000,0,18000,18000
055132,台虹康和97購01  ,0,0,0,0,0,0,0,0,0,18000,0,0,0,106000,88000,18000,18000
052887,華通中信96購01  ,0,0,0,0,0,0,0,0,0,18000,0,0,0,18000,0,18000,18000
052616,鴻海國泰98購02  ,0,0,0,0,0,0,0,0,0,18000,0,0,0,18000,0,18000,18000
053538,京鼎永豐96購03  ,0,0,0,0,0,0,0,0,0,18000,0,0,0,18000,0,18000,18000
2431,聯昌            ,30000,11000,19000,0,0,0,0,0,0,-1000,0,1000,-1000,0,0,0,18000
4426,利勤            ,83000,65000,18000,0,0,0,0,0,0,0,0,0,0,0,0,0,18000
06496P,台灣50日盛98售01,0,0,0,0,0,0,0,0,0,18000,0,0,0,869000,851000,18000,18000
06417P,台積電兆豐97售03,0,0,0,0,0,0,0,0,0,18000,0,0,0,51000,33000,18000,18000
06355P,聯茂永豐97售02  ,0,0,0,0,0,0,0,0,0,18000,0,0,0,200000,182000,18000,18000
8463,潤泰材          ,39000,21000,18000,0,0,0,0,0,0,0,0,0,0,0,0,0,18000
05984P,台積電統一98售01,0,0,0,0,0,0,0,0,0,17000,0,0,0,17000,0,17000,17000
057302,福懋科中信98購01,0,0,0,0,0,0,0,0,0,17000,0,0,0,17000,0,17000,17000
057341,技嘉台新98購01  ,0,0,0,0,0,0,0,0,0,17000,0,0,0,40000,23000,17000,17000
057221,華通國票98購03  ,0,0,0,0,0,0,0,0,0,17000,0,0,0,18000,1000,17000,17000
057288,聯茂元大98購03  ,0,0,0,0,0,0,0,0,0,17000,0,0,0,51000,34000,17000,17000
057200,技嘉元富98購01  ,0,0,0,0,0,0,0,0,0,17000,0,0,0,22000,5000,17000,17000
057204,利勤元富98購01  ,0,0,0,0,0,0,0,0,0,17000,0,0,0,17000,0,17000,17000
056676,國產元富98購01  ,0,0,0,0,0,0,0,0,0,17000,0,0,0,17000,0,17000,17000
056694,欣興群益98購04  ,0,0,0,0,0,0,0,0,0,17000,0,0,0,19000,2000,17000,17000
056183,南亞科統一97購02,0,0,0,0,0,0,0,0,0,17000,0,0,0,22000,5000,17000,17000
055995,華擎國泰99購01  ,0,0,0,0,0,0,0,0,0,17000,0,0,0,19000,2000,17000,17000
056469,國巨元大99購01  ,0,0,0,0,0,0,0,0,0,17000,0,0,0,149000,132000,17000,17000
055539,億光台新97購01  ,0,0,0,0,0,0,0,0,0,17000,0,0,0,17000,0,17000,17000
055462,華邦電日盛97購01,0,0,0,0,0,0,0,0,0,17000,0,0,0,193000,176000,17000,17000
055841,南亞科元大97購04,0,0,0,0,0,0,0,0,0,17000,0,0,0,75000,58000,17000,17000
050932,台塑國票96購01  ,0,0,0,0,0,0,0,0,0,17000,0,0,0,17000,0,17000,17000
051357,可成元大95購05  ,0,0,0,0,0,0,0,0,0,17000,0,0,0,27000,10000,17000,17000
051321,建準國票96購01  ,0,0,0,0,0,0,0,0,0,17000,0,0,0,17000,0,17000,17000
04805P,創意元富94售01  ,0,0,0,0,0,0,0,0,0,17000,0,0,0,20000,3000,17000,17000
047750,開發金元富93購01,0,0,0,0,0,0,0,0,0,17000,0,0,0,17000,0,17000,17000
047763,旺宏元大94購04  ,0,0,0,0,0,0,0,0,0,17000,0,0,0,25000,8000,17000,17000
03421B,臺股指元大99熊01,0,0,0,0,0,0,0,0,0,17000,0,0,0,44000,27000,17000,17000
045669,華通元大93購02  ,0,0,0,0,0,0,0,0,0,17000,0,0,0,22000,5000,17000,17000
042997,新光鋼元大94購01,0,0,0,0,0,0,0,0,0,17000,0,0,0,17000,0,17000,17000
04597P,為升凱基94售02  ,0,0,0,0,0,0,0,0,0,17000,0,0,0,37000,20000,17000,17000
04595P,臺股指元大94售13,0,0,0,0,0,0,0,0,0,17000,0,0,0,33000,16000,17000,17000
044817,可成兆豐93購01  ,0,0,0,0,0,0,0,0,0,17000,0,0,0,167000,150000,17000,17000
051523,牧德凱基95購02  ,0,0,0,0,0,0,0,0,0,17000,0,0,0,66000,49000,17000,17000
051437,百和元富95購02  ,0,0,0,0,0,0,0,0,0,17000,0,0,0,20000,3000,17000,17000
051970,元黃金凱基98購01,0,0,0,0,0,0,0,0,0,17000,0,0,0,17000,0,17000,17000
051266,國巨富邦99購01  ,0,0,0,0,0,0,0,0,0,17000,0,0,0,211000,194000,17000,17000
050519,旺宏元大95購03  ,0,0,0,0,0,0,0,0,0,17000,0,0,0,62000,45000,17000,17000
04933P,中石化中信96售01,0,0,0,0,0,0,0,0,0,17000,0,0,0,17000,0,17000,17000
050447,廣達元大94購01  ,0,0,0,0,0,0,0,0,0,17000,0,0,0,42000,25000,17000,17000
050444,卜蜂元大94購03  ,0,0,0,0,0,0,0,0,0,17000,0,0,0,18000,1000,17000,17000
05223P,臻鼎凱基95售02  ,0,0,0,0,0,0,0,0,0,17000,0,0,0,84000,67000,17000,17000
052352,力成元富95購01  ,0,0,0,0,0,0,0,0,0,17000,0,0,0,17000,0,17000,17000
05347P,滬深2X元富9B售02,0,0,0,0,0,0,0,0,0,17000,0,0,0,603000,586000,17000,17000
052751,臺股指元大96購05,0,0,0,0,0,0,0,0,0,17000,0,0,0,42000,25000,17000,17000
052763,晶技群益97購01  ,0,0,0,0,0,0,0,0,0,17000,0,0,0,123000,106000,17000,17000
055098,臺股指群益97購01,0,0,0,0,0,0,0,0,0,17000,0,0,0,230000,213000,17000,17000
054918,華新科凱基98購02,0,0,0,0,0,0,0,0,0,17000,0,0,0,51000,34000,17000,17000
05491P,茂林元大95售04  ,0,0,0,0,0,0,0,0,0,17000,0,0,0,150000,133000,17000,17000
054808,東元元大9A購01  ,0,0,0,0,0,0,0,0,0,17000,0,0,0,25000,8000,17000,17000
054756,世紀鋼凱基99購01,0,0,0,0,0,0,0,0,0,17000,0,0,0,37000,20000,17000,17000
054772,康控國票98購02  ,0,0,0,0,0,0,0,0,0,17000,0,0,0,17000,0,17000,17000
054289,聯發科元大97購11,0,0,0,0,0,0,0,0,0,17000,0,0,0,77000,60000,17000,17000
054695,世芯永豐98購01  ,0,0,0,0,0,0,0,0,0,17000,0,0,0,31000,14000,17000,17000
8081,致新            ,72000,120000,-48000,0,0,0,28000,0,28000,37000,0,1000,-1000,38000,0,38000,17000
6591,動力-KY         ,47000,30000,17000,0,0,0,0,0,0,0,0,0,0,0,0,0,17000
06187P,國巨統一97售05  ,0,0,0,0,0,0,0,0,0,17000,0,0,0,60000,43000,17000,17000
06492P,上銀永豐98售01  ,0,0,0,0,0,0,0,0,0,17000,0,0,0,76000,59000,17000,17000
4994,傳奇            ,45000,35000,10000,0,0,0,0,0,0,7000,0,3000,-3000,12000,2000,10000,17000
2444,兆勁            ,20000,3000,17000,0,0,0,0,0,0,0,0,0,0,0,0,0,17000
2530,華建            ,20000,2000,18000,0,0,0,0,0,0,-1000,0,1000,-1000,0,0,0,17000
055333,晶豪科兆豐97購01,0,0,0,0,0,0,0,0,0,16000,0,0,0,16000,0,16000,16000
056457,嘉澤凱基98購01  ,0,0,0,0,0,0,0,0,0,16000,0,0,0,59000,43000,16000,16000
05603P,聯發科元大96售09,0,0,0,0,0,0,0,0,0,16000,0,0,0,33000,17000,16000,16000
056235,鴻海群益97購07  ,0,0,0,0,0,0,0,0,0,16000,0,0,0,20000,4000,16000,16000
056855,祥碩中信98購02  ,0,0,0,0,0,0,0,0,0,16000,0,0,0,63000,47000,16000,16000
057164,國巨元大98購14  ,0,0,0,0,0,0,0,0,0,16000,0,0,0,274000,258000,16000,16000
057367,技嘉元大98購02  ,0,0,0,0,0,0,0,0,0,16000,0,0,0,21000,5000,16000,16000
057321,台泥群益98購01  ,0,0,0,0,0,0,0,0,0,16000,0,0,0,16000,0,16000,16000
06020P,燿華元富96售04  ,0,0,0,0,0,0,0,0,0,16000,0,0,0,16000,0,16000,16000
06058P,玉晶光凱基97售04,0,0,0,0,0,0,0,0,0,16000,0,0,0,144000,128000,16000,16000
045958,技嘉凱基93購04  ,0,0,0,0,0,0,0,0,0,16000,0,0,0,17000,1000,16000,16000
045630,技嘉凱基93購02  ,0,0,0,0,0,0,0,0,0,16000,0,0,0,16000,0,16000,16000
03252P,台積電台新02售01,0,0,0,0,0,0,0,0,0,16000,0,0,0,66000,50000,16000,16000
04668P,臺股指國票94售07,0,0,0,0,0,0,0,0,0,16000,0,0,0,16000,0,16000,16000
047548,友達凱基99購03  ,0,0,0,0,0,0,0,0,0,16000,0,0,0,36000,20000,16000,16000
047109,華邦電元大94購01,0,0,0,0,0,0,0,0,0,16000,0,0,0,28000,12000,16000,16000
052237,嘉澤國票96購02  ,0,0,0,0,0,0,0,0,0,16000,0,0,0,16000,0,16000,16000
051708,創意群益95購02  ,0,0,0,0,0,0,0,0,0,16000,0,0,0,16000,0,16000,16000
050731,昇陽半國票96購01,0,0,0,0,0,0,0,0,0,16000,0,0,0,16000,0,16000,16000
049783,元油2X兆豐95購01,0,0,0,0,0,0,0,0,0,16000,0,0,0,16000,0,16000,16000
05057P,鴻海國票96售01  ,0,0,0,0,0,0,0,0,0,16000,0,0,0,16000,0,16000,16000
052586,晶豪科永豐96購01,0,0,0,0,0,0,0,0,0,16000,0,0,0,40000,24000,16000,16000
052658,友達元富9C購01  ,0,0,0,0,0,0,0,0,0,16000,0,0,0,110000,94000,16000,16000
5225,東科-KY         ,40000,24000,16000,0,0,0,0,0,0,0,0,0,0,0,0,0,16000
4572,駐龍            ,17000,1000,16000,0,0,0,0,0,0,0,0,0,0,0,0,0,16000
06637P,大立光凱基98售15,0,0,0,0,0,0,0,0,0,16000,0,0,0,16000,0,16000,16000
06669P,緯穎凱基98售05  ,0,0,0,0,0,0,0,0,0,16000,0,0,0,16000,0,16000,16000
06152P,玉晶光元大98售06,0,0,0,0,0,0,0,0,0,16000,0,0,0,283000,267000,16000,16000
6277,宏正            ,18000,2000,16000,0,0,0,0,0,0,0,0,0,0,0,0,0,16000
6177,達麗            ,34000,18000,16000,0,0,0,0,0,0,0,0,0,0,0,0,0,16000
6142,友勁            ,16000,0,16000,0,0,0,0,0,0,0,0,0,0,0,0,0,16000
6672,騰輝電子-KY     ,89000,73000,16000,0,0,0,0,0,0,0,0,0,0,0,0,0,16000
06101P,聯發科日盛97售03,0,0,0,0,0,0,0,0,0,15000,0,0,0,15000,0,15000,15000
05830P,滬深2X元富99售03,0,0,0,0,0,0,0,0,0,15000,0,0,0,90000,75000,15000,15000
056816,華通永豐98購02  ,0,0,0,0,0,0,0,0,0,15000,0,0,0,50000,35000,15000,15000
056791,嘉聯益群益98購01,0,0,0,0,0,0,0,0,0,15000,0,0,0,32000,17000,15000,15000
056688,聯詠統一98購01  ,0,0,0,0,0,0,0,0,0,15000,0,0,0,15000,0,15000,15000
056710,漢唐永豐98購01  ,0,0,0,0,0,0,0,0,0,15000,0,0,0,68000,53000,15000,15000
056584,鴻海統一9B購01  ,0,0,0,0,0,0,0,0,0,15000,0,0,0,16000,1000,15000,15000
056096,超眾元富9A購01  ,0,0,0,0,0,0,0,0,0,15000,0,0,0,15000,0,15000,15000
055970,聯茂元大97購04  ,0,0,0,0,0,0,0,0,0,15000,0,0,0,15000,0,15000,15000
056470,旺宏元大99購01  ,0,0,0,0,0,0,0,0,0,15000,0,0,0,52000,37000,15000,15000
056281,深中小永豐97購01,0,0,0,0,0,0,0,0,0,15000,0,0,0,15000,0,15000,15000
055794,聯發科國泰99購01,0,0,0,0,0,0,0,0,0,15000,0,0,0,20000,5000,15000,15000
055683,晶技凱基99購01  ,0,0,0,0,0,0,0,0,0,15000,0,0,0,140000,125000,15000,15000
047074,大立光兆豐94購02,0,0,0,0,0,0,0,0,0,15000,0,0,0,20000,5000,15000,15000
046877,燿華國泰94購01  ,0,0,0,0,0,0,0,0,0,15000,0,0,0,15000,0,15000,15000
047855,美律國票94購01  ,0,0,0,0,0,0,0,0,0,15000,0,0,0,20000,5000,15000,15000
047988,志超群益93購02  ,0,0,0,0,0,0,0,0,0,15000,0,0,0,21000,6000,15000,15000
050572,大立光中信97購01,0,0,0,0,0,0,0,0,0,15000,0,0,0,20000,5000,15000,15000
048354,滬深2X永豐93購03,0,0,0,0,0,0,0,0,0,15000,0,0,0,15000,0,15000,15000
048225,全新凱基93購03  ,0,0,0,0,0,0,0,0,0,15000,0,0,0,15000,0,15000,15000
048072,GIS元富93購05   ,0,0,0,0,0,0,0,0,0,15000,0,0,0,15000,0,15000,15000
045795,瀚宇博兆豐94購01,0,0,0,0,0,0,0,0,0,15000,0,0,0,15000,0,15000,15000
045448,宏達電國泰93購02,0,0,0,0,0,0,0,0,0,15000,0,0,0,15000,0,15000,15000
04436P,聯發科中信96售02,0,0,0,0,0,0,0,0,0,15000,0,0,0,15000,0,15000,15000
044187,泰鼎國泰93購01  ,0,0,0,0,0,0,0,0,0,15000,0,0,0,15000,0,15000,15000
050586,康友國票94購01  ,0,0,0,0,0,0,0,0,0,15000,0,0,0,15000,0,15000,15000
052093,麗豐元大96購04  ,0,0,0,0,0,0,0,0,0,15000,0,0,0,15000,0,15000,15000
051452,貿聯元大95購04  ,0,0,0,0,0,0,0,0,0,15000,0,0,0,18000,3000,15000,15000
05052P,友達群益97售01  ,0,0,0,0,0,0,0,0,0,15000,0,0,0,15000,0,15000,15000
049653,緯穎凱基94購03  ,0,0,0,0,0,0,0,0,0,15000,0,0,0,15000,0,15000,15000
05111P,台積電統一95售04,0,0,0,0,0,0,0,0,0,15000,0,0,0,56000,41000,15000,15000
050921,旺宏凱基95購02  ,0,0,0,0,0,0,0,0,0,15000,0,0,0,20000,5000,15000,15000
05073P,臺股指中信95售09,0,0,0,0,0,0,0,0,0,15000,0,0,0,15000,0,15000,15000
049427,瑞昱兆豐94購01  ,0,0,0,0,0,0,0,0,0,15000,0,0,0,30000,15000,15000,15000
049880,健策永豐94購02  ,0,0,0,0,0,0,0,0,0,15000,0,0,0,25000,10000,15000,15000
049891,T50反1富邦94購02,0,0,0,0,0,0,0,0,0,15000,0,0,0,15000,0,15000,15000
049523,微星兆豐94購02  ,0,0,0,0,0,0,0,0,0,15000,0,0,0,30000,15000,15000,15000
050823,信邦凱基95購01  ,0,0,0,0,0,0,0,0,0,15000,0,0,0,15000,0,15000,15000
050397,力成元富94購01  ,0,0,0,0,0,0,0,0,0,15000,0,0,0,75000,60000,15000,15000
050180,華新科元大95購08,0,0,0,0,0,0,0,0,0,15000,0,0,0,25000,10000,15000,15000
052546,友達中信98購01  ,0,0,0,0,0,0,0,0,0,15000,0,0,0,45000,30000,15000,15000
051871,同欣電凱基95購02,0,0,0,0,0,0,0,0,0,15000,0,0,0,181000,166000,15000,15000
052778,智原國票97購01  ,0,0,0,0,0,0,0,0,0,15000,0,0,0,15000,0,15000,15000
052749,日月光元大96購02,0,0,0,0,0,0,0,0,0,15000,0,0,0,103000,88000,15000,15000
05286P,矽力統一95售02  ,0,0,0,0,0,0,0,0,0,15000,0,0,0,35000,20000,15000,15000
053099,正崴元富96購01  ,0,0,0,0,0,0,0,0,0,15000,0,0,0,15000,0,15000,15000
05295P,緯創凱基95售01  ,0,0,0,0,0,0,0,0,0,15000,0,0,0,65000,50000,15000,15000
053280,群創元大9C購01  ,0,0,0,0,0,0,0,0,0,15000,0,0,0,301000,286000,15000,15000
053518,聯茂群益96購03  ,0,0,0,0,0,0,0,0,0,15000,0,0,0,122000,107000,15000,15000
053542,超眾永豐96購01  ,0,0,0,0,0,0,0,0,0,15000,0,0,0,25000,10000,15000,15000
053410,啟碁兆豐96購01  ,0,0,0,0,0,0,0,0,0,15000,0,0,0,15000,0,15000,15000
054608,致茂永豐97購01  ,0,0,0,0,0,0,0,0,0,15000,0,0,0,55000,40000,15000,15000
054559,台光電群益99購01,0,0,0,0,0,0,0,0,0,15000,0,0,0,38000,23000,15000,15000
054184,A50正2永豐96購01,0,0,0,0,0,0,0,0,0,15000,0,0,0,15000,0,15000,15000
054793,牧德群益9A購01  ,0,0,0,0,0,0,0,0,0,15000,0,0,0,109000,94000,15000,15000
055027,牧德國泰99購01  ,0,0,0,0,0,0,0,0,0,15000,0,0,0,360000,345000,15000,15000
055243,國巨統一97購04  ,0,0,0,0,0,0,0,0,0,15000,0,0,0,17000,2000,15000,15000
055313,南電群益97購01  ,0,0,0,0,0,0,0,0,0,15000,0,0,0,29000,14000,15000,15000
8210,勤誠            ,100000,106000,-6000,0,0,0,0,0,0,21000,21000,6000,15000,13000,7000,6000,15000
06542P,台光電國票98售05,0,0,0,0,0,0,0,0,0,15000,0,0,0,25000,10000,15000,15000
4739,康普            ,45000,32000,13000,0,0,0,0,0,0,2000,0,0,0,2000,0,2000,15000
4438,廣越            ,20000,7000,13000,0,0,0,0,0,0,2000,2000,0,2000,0,0,0,15000
3712,永崴投控        ,23000,4000,19000,0,0,0,0,0,0,-4000,0,4000,-4000,0,0,0,15000
3033,威健            ,43000,20000,23000,0,0,0,0,0,0,-8000,0,8000,-8000,0,0,0,15000
2634,漢翔            ,254000,251000,3000,0,0,0,2000,0,2000,10000,10000,0,10000,0,0,0,15000
2606,裕民            ,250000,234000,16000,0,0,0,5000,0,5000,-6000,0,4000,-4000,0,2000,-2000,15000
1906,寶隆            ,32000,17000,15000,0,0,0,0,0,0,0,0,0,0,0,0,0,15000
055613,全新國票98購01  ,0,0,0,0,0,0,0,0,0,14000,0,0,0,14000,0,14000,14000
055940,致新群益98購01  ,0,0,0,0,0,0,0,0,0,14000,0,0,0,373000,359000,14000,14000
055336,茂林兆豐98購01  ,0,0,0,0,0,0,0,0,0,14000,0,0,0,84000,70000,14000,14000
055534,晶技群益97購03  ,0,0,0,0,0,0,0,0,0,14000,0,0,0,69000,55000,14000,14000
056501,貿聯富邦99購01  ,0,0,0,0,0,0,0,0,0,14000,0,0,0,180000,166000,14000,14000
05860P,旺宏康和96售01  ,0,0,0,0,0,0,0,0,0,14000,0,0,0,25000,11000,14000,14000
043909,台光電凱基93購01,0,0,0,0,0,0,0,0,0,14000,0,0,0,14000,0,14000,14000
046725,可成元大93購02  ,0,0,0,0,0,0,0,0,0,14000,0,0,0,14000,0,14000,14000
051348,國巨元大95購07  ,0,0,0,0,0,0,0,0,0,14000,0,0,0,14000,0,14000,14000
047871,健策永豐93購02  ,0,0,0,0,0,0,0,0,0,14000,0,0,0,34000,20000,14000,14000
051915,日月光元大96購01,0,0,0,0,0,0,0,0,0,14000,0,0,0,99000,85000,14000,14000
052376,聯詠元大95購04  ,0,0,0,0,0,0,0,0,0,14000,0,0,0,17000,3000,14000,14000
048980,嘉澤元大94購02  ,0,0,0,0,0,0,0,0,0,14000,0,0,0,32000,18000,14000,14000
051418,智易國票97購01  ,0,0,0,0,0,0,0,0,0,14000,0,0,0,20000,6000,14000,14000
050828,康控凱基95購01  ,0,0,0,0,0,0,0,0,0,14000,0,0,0,44000,30000,14000,14000
048900,精成科國泰95購01,0,0,0,0,0,0,0,0,0,14000,0,0,0,30000,16000,14000,14000
049294,南亞科群益94購01,0,0,0,0,0,0,0,0,0,14000,0,0,0,163000,149000,14000,14000
05088P,大立光富邦99售01,0,0,0,0,0,0,0,0,0,14000,0,0,0,14000,0,14000,14000
051439,川湖元大95購01  ,0,0,0,0,0,0,0,0,0,14000,0,0,0,14000,0,14000,14000
05526P,茂林群益96售03  ,0,0,0,0,0,0,0,0,0,14000,0,0,0,16000,2000,14000,14000
055215,智邦凱基98購02  ,0,0,0,0,0,0,0,0,0,14000,0,0,0,77000,63000,14000,14000
054259,健策元大97購03  ,0,0,0,0,0,0,0,0,0,14000,0,0,0,431000,417000,14000,14000
054574,美律元大99購01  ,0,0,0,0,0,0,0,0,0,14000,0,0,0,19000,5000,14000,14000
054575,聯鈞元大97購01  ,0,0,0,0,0,0,0,0,0,14000,0,0,0,66000,52000,14000,14000
054673,京鼎國泰98購01  ,0,0,0,0,0,0,0,0,0,14000,0,0,0,14000,0,14000,14000
054641,祥碩中信98購01  ,0,0,0,0,0,0,0,0,0,14000,0,0,0,30000,16000,14000,14000
054470,緯穎國票97購04  ,0,0,0,0,0,0,0,0,0,14000,0,0,0,27000,13000,14000,14000
053136,彩晶國票97購01  ,0,0,0,0,0,0,0,0,0,14000,0,0,0,14000,0,14000,14000
3605,宏致            ,103000,80000,23000,0,0,0,0,0,0,-9000,10000,19000,-9000,0,0,0,14000
4545,銘鈺            ,20000,6000,14000,0,0,0,0,0,0,0,0,0,0,0,0,0,14000
4560,強信-KY         ,77000,62000,15000,0,0,0,0,0,0,-1000,0,1000,-1000,0,0,0,14000
06600P,貿聯永豐98售01  ,0,0,0,0,0,0,0,0,0,14000,0,0,0,14000,0,14000,14000
05793P,臺股指中信99售08,0,0,0,0,0,0,0,0,0,13000,0,0,0,20000,7000,13000,13000
057215,友達群益98購03  ,0,0,0,0,0,0,0,0,0,13000,0,0,0,83000,70000,13000,13000
056273,祥碩統一97購02  ,0,0,0,0,0,0,0,0,0,13000,0,0,0,13000,0,13000,13000
055983,全新元富9A購02  ,0,0,0,0,0,0,0,0,0,13000,0,0,0,23000,10000,13000,13000
055475,臻鼎凱基97購02  ,0,0,0,0,0,0,0,0,0,13000,0,0,0,48000,35000,13000,13000
055322,欣興國票97購06  ,0,0,0,0,0,0,0,0,0,13000,0,0,0,220000,207000,13000,13000
055678,上銀凱基97購02  ,0,0,0,0,0,0,0,0,0,13000,0,0,0,41000,28000,13000,13000
050997,麗豐元大95購03  ,0,0,0,0,0,0,0,0,0,13000,0,0,0,13000,0,13000,13000
046627,高鐵統一95購01  ,0,0,0,0,0,0,0,0,0,13000,0,0,0,16000,3000,13000,13000
046653,鴻海元大93購05  ,0,0,0,0,0,0,0,0,0,13000,0,0,0,13000,0,13000,13000
04334P,中石化康和93售01,0,0,0,0,0,0,0,0,0,13000,0,0,0,13000,0,13000,13000
03399P,欣興中信02售03  ,0,0,0,0,0,0,0,0,0,13000,0,0,0,101000,88000,13000,13000
03418P,大毅群益02售03  ,0,0,0,0,0,0,0,0,0,13000,0,0,0,13000,0,13000,13000
00682U,元大美元指數    ,0,0,0,0,0,0,0,0,0,13000,0,0,0,54000,41000,13000,13000
03932P,欣興統一93售01  ,0,0,0,0,0,0,0,0,0,13000,0,0,0,54000,41000,13000,13000
01003T,兆豐新光R1      ,20000,7000,13000,0,0,0,0,0,0,0,0,0,0,0,0,0,13000
052065,臺股指國票95購12,0,0,0,0,0,0,0,0,0,13000,0,0,0,29000,16000,13000,13000
051248,華固元大95購01  ,0,0,0,0,0,0,0,0,0,13000,0,0,0,13000,0,13000,13000
050386,智伸科國票94購01,0,0,0,0,0,0,0,0,0,13000,0,0,0,33000,20000,13000,13000
052190,創意群益95購03  ,0,0,0,0,0,0,0,0,0,13000,0,0,0,13000,0,13000,13000
053142,緯穎永豐96購01  ,0,0,0,0,0,0,0,0,0,13000,0,0,0,33000,20000,13000,13000
052920,景碩台新96購02  ,0,0,0,0,0,0,0,0,0,13000,0,0,0,37000,24000,13000,13000
053720,宏達電凱基97購01,0,0,0,0,0,0,0,0,0,13000,0,0,0,13000,0,13000,13000
053741,漢唐國票97購03  ,0,0,0,0,0,0,0,0,0,13000,0,0,0,23000,10000,13000,13000
053853,康控國泰97購02  ,0,0,0,0,0,0,0,0,0,13000,0,0,0,66000,53000,13000,13000
054649,聯茂群益97購01  ,0,0,0,0,0,0,0,0,0,13000,0,0,0,13000,0,13000,13000
055207,致新中信99購01  ,0,0,0,0,0,0,0,0,0,13000,0,0,0,113000,100000,13000,13000
054784,順德群益9A購01  ,0,0,0,0,0,0,0,0,0,13000,0,0,0,13000,0,13000,13000
054762,奇力新國票99購01,0,0,0,0,0,0,0,0,0,13000,0,0,0,23000,10000,13000,13000
1305,華夏            ,149000,134000,15000,0,0,0,0,0,0,-2000,0,2000,-2000,0,0,0,13000
06312P,樺漢元富97售02  ,0,0,0,0,0,0,0,0,0,13000,0,0,0,19000,6000,13000,13000
06439P,上銀凱基98售02  ,0,0,0,0,0,0,0,0,0,13000,0,0,0,13000,0,13000,13000
3454,晶睿            ,30000,17000,13000,0,0,0,0,0,0,0,0,0,0,0,0,0,13000
2420,新巨            ,20000,7000,13000,0,0,0,0,0,0,0,0,0,0,0,0,0,13000
2374,佳能            ,29000,9000,20000,0,0,0,0,0,0,-7000,0,7000,-7000,0,0,0,13000
8473,山林水          ,14000,0,14000,0,0,0,0,0,0,-1000,0,1000,-1000,0,0,0,13000
055797,華通富邦98購01  ,0,0,0,0,0,0,0,0,0,12000,0,0,0,12000,0,12000,12000
055319,國巨國票98購03  ,0,0,0,0,0,0,0,0,0,12000,0,0,0,35000,23000,12000,12000
055458,燿華永豐98購01  ,0,0,0,0,0,0,0,0,0,12000,0,0,0,12000,0,12000,12000
055403,泰鼎元富97購01  ,0,0,0,0,0,0,0,0,0,12000,0,0,0,180000,168000,12000,12000
056323,旺宏兆豐98購01  ,0,0,0,0,0,0,0,0,0,12000,0,0,0,12000,0,12000,12000
056493,晶技國泰99購01  ,0,0,0,0,0,0,0,0,0,12000,0,0,0,428000,416000,12000,12000
056443,南亞科凱基98購03,0,0,0,0,0,0,0,0,0,12000,0,0,0,43000,31000,12000,12000
056440,智邦凱基98購03  ,0,0,0,0,0,0,0,0,0,12000,0,0,0,23000,11000,12000,12000
05784P,臺股指元大96售18,0,0,0,0,0,0,0,0,0,12000,0,0,0,16000,4000,12000,12000
05668P,滬深2X永豐96售04,0,0,0,0,0,0,0,0,0,12000,0,0,0,27000,15000,12000,12000
03583P,微星元大02售03  ,0,0,0,0,0,0,0,0,0,12000,0,0,0,12000,0,12000,12000
048239,嘉澤國票93購01  ,0,0,0,0,0,0,0,0,0,12000,0,0,0,12000,0,12000,12000
048807,崇越中信94購01  ,0,0,0,0,0,0,0,0,0,12000,0,0,0,12000,0,12000,12000
051030,康友元富95購01  ,0,0,0,0,0,0,0,0,0,12000,0,0,0,12000,0,12000,12000
051182,旺宏永豐95購01  ,0,0,0,0,0,0,0,0,0,12000,0,0,0,103000,91000,12000,12000
046998,同欣電國泰94購01,0,0,0,0,0,0,0,0,0,12000,0,0,0,12000,0,12000,12000
052204,台泥中信96購01  ,0,0,0,0,0,0,0,0,0,12000,0,0,0,12000,0,12000,12000
052159,瑞昱永豐95購01  ,0,0,0,0,0,0,0,0,0,12000,0,0,0,45000,33000,12000,12000
050433,華新科凱基94購11,0,0,0,0,0,0,0,0,0,12000,0,0,0,55000,43000,12000,12000
051670,欣興元大95購06  ,0,0,0,0,0,0,0,0,0,12000,0,0,0,17000,5000,12000,12000
049073,光罩凱基94購01  ,0,0,0,0,0,0,0,0,0,12000,0,0,0,12000,0,12000,12000
051167,京鼎元大95購01  ,0,0,0,0,0,0,0,0,0,12000,0,0,0,27000,15000,12000,12000
049855,台表科群益94購01,0,0,0,0,0,0,0,0,0,12000,0,0,0,12000,0,12000,12000
050760,矽力元富94購03  ,0,0,0,0,0,0,0,0,0,12000,0,0,0,12000,0,12000,12000
049502,訊芯元大94購01  ,0,0,0,0,0,0,0,0,0,12000,0,0,0,12000,0,12000,12000
051384,康友群益95購01  ,0,0,0,0,0,0,0,0,0,12000,0,0,0,60000,48000,12000,12000
054832,興勤中信97購01  ,0,0,0,0,0,0,0,0,0,12000,0,0,0,12000,0,12000,12000
055117,臻鼎凱基98購02  ,0,0,0,0,0,0,0,0,0,12000,0,0,0,13000,1000,12000,12000
054079,鴻海中信98購02  ,0,0,0,0,0,0,0,0,0,12000,0,0,0,12000,0,12000,12000
054047,富邦金元大97購01,0,0,0,0,0,0,0,0,0,12000,0,0,0,15000,3000,12000,12000
053642,瀚宇博永豐96購01,0,0,0,0,0,0,0,0,0,12000,0,0,0,12000,0,12000,12000
052893,聯電群益98購01  ,0,0,0,0,0,0,0,0,0,12000,0,0,0,12000,0,12000,12000
052733,台郡國泰97購01  ,0,0,0,0,0,0,0,0,0,12000,0,0,0,46000,34000,12000,12000
053210,華邦電凱基97購02,0,0,0,0,0,0,0,0,0,12000,0,0,0,12000,0,12000,12000
6285,啟碁            ,246000,227000,19000,0,0,0,0,1000,-1000,-6000,0,2000,-2000,0,4000,-4000,12000
2477,美隆電          ,13000,1000,12000,0,0,0,0,0,0,0,0,0,0,0,0,0,12000
2002A,中鋼特          ,0,0,0,0,0,0,0,0,0,12000,15000,3000,12000,0,0,0,12000
1721,三晃            ,12000,0,12000,0,0,0,0,0,0,0,0,0,0,0,0,0,12000
4155,訊映            ,35000,23000,12000,0,0,0,0,0,0,0,0,0,0,0,0,0,12000
4989,榮科            ,26000,12000,14000,0,0,0,0,0,0,-2000,0,2000,-2000,0,0,0,12000
06194P,台積電元富97售05,0,0,0,0,0,0,0,0,0,12000,0,0,0,1412000,1400000,12000,12000
1526,日馳            ,15000,3000,12000,0,0,0,0,0,0,0,0,0,0,0,0,0,12000
06617P,智邦元大98售03  ,0,0,0,0,0,0,0,0,0,12000,0,0,0,23000,11000,12000,12000
056564,亞光群益98購02  ,0,0,0,0,0,0,0,0,0,11000,0,0,0,16000,5000,11000,11000
057171,台光電元大9B購01,0,0,0,0,0,0,0,0,0,11000,0,0,0,65000,54000,11000,11000
057194,南電元大98購01  ,0,0,0,0,0,0,0,0,0,11000,0,0,0,11000,0,11000,11000
057108,潤泰全群益98購01,0,0,0,0,0,0,0,0,0,11000,0,0,0,11000,0,11000,11000
05707P,中磊永豐96售01  ,0,0,0,0,0,0,0,0,0,11000,0,0,0,11000,0,11000,11000
06095P,燿華永豐97售01  ,0,0,0,0,0,0,0,0,0,11000,0,0,0,11000,0,11000,11000
05985P,燿華統一96售03  ,0,0,0,0,0,0,0,0,0,11000,0,0,0,129000,118000,11000,11000
057449,華新科元富99購02,0,0,0,0,0,0,0,0,0,11000,0,0,0,14000,3000,11000,11000
056379,玉晶光元富98購01,0,0,0,0,0,0,0,0,0,11000,0,0,0,11000,0,11000,11000
056212,台光電國票98購03,0,0,0,0,0,0,0,0,0,11000,0,0,0,18000,7000,11000,11000
055366,國巨元大98購05  ,0,0,0,0,0,0,0,0,0,11000,0,0,0,202000,191000,11000,11000
055933,欣興群益98購02  ,0,0,0,0,0,0,0,0,0,11000,0,0,0,14000,3000,11000,11000
047921,南亞科凱基93購05,0,0,0,0,0,0,0,0,0,11000,0,0,0,11000,0,11000,11000
04726P,TPK凱基94售04   ,0,0,0,0,0,0,0,0,0,11000,0,0,0,154000,143000,11000,11000
051349,國巨元大95購08  ,0,0,0,0,0,0,0,0,0,11000,0,0,0,11000,0,11000,11000
051010,美律日盛95購01  ,0,0,0,0,0,0,0,0,0,11000,0,0,0,11000,0,11000,11000
048705,GIS國票95購01   ,0,0,0,0,0,0,0,0,0,11000,0,0,0,100000,89000,11000,11000
03830P,緯創中信95售01  ,0,0,0,0,0,0,0,0,0,11000,0,0,0,11000,0,11000,11000
03893P,為升凱基93售03  ,0,0,0,0,0,0,0,0,0,11000,0,0,0,11000,0,11000,11000
045934,燿華群益93購01  ,0,0,0,0,0,0,0,0,0,11000,0,0,0,11000,0,11000,11000
04082P,智邦統一93售03  ,0,0,0,0,0,0,0,0,0,11000,0,0,0,11000,0,11000,11000
044382,嘉聯益群益94購01,0,0,0,0,0,0,0,0,0,11000,0,0,0,11000,0,11000,11000
044950,玉晶光群益94購01,0,0,0,0,0,0,0,0,0,11000,0,0,0,13000,2000,11000,11000
04861P,中磊群益94售02  ,0,0,0,0,0,0,0,0,0,11000,0,0,0,11000,0,11000,11000
048545,嘉澤永豐93購03  ,0,0,0,0,0,0,0,0,0,11000,0,0,0,11000,0,11000,11000
051382,玉晶光群益98購02,0,0,0,0,0,0,0,0,0,11000,0,0,0,13000,2000,11000,11000
051609,貿聯群益95購03  ,0,0,0,0,0,0,0,0,0,11000,0,0,0,11000,0,11000,11000
050735,亞光台新94購01  ,0,0,0,0,0,0,0,0,0,11000,0,0,0,32000,21000,11000,11000
049307,上銀凱基94購03  ,0,0,0,0,0,0,0,0,0,11000,0,0,0,60000,49000,11000,11000
051130,百和群益96購01  ,0,0,0,0,0,0,0,0,0,11000,0,0,0,11000,0,11000,11000
051492,臻鼎凱基95購01  ,0,0,0,0,0,0,0,0,0,11000,0,0,0,11000,0,11000,11000
049986,嘉澤凱基94購02  ,0,0,0,0,0,0,0,0,0,11000,0,0,0,75000,64000,11000,11000
051638,聯茂國票96購01  ,0,0,0,0,0,0,0,0,0,11000,0,0,0,11000,0,11000,11000
051919,台郡元大96購02  ,0,0,0,0,0,0,0,0,0,11000,0,0,0,32000,21000,11000,11000
052106,明泰兆豐95購01  ,0,0,0,0,0,0,0,0,0,11000,0,0,0,11000,0,11000,11000
052393,康友群益95購05  ,0,0,0,0,0,0,0,0,0,11000,0,0,0,77000,66000,11000,11000
052361,大成鋼國票96購01,0,0,0,0,0,0,0,0,0,11000,0,0,0,65000,54000,11000,11000
052957,T50反1凱基99購01,0,0,0,0,0,0,0,0,0,11000,0,0,0,11000,0,11000,11000
052666,瑞昱群益96購01  ,0,0,0,0,0,0,0,0,0,11000,0,0,0,22000,11000,11000,11000
05281P,南亞科元大95售03,0,0,0,0,0,0,0,0,0,11000,0,0,0,11000,0,11000,11000
053539,智易永豐96購01  ,0,0,0,0,0,0,0,0,0,11000,0,0,0,27000,16000,11000,11000
053536,明泰永豐96購01  ,0,0,0,0,0,0,0,0,0,11000,0,0,0,11000,0,11000,11000
053515,致伸群益96購02  ,0,0,0,0,0,0,0,0,0,11000,0,0,0,11000,0,11000,11000
053447,京鼎凱基96購03  ,0,0,0,0,0,0,0,0,0,11000,0,0,0,31000,20000,11000,11000
053337,聯電國票97購01  ,0,0,0,0,0,0,0,0,0,11000,0,0,0,71000,60000,11000,11000
053345,欣興國票97購02  ,0,0,0,0,0,0,0,0,0,11000,0,0,0,13000,2000,11000,11000
053845,和大元富96購01  ,0,0,0,0,0,0,0,0,0,11000,0,0,0,365000,354000,11000,11000
053747,滬深2X永豐96購05,0,0,0,0,0,0,0,0,0,11000,0,0,0,11000,0,11000,11000
053787,健策元大97購02  ,0,0,0,0,0,0,0,0,0,11000,0,0,0,356000,345000,11000,11000
053780,南亞科元大96購03,0,0,0,0,0,0,0,0,0,11000,0,0,0,118000,107000,11000,11000
054319,世紀鋼凱基96購02,0,0,0,0,0,0,0,0,0,11000,0,0,0,22000,11000,11000,11000
054243,國喬元大96購01  ,0,0,0,0,0,0,0,0,0,11000,0,0,0,82000,71000,11000,11000
054566,貿聯群益97購02  ,0,0,0,0,0,0,0,0,0,11000,0,0,0,11000,0,11000,11000
054506,矽格永豐96購01  ,0,0,0,0,0,0,0,0,0,11000,0,0,0,11000,0,11000,11000
054780,中石化群益99購01,0,0,0,0,0,0,0,0,0,11000,0,0,0,11000,0,11000,11000
06684P,緯穎元大98售06  ,0,0,0,0,0,0,0,0,0,11000,0,0,0,11000,0,11000,11000
06485P,玉晶光群益9A售02,0,0,0,0,0,0,0,0,0,11000,0,0,0,11000,0,11000,11000
1340,勝悅-KY         ,13000,1000,12000,0,0,0,0,0,0,-1000,0,1000,-1000,0,0,0,11000
06399P,台表科凱基97售05,0,0,0,0,0,0,0,0,0,11000,0,0,0,18000,7000,11000,11000
4532,瑞智            ,20000,9000,11000,0,0,0,0,0,0,0,0,0,0,0,0,0,11000
4552,力達-KY         ,26000,15000,11000,0,0,0,0,0,0,0,0,0,0,0,0,0,11000
3583,辛耘            ,43000,32000,11000,0,0,0,0,0,0,0,0,0,0,0,0,0,11000
3705,永信            ,22000,11000,11000,0,0,0,0,0,0,0,0,0,0,0,0,0,11000
3708,上緯投控        ,49000,35000,14000,0,0,0,0,0,0,-3000,0,0,0,0,3000,-3000,11000
1733,五鼎            ,15000,1000,14000,0,0,0,0,0,0,-3000,0,3000,-3000,0,0,0,11000
1786,科妍            ,20000,7000,13000,0,0,0,0,0,0,-2000,1000,3000,-2000,0,0,0,11000
2423,固緯            ,24000,13000,11000,0,0,0,0,0,0,0,0,0,0,0,0,0,11000
2459,敦吉            ,21000,10000,11000,0,0,0,0,0,0,0,0,0,0,0,0,0,11000
8404,百和興業-KY     ,55000,44000,11000,0,0,0,0,0,0,0,0,0,0,0,0,0,11000
8033,雷虎            ,11000,0,11000,0,0,0,0,0,0,0,0,0,0,0,0,0,11000
9955,佳龍            ,20000,11000,9000,0,0,0,0,0,0,2000,5000,3000,2000,0,0,0,11000
055814,晶豪科國票97購02,0,0,0,0,0,0,0,0,0,10000,0,0,0,28000,18000,10000,10000
055815,亞光國票99購01  ,0,0,0,0,0,0,0,0,0,10000,0,0,0,10000,0,10000,10000
055857,嘉聯益元大97購04,0,0,0,0,0,0,0,0,0,10000,0,0,0,10000,0,10000,10000
055697,牧德國票98購01  ,0,0,0,0,0,0,0,0,0,10000,0,0,0,120000,110000,10000,10000
055702,美律富邦98購01  ,0,0,0,0,0,0,0,0,0,10000,0,0,0,10000,0,10000,10000
055395,泰鼎統一97購01  ,0,0,0,0,0,0,0,0,0,10000,0,0,0,10000,0,10000,10000
055427,技嘉群益98購01  ,0,0,0,0,0,0,0,0,0,10000,0,0,0,16000,6000,10000,10000
055436,晶豪科中信99購01,0,0,0,0,0,0,0,0,0,10000,0,0,0,10000,0,10000,10000
055544,鴻海凱基97購05  ,0,0,0,0,0,0,0,0,0,10000,0,0,0,10000,0,10000,10000
055587,智邦元大97購02  ,0,0,0,0,0,0,0,0,0,10000,0,0,0,29000,19000,10000,10000
056181,百和元富97購02  ,0,0,0,0,0,0,0,0,0,10000,0,0,0,10000,0,10000,10000
056253,京鼎兆豐98購01  ,0,0,0,0,0,0,0,0,0,10000,0,0,0,10000,0,10000,10000
056172,鴻海元富97購11  ,0,0,0,0,0,0,0,0,0,10000,0,0,0,20000,10000,10000,10000
056105,智原永豐97購01  ,0,0,0,0,0,0,0,0,0,10000,0,0,0,10000,0,10000,10000
056120,聯茂群益97購02  ,0,0,0,0,0,0,0,0,0,10000,0,0,0,10000,0,10000,10000
055969,彩晶元大99購02  ,0,0,0,0,0,0,0,0,0,10000,0,0,0,10000,0,10000,10000
055959,美律元大97購03  ,0,0,0,0,0,0,0,0,0,10000,0,0,0,10000,0,10000,10000
05599P,欣興台新96售01  ,0,0,0,0,0,0,0,0,0,10000,0,0,0,26000,16000,10000,10000
056064,大立光元大97購14,0,0,0,0,0,0,0,0,0,10000,0,0,0,15000,5000,10000,10000
056041,禾伸堂凱基98購03,0,0,0,0,0,0,0,0,0,10000,0,0,0,10000,0,10000,10000
056028,GIS群益97購02   ,0,0,0,0,0,0,0,0,0,10000,0,0,0,30000,20000,10000,10000
05639P,欣興統一97售01  ,0,0,0,0,0,0,0,0,0,10000,0,0,0,10000,0,10000,10000
056361,美律元大99購02  ,0,0,0,0,0,0,0,0,0,10000,0,0,0,30000,20000,10000,10000
056337,聯發科凱基98購06,0,0,0,0,0,0,0,0,0,10000,0,0,0,10000,0,10000,10000
056441,燿華凱基98購01  ,0,0,0,0,0,0,0,0,0,10000,0,0,0,30000,20000,10000,10000
056481,創意元大98購01  ,0,0,0,0,0,0,0,0,0,10000,0,0,0,20000,10000,10000,10000
056526,力山凱基98購01  ,0,0,0,0,0,0,0,0,0,10000,0,0,0,10000,0,10000,10000
056527,大成鋼凱基98購03,0,0,0,0,0,0,0,0,0,10000,0,0,0,10000,0,10000,10000
056555,矽創凱基98購01  ,0,0,0,0,0,0,0,0,0,10000,0,0,0,14000,4000,10000,10000
056544,貿聯凱基98購03  ,0,0,0,0,0,0,0,0,0,10000,0,0,0,10000,0,10000,10000
057245,福懋科台新98購01,0,0,0,0,0,0,0,0,0,10000,0,0,0,10000,0,10000,10000
057283,欣興元大98購07  ,0,0,0,0,0,0,0,0,0,10000,0,0,0,74000,64000,10000,10000
057313,聯發科麥證99購01,0,0,0,10000,0,10000,0,0,0,10000,0,0,0,10000,0,10000,10000
05732P,臺股指統一96售02,0,0,0,0,0,0,0,0,0,10000,0,0,0,50000,40000,10000,10000
057338,群創國票99購01  ,0,0,0,0,0,0,0,0,0,10000,0,0,0,10000,0,10000,10000
06015P,大立光富邦98售04,0,0,0,0,0,0,0,0,0,10000,0,0,0,10000,0,10000,10000
06124P,超眾元大97售03  ,0,0,0,0,0,0,0,0,0,10000,0,0,0,10000,0,10000,10000
05773P,臺股指凱基99售03,0,0,0,0,0,0,0,0,0,10000,0,0,0,10000,0,10000,10000
05941P,聯發科凱基96售22,0,0,0,0,0,0,0,0,0,10000,0,0,0,10000,0,10000,10000
05959P,聯發科國票98售01,0,0,0,0,0,0,0,0,0,10000,0,0,0,10000,0,10000,10000
057117,開發金日盛9B購01,0,0,0,0,0,0,0,0,0,10000,0,0,0,10000,0,10000,10000
057152,緯穎國票99購03  ,0,0,0,0,0,0,0,0,0,10000,0,0,0,10000,0,10000,10000
056909,嘉聯益元大99購03,0,0,0,0,0,0,0,0,0,10000,0,0,0,17000,7000,10000,10000
056986,超眾群益98購03  ,0,0,0,0,0,0,0,0,0,10000,0,0,0,40000,30000,10000,10000
057013,聯發科麥證98購01,0,0,0,10000,0,10000,0,0,0,10000,0,0,0,10000,0,10000,10000
056563,華新科群益98購04,0,0,0,0,0,0,0,0,0,10000,0,0,0,25000,15000,10000,10000
056627,訊芯永豐98購01  ,0,0,0,0,0,0,0,0,0,10000,0,0,0,10000,0,10000,10000
056799,群創麥證98購01  ,0,0,0,10000,0,10000,0,0,0,10000,0,0,0,10000,0,10000,10000
05673P,台積電群益96售05,0,0,0,0,0,0,0,0,0,10000,0,0,0,10000,0,10000,10000
056828,國巨富邦9A購03  ,0,0,0,0,0,0,0,0,0,10000,0,0,0,53000,43000,10000,10000
056831,元油2X元富98購11,0,0,0,0,0,0,0,0,0,10000,0,0,0,10000,0,10000,10000
056843,冠德元富98購01  ,0,0,0,0,0,0,0,0,0,10000,0,0,0,10000,0,10000,10000
047450,南茂元大93購05  ,0,0,0,0,0,0,0,0,0,10000,0,0,0,107000,97000,10000,10000
047451,世紀鋼元大93購04,0,0,0,0,0,0,0,0,0,10000,0,0,0,10000,0,10000,10000
047443,智原元大94購01  ,0,0,0,0,0,0,0,0,0,10000,0,0,0,10000,0,10000,10000
047439,漢唐元大95購01  ,0,0,0,0,0,0,0,0,0,10000,0,0,0,10000,0,10000,10000
048676,和鑫國泰94購02  ,0,0,0,0,0,0,0,0,0,10000,0,0,0,10000,0,10000,10000
04403P,景碩國票95售01  ,0,0,0,0,0,0,0,0,0,10000,0,0,0,10000,0,10000,10000
045060,世紀鋼富邦93購01,0,0,0,0,0,0,0,0,0,10000,0,0,0,10000,0,10000,10000
044374,燿華兆豐93購01  ,0,0,0,0,0,0,0,0,0,10000,0,0,0,10000,0,10000,10000
047349,可成凱基93購06  ,0,0,0,0,0,0,0,0,0,10000,0,0,0,10000,0,10000,10000
047347,台積電凱基93購14,0,0,0,0,0,0,0,0,0,10000,0,0,0,10000,0,10000,10000
047369,漢唐國票94購01  ,0,0,0,0,0,0,0,0,0,10000,0,0,0,10000,0,10000,10000
04543P,鴻海富邦95售03  ,0,0,0,0,0,0,0,0,0,10000,0,0,0,10000,0,10000,10000
045457,光磊元大93購01  ,0,0,0,0,0,0,0,0,0,10000,0,0,0,10000,0,10000,10000
04541P,智易永豐94售03  ,0,0,0,0,0,0,0,0,0,10000,0,0,0,10000,0,10000,10000
045401,大立光兆豐93購01,0,0,0,0,0,0,0,0,0,10000,0,0,0,10000,0,10000,10000
045220,漢唐元大94購01  ,0,0,0,0,0,0,0,0,0,10000,0,0,0,10000,0,10000,10000
044611,正崴兆豐92購01  ,0,0,0,0,0,0,0,0,0,10000,0,0,0,10000,0,10000,10000
043916,群創凱基93購01  ,0,0,0,0,0,0,0,0,0,10000,0,0,0,20000,10000,10000,10000
04391P,玉晶光凱基95售03,0,0,0,0,0,0,0,0,0,10000,0,0,0,10000,0,10000,10000
04601P,大立光凱基94售07,0,0,0,0,0,0,0,0,0,10000,0,0,0,10000,0,10000,10000
046057,致伸群益92購01  ,0,0,0,0,0,0,0,0,0,10000,0,0,0,10000,0,10000,10000
04606P,高股息中信96售01,0,0,0,0,0,0,0,0,0,10000,0,0,0,10000,0,10000,10000
046082,矽力凱基92購01  ,0,0,0,0,0,0,0,0,0,10000,0,0,0,10000,0,10000,10000
046094,南茂兆豐92購01  ,0,0,0,0,0,0,0,0,0,10000,0,0,0,10000,0,10000,10000
046213,可成統一92購06  ,0,0,0,0,0,0,0,0,0,10000,0,0,0,10000,0,10000,10000
046185,正崴凱基93購02  ,0,0,0,0,0,0,0,0,0,10000,0,0,0,10000,0,10000,10000
046158,聯發科群益92購02,0,0,0,0,0,0,0,0,0,10000,0,0,0,10000,0,10000,10000
04223P,友達統一93售05  ,0,0,0,0,0,0,0,0,0,10000,0,0,0,10000,0,10000,10000
041210,群創元富93購01  ,0,0,0,0,0,0,0,0,0,10000,0,0,0,40000,30000,10000,10000
04152P,喬山永豐93售02  ,0,0,0,0,0,0,0,0,0,10000,0,0,0,10000,0,10000,10000
04022P,群創元富96售04  ,0,0,0,0,0,0,0,0,0,10000,0,0,0,210000,200000,10000,10000
03953P,易華電凱基94售01,0,0,0,0,0,0,0,0,0,10000,0,0,0,10000,0,10000,10000
03974P,大立光元大93售25,0,0,0,0,0,0,0,0,0,10000,0,0,0,10000,0,10000,10000
04253P,聯發科元富93售01,0,0,0,0,0,0,0,0,0,10000,0,0,0,20000,10000,10000,10000
045907,鴻海中信94購02  ,0,0,0,0,0,0,0,0,0,10000,0,0,0,11000,1000,10000,10000
042787,新日興兆豐93購01,0,0,0,0,0,0,0,0,0,10000,0,0,0,10000,0,10000,10000
045791,台表科元大93購04,0,0,0,0,0,0,0,0,0,10000,0,0,0,10000,0,10000,10000
045807,上緯控國票93購01,0,0,0,0,0,0,0,0,0,10000,0,0,0,10000,0,10000,10000
045568,上証2X元大95購01,0,0,0,0,0,0,0,0,0,10000,0,0,0,10000,0,10000,10000
045556,可成國票93購01  ,0,0,0,0,0,0,0,0,0,10000,0,0,0,10000,0,10000,10000
03641C,臺股指凱基95牛18,0,0,0,0,0,0,0,0,0,10000,0,0,0,10000,0,10000,10000
03532P,臺股指凱基02售11,0,0,0,0,0,0,0,0,0,10000,0,0,0,10000,0,10000,10000
03637C,臺股指凱基94牛18,0,0,0,0,0,0,0,0,0,10000,0,0,0,10000,0,10000,10000
04869P,鴻海元富95售02  ,0,0,0,0,0,0,0,0,0,10000,0,0,0,26000,16000,10000,10000
048764,台光電凱基94購03,0,0,0,0,0,0,0,0,0,10000,0,0,0,10000,0,10000,10000
048755,志超元富96購01  ,0,0,0,0,0,0,0,0,0,10000,0,0,0,33000,23000,10000,10000
048777,瀚宇博凱基94購02,0,0,0,0,0,0,0,0,0,10000,0,0,0,10000,0,10000,10000
048246,京元電兆豐93購02,0,0,0,0,0,0,0,0,0,10000,0,0,0,10000,0,10000,10000
048293,聯詠群益93購04  ,0,0,0,0,0,0,0,0,0,10000,0,0,0,10000,0,10000,10000
04664P,臺股指國票94售03,0,0,0,0,0,0,0,0,0,10000,0,0,0,10000,0,10000,10000
048155,瑞昱兆豐93購01  ,0,0,0,0,0,0,0,0,0,10000,0,0,0,10000,0,10000,10000
048144,華固統一93購01  ,0,0,0,0,0,0,0,0,0,10000,0,0,0,10000,0,10000,10000
04817P,創意國票95售02  ,0,0,0,0,0,0,0,0,0,10000,0,0,0,10000,0,10000,10000
048193,旺宏元大94購05  ,0,0,0,0,0,0,0,0,0,10000,0,0,0,17000,7000,10000,10000
048426,超眾元富93購01  ,0,0,0,0,0,0,0,0,0,10000,0,0,0,10000,0,10000,10000
048524,GIS元富94購01   ,0,0,0,0,0,0,0,0,0,10000,0,0,0,10000,0,10000,10000
046706,智邦台新93購01  ,0,0,0,0,0,0,0,0,0,10000,0,0,0,10000,0,10000,10000
046758,聯發科凱基93購05,0,0,0,0,0,0,0,0,0,10000,0,0,0,10000,0,10000,10000
046751,鴻海凱基93購18  ,0,0,0,0,0,0,0,0,0,10000,0,0,0,10000,0,10000,10000
048055,燿華國泰95購02  ,0,0,0,0,0,0,0,0,0,10000,0,0,0,10000,0,10000,10000
046287,禾伸堂兆豐92購01,0,0,0,0,0,0,0,0,0,10000,0,0,0,10000,0,10000,10000
047655,聯發科兆豐93購02,0,0,0,0,0,0,0,0,0,10000,0,0,0,10000,0,10000,10000
047574,和大群益93購03  ,0,0,0,0,0,0,0,0,0,10000,0,0,0,10000,0,10000,10000
048109,旺宏群益94購02  ,0,0,0,0,0,0,0,0,0,10000,0,0,0,20000,10000,10000,10000
048092,聯發科凱基93購29,0,0,0,0,0,0,0,0,0,10000,0,0,0,10000,0,10000,10000
048107,華通群益93購02  ,0,0,0,0,0,0,0,0,0,10000,0,0,0,20000,10000,10000,10000
047767,聯發科元大93購20,0,0,0,0,0,0,0,0,0,10000,0,0,0,10000,0,10000,10000
047725,廣達群益93購01  ,0,0,0,0,0,0,0,0,0,10000,0,0,0,30000,20000,10000,10000
047695,聯發科國票93購06,0,0,0,0,0,0,0,0,0,10000,0,0,0,10000,0,10000,10000
047706,燿華凱基95購01  ,0,0,0,0,0,0,0,0,0,10000,0,0,0,10000,0,10000,10000
047678,景碩台新93購01  ,0,0,0,0,0,0,0,0,0,10000,0,0,0,10000,0,10000,10000
046299,大立光富邦93購04,0,0,0,0,0,0,0,0,0,10000,0,0,0,10000,0,10000,10000
046390,旺宏統一94購02  ,0,0,0,0,0,0,0,0,0,10000,0,0,0,10000,0,10000,10000
046356,智伸科群益93購01,0,0,0,0,0,0,0,0,0,10000,0,0,0,11000,1000,10000,10000
046429,矽力元大92購03  ,0,0,0,0,0,0,0,0,0,10000,0,0,0,20000,10000,10000,10000
046435,聯發科群益92購06,0,0,0,0,0,0,0,0,0,10000,0,0,0,10000,0,10000,10000
047802,滬深2X凱基95購03,0,0,0,0,0,0,0,0,0,10000,0,0,0,10000,0,10000,10000
046597,可成亞東93購01  ,0,0,0,0,0,0,0,0,0,10000,0,0,0,10000,0,10000,10000
046561,可成凱基92購11  ,0,0,0,0,0,0,0,0,0,10000,0,0,0,30000,20000,10000,10000
04653P,臺股指凱基94售12,0,0,0,0,0,0,0,0,0,10000,0,0,0,10000,0,10000,10000
046515,嘉澤元大92購04  ,0,0,0,0,0,0,0,0,0,10000,0,0,0,10000,0,10000,10000
051029,緯創元富95購01  ,0,0,0,0,0,0,0,0,0,10000,0,0,0,10000,0,10000,10000
051037,大立光台新95購01,0,0,0,0,0,0,0,0,0,10000,0,0,0,10000,0,10000,10000
051082,上証2X元大98購01,0,0,0,0,0,0,0,0,0,10000,0,0,0,10000,0,10000,10000
05106P,鴻海永豐95售02  ,0,0,0,0,0,0,0,0,0,10000,0,0,0,20000,10000,10000,10000
051053,台光電群益95購01,0,0,0,0,0,0,0,0,0,10000,0,0,0,25000,15000,10000,10000
051346,仁寶元大95購01  ,0,0,0,0,0,0,0,0,0,10000,0,0,0,10000,0,10000,10000
05132P,鴻海元富95售07  ,0,0,0,0,0,0,0,0,0,10000,0,0,0,10000,0,10000,10000
047994,亞德客元大93購03,0,0,0,0,0,0,0,0,0,10000,0,0,0,34000,24000,10000,10000
051204,正崴麥證95購01  ,0,0,0,10000,0,10000,0,0,0,10000,0,0,0,10000,0,10000,10000
051205,華新科麥證95購02,0,0,0,20000,10000,10000,0,0,0,10000,0,0,0,20000,10000,10000,10000
051188,鴻海兆豐95購01  ,0,0,0,0,0,0,0,0,0,10000,0,0,0,10000,0,10000,10000
047180,台積電元大93購18,0,0,0,0,0,0,0,0,0,10000,0,0,0,10000,0,10000,10000
047301,啟碁國泰94購01  ,0,0,0,0,0,0,0,0,0,10000,0,0,0,10000,0,10000,10000
046962,群創中信95購03  ,0,0,0,0,0,0,0,0,0,10000,0,0,0,10000,0,10000,10000
046946,益航元大94購01  ,0,0,0,0,0,0,0,0,0,10000,0,0,0,10000,0,10000,10000
047027,新光金元大95購01,0,0,0,0,0,0,0,0,0,10000,0,0,0,10000,0,10000,10000
047002,鴻海統一93購04  ,0,0,0,0,0,0,0,0,0,10000,0,0,0,20000,10000,10000,10000
046989,可成凱基93購03  ,0,0,0,0,0,0,0,0,0,10000,0,0,0,30000,20000,10000,10000
046991,健策凱基93購04  ,0,0,0,0,0,0,0,0,0,10000,0,0,0,10000,0,10000,10000
047858,臺股指國票93購13,0,0,0,0,0,0,0,0,0,10000,0,0,0,10000,0,10000,10000
047834,義隆元大93購02  ,0,0,0,0,0,0,0,0,0,10000,0,0,0,10000,0,10000,10000
046830,大立光群益93購07,0,0,0,0,0,0,0,0,0,10000,0,0,0,10000,0,10000,10000
046790,康友永豐93購01  ,0,0,0,0,0,0,0,0,0,10000,0,0,0,10000,0,10000,10000
046791,台郡統一96購01  ,0,0,0,0,0,0,0,0,0,10000,0,0,0,10000,0,10000,10000
047910,全新麥證94購01  ,0,0,0,30000,20000,10000,0,0,0,10000,0,0,0,30000,20000,10000,10000
047899,貿聯群益93購03  ,0,0,0,0,0,0,0,0,0,10000,0,0,0,10000,0,10000,10000
046900,旺宏凱基93購02  ,0,0,0,0,0,0,0,0,0,10000,0,0,0,10000,0,10000,10000
046927,上銀富邦95購01  ,0,0,0,0,0,0,0,0,0,10000,0,0,0,10000,0,10000,10000
047066,力成凱基93購04  ,0,0,0,0,0,0,0,0,0,10000,0,0,0,10000,0,10000,10000
052318,友達元大98購01  ,0,0,0,0,0,0,0,0,0,10000,0,0,0,10000,0,10000,10000
052399,台光電凱基95購03,0,0,0,0,0,0,0,0,0,10000,0,0,0,51000,41000,10000,10000
052369,矽力國票96購02  ,0,0,0,0,0,0,0,0,0,10000,0,0,0,20000,10000,10000,10000
052374,瑞昱元大95購02  ,0,0,0,0,0,0,0,0,0,10000,0,0,0,10000,0,10000,10000
052279,旺宏凱基95購07  ,0,0,0,0,0,0,0,0,0,10000,0,0,0,10000,0,10000,10000
052536,聯茂國泰97購01  ,0,0,0,0,0,0,0,0,0,10000,0,0,0,10000,0,10000,10000
052554,正崴國票97購01  ,0,0,0,0,0,0,0,0,0,10000,0,0,0,10000,0,10000,10000
052489,義隆國票96購02  ,0,0,0,0,0,0,0,0,0,10000,0,0,0,10000,0,10000,10000
052515,矽力凱基95購02  ,0,0,0,0,0,0,0,0,0,10000,0,0,0,10000,0,10000,10000
052483,超眾群益95購03  ,0,0,0,0,0,0,0,0,0,10000,0,0,0,31000,21000,10000,10000
051894,嘉聯益元富95購03,0,0,0,0,0,0,0,0,0,10000,0,0,0,10000,0,10000,10000
052168,鴻海元大96購10  ,0,0,0,0,0,0,0,0,0,10000,0,0,0,10000,0,10000,10000
052134,智邦凱基95購09  ,0,0,0,0,0,0,0,0,0,10000,0,0,0,19000,9000,10000,10000
05220P,台積電元大95售16,0,0,0,0,0,0,0,0,0,10000,0,0,0,10000,0,10000,10000
050120,GIS元大95購02   ,0,0,0,0,0,0,0,0,0,10000,0,0,0,30000,20000,10000,10000
051817,元金2X統一95購01,0,0,0,0,0,0,0,0,0,10000,0,0,0,10000,0,10000,10000
051824,華通元大95購07  ,0,0,0,0,0,0,0,0,0,10000,0,0,0,10000,0,10000,10000
050071,明泰凱基94購01  ,0,0,0,0,0,0,0,0,0,10000,0,0,0,10000,0,10000,10000
050092,鴻海永豐94購04  ,0,0,0,0,0,0,0,0,0,10000,0,0,0,87000,77000,10000,10000
049161,聯發科亞東94購01,0,0,0,0,0,0,0,0,0,10000,0,0,0,10000,0,10000,10000
051639,康友國票96購02  ,0,0,0,0,0,0,0,0,0,10000,0,0,0,20000,10000,10000,10000
051648,TPK永豐95購01   ,0,0,0,0,0,0,0,0,0,10000,0,0,0,10000,0,10000,10000
051625,聯發科麥證95購01,0,0,0,20000,10000,10000,0,0,0,10000,0,0,0,20000,10000,10000,10000
051629,上証2X國票95購04,0,0,0,0,0,0,0,0,0,10000,0,0,0,10000,0,10000,10000
051721,玉晶光永豐96購02,0,0,0,0,0,0,0,0,0,10000,0,0,0,10000,0,10000,10000
050290,南亞科凱基94購06,0,0,0,0,0,0,0,0,0,10000,0,0,0,10000,0,10000,10000
050291,聯發科凱基94購16,0,0,0,0,0,0,0,0,0,10000,0,0,0,10000,0,10000,10000
050486,可成元富94購05  ,0,0,0,0,0,0,0,0,0,10000,0,0,0,10000,0,10000,10000
051396,健鼎兆豐95購01  ,0,0,0,0,0,0,0,0,0,10000,0,0,0,10000,0,10000,10000
051402,玉晶光永豐95購04,0,0,0,0,0,0,0,0,0,10000,0,0,0,12000,2000,10000,10000
051404,牧德永豐96購01  ,0,0,0,0,0,0,0,0,0,10000,0,0,0,31000,21000,10000,10000
050311,上銀兆豐95購01  ,0,0,0,0,0,0,0,0,0,10000,0,0,0,10000,0,10000,10000
050346,康友元富94購03  ,0,0,0,0,0,0,0,0,0,10000,0,0,0,10000,0,10000,10000
049090,茂林凱基94購01  ,0,0,0,0,0,0,0,0,0,10000,0,0,0,10000,0,10000,10000
049031,矽格群益94購01  ,0,0,0,0,0,0,0,0,0,10000,0,0,0,15000,5000,10000,10000
050182,淘帝元大94購01  ,0,0,0,0,0,0,0,0,0,10000,0,0,0,10000,0,10000,10000
050183,奇鋐元大96購01  ,0,0,0,0,0,0,0,0,0,10000,0,0,0,10000,0,10000,10000
051758,瑞昱元大95購01  ,0,0,0,0,0,0,0,0,0,10000,0,0,0,10000,0,10000,10000
051770,南茂元大95購02  ,0,0,0,0,0,0,0,0,0,10000,0,0,0,10000,0,10000,10000
052080,康友元富98購02  ,0,0,0,0,0,0,0,0,0,10000,0,0,0,10000,0,10000,10000
052031,臺股指群益95購04,0,0,0,0,0,0,0,0,0,10000,0,0,0,10000,0,10000,10000
052089,聯發科元大96購02,0,0,0,0,0,0,0,0,0,10000,0,0,0,80000,70000,10000,10000
050577,美律國票94購03  ,0,0,0,0,0,0,0,0,0,10000,0,0,0,40000,30000,10000,10000
050623,致新元大94購05  ,0,0,0,0,0,0,0,0,0,10000,0,0,0,10000,0,10000,10000
050656,瑞儀凱基96購01  ,0,0,0,0,0,0,0,0,0,10000,0,0,0,10000,0,10000,10000
050659,宏達電元大96購01,0,0,0,0,0,0,0,0,0,10000,0,0,0,10000,0,10000,10000
051540,力成國票95購01  ,0,0,0,0,0,0,0,0,0,10000,0,0,0,10000,0,10000,10000
05053P,新日興群益95售01,0,0,0,0,0,0,0,0,0,10000,0,0,0,10000,0,10000,10000
051246,美律元大96購01  ,0,0,0,0,0,0,0,0,0,10000,0,0,0,10000,0,10000,10000
050854,世紀鋼國票97購01,0,0,0,0,0,0,0,0,0,10000,0,0,0,50000,40000,10000,10000
050866,景碩永豐95購01  ,0,0,0,0,0,0,0,0,0,10000,0,0,0,20000,10000,10000,10000
05087P,GIS國泰96售01   ,0,0,0,0,0,0,0,0,0,10000,0,0,0,10000,0,10000,10000
049701,聯茂元大94購05  ,0,0,0,0,0,0,0,0,0,10000,0,0,0,10000,0,10000,10000
049351,揚明光永豐94購01,0,0,0,0,0,0,0,0,0,10000,0,0,0,10000,0,10000,10000
049344,華固統一94購01  ,0,0,0,0,0,0,0,0,0,10000,0,0,0,10000,0,10000,10000
049345,富邦金統一94購02,0,0,0,0,0,0,0,0,0,10000,0,0,0,10000,0,10000,10000
049334,上銀統一94購01  ,0,0,0,0,0,0,0,0,0,10000,0,0,0,10000,0,10000,10000
050732,台虹國票94購01  ,0,0,0,0,0,0,0,0,0,10000,0,0,0,80000,70000,10000,10000
050743,京鼎永豐94購02  ,0,0,0,0,0,0,0,0,0,10000,0,0,0,50000,40000,10000,10000
050749,道瓊銀統一96購03,0,0,0,0,0,0,0,0,0,10000,0,0,0,10000,0,10000,10000
049386,嘉聯益元大95購01,0,0,0,0,0,0,0,0,0,10000,0,0,0,30000,20000,10000,10000
049382,牧德元大94購04  ,0,0,0,0,0,0,0,0,0,10000,0,0,0,10000,0,10000,10000
049813,康控元大96購02  ,0,0,0,0,0,0,0,0,0,10000,0,0,0,10000,0,10000,10000
04984P,臺股指康和94售04,0,0,0,0,0,0,0,0,0,10000,0,0,0,10000,0,10000,10000
050676,道瓊銀統一96購02,0,0,0,0,0,0,0,0,0,10000,0,0,0,10000,0,10000,10000
050698,明泰凱基96購01  ,0,0,0,0,0,0,0,0,0,10000,0,0,0,10000,0,10000,10000
048863,超眾群益94購01  ,0,0,0,0,0,0,0,0,0,10000,0,0,0,10000,0,10000,10000
048852,旺宏群益96購02  ,0,0,0,0,0,0,0,0,0,10000,0,0,0,21000,11000,10000,10000
048856,高鐵群益94購01  ,0,0,0,0,0,0,0,0,0,10000,0,0,0,10000,0,10000,10000
051375,道瓊反群益9A購01,0,0,0,0,0,0,0,0,0,10000,0,0,0,10000,0,10000,10000
051377,鴻海群益95購07  ,0,0,0,0,0,0,0,0,0,10000,0,0,0,10000,0,10000,10000
049210,昇陽半群益94購02,0,0,0,0,0,0,0,0,0,10000,0,0,0,20000,10000,10000,10000
050755,和大元富94購01  ,0,0,0,0,0,0,0,0,0,10000,0,0,0,20000,10000,10000,10000
051386,富邦金麥證96購01,0,0,0,10000,0,10000,0,0,0,10000,0,0,0,10000,0,10000,10000
049934,緯穎元大94購08  ,0,0,0,0,0,0,0,0,0,10000,0,0,0,35000,25000,10000,10000
049925,創意元大95購02  ,0,0,0,0,0,0,0,0,0,10000,0,0,0,10000,0,10000,10000
049886,華通永昌95購01  ,0,0,0,0,0,0,0,0,0,10000,0,0,0,10000,0,10000,10000
04958P,和大凱基94售04  ,0,0,0,0,0,0,0,0,0,10000,0,0,0,96000,86000,10000,10000
054842,台達電兆豐98購01,0,0,0,0,0,0,0,0,0,10000,0,0,0,10000,0,10000,10000
054857,信錦群益97購01  ,0,0,0,0,0,0,0,0,0,10000,0,0,0,10000,0,10000,10000
054800,訊芯群益99購01  ,0,0,0,0,0,0,0,0,0,10000,0,0,0,11000,1000,10000,10000
054922,文曄凱基98購01  ,0,0,0,0,0,0,0,0,0,10000,0,0,0,10000,0,10000,10000
05493P,華新科富邦99售02,0,0,0,0,0,0,0,0,0,10000,0,0,0,10000,0,10000,10000
054897,信錦康和97購01  ,0,0,0,0,0,0,0,0,0,10000,0,0,0,10000,0,10000,10000
054976,上証2X元富9A購01,0,0,0,0,0,0,0,0,0,10000,0,0,0,10000,0,10000,10000
054957,興富發元大97購01,0,0,0,0,0,0,0,0,0,10000,0,0,0,60000,50000,10000,10000
055004,群創元富99購06  ,0,0,0,0,0,0,0,0,0,10000,0,0,0,60000,50000,10000,10000
054990,凌陽元富97購01  ,0,0,0,0,0,0,0,0,0,10000,0,0,0,10000,0,10000,10000
055070,聯茂永豐97購01  ,0,0,0,0,0,0,0,0,0,10000,0,0,0,10000,0,10000,10000
055209,勤誠康和97購01  ,0,0,0,0,0,0,0,0,0,10000,0,0,0,80000,70000,10000,10000
054340,大成鋼元富96購01,0,0,0,0,0,0,0,0,0,10000,0,0,0,10000,0,10000,10000
054341,燿華元富96購03  ,0,0,0,0,0,0,0,0,0,10000,0,0,0,10000,0,10000,10000
054408,義隆國票98購01  ,0,0,0,0,0,0,0,0,0,10000,0,0,0,20000,10000,10000,10000
054374,信邦中信96購01  ,0,0,0,0,0,0,0,0,0,10000,0,0,0,80000,70000,10000,10000
054570,易華電群益98購01,0,0,0,0,0,0,0,0,0,10000,0,0,0,10000,0,10000,10000
054531,聯發科國泰97購02,0,0,0,0,0,0,0,0,0,10000,0,0,0,10000,0,10000,10000
05453P,智邦群益95售03  ,0,0,0,0,0,0,0,0,0,10000,0,0,0,10000,0,10000,10000
054630,聯鈞凱基98購01  ,0,0,0,0,0,0,0,0,0,10000,0,0,0,51000,41000,10000,10000
054643,上証2X群益9B購01,0,0,0,0,0,0,0,0,0,10000,0,0,0,10000,0,10000,10000
054655,貿聯麥證98購01  ,0,0,0,20000,10000,10000,0,0,0,10000,0,0,0,20000,10000,10000,10000
054210,台光電國票97購03,0,0,0,0,0,0,0,0,0,10000,0,0,0,10000,0,10000,10000
05416P,喬山永豐95售04  ,0,0,0,0,0,0,0,0,0,10000,0,0,0,10000,0,10000,10000
054317,昇陽半凱基98購01,0,0,0,0,0,0,0,0,0,10000,0,0,0,17000,7000,10000,10000
054263,聯茂元大96購02  ,0,0,0,0,0,0,0,0,0,10000,0,0,0,10000,0,10000,10000
054264,超眾元大97購02  ,0,0,0,0,0,0,0,0,0,10000,0,0,0,32000,22000,10000,10000
05405P,大立光群益95售04,0,0,0,0,0,0,0,0,0,10000,0,0,0,40000,30000,10000,10000
054070,創意國泰96購02  ,0,0,0,0,0,0,0,0,0,10000,0,0,0,20000,10000,10000,10000
054101,茂林國票97購04  ,0,0,0,0,0,0,0,0,0,10000,0,0,0,10000,0,10000,10000
054135,大立光元大97購04,0,0,0,0,0,0,0,0,0,10000,0,0,0,15000,5000,10000,10000
053722,新光金凱基9C購01,0,0,0,0,0,0,0,0,0,10000,0,0,0,10000,0,10000,10000
053730,樺漢凱基98購01  ,0,0,0,0,0,0,0,0,0,10000,0,0,0,40000,30000,10000,10000
053705,滬深2X凱基99購01,0,0,0,0,0,0,0,0,0,10000,0,0,0,10000,0,10000,10000
053895,智易群益96購02  ,0,0,0,0,0,0,0,0,0,10000,0,0,0,10000,0,10000,10000
053986,矽創第一96購01  ,0,0,0,0,0,0,0,0,0,10000,0,0,0,10000,0,10000,10000
053946,全新富邦97購02  ,0,0,0,0,0,0,0,0,0,10000,0,0,0,10000,0,10000,10000
053299,台泥凱基96購01  ,0,0,0,0,0,0,0,0,0,10000,0,0,0,10000,0,10000,10000
053437,啟碁日盛96購01  ,0,0,0,0,0,0,0,0,0,10000,0,0,0,10000,0,10000,10000
053423,亞光永豐96購01  ,0,0,0,0,0,0,0,0,0,10000,0,0,0,71000,61000,10000,10000
05364P,臺股指富邦95售04,0,0,0,0,0,0,0,0,0,10000,0,0,0,10000,0,10000,10000
053590,新光金元大9A購02,0,0,0,0,0,0,0,0,0,10000,0,0,0,72000,62000,10000,10000
053565,台光電富邦98購01,0,0,0,0,0,0,0,0,0,10000,0,0,0,10000,0,10000,10000
052773,大成鋼亞東97購01,0,0,0,0,0,0,0,0,0,10000,0,0,0,10000,0,10000,10000
052800,國巨元大96購05  ,0,0,0,0,0,0,0,0,0,10000,0,0,0,10000,0,10000,10000
052899,和大國票97購01  ,0,0,0,0,0,0,0,0,0,10000,0,0,0,10000,0,10000,10000
052868,緯創凱基96購03  ,0,0,0,0,0,0,0,0,0,10000,0,0,0,10000,0,10000,10000
05258P,臺股指凱基96售11,0,0,0,0,0,0,0,0,0,10000,0,0,0,10000,0,10000,10000
052615,鴻海國泰98購01  ,0,0,0,0,0,0,0,0,0,10000,0,0,0,10000,0,10000,10000
052707,景碩台新96購01  ,0,0,0,0,0,0,0,0,0,10000,0,0,0,130000,120000,10000,10000
053031,華新科第一96購01,0,0,0,0,0,0,0,0,0,10000,0,0,0,10000,0,10000,10000
053228,康友台新97購01  ,0,0,0,0,0,0,0,0,0,10000,0,0,0,90000,80000,10000,10000
053246,聯詠國票97購02  ,0,0,0,0,0,0,0,0,0,10000,0,0,0,10000,0,10000,10000
053174,同欣電群益98購02,0,0,0,0,0,0,0,0,0,10000,0,0,0,10000,0,10000,10000
2358,廷鑫            ,11000,1000,10000,0,0,0,0,0,0,0,0,0,0,0,0,0,10000
2208,台船            ,73000,64000,9000,0,0,0,0,0,0,1000,2000,1000,1000,0,0,0,10000
2748,雲品            ,15000,5000,10000,0,0,0,0,0,0,0,0,0,0,0,0,0,10000
06385P,聯發科永豐97售02,0,0,0,0,0,0,0,0,0,10000,0,0,0,10000,0,10000,10000
06411P,晶相光永豐97售03,0,0,0,0,0,0,0,0,0,10000,0,0,0,10000,0,10000,10000
06329P,大立光兆豐97售04,0,0,0,0,0,0,0,0,0,10000,0,0,0,10000,0,10000,10000
06352P,臺股指富邦99售02,0,0,0,0,0,0,0,0,0,10000,0,0,0,10000,0,10000,10000
06365P,鴻海凱基97售09  ,0,0,0,0,0,0,0,0,0,10000,0,0,0,85000,75000,10000,10000
06390P,美律國票97售03  ,0,0,0,0,0,0,0,0,0,10000,0,0,0,10000,0,10000,10000
06148P,台積電元大97售17,0,0,0,0,0,0,0,0,0,10000,0,0,0,10000,0,10000,10000
06166P,大立光國票98售01,0,0,0,0,0,0,0,0,0,10000,0,0,0,10000,0,10000,10000
06241P,大立光元富9A售01,0,0,0,0,0,0,0,0,0,10000,0,0,0,10000,0,10000,10000
06251P,臺股指永昌97售03,0,0,0,0,0,0,0,0,0,10000,0,0,0,10000,0,10000,10000
06255P,臺股指群益97售08,0,0,0,0,0,0,0,0,0,10000,0,0,0,50000,40000,10000,10000
06227P,大立光群益97售04,0,0,0,0,0,0,0,0,0,10000,0,0,0,81000,71000,10000,10000
06279P,臺股指凱基97售11,0,0,0,0,0,0,0,0,0,10000,0,0,0,10000,0,10000,10000
06261P,上銀凱基97售03  ,0,0,0,0,0,0,0,0,0,10000,0,0,0,11000,1000,10000,10000
06283P,祥碩永豐97售01  ,0,0,0,0,0,0,0,0,0,10000,0,0,0,30000,20000,10000,10000
1307,三芳            ,11000,1000,10000,0,0,0,0,0,0,0,0,0,0,0,0,0,10000
06519P,元油2X元大98售03,0,0,0,0,0,0,0,0,0,10000,0,0,0,10000,0,10000,10000
06570P,大立光永豐98售01,0,0,0,0,0,0,0,0,0,10000,0,0,0,10000,0,10000,10000
06685P,鴻海國泰9A售01  ,0,0,0,0,0,0,0,0,0,10000,0,0,0,10000,0,10000,10000
06663P,鴻海兆豐98售03  ,0,0,0,0,0,0,0,0,0,10000,0,0,0,10000,0,10000,10000
056880,緯穎國票98購02  ,0,0,0,0,0,0,0,0,0,9000,0,0,0,35000,26000,9000,9000
056776,聯茂元大99購01  ,0,0,0,0,0,0,0,0,0,9000,0,0,0,9000,0,9000,9000
056624,景碩永豐98購01  ,0,0,0,0,0,0,0,0,0,9000,0,0,0,30000,21000,9000,9000
057015,元油2X凱基9B購04,0,0,0,0,0,0,0,0,0,9000,0,0,0,9000,0,9000,9000
057131,奇力新凱基98購05,0,0,0,0,0,0,0,0,0,9000,0,0,0,15000,6000,9000,9000
057442,玉晶光統一98購03,0,0,0,0,0,0,0,0,0,9000,0,0,0,10000,1000,9000,9000
057484,南亞科元大98購06,0,0,0,0,0,0,0,0,0,9000,0,0,0,13000,4000,9000,9000
055477,同欣電凱基98購01,0,0,0,0,0,0,0,0,0,9000,0,0,0,47000,38000,9000,9000
055932,玉山金群益99購01,0,0,0,0,0,0,0,0,0,9000,0,0,0,21000,12000,9000,9000
055884,臺股指元富97購01,0,0,0,0,0,0,0,0,0,9000,0,0,0,9000,0,9000,9000
047014,元油反元大99購01,0,0,0,0,0,0,0,0,0,9000,0,0,0,19000,10000,9000,9000
050993,聯發科元大95購05,0,0,0,0,0,0,0,0,0,9000,0,0,0,9000,0,9000,9000
046639,嘉晶永豐93購01  ,0,0,0,0,0,0,0,0,0,9000,0,0,0,108000,99000,9000,9000
045618,元油2X永豐98購01,0,0,0,0,0,0,0,0,0,9000,0,0,0,20000,11000,9000,9000
050911,光磊中信98購01  ,0,0,0,0,0,0,0,0,0,9000,0,0,0,9000,0,9000,9000
04974P,聯發科凱基96售02,0,0,0,0,0,0,0,0,0,9000,0,0,0,9000,0,9000,9000
051286,國巨統一97購01  ,0,0,0,0,0,0,0,0,0,9000,0,0,0,9000,0,9000,9000
051251,信邦元大95購01  ,0,0,0,0,0,0,0,0,0,9000,0,0,0,9000,0,9000,9000
051261,鴻海永昌96購05  ,0,0,0,0,0,0,0,0,0,9000,0,0,0,12000,3000,9000,9000
051988,台光電元大95購01,0,0,0,0,0,0,0,0,0,9000,0,0,0,41000,32000,9000,9000
04999P,南電永豐95售01  ,0,0,0,0,0,0,0,0,0,9000,0,0,0,50000,41000,9000,9000
050443,復盛凱基94購02  ,0,0,0,0,0,0,0,0,0,9000,0,0,0,40000,31000,9000,9000
051872,矽力凱基96購01  ,0,0,0,0,0,0,0,0,0,9000,0,0,0,40000,31000,9000,9000
052525,聯詠元大95購06  ,0,0,0,0,0,0,0,0,0,9000,0,0,0,9000,0,9000,9000
05291P,鴻海凱基95售16  ,0,0,0,0,0,0,0,0,0,9000,0,0,0,9000,0,9000,9000
053331,玉晶光永豐97購02,0,0,0,0,0,0,0,0,0,9000,0,0,0,15000,6000,9000,9000
053692,聯詠元大96購04  ,0,0,0,0,0,0,0,0,0,9000,0,0,0,9000,0,9000,9000
054083,智伸科元富96購01,0,0,0,0,0,0,0,0,0,9000,0,0,0,10000,1000,9000,9000
054055,全新國票99購02  ,0,0,0,0,0,0,0,0,0,9000,0,0,0,14000,5000,9000,9000
054670,康友元富97購01  ,0,0,0,0,0,0,0,0,0,9000,0,0,0,128000,119000,9000,9000
054486,漢唐台新96購01  ,0,0,0,0,0,0,0,0,0,9000,0,0,0,9000,0,9000,9000
055234,昇陽半國票98購02,0,0,0,0,0,0,0,0,0,9000,0,0,0,24000,15000,9000,9000
054954,華新科元大97購06,0,0,0,0,0,0,0,0,0,9000,0,0,0,10000,1000,9000,9000
06696P,台灣50國票99售01,0,0,0,0,0,0,0,0,0,9000,0,0,0,10000,1000,9000,9000
06618P,智邦元大98售04  ,0,0,0,0,0,0,0,0,0,9000,0,0,0,9000,0,9000,9000
06608P,立積群益99售02  ,0,0,0,0,0,0,0,0,0,9000,0,0,0,9000,0,9000,9000
06535P,可成群益99售02  ,0,0,0,0,0,0,0,0,0,9000,0,0,0,80000,71000,9000,9000
1234,黑松            ,9000,0,9000,0,0,0,0,0,0,0,0,0,0,0,0,0,9000
06273P,台表科凱基97售04,0,0,0,0,0,0,0,0,0,9000,0,0,0,36000,27000,9000,9000
06242P,大立光元富9A售02,0,0,0,0,0,0,0,0,0,9000,0,0,0,9000,0,9000,9000
06371P,茂林國票98售04  ,0,0,0,0,0,0,0,0,0,9000,0,0,0,129000,120000,9000,9000
06461P,玉晶光國泰9A售01,0,0,0,0,0,0,0,0,0,9000,0,0,0,101000,92000,9000,9000
2707,晶華            ,19000,17000,2000,0,0,0,0,0,0,7000,0,0,0,7000,0,7000,9000
5215,科嘉-KY         ,71000,28000,43000,0,0,0,0,34000,-34000,0,0,0,0,0,0,0,9000
2472,立隆電          ,54000,32000,22000,0,0,0,0,0,0,-13000,14000,27000,-13000,0,0,0,9000
056543,京鼎凱基98購01  ,0,0,0,0,0,0,0,0,0,8000,0,0,0,293000,285000,8000,8000
056007,上銀中信97購02  ,0,0,0,0,0,0,0,0,0,8000,0,0,0,226000,218000,8000,8000
056178,嘉澤元富97購02  ,0,0,0,0,0,0,0,0,0,8000,0,0,0,30000,22000,8000,8000
05726P,易華電永豐96售02,0,0,0,0,0,0,0,0,0,8000,0,0,0,8000,0,8000,8000
05799P,臺股指群益96售13,0,0,0,0,0,0,0,0,0,8000,0,0,0,33000,25000,8000,8000
06054P,臺股指中信9A售01,0,0,0,0,0,0,0,0,0,8000,0,0,0,8000,0,8000,8000
06057P,大立光凱基98售01,0,0,0,0,0,0,0,0,0,8000,0,0,0,58000,50000,8000,8000
057100,國巨中信9A購02  ,0,0,0,0,0,0,0,0,0,8000,0,0,0,10000,2000,8000,8000
057169,微星元大98購01  ,0,0,0,0,0,0,0,0,0,8000,0,0,0,161000,153000,8000,8000
057000,亞德客國票99購01,0,0,0,0,0,0,0,0,0,8000,0,0,0,70000,62000,8000,8000
056644,宏達電凱基98購04,0,0,0,0,0,0,0,0,0,8000,0,0,0,26000,18000,8000,8000
056804,T50反1統一9A購03,0,0,0,0,0,0,0,0,0,8000,0,0,0,8000,0,8000,8000
04272P,元上證凱基94售01,0,0,0,0,0,0,0,0,0,8000,0,0,0,56000,48000,8000,8000
03958P,嘉聯益統一93售01,0,0,0,0,0,0,0,0,0,8000,0,0,0,60000,52000,8000,8000
00647L,元大S&P500正2   ,0,68000,-68000,0,0,0,0,0,0,76000,144000,0,144000,6000,74000,-68000,8000
046020,滬深2X元大95購02,0,0,0,0,0,0,0,0,0,8000,0,0,0,8000,0,8000,8000
043652,微星國泰93購01  ,0,0,0,0,0,0,0,0,0,8000,0,0,0,8000,0,8000,8000
048435,致新國票93購01  ,0,0,0,0,0,0,0,0,0,8000,0,0,0,8000,0,8000,8000
04824P,亞泥中信94售02  ,0,0,0,0,0,0,0,0,0,8000,0,0,0,8000,0,8000,8000
051233,力成群益97購01  ,0,0,0,0,0,0,0,0,0,8000,0,0,0,20000,12000,8000,8000
047939,亞德客國票93購02,0,0,0,0,0,0,0,0,0,8000,0,0,0,8000,0,8000,8000
052378,矽力元大96購01  ,0,0,0,0,0,0,0,0,0,8000,0,0,0,13000,5000,8000,8000
052109,可成元富95購01  ,0,0,0,0,0,0,0,0,0,8000,0,0,0,8000,0,8000,8000
05163P,聯發科統一96售02,0,0,0,0,0,0,0,0,0,8000,0,0,0,57000,49000,8000,8000
050174,技嘉元大94購01  ,0,0,0,0,0,0,0,0,0,8000,0,0,0,8000,0,8000,8000
05196P,台積電永豐95售03,0,0,0,0,0,0,0,0,0,8000,0,0,0,8000,0,8000,8000
050773,京鼎元大94購02  ,0,0,0,0,0,0,0,0,0,8000,0,0,0,94000,86000,8000,8000
054956,宏盛元大97購01  ,0,0,0,0,0,0,0,0,0,8000,0,0,0,8000,0,8000,8000
055280,智邦元大97購01  ,0,0,0,0,0,0,0,0,0,8000,0,0,0,48000,40000,8000,8000
055026,健和興國泰98購01,0,0,0,0,0,0,0,0,0,8000,0,0,0,8000,0,8000,8000
054511,香港反元大98購01,0,0,0,0,0,0,0,0,0,8000,0,0,0,8000,0,8000,8000
054337,智邦統一96購01  ,0,0,0,0,0,0,0,0,0,8000,0,0,0,10000,2000,8000,8000
053823,茂林群益96購06  ,0,0,0,0,0,0,0,0,0,8000,0,0,0,8000,0,8000,8000
052794,群創兆豐97購01  ,0,0,0,0,0,0,0,0,0,8000,0,0,0,20000,12000,8000,8000
052772,台虹群益96購01  ,0,0,0,0,0,0,0,0,0,8000,0,0,0,60000,52000,8000,8000
052998,拓凱康和96購01  ,0,0,0,0,0,0,0,0,0,8000,0,0,0,8000,0,8000,8000
2511,太子            ,59000,49000,10000,0,0,0,0,0,0,-2000,0,2000,-2000,0,0,0,8000
1760,寶齡富錦        ,47000,38000,9000,0,0,0,0,0,0,-1000,0,0,0,0,1000,-1000,8000
1773,勝一            ,13000,5000,8000,0,0,0,0,0,0,0,0,0,0,0,0,0,8000
2013,中鋼構          ,9000,1000,8000,0,0,0,0,0,0,0,0,0,0,0,0,0,8000
4934,太極            ,393000,385000,8000,0,0,0,0,0,0,0,0,0,0,0,0,0,8000
06409P,康友元富97售03  ,0,0,0,0,0,0,0,0,0,8000,0,0,0,8000,0,8000,8000
06357P,臺股指永豐97售03,0,0,0,0,0,0,0,0,0,8000,0,0,0,8000,0,8000,8000
06149P,台積電元大97售18,0,0,0,0,0,0,0,0,0,8000,0,0,0,39000,31000,8000,8000
1103,嘉泥            ,284000,259000,25000,0,0,0,0,0,0,-17000,0,17000,-17000,0,0,0,8000
06625P,華新科統一98售03,0,0,0,0,0,0,0,0,0,8000,0,0,0,57000,49000,8000,8000
9930,中聯資源        ,9000,1000,8000,0,0,0,0,0,0,0,0,0,0,0,0,0,8000
6141,柏承            ,223000,215000,8000,0,0,0,0,0,0,0,0,0,0,0,0,0,8000
6197,佳必琪          ,64000,35000,29000,0,0,0,0,0,0,-21000,0,21000,-21000,0,0,0,8000
056875,亞光凱基98購03  ,0,0,0,0,0,0,0,0,0,7000,0,0,0,33000,26000,7000,7000
056842,全新元富98購01  ,0,0,0,0,0,0,0,0,0,7000,0,0,0,7000,0,7000,7000
056642,旺宏凱基98購07  ,0,0,0,0,0,0,0,0,0,7000,0,0,0,22000,15000,7000,7000
057017,和大凱基98購01  ,0,0,0,0,0,0,0,0,0,7000,0,0,0,75000,68000,7000,7000
057103,禾伸堂中信9A購01,0,0,0,0,0,0,0,0,0,7000,0,0,0,216000,209000,7000,7000
057120,茂林康和98購01  ,0,0,0,0,0,0,0,0,0,7000,0,0,0,7000,0,7000,7000
057039,元油2X元大9B購07,0,0,0,0,0,0,0,0,0,7000,0,0,0,7000,0,7000,7000
05786P,臺股指永昌96售03,0,0,0,0,0,0,0,0,0,7000,513000,111000,402000,145000,540000,-395000,7000
05950P,台積電國票97售04,0,0,0,0,0,0,0,0,0,7000,0,0,0,7000,0,7000,7000
05892P,大立光中信98售03,0,0,0,0,0,0,0,0,0,7000,0,0,0,32000,25000,7000,7000
057280,大立光元大98購15,0,0,0,0,0,0,0,0,0,7000,0,0,0,12000,5000,7000,7000
057336,聯發科國票99購01,0,0,0,0,0,0,0,0,0,7000,0,0,0,7000,0,7000,7000
055956,瑞昱元大97購05  ,0,0,0,0,0,0,0,0,0,7000,0,0,0,7000,0,7000,7000
055971,矽力元大97購05  ,0,0,0,0,0,0,0,0,0,7000,0,0,0,35000,28000,7000,7000
056062,大立光元大97購12,0,0,0,0,0,0,0,0,0,7000,0,0,0,15000,8000,7000,7000
056530,旺宏凱基98購06  ,0,0,0,0,0,0,0,0,0,7000,0,0,0,7000,0,7000,7000
056520,鴻海日盛99購01  ,0,0,0,0,0,0,0,0,0,7000,0,0,0,13000,6000,7000,7000
056317,華通群益99購02  ,0,0,0,0,0,0,0,0,0,7000,0,0,0,7000,0,7000,7000
055621,國巨國泰98購03  ,0,0,0,0,0,0,0,0,0,7000,0,0,0,175000,168000,7000,7000
055577,晶技統一97購02  ,0,0,0,0,0,0,0,0,0,7000,0,0,0,77000,70000,7000,7000
047919,技嘉凱基93購06  ,0,0,0,0,0,0,0,0,0,7000,0,0,0,7000,0,7000,7000
05134P,鴻海凱基96售06  ,0,0,0,0,0,0,0,0,0,7000,0,0,0,7000,0,7000,7000
051089,旺宏元大96購04  ,0,0,0,0,0,0,0,0,0,7000,0,0,0,67000,60000,7000,7000
048334,A50正2元大96購01,0,0,0,0,0,0,0,0,0,7000,0,0,0,17000,10000,7000,7000
04781P,欣興凱基94售06  ,0,0,0,0,0,0,0,0,0,7000,0,0,0,7000,0,7000,7000
048641,美律元大94購01  ,0,0,0,0,0,0,0,0,0,7000,0,0,0,29000,22000,7000,7000
048631,遠東新元大93購01,0,0,0,0,0,0,0,0,0,7000,0,0,0,108000,101000,7000,7000
047527,高鐵元大93購02  ,0,0,0,0,0,0,0,0,0,7000,0,0,0,7000,0,7000,7000
03939P,康控元大95售02  ,0,0,0,0,0,0,0,0,0,7000,0,0,0,8000,1000,7000,7000
03444P,道瓊銀群益02售04,0,0,0,0,0,0,0,0,0,7000,0,0,0,7000,0,7000,7000
048869,光罩國票94購01  ,0,0,0,0,0,0,0,0,0,7000,0,0,0,22000,15000,7000,7000
051956,滬深2X台新96購01,0,0,0,0,0,0,0,0,0,7000,0,0,0,7000,0,7000,7000
049771,GIS元富94購02   ,0,0,0,0,0,0,0,0,0,7000,0,0,0,7000,0,7000,7000
049622,聯詠群益94購02  ,0,0,0,0,0,0,0,0,0,7000,0,0,0,20000,13000,7000,7000
051699,世紀鋼麥證95購01,0,0,0,37000,30000,7000,0,0,0,7000,0,0,0,37000,30000,7000,7000
05010P,台郡元富95售01  ,0,0,0,0,0,0,0,0,0,7000,0,0,0,10000,3000,7000,7000
052373,鴻海元大95購22  ,0,0,0,0,0,0,0,0,0,7000,0,0,0,77000,70000,7000,7000
053072,國巨台新97購01  ,0,0,0,0,0,0,0,0,0,7000,0,0,0,7000,0,7000,7000
05371P,臺股指中信95售10,0,0,0,0,0,0,0,0,0,7000,0,0,0,37000,30000,7000,7000
053673,超眾元富96購03  ,0,0,0,0,0,0,0,0,0,7000,0,0,0,7000,0,7000,7000
053908,貿聯凱基98購01  ,0,0,0,0,0,0,0,0,0,7000,0,0,0,57000,50000,7000,7000
053979,健策元大98購01  ,0,0,0,0,0,0,0,0,0,7000,0,0,0,45000,38000,7000,7000
053332,創意永豐96購03  ,0,0,0,0,0,0,0,0,0,7000,0,0,0,27000,20000,7000,7000
054179,上海銀台新97購01,0,0,0,0,0,0,0,0,0,7000,0,0,0,57000,50000,7000,7000
054665,華通元富97購02  ,0,0,0,0,0,0,0,0,0,7000,0,0,0,7000,0,7000,7000
055133,致新康和97購01  ,0,0,0,0,0,0,0,0,0,7000,0,0,0,79000,72000,7000,7000
055294,智易元大98購01  ,0,0,0,0,0,0,0,0,0,7000,0,0,0,7000,0,7000,7000
05471P,聯電統一95售01  ,0,0,0,0,0,0,0,0,0,7000,0,0,0,7000,0,7000,7000
05470P,康控元大95售05  ,0,0,0,0,0,0,0,0,0,7000,0,0,0,22000,15000,7000,7000
6283,淳安            ,25000,18000,7000,0,0,0,0,0,0,0,0,0,0,0,0,0,7000
1316,上曜            ,8000,1000,7000,0,0,0,0,0,0,0,0,0,0,0,0,0,7000
1533,車王電          ,8000,1000,7000,0,0,0,0,0,0,0,0,0,0,0,0,0,7000
06360P,台積電群益97售05,0,0,0,0,0,0,0,0,0,7000,0,0,0,7000,0,7000,7000
5471,松翰            ,76000,69000,7000,0,0,0,0,0,0,0,0,0,0,0,0,0,7000
2881A,富邦特          ,8000,0,8000,0,0,0,0,0,0,-1000,4000,5000,-1000,0,0,0,7000
3501,維熹            ,7000,0,7000,0,0,0,0,0,0,0,0,0,0,0,0,0,7000
3209,全科            ,30000,11000,19000,0,0,0,0,0,0,-12000,0,12000,-12000,0,0,0,7000
055692,緯穎凱基97購03  ,0,0,0,0,0,0,0,0,0,6000,0,0,0,6000,0,6000,6000
055647,義隆元富97購01  ,0,0,0,0,0,0,0,0,0,6000,0,0,0,6000,0,6000,6000
055719,可成元大97購03  ,0,0,0,0,0,0,0,0,0,6000,0,0,0,116000,110000,6000,6000
055745,臻鼎元富97購01  ,0,0,0,0,0,0,0,0,0,6000,0,0,0,56000,50000,6000,6000
056370,台郡元大98購03  ,0,0,0,0,0,0,0,0,0,6000,0,0,0,18000,12000,6000,6000
056348,S&P反1元大9A購01,0,0,0,0,0,0,0,0,0,6000,0,0,0,6000,0,6000,6000
056452,亞光凱基98購02  ,0,0,0,0,0,0,0,0,0,6000,0,0,0,30000,24000,6000,6000
056087,世芯統一97購01  ,0,0,0,0,0,0,0,0,0,6000,0,0,0,10000,4000,6000,6000
056037,美律凱基98購03  ,0,0,0,0,0,0,0,0,0,6000,0,0,0,8000,2000,6000,6000
055958,台光電元大97購02,0,0,0,0,0,0,0,0,0,6000,0,0,0,6000,0,6000,6000
055967,臻鼎元大97購01  ,0,0,0,0,0,0,0,0,0,6000,0,0,0,107000,101000,6000,6000
056154,宏達電凱基97購03,0,0,0,0,0,0,0,0,0,6000,0,0,0,79000,73000,6000,6000
057273,智邦元大98購05  ,0,0,0,0,0,0,0,0,0,6000,0,0,0,85000,79000,6000,6000
056648,牧德凱基99購02  ,0,0,0,0,0,0,0,0,0,6000,0,0,0,6000,0,6000,6000
056813,聯茂統一99購01  ,0,0,0,0,0,0,0,0,0,6000,0,0,0,6000,0,6000,6000
056756,T50反1元大98購06,0,0,0,0,0,0,0,0,0,6000,0,0,0,6000,0,6000,6000
035277,景碩台新97購01  ,0,0,0,0,0,0,0,0,0,6000,0,0,0,8000,2000,6000,6000
00733,富邦臺灣中小    ,0,0,0,0,0,0,0,0,0,6000,0,0,0,213000,207000,6000,6000
04500P,燿華統一94售01  ,0,0,0,0,0,0,0,0,0,6000,0,0,0,6000,0,6000,6000
04417P,光罩國泰95售02  ,0,0,0,0,0,0,0,0,0,6000,0,0,0,6000,0,6000,6000
046293,聯發科統一94購01,0,0,0,0,0,0,0,0,0,6000,0,0,0,66000,60000,6000,6000
047768,大立光元大95購01,0,0,0,0,0,0,0,0,0,6000,0,0,0,11000,5000,6000,6000
046729,智伸科元大93購01,0,0,0,0,0,0,0,0,0,6000,0,0,0,6000,0,6000,6000
048218,上銀凱基93購07  ,0,0,0,0,0,0,0,0,0,6000,0,0,0,195000,189000,6000,6000
048161,旺宏麥證94購01  ,0,0,0,6000,0,6000,0,0,0,6000,0,0,0,6000,0,6000,6000
047269,同欣電康和93購01,0,0,0,0,0,0,0,0,0,6000,0,0,0,6000,0,6000,6000
047974,新光金兆豐93購01,0,0,0,0,0,0,0,0,0,6000,0,0,0,6000,0,6000,6000
047893,嘉聯益兆豐94購01,0,0,0,0,0,0,0,0,0,6000,0,0,0,6000,0,6000,6000
046831,大立光群益94購01,0,0,0,0,0,0,0,0,0,6000,0,0,0,11000,5000,6000,6000
05226P,智邦統一95售01  ,0,0,0,0,0,0,0,0,0,6000,0,0,0,16000,10000,6000,6000
052254,康友永豐95購03  ,0,0,0,0,0,0,0,0,0,6000,0,0,0,59000,53000,6000,6000
052432,康友永豐95購04  ,0,0,0,0,0,0,0,0,0,6000,0,0,0,53000,47000,6000,6000
05213P,台積電國票96售05,0,0,0,0,0,0,0,0,0,6000,0,0,0,11000,5000,6000,6000
050263,旺宏元大94購10  ,0,0,0,0,0,0,0,0,0,6000,0,0,0,12000,6000,6000,6000
048921,劍麟永豐94購01  ,0,0,0,0,0,0,0,0,0,6000,0,0,0,6000,0,6000,6000
050328,臻鼎永豐94購03  ,0,0,0,0,0,0,0,0,0,6000,0,0,0,6000,0,6000,6000
050384,嘉澤國票94購02  ,0,0,0,0,0,0,0,0,0,6000,0,0,0,16000,10000,6000,6000
050210,華新科國票94購08,0,0,0,0,0,0,0,0,0,6000,0,0,0,11000,5000,6000,6000
050150,國巨群益95購01  ,0,0,0,0,0,0,0,0,0,6000,0,0,0,8000,2000,6000,6000
049124,可成元富94購02  ,0,0,0,0,0,0,0,0,0,6000,0,0,0,6000,0,6000,6000
050841,國巨國票96購02  ,0,0,0,0,0,0,0,0,0,6000,0,0,0,27000,21000,6000,6000
049030,凌華群益94購01  ,0,0,0,0,0,0,0,0,0,6000,0,0,0,6000,0,6000,6000
048995,宏全元大94購01  ,0,0,0,0,0,0,0,0,0,6000,0,0,0,6000,0,6000,6000
048940,晶相光永豐94購01,0,0,0,0,0,0,0,0,0,6000,0,0,0,17000,11000,6000,6000
050545,奇力新凱基95購01,0,0,0,0,0,0,0,0,0,6000,0,0,0,6000,0,6000,6000
051958,貿聯台新95購01  ,0,0,0,0,0,0,0,0,0,6000,0,0,0,51000,45000,6000,6000
051484,玉晶光凱基97購01,0,0,0,0,0,0,0,0,0,6000,0,0,0,21000,15000,6000,6000
051455,樺漢元大96購01  ,0,0,0,0,0,0,0,0,0,6000,0,0,0,6000,0,6000,6000
049811,聯鈞元大94購01  ,0,0,0,0,0,0,0,0,0,6000,0,0,0,6000,0,6000,6000
049847,旺宏群益94購04  ,0,0,0,0,0,0,0,0,0,6000,0,0,0,7000,1000,6000,6000
055212,和大凱基97購02  ,0,0,0,0,0,0,0,0,0,6000,0,0,0,6000,0,6000,6000
05505P,聯發科凱基96售09,20000,0,20000,0,0,0,0,0,0,-14000,0,0,0,60000,74000,-14000,6000
054615,牧德永豐98購01  ,0,0,0,0,0,0,0,0,0,6000,0,0,0,48000,42000,6000,6000
054305,光磊凱基98購01  ,0,0,0,0,0,0,0,0,0,6000,0,0,0,6000,0,6000,6000
054063,聯茂國票97購02  ,0,0,0,0,0,0,0,0,0,6000,0,0,0,6000,0,6000,6000
05403P,台積電富邦95售08,0,0,0,0,0,0,0,0,0,6000,0,0,0,245000,239000,6000,6000
053549,南亞科凱基96購02,0,0,0,0,0,0,0,0,0,6000,0,0,0,22000,16000,6000,6000
053968,華邦電元大97購01,0,0,0,0,0,0,0,0,0,6000,0,0,0,89000,83000,6000,6000
053869,嘉澤元大96購02  ,0,0,0,0,0,0,0,0,0,6000,0,0,0,70000,64000,6000,6000
053266,全新群益98購01  ,0,0,0,0,0,0,0,0,0,6000,0,0,0,26000,20000,6000,6000
052594,友訊群益98購01  ,0,0,0,0,0,0,0,0,0,6000,0,0,0,174000,168000,6000,6000
3030,德律            ,80000,72000,8000,0,0,0,0,0,0,-2000,0,2000,-2000,0,0,0,6000
5288,豐祥-KY         ,8000,2000,6000,0,0,0,0,0,0,0,0,0,0,0,0,0,6000
2062,橋椿            ,14000,7000,7000,0,0,0,0,0,0,-1000,0,1000,-1000,0,0,0,6000
2495,普安            ,19000,13000,6000,0,0,0,0,0,0,0,0,0,0,0,0,0,6000
06370P,貿聯凱基97售03  ,0,0,0,0,0,0,0,0,0,6000,0,0,0,14000,8000,6000,6000
06340P,鴻海統一98售06  ,0,0,0,0,0,0,0,0,0,6000,0,0,0,6000,0,6000,6000
06311P,嘉聯益元富97售02,0,0,0,0,0,0,0,0,0,6000,0,0,0,36000,30000,6000,6000
06327P,台積電中信01售01,0,0,0,0,0,0,0,0,0,6000,0,0,0,6000,0,6000,6000
06239P,奇力新元大97售08,0,0,0,0,0,0,0,0,0,6000,0,0,0,49000,43000,6000,6000
1532,勤美            ,29000,22000,7000,0,0,0,0,0,0,-1000,0,1000,-1000,0,0,0,6000
1473,台南            ,12000,6000,6000,0,0,0,0,0,0,0,0,0,0,0,0,0,6000
1109,信大            ,23000,17000,6000,0,0,0,0,0,0,0,0,0,0,0,0,0,6000
06678P,大立光統一99售01,0,0,0,0,0,0,0,0,0,6000,0,0,0,6000,0,6000,6000
06545P,致茂元大98售01  ,0,0,0,0,0,0,0,0,0,6000,0,0,0,15000,9000,6000,6000
6184,大豐電          ,13000,7000,6000,0,0,0,0,0,0,0,0,0,0,0,0,0,6000
6698,旭暉應材        ,14000,20000,-6000,0,0,0,0,0,0,12000,13000,1000,12000,0,0,0,6000
8429,金麗-KY         ,11000,5000,6000,0,0,0,0,0,0,0,0,0,0,0,0,0,6000
5525,順天            ,23000,17620,5380,0,0,0,0,0,0,0,0,0,0,0,0,0,5380
056651,聯茂凱基98購04  ,0,0,0,0,0,0,0,0,0,5000,0,0,0,6000,1000,5000,5000
056662,臺股指元大9A購09,0,0,0,0,0,0,0,0,0,5000,0,0,0,15000,10000,5000,5000
056667,上銀國票99購01  ,0,0,0,0,0,0,0,0,0,5000,0,0,0,5000,0,5000,5000
057132,華新科凱基98購05,0,0,0,0,0,0,0,0,0,5000,0,0,0,16000,11000,5000,5000
057206,立積元富98購01  ,0,0,0,0,0,0,0,0,0,5000,0,0,0,5000,0,5000,5000
05692P,聯發科中信9A售02,0,0,0,0,0,0,0,0,0,5000,0,0,0,5000,0,5000,5000
057228,友達凱基9B購01  ,0,0,0,0,0,0,0,0,0,5000,0,0,0,5000,0,5000,5000
05739P,臺股指統一97售02,0,0,0,0,0,0,0,0,0,5000,0,0,0,5000,0,5000,5000
05960P,欣興統一96售01  ,0,0,0,0,0,0,0,0,0,5000,0,0,0,5000,0,5000,5000
05787P,臺股指永昌96售04,0,0,0,0,0,0,0,0,0,5000,520000,100000,420000,115000,530000,-415000,5000
05818P,大立光凱基96售14,0,0,0,0,0,0,0,0,0,5000,0,0,0,5000,0,5000,5000
05861P,瀚宇博永豐96售02,0,0,0,0,0,0,0,0,0,5000,0,0,0,47000,42000,5000,5000
05976P,國巨凱基96售14  ,0,0,0,0,0,0,0,0,0,5000,0,0,0,5000,0,5000,5000
05993P,國巨元大96售13  ,0,0,0,0,0,0,0,0,0,5000,0,0,0,5000,0,5000,5000
06090P,旺宏統一97售06  ,0,0,0,0,0,0,0,0,0,5000,0,0,0,15000,10000,5000,5000
056231,嘉聯益凱基97購02,0,0,0,0,0,0,0,0,0,5000,0,0,0,5000,0,5000,5000
055952,上銀元大97購08  ,0,0,0,0,0,0,0,0,0,5000,0,0,0,7000,2000,5000,5000
05586P,臺股指凱基96售15,0,0,0,0,0,0,0,0,0,5000,0,0,0,5000,0,5000,5000
055813,聯發科國票98購04,0,0,0,0,0,0,0,0,0,5000,0,0,0,5000,0,5000,5000
055591,全新元大98購01  ,0,0,0,0,0,0,0,0,0,5000,0,0,0,22000,17000,5000,5000
055597,禾伸堂元大98購02,0,0,0,0,0,0,0,0,0,5000,0,0,0,61000,56000,5000,5000
055413,全新富邦98購01  ,0,0,0,0,0,0,0,0,0,5000,0,0,0,15000,10000,5000,5000
04785P,鴻海永豐94售03  ,0,0,0,0,0,0,0,0,0,5000,0,0,0,5000,0,5000,5000
047886,京元電富邦95購01,0,0,0,0,0,0,0,0,0,5000,0,0,0,5000,0,5000,5000
051361,泰鼎元大95購01  ,0,0,0,0,0,0,0,0,0,5000,0,0,0,17000,12000,5000,5000
048483,可成國泰95購01  ,0,0,0,0,0,0,0,0,0,5000,0,0,0,299000,294000,5000,5000
048493,微星元大93購04  ,0,0,0,0,0,0,0,0,0,5000,0,0,0,15000,10000,5000,5000
048494,瑞昱元大93購13  ,0,0,0,0,0,0,0,0,0,5000,0,0,0,10000,5000,5000,5000
048339,友達元大95購01  ,0,0,0,0,0,0,0,0,0,5000,0,0,0,5000,0,5000,5000
048324,訊芯凱基93購03  ,0,0,0,0,0,0,0,0,0,5000,0,0,0,10000,5000,5000,5000
048277,建準永豐93購02  ,0,0,0,0,0,0,0,0,0,5000,0,0,0,5000,0,5000,5000
04880P,GIS永豐94售02   ,0,0,0,0,0,0,0,0,0,5000,0,0,0,50000,45000,5000,5000
048798,華新科國泰95購01,0,0,0,0,0,0,0,0,0,5000,0,0,0,5000,0,5000,5000
048747,華通元富97購01  ,0,0,0,0,0,0,0,0,0,5000,0,0,0,5000,0,5000,5000
046676,羅麗芬元大93購01,0,0,0,0,0,0,0,0,0,5000,0,0,0,5000,0,5000,5000
046509,中壽元大92購01  ,0,0,0,0,0,0,0,0,0,5000,0,0,0,5000,0,5000,5000
047774,台表科元大95購01,0,0,0,0,0,0,0,0,0,5000,0,0,0,47000,42000,5000,5000
044049,元金2X元大94購03,0,0,0,0,0,0,0,0,0,5000,0,0,0,5000,0,5000,5000
045095,緯穎元大94購02  ,0,0,0,0,0,0,0,0,0,5000,0,0,0,5000,0,5000,5000
048634,華通元大94購01  ,0,0,0,0,0,0,0,0,0,5000,0,0,0,122000,117000,5000,5000
047448,啟碁元大93購06  ,0,0,0,0,0,0,0,0,0,5000,0,0,0,5000,0,5000,5000
048547,訊芯永豐93購03  ,0,0,0,0,0,0,0,0,0,5000,0,0,0,5000,0,5000,5000
04741P,台積電統一94售10,0,0,0,0,0,0,0,0,0,5000,0,0,0,5000,0,5000,5000
048600,嘉澤國票94購01  ,0,0,0,0,0,0,0,0,0,5000,0,0,0,25000,20000,5000,5000
046105,同欣電永豐92購02,0,0,0,0,0,0,0,0,0,5000,0,0,0,5000,0,5000,5000
046124,健策元大92購04  ,0,0,0,0,0,0,0,0,0,5000,0,0,0,5000,0,5000,5000
044605,超眾國泰93購02  ,0,0,0,0,0,0,0,0,0,5000,0,0,0,5000,0,5000,5000
044688,傳奇凱基93購01  ,0,0,0,0,0,0,0,0,0,5000,0,0,0,5000,0,5000,5000
044722,滬深2X永豐93購01,0,0,0,0,0,0,0,0,0,5000,0,0,0,5000,0,5000,5000
044855,南電國泰93購01  ,0,0,0,0,0,0,0,0,0,5000,0,0,0,5000,0,5000,5000
00703,台新MSCI中國    ,0,0,0,0,0,0,0,0,0,5000,0,0,0,60000,55000,5000,5000
03943P,可成群益93售01  ,0,0,0,0,0,0,0,0,0,5000,0,0,0,10000,5000,5000,5000
039901,國巨國泰92購01  ,0,0,0,0,0,0,0,0,0,5000,0,0,0,5000,0,5000,5000
03972P,可成元大93售07  ,0,0,0,0,0,0,0,0,0,5000,0,0,0,5000,0,5000,5000
04106P,滬深2X永豐93售02,0,0,0,0,0,0,0,0,0,5000,0,0,0,5000,0,5000,5000
03359P,金像電群益02售04,0,0,0,0,0,0,0,0,0,5000,0,0,0,5000,0,5000,5000
03199P,台積電統一01售16,0,0,0,0,0,0,0,0,0,5000,0,0,0,65000,60000,5000,5000
03809P,鴻海永昌93售04  ,0,0,0,0,0,0,0,0,0,5000,0,0,0,5000,0,5000,5000
045653,南茂凱基93購02  ,0,0,0,0,0,0,0,0,0,5000,0,0,0,5000,0,5000,5000
045797,健策中信93購01  ,0,0,0,0,0,0,0,0,0,5000,0,0,0,40000,35000,5000,5000
049810,欣興元大95購03  ,0,0,0,0,0,0,0,0,0,5000,0,0,0,8000,3000,5000,5000
049869,訊芯兆豐94購01  ,0,0,0,0,0,0,0,0,0,5000,0,0,0,5000,0,5000,5000
049871,T50反1台新9A購02,0,0,0,0,0,0,0,0,0,5000,0,0,0,5000,0,5000,5000
051368,國泰金富邦97購01,0,0,0,0,0,0,0,0,0,5000,0,0,0,5000,0,5000,5000
051569,緯創富邦95購02  ,0,0,0,0,0,0,0,0,0,5000,0,0,0,10000,5000,5000,5000
049256,瑞昱元大94購04  ,0,0,0,0,0,0,0,0,0,5000,0,0,0,5000,0,5000,5000
049547,新光金群益94購01,0,0,0,0,0,0,0,0,0,5000,0,0,0,25000,20000,5000,5000
04948P,瑞儀元大94售03  ,0,0,0,0,0,0,0,0,0,5000,0,0,0,5000,0,5000,5000
049498,茂林元大95購01  ,0,0,0,0,0,0,0,0,0,5000,0,0,0,47000,42000,5000,5000
051380,禾伸堂群益95購01,0,0,0,0,0,0,0,0,0,5000,0,0,0,5000,0,5000,5000
051480,大立光凱基97購01,0,0,0,0,0,0,0,0,0,5000,0,0,0,35000,30000,5000,5000
051558,元金2X國泰97購01,0,0,0,0,0,0,0,0,0,5000,0,0,0,55000,50000,5000,5000
04961P,貿聯凱基94售03  ,0,0,0,0,0,0,0,0,0,5000,0,0,0,5000,0,5000,5000
051538,和碩國票96購01  ,0,0,0,0,0,0,0,0,0,5000,0,0,0,5000,0,5000,5000
049117,矽格統一96購01  ,0,0,0,0,0,0,0,0,0,5000,0,0,0,5000,0,5000,5000
050149,東元群益94購01  ,0,0,0,0,0,0,0,0,0,5000,0,0,0,5000,0,5000,5000
050058,國巨凱基94購06  ,0,0,0,0,0,0,0,0,0,5000,0,0,0,55000,50000,5000,5000
050205,牧德群益94購02  ,0,0,0,0,0,0,0,0,0,5000,0,0,0,34000,29000,5000,5000
05040P,聯發科凱基95售05,0,0,0,0,0,0,0,0,0,5000,0,0,0,5000,0,5000,5000
05044P,亞德客永豐95售01,0,0,0,0,0,0,0,0,0,5000,0,0,0,10000,5000,5000,5000
050455,貿聯元大94購02  ,0,0,0,0,0,0,0,0,0,5000,0,0,0,15000,10000,5000,5000
050463,百和元大94購04  ,0,0,0,0,0,0,0,0,0,5000,0,0,0,15000,10000,5000,5000
05027P,南電群益95售01  ,0,0,0,0,0,0,0,0,0,5000,0,0,0,5000,0,5000,5000
05165P,欣興元富95售03  ,0,0,0,0,0,0,0,0,0,5000,0,0,0,5000,0,5000,5000
051926,聯電中信97購01  ,0,0,0,0,0,0,0,0,0,5000,0,0,0,40000,35000,5000,5000
051873,緯穎凱基95購02  ,0,0,0,0,0,0,0,0,0,5000,0,0,0,115000,110000,5000,5000
05184P,緯穎元富95售01  ,0,0,0,0,0,0,0,0,0,5000,0,0,0,5000,0,5000,5000
050123,群臺反凱基96購01,0,0,0,0,0,0,0,0,0,5000,0,0,0,5000,0,5000,5000
050131,新光金凱基94購01,0,0,0,0,0,0,0,0,0,5000,0,0,0,8000,3000,5000,5000
052445,南亞科元大95購05,0,0,0,0,0,0,0,0,0,5000,0,0,0,57000,52000,5000,5000
05250P,臻鼎國票96售01  ,0,0,0,0,0,0,0,0,0,5000,0,0,0,15000,10000,5000,5000
052552,智邦國票97購01  ,0,0,0,0,0,0,0,0,0,5000,0,0,0,5000,0,5000,5000
052336,矽力日盛95購01  ,0,0,0,0,0,0,0,0,0,5000,0,0,0,5000,0,5000,5000
052604,建準元大97購01  ,0,0,0,0,0,0,0,0,0,5000,0,0,0,10000,5000,5000,5000
052714,義隆凱基96購02  ,0,0,0,0,0,0,0,0,0,5000,0,0,0,5000,0,5000,5000
052946,智原國票97購02  ,0,0,0,0,0,0,0,0,0,5000,0,0,0,5000,0,5000,5000
052892,大成鋼群益96購01,0,0,0,0,0,0,0,0,0,5000,0,0,0,30000,25000,5000,5000
052907,嘉澤國票97購01  ,0,0,0,0,0,0,0,0,0,5000,0,0,0,53000,48000,5000,5000
052902,鴻海國票97購04  ,0,0,0,0,0,0,0,0,0,5000,0,0,0,5000,0,5000,5000
053258,上証2X群益9A購03,0,0,0,0,0,0,0,0,0,5000,0,0,0,55000,50000,5000,5000
05326P,臺股指凱基95售10,0,0,0,0,0,0,0,0,0,5000,0,0,0,5000,0,5000,5000
053093,緯穎元大96購06  ,0,0,0,0,0,0,0,0,0,5000,0,0,0,122000,117000,5000,5000
053018,旺宏元富96購02  ,0,0,0,0,0,0,0,0,0,5000,0,0,0,5000,0,5000,5000
053887,聯茂兆豐97購02  ,0,0,0,0,0,0,0,0,0,5000,0,0,0,90000,85000,5000,5000
053978,創意元大96購05  ,0,0,0,0,0,0,0,0,0,5000,0,0,0,15000,10000,5000,5000
053952,南亞科台新96購01,0,0,0,0,0,0,0,0,0,5000,0,0,0,5000,0,5000,5000
053715,美律凱基96購04  ,0,0,0,0,0,0,0,0,0,5000,0,0,0,5000,0,5000,5000
053613,元油反群益9A購02,0,0,0,0,0,0,0,0,0,5000,0,0,0,5000,0,5000,5000
053368,京元電富邦98購01,0,0,0,0,0,0,0,0,0,5000,0,0,0,5000,0,5000,5000
053414,臻鼎國票97購01  ,0,0,0,0,0,0,0,0,0,5000,0,0,0,80000,75000,5000,5000
053443,智邦凱基97購01  ,0,0,0,0,0,0,0,0,0,5000,0,0,0,49000,44000,5000,5000
054078,鴻海中信98購01  ,0,0,0,0,0,0,0,0,0,5000,0,0,0,5000,0,5000,5000
054204,元金2X國票9B購02,0,0,0,0,0,0,0,0,0,5000,0,0,0,10000,5000,5000,5000
054676,牧德台新98購01  ,0,0,0,0,0,0,0,0,0,5000,0,0,0,30000,25000,5000,5000
054533,泰碩國泰98購01  ,0,0,0,0,0,0,0,0,0,5000,0,0,0,5000,0,5000,5000
055062,文曄永豐97購01  ,0,0,0,0,0,0,0,0,0,5000,0,0,0,5000,0,5000,5000
055137,GIS富邦98購01   ,0,0,0,0,0,0,0,0,0,5000,0,0,0,155000,150000,5000,5000
055158,亞光元大99購01  ,0,0,0,0,0,0,0,0,0,5000,0,0,0,10000,5000,5000,5000
055230,大毅國票98購01  ,0,0,0,0,0,0,0,0,0,5000,0,0,0,5000,0,5000,5000
054703,聯發科第一97購01,0,0,0,0,0,0,0,0,0,5000,0,0,0,5000,0,5000,5000
054822,祥碩元大97購01  ,0,0,0,0,0,0,0,0,0,5000,0,0,0,10000,5000,5000,5000
054989,精元元富97購01  ,0,0,0,0,0,0,0,0,0,5000,0,0,0,5000,0,5000,5000
054901,群光康和97購01  ,0,0,0,0,0,0,0,0,0,5000,0,0,0,5000,0,5000,5000
3031,佰鴻            ,33000,28000,5000,0,0,0,0,0,0,0,0,0,0,0,0,0,5000
3050,鈺德            ,15000,9000,6000,0,0,0,0,0,0,-1000,0,1000,-1000,0,0,0,5000
2017,官田鋼          ,5000,0,5000,0,0,0,0,0,0,0,0,0,0,0,0,0,5000
06593P,欣興元大98售05  ,0,0,0,0,0,0,0,0,0,5000,0,0,0,10000,5000,5000,5000
06236P,台積電元大97售25,0,0,0,0,0,0,0,0,0,5000,0,0,0,5000,0,5000,5000
06299P,可成元大97售04  ,0,0,0,0,0,0,0,0,0,5000,0,0,0,14000,9000,5000,5000
06260P,臺股指群益97售13,0,0,0,0,0,0,0,0,0,5000,0,0,0,10000,5000,5000,5000
06281P,臺股指凱基97售13,0,0,0,0,0,0,0,0,0,5000,0,0,0,5000,0,5000,5000
06143P,鴻海永豐97售02  ,0,0,0,0,0,0,0,0,0,5000,0,0,0,56000,51000,5000,5000
06391P,上銀中信97售03  ,0,0,0,0,0,0,0,0,0,5000,0,0,0,10000,5000,5000,5000
8480,泰昇-KY         ,7000,0,7000,0,0,0,0,2000,-2000,0,0,0,0,0,0,0,5000
9943,好樂迪          ,8000,3000,5000,0,0,0,0,0,0,0,0,0,0,0,0,0,5000
056207,茂林永豐97購03  ,0,0,0,0,0,0,0,0,0,4000,0,0,0,31000,27000,4000,4000
056456,群創凱基9B購01  ,0,0,0,0,0,0,0,0,0,4000,0,0,0,10000,6000,4000,4000
06079P,燿華群益98售02  ,0,0,0,0,0,0,0,0,0,4000,0,0,0,33000,29000,4000,4000
05970P,超眾永豐96售03  ,0,0,0,0,0,0,0,0,0,4000,0,0,0,4000,0,4000,4000
057403,亞光群益98購04  ,0,0,0,0,0,0,0,0,0,4000,0,0,0,39000,35000,4000,4000
05768P,台積電凱基96售15,0,0,0,0,0,0,0,0,0,4000,0,0,0,11000,7000,4000,4000
05769P,台積電凱基96售16,0,0,0,0,0,0,0,0,0,4000,0,0,0,53000,49000,4000,4000
03644C,臺股指元大94牛28,0,0,0,0,0,0,0,0,0,4000,0,0,0,8000,4000,4000,4000
04453P,聯發科富邦94售04,0,0,0,0,0,0,0,0,0,4000,0,0,0,6000,2000,4000,4000
044461,滬深2X兆豐93購01,0,0,0,0,0,0,0,0,0,4000,0,0,0,4000,0,4000,4000
046144,康控元富92購01  ,0,0,0,0,0,0,0,0,0,4000,0,0,0,4000,0,4000,4000
04347P,全新群益94售01  ,0,0,0,0,0,0,0,0,0,4000,0,0,0,4000,0,4000,4000
043730,旭富國泰93購01  ,0,0,0,0,0,0,0,0,0,4000,0,0,0,4000,0,4000,4000
04499P,滬深2X統一94售03,0,0,0,0,0,0,0,0,0,4000,0,0,0,17000,13000,4000,4000
046302,亞德客元大92購02,0,0,0,0,0,0,0,0,0,4000,0,0,0,24000,20000,4000,4000
048766,禾伸堂凱基94購01,0,0,0,0,0,0,0,0,0,4000,0,0,0,14000,10000,4000,4000
048185,台郡群益93購04  ,0,0,0,0,0,0,0,0,0,4000,0,0,0,60000,56000,4000,4000
051020,健策凱基96購02  ,0,0,0,0,0,0,0,0,0,4000,0,0,0,238000,234000,4000,4000
047870,嘉澤永豐93購02  ,0,0,0,0,0,0,0,0,0,4000,0,0,0,6000,2000,4000,4000
046803,可成元大93購03  ,0,0,0,0,0,0,0,0,0,4000,0,0,0,4000,0,4000,4000
052292,緯穎元富95購02  ,0,0,0,0,0,0,0,0,0,4000,0,0,0,4000,0,4000,4000
052162,智伸科永豐95購01,0,0,0,0,0,0,0,0,0,4000,0,0,0,4000,0,4000,4000
050231,聯發科麥證94購03,0,0,0,31000,27000,4000,0,0,0,4000,0,0,0,31000,27000,4000,4000
050450,富邦金元大94購03,0,0,0,0,0,0,0,0,0,4000,0,0,0,4000,0,4000,4000
050372,全新元大96購03  ,0,0,0,0,0,0,0,0,0,4000,0,0,0,5000,1000,4000,4000
050197,矽格元大94購04  ,0,0,0,0,0,0,0,0,0,4000,0,0,0,7000,3000,4000,4000
048986,訊連元大94購01  ,0,0,0,0,0,0,0,0,0,4000,0,0,0,24000,20000,4000,4000
049016,國巨群益94購02  ,0,0,0,0,0,0,0,0,0,4000,0,0,0,13000,9000,4000,4000
050850,訊連國票96購01  ,0,0,0,0,0,0,0,0,0,4000,0,0,0,21000,17000,4000,4000
052058,臺股指凱基95購16,0,0,0,0,0,0,0,0,0,4000,0,0,0,24000,20000,4000,4000
052021,易華電永豐95購03,0,0,0,0,0,0,0,0,0,4000,0,0,0,4000,0,4000,4000
051982,深中小元大95購01,0,0,0,0,0,0,0,0,0,4000,0,0,0,4000,0,4000,4000
051592,健策元大96購05  ,0,0,0,0,0,0,0,0,0,4000,0,0,0,84000,80000,4000,4000
05067P,欣興兆豐96售02  ,0,0,0,0,0,0,0,0,0,4000,0,0,0,17000,13000,4000,4000
049463,華新科富邦97購01,0,0,0,0,0,0,0,0,0,4000,0,0,0,123000,119000,4000,4000
050730,復盛國票94購01  ,0,0,0,0,0,0,0,0,0,4000,0,0,0,131000,127000,4000,4000
054733,鴻海凱基98購04  ,0,0,0,0,0,0,0,0,0,4000,0,0,0,10000,6000,4000,4000
054504,聯鈞永豐96購01  ,0,0,0,0,0,0,0,0,0,4000,0,0,0,101000,97000,4000,4000
054420,緯穎元大96購08  ,0,0,0,0,0,0,0,0,0,4000,0,0,0,105000,101000,4000,4000
054413,台光電元大96購03,0,0,0,0,0,0,0,0,0,4000,0,0,0,7000,3000,4000,4000
054187,亞光永豐96購03  ,0,0,0,0,0,0,0,0,0,4000,0,0,0,4000,0,4000,4000
054216,聯茂國票97購03  ,0,0,0,0,0,0,0,0,0,4000,0,0,0,4000,0,4000,4000
054153,宏達電國泰97購01,0,0,0,0,0,0,0,0,0,4000,0,0,0,56000,52000,4000,4000
053520,康友群益96購01  ,0,0,0,0,0,0,0,0,0,4000,0,0,0,4000,0,4000,4000
053745,康友國票97購01  ,0,0,0,0,0,0,0,0,0,4000,0,0,0,4000,0,4000,4000
053779,台光電元大96購02,0,0,0,0,0,0,0,0,0,4000,0,0,0,19000,15000,4000,4000
052806,玉晶光元大98購04,0,0,0,0,0,0,0,0,0,4000,0,0,0,42000,38000,4000,4000
052817,楠梓電永豐96購02,0,0,0,0,0,0,0,0,0,4000,0,0,0,54000,50000,4000,4000
052766,玉晶光群益9A購01,0,0,0,0,0,0,0,0,0,4000,0,0,0,16000,12000,4000,4000
052672,世紀鋼群益96購02,0,0,0,0,0,0,0,0,0,4000,0,0,0,149000,145000,4000,4000
910861,神州-DR         ,4000,0,4000,0,0,0,0,0,0,0,0,0,0,0,0,0,4000
06333P,臺股指群益9C售02,0,0,0,0,0,0,0,0,0,4000,0,0,0,4000,0,4000,4000
06438P,玉晶光國票99售02,0,0,0,0,0,0,0,0,0,4000,0,0,0,23000,19000,4000,4000
1101B,台泥乙特        ,0,0,0,0,0,0,0,0,0,4000,4000,0,4000,0,0,0,4000
1529,樂士            ,4000,0,4000,0,0,0,0,0,0,0,0,0,0,0,0,0,4000
1734,杏輝            ,31000,23000,8000,0,0,0,0,0,0,-4000,0,4000,-4000,0,0,0,4000
2312,金寶            ,508000,929000,-421000,0,0,0,0,0,0,425000,0,43000,-43000,482000,14000,468000,4000
2528,皇普            ,10000,6000,4000,0,0,0,0,0,0,0,0,0,0,0,0,0,4000
3057,喬鼎            ,4000,0,4000,0,0,0,0,0,0,0,0,0,0,0,0,0,4000
3679,新至陞          ,9000,5000,4000,0,0,0,0,0,0,0,0,0,0,0,0,0,4000
057433,上銀國票98購04  ,0,0,0,0,0,0,0,0,0,3000,0,0,0,4000,1000,3000,3000
06073P,健策永豐97售01  ,0,0,0,0,0,0,0,0,0,3000,0,0,0,115000,112000,3000,3000
05856P,A50正2中信99售01,0,0,0,0,0,0,0,0,0,3000,0,0,0,7000,4000,3000,3000
056950,亞光統一99購01  ,0,0,0,0,0,0,0,0,0,3000,0,0,0,3000,0,3000,3000
056964,聯發科永豐98購03,0,0,0,0,0,0,0,0,0,3000,0,0,0,68000,65000,3000,3000
057010,景碩中信98購01  ,0,0,0,0,0,0,0,0,0,3000,0,0,0,102000,99000,3000,3000
057004,滬深反中信9A購01,0,0,0,0,0,0,0,0,0,3000,0,0,0,3000,0,3000,3000
056634,為升兆豐99購01  ,0,0,0,0,0,0,0,0,0,3000,0,0,0,3000,0,3000,3000
05660P,玉晶光第一96售01,0,0,0,0,0,0,0,0,0,3000,0,0,0,3000,0,3000,3000
056767,大毅元大99購01  ,0,0,0,0,0,0,0,0,0,3000,0,0,0,532000,529000,3000,3000
056835,聯電元富99購01  ,0,0,0,0,0,0,0,0,0,3000,0,0,0,20000,17000,3000,3000
056363,華新科元大99購04,0,0,0,0,0,0,0,0,0,3000,0,0,0,106000,103000,3000,3000
056368,祥碩元大98購02  ,0,0,0,0,0,0,0,0,0,3000,0,0,0,116000,113000,3000,3000
056378,欣興元富98購01  ,0,0,0,0,0,0,0,0,0,3000,0,0,0,10000,7000,3000,3000
056164,聯茂凱基98購03  ,0,0,0,0,0,0,0,0,0,3000,0,0,0,3000,0,3000,3000
055489,瑞昱元大97購02  ,0,0,0,0,0,0,0,0,0,3000,0,0,0,60000,57000,3000,3000
05550P,臺股指元大96售07,0,0,0,0,0,0,0,0,0,3000,0,0,0,3000,0,3000,3000
055832,台達電元大97購02,0,0,0,0,0,0,0,0,0,3000,0,0,0,11000,8000,3000,3000
047098,大毅國泰94購01  ,0,0,0,0,0,0,0,0,0,3000,0,0,0,3000,0,3000,3000
047149,聯鈞群益93購01  ,0,0,0,0,0,0,0,0,0,3000,0,0,0,3000,0,3000,3000
047271,華通永豐93購01  ,0,0,0,0,0,0,0,0,0,3000,0,0,0,3000,0,3000,3000
046943,聯發科元大93購06,0,0,0,0,0,0,0,0,0,3000,0,0,0,3000,0,3000,3000
050984,大立光國泰97購01,0,0,0,0,0,0,0,0,0,3000,0,0,0,55000,52000,3000,3000
051194,大立光中信96購02,0,0,0,0,0,0,0,0,0,3000,0,0,0,3000,0,3000,3000
048188,臺指反元大96購05,0,0,0,0,0,0,0,0,0,3000,0,0,0,3000,0,3000,3000
048242,統一兆豐93購01  ,0,0,0,0,0,0,0,0,0,3000,0,0,0,3000,0,3000,3000
046579,台積電元大92購32,0,0,0,0,0,0,0,0,0,3000,0,0,0,39000,36000,3000,3000
048022,儒鴻凱基93購04  ,0,0,0,0,0,0,0,0,0,3000,0,0,0,3000,0,3000,3000
048553,光磊元大93購03  ,0,0,0,0,0,0,0,0,0,3000,0,0,0,17000,14000,3000,3000
048557,瑞昱元大94購01  ,0,0,0,0,0,0,0,0,0,3000,0,0,0,7000,4000,3000,3000
048653,巨大元大96購02  ,0,0,0,0,0,0,0,0,0,3000,0,0,0,13000,10000,3000,3000
048644,華固元大93購01  ,0,0,0,0,0,0,0,0,0,3000,0,0,0,3000,0,3000,3000
04750P,臺股指元大94售26,0,0,0,0,0,0,0,0,0,3000,0,0,0,303000,300000,3000,3000
04388P,滬深2X凱基95售05,0,0,0,0,0,0,0,0,0,3000,0,0,0,3000,0,3000,3000
044861,玉晶光兆豐93購01,0,0,0,0,0,0,0,0,0,3000,0,0,0,3000,0,3000,3000
045376,友訊元大93購01  ,0,0,0,0,0,0,0,0,0,3000,0,0,0,3000,0,3000,3000
04944P,元油2X永豐94售06,0,0,0,0,0,0,0,0,0,3000,0,0,0,3000,0,3000,3000
049826,光磊凱基94購02  ,0,0,0,0,0,0,0,0,0,3000,0,0,0,3000,0,3000,3000
051566,鴻海富邦95購05  ,0,0,0,0,0,0,0,0,0,3000,0,0,0,3000,0,3000,3000
050815,南亞科凱基95購01,0,0,0,0,0,0,0,0,0,3000,0,0,0,13000,10000,3000,3000
049591,開發金元大98購01,0,0,0,0,0,0,0,0,0,3000,0,0,0,3000,0,3000,3000
051389,台達電兆豐95購01,0,0,0,0,0,0,0,0,0,3000,0,0,0,3000,0,3000,3000
049573,長榮航統一95購01,0,0,0,0,0,0,0,0,0,3000,0,0,0,3000,0,3000,3000
05200P,臺股指永豐95售03,0,0,0,0,0,0,0,0,0,3000,0,0,0,3000,0,3000,3000
050594,康友永豐94購01  ,0,0,0,0,0,0,0,0,0,3000,0,0,0,3000,0,3000,3000
051249,潤泰全元大95購01,0,0,0,0,0,0,0,0,0,3000,0,0,0,20000,17000,3000,3000
049693,可成元大94購08  ,0,0,0,0,0,0,0,0,0,3000,0,0,0,3000,0,3000,3000
051412,奇力新國票96購01,0,0,0,0,0,0,0,0,0,3000,0,0,0,3000,0,3000,3000
050194,臻鼎元大94購03  ,0,0,0,0,0,0,0,0,0,3000,0,0,0,7000,4000,3000,3000
050409,華通永豐94購01  ,0,0,0,0,0,0,0,0,0,3000,0,0,0,3000,0,3000,3000
052167,亞泥元大96購01  ,0,0,0,0,0,0,0,0,0,3000,0,0,0,3000,0,3000,3000
052141,百和凱基95購02  ,0,0,0,0,0,0,0,0,0,3000,0,0,0,3000,0,3000,3000
052123,泰碩國票95購01  ,0,0,0,0,0,0,0,0,0,3000,0,0,0,3000,0,3000,3000
05221P,玉晶光元大95售04,0,0,0,0,0,0,0,0,0,3000,0,0,0,5000,2000,3000,3000
051909,潤泰全元大95購02,0,0,0,0,0,0,0,0,0,3000,0,0,0,3000,0,3000,3000
050108,鴻海元大94購13  ,0,0,0,0,0,0,0,0,0,3000,0,0,0,9000,6000,3000,3000
051838,國巨國泰97購01  ,0,0,0,0,0,0,0,0,0,3000,0,0,0,3000,0,3000,3000
052585,友達永豐97購01  ,0,0,0,0,0,0,0,0,0,3000,0,0,0,3000,0,3000,3000
052813,T50正2永豐96購01,0,0,0,0,0,0,0,0,0,3000,0,0,0,20000,17000,3000,3000
053116,華新科中信96購01,0,0,0,0,0,0,0,0,0,3000,0,0,0,28000,25000,3000,3000
05312P,臺股指群益95售11,0,0,0,0,0,0,0,0,0,3000,0,0,0,64000,61000,3000,3000
053697,臻鼎元大96購02  ,0,0,0,0,0,0,0,0,0,3000,0,0,0,3000,0,3000,3000
053658,亞光凱基96購01  ,0,0,0,0,0,0,0,0,0,3000,0,0,0,26000,23000,3000,3000
053871,臻鼎元大96購03  ,0,0,0,0,0,0,0,0,0,3000,0,0,0,3000,0,3000,3000
053872,臻鼎元大96購04  ,0,0,0,0,0,0,0,0,0,3000,0,0,0,3000,0,3000,3000
05382P,電子類群益95售02,0,0,0,0,0,0,0,0,0,3000,0,0,0,28000,25000,3000,3000
053467,鴻海元大96購20  ,0,0,0,0,0,0,0,0,0,3000,0,0,0,223000,220000,3000,3000
054293,健策元大98購02  ,0,0,0,0,0,0,0,0,0,3000,0,0,0,305000,302000,3000,3000
054284,和大元大96購03  ,0,0,0,0,0,0,0,0,0,3000,0,0,0,3000,0,3000,3000
054462,旺宏凱基96購08  ,0,0,0,0,0,0,0,0,0,3000,0,0,0,42000,39000,3000,3000
054749,聯茂凱基98購01  ,0,0,0,0,0,0,0,0,0,3000,0,0,0,3000,0,3000,3000
054830,世芯國泰99購01  ,0,0,0,0,0,0,0,0,0,3000,0,0,0,27000,24000,3000,3000
055112,晶豪科凱基98購01,0,0,0,0,0,0,0,0,0,3000,0,0,0,3000,0,3000,3000
4766,南寶            ,29000,26000,3000,0,0,0,0,0,0,0,0,0,0,0,0,0,3000
2491,吉祥全          ,0,0,0,0,0,0,0,0,0,3000,3000,0,3000,0,0,0,3000
2616,山隆            ,16000,13000,3000,0,0,0,0,0,0,0,0,0,0,0,0,0,3000
2397,友通            ,3000,0,3000,0,0,0,0,0,0,0,0,0,0,0,0,0,3000
2414,精技            ,24000,21000,3000,0,0,0,0,0,0,0,0,0,0,0,0,0,3000
2415,錩新            ,3000,0,3000,0,0,0,0,0,0,0,0,0,0,0,0,0,3000
2425,承啟            ,229000,226000,3000,0,0,0,0,0,0,0,0,0,0,0,0,0,3000
1726,永記            ,3000,0,3000,0,0,0,0,0,0,0,0,0,0,0,0,0,3000
2009,第一銅          ,4000,1000,3000,0,0,0,0,0,0,0,0,0,0,0,0,0,3000
1443,立益            ,3000,0,3000,0,0,0,0,0,0,0,0,0,0,0,0,0,3000
06528P,台積電富邦99售03,0,0,0,0,0,0,0,0,0,3000,0,0,0,13000,10000,3000,3000
06529P,貿聯富邦99售03  ,0,0,0,0,0,0,0,0,0,3000,0,0,0,10000,7000,3000,3000
06408P,聯茂元富97售02  ,0,0,0,0,0,0,0,0,0,3000,0,0,0,3000,0,3000,3000
06334P,臺股指群益9C售03,0,0,0,0,0,0,0,0,0,3000,0,0,0,11000,8000,3000,3000
06288P,臺股指國票97售02,0,0,0,0,0,0,0,0,0,3000,0,0,0,3000,0,3000,3000
8114,振樺電          ,9000,6000,3000,0,0,0,0,0,0,0,0,0,0,0,0,0,3000
6431,光麗-KY         ,3000,0,3000,0,0,0,0,0,0,0,0,0,0,0,0,0,3000
055407,祥碩國泰98購01  ,0,0,0,0,0,0,0,0,0,2000,0,0,0,2000,0,2000,2000
05544P,台表科元富96售01,0,0,0,0,0,0,0,0,0,2000,0,0,0,15000,13000,2000,2000
055353,華新科凱基98購03,0,0,0,0,0,0,0,0,0,2000,0,0,0,12000,10000,2000,2000
055326,緯穎國票97購06  ,0,0,0,0,0,0,0,0,0,2000,0,0,0,2000,0,2000,2000
056153,華新科凱基97購02,0,0,0,0,0,0,0,0,0,2000,0,0,0,22000,20000,2000,2000
056233,超眾凱基97購02  ,0,0,0,0,0,0,0,0,0,2000,0,0,0,2000,0,2000,2000
056239,宏達電群益98購01,0,0,0,0,0,0,0,0,0,2000,0,0,0,26000,24000,2000,2000
056397,彩晶永豐99購01  ,0,0,0,0,0,0,0,0,0,2000,0,0,0,2000,0,2000,2000
056318,鴻海群益98購02  ,0,0,0,0,0,0,0,0,0,2000,0,0,0,8000,6000,2000,2000
056448,全新凱基99購01  ,0,0,0,0,0,0,0,0,0,2000,0,0,0,52000,50000,2000,2000
056415,聯發科中信98購04,0,0,0,0,0,0,0,0,0,2000,0,0,0,2000,0,2000,2000
056511,超眾永豐98購01  ,0,0,0,0,0,0,0,0,0,2000,0,0,0,22000,20000,2000,2000
056541,智原凱基98購03  ,0,0,0,0,0,0,0,0,0,2000,0,0,0,32000,30000,2000,2000
056749,滬深2X兆豐99購01,0,0,0,0,0,0,0,0,0,2000,0,0,0,2000,0,2000,2000
056785,可成群益99購01  ,0,0,0,0,0,0,0,0,0,2000,0,0,0,150000,148000,2000,2000
056941,台郡元富9B購01  ,0,0,0,0,0,0,0,0,0,2000,0,0,0,17000,15000,2000,2000
057178,可成元大98購03  ,0,0,0,0,0,0,0,0,0,2000,0,0,0,2000,0,2000,2000
057185,群創元大98購06  ,0,0,0,0,0,0,0,0,0,2000,0,0,0,18000,16000,2000,2000
057145,上銀國票98購03  ,0,0,0,0,0,0,0,0,0,2000,0,0,0,10000,8000,2000,2000
057075,嘉聯益永豐98購01,0,0,0,0,0,0,0,0,0,2000,0,0,0,2000,0,2000,2000
05792P,臺股指中信99售07,0,0,0,0,0,0,0,0,0,2000,0,0,0,2000,0,2000,2000
05772P,景碩凱基96售02  ,0,0,0,0,0,0,0,0,0,2000,0,0,0,20000,18000,2000,2000
05918P,大立光元大96售11,0,0,0,0,0,0,0,0,0,2000,0,0,0,14000,12000,2000,2000
06074P,台積電凱基98售04,0,0,0,0,0,0,0,0,0,2000,0,0,0,2000,0,2000,2000
06104P,大立光凱基97售04,0,0,0,0,0,0,0,0,0,2000,0,0,0,2000,0,2000,2000
057392,福懋科永豐98購01,0,0,0,0,0,0,0,0,0,2000,0,0,0,214000,212000,2000,2000
057490,可成元大98購10  ,0,0,0,0,0,0,0,0,0,2000,0,0,0,2000,0,2000,2000
057252,牧德元富98購01  ,0,0,0,0,0,0,0,0,0,2000,0,0,0,8000,6000,2000,2000
057233,聯發科凱基98購14,0,0,0,0,0,0,0,0,0,2000,0,0,0,76000,74000,2000,2000
045377,華邦電元大93購01,0,0,0,0,0,0,0,0,0,2000,0,0,0,12000,10000,2000,2000
04489P,大立光凱基94售03,0,0,0,0,0,0,0,0,0,2000,0,0,0,152000,150000,2000,2000
044516,景碩凱基93購02  ,0,0,0,0,0,0,0,0,0,2000,0,0,0,151000,149000,2000,2000
043696,瑞儀兆豐93購01  ,0,0,0,0,0,0,0,0,0,2000,0,0,0,2000,0,2000,2000
044426,欣興國泰93購02  ,0,0,0,0,0,0,0,0,0,2000,0,0,0,19000,17000,2000,2000
046095,鴻海國票92購02  ,0,0,0,0,0,0,0,0,0,2000,0,0,0,2000,0,2000,2000
045079,大立光元大93購05,0,0,0,0,0,0,0,0,0,2000,0,0,0,2000,0,2000,2000
047355,世紀鋼凱基94購01,0,0,0,0,0,0,0,0,0,2000,0,0,0,2000,0,2000,2000
047413,台積電永昌93購05,0,0,0,0,0,0,0,0,0,2000,0,0,0,2000,0,2000,2000
044354,奇鋐元大93購02  ,0,0,0,0,0,0,0,0,0,2000,0,0,0,2000,0,2000,2000
045732,儒鴻國票93購01  ,0,0,0,0,0,0,0,0,0,2000,0,0,0,2000,0,2000,2000
04326P,泰鼎元大93售06  ,0,0,0,0,0,0,0,0,0,2000,0,0,0,2000,0,2000,2000
04160P,儒鴻中信93售01  ,0,0,0,0,0,0,0,0,0,2000,0,0,0,2000,0,2000,2000
03973P,高鐵元大93售01  ,0,0,0,0,0,0,0,0,0,2000,0,0,0,2000,0,2000,2000
04019P,聯茂永豐93售01  ,0,0,0,0,0,0,0,0,0,2000,0,0,0,2000,0,2000,2000
04188P,康控元富93售03  ,0,0,0,0,0,0,0,0,0,2000,0,0,0,26000,24000,2000,2000
00706L,元大S&P日圓正2  ,0,0,0,0,0,0,0,0,0,2000,0,0,0,4000,2000,2000,2000
03029X,元展26          ,0,0,0,0,0,0,0,0,0,2000,0,0,0,2000,0,2000,2000
01002T,土銀國泰R1      ,2000,0,2000,0,0,0,0,0,0,0,0,0,0,0,0,0,2000
047641,可成元大93購09  ,0,0,0,0,0,0,0,0,0,2000,0,0,0,78000,76000,2000,2000
046568,臻鼎元富95購01  ,0,0,0,0,0,0,0,0,0,2000,0,0,0,95000,93000,2000,2000
046505,聯發科元大92購20,0,0,0,0,0,0,0,0,0,2000,0,0,0,2000,0,2000,2000
048795,復盛元大94購01  ,0,0,0,0,0,0,0,0,0,2000,0,0,0,2000,0,2000,2000
050926,禾伸堂凱基95購01,0,0,0,0,0,0,0,0,0,2000,0,0,0,33000,31000,2000,2000
051057,信邦群益95購01  ,0,0,0,0,0,0,0,0,0,2000,0,0,0,2000,0,2000,2000
04715P,聯茂元大94售06  ,0,0,0,0,0,0,0,0,0,2000,0,0,0,2000,0,2000,2000
052276,力成群益96購01  ,0,0,0,0,0,0,0,0,0,2000,0,0,0,2000,0,2000,2000
050394,大立光元富94購09,0,0,0,0,0,0,0,0,0,2000,0,0,0,2000,0,2000,2000
050456,聯茂元大94購09  ,0,0,0,0,0,0,0,0,0,2000,0,0,0,2000,0,2000,2000
050436,大立光凱基94購18,0,0,0,0,0,0,0,0,0,2000,0,0,0,2000,0,2000,2000
050223,聯茂元富94購02  ,0,0,0,0,0,0,0,0,0,2000,0,0,0,2000,0,2000,2000
051725,緯穎永豐95購02  ,0,0,0,0,0,0,0,0,0,2000,0,0,0,12000,10000,2000,2000
049656,臺股指凱基94購17,0,0,0,0,0,0,0,0,0,2000,0,0,0,2000,0,2000,2000
050879,樺漢統一95購02  ,0,0,0,0,0,0,0,0,0,2000,0,0,0,26000,24000,2000,2000
050649,華新科凱基96購01,0,0,0,0,0,0,0,0,0,2000,0,0,0,17000,15000,2000,2000
049534,華擎永豐94購02  ,0,0,0,0,0,0,0,0,0,2000,0,0,0,2000,0,2000,2000
048857,晶豪科群益94購01,0,0,0,0,0,0,0,0,0,2000,0,0,0,13000,11000,2000,2000
055099,可成日盛97購01  ,0,0,0,0,0,0,0,0,0,2000,0,0,0,12000,10000,2000,2000
05523P,聯發科國票96售04,0,0,0,0,0,0,0,0,0,2000,0,0,0,2000,0,2000,2000
054739,義隆凱基98購02  ,0,0,0,0,0,0,0,0,0,2000,0,0,0,62000,60000,2000,2000
054714,和鑫台新98購01  ,0,0,0,0,0,0,0,0,0,2000,0,0,0,2000,0,2000,2000
054998,玉晶光元富97購02,0,0,0,0,0,0,0,0,0,2000,0,0,0,2000,0,2000,2000
055025,華新科國泰98購02,0,0,0,0,0,0,0,0,0,2000,0,0,0,30000,28000,2000,2000
055021,亞德客國泰98購01,0,0,0,0,0,0,0,0,0,2000,0,0,0,2000,0,2000,2000
054644,A50正2群益9B購01,0,0,0,0,0,0,0,0,0,2000,0,0,0,12000,10000,2000,2000
054613,大立光永豐97購02,0,0,0,0,0,0,0,0,0,2000,0,0,0,2000,0,2000,2000
054637,智邦中信98購01  ,0,0,0,0,0,0,0,0,0,2000,0,0,0,131000,129000,2000,2000
054267,上銀第一96購01  ,0,0,0,0,0,0,0,0,0,2000,0,0,0,2000,0,2000,2000
053362,元油反國泰98購01,0,0,0,0,0,0,0,0,0,2000,0,0,0,2000,0,2000,2000
05387P,鴻海元大95售21  ,0,0,0,0,0,0,0,0,0,2000,0,0,0,89000,87000,2000,2000
053892,景碩群益96購02  ,0,0,0,0,0,0,0,0,0,2000,0,0,0,40000,38000,2000,2000
053086,宏達電元大97購01,0,0,0,0,0,0,0,0,0,2000,0,0,0,17000,15000,2000,2000
053023,泰鼎國泰97購01  ,0,0,0,0,0,0,0,0,0,2000,0,0,0,2000,0,2000,2000
052790,智邦兆豐97購01  ,0,0,0,0,0,0,0,0,0,2000,0,0,0,2000,0,2000,2000
052909,上銀統一96購01  ,0,0,0,0,0,0,0,0,0,2000,0,0,0,17000,15000,2000,2000
052662,華新科國票97購01,0,0,0,0,0,0,0,0,0,2000,0,0,0,10000,8000,2000,2000
05266P,華新科元大95售11,0,0,0,0,0,0,0,0,0,2000,0,0,0,102000,100000,2000,2000
052587,景碩永豐97購01  ,0,0,0,0,0,0,0,0,0,2000,0,0,0,2000,0,2000,2000
6491,晶碩            ,3000,1000,2000,0,0,0,0,0,0,0,0,0,0,0,0,0,2000
6172,互億            ,13000,10000,3000,0,0,0,0,0,0,-1000,0,1000,-1000,0,0,0,2000
8103,瀚荃            ,3000,1000,2000,0,0,0,0,0,0,0,0,0,0,0,0,0,2000
8427,基勝-KY         ,3000,1000,2000,0,0,0,0,0,0,0,0,0,0,0,0,0,2000
8442,威宏-KY         ,2000,0,2000,0,0,0,0,0,0,0,0,0,0,0,0,0,2000
06290P,臺股指國票97售04,0,0,0,0,0,0,0,0,0,2000,0,0,0,2000,0,2000,2000
06294P,臺股指國票97售08,0,0,0,0,0,0,0,0,0,2000,0,0,0,6000,4000,2000,2000
06523P,台積電麥證98售02,0,0,0,2000,0,2000,0,0,0,2000,0,0,0,2000,0,2000,2000
06682P,玉晶光元大99售08,0,0,0,0,0,0,0,0,0,2000,0,0,0,2000,0,2000,2000
1441,大東            ,4000,2000,2000,0,0,0,0,0,0,0,0,0,0,0,0,0,2000
1419,新紡            ,1000,0,1000,0,0,0,0,0,0,1000,1000,0,1000,0,0,0,2000
1457,宜進            ,3000,1000,2000,0,0,0,0,0,0,0,0,0,0,0,0,0,2000
1540,喬福            ,4000,2000,2000,0,0,0,0,0,0,0,0,0,0,0,0,0,2000
06715P,台積電元大99售04,0,0,0,0,0,0,0,0,0,2000,0,0,0,85000,83000,2000,2000
1232,大統益          ,3000,1000,2000,0,0,0,0,0,0,0,0,0,0,0,0,0,2000
1233,天仁            ,2000,0,2000,0,0,0,0,0,0,0,0,0,0,0,0,0,2000
1614,三洋電          ,4000,2000,2000,0,0,0,0,0,0,0,0,0,0,0,0,0,2000
2038,海光            ,2000,0,2000,0,0,0,0,0,0,0,0,0,0,0,0,0,2000
2482,連宇            ,7000,4000,3000,0,0,0,0,0,0,-1000,0,1000,-1000,0,0,0,2000
3167,大量            ,10000,8000,2000,0,0,0,0,0,0,0,0,0,0,0,0,0,2000
3416,融程電          ,4000,2000,2000,0,0,0,0,0,0,0,0,0,0,0,0,0,2000
2851,中再保          ,2000,0,2000,0,0,0,0,0,0,0,0,0,0,0,0,0,2000
2816,旺旺保          ,10000,7000,3000,0,0,0,0,0,0,-1000,0,1000,-1000,0,0,0,2000
057340,玉晶光元富98購04,0,0,0,0,0,0,0,0,0,1000,0,0,0,1000,0,1000,1000
057301,嘉聯益永豐98購02,0,0,0,0,0,0,0,0,0,1000,0,0,0,70000,69000,1000,1000
057299,立積永豐98購02  ,0,0,0,0,0,0,0,0,0,1000,0,0,0,12000,11000,1000,1000
05756P,臺股指中信99售05,0,0,0,0,0,0,0,0,0,1000,0,0,0,1000,0,1000,1000
06116P,臺股指日盛97售01,0,0,0,0,0,0,0,0,0,1000,0,0,0,1000,0,1000,1000
05962P,大立光群益96售07,0,0,0,0,0,0,0,0,0,1000,0,0,0,1000,0,1000,1000
06050P,玉晶光國票98售01,0,0,0,0,0,0,0,0,0,1000,0,0,0,10000,9000,1000,1000
05825P,臺股指凱基96售22,0,0,0,0,0,0,0,0,0,1000,0,0,0,1000,0,1000,1000
057055,立積元大99購01  ,0,0,0,0,0,0,0,0,0,1000,0,0,0,1000,0,1000,1000
057130,全新凱基98購03  ,0,0,0,0,0,0,0,0,0,1000,0,0,0,1000,0,1000,1000
056940,嘉聯益元富98購01,0,0,0,0,0,0,0,0,0,1000,0,0,0,1000,0,1000,1000
056912,臺股指元大99購04,0,0,0,0,0,0,0,0,0,1000,0,0,0,1000,0,1000,1000
056792,訊芯群益98購01  ,0,0,0,0,0,0,0,0,0,1000,0,0,0,11000,10000,1000,1000
056603,嘉聯益國泰9A購01,0,0,0,0,0,0,0,0,0,1000,0,0,0,1000,0,1000,1000
056556,南電凱基98購01  ,0,0,0,0,0,0,0,0,0,1000,0,0,0,1000,0,1000,1000
056459,茂林凱基99購01  ,0,0,0,0,0,0,0,0,0,1000,0,0,0,17000,16000,1000,1000
056476,智原元大98購02  ,0,0,0,0,0,0,0,0,0,1000,0,0,0,54000,53000,1000,1000
056297,台光電元大97購04,0,0,0,0,0,0,0,0,0,1000,0,0,0,1000,0,1000,1000
056244,群創群益98購09  ,0,0,0,0,0,0,0,0,0,1000,0,0,0,1000,0,1000,1000
056394,晶豪科永豐98購01,0,0,0,0,0,0,0,0,0,1000,0,0,0,1000,0,1000,1000
056103,聯發科永豐97購03,0,0,0,0,0,0,0,0,0,1000,0,0,0,8000,7000,1000,1000
056107,智易永豐97購02  ,0,0,0,0,0,0,0,0,0,1000,0,0,0,82000,81000,1000,1000
056023,晶豪科群益97購01,0,0,0,0,0,0,0,0,0,1000,0,0,0,21000,20000,1000,1000
056039,宏達電凱基97購02,0,0,0,0,0,0,0,0,0,1000,0,0,0,11000,10000,1000,1000
055527,旺宏群益99購03  ,0,0,0,0,0,0,0,0,0,1000,0,0,0,12000,11000,1000,1000
055600,致伸元大97購02  ,0,0,0,0,0,0,0,0,0,1000,0,0,0,60000,59000,1000,1000
055595,宏達電元大98購02,0,0,0,0,0,0,0,0,0,1000,0,0,0,62000,61000,1000,1000
055912,宏達電凱基98購03,0,0,0,0,0,0,0,0,0,1000,0,0,0,30000,29000,1000,1000
047137,健策凱基94購01  ,0,0,0,0,0,0,0,0,0,1000,0,0,0,1000,0,1000,1000
047115,可成元大93購06  ,0,0,0,0,0,0,0,0,0,1000,0,0,0,41000,40000,1000,1000
046891,南亞科群益93購01,0,0,0,0,0,0,0,0,0,1000,0,0,0,1000,0,1000,1000
046826,統一群益94購01  ,0,0,0,0,0,0,0,0,0,1000,0,0,0,1000,0,1000,1000
047901,復盛群益93購01  ,0,0,0,0,0,0,0,0,0,1000,0,0,0,100000,99000,1000,1000
047860,臺股指國票93購15,0,0,0,0,0,0,0,0,0,1000,0,0,0,1000,0,1000,1000
047869,景碩永豐93購01  ,0,0,0,0,0,0,0,0,0,1000,0,0,0,1000,0,1000,1000
046930,亞光統一93購01  ,0,0,0,0,0,0,0,0,0,1000,0,0,0,1000,0,1000,1000
047292,台光電元富96購01,0,0,0,0,0,0,0,0,0,1000,0,0,0,1000,0,1000,1000
047193,南電元大94購02  ,0,0,0,0,0,0,0,0,0,1000,0,0,0,1000,0,1000,1000
051026,健策統一96購01  ,0,0,0,0,0,0,0,0,0,1000,0,0,0,1000,0,1000,1000
050948,華固群益95購01  ,0,0,0,0,0,0,0,0,0,1000,0,0,0,1000,0,1000,1000
048326,滬深2X國泰94購03,0,0,0,0,0,0,0,0,0,1000,0,0,0,1000,0,1000,1000
048203,矽力元大93購02  ,0,0,0,0,0,0,0,0,0,1000,0,0,0,1000,0,1000,1000
048134,祥碩國票93購02  ,0,0,0,0,0,0,0,0,0,1000,0,0,0,1000,0,1000,1000
048407,貿聯群益93購04  ,0,0,0,0,0,0,0,0,0,1000,0,0,0,236000,235000,1000,1000
046510,大立光元大92購25,0,0,0,0,0,0,0,0,0,1000,0,0,0,1000,0,1000,1000
047795,臺股指群益93購06,0,0,0,0,0,0,0,0,0,1000,0,0,0,1000,0,1000,1000
047730,矽力群益93購02  ,0,0,0,0,0,0,0,0,0,1000,0,0,0,41000,40000,1000,1000
047722,南電凱基94購02  ,0,0,0,0,0,0,0,0,0,1000,0,0,0,1000,0,1000,1000
048105,滬深2X群益99購02,0,0,0,0,0,0,0,0,0,1000,0,0,0,1000,0,1000,1000
048086,鴻海凱基93購33  ,0,0,0,0,0,0,0,0,0,1000,0,0,0,1000,0,1000,1000
03027P,玉晶光元大01售09,0,0,0,0,0,0,0,0,0,1000,0,0,0,1000,0,1000,1000
0051,元大中型100     ,1000,1000,0,0,0,0,0,0,0,1000,0,0,0,1000,0,1000,1000
006204,永豐臺灣加權    ,0,0,0,0,0,0,0,0,0,1000,0,0,0,1000,0,1000,1000
00709,富邦歐洲        ,0,0,0,0,0,0,0,0,0,1000,0,0,0,101000,100000,1000,1000
03922P,中磊凱基93售01  ,0,0,0,0,0,0,0,0,0,1000,0,0,0,1000,0,1000,1000
03126P,旭富凱基01售04  ,0,0,0,0,0,0,0,0,0,1000,0,0,0,1000,0,1000,1000
040381,元金2X元富95購01,0,0,0,0,0,0,0,0,0,1000,0,0,0,1000,0,1000,1000
03647C,T50反1元富99牛02,0,0,0,0,0,0,0,0,0,1000,0,0,0,1000,0,1000,1000
03802P,GIS元大93售07   ,0,0,0,0,0,0,0,0,0,1000,0,0,0,1000,0,1000,1000
03155P,玉晶光群益01售08,0,0,0,0,0,0,0,0,0,1000,0,0,0,1000,0,1000,1000
03429B,臺股指元富97熊07,0,0,0,0,0,0,0,0,0,1000,0,0,0,1000,0,1000,1000
03422B,臺股指凱基96熊28,0,0,0,0,0,0,0,0,0,1000,0,0,0,3000,2000,1000,1000
03640P,百和凱基93售05  ,0,0,0,0,0,0,0,0,0,1000,0,0,0,1000,0,1000,1000
044298,南電凱基93購01  ,0,0,0,0,0,0,0,0,0,1000,0,0,0,1000,0,1000,1000
045123,臺股指元大93購09,0,0,0,0,0,0,0,0,0,1000,0,0,0,1000,0,1000,1000
04863P,技嘉元大94售02  ,0,0,0,0,0,0,0,0,0,1000,0,0,0,250000,249000,1000,1000
047434,台積電元大93購21,0,0,0,0,0,0,0,0,0,1000,0,0,0,31000,30000,1000,1000
046225,南亞科元大92購05,0,0,0,0,0,0,0,0,0,1000,0,0,0,1000,0,1000,1000
046201,台郡凱基92購01  ,0,0,0,0,0,0,0,0,0,1000,0,0,0,3000,2000,1000,1000
046269,禾伸堂凱基92購03,0,0,0,0,0,0,0,0,0,1000,0,0,0,1000,0,1000,1000
04360P,易華電永豐94售01,0,0,0,0,0,0,0,0,0,1000,0,0,0,1000,0,1000,1000
04359P,中磊永豐94售01  ,0,0,0,0,0,0,0,0,0,1000,0,0,0,1000,0,1000,1000
043854,華新科富邦93購01,0,0,0,0,0,0,0,0,0,1000,0,0,0,1000,0,1000,1000
044735,光磊國泰93購01  ,0,0,0,0,0,0,0,0,0,1000,0,0,0,1000,0,1000,1000
044717,旺宏統一94購01  ,0,0,0,0,0,0,0,0,0,1000,0,0,0,6000,5000,1000,1000
045231,南電元大94購01  ,0,0,0,0,0,0,0,0,0,1000,0,0,0,4000,3000,1000,1000
044820,臻鼎兆豐93購02  ,0,0,0,0,0,0,0,0,0,1000,0,0,0,1000,0,1000,1000
045392,滬深2X國泰93購01,0,0,0,0,0,0,0,0,0,1000,0,0,0,1000,0,1000,1000
05136P,台積電凱基95售08,0,0,0,0,0,0,0,0,0,1000,0,0,0,1000,0,1000,1000
048851,台達電群益94購01,0,0,0,0,0,0,0,0,0,1000,0,0,0,1000,0,1000,1000
048907,高鐵富邦94購01  ,0,0,0,0,0,0,0,0,0,1000,0,0,0,1000,0,1000,1000
048911,玉晶光富邦96購01,0,0,0,0,0,0,0,0,0,1000,0,0,0,1000,0,1000,1000
050695,台積電凱基94購40,0,0,0,0,0,0,0,0,0,1000,0,0,0,2000,1000,1000,1000
049365,美律元大94購04  ,0,0,0,0,0,0,0,0,0,1000,0,0,0,1000,0,1000,1000
050729,聯鈞國票94購01  ,0,0,0,0,0,0,0,0,0,1000,0,0,0,3000,2000,1000,1000
05072P,聯電元富95售02  ,0,0,0,0,0,0,0,0,0,1000,0,0,0,1000,0,1000,1000
04934P,鴻海中信94售05  ,0,0,0,0,0,0,0,0,0,1000,0,0,0,1000,0,1000,1000
049314,京鼎凱基94購01  ,0,0,0,0,0,0,0,0,0,1000,0,0,0,1000,0,1000,1000
049911,智邦元大94購05  ,0,0,0,0,0,0,0,0,0,1000,0,0,0,69000,68000,1000,1000
049918,宏達電元大94購01,0,0,0,0,0,0,0,0,0,1000,0,0,0,1000,0,1000,1000
050786,健策國泰96購01  ,0,0,0,0,0,0,0,0,0,1000,0,0,0,1000,0,1000,1000
04976P,中磊凱基94售01  ,0,0,0,0,0,0,0,0,0,1000,0,0,0,1000,0,1000,1000
051423,GIS國票97購01   ,0,0,0,0,0,0,0,0,0,1000,0,0,0,21000,20000,1000,1000
050881,大立光元富95購04,0,0,0,0,0,0,0,0,0,1000,0,0,0,1000,0,1000,1000
050902,南電元大96購01  ,0,0,0,0,0,0,0,0,0,1000,0,0,0,4000,3000,1000,1000
050574,微星國票94購01  ,0,0,0,0,0,0,0,0,0,1000,0,0,0,1000,0,1000,1000
050860,喬山永豐95購01  ,0,0,0,0,0,0,0,0,0,1000,0,0,0,1000,0,1000,1000
050541,智邦凱基94購04  ,0,0,0,0,0,0,0,0,0,1000,0,0,0,603000,602000,1000,1000
050516,華通元大95購05  ,0,0,0,0,0,0,0,0,0,1000,0,0,0,6000,5000,1000,1000
049629,臺股指群益94購02,0,0,0,0,0,0,0,0,0,1000,0,0,0,2000,1000,1000,1000
05167P,百和元富95售03  ,0,0,0,0,0,0,0,0,0,1000,0,0,0,1000,0,1000,1000
05042P,GIS凱基95售03   ,0,0,0,0,0,0,0,0,0,1000,0,0,0,11000,10000,1000,1000
050452,智原元大95購04  ,0,0,0,0,0,0,0,0,0,1000,0,0,0,1000,0,1000,1000
051397,聯茂兆豐95購03  ,0,0,0,0,0,0,0,0,0,1000,0,0,0,1000,0,1000,1000
050425,國巨凱基94購12  ,0,0,0,0,0,0,0,0,0,1000,0,0,0,1000,0,1000,1000
05029P,鴻海元富95售04  ,0,0,0,0,0,0,0,0,0,1000,0,0,0,1000,0,1000,1000
050351,華新科群益95購02,0,0,0,0,0,0,0,0,0,1000,0,0,0,26000,25000,1000,1000
050193,臻鼎元大94購02  ,0,0,0,0,0,0,0,0,0,1000,0,0,0,3000,2000,1000,1000
050184,信邦元大94購01  ,0,0,0,0,0,0,0,0,0,1000,0,0,0,1000,0,1000,1000
050057,國巨凱基94購05  ,0,0,0,0,0,0,0,0,0,1000,0,0,0,1000,0,1000,1000
050023,國巨元大94購12  ,0,0,0,0,0,0,0,0,0,1000,0,0,0,100000,99000,1000,1000
050015,友達富邦95購01  ,0,0,0,0,0,0,0,0,0,1000,0,0,0,1000,0,1000,1000
052249,大成鋼永豐95購01,0,0,0,0,0,0,0,0,0,1000,0,0,0,25000,24000,1000,1000
052339,光寶科凱基95購01,0,0,0,0,0,0,0,0,0,1000,0,0,0,1000,0,1000,1000
052553,技嘉國票96購01  ,0,0,0,0,0,0,0,0,0,1000,0,0,0,51000,50000,1000,1000
05246P,南電元大95售04  ,0,0,0,0,0,0,0,0,0,1000,0,0,0,9000,8000,1000,1000
052497,楠梓電永豐96購01,0,0,0,0,0,0,0,0,0,1000,0,0,0,1000,0,1000,1000
05012P,台積電元大95售07,0,0,0,0,0,0,0,0,0,1000,0,0,0,5000,4000,1000,1000
052739,國巨元大96購04  ,0,0,0,0,0,0,0,0,0,1000,0,0,0,1000,0,1000,1000
053082,聯電元大98購03  ,0,0,0,0,0,0,0,0,0,1000,0,0,0,30000,29000,1000,1000
053071,南電群益96購01  ,0,0,0,0,0,0,0,0,0,1000,0,0,0,1000,0,1000,1000
05317P,臺股指永昌95售02,0,0,0,0,0,0,0,0,0,1000,0,0,0,1000,0,1000,1000
053279,景碩元大97購01  ,0,0,0,0,0,0,0,0,0,1000,0,0,0,158000,157000,1000,1000
053288,臺股指元大96購16,0,0,0,0,0,0,0,0,0,1000,0,0,0,1000,0,1000,1000
053901,T50反1凱基99購03,0,0,0,0,0,0,0,0,0,1000,0,0,0,1000,0,1000,1000
053660,群創凱基98購08  ,0,0,0,0,0,0,0,0,0,1000,0,0,0,9000,8000,1000,1000
053668,鴻海統一97購01  ,0,0,0,0,0,0,0,0,0,1000,0,0,0,54000,53000,1000,1000
053704,國巨群益96購06  ,0,0,0,0,0,0,0,0,0,1000,0,0,0,1000,0,1000,1000
053738,群創麥證96購01  ,0,0,0,3000,2000,1000,0,0,0,1000,0,0,0,3000,2000,1000,1000
053309,泰鼎凱基96購03  ,0,0,0,0,0,0,0,0,0,1000,0,0,0,1000,0,1000,1000
053429,彩晶永豐96購01  ,0,0,0,0,0,0,0,0,0,1000,0,0,0,1000,0,1000,1000
053521,緯穎群益96購02  ,0,0,0,0,0,0,0,0,0,1000,0,0,0,21000,20000,1000,1000
054273,宏達電中信98購01,0,0,0,0,0,0,0,0,0,1000,0,0,0,1000,0,1000,1000
05411P,台積電國票96售08,0,0,0,0,0,0,0,0,0,1000,0,0,0,71000,70000,1000,1000
054020,技嘉台新97購01  ,0,0,0,0,0,0,0,0,0,1000,0,0,0,1000,0,1000,1000
054603,智易台新98購01  ,0,0,0,0,0,0,0,0,0,1000,0,0,0,3000,2000,1000,1000
055255,欣興統一97購02  ,0,0,0,0,0,0,0,0,0,1000,0,0,0,1000,0,1000,1000
055268,和大元大97購01  ,0,0,0,0,0,0,0,0,0,1000,0,0,0,1000,0,1000,1000
055231,大毅國票98購02  ,0,0,0,0,0,0,0,0,0,1000,0,0,0,1000,0,1000,1000
05528P,臺股指群益96售01,0,0,0,0,0,0,0,0,0,1000,0,0,0,1000,0,1000,1000
055296,康舒元大97購02  ,0,0,0,0,0,0,0,0,0,1000,0,0,0,975000,974000,1000,1000
2704,國賓            ,11000,10000,1000,0,0,0,0,0,0,0,0,0,0,0,0,0,1000
2936,客思達-KY       ,1000,0,1000,0,0,0,0,0,0,0,0,0,0,0,0,0,1000
2891B,中信金乙特      ,0,0,0,0,0,0,0,0,0,1000,1000,0,1000,0,0,0,1000
3266,昇陽            ,2000,1000,1000,0,0,0,0,0,0,0,0,0,0,0,0,0,1000
3046,建碁            ,5000,4000,1000,0,0,0,0,0,0,0,0,0,0,0,0,0,1000
4807,日成-KY         ,2000,1000,1000,0,0,0,0,0,0,0,0,0,0,0,0,0,1000
6128,上福            ,0,0,0,0,0,0,0,0,0,1000,1000,0,1000,0,0,0,1000
5484,慧友            ,1000,0,1000,0,0,0,0,0,0,0,0,0,0,0,0,0,1000
4576,大銀微系統      ,1000,0,1000,0,0,0,0,0,0,0,0,0,0,0,0,0,1000
4526,東台            ,3000,2000,1000,0,0,0,0,0,0,0,0,0,0,0,0,0,1000
2496,卓越            ,4000,2000,2000,0,0,0,0,0,0,-1000,0,1000,-1000,0,0,0,1000
2460,建通            ,3000,0,3000,0,0,0,0,0,0,-2000,0,2000,-2000,0,0,0,1000
2373,震旦行          ,4000,3000,1000,0,0,0,0,0,0,0,0,0,0,0,0,0,1000
2033,佳大            ,1000,0,1000,0,0,0,0,0,0,0,0,0,0,0,0,0,1000
2007,燁興            ,1000,0,1000,0,0,0,0,0,0,0,0,0,0,0,0,0,1000
2022,聚亨            ,4000,3000,1000,0,0,0,0,0,0,0,0,0,0,0,0,0,1000
1225,福懋油          ,1000,0,1000,0,0,0,0,0,0,0,0,0,0,0,0,0,1000
1506,正道            ,0,0,0,0,0,0,0,0,0,1000,1000,0,1000,0,0,0,1000
1453,大將            ,1000,0,1000,0,0,0,0,0,0,0,0,0,0,0,0,0,1000
1454,台富            ,1000,0,1000,0,0,0,0,0,0,0,0,0,0,0,0,0,1000
1414,東和            ,4000,3000,1000,0,0,0,0,0,0,0,0,0,0,0,0,0,1000
06326P,鴻海中信01售01  ,0,0,0,0,0,0,0,0,0,1000,0,0,0,20000,19000,1000,1000
06319P,臺股指元富97售06,0,0,0,0,0,0,0,0,0,1000,0,0,0,1000,0,1000,1000
06377P,華通統一97售04  ,0,0,0,0,0,0,0,0,0,1000,0,0,0,1000,0,1000,1000
06366P,鴻海凱基97售10  ,0,0,0,0,0,0,0,0,0,1000,0,0,0,1000,0,1000,1000
06404P,鴻海元富97售16  ,0,0,0,0,0,0,0,0,0,1000,0,0,0,1000,0,1000,1000
06470P,臺股指凱基99售10,0,0,0,0,0,0,0,0,0,1000,0,0,0,1000,0,1000,1000
06202P,大立光元大98售06,0,0,0,0,0,0,0,0,0,1000,0,0,0,13000,12000,1000,1000
8367,建新國際        ,4000,3000,1000,0,0,0,0,0,0,0,0,0,0,0,0,0,1000
8488,吉源-KY         ,1000,0,1000,0,0,0,0,0,0,0,0,0,0,0,0,0,1000
8222,寶一            ,1000,0,1000,0,0,0,0,0,0,0,0,0,0,0,0,0,1000
6573,虹揚-KY         ,1000,0,1000,0,0,0,0,0,0,0,0,0,0,0,0,0,1000
1477,聚陽            ,198000,233000,-35000,0,0,0,0,36100,-36100,72000,98000,46000,52000,22000,2000,20000,900
008201,BP上證50        ,0,0,0,0,0,0,0,0,0,400,0,0,0,400,0,400,400
055890,鴻海統一99購01  ,0,0,0,0,0,0,0,0,0,0,0,0,0,48000,48000,0,0
055911,可成凱基98購02  ,0,0,0,0,0,0,0,0,0,0,0,0,0,9000,9000,0,0
055833,華通元大98購05  ,0,0,0,0,0,0,0,0,0,0,0,0,0,10000,10000,0,0
055835,華邦電元大97購03,0,0,0,0,0,0,0,0,0,0,0,0,0,10000,10000,0,0
055850,聯詠元大97購06  ,0,0,0,0,0,0,0,0,0,0,0,0,0,40000,40000,0,0
055845,大立光元大97購08,0,0,0,0,0,0,0,0,0,0,0,0,0,5000,5000,0,0
055846,大立光元大97購09,0,0,0,0,0,0,0,0,0,0,0,0,0,5000,5000,0,0
055847,大立光元大97購10,0,0,0,0,0,0,0,0,0,0,0,0,0,5000,5000,0,0
055848,大立光元大97購11,0,0,0,0,0,0,0,0,0,0,0,0,0,5000,5000,0,0
055806,致新永豐97購02  ,0,0,0,0,0,0,0,0,0,0,0,0,0,42000,42000,0,0
055781,聯詠凱基98購01  ,0,0,0,0,0,0,0,0,0,0,0,0,0,1000,1000,0,0
055762,智伸科群益97購01,0,0,0,0,0,0,0,0,0,0,0,0,0,2000,2000,0,0
055721,聯詠元大97購04  ,0,0,0,0,0,0,0,0,0,0,0,0,0,26000,26000,0,0
055689,台郡凱基99購01  ,0,0,0,0,0,0,0,0,0,0,0,0,0,17000,17000,0,0
055598,欣興元大97購03  ,0,0,0,0,0,0,0,0,0,0,0,0,0,1000,1000,0,0
055557,華新科凱基97購01,0,0,0,0,0,0,0,0,0,0,0,0,0,25000,25000,0,0
055549,旺宏凱基97購03  ,0,0,0,0,0,0,0,0,0,0,0,0,0,5000,5000,0,0
055562,欣興凱基97購06  ,0,0,0,0,0,0,0,0,0,0,0,0,0,2000,2000,0,0
055563,智易凱基97購02  ,0,0,0,0,0,0,0,0,0,0,0,0,0,19000,19000,0,0
055529,華邦電群益97購02,0,0,0,0,0,0,0,0,0,0,0,0,0,11000,11000,0,0
055498,大立光元大97購07,0,0,0,0,0,0,0,0,0,0,0,0,0,5000,5000,0,0
055476,台郡凱基97購02  ,0,0,0,0,0,0,0,0,0,0,0,0,0,13000,13000,0,0
055473,禾伸堂凱基97購01,0,0,0,0,0,0,0,0,0,0,0,0,0,22000,22000,0,0
055469,台光電凱基97購01,0,0,0,0,0,0,0,0,0,0,0,0,0,10000,10000,0,0
055467,國巨凱基97購05  ,0,0,0,0,0,0,0,0,0,0,0,0,0,136000,136000,0,0
055351,聯發科凱基97購03,0,0,0,0,0,0,0,0,0,0,0,0,0,1000,1000,0,0
05535P,台積電元大97售06,0,0,0,0,0,0,0,0,0,0,0,0,0,101000,101000,0,0
055372,宏達電元大97購04,0,0,0,0,0,0,0,0,0,0,0,0,0,19000,19000,0,0
055364,矽創凱基97購03  ,0,0,0,0,0,0,0,0,0,0,0,0,0,4000,4000,0,0
055464,聚陽凱基97購01  ,0,0,0,0,0,0,0,0,0,0,0,0,0,11000,11000,0,0
055433,嘉聯益群益99購01,0,0,0,0,0,0,0,0,0,0,0,0,0,7000,7000,0,0
055442,矽創國票98購02  ,0,0,0,0,0,0,0,0,0,0,0,0,0,10000,10000,0,0
055402,正文元富97購02  ,0,0,0,0,0,0,0,0,0,0,0,0,0,10000,10000,0,0
056034,華通凱基98購01  ,0,0,0,0,0,0,0,0,0,0,0,0,0,6000,6000,0,0
056038,可成凱基97購01  ,0,0,0,0,0,0,0,0,0,0,0,0,0,1000,1000,0,0
056098,矽創元富97購02  ,0,0,0,0,0,0,0,0,0,0,0,0,0,35000,35000,0,0
056073,智伸科元大97購01,0,0,0,0,0,0,0,0,0,0,0,0,0,10000,10000,0,0
056065,奇鋐元大97購01  ,0,0,0,0,0,0,0,0,0,0,0,0,0,24000,24000,0,0
056024,大立光群益97購05,0,0,0,0,0,0,0,0,0,0,0,0,0,10000,10000,0,0
05601P,鴻海元大97售04  ,0,0,0,0,0,0,0,0,0,0,0,0,0,368000,368000,0,0
056015,華通群益99購01  ,0,0,0,0,0,0,0,0,0,0,0,0,0,5000,5000,0,0
055988,矽力元富97購01  ,0,0,0,0,0,0,0,0,0,0,0,0,0,10000,10000,0,0
055963,欣興元大97購04  ,0,0,0,0,0,0,0,0,0,0,0,0,0,6000,6000,0,0
056121,勤誠群益97購01  ,0,0,0,0,0,0,0,0,0,0,0,0,0,10000,10000,0,0
056119,欣興群益97購02  ,0,0,0,0,0,0,0,0,0,0,0,0,0,1000,1000,0,0
056157,聯詠凱基97購03  ,0,0,0,0,0,0,0,0,0,0,0,0,0,1000,1000,0,0
056159,牧德凱基99購01  ,0,0,0,0,0,0,0,0,0,0,0,0,0,10000,10000,0,0
056163,嘉聯益凱基98購03,0,0,0,0,0,0,0,0,0,0,0,0,0,7000,7000,0,0
056176,創意元富97購01  ,0,0,0,0,0,0,0,0,0,0,0,0,0,25000,25000,0,0
056225,聯發科凱基97購09,0,0,0,0,0,0,0,0,0,0,0,0,0,2000,2000,0,0
056401,國巨群益98購07  ,0,0,0,0,0,0,0,0,0,0,0,0,0,3000,3000,0,0
056365,欣興元大98購01  ,0,0,0,0,0,0,0,0,0,0,0,0,0,56000,56000,0,0
056302,大立光元大97購17,0,0,0,0,0,0,0,0,0,0,0,0,0,5000,5000,0,0
056303,亞光元大97購04  ,0,0,0,0,0,0,0,0,0,0,0,0,0,27000,27000,0,0
056471,台光電元大99購01,0,0,0,0,0,0,0,0,0,0,0,0,0,16000,16000,0,0
056454,欣興凱基98購02  ,0,0,0,0,0,0,0,0,0,0,0,0,0,1000,1000,0,0
056447,聯發科凱基98購09,0,0,0,0,0,0,0,0,0,0,0,0,0,4000,4000,0,0
056433,鴻海凱基98購09  ,0,0,0,0,0,0,0,0,0,0,0,0,0,8000,8000,0,0
056549,嘉聯益凱基98購04,0,0,0,0,0,0,0,0,0,0,0,0,0,7000,7000,0,0
056524,欣興中信98購02  ,0,0,0,0,0,0,0,0,0,0,0,0,0,10000,10000,0,0
056518,美律國票99購01  ,0,0,0,0,0,0,0,0,0,0,0,0,0,19000,19000,0,0
056513,臻鼎亞東99購01  ,0,0,0,0,0,0,0,0,0,0,0,0,0,48000,48000,0,0
056574,亞光元大99購03  ,0,0,0,0,0,0,0,0,0,0,0,0,0,48000,48000,0,0
056583,昇陽半元大98購02,0,0,0,0,0,0,0,0,0,0,0,0,0,7000,7000,0,0
056590,樺漢統一9A購01  ,0,0,0,0,0,0,0,0,0,0,0,0,0,100000,100000,0,0
056681,鴻海統一98購09  ,0,0,0,0,0,0,0,0,0,0,0,0,0,48000,48000,0,0
056641,華通凱基98購03  ,0,0,0,0,0,0,0,0,0,0,0,0,0,28000,28000,0,0
056787,健鼎群益98購01  ,0,0,0,0,0,0,0,0,0,0,0,0,0,30000,30000,0,0
056840,友達元富98購02  ,0,0,0,0,0,0,0,0,0,0,0,0,0,20000,20000,0,0
056872,旺宏凱基98購08  ,0,0,0,0,0,0,0,0,0,0,0,0,0,5000,5000,0,0
056867,華通麥證98購01  ,0,0,0,10000,10000,0,0,0,0,0,0,0,0,10000,10000,0,0
056856,華通群益9A購01  ,0,0,0,0,0,0,0,0,0,0,0,0,0,5000,5000,0,0
056860,正崴群益98購01  ,0,0,0,0,0,0,0,0,0,0,0,0,0,98000,98000,0,0
056908,牧德元大99購03  ,0,0,0,0,0,0,0,0,0,0,0,0,0,155000,155000,0,0
056902,大立光元大98購12,0,0,0,0,0,0,0,0,0,0,0,0,0,5000,5000,0,0
056929,華新科台新98購01,0,0,0,0,0,0,0,0,0,0,0,0,0,38000,38000,0,0
056967,奇鋐永豐98購01  ,0,0,0,0,0,0,0,0,0,0,0,0,0,10000,10000,0,0
057003,立積國票98購01  ,0,0,0,0,0,0,0,0,0,0,0,0,0,5000,5000,0,0
05701P,彩晶凱基96售01  ,0,0,0,0,0,0,0,0,0,0,0,0,0,100000,100000,0,0
057129,聯發科凱基99購03,0,0,0,0,0,0,0,0,0,0,0,0,0,3000,3000,0,0
057050,群創元大99購03  ,0,0,0,0,0,0,0,0,0,0,0,0,0,13000,13000,0,0
05714P,群創統一97售03  ,0,0,0,0,0,0,0,0,0,0,0,0,0,100000,100000,0,0
057170,瑞昱元大98購01  ,0,0,0,0,0,0,0,0,0,0,0,0,0,10000,10000,0,0
057181,亞光元大98購02  ,0,0,0,0,0,0,0,0,0,0,0,0,0,23000,23000,0,0
057184,群創元大98購05  ,0,0,0,0,0,0,0,0,0,0,0,0,0,4000,4000,0,0
057187,群創元大9B購04  ,0,0,0,0,0,0,0,0,0,0,0,0,0,10000,10000,0,0
05788P,臺股指永昌96售05,0,0,0,0,0,0,0,0,0,0,100000,0,100000,40000,140000,-100000,0
05789P,臺股指永昌96售06,0,0,0,0,0,0,0,0,0,0,10000,0,10000,0,10000,-10000,0
05807P,泰鼎永豐96售03  ,0,0,0,0,0,0,0,0,0,0,0,0,0,20000,20000,0,0
05869P,旺宏凱基96售05  ,0,0,0,0,0,0,0,0,0,0,0,0,0,50000,50000,0,0
06028P,智邦台新97售01  ,0,0,0,0,0,0,0,0,0,0,0,0,0,1000,1000,0,0
05997P,嘉聯益群益96售02,0,0,0,0,0,0,0,0,0,0,0,0,0,60000,60000,0,0
06042P,華新科永豐96售04,0,0,0,0,0,0,0,0,0,0,0,0,0,40000,40000,0,0
057569,光磊永豐98購03  ,0,0,0,0,0,0,0,0,0,0,0,0,0,32000,32000,0,0
05771P,大立光凱基96售13,0,0,0,0,0,0,0,0,0,0,0,0,0,14000,14000,0,0
057532,智原元大98購03  ,0,0,0,0,0,0,0,0,0,0,0,0,0,35000,35000,0,0
057544,鴻海凱基02購01  ,0,0,0,0,0,0,0,0,0,0,0,0,0,3000,3000,0,0
05751P,台積電中信96售05,0,0,0,0,0,0,0,0,0,0,0,0,0,5000,5000,0,0
057535,泰鼎元大99購01  ,0,0,0,0,0,0,0,0,0,0,0,0,0,26000,26000,0,0
057536,康控元大99購03  ,0,0,0,0,0,0,0,0,0,0,0,0,0,12000,12000,0,0
057492,大立光元大98購18,0,0,0,0,0,0,0,0,0,0,0,0,0,5000,5000,0,0
057493,聯詠元大98購02  ,0,0,0,0,0,0,0,0,0,0,0,0,0,27000,27000,0,0
057498,台郡元大98購04  ,0,0,0,0,0,0,0,0,0,0,0,0,0,4000,4000,0,0
057485,友達元大9C購04  ,0,0,0,0,0,0,0,0,0,0,0,0,0,10000,10000,0,0
057477,智邦元大98購09  ,0,0,0,0,0,0,0,0,0,0,0,0,0,19000,19000,0,0
057468,台郡永豐98購01  ,0,0,0,0,0,0,0,0,0,0,0,0,0,11000,11000,0,0
057469,康友永豐98購02  ,0,0,0,0,0,0,0,0,0,0,0,0,0,23000,23000,0,0
057386,聯發科永豐98購04,0,0,0,0,0,0,0,0,0,0,0,0,0,10000,10000,0,0
057382,聯發科國泰9A購01,0,0,0,0,0,0,0,0,0,0,0,0,0,62000,62000,0,0
057373,大立光元大98購17,0,0,0,0,0,0,0,0,0,0,0,0,0,5000,5000,0,0
05741P,聯發科元大96售14,0,0,0,0,0,0,0,0,0,0,0,0,0,395000,395000,0,0
057410,南電群益98購01  ,0,0,0,0,0,0,0,0,0,0,0,0,0,9000,9000,0,0
057422,欣興凱基98購04  ,0,0,0,0,0,0,0,0,0,0,0,0,0,1000,1000,0,0
057457,華邦電富邦98購01,0,0,0,0,0,0,0,0,0,0,0,0,0,9000,9000,0,0
057296,智原永豐98購01  ,0,0,0,0,0,0,0,0,0,0,0,0,0,35000,35000,0,0
057285,群創元大98購07  ,0,0,0,0,0,0,0,0,0,0,0,0,0,32000,32000,0,0
057330,台積電國票99購03,0,0,0,0,0,0,0,0,0,0,0,0,0,39000,39000,0,0
057329,緯穎群益98購02  ,0,0,0,0,0,0,0,0,0,0,0,0,0,25000,25000,0,0
057312,美律麥證98購01  ,0,0,0,30000,30000,0,0,0,0,0,0,0,0,30000,30000,0,0
057347,國巨統一9A購03  ,0,0,0,0,0,0,0,0,0,0,0,0,0,4000,4000,0,0
057375,欣興元大98購09  ,0,0,0,0,0,0,0,0,0,0,0,0,0,4000,4000,0,0
057365,智邦元大98購07  ,0,0,0,0,0,0,0,0,0,0,0,0,0,10000,10000,0,0
057366,智邦元大98購08  ,0,0,0,0,0,0,0,0,0,0,0,0,0,23000,23000,0,0
05719P,可成元大96售03  ,0,0,0,0,0,0,0,0,0,0,0,0,0,275000,275000,0,0
057236,聯詠凱基98購03  ,0,0,0,0,0,0,0,0,0,0,0,0,0,1000,1000,0,0
057242,台郡凱基98購05  ,0,0,0,0,0,0,0,0,0,0,0,0,0,6000,6000,0,0
057219,群創群益98購10  ,0,0,0,0,0,0,0,0,0,0,0,0,0,32000,32000,0,0
05720P,可成中信98售01  ,0,0,0,0,0,0,0,0,0,0,0,0,0,17000,17000,0,0
057281,大立光元大98購16,0,0,0,0,0,0,0,0,0,0,0,0,0,5000,5000,0,0
057263,可成兆豐99購01  ,0,0,0,0,0,0,0,0,0,0,0,0,0,20000,20000,0,0
00767,FH美國金融股    ,0,0,0,0,0,0,0,0,0,0,0,0,0,1000,1000,0,0
00774B,新光中國政金綠債,0,0,0,0,0,0,0,0,0,0,0,0,0,2000,2000,0,0
00775B,新光投等債15+   ,0,0,0,0,0,0,0,0,0,0,0,0,0,2000,2000,0,0
00776,新光ICE美國權值 ,0,0,0,0,0,0,0,0,0,0,0,0,0,1000,1000,0,0
03012X,元展12          ,0,0,0,0,0,0,0,0,0,0,0,0,0,1000,1000,0,0
00625K,富邦上証+R      ,0,0,0,0,0,0,0,0,0,0,0,0,0,50000,50000,0,0
00636K,國泰中國A50+U   ,0,0,0,0,0,0,0,0,0,0,0,0,0,100,100,0,0
03904P,啟碁統一93售01  ,0,0,0,0,0,0,0,0,0,0,0,0,0,4000,4000,0,0
03929P,元油2X永豐93售04,0,0,0,0,0,0,0,0,0,0,0,0,0,20000,20000,0,0
00732,國泰RMB短期報酬 ,0,0,0,0,0,0,0,0,0,0,0,0,0,100000,100000,0,0
00684R,元大美元指數反1 ,0,0,0,0,0,0,0,0,0,0,0,0,0,40000,40000,0,0
00668K,國泰美國道瓊+U  ,0,0,0,0,0,0,0,0,0,0,0,0,0,100,100,0,0
00657,國泰日經225     ,0,0,0,0,0,0,0,0,0,0,0,0,0,122000,122000,0,0
00657K,國泰日經225+U   ,0,0,0,0,0,0,0,0,0,0,0,0,0,100,100,0,0
00660,元大歐洲50      ,0,0,0,0,0,0,0,0,0,0,0,0,0,1000,1000,0,0
04163P,可成統一93售03  ,0,0,0,0,0,0,0,0,0,0,0,0,0,10000,10000,0,0
03351P,台積電麥證02售07,0,0,0,0,0,0,0,0,0,0,0,0,0,6000,6000,0,0
03899P,滬深2X群益95售03,0,0,0,0,0,0,0,0,0,0,0,0,0,152000,152000,0,0
04322P,可成元大94售01  ,0,0,0,0,0,0,0,0,0,0,0,0,0,7000,7000,0,0
045660,欣興富邦93購03  ,0,0,0,0,0,0,0,0,0,0,0,0,0,1000,1000,0,0
045585,欣興元大93購03  ,0,0,0,0,0,0,0,0,0,0,0,0,0,3000,3000,0,0
045586,創意元大93購03  ,0,0,0,0,0,0,0,0,0,0,0,0,0,20000,20000,0,0
045782,欣興元大93購04  ,0,0,0,0,0,0,0,0,0,0,0,0,0,3000,3000,0,0
045456,鴻海元大93購04  ,0,0,0,0,0,0,0,0,0,0,0,0,0,42000,42000,0,0
044961,聯電中信94購01  ,0,0,0,0,0,0,0,0,0,0,0,0,0,30000,30000,0,0
044944,技嘉群益93購01  ,0,0,0,0,0,0,0,0,0,0,0,0,0,1000,1000,0,0
044834,旺宏元大93購02  ,0,0,0,0,0,0,0,0,0,0,0,0,0,15000,15000,0,0
045235,致茂中信93購01  ,0,0,0,0,0,0,0,0,0,0,0,0,0,94000,94000,0,0
04471P,華通元大95售03  ,0,0,0,0,0,0,0,0,0,0,0,0,0,30000,30000,0,0
044758,玉山金凱基93購01,0,0,0,0,0,0,0,0,0,0,0,0,0,10000,10000,0,0
044646,旺宏群益93購01  ,0,0,0,0,0,0,0,0,0,0,0,0,0,62000,62000,0,0
046184,台光電凱基93購08,0,0,0,0,0,0,0,0,0,0,0,0,0,7000,7000,0,0
046067,富邦金凱基92購02,0,0,0,0,0,0,0,0,0,0,0,0,0,10000,10000,0,0
04344P,台達電國泰94售01,0,0,0,0,0,0,0,0,0,0,0,0,0,200000,200000,0,0
04341P,美律永豐93售03  ,0,0,0,0,0,0,0,0,0,0,0,0,0,60000,60000,0,0
048614,欣興凱基93購05  ,0,0,0,0,0,0,0,0,0,0,0,0,0,3000,3000,0,0
047457,旺宏群益95購01  ,0,0,0,0,0,0,0,0,0,0,0,0,0,80000,80000,0,0
047546,瑞昱凱基93購06  ,0,0,0,0,0,0,0,0,0,0,0,0,0,10000,10000,0,0
048544,欣興永豐94購01  ,0,0,0,0,0,0,0,0,0,0,0,0,0,3000,3000,0,0
048592,漢唐群益93購04  ,0,0,0,0,0,0,0,0,0,0,0,0,0,10000,10000,0,0
048593,華新科群益93購04,0,0,0,0,0,0,0,0,0,0,0,0,0,15000,15000,0,0
048584,欣興富邦95購01  ,0,0,0,0,0,0,0,0,0,0,0,0,0,5000,5000,0,0
048568,緯穎元大93購06  ,0,0,0,0,0,0,0,0,0,0,0,0,0,2000,2000,0,0
04865P,台積電亞東95售01,0,0,0,0,0,0,0,0,0,0,0,0,0,200000,200000,0,0
048635,鴻海元大94購04  ,0,0,0,0,0,0,0,0,0,0,0,0,0,17000,17000,0,0
048642,聯發科元大94購02,0,0,0,0,0,0,0,0,0,0,0,0,0,1000,1000,0,0
048691,智伸科群益94購01,0,0,0,0,0,0,0,0,0,0,0,0,0,21000,21000,0,0
047522,微星元大93購02  ,0,0,0,0,0,0,0,0,0,0,0,0,0,10000,10000,0,0
047481,可成凱基93購08  ,0,0,0,0,0,0,0,0,0,0,0,0,0,2000,2000,0,0
047476,鴻海凱基94購08  ,0,0,0,0,0,0,0,0,0,0,0,0,0,5000,5000,0,0
047478,旺宏凱基93購04  ,0,0,0,0,0,0,0,0,0,0,0,0,0,11000,11000,0,0
045084,欣興元大93購02  ,0,0,0,0,0,0,0,0,0,0,0,0,0,3000,3000,0,0
04505P,佳世達元富96售03,0,0,0,0,0,0,0,0,0,0,0,0,0,20000,20000,0,0
047342,T50反1中信99購01,0,10000,-10000,0,0,0,0,0,0,10000,0,0,0,11000,1000,10000,0
047543,鴻海凱基94購09  ,0,0,0,0,0,0,0,0,0,0,0,0,0,1000,1000,0,0
047345,鴻海凱基94購06  ,0,0,0,0,0,0,0,0,0,0,0,0,0,3000,3000,0,0
048084,華通凱基93購05  ,0,0,0,0,0,0,0,0,0,0,0,0,0,101000,101000,0,0
048058,大立光國泰95購01,0,0,0,0,0,0,0,0,0,0,0,0,0,5000,5000,0,0
048026,瑞昱凱基94購01  ,0,0,0,0,0,0,0,0,0,0,0,0,0,2000,2000,0,0
046757,漢唐凱基93購02  ,0,0,0,0,0,0,0,0,0,0,0,0,0,10000,10000,0,0
047555,欣興凱基93購01  ,0,0,0,0,0,0,0,0,0,0,0,0,0,1000,1000,0,0
04756P,大立光元富94售08,0,0,0,0,0,0,0,0,0,0,0,0,0,20000,20000,0,0
047588,大立光永豐94購01,0,0,0,0,0,0,0,0,0,0,0,0,0,5000,5000,0,0
048094,大立光凱基93購31,0,0,0,0,0,0,0,0,0,0,0,0,0,180000,180000,0,0
047636,台達電元大93購03,0,0,0,0,0,0,0,0,0,0,0,0,0,1000,1000,0,0
047647,麗豐元大93購03  ,0,0,0,0,0,0,0,0,0,0,0,0,0,69000,69000,0,0
04760P,旺宏凱基94售02  ,0,0,0,0,0,0,0,0,0,0,0,0,0,50000,50000,0,0
047711,華新科凱基94購03,0,0,0,0,0,0,0,0,0,0,0,0,0,5000,5000,0,0
04772P,欣興元大94售08  ,0,0,0,0,0,0,0,0,0,0,0,0,0,20000,20000,0,0
046291,友達統一94購01  ,0,0,0,0,0,0,0,0,0,0,0,0,0,10000,10000,0,0
047797,臺股指群益93購08,0,0,0,0,0,0,0,0,0,0,0,0,0,100000,100000,0,0
046403,技嘉元大92購01  ,0,0,0,0,0,0,0,0,0,0,0,0,0,10000,10000,0,0
047804,鴻海凱基93購26  ,0,0,0,0,0,0,0,0,0,0,0,0,0,50000,50000,0,0
047787,正崴群益93購01  ,0,0,0,0,0,0,0,0,0,0,0,0,0,100000,100000,0,0
046465,GIS凱基95購01   ,0,0,0,0,0,0,0,0,0,0,0,0,0,1000,1000,0,0
046450,鴻海凱基93購12  ,0,0,0,0,0,0,0,0,0,0,0,0,0,2000,2000,0,0
046428,矽力元大92購02  ,0,0,0,0,0,0,0,0,0,0,0,0,0,39000,39000,0,0
046559,台積電凱基92購23,0,0,0,0,0,0,0,0,0,0,0,0,0,260000,260000,0,0
048441,台積電凱基93購29,0,0,0,0,0,0,0,0,0,0,0,0,0,10000,10000,0,0
048124,大立光元大95購03,0,0,0,0,0,0,0,0,0,0,0,0,0,5000,5000,0,0
048200,欣興元大93購07  ,0,0,0,0,0,0,0,0,0,0,0,0,0,2000,2000,0,0
048221,鴻海凱基95購01  ,0,0,0,0,0,0,0,0,0,0,0,0,0,1000,1000,0,0
046619,可成凱基93購01  ,0,0,0,0,0,0,0,0,0,0,0,0,0,10000,10000,0,0
048210,鴻海日盛93購01  ,0,0,0,0,0,0,0,0,0,0,0,0,0,8000,8000,0,0
048837,牧德凱基94購04  ,0,0,0,0,0,0,0,0,0,0,0,0,0,97000,97000,0,0
046660,宏達電元大93購07,0,0,0,0,0,0,0,0,0,0,0,0,0,20000,20000,0,0
046667,晶技元大93購01  ,0,0,0,0,0,0,0,0,0,0,0,0,0,50000,50000,0,0
048328,滬深2X永昌94購01,0,0,0,0,0,0,0,0,0,0,0,0,0,128000,128000,0,0
048321,欣興凱基93購03  ,0,0,0,0,0,0,0,0,0,0,0,0,0,2000,2000,0,0
048273,南電富邦97購01  ,0,0,0,0,0,0,0,0,0,0,0,0,0,7000,7000,0,0
048283,亞德客中信94購01,0,0,0,0,0,0,0,0,0,0,0,0,0,20000,20000,0,0
048790,大立光元大95購05,0,0,0,0,0,0,0,0,0,0,0,0,0,10000,10000,0,0
048818,台達電凱基94購01,0,0,0,0,0,0,0,0,0,0,0,0,0,3000,3000,0,0
048767,欣興凱基94購01  ,0,0,0,0,0,0,0,0,0,0,0,0,0,1000,1000,0,0
048765,奇力新凱基94購01,0,0,0,0,0,0,0,0,0,0,0,0,0,1000,1000,0,0
048719,亞光永豐94購01  ,0,0,0,0,0,0,0,0,0,0,0,0,0,27000,27000,0,0
048726,儒鴻麥證95購01  ,0,0,0,10000,10000,0,0,0,0,0,0,0,0,10000,10000,0,0
050949,亞光群益96購01  ,0,0,0,0,0,0,0,0,0,0,0,0,0,3000,3000,0,0
051337,欣興永豐95購02  ,0,0,0,0,0,0,0,0,0,0,0,0,0,1000,1000,0,0
051206,大立光麥證95購02,0,0,0,10000,10000,0,0,0,0,0,0,0,0,10000,10000,0,0
048007,明基材元大96購01,0,0,0,0,0,0,0,0,0,0,0,0,0,382000,382000,0,0
051021,啟碁凱基95購02  ,0,0,0,0,0,0,0,0,0,0,0,0,0,70000,70000,0,0
051062,超眾群益95購02  ,0,0,0,0,0,0,0,0,0,0,0,0,0,10000,10000,0,0
050978,鴻海元富95購03  ,0,0,0,0,0,0,0,0,0,0,0,0,0,30000,30000,0,0
050994,欣興元大96購03  ,0,0,0,0,0,0,0,0,0,0,0,0,0,102000,102000,0,0
051013,旺宏凱基95購03  ,0,0,0,0,0,0,0,0,0,0,0,0,0,6000,6000,0,0
051015,南亞科凱基95購04,0,0,0,0,0,0,0,0,0,0,0,0,0,2000,2000,0,0
05108P,欣興中信95售02  ,0,0,0,0,0,0,0,0,0,0,0,0,0,10000,10000,0,0
051103,緯穎元大96購03  ,0,0,0,0,0,0,0,0,0,0,0,0,0,10000,10000,0,0
051105,台光電國票96購01,0,0,0,0,0,0,0,0,0,0,0,0,0,30000,30000,0,0
047250,日月光群益94購01,0,0,0,0,0,0,0,0,0,0,0,0,0,60000,60000,0,0
047290,台積電元富93購04,0,0,0,0,0,0,0,0,0,0,0,0,0,10000,10000,0,0
047291,台積電元富93購05,0,0,0,0,0,0,0,0,0,0,0,0,0,30000,30000,0,0
046932,聯詠統一93購02  ,0,0,0,0,0,0,0,0,0,0,0,0,0,9000,9000,0,0
047003,鴻海統一93購05  ,0,0,0,0,0,0,0,0,0,0,0,0,0,50000,50000,0,0
046986,台積電凱基93購09,0,0,0,0,0,0,0,0,0,0,0,0,0,20000,20000,0,0
046987,智邦凱基93購04  ,0,0,0,0,0,0,0,0,0,0,0,0,0,10000,10000,0,0
047025,可成元大93購05  ,0,0,0,0,0,0,0,0,0,0,0,0,0,111000,111000,0,0
047879,台積電中信93購04,0,0,0,0,0,0,0,0,0,0,0,0,0,10000,10000,0,0
046888,鴻海群益93購05  ,0,0,0,0,0,0,0,0,0,0,0,0,0,100000,100000,0,0
046858,群創元大94購02  ,0,0,0,0,0,0,0,0,0,0,0,0,0,287000,287000,0,0
047118,欣興元大93購06  ,0,0,0,0,0,0,0,0,0,0,0,0,0,2000,2000,0,0
047127,臻鼎中信95購01  ,0,0,0,0,0,0,0,0,0,0,0,0,0,20000,20000,0,0
047133,旺宏凱基93購03  ,0,0,0,0,0,0,0,0,0,0,0,0,0,10000,10000,0,0
050121,南電元大95購02  ,0,0,0,0,0,0,0,0,0,0,0,0,0,1000,1000,0,0
050111,全新元大95購02  ,0,0,0,0,0,0,0,0,0,0,0,0,0,17000,17000,0,0
050113,欣興元大95購05  ,0,0,0,0,0,0,0,0,0,0,0,0,0,1000,1000,0,0
051810,欣興凱基95購03  ,0,0,0,0,0,0,0,0,0,0,0,0,0,2000,2000,0,0
050107,鴻海元大94購12  ,0,0,0,0,0,0,0,0,0,0,0,0,0,41000,41000,0,0
050070,欣興凱基94購07  ,0,0,0,0,0,0,0,0,0,0,0,0,0,2000,2000,0,0
049189,訊芯康和94購01  ,0,0,0,0,0,0,0,0,0,0,0,0,0,15000,15000,0,0
051905,道瓊銀元大95購01,0,0,0,0,0,0,0,0,0,0,0,0,0,10000,10000,0,0
051900,臻鼎富邦95購01  ,0,0,0,0,0,0,0,0,0,0,0,0,0,15000,15000,0,0
052181,南茂元大95購05  ,0,0,0,0,0,0,0,0,0,0,0,0,0,225000,225000,0,0
052182,鴻海群益96購01  ,0,0,0,0,0,0,0,0,0,0,0,0,0,3000,3000,0,0
052186,宏達電群益95購04,0,0,0,0,0,0,0,0,0,0,0,0,0,4000,4000,0,0
052188,欣興群益95購03  ,0,0,0,0,0,0,0,0,0,0,0,0,0,1000,1000,0,0
052173,廣達元大95購02  ,0,0,0,0,0,0,0,0,0,0,0,0,0,50000,50000,0,0
05212P,台積電國票96售04,0,0,0,0,0,0,0,0,0,0,0,0,0,24000,24000,0,0
052154,緯創台新95購01  ,0,0,0,0,0,0,0,0,0,0,0,0,0,38000,38000,0,0
052495,滬深2X台新95購01,0,0,0,0,0,0,0,0,0,0,0,0,0,200000,200000,0,0
052506,日月光日盛95購01,0,0,0,0,0,0,0,0,0,0,0,0,0,10000,10000,0,0
052463,聯電統一96購01  ,0,0,0,0,0,0,0,0,0,0,0,0,0,100000,100000,0,0
052452,茂林元大95購03  ,0,0,0,0,0,0,0,0,0,0,0,0,0,61000,61000,0,0
052566,國巨凱基96購04  ,0,0,0,0,0,0,0,0,0,0,0,0,0,30000,30000,0,0
052578,大立光統一97購01,0,0,0,0,0,0,0,0,0,0,0,0,0,2000,2000,0,0
052238,智易國票96購01  ,0,0,0,0,0,0,0,0,0,0,0,0,0,20000,20000,0,0
052235,聯發科國票96購02,0,0,0,0,0,0,0,0,0,0,0,0,0,2000,2000,0,0
052227,瑞昱凱基95購05  ,0,0,0,0,0,0,0,0,0,0,0,0,0,85000,85000,0,0
052308,大立光國泰97購02,0,0,0,0,0,0,0,0,0,0,0,0,0,78000,78000,0,0
050022,鴻海元大94購11  ,0,0,0,0,0,0,0,0,0,0,0,0,0,2000,2000,0,0
050012,台積電國泰95購03,0,0,0,0,0,0,0,0,0,0,0,0,0,10000,10000,0,0
049082,晶豪科凱基94購01,0,0,0,0,0,0,0,0,0,0,0,0,0,10000,10000,0,0
049093,昇陽半凱基94購01,0,0,0,0,0,0,0,0,0,0,0,0,0,7000,7000,0,0
049042,玉晶光兆豐95購01,0,0,0,0,0,0,0,0,0,0,0,0,0,10000,10000,0,0
048989,矽格元大94購02  ,0,0,0,0,0,0,0,0,0,0,0,0,0,6000,6000,0,0
048991,昇陽半元大94購01,0,0,0,0,0,0,0,0,0,0,0,0,0,7000,7000,0,0
048999,康普國票95購01  ,0,0,0,0,0,0,0,0,0,0,0,0,0,10000,10000,0,0
048941,牧德永豐94購02  ,0,0,0,0,0,0,0,0,0,0,0,0,0,10000,10000,0,0
050035,聯茂元大94購07  ,0,0,0,0,0,0,0,0,0,0,0,0,0,13000,13000,0,0
050036,矽格元大94購03  ,0,0,0,0,0,0,0,0,0,0,0,0,0,5000,5000,0,0
050039,鴻海中信94購03  ,0,0,0,0,0,0,0,0,0,0,0,0,0,20000,20000,0,0
050040,鴻海中信94購04  ,0,0,0,0,0,0,0,0,0,0,0,0,0,5000,5000,0,0
050134,世紀鋼凱基94購04,0,0,0,0,0,0,0,0,0,0,0,0,0,10000,10000,0,0
050141,國巨統一94購07  ,0,0,0,0,0,0,0,0,0,0,0,0,0,13000,13000,0,0
050187,群創元大94購03  ,0,0,0,0,0,0,0,0,0,0,0,0,0,46000,46000,0,0
050161,鴻海國泰96購03  ,0,0,0,0,0,0,0,0,0,0,0,0,0,18000,18000,0,0
050195,上海銀元大94購03,0,0,0,0,0,0,0,0,0,0,0,0,0,9000,9000,0,0
050199,南電元大94購09  ,0,0,0,0,0,0,0,0,0,0,0,0,0,7000,7000,0,0
049112,可成統一94購01  ,0,0,0,0,0,0,0,0,0,0,0,0,0,10000,10000,0,0
051764,欣興元大95購07  ,0,0,0,0,0,0,0,0,0,0,0,0,0,2000,2000,0,0
051766,泰鼎元大95購02  ,0,0,0,0,0,0,0,0,0,0,0,0,0,2000,2000,0,0
051742,欣興國票96購01  ,0,0,0,0,0,0,0,0,0,0,0,0,0,10000,10000,0,0
051740,可成國票96購04  ,0,0,0,0,0,0,0,0,0,0,0,0,0,6000,6000,0,0
050356,緯穎群益94購05  ,0,0,0,0,0,0,0,0,0,0,0,0,0,41000,41000,0,0
050364,卜蜂元大94購02  ,0,0,0,0,0,0,0,0,0,0,0,0,0,10000,10000,0,0
050370,台積電元大94購24,0,0,0,0,0,0,0,0,0,0,0,0,0,472000,472000,0,0
050367,鴻海元大94購20  ,0,0,0,0,0,0,0,0,0,0,0,0,0,59000,59000,0,0
050402,緯穎中信96購01  ,0,0,0,0,0,0,0,0,0,0,0,0,0,10000,10000,0,0
050420,鴻海凱基95購03  ,0,0,0,0,0,0,0,0,0,0,0,0,0,8000,8000,0,0
050437,聯詠凱基94購04  ,0,0,0,0,0,0,0,0,0,0,0,0,0,9000,9000,0,0
050438,欣興凱基94購09  ,0,0,0,0,0,0,0,0,0,0,0,0,0,2000,2000,0,0
05043P,佳世達元富95售01,0,0,0,0,0,0,0,0,0,0,0,0,0,20000,20000,0,0
051707,欣興群益95購02  ,0,0,0,0,0,0,0,0,0,0,0,0,0,1000,1000,0,0
051662,大立光永昌96購03,0,0,0,0,0,0,0,0,0,0,0,0,0,5000,5000,0,0
051637,嘉聯益國票96購01,0,0,0,0,0,0,0,0,0,0,0,0,0,7000,7000,0,0
050227,大立光中信96購01,15000,0,15000,0,0,0,0,0,0,-15000,0,0,0,0,15000,-15000,0
050250,台郡凱基94購03  ,0,0,0,0,0,0,0,0,0,0,0,0,0,6000,6000,0,0
050236,旺宏凱基94購06  ,0,0,0,0,0,0,0,0,0,0,0,0,0,5000,5000,0,0
050264,聯發科元大94購13,0,0,0,0,0,0,0,0,0,0,0,0,0,40000,40000,0,0
050269,欣興元大94購09  ,0,0,0,0,0,0,0,0,0,0,0,0,0,2000,2000,0,0
050297,欣興凱基94購08  ,0,0,0,0,0,0,0,0,0,0,0,0,0,2000,2000,0,0
051121,裕民群益97購01  ,0,0,0,0,0,0,0,0,0,0,0,0,0,50000,50000,0,0
050547,華新科凱基95購01,0,0,0,0,0,0,0,0,0,0,0,0,0,27000,27000,0,0
049696,欣興元大95購02  ,0,0,0,0,0,0,0,0,0,0,0,0,0,2000,2000,0,0
049688,台光電元大94購04,0,0,0,0,0,0,0,0,0,0,0,0,0,15000,15000,0,0
050865,欣興永豐95購01  ,0,0,0,0,0,0,0,0,0,0,0,0,0,3000,3000,0,0
05127P,鴻海亞東96售01  ,0,0,0,0,0,0,0,0,0,0,0,0,0,250000,250000,0,0
051303,奇鋐凱基95購01  ,0,0,0,0,0,0,0,0,0,0,0,0,0,100000,100000,0,0
051304,緯創凱基96購01  ,0,0,0,0,0,0,0,0,0,0,0,0,0,60000,60000,0,0
050915,健策中信98購01  ,0,0,0,0,0,0,0,0,0,0,0,0,0,11000,11000,0,0
050897,嘉晶元大95購03  ,0,0,0,0,0,0,0,0,0,0,0,0,0,158000,158000,0,0
049736,宏達電群益95購03,0,0,0,0,0,0,0,0,0,0,0,0,0,100000,100000,0,0
049734,瑞昱群益94購02  ,0,0,0,0,0,0,0,0,0,0,0,0,0,1000,1000,0,0
049720,欣興凱基94購05  ,0,0,0,0,0,0,0,0,0,0,0,0,0,1000,1000,0,0
049713,鴻海凱基94購17  ,0,0,0,0,0,0,0,0,0,0,0,0,0,6000,6000,0,0
052005,矽力國泰97購02  ,0,0,0,0,0,0,0,0,0,0,0,0,0,1000,1000,0,0
051983,道瓊反元大95購01,0,0,0,0,0,0,0,0,0,0,0,0,0,300000,300000,0,0
049784,台積電兆豐94購05,0,0,0,0,0,0,0,0,0,0,0,0,0,20000,20000,0,0
050644,國巨凱基96購01  ,0,0,0,0,0,0,0,0,0,0,0,0,0,23000,23000,0,0
050604,上証2X永昌94購01,0,0,0,0,0,0,0,0,0,0,0,0,0,15000,15000,0,0
050609,鴻海元大94購23  ,0,0,0,0,0,0,0,0,0,0,0,0,0,14000,14000,0,0
050610,鴻海元大94購24  ,0,0,0,0,0,0,0,0,0,0,0,0,0,71000,71000,0,0
050615,奇力新元大95購03,0,0,0,0,0,0,0,0,0,0,0,0,0,2000,2000,0,0
051486,玉晶光凱基97購03,0,0,0,0,0,0,0,0,0,0,0,0,0,20000,20000,0,0
051476,聯發科凱基95購09,0,0,0,0,0,0,0,0,0,0,0,0,0,35000,35000,0,0
05147P,鴻海元大95售11  ,0,0,0,0,0,0,0,0,0,0,0,0,0,315000,315000,0,0
05146P,鴻海元大95售10  ,0,0,0,0,0,0,0,0,0,0,0,0,0,256000,256000,0,0
051433,中磊元富95購01  ,0,0,0,0,0,0,0,0,0,0,0,0,0,45000,45000,0,0
05206P,南茂元大95售01  ,0,0,0,0,0,0,0,0,0,0,0,0,0,30000,30000,0,0
051553,牧德永豐96購02  ,0,0,0,0,0,0,0,0,0,0,0,0,0,32000,32000,0,0
051560,玉晶光國泰97購03,0,0,0,0,0,0,0,0,0,0,0,0,0,39000,39000,0,0
051524,貿聯凱基95購02  ,0,0,0,0,0,0,0,0,0,0,0,0,0,3000,3000,0,0
050809,鴻海凱基95購08  ,0,0,0,0,0,0,0,0,0,0,0,0,0,7000,7000,0,0
050810,鴻海凱基95購09  ,0,0,0,0,0,0,0,0,0,0,0,0,0,8000,8000,0,0
050782,台積電國泰96購03,0,0,0,0,0,0,0,0,0,0,0,0,0,40000,40000,0,0
050783,旺宏國泰96購02  ,0,0,0,0,0,0,0,0,0,0,0,0,0,4000,4000,0,0
049284,瑞昱中信94購02  ,0,0,0,0,0,0,0,0,0,0,0,0,0,37000,37000,0,0
049287,可成兆豐95購01  ,0,0,0,0,0,0,0,0,0,0,0,0,0,117000,117000,0,0
049269,超眾元大96購02  ,0,0,0,0,0,0,0,0,0,0,0,0,0,50000,50000,0,0
049270,台表科元大95購02,0,0,0,0,0,0,0,0,0,0,0,0,0,20000,20000,0,0
049274,臺股指元大94購09,0,0,0,0,0,0,0,0,0,0,0,0,0,3000,3000,0,0
049255,旺宏元大97購02  ,0,0,0,0,0,0,0,0,0,0,0,0,0,6000,6000,0,0
049920,大立光元大94購15,0,0,0,0,0,0,0,0,0,0,0,0,0,5000,5000,0,0
049907,鴻海元大94購07  ,0,0,0,0,0,0,0,0,0,0,0,0,0,15000,15000,0,0
049908,鴻海元大94購08  ,0,0,0,0,0,0,0,0,0,0,0,0,0,36000,36000,0,0
049889,欣興國泰96購01  ,0,0,0,0,0,0,0,0,0,0,0,0,0,1000,1000,0,0
049592,欣興元大96購01  ,0,0,0,0,0,0,0,0,0,0,0,0,0,2000,2000,0,0
049597,泰鼎元大96購01  ,0,0,0,0,0,0,0,0,0,0,0,0,0,5000,5000,0,0
04959P,可成凱基94售14  ,0,0,0,0,0,0,0,0,0,0,0,0,0,73000,73000,0,0
049608,旺宏兆豐94購02  ,0,0,0,0,0,0,0,0,0,0,0,0,0,10000,10000,0,0
049489,美律元大94購05  ,0,0,0,0,0,0,0,0,0,0,0,0,0,19000,19000,0,0
049495,欣興元大94購06  ,0,0,0,0,0,0,0,0,0,0,0,0,0,2000,2000,0,0
049490,京元電元大95購02,0,0,0,0,0,0,0,0,0,0,0,0,0,10000,10000,0,0
049527,國巨中信95購01  ,0,0,0,0,0,0,0,0,0,0,0,0,0,40000,40000,0,0
049348,瑞昱台新94購01  ,0,0,0,0,0,0,0,0,0,0,0,0,0,94000,94000,0,0
050713,矽格麥證94購01  ,0,0,0,10000,10000,0,0,0,0,0,0,0,0,10000,10000,0,0
049298,矽格群益95購01  ,0,0,0,0,0,0,0,0,0,0,0,0,0,6000,6000,0,0
049373,大立光元大94購11,0,0,0,0,0,0,0,0,0,0,0,0,0,1000,1000,0,0
049374,大立光元大94購12,0,0,0,0,0,0,0,0,0,0,0,0,0,5000,5000,0,0
049387,緯穎元大94購03  ,0,0,0,0,0,0,0,0,0,0,0,0,0,9000,9000,0,0
049381,欣興元大94購05  ,0,0,0,0,0,0,0,0,0,0,0,0,0,2000,2000,0,0
049407,台積電日盛94購02,0,0,0,0,0,0,0,0,0,0,0,0,0,24000,24000,0,0
049418,大立光凱基94購05,0,0,0,0,0,0,0,0,0,0,0,0,0,1000,1000,0,0
050690,台達電凱基96購01,0,0,0,0,0,0,0,0,0,0,0,0,0,12000,12000,0,0
050692,鴻海凱基96購04  ,0,0,0,0,0,0,0,0,0,0,0,0,0,1000,1000,0,0
050670,牧德永豐94購03  ,0,0,0,0,0,0,0,0,0,0,0,0,0,21000,21000,0,0
049809,聯詠元大94購04  ,0,0,0,0,0,0,0,0,0,0,0,0,0,2000,2000,0,0
048895,光罩國泰95購01  ,0,0,0,0,0,0,0,0,0,0,0,0,0,5000,5000,0,0
048860,玉晶光群益96購03,0,0,0,0,0,0,0,0,0,0,0,0,0,23000,23000,0,0
048880,昇陽半國票94購01,0,0,0,0,0,0,0,0,0,0,0,0,0,200000,200000,0,0
051363,矽創元大95購03  ,0,0,0,0,0,0,0,0,0,0,0,0,0,4000,4000,0,0
051575,國巨元大96購03  ,0,0,0,0,0,0,0,0,0,0,0,0,0,33000,33000,0,0
048864,昇陽半群益94購01,0,0,0,0,0,0,0,0,0,0,0,0,0,10000,10000,0,0
055295,瀚宇博元大97購02,0,0,0,0,0,0,0,0,0,0,0,0,0,5000,5000,0,0
055096,緯穎群益97購01  ,0,0,0,0,0,0,0,0,0,0,0,0,0,35000,35000,0,0
055053,瑞昱永豐97購01  ,0,0,0,0,0,0,0,0,0,0,0,0,0,6000,6000,0,0
055146,華通元大98購04  ,0,0,0,0,0,0,0,0,0,0,0,0,0,38000,38000,0,0
055139,欣興永豐97購01  ,0,0,0,0,0,0,0,0,0,0,0,0,0,2000,2000,0,0
055003,群創元富99購05  ,0,0,0,0,0,0,0,0,0,0,0,0,0,20000,20000,0,0
054882,台光電統一97購02,0,0,0,0,0,0,0,0,0,0,0,0,0,48000,48000,0,0
054940,台積電元大97購16,0,0,0,0,0,0,0,0,0,0,0,0,0,552000,552000,0,0
054941,凱美元大97購01  ,0,0,0,0,0,0,0,0,0,0,0,0,0,28000,28000,0,0
054939,台積電元大97購15,0,0,0,0,0,0,0,0,0,0,0,0,0,428000,428000,0,0
054935,華通元大98購03  ,0,0,0,0,0,0,0,0,0,0,0,0,0,19000,19000,0,0
054936,鴻海元大97購10  ,0,0,0,0,0,0,0,0,0,0,0,0,0,61000,61000,0,0
054912,群光凱基97購01  ,0,0,0,0,0,0,0,0,0,0,0,0,0,3000,3000,0,0
05492P,聯茂元大95售02  ,0,0,0,0,0,0,0,0,0,0,0,0,0,173000,173000,0,0
054700,致新永豐97購01  ,0,0,0,0,0,0,0,0,0,0,0,0,0,58000,58000,0,0
054746,貿聯凱基98購02  ,0,0,0,0,0,0,0,0,0,0,0,0,0,3000,3000,0,0
054761,台光電國票98購02,0,0,0,0,0,0,0,0,0,0,0,0,0,17000,17000,0,0
054872,瀚宇博群益98購01,0,0,0,0,0,0,0,0,0,0,0,0,0,11000,11000,0,0
054786,全新群益99購02  ,0,0,0,0,0,0,0,0,0,0,0,0,0,21000,21000,0,0
054814,台積電元大97購13,0,0,0,0,0,0,0,0,0,0,0,0,0,315000,315000,0,0
054635,台達電中信98購01,0,0,0,0,0,0,0,0,0,0,0,0,0,1000,1000,0,0
054678,麗豐台新98購02  ,0,0,0,0,0,0,0,0,0,0,0,0,0,20000,20000,0,0
05468P,鴻海元大96售14  ,0,0,0,0,0,0,0,0,0,0,0,0,0,217000,217000,0,0
05452P,亞德客群益95售02,0,0,0,0,0,0,0,0,0,0,0,0,0,199000,199000,0,0
054518,亞光元大97購01  ,0,0,0,0,0,0,0,0,0,0,0,0,0,100000,100000,0,0
054490,臻鼎台新96購02  ,0,0,0,0,0,0,0,0,0,0,0,0,0,38000,38000,0,0
054412,智邦元大96購03  ,0,0,0,0,0,0,0,0,0,0,0,0,0,10000,10000,0,0
05442P,鴻海元大96售13  ,0,0,0,0,0,0,0,0,0,0,0,0,0,323000,323000,0,0
054454,滬深2X群益96購04,0,0,0,0,0,0,0,0,0,0,0,0,0,1497000,1497000,0,0
054460,和大凱基97購01  ,0,0,0,0,0,0,0,0,0,0,0,0,0,30000,30000,0,0
054398,牧德永豐96購03  ,0,0,0,0,0,0,0,0,0,0,0,0,0,10000,10000,0,0
054347,上緯控國票96購02,0,0,0,0,0,0,0,0,0,0,0,0,0,60000,60000,0,0
054027,欣興凱基96購04  ,0,0,0,0,0,0,0,0,0,0,0,0,0,2000,2000,0,0
054041,鴻海元大96購22  ,0,0,0,0,0,0,0,0,0,0,0,0,0,181000,181000,0,0
054106,元油反凱基9C購01,0,0,0,0,0,0,0,0,0,0,0,0,0,10000,10000,0,0
05426P,聯發科凱基95售12,0,0,0,0,0,0,0,0,0,0,0,0,0,132000,132000,0,0
054309,禾伸堂凱基98購01,0,0,0,0,0,0,0,0,0,0,0,0,0,28000,28000,0,0
054300,華通凱基96購07  ,0,0,0,0,0,0,0,0,0,0,0,0,0,7000,7000,0,0
05421P,鴻海元大96售12  ,0,0,0,0,0,0,0,0,0,0,0,0,0,413000,413000,0,0
05424P,台達電亞東96售02,0,0,0,0,0,0,0,0,0,0,0,0,0,100000,100000,0,0
053554,欣興凱基97購02  ,0,0,0,0,0,0,0,0,0,0,0,0,0,2000,2000,0,0
053556,康控凱基97購02  ,0,0,0,0,0,0,0,0,0,0,0,0,0,7000,7000,0,0
053511,鴻海群益96購04  ,0,0,0,0,0,0,0,0,0,0,0,0,0,11000,11000,0,0
053495,聯發科兆豐96購02,0,0,0,0,0,0,0,0,0,0,0,0,0,42000,42000,0,0
053477,大立光元大97購03,0,0,0,0,0,0,0,0,0,0,0,0,0,5000,5000,0,0
053485,矽創國票97購04  ,0,0,0,0,0,0,0,0,0,0,0,0,0,12000,12000,0,0
053566,大立光富邦99購03,0,0,0,0,0,0,0,0,0,0,0,0,0,31000,31000,0,0
053560,漢唐國泰98購01  ,0,0,0,0,0,0,0,0,0,0,0,0,0,20000,20000,0,0
053422,可成永豐96購01  ,0,0,0,0,0,0,0,0,0,0,0,0,0,68000,68000,0,0
053383,京元電元大97購01,0,0,0,0,0,0,0,0,0,0,0,0,0,10000,10000,0,0
053446,欣興凱基96購02  ,0,0,0,0,0,0,0,0,0,0,0,0,0,2000,2000,0,0
053304,可成凱基96購03  ,0,0,0,0,0,0,0,0,0,0,0,0,0,57000,57000,0,0
053386,聯詠元大96購03  ,0,0,0,0,0,0,0,0,0,0,0,0,0,1000,1000,0,0
053724,聯詠凱基96購04  ,0,0,0,0,0,0,0,0,0,0,0,0,0,1000,1000,0,0
05368P,可成元富95售03  ,0,0,0,0,0,0,0,0,0,0,0,0,0,10000,10000,0,0
053676,新光金國泰98購02,0,0,0,0,0,0,0,0,0,0,0,0,0,100000,100000,0,0
053680,臺股指富邦96購01,0,0,0,0,0,0,0,0,0,0,0,0,0,1000,1000,0,0
053811,國巨群益98購02  ,0,0,0,0,0,0,0,0,0,0,0,0,0,100000,100000,0,0
05380P,鴻海群益95售11  ,0,0,0,0,0,0,0,0,0,0,0,0,0,10000,10000,0,0
053783,聯發科元大96購17,0,0,0,0,0,0,0,0,0,0,0,0,0,7000,7000,0,0
05388P,南亞科元大95售04,0,0,0,0,0,0,0,0,0,0,0,0,0,20000,20000,0,0
053865,欣興元大97購02  ,0,0,0,0,0,0,0,0,0,0,0,0,0,1000,1000,0,0
053870,正文元大96購01  ,0,0,0,0,0,0,0,0,0,0,0,0,0,4000,4000,0,0
053859,台積電元大97購09,0,0,0,0,0,0,0,0,0,0,0,0,0,620000,620000,0,0
053276,友達元大9C購01  ,0,0,0,0,0,0,0,0,0,0,0,0,0,15000,15000,0,0
053274,旺宏元大98購03  ,0,0,0,0,0,0,0,0,0,0,0,0,0,5000,5000,0,0
053226,國巨台新97購02  ,0,0,0,0,0,0,0,0,0,0,0,0,0,400000,400000,0,0
05318P,臺股指永昌95售03,0,0,0,0,0,0,0,0,0,0,0,0,0,30000,30000,0,0
053173,矽格群益97購01  ,0,0,0,0,0,0,0,0,0,0,0,0,0,14000,14000,0,0
053166,聯詠群益96購02  ,0,0,0,0,0,0,0,0,0,0,0,0,0,1000,1000,0,0
053067,牧德群益96購01  ,0,0,0,0,0,0,0,0,0,0,0,0,0,63000,63000,0,0
053078,昇陽半永豐97購02,0,0,0,0,0,0,0,0,0,0,0,0,0,17000,17000,0,0
053060,大立光永昌96購05,0,0,0,0,0,0,0,0,0,0,0,0,0,5000,5000,0,0
053041,可成凱基96購02  ,0,0,0,0,0,0,0,0,0,0,0,0,0,32000,32000,0,0
053127,貿聯凱基97購01  ,0,0,0,0,0,0,0,0,0,0,0,0,0,3000,3000,0,0
053121,上証2X凱基9C購01,0,0,0,0,0,0,0,0,0,0,0,0,0,1000,1000,0,0
053001,力山永豐96購01  ,0,0,0,0,0,0,0,0,0,0,0,0,0,499000,499000,0,0
052963,智邦凱基96購02  ,0,0,0,0,0,0,0,0,0,0,0,0,0,55000,55000,0,0
052966,光磊群益96購01  ,0,0,0,0,0,0,0,0,0,0,0,0,0,10000,10000,0,0
052745,欣興元大96購04  ,0,0,0,0,0,0,0,0,0,0,0,0,0,12000,12000,0,0
052713,智邦凱基96購01  ,0,0,0,0,0,0,0,0,0,0,0,0,0,1000,1000,0,0
052608,欣興元大97購01  ,0,0,0,0,0,0,0,0,0,0,0,0,0,1000,1000,0,0
05267P,欣興元大95售08  ,0,0,0,0,0,0,0,0,0,0,0,0,0,21000,21000,0,0
052866,大立光凱基96購12,0,0,0,0,0,0,0,0,0,0,0,0,0,2000,2000,0,0
05280P,華通元大95售08  ,0,0,0,0,0,0,0,0,0,0,0,0,0,8000,8000,0,0
052815,滬深2X永豐97購01,0,0,0,0,0,0,0,0,0,0,0,0,0,2000,2000,0,0
052839,上海銀國泰97購01,0,0,0,0,0,0,0,0,0,0,0,0,0,10000,10000,0,0
05282P,可成元大95售09  ,0,0,0,0,0,0,0,0,0,0,0,0,0,234000,234000,0,0
052870,玉晶光凱基96購03,0,0,0,0,0,0,0,0,0,0,0,0,0,15000,15000,0,0
1539,巨庭            ,2000,2000,0,0,0,0,0,0,0,0,0,0,0,0,0,0,0
1535,中宇            ,1000,1000,0,0,0,0,0,0,0,0,0,0,0,0,0,0,0
1410,南染            ,2000,2000,0,0,0,0,0,0,0,0,0,0,0,0,0,0,0
06704P,玉晶光元富98售05,0,0,0,0,0,0,0,0,0,0,0,0,0,4000,4000,0,0
06717P,可成元大98售09  ,0,0,0,0,0,0,0,0,0,0,0,0,0,50000,50000,0,0
06679P,旺宏元大98售09  ,0,0,0,0,0,0,0,0,0,0,0,0,0,25000,25000,0,0
06698P,玉晶光國票99售05,0,0,0,0,0,0,0,0,0,0,0,0,0,3000,3000,0,0
06661P,玉晶光永豐98售05,0,0,0,0,0,0,0,0,0,0,0,0,0,17000,17000,0,0
06493P,聯發科永豐98售02,0,0,0,0,0,0,0,0,0,0,0,0,0,99000,99000,0,0
06494P,鴻海永昌98售03  ,0,0,0,0,0,0,0,0,0,0,0,0,0,52000,52000,0,0
06582P,可成凱基98售06  ,0,0,0,0,0,0,0,0,0,0,0,0,0,60000,60000,0,0
06544P,鴻海元大98售09  ,0,0,0,0,0,0,0,0,0,0,0,0,0,201000,201000,0,0
06568P,國巨永豐98售05  ,0,0,0,0,0,0,0,0,0,0,0,0,0,17000,17000,0,0
06559P,玉晶光元富98售02,0,0,0,0,0,0,0,0,0,0,0,0,0,4000,4000,0,0
06206P,台積電凱基97售11,0,0,0,0,0,0,0,0,0,0,0,0,0,83000,83000,0,0
06128P,玉晶光元富97售05,0,0,0,0,0,0,0,0,0,0,0,0,0,4000,4000,0,0
06129P,玉晶光元富97售06,0,0,0,0,0,0,0,0,0,0,0,0,0,35000,35000,0,0
06477P,緯穎國票99售02  ,0,0,0,0,0,0,0,0,0,0,0,0,0,42000,42000,0,0
06448P,華通元大99售01  ,0,0,0,0,0,0,0,0,0,0,0,0,0,4000,4000,0,0
06381P,臺股指統一98售03,0,0,0,0,0,0,0,0,0,0,0,0,0,3000,3000,0,0
06388P,鴻海兆豐97售04  ,0,0,0,0,0,0,0,0,0,0,0,0,0,8000,8000,0,0
2012,春雨            ,1000,1000,0,0,0,0,0,0,0,0,0,0,0,0,0,0,0
1617,榮星            ,1000,1000,0,0,0,0,0,0,0,0,0,0,0,0,0,0,0
1618,合機            ,0,0,0,0,0,0,0,0,0,0,1000,1000,0,0,0,0,0
2239,英利-KY         ,3000,3000,0,0,0,0,0,0,0,0,0,0,0,0,0,0,0
2243,宏旭-KY         ,1000,1000,0,0,0,0,0,0,0,0,0,0,0,0,0,0,0
2466,冠西電          ,2000,2000,0,0,0,0,0,0,0,0,0,0,0,0,0,0,0
2468,華經            ,2000,2000,0,0,0,0,0,0,0,0,0,0,0,0,0,0,0
2427,三商電          ,2000,0,2000,0,0,0,0,0,0,-2000,0,2000,-2000,0,0,0,0
2506,太設            ,0,0,0,0,0,0,0,0,0,0,1000,1000,0,0,0,0,0
2611,志信            ,1000,1000,0,0,0,0,0,0,0,0,0,0,0,0,0,0,0
5007,三星            ,1000,0,1000,0,0,0,0,0,0,-1000,0,1000,-1000,0,0,0,0
3027,盛達            ,2000,2000,0,0,0,0,0,0,0,0,0,0,0,0,0,0,0
3312,弘憶股          ,49000,49000,0,0,0,0,0,0,0,0,0,0,0,0,0,0,0
2901,欣欣            ,1000,1000,0,0,0,0,0,0,0,0,0,0,0,0,0,0,0
3021,鴻名            ,1000,1000,0,0,0,0,0,0,0,0,0,0,0,0,0,0,0
2712,遠雄來          ,1000,1000,0,0,0,0,0,0,0,0,0,0,0,0,0,0,0
6504,南六            ,65000,54000,11000,0,0,0,0,0,0,-11000,0,11000,-11000,0,0,0,0
6192,巨路            ,4000,4000,0,0,0,0,0,0,0,0,0,0,0,0,0,0,0
6215,和椿            ,2000,2000,0,0,0,0,0,0,0,0,0,0,0,0,0,0,0
8411,福貞-KY         ,1000,1000,0,0,0,0,0,0,0,0,0,0,0,0,0,0,0
8478,東哥遊艇        ,1000,1000,0,0,0,0,0,0,0,0,0,0,0,0,0,0,0
1587,吉茂            ,1000,1000,0,0,0,0,0,0,0,-75,0,75,-75,0,0,0,-75
057257,台泥兆豐99購01  ,0,0,0,0,0,0,0,0,0,-1000,0,0,0,0,1000,-1000,-1000
057276,全新元大99購03  ,0,0,0,0,0,0,0,0,0,-1000,0,0,0,0,1000,-1000,-1000
057234,宏達電凱基98購05,0,0,0,0,0,0,0,0,0,-1000,0,0,0,25000,26000,-1000,-1000
057345,中50統一98購01  ,0,0,0,0,0,0,0,0,0,-1000,0,0,0,0,1000,-1000,-1000
057444,台泥元富98購01  ,0,0,0,0,0,0,0,0,0,-1000,0,0,0,0,1000,-1000,-1000
057496,佐登元大98購02  ,0,0,0,0,0,0,0,0,0,-1000,0,0,0,64000,65000,-1000,-1000
05971P,世紀鋼永豐96售04,0,0,0,0,0,0,0,0,0,-1000,0,0,0,0,1000,-1000,-1000
05967P,臺股指麥證96售02,0,0,0,0,1000,-1000,0,0,0,-1000,0,0,0,0,1000,-1000,-1000
05810P,臺股指國票96售03,0,0,0,0,0,0,0,0,0,-1000,0,0,0,160000,161000,-1000,-1000
057155,元油2X富邦9B購02,0,0,0,0,0,0,0,0,0,-1000,0,0,0,0,1000,-1000,-1000
057038,元油2X元大9B購06,0,0,0,0,0,0,0,0,0,-1000,0,0,0,1000,2000,-1000,-1000
056928,旺宏台新98購01  ,0,0,0,0,0,0,0,0,0,-1000,0,0,0,0,1000,-1000,-1000
056764,友達元大9A購03  ,0,0,0,0,0,0,0,0,0,-1000,0,0,0,25000,26000,-1000,-1000
056724,臻鼎中信9A購01  ,0,0,0,0,0,0,0,0,0,-1000,0,0,0,20000,21000,-1000,-1000
056611,國巨永豐98購03  ,0,0,0,0,0,0,0,0,0,-1000,0,0,0,3000,4000,-1000,-1000
056534,京元電凱基98購01,0,0,0,0,0,0,0,0,0,-1000,0,0,0,12000,13000,-1000,-1000
056334,台積電凱基98購06,0,0,0,0,0,0,0,0,0,-1000,0,0,0,0,1000,-1000,-1000
056349,道瓊銀元大9B購01,0,0,0,0,0,0,0,0,0,-1000,0,0,0,0,1000,-1000,-1000
056341,宏達電凱基9A購01,0,0,0,0,0,0,0,0,0,-1000,0,0,0,55000,56000,-1000,-1000
05606P,TPK國票97售02   ,0,0,0,0,0,0,0,0,0,-1000,0,0,0,10000,11000,-1000,-1000
056078,勤誠元大97購01  ,0,0,0,0,0,0,0,0,0,-1000,0,0,0,0,1000,-1000,-1000
055330,上銀兆豐98購02  ,0,0,0,0,0,0,0,0,0,-1000,0,0,0,0,1000,-1000,-1000
05547P,群創元大96售03  ,0,0,0,0,0,0,0,0,0,-1000,0,0,0,0,1000,-1000,-1000
055796,南電國泰98購01  ,0,0,0,0,0,0,0,0,0,-1000,0,0,0,35000,36000,-1000,-1000
055883,樺漢元富97購01  ,0,0,0,0,0,0,0,0,0,-1000,0,0,0,0,1000,-1000,-1000
04786P,鴻海永昌96售01  ,0,0,0,0,0,0,0,0,0,-1000,0,0,0,0,1000,-1000,-1000
047833,全新元大94購02  ,0,0,0,0,0,0,0,0,0,-1000,0,0,0,0,1000,-1000,-1000
046773,GIS富邦94購01   ,0,0,0,0,0,0,0,0,0,-1000,0,0,0,0,1000,-1000,-1000
047019,台積電元大93購14,0,0,0,0,0,0,0,0,0,-1000,0,0,0,2000,3000,-1000,-1000
051092,禾伸堂元大95購02,0,0,0,0,0,0,0,0,0,-1000,0,0,0,32000,33000,-1000,-1000
048010,嘉聯益富邦97購01,0,0,0,0,0,0,0,0,0,-1000,0,0,0,0,1000,-1000,-1000
050954,樺漢群益95購01  ,0,0,0,0,0,0,0,0,0,-1000,0,0,0,0,1000,-1000,-1000
050955,達方群益97購01  ,0,0,0,0,0,0,0,0,0,-1000,0,0,0,10000,11000,-1000,-1000
048820,台積電凱基94購06,0,0,0,0,0,0,0,0,0,-1000,0,0,0,0,1000,-1000,-1000
048784,台積電元大94購04,0,0,0,0,0,0,0,0,0,-1000,0,0,0,252000,253000,-1000,-1000
048331,臺指反富邦97購01,0,0,0,0,0,0,0,0,0,-1000,0,0,0,0,1000,-1000,-1000
046672,聯茂元大93購01  ,0,0,0,0,0,0,0,0,0,-1000,0,0,0,0,1000,-1000,-1000
048158,大立光兆豐95購01,0,0,0,0,0,0,0,0,0,-1000,0,0,0,0,1000,-1000,-1000
048531,大立光國票93購05,0,0,0,0,0,0,0,0,0,-1000,0,0,0,0,1000,-1000,-1000
046324,健策元大92購05  ,0,0,0,0,0,0,0,0,0,-1000,0,0,0,20000,21000,-1000,-1000
046379,奇力新凱基93購03,0,0,0,0,0,0,0,0,0,-1000,0,0,0,0,1000,-1000,-1000
047766,聯發科元大93購19,0,0,0,0,0,0,0,0,0,-1000,0,0,0,0,1000,-1000,-1000
048051,大立光中信94購03,0,0,0,0,0,0,0,0,0,-1000,0,0,0,0,1000,-1000,-1000
044373,台積電兆豐92購01,0,0,0,0,0,0,0,0,0,-1000,0,0,0,0,1000,-1000,-1000
044255,群創元大93購01  ,0,0,0,0,0,0,0,0,0,-1000,0,0,0,0,1000,-1000,-1000
045122,臺股指元大93購08,0,0,0,0,0,0,0,0,0,-1000,0,0,0,0,1000,-1000,-1000
045142,聯茂兆豐93購02  ,0,0,0,0,0,0,0,0,0,-1000,0,0,0,0,1000,-1000,-1000
04421P,玉晶光永豐94售02,0,0,0,0,0,0,0,0,0,-1000,0,0,0,0,1000,-1000,-1000
043513,台灣50元大96購05,0,0,0,0,0,0,0,0,0,-1000,0,0,0,0,1000,-1000,-1000
046167,樺漢兆豐92購01  ,0,0,0,0,0,0,0,0,0,-1000,0,0,0,0,1000,-1000,-1000
044671,台積電兆豐93購01,0,0,0,0,0,0,0,0,0,-1000,0,0,0,0,1000,-1000,-1000
045870,元油2X元富96購02,0,0,0,0,0,0,0,0,0,-1000,0,0,0,9000,10000,-1000,-1000
045728,大立光亞東93購01,0,0,0,0,0,0,0,0,0,-1000,0,0,0,0,1000,-1000,-1000
04293P,滬深2X元大96售02,0,0,0,0,0,0,0,0,0,-1000,0,0,0,0,1000,-1000,-1000
04283P,麗豐永豐93售03  ,0,0,0,0,0,0,0,0,0,-1000,0,0,0,0,1000,-1000,-1000
03420B,臺股指元大95熊31,0,0,0,0,0,0,0,0,0,-1000,0,0,0,91000,92000,-1000,-1000
03492P,創意元大02售03  ,0,0,0,0,0,0,0,0,0,-1000,0,0,0,0,1000,-1000,-1000
04168P,元金2X凱基99售01,0,0,0,0,0,0,0,0,0,-1000,0,0,0,0,1000,-1000,-1000
042116,元油2X國票97購01,0,0,0,0,0,0,0,0,0,-1000,0,0,0,0,1000,-1000,-1000
03094X,大立光元大68展08,0,0,0,0,0,0,0,0,0,-1000,0,0,0,0,1000,-1000,-1000
03999P,鴻海凱基94售11  ,0,0,0,0,0,0,0,0,0,-1000,0,0,0,0,1000,-1000,-1000
00661,元大日經225     ,0,0,0,0,0,0,0,0,0,-1000,0,0,0,0,1000,-1000,-1000
00668,國泰美國道瓊    ,0,0,0,0,0,0,0,0,0,-1000,0,0,0,1000,2000,-1000,-1000
020011,統一微波高息20N ,0,0,0,0,0,0,0,0,0,-1000,0,0,0,0,1000,-1000,-1000
0054,元大台商50      ,0,0,0,0,0,0,0,0,0,-1000,0,0,0,0,1000,-1000,-1000
050674,瑞昱富邦94購02  ,0,0,0,0,0,0,0,0,0,-1000,0,0,0,3000,4000,-1000,-1000
049469,元金2X永豐94購01,0,0,0,0,0,0,0,0,0,-1000,0,0,0,0,1000,-1000,-1000
049537,元石油群益97購01,0,0,0,0,0,0,0,0,0,-1000,0,0,0,0,1000,-1000,-1000
049589,奇力新元大95購02,0,0,0,0,0,0,0,0,0,-1000,0,0,0,0,1000,-1000,-1000
04927P,大立光凱基95售06,0,0,0,0,0,0,0,0,0,-1000,0,0,0,10000,11000,-1000,-1000
050759,貿聯元富94購02  ,0,0,0,0,0,0,0,0,0,-1000,0,0,0,70000,71000,-1000,-1000
049250,華通元大95購04  ,0,0,0,0,0,0,0,0,0,-1000,0,0,0,22000,23000,-1000,-1000
051450,世芯元大95購02  ,0,0,0,0,0,0,0,0,0,-1000,0,0,0,10000,11000,-1000,-1000
050602,訊芯國泰96購01  ,0,0,0,0,0,0,0,0,0,-1000,0,0,0,0,1000,-1000,-1000
051529,東元國票96購01  ,0,0,0,0,0,0,0,0,0,-1000,0,0,0,11000,12000,-1000,-1000
050415,力成永豐94購01  ,0,0,0,0,0,0,0,0,0,-1000,0,0,0,11000,12000,-1000,-1000
051760,奇力新元大95購04,0,0,0,0,0,0,0,0,0,-1000,0,0,0,0,1000,-1000,-1000
050177,聯發科元大94購11,0,0,0,0,0,0,0,0,0,-1000,0,0,0,0,1000,-1000,-1000
050018,高股息元大94購02,0,0,0,0,0,0,0,0,0,-1000,0,0,0,10000,11000,-1000,-1000
050007,貿聯永豐94購01  ,0,0,0,0,0,0,0,0,0,-1000,0,0,0,0,1000,-1000,-1000
052232,貿聯凱基96購02  ,0,0,0,0,0,0,0,0,0,-1000,0,0,0,7000,8000,-1000,-1000
052508,矽力日盛95購02  ,0,0,0,0,0,0,0,0,0,-1000,0,0,0,0,1000,-1000,-1000
051918,聯茂元大95購01  ,0,0,0,0,0,0,0,0,0,-1000,0,0,0,54000,55000,-1000,-1000
049154,玉晶光元大95購02,0,0,0,0,0,0,0,0,0,-1000,0,0,0,51000,52000,-1000,-1000
052611,力成元大96購02  ,0,0,0,0,0,0,0,0,0,-1000,0,0,0,0,1000,-1000,-1000
052590,祥碩永豐96購01  ,0,0,0,0,0,0,0,0,0,-1000,0,0,0,0,1000,-1000,-1000
052741,聯發科元大96購08,0,0,0,0,0,0,0,0,0,-1000,0,0,0,82000,83000,-1000,-1000
052754,上証2X群益9A購01,0,0,0,0,0,0,0,0,0,-1000,0,0,0,0,1000,-1000,-1000
053022,欣興國泰98購01  ,0,0,0,0,0,0,0,0,0,-1000,0,0,0,6000,7000,-1000,-1000
053089,貿聯元大97購02  ,0,0,0,0,0,0,0,0,0,-1000,0,0,0,4000,5000,-1000,-1000
053135,信邦國票96購01  ,0,0,0,0,0,0,0,0,0,-1000,0,0,0,9000,10000,-1000,-1000
053151,華新科元大96購04,0,0,0,0,0,0,0,0,0,-1000,0,0,0,24000,25000,-1000,-1000
053195,玉晶光元富96購02,0,0,0,0,0,0,0,0,0,-1000,0,0,0,0,1000,-1000,-1000
053217,群創凱基99購02  ,0,0,0,0,0,0,0,0,0,-1000,0,0,0,79000,80000,-1000,-1000
053788,泰鼎元大97購01  ,0,0,0,0,0,0,0,0,0,-1000,0,0,0,6000,7000,-1000,-1000
053690,南亞科元大96購02,0,0,0,0,0,0,0,0,0,-1000,0,0,0,61000,62000,-1000,-1000
053294,聯發科中信9C購01,0,0,0,0,0,0,0,0,0,-1000,0,0,0,25000,26000,-1000,-1000
053341,聯發科國票97購03,0,0,0,0,0,0,0,0,0,-1000,0,0,0,660000,661000,-1000,-1000
053463,可成富邦98購01  ,0,0,0,0,0,0,0,0,0,-1000,0,0,0,29000,30000,-1000,-1000
053637,強茂永豐96購01  ,0,0,0,0,0,0,0,0,0,-1000,0,0,0,0,1000,-1000,-1000
054157,國巨亞東96購01  ,0,0,0,0,0,0,0,0,0,-1000,0,0,0,1000,2000,-1000,-1000
054002,GIS群益96購03   ,0,0,0,0,0,0,0,0,0,-1000,0,0,0,10000,11000,-1000,-1000
054373,富邦金中信97購01,0,0,0,0,0,0,0,0,0,-1000,0,0,0,0,1000,-1000,-1000
054532,強茂國泰98購01  ,0,0,0,0,0,0,0,0,0,-1000,0,0,0,194000,195000,-1000,-1000
054554,大立光凱基98購02,0,0,0,0,0,0,0,0,0,-1000,0,0,0,0,1000,-1000,-1000
054628,可成凱基98購01  ,0,0,0,0,0,0,0,0,0,-1000,0,0,0,33000,34000,-1000,-1000
054866,宏盛群益98購01  ,0,0,0,0,0,0,0,0,0,-1000,0,0,0,10000,11000,-1000,-1000
055169,光罩統一99購01  ,0,0,0,0,0,0,0,0,0,-1000,0,0,0,0,1000,-1000,-1000
055043,中砂永豐97購01  ,0,0,0,0,0,0,0,0,0,-1000,0,0,0,0,1000,-1000,-1000
055120,南港兆豐97購01  ,0,0,0,0,0,0,0,0,0,-1000,0,0,0,29000,30000,-1000,-1000
055216,友達凱基98購05  ,0,0,0,0,0,0,0,0,0,-1000,0,0,0,0,1000,-1000,-1000
1583,程泰            ,0,1000,-1000,0,0,0,0,0,0,0,0,0,0,0,0,0,-1000
1521,大億            ,0,1000,-1000,0,0,0,0,0,0,0,0,0,0,0,0,0,-1000
1413,宏洲            ,0,1000,-1000,0,0,0,0,0,0,0,0,0,0,0,0,0,-1000
1416,廣豐            ,0,0,0,0,0,0,0,0,0,-1000,0,1000,-1000,0,0,0,-1000
1423,利華            ,1000,2000,-1000,0,0,0,0,0,0,0,0,0,0,0,0,0,-1000
1474,弘裕            ,0,1000,-1000,0,0,0,0,0,0,0,0,0,0,0,0,0,-1000
1466,聚隆            ,0,1000,-1000,0,0,0,0,0,0,0,0,0,0,0,0,0,-1000
1467,南緯            ,0,1000,-1000,0,0,0,0,0,0,0,0,0,0,0,0,0,-1000
1472,三洋紡          ,2000,2000,0,0,0,0,0,0,0,-1000,0,1000,-1000,0,0,0,-1000
06732P,台灣50日盛9A售01,0,0,0,0,0,0,0,0,0,-1000,0,0,0,0,1000,-1000,-1000
1110,東泥            ,1000,2000,-1000,0,0,0,0,0,0,0,0,0,0,0,0,0,-1000
1323,永裕            ,0,1000,-1000,0,0,0,0,0,0,0,0,0,0,0,0,0,-1000
06507P,台表科國票99售01,0,0,0,0,0,0,0,0,0,-1000,0,0,0,0,1000,-1000,-1000
06315P,臺股指元富97售02,0,0,0,0,0,0,0,0,0,-1000,0,0,0,0,1000,-1000,-1000
06449P,台積電元大98售09,0,0,0,0,0,0,0,0,0,-1000,0,0,0,4000,5000,-1000,-1000
06456P,聯發科統一98售03,0,0,0,0,0,0,0,0,0,-1000,0,0,0,0,1000,-1000,-1000
06437P,玉晶光國票99售01,0,0,0,0,0,0,0,0,0,-1000,0,0,0,0,1000,-1000,-1000
06275P,臺股指凱基97售07,0,0,0,0,0,0,0,0,0,-1000,0,0,0,0,1000,-1000,-1000
2731,雄獅            ,20000,21000,-1000,0,0,0,0,0,0,0,0,0,0,0,0,0,-1000
2888A,新光金甲特      ,14000,0,14000,0,0,0,0,0,0,-15000,0,15000,-15000,0,0,0,-1000
3296,勝德            ,0,1000,-1000,0,0,0,0,0,0,0,0,0,0,0,0,0,-1000
3164,景岳            ,0,1000,-1000,0,0,0,0,0,0,0,0,0,0,0,0,0,-1000
3054,立萬利          ,0,1000,-1000,0,0,0,0,0,0,0,0,0,0,0,0,0,-1000
4755,三福化          ,0,1000,-1000,0,0,0,0,0,0,0,0,0,0,0,0,0,-1000
4555,氣立            ,0,1000,-1000,0,0,0,0,0,0,0,0,0,0,0,0,0,-1000
4557,永新-KY         ,1000,2000,-1000,0,0,0,0,0,0,0,0,0,0,0,0,0,-1000
4571,鈞興-KY         ,0,0,0,0,0,0,0,0,0,-1000,0,1000,-1000,0,0,0,-1000
3588,通嘉            ,16000,17000,-1000,0,0,0,0,0,0,0,0,0,0,0,0,0,-1000
3550,聯穎            ,0,1000,-1000,0,0,0,0,0,0,0,0,0,0,0,0,0,-1000
2701,萬企            ,0,1000,-1000,0,0,0,0,0,0,0,0,0,0,0,0,0,-1000
2607,榮運            ,56000,38000,18000,0,0,0,0,0,0,-19000,0,19000,-19000,0,0,0,-1000
2539,櫻花建          ,0,1000,-1000,0,0,0,0,0,0,0,0,0,0,0,0,0,-1000
2462,良得電          ,1000,1000,0,0,0,0,0,0,0,-1000,0,1000,-1000,0,0,0,-1000
2115,六暉-KY         ,0,1000,-1000,0,0,0,0,0,0,0,0,0,0,0,0,0,-1000
2032,新鋼            ,3000,4000,-1000,0,0,0,0,0,0,0,0,0,0,0,0,0,-1000
1616,億泰            ,0,1000,-1000,0,0,0,0,0,0,0,0,0,0,0,0,0,-1000
1735,日勝化          ,0,1000,-1000,0,0,0,0,0,0,0,0,0,0,0,0,0,-1000
1806,冠軍            ,1000,2000,-1000,0,0,0,0,0,0,0,0,0,0,0,0,0,-1000
1817,凱撒衛          ,1000,2000,-1000,0,0,0,0,0,0,0,0,0,0,0,0,0,-1000
8466,美吉吉-KY       ,0,1000,-1000,0,0,0,0,0,0,0,0,0,0,0,0,0,-1000
8374,羅昇            ,3000,4000,-1000,0,0,0,0,0,0,0,0,0,0,0,0,0,-1000
8481,政伸            ,0,1000,-1000,0,0,0,0,0,0,0,0,0,0,0,0,0,-1000
6674,鋐寶科技        ,0,0,0,0,0,0,0,0,0,-1000,0,1000,-1000,0,0,0,-1000
6671,三能-KY         ,0,1000,-1000,0,0,0,0,0,0,0,0,0,0,0,0,0,-1000
6625,必應            ,0,1000,-1000,0,0,0,0,0,0,0,0,0,0,0,0,0,-1000
6581,鋼聯            ,0,1000,-1000,0,0,0,0,0,0,0,0,0,0,0,0,0,-1000
1598,岱宇            ,23000,24198,-1198,0,0,0,0,0,0,0,0,0,0,0,0,0,-1198
8104,錸寶            ,5000,5000,0,0,0,0,0,0,0,-1215,0,1215,-1215,0,0,0,-1215
5269,祥碩            ,472000,366677,105323,0,0,0,2000,132000,-130000,23000,27000,5000,22000,1000,0,1000,-1677
055798,聯茂富邦98購01  ,0,0,0,0,0,0,0,0,0,-2000,0,0,0,31000,33000,-2000,-2000
055664,和大群益98購02  ,0,0,0,0,0,0,0,0,0,-2000,0,0,0,63000,65000,-2000,-2000
055769,智伸科中信97購01,0,0,0,0,0,0,0,0,0,-2000,0,0,0,0,2000,-2000,-2000
055483,和大元大97購03  ,0,0,0,0,0,0,0,0,0,-2000,0,0,0,0,2000,-2000,-2000
055570,華通統一98購03  ,0,0,0,0,0,0,0,0,0,-2000,0,0,0,48000,50000,-2000,-2000
055401,亞光元富9A購01  ,0,0,0,0,0,0,0,0,0,-2000,0,0,0,0,2000,-2000,-2000
055398,超眾統一97購03  ,0,0,0,0,0,0,0,0,0,-2000,0,0,0,98000,100000,-2000,-2000
056223,華邦電凱基97購04,0,0,0,0,0,0,0,0,0,-2000,0,0,0,68000,70000,-2000,-2000
056249,鴻海兆豐97購05  ,0,0,0,0,0,0,0,0,0,-2000,0,0,0,0,2000,-2000,-2000
056339,聯發科凱基99購02,0,0,0,0,0,0,0,0,0,-2000,0,0,0,12000,14000,-2000,-2000
056830,友達富邦99購01  ,0,0,0,0,0,0,0,0,0,-2000,0,0,0,8000,10000,-2000,-2000
056812,泰鼎統一98購01  ,0,0,0,0,0,0,0,0,0,-2000,0,0,0,20000,22000,-2000,-2000
056807,元油2X統一9B購01,0,0,0,0,0,0,0,0,0,-2000,0,0,0,10000,12000,-2000,-2000
05699P,茂林凱基96售05  ,0,0,0,0,0,0,0,0,0,-2000,0,0,0,56000,58000,-2000,-2000
05827P,台積電統一96售10,0,0,0,0,0,0,0,0,0,-2000,0,0,0,0,2000,-2000,-2000
05750P,臺股指群益99售04,0,0,0,0,0,0,0,0,0,-2000,0,0,0,1000,3000,-2000,-2000
057538,緯穎元大98購07  ,0,0,0,0,0,0,0,0,0,-2000,0,0,0,9000,11000,-2000,-2000
057216,聯發科群益99購01,0,0,0,0,0,0,0,0,0,-2000,0,0,0,1000,3000,-2000,-2000
057275,友達元大9A購04  ,0,0,0,0,0,0,0,0,0,-2000,0,0,0,10000,12000,-2000,-2000
00771,元大US高息特別股,0,0,0,0,0,0,0,0,0,-2000,0,0,0,0,2000,-2000,-2000
00702,國泰標普低波高息,0,0,0,0,0,0,0,0,0,-2000,0,0,0,0,2000,-2000,-2000
03995P,滬深2X國泰95售01,0,0,0,0,0,0,0,0,0,-2000,0,0,0,0,2000,-2000,-2000
04052P,上銀國泰94售01  ,0,0,0,0,0,0,0,0,0,-2000,0,0,0,15000,17000,-2000,-2000
04083P,欣興統一94售01  ,0,0,0,0,0,0,0,0,0,-2000,0,0,0,0,2000,-2000,-2000
03039X,元展36          ,0,0,0,0,0,0,0,0,0,-2000,0,0,0,0,2000,-2000,-2000
042527,台灣50永豐94購01,0,0,0,0,0,0,0,0,0,-2000,0,0,0,0,2000,-2000,-2000
03450P,元油2X元富98售05,0,0,0,0,0,0,0,0,0,-2000,0,0,0,0,2000,-2000,-2000
03902P,義隆國票94售01  ,0,0,0,0,0,0,0,0,0,-2000,0,0,0,0,2000,-2000,-2000
04558P,瑞昱日盛94售01  ,0,0,0,0,0,0,0,0,0,-2000,0,0,0,0,2000,-2000,-2000
04455P,台積電統一94售07,0,0,0,0,0,0,0,0,0,-2000,0,0,0,8000,10000,-2000,-2000
04527P,大立光凱基94售04,0,0,0,0,0,0,0,0,0,-2000,0,0,0,0,2000,-2000,-2000
04622P,臺股指統一94售01,0,0,0,0,0,0,0,0,0,-2000,0,0,0,0,2000,-2000,-2000
04395P,台積電群益94售06,0,0,0,0,0,0,0,0,0,-2000,0,0,0,0,2000,-2000,-2000
047383,鴻海元大95購01  ,0,0,0,0,0,0,0,0,0,-2000,0,0,0,92000,94000,-2000,-2000
048681,漢唐富邦96購01  ,0,0,0,0,0,0,0,0,0,-2000,0,0,0,0,2000,-2000,-2000
047436,台積電元大94購02,0,0,0,0,0,0,0,0,0,-2000,0,0,0,0,2000,-2000,-2000
04673P,友達統一94售04  ,0,0,0,0,0,0,0,0,0,-2000,0,0,0,0,2000,-2000,-2000
046703,瑞昱元富95購01  ,0,0,0,0,0,0,0,0,0,-2000,0,0,0,96000,98000,-2000,-2000
047559,彩晶凱基94購03  ,0,0,0,0,0,0,0,0,0,-2000,0,0,0,0,2000,-2000,-2000
047769,大立光元大96購01,0,0,0,0,0,0,0,0,0,-2000,0,0,0,0,2000,-2000,-2000
046298,聯發科富邦94購01,0,0,0,0,0,0,0,0,0,-2000,0,0,0,31000,33000,-2000,-2000
04652P,臺股指凱基94售11,0,0,0,0,0,0,0,0,0,-2000,0,0,0,0,2000,-2000,-2000
048832,玉晶光凱基95購02,0,0,0,0,0,0,0,0,0,-2000,0,0,0,2000,4000,-2000,-2000
048789,大立光元大95購04,0,0,0,0,0,0,0,0,0,-2000,0,0,0,5000,7000,-2000,-2000
051081,聯茂富邦96購01  ,0,0,0,0,0,0,0,0,0,-2000,0,0,0,0,2000,-2000,-2000
051001,緯穎元大96購02  ,0,0,0,0,0,0,0,0,0,-2000,0,0,0,49000,51000,-2000,-2000
047953,台積電永豐93購04,0,0,0,0,0,0,0,0,0,-2000,0,0,0,45000,47000,-2000,-2000
046942,友達元大99購01  ,0,0,0,0,0,0,0,0,0,-2000,0,0,0,0,2000,-2000,-2000
046848,和大元大93購01  ,0,0,0,0,0,0,0,0,0,-2000,0,0,0,0,2000,-2000,-2000
046881,智原富邦99購01  ,0,0,0,0,0,0,0,0,0,-2000,0,0,0,8000,10000,-2000,-2000
050112,高鐵元大94購02  ,0,0,0,0,0,0,0,0,0,-2000,0,0,0,0,2000,-2000,-2000
051884,樺漢永豐95購01  ,0,0,0,0,0,0,0,0,0,-2000,0,0,0,0,2000,-2000,-2000
052407,樺漢凱基95購01  ,0,0,0,0,0,0,0,0,0,-2000,0,0,0,0,2000,-2000,-2000
052521,友達元大9B購01  ,0,0,0,0,0,0,0,0,0,-2000,0,0,0,270000,272000,-2000,-2000
052230,大立光凱基96購09,0,0,0,0,0,0,0,0,0,-2000,0,0,0,0,2000,-2000,-2000
050133,鈺齊凱基94購01  ,0,0,0,0,0,0,0,0,0,-2000,0,0,0,45000,47000,-2000,-2000
051769,矽力元大95購01  ,0,0,0,0,0,0,0,0,0,-2000,0,0,0,4000,6000,-2000,-2000
050244,富邦金凱基94購01,0,0,0,0,0,0,0,0,0,-2000,0,0,0,0,2000,-2000,-2000
050233,香港2X凱基96購01,0,0,0,0,0,0,0,0,0,-2000,0,0,0,0,2000,-2000,-2000
049669,訊芯國泰95購01  ,0,0,0,0,0,0,0,0,0,-2000,0,0,0,0,2000,-2000,-2000
049700,瀚宇博元大97購01,0,0,0,0,0,0,0,0,0,-2000,0,0,0,0,2000,-2000,-2000
051269,康友富邦97購01  ,0,0,0,0,0,0,0,0,0,-2000,0,0,0,0,2000,-2000,-2000
052086,鴻海元大96購08  ,0,0,0,0,0,0,0,0,0,-2000,0,0,0,0,2000,-2000,-2000
051461,聯詠國泰96購01  ,0,0,0,0,0,0,0,0,0,-2000,0,0,0,0,2000,-2000,-2000
051485,玉晶光凱基97購02,0,0,0,0,0,0,0,0,0,-2000,0,0,0,22000,24000,-2000,-2000
052016,神基永豐95購01  ,0,0,0,0,0,0,0,0,0,-2000,0,0,0,2000,4000,-2000,-2000
049530,上銀台新94購01  ,0,0,0,0,0,0,0,0,0,-2000,0,0,0,0,2000,-2000,-2000
049518,宏達電國票95購02,0,0,0,0,0,0,0,0,0,-2000,0,0,0,0,2000,-2000,-2000
049863,京元電兆豐94購01,0,0,0,0,0,0,0,0,0,-2000,0,0,0,0,2000,-2000,-2000
049814,超眾元大95購04  ,0,0,0,0,0,0,0,0,0,-2000,0,0,0,0,2000,-2000,-2000
048874,玉晶光國票96購01,0,0,0,0,0,0,0,0,0,-2000,0,0,0,0,2000,-2000,-2000
055100,得力凱基97購01  ,0,0,0,0,0,0,0,0,0,-2000,0,0,0,0,2000,-2000,-2000
05481P,鴻海凱基95售21  ,0,0,0,0,0,0,0,0,0,-2000,0,0,0,0,2000,-2000,-2000
054712,上証2X中信98購02,0,0,0,0,0,0,0,0,0,-2000,0,0,0,0,2000,-2000,-2000
05463P,創意國票96售04  ,0,0,0,0,0,0,0,0,0,-2000,0,0,0,0,2000,-2000,-2000
054579,聯茂元大97購01  ,0,0,0,0,0,0,0,0,0,-2000,0,0,0,0,2000,-2000,-2000
054356,可成兆豐97購01  ,0,0,0,0,0,0,0,0,0,-2000,0,0,0,48000,50000,-2000,-2000
054207,國巨國票98購01  ,0,0,0,0,0,0,0,0,0,-2000,0,0,0,5000,7000,-2000,-2000
054296,世芯元大97購01  ,0,0,0,0,0,0,0,0,0,-2000,0,0,0,10000,12000,-2000,-2000
054292,欣興元大96購06  ,0,0,0,0,0,0,0,0,0,-2000,0,0,0,2000,4000,-2000,-2000
05355P,臺股指元富95售09,0,0,0,0,0,0,0,0,0,-2000,0,0,0,1000,3000,-2000,-2000
053030,南亞科第一96購01,0,0,0,0,0,0,0,0,0,-2000,0,0,0,0,2000,-2000,-2000
053020,貿聯元富96購01  ,0,0,0,0,0,0,0,0,0,-2000,0,0,0,5000,7000,-2000,-2000
5538,東明-KY         ,0,0,0,0,0,0,0,2000,-2000,0,0,0,0,0,0,0,-2000
6117,迎廣            ,0,0,0,0,0,0,0,0,0,-2000,0,2000,-2000,0,0,0,-2000
3591,艾笛森          ,0,2000,-2000,0,0,0,0,0,0,0,1000,1000,0,0,0,0,-2000
3694,海華            ,2000,2000,0,0,0,0,0,0,0,-2000,0,2000,-2000,0,0,0,-2000
4106,雃博            ,0,1000,-1000,0,0,0,0,0,0,-1000,0,1000,-1000,0,0,0,-2000
2849,安泰銀          ,0,2000,-2000,0,0,0,0,0,0,0,0,0,0,0,0,0,-2000
1795,美時            ,84000,91000,-7000,0,0,0,25000,20000,5000,0,0,0,0,0,0,0,-2000
1720,生達            ,7000,11000,-4000,0,0,0,0,0,0,2000,2000,0,2000,0,0,0,-2000
1612,宏泰            ,0,2000,-2000,0,0,0,0,0,0,0,0,0,0,0,0,0,-2000
2114,鑫永銓          ,0,2000,-2000,0,0,0,0,0,0,0,0,0,0,0,0,0,-2000
2597,潤弘            ,1000,3000,-2000,0,0,0,0,0,0,0,0,0,0,0,0,0,-2000
2613,中櫃            ,1000,3000,-2000,0,0,0,0,0,0,0,0,0,0,0,0,0,-2000
2509,全坤建          ,0,1000,-1000,0,0,0,0,0,0,-1000,0,1000,-1000,0,0,0,-2000
2493,揚博            ,2000,4000,-2000,0,0,0,0,0,0,0,0,0,0,0,0,0,-2000
1537,廣隆            ,14000,16000,-2000,0,0,0,0,0,0,0,0,0,0,0,0,0,-2000
1503,士電            ,6000,8000,-2000,0,0,0,0,0,0,0,0,0,0,0,0,0,-2000
1435,中福            ,0,2000,-2000,0,0,0,0,0,0,0,0,0,0,0,0,0,-2000
1256,鮮活果汁-KY     ,0,1000,-1000,0,0,0,0,0,0,-1000,0,1000,-1000,0,0,0,-2000
06127P,泰碩元富97售01  ,0,0,0,0,0,0,0,0,0,-2000,0,0,0,0,2000,-2000,-2000
06167P,欣興國票97售05  ,0,0,0,0,0,0,0,0,0,-2000,0,0,0,0,2000,-2000,-2000
06393P,台積電元大97售27,0,0,0,0,0,0,0,0,0,-2000,0,0,0,0,2000,-2000,-2000
8201,無敵            ,0,2000,-2000,0,0,0,0,0,0,0,0,0,0,0,0,0,-2000
6641,基士德-KY       ,1000,3000,-2000,0,0,0,0,0,0,0,0,0,0,0,0,0,-2000
6666,羅麗芬-KY       ,3000,5000,-2000,0,0,0,0,0,0,0,0,0,0,0,0,0,-2000
9902,台火            ,2000,4000,-2000,0,0,0,0,0,0,0,0,0,0,0,0,0,-2000
8467,波力-KY         ,2000,4000,-2000,0,0,0,0,0,0,0,0,0,0,0,0,0,-2000
6541,泰福-KY         ,8000,9000,-1000,0,0,0,0,0,0,-1000,0,1000,-1000,0,0,0,-2000
6136,富爾特          ,0,2000,-2000,0,0,0,0,0,0,0,0,0,0,0,0,0,-2000
9906,欣巴巴          ,0,2000,-2000,0,0,0,0,0,0,0,0,0,0,0,0,0,-2000
9912,偉聯            ,0,1000,-1000,0,0,0,0,0,0,-1000,0,1000,-1000,0,0,0,-2000
057235,亞光凱基98購04  ,0,0,0,0,0,0,0,0,0,-3000,0,0,0,57000,60000,-3000,-3000
057318,台光電凱基9A購01,0,0,0,0,0,0,0,0,0,-3000,0,0,0,23000,26000,-3000,-3000
05903P,聯發科統一96售09,0,0,0,0,0,0,0,0,0,-3000,0,0,0,0,3000,-3000,-3000
056983,大立光群益99購02,0,0,0,0,0,0,0,0,0,-3000,0,0,0,5000,8000,-3000,-3000
057031,滬深反元大9B購02,0,0,0,0,0,0,0,0,0,-3000,0,0,0,0,3000,-3000,-3000
056746,超眾凱基99購01  ,0,0,0,0,0,0,0,0,0,-3000,0,0,0,0,3000,-3000,-3000
056806,元油2X統一98購02,0,0,0,0,0,0,0,0,0,-3000,0,0,0,45000,48000,-3000,-3000
056691,元油2X群益9B購01,0,0,0,0,0,0,0,0,0,-3000,0,0,0,63000,66000,-3000,-3000
056677,智伸科元富98購01,0,0,0,0,0,0,0,0,0,-3000,0,0,0,65000,68000,-3000,-3000
05631P,國巨富邦9A售01  ,0,0,0,0,0,0,0,0,0,-3000,0,0,0,20000,23000,-3000,-3000
056540,聯詠凱基98購02  ,0,0,0,0,0,0,0,0,0,-3000,0,0,0,10000,13000,-3000,-3000
056486,樺漢元大98購04  ,0,0,0,0,0,0,0,0,0,-3000,0,0,0,100000,103000,-3000,-3000
056446,聯發科凱基98購08,0,0,0,0,0,0,0,0,0,-3000,0,0,0,81000,84000,-3000,-3000
056169,鴻海元富97購08  ,0,0,0,0,0,0,0,0,0,-3000,0,0,0,0,3000,-3000,-3000
055761,創意群益97購01  ,0,0,0,0,0,0,0,0,0,-3000,0,0,0,10000,13000,-3000,-3000
055795,茂林國泰98購01  ,0,0,0,0,0,0,0,0,0,-3000,0,0,0,0,3000,-3000,-3000
047917,台積電凱基94購01,0,0,0,0,0,0,0,0,0,-3000,0,0,0,38000,41000,-3000,-3000
047971,南亞科富邦95購01,0,0,0,0,0,0,0,0,0,-3000,0,0,0,0,3000,-3000,-3000
050927,聯詠凱基95購01  ,0,0,0,0,0,0,0,0,0,-3000,0,0,0,31000,34000,-3000,-3000
048704,台表科國票95購01,0,0,0,0,0,0,0,0,0,-3000,0,0,0,47000,50000,-3000,-3000
048281,矽力永豐93購02  ,0,0,0,0,0,0,0,0,0,-3000,0,0,0,37000,40000,-3000,-3000
048132,冠德國票94購01  ,0,0,0,0,0,0,0,0,0,-3000,0,0,0,0,3000,-3000,-3000
046353,聯發科群益92購04,0,0,0,0,0,0,0,0,0,-3000,0,0,0,0,3000,-3000,-3000
047771,緯創元大93購01  ,0,0,0,0,0,0,0,0,0,-3000,0,0,0,7000,10000,-3000,-3000
047579,大立光群益94購02,0,0,0,0,0,0,0,0,0,-3000,0,0,0,0,3000,-3000,-3000
047435,台積電元大94購01,0,0,0,0,0,0,0,0,0,-3000,0,0,0,1000,4000,-3000,-3000
048664,華新科統一94購01,0,0,0,0,0,0,0,0,0,-3000,0,0,0,58000,61000,-3000,-3000
047339,臺股指元大93購34,0,0,0,0,0,0,0,0,0,-3000,0,0,0,0,3000,-3000,-3000
047406,香港反統一94購01,0,0,0,0,0,0,0,0,0,-3000,0,0,0,0,3000,-3000,-3000
043642,元金2X國票97購01,0,0,0,0,0,0,0,0,0,-3000,0,0,0,9000,12000,-3000,-3000
04353P,全新永豐94售01  ,0,0,0,0,0,0,0,0,0,-3000,0,0,0,0,3000,-3000,-3000
045752,全新國泰93購01  ,0,0,0,0,0,0,0,0,0,-3000,0,0,0,0,3000,-3000,-3000
045984,亞光麥證93購02  ,0,0,0,0,3000,-3000,0,0,0,-3000,0,0,0,0,3000,-3000,-3000
03656C,臺股指凱基99牛12,0,0,0,0,0,0,0,0,0,-3000,0,0,0,0,3000,-3000,-3000
03425B,臺股指元大9A熊01,0,0,0,0,0,0,0,0,0,-3000,0,0,0,4000,7000,-3000,-3000
03242P,聯電統一02售04  ,0,0,0,0,0,0,0,0,0,-3000,0,0,0,0,3000,-3000,-3000
050702,崇越凱基94購01  ,0,0,0,0,0,0,0,0,0,-3000,0,0,0,10000,13000,-3000,-3000
049588,聯發科元大94購06,0,0,0,0,0,0,0,0,0,-3000,0,0,0,0,3000,-3000,-3000
049566,鴻海統一94購04  ,0,0,0,0,0,0,0,0,0,-3000,0,0,0,7000,10000,-3000,-3000
049237,元油2X元富96購07,0,0,0,0,0,0,0,0,0,-3000,0,0,0,30000,33000,-3000,-3000
049273,臺股指元大94購08,0,0,0,0,0,0,0,0,0,-3000,0,0,0,0,3000,-3000,-3000
051482,玉晶光凱基96購01,0,0,0,0,0,0,0,0,0,-3000,0,0,0,15000,18000,-3000,-3000
049767,奇力新元富94購01,0,0,0,0,0,0,0,0,0,-3000,0,0,0,0,3000,-3000,-3000
051252,健鼎元大95購01  ,0,0,0,0,0,0,0,0,0,-3000,0,0,0,0,3000,-3000,-3000
050555,道瓊銀統一94購01,0,0,0,0,0,0,0,0,0,-3000,0,0,0,0,3000,-3000,-3000
049654,臺股指凱基94購15,0,0,0,0,0,0,0,0,0,-3000,0,0,0,0,3000,-3000,-3000
050508,上証2X元大97購01,0,0,0,0,0,0,0,0,0,-3000,0,0,0,0,3000,-3000,-3000
051135,建準永豐95購01  ,0,0,0,0,0,0,0,0,0,-3000,0,0,0,0,3000,-3000,-3000
05035P,聯發科元大95售06,0,0,0,0,0,0,0,0,0,-3000,0,0,0,594000,597000,-3000,-3000
050332,鴻海國泰96購05  ,0,0,0,0,0,0,0,0,0,-3000,0,0,0,14000,17000,-3000,-3000
050021,鴻海元大94購10  ,0,0,0,0,0,0,0,0,0,-3000,0,0,0,22000,25000,-3000,-3000
049980,奇力新凱基94購04,0,0,0,0,0,0,0,0,0,-3000,0,0,0,7000,10000,-3000,-3000
048975,玉晶光元大94購03,0,0,0,0,0,0,0,0,0,-3000,0,0,0,0,3000,-3000,-3000
052240,臻鼎國票96購03  ,0,0,0,0,0,0,0,0,0,-3000,0,0,0,0,3000,-3000,-3000
052241,台郡國票96購01  ,0,0,0,0,0,0,0,0,0,-3000,0,0,0,0,3000,-3000,-3000
05187P,力山凱基95售01  ,0,0,0,0,0,0,0,0,0,-3000,0,0,0,0,3000,-3000,-3000
051914,健策元大96購06  ,0,0,0,0,0,0,0,0,0,-3000,0,0,0,17000,20000,-3000,-3000
053075,欣興永豐96購01  ,0,0,0,0,0,0,0,0,0,-3000,0,0,0,28000,31000,-3000,-3000
053193,超眾統一97購01  ,0,0,0,0,0,0,0,0,0,-3000,0,0,0,0,3000,-3000,-3000
053170,茂林群益96購04  ,0,0,0,0,0,0,0,0,0,-3000,0,0,0,83000,86000,-3000,-3000
052700,奇鋐國票97購02  ,0,0,0,0,0,0,0,0,0,-3000,0,0,0,47000,50000,-3000,-3000
053491,鴻海兆豐97購02  ,0,0,0,0,0,0,0,0,0,-3000,0,0,0,0,3000,-3000,-3000
053530,聯發科康和96購01,0,0,0,0,0,0,0,0,0,-3000,0,0,0,0,3000,-3000,-3000
053825,南電群益96購02  ,0,0,0,0,0,0,0,0,0,-3000,0,0,0,5000,8000,-3000,-3000
054352,世芯國泰98購01  ,0,0,0,0,0,0,0,0,0,-3000,0,0,0,0,3000,-3000,-3000
054407,美律國票97購02  ,0,0,0,0,0,0,0,0,0,-3000,0,0,0,0,3000,-3000,-3000
054472,道瓊反中信9A購01,0,0,0,0,0,0,0,0,0,-3000,0,0,0,27000,30000,-3000,-3000
05520P,聯詠凱基96售01  ,0,0,0,0,0,0,0,0,0,-3000,0,0,0,67000,70000,-3000,-3000
055309,冠德群益97購01  ,0,0,0,0,0,0,0,0,0,-3000,0,0,0,0,3000,-3000,-3000
9927,泰銘            ,8000,11000,-3000,0,0,0,0,0,0,0,0,0,0,0,0,0,-3000
6288,聯嘉            ,61000,64000,-3000,0,0,0,0,0,0,0,0,0,0,0,0,0,-3000
6281,全國電          ,0,3000,-3000,0,0,0,0,0,0,0,0,0,0,0,0,0,-3000
8497,格威傳媒        ,3000,6000,-3000,0,0,0,0,0,0,0,0,0,0,0,0,0,-3000
06318P,臺股指元富97售05,0,0,0,0,0,0,0,0,0,-3000,0,0,0,0,3000,-3000,-3000
06407P,創意元富97售02  ,0,0,0,0,0,0,0,0,0,-3000,0,0,0,83000,86000,-3000,-3000
06693P,臺股指凱基98售01,0,0,0,0,0,0,0,0,0,-3000,0,0,0,0,3000,-3000,-3000
1516,川飛            ,1000,4000,-3000,0,0,0,0,0,0,0,0,0,0,0,0,0,-3000
06527P,T50正2富邦9C售01,0,0,0,0,0,0,0,0,0,-3000,0,0,0,0,3000,-3000,-3000
06609P,元油2X凱基9B售06,0,0,0,0,0,0,0,0,0,-3000,0,0,0,0,3000,-3000,-3000
2516,新建            ,2000,5000,-3000,0,0,0,0,0,0,0,0,0,0,0,0,0,-3000
2546,根基            ,1000,4000,-3000,0,0,0,0,0,0,0,0,0,0,0,0,0,-3000
2471,資通            ,3000,4000,-1000,0,0,0,0,0,0,-2000,0,2000,-2000,0,0,0,-3000
2413,環科            ,5000,6000,-1000,0,0,0,0,0,0,-2000,0,2000,-2000,0,0,0,-3000
2028,威致            ,0,3000,-3000,0,0,0,0,0,0,0,0,0,0,0,0,0,-3000
1713,國化            ,1000,4000,-3000,0,0,0,0,0,0,0,0,0,0,0,0,0,-3000
2939,凱羿-KY         ,4000,7000,-3000,0,0,0,0,0,0,0,0,0,0,0,0,0,-3000
3032,偉訓            ,2000,5000,-3000,0,0,0,0,0,0,0,0,0,0,0,0,0,-3000
3528,安馳            ,0,1000,-1000,0,0,0,0,0,0,-2000,0,2000,-2000,0,0,0,-3000
3593,力銘            ,0,4000,-4000,0,0,0,0,0,0,1000,1000,0,1000,0,0,0,-3000
4148,全宇生技-KY     ,1000,4000,-3000,0,0,0,0,0,0,0,0,0,0,0,0,0,-3000
6133,金橋            ,0,0,0,0,0,0,0,0,0,-3000,0,3000,-3000,0,0,0,-3000
055860,啟碁元大97購04  ,0,0,0,0,0,0,0,0,0,-4000,0,0,0,0,4000,-4000,-4000
055831,台達電元大97購01,0,0,0,0,0,0,0,0,0,-4000,0,0,0,2000,6000,-4000,-4000
05574P,英業達元富96售01,0,0,0,0,0,0,0,0,0,-4000,0,0,0,20000,24000,-4000,-4000
055640,鴻海元富97購03  ,0,0,0,0,0,0,0,0,0,-4000,0,0,0,22000,26000,-4000,-4000
055681,奇鋐凱基98購03  ,0,0,0,0,0,0,0,0,0,-4000,0,0,0,60000,64000,-4000,-4000
055502,群創元大9C購03  ,0,0,0,0,0,0,0,0,0,-4000,0,0,0,0,4000,-4000,-4000
056366,玉晶光元大99購04,0,0,0,0,0,0,0,0,0,-4000,0,0,0,0,4000,-4000,-4000
056621,宏達電永豐98購01,0,0,0,0,0,0,0,0,0,-4000,0,0,0,30000,34000,-4000,-4000
056802,友達台新98購01  ,0,0,0,0,0,0,0,0,0,-4000,0,0,0,15000,19000,-4000,-4000
056745,聯茂凱基99購03  ,0,0,0,0,0,0,0,0,0,-4000,0,0,0,103000,107000,-4000,-4000
056844,欣興元富98購03  ,0,0,0,0,0,0,0,0,0,-4000,0,0,0,13000,17000,-4000,-4000
06121P,同欣電凱基97售02,0,0,0,0,0,0,0,0,0,-4000,0,0,0,0,4000,-4000,-4000
057293,力成國泰99購01  ,0,0,0,0,0,0,0,0,0,-4000,0,0,0,0,4000,-4000,-4000
057211,鴻海群益98購05  ,0,0,0,0,0,0,0,0,0,-4000,0,0,0,23000,27000,-4000,-4000
057523,大成鋼元大99購01,0,0,0,0,0,0,0,0,0,-4000,0,0,0,58000,62000,-4000,-4000
057458,TPK富邦9A購01   ,0,0,0,0,0,0,0,0,0,-4000,0,0,0,155000,159000,-4000,-4000
04276P,聯發科凱基93售33,0,0,0,0,0,0,0,0,0,-4000,0,0,0,9000,13000,-4000,-4000
04207P,臺股指元大93售47,0,0,0,0,0,0,0,0,0,-4000,0,0,0,0,4000,-4000,-4000
00685L,群益臺灣加權正2 ,0,0,0,0,0,0,0,0,0,-4000,0,0,0,10000,14000,-4000,-4000
0057,富邦摩台        ,0,0,0,0,0,0,0,0,0,-4000,0,0,0,20000,24000,-4000,-4000
044013,友達凱基93購01  ,0,0,0,0,0,0,0,0,0,-4000,0,0,0,0,4000,-4000,-4000
044531,欣興富邦93購01  ,0,0,0,0,0,0,0,0,0,-4000,0,0,0,0,4000,-4000,-4000
044645,元金2X群益93購01,0,0,0,0,0,0,0,0,0,-4000,0,0,0,0,4000,-4000,-4000
045152,大立光凱基93購03,0,0,0,0,0,0,0,0,0,-4000,0,0,0,0,4000,-4000,-4000
047550,聯發科凱基93購13,0,0,0,0,0,0,0,0,0,-4000,0,0,0,0,4000,-4000,-4000
046377,聯發科凱基92購03,0,0,0,0,0,0,0,0,0,-4000,0,0,0,0,4000,-4000,-4000
04848P,康控凱基94售02  ,0,0,0,0,0,0,0,0,0,-4000,0,0,0,15000,19000,-4000,-4000
046673,樺漢元大93購01  ,0,0,0,0,0,0,0,0,0,-4000,0,0,0,6000,10000,-4000,-4000
048337,致茂元大93購04  ,0,0,0,0,0,0,0,0,0,-4000,0,0,0,1000,5000,-4000,-4000
048373,A50正2元富95購01,0,0,0,0,0,0,0,0,0,-4000,0,0,0,0,4000,-4000,-4000
047040,台勝科群益93購01,0,0,0,0,0,0,0,0,0,-4000,0,0,0,20000,24000,-4000,-4000
046951,GIS元大93購08   ,0,0,0,0,0,0,0,0,0,-4000,0,0,0,46000,50000,-4000,-4000
046944,奇力新元大96購01,0,0,0,0,0,0,0,0,0,-4000,0,0,0,10000,14000,-4000,-4000
047134,聯發科凱基93購10,0,0,0,0,0,0,0,0,0,-4000,0,0,0,10000,14000,-4000,-4000
051899,欣興國泰97購01  ,0,0,0,0,0,0,0,0,0,-4000,0,0,0,8000,12000,-4000,-4000
052172,致茂元大95購01  ,0,0,0,0,0,0,0,0,0,-4000,0,0,0,8000,12000,-4000,-4000
050119,瀚宇博元大95購03,0,0,0,0,0,0,0,0,0,-4000,0,0,0,0,4000,-4000,-4000
051830,健策元大97購01  ,0,0,0,0,0,0,0,0,0,-4000,0,0,0,17000,21000,-4000,-4000
052228,聯發科凱基96購06,0,0,0,0,0,0,0,0,0,-4000,0,0,0,0,4000,-4000,-4000
052519,旺宏元大95購05  ,0,0,0,0,0,0,0,0,0,-4000,0,0,0,37000,41000,-4000,-4000
048946,崇越永豐94購01  ,0,0,0,0,0,0,0,0,0,-4000,0,0,0,0,4000,-4000,-4000
050135,禾伸堂兆豐95購01,0,0,0,0,0,0,0,0,0,-4000,0,0,0,16000,20000,-4000,-4000
050313,大立光兆豐94購05,0,0,0,0,0,0,0,0,0,-4000,0,0,0,0,4000,-4000,-4000
050348,鴻海群益94購06  ,0,0,0,0,0,0,0,0,0,-4000,0,0,0,19000,23000,-4000,-4000
049714,國巨凱基94購02  ,0,0,0,0,0,0,0,0,0,-4000,0,0,0,7000,11000,-4000,-4000
050647,聯發科凱基96購01,0,0,0,0,0,0,0,0,0,-4000,0,0,0,11000,15000,-4000,-4000
049277,臺股指元大94購12,0,0,0,0,0,0,0,0,0,-4000,0,0,0,1000,5000,-4000,-4000
051572,上銀元大95購01  ,0,0,0,0,0,0,0,0,0,-4000,0,0,0,256000,260000,-4000,-4000
051372,樺漢富邦96購01  ,0,0,0,0,0,0,0,0,0,-4000,0,0,0,100000,104000,-4000,-4000
054604,麗豐台新98購01  ,0,0,0,0,0,0,0,0,0,-4000,0,0,0,10000,14000,-4000,-4000
054611,全新永豐97購01  ,0,0,0,0,0,0,0,0,0,-4000,0,0,0,0,4000,-4000,-4000
054001,康友群益96購02  ,0,0,0,0,0,0,0,0,0,-4000,0,0,0,44000,48000,-4000,-4000
053802,南亞科凱基96購04,0,0,0,0,0,0,0,0,0,-4000,0,0,0,16000,20000,-4000,-4000
053628,微星兆豐96購01  ,0,0,0,0,0,0,0,0,0,-4000,0,0,0,10000,14000,-4000,-4000
053355,超眾兆豐97購01  ,0,0,0,0,0,0,0,0,0,-4000,0,0,0,0,4000,-4000,-4000
052689,玉晶光元大98購03,0,0,0,0,0,0,0,0,0,-4000,0,0,0,0,4000,-4000,-4000
052993,欣興台新97購01  ,0,0,0,0,0,0,0,0,0,-4000,0,0,0,34000,38000,-4000,-4000
4108,懷特            ,0,4000,-4000,0,0,0,0,0,0,0,0,0,0,0,0,0,-4000
3130,一零四          ,0,3000,-3000,0,0,0,0,0,0,-1000,0,1000,-1000,0,0,0,-4000
2739,寒舍            ,0,4000,-4000,0,0,0,0,0,0,0,0,0,0,0,0,0,-4000
1783,和康生          ,0,4000,-4000,0,0,0,0,0,0,0,0,0,0,0,0,0,-4000
2476,鉅祥            ,5000,9000,-4000,0,0,0,0,0,0,0,0,0,0,0,0,0,-4000
06611P,祥碩國票98售01  ,0,0,0,0,0,0,0,0,0,-4000,0,0,0,15000,19000,-4000,-4000
07480P,FBVIX凱基94售01 ,0,0,0,0,0,0,0,0,0,-4000,0,0,0,0,4000,-4000,-4000
1337,再生-KY         ,2000,6000,-4000,0,0,0,0,0,0,0,0,0,0,0,0,0,-4000
06345P,臺股指統一9A售01,0,0,0,0,0,0,0,0,0,-4000,0,0,0,0,4000,-4000,-4000
9136,巨騰-DR         ,0,4000,-4000,0,0,0,0,0,0,0,0,0,0,0,0,0,-4000
3321,同泰            ,17000,11000,6000,0,0,0,0,10000,-10000,-111,0,111,-111,0,0,0,-4111
057456,道瓊銀富邦9C購01,0,0,0,0,0,0,0,0,0,-5000,0,0,0,0,5000,-5000,-5000
057487,聯發科元大98購10,0,0,0,0,0,0,0,0,0,-5000,0,0,0,57000,62000,-5000,-5000
057364,國巨元大98購18  ,0,0,0,0,0,0,0,0,0,-5000,0,0,0,293000,298000,-5000,-5000
06105P,國巨國票98售02  ,0,0,0,0,0,0,0,0,0,-5000,0,0,0,0,5000,-5000,-5000
05837P,臺股指富邦96售04,0,0,0,0,0,0,0,0,0,-5000,0,0,0,15000,20000,-5000,-5000
05800P,台積電兆豐96售04,0,0,0,0,0,0,0,0,0,-5000,0,0,0,39000,44000,-5000,-5000
056604,鴻海富邦9A購01  ,0,0,0,0,0,0,0,0,0,-5000,0,0,0,5000,10000,-5000,-5000
056702,欣興國泰9A購01  ,0,0,0,0,0,0,0,0,0,-5000,0,0,0,24000,29000,-5000,-5000
056903,大立光元大99購04,0,0,0,0,0,0,0,0,0,-5000,0,0,0,5000,10000,-5000,-5000
057156,元油2X富邦9C購01,0,0,0,0,0,0,0,0,0,-5000,0,0,0,0,5000,-5000,-5000
057148,玉晶光國票99購04,0,0,0,0,0,0,0,0,0,-5000,0,0,0,0,5000,-5000,-5000
057125,國巨凱基98購12  ,0,0,0,0,0,0,0,0,0,-5000,0,0,0,25000,30000,-5000,-5000
056395,玉晶光永豐9B購01,0,0,0,0,0,0,0,0,0,-5000,0,0,0,0,5000,-5000,-5000
056406,建準國票99購01  ,0,0,0,0,0,0,0,0,0,-5000,0,0,0,5000,10000,-5000,-5000
056432,鴻海凱基98購08  ,0,0,0,0,0,0,0,0,0,-5000,0,0,0,32000,37000,-5000,-5000
056437,台積電凱基98購11,0,0,0,0,0,0,0,0,0,-5000,0,0,0,0,5000,-5000,-5000
056419,欣興元富98購02  ,0,0,0,0,0,0,0,0,0,-5000,0,0,0,58000,63000,-5000,-5000
056413,上証反中信9A購01,0,0,0,0,0,0,0,0,0,-5000,0,0,0,0,5000,-5000,-5000
056455,群創凱基9A購01  ,0,0,0,0,0,0,0,0,0,-5000,0,0,0,0,5000,-5000,-5000
056550,瑞儀凱基99購01  ,0,0,0,0,0,0,0,0,0,-5000,0,0,0,10000,15000,-5000,-5000
056145,緯穎元大98購03  ,0,0,0,0,0,0,0,0,0,-5000,0,0,0,14000,19000,-5000,-5000
055965,泰鼎元大97購03  ,0,0,0,0,0,0,0,0,0,-5000,0,0,0,105000,110000,-5000,-5000
05600P,玉晶光台新96售04,0,0,0,0,0,0,0,0,0,-5000,0,0,0,20000,25000,-5000,-5000
055484,華通元大97購04  ,0,0,0,0,0,0,0,0,0,-5000,0,0,0,42000,47000,-5000,-5000
05548P,臺股指元大96售02,0,0,0,0,0,0,0,0,0,-5000,0,0,0,0,5000,-5000,-5000
055440,矽力國票98購01  ,0,0,0,0,0,0,0,0,0,-5000,0,0,0,0,5000,-5000,-5000
055363,緯穎凱基98購03  ,0,0,0,0,0,0,0,0,0,-5000,0,0,0,9000,14000,-5000,-5000
055748,GIS元富97購01   ,0,0,0,0,0,0,0,0,0,-5000,0,0,0,5000,10000,-5000,-5000
055713,國巨元大98購09  ,0,0,0,0,0,0,0,0,0,-5000,0,0,0,0,5000,-5000,-5000
055864,臺股指元大97購01,0,0,0,0,0,0,0,0,0,-5000,0,0,0,0,5000,-5000,-5000
055801,景碩永豐97購02  ,0,0,0,0,0,0,0,0,0,-5000,0,0,0,48000,53000,-5000,-5000
05590P,臺股指中信96售05,0,0,0,0,0,0,0,0,0,-5000,0,0,0,0,5000,-5000,-5000
047140,滬深2X兆豐94購01,0,0,0,0,0,0,0,0,0,-5000,0,0,0,5000,10000,-5000,-5000
04709P,台積電元大94售15,0,0,0,0,0,0,0,0,0,-5000,0,0,0,10000,15000,-5000,-5000
046947,禾伸堂元大93購01,0,0,0,0,0,0,0,0,0,-5000,0,0,0,1000,6000,-5000,-5000
04727P,臺股指凱基96售03,0,0,0,0,0,0,0,0,0,-5000,0,0,0,0,5000,-5000,-5000
047227,華新科凱基94購01,0,0,0,0,0,0,0,0,0,-5000,0,0,0,1000,6000,-5000,-5000
047206,元金2X國泰94購01,0,0,0,0,0,0,0,0,0,-5000,0,0,0,30000,35000,-5000,-5000
047995,台達電元大96購01,0,0,0,0,0,0,0,0,0,-5000,0,0,0,0,5000,-5000,-5000
048374,味全元富94購01  ,0,0,0,0,0,0,0,0,0,-5000,0,0,0,0,5000,-5000,-5000
048836,牧德凱基94購03  ,0,0,0,0,0,0,0,0,0,-5000,0,0,0,36000,41000,-5000,-5000
048186,元黃金元大96購01,0,0,0,0,0,0,0,0,0,-5000,0,0,0,0,5000,-5000,-5000
048417,國巨統一94購01  ,0,0,0,0,0,0,0,0,0,-5000,0,0,0,0,5000,-5000,-5000
046460,聯鈞凱基93購02  ,0,0,0,0,0,0,0,0,0,-5000,0,0,0,69000,74000,-5000,-5000
047782,燿華國泰95購01  ,0,0,0,0,0,0,0,0,0,-5000,0,0,0,0,5000,-5000,-5000
048111,奇力新群益93購06,0,0,0,0,0,0,0,0,0,-5000,0,0,0,0,5000,-5000,-5000
047614,台郡群益93購02  ,0,0,0,0,0,0,0,0,0,-5000,0,0,0,2000,7000,-5000,-5000
046721,中鋼元大93購01  ,0,0,0,0,0,0,0,0,0,-5000,0,0,0,0,5000,-5000,-5000
045150,聯發科凱基93購03,0,0,0,0,0,0,0,0,0,-5000,0,0,0,0,5000,-5000,-5000
04411P,智易統一96售01  ,0,0,0,0,0,0,0,0,0,-5000,0,0,0,0,5000,-5000,-5000
047419,聯發科富邦95購01,0,0,0,0,0,0,0,0,0,-5000,0,0,0,5000,10000,-5000,-5000
044468,台積電群益93購01,0,0,0,0,0,0,0,0,0,-5000,0,0,0,0,5000,-5000,-5000
044440,臺股指元大92購07,0,0,0,0,0,0,0,0,0,-5000,0,0,0,0,5000,-5000,-5000
043891,羅麗芬元大94購01,0,0,0,0,0,0,0,0,0,-5000,0,0,0,0,5000,-5000,-5000
00700,富邦恒生國企    ,0,0,0,0,0,0,0,0,0,-5000,0,0,0,101000,106000,-5000,-5000
00713,元大台灣高息低波,0,0,0,0,0,0,0,0,0,-5000,0,0,0,0,5000,-5000,-5000
04085P,欣興元富93售01  ,0,0,0,0,0,0,0,0,0,-5000,0,0,0,5000,10000,-5000,-5000
045975,祥碩凱基93購04  ,0,0,0,0,0,0,0,0,0,-5000,0,0,0,0,5000,-5000,-5000
042916,佐登元大94購01  ,0,0,0,0,0,0,0,0,0,-5000,0,0,0,1000,6000,-5000,-5000
04314P,聯茂元富93售01  ,0,0,0,0,0,0,0,0,0,-5000,0,0,0,24000,29000,-5000,-5000
045995,台表科富邦93購01,0,0,0,0,0,0,0,0,0,-5000,0,0,0,0,5000,-5000,-5000
045767,大立光元富95購01,0,0,0,0,0,0,0,0,0,-5000,0,0,0,0,5000,-5000,-5000
045500,聯發科凱基93購04,0,0,0,0,0,0,0,0,0,-5000,0,0,0,1000,6000,-5000,-5000
048892,台郡元富97購01  ,0,0,0,0,0,0,0,0,0,-5000,0,0,0,2000,7000,-5000,-5000
050686,欣興兆豐96購01  ,0,0,0,0,0,0,0,0,0,-5000,0,0,0,50000,55000,-5000,-5000
049293,友訊群益95購01  ,0,0,0,0,0,0,0,0,0,-5000,0,0,0,35000,40000,-5000,-5000
049392,臺股指麥證94購01,0,0,0,220000,225000,-5000,0,0,0,-5000,0,0,0,220000,225000,-5000,-5000
049264,奇鋐元大95購01  ,0,0,0,0,0,0,0,0,0,-5000,0,0,0,0,5000,-5000,-5000
050756,京元電元富94購03,0,0,0,0,0,0,0,0,0,-5000,0,0,0,0,5000,-5000,-5000
049291,華通群益94購04  ,0,0,0,0,0,0,0,0,0,-5000,0,0,0,3000,8000,-5000,-5000
050767,京元電元大96購01,0,0,0,0,0,0,0,0,0,-5000,0,0,0,50000,55000,-5000,-5000
04954P,健策國票96售01  ,0,0,0,0,0,0,0,0,0,-5000,0,0,0,35000,40000,-5000,-5000
049946,智邦兆豐95購01  ,0,0,0,0,0,0,0,0,0,-5000,0,0,0,0,5000,-5000,-5000
050617,神基元大94購01  ,0,0,0,0,0,0,0,0,0,-5000,0,0,0,5000,10000,-5000,-5000
049777,華新科統一94購06,0,0,0,0,0,0,0,0,0,-5000,0,0,0,5000,10000,-5000,-5000
051993,和碩元大95購03  ,0,0,0,0,0,0,0,0,0,-5000,0,0,0,299000,304000,-5000,-5000
051954,矽力元富95購04  ,0,0,0,0,0,0,0,0,0,-5000,0,0,0,0,5000,-5000,-5000
051483,玉晶光凱基96購02,0,0,0,0,0,0,0,0,0,-5000,0,0,0,65000,70000,-5000,-5000
051525,日月光凱基95購02,0,0,0,0,0,0,0,0,0,-5000,0,0,0,15000,20000,-5000,-5000
052055,緯穎凱基95購03  ,0,0,0,0,0,0,0,0,0,-5000,0,0,0,44000,49000,-5000,-5000
052075,旺宏元富95購03  ,0,0,0,0,0,0,0,0,0,-5000,0,0,0,0,5000,-5000,-5000
051493,台郡凱基95購02  ,0,0,0,0,0,0,0,0,0,-5000,0,0,0,0,5000,-5000,-5000
050884,聯茂國泰96購01  ,0,0,0,0,0,0,0,0,0,-5000,0,0,0,0,5000,-5000,-5000
050419,鴻海凱基95購02  ,0,0,0,0,0,0,0,0,0,-5000,0,0,0,0,5000,-5000,-5000
050495,大立光永昌96購01,0,0,0,0,0,0,0,0,0,-5000,0,0,0,165000,170000,-5000,-5000
050288,台積電凱基94購32,0,0,0,0,0,0,0,0,0,-5000,0,0,0,0,5000,-5000,-5000
051677,達方元大95購01  ,0,0,0,0,0,0,0,0,0,-5000,0,0,0,8000,13000,-5000,-5000
050056,國巨凱基94購04  ,0,0,0,0,0,0,0,0,0,-5000,0,0,0,0,5000,-5000,-5000
051751,聯茂富邦95購01  ,0,0,0,0,0,0,0,0,0,-5000,0,0,0,0,5000,-5000,-5000
048987,崇越元大94購01  ,0,0,0,0,0,0,0,0,0,-5000,0,0,0,30000,35000,-5000,-5000
052518,道瓊反元大95購02,0,0,0,0,0,0,0,0,0,-5000,0,0,0,0,5000,-5000,-5000
052529,力成元大95購03  ,0,0,0,0,0,0,0,0,0,-5000,0,0,0,0,5000,-5000,-5000
052406,力成凱基95購03  ,0,0,0,0,0,0,0,0,0,-5000,0,0,0,0,5000,-5000,-5000
052501,茂林永豐95購04  ,0,0,0,0,0,0,0,0,0,-5000,0,0,0,5000,10000,-5000,-5000
052274,大立光群益95購03,0,0,0,0,0,0,0,0,0,-5000,0,0,0,15000,20000,-5000,-5000
052368,力成國票96購01  ,0,0,0,0,0,0,0,0,0,-5000,0,0,0,0,5000,-5000,-5000
050114,群創元大95購01  ,0,0,0,0,0,0,0,0,0,-5000,0,0,0,5000,10000,-5000,-5000
051820,道瓊反元富95購01,0,0,0,0,0,0,0,0,0,-5000,0,0,0,0,5000,-5000,-5000
049172,鴻海凱基94購14  ,0,0,0,0,0,0,0,0,0,-5000,0,0,0,44000,49000,-5000,-5000
052208,力成麥證95購01  ,0,0,0,15000,20000,-5000,0,0,0,-5000,0,0,0,15000,20000,-5000,-5000
051879,健策台新96購01  ,0,0,0,0,0,0,0,0,0,-5000,0,0,0,20000,25000,-5000,-5000
05300P,健策元大95售02  ,0,0,0,0,0,0,0,0,0,-5000,0,0,0,20000,25000,-5000,-5000
053117,大立光中信9A購02,0,0,0,0,0,0,0,0,0,-5000,0,0,0,0,5000,-5000,-5000
053207,SP黃豆凱基96購01,0,0,0,0,0,0,0,0,0,-5000,0,0,0,0,5000,-5000,-5000
053219,祥碩凱基96購01  ,0,0,0,0,0,0,0,0,0,-5000,0,0,0,0,5000,-5000,-5000
053212,友達凱基99購04  ,0,0,0,0,0,0,0,0,0,-5000,0,0,0,0,5000,-5000,-5000
05274P,嘉聯益亞東95售01,0,0,0,0,0,0,0,0,0,-5000,0,0,0,0,5000,-5000,-5000
052591,康友永豐97購01  ,0,0,0,0,0,0,0,0,0,-5000,0,0,0,10000,15000,-5000,-5000
052905,潤泰全國票97購01,0,0,0,0,0,0,0,0,0,-5000,0,0,0,0,5000,-5000,-5000
053379,南亞科元大96購01,0,0,0,0,0,0,0,0,0,-5000,0,0,0,1000,6000,-5000,-5000
053583,漢唐元大96購03  ,0,0,0,0,0,0,0,0,0,-5000,0,0,0,0,5000,-5000,-5000
053480,祥碩元大96購02  ,0,0,0,0,0,0,0,0,0,-5000,0,0,0,0,5000,-5000,-5000
053487,台泥兆豐97購01  ,0,0,0,0,0,0,0,0,0,-5000,0,0,0,0,5000,-5000,-5000
053781,友達元大9B購03  ,0,0,0,0,0,0,0,0,0,-5000,0,0,0,76000,81000,-5000,-5000
053753,啟碁永豐96購01  ,0,0,0,0,0,0,0,0,0,-5000,0,0,0,10000,15000,-5000,-5000
053835,南亞科永豐96購02,0,0,0,0,0,0,0,0,0,-5000,0,0,0,68000,73000,-5000,-5000
054073,群創富邦96購03  ,0,0,0,0,0,0,0,0,0,-5000,0,0,0,82000,87000,-5000,-5000
05412P,泰碩國票95售02  ,0,0,0,0,0,0,0,0,0,-5000,0,0,0,0,5000,-5000,-5000
054137,聯詠元大97購02  ,0,0,0,0,0,0,0,0,0,-5000,0,0,0,119000,124000,-5000,-5000
05408P,臺股指中信95售13,0,0,0,0,0,0,0,0,0,-5000,0,0,0,0,5000,-5000,-5000
054310,牧德凱基98購01  ,0,0,0,0,0,0,0,0,0,-5000,0,0,0,89000,94000,-5000,-5000
054291,高鐵元大97購01  ,0,0,0,0,0,0,0,0,0,-5000,0,0,0,0,5000,-5000,-5000
054193,鴻海麥證96購02  ,0,0,0,0,5000,-5000,0,0,0,-5000,0,0,0,0,5000,-5000,-5000
054194,國巨麥證96購02  ,0,0,0,23000,27000,-4000,0,0,0,-5000,0,0,0,24000,29000,-5000,-5000
054170,泰鼎凱基98購01  ,0,0,0,0,0,0,0,0,0,-5000,0,0,0,61000,66000,-5000,-5000
054586,健鼎國泰99購01  ,0,0,0,0,0,0,0,0,0,-5000,0,0,0,0,5000,-5000,-5000
054465,亞光凱基97購01  ,0,0,0,0,0,0,0,0,0,-5000,0,0,0,0,5000,-5000,-5000
054418,茂林元大97購01  ,0,0,0,0,0,0,0,0,0,-5000,0,0,0,83000,88000,-5000,-5000
055228,聯發科國票98購03,0,0,0,0,0,0,0,0,0,-5000,0,0,0,0,5000,-5000,-5000
3058,立德            ,4000,9000,-5000,0,0,0,0,0,0,0,0,0,0,0,0,0,-5000
2706,第一店          ,0,5000,-5000,0,0,0,0,0,0,0,0,0,0,0,0,0,-5000
4144,康聯-KY         ,0,5000,-5000,0,0,0,0,0,0,0,0,0,0,0,0,0,-5000
5608,四維航          ,0,5000,-5000,0,0,0,0,0,0,0,0,0,0,0,0,0,-5000
2527,宏璟            ,3000,7000,-4000,0,0,0,0,0,0,-1000,0,1000,-1000,0,0,0,-5000
2450,神腦            ,0,5000,-5000,0,0,0,0,0,0,0,0,0,0,0,0,0,-5000
1904,正隆            ,179000,142000,37000,0,0,0,0,0,0,-42000,22000,64000,-42000,0,0,0,-5000
2015,豐興            ,75000,68000,7000,0,0,0,0,0,0,-12000,0,12000,-12000,0,0,0,-5000
2029,盛餘            ,0,5000,-5000,0,0,0,0,0,0,0,0,0,0,0,0,0,-5000
06335P,台積電麥證97售02,0,0,0,5000,10000,-5000,0,0,0,-5000,0,0,0,5000,10000,-5000,-5000
06429P,大立光元大97售15,0,0,0,0,0,0,0,0,0,-5000,0,0,0,0,5000,-5000,-5000
06453P,群創元大9B售02  ,0,0,0,0,0,0,0,0,0,-5000,0,0,0,17000,22000,-5000,-5000
06156P,大立光統一97售05,0,0,0,0,0,0,0,0,0,-5000,0,0,0,25000,30000,-5000,-5000
1218,泰山            ,48000,52000,-4000,0,0,0,0,0,0,-1000,0,1000,-1000,0,0,0,-5000
06716P,台積電元大9A售02,0,0,0,0,0,0,0,0,0,-5000,0,0,0,0,5000,-5000,-5000
06665P,欣興兆豐99售01  ,0,0,0,0,0,0,0,0,0,-5000,0,0,0,0,5000,-5000,-5000
06578P,華新科國票98售02,0,0,0,0,0,0,0,0,0,-5000,0,0,0,5000,10000,-5000,-5000
8249,菱光            ,16000,21000,-5000,0,0,0,0,0,0,0,0,0,0,0,0,0,-5000
9924,福興            ,4000,9000,-5000,0,0,0,0,0,0,0,0,0,0,0,0,0,-5000
055903,鈺齊中信97購02  ,0,0,0,0,0,0,0,0,0,-6000,0,0,0,0,6000,-6000,-6000
055824,臺股指國票97購11,0,0,0,0,0,0,0,0,0,-6000,0,0,0,0,6000,-6000,-6000
055352,奇力新凱基97購01,0,0,0,0,0,0,0,0,0,-6000,0,0,0,0,6000,-6000,-6000
055406,大毅國泰99購01  ,0,0,0,0,0,0,0,0,0,-6000,0,0,0,14000,20000,-6000,-6000
056173,廣達元富97購01  ,0,0,0,0,0,0,0,0,0,-6000,0,0,0,44000,50000,-6000,-6000
056258,訊芯元富97購04  ,0,0,0,0,0,0,0,0,0,-6000,0,0,0,0,6000,-6000,-6000
056340,可成凱基98購04  ,0,0,0,0,0,0,0,0,0,-6000,0,0,0,48000,54000,-6000,-6000
056322,臺股指群益98購01,0,0,0,0,0,0,0,0,0,-6000,0,0,0,0,6000,-6000,-6000
056295,國巨元大97購16  ,0,0,0,0,0,0,0,0,0,-6000,0,0,0,29000,35000,-6000,-6000
056895,技嘉元大98購01  ,0,0,0,0,0,0,0,0,0,-6000,0,0,0,37000,43000,-6000,-6000
056997,台灣50康和9A購02,0,0,0,0,0,0,0,0,0,-6000,0,0,0,191000,197000,-6000,-6000
056823,智伸科永豐98購01,0,0,0,0,0,0,0,0,0,-6000,0,0,0,27000,33000,-6000,-6000
056824,元石油富邦9B購01,0,0,0,0,0,0,0,0,0,-6000,0,0,0,0,6000,-6000,-6000
057369,奇力新元大99購05,0,0,0,0,0,0,0,0,0,-6000,0,0,0,153000,159000,-6000,-6000
057476,國巨元大98購19  ,0,0,0,0,0,0,0,0,0,-6000,0,0,0,0,6000,-6000,-6000
057414,華新科日盛9A購01,0,0,0,0,0,0,0,0,0,-6000,0,0,0,0,6000,-6000,-6000
04552P,南電元大94售06  ,0,0,0,0,0,0,0,0,0,-6000,0,0,0,14000,20000,-6000,-6000
03660C,元油2X富邦02牛04,0,0,0,0,0,0,0,0,0,-6000,0,0,0,0,6000,-6000,-6000
045627,聯電凱基93購03  ,0,0,0,0,0,0,0,0,0,-6000,0,0,0,0,6000,-6000,-6000
03957P,創意統一94售02  ,0,0,0,0,0,0,0,0,0,-6000,0,0,0,0,6000,-6000,-6000
046178,聯發科日盛92購01,0,0,0,0,0,0,0,0,0,-6000,0,0,0,0,6000,-6000,-6000
048630,南亞元大93購01  ,0,0,0,0,0,0,0,0,0,-6000,0,0,0,40000,46000,-6000,-6000
047676,臺股指元富99購01,0,0,0,0,0,0,0,0,0,-6000,0,0,0,50000,56000,-6000,-6000
048530,大立光國票93購04,0,0,0,0,0,0,0,0,0,-6000,0,0,0,0,6000,-6000,-6000
048522,A50正2元富95購02,0,0,0,0,0,0,0,0,0,-6000,0,0,0,0,6000,-6000,-6000
048197,義隆元大93購04  ,0,0,0,0,0,0,0,0,0,-6000,0,0,0,20000,26000,-6000,-6000
048206,臺股指元大93購40,0,0,0,0,0,0,0,0,0,-6000,0,0,0,0,6000,-6000,-6000
048702,正文國票95購01  ,0,0,0,0,0,0,0,0,0,-6000,0,0,0,0,6000,-6000,-6000
051239,國巨元大96購02  ,0,0,0,0,0,0,0,0,0,-6000,0,0,0,4000,10000,-6000,-6000
051953,矽力元富95購03  ,0,0,0,0,0,0,0,0,0,-6000,0,0,0,3000,9000,-6000,-6000
049139,台積電元大94購06,0,0,0,0,0,0,0,0,0,-6000,0,0,0,451000,457000,-6000,-6000
050093,國巨永豐94購05  ,0,0,0,0,0,0,0,0,0,-6000,0,0,0,23000,29000,-6000,-6000
051815,百和凱基96購01  ,0,0,0,0,0,0,0,0,0,-6000,0,0,0,0,6000,-6000,-6000
05182P,嘉晶統一95售03  ,0,0,0,0,0,0,0,0,0,-6000,0,0,0,61000,67000,-6000,-6000
052440,上証2X元大95購02,0,0,0,0,0,0,0,0,0,-6000,0,0,0,0,6000,-6000,-6000
052565,上銀凱基96購01  ,0,0,0,0,0,0,0,0,0,-6000,0,0,0,45000,51000,-6000,-6000
049038,高鐵兆豐94購01  ,0,0,0,0,0,0,0,0,0,-6000,0,0,0,0,6000,-6000,-6000
050138,台表科國票95購02,0,0,0,0,0,0,0,0,0,-6000,0,0,0,0,6000,-6000,-6000
051653,南電永豐95購02  ,0,0,0,0,0,0,0,0,0,-6000,0,0,0,0,6000,-6000,-6000
050211,貿聯國票95購01  ,0,0,0,0,0,0,0,0,0,-6000,0,0,0,10000,16000,-6000,-6000
051250,大立光元大98購01,0,0,0,0,0,0,0,0,0,-6000,0,0,0,5000,11000,-6000,-6000
051537,牧德國票96購01  ,0,0,0,0,0,0,0,0,0,-6000,0,0,0,0,6000,-6000,-6000
04962P,易華電凱基96售01,0,0,0,0,0,0,0,0,0,-6000,0,0,0,0,6000,-6000,-6000
050537,鴻海凱基95購05  ,0,0,0,0,0,0,0,0,0,-6000,0,0,0,11000,17000,-6000,-6000
050587,緯穎國票94購02  ,0,0,0,0,0,0,0,0,0,-6000,0,0,0,13000,19000,-6000,-6000
049904,矽力元富94購01  ,0,0,0,0,0,0,0,0,0,-6000,0,0,0,4000,10000,-6000,-6000
049507,和大凱基94購01  ,0,0,0,0,0,0,0,0,0,-6000,0,0,0,0,6000,-6000,-6000
04994P,大成鋼凱基95售01,0,0,0,0,0,0,0,0,0,-6000,0,0,0,0,6000,-6000,-6000
049356,台積電富邦94購05,0,0,0,0,0,0,0,0,0,-6000,0,0,0,77000,83000,-6000,-6000
049318,樺漢凱基94購01  ,0,0,0,0,0,0,0,0,0,-6000,0,0,0,7000,13000,-6000,-6000
054748,正文凱基98購01  ,0,0,0,0,0,0,0,0,0,-6000,0,0,0,0,6000,-6000,-6000
054500,美律永豐96購02  ,0,0,0,0,0,0,0,0,0,-6000,0,0,0,4000,10000,-6000,-6000
054520,健鼎元大96購02  ,0,0,0,0,0,0,0,0,0,-6000,0,0,0,0,6000,-6000,-6000
054102,百和國票97購04  ,0,0,0,0,0,0,0,0,0,-6000,0,0,0,0,6000,-6000,-6000
053652,友達凱基98購04  ,0,0,0,0,0,0,0,0,0,-6000,0,0,0,0,6000,-6000,-6000
053475,華新科元大96購05,0,0,0,0,0,0,0,0,0,-6000,0,0,0,0,6000,-6000,-6000
053568,智伸科富邦98購01,0,0,0,0,0,0,0,0,0,-6000,0,0,0,128000,134000,-6000,-6000
053638,信邦永豐96購01  ,0,0,0,0,0,0,0,0,0,-6000,0,0,0,4000,10000,-6000,-6000
053616,奇力新群益97購01,0,0,0,0,0,0,0,0,0,-6000,0,0,0,120000,126000,-6000,-6000
053289,臺股指元大96購17,0,0,0,0,0,0,0,0,0,-6000,0,0,0,10000,16000,-6000,-6000
053129,緯穎凱基96購01  ,0,0,0,0,0,0,0,0,0,-6000,0,0,0,18000,24000,-6000,-6000
6189,豐藝            ,19000,25000,-6000,0,0,0,0,0,0,0,0,0,0,0,0,0,-6000
1338,廣華-KY         ,5000,10000,-5000,0,0,0,0,0,0,-1000,0,1000,-1000,0,0,0,-6000
1321,大洋            ,2000,8000,-6000,0,0,0,0,0,0,0,0,0,0,0,0,0,-6000
1312A,國喬特          ,0,0,0,0,0,0,0,0,0,-6000,2000,8000,-6000,0,0,0,-6000
1446,宏和            ,2000,7000,-5000,0,0,0,0,0,0,-1000,0,1000,-1000,0,0,0,-6000
06444P,大立光凱基98售08,0,0,0,0,0,0,0,0,0,-6000,0,0,0,13000,19000,-6000,-6000
2305,全友            ,0,4000,-4000,0,0,0,0,0,0,-2000,0,2000,-2000,0,0,0,-6000
2545,皇翔            ,14000,20000,-6000,0,0,0,0,0,0,0,0,0,0,0,0,0,-6000
4912,聯德控股-KY     ,3000,8000,-5000,0,0,0,0,0,0,-1000,0,1000,-1000,0,0,0,-6000
3028,增你強          ,17000,23000,-6000,0,0,0,0,0,0,0,0,0,0,0,0,0,-6000
3257,虹冠電          ,7000,12000,-5000,0,0,0,0,0,0,-1000,0,1000,-1000,0,0,0,-6000
057482,微星元大98購03  ,0,0,0,0,0,0,0,0,0,-7000,0,0,0,10000,17000,-7000,-7000
057545,國巨凱基99購05  ,0,0,0,0,0,0,0,0,0,-7000,0,0,0,0,7000,-7000,-7000
06069P,台積電永豐97售01,0,0,0,0,0,0,0,0,0,-7000,0,0,0,1065000,1072000,-7000,-7000
056683,台積電統一98購05,0,0,0,0,0,0,0,0,0,-7000,0,0,0,5000,12000,-7000,-7000
056892,旺宏元大9A購02  ,0,0,0,0,0,0,0,0,0,-7000,0,0,0,5000,12000,-7000,-7000
056893,智邦元大98購02  ,0,0,0,0,0,0,0,0,0,-7000,0,0,0,131000,138000,-7000,-7000
056367,祥碩元大98購01  ,0,0,0,0,0,0,0,0,0,-7000,0,0,0,1000,8000,-7000,-7000
056465,臺股指凱基99購07,0,0,0,0,0,0,0,0,0,-7000,0,0,0,0,7000,-7000,-7000
056472,美律元大99購03  ,0,0,0,0,0,0,0,0,0,-7000,0,0,0,17000,24000,-7000,-7000
056416,華新科中信98購01,0,0,0,0,0,0,0,0,0,-7000,0,0,0,62000,69000,-7000,-7000
056093,大毅元富97購01  ,0,0,0,0,0,0,0,0,0,-7000,0,0,0,13000,20000,-7000,-7000
055459,建準永豐97購03  ,0,0,0,0,0,0,0,0,0,-7000,0,0,0,30000,37000,-7000,-7000
055691,訊芯凱基97購02  ,0,0,0,0,0,0,0,0,0,-7000,0,0,0,0,7000,-7000,-7000
051340,健策永豐95購03  ,0,0,0,0,0,0,0,0,0,-7000,0,0,0,109000,116000,-7000,-7000
05110P,上銀統一95售01  ,0,0,0,0,0,0,0,0,0,-7000,0,0,0,23000,30000,-7000,-7000
047992,東陽元大96購01  ,0,0,0,0,0,0,0,0,0,-7000,0,0,0,0,7000,-7000,-7000
04833P,鴻海元大94售16  ,0,0,0,0,0,0,0,0,0,-7000,0,0,0,45000,52000,-7000,-7000
048199,大立光元大94購03,0,0,0,0,0,0,0,0,0,-7000,0,0,0,5000,12000,-7000,-7000
047634,亞德客元大93購01,0,0,0,0,0,0,0,0,0,-7000,0,0,0,31000,38000,-7000,-7000
047761,亞德客元大93購02,0,0,0,0,0,0,0,0,0,-7000,0,0,0,3000,10000,-7000,-7000
04345P,景碩國泰94售02  ,0,0,0,0,0,0,0,0,0,-7000,0,0,0,0,7000,-7000,-7000
044898,旺宏凱基93購01  ,0,0,0,0,0,0,0,0,0,-7000,0,0,0,32000,39000,-7000,-7000
04203P,超眾元大93售04  ,0,0,0,0,0,0,0,0,0,-7000,0,0,0,10000,17000,-7000,-7000
00689R,國泰20年美債反1 ,0,0,0,0,0,0,0,0,0,-7000,0,0,0,101000,108000,-7000,-7000
00654R,富邦印度反1     ,0,15000,-15000,0,0,0,0,0,0,8000,0,0,0,8000,0,8000,-7000
03619C,臺股指元大95牛02,0,0,0,0,0,0,0,0,0,-7000,0,0,0,0,7000,-7000,-7000
050740,旺宏永豐94購03  ,0,0,0,0,0,0,0,0,0,-7000,0,0,0,76000,83000,-7000,-7000
048850,聯電群益96購01  ,0,0,0,0,0,0,0,0,0,-7000,0,0,0,33000,40000,-7000,-7000
051601,群創兆豐95購02  ,0,0,0,0,0,0,0,0,0,-7000,0,0,0,0,7000,-7000,-7000
051381,玉晶光群益98購01,0,0,0,0,0,0,0,0,0,-7000,0,0,0,26000,33000,-7000,-7000
049897,華新科統一94購07,0,0,0,0,0,0,0,0,0,-7000,0,0,0,16000,23000,-7000,-7000
052024,臺股指永豐95購04,0,0,0,0,0,0,0,0,0,-7000,0,0,0,0,7000,-7000,-7000
052042,台積電日盛95購02,0,0,0,0,0,0,0,0,0,-7000,0,0,0,33000,40000,-7000,-7000
050536,亞泥凱基95購01  ,0,0,0,0,0,0,0,0,0,-7000,0,0,0,3000,10000,-7000,-7000
050890,南電富邦99購01  ,0,0,0,0,0,0,0,0,0,-7000,0,0,0,0,7000,-7000,-7000
050179,全新元大96購02  ,0,0,0,0,0,0,0,0,0,-7000,0,0,0,0,7000,-7000,-7000
052487,國巨國票96購07  ,0,0,0,0,0,0,0,0,0,-7000,0,0,0,3000,10000,-7000,-7000
051823,矽力元富95購02  ,0,0,0,0,0,0,0,0,0,-7000,0,0,0,0,7000,-7000,-7000
052985,美律元大96購02  ,0,0,0,0,0,0,0,0,0,-7000,0,0,0,25000,32000,-7000,-7000
052859,國巨凱基96購07  ,0,0,0,0,0,0,0,0,0,-7000,0,0,0,109000,116000,-7000,-7000
052808,矽力元大96購02  ,0,0,0,0,0,0,0,0,0,-7000,0,0,0,0,7000,-7000,-7000
052795,健策兆豐97購01  ,0,0,0,0,0,0,0,0,0,-7000,0,0,0,0,7000,-7000,-7000
052597,茂林群益96購01  ,0,0,0,0,0,0,0,0,0,-7000,0,0,0,135000,142000,-7000,-7000
052680,T50反1元大96購04,0,0,0,0,0,0,0,0,0,-7000,0,0,0,8000,15000,-7000,-7000
053592,亞光元大96購01  ,0,0,0,0,0,0,0,0,0,-7000,0,0,0,25000,32000,-7000,-7000
053750,致伸永豐96購02  ,0,0,0,0,0,0,0,0,0,-7000,0,0,0,43000,50000,-7000,-7000
053774,台達電元大96購04,0,0,0,0,0,0,0,0,0,-7000,0,0,0,4000,11000,-7000,-7000
054503,京鼎永豐96購04  ,0,0,0,0,0,0,0,0,0,-7000,0,0,0,4000,11000,-7000,-7000
054755,世紀鋼凱基98購01,0,0,0,0,0,0,0,0,0,-7000,0,0,0,26000,33000,-7000,-7000
054710,東元元富97購01  ,0,0,0,0,0,0,0,0,0,-7000,0,0,0,3000,10000,-7000,-7000
054851,樺漢兆豐97購01  ,0,0,0,0,0,0,0,0,0,-7000,0,0,0,46000,53000,-7000,-7000
3060,銘異            ,0,7000,-7000,0,0,0,0,0,0,0,0,0,0,0,0,0,-7000
2908,特力            ,4000,11000,-7000,0,0,0,0,0,0,0,0,0,0,0,0,0,-7000
2911,麗嬰房          ,0,7000,-7000,0,0,0,0,0,0,0,0,0,0,0,0,0,-7000
1810,和成            ,0,4000,-4000,0,0,0,0,0,0,-3000,0,3000,-3000,0,0,0,-7000
1615,大山            ,5000,2000,3000,0,0,0,0,0,0,-10000,0,10000,-10000,0,0,0,-7000
06403P,鴻海元富97售15  ,0,0,0,0,0,0,0,0,0,-7000,0,0,0,8000,15000,-7000,-7000
06218P,鴻海元富97售06  ,0,0,0,0,0,0,0,0,0,-7000,0,0,0,3000,10000,-7000,-7000
06546P,聯發科元大98售05,0,0,0,0,0,0,0,0,0,-7000,0,0,0,0,7000,-7000,-7000
06549P,大立光元大98售11,0,0,0,0,0,0,0,0,0,-7000,0,0,0,0,7000,-7000,-7000
06670P,鴻海群益98售06  ,0,0,0,0,0,0,0,0,0,-7000,0,0,0,0,7000,-7000,-7000
06697P,台積電國票99售05,0,0,0,0,0,0,0,0,0,-7000,0,0,0,0,7000,-7000,-7000
6226,光鼎            ,36000,42000,-6000,0,0,0,0,0,0,-1000,0,1000,-1000,0,0,0,-7000
055661,亞德客中信98購01,0,0,0,0,0,0,0,0,0,-8000,0,0,0,314000,322000,-8000,-8000
055318,華通國票98購01  ,0,0,0,0,0,0,0,0,0,-8000,0,0,0,21000,29000,-8000,-8000
055470,南亞科凱基97購01,0,0,0,0,0,0,0,0,0,-8000,0,0,0,25000,33000,-8000,-8000
05549P,臺股指元大96售03,0,0,0,0,0,0,0,0,0,-8000,0,0,0,12000,20000,-8000,-8000
056076,超眾元大97購05  ,0,0,0,0,0,0,0,0,0,-8000,0,0,0,27000,35000,-8000,-8000
056431,鴻海凱基98購07  ,0,0,0,0,0,0,0,0,0,-8000,0,0,0,2000,10000,-8000,-8000
056385,創意國泰99購01  ,0,0,0,0,0,0,0,0,0,-8000,0,0,0,2000,10000,-8000,-8000
056338,聯發科凱基99購01,0,0,0,0,0,0,0,0,0,-8000,0,0,0,5000,13000,-8000,-8000
056992,祥碩兆豐98購01  ,0,0,0,0,0,0,0,0,0,-8000,0,0,0,12000,20000,-8000,-8000
057020,台積電凱基99購02,0,0,0,0,0,0,0,0,0,-8000,0,0,0,0,8000,-8000,-8000
057180,華新科元大99購08,0,0,0,0,0,0,0,0,0,-8000,0,0,0,97000,105000,-8000,-8000
057190,立積元大9A購02  ,0,0,0,0,0,0,0,0,0,-8000,0,0,0,0,8000,-8000,-8000
056736,國巨凱基99購03  ,0,0,0,0,0,0,0,0,0,-8000,0,0,0,0,8000,-8000,-8000
056800,臺股指麥證98購01,0,0,0,2000,10000,-8000,0,0,0,-8000,0,0,0,2000,10000,-8000,-8000
056772,欣興元大99購01  ,0,0,0,0,0,0,0,0,0,-8000,0,0,0,52000,60000,-8000,-8000
06114P,台積電統一97售03,0,0,0,0,0,0,0,0,0,-8000,0,0,0,0,8000,-8000,-8000
06023P,超眾國票96售03  ,0,0,0,0,0,0,0,0,0,-8000,0,0,0,0,8000,-8000,-8000
057506,聯鈞國票99購02  ,0,0,0,0,0,0,0,0,0,-8000,0,0,0,0,8000,-8000,-8000
05745P,富邦金兆豐96售02,0,0,0,0,0,0,0,0,0,-8000,0,0,0,0,8000,-8000,-8000
057438,禾伸堂國票99購01,0,0,0,0,0,0,0,0,0,-8000,0,0,0,4000,12000,-8000,-8000
057331,台積電國票99購04,0,0,0,0,0,0,0,0,0,-8000,0,0,0,10000,18000,-8000,-8000
035275,台積電台新97購01,0,0,0,0,0,0,0,0,0,-8000,0,0,0,0,8000,-8000,-8000
03038X,元展35          ,0,0,0,0,0,0,0,0,0,-8000,0,0,0,0,8000,-8000,-8000
04449P,智邦凱基94售01  ,0,0,0,0,0,0,0,0,0,-8000,0,0,0,2000,10000,-8000,-8000
04618P,電子類群益94售02,0,0,0,0,0,0,0,0,0,-8000,0,0,0,4000,12000,-8000,-8000
048652,巨大元大96購01  ,0,0,0,0,0,0,0,0,0,-8000,0,0,0,0,8000,-8000,-8000
048122,台達電元大96購02,0,0,0,0,0,0,0,0,0,-8000,0,0,0,0,8000,-8000,-8000
048781,臺股指凱基96購01,0,0,0,0,0,0,0,0,0,-8000,0,0,0,50000,58000,-8000,-8000
04699P,臺股指元富94售05,0,0,0,0,0,0,0,0,0,-8000,0,0,0,0,8000,-8000,-8000
051207,聯茂麥證95購01  ,0,0,0,42000,50000,-8000,0,0,0,-8000,0,0,0,42000,50000,-8000,-8000
052146,泰碩群益95購01  ,0,0,0,0,0,0,0,0,0,-8000,0,0,0,3000,11000,-8000,-8000
052152,創意富邦98購01  ,0,0,0,0,0,0,0,0,0,-8000,0,0,0,0,8000,-8000,-8000
052551,台積電國票97購03,0,0,0,0,0,0,0,0,0,-8000,0,0,0,0,8000,-8000,-8000
052528,茂林元大95購05  ,0,0,0,0,0,0,0,0,0,-8000,0,0,0,62000,70000,-8000,-8000
052383,臺股指元大95購29,0,0,0,0,0,0,0,0,0,-8000,0,0,0,0,8000,-8000,-8000
052362,瑞昱國票96購02  ,0,0,0,0,0,0,0,0,0,-8000,0,0,0,0,8000,-8000,-8000
052286,力成凱基95購02  ,0,0,0,0,0,0,0,0,0,-8000,0,0,0,0,8000,-8000,-8000
05024P,華通國票96售01  ,0,0,0,0,0,0,0,0,0,-8000,0,0,0,2000,10000,-8000,-8000
050481,泰鼎國票96購01  ,0,0,0,0,0,0,0,0,0,-8000,0,0,0,102000,110000,-8000,-8000
049679,臺股指國票94購12,0,0,0,0,0,0,0,0,0,-8000,0,0,0,0,8000,-8000,-8000
049909,國巨元大95購01  ,0,0,0,0,0,0,0,0,0,-8000,0,0,0,5000,13000,-8000,-8000
049874,全新康和94購01  ,0,0,0,0,0,0,0,0,0,-8000,0,0,0,0,8000,-8000,-8000
049316,茂林凱基94購02  ,0,0,0,0,0,0,0,0,0,-8000,0,0,0,2000,10000,-8000,-8000
054909,福懋科康和97購01,0,0,0,0,0,0,0,0,0,-8000,0,0,0,4000,12000,-8000,-8000
055239,帆宣台新97購01  ,0,0,0,0,0,0,0,0,0,-8000,0,0,0,116000,124000,-8000,-8000
055279,華邦電元大97購02,0,0,0,0,0,0,0,0,0,-8000,0,0,0,2000,10000,-8000,-8000
053714,南亞科凱基96購03,0,0,0,0,0,0,0,0,0,-8000,0,0,0,0,8000,-8000,-8000
053847,美律元富96購02  ,0,0,0,0,0,0,0,0,0,-8000,0,0,0,2000,10000,-8000,-8000
053889,致茂群益97購01  ,0,0,0,0,0,0,0,0,0,-8000,0,0,0,30000,38000,-8000,-8000
05356P,臺股指元富95售10,0,0,0,0,0,0,0,0,0,-8000,0,0,0,5000,13000,-8000,-8000
053620,臺股指群益96購06,0,0,0,0,0,0,0,0,0,-8000,0,0,0,11000,19000,-8000,-8000
053482,矽力元大96購03  ,0,0,0,0,0,0,0,0,0,-8000,0,0,0,0,8000,-8000,-8000
053494,南亞科兆豐96購02,0,0,0,0,0,0,0,0,0,-8000,0,0,0,12000,20000,-8000,-8000
053300,大成鋼凱基96購02,0,0,0,0,0,0,0,0,0,-8000,0,0,0,2000,10000,-8000,-8000
052724,力成統一97購01  ,0,0,0,0,0,0,0,0,0,-8000,0,0,0,1000,9000,-8000,-8000
05287P,鴻海元富95售09  ,0,0,0,0,0,0,0,0,0,-8000,0,0,0,92000,100000,-8000,-8000
052987,華新科元大99購01,0,0,0,0,0,0,0,0,0,-8000,0,0,0,0,8000,-8000,-8000
053248,智伸科國票97購01,0,0,0,0,0,0,0,0,0,-8000,0,0,0,12000,20000,-8000,-8000
9942,茂順            ,1000,9000,-8000,0,0,0,0,0,0,0,0,0,0,0,0,0,-8000
06623P,立積元大98售04  ,0,0,0,0,0,0,0,0,0,-8000,0,0,0,40000,48000,-8000,-8000
1522,堤維西          ,33000,41000,-8000,0,0,0,0,0,0,0,0,0,0,0,0,0,-8000
06314P,GIS元富97售02   ,0,0,0,0,0,0,0,0,0,-8000,0,0,0,28000,36000,-8000,-8000
2548,華固            ,85000,138000,-53000,0,0,0,0,0,0,45000,47000,3000,44000,3000,2000,1000,-8000
2514,龍邦            ,1000,9000,-8000,0,0,0,0,0,0,0,0,0,0,0,0,0,-8000
2417,圓剛            ,206000,212000,-6000,0,0,0,0,0,0,-2000,0,2000,-2000,0,0,0,-8000
2390,云辰            ,273000,279000,-6000,0,0,0,0,0,0,-2000,0,2000,-2000,0,0,0,-8000
3013,晟銘電          ,12000,0,12000,0,0,0,0,0,0,-20000,0,20000,-20000,0,0,0,-8000
2705,六福            ,0,7000,-7000,0,0,0,0,0,0,-1000,0,1000,-1000,0,0,0,-8000
4930,燦星網          ,2000,10000,-8000,0,0,0,0,0,0,0,0,0,0,0,0,0,-8000
6115,鎰勝            ,3000,11000,-8000,0,0,0,0,0,0,0,0,0,0,0,0,0,-8000
057244,鈺齊凱基99購01  ,0,0,0,0,0,0,0,0,0,-9000,0,0,0,7000,16000,-9000,-9000
057270,遠東新元大98購01,0,0,0,0,0,0,0,0,0,-9000,0,0,0,0,9000,-9000,-9000
06113P,台積電群益97售01,0,0,0,0,0,0,0,0,0,-9000,0,0,0,323000,332000,-9000,-9000
056737,國巨凱基9A購01  ,0,0,0,0,0,0,0,0,0,-9000,0,0,0,0,9000,-9000,-9000
056738,國巨凱基9A購02  ,0,0,0,0,0,0,0,0,0,-9000,0,0,0,0,9000,-9000,-9000
056735,國巨凱基99購02  ,0,0,0,0,0,0,0,0,0,-9000,0,0,0,0,9000,-9000,-9000
056670,樺漢國票99購01  ,0,0,0,0,0,0,0,0,0,-9000,0,0,0,10000,19000,-9000,-9000
05664P,國巨凱基96售09  ,0,0,0,0,0,0,0,0,0,-9000,0,0,0,0,9000,-9000,-9000
05662P,景碩元富96售01  ,0,0,0,0,0,0,0,0,0,-9000,0,0,0,31000,40000,-9000,-9000
056161,康控凱基98購02  ,0,0,0,0,0,0,0,0,0,-9000,0,0,0,150000,159000,-9000,-9000
055481,聚陽元大97購01  ,0,0,0,0,0,0,0,0,0,-9000,0,0,0,0,9000,-9000,-9000
055346,國巨凱基98購02  ,0,0,0,0,0,0,0,0,0,-9000,0,0,0,158000,167000,-9000,-9000
05093P,可成元大95售03  ,0,0,0,0,0,0,0,0,0,-9000,0,0,0,170000,179000,-9000,-9000
050986,上証2X永昌97購01,0,0,0,0,0,0,0,0,0,-9000,0,0,0,0,9000,-9000,-9000
047928,禾伸堂凱基93購04,0,0,0,0,0,0,0,0,0,-9000,0,0,0,1000,10000,-9000,-9000
046919,大毅永豐93購01  ,0,0,0,0,0,0,0,0,0,-9000,0,0,0,17000,26000,-9000,-9000
048345,緯創元大94購01  ,0,0,0,0,0,0,0,0,0,-9000,0,0,0,0,9000,-9000,-9000
048839,牧德凱基95購01  ,0,0,0,0,0,0,0,0,0,-9000,0,0,0,83000,92000,-9000,-9000
048416,台達電統一93購02,0,0,0,0,0,0,0,0,0,-9000,0,0,0,1000,10000,-9000,-9000
047637,旺宏元大94購03  ,0,0,0,0,0,0,0,0,0,-9000,0,0,0,108000,117000,-9000,-9000
044016,義隆凱基93購01  ,0,0,0,0,0,0,0,0,0,-9000,0,0,0,42000,51000,-9000,-9000
045626,上銀凱基93購05  ,0,0,0,0,0,0,0,0,0,-9000,0,0,0,21000,30000,-9000,-9000
049600,緯穎元大95購02  ,0,0,0,0,0,0,0,0,0,-9000,0,0,0,1000,10000,-9000,-9000
049668,大立光國泰96購02,0,0,0,0,0,0,0,0,0,-9000,0,0,0,227000,236000,-9000,-9000
050522,聯發科元大95購03,0,0,0,0,0,0,0,0,0,-9000,0,0,0,280000,289000,-9000,-9000
051539,瀚宇博國票97購01,0,0,0,0,0,0,0,0,0,-9000,0,0,0,31000,40000,-9000,-9000
050896,華新科元大96購02,0,0,0,0,0,0,0,0,0,-9000,0,0,0,5000,14000,-9000,-9000
051498,智易群益96購01  ,0,0,0,0,0,0,0,0,0,-9000,0,0,0,2000,11000,-9000,-9000
049772,臺股指元富94購01,0,0,0,0,0,0,0,0,0,-9000,0,0,0,0,9000,-9000,-9000
049970,康控國票95購03  ,0,0,0,0,0,0,0,0,0,-9000,0,0,0,20000,29000,-9000,-9000
052278,國巨凱基95購06  ,0,0,0,0,0,0,0,0,0,-9000,0,0,0,0,9000,-9000,-9000
052520,南亞科元大95購06,0,0,0,0,0,0,0,0,0,-9000,0,0,0,1000,10000,-9000,-9000
051876,宏達電國票96購01,0,0,0,0,0,0,0,0,0,-9000,0,0,0,111000,120000,-9000,-9000
050077,臺股指凱基99購02,0,0,0,0,0,0,0,0,0,-9000,0,0,0,6000,15000,-9000,-9000
049170,亞德客凱基94購01,0,0,0,0,0,0,0,0,0,-9000,0,0,0,42000,51000,-9000,-9000
052882,南電凱基96購02  ,0,0,0,0,0,0,0,0,0,-9000,0,0,0,11000,20000,-9000,-9000
052787,國巨中信96購02  ,0,0,0,0,0,0,0,0,0,-9000,0,0,0,2000,11000,-9000,-9000
053323,群創群益98購07  ,0,0,0,0,0,0,0,0,0,-9000,0,0,0,64000,73000,-9000,-9000
053595,創意元大96購02  ,0,0,0,0,0,0,0,0,0,-9000,0,0,0,1000,10000,-9000,-9000
053990,晶技兆豐96購01  ,0,0,0,0,0,0,0,0,0,-9000,0,0,0,134000,143000,-9000,-9000
053905,華新科凱基96購10,0,0,0,0,0,0,0,0,0,-9000,0,0,0,25000,34000,-9000,-9000
053756,亞光元富96購02  ,0,0,0,0,0,0,0,0,0,-9000,0,0,0,41000,50000,-9000,-9000
054809,大成鋼元大97購01,0,0,0,0,0,0,0,0,0,-9000,0,0,0,52000,61000,-9000,-9000
05435P,鴻海群益95售12  ,0,0,0,0,0,0,0,0,0,-9000,0,0,0,1000,10000,-9000,-9000
054159,T50正2凱基99購01,0,0,0,0,0,0,0,0,0,-9000,0,0,0,77000,86000,-9000,-9000
2838A,聯邦銀甲特      ,0,0,0,0,0,0,0,0,0,-9000,1000,10000,-9000,0,0,0,-9000
3003,健和興          ,14000,23000,-9000,0,0,0,0,0,0,0,0,0,0,0,0,0,-9000
3010,華立            ,11000,20000,-9000,0,0,0,0,0,0,0,0,0,0,0,0,0,-9000
1730,花仙子          ,17000,26000,-9000,0,0,0,0,0,0,0,1000,1000,0,0,0,0,-9000
06389P,聯發科兆豐97售01,0,0,0,0,0,0,0,0,0,-9000,0,0,0,0,9000,-9000,-9000
06282P,聯鈞永豐97售02  ,0,0,0,0,0,0,0,0,0,-9000,0,0,0,4000,13000,-9000,-9000
06188P,大立光元富97售01,0,0,0,0,0,0,0,0,0,-9000,0,0,0,1000,10000,-9000,-9000
9941A,裕融甲特        ,0,0,0,0,0,0,0,0,0,-9000,1000,10000,-9000,0,0,0,-9000
055341,台達電凱基97購02,0,0,0,0,0,0,0,0,0,-10000,0,0,0,33000,43000,-10000,-10000
055354,宏達電凱基98購01,0,0,0,0,0,0,0,0,0,-10000,0,0,0,10000,20000,-10000,-10000
055374,明泰元大97購01  ,0,0,0,0,0,0,0,0,0,-10000,0,0,0,0,10000,-10000,-10000
055432,臻鼎群益97購02  ,0,0,0,0,0,0,0,0,0,-10000,0,0,0,10000,20000,-10000,-10000
055501,創意元大97購01  ,0,0,0,0,0,0,0,0,0,-10000,0,0,0,50000,60000,-10000,-10000
055556,奇力新凱基98購03,0,0,0,0,0,0,0,0,0,-10000,0,0,0,0,10000,-10000,-10000
055548,旺宏凱基97購02  ,0,0,0,0,0,0,0,0,0,-10000,0,0,0,5000,15000,-10000,-10000
055551,致茂凱基98購01  ,0,0,0,0,0,0,0,0,0,-10000,0,0,0,17000,27000,-10000,-10000
05564P,玉晶光元大97售02,0,0,0,0,0,0,0,0,0,-10000,0,0,0,20000,30000,-10000,-10000
055710,亞德客元大97購03,0,0,0,0,0,0,0,0,0,-10000,0,0,0,307000,317000,-10000,-10000
055740,智易元富97購01  ,0,0,0,0,0,0,0,0,0,-10000,0,0,0,0,10000,-10000,-10000
055826,中石化元大97購01,0,0,0,0,0,0,0,0,0,-10000,0,0,0,0,10000,-10000,-10000
055775,友達凱基9A購01  ,0,0,0,0,0,0,0,0,0,-10000,0,0,0,0,10000,-10000,-10000
055817,京鼎國票99購01  ,0,0,0,0,0,0,0,0,0,-10000,0,0,0,100000,110000,-10000,-10000
055909,大成鋼凱基98購02,0,0,0,0,0,0,0,0,0,-10000,0,0,0,0,10000,-10000,-10000
055871,群創台新97購02  ,0,0,0,0,0,0,0,0,0,-10000,0,0,0,0,10000,-10000,-10000
055878,泰碩元富97購02  ,0,0,0,0,0,0,0,0,0,-10000,0,0,0,0,10000,-10000,-10000
055917,禾伸堂凱基98購02,0,0,0,0,0,0,0,0,0,-10000,0,0,0,10000,20000,-10000,-10000
055936,彩晶群益98購02  ,0,0,0,0,0,0,0,0,0,-10000,0,0,0,0,10000,-10000,-10000
056179,康友元富97購02  ,0,0,0,0,0,0,0,0,0,-10000,0,0,0,10000,20000,-10000,-10000
056144,GIS元大98購01   ,0,0,0,0,0,0,0,0,0,-10000,0,0,0,0,10000,-10000,-10000
056147,鴻海日盛97購05  ,0,0,0,0,0,0,0,0,0,-10000,0,0,0,0,10000,-10000,-10000
056156,禾伸堂凱基98購04,0,0,0,0,0,0,0,0,0,-10000,0,0,0,50000,60000,-10000,-10000
056114,台達電群益97購02,0,0,0,0,0,0,0,0,0,-10000,0,0,0,0,10000,-10000,-10000
056209,超眾永豐97購02  ,0,0,0,0,0,0,0,0,0,-10000,0,0,0,0,10000,-10000,-10000
056094,大立光元富97購03,0,0,0,0,0,0,0,0,0,-10000,0,0,0,10000,20000,-10000,-10000
056029,國巨麥證98購01  ,0,0,0,30000,40000,-10000,0,0,0,-10000,0,0,0,30000,40000,-10000,-10000
05602P,國巨元大96售06  ,0,0,0,0,0,0,0,0,0,-10000,0,0,0,0,10000,-10000,-10000
056030,華通日盛97購01  ,0,0,0,0,0,0,0,0,0,-10000,0,0,0,0,10000,-10000,-10000
05605P,嘉聯益元大97售02,0,0,0,0,0,0,0,0,0,-10000,0,0,0,0,10000,-10000,-10000
056012,勤誠中信99購01  ,0,0,0,0,0,0,0,0,0,-10000,0,0,0,0,10000,-10000,-10000
056325,群創兆豐9A購01  ,0,0,0,0,0,0,0,0,0,-10000,0,0,0,0,10000,-10000,-10000
056304,創意元大97購03  ,0,0,0,0,0,0,0,0,0,-10000,0,0,0,0,10000,-10000,-10000
05627P,致伸國票97售01  ,0,0,0,0,0,0,0,0,0,-10000,0,0,0,0,10000,-10000,-10000
056375,玉晶光統一01購01,0,0,0,0,0,0,0,0,0,-10000,0,0,0,0,10000,-10000,-10000
056336,南亞科凱基98購02,0,0,0,0,0,0,0,0,0,-10000,0,0,0,34000,44000,-10000,-10000
056490,台積電國泰99購01,0,0,0,0,0,0,0,0,0,-10000,0,0,0,0,10000,-10000,-10000
056506,晶豪科永豐98購02,0,0,0,0,0,0,0,0,0,-10000,0,0,0,0,10000,-10000,-10000
056620,華新科永豐98購02,0,0,0,0,0,0,0,0,0,-10000,0,0,0,5000,15000,-10000,-10000
056567,瀚宇博群益98購02,0,0,0,0,0,0,0,0,0,-10000,0,0,0,10000,20000,-10000,-10000
056654,元油2X元大98購02,0,0,0,0,0,0,0,0,0,-10000,0,0,0,30000,40000,-10000,-10000
056705,超眾國泰99購01  ,0,0,0,0,0,0,0,0,0,-10000,0,0,0,0,10000,-10000,-10000
056734,國巨凱基99購01  ,0,0,0,0,0,0,0,0,0,-10000,0,0,0,0,10000,-10000,-10000
056731,國巨凱基98購04  ,0,0,0,0,0,0,0,0,0,-10000,0,0,0,0,10000,-10000,-10000
056752,國巨兆豐98購02  ,0,0,0,0,0,0,0,0,0,-10000,0,0,0,0,10000,-10000,-10000
056859,台積電群益98購02,0,0,0,0,0,0,0,0,0,-10000,0,0,0,503000,513000,-10000,-10000
057208,上海銀元富98購01,0,0,0,0,0,0,0,0,0,-10000,0,0,0,14000,24000,-10000,-10000
057205,元翎元富98購01  ,0,0,0,0,0,0,0,0,0,-10000,0,0,0,0,10000,-10000,-10000
057134,茂林凱基98購02  ,0,0,0,0,0,0,0,0,0,-10000,0,0,0,0,10000,-10000,-10000
057124,為升凱基98購02  ,0,0,0,0,0,0,0,0,0,-10000,0,0,0,20000,30000,-10000,-10000
057102,亞光中信9A購01  ,0,0,0,0,0,0,0,0,0,-10000,0,0,0,0,10000,-10000,-10000
057085,立積統一9B購02  ,0,0,0,0,0,0,0,0,0,-10000,0,0,0,0,10000,-10000,-10000
057040,國巨元大98購12  ,0,0,0,0,0,0,0,0,0,-10000,0,0,0,32000,42000,-10000,-10000
057044,旺宏元大98購08  ,0,0,0,0,0,0,0,0,0,-10000,0,0,0,5000,15000,-10000,-10000
057045,美律元大99購04  ,0,0,0,0,0,0,0,0,0,-10000,0,0,0,14000,24000,-10000,-10000
056979,微星群益98購01  ,0,0,0,0,0,0,0,0,0,-10000,0,0,0,0,10000,-10000,-10000
056905,欣興元大98購03  ,0,0,0,0,0,0,0,0,0,-10000,0,0,0,54000,64000,-10000,-10000
056927,T50反1台新02購01,0,0,0,0,0,0,0,0,0,-10000,0,0,0,110000,120000,-10000,-10000
056943,華通統一99購01  ,0,0,0,0,0,0,0,0,0,-10000,0,0,0,0,10000,-10000,-10000
06026P,華通台新97售01  ,0,0,0,0,0,0,0,0,0,-10000,0,0,0,0,10000,-10000,-10000
05990P,台積電群益96售13,0,0,0,0,0,0,0,0,0,-10000,0,0,0,0,10000,-10000,-10000
06000P,GIS元大96售04   ,0,0,0,0,0,0,0,0,0,-10000,0,0,0,0,10000,-10000,-10000
05794P,華邦電群益96售04,0,0,0,0,0,0,0,0,0,-10000,0,0,0,0,10000,-10000,-10000
05795P,華邦電群益96售05,0,0,0,0,0,0,0,0,0,-10000,0,0,0,0,10000,-10000,-10000
05829P,臺股指統一96售08,0,0,0,0,0,0,0,0,0,-10000,0,0,0,0,10000,-10000,-10000
05905P,晶技統一97售01  ,0,0,0,0,0,0,0,0,0,-10000,0,0,0,0,10000,-10000,-10000
05902P,華通國票96售02  ,0,0,0,0,0,0,0,0,0,-10000,0,0,0,0,10000,-10000,-10000
05855P,滬深2X中信9C售01,0,0,0,0,0,0,0,0,0,-10000,0,0,0,0,10000,-10000,-10000
05883P,致伸永豐96售03  ,0,0,0,0,0,0,0,0,0,-10000,0,0,0,0,10000,-10000,-10000
05932P,鴻海凱基96售16  ,0,0,0,0,0,0,0,0,0,-10000,0,0,0,0,10000,-10000,-10000
057323,智邦群益98購01  ,0,0,0,0,0,0,0,0,0,-10000,0,0,0,27000,37000,-10000,-10000
057361,元油2X元大98購11,0,0,0,0,0,0,0,0,0,-10000,0,0,0,0,10000,-10000,-10000
057467,祥碩永豐98購04  ,0,0,0,0,0,0,0,0,0,-10000,0,0,0,0,10000,-10000,-10000
057453,矽創元富98購01  ,0,0,0,0,0,0,0,0,0,-10000,0,0,0,0,10000,-10000,-10000
057406,茂林群益98購03  ,0,0,0,0,0,0,0,0,0,-10000,0,0,0,116000,126000,-10000,-10000
057400,全新群益9A購01  ,0,0,0,0,0,0,0,0,0,-10000,0,0,0,0,10000,-10000,-10000
057495,牧德元大99購04  ,0,0,0,0,0,0,0,0,0,-10000,0,0,0,107000,117000,-10000,-10000
057475,聯電元大9A購01  ,0,0,0,0,0,0,0,0,0,-10000,0,0,0,0,10000,-10000,-10000
057566,欣興富邦99購01  ,0,0,0,0,0,0,0,0,0,-10000,0,0,0,2000,12000,-10000,-10000
045700,道瓊指中信94購01,0,0,0,0,0,0,0,0,0,-10000,0,0,0,0,10000,-10000,-10000
045760,鴻海統一93購02  ,0,0,0,0,0,0,0,0,0,-10000,0,0,0,0,10000,-10000,-10000
045837,群創群益98購02  ,0,0,0,0,0,0,0,0,0,-10000,0,0,0,0,10000,-10000,-10000
04329P,TPK群益93售04   ,0,0,0,0,0,0,0,0,0,-10000,0,0,0,0,10000,-10000,-10000
04333P,儒鴻凱基93售06  ,0,0,0,0,0,0,0,0,0,-10000,0,0,0,0,10000,-10000,-10000
04584P,楠梓電永豐94售01,0,0,0,0,0,0,0,0,0,-10000,0,0,0,0,10000,-10000,-10000
03497P,金像電凱基02售06,0,0,0,0,0,0,0,0,0,-10000,0,0,0,110000,120000,-10000,-10000
045516,聯茂統一94購01  ,0,0,0,0,0,0,0,0,0,-10000,0,0,0,108000,118000,-10000,-10000
045484,聯電亞東94購01  ,0,0,0,0,0,0,0,0,0,-10000,0,0,0,0,10000,-10000,-10000
00652,富邦印度        ,11000,0,11000,0,0,0,0,0,0,-21000,0,0,0,0,21000,-21000,-10000
006203,元大MSCI台灣    ,0,1000,-1000,0,0,0,0,0,0,-9000,0,0,0,0,9000,-9000,-10000
042516,健策凱基93購01  ,0,0,0,0,0,0,0,0,0,-10000,0,0,0,0,10000,-10000,-10000
042558,瑞昱中信94購01  ,0,0,0,0,0,0,0,0,0,-10000,0,0,0,0,10000,-10000,-10000
03103P,聯發科元富01售02,0,0,0,0,0,0,0,0,0,-10000,0,0,0,0,10000,-10000,-10000
03956P,欣興統一93售02  ,0,0,0,0,0,0,0,0,0,-10000,0,0,0,73000,83000,-10000,-10000
041534,T50反1凱基96購01,0,0,0,0,0,0,0,0,0,-10000,0,0,0,0,10000,-10000,-10000
043784,鴻海凱基94購01  ,0,0,0,0,0,0,0,0,0,-10000,0,0,0,10000,20000,-10000,-10000
043605,創意元大93購01  ,0,0,0,0,0,0,0,0,0,-10000,0,0,0,0,10000,-10000,-10000
043660,華新科元大93購01,0,0,0,0,0,0,0,0,0,-10000,0,0,0,0,10000,-10000,-10000
046197,日月光凱基92購04,0,0,0,0,0,0,0,0,0,-10000,0,0,0,0,10000,-10000,-10000
046208,滬深2X元富95購03,0,0,0,0,0,0,0,0,0,-10000,0,0,0,0,10000,-10000,-10000
04612P,上銀群益94售01  ,0,0,0,0,0,0,0,0,0,-10000,0,0,0,0,10000,-10000,-10000
046137,遠東新統一92購01,0,0,0,0,0,0,0,0,0,-10000,0,0,0,0,10000,-10000,-10000
046148,友達中信94購01  ,0,0,0,0,0,0,0,0,0,-10000,0,0,0,20000,30000,-10000,-10000
046053,滬深2X群益94購01,0,0,0,0,0,0,0,0,0,-10000,0,0,0,0,10000,-10000,-10000
044466,和大群益93購01  ,0,0,0,0,0,0,0,0,0,-10000,0,0,0,30000,40000,-10000,-10000
04463P,可成元富94售03  ,0,0,0,0,0,0,0,0,0,-10000,0,0,0,0,10000,-10000,-10000
04472P,中環元大94售01  ,0,0,0,0,0,0,0,0,0,-10000,0,0,0,0,10000,-10000,-10000
045280,儒鴻富邦94購01  ,0,0,0,0,0,0,0,0,0,-10000,0,0,0,0,10000,-10000,-10000
045258,漢唐凱基93購01  ,0,0,0,0,0,0,0,0,0,-10000,0,0,0,0,10000,-10000,-10000
04477P,南電元大94售04  ,0,0,0,0,0,0,0,0,0,-10000,0,0,0,10000,20000,-10000,-10000
048645,創意元大94購02  ,0,0,0,0,0,0,0,0,0,-10000,0,0,0,0,10000,-10000,-10000
048683,日月光富邦93購01,0,0,0,0,0,0,0,0,0,-10000,0,0,0,0,10000,-10000,-10000
048672,日電貿永豐93購02,0,0,0,0,0,0,0,0,0,-10000,0,0,0,0,10000,-10000,-10000
048693,GIS群益94購02   ,0,0,0,0,0,0,0,0,0,-10000,0,0,0,0,10000,-10000,-10000
047480,全新凱基93購01  ,0,0,0,0,0,0,0,0,0,-10000,0,0,0,0,10000,-10000,-10000
047484,聯詠凱基93購03  ,0,0,0,0,0,0,0,0,0,-10000,0,0,0,0,10000,-10000,-10000
047511,義隆國票93購02  ,0,0,0,0,0,0,0,0,0,-10000,0,0,0,0,10000,-10000,-10000
04860P,鴻海群益94售07  ,0,0,0,0,0,0,0,0,0,-10000,0,0,0,0,10000,-10000,-10000
048616,智伸科凱基93購07,0,0,0,0,0,0,0,0,0,-10000,0,0,0,3000,13000,-10000,-10000
047445,創意元大93購04  ,0,0,0,0,0,0,0,0,0,-10000,0,0,0,0,10000,-10000,-10000
048598,瑞昱國票93購03  ,0,0,0,0,0,0,0,0,0,-10000,0,0,0,0,10000,-10000,-10000
048599,和鑫國票96購01  ,0,0,0,0,0,0,0,0,0,-10000,0,0,0,0,10000,-10000,-10000
047395,聯茂元大94購01  ,0,0,0,0,0,0,0,0,0,-10000,0,0,0,0,10000,-10000,-10000
047348,台光電凱基94購02,0,0,0,0,0,0,0,0,0,-10000,0,0,0,0,10000,-10000,-10000
04734P,上海銀兆豐94售02,0,0,0,0,0,0,0,0,0,-10000,0,0,0,0,10000,-10000,-10000
047372,創意國票94購01  ,0,0,0,0,0,0,0,0,0,-10000,0,0,0,0,10000,-10000,-10000
04427P,滬深2X元大97售02,0,0,0,0,0,0,0,0,0,-10000,0,0,0,10000,20000,-10000,-10000
044282,上銀凱基93購03  ,0,0,0,0,0,0,0,0,0,-10000,0,0,0,55000,65000,-10000,-10000
044376,日月光兆豐92購01,0,0,0,0,0,0,0,0,0,-10000,0,0,0,0,10000,-10000,-10000
044377,南茂兆豐93購01  ,0,0,0,0,0,0,0,0,0,-10000,0,0,0,0,10000,-10000,-10000
044129,群創凱基93購02  ,0,0,0,0,0,0,0,0,0,-10000,0,0,0,0,10000,-10000,-10000
044039,康控群益93購01  ,0,0,0,0,0,0,0,0,0,-10000,0,0,0,0,10000,-10000,-10000
045140,玉晶光兆豐93購02,0,0,0,0,0,0,0,0,0,-10000,0,0,0,0,10000,-10000,-10000
04504P,台積電元富94售04,0,0,0,0,0,0,0,0,0,-10000,0,0,0,0,10000,-10000,-10000
04766P,緯穎永豐94售02  ,0,0,0,0,0,0,0,0,0,-10000,0,0,0,0,10000,-10000,-10000
048099,健策凱基93購06  ,0,0,0,0,0,0,0,0,0,-10000,0,0,0,0,10000,-10000,-10000
047584,元金2X永豐95購01,0,0,0,0,0,0,0,0,0,-10000,0,0,0,0,10000,-10000,-10000
046755,瑞昱凱基93購05  ,0,0,0,0,0,0,0,0,0,-10000,0,0,0,0,10000,-10000,-10000
048083,台達電凱基93購04,0,0,0,0,0,0,0,0,0,-10000,0,0,0,0,10000,-10000,-10000
048069,南亞科元富95購02,0,0,0,0,0,0,0,0,0,-10000,0,0,0,0,10000,-10000,-10000
047754,嘉澤元富93購02  ,0,0,0,0,0,0,0,0,0,-10000,0,0,0,0,10000,-10000,-10000
047718,達興凱基94購01  ,0,0,0,0,0,0,0,0,0,-10000,0,0,0,0,10000,-10000,-10000
046374,台積電凱基92購20,0,0,0,0,0,0,0,0,0,-10000,0,0,0,20000,30000,-10000,-10000
046391,上海銀統一94購01,0,0,0,0,0,0,0,0,0,-10000,0,0,0,0,10000,-10000,-10000
047806,旺宏凱基93購05  ,0,0,0,0,0,0,0,0,0,-10000,0,0,0,10000,20000,-10000,-10000
046404,友達元大93購02  ,0,0,0,0,0,0,0,0,0,-10000,0,0,0,0,10000,-10000,-10000
046457,可成凱基92購09  ,0,0,0,0,0,0,0,0,0,-10000,0,0,0,10000,20000,-10000,-10000
046521,台郡元大92購06  ,0,0,0,0,0,0,0,0,0,-10000,0,0,0,10000,20000,-10000,-10000
046564,聯詠凱基92購09  ,0,0,0,0,0,0,0,0,0,-10000,0,0,0,0,10000,-10000,-10000
046572,貿聯國泰94購01  ,0,0,0,0,0,0,0,0,0,-10000,0,0,0,10000,20000,-10000,-10000
048394,正崴國票94購01  ,0,0,0,0,0,0,0,0,0,-10000,0,0,0,0,10000,-10000,-10000
048532,大立光國票93購06,0,0,0,0,0,0,0,0,0,-10000,0,0,0,0,10000,-10000,-10000
048450,聯詠凱基93購09  ,0,0,0,0,0,0,0,0,0,-10000,0,0,0,0,10000,-10000,-10000
04849P,GIS中信94售01   ,0,0,0,0,0,0,0,0,0,-10000,0,0,0,0,10000,-10000,-10000
048843,台郡凱基94購01  ,0,0,0,0,0,0,0,0,0,-10000,0,0,0,0,10000,-10000,-10000
048834,牧德凱基94購01  ,0,0,0,0,0,0,0,0,0,-10000,0,0,0,0,10000,-10000,-10000
046648,和鑫國泰94購01  ,0,0,0,0,0,0,0,0,0,-10000,0,0,0,0,10000,-10000,-10000
048150,矽力元富93購01  ,0,0,0,0,0,0,0,0,0,-10000,0,0,0,0,10000,-10000,-10000
048336,光磊元大93購02  ,0,0,0,0,0,0,0,0,0,-10000,0,0,0,0,10000,-10000,-10000
048240,嘉聯益國票94購03,0,0,0,0,0,0,0,0,0,-10000,0,0,0,0,10000,-10000,-10000
04881P,高股息凱基96售01,0,0,0,0,0,0,0,0,0,-10000,0,0,0,0,10000,-10000,-10000
048728,台達電麥證94購01,0,0,0,0,10000,-10000,0,0,0,-10000,0,0,0,0,10000,-10000,-10000
048724,台達電日盛94購01,0,0,0,0,0,0,0,0,0,-10000,0,0,0,1000,11000,-10000,-10000
048736,台達電統一94購01,0,0,0,0,0,0,0,0,0,-10000,0,0,0,0,10000,-10000,-10000
048739,華新科統一94購02,0,0,0,0,0,0,0,0,0,-10000,0,0,0,0,10000,-10000,-10000
046866,台積電統一94購03,0,0,0,0,0,0,0,0,0,-10000,0,0,0,0,10000,-10000,-10000
046861,和碩元大93購01  ,0,0,0,0,0,0,0,0,0,-10000,0,0,0,0,10000,-10000,-10000
046840,晶技台新93購01  ,0,0,0,0,0,0,0,0,0,-10000,0,0,0,0,10000,-10000,-10000
047072,義隆兆豐94購01  ,0,0,0,0,0,0,0,0,0,-10000,0,0,0,0,10000,-10000,-10000
04705P,臺股指統一95售02,0,0,0,0,0,0,0,0,0,-10000,0,0,0,0,10000,-10000,-10000
047077,日月光兆豐93購01,0,0,0,0,0,0,0,0,0,-10000,0,0,0,0,10000,-10000,-10000
047916,台積電凱基93購22,0,0,0,0,0,0,0,0,0,-10000,0,0,0,0,10000,-10000,-10000
047838,亞光元大93購03  ,0,0,0,0,0,0,0,0,0,-10000,0,0,0,0,10000,-10000,-10000
046983,南茂兆豐94購01  ,0,0,0,0,0,0,0,0,0,-10000,0,0,0,0,10000,-10000,-10000
047986,明泰群益93購01  ,0,0,0,0,0,0,0,0,0,-10000,0,0,0,0,10000,-10000,-10000
047934,GIS凱基94購01   ,0,0,0,0,0,0,0,0,0,-10000,0,0,0,0,10000,-10000,-10000
047937,元金2X國票97購02,0,0,0,0,0,0,0,0,0,-10000,0,0,0,0,10000,-10000,-10000
04723P,美律凱基94售06  ,0,0,0,0,0,0,0,0,0,-10000,0,0,0,0,10000,-10000,-10000
047261,聯詠國票93購02  ,0,0,0,0,0,0,0,0,0,-10000,0,0,0,0,10000,-10000,-10000
046956,矽力國票93購01  ,0,0,0,0,0,0,0,0,0,-10000,0,0,0,10000,20000,-10000,-10000
046941,瑞昱元大93購08  ,0,0,0,0,0,0,0,0,0,-10000,0,0,0,0,10000,-10000,-10000
051017,聯發科凱基95購04,0,0,0,0,0,0,0,0,0,-10000,0,0,0,29000,39000,-10000,-10000
051008,大立光麥證95購01,0,0,0,10000,22000,-12000,0,0,0,-10000,0,0,0,12000,22000,-10000,-10000
051023,S&P反1統一95購02,0,0,0,0,0,0,0,0,0,-10000,0,0,0,0,10000,-10000,-10000
05107P,鴻海兆豐96售02  ,0,0,0,0,0,0,0,0,0,-10000,0,0,0,0,10000,-10000,-10000
051072,強茂國票95購02  ,0,0,0,0,0,0,0,0,0,-10000,0,0,0,50000,60000,-10000,-10000
051084,華通元大95購06  ,0,0,0,0,0,0,0,0,0,-10000,0,0,0,0,10000,-10000,-10000
05109P,臺股指麥證95售01,0,0,0,0,10000,-10000,0,0,0,-10000,0,0,0,0,10000,-10000,-10000
050939,健鼎國票96購01  ,0,0,0,0,0,0,0,0,0,-10000,0,0,0,0,10000,-10000,-10000
050968,超眾永豐95購01  ,0,0,0,0,0,0,0,0,0,-10000,0,0,0,0,10000,-10000,-10000
051347,國巨元大95購06  ,0,0,0,0,0,0,0,0,0,-10000,0,0,0,0,10000,-10000,-10000
051209,百和麥證95購01  ,0,0,0,10000,20000,-10000,0,0,0,-10000,0,0,0,10000,20000,-10000,-10000
05120P,聯發科國泰97售01,0,0,0,0,0,0,0,0,0,-10000,0,0,0,10000,20000,-10000,-10000
051210,S&P反1統一97購01,0,0,0,0,0,0,0,0,0,-10000,0,0,0,0,10000,-10000,-10000
051203,微星麥證95購01  ,0,0,0,0,10000,-10000,0,0,0,-10000,0,0,0,0,10000,-10000,-10000
051232,貿聯群益95購02  ,0,0,0,0,0,0,0,0,0,-10000,0,0,0,15000,25000,-10000,-10000
051216,為升元富95購01  ,0,0,0,0,0,0,0,0,0,-10000,0,0,0,0,10000,-10000,-10000
049143,智邦元大94購02  ,0,0,0,0,0,0,0,0,0,-10000,0,0,0,0,10000,-10000,-10000
049198,聯鈞永豐94購01  ,0,0,0,0,0,0,0,0,0,-10000,0,0,0,0,10000,-10000,-10000
050079,元油2X統一94購06,0,0,0,0,0,0,0,0,0,-10000,0,0,0,0,10000,-10000,-10000
051807,瑞昱凱基95購03  ,0,0,0,0,0,0,0,0,0,-10000,0,0,0,0,10000,-10000,-10000
051829,玉晶光元大98購02,0,0,0,0,0,0,0,0,0,-10000,0,0,0,0,10000,-10000,-10000
051833,昇陽半元大96購01,0,0,0,0,0,0,0,0,0,-10000,0,0,0,46000,56000,-10000,-10000
051834,南電元大96購02  ,0,0,0,0,0,0,0,0,0,-10000,0,0,0,0,10000,-10000,-10000
051848,元金2X中信98購02,0,0,0,0,0,0,0,0,0,-10000,0,0,0,5000,15000,-10000,-10000
051868,貿聯凱基96購01  ,0,0,0,0,0,0,0,0,0,-10000,0,0,0,0,10000,-10000,-10000
051898,富邦金國泰97購01,0,0,0,0,0,0,0,0,0,-10000,0,0,0,0,10000,-10000,-10000
051906,國巨元大95購09  ,0,0,0,0,0,0,0,0,0,-10000,0,0,0,0,10000,-10000,-10000
051912,健鼎元大96購01  ,0,0,0,0,0,0,0,0,0,-10000,0,0,0,0,10000,-10000,-10000
052202,矽力統一96購01  ,0,0,0,0,0,0,0,0,0,-10000,0,0,0,0,10000,-10000,-10000
052184,台光電群益95購03,0,0,0,0,0,0,0,0,0,-10000,0,0,0,47000,57000,-10000,-10000
052533,聯發科國泰96購03,0,0,0,0,0,0,0,0,0,-10000,0,0,0,23000,33000,-10000,-10000
052579,亞泥元富96購01  ,0,0,0,0,0,0,0,0,0,-10000,0,0,0,10000,20000,-10000,-10000
052457,日月光元富95購01,0,0,0,0,0,0,0,0,0,-10000,0,0,0,0,10000,-10000,-10000
052441,亞泥元大95購01  ,0,0,0,0,0,0,0,0,0,-10000,0,0,0,40000,50000,-10000,-10000
052429,禾伸堂永豐95購02,0,0,0,0,0,0,0,0,0,-10000,0,0,0,60000,70000,-10000,-10000
052431,茂林永豐95購03  ,0,0,0,0,0,0,0,0,0,-10000,0,0,0,0,10000,-10000,-10000
052311,台積電富邦95購09,0,0,0,0,0,0,0,0,0,-10000,0,0,0,0,10000,-10000,-10000
052306,鴻海國泰97購05  ,0,0,0,0,0,0,0,0,0,-10000,0,0,0,0,10000,-10000,-10000
052234,GIS凱基97購01   ,0,0,0,0,0,0,0,0,0,-10000,0,0,0,0,10000,-10000,-10000
052333,嘉聯益兆豐96購01,0,0,0,0,0,0,0,0,0,-10000,0,0,0,0,10000,-10000,-10000
052320,緯創元大95購05  ,0,0,0,0,0,0,0,0,0,-10000,0,0,0,10000,20000,-10000,-10000
052405,聯茂凱基95購01  ,0,0,0,0,0,0,0,0,0,-10000,0,0,0,0,10000,-10000,-10000
052388,旺宏群益96購05  ,0,0,0,0,0,0,0,0,0,-10000,0,0,0,7000,17000,-10000,-10000
049022,聯詠群益94購01  ,0,0,0,0,0,0,0,0,0,-10000,0,0,0,12000,22000,-10000,-10000
048983,牧德元大95購01  ,0,0,0,0,0,0,0,0,0,-10000,0,0,0,35000,45000,-10000,-10000
04894P,世紀鋼元大94售02,0,0,0,0,0,0,0,0,0,-10000,0,0,0,10000,20000,-10000,-10000
051416,創意國票96購02  ,0,0,0,0,0,0,0,0,0,-10000,0,0,0,0,10000,-10000,-10000
05141P,華通台新96售01  ,0,0,0,0,0,0,0,0,0,-10000,0,0,0,0,10000,-10000,-10000
050155,華新科群益95購01,0,0,0,0,0,0,0,0,0,-10000,0,0,0,0,10000,-10000,-10000
050044,聯詠兆豐94購02  ,0,0,0,0,0,0,0,0,0,-10000,0,0,0,0,10000,-10000,-10000
050048,百和國票94購01  ,0,0,0,0,0,0,0,0,0,-10000,0,0,0,0,10000,-10000,-10000
051748,超眾國泰96購01  ,0,0,0,0,0,0,0,0,0,-10000,0,0,0,0,10000,-10000,-10000
050846,緯創國票96購01  ,0,0,0,0,0,0,0,0,0,-10000,0,0,0,10000,20000,-10000,-10000
051798,國巨永豐95購03  ,0,0,0,0,0,0,0,0,0,-10000,0,0,0,3000,13000,-10000,-10000
051756,台積電元大97購04,0,0,0,0,0,0,0,0,0,-10000,0,0,0,537000,547000,-10000,-10000
051788,奇力新國票97購02,0,0,0,0,0,0,0,0,0,-10000,0,0,0,0,10000,-10000,-10000
050471,國泰金台新94購01,0,0,0,0,0,0,0,0,0,-10000,0,0,0,38000,48000,-10000,-10000
050427,台積電凱基94購34,0,0,0,0,0,0,0,0,0,-10000,0,0,0,0,10000,-10000,-10000
050213,華新科台新94購03,0,0,0,0,0,0,0,0,0,-10000,0,0,0,0,10000,-10000,-10000
050230,聯發科麥證94購02,0,0,0,0,10000,-10000,0,0,0,-10000,0,0,0,0,10000,-10000,-10000
050294,宏達電凱基94購04,0,0,0,0,0,0,0,0,0,-10000,0,0,0,0,10000,-10000,-10000
050302,百和凱基94購03  ,0,0,0,0,0,0,0,0,0,-10000,0,0,0,0,10000,-10000,-10000
050257,為升元大94購07  ,0,0,0,0,0,0,0,0,0,-10000,0,0,0,0,10000,-10000,-10000
050258,為升元大94購08  ,0,0,0,0,0,0,0,0,0,-10000,0,0,0,12000,22000,-10000,-10000
051615,華通凱基96購01  ,0,0,0,0,0,0,0,0,0,-10000,0,0,0,5000,15000,-10000,-10000
051697,康友中信95購02  ,0,0,0,0,0,0,0,0,0,-10000,0,0,0,0,10000,-10000,-10000
049769,和鑫元富96購01  ,0,0,0,0,0,0,0,0,0,-10000,0,0,0,0,10000,-10000,-10000
049762,華邦電國泰95購01,0,0,0,0,0,0,0,0,0,-10000,0,0,0,50000,60000,-10000,-10000
050595,緯穎永豐94購03  ,0,0,0,0,0,0,0,0,0,-10000,0,0,0,20000,30000,-10000,-10000
050648,全新凱基96購01  ,0,0,0,0,0,0,0,0,0,-10000,0,0,0,0,10000,-10000,-10000
050663,麗豐元大96購03  ,0,0,0,0,0,0,0,0,0,-10000,0,0,0,0,10000,-10000,-10000
050664,全新台新94購02  ,0,0,0,0,0,0,0,0,0,-10000,0,0,0,0,10000,-10000,-10000
051994,瀚宇博元大96購01,0,0,0,0,0,0,0,0,0,-10000,0,0,0,0,10000,-10000,-10000
052072,健策統一95購02  ,0,0,0,0,0,0,0,0,0,-10000,0,0,0,0,10000,-10000,-10000
052073,矽力統一95購03  ,0,0,0,0,0,0,0,0,0,-10000,0,0,0,0,10000,-10000,-10000
052056,緯穎凱基95購04  ,0,0,0,0,0,0,0,0,0,-10000,0,0,0,0,10000,-10000,-10000
051471,國巨凱基97購01  ,0,0,0,0,0,0,0,0,0,-10000,0,0,0,0,10000,-10000,-10000
051453,智伸科元大95購02,0,0,0,0,0,0,0,0,0,-10000,0,0,0,10000,20000,-10000,-10000
051441,鴻海元大95購13  ,0,0,0,0,0,0,0,0,0,-10000,0,0,0,0,10000,-10000,-10000
049710,大成鋼凱基94購03,0,0,0,0,0,0,0,0,0,-10000,0,0,0,0,10000,-10000,-10000
050922,南亞科凱基95購02,0,0,0,0,0,0,0,0,0,-10000,0,0,0,0,10000,-10000,-10000
049727,台積電中信94購02,0,0,0,0,0,0,0,0,0,-10000,0,0,0,10000,20000,-10000,-10000
049728,正崴中信94購01  ,0,0,0,0,0,0,0,0,0,-10000,0,0,0,0,10000,-10000,-10000
050544,聯發科凱基95購02,0,0,0,0,0,0,0,0,0,-10000,0,0,0,0,10000,-10000,-10000
051137,聯詠永豐95購01  ,0,0,0,0,0,0,0,0,0,-10000,0,0,0,0,10000,-10000,-10000
051116,可成麥證95購01  ,0,0,0,0,10000,-10000,0,0,0,-10000,0,0,0,0,10000,-10000,-10000
050529,矽格元大94購05  ,0,0,0,0,0,0,0,0,0,-10000,0,0,0,0,10000,-10000,-10000
050533,致新元大94購03  ,0,0,0,0,0,0,0,0,0,-10000,0,0,0,0,10000,-10000,-10000
050534,臻鼎兆豐94購01  ,0,0,0,0,0,0,0,0,0,-10000,0,0,0,40000,50000,-10000,-10000
049893,日月光富邦98購01,0,0,0,0,0,0,0,0,0,-10000,0,0,0,4000,14000,-10000,-10000
051388,大立光麥證95購03,0,0,0,0,10000,-10000,0,0,0,-10000,0,0,0,0,10000,-10000,-10000
049941,臺股指元大94購24,0,0,0,0,0,0,0,0,0,-10000,0,0,0,0,10000,-10000,-10000
049926,智易元大95購02  ,0,0,0,0,0,0,0,0,0,-10000,0,0,0,0,10000,-10000,-10000
049486,旺宏元大94購08  ,0,0,0,0,0,0,0,0,0,-10000,0,0,0,5000,15000,-10000,-10000
049554,禾伸堂富邦96購01,0,0,0,0,0,0,0,0,0,-10000,0,0,0,115000,125000,-10000,-10000
051585,美食元大95購01  ,0,0,0,0,0,0,0,0,0,-10000,0,0,0,10000,20000,-10000,-10000
051587,大立光元大95購08,0,0,0,0,0,0,0,0,0,-10000,0,0,0,6000,16000,-10000,-10000
05158P,華通永豐95售01  ,0,0,0,0,0,0,0,0,0,-10000,0,0,0,0,10000,-10000,-10000
050761,華通元大94購05  ,0,0,0,0,0,0,0,0,0,-10000,0,0,0,0,10000,-10000,-10000
050808,台達電凱基96購02,0,0,0,0,0,0,0,0,0,-10000,0,0,0,0,10000,-10000,-10000
049262,大立光元大94購09,0,0,0,0,0,0,0,0,0,-10000,0,0,0,5000,15000,-10000,-10000
049327,台郡元富94購01  ,0,0,0,0,0,0,0,0,0,-10000,0,0,0,0,10000,-10000,-10000
049328,元上證統一94購01,0,0,0,0,0,0,0,0,0,-10000,0,0,0,0,10000,-10000,-10000
049308,台達電凱基94購04,0,0,0,0,0,0,0,0,0,-10000,0,0,0,22000,32000,-10000,-10000
049304,元油2X凱基95購05,0,0,0,0,0,0,0,0,0,-10000,0,0,0,0,10000,-10000,-10000
049331,元石油統一94購01,0,0,0,0,0,0,0,0,0,-10000,0,0,0,10000,20000,-10000,-10000
049357,微星富邦94購01  ,0,0,0,0,0,0,0,0,0,-10000,0,0,0,10000,20000,-10000,-10000
049367,全新元大96購01  ,0,0,0,0,0,0,0,0,0,-10000,0,0,0,0,10000,-10000,-10000
049406,T50反1日盛97購01,0,0,0,0,0,0,0,0,0,-10000,0,0,0,0,10000,-10000,-10000
049398,微星群益94購02  ,0,0,0,0,0,0,0,0,0,-10000,0,0,0,10000,20000,-10000,-10000
049380,欣興元大94購04  ,0,0,0,0,0,0,0,0,0,-10000,0,0,0,2000,12000,-10000,-10000
04938P,亞德客國票95售01,0,0,0,0,0,0,0,0,0,-10000,0,0,0,4000,14000,-10000,-10000
049449,宏碁統一94購01  ,0,0,0,0,0,0,0,0,0,-10000,0,0,0,10000,20000,-10000,-10000
049815,緯穎元大94購06  ,0,0,0,0,0,0,0,0,0,-10000,0,0,0,13000,23000,-10000,-10000
049824,鴻海凱基94購18  ,0,0,0,0,0,0,0,0,0,-10000,0,0,0,0,10000,-10000,-10000
049858,百和群益94購05  ,0,0,0,0,0,0,0,0,0,-10000,0,0,0,11000,21000,-10000,-10000
04889P,華通元大94售03  ,0,0,0,0,0,0,0,0,0,-10000,0,0,0,0,10000,-10000,-10000
049787,麗豐兆豐94購01  ,0,0,0,0,0,0,0,0,0,-10000,0,0,0,0,10000,-10000,-10000
04978P,台表科凱基94售02,0,0,0,0,0,0,0,0,0,-10000,0,0,0,0,10000,-10000,-10000
049793,為升元大94購04  ,0,0,0,0,0,0,0,0,0,-10000,0,0,0,0,10000,-10000,-10000
054152,漢唐國泰98購02  ,0,0,0,0,0,0,0,0,0,-10000,0,0,0,20000,30000,-10000,-10000
054091,晶豪科群益96購01,0,0,0,0,0,0,0,0,0,-10000,0,0,0,1000,11000,-10000,-10000
054092,大立光群益97購01,0,0,0,0,0,0,0,0,0,-10000,0,0,0,0,10000,-10000,-10000
054066,緯穎國票97購03  ,0,0,0,0,0,0,0,0,0,-10000,0,0,0,2000,12000,-10000,-10000
054231,國巨群益98購03  ,0,0,0,0,0,0,0,0,0,-10000,0,0,0,0,10000,-10000,-10000
054236,貿聯群益96購01  ,0,0,0,0,0,0,0,0,0,-10000,0,0,0,0,10000,-10000,-10000
054286,台積電元大96購22,0,0,0,0,0,0,0,0,0,-10000,0,0,0,190000,200000,-10000,-10000
054256,創意元大96購07  ,0,0,0,0,0,0,0,0,0,-10000,0,0,0,0,10000,-10000,-10000
054311,世芯凱基96購02  ,0,0,0,0,0,0,0,0,0,-10000,0,0,0,0,10000,-10000,-10000
054308,嘉晶凱基98購01  ,0,0,0,0,0,0,0,0,0,-10000,0,0,0,113000,123000,-10000,-10000
054334,超眾永豐96購04  ,0,0,0,0,0,0,0,0,0,-10000,0,0,0,0,10000,-10000,-10000
054397,創意永豐96購05  ,0,0,0,0,0,0,0,0,0,-10000,0,0,0,0,10000,-10000,-10000
054479,緯創中信98購01  ,0,0,0,0,0,0,0,0,0,-10000,0,0,0,38000,48000,-10000,-10000
054441,力成台新96購01  ,0,0,0,0,0,0,0,0,0,-10000,0,0,0,0,10000,-10000,-10000
054585,禾伸堂國泰99購01,0,0,0,0,0,0,0,0,0,-10000,0,0,0,0,10000,-10000,-10000
054598,鴻海台新98購01  ,0,0,0,0,0,0,0,0,0,-10000,0,0,0,0,10000,-10000,-10000
054618,訊芯永豐97購01  ,0,0,0,0,0,0,0,0,0,-10000,0,0,0,30000,40000,-10000,-10000
054639,台新金中信99購01,0,0,0,0,0,0,0,0,0,-10000,0,0,0,0,10000,-10000,-10000
054629,華新科凱基98購01,0,0,0,0,0,0,0,0,0,-10000,0,0,0,203000,213000,-10000,-10000
054634,FB上証中信99購01,0,0,0,0,0,0,0,0,0,-10000,0,0,0,0,10000,-10000,-10000
054795,合勤控群益98購01,0,0,0,0,0,0,0,0,0,-10000,0,0,0,0,10000,-10000,-10000
054819,裕民元大9A購01  ,0,0,0,0,0,0,0,0,0,-10000,0,0,0,0,10000,-10000,-10000
054704,玉晶光第一97購01,0,0,0,0,0,0,0,0,0,-10000,0,0,0,5000,15000,-10000,-10000
054708,華通統一97購02  ,0,0,0,0,0,0,0,0,0,-10000,0,0,0,40000,50000,-10000,-10000
054766,智原國票98購01  ,0,0,0,0,0,0,0,0,0,-10000,0,0,0,0,10000,-10000,-10000
054931,緯穎凱基98購01  ,0,0,0,0,0,0,0,0,0,-10000,0,0,0,24000,34000,-10000,-10000
05494P,華邦電統一95售02,0,0,0,0,0,0,0,0,0,-10000,0,0,0,0,10000,-10000,-10000
054997,文曄元富97購01  ,0,0,0,0,0,0,0,0,0,-10000,0,0,0,100000,110000,-10000,-10000
054977,SP黃豆元富9B購01,0,0,0,0,0,0,0,0,0,-10000,0,0,0,0,10000,-10000,-10000
054953,華新科元大97購05,0,0,0,0,0,0,0,0,0,-10000,0,0,0,0,10000,-10000,-10000
05529P,臺股指群益96售02,0,0,0,0,0,0,0,0,0,-10000,0,0,0,113000,123000,-10000,-10000
055072,康友永豐97購02  ,0,0,0,0,0,0,0,0,0,-10000,0,0,0,0,10000,-10000,-10000
055173,瑞昱統一97購01  ,0,0,0,0,0,0,0,0,0,-10000,0,0,0,0,10000,-10000,-10000
055141,牧德永豐98購02  ,0,0,0,0,0,0,0,0,0,-10000,0,0,0,0,10000,-10000,-10000
055159,玉晶光元大98購05,0,0,0,0,0,0,0,0,0,-10000,0,0,0,0,10000,-10000,-10000
053757,聯發科國泰96購04,0,0,0,0,0,0,0,0,0,-10000,0,0,0,10000,20000,-10000,-10000
053765,智邦富邦96購01  ,0,0,0,0,0,0,0,0,0,-10000,0,0,0,0,10000,-10000,-10000
053703,緯穎兆豐96購01  ,0,0,0,0,0,0,0,0,0,-10000,0,0,0,2000,12000,-10000,-10000
05369P,可成元富95售04  ,0,0,0,0,0,0,0,0,0,-10000,0,0,0,0,10000,-10000,-10000
053694,創意元大96購03  ,0,0,0,0,0,0,0,0,0,-10000,0,0,0,0,10000,-10000,-10000
053689,台光電元大96購01,0,0,0,0,0,0,0,0,0,-10000,0,0,0,0,10000,-10000,-10000
053684,台積電元大96購17,0,0,0,0,0,0,0,0,0,-10000,0,0,0,361000,371000,-10000,-10000
053910,嘉聯益凱基98購01,0,0,0,0,0,0,0,0,0,-10000,0,0,0,0,10000,-10000,-10000
053988,友達亞東96購01  ,0,0,0,0,0,0,0,0,0,-10000,0,0,0,0,10000,-10000,-10000
053891,欣興群益98購01  ,0,0,0,0,0,0,0,0,0,-10000,0,0,0,1000,11000,-10000,-10000
053829,力成麥證96購01  ,0,0,0,20000,30000,-10000,0,0,0,-10000,0,0,0,20000,30000,-10000,-10000
053580,國巨元大96購10  ,0,0,0,0,0,0,0,0,0,-10000,0,0,0,171000,181000,-10000,-10000
05349P,可成元富98售03  ,0,0,0,0,0,0,0,0,0,-10000,0,0,0,10000,20000,-10000,-10000
053502,智伸科兆豐97購01,0,0,0,0,0,0,0,0,0,-10000,0,0,0,10000,20000,-10000,-10000
053543,臺股指永豐96購02,0,0,0,0,0,0,0,0,0,-10000,0,0,0,0,10000,-10000,-10000
053547,台積電凱基96購14,0,0,0,0,0,0,0,0,0,-10000,0,0,0,0,10000,-10000,-10000
053339,友達國票97購02  ,0,0,0,0,0,0,0,0,0,-10000,0,0,0,0,10000,-10000,-10000
053325,GIS群益96購02   ,0,0,0,0,0,0,0,0,0,-10000,0,0,0,0,10000,-10000,-10000
053315,漢唐群益96購02  ,0,0,0,0,0,0,0,0,0,-10000,0,0,0,0,10000,-10000,-10000
053412,台達電國票97購02,0,0,0,0,0,0,0,0,0,-10000,0,0,0,4000,14000,-10000,-10000
053430,樺漢永豐96購01  ,0,0,0,0,0,0,0,0,0,-10000,0,0,0,0,10000,-10000,-10000
052791,友達兆豐97購01  ,0,0,0,0,0,0,0,0,0,-10000,0,0,0,0,10000,-10000,-10000
052885,高鐵兆豐98購01  ,0,0,0,0,0,0,0,0,0,-10000,0,0,0,0,10000,-10000,-10000
052889,致伸麥證97購01  ,0,0,0,0,10000,-10000,0,0,0,-10000,0,0,0,0,10000,-10000,-10000
052906,緯創國票97購01  ,0,0,0,0,0,0,0,0,0,-10000,0,0,0,10000,20000,-10000,-10000
052950,超眾國票98購01  ,0,0,0,0,0,0,0,0,0,-10000,0,0,0,20000,30000,-10000,-10000
052721,友達統一96購01  ,0,0,0,0,0,0,0,0,0,-10000,0,0,0,0,10000,-10000,-10000
052686,華新科元大96購03,0,0,0,0,0,0,0,0,0,-10000,0,0,0,0,10000,-10000,-10000
052744,聯詠元大97購01  ,0,0,0,0,0,0,0,0,0,-10000,0,0,0,34000,44000,-10000,-10000
052667,漢唐群益96購01  ,0,0,0,0,0,0,0,0,0,-10000,0,0,0,0,10000,-10000,-10000
052589,群創永豐97購01  ,0,0,0,0,0,0,0,0,0,-10000,0,0,0,20000,30000,-10000,-10000
052623,台郡兆豐96購01  ,0,0,0,0,0,0,0,0,0,-10000,0,0,0,10000,20000,-10000,-10000
053232,友達永豐97購02  ,0,0,0,0,0,0,0,0,0,-10000,0,0,0,10000,20000,-10000,-10000
053206,聯發科麥證96購02,0,0,0,0,10000,-10000,0,0,0,-10000,0,0,0,0,10000,-10000,-10000
053183,大立光元富96購03,0,0,0,0,0,0,0,0,0,-10000,0,0,0,0,10000,-10000,-10000
053185,友達中信99購01  ,0,0,0,0,0,0,0,0,0,-10000,0,0,0,10000,20000,-10000,-10000
053171,中磊群益96購01  ,0,0,0,0,0,0,0,0,0,-10000,0,0,0,260000,270000,-10000,-10000
053150,聯發科元大96購11,0,0,0,0,0,0,0,0,0,-10000,0,0,0,30000,40000,-10000,-10000
053149,京元電元大96購02,0,0,0,0,0,0,0,0,0,-10000,0,0,0,30000,40000,-10000,-10000
053137,旺宏富邦98購01  ,0,0,0,0,0,0,0,0,0,-10000,0,0,0,20000,30000,-10000,-10000
05296P,牧德凱基96售01  ,0,0,0,0,0,0,0,0,0,-10000,0,0,0,0,10000,-10000,-10000
053026,奇力新富邦98購01,0,0,0,0,0,0,0,0,0,-10000,0,0,0,0,10000,-10000,-10000
6235,華孚            ,5000,13000,-8000,0,0,0,0,0,0,-2000,0,2000,-2000,0,0,0,-10000
06146P,S&P反1元大97售03,0,0,0,0,0,0,0,0,0,-10000,0,0,0,0,10000,-10000,-10000
06415P,台積電群益97售07,0,0,0,0,0,0,0,0,0,-10000,0,0,0,10000,20000,-10000,-10000
06412P,南亞科日盛97售01,0,0,0,0,0,0,0,0,0,-10000,0,0,0,0,10000,-10000,-10000
06430P,大立光元大97售16,0,0,0,0,0,0,0,0,0,-10000,0,0,0,0,10000,-10000,-10000
06445P,大立光凱基98售09,0,0,0,0,0,0,0,0,0,-10000,0,0,0,15000,25000,-10000,-10000
06480P,上銀凱基98售04  ,0,0,0,0,0,0,0,0,0,-10000,0,0,0,0,10000,-10000,-10000
08749P,鴻海台新01售02  ,0,0,0,0,0,0,0,0,0,-10000,0,0,0,0,10000,-10000,-10000
06619P,聯發科元大98售06,0,0,0,0,0,0,0,0,0,-10000,0,0,0,0,10000,-10000,-10000
06627P,華新科元富99售01,0,0,0,0,0,0,0,0,0,-10000,0,0,0,0,10000,-10000,-10000
06702P,智邦元富98售01  ,0,0,0,0,0,0,0,0,0,-10000,0,0,0,0,10000,-10000,-10000
06662P,玉晶光中信9A售01,0,0,0,0,0,0,0,0,0,-10000,0,0,0,0,10000,-10000,-10000
06677P,牧德國票98售02  ,0,0,0,0,0,0,0,0,0,-10000,0,0,0,0,10000,-10000,-10000
06666P,台積電日盛9A售02,0,0,0,0,0,0,0,0,0,-10000,0,0,0,133000,143000,-10000,-10000
06520P,元油2X元大98售04,0,0,0,0,0,0,0,0,0,-10000,0,0,0,0,10000,-10000,-10000
06516P,國巨凱基98售08  ,0,0,0,0,0,0,0,0,0,-10000,0,0,0,50000,60000,-10000,-10000
2024,志聯            ,3000,13000,-10000,0,0,0,0,0,0,0,0,0,0,0,0,0,-10000
2228,劍麟            ,34000,44000,-10000,0,0,0,0,0,0,0,0,0,0,0,0,0,-10000
2034,允強            ,27000,37000,-10000,0,0,0,0,0,0,0,0,0,0,0,0,0,-10000
2430,燦坤            ,0,10000,-10000,0,0,0,0,0,0,0,0,0,0,0,0,0,-10000
2524,京城            ,11000,21000,-10000,0,0,0,0,0,0,0,0,0,0,0,0,0,-10000
3025,星通            ,1000,10000,-9000,0,0,0,0,0,0,-1000,0,1000,-1000,0,0,0,-10000
2850,新產            ,16000,26000,-10000,0,0,0,0,0,0,0,0,0,0,0,0,0,-10000
5283,禾聯碩          ,1000,5000,-4000,0,0,0,0,0,0,-6000,0,6000,-6000,0,0,0,-10000
4536,拓凱            ,3000,12000,-9000,0,0,0,0,0,0,-1000,0,0,0,0,1000,-1000,-10000
4737,華廣            ,2000,12000,-10000,0,0,0,0,0,0,0,0,0,0,0,0,0,-10000
057563,旭富國泰9A購01  ,0,0,0,0,0,0,0,0,0,-11000,0,0,0,0,11000,-11000,-11000
057479,致茂元大98購03  ,0,0,0,0,0,0,0,0,0,-11000,0,0,0,0,11000,-11000,-11000
057417,國巨凱基9A購03  ,0,0,0,0,0,0,0,0,0,-11000,0,0,0,0,11000,-11000,-11000
057397,茂林中信9A購01  ,0,0,0,0,0,0,0,0,0,-11000,0,0,0,0,11000,-11000,-11000
057324,億光群益98購01  ,0,0,0,0,0,0,0,0,0,-11000,0,0,0,0,11000,-11000,-11000
05723P,華通永豐96售03  ,0,0,0,0,0,0,0,0,0,-11000,0,0,0,0,11000,-11000,-11000
057214,瑞昱群益98購01  ,0,0,0,0,0,0,0,0,0,-11000,0,0,0,0,11000,-11000,-11000
05933P,鴻海凱基97售03  ,0,0,0,0,0,0,0,0,0,-11000,0,0,0,0,11000,-11000,-11000
05896P,宏達電群益96售03,0,0,0,0,0,0,0,0,0,-11000,0,0,0,0,11000,-11000,-11000
06115P,台積電統一97售04,0,0,0,0,0,0,0,0,0,-11000,0,0,0,0,11000,-11000,-11000
06062P,宏達電元富97售01,0,0,0,0,0,0,0,0,0,-11000,0,0,0,0,11000,-11000,-11000
056913,臺股指元大99購05,0,0,0,0,0,0,0,0,0,-11000,0,0,0,0,11000,-11000,-11000
057093,臻鼎元富98購02  ,0,0,0,0,0,0,0,0,0,-11000,0,0,0,52000,63000,-11000,-11000
056649,智易凱基98購01  ,0,0,0,0,0,0,0,0,0,-11000,0,0,0,35000,46000,-11000,-11000
056558,台達電群益98購01,0,0,0,0,0,0,0,0,0,-11000,0,0,0,10000,21000,-11000,-11000
056427,上銀凱基98購03  ,0,0,0,0,0,0,0,0,0,-11000,0,0,0,10000,21000,-11000,-11000
056396,祥碩永豐98購01  ,0,0,0,0,0,0,0,0,0,-11000,0,0,0,1000,12000,-11000,-11000
055915,大立光凱基98購07,0,0,0,0,0,0,0,0,0,-11000,0,0,0,0,11000,-11000,-11000
05580P,美律凱基96售03  ,0,0,0,0,0,0,0,0,0,-11000,0,0,0,7000,18000,-11000,-11000
050959,元金2X永豐95購02,0,0,0,0,0,0,0,0,0,-11000,0,0,0,105000,116000,-11000,-11000
051052,台積電群益95購01,0,0,0,0,0,0,0,0,0,-11000,0,0,0,401000,412000,-11000,-11000
048484,大立光國泰95購02,0,0,0,0,0,0,0,0,0,-11000,0,0,0,11000,22000,-11000,-11000
046693,台積電凱基93購03,0,0,0,0,0,0,0,0,0,-11000,0,0,0,48000,59000,-11000,-11000
04519P,國泰金群益94售01,0,0,0,0,0,0,0,0,0,-11000,0,0,0,0,11000,-11000,-11000
044512,奇力新凱基93購02,0,0,0,0,0,0,0,0,0,-11000,0,0,0,0,11000,-11000,-11000
043381,大立光元大93購02,0,0,0,0,0,0,0,0,0,-11000,0,0,0,0,11000,-11000,-11000
03993P,滬深2X中信94售03,0,0,0,0,0,0,0,0,0,-11000,0,0,0,0,11000,-11000,-11000
00666R,富邦恒生國企反1 ,0,0,0,0,0,0,0,0,0,-11000,0,0,0,74000,85000,-11000,-11000
00714,群益道瓊美國地產,10000,0,10000,0,0,0,0,0,0,-21000,0,0,0,100000,121000,-21000,-11000
051577,台積電元大97購03,0,0,0,0,0,0,0,0,0,-11000,0,0,0,306000,317000,-11000,-11000
048855,華新科群益94購02,0,0,0,0,0,0,0,0,0,-11000,0,0,0,87000,98000,-11000,-11000
050744,健策永豐94購04  ,0,0,0,0,0,0,0,0,0,-11000,0,0,0,53000,64000,-11000,-11000
049260,華新科元大96購01,0,0,0,0,0,0,0,0,0,-11000,0,0,0,14000,25000,-11000,-11000
051607,緯創群益96購02  ,0,0,0,0,0,0,0,0,0,-11000,0,0,0,0,11000,-11000,-11000
049544,台積電群益94購08,0,0,0,0,0,0,0,0,0,-11000,0,0,0,417000,428000,-11000,-11000
049921,大立光元大94購16,0,0,0,0,0,0,0,0,0,-11000,0,0,0,5000,16000,-11000,-11000
049631,臺股指群益94購04,0,0,0,0,0,0,0,0,0,-11000,0,0,0,0,11000,-11000,-11000
049742,日月光群益94購02,0,0,0,0,0,0,0,0,0,-11000,0,0,0,3000,14000,-11000,-11000
051499,康控群益95購02  ,0,0,0,0,0,0,0,0,0,-11000,0,0,0,0,11000,-11000,-11000
05026P,貿聯群益95售01  ,0,0,0,0,0,0,0,0,0,-11000,0,0,0,0,11000,-11000,-11000
050333,鴻海國泰96購06  ,0,0,0,0,0,0,0,0,0,-11000,0,0,0,106000,117000,-11000,-11000
049019,美律群益94購02  ,0,0,0,0,0,0,0,0,0,-11000,0,0,0,0,11000,-11000,-11000
052390,聯詠群益95購03  ,0,0,0,0,0,0,0,0,0,-11000,0,0,0,0,11000,-11000,-11000
052342,茂林凱基96購01  ,0,0,0,0,0,0,0,0,0,-11000,0,0,0,0,11000,-11000,-11000
052275,日月光群益95購01,0,0,0,0,0,0,0,0,0,-11000,0,0,0,0,11000,-11000,-11000
049175,台積電凱基94購12,0,0,0,0,0,0,0,0,0,-11000,0,0,0,0,11000,-11000,-11000
053118,大立光中信9C購01,0,0,0,0,0,0,0,0,0,-11000,0,0,0,0,11000,-11000,-11000
053090,新唐元大96購01  ,0,0,0,0,0,0,0,0,0,-11000,0,0,0,99000,110000,-11000,-11000
053070,訊芯群益96購01  ,0,0,0,0,0,0,0,0,0,-11000,0,0,0,10000,21000,-11000,-11000
053037,國巨凱基96購08  ,0,0,0,0,0,0,0,0,0,-11000,0,0,0,101000,112000,-11000,-11000
05303P,華通國泰97售01  ,0,0,0,0,0,0,0,0,0,-11000,0,0,0,5000,16000,-11000,-11000
052701,群創國票96購01  ,0,0,0,0,0,0,0,0,0,-11000,0,0,0,0,11000,-11000,-11000
052834,彩晶群益96購01  ,0,0,0,0,0,0,0,0,0,-11000,0,0,0,0,11000,-11000,-11000
053403,彩晶群益98購01  ,0,0,0,0,0,0,0,0,0,-11000,0,0,0,0,11000,-11000,-11000
053302,國巨凱基96購10  ,0,0,0,0,0,0,0,0,0,-11000,0,0,0,89000,100000,-11000,-11000
053352,義隆兆豐96購01  ,0,0,0,0,0,0,0,0,0,-11000,0,0,0,16000,27000,-11000,-11000
053353,玉晶光兆豐97購03,0,0,0,0,0,0,0,0,0,-11000,0,0,0,10000,21000,-11000,-11000
053814,美律群益97購02  ,0,0,0,0,0,0,0,0,0,-11000,0,0,0,0,11000,-11000,-11000
055091,微星群益97購01  ,0,0,0,0,0,0,0,0,0,-11000,0,0,0,11000,22000,-11000,-11000
054785,建準群益98購01  ,0,0,0,0,0,0,0,0,0,-11000,0,0,0,10000,21000,-11000,-11000
054862,群光群益97購01  ,0,0,0,0,0,0,0,0,0,-11000,0,0,0,0,11000,-11000,-11000
054213,欣興國票97購04  ,0,0,0,0,0,0,0,0,0,-11000,0,0,0,0,11000,-11000,-11000
05399P,GIS國票95售03   ,0,0,0,0,0,0,0,0,0,-11000,0,0,0,0,11000,-11000,-11000
054015,晶豪科永豐96購03,0,0,0,0,0,0,0,0,0,-11000,0,0,0,0,11000,-11000,-11000
4720,德淵            ,5000,4000,1000,0,0,0,0,0,0,-12000,36000,48000,-12000,0,0,0,-11000
4956,光鋐            ,2000,12000,-10000,0,0,0,0,0,0,-1000,0,1000,-1000,0,0,0,-11000
4764,雙鍵            ,0,1000,-1000,0,0,0,0,0,0,-10000,0,10000,-10000,0,0,0,-11000
3004,豐達科          ,9000,20000,-11000,0,0,0,0,0,0,0,0,0,0,0,0,0,-11000
3022,威強電          ,7000,18000,-11000,0,0,0,0,0,0,0,0,0,0,0,0,0,-11000
2433,互盛電          ,1000,12000,-11000,0,0,0,0,0,0,0,0,0,0,0,0,0,-11000
2365,昆盈            ,0,2000,-2000,0,0,0,0,0,0,-9000,0,9000,-9000,0,0,0,-11000
2107,厚生            ,10000,21000,-11000,0,0,0,0,0,0,0,0,0,0,0,0,0,-11000
06699P,台積電統一98售11,0,0,0,0,0,0,0,0,0,-11000,0,0,0,0,11000,-11000,-11000
06632P,創意群益98售03  ,0,0,0,0,0,0,0,0,0,-11000,0,0,0,0,11000,-11000,-11000
06737P,台郡凱基98售07  ,0,0,0,0,0,0,0,0,0,-11000,0,0,0,0,11000,-11000,-11000
1463,強盛            ,0,11000,-11000,0,0,0,0,0,0,0,0,0,0,0,0,0,-11000
06141P,大立光日盛97售01,0,0,0,0,0,0,0,0,0,-11000,0,0,0,3000,14000,-11000,-11000
8011,台通            ,7000,17000,-10000,0,0,0,0,0,0,-1000,0,1000,-1000,0,0,0,-11000
055742,健策元富97購02  ,0,0,0,0,0,0,0,0,0,-12000,0,0,0,8000,20000,-12000,-12000
055727,矽力元大97購02  ,0,0,0,0,0,0,0,0,0,-12000,0,0,0,0,12000,-12000,-12000
055479,GIS凱基97購04   ,0,0,0,0,0,0,0,0,0,-12000,0,0,0,54000,66000,-12000,-12000
055460,華擎永豐97購01  ,0,0,0,0,0,0,0,0,0,-12000,0,0,0,21000,33000,-12000,-12000
055384,緯穎元大98購02  ,0,0,0,0,0,0,0,0,0,-12000,0,0,0,49000,61000,-12000,-12000
056075,瀚宇博元大97購03,0,0,0,0,0,0,0,0,0,-12000,0,0,0,4000,16000,-12000,-12000
056241,緯創群益97購01  ,0,0,0,0,0,0,0,0,0,-12000,0,0,0,21000,33000,-12000,-12000
056697,緯穎群益98購01  ,0,0,0,0,0,0,0,0,0,-12000,0,0,0,74000,86000,-12000,-12000
056577,玉晶光元大99購06,0,0,0,0,0,0,0,0,0,-12000,0,0,0,20000,32000,-12000,-12000
056921,京元電兆豐98購01,0,0,0,0,0,0,0,0,0,-12000,0,0,0,6000,18000,-12000,-12000
06064P,台積電台新98售01,0,0,0,0,0,0,0,0,0,-12000,0,0,0,515000,527000,-12000,-12000
06070P,漢唐永豐97售01  ,0,0,0,0,0,0,0,0,0,-12000,0,0,0,22000,34000,-12000,-12000
06071P,大立光永豐97售01,0,0,0,0,0,0,0,0,0,-12000,0,0,0,9000,21000,-12000,-12000
05894P,友達群益98售02  ,0,0,0,0,0,0,0,0,0,-12000,0,0,0,10000,22000,-12000,-12000
04187P,麗豐元富93售02  ,0,0,0,0,0,0,0,0,0,-12000,0,0,0,0,12000,-12000,-12000
03849P,大成鋼凱基93售03,0,0,0,0,0,0,0,0,0,-12000,0,0,0,0,12000,-12000,-12000
046187,友達凱基93購03  ,0,0,0,0,0,0,0,0,0,-12000,0,0,0,0,12000,-12000,-12000
04464P,可成元富94售04  ,0,0,0,0,0,0,0,0,0,-12000,0,0,0,0,12000,-12000,-12000
045074,華新科元大93購03,0,0,0,0,0,0,0,0,0,-12000,0,0,0,8000,20000,-12000,-12000
048548,緯穎永豐93購02  ,0,0,0,0,0,0,0,0,0,-12000,0,0,0,10000,22000,-12000,-12000
047822,臺股指凱基93購16,0,0,0,0,0,0,0,0,0,-12000,0,0,0,0,12000,-12000,-12000
048412,台勝科亞東93購01,0,0,0,0,0,0,0,0,0,-12000,0,0,0,30000,42000,-12000,-12000
048248,聯發科兆豐95購01,0,0,0,0,0,0,0,0,0,-12000,0,0,0,20000,32000,-12000,-12000
05056P,訊芯群益95售01  ,0,0,0,0,0,0,0,0,0,-12000,0,0,0,3000,15000,-12000,-12000
051229,亞光群益95購01  ,0,0,0,0,0,0,0,0,0,-12000,0,0,0,5000,17000,-12000,-12000
05119P,聯發科國泰96售02,0,0,0,0,0,0,0,0,0,-12000,0,0,0,0,12000,-12000,-12000
050072,京鼎凱基94購02  ,0,0,0,0,0,0,0,0,0,-12000,0,0,0,8000,20000,-12000,-12000
052491,泰碩國票99購01  ,0,0,0,0,0,0,0,0,0,-12000,0,0,0,6000,18000,-12000,-12000
052570,華新科凱基96購06,0,0,0,0,0,0,0,0,0,-12000,0,0,0,0,12000,-12000,-12000
051973,華新科凱基96購04,0,0,0,0,0,0,0,0,0,-12000,0,0,0,5000,17000,-12000,-12000
050618,緯創元大95購01  ,0,0,0,0,0,0,0,0,0,-12000,0,0,0,0,12000,-12000,-12000
050880,大立光元富95購03,0,0,0,0,0,0,0,0,0,-12000,0,0,0,50000,62000,-12000,-12000
050557,台積電統一94購13,0,0,0,0,0,0,0,0,0,-12000,0,0,0,0,12000,-12000,-12000
049885,緯穎永豐94購01  ,0,0,0,0,0,0,0,0,0,-12000,0,0,0,10000,22000,-12000,-12000
049561,道瓊銀統一96購01,0,0,0,0,0,0,0,0,0,-12000,0,0,0,0,12000,-12000,-12000
049955,崇越群益95購01  ,0,0,0,0,0,0,0,0,0,-12000,0,0,0,21000,33000,-12000,-12000
049319,GIS凱基94購03   ,0,0,0,0,0,0,0,0,0,-12000,0,0,0,0,12000,-12000,-12000
054328,台化康和96購01  ,0,0,0,0,0,0,0,0,0,-12000,0,0,0,0,12000,-12000,-12000
054281,世芯群益97購01  ,0,0,0,0,0,0,0,0,0,-12000,0,0,0,0,12000,-12000,-12000
05467P,聯電元大95售02  ,0,0,0,0,0,0,0,0,0,-12000,0,0,0,15000,27000,-12000,-12000
054448,矽力兆豐96購01  ,0,0,0,0,0,0,0,0,0,-12000,0,0,0,10000,22000,-12000,-12000
054450,聯茂第一96購01  ,20000,0,20000,0,0,0,0,0,0,-32000,0,0,0,0,32000,-32000,-12000
05479P,華新科台新96售01,0,0,0,0,0,0,0,0,0,-12000,0,0,0,75000,87000,-12000,-12000
053886,亞光兆豐96購01  ,0,0,0,0,0,0,0,0,0,-12000,0,0,0,0,12000,-12000,-12000
05346P,臺股指統一95售06,0,0,0,0,0,0,0,0,0,-12000,0,0,0,72000,84000,-12000,-12000
052943,奇力新國票96購02,0,0,0,0,0,0,0,0,0,-12000,0,0,0,35000,47000,-12000,-12000
05275P,國巨凱基95售05  ,0,0,0,0,0,0,0,0,0,-12000,0,0,0,0,12000,-12000,-12000
06284P,台積電國票98售03,0,0,0,0,0,0,0,0,0,-12000,0,0,0,0,12000,-12000,-12000
06398P,禾伸堂凱基97售02,0,0,0,0,0,0,0,0,0,-12000,0,0,0,0,12000,-12000,-12000
2727,王品            ,25000,37000,-12000,0,0,0,0,0,0,0,0,0,0,0,0,0,-12000
4942,嘉彰            ,38000,47000,-9000,0,0,0,0,0,0,-3000,0,3000,-3000,0,0,0,-12000
4164,承業醫          ,3000,14000,-11000,0,0,0,0,0,0,-1000,0,1000,-1000,0,0,0,-12000
05845P,大立光元大96售06,0,0,0,0,0,0,0,0,0,-13000,0,0,0,20000,33000,-13000,-13000
06047P,聯發科富邦99售04,0,0,0,0,0,0,0,0,0,-13000,0,0,0,4000,17000,-13000,-13000
057016,中石化凱基9B購01,0,0,0,0,0,0,0,0,0,-13000,0,0,0,0,13000,-13000,-13000
057199,台達電元富02購01,0,0,0,0,0,0,0,0,0,-13000,0,0,0,10000,23000,-13000,-13000
057177,奇力新元大99購04,0,0,0,0,0,0,0,0,0,-13000,0,0,0,137000,150000,-13000,-13000
056589,康控統一98購01  ,0,0,0,0,0,0,0,0,0,-13000,0,0,0,0,13000,-13000,-13000
056715,瀚宇博永豐98購01,0,0,0,0,0,0,0,0,0,-13000,0,0,0,12000,25000,-13000,-13000
056834,華新元富99購01  ,0,0,0,0,0,0,0,0,0,-13000,0,0,0,7000,20000,-13000,-13000
056045,勤誠凱基97購01  ,0,0,0,0,0,0,0,0,0,-13000,0,0,0,2000,15000,-13000,-13000
055949,亞德客元大97購04,0,0,0,0,0,0,0,0,0,-13000,0,0,0,294000,307000,-13000,-13000
056508,揚明光永豐98購01,0,0,0,0,0,0,0,0,0,-13000,0,0,0,22000,35000,-13000,-13000
055367,台積電元大97購23,0,0,0,0,0,0,0,0,0,-13000,0,0,0,233000,246000,-13000,-13000
055575,華新科統一98購01,0,0,0,0,0,0,0,0,0,-13000,0,0,0,148000,161000,-13000,-13000
055588,瑞昱元大97購03  ,0,0,0,0,0,0,0,0,0,-13000,0,0,0,5000,18000,-13000,-13000
055941,百和群益98購02  ,0,0,0,0,0,0,0,0,0,-13000,0,0,0,0,13000,-13000,-13000
051225,台積電群益95購02,0,0,0,0,0,0,0,0,0,-13000,0,0,0,696000,709000,-13000,-13000
047984,禾伸堂群益93購01,0,0,0,0,0,0,0,0,0,-13000,0,0,0,0,13000,-13000,-13000
048263,台積電元富95購01,0,0,0,0,0,0,0,0,0,-13000,0,0,0,10000,23000,-13000,-13000
048475,台郡永豐93購02  ,0,0,0,0,0,0,0,0,0,-13000,0,0,0,7000,20000,-13000,-13000
048162,矽力麥證93購01  ,0,0,0,20000,33000,-13000,0,0,0,-13000,0,0,0,20000,33000,-13000,-13000
04778P,可成凱基94售10  ,0,0,0,0,0,0,0,0,0,-13000,0,0,0,13000,26000,-13000,-13000
046753,台積電凱基93購04,0,0,0,0,0,0,0,0,0,-13000,0,0,0,28000,41000,-13000,-13000
048040,百和凱基93購07  ,0,0,0,0,0,0,0,0,0,-13000,0,0,0,0,13000,-13000,-13000
047544,台積電凱基93購17,0,0,0,0,0,0,0,0,0,-13000,0,0,0,0,13000,-13000,-13000
044600,上銀國泰93購01  ,0,0,0,0,0,0,0,0,0,-13000,0,0,0,17000,30000,-13000,-13000
04452P,超眾國泰95售01  ,0,0,0,0,0,0,0,0,0,-13000,0,0,0,0,13000,-13000,-13000
039212,台達電台新9A購01,0,0,0,0,0,0,0,0,0,-13000,0,0,0,0,13000,-13000,-13000
050553,緯穎凱基94購06  ,0,0,0,0,0,0,0,0,0,-13000,0,0,0,0,13000,-13000,-13000
051536,玉晶光國票97購01,0,0,0,0,0,0,0,0,0,-13000,0,0,0,3000,16000,-13000,-13000
050650,大立光凱基96購01,0,0,0,0,0,0,0,0,0,-13000,0,0,0,0,13000,-13000,-13000
052095,彩晶元大97購01  ,0,0,0,0,0,0,0,0,0,-13000,0,0,0,5000,18000,-13000,-13000
051495,玉晶光第一95購02,0,0,0,0,0,0,0,0,0,-13000,0,0,0,7000,20000,-13000,-13000
051487,健策凱基96購03  ,0,0,0,0,0,0,0,0,0,-13000,0,0,0,280000,293000,-13000,-13000
051488,健策凱基96購04  ,0,0,0,0,0,0,0,0,0,-13000,0,0,0,382000,395000,-13000,-13000
049140,台積電元大94購07,0,0,0,0,0,0,0,0,0,-13000,0,0,0,312000,325000,-13000,-13000
051801,牧德永豐95購04  ,0,0,0,0,0,0,0,0,0,-13000,0,0,0,22000,35000,-13000,-13000
052945,嘉晶國票97購01  ,0,0,0,0,0,0,0,0,0,-13000,0,0,0,48000,61000,-13000,-13000
053548,旺宏凱基96購04  ,0,0,0,0,0,0,0,0,0,-13000,0,0,0,133000,146000,-13000,-13000
053873,力成元大96購03  ,0,0,0,0,0,0,0,0,0,-13000,0,0,0,7000,20000,-13000,-13000
054737,京元電凱基99購01,0,0,0,0,0,0,0,0,0,-13000,0,0,0,5000,18000,-13000,-13000
055181,日電貿統一97購01,0,0,0,0,0,0,0,0,0,-13000,0,0,0,137000,150000,-13000,-13000
055305,旺宏群益99購01  ,0,0,0,0,0,0,0,0,0,-13000,0,0,0,0,13000,-13000,-13000
055220,緯穎凱基98購02  ,0,0,0,0,0,0,0,0,0,-13000,0,0,0,42000,55000,-13000,-13000
054303,國巨凱基96購15  ,0,0,0,0,0,0,0,0,0,-13000,0,0,0,5000,18000,-13000,-13000
3149,正達            ,6000,19000,-13000,0,0,0,0,0,0,0,0,0,0,0,0,0,-13000
2030,彰源            ,4000,13000,-9000,0,0,0,0,0,0,-4000,0,4000,-4000,0,0,0,-13000
06359P,上銀群益97售03  ,0,0,0,0,0,0,0,0,0,-13000,0,0,0,70000,83000,-13000,-13000
1541,錩泰            ,1000,14000,-13000,0,0,0,0,0,0,0,0,0,0,0,0,0,-13000
06510P,燿華永豐98售03  ,0,0,0,0,0,0,0,0,0,-13000,0,0,0,0,13000,-13000,-13000
8261,富鼎            ,18000,30000,-12000,0,0,0,0,0,0,-1000,0,1000,-1000,0,0,0,-13000
6224,聚鼎            ,89000,94000,-5000,0,0,0,0,0,0,-8000,0,8000,-8000,0,0,0,-13000
6449,鈺邦            ,36000,50000,-14000,0,0,0,0,0,0,1000,3000,2000,1000,0,0,0,-13000
05575P,玉晶光元富96售01,0,0,0,0,0,0,0,0,0,-14000,0,0,0,6000,20000,-14000,-14000
055325,佐登國票98購01  ,0,0,0,0,0,0,0,0,0,-14000,0,0,0,66000,80000,-14000,-14000
055980,祥碩統一98購01  ,0,0,0,0,0,0,0,0,0,-14000,0,0,0,116000,130000,-14000,-14000
05604P,聯發科元大96售10,0,0,0,0,0,0,0,0,0,-14000,0,0,0,125000,139000,-14000,-14000
056162,祥碩凱基97購03  ,0,0,0,0,0,0,0,0,0,-14000,0,0,0,13000,27000,-14000,-14000
056665,上証2X國票99購02,0,0,0,0,0,0,0,0,0,-14000,0,0,0,0,14000,-14000,-14000
057357,超眾統一98購01  ,0,0,0,0,0,0,0,0,0,-14000,0,0,0,100000,114000,-14000,-14000
057489,奇力新元大99購06,0,0,0,0,0,0,0,0,0,-14000,0,0,0,97000,111000,-14000,-14000
05758P,光罩永豐96售02  ,0,0,0,0,0,0,0,0,0,-14000,0,0,0,0,14000,-14000,-14000
0053,元大電子        ,0,0,0,0,0,0,0,0,0,-14000,0,0,0,0,14000,-14000,-14000
04264P,宏碁統一93售01  ,0,0,0,0,0,0,0,0,0,-14000,0,0,0,6000,20000,-14000,-14000
042556,台灣50中信96購04,0,0,0,0,0,0,0,0,0,-14000,0,0,0,0,14000,-14000,-14000
03638C,T50反1元大94牛03,0,0,0,0,0,0,0,0,0,-14000,0,0,0,218000,232000,-14000,-14000
044530,台積電富邦94購01,0,0,0,0,0,0,0,0,0,-14000,0,0,0,26000,40000,-14000,-14000
044588,元金2X統一93購01,0,0,0,0,0,0,0,0,0,-14000,0,0,0,26000,40000,-14000,-14000
044003,聯發科兆豐93購01,0,0,0,0,0,0,0,0,0,-14000,0,0,0,89000,103000,-14000,-14000
044247,道瓊反元富97購01,0,0,0,0,0,0,0,0,0,-14000,0,0,0,0,14000,-14000,-14000
04506P,旺宏元大94售06  ,0,0,0,0,0,0,0,0,0,-14000,0,0,0,37000,51000,-14000,-14000
048118,百和群益94購03  ,0,0,0,0,0,0,0,0,0,-14000,0,0,0,0,14000,-14000,-14000
046348,嘉澤兆豐93購01  ,0,0,0,0,0,0,0,0,0,-14000,0,0,0,16000,30000,-14000,-14000
047707,南亞科凱基93購03,0,0,0,0,0,0,0,0,0,-14000,0,0,0,6000,20000,-14000,-14000
047703,台積電凱基93購19,0,0,0,0,0,0,0,0,0,-14000,0,0,0,0,14000,-14000,-14000
048788,華新科元大95購02,0,0,0,0,0,0,0,0,0,-14000,0,0,0,21000,35000,-14000,-14000
051095,貿聯元大95購03  ,0,0,0,0,0,0,0,0,0,-14000,0,0,0,51000,65000,-14000,-14000
049052,台積電永豐94購02,0,0,0,0,0,0,0,0,0,-14000,0,0,0,38000,52000,-14000,-14000
05038P,牧德元大95售03  ,0,0,0,0,0,0,0,0,0,-14000,0,0,0,0,14000,-14000,-14000
051685,台光電凱基95購01,0,0,0,0,0,0,0,0,0,-14000,0,0,0,1000,15000,-14000,-14000
049169,統一凱基94購01  ,0,0,0,0,0,0,0,0,0,-14000,0,0,0,205000,219000,-14000,-14000
052193,國巨元富95購06  ,0,0,0,0,0,0,0,0,0,-14000,0,0,0,25000,39000,-14000,-14000
052243,致茂康和95購01  ,0,0,0,0,0,0,0,0,0,-14000,0,0,0,5000,19000,-14000,-14000
050538,鴻海凱基95購06  ,0,0,0,0,0,0,0,0,0,-14000,0,0,0,0,14000,-14000,-14000
049590,華新科元大94購01,0,0,0,0,0,0,0,0,0,-14000,0,0,0,61000,75000,-14000,-14000
049587,美律元大95購01  ,0,0,0,0,0,0,0,0,0,-14000,0,0,0,96000,110000,-14000,-14000
054171,台郡凱基97購01  ,0,0,0,0,0,0,0,0,0,-14000,0,0,0,2000,16000,-14000,-14000
055217,緯創凱基97購02  ,0,0,0,0,0,0,0,0,0,-14000,0,0,0,10000,24000,-14000,-14000
055176,大毅統一98購02  ,0,0,0,0,0,0,0,0,0,-14000,0,0,0,5000,19000,-14000,-14000
05509P,智邦元富96售02  ,0,0,0,0,0,0,0,0,0,-14000,0,0,0,46000,60000,-14000,-14000
054742,京鼎凱基99購01  ,0,0,0,0,0,0,0,0,0,-14000,0,0,0,0,14000,-14000,-14000
054969,亞翔元大97購01  ,0,0,0,0,0,0,0,0,0,-14000,0,0,0,20000,34000,-14000,-14000
053388,群創元大9C購02  ,0,0,0,0,0,0,0,0,0,-14000,0,0,0,0,14000,-14000,-14000
052792,大立光兆豐96購01,0,0,0,0,0,0,0,0,0,-14000,0,0,0,0,14000,-14000,-14000
053084,國巨元大98購01  ,0,0,0,0,0,0,0,0,0,-14000,0,0,0,64000,78000,-14000,-14000
9925,新保            ,0,14000,-14000,0,0,0,0,0,0,0,0,0,0,0,0,0,-14000
06533P,上証2X中信9B售01,0,0,0,0,0,0,0,0,0,-14000,0,0,0,0,14000,-14000,-14000
06692P,瑞昱凱基98售03  ,0,0,0,0,0,0,0,0,0,-14000,0,0,0,0,14000,-14000,-14000
1528,恩德            ,1000,15000,-14000,0,0,0,0,0,0,0,0,0,0,0,0,0,-14000
1802,台玻            ,80000,93000,-13000,0,0,0,0,0,0,-1000,0,1000,-1000,0,0,0,-14000
3622,洋華            ,32000,46000,-14000,0,0,0,0,0,0,0,0,0,0,0,0,0,-14000
05908P,大立光元富96售05,0,0,0,0,0,0,0,0,0,-15000,0,0,0,17000,32000,-15000,-15000
056873,友達凱基98購07  ,0,0,0,0,0,0,0,0,0,-15000,0,0,0,0,15000,-15000,-15000
056765,友達元大9B購05  ,0,0,0,0,0,0,0,0,0,-15000,0,0,0,88000,103000,-15000,-15000
056726,友達日盛9A購01  ,0,0,0,0,0,0,0,0,0,-15000,0,0,0,148000,163000,-15000,-15000
057022,智邦凱基98購04  ,0,0,0,0,0,0,0,0,0,-15000,0,0,0,264000,279000,-15000,-15000
057034,道瓊反元大9B購01,0,0,0,0,0,0,0,0,0,-15000,0,0,0,0,15000,-15000,-15000
056907,群創元大9C購04  ,0,0,0,0,0,0,0,0,0,-15000,0,0,0,104000,119000,-15000,-15000
055986,祥碩元富97購01  ,0,0,0,0,0,0,0,0,0,-15000,0,0,0,7000,22000,-15000,-15000
056519,創意國票99購01  ,0,0,0,0,0,0,0,0,0,-15000,0,0,0,6000,21000,-15000,-15000
056411,緯穎國票99購01  ,0,0,0,0,0,0,0,0,0,-15000,0,0,0,0,15000,-15000,-15000
055343,國巨凱基97購03  ,0,0,0,0,0,0,0,0,0,-15000,0,0,0,25000,40000,-15000,-15000
055344,國巨凱基97購04  ,0,0,0,0,0,0,0,0,0,-15000,0,0,0,21000,36000,-15000,-15000
055371,正崴元大97購02  ,0,0,0,0,0,0,0,0,0,-15000,0,0,0,58000,73000,-15000,-15000
055382,台郡元大99購01  ,0,0,0,0,0,0,0,0,0,-15000,0,0,0,5000,20000,-15000,-15000
055731,美律元富97購01  ,0,0,0,0,0,0,0,0,0,-15000,0,0,0,0,15000,-15000,-15000
055657,超眾元富97購02  ,0,0,0,0,0,0,0,0,0,-15000,0,0,0,10000,25000,-15000,-15000
051326,聯發科台新95購01,0,0,0,0,0,0,0,0,0,-15000,0,0,0,0,15000,-15000,-15000
047809,瑞昱凱基93購08  ,0,0,0,0,0,0,0,0,0,-15000,0,0,0,0,15000,-15000,-15000
047145,鴻海群益95購01  ,0,0,0,0,0,0,0,0,0,-15000,0,0,0,10000,25000,-15000,-15000
048822,燿華凱基94購03  ,0,0,0,0,0,0,0,0,0,-15000,0,0,0,25000,40000,-15000,-15000
046370,全新麥證93購01  ,0,0,0,0,15000,-15000,0,0,0,-15000,0,0,0,0,15000,-15000,-15000
048033,大立光凱基93購28,0,0,0,0,0,0,0,0,0,-15000,0,0,0,180000,195000,-15000,-15000
046716,欣興國泰93購03  ,0,0,0,0,0,0,0,0,0,-15000,0,0,0,1000,16000,-15000,-15000
044188,超眾國泰93購01  ,0,0,0,0,0,0,0,0,0,-15000,0,0,0,0,15000,-15000,-15000
048566,上海銀元大93購04,0,0,0,0,0,0,0,0,0,-15000,0,0,0,0,15000,-15000,-15000
046159,群創群益98購04  ,0,0,0,0,0,0,0,0,0,-15000,0,0,0,49000,64000,-15000,-15000
045447,鴻海國泰94購02  ,0,0,0,0,0,0,0,0,0,-15000,0,0,0,1000,16000,-15000,-15000
045362,A50正2兆豐93購02,0,0,0,0,0,0,0,0,0,-15000,0,0,0,0,15000,-15000,-15000
04320P,亞德客元大93售07,0,0,0,0,0,0,0,0,0,-15000,0,0,0,65000,80000,-15000,-15000
043019,華晶科元大94購01,0,0,0,0,0,0,0,0,0,-15000,0,0,0,0,15000,-15000,-15000
046002,美律統一93購01  ,0,0,0,0,0,0,0,0,0,-15000,0,0,0,0,15000,-15000,-15000
049586,正崴元大94購01  ,0,0,0,0,0,0,0,0,0,-15000,0,0,0,68000,83000,-15000,-15000
049499,康控元大96購01  ,0,0,0,0,0,0,0,0,0,-15000,0,0,0,68000,83000,-15000,-15000
049268,聯茂元大94購03  ,0,0,0,0,0,0,0,0,0,-15000,0,0,0,0,15000,-15000,-15000
049409,滬深2X凱基96購04,0,0,0,0,0,0,0,0,0,-15000,0,0,0,0,15000,-15000,-15000
05051P,鴻海群益95售05  ,0,0,0,0,0,0,0,0,0,-15000,0,0,0,0,15000,-15000,-15000
049694,華新科元大95購06,0,0,0,0,0,0,0,0,0,-15000,0,0,0,0,15000,-15000,-15000
05125P,鴻海群益95售06  ,0,0,0,0,0,0,0,0,0,-15000,0,0,0,5000,20000,-15000,-15000
051267,美律富邦96購01  ,0,0,0,0,0,0,0,0,0,-15000,0,0,0,50000,65000,-15000,-15000
050906,臺股指元大95購13,0,0,0,0,0,0,0,0,0,-15000,0,0,0,0,15000,-15000,-15000
052035,臺股指群益95購08,0,0,0,0,0,0,0,0,0,-15000,0,0,0,0,15000,-15000,-15000
05145P,道瓊反元大98售01,0,0,0,0,0,0,0,0,0,-15000,0,0,0,0,15000,-15000,-15000
049763,美食國泰96購01  ,0,0,0,0,0,0,0,0,0,-15000,0,0,0,90000,105000,-15000,-15000
052242,台達電台新96購01,0,0,0,0,0,0,0,0,0,-15000,0,0,0,0,15000,-15000,-15000
052289,為升元富95購02  ,0,0,0,0,0,0,0,0,0,-15000,0,0,0,0,15000,-15000,-15000
051616,鴻海凱基96購08  ,0,0,0,0,0,0,0,0,0,-15000,0,0,0,0,15000,-15000,-15000
050268,智原元大95購03  ,0,0,0,0,0,0,0,0,0,-15000,0,0,0,5000,20000,-15000,-15000
050307,欣興中信95購01  ,0,0,0,0,0,0,0,0,0,-15000,0,0,0,0,15000,-15000,-15000
050253,百和國泰96購01  ,0,0,0,0,0,0,0,0,0,-15000,0,0,0,0,15000,-15000,-15000
050393,樺漢統一94購01  ,0,0,0,0,0,0,0,0,0,-15000,0,0,0,0,15000,-15000,-15000
050342,華通元富94購02  ,0,0,0,0,0,0,0,0,0,-15000,0,0,0,49000,64000,-15000,-15000
049998,奇力新永豐94購03,0,0,0,0,0,0,0,0,0,-15000,0,0,0,15000,30000,-15000,-15000
05018P,臺股指元大95售09,0,0,0,0,0,0,0,0,0,-15000,0,0,0,45000,60000,-15000,-15000
050204,華新科群益94購05,0,0,0,0,0,0,0,0,0,-15000,0,0,0,65000,80000,-15000,-15000
053103,瀚宇博元富96購01,0,0,0,0,0,0,0,0,0,-15000,0,0,0,0,15000,-15000,-15000
053115,滬深2X中信97購01,0,0,0,0,0,0,0,0,0,-15000,0,0,0,0,15000,-15000,-15000
053167,欣興群益96購03  ,0,0,0,0,0,0,0,0,0,-15000,0,0,0,2000,17000,-15000,-15000
052762,欣興群益96購01  ,0,0,0,0,0,0,0,0,0,-15000,0,0,0,1000,16000,-15000,-15000
052750,臺股指元大96購04,0,0,0,0,0,0,0,0,0,-15000,0,0,0,0,15000,-15000,-15000
053533,光罩永豐96購03  ,0,0,0,0,0,0,0,0,0,-15000,0,0,0,0,15000,-15000,-15000
053492,華邦電兆豐97購01,0,0,0,0,0,0,0,0,0,-15000,0,0,0,30000,45000,-15000,-15000
053562,玉晶光國泰98購02,0,0,0,0,0,0,0,0,0,-15000,0,0,0,98000,113000,-15000,-15000
053884,緯穎第一96購01  ,0,0,0,0,0,0,0,0,0,-15000,0,0,0,5000,20000,-15000,-15000
053985,矽創元大96購02  ,0,0,0,0,0,0,0,0,0,-15000,0,0,0,4000,19000,-15000,-15000
054933,南港元大97購01  ,0,0,0,0,0,0,0,0,0,-15000,0,0,0,0,15000,-15000,-15000
055104,台達電凱基98購01,0,0,0,0,0,0,0,0,0,-15000,0,0,0,1000,16000,-15000,-15000
055190,華新科元富97購01,0,0,0,0,0,0,0,0,0,-15000,0,0,0,105000,120000,-15000,-15000
054205,華新國票97購02  ,0,0,0,0,0,0,0,0,0,-15000,0,0,0,15000,30000,-15000,-15000
054270,寶滬深中信98購01,0,0,0,0,0,0,0,0,0,-15000,0,0,0,10000,25000,-15000,-15000
054089,台積電群益96購11,0,0,0,0,0,0,0,0,0,-15000,0,0,0,135000,150000,-15000,-15000
054527,國巨統一97購03  ,0,0,0,0,0,0,0,0,0,-15000,0,0,0,15000,30000,-15000,-15000
4916,事欣科          ,1000,16000,-15000,0,0,0,0,0,0,0,0,0,0,0,0,0,-15000
2642,宅配通          ,82000,97000,-15000,0,0,0,0,0,0,0,0,0,0,0,0,0,-15000
06734P,智邦凱基98售05  ,0,0,0,0,0,0,0,0,0,-15000,0,0,0,0,15000,-15000,-15000
1313,聯成            ,100000,107000,-7000,0,0,0,0,0,0,-8000,0,8000,-8000,0,0,0,-15000
06552P,茂林元大99售02  ,0,0,0,0,0,0,0,0,0,-15000,0,0,0,5000,20000,-15000,-15000
06576P,台光電群益98售03,0,0,0,0,0,0,0,0,0,-15000,0,0,0,50000,65000,-15000,-15000
06317P,臺股指元富97售04,0,0,0,0,0,0,0,0,0,-15000,0,0,0,0,15000,-15000,-15000
06224P,可成元富97售02  ,0,0,0,0,0,0,0,0,0,-15000,0,0,0,0,15000,-15000,-15000
6415,矽力-KY         ,225000,217000,8000,0,0,0,9000,27000,-18000,-5000,3000,8000,-5000,3000,3000,0,-15000
055724,祥碩元大97購03  ,0,0,0,0,0,0,0,0,0,-16000,0,0,0,0,16000,-16000,-16000
055339,緯穎兆豐98購01  ,0,0,0,0,0,0,0,0,0,-16000,0,0,0,0,16000,-16000,-16000
055602,康控元大97購03  ,0,0,0,0,0,0,0,0,0,-16000,0,0,0,266000,282000,-16000,-16000
056461,樺漢凱基98購02  ,0,0,0,0,0,0,0,0,0,-16000,0,0,0,0,16000,-16000,-16000
057014,元油2X凱基9A購05,0,0,0,0,0,0,0,0,0,-16000,0,0,0,0,16000,-16000,-16000
056827,元油2X富邦02購01,0,0,0,0,0,0,0,0,0,-16000,0,0,0,0,16000,-16000,-16000
056645,大立光凱基98購12,0,0,0,0,0,0,0,0,0,-16000,0,0,0,0,16000,-16000,-16000
05974P,國巨富邦97售03  ,0,0,0,0,0,0,0,0,0,-16000,0,0,0,1000,17000,-16000,-16000
057217,奇力新群益99購01,0,0,0,0,0,0,0,0,0,-16000,0,0,0,80000,96000,-16000,-16000
03852P,華邦電凱基93售05,0,0,0,0,0,0,0,0,0,-16000,0,0,0,12000,28000,-16000,-16000
041916,大立光中信93購01,0,0,0,0,0,0,0,0,0,-16000,0,0,0,0,16000,-16000,-16000
00711B,FH彭博新興債    ,0,0,0,0,0,0,0,0,0,-16000,0,0,0,100000,116000,-16000,-16000
04439P,聯發科群益94售04,0,0,0,0,0,0,0,0,0,-16000,0,0,0,36000,52000,-16000,-16000
048668,奇力新永豐93購04,0,0,0,0,0,0,0,0,0,-16000,0,0,0,0,16000,-16000,-16000
044184,南亞科國泰93購01,0,0,0,0,0,0,0,0,0,-16000,0,0,0,46000,62000,-16000,-16000
047942,華新科國票94購04,0,0,0,0,0,0,0,0,0,-16000,0,0,0,0,16000,-16000,-16000
051338,揚明光永豐95購02,0,0,0,0,0,0,0,0,0,-16000,0,0,0,0,16000,-16000,-16000
05131P,聯詠統一97售01  ,0,0,0,0,0,0,0,0,0,-16000,0,0,0,0,16000,-16000,-16000
050130,華新科凱基94購09,0,0,0,0,0,0,0,0,0,-16000,0,0,0,20000,36000,-16000,-16000
050642,和大凱基94購03  ,0,0,0,0,0,0,0,0,0,-16000,0,0,0,0,16000,-16000,-16000
051432,群創元富99購03  ,0,0,0,0,0,0,0,0,0,-16000,0,0,0,4000,20000,-16000,-16000
049632,臺股指群益94購05,0,0,0,0,0,0,0,0,0,-16000,0,0,0,0,16000,-16000,-16000
051157,華新科富邦98購01,0,0,0,0,0,0,0,0,0,-16000,0,0,0,488000,504000,-16000,-16000
050673,旺宏富邦96購02  ,0,0,0,0,0,0,0,0,0,-16000,0,0,0,0,16000,-16000,-16000
054458,復盛群益96購01  ,0,0,0,0,0,0,0,0,0,-16000,0,0,0,30000,46000,-16000,-16000
054287,台積電元大97購11,0,0,0,0,0,0,0,0,0,-16000,0,0,0,317000,333000,-16000,-16000
055037,宏盛富邦99購01  ,0,0,0,0,0,0,0,0,0,-16000,0,0,0,10000,26000,-16000,-16000
052660,京元電國票97購01,0,0,0,0,0,0,0,0,0,-16000,0,0,0,35000,51000,-16000,-16000
052894,國巨群益96購03  ,0,0,0,0,0,0,0,0,0,-16000,0,0,0,12000,28000,-16000,-16000
05310P,智原永豐95售04  ,0,0,0,0,0,0,0,0,0,-16000,0,0,0,10000,26000,-16000,-16000
6209,今國光          ,118000,129000,-11000,0,0,0,0,0,0,-5000,0,5000,-5000,0,0,0,-16000
6605,帝寶            ,14000,30000,-16000,0,0,0,0,0,0,0,0,0,0,0,0,0,-16000
8499,鼎炫-KY         ,17000,33000,-16000,0,0,0,0,0,0,0,0,0,0,0,0,0,-16000
06201P,可成元大97售01  ,0,0,0,0,0,0,0,0,0,-16000,0,0,0,119000,135000,-16000,-16000
05961P,鴻海群益97售01  ,0,0,0,0,0,0,0,0,0,-17000,0,0,0,0,17000,-17000,-17000
056938,泰碩元富98購01  ,0,0,0,0,0,0,0,0,0,-17000,0,0,0,0,17000,-17000,-17000
057101,新光金中信9A購01,0,0,0,0,0,0,0,0,0,-17000,0,0,0,0,17000,-17000,-17000
057074,立積永豐98購01  ,0,0,0,0,0,0,0,0,0,-17000,0,0,0,29000,46000,-17000,-17000
055342,鴻海凱基97購04  ,0,0,0,0,0,0,0,0,0,-17000,0,0,0,8000,25000,-17000,-17000
055732,全新元富9A購01  ,0,0,0,0,0,0,0,0,0,-17000,0,0,0,20000,37000,-17000,-17000
055730,建準元富97購02  ,0,0,0,0,0,0,0,0,0,-17000,0,0,0,0,17000,-17000,-17000
048052,力成中信93購01  ,0,0,0,0,0,0,0,0,0,-17000,0,0,0,0,17000,-17000,-17000
047626,全新國票94購01  ,0,0,0,0,0,0,0,0,0,-17000,0,0,0,0,17000,-17000,-17000
04645P,禾伸堂凱基94售03,0,0,0,0,0,0,0,0,0,-17000,0,0,0,8000,25000,-17000,-17000
048746,台達電元富94購01,0,0,0,0,0,0,0,0,0,-17000,0,0,0,0,17000,-17000,-17000
048258,國泰金統一93購01,0,0,0,0,0,0,0,0,0,-17000,0,0,0,0,17000,-17000,-17000
048201,智易元大93購06  ,0,0,0,0,0,0,0,0,0,-17000,0,0,0,0,17000,-17000,-17000
048567,台郡元大93購03  ,0,0,0,0,0,0,0,0,0,-17000,0,0,0,3000,20000,-17000,-17000
046069,禾伸堂凱基92購01,0,0,0,0,0,0,0,0,0,-17000,0,0,0,0,17000,-17000,-17000
03689P,TPK元富93售01   ,0,0,0,0,0,0,0,0,0,-17000,0,0,0,3000,20000,-17000,-17000
050801,元金2X群益98購01,0,0,0,0,0,0,0,0,0,-17000,0,0,0,3000,20000,-17000,-17000
050769,聯發科元大94購17,0,0,0,0,0,0,0,0,0,-17000,0,0,0,23000,40000,-17000,-17000
051158,嘉晶富邦96購01  ,0,0,0,0,0,0,0,0,0,-17000,0,0,0,10000,27000,-17000,-17000
05124P,華新科富邦97售02,0,0,0,0,0,0,0,0,0,-17000,0,0,0,0,17000,-17000,-17000
05055P,台表科群益95售01,0,0,0,0,0,0,0,0,0,-17000,0,0,0,23000,40000,-17000,-17000
051467,GIS富邦96購01   ,0,0,0,0,0,0,0,0,0,-17000,0,0,0,163000,180000,-17000,-17000
052014,光罩永豐95購01  ,0,0,0,0,0,0,0,0,0,-17000,0,0,0,64000,81000,-17000,-17000
05218P,大立光永昌96售04,0,0,0,0,0,0,0,0,0,-17000,0,0,0,383000,400000,-17000,-17000
052459,道瓊反統一95購04,0,0,0,0,0,0,0,0,0,-17000,0,0,0,0,17000,-17000,-17000
050371,台積電元大94購25,0,0,0,0,0,0,0,0,0,-17000,0,0,0,226000,243000,-17000,-17000
050831,超眾凱基95購01  ,0,0,0,0,0,0,0,0,0,-17000,0,0,0,11000,28000,-17000,-17000
050458,台郡元大94購03  ,0,0,0,0,0,0,0,0,0,-17000,0,0,0,3000,20000,-17000,-17000
052926,旺宏元大98購02  ,0,0,0,0,0,0,0,0,0,-17000,0,0,0,93000,110000,-17000,-17000
055193,世芯元富97購02  ,0,0,0,0,0,0,0,0,0,-17000,0,0,0,53000,70000,-17000,-17000
05513P,玉山金台新96售01,0,0,0,0,0,0,0,0,0,-17000,0,0,0,0,17000,-17000,-17000
054994,建準元富97購01  ,0,0,0,0,0,0,0,0,0,-17000,0,0,0,10000,27000,-17000,-17000
054868,國泰金群益9A購01,0,0,0,0,0,0,0,0,0,-17000,0,0,0,0,17000,-17000,-17000
054050,創意元大96購06  ,0,0,0,0,0,0,0,0,0,-17000,0,0,0,5000,22000,-17000,-17000
054437,欣興台新97購02  ,0,0,0,0,0,0,0,0,0,-17000,0,0,0,26000,43000,-17000,-17000
054519,禾伸堂元大97購02,0,0,0,0,0,0,0,0,0,-17000,0,0,0,132000,149000,-17000,-17000
06186P,鴻海統一97售02  ,0,0,0,0,0,0,0,0,0,-17000,0,0,0,3000,20000,-17000,-17000
06434P,超眾群益98售02  ,0,0,0,0,0,0,0,0,0,-17000,0,0,0,0,17000,-17000,-17000
6452,康友-KY         ,62000,75000,-13000,0,0,0,0,0,0,-4000,0,0,0,11000,15000,-4000,-17000
055698,茂林國票98購03  ,0,0,0,0,0,0,0,0,0,-18000,0,0,0,90000,108000,-18000,-18000
055379,牧德元大97購03  ,0,0,0,0,0,0,0,0,0,-18000,0,0,0,113000,131000,-18000,-18000
056528,為升凱基98購01  ,0,0,0,0,0,0,0,0,0,-18000,0,0,0,53000,71000,-18000,-18000
056377,智伸科統一9A購01,0,0,0,0,0,0,0,0,0,-18000,0,0,0,10000,28000,-18000,-18000
057201,華擎元富98購01  ,0,0,0,0,0,0,0,0,0,-18000,0,0,0,115000,133000,-18000,-18000
056805,元石油統一9B購01,0,0,0,0,0,0,0,0,0,-18000,0,0,0,35000,53000,-18000,-18000
00735,國泰臺韓科技    ,0,0,0,0,0,0,0,0,0,-18000,0,0,0,259000,277000,-18000,-18000
00770,國泰北美科技    ,0,0,0,0,0,0,0,0,0,-18000,0,0,0,6000,24000,-18000,-18000
04021P,寶滬深元富93售01,0,0,0,0,0,0,0,0,0,-18000,0,0,0,2000,20000,-18000,-18000
04518P,高鐵群益95售01  ,0,0,0,0,0,0,0,0,0,-18000,0,0,0,32000,50000,-18000,-18000
048521,華通統一93購05  ,0,0,0,0,0,0,0,0,0,-18000,0,0,0,0,18000,-18000,-18000
048367,華邦電統一93購01,0,0,0,0,0,0,0,0,0,-18000,0,0,0,7000,25000,-18000,-18000
048825,華新科凱基94購05,0,0,0,0,0,0,0,0,0,-18000,0,0,0,32000,50000,-18000,-18000
048782,亞泥元大94購01  ,0,0,0,0,0,0,0,0,0,-18000,0,0,0,4000,22000,-18000,-18000
047222,鴻海凱基94購04  ,0,0,0,0,0,0,0,0,0,-18000,0,0,0,12000,30000,-18000,-18000
05231P,GIS群益95售03   ,0,0,0,0,0,0,0,0,0,-18000,0,0,0,10000,28000,-18000,-18000
051937,廣達群益95購01  ,0,0,0,0,0,0,0,0,0,-18000,0,0,0,65000,83000,-18000,-18000
050118,臻鼎元大94購01  ,0,0,0,0,0,0,0,0,0,-18000,0,0,0,2000,20000,-18000,-18000
051987,廣達元大95購01  ,0,0,0,0,0,0,0,0,0,-18000,0,0,0,124000,142000,-18000,-18000
052069,聯茂兆豐96購01  ,0,0,0,0,0,0,0,0,0,-18000,0,0,0,2000,20000,-18000,-18000
049655,臺股指凱基94購16,0,0,0,0,0,0,0,0,0,-18000,0,0,0,130000,148000,-18000,-18000
05078P,義隆永豐95售01  ,0,0,0,0,0,0,0,0,0,-18000,0,0,0,77000,95000,-18000,-18000
050791,聯發科富邦96購01,0,0,0,0,0,0,0,0,0,-18000,0,0,0,60000,78000,-18000,-18000
049508,上銀凱基94購04  ,0,0,0,0,0,0,0,0,0,-18000,0,0,0,2000,20000,-18000,-18000
048872,玉晶光國票94購02,0,0,0,0,0,0,0,0,0,-18000,0,0,0,64000,82000,-18000,-18000
054173,奇力新台新97購02,0,0,0,0,0,0,0,0,0,-18000,0,0,0,30000,48000,-18000,-18000
054764,亞光國票98購01  ,0,0,0,0,0,0,0,0,0,-18000,0,0,0,2000,20000,-18000,-18000
052627,中壽中信98購01  ,0,0,0,0,0,0,0,0,0,-18000,0,0,0,0,18000,-18000,-18000
053065,大立光群益96購01,0,0,0,0,0,0,0,0,0,-18000,0,0,0,5000,23000,-18000,-18000
053158,茂林元大96購01  ,0,0,0,0,0,0,0,0,0,-18000,0,0,0,59000,77000,-18000,-18000
053154,聯詠元大96購01  ,0,0,0,0,0,0,0,0,0,-18000,0,0,0,71000,89000,-18000,-18000
053273,國巨元大96購08  ,0,0,0,0,0,0,0,0,0,-18000,0,0,0,11000,29000,-18000,-18000
053417,上銀永豐96購02  ,0,0,0,0,0,0,0,0,0,-18000,0,0,0,202000,220000,-18000,-18000
06346P,聯鈞元富97售02  ,0,0,0,0,0,0,0,0,0,-18000,0,0,0,13000,31000,-18000,-18000
1442,名軒            ,3000,15000,-12000,0,0,0,0,0,0,-6000,0,6000,-6000,0,0,0,-18000
2436,偉詮電          ,21000,39000,-18000,0,0,0,0,0,0,0,0,0,0,0,0,0,-18000
4952,凌通            ,1000,19000,-18000,0,0,0,0,0,0,0,0,0,0,0,0,0,-18000
5285,界霖            ,23000,40000,-17000,0,0,0,0,0,0,-1000,0,1000,-1000,0,0,0,-18000
056742,玉晶光凱基9A購01,0,0,0,0,0,0,0,0,0,-19000,0,0,0,36000,55000,-19000,-19000
056565,欣興群益98購03  ,0,0,0,0,0,0,0,0,0,-19000,0,0,0,63000,82000,-19000,-19000
057059,易華電元大99購01,0,0,0,0,0,0,0,0,0,-19000,0,0,0,42000,61000,-19000,-19000
06010P,國泰金元富96售01,0,0,0,0,0,0,0,0,0,-19000,0,0,0,0,19000,-19000,-19000
06038P,國泰金台新96售01,0,0,0,0,0,0,0,0,0,-19000,0,0,0,0,19000,-19000,-19000
057377,康控元大99購02  ,0,0,0,0,0,0,0,0,0,-19000,0,0,0,243000,262000,-19000,-19000
05632P,大立光群益96售02,10000,0,10000,0,0,0,0,0,0,-29000,0,0,0,42000,71000,-29000,-19000
05649P,矽創國票97售03  ,0,0,0,0,0,0,0,0,0,-19000,0,0,0,0,19000,-19000,-19000
056190,昇陽半統一97購01,0,0,0,0,0,0,0,0,0,-19000,0,0,0,37000,56000,-19000,-19000
055519,茂林中信99購01  ,0,0,0,0,0,0,0,0,0,-19000,0,0,0,10000,29000,-19000,-19000
05570P,聯發科統一96售04,0,0,0,0,0,0,0,0,0,-19000,0,0,0,38000,57000,-19000,-19000
047049,聯發科國票94購01,0,0,0,0,0,0,0,0,0,-19000,0,0,0,3000,22000,-19000,-19000
048824,聯發科凱基94購03,0,0,0,0,0,0,0,0,0,-19000,0,0,0,1000,20000,-19000,-19000
048410,和碩群益93購01  ,0,0,0,0,0,0,0,0,0,-19000,0,0,0,19000,38000,-19000,-19000
04815P,致伸元大94售04  ,0,0,0,0,0,0,0,0,0,-19000,0,0,0,0,19000,-19000,-19000
046332,同欣電元大92購01,0,0,0,0,0,0,0,0,0,-19000,0,0,0,81000,100000,-19000,-19000
045385,華新科元大93購04,0,0,0,0,0,0,0,0,0,-19000,0,0,0,1000,20000,-19000,-19000
00763U,街口道瓊銅      ,0,0,0,0,0,0,0,0,0,-19000,0,0,0,0,19000,-19000,-19000
04559P,華通凱基94售03  ,0,0,0,0,0,0,0,0,0,-19000,0,0,0,1000,20000,-19000,-19000
049828,華新科凱基94購06,0,0,0,0,0,0,0,0,0,-19000,0,0,0,25000,44000,-19000,-19000
049820,世紀鋼元大96購03,0,0,0,0,0,0,0,0,0,-19000,0,0,0,35000,54000,-19000,-19000
049385,茂林元大94購03  ,0,0,0,0,0,0,0,0,0,-19000,0,0,0,2000,21000,-19000,-19000
049457,彩晶統一94購02  ,0,0,0,0,0,0,0,0,0,-19000,0,0,0,0,19000,-19000,-19000
04932P,香港2X中信96售01,0,0,0,0,0,0,0,0,0,-19000,0,0,0,11000,30000,-19000,-19000
050876,復盛永豐95購01  ,0,0,0,0,0,0,0,0,0,-19000,0,0,0,37000,56000,-19000,-19000
051780,矽力群益95購01  ,0,0,0,0,0,0,0,0,0,-19000,0,0,0,11000,30000,-19000,-19000
052450,嘉澤元大95購03  ,0,0,0,0,0,0,0,0,0,-19000,0,0,0,69000,88000,-19000,-19000
051772,玉山金中信95購01,0,0,0,0,0,0,0,0,0,-19000,0,0,0,0,19000,-19000,-19000
049062,華新科日盛94購01,0,0,0,0,0,0,0,0,0,-19000,0,0,0,96000,115000,-19000,-19000
051401,華新科永豐95購01,0,0,0,0,0,0,0,0,0,-19000,0,0,0,76000,95000,-19000,-19000
053456,大立光元富96購04,0,0,0,0,0,0,0,0,0,-19000,0,0,0,12000,31000,-19000,-19000
053545,上銀凱基96購03  ,0,0,0,0,0,0,0,0,0,-19000,0,0,0,7000,26000,-19000,-19000
053974,大立光元大96購10,0,0,0,0,0,0,0,0,0,-19000,0,0,0,0,19000,-19000,-19000
053928,智易國票97購03  ,0,0,0,0,0,0,0,0,0,-19000,0,0,0,0,19000,-19000,-19000
053019,禾伸堂元富96購01,0,0,0,0,0,0,0,0,0,-19000,0,0,0,10000,29000,-19000,-19000
052816,上銀永豐96購01  ,0,0,0,0,0,0,0,0,0,-19000,0,0,0,11000,30000,-19000,-19000
054801,康友群益97購02  ,0,0,0,0,0,0,0,0,0,-19000,0,0,0,121000,140000,-19000,-19000
054890,聯鈞統一99購01  ,0,0,0,0,0,0,0,0,0,-19000,0,0,0,48000,67000,-19000,-19000
055078,亞泥中信98購01  ,0,0,0,0,0,0,0,0,0,-19000,0,0,0,0,19000,-19000,-19000
05407P,超眾凱基95售04  ,0,0,0,0,0,0,0,0,0,-19000,0,0,0,35000,54000,-19000,-19000
3305,昇貿            ,11000,30000,-19000,0,0,0,0,0,0,0,0,0,0,0,0,0,-19000
3596,智易            ,239000,277898,-38898,0,0,0,0,0,0,19000,54000,60000,-6000,35000,10000,25000,-19898
055735,宏達電元富98購01,0,0,0,0,0,0,0,0,0,-20000,0,0,0,49000,69000,-20000,-20000
05568P,台積電統一96售03,0,0,0,0,0,0,0,0,0,-20000,0,0,0,0,20000,-20000,-20000
055653,聯詠元富01購02  ,0,0,0,0,0,0,0,0,0,-20000,0,0,0,0,20000,-20000,-20000
055867,臺股指元大97購05,0,0,0,0,0,0,0,0,0,-20000,0,0,0,10000,30000,-20000,-20000
055896,南電統一97購02  ,0,0,0,0,0,0,0,0,0,-20000,0,0,0,0,20000,-20000,-20000
055623,貿聯國泰99購01  ,0,0,0,0,0,0,0,0,0,-20000,0,0,0,0,20000,-20000,-20000
055582,亞德客元大97購01,0,0,0,0,0,0,0,0,0,-20000,0,0,0,279000,299000,-20000,-20000
055552,瑞昱凱基97購02  ,0,0,0,0,0,0,0,0,0,-20000,0,0,0,8000,28000,-20000,-20000
055385,昇陽半元大98購01,0,0,0,0,0,0,0,0,0,-20000,0,0,0,29000,49000,-20000,-20000
055454,華邦電元富97購02,0,0,0,0,0,0,0,0,0,-20000,0,0,0,177000,197000,-20000,-20000
05598P,國巨元富96售03  ,0,0,0,0,0,0,0,0,0,-20000,0,0,0,160000,180000,-20000,-20000
056016,鴻海群益97購06  ,0,0,0,0,0,0,0,0,0,-20000,0,0,0,14000,34000,-20000,-20000
056071,創意元大97購02  ,0,0,0,0,0,0,0,0,0,-20000,0,0,0,69000,89000,-20000,-20000
056538,國泰金凱基98購01,0,0,0,0,0,0,0,0,0,-20000,0,0,0,0,20000,-20000,-20000
056417,欣興中信98購01  ,0,0,0,0,0,0,0,0,0,-20000,0,0,0,0,20000,-20000,-20000
057401,晶豪科群益99購01,0,0,0,0,0,0,0,0,0,-20000,0,0,0,0,20000,-20000,-20000
057405,麗豐群益98購01  ,0,0,0,0,0,0,0,0,0,-20000,0,0,0,11000,31000,-20000,-20000
057255,聯發科麥證98購02,0,0,0,0,20000,-20000,0,0,0,-20000,0,0,0,0,20000,-20000,-20000
06051P,嘉聯益國票97售04,0,0,0,0,0,0,0,0,0,-20000,0,0,0,0,20000,-20000,-20000
05983P,聯詠國票96售02  ,0,0,0,0,0,0,0,0,0,-20000,0,0,0,0,20000,-20000,-20000
06098P,T50反1日盛97售02,0,0,0,0,0,0,0,0,0,-20000,0,0,0,800000,820000,-20000,-20000
05944P,富邦金中信96售01,0,0,0,0,0,0,0,0,0,-20000,0,0,0,0,20000,-20000,-20000
05888P,友達元大97售01  ,0,0,0,0,0,0,0,0,0,-20000,0,0,0,50000,70000,-20000,-20000
05863P,滬深2X元大96售09,0,0,0,0,0,0,0,0,0,-20000,0,0,0,20000,40000,-20000,-20000
057203,麗豐元富98購02  ,0,0,0,0,0,0,0,0,0,-20000,0,0,0,20000,40000,-20000,-20000
056946,國巨統一98購05  ,0,0,0,0,0,0,0,0,0,-20000,0,0,0,6000,26000,-20000,-20000
056949,義隆統一98購01  ,0,0,0,0,0,0,0,0,0,-20000,0,0,0,0,20000,-20000,-20000
057012,康控中信98購01  ,0,0,0,0,0,0,0,0,0,-20000,0,0,0,0,20000,-20000,-20000
056597,宏碁元富98購01  ,0,0,0,0,0,0,0,0,0,-20000,0,0,0,0,20000,-20000,-20000
056652,上証反元大9B購01,0,0,0,0,0,0,0,0,0,-20000,0,0,0,0,20000,-20000,-20000
056674,華邦電元富98購01,0,0,0,0,0,0,0,0,0,-20000,0,0,0,2000,22000,-20000,-20000
05672P,鴻海群益96售03  ,0,0,0,0,0,0,0,0,0,-20000,0,0,0,20000,40000,-20000,-20000
056869,國巨日盛99購03  ,0,0,0,0,0,0,0,0,0,-20000,0,0,0,15000,35000,-20000,-20000
045640,嘉晶凱基93購01  ,0,0,0,0,0,0,0,0,0,-20000,0,0,0,11000,31000,-20000,-20000
045695,英業達兆豐93購01,0,0,0,0,0,0,0,0,0,-20000,0,0,0,0,20000,-20000,-20000
045734,全新國票93購01  ,0,0,0,0,0,0,0,0,0,-20000,0,0,0,0,20000,-20000,-20000
045679,欣興元大94購01  ,0,0,0,0,0,0,0,0,0,-20000,0,0,0,1000,21000,-20000,-20000
045869,滬深2X元富95購01,0,0,0,0,0,0,0,0,0,-20000,0,0,0,10000,30000,-20000,-20000
04596P,臺股指元大94售14,0,0,0,0,0,0,0,0,0,-20000,0,0,0,0,20000,-20000,-20000
03735P,訊芯元大93售02  ,0,0,0,0,0,0,0,0,0,-20000,0,0,0,0,20000,-20000,-20000
03678P,欣興元大92售09  ,0,0,0,0,0,0,0,0,0,-20000,0,0,0,0,20000,-20000,-20000
03153P,聯發科群益03售01,0,0,0,0,0,0,0,0,0,-20000,0,0,0,0,20000,-20000,-20000
00757,統一FANG+       ,0,0,0,0,0,0,0,0,0,-20000,0,0,0,200000,220000,-20000,-20000
020000,富邦特選蘋果N   ,0,0,0,0,0,0,0,0,0,-20000,0,0,0,168000,188000,-20000,-20000
04025P,宏達電國泰94售01,0,0,0,0,0,0,0,0,0,-20000,0,0,0,0,20000,-20000,-20000
03996P,旺宏國泰95售01  ,0,0,0,0,0,0,0,0,0,-20000,0,0,0,0,20000,-20000,-20000
04161P,全新國泰94售01  ,0,0,0,0,0,0,0,0,0,-20000,0,0,0,0,20000,-20000,-20000
04263P,南電群益93售03  ,0,0,0,0,0,0,0,0,0,-20000,0,0,0,0,20000,-20000,-20000
045479,T50反1中信95購01,0,0,0,0,0,0,0,0,0,-20000,0,0,0,0,20000,-20000,-20000
044750,鴻海凱基93購07  ,0,0,0,0,0,0,0,0,0,-20000,0,0,0,0,20000,-20000,-20000
046072,台勝科凱基92購03,0,0,0,0,0,0,0,0,0,-20000,0,0,0,0,20000,-20000,-20000
04610P,世紀鋼永豐94售03,0,0,0,0,0,0,0,0,0,-20000,0,0,0,0,20000,-20000,-20000
043460,台積電元大93購01,0,0,0,0,0,0,0,0,0,-20000,0,0,0,0,20000,-20000,-20000
044401,亞光凱基93購01  ,0,0,0,0,0,0,0,0,0,-20000,0,0,0,0,20000,-20000,-20000
044437,台郡元大92購02  ,0,0,0,0,0,0,0,0,0,-20000,0,0,0,0,20000,-20000,-20000
043889,台表科元大93購01,0,0,0,0,0,0,0,0,0,-20000,0,0,0,10000,30000,-20000,-20000
043912,華新科凱基93購01,0,0,0,0,0,0,0,0,0,-20000,0,0,0,0,20000,-20000,-20000
044216,華新科凱基93購02,0,0,0,0,0,0,0,0,0,-20000,0,0,0,0,20000,-20000,-20000
045093,台表科元大93購02,0,0,0,0,0,0,0,0,0,-20000,0,0,0,10000,30000,-20000,-20000
044998,玉晶光國泰94購01,0,0,0,0,0,0,0,0,0,-20000,0,0,0,0,20000,-20000,-20000
04424P,台郡永豐94售01  ,0,0,0,0,0,0,0,0,0,-20000,0,0,0,0,20000,-20000,-20000
047332,訊芯元大93購04  ,0,0,0,0,0,0,0,0,0,-20000,0,0,0,0,20000,-20000,-20000
047405,香港2X統一96購01,0,0,0,0,0,0,0,0,0,-20000,0,0,0,0,20000,-20000,-20000
047441,聯發科元大93購15,0,0,0,0,0,0,0,0,0,-20000,0,0,0,0,20000,-20000,-20000
048660,台積電統一93購09,0,0,0,0,0,0,0,0,0,-20000,0,0,0,0,20000,-20000,-20000
047460,富邦金群益95購01,0,0,0,0,0,0,0,0,0,-20000,0,0,0,0,20000,-20000,-20000
047696,聯發科國票94購02,0,0,0,0,0,0,0,0,0,-20000,0,0,0,100000,120000,-20000,-20000
047737,義隆麥證94購01  ,0,0,0,0,20000,-20000,0,0,0,-20000,0,0,0,0,20000,-20000,-20000
046433,康友中信92購01  ,0,0,0,0,0,0,0,0,0,-20000,0,0,0,0,20000,-20000,-20000
047780,友達中信96購01  ,0,0,0,0,0,0,0,0,0,-20000,0,0,0,10000,30000,-20000,-20000
047670,矽力永豐93購01  ,0,0,0,0,0,0,0,0,0,-20000,0,0,0,0,20000,-20000,-20000
048063,聯發科統一93購03,0,0,0,0,0,0,0,0,0,-20000,0,0,0,0,20000,-20000,-20000
046700,台郡凱基93購02  ,0,0,0,0,0,0,0,0,0,-20000,0,0,0,0,20000,-20000,-20000
046738,台積電群益93購05,0,0,0,0,0,0,0,0,0,-20000,0,0,0,0,20000,-20000,-20000
048163,南亞科台新93購01,0,0,0,0,0,0,0,0,0,-20000,0,0,0,0,20000,-20000,-20000
048159,聯詠兆豐93購03  ,0,0,0,0,0,0,0,0,0,-20000,0,0,0,0,20000,-20000,-20000
048147,元油反元富95購01,0,0,0,0,0,0,0,0,0,-20000,0,0,0,0,20000,-20000,-20000
046629,群創統一98購01  ,0,0,0,0,0,0,0,0,0,-20000,0,0,0,0,20000,-20000,-20000
046652,上銀元大93購02  ,0,0,0,0,0,0,0,0,0,-20000,0,0,0,2000,22000,-20000,-20000
048845,GIS凱基94購02   ,0,0,0,0,0,0,0,0,0,-20000,0,0,0,0,20000,-20000,-20000
048436,聯茂日盛93購01  ,0,0,0,0,0,0,0,0,0,-20000,0,0,0,0,20000,-20000,-20000
04874P,高股息中信97售01,0,0,0,0,0,0,0,0,0,-20000,0,0,0,0,20000,-20000,-20000
048387,台達電國票94購01,0,0,0,0,0,0,0,0,0,-20000,0,0,0,10000,30000,-20000,-20000
046921,日電貿永豐93購01,0,0,0,0,0,0,0,0,0,-20000,0,0,0,0,20000,-20000,-20000
047856,GIS國票94購01   ,0,0,0,0,0,0,0,0,0,-20000,0,0,0,0,20000,-20000,-20000
047896,京元電群益93購01,0,0,0,0,0,0,0,0,0,-20000,0,0,0,0,20000,-20000,-20000
04720P,台積電凱基94售25,0,0,0,0,0,0,0,0,0,-20000,0,0,0,0,20000,-20000,-20000
047270,元油2X永豐94購02,0,0,0,0,0,0,0,0,0,-20000,0,0,0,0,20000,-20000,-20000
046965,復盛中信93購01  ,0,0,0,0,0,0,0,0,0,-20000,0,0,0,0,20000,-20000,-20000
047990,臺指反元大96購02,0,0,0,0,0,0,0,0,0,-20000,0,0,0,0,20000,-20000,-20000
047923,聯發科凱基94購02,0,0,0,0,0,0,0,0,0,-20000,0,0,0,0,20000,-20000,-20000
047033,日月光中信95購01,0,0,0,0,0,0,0,0,0,-20000,0,0,0,0,20000,-20000,-20000
051193,新日興兆豐96購01,0,0,0,0,0,0,0,0,0,-20000,0,0,0,0,20000,-20000,-20000
050570,聯發科中信97購02,0,0,0,0,0,0,0,0,0,-20000,0,0,0,0,20000,-20000,-20000
050950,健鼎群益96購01  ,0,0,0,0,0,0,0,0,0,-20000,0,0,0,0,20000,-20000,-20000
051069,智邦國票96購01  ,0,0,0,0,0,0,0,0,0,-20000,0,0,0,20000,40000,-20000,-20000
051083,A50正2元大98購01,0,0,0,0,0,0,0,0,0,-20000,0,0,0,50000,70000,-20000,-20000
051003,中環中信97購01  ,0,0,0,0,0,0,0,0,0,-20000,0,0,0,5000,25000,-20000,-20000
048926,燿華永豐95購01  ,0,0,0,0,0,0,0,0,0,-20000,0,0,0,0,20000,-20000,-20000
048972,晶豪科元大94購01,0,0,0,0,0,0,0,0,0,-20000,0,0,0,10000,30000,-20000,-20000
04896P,上証2X中信95售01,0,0,0,0,0,0,0,0,0,-20000,0,0,0,0,20000,-20000,-20000
049014,台達電群益94購02,0,0,0,0,0,0,0,0,0,-20000,0,0,0,0,20000,-20000,-20000
049061,元油2X日盛94購01,0,0,0,0,0,0,0,0,0,-20000,0,0,0,0,20000,-20000,-20000
049024,玉晶光群益97購01,0,0,0,0,0,0,0,0,0,-20000,0,0,0,2000,22000,-20000,-20000
049973,T50反1日盛9A購01,0,0,0,0,0,0,0,0,0,-20000,0,0,0,0,20000,-20000,-20000
048918,上証2X永豐94購01,0,0,0,0,0,0,0,0,0,-20000,0,0,0,0,20000,-20000,-20000
051651,易華電永豐95購01,0,0,0,0,0,0,0,0,0,-20000,0,0,0,5000,25000,-20000,-20000
052437,聯發科富邦99購02,0,0,0,0,0,0,0,0,0,-20000,0,0,0,10000,30000,-20000,-20000
052338,道瓊反凱基97購02,0,0,0,0,0,0,0,0,0,-20000,0,0,0,0,20000,-20000,-20000
05239P,欣興永豐95售03  ,0,0,0,0,0,0,0,0,0,-20000,0,0,0,0,20000,-20000,-20000
052258,滬深2X富邦96購04,0,0,0,0,0,0,0,0,0,-20000,0,0,0,0,20000,-20000,-20000
050124,元金2X凱基95購01,0,0,0,0,0,0,0,0,0,-20000,0,0,0,0,20000,-20000,-20000
05181P,健策凱基95售01  ,0,0,0,0,0,0,0,0,0,-20000,0,0,0,0,20000,-20000,-20000
049194,卜蜂永豐94購01  ,0,0,0,0,0,0,0,0,0,-20000,0,0,0,0,20000,-20000,-20000
050085,國泰金元富94購01,0,0,0,0,0,0,0,0,0,-20000,0,0,0,0,20000,-20000,-20000
052171,台積電元大95購21,0,0,0,0,0,0,0,0,0,-20000,0,0,0,591000,611000,-20000,-20000
051421,彩晶國票95購01  ,0,0,0,0,0,0,0,0,0,-20000,0,0,0,0,20000,-20000,-20000
051995,矽力元大95購03  ,0,0,0,0,0,0,0,0,0,-20000,0,0,0,0,20000,-20000,-20000
052011,欣興中信96購01  ,0,0,0,0,0,0,0,0,0,-20000,0,0,0,0,20000,-20000,-20000
051961,泰碩永豐95購01  ,0,0,0,0,0,0,0,0,0,-20000,0,0,0,0,20000,-20000,-20000
050657,宏達電麥證94購01,0,0,0,10000,30000,-20000,0,0,0,-20000,0,0,0,10000,30000,-20000,-20000
05202P,鴻海元大95售16  ,0,0,0,0,0,0,0,0,0,-20000,0,0,0,5000,25000,-20000,-20000
050917,瀚宇博兆豐96購01,0,0,0,0,0,0,0,0,0,-20000,0,0,0,0,20000,-20000,-20000
049746,全新永豐95購01  ,0,0,0,0,0,0,0,0,0,-20000,0,0,0,0,20000,-20000,-20000
050564,臻鼎元富94購08  ,0,0,0,0,0,0,0,0,0,-20000,0,0,0,0,20000,-20000,-20000
051253,緯創元大95購02  ,0,0,0,0,0,0,0,0,0,-20000,0,0,0,0,20000,-20000,-20000
051260,鴻海永昌96購04  ,0,0,0,0,0,0,0,0,0,-20000,0,0,0,0,20000,-20000,-20000
050861,鴻海永豐95購01  ,0,0,0,0,0,0,0,0,0,-20000,0,0,0,0,20000,-20000,-20000
051310,台達電麥證95購01,0,0,0,0,20000,-20000,0,0,0,-20000,0,0,0,0,20000,-20000,-20000
051312,國泰金麥證95購01,0,0,0,0,20000,-20000,0,0,0,-20000,0,0,0,0,20000,-20000,-20000
050513,亞泥元大94購02  ,0,0,0,0,0,0,0,0,0,-20000,0,0,0,22000,42000,-20000,-20000
051163,鴻海元大95購04  ,0,0,0,0,0,0,0,0,0,-20000,0,0,0,264000,284000,-20000,-20000
049310,台積電凱基94購15,0,0,0,0,0,0,0,0,0,-20000,0,0,0,0,20000,-20000,-20000
049336,台達電統一94購02,0,0,0,0,0,0,0,0,0,-20000,0,0,0,0,20000,-20000,-20000
049337,台達電統一94購03,0,0,0,0,0,0,0,0,0,-20000,0,0,0,0,20000,-20000,-20000
050712,和碩中信94購01  ,0,0,0,0,0,0,0,0,0,-20000,0,0,0,0,20000,-20000,-20000
04946P,華通元大94售04  ,0,0,0,0,0,0,0,0,0,-20000,0,0,0,0,20000,-20000,-20000
049413,台達電凱基94購06,0,0,0,0,0,0,0,0,0,-20000,0,0,0,0,20000,-20000,-20000
049837,臺股指凱基96購02,0,0,0,0,0,0,0,0,0,-20000,0,0,0,0,20000,-20000,-20000
049849,欣興群益94購04  ,0,0,0,0,0,0,0,0,0,-20000,0,0,0,0,20000,-20000,-20000
050671,超眾永豐94購04  ,0,0,0,0,0,0,0,0,0,-20000,0,0,0,0,20000,-20000,-20000
049568,台積電統一94購08,0,0,0,0,0,0,0,0,0,-20000,0,0,0,10000,30000,-20000,-20000
049938,臺股指元大94購19,0,0,0,0,0,0,0,0,0,-20000,0,0,0,0,20000,-20000,-20000
050766,燿華元大96購02  ,0,0,0,0,0,0,0,0,0,-20000,0,0,0,0,20000,-20000,-20000
050784,美律國泰96購01  ,0,0,0,0,0,0,0,0,0,-20000,0,0,0,110000,130000,-20000,-20000
049266,和碩元大94購01  ,0,0,0,0,0,0,0,0,0,-20000,0,0,0,0,20000,-20000,-20000
054067,百和國票97購03  ,0,0,0,0,0,0,0,0,0,-20000,0,0,0,0,20000,-20000,-20000
054010,致伸元富96購01  ,0,0,0,0,0,0,0,0,0,-20000,0,0,0,0,20000,-20000,-20000
054100,致伸國票97購03  ,0,0,0,0,0,0,0,0,0,-20000,0,0,0,0,20000,-20000,-20000
054154,智易國泰97購01  ,0,0,0,0,0,0,0,0,0,-20000,0,0,0,0,20000,-20000,-20000
054156,聯電亞東98購01  ,0,0,0,0,0,0,0,0,0,-20000,0,0,0,0,20000,-20000,-20000
054164,強茂凱基98購01  ,0,0,0,0,0,0,0,0,0,-20000,0,0,0,50000,70000,-20000,-20000
054165,亞光凱基96購02  ,0,0,0,0,0,0,0,0,0,-20000,0,0,0,0,20000,-20000,-20000
054560,全新群益98購03  ,0,0,0,0,0,0,0,0,0,-20000,0,0,0,0,20000,-20000,-20000
054588,玉晶光國泰99購02,0,0,0,0,0,0,0,0,0,-20000,0,0,0,0,20000,-20000,-20000
054690,新興永豐97購01  ,0,0,0,0,0,0,0,0,0,-20000,0,0,0,0,20000,-20000,-20000
054654,全新麥證99購01  ,0,0,0,0,20000,-20000,0,0,0,-20000,0,0,0,0,20000,-20000,-20000
054476,聯發科中信96購03,0,0,0,0,0,0,0,0,0,-20000,0,0,0,0,20000,-20000,-20000
054369,鴻海中信9C購01  ,0,0,0,0,0,0,0,0,0,-20000,0,0,0,14000,34000,-20000,-20000
054376,聯茂中信97購01  ,0,0,0,0,0,0,0,0,0,-20000,0,0,0,80000,100000,-20000,-20000
054363,世芯凱基97購01  ,0,0,0,0,0,0,0,0,0,-20000,0,0,0,0,20000,-20000,-20000
055034,建準富邦99購01  ,0,0,0,0,0,0,0,0,0,-20000,0,0,0,0,20000,-20000,-20000
055224,鴻海國票99購02  ,0,0,0,0,0,0,0,0,0,-20000,0,0,0,0,20000,-20000,-20000
055232,泰碩國票98購01  ,0,0,0,0,0,0,0,0,0,-20000,0,0,0,0,20000,-20000,-20000
05525P,奇力新群益96售02,0,0,0,0,0,0,0,0,0,-20000,0,0,0,0,20000,-20000,-20000
055245,凱美統一99購01  ,0,0,0,0,0,0,0,0,0,-20000,0,0,0,10000,30000,-20000,-20000
055285,華新科元大99購03,0,0,0,0,0,0,0,0,0,-20000,0,0,0,150000,170000,-20000,-20000
054999,玉晶光元富97購03,0,0,0,0,0,0,0,0,0,-20000,0,0,0,0,20000,-20000,-20000
055014,達興元富97購01  ,0,0,0,0,0,0,0,0,0,-20000,0,0,0,0,20000,-20000,-20000
054826,復盛元大9A購01  ,0,0,0,0,0,0,0,0,0,-20000,0,0,0,35000,55000,-20000,-20000
054829,亞光國泰99購01  ,0,0,0,0,0,0,0,0,0,-20000,0,0,0,85000,105000,-20000,-20000
054751,GIS凱基98購01   ,0,0,0,0,0,0,0,0,0,-20000,0,0,0,0,20000,-20000,-20000
052830,台光電群益96購01,30000,0,30000,0,0,0,0,0,0,-50000,0,0,0,181000,231000,-50000,-20000
052828,滬深2X群益9A購02,0,0,0,0,0,0,0,0,0,-20000,0,0,0,0,20000,-20000,-20000
052845,旺宏統一97購01  ,0,0,0,0,0,0,0,0,0,-20000,0,0,0,0,20000,-20000,-20000
052871,群創凱基98購07  ,0,0,0,0,0,0,0,0,0,-20000,0,0,0,0,20000,-20000,-20000
052664,麗豐國票96購02  ,0,0,0,0,0,0,0,0,0,-20000,0,0,0,0,20000,-20000,-20000
052675,新光金國泰98購01,0,0,0,0,0,0,0,0,0,-20000,0,0,0,0,20000,-20000,-20000
05277P,深中小統一95售02,0,0,0,0,0,0,0,0,0,-20000,0,0,0,0,20000,-20000,-20000
052718,新唐凱基96購01  ,0,0,0,0,0,0,0,0,0,-20000,0,0,0,0,20000,-20000,-20000
05298P,上銀元大95售03  ,0,0,0,0,0,0,0,0,0,-20000,0,0,0,0,20000,-20000,-20000
053268,日月光群益96購01,0,0,0,0,0,0,0,0,0,-20000,0,0,0,207000,227000,-20000,-20000
053250,百和國票97購02  ,0,0,0,0,0,0,0,0,0,-20000,0,0,0,0,20000,-20000,-20000
053176,矽力群益96購02  ,0,0,0,0,0,0,0,0,0,-20000,0,0,0,29000,49000,-20000,-20000
053923,亞光國票97購01  ,0,0,0,0,0,0,0,0,0,-20000,0,0,0,23000,43000,-20000,-20000
053867,創意元大96購04  ,0,0,0,0,0,0,0,0,0,-20000,0,0,0,49000,69000,-20000,-20000
053826,光磊麥證97購01  ,0,0,0,0,20000,-20000,0,0,0,-20000,0,0,0,0,20000,-20000,-20000
053688,燿華元大96購05  ,0,0,0,0,0,0,0,0,0,-20000,0,0,0,72000,92000,-20000,-20000
053718,全新凱基97購02  ,0,0,0,0,0,0,0,0,0,-20000,0,0,0,0,20000,-20000,-20000
053555,日月光凱基97購01,0,0,0,0,0,0,0,0,0,-20000,0,0,0,0,20000,-20000,-20000
053552,華新科凱基96購08,0,0,0,0,0,0,0,0,0,-20000,0,0,0,20000,40000,-20000,-20000
053532,台積電永豐96購03,0,0,0,0,0,0,0,0,0,-20000,0,0,0,107000,127000,-20000,-20000
05360P,健策元大95售03  ,0,0,0,0,0,0,0,0,0,-20000,0,0,0,0,20000,-20000,-20000
05363P,臺股指富邦95售03,0,0,0,0,0,0,0,0,0,-20000,0,0,0,200000,220000,-20000,-20000
053365,彩晶國泰98購01  ,0,0,0,0,0,0,0,0,0,-20000,0,0,0,0,20000,-20000,-20000
08484P,台灣50中信96售01,0,0,0,0,0,0,0,0,0,-20000,0,0,0,0,20000,-20000,-20000
08801P,聯發科元大01售13,0,0,0,0,0,0,0,0,0,-20000,0,0,0,0,20000,-20000,-20000
06597P,國巨富邦9A售05  ,0,0,0,0,0,0,0,0,0,-20000,0,0,0,20000,40000,-20000,-20000
06631P,玉晶光群益9A售03,0,0,0,0,0,0,0,0,0,-20000,0,0,0,0,20000,-20000,-20000
06433P,大立光群益99售01,0,0,0,0,0,0,0,0,0,-20000,0,0,0,7000,27000,-20000,-20000
06395P,台積電元大97售29,0,0,0,0,0,0,0,0,0,-20000,0,0,0,10000,30000,-20000,-20000
06195P,台積電元富97售06,0,0,0,0,0,0,0,0,0,-20000,0,0,0,1708000,1728000,-20000,-20000
06175P,台積電元大97售21,0,0,0,0,0,0,0,0,0,-20000,0,0,0,0,20000,-20000,-20000
06305P,臺股指元大97售11,0,0,0,0,0,0,0,0,0,-20000,0,0,0,10000,30000,-20000,-20000
06268P,聯詠凱基97售02  ,0,0,0,0,0,0,0,0,0,-20000,0,0,0,0,20000,-20000,-20000
6582,申豐            ,3000,16000,-13000,0,0,0,0,0,0,-7000,2000,9000,-7000,0,0,0,-20000
6152,百一            ,0,20000,-20000,0,0,0,0,0,0,0,0,0,0,0,0,0,-20000
056663,臺股指元大9A購10,0,0,0,0,0,0,0,0,0,-21000,0,0,0,0,21000,-21000,-21000
056692,燿華群益98購03  ,0,0,0,0,0,0,0,0,0,-21000,0,0,0,22000,43000,-21000,-21000
05878P,創意群益98售01  ,0,0,0,0,0,0,0,0,0,-21000,0,0,0,0,21000,-21000,-21000
056307,貿聯元大97購05  ,0,0,0,0,0,0,0,0,0,-21000,0,0,0,38000,59000,-21000,-21000
056354,國巨元大98購10  ,0,0,0,0,0,0,0,0,0,-21000,0,0,0,0,21000,-21000,-21000
05597P,鴻海元富96售06  ,0,0,0,0,0,0,0,0,0,-21000,0,0,0,10000,31000,-21000,-21000
056243,創意群益97購03  ,0,0,0,0,0,0,0,0,0,-21000,0,0,0,1000,22000,-21000,-21000
056116,義隆群益97購02  ,0,0,0,0,0,0,0,0,0,-21000,0,0,0,0,21000,-21000,-21000
055946,元油反元大97購02,0,0,0,0,0,0,0,0,0,-21000,0,0,0,0,21000,-21000,-21000
055717,聯發科元大97購19,0,0,0,0,0,0,0,0,0,-21000,0,0,0,45000,66000,-21000,-21000
046792,京元電元富96購01,0,0,0,0,0,0,0,0,0,-21000,0,0,0,10000,31000,-21000,-21000
046770,聯發科國泰94購01,0,0,0,0,0,0,0,0,0,-21000,0,0,0,15000,36000,-21000,-21000
044908,玉晶光凱基93購01,0,0,0,0,0,0,0,0,0,-21000,0,0,0,0,21000,-21000,-21000
042927,道瓊反中信94購01,0,0,0,0,0,0,0,0,0,-21000,0,0,0,29000,50000,-21000,-21000
045836,群創群益98購01  ,0,0,0,0,0,0,0,0,0,-21000,0,0,0,0,21000,-21000,-21000
049389,元石油中信97購02,0,0,0,0,0,0,0,0,0,-21000,0,0,0,148000,169000,-21000,-21000
051164,鴻海元大95購05  ,0,0,0,0,0,0,0,0,0,-21000,0,0,0,0,21000,-21000,-21000
051541,GIS國票96購02   ,0,0,0,0,0,0,0,0,0,-21000,0,0,0,0,21000,-21000,-21000
05153P,台表科群益96售01,0,0,0,0,0,0,0,0,0,-21000,0,0,0,0,21000,-21000,-21000
050869,健策永豐95購01  ,0,0,0,0,0,0,0,0,0,-21000,0,0,0,27000,48000,-21000,-21000
052081,臺股指元富95購03,0,0,0,0,0,0,0,0,0,-21000,0,0,0,0,21000,-21000,-21000
051545,裕隆康和95購01  ,0,0,0,0,0,0,0,0,0,-21000,0,0,0,133000,154000,-21000,-21000
050633,義隆群益96購02  ,0,0,0,0,0,0,0,0,0,-21000,0,0,0,0,21000,-21000,-21000
049773,臺股指元富94購02,0,0,0,0,0,0,0,0,0,-21000,0,0,0,0,21000,-21000,-21000
05197P,智原永豐95售02  ,0,0,0,0,0,0,0,0,0,-21000,0,0,0,14000,35000,-21000,-21000
051860,為升凱基95購01  ,0,0,0,0,0,0,0,0,0,-21000,0,0,0,0,21000,-21000,-21000
052446,聯發科元大96購03,0,0,0,0,0,0,0,0,0,-21000,0,0,0,100000,121000,-21000,-21000
052503,大成鋼日盛95購02,0,0,0,0,0,0,0,0,0,-21000,0,0,0,0,21000,-21000,-21000
050320,台表科國票94購01,0,0,0,0,0,0,0,0,0,-21000,0,0,0,10000,31000,-21000,-21000
050405,新光金麥證94購01,0,0,0,0,21000,-21000,0,0,0,-21000,0,0,0,0,21000,-21000,-21000
050028,華新科元大94購03,0,0,0,0,0,0,0,0,0,-21000,0,0,0,0,21000,-21000,-21000
053574,奇力新元富99購01,0,0,0,0,0,0,0,0,0,-21000,0,0,0,105000,126000,-21000,-21000
053941,國巨國泰96購05  ,0,0,0,0,0,0,0,0,0,-21000,0,0,0,2000,23000,-21000,-21000
053994,微星群益96購01  ,0,0,0,0,0,0,0,0,0,-21000,0,0,0,11000,32000,-21000,-21000
052635,奇力新凱基98購01,0,0,0,0,0,0,0,0,0,-21000,0,0,0,0,21000,-21000,-21000
052875,樺漢凱基96購02  ,0,0,0,0,0,0,0,0,0,-21000,0,0,0,0,21000,-21000,-21000
054781,台化群益99購01  ,0,0,0,0,0,0,0,0,0,-21000,0,0,0,0,21000,-21000,-21000
054035,聯詠麥證96購01  ,0,0,0,0,21000,-21000,0,0,0,-21000,0,0,0,0,21000,-21000,-21000
054261,智伸科元大96購03,0,0,0,0,0,0,0,0,0,-21000,0,0,0,33000,54000,-21000,-21000
9905,大華            ,0,21000,-21000,0,0,0,0,0,0,0,0,0,0,0,0,0,-21000
06185P,台表科元大97售05,0,0,0,0,0,0,0,0,0,-21000,0,0,0,2000,23000,-21000,-21000
06590P,大立光元大98售13,0,0,0,0,0,0,0,0,0,-21000,0,0,0,0,21000,-21000,-21000
06730P,祥碩元大98售07  ,0,0,0,0,0,0,0,0,0,-21000,0,0,0,0,21000,-21000,-21000
06719P,台灣50群益9A售01,0,0,0,0,0,0,0,0,0,-21000,0,0,0,0,21000,-21000,-21000
1626,艾美特-KY       ,29000,50000,-21000,0,0,0,0,0,0,0,0,0,0,0,0,0,-21000
2227,裕日車          ,9000,31000,-22000,0,0,0,1000,0,1000,0,0,0,0,0,0,0,-21000
05592P,可成群益96售03  ,0,0,0,0,0,0,0,0,0,-22000,0,0,0,60000,82000,-22000,-22000
055381,茂林元大97購02  ,0,0,0,0,0,0,0,0,0,-22000,0,0,0,79000,101000,-22000,-22000
055327,致新國票98購01  ,0,0,0,0,0,0,0,0,0,-22000,0,0,0,30000,52000,-22000,-22000
056115,奇力新群益97購06,0,0,0,0,0,0,0,0,0,-22000,0,0,0,161000,183000,-22000,-22000
05634P,玉晶光台新97售01,0,0,0,0,0,0,0,0,0,-22000,0,0,0,0,22000,-22000,-22000
06084P,宏達電元富97售02,0,0,0,0,0,0,0,0,0,-22000,0,0,0,5000,27000,-22000,-22000
06024P,台郡國票97售05  ,0,0,0,0,0,0,0,0,0,-22000,0,0,0,53000,75000,-22000,-22000
057337,聯發科國票99購02,0,0,0,0,0,0,0,0,0,-22000,0,0,0,8000,30000,-22000,-22000
057327,玉晶光群益9A購04,0,0,0,0,0,0,0,0,0,-22000,0,0,0,0,22000,-22000,-22000
057028,台郡凱基99購02  ,0,0,0,0,0,0,0,0,0,-22000,0,0,0,13000,35000,-22000,-22000
04583P,滬深2X永豐94售06,0,0,0,0,0,0,0,0,0,-22000,0,0,0,0,22000,-22000,-22000
045750,鈺齊富邦94購01  ,0,0,0,0,0,0,0,0,0,-22000,0,0,0,0,22000,-22000,-22000
04287P,A50正2中信96售01,0,0,0,0,0,0,0,0,0,-22000,0,0,0,10000,32000,-22000,-22000
047547,友達凱基99購02  ,0,0,0,0,0,0,0,0,0,-22000,0,0,0,0,22000,-22000,-22000
048498,嘉澤元大94購01  ,0,0,0,0,0,0,0,0,0,-22000,0,0,0,58000,80000,-22000,-22000
04901P,臺股指麥證94售02,0,0,0,0,22000,-22000,0,0,0,-22000,0,0,0,0,22000,-22000,-22000
048990,台表科元大94購01,0,0,0,0,0,0,0,0,0,-22000,0,0,0,0,22000,-22000,-22000
050496,鴻海富邦96購01  ,0,0,0,0,0,0,0,0,0,-22000,0,0,0,58000,80000,-22000,-22000
05049P,矽創永豐95售01  ,0,0,0,0,0,0,0,0,0,-22000,0,0,0,104000,126000,-22000,-22000
050252,聯發科國泰95購01,0,0,0,0,0,0,0,0,0,-22000,0,0,0,139000,161000,-22000,-22000
052229,奇力新凱基96購01,0,0,0,0,0,0,0,0,0,-22000,0,0,0,0,22000,-22000,-22000
052309,健策國泰97購01  ,0,0,0,0,0,0,0,0,0,-22000,0,0,0,24000,46000,-22000,-22000
052194,旺宏元富95購04  ,0,0,0,0,0,0,0,0,0,-22000,0,0,0,39000,61000,-22000,-22000
049459,全新元富95購02  ,0,0,0,0,0,0,0,0,0,-22000,0,0,0,0,22000,-22000,-22000
051378,奇力新群益95購01,0,0,0,0,0,0,0,0,0,-22000,0,0,0,26000,48000,-22000,-22000
054561,奇力新群益97購03,0,0,0,0,0,0,0,0,0,-22000,0,0,0,2000,24000,-22000,-22000
054788,華新科群益98購02,0,0,0,0,0,0,0,0,0,-22000,0,0,0,48000,70000,-22000,-22000
053392,致新元大96購01  ,0,0,0,0,0,0,0,0,0,-22000,0,0,0,15000,37000,-22000,-22000
2428,興勤            ,36000,67000,-31000,0,0,0,0,0,0,9000,0,0,0,10000,1000,9000,-22000
2467,志聖            ,8000,27000,-19000,0,0,0,0,0,0,-3000,0,3000,-3000,0,0,0,-22000
2612,中航            ,39000,41000,-2000,0,0,0,0,20000,-20000,0,0,0,0,0,0,0,-22000
2538,基泰            ,16000,18000,-2000,0,0,0,0,0,0,-20000,0,20000,-20000,0,0,0,-22000
3419,譁裕            ,20000,41000,-21000,0,0,0,0,0,0,-1000,0,1000,-1000,0,0,0,-22000
1531,高林股          ,0,22000,-22000,0,0,0,0,0,0,0,0,0,0,0,0,0,-22000
1507,永大            ,3000,23000,-20000,0,0,0,0,0,0,-2000,0,2000,-2000,0,0,0,-22000
057023,美律凱基99購02  ,0,0,0,0,0,0,0,0,0,-23000,0,0,0,0,23000,-23000,-23000
056775,康控元大99購01  ,0,0,0,0,0,0,0,0,0,-23000,0,0,0,58000,81000,-23000,-23000
057259,台積電兆豐98購03,0,0,0,0,0,0,0,0,0,-23000,0,0,0,125000,148000,-23000,-23000
06041P,全新永豐96售03  ,0,0,0,0,0,0,0,0,0,-23000,0,0,0,90000,113000,-23000,-23000
056360,智邦元大98購01  ,0,0,0,0,0,0,0,0,0,-23000,0,0,0,12000,35000,-23000,-23000
055615,宏達電國票99購02,0,0,0,0,0,0,0,0,0,-23000,0,0,0,41000,64000,-23000,-23000
048179,臻鼎富邦97購01  ,0,0,0,0,0,0,0,0,0,-23000,0,0,0,0,23000,-23000,-23000
050933,南亞國票95購01  ,0,0,0,0,0,0,0,0,0,-23000,0,0,0,0,23000,-23000,-23000
04517P,宏達電群益95售01,0,0,0,0,0,0,0,0,0,-23000,0,0,0,5000,28000,-23000,-23000
045361,鈺齊凱基93購01  ,0,0,0,0,0,0,0,0,0,-23000,0,0,0,20000,43000,-23000,-23000
04451P,可成凱基94售04  ,0,0,0,0,0,0,0,0,0,-23000,0,0,0,94000,117000,-23000,-23000
04290P,滬深2X富邦96售03,0,0,0,0,0,0,0,0,0,-23000,0,0,0,0,23000,-23000,-23000
049511,奇力新凱基94購03,0,0,0,0,0,0,0,0,0,-23000,0,0,0,0,23000,-23000,-23000
049149,華新科元大95購03,0,0,0,0,0,0,0,0,0,-23000,0,0,0,97000,120000,-23000,-23000
050013,淘帝國泰95購01  ,0,0,0,0,0,0,0,0,0,-23000,0,0,0,0,23000,-23000,-23000
053428,中磊永豐96購02  ,0,0,0,0,0,0,0,0,0,-23000,0,0,0,55000,78000,-23000,-23000
053621,臺股指群益96購07,0,0,0,0,0,0,0,0,0,-23000,0,0,0,0,23000,-23000,-23000
053182,大立光元富96購02,0,0,0,0,0,0,0,0,0,-23000,0,0,0,0,23000,-23000,-23000
054758,南亞國票9A購01  ,0,0,0,0,0,0,0,0,0,-23000,0,0,0,0,23000,-23000,-23000
055307,瑞昱群益97購02  ,0,0,0,0,0,0,0,0,0,-23000,0,0,0,20000,43000,-23000,-23000
054212,聯詠國票97購03  ,0,0,0,0,0,0,0,0,0,-23000,0,0,0,14000,37000,-23000,-23000
2348,海悅            ,4000,27000,-23000,0,0,0,0,0,0,0,0,0,0,0,0,0,-23000
055488,華邦電元大98購01,0,0,0,0,0,0,0,0,0,-24000,0,0,0,11000,35000,-24000,-24000
055694,光罩國票98購01  ,115000,0,115000,0,0,0,0,0,0,-139000,0,0,0,93000,232000,-139000,-24000
056517,茂林兆豐99購01  ,0,0,0,0,0,0,0,0,0,-24000,0,0,0,36000,60000,-24000,-24000
056102,億光永豐97購02  ,0,0,0,0,0,0,0,0,0,-24000,0,0,0,6000,30000,-24000,-24000
05917P,宏達電元大96售02,0,0,0,0,0,0,0,0,0,-24000,0,0,0,4000,28000,-24000,-24000
056870,全新日盛9A購01  ,0,0,0,0,0,0,0,0,0,-24000,0,0,0,70000,94000,-24000,-24000
057165,國巨元大99購05  ,0,0,0,0,0,0,0,0,0,-24000,0,0,0,132000,156000,-24000,-24000
00651R,FH香港反1       ,0,0,0,0,0,0,0,0,0,-24000,0,0,0,157000,181000,-24000,-24000
045454,上銀元大93購01  ,0,0,0,0,0,0,0,0,0,-24000,0,0,0,76000,100000,-24000,-24000
047850,彩晶統一94購01  ,0,0,0,0,0,0,0,0,0,-24000,0,0,0,0,24000,-24000,-24000
047925,可成凱基94購01  ,0,0,0,0,0,0,0,0,0,-24000,0,0,0,26000,50000,-24000,-24000
048427,百和元富95購01  ,0,0,0,0,0,0,0,0,0,-24000,0,0,0,10000,34000,-24000,-24000
048762,寶齡凱基94購01  ,0,0,0,0,0,0,0,0,0,-24000,0,0,0,0,24000,-24000,-24000
048049,滬深反中信96購01,0,0,0,0,0,0,0,0,0,-24000,0,0,0,16000,40000,-24000,-24000
050202,建準群益95購01  ,0,0,0,0,0,0,0,0,0,-24000,0,0,0,11000,35000,-24000,-24000
050219,台積電元富95購03,0,0,0,0,0,0,0,0,0,-24000,0,0,0,56000,80000,-24000,-24000
049150,新光金元大96購01,0,0,0,0,0,0,0,0,0,-24000,0,0,0,0,24000,-24000,-24000
049138,台積電元大94購05,0,0,0,0,0,0,0,0,0,-24000,0,0,0,517000,541000,-24000,-24000
049126,玉晶光元富94購02,0,0,0,0,0,0,0,0,0,-24000,0,0,0,1000,25000,-24000,-24000
052195,健策元富95購01  ,0,0,0,0,0,0,0,0,0,-24000,0,0,0,22000,46000,-24000,-24000
05079P,可成永豐95售01  ,0,0,0,0,0,0,0,0,0,-24000,0,0,0,0,24000,-24000,-24000
051997,康友元大95購02  ,0,0,0,0,0,0,0,0,0,-24000,0,0,0,286000,310000,-24000,-24000
049667,大立光國泰96購01,0,0,0,0,0,0,0,0,0,-24000,0,0,0,31000,55000,-24000,-24000
054172,易華電凱基98購01,0,0,0,0,0,0,0,0,0,-24000,0,0,0,0,24000,-24000,-24000
054685,國巨永豐97購02  ,0,0,0,0,0,0,0,0,0,-24000,0,0,0,483000,507000,-24000,-24000
055038,華航富邦99購01  ,0,0,0,0,0,0,0,0,0,-24000,0,0,0,10000,34000,-24000,-24000
052884,台積電兆豐96購01,0,0,0,0,0,0,0,0,0,-24000,0,0,0,299000,323000,-24000,-24000
052719,致新凱基96購01  ,0,0,0,0,0,0,0,0,0,-24000,0,0,0,68000,92000,-24000,-24000
053517,崇越群益97購01  ,0,0,0,0,0,0,0,0,0,-24000,0,0,0,6000,30000,-24000,-24000
053438,玉晶光麥證97購02,0,0,0,1000,25000,-24000,0,0,0,-24000,0,0,0,1000,25000,-24000,-24000
053349,台郡國票97購02  ,0,0,0,0,0,0,0,0,0,-24000,0,0,0,76000,100000,-24000,-24000
053989,奇力新兆豐97購01,0,0,0,0,0,0,0,0,0,-24000,0,0,0,23000,47000,-24000,-24000
3055,蔚華科          ,22000,22000,0,0,0,0,0,0,0,-24000,0,24000,-24000,0,0,0,-24000
1582,信錦            ,33000,55000,-22000,0,0,0,0,0,0,-2000,0,2000,-2000,0,0,0,-24000
06599P,宏達電永豐98售02,0,0,0,0,0,0,0,0,0,-24000,0,0,0,0,24000,-24000,-24000
06307P,聚陽元富97售02  ,0,0,0,0,0,0,0,0,0,-24000,0,0,0,2000,26000,-24000,-24000
06316P,臺股指元富97售03,0,0,0,0,0,0,0,0,0,-24000,0,0,0,1000,25000,-24000,-24000
8070,長華*           ,5000,32000,-27000,0,0,0,0,0,0,3000,3000,0,3000,0,0,0,-24000
057166,國巨元大99購06  ,0,0,0,0,0,0,0,0,0,-25000,0,0,0,214000,239000,-25000,-25000
056598,京元電元富98購01,0,0,0,0,0,0,0,0,0,-25000,0,0,0,1000,26000,-25000,-25000
05875P,旺宏群益98售01  ,0,0,0,0,0,0,0,0,0,-25000,0,0,0,0,25000,-25000,-25000
057282,大立光元大99購06,0,0,0,0,0,0,0,0,0,-25000,0,0,0,1000,26000,-25000,-25000
057552,禾伸堂凱基98購05,0,0,0,0,0,0,0,0,0,-25000,0,0,0,0,25000,-25000,-25000
056158,新日興凱基98購02,0,0,0,0,0,0,0,0,0,-25000,0,0,0,586000,611000,-25000,-25000
056160,智易凱基97購03  ,0,0,0,0,0,0,0,0,0,-25000,0,0,0,37000,62000,-25000,-25000
055954,南港元大97購02  ,0,0,0,0,0,0,0,0,0,-25000,0,0,0,0,25000,-25000,-25000
055964,正文元大97購02  ,0,0,0,0,0,0,0,0,0,-25000,0,0,0,36000,61000,-25000,-25000
056088,台郡統一97購02  ,0,0,0,0,0,0,0,0,0,-25000,0,0,0,20000,45000,-25000,-25000
056510,正文永豐98購02  ,0,0,0,0,0,0,0,0,0,-25000,0,0,0,1000,26000,-25000,-25000
05626P,景碩國票97售03  ,0,0,0,0,0,0,0,0,0,-25000,0,0,0,0,25000,-25000,-25000
055666,鴻海群益97購05  ,0,0,0,0,0,0,0,0,0,-25000,0,0,0,0,25000,-25000,-25000
055584,國巨元大97購11  ,0,0,0,0,0,0,0,0,0,-25000,0,0,0,50000,75000,-25000,-25000
055329,百和國票98購01  ,0,0,0,0,0,0,0,0,0,-25000,0,0,0,0,25000,-25000,-25000
055388,華通統一97購03  ,0,0,0,0,0,0,0,0,0,-25000,0,0,0,0,25000,-25000,-25000
047557,麗豐凱基94購02  ,0,0,0,0,0,0,0,0,0,-25000,0,0,0,0,25000,-25000,-25000
048803,大立光富邦96購01,0,0,0,0,0,0,0,0,0,-25000,0,0,0,0,25000,-25000,-25000
047245,聯發科群益94購03,0,0,0,0,0,0,0,0,0,-25000,0,0,0,0,25000,-25000,-25000
051228,聯發科群益95購03,0,0,0,0,0,0,0,0,0,-25000,0,0,0,0,25000,-25000,-25000
051049,亞德客群益95購01,0,0,0,0,0,0,0,0,0,-25000,0,0,0,61000,86000,-25000,-25000
04450P,京元電凱基94售01,0,0,0,0,0,0,0,0,0,-25000,0,0,0,37000,62000,-25000,-25000
04377P,大立光元大94售04,0,0,0,0,0,0,0,0,0,-25000,0,0,0,0,25000,-25000,-25000
04379P,大立光元大94售06,0,0,0,0,0,0,0,0,0,-25000,0,0,0,0,25000,-25000,-25000
04343P,啟碁永豐93售02  ,0,0,0,0,0,0,0,0,0,-25000,0,0,0,0,25000,-25000,-25000
00736,國泰新興市場    ,0,0,0,0,0,0,0,0,0,-25000,0,0,0,130000,155000,-25000,-25000
03968P,聯發科國票93售05,0,0,0,0,0,0,0,0,0,-25000,0,0,0,0,25000,-25000,-25000
045634,友達凱基93購02  ,0,0,0,0,0,0,0,0,0,-25000,0,0,0,0,25000,-25000,-25000
051528,亞泥國票96購01  ,0,0,0,0,0,0,0,0,0,-25000,0,0,0,0,25000,-25000,-25000
049706,世紀鋼元大95購02,0,0,0,0,0,0,0,0,0,-25000,0,0,0,25000,50000,-25000,-25000
051435,聯茂元富95購01  ,0,0,0,0,0,0,0,0,0,-25000,0,0,0,5000,30000,-25000,-25000
050771,華新科元大94購06,0,0,0,0,0,0,0,0,0,-25000,0,0,0,27000,52000,-25000,-25000
050813,旺宏凱基96購01  ,0,0,0,0,0,0,0,0,0,-25000,0,0,0,3000,28000,-25000,-25000
049214,台達電國票95購01,0,0,0,0,0,0,0,0,0,-25000,0,0,0,0,25000,-25000,-25000
049593,群創元大9A購01  ,0,0,0,0,0,0,0,0,0,-25000,0,0,0,294000,319000,-25000,-25000
04912P,可成元富94售06  ,0,0,0,0,0,0,0,0,0,-25000,0,0,0,0,25000,-25000,-25000
049173,鴻海凱基94購15  ,0,0,0,0,0,0,0,0,0,-25000,0,0,0,0,25000,-25000,-25000
052417,聯發科兆豐9B購01,0,0,0,0,0,0,0,0,0,-25000,0,0,0,8000,33000,-25000,-25000
05168P,鴻海元大95售14  ,0,0,0,0,0,0,0,0,0,-25000,0,0,0,1000,26000,-25000,-25000
050381,鴻海兆豐94購01  ,0,0,0,0,0,0,0,0,0,-25000,0,0,0,0,25000,-25000,-25000
050191,和碩元大94購02  ,0,0,0,0,0,0,0,0,0,-25000,0,0,0,0,25000,-25000,-25000
05174P,元金2X富邦9B售01,0,0,0,0,0,0,0,0,0,-25000,0,0,0,0,25000,-25000,-25000
05178P,大立光凱基96售05,0,0,0,0,0,0,0,0,0,-25000,0,0,0,75000,100000,-25000,-25000
050061,聯發科凱基94購07,0,0,0,0,0,0,0,0,0,-25000,0,0,0,11000,36000,-25000,-25000
051410,京元電國票96購01,0,0,0,0,0,0,0,0,0,-25000,0,0,0,0,25000,-25000,-25000
048981,牧德元大94購01  ,0,0,0,0,0,0,0,0,0,-25000,0,0,0,85000,110000,-25000,-25000
048933,晶豪科永豐94購01,0,0,0,0,0,0,0,0,0,-25000,0,0,0,0,25000,-25000,-25000
053894,創意群益96購01  ,0,0,0,0,0,0,0,0,0,-25000,0,0,0,43000,68000,-25000,-25000
053655,全新凱基98購02  ,0,0,0,0,0,0,0,0,0,-25000,0,0,0,20000,45000,-25000,-25000
053776,台積電元大96購19,0,0,0,0,0,0,0,0,0,-25000,0,0,0,2000,27000,-25000,-25000
053528,南電中信9A購01  ,0,0,0,0,0,0,0,0,0,-25000,0,0,0,0,25000,-25000,-25000
053550,聯發科凱基96購15,0,0,0,0,0,0,0,0,0,-25000,0,0,0,0,25000,-25000,-25000
052857,大成鋼凱基96購01,0,0,0,0,0,0,0,0,0,-25000,0,0,0,0,25000,-25000,-25000
054831,緯穎國泰98購01  ,0,0,0,0,0,0,0,0,0,-25000,0,0,0,16000,41000,-25000,-25000
054877,百和群益98購01  ,0,0,0,0,0,0,0,0,0,-25000,0,0,0,0,25000,-25000,-25000
054199,大立光永昌96購07,0,0,0,0,0,0,0,0,0,-25000,0,0,0,5000,30000,-25000,-25000
054214,京鼎國票97購02  ,0,0,0,0,0,0,0,0,0,-25000,0,0,0,20000,45000,-25000,-25000
054285,國巨元大98購02  ,0,0,0,0,0,0,0,0,0,-25000,0,0,0,69000,94000,-25000,-25000
06356P,啟碁永豐97售01  ,0,0,0,0,0,0,0,0,0,-25000,0,0,0,0,25000,-25000,-25000
06586P,鴻海元大9C售01  ,0,0,0,0,0,0,0,0,0,-25000,0,0,0,0,25000,-25000,-25000
3023,信邦            ,126000,123000,3000,0,0,0,0,0,0,-28000,10000,28000,-18000,0,10000,-10000,-25000
055487,國巨元大98購07  ,0,0,0,0,0,0,0,0,0,-26000,0,0,0,230000,256000,-26000,-26000
055508,矽力元大97購01  ,0,0,0,0,0,0,0,0,0,-26000,0,0,0,0,26000,-26000,-26000
057362,元油2X元大98購12,0,0,0,0,0,0,0,0,0,-26000,0,0,0,4000,30000,-26000,-26000
05956P,漢唐國票96售02  ,0,0,0,0,0,0,0,0,0,-26000,0,0,0,0,26000,-26000,-26000
05865P,大立光元大96售09,0,0,0,0,0,0,0,0,0,-26000,0,0,0,51000,77000,-26000,-26000
06052P,台郡國票97售06  ,0,0,0,0,0,0,0,0,0,-26000,0,0,0,10000,36000,-26000,-26000
06125P,楠梓電元富99售01,0,0,0,0,0,0,0,0,0,-26000,0,0,0,0,26000,-26000,-26000
056933,國巨元富98購03  ,0,0,0,0,0,0,0,0,0,-26000,0,0,0,25000,51000,-26000,-26000
056891,國巨元大99購03  ,0,0,0,0,0,0,0,0,0,-26000,0,0,0,202000,228000,-26000,-26000
04310P,京元電統一93售03,0,0,0,0,0,0,0,0,0,-26000,0,0,0,10000,36000,-26000,-26000
00852L,國泰美國道瓊正2 ,0,0,0,0,0,0,0,0,0,-26000,0,110000,-110000,336000,252000,84000,-26000
045013,大立光元大93購04,0,0,0,0,0,0,0,0,0,-26000,0,0,0,0,26000,-26000,-26000
047898,嘉澤群益93購02  ,0,0,0,0,0,0,0,0,0,-26000,0,0,0,40000,66000,-26000,-26000
048780,臺股指凱基94購03,0,0,0,0,0,0,0,0,0,-26000,0,0,0,0,26000,-26000,-26000
047558,臻鼎凱基93購06  ,0,0,0,0,0,0,0,0,0,-26000,0,0,0,24000,50000,-26000,-26000
046375,友達凱基98購01  ,0,0,0,0,0,0,0,0,0,-26000,0,0,0,0,26000,-26000,-26000
050390,聯發科統一94購09,0,0,0,0,0,0,0,0,0,-26000,0,0,0,0,26000,-26000,-26000
052482,茂林群益95購01  ,0,0,0,0,0,0,0,0,0,-26000,0,0,0,12000,38000,-26000,-26000
052201,超眾統一96購01  ,0,0,0,0,0,0,0,0,0,-26000,0,0,0,0,26000,-26000,-26000
051927,國巨中信96購01  ,0,0,0,0,0,0,0,0,0,-26000,0,0,0,14000,40000,-26000,-26000
048910,和鑫富邦98購01  ,0,0,0,0,0,0,0,0,0,-26000,0,0,0,10000,36000,-26000,-26000
051468,智邦日盛95購01  ,0,0,0,0,0,0,0,0,0,-26000,0,0,0,10000,36000,-26000,-26000
051131,玉山金台新95購01,0,0,0,0,0,0,0,0,0,-26000,0,0,0,48000,74000,-26000,-26000
054132,聯發科元大97購10,0,0,0,0,0,0,0,0,0,-26000,0,0,0,82000,108000,-26000,-26000
054930,群電凱基98購01  ,0,0,0,0,0,0,0,0,0,-26000,0,0,0,0,26000,-26000,-26000
052829,上銀群益96購01  ,0,0,0,0,0,0,0,0,0,-26000,0,0,0,70000,96000,-26000,-26000
05289P,鴻海永豐95售05  ,0,0,0,0,0,0,0,0,0,-26000,0,0,0,73000,99000,-26000,-26000
052639,康控凱基96購02  ,0,0,0,0,0,0,0,0,0,-26000,0,0,0,30000,56000,-26000,-26000
053597,牧德元大99購01  ,0,0,0,0,0,0,0,0,0,-26000,0,0,0,23000,49000,-26000,-26000
053327,彩晶台新97購01  ,0,0,0,0,0,0,0,0,0,-26000,0,0,0,1000,27000,-26000,-26000
6706,惠特            ,14000,96000,-82000,0,0,0,0,0,0,56000,56000,0,56000,0,0,0,-26000
06027P,鴻海台新96售04  ,0,0,0,0,0,0,0,0,0,-27000,0,0,0,0,27000,-27000,-27000
057533,晶相光元大98購02,0,0,0,0,0,0,0,0,0,-27000,0,0,0,35000,62000,-27000,-27000
057454,上銀國泰99購02  ,0,0,0,0,0,0,0,0,0,-27000,0,0,0,19000,46000,-27000,-27000
057448,致茂元富98購01  ,0,0,0,0,0,0,0,0,0,-27000,0,0,0,0,27000,-27000,-27000
055474,欣興凱基97購05  ,0,0,0,0,0,0,0,0,0,-27000,0,0,0,172000,199000,-27000,-27000
055866,臺股指元大97購03,0,0,0,0,0,0,0,0,0,-27000,0,0,0,59000,86000,-27000,-27000
056290,正文永豐98購01  ,0,0,0,0,0,0,0,0,0,-27000,0,0,0,0,27000,-27000,-27000
056410,康控國票99購01  ,0,0,0,0,0,0,0,0,0,-27000,0,0,0,31000,58000,-27000,-27000
05644P,大立光中信9A售03,0,0,0,0,0,0,0,0,0,-27000,0,0,0,0,27000,-27000,-27000
056246,祥碩群益97購01  ,0,0,0,0,0,0,0,0,0,-27000,0,0,0,23000,50000,-27000,-27000
056215,華新科國票97購03,0,0,0,0,0,0,0,0,0,-27000,0,0,0,88000,115000,-27000,-27000
048431,瑞昱國票94購01  ,0,0,0,0,0,0,0,0,0,-27000,0,0,0,3000,30000,-27000,-27000
046903,友達凱基99購01  ,0,0,0,0,0,0,0,0,0,-27000,0,0,0,0,27000,-27000,-27000
047013,超眾元富96購01  ,0,0,0,0,0,0,0,0,0,-27000,0,0,0,0,27000,-27000,-27000
04227P,滬深2X永豐94售04,0,0,0,0,0,0,0,0,0,-27000,0,0,0,0,27000,-27000,-27000
051559,宏達電國泰96購01,0,0,0,0,0,0,0,0,0,-27000,0,0,0,79000,106000,-27000,-27000
052010,兆豐金中信95購01,0,0,0,0,0,0,0,0,0,-27000,0,0,0,33000,60000,-27000,-27000
050660,欣興元大96購02  ,0,0,0,0,0,0,0,0,0,-27000,0,0,0,6000,33000,-27000,-27000
052214,智伸科元大96購01,0,0,0,0,0,0,0,0,0,-27000,0,0,0,0,27000,-27000,-27000
05230P,京元電群益95售01,0,0,0,0,0,0,0,0,0,-27000,0,0,0,20000,47000,-27000,-27000
049078,瑞昱凱基94購02  ,0,0,0,0,0,0,0,0,0,-27000,0,0,0,68000,95000,-27000,-27000
053442,光罩凱基96購01  ,0,0,0,0,0,0,0,0,0,-27000,0,0,0,10000,37000,-27000,-27000
053596,嘉澤元大96購01  ,0,0,0,0,0,0,0,0,0,-27000,0,0,0,62000,89000,-27000,-27000
052809,訊芯元大97購01  ,0,0,0,0,0,0,0,0,0,-27000,0,0,0,23000,50000,-27000,-27000
053157,日月光元大96購03,0,0,0,0,0,0,0,0,0,-27000,0,0,0,0,27000,-27000,-27000
053062,緯穎富邦97購01  ,0,0,0,0,0,0,0,0,0,-27000,0,0,0,0,27000,-27000,-27000
054805,台苯元大9A購01  ,0,0,0,0,0,0,0,0,0,-27000,0,0,0,0,27000,-27000,-27000
911868,同方友友-DR     ,0,27000,-27000,0,0,0,0,0,0,0,0,0,0,0,0,0,-27000
3346,麗清            ,2000,29000,-27000,0,0,0,0,0,0,0,0,0,0,0,0,0,-27000
4999,鑫禾            ,0,26000,-26000,0,0,0,0,0,0,-1000,0,1000,-1000,0,0,0,-27000
1452,宏益            ,0,27000,-27000,0,0,0,0,0,0,0,0,0,0,0,0,0,-27000
06332P,世紀鋼群益98售01,0,0,0,0,0,0,0,0,0,-27000,0,0,0,0,27000,-27000,-27000
056425,聯發科日盛9A購01,0,0,0,0,0,0,0,0,0,-28000,0,0,0,0,28000,-28000,-28000
056327,樺漢兆豐98購01  ,0,0,0,0,0,0,0,0,0,-28000,0,0,0,40000,68000,-28000,-28000
05928P,華邦電康和96售01,0,0,0,0,0,0,0,0,0,-28000,0,0,0,0,28000,-28000,-28000
057153,祥碩國泰99購01  ,0,0,0,0,0,0,0,0,0,-28000,0,0,0,71000,99000,-28000,-28000
057076,緯穎永豐98購01  ,0,0,0,0,0,0,0,0,0,-28000,0,0,0,48000,76000,-28000,-28000
05686P,臺股指元大96售11,0,0,0,0,0,0,0,0,0,-28000,0,0,0,42000,70000,-28000,-28000
048697,華新科國票94購06,0,0,0,0,0,0,0,0,0,-28000,0,0,0,28000,56000,-28000,-28000
050965,揚明光永豐96購01,0,0,0,0,0,0,0,0,0,-28000,0,0,0,40000,68000,-28000,-28000
048149,泰鼎元富95購01  ,0,0,0,0,0,0,0,0,0,-28000,0,0,0,109000,137000,-28000,-28000
051688,大立光凱基97購02,0,0,0,0,0,0,0,0,0,-28000,0,0,0,13000,41000,-28000,-28000
051686,宏達電凱基95購04,0,0,0,0,0,0,0,0,0,-28000,0,0,0,0,28000,-28000,-28000
05183P,台積電元富95售07,0,0,0,0,0,0,0,0,0,-28000,0,0,0,2000,30000,-28000,-28000
051974,華新科凱基96購05,0,0,0,0,0,0,0,0,0,-28000,0,0,0,110000,138000,-28000,-28000
052059,臺股指凱基95購17,0,0,0,0,0,0,0,0,0,-28000,0,0,0,0,28000,-28000,-28000
051459,臺股指元大95購19,0,0,0,0,0,0,0,0,0,-28000,0,0,0,0,28000,-28000,-28000
051245,南亞科元大95購01,0,0,0,0,0,0,0,0,0,-28000,0,0,0,17000,45000,-28000,-28000
049834,康控凱基94購01  ,0,0,0,0,0,0,0,0,0,-28000,0,0,0,0,28000,-28000,-28000
05487P,台表科凱基95售02,0,0,0,0,0,0,0,0,0,-28000,0,0,0,62000,90000,-28000,-28000
055032,億光富邦99購01  ,0,0,0,0,0,0,0,0,0,-28000,0,0,0,12000,40000,-28000,-28000
05401P,聯茂永豐95售03  ,0,0,0,0,0,0,0,0,0,-28000,0,0,0,0,28000,-28000,-28000
054587,玉晶光國泰99購01,0,0,0,0,0,0,0,0,0,-28000,0,0,0,13000,41000,-28000,-28000
2484,希華            ,71000,97000,-26000,0,0,0,0,0,0,-2000,0,2000,-2000,0,0,0,-28000
05681P,大立光元大96售05,0,0,0,0,0,0,0,0,0,-29000,0,0,0,0,29000,-29000,-29000
056669,貿聯國票99購01  ,0,0,0,0,0,0,0,0,0,-29000,0,0,0,15000,44000,-29000,-29000
05978P,麗豐永豐96售02  ,0,0,0,0,0,0,0,0,0,-29000,0,0,0,0,29000,-29000,-29000
056054,亞德客元大97購05,0,0,0,0,0,0,0,0,0,-29000,0,0,0,222000,251000,-29000,-29000
055913,中信金凱基97購01,0,0,0,0,0,0,0,0,0,-29000,0,0,0,0,29000,-29000,-29000
055892,國巨統一99購01  ,0,0,0,0,0,0,0,0,0,-29000,0,0,0,134000,163000,-29000,-29000
055637,亞德客元富97購01,0,0,0,0,0,0,0,0,0,-29000,0,0,0,1000,30000,-29000,-29000
055361,樺漢凱基97購01  ,0,0,0,0,0,0,0,0,0,-29000,0,0,0,0,29000,-29000,-29000
05538P,玉晶光國票97售02,0,0,0,0,0,0,0,0,0,-29000,0,0,0,12000,41000,-29000,-29000
047714,禾伸堂凱基93購03,0,0,0,0,0,0,0,0,0,-29000,0,0,0,11000,40000,-29000,-29000
04808P,訊芯永豐94售02  ,0,0,0,0,0,0,0,0,0,-29000,0,0,0,60000,89000,-29000,-29000
051074,矽力國票96購01  ,0,0,0,0,0,0,0,0,0,-29000,0,0,0,1000,30000,-29000,-29000
048656,大立光元富93購05,0,0,0,0,0,0,0,0,0,-29000,0,0,0,1000,30000,-29000,-29000
048569,台虹元大93購03  ,0,0,0,0,0,0,0,0,0,-29000,0,0,0,94000,123000,-29000,-29000
048871,晶豪科國票94購01,0,0,0,0,0,0,0,0,0,-29000,0,0,0,0,29000,-29000,-29000
05058P,燿華國票97售01  ,0,0,0,0,0,0,0,0,0,-29000,0,0,0,0,29000,-29000,-29000
050064,華新科凱基94購08,0,0,0,0,0,0,0,0,0,-29000,0,0,0,27000,56000,-29000,-29000
052260,為升富邦97購02  ,0,0,0,0,0,0,0,0,0,-29000,0,0,0,6000,35000,-29000,-29000
05172P,臺股指元大95售16,0,0,0,0,0,0,0,0,0,-29000,0,0,0,1000,30000,-29000,-29000
054565,玉晶光群益99購02,0,0,0,0,0,0,0,0,0,-29000,0,0,0,13000,42000,-29000,-29000
054541,康控國票98購01  ,0,0,0,0,0,0,0,0,0,-29000,0,0,0,0,29000,-29000,-29000
054351,華新科國泰97購03,0,0,0,0,0,0,0,0,0,-29000,0,0,0,23000,52000,-29000,-29000
054487,京元電台新97購01,0,0,0,0,0,0,0,0,0,-29000,0,0,0,0,29000,-29000,-29000
054459,鈺齊群益96購01  ,0,0,0,0,0,0,0,0,0,-29000,0,0,0,73000,102000,-29000,-29000
054195,亞泥國泰98購01  ,0,0,0,0,0,0,0,0,0,-29000,0,0,0,3000,32000,-29000,-29000
055282,聯發科元大97購15,0,0,0,0,0,0,0,0,0,-29000,0,0,0,33000,62000,-29000,-29000
054771,茂林國票98購02  ,0,0,0,0,0,0,0,0,0,-29000,0,0,0,2000,31000,-29000,-29000
052823,創意永豐96購02  ,0,0,0,0,0,0,0,0,0,-29000,0,0,0,39000,68000,-29000,-29000
052939,富邦金兆豐96購01,0,0,0,0,0,0,0,0,0,-29000,0,0,0,0,29000,-29000,-29000
052602,聯電元大97購01  ,0,0,0,0,0,0,0,0,0,-29000,0,0,0,0,29000,-29000,-29000
053631,欣興兆豐97購01  ,0,0,0,0,0,0,0,0,0,-29000,0,0,0,1000,30000,-29000,-29000
053881,南亞科中信97購01,0,0,0,0,0,0,0,0,0,-29000,0,0,0,32000,61000,-29000,-29000
06228P,亞德客凱基97售04,0,0,0,0,0,0,0,0,0,-29000,0,0,0,10000,39000,-29000,-29000
06254P,臺股指群益97售07,0,0,0,0,0,0,0,0,0,-29000,0,0,0,1000,30000,-29000,-29000
06131P,京鼎元富97售02  ,0,0,0,0,0,0,0,0,0,-29000,0,0,0,17000,46000,-29000,-29000
06723P,台灣50麥證99售01,0,0,0,0,29000,-29000,0,0,0,-29000,0,0,0,0,29000,-29000,-29000
055424,聚陽群益98購01  ,0,0,0,0,0,0,0,0,0,-30000,0,0,0,11000,41000,-30000,-30000
055448,健策統一97購02  ,0,0,0,0,0,0,0,0,0,-30000,0,0,0,20000,50000,-30000,-30000
055373,聯詠元大97購03  ,0,0,0,0,0,0,0,0,0,-30000,0,0,0,113000,143000,-30000,-30000
055499,大立光元大98購05,0,0,0,0,0,0,0,0,0,-30000,0,0,0,50000,80000,-30000,-30000
055564,茂林凱基98購01  ,0,0,0,0,0,0,0,0,0,-30000,0,0,0,0,30000,-30000,-30000
055578,群創統一98購03  ,0,0,0,0,0,0,0,0,0,-30000,0,0,0,0,30000,-30000,-30000
055968,祥碩元大97購04  ,0,0,0,0,0,0,0,0,0,-30000,0,0,0,5000,35000,-30000,-30000
055997,矽創國泰99購01  ,0,0,0,0,0,0,0,0,0,-30000,0,0,0,14000,44000,-30000,-30000
056142,超眾元大97購06  ,0,0,0,0,0,0,0,0,0,-30000,0,0,0,0,30000,-30000,-30000
056118,聯詠群益97購03  ,0,0,0,0,0,0,0,0,0,-30000,0,0,0,11000,41000,-30000,-30000
05640P,旺宏元富96售03  ,0,0,0,0,0,0,0,0,0,-30000,0,0,0,0,30000,-30000,-30000
056474,華新科元大99購05,0,0,0,0,0,0,0,0,0,-30000,0,0,0,55000,85000,-30000,-30000
056537,冠德凱基98購01  ,0,0,0,0,0,0,0,0,0,-30000,0,0,0,0,30000,-30000,-30000
06107P,美律群益98售02  ,0,0,0,0,0,0,0,0,0,-30000,0,0,0,0,30000,-30000,-30000
06068P,玉晶光康和97售01,0,0,0,0,0,0,0,0,0,-30000,0,0,0,0,30000,-30000,-30000
05857P,旺宏中信98售02  ,0,0,0,0,0,0,0,0,0,-30000,0,0,0,0,30000,-30000,-30000
057425,臺股指凱基9C購02,0,0,0,0,0,0,0,0,0,-30000,0,0,0,0,30000,-30000,-30000
057543,華通凱基99購02  ,0,0,0,0,0,0,0,0,0,-30000,0,0,0,40000,70000,-30000,-30000
057267,康控兆豐99購01  ,0,0,0,0,0,0,0,0,0,-30000,0,0,0,10000,40000,-30000,-30000
056711,亞光永豐98購01  ,0,0,0,0,0,0,0,0,0,-30000,0,0,0,17000,47000,-30000,-30000
056732,國巨凱基98購07  ,0,0,0,0,0,0,0,0,0,-30000,0,0,0,0,30000,-30000,-30000
056747,致新凱基99購01  ,0,0,0,0,0,0,0,0,0,-30000,0,0,0,190000,220000,-30000,-30000
057051,群創元大9B購03  ,0,0,0,0,0,0,0,0,0,-30000,0,0,0,188000,218000,-30000,-30000
057182,禾伸堂元大99購02,0,0,0,0,0,0,0,0,0,-30000,0,0,0,32000,62000,-30000,-30000
056897,南亞科元大98購02,0,0,0,0,0,0,0,0,0,-30000,0,0,0,61000,91000,-30000,-30000
056963,建準永豐98購01  ,0,0,0,0,0,0,0,0,0,-30000,0,0,0,23000,53000,-30000,-30000
048610,華新科凱基94購04,0,0,0,0,0,0,0,0,0,-30000,0,0,0,5000,35000,-30000,-30000
048636,鴻海元大94購05  ,0,0,0,0,0,0,0,0,0,-30000,0,0,0,10000,40000,-30000,-30000
044217,華新科凱基93購03,0,0,0,0,0,0,0,0,0,-30000,0,0,0,0,30000,-30000,-30000
047404,香港2X統一94購01,0,0,0,0,0,0,0,0,0,-30000,0,0,0,0,30000,-30000,-30000
04730P,臺股指中信96售02,0,0,0,0,0,0,0,0,0,-30000,0,0,0,0,30000,-30000,-30000
04430P,晶相光元大94售04,0,0,0,0,0,0,0,0,0,-30000,0,0,0,0,30000,-30000,-30000
04607P,A50中信94售01   ,0,0,0,0,0,0,0,0,0,-30000,0,0,0,0,30000,-30000,-30000
044022,健策凱基93購02  ,0,0,0,0,0,0,0,0,0,-30000,0,0,0,0,30000,-30000,-30000
044429,元金2X元大94購04,0,0,0,0,0,0,0,0,0,-30000,0,0,0,0,30000,-30000,-30000
046254,台表科群益92購02,0,0,0,0,0,0,0,0,0,-30000,0,0,0,20000,50000,-30000,-30000
04567P,臺股指凱基95售01,0,0,0,0,0,0,0,0,0,-30000,0,0,0,0,30000,-30000,-30000
04575P,新日興統一94售02,0,0,0,0,0,0,0,0,0,-30000,0,0,0,10000,40000,-30000,-30000
03334P,宏達電元大02售04,0,0,0,0,0,0,0,0,0,-30000,0,0,0,0,30000,-30000,-30000
050979,鴻海元富96購02  ,0,0,0,0,0,0,0,0,0,-30000,0,0,0,0,30000,-30000,-30000
051360,緯創元大95購03  ,0,0,0,0,0,0,0,0,0,-30000,0,0,0,13000,43000,-30000,-30000
047232,禾伸堂凱基93購02,0,0,0,0,0,0,0,0,0,-30000,0,0,0,20000,50000,-30000,-30000
047080,仁寶康和93購01  ,0,0,0,0,0,0,0,0,0,-30000,0,0,0,0,30000,-30000,-30000
047680,上証反中信96購01,0,0,0,0,0,0,0,0,0,-30000,0,0,0,0,30000,-30000,-30000
046756,廣達凱基93購01  ,0,0,0,0,0,0,0,0,0,-30000,0,0,0,50000,80000,-30000,-30000
046538,大立光群益93購06,0,0,0,0,0,0,0,0,0,-30000,0,0,0,0,30000,-30000,-30000
051752,緯穎富邦96購01  ,0,0,0,0,0,0,0,0,0,-30000,0,0,0,0,30000,-30000,-30000
051773,元大金中信95購02,0,0,0,0,0,0,0,0,0,-30000,0,0,0,0,30000,-30000,-30000
051771,上銀中信95購01  ,0,0,0,0,0,0,0,0,0,-30000,0,0,0,81000,111000,-30000,-30000
051777,聯發科群益95購04,0,0,0,0,0,0,0,0,0,-30000,0,0,0,90000,120000,-30000,-30000
050847,創意國票96購01  ,0,0,0,0,0,0,0,0,0,-30000,0,0,0,0,30000,-30000,-30000
051796,和碩康和95購01  ,0,0,0,0,0,0,0,0,0,-30000,0,0,0,0,30000,-30000,-30000
050836,緯穎凱基95購01  ,0,0,0,0,0,0,0,0,0,-30000,0,0,0,0,30000,-30000,-30000
050151,台積電群益94購12,0,0,0,0,0,0,0,0,0,-30000,0,0,0,33000,63000,-30000,-30000
050009,昇陽半永豐94購02,0,0,0,0,0,0,0,0,0,-30000,0,0,0,0,30000,-30000,-30000
048929,裕民永豐94購01  ,0,0,0,0,0,0,0,0,0,-30000,0,0,0,0,30000,-30000,-30000
051414,新光金國票95購04,0,0,0,0,0,0,0,0,0,-30000,0,0,0,20000,50000,-30000,-30000
051705,富邦金群益97購01,0,0,0,0,0,0,0,0,0,-30000,0,0,0,0,30000,-30000,-30000
051641,矽創國票96購01  ,0,0,0,0,0,0,0,0,0,-30000,0,0,0,21000,51000,-30000,-30000
051632,全新國票96購01  ,0,0,0,0,0,0,0,0,0,-30000,0,0,0,0,30000,-30000,-30000
050234,國巨凱基94購10  ,0,0,0,0,0,0,0,0,0,-30000,0,0,0,36000,66000,-30000,-30000
050312,大立光兆豐94購04,0,0,0,0,0,0,0,0,0,-30000,0,0,0,0,30000,-30000,-30000
050366,鴻海元大94購19  ,0,0,0,0,0,0,0,0,0,-30000,0,0,0,7000,37000,-30000,-30000
050317,和鑫國票95購02  ,0,0,0,0,0,0,0,0,0,-30000,0,0,0,20000,50000,-30000,-30000
050500,台積電凱基94購36,0,0,0,0,0,0,0,0,0,-30000,0,0,0,0,30000,-30000,-30000
052281,全新凱基97購01  ,0,0,0,0,0,0,0,0,0,-30000,0,0,0,0,30000,-30000,-30000
052327,聯詠中信95購03  ,0,0,0,0,0,0,0,0,0,-30000,0,0,0,0,30000,-30000,-30000
052478,大立光群益95購05,0,0,0,0,0,0,0,0,0,-30000,0,0,0,10000,40000,-30000,-30000
049167,元油2X凱基97購03,0,0,0,0,0,0,0,0,0,-30000,0,0,0,2000,32000,-30000,-30000
051931,美律國票96購02  ,0,0,0,0,0,0,0,0,0,-30000,0,0,0,10000,40000,-30000,-30000
051959,台郡台新95購03  ,0,0,0,0,0,0,0,0,0,-30000,0,0,0,60000,90000,-30000,-30000
052033,臺股指群益95購06,0,0,0,0,0,0,0,0,0,-30000,0,0,0,0,30000,-30000,-30000
049788,智伸科兆豐95購01,0,0,0,0,0,0,0,0,0,-30000,0,0,0,50000,80000,-30000,-30000
048893,南電元富94購01  ,0,0,0,0,0,0,0,0,0,-30000,0,0,0,0,30000,-30000,-30000
05066P,康控元大95售03  ,0,0,0,0,0,0,0,0,0,-30000,0,0,0,16000,46000,-30000,-30000
049424,中石化兆豐94購01,0,0,0,0,0,0,0,0,0,-30000,0,0,0,60000,90000,-30000,-30000
049436,義隆國泰96購02  ,0,0,0,0,0,0,0,0,0,-30000,0,0,0,0,30000,-30000,-30000
049375,大立光元大94購13,0,0,0,0,0,0,0,0,0,-30000,0,0,0,6000,36000,-30000,-30000
049363,旺宏元大94購07  ,0,0,0,0,0,0,0,0,0,-30000,0,0,0,0,30000,-30000,-30000
04929P,同欣電凱基95售01,0,0,0,0,0,0,0,0,0,-30000,0,0,0,0,30000,-30000,-30000
049338,台達電統一94購04,0,0,0,0,0,0,0,0,0,-30000,0,0,0,0,30000,-30000,-30000
049497,茂林元大94購04  ,0,0,0,0,0,0,0,0,0,-30000,0,0,0,0,30000,-30000,-30000
050821,國泰金凱基95購01,0,0,0,0,0,0,0,0,0,-30000,0,0,0,0,30000,-30000,-30000
053810,台達電群益96購01,0,0,0,0,0,0,0,0,0,-30000,0,0,0,30000,60000,-30000,-30000
053470,華邦電元大96購02,0,0,0,0,0,0,0,0,0,-30000,0,0,0,10000,40000,-30000,-30000
053318,全新群益99購01  ,0,0,0,0,0,0,0,0,0,-30000,0,0,0,0,30000,-30000,-30000
052642,滬深2X永豐96購03,0,0,0,0,0,0,0,0,0,-30000,0,0,0,20000,50000,-30000,-30000
05265P,正崴元大95售03  ,0,0,0,0,0,0,0,0,0,-30000,0,0,0,38000,68000,-30000,-30000
052726,鴻海元富96購03  ,0,0,0,0,0,0,0,0,0,-30000,0,0,0,520000,550000,-30000,-30000
052872,智易凱基96購01  ,0,0,0,0,0,0,0,0,0,-30000,0,0,0,0,30000,-30000,-30000
053097,超眾統一96購03  ,0,0,0,0,0,0,0,0,0,-30000,0,0,0,0,30000,-30000,-30000
052978,貿聯麥證97購01  ,0,0,0,10000,40000,-30000,0,0,0,-30000,0,0,0,10000,40000,-30000,-30000
053257,華通富邦97購01  ,0,0,0,0,0,0,0,0,0,-30000,0,0,0,0,30000,-30000,-30000
05473P,聯詠統一97售02  ,0,0,0,0,0,0,0,0,0,-30000,0,0,0,0,30000,-30000,-30000
055035,興勤富邦98購01  ,0,0,0,0,0,0,0,0,0,-30000,0,0,0,0,30000,-30000,-30000
055060,聯陽永豐97購01  ,0,0,0,0,0,0,0,0,0,-30000,0,0,0,12000,42000,-30000,-30000
055079,台光電中信97購01,0,0,0,0,0,0,0,0,0,-30000,0,0,0,0,30000,-30000,-30000
054295,世芯元大96購03  ,0,0,0,0,0,0,0,0,0,-30000,0,0,0,15000,45000,-30000,-30000
054290,奇力新元大96購05,0,0,0,0,0,0,0,0,0,-30000,0,0,0,0,30000,-30000,-30000
054414,全新元大97購02  ,0,0,0,0,0,0,0,0,0,-30000,0,0,0,10000,40000,-30000,-30000
054577,世芯元大98購01  ,0,0,0,0,0,0,0,0,0,-30000,0,0,0,0,30000,-30000,-30000
054651,台化麥證97購01  ,0,0,0,0,30000,-30000,0,0,0,-30000,0,0,0,0,30000,-30000,-30000
1437,勤益控          ,7000,37000,-30000,0,0,0,0,0,0,0,0,0,0,0,0,0,-30000
06581P,南亞科凱基98售04,0,0,0,0,0,0,0,0,0,-30000,0,0,0,0,30000,-30000,-30000
06647P,台積電元大98售13,0,0,0,0,0,0,0,0,0,-30000,0,0,0,0,30000,-30000,-30000
06605P,玉晶光元富98售03,0,0,0,0,0,0,0,0,0,-30000,0,0,0,4000,34000,-30000,-30000
06394P,台積電元大97售28,0,0,0,0,0,0,0,0,0,-30000,0,0,0,0,30000,-30000,-30000
06418P,T50反1統一9A售02,0,0,0,0,0,0,0,0,0,-30000,0,0,0,0,30000,-30000,-30000
1608,華榮            ,7000,36000,-29000,0,0,0,0,0,0,-1000,0,1000,-1000,0,0,0,-30000
1723,中碳            ,36000,66000,-30000,0,0,0,0,0,0,0,0,0,0,0,0,0,-30000
1762,中化生          ,11000,34000,-23000,0,0,0,0,0,0,-7000,0,7000,-7000,0,0,0,-30000
057047,華新科元大99購07,0,0,0,0,0,0,0,0,0,-31000,0,0,0,17000,48000,-31000,-31000
057089,奇力新元富98購01,0,0,0,0,0,0,0,0,0,-31000,0,0,0,25000,56000,-31000,-31000
056643,奇力新凱基99購01,0,0,0,0,0,0,0,0,0,-31000,0,0,0,0,31000,-31000,-31000
05885P,牧德統一96售01  ,0,0,0,0,0,0,0,0,0,-31000,0,0,0,273000,304000,-31000,-31000
06103P,漢唐凱基97售02  ,0,0,0,0,0,0,0,0,0,-31000,0,0,0,0,31000,-31000,-31000
05975P,國巨日盛99售02  ,0,0,0,0,0,0,0,0,0,-31000,0,0,0,0,31000,-31000,-31000
05645P,聯發科凱基96售13,0,0,0,0,0,0,0,0,0,-31000,0,0,0,0,31000,-31000,-31000
055543,為升凱基97購01  ,0,0,0,0,0,0,0,0,0,-31000,0,0,0,0,31000,-31000,-31000
047217,臺股指中信93購05,0,0,0,0,0,0,0,0,0,-31000,0,0,0,6000,37000,-31000,-31000
03016P,滬深2X群益01售09,0,0,0,0,0,0,0,0,0,-31000,0,0,0,0,31000,-31000,-31000
044698,奇力新元大93購01,0,0,0,0,0,0,0,0,0,-31000,0,0,0,0,31000,-31000,-31000
05065P,燿華元大96售03  ,0,0,0,0,0,0,0,0,0,-31000,0,0,0,0,31000,-31000,-31000
050887,台積電富邦95購05,0,0,0,0,0,0,0,0,0,-31000,0,0,0,10000,41000,-31000,-31000
049120,元油2X元富94購05,0,0,0,0,0,0,0,0,0,-31000,0,0,0,4000,35000,-31000,-31000
055312,台虹群益99購01  ,0,0,0,0,0,0,0,0,0,-31000,0,0,0,0,31000,-31000,-31000
054767,日電貿國票98購01,0,0,0,0,0,0,0,0,0,-31000,0,0,0,50000,81000,-31000,-31000
05306P,泰碩國泰97售01  ,0,0,0,0,0,0,0,0,0,-31000,0,0,0,41000,72000,-31000,-31000
053391,嘉聯益元大99購01,0,0,0,0,0,0,0,0,0,-31000,0,0,0,10000,41000,-31000,-31000
053784,奇力新元大97購02,0,0,0,0,0,0,0,0,0,-31000,0,0,0,0,31000,-31000,-31000
053880,智邦中信96購01  ,0,0,0,0,0,0,0,0,0,-31000,0,0,0,10000,41000,-31000,-31000
3698,隆達            ,57000,102000,-45000,0,0,0,0,0,0,14000,6000,12000,-6000,20000,0,20000,-31000
3682,亞太電          ,1000,33000,-32000,0,0,0,0,0,0,1000,1000,0,1000,0,0,0,-31000
1215,卜蜂            ,155000,312000,-157000,0,0,0,18000,0,18000,108000,0,1000,-1000,117000,8000,109000,-31000
055515,聚陽中信9A購01  ,0,0,0,0,0,0,0,0,0,-32000,0,0,0,73000,105000,-32000,-32000
055390,國巨統一98購03  ,0,0,0,0,0,0,0,0,0,-32000,0,0,0,14000,46000,-32000,-32000
056383,上銀國泰99購01  ,0,0,0,0,0,0,0,0,0,-32000,0,0,0,12000,44000,-32000,-32000
05742P,可成元大96售04  ,0,0,0,0,0,0,0,0,0,-32000,0,0,0,450000,482000,-32000,-32000
047248,奇鋐群益95購01  ,0,0,0,0,0,0,0,0,0,-32000,0,0,0,4000,36000,-32000,-32000
047151,台積電國票94購02,0,0,0,0,0,0,0,0,0,-32000,0,0,0,10000,42000,-32000,-32000
047895,台積電群益94購04,0,0,0,0,0,0,0,0,0,-32000,0,0,0,502000,534000,-32000,-32000
046602,新日興群益94購01,0,0,0,0,0,0,0,0,0,-32000,0,0,0,220000,252000,-32000,-32000
048192,華通元大96購01  ,0,0,0,0,0,0,0,0,0,-32000,0,0,0,21000,53000,-32000,-32000
051741,可成國票97購01  ,0,0,0,0,0,0,0,0,0,-32000,0,0,0,5000,37000,-32000,-32000
050069,禾伸堂凱基94購04,0,0,0,0,0,0,0,0,0,-32000,0,0,0,9000,41000,-32000,-32000
050653,聯鈞凱基96購01  ,0,0,0,0,0,0,0,0,0,-32000,0,0,0,54000,86000,-32000,-32000
049917,華新科元大94購02,0,0,0,0,0,0,0,0,0,-32000,0,0,0,20000,52000,-32000,-32000
049485,台積電元大96購03,0,0,0,0,0,0,0,0,0,-32000,0,0,0,0,32000,-32000,-32000
053922,亞光國票96購01  ,0,0,0,0,0,0,0,0,0,-32000,0,0,0,8000,40000,-32000,-32000
054725,國巨日盛97購01  ,0,0,0,0,0,0,0,0,0,-32000,0,0,0,613000,645000,-32000,-32000
054914,億光凱基98購01  ,0,0,0,0,0,0,0,0,0,-32000,0,0,0,1000,33000,-32000,-32000
054972,聯茂元大97購02  ,0,0,0,0,0,0,0,0,0,-32000,0,0,0,1000,33000,-32000,-32000
054109,南亞科凱基96購05,0,0,0,0,0,0,0,0,0,-32000,0,0,0,10000,42000,-32000,-32000
06126P,凌陽元富97售02  ,0,0,0,0,0,0,0,0,0,-32000,0,0,0,0,32000,-32000,-32000
06207P,聯發科凱基97售07,0,0,0,0,0,0,0,0,0,-32000,0,0,0,35000,67000,-32000,-32000
06262P,國巨凱基97售07  ,0,0,0,0,0,0,0,0,0,-32000,0,0,0,0,32000,-32000,-32000
5533,皇鼎            ,3000,35000,-32000,0,0,0,0,0,0,0,0,0,0,0,0,0,-32000
2702,華園            ,3000,35000,-32000,0,0,0,0,0,0,0,0,0,0,0,0,0,-32000
056599,臻鼎元富98購01  ,0,0,0,0,0,0,0,0,0,-33000,0,0,0,22000,55000,-33000,-33000
056862,聯發科群益98購03,0,0,0,0,0,0,0,0,0,-33000,0,0,0,0,33000,-33000,-33000
056137,聯鈞元大9A購01  ,0,0,0,0,0,0,0,0,0,-33000,0,0,0,78000,111000,-33000,-33000
056255,華新科元富97購05,0,0,0,0,0,0,0,0,0,-33000,0,0,0,60000,93000,-33000,-33000
055482,聚陽元大97購02  ,0,0,0,0,0,0,0,0,0,-33000,0,0,0,22000,55000,-33000,-33000
055919,景碩凱基98購02  ,0,0,0,0,0,0,0,0,0,-33000,0,0,0,27000,60000,-33000,-33000
055828,上銀元大97購05  ,0,0,0,0,0,0,0,0,0,-33000,0,0,0,287000,320000,-33000,-33000
048810,玉晶光第一94購01,0,0,0,0,0,0,0,0,0,-33000,0,0,0,7000,40000,-33000,-33000
047883,臺股指永昌93購01,0,0,0,0,0,0,0,0,0,-33000,0,0,0,174000,207000,-33000,-33000
04947P,聯詠元大94售05  ,0,0,0,0,0,0,0,0,0,-33000,0,0,0,17000,50000,-33000,-33000
050700,健策凱基96購01  ,0,0,0,0,0,0,0,0,0,-33000,0,0,0,35000,68000,-33000,-33000
048867,台積電兆豐95購01,0,0,0,0,0,0,0,0,0,-33000,0,0,0,1000,34000,-33000,-33000
050758,聯發科元富9B購01,0,0,0,0,0,0,0,0,0,-33000,0,0,0,20000,53000,-33000,-33000
052028,健策群益95購02  ,0,0,0,0,0,0,0,0,0,-33000,0,0,0,9000,42000,-33000,-33000
049004,聯發科中信96購01,0,0,0,0,0,0,0,0,0,-33000,0,0,0,0,33000,-33000,-33000
054034,景碩中信96購01  ,0,0,0,0,0,0,0,0,0,-33000,0,0,0,6000,39000,-33000,-33000
054415,奇力新元大96購06,0,0,0,0,0,0,0,0,0,-33000,0,0,0,21000,54000,-33000,-33000
055011,元翎元富97購01  ,0,0,0,0,0,0,0,0,0,-33000,0,0,0,0,33000,-33000,-33000
054743,聯鈞凱基99購01  ,0,0,0,0,0,0,0,0,0,-33000,0,0,0,161000,194000,-33000,-33000
05527P,聯茂群益96售01  ,0,0,0,0,0,0,0,0,0,-33000,0,0,0,0,33000,-33000,-33000
053754,英業達元富96購02,0,0,0,0,0,0,0,0,0,-33000,0,0,0,0,33000,-33000,-33000
052897,緯創群益96購03  ,0,0,0,0,0,0,0,0,0,-33000,0,0,0,0,33000,-33000,-33000
052908,大成鋼統一96購01,0,0,0,0,0,0,0,0,0,-33000,0,0,0,0,33000,-33000,-33000
06264P,友達凱基98售06  ,0,0,0,0,0,0,0,0,0,-33000,0,0,0,3000,36000,-33000,-33000
06145P,華新科永豐97售02,0,0,0,0,0,0,0,0,0,-33000,0,0,0,66000,99000,-33000,-33000
06681P,致茂元大98售02  ,0,0,0,0,0,0,0,0,0,-33000,0,0,0,0,33000,-33000,-33000
06668P,祥碩凱基98售02  ,0,0,0,0,0,0,0,0,0,-33000,0,0,0,51000,84000,-33000,-33000
06673P,大立光群益98售01,0,0,0,0,0,0,0,0,0,-33000,0,0,0,0,33000,-33000,-33000
06525P,上証2X國泰99售01,0,0,0,0,0,0,0,0,0,-33000,0,0,0,0,33000,-33000,-33000
6531,愛普            ,86000,128000,-42000,0,0,0,0,0,0,9000,13000,4000,9000,0,0,0,-33000
056546,致伸凱基98購01  ,0,0,0,0,0,0,0,0,0,-34000,0,0,0,49000,83000,-34000,-34000
056504,國巨永豐98購02  ,0,0,0,0,0,0,0,0,0,-34000,0,0,0,3000,37000,-34000,-34000
056863,義隆群益98購01  ,0,0,0,0,0,0,0,0,0,-34000,0,0,0,19000,53000,-34000,-34000
056866,矽創群益98購03  ,0,0,0,0,0,0,0,0,0,-34000,0,0,0,26000,60000,-34000,-34000
057402,嘉晶群益98購02  ,0,0,0,0,0,0,0,0,0,-34000,0,0,0,0,34000,-34000,-34000
057306,玉晶光兆豐99購01,0,0,0,0,0,0,0,0,0,-34000,0,0,0,0,34000,-34000,-34000
04800P,聯茂元大94售08  ,0,0,0,0,0,0,0,0,0,-34000,0,0,0,0,34000,-34000,-34000
04259P,滬深2X群益93售03,0,0,0,0,0,0,0,0,0,-34000,0,0,0,6000,40000,-34000,-34000
050477,矽力永豐94購01  ,0,0,0,0,0,0,0,0,0,-34000,0,0,0,0,34000,-34000,-34000
052380,臺股指元大95購21,0,0,0,0,0,0,0,0,0,-34000,0,0,0,0,34000,-34000,-34000
050624,鈺齊元大94購01  ,0,0,0,0,0,0,0,0,0,-34000,0,0,0,150000,184000,-34000,-34000
049607,台積電兆豐94購04,0,0,0,0,0,0,0,0,0,-34000,0,0,0,30000,64000,-34000,-34000
049528,台積電中信94購01,0,0,0,0,0,0,0,0,0,-34000,0,0,0,10000,44000,-34000,-34000
051364,鴻海國泰97購03  ,0,0,0,0,0,0,0,0,0,-34000,0,0,0,0,34000,-34000,-34000
048883,玉晶光統一94購01,0,0,0,0,0,0,0,0,0,-34000,0,0,0,0,34000,-34000,-34000
049297,日電貿群益95購01,0,0,0,0,0,0,0,0,0,-34000,0,0,0,94000,128000,-34000,-34000
052821,晶技永豐96購01  ,0,0,0,0,0,0,0,0,0,-34000,0,0,0,0,34000,-34000,-34000
05260P,和碩元富95售02  ,0,0,0,0,0,0,0,0,0,-34000,0,0,0,6000,40000,-34000,-34000
053778,旺宏元大97購03  ,0,0,0,0,0,0,0,0,0,-34000,0,0,0,6000,40000,-34000,-34000
053509,華新群益98購01  ,0,0,0,0,0,0,0,0,0,-34000,0,0,0,0,34000,-34000,-34000
054385,矽創群益98購01  ,0,0,0,0,0,0,0,0,0,-34000,0,0,0,75000,109000,-34000,-34000
8454,富邦媒          ,76000,92000,-16000,0,0,0,0,20000,-20000,2000,3000,1000,2000,0,0,0,-34000
8422,可寧衛          ,24000,58000,-34000,0,0,0,0,0,0,0,0,0,0,0,0,0,-34000
9910,豐泰            ,292000,343000,-51000,0,0,0,3000,0,3000,14000,15000,1000,14000,0,0,0,-34000
06621P,欣興元大98售06  ,0,0,0,0,0,0,0,0,0,-34000,0,0,0,0,34000,-34000,-34000
2485,兆赫            ,48000,74000,-26000,0,0,0,0,0,0,-8000,0,8000,-8000,0,0,0,-34000
4133,亞諾法          ,6000,50000,-44000,0,0,0,0,0,0,10000,10000,0,10000,0,0,0,-34000
057261,瑞昱兆豐98購01  ,0,0,0,0,0,0,0,0,0,-35000,0,0,0,59000,94000,-35000,-35000
057514,華新科元富99購03,0,0,0,0,0,0,0,0,0,-35000,0,0,0,0,35000,-35000,-35000
05782P,聯詠元富96售02  ,0,0,0,0,0,0,0,0,0,-35000,0,0,0,0,35000,-35000,-35000
056730,元油2X凱基9A購04,0,0,0,0,0,0,0,0,0,-35000,0,0,0,25000,60000,-35000,-35000
05666P,聯發科凱基96售14,0,0,0,0,0,0,0,0,0,-35000,0,0,0,0,35000,-35000,-35000
05633P,台表科群益96售04,0,0,0,0,0,0,0,0,0,-35000,0,0,0,19000,54000,-35000,-35000
055714,智邦元大97購03  ,0,0,0,0,0,0,0,0,0,-35000,0,0,0,56000,91000,-35000,-35000
055565,祥碩凱基97購01  ,0,0,0,0,0,0,0,0,0,-35000,0,0,0,17000,52000,-35000,-35000
055356,大立光凱基97購06,0,0,0,0,0,0,0,0,0,-35000,0,0,0,0,35000,-35000,-35000
042387,台積電永昌93購02,0,0,0,0,0,0,0,0,0,-35000,0,0,0,2000,37000,-35000,-35000
045462,美律元大93購04  ,0,0,0,0,0,0,0,0,0,-35000,0,0,0,85000,120000,-35000,-35000
044433,華新科元大92購06,0,0,0,0,0,0,0,0,0,-35000,0,0,0,0,35000,-35000,-35000
047997,南亞科元大93購03,0,0,0,0,0,0,0,0,0,-35000,0,0,0,50000,85000,-35000,-35000
051019,大立光凱基95購08,0,0,0,0,0,0,0,0,0,-35000,0,0,0,0,35000,-35000,-35000
04707P,喬山元大94售01  ,0,0,0,0,0,0,0,0,0,-35000,0,0,0,0,35000,-35000,-35000
048439,上銀凱基93購09  ,0,0,0,0,0,0,0,0,0,-35000,0,0,0,5000,40000,-35000,-35000
050682,南亞科元富94購02,0,0,0,0,0,0,0,0,0,-35000,0,0,0,10000,45000,-35000,-35000
049501,台郡元大95購01  ,0,0,0,0,0,0,0,0,0,-35000,0,0,0,0,35000,-35000,-35000
04921P,TPK凱基94售05   ,0,0,0,0,0,0,0,0,0,-35000,0,0,0,0,35000,-35000,-35000
051287,台積電統一95購05,0,0,0,0,0,0,0,0,0,-35000,0,0,0,381000,416000,-35000,-35000
051822,和碩元富95購01  ,0,0,0,0,0,0,0,0,0,-35000,0,0,0,50000,85000,-35000,-35000
052115,T50反1國票95購03,0,0,0,0,0,0,0,0,0,-35000,0,0,0,255000,290000,-35000,-35000
051870,台郡凱基95購04  ,0,0,0,0,0,0,0,0,0,-35000,0,0,0,95000,130000,-35000,-35000
052155,百和台新95購01  ,0,0,0,0,0,0,0,0,0,-35000,0,0,0,0,35000,-35000,-35000
052132,旺宏凱基9B購01  ,0,0,0,0,0,0,0,0,0,-35000,0,0,0,33000,68000,-35000,-35000
049988,貿聯凱基94購02  ,0,0,0,0,0,0,0,0,0,-35000,0,0,0,20000,55000,-35000,-35000
054133,奇力新元大97購04,0,0,0,0,0,0,0,0,0,-35000,0,0,0,42000,77000,-35000,-35000
054201,聯詠富邦97購02  ,0,0,0,0,0,0,0,0,0,-35000,0,0,0,6000,41000,-35000,-35000
055200,和大群益98購01  ,0,0,0,0,0,0,0,0,0,-35000,0,0,0,35000,70000,-35000,-35000
053312,緯穎凱基96購02  ,0,0,0,0,0,0,0,0,0,-35000,0,0,0,0,35000,-35000,-35000
053350,台表科國票97購02,0,0,0,0,0,0,0,0,0,-35000,0,0,0,23000,58000,-35000,-35000
053773,上銀元大96購04  ,0,0,0,0,0,0,0,0,0,-35000,0,0,0,179000,214000,-35000,-35000
053975,大立光元大98購04,0,0,0,0,0,0,0,0,0,-35000,0,0,0,5000,40000,-35000,-35000
052901,台達電國票97購01,0,0,0,0,0,0,0,0,0,-35000,0,0,0,0,35000,-35000,-35000
052967,智邦群益96購01  ,0,0,0,0,0,0,0,0,0,-35000,0,0,0,17000,52000,-35000,-35000
06183P,大立光元大97售05,0,0,0,0,0,0,0,0,0,-35000,0,0,0,15000,50000,-35000,-35000
06479P,聯發科中信99售02,0,0,0,0,0,0,0,0,0,-35000,0,0,0,15000,50000,-35000,-35000
055520,矽力中信97購02  ,0,0,0,0,0,0,0,0,0,-36000,0,0,0,190000,226000,-36000,-36000
056409,麗豐國票99購01  ,0,0,0,0,0,0,0,0,0,-36000,0,0,0,40000,76000,-36000,-36000
056335,微星凱基98購01  ,0,0,0,0,0,0,0,0,0,-36000,0,0,0,130000,166000,-36000,-36000
056703,群創國泰9A購01  ,0,0,0,0,0,0,0,0,0,-36000,0,0,0,0,36000,-36000,-36000
046349,康控兆豐93購02  ,0,0,0,0,0,0,0,0,0,-36000,0,0,0,0,36000,-36000,-36000
046344,超眾國票94購01  ,0,0,0,0,0,0,0,0,0,-36000,0,0,0,0,36000,-36000,-36000
051227,技嘉群益97購01  ,0,0,0,0,0,0,0,0,0,-36000,0,0,0,168000,204000,-36000,-36000
04855P,上証2X元富94售02,0,0,0,0,0,0,0,0,0,-36000,0,0,0,0,36000,-36000,-36000
04177P,富邦金元大94售01,0,0,0,0,0,0,0,0,0,-36000,0,0,0,0,36000,-36000,-36000
043236,台灣50兆豐93購02,0,0,0,0,0,0,0,0,0,-36000,0,0,0,104000,140000,-36000,-36000
042953,鴻海台新01購01  ,0,0,0,0,0,0,0,0,0,-36000,0,0,0,0,36000,-36000,-36000
048985,茂林元大94購01  ,0,0,0,0,0,0,0,0,0,-36000,0,0,0,78000,114000,-36000,-36000
052180,緯穎元大96購05  ,0,0,0,0,0,0,0,0,0,-36000,0,0,0,49000,85000,-36000,-36000
052176,景碩元大96購01  ,100000,0,100000,0,0,0,0,0,0,-136000,0,0,0,18000,154000,-136000,-36000
048897,日電貿國泰95購01,0,0,0,0,0,0,0,0,0,-36000,0,0,0,32000,68000,-36000,-36000
052854,聯詠日盛96購01  ,0,0,0,0,0,0,0,0,0,-36000,0,0,0,5000,41000,-36000,-36000
054699,復盛永豐97購01  ,0,0,0,0,0,0,0,0,0,-36000,0,0,0,87000,123000,-36000,-36000
055006,晶相光元富9A購01,0,0,0,0,0,0,0,0,0,-36000,0,0,0,277000,313000,-36000,-36000
054220,國巨統一97購02  ,0,0,0,0,0,0,0,0,0,-36000,0,0,0,21000,57000,-36000,-36000
06362P,臺股指麥證97售01,0,0,0,4000,40000,-36000,0,0,0,-36000,0,0,0,4000,40000,-36000,-36000
06310P,精元元富97售02  ,0,0,0,0,0,0,0,0,0,-36000,0,0,0,25000,61000,-36000,-36000
1712,興農            ,123000,158000,-35000,0,0,0,0,0,0,-1000,0,1000,-1000,0,0,0,-36000
05945P,聯詠中信96售01  ,0,0,0,0,0,0,0,0,0,-37000,0,0,0,0,37000,-37000,-37000
057437,可成國票99購01  ,0,0,0,0,0,0,0,0,0,-37000,0,0,0,0,37000,-37000,-37000
056468,鴻海元大98購07  ,0,0,0,0,0,0,0,0,0,-37000,0,0,0,20000,57000,-37000,-37000
056055,國巨元大97購15  ,0,0,0,0,0,0,0,0,0,-37000,0,0,0,183000,220000,-37000,-37000
056091,百和統一97購01  ,0,0,0,0,0,0,0,0,0,-37000,0,0,0,48000,85000,-37000,-37000
055571,鴻海統一97購03  ,0,0,0,0,0,0,0,0,0,-37000,0,0,0,0,37000,-37000,-37000
055768,臺股指群益97購06,0,0,0,0,0,0,0,0,0,-37000,0,0,0,310000,347000,-37000,-37000
055662,上銀中信99購01  ,0,0,0,0,0,0,0,0,0,-37000,0,0,0,218000,255000,-37000,-37000
045736,台積電群益94購01,0,0,0,0,0,0,0,0,0,-37000,0,0,0,128000,165000,-37000,-37000
048628,T50反1元大96購03,0,0,0,0,0,0,0,0,0,-37000,0,0,0,189000,226000,-37000,-37000
051501,康友群益95購02  ,0,0,0,0,0,0,0,0,0,-37000,0,0,0,72000,109000,-37000,-37000
05215P,台積電台新95售03,0,0,0,0,0,0,0,0,0,-37000,0,0,0,0,37000,-37000,-37000
049146,南亞科元大94購02,0,0,0,0,0,0,0,0,0,-37000,0,0,0,63000,100000,-37000,-37000
05224P,華通統一95售03  ,0,0,0,0,0,0,0,0,0,-37000,0,0,0,0,37000,-37000,-37000
052573,智伸科凱基97購01,0,0,0,0,0,0,0,0,0,-37000,0,0,0,15000,52000,-37000,-37000
051730,為升國票96購02  ,0,0,0,0,0,0,0,0,0,-37000,0,0,0,63000,100000,-37000,-37000
050454,嘉澤元大94購04  ,0,0,0,0,0,0,0,0,0,-37000,0,0,0,89000,126000,-37000,-37000
054268,健策第一96購01  ,0,0,0,0,0,0,0,0,0,-37000,0,0,0,63000,100000,-37000,-37000
054057,晶豪科國票97購01,0,0,0,0,0,0,0,0,0,-37000,0,0,0,0,37000,-37000,-37000
054557,臻鼎凱基98購01  ,0,0,0,0,0,0,0,0,0,-37000,0,0,0,13000,50000,-37000,-37000
054722,傳奇永豐97購01  ,0,0,0,0,0,0,0,0,0,-37000,0,0,0,3000,40000,-37000,-37000
052984,漢唐元大96購01  ,0,0,0,0,0,0,0,0,0,-37000,0,0,0,0,37000,-37000,-37000
053190,聯發科統一99購01,0,0,0,0,0,0,0,0,0,-37000,0,0,0,0,37000,-37000,-37000
053415,聯茂國票97購01  ,0,0,0,0,0,0,0,0,0,-37000,0,0,0,0,37000,-37000,-37000
053603,臺股指元大96購20,0,0,0,0,0,0,0,0,0,-37000,0,0,0,0,37000,-37000,-37000
2439,美律            ,415000,236000,179000,0,0,0,0,132000,-132000,-84000,34000,91000,-57000,9000,36000,-27000,-37000
5534,長虹            ,85000,118000,-33000,0,0,0,0,0,0,-4000,0,4000,-4000,0,0,0,-37000
06475P,牧德永豐98售03  ,0,0,0,0,0,0,0,0,0,-37000,0,0,0,68000,105000,-37000,-37000
06574P,大立光永昌99售01,0,0,0,0,0,0,0,0,0,-37000,0,0,0,17000,54000,-37000,-37000
06575P,大立光永昌99售02,0,0,0,0,0,0,0,0,0,-37000,0,0,0,17000,54000,-37000,-37000
1339,昭輝            ,18000,50000,-32000,0,0,0,0,0,0,-5000,0,5000,-5000,0,0,0,-37000
6214,精誠            ,165000,97000,68000,0,0,0,0,0,0,-105000,0,105000,-105000,0,0,0,-37000
055449,超眾統一9A購01  ,0,0,0,0,0,0,0,0,0,-38000,0,0,0,0,38000,-38000,-38000
055431,和鑫群益98購01  ,0,0,0,0,0,0,0,0,0,-38000,0,0,0,0,38000,-38000,-38000
055991,鈺齊元富97購01  ,0,0,0,0,0,0,0,0,0,-38000,0,0,0,0,38000,-38000,-38000
05594P,旺宏國票96售04  ,0,0,0,0,0,0,0,0,0,-38000,0,0,0,20000,58000,-38000,-38000
057465,智易永豐98購02  ,0,0,0,0,0,0,0,0,0,-38000,0,0,0,0,38000,-38000,-38000
048625,GIS台新93購01   ,0,0,0,0,0,0,0,0,0,-38000,0,0,0,0,38000,-38000,-38000
03180P,台灣50元大01售39,0,0,0,0,0,0,0,0,0,-38000,0,0,0,9000,47000,-38000,-38000
042502,上銀凱基93購01  ,0,0,0,0,0,0,0,0,0,-38000,0,0,0,22000,60000,-38000,-38000
00675L,富邦臺灣加權正2 ,0,6000,-6000,0,0,0,0,0,0,-32000,0,0,0,61000,93000,-32000,-38000
046528,聯詠中信94購01  ,0,0,0,0,0,0,0,0,0,-38000,0,0,0,0,38000,-38000,-38000
048923,國巨永豐94購02  ,0,0,0,0,0,0,0,0,0,-38000,0,0,0,31000,69000,-38000,-38000
050281,台積電日盛94購03,0,0,0,0,0,0,0,0,0,-38000,0,0,0,45000,83000,-38000,-38000
051779,大立光群益95購02,0,0,0,0,0,0,0,0,0,-38000,0,0,0,17000,55000,-38000,-38000
04916P,大立光永昌96售02,0,0,0,0,0,0,0,0,0,-38000,0,0,0,76000,114000,-38000,-38000
050073,傳奇凱基94購02  ,0,0,0,0,0,0,0,0,0,-38000,0,0,0,12000,50000,-38000,-38000
051835,百和元大95購03  ,0,0,0,0,0,0,0,0,0,-38000,0,0,0,5000,43000,-38000,-38000
05217P,鴻海統一95售08  ,0,0,0,0,0,0,0,0,0,-38000,0,0,0,0,38000,-38000,-38000
051150,宏達電凱基95購02,0,0,0,0,0,0,0,0,0,-38000,0,0,0,4000,42000,-38000,-38000
050800,百和中信95購01  ,0,0,0,0,0,0,0,0,0,-38000,0,0,0,0,38000,-38000,-38000
052738,聯電元大98購02  ,0,0,0,0,0,0,0,0,0,-38000,0,0,0,28000,66000,-38000,-38000
054952,大毅元大97購02  ,0,0,0,0,0,0,0,0,0,-38000,0,0,0,16000,54000,-38000,-38000
055225,華邦電國票99購01,0,0,0,0,0,0,0,0,0,-38000,0,0,0,0,38000,-38000,-38000
1417,嘉裕            ,2000,40000,-38000,0,0,0,0,0,0,0,0,0,0,0,0,0,-38000
06620P,聯發科元大98售07,0,0,0,0,0,0,0,0,0,-38000,0,0,0,0,38000,-38000,-38000
06614P,祥碩永豐98售03  ,0,0,0,0,0,0,0,0,0,-38000,0,0,0,57000,95000,-38000,-38000
06036P,台表科凱基96售04,0,0,0,0,0,0,0,0,0,-39000,0,0,0,0,39000,-39000,-39000
056701,國產國泰9A購01  ,0,0,0,0,0,0,0,0,0,-39000,0,0,0,0,39000,-39000,-39000
056993,GIS兆豐99購01   ,0,0,0,0,0,0,0,0,0,-39000,0,0,0,312000,351000,-39000,-39000
056939,康控元富98購01  ,0,0,0,0,0,0,0,0,0,-39000,0,0,0,41000,80000,-39000,-39000
056192,智邦富邦98購01  ,0,0,0,0,0,0,0,0,0,-39000,0,0,0,1000,40000,-39000,-39000
046869,聯發科統一95購01,0,0,0,0,0,0,0,0,0,-39000,0,0,0,111000,150000,-39000,-39000
04308P,京元電凱基93售06,0,0,0,0,0,0,0,0,0,-39000,0,0,0,4000,43000,-39000,-39000
04598P,光罩凱基94售03  ,0,0,0,0,0,0,0,0,0,-39000,0,0,0,16000,55000,-39000,-39000
042793,台積電台新9C購01,0,0,0,0,0,0,0,0,0,-39000,0,0,0,0,39000,-39000,-39000
05235P,健鼎康和95售02  ,0,0,0,0,0,0,0,0,0,-39000,0,0,0,21000,60000,-39000,-39000
049985,華擎凱基94購01  ,0,0,0,0,0,0,0,0,0,-39000,0,0,0,86000,125000,-39000,-39000
054143,茂林元大96購04  ,0,0,0,0,0,0,0,0,0,-39000,0,0,0,57000,96000,-39000,-39000
052952,矽創國票97購02  ,0,0,0,0,0,0,0,0,0,-39000,0,0,0,10000,49000,-39000,-39000
053561,玉晶光國泰98購01,0,0,0,0,0,0,0,0,0,-39000,0,0,0,43000,82000,-39000,-39000
06382P,大毅元富97售02  ,0,0,0,0,0,0,0,0,0,-39000,0,0,0,180000,219000,-39000,-39000
06267P,大立光凱基97售12,0,0,0,0,0,0,0,0,0,-39000,0,0,0,556000,595000,-39000,-39000
06212P,華新科元大97售11,0,0,0,0,0,0,0,0,0,-39000,0,0,0,431000,470000,-39000,-39000
2905,三商            ,40000,74000,-34000,0,0,0,0,0,0,-5000,0,5000,-5000,0,0,0,-39000
6112,聚碩            ,10000,48440,-38440,0,0,0,0,0,0,-1000,0,1000,-1000,0,0,0,-39440
05625P,國巨國票97售01  ,0,0,0,0,0,0,0,0,0,-40000,0,0,0,1000,41000,-40000,-40000
056095,臻鼎元富9A購01  ,0,0,0,0,0,0,0,0,0,-40000,0,0,0,40000,80000,-40000,-40000
05609P,國泰金凱基96售01,0,0,0,0,0,0,0,0,0,-40000,0,0,0,0,40000,-40000,-40000
056329,上銀國票98購02  ,0,0,0,0,0,0,0,0,0,-40000,0,0,0,11000,51000,-40000,-40000
055533,大立光群益97購03,0,0,0,0,0,0,0,0,0,-40000,0,0,0,5000,45000,-40000,-40000
055466,台達電凱基97購03,0,0,0,0,0,0,0,0,0,-40000,0,0,0,1000,41000,-40000,-40000
055682,智原凱基98購02  ,0,0,0,0,0,0,0,0,0,-40000,0,0,0,0,40000,-40000,-40000
055677,喬山凱基97購01  ,190000,0,190000,0,0,0,0,0,0,-230000,0,0,0,181000,411000,-230000,-40000
055829,上銀元大97購06  ,0,0,0,0,0,0,0,0,0,-40000,0,0,0,184000,224000,-40000,-40000
057002,友達國票98購01  ,0,0,0,0,0,0,0,0,0,-40000,0,0,0,29000,69000,-40000,-40000
056640,元油2X凱基9A購01,0,0,0,0,0,0,0,0,0,-40000,0,0,0,0,40000,-40000,-40000
05877P,大立光群益96售06,0,0,0,0,0,0,0,0,0,-40000,0,0,0,332000,372000,-40000,-40000
04590P,元石油元大97售01,0,0,0,0,0,0,0,0,0,-40000,0,0,0,0,40000,-40000,-40000
042904,金寶元大94購02  ,0,0,0,0,0,0,0,0,0,-40000,0,0,0,0,40000,-40000,-40000
045856,南亞科國泰94購01,0,0,0,0,0,0,0,0,0,-40000,0,0,0,0,40000,-40000,-40000
00731,FH富時高息低波  ,1000,0,1000,0,0,0,0,0,0,-41000,0,0,0,321000,362000,-41000,-40000
03917P,鴻海凱基94售07  ,0,0,0,0,0,0,0,0,0,-40000,0,0,0,10000,50000,-40000,-40000
047386,南亞科元大93購01,0,0,0,0,0,0,0,0,0,-40000,0,0,0,60000,100000,-40000,-40000
044928,玉晶光國泰93購01,0,0,0,0,0,0,0,0,0,-40000,0,0,0,0,40000,-40000,-40000
044680,華新科凱基93購06,0,0,0,0,0,0,0,0,0,-40000,0,0,0,5000,45000,-40000,-40000
044639,京元電元富94購01,0,0,0,0,0,0,0,0,0,-40000,0,0,0,50000,90000,-40000,-40000
047922,聯發科凱基94購01,0,0,0,0,0,0,0,0,0,-40000,0,0,0,0,40000,-40000,-40000
050947,聯發科群益95購01,0,0,0,0,0,0,0,0,0,-40000,0,0,0,0,40000,-40000,-40000
051085,鴻海元大95購03  ,0,0,0,0,0,0,0,0,0,-40000,0,0,0,658000,698000,-40000,-40000
046604,康控群益93購02  ,0,0,0,0,0,0,0,0,0,-40000,0,0,0,20000,60000,-40000,-40000
048500,樺漢元大93購03  ,0,0,0,0,0,0,0,0,0,-40000,0,0,0,19000,59000,-40000,-40000
048700,和鑫國票95購01  ,0,0,0,0,0,0,0,0,0,-40000,0,0,0,20000,60000,-40000,-40000
049056,玉晶光永豐95購03,0,0,0,0,0,0,0,0,0,-40000,0,0,0,10000,50000,-40000,-40000
049008,傳奇中信95購01  ,0,0,0,0,0,0,0,0,0,-40000,0,0,0,0,40000,-40000,-40000
051786,A50正2國票95購02,0,0,0,0,0,0,0,0,0,-40000,0,0,0,60000,100000,-40000,-40000
051738,全新國票96購02  ,0,0,0,0,0,0,0,0,0,-40000,0,0,0,0,40000,-40000,-40000
050207,百和群益95購01  ,0,0,0,0,0,0,0,0,0,-40000,0,0,0,0,40000,-40000,-40000
051728,道瓊反國票97購01,0,0,0,0,0,0,0,0,0,-40000,0,0,0,0,40000,-40000,-40000
048920,川湖永豐94購01  ,0,0,0,0,0,0,0,0,0,-40000,0,0,0,0,40000,-40000,-40000
050432,聯發科凱基94購19,0,0,0,0,0,0,0,0,0,-40000,0,0,0,10000,50000,-40000,-40000
05222P,致伸凱基95售02  ,0,0,0,0,0,0,0,0,0,-40000,0,0,0,24000,64000,-40000,-40000
052284,日月光凱基96購01,0,0,0,0,0,0,0,0,0,-40000,0,0,0,0,40000,-40000,-40000
052285,康控凱基95購02  ,0,0,0,0,0,0,0,0,0,-40000,0,0,0,0,40000,-40000,-40000
052575,茂林凱基96購04  ,0,0,0,0,0,0,0,0,0,-40000,0,0,0,0,40000,-40000,-40000
052471,華固亞東95購01  ,0,0,0,0,0,0,0,0,0,-40000,0,0,0,0,40000,-40000,-40000
052461,和大統一95購01  ,0,0,0,0,0,0,0,0,0,-40000,0,0,0,10000,50000,-40000,-40000
052426,國巨台新96購01  ,0,0,0,0,0,0,0,0,0,-40000,0,0,0,0,40000,-40000,-40000
052178,台郡元大96購03  ,0,0,0,0,0,0,0,0,0,-40000,0,0,0,20000,60000,-40000,-40000
050078,臺指反統一97購01,0,0,0,0,0,0,0,0,0,-40000,0,0,0,0,40000,-40000,-40000
050822,亞光凱基95購01  ,0,0,0,0,0,0,0,0,0,-40000,0,0,0,35000,75000,-40000,-40000
049455,上海銀統一94購02,0,0,0,0,0,0,0,0,0,-40000,0,0,0,0,40000,-40000,-40000
049579,鴻海元大94購06  ,0,0,0,0,0,0,0,0,0,-40000,0,0,0,115000,155000,-40000,-40000
048902,昇陽半國泰96購01,0,0,0,0,0,0,0,0,0,-40000,0,0,0,28000,68000,-40000,-40000
050675,奇鋐富邦96購01  ,0,0,0,0,0,0,0,0,0,-40000,0,0,0,0,40000,-40000,-40000
049803,華新科元大95購07,0,0,0,0,0,0,0,0,0,-40000,0,0,0,2000,42000,-40000,-40000
049302,聯茂日盛94購01  ,0,0,0,0,0,0,0,0,0,-40000,0,0,0,0,40000,-40000,-40000
049414,台積電凱基94購18,0,0,0,0,0,0,0,0,0,-40000,0,0,0,25000,65000,-40000,-40000
049646,旺宏凱基94購01  ,0,0,0,0,0,0,0,0,0,-40000,0,0,0,5000,45000,-40000,-40000
051550,日電貿永豐95購01,0,0,0,0,0,0,0,0,0,-40000,0,0,0,68000,108000,-40000,-40000
051464,彩晶國泰96購01  ,0,0,0,0,0,0,0,0,0,-40000,0,0,0,0,40000,-40000,-40000
053572,彩晶統一96購01  ,0,0,0,0,0,0,0,0,0,-40000,0,0,0,499000,539000,-40000,-40000
053399,創意中信96購01  ,0,0,0,0,0,0,0,0,0,-40000,0,0,0,70000,110000,-40000,-40000
05392P,鴻海統一95售13  ,0,0,0,0,0,0,0,0,0,-40000,0,0,0,0,40000,-40000,-40000
052827,昇陽半永豐97購01,0,0,0,0,0,0,0,0,0,-40000,0,0,0,26000,66000,-40000,-40000
052752,臺股指元大96購06,0,0,0,0,0,0,0,0,0,-40000,0,0,0,0,40000,-40000,-40000
053194,緯穎統一99購01  ,0,0,0,0,0,0,0,0,0,-40000,0,0,0,0,40000,-40000,-40000
053143,昇陽半永豐96購03,0,0,0,0,0,0,0,0,0,-40000,0,0,0,11000,51000,-40000,-40000
053233,大立光永豐96購01,0,0,0,0,0,0,0,0,0,-40000,0,0,0,0,40000,-40000,-40000
05320P,華通凱基96售03  ,0,0,0,0,0,0,0,0,0,-40000,0,0,0,0,40000,-40000,-40000
052982,鴻海元大97購06  ,0,0,0,0,0,0,0,0,0,-40000,0,0,0,0,40000,-40000,-40000
054151,瑞昱國泰97購01  ,0,0,0,0,0,0,0,0,0,-40000,0,0,0,0,40000,-40000,-40000
054145,嘉聯益元大98購01,0,0,0,0,0,0,0,0,0,-40000,0,0,0,15000,55000,-40000,-40000
054600,中壽台新97購01  ,0,0,0,0,0,0,0,0,0,-40000,0,0,0,0,40000,-40000,-40000
054688,兆赫永豐97購01  ,0,0,0,0,0,0,0,0,0,-40000,0,0,0,0,40000,-40000,-40000
054367,鴻海中信98購03  ,0,0,0,0,0,0,0,0,0,-40000,0,0,0,30000,70000,-40000,-40000
054421,臺股指元大99購03,0,0,0,0,0,0,0,0,0,-40000,0,0,0,0,40000,-40000,-40000
054961,玉晶光元大99購01,0,0,0,0,0,0,0,0,0,-40000,0,0,0,2000,42000,-40000,-40000
054702,智邦第一97購01  ,0,0,0,0,0,0,0,0,0,-40000,0,0,0,0,40000,-40000,-40000
054815,台積電元大97購14,0,0,0,0,0,0,0,0,0,-40000,0,0,0,20000,60000,-40000,-40000
054836,勤誠中信97購01  ,0,0,0,0,0,0,0,0,0,-40000,0,0,0,0,40000,-40000,-40000
054864,聯發科群益97購02,0,0,0,0,0,0,0,0,0,-40000,0,0,0,0,40000,-40000,-40000
2636,台驊投控        ,2000,42000,-40000,0,0,0,0,0,0,0,0,0,0,0,0,0,-40000
06291P,臺股指國票97售05,0,0,0,0,0,0,0,0,0,-40000,0,0,0,0,40000,-40000,-40000
06192P,高股息中信98售01,0,0,0,0,0,0,0,0,0,-40000,0,0,0,0,40000,-40000,-40000
06147P,國巨元大97售05  ,0,0,0,0,0,0,0,0,0,-40000,0,0,0,0,40000,-40000,-40000
05973P,聯詠元大96售06  ,0,0,0,0,0,0,0,0,0,-41000,0,0,0,29000,70000,-41000,-41000
05991P,聯茂群益96售05  ,0,0,0,0,0,0,0,0,0,-41000,0,0,0,49000,90000,-41000,-41000
057385,光罩永豐99購01  ,0,0,0,0,0,0,0,0,0,-41000,0,0,0,0,41000,-41000,-41000
046785,禾伸堂永豐93購01,0,0,0,0,0,0,0,0,0,-41000,0,0,0,19000,60000,-41000,-41000
044126,奇力新凱基93購01,0,0,0,0,0,0,0,0,0,-41000,0,0,0,1000,42000,-41000,-41000
04235P,鴻海群益93售08  ,0,0,0,0,0,0,0,0,0,-41000,0,0,0,25000,66000,-41000,-41000
051985,智邦元大95購05  ,0,0,0,0,0,0,0,0,0,-41000,0,0,0,150000,191000,-41000,-41000
049417,奇力新凱基94購02,0,0,0,0,0,0,0,0,0,-41000,0,0,0,3000,44000,-41000,-41000
052312,美律富邦96購02  ,0,0,0,0,0,0,0,0,0,-41000,0,0,0,0,41000,-41000,-41000
054891,聯鈞統一99購02  ,0,0,0,0,0,0,0,0,0,-41000,0,0,0,378000,419000,-41000,-41000
05429P,鴻海統一95售16  ,0,0,0,0,0,0,0,0,0,-41000,0,0,0,0,41000,-41000,-41000
054249,技嘉元大96購03  ,0,0,0,0,0,0,0,0,0,-41000,0,0,0,53000,94000,-41000,-41000
052706,台虹國票97購01  ,0,0,0,0,0,0,0,0,0,-41000,0,0,0,93000,134000,-41000,-41000
05278P,台郡元富95售02  ,0,0,0,0,0,0,0,0,0,-41000,0,0,0,20000,61000,-41000,-41000
053893,京鼎群益97購02  ,0,0,0,0,0,0,0,0,0,-41000,0,0,0,82000,123000,-41000,-41000
053857,宏達電富邦97購02,0,0,0,0,0,0,0,0,0,-41000,0,0,0,10000,51000,-41000,-41000
06144P,台光電永豐97售01,0,0,0,0,0,0,0,0,0,-41000,0,0,0,0,41000,-41000,-41000
2812,台中銀          ,323000,358000,-35000,0,0,0,0,0,0,-6000,0,6000,-6000,0,0,0,-41000
2385,群光            ,752728,752000,728,0,0,0,7000,0,7000,-49000,0,25000,-25000,1000,25000,-24000,-41272
057500,神達群益98購01  ,0,0,0,0,0,0,0,0,0,-42000,0,0,0,100000,142000,-42000,-42000
05842P,台積電元大96售15,0,0,0,0,0,0,0,0,0,-42000,0,0,0,51000,93000,-42000,-42000
056777,矽力元大98購02  ,0,0,0,0,0,0,0,0,0,-42000,0,0,0,0,42000,-42000,-42000
056925,群創兆豐98購03  ,0,0,0,0,0,0,0,0,0,-42000,0,0,0,0,42000,-42000,-42000
055547,台積電凱基97購13,0,0,0,0,0,0,0,0,0,-42000,0,0,0,68000,110000,-42000,-42000
055393,華新科統一97購03,0,0,0,0,0,0,0,0,0,-42000,0,0,0,39000,81000,-42000,-42000
055347,台積電凱基97購10,0,0,0,0,0,0,0,0,0,-42000,0,0,0,69000,111000,-42000,-42000
048629,滬深2X元大96購04,0,0,0,0,0,0,0,0,0,-42000,0,0,0,10000,52000,-42000,-42000
047493,旺宏元富96購01  ,0,0,0,0,0,0,0,0,0,-42000,0,0,0,8000,50000,-42000,-42000
046149,宏達電國票93購01,0,0,0,0,0,0,0,0,0,-42000,0,0,0,0,42000,-42000,-42000
052424,泰碩國票97購01  ,0,0,0,0,0,0,0,0,0,-42000,0,0,0,0,42000,-42000,-42000
052535,日月光國泰96購01,0,0,0,0,0,0,0,0,0,-42000,0,0,0,2000,44000,-42000,-42000
051832,復盛元大95購01  ,0,0,0,0,0,0,0,0,0,-42000,0,0,0,5000,47000,-42000,-42000
04953P,台積電群益94售13,0,0,0,0,0,0,0,0,0,-42000,0,0,0,193000,235000,-42000,-42000
050818,華新科凱基95購02,0,0,0,0,0,0,0,0,0,-42000,0,0,0,5000,47000,-42000,-42000
051503,玉晶光統一97購01,0,0,0,0,0,0,0,0,0,-42000,0,0,0,0,42000,-42000,-42000
050554,百和凱基95購01  ,0,0,0,0,0,0,0,0,0,-42000,0,0,0,0,42000,-42000,-42000
053976,亞光元大96購02  ,0,0,0,0,0,0,0,0,0,-42000,0,0,0,83000,125000,-42000,-42000
053962,聯茂永豐96購01  ,0,0,0,0,0,0,0,0,0,-42000,0,0,0,26000,68000,-42000,-42000
053404,致新群益96購01  ,0,0,0,0,0,0,0,0,0,-42000,0,0,0,315000,357000,-42000,-42000
053610,矽力中信98購01  ,0,0,0,0,0,0,0,0,0,-42000,0,0,0,59000,101000,-42000,-42000
053179,大立光統一96購04,0,0,0,0,0,0,0,0,0,-42000,0,0,0,0,42000,-42000,-42000
054252,奇力新元大96購04,0,0,0,0,0,0,0,0,0,-42000,0,0,0,39000,81000,-42000,-42000
05420P,大立光國泰97售03,0,0,0,0,0,0,0,0,0,-42000,0,0,0,222000,264000,-42000,-42000
054097,淘帝國票97購01  ,0,0,0,0,0,0,0,0,0,-42000,0,0,0,14000,56000,-42000,-42000
053998,泰鼎群益98購01  ,0,0,0,0,0,0,0,0,0,-42000,0,0,0,193000,235000,-42000,-42000
054411,光磊元大97購02  ,0,0,0,0,0,0,0,0,0,-42000,0,0,0,40000,82000,-42000,-42000
054966,貿聯元大98購02  ,0,0,0,0,0,0,0,0,0,-42000,0,0,0,0,42000,-42000,-42000
1732,毛寶            ,112000,154000,-42000,0,0,0,0,0,0,0,0,0,0,0,0,0,-42000
06367P,台積電凱基97售14,0,0,0,0,0,0,0,0,0,-42000,0,0,0,115000,157000,-42000,-42000
6282,康舒            ,873000,316000,557000,0,0,0,0,0,0,-599000,25000,5000,20000,38000,657000,-619000,-42000
055609,旺宏國票99購01  ,0,0,0,0,0,0,0,0,0,-43000,0,0,0,17000,60000,-43000,-43000
055981,臺股指統一97購03,0,0,0,0,0,0,0,0,0,-43000,0,0,0,0,43000,-43000,-43000
05914P,友達元大96售04  ,0,0,0,0,0,0,0,0,0,-43000,0,0,0,69000,112000,-43000,-43000
05915P,聯發科元大96售19,0,0,0,0,0,0,0,0,0,-43000,0,0,0,49000,92000,-43000,-43000
05766P,A50正2凱基99售01,0,0,0,0,0,0,0,0,0,-43000,0,0,0,164000,207000,-43000,-43000
048666,康控統一93購01  ,0,0,0,0,0,0,0,0,0,-43000,0,0,0,0,43000,-43000,-43000
042919,GIS元大93購01   ,0,0,0,0,0,0,0,0,0,-43000,0,0,0,0,43000,-43000,-43000
054870,新日興群益98購01,0,0,0,0,0,0,0,0,0,-43000,0,0,0,175000,218000,-43000,-43000
05445P,聯詠元大95售05  ,0,0,0,0,0,0,0,0,0,-43000,0,0,0,7000,50000,-43000,-43000
05409P,京元電元富95售05,0,0,0,0,0,0,0,0,0,-43000,0,0,0,140000,183000,-43000,-43000
054297,台郡元大98購01  ,0,0,0,0,0,0,0,0,0,-43000,0,0,0,111000,154000,-43000,-43000
053209,台積電凱基96購07,0,0,0,0,0,0,0,0,0,-43000,0,0,0,25000,68000,-43000,-43000
052765,新日興群益97購01,0,0,0,0,0,0,0,0,0,-43000,0,0,0,7000,50000,-43000,-43000
9914,美利達          ,74000,113000,-39000,0,0,0,0,0,0,-4000,9000,14000,-5000,2000,1000,1000,-43000
3518,柏騰            ,27000,69000,-42000,0,0,0,0,0,0,-1000,0,1000,-1000,0,0,0,-43000
5906,台南-KY         ,7000,50000,-43000,0,0,0,0,0,0,0,0,0,0,0,0,0,-43000
057381,微星國泰9A購01  ,0,0,0,0,0,0,0,0,0,-44000,0,0,0,0,44000,-44000,-44000
057272,台積電元大98購14,0,0,0,0,0,0,0,0,0,-44000,0,0,0,87000,131000,-44000,-44000
057112,立積群益99購01  ,0,0,0,0,0,0,0,0,0,-44000,0,0,0,32000,76000,-44000,-44000
056242,緯創群益9A購01  ,0,0,0,0,0,0,0,0,0,-44000,0,0,0,10000,54000,-44000,-44000
055380,智易元大98購02  ,0,0,0,0,0,0,0,0,0,-44000,0,0,0,69000,113000,-44000,-44000
055830,上銀元大97購07  ,0,0,0,0,0,0,0,0,0,-44000,0,0,0,299000,343000,-44000,-44000
05567P,致伸群益96售01  ,0,0,0,0,0,0,0,0,0,-44000,0,0,0,0,44000,-44000,-44000
04284P,瀚宇博永豐93售01,0,0,0,0,0,0,0,0,0,-44000,0,0,0,0,44000,-44000,-44000
04398P,致伸群益94售02  ,0,0,0,0,0,0,0,0,0,-44000,0,0,0,0,44000,-44000,-44000
047154,新光金國票95購01,0,0,0,0,0,0,0,0,0,-44000,0,0,0,0,44000,-44000,-44000
048379,台郡元富96購01  ,0,0,0,0,0,0,0,0,0,-44000,0,0,0,0,44000,-44000,-44000
052076,可成元富98購01  ,0,0,0,0,0,0,0,0,0,-44000,0,0,0,6000,50000,-44000,-44000
051462,世芯國泰97購01  ,0,0,0,0,0,0,0,0,0,-44000,0,0,0,32000,76000,-44000,-44000
050699,京鼎凱基96購01  ,0,0,0,0,0,0,0,0,0,-44000,0,0,0,317000,361000,-44000,-44000
052354,健策群益96購02  ,0,0,0,0,0,0,0,0,0,-44000,0,0,0,94000,138000,-44000,-44000
051729,華新國票96購01  ,0,0,0,0,0,0,0,0,0,-44000,0,0,0,30000,74000,-44000,-44000
051749,矽力國泰97購01  ,0,0,0,0,0,0,0,0,0,-44000,0,0,0,18000,62000,-44000,-44000
053259,卜蜂群益97購01  ,0,0,0,0,0,0,0,0,0,-44000,0,0,0,307000,351000,-44000,-44000
05438P,康控永豐95售05  ,0,0,0,0,0,0,0,0,0,-44000,0,0,0,0,44000,-44000,-44000
054558,劍麟群益99購01  ,0,0,0,0,0,0,0,0,0,-44000,0,0,0,0,44000,-44000,-44000
054763,宏達電國票99購01,0,0,0,0,0,0,0,0,0,-44000,0,0,0,0,44000,-44000,-44000
5519,隆大            ,7000,51000,-44000,0,0,0,0,0,0,0,0,0,0,0,0,0,-44000
2377,微星            ,726000,791000,-65000,0,0,0,78000,0,78000,-57000,30000,50000,-20000,16000,53000,-37000,-44000
1104,環泥            ,25000,69000,-44000,0,0,0,0,0,0,0,0,0,0,0,0,0,-44000
9919,康那香          ,0,45000,-45000,0,0,0,0,0,0,1000,1000,0,1000,0,0,0,-44000
055805,矽力永豐97購01  ,0,0,0,0,0,0,0,0,0,-45000,0,0,0,0,45000,-45000,-45000
055906,大立光兆豐97購03,0,0,0,0,0,0,0,0,0,-45000,0,0,0,0,45000,-45000,-45000
056171,鴻海元富97購10  ,0,0,0,0,0,0,0,0,0,-45000,0,0,0,0,45000,-45000,-45000
056402,智易群益98購02  ,0,0,0,0,0,0,0,0,0,-45000,0,0,0,19000,64000,-45000,-45000
056392,玉晶光富邦9C購01,0,0,0,0,0,0,0,0,0,-45000,0,0,0,0,45000,-45000,-45000
056374,聯發科統一9B購01,0,0,0,0,0,0,0,0,0,-45000,0,0,0,0,45000,-45000,-45000
057151,易華電國票99購01,0,0,0,0,0,0,0,0,0,-45000,0,0,0,60000,105000,-45000,-45000
056861,美律群益99購01  ,0,0,0,0,0,0,0,0,0,-45000,0,0,0,71000,116000,-45000,-45000
056890,國巨元大98購11  ,0,0,0,0,0,0,0,0,0,-45000,0,0,0,210000,255000,-45000,-45000
05846P,大立光元大96售07,0,0,0,0,0,0,0,0,0,-45000,0,0,0,60000,105000,-45000,-45000
05817P,可成凱基96售07  ,0,0,0,0,0,0,0,0,0,-45000,0,0,0,0,45000,-45000,-45000
048744,儒鴻元富97購01  ,0,0,0,0,0,0,0,0,0,-45000,0,0,0,15000,60000,-45000,-45000
046988,南亞科凱基93購02,0,0,0,0,0,0,0,0,0,-45000,0,0,0,36000,81000,-45000,-45000
04457P,同欣電統一94售01,0,0,0,0,0,0,0,0,0,-45000,0,0,0,60000,105000,-45000,-45000
04274P,滬深2X凱基94售01,0,0,0,0,0,0,0,0,0,-45000,0,0,0,0,45000,-45000,-45000
04190P,大立光兆豐94售03,0,0,0,0,0,0,0,0,0,-45000,0,0,0,0,45000,-45000,-45000
05000P,臺股指永豐95售01,0,0,0,0,0,0,0,0,0,-45000,0,0,0,213000,258000,-45000,-45000
050260,鴻海元大94購15  ,0,0,0,0,0,0,0,0,0,-45000,0,0,0,202000,247000,-45000,-45000
052492,易華電國票96購02,0,0,0,0,0,0,0,0,0,-45000,0,0,0,0,45000,-45000,-45000
050104,元石油元大97購02,0,0,0,0,0,0,0,0,0,-45000,0,0,0,5000,50000,-45000,-45000
049261,大立光元大94購08,0,0,0,0,0,0,0,0,0,-45000,0,0,0,16000,61000,-45000,-45000
049582,台積電元大95購03,0,0,0,0,0,0,0,0,0,-45000,0,0,0,319000,364000,-45000,-45000
052013,台積電永豐95購04,0,0,0,0,0,0,0,0,0,-45000,0,0,0,497000,542000,-45000,-45000
055005,晶相光元富97購01,1000,0,1000,0,0,0,0,0,0,-46000,0,0,0,170000,216000,-46000,-45000
054432,台積電台新96購05,0,0,0,0,0,0,0,0,0,-45000,0,0,0,25000,70000,-45000,-45000
052980,上銀元大96購03  ,0,0,0,0,0,0,0,0,0,-45000,0,0,0,115000,160000,-45000,-45000
053496,義隆兆豐96購02  ,0,0,0,0,0,0,0,0,0,-45000,0,0,0,16000,61000,-45000,-45000
053335,易華電永豐96購01,0,0,0,0,0,0,0,0,0,-45000,0,0,0,40000,85000,-45000,-45000
6183,關貿            ,8000,38000,-30000,0,0,0,0,0,0,-15000,0,15000,-15000,0,0,0,-45000
06455P,上銀統一99售03  ,0,0,0,0,0,0,0,0,0,-45000,0,0,0,48000,93000,-45000,-45000
057393,台積電中信02購01,0,0,0,0,0,0,0,0,0,-46000,0,0,0,0,46000,-46000,-46000
056488,致新元大99購01  ,0,0,0,0,0,0,0,0,0,-46000,0,0,0,1000,47000,-46000,-46000
055786,彩晶凱基99購02  ,0,0,0,0,0,0,0,0,0,-46000,0,0,0,0,46000,-46000,-46000
041824,元油2X國票96購01,0,0,0,0,0,0,0,0,0,-46000,0,0,0,15000,61000,-46000,-46000
04243P,大立光永昌93售08,0,0,0,0,0,0,0,0,0,-46000,0,0,0,0,46000,-46000,-46000
00645,富邦日本        ,0,0,0,0,0,0,0,0,0,-46000,0,0,0,124000,170000,-46000,-46000
051238,中環元大96購01  ,0,0,0,0,0,0,0,0,0,-46000,0,0,0,0,46000,-46000,-46000
047571,滬深2X群益99購01,0,0,0,0,0,0,0,0,0,-46000,0,0,0,31000,77000,-46000,-46000
050620,和碩元大94購04  ,0,0,0,0,0,0,0,0,0,-46000,0,0,0,50000,96000,-46000,-46000
049355,元油2X富邦96購04,0,0,0,0,0,0,0,0,0,-46000,0,0,0,4000,50000,-46000,-46000
051932,康控國票96購02  ,0,0,0,0,0,0,0,0,0,-46000,0,0,0,20000,66000,-46000,-46000
050431,聯發科凱基94購18,0,0,0,0,0,0,0,0,0,-46000,0,0,0,6000,52000,-46000,-46000
053394,鴻海中信9A購01  ,0,0,0,0,0,0,0,0,0,-46000,0,0,0,108000,154000,-46000,-46000
053913,華新國票97購01  ,0,0,0,0,0,0,0,0,0,-46000,0,0,0,10000,56000,-46000,-46000
053061,GIS富邦97購01   ,0,0,0,0,0,0,0,0,0,-46000,0,0,0,98000,144000,-46000,-46000
053282,彩晶元大9C購01  ,0,0,0,0,0,0,0,0,0,-46000,0,0,0,0,46000,-46000,-46000
052761,可成群益96購02  ,0,0,0,0,0,0,0,0,0,-46000,0,0,0,52000,98000,-46000,-46000
052935,康友元大96購03  ,0,0,0,0,0,0,0,0,0,-46000,0,0,0,89000,135000,-46000,-46000
055223,和大國票98購01  ,0,0,0,0,0,0,0,0,0,-46000,0,0,0,0,46000,-46000,-46000
06687P,A50正2中信9A售01,0,0,0,0,0,0,0,0,0,-46000,0,0,0,0,46000,-46000,-46000
2915,潤泰全          ,579000,582600,-3600,0,0,0,0,0,0,-43000,0,0,0,0,43000,-43000,-46600
055929,聯發科群益97購05,0,0,0,0,0,0,0,0,0,-47000,0,0,0,5000,52000,-47000,-47000
055734,奇力新元富97購02,0,0,0,0,0,0,0,0,0,-47000,0,0,0,7000,54000,-47000,-47000
056296,旺宏元大97購07  ,0,0,0,0,0,0,0,0,0,-47000,0,0,0,250000,297000,-47000,-47000
057415,和碩日盛98購01  ,0,0,0,0,0,0,0,0,0,-47000,0,0,0,0,47000,-47000,-47000
057128,台光電凱基98購03,0,0,0,0,0,0,0,0,0,-47000,0,0,0,23000,70000,-47000,-47000
057090,奇力新元富98購02,0,0,0,0,0,0,0,0,0,-47000,0,0,0,20000,67000,-47000,-47000
057027,祥碩凱基98購01  ,0,0,0,0,0,0,0,0,0,-47000,0,0,0,0,47000,-47000,-47000
05123P,鴻海永昌96售07  ,0,0,0,0,0,0,0,0,0,-47000,0,0,0,605000,652000,-47000,-47000
048003,旭富元大93購01  ,0,0,0,0,0,0,0,0,0,-47000,0,0,0,3000,50000,-47000,-47000
00690,兆豐藍籌30      ,0,0,0,0,0,0,0,0,0,-47000,0,0,0,160000,207000,-47000,-47000
045871,元油2X元富96購03,0,0,0,0,0,0,0,0,0,-47000,0,0,0,23000,70000,-47000,-47000
04581P,楠梓電康和94售03,0,0,0,0,0,0,0,0,0,-47000,0,0,0,0,47000,-47000,-47000
047529,嘉晶元大94購02  ,0,0,0,0,0,0,0,0,0,-47000,0,0,0,74000,121000,-47000,-47000
050518,台積電元大94購28,0,0,0,0,0,0,0,0,0,-47000,0,0,0,538000,585000,-47000,-47000
054058,晶豪科國票98購01,0,0,0,0,0,0,0,0,0,-47000,0,0,0,20000,67000,-47000,-47000
053864,義隆元大96購01  ,0,0,0,0,0,0,0,0,0,-47000,0,0,0,3000,50000,-47000,-47000
3338,泰碩            ,162000,169000,-7000,0,0,0,0,0,0,-40000,2000,68000,-66000,31000,5000,26000,-47000
06645P,上銀元大98售05  ,0,0,0,0,0,0,0,0,0,-47000,0,0,0,45000,92000,-47000,-47000
06428P,國巨元大97售17  ,0,0,0,0,0,0,0,0,0,-47000,0,0,0,4000,51000,-47000,-47000
057011,日月光中信99購01,0,0,0,0,0,0,0,0,0,-48000,0,0,0,0,48000,-48000,-48000
056684,旺宏統一98購02  ,0,0,0,0,0,0,0,0,0,-48000,0,0,0,0,48000,-48000,-48000
05727P,新光金日盛96售02,0,0,0,0,0,0,0,0,0,-48000,0,0,0,0,48000,-48000,-48000
05919P,京鼎元大96售03  ,0,0,0,0,0,0,0,0,0,-48000,0,0,0,50000,98000,-48000,-48000
05907P,聯發科元富96售05,0,0,0,0,0,0,0,0,0,-48000,0,0,0,0,48000,-48000,-48000
056358,友訊元大99購01  ,0,0,0,0,0,0,0,0,0,-48000,0,0,0,27000,75000,-48000,-48000
056014,上銀群益97購02  ,0,0,0,0,0,0,0,0,0,-48000,0,0,0,70000,118000,-48000,-48000
055918,和鑫凱基97購01  ,0,0,0,0,0,0,0,0,0,-48000,0,0,0,0,48000,-48000,-48000
055818,晶相光國票97購02,0,0,0,0,0,0,0,0,0,-48000,0,0,0,39000,87000,-48000,-48000
04586P,光罩永豐94售02  ,0,0,0,0,0,0,0,0,0,-48000,0,0,0,0,48000,-48000,-48000
046011,欣興元富95購01  ,0,0,0,0,0,0,0,0,0,-48000,0,0,0,17000,65000,-48000,-48000
051009,緯創麥證95購01  ,0,0,0,50000,98000,-48000,0,0,0,-48000,0,0,0,50000,98000,-48000,-48000
051059,康普群益95購01  ,0,0,0,0,0,0,0,0,0,-48000,0,0,0,50000,98000,-48000,-48000
048370,可成統一93購04  ,0,0,0,0,0,0,0,0,0,-48000,0,0,0,0,48000,-48000,-48000
049645,台積電凱基94購22,0,0,0,0,0,0,0,0,0,-48000,0,0,0,0,48000,-48000,-48000
050590,晶技永豐95購01  ,0,0,0,0,0,0,0,0,0,-48000,0,0,0,110000,158000,-48000,-48000
052057,臺股指凱基95購15,0,0,0,0,0,0,0,0,0,-48000,0,0,0,1000,49000,-48000,-48000
050099,台積電永昌96購01,0,0,0,0,0,0,0,0,0,-48000,0,0,0,2000,50000,-48000,-48000
051875,聯發科兆豐95購04,0,0,0,0,0,0,0,0,0,-48000,0,0,0,2000,50000,-48000,-48000
052404,臻鼎凱基95購05  ,0,0,0,0,0,0,0,0,0,-48000,0,0,0,20000,68000,-48000,-48000
053453,新光金統一98購01,0,0,0,0,0,0,0,0,0,-48000,0,0,0,0,48000,-48000,-48000
053507,百和兆豐96購01  ,0,0,0,0,0,0,0,0,0,-48000,0,0,0,0,48000,-48000,-48000
052929,可成元大96購02  ,0,0,0,0,0,0,0,0,0,-48000,0,0,0,20000,68000,-48000,-48000
052951,GIS國票97購02   ,0,0,0,0,0,0,0,0,0,-48000,0,0,0,20000,68000,-48000,-48000
05441P,華通元大95售09  ,0,0,0,0,0,0,0,0,0,-48000,0,0,0,0,48000,-48000,-48000
054555,欣興凱基98購01  ,0,0,0,0,0,0,0,0,0,-48000,0,0,0,2000,50000,-48000,-48000
054544,統一中信97購01  ,0,0,0,0,0,0,0,0,0,-48000,0,0,0,96000,144000,-48000,-48000
054672,華新科國泰99購01,0,0,0,0,0,0,0,0,0,-48000,0,0,0,30000,78000,-48000,-48000
054988,凱美元富97購02  ,0,0,0,0,0,0,0,0,0,-48000,0,0,0,10000,58000,-48000,-48000
05490P,鴻海元大95售23  ,0,0,0,0,0,0,0,0,0,-48000,0,0,0,21000,69000,-48000,-48000
1451,年興            ,10000,48000,-38000,0,0,0,0,0,0,-10000,0,10000,-10000,0,0,0,-48000
056127,致新國票98購02  ,0,0,0,0,0,0,0,0,0,-49000,0,0,0,25000,74000,-49000,-49000
05840P,臺股指富邦96售07,0,0,0,0,0,0,0,0,0,-49000,0,0,0,59000,108000,-49000,-49000
06011P,貿聯元富96售04  ,0,0,0,0,0,0,0,0,0,-49000,0,0,0,2000,51000,-49000,-49000
05747P,漢唐群益96售03  ,0,0,0,0,0,0,0,0,0,-49000,0,0,0,15000,64000,-49000,-49000
057472,T50正2元大9B購03,0,0,0,0,0,0,0,0,0,-49000,0,0,0,0,49000,-49000,-49000
056573,華新科元大99購06,0,0,0,0,0,0,0,0,0,-49000,0,0,0,79000,128000,-49000,-49000
056774,和鑫元大98購01  ,0,0,0,0,0,0,0,0,0,-49000,0,0,0,1000,50000,-49000,-49000
057061,華擎國泰9A購01  ,0,0,0,0,0,0,0,0,0,-49000,0,0,0,11000,60000,-49000,-49000
057137,鈺齊凱基98購01  ,0,0,0,0,0,0,0,0,0,-49000,0,0,0,0,49000,-49000,-49000
047117,禾伸堂元大93購02,0,0,0,0,0,0,0,0,0,-49000,0,0,0,0,49000,-49000,-49000
04685P,訊芯元大94售02  ,0,0,0,0,0,0,0,0,0,-49000,0,0,0,33000,82000,-49000,-49000
046194,禾伸堂凱基92購02,0,0,0,0,0,0,0,0,0,-49000,0,0,0,11000,60000,-49000,-49000
05020P,廣達中信95售01  ,0,0,0,0,0,0,0,0,0,-49000,0,0,0,59000,108000,-49000,-49000
051165,可成元大95購01  ,0,0,0,0,0,0,0,0,0,-49000,0,0,0,19000,68000,-49000,-49000
050765,鴻海元大96購02  ,0,0,0,0,0,0,0,0,0,-49000,0,0,0,635000,684000,-49000,-49000
051584,可成元大95購08  ,0,0,0,0,0,0,0,0,0,-49000,0,0,0,20000,69000,-49000,-49000
054753,復盛凱基98購01  ,0,0,0,0,0,0,0,0,0,-49000,0,0,0,24000,73000,-49000,-49000
052684,旺宏元大98購01  ,0,0,0,0,0,0,0,0,0,-49000,0,0,0,7000,56000,-49000,-49000
053242,聯電國票96購04  ,0,0,0,0,0,0,0,0,0,-49000,0,0,0,20000,69000,-49000,-49000
053812,台積電群益96購09,0,0,0,0,0,0,0,0,0,-49000,0,0,0,98000,147000,-49000,-49000
06705P,臻鼎元富98售03  ,0,0,0,0,0,0,0,0,0,-49000,0,0,0,2000,51000,-49000,-49000
06184P,大立光元大97售06,0,0,0,0,0,0,0,0,0,-49000,0,0,0,20000,69000,-49000,-49000
1701,中化            ,18000,67000,-49000,0,0,0,0,0,0,0,0,0,0,0,0,0,-49000
2351,順德            ,76000,75000,1000,0,0,0,0,0,0,-50000,0,50000,-50000,0,0,0,-49000
057183,玉晶光元大99購07,0,0,0,0,0,0,0,0,0,-50000,0,0,0,38000,88000,-50000,-50000
057113,祥碩群益98購01  ,0,0,0,0,0,0,0,0,0,-50000,0,0,0,0,50000,-50000,-50000
056687,元大金統一98購01,0,0,0,0,0,0,0,0,0,-50000,0,0,0,20000,70000,-50000,-50000
056672,元油2X元富98購10,0,0,0,0,0,0,0,0,0,-50000,0,0,0,43000,93000,-50000,-50000
057483,微星元大98購04  ,0,0,0,0,0,0,0,0,0,-50000,0,0,0,0,50000,-50000,-50000
057418,台光電凱基98購04,0,0,0,0,0,0,0,0,0,-50000,0,0,0,23000,73000,-50000,-50000
057396,健鼎中信99購01  ,0,0,0,0,0,0,0,0,0,-50000,0,0,0,0,50000,-50000,-50000
056131,鴻海元大97購12  ,0,0,0,0,0,0,0,0,0,-50000,0,0,0,4000,54000,-50000,-50000
056109,彩晶永豐98購01  ,0,0,0,0,0,0,0,0,0,-50000,0,0,0,20000,70000,-50000,-50000
056238,聯發科群益98購02,0,0,0,0,0,0,0,0,0,-50000,0,0,0,10000,60000,-50000,-50000
056218,億光中信98購01  ,0,0,0,0,0,0,0,0,0,-50000,0,0,0,0,50000,-50000,-50000
056286,奇鋐永豐97購01  ,0,0,0,0,0,0,0,0,0,-50000,0,0,0,0,50000,-50000,-50000
056333,台積電日盛9B購01,0,0,0,0,0,0,0,0,0,-50000,0,0,0,40000,90000,-50000,-50000
056499,鴻海富邦98購02  ,0,0,0,0,0,0,0,0,0,-50000,0,0,0,3000,53000,-50000,-50000
056477,欣興元大98購02  ,0,0,0,0,0,0,0,0,0,-50000,0,0,0,23000,73000,-50000,-50000
055725,嘉聯益元大98購03,0,0,0,0,0,0,0,0,0,-50000,0,0,0,7000,57000,-50000,-50000
055506,台郡元大99購02  ,0,0,0,0,0,0,0,0,0,-50000,0,0,0,83000,133000,-50000,-50000
04348P,燿華國票94售01  ,0,0,0,0,0,0,0,0,0,-50000,0,0,0,0,50000,-50000,-50000
046235,台表科元大92購03,0,0,0,0,0,0,0,0,0,-50000,0,0,0,40000,90000,-50000,-50000
045371,元石油元大95購01,0,0,0,0,0,0,0,0,0,-50000,0,0,0,0,50000,-50000,-50000
047442,聯詠元大93購09  ,0,0,0,0,0,0,0,0,0,-50000,0,0,0,0,50000,-50000,-50000
047454,滬深2X群益96購03,0,0,0,0,0,0,0,0,0,-50000,0,0,0,0,50000,-50000,-50000
048576,義隆國泰95購01  ,0,0,0,0,0,0,0,0,0,-50000,0,0,0,0,50000,-50000,-50000
044364,超眾中信94購01  ,0,0,0,0,0,0,0,0,0,-50000,0,0,0,50000,100000,-50000,-50000
042803,天鈺元大93購01  ,0,0,0,0,0,0,0,0,0,-50000,0,0,0,0,50000,-50000,-50000
045882,滬深2X元大95購01,0,0,0,0,0,0,0,0,0,-50000,0,0,0,0,50000,-50000,-50000
045662,華邦電統一94購02,0,0,0,0,0,0,0,0,0,-50000,0,0,0,0,50000,-50000,-50000
03243P,台積電統一02售08,0,0,0,0,0,0,0,0,0,-50000,0,0,0,0,50000,-50000,-50000
042679,群創元大92購02  ,0,0,0,0,0,0,0,0,0,-50000,0,0,0,0,50000,-50000,-50000
042089,台灣50中信94購03,0,0,0,0,0,0,0,0,0,-50000,0,0,0,27000,77000,-50000,-50000
04226P,宏達電元富93售01,0,0,0,0,0,0,0,0,0,-50000,0,0,0,0,50000,-50000,-50000
04159P,滬深2X中信95售08,0,0,0,0,0,0,0,0,0,-50000,0,0,0,0,50000,-50000,-50000
047825,道瓊反元大96購01,0,0,0,0,0,0,0,0,0,-50000,0,0,0,0,50000,-50000,-50000
047246,華新科群益93購01,0,0,0,0,0,0,0,0,0,-50000,0,0,0,10000,60000,-50000,-50000
051068,台積電國票97購01,0,0,0,0,0,0,0,0,0,-50000,0,0,0,0,50000,-50000,-50000
051241,台積電元大95購13,0,0,0,0,0,0,0,0,0,-50000,0,0,0,311000,361000,-50000,-50000
050936,國巨國票95購04  ,0,0,0,0,0,0,0,0,0,-50000,0,0,0,9000,59000,-50000,-50000
048821,光磊凱基95購01  ,0,0,0,0,0,0,0,0,0,-50000,0,0,0,0,50000,-50000,-50000
048501,GIS元大94購02   ,0,0,0,0,0,0,0,0,0,-50000,0,0,0,0,50000,-50000,-50000
048402,聯茂兆豐95購01  ,0,0,0,0,0,0,0,0,0,-50000,0,0,0,0,50000,-50000,-50000
048403,聯發科群益93購10,0,0,0,0,0,0,0,0,0,-50000,0,0,0,0,50000,-50000,-50000
048404,大立光群益93購11,0,0,0,0,0,0,0,0,0,-50000,0,0,0,0,50000,-50000,-50000
04628P,欣興元大95售01  ,0,0,0,0,0,0,0,0,0,-50000,0,0,0,0,50000,-50000,-50000
047651,復盛元大93購01  ,0,0,0,0,0,0,0,0,0,-50000,0,0,0,0,50000,-50000,-50000
048057,宏達電國泰94購02,0,0,0,0,0,0,0,0,0,-50000,0,0,0,0,50000,-50000,-50000
046426,臻鼎元大92購13  ,0,0,0,0,0,0,0,0,0,-50000,0,0,0,0,50000,-50000,-50000
046394,台表科元富92購02,0,0,0,0,0,0,0,0,0,-50000,0,0,0,0,50000,-50000,-50000
051593,和碩元大95購01  ,0,0,0,0,0,0,0,0,0,-50000,0,0,0,68000,118000,-50000,-50000
049292,鴻海群益94購04  ,0,0,0,0,0,0,0,0,0,-50000,0,0,0,4000,54000,-50000,-50000
049225,達方國票94購01  ,0,0,0,0,0,0,0,0,0,-50000,0,0,0,0,50000,-50000,-50000
049494,華新科元大95購05,0,0,0,0,0,0,0,0,0,-50000,0,0,0,0,50000,-50000,-50000
049519,新光金國票95購03,0,0,0,0,0,0,0,0,0,-50000,0,0,0,0,50000,-50000,-50000
051383,京鼎群益96購02  ,0,0,0,0,0,0,0,0,0,-50000,0,0,0,51000,101000,-50000,-50000
049359,台達電元大94購06,0,0,0,0,0,0,0,0,0,-50000,0,0,0,0,50000,-50000,-50000
049377,聯詠元大94購01  ,0,0,0,0,0,0,0,0,0,-50000,0,0,0,6000,56000,-50000,-50000
049394,T50反1群益94購01,0,0,0,0,0,0,0,0,0,-50000,0,0,0,0,50000,-50000,-50000
04943P,臻鼎康和94售01  ,0,0,0,0,0,0,0,0,0,-50000,0,0,0,0,50000,-50000,-50000
049445,遠東新統一94購01,0,0,0,0,0,0,0,0,0,-50000,0,0,0,10000,60000,-50000,-50000
050748,道瓊銀統一94購04,0,0,0,0,0,0,0,0,0,-50000,0,0,0,0,50000,-50000,-50000
049867,日月光兆豐94購01,0,0,0,0,0,0,0,0,0,-50000,0,0,0,0,50000,-50000,-50000
048884,川湖元富94購01  ,0,0,0,0,0,0,0,0,0,-50000,0,0,0,0,50000,-50000,-50000
051573,鴻海元大95購15  ,0,0,0,0,0,0,0,0,0,-50000,0,0,0,0,50000,-50000,-50000
051542,南茂國票96購01  ,0,0,0,0,0,0,0,0,0,-50000,0,0,0,10000,60000,-50000,-50000
052085,聯電元大95購01  ,0,0,0,0,0,0,0,0,0,-50000,0,0,0,0,50000,-50000,-50000
051981,南茂凱基96購01  ,0,0,0,0,0,0,0,0,0,-50000,0,0,0,0,50000,-50000,-50000
050208,燿華兆豐95購02  ,0,0,0,0,0,0,0,0,0,-50000,0,0,0,0,50000,-50000,-50000
051762,國泰金元大95購01,0,0,0,0,0,0,0,0,0,-50000,0,0,0,0,50000,-50000,-50000
049111,元油2X統一94購03,0,0,0,0,0,0,0,0,0,-50000,0,0,0,0,50000,-50000,-50000
050834,啟碁凱基95購01  ,0,0,0,0,0,0,0,0,0,-50000,0,0,0,0,50000,-50000,-50000
050006,華擎永豐94購03  ,0,0,0,0,0,0,0,0,0,-50000,0,0,0,31000,81000,-50000,-50000
049017,旺宏群益96購03  ,0,0,0,0,0,0,0,0,0,-50000,0,0,0,9000,59000,-50000,-50000
048963,川湖元大94購01  ,0,0,0,0,0,0,0,0,0,-50000,0,0,0,0,50000,-50000,-50000
050446,鴻海元大94購22  ,0,0,0,0,0,0,0,0,0,-50000,0,0,0,116000,166000,-50000,-50000
051709,TPK群益95購02   ,0,0,0,0,0,0,0,0,0,-50000,0,0,0,0,50000,-50000,-50000
052334,大成鋼日盛95購01,0,0,0,0,0,0,0,0,0,-50000,0,0,0,0,50000,-50000,-50000
052454,力成元大95購02  ,0,0,0,0,0,0,0,0,0,-50000,0,0,0,0,50000,-50000,-50000
052443,台積電元大95購23,0,0,0,0,0,0,0,0,0,-50000,0,0,0,539000,589000,-50000,-50000
051951,聯發科元富95購02,0,0,0,0,0,0,0,0,0,-50000,0,0,0,0,50000,-50000,-50000
052121,全新國票96購03  ,0,0,0,0,0,0,0,0,0,-50000,0,0,0,0,50000,-50000,-50000
053937,光磊元富96購01  ,0,0,0,0,0,0,0,0,0,-50000,0,0,0,0,50000,-50000,-50000
053469,光磊元大97購01  ,0,0,0,0,0,0,0,0,0,-50000,0,0,0,0,50000,-50000,-50000
053408,友達兆豐98購01  ,0,0,0,0,0,0,0,0,0,-50000,0,0,0,76000,126000,-50000,-50000
053389,彩晶元大98購01  ,0,0,0,0,0,0,0,0,0,-50000,0,0,0,250000,300000,-50000,-50000
052644,聯發科永豐96購01,0,0,0,0,0,0,0,0,0,-50000,0,0,0,0,50000,-50000,-50000
052784,緯穎國票97購02  ,0,0,0,0,0,0,0,0,0,-50000,0,0,0,5000,55000,-50000,-50000
052801,友達元大9A購01  ,0,0,0,0,0,0,0,0,0,-50000,0,0,0,42000,92000,-50000,-50000
052838,新唐國泰98購01  ,0,0,0,0,0,0,0,0,0,-50000,0,0,0,0,50000,-50000,-50000
054723,鴻海日盛97購01  ,0,0,0,0,0,0,0,0,0,-50000,0,0,0,0,50000,-50000,-50000
054807,台化元大9A購02  ,0,0,0,0,0,0,0,0,0,-50000,0,0,0,0,50000,-50000,-50000
054949,奇力新元大98購01,0,0,0,0,0,0,0,0,0,-50000,0,0,0,13000,63000,-50000,-50000
055009,合勤控元富97購01,0,0,0,0,0,0,0,0,0,-50000,0,0,0,50000,100000,-50000,-50000
055259,玉晶光統一9A購01,0,0,0,0,0,0,0,0,0,-50000,0,0,0,20000,70000,-50000,-50000
055263,華新科富邦9A購01,0,0,0,0,0,0,0,0,0,-50000,0,0,0,1164000,1214000,-50000,-50000
055273,華泰元大97購01  ,0,0,0,0,0,0,0,0,0,-50000,0,0,0,0,50000,-50000,-50000
055084,國巨第一97購01  ,0,0,0,0,0,0,0,0,0,-50000,0,0,0,2000,52000,-50000,-50000
055197,致新元富97購02  ,0,0,0,0,0,0,0,0,0,-50000,0,0,0,10000,60000,-50000,-50000
054593,滬深2X永昌9A購01,0,0,0,0,0,0,0,0,0,-50000,0,0,0,0,50000,-50000,-50000
054438,群創台新96購01  ,0,0,0,0,0,0,0,0,0,-50000,0,0,0,0,50000,-50000,-50000
054409,亞光國票97購02  ,0,0,0,0,0,0,0,0,0,-50000,0,0,0,0,50000,-50000,-50000
054023,和大康和96購01  ,0,0,0,0,0,0,0,0,0,-50000,0,0,0,50000,100000,-50000,-50000
054026,台積電凱基97購08,0,0,0,0,0,0,0,0,0,-50000,0,0,0,0,50000,-50000,-50000
054191,香港2X中信98購01,0,0,0,0,0,0,0,0,0,-50000,0,0,0,0,50000,-50000,-50000
2405,浩鑫            ,0,50000,-50000,0,0,0,0,0,0,0,0,0,0,0,0,0,-50000
6108,競國            ,24000,73000,-49000,0,0,0,0,0,0,-1000,0,1000,-1000,0,0,0,-50000
4746,台耀            ,14000,63000,-49000,0,0,0,0,0,0,-1000,1000,2000,-1000,0,0,0,-50000
06197P,國巨元大97售08  ,0,0,0,0,0,0,0,0,0,-50000,0,0,0,0,50000,-50000,-50000
06441P,台積電凱基98售08,0,0,0,0,0,0,0,0,0,-50000,0,0,0,0,50000,-50000,-50000
06742P,可成富邦99售02  ,0,0,0,0,0,0,0,0,0,-50000,0,0,0,0,50000,-50000,-50000
06643P,大立光兆豐98售01,0,0,0,0,0,0,0,0,0,-50000,0,0,0,0,50000,-50000,-50000
06683P,訊芯元大98售07  ,0,0,0,0,0,0,0,0,0,-50000,0,0,0,110000,160000,-50000,-50000
055688,力成凱基98購02  ,0,0,0,0,0,0,0,0,0,-51000,0,0,0,26000,77000,-51000,-51000
055659,百和元富97購01  ,0,0,0,0,0,0,0,0,0,-51000,0,0,0,0,51000,-51000,-51000
055669,緯穎群益97購02  ,0,0,0,0,0,0,0,0,0,-51000,0,0,0,79000,130000,-51000,-51000
055840,南亞科元大97購03,0,0,0,0,0,0,0,0,0,-51000,0,0,0,281000,332000,-51000,-51000
056505,聯發科永豐98購01,0,0,0,0,0,0,0,0,0,-51000,0,0,0,206000,257000,-51000,-51000
056279,新日興富邦99購01,0,0,0,0,0,0,0,0,0,-51000,0,0,0,305000,356000,-51000,-51000
047824,臺股指凱基93購18,0,0,0,0,0,0,0,0,0,-51000,0,0,0,0,51000,-51000,-51000
050982,台積電國泰96購04,0,0,0,0,0,0,0,0,0,-51000,0,0,0,6000,57000,-51000,-51000
03415B,臺股指元大93熊49,0,0,0,0,0,0,0,0,0,-51000,0,0,0,30000,81000,-51000,-51000
045768,大立光元富95購02,0,0,0,0,0,0,0,0,0,-51000,0,0,0,17000,68000,-51000,-51000
042929,台積電中信95購02,0,0,0,0,0,0,0,0,0,-51000,0,0,0,0,51000,-51000,-51000
047505,元金2X國票9B購01,0,0,0,0,0,0,0,0,0,-51000,0,0,0,0,51000,-51000,-51000
052543,聯詠元富95購01  ,0,0,0,0,0,0,0,0,0,-51000,0,0,0,0,51000,-51000,-51000
052574,茂林凱基96購02  ,0,0,0,0,0,0,0,0,0,-51000,0,0,0,47000,98000,-51000,-51000
049636,上証反凱基9A購01,0,0,0,0,0,0,0,0,0,-51000,0,0,0,0,51000,-51000,-51000
055196,致新元富97購01  ,0,0,0,0,0,0,0,0,0,-51000,0,0,0,17000,68000,-51000,-51000
055171,凱美統一97購01  ,0,0,0,0,0,0,0,0,0,-51000,0,0,0,177000,228000,-51000,-51000
053407,台積電兆豐96購02,0,0,0,0,0,0,0,0,0,-51000,0,0,0,53000,104000,-51000,-51000
053474,聯發科元大97購06,0,0,0,0,0,0,0,0,0,-51000,0,0,0,81000,132000,-51000,-51000
1304,台聚            ,222000,145000,77000,0,0,0,0,0,0,-128000,0,128000,-128000,0,0,0,-51000
06374P,台表科元大97售06,0,0,0,0,0,0,0,0,0,-51000,0,0,0,0,51000,-51000,-51000
057115,元油2X日盛9A購01,0,0,0,0,0,0,0,0,0,-52000,0,0,0,0,52000,-52000,-52000
056977,國巨群益9A購01  ,0,0,0,0,0,0,0,0,0,-52000,0,0,0,20000,72000,-52000,-52000
056917,國巨兆豐98購03  ,0,0,0,0,0,0,0,0,0,-52000,0,0,0,10000,62000,-52000,-52000
043231,鴻海中信95購01  ,0,0,0,0,0,0,0,0,0,-52000,0,0,0,60000,112000,-52000,-52000
03050X,元展47          ,0,0,0,0,0,0,0,0,0,-52000,0,0,0,0,52000,-52000,-52000
046294,台勝科統一92購01,0,0,0,0,0,0,0,0,0,-52000,0,0,0,20000,72000,-52000,-52000
046740,大立光群益95購01,0,0,0,0,0,0,0,0,0,-52000,0,0,0,5000,57000,-52000,-52000
048245,台積電兆豐93購07,0,0,0,0,0,0,0,0,0,-52000,0,0,0,0,52000,-52000,-52000
049833,正文凱基94購05  ,0,0,0,0,0,0,0,0,0,-52000,0,0,0,0,52000,-52000,-52000
050764,鴻海元大94購27  ,0,0,0,0,0,0,0,0,0,-52000,0,0,0,802000,854000,-52000,-52000
052559,茂林國票97購01  ,0,0,0,0,0,0,0,0,0,-52000,0,0,0,0,52000,-52000,-52000
053681,臺股指富邦96購02,0,0,0,0,0,0,0,0,0,-52000,0,0,0,0,52000,-52000,-52000
053130,聯發科麥證96購01,0,0,0,20000,72000,-52000,0,0,0,-52000,0,0,0,20000,72000,-52000,-52000
055254,聯詠統一97購03  ,0,0,0,0,0,0,0,0,0,-52000,0,0,0,0,52000,-52000,-52000
05705P,上証2X永豐96售03,0,0,0,0,0,0,0,0,0,-53000,0,0,0,50000,103000,-53000,-53000
056793,臺股指群益98購03,0,0,0,0,0,0,0,0,0,-53000,0,0,0,0,53000,-53000,-53000
056818,正崴永豐98購01  ,0,0,0,0,0,0,0,0,0,-53000,0,0,0,15000,68000,-53000,-53000
05893P,國巨兆豐96售04  ,0,0,0,0,0,0,0,0,0,-53000,0,0,0,33000,86000,-53000,-53000
056284,台積電永豐97購06,0,0,0,0,0,0,0,0,0,-53000,0,0,0,56000,109000,-53000,-53000
055538,鴻海日盛97購04  ,0,0,0,0,0,0,0,0,0,-53000,0,0,0,14000,67000,-53000,-53000
048797,美律國泰95購02  ,0,0,0,0,0,0,0,0,0,-53000,0,0,0,4000,57000,-53000,-53000
046628,大立光統一98購01,0,0,0,0,0,0,0,0,0,-53000,0,0,0,0,53000,-53000,-53000
04646P,TPK凱基94售03   ,0,0,0,0,0,0,0,0,0,-53000,0,0,0,51000,104000,-53000,-53000
052464,大立光統一95購05,0,0,0,0,0,0,0,0,0,-53000,0,0,0,42000,95000,-53000,-53000
051676,康舒元大95購01  ,0,0,0,0,0,0,0,0,0,-53000,0,0,0,628000,681000,-53000,-53000
050439,新日興凱基94購01,0,0,0,0,0,0,0,0,0,-53000,0,0,0,322000,375000,-53000,-53000
049966,旺宏國票95購02  ,0,0,0,0,0,0,0,0,0,-53000,0,0,0,30000,83000,-53000,-53000
051535,新日興國票96購01,0,0,0,0,0,0,0,0,0,-53000,0,0,0,47000,100000,-53000,-53000
05507P,聯茂凱基96售02  ,0,0,0,0,0,0,0,0,0,-53000,0,0,0,175000,228000,-53000,-53000
054389,為升元富96購02  ,0,0,0,0,0,0,0,0,0,-53000,0,0,0,20000,73000,-53000,-53000
053230,達方台新97購01  ,0,0,0,0,0,0,0,0,0,-53000,0,0,0,0,53000,-53000,-53000
053015,緯創統一96購01  ,0,0,0,0,0,0,0,0,0,-53000,0,0,0,0,53000,-53000,-53000
052844,台積電統一96購02,0,0,0,0,0,0,0,0,0,-53000,0,0,0,199000,252000,-53000,-53000
053378,台積電元大98購02,0,0,0,0,0,0,0,0,0,-53000,0,0,0,256000,309000,-53000,-53000
053306,晶技凱基97購01  ,0,0,0,0,0,0,0,0,0,-53000,0,0,0,140000,193000,-53000,-53000
06225P,華新科元富97售04,0,0,0,0,0,0,0,0,0,-53000,0,0,0,218000,271000,-53000,-53000
4306,炎洲            ,5000,55000,-50000,0,0,0,0,0,0,-3000,0,3000,-3000,0,0,0,-53000
2451,創見            ,176000,121000,55000,0,0,0,0,60000,-60000,-48000,0,0,0,0,48000,-48000,-53000
055555,全新凱基9A購01  ,0,0,0,0,0,0,0,0,0,-54000,0,0,0,0,54000,-54000,-54000
056485,同欣電元大98購01,0,0,0,0,0,0,0,0,0,-54000,0,0,0,479000,533000,-54000,-54000
06059P,泰碩元大97售02  ,0,0,0,0,0,0,0,0,0,-54000,0,0,0,16000,70000,-54000,-54000
05657P,樺漢統一97售01  ,0,0,0,0,0,0,0,0,0,-54000,0,0,0,24000,78000,-54000,-54000
04193P,智原永豐93售01  ,0,0,0,0,0,0,0,0,0,-54000,0,0,0,0,54000,-54000,-54000
04313P,國巨元富95售03  ,0,0,0,0,0,0,0,0,0,-54000,0,0,0,0,54000,-54000,-54000
050728,新日興國票94購01,0,0,0,0,0,0,0,0,0,-54000,0,0,0,0,54000,-54000,-54000
049343,華新科統一94購03,0,0,0,0,0,0,0,0,0,-54000,0,0,0,20000,74000,-54000,-54000
050441,和碩凱基94購01  ,0,0,0,0,0,0,0,0,0,-54000,0,0,0,2000,56000,-54000,-54000
051400,國巨永豐95購01  ,0,0,0,0,0,0,0,0,0,-54000,0,0,0,37000,91000,-54000,-54000
05192P,玉晶光台新96售02,0,0,0,0,0,0,0,0,0,-54000,0,0,0,0,54000,-54000,-54000
051844,宏達電富邦96購01,0,0,0,0,0,0,0,0,0,-54000,0,0,0,83000,137000,-54000,-54000
053381,友達元大9A購02  ,0,0,0,0,0,0,0,0,0,-54000,0,0,0,40000,94000,-54000,-54000
052742,可成元大96購01  ,0,0,0,0,0,0,0,0,0,-54000,0,0,0,16000,70000,-54000,-54000
053291,旺宏中信9A購01  ,0,0,0,0,0,0,0,0,0,-54000,0,0,0,5000,59000,-54000,-54000
054368,鴻海中信9A購02  ,0,0,0,0,0,0,0,0,0,-54000,0,0,0,48000,102000,-54000,-54000
054346,世芯國票97購01  ,0,0,0,0,0,0,0,0,0,-54000,0,0,0,0,54000,-54000,-54000
054120,奇力新永豐96購01,0,0,0,0,0,0,0,0,0,-54000,0,0,0,20000,74000,-54000,-54000
055064,碩天永豐97購01  ,0,0,0,0,0,0,0,0,0,-54000,0,0,0,5000,59000,-54000,-54000
054924,景碩凱基98購01  ,0,0,0,0,0,0,0,0,0,-54000,0,0,0,228000,282000,-54000,-54000
05658P,日月光元富96售02,0,0,0,0,0,0,0,0,0,-55000,0,0,0,24000,79000,-55000,-55000
05679P,台表科群益96售05,0,0,0,0,0,0,0,0,0,-55000,0,0,0,10000,65000,-55000,-55000
056788,日月光群益98購01,0,0,0,0,0,0,0,0,0,-55000,0,0,0,0,55000,-55000,-55000
057176,全新元大99購02  ,0,0,0,0,0,0,0,0,0,-55000,0,0,0,0,55000,-55000,-55000
057041,國巨元大99購04  ,0,0,0,0,0,0,0,0,0,-55000,0,0,0,171000,226000,-55000,-55000
06109P,華新科群益97售05,0,0,0,0,0,0,0,0,0,-55000,0,0,0,0,55000,-55000,-55000
057554,新日興凱基99購02,0,0,0,0,0,0,0,0,0,-55000,0,0,0,8000,63000,-55000,-55000
056140,康控元大98購01  ,0,0,0,0,0,0,0,0,0,-55000,0,0,0,353000,408000,-55000,-55000
055573,國巨統一97購06  ,0,0,0,0,0,0,0,0,0,-55000,0,0,0,60000,115000,-55000,-55000
055816,新日興國票98購01,0,0,0,0,0,0,0,0,0,-55000,0,0,0,40000,95000,-55000,-55000
055803,鎧勝永豐97購01  ,0,0,0,0,0,0,0,0,0,-55000,0,0,0,0,55000,-55000,-55000
04194P,欣興永豐93售05  ,0,0,0,0,0,0,0,0,0,-55000,0,0,0,2000,57000,-55000,-55000
04230P,臺股指中信95售06,0,0,0,0,0,0,0,0,0,-55000,0,0,0,0,55000,-55000,-55000
00678,群益NBI生技     ,0,0,0,0,0,0,0,0,0,-55000,0,0,0,305000,360000,-55000,-55000
045087,玉晶光元大95購01,0,0,0,0,0,0,0,0,0,-55000,0,0,0,20000,75000,-55000,-55000
045101,玉晶光中信94購01,0,0,0,0,0,0,0,0,0,-55000,0,0,0,36000,91000,-55000,-55000
046670,彩晶元大93購02  ,0,0,0,0,0,0,0,0,0,-55000,0,0,0,0,55000,-55000,-55000
051106,華通統一95購02  ,0,0,0,0,0,0,0,0,0,-55000,0,0,0,0,55000,-55000,-55000
050946,瑞昱群益95購01  ,0,0,0,0,0,0,0,0,0,-55000,0,0,0,0,55000,-55000,-55000
050115,群創元大96購01  ,0,0,0,0,0,0,0,0,0,-55000,0,0,0,394000,449000,-55000,-55000
049134,為升元大95購01  ,0,0,0,0,0,0,0,0,0,-55000,0,0,0,0,55000,-55000,-55000
052099,臺股指富邦95購02,0,0,0,0,0,0,0,0,0,-55000,0,0,0,10000,65000,-55000,-55000
050493,聯發科永昌96購01,0,0,0,0,0,0,0,0,0,-55000,0,0,0,20000,75000,-55000,-55000
049113,大立光統一94購06,0,0,0,0,0,0,0,0,0,-55000,0,0,0,0,55000,-55000,-55000
049423,臺股指凱基95購02,0,0,0,0,0,0,0,0,0,-55000,0,0,0,0,55000,-55000,-55000
049967,華新科國票94購07,0,0,0,0,0,0,0,0,0,-55000,0,0,0,18000,73000,-55000,-55000
04925P,和碩元大94售03  ,0,0,0,0,0,0,0,0,0,-55000,0,0,0,0,55000,-55000,-55000
049563,華新統一95購01  ,0,0,0,0,0,0,0,0,0,-55000,0,0,0,1000,56000,-55000,-55000
051155,聯發科國泰96購01,0,0,0,0,0,0,0,0,0,-55000,0,0,0,226000,281000,-55000,-55000
050907,臺股指元大95購14,0,0,0,0,0,0,0,0,0,-55000,0,0,0,0,55000,-55000,-55000
051463,世芯國泰97購02  ,0,0,0,0,0,0,0,0,0,-55000,0,0,0,95000,150000,-55000,-55000
054149,達方元大96購01  ,0,0,0,0,0,0,0,0,0,-55000,0,0,0,0,55000,-55000,-55000
054348,康控國票97購03  ,0,0,0,0,0,0,0,0,0,-55000,0,0,0,40000,95000,-55000,-55000
053281,茂林元大96購02  ,0,0,0,0,0,0,0,0,0,-55000,0,0,0,5000,60000,-55000,-55000
052863,友達凱基98購02  ,0,0,0,0,0,0,0,0,0,-55000,0,0,0,0,55000,-55000,-55000
052799,上銀元大96購01  ,0,0,0,0,0,0,0,0,0,-55000,0,0,0,203000,258000,-55000,-55000
053385,聯詠元大96購02  ,0,0,0,0,0,0,0,0,0,-55000,0,0,0,6000,61000,-55000,-55000
2388,威盛            ,44000,97000,-53000,0,0,0,0,0,0,-2000,0,2000,-2000,0,0,0,-55000
055340,華新科日盛97購01,0,0,0,0,0,0,0,0,0,-56000,0,0,0,1219000,1275000,-56000,-56000
05884P,旺宏統一96售01  ,0,0,0,0,0,0,0,0,0,-56000,0,0,0,3000,59000,-56000,-56000
056920,友達兆豐98購02  ,0,0,0,0,0,0,0,0,0,-56000,0,0,0,110000,166000,-56000,-56000
051313,緯創麥證95購02  ,0,0,0,42000,98000,-56000,0,0,0,-56000,0,0,0,42000,98000,-56000,-56000
047296,日月光元富96購01,0,0,0,0,0,0,0,0,0,-56000,0,0,0,0,56000,-56000,-56000
046202,台表科凱基93購04,0,0,0,0,0,0,0,0,0,-56000,0,0,0,30000,86000,-56000,-56000
042930,大立光中信94購01,0,0,0,0,0,0,0,0,0,-56000,0,0,0,1000,57000,-56000,-56000
049781,台表科統一94購01,0,0,0,0,0,0,0,0,0,-56000,0,0,0,10000,66000,-56000,-56000
049672,臺股指富邦94購01,0,0,0,0,0,0,0,0,0,-56000,0,0,0,4000,60000,-56000,-56000
050277,上銀亞東94購01  ,0,0,0,0,0,0,0,0,0,-56000,0,0,0,0,56000,-56000,-56000
051946,健策統一98購01  ,0,0,0,0,0,0,0,0,0,-56000,0,0,0,138000,194000,-56000,-56000
050062,聯發科凱基94購08,0,0,0,0,0,0,0,0,0,-56000,0,0,0,2000,58000,-56000,-56000
052540,華新科統一95購03,0,0,0,0,0,0,0,0,0,-56000,0,0,0,19000,75000,-56000,-56000
054425,聯發科富邦99購03,0,0,0,0,0,0,0,0,0,-56000,0,0,0,191000,247000,-56000,-56000
055023,億光國泰98購01  ,0,0,0,0,0,0,0,0,0,-56000,0,0,0,35000,91000,-56000,-56000
06642P,可成兆豐98售01  ,0,0,0,0,0,0,0,0,0,-56000,0,0,0,22000,78000,-56000,-56000
056794,上銀麥證98購01  ,0,0,0,40000,97000,-57000,0,0,0,-57000,0,0,0,40000,97000,-57000,-57000
056714,晶相光永豐98購02,0,0,0,0,0,0,0,0,0,-57000,0,0,0,55000,112000,-57000,-57000
06091P,華新科統一97售01,0,0,0,0,0,0,0,0,0,-57000,0,0,0,32000,89000,-57000,-57000
057239,貿聯凱基98購05  ,0,10000,-10000,0,0,0,0,0,0,-47000,0,0,0,11000,58000,-47000,-57000
055332,奇力新兆豐98購01,0,0,0,0,0,0,0,0,0,-57000,0,0,0,29000,86000,-57000,-57000
055885,大成鋼統一97購02,0,0,0,0,0,0,0,0,0,-57000,0,0,0,0,57000,-57000,-57000
056261,台積電統一97購07,0,0,0,0,0,0,0,0,0,-57000,0,0,0,0,57000,-57000,-57000
056445,聯發科凱基98購07,0,0,0,0,0,0,0,0,0,-57000,0,0,0,7000,64000,-57000,-57000
00681R,元大美債20反1   ,0,0,0,0,0,0,0,0,0,-57000,0,0,0,0,57000,-57000,-57000
045073,可成元大93購01  ,0,0,0,0,0,0,0,0,0,-57000,0,0,0,190000,247000,-57000,-57000
046961,大立光中信95購02,0,0,0,0,0,0,0,0,0,-57000,0,0,0,0,57000,-57000,-57000
04692P,大立光群益94售06,0,0,0,0,0,0,0,0,0,-57000,0,0,0,25000,82000,-57000,-57000
048814,上銀凱基94購01  ,0,0,0,0,0,0,0,0,0,-57000,0,0,0,4000,61000,-57000,-57000
051619,智邦凱基95購07  ,0,0,0,0,0,0,0,0,0,-57000,0,0,0,63000,120000,-57000,-57000
049023,玉晶光群益96購04,0,0,0,0,0,0,0,0,0,-57000,0,0,0,11000,68000,-57000,-57000
055068,亞翔永豐97購01  ,0,0,0,0,0,0,0,0,0,-57000,0,0,0,0,57000,-57000,-57000
054144,康控元大97購02  ,0,0,0,0,0,0,0,0,0,-57000,0,0,0,83000,140000,-57000,-57000
054040,中石化元大9C購01,0,0,0,0,0,0,0,0,0,-57000,0,0,0,0,57000,-57000,-57000
054266,緯穎元大96購07  ,0,0,0,0,0,0,0,0,0,-57000,0,0,0,53000,110000,-57000,-57000
053678,南亞科富邦97購01,0,0,0,0,0,0,0,0,0,-57000,0,0,0,19000,76000,-57000,-57000
052880,台積電凱基96購06,0,0,0,0,0,0,0,0,0,-57000,0,0,0,0,57000,-57000,-57000
3005,神基            ,456000,382000,74000,0,0,0,0,0,0,-131000,8000,1000,7000,5000,143000,-138000,-57000
056309,合勤控元大97購01,0,0,0,0,0,0,0,0,0,-58000,0,0,0,25000,83000,-58000,-58000
055979,聯鈞統一97購03  ,0,0,0,0,0,0,0,0,0,-58000,0,0,0,104000,162000,-58000,-58000
056981,全新群益99購03  ,0,0,0,0,0,0,0,0,0,-58000,0,0,0,44000,102000,-58000,-58000
057072,日月光永豐98購01,0,0,0,0,0,0,0,0,0,-58000,0,0,0,0,58000,-58000,-58000
057095,祥碩元富98購02  ,0,0,0,0,0,0,0,0,0,-58000,0,0,0,48000,106000,-58000,-58000
051088,台積電元大95購09,0,0,0,0,0,0,0,0,0,-58000,0,0,0,303000,361000,-58000,-58000
04909P,鴻海統一94售10  ,0,0,0,0,0,0,0,0,0,-58000,0,0,0,0,58000,-58000,-58000
051640,GIS國票96購03   ,0,0,0,0,0,0,0,0,0,-58000,0,0,0,26000,84000,-58000,-58000
049681,旺宏統一94購04  ,0,0,0,0,0,0,0,0,0,-58000,0,0,0,50000,108000,-58000,-58000
051445,可成元大95購06  ,0,0,0,0,0,0,0,0,0,-58000,0,0,0,10000,68000,-58000,-58000
051583,可成元大95購07  ,0,0,0,0,0,0,0,0,0,-58000,0,0,0,10000,68000,-58000,-58000
049330,元上證統一94購03,0,0,0,0,0,0,0,0,0,-58000,0,0,0,0,58000,-58000,-58000
049802,可成元大94購10  ,0,0,0,0,0,0,0,0,0,-58000,0,0,0,10000,68000,-58000,-58000
05307P,光寶科中信95售01,0,0,0,0,0,0,0,0,0,-58000,0,0,0,0,58000,-58000,-58000
054339,聯詠統一96購02  ,0,0,0,0,0,0,0,0,0,-58000,0,0,0,0,58000,-58000,-58000
054677,智易台新98購02  ,0,0,0,0,0,0,0,0,0,-58000,0,0,0,0,58000,-58000,-58000
3047,訊舟            ,15000,69000,-54000,0,0,0,0,0,0,-4000,0,4000,-4000,0,0,0,-58000
2457,飛宏            ,22000,71000,-49000,0,0,0,0,0,0,-9000,0,9000,-9000,0,0,0,-58000
06247P,同欣電元富97售02,0,0,0,0,0,0,0,0,0,-58000,0,0,0,35000,93000,-58000,-58000
06432P,上銀群益98售01  ,0,0,0,0,0,0,0,0,0,-58000,0,0,0,31000,89000,-58000,-58000
9941,裕融            ,45000,4000,41000,0,0,0,1000,100000,-99000,0,0,0,0,0,0,0,-58000
06111P,上銀兆豐98售01  ,0,0,0,0,0,0,0,0,0,-59000,0,0,0,45000,104000,-59000,-59000
05897P,國巨凱基96售12  ,0,0,0,0,0,0,0,0,0,-59000,0,0,0,170000,229000,-59000,-59000
055782,新日興凱基99購01,0,0,0,0,0,0,0,0,0,-59000,0,0,0,214000,273000,-59000,-59000
051332,奇力新永豐95購01,0,0,0,0,0,0,0,0,0,-59000,0,0,0,1000,60000,-59000,-59000
00665L,富邦恒生國企正2 ,0,0,0,0,0,0,0,0,0,-59000,0,0,0,40000,99000,-59000,-59000
03896P,長榮航凱基95售01,0,0,0,0,0,0,0,0,0,-59000,0,0,0,102000,161000,-59000,-59000
051966,台表科永豐95購01,0,0,0,0,0,0,0,0,0,-59000,0,0,0,10000,69000,-59000,-59000
054652,裕隆麥證97購01  ,0,0,0,181000,240000,-59000,0,0,0,-59000,0,0,0,181000,240000,-59000,-59000
055258,玉晶光統一97購03,0,0,0,0,0,0,0,0,0,-59000,0,0,0,10000,69000,-59000,-59000
054783,國巨群益98購04  ,0,0,0,0,0,0,0,0,0,-59000,0,0,0,65000,124000,-59000,-59000
053033,智易兆豐97購01  ,0,0,0,0,0,0,0,0,0,-59000,0,0,0,50000,109000,-59000,-59000
053451,致新凱基96購02  ,0,0,0,0,0,0,0,0,0,-59000,0,0,0,9000,68000,-59000,-59000
06238P,台積電元大98售07,0,0,0,0,0,0,0,0,0,-59000,0,0,0,1000,60000,-59000,-59000
06189P,華新科永豐97售03,0,0,0,0,0,0,0,0,0,-59000,0,0,0,176000,235000,-59000,-59000
055679,華通凱基99購01  ,0,0,0,0,0,0,0,0,0,-60000,0,0,0,160000,220000,-60000,-60000
05552P,聯詠群益96售01  ,0,0,0,0,0,0,0,0,0,-60000,0,0,0,2000,62000,-60000,-60000
05624P,同欣電中信98售01,0,0,0,0,0,0,0,0,0,-60000,0,0,0,0,60000,-60000,-60000
056497,GIS國泰99購01   ,0,0,0,0,0,0,0,0,0,-60000,0,0,0,0,60000,-60000,-60000
057491,美食元大98購03  ,0,0,0,0,0,0,0,0,0,-60000,0,0,0,0,60000,-60000,-60000
057087,台郡統一99購01  ,0,0,0,0,0,0,0,0,0,-60000,0,0,0,0,60000,-60000,-60000
057066,緯穎富邦99購01  ,0,0,0,0,0,0,0,0,0,-60000,0,0,0,60000,120000,-60000,-60000
03784P,致伸凱基93售02  ,0,0,0,0,0,0,0,0,0,-60000,0,0,0,0,60000,-60000,-60000
03659C,元油2X元大98牛13,0,0,0,0,0,0,0,0,0,-60000,0,0,0,0,60000,-60000,-60000
03646C,臺股指元大95牛32,0,0,0,0,0,0,0,0,0,-60000,0,0,0,0,60000,-60000,-60000
0052,富邦科技        ,6000,5000,1000,0,0,0,0,0,0,-61000,0,0,0,109000,170000,-61000,-60000
04165P,南亞科元富95售03,0,0,0,0,0,0,0,0,0,-60000,0,0,0,0,60000,-60000,-60000
046180,裕隆凱基93購01  ,0,0,0,0,0,0,0,0,0,-60000,0,0,0,0,60000,-60000,-60000
04339P,欣興元大93售08  ,0,0,0,0,0,0,0,0,0,-60000,0,0,0,0,60000,-60000,-60000
044643,滬深2X群益96購01,0,0,0,0,0,0,0,0,0,-60000,0,0,0,0,60000,-60000,-60000
051323,康控國票96購01  ,0,0,0,0,0,0,0,0,0,-60000,0,0,0,0,60000,-60000,-60000
049612,香港反中信96購01,0,0,0,0,0,0,0,0,0,-60000,0,0,0,0,60000,-60000,-60000
047960,鈺齊永豐93購01  ,0,0,0,0,0,0,0,0,0,-60000,0,0,0,0,60000,-60000,-60000
048261,鴻海元富95購01  ,0,0,0,0,0,0,0,0,0,-60000,0,0,0,20000,80000,-60000,-60000
048133,臻鼎國票94購01  ,0,0,0,0,0,0,0,0,0,-60000,0,0,0,0,60000,-60000,-60000
046555,A50反1凱基92購01,0,0,0,0,0,0,0,0,0,-60000,0,0,0,0,60000,-60000,-60000
047755,麗豐元富93購01  ,0,0,0,0,0,0,0,0,0,-60000,0,0,0,0,60000,-60000,-60000
048027,京元電凱基93購03,0,0,0,0,0,0,0,0,0,-60000,0,0,0,1000,61000,-60000,-60000
04807P,聯茂元富94售01  ,0,0,0,0,0,0,0,0,0,-60000,0,0,0,5000,65000,-60000,-60000
047653,上銀兆豐94購01  ,0,0,0,0,0,0,0,0,0,-60000,0,0,0,0,60000,-60000,-60000
050581,美食國票94購02  ,0,0,0,0,0,0,0,0,0,-60000,0,0,0,0,60000,-60000,-60000
051564,和碩國泰96購01  ,0,0,0,0,0,0,0,0,0,-60000,0,0,0,30000,90000,-60000,-60000
049615,香港2X群益98購01,0,0,0,0,0,0,0,0,0,-60000,0,0,0,0,60000,-60000,-60000
05130P,聯發科統一95售03,0,0,0,0,0,0,0,0,0,-60000,0,0,0,0,60000,-60000,-60000
049309,台達電凱基94購05,0,0,0,0,0,0,0,0,0,-60000,0,0,0,0,60000,-60000,-60000
05138P,嘉聯益凱基96售02,0,0,0,0,0,0,0,0,0,-60000,0,0,0,60000,120000,-60000,-60000
050499,台達電凱基94購11,0,0,0,0,0,0,0,0,0,-60000,0,0,0,0,60000,-60000,-60000
050421,鴻海凱基95購04  ,0,0,0,0,0,0,0,0,0,-60000,0,0,0,110000,170000,-60000,-60000
052298,易華電國票96購01,0,0,0,0,0,0,0,0,0,-60000,0,0,0,0,60000,-60000,-60000
052098,臺股指富邦95購01,0,0,0,0,0,0,0,0,0,-60000,0,0,0,0,60000,-60000,-60000
053398,和鑫中信99購01  ,0,0,0,0,0,0,0,0,0,-60000,0,0,0,0,60000,-60000,-60000
053685,台積電元大96購18,0,0,0,0,0,0,0,0,0,-60000,0,0,0,210000,270000,-60000,-60000
053663,臺股指凱基96購24,0,0,0,0,0,0,0,0,0,-60000,0,0,0,0,60000,-60000,-60000
053808,大成鋼群益97購01,0,0,0,0,0,0,0,0,0,-60000,0,0,0,2000,62000,-60000,-60000
053744,台郡國票97購03  ,0,0,0,0,0,0,0,0,0,-60000,0,0,0,0,60000,-60000,-60000
053950,緯穎富邦97購02  ,0,0,0,0,0,0,0,0,0,-60000,0,0,0,0,60000,-60000,-60000
053862,南亞科元大97購02,0,0,0,0,0,0,0,0,0,-60000,0,0,0,12000,72000,-60000,-60000
053220,瀚宇博凱基98購01,0,0,0,0,0,0,0,0,0,-60000,0,0,0,0,60000,-60000,-60000
052637,欣興凱基97購01  ,0,0,0,0,0,0,0,0,0,-60000,0,0,0,0,60000,-60000,-60000
052638,緯創凱基96購02  ,0,0,0,0,0,0,0,0,0,-60000,0,0,0,0,60000,-60000,-60000
05519P,上証2X凱基98售01,0,0,0,0,0,0,0,0,0,-60000,0,0,0,0,60000,-60000,-60000
055274,華泰元大97購02  ,0,0,0,0,0,0,0,0,0,-60000,0,0,0,0,60000,-60000,-60000
054616,智伸科永豐97購01,0,0,0,0,0,0,0,0,0,-60000,0,0,0,10000,70000,-60000,-60000
054592,美律永昌9A購01  ,0,0,0,0,0,0,0,0,0,-60000,0,0,0,0,60000,-60000,-60000
054433,南亞科台新96購02,0,0,0,0,0,0,0,0,0,-60000,0,0,0,38000,98000,-60000,-60000
054253,宏達電元大97購03,0,0,0,0,0,0,0,0,0,-60000,0,0,0,54000,114000,-60000,-60000
054113,奇力新台新97購01,0,0,0,0,0,0,0,0,0,-60000,0,0,0,0,60000,-60000,-60000
054096,佳世達國票97購01,0,0,0,0,0,0,0,0,0,-60000,0,0,0,0,60000,-60000,-60000
06237P,台積電元大97售26,0,0,0,0,0,0,0,0,0,-60000,0,0,0,0,60000,-60000,-60000
06454P,緯穎元大98售04  ,0,0,0,0,0,0,0,0,0,-60000,0,0,0,109000,169000,-60000,-60000
1560,中砂            ,44000,104000,-60000,0,0,0,0,0,0,0,0,0,0,0,0,0,-60000
3048,益登            ,29000,86000,-57000,0,0,0,0,0,0,-3000,0,3000,-3000,0,0,0,-60000
6592,和潤企業        ,53000,113000,-60000,0,0,0,0,0,0,0,0,0,0,0,0,0,-60000
6668,中揚光          ,81000,129000,-48000,0,0,0,0,0,0,-12000,0,12000,-12000,0,0,0,-60000
057008,華新科中信99購02,0,0,0,0,0,0,0,0,0,-61000,0,0,0,0,61000,-61000,-61000
056535,全新凱基99購02  ,0,0,0,0,0,0,0,0,0,-61000,0,0,0,0,61000,-61000,-61000
056321,創意群益98購02  ,0,0,0,0,0,0,0,0,0,-61000,0,0,0,1000,62000,-61000,-61000
055493,華新科元大97購09,0,0,0,0,0,0,0,0,0,-61000,0,0,0,160000,221000,-61000,-61000
055765,臺股指群益97購03,0,0,0,0,0,0,0,0,0,-61000,0,0,0,15000,76000,-61000,-61000
055925,上銀群益97購01  ,0,0,0,0,0,0,0,0,0,-61000,0,0,0,259000,320000,-61000,-61000
051000,台郡元大96購01  ,0,0,0,0,0,0,0,0,0,-61000,0,0,0,192000,253000,-61000,-61000
044819,新日興兆豐93購02,0,0,0,0,0,0,0,0,0,-61000,0,0,0,10000,71000,-61000,-61000
04579P,聯茂台新94售01  ,0,0,0,0,0,0,0,0,0,-61000,0,0,0,0,61000,-61000,-61000
054189,貿聯永豐96購03  ,0,0,0,0,0,0,0,0,0,-61000,0,0,0,0,61000,-61000,-61000
05510P,燿華元富96售01  ,0,0,0,0,0,0,0,0,0,-61000,0,0,0,0,61000,-61000,-61000
052959,聯電凱基97購01  ,0,0,0,0,0,0,0,0,0,-61000,0,0,0,80000,141000,-61000,-61000
052961,國巨凱基97購02  ,0,0,0,0,0,0,0,0,0,-61000,0,0,0,59000,120000,-61000,-61000
055728,緯穎元大97購03  ,0,0,0,0,0,0,0,0,0,-62000,0,0,0,0,62000,-62000,-62000
056009,奇力新中信98購03,0,0,0,0,0,0,0,0,0,-62000,0,0,0,160000,222000,-62000,-62000
056082,旺宏統一99購02  ,0,0,0,0,0,0,0,0,0,-62000,0,0,0,23000,85000,-62000,-62000
050983,新光金國泰97購01,0,0,0,0,0,0,0,0,0,-62000,0,0,0,0,62000,-62000,-62000
048153,台積電兆豐94購01,0,0,0,0,0,0,0,0,0,-62000,0,0,0,0,62000,-62000,-62000
052358,台表科永豐95購02,100000,0,100000,0,0,0,0,0,0,-162000,0,0,0,68000,230000,-162000,-62000
052898,樺漢群益96購01  ,0,0,0,0,0,0,0,0,0,-62000,0,0,0,107000,169000,-62000,-62000
053506,南茂兆豐97購01  ,0,0,0,0,0,0,0,0,0,-62000,0,0,0,0,62000,-62000,-62000
053627,宏碁兆豐97購01  ,0,0,0,0,0,0,0,0,0,-62000,0,0,0,100000,162000,-62000,-62000
05514P,康舒永豐96售01  ,0,0,0,0,0,0,0,0,0,-62000,0,0,0,0,62000,-62000,-62000
6525,捷敏-KY         ,9000,32000,-23000,0,0,0,0,38000,-38000,-1000,0,1000,-1000,0,0,0,-62000
2505,國揚            ,38000,94000,-56000,0,0,0,0,0,0,-6000,0,1000,-1000,0,5000,-5000,-62000
056516,晶豪科兆豐98購01,0,0,0,0,0,0,0,0,0,-63000,0,0,0,244000,307000,-63000,-63000
055908,GIS日盛97購01   ,0,0,0,0,0,0,0,0,0,-63000,0,0,0,10000,73000,-63000,-63000
055887,上銀統一97購03  ,0,0,0,0,0,0,0,0,0,-63000,0,0,0,45000,108000,-63000,-63000
055605,緯穎元大97購02  ,0,0,0,0,0,0,0,0,0,-63000,0,0,0,49000,112000,-63000,-63000
055338,GIS兆豐97購01   ,0,0,0,0,0,0,0,0,0,-63000,0,0,0,0,63000,-63000,-63000
055362,GIS凱基97購03   ,0,0,0,0,0,0,0,0,0,-63000,0,0,0,178000,241000,-63000,-63000
055443,台虹國票98購01  ,0,0,0,0,0,0,0,0,0,-63000,0,0,0,3000,66000,-63000,-63000
057147,新日興國票99購01,0,0,0,0,0,0,0,0,0,-63000,0,0,0,29000,92000,-63000,-63000
056836,國巨元富98購01  ,0,0,0,0,0,0,0,0,0,-63000,0,0,0,79000,142000,-63000,-63000
05895P,奇力新群益96售03,0,0,0,0,0,0,0,0,0,-63000,0,0,0,47000,110000,-63000,-63000
05946P,和碩中信96售01  ,0,0,0,0,0,0,0,0,0,-63000,0,0,0,60000,123000,-63000,-63000
05821P,臺股指凱基96售18,0,0,0,0,0,0,0,0,0,-63000,0,0,0,153000,216000,-63000,-63000
04629P,康控元大94售05  ,0,0,0,0,0,0,0,0,0,-63000,0,0,0,1000,64000,-63000,-63000
042752,台灣50元大96購03,0,0,0,0,0,0,0,0,0,-63000,0,0,0,5000,68000,-63000,-63000
04614P,光罩群益94售02  ,0,0,0,0,0,0,0,0,0,-63000,0,0,0,0,63000,-63000,-63000
048670,華新科永豐93購03,0,0,0,0,0,0,0,0,0,-63000,0,0,0,192000,255000,-63000,-63000
052364,全新國票95購02  ,0,0,0,0,0,0,0,0,0,-63000,0,0,0,0,63000,-63000,-63000
049114,玉晶光統一94購02,0,0,0,0,0,0,0,0,0,-63000,0,0,0,87000,150000,-63000,-63000
051734,台積電國票95購04,0,0,0,0,0,0,0,0,0,-63000,0,0,0,94000,157000,-63000,-63000
050923,南亞科凱基95購03,0,0,0,0,0,0,0,0,0,-63000,0,0,0,32000,95000,-63000,-63000
06648P,華邦電元大98售03,0,0,0,0,0,0,0,0,0,-63000,0,0,0,0,63000,-63000,-63000
06231P,台積電永豐97售05,0,0,0,0,0,0,0,0,0,-63000,0,0,0,0,63000,-63000,-63000
06179P,國巨群益97售04  ,0,0,0,0,0,0,0,0,0,-63000,0,0,0,62000,125000,-63000,-63000
06136P,華新科國泰99售02,0,0,0,0,0,0,0,0,0,-63000,0,0,0,756000,819000,-63000,-63000
06157P,聯鈞統一97售02  ,0,0,0,0,0,0,0,0,0,-63000,0,0,0,70000,133000,-63000,-63000
056596,光磊元富98購01  ,0,0,0,0,0,0,0,0,0,-64000,0,0,0,10000,74000,-64000,-64000
055389,國巨統一98購02  ,0,0,0,0,0,0,0,0,0,-64000,0,0,0,0,64000,-64000,-64000
055862,矽力元大97購04  ,0,0,0,0,0,0,0,0,0,-64000,0,0,0,0,64000,-64000,-64000
056373,上銀統一99購02  ,0,0,0,0,0,0,0,0,0,-64000,0,0,0,103000,167000,-64000,-64000
047389,義隆元大94購01  ,0,0,0,0,0,0,0,0,0,-64000,0,0,0,15000,79000,-64000,-64000
03652C,臺股指元大03牛01,0,0,0,0,0,0,0,0,0,-64000,0,0,0,0,64000,-64000,-64000
051339,智易永豐95購02  ,0,0,0,0,0,0,0,0,0,-64000,0,0,0,0,64000,-64000,-64000
051579,宏碁元大95購01  ,0,0,0,0,0,0,0,0,0,-64000,0,0,0,0,64000,-64000,-64000
049108,玉晶光富邦96購02,0,0,0,0,0,0,0,0,0,-64000,0,0,0,0,64000,-64000,-64000
050838,為升國票96購01  ,0,0,0,0,0,0,0,0,0,-64000,0,0,0,0,64000,-64000,-64000
048962,宏全康和94購01  ,0,0,0,0,0,0,0,0,0,-64000,0,0,0,30000,94000,-64000,-64000
052197,台郡元富95購03  ,0,0,0,0,0,0,0,0,0,-64000,0,0,0,24000,88000,-64000,-64000
049145,南亞科元大94購01,0,0,0,0,0,0,0,0,0,-64000,0,0,0,33000,97000,-64000,-64000
054911,敬鵬凱基97購01  ,0,0,0,0,0,0,0,0,0,-64000,0,0,0,6000,70000,-64000,-64000
054884,友達統一99購01  ,0,0,0,0,0,0,0,0,0,-64000,0,0,0,311000,375000,-64000,-64000
054217,台表科國票97購05,0,0,0,0,0,0,0,0,0,-64000,0,0,0,33000,97000,-64000,-64000
05414P,台表科國票96售02,0,0,0,0,0,0,0,0,0,-64000,0,0,0,0,64000,-64000,-64000
053427,鎧勝永豐96購02  ,0,0,0,0,0,0,0,0,0,-64000,0,0,0,13000,77000,-64000,-64000
052651,台表科永豐96購02,0,0,0,0,0,0,0,0,0,-64000,0,0,0,0,64000,-64000,-64000
06240P,奇力新元富97售03,0,0,0,0,0,0,0,0,0,-64000,0,0,0,0,64000,-64000,-64000
06358P,力成中信97售02  ,0,0,0,0,0,0,0,0,0,-64000,0,0,0,6000,70000,-64000,-64000
1444,力麗            ,138000,200000,-62000,0,0,0,0,0,0,-2000,0,2000,-2000,0,0,0,-64000
2453,凌群            ,17000,81000,-64000,0,0,0,0,0,0,0,0,0,0,0,0,0,-64000
3052,夆典            ,5000,69000,-64000,0,0,0,0,0,0,0,0,0,0,0,0,0,-64000
056384,玉晶光國泰9A購02,0,0,0,0,0,0,0,0,0,-65000,0,0,0,33000,98000,-65000,-65000
056033,T50正2凱基99購02,0,0,0,0,0,0,0,0,0,-65000,0,0,0,0,65000,-65000,-65000
055420,欣興永豐98購01  ,0,0,0,0,0,0,0,0,0,-65000,0,0,0,3000,68000,-65000,-65000
056675,聯發科元富02購01,0,0,0,0,0,0,0,0,0,-65000,0,0,0,20000,85000,-65000,-65000
056780,元油2X群益9A購03,0,0,0,0,0,0,0,0,0,-65000,0,0,0,5000,70000,-65000,-65000
057520,元油2X元大98購15,0,0,0,0,0,0,0,0,0,-65000,0,0,0,0,65000,-65000,-65000
051351,台積電元大95購15,0,0,0,0,0,0,0,0,0,-65000,0,0,0,106000,171000,-65000,-65000
047975,緯創兆豐93購01  ,0,0,0,0,0,0,0,0,0,-65000,0,0,0,60000,125000,-65000,-65000
046486,樺漢國泰94購01  ,0,0,0,0,0,0,0,0,0,-65000,0,0,0,155000,220000,-65000,-65000
046618,南亞科凱基93購01,0,0,0,0,0,0,0,0,0,-65000,0,0,0,20000,85000,-65000,-65000
04839P,大立光元大94售17,0,0,0,0,0,0,0,0,0,-65000,0,0,0,10000,75000,-65000,-65000
03831P,臺股指中信95售02,0,0,0,0,0,0,0,0,0,-65000,0,0,0,165000,230000,-65000,-65000
051863,技嘉凱基95購01  ,0,0,0,0,0,0,0,0,0,-65000,0,0,0,249000,314000,-65000,-65000
050027,義隆元大94購03  ,0,0,0,0,0,0,0,0,0,-65000,0,0,0,3000,68000,-65000,-65000
051687,大立光凱基95購12,0,0,0,0,0,0,0,0,0,-65000,0,0,0,0,65000,-65000,-65000
049257,南亞科元大94購03,0,0,0,0,0,0,0,0,0,-65000,0,0,0,18000,83000,-65000,-65000
052740,聯發科元大96購07,0,0,0,0,0,0,0,0,0,-65000,0,0,0,205000,270000,-65000,-65000
053604,臺股指元大96購21,0,0,0,0,0,0,0,0,0,-65000,0,0,0,0,65000,-65000,-65000
053737,華新科麥證96購01,0,0,0,20000,85000,-65000,0,0,0,-65000,0,0,0,20000,85000,-65000,-65000
054085,華新科統一96購04,0,0,0,0,0,0,0,0,0,-65000,0,0,0,15000,80000,-65000,-65000
054200,美律富邦97購02  ,0,0,0,0,0,0,0,0,0,-65000,0,0,0,15000,80000,-65000,-65000
054362,亞光凱基96購03  ,0,0,0,0,0,0,0,0,0,-65000,0,0,0,25000,90000,-65000,-65000
054879,大成鋼統一97購01,0,0,0,0,0,0,0,0,0,-65000,0,0,0,0,65000,-65000,-65000
055310,聯詠群益97購02  ,0,0,0,0,0,0,0,0,0,-65000,0,0,0,27000,92000,-65000,-65000
06482P,台積電凱基98售13,0,0,0,0,0,0,0,0,0,-65000,0,0,0,0,65000,-65000,-65000
057224,和碩日盛9A購01  ,0,0,0,0,0,0,0,0,0,-66000,0,0,0,17000,83000,-66000,-66000
056994,緯穎兆豐98購02  ,0,0,0,0,0,0,0,0,0,-66000,0,0,0,102000,168000,-66000,-66000
055771,台積電日盛97購04,0,0,0,0,0,0,0,0,0,-66000,0,0,0,0,66000,-66000,-66000
05104P,智邦台新95售02  ,0,0,0,0,0,0,0,0,0,-66000,0,0,0,19000,85000,-66000,-66000
049493,可成元大94購05  ,0,0,0,0,0,0,0,0,0,-66000,0,0,0,25000,91000,-66000,-66000
04967P,台表科永豐94售04,0,0,0,0,0,0,0,0,0,-66000,0,0,0,0,66000,-66000,-66000
054791,泰碩群益99購02  ,0,0,0,0,0,0,0,0,0,-66000,0,0,0,30000,96000,-66000,-66000
054218,S&P反1統一98購02,0,0,0,0,0,0,0,0,0,-66000,0,0,0,6000,72000,-66000,-66000
054335,緯穎永豐96購02  ,0,0,0,0,0,0,0,0,0,-66000,0,0,0,11000,77000,-66000,-66000
054094,創意群益96購02  ,0,0,0,0,0,0,0,0,0,-66000,0,0,0,23000,89000,-66000,-66000
053629,玉山金兆豐96購01,0,0,0,0,0,0,0,0,0,-66000,0,0,0,16000,82000,-66000,-66000
053227,晶技台新96購01  ,0,0,0,0,0,0,0,0,0,-66000,0,0,0,266000,332000,-66000,-66000
06338P,亞德客統一97售02,0,0,0,0,0,0,0,0,0,-66000,0,0,0,180000,246000,-66000,-66000
1717,長興            ,30000,105000,-75000,0,0,0,9000,0,9000,0,0,0,0,0,0,0,-66000
05610P,國巨群益98售01  ,0,0,0,0,0,0,0,0,0,-67000,0,0,0,50000,117000,-67000,-67000
056403,茂林群益98購01  ,0,0,0,0,0,0,0,0,0,-67000,0,0,0,192000,259000,-67000,-67000
056588,聯發科統一9A購02,0,0,0,0,0,0,0,0,0,-67000,0,0,0,195000,262000,-67000,-67000
057384,台灣50永豐99購02,0,0,0,0,0,0,0,0,0,-67000,0,0,0,0,67000,-67000,-67000
047385,華邦電元大94購02,0,0,0,0,0,0,0,0,0,-67000,0,0,0,1000,68000,-67000,-67000
051390,京元電兆豐95購01,0,0,0,0,0,0,0,0,0,-67000,0,0,0,3000,70000,-67000,-67000
049313,晶技凱基94購01  ,0,0,0,0,0,0,0,0,0,-67000,0,0,0,79000,146000,-67000,-67000
051405,世芯永豐95購01  ,0,0,0,0,0,0,0,0,0,-67000,0,0,0,498000,565000,-67000,-67000
05186P,鈺齊中信95售02  ,0,0,0,0,0,0,0,0,0,-67000,0,0,0,3000,70000,-67000,-67000
052785,滬深2X中信99購03,0,0,0,0,0,0,0,0,0,-67000,0,0,0,36000,103000,-67000,-67000
1464,得力            ,3000,39000,-36000,0,0,0,0,0,0,-31000,0,1000,-1000,0,30000,-30000,-67000
056619,強茂永豐98購01  ,0,0,0,0,0,0,0,0,0,-68000,0,0,0,0,68000,-68000,-68000
056798,華新科麥證98購01,0,0,0,0,68000,-68000,0,0,0,-68000,0,0,0,0,68000,-68000,-68000
056968,揚明光永豐98購02,0,0,0,0,0,0,0,0,0,-68000,0,0,0,0,68000,-68000,-68000
056351,鴻海元大98購06  ,0,0,0,0,0,0,0,0,0,-68000,0,0,0,51000,119000,-68000,-68000
056467,上証2X元大98購02,0,0,0,0,0,0,0,0,0,-68000,0,0,0,32000,100000,-68000,-68000
055439,台表科國票98購02,0,0,0,0,0,0,0,0,0,-68000,0,0,0,48000,116000,-68000,-68000
055377,揚明光元大98購01,0,0,0,0,0,0,0,0,0,-68000,0,0,0,0,68000,-68000,-68000
055568,緯穎凱基97購02  ,0,0,0,0,0,0,0,0,0,-68000,0,0,0,0,68000,-68000,-68000
051090,光磊元大96購01  ,0,0,0,0,0,0,0,0,0,-68000,0,0,0,0,68000,-68000,-68000
050969,台郡永豐95購01  ,0,0,0,0,0,0,0,0,0,-68000,0,0,0,10000,78000,-68000,-68000
047181,智邦元大93購06  ,0,0,0,0,0,0,0,0,0,-68000,0,0,0,0,68000,-68000,-68000
048089,智邦凱基93購10  ,0,0,0,0,0,0,0,0,0,-68000,0,0,0,0,68000,-68000,-68000
052169,鴻海元大97購02  ,0,0,0,0,0,0,0,0,0,-68000,0,0,0,0,68000,-68000,-68000
050110,京元電元大94購03,0,0,0,0,0,0,0,0,0,-68000,0,0,0,0,68000,-68000,-68000
052315,廣宇元大95購02  ,0,0,0,0,0,0,0,0,0,-68000,0,0,0,0,68000,-68000,-68000
052223,聯電凱基96購02  ,0,0,0,0,0,0,0,0,0,-68000,0,0,0,0,68000,-68000,-68000
052448,新光金元大96購03,0,0,0,0,0,0,0,0,0,-68000,0,0,0,0,68000,-68000,-68000
051643,瑞昱康和95購01  ,0,0,0,0,0,0,0,0,0,-68000,0,0,0,0,68000,-68000,-68000
050273,GIS元大94購04   ,0,0,0,0,0,0,0,0,0,-68000,0,0,0,10000,78000,-68000,-68000
048970,裕民元大94購01  ,0,0,0,0,0,0,0,0,0,-68000,0,0,0,0,68000,-68000,-68000
049488,智邦元大95購01  ,0,0,0,0,0,0,0,0,0,-68000,0,0,0,24000,92000,-68000,-68000
049248,台達電元大94購04,0,0,0,0,0,0,0,0,0,-68000,0,0,0,0,68000,-68000,-68000
053272,鴻海元大96購17  ,0,0,0,0,0,0,0,0,0,-68000,0,0,0,0,68000,-68000,-68000
05314P,臺股指群益95售13,0,0,0,0,0,0,0,0,0,-68000,0,0,0,32000,100000,-68000,-68000
053076,貿聯永豐96購01  ,0,0,0,0,0,0,0,0,0,-68000,0,0,0,0,68000,-68000,-68000
053471,正崴元大96購01  ,0,0,0,0,0,0,0,0,0,-68000,0,0,0,0,68000,-68000,-68000
053375,鴻海元大96購18  ,0,0,0,0,0,0,0,0,0,-68000,0,0,0,100000,168000,-68000,-68000
053376,鴻海元大96購19  ,0,0,0,0,0,0,0,0,0,-68000,0,0,0,82000,150000,-68000,-68000
053956,旺宏永豐96購04  ,0,0,0,0,0,0,0,0,0,-68000,0,0,0,0,68000,-68000,-68000
053918,美律國票97購01  ,0,0,0,0,0,0,0,0,0,-68000,0,0,0,0,68000,-68000,-68000
054244,華新元大96購01  ,0,0,0,0,0,0,0,0,0,-68000,0,0,0,0,68000,-68000,-68000
054517,高鐵元大96購01  ,0,0,0,0,0,0,0,0,0,-68000,0,0,0,0,68000,-68000,-68000
054612,慧洋永豐97購01  ,0,0,0,0,0,0,0,0,0,-68000,0,0,0,0,68000,-68000,-68000
055246,美律統一98購01  ,0,0,0,0,0,0,0,0,0,-68000,0,0,0,0,68000,-68000,-68000
055147,鴻海元大97購11  ,0,0,0,0,0,0,0,0,0,-68000,0,0,0,2000,70000,-68000,-68000
055157,晶豪科元大97購01,0,0,0,0,0,0,0,0,0,-68000,0,0,0,110000,178000,-68000,-68000
06497P,大立光凱基98售11,0,0,0,0,0,0,0,0,0,-68000,0,0,0,72000,140000,-68000,-68000
055437,禾伸堂中信99購01,0,0,0,0,0,0,0,0,0,-69000,0,0,0,43000,112000,-69000,-69000
05635P,健策台新96售02  ,0,0,0,0,0,0,0,0,0,-69000,0,0,0,0,69000,-69000,-69000
056032,勤誠康和97購03  ,0,0,0,0,0,0,0,0,0,-69000,0,0,0,21000,90000,-69000,-69000
04813P,智邦元大94售07  ,0,0,0,0,0,0,0,0,0,-69000,0,0,0,0,69000,-69000,-69000
043442,大立光台新01購01,0,0,0,0,0,0,0,0,0,-69000,0,0,0,0,69000,-69000,-69000
04268P,南電元富93售03  ,0,0,0,0,0,0,0,0,0,-69000,0,0,0,0,69000,-69000,-69000
00851,台新全球AI      ,0,0,0,0,0,0,0,0,0,-69000,0,0,0,2000,71000,-69000,-69000
049370,可成元大94購03  ,0,0,0,0,0,0,0,0,0,-69000,0,0,0,110000,179000,-69000,-69000
049691,可成元大94購06  ,0,0,0,0,0,0,0,0,0,-69000,0,0,0,77000,146000,-69000,-69000
05457P,鴻海凱基95售20  ,0,0,0,0,0,0,0,0,0,-69000,0,0,0,0,69000,-69000,-69000
05366P,鴻海元富95售12  ,0,0,0,0,0,0,0,0,0,-69000,0,0,0,0,69000,-69000,-69000
053125,宏達電凱基96購01,0,0,0,0,0,0,0,0,0,-69000,0,0,0,1000,70000,-69000,-69000
052969,建準群益97購01  ,0,0,0,0,0,0,0,0,0,-69000,0,0,0,10000,79000,-69000,-69000
052759,京元電群益96購01,0,0,0,0,0,0,0,0,0,-69000,0,0,0,0,69000,-69000,-69000
052621,台郡富邦97購01  ,0,0,0,0,0,0,0,0,0,-69000,0,0,0,20000,89000,-69000,-69000
08164P,滬深2X中信95售04,0,0,0,0,0,0,0,0,0,-69000,0,0,0,41000,110000,-69000,-69000
06308P,國巨元富97售06  ,0,0,0,0,0,0,0,0,0,-69000,0,0,0,14000,83000,-69000,-69000
8131,福懋科          ,318000,218000,100000,0,0,0,1000,0,1000,-170000,91000,4000,87000,19000,276000,-257000,-69000
056251,聯發科兆豐97購02,0,0,0,0,0,0,0,0,0,-70000,0,0,0,0,70000,-70000,-70000
056498,A50正2富邦9B購01,0,0,0,0,0,0,0,0,0,-70000,0,0,0,0,70000,-70000,-70000
056924,亞光兆豐98購01  ,0,0,0,0,0,0,0,0,0,-70000,0,0,0,0,70000,-70000,-70000
057092,健策元富98購01  ,0,0,0,0,0,0,0,0,0,-70000,0,0,0,114000,184000,-70000,-70000
057119,微星康和98購01  ,0,0,0,0,0,0,0,0,0,-70000,0,0,0,0,70000,-70000,-70000
056753,群創兆豐98購02  ,0,0,0,0,0,0,0,0,0,-70000,0,0,0,60000,130000,-70000,-70000
057394,台積電中信9C購02,0,0,0,0,0,0,0,0,0,-70000,0,0,0,0,70000,-70000,-70000
057526,智邦元大98購10  ,0,0,0,0,0,0,0,0,0,-70000,0,0,0,8000,78000,-70000,-70000
045963,新光金凱基93購01,0,0,0,0,0,0,0,0,0,-70000,0,0,0,0,70000,-70000,-70000
046241,聯發科中信94購02,0,0,0,0,0,0,0,0,0,-70000,0,0,0,80000,150000,-70000,-70000
044578,緯創凱基93購02  ,0,0,0,0,0,0,0,0,0,-70000,0,0,0,0,70000,-70000,-70000
048663,聯發科統一96購01,0,0,0,0,0,0,0,0,0,-70000,0,0,0,0,70000,-70000,-70000
048019,GIS麥證94購01   ,0,0,0,20000,90000,-70000,0,0,0,-70000,0,0,0,20000,90000,-70000,-70000
046968,台積電群益94購03,0,0,0,0,0,0,0,0,0,-70000,0,0,0,6000,76000,-70000,-70000
046905,新光金凱基99購01,0,0,0,0,0,0,0,0,0,-70000,0,0,0,0,70000,-70000,-70000
047107,上銀元大93購04  ,0,0,0,0,0,0,0,0,0,-70000,0,0,0,20000,90000,-70000,-70000
051350,台積電元大95購14,0,0,0,0,0,0,0,0,0,-70000,0,0,0,283000,353000,-70000,-70000
049914,瑞昱元大94購06  ,0,0,0,0,0,0,0,0,0,-70000,0,0,0,0,70000,-70000,-70000
049020,可成群益94購02  ,0,0,0,0,0,0,0,0,0,-70000,0,0,0,11000,81000,-70000,-70000
051411,聯發科國票95購05,0,0,0,0,0,0,0,0,0,-70000,0,0,0,100000,170000,-70000,-70000
048979,晶相光元大94購03,0,0,0,0,0,0,0,0,0,-70000,0,0,0,152000,222000,-70000,-70000
050042,台表科亞東94購01,0,0,0,0,0,0,0,0,0,-70000,0,0,0,50000,120000,-70000,-70000
050844,大立光國票96購01,0,10000,-10000,0,0,0,0,0,0,-60000,0,0,0,10000,70000,-60000,-70000
051776,上証2X群益99購01,0,0,0,0,0,0,0,0,0,-70000,0,0,0,10000,80000,-70000,-70000
050279,彩晶第一94購01  ,0,0,0,0,0,0,0,0,0,-70000,0,0,0,0,70000,-70000,-70000
051691,台表科凱基95購01,0,0,0,0,0,0,0,0,0,-70000,0,0,0,9000,79000,-70000,-70000
050468,矽格中信94購01  ,0,0,0,0,0,0,0,0,0,-70000,0,0,0,30000,100000,-70000,-70000
052438,瑞儀富邦95購01  ,0,0,0,0,0,0,0,0,0,-70000,0,0,0,0,70000,-70000,-70000
052277,台達電凱基97購01,0,0,0,0,0,0,0,0,0,-70000,0,0,0,10000,80000,-70000,-70000
052640,台表科凱基97購01,0,0,0,0,0,0,0,0,0,-70000,0,0,0,146000,216000,-70000,-70000
053120,復盛中信9A購01  ,0,0,0,0,0,0,0,0,0,-70000,0,0,0,131000,201000,-70000,-70000
05323P,瑞昱凱基96售02  ,0,0,0,0,0,0,0,0,0,-70000,0,0,0,40000,110000,-70000,-70000
053786,新日興元大96購02,0,0,0,0,0,0,0,0,0,-70000,0,0,0,0,70000,-70000,-70000
053486,T50反1兆豐96購01,0,0,0,0,0,0,0,0,0,-70000,0,0,0,0,70000,-70000,-70000
054537,南亞科亞東97購01,0,0,0,0,0,0,0,0,0,-70000,0,0,0,0,70000,-70000,-70000
055135,聯發科富邦99購05,0,0,0,0,0,0,0,0,0,-70000,0,0,0,0,70000,-70000,-70000
055184,群創統一98購02  ,0,0,0,0,0,0,0,0,0,-70000,0,0,0,48000,118000,-70000,-70000
055265,玉晶光永豐98購03,0,0,0,0,0,0,0,0,0,-70000,0,0,0,0,70000,-70000,-70000
054902,億光康和97購01  ,0,0,0,0,0,0,0,0,0,-70000,0,0,0,0,70000,-70000,-70000
054903,億光康和97購02  ,0,0,0,0,0,0,0,0,0,-70000,0,0,0,0,70000,-70000,-70000
055024,興勤國泰98購01  ,0,0,0,0,0,0,0,0,0,-70000,0,0,0,38000,108000,-70000,-70000
06153P,健策元大97售04  ,0,0,0,0,0,0,0,0,0,-70000,0,0,0,0,70000,-70000,-70000
06137P,玉晶光永豐97售04,0,0,0,0,0,0,0,0,0,-70000,0,0,0,15000,85000,-70000,-70000
06674P,祥碩群益98售02  ,0,0,0,0,0,0,0,0,0,-70000,0,0,0,51000,121000,-70000,-70000
057060,緯穎元大98購05  ,0,0,0,0,0,0,0,0,0,-71000,0,0,0,18000,89000,-71000,-71000
057193,力成元大98購02  ,0,0,0,0,0,0,0,0,0,-71000,0,0,0,0,71000,-71000,-71000
056449,義隆凱基98購03  ,0,0,0,0,0,0,0,0,0,-71000,0,0,0,0,71000,-71000,-71000
048561,可成元大93購13  ,0,0,0,0,0,0,0,0,0,-71000,0,0,0,160000,231000,-71000,-71000
04548P,大立光元大94售14,0,0,0,0,0,0,0,0,0,-71000,0,0,0,0,71000,-71000,-71000
04241P,欣興國泰95售02  ,0,0,0,0,0,0,0,0,0,-71000,0,0,0,0,71000,-71000,-71000
049601,矽創元大95購02  ,0,0,0,0,0,0,0,0,0,-71000,0,0,0,20000,91000,-71000,-71000
050829,臻鼎凱基96購01  ,0,0,0,0,0,0,0,0,0,-71000,0,0,0,2000,73000,-71000,-71000
04965P,日月光元大94售02,0,0,0,0,0,0,0,0,0,-71000,0,0,0,5000,76000,-71000,-71000
051152,鴻海國泰97購01  ,0,0,0,0,0,0,0,0,0,-71000,0,0,0,11000,82000,-71000,-71000
05084P,嘉聯益永豐95售02,0,0,0,0,0,0,0,0,0,-71000,0,0,0,0,71000,-71000,-71000
054299,南電元大96購03  ,0,0,0,0,0,0,0,0,0,-71000,0,0,0,32000,103000,-71000,-71000
06181P,國巨中信97售02  ,0,0,0,0,0,0,0,0,0,-71000,0,0,0,120000,191000,-71000,-71000
1504,東元            ,1310930,1361000,-50070,0,0,0,20000,0,20000,-41000,0,41000,-41000,0,0,0,-71070
2109,華豐            ,1000,72900,-71900,0,0,0,0,0,0,0,0,0,0,0,0,0,-71900
00635U,元大S&P黃金     ,0,0,0,0,0,0,0,0,0,-71941,0,0,0,115000,186941,-71941,-71941
057231,美律凱基98購05  ,0,0,0,0,0,0,0,0,0,-72000,0,0,0,0,72000,-72000,-72000
057305,南亞科兆豐98購02,0,0,0,0,0,0,0,0,0,-72000,0,0,0,73000,145000,-72000,-72000
048333,大立光富邦95購01,0,0,0,0,0,0,0,0,0,-72000,0,0,0,0,72000,-72000,-72000
049864,聯發科兆豐94購01,0,0,0,0,0,0,0,0,0,-72000,0,0,0,0,72000,-72000,-72000
052252,大立光永豐95購03,0,0,0,0,0,0,0,0,0,-72000,0,0,0,6000,78000,-72000,-72000
050031,嘉澤元大95購01  ,0,0,0,0,0,0,0,0,0,-72000,0,0,0,95000,167000,-72000,-72000
048928,華新科永豐94購02,0,0,0,0,0,0,0,0,0,-72000,0,0,0,127000,199000,-72000,-72000
055129,鈺齊兆豐97購01  ,0,0,0,0,0,0,0,0,0,-72000,0,0,0,107000,179000,-72000,-72000
052819,義隆永豐96購01  ,0,0,0,0,0,0,0,0,0,-72000,0,0,0,0,72000,-72000,-72000
05724P,致茂永豐96售01  ,0,0,0,0,0,0,0,0,0,-73000,0,0,0,24000,97000,-73000,-73000
05725P,嘉聯益永豐96售02,0,0,0,0,0,0,0,0,0,-73000,0,0,0,0,73000,-73000,-73000
057068,國巨永豐98購06  ,0,0,0,0,0,0,0,0,0,-73000,0,0,0,5000,78000,-73000,-73000
05674P,瑞昱群益96售02  ,0,0,0,0,0,0,0,0,0,-73000,0,0,0,0,73000,-73000,-73000
056739,美律凱基98購04  ,0,0,0,0,0,0,0,0,0,-73000,0,0,0,0,73000,-73000,-73000
056357,台積電元大9A購01,0,0,0,0,0,0,0,0,0,-73000,0,0,0,427000,500000,-73000,-73000
056292,統一元大97購01  ,0,0,0,0,0,0,0,0,0,-73000,0,0,0,22000,95000,-73000,-73000
055569,聚陽統一98購01  ,0,0,0,0,0,0,0,0,0,-73000,0,0,0,153000,226000,-73000,-73000
048703,康控國票95購01  ,0,0,0,0,0,0,0,0,0,-73000,0,0,0,0,73000,-73000,-73000
050753,百和統一94購01  ,0,0,0,0,0,0,0,0,0,-73000,0,0,0,0,73000,-73000,-73000
052629,訊芯中信99購01  ,0,0,0,0,0,0,0,0,0,-73000,0,0,0,0,73000,-73000,-73000
053524,聯電中信97購02  ,0,0,0,0,0,0,0,0,0,-73000,0,0,0,8000,81000,-73000,-73000
053472,漢唐元大96購02  ,0,0,0,0,0,0,0,0,0,-73000,0,0,0,5000,78000,-73000,-73000
055107,旺宏凱基98購04  ,0,0,0,0,0,0,0,0,0,-73000,0,0,0,29000,102000,-73000,-73000
055272,國巨元大98購04  ,0,0,0,0,0,0,0,0,0,-73000,0,0,0,236000,309000,-73000,-73000
055311,健策群益98購02  ,0,0,0,0,0,0,0,0,0,-73000,0,0,0,23000,96000,-73000,-73000
054736,南亞科凱基98購01,0,0,0,0,0,0,0,0,0,-73000,0,0,0,133000,206000,-73000,-73000
054329,華新科永豐96購02,0,0,0,0,0,0,0,0,0,-73000,0,0,0,11000,84000,-73000,-73000
054573,漢唐元大98購01  ,0,0,0,0,0,0,0,0,0,-73000,0,0,0,10000,83000,-73000,-73000
06509P,鴻海群益98售03  ,0,0,0,0,0,0,0,0,0,-73000,0,0,0,0,73000,-73000,-73000
06174P,國巨元大97售07  ,0,0,0,0,0,0,0,0,0,-73000,0,0,0,93000,166000,-73000,-73000
048722,台表科永豐94購01,0,0,0,0,0,0,0,0,0,-74000,0,0,0,6000,80000,-74000,-74000
046381,緯創凱基93購03  ,0,0,0,0,0,0,0,0,0,-74000,0,0,0,0,74000,-74000,-74000
04026P,燿華國票93售01  ,0,0,0,0,0,0,0,0,0,-74000,0,0,0,0,74000,-74000,-74000
044269,群創中信95購01  ,0,0,0,0,0,0,0,0,0,-74000,0,0,0,524000,598000,-74000,-74000
051678,鈺齊元大95購02  ,0,0,0,0,0,0,0,0,0,-74000,0,0,0,0,74000,-74000,-74000
052212,可成元大95購11  ,0,0,0,0,0,0,0,0,0,-74000,0,0,0,226000,300000,-74000,-74000
2362,藍天            ,61000,60000,1000,0,0,0,0,0,0,-75000,0,75000,-75000,0,0,0,-74000
6120,達運            ,61000,120000,-59000,0,0,0,0,0,0,-15000,0,5000,-5000,0,10000,-10000,-74000
056810,群創統一9A購01  ,0,0,0,0,0,0,0,0,0,-75000,0,0,0,0,75000,-75000,-75000
057052,華擎元大98購01  ,0,0,0,0,0,0,0,0,0,-75000,0,0,0,315000,390000,-75000,-75000
047343,台達電中信95購01,0,0,0,0,0,0,0,0,0,-75000,0,0,0,0,75000,-75000,-75000
048633,台達電元大94購02,0,0,0,0,0,0,0,0,0,-75000,0,0,0,0,75000,-75000,-75000
04378P,大立光元大94售05,0,0,0,0,0,0,0,0,0,-75000,0,0,0,0,75000,-75000,-75000
03162P,泰碩元大01售02  ,0,0,0,0,0,0,0,0,0,-75000,0,0,0,0,75000,-75000,-75000
048284,臺股指中信95購04,0,0,0,0,0,0,0,0,0,-75000,0,0,0,0,75000,-75000,-75000
046949,群創元大99購01  ,0,0,0,0,0,0,0,0,0,-75000,0,0,0,290000,365000,-75000,-75000
047231,大立光凱基95購03,0,0,0,0,0,0,0,0,0,-75000,0,0,0,10000,85000,-75000,-75000
052324,康友元大96購02  ,0,0,0,0,0,0,0,0,0,-75000,0,0,0,113000,188000,-75000,-75000
049219,聯發科國票95購01,0,0,0,0,0,0,0,0,0,-75000,0,0,0,5000,80000,-75000,-75000
050806,華新科日盛95購01,0,0,0,0,0,0,0,0,0,-75000,0,0,0,102000,177000,-75000,-75000
049859,味全兆豐95購01  ,0,0,0,0,0,0,0,0,0,-75000,0,0,0,0,75000,-75000,-75000
055075,南電永豐97購01  ,0,0,0,0,0,0,0,0,0,-75000,0,0,0,10000,85000,-75000,-75000
053858,台達電元大96購05,0,0,0,0,0,0,0,0,0,-75000,0,0,0,4000,79000,-75000,-75000
1604,聲寶            ,13000,87000,-74000,0,0,0,0,0,0,-1000,0,1000,-1000,0,0,0,-75000
9934,成霖            ,0,75000,-75000,0,0,0,0,0,0,0,0,0,0,0,0,0,-75000
057274,友達元大98購03  ,0,0,0,0,0,0,0,0,0,-76000,0,0,0,50000,126000,-76000,-76000
055429,華新科群益99購01,0,0,0,0,0,0,0,0,0,-76000,0,0,0,35000,111000,-76000,-76000
055874,中環元富9A購01  ,0,0,0,0,0,0,0,0,0,-76000,0,0,0,20000,96000,-76000,-76000
056220,上証2X凱基99購01,0,0,0,0,0,0,0,0,0,-76000,0,0,0,1000,77000,-76000,-76000
051334,宏達電永豐95購01,0,0,0,0,0,0,0,0,0,-76000,0,0,0,12000,88000,-76000,-76000
048098,嘉澤凱基93購04  ,0,0,0,0,0,0,0,0,0,-76000,0,0,0,24000,100000,-76000,-76000
047316,大立光元大94購01,0,0,0,0,0,0,0,0,0,-76000,0,0,0,6000,82000,-76000,-76000
050792,可成富邦96購01  ,0,0,0,0,0,0,0,0,0,-76000,0,0,0,63000,139000,-76000,-76000
052211,台積電元大95購22,0,0,0,0,0,0,0,0,0,-76000,0,0,0,273000,349000,-76000,-76000
053468,鴻海元大98購01  ,0,0,0,0,0,0,0,0,0,-76000,0,0,0,10000,86000,-76000,-76000
054572,國巨元大98購03  ,0,0,0,0,0,0,0,0,0,-76000,0,0,0,314000,390000,-76000,-76000
05459P,聯詠凱基95售03  ,0,0,0,0,0,0,0,0,0,-76000,0,0,0,10000,86000,-76000,-76000
054209,台積電國票97購08,0,0,0,0,0,0,0,0,0,-76000,0,0,0,69000,145000,-76000,-76000
8028,昇陽半導體      ,116000,171000,-55000,0,0,0,0,0,0,-21000,0,1000,-1000,5000,25000,-20000,-76000
06598P,奇力新永豐98售02,0,0,0,0,0,0,0,0,0,-76000,0,0,0,27000,103000,-76000,-76000
06649P,聯發科元大98售08,0,0,0,0,0,0,0,0,0,-76000,0,0,0,10000,86000,-76000,-76000
055690,矽力凱基97購02  ,0,0,0,0,0,0,0,0,0,-77000,0,0,0,0,77000,-77000,-77000
055480,元上證元大97購02,0,0,0,0,0,0,0,0,0,-77000,0,0,0,0,77000,-77000,-77000
057372,華新科元大99購10,0,0,0,0,0,0,0,0,0,-77000,0,0,0,18000,95000,-77000,-77000
05764P,世紀鋼永豐96售03,0,0,0,0,0,0,0,0,0,-77000,0,0,0,10000,87000,-77000,-77000
057073,康控永豐98購01  ,0,0,0,0,0,0,0,0,0,-77000,0,0,0,226000,303000,-77000,-77000
056989,鴻海兆豐98購02  ,0,0,0,0,0,0,0,0,0,-77000,0,0,0,0,77000,-77000,-77000
044988,玉晶光統一95購01,0,0,0,0,0,0,0,0,0,-77000,0,0,0,13000,90000,-77000,-77000
048231,台表科凱基93購06,0,0,0,0,0,0,0,0,0,-77000,0,0,0,0,77000,-77000,-77000
051299,致茂凱基95購01  ,0,0,0,0,0,0,0,0,0,-77000,0,0,0,1000,78000,-77000,-77000
051138,訊連永豐95購01  ,0,0,0,0,0,0,0,0,0,-77000,0,0,0,73000,150000,-77000,-77000
053997,健策群益97購02  ,0,0,0,0,0,0,0,0,0,-77000,0,0,0,162000,239000,-77000,-77000
055302,達方元大97購01  ,0,0,0,0,0,0,0,0,0,-77000,0,0,0,80000,157000,-77000,-77000
055251,華新科統一99購01,0,0,0,0,0,0,0,0,0,-77000,0,0,0,182000,259000,-77000,-77000
054730,上証2X凱基98購02,0,0,0,0,0,0,0,0,0,-77000,0,0,0,0,77000,-77000,-77000
053683,上証2X元大96購03,0,0,0,0,0,0,0,0,0,-77000,0,0,0,0,77000,-77000,-77000
4935,茂林-KY         ,115000,315000,-200000,0,0,0,62000,0,62000,61000,120000,30000,90000,3000,32000,-29000,-77000
6443,元晶            ,154000,230000,-76000,0,0,0,0,0,0,-1000,0,1000,-1000,0,0,0,-77000
057007,奇力新中信98購04,0,0,0,0,0,0,0,0,0,-78000,0,0,0,202000,280000,-78000,-78000
05718P,國巨元大96售09  ,0,0,0,0,0,0,0,0,0,-78000,0,0,0,140000,218000,-78000,-78000
05621P,聯電中信96售01  ,0,0,0,0,0,0,0,0,0,-78000,0,0,0,67000,145000,-78000,-78000
056500,大立光富邦9B購02,0,0,0,0,0,0,0,0,0,-78000,0,0,0,44000,122000,-78000,-78000
051236,鴻海元大96購05  ,0,0,0,0,0,0,0,0,0,-78000,0,0,0,100000,178000,-78000,-78000
051527,台郡凱基95購03  ,0,0,0,0,0,0,0,0,0,-78000,0,0,0,10000,88000,-78000,-78000
04939P,國巨國票95售03  ,0,0,0,0,0,0,0,0,0,-78000,0,0,0,30000,108000,-78000,-78000
051634,大立光國票96購03,0,0,0,0,0,0,0,0,0,-78000,0,0,0,8000,86000,-78000,-78000
053785,聯詠元大96購05  ,0,0,0,0,0,0,0,0,0,-78000,0,0,0,0,78000,-78000,-78000
053954,貿聯康和96購01  ,0,0,0,0,0,0,0,0,0,-78000,0,0,0,0,78000,-78000,-78000
053516,茂林群益96購05  ,0,0,0,0,0,0,0,0,0,-78000,0,0,0,49000,127000,-78000,-78000
054804,南亞元大9A購01  ,0,0,0,0,0,0,0,0,0,-78000,0,0,0,0,78000,-78000,-78000
054854,台積電麥證97購01,0,0,0,0,78000,-78000,0,0,0,-78000,0,0,0,0,78000,-78000,-78000
054821,貿聯元大9A購01  ,0,0,0,0,0,0,0,0,0,-78000,0,0,0,15000,93000,-78000,-78000
054468,台郡凱基98購01  ,0,0,0,0,0,0,0,0,0,-78000,0,0,0,0,78000,-78000,-78000
1558,伸興            ,9000,17000,-8000,0,0,0,0,0,0,-70000,0,70000,-70000,0,0,0,-78000
06140P,華新科群益97售06,0,0,0,0,0,0,0,0,0,-78000,0,0,0,0,78000,-78000,-78000
055695,大毅國票98購03  ,0,0,0,0,0,0,0,0,0,-79000,0,0,0,12000,91000,-79000,-79000
056995,華新科日盛99購01,0,0,0,0,0,0,0,0,0,-79000,0,0,0,44000,123000,-79000,-79000
050971,緯穎永豐95購01  ,0,0,0,0,0,0,0,0,0,-79000,0,0,0,99000,178000,-79000,-79000
04751P,智邦兆豐95售02  ,0,0,0,0,0,0,0,0,0,-79000,0,0,0,101000,180000,-79000,-79000
051522,玉晶光凱基95購05,0,0,0,0,0,0,0,0,0,-79000,0,0,0,10000,89000,-79000,-79000
050601,台表科國泰96購01,0,0,0,0,0,0,0,0,0,-79000,0,0,0,297000,376000,-79000,-79000
054553,宏達電凱基99購01,0,0,0,0,0,0,0,0,0,-79000,0,0,0,40000,119000,-79000,-79000
054668,傳奇元富97購03  ,0,0,0,0,0,0,0,0,0,-79000,0,0,0,8000,87000,-79000,-79000
054045,奇力新元大97購03,0,0,0,0,0,0,0,0,0,-79000,0,0,0,91000,170000,-79000,-79000
052881,康控凱基97購01  ,0,0,0,0,0,0,0,0,0,-79000,0,0,0,3000,82000,-79000,-79000
1512,瑞利            ,0,79000,-79000,0,0,0,0,0,0,0,0,0,0,0,0,0,-79000
057450,國泰金元富98購01,0,0,0,0,0,0,0,0,0,-80000,0,0,0,7000,87000,-80000,-80000
055893,大立光統一97購07,0,0,0,0,0,0,0,0,0,-80000,0,0,0,0,80000,-80000,-80000
056067,智原元大97購01  ,0,0,0,0,0,0,0,0,0,-80000,0,0,0,0,80000,-80000,-80000
047514,亞光國票94購01  ,0,0,0,0,0,0,0,0,0,-80000,0,0,0,180000,260000,-80000,-80000
045021,臺股指中信94購02,0,0,0,0,0,0,0,0,0,-80000,0,0,0,0,80000,-80000,-80000
044430,上銀元大92購03  ,0,0,0,0,0,0,0,0,0,-80000,0,0,0,20000,100000,-80000,-80000
045369,康控兆豐93購01  ,0,0,0,0,0,0,0,0,0,-80000,0,0,0,30000,110000,-80000,-80000
03832P,臺股指中信95售03,0,0,0,0,0,0,0,0,0,-80000,0,0,0,20000,100000,-80000,-80000
03645C,臺股指凱基96牛27,0,0,0,0,0,0,0,0,0,-80000,0,0,0,0,80000,-80000,-80000
04233P,儒鴻兆豐93售01  ,0,0,0,0,0,0,0,0,0,-80000,0,0,0,0,80000,-80000,-80000
046940,瑞昱元大93購07  ,0,0,0,0,0,0,0,0,0,-80000,0,0,0,0,80000,-80000,-80000
047015,上銀元大93購03  ,0,0,0,0,0,0,0,0,0,-80000,0,0,0,20000,100000,-80000,-80000
048059,欣興國泰95購01  ,0,0,0,0,0,0,0,0,0,-80000,0,0,0,53000,133000,-80000,-80000
048045,上銀永豐93購02  ,0,0,0,0,0,0,0,0,0,-80000,0,0,0,0,80000,-80000,-80000
049780,智易統一94購02  ,0,0,0,0,0,0,0,0,0,-80000,0,0,0,30000,110000,-80000,-80000
051489,世芯凱基95購01  ,0,0,0,0,0,0,0,0,0,-80000,0,0,0,63000,143000,-80000,-80000
049208,台郡群益94購01  ,0,0,0,0,0,0,0,0,0,-80000,0,0,0,0,80000,-80000,-80000
052896,宏達電群益96購01,0,0,0,0,0,0,0,0,0,-80000,0,0,0,46000,126000,-80000,-80000
052636,大立光凱基96購10,0,0,0,0,0,0,0,0,0,-80000,0,0,0,0,80000,-80000,-80000
053293,聯發科中信9B購01,0,0,0,0,0,0,0,0,0,-80000,0,0,0,0,80000,-80000,-80000
053133,華邦電國票97購01,0,0,0,0,0,0,0,0,0,-80000,0,0,0,0,80000,-80000,-80000
053199,旺宏日盛96購01  ,0,0,0,0,0,0,0,0,0,-80000,0,0,0,20000,100000,-80000,-80000
053630,奇鋐兆豐97購01  ,0,0,0,0,0,0,0,0,0,-80000,0,0,0,0,80000,-80000,-80000
054114,新光金台新97購01,0,0,0,0,0,0,0,0,0,-80000,0,0,0,0,80000,-80000,-80000
054798,超眾群益97購01  ,0,0,0,0,0,0,0,0,0,-80000,0,0,0,0,80000,-80000,-80000
06561P,台灣50國泰9A售01,0,0,0,0,0,0,0,0,0,-80000,0,0,0,57000,137000,-80000,-80000
06500P,臺股指元大9A售05,0,0,0,0,0,0,0,0,0,-80000,0,0,0,0,80000,-80000,-80000
8464,億豐            ,43000,138000,-95000,0,0,0,2000,0,2000,13000,13000,0,13000,0,0,0,-80000
055485,國巨元大97購09  ,0,0,0,0,0,0,0,0,0,-81000,0,0,0,209000,290000,-81000,-81000
050410,燿華永豐95購03  ,0,0,0,0,0,0,0,0,0,-81000,0,0,0,30000,111000,-81000,-81000
053433,友達日盛99購06  ,0,0,0,0,0,0,0,0,0,-81000,0,0,0,200000,281000,-81000,-81000
053296,貿聯中信98購01  ,0,0,0,0,0,0,0,0,0,-81000,0,0,0,0,81000,-81000,-81000
052874,超眾凱基96購01  ,0,0,0,0,0,0,0,0,0,-81000,0,0,0,10000,91000,-81000,-81000
06216P,上銀元富97售03  ,0,0,0,0,0,0,0,0,0,-81000,0,0,0,19000,100000,-81000,-81000
06414P,矽力凱基97售03  ,0,0,0,0,0,0,0,0,0,-81000,0,0,0,269000,350000,-81000,-81000
3056,總太            ,37000,117000,-80000,0,0,0,0,0,0,-1000,0,1000,-1000,0,0,0,-81000
05683P,矽創元大96售01  ,0,0,0,0,0,0,0,0,0,-82000,0,0,0,83000,165000,-82000,-82000
046864,和大統一97購01  ,0,0,0,0,0,0,0,0,0,-82000,0,0,0,56000,138000,-82000,-82000
050989,台表科富邦95購01,0,0,0,0,0,0,0,0,0,-82000,0,0,0,98000,180000,-82000,-82000
04312P,聯茂統一93售02  ,0,0,0,0,0,0,0,0,0,-82000,0,0,0,6000,88000,-82000,-82000
047366,台表科群益93購01,0,0,0,0,0,0,0,0,0,-82000,0,0,0,10000,92000,-82000,-82000
048606,聯發科日盛93購02,0,0,0,0,0,0,0,0,0,-82000,0,0,0,0,82000,-82000,-82000
052006,康友富邦98購01  ,0,0,0,0,0,0,0,0,0,-82000,0,0,0,73000,155000,-82000,-82000
053917,友達國票97購03  ,0,0,0,0,0,0,0,0,0,-82000,0,0,0,28000,110000,-82000,-82000
055077,臺股指永豐97購02,0,0,0,0,0,0,0,0,0,-82000,0,0,0,8000,90000,-82000,-82000
055186,正文統一97購01  ,0,0,0,0,0,0,0,0,0,-82000,0,0,0,0,82000,-82000,-82000
06198P,台積電元大98售06,0,0,0,0,0,0,0,0,0,-82000,0,0,0,371000,453000,-82000,-82000
1449,佳和            ,1000,83000,-82000,0,0,0,0,0,0,0,0,0,0,0,0,0,-82000
056582,易華電元大98購01,0,0,0,0,0,0,0,0,0,-83000,0,0,0,32000,115000,-83000,-83000
057240,茂林凱基9A購01  ,0,0,0,0,0,0,0,0,0,-83000,0,0,0,120000,203000,-83000,-83000
047421,聯茂富邦97購01  ,0,0,0,0,0,0,0,0,0,-83000,0,0,0,180000,263000,-83000,-83000
00662,富邦NASDAQ      ,0,68000,-68000,0,0,0,0,0,0,-15000,0,0,0,16000,31000,-15000,-83000
051359,中信金元大95購01,0,0,0,0,0,0,0,0,0,-83000,0,0,0,434000,517000,-83000,-83000
048787,義隆元大94購02  ,0,0,0,0,0,0,0,0,0,-83000,0,0,0,15000,98000,-83000,-83000
051797,卜蜂永豐95購01  ,0,0,0,0,0,0,0,0,0,-83000,0,0,0,0,83000,-83000,-83000
055304,瑞昱第一98購01  ,0,0,0,0,0,0,0,0,0,-83000,0,0,0,0,83000,-83000,-83000
053665,臺股指凱基96購26,0,0,0,0,0,0,0,0,0,-83000,0,0,0,0,83000,-83000,-83000
053152,大立光元大99購01,0,0,0,0,0,0,0,0,0,-83000,0,0,0,70000,153000,-83000,-83000
6206,飛捷            ,36000,119000,-83000,0,0,0,0,0,0,0,0,0,0,0,0,0,-83000
056911,緯穎元大99購01  ,0,0,0,0,0,0,0,0,0,-84000,0,0,0,14000,98000,-84000,-84000
047882,超眾國泰94購01  ,0,0,0,0,0,0,0,0,0,-84000,0,0,0,0,84000,-84000,-84000
04721P,正崴凱基94售02  ,0,0,0,0,0,0,0,0,0,-84000,0,0,0,0,84000,-84000,-84000
054542,台表科國票98購01,0,0,0,0,0,0,0,0,0,-84000,0,0,0,65000,149000,-84000,-84000
1308,亞聚            ,1000,83000,-82000,0,0,0,0,0,0,-2000,0,2000,-2000,0,0,0,-84000
06341P,大立光統一97售08,0,0,0,0,0,0,0,0,0,-84000,0,0,0,71000,155000,-84000,-84000
06364P,鴻海凱基97售08  ,0,0,0,0,0,0,0,0,0,-84000,0,0,0,135000,219000,-84000,-84000
05843P,台積電元大96售16,0,0,0,0,0,0,0,0,0,-85000,0,0,0,35000,120000,-85000,-85000
055452,台積電元富97購03,0,0,0,0,0,0,0,0,0,-85000,0,0,0,18000,103000,-85000,-85000
055790,南電凱基97購01  ,0,0,0,0,0,0,0,0,0,-85000,0,0,0,20000,105000,-85000,-85000
056346,聯茂凱基99購02  ,0,0,0,0,0,0,0,0,0,-85000,0,0,0,55000,140000,-85000,-85000
03875P,滬深2X國票05售01,0,0,0,0,0,0,0,0,0,-85000,0,0,0,50000,135000,-85000,-85000
051799,台積電永豐96購01,0,0,0,0,0,0,0,0,0,-85000,0,0,0,0,85000,-85000,-85000
049136,華通元大95購01  ,0,0,0,0,0,0,0,0,0,-85000,0,0,0,110000,195000,-85000,-85000
054853,TPK國票98購02   ,0,0,0,0,0,0,0,0,0,-85000,0,0,0,100000,185000,-85000,-85000
052601,大成鋼元大96購01,0,0,0,0,0,0,0,0,0,-85000,0,0,0,17000,102000,-85000,-85000
05370P,矽創元富95售01  ,0,0,0,0,0,0,0,0,0,-85000,0,0,0,6000,91000,-85000,-85000
053819,大立光群益96購04,0,0,0,0,0,0,0,0,0,-85000,0,0,0,5000,90000,-85000,-85000
06163P,聯詠群益97售01  ,0,0,0,0,0,0,0,0,0,-85000,0,0,0,0,85000,-85000,-85000
051700,深中小群益99購04,0,0,0,0,0,0,0,0,0,-86000,0,0,0,318000,404000,-86000,-86000
053615,光罩群益96購01  ,0,0,0,0,0,0,0,0,0,-86000,0,0,0,14000,100000,-86000,-86000
052607,大立光元大96購03,0,0,0,0,0,0,0,0,0,-86000,0,0,0,6000,92000,-86000,-86000
052648,茂林永豐96購01  ,0,0,0,0,0,0,0,0,0,-86000,0,0,0,20000,106000,-86000,-86000
054979,南港元富97購01  ,0,0,0,0,0,0,0,0,0,-86000,0,0,0,31000,117000,-86000,-86000
06703P,新日興元富98售02,0,0,0,0,0,0,0,0,0,-86000,0,0,0,0,86000,-86000,-86000
9935,慶豐富          ,62000,148000,-86000,0,0,0,0,0,0,0,0,0,0,0,0,0,-86000
056779,元油2X群益9A購02,0,0,0,0,0,0,0,0,0,-87000,0,0,0,0,87000,-87000,-87000
051066,台積電國票96購02,0,0,0,0,0,0,0,0,0,-87000,0,0,0,6000,93000,-87000,-87000
050192,康控元大97購01  ,0,0,0,0,0,0,0,0,0,-87000,0,0,0,88000,175000,-87000,-87000
054007,貿聯統一96購01  ,0,0,0,0,0,0,0,0,0,-87000,0,0,0,0,87000,-87000,-87000
05393P,鴻海統一95售14  ,0,0,0,0,0,0,0,0,0,-87000,0,0,0,20000,107000,-87000,-87000
056790,彩晶群益98購03  ,0,0,0,0,0,0,0,0,0,-88000,0,0,0,0,88000,-88000,-88000
05886P,華通元富96售01  ,0,0,0,0,0,0,0,0,0,-88000,0,0,0,8000,96000,-88000,-88000
056547,臻鼎凱基99購01  ,0,0,0,0,0,0,0,0,0,-88000,0,0,0,18000,106000,-88000,-88000
055960,義隆元大97購01  ,0,0,0,0,0,0,0,0,0,-88000,0,0,0,0,88000,-88000,-88000
051050,鴻海群益95購03  ,0,0,0,0,0,0,0,0,0,-88000,0,0,0,15000,103000,-88000,-88000
047319,晶技元大93購02  ,0,0,0,0,0,0,0,0,0,-88000,0,0,0,20000,108000,-88000,-88000
046191,新光金凱基98購01,0,0,0,0,0,0,0,0,0,-88000,0,0,0,0,88000,-88000,-88000
054180,亞泥康和96購01  ,0,0,0,0,0,0,0,0,0,-88000,0,0,0,0,88000,-88000,-88000
06553P,訊芯元大98售05  ,0,0,0,0,0,0,0,0,0,-88000,0,0,0,87000,175000,-88000,-88000
055842,建準元大98購01  ,0,0,0,0,0,0,0,0,0,-89000,0,0,0,40000,129000,-89000,-89000
055699,康控國票97購04  ,0,0,0,0,0,0,0,0,0,-89000,0,0,0,13000,102000,-89000,-89000
055516,上銀中信97購01  ,0,0,0,0,0,0,0,0,0,-89000,0,0,0,39000,128000,-89000,-89000
05911P,南亞科永豐96售03,0,0,0,0,0,0,0,0,0,-89000,0,0,0,1000,90000,-89000,-89000
056819,奇力新永豐98購01,0,0,0,0,0,0,0,0,0,-89000,0,0,0,0,89000,-89000,-89000
04386P,大立光日盛94售01,0,0,0,0,0,0,0,0,0,-89000,0,0,0,50000,139000,-89000,-89000
048650,台表科元大93購05,0,0,0,0,0,0,0,0,0,-89000,0,0,0,10000,99000,-89000,-89000
048391,友訊國票94購01  ,0,0,0,0,0,0,0,0,0,-89000,0,0,0,108000,197000,-89000,-89000
051166,可成元大95購02  ,0,0,0,0,0,0,0,0,0,-89000,0,0,0,22000,111000,-89000,-89000
048875,晶相光國票94購01,0,0,0,0,0,0,0,0,0,-89000,0,0,0,7000,96000,-89000,-89000
054208,台積電國票97購07,0,0,0,0,0,0,0,0,0,-89000,0,0,0,138000,227000,-89000,-89000
053005,微星永豐96購01  ,0,0,0,0,0,0,0,0,0,-89000,0,0,0,44000,133000,-89000,-89000
05921P,同欣電元大96售06,0,0,0,0,0,0,0,0,0,-90000,0,0,0,10000,100000,-90000,-90000
055592,奇力新元大97購07,0,0,0,0,0,0,0,0,0,-90000,0,0,0,57000,147000,-90000,-90000
055974,上銀統一97購05  ,0,0,0,0,0,0,0,0,0,-90000,0,0,0,10000,100000,-90000,-90000
056262,台積電統一98購04,0,0,0,0,0,0,0,0,0,-90000,0,0,0,0,90000,-90000,-90000
048460,盛群凱基94購01  ,0,0,0,0,0,0,0,0,0,-90000,0,0,0,28000,118000,-90000,-90000
046680,上証反群益95購01,0,0,0,0,0,0,0,0,0,-90000,0,0,0,40000,130000,-90000,-90000
048100,貿聯凱基93購02  ,0,0,0,0,0,0,0,0,0,-90000,0,0,0,0,90000,-90000,-90000
048108,鴻海群益93購07  ,0,0,0,0,0,0,0,0,0,-90000,0,0,0,44000,134000,-90000,-90000
047669,台表科永豐93購02,0,0,0,0,0,0,0,0,0,-90000,0,0,0,6000,96000,-90000,-90000
04626P,聯發科元大94售07,0,0,0,0,0,0,0,0,0,-90000,0,0,0,0,90000,-90000,-90000
046466,台虹凱基92購01  ,0,0,0,0,0,0,0,0,0,-90000,0,0,0,20000,110000,-90000,-90000
047803,卜蜂凱基93購03  ,0,0,0,0,0,0,0,0,0,-90000,0,0,0,0,90000,-90000,-90000
051343,鴻海元大95購07  ,0,0,0,0,0,0,0,0,0,-90000,0,0,0,51000,141000,-90000,-90000
047433,鴻海元大93購16  ,0,0,0,0,0,0,0,0,0,-90000,0,0,0,144000,234000,-90000,-90000
044403,新日興凱基92購01,0,0,0,0,0,0,0,0,0,-90000,0,0,0,0,90000,-90000,-90000
04249P,大立光統一94售04,0,0,0,0,0,0,0,0,0,-90000,0,0,0,0,90000,-90000,-90000
03102P,臺股指凱基03售08,0,0,0,0,0,0,0,0,0,-90000,0,0,0,0,90000,-90000,-90000
049430,國巨國票95購02  ,0,0,0,0,0,0,0,0,0,-90000,0,0,0,1000,91000,-90000,-90000
049472,楠梓電永豐95購01,0,0,0,0,0,0,0,0,0,-90000,0,0,0,10000,100000,-90000,-90000
049465,美律台新94購01  ,0,0,0,0,0,0,0,0,0,-90000,0,0,0,0,90000,-90000,-90000
049492,聯發科元大95購02,0,0,0,0,0,0,0,0,0,-90000,0,0,0,51000,141000,-90000,-90000
051298,智邦凱基95購03  ,0,0,0,0,0,0,0,0,0,-90000,0,0,0,9000,99000,-90000,-90000
052550,鴻海國票97購02  ,0,0,0,0,0,0,0,0,0,-90000,0,0,0,0,90000,-90000,-90000
052531,台積電國泰96購06,0,0,0,0,0,0,0,0,0,-90000,0,0,0,70000,160000,-90000,-90000
052527,泰鼎元大96購02  ,0,0,0,0,0,0,0,0,0,-90000,0,0,0,29000,119000,-90000,-90000
052577,台積電統一96購01,0,0,0,0,0,0,0,0,0,-90000,0,0,0,136000,226000,-90000,-90000
053006,玉晶光永豐96購03,0,0,0,0,0,0,0,0,0,-90000,0,0,0,1000,91000,-90000,-90000
05328P,臺股指凱基95售12,0,0,0,0,0,0,0,0,0,-90000,0,0,0,10000,100000,-90000,-90000
053229,南電台新97購01  ,0,0,0,0,0,0,0,0,0,-90000,0,0,0,0,90000,-90000,-90000
054467,隆達凱基97購01  ,0,0,0,0,0,0,0,0,0,-90000,0,0,0,0,90000,-90000,-90000
054827,宏全元大9A購01  ,0,0,0,0,0,0,0,0,0,-90000,0,0,0,0,90000,-90000,-90000
056904,大立光元大99購05,0,0,0,0,0,0,0,0,0,-91000,0,0,0,0,91000,-91000,-91000
00650L,FH香港正2       ,10000,0,10000,0,0,0,0,0,0,-101000,0,0,0,191000,292000,-101000,-91000
047410,上銀元富96購01  ,0,0,0,0,0,0,0,0,0,-91000,0,0,0,326000,417000,-91000,-91000
051456,鈺齊元大95購01  ,0,0,0,0,0,0,0,0,0,-91000,0,0,0,0,91000,-91000,-91000
051578,智邦元大96購01  ,0,0,0,0,0,0,0,0,0,-91000,0,0,0,42000,133000,-91000,-91000
049306,元油2X凱基96購01,0,0,0,0,0,0,0,0,0,-91000,0,0,0,71000,162000,-91000,-91000
056932,T50反1元富98購01,0,0,0,0,0,0,0,0,0,-92000,0,0,0,102000,194000,-92000,-92000
05972P,瑞昱元大96售01  ,0,0,0,0,0,0,0,0,0,-92000,0,0,0,0,92000,-92000,-92000
055535,緯創群益98購01  ,0,0,0,0,0,0,0,0,0,-92000,0,0,0,36000,128000,-92000,-92000
055426,旺宏群益99購02  ,0,0,0,0,0,0,0,0,0,-92000,0,0,0,19000,111000,-92000,-92000
045055,聯發科元富98購03,0,0,0,0,0,0,0,0,0,-92000,0,0,0,4000,96000,-92000,-92000
048611,宏達電凱基93購04,0,0,0,0,0,0,0,0,0,-92000,0,0,0,0,92000,-92000,-92000
050137,臺指反國票96購01,0,0,0,0,0,0,0,0,0,-92000,0,0,0,8000,100000,-92000,-92000
054796,康普群益98購01  ,0,0,0,0,0,0,0,0,0,-92000,0,0,0,11000,103000,-92000,-92000
054370,台積電中信9A購01,0,0,0,0,0,0,0,0,0,-92000,0,0,0,113000,205000,-92000,-92000
053465,聯電元大96購05  ,0,0,0,0,0,0,0,0,0,-92000,0,0,0,68000,160000,-92000,-92000
2820,華票            ,55000,146000,-91000,0,0,0,0,0,0,-1000,0,1000,-1000,0,0,0,-92000
9188,精熙-DR         ,0,92000,-92000,0,0,0,0,0,0,0,0,0,0,0,0,0,-92000
056464,臺股指凱基99購06,0,0,0,0,0,0,0,0,0,-93000,0,0,0,60000,153000,-93000,-93000
045015,玉晶光元大94購01,0,0,0,0,0,0,0,0,0,-93000,0,0,0,0,93000,-93000,-93000
00715L,街口布蘭特油正2 ,0,0,0,0,0,0,0,0,0,-93000,0,0,0,0,93000,-93000,-93000
05023P,和碩凱基95售01  ,0,0,0,0,0,0,0,0,0,-93000,0,0,0,0,93000,-93000,-93000
053342,全新國票99購01  ,0,0,0,0,0,0,0,0,0,-93000,0,0,0,11000,104000,-93000,-93000
053111,緯創兆豐97購01  ,0,0,0,0,0,0,0,0,0,-93000,0,0,0,62000,155000,-93000,-93000
052652,台虹永豐96購01  ,0,0,0,0,0,0,0,0,0,-93000,0,0,0,2000,95000,-93000,-93000
054161,友訊凱基98購01  ,0,0,0,0,0,0,0,0,0,-93000,0,0,0,20000,113000,-93000,-93000
06061P,訊芯統一97售01  ,0,0,0,0,0,0,0,0,0,-94000,0,0,0,27000,121000,-94000,-94000
04028P,燿華凱基94售02  ,0,0,0,0,0,0,0,0,0,-94000,0,0,0,50000,144000,-94000,-94000
05096P,台積電日盛95售01,0,0,0,0,0,0,0,0,0,-94000,0,0,0,2466000,2560000,-94000,-94000
048037,台表科凱基93購05,0,0,0,0,0,0,0,0,0,-94000,0,0,0,41000,135000,-94000,-94000
050391,大立光統一94購07,0,0,0,0,0,0,0,0,0,-94000,0,0,0,48000,142000,-94000,-94000
049873,華新科台新94購02,0,0,0,0,0,0,0,0,0,-94000,0,0,0,0,94000,-94000,-94000
049583,台積電元大95購04,0,0,0,0,0,0,0,0,0,-94000,0,0,0,671000,765000,-94000,-94000
050901,樺漢元大95購02  ,0,0,0,0,0,0,0,0,0,-94000,0,0,0,2000,96000,-94000,-94000
054123,易華電永豐96購03,0,0,0,0,0,0,0,0,0,-94000,0,0,0,54000,148000,-94000,-94000
054466,欣興凱基97購03  ,0,0,0,0,0,0,0,0,0,-94000,0,0,0,4000,98000,-94000,-94000
055022,精元國泰99購01  ,0,0,0,0,0,0,0,0,0,-94000,0,0,0,0,94000,-94000,-94000
2233,宇隆            ,6000,35000,-29000,0,0,0,0,62000,-62000,-3000,0,3000,-3000,0,0,0,-94000
05757P,旺宏永豐96售03  ,0,0,0,0,0,0,0,0,0,-95000,0,0,0,0,95000,-95000,-95000
057541,台灣50康和9A購04,0,0,0,0,0,0,0,0,0,-95000,0,0,0,0,95000,-95000,-95000
057106,美律群益98購03  ,0,0,0,0,0,0,0,0,0,-95000,0,0,0,76000,171000,-95000,-95000
055633,牧德永豐97購02  ,0,0,0,0,0,0,0,0,0,-95000,0,0,0,5000,100000,-95000,-95000
055791,臺股指凱基97購14,0,0,0,0,0,0,0,0,0,-95000,0,0,0,0,95000,-95000,-95000
03638P,嘉晶凱基93售03  ,0,0,0,0,0,0,0,0,0,-95000,0,0,0,0,95000,-95000,-95000
045567,滬深2X富邦93購01,0,0,0,0,0,0,0,0,0,-95000,0,0,0,0,95000,-95000,-95000
049271,百和元大94購01  ,0,0,0,0,0,0,0,0,0,-95000,0,0,0,50000,145000,-95000,-95000
050201,光磊群益94購01  ,0,0,0,0,0,0,0,0,0,-95000,0,0,0,10000,105000,-95000,-95000
052253,康控永豐95購04  ,0,0,0,0,0,0,0,0,0,-95000,0,0,0,140000,235000,-95000,-95000
05225P,鴻海統一95售09  ,0,0,0,0,0,0,0,0,0,-95000,0,0,0,0,95000,-95000,-95000
054960,新日興元大97購02,0,0,0,0,0,0,0,0,0,-95000,0,0,0,165000,260000,-95000,-95000
053039,聯發科凱基96購11,0,0,0,0,0,0,0,0,0,-95000,0,0,0,87000,182000,-95000,-95000
2536,宏普            ,13000,100000,-87000,0,0,0,0,0,0,-8000,0,8000,-8000,0,0,0,-95000
06518P,奇力新兆豐99售01,0,0,0,0,0,0,0,0,0,-95000,0,0,0,0,95000,-95000,-95000
06722P,臺股指中信9A售04,0,0,0,0,0,0,0,0,0,-95000,0,0,0,0,95000,-95000,-95000
056628,矽創永豐98購01  ,0,0,0,0,0,0,0,0,0,-96000,0,0,0,46000,142000,-96000,-96000
057461,國巨永豐98購07  ,0,0,0,0,0,0,0,0,0,-96000,0,0,0,0,96000,-96000,-96000
045121,康控元大93購03  ,0,0,0,0,0,0,0,0,0,-96000,0,0,0,117000,213000,-96000,-96000
052453,崇越元大95購01  ,0,0,0,0,0,0,0,0,0,-96000,0,0,0,2000,98000,-96000,-96000
051843,聯發科富邦99購01,0,0,0,0,0,0,0,0,0,-96000,0,0,0,134000,230000,-96000,-96000
05169P,玉晶光元大95售03,0,0,0,0,0,0,0,0,0,-96000,0,0,0,5000,101000,-96000,-96000
051472,台積電凱基95購09,0,0,0,0,0,0,0,0,0,-96000,0,0,0,0,96000,-96000,-96000
053156,緯創元大96購02  ,0,0,0,0,0,0,0,0,0,-96000,0,0,0,0,96000,-96000,-96000
053203,智易日盛96購01  ,0,0,0,0,0,0,0,0,0,-96000,0,0,0,0,96000,-96000,-96000
053701,台積電兆豐96購05,0,0,0,0,0,0,0,0,0,-96000,0,0,0,229000,325000,-96000,-96000
057317,技嘉凱基98購02  ,0,0,0,0,0,0,0,0,0,-97000,0,0,0,64000,161000,-97000,-97000
05912P,和大元大96售01  ,0,0,0,0,0,0,0,0,0,-97000,0,0,0,0,97000,-97000,-97000
055606,矽創元大97購01  ,0,0,0,0,0,0,0,0,0,-97000,0,0,0,5000,102000,-97000,-97000
04456P,日月光統一94售01,0,0,0,0,0,0,0,0,0,-97000,0,0,0,32000,129000,-97000,-97000
04131P,裕隆群益93售01  ,0,0,0,0,0,0,0,0,0,-97000,0,0,0,113000,210000,-97000,-97000
050964,晶技永豐95購02  ,0,0,0,0,0,0,0,0,0,-97000,0,0,0,135000,232000,-97000,-97000
051962,晶相光永豐95購02,0,0,0,0,0,0,0,0,0,-97000,0,0,0,151000,248000,-97000,-97000
049644,台積電凱基94購21,10000,0,10000,0,0,0,0,0,0,-107000,0,0,0,50000,157000,-107000,-97000
051671,和鑫元大96購02  ,0,0,0,0,0,0,0,0,0,-97000,0,0,0,3000,100000,-97000,-97000
050239,廣達凱基94購01  ,0,0,0,0,0,0,0,0,0,-97000,0,0,0,13000,110000,-97000,-97000
054424,大成鋼富邦97購02,0,0,0,0,0,0,0,0,0,-97000,0,0,0,3000,100000,-97000,-97000
054614,玉晶光永豐97購03,0,0,0,0,0,0,0,0,0,-97000,0,0,0,21000,118000,-97000,-97000
055495,長榮航元大97購01,0,0,0,0,0,0,0,0,0,-98000,0,0,0,102000,200000,-98000,-98000
06013P,世芯國泰97售03  ,0,0,0,0,0,0,0,0,0,-98000,0,0,0,47000,145000,-98000,-98000
056693,國產群益98購01  ,0,0,0,0,0,0,0,0,0,-98000,0,0,0,0,98000,-98000,-98000
05710P,禾伸堂國票97售02,0,0,0,0,0,0,0,0,0,-98000,0,0,0,0,98000,-98000,-98000
051354,聯發科元大95購09,0,0,0,0,0,0,0,0,0,-98000,0,0,0,0,98000,-98000,-98000
051086,鴻海元大96購04  ,0,0,0,0,0,0,0,0,0,-98000,0,0,0,219000,317000,-98000,-98000
047908,南亞科元大93購02,0,0,0,0,0,0,0,0,0,-98000,0,0,0,1000,99000,-98000,-98000
03636C,元油2X元富04牛01,2000,0,2000,0,0,0,0,0,0,-100000,0,0,0,2000,102000,-100000,-98000
044396,燿華凱基93購02  ,0,0,0,0,0,0,0,0,0,-98000,0,0,0,3000,101000,-98000,-98000
052108,鴻海元富95購11  ,0,0,0,0,0,0,0,0,0,-98000,0,0,0,0,98000,-98000,-98000
052396,台積電凱基97購01,0,0,0,0,0,0,0,0,0,-98000,0,0,0,0,98000,-98000,-98000
049635,臺股指群益94購08,0,0,0,0,0,0,0,0,0,-98000,0,0,0,0,98000,-98000,-98000
048908,慧洋富邦95購01  ,0,0,0,0,0,0,0,0,0,-98000,0,0,0,0,98000,-98000,-98000
2929,淘帝-KY         ,79000,173000,-94000,0,0,0,0,0,0,-4000,0,3000,-3000,1000,2000,-1000,-98000
9911,櫻花            ,53000,151000,-98000,0,0,0,0,0,0,0,0,0,0,0,0,0,-98000
057142,力成兆豐98購01  ,0,0,0,0,0,0,0,0,0,-99000,0,0,0,33000,132000,-99000,-99000
06048P,大立光富邦96售05,0,0,0,0,0,0,0,0,0,-99000,0,0,0,61000,160000,-99000,-99000
057271,國巨元大98購17  ,0,0,0,0,0,0,0,0,0,-99000,0,0,0,236000,335000,-99000,-99000
056206,泰鼎永豐97購01  ,0,0,0,0,0,0,0,0,0,-99000,0,0,0,281000,380000,-99000,-99000
046182,燿華凱基93購04  ,0,0,0,0,0,0,0,0,0,-99000,0,0,0,0,99000,-99000,-99000
051091,聯發科元大95購07,0,0,0,0,0,0,0,0,0,-99000,0,0,0,0,99000,-99000,-99000
051316,T50反1國票95購02,0,0,0,0,0,0,0,0,0,-99000,0,0,0,211000,310000,-99000,-99000
05162P,玉晶光國票96售03,0,0,0,0,0,0,0,0,0,-99000,0,0,0,110000,209000,-99000,-99000
054012,廣達永豐96購01  ,0,0,0,0,0,0,0,0,0,-99000,0,0,0,83000,182000,-99000,-99000
054849,日月光兆豐97購01,0,0,0,0,0,0,0,0,0,-99000,0,0,0,0,99000,-99000,-99000
055264,國巨永豐98購01  ,0,0,0,0,0,0,0,0,0,-99000,0,0,0,0,99000,-99000,-99000
053371,滬深2X元大99購01,0,0,0,0,0,0,0,0,0,-99000,0,0,0,7000,106000,-99000,-99000
053278,禾伸堂元大96購01,0,0,0,0,0,0,0,0,0,-99000,0,0,0,48000,147000,-99000,-99000
06558P,旺宏元富98售02  ,0,0,0,0,0,0,0,0,0,-99000,0,0,0,0,99000,-99000,-99000
055950,華新元大97購02  ,0,0,0,0,0,0,0,0,0,-100000,0,0,0,0,100000,-100000,-100000
05595P,友達統一96售02  ,0,0,0,0,0,0,0,0,0,-100000,0,0,0,0,100000,-100000,-100000
056539,新光金凱基9A購01,0,0,0,0,0,0,0,0,0,-100000,0,0,0,0,100000,-100000,-100000
056376,玉晶光統一98購01,0,0,0,0,0,0,0,0,0,-100000,0,0,0,0,100000,-100000,-100000
05557P,S&P500中信96售02,0,0,0,0,0,0,0,0,0,-100000,0,0,0,0,100000,-100000,-100000
055453,華邦電元富97購01,0,0,0,0,0,0,0,0,0,-100000,0,0,0,0,100000,-100000,-100000
055337,超眾兆豐98購01  ,0,0,0,0,0,0,0,0,0,-100000,0,0,0,0,100000,-100000,-100000
057212,台積電群益98購03,0,0,0,0,0,0,0,0,0,-100000,0,0,0,20000,120000,-100000,-100000
05736P,臺股指統一96售06,0,0,0,0,0,0,0,0,0,-100000,0,0,0,0,100000,-100000,-100000
057343,道瓊反統一9A購01,0,0,0,0,0,0,0,0,0,-100000,0,0,0,0,100000,-100000,-100000
057497,祥碩元大98購06  ,0,0,0,0,0,0,0,0,0,-100000,0,0,0,0,100000,-100000,-100000
06049P,創意亞東97售01  ,0,0,0,0,0,0,0,0,0,-100000,0,0,0,0,100000,-100000,-100000
06019P,緯穎凱基96售03  ,0,0,0,0,0,0,0,0,0,-100000,0,0,0,0,100000,-100000,-100000
06035P,同欣電凱基96售03,0,0,0,0,0,0,0,0,0,-100000,0,0,0,0,100000,-100000,-100000
05943P,欣興凱基96售03  ,0,0,0,0,0,0,0,0,0,-100000,0,0,0,0,100000,-100000,-100000
057186,群創元大99購04  ,0,0,0,0,0,0,0,0,0,-100000,0,0,0,0,100000,-100000,-100000
05702P,矽創凱基96售02  ,0,0,0,0,0,0,0,0,0,-100000,0,0,0,0,100000,-100000,-100000
056704,健策國泰99購01  ,0,0,0,0,0,0,0,0,0,-100000,0,0,0,56000,156000,-100000,-100000
047909,超眾元大93購03  ,0,0,0,0,0,0,0,0,0,-100000,0,0,0,0,100000,-100000,-100000
047840,新日興元大93購03,0,0,0,0,0,0,0,0,0,-100000,0,0,0,19000,119000,-100000,-100000
046906,新光金凱基99購02,0,0,0,0,0,0,0,0,0,-100000,0,0,0,0,100000,-100000,-100000
047169,滬深2X永豐95購01,0,0,0,0,0,0,0,0,0,-100000,0,0,0,0,100000,-100000,-100000
04674P,全新統一95售01  ,0,0,0,0,0,0,0,0,0,-100000,0,0,0,0,100000,-100000,-100000
047643,新光金元大95購02,0,0,0,0,0,0,0,0,0,-100000,0,0,0,0,100000,-100000,-100000
047646,貿聯元大94購01  ,0,0,0,0,0,0,0,0,0,-100000,0,0,0,0,100000,-100000,-100000
047611,滬深2X群益93購02,0,0,0,0,0,0,0,0,0,-100000,0,0,0,0,100000,-100000,-100000
046500,技嘉元大92購03  ,0,0,0,0,0,0,0,0,0,-100000,0,0,0,100000,200000,-100000,-100000
04630P,嘉聯益元大95售02,0,0,0,0,0,0,0,0,0,-100000,0,0,0,0,100000,-100000,-100000
04844P,京元電亞東94售01,0,0,0,0,0,0,0,0,0,-100000,0,0,0,0,100000,-100000,-100000
048528,華泰國票94購01  ,0,0,0,0,0,0,0,0,0,-100000,0,0,0,0,100000,-100000,-100000
046656,華邦電元大93購02,0,0,0,0,0,0,0,0,0,-100000,0,0,0,0,100000,-100000,-100000
048260,鴻海元富93購06  ,0,0,0,0,0,0,0,0,0,-100000,0,0,0,0,100000,-100000,-100000
048826,宏達電凱基94購01,0,0,0,0,0,0,0,0,0,-100000,0,0,0,0,100000,-100000,-100000
04604P,華新科國票95售01,0,0,0,0,0,0,0,0,0,-100000,0,0,0,0,100000,-100000,-100000
046061,中石化凱基98購01,0,0,0,0,0,0,0,0,0,-100000,0,0,0,0,100000,-100000,-100000
04402P,TPK兆豐95售01   ,0,0,0,0,0,0,0,0,0,-100000,0,0,0,0,100000,-100000,-100000
04384P,上証2X中信96售01,0,0,0,0,0,0,0,0,0,-100000,0,0,0,0,100000,-100000,-100000
044493,京元電元大92購02,0,0,0,0,0,0,0,0,0,-100000,0,0,0,100000,200000,-100000,-100000
04466P,大立光元富94售04,0,0,0,0,0,0,0,0,0,-100000,0,0,0,1000,101000,-100000,-100000
045216,鴻海元大93購02  ,0,0,0,0,0,0,0,0,0,-100000,0,0,0,0,100000,-100000,-100000
047482,新光金凱基99購03,0,0,0,0,0,0,0,0,0,-100000,0,0,0,0,100000,-100000,-100000
03446P,創意群益02售02  ,0,0,0,0,0,0,0,0,0,-100000,0,0,0,0,100000,-100000,-100000
045733,瑞昱國票93購01  ,0,0,0,0,0,0,0,0,0,-100000,0,0,0,0,100000,-100000,-100000
045858,元油2X統一94購02,0,0,0,0,0,0,0,0,0,-100000,0,0,0,0,100000,-100000,-100000
045842,T50反1台新98購01,0,0,0,0,0,0,0,0,0,-100000,0,0,0,0,100000,-100000,-100000
043156,大立光統一94購01,0,0,0,0,0,0,0,0,0,-100000,0,0,0,0,100000,-100000,-100000
045937,臻鼎群益93購02  ,0,0,0,0,0,0,0,0,0,-100000,0,0,0,0,100000,-100000,-100000
04146P,可成凱基93售14  ,0,0,0,0,0,0,0,0,0,-100000,0,0,0,600000,700000,-100000,-100000
04015P,可成元大93售10  ,0,0,0,0,0,0,0,0,0,-100000,0,0,0,0,100000,-100000,-100000
03064P,台灣50群益01售14,0,0,0,0,0,0,0,0,0,-100000,0,0,0,0,100000,-100000,-100000
04244P,可成元大93售12  ,0,0,0,0,0,0,0,0,0,-100000,0,0,0,0,100000,-100000,-100000
051622,和碩凱基96購01  ,0,0,0,0,0,0,0,0,0,-100000,0,0,0,0,100000,-100000,-100000
050417,喬山凱基94購01  ,180000,0,180000,0,0,0,0,0,0,-280000,0,0,0,87000,367000,-280000,-100000
050461,GIS元大95購04   ,0,0,0,0,0,0,0,0,0,-100000,0,0,0,0,100000,-100000,-100000
052143,鴻海群益95購09  ,0,0,0,0,0,0,0,0,0,-100000,0,0,0,0,100000,-100000,-100000
049144,瑞昱元大94購03  ,0,0,0,0,0,0,0,0,0,-100000,0,0,0,0,100000,-100000,-100000
050665,南電台新94購01  ,0,0,0,0,0,0,0,0,0,-100000,0,0,0,0,100000,-100000,-100000
050687,上銀日盛94購01  ,0,0,0,0,0,0,0,0,0,-100000,0,0,0,412000,512000,-100000,-100000
049831,日月光凱基94購01,0,0,0,0,0,0,0,0,0,-100000,0,0,0,0,100000,-100000,-100000
050747,道瓊銀統一94購03,0,0,0,0,0,0,0,0,0,-100000,0,0,0,0,100000,-100000,-100000
049397,台達電群益94購03,0,0,0,0,0,0,0,0,0,-100000,0,0,0,0,100000,-100000,-100000
049487,智邦元大94購03  ,0,0,0,0,0,0,0,0,0,-100000,0,0,0,0,100000,-100000,-100000
049924,欣興元大95購04  ,0,0,0,0,0,0,0,0,0,-100000,0,0,0,2000,102000,-100000,-100000
049641,台達電凱基94購08,0,0,0,0,0,0,0,0,0,-100000,0,0,0,0,100000,-100000,-100000
050527,嘉聯益元大96購01,0,0,0,0,0,0,0,0,0,-100000,0,0,0,0,100000,-100000,-100000
052087,鴻海元大96購09  ,0,0,0,0,0,0,0,0,0,-100000,0,0,0,0,100000,-100000,-100000
049765,上証2X元富94購01,0,0,0,0,0,0,0,0,0,-100000,0,0,0,0,100000,-100000,-100000
049759,元黃金富邦9A購01,0,0,0,0,0,0,0,0,0,-100000,0,0,0,120000,220000,-100000,-100000
053165,大立光群益96購03,0,0,0,0,0,0,0,0,0,-100000,0,0,0,10000,110000,-100000,-100000
053038,華邦電凱基97購01,0,0,0,0,0,0,0,0,0,-100000,0,0,0,0,100000,-100000,-100000
052798,滬深2X元大96購07,0,0,0,0,0,0,0,0,0,-100000,0,0,0,0,100000,-100000,-100000
053909,致伸凱基97購01  ,0,0,0,0,0,0,0,0,0,-100000,0,0,0,0,100000,-100000,-100000
05395P,旺宏元大96售06  ,0,0,0,0,0,0,0,0,0,-100000,0,0,0,0,100000,-100000,-100000
05506P,茂林凱基96售03  ,0,0,0,0,0,0,0,0,0,-100000,0,0,0,0,100000,-100000,-100000
054813,鴻海元大97購09  ,0,0,0,0,0,0,0,0,0,-100000,0,0,0,475000,575000,-100000,-100000
054140,智易元大97購03  ,0,0,0,0,0,0,0,0,0,-100000,0,0,0,109000,209000,-100000,-100000
054582,致新元大97購01  ,0,0,0,0,0,0,0,0,0,-100000,0,0,0,0,100000,-100000,-100000
06740P,台灣50國泰9A售02,0,0,0,0,0,0,0,0,0,-100000,0,0,0,0,100000,-100000,-100000
08703P,華碩凱基01售02  ,0,0,0,0,0,0,0,0,0,-100000,0,0,0,248000,348000,-100000,-100000
06256P,臺股指群益97售09,0,0,0,0,0,0,0,0,0,-100000,0,0,0,10000,110000,-100000,-100000
06270P,致伸凱基97售03  ,0,0,0,0,0,0,0,0,0,-100000,0,0,0,0,100000,-100000,-100000
3024,憶聲            ,0,98000,-98000,0,0,0,0,0,0,-2000,0,2000,-2000,0,0,0,-100000
910322,康師傅-DR       ,0,100000,-100000,0,0,0,0,0,0,0,0,0,0,0,0,0,-100000
056926,日月光兆豐98購01,0,0,0,0,0,0,0,0,0,-101000,0,0,0,0,101000,-101000,-101000
057488,聯發科元大99購02,0,0,0,0,0,0,0,0,0,-101000,0,0,0,59000,160000,-101000,-101000
056026,智易群益97購01  ,0,0,0,0,0,0,0,0,0,-101000,0,0,0,130000,231000,-101000,-101000
050569,英業達中信94購01,0,0,0,0,0,0,0,0,0,-101000,0,0,0,0,101000,-101000,-101000
052567,台積電凱基96購05,0,0,0,0,0,0,0,0,0,-101000,0,0,0,0,101000,-101000,-101000
053983,樺漢元大97購02  ,0,0,0,0,0,0,0,0,0,-101000,0,0,0,64000,165000,-101000,-101000
2392,正崴            ,355000,315000,40000,0,0,0,0,102000,-102000,-39000,0,4000,-4000,14000,49000,-35000,-101000
06313P,訊芯元富97售01  ,0,0,0,0,0,0,0,0,0,-101000,0,0,0,89000,190000,-101000,-101000
06420P,大立光統一98售06,0,0,0,0,0,0,0,0,0,-101000,0,0,0,0,101000,-101000,-101000
056221,鴻海凱基99購01  ,0,0,0,0,0,0,0,0,0,-102000,0,0,0,0,102000,-102000,-102000
055720,宏達電元大97購05,0,0,0,0,0,0,0,0,0,-102000,0,0,0,31000,133000,-102000,-102000
05981P,可成永昌98售02  ,0,0,0,0,0,0,0,0,0,-102000,0,0,0,88000,190000,-102000,-102000
04047P,華邦電元大94售03,0,0,0,0,0,0,0,0,0,-102000,0,0,0,10000,112000,-102000,-102000
050521,聯發科元大94購15,0,0,0,0,0,0,0,0,0,-102000,0,0,0,168000,270000,-102000,-102000
049241,智邦元富94購01  ,0,0,0,0,0,0,0,0,0,-102000,0,0,0,0,102000,-102000,-102000
054569,GIS群益98購01   ,0,0,0,0,0,0,0,0,0,-102000,0,0,0,22000,124000,-102000,-102000
054951,大毅元大97購01  ,0,0,0,0,0,0,0,0,0,-102000,0,0,0,222000,324000,-102000,-102000
06302P,臺股指元大97售06,0,0,0,0,0,0,0,0,0,-102000,0,0,0,10000,112000,-102000,-102000
06235P,國巨元大97售12  ,0,0,0,0,0,0,0,0,0,-102000,0,0,0,55000,157000,-102000,-102000
06190P,玉晶光永豐97售05,0,0,0,0,0,0,0,0,0,-102000,0,0,0,112000,214000,-102000,-102000
055760,新日興群益98購02,0,0,0,0,0,0,0,0,0,-103000,0,0,0,116000,219000,-103000,-103000
055676,亞德客凱基97購03,0,0,0,0,0,0,0,0,0,-103000,0,0,0,333000,436000,-103000,-103000
056123,鈺齊群益97購01  ,0,0,0,0,0,0,0,0,0,-103000,0,0,0,0,103000,-103000,-103000
04616P,臺股指群益95售02,0,0,0,0,0,0,0,0,0,-103000,0,0,0,185000,288000,-103000,-103000
047046,台積電國票94購01,0,0,0,0,0,0,0,0,0,-103000,0,0,0,79000,182000,-103000,-103000
049244,亞光元富94購01  ,0,0,0,0,0,0,0,0,0,-103000,0,0,0,0,103000,-103000,-103000
050243,華新科凱基94購10,0,0,0,0,0,0,0,0,0,-103000,0,0,0,33000,136000,-103000,-103000
053709,台達電凱基96購04,0,0,0,0,0,0,0,0,0,-103000,0,0,0,0,103000,-103000,-103000
053743,康控國票97購02  ,0,0,0,0,0,0,0,0,0,-103000,0,0,0,0,103000,-103000,-103000
05358P,大立光元大95售09,0,0,0,0,0,0,0,0,0,-103000,0,0,0,0,103000,-103000,-103000
053239,崇越永豐96購01  ,0,0,0,0,0,0,0,0,0,-103000,0,0,0,20000,123000,-103000,-103000
2340,光磊            ,196000,429000,-233000,0,0,0,0,0,0,130000,34000,16000,18000,126000,14000,112000,-103000
056208,崇越永豐97購01  ,0,0,0,0,0,0,0,0,0,-104000,0,0,0,0,104000,-104000,-104000
056200,大毅永豐98購01  ,0,0,0,0,0,0,0,0,0,-104000,0,0,0,499000,603000,-104000,-104000
055331,國巨兆豐99購01  ,0,0,0,0,0,0,0,0,0,-104000,0,0,0,38000,142000,-104000,-104000
00648R,元大S&P500反1   ,0,0,0,0,0,0,0,0,0,-104000,0,0,0,462000,566000,-104000,-104000
050895,聯發科元大97購01,0,0,0,0,0,0,0,0,0,-104000,0,0,0,67000,171000,-104000,-104000
050576,南亞科國票95購01,0,0,0,0,0,0,0,0,0,-104000,0,0,0,26000,130000,-104000,-104000
054584,貿聯元富97購01  ,0,0,0,0,0,0,0,0,0,-104000,0,0,0,112000,216000,-104000,-104000
9946,三發地產        ,109000,213000,-104000,0,0,0,0,0,0,0,0,0,0,0,0,0,-104000
055753,貿聯第一98購01  ,0,0,0,0,0,0,0,0,0,-105000,0,0,0,0,105000,-105000,-105000
057398,台郡中信99購01  ,0,0,0,0,0,0,0,0,0,-105000,0,0,0,5000,110000,-105000,-105000
057042,台積電元大98購10,0,0,0,0,0,0,0,0,0,-105000,0,0,0,545000,650000,-105000,-105000
051096,日月光元大95購01,0,0,0,0,0,0,0,0,0,-105000,0,0,0,0,105000,-105000,-105000
050900,台郡元大95購02  ,0,0,0,0,0,0,0,0,0,-105000,0,0,0,0,105000,-105000,-105000
050526,貿聯元大95購01  ,0,0,0,0,0,0,0,0,0,-105000,0,0,0,5000,110000,-105000,-105000
052679,致伸富邦98購01  ,0,0,0,0,0,0,0,0,0,-105000,0,0,0,50000,155000,-105000,-105000
1515,力山            ,145000,252000,-107000,0,0,0,0,0,0,2000,0,0,0,16000,14000,2000,-105000
057539,南茂元大98購02  ,0,0,0,0,0,0,0,0,0,-106000,0,0,0,23000,129000,-106000,-106000
05977P,旺宏永豐96售06  ,0,0,0,0,0,0,0,0,0,-106000,0,0,0,50000,156000,-106000,-106000
06097P,茂林永豐97售01  ,0,0,0,0,0,0,0,0,0,-106000,0,0,0,4000,110000,-106000,-106000
046938,致茂元大93購02  ,0,0,0,0,0,0,0,0,0,-106000,0,0,0,1000,107000,-106000,-106000
048657,大成鋼統一93購04,0,0,0,0,0,0,0,0,0,-106000,0,0,0,0,106000,-106000,-106000
05060P,台達電富邦97售02,0,0,0,0,0,0,0,0,0,-106000,0,0,0,4000,110000,-106000,-106000
051591,玉晶光元大97購01,0,0,0,0,0,0,0,0,0,-106000,0,0,0,10000,116000,-106000,-106000
052538,和大統一95購02  ,0,0,0,0,0,0,0,0,0,-106000,0,0,0,9000,115000,-106000,-106000
052371,元金2X元大95購01,0,0,0,0,0,0,0,0,0,-106000,0,0,0,140000,246000,-106000,-106000
052682,上銀元大97購01  ,0,0,0,0,0,0,0,0,0,-106000,0,0,0,10000,116000,-106000,-106000
053540,健策永豐96購01  ,0,0,0,0,0,0,0,0,0,-106000,0,0,0,0,106000,-106000,-106000
06425P,TPK永豐97售02   ,0,0,0,0,0,0,0,0,0,-106000,0,0,0,0,106000,-106000,-106000
05778P,台積電統一96售05,0,0,0,0,0,0,0,0,0,-107000,0,0,0,6000,113000,-107000,-107000
055650,華新科元富98購01,0,0,0,0,0,0,0,0,0,-107000,0,0,0,163000,270000,-107000,-107000
04963P,鴻海元大94售25  ,0,0,0,0,0,0,0,0,0,-107000,0,0,0,8000,115000,-107000,-107000
056049,奇力新國票98購01,0,0,0,0,0,0,0,0,0,-108000,0,0,0,0,108000,-108000,-108000
05779P,台積電統一96售06,0,0,0,0,0,0,0,0,0,-108000,0,0,0,0,108000,-108000,-108000
056954,聯詠富邦9A購01  ,0,0,0,0,0,0,0,0,0,-108000,0,0,0,1000,109000,-108000,-108000
04735P,聯茂兆豐94售01  ,0,0,0,0,0,0,0,0,0,-108000,0,0,0,0,108000,-108000,-108000
052097,GIS元大95購05   ,0,0,0,0,0,0,0,0,0,-108000,0,0,0,2000,110000,-108000,-108000
049961,GIS統一94購01   ,0,0,0,0,0,0,0,0,0,-108000,0,0,0,0,108000,-108000,-108000
05193P,台郡台新95售01  ,0,0,0,0,0,0,0,0,0,-108000,0,0,0,20000,128000,-108000,-108000
053959,晶豪科永豐96購02,0,0,0,0,0,0,0,0,0,-108000,0,0,0,0,108000,-108000,-108000
055052,凱美永豐97購01  ,0,0,0,0,0,0,0,0,0,-108000,0,0,0,0,108000,-108000,-108000
057079,台積電統一9A購02,0,0,0,0,0,0,0,0,0,-109000,0,0,0,0,109000,-109000,-109000
057264,新光金兆豐98購01,0,0,0,0,0,0,0,0,0,-109000,0,0,0,0,109000,-109000,-109000
056371,樺漢元大98購03  ,0,0,0,0,0,0,0,0,0,-109000,0,0,0,26000,135000,-109000,-109000
055525,國巨群益98購05  ,0,0,0,0,0,0,0,0,0,-109000,0,0,0,168000,277000,-109000,-109000
051986,燿華元大96購04  ,0,0,0,0,0,0,0,0,0,-109000,0,0,0,1000,110000,-109000,-109000
050893,鴻海元大96購03  ,0,0,0,0,0,0,0,0,0,-109000,0,0,0,5000,114000,-109000,-109000
054395,華新科永豐96購03,0,0,0,0,0,0,0,0,0,-109000,0,0,0,496000,605000,-109000,-109000
053641,正文永豐96購01  ,0,0,0,0,0,0,0,0,0,-109000,0,0,0,0,109000,-109000,-109000
052944,宏達電國票97購01,0,0,0,0,0,0,0,0,0,-109000,0,0,0,72000,181000,-109000,-109000
1709,和益            ,17000,140000,-123000,0,0,0,0,0,0,14000,14000,0,14000,0,0,0,-109000
055386,致新元大97購02  ,0,0,0,0,0,0,0,0,0,-110000,0,0,0,10000,120000,-110000,-110000
055642,廣宇元富97購01  ,0,0,0,0,0,0,0,0,0,-110000,0,0,0,20000,130000,-110000,-110000
05583P,訊芯凱基96售01  ,0,0,0,0,0,0,0,0,0,-110000,0,0,0,106000,216000,-110000,-110000
056099,上銀永豐97購02  ,0,0,0,0,0,0,0,0,0,-110000,0,0,0,696000,806000,-110000,-110000
046767,南茂凱基93購03  ,0,0,0,0,0,0,0,0,0,-110000,0,0,0,10000,120000,-110000,-110000
050974,大成鋼統一95購01,0,0,0,0,0,0,0,0,0,-110000,0,0,0,15000,125000,-110000,-110000
051355,聯發科元大96購01,0,0,0,0,0,0,0,0,0,-110000,0,0,0,50000,160000,-110000,-110000
046319,新日興元大92購03,0,0,0,0,0,0,0,0,0,-110000,0,0,0,0,110000,-110000,-110000
051543,鈺齊國票96購01  ,0,0,0,0,0,0,0,0,0,-110000,0,0,0,30000,140000,-110000,-110000
052280,聯發科凱基95購11,0,0,0,0,0,0,0,0,0,-110000,0,0,0,68000,178000,-110000,-110000
051679,百和元大95購02  ,0,0,0,0,0,0,0,0,0,-110000,0,0,0,0,110000,-110000,-110000
051701,華通群益97購01  ,0,0,0,0,0,0,0,0,0,-110000,0,0,0,6000,116000,-110000,-110000
053224,矽力凱基96購02  ,0,0,0,0,0,0,0,0,0,-110000,0,0,0,35000,145000,-110000,-110000
053356,聯發科統一96購07,0,0,0,0,0,0,0,0,0,-110000,0,0,0,0,110000,-110000,-110000
053457,旺宏國泰98購03  ,0,0,0,0,0,0,0,0,0,-110000,0,0,0,39000,149000,-110000,-110000
06363P,臺股指麥證97售02,0,0,0,0,110000,-110000,0,0,0,-110000,0,0,0,0,110000,-110000,-110000
1476,儒鴻            ,128000,216000,-88000,0,0,0,2000,21000,-19000,-3000,0,3000,-3000,2000,2000,0,-110000
06633P,國巨國票99售01  ,0,0,0,0,0,0,0,0,0,-110000,0,0,0,15000,125000,-110000,-110000
056211,南港國票98購01  ,0,0,0,0,0,0,0,0,0,-111000,0,0,0,0,111000,-111000,-111000
056224,聯發科凱基97購08,0,0,0,0,0,0,0,0,0,-111000,0,0,0,0,111000,-111000,-111000
056578,智易元大99購02  ,0,0,0,0,0,0,0,0,0,-111000,0,0,0,74000,185000,-111000,-111000
04695P,正崴康和94售01  ,0,0,0,0,0,0,0,0,0,-111000,0,0,0,50000,161000,-111000,-111000
051474,智邦凱基95購04  ,0,0,0,0,0,0,0,0,0,-111000,0,0,0,20000,131000,-111000,-111000
049525,華新科兆豐94購01,0,0,0,0,0,0,0,0,0,-111000,0,0,0,0,111000,-111000,-111000
1702,南僑            ,98000,207000,-109000,0,0,0,0,0,0,-2000,0,2000,-2000,0,0,0,-111000
056982,華新科群益98購05,0,0,0,0,0,0,0,0,0,-112000,0,0,0,1195000,1307000,-112000,-112000
055419,國巨永豐97購03  ,0,0,0,0,0,0,0,0,0,-112000,0,0,0,0,112000,-112000,-112000
049324,臺股指凱基94購06,0,0,0,0,0,0,0,0,0,-112000,0,0,0,1000,113000,-112000,-112000
052003,泰碩國泰97購02  ,0,0,0,0,0,0,0,0,0,-112000,0,0,0,0,112000,-112000,-112000
051710,和碩群益95購01  ,0,0,0,0,0,0,0,0,0,-112000,0,0,0,0,112000,-112000,-112000
05394P,聯詠中信95售02  ,0,0,0,0,0,0,0,0,0,-112000,0,0,0,0,112000,-112000,-112000
06354P,大立光永豐97售04,0,0,0,0,0,0,0,0,0,-112000,0,0,0,64000,176000,-112000,-112000
055503,健策元大98購05  ,0,0,0,0,0,0,0,0,0,-113000,0,0,0,622000,735000,-113000,-113000
057058,祥碩元大98購04  ,0,0,0,0,0,0,0,0,0,-113000,0,0,0,3000,116000,-113000,-113000
056601,鈺齊元富98購01  ,0,0,0,0,0,0,0,0,0,-113000,0,0,0,6000,119000,-113000,-113000
057248,台積電統一98購08,0,0,0,0,0,0,0,0,0,-113000,0,0,0,0,113000,-113000,-113000
044105,聯詠中信95購01  ,0,0,0,0,0,0,0,0,0,-113000,0,0,0,0,113000,-113000,-113000
051755,台積電元大96購08,0,0,0,0,0,0,0,0,0,-113000,0,0,0,342000,455000,-113000,-113000
054008,大立光元富96購06,0,0,0,0,0,0,0,0,0,-113000,0,0,0,53000,166000,-113000,-113000
055394,健策統一97購01  ,0,0,0,0,0,0,0,0,0,-114000,0,0,0,25000,139000,-114000,-114000
055627,亞德客永豐97購02,0,0,0,0,0,0,0,0,0,-114000,0,0,0,3000,117000,-114000,-114000
055994,聯發科國泰99購02,0,0,0,0,0,0,0,0,0,-114000,0,0,0,13000,127000,-114000,-114000
045470,康控元大94購03  ,0,0,0,0,0,0,0,0,0,-114000,0,0,0,0,114000,-114000,-114000
050010,鈺齊永豐94購01  ,0,0,0,0,0,0,0,0,0,-114000,0,0,0,10000,124000,-114000,-114000
053395,致茂中信96購01  ,0,0,0,0,0,0,0,0,0,-114000,0,0,0,46000,160000,-114000,-114000
056089,同欣電統一98購01,0,0,0,0,0,0,0,0,0,-115000,0,0,0,136000,251000,-115000,-115000
055618,麗豐國票98購01  ,0,0,0,0,0,0,0,0,0,-115000,0,0,0,2000,117000,-115000,-115000
056808,台積電統一98購06,0,0,0,0,0,0,0,0,0,-115000,0,0,0,0,115000,-115000,-115000
046275,台表科凱基94購01,0,0,0,0,0,0,0,0,0,-115000,0,0,0,0,115000,-115000,-115000
052359,百和永豐95購01  ,0,0,0,0,0,0,0,0,0,-115000,0,0,0,0,115000,-115000,-115000
052516,臺股指凱基95購20,0,0,0,0,0,0,0,0,0,-115000,0,0,0,0,115000,-115000,-115000
054254,晶豪科元大96購02,0,0,0,0,0,0,0,0,0,-115000,0,0,0,28000,143000,-115000,-115000
055161,貿聯元大98購03  ,0,0,0,0,0,0,0,0,0,-115000,0,0,0,46000,161000,-115000,-115000
06419P,國巨統一97售09  ,0,0,0,0,0,0,0,0,0,-115000,0,0,0,5000,120000,-115000,-115000
056660,臺股指元大9A購07,0,0,0,0,0,0,0,0,0,-116000,0,0,0,0,116000,-116000,-116000
051065,台積電國票96購01,0,0,0,0,0,0,0,0,0,-116000,0,0,0,17000,133000,-116000,-116000
049883,台表科永豐94購02,0,0,0,0,0,0,0,0,0,-116000,0,0,0,12000,128000,-116000,-116000
054923,晶技凱基98購01  ,0,0,0,0,0,0,0,0,0,-116000,0,0,0,150000,266000,-116000,-116000
06133P,帆宣元富97售02  ,0,0,0,0,0,0,0,0,0,-116000,0,0,0,0,116000,-116000,-116000
3437,榮創            ,8000,124000,-116000,0,0,0,0,0,0,0,0,0,0,0,0,0,-116000
056247,台郡群益97購01  ,0,0,0,0,0,0,0,0,0,-117000,0,0,0,42000,159000,-117000,-117000
050988,廣達富邦95購01  ,0,0,0,0,0,0,0,0,0,-117000,0,0,0,120000,237000,-117000,-117000
048732,台勝科麥證95購01,0,0,0,0,117000,-117000,0,0,0,-117000,0,0,0,0,117000,-117000,-117000
049509,台達電凱基94購07,0,0,0,0,0,0,0,0,0,-117000,0,0,0,0,117000,-117000,-117000
049770,康控元富95購01  ,0,0,0,0,0,0,0,0,0,-117000,0,0,0,98000,215000,-117000,-117000
054580,樺漢元大98購01  ,0,0,0,0,0,0,0,0,0,-117000,0,0,0,10000,127000,-117000,-117000
055504,貿聯元大98購04  ,0,0,0,0,0,0,0,0,0,-118000,0,0,0,0,118000,-118000,-118000
056901,華新科元大98購03,0,0,0,0,0,0,0,0,0,-118000,0,0,0,10000,128000,-118000,-118000
05872P,大立光凱基96售15,0,0,0,0,0,0,0,0,0,-118000,0,0,0,14000,132000,-118000,-118000
04032P,聯茂凱基94售02  ,0,0,0,0,0,0,0,0,0,-118000,0,0,0,0,118000,-118000,-118000
050378,上証2X群益98購02,0,0,0,0,0,0,0,0,0,-118000,0,0,0,0,118000,-118000,-118000
054820,新日興元大97購01,0,0,0,0,0,0,0,0,0,-118000,0,0,0,226000,344000,-118000,-118000
053844,GIS統一96購01   ,0,0,0,0,0,0,0,0,0,-118000,0,0,0,0,118000,-118000,-118000
052991,台積電台新96購01,0,0,0,0,0,0,0,0,0,-118000,0,0,0,0,118000,-118000,-118000
1108,幸福            ,0,118000,-118000,0,0,0,0,0,0,0,0,0,0,0,0,0,-118000
06093P,華通元富97售03  ,0,0,0,0,0,0,0,0,0,-119000,0,0,0,0,119000,-119000,-119000
057466,泰鼎永豐98購01  ,0,0,0,0,0,0,0,0,0,-119000,0,0,0,27000,146000,-119000,-119000
055935,創意群益97購02  ,0,0,0,0,0,0,0,0,0,-119000,0,0,0,10000,129000,-119000,-119000
051928,大立光中信96購03,0,0,0,0,0,0,0,0,0,-119000,0,0,0,60000,179000,-119000,-119000
051429,智邦元富95購01  ,0,0,0,0,0,0,0,0,0,-119000,0,0,0,164000,283000,-119000,-119000
053175,矽力群益96購01  ,0,0,0,0,0,0,0,0,0,-119000,0,0,0,33000,152000,-119000,-119000
053361,友達元富99購01  ,0,0,0,0,0,0,0,0,0,-119000,0,0,0,22000,141000,-119000,-119000
055007,晶相光元富9A購02,0,0,0,0,0,0,0,0,0,-119000,0,0,0,359000,478000,-119000,-119000
055164,矽創元大98購01  ,0,0,0,0,0,0,0,0,0,-119000,0,0,0,83000,202000,-119000,-119000
056043,力成凱基97購01  ,0,0,0,0,0,0,0,0,0,-120000,0,0,0,0,120000,-120000,-120000
05630P,大立光永昌96售06,0,0,0,0,0,0,0,0,0,-120000,0,0,0,108000,228000,-120000,-120000
056466,臺股指凱基99購08,0,0,0,0,0,0,0,0,0,-120000,0,0,0,0,120000,-120000,-120000
057043,台積電元大99購02,0,0,0,0,0,0,0,0,0,-120000,0,0,0,390000,510000,-120000,-120000
047418,智邦富邦97購01  ,0,0,0,0,0,0,0,0,0,-120000,0,0,0,99000,219000,-120000,-120000
04842P,群創元大96售02  ,0,0,0,0,0,0,0,0,0,-120000,0,0,0,0,120000,-120000,-120000
050565,矽格元富94購01  ,0,0,0,0,0,0,0,0,0,-120000,0,0,0,0,120000,-120000,-120000
049638,A50反1凱基94購01,0,0,0,0,0,0,0,0,0,-120000,0,0,0,0,120000,-120000,-120000
05160P,國巨國票96售03  ,0,0,0,0,0,0,0,0,0,-120000,0,0,0,0,120000,-120000,-120000
052523,奇力新元大97購01,0,0,0,0,0,0,0,0,0,-120000,0,0,0,92000,212000,-120000,-120000
055126,嘉澤兆豐97購01  ,0,0,0,0,0,0,0,0,0,-120000,0,0,0,178000,298000,-120000,-120000
055116,康控凱基98購01  ,0,0,0,0,0,0,0,0,0,-120000,0,0,0,30000,150000,-120000,-120000
054509,上証反元大99購01,0,0,0,0,0,0,0,0,0,-120000,0,0,0,23000,143000,-120000,-120000
053803,聯發科凱基96購18,0,0,0,0,0,0,0,0,0,-120000,0,0,0,0,120000,-120000,-120000
053736,友達麥證96購01  ,0,0,0,99000,200000,-101000,0,0,0,-120000,0,0,0,99000,219000,-120000,-120000
052605,聯發科元大96購06,0,0,0,0,0,0,0,0,0,-120000,0,0,0,0,120000,-120000,-120000
052610,貿聯元大97購01  ,0,0,0,0,0,0,0,0,0,-120000,0,0,0,0,120000,-120000,-120000
06655P,TPK元大98售02   ,0,0,0,0,0,0,0,0,0,-120000,0,0,0,0,120000,-120000,-120000
06540P,聯發科凱基98售13,0,0,0,0,0,0,0,0,0,-120000,0,0,0,0,120000,-120000,-120000
057140,宏達電兆豐98購01,0,0,0,0,0,0,0,0,0,-121000,0,0,0,16000,137000,-121000,-121000
057154,易華電國泰99購01,0,0,0,0,0,0,0,0,0,-121000,0,0,0,19000,140000,-121000,-121000
056743,貿聯凱基98購04  ,0,0,0,0,0,0,0,0,0,-121000,0,0,0,69000,190000,-121000,-121000
055972,GIS元大97購04   ,0,0,0,0,0,0,0,0,0,-121000,0,0,0,0,121000,-121000,-121000
05596P,可成統一96售01  ,0,0,0,0,0,0,0,0,0,-121000,0,0,0,73000,194000,-121000,-121000
055922,台郡凱基98購03  ,0,0,0,0,0,0,0,0,0,-121000,0,0,0,74000,195000,-121000,-121000
04252P,台達電元富93售02,0,0,0,0,0,0,0,0,0,-121000,0,0,0,0,121000,-121000,-121000
048952,川湖康和94購01  ,0,0,0,0,0,0,0,0,0,-121000,0,0,0,0,121000,-121000,-121000
053977,新日興元大96購03,0,0,0,0,0,0,0,0,0,-121000,0,0,0,11000,132000,-121000,-121000
054298,台表科元大97購03,0,0,0,0,0,0,0,0,0,-121000,0,0,0,20000,141000,-121000,-121000
054963,牧德元大97購02  ,0,0,0,0,0,0,0,0,0,-121000,0,0,0,326000,447000,-121000,-121000
054964,智易元大99購01  ,0,0,0,0,0,0,0,0,0,-121000,0,0,0,2000,123000,-121000,-121000
054848,群創兆豐98購01  ,0,0,0,0,0,0,0,0,0,-121000,0,0,0,126000,247000,-121000,-121000
1309,台達化          ,39000,160000,-121000,0,0,0,0,0,0,0,0,0,0,0,0,0,-121000
057356,彩晶統一98購04  ,0,0,0,0,0,0,0,0,0,-122000,0,0,0,0,122000,-122000,-122000
050812,台積電凱基95購01,0,0,0,0,0,0,0,0,0,-122000,0,0,0,0,122000,-122000,-122000
054681,味全永豐97購01  ,0,0,0,0,0,0,0,0,0,-122000,0,0,0,134000,256000,-122000,-122000
053801,台積電凱基96購18,0,0,0,0,0,0,0,0,0,-122000,0,0,0,68000,190000,-122000,-122000
052919,鈺齊富邦98購01  ,0,0,0,0,0,0,0,0,0,-122000,0,0,0,0,122000,-122000,-122000
06463P,大立光富邦9A售01,0,0,0,0,0,0,0,0,0,-122000,0,0,0,10000,132000,-122000,-122000
020008,元大特股高息N   ,0,0,0,0,0,0,0,0,0,-123000,0,0,0,137000,260000,-123000,-123000
04941P,台達電台新94售02,0,0,0,0,0,0,0,0,0,-123000,0,0,0,0,123000,-123000,-123000
052387,台積電群益95購08,0,0,0,0,0,0,0,0,0,-123000,0,0,0,488000,611000,-123000,-123000
052925,日電貿永豐96購01,0,0,0,0,0,0,0,0,0,-123000,0,0,0,12000,135000,-123000,-123000
053245,全新國票97購01  ,0,0,0,0,0,0,0,0,0,-123000,0,0,0,50000,173000,-123000,-123000
053599,崇越元大96購01  ,0,0,0,0,0,0,0,0,0,-123000,0,0,0,0,123000,-123000,-123000
06169P,華新科元富97售02,0,0,0,0,0,0,0,0,0,-123000,0,0,0,6000,129000,-123000,-123000
056512,易華電永豐98購01,0,0,0,0,0,0,0,0,0,-124000,0,0,0,22000,146000,-124000,-124000
03481P,欣興群益02售08  ,0,0,0,0,0,0,0,0,0,-124000,0,0,0,0,124000,-124000,-124000
04625P,燿華元大94售03  ,0,0,0,0,0,0,0,0,0,-124000,0,0,0,0,124000,-124000,-124000
057409,台虹群益98購02  ,0,0,0,0,0,0,0,0,0,-125000,0,0,0,0,125000,-125000,-125000
04484P,台積電凱基94售09,0,0,0,0,0,0,0,0,0,-125000,0,0,0,0,125000,-125000,-125000
050951,緯創群益96購01  ,0,0,0,0,0,0,0,0,0,-125000,0,0,0,0,125000,-125000,-125000
055156,華新科元大99購02,0,0,0,0,0,0,0,0,0,-125000,0,0,0,60000,185000,-125000,-125000
06594P,立積元大98售01  ,0,0,0,0,0,0,0,0,0,-125000,0,0,0,191000,316000,-125000,-125000
056201,華新科永豐98購01,0,0,0,0,0,0,0,0,0,-126000,0,0,0,0,126000,-126000,-126000
053585,友達元大9C購03  ,0,0,0,0,0,0,0,0,0,-126000,0,0,0,213000,339000,-126000,-126000
053454,創意統一96購02  ,0,0,0,0,0,0,0,0,0,-126000,0,0,0,85000,211000,-126000,-126000
052878,台虹凱基96購01  ,0,0,0,0,0,0,0,0,0,-126000,0,0,0,45000,171000,-126000,-126000
056848,泰鼎元富98購01  ,0,0,0,0,0,0,0,0,0,-127000,0,0,0,191000,318000,-127000,-127000
056696,茂林群益98購02  ,0,0,0,0,0,0,0,0,0,-127000,0,0,0,176000,303000,-127000,-127000
051237,鴻海元大97購01  ,0,0,0,0,0,0,0,0,0,-127000,0,0,0,610000,737000,-127000,-127000
04898P,瑞儀中信95售01  ,0,0,0,0,0,0,0,0,0,-127000,0,0,0,171000,298000,-127000,-127000
055089,金寶群益98購01  ,0,0,0,0,0,0,0,0,0,-127000,0,0,0,212000,339000,-127000,-127000
06513P,鴻海凱基98售10  ,0,0,0,0,0,0,0,0,0,-127000,0,0,0,0,127000,-127000,-127000
057294,台灣50永豐99購01,0,0,0,0,0,0,0,0,0,-128000,0,0,0,121000,249000,-128000,-128000
055660,台光電兆豐97購01,0,0,0,0,0,0,0,0,0,-128000,0,0,0,22000,150000,-128000,-128000
055585,國巨元大98購08  ,0,0,0,0,0,0,0,0,0,-128000,0,0,0,68000,196000,-128000,-128000
05545P,台表科國泰98售01,0,0,0,0,0,0,0,0,0,-128000,0,0,0,54000,182000,-128000,-128000
049976,台積電凱基94購28,0,0,0,0,0,0,0,0,0,-128000,0,0,0,0,128000,-128000,-128000
054061,晶技國票97購03  ,0,0,0,0,0,0,0,0,0,-128000,0,0,0,0,128000,-128000,-128000
06640P,國巨兆豐99售02  ,0,0,0,0,0,0,0,0,0,-128000,0,0,0,0,128000,-128000,-128000
05996P,華新科群益96售03,0,0,0,0,0,0,0,0,0,-129000,0,0,0,24000,153000,-129000,-129000
06030P,友達兆豐96售02  ,0,0,0,0,0,0,0,0,0,-129000,0,0,0,181000,310000,-129000,-129000
050261,國巨元大95購04  ,0,0,0,0,0,0,0,0,0,-129000,0,0,0,1000,130000,-129000,-129000
052796,和碩兆豐96購01  ,0,0,0,0,0,0,0,0,0,-129000,0,0,0,172000,301000,-129000,-129000
2207,和泰車          ,95000,204000,-109000,0,0,0,5000,30000,-25000,5000,11000,6000,5000,0,0,0,-129000
056961,凱美永豐98購01  ,0,0,0,0,0,0,0,0,0,-130000,0,0,0,0,130000,-130000,-130000
056482,貿聯元大99購01  ,0,0,0,0,0,0,0,0,0,-130000,0,0,0,18000,148000,-130000,-130000
051362,台郡元大95購04  ,0,0,0,0,0,0,0,0,0,-130000,0,0,0,1000,131000,-130000,-130000
045514,南茂凱基93購01  ,0,0,0,0,0,0,0,0,0,-130000,0,0,0,0,130000,-130000,-130000
04220P,聯發科兆豐93售04,0,0,0,0,0,0,0,0,0,-130000,0,0,0,0,130000,-130000,-130000
051715,和碩台新95購01  ,0,0,0,0,0,0,0,0,0,-130000,0,0,0,0,130000,-130000,-130000
052534,貿聯國泰96購02  ,0,0,0,0,0,0,0,0,0,-130000,0,0,0,10000,140000,-130000,-130000
052140,鈺齊凱基95購02  ,0,0,0,0,0,0,0,0,0,-130000,0,0,0,0,130000,-130000,-130000
051124,創意群益95購01  ,0,0,0,0,0,0,0,0,0,-130000,0,0,0,0,130000,-130000,-130000
053897,台郡群益96購01  ,0,0,0,0,0,0,0,0,0,-130000,0,0,0,14000,144000,-130000,-130000
053878,台表科亞東96購01,0,0,0,0,0,0,0,0,0,-130000,0,0,0,48000,178000,-130000,-130000
054009,欣興元富96購03  ,0,0,0,0,0,0,0,0,0,-130000,0,0,0,20000,150000,-130000,-130000
054158,國巨日盛99購01  ,0,0,0,0,0,0,0,0,0,-130000,0,0,0,3247000,3377000,-130000,-130000
054155,美律第一96購01  ,0,0,0,0,0,0,0,0,0,-130000,0,0,0,0,130000,-130000,-130000
055253,大立光統一97購06,0,0,0,0,0,0,0,0,0,-130000,0,0,0,130000,260000,-130000,-130000
054981,國巨元富97購02  ,0,0,0,0,0,0,0,0,0,-130000,0,0,0,152000,282000,-130000,-130000
2010,春源            ,1000,131000,-130000,0,0,0,0,0,0,0,0,0,0,0,0,0,-130000
8163,達方            ,421000,529000,-108000,0,0,0,1000,0,1000,-23000,20000,55000,-35000,17000,5000,12000,-130000
055891,鴻海統一9A購01  ,0,0,0,0,0,0,0,0,0,-131000,0,0,0,570000,701000,-131000,-131000
047010,聯詠統一93購05  ,0,0,0,0,0,0,0,0,0,-131000,0,0,0,0,131000,-131000,-131000
05381P,聯詠群益95售02  ,0,0,0,0,0,0,0,0,0,-131000,0,0,0,0,131000,-131000,-131000
052650,台郡永豐96購01  ,0,0,0,0,0,0,0,0,0,-131000,0,0,0,37000,168000,-131000,-131000
2404,漢唐            ,177000,255000,-78000,0,0,0,0,0,0,-53000,2000,32000,-30000,3000,26000,-23000,-131000
2615,萬海            ,345000,304000,41000,0,0,0,12000,148000,-136000,-36000,0,36000,-36000,0,0,0,-131000
06671P,台積電群益98售04,0,0,0,0,0,0,0,0,0,-131000,0,0,0,60000,191000,-131000,-131000
055931,冠德群益97購02  ,0,0,0,0,0,0,0,0,0,-132000,0,0,0,98000,230000,-132000,-132000
04176P,台達電元大94售01,0,0,0,0,0,0,0,0,0,-132000,0,0,0,0,132000,-132000,-132000
048677,智伸科國泰94購01,0,0,0,0,0,0,0,0,0,-132000,0,0,0,0,132000,-132000,-132000
049372,華新科元大95購04,0,0,0,0,0,0,0,0,0,-132000,0,0,0,90000,222000,-132000,-132000
5522,遠雄            ,127000,226000,-99000,0,0,0,0,0,0,-33000,15000,48000,-33000,0,0,0,-132000
8016,矽創            ,277000,391000,-114000,0,0,0,0,0,0,-18000,0,0,0,1000,19000,-18000,-132000
05980P,台積電永昌96售09,0,0,0,0,0,0,0,0,0,-133000,0,0,0,2534000,2667000,-133000,-133000
057355,彩晶統一98購03  ,0,0,0,0,0,0,0,0,0,-133000,0,0,0,0,133000,-133000,-133000
046727,新光金元大93購03,0,0,0,0,0,0,0,0,0,-133000,0,0,0,0,133000,-133000,-133000
2368,金像電          ,2719000,2695000,24000,0,0,0,0,0,0,-157000,385000,542000,-157000,0,0,0,-133000
00830,國泰費城半導體  ,1111,38000,-36889,0,0,0,0,0,0,-97000,0,0,0,284000,381000,-97000,-133889
053584,友達元大9B購02  ,0,0,0,0,0,0,0,0,0,-134000,0,0,0,359000,493000,-134000,-134000
05402P,台郡永豐95售02  ,0,0,0,0,0,0,0,0,0,-134000,0,0,0,41000,175000,-134000,-134000
054621,華新科兆豐98購01,0,0,0,0,0,0,0,0,0,-134000,0,0,0,185000,319000,-134000,-134000
05834P,臺股指元富96售06,0,0,0,0,0,0,0,0,0,-135000,0,0,0,30000,165000,-135000,-135000
055738,玉山金元富97購01,0,0,0,0,0,0,0,0,0,-135000,0,0,0,3000,138000,-135000,-135000
050087,美食台新94購01  ,0,0,0,0,0,0,0,0,0,-135000,0,0,0,0,135000,-135000,-135000
051665,台積電元大96購07,0,0,0,0,0,0,0,0,0,-135000,0,0,0,136000,271000,-135000,-135000
053418,旺宏永豐96購02  ,0,0,0,0,0,0,0,0,0,-135000,0,0,0,0,135000,-135000,-135000
053834,卜蜂永豐96購01  ,0,0,0,0,0,0,0,0,0,-135000,0,0,0,88000,223000,-135000,-135000
057025,華新科凱基98購04,0,0,0,0,0,0,0,0,0,-136000,0,0,0,80000,216000,-136000,-136000
056789,和碩群益98購01  ,0,0,0,0,0,0,0,0,0,-136000,0,0,0,0,136000,-136000,-136000
050003,景碩永豐94購01  ,0,0,0,0,0,0,0,0,0,-136000,0,0,0,41000,177000,-136000,-136000
049560,香港反統一95購01,0,0,0,0,0,0,0,0,0,-136000,0,0,0,0,136000,-136000,-136000
049922,禾伸堂元大95購01,0,0,0,0,0,0,0,0,0,-136000,0,0,0,212000,348000,-136000,-136000
051255,康控元大96購04  ,0,0,0,0,0,0,0,0,0,-136000,0,0,0,68000,204000,-136000,-136000
053944,亞泥富邦97購01  ,0,0,0,0,0,0,0,0,0,-136000,0,0,0,10000,146000,-136000,-136000
053449,超眾凱基98購01  ,0,0,0,0,0,0,0,0,0,-136000,0,0,0,24000,160000,-136000,-136000
052964,台表科凱基96購03,0,0,0,0,0,0,0,0,0,-136000,0,0,0,42000,178000,-136000,-136000
055262,台虹國泰98購01  ,0,0,0,0,0,0,0,0,0,-136000,0,0,0,10000,146000,-136000,-136000
6202,盛群            ,91000,227600,-136600,0,0,0,0,0,0,0,0,0,0,0,0,0,-136600
057391,樺漢永豐98購01  ,0,0,0,0,0,0,0,0,0,-137000,0,0,0,0,137000,-137000,-137000
055494,華新科元大98購01,0,0,0,0,0,0,0,0,0,-137000,0,0,0,82000,219000,-137000,-137000
056052,T50反1元大97購06,0,0,0,0,0,0,0,0,0,-137000,0,0,0,1925000,2062000,-137000,-137000
05227P,大立光統一95售04,0,0,0,0,0,0,0,0,0,-137000,0,0,0,0,137000,-137000,-137000
055271,鴻海元大98購03  ,0,0,0,0,0,0,0,0,0,-137000,0,0,0,319000,456000,-137000,-137000
055222,臺股指凱基97購05,0,0,0,0,0,0,0,0,0,-137000,0,0,0,0,137000,-137000,-137000
053850,嘉澤元富96購03  ,0,0,0,0,0,0,0,0,0,-137000,0,0,0,50000,187000,-137000,-137000
055396,瑞儀統一97購01  ,0,0,0,0,0,0,0,0,0,-138000,0,0,0,0,138000,-138000,-138000
055355,大立光凱基97購05,0,0,0,0,0,0,0,0,0,-138000,0,0,0,50000,188000,-138000,-138000
04554P,可成中信94售01  ,0,0,0,0,0,0,0,0,0,-138000,0,0,0,49000,187000,-138000,-138000
044966,台表科中信94購01,0,0,0,0,0,0,0,0,0,-138000,0,0,0,49000,187000,-138000,-138000
052530,台郡元大96購04  ,0,0,0,0,0,0,0,0,0,-138000,0,0,0,31000,169000,-138000,-138000
050839,楠梓電國票96購01,0,0,0,0,0,0,0,0,0,-138000,0,0,0,60000,198000,-138000,-138000
052593,台積電群益96購02,0,0,0,0,0,0,0,0,0,-138000,0,0,0,23000,161000,-138000,-138000
05561P,大立光兆豐96售02,0,0,0,0,0,0,0,0,0,-139000,0,0,0,0,139000,-139000,-139000
057470,易華電永豐98購02,0,0,0,0,0,0,0,0,0,-139000,0,0,0,0,139000,-139000,-139000
056858,國巨群益99購03  ,0,0,0,0,0,0,0,0,0,-139000,0,0,0,16000,155000,-139000,-139000
053602,台虹元大96購01  ,0,0,0,0,0,0,0,0,0,-139000,0,0,0,129000,268000,-139000,-139000
06203P,奇力新中信98售02,0,0,0,0,0,0,0,0,0,-139000,0,0,0,0,139000,-139000,-139000
5469,瀚宇博          ,343000,517922,-174922,0,0,0,0,0,0,35000,0,4000,-4000,48000,9000,39000,-139922
06033P,可成凱基96售09  ,0,0,0,0,0,0,0,0,0,-140000,0,0,0,0,140000,-140000,-140000
04742P,瑞昱統一94售01  ,0,0,0,0,0,0,0,0,0,-140000,0,0,0,5000,145000,-140000,-140000
04198P,滬深2X群益95售04,0,0,0,0,0,0,0,0,0,-140000,0,0,0,15000,155000,-140000,-140000
048254,深中小統一93購01,0,0,0,0,0,0,0,0,0,-140000,0,0,0,0,140000,-140000,-140000
051344,鴻海元大95購08  ,0,0,0,0,0,0,0,0,0,-140000,0,0,0,801000,941000,-140000,-140000
051097,嘉聯益元大96購02,0,0,0,0,0,0,0,0,0,-140000,0,0,0,0,140000,-140000,-140000
051098,矽格元大95購01  ,0,0,0,0,0,0,0,0,0,-140000,0,0,0,2000,142000,-140000,-140000
049206,大立光群益94購04,0,0,0,0,0,0,0,0,0,-140000,0,0,0,10000,150000,-140000,-140000
053016,鈺齊統一96購01  ,0,0,0,0,0,0,0,0,0,-140000,0,0,0,0,140000,-140000,-140000
054947,興勤元大97購01  ,0,0,0,0,0,0,0,0,0,-140000,0,0,0,60000,200000,-140000,-140000
06118P,上証2X凱基98售03,0,0,0,0,0,0,0,0,0,-141000,0,0,0,202000,343000,-141000,-141000
050611,鴻海元大95購02  ,0,0,0,0,0,0,0,0,0,-141000,0,0,0,453000,594000,-141000,-141000
053647,臺股指國票96購10,0,0,0,0,0,0,0,0,0,-141000,0,0,0,20000,161000,-141000,-141000
3563,牧德            ,262000,300000,-38000,0,0,0,0,12000,-12000,-91000,22000,105000,-83000,5000,13000,-8000,-141000
055491,奇力新元大98購03,0,0,0,0,0,0,0,0,0,-143000,0,0,0,0,143000,-143000,-143000
055668,欣興群益97購01  ,0,0,0,0,0,0,0,0,0,-143000,0,0,0,3000,146000,-143000,-143000
044025,台表科凱基93購02,0,0,0,0,0,0,0,0,0,-143000,0,0,0,40000,183000,-143000,-143000
054387,台積電統一98購02,0,0,0,0,0,0,0,0,0,-143000,0,0,0,0,143000,-143000,-143000
055739,健鼎元富97購01  ,0,0,0,0,0,0,0,0,0,-144000,0,0,0,0,144000,-144000,-144000
057018,亞德客凱基98購01,0,0,0,0,0,0,0,0,0,-144000,0,0,0,110000,254000,-144000,-144000
052363,廣達國票96購01  ,0,0,0,0,0,0,0,0,0,-144000,0,0,0,240000,384000,-144000,-144000
050220,台積電元富96購01,0,0,0,0,0,0,0,0,0,-144000,0,0,0,142000,286000,-144000,-144000
054000,訊芯群益96購02  ,0,0,0,0,0,0,0,0,0,-144000,0,0,0,0,144000,-144000,-144000
057021,台積電凱基9A購02,0,0,0,0,0,0,0,0,0,-145000,0,0,0,0,145000,-145000,-145000
055706,大立光永豐97購03,0,0,0,0,0,0,0,0,0,-145000,0,0,0,0,145000,-145000,-145000
04542P,致伸永豐94售01  ,0,0,0,0,0,0,0,0,0,-145000,0,0,0,45000,190000,-145000,-145000
050125,中環凱基94購01  ,0,0,0,0,0,0,0,0,0,-145000,0,0,0,0,145000,-145000,-145000
6715,嘉基            ,16000,106000,-90000,0,0,0,0,0,0,-55782,10000,65782,-55782,0,0,0,-145782
056971,麗豐永豐98購01  ,0,0,0,0,0,0,0,0,0,-146000,0,0,0,128000,274000,-146000,-146000
042168,台灣50凱基96購01,0,0,0,0,0,0,0,0,0,-146000,0,0,0,166000,312000,-146000,-146000
050945,致茂群益95購01  ,0,0,0,0,0,0,0,0,0,-146000,0,0,0,34000,180000,-146000,-146000
055256,日電貿統一99購01,0,0,0,0,0,0,0,0,0,-146000,0,0,0,66000,212000,-146000,-146000
06653P,美食元大98售02  ,0,0,0,0,0,0,0,0,0,-146000,0,0,0,0,146000,-146000,-146000
055723,康控元大97購04  ,0,0,0,0,0,0,0,0,0,-147000,0,0,0,175000,322000,-147000,-147000
044995,大立光國泰94購01,0,0,0,0,0,0,0,0,0,-147000,0,0,0,0,147000,-147000,-147000
054959,禾伸堂元大98購01,0,0,0,0,0,0,0,0,0,-147000,0,0,0,43000,190000,-147000,-147000
053623,臺股指群益96購09,0,0,0,0,0,0,0,0,0,-147000,0,0,0,22000,169000,-147000,-147000
055978,大立光統一98購05,0,0,0,0,0,0,0,0,0,-148000,0,0,0,30000,178000,-148000,-148000
051213,華新科統一95購01,0,0,0,0,0,0,0,0,0,-148000,0,0,0,49000,197000,-148000,-148000
048268,長榮航中信95購01,0,0,0,0,0,0,0,0,0,-148000,0,0,0,0,148000,-148000,-148000
051576,台積電元大97購02,0,0,0,0,0,0,0,0,0,-148000,0,0,0,362000,510000,-148000,-148000
052912,日月光統一96購01,0,0,0,0,0,0,0,0,0,-148000,0,0,0,28000,176000,-148000,-148000
052956,聯發科日盛96購01,0,0,0,0,0,0,0,0,0,-148000,0,0,0,35000,183000,-148000,-148000
054858,台肥群益97購01  ,0,0,0,0,0,0,0,0,0,-148000,0,0,0,0,148000,-148000,-148000
05540P,亞德客凱基96售01,0,0,0,0,0,0,0,0,0,-149000,0,0,0,336000,485000,-149000,-149000
044963,台積電中信96購01,0,0,0,0,0,0,0,0,0,-149000,0,0,0,12000,161000,-149000,-149000
051703,台積電群益95購04,0,0,0,0,0,0,0,0,0,-149000,0,0,0,164000,313000,-149000,-149000
054715,中橡康和97購01  ,0,0,0,0,0,0,0,0,0,-149000,0,0,0,281000,430000,-149000,-149000
055150,台積電元大98購04,0,0,0,0,0,0,0,0,0,-149000,0,0,0,745000,894000,-149000,-149000
055726,台表科元大98購03,0,0,0,0,0,0,0,0,0,-150000,0,0,0,55000,205000,-150000,-150000
056572,義隆元大99購01  ,0,0,0,0,0,0,0,0,0,-150000,0,0,0,0,150000,-150000,-150000
06094P,台達電中信97售01,0,0,0,0,0,0,0,0,0,-150000,0,0,0,10000,160000,-150000,-150000
06080P,景碩群益98售02  ,0,0,0,0,0,0,0,0,0,-150000,0,0,0,25000,175000,-150000,-150000
057309,南茂兆豐99購01  ,0,0,0,0,0,0,0,0,0,-150000,0,0,0,23000,173000,-150000,-150000
044759,新日興凱基93購01,0,0,0,0,0,0,0,0,0,-150000,0,0,0,31000,181000,-150000,-150000
049187,義隆台新94購01  ,0,0,0,0,0,0,0,0,0,-150000,0,0,0,0,150000,-150000,-150000
051913,緯創元大96購01  ,0,0,0,0,0,0,0,0,0,-150000,0,0,0,70000,220000,-150000,-150000
049453,新日興統一94購01,0,0,0,0,0,0,0,0,0,-150000,0,0,0,0,150000,-150000,-150000
05070P,鴻海統一96售04  ,0,0,0,0,0,0,0,0,0,-150000,0,0,0,0,150000,-150000,-150000
049283,滬深2X中信95購10,0,0,0,0,0,0,0,0,0,-150000,0,0,0,0,150000,-150000,-150000
050662,智易元大96購01  ,0,0,0,0,0,0,0,0,0,-150000,0,0,0,0,150000,-150000,-150000
051975,美食凱基95購02  ,0,0,0,0,0,0,0,0,0,-150000,0,0,0,0,150000,-150000,-150000
052070,GIS兆豐95購03   ,0,0,0,0,0,0,0,0,0,-150000,0,0,0,0,150000,-150000,-150000
049739,大立光群益94購05,0,0,0,0,0,0,0,0,0,-150000,0,0,0,0,150000,-150000,-150000
051114,鈺齊中信95購01  ,0,0,0,0,0,0,0,0,0,-150000,0,0,0,100000,250000,-150000,-150000
049670,鈺齊國泰96購01  ,0,0,0,0,0,0,0,0,0,-150000,0,0,0,40000,190000,-150000,-150000
05497P,聯詠統一96售01  ,0,0,0,0,0,0,0,0,0,-150000,0,0,0,10000,160000,-150000,-150000
054898,台肥康和97購01  ,0,0,0,0,0,0,0,0,0,-150000,0,0,0,0,150000,-150000,-150000
054030,台苯中信98購01  ,0,0,0,0,0,0,0,0,0,-150000,0,0,0,0,150000,-150000,-150000
052921,大成鋼永豐96購01,0,0,0,0,0,0,0,0,0,-150000,0,0,0,0,150000,-150000,-150000
052691,GIS元大96購01   ,0,0,0,0,0,0,0,0,0,-150000,0,0,0,0,150000,-150000,-150000
053200,華邦電日盛96購01,0,0,0,0,0,0,0,0,0,-150000,0,0,0,100000,250000,-150000,-150000
053617,宏達電群益96購02,0,0,0,0,0,0,0,0,0,-150000,0,0,0,0,150000,-150000,-150000
06613P,華新科富邦9A售03,0,0,0,0,0,0,0,0,0,-150000,0,0,0,71000,221000,-150000,-150000
05866P,致伸元大96售01  ,0,0,0,0,0,0,0,0,0,-151000,0,0,0,90000,241000,-151000,-151000
056719,台虹永豐98購01  ,0,0,0,0,0,0,0,0,0,-151000,0,0,0,10000,161000,-151000,-151000
055778,美食凱基97購01  ,0,0,0,0,0,0,0,0,0,-151000,0,0,0,44000,195000,-151000,-151000
05587P,鴻海凱基96售12  ,0,0,0,0,0,0,0,0,0,-151000,0,0,0,150000,301000,-151000,-151000
056061,國泰金元大97購02,0,0,0,0,0,0,0,0,0,-151000,0,0,0,0,151000,-151000,-151000
00753L,中信中國50正2   ,0,0,0,0,0,0,0,0,0,-151000,0,0,0,262000,413000,-151000,-151000
050956,鈺齊群益95購01  ,0,0,0,0,0,0,0,0,0,-151000,0,0,0,55000,206000,-151000,-151000
053008,達方永豐96購01  ,0,0,0,0,0,0,0,0,0,-151000,0,0,0,0,151000,-151000,-151000
056595,台積電元富98購04,0,0,0,0,0,0,0,0,0,-152000,0,0,0,23000,175000,-152000,-152000
042093,台灣50群益94購02,0,0,0,0,0,0,0,0,0,-152000,0,0,0,60000,212000,-152000,-152000
054843,中環兆豐97購01  ,0,0,0,0,0,0,0,0,0,-152000,0,0,0,91000,243000,-152000,-152000
05712P,友達統一97售03  ,0,0,0,0,0,0,0,0,0,-153000,0,0,0,0,153000,-153000,-153000
03651C,臺股指凱基97牛17,0,0,0,0,0,0,0,0,0,-153000,0,0,0,75000,228000,-153000,-153000
03177P,國巨群益01售12  ,0,0,0,0,0,0,0,0,0,-153000,0,0,0,52000,205000,-153000,-153000
044965,大立光中信95購01,0,0,0,0,0,0,0,0,0,-153000,0,0,0,101000,254000,-153000,-153000
06330P,南亞科群益97售03,0,0,0,0,0,0,0,0,0,-153000,0,0,0,22000,175000,-153000,-153000
4943,康控-KY         ,342000,527000,-185000,0,0,0,10000,0,10000,22000,0,22000,-22000,82000,38000,44000,-153000
3006,晶豪科          ,212000,353000,-141000,0,0,0,0,0,0,-12000,4000,8000,-4000,50000,58000,-8000,-153000
046066,長榮航凱基94購01,0,0,0,0,0,0,0,0,0,-154000,0,0,0,50000,204000,-154000,-154000
04162P,南亞科統一94售02,0,0,0,0,0,0,0,0,0,-154000,0,0,0,161000,315000,-154000,-154000
049766,滬深2X元富94購02,0,0,0,0,0,0,0,0,0,-154000,0,0,0,1151000,1305000,-154000,-154000
049574,新日興統一94購03,0,0,0,0,0,0,0,0,0,-154000,0,0,0,0,154000,-154000,-154000
049346,新光金統一95購01,0,0,0,0,0,0,0,0,0,-154000,0,0,0,0,154000,-154000,-154000
056086,奇力新統一98購01,0,0,0,0,0,0,0,0,0,-155000,0,0,0,229000,384000,-155000,-155000
047266,嘉聯益國票94購02,0,0,0,0,0,0,0,0,0,-155000,0,0,0,0,155000,-155000,-155000
046668,嘉澤元大93購01  ,0,0,0,0,0,0,0,0,0,-155000,0,0,0,48000,203000,-155000,-155000
048889,牧德元富94購03  ,0,0,0,0,0,0,0,0,0,-155000,0,0,0,1000,156000,-155000,-155000
050459,台表科元大94購03,0,0,0,0,0,0,0,0,0,-155000,0,0,0,23000,178000,-155000,-155000
05015P,臺股指元大95售06,0,0,0,0,0,0,0,0,0,-155000,0,0,0,119000,274000,-155000,-155000
054996,聯陽元富97購01  ,0,0,0,0,0,0,0,0,0,-155000,0,0,0,0,155000,-155000,-155000
052655,群創統一97購01  ,0,0,0,0,0,0,0,0,0,-155000,0,0,0,201000,356000,-155000,-155000
06331P,南亞科群益97售04,0,0,0,0,0,0,0,0,0,-155000,0,0,0,12000,167000,-155000,-155000
051033,台積電兆豐95購03,0,0,0,0,0,0,0,0,0,-156000,0,0,0,963000,1119000,-156000,-156000
00653L,富邦印度正2     ,0,31000,-31000,0,0,0,0,0,0,-125000,0,0,0,1000,126000,-125000,-156000
04410P,大立光統一94售05,0,0,0,0,0,0,0,0,0,-156000,0,0,0,116000,272000,-156000,-156000
053153,大立光元大99購02,0,0,0,0,0,0,0,0,0,-156000,0,0,0,50000,206000,-156000,-156000
06263P,燿華凱基97售04  ,0,0,0,0,0,0,0,0,0,-156000,0,0,0,0,156000,-156000,-156000
056542,緯創凱基98購01  ,0,0,0,0,0,0,0,0,0,-157000,0,0,0,37000,194000,-157000,-157000
057420,美食凱基98購01  ,0,0,0,0,0,0,0,0,0,-157000,0,0,0,0,157000,-157000,-157000
048848,滬深2X群益98購02,0,0,0,0,0,0,0,0,0,-157000,0,0,0,68000,225000,-157000,-157000
051258,鈺齊國泰97購01  ,0,0,0,0,0,0,0,0,0,-157000,0,0,0,0,157000,-157000,-157000
054371,台積電中信9C購01,0,0,0,0,0,0,0,0,0,-157000,0,0,0,170000,327000,-157000,-157000
06660P,大立光富邦9B售03,0,0,0,0,0,0,0,0,0,-157000,0,0,0,0,157000,-157000,-157000
056990,聯發科兆豐98購01,0,0,0,0,0,0,0,0,0,-158000,0,0,0,0,158000,-158000,-158000
056864,新日興群益99購01,0,0,0,0,0,0,0,0,0,-158000,0,0,0,260000,418000,-158000,-158000
056356,台積電元大99購01,0,0,0,0,0,0,0,0,0,-158000,0,0,0,579000,737000,-158000,-158000
055507,樺漢元大98購02  ,0,0,0,0,0,0,0,0,0,-158000,0,0,0,234000,392000,-158000,-158000
047207,晶技國泰94購01  ,0,0,0,0,0,0,0,0,0,-158000,0,0,0,177000,335000,-158000,-158000
04755P,大立光元富94售07,0,0,0,0,0,0,0,0,0,-158000,0,0,0,62000,220000,-158000,-158000
054624,台積電凱基98購03,0,0,0,0,0,0,0,0,0,-158000,0,0,0,31000,189000,-158000,-158000
5388,中磊            ,263000,389000,-126000,0,0,0,0,2000,-2000,-30000,0,2000,-2000,0,28000,-28000,-158000
051657,台郡元富98購01  ,0,0,0,0,0,0,0,0,0,-159000,0,0,0,129000,288000,-159000,-159000
052375,奇力新元大96購02,0,0,0,0,0,0,0,0,0,-159000,0,0,0,94000,253000,-159000,-159000
055149,國巨元大97購06  ,0,0,0,0,0,0,0,0,0,-159000,0,0,0,154000,313000,-159000,-159000
052861,台光電凱基96購03,0,0,0,0,0,0,0,0,0,-159000,0,0,0,31000,190000,-159000,-159000
053948,大立光富邦99購04,0,0,0,0,0,0,0,0,0,-159000,0,0,0,87000,246000,-159000,-159000
055530,聯發科群益98購01,0,0,0,0,0,0,0,0,0,-160000,0,0,0,0,160000,-160000,-160000
056072,群創元大97購01  ,0,0,0,0,0,0,0,0,0,-160000,0,0,0,132000,292000,-160000,-160000
05685P,臺股指元大96售10,0,0,0,0,0,0,0,0,0,-160000,0,0,0,90000,250000,-160000,-160000
051201,台積電麥證95購02,0,0,0,10000,180000,-170000,0,0,0,-160000,0,0,0,20000,180000,-160000,-160000
051322,國泰金國票96購01,0,0,0,0,0,0,0,0,0,-160000,0,0,0,0,160000,-160000,-160000
044496,群創元大93購02  ,0,0,0,0,0,0,0,0,0,-160000,0,0,0,1000,161000,-160000,-160000
044464,滬深2X群益95購01,0,0,0,0,0,0,0,0,0,-160000,0,0,0,50000,210000,-160000,-160000
051293,鴻海元富95購05  ,0,0,0,0,0,0,0,0,0,-160000,0,0,0,0,160000,-160000,-160000
049616,卜蜂群益94購01  ,0,0,0,0,0,0,0,0,0,-160000,0,0,0,0,160000,-160000,-160000
052000,鈺齊元大95購03  ,0,0,0,0,0,0,0,0,0,-160000,0,0,0,0,160000,-160000,-160000
053459,康控國泰97購01  ,0,0,0,0,0,0,0,0,0,-160000,0,0,0,7000,167000,-160000,-160000
05465P,台表科永豐95售03,0,0,0,0,0,0,0,0,0,-160000,0,0,0,0,160000,-160000,-160000
057440,台積電統一98購10,0,0,0,0,0,0,0,0,0,-161000,0,0,0,0,161000,-161000,-161000
047969,台達電富邦97購01,0,0,0,0,0,0,0,0,0,-161000,0,0,0,291000,452000,-161000,-161000
049240,華通元富94購01  ,0,0,0,0,0,0,0,0,0,-161000,0,0,0,123000,284000,-161000,-161000
054477,聯發科中信9C購02,0,0,0,0,0,0,0,0,0,-161000,0,0,0,0,161000,-161000,-161000
056647,晶技凱基98購02  ,0,0,0,0,0,0,0,0,0,-162000,0,0,0,44000,206000,-162000,-162000
055350,聯發科凱基97購02,0,0,0,0,0,0,0,0,0,-163000,0,0,0,0,163000,-163000,-163000
048346,智易元大95購01  ,0,0,0,0,0,0,0,0,0,-163000,0,0,0,7000,170000,-163000,-163000
051600,新日興兆豐96購02,0,0,0,0,0,0,0,0,0,-163000,0,0,0,313000,476000,-163000,-163000
054934,金寶元大97購01  ,0,0,0,0,0,0,0,0,0,-163000,0,0,0,42000,205000,-163000,-163000
053846,友達元富99購02  ,0,0,0,0,0,0,0,0,0,-163000,0,0,0,12000,175000,-163000,-163000
06234P,亞德客元大97售02,0,0,0,0,0,0,0,0,0,-163000,0,0,0,138000,301000,-163000,-163000
055317,金寶國票98購01  ,0,0,0,0,0,0,0,0,0,-164000,0,0,0,99000,263000,-164000,-164000
03412P,滬深2X群益98售01,0,0,0,0,0,0,0,0,0,-164000,0,0,0,71000,235000,-164000,-164000
052914,奇力新元富96購01,0,0,0,0,0,0,0,0,0,-164000,0,0,0,521000,685000,-164000,-164000
054620,南茂永豐97購01  ,0,0,0,0,0,0,0,0,0,-164000,0,0,0,0,164000,-164000,-164000
056463,台虹凱基98購02  ,0,0,0,0,0,0,0,0,0,-165000,0,0,0,53000,218000,-165000,-165000
045308,泰鼎元大93購02  ,0,0,0,0,0,0,0,0,0,-165000,0,0,0,3000,168000,-165000,-165000
049778,宏達電統一94購02,0,0,0,0,0,0,0,0,0,-165000,0,0,0,0,165000,-165000,-165000
053971,聯發科元大97購09,0,0,0,0,0,0,0,0,0,-165000,0,0,0,290000,455000,-165000,-165000
053670,台積電統一96購09,0,0,0,0,0,0,0,0,0,-165000,0,0,0,3000,168000,-165000,-165000
054122,康友永豐96購01  ,0,0,0,0,0,0,0,0,0,-166000,0,0,0,178000,344000,-166000,-166000
06468P,華新科統一98售02,0,0,0,0,0,0,0,0,0,-166000,0,0,0,0,166000,-166000,-166000
9105,泰金寶-DR       ,0,166000,-166000,0,0,0,0,0,0,0,0,0,0,0,0,0,-166000
047212,宏達電富邦97購01,0,0,0,0,0,0,0,0,0,-167000,0,0,0,9000,176000,-167000,-167000
050985,易華電國泰96購02,0,0,0,0,0,0,0,0,0,-167000,0,0,0,4000,171000,-167000,-167000
05245P,台積電元大95售18,0,0,0,0,0,0,0,0,0,-167000,0,0,0,255000,422000,-167000,-167000
055114,新日興凱基98購01,0,0,0,0,0,0,0,0,0,-167000,0,0,0,25000,192000,-167000,-167000
05573P,仁寶元富96售02  ,0,0,0,0,0,0,0,0,0,-168000,0,0,0,32000,200000,-168000,-168000
056918,台積電兆豐98購01,0,0,0,0,0,0,0,0,0,-168000,0,0,0,125000,293000,-168000,-168000
051178,大立光凱基95購10,0,0,0,0,0,0,0,0,0,-168000,0,0,0,0,168000,-168000,-168000
051916,和碩元大95購02  ,0,0,0,0,0,0,0,0,0,-168000,0,0,0,110000,278000,-168000,-168000
05006P,華通元富95售01  ,0,0,0,0,0,0,0,0,0,-168000,0,0,0,60000,228000,-168000,-168000
053155,晶技元大97購02  ,0,0,0,0,0,0,0,0,0,-168000,0,0,0,57000,225000,-168000,-168000
05700P,臻鼎凱基96售02  ,0,0,0,0,0,0,0,0,0,-169000,0,0,0,31000,200000,-169000,-169000
057407,超眾群益99購01  ,0,0,0,0,0,0,0,0,0,-169000,0,0,0,10000,179000,-169000,-169000
055907,台虹兆豐98購01  ,0,0,0,0,0,0,0,0,0,-169000,0,0,0,0,169000,-169000,-169000
048388,華通國票94購01  ,0,0,0,0,0,0,0,0,0,-169000,0,0,0,51000,220000,-169000,-169000
050460,GIS元大95購03   ,0,0,0,0,0,0,0,0,0,-169000,0,0,0,34000,203000,-169000,-169000
053024,國巨富邦97購02  ,0,0,0,0,0,0,0,0,0,-169000,0,0,0,37000,206000,-169000,-169000
6196,帆宣            ,121000,232000,-111000,0,0,0,0,0,0,-58000,12000,1000,11000,5000,74000,-69000,-169000
3014,聯陽            ,153000,319000,-166000,0,0,0,0,0,0,-3000,0,3000,-3000,0,0,0,-169000
2855,統一證          ,38000,207000,-169000,0,0,0,0,0,0,0,0,0,0,0,0,0,-169000
05722P,玉晶光國票97售03,0,0,0,0,0,0,0,0,0,-170000,0,0,0,60000,230000,-170000,-170000
048562,宏達電元大95購01,0,0,0,0,0,0,0,0,0,-170000,0,0,0,12000,182000,-170000,-170000
052061,樺漢國票96購01  ,0,0,0,0,0,0,0,0,0,-170000,0,0,0,18000,188000,-170000,-170000
051562,玉晶光國泰97購05,0,0,0,0,0,0,0,0,0,-170000,0,0,0,2000,172000,-170000,-170000
049740,禾伸堂群益94購01,0,0,0,0,0,0,0,0,0,-170000,0,0,0,166000,336000,-170000,-170000
053160,台表科元大96購03,0,0,0,0,0,0,0,0,0,-170000,0,0,0,80000,250000,-170000,-170000
053286,臺股指元大96購14,0,0,0,0,0,0,0,0,0,-170000,0,0,0,0,170000,-170000,-170000
053525,台積電中信96購04,0,0,0,0,0,0,0,0,0,-170000,0,0,0,186000,356000,-170000,-170000
05543P,鴻海元富96售04  ,0,0,0,0,0,0,0,0,0,-171000,0,0,0,0,171000,-171000,-171000
056502,A50正2永豐98購01,0,0,0,0,0,0,0,0,0,-171000,0,0,0,96000,267000,-171000,-171000
05238P,禾伸堂永豐95售01,0,0,0,0,0,0,0,0,0,-171000,0,0,0,58000,229000,-171000,-171000
054304,台積電凱基96購23,0,0,0,0,0,0,0,0,0,-171000,0,0,0,0,171000,-171000,-171000
048698,宏達電國票95購01,0,0,0,0,0,0,0,0,0,-172000,0,0,0,0,172000,-172000,-172000
051123,和鑫群益95購01  ,0,0,0,0,0,0,0,0,0,-172000,0,0,0,0,172000,-172000,-172000
050517,台積電元大94購27,0,0,0,0,0,0,0,0,0,-173000,0,0,0,377000,550000,-173000,-173000
050325,台積電永豐94購05,0,0,0,0,0,0,0,0,0,-173000,0,0,0,107000,280000,-173000,-173000
053936,旺宏元富96購04  ,0,0,0,0,0,0,0,0,0,-173000,0,0,0,0,173000,-173000,-173000
06635P,聯發科凱基98售15,0,0,0,0,0,0,0,0,0,-173000,0,0,0,0,173000,-173000,-173000
056424,泰碩統一98購01  ,0,0,0,0,0,0,0,0,0,-174000,0,0,0,0,174000,-174000,-174000
055624,聯發科富邦99購07,0,0,0,0,0,0,0,0,0,-174000,0,0,0,0,174000,-174000,-174000
055764,臺股指群益97購02,0,0,0,0,0,0,0,0,0,-174000,0,0,0,22000,196000,-174000,-174000
054974,台表科元大98購02,0,0,0,0,0,0,0,0,0,-174000,0,0,0,0,174000,-174000,-174000
056013,T50反1群益97購01,0,0,0,0,0,0,0,0,0,-175000,0,0,0,0,175000,-175000,-175000
046205,明基材凱基93購01,0,0,0,0,0,0,0,0,0,-175000,0,0,0,40000,215000,-175000,-175000
051494,中環兆豐95購01  ,0,0,0,0,0,0,0,0,0,-175000,0,0,0,10000,185000,-175000,-175000
054709,宏達電統一97購01,0,0,0,0,0,0,0,0,0,-175000,0,0,0,0,175000,-175000,-175000
054689,華新科永豐97購01,0,0,0,0,0,0,0,0,0,-175000,0,0,0,136000,311000,-175000,-175000
056965,全新永豐98購01  ,0,0,0,0,0,0,0,0,0,-176000,0,0,0,0,176000,-176000,-176000
05694P,台積電凱基96售09,0,0,0,0,0,0,0,0,0,-176000,0,0,0,36000,212000,-176000,-176000
04834P,鴻海元大94售17  ,0,0,0,0,0,0,0,0,0,-176000,0,0,0,0,176000,-176000,-176000
051594,和碩元大96購01  ,0,0,0,0,0,0,0,0,0,-176000,0,0,0,16000,192000,-176000,-176000
055127,台虹兆豐97購01  ,0,0,0,0,0,0,0,0,0,-176000,0,0,0,50000,226000,-176000,-176000
053674,臺股指元富96購01,0,0,0,0,0,0,0,0,0,-176000,0,0,0,0,176000,-176000,-176000
3380,明泰            ,110000,260000,-150000,0,0,0,0,0,0,-26000,10000,12000,-2000,0,24000,-24000,-176000
2603,長榮            ,1919000,2536000,-617000,0,0,0,463000,0,463000,-22000,22000,44000,-22000,0,0,0,-176000
6533,晶心科          ,145000,330000,-185000,0,0,0,0,0,0,9000,10000,1000,9000,0,0,0,-176000
057351,奇力新統一98購02,0,0,0,0,0,0,0,0,0,-177000,0,0,0,0,177000,-177000,-177000
2867,三商壽          ,302000,117000,185000,0,0,0,0,0,0,-362000,0,362000,-362000,0,0,0,-177000
055511,大立光兆豐97購02,0,0,0,0,0,0,0,0,0,-178000,0,0,0,102000,280000,-178000,-178000
048794,易華電元大97購01,0,0,0,0,0,0,0,0,0,-178000,0,0,0,0,178000,-178000,-178000
055397,超眾統一97購02  ,0,0,0,0,0,0,0,0,0,-179000,0,0,0,0,179000,-179000,-179000
049217,智邦國票95購01  ,0,0,0,0,0,0,0,0,0,-179000,0,0,0,1000,180000,-179000,-179000
052900,大成鋼國票97購01,0,0,0,0,0,0,0,0,0,-179000,0,0,0,1000,180000,-179000,-179000
2375,凱美            ,272000,419000,-147000,0,0,0,0,0,0,-32000,0,0,0,30000,62000,-32000,-179000
055572,鴻海統一98購04  ,0,0,0,0,0,0,0,0,0,-180000,0,0,0,263000,443000,-180000,-180000
055792,臺股指凱基97購15,0,0,0,0,0,0,0,0,0,-180000,0,0,0,0,180000,-180000,-180000
057429,華新科兆豐98購03,0,0,0,0,0,0,0,0,0,-180000,0,0,0,43000,223000,-180000,-180000
044487,元油2X元大94購01,0,0,0,0,0,0,0,0,0,-180000,0,0,0,0,180000,-180000,-180000
048619,台表科凱基93購07,0,0,0,0,0,0,0,0,0,-180000,0,0,0,0,180000,-180000,-180000
047356,貿聯兆豐94購01  ,0,0,0,0,0,0,0,0,0,-180000,0,0,0,29000,209000,-180000,-180000
042317,台灣50永豐96購01,0,0,0,0,0,0,0,0,0,-180000,0,0,0,30000,210000,-180000,-180000
04930P,國巨統一94售08  ,0,0,0,0,0,0,0,0,0,-180000,0,0,0,40000,220000,-180000,-180000
049473,光罩永豐94購03  ,0,0,0,0,0,0,0,0,0,-180000,0,0,0,0,180000,-180000,-180000
049745,國巨永豐94購04  ,0,0,0,0,0,0,0,0,0,-180000,0,0,0,98000,278000,-180000,-180000
053106,鴻海兆豐98購01  ,0,0,0,0,0,0,0,0,0,-180000,0,0,0,20000,200000,-180000,-180000
06361P,聯發科群益97售06,0,0,0,0,0,0,0,0,0,-180000,0,0,0,20000,200000,-180000,-180000
052293,泰碩國票95購03  ,0,0,0,0,0,0,0,0,0,-181000,0,0,0,5000,186000,-181000,-181000
052923,台積電永豐96購02,0,0,0,0,0,0,0,0,0,-181000,0,0,0,0,181000,-181000,-181000
055012,茂林元富97購01  ,0,0,0,0,0,0,0,0,0,-181000,0,0,0,375000,556000,-181000,-181000
054364,智伸科凱基96購01,0,0,0,0,0,0,0,0,0,-181000,0,0,0,283000,464000,-181000,-181000
054377,臺股指中信99購09,0,0,0,0,0,0,0,0,0,-181000,0,0,0,42000,223000,-181000,-181000
1609,大亞            ,63000,246000,-183000,0,0,0,2000,0,2000,0,0,0,0,0,0,0,-181000
05904P,大立光統一96售07,0,0,0,0,0,0,0,0,0,-182000,0,0,0,11000,193000,-182000,-182000
048496,南亞科元大93購05,0,0,0,0,0,0,0,0,0,-182000,0,0,0,18000,200000,-182000,-182000
052688,新日興元大96購01,0,0,0,0,0,0,0,0,0,-182000,0,0,0,48000,230000,-182000,-182000
053882,聯發科中信98購02,0,0,0,0,0,0,0,0,0,-182000,0,0,0,0,182000,-182000,-182000
050226,華新科中信94購01,0,0,0,0,0,0,0,0,0,-183000,0,0,0,111000,294000,-183000,-183000
053009,大成鋼統一96購02,0,0,0,0,0,0,0,0,0,-183000,0,0,0,136000,319000,-183000,-183000
054461,台積電凱基97購09,0,0,0,0,0,0,0,0,0,-183000,0,0,0,22000,205000,-183000,-183000
050543,聯發科凱基95購01,0,0,0,0,0,0,0,0,0,-184000,0,0,0,8000,192000,-184000,-184000
054660,禾伸堂元大97購03,0,0,0,0,0,0,0,0,0,-184000,0,0,0,1000,185000,-184000,-184000
051556,台表科永豐96購01,0,0,0,0,0,0,0,0,0,-185000,0,0,0,52000,237000,-185000,-185000
05204P,TPK元大95售03   ,0,0,0,0,0,0,0,0,0,-185000,0,0,0,0,185000,-185000,-185000
055189,台虹統一97購01  ,0,0,0,0,0,0,0,0,0,-185000,0,0,0,0,185000,-185000,-185000
053124,聯發科凱基96購12,0,0,0,0,0,0,0,0,0,-185000,0,0,0,55000,240000,-185000,-185000
056594,台積電元富98購03,0,0,0,0,0,0,0,0,0,-186000,0,0,0,431000,617000,-186000,-186000
055526,台積電群益97購02,0,0,0,0,0,0,0,0,0,-186000,0,0,0,0,186000,-186000,-186000
051888,國巨元富95購05  ,0,0,0,0,0,0,0,0,0,-186000,0,0,0,348000,534000,-186000,-186000
054811,裕隆元大9A購01  ,0,0,0,0,0,0,0,0,0,-186000,0,0,0,408000,594000,-186000,-186000
4414,如興            ,372000,556000,-184000,0,0,0,0,0,0,-2000,0,2000,-2000,0,0,0,-186000
056473,奇力新元大99購02,0,0,0,0,0,0,0,0,0,-187000,0,0,0,52000,239000,-187000,-187000
056324,南亞科兆豐98購01,0,0,0,0,0,0,0,0,0,-188000,0,0,0,102000,290000,-188000,-188000
056841,友達元富98購03  ,0,0,0,0,0,0,0,0,0,-188000,0,0,0,0,188000,-188000,-188000
051025,晶華統一95購01  ,0,0,0,0,0,0,0,0,0,-188000,0,0,0,43000,231000,-188000,-188000
043921,台表科凱基93購01,0,0,0,0,0,0,0,0,0,-188000,0,0,0,26000,214000,-188000,-188000
050593,台表科永豐94購03,0,0,0,0,0,0,0,0,0,-188000,0,0,0,25000,213000,-188000,-188000
054488,禾伸堂台新96購01,0,0,0,0,0,0,0,0,0,-188000,0,0,0,98000,286000,-188000,-188000
052976,台表科群益96購03,0,0,0,0,0,0,0,0,0,-188000,0,0,0,61000,249000,-188000,-188000
055593,華新科元大97購10,0,0,0,0,0,0,0,0,0,-189000,0,0,0,230000,419000,-189000,-189000
04422P,玉晶光永豐94售03,0,0,0,0,0,0,0,0,0,-189000,0,0,0,59000,248000,-189000,-189000
051718,上証2X永豐95購01,0,0,0,0,0,0,0,0,0,-189000,0,0,0,36000,225000,-189000,-189000
2401,凌陽            ,23000,198000,-175000,0,0,0,0,0,0,-14000,2000,14000,-12000,0,2000,-2000,-189000
057139,華新科兆豐98購02,0,0,0,0,0,0,0,0,0,-190000,0,0,0,90000,280000,-190000,-190000
05121P,創意國泰96售01  ,0,0,0,0,0,0,0,0,0,-190000,0,0,0,83000,273000,-190000,-190000
048977,晶相光元大94購01,0,0,0,0,0,0,0,0,0,-190000,0,0,0,70000,260000,-190000,-190000
052477,美律群益98購01  ,0,0,0,0,0,0,0,0,0,-190000,0,0,0,0,190000,-190000,-190000
051511,鈺齊中信97購01  ,0,0,0,0,0,0,0,0,0,-190000,0,0,0,0,190000,-190000,-190000
06323P,台郡統一97售01  ,0,0,0,0,0,0,0,0,0,-190000,0,0,0,153000,343000,-190000,-190000
06675P,國巨國票99售02  ,0,0,0,0,0,0,0,0,0,-190000,0,0,0,20000,210000,-190000,-190000
045088,康控元大94購02  ,0,0,0,0,0,0,0,0,0,-191000,0,0,0,0,191000,-191000,-191000
04603P,訊芯凱基94售03  ,0,0,0,0,0,0,0,0,0,-191000,0,0,0,0,191000,-191000,-191000
051696,新日興中信96購01,0,0,0,0,0,0,0,0,0,-191000,0,0,0,394000,585000,-191000,-191000
052807,貿聯元大98購01  ,0,0,0,0,0,0,0,0,0,-191000,0,0,0,5000,196000,-191000,-191000
05801P,正崴兆豐96售01  ,0,0,0,0,0,0,0,0,0,-192000,0,0,0,50000,242000,-192000,-192000
045293,鴻海元大94購01  ,0,0,0,0,0,0,0,0,0,-192000,0,0,0,7000,199000,-192000,-192000
049040,亞光兆豐95購01  ,0,0,0,0,0,0,0,0,0,-192000,0,0,0,3000,195000,-192000,-192000
049050,崇越康和94購01  ,0,0,0,0,0,0,0,0,0,-192000,0,0,0,28000,220000,-192000,-192000
052746,泰碩元大97購01  ,0,0,0,0,0,0,0,0,0,-192000,0,0,0,8000,200000,-192000,-192000
2464,盟立            ,41000,233000,-192000,0,0,0,0,0,0,0,0,0,0,0,0,0,-192000
057564,台積電富邦9B購03,0,0,0,0,0,0,0,0,0,-193000,0,0,0,0,193000,-193000,-193000
042501,台灣50凱基96購06,0,0,0,0,0,0,0,0,0,-193000,0,0,0,77000,270000,-193000,-193000
052962,台積電凱基97購03,0,0,0,0,0,0,0,0,0,-193000,0,0,0,18000,211000,-193000,-193000
6558,興能高          ,106655,130000,-23345,0,0,0,0,170000,-170000,0,0,0,0,0,0,0,-193345
057198,智伸科統一9B購01,0,0,0,0,0,0,0,0,0,-194000,0,0,0,20000,214000,-194000,-194000
056754,智易兆豐99購01  ,0,0,0,0,0,0,0,0,0,-194000,0,0,0,50000,244000,-194000,-194000
056222,台積電凱基9A購01,0,0,0,0,0,0,0,0,0,-194000,0,0,0,60000,254000,-194000,-194000
048733,台勝科麥證95購02,1000,0,1000,147000,363000,-216000,0,0,0,-195000,0,0,0,168000,363000,-195000,-194000
052669,群創群益98購06  ,0,0,0,0,0,0,0,0,0,-194000,0,0,0,43000,237000,-194000,-194000
053751,康控永豐96購02  ,0,0,0,0,0,0,0,0,0,-194000,0,0,0,89000,283000,-194000,-194000
053409,和碩兆豐96購02  ,0,0,0,0,0,0,0,0,0,-194000,0,0,0,85000,279000,-194000,-194000
055465,和大凱基97購03  ,0,0,0,0,0,0,0,0,0,-195000,0,0,0,0,195000,-195000,-195000
052032,臺股指群益95購05,0,0,0,0,0,0,0,0,0,-195000,0,0,0,0,195000,-195000,-195000
053587,京元電元大98購01,0,0,0,0,0,0,0,0,0,-195000,0,0,0,130000,325000,-195000,-195000
06209P,旺宏統一97售07  ,0,0,0,0,0,0,0,0,0,-195000,0,0,0,0,195000,-195000,-195000
051168,訊連元大95購02  ,0,0,0,0,0,0,0,0,0,-196000,0,0,0,104000,300000,-196000,-196000
050416,高股息凱基96購02,0,0,0,0,0,0,0,0,0,-196000,0,0,0,5000,201000,-196000,-196000
055065,神達永豐97購01  ,0,0,0,0,0,0,0,0,0,-196000,0,0,0,625000,821000,-196000,-196000
05669P,嘉晶永豐96售03  ,0,0,0,0,0,0,0,0,0,-197000,0,0,0,0,197000,-197000,-197000
048618,超眾凱基93購08  ,0,0,0,0,0,0,0,0,0,-197000,0,0,0,0,197000,-197000,-197000
049153,大立光元大96購02,0,0,0,0,0,0,0,0,0,-197000,0,0,0,531000,728000,-197000,-197000
056937,智原元富98購01  ,0,0,0,0,0,0,0,0,0,-198000,0,0,0,1000,199000,-198000,-198000
045685,康控元大95購01  ,0,0,0,0,0,0,0,0,0,-198000,0,0,0,27000,225000,-198000,-198000
057515,智原元富98購02  ,0,0,0,0,0,0,0,0,0,-199000,0,0,0,0,199000,-199000,-199000
045414,康控群益94購02  ,0,0,0,0,0,0,0,0,0,-199000,0,0,0,80000,279000,-199000,-199000
055167,友訊統一97購01  ,0,0,0,0,0,0,0,0,0,-199000,0,0,0,128000,327000,-199000,-199000
055199,國喬群益97購01  ,0,0,0,0,0,0,0,0,0,-199000,0,0,0,11000,210000,-199000,-199000
057225,華新凱基98購01  ,0,0,0,0,0,0,0,0,0,-200000,0,0,0,0,200000,-200000,-200000
05879P,台積電台新96售03,0,0,0,0,0,0,0,0,0,-200000,0,0,0,0,200000,-200000,-200000
05979P,華新科中信96售02,0,0,0,0,0,0,0,0,0,-200000,0,0,0,0,200000,-200000,-200000
056996,矽力日盛99購01  ,0,0,0,0,0,0,0,0,0,-200000,0,0,0,0,200000,-200000,-200000
04392P,牧德凱基94售05  ,0,0,0,0,0,0,0,0,0,-200000,0,0,0,0,200000,-200000,-200000
03388P,元油2X元富98售02,0,0,0,0,0,0,0,0,0,-200000,0,0,0,0,200000,-200000,-200000
03882P,鴻海元大93售10  ,0,0,0,0,0,0,0,0,0,-200000,0,0,0,0,200000,-200000,-200000
04066P,京元電凱基93售02,0,0,0,0,0,0,0,0,0,-200000,0,0,0,0,200000,-200000,-200000
04762P,聯詠凱基94售03  ,0,0,0,0,0,0,0,0,0,-200000,0,0,0,0,200000,-200000,-200000
046310,聯發科元大92購15,0,0,0,0,0,0,0,0,0,-200000,0,0,0,0,200000,-200000,-200000
046380,神基凱基93購01  ,0,0,0,0,0,0,0,0,0,-200000,0,0,0,0,200000,-200000,-200000
05095P,景碩元大95售01  ,0,0,0,0,0,0,0,0,0,-200000,0,0,0,1000,201000,-200000,-200000
051341,訊連永豐95購02  ,0,0,0,0,0,0,0,0,0,-200000,0,0,0,0,200000,-200000,-200000
050465,神基中信94購01  ,0,0,0,0,0,0,0,0,0,-200000,0,0,0,0,200000,-200000,-200000
050274,GIS元大94購05   ,0,0,0,0,0,0,0,0,0,-200000,0,0,0,0,200000,-200000,-200000
051737,瑞昱國票96購01  ,0,0,0,0,0,0,0,0,0,-200000,0,0,0,23000,223000,-200000,-200000
049545,台積電群益94購09,0,0,0,0,0,0,0,0,0,-200000,0,0,0,0,200000,-200000,-200000
05377P,鴻海凱基95售18  ,0,0,0,0,0,0,0,0,0,-200000,0,0,0,100000,300000,-200000,-200000
053691,聯發科元大96購16,0,0,0,0,0,0,0,0,0,-200000,0,0,0,12000,212000,-200000,-200000
052988,智易元大96購02  ,0,0,0,0,0,0,0,0,0,-200000,0,0,0,0,200000,-200000,-200000
1519,華城            ,47000,84000,-37000,0,0,0,55000,100000,-45000,-118000,0,118000,-118000,0,0,0,-200000
056568,台表科群益98購01,0,0,0,0,0,0,0,0,0,-201000,0,0,0,82000,283000,-201000,-201000
04857P,美律元富94售01  ,0,0,0,0,0,0,0,0,0,-201000,0,0,0,5000,206000,-201000,-201000
3413,京鼎            ,94000,271000,-177000,0,0,0,0,6000,-6000,-18000,11000,17000,-6000,19000,31000,-12000,-201000
9945,潤泰新          ,188000,379000,-191000,0,0,0,0,0,0,-10000,0,10000,-10000,0,0,0,-201000
05444P,大立光元大95售10,0,0,0,0,0,0,0,0,0,-202000,0,0,0,190000,392000,-202000,-202000
054664,台表科元大97購04,0,0,0,0,0,0,0,0,0,-202000,0,0,0,10000,212000,-202000,-202000
057284,新日興元大98購03,0,0,0,0,0,0,0,0,0,-203000,0,0,0,90000,293000,-203000,-203000
048607,上銀凱基93購11  ,0,0,0,0,0,0,0,0,0,-203000,0,0,0,0,203000,-203000,-203000
04599P,南亞科凱基94售03,0,0,0,0,0,0,0,0,0,-203000,0,0,0,82000,285000,-203000,-203000
052379,鈺齊元大95購04  ,0,0,0,0,0,0,0,0,0,-203000,0,0,0,68000,271000,-203000,-203000
054995,宏盛元富97購01  ,0,0,0,0,0,0,0,0,0,-203000,0,0,0,0,203000,-203000,-203000
2421,建準            ,259000,440000,-181000,0,0,0,0,0,0,-22000,0,20000,-20000,4000,6000,-2000,-203000
1514,亞力            ,253000,272000,-19000,0,0,0,0,0,0,-184000,0,184000,-184000,0,0,0,-203000
04745P,祥碩元大94售04  ,0,0,0,0,0,0,0,0,0,-204000,0,0,0,100000,304000,-204000,-204000
045054,聯發科元富98購02,0,0,0,0,0,0,0,0,0,-204000,0,0,0,109000,313000,-204000,-204000
043580,大立光元富94購01,0,0,0,0,0,0,0,0,0,-204000,0,0,0,1000,205000,-204000,-204000
050315,和碩兆豐95購01  ,0,0,0,0,0,0,0,0,0,-204000,0,0,0,10000,214000,-204000,-204000
054563,泰碩群益99購01  ,0,0,0,0,0,0,0,0,0,-204000,0,0,0,0,204000,-204000,-204000
054402,康控永豐96購03  ,0,0,0,0,0,0,0,0,0,-204000,0,0,0,1000,205000,-204000,-204000
055369,友訊元大97購01  ,0,0,0,0,0,0,0,0,0,-205000,0,0,0,138000,343000,-205000,-205000
055854,群創元大98購04  ,0,0,0,0,0,0,0,0,0,-205000,0,0,0,13000,218000,-205000,-205000
05140P,台表科國票96售01,0,0,0,0,0,0,0,0,0,-205000,0,0,0,50000,255000,-205000,-205000
052215,樺漢元大96購02  ,0,0,0,0,0,0,0,0,0,-205000,0,0,0,0,205000,-205000,-205000
054112,台積電麥證96購02,0,0,0,10000,215000,-205000,0,0,0,-205000,0,0,0,10000,215000,-205000,-205000
053354,康控兆豐97購02  ,0,0,0,0,0,0,0,0,0,-205000,0,0,0,78000,283000,-205000,-205000
056059,美律元大98購02  ,0,0,0,0,0,0,0,0,0,-206000,0,0,0,79000,285000,-206000,-206000
046999,康控富邦99購01  ,0,0,0,0,0,0,0,0,0,-206000,0,0,0,40000,246000,-206000,-206000
053132,國巨國票97購02  ,0,0,0,0,0,0,0,0,0,-206000,0,0,0,330000,536000,-206000,-206000
051611,鈺齊群益95購02  ,0,0,0,0,0,0,0,0,0,-207000,0,0,0,0,207000,-207000,-207000
052054,台表科凱基96購01,0,0,0,0,0,0,0,0,0,-207000,0,0,0,31000,238000,-207000,-207000
053666,臺股指凱基96購29,0,0,0,0,0,0,0,0,0,-207000,0,0,0,5000,212000,-207000,-207000
054552,聯發科凱基98購03,0,0,0,0,0,0,0,0,0,-207000,0,0,0,113000,320000,-207000,-207000
055048,台積電永豐97購04,0,0,0,0,0,0,0,0,0,-207000,0,0,0,77000,284000,-207000,-207000
00738U,元大道瓊白銀    ,0,0,0,0,0,0,0,0,0,-208000,0,0,0,223000,431000,-208000,-208000
055924,深中小群益9B購01,0,0,0,0,0,0,0,0,0,-209000,0,0,0,1000,210000,-209000,-209000
045866,南茂統一94購01  ,0,0,0,0,0,0,0,0,0,-209000,0,0,0,0,209000,-209000,-209000
049901,瑞昱元富94購01  ,0,0,0,0,0,0,0,0,0,-209000,0,0,0,98000,307000,-209000,-209000
056219,T50反1日盛02購01,0,0,0,0,0,0,0,0,0,-210000,0,0,0,0,210000,-210000,-210000
047950,滬深2X永豐94購02,0,0,0,0,0,0,0,0,0,-210000,0,0,0,0,210000,-210000,-210000
050750,上銀統一94購02  ,0,0,0,0,0,0,0,0,0,-210000,0,0,0,28000,238000,-210000,-210000
051570,和碩富邦97購01  ,0,0,0,0,0,0,0,0,0,-210000,0,0,0,110000,320000,-210000,-210000
053947,義隆富邦97購01  ,0,0,0,0,0,0,0,0,0,-210000,0,0,0,0,210000,-210000,-210000
1227,佳格            ,532000,782000,-250000,0,0,0,1000,0,1000,39000,40000,1000,39000,0,0,0,-210000
06106P,國巨群益97售02  ,0,0,0,0,0,0,0,0,0,-211000,0,0,0,8000,219000,-211000,-211000
057026,長榮航凱基98購01,0,0,0,0,0,0,0,0,0,-211000,0,0,0,0,211000,-211000,-211000
049584,台積電元大96購04,0,0,0,0,0,0,0,0,0,-212000,0,0,0,729000,941000,-212000,-212000
2537,聯上發          ,9000,218000,-209000,0,0,0,0,0,0,-3000,0,3000,-3000,0,0,0,-212000
056883,美食康和98購01  ,0,0,0,0,0,0,0,0,0,-213000,0,0,0,2000,215000,-213000,-213000
05901P,臺股指凱基9C售01,0,0,0,0,0,0,0,0,0,-213000,0,0,0,490000,703000,-213000,-213000
055873,聚陽元富97購01  ,0,0,0,0,0,0,0,0,0,-213000,0,0,0,5000,218000,-213000,-213000
048125,和鑫元大96購01  ,0,0,0,0,0,0,0,0,0,-213000,0,0,0,17000,230000,-213000,-213000
053591,大立光元大99購03,0,0,0,0,0,0,0,0,0,-213000,0,0,0,0,213000,-213000,-213000
048978,晶相光元大94購02,80000,0,80000,0,0,0,0,0,0,-294000,0,0,0,96000,390000,-294000,-214000
056299,友達元大9B購04  ,0,0,0,0,0,0,0,0,0,-215000,0,0,0,194000,409000,-215000,-215000
056355,台積電元大98購08,0,0,0,0,0,0,0,0,0,-215000,0,0,0,62000,277000,-215000,-215000
04993P,上銀兆豐96售01  ,0,0,0,0,0,0,0,0,0,-215000,0,0,0,160000,375000,-215000,-215000
05089P,亞德客元大95售01,0,0,0,0,0,0,0,0,0,-215000,0,0,0,358000,573000,-215000,-215000
057542,上銀凱基99購01  ,0,0,0,0,0,0,0,0,0,-216000,0,0,0,0,216000,-216000,-216000
051242,台積電元大96購06,0,0,0,0,0,0,0,0,0,-216000,0,0,0,443000,659000,-216000,-216000
046264,美律凱基93購05  ,0,0,0,0,0,0,0,0,0,-216000,0,0,0,297000,513000,-216000,-216000
052895,台積電群益96購04,0,0,0,0,0,0,0,0,0,-216000,0,0,0,578000,794000,-216000,-216000
054684,裕隆永豐97購01  ,0,0,0,0,0,0,0,0,0,-216000,0,0,0,287000,503000,-216000,-216000
05930P,景碩康和96售01  ,0,0,0,0,0,0,0,0,0,-218000,0,0,0,0,218000,-218000,-218000
00728,第一金工業30    ,0,0,0,0,0,0,0,0,0,-218000,0,0,0,430000,648000,-218000,-218000
050188,貿聯元大96購01  ,0,0,0,0,0,0,0,0,0,-218000,0,0,0,41000,259000,-218000,-218000
054683,川湖永豐97購01  ,0,0,0,0,0,0,0,0,0,-218000,0,0,0,0,218000,-218000,-218000
1736,喬山            ,42000,255000,-213000,0,0,0,0,0,0,-5000,30000,0,30000,55000,90000,-35000,-218000
03763P,聯發科元富96售01,0,0,0,0,0,0,0,0,0,-219000,0,0,0,11000,230000,-219000,-219000
054202,樺漢富邦97購01  ,0,0,0,0,0,0,0,0,0,-219000,0,0,0,0,219000,-219000,-219000
057191,祥碩元大98購05  ,0,0,0,0,0,0,0,0,0,-220000,0,0,0,0,220000,-220000,-220000
056529,中環凱基98購01  ,0,0,0,0,0,0,0,0,0,-220000,0,0,0,30000,250000,-220000,-220000
056042,京鼎凱基97購02  ,0,0,0,0,0,0,0,0,0,-220000,0,0,0,40000,260000,-220000,-220000
03799P,京元電元大94售01,0,0,0,0,0,0,0,0,0,-220000,0,0,0,40000,260000,-220000,-220000
051195,台郡中信95購01  ,0,0,0,0,0,0,0,0,0,-220000,0,0,0,50000,270000,-220000,-220000
04828P,聯發科凱基94售15,0,0,0,0,0,0,0,0,0,-220000,0,0,0,0,220000,-220000,-220000
051842,大成鋼富邦97購01,0,0,0,0,0,0,0,0,0,-220000,0,0,0,110000,330000,-220000,-220000
054617,超眾永豐97購01  ,0,0,0,0,0,0,0,0,0,-220000,0,0,0,0,220000,-220000,-220000
053036,聯電凱基98購01  ,0,0,0,0,0,0,0,0,0,-220000,0,0,0,80000,300000,-220000,-220000
053401,臺股指中信99購01,0,0,0,0,0,0,0,0,0,-220000,0,0,0,0,220000,-220000,-220000
051278,臻鼎中信97購02  ,0,0,0,0,0,0,0,0,0,-221000,0,0,0,0,221000,-221000,-221000
050504,全新凱基94購03  ,0,0,0,0,0,0,0,0,0,-221000,0,0,0,0,221000,-221000,-221000
05375P,健策國票96售02  ,0,0,0,0,0,0,0,0,0,-221000,0,0,0,56000,277000,-221000,-221000
054277,亞光群益97購01  ,0,0,0,0,0,0,0,0,0,-221000,0,0,0,10000,231000,-221000,-221000
050559,聯發科統一94購10,0,0,0,0,0,0,0,0,0,-222000,0,0,0,43000,265000,-222000,-222000
054318,台虹凱基98購01  ,0,0,0,0,0,0,0,0,0,-222000,0,0,0,56000,278000,-222000,-222000
054103,T50反1凱基99購04,0,0,0,0,0,0,0,0,0,-222000,0,0,0,77000,299000,-222000,-222000
05304P,國巨國泰97售02  ,0,0,0,0,0,0,0,0,0,-222000,0,0,0,0,222000,-222000,-222000
047689,瑞昱富邦97購01  ,0,0,0,0,0,0,0,0,0,-223000,0,0,0,45000,268000,-223000,-223000
04275P,南亞科凱基93售08,0,0,0,0,0,0,0,0,0,-224000,0,0,0,22000,246000,-224000,-224000
05270P,台表科元大95售05,0,0,0,0,0,0,0,0,0,-224000,0,0,0,20000,244000,-224000,-224000
056706,元油2X富邦9B購01,0,0,0,0,0,0,0,0,0,-225000,0,0,0,5000,230000,-225000,-225000
05952P,台積電國票97售06,0,0,0,0,0,0,0,0,0,-226000,0,0,0,74000,300000,-226000,-226000
8482,商億-KY         ,26000,252000,-226000,0,0,0,0,0,0,0,0,0,0,0,0,0,-226000
056193,聯發科富邦99購08,0,0,0,0,0,0,0,0,0,-227000,0,0,0,56000,283000,-227000,-227000
055328,鈺齊國票98購01  ,0,0,0,0,0,0,0,0,0,-227000,0,0,0,109000,336000,-227000,-227000
049721,晶技凱基94購02  ,0,0,0,0,0,0,0,0,0,-227000,0,0,0,111000,338000,-227000,-227000
052981,鴻海元大97購05  ,0,0,0,0,0,0,0,0,0,-227000,0,0,0,429000,656000,-227000,-227000
5203,訊連            ,12000,242000,-230000,0,0,0,0,0,0,3000,4000,0,4000,14000,15000,-1000,-227000
055581,和大元大97購04  ,0,0,0,0,0,0,0,0,0,-228000,0,0,0,15000,243000,-228000,-228000
053828,貿聯麥證96購01  ,0,0,0,1000,229000,-228000,0,0,0,-228000,0,0,0,1000,229000,-228000,-228000
055989,矽力元富9A購01  ,0,0,0,0,0,0,0,0,0,-229000,0,0,0,10000,239000,-229000,-229000
056428,台達電凱基99購01,0,0,0,0,0,0,0,0,0,-229000,0,0,0,10000,239000,-229000,-229000
056934,國巨元富98購04  ,0,0,0,0,0,0,0,0,0,-229000,0,0,0,48000,277000,-229000,-229000
048418,瑞昱統一93購04  ,0,0,0,0,0,0,0,0,0,-229000,0,0,0,0,229000,-229000,-229000
6416,瑞祺電通        ,69000,268000,-199000,0,0,0,0,35000,-35000,5000,23000,18000,5000,0,0,0,-229000
049774,元油2X統一94購05,0,0,0,0,0,0,0,0,0,-230000,0,0,0,0,230000,-230000,-230000
05009P,大立光元富95售06,0,0,0,0,0,0,0,0,0,-230000,0,0,0,16000,246000,-230000,-230000
052569,聯發科凱基96購08,0,0,0,0,0,0,0,0,0,-230000,0,0,0,90000,320000,-230000,-230000
053777,台積電元大96購20,0,0,0,0,0,0,0,0,0,-230000,0,0,0,508000,738000,-230000,-230000
053601,台表科元大98購01,0,0,0,0,0,0,0,0,0,-230000,0,0,0,334000,564000,-230000,-230000
054345,世芯國票96購02  ,0,0,0,0,0,0,0,0,0,-230000,0,0,0,55000,285000,-230000,-230000
047519,台達電元大93購02,0,0,0,0,0,0,0,0,0,-231000,0,0,0,1000,232000,-231000,-231000
056070,新日興元大97購04,0,0,0,0,0,0,0,0,0,-232000,0,0,0,225000,457000,-232000,-232000
052677,景碩富邦97購01  ,0,0,0,0,0,0,0,0,0,-232000,0,0,0,12000,244000,-232000,-232000
053614,台積電群益96購08,0,0,0,0,0,0,0,0,0,-233000,0,0,0,97000,330000,-233000,-233000
05501P,健策國票97售01  ,0,0,0,0,0,0,0,0,0,-233000,0,0,0,437000,670000,-233000,-233000
05942P,奇力新凱基96售04,0,0,0,0,0,0,0,0,0,-234000,0,0,0,16000,250000,-234000,-234000
046645,技嘉國泰94購01  ,0,0,0,0,0,0,0,0,0,-235000,0,0,0,302000,537000,-235000,-235000
06481P,台積電凱基98售12,0,0,0,0,0,0,0,0,0,-235000,0,0,0,105000,340000,-235000,-235000
052104,英業達兆豐96購01,0,0,0,0,0,0,0,0,0,-236000,0,0,0,0,236000,-236000,-236000
053582,英業達元大97購01,0,0,0,0,0,0,0,0,0,-236000,0,0,0,50000,286000,-236000,-236000
056987,南茂群益98購01  ,0,0,0,0,0,0,0,0,0,-237000,0,0,0,51000,288000,-237000,-237000
051610,GIS群益95購02   ,0,0,0,0,0,0,0,0,0,-237000,0,0,0,0,237000,-237000,-237000
2885,元大金          ,3399000,3916000,-517000,0,0,0,146000,0,146000,133000,100000,13000,87000,46000,0,46000,-238000
2489,瑞軒            ,319000,555000,-236000,0,0,0,0,0,0,-3000,2000,5000,-3000,0,0,0,-239000
055942,臺股指群益9C購01,0,0,0,0,0,0,0,0,0,-240000,0,0,0,71000,311000,-240000,-240000
053275,燿華元大97購01  ,0,0,0,0,0,0,0,0,0,-240000,0,0,0,100000,340000,-240000,-240000
048442,友訊凱基94購01  ,0,0,0,0,0,0,0,0,0,-241000,0,0,0,367000,608000,-241000,-241000
056509,晶相光永豐98購01,0,0,0,0,0,0,0,0,0,-242000,0,0,0,77000,319000,-242000,-242000
052170,台積電元大95購20,0,0,0,0,0,0,0,0,0,-242000,0,0,0,459000,701000,-242000,-242000
053013,台積電統一97購01,0,0,0,0,0,0,0,0,0,-242000,0,0,0,0,242000,-242000,-242000
052695,台表科中信98購01,0,0,0,0,0,0,0,0,0,-242000,0,0,0,143000,385000,-242000,-242000
055315,晶技麥證97購01  ,0,0,0,0,243000,-243000,0,0,0,-243000,0,0,0,0,243000,-243000,-243000
2329,華泰            ,386000,235000,151000,0,0,0,0,0,0,-394000,0,0,0,0,394000,-394000,-243000
056197,友訊永豐97購01  ,0,0,0,0,0,0,0,0,0,-244000,0,0,0,10000,254000,-244000,-244000
043958,臻鼎元富94購01  ,0,0,0,0,0,0,0,0,0,-244000,0,0,0,31000,275000,-244000,-244000
00717,富邦美國特別股  ,0,0,0,0,0,0,0,0,0,-244000,100000,0,100000,444000,788000,-344000,-244000
053092,台表科元大97購02,0,0,0,0,0,0,0,0,0,-244000,0,0,0,10000,254000,-244000,-244000
054818,奇力新元大97購05,0,0,0,0,0,0,0,0,0,-244000,0,0,0,157000,401000,-244000,-244000
057065,牧德富邦99購01  ,0,0,0,0,0,0,0,0,0,-245000,0,0,0,0,245000,-245000,-245000
050309,亞泥兆豐94購01  ,0,0,0,0,0,0,0,0,0,-245000,0,0,0,0,245000,-245000,-245000
06180P,禾伸堂群益97售01,0,0,0,0,0,0,0,0,0,-245000,0,0,0,0,245000,-245000,-245000
051827,智邦元大95購04  ,0,0,0,0,0,0,0,0,0,-246000,0,0,0,155000,401000,-246000,-246000
2328,廣宇            ,219000,444000,-225000,0,0,0,0,0,0,-21000,0,11000,-11000,0,10000,-10000,-246000
048506,華通群益94購03  ,0,0,0,0,0,0,0,0,0,-247000,0,0,0,8000,255000,-247000,-247000
054128,台積電元大97購10,0,0,0,0,0,0,0,0,0,-247000,0,0,0,142000,389000,-247000,-247000
055736,宏達電元富99購01,0,0,0,0,0,0,0,0,0,-248000,0,0,0,50000,298000,-248000,-248000
045757,台表科國泰93購03,0,0,0,0,0,0,0,0,0,-248000,0,0,0,0,248000,-248000,-248000
049798,台積電元大94購18,0,0,0,0,0,0,0,0,0,-248000,0,0,0,499000,747000,-248000,-248000
050535,台表科群益94購02,0,0,0,0,0,0,0,0,0,-248000,0,0,0,96000,344000,-248000,-248000
048564,智易元大94購01  ,0,0,0,0,0,0,0,0,0,-249000,0,0,0,0,249000,-249000,-249000
047141,宏達電兆豐94購01,0,0,0,0,0,0,0,0,0,-249000,0,0,0,220000,469000,-249000,-249000
04966P,台表科元大94售04,0,0,0,0,0,0,0,0,0,-249000,0,0,0,0,249000,-249000,-249000
054215,創意國票97購02  ,0,0,0,0,0,0,0,0,0,-249000,0,0,0,0,249000,-249000,-249000
056998,麗豐康和98購01  ,0,0,0,0,0,0,0,0,0,-250000,0,0,0,21000,271000,-250000,-250000
052149,電子類群益95購01,0,0,0,0,0,0,0,0,0,-250000,0,0,0,1000,251000,-250000,-250000
054127,台積電元大96購21,0,0,0,0,0,0,0,0,0,-250000,0,0,0,181000,431000,-250000,-250000
054510,S&P反1元大98購01,0,0,0,0,0,0,0,0,0,-250000,0,0,0,0,250000,-250000,-250000
054675,美律台新98購01  ,0,0,0,0,0,0,0,0,0,-250000,0,0,0,30000,280000,-250000,-250000
055198,奇力新第一97購01,0,0,0,0,0,0,0,0,0,-250000,0,0,0,0,250000,-250000,-250000
053444,奇力新凱基96購03,0,0,0,0,0,0,0,0,0,-250000,0,0,0,97000,347000,-250000,-250000
053654,聯發科凱基98購01,0,0,0,0,0,0,0,0,0,-250000,0,0,0,60000,310000,-250000,-250000
00730,富邦臺灣優質高息,1000,0,1000,0,0,0,0,0,0,-253000,0,0,0,254000,507000,-253000,-252000
051513,台積電凱基95購13,0,0,0,0,0,0,0,0,0,-252000,0,0,0,203000,455000,-252000,-252000
049539,元油2X群益9A購01,0,0,0,0,0,0,0,0,0,-252000,0,0,0,44000,296000,-252000,-252000
055002,群創元富99購04  ,0,0,0,0,0,0,0,0,0,-252000,0,0,0,0,252000,-252000,-252000
5607,遠雄港          ,136000,397000,-261000,0,0,0,0,0,0,9000,10000,1000,9000,0,0,0,-252000
050992,台積電元大97購01,0,0,0,0,0,0,0,0,0,-253000,0,0,0,159000,412000,-253000,-253000
053766,友達富邦97購01  ,0,0,0,0,0,0,0,0,0,-253000,0,0,0,28000,281000,-253000,-253000
6139,亞翔            ,36000,235000,-199000,0,0,0,0,0,0,-54000,0,30000,-30000,3000,27000,-24000,-253000
057315,台灣50康和9A購03,0,0,0,0,0,0,0,0,0,-254000,0,0,0,115000,369000,-254000,-254000
056180,南茂元富97購01  ,0,0,0,0,0,0,0,0,0,-254000,0,0,0,11000,265000,-254000,-254000
052036,臺股指群益95購09,0,0,0,0,0,0,0,0,0,-254000,0,0,0,40000,294000,-254000,-254000
055252,新光金統一98購02,0,0,0,0,0,0,0,0,0,-254000,0,0,0,0,254000,-254000,-254000
054449,中環第一96購01  ,0,0,0,0,0,0,0,0,0,-254000,0,0,0,46000,300000,-254000,-254000
054282,泰鼎群益98購02  ,0,0,0,0,0,0,0,0,0,-254000,0,0,0,95000,349000,-254000,-254000
9921,巨大            ,1004000,1260000,-256000,0,0,0,4000,0,4000,-2000,0,0,0,0,2000,-2000,-254000
06646P,國巨元大98售16  ,0,0,0,0,0,0,0,0,0,-254000,0,0,0,44000,298000,-254000,-254000
045994,康控富邦94購01  ,0,0,0,0,0,0,0,0,0,-255000,0,0,0,10000,265000,-255000,-255000
052317,台積電元大96購11,0,0,0,0,0,0,0,0,0,-256000,0,0,0,95000,351000,-256000,-256000
05374P,台積電國票96售07,0,0,0,0,0,0,0,0,0,-256000,0,0,0,64000,320000,-256000,-256000
052647,晶技永豐97購01  ,0,0,0,0,0,0,0,0,0,-256000,0,0,0,0,256000,-256000,-256000
056331,聯鈞國票99購01  ,0,0,0,0,0,0,0,0,0,-258000,0,0,0,53000,311000,-258000,-258000
00766L,台新MSCI中國正2 ,0,0,0,0,0,0,0,0,0,-258000,0,0,0,89000,347000,-258000,-258000
049054,禾伸堂永豐94購01,0,0,0,0,0,0,0,0,0,-258000,0,0,0,0,258000,-258000,-258000
052810,易華電元大96購02,0,0,0,0,0,0,0,0,0,-258000,0,0,0,0,258000,-258000,-258000
053761,健策國泰98購01  ,0,0,0,0,0,0,0,0,0,-258000,0,0,0,507000,765000,-258000,-258000
053911,臺股指凱基96購31,0,0,0,0,0,0,0,0,0,-258000,0,0,0,28000,286000,-258000,-258000
06214P,國巨國票98售04  ,0,0,0,0,0,0,0,0,0,-258000,0,0,0,114000,372000,-258000,-258000
03647P,京元電元富95售02,0,0,0,0,0,0,0,0,0,-259000,0,0,0,35000,294000,-259000,-259000
056269,新日興統一98購01,0,0,0,0,0,0,0,0,0,-260000,0,0,0,26000,286000,-260000,-260000
055855,牧德元大99購02  ,0,0,0,0,0,0,0,0,0,-260000,0,0,0,20000,280000,-260000,-260000
045663,元油2X元富94購01,0,0,0,0,0,0,0,0,0,-260000,0,0,0,40000,300000,-260000,-260000
00669R,國泰美國道瓊反1 ,0,0,0,0,0,0,0,0,0,-260000,0,0,0,495000,755000,-260000,-260000
04496P,國巨國泰96售02  ,0,0,0,0,0,0,0,0,0,-260000,0,0,0,0,260000,-260000,-260000
04394P,臻鼎凱基94售01  ,0,0,0,0,0,0,0,0,0,-260000,0,0,0,51000,311000,-260000,-260000
050358,致新群益94購01  ,0,0,0,0,0,0,0,0,0,-260000,0,0,0,0,260000,-260000,-260000
050688,大立光日盛94購03,0,0,0,0,0,0,0,0,0,-260000,0,0,0,220000,480000,-260000,-260000
053883,大立光中信98購02,0,0,0,0,0,0,0,0,0,-260000,0,0,0,0,260000,-260000,-260000
054032,上銀中信96購01  ,0,0,0,0,0,0,0,0,0,-260000,0,0,0,89000,349000,-260000,-260000
055008,隆達元富97購01  ,0,0,0,0,0,0,0,0,0,-260000,0,0,0,144000,404000,-260000,-260000
2723,美食-KY         ,119000,392000,-273000,0,0,0,1000,0,1000,12000,0,0,0,15000,3000,12000,-260000
05170P,世芯元大95售01  ,0,0,0,0,0,0,0,0,0,-261000,0,0,0,360000,621000,-261000,-261000
055235,金寶台新98購01  ,0,0,0,0,0,0,0,0,0,-261000,0,0,0,55000,316000,-261000,-261000
3008,大立光          ,90133,346507,-256374,0,0,0,199,12000,-11801,7000,7000,1000,6000,9000,8000,1000,-261175
055455,健策國泰98購02  ,0,0,0,0,0,0,0,0,0,-262000,0,0,0,138000,400000,-262000,-262000
055457,聚陽永豐97購01  ,0,0,0,0,0,0,0,0,0,-262000,0,0,0,0,262000,-262000,-262000
049092,聯茂凱基94購07  ,0,0,0,0,0,0,0,0,0,-262000,0,0,0,3000,265000,-262000,-262000
051923,聯發科日盛95購02,0,0,0,0,0,0,0,0,0,-262000,0,0,0,38000,300000,-262000,-262000
049680,臺股指國票94購13,0,0,0,0,0,0,0,0,0,-262000,0,0,0,51000,313000,-262000,-262000
053186,健策中信9C購01  ,0,0,0,0,0,0,0,0,0,-262000,0,0,0,10000,272000,-262000,-262000
049152,大立光元大95購06,0,0,0,0,0,0,0,0,0,-263000,0,0,0,0,263000,-263000,-263000
054847,創意兆豐97購01  ,0,0,0,0,0,0,0,0,0,-265000,0,0,0,80000,345000,-265000,-265000
2887,台新金          ,3421000,3790070,-369070,0,0,0,134000,0,134000,-30000,0,0,0,0,30000,-30000,-265070
056057,華邦電元大97購05,0,0,0,0,0,0,0,0,0,-266000,0,0,0,154000,420000,-266000,-266000
057478,智邦元大99購01  ,0,0,0,0,0,0,0,0,0,-266000,0,0,0,43000,309000,-266000,-266000
056762,亞德客元大98購01,0,0,0,0,0,0,0,0,0,-266000,0,0,0,436000,702000,-266000,-266000
049905,為升元大94購05  ,0,0,0,0,0,0,0,0,0,-266000,0,0,0,0,266000,-266000,-266000
055113,大立光凱基98購06,0,0,0,0,0,0,0,0,0,-266000,0,0,0,80000,346000,-266000,-266000
2455,全新            ,165000,396000,-231000,0,0,0,1000,16000,-15000,-20000,28000,40000,-12000,19000,27000,-8000,-266000
055966,茂林元大99購01  ,0,0,0,0,0,0,0,0,0,-267000,0,0,0,551000,818000,-267000,-267000
056146,台虹元大98購01  ,0,0,0,0,0,0,0,0,0,-267000,0,0,0,50000,317000,-267000,-267000
056391,大立光富邦9C購01,0,0,0,0,0,0,0,0,0,-267000,0,0,0,0,267000,-267000,-267000
055289,泰碩元大98購01  ,0,0,0,0,0,0,0,0,0,-267000,0,0,0,0,267000,-267000,-267000
050558,台積電統一94購14,0,0,0,0,0,0,0,0,0,-268000,0,0,0,30000,298000,-268000,-268000
050065,冠德凱基94購01  ,0,0,0,0,0,0,0,0,0,-268000,0,0,0,0,268000,-268000,-268000
053028,康控富邦98購01  ,0,0,0,0,0,0,0,0,0,-268000,0,0,0,12000,280000,-268000,-268000
053537,玉晶光永豐98購02,0,0,0,0,0,0,0,0,0,-268000,0,0,0,112000,380000,-268000,-268000
057195,南茂元大98購01  ,0,0,0,0,0,0,0,0,0,-269000,0,0,0,110000,379000,-269000,-269000
047213,新日興富邦97購01,0,0,0,0,0,0,0,0,0,-269000,0,0,0,89000,358000,-269000,-269000
052066,華邦電兆豐96購01,0,0,0,0,0,0,0,0,0,-269000,0,0,0,60000,329000,-269000,-269000
052922,國巨永豐96購01  ,0,0,0,0,0,0,0,0,0,-269000,0,0,0,1000,270000,-269000,-269000
054591,GIS國泰98購01   ,0,0,0,0,0,0,0,0,0,-269000,0,0,0,0,269000,-269000,-269000
053181,滬深2X元富99購02,0,0,0,0,0,0,0,0,0,-270000,0,0,0,30000,300000,-270000,-270000
053236,群創永豐97購02  ,0,0,0,0,0,0,0,0,0,-270000,0,0,0,0,270000,-270000,-270000
06272P,台郡凱基97售04  ,0,0,0,0,0,0,0,0,0,-270000,0,0,0,46000,316000,-270000,-270000
06624P,訊芯元大98售06  ,0,0,0,0,0,0,0,0,0,-270000,0,0,0,0,270000,-270000,-270000
055187,彩晶統一98購01  ,0,0,0,0,0,0,0,0,0,-271000,0,0,0,150000,421000,-271000,-271000
056562,奇力新群益98購01,0,0,0,0,0,0,0,0,0,-272000,0,0,0,222000,494000,-272000,-272000
052131,台積電凱基96購01,0,0,0,0,0,0,0,0,0,-272000,0,0,0,0,272000,-272000,-272000
05495P,大立光統一95售07,0,0,0,0,0,0,0,0,0,-272000,0,0,0,124000,396000,-272000,-272000
1310,台苯            ,374000,646000,-272000,0,0,0,0,0,0,0,0,0,0,0,0,0,-272000
05571P,大立光統一96售03,0,0,0,0,0,0,0,0,0,-274000,0,0,0,53000,327000,-274000,-274000
051617,台積電凱基95購14,0,0,0,0,0,0,0,0,0,-274000,0,0,0,8000,282000,-274000,-274000
1315,達新            ,29000,268000,-239000,0,0,0,0,0,0,-36000,0,36000,-36000,0,0,0,-275000
056923,奇力新兆豐99購02,0,0,0,0,0,0,0,0,0,-276000,0,0,0,0,276000,-276000,-276000
06170P,禾伸堂元富97售02,0,0,0,0,0,0,0,0,0,-276000,0,0,0,17000,293000,-276000,-276000
052316,台積電元大96購10,0,0,0,0,0,0,0,0,0,-277000,0,0,0,90000,367000,-277000,-277000
057220,鈺齊群益98購01  ,0,0,0,0,0,0,0,0,0,-279000,0,0,0,0,279000,-279000,-279000
04121P,宏碁凱基93售02  ,0,0,0,0,0,0,0,0,0,-280000,0,0,0,0,280000,-280000,-280000
049132,大成鋼元大94購01,0,0,0,0,0,0,0,0,0,-280000,0,0,0,0,280000,-280000,-280000
053964,上銀元大96購05  ,0,0,0,0,0,0,0,0,0,-280000,0,0,0,150000,430000,-280000,-280000
053914,國巨國票96購08  ,0,0,0,0,0,0,0,0,0,-281000,0,0,0,21000,302000,-281000,-281000
8213,志超            ,83000,356000,-273000,0,0,0,0,0,0,-8000,0,8000,-8000,0,0,0,-281000
055638,上銀元富97購01  ,0,0,0,0,0,0,0,0,0,-282000,0,0,0,193000,475000,-282000,-282000
052415,台表科麥證95購02,0,0,0,20000,306000,-286000,0,0,0,-282000,0,0,0,24000,306000,-282000,-282000
055155,奇力新元大99購01,0,0,0,0,0,0,0,0,0,-282000,0,0,0,14000,296000,-282000,-282000
05655P,南亞科統一96售01,0,0,0,0,0,0,0,0,0,-283000,0,0,0,265000,548000,-283000,-283000
056268,新日興統一97購01,0,0,0,0,0,0,0,0,0,-283000,0,0,0,0,283000,-283000,-283000
054606,台積電永豐97購02,0,0,0,0,0,0,0,0,0,-283000,0,0,0,20000,303000,-283000,-283000
6505,台塑化          ,445000,763000,-318000,0,0,0,38000,0,38000,-3000,0,29000,-29000,45000,19000,26000,-283000
052442,中環元大95購02  ,0,0,0,0,0,0,0,0,0,-284000,0,0,0,0,284000,-284000,-284000
054336,台積電統一96購11,0,0,0,0,0,0,0,0,0,-284000,0,0,0,125000,409000,-284000,-284000
055541,聚陽凱基98購01  ,0,0,0,0,0,0,0,0,0,-285000,0,0,0,68000,353000,-285000,-285000
056381,台虹元富98購01  ,0,0,0,0,0,0,0,0,0,-286000,0,0,0,58000,344000,-286000,-286000
057423,台郡凱基98購06  ,0,0,0,0,0,0,0,0,0,-286000,0,0,0,10000,296000,-286000,-286000
056922,全新兆豐99購01  ,0,0,0,0,0,0,0,0,0,-286000,0,0,0,92000,378000,-286000,-286000
051642,鈺齊台新95購01  ,0,0,0,0,0,0,0,0,0,-286000,0,0,0,0,286000,-286000,-286000
055704,亞德客永豐97購04,0,0,0,0,0,0,0,0,0,-287000,0,0,0,21000,308000,-287000,-287000
053949,康控富邦9A購01  ,0,0,0,0,0,0,0,0,0,-287000,0,0,0,10000,297000,-287000,-287000
047911,晶技麥證94購01  ,0,0,0,43000,308000,-265000,0,0,0,-288000,0,0,0,43000,331000,-288000,-288000
053799,矽創中信9A購01  ,0,0,0,0,0,0,0,0,0,-288000,0,0,0,0,288000,-288000,-288000
04991P,台表科元大94售05,0,0,0,0,0,0,0,0,0,-289000,0,0,0,0,289000,-289000,-289000
055648,可成元富97購01  ,0,0,0,0,0,0,0,0,0,-290000,0,0,0,80000,370000,-290000,-290000
056060,宏達電元大99購01,0,0,0,0,0,0,0,0,0,-290000,0,0,0,2000,292000,-290000,-290000
047861,臺股指國票93購16,0,0,0,0,0,0,0,0,0,-290000,0,0,0,0,290000,-290000,-290000
047470,聯發科中信94購03,0,0,0,0,0,0,0,0,0,-290000,0,0,0,10000,300000,-290000,-290000
053735,矽力中信97購01  ,0,0,0,0,0,0,0,0,0,-290000,0,0,0,20000,310000,-290000,-290000
06622P,牧德元大98售01  ,0,0,0,0,0,0,0,0,0,-290000,0,0,0,50000,340000,-290000,-290000
055680,美律凱基99購01  ,0,0,0,0,0,0,0,0,0,-291000,0,0,0,68000,359000,-291000,-291000
053377,台積電元大98購01,0,0,0,0,0,0,0,0,0,-291000,0,0,0,292000,583000,-291000,-291000
6251,定穎            ,369000,568000,-199000,0,0,0,0,0,0,-92000,0,92000,-92000,0,0,0,-291000
055851,智原元大98購01  ,0,0,0,0,0,0,0,0,0,-292000,0,0,0,20000,312000,-292000,-292000
057048,新日興元大98購01,0,0,0,0,0,0,0,0,0,-293000,0,0,0,213000,506000,-293000,-293000
04737P,正崴永豐94售02  ,0,0,0,0,0,0,0,0,0,-293000,0,0,0,0,293000,-293000,-293000
049697,群創元大98購01  ,0,0,0,0,0,0,0,0,0,-293000,0,0,0,116000,409000,-293000,-293000
052103,台積電兆豐95購06,0,0,0,0,0,0,0,0,0,-293000,0,0,0,122000,415000,-293000,-293000
2002,中鋼            ,4105000,4513000,-408000,0,0,0,169000,0,169000,-54000,0,54000,-54000,0,0,0,-293000
05844P,旺宏元大96售07  ,15000,0,15000,0,0,0,0,0,0,-309000,0,0,0,124000,433000,-309000,-294000
054578,世芯元大99購01  ,0,0,0,0,0,0,0,0,0,-294000,0,0,0,45000,339000,-294000,-294000
057292,國巨國泰9B購01  ,0,0,0,0,0,0,0,0,0,-295000,0,0,0,79000,374000,-295000,-295000
05480P,滬深2X凱基96售05,0,0,0,0,0,0,0,0,0,-295000,0,0,0,219000,514000,-295000,-295000
044602,大立光國泰93購01,0,0,0,0,0,0,0,0,0,-296000,0,0,0,0,296000,-296000,-296000
054926,神達凱基98購01  ,0,0,0,0,0,0,0,0,0,-297000,0,0,0,181000,478000,-297000,-297000
04795P,聯發科元大94售09,0,0,0,0,0,0,0,0,0,-298000,0,0,0,0,298000,-298000,-298000
054350,美律國泰98購01  ,0,0,0,0,0,0,0,0,0,-298000,0,0,0,0,298000,-298000,-298000
055559,大立光凱基97購09,0,0,0,0,0,0,0,0,0,-299000,0,0,0,0,299000,-299000,-299000
055128,致新兆豐97購01  ,0,0,0,0,0,0,0,0,0,-299000,0,0,0,10000,309000,-299000,-299000
053452,臺股指凱基97購01,0,0,0,0,0,0,0,0,0,-299000,0,0,0,10000,309000,-299000,-299000
053830,台積電台新96購02,0,0,0,0,0,0,0,0,0,-299000,0,0,0,0,299000,-299000,-299000
05577P,上銀凱基96售02  ,0,0,0,0,0,0,0,0,0,-300000,0,0,0,0,300000,-300000,-300000
056536,義隆凱基98購04  ,0,0,0,0,0,0,0,0,0,-300000,0,0,0,36000,336000,-300000,-300000
04773P,金融類元大94售01,0,0,0,0,0,0,0,0,0,-300000,0,0,0,0,300000,-300000,-300000
04774P,金融類元大94售02,0,0,0,0,0,0,0,0,0,-300000,0,0,0,0,300000,-300000,-300000
049185,南電凱基94購03  ,0,0,0,0,0,0,0,0,0,-300000,0,0,0,0,300000,-300000,-300000
05090P,國巨元大95售05  ,0,0,0,0,0,0,0,0,0,-300000,0,0,0,20000,320000,-300000,-300000
04885P,大立光凱基94售19,0,0,0,0,0,0,0,0,0,-300000,0,0,0,0,300000,-300000,-300000
053727,麗豐凱基97購01  ,0,0,0,0,0,0,0,0,0,-300000,0,0,0,0,300000,-300000,-300000
05297P,臻鼎凱基95售04  ,0,0,0,0,0,0,0,0,0,-300000,0,0,0,41000,341000,-300000,-300000
05305P,華新科國泰97售01,0,0,0,0,0,0,0,0,0,-300000,0,0,0,0,300000,-300000,-300000
054747,麗豐凱基98購01  ,0,0,0,0,0,0,0,0,0,-300000,0,0,0,0,300000,-300000,-300000
05448P,臺股指元大95售25,0,0,0,0,0,0,0,0,0,-300000,0,0,0,0,300000,-300000,-300000
03576P,台灣50元富06售01,0,0,0,0,0,0,0,0,0,-301000,0,0,0,149000,450000,-301000,-301000
054507,鈺齊永豐96購01  ,0,0,0,0,0,0,0,0,0,-302000,0,0,0,0,302000,-302000,-302000
051816,臺股指凱基95購07,0,0,0,0,0,0,0,0,0,-304000,0,0,0,0,304000,-304000,-304000
050445,鴻海元大94購21  ,0,0,0,0,0,0,0,0,0,-304000,0,0,0,741000,1045000,-304000,-304000
054973,台郡元大98購02  ,0,0,0,0,0,0,0,0,0,-304000,0,0,0,4000,308000,-304000,-304000
06378P,國巨統一97售08  ,0,0,0,0,0,0,0,0,0,-304000,0,0,0,130000,434000,-304000,-304000
057114,台虹群益98購01  ,0,0,0,0,0,0,0,0,0,-305000,0,0,0,8000,313000,-305000,-305000
050453,創意元大95購03  ,0,0,0,0,0,0,0,0,0,-305000,0,0,0,5000,310000,-305000,-305000
056580,泰鼎元大9A購01  ,0,0,0,0,0,0,0,0,0,-307000,0,0,0,722000,1029000,-307000,-307000
06110P,國巨國泰98售02  ,0,0,0,0,0,0,0,0,0,-307000,0,0,0,502000,809000,-307000,-307000
053035,台表科兆豐97購01,0,0,0,0,0,0,0,0,0,-307000,0,0,0,278000,585000,-307000,-307000
045522,滬深2X永豐94購01,0,0,0,0,0,0,0,0,0,-308000,0,0,0,0,308000,-308000,-308000
051420,康控國票95購05  ,0,0,0,0,0,0,0,0,0,-308000,0,0,0,30000,338000,-308000,-308000
052135,聯發科凱基9B購01,0,0,0,0,0,0,0,0,0,-308000,0,0,0,284000,592000,-308000,-308000
051284,上銀統一95購02  ,1000,0,1000,0,0,0,0,0,0,-309000,0,0,0,0,309000,-309000,-308000
057080,華新科統一99購02,0,0,0,0,0,0,0,0,0,-309000,0,0,0,50000,359000,-309000,-309000
050708,臺股指凱基96購06,0,0,0,0,0,0,0,0,0,-309000,0,0,0,0,309000,-309000,-309000
052595,奇力新群益96購01,0,0,0,0,0,0,0,0,0,-309000,0,0,0,179000,488000,-309000,-309000
056782,鴻海群益98購04  ,0,0,0,0,0,0,0,0,0,-310000,0,0,0,148000,458000,-310000,-310000
050944,智邦群益95購01  ,0,0,0,0,0,0,0,0,0,-310000,0,0,0,0,310000,-310000,-310000
049987,智易凱基94購03  ,0,0,0,0,0,0,0,0,0,-310000,0,0,0,0,310000,-310000,-310000
00762,元大全球AI      ,0,0,0,0,0,0,0,0,0,-312000,0,0,0,59000,371000,-312000,-312000
052965,廣宇群益97購01  ,0,0,0,0,0,0,0,0,0,-312000,0,0,0,16000,328000,-312000,-312000
051367,可成富邦97購01  ,0,0,0,0,0,0,0,0,0,-313000,0,0,0,8000,321000,-313000,-313000
055185,晶相光統一97購01,0,0,0,0,0,0,0,0,0,-313000,0,0,0,0,313000,-313000,-313000
051187,晶相光永豐95購01,0,0,0,0,0,0,0,0,0,-314000,0,0,0,100000,414000,-314000,-314000
051309,卜蜂麥證95購01  ,0,0,0,21000,335000,-314000,0,0,0,-314000,0,0,0,21000,335000,-314000,-314000
050101,台積電永昌96購03,50000,0,50000,0,0,0,0,0,0,-364000,0,0,0,306000,670000,-364000,-314000
051045,南茂永豐95購01  ,0,0,0,0,0,0,0,0,0,-315000,0,0,0,0,315000,-315000,-315000
053770,元金2X元大98購01,10000,0,10000,0,0,0,0,0,0,-326000,0,0,0,0,326000,-326000,-316000
053967,華邦電元大96購03,0,0,0,0,0,0,0,0,0,-316000,0,0,0,13000,329000,-316000,-316000
047716,晶技凱基93購03  ,0,0,0,0,0,0,0,0,0,-317000,0,0,0,4000,321000,-317000,-317000
051735,台積電國票96購06,0,0,0,0,0,0,0,0,0,-317000,0,0,0,14000,331000,-317000,-317000
054752,易華電凱基97購02,0,0,0,0,0,0,0,0,0,-317000,0,0,0,100000,417000,-317000,-317000
054545,奇力新中信98購01,0,0,0,0,0,0,0,0,0,-318000,0,0,0,70000,388000,-318000,-318000
052972,義隆群益96購04  ,0,0,0,0,0,0,0,0,0,-319000,0,0,0,0,319000,-319000,-319000
055663,崇越中信97購01  ,0,0,0,0,0,0,0,0,0,-320000,0,0,0,0,320000,-320000,-320000
04950P,上証2X中信96售02,0,0,0,0,0,0,0,0,0,-320000,0,0,0,100000,420000,-320000,-320000
053308,智易凱基96購02  ,0,0,0,0,0,0,0,0,0,-320000,0,0,0,60000,380000,-320000,-320000
055368,台積電元大97購24,0,0,0,0,0,0,0,0,0,-321000,0,0,0,490000,811000,-321000,-321000
057161,亞德客元大98購02,0,0,0,0,0,0,0,0,0,-322000,0,0,0,300000,622000,-322000,-322000
06233P,訊芯永豐97售03  ,0,0,0,0,0,0,0,0,0,-322000,0,0,0,87000,409000,-322000,-322000
057390,台表科永豐98購01,0,0,0,0,0,0,0,0,0,-324000,0,0,0,40000,364000,-324000,-324000
051426,道瓊反統一95購02,0,0,0,0,0,0,0,0,0,-324000,0,0,0,0,324000,-324000,-324000
053096,康控統一96購01  ,0,0,0,0,0,0,0,0,0,-324000,0,0,0,48000,372000,-324000,-324000
8110,華東            ,77000,380000,-303000,0,0,0,0,0,0,-21000,29000,50000,-21000,0,0,0,-324000
046574,泰鼎國泰94購01  ,0,0,0,0,0,0,0,0,0,-325000,0,0,0,56000,381000,-325000,-325000
2478,大毅            ,621000,895000,-274000,0,0,0,0,0,0,-51000,0,21000,-21000,97000,127000,-30000,-325000
051911,大立光元大98購02,0,0,0,0,0,0,0,0,0,-326000,0,0,0,231000,557000,-326000,-326000
5434,崇越            ,37000,347000,-310000,0,0,0,0,0,0,-16000,15000,43000,-28000,12000,0,12000,-326000
055579,健策統一9A購01  ,0,0,0,0,0,0,0,0,0,-327000,0,0,0,85000,412000,-327000,-327000
053767,臻鼎富邦97購02  ,0,0,0,0,0,0,0,0,0,-327000,0,0,0,0,327000,-327000,-327000
3044,健鼎            ,180000,536000,-356000,0,0,0,0,0,0,29000,46000,15000,31000,0,2000,-2000,-327000
05037P,華新科元大95售09,0,0,0,0,0,0,0,0,0,-330000,0,0,0,99000,429000,-330000,-330000
051215,大立光統一95購03,0,0,0,0,0,0,0,0,0,-332000,0,0,0,0,332000,-332000,-332000
049797,台積電元大94購17,0,0,0,0,0,0,0,0,0,-333000,0,0,0,202000,535000,-333000,-333000
048031,全新凱基93購02  ,0,0,0,0,0,0,0,0,0,-334000,0,0,0,0,334000,-334000,-334000
3017,奇鋐            ,705000,1070000,-365000,0,0,0,38000,0,38000,-7000,0,1000,-1000,25000,31000,-6000,-334000
055976,台積電統一99購03,0,0,0,0,0,0,0,0,0,-335000,0,0,0,79000,414000,-335000,-335000
06081P,深中小元大97售02,0,0,0,0,0,0,0,0,0,-335000,0,0,0,20000,355000,-335000,-335000
2637,慧洋-KY         ,492000,845000,-353000,0,0,0,1000,0,1000,17000,0,0,0,17000,0,17000,-335000
05862P,大立光國泰98售01,0,0,0,0,0,0,0,0,0,-336000,0,0,0,1006000,1342000,-336000,-336000
046793,聯發科元富99購01,0,0,0,0,0,0,0,0,0,-336000,0,0,0,91000,427000,-336000,-336000
054640,健策中信9B購01  ,0,0,0,0,0,0,0,0,0,-338000,0,0,0,70000,408000,-338000,-338000
051826,智邦元大95購03  ,0,0,0,0,0,0,0,0,0,-339000,0,0,0,125000,464000,-339000,-339000
054313,麗豐凱基96購02  ,0,0,0,0,0,0,0,0,0,-339000,0,0,0,0,339000,-339000,-339000
052888,台表科中信9A購01,0,0,0,0,0,0,0,0,0,-340000,0,0,0,67000,407000,-340000,-340000
051667,光磊元大96購02  ,0,0,0,0,0,0,0,0,0,-341000,0,0,0,30000,371000,-341000,-341000
054248,燿華元大97購02  ,0,0,0,0,0,0,0,0,0,-341000,0,0,0,106000,447000,-341000,-341000
055574,美律統一97購01  ,0,0,0,0,0,0,0,0,0,-342000,0,0,0,48000,390000,-342000,-342000
055712,金寶元大97購02  ,0,0,0,0,0,0,0,0,0,-343000,0,0,0,93000,436000,-343000,-343000
053939,台表科元富96購03,0,0,0,0,0,0,0,0,0,-343000,0,0,0,20000,363000,-343000,-343000
053559,台積電國泰98購01,0,0,0,0,0,0,0,0,0,-344000,0,0,0,80000,424000,-344000,-344000
055492,華新科元大97購08,0,0,0,0,0,0,0,0,0,-347000,0,0,0,233000,580000,-347000,-347000
057167,台積電元大99購03,0,0,0,0,0,0,0,0,0,-347000,0,0,0,200000,547000,-347000,-347000
2426,鼎元            ,159000,503000,-344000,0,0,0,0,0,0,-3000,0,3000,-3000,0,0,0,-347000
05716P,T50反1元大98售03,0,0,0,0,0,0,0,0,0,-348000,0,0,0,20000,368000,-348000,-348000
054925,神達凱基97購01  ,1000,0,1000,0,0,0,0,0,0,-349000,0,0,0,67000,416000,-349000,-348000
04250P,嘉晶統一95售02  ,0,0,0,0,0,0,0,0,0,-349000,0,0,0,1000,350000,-349000,-349000
053044,南茂凱基96購02  ,0,0,0,0,0,0,0,0,0,-351000,0,0,0,0,351000,-351000,-351000
05331P,上証2X國票96售01,0,0,0,0,0,0,0,0,0,-353000,0,0,0,55000,408000,-353000,-353000
055422,康控永豐97購01  ,0,0,0,0,0,0,0,0,0,-354000,0,0,0,68000,422000,-354000,-354000
053695,智易元大97購02  ,0,0,0,0,0,0,0,0,0,-354000,0,0,0,6000,360000,-354000,-354000
056398,南茂永豐98購01  ,0,0,0,0,0,0,0,0,0,-355000,0,0,0,50000,405000,-355000,-355000
05761P,嘉澤永豐96售01  ,0,0,0,0,0,0,0,0,0,-355000,0,0,0,30000,385000,-355000,-355000
056275,國巨國泰98購04  ,0,0,0,0,0,0,0,0,0,-356000,0,0,0,416000,772000,-356000,-356000
00640L,富邦日本正2     ,4000,0,4000,0,0,0,0,0,0,-361000,0,0,0,323000,684000,-361000,-357000
052913,鴻海元富96購05  ,0,0,0,0,0,0,0,0,0,-357000,0,0,0,22000,379000,-357000,-357000
056112,勤誠永豐97購02  ,0,0,0,0,0,0,0,0,0,-358000,0,0,0,0,358000,-358000,-358000
047004,台積電統一99購01,1000,0,1000,0,0,0,0,0,0,-359000,0,0,0,12000,371000,-359000,-358000
049026,晶相光群益94購01,0,0,0,0,0,0,0,0,0,-358000,0,0,0,38000,396000,-358000,-358000
08637P,台灣50中信96售03,0,0,0,0,0,0,0,0,0,-359000,0,0,0,1075000,1434000,-359000,-359000
051408,台積電國票95購03,0,0,0,0,0,0,0,0,0,-360000,0,0,0,83000,443000,-360000,-360000
054745,智易凱基97購01  ,0,0,0,0,0,0,0,0,0,-360000,0,0,0,0,360000,-360000,-360000
055106,台積電凱基98購05,0,0,0,0,0,0,0,0,0,-360000,0,0,0,1000,361000,-360000,-360000
051567,台積電富邦95購06,0,0,0,0,0,0,0,0,0,-361000,0,0,0,0,361000,-361000,-361000
045053,聯發科元富98購01,0,0,0,0,0,0,0,0,0,-363000,0,0,0,91000,454000,-363000,-363000
2354,鴻準            ,284000,648000,-364000,0,0,0,3000,0,3000,-2000,6000,8000,-2000,0,0,0,-363000
06016P,京元電凱基96售03,0,0,0,0,0,0,0,0,0,-364000,0,0,0,41000,405000,-364000,-364000
2903,遠百            ,117000,516000,-399000,0,0,0,0,0,0,35000,35000,0,35000,0,0,0,-364000
057268,臻鼎兆豐99購01  ,0,0,0,0,0,0,0,0,0,-366000,0,0,0,3000,369000,-366000,-366000
056165,矽力凱基98購02  ,0,0,0,0,0,0,0,0,0,-366000,0,0,0,248000,614000,-366000,-366000
054900,金寶康和97購01  ,0,0,0,0,0,0,0,0,0,-366000,0,0,0,47000,413000,-366000,-366000
3035,智原            ,559000,887000,-328000,0,0,0,0,0,0,-38000,24000,3000,21000,40000,99000,-59000,-366000
047285,鴻海統一95購02  ,0,0,0,0,0,0,0,0,0,-367000,0,0,0,510000,877000,-367000,-367000
047495,新日興元富96購01,0,0,0,0,0,0,0,0,0,-368000,0,0,0,130000,498000,-368000,-368000
055300,緯穎元大98購01  ,0,0,0,0,0,0,0,0,0,-368000,0,0,0,66000,434000,-368000,-368000
053260,喬山群益96購01  ,0,0,0,0,0,0,0,0,0,-368000,0,0,0,18000,386000,-368000,-368000
044964,旺宏中信94購01  ,0,0,0,0,0,0,0,0,0,-369000,0,0,0,8000,377000,-369000,-369000
6116,彩晶            ,1530000,2283000,-753000,0,0,0,0,0,0,384000,8000,22000,-14000,583000,185000,398000,-369000
056232,瑞儀凱基98購01  ,0,0,0,0,0,0,0,0,0,-370000,0,0,0,0,370000,-370000,-370000
053104,台表科元富96購02,0,0,0,0,0,0,0,0,0,-370000,0,0,0,21000,391000,-370000,-370000
055283,聯發科元大97購16,0,0,0,0,0,0,0,0,0,-370000,0,0,0,213000,583000,-370000,-370000
056671,台灣50元富9A購01,0,0,0,0,0,0,0,0,0,-371000,0,0,0,336000,707000,-371000,-371000
056051,T50反1元大97購05,0,0,0,0,0,0,0,0,0,-373000,0,0,0,2382000,2755000,-373000,-373000
055148,鴻海元大98購02  ,0,0,0,0,0,0,0,0,0,-373000,0,0,0,50000,423000,-373000,-373000
055580,南茂統一97購01  ,0,0,0,0,0,0,0,0,0,-377000,0,0,0,0,377000,-377000,-377000
052653,臺股指永豐97購01,0,0,0,0,0,0,0,0,0,-377000,0,0,0,33000,410000,-377000,-377000
056646,奇鋐凱基99購02  ,0,0,0,0,0,0,0,0,0,-378000,0,0,0,70000,448000,-378000,-378000
05852P,嘉晶群益96售01  ,0,0,0,0,0,0,0,0,0,-379000,0,0,0,0,379000,-379000,-379000
055880,神達元富97購02  ,0,0,0,0,0,0,0,0,0,-379000,0,0,0,317000,696000,-379000,-379000
03960P,新日興元富96售02,0,0,0,0,0,0,0,0,0,-379000,0,0,0,25000,404000,-379000,-379000
052942,聯發科中信97購04,0,0,0,0,0,0,0,0,0,-380000,0,0,0,40000,420000,-380000,-380000
054372,南亞科中信96購01,0,0,0,0,0,0,0,0,0,-380000,0,0,0,21000,401000,-380000,-380000
054074,健策富邦98購01  ,0,0,0,0,0,0,0,0,0,-382000,0,0,0,78000,460000,-382000,-382000
2379,瑞昱            ,492989,767000,-274011,0,0,0,5000,5000,0,-109000,20000,50000,-30000,9000,88000,-79000,-383011
05396P,台郡元大95售05  ,0,0,0,0,0,0,0,0,0,-384000,0,0,0,3000,387000,-384000,-384000
03427P,聯電元大02售11  ,0,0,0,0,0,0,0,0,0,-386000,0,0,0,42000,428000,-386000,-386000
3406,玉晶光          ,477000,459933,17067,0,0,0,0,361000,-361000,-43000,16000,62000,-46000,16000,13000,3000,-386933
04820P,聯茂永豐94售02  ,0,0,0,0,0,0,0,0,0,-388000,0,0,0,0,388000,-388000,-388000
053334,訊芯永豐96購01  ,0,0,0,0,0,0,0,0,0,-388000,0,0,0,0,388000,-388000,-388000
056458,日月光凱基98購02,0,0,0,0,0,0,0,0,0,-390000,0,0,0,23000,413000,-390000,-390000
052613,易華電元大96購01,0,0,0,0,0,0,0,0,0,-391000,0,0,0,0,391000,-391000,-391000
056436,台積電凱基98購10,0,0,0,0,0,0,0,0,0,-392000,0,0,0,68000,460000,-392000,-392000
055729,金寶元富99購01  ,0,0,0,0,0,0,0,0,0,-392000,0,0,0,91000,483000,-392000,-392000
047437,旺宏元大94購02  ,0,0,0,0,0,0,0,0,0,-392000,0,0,0,15000,407000,-392000,-392000
049125,禾伸堂元富94購01,0,0,0,0,0,0,0,0,0,-392000,0,0,0,125000,517000,-392000,-392000
1217,愛之味          ,430000,799000,-369000,0,0,0,0,0,0,-23000,0,23000,-23000,0,0,0,-392000
055451,台積電元富97購02,0,0,0,0,0,0,0,0,0,-393000,0,0,0,246000,639000,-393000,-393000
05315P,鴻海永昌96售08  ,0,0,0,0,0,0,0,0,0,-393000,0,0,0,213000,606000,-393000,-393000
05456P,鴻海凱基95售19  ,0,0,0,0,0,0,0,0,0,-394000,0,0,0,31000,425000,-394000,-394000
055260,晶相光統一98購01,0,0,0,0,0,0,0,0,0,-394000,0,0,0,107000,501000,-394000,-394000
050603,致新國泰96購01  ,0,0,0,0,0,0,0,0,0,-395000,0,0,0,10000,405000,-395000,-395000
06353P,電子類富邦99售02,0,0,0,0,0,0,0,0,0,-395000,0,0,0,39000,434000,-395000,-395000
048511,美律凱基93購07  ,0,0,0,0,0,0,0,0,0,-399000,0,0,0,1000,400000,-399000,-399000
046798,元油2X元大96購01,0,0,0,0,0,0,0,0,0,-400000,0,0,0,50000,450000,-400000,-400000
051595,康控元大95購04  ,0,0,0,0,0,0,0,0,0,-400000,0,0,0,0,400000,-400000,-400000
04768P,大立光國泰96售03,0,0,0,0,0,0,0,0,0,-401000,0,0,0,277000,678000,-401000,-401000
053619,和碩群益96購01  ,0,0,0,0,0,0,0,0,0,-401000,0,0,0,0,401000,-401000,-401000
057376,新日興元大98購04,0,0,0,0,0,0,0,0,0,-402000,0,0,0,13000,415000,-402000,-402000
055276,台積電元大97購20,0,0,0,0,0,0,0,0,0,-403000,0,0,0,419000,822000,-403000,-403000
05566P,景碩永豐96售01  ,0,0,0,0,0,0,0,0,0,-404000,0,0,0,0,404000,-404000,-404000
05783P,嘉澤元富96售01  ,0,0,0,0,0,0,0,0,0,-405000,0,0,0,101000,506000,-405000,-405000
05767P,國巨凱基96售11  ,0,0,0,0,0,0,0,0,0,-407000,0,0,0,1000,408000,-407000,-407000
053439,台積電凱基96購11,0,0,0,0,0,0,0,0,0,-407000,0,0,0,0,407000,-407000,-407000
055998,臺股指富邦99購01,0,0,0,0,0,0,0,0,0,-408000,0,0,0,1000,409000,-408000,-408000
9938,百和            ,133000,389000,-256000,0,0,0,0,158000,-158000,6000,0,7000,-7000,14000,1000,13000,-408000
04859P,台達電群益94售04,0,0,0,0,0,0,0,0,0,-409000,0,0,0,11000,420000,-409000,-409000
3026,禾伸堂          ,468000,963000,-495000,0,0,0,60000,0,60000,25000,5000,1000,4000,59000,38000,21000,-410000
05359P,嘉澤元大95售02  ,0,0,0,0,0,0,0,0,0,-411000,0,0,0,40000,451000,-411000,-411000
053999,台表科群益96購06,0,0,0,0,0,0,0,0,0,-413000,0,0,0,0,413000,-413000,-413000
055590,聯發科元大98購02,0,0,0,0,0,0,0,0,0,-415000,0,0,0,189000,604000,-415000,-415000
052402,健策凱基97購01  ,0,0,0,0,0,0,0,0,0,-415000,0,0,0,219000,634000,-415000,-415000
055411,國巨富邦9A購02  ,0,0,0,0,0,0,0,0,0,-416000,0,0,0,437000,853000,-416000,-416000
06160P,台達電群益97售01,0,0,0,0,0,0,0,0,0,-418000,0,0,0,11000,429000,-418000,-418000
050914,健鼎中信95購01  ,0,0,0,0,0,0,0,0,0,-420000,0,0,0,0,420000,-420000,-420000
049875,台積電永豐94購04,0,0,0,0,0,0,0,0,0,-421000,0,0,0,141000,562000,-421000,-421000
051614,元金2X凱基97購01,0,0,0,0,0,0,0,0,0,-421000,0,0,0,10000,431000,-421000,-421000
054607,台積電永豐97購03,0,0,0,0,0,0,0,0,0,-421000,0,0,0,74000,495000,-421000,-421000
055774,台光電凱基97購02,0,0,0,0,0,0,0,0,0,-423000,0,0,0,29000,452000,-423000,-423000
06100P,台積電日盛97售03,0,0,0,0,0,0,0,0,0,-423000,0,0,0,1529000,1952000,-423000,-423000
049570,華新科統一94購04,0,0,0,0,0,0,0,0,0,-425000,0,0,0,72000,497000,-425000,-425000
045872,元油2X元富98購03,0,0,0,0,0,0,0,0,0,-426000,0,0,0,815000,1241000,-426000,-426000
056585,台積電統一9A購01,0,0,0,0,0,0,0,0,0,-427000,0,0,0,111000,538000,-427000,-427000
047234,晶技凱基93購01  ,0,0,0,0,0,0,0,0,0,-428000,0,0,0,5000,433000,-428000,-428000
051104,鈺齊元大96購01  ,0,0,0,0,0,0,0,0,0,-429000,0,0,0,22000,451000,-429000,-429000
057237,群創凱基9B購02  ,0,0,0,0,0,0,0,0,0,-430000,0,0,0,0,430000,-430000,-430000
056236,台積電群益97購06,0,0,0,0,0,0,0,0,0,-430000,0,0,0,210000,640000,-430000,-430000
047028,新日興元大93購02,0,0,0,0,0,0,0,0,0,-430000,0,0,0,30000,460000,-430000,-430000
055301,台虹元大97購01  ,0,0,0,0,0,0,0,0,0,-430000,0,0,0,26000,456000,-430000,-430000
1434,福懋            ,430000,872000,-442000,0,0,0,16000,0,16000,-4000,0,4000,-4000,0,0,0,-430000
05713P,大立光統一96售05,0,0,0,0,0,0,0,0,0,-432000,0,0,0,104000,536000,-432000,-432000
054632,緯穎凱基9A購01  ,0,0,0,0,0,0,0,0,0,-434000,0,0,0,106000,540000,-434000,-434000
057049,新日興元大98購02,0,0,0,0,0,0,0,0,0,-435000,0,0,0,182000,617000,-435000,-435000
052986,聯發科元大97購05,0,0,0,0,0,0,0,0,0,-436000,0,0,0,244000,680000,-436000,-436000
048527,鴻海國票94購02  ,0,0,0,0,0,0,0,0,0,-437000,0,0,0,10000,447000,-437000,-437000
051446,中壽元大96購01  ,0,0,0,0,0,0,0,0,0,-438000,0,0,0,0,438000,-438000,-438000
049730,滬深2X群益94購02,0,0,0,0,0,0,0,0,0,-439000,0,0,0,1058000,1497000,-439000,-439000
04977P,力成凱基96售01  ,0,0,0,0,0,0,0,0,0,-440000,0,0,0,0,440000,-440000,-440000
050530,台表科元大95購04,0,0,0,0,0,0,0,0,0,-442000,0,0,0,88000,530000,-442000,-442000
046650,台表科國泰94購01,0,0,0,0,0,0,0,0,0,-444000,0,0,0,0,444000,-444000,-444000
050742,新日興永豐94購01,0,0,0,0,0,0,0,0,0,-446000,0,0,0,126000,572000,-446000,-446000
053992,中環群益96購01  ,0,0,0,0,0,0,0,0,0,-446000,0,0,0,0,446000,-446000,-446000
052233,台郡凱基96購01  ,0,0,0,0,0,0,0,0,0,-447000,0,0,0,239000,686000,-447000,-447000
051907,台積電元大97購05,0,0,0,0,0,0,0,0,0,-448000,0,0,0,127000,575000,-448000,-448000
056985,智原群益98購03  ,0,0,0,0,0,0,0,0,0,-450000,0,0,0,0,450000,-450000,-450000
057421,智原凱基98購04  ,0,0,0,0,0,0,0,0,0,-450000,0,0,0,35000,485000,-450000,-450000
055996,矽力國泰99購01  ,0,0,0,0,0,0,0,0,0,-450000,0,0,0,103000,553000,-450000,-450000
047504,滬深2X國票9A購01,0,0,0,0,0,0,0,0,0,-456000,0,0,0,45000,501000,-456000,-456000
054623,華新科第一97購01,0,0,0,0,0,0,0,0,0,-458000,0,0,0,245000,703000,-458000,-458000
040215,上証反凱基95購01,0,0,0,0,0,0,0,0,0,-459000,0,0,0,40000,499000,-459000,-459000
049825,台積電凱基94購26,0,0,0,0,0,0,0,0,0,-460000,0,0,0,61000,521000,-460000,-460000
051240,台積電元大95購12,0,0,0,0,0,0,0,0,0,-463000,0,0,0,530000,993000,-463000,-463000
056263,友訊統一99購01  ,0,0,0,0,0,0,0,0,0,-464000,0,0,0,33000,497000,-464000,-464000
054633,臺股指凱基9A購02,0,0,0,0,0,0,0,0,0,-464000,0,0,0,130000,594000,-464000,-464000
00708L,元大S&P黃金正2  ,0,0,0,0,0,0,0,0,0,-469000,0,0,0,521000,990000,-469000,-469000
053411,深中小國票9B購01,0,0,0,0,0,0,0,0,0,-470000,0,0,0,446000,916000,-470000,-470000
06488P,台積電元富98售05,0,0,0,0,0,0,0,0,0,-470000,0,0,0,170000,640000,-470000,-470000
047379,元油2X元大96購03,0,0,0,0,0,0,0,0,0,-472000,0,0,0,8000,480000,-472000,-472000
047967,南亞科國泰95購01,0,0,0,0,0,0,0,0,0,-473000,0,0,0,197000,670000,-473000,-473000
051259,鴻海永昌96購03  ,0,0,0,0,0,0,0,0,0,-474000,0,0,0,4163000,4637000,-474000,-474000
6669,緯穎            ,341000,646000,-305000,0,0,0,0,123000,-123000,-46000,10000,34000,-24000,8000,30000,-22000,-474000
006208,富邦台50        ,1000,0,1000,0,0,0,0,0,0,-477000,0,0,0,653000,1130000,-477000,-476000
049785,華新科兆豐95購01,0,0,0,0,0,0,0,0,0,-477000,0,0,0,92000,569000,-477000,-477000
053851,鴻海國泰98購03  ,0,0,0,0,0,0,0,0,0,-478000,0,0,0,0,478000,-478000,-478000
045410,華邦電群益94購01,0,0,0,0,0,0,0,0,0,-479000,0,0,0,0,479000,-479000,-479000
04871P,力成元富94售02  ,0,0,0,0,0,0,0,0,0,-480000,0,0,0,0,480000,-480000,-480000
053686,台積電元大97購08,0,0,0,0,0,0,0,0,0,-480000,0,0,0,10000,490000,-480000,-480000
4142,國光生          ,448000,925000,-477000,0,0,0,0,0,0,-4000,0,4000,-4000,0,0,0,-481000
056612,台積電永豐98購01,0,0,0,0,0,0,0,0,0,-482000,0,0,0,128000,610000,-482000,-482000
056593,台積電元富98購02,0,0,0,0,0,0,0,0,0,-483000,0,0,0,463000,946000,-483000,-483000
05777P,台積電統一96售04,0,0,0,0,0,0,0,0,0,-484000,0,0,0,15000,499000,-484000,-484000
052869,新日興凱基96購01,0,0,0,0,0,0,0,0,0,-485000,0,0,0,33000,518000,-485000,-485000
053797,台積電中信98購01,0,0,0,0,0,0,0,0,0,-488000,0,0,0,9000,497000,-488000,-488000
057064,華新科富邦9B購01,0,0,0,0,0,0,0,0,0,-490000,0,0,0,95000,585000,-490000,-490000
04995P,台達電凱基96售03,0,0,0,0,0,0,0,0,0,-490000,0,0,0,145000,635000,-490000,-490000
057531,禾伸堂元大99購04,0,0,0,0,0,0,0,0,0,-493000,0,0,0,117000,610000,-493000,-493000
051039,台表科康和95購01,0,0,0,0,0,0,0,0,0,-494000,0,0,0,308000,802000,-494000,-494000
047466,新光金國泰95購01,0,0,0,0,0,0,0,0,0,-494000,0,0,0,0,494000,-494000,-494000
050142,聯發科元富9A購01,0,0,0,0,0,0,0,0,0,-494000,0,0,0,55000,549000,-494000,-494000
06501P,臺股指元大9A售06,0,0,0,0,0,0,0,0,0,-494000,0,0,0,5000,499000,-494000,-494000
057474,T50反1元大98購09,0,0,0,0,0,0,0,0,0,-495000,0,0,0,0,495000,-495000,-495000
052392,台表科群益96購02,0,0,0,0,0,0,0,0,0,-496000,0,0,0,431000,927000,-496000,-496000
052941,康控兆豐97購01  ,0,0,0,0,0,0,0,0,0,-496000,0,0,0,36000,532000,-496000,-496000
055151,台積電元大98購05,0,0,0,0,0,0,0,0,0,-498000,0,0,0,609000,1107000,-498000,-498000
05717P,鴻海元大97售07  ,0,0,0,0,0,0,0,0,0,-499000,0,0,0,30000,529000,-499000,-499000
047374,麗豐國票93購01  ,0,0,0,0,0,0,0,0,0,-499000,0,0,0,0,499000,-499000,-499000
047294,大立光元富93購04,0,0,0,0,0,0,0,0,0,-499000,0,0,0,0,499000,-499000,-499000
046843,上銀永豐93購01  ,0,0,0,0,0,0,0,0,0,-499000,0,0,0,0,499000,-499000,-499000
3665,貿聯-KY         ,48000,510000,-462000,0,0,0,0,0,0,-37000,0,10000,-10000,21000,48000,-27000,-499000
051226,英業達群益95購01,0,0,0,0,0,0,0,0,0,-500000,0,0,0,0,500000,-500000,-500000
048272,新光金富邦98購01,0,0,0,0,0,0,0,0,0,-500000,0,0,0,27000,527000,-500000,-500000
048392,宏碁國票94購01  ,0,0,0,0,0,0,0,0,0,-500000,0,0,0,0,500000,-500000,-500000
047618,義隆凱基94購02  ,0,0,0,0,0,0,0,0,0,-500000,0,0,0,0,500000,-500000,-500000
044190,聯詠富邦93購01  ,0,0,0,0,0,0,0,0,0,-500000,0,0,0,0,500000,-500000,-500000
057291,國巨國泰9A購01  ,0,0,0,0,0,0,0,0,0,-501000,0,0,0,85000,586000,-501000,-501000
055987,台表科元富97購01,0,0,0,0,0,0,0,0,0,-502000,0,0,0,20000,522000,-502000,-502000
056077,矽力元大97購07  ,0,0,0,0,0,0,0,0,0,-502000,0,0,0,20000,522000,-502000,-502000
4904,遠傳            ,1337000,1815000,-478000,0,0,0,21000,0,21000,-46000,0,40000,-40000,0,6000,-6000,-503000
054993,南亞科元富97購03,0,0,0,0,0,0,0,0,0,-504000,0,0,0,24000,528000,-504000,-504000
055763,鎧勝群益97購01  ,0,0,0,0,0,0,0,0,0,-505000,0,0,0,10000,515000,-505000,-505000
052449,創意元大95購04  ,0,0,0,0,0,0,0,0,0,-509000,0,0,0,0,509000,-509000,-509000
050776,康控元大96購03  ,0,0,0,0,0,0,0,0,0,-509000,0,0,0,0,509000,-509000,-509000
045824,嘉聯益凱基93購02,0,0,0,0,0,0,0,0,0,-510000,0,0,0,0,510000,-510000,-510000
048745,儒鴻元富97購02  ,0,0,0,0,0,0,0,0,0,-510000,0,0,0,53000,563000,-510000,-510000
055275,台積電元大97購19,0,0,0,0,0,0,0,0,0,-513000,0,0,0,515000,1028000,-513000,-513000
053581,台積電元大96購14,0,0,0,0,0,0,0,0,0,-513000,0,0,0,296000,809000,-513000,-513000
045572,元油2X元大98購01,0,0,0,0,0,0,0,0,0,-517000,0,0,0,30000,547000,-517000,-517000
9904,寶成            ,884000,1416000,-532000,0,0,0,36000,0,36000,-21000,0,5000,-5000,0,16000,-16000,-517000
056811,健策統一9B購01  ,0,0,0,0,0,0,0,0,0,-520000,0,0,0,0,520000,-520000,-520000
056871,新日興日盛99購01,0,0,0,0,0,0,0,0,0,-524000,0,0,0,22000,546000,-524000,-524000
055879,神達元富97購01  ,0,0,0,0,0,0,0,0,0,-526000,0,0,0,319000,845000,-526000,-526000
06222P,致茂元富97售02  ,0,0,0,0,0,0,0,0,0,-526000,0,0,0,62000,588000,-526000,-526000
055665,亞德客群益97購01,0,0,0,0,0,0,0,0,0,-527000,0,0,0,29000,556000,-527000,-527000
052344,台表科凱基98購01,150000,0,150000,0,0,0,0,0,0,-683000,0,0,0,10000,693000,-683000,-533000
054992,南亞科元富97購02,0,0,0,0,0,0,0,0,0,-533000,0,0,0,65000,598000,-533000,-533000
056919,英業達兆豐98購01,0,0,0,0,0,0,0,0,0,-536000,0,0,0,126000,662000,-536000,-536000
1210,大成            ,195000,729000,-534000,0,0,0,0,180,-180,-3000,20000,23000,-3000,0,0,0,-537180
2357,華碩            ,467500,997000,-529500,0,0,0,6000,0,6000,-14000,11000,18000,-7000,2000,9000,-7000,-537500
05920P,力成元大96售04  ,0,0,0,0,0,0,0,0,0,-538000,0,0,0,0,538000,-538000,-538000
051733,中環國票96購02  ,0,0,0,0,0,0,0,0,0,-538000,0,0,0,23000,561000,-538000,-538000
6257,矽格            ,237000,744000,-507000,0,0,0,0,0,0,-31000,0,30000,-30000,0,1000,-1000,-538000
043641,深中小國票94購01,0,0,0,0,0,0,0,0,0,-540000,0,0,0,0,540000,-540000,-540000
06196P,元上證元大97售01,0,0,0,0,0,0,0,0,0,-542000,0,0,0,0,542000,-542000,-542000
057297,新日興永豐98購01,0,0,0,0,0,0,0,0,0,-543000,0,0,0,174000,717000,-543000,-543000
057097,致新元富98購01  ,0,0,0,0,0,0,0,0,0,-543000,0,0,0,0,543000,-543000,-543000
04336P,台達電元大93售04,0,0,0,0,0,0,0,0,0,-549000,0,0,0,50000,599000,-549000,-549000
053755,亞光元富96購01  ,0,0,0,0,0,0,0,0,0,-550000,0,0,0,41000,591000,-550000,-550000
056092,亞德客元富97購02,0,0,0,0,0,0,0,0,0,-552000,0,0,0,111000,663000,-552000,-552000
052917,大立光富邦99購02,0,0,0,0,0,0,0,0,0,-554000,0,0,0,149000,703000,-554000,-554000
052328,台表科中信99購01,0,0,0,0,0,0,0,0,0,-557000,0,0,0,138000,695000,-557000,-557000
051841,南茂國泰96購01  ,0,0,0,0,0,0,0,0,0,-563000,0,0,0,0,563000,-563000,-563000
049007,玉晶光中信96購01,0,0,0,0,0,0,0,0,0,-564000,0,0,0,260000,824000,-564000,-564000
057088,上銀元富98購01  ,0,0,0,0,0,0,0,0,0,-566000,0,0,0,69000,635000,-566000,-566000
050797,聯發科中信99購01,0,0,0,0,0,0,0,0,0,-567000,0,0,0,0,567000,-567000,-567000
2105,正新            ,400000,983000,-583000,0,0,0,16000,0,16000,-5000,0,5000,-5000,0,0,0,-572000
048891,傳奇元富97購02  ,0,0,0,0,0,0,0,0,0,-575000,0,0,0,41000,616000,-575000,-575000
053874,台表科元大96購05,0,0,0,0,0,0,0,0,0,-575000,0,0,0,50000,625000,-575000,-575000
057452,新日興元富98購01,0,0,0,0,0,0,0,0,0,-577000,0,0,0,24000,601000,-577000,-577000
053413,台積電國票99購01,0,0,0,0,0,0,0,0,0,-578000,0,0,0,45000,623000,-578000,-578000
055303,鈺齊元大97購01  ,0,0,0,0,0,0,0,0,0,-579000,0,0,0,3000,582000,-579000,-579000
2387,精元            ,103000,678000,-575000,0,0,0,0,0,0,-7000,0,2000,-2000,7000,12000,-5000,-582000
00646,元大S&P500      ,0,12000,-12000,0,0,0,0,0,0,-575000,0,0,0,0,575000,-575000,-587000
2393,億光            ,448000,1034000,-586000,0,0,0,0,0,0,-5000,34000,28000,6000,40000,51000,-11000,-591000
056311,泰鼎元大98購01  ,0,0,0,0,0,0,0,0,0,-593000,0,0,0,177000,770000,-593000,-593000
3661,世芯-KY         ,538000,1117000,-579000,0,0,0,0,3000,-3000,-12000,5000,26000,-21000,22000,13000,9000,-594000
042942,永冠國票94購01  ,0,0,0,0,0,0,0,0,0,-597000,0,0,0,199000,796000,-597000,-597000
057269,鈺齊兆豐98購01  ,0,0,0,0,0,0,0,0,0,-600000,0,0,0,100000,700000,-600000,-600000
051551,新日興永豐95購01,0,0,0,0,0,0,0,0,0,-600000,0,0,0,47000,647000,-600000,-600000
053798,台積電中信98購02,0,0,0,0,0,0,0,0,0,-600000,0,0,0,0,600000,-600000,-600000
049902,大立光元富94購05,0,0,0,0,0,0,0,0,0,-604000,0,0,0,20000,624000,-604000,-604000
056988,聚陽兆豐98購01  ,0,0,0,0,0,0,0,0,0,-609000,0,0,0,10000,619000,-609000,-609000
055450,台積電元富97購01,0,0,0,0,0,0,0,0,0,-612000,0,0,0,113000,725000,-612000,-612000
053945,國巨富邦98購02  ,0,0,0,0,0,0,0,0,0,-617000,0,0,0,487000,1104000,-617000,-617000
047128,新日興日盛93購01,0,0,0,0,0,0,0,0,0,-619000,0,0,0,0,619000,-619000,-619000
044291,群創凱基93購06  ,0,0,0,0,0,0,0,0,0,-623000,0,0,0,0,623000,-623000,-623000
3673,TPK-KY          ,367000,794000,-427000,0,0,0,3000,0,3000,-199000,28000,63000,-35000,44000,208000,-164000,-623000
055140,晶相光永豐97購01,0,0,0,0,0,0,0,0,0,-628000,0,0,0,120000,748000,-628000,-628000
055144,T50反1元大97購03,0,0,0,0,0,0,0,0,0,-630000,0,0,0,2003000,2633000,-630000,-630000
05449P,臺股指元大95售26,0,0,0,0,0,0,0,0,0,-637000,0,0,0,432000,1069000,-637000,-637000
056047,台積電兆豐97購02,0,0,0,0,0,0,0,0,0,-641000,0,0,0,127000,768000,-641000,-641000
054932,台肥元大97購01  ,0,0,0,0,0,0,0,0,0,-641000,0,0,0,150000,791000,-641000,-641000
06219P,國巨元富97售05  ,0,0,0,0,0,0,0,0,0,-646000,0,0,0,0,646000,-646000,-646000
2352,佳世達          ,261000,898000,-637000,0,0,0,4000,0,4000,-14000,0,14000,-14000,0,0,0,-647000
051101,台表科元大96購02,0,0,0,0,0,0,0,0,0,-648000,0,0,0,106000,754000,-648000,-648000
055160,玉晶光元大99購03,0,0,0,0,0,0,0,0,0,-650000,0,0,0,144000,794000,-650000,-650000
1605,華新            ,695000,919000,-224000,0,0,0,8000,0,8000,-442000,32000,233000,-201000,12000,253000,-241000,-658000
06012P,世芯國票96售01  ,0,0,0,0,0,0,0,0,0,-659000,0,0,0,46000,705000,-659000,-659000
3533,嘉澤            ,159000,619000,-460000,0,0,0,0,60000,-60000,-140000,3000,139000,-136000,12000,16000,-4000,-660000
05472P,國巨統一96售02  ,0,0,0,0,0,0,0,0,0,-661000,0,0,0,350000,1011000,-661000,-661000
05638P,國巨統一96售04  ,0,0,0,0,0,0,0,0,0,-664000,0,0,0,255000,919000,-664000,-664000
047981,南亞科群益93購02,0,0,0,0,0,0,0,0,0,-664000,0,0,0,40000,704000,-664000,-664000
053522,臺股指群益99購01,0,0,0,0,0,0,0,0,0,-669000,0,0,0,24000,693000,-669000,-669000
051971,元金2X凱基97購02,0,0,0,0,0,0,0,0,0,-677000,0,0,0,0,677000,-677000,-677000
054011,旺宏永豐96購05  ,0,0,0,0,0,0,0,0,0,-681000,0,0,0,0,681000,-681000,-681000
051825,中環元大95購01  ,0,0,0,0,0,0,0,0,0,-686000,0,0,0,2000,688000,-686000,-686000
050715,台積電群益96購01,0,0,0,0,0,0,0,0,0,-687000,0,0,0,461000,1148000,-687000,-687000
048269,瀚宇博國泰95購01,0,0,0,0,0,0,0,0,0,-689000,0,0,0,11000,700000,-689000,-689000
050780,台表科元大96購01,0,0,0,0,0,0,0,0,0,-690000,0,0,0,94000,784000,-690000,-690000
2610,華航            ,1764000,2464000,-700000,0,0,0,36000,0,36000,-26000,0,16000,-16000,0,10000,-10000,-690000
06208P,台郡凱基97售03  ,0,0,0,0,0,0,0,0,0,-690000,0,0,0,10000,700000,-690000,-690000
2317,鴻海            ,8553800,8530000,23800,0,0,0,107000,100000,7000,-726000,48000,72000,-24000,202000,904000,-702000,-695200
053649,台積電凱基97購05,0,0,0,0,0,0,0,0,0,-698000,0,0,0,0,698000,-698000,-698000
056188,晶相光統一99購01,0,0,0,0,0,0,0,0,0,-706000,0,0,0,41000,747000,-706000,-706000
056113,新日興兆豐98購01,0,0,0,0,0,0,0,0,0,-706000,0,0,0,184000,890000,-706000,-706000
04511P,臺股指元大94售06,0,0,0,0,0,0,0,0,0,-708000,0,0,0,333000,1041000,-708000,-708000
053083,中環元大99購01  ,0,0,0,0,0,0,0,0,0,-710000,0,0,0,77000,787000,-710000,-710000
2886,兆豐金          ,4640000,6379000,-1739000,0,0,0,398000,0,398000,630000,730000,2000,728000,6000,104000,-98000,-711000
050310,卜蜂兆豐94購01  ,0,0,0,0,0,0,0,0,0,-715000,0,0,0,0,715000,-715000,-715000
053357,可成統一96購02  ,0,0,0,0,0,0,0,0,0,-715000,0,0,0,182000,897000,-715000,-715000
053734,友達中信98購02  ,0,0,0,0,0,0,0,0,0,-721000,0,0,0,262000,983000,-721000,-721000
057071,華擎永豐98購02  ,0,0,0,0,0,0,0,0,0,-723000,0,0,0,592000,1315000,-723000,-723000
051280,台積電兆豐95購04,0,0,0,0,0,0,0,0,0,-730000,0,0,0,0,730000,-730000,-730000
049496,和鑫元大95購01  ,0,0,0,0,0,0,0,0,0,-748000,0,0,0,0,748000,-748000,-748000
052690,台表科元大97購01,0,0,0,0,0,0,0,0,0,-749000,0,0,0,74000,823000,-749000,-749000
3049,和鑫            ,433000,1186000,-753000,0,0,0,0,0,0,-3000,0,2000,-2000,3000,4000,-1000,-756000
054906,神達康和97購01  ,0,0,0,0,0,0,0,0,0,-758000,0,0,0,274000,1032000,-758000,-758000
056362,聯發科元大99購01,0,0,0,0,0,0,0,0,0,-760000,0,0,0,401000,1161000,-760000,-760000
057546,台積電凱基02購01,0,0,0,0,0,0,0,0,0,-764000,0,0,0,0,764000,-764000,-764000
052351,中環元富95購01  ,0,0,0,0,0,0,0,0,0,-765000,0,0,0,0,765000,-765000,-765000
2347,聯強            ,1255000,1843000,-588000,0,0,0,0,0,0,-181000,0,121000,-121000,0,60000,-60000,-769000
2633,台灣高鐵        ,990000,1705000,-715000,0,0,0,24000,0,24000,-78000,0,0,0,0,78000,-78000,-769000
057069,台積電永豐98購02,0,0,0,0,0,0,0,0,0,-783000,0,0,0,0,783000,-783000,-783000
043656,上証反元大94購01,0,0,0,0,0,0,0,0,0,-783000,0,0,0,16000,799000,-783000,-783000
057258,中環兆豐98購01  ,0,0,0,0,0,0,0,0,0,-785000,0,0,0,16000,801000,-785000,-785000
054860,台積電群益98購01,0,0,0,0,0,0,0,0,0,-791000,0,0,0,29000,820000,-791000,-791000
053820,大立光群益96購05,0,0,0,0,0,0,0,0,0,-792000,0,0,0,0,792000,-792000,-792000
051128,台表科群益95購02,0,0,0,0,0,0,0,0,0,-793000,0,0,0,197000,990000,-793000,-793000
051473,台積電凱基95購10,40000,0,40000,0,0,0,0,0,0,-833000,0,0,0,2000,835000,-833000,-793000
049903,大立光元富94購06,0,0,0,0,0,0,0,0,0,-820000,0,0,0,0,820000,-820000,-820000
045189,大立光元富98購01,0,0,0,0,0,0,0,0,0,-825000,0,0,0,0,825000,-825000,-825000
055802,新日興永豐97購01,0,0,0,0,0,0,0,0,0,-826000,0,0,0,280000,1106000,-826000,-826000
050400,臻鼎中信97購01  ,0,0,0,0,0,0,0,0,0,-829000,0,0,0,0,829000,-829000,-829000
056106,晶相光永豐97購02,0,0,0,0,0,0,0,0,0,-845000,0,0,0,20000,865000,-845000,-845000
052291,鴻海元富97購02  ,0,0,0,0,0,0,0,0,0,-849000,0,0,0,0,849000,-849000,-849000
053172,瑞儀群益97購01  ,0,0,0,0,0,0,0,0,0,-850000,0,0,0,1000,851000,-850000,-850000
054038,T50反1元大98購04,0,0,0,0,0,0,0,0,0,-860000,0,0,0,40000,900000,-860000,-860000
03643C,臺股指元富99牛04,0,0,0,0,0,0,0,0,0,-875000,0,0,0,4000,879000,-875000,-875000
052852,國巨元富96購02  ,0,0,0,0,0,0,0,0,0,-880000,0,0,0,1581000,2461000,-880000,-880000
053593,晶技元大98購01  ,0,0,0,0,0,0,0,0,0,-882000,0,0,0,15000,897000,-882000,-882000
056420,台表科元富98購01,0,0,0,0,0,0,0,0,0,-890000,0,0,0,98000,988000,-890000,-890000
056605,台積電富邦9B購02,0,0,0,0,0,0,0,0,0,-892000,0,0,0,10000,902000,-892000,-892000
050714,深中小群益98購01,0,0,0,0,0,0,0,0,0,-909000,0,0,0,433000,1342000,-909000,-909000
056592,台積電元富98購01,0,0,0,0,0,0,0,0,0,-922000,0,0,0,331000,1253000,-922000,-922000
3016,嘉晶            ,202000,451000,-249000,0,0,0,0,0,0,-676000,0,5000,-5000,13000,684000,-671000,-925000
04116P,京元電元大94售02,0,0,0,0,0,0,0,0,0,-934000,0,0,0,45000,979000,-934000,-934000
05076P,深中小群益99售02,0,0,0,0,0,0,0,0,0,-934000,0,0,0,200000,1134000,-934000,-934000
055812,台積電國票99購02,0,0,0,0,0,0,0,0,0,-942000,0,0,0,0,942000,-942000,-942000
053699,臺股指元大96購22,0,0,0,0,0,0,0,0,0,-945000,0,0,0,159000,1104000,-945000,-945000
051790,貿聯國票95購03  ,0,0,0,0,0,0,0,0,0,-948000,0,0,0,110000,1058000,-948000,-948000
2332,友訊            ,437000,1526000,-1089000,0,0,0,0,0,0,140000,0,60000,-60000,305000,105000,200000,-949000
044104,鴻海中信95購03  ,0,0,0,0,0,0,0,0,0,-957000,0,0,0,3000,960000,-957000,-957000
050524,宏達電元大95購04,0,0,0,0,0,0,0,0,0,-958000,0,0,0,0,958000,-958000,-958000
056101,光磊永豐98購01  ,0,0,0,0,0,0,0,0,0,-962000,0,0,0,69000,1031000,-962000,-962000
05450P,臺股指元大95售27,0,0,0,0,0,0,0,0,0,-963000,0,0,0,161000,1124000,-963000,-963000
4141,龍燈-KY         ,0,971000,-971000,0,0,0,0,0,0,0,0,0,0,0,0,0,-971000
1201,味全            ,249000,1205000,-956000,0,0,0,0,0,0,-19000,0,0,0,21000,40000,-19000,-975000
053763,T50反1富邦98購01,0,0,0,0,0,0,0,0,0,-977000,0,0,0,17000,994000,-977000,-977000
053626,台積電兆豐96購03,0,0,0,0,0,0,0,0,0,-988000,0,0,0,333000,1321000,-988000,-988000
2801,彰銀            ,1281000,2335000,-1054000,0,0,0,89000,420,88580,-30000,0,0,0,0,30000,-30000,-995420
051288,可成統一95購03  ,0,0,0,0,0,0,0,0,0,-996000,0,0,0,19000,1015000,-996000,-996000
053244,光磊國票97購01  ,0,0,0,0,0,0,0,0,0,-998000,0,0,0,0,998000,-998000,-998000
06460P,亞德客元富98售02,0,0,0,0,0,0,0,0,0,-998000,0,0,0,0,998000,-998000,-998000
057138,亞德客兆豐98購01,0,0,0,0,0,0,0,0,0,-1011000,0,0,0,522000,1533000,-1011000,-1011000
06644P,亞德客元大98售03,0,0,0,0,0,0,0,0,0,-1011000,0,0,0,200000,1211000,-1011000,-1011000
055863,緯穎元大97購05  ,0,0,0,0,0,0,0,0,0,-1023000,0,0,0,177000,1200000,-1023000,-1023000
3515,華擎            ,181000,1095000,-914000,0,0,0,0,74000,-74000,-35000,50000,81000,-31000,25000,29000,-4000,-1023000
050100,台積電永昌96購02,0,0,0,0,0,0,0,0,0,-1029000,0,0,0,857000,1886000,-1029000,-1029000
3711,日月光投控      ,8666944,9994000,-1327056,0,0,0,40000,0,40000,253000,355000,105000,250000,46000,43000,3000,-1034056
054037,T50反1元大96購09,0,0,0,0,0,0,0,0,0,-1041000,0,0,0,884000,1925000,-1041000,-1041000
00752,中信中國50      ,1000,0,1000,0,0,0,0,0,0,-1052000,0,0,0,397000,1449000,-1052000,-1051000
6176,瑞儀            ,166000,1194000,-1028000,0,0,0,0,0,0,-36000,10000,19000,-9000,5000,32000,-27000,-1064000
054400,健策永豐96購02  ,0,0,0,0,0,0,0,0,0,-1066000,0,0,0,435000,1501000,-1066000,-1066000
054983,國巨元富97購04  ,0,0,0,0,0,0,0,0,0,-1076000,0,0,0,583000,1659000,-1076000,-1076000
04914P,國巨國泰95售06  ,0,0,0,0,0,0,0,0,0,-1094000,0,0,0,15000,1109000,-1094000,-1094000
050725,光磊國票96購01  ,0,0,0,0,0,0,0,0,0,-1099000,0,0,0,0,1099000,-1099000,-1099000
054534,台積電富邦98購03,0,0,0,0,0,0,0,0,0,-1105000,0,0,0,34000,1139000,-1105000,-1105000
2880,華南金          ,1170000,2416000,-1246000,0,0,0,126000,0,126000,-3000,0,3000,-3000,0,0,0,-1123000
3045,台灣大          ,1145148,2359000,-1213852,0,0,0,21000,1000,20000,70000,150000,80000,70000,0,0,0,-1123852
055202,神達群益97購01  ,0,0,0,0,0,0,0,0,0,-1135000,0,0,0,246000,1381000,-1135000,-1135000
4958,臻鼎-KY         ,894000,1486000,-592000,0,0,0,2000,336000,-334000,-215000,62000,271000,-209000,13000,19000,-6000,-1141000
00638R,元大滬深300反1  ,0,173000,-173000,0,0,0,0,0,0,-979000,100000,0,100000,115000,1194000,-1079000,-1152000
053860,台積電元大98購03,0,0,0,0,0,0,0,0,0,-1170000,0,0,0,46000,1216000,-1170000,-1170000
056130,新日興麥證97購01,0,0,0,46000,1220000,-1174000,0,0,0,-1174000,0,0,0,46000,1220000,-1174000,-1174000
03686P,大立光統一98售02,0,0,0,0,0,0,0,0,0,-1188000,0,0,0,177000,1365000,-1188000,-1188000
055045,台肥永豐97購01  ,0,0,0,0,0,0,0,0,0,-1188000,0,0,0,67000,1255000,-1188000,-1188000
056881,台灣50康和9A購01,0,0,0,0,0,0,0,0,0,-1193000,0,0,0,48000,1241000,-1193000,-1193000
06459P,亞德客元富98售01,0,0,0,0,0,0,0,0,0,-1195000,0,0,0,54000,1249000,-1195000,-1195000
056390,台積電富邦9B購01,0,0,0,0,0,0,0,0,0,-1214000,0,0,0,13000,1227000,-1214000,-1214000
056005,臺股指永豐97購04,0,0,0,0,0,0,0,0,0,-1221000,0,0,0,10000,1231000,-1221000,-1221000
1303,南亞            ,1389000,2658000,-1269000,0,0,0,90000,0,90000,-42000,6000,37000,-31000,0,11000,-11000,-1221000
00641R,富邦日本反1     ,0,3000,-3000,0,0,0,0,0,0,-1219000,0,0,0,137000,1356000,-1219000,-1222000
054198,台積電永昌96購08,0,0,0,0,0,0,0,0,0,-1226000,0,0,0,319000,1545000,-1226000,-1226000
053512,台積電群益96購06,0,0,0,0,0,0,0,0,0,-1227000,0,0,0,200000,1427000,-1227000,-1227000
00701,國泰股利精選30  ,1000,0,1000,0,0,0,0,0,0,-1228350,0,0,0,708000,1936350,-1228350,-1227350
055693,南茂凱基97購01  ,0,0,0,0,0,0,0,0,0,-1274000,0,0,0,254000,1528000,-1274000,-1274000
051142,臺股指永豐95購02,0,0,0,0,0,0,0,0,0,-1328000,0,0,0,1000,1329000,-1328000,-1328000
1301,台塑            ,1496248,2825000,-1328752,0,0,0,25000,0,25000,-26000,2000,15000,-13000,4000,17000,-13000,-1329752
2316,楠梓電          ,72000,1308000,-1236000,0,0,0,0,0,0,-103000,0,3000,-3000,0,100000,-100000,-1339000
2456,奇力新          ,556000,1241000,-685000,0,0,0,391000,994000,-603000,-71000,42000,108000,-66000,62000,67000,-5000,-1359000
2454,聯發科          ,3151433,4348000,-1196567,0,0,0,19000,134000,-115000,-72000,21000,54000,-33000,37000,76000,-39000,-1383567
6271,同欣電          ,181000,1007000,-826000,0,0,0,154000,264000,-110000,-452000,82000,120000,-38000,1000,415000,-414000,-1388000
053675,臺股指元富96購02,0,0,0,0,0,0,0,0,0,-1415000,0,0,0,50000,1465000,-1415000,-1415000
054036,T50反1元大96購08,0,0,0,0,0,0,0,0,0,-1476000,0,0,0,0,1476000,-1476000,-1476000
4927,泰鼎-KY         ,1383000,2483000,-1100000,0,0,0,0,50000,-50000,-350000,73000,31000,42000,55000,447000,-392000,-1500000
6269,台郡            ,1482000,1474000,8000,0,0,0,428000,1917000,-1489000,-23000,231000,192000,39000,17000,79000,-62000,-1504000
054726,台積電日盛97購01,0,0,0,0,0,0,0,0,0,-1505000,0,0,0,300000,1805000,-1505000,-1505000
051297,台積電凱基95購07,0,0,0,0,0,0,0,0,0,-1544000,0,0,0,5000,1549000,-1544000,-1544000
1101,台泥            ,2211397,3814000,-1602603,0,0,0,82000,0,82000,-35000,300000,206000,94000,5000,134000,-129000,-1555603
3231,緯創            ,3605000,5015000,-1410000,0,0,0,32000,60000,-28000,-124000,0,110000,-110000,139000,153000,-14000,-1562000
041973,台灣50中信94購01,0,0,0,0,0,0,0,0,0,-1564000,0,0,0,103000,1667000,-1564000,-1564000
056069,新日興元大97購03,0,0,0,0,0,0,0,0,0,-1567000,0,0,0,212000,1779000,-1567000,-1567000
055166,台積電統一97購05,0,0,0,0,0,0,0,0,0,-1587000,0,0,0,835000,2422000,-1587000,-1587000
00693U,街口S&P黃豆     ,0,0,0,0,0,0,0,0,0,-1650000,0,0,0,0,1650000,-1650000,-1650000
1314,中石化          ,4213000,5899000,-1686000,0,0,0,8000,0,8000,25000,6000,35000,-29000,81000,27000,54000,-1653000
2367,燿華            ,324000,1932000,-1608000,0,0,0,0,0,0,-68000,0,2000,-2000,55000,121000,-66000,-1676000
056829,台積電富邦9A購01,0,0,0,0,0,0,0,0,0,-1684000,0,0,0,904000,2588000,-1684000,-1684000
1402,遠東新          ,2437783,4113000,-1675217,0,0,0,55000,300000,-245000,211000,204000,7000,197000,17000,3000,14000,-1709217
1326,台化            ,1149000,2852000,-1703000,0,0,0,59000,0,59000,-76000,0,57000,-57000,5000,24000,-19000,-1720000
051505,台積電元富95購05,0,0,0,0,0,0,0,0,0,-1742000,0,0,0,7395000,9137000,-1742000,-1742000
052681,T50反1元大98購02,0,0,0,0,0,0,0,0,0,-1774000,0,0,0,1000,1775000,-1774000,-1774000
054727,台積電日盛97購02,0,0,0,0,0,0,0,0,0,-1787000,0,0,0,1198000,2985000,-1787000,-1787000
052736,T50反1元大96購05,0,0,0,0,0,0,0,0,0,-1814000,0,0,0,0,1814000,-1814000,-1814000
2353,宏碁            ,1405000,3277000,-1872000,0,0,0,25000,0,25000,12000,29000,16000,13000,61000,62000,-1000,-1835000
03650C,T50反1元大98牛05,0,0,0,0,0,0,0,0,0,-1840000,0,0,0,0,1840000,-1840000,-1840000
053563,台積電富邦97購01,10000,0,10000,0,0,0,0,0,0,-1855000,0,0,0,315000,2170000,-1855000,-1845000
2308,台達電          ,1872000,3684000,-1812000,0,0,0,26000,0,26000,-73000,34000,103000,-69000,13000,17000,-4000,-1859000
2890,永豐金          ,1333000,3342000,-2009000,0,0,0,139000,0,139000,-3000,0,3000,-3000,0,0,0,-1873000
4915,致伸            ,440000,2305647,-1865647,0,0,0,0,0,0,-24000,0,1000,-1000,6000,29000,-23000,-1889647
2301,光寶科          ,665000,2479000,-1814000,0,0,0,71000,0,71000,-173000,10000,141000,-131000,0,42000,-42000,-1916000
4938,和碩            ,1488000,3474000,-1986000,0,0,0,23000,0,23000,24000,4000,63000,-59000,233000,150000,83000,-1939000
054197,台積電永昌96購07,0,0,0,0,0,0,0,0,0,-1954000,0,0,0,4784000,6738000,-1954000,-1954000
043040,永冠元富94購01  ,0,0,0,0,0,0,0,0,0,-1990000,0,0,0,0,1990000,-1990000,-1990000
00655L,國泰中國A50正2  ,90000,0,90000,0,0,0,0,0,0,-2106000,0,0,0,1637000,3743000,-2106000,-2016000
1102,亞泥            ,1407000,3440000,-2033000,0,0,0,29000,0,29000,-47000,1000,1000,0,11000,58000,-47000,-2051000
00631L,元大台灣50正2   ,42000,2000,40000,0,0,0,0,0,0,-2136000,0,0,0,368000,2504000,-2136000,-2096000
2823,中壽            ,1687000,3852000,-2165000,0,0,0,36000,0,36000,2000,0,0,0,17000,15000,2000,-2127000
052225,台積電凱基96購03,0,0,0,0,0,0,0,0,0,-2129000,0,0,0,0,2129000,-2129000,-2129000
2882,國泰金          ,1299000,3465000,-2166000,0,0,0,120000,0,120000,-91000,0,92000,-92000,6000,5000,1000,-2137000
2618,長榮航          ,1428000,2696000,-1268000,0,0,0,32000,679000,-647000,-274000,8000,277000,-269000,0,5000,-5000,-2189000
00692,富邦公司治理    ,1000,0,1000,0,0,0,0,0,0,-2372000,0,0,0,1243000,3615000,-2372000,-2371000
5880,合庫金          ,1161000,3661000,-2500000,0,0,0,130000,0,130000,-2000,0,2000,-2000,0,0,0,-2372000
2356,英業達          ,3268180,5732000,-2463820,0,0,0,35000,0,35000,-31000,28000,148000,-120000,240000,151000,89000,-2459820
06572P,台積電永昌99售01,0,0,0,0,0,0,0,0,0,-2481000,0,0,0,25000,2506000,-2481000,-2481000
3034,聯詠            ,409000,2807000,-2398000,0,0,0,7000,100000,-93000,-63000,190000,208000,-18000,18000,63000,-45000,-2554000
2327,國巨            ,1750000,4531700,-2781700,0,0,0,311000,0,311000,-91000,180000,330000,-150000,279000,220000,59000,-2561700
055039,神達富邦99購01  ,0,0,0,0,0,0,0,0,0,-2607000,0,0,0,1092000,3699000,-2607000,-2607000
2883,開發金          ,1249000,4479000,-3230000,0,0,0,182000,0,182000,-27000,0,11000,-11000,0,16000,-16000,-3075000
2449,京元電子        ,2213718,5827000,-3613282,0,0,0,0,0,0,469000,716000,13000,703000,6000,240000,-234000,-3144282
00633L,富邦上証正2     ,344000,1967000,-1623000,0,0,0,0,0,0,-1901000,20000,775000,-755000,2754000,3900000,-1146000,-3524000
2492,華新科          ,1390000,5238000,-3848000,0,0,0,471000,65000,406000,-323000,194000,383000,-189000,231000,365000,-134000,-3765000
2448,晶電            ,893000,3798000,-2905000,0,0,0,0,689000,-689000,-494000,266000,760000,-494000,0,0,0,-4088000
00850,元大臺灣ESG永續 ,1000,7000,-6000,0,0,0,0,0,0,-4192000,40000,0,40000,367000,4599000,-4232000,-4198000
054713,國巨中信9B購01  ,0,0,0,0,0,0,0,0,0,-4387000,0,0,0,1149000,5536000,-4387000,-4387000
2382,廣達            ,1401000,6140000,-4739000,0,0,0,37000,0,37000,310000,467000,107000,360000,3000,53000,-50000,-4392000
054072,台積電富邦98購02,0,0,0,0,0,0,0,0,0,-4667000,0,0,0,23000,4690000,-4667000,-4667000
2344,華邦電          ,1444000,6207486,-4763486,0,0,0,9000,0,9000,-287000,168000,302000,-134000,121000,274000,-153000,-5041486
051133,台積電永豐95購02,0,0,0,0,0,0,0,0,0,-5655000,0,0,0,2284000,7939000,-5655000,-5655000
052150,台積電富邦95購07,0,0,0,0,0,0,0,0,0,-6810000,0,0,0,505000,7315000,-6810000,-6810000
2324,仁寶            ,2406000,9677000,-7271000,0,0,0,47000,0,47000,-168000,204000,253000,-49000,0,119000,-119000,-7392000
00642U,元大S&P石油     ,41000,300000,-259000,0,0,0,0,0,0,-7268500,20000,95000,-75000,447000,7640500,-7193500,-7527500
0050,元大台灣50      ,3000,7575000,-7572000,0,0,0,117000,0,117000,-1542500,174000,400000,-226000,1536000,2852500,-1316500,-8997500
2303,聯電            ,16550000,23598000,-7048000,0,0,0,349000,1100000,-751000,-1654000,304000,1291000,-987000,51000,718000,-667000,-9453000
2337,旺宏            ,1581000,10517000,-8936000,0,0,0,0,335000,-335000,-944000,114000,653000,-539000,132000,537000,-405000,-10215000
2408,南亞科          ,1729000,10513000,-8784000,0,0,0,57000,755000,-698000,-771000,100000,510000,-410000,148000,509000,-361000,-10253000
053564,台積電富邦99購01,0,0,0,0,0,0,0,0,0,-13029000,0,0,0,275000,13304000,-13029000,-13029000
00672L,元大S&P原油正2  ,4253000,4977000,-724000,0,0,0,0,0,0,-13678000,0,700000,-700000,8365000,21343000,-12978000,-14402000
053856,台積電富邦98購01,0,0,0,0,0,0,0,0,0,-17657000,0,0,0,0,17657000,-17657000,-17657000
00677U,富邦VIX         ,4317000,11708000,-7391000,0,0,0,0,0,0,-20399000,200000,3315000,-3115000,591000,17875000,-17284000,-27790000
00637L,元大滬深300正2  ,673000,12195000,-11522000,0,0,0,0,0,0,-18740000,40000,2330000,-2290000,17371000,33821000,-16450000,-30262000
2330,台積電          ,12565887,53356073,-40790186,0,0,0,191000,745000,-554000,1448000,1735000,1271000,464000,1242000,258000,984000,-39896186
