證券代號,證券名稱,外陸資買進股數(不含外資自營商),外陸資賣出股數(不含外資自營商),外陸資買賣超股數(不含外資自營商),外資自營商買進股數,外資自營商賣出股數,外資自營商買賣超股數,投信買進股數,投信賣出股數,投信買賣超股數,自營商買賣超股數,自營商買進股數(自行買賣),自營商賣出股數(自行買賣),自營商買賣超股數(自行買賣),自營商買進股數(避險),自營商賣出股數(避險),自營商買賣超股數(避險),三大法人買賣超股數
00637L,元大滬深300正2  ,16656000,9143000,7513000,0,0,0,0,15000,-15000,3911000,613000,390000,223000,36264000,32576000,3688000,11409000
2330,台積電          ,21852096,11369855,10482241,0,0,0,494000,408000,86000,136000,12000,41000,-29000,349000,184000,165000,10704241
00876,元大未來關鍵科技,2000,10000,-8000,0,0,0,0,0,0,8225000,10000,2251000,-2241000,13061000,2595000,10466000,8217000
3037,欣興            ,12119000,3607000,8512000,0,0,0,1173000,2240000,-1067000,-679000,158000,787000,-629000,96000,146000,-50000,6766000
0061,元大寶滬深      ,4071000,325000,3746000,0,0,0,0,0,0,2104000,708000,8000,700000,2099000,695000,1404000,5850000
2002,中鋼            ,14741000,9170000,5571000,0,0,0,0,59000,-59000,-32000,5000,57000,-52000,50000,30000,20000,5480000
1416,廣豐            ,5134000,59000,5075000,0,0,0,0,0,0,0,0,0,0,0,0,0,5075000
2888,新光金          ,11832239,7020255,4811984,0,0,0,0,47000,-47000,183000,0,100000,-100000,685000,402000,283000,4947984
3711,日月光投控      ,12215000,8314000,3901000,0,0,0,80000,63000,17000,630000,196000,151000,45000,659000,74000,585000,4548000
006205,富邦上証        ,2873000,40000,2833000,0,0,0,0,900000,-900000,2389251,20000,40000,-20000,4727251,2318000,2409251,4322251
9904,寶成            ,5720000,2332000,3388000,0,0,0,2000,14000,-12000,55000,0,1000,-1000,81000,25000,56000,3431000
3017,奇鋐            ,6486000,2345000,4141000,0,0,0,0,0,0,-723000,628000,70000,558000,336000,1617000,-1281000,3418000
053564,台積電富邦99購01,0,0,0,0,0,0,0,0,0,3327000,0,0,0,3327000,0,3327000,3327000
00861,元大全球未來通訊,19000,19000,0,0,0,0,0,0,0,3312000,0,0,0,3329000,17000,3312000,3312000
2408,南亞科          ,4020000,3050624,969376,0,0,0,1600000,11000,1589000,539000,193000,0,193000,375000,29000,346000,3097376
00738U,元大道瓊白銀    ,938000,9000,929000,0,0,0,0,0,0,1996000,0,0,0,2221000,225000,1996000,2925000
2448,晶電            ,5565000,2747000,2818000,0,0,0,253000,0,253000,-185000,331000,516000,-185000,0,0,0,2886000
0050,元大台灣50      ,2726000,502000,2224000,0,0,0,21000,95000,-74000,695000,90000,0,90000,2169000,1564000,605000,2845000
2881,富邦金          ,12699000,10056000,2643000,0,0,0,87000,44000,43000,-2000,27000,5000,22000,28000,52000,-24000,2684000
065496,裕隆富邦9C購01  ,0,0,0,0,0,0,0,0,0,2380000,0,0,0,2380000,0,2380000,2380000
1312,國喬            ,3147000,886000,2261000,0,0,0,0,0,0,84000,36000,0,36000,48000,0,48000,2345000
2301,光寶科          ,7783000,5320000,2463000,0,0,0,0,31000,-31000,-113000,10000,76000,-66000,0,47000,-47000,2319000
064703,T50反1國泰01購01,0,0,0,0,0,0,0,0,0,2285000,0,0,0,2569000,284000,2285000,2285000
058313,台積電富邦9B購04,0,0,0,0,0,0,0,0,0,2117000,0,0,0,2665000,548000,2117000,2117000
065651,中磊元大9C購01  ,0,0,0,0,0,0,0,0,0,2104000,0,0,0,2338000,234000,2104000,2104000
0056,元大高股息      ,49000,5000,44000,0,0,0,0,50000,-50000,2029000,0,0,0,2550000,521000,2029000,2023000
00643,群益深証中小    ,920000,735000,185000,0,0,0,0,0,0,1816000,88000,150000,-62000,2372000,494000,1878000,2001000
065349,玉晶光統一9C購05,0,0,0,0,0,0,0,0,0,1920000,0,0,0,2344000,424000,1920000,1920000
00639,富邦深100       ,2047000,587000,1460000,0,0,0,0,0,0,453000,120000,40000,80000,2326000,1953000,373000,1913000
064137,台泥統一02購01  ,0,0,0,0,0,0,0,0,0,1860000,0,0,0,2329000,469000,1860000,1860000
055063,玉晶光永豐99購01,0,0,0,0,0,0,0,0,0,1810000,0,0,0,2086000,276000,1810000,1810000
00655L,國泰中國A50正2  ,294000,283000,11000,0,0,0,0,0,0,1736000,0,0,0,4460000,2724000,1736000,1747000
058270,上緯控永豐99購01,0,0,0,0,0,0,0,0,0,1736000,0,0,0,1983000,247000,1736000,1736000
4915,致伸            ,3121000,2119000,1002000,0,0,0,540000,1000,539000,36000,0,0,0,48000,12000,36000,1577000
056422,全新統一98購02  ,0,0,0,0,0,0,0,0,0,1572000,0,0,0,1572000,0,1572000,1572000
00739,元大MSCI A股    ,82000,14000,68000,0,0,0,0,0,0,1503000,0,0,0,2838000,1335000,1503000,1571000
00646,元大S&P500      ,139000,0,139000,0,0,0,0,0,0,1410000,0,0,0,1413000,3000,1410000,1549000
00852L,國泰美國道瓊正2 ,307000,307000,0,0,0,0,0,0,0,1494000,0,0,0,4428000,2934000,1494000,1494000
064257,台勝科國泰01購01,0,0,0,0,0,0,0,0,0,1482000,0,0,0,1484000,2000,1482000,1482000
00692,富邦公司治理    ,4000,4000,0,0,0,0,0,0,0,1450000,0,0,0,2908000,1458000,1450000,1450000
4968,立積            ,3187000,1420000,1767000,0,0,0,29000,100000,-71000,-328000,23000,187000,-164000,42000,206000,-164000,1368000
00636,國泰中國A50     ,536000,133000,403000,0,0,0,0,0,0,958000,10000,0,10000,2497000,1549000,948000,1361000
064159,新日興統一01購02,0,0,0,0,0,0,0,0,0,1360000,0,0,0,1530000,170000,1360000,1360000
063484,達方元大9B購01  ,0,0,0,0,0,0,0,0,0,1320000,0,0,0,1532000,212000,1320000,1320000
2363,矽統            ,2408000,1093935,1314065,0,0,0,0,0,0,0,0,0,0,0,0,0,1314065
054104,T50反1凱基9A購02,0,0,0,0,0,0,0,0,0,1297000,0,0,0,1298000,1000,1297000,1297000
2801,彰銀            ,5258814,3906000,1352814,0,0,0,0,32000,-32000,-27000,0,27000,-27000,0,0,0,1293814
2505,國揚            ,3135000,1887000,1248000,0,0,0,0,0,0,44000,0,58000,-58000,445000,343000,102000,1292000
058807,和大統一9B購01  ,0,0,0,0,0,0,0,0,0,1266000,0,0,0,2145000,879000,1266000,1266000
065190,緯穎統一9C購02  ,0,0,0,0,0,0,0,0,0,1254000,0,0,0,1320000,66000,1254000,1254000
1795,美時            ,1865000,465000,1400000,0,0,0,0,156000,-156000,0,0,0,0,0,0,0,1244000
060404,台勝科國泰9B購01,0,0,0,0,0,0,0,0,0,1243000,0,0,0,1297000,54000,1243000,1243000
066337,聯陽永豐01購02  ,0,0,0,0,0,0,0,0,0,1236000,0,0,0,1382000,146000,1236000,1236000
064238,玉晶光統一01購08,0,0,0,0,0,0,0,0,0,1211000,0,0,0,1261000,50000,1211000,1211000
065130,奇鋐兆豐9C購01  ,0,0,0,0,0,0,0,0,0,1202000,0,0,0,1283000,81000,1202000,1202000
061969,大立光統一01購02,0,0,0,0,0,0,0,0,0,1196000,0,0,0,1467000,271000,1196000,1196000
3059,華晶科          ,1948000,752424,1195576,0,0,0,0,0,0,0,0,0,0,0,0,0,1195576
2412,中華電          ,3789000,2470073,1318927,0,0,0,20000,94000,-74000,-50000,0,50000,-50000,0,0,0,1194927
063980,智易兆豐9C購02  ,0,0,0,0,0,0,0,0,0,1187000,0,0,0,1326000,139000,1187000,1187000
3376,新日興          ,1488921,286000,1202921,0,0,0,266000,79000,187000,-214781,85000,76000,9000,15000,238781,-223781,1175140
066082,康友國泰03購01  ,0,0,0,0,0,0,0,0,0,1166000,0,0,0,1216000,50000,1166000,1166000
053587,京元電元大98購01,0,0,0,0,0,0,0,0,0,1164000,0,0,0,1164000,0,1164000,1164000
2347,聯強            ,2354000,1030000,1324000,0,0,0,1000,1000,0,-184000,12000,141000,-129000,7000,62000,-55000,1140000
3026,禾伸堂          ,727000,334000,393000,0,0,0,250000,0,250000,490000,437000,0,437000,73000,20000,53000,1133000
066196,南港統一03購01  ,0,0,0,0,0,0,0,0,0,1122000,0,0,0,1400000,278000,1122000,1122000
058229,為升元大99購02  ,0,0,0,0,0,0,0,0,0,1116000,0,0,0,1419000,303000,1116000,1116000
066248,長興元大01購01  ,0,0,0,0,0,0,0,0,0,1091000,0,0,0,1423000,332000,1091000,1091000
1402,遠東新          ,2725000,2386000,339000,0,0,0,705000,19000,686000,65000,77000,12000,65000,0,0,0,1090000
060918,康友國泰9C購01  ,0,0,0,0,0,0,0,0,0,1087000,0,0,0,1292000,205000,1087000,1087000
065872,漢翔群益9C購01  ,0,0,0,0,0,0,0,0,0,1085000,0,0,0,1119000,34000,1085000,1085000
00783,富邦中証500     ,361000,0,361000,0,0,0,0,0,0,717000,0,0,0,2338000,1621000,717000,1078000
056829,台積電富邦9A購01,0,0,0,0,0,0,0,0,0,1066000,0,0,0,1565000,499000,1066000,1066000
064660,華通元大9C購05  ,0,0,0,0,0,0,0,0,0,1066000,0,0,0,1092000,26000,1066000,1066000
064252,嘉澤元富9C購01  ,0,0,0,0,0,0,0,0,0,1051000,0,0,0,1054000,3000,1051000,1051000
057394,台積電中信9C購02,0,0,0,0,0,0,0,0,0,1026000,0,0,0,1174000,148000,1026000,1026000
059730,晶相光元大9C購02,5000,0,5000,0,0,0,0,0,0,1021000,0,0,0,1475000,454000,1021000,1026000
064822,台達電統一01購03,0,0,0,0,0,0,0,0,0,1023000,0,0,0,1491000,468000,1023000,1023000
2393,億光            ,1511000,503000,1008000,0,0,0,0,0,0,14000,6000,8000,-2000,23000,7000,16000,1022000
060305,得力永豐9A購01  ,0,0,0,0,0,0,0,0,0,1017000,0,0,0,1017000,0,1017000,1017000
00850,元大臺灣ESG永續 ,1000,1000,0,0,0,0,0,0,0,1016000,0,0,0,1447000,431000,1016000,1016000
2323,中環            ,2310000,1099655,1210345,0,0,0,0,1000,-1000,-198000,0,8000,-8000,21000,211000,-190000,1011345
052629,訊芯中信99購01  ,0,0,0,0,0,0,0,0,0,1005000,0,0,0,1328000,323000,1005000,1005000
062475,道瓊反國票9B購02,0,0,0,0,0,0,0,0,0,998000,0,0,0,998000,0,998000,998000
063782,致新永豐9B購02  ,0,0,0,0,0,0,0,0,0,992000,0,0,0,1090000,98000,992000,992000
060307,南港永豐9A購01  ,0,0,0,0,0,0,0,0,0,989000,0,0,0,1027000,38000,989000,989000
3231,緯創            ,7724100,6273725,1450375,0,0,0,2000,454000,-452000,-16000,114000,30000,84000,10000,110000,-100000,982375
9910,豐泰            ,1802584,796000,1006584,0,0,0,0,2000,-2000,-35000,0,0,0,0,35000,-35000,969584
065457,旭富元富03購01  ,0,0,0,0,0,0,0,0,0,969000,0,0,0,1260000,291000,969000,969000
055265,玉晶光永豐98購03,0,0,0,0,0,0,0,0,0,968000,0,0,0,1196000,228000,968000,968000
061518,達方永豐9A購02  ,0,0,0,0,0,0,0,0,0,963000,0,0,0,1122000,159000,963000,963000
2385,群光            ,2201000,1322000,879000,0,0,0,1000,13000,-12000,92000,17000,0,17000,105000,30000,75000,959000
064719,聯發科統一02購01,0,0,0,0,0,0,0,0,0,953000,0,0,0,3354000,2401000,953000,953000
4746,台耀            ,1958000,1001000,957000,0,0,0,0,0,0,-9000,2000,11000,-9000,0,0,0,948000
2367,燿華            ,2515000,3208000,-693000,0,0,0,0,0,0,1630000,25000,0,25000,1727000,122000,1605000,937000
051530,鴻海國票97購01  ,0,0,0,0,0,0,0,0,0,925000,0,0,0,925000,0,925000,925000
065995,台虹永豐01購01  ,0,0,0,0,0,0,0,0,0,909000,0,0,0,995000,86000,909000,909000
063556,儒鴻元大9B購02  ,0,0,0,0,0,0,0,0,0,903000,0,0,0,986000,83000,903000,903000
6282,康舒            ,1531000,634000,897000,0,0,0,0,0,0,6000,6000,0,6000,0,0,0,903000
057016,中石化凱基9B購01,0,0,0,0,0,0,0,0,0,902000,0,0,0,958000,56000,902000,902000
07957P,晶技群益9B售02  ,0,0,0,0,0,0,0,0,0,900000,0,0,0,900000,0,900000,900000
3576,聯合再生        ,1192000,295000,897000,0,0,0,0,0,0,0,0,0,0,0,0,0,897000
056055,國巨元大97購15  ,0,0,0,0,0,0,0,0,0,895000,0,0,0,895000,0,895000,895000
4119,旭富            ,1048000,149000,899000,0,0,0,0,73000,-73000,69000,18000,1000,17000,191000,139000,52000,895000
064056,GIS統一01購02   ,0,0,0,0,0,0,0,0,0,894000,0,0,0,906000,12000,894000,894000
08605P,聯發科中信9C售06,0,0,0,0,0,0,0,0,0,888000,0,0,0,1301000,413000,888000,888000
066223,拓凱國泰03購01  ,0,0,0,0,0,0,0,0,0,886000,0,0,0,914000,28000,886000,886000
061479,泰碩元大9A購02  ,0,0,0,0,0,0,0,0,0,882000,0,0,0,882000,0,882000,882000
1714,和桐            ,1543000,662309,880691,0,0,0,0,0,0,0,0,0,0,0,0,0,880691
00875,國泰網路資安    ,1000,1000,0,0,0,0,0,0,0,879000,0,0,0,929000,50000,879000,879000
6443,元晶            ,934000,55000,879000,0,0,0,0,0,0,0,0,0,0,0,0,0,879000
8210,勤誠            ,989000,280000,709000,0,0,0,0,0,0,164000,31000,0,31000,134000,1000,133000,873000
065708,中磊群益9C購01  ,0,0,0,0,0,0,0,0,0,871000,0,0,0,1000000,129000,871000,871000
062976,嘉澤元富9B購01  ,0,0,0,0,0,0,0,0,0,868000,0,0,0,891000,23000,868000,868000
066243,潤泰新富邦03購01,0,0,0,0,0,0,0,0,0,867000,0,0,0,867000,0,867000,867000
058841,深中小群益01購01,0,0,0,0,0,0,0,0,0,863000,0,0,0,980000,117000,863000,863000
07822P,滬深2X元大9A售09,0,0,0,0,0,0,0,0,0,858000,0,0,0,1058000,200000,858000,858000
2867,三商壽          ,1225000,371000,854000,0,0,0,1000,0,1000,0,0,0,0,0,0,0,855000
06813P,友訊元富98售03  ,0,0,0,0,0,0,0,0,0,852000,0,0,0,852000,0,852000,852000
006207,FH滬深          ,829000,17000,812000,0,0,0,0,0,0,31000,170000,60000,110000,1560000,1639000,-79000,843000
8039,台虹            ,875000,723000,152000,0,0,0,702000,0,702000,-39000,473000,47000,426000,46000,511000,-465000,815000
066279,拓凱元大01購01  ,0,0,0,0,0,0,0,0,0,812000,0,0,0,1000000,188000,812000,812000
3034,聯詠            ,4670476,4938000,-267524,0,0,0,1094000,37000,1057000,20000,139000,142000,-3000,79000,56000,23000,809476
065541,GIS統一01購05   ,0,0,0,0,0,0,0,0,0,809000,0,0,0,821000,12000,809000,809000
2392,正崴            ,1320000,1121000,199000,0,0,0,0,0,0,604000,158000,35000,123000,531000,50000,481000,803000
063151,奇鋐元富9B購01  ,0,0,0,0,0,0,0,0,0,796000,0,0,0,929000,133000,796000,796000
065455,金寶元富9C購01  ,0,0,0,0,0,0,0,0,0,790000,0,0,0,800000,10000,790000,790000
062294,盛群永豐9B購01  ,0,0,0,0,0,0,0,0,0,789000,0,0,0,817000,28000,789000,789000
065219,緯穎國泰01購01  ,0,0,0,0,0,0,0,0,0,777000,0,0,0,848000,71000,777000,777000
063067,緯穎麥證9B購01  ,0,0,0,776000,0,776000,0,0,0,776000,0,0,0,776000,0,776000,776000
057087,台郡統一99購01  ,0,0,0,0,0,0,0,0,0,766000,0,0,0,829000,63000,766000,766000
064856,GIS國泰02購01   ,0,0,0,0,0,0,0,0,0,764000,0,0,0,838000,74000,764000,764000
1474,弘裕            ,1377000,617000,760000,0,0,0,0,0,0,3000,3000,0,3000,0,0,0,763000
061129,文曄永豐9A購01  ,0,0,0,0,0,0,0,0,0,761000,0,0,0,887000,126000,761000,761000
063674,力山國泰01購02  ,0,0,0,0,0,0,0,0,0,757000,0,0,0,869000,112000,757000,757000
063583,GIS國泰01購01   ,0,0,0,0,0,0,0,0,0,753000,0,0,0,796000,43000,753000,753000
064924,健策統一9C購05  ,0,0,0,0,0,0,0,0,0,751000,0,0,0,961000,210000,751000,751000
066272,聯陽元大01購01  ,1000,0,1000,0,0,0,0,0,0,749000,0,0,0,1286000,537000,749000,750000
064387,GIS富邦9C購01   ,0,0,0,0,0,0,0,0,0,750000,0,0,0,750000,0,750000,750000
066459,智原統一01購01  ,0,0,0,0,0,0,0,0,0,748000,0,0,0,839000,91000,748000,748000
065380,緯穎元大9C購02  ,0,0,0,0,0,0,0,0,0,747000,0,0,0,927000,180000,747000,747000
060252,緯穎元大9A購02  ,0,0,0,0,0,0,0,0,0,743000,0,0,0,778000,35000,743000,743000
9914,美利達          ,1320000,1202100,117900,0,0,0,301000,0,301000,317000,318000,25000,293000,76000,52000,24000,735900
062819,奇鋐兆豐9B購01  ,0,0,0,0,0,0,0,0,0,726000,0,0,0,1413000,687000,726000,726000
07194P,聯發科元大99售25,0,0,0,0,0,0,0,0,0,725000,0,0,0,1025000,300000,725000,725000
058210,臺股指凱基9C購04,0,0,0,0,0,0,0,0,0,704000,0,0,0,1365000,661000,704000,704000
056034,華通凱基98購01  ,0,0,0,0,0,0,0,0,0,698000,0,0,0,750000,52000,698000,698000
064548,漢翔凱基9C購01  ,0,0,0,0,0,0,0,0,0,698000,0,0,0,698000,0,698000,698000
062171,中磊永豐9B購01  ,0,0,0,0,0,0,0,0,0,693000,0,0,0,730000,37000,693000,693000
064485,儒鴻元大01購01  ,0,0,0,0,0,0,0,0,0,693000,0,0,0,696000,3000,693000,693000
8926,台汽電          ,1106000,896000,210000,0,0,0,0,1000,-1000,478000,111000,44000,67000,426000,15000,411000,687000
8021,尖點            ,876000,193000,683000,0,0,0,0,0,0,0,0,0,0,0,0,0,683000
065787,奇鋐永豐9C購01  ,0,0,0,0,0,0,0,0,0,681000,0,0,0,738000,57000,681000,681000
046628,大立光統一98購01,0,0,0,0,0,0,0,0,0,678000,0,0,0,1054000,376000,678000,678000
07879P,瑞昱群益9C售01  ,0,0,0,0,0,0,0,0,0,677000,0,0,0,717000,40000,677000,677000
063924,致新元富9C購01  ,0,0,0,0,0,0,0,0,0,676000,0,0,0,701000,25000,676000,676000
056066,奇鋐元大98購02  ,0,0,0,0,0,0,0,0,0,671000,0,0,0,671000,0,671000,671000
063143,嘉澤統一9B購02  ,0,0,0,0,0,0,0,0,0,671000,0,0,0,751000,80000,671000,671000
065680,聯發科統一9C購16,0,0,0,0,0,0,0,0,0,670000,0,0,0,923000,253000,670000,670000
066434,台虹元大01購01  ,0,0,0,0,0,0,0,0,0,669000,0,0,0,966000,297000,669000,669000
060958,儒鴻凱基9A購02  ,0,0,0,0,0,0,0,0,0,669000,0,0,0,729000,60000,669000,669000
065818,奇鋐元富9C購01  ,0,0,0,0,0,0,0,0,0,668000,0,0,0,668000,0,668000,668000
6196,帆宣            ,640000,750000,-110000,0,0,0,888000,0,888000,-111000,10000,15000,-5000,70000,176000,-106000,667000
1409,新纖            ,918000,256000,662000,0,0,0,0,0,0,-1000,0,1000,-1000,0,0,0,661000
063056,嘉澤統一9C購02  ,0,0,0,0,0,0,0,0,0,661000,0,0,0,892000,231000,661000,661000
06912P,台光電元大99售02,0,0,0,0,0,0,0,0,0,660000,0,0,0,660000,0,660000,660000
055038,華航富邦99購01  ,0,0,0,0,0,0,0,0,0,659000,0,0,0,705000,46000,659000,659000
062972,京元電元富9B購01,0,0,0,0,0,0,0,0,0,659000,0,0,0,1253000,594000,659000,659000
065530,亞德客統一9C購02,0,0,0,0,0,0,0,0,0,657000,0,0,0,695000,38000,657000,657000
062682,全新統一9B購01  ,0,0,0,0,0,0,0,0,0,654000,0,0,0,1067000,413000,654000,654000
2886,兆豐金          ,7036948,6802000,234948,0,0,0,800000,278000,522000,-103000,0,50000,-50000,0,53000,-53000,653948
064574,達方群益01購01  ,0,0,0,0,0,0,0,0,0,653000,0,0,0,733000,80000,653000,653000
058650,台虹永豐9A購01  ,0,0,0,0,0,0,0,0,0,652000,0,0,0,767000,115000,652000,652000
064160,新日興統一01購03,0,0,0,0,0,0,0,0,0,651000,0,0,0,848000,197000,651000,651000
065641,台積電元大9C購12,0,0,0,0,0,0,0,0,0,644000,0,0,0,1167000,523000,644000,644000
066233,華碩富邦02購01  ,0,0,0,0,0,0,0,0,0,642000,0,0,0,699000,57000,642000,642000
058477,億光凱基9A購01  ,0,0,0,0,0,0,0,0,0,642000,0,0,0,912000,270000,642000,642000
058898,台積電元大99購20,0,0,0,0,0,0,0,0,0,641000,0,0,0,642000,1000,641000,641000
9921,巨大            ,800000,231000,569000,0,0,0,15000,10000,5000,59000,18000,14000,4000,68000,13000,55000,633000
00752,中信中國50      ,0,5000,-5000,0,0,0,0,0,0,634000,0,0,0,1972000,1338000,634000,629000
053563,台積電富邦97購01,0,0,0,0,0,0,0,0,0,629000,0,0,0,2839000,2210000,629000,629000
066336,聯陽永豐01購01  ,0,0,0,0,0,0,0,0,0,627000,0,0,0,836000,209000,627000,627000
065816,聯發科元富03購07,0,0,0,0,0,0,0,0,0,617000,0,0,0,652000,35000,617000,617000
065326,華擎凱基02購01  ,0,0,0,0,0,0,0,0,0,617000,0,0,0,741000,124000,617000,617000
063049,上海銀兆豐9B購01,0,0,0,0,0,0,0,0,0,614000,0,0,0,711000,97000,614000,614000
08302P,長榮航國泰02售01,0,0,0,0,0,0,0,0,0,611000,0,0,0,611000,0,611000,611000
061480,泰碩元大9B購01  ,0,0,0,0,0,0,0,0,0,611000,0,0,0,822000,211000,611000,611000
056688,聯詠統一98購01  ,0,0,0,0,0,0,0,0,0,605000,0,0,0,625000,20000,605000,605000
061593,智原永豐9A購01  ,0,0,0,0,0,0,0,0,0,604000,0,0,0,778000,174000,604000,604000
064883,GIS兆豐01購01   ,0,0,0,0,0,0,0,0,0,604000,0,0,0,699000,95000,604000,604000
064188,玉晶光永豐9C購02,0,0,0,0,0,0,0,0,0,602000,0,0,0,1818000,1216000,602000,602000
063449,全新統一9B購02  ,0,0,0,0,0,0,0,0,0,601000,0,0,0,722000,121000,601000,601000
066015,健策元富01購01  ,0,0,0,0,0,0,0,0,0,600000,0,0,0,662000,62000,600000,600000
04006P,滬深2X國票9B售01,0,0,0,0,0,0,0,0,0,600000,0,0,0,600000,0,600000,600000
064972,台積電元大9C購11,0,0,0,0,0,0,0,0,0,599000,0,0,0,990000,391000,599000,599000
062408,致新永豐9B購01  ,0,0,0,0,0,0,0,0,0,597000,0,0,0,835000,238000,597000,597000
064049,信邦統一01購01  ,0,0,0,0,0,0,0,0,0,597000,0,0,0,613000,16000,597000,597000
065795,康友永豐9C購02  ,0,0,0,0,0,0,0,0,0,596000,0,0,0,597000,1000,596000,596000
6153,嘉聯益          ,2379000,1908140,470860,0,0,0,0,0,0,125000,72000,52000,20000,217000,112000,105000,595860
065376,京鼎元大9C購02  ,0,0,0,0,0,0,0,0,0,591000,0,0,0,732000,141000,591000,591000
066253,泰豐元大01購01  ,10000,0,10000,0,0,0,0,0,0,579000,0,0,0,1117000,538000,579000,589000
2354,鴻準            ,1625000,1091000,534000,0,0,0,0,0,0,52000,52000,0,52000,0,0,0,586000
059101,康控統一9A購01  ,0,0,0,0,0,0,0,0,0,584000,0,0,0,1075000,491000,584000,584000
064177,立積國泰01購01  ,0,0,0,0,0,0,0,0,0,583000,0,0,0,588000,5000,583000,583000
063435,儒鴻統一01購02  ,0,0,0,0,0,0,0,0,0,583000,0,0,0,852000,269000,583000,583000
057475,聯電元大9A購01  ,0,0,0,0,0,0,0,0,0,575000,0,0,0,799000,224000,575000,575000
060422,台勝科永豐9A購01,0,0,0,0,0,0,0,0,0,574000,0,0,0,574000,0,574000,574000
065848,聯詠元大9C購03  ,0,0,0,0,0,0,0,0,0,573000,0,0,0,788000,215000,573000,573000
060246,晶相光元大9C購03,0,0,0,0,0,0,0,0,0,570000,0,0,0,677000,107000,570000,570000
061734,全新中信9B購02  ,0,0,0,0,0,0,0,0,0,569000,0,0,0,689000,120000,569000,569000
064464,台郡統一01購01  ,0,0,0,0,0,0,0,0,0,568000,0,0,0,842000,274000,568000,568000
5876,上海商銀        ,1778000,1086000,692000,0,0,0,0,0,0,-125000,0,0,0,14000,139000,-125000,567000
062855,嘉澤永豐9B購02  ,0,0,0,0,0,0,0,0,0,566000,0,0,0,743000,177000,566000,566000
058217,新唐群益99購01  ,0,0,0,0,0,0,0,0,0,565000,0,0,0,569000,4000,565000,565000
062679,技嘉統一01購01  ,0,0,0,0,0,0,0,0,0,564000,0,0,0,743000,179000,564000,564000
1762,中化生          ,1436000,872000,564000,0,0,0,0,0,0,-1000,0,0,0,0,1000,-1000,563000
063581,同欣電國泰9C購01,0,0,0,0,0,0,0,0,0,560000,0,0,0,996000,436000,560000,560000
5471,松翰            ,2229000,2371000,-142000,0,0,0,600000,0,600000,102000,0,10000,-10000,184000,72000,112000,560000
065682,健策統一9C購07  ,0,0,0,0,0,0,0,0,0,557000,0,0,0,940000,383000,557000,557000
055998,臺股指富邦99購01,0,0,0,0,0,0,0,0,0,555000,0,0,0,555000,0,555000,555000
066239,拓凱富邦02購01  ,0,0,0,0,0,0,0,0,0,554000,0,0,0,686000,132000,554000,554000
08454P,台灣50凱基9C售12,0,0,0,0,0,0,0,0,0,552000,0,0,0,600000,48000,552000,552000
062745,聯詠永豐9B購01  ,0,0,0,0,0,0,0,0,0,552000,0,0,0,801000,249000,552000,552000
065886,中磊元富9C購01  ,0,0,0,0,0,0,0,0,0,549000,0,0,0,650000,101000,549000,549000
2379,瑞昱            ,3758349,3511400,246949,0,0,0,109000,17000,92000,206000,174000,34000,140000,97000,31000,66000,544949
060506,京元電元大9A購02,0,0,0,0,0,0,0,0,0,544000,0,0,0,609000,65000,544000,544000
064229,台表科國票01購01,0,0,0,0,0,0,0,0,0,544000,0,0,0,608000,64000,544000,544000
064839,旭富統一9C購01  ,0,0,0,0,0,0,0,0,0,544000,0,0,0,671000,127000,544000,544000
064468,健策元富9C購02  ,0,0,0,0,0,0,0,0,0,541000,0,0,0,678000,137000,541000,541000
057734,訊芯國泰9A購01  ,0,0,0,0,0,0,0,0,0,540000,0,0,0,704000,164000,540000,540000
062610,啟碁凱基9B購01  ,0,0,0,0,0,0,0,0,0,540000,0,0,0,550000,10000,540000,540000
060432,達方永豐9A購01  ,0,0,0,0,0,0,0,0,0,540000,0,0,0,712000,172000,540000,540000
066565,泰鼎元大01購01  ,0,0,0,0,0,0,0,0,0,539000,0,0,0,719000,180000,539000,539000
061451,南電中信9A購03  ,0,0,0,0,0,0,0,0,0,538000,0,0,0,570000,32000,538000,538000
6269,台郡            ,1601618,2741418,-1139800,0,0,0,1154000,67000,1087000,588000,667000,184000,483000,239000,134000,105000,535200
055006,晶相光元富9A購01,0,0,0,0,0,0,0,0,0,535000,0,0,0,575000,40000,535000,535000
058160,奇鋐元富99購01  ,0,0,0,0,0,0,0,0,0,533000,0,0,0,585000,52000,533000,533000
08662P,台積電國泰03售01,0,0,0,0,0,0,0,0,0,532000,0,0,0,569000,37000,532000,532000
059975,元金2X元大99購02,0,0,0,0,0,0,0,0,0,528000,0,0,0,528000,0,528000,528000
066411,南紡元大01購01  ,0,0,0,0,0,0,0,0,0,527000,0,0,0,648000,121000,527000,527000
064357,中橡統一9C購01  ,0,0,0,0,0,0,0,0,0,523000,0,0,0,523000,0,523000,523000
07148P,富邦金元大99售01,0,0,0,0,0,0,0,0,0,522000,0,0,0,525000,3000,522000,522000
059016,晶相光元富99購03,0,0,0,0,0,0,0,0,0,522000,0,0,0,592000,70000,522000,522000
055377,揚明光元大98購01,0,0,0,0,0,0,0,0,0,520000,0,0,0,620000,100000,520000,520000
065974,智原元大01購01  ,0,0,0,0,0,0,0,0,0,519000,0,0,0,585000,66000,519000,519000
055261,帆宣統一98購01  ,0,0,0,0,0,0,0,0,0,519000,0,0,0,549000,30000,519000,519000
058525,台虹元大99購02  ,0,0,0,0,0,0,0,0,0,519000,0,0,0,896000,377000,519000,519000
063660,儒鴻統一9C購01  ,0,0,0,0,0,0,0,0,0,516000,0,0,0,559000,43000,516000,516000
057730,聯鈞國泰9A購01  ,0,0,0,0,0,0,0,0,0,515000,0,0,0,739000,224000,515000,515000
065132,臻鼎兆豐01購01  ,0,0,0,0,0,0,0,0,0,514000,0,0,0,1265000,751000,514000,514000
066089,文曄永豐01購01  ,0,0,0,0,0,0,0,0,0,509000,0,0,0,645000,136000,509000,509000
07608P,台灣50國票9C售03,0,0,0,0,0,0,0,0,0,509000,0,0,0,509000,0,509000,509000
006206,元大上證50      ,392000,23000,369000,0,0,0,0,0,0,140000,50000,20000,30000,2265000,2155000,110000,509000
060251,易華電元大9C購01,0,0,0,0,0,0,0,0,0,509000,0,0,0,823000,314000,509000,509000
065458,立積元富03購02  ,0,0,0,0,0,0,0,0,0,508000,0,0,0,513000,5000,508000,508000
056699,光罩國泰99購01  ,0,0,0,0,0,0,0,0,0,507000,0,0,0,538000,31000,507000,507000
1467,南緯            ,851000,344000,507000,0,0,0,0,0,0,0,0,0,0,0,0,0,507000
063905,健策麥證02購01  ,0,0,0,542000,36000,506000,0,0,0,506000,0,0,0,542000,36000,506000,506000
2345,智邦            ,1731000,1208200,522800,0,0,0,21000,16000,5000,-23000,37000,58000,-21000,17000,19000,-2000,504800
063870,健策永豐01購01  ,0,0,0,0,0,0,0,0,0,504000,0,0,0,559000,55000,504000,504000
064997,T50反1國票01購04,0,0,0,0,0,0,0,0,0,504000,0,0,0,510000,6000,504000,504000
063451,漢翔統一9C購01  ,0,0,0,0,0,0,0,0,0,503000,0,0,0,809000,306000,503000,503000
054325,奇力新台新97購03,0,0,0,0,0,0,0,0,0,502000,0,0,0,502000,0,502000,502000
059931,緯穎富邦9A購01  ,0,0,0,0,0,0,0,0,0,502000,0,0,0,525000,23000,502000,502000
062546,新日興永豐9B購01,0,0,0,0,0,0,0,0,0,502000,0,0,0,747000,245000,502000,502000
065779,台勝科國泰01購02,0,0,0,0,0,0,0,0,0,501000,0,0,0,598000,97000,501000,501000
054867,華航群益99購01  ,0,0,0,0,0,0,0,0,0,500000,0,0,0,500000,0,500000,500000
061369,T50反1國泰9B購03,0,0,0,0,0,0,0,0,0,500000,0,0,0,500000,0,500000,500000
064460,健策統一9C購03  ,0,0,0,0,0,0,0,0,0,500000,0,0,0,821000,321000,500000,500000
064475,台積電國泰02購03,0,0,0,0,0,0,0,0,0,500000,0,0,0,963000,463000,500000,500000
061742,奇鋐凱基9B購01  ,0,0,0,0,0,0,0,0,0,499000,0,0,0,538000,39000,499000,499000
054113,奇力新台新97購01,0,0,0,0,0,0,0,0,0,499000,0,0,0,499000,0,499000,499000
056871,新日興日盛99購01,0,0,0,0,0,0,0,0,0,498000,0,0,0,508000,10000,498000,498000
064496,聯發科元大9C購10,0,0,0,0,0,0,0,0,0,498000,0,0,0,498000,0,498000,498000
063252,緯穎元大9B購07  ,0,0,0,0,0,0,0,0,0,496000,0,0,0,696000,200000,496000,496000
054371,台積電中信9C購01,0,0,0,0,0,0,0,0,0,495000,0,0,0,764000,269000,495000,495000
061042,致新永豐9A購02  ,0,0,0,0,0,0,0,0,0,495000,0,0,0,541000,46000,495000,495000
08536P,台積電國票9C售08,0,0,0,0,0,0,0,0,0,494000,0,0,0,646000,152000,494000,494000
062070,金寶元大9B購01  ,0,0,0,0,0,0,0,0,0,494000,0,0,0,494000,0,494000,494000
057257,台泥兆豐99購01  ,0,0,0,0,0,0,0,0,0,493000,0,0,0,715000,222000,493000,493000
055614,華新科國票97購02,0,0,0,0,0,0,0,0,0,492000,0,0,0,492000,0,492000,492000
054072,台積電富邦98購02,0,0,0,0,0,0,0,0,0,491000,0,0,0,501000,10000,491000,491000
08070P,晶技國泰9C售02  ,0,0,0,0,0,0,0,0,0,488000,0,0,0,500000,12000,488000,488000
064796,緯穎國票01購01  ,0,0,0,0,0,0,0,0,0,483000,0,0,0,1410000,927000,483000,483000
065557,中磊凱基9C購01  ,0,0,0,0,0,0,0,0,0,482000,0,0,0,541000,59000,482000,482000
057945,京鼎國票99購03  ,0,0,0,0,0,0,0,0,0,481000,0,0,0,505000,24000,481000,481000
063374,嘉澤永豐9B購04  ,0,0,0,0,0,0,0,0,0,481000,0,0,0,687000,206000,481000,481000
066468,申豐統一02購01  ,0,0,0,0,0,0,0,0,0,480000,0,0,0,666000,186000,480000,480000
057258,中環兆豐98購01  ,0,0,0,0,0,0,0,0,0,480000,0,0,0,480000,0,480000,480000
063051,仁寶統一01購01  ,0,0,0,0,0,0,0,0,0,480000,0,0,0,599000,119000,480000,480000
2387,精元            ,1155000,589000,566000,0,0,0,0,0,0,-86000,0,2000,-2000,44000,128000,-84000,480000
6592,和潤企業        ,464819,390000,74819,0,0,0,0,3000,-3000,407000,424000,38000,386000,75000,54000,21000,478819
2467,志聖            ,525000,49000,476000,0,0,0,0,0,0,0,0,0,0,0,0,0,476000
2027,大成鋼          ,978000,1178000,-200000,0,0,0,1000,0,1000,673000,12000,0,12000,670000,9000,661000,474000
5434,崇越            ,811000,685000,126000,0,0,0,0,2000,-2000,349000,60000,56000,4000,346000,1000,345000,473000
063251,同欣電元大9B購04,0,0,0,0,0,0,0,0,0,472000,0,0,0,599000,127000,472000,472000
066338,德律永豐01購01  ,0,0,0,0,0,0,0,0,0,471000,0,0,0,531000,60000,471000,471000
059086,國巨元大99購18  ,0,0,0,0,0,0,0,0,0,471000,0,0,0,548000,77000,471000,471000
6278,台表科          ,1814000,1975000,-161000,0,0,0,325000,23000,302000,330000,260000,183000,77000,336000,83000,253000,471000
055201,興勤群益98購01  ,0,0,0,0,0,0,0,0,0,470000,0,0,0,470000,0,470000,470000
00651R,FH香港反1       ,22000,16000,6000,0,0,0,0,0,0,460000,0,0,0,902000,442000,460000,466000
056673,中石化元富9B購01,0,0,0,0,0,0,0,0,0,466000,0,0,0,467000,1000,466000,466000
062540,茂林國泰9C購01  ,0,0,0,0,0,0,0,0,0,466000,0,0,0,570000,104000,466000,466000
056846,晶相光元富98購01,0,0,0,0,0,0,0,0,0,464000,0,0,0,514000,50000,464000,464000
057354,聯鈞統一99購03  ,0,0,0,0,0,0,0,0,0,462000,0,0,0,573000,111000,462000,462000
064769,漢翔中信9C購01  ,0,0,0,0,0,0,0,0,0,460000,0,0,0,460000,0,460000,460000
058881,全新永豐99購01  ,0,0,0,0,0,0,0,0,0,459000,0,0,0,590000,131000,459000,459000
065309,亞光國票01購01  ,0,0,0,0,0,0,0,0,0,459000,0,0,0,547000,88000,459000,459000
063506,嘉晶群益9B購01  ,0,0,0,0,0,0,0,0,0,458000,0,0,0,540000,82000,458000,458000
056161,康控凱基98購02  ,0,0,0,0,0,0,0,0,0,457000,0,0,0,480000,23000,457000,457000
056574,亞光元大99購03  ,0,0,0,0,0,0,0,0,0,455000,0,0,0,632000,177000,455000,455000
2107,厚生            ,526000,72000,454000,0,0,0,0,0,0,0,0,0,0,0,0,0,454000
066519,達方永豐01購01  ,0,0,0,0,0,0,0,0,0,453000,0,0,0,483000,30000,453000,453000
056392,玉晶光富邦9C購01,0,0,0,0,0,0,0,0,0,453000,0,0,0,848000,395000,453000,453000
046881,智原富邦99購01  ,0,0,0,0,0,0,0,0,0,453000,0,0,0,789000,336000,453000,453000
064680,創意兆豐01購01  ,0,0,0,0,0,0,0,0,0,453000,0,0,0,638000,185000,453000,453000
066493,美利達元富01購01,0,0,0,0,0,0,0,0,0,452000,0,0,0,1026000,574000,452000,452000
00665L,富邦恒生國企正2 ,260000,1000,259000,0,0,0,0,0,0,193000,0,0,0,352000,159000,193000,452000
06848P,聯詠元大98售04  ,0,0,0,0,0,0,0,0,0,450000,0,0,0,450000,0,450000,450000
062427,嘉澤統一01購01  ,0,0,0,0,0,0,0,0,0,449000,0,0,0,1044000,595000,449000,449000
053686,台積電元大97購08,0,0,0,0,0,0,0,0,0,448000,0,0,0,448000,0,448000,448000
056472,美律元大99購03  ,0,0,0,0,0,0,0,0,0,447000,0,0,0,512000,65000,447000,447000
064928,同欣電統一01購02,0,0,0,0,0,0,0,0,0,447000,0,0,0,612000,165000,447000,447000
064173,國產元富9C購01  ,0,0,0,0,0,0,0,0,0,446000,0,0,0,523000,77000,446000,446000
05953P,台積電國票98售02,0,0,0,0,0,0,0,0,0,443000,0,0,0,464000,21000,443000,443000
058934,台灣50中信03購03,0,0,0,0,0,0,0,0,0,442000,0,0,0,442000,0,442000,442000
063646,帆宣元大9B購02  ,0,0,0,0,0,0,0,0,0,442000,0,0,0,442000,0,442000,442000
063948,高鐵元大9C購01  ,0,0,0,0,0,0,0,0,0,440000,0,0,0,446000,6000,440000,440000
020016,統一MSCI美科技N ,0,0,0,0,0,0,0,0,0,438000,0,0,0,486000,48000,438000,438000
1309,台達化          ,776000,1016000,-240000,0,0,0,0,0,0,676000,688000,12000,676000,0,0,0,436000
062170,健策永豐9B購04  ,0,0,0,0,0,0,0,0,0,435000,0,0,0,514000,79000,435000,435000
062214,金寶統一01購01  ,0,0,0,0,0,0,0,0,0,435000,0,0,0,438000,3000,435000,435000
064816,訊芯元大9C購01  ,0,0,0,0,0,0,0,0,0,434000,0,0,0,724000,290000,434000,434000
063624,GIS兆豐9B購01   ,0,0,0,0,0,0,0,0,0,433000,0,0,0,586000,153000,433000,433000
065940,立積群益02購01  ,0,0,0,0,0,0,0,0,0,429000,0,0,0,446000,17000,429000,429000
053797,台積電中信98購01,0,0,0,0,0,0,0,0,0,425000,0,0,0,482000,57000,425000,425000
063287,嘉澤元大9B購05  ,0,0,0,0,0,0,0,0,0,424000,0,0,0,826000,402000,424000,424000
056676,國產元富98購01  ,0,0,0,0,0,0,0,0,0,422000,0,0,0,485000,63000,422000,422000
063372,漢翔永豐9B購01  ,0,0,0,0,0,0,0,0,0,422000,0,0,0,422000,0,422000,422000
060316,福懋科永豐9A購01,0,0,0,0,0,0,0,0,0,421000,0,0,0,421000,0,421000,421000
057502,訊芯群益98購02  ,0,0,0,0,0,0,0,0,0,420000,0,0,0,420000,0,420000,420000
07731P,臺股指凱基9A售28,0,0,0,0,0,0,0,0,0,419000,0,0,0,492000,73000,419000,419000
056279,新日興富邦99購01,0,0,0,0,0,0,0,0,0,419000,0,0,0,569000,150000,419000,419000
060030,晶相光永豐99購03,0,0,0,0,0,0,0,0,0,415000,0,0,0,514000,99000,415000,415000
064808,國產元大9C購02  ,0,0,0,0,0,0,0,0,0,415000,0,0,0,731000,316000,415000,415000
057848,台表科永豐98購02,0,0,0,0,0,0,0,0,0,414000,0,0,0,763000,349000,414000,414000
065851,京鼎元大02購01  ,0,0,0,0,0,0,0,0,0,411000,0,0,0,1758000,1347000,411000,411000
060123,光罩永豐99購02  ,0,0,0,0,0,0,0,0,0,408000,0,0,0,930000,522000,408000,408000
063864,健策富邦01購01  ,0,0,0,0,0,0,0,0,0,408000,0,0,0,458000,50000,408000,408000
065497,台積電富邦03購03,0,0,0,0,0,0,0,0,0,406000,0,0,0,406000,0,406000,406000
056395,玉晶光永豐9B購01,0,0,0,0,0,0,0,0,0,406000,0,0,0,600000,194000,406000,406000
07500P,微星元大9A售01  ,0,0,0,0,0,0,0,0,0,405000,0,0,0,415000,10000,405000,405000
4904,遠傳            ,1440000,1161000,279000,0,0,0,33000,11000,22000,104000,106000,0,106000,0,2000,-2000,405000
03414B,臺股指凱基99熊01,100000,0,100000,0,0,0,0,0,0,304000,0,0,0,1757000,1453000,304000,404000
064423,義隆兆豐9C購02  ,0,0,0,0,0,0,0,0,0,403000,0,0,0,562000,159000,403000,403000
065456,義隆元富9C購03  ,0,0,0,0,0,0,0,0,0,403000,0,0,0,520000,117000,403000,403000
066277,敦泰元大01購02  ,0,0,0,0,0,0,0,0,0,402000,0,0,0,527000,125000,402000,402000
059503,大立光富邦9B購04,0,0,0,0,0,0,0,0,0,402000,0,0,0,526000,124000,402000,402000
064388,緯穎富邦9C購01  ,0,0,0,0,0,0,0,0,0,402000,0,0,0,1097000,695000,402000,402000
059294,宏達電元富9B購02,0,0,0,0,0,0,0,0,0,401000,0,0,0,423000,22000,401000,401000
07887P,台積電國票9C售03,0,0,0,0,0,0,0,0,0,400000,0,0,0,400000,0,400000,400000
057303,喬山兆豐99購01  ,0,0,0,0,0,0,0,0,0,400000,0,0,0,400000,0,400000,400000
056434,國巨凱基98購03  ,0,0,0,0,0,0,0,0,0,400000,0,0,0,425000,25000,400000,400000
057299,立積永豐98購02  ,0,0,0,0,0,0,0,0,0,399000,0,0,0,473000,74000,399000,399000
061673,仁寶元大9B購01  ,0,0,0,0,0,0,0,0,0,399000,0,0,0,542000,143000,399000,399000
058054,台積電統一9C購01,0,0,0,0,0,0,0,0,0,398000,0,0,0,708000,310000,398000,398000
061084,京元電兆豐9A購02,0,0,0,0,0,0,0,0,0,398000,0,0,0,538000,140000,398000,398000
058101,台積電富邦9C購01,0,0,0,0,0,0,0,0,0,397000,0,0,0,1170000,773000,397000,397000
059283,康友永豐99購02  ,0,0,0,0,0,0,0,0,0,397000,0,0,0,402000,5000,397000,397000
065399,新日興群益01購01,0,0,0,0,0,0,0,0,0,397000,0,0,0,397000,0,397000,397000
064477,南六國泰02購01  ,0,0,0,0,0,0,0,0,0,395000,0,0,0,405000,10000,395000,395000
5871,中租-KY         ,1357411,952200,405211,0,0,0,0,7000,-7000,-5000,4000,3000,1000,0,6000,-6000,393211
057199,台達電元富02購01,0,0,0,0,0,0,0,0,0,393000,0,0,0,393000,0,393000,393000
056177,嘉澤元富97購01  ,0,0,0,0,0,0,0,0,0,392000,0,0,0,392000,0,392000,392000
063641,泰鼎元大9B購04  ,0,0,0,0,0,0,0,0,0,391000,0,0,0,405000,14000,391000,391000
061722,健策永豐9B購03  ,0,0,0,0,0,0,0,0,0,390000,0,0,0,418000,28000,390000,390000
060298,鎧勝元大9C購01  ,0,0,0,0,0,0,0,0,0,388000,0,0,0,388000,0,388000,388000
057739,新日興富邦9B購01,0,0,0,0,0,0,0,0,0,387000,0,0,0,487000,100000,387000,387000
066193,致新凱基01購01  ,0,0,0,0,0,0,0,0,0,386000,0,0,0,482000,96000,386000,386000
066488,聯詠元富07購01  ,0,0,0,0,0,0,0,0,0,386000,0,0,0,475000,89000,386000,386000
061027,儒鴻永豐9A購02  ,0,0,0,0,0,0,0,0,0,386000,0,0,0,401000,15000,386000,386000
061083,京元電兆豐9A購01,0,0,0,0,0,0,0,0,0,385000,0,0,0,457000,72000,385000,385000
3712,永崴投控        ,182000,87000,95000,0,0,0,0,0,0,289000,0,4000,-4000,363000,70000,293000,384000
063669,宏達電統一9C購01,0,0,0,0,0,0,0,0,0,383000,0,0,0,383000,0,383000,383000
064085,儒鴻凱基9C購02  ,0,0,0,0,0,0,0,0,0,382000,0,0,0,399000,17000,382000,382000
062883,智易兆豐9C購01  ,0,0,0,0,0,0,0,0,0,382000,0,0,0,456000,74000,382000,382000
053346,群創國票97購04  ,0,0,0,0,0,0,0,0,0,380000,0,0,0,380000,0,380000,380000
060678,聯詠元大9A購03  ,0,0,0,0,0,0,0,0,0,379000,0,0,0,655000,276000,379000,379000
063774,GIS富邦9B購02   ,0,0,0,0,0,0,0,0,0,377000,0,0,0,501000,124000,377000,377000
043442,大立光台新01購01,0,0,0,0,0,0,0,0,0,376000,0,0,0,376000,0,376000,376000
063379,帆宣永豐9B購01  ,0,0,0,0,0,0,0,0,0,373000,0,0,0,413000,40000,373000,373000
062722,京元電凱基9B購02,0,0,0,0,0,0,0,0,0,371000,0,0,0,595000,224000,371000,371000
060956,超眾群益9A購01  ,0,0,0,0,0,0,0,0,0,369000,0,0,0,493000,124000,369000,369000
062984,致新元富9B購01  ,0,0,0,0,0,0,0,0,0,369000,0,0,0,390000,21000,369000,369000
08431P,景碩凱基9C售02  ,0,0,0,0,0,0,0,0,0,368000,0,0,0,437000,69000,368000,368000
065685,同欣電統一01購04,0,0,0,0,0,0,0,0,0,367000,0,0,0,672000,305000,367000,367000
062451,瀚宇博元大9B購02,0,0,0,0,0,0,0,0,0,366000,0,0,0,446000,80000,366000,366000
064563,全新群益02購01  ,0,0,0,0,0,0,0,0,0,365000,0,0,0,490000,125000,365000,365000
6271,同欣電          ,1265000,1287160,-22160,0,0,0,180000,693000,-513000,900000,666000,113000,553000,445000,98000,347000,364840
065453,康友統一02購02  ,0,0,0,0,0,0,0,0,0,364000,0,0,0,364000,0,364000,364000
055485,國巨元大97購09  ,0,0,0,0,0,0,0,0,0,363000,0,0,0,363000,0,363000,363000
055570,華通統一98購03  ,0,0,0,0,0,0,0,0,0,363000,0,0,0,605000,242000,363000,363000
060158,廣達永豐9A購01  ,0,0,0,0,0,0,0,0,0,363000,0,0,0,727000,364000,363000,363000
064369,彩晶統一01購01  ,0,0,0,0,0,0,0,0,0,363000,0,0,0,363000,0,363000,363000
061865,力山元大9B購01  ,0,0,0,0,0,0,0,0,0,362000,0,0,0,377000,15000,362000,362000
056364,亞光元大99購02  ,0,0,0,0,0,0,0,0,0,361000,0,0,0,366000,5000,361000,361000
062215,華通統一9B購01  ,0,0,0,0,0,0,0,0,0,361000,0,0,0,766000,405000,361000,361000
062906,全新元大9B購03  ,0,0,0,0,0,0,0,0,0,361000,0,0,0,410000,49000,361000,361000
057765,康舒凱基98購01  ,0,0,0,0,0,0,0,0,0,360000,0,0,0,390000,30000,360000,360000
065264,亞光元大9C購02  ,0,0,0,0,0,0,0,0,0,360000,0,0,0,436000,76000,360000,360000
066471,致新統一02購01  ,0,0,0,0,0,0,0,0,0,358000,0,0,0,663000,305000,358000,358000
065903,聯發科富邦02購02,0,0,0,0,0,0,0,0,0,357000,0,0,0,523000,166000,357000,357000
066059,帆宣元大01購01  ,0,0,0,0,0,0,0,0,0,357000,0,0,0,362000,5000,357000,357000
064174,致新元富9C購02  ,0,0,0,0,0,0,0,0,0,357000,0,0,0,745000,388000,357000,357000
066443,智原群益01購01  ,0,0,0,0,0,0,0,0,0,356000,0,0,0,356000,0,356000,356000
060283,台肥元大9C購01  ,0,0,0,0,0,0,0,0,0,356000,0,0,0,377000,21000,356000,356000
065498,台積電富邦04購02,0,0,0,0,0,0,0,0,0,355000,0,0,0,360000,5000,355000,355000
058549,藍天永豐99購01  ,0,0,0,0,0,0,0,0,0,355000,0,0,0,385000,30000,355000,355000
8016,矽創            ,785000,568000,217000,0,0,0,0,1000,-1000,139000,0,1000,-1000,168000,28000,140000,355000
061579,京鼎元大9A購02  ,0,0,0,0,0,0,0,0,0,353000,0,0,0,354000,1000,353000,353000
055030,帆宣國泰99購02  ,0,0,0,0,0,0,0,0,0,352000,0,0,0,402000,50000,352000,352000
063292,致新元大9B購02  ,0,0,0,0,0,0,0,0,0,352000,0,0,0,488000,136000,352000,352000
057176,全新元大99購02  ,0,0,0,0,0,0,0,0,0,351000,0,0,0,598000,247000,351000,351000
059040,訊芯群益99購03  ,0,0,0,0,0,0,0,0,0,351000,0,0,0,371000,20000,351000,351000
063436,儒鴻統一01購03  ,0,0,0,0,0,0,0,0,0,351000,0,0,0,351000,0,351000,351000
056381,台虹元富98購01  ,0,0,0,0,0,0,0,0,0,350000,0,0,0,450000,100000,350000,350000
062656,全新永豐9B購01  ,0,0,0,0,0,0,0,0,0,350000,0,0,0,350000,0,350000,350000
07458P,長榮航元大9A售01,0,0,0,0,0,0,0,0,0,349000,0,0,0,350000,1000,349000,349000
058554,瀚宇博永豐99購01,0,0,0,0,0,0,0,0,0,349000,0,0,0,484000,135000,349000,349000
065881,京元電台新9C購01,0,0,0,0,0,0,0,0,0,347000,0,0,0,352000,5000,347000,347000
058353,國巨凱基99購09  ,0,0,0,0,0,0,0,0,0,347000,0,0,0,382000,35000,347000,347000
062781,微星元大9C購01  ,0,0,0,0,0,0,0,0,0,347000,0,0,0,405000,58000,347000,347000
061035,亞光永豐9A購01  ,0,0,0,0,0,0,0,0,0,347000,0,0,0,395000,48000,347000,347000
058379,臺股指凱基99購14,0,0,0,0,0,0,0,0,0,346000,0,0,0,346000,0,346000,346000
060333,金寶康和9A購01  ,0,0,0,0,0,0,0,0,0,346000,0,0,0,483000,137000,346000,346000
065604,聯發科元大9C購17,0,0,0,0,0,0,0,0,0,345000,0,0,0,659000,314000,345000,345000
07867P,晶技元大9B售01  ,0,0,0,0,0,0,0,0,0,345000,0,0,0,350000,5000,345000,345000
059849,興勤永豐99購01  ,0,0,0,0,0,0,0,0,0,344000,0,0,0,741000,397000,344000,344000
06851P,鈺齊元大98售01  ,0,0,0,0,0,0,0,0,0,343000,0,0,0,393000,50000,343000,343000
056770,國產元大98購02  ,0,0,0,0,0,0,0,0,0,343000,0,0,0,464000,121000,343000,343000
058049,帆宣元大98購01  ,0,0,0,0,0,0,0,0,0,343000,0,0,0,368000,25000,343000,343000
4977,眾達-KY         ,426000,790000,-364000,0,0,0,662000,97000,565000,142000,94000,47000,47000,111000,16000,95000,343000
057102,亞光中信9A購01  ,0,0,0,0,0,0,0,0,0,342000,0,0,0,361000,19000,342000,342000
057276,全新元大99購03  ,0,0,0,0,0,0,0,0,0,342000,0,0,0,377000,35000,342000,342000
063611,儒鴻群益9B購03  ,0,0,0,0,0,0,0,0,0,342000,0,0,0,342000,0,342000,342000
00647L,元大S&P500正2   ,1000,2000,-1000,0,0,0,0,0,0,341000,0,0,0,452000,111000,341000,340000
066344,拓凱永豐01購01  ,0,0,0,0,0,0,0,0,0,339000,0,0,0,579000,240000,339000,339000
057282,大立光元大99購06,0,0,0,0,0,0,0,0,0,338000,0,0,0,692000,354000,338000,338000
065268,嘉澤元大9C購02  ,0,0,0,0,0,0,0,0,0,338000,0,0,0,449000,111000,338000,338000
064779,義隆群益9C購03  ,0,0,0,0,0,0,0,0,0,338000,0,0,0,597000,259000,338000,338000
057112,立積群益99購01  ,0,0,0,0,0,0,0,0,0,337000,0,0,0,341000,4000,337000,337000
065200,健策元富9C購04  ,0,0,0,0,0,0,0,0,0,336000,0,0,0,460000,124000,336000,336000
8104,錸寶            ,256000,120000,136000,0,0,0,200000,0,200000,0,0,0,0,0,0,0,336000
056386,TPK國泰99購01   ,0,0,0,0,0,0,0,0,0,334000,0,0,0,337000,3000,334000,334000
058813,旺宏統一9B購04  ,0,0,0,0,0,0,0,0,0,334000,0,0,0,344000,10000,334000,334000
063198,仁寶統一01購02  ,0,0,0,0,0,0,0,0,0,334000,0,0,0,579000,245000,334000,334000
062876,全新兆豐9B購01  ,0,0,0,0,0,0,0,0,0,333000,0,0,0,333000,0,333000,333000
00642U,元大S&P石油     ,6000,0,6000,0,0,0,0,0,0,326000,0,0,0,383000,57000,326000,332000
060303,宏達電富邦9B購01,0,0,0,0,0,0,0,0,0,332000,0,0,0,464000,132000,332000,332000
062019,嘉澤永豐9B購01  ,0,0,0,0,0,0,0,0,0,332000,0,0,0,476000,144000,332000,332000
6257,矽格            ,1096000,1332000,-236000,0,0,0,578000,0,578000,-10000,120000,25000,95000,72000,177000,-105000,332000
057872,旺宏元大99購06  ,0,0,0,0,0,0,0,0,0,331000,0,0,0,361000,30000,331000,331000
064681,牧德兆豐01購01  ,0,0,0,0,0,0,0,0,0,331000,0,0,0,545000,214000,331000,331000
066432,南六元大01購02  ,0,0,0,0,0,0,0,0,0,330000,0,0,0,357000,27000,330000,330000
064327,金寶元大01購01  ,0,0,0,0,0,0,0,0,0,330000,0,0,0,690000,360000,330000,330000
03649C,T50反1凱基99牛05,0,0,0,0,0,0,0,0,0,329000,0,0,0,379000,50000,329000,329000
061775,臺指反國票9B購04,0,0,0,0,0,0,0,0,0,329000,0,0,0,499000,170000,329000,329000
1460,宏遠            ,411000,83000,328000,0,0,0,0,0,0,0,0,0,0,0,0,0,328000
063262,南六富邦9C購01  ,0,0,0,0,0,0,0,0,0,327000,0,0,0,332000,5000,327000,327000
058192,訊芯永豐99購01  ,0,0,0,0,0,0,0,0,0,326000,0,0,0,362000,36000,326000,326000
058537,彩晶統一9B購01  ,0,0,0,0,0,0,0,0,0,326000,0,0,0,575000,249000,326000,326000
057804,為升元大98購01  ,0,0,0,0,0,0,0,0,0,325000,0,0,0,575000,250000,325000,325000
061374,力山永豐9A購04  ,0,0,0,0,0,0,0,0,0,324000,0,0,0,324000,0,324000,324000
059938,凱美永豐99購01  ,0,0,0,0,0,0,0,0,0,324000,0,0,0,324000,0,324000,324000
057840,健策富邦99購01  ,0,0,0,0,0,0,0,0,0,322000,0,0,0,346000,24000,322000,322000
059942,全新永豐99購04  ,0,0,0,0,0,0,0,0,0,322000,0,0,0,406000,84000,322000,322000
064555,力山群益01購01  ,0,0,0,0,0,0,0,0,0,322000,0,0,0,342000,20000,322000,322000
6412,群電            ,378000,61000,317000,0,0,0,0,1000,-1000,6000,0,0,0,6000,0,6000,322000
054318,台虹凱基98購01  ,0,0,0,0,0,0,0,0,0,321000,0,0,0,407000,86000,321000,321000
056232,瑞儀凱基98購01  ,0,0,0,0,0,0,0,0,0,321000,0,0,0,329000,8000,321000,321000
060320,元金2X群益02購01,0,0,0,0,0,0,0,0,0,320000,0,0,0,320000,0,320000,320000
056892,旺宏元大9A購02  ,0,0,0,0,0,0,0,0,0,319000,0,0,0,975000,656000,319000,319000
059612,奇鋐永豐99購02  ,0,0,0,0,0,0,0,0,0,319000,0,0,0,319000,0,319000,319000
064914,友達統一02購03  ,0,0,0,0,0,0,0,0,0,319000,0,0,0,319000,0,319000,319000
2484,希華            ,617000,298000,319000,0,0,0,0,0,0,0,0,0,0,0,0,0,319000
065374,義隆元大9C購07  ,0,0,0,0,0,0,0,0,0,318000,0,0,0,433000,115000,318000,318000
8249,菱光            ,490000,173000,317000,0,0,0,0,0,0,0,0,0,0,0,0,0,317000
066050,亞光元大01購01  ,0,0,0,0,0,0,0,0,0,316000,0,0,0,366000,50000,316000,316000
064622,晶技元大01購01  ,0,0,0,0,0,0,0,0,0,316000,0,0,0,441000,125000,316000,316000
8011,台通            ,573000,257000,316000,0,0,0,0,0,0,0,0,0,0,0,0,0,316000
052152,創意富邦98購01  ,0,0,0,0,0,0,0,0,0,314000,0,0,0,495000,181000,314000,314000
064072,康友永豐9C購01  ,0,0,0,0,0,0,0,0,0,313000,0,0,0,374000,61000,313000,313000
2478,大毅            ,591000,285000,306000,0,0,0,0,0,0,7000,0,0,0,42000,35000,7000,313000
065758,嘉澤元大9C購03  ,0,0,0,0,0,0,0,0,0,312000,0,0,0,591000,279000,312000,312000
057485,友達元大9C購04  ,0,0,0,0,0,0,0,0,0,312000,0,0,0,483000,171000,312000,312000
058363,全新凱基9A購02  ,0,0,0,0,0,0,0,0,0,312000,0,0,0,317000,5000,312000,312000
066297,美利達元大01購01,0,0,0,0,0,0,0,0,0,311000,0,0,0,716000,405000,311000,311000
059780,滬深2X元大9C購06,0,0,0,0,0,0,0,0,0,310000,0,0,0,310000,0,310000,310000
060189,宏達電元富9B購03,0,0,0,0,0,0,0,0,0,310000,0,0,0,320000,10000,310000,310000
063667,全新統一01購02  ,0,0,0,0,0,0,0,0,0,310000,0,0,0,379000,69000,310000,310000
063471,泰鼎元大9C購01  ,0,0,0,0,0,0,0,0,0,310000,0,0,0,459000,149000,310000,310000
2371,大同            ,1477984,1464355,13629,0,0,0,0,185000,-185000,481000,600000,119000,481000,0,0,0,309629
061192,奇鋐永豐9A購01  ,0,0,0,0,0,0,0,0,0,309000,0,0,0,437000,128000,309000,309000
062754,台勝科麥證9B購01,0,0,0,309000,0,309000,0,0,0,309000,0,0,0,309000,0,309000,309000
066230,南帝富邦02購01  ,0,0,0,0,0,0,0,0,0,308000,0,0,0,418000,110000,308000,308000
065526,台表科群益9C購03,0,0,0,0,0,0,0,0,0,307000,0,0,0,457000,150000,307000,307000
062802,宏達電統一9B購01,0,0,0,0,0,0,0,0,0,307000,0,0,0,507000,200000,307000,307000
07930P,聯發科統一9B售06,0,0,0,0,0,0,0,0,0,305000,0,0,0,305000,0,305000,305000
058507,美律元大9A購01  ,0,0,0,0,0,0,0,0,0,305000,0,0,0,360000,55000,305000,305000
059118,晶技永豐9A購01  ,0,0,0,0,0,0,0,0,0,305000,0,0,0,305000,0,305000,305000
057574,中磊永豐98購01  ,0,0,0,0,0,0,0,0,0,304000,0,0,0,314000,10000,304000,304000
064571,帆宣群益9C購01  ,0,0,0,0,0,0,0,0,0,304000,0,0,0,304000,0,304000,304000
066217,美利達統一03購01,0,0,0,0,0,0,0,0,0,303000,0,0,0,588000,285000,303000,303000
065241,南電凱基01購02  ,0,0,0,0,0,0,0,0,0,303000,0,0,0,387000,84000,303000,303000
065267,聯鈞元大9C購02  ,0,0,0,0,0,0,0,0,0,302000,0,0,0,335000,33000,302000,302000
2615,萬海            ,288000,768000,-480000,0,0,0,1794000,1007000,787000,-5000,0,5000,-5000,0,0,0,302000
4961,天鈺            ,519000,217000,302000,0,0,0,0,0,0,0,0,0,0,0,0,0,302000
063951,新日興元大9C購01,0,0,0,0,0,0,0,0,0,301000,0,0,0,301000,0,301000,301000
061712,旺宏凱基9A購08  ,0,0,0,0,0,0,0,0,0,300000,0,0,0,300000,0,300000,300000
053232,友達永豐97購02  ,0,0,0,0,0,0,0,0,0,300000,0,0,0,300000,0,300000,300000
055809,T50反1國票98購02,0,0,0,0,0,0,0,0,0,300000,0,0,0,323000,23000,300000,300000
050400,臻鼎中信97購01  ,0,0,0,0,0,0,0,0,0,300000,0,0,0,300000,0,300000,300000
054173,奇力新台新97購02,0,0,0,0,0,0,0,0,0,300000,0,0,0,300000,0,300000,300000
053887,聯茂兆豐97購02  ,0,0,0,0,0,0,0,0,0,300000,0,0,0,300000,0,300000,300000
062262,茂林元大9B購02  ,0,0,0,0,0,0,0,0,0,300000,0,0,0,300000,0,300000,300000
060084,聯電元大99購02  ,0,0,0,0,0,0,0,0,0,300000,0,0,0,300000,0,300000,300000
00713,元大台灣高息低波,26000,0,26000,0,0,0,0,0,0,273000,0,0,0,273000,0,273000,299000
065000,和大國票02購01  ,0,0,0,0,0,0,0,0,0,299000,0,0,0,299000,0,299000,299000
064384,聯電富邦01購01  ,0,0,0,0,0,0,0,0,0,299000,0,0,0,509000,210000,299000,299000
2492,華新科          ,1002000,625000,377000,0,0,0,1000,58000,-57000,-21000,12000,0,12000,7000,40000,-33000,299000
059116,晶豪科永豐99購01,0,0,0,0,0,0,0,0,0,298000,0,0,0,356000,58000,298000,298000
065021,貿聯富邦03購01  ,0,0,0,0,0,0,0,0,0,298000,0,0,0,324000,26000,298000,298000
057570,技嘉永豐98購02  ,0,0,0,0,0,0,0,0,0,297000,0,0,0,302000,5000,297000,297000
058327,大毅統一9B購01  ,0,0,0,0,0,0,0,0,0,297000,0,0,0,530000,233000,297000,297000
064396,創意永豐9C購01  ,0,0,0,0,0,0,0,0,0,297000,0,0,0,318000,21000,297000,297000
064261,力山永豐9C購01  ,0,0,0,0,0,0,0,0,0,297000,0,0,0,307000,10000,297000,297000
058246,帆宣元大99購01  ,0,0,0,0,0,0,0,0,0,296000,0,0,0,296000,0,296000,296000
056589,康控統一98購01  ,0,0,0,0,0,0,0,0,0,296000,0,0,0,441000,145000,296000,296000
00730,富邦臺灣優質高息,9000,9000,0,0,0,0,0,0,0,296000,0,0,0,717000,421000,296000,296000
063133,喬山統一01購01  ,0,0,0,0,0,0,0,0,0,296000,0,0,0,425000,129000,296000,296000
057569,光磊永豐98購03  ,0,0,0,0,0,0,0,0,0,295000,0,0,0,295000,0,295000,295000
064939,健策元富9C購03  ,0,0,0,0,0,0,0,0,0,295000,0,0,0,472000,177000,295000,295000
066240,泰鼎富邦03購01  ,0,0,0,0,0,0,0,0,0,294000,0,0,0,659000,365000,294000,294000
058648,聯陽永豐99購01  ,0,0,0,0,0,0,0,0,0,294000,0,0,0,345000,51000,294000,294000
062569,南電中信01購01  ,0,0,0,0,0,0,0,0,0,294000,0,0,0,294000,0,294000,294000
063497,東元永豐9B購01  ,0,0,0,0,0,0,0,0,0,294000,0,0,0,294000,0,294000,294000
058616,台虹元大9A購01  ,0,0,0,0,0,0,0,0,0,293000,0,0,0,614000,321000,293000,293000
065094,新日興元大9C購04,0,0,0,0,0,0,0,0,0,293000,0,0,0,352000,59000,293000,293000
00830,國泰費城半導體  ,97000,2000,95000,0,0,0,0,0,0,197000,0,0,0,484000,287000,197000,292000
065418,緯創國票01購01  ,0,0,0,0,0,0,0,0,0,290000,0,0,0,290000,0,290000,290000
064264,智伸科永豐9C購01,0,0,0,0,0,0,0,0,0,290000,0,0,0,310000,20000,290000,290000
056768,宏達電元大99購03,0,0,0,0,0,0,0,0,0,289000,0,0,0,422000,133000,289000,289000
059948,正文永豐99購01  ,0,0,0,0,0,0,0,0,0,289000,0,0,0,329000,40000,289000,289000
064838,旭富統一01購01  ,0,0,0,0,0,0,0,0,0,289000,0,0,0,408000,119000,289000,289000
066469,申豐統一02購02  ,0,0,0,0,0,0,0,0,0,288000,0,0,0,726000,438000,288000,288000
07140P,台灣50日盛99售01,0,0,0,0,0,0,0,0,0,288000,0,0,0,288000,0,288000,288000
057444,台泥元富98購01  ,0,0,0,0,0,0,0,0,0,288000,0,0,0,338000,50000,288000,288000
060419,漢翔永豐9A購01  ,0,0,0,0,0,0,0,0,0,288000,0,0,0,346000,58000,288000,288000
1720,生達            ,1151000,878000,273000,0,0,0,0,0,0,15000,1000,0,1000,124000,110000,14000,288000
057138,亞德客兆豐98購01,0,0,0,0,0,0,0,0,0,287000,0,0,0,287000,0,287000,287000
062988,儒鴻群益9B購01  ,0,0,0,0,0,0,0,0,0,287000,0,0,0,341000,54000,287000,287000
065596,鴻海元大9C購16  ,0,0,0,0,0,0,0,0,0,286000,0,0,0,342000,56000,286000,286000
065938,文曄群益01購01  ,0,0,0,0,0,0,0,0,0,286000,0,0,0,536000,250000,286000,286000
057421,智原凱基98購04  ,0,0,0,0,0,0,0,0,0,286000,0,0,0,311000,25000,286000,286000
066267,強茂元大01購02  ,0,0,0,0,0,0,0,0,0,284000,0,0,0,559000,275000,284000,284000
057741,超眾富邦98購01  ,0,0,0,0,0,0,0,0,0,284000,0,0,0,300000,16000,284000,284000
056994,緯穎兆豐98購02  ,0,0,0,0,0,0,0,0,0,284000,0,0,0,284000,0,284000,284000
2838,聯邦銀          ,458000,174000,284000,0,0,0,0,0,0,0,0,0,0,0,0,0,284000
057000,亞德客國票99購01,0,0,0,0,0,0,0,0,0,281000,0,0,0,301000,20000,281000,281000
061596,健策永豐9A購03  ,0,0,0,0,0,0,0,0,0,281000,0,0,0,352000,71000,281000,281000
063612,金像電群益9B購04,0,0,0,0,0,0,0,0,0,281000,0,0,0,327000,46000,281000,281000
6416,瑞祺電通        ,410000,299000,111000,0,0,0,128000,0,128000,42000,105000,67000,38000,17000,13000,4000,281000
057486,美律元大98購04  ,0,0,0,0,0,0,0,0,0,280000,0,0,0,280000,0,280000,280000
020012,富邦行動通訊N   ,0,0,0,0,0,0,0,0,0,280000,0,0,0,357000,77000,280000,280000
061080,華邦電兆豐9B購01,0,0,0,0,0,0,0,0,0,280000,0,0,0,413000,133000,280000,280000
060471,台勝科元大9B購01,0,0,0,0,0,0,0,0,0,280000,0,0,0,290000,10000,280000,280000
063093,國產國票9B購01  ,0,0,0,0,0,0,0,0,0,280000,0,0,0,378000,98000,280000,280000
061269,嘉澤凱基9A購01  ,0,0,0,0,0,0,0,0,0,278000,0,0,0,300000,22000,278000,278000
060637,玉晶光永豐9A購03,0,0,0,0,0,0,0,0,0,278000,0,0,0,342000,64000,278000,278000
064821,聯電統一02購01  ,0,0,0,0,0,0,0,0,0,278000,0,0,0,332000,54000,278000,278000
062771,臺股指凱基9B購15,0,0,0,0,0,0,0,0,0,277000,0,0,0,277000,0,277000,277000
066321,華碩永豐01購01  ,0,0,0,0,0,0,0,0,0,276000,0,0,0,285000,9000,276000,276000
055446,奇力新統一9A購01,0,0,0,0,0,0,0,0,0,276000,0,0,0,336000,60000,276000,276000
056269,新日興統一98購01,0,0,0,0,0,0,0,0,0,275000,0,0,0,450000,175000,275000,275000
056602,嘉澤國泰99購01  ,0,0,0,0,0,0,0,0,0,275000,0,0,0,284000,9000,275000,275000
6202,盛群            ,611000,292000,319000,0,0,0,0,2000,-2000,-42000,0,0,0,12000,54000,-42000,275000
066310,長興永豐01購01  ,0,0,0,0,0,0,0,0,0,274000,0,0,0,468000,194000,274000,274000
3023,信邦            ,616000,192558,423442,0,0,0,0,134000,-134000,-16000,0,0,0,4000,20000,-16000,273442
057074,立積永豐98購01  ,0,0,0,0,0,0,0,0,0,273000,0,0,0,273000,0,273000,273000
065681,聯發科統一9C購17,0,0,0,0,0,0,0,0,0,272000,0,0,0,464000,192000,272000,272000
065258,華邦電元大01購01,0,0,0,0,0,0,0,0,0,272000,0,0,0,440000,168000,272000,272000
064866,義隆永豐9C購02  ,0,0,0,0,0,0,0,0,0,272000,0,0,0,447000,175000,272000,272000
066204,京鼎統一02購01  ,0,0,0,0,0,0,0,0,0,271000,0,0,0,687000,416000,271000,271000
066178,拓凱凱基01購01  ,0,0,0,0,0,0,0,0,0,270000,0,0,0,270000,0,270000,270000
066569,帆宣元大01購02  ,0,0,0,0,0,0,0,0,0,270000,0,0,0,320000,50000,270000,270000
08655P,大立光群益02售02,0,0,0,0,0,0,0,0,0,270000,0,0,0,270000,0,270000,270000
062547,玉晶光永豐9B購05,0,0,0,0,0,0,0,0,0,270000,0,0,0,384000,114000,270000,270000
064670,智伸科元大9C購01,0,0,0,0,0,0,0,0,0,270000,0,0,0,548000,278000,270000,270000
08611P,聯發科凱基01售08,0,0,0,0,0,0,0,0,0,269000,0,0,0,374000,105000,269000,269000
054640,健策中信9B購01  ,0,0,0,0,0,0,0,0,0,269000,0,0,0,408000,139000,269000,269000
00766L,台新MSCI中國正2 ,0,0,0,0,0,0,0,0,0,269000,0,0,0,626000,357000,269000,269000
061824,聯電麥證9B購01  ,0,0,0,279000,3000,276000,0,0,0,269000,0,0,0,279000,10000,269000,269000
066252,南港元大01購02  ,0,0,0,0,0,0,0,0,0,268000,0,0,0,644000,376000,268000,268000
2329,華泰            ,962000,694023,267977,0,0,0,0,0,0,0,0,0,0,0,0,0,267977
057875,京鼎元大98購03  ,0,0,0,0,0,0,0,0,0,267000,0,0,0,396000,129000,267000,267000
07994P,臺股指群益9B售04,0,0,0,0,0,0,0,0,0,266000,0,0,0,270000,4000,266000,266000
065111,瀚宇博國票01購01,0,0,0,0,0,0,0,0,0,266000,0,0,0,770000,504000,266000,266000
055026,健和興國泰98購01,0,0,0,0,0,0,0,0,0,265000,0,0,0,282000,17000,265000,265000
065022,同欣電富邦01購01,0,0,0,0,0,0,0,0,0,265000,0,0,0,265000,0,265000,265000
062268,力山群益9B購01  ,0,0,0,0,0,0,0,0,0,264000,0,0,0,266000,2000,264000,264000
065341,華邦電統一01購02,0,0,0,0,0,0,0,0,0,264000,0,0,0,274000,10000,264000,264000
065481,臻鼎元大9C購04  ,0,0,0,0,0,0,0,0,0,264000,0,0,0,568000,304000,264000,264000
054791,泰碩群益99購02  ,0,0,0,0,0,0,0,0,0,263000,0,0,0,509000,246000,263000,263000
055817,京鼎國票99購01  ,0,0,0,0,0,0,0,0,0,263000,0,0,0,402000,139000,263000,263000
060923,全新永豐9A購01  ,0,0,0,0,0,0,0,0,0,263000,0,0,0,297000,34000,263000,263000
063159,嘉澤國泰01購01  ,0,0,0,0,0,0,0,0,0,262000,0,0,0,400000,138000,262000,262000
056113,新日興兆豐98購01,0,0,0,0,0,0,0,0,0,261000,0,0,0,457000,196000,261000,261000
062416,和大統一01購02  ,0,0,0,0,0,0,0,0,0,261000,0,0,0,277000,16000,261000,261000
07407P,欣興凱基99售07  ,0,0,0,0,0,0,0,0,0,260000,0,0,0,360000,100000,260000,260000
065720,義隆兆豐9C購03  ,0,0,0,0,0,0,0,0,0,260000,0,0,0,357000,97000,260000,260000
061536,華擎統一9C購02  ,0,0,0,0,0,0,0,0,0,260000,0,0,0,407000,147000,260000,260000
3515,華擎            ,1148000,352000,796000,0,0,0,0,479000,-479000,-57000,4000,64000,-60000,68000,65000,3000,260000
066074,文曄凱基01購01  ,0,0,0,0,0,0,0,0,0,259000,0,0,0,308000,49000,259000,259000
08219P,上銀凱基9B售08  ,0,0,0,0,0,0,0,0,0,259000,0,0,0,264000,5000,259000,259000
056870,全新日盛9A購01  ,0,0,0,0,0,0,0,0,0,259000,0,0,0,269000,10000,259000,259000
08425P,世紀鋼元富9C售03,0,0,0,0,0,0,0,0,0,258000,0,0,0,308000,50000,258000,258000
066064,T50反1凱基03購03,0,0,0,0,0,0,0,0,0,258000,0,0,0,500000,242000,258000,258000
061037,嘉澤永豐9A購01  ,0,0,0,0,0,0,0,0,0,258000,0,0,0,325000,67000,258000,258000
063515,香港2X凱基01購01,0,0,0,0,0,0,0,0,0,258000,0,0,0,359000,101000,258000,258000
062386,京鼎國泰9C購01  ,0,0,0,0,0,0,0,0,0,257000,0,0,0,337000,80000,257000,257000
063136,智邦統一9B購02  ,0,0,0,0,0,0,0,0,0,257000,0,0,0,538000,281000,257000,257000
055312,台虹群益99購01  ,0,0,0,0,0,0,0,0,0,256000,0,0,0,414000,158000,256000,256000
063343,美律統一9C購01  ,0,0,0,0,0,0,0,0,0,256000,0,0,0,263000,7000,256000,256000
066061,超眾元大01購04  ,0,0,0,0,0,0,0,0,0,255000,0,0,0,260000,5000,255000,255000
06893P,致新元富98售02  ,0,0,0,0,0,0,0,0,0,255000,0,0,0,255000,0,255000,255000
054204,元金2X國票9B購02,0,0,0,0,0,0,0,0,0,255000,0,0,0,255000,0,255000,255000
060153,A50正2永豐9A購01,0,0,0,0,0,0,0,0,0,255000,0,0,0,299000,44000,255000,255000
056937,智原元富98購01  ,0,0,0,0,0,0,0,0,0,253000,0,0,0,283000,30000,253000,253000
063706,台虹群益9B購01  ,0,0,0,0,0,0,0,0,0,253000,0,0,0,358000,105000,253000,253000
064780,義隆群益9C購04  ,0,0,0,0,0,0,0,0,0,253000,0,0,0,280000,27000,253000,253000
066044,京元電元大01購01,0,0,0,0,0,0,0,0,0,252000,0,0,0,559000,307000,252000,252000
066315,南帝永豐01購01  ,0,0,0,0,0,0,0,0,0,252000,0,0,0,447000,195000,252000,252000
057437,可成國票99購01  ,0,0,0,0,0,0,0,0,0,252000,0,0,0,254000,2000,252000,252000
055415,禾伸堂富邦9B購01,0,0,0,0,0,0,0,0,0,251000,0,0,0,509000,258000,251000,251000
066057,華擎元大02購01  ,0,0,0,0,0,0,0,0,0,250000,0,0,0,324000,74000,250000,250000
08086P,燿華凱基9B售03  ,0,0,0,0,0,0,0,0,0,250000,0,0,0,279000,29000,250000,250000
055105,鴻海凱基98購05  ,0,0,0,0,0,0,0,0,0,250000,0,0,0,250000,0,250000,250000
055150,台積電元大98購04,0,0,0,0,0,0,0,0,0,250000,0,0,0,250000,0,250000,250000
062975,京鼎元富9B購01  ,0,0,0,0,0,0,0,0,0,250000,0,0,0,378000,128000,250000,250000
056894,佳世達元大99購01,0,0,0,0,0,0,0,0,0,249000,0,0,0,260000,11000,249000,249000
062533,嘉澤統一9C購01  ,0,0,0,0,0,0,0,0,0,249000,0,0,0,554000,305000,249000,249000
08378P,世紀鋼元富9C售02,0,0,0,0,0,0,0,0,0,248000,0,0,0,328000,80000,248000,248000
063596,嘉澤中信9B購01  ,0,0,0,0,0,0,0,0,0,248000,0,0,0,338000,90000,248000,248000
062617,京鼎元大9B購01  ,0,0,0,0,0,0,0,0,0,247000,0,0,0,317000,70000,247000,247000
063439,正隆統一01購01  ,0,0,0,0,0,0,0,0,0,247000,0,0,0,257000,10000,247000,247000
065427,台積電凱基02購04,0,0,0,0,0,0,0,0,0,247000,0,0,0,392000,145000,247000,247000
08624P,力成群益9C售01  ,0,0,0,0,0,0,0,0,0,246000,0,0,0,246000,0,246000,246000
065992,立積永豐01購01  ,0,0,0,0,0,0,0,0,0,246000,0,0,0,334000,88000,246000,246000
066188,訊芯凱基01購01  ,0,0,0,0,0,0,0,0,0,246000,0,0,0,485000,239000,246000,246000
057555,玉晶光凱基9A購02,0,0,0,0,0,0,0,0,0,246000,0,0,0,652000,406000,246000,246000
056178,嘉澤元富97購02  ,0,0,0,0,0,0,0,0,0,246000,0,0,0,286000,40000,246000,246000
059202,禾聯碩永豐99購01,0,0,0,0,0,0,0,0,0,246000,0,0,0,261000,15000,246000,246000
054890,聯鈞統一99購01  ,0,0,0,0,0,0,0,0,0,245000,0,0,0,247000,2000,245000,245000
060418,中橡永豐9A購01  ,0,0,0,0,0,0,0,0,0,245000,0,0,0,250000,5000,245000,245000
063470,泰鼎元大9B購03  ,0,0,0,0,0,0,0,0,0,245000,0,0,0,683000,438000,245000,245000
059922,大立光元大99購25,0,0,0,0,0,0,0,0,0,244000,0,0,0,244000,0,244000,244000
066311,生達永豐01購01  ,0,0,0,0,0,0,0,0,0,243000,0,0,0,445000,202000,243000,243000
065874,智原群益9C購01  ,0,0,0,0,0,0,0,0,0,243000,0,0,0,289000,46000,243000,243000
056875,亞光凱基98購03  ,0,0,0,0,0,0,0,0,0,243000,0,0,0,298000,55000,243000,243000
062695,華通元大9C購01  ,0,0,0,0,0,0,0,0,0,243000,0,0,0,625000,382000,243000,243000
059290,全新元富99購01  ,0,0,0,0,0,0,0,0,0,243000,0,0,0,245000,2000,243000,243000
061866,力山元大9C購01  ,0,0,0,0,0,0,0,0,0,243000,0,0,0,287000,44000,243000,243000
063645,瑞儀元大9B購02  ,0,0,0,0,0,0,0,0,0,243000,0,0,0,351000,108000,243000,243000
063781,健策永豐9B購08  ,0,0,0,0,0,0,0,0,0,243000,0,0,0,330000,87000,243000,243000
1513,中興電          ,428000,202750,225250,0,0,0,0,0,0,17000,8000,16000,-8000,34000,9000,25000,242250
064898,國產群益9C購01  ,0,0,0,0,0,0,0,0,0,242000,0,0,0,328000,86000,242000,242000
065006,景碩國票01購01  ,0,20000,-20000,0,0,0,0,0,0,262000,0,0,0,369000,107000,262000,242000
066020,東元群益01購01  ,0,0,0,0,0,0,0,0,0,241000,0,0,0,297000,56000,241000,241000
08411P,技嘉凱基9C售01  ,0,0,0,0,0,0,0,0,0,241000,0,0,0,269000,28000,241000,241000
063675,亞德客國泰01購01,0,0,0,0,0,0,0,0,0,241000,0,0,0,295000,54000,241000,241000
056096,超眾元富9A購01  ,0,0,0,0,0,0,0,0,0,240000,0,0,0,257000,17000,240000,240000
046999,康控富邦99購01  ,0,0,0,0,0,0,0,0,0,240000,0,0,0,240000,0,240000,240000
052838,新唐國泰98購01  ,0,0,0,0,0,0,0,0,0,240000,0,0,0,240000,0,240000,240000
059178,臺股指凱基99購30,0,0,0,0,0,0,0,0,0,240000,0,0,0,240000,0,240000,240000
061552,南六群益9A購02  ,0,0,0,0,0,0,0,0,0,240000,0,0,0,240000,0,240000,240000
062561,瀚宇博凱基9B購01,0,0,0,0,0,0,0,0,0,240000,0,0,0,416000,176000,240000,240000
064063,健策國泰01購02  ,0,0,0,0,0,0,0,0,0,240000,0,0,0,347000,107000,240000,240000
064907,緯穎群益9C購02  ,0,0,0,0,0,0,0,0,0,240000,0,0,0,394000,154000,240000,240000
3045,台灣大          ,2355000,1828149,526851,0,0,0,0,27000,-27000,-260000,60000,320000,-260000,0,0,0,239851
1218,泰山            ,364000,185000,179000,0,0,0,0,0,0,60000,28000,0,28000,33000,1000,32000,239000
065624,聯詠中信9C購01  ,0,0,0,0,0,0,0,0,0,239000,0,0,0,503000,264000,239000,239000
063613,全新群益9C購01  ,0,0,0,0,0,0,0,0,0,238000,0,0,0,386000,148000,238000,238000
065981,超眾元大02購01  ,0,0,0,0,0,0,0,0,0,237000,0,0,0,244000,7000,237000,237000
07287P,全新群益9B售01  ,0,0,0,0,0,0,0,0,0,237000,0,0,0,240000,3000,237000,237000
055262,台虹國泰98購01  ,0,0,0,0,0,0,0,0,0,237000,0,0,0,267000,30000,237000,237000
064730,超眾統一02購02  ,0,0,0,0,0,0,0,0,0,237000,0,0,0,348000,111000,237000,237000
00641R,富邦日本反1     ,13000,0,13000,0,0,0,0,0,0,223000,0,0,0,569000,346000,223000,236000
1319,東陽            ,516777,269000,247777,0,0,0,0,0,0,-12000,0,12000,-12000,0,0,0,235777
065609,嘉澤元大01購02  ,0,0,0,0,0,0,0,0,0,235000,0,0,0,485000,250000,235000,235000
066125,得力群益01購01  ,0,0,0,0,0,0,0,0,0,235000,0,0,0,238000,3000,235000,235000
056146,台虹元大98購01  ,0,0,0,0,0,0,0,0,0,235000,0,0,0,260000,25000,235000,235000
060841,宏達電國票9B購01,0,0,0,0,0,0,0,0,0,235000,0,0,0,235000,0,235000,235000
064590,牧德永豐9C購01  ,0,0,0,0,0,0,0,0,0,235000,0,0,0,303000,68000,235000,235000
064057,緯穎統一02購01  ,0,0,0,0,0,0,0,0,0,235000,0,0,0,733000,498000,235000,235000
065378,嘉澤元大01購01  ,0,0,0,0,0,0,0,0,0,234000,0,0,0,374000,140000,234000,234000
00701,國泰股利精選30  ,2000,14000,-12000,0,0,0,0,0,0,245000,0,0,0,459000,214000,245000,233000
062061,台勝科統一01購01,0,0,0,0,0,0,0,0,0,233000,0,0,0,303000,70000,233000,233000
064364,高鐵統一9C購02  ,0,0,0,0,0,0,0,0,0,233000,0,0,0,233000,0,233000,233000
063731,台積電元大9B購10,0,0,0,0,0,0,0,0,0,233000,0,0,0,317000,84000,233000,233000
066331,東森永豐01購01  ,0,0,0,0,0,0,0,0,0,231000,0,0,0,239000,8000,231000,231000
08606P,聯發科國票9C售05,0,0,0,0,0,0,0,0,0,231000,0,0,0,301000,70000,231000,231000
059170,康控凱基9B購01  ,0,0,0,0,0,0,0,0,0,231000,0,0,0,404000,173000,231000,231000
060653,全新群益9A購02  ,0,0,0,0,0,0,0,0,0,231000,0,0,0,231000,0,231000,231000
064728,健策統一9C購04  ,0,0,0,0,0,0,0,0,0,231000,0,0,0,412000,181000,231000,231000
064806,微星元大01購01  ,0,0,0,0,0,0,0,0,0,231000,0,0,0,370000,139000,231000,231000
08325P,臺股指凱基9C售08,0,0,0,0,0,0,0,0,0,230000,0,0,0,465000,235000,230000,230000
055117,臻鼎凱基98購02  ,0,0,0,0,0,0,0,0,0,230000,0,0,0,230000,0,230000,230000
056356,台積電元大99購01,0,0,0,0,0,0,0,0,0,230000,0,0,0,247000,17000,230000,230000
055651,富邦金元富97購01,0,0,0,0,0,0,0,0,0,230000,0,0,0,230000,0,230000,230000
061439,寶成凱基9A購01  ,0,0,0,0,0,0,0,0,0,230000,0,0,0,230000,0,230000,230000
061091,奇力新統一9C購02,0,0,0,0,0,0,0,0,0,230000,0,0,0,230000,0,230000,230000
063355,超眾元富9B購01  ,0,0,0,0,0,0,0,0,0,230000,0,0,0,234000,4000,230000,230000
056724,臻鼎中信9A購01  ,0,0,0,0,0,0,0,0,0,229000,0,0,0,1152000,923000,229000,229000
062537,聯電國泰9C購01  ,0,0,0,0,0,0,0,0,0,229000,0,0,0,303000,74000,229000,229000
063738,奇鋐元大9B購03  ,0,0,0,0,0,0,0,0,0,229000,0,0,0,495000,266000,229000,229000
08205P,智邦凱基9B售03  ,0,0,0,0,0,0,0,0,0,228000,0,0,0,228000,0,228000,228000
061308,元金2X中信9A購01,0,0,0,0,0,0,0,0,0,228000,0,0,0,235000,7000,228000,228000
058768,南港兆豐99購01  ,0,0,0,0,0,0,0,0,0,228000,0,0,0,228000,0,228000,228000
064004,全新凱基01購01  ,0,0,0,0,0,0,0,0,0,228000,0,0,0,291000,63000,228000,228000
060265,宏達電國票9A購02,0,0,0,0,0,0,0,0,0,227000,0,0,0,227000,0,227000,227000
060309,佳世達永豐9A購01,0,0,0,0,0,0,0,0,0,227000,0,0,0,315000,88000,227000,227000
065342,華邦電統一02購01,0,0,0,0,0,0,0,0,0,227000,0,0,0,227000,0,227000,227000
2468,華經            ,329000,105000,224000,0,0,0,0,0,0,3000,3000,0,3000,0,0,0,227000
066397,智原凱基01購01  ,0,0,0,0,0,0,0,0,0,226000,0,0,0,306000,80000,226000,226000
056618,京元電永豐98購01,0,0,0,0,0,0,0,0,0,226000,0,0,0,234000,8000,226000,226000
062710,盛群元大9B購01  ,0,0,0,0,0,0,0,0,0,226000,0,0,0,417000,191000,226000,226000
063025,超眾元大9B購01  ,0,0,0,0,0,0,0,0,0,226000,0,0,0,280000,54000,226000,226000
056463,台虹凱基98購02  ,0,0,0,0,0,0,0,0,0,225000,0,0,0,250000,25000,225000,225000
058222,玉晶光統一9B購01,0,0,0,0,0,0,0,0,0,225000,0,0,0,230000,5000,225000,225000
055114,新日興凱基98購01,0,0,0,0,0,0,0,0,0,225000,0,0,0,294000,69000,225000,225000
062246,力山元大9B購02  ,0,0,0,0,0,0,0,0,0,225000,0,0,0,225000,0,225000,225000
062355,華通元大9B購03  ,0,0,0,0,0,0,0,0,0,225000,0,0,0,225000,0,225000,225000
060195,旭富元富9A購02  ,0,0,0,0,0,0,0,0,0,225000,0,0,0,412000,187000,225000,225000
060677,京元電元大9A購04,0,0,0,0,0,0,0,0,0,225000,0,0,0,370000,145000,225000,225000
065369,瑞昱元大9C購01  ,0,0,0,0,0,0,0,0,0,225000,0,0,0,319000,94000,225000,225000
065723,新日興兆豐01購01,0,0,0,0,0,0,0,0,0,224000,0,0,0,253000,29000,224000,224000
00708L,元大S&P黃金正2  ,7000,7000,0,0,0,0,0,0,0,224000,0,0,0,1952000,1728000,224000,224000
062028,晶技群益9B購01  ,0,0,0,0,0,0,0,0,0,224000,0,0,0,337000,113000,224000,224000
062699,台積電元大01購02,0,0,0,0,0,0,0,0,0,224000,0,0,0,230000,6000,224000,224000
063929,高鐵統一02購01  ,0,0,0,0,0,0,0,0,0,224000,0,0,0,224000,0,224000,224000
064172,義隆元富9C購01  ,0,0,0,0,0,0,0,0,0,224000,0,0,0,234000,10000,224000,224000
054301,楠梓電凱基98購01,0,0,0,0,0,0,0,0,0,223000,0,0,0,294000,71000,223000,223000
064040,鴻海統一9C購18  ,0,0,0,0,0,0,0,0,0,223000,0,0,0,303000,80000,223000,223000
058622,國巨國票99購07  ,0,0,0,0,0,0,0,0,0,222000,0,0,0,280000,58000,222000,222000
061840,長榮航凱基9C購01,0,0,0,0,0,0,0,0,0,222000,0,0,0,224000,2000,222000,222000
063973,緯穎國票9C購01  ,0,0,0,0,0,0,0,0,0,222000,0,0,0,246000,24000,222000,222000
066179,智伸科凱基01購01,0,0,0,0,0,0,0,0,0,221000,0,0,0,300000,79000,221000,221000
066513,精元永豐01購02  ,0,0,0,0,0,0,0,0,0,221000,0,0,0,252000,31000,221000,221000
053782,京元電元大98購02,0,0,0,0,0,0,0,0,0,221000,0,0,0,501000,280000,221000,221000
064128,國產元大9C購01  ,0,0,0,0,0,0,0,0,0,221000,0,0,0,384000,163000,221000,221000
063294,美律麥證9B購01  ,0,0,0,264000,43000,221000,0,0,0,221000,0,0,0,264000,43000,221000,221000
064380,超眾元富9C購03  ,0,0,0,0,0,0,0,0,0,221000,0,0,0,221000,0,221000,221000
06657P,寶成元大98售01  ,0,0,0,0,0,0,0,0,0,220000,0,0,0,220000,0,220000,220000
060421,華擎永豐9A購01  ,0,0,0,0,0,0,0,0,0,220000,0,0,0,221000,1000,220000,220000
065479,新日興元大9C購05,0,0,0,0,0,0,0,0,0,220000,0,0,0,244000,24000,220000,220000
064126,聯發科元大9C購05,0,0,0,0,0,0,0,0,0,220000,0,0,0,221000,1000,220000,220000
2023,燁輝            ,314000,93000,221000,0,0,0,0,0,0,-1000,0,1000,-1000,0,0,0,220000
065499,京元電富邦01購01,0,0,0,0,0,0,0,0,0,219000,0,0,0,677000,458000,219000,219000
08472P,和碩凱基9C售02  ,0,0,0,0,0,0,0,0,0,219000,0,0,0,446000,227000,219000,219000
07316P,長榮航康和99售01,0,0,0,0,0,0,0,0,0,219000,0,0,0,219000,0,219000,219000
07764P,世紀鋼永豐9A售04,0,0,0,0,0,0,0,0,0,219000,0,0,0,249000,30000,219000,219000
053770,元金2X元大98購01,0,0,0,0,0,0,0,0,0,219000,0,0,0,219000,0,219000,219000
063422,奇鋐凱基9B購04  ,0,0,0,0,0,0,0,0,0,219000,0,0,0,237000,18000,219000,219000
3702,大聯大          ,1835000,1702000,133000,0,0,0,1000,3000,-2000,88000,142000,0,142000,0,54000,-54000,219000
07836P,大成鋼元大9A售01,0,0,0,0,0,0,0,0,0,218000,0,0,0,218000,0,218000,218000
055983,全新元富9A購02  ,0,0,0,0,0,0,0,0,0,218000,0,0,0,218000,0,218000,218000
060716,新唐永豐9A購01  ,0,0,0,0,0,0,0,0,0,218000,0,0,0,375000,157000,218000,218000
065356,聯發科元富03購06,0,0,0,0,0,0,0,0,0,218000,0,0,0,218000,0,218000,218000
057533,晶相光元大98購02,0,0,0,0,0,0,0,0,0,217000,0,0,0,246000,29000,217000,217000
065555,旭富凱基01購02  ,0,0,0,0,0,0,0,0,0,216000,0,0,0,216000,0,216000,216000
6533,晶心科          ,470000,254000,216000,0,0,0,0,0,0,0,0,0,0,0,0,0,216000
06550P,健策元大99售01  ,0,0,0,0,0,0,0,0,0,215000,0,0,0,215000,0,215000,215000
066276,敦泰元大01購01  ,0,0,0,0,0,0,0,0,0,215000,0,0,0,665000,450000,215000,215000
07183P,臺股指凱基99售25,0,0,0,0,0,0,0,0,0,215000,0,0,0,245000,30000,215000,215000
057992,大立光日盛98購01,0,0,0,0,0,0,0,0,0,215000,0,0,0,1115000,900000,215000,215000
065265,景碩元大9C購02  ,0,0,0,0,0,0,0,0,0,215000,0,0,0,223000,8000,215000,215000
054426,國泰金富邦97購02,0,0,0,0,0,0,0,0,0,214000,0,0,0,214000,0,214000,214000
5203,訊連            ,313000,118060,194940,0,0,0,0,0,0,19000,9000,2000,7000,12000,0,12000,213940
062809,同欣電統一9C購01,0,90000,-90000,0,0,0,0,0,0,303000,0,0,0,681000,378000,303000,213000
060467,神基元大9A購01  ,0,0,0,0,0,0,0,0,0,213000,0,0,0,437000,224000,213000,213000
3090,日電貿          ,114000,847000,-733000,0,0,0,0,0,0,946000,0,0,0,954000,8000,946000,213000
066421,國產元大01購01  ,0,0,0,0,0,0,0,0,0,212000,0,0,0,528000,316000,212000,212000
057423,台郡凱基98購06  ,0,0,0,0,0,0,0,0,0,212000,0,0,0,299000,87000,212000,212000
060865,創意永豐9A購01  ,0,0,0,0,0,0,0,0,0,212000,0,0,0,335000,123000,212000,212000
064463,聯茂統一01購02  ,0,0,0,0,0,0,0,0,0,212000,0,0,0,237000,25000,212000,212000
064837,TPK統一9C購02   ,0,0,0,0,0,0,0,0,0,212000,0,0,0,222000,10000,212000,212000
064731,台郡統一01購02  ,0,0,0,0,0,0,0,0,0,212000,0,0,0,232000,20000,212000,212000
065495,上銀富邦01購02  ,0,0,0,0,0,0,0,0,0,211000,0,0,0,221000,10000,211000,211000
03433B,臺股指元大9C熊01,0,0,0,0,0,0,0,0,0,211000,0,0,0,213000,2000,211000,211000
055782,新日興凱基99購01,0,0,0,0,0,0,0,0,0,211000,0,0,0,276000,65000,211000,211000
064283,奇鋐元大9C購02  ,0,0,0,0,0,0,0,0,0,211000,0,0,0,539000,328000,211000,211000
06377P,華通統一97售04  ,0,0,0,0,0,0,0,0,0,211000,0,0,0,211000,0,211000,211000
07276P,臺股指群益99售19,0,0,0,0,0,0,0,0,0,210000,0,0,0,210000,0,210000,210000
057085,立積統一9B購02  ,0,0,0,0,0,0,0,0,0,210000,0,0,0,1030000,820000,210000,210000
058984,全新凱基9A購03  ,0,0,0,0,0,0,0,0,0,209000,0,0,0,227000,18000,209000,209000
059760,楠梓電永豐99購01,0,0,0,0,0,0,0,0,0,208000,0,0,0,333000,125000,208000,208000
066238,聯鈞富邦03購01  ,0,0,0,0,0,0,0,0,0,207000,0,0,0,298000,91000,207000,207000
058878,旭富國泰9B購01  ,0,0,0,0,0,0,0,0,0,206000,0,0,0,271000,65000,206000,206000
064099,億光群益9C購01  ,0,0,0,0,0,0,0,0,0,206000,0,0,0,217000,11000,206000,206000
065118,國巨富邦01購02  ,0,0,0,0,0,0,0,0,0,206000,0,0,0,437000,231000,206000,206000
065920,日月光凱基02購01,0,0,0,0,0,0,0,0,0,205000,0,0,0,347000,142000,205000,205000
056480,京鼎元大98購02  ,0,0,0,0,0,0,0,0,0,205000,0,0,0,224000,19000,205000,205000
058308,全新元大9B購01  ,0,0,0,0,0,0,0,0,0,205000,0,0,0,500000,295000,205000,205000
062625,華通國票9B購02  ,0,0,0,0,0,0,0,0,0,205000,0,0,0,255000,50000,205000,205000
065146,帆宣凱基9C購01  ,0,0,0,0,0,0,0,0,0,205000,0,0,0,216000,11000,205000,205000
065852,創意元大9C購06  ,0,0,0,0,0,0,0,0,0,204000,0,0,0,578000,374000,204000,204000
07597P,臺股指中信01售02,0,0,0,0,0,0,0,0,0,204000,0,0,0,802000,598000,204000,204000
056891,國巨元大99購03  ,0,0,0,0,0,0,0,0,0,204000,0,0,0,225000,21000,204000,204000
062774,儒鴻元大9C購01  ,0,0,0,0,0,0,0,0,0,204000,0,0,0,254000,50000,204000,204000
059999,緯穎元富99購01  ,0,0,0,0,0,0,0,0,0,204000,0,0,0,214000,10000,204000,204000
061897,泰碩永豐9B購01  ,0,0,0,0,0,0,0,0,0,204000,0,0,0,276000,72000,204000,204000
064284,京鼎元大9C購01  ,0,0,0,0,0,0,0,0,0,204000,0,0,0,514000,310000,204000,204000
063024,祥碩元大9B購05  ,0,0,0,0,0,0,0,0,0,204000,0,0,0,274000,70000,204000,204000
07923P,元金2X凱基02售02,0,0,0,0,0,0,0,0,0,203000,0,0,0,203000,0,203000,203000
056943,華通統一99購01  ,0,0,0,0,0,0,0,0,0,203000,0,0,0,470000,267000,203000,203000
058774,台郡兆豐9A購01  ,0,0,0,0,0,0,0,0,0,203000,0,0,0,215000,12000,203000,203000
064081,國產中信06購01  ,0,0,0,0,0,0,0,0,0,203000,0,0,0,285000,82000,203000,203000
064697,健策群益01購02  ,0,0,0,0,0,0,0,0,0,203000,0,0,0,359000,156000,203000,203000
058026,上銀富邦9A購01  ,0,0,0,0,0,0,0,0,0,202000,0,0,0,203000,1000,202000,202000
6226,光鼎            ,400000,199000,201000,0,0,0,0,0,0,1000,1000,0,1000,0,0,0,202000
8213,志超            ,261000,87550,173450,0,0,0,0,0,0,28000,0,0,0,33000,5000,28000,201450
064917,元大金統一02購01,0,0,0,0,0,0,0,0,0,201000,0,0,0,234000,33000,201000,201000
07741P,滬深2X凱基9B售04,0,0,0,0,0,0,0,0,0,200000,0,0,0,200000,0,200000,200000
07122P,欣興凱基99售05  ,0,0,0,0,0,0,0,0,0,200000,0,0,0,250000,50000,200000,200000
065674,華擎凱基9C購03  ,0,0,0,0,0,0,0,0,0,200000,0,0,0,322000,122000,200000,200000
066408,致新凱基01購02  ,0,0,0,0,0,0,0,0,0,200000,0,0,0,289000,89000,200000,200000
066370,帆宣中信01購01  ,0,0,0,0,0,0,0,0,0,200000,0,0,0,200000,0,200000,200000
06644P,亞德客元大98售03,0,0,0,0,0,0,0,0,0,200000,0,0,0,200000,0,200000,200000
058071,大立光凱基98購19,0,0,0,0,0,0,0,0,0,200000,0,0,0,200000,0,200000,200000
054766,智原國票98購01  ,0,0,0,0,0,0,0,0,0,200000,0,0,0,200000,0,200000,200000
05214P,台積電國票97售02,0,0,0,0,0,0,0,0,0,200000,0,0,0,200000,0,200000,200000
053350,台表科國票97購02,0,0,0,0,0,0,0,0,0,200000,0,0,0,200000,0,200000,200000
056369,彩晶元大01購01  ,0,0,0,0,0,0,0,0,0,200000,0,0,0,200000,0,200000,200000
062388,旭富國泰01購01  ,0,0,0,0,0,0,0,0,0,200000,0,0,0,754000,554000,200000,200000
062042,台勝科凱基9C購01,0,0,0,0,0,0,0,0,0,200000,0,0,0,200000,0,200000,200000
065231,宏達電凱基01購01,0,0,0,0,0,0,0,0,0,200000,0,0,0,205000,5000,200000,200000
064708,帆宣永豐9C購01  ,0,0,0,0,0,0,0,0,0,200000,0,0,0,200000,0,200000,200000
063867,全新永豐9C購01  ,0,0,0,0,0,0,0,0,0,200000,0,0,0,226000,26000,200000,200000
063687,金像電永豐9B購04,0,0,0,0,0,0,0,0,0,200000,0,0,0,200000,0,200000,200000
063050,葡萄王統一01購01,0,0,0,0,0,0,0,0,0,200000,0,0,0,228000,28000,200000,200000
065537,健鼎統一02購05  ,0,0,0,0,0,0,0,0,0,199000,0,0,0,200000,1000,199000,199000
056535,全新凱基99購02  ,0,0,0,0,0,0,0,0,0,199000,0,0,0,209000,10000,199000,199000
062033,瀚宇博群益9B購01,0,0,0,0,0,0,0,0,0,199000,0,0,0,299000,100000,199000,199000
063692,華擎永豐9B購02  ,0,0,0,0,0,0,0,0,0,199000,0,0,0,277000,78000,199000,199000
064375,智邦元富03購01  ,0,0,0,0,0,0,0,0,0,199000,0,0,0,327000,128000,199000,199000
065049,世芯凱基02購01  ,0,0,0,0,0,0,0,0,0,199000,0,0,0,555000,356000,199000,199000
2404,漢唐            ,288000,112000,176000,0,0,0,0,6000,-6000,29000,11000,11000,0,41000,12000,29000,199000
054370,台積電中信9A購01,0,0,0,0,0,0,0,0,0,198000,0,0,0,236000,38000,198000,198000
064311,新光金群益01購02,0,0,0,0,0,0,0,0,0,198000,0,0,0,253000,55000,198000,198000
064765,緯穎凱基9C購02  ,0,0,0,0,0,0,0,0,0,198000,0,0,0,217000,19000,198000,198000
058749,康控凱基99購03  ,0,0,0,0,0,0,0,0,0,197000,0,0,0,348000,151000,197000,197000
059908,元金2X元大99購01,0,0,0,0,0,0,0,0,0,197000,0,0,0,270000,73000,197000,197000
8110,華東            ,322000,146000,176000,0,0,0,0,0,0,21000,30000,9000,21000,0,0,0,197000
065917,全新凱基02購01  ,0,0,0,0,0,0,0,0,0,196000,0,0,0,241000,45000,196000,196000
057626,技嘉富邦9A購01  ,0,0,0,0,0,0,0,0,0,196000,0,0,0,272000,76000,196000,196000
057747,致新永豐98購01  ,0,0,0,0,0,0,0,0,0,196000,0,0,0,196000,0,196000,196000
058835,元油2X中信9C購02,0,0,0,0,0,0,0,0,0,196000,0,0,0,196000,0,196000,196000
064993,嘉澤兆豐9C購01  ,0,0,0,0,0,0,0,0,0,196000,0,0,0,632000,436000,196000,196000
064051,新日興統一01購01,0,0,0,0,0,0,0,0,0,196000,0,0,0,237000,41000,196000,196000
059636,宏達電凱基99購05,0,0,0,0,0,0,0,0,0,195000,0,0,0,202000,7000,195000,195000
061212,聯鈞元大9A購04  ,0,0,0,0,0,0,0,0,0,195000,0,0,0,290000,95000,195000,195000
063895,新光金群益01購01,0,0,0,0,0,0,0,0,0,195000,0,0,0,225000,30000,195000,195000
064547,宏達電凱基9C購01,0,0,0,0,0,0,0,0,0,195000,0,0,0,313000,118000,195000,195000
066309,永光永豐01購01  ,0,0,0,0,0,0,0,0,0,194000,0,0,0,235000,41000,194000,194000
058399,美律元大99購05  ,0,0,0,0,0,0,0,0,0,194000,0,0,0,260000,66000,194000,194000
057234,宏達電凱基98購05,0,0,0,0,0,0,0,0,0,194000,0,0,0,261000,67000,194000,194000
062020,智伸科永豐9B購01,0,0,0,0,0,0,0,0,0,194000,0,0,0,326000,132000,194000,194000
060782,道瓊指富邦9C購01,0,0,0,0,0,0,0,0,0,194000,0,0,0,198000,4000,194000,194000
063163,京元電永豐9B購01,0,0,0,0,0,0,0,0,0,194000,0,0,0,274000,80000,194000,194000
4155,訊映            ,293000,99000,194000,0,0,0,0,0,0,0,0,0,0,0,0,0,194000
064726,創意統一01購03  ,0,0,0,0,0,0,0,0,0,193000,0,0,0,198000,5000,193000,193000
065119,大立光富邦03購03,0,0,0,0,0,0,0,0,0,193000,0,0,0,1036000,843000,193000,193000
062513,玉晶光國票9C購01,0,0,0,0,0,0,0,0,0,192000,0,0,0,216000,24000,192000,192000
062186,晶技元大9B購05  ,0,0,0,0,0,0,0,0,0,192000,0,0,0,192000,0,192000,192000
061157,聯鈞群益9A購02  ,0,0,0,0,0,0,0,0,0,192000,0,0,0,196000,4000,192000,192000
066345,正文永豐01購01  ,0,0,0,0,0,0,0,0,0,191000,0,0,0,349000,158000,191000,191000
053036,聯電凱基98購01  ,0,0,0,0,0,0,0,0,0,191000,0,0,0,191000,0,191000,191000
053799,矽創中信9A購01  ,0,0,0,0,0,0,0,0,0,191000,0,0,0,656000,465000,191000,191000
060327,美律群益9A購02  ,0,0,0,0,0,0,0,0,0,191000,0,0,0,214000,23000,191000,191000
059786,全新元大99購06  ,0,0,0,0,0,0,0,0,0,191000,0,0,0,203000,12000,191000,191000
2705,六福            ,253000,62813,190187,0,0,0,0,0,0,0,0,0,0,0,0,0,190187
065730,新日興凱基9C購01,0,0,0,0,0,0,0,0,0,190000,0,0,0,281000,91000,190000,190000
06959P,鴻海凱基9A售02  ,0,0,0,0,0,0,0,0,0,190000,0,0,0,200000,10000,190000,190000
08151P,聯發科統一9B售11,0,0,0,0,0,0,0,0,0,190000,0,0,0,200000,10000,190000,190000
058189,嘉澤永豐99購01  ,0,0,0,0,0,0,0,0,0,190000,0,0,0,264000,74000,190000,190000
061659,信邦永豐9A購01  ,0,0,0,0,0,0,0,0,0,190000,0,0,0,320000,130000,190000,190000
060886,國巨統一01購03  ,0,0,0,0,0,0,0,0,0,190000,0,0,0,190000,0,190000,190000
062036,致新群益9B購01  ,0,0,0,0,0,0,0,0,0,190000,0,0,0,190000,0,190000,190000
059064,緯穎凱基99購02  ,0,0,0,0,0,0,0,0,0,190000,0,0,0,195000,5000,190000,190000
064934,南電統一01購02  ,0,0,0,0,0,0,0,0,0,190000,0,0,0,190000,0,190000,190000
063286,嘉澤元大9B購04  ,0,0,0,0,0,0,0,0,0,190000,0,0,0,417000,227000,190000,190000
065546,景碩兆豐01購01  ,0,0,0,0,0,0,0,0,0,188000,0,0,0,219000,31000,188000,188000
066081,文曄國泰03購01  ,0,0,0,0,0,0,0,0,0,188000,0,0,0,224000,36000,188000,188000
056309,合勤控元大97購01,0,0,0,0,0,0,0,0,0,188000,0,0,0,287000,99000,188000,188000
063999,日月光兆豐9C購01,0,0,0,0,0,0,0,0,0,188000,0,0,0,314000,126000,188000,188000
060676,京元電元大9A購03,0,0,0,0,0,0,0,0,0,187000,0,0,0,494000,307000,187000,187000
061879,超眾元大9C購01  ,0,0,0,0,0,0,0,0,0,187000,0,0,0,188000,1000,187000,187000
062528,全新統一9C購01  ,0,0,0,0,0,0,0,0,0,187000,0,0,0,213000,26000,187000,187000
065850,緯創元大9C購06  ,0,0,0,0,0,0,0,0,0,186000,0,0,0,338000,152000,186000,186000
056189,樺漢統一97購02  ,0,0,0,0,0,0,0,0,0,186000,0,0,0,313000,127000,186000,186000
058274,世紀鋼永豐99購01,0,0,0,0,0,0,0,0,0,186000,0,0,0,205000,19000,186000,186000
065215,義隆國泰02購02  ,0,0,0,0,0,0,0,0,0,186000,0,0,0,531000,345000,186000,186000
065269,貿聯元大9C購05  ,0,0,0,0,0,0,0,0,0,186000,0,0,0,243000,57000,186000,186000
4967,十銓            ,480000,294000,186000,0,0,0,0,0,0,0,0,0,0,0,0,0,186000
07830P,牧德凱基9A售03  ,0,0,0,0,0,0,0,0,0,185000,0,0,0,188000,3000,185000,185000
047885,元金2X富邦99購01,0,0,0,0,0,0,0,0,0,185000,0,0,0,210000,25000,185000,185000
062885,臻鼎兆豐9C購01  ,0,0,0,0,0,0,0,0,0,185000,0,0,0,200000,15000,185000,185000
065577,超眾群益9C購02  ,0,0,0,0,0,0,0,0,0,184000,0,0,0,227000,43000,184000,184000
060943,宏達電國票9B購02,0,0,0,0,0,0,0,0,0,184000,0,0,0,328000,144000,184000,184000
6582,申豐            ,346000,222000,124000,0,0,0,87000,0,87000,-27000,5000,10000,-5000,6000,28000,-22000,184000
065825,鴻海凱基02購02  ,0,0,0,0,0,0,0,0,0,183000,0,0,0,253000,70000,183000,183000
066048,奇鋐元大01購01  ,0,0,0,0,0,0,0,0,0,183000,0,0,0,421000,238000,183000,183000
08066P,南亞科凱基9B售04,0,0,0,0,0,0,0,0,0,183000,0,0,0,183000,0,183000,183000
060642,華擎永豐9A購02  ,0,0,0,0,0,0,0,0,0,183000,0,0,0,195000,12000,183000,183000
066342,上緯控永豐01購01,0,0,0,0,0,0,0,0,0,182000,0,0,0,249000,67000,182000,182000
066511,劍麟永豐01購01  ,0,0,0,0,0,0,0,0,0,181000,0,0,0,188000,7000,181000,181000
063359,泰鼎國泰01購01  ,0,0,0,0,0,0,0,0,0,181000,0,0,0,401000,220000,181000,181000
064733,南六統一9C購03  ,0,0,0,0,0,0,0,0,0,181000,0,0,0,191000,10000,181000,181000
066504,全新富邦03購01  ,0,0,0,0,0,0,0,0,0,180000,0,0,0,324000,144000,180000,180000
066401,智伸科凱基01購02,0,0,0,0,0,0,0,0,0,180000,0,0,0,182000,2000,180000,180000
066139,拓凱群益01購01  ,0,0,0,0,0,0,0,0,0,180000,0,0,0,196000,16000,180000,180000
07406P,大立光凱基99售18,0,0,0,0,0,0,0,0,0,180000,0,0,0,200000,20000,180000,180000
07418P,聯發科元大99售45,0,0,0,0,0,0,0,0,0,180000,0,0,0,180000,0,180000,180000
054856,得力群益99購01  ,0,0,0,0,0,0,0,0,0,180000,0,0,0,240000,60000,180000,180000
054533,泰碩國泰98購01  ,0,0,0,0,0,0,0,0,0,180000,0,0,0,281000,101000,180000,180000
061886,力山國泰01購01  ,0,0,0,0,0,0,0,0,0,180000,0,0,0,187000,7000,180000,180000
062307,華通凱基9C購01  ,0,0,0,0,0,0,0,0,0,180000,0,0,0,181000,1000,180000,180000
05959P,聯發科國票98售01,0,0,0,0,0,0,0,0,0,180000,0,0,0,180000,0,180000,180000
059476,道瓊指群益9C購01,0,0,0,0,0,0,0,0,0,180000,0,0,0,200000,20000,180000,180000
064253,貿聯元富9C購01  ,0,0,0,0,0,0,0,0,0,180000,0,0,0,247000,67000,180000,180000
064232,鴻海統一01購04  ,0,0,0,0,0,0,0,0,0,180000,0,0,0,245000,65000,180000,180000
064449,金寶統一01購02  ,0,0,0,0,0,0,0,0,0,180000,0,0,0,180000,0,180000,180000
062941,大立光凱基9B購07,0,0,0,0,0,0,0,0,0,180000,0,0,0,180000,0,180000,180000
065597,旺宏元大01購03  ,7000,0,7000,0,0,0,0,0,0,172000,0,0,0,254000,82000,172000,179000
057049,新日興元大98購02,0,0,0,0,0,0,0,0,0,179000,0,0,0,179000,0,179000,179000
058250,台虹元大99購01  ,0,0,0,0,0,0,0,0,0,179000,0,0,0,184000,5000,179000,179000
061110,超眾元大9A購03  ,0,0,0,0,0,0,0,0,0,179000,0,0,0,185000,6000,179000,179000
062916,智易元大9B購01  ,0,0,0,0,0,0,0,0,0,179000,0,0,0,281000,102000,179000,179000
063593,GIS永豐9B購01   ,0,0,0,0,0,0,0,0,0,179000,0,0,0,189000,10000,179000,179000
064916,玉山金統一02購01,0,0,0,0,0,0,0,0,0,179000,0,0,0,190000,11000,179000,179000
061881,緯穎元大9B購02  ,0,0,0,0,0,0,0,0,0,178000,0,0,0,178000,0,178000,178000
061769,晶技元大9B購03  ,0,0,0,0,0,0,0,0,0,178000,0,0,0,296000,118000,178000,178000
058714,美律統一9B購01  ,0,0,0,0,0,0,0,0,0,178000,0,0,0,592000,414000,178000,178000
060167,禾聯碩永豐9A購01,0,0,0,0,0,0,0,0,0,178000,0,0,0,178000,0,178000,178000
062653,正隆永豐9B購01  ,0,0,0,0,0,0,0,0,0,178000,0,0,0,246000,68000,178000,178000
060571,京元電永豐9A購01,0,0,0,0,0,0,0,0,0,178000,0,0,0,301000,123000,178000,178000
064695,京鼎群益02購02  ,0,0,0,0,0,0,0,0,0,178000,0,0,0,351000,173000,178000,178000
065793,旭富永豐9C購02  ,0,0,0,0,0,0,0,0,0,177000,0,0,0,322000,145000,177000,177000
00635U,元大S&P黃金     ,9000,0,9000,0,0,0,0,0,0,168000,0,0,0,292000,124000,168000,177000
060813,高鐵凱基9A購01  ,0,0,0,0,0,0,0,0,0,177000,0,0,0,177000,0,177000,177000
060159,健和興永豐9A購01,0,0,0,0,0,0,0,0,0,177000,0,0,0,182000,5000,177000,177000
061971,力山元大9C購02  ,0,0,0,0,0,0,0,0,0,177000,0,0,0,227000,50000,177000,177000
057969,緯穎國泰99購01  ,0,0,0,0,0,0,0,0,0,176000,0,0,0,200000,24000,176000,176000
062550,啟碁永豐9B購01  ,0,0,0,0,0,0,0,0,0,176000,0,0,0,176000,0,176000,176000
063322,台郡群益9B購02  ,0,0,0,0,0,0,0,0,0,176000,0,0,0,501000,325000,176000,176000
066254,南帝元大01購01  ,0,0,0,0,0,0,0,0,0,175000,0,0,0,439000,264000,175000,175000
063701,燿華群益9B購02  ,0,0,0,0,0,0,0,0,0,175000,0,0,0,200000,25000,175000,175000
064094,達新群益9C購01  ,0,0,0,0,0,0,0,0,0,175000,0,0,0,180000,5000,175000,175000
064976,景碩元大9C購01  ,0,0,0,0,0,0,0,0,0,175000,0,0,0,411000,236000,175000,175000
065747,華通元大9C購07  ,0,0,0,0,0,0,0,0,0,174000,0,0,0,188000,14000,174000,174000
056619,強茂永豐98購01  ,0,0,0,0,0,0,0,0,0,174000,0,0,0,194000,20000,174000,174000
00650L,FH香港正2       ,167000,167000,0,0,0,0,0,0,0,174000,0,0,0,687000,513000,174000,174000
062560,奇鋐凱基9B購02  ,0,0,0,0,0,0,0,0,0,174000,0,0,0,296000,122000,174000,174000
061550,聯鈞群益9A購03  ,0,0,0,0,0,0,0,0,0,174000,0,0,0,235000,61000,174000,174000
064278,高鐵元大9C購02  ,0,0,0,0,0,0,0,0,0,174000,0,0,0,186000,12000,174000,174000
063541,華擎元富9B購02  ,0,0,0,0,0,0,0,0,0,174000,0,0,0,231000,57000,174000,174000
065543,緯穎元富01購01  ,0,0,0,0,0,0,0,0,0,173000,0,0,0,283000,110000,173000,173000
057844,新日興永豐99購01,0,0,0,0,0,0,0,0,0,173000,0,0,0,273000,100000,173000,173000
062046,矽格凱基9B購01  ,0,0,0,0,0,0,0,0,0,173000,0,0,0,218000,45000,173000,173000
065648,華擎元大01購02  ,0,0,0,0,0,0,0,0,0,172000,0,0,0,383000,211000,172000,172000
065662,台勝科永豐9C購01,0,0,0,0,0,0,0,0,0,172000,0,0,0,270000,98000,172000,172000
056835,聯電元富99購01  ,0,0,0,0,0,0,0,0,0,172000,0,0,0,200000,28000,172000,172000
00762,元大全球AI      ,0,0,0,0,0,0,0,0,0,172000,0,0,0,292000,120000,172000,172000
060308,劍麟永豐9A購01  ,0,0,0,0,0,0,0,0,0,172000,0,0,0,241000,69000,172000,172000
059680,台積電國泰9A購03,0,0,0,0,0,0,0,0,0,172000,0,0,0,172000,0,172000,172000
062914,嘉澤元大9B購02  ,0,0,0,0,0,0,0,0,0,172000,0,0,0,391000,219000,172000,172000
065531,聯電統一01購01  ,0,0,0,0,0,0,0,0,0,171000,0,0,0,271000,100000,171000,171000
065880,訊芯群益9C購01  ,0,0,0,0,0,0,0,0,0,170000,0,0,0,424000,254000,170000,170000
066181,泰鼎凱基01購01  ,0,0,0,0,0,0,0,0,0,170000,0,0,0,222000,52000,170000,170000
07257P,臺股指凱基99售37,0,0,0,0,0,0,0,0,0,170000,0,0,0,170000,0,170000,170000
08609P,世紀鋼永豐9C售03,0,50000,-50000,0,0,0,0,0,0,220000,0,0,0,220000,0,220000,170000
055578,群創統一98購03  ,0,0,0,0,0,0,0,0,0,170000,0,0,0,170000,0,170000,170000
056911,緯穎元大99購01  ,0,0,0,0,0,0,0,0,0,170000,0,0,0,535000,365000,170000,170000
056816,華通永豐98購02  ,0,0,0,0,0,0,0,0,0,170000,0,0,0,180000,10000,170000,170000
061943,上銀群益9B購02  ,0,0,0,0,0,0,0,0,0,170000,0,0,0,170000,0,170000,170000
1455,集盛            ,207000,37000,170000,0,0,0,0,0,0,0,0,0,0,0,0,0,170000
059326,康友元大99購01  ,0,0,0,0,0,0,0,0,0,169000,0,0,0,417000,248000,169000,169000
063851,健策元大01購01  ,0,0,0,0,0,0,0,0,0,169000,0,0,0,413000,244000,169000,169000
1702,南僑            ,181000,12000,169000,0,0,0,0,0,0,0,0,0,0,0,0,0,169000
066155,華碩康和01購01  ,0,0,0,0,0,0,0,0,0,168000,0,0,0,278000,110000,168000,168000
066418,京元電元大01購02,0,0,0,0,0,0,0,0,0,168000,0,0,0,325000,157000,168000,168000
057960,聯鈞元大98購02  ,0,0,0,0,0,0,0,0,0,168000,0,0,0,195000,27000,168000,168000
053297,鎧勝中信98購01  ,0,0,0,0,0,0,0,0,0,168000,0,0,0,252000,84000,168000,168000
059174,訊芯凱基99購01  ,0,0,0,0,0,0,0,0,0,168000,0,0,0,198000,30000,168000,168000
060165,上緯控永豐9A購01,0,0,0,0,0,0,0,0,0,168000,0,0,0,207000,39000,168000,168000
063849,奇鋐元大9C購01  ,0,0,0,0,0,0,0,0,0,168000,0,0,0,547000,379000,168000,168000
065198,玉晶光元富06購01,0,0,0,0,0,0,0,0,0,168000,0,0,0,319000,151000,168000,168000
3052,夆典            ,213000,45000,168000,0,0,0,0,0,0,0,0,0,0,0,0,0,168000
058156,超眾統一9A購02  ,0,0,0,0,0,0,0,0,0,167000,0,0,0,387000,220000,167000,167000
057376,新日興元大98購04,0,0,0,0,0,0,0,0,0,167000,0,0,0,172000,5000,167000,167000
060229,楠梓電元大9C購01,0,0,0,0,0,0,0,0,0,167000,0,0,0,303000,136000,167000,167000
060311,盟立永豐9A購01  ,0,0,0,0,0,0,0,0,0,167000,0,0,0,197000,30000,167000,167000
065370,瑞昱元大9C購02  ,0,0,0,0,0,0,0,0,0,167000,0,0,0,289000,122000,167000,167000
057508,康控國票99購03  ,0,0,0,0,0,0,0,0,0,166000,0,0,0,1314000,1148000,166000,166000
061724,訊芯永豐9A購01  ,0,0,0,0,0,0,0,0,0,166000,0,0,0,314000,148000,166000,166000
062126,創意統一9B購01  ,0,0,0,0,0,0,0,0,0,166000,0,0,0,194000,28000,166000,166000
061304,創意永豐9A購02  ,0,0,0,0,0,0,0,0,0,166000,0,0,0,494000,328000,166000,166000
065232,健策凱基02購01  ,0,0,0,0,0,0,0,0,0,166000,0,0,0,258000,92000,166000,166000
064881,聯茂兆豐01購02  ,0,0,0,0,0,0,0,0,0,166000,0,0,0,170000,4000,166000,166000
063146,南六統一9B購02  ,0,0,0,0,0,0,0,0,0,166000,0,0,0,166000,0,166000,166000
063518,儒鴻凱基9B購02  ,0,0,0,0,0,0,0,0,0,166000,0,0,0,168000,2000,166000,166000
8150,南茂            ,817000,614000,203000,0,0,0,17000,0,17000,-54000,0,50000,-50000,2000,6000,-4000,166000
060913,宏達電元大9A購03,0,0,0,0,0,0,0,0,0,165000,0,0,0,212000,47000,165000,165000
063201,廣達統一01購01  ,0,0,0,0,0,0,0,0,0,165000,0,0,0,598000,433000,165000,165000
064068,義隆永豐9C購01  ,0,0,0,0,0,0,0,0,0,165000,0,0,0,421000,256000,165000,165000
065298,健策統一9C購06  ,0,0,0,0,0,0,0,0,0,165000,0,0,0,312000,147000,165000,165000
2414,精技            ,219000,54000,165000,0,0,0,0,0,0,0,0,0,0,0,0,0,165000
064355,南六元大01購01  ,0,0,0,0,0,0,0,0,0,164000,0,0,0,171000,7000,164000,164000
063128,智伸科元大9B購01,0,0,0,0,0,0,0,0,0,164000,0,0,0,293000,129000,164000,164000
066102,國揚國票02購01  ,0,0,0,0,0,0,0,0,0,163000,0,0,0,203000,40000,163000,163000
065614,緯穎元大01購02  ,0,0,0,0,0,0,0,0,0,163000,0,0,0,310000,147000,163000,163000
056852,矽格元富98購01  ,0,0,0,0,0,0,0,0,0,163000,0,0,0,173000,10000,163000,163000
055681,奇鋐凱基98購03  ,0,0,0,0,0,0,0,0,0,163000,0,0,0,299000,136000,163000,163000
062091,世紀鋼元大9B購01,0,0,0,0,0,0,0,0,0,163000,0,0,0,251000,88000,163000,163000
060386,台勝科凱基9B購01,0,0,0,0,0,0,0,0,0,163000,0,0,0,216000,53000,163000,163000
060851,國巨國泰9C購01  ,0,0,0,0,0,0,0,0,0,163000,0,0,0,256000,93000,163000,163000
064089,新日興凱基02購01,0,0,0,0,0,0,0,0,0,163000,0,0,0,222000,59000,163000,163000
063647,超眾元大9B購02  ,0,0,0,0,0,0,0,0,0,163000,0,0,0,211000,48000,163000,163000
064589,聯鈞永豐9C購01  ,0,0,0,0,0,0,0,0,0,163000,0,0,0,280000,117000,163000,163000
2399,映泰            ,239000,76000,163000,0,0,0,0,0,0,0,0,0,0,0,0,0,163000
055874,中環元富9A購01  ,0,0,0,0,0,0,0,0,0,162000,0,0,0,172000,10000,162000,162000
053924,京鼎國票97購01  ,0,0,0,0,0,0,0,0,0,162000,0,0,0,163000,1000,162000,162000
059959,訊芯康和99購01  ,0,0,0,0,0,0,0,0,0,162000,0,0,0,177000,15000,162000,162000
062057,華邦電統一01購01,0,0,0,0,0,0,0,0,0,162000,0,0,0,167000,5000,162000,162000
064986,GIS元大9C購07   ,0,0,0,0,0,0,0,0,0,162000,0,0,0,473000,311000,162000,162000
064055,台郡統一02購01  ,0,0,0,0,0,0,0,0,0,162000,0,0,0,186000,24000,162000,162000
063348,祥碩統一01購04  ,0,0,0,0,0,0,0,0,0,162000,0,0,0,180000,18000,162000,162000
065830,景碩凱基9C購04  ,0,0,0,0,0,0,0,0,0,161000,0,0,0,220000,59000,161000,161000
055812,台積電國票99購02,0,0,0,0,0,0,0,0,0,161000,0,0,0,161000,0,161000,161000
053860,台積電元大98購03,0,0,0,0,0,0,0,0,0,161000,0,0,0,162000,1000,161000,161000
062037,華新凱基9B購01  ,0,0,0,0,0,0,0,0,0,161000,0,0,0,220000,59000,161000,161000
064879,健策兆豐01購01  ,0,0,0,0,0,0,0,0,0,161000,0,0,0,226000,65000,161000,161000
064610,儒鴻元大9C購03  ,0,0,0,0,0,0,0,0,0,161000,0,0,0,349000,188000,161000,161000
065896,智易統一02購01  ,0,0,0,0,0,0,0,0,0,160000,0,0,0,160000,0,160000,160000
065652,超眾元大01購02  ,0,0,0,0,0,0,0,0,0,160000,0,0,0,180000,20000,160000,160000
065686,同欣電統一03購01,0,0,0,0,0,0,0,0,0,160000,0,0,0,160000,0,160000,160000
066367,緯創中信05購01  ,0,0,0,0,0,0,0,0,0,160000,0,0,0,160000,0,160000,160000
056324,南亞科兆豐98購01,0,0,0,0,0,0,0,0,0,160000,0,0,0,160000,0,160000,160000
058103,台積電永豐98購06,0,0,0,0,0,0,0,0,0,160000,0,0,0,160000,0,160000,160000
057187,群創元大9B購04  ,0,0,0,0,0,0,0,0,0,160000,0,0,0,240000,80000,160000,160000
061416,聯茂群益9A購01  ,0,0,0,0,0,0,0,0,0,160000,0,0,0,237000,77000,160000,160000
056417,欣興中信98購01  ,0,0,0,0,0,0,0,0,0,160000,0,0,0,180000,20000,160000,160000
058450,旺宏永豐99購01  ,0,0,0,0,0,0,0,0,0,160000,0,0,0,160000,0,160000,160000
064775,和大群益01購01  ,0,0,0,0,0,0,0,0,0,160000,0,0,0,160000,0,160000,160000
065484,康友元大9C購01  ,0,0,0,0,0,0,0,0,0,160000,0,0,0,203000,43000,160000,160000
063204,高鐵統一9C購01  ,0,0,0,0,0,0,0,0,0,160000,0,0,0,350000,190000,160000,160000
056390,台積電富邦9B購01,0,0,0,0,0,0,0,0,0,159000,0,0,0,309000,150000,159000,159000
058312,大毅國泰9B購01  ,0,0,0,0,0,0,0,0,0,159000,0,0,0,165000,6000,159000,159000
058322,玉晶光永豐99購02,0,0,0,0,0,0,0,0,0,159000,0,0,0,159000,0,159000,159000
056792,訊芯群益98購01  ,0,0,0,0,0,0,0,0,0,159000,0,0,0,159000,0,159000,159000
055449,超眾統一9A購01  ,0,0,0,0,0,0,0,0,0,159000,0,0,0,165000,6000,159000,159000
062398,建準永豐9B購01  ,0,0,0,0,0,0,0,0,0,159000,0,0,0,229000,70000,159000,159000
064129,新日興元大9C購02,0,0,0,0,0,0,0,0,0,159000,0,0,0,164000,5000,159000,159000
2464,盟立            ,944000,829000,115000,0,0,0,0,0,0,44000,0,0,0,54000,10000,44000,159000
061478,奇鋐元大9A購01  ,0,0,0,0,0,0,0,0,0,158000,0,0,0,416000,258000,158000,158000
065167,華通元大02購01  ,0,0,0,0,0,0,0,0,0,158000,0,0,0,160000,2000,158000,158000
065076,中橡元大9C購01  ,0,0,0,0,0,0,0,0,0,158000,0,0,0,158000,0,158000,158000
1903,士紙            ,284000,126000,158000,0,0,0,0,0,0,0,0,0,0,0,0,0,158000
08062P,華擎國票9B售03  ,0,0,0,0,0,0,0,0,0,157000,0,0,0,170000,13000,157000,157000
057906,福懋科中信99購01,0,0,0,0,0,0,0,0,0,157000,0,0,0,157000,0,157000,157000
063649,南六元大9C購02  ,0,0,0,0,0,0,0,0,0,157000,0,0,0,226000,69000,157000,157000
2106,建大            ,238000,81000,157000,0,0,0,0,0,0,0,0,0,0,0,0,0,157000
07714P,世紀鋼元大9A售03,0,0,0,0,0,0,0,0,0,156000,0,0,0,179000,23000,156000,156000
065583,超眾國泰02購01  ,0,0,0,0,0,0,0,0,0,156000,0,0,0,156000,0,156000,156000
061353,康控元大9A購01  ,0,0,0,0,0,0,0,0,0,156000,0,0,0,513000,357000,156000,156000
056346,聯茂凱基99購02  ,0,0,0,0,0,0,0,0,0,156000,0,0,0,156000,0,156000,156000
060284,南港元大01購01  ,0,0,0,0,0,0,0,0,0,156000,0,0,0,588000,432000,156000,156000
061989,晶技元大9B購04  ,0,0,0,0,0,0,0,0,0,156000,0,0,0,156000,0,156000,156000
061791,康友群益9B購01  ,0,0,0,0,0,0,0,0,0,156000,0,0,0,156000,0,156000,156000
058776,台積電國票9A購03,0,0,0,0,0,0,0,0,0,156000,0,0,0,176000,20000,156000,156000
063281,京元電元大9B購01,0,0,0,0,0,0,0,0,0,156000,0,0,0,190000,34000,156000,156000
064984,同欣電元大9C購06,0,0,0,0,0,0,0,0,0,156000,0,0,0,414000,258000,156000,156000
064736,超眾元富9C購04  ,0,0,0,0,0,0,0,0,0,156000,0,0,0,239000,83000,156000,156000
066070,金像電凱基01購03,0,0,0,0,0,0,0,0,0,155000,0,0,0,155000,0,155000,155000
07170P,臺股指國票99售07,0,0,0,0,0,0,0,0,0,155000,0,0,0,205000,50000,155000,155000
057296,智原永豐98購01  ,0,0,0,0,0,0,0,0,0,155000,0,0,0,195000,40000,155000,155000
062406,臻鼎永豐9B購01  ,0,0,0,0,0,0,0,0,0,155000,0,0,0,424000,269000,155000,155000
065091,亞光元大9C購01  ,0,0,0,0,0,0,0,0,0,155000,0,0,0,280000,125000,155000,155000
3014,聯陽            ,1205000,2013000,-808000,0,0,0,817000,0,817000,146000,438000,118000,320000,190000,364000,-174000,155000
058369,亞光凱基99購02  ,0,0,0,0,0,0,0,0,0,154000,0,0,0,180000,26000,154000,154000
058268,泰碩永豐9A購01  ,0,0,0,0,0,0,0,0,0,154000,0,0,0,425000,271000,154000,154000
00703,台新MSCI中國    ,0,0,0,0,0,0,0,0,0,154000,0,0,0,593000,439000,154000,154000
065634,聯發科國票9C購06,0,20000,-20000,0,0,0,0,0,0,173000,0,0,0,217000,44000,173000,153000
065757,新日興元大9C購06,1000,0,1000,0,0,0,0,0,0,152000,0,0,0,379000,227000,152000,153000
057601,中磊群益98購01  ,0,0,0,0,0,0,0,0,0,153000,0,0,0,227000,74000,153000,153000
060723,致新永豐9A購01  ,0,0,0,0,0,0,0,0,0,153000,0,0,0,163000,10000,153000,153000
062598,華通台新9B購02  ,0,0,0,0,0,0,0,0,0,153000,0,0,0,153000,0,153000,153000
064704,嘉晶國泰01購01  ,0,0,0,0,0,0,0,0,0,153000,0,0,0,201000,48000,153000,153000
063418,京元電凱基9B購03,0,0,0,0,0,0,0,0,0,153000,0,0,0,176000,23000,153000,153000
064136,致新元大9C購01  ,0,0,0,0,0,0,0,0,0,153000,0,0,0,244000,91000,153000,153000
055029,帆宣國泰99購01  ,0,0,0,0,0,0,0,0,0,152000,0,0,0,162000,10000,152000,152000
060375,葡萄王元富9A購01,0,0,0,0,0,0,0,0,0,152000,0,0,0,252000,100000,152000,152000
064421,技嘉兆豐01購01  ,0,0,0,0,0,0,0,0,0,152000,0,0,0,173000,21000,152000,152000
065199,華擎元富03購01  ,0,0,0,0,0,0,0,0,0,152000,0,0,0,349000,197000,152000,152000
065994,南六永豐01購01  ,0,0,0,0,0,0,0,0,0,151000,0,0,0,157000,6000,151000,151000
058011,台虹國票99購01  ,0,0,0,0,0,0,0,0,0,151000,0,0,0,151000,0,151000,151000
056719,台虹永豐98購01  ,0,0,0,0,0,0,0,0,0,151000,0,0,0,225000,74000,151000,151000
060417,正隆永豐9A購01  ,0,0,0,0,0,0,0,0,0,151000,0,0,0,151000,0,151000,151000
060127,牧德永豐99購02  ,0,0,0,0,0,0,0,0,0,151000,0,0,0,211000,60000,151000,151000
063172,廣達中信9C購01  ,0,0,0,0,0,0,0,0,0,151000,0,0,0,380000,229000,151000,151000
065990,華擎永豐01購01  ,0,0,0,0,0,0,0,0,0,150000,0,0,0,150000,0,150000,150000
066017,南六元富03購01  ,0,0,0,0,0,0,0,0,0,150000,0,0,0,150000,0,150000,150000
066371,同欣電中信05購01,0,0,0,0,0,0,0,0,0,150000,0,0,0,300000,150000,150000,150000
07442P,華航康和9A售02  ,0,0,0,0,0,0,0,0,0,150000,0,0,0,150000,0,150000,150000
056677,智伸科元富98購01,0,0,0,0,0,0,0,0,0,150000,0,0,0,210000,60000,150000,150000
057109,信邦群益98購01  ,0,0,0,0,0,0,0,0,0,150000,0,0,0,150000,0,150000,150000
051614,元金2X凱基97購01,0,0,0,0,0,0,0,0,0,150000,0,0,0,189000,39000,150000,150000
058666,上証反群益01購01,0,0,0,0,0,0,0,0,0,150000,0,0,0,150000,0,150000,150000
060204,矽創元富9A購01  ,0,0,0,0,0,0,0,0,0,150000,0,0,0,150000,0,150000,150000
059278,群創元大9A購04  ,0,0,0,0,0,0,0,0,0,150000,0,0,0,168000,18000,150000,150000
064046,聯發科統一9C購12,0,0,0,0,0,0,0,0,0,150000,0,0,0,150000,0,150000,150000
065153,金像電群益9C購03,0,0,0,0,0,0,0,0,0,150000,0,0,0,150000,0,150000,150000
066167,強茂凱基01購01  ,0,0,0,0,0,0,0,0,0,149000,0,0,0,245000,96000,149000,149000
061085,聯茂兆豐9A購01  ,0,0,0,0,0,0,0,0,0,149000,0,0,0,307000,158000,149000,149000
060888,金像電統一9C購01,0,0,0,0,0,0,0,0,0,149000,0,0,0,170000,21000,149000,149000
065873,信邦群益02購01  ,0,0,0,0,0,0,0,0,0,148000,0,0,0,178000,30000,148000,148000
065664,矽格永豐9C購01  ,0,0,0,0,0,0,0,0,0,148000,0,0,0,212000,64000,148000,148000
1410,南染            ,155000,8000,147000,0,0,0,0,0,0,1000,1000,0,1000,0,0,0,148000
053568,智伸科富邦98購01,0,0,0,0,0,0,0,0,0,148000,0,0,0,417000,269000,148000,148000
055907,台虹兆豐98購01  ,0,0,0,0,0,0,0,0,0,148000,0,0,0,375000,227000,148000,148000
058497,新日興群益9B購01,0,0,0,0,0,0,0,0,0,148000,0,0,0,148000,0,148000,148000
061489,高鐵兆豐9A購01  ,0,0,0,0,0,0,0,0,0,148000,0,0,0,154000,6000,148000,148000
062190,瀚宇博元大9B購01,0,0,0,0,0,0,0,0,0,148000,0,0,0,273000,125000,148000,148000
063707,儒鴻凱基9C購01  ,0,0,0,0,0,0,0,0,0,148000,0,0,0,179000,31000,148000,148000
063883,超眾元富9C購02  ,0,0,0,0,0,0,0,0,0,148000,0,0,0,243000,95000,148000,148000
063258,緯穎國泰9C購01  ,0,0,0,0,0,0,0,0,0,148000,0,0,0,398000,250000,148000,148000
3057,喬鼎            ,219000,71000,148000,0,0,0,0,0,0,0,0,0,0,0,0,0,148000
8028,昇陽半導體      ,553000,426000,127000,0,0,0,0,0,0,21000,0,3000,-3000,29000,5000,24000,148000
08120P,南亞科國票9C售01,0,0,0,0,0,0,0,0,0,147000,0,0,0,147000,0,147000,147000
055259,玉晶光統一9A購01,0,0,0,0,0,0,0,0,0,147000,0,0,0,155000,8000,147000,147000
062281,奇鋐群益9B購01  ,0,0,0,0,0,0,0,0,0,147000,0,0,0,202000,55000,147000,147000
061595,智易永豐9A購02  ,0,0,0,0,0,0,0,0,0,147000,0,0,0,159000,12000,147000,147000
065392,華通群益01購02  ,0,0,0,0,0,0,0,0,0,147000,0,0,0,199000,52000,147000,147000
064446,聚陽統一02購02  ,0,0,0,0,0,0,0,0,0,147000,0,0,0,255000,108000,147000,147000
3016,嘉晶            ,977000,1139000,-162000,0,0,0,0,100000,-100000,409000,111000,0,111000,423000,125000,298000,147000
2444,兆勁            ,175000,28000,147000,0,0,0,0,0,0,0,0,0,0,0,0,0,147000
066161,力山凱基01購01  ,0,0,0,0,0,0,0,0,0,146000,0,0,0,155000,9000,146000,146000
054550,旺宏凱基98購02  ,0,0,0,0,0,0,0,0,0,146000,0,0,0,146000,0,146000,146000
053449,超眾凱基98購01  ,0,0,0,0,0,0,0,0,0,146000,0,0,0,205000,59000,146000,146000
057566,欣興富邦99購01  ,0,0,0,0,0,0,0,0,0,146000,0,0,0,146000,0,146000,146000
058721,立積元富9C購01  ,0,0,0,0,0,0,0,0,0,146000,0,0,0,146000,0,146000,146000
065352,GIS統一01購04   ,0,0,0,0,0,0,0,0,0,146000,0,0,0,191000,45000,146000,146000
062942,嘉澤凱基9B購02  ,0,0,0,0,0,0,0,0,0,146000,0,0,0,208000,62000,146000,146000
053759,晶相光國泰98購01,0,0,0,0,0,0,0,0,0,145000,0,0,0,160000,15000,145000,145000
066268,宏達電元大01購02,0,0,0,0,0,0,0,0,0,144000,0,0,0,170000,26000,144000,144000
065764,康友元大9C購02  ,0,0,0,0,0,0,0,0,0,144000,0,0,0,513000,369000,144000,144000
056142,超眾元大97購06  ,0,0,0,0,0,0,0,0,0,144000,0,0,0,144000,0,144000,144000
058091,欣興元大99購03  ,0,0,0,0,0,0,0,0,0,144000,0,0,0,212000,68000,144000,144000
059188,京元電富邦9B購01,0,0,0,0,0,0,0,0,0,144000,0,0,0,154000,10000,144000,144000
062350,台表科群益9B購01,0,0,0,0,0,0,0,0,0,144000,0,0,0,182000,38000,144000,144000
052659,上証2X國票99購01,0,0,0,0,0,0,0,0,0,143000,0,0,0,146000,3000,143000,143000
00728,第一金工業30    ,0,0,0,0,0,0,0,0,0,143000,0,0,0,344000,201000,143000,143000
061237,晶技元大9A購01  ,0,0,0,0,0,0,0,0,0,143000,0,0,0,198000,55000,143000,143000
062606,聯電凱基9C購02  ,0,0,0,0,0,0,0,0,0,143000,0,0,0,143000,0,143000,143000
063231,台泥元大9B購01  ,0,0,0,0,0,0,0,0,0,143000,0,0,0,761000,618000,143000,143000
063637,聯發科元大9C購02,0,0,0,0,0,0,0,0,0,143000,0,0,0,167000,24000,143000,143000
064709,瑞祺永豐9C購01  ,0,0,0,0,0,0,0,0,0,143000,0,0,0,189000,46000,143000,143000
064841,彩晶統一02購02  ,0,0,0,0,0,0,0,0,0,143000,0,0,0,227000,84000,143000,143000
065953,宏達電統一03購01,0,0,0,0,0,0,0,0,0,142000,0,0,0,142000,0,142000,142000
066055,聯鈞元大01購01  ,0,0,0,0,0,0,0,0,0,142000,0,0,0,152000,10000,142000,142000
053294,聯發科中信9C購01,0,0,0,0,0,0,0,0,0,142000,0,0,0,177000,35000,142000,142000
058267,奇鋐永豐99購01  ,0,0,0,0,0,0,0,0,0,142000,0,0,0,264000,122000,142000,142000
064745,聯鈞國票01購01  ,0,0,0,0,0,0,0,0,0,142000,0,0,0,160000,18000,142000,142000
063462,金像電元大9C購01,0,0,0,0,0,0,0,0,0,142000,0,0,0,142000,0,142000,142000
065729,聯詠凱基9C購04  ,0,0,0,0,0,0,0,0,0,141000,0,0,0,239000,98000,141000,141000
065539,瑞儀統一01購01  ,0,0,0,0,0,0,0,0,0,141000,0,0,0,183000,42000,141000,141000
066163,友訊凱基01購01  ,0,0,0,0,0,0,0,0,0,141000,0,0,0,246000,105000,141000,141000
08372P,大立光凱基01售04,0,0,0,0,0,0,0,0,0,141000,0,0,0,141000,0,141000,141000
061363,儒鴻國票9B購01  ,0,0,0,0,0,0,0,0,0,141000,0,0,0,215000,74000,141000,141000
063992,大立光中信9C購03,0,0,0,0,0,0,0,0,0,141000,0,0,0,205000,64000,141000,141000
064304,信邦兆豐01購01  ,0,0,0,0,0,0,0,0,0,141000,0,0,0,141000,0,141000,141000
5269,祥碩            ,321000,179000,142000,0,0,0,40000,6000,34000,-35000,1000,41000,-40000,9000,4000,5000,141000
06956P,國巨日盛99售04  ,0,0,0,0,0,0,0,0,0,140000,0,0,0,169000,29000,140000,140000
057762,全新凱基99購03  ,0,0,0,0,0,0,0,0,0,140000,0,0,0,150000,10000,140000,140000
061844,T50反1國票9C購02,0,0,0,0,0,0,0,0,0,140000,0,0,0,240000,100000,140000,140000
064406,健策凱基03購01  ,0,0,0,0,0,0,0,0,0,140000,0,0,0,193000,53000,140000,140000
064927,瀚宇博統一02購01,0,0,0,0,0,0,0,0,0,140000,0,0,0,427000,287000,140000,140000
057819,新日興元大99購01,0,0,0,0,0,0,0,0,0,139000,0,0,0,168000,29000,139000,139000
064977,玉晶光元大01購03,0,0,0,0,0,0,0,0,0,139000,0,0,0,295000,156000,139000,139000
065239,超眾凱基02購02  ,0,0,0,0,0,0,0,0,0,139000,0,0,0,186000,47000,139000,139000
064349,泰鼎元大9C購02  ,0,0,0,0,0,0,0,0,0,139000,0,0,0,321000,182000,139000,139000
063053,聯發科統一01購04,0,0,0,0,0,0,0,0,0,139000,0,0,0,217000,78000,139000,139000
066060,超眾元大01購03  ,0,0,0,0,0,0,0,0,0,138000,0,0,0,211000,73000,138000,138000
057450,國泰金元富98購01,0,0,0,0,0,0,0,0,0,138000,0,0,0,195000,57000,138000,138000
061072,南電凱基9B購01  ,0,0,0,0,0,0,0,0,0,138000,0,0,0,140000,2000,138000,138000
061113,南電元大9A購03  ,0,0,0,0,0,0,0,0,0,138000,0,0,0,138000,0,138000,138000
062730,致伸凱基9B購01  ,0,0,0,0,0,0,0,0,0,138000,0,0,0,220000,82000,138000,138000
062377,力成元大9B購01  ,0,0,0,0,0,0,0,0,0,138000,0,0,0,138000,0,138000,138000
065462,聯發科中信03購02,0,0,0,0,0,0,0,0,0,138000,0,0,0,138000,0,138000,138000
065136,正隆凱基9C購01  ,0,0,0,0,0,0,0,0,0,138000,0,0,0,138000,0,138000,138000
9955,佳龍            ,465000,327000,138000,0,0,0,0,0,0,0,0,0,0,0,0,0,138000
056644,宏達電凱基98購04,0,0,0,0,0,0,0,0,0,137000,0,0,0,157000,20000,137000,137000
061679,健策元大9B購04  ,0,0,0,0,0,0,0,0,0,137000,0,0,0,200000,63000,137000,137000
061413,台勝科群益9A購01,0,0,0,0,0,0,0,0,0,137000,0,0,0,147000,10000,137000,137000
00675L,富邦臺灣加權正2 ,107000,34000,73000,0,0,0,0,0,0,64000,0,0,0,124000,60000,64000,137000
055591,全新元大98購01  ,0,0,0,0,0,0,0,0,0,137000,0,0,0,139000,2000,137000,137000
058613,茂林元大99購03  ,0,0,0,0,0,0,0,0,0,137000,0,0,0,234000,97000,137000,137000
063507,奇鋐群益9B購02  ,0,0,0,0,0,0,0,0,0,137000,0,0,0,162000,25000,137000,137000
063944,建準元大9C購01  ,0,0,0,0,0,0,0,0,0,137000,0,0,0,142000,5000,137000,137000
061339,京元電元大9A購05,0,0,0,0,0,0,0,0,0,136000,0,0,0,484000,348000,136000,136000
061831,智邦凱基9B購02  ,0,0,0,0,0,0,0,0,0,136000,0,0,0,177000,41000,136000,136000
063268,GIS中信9B購01   ,0,0,0,0,0,0,0,0,0,136000,0,0,0,186000,50000,136000,136000
065482,立積元大01購02  ,0,0,0,0,0,0,0,0,0,136000,0,0,0,235000,99000,136000,136000
066266,強茂元大01購01  ,0,0,0,0,0,0,0,0,0,135000,0,0,0,356000,221000,135000,135000
066378,超眾兆豐03購01  ,0,0,0,0,0,0,0,0,0,135000,0,0,0,169000,34000,135000,135000
066420,宏達電元大02購01,0,0,0,0,0,0,0,0,0,135000,0,0,0,170000,35000,135000,135000
057764,台表科凱基9A購01,0,0,0,0,0,0,0,0,0,135000,0,0,0,189000,54000,135000,135000
057232,京元電凱基98購02,0,0,0,0,0,0,0,0,0,135000,0,0,0,175000,40000,135000,135000
064215,康控凱基02購01  ,0,0,0,0,0,0,0,0,0,135000,0,0,0,342000,207000,135000,135000
065582,景碩國泰01購01  ,0,0,0,0,0,0,0,0,0,134000,0,0,0,241000,107000,134000,134000
065688,緯創元富9C購02  ,0,0,0,0,0,0,0,0,0,134000,0,0,0,151000,17000,134000,134000
00737,國泰AI+Robo     ,204000,0,204000,0,0,0,0,0,0,-70000,0,0,0,104000,174000,-70000,134000
061272,超眾凱基9A購03  ,0,0,0,0,0,0,0,0,0,134000,0,0,0,252000,118000,134000,134000
059862,全新群益99購04  ,0,0,0,0,0,0,0,0,0,134000,0,0,0,284000,150000,134000,134000
064888,景碩中信9C購01  ,0,0,0,0,0,0,0,0,0,134000,0,0,0,134000,0,134000,134000
066177,上緯控凱基01購01,0,0,0,0,0,0,0,0,0,133000,0,0,0,379000,246000,133000,133000
054806,台化元大9A購01  ,0,0,0,0,0,0,0,0,0,133000,0,0,0,230000,97000,133000,133000
058587,台積電中信9C購03,0,0,0,0,0,0,0,0,0,133000,0,0,0,143000,10000,133000,133000
060718,中磊永豐9A購01  ,0,0,0,0,0,0,0,0,0,133000,0,0,0,161000,28000,133000,133000
064026,建準元大9C購02  ,0,0,0,0,0,0,0,0,0,133000,0,0,0,133000,0,133000,133000
063187,全新凱基9B購02  ,0,0,0,0,0,0,0,0,0,133000,0,0,0,258000,125000,133000,133000
4943,康控-KY         ,684000,1074000,-390000,0,0,0,0,0,0,523000,221000,0,221000,395000,93000,302000,133000
4916,事欣科          ,155000,22000,133000,0,0,0,0,0,0,0,0,0,0,0,0,0,133000
057997,旺宏第一9C購01  ,0,0,0,0,0,0,0,0,0,132000,0,0,0,150000,18000,132000,132000
061391,晶技群益9A購02  ,0,0,0,0,0,0,0,0,0,132000,0,0,0,132000,0,132000,132000
060890,大立光統一01購01,0,0,0,0,0,0,0,0,0,132000,0,0,0,144000,12000,132000,132000
061229,緯穎中信9B購01  ,0,0,0,0,0,0,0,0,0,132000,0,0,0,152000,20000,132000,132000
063532,GIS凱基9B購03   ,0,0,0,0,0,0,0,0,0,132000,0,0,0,132000,0,132000,132000
064931,南六統一9C購05  ,0,0,0,0,0,0,0,0,0,132000,0,0,0,137000,5000,132000,132000
07133P,臺股指元大9A售27,0,0,0,0,0,0,0,0,0,131000,0,0,0,245000,114000,131000,131000
061703,信邦國票9A購01  ,0,0,0,0,0,0,0,0,0,131000,0,0,0,162000,31000,131000,131000
057196,茂林台新98購01  ,0,0,0,0,0,0,0,0,0,131000,0,0,0,151000,20000,131000,131000
061597,南六永豐9A購04  ,0,0,0,0,0,0,0,0,0,131000,0,0,0,133000,2000,131000,131000
060236,精元元大9C購01  ,0,0,0,0,0,0,0,0,0,131000,0,0,0,236000,105000,131000,131000
062457,京元電群益9B購01,0,0,0,0,0,0,0,0,0,131000,0,0,0,145000,14000,131000,131000
058924,晶相光元富99購02,0,0,0,0,0,0,0,0,0,131000,0,0,0,195000,64000,131000,131000
064392,喬山永豐9C購01  ,0,0,0,0,0,0,0,0,0,131000,0,0,0,131000,0,131000,131000
07817P,同欣電群益9A售02,0,0,0,0,0,0,0,0,0,130000,0,0,0,130000,0,130000,130000
066067,台積電凱基02購05,0,0,0,0,0,0,0,0,0,130000,0,0,0,130000,0,130000,130000
057181,亞光元大98購02  ,0,0,0,0,0,0,0,0,0,130000,0,0,0,307000,177000,130000,130000
057523,大成鋼元大99購01,0,0,0,0,0,0,0,0,0,130000,0,0,0,130000,0,130000,130000
057302,福懋科中信98購01,0,0,0,0,0,0,0,0,0,130000,0,0,0,130000,0,130000,130000
056411,緯穎國票99購01  ,0,0,0,0,0,0,0,0,0,130000,0,0,0,210000,80000,130000,130000
059814,SP黃豆凱基9A購02,0,0,0,0,0,0,0,0,0,130000,0,0,0,165000,35000,130000,130000
060627,國巨國泰9B購05  ,0,0,0,0,0,0,0,0,0,130000,0,0,0,130000,0,130000,130000
06465P,國巨統一98售04  ,0,0,0,0,0,0,0,0,0,130000,0,0,0,130000,0,130000,130000
065293,玉晶光群益01購07,0,0,0,0,0,0,0,0,0,130000,0,0,0,169000,39000,130000,130000
063260,信邦富邦9B購01  ,0,0,0,0,0,0,0,0,0,130000,0,0,0,245000,115000,130000,130000
063740,矽格元大9B購03  ,0,0,0,0,0,0,0,0,0,130000,0,0,0,203000,73000,130000,130000
08360P,國巨國泰02售01  ,0,0,0,0,0,0,0,0,0,129000,0,0,0,475000,346000,129000,129000
061173,T50反1凱基04購01,0,0,0,0,0,0,0,0,0,129000,0,0,0,129000,0,129000,129000
059976,道瓊銀元大99購01,0,0,0,0,0,0,0,0,0,129000,0,0,0,169000,40000,129000,129000
065042,國產凱基02購01  ,0,0,0,0,0,0,0,0,0,129000,0,0,0,189000,60000,129000,129000
2481,強茂            ,1789400,727900,1061500,0,0,0,0,887000,-887000,-46000,10000,0,10000,15000,71000,-56000,128500
07652P,臺股指中信9A售07,0,0,0,0,0,0,0,0,0,128000,0,0,0,223000,95000,128000,128000
066316,台船永豐01購01  ,0,0,0,0,0,0,0,0,0,128000,0,0,0,166000,38000,128000,128000
056922,全新兆豐99購01  ,0,0,0,0,0,0,0,0,0,128000,0,0,0,168000,40000,128000,128000
059068,台虹國票9A購01  ,0,0,0,0,0,0,0,0,0,128000,0,0,0,187000,59000,128000,128000
3338,泰碩            ,1323000,1038000,285000,0,0,0,0,0,0,-157000,1000,51000,-50000,18000,125000,-107000,128000
4106,雃博            ,1288000,1160000,128000,0,0,0,0,0,0,0,0,0,0,0,0,0,128000
066349,聚碩永豐01購01  ,0,0,0,0,0,0,0,0,0,127000,0,0,0,231000,104000,127000,127000
066043,美律元大01購01  ,0,0,0,0,0,0,0,0,0,127000,0,0,0,188000,61000,127000,127000
060722,矽格永豐9A購01  ,0,0,0,0,0,0,0,0,0,127000,0,0,0,174000,47000,127000,127000
065172,義隆元大9C購05  ,0,0,0,0,0,0,0,0,0,127000,0,0,0,176000,49000,127000,127000
066198,華碩統一03購01  ,0,0,0,0,0,0,0,0,0,126000,0,0,0,211000,85000,126000,126000
055294,智易元大98購01  ,0,0,0,0,0,0,0,0,0,126000,0,0,0,126000,0,126000,126000
055732,全新元富9A購01  ,0,0,0,0,0,0,0,0,0,126000,0,0,0,126000,0,126000,126000
060509,宏達電元大9A購02,0,0,0,0,0,0,0,0,0,126000,0,0,0,207000,81000,126000,126000
062052,華通統一01購01  ,0,0,0,0,0,0,0,0,0,126000,0,0,0,160000,34000,126000,126000
064394,全新永豐9C購02  ,0,0,0,0,0,0,0,0,0,126000,0,0,0,219000,93000,126000,126000
063959,GIS元大9C購02   ,0,0,0,0,0,0,0,0,0,126000,0,0,0,195000,69000,126000,126000
065595,鴻海元大9C購15  ,0,0,0,0,0,0,0,0,0,125000,0,0,0,173000,48000,125000,125000
054852,奇鋐國票98購01  ,0,0,0,0,0,0,0,0,0,125000,0,0,0,125000,0,125000,125000
064689,台積電群益9C購09,0,0,0,0,0,0,0,0,0,125000,0,0,0,145000,20000,125000,125000
064554,儒鴻群益9C購01  ,0,0,0,0,0,0,0,0,0,125000,0,0,0,125000,0,125000,125000
064759,景碩凱基9C購01  ,0,0,0,0,0,0,0,0,0,125000,0,0,0,301000,176000,125000,125000
065912,瑞祺永豐9C購02  ,0,0,0,0,0,0,0,0,0,124000,0,0,0,195000,71000,124000,124000
066168,強茂凱基01購02  ,0,0,0,0,0,0,0,0,0,124000,0,0,0,198000,74000,124000,124000
066259,聯強元大01購01  ,0,0,0,0,0,0,0,0,0,124000,0,0,0,201000,77000,124000,124000
058140,臻鼎元大99購02  ,0,0,0,0,0,0,0,0,0,124000,0,0,0,124000,0,124000,124000
062238,臻鼎凱基9C購01  ,0,0,0,0,0,0,0,0,0,124000,0,0,0,155000,31000,124000,124000
058628,宏達電國票9A購01,0,0,0,0,0,0,0,0,0,124000,0,0,0,135000,11000,124000,124000
062698,台積電元大01購01,0,0,0,0,0,0,0,0,0,124000,0,0,0,205000,81000,124000,124000
064820,裕隆統一9C購01  ,0,0,0,0,0,0,0,0,0,124000,0,0,0,124000,0,124000,124000
066088,漢翔永豐01購01  ,0,0,0,0,0,0,0,0,0,123000,0,0,0,182000,59000,123000,123000
08329P,台達電統一9C售02,0,0,0,0,0,0,0,0,0,123000,0,0,0,123000,0,123000,123000
057525,光磊元大99購01  ,0,0,0,0,0,0,0,0,0,123000,0,0,0,136000,13000,123000,123000
056515,燿華兆豐99購01  ,0,0,0,0,0,0,0,0,0,123000,0,0,0,123000,0,123000,123000
058456,京鼎永豐99購01  ,0,0,0,0,0,0,0,0,0,123000,0,0,0,314000,191000,123000,123000
064524,GIS群益02購01   ,0,0,0,0,0,0,0,0,0,123000,0,0,0,123000,0,123000,123000
065304,台勝科元富03購01,0,0,0,0,0,0,0,0,0,123000,0,0,0,206000,83000,123000,123000
063350,台表科統一02購02,0,0,0,0,0,0,0,0,0,123000,0,0,0,243000,120000,123000,123000
063444,金像電統一03購01,0,0,0,0,0,0,0,0,0,123000,0,0,0,123000,0,123000,123000
3040,遠見            ,159000,37000,122000,0,0,0,0,0,0,1000,1000,0,1000,0,0,0,123000
08376P,南亞科元富9C售03,0,0,0,0,0,0,0,0,0,122000,0,0,0,122000,0,122000,122000
065807,智伸科群益01購01,0,0,0,0,0,0,0,0,0,122000,0,0,0,127000,5000,122000,122000
066228,嘉基國泰02購01  ,0,0,0,0,0,0,0,0,0,122000,0,0,0,257000,135000,122000,122000
061466,創意群益9A購01  ,0,0,0,0,0,0,0,0,0,122000,0,0,0,208000,86000,122000,122000
055616,智原國票97購03  ,0,0,0,0,0,0,0,0,0,122000,0,0,0,122000,0,122000,122000
058832,立積永豐99購01  ,0,0,0,0,0,0,0,0,0,122000,0,0,0,702000,580000,122000,122000
059452,全新永豐99購03  ,0,0,0,0,0,0,0,0,0,122000,0,0,0,122000,0,122000,122000
061990,台勝科元大9C購01,0,0,0,0,0,0,0,0,0,122000,0,0,0,323000,201000,122000,122000
063165,泰碩永豐9B購02  ,0,0,0,0,0,0,0,0,0,122000,0,0,0,140000,18000,122000,122000
065438,緯穎凱基9C購04  ,0,0,0,0,0,0,0,0,0,122000,0,0,0,134000,12000,122000,122000
06434P,超眾群益98售02  ,0,0,0,0,0,0,0,0,0,122000,0,0,0,122000,0,122000,122000
064807,義隆元大9C購03  ,0,0,0,0,0,0,0,0,0,122000,0,0,0,326000,204000,122000,122000
066388,力山凱基01購02  ,0,0,0,0,0,0,0,0,0,121000,0,0,0,179000,58000,121000,121000
065511,台積電群益01購02,0,0,0,0,0,0,0,0,0,121000,0,0,0,130000,9000,121000,121000
066095,友訊中信05購01  ,0,0,0,0,0,0,0,0,0,121000,0,0,0,186000,65000,121000,121000
07792P,牧德元大9A售04  ,0,0,0,0,0,0,0,0,0,121000,0,0,0,135000,14000,121000,121000
061577,泰碩元大9A購03  ,0,0,0,0,0,0,0,0,0,121000,0,0,0,258000,137000,121000,121000
064441,嘉澤凱基9C購02  ,0,0,0,0,0,0,0,0,0,121000,0,0,0,234000,113000,121000,121000
062878,宏達電兆豐9B購01,0,0,0,0,0,0,0,0,0,121000,0,0,0,121000,0,121000,121000
063288,泰鼎元大9B購02  ,0,0,0,0,0,0,0,0,0,121000,0,0,0,158000,37000,121000,121000
063852,瀚宇博元大9C購01,5000,0,5000,0,0,0,0,0,0,116000,0,0,0,356000,240000,116000,121000
6706,惠特            ,271000,154000,117000,0,0,0,0,0,0,4000,20000,27000,-7000,13000,2000,11000,121000
07128P,大毅元大99售04  ,0,0,0,0,0,0,0,0,0,120000,0,0,0,125000,5000,120000,120000
08468P,台郡統一9C售02  ,0,0,0,0,0,0,0,0,0,120000,0,0,0,120000,0,120000,120000
058184,鴻海永豐99購01  ,0,0,0,0,0,0,0,0,0,120000,0,0,0,152000,32000,120000,120000
054658,道瓊銀元大9A購01,0,0,0,0,0,0,0,0,0,120000,0,0,0,120000,0,120000,120000
058323,泰鼎永豐9A購01  ,0,0,0,0,0,0,0,0,0,120000,0,0,0,202000,82000,120000,120000
059008,鈺齊元大99購03  ,0,0,0,0,0,0,0,0,0,120000,0,0,0,125000,5000,120000,120000
059230,滬深2X國票9B購02,0,0,0,0,0,0,0,0,0,120000,0,0,0,120000,0,120000,120000
059870,全新凱基99購05  ,0,0,0,0,0,0,0,0,0,120000,0,0,0,120000,0,120000,120000
064113,新日興國票01購01,0,0,0,0,0,0,0,0,0,120000,0,0,0,231000,111000,120000,120000
064333,義隆元大9C購02  ,0,0,0,0,0,0,0,0,0,120000,0,0,0,131000,11000,120000,120000
3518,柏騰            ,199000,78000,121000,0,0,0,0,0,0,-1000,0,1000,-1000,0,0,0,120000
08464P,牧德永豐9C售02  ,0,0,0,0,0,0,0,0,0,119000,0,0,0,160000,41000,119000,119000
08091P,A50正2元富9B售02,0,0,0,0,0,0,0,0,0,119000,0,0,0,220000,101000,119000,119000
057616,聯電凱基99購01  ,0,0,0,0,0,0,0,0,0,119000,0,0,0,135000,16000,119000,119000
057175,美律元大98購03  ,0,0,0,0,0,0,0,0,0,119000,0,0,0,119000,0,119000,119000
059732,超眾元大9A購01  ,0,0,0,0,0,0,0,0,0,119000,0,0,0,126000,7000,119000,119000
060025,台積電富邦9C購06,0,0,0,0,0,0,0,0,0,119000,0,0,0,119000,0,119000,119000
062379,致新元大9B購01  ,0,0,0,0,0,0,0,0,0,119000,0,0,0,184000,65000,119000,119000
061938,大立光國票9B購03,0,0,0,0,0,0,0,0,0,119000,0,0,0,120000,1000,119000,119000
08593P,聯發科凱基9C售13,0,0,0,0,0,0,0,0,0,118000,0,0,0,130000,12000,118000,118000
066077,健策凱基01購01  ,0,0,0,0,0,0,0,0,0,118000,0,0,0,253000,135000,118000,118000
052328,台表科中信99購01,0,0,0,0,0,0,0,0,0,118000,0,0,0,118000,0,118000,118000
062121,奇鋐台新9B購01  ,0,0,0,0,0,0,0,0,0,118000,0,0,0,156000,38000,118000,118000
061142,南電統一9A購01  ,0,0,0,0,0,0,0,0,0,118000,0,0,0,138000,20000,118000,118000
058540,嘉聯益國泰9A購02,0,0,0,0,0,0,0,0,0,118000,0,0,0,118000,0,118000,118000
064804,英業達元大9C購01,0,0,0,0,0,0,0,0,0,118000,0,0,0,325000,207000,118000,118000
063147,東元元富9B購01  ,0,0,0,0,0,0,0,0,0,118000,0,0,0,189000,71000,118000,118000
1590,亞德客-KY       ,932000,752000,180000,0,0,0,0,10000,-10000,-52000,0,43000,-43000,2000,11000,-9000,118000
066285,松翰元大01購02  ,0,0,0,0,0,0,0,0,0,117000,0,0,0,766000,649000,117000,117000
08549P,大立光元大9C售25,0,0,0,0,0,0,0,0,0,117000,0,0,0,117000,0,117000,117000
057856,聯鈞國票99購03  ,0,0,0,0,0,0,0,0,0,117000,0,0,0,156000,39000,117000,117000
058931,玉晶光統一9C購01,0,0,0,0,0,0,0,0,0,117000,0,0,0,147000,30000,117000,117000
061195,健策永豐9B購02  ,0,0,0,0,0,0,0,0,0,117000,0,0,0,137000,20000,117000,117000
061599,元金反中信9C購01,0,0,0,0,0,0,0,0,0,117000,0,0,0,117000,0,117000,117000
062259,可成元大9B購03  ,0,0,0,0,0,0,0,0,0,117000,0,0,0,117000,0,117000,117000
063764,上銀元富9B購08  ,0,0,0,0,0,0,0,0,0,117000,0,0,0,153000,36000,117000,117000
064291,南六元大9C購04  ,0,0,0,0,0,0,0,0,0,117000,0,0,0,121000,4000,117000,117000
066261,華碩元大01購01  ,0,0,0,0,0,0,0,0,0,116000,0,0,0,124000,8000,116000,116000
066111,上銀兆豐02購01  ,0,0,0,0,0,0,0,0,0,116000,0,0,0,117000,1000,116000,116000
061070,超眾凱基9C購01  ,0,0,0,0,0,0,0,0,0,116000,0,0,0,156000,40000,116000,116000
060286,佳世達元大9C購01,0,0,0,0,0,0,0,0,0,116000,0,0,0,163000,47000,116000,116000
062604,東元凱基9B購01  ,0,0,0,0,0,0,0,0,0,116000,0,0,0,168000,52000,116000,116000
064366,群創統一01購01  ,0,0,0,0,0,0,0,0,0,116000,0,0,0,116000,0,116000,116000
065416,華通國票01購02  ,0,0,0,0,0,0,0,0,0,116000,0,0,0,224000,108000,116000,116000
063804,華邦電兆豐01購01,0,0,0,0,0,0,0,0,0,116000,0,0,0,116000,0,116000,116000
057009,信邦中信99購01  ,0,0,0,0,0,0,0,0,0,115000,0,0,0,350000,235000,115000,115000
062552,南電永豐9B購01  ,0,0,0,0,0,0,0,0,0,115000,0,0,0,115000,0,115000,115000
058527,世紀鋼元大99購01,0,0,0,0,0,0,0,0,0,115000,0,0,0,275000,160000,115000,115000
061816,長榮航群益9B購02,0,0,0,0,0,0,0,0,0,115000,0,0,0,120000,5000,115000,115000
062910,亞光元大9B購01  ,0,0,0,0,0,0,0,0,0,115000,0,0,0,142000,27000,115000,115000
08505P,臺股指國票9C售07,0,0,0,0,0,0,0,0,0,114000,0,0,0,124000,10000,114000,114000
056272,嘉澤統一99購01  ,0,0,0,0,0,0,0,0,0,114000,0,0,0,114000,0,114000,114000
062111,台勝科國票9B購01,0,0,0,0,0,0,0,0,0,114000,0,0,0,117000,3000,114000,114000
063438,聚陽統一9C購01  ,0,0,0,0,0,0,0,0,0,114000,0,0,0,114000,0,114000,114000
064969,達新元大9C購01  ,0,0,0,0,0,0,0,0,0,114000,0,0,0,214000,100000,114000,114000
065894,漢翔統一03購01  ,0,0,0,0,0,0,0,0,0,113000,0,0,0,208000,95000,113000,113000
065548,台達電凱基01購02,0,0,0,0,0,0,0,0,0,113000,0,0,0,135000,22000,113000,113000
061668,信邦中信9B購01  ,0,0,0,0,0,0,0,0,0,113000,0,0,0,184000,71000,113000,113000
065368,技嘉元大9C購04  ,0,0,0,0,0,0,0,0,0,113000,0,0,0,154000,41000,113000,113000
064377,宏達電元富9C購01,0,0,0,0,0,0,0,0,0,113000,0,0,0,171000,58000,113000,113000
6165,捷泰            ,149000,36000,113000,0,0,0,0,0,0,0,0,0,0,0,0,0,113000
065726,京元電凱基9C購02,0,0,0,0,0,0,0,0,0,112000,0,0,0,112000,0,112000,112000
065814,健策統一9C購08  ,0,0,0,0,0,0,0,0,0,112000,0,0,0,117000,5000,112000,112000
08121P,聯發科國票9B售05,0,0,0,0,0,0,0,0,0,112000,0,0,0,342000,230000,112000,112000
08295P,長榮航元大9C售01,0,0,0,0,0,0,0,0,0,112000,0,0,0,112000,0,112000,112000
056772,欣興元大99購01  ,0,0,0,0,0,0,0,0,0,112000,0,0,0,119000,7000,112000,112000
060643,牧德永豐9A購03  ,0,0,0,0,0,0,0,0,0,112000,0,0,0,112000,0,112000,112000
060413,東元永豐9A購01  ,0,0,0,0,0,0,0,0,0,112000,0,0,0,180000,68000,112000,112000
064363,聯發科統一9C購14,0,0,0,0,0,0,0,0,0,112000,0,0,0,112000,0,112000,112000
063464,廣達元大9B購02  ,0,0,0,0,0,0,0,0,0,112000,0,0,0,234000,122000,112000,112000
063188,TPK凱基9B購01   ,0,0,0,0,0,0,0,0,0,112000,0,0,0,187000,75000,112000,112000
064219,滬深2X國票03購01,0,0,0,0,0,0,0,0,0,112000,0,0,0,112000,0,112000,112000
064048,大立光統一9C購07,0,0,0,0,0,0,0,0,0,112000,0,0,0,626000,514000,112000,112000
065547,同欣電兆豐01購01,0,0,0,0,0,0,0,0,0,111000,0,0,0,600000,489000,111000,111000
056714,晶相光永豐98購02,0,0,0,0,0,0,0,0,0,111000,0,0,0,203000,92000,111000,111000
061643,嘉澤元大9A購05  ,0,0,0,0,0,0,0,0,0,111000,0,0,0,301000,190000,111000,111000
062088,緯穎元大9B購04  ,0,0,0,0,0,0,0,0,0,111000,0,0,0,148000,37000,111000,111000
064682,嘉聯益兆豐01購01,0,0,0,0,0,0,0,0,0,111000,0,0,0,186000,75000,111000,111000
065434,台勝科凱基01購01,0,0,0,0,0,0,0,0,0,111000,0,0,0,187000,76000,111000,111000
3694,海華            ,272000,161000,111000,0,0,0,0,0,0,0,0,0,0,0,0,0,111000
065514,建準群益9C購01  ,0,0,0,0,0,0,0,0,0,110000,0,0,0,110000,0,110000,110000
066449,瀚宇博群益01購01,0,0,0,0,0,0,0,0,0,110000,0,0,0,425000,315000,110000,110000
08134P,臺股指元大9B售40,0,0,0,0,0,0,0,0,0,110000,0,0,0,110000,0,110000,110000
06832P,玉晶光凱基98售03,0,0,0,0,0,0,0,0,0,110000,0,0,0,110000,0,110000,110000
08010P,大成鋼元大9B售01,0,0,0,0,0,0,0,0,0,110000,0,0,0,140000,30000,110000,110000
07952P,富邦金元大9B售02,0,0,0,0,0,0,0,0,0,110000,0,0,0,132000,22000,110000,110000
061455,京元電凱基9B購01,0,0,0,0,0,0,0,0,0,110000,0,0,0,125000,15000,110000,110000
057723,臺股指元富98購02,0,0,0,0,0,0,0,0,0,110000,0,0,0,110000,0,110000,110000
057641,旺宏元大98購10  ,0,0,0,0,0,0,0,0,0,110000,0,0,0,110000,0,110000,110000
054164,強茂凱基98購01  ,0,0,0,0,0,0,0,0,0,110000,0,0,0,215000,105000,110000,110000
055984,大立光元富97購02,0,0,0,0,0,0,0,0,0,110000,0,0,0,110000,0,110000,110000
062148,奇鋐國票9B購01  ,0,0,0,0,0,0,0,0,0,110000,0,0,0,198000,88000,110000,110000
060034,立積永豐99購04  ,0,0,0,0,0,0,0,0,0,110000,0,0,0,110000,0,110000,110000
064891,台達電群益9C購01,0,0,0,0,0,0,0,0,0,110000,0,0,0,202000,92000,110000,110000
064651,GIS凱基9C購02   ,0,0,0,0,0,0,0,0,0,110000,0,0,0,150000,40000,110000,110000
064591,臻鼎永豐9C購01  ,0,0,0,0,0,0,0,0,0,110000,0,0,0,113000,3000,110000,110000
064244,GIS統一02購01   ,0,0,0,0,0,0,0,0,0,110000,0,0,0,210000,100000,110000,110000
063587,漢唐永豐9B購02  ,0,0,0,0,0,0,0,0,0,110000,0,0,0,227000,117000,110000,110000
063432,金寶元富9B購01  ,0,0,0,0,0,0,0,0,0,110000,0,0,0,300000,190000,110000,110000
063392,聯電群益9B購02  ,0,0,0,0,0,0,0,0,0,110000,0,0,0,110000,0,110000,110000
2905,三商            ,203000,85000,118000,0,0,0,0,0,0,-8000,0,8000,-8000,0,0,0,110000
1598,岱宇            ,815000,735000,80000,0,0,0,0,0,0,30000,30000,0,30000,0,0,0,110000
07904P,聯發科群益9B售05,0,0,0,0,0,0,0,0,0,109000,0,0,0,210000,101000,109000,109000
065783,友訊永豐9C購02  ,0,0,0,0,0,0,0,0,0,109000,0,0,0,124000,15000,109000,109000
054926,神達凱基98購01  ,0,0,0,0,0,0,0,0,0,109000,0,0,0,109000,0,109000,109000
054567,拓凱群益98購01  ,0,0,0,0,0,0,0,0,0,109000,0,0,0,197000,88000,109000,109000
056906,玉晶光元大9B購01,0,0,0,0,0,0,0,0,0,109000,0,0,0,141000,32000,109000,109000
062197,聯發科中信01購03,0,0,0,0,0,0,0,0,0,109000,0,0,0,142000,33000,109000,109000
061995,超眾元大01購01  ,0,0,0,0,0,0,0,0,0,109000,0,0,0,142000,33000,109000,109000
065552,聯發科凱基9C購12,0,0,0,0,0,0,0,0,0,108000,0,0,0,131000,23000,108000,108000
066076,台勝科凱基01購02,0,0,0,0,0,0,0,0,0,108000,0,0,0,108000,0,108000,108000
066187,瑞祺凱基01購01  ,0,0,0,0,0,0,0,0,0,108000,0,0,0,112000,4000,108000,108000
08359P,緯創元大9C售02  ,0,0,0,0,0,0,0,0,0,108000,0,0,0,257000,149000,108000,108000
057546,台積電凱基02購01,0,0,0,0,0,0,0,0,0,108000,0,0,0,117000,9000,108000,108000
056586,光罩統一98購02  ,0,0,0,0,0,0,0,0,0,108000,0,0,0,108000,0,108000,108000
054874,帆宣群益99購02  ,0,0,0,0,0,0,0,0,0,108000,0,0,0,108000,0,108000,108000
055032,億光富邦99購01  ,0,0,0,0,0,0,0,0,0,108000,0,0,0,123000,15000,108000,108000
061264,全新凱基9B購01  ,0,0,0,0,0,0,0,0,0,108000,0,0,0,193000,85000,108000,108000
063481,緯穎元大9B購08  ,0,0,0,0,0,0,0,0,0,108000,0,0,0,166000,58000,108000,108000
063653,儒鴻元富9B購01  ,0,0,0,0,0,0,0,0,0,108000,0,0,0,147000,39000,108000,108000
063817,GIS群益9C購01   ,0,0,0,0,0,0,0,0,0,108000,0,0,0,149000,41000,108000,108000
064053,祥碩統一02購01  ,0,0,0,0,0,0,0,0,0,108000,0,0,0,108000,0,108000,108000
063961,世紀鋼元大9C購05,0,0,0,0,0,0,0,0,0,108000,0,0,0,168000,60000,108000,108000
065139,華通凱基03購01  ,0,0,0,0,0,0,0,0,0,108000,0,0,0,116000,8000,108000,108000
065046,玉晶光凱基01購03,0,0,0,0,0,0,0,0,0,108000,0,0,0,117000,9000,108000,108000
061763,聯電元大9C購02  ,0,0,0,0,0,0,0,0,0,107000,0,0,0,254000,147000,107000,107000
062102,T50反1國票9B購07,0,0,0,0,0,0,0,0,0,107000,0,0,0,108000,1000,107000,107000
062393,智邦富邦9B購01  ,0,0,0,0,0,0,0,0,0,107000,0,0,0,249000,142000,107000,107000
065353,GIS統一02購03   ,0,0,0,0,0,0,0,0,0,107000,0,0,0,107000,0,107000,107000
063448,聯發科統一9C購11,0,0,0,0,0,0,0,0,0,107000,0,0,0,107000,0,107000,107000
08299P,玉晶光國票02售01,0,0,0,0,0,0,0,0,0,106000,0,0,0,310000,204000,106000,106000
066200,建準統一02購01  ,0,0,0,0,0,0,0,0,0,106000,0,0,0,152000,46000,106000,106000
066265,精元元大01購01  ,0,0,0,0,0,0,0,0,0,106000,0,0,0,392000,286000,106000,106000
066359,潤泰新永豐01購01,0,0,0,0,0,0,0,0,0,106000,0,0,0,111000,5000,106000,106000
066597,緯穎群益02購01  ,0,0,0,0,0,0,0,0,0,106000,0,0,0,185000,79000,106000,106000
066035,南電群益01購01  ,0,0,0,0,0,0,0,0,0,106000,0,0,0,120000,14000,106000,106000
056211,南港國票98購01  ,0,0,0,0,0,0,0,0,0,106000,0,0,0,264000,158000,106000,106000
057835,華擎元富9B購01  ,0,0,0,0,0,0,0,0,0,106000,0,0,0,128000,22000,106000,106000
060387,盛群凱基9A購01  ,0,0,0,0,0,0,0,0,0,106000,0,0,0,138000,32000,106000,106000
063533,緯穎凱基9B購06  ,0,0,0,0,0,0,0,0,0,106000,0,0,0,141000,35000,106000,106000
064431,台積電凱基01購05,0,0,0,0,0,0,0,0,0,106000,0,0,0,206000,100000,106000,106000
06725P,聯電元富98售01  ,0,0,0,0,0,0,0,0,0,105000,0,0,0,105000,0,105000,105000
053282,彩晶元大9C購01  ,0,0,0,0,0,0,0,0,0,105000,0,0,0,205000,100000,105000,105000
00668,國泰美國道瓊    ,6000,6000,0,0,0,0,0,0,0,105000,0,0,0,150000,45000,105000,105000
058455,玉晶光永豐99購03,0,0,0,0,0,0,0,0,0,105000,0,0,0,105000,0,105000,105000
063431,神隆元富9B購01  ,0,0,0,0,0,0,0,0,0,105000,0,0,0,1063000,958000,105000,105000
062967,上銀元富9B購01  ,0,0,0,0,0,0,0,0,0,105000,0,0,0,105000,0,105000,105000
063575,矽格元大9B購02  ,0,0,0,0,0,0,0,0,0,105000,0,0,0,117000,12000,105000,105000
066134,強茂群益01購01  ,0,0,0,0,0,0,0,0,0,104000,0,0,0,166000,62000,104000,104000
056404,嘉聯益群益9A購01,0,0,0,0,0,0,0,0,0,104000,0,0,0,114000,10000,104000,104000
062832,嘉澤群益9B購02  ,0,0,0,0,0,0,0,0,0,104000,0,0,0,202000,98000,104000,104000
061526,宏達電凱基9A購04,0,0,0,0,0,0,0,0,0,104000,0,0,0,161000,57000,104000,104000
061531,奇鋐台新9A購01  ,0,0,0,0,0,0,0,0,0,104000,0,0,0,208000,104000,104000,104000
061206,旺宏元大9A購12  ,0,0,0,0,0,0,0,0,0,104000,0,0,0,120000,16000,104000,104000
063723,儒鴻元大9B購04  ,0,0,0,0,0,0,0,0,0,104000,0,0,0,135000,31000,104000,104000
063474,康控元大9B購04  ,0,0,0,0,0,0,0,0,0,104000,0,0,0,290000,186000,104000,104000
064840,彩晶統一02購01  ,0,0,0,0,0,0,0,0,0,104000,0,0,0,220000,116000,104000,104000
064853,亞德客麥證9C購01,0,0,0,104000,0,104000,0,0,0,104000,0,0,0,104000,0,104000,104000
066482,華碩元富01購02  ,0,0,0,0,0,0,0,0,0,103000,0,0,0,190000,87000,103000,103000
056715,瀚宇博永豐98購01,0,0,0,0,0,0,0,0,0,103000,0,0,0,280000,177000,103000,103000
061094,彩晶統一9B購02  ,0,0,0,0,0,0,0,0,0,103000,0,0,0,238000,135000,103000,103000
064247,廣達元富9C購01  ,0,0,0,0,0,0,0,0,0,103000,0,0,0,538000,435000,103000,103000
063342,台光電統一9B購02,0,0,0,0,0,0,0,0,0,103000,0,0,0,165000,62000,103000,103000
063725,聯電元大9C購03  ,0,0,0,0,0,0,0,0,0,103000,0,0,0,121000,18000,103000,103000
3008,大立光          ,378841,301902,76939,0,0,0,10000,5000,5000,21000,4000,20000,-16000,37000,0,37000,102939
066180,正文凱基01購01  ,0,0,0,0,0,0,0,0,0,102000,0,0,0,117000,15000,102000,102000
057733,嘉聯益國泰99購01,0,0,0,0,0,0,0,0,0,102000,0,0,0,102000,0,102000,102000
062991,台光電群益9B購03,0,0,0,0,0,0,0,0,0,102000,0,0,0,111000,9000,102000,102000
064319,南電群益9C購01  ,0,0,0,0,0,0,0,0,0,102000,0,0,0,102000,0,102000,102000
064560,技嘉群益01購01  ,0,0,0,0,0,0,0,0,0,102000,0,0,0,164000,62000,102000,102000
2103,台橡            ,630000,530000,100000,0,0,0,0,0,0,2000,0,0,0,6000,4000,2000,102000
066171,德律凱基01購01  ,0,0,0,0,0,0,0,0,0,101000,0,0,0,289000,188000,101000,101000
066620,長興凱基01購01  ,0,0,0,0,0,0,0,0,0,101000,0,0,0,105000,4000,101000,101000
056811,健策統一9B購01  ,0,0,0,0,0,0,0,0,0,101000,0,0,0,101000,0,101000,101000
057498,台郡元大98購04  ,0,0,0,0,0,0,0,0,0,101000,0,0,0,105000,4000,101000,101000
055631,創意永豐98購01  ,0,0,0,0,0,0,0,0,0,101000,0,0,0,233000,132000,101000,101000
060709,緯穎富邦9B購01  ,0,0,0,0,0,0,0,0,0,101000,0,0,0,214000,113000,101000,101000
061802,勤誠永豐9B購01  ,0,0,0,0,0,0,0,0,0,101000,0,0,0,101000,0,101000,101000
062665,智易群益9B購01  ,0,0,0,0,0,0,0,0,0,101000,0,0,0,169000,68000,101000,101000
058820,致茂國泰9B購01  ,0,0,0,0,0,0,0,0,0,101000,0,0,0,111000,10000,101000,101000
058874,聯鈞國票9A購01  ,0,0,0,0,0,0,0,0,0,101000,0,0,0,137000,36000,101000,101000
058704,台積電元大99購17,0,0,0,0,0,0,0,0,0,101000,0,0,0,131000,30000,101000,101000
059957,中信金康和99購01,0,0,0,0,0,0,0,0,0,101000,0,0,0,101000,0,101000,101000
064299,宏碁兆豐9C購01  ,0,0,0,0,0,0,0,0,0,101000,0,0,0,462000,361000,101000,101000
063103,技嘉群益9B購01  ,0,0,0,0,0,0,0,0,0,101000,0,0,0,160000,59000,101000,101000
063597,健策中信9B購02  ,0,0,0,0,0,0,0,0,0,101000,0,0,0,132000,31000,101000,101000
064199,南六群益01購01  ,0,0,0,0,0,0,0,0,0,101000,0,0,0,199000,98000,101000,101000
1907,永豐餘          ,603000,501000,102000,0,0,0,0,0,0,-1000,0,1000,-1000,0,0,0,101000
06653P,美食元大98售02  ,0,0,0,0,0,0,0,0,0,100000,0,0,0,100000,0,100000,100000
066033,南六群益02購01  ,0,0,0,0,0,0,0,0,0,100000,0,0,0,100000,0,100000,100000
066047,嘉晶元大01購04  ,0,0,0,0,0,0,0,0,0,100000,0,0,0,151000,51000,100000,100000
066065,東元凱基04購01  ,0,0,0,0,0,0,0,0,0,100000,0,0,0,117000,17000,100000,100000
06757P,台灣50元大9B售01,0,0,0,0,0,0,0,0,0,100000,0,0,0,100000,0,100000,100000
07104P,聯發科元富99售04,0,0,0,0,0,0,0,0,0,100000,0,0,0,100000,0,100000,100000
07192P,聯發科元大99售23,0,0,0,0,0,0,0,0,0,100000,0,0,0,100000,0,100000,100000
07270P,台灣50元大01售09,0,0,0,0,0,0,0,0,0,100000,0,0,0,100000,0,100000,100000
07891P,臺股指國票9B售01,0,0,0,0,0,0,0,0,0,100000,0,0,0,100000,0,100000,100000
07842P,力成元大9A售01  ,0,0,0,0,0,0,0,0,0,100000,0,0,0,100000,0,100000,100000
07955P,大成鋼群益9B售02,0,0,0,0,0,0,0,0,0,100000,0,0,0,100000,0,100000,100000
08709P,台積電台新01售02,0,0,0,0,0,0,0,0,0,100000,0,0,0,130000,30000,100000,100000
057083,立積統一98購01  ,0,0,0,0,0,0,0,0,0,100000,0,0,0,100000,0,100000,100000
054093,智原群益97購01  ,0,0,0,0,0,0,0,0,0,100000,0,0,0,100000,0,100000,100000
055916,奇鋐凱基99購01  ,0,0,0,0,0,0,0,0,0,100000,0,0,0,300000,200000,100000,100000
056754,智易兆豐99購01  ,0,0,0,0,0,0,0,0,0,100000,0,0,0,100000,0,100000,100000
061457,TPK凱基9A購01   ,0,0,0,0,0,0,0,0,0,100000,0,0,0,100000,0,100000,100000
057914,日月光日盛9A購01,0,0,0,0,0,0,0,0,0,100000,0,0,0,100000,0,100000,100000
056521,群創日盛98購01  ,0,0,0,0,0,0,0,0,0,100000,0,0,0,100000,0,100000,100000
056483,TPK元大98購01   ,0,0,0,0,0,0,0,0,0,100000,0,0,0,150000,50000,100000,100000
060134,鈺齊群益9A購01  ,0,0,0,0,0,0,0,0,0,100000,0,0,0,100000,0,100000,100000
059454,亞光永豐99購01  ,0,0,0,0,0,0,0,0,0,100000,0,0,0,125000,25000,100000,100000
058513,宏達電元大99購05,0,0,0,0,0,0,0,0,0,100000,0,0,0,170000,70000,100000,100000
062394,大立光富邦02購01,0,0,0,0,0,0,0,0,0,100000,0,0,0,200000,100000,100000,100000
062420,台積電統一9C購08,0,0,0,0,0,0,0,0,0,100000,0,0,0,100000,0,100000,100000
062287,康友群益9B購02  ,0,0,0,0,0,0,0,0,0,100000,0,0,0,100000,0,100000,100000
059125,台積電第一03購02,0,0,0,0,0,0,0,0,0,100000,0,0,0,100000,0,100000,100000
061258,華通凱基9A購06  ,0,0,0,0,0,0,0,0,0,100000,0,0,0,100000,0,100000,100000
061586,智邦富邦9A購02  ,0,0,0,0,0,0,0,0,0,100000,0,0,0,100000,0,100000,100000
061050,康友中信9A購01  ,0,0,0,0,0,0,0,0,0,100000,0,0,0,148000,48000,100000,100000
064217,GIS凱基02購02   ,0,0,0,0,0,0,0,0,0,100000,0,0,0,100000,0,100000,100000
063828,台積電國票01購02,0,0,0,0,0,0,0,0,0,100000,0,0,0,100000,0,100000,100000
063900,GIS群益9C購03   ,0,0,0,0,0,0,0,0,0,100000,0,0,0,103000,3000,100000,100000
063458,正隆元大9B購01  ,0,0,0,0,0,0,0,0,0,100000,0,0,0,100000,0,100000,100000
064290,GIS元大9C購04   ,0,0,0,0,0,0,0,0,0,100000,0,0,0,218000,118000,100000,100000
064279,新光金元大01購01,0,0,0,0,0,0,0,0,0,100000,0,0,0,100000,0,100000,100000
064677,金像電兆豐9C購01,0,0,0,0,0,0,0,0,0,100000,0,0,0,100000,0,100000,100000
065440,台積電麥證9C購02,0,0,0,100000,0,100000,0,0,0,100000,0,0,0,100000,0,100000,100000
07466P,亞德客元大9A售02,0,0,0,0,0,0,0,0,0,99000,0,0,0,135000,36000,99000,99000
066115,美律兆豐02購01  ,0,0,0,0,0,0,0,0,0,99000,0,0,0,184000,85000,99000,99000
065567,台積電群益01購03,0,0,0,0,0,0,0,0,0,99000,0,0,0,99000,0,99000,99000
057599,技嘉群益9A購01  ,0,0,0,0,0,0,0,0,0,99000,0,0,0,124000,25000,99000,99000
062590,亞光統一9B購01  ,0,0,0,0,0,0,0,0,0,99000,0,0,0,338000,239000,99000,99000
064258,臻鼎國泰01購02  ,0,0,0,0,0,0,0,0,0,99000,0,0,0,100000,1000,99000,99000
063522,技嘉凱基9B購03  ,0,0,0,0,0,0,0,0,0,99000,0,0,0,102000,3000,99000,99000
063358,華擎國泰01購01  ,0,0,0,0,0,0,0,0,0,99000,0,0,0,109000,10000,99000,99000
063066,同欣電麥證9B購01,0,0,0,100000,1000,99000,0,0,0,99000,0,0,0,100000,1000,99000,99000
063833,致新國票01購01  ,0,0,0,0,0,0,0,0,0,99000,0,0,0,117000,18000,99000,99000
065576,泰鼎群益9C購02  ,0,0,0,0,0,0,0,0,0,98000,0,0,0,98000,0,98000,98000
066153,南帝康和01購01  ,0,0,0,0,0,0,0,0,0,98000,0,0,0,228000,130000,98000,98000
057770,亞德客群益98購01,0,0,0,0,0,0,0,0,0,98000,0,0,0,98000,0,98000,98000
056941,台郡元富9B購01  ,0,0,0,0,0,0,0,0,0,98000,0,0,0,212000,114000,98000,98000
054795,合勤控群益98購01,0,0,0,0,0,0,0,0,0,98000,0,0,0,98000,0,98000,98000
062829,泰碩群益9B購01  ,0,0,0,0,0,0,0,0,0,98000,0,0,0,108000,10000,98000,98000
061305,帆宣永豐9A購01  ,0,0,0,0,0,0,0,0,0,98000,0,0,0,122000,24000,98000,98000
058674,宏達電群益99購01,0,0,0,0,0,0,0,0,0,98000,0,0,0,98000,0,98000,98000
061916,元金2X凱基02購01,0,0,0,0,0,0,0,0,0,98000,0,0,0,108000,10000,98000,98000
063894,漢唐群益9C購01  ,0,0,0,0,0,0,0,0,0,98000,0,0,0,98000,0,98000,98000
064490,金像電元大9C購02,0,0,0,0,0,0,0,0,0,98000,0,0,0,100000,2000,98000,98000
065037,緯穎統一02購02  ,0,0,0,0,0,0,0,0,0,98000,0,0,0,118000,20000,98000,98000
065103,南六元大9C購06  ,0,0,0,0,0,0,0,0,0,98000,0,0,0,170000,72000,98000,98000
064895,奇力新群益9C購02,0,0,0,0,0,0,0,0,0,98000,0,0,0,98000,0,98000,98000
8131,福懋科          ,488999,289000,199999,0,0,0,0,1000,-1000,-101000,0,66000,-66000,0,35000,-35000,97999
066000,奇鋐國票02購01  ,0,0,0,0,0,0,0,0,0,97000,0,0,0,113000,16000,97000,97000
1307,三芳            ,133000,36000,97000,0,0,0,0,0,0,0,0,0,0,0,0,0,97000
08657P,牧德群益9C售02  ,0,0,0,0,0,0,0,0,0,97000,0,0,0,100000,3000,97000,97000
08180P,聯發科國泰01售05,0,0,0,0,0,0,0,0,0,97000,0,0,0,160000,63000,97000,97000
057704,台虹群益98購03  ,0,0,0,0,0,0,0,0,0,97000,0,0,0,97000,0,97000,97000
061913,宏碁中信9B購01  ,0,0,0,0,0,0,0,0,0,97000,0,0,0,162000,65000,97000,97000
062616,玉晶光元大9C購06,0,0,0,0,0,0,0,0,0,97000,0,0,0,101000,4000,97000,97000
060896,晶技凱基9A購02  ,0,0,0,0,0,0,0,0,0,97000,0,0,0,117000,20000,97000,97000
064882,同欣電兆豐9C購01,0,0,0,0,0,0,0,0,0,97000,0,0,0,117000,20000,97000,97000
064198,超眾群益9C購01  ,0,0,0,0,0,0,0,0,0,97000,0,0,0,108000,11000,97000,97000
064166,和潤統一02購01  ,0,0,0,0,0,0,0,0,0,97000,0,0,0,653000,556000,97000,97000
063395,金像電群益9B購02,0,0,0,0,0,0,0,0,0,97000,0,0,0,104000,7000,97000,97000
066086,東元永豐01購01  ,0,0,0,0,0,0,0,0,0,96000,0,0,0,96000,0,96000,96000
065632,正崴國票01購01  ,0,0,0,0,0,0,0,0,0,96000,0,0,0,96000,0,96000,96000
066306,亞聚永豐01購01  ,0,0,0,0,0,0,0,0,0,96000,0,0,0,96000,0,96000,96000
062801,宏達電統一01購01,0,0,0,0,0,0,0,0,0,96000,0,0,0,223000,127000,96000,96000
058692,華邦電國票9B購01,0,0,0,0,0,0,0,0,0,96000,0,0,0,205000,109000,96000,96000
062343,中石化群益9B購01,0,0,0,0,0,0,0,0,0,96000,0,0,0,137000,41000,96000,96000
062912,新日興元大9B購01,0,0,0,0,0,0,0,0,0,96000,0,0,0,124000,28000,96000,96000
064152,義隆統一02購02  ,0,0,0,0,0,0,0,0,0,96000,0,0,0,130000,34000,96000,96000
3032,偉訓            ,109000,21000,88000,0,0,0,0,0,0,8000,8000,0,8000,0,0,0,96000
065607,聯詠元大9C購02  ,0,0,0,0,0,0,0,0,0,95000,0,0,0,479000,384000,95000,95000
065663,凌華永豐9C購01  ,0,0,0,0,0,0,0,0,0,95000,0,0,0,100000,5000,95000,95000
08234P,華擎元富9B售03  ,0,0,0,0,0,0,0,0,0,95000,0,0,0,142000,47000,95000,95000
057619,玉晶光凱基98購02,0,0,0,0,0,0,0,0,0,95000,0,0,0,99000,4000,95000,95000
061717,力成凱基9B購01  ,0,0,0,0,0,0,0,0,0,95000,0,0,0,113000,18000,95000,95000
059961,T50反1凱基99購09,0,0,0,0,0,0,0,0,0,95000,0,0,0,95000,0,95000,95000
064187,亞光永豐9C購01  ,0,0,0,0,0,0,0,0,0,95000,0,0,0,143000,48000,95000,95000
064029,宏達電元大9C購01,0,0,0,0,0,0,0,0,0,95000,0,0,0,144000,49000,95000,95000
063353,上銀元富9B購03  ,0,0,0,0,0,0,0,0,0,95000,0,0,0,95000,0,95000,95000
063480,南六元大9C購01  ,0,0,0,0,0,0,0,0,0,95000,0,0,0,114000,19000,95000,95000
065095,玉晶光元大02購02,0,0,0,0,0,0,0,0,0,95000,0,0,0,118000,23000,95000,95000
064466,聯電元富9C購01  ,0,0,0,0,0,0,0,0,0,95000,0,0,0,163000,68000,95000,95000
064535,國產國票01購01  ,0,0,0,0,0,0,0,0,0,95000,0,0,0,178000,83000,95000,95000
057119,微星康和98購01  ,0,0,0,0,0,0,0,0,0,94000,0,0,0,94000,0,94000,94000
060867,智伸科永豐9A購01,0,0,0,0,0,0,0,0,0,94000,0,0,0,143000,49000,94000,94000
060367,緯穎元富9A購02  ,0,0,0,0,0,0,0,0,0,94000,0,0,0,308000,214000,94000,94000
061105,宏達電元大9A購04,0,0,0,0,0,0,0,0,0,94000,0,0,0,175000,81000,94000,94000
064230,上銀統一01購04  ,0,0,0,0,0,0,0,0,0,94000,0,0,0,104000,10000,94000,94000
065292,緯創群益9C購01  ,0,0,0,0,0,0,0,0,0,94000,0,0,0,94000,0,94000,94000
063091,聯電中信9B購01  ,0,0,0,0,0,0,0,0,0,94000,0,0,0,128000,34000,94000,94000
063665,南亞科統一01購02,0,0,0,0,0,0,0,0,0,94000,0,0,0,270000,176000,94000,94000
07392P,台積電國泰02售01,0,0,0,0,0,0,0,0,0,93000,0,0,0,100000,7000,93000,93000
066323,精元永豐01購01  ,0,0,0,0,0,0,0,0,0,93000,0,0,0,198000,105000,93000,93000
061368,南六國票9A購01  ,0,0,0,0,0,0,0,0,0,93000,0,0,0,120000,27000,93000,93000
056693,國產群益98購01  ,0,0,0,0,0,0,0,0,0,93000,0,0,0,93000,0,93000,93000
061491,嘉聯益兆豐9B購01,0,0,0,0,0,0,0,0,0,93000,0,0,0,200000,107000,93000,93000
062044,健策凱基9B購02  ,0,0,0,0,0,0,0,0,0,93000,0,0,0,118000,25000,93000,93000
062709,帆宣元大9B購01  ,0,0,0,0,0,0,0,0,0,93000,0,0,0,93000,0,93000,93000
063560,力山元大9B購05  ,0,0,0,0,0,0,0,0,0,93000,0,0,0,164000,71000,93000,93000
065202,南電元富06購01  ,0,0,0,0,0,0,0,0,0,93000,0,0,0,97000,4000,93000,93000
064897,宏達電群益9C購02,0,0,0,0,0,0,0,0,0,93000,0,0,0,374000,281000,93000,93000
064294,和大中信9C購01  ,0,0,0,0,0,0,0,0,0,93000,0,0,0,93000,0,93000,93000
08680P,聯發科元大01售10,0,0,0,0,0,0,0,0,0,92000,0,0,0,92000,0,92000,92000
057506,聯鈞國票99購02  ,0,0,0,0,0,0,0,0,0,92000,0,0,0,122000,30000,92000,92000
057363,華通元大99購02  ,0,0,0,0,0,0,0,0,0,92000,0,0,0,103000,11000,92000,92000
055579,健策統一9A購01  ,0,0,0,0,0,0,0,0,0,92000,0,0,0,215000,123000,92000,92000
060596,元黃金凱基9A購02,0,0,0,0,0,0,0,0,0,92000,0,0,0,95000,3000,92000,92000
062187,台勝科元大9B購02,0,0,0,0,0,0,0,0,0,92000,0,0,0,160000,68000,92000,92000
064921,景碩統一02購01  ,0,0,0,0,0,0,0,0,0,92000,0,0,0,361000,269000,92000,92000
064958,GIS凱基02購03   ,0,0,0,0,0,0,0,0,0,92000,0,0,0,100000,8000,92000,92000
065290,奇鋐群益9C購01  ,0,0,0,0,0,0,0,0,0,92000,0,0,0,102000,10000,92000,92000
065355,聯發科元富03購05,0,0,0,0,0,0,0,0,0,92000,0,0,0,97000,5000,92000,92000
063495,台光電富邦9C購01,0,0,0,0,0,0,0,0,0,92000,0,0,0,142000,50000,92000,92000
3015,全漢            ,121000,29695,91305,0,0,0,0,0,0,0,0,0,0,0,0,0,91305
08338P,台灣50凱基9C售11,0,0,0,0,0,0,0,0,0,91000,0,0,0,100000,9000,91000,91000
054873,帆宣群益99購01  ,0,0,0,0,0,0,0,0,0,91000,0,0,0,91000,0,91000,91000
056376,玉晶光統一98購01,0,0,0,0,0,0,0,0,0,91000,0,0,0,113000,22000,91000,91000
056918,台積電兆豐98購01,0,0,0,0,0,0,0,0,0,91000,0,0,0,91000,0,91000,91000
061553,南電群益9A購03  ,0,0,0,0,0,0,0,0,0,91000,0,0,0,111000,20000,91000,91000
061544,大毅群益9B購02  ,0,0,0,0,0,0,0,0,0,91000,0,0,0,98000,7000,91000,91000
061592,義隆永豐9A購03  ,0,0,0,0,0,0,0,0,0,91000,0,0,0,96000,5000,91000,91000
059054,國巨凱基99購11  ,0,0,0,0,0,0,0,0,0,91000,0,0,0,92000,1000,91000,91000
064225,健策國票01購02  ,0,0,0,0,0,0,0,0,0,91000,0,0,0,123000,32000,91000,91000
6189,豐藝            ,103000,10000,93000,0,0,0,0,0,0,-2000,0,2000,-2000,0,0,0,91000
08386P,臺股指群益9C售14,0,0,0,0,0,0,0,0,0,90000,0,0,0,90000,0,90000,90000
08241P,微星中信06售01  ,0,0,0,0,0,0,0,0,0,90000,0,0,0,90000,0,90000,90000
07086P,力成元富9C售01  ,0,0,0,0,0,0,0,0,0,90000,0,0,0,200000,110000,90000,90000
06903P,技嘉凱基98售04  ,0,0,0,0,0,0,0,0,0,90000,0,0,0,90000,0,90000,90000
06684P,緯穎元大98售06  ,0,0,0,0,0,0,0,0,0,90000,0,0,0,90000,0,90000,90000
065890,台積電統一03購01,0,0,0,0,0,0,0,0,0,90000,0,0,0,103000,13000,90000,90000
061732,智邦中信9B購01  ,0,0,0,0,0,0,0,0,0,90000,0,0,0,115000,25000,90000,90000
058215,貿聯群益99購02  ,0,0,0,0,0,0,0,0,0,90000,0,0,0,100000,10000,90000,90000
057927,勤誠凱基98購01  ,0,0,0,0,0,0,0,0,0,90000,0,0,0,161000,71000,90000,90000
057818,泰碩元大9A購01  ,0,0,0,0,0,0,0,0,0,90000,0,0,0,110000,20000,90000,90000
055532,中工群益98購01  ,0,0,0,0,0,0,0,0,0,90000,0,0,0,90000,0,90000,90000
057123,上銀凱基98購05  ,0,0,0,0,0,0,0,0,0,90000,0,0,0,90000,0,90000,90000
057248,台積電統一98購08,0,0,0,0,0,0,0,0,0,90000,0,0,0,90000,0,90000,90000
060538,S&P反1凱基9A購01,0,0,0,0,0,0,0,0,0,90000,0,0,0,100000,10000,90000,90000
060156,光磊永豐9A購01  ,0,0,0,0,0,0,0,0,0,90000,0,0,0,188000,98000,90000,90000
060423,智易永豐9A購01  ,0,0,0,0,0,0,0,0,0,90000,0,0,0,110000,20000,90000,90000
063946,聯發科元大9C購04,0,0,0,0,0,0,0,0,0,90000,0,0,0,101000,11000,90000,90000
063816,TPK群益9C購01   ,0,0,0,0,0,0,0,0,0,90000,0,0,0,90000,0,90000,90000
063387,台積電兆豐9B購03,0,0,0,0,0,0,0,0,0,90000,0,0,0,110000,20000,90000,90000
065179,同欣電元大02購01,0,0,0,0,0,0,0,0,0,90000,0,0,0,166000,76000,90000,90000
064409,彩晶凱基04購01  ,0,0,0,0,0,0,0,0,0,90000,0,0,0,90000,0,90000,90000
066009,創意統一02購02  ,0,0,0,0,0,0,0,0,0,89000,0,0,0,1514000,1425000,89000,89000
065553,聯詠凱基9C購03  ,0,0,0,0,0,0,0,0,0,89000,0,0,0,134000,45000,89000,89000
066232,聯強富邦03購01  ,0,0,0,0,0,0,0,0,0,89000,0,0,0,290000,201000,89000,89000
07944P,華新科元大9B售08,0,0,0,0,0,0,0,0,0,89000,0,0,0,119000,30000,89000,89000
08617P,緯創元富9C售03  ,0,0,0,0,0,0,0,0,0,89000,0,0,0,257000,168000,89000,89000
058397,大成鋼元大99購02,0,0,0,0,0,0,0,0,0,89000,0,0,0,130000,41000,89000,89000
058677,矽格群益99購01  ,0,0,0,0,0,0,0,0,0,89000,0,0,0,172000,83000,89000,89000
059986,宏達電元大99購08,0,0,0,0,0,0,0,0,0,89000,0,0,0,170000,81000,89000,89000
060017,全新康和99購01  ,0,0,0,0,0,0,0,0,0,89000,0,0,0,89000,0,89000,89000
062726,華擎凱基9B購02  ,0,0,0,0,0,0,0,0,0,89000,0,0,0,197000,108000,89000,89000
062747,立積永豐9B購01  ,0,0,0,0,0,0,0,0,0,89000,0,0,0,221000,132000,89000,89000
062636,聯鈞國票9B購01  ,0,0,0,0,0,0,0,0,0,89000,0,0,0,99000,10000,89000,89000
062504,旭富群益9B購02  ,0,0,0,0,0,0,0,0,0,89000,0,0,0,200000,111000,89000,89000
060228,亞德客元大9A購01,0,0,0,0,0,0,0,0,0,89000,0,0,0,89000,0,89000,89000
061197,矽創永豐9A購02  ,0,0,0,0,0,0,0,0,0,89000,0,0,0,247000,158000,89000,89000
061997,台郡元大9B購03  ,0,0,0,0,0,0,0,0,0,89000,0,0,0,127000,38000,89000,89000
061962,台積電統一01購03,0,0,0,0,0,0,0,0,0,89000,0,0,0,100000,11000,89000,89000
064432,台積電凱基9C購04,0,0,0,0,0,0,0,0,0,89000,0,0,0,89000,0,89000,89000
063273,緯穎兆豐9C購01  ,0,0,0,0,0,0,0,0,0,89000,0,0,0,89000,0,89000,89000
08345P,大立光元大9C售14,0,0,0,0,0,0,0,0,0,88000,0,0,0,98000,10000,88000,88000
07996P,亞德客凱基9B售03,0,0,0,0,0,0,0,0,0,88000,0,0,0,140000,52000,88000,88000
065517,緯創群益9C購02  ,0,0,0,0,0,0,0,0,0,88000,0,0,0,150000,62000,88000,88000
065665,鴻海凱基9C購04  ,0,0,0,0,0,0,0,0,0,88000,0,0,0,280000,192000,88000,88000
056506,晶豪科永豐98購02,0,0,0,0,0,0,0,0,0,88000,0,0,0,114000,26000,88000,88000
057669,嘉晶元大99購03  ,0,0,0,0,0,0,0,0,0,88000,0,0,0,110000,22000,88000,88000
057203,麗豐元富98購02  ,0,0,0,0,0,0,0,0,0,88000,0,0,0,100000,12000,88000,88000
00700,富邦恒生國企    ,0,0,0,0,0,0,0,0,0,88000,0,0,0,120000,32000,88000,88000
063425,台勝科凱基9B購02,0,0,0,0,0,0,0,0,0,88000,0,0,0,120000,32000,88000,88000
063206,貿聯統一9C購02  ,0,0,0,0,0,0,0,0,0,88000,0,0,0,88000,0,88000,88000
063819,致新群益9C購01  ,0,0,0,0,0,0,0,0,0,88000,0,0,0,98000,10000,88000,88000
063807,超眾兆豐01購01  ,0,0,0,0,0,0,0,0,0,88000,0,0,0,100000,12000,88000,88000
064376,美律元富9C購01  ,0,0,0,0,0,0,0,0,0,88000,0,0,0,271000,183000,88000,88000
066075,景碩凱基02購01  ,0,0,0,0,0,0,0,0,0,87000,0,0,0,194000,107000,87000,87000
065908,聯發科永豐9C購04,0,0,0,0,0,0,0,0,0,87000,0,0,0,135000,48000,87000,87000
066127,劍麟群益03購01  ,0,0,0,0,0,0,0,0,0,87000,0,0,0,88000,1000,87000,87000
020000,富邦特選蘋果N   ,0,0,0,0,0,0,0,0,0,87000,0,0,0,108000,21000,87000,87000
054742,京鼎凱基99購01  ,0,0,0,0,0,0,0,0,0,87000,0,0,0,164000,77000,87000,87000
061985,富邦金元大9B購01,0,0,0,0,0,0,0,0,0,87000,0,0,0,127000,40000,87000,87000
062051,上銀統一9C購02  ,0,0,0,0,0,0,0,0,0,87000,0,0,0,87000,0,87000,87000
058600,國巨元大99購15  ,0,0,0,0,0,0,0,0,0,87000,0,0,0,110000,23000,87000,87000
061945,華通群益9B購04  ,0,0,0,0,0,0,0,0,0,87000,0,0,0,87000,0,87000,87000
061187,瀚宇博國泰9C購01,0,0,0,0,0,0,0,0,0,87000,0,0,0,89000,2000,87000,87000
060191,亞光元富9A購02  ,0,0,0,0,0,0,0,0,0,87000,0,0,0,89000,2000,87000,87000
062419,台積電統一9B購15,0,0,0,0,0,0,0,0,0,87000,0,0,0,117000,30000,87000,87000
064389,台泥永豐9C購01  ,0,0,0,0,0,0,0,0,0,87000,0,0,0,155000,68000,87000,87000
063605,健策凱基9C購02  ,0,0,0,0,0,0,0,0,0,87000,0,0,0,160000,73000,87000,87000
066189,和潤凱基01購01  ,0,0,0,0,0,0,0,0,0,86000,0,0,0,211000,125000,86000,86000
066286,瑞祺元大01購01  ,0,0,0,0,0,0,0,0,0,86000,0,0,0,126000,40000,86000,86000
066056,聯鈞元大01購02  ,0,0,0,0,0,0,0,0,0,86000,0,0,0,86000,0,86000,86000
065702,聯發科群益9C購14,0,0,0,0,0,0,0,0,0,86000,0,0,0,86000,0,86000,86000
065613,GIS元大9C購08   ,0,0,0,0,0,0,0,0,0,86000,0,0,0,101000,15000,86000,86000
057929,上銀群益98購02  ,0,0,0,0,0,0,0,0,0,86000,0,0,0,98000,12000,86000,86000
059841,國巨富邦9C購01  ,0,0,0,0,0,0,0,0,0,86000,0,0,0,110000,24000,86000,86000
060411,達新永豐9A購01  ,0,0,0,0,0,0,0,0,0,86000,0,0,0,87000,1000,86000,86000
060990,新光金元大9B購03,0,0,0,0,0,0,0,0,0,86000,0,0,0,150000,64000,86000,86000
063693,智易永豐9B購02  ,0,0,0,0,0,0,0,0,0,86000,0,0,0,110000,24000,86000,86000
062907,可成元大9C購03  ,0,0,0,0,0,0,0,0,0,86000,0,0,0,145000,59000,86000,86000
064438,大立光凱基01購03,0,0,0,0,0,0,0,0,0,86000,0,0,0,228000,142000,86000,86000
064519,聯詠群益9C購01  ,0,0,0,0,0,0,0,0,0,86000,0,0,0,107000,21000,86000,86000
4144,康聯-KY         ,98000,13000,85000,0,0,0,0,0,0,1000,1000,0,1000,0,0,0,86000
2704,國賓            ,135000,49000,86000,0,0,0,0,0,0,0,0,0,0,0,0,0,86000
1710,東聯            ,198000,112000,86000,0,0,0,0,0,0,0,0,0,0,0,0,0,86000
066142,超眾群益01購03  ,0,0,0,0,0,0,0,0,0,85000,0,0,0,101000,16000,85000,85000
066210,瑞祺統一02購01  ,0,0,0,0,0,0,0,0,0,85000,0,0,0,151000,66000,85000,85000
066485,台光電元富01購01,0,0,0,0,0,0,0,0,0,85000,0,0,0,94000,9000,85000,85000
058315,TPK富邦9C購01   ,0,0,0,0,0,0,0,0,0,85000,0,0,0,138000,53000,85000,85000
020002,元富新中國N     ,0,0,0,0,0,0,0,0,0,85000,0,0,0,85000,0,85000,85000
061537,SP黃豆群益9A購02,0,0,0,0,0,0,0,0,0,85000,0,0,0,85000,0,85000,85000
061523,SP黃豆凱基9B購01,0,0,0,0,0,0,0,0,0,85000,0,0,0,85000,0,85000,85000
060456,正隆元大9A購01  ,0,0,0,0,0,0,0,0,0,85000,0,0,0,100000,15000,85000,85000
059869,友達凱基99購07  ,0,0,0,0,0,0,0,0,0,85000,0,0,0,85000,0,85000,85000
059629,友達凱基99購06  ,0,0,0,0,0,0,0,0,0,85000,0,0,0,85000,0,85000,85000
062448,健策元大9C購04  ,0,0,0,0,0,0,0,0,0,85000,0,0,0,171000,86000,85000,85000
062644,中環國泰9C購01  ,0,0,0,0,0,0,0,0,0,85000,0,0,0,180000,95000,85000,85000
065347,聯發科統一9C購15,0,0,0,0,0,0,0,0,0,85000,0,0,0,111000,26000,85000,85000
065244,聯發科兆豐9C購05,0,0,0,0,0,0,0,0,0,85000,0,0,0,85000,0,85000,85000
065404,玉晶光國泰02購03,0,0,0,0,0,0,0,0,0,85000,0,0,0,487000,402000,85000,85000
063765,上銀元富9B購09  ,0,0,0,0,0,0,0,0,0,85000,0,0,0,85000,0,85000,85000
064009,超眾凱基01購01  ,0,0,0,0,0,0,0,0,0,85000,0,0,0,93000,8000,85000,85000
06666P,台積電日盛9A售02,0,0,0,0,0,0,0,0,0,84000,0,0,0,144000,60000,84000,84000
055816,新日興國票98購01,0,0,0,0,0,0,0,0,0,84000,0,0,0,97000,13000,84000,84000
046629,群創統一98購01  ,0,0,0,0,0,0,0,0,0,84000,0,0,0,118000,34000,84000,84000
057060,緯穎元大98購05  ,0,0,0,0,0,0,0,0,0,84000,0,0,0,409000,325000,84000,84000
057789,上銀統一9A購01  ,0,0,0,0,0,0,0,0,0,84000,0,0,0,84000,0,84000,84000
057571,泰碩永豐98購01  ,0,0,0,0,0,0,0,0,0,84000,0,0,0,129000,45000,84000,84000
057530,奇鋐元大99購01  ,0,0,0,0,0,0,0,0,0,84000,0,0,0,104000,20000,84000,84000
062787,超眾元大9C購02  ,0,0,0,0,0,0,0,0,0,84000,0,0,0,178000,94000,84000,84000
062433,上銀元大9B購05  ,0,0,0,0,0,0,0,0,0,84000,0,0,0,115000,31000,84000,84000
060116,世紀鋼元大99購07,0,0,0,0,0,0,0,0,0,84000,0,0,0,84000,0,84000,84000
063950,信邦元大9C購01  ,0,0,0,0,0,0,0,0,0,84000,0,0,0,96000,12000,84000,84000
063592,瑞祺永豐9B購02  ,0,0,0,0,0,0,0,0,0,84000,0,0,0,99000,15000,84000,84000
063584,南六國泰01購01  ,0,0,0,0,0,0,0,0,0,84000,0,0,0,93000,9000,84000,84000
062955,立積永豐9B購02  ,0,0,0,0,0,0,0,0,0,84000,0,0,0,84000,0,84000,84000
063424,新日興凱基01購01,0,0,0,0,0,0,0,0,0,84000,0,0,0,104000,20000,84000,84000
063259,廣達富邦9C購01  ,0,0,0,0,0,0,0,0,0,84000,0,0,0,395000,311000,84000,84000
064902,健策群益01購03  ,0,0,0,0,0,0,0,0,0,84000,0,0,0,266000,182000,84000,84000
064410,超眾凱基02購01  ,0,0,0,0,0,0,0,0,0,84000,0,0,0,144000,60000,84000,84000
064850,智原元富9C購01  ,0,0,0,0,0,0,0,0,0,84000,0,0,0,93000,9000,84000,84000
064782,健策群益9C購02  ,0,0,0,0,0,0,0,0,0,84000,0,0,0,245000,161000,84000,84000
065683,嘉聯益統一03購01,0,0,0,0,0,0,0,0,0,83000,0,0,0,133000,50000,83000,83000
065732,健策凱基9C購04  ,0,0,0,0,0,0,0,0,0,83000,0,0,0,195000,112000,83000,83000
057993,中環中信98購01  ,0,0,0,0,0,0,0,0,0,83000,0,0,0,83000,0,83000,83000
056331,聯鈞國票99購01  ,0,0,0,0,0,0,0,0,0,83000,0,0,0,93000,10000,83000,83000
062483,致新國票9B購01  ,0,0,0,0,0,0,0,0,0,83000,0,0,0,166000,83000,83000,83000
061181,牧德凱基9A購01  ,0,0,0,0,0,0,0,0,0,83000,0,0,0,88000,5000,83000,83000
062011,上銀富邦9C購01  ,0,0,0,0,0,0,0,0,0,83000,0,0,0,95000,12000,83000,83000
064790,金像電國票01購01,0,0,0,0,0,0,0,0,0,83000,0,0,0,83000,0,83000,83000
064476,金像電國泰02購01,0,0,0,0,0,0,0,0,0,83000,0,0,0,178000,95000,83000,83000
063741,GIS元大9B購04   ,0,0,0,0,0,0,0,0,0,83000,0,0,0,83000,0,83000,83000
063933,TPK統一01購01   ,0,0,0,0,0,0,0,0,0,83000,0,0,0,164000,81000,83000,83000
5515,建國            ,97997,15000,82997,0,0,0,0,0,0,0,0,0,0,0,0,0,82997
4104,佳醫            ,134000,49553,84447,0,0,0,0,0,0,-2000,1000,0,1000,0,3000,-3000,82447
065676,臻鼎凱基9C購04  ,0,0,0,0,0,0,0,0,0,82000,0,0,0,136000,54000,82000,82000
065706,奇鋐群益9C購02  ,0,0,0,0,0,0,0,0,0,82000,0,0,0,125000,43000,82000,82000
061649,緯穎元大9A購06  ,0,0,0,0,0,0,0,0,0,82000,0,0,0,82000,0,82000,82000
062266,世紀鋼元大9B購02,0,0,0,0,0,0,0,0,0,82000,0,0,0,150000,68000,82000,82000
060238,強茂元大9C購01  ,0,0,0,0,0,0,0,0,0,82000,0,0,0,98000,16000,82000,82000
063399,智原群益9B購01  ,0,0,0,0,0,0,0,0,0,82000,0,0,0,103000,21000,82000,82000
064520,京鼎群益02購01  ,0,0,0,0,0,0,0,0,0,82000,0,0,0,277000,195000,82000,82000
064533,技嘉國票01購01  ,0,0,0,0,0,0,0,0,0,82000,0,0,0,136000,54000,82000,82000
064359,華通統一9C購05  ,0,0,0,0,0,0,0,0,0,82000,0,0,0,168000,86000,82000,82000
064706,嘉晶富邦01購01  ,0,0,0,0,0,0,0,0,0,82000,0,0,0,85000,3000,82000,82000
065473,鴻海元大9C購14  ,0,0,0,0,0,0,0,0,0,82000,0,0,0,139000,57000,82000,82000
065262,義隆元大9C購06  ,0,0,0,0,0,0,0,0,0,82000,0,0,0,143000,61000,82000,82000
1517,利奇            ,126000,46000,80000,0,0,0,0,0,0,2000,2000,0,2000,0,0,0,82000
065679,聯發科統一03購01,0,0,0,0,0,0,0,0,0,81000,0,0,0,188000,107000,81000,81000
066423,智原元大01購02  ,0,0,0,0,0,0,0,0,0,81000,0,0,0,119000,38000,81000,81000
060900,超眾凱基9B購01  ,0,0,0,0,0,0,0,0,0,81000,0,0,0,161000,80000,81000,81000
057691,健策凱基99購01  ,0,0,0,0,0,0,0,0,0,81000,0,0,0,124000,43000,81000,81000
057393,台積電中信02購01,0,0,0,0,0,0,0,0,0,81000,0,0,0,428000,347000,81000,81000
056268,新日興統一97購01,0,0,0,0,0,0,0,0,0,81000,0,0,0,230000,149000,81000,81000
055380,智易元大98購02  ,0,0,0,0,0,0,0,0,0,81000,0,0,0,81000,0,81000,81000
055092,開發金群益9B購01,0,0,0,0,0,0,0,0,0,81000,0,0,0,81000,0,81000,81000
061867,旺宏元大9B購02  ,0,0,0,0,0,0,0,0,0,81000,0,0,0,82000,1000,81000,81000
058553,合勤控永豐99購01,0,0,0,0,0,0,0,0,0,81000,0,0,0,225000,144000,81000,81000
065313,聯茂國票01購01  ,0,0,0,0,0,0,0,0,0,81000,0,0,0,128000,47000,81000,81000
064358,台達電統一01購02,0,0,0,0,0,0,0,0,0,81000,0,0,0,270000,189000,81000,81000
063492,台積電富邦02購02,0,0,0,0,0,0,0,0,0,81000,0,0,0,134000,53000,81000,81000
9939,宏全            ,162000,166000,-4000,0,0,0,0,0,0,85000,18000,0,18000,67000,0,67000,81000
066157,晶碩康和01購01  ,0,0,0,0,0,0,0,0,0,80000,0,0,0,80000,0,80000,80000
066491,麗豐元富01購01  ,0,0,0,0,0,0,0,0,0,80000,0,0,0,80000,0,80000,80000
065661,智原永豐9C購01  ,0,0,0,0,0,0,0,0,0,80000,0,0,0,100000,20000,80000,80000
065500,健鼎富邦01購01  ,0,0,0,0,0,0,0,0,0,80000,0,0,0,80000,0,80000,80000
066049,奇鋐元大02購01  ,0,0,0,0,0,0,0,0,0,80000,0,0,0,235000,155000,80000,80000
06934P,聯鈞元大98售03  ,0,0,0,0,0,0,0,0,0,80000,0,0,0,80000,0,80000,80000
07303P,臺股指元大9A售36,0,0,0,0,0,0,0,0,0,80000,0,0,0,200000,120000,80000,80000
08252P,台積電國票9C售06,0,0,0,0,0,0,0,0,0,80000,0,0,0,80000,0,80000,80000
055417,健策富邦98購02  ,0,0,0,0,0,0,0,0,0,80000,0,0,0,82000,2000,80000,80000
054751,GIS凱基98購01   ,0,0,0,0,0,0,0,0,0,80000,0,0,0,90000,10000,80000,80000
058377,茂林凱基9A購03  ,0,0,0,0,0,0,0,0,0,80000,0,0,0,80000,0,80000,80000
057675,同欣電元大98購02,0,0,0,0,0,0,0,0,0,80000,0,0,0,178000,98000,80000,80000
060016,廣達康和99購01  ,0,0,0,0,0,0,0,0,0,80000,0,0,0,94000,14000,80000,80000
059819,台積電凱基99購17,0,0,0,0,0,0,0,0,0,80000,0,0,0,80000,0,80000,80000
062608,智易凱基9B購01  ,0,0,0,0,0,0,0,0,0,80000,0,0,0,180000,100000,80000,80000
062594,祥碩統一01購02  ,0,0,0,0,0,0,0,0,0,80000,0,0,0,80000,0,80000,80000
061891,力山永豐9B購01  ,0,0,0,0,0,0,0,0,0,80000,0,0,0,130000,50000,80000,80000
061929,嘉澤凱基9B購01  ,0,0,0,0,0,0,0,0,0,80000,0,0,0,94000,14000,80000,80000
061977,國巨元大9B購02  ,0,0,0,0,0,0,0,0,0,80000,0,0,0,86000,6000,80000,80000
059395,T50反1元富99購03,0,0,0,0,0,0,0,0,0,80000,0,0,0,100000,20000,80000,80000
062319,南六凱基9B購02  ,0,0,0,0,0,0,0,0,0,80000,0,0,0,83000,3000,80000,80000
060240,富邦金元大9A購01,0,0,0,0,0,0,0,0,0,80000,0,0,0,102000,22000,80000,80000
061177,大立光凱基9A購10,0,0,0,0,0,0,0,0,0,80000,0,0,0,80000,0,80000,80000
061167,臻鼎兆豐9B購01  ,0,0,0,0,0,0,0,0,0,80000,0,0,0,80000,0,80000,80000
060632,可成富邦9B購01  ,0,0,0,0,0,0,0,0,0,80000,0,0,0,135000,55000,80000,80000
059261,華邦電中信01購01,0,0,0,0,0,0,0,0,0,80000,0,0,0,100000,20000,80000,80000
063082,瑞昱凱基9B購04  ,0,0,0,0,0,0,0,0,0,80000,0,0,0,114000,34000,80000,80000
063977,義隆兆豐9C購01  ,0,0,0,0,0,0,0,0,0,80000,0,0,0,80000,0,80000,80000
064100,義隆群益9C購01  ,0,0,0,0,0,0,0,0,0,80000,0,0,0,100000,20000,80000,80000
064280,大立光元大9C購11,0,0,0,0,0,0,0,0,0,80000,0,0,0,110000,30000,80000,80000
064250,亞光元富9C購01  ,0,0,0,0,0,0,0,0,0,80000,0,0,0,355000,275000,80000,80000
064592,同欣電永豐9C購01,0,0,0,0,0,0,0,0,0,80000,0,0,0,80000,0,80000,80000
06532P,友達元富98售04  ,0,0,0,0,0,0,0,0,0,80000,0,0,0,114000,34000,80000,80000
064947,台積電凱基01購08,0,0,0,0,0,0,0,0,0,80000,0,0,0,82000,2000,80000,80000
065019,華邦電富邦9C購01,0,0,0,0,0,0,0,0,0,80000,0,0,0,80000,0,80000,80000
08573P,台積電凱基9C售06,0,0,0,0,0,0,0,0,0,79000,0,0,0,90000,11000,79000,79000
066465,同欣電統一01購05,0,0,0,0,0,0,0,0,0,79000,0,0,0,403000,324000,79000,79000
066260,聯強元大01購02  ,0,0,0,0,0,0,0,0,0,79000,0,0,0,100000,21000,79000,79000
066389,南港凱基01購01  ,0,0,0,0,0,0,0,0,0,79000,0,0,0,135000,56000,79000,79000
057962,超眾元大99購03  ,0,0,0,0,0,0,0,0,0,79000,0,0,0,115000,36000,79000,79000
057511,健策統一98購02  ,0,0,0,0,0,0,0,0,0,79000,0,0,0,99000,20000,79000,79000
056909,嘉聯益元大99購03,0,0,0,0,0,0,0,0,0,79000,0,0,0,84000,5000,79000,79000
058010,帆宣國票98購01  ,0,0,0,0,0,0,0,0,0,79000,0,0,0,127000,48000,79000,79000
060248,日月光元大9A購01,0,0,0,0,0,0,0,0,0,79000,0,0,0,84000,5000,79000,79000
060329,鎧勝群益9B購01  ,0,0,0,0,0,0,0,0,0,79000,0,0,0,92000,13000,79000,79000
062591,新日興統一9C購01,0,0,0,0,0,0,0,0,0,79000,0,0,0,79000,0,79000,79000
062609,帆宣凱基9B購01  ,0,0,0,0,0,0,0,0,0,79000,0,0,0,82000,3000,79000,79000
062401,信邦永豐9B購01  ,0,0,0,0,0,0,0,0,0,79000,0,0,0,83000,4000,79000,79000
060157,致茂永豐9A購02  ,0,0,0,0,0,0,0,0,0,79000,0,0,0,126000,47000,79000,79000
064978,群創元大9C購07  ,0,0,0,0,0,0,0,0,0,79000,0,0,0,221000,142000,79000,79000
065108,建準國票01購01  ,0,0,0,0,0,0,0,0,0,79000,0,0,0,79000,0,79000,79000
065104,南茂元大9C購02  ,0,0,0,0,0,0,0,0,0,79000,0,0,0,79000,0,79000,79000
063603,友達凱基9B購05  ,0,0,0,0,0,0,0,0,0,79000,0,0,0,79000,0,79000,79000
063714,超眾凱基9B購03  ,0,0,0,0,0,0,0,0,0,79000,0,0,0,79000,0,79000,79000
063397,廣達群益9B購02  ,0,0,0,0,0,0,0,0,0,79000,0,0,0,353000,274000,79000,79000
066534,華通台新01購02  ,0,0,0,0,0,0,0,0,0,78000,0,0,0,84000,6000,78000,78000
066010,凌華統一04購01  ,0,0,0,0,0,0,0,0,0,78000,0,0,0,80000,2000,78000,78000
07546P,玉晶光凱基9A售09,0,0,0,0,0,0,0,0,0,78000,0,0,0,81000,3000,78000,78000
057163,上銀元大98購04  ,0,0,0,0,0,0,0,0,0,78000,0,0,0,178000,100000,78000,78000
055815,亞光國票99購01  ,0,0,0,0,0,0,0,0,0,78000,0,0,0,193000,115000,78000,78000
056265,國泰金統一97購01,0,0,0,0,0,0,0,0,0,78000,0,0,0,78000,0,78000,78000
051971,元金2X凱基97購02,0,0,0,0,0,0,0,0,0,78000,0,0,0,78000,0,78000,78000
057721,華擎元富98購02  ,0,0,0,0,0,0,0,0,0,78000,0,0,0,90000,12000,78000,78000
057391,樺漢永豐98購01  ,0,0,0,0,0,0,0,0,0,78000,0,0,0,188000,110000,78000,78000
060018,國產康和99購01  ,0,0,0,0,0,0,0,0,0,78000,0,0,0,78000,0,78000,78000
058526,鈺齊元大99購02  ,0,0,0,0,0,0,0,0,0,78000,0,0,0,78000,0,78000,78000
061768,晶技元大9B購02  ,0,0,0,0,0,0,0,0,0,78000,0,0,0,147000,69000,78000,78000
062958,長榮航麥證9B購01,0,0,0,78000,0,78000,0,0,0,78000,0,0,0,78000,0,78000,78000
063559,力山元大9B購04  ,0,0,0,0,0,0,0,0,0,78000,0,0,0,278000,200000,78000,78000
064204,瑞儀兆豐01購01  ,0,0,0,0,0,0,0,0,0,78000,0,0,0,154000,76000,78000,78000
065465,麗豐中信9C購01  ,0,0,0,0,0,0,0,0,0,78000,0,0,0,78000,0,78000,78000
064833,新光金統一02購01,0,0,0,0,0,0,0,0,0,78000,0,0,0,233000,155000,78000,78000
2405,浩鑫            ,116000,38000,78000,0,0,0,0,0,0,0,0,0,0,0,0,0,78000
057887,智原群益98購04  ,0,0,0,0,0,0,0,0,0,77000,0,0,0,87000,10000,77000,77000
061847,力山國票9B購01  ,0,0,0,0,0,0,0,0,0,77000,0,0,0,103000,26000,77000,77000
059351,台虹凱基99購01  ,0,0,0,0,0,0,0,0,0,77000,0,0,0,252000,175000,77000,77000
060699,華新科國泰9B購03,0,0,0,0,0,0,0,0,0,77000,0,0,0,253000,176000,77000,77000
060457,中橡元大9A購02  ,0,0,0,0,0,0,0,0,0,77000,0,0,0,157000,80000,77000,77000
064078,台積電中信06購04,0,0,0,0,0,0,0,0,0,77000,0,0,0,120000,43000,77000,77000
063670,美食統一9C購01  ,0,0,0,0,0,0,0,0,0,77000,0,0,0,77000,0,77000,77000
063129,祥碩元大9C購03  ,0,0,0,0,0,0,0,0,0,77000,0,0,0,103000,26000,77000,77000
063539,世紀鋼統一9B購02,0,0,0,0,0,0,0,0,0,77000,0,0,0,198000,121000,77000,77000
2013,中鋼構          ,107000,30000,77000,0,0,0,0,0,0,0,0,0,0,0,0,0,77000
08560P,茂林國票01售01  ,0,0,0,0,0,0,0,0,0,76000,0,0,0,166000,90000,76000,76000
066054,創意元大01購02  ,0,0,0,0,0,0,0,0,0,76000,0,0,0,318000,242000,76000,76000
065951,聯發科統一01購08,0,0,0,0,0,0,0,0,0,76000,0,0,0,370000,294000,76000,76000
065813,華擎統一03購01  ,0,0,0,0,0,0,0,0,0,76000,0,0,0,273000,197000,76000,76000
066162,泰豐凱基01購01  ,0,0,0,0,0,0,0,0,0,76000,0,0,0,132000,56000,76000,76000
058368,奇鋐凱基9A購01  ,0,0,0,0,0,0,0,0,0,76000,0,0,0,104000,28000,76000,76000
056583,昇陽半元大98購02,0,0,0,0,0,0,0,0,0,76000,0,0,0,144000,68000,76000,76000
048505,滬深2X群益99購03,0,0,0,0,0,0,0,0,0,76000,0,0,0,148000,72000,76000,76000
055323,貿聯國票98購01  ,0,0,0,0,0,0,0,0,0,76000,0,0,0,77000,1000,76000,76000
060493,美律元富01購01  ,0,0,0,0,0,0,0,0,0,76000,0,0,0,266000,190000,76000,76000
063225,茂林群益9B購04  ,0,0,0,0,0,0,0,0,0,76000,0,0,0,91000,15000,76000,76000
063739,台勝科元大9B購03,0,0,0,0,0,0,0,0,0,76000,0,0,0,392000,316000,76000,76000
065097,貿聯元大9C購04  ,0,0,0,0,0,0,0,0,0,76000,0,0,0,128000,52000,76000,76000
064874,和大兆豐9C購01  ,0,0,0,0,0,0,0,0,0,76000,0,0,0,76000,0,76000,76000
1592,英瑞-KY         ,313000,237000,76000,0,0,0,0,0,0,0,0,0,0,0,0,0,76000
066544,鴻海元大01購08  ,0,0,0,0,0,0,0,0,0,75000,0,0,0,101000,26000,75000,75000
06690P,玉晶光群益9A售05,0,0,0,0,0,0,0,0,0,75000,0,0,0,181000,106000,75000,75000
07751P,世紀鋼凱基9A售02,0,0,0,0,0,0,0,0,0,75000,0,0,0,105000,30000,75000,75000
054935,華通元大98購03  ,0,0,0,0,0,0,0,0,0,75000,0,0,0,196000,121000,75000,75000
054819,裕民元大9A購01  ,0,0,0,0,0,0,0,0,0,75000,0,0,0,80000,5000,75000,75000
055657,超眾元富97購02  ,0,0,0,0,0,0,0,0,0,75000,0,0,0,75000,0,75000,75000
052994,群創台新99購01  ,0,0,0,0,0,0,0,0,0,75000,0,0,0,75000,0,75000,75000
061349,嘉澤元大9A購02  ,0,0,0,0,0,0,0,0,0,75000,0,0,0,112000,37000,75000,75000
058803,世紀鋼元大99購03,0,0,0,0,0,0,0,0,0,75000,0,0,0,224000,149000,75000,75000
059851,晶相光永豐99購02,0,0,0,0,0,0,0,0,0,75000,0,0,0,143000,68000,75000,75000
062293,麗豐永豐9B購01  ,0,0,0,0,0,0,0,0,0,75000,0,0,0,75000,0,75000,75000
062133,大成鋼群益9B購01,0,0,0,0,0,0,0,0,0,75000,0,0,0,200000,125000,75000,75000
064565,高鐵群益01購01  ,0,0,0,0,0,0,0,0,0,75000,0,0,0,77000,2000,75000,75000
064360,台積電統一9C購12,0,0,0,0,0,0,0,0,0,75000,0,0,0,175000,100000,75000,75000
064504,玉晶光元大01購02,0,0,0,0,0,0,0,0,0,75000,0,0,0,77000,2000,75000,75000
064450,致茂統一01購01  ,0,0,0,0,0,0,0,0,0,75000,0,0,0,185000,110000,75000,75000
063085,嘉澤凱基9C購01  ,0,0,0,0,0,0,0,0,0,75000,0,0,0,107000,32000,75000,75000
9917,中保科          ,79000,13000,66000,0,0,0,0,1000,-1000,10000,10000,0,10000,0,0,0,75000
065800,技嘉群益9C購01  ,0,0,0,0,0,0,0,0,0,74000,0,0,0,175000,101000,74000,74000
065790,創意永豐9C購02  ,0,0,0,0,0,0,0,0,0,74000,0,0,0,74000,0,74000,74000
061342,華新科元大9A購17,0,0,0,0,0,0,0,0,0,74000,0,0,0,74000,0,74000,74000
061702,奇鋐國票9A購02  ,0,0,0,0,0,0,0,0,0,74000,0,0,0,89000,15000,74000,74000
056646,奇鋐凱基99購02  ,0,0,0,0,0,0,0,0,0,74000,0,0,0,85000,11000,74000,74000
057556,智易凱基99購01  ,0,0,0,0,0,0,0,0,0,74000,0,0,0,84000,10000,74000,74000
057963,緯穎元大98購08  ,0,0,0,0,0,0,0,0,0,74000,0,0,0,112000,38000,74000,74000
058972,新日興永豐9A購01,0,0,0,0,0,0,0,0,0,74000,0,0,0,95000,21000,74000,74000
060764,華擎元大9A購03  ,0,0,0,0,0,0,0,0,0,74000,0,0,0,78000,4000,74000,74000
062437,廣達元大9B購01  ,0,0,0,0,0,0,0,0,0,74000,0,0,0,162000,88000,74000,74000
062947,國巨富邦01購01  ,0,0,0,0,0,0,0,0,0,74000,0,0,0,108000,34000,74000,74000
062921,GIS元大9B購01   ,0,0,0,0,0,0,0,0,0,74000,0,0,0,74000,0,74000,74000
063477,訊芯元大9B購01  ,0,0,0,0,0,0,0,0,0,74000,0,0,0,144000,70000,74000,74000
063619,聯發科兆豐01購01,0,0,0,0,0,0,0,0,0,74000,0,0,0,92000,18000,74000,74000
064059,新日興麥證01購01,0,0,0,74000,0,74000,0,0,0,74000,0,0,0,74000,0,74000,74000
065715,勤誠群益9C購01  ,0,0,0,0,0,0,0,0,0,73000,0,0,0,483000,410000,73000,73000
1217,愛之味          ,211000,138000,73000,0,0,0,0,0,0,0,0,0,0,0,0,0,73000
057959,欣興元大98購14  ,0,0,0,0,0,0,0,0,0,73000,0,0,0,146000,73000,73000,73000
056408,奇鋐國票99購01  ,0,0,0,0,0,0,0,0,0,73000,0,0,0,73000,0,73000,73000
056998,麗豐康和98購01  ,0,0,0,0,0,0,0,0,0,73000,0,0,0,73000,0,73000,73000
053298,SP黃豆凱基99購01,0,0,0,0,0,0,0,0,0,73000,0,0,0,100000,27000,73000,73000
051887,上証2X元富98購01,0,0,0,0,0,0,0,0,0,73000,0,0,0,87000,14000,73000,73000
054514,道瓊銀元大98購01,0,0,0,0,0,0,0,0,0,73000,0,0,0,73000,0,73000,73000
058173,台積電凱基99購04,0,0,0,0,0,0,0,0,0,73000,0,0,0,73000,0,73000,73000
062438,台光電元大9B購04,0,0,0,0,0,0,0,0,0,73000,0,0,0,182000,109000,73000,73000
061567,華通元大9A購11  ,0,0,0,0,0,0,0,0,0,73000,0,0,0,89000,16000,73000,73000
059425,SGBR2X元大9A購02,0,0,0,0,0,0,0,0,0,73000,0,0,0,93000,20000,73000,73000
063801,GIS凱基01購01   ,0,0,0,0,0,0,0,0,0,73000,0,0,0,85000,12000,73000,73000
064412,緯穎凱基01購01  ,0,0,0,0,0,0,0,0,0,73000,0,0,0,88000,15000,73000,73000
065034,玉晶光統一01購11,0,0,0,0,0,0,0,0,0,73000,0,0,0,73000,0,73000,73000
8215,明基材          ,446000,373000,73000,0,0,0,0,0,0,0,0,0,0,0,0,0,73000
5258,虹堡            ,110000,37000,73000,0,0,0,0,0,0,0,0,0,0,0,0,0,73000
065806,貿聯群益9C購05  ,0,0,0,0,0,0,0,0,0,72000,0,0,0,72000,0,72000,72000
066340,敦泰永豐01購01  ,0,0,0,0,0,0,0,0,0,72000,0,0,0,74000,2000,72000,72000
055024,興勤國泰98購01  ,0,0,0,0,0,0,0,0,0,72000,0,0,0,205000,133000,72000,72000
062138,力成群益9B購01  ,0,0,0,0,0,0,0,0,0,72000,0,0,0,96000,24000,72000,72000
060745,京元電國票9A購01,0,0,0,0,0,0,0,0,0,72000,0,0,0,363000,291000,72000,72000
062805,台勝科統一9C購01,0,0,0,0,0,0,0,0,0,72000,0,0,0,72000,0,72000,72000
060048,元金2X凱基99購03,0,0,0,0,0,0,0,0,0,72000,0,0,0,72000,0,72000,72000
065184,和大統一02購04  ,0,0,0,0,0,0,0,0,0,72000,0,0,0,72000,0,72000,72000
063890,正隆群益9C購01  ,0,0,0,0,0,0,0,0,0,72000,0,0,0,90000,18000,72000,72000
065491,華新科國泰02購01,0,0,0,0,0,0,0,0,0,71000,0,0,0,71000,0,71000,71000
08395P,燿華永豐9C售02  ,0,0,0,0,0,0,0,0,0,71000,0,0,0,71000,0,71000,71000
00631L,元大台灣50正2   ,39000,81000,-42000,0,0,0,0,0,0,113000,0,0,0,1869000,1756000,113000,71000
057776,京元電群益98購02,0,0,0,0,0,0,0,0,0,71000,0,0,0,109000,38000,71000,71000
062371,健策元大9B購08  ,0,0,0,0,0,0,0,0,0,71000,0,0,0,111000,40000,71000,71000
060847,康控國票9A購01  ,0,0,0,0,0,0,0,0,0,71000,0,0,0,119000,48000,71000,71000
062087,瑞祺元大9B購02  ,0,0,0,0,0,0,0,0,0,71000,0,0,0,76000,5000,71000,71000
063710,光寶科凱基9C購01,0,0,0,0,0,0,0,0,0,71000,0,0,0,71000,0,71000,71000
062927,同欣電國票9B購02,0,0,0,0,0,0,0,0,0,71000,0,0,0,71000,0,71000,71000
063191,台表科凱基9B購03,0,0,0,0,0,0,0,0,0,71000,0,0,0,319000,248000,71000,71000
064604,聯茂元富9C購01  ,0,0,0,0,0,0,0,0,0,71000,0,0,0,71000,0,71000,71000
07875P,祥碩群益9B售01  ,0,0,0,0,0,0,0,0,0,70000,0,0,0,100000,30000,70000,70000
057389,玉晶光永豐98購06,0,0,0,0,0,0,0,0,0,70000,0,0,0,420000,350000,70000,70000
058421,國泰金麥證01購01,0,0,0,70000,0,70000,0,0,0,70000,0,0,0,70000,0,70000,70000
056592,台積電元富98購01,0,0,0,0,0,0,0,0,0,70000,0,0,0,70000,0,70000,70000
057462,光磊永豐98購02  ,0,0,0,0,0,0,0,0,0,70000,0,0,0,70000,0,70000,70000
061718,GIS凱基9B購01   ,0,0,0,0,0,0,0,0,0,70000,0,0,0,73000,3000,70000,70000
061348,聯鈞元大9A購05  ,0,0,0,0,0,0,0,0,0,70000,0,0,0,265000,195000,70000,70000
061645,超眾元大9A購06  ,0,0,0,0,0,0,0,0,0,70000,0,0,0,176000,106000,70000,70000
061389,華新科群益9B購01,0,0,0,0,0,0,0,0,0,70000,0,0,0,70000,0,70000,70000
052299,T50反1台新05購03,0,0,0,0,0,0,0,0,0,70000,0,0,0,70000,0,70000,70000
053414,臻鼎國票97購01  ,0,0,0,0,0,0,0,0,0,70000,0,0,0,70000,0,70000,70000
056214,義隆國票99購01  ,0,0,0,0,0,0,0,0,0,70000,0,0,0,83000,13000,70000,70000
058182,日電貿國泰9A購01,0,0,0,0,0,0,0,0,0,70000,0,0,0,70000,0,70000,70000
059359,精元永豐99購01  ,0,0,0,0,0,0,0,0,0,70000,0,0,0,80000,10000,70000,70000
061612,南六統一9A購01  ,0,0,0,0,0,0,0,0,0,70000,0,0,0,75000,5000,70000,70000
060785,國巨富邦9B購04  ,0,0,0,0,0,0,0,0,0,70000,0,0,0,150000,80000,70000,70000
062827,神基群益9B購01  ,0,0,0,0,0,0,0,0,0,70000,0,0,0,70000,0,70000,70000
062621,緯穎元大9B購05  ,0,0,0,0,0,0,0,0,0,70000,0,0,0,146000,76000,70000,70000
058577,南亞科群益99購02,0,0,0,0,0,0,0,0,0,70000,0,0,0,70000,0,70000,70000
058901,美律元大99購07  ,0,0,0,0,0,0,0,0,0,70000,0,0,0,115000,45000,70000,70000
064692,嘉晶群益9C購03  ,0,0,0,0,0,0,0,0,0,70000,0,0,0,152000,82000,70000,70000
064318,彩晶群益9C購01  ,0,0,0,0,0,0,0,0,0,70000,0,0,0,70000,0,70000,70000
064241,貿聯統一02購02  ,0,0,0,0,0,0,0,0,0,70000,0,0,0,90000,20000,70000,70000
064298,台灣50兆豐01購02,0,0,0,0,0,0,0,0,0,70000,0,0,0,72000,2000,70000,70000
065086,可成元大01購04  ,0,0,0,0,0,0,0,0,0,70000,0,0,0,70000,0,70000,70000
062889,可成群益9C購01  ,0,0,0,0,0,0,0,0,0,70000,0,0,0,72000,2000,70000,70000
062992,聯發科群益9B購09,0,0,0,0,0,0,0,0,0,70000,0,0,0,81000,11000,70000,70000
063682,達新永豐9B購01  ,0,0,0,0,0,0,0,0,0,70000,0,0,0,70000,0,70000,70000
064066,達新永豐9C購01  ,0,0,0,0,0,0,0,0,0,70000,0,0,0,70000,0,70000,70000
064014,貿聯國票01購01  ,0,0,0,0,0,0,0,0,0,70000,0,0,0,70000,0,70000,70000
07013P,玉晶光群益9A售06,0,0,0,0,0,0,0,0,0,69000,0,0,0,179000,110000,69000,69000
08161P,台表科元富9B售02,0,0,0,0,0,0,0,0,0,69000,0,0,0,135000,66000,69000,69000
066221,康友台新01購01  ,0,0,0,0,0,0,0,0,0,69000,0,0,0,98000,29000,69000,69000
056345,嘉聯益凱基99購01,0,0,0,0,0,0,0,0,0,69000,0,0,0,100000,31000,69000,69000
056271,嘉澤統一97購01  ,0,0,0,0,0,0,0,0,0,69000,0,0,0,92000,23000,69000,69000
051849,旺宏中信98購01  ,0,0,0,0,0,0,0,0,0,69000,0,0,0,752000,683000,69000,69000
060921,中橡永豐9A購02  ,0,0,0,0,0,0,0,0,0,69000,0,0,0,69000,0,69000,69000
056842,全新元富98購01  ,0,0,0,0,0,0,0,0,0,69000,0,0,0,69000,0,69000,69000
057317,技嘉凱基98購02  ,0,0,0,0,0,0,0,0,0,69000,0,0,0,82000,13000,69000,69000
057813,京元電元大98購03,0,0,0,0,0,0,0,0,0,69000,0,0,0,79000,10000,69000,69000
060487,盛群富邦9B購01  ,0,6000,-6000,0,0,0,0,0,0,75000,0,0,0,296000,221000,75000,69000
061767,信邦元大9B購01  ,0,0,0,0,0,0,0,0,0,69000,0,0,0,70000,1000,69000,69000
063014,技嘉元大9B購03  ,0,0,0,0,0,0,0,0,0,69000,0,0,0,69000,0,69000,69000
063274,鈺齊兆豐9B購01  ,0,0,0,0,0,0,0,0,0,69000,0,0,0,105000,36000,69000,69000
2472,立隆電          ,313000,244000,69000,0,0,0,0,0,0,0,0,0,0,0,0,0,69000
065859,GIS元大9C購10   ,0,0,0,0,0,0,0,0,0,68000,0,0,0,113000,45000,68000,68000
06991P,矽創群益99售01  ,0,0,0,0,0,0,0,0,0,68000,0,0,0,88000,20000,68000,68000
056849,瀚宇博元富98購01,0,0,0,0,0,0,0,0,0,68000,0,0,0,100000,32000,68000,68000
00673R,元大S&P原油反1  ,0,0,0,0,0,0,0,0,0,68000,0,0,0,150000,82000,68000,68000
058203,信邦凱基99購01  ,0,0,0,0,0,0,0,0,0,68000,0,0,0,68000,0,68000,68000
057076,緯穎永豐98購01  ,0,0,0,0,0,0,0,0,0,68000,0,0,0,68000,0,68000,68000
060374,儒鴻元富9A購01  ,0,0,0,0,0,0,0,0,0,68000,0,0,0,68000,0,68000,68000
061234,國巨元大9A購18  ,0,0,0,0,0,0,0,0,0,68000,0,0,0,101000,33000,68000,68000
062741,立積國票9B購02  ,0,0,0,0,0,0,0,0,0,68000,0,0,0,78000,10000,68000,68000
059918,華新科元大99購20,0,0,0,0,0,0,0,0,0,68000,0,0,0,68000,0,68000,68000
063244,華新科元大9B購11,0,0,0,0,0,0,0,0,0,68000,0,0,0,68000,0,68000,68000
063373,晶技永豐9B購02  ,0,0,0,0,0,0,0,0,0,68000,0,0,0,68000,0,68000,68000
063991,南六永豐9C購02  ,0,0,0,0,0,0,0,0,0,68000,0,0,0,68000,0,68000,68000
063930,高鐵統一02購02  ,0,0,0,0,0,0,0,0,0,68000,0,0,0,69000,1000,68000,68000
064074,南茂永豐9C購01  ,0,0,0,0,0,0,0,0,0,68000,0,0,0,68000,0,68000,68000
063589,美食永豐9B購02  ,0,0,0,0,0,0,0,0,0,68000,0,0,0,68000,0,68000,68000
065073,亞德客元大01購02,0,0,0,0,0,0,0,0,0,68000,0,0,0,110000,42000,68000,68000
065253,和大元大01購02  ,0,0,0,0,0,0,0,0,0,68000,0,0,0,68000,0,68000,68000
064297,台郡國票01購01  ,0,0,0,0,0,0,0,0,0,68000,0,0,0,179000,111000,68000,68000
064511,GIS元大9C購05   ,0,0,0,0,0,0,0,0,0,68000,0,0,0,218000,150000,68000,68000
6206,飛捷            ,100000,31000,69000,0,0,0,0,0,0,-1000,0,1000,-1000,0,0,0,68000
4766,南寶            ,237000,99000,138000,0,0,0,0,70000,-70000,0,0,0,0,0,0,0,68000
06744P,嘉聯益永豐98售03,0,0,0,0,0,0,0,0,0,67000,0,0,0,217000,150000,67000,67000
08017P,華新科國票9B售01,0,0,0,0,0,0,0,0,0,67000,0,0,0,76000,9000,67000,67000
057075,嘉聯益永豐98購01,0,0,0,0,0,0,0,0,0,67000,0,0,0,78000,11000,67000,67000
061711,台積電凱基9A購27,0,0,0,0,0,0,0,0,0,67000,0,0,0,67000,0,67000,67000
057606,健策統一98購03  ,0,0,0,0,0,0,0,0,0,67000,0,0,0,67000,0,67000,67000
059945,嘉澤永豐99購03  ,0,0,0,0,0,0,0,0,0,67000,0,0,0,87000,20000,67000,67000
060463,台積電元大9A購10,0,0,0,0,0,0,0,0,0,67000,0,0,0,172000,105000,67000,67000
060385,台勝科凱基9A購01,0,0,0,0,0,0,0,0,0,67000,0,0,0,298000,231000,67000,67000
058504,台積電元大99購07,0,0,0,0,0,0,0,0,0,67000,0,0,0,199000,132000,67000,67000
060880,中壽中信9C購01  ,0,0,0,0,0,0,0,0,0,67000,0,0,0,67000,0,67000,67000
060685,康友元大9A購01  ,0,0,0,0,0,0,0,0,0,67000,0,0,0,77000,10000,67000,67000
062132,神隆群益9B購01  ,0,0,0,0,0,0,0,0,0,67000,0,0,0,67000,0,67000,67000
063627,上銀元大9B購09  ,0,0,0,0,0,0,0,0,0,67000,0,0,0,67000,0,67000,67000
063736,大立光元大9B購08,0,0,0,0,0,0,0,0,0,67000,0,0,0,67000,0,67000,67000
08132P,南六元大9B售05  ,0,0,0,0,0,0,0,0,0,66000,0,0,0,124000,58000,66000,66000
056743,貿聯凱基98購04  ,0,0,0,0,0,0,0,0,0,66000,0,0,0,66000,0,66000,66000
058009,智易國票99購01  ,0,0,0,0,0,0,0,0,0,66000,0,0,0,68000,2000,66000,66000
00771,元大US高息特別股,0,0,0,0,0,0,0,0,0,66000,0,0,0,72000,6000,66000,66000
060673,旺宏元大9A購04  ,0,0,0,0,0,0,0,0,0,66000,0,0,0,66000,0,66000,66000
061245,晶技群益9A購01  ,0,0,0,0,0,0,0,0,0,66000,0,0,0,66000,0,66000,66000
058883,旭富永豐99購01  ,0,0,0,0,0,0,0,0,0,66000,0,0,0,68000,2000,66000,66000
059920,宏達電元大99購07,0,0,0,0,0,0,0,0,0,66000,0,0,0,357000,291000,66000,66000
063565,旺宏元大9B購08  ,0,0,0,0,0,0,0,0,0,66000,0,0,0,183000,117000,66000,66000
063656,台光電元富03購01,0,0,0,0,0,0,0,0,0,66000,0,0,0,155000,89000,66000,66000
063926,南亞科統一03購01,0,0,0,0,0,0,0,0,0,66000,0,0,0,200000,134000,66000,66000
063955,TPK元大9C購01   ,0,0,0,0,0,0,0,0,0,66000,0,0,0,108000,42000,66000,66000
064025,友達元大02購01  ,0,0,0,0,0,0,0,0,0,66000,0,0,0,66000,0,66000,66000
062886,中興電群益9B購01,0,0,0,0,0,0,0,0,0,66000,0,0,0,100000,34000,66000,66000
064700,致新群益9C購02  ,0,0,0,0,0,0,0,0,0,66000,0,0,0,223000,157000,66000,66000
065414,立積永豐9C購01  ,0,0,0,0,0,0,0,0,0,66000,0,0,0,137000,71000,66000,66000
065025,健策永豐9C購02  ,0,0,0,0,0,0,0,0,0,66000,0,0,0,135000,69000,66000,66000
06505P,康控國票99售02  ,0,0,0,0,0,0,0,0,0,66000,0,0,0,66000,0,66000,66000
065093,新日興元大9C購03,0,0,0,0,0,0,0,0,0,66000,0,0,0,221000,155000,66000,66000
065142,華邦電凱基01購01,0,0,0,0,0,0,0,0,0,66000,0,0,0,66000,0,66000,66000
065515,大立光群益02購01,0,0,0,0,0,0,0,0,0,65000,0,0,0,85000,20000,65000,65000
065600,友達元大9C購11  ,0,0,0,0,0,0,0,0,0,65000,0,0,0,65000,0,65000,65000
056603,嘉聯益國泰9A購01,0,0,0,0,0,0,0,0,0,65000,0,0,0,70000,5000,65000,65000
056910,超眾元大99購02  ,0,0,0,0,0,0,0,0,0,65000,0,0,0,65000,0,65000,65000
056915,上銀兆豐99購01  ,0,0,0,0,0,0,0,0,0,65000,0,0,0,65000,0,65000,65000
057552,禾伸堂凱基98購05,0,0,0,0,0,0,0,0,0,65000,0,0,0,163000,98000,65000,65000
057553,景碩凱基98購03  ,0,0,0,0,0,0,0,0,0,65000,0,0,0,107000,42000,65000,65000
057547,技嘉凱基99購01  ,0,0,0,0,0,0,0,0,0,65000,0,0,0,69000,4000,65000,65000
057624,新日興國泰99購01,0,0,0,0,0,0,0,0,0,65000,0,0,0,65000,0,65000,65000
060164,合勤控永豐9A購01,0,0,0,0,0,0,0,0,0,65000,0,0,0,104000,39000,65000,65000
058909,神達元大99購03  ,0,0,0,0,0,0,0,0,0,65000,0,0,0,65000,0,65000,65000
060470,台勝科元大9A購03,0,0,0,0,0,0,0,0,0,65000,0,0,0,99000,34000,65000,65000
062690,華擎統一9B購01  ,0,0,0,0,0,0,0,0,0,65000,0,0,0,65000,0,65000,65000
060285,聯電元大9C購01  ,0,0,0,0,0,0,0,0,0,65000,0,0,0,123000,58000,65000,65000
065381,緯穎元大9C購03  ,0,0,0,0,0,0,0,0,0,65000,0,0,0,150000,85000,65000,65000
065261,技嘉元大9C購03  ,0,0,0,0,0,0,0,0,0,65000,0,0,0,113000,48000,65000,65000
064771,貿聯中信01購01  ,0,0,0,0,0,0,0,0,0,65000,0,0,0,65000,0,65000,65000
064242,TPK統一02購01   ,0,0,0,0,0,0,0,0,0,65000,0,0,0,65000,0,65000,65000
064342,晶技元大9C購01  ,0,0,0,0,0,0,0,0,0,65000,0,0,0,227000,162000,65000,65000
062915,嘉澤元大9B購03  ,0,0,0,0,0,0,0,0,0,65000,0,0,0,406000,341000,65000,65000
063164,聯發科永豐9B購03,0,0,0,0,0,0,0,0,0,65000,0,0,0,101000,36000,65000,65000
063213,智伸科國票9C購01,0,0,0,0,0,0,0,0,0,65000,0,0,0,65000,0,65000,65000
061470,鈺齊群益9A購02  ,0,0,0,0,0,0,0,0,0,64000,0,0,0,79000,15000,64000,64000
058480,新日興凱基9A購01,0,0,0,0,0,0,0,0,0,64000,0,0,0,70000,6000,64000,64000
058929,可成統一9C購01  ,0,0,0,0,0,0,0,0,0,64000,0,0,0,128000,64000,64000,64000
058794,旺宏元大99購09  ,0,0,0,0,0,0,0,0,0,64000,0,0,0,104000,40000,64000,64000
063465,友達元大9C購10  ,0,0,0,0,0,0,0,0,0,64000,0,0,0,64000,0,64000,64000
064098,正崴群益9C購01  ,0,0,0,0,0,0,0,0,0,64000,0,0,0,249000,185000,64000,64000
064125,聯發科元大02購01,0,0,0,0,0,0,0,0,0,64000,0,0,0,71000,7000,64000,64000
064222,玉山金國票01購01,0,0,0,0,0,0,0,0,0,64000,0,0,0,64000,0,64000,64000
063617,鴻海兆豐01購01  ,0,0,0,0,0,0,0,0,0,64000,0,0,0,67000,3000,64000,64000
064287,日月光元大9C購01,0,0,0,0,0,0,0,0,0,64000,0,0,0,115000,51000,64000,64000
4190,佐登-KY         ,85000,18000,67000,0,0,0,0,0,0,-3000,0,4000,-4000,1000,0,1000,64000
5305,敦南            ,89000,25000,64000,0,0,0,0,0,0,0,0,0,0,0,0,0,64000
066137,智易群益01購01  ,0,0,0,0,0,0,0,0,0,63000,0,0,0,63000,0,63000,63000
061626,超眾群益9A購02  ,0,0,0,0,0,0,0,0,0,63000,0,0,0,130000,67000,63000,63000
056850,彩晶元富99購01  ,0,0,0,0,0,0,0,0,0,63000,0,0,0,63000,0,63000,63000
057798,貿聯兆豐99購01  ,0,0,0,0,0,0,0,0,0,63000,0,0,0,100000,37000,63000,63000
057043,台積電元大99購02,0,50000,-50000,0,0,0,0,0,0,113000,0,0,0,298000,185000,113000,63000
057147,新日興國票99購01,0,0,0,0,0,0,0,0,0,63000,0,0,0,101000,38000,63000,63000
059791,超眾元大99購06  ,0,0,0,0,0,0,0,0,0,63000,0,0,0,115000,52000,63000,63000
058487,晶技國票9A購01  ,0,0,0,0,0,0,0,0,0,63000,0,0,0,73000,10000,63000,63000
060609,玉晶光凱基9B購01,0,0,0,0,0,0,0,0,0,63000,0,0,0,64000,1000,63000,63000
062449,臻鼎元大9B購01  ,0,0,0,0,0,0,0,0,0,63000,0,0,0,63000,0,63000,63000
060244,大立光元大9B購02,0,0,0,0,0,0,0,0,0,63000,0,0,0,154000,91000,63000,63000
062323,上銀統一9B購03  ,0,0,0,0,0,0,0,0,0,63000,0,0,0,103000,40000,63000,63000
065334,立積國票01購02  ,0,0,0,0,0,0,0,0,0,63000,0,0,0,86000,23000,63000,63000
065074,亞德客元大9C購03,0,0,0,0,0,0,0,0,0,63000,0,0,0,90000,27000,63000,63000
065087,可成元大9C購08  ,0,0,0,0,0,0,0,0,0,63000,0,0,0,63000,0,63000,63000
064880,神達兆豐9C購01  ,0,0,0,0,0,0,0,0,0,63000,0,0,0,63000,0,63000,63000
064929,台表科統一02購03,0,0,0,0,0,0,0,0,0,63000,0,0,0,258000,195000,63000,63000
063708,上銀凱基9B購06  ,0,0,0,0,0,0,0,0,0,63000,0,0,0,68000,5000,63000,63000
063732,建準元大9B購02  ,0,0,0,0,0,0,0,0,0,63000,0,0,0,140000,77000,63000,63000
063806,瀚宇博兆豐01購01,0,0,0,0,0,0,0,0,0,63000,0,0,0,138000,75000,63000,63000
063127,TPK元大9B購02   ,0,0,0,0,0,0,0,0,0,63000,0,0,0,84000,21000,63000,63000
063144,超眾統一9C購02  ,0,0,0,0,0,0,0,0,0,63000,0,0,0,73000,10000,63000,63000
2374,佳能            ,113000,43000,70000,0,0,0,0,0,0,-7000,0,7000,-7000,0,0,0,63000
08562P,南電國票01售03  ,0,0,0,0,0,0,0,0,0,62000,0,0,0,102000,40000,62000,62000
056191,世紀鋼統一97購01,0,0,0,0,0,0,0,0,0,62000,0,0,0,86000,24000,62000,62000
057664,台積電元大9A購03,0,0,0,0,0,0,0,0,0,62000,0,0,0,206000,144000,62000,62000
056712,京鼎永豐98購01  ,0,0,0,0,0,0,0,0,0,62000,0,0,0,344000,282000,62000,62000
061723,嘉聯益永豐9A購03,0,0,0,0,0,0,0,0,0,62000,0,0,0,62000,0,62000,62000
062344,力山群益9B購02  ,0,0,0,0,0,0,0,0,0,62000,0,0,0,72000,10000,62000,62000
059832,超眾康和99購01  ,0,0,0,0,0,0,0,0,0,62000,0,0,0,76000,14000,62000,62000
063488,金像電國泰01購01,0,0,0,0,0,0,0,0,0,62000,0,0,0,102000,40000,62000,62000
065395,致茂群益01購01  ,0,0,0,0,0,0,0,0,0,62000,0,0,0,62000,0,62000,62000
064411,台表科凱基02購01,0,0,0,0,0,0,0,0,0,62000,0,0,0,259000,197000,62000,62000
08418P,大立光元大01售04,0,0,0,0,0,0,0,0,0,61000,0,0,0,64000,3000,61000,61000
06906P,國巨國泰99售01  ,0,0,0,0,0,0,0,0,0,61000,0,0,0,61000,0,61000,61000
07241P,台灣50國票9A售05,0,0,0,0,0,0,0,0,0,61000,0,0,0,61000,0,61000,61000
066320,順德永豐01購01  ,0,0,0,0,0,0,0,0,0,61000,0,0,0,61000,0,61000,61000
03425B,臺股指元大9A熊01,0,0,0,0,0,0,0,0,0,61000,0,0,0,70000,9000,61000,61000
050754,元金2X元富9B購01,0,0,0,0,0,0,0,0,0,61000,0,0,0,61000,0,61000,61000
060125,強茂永豐99購01  ,0,0,0,0,0,0,0,0,0,61000,0,0,0,195000,134000,61000,61000
062732,南六凱基9B購03  ,0,0,0,0,0,0,0,0,0,61000,0,0,0,61000,0,61000,61000
062025,台達電群益9B購01,0,0,0,0,0,0,0,0,0,61000,0,0,0,61000,0,61000,61000
059268,鎧勝中信01購01  ,0,0,0,0,0,0,0,0,0,61000,0,0,0,61000,0,61000,61000
061117,美律國泰9C購01  ,0,0,0,0,0,0,0,0,0,61000,0,0,0,74000,13000,61000,61000
061585,台積電富邦9B購06,0,0,0,0,0,0,0,0,0,61000,0,0,0,61000,0,61000,61000
065191,南電統一01購03  ,0,0,0,0,0,0,0,0,0,61000,0,0,0,69000,8000,61000,61000
063489,新日興國泰01購01,0,0,0,0,0,0,0,0,0,61000,0,0,0,61000,0,61000,61000
063361,台表科國泰01購02,0,0,0,0,0,0,0,0,0,61000,0,0,0,61000,0,61000,61000
063901,緯穎群益9C購01  ,0,0,0,0,0,0,0,0,0,61000,0,0,0,145000,84000,61000,61000
063573,茂林元大9B購06  ,0,0,0,0,0,0,0,0,0,61000,0,0,0,63000,2000,61000,61000
063949,大立光元大9C購10,0,0,0,0,0,0,0,0,0,61000,0,0,0,84000,23000,61000,61000
6192,巨路            ,95000,34000,61000,0,0,0,0,0,0,0,0,0,0,0,0,0,61000
2395,研華            ,371000,304300,66700,0,0,0,0,3000,-3000,-3000,0,3000,-3000,0,0,0,60700
06652P,長榮航元大98售01,0,0,0,0,0,0,0,0,0,60000,0,0,0,60000,0,60000,60000
065841,國巨元大9C購20  ,0,0,0,0,0,0,0,0,0,60000,0,0,0,60000,0,60000,60000
065839,鴻海元大9C購17  ,0,0,0,0,0,0,0,0,0,60000,0,0,0,60000,0,60000,60000
07342P,大立光凱基99售14,0,0,0,0,0,0,0,0,0,60000,0,0,0,110000,50000,60000,60000
06884P,台郡群益98售03  ,0,0,0,0,0,0,0,0,0,60000,0,0,0,60000,0,60000,60000
07782P,寶成凱基9A售02  ,0,0,0,0,0,0,0,0,0,60000,0,0,0,60000,0,60000,60000
08297P,寶成元大9C售01  ,0,0,0,0,0,0,0,0,0,60000,0,0,0,60000,0,60000,60000
08178P,南亞科元大9B售01,0,0,0,0,0,0,0,0,0,60000,0,0,0,60000,0,60000,60000
03669C,滬深2X元富09牛01,0,0,0,0,0,0,0,0,0,60000,0,0,0,112000,52000,60000,60000
055645,技嘉元富97購01  ,0,0,0,0,0,0,0,0,0,60000,0,0,0,60000,0,60000,60000
056287,亞光永豐97購02  ,0,0,0,0,0,0,0,0,0,60000,0,0,0,60000,0,60000,60000
061442,玉晶光永豐9A購07,0,0,0,0,0,0,0,0,0,60000,0,0,0,60000,0,60000,60000
056641,華通凱基98購03  ,0,0,0,0,0,0,0,0,0,60000,0,0,0,60000,0,60000,60000
057925,貿聯凱基99購01  ,0,0,0,0,0,0,0,0,0,60000,0,0,0,70000,10000,60000,60000
061303,玉晶光永豐9B購03,0,0,0,0,0,0,0,0,0,60000,0,0,0,60000,0,60000,60000
059082,華通元大99購06  ,0,0,0,0,0,0,0,0,0,60000,0,0,0,60000,0,60000,60000
062277,廣達群益9B購01  ,0,0,0,0,0,0,0,0,0,60000,0,0,0,103000,43000,60000,60000
062128,祥碩統一01購01  ,0,0,0,0,0,0,0,0,0,60000,0,0,0,60000,0,60000,60000
062153,智邦麥證9B購01  ,0,0,0,60000,0,60000,0,0,0,60000,0,0,0,60000,0,60000,60000
062227,南六統一01購02  ,0,0,0,0,0,0,0,0,0,60000,0,0,0,60000,0,60000,60000
060894,奇力新凱基9A購03,0,0,0,0,0,0,0,0,0,60000,0,0,0,60000,0,60000,60000
060047,道瓊反凱基99購01,0,0,0,0,0,0,0,0,0,60000,0,0,0,70000,10000,60000,60000
063963,鴻海國票01購01  ,0,0,0,0,0,0,0,0,0,60000,0,0,0,285000,225000,60000,60000
063709,上銀凱基9B購07  ,0,0,0,0,0,0,0,0,0,60000,0,0,0,110000,50000,60000,60000
063414,鴻海凱基03購01  ,0,0,0,0,0,0,0,0,0,60000,0,0,0,86000,26000,60000,60000
063017,台光電元大9B購07,0,0,0,0,0,0,0,0,0,60000,0,0,0,64000,4000,60000,60000
064385,台積電富邦03購02,0,0,0,0,0,0,0,0,0,60000,0,0,0,260000,200000,60000,60000
064239,群創統一02購01  ,0,0,0,0,0,0,0,0,0,60000,0,0,0,170000,110000,60000,60000
064343,健鼎元大9C購01  ,0,0,0,0,0,0,0,0,0,60000,0,0,0,60000,0,60000,60000
064746,貿聯國票01購02  ,0,0,0,0,0,0,0,0,0,60000,0,0,0,82000,22000,60000,60000
064581,葡萄王永豐9C購01,0,0,0,0,0,0,0,0,0,60000,0,0,0,60000,0,60000,60000
3312,弘憶股          ,110000,50000,60000,0,0,0,0,0,0,0,0,0,0,0,0,0,60000
057304,為升兆豐99購02  ,0,0,0,0,0,0,0,0,0,59000,0,0,0,59000,0,59000,59000
061326,新日興凱基9B購01,0,0,0,0,0,0,0,0,0,59000,0,0,0,84000,25000,59000,59000
056304,創意元大97購03  ,0,0,0,0,0,0,0,0,0,59000,0,0,0,68000,9000,59000,59000
00690,兆豐藍籌30      ,0,0,0,0,0,0,0,0,0,59000,0,0,0,350000,291000,59000,59000
058800,健策元大99購03  ,0,0,0,0,0,0,0,0,0,59000,0,0,0,59000,0,59000,59000
058828,大毅永豐99購01  ,0,0,0,0,0,0,0,0,0,59000,0,0,0,145000,86000,59000,59000
060469,台勝科元大9A購02,0,0,0,0,0,0,0,0,0,59000,0,0,0,237000,178000,59000,59000
058534,友達統一9B購01  ,0,0,0,0,0,0,0,0,0,59000,0,0,0,60000,1000,59000,59000
058479,亞光凱基9A購01  ,0,0,0,0,0,0,0,0,0,59000,0,0,0,84000,25000,59000,59000
058999,台積電元大99購24,0,0,0,0,0,0,0,0,0,59000,0,0,0,59000,0,59000,59000
064529,友達中信01購03  ,0,0,0,0,0,0,0,0,0,59000,0,0,0,82000,23000,59000,59000
065437,台表科凱基9C購03,0,0,0,0,0,0,0,0,0,59000,0,0,0,305000,246000,59000,59000
063189,臻鼎凱基9B購01  ,0,0,0,0,0,0,0,0,0,59000,0,0,0,59000,0,59000,59000
063633,金像電元大9B購05,0,0,0,0,0,0,0,0,0,59000,0,0,0,59000,0,59000,59000
063830,智伸科國票01購01,0,0,0,0,0,0,0,0,0,59000,0,0,0,65000,6000,59000,59000
4576,大銀微系統      ,71000,12000,59000,0,0,0,0,0,0,0,0,0,0,0,0,0,59000
066037,華通元大01購03  ,0,0,0,0,0,0,0,0,0,58000,0,0,0,99000,41000,58000,58000
066480,國巨元富07購02  ,0,0,0,0,0,0,0,0,0,58000,0,0,0,58000,0,58000,58000
061716,瑞儀凱基9B購01  ,0,0,0,0,0,0,0,0,0,58000,0,0,0,230000,172000,58000,58000
061664,上銀中信9A購01  ,0,0,0,0,0,0,0,0,0,58000,0,0,0,58000,0,58000,58000
061381,台灣50群益9B購07,0,0,0,0,0,0,0,0,0,58000,0,0,0,58000,0,58000,58000
060930,超眾永豐9A購03  ,0,0,0,0,0,0,0,0,0,58000,0,0,0,58000,0,58000,58000
056550,瑞儀凱基99購01  ,0,0,0,0,0,0,0,0,0,58000,0,0,0,71000,13000,58000,58000
057917,台積電凱基98購17,0,0,0,0,0,0,0,0,0,58000,0,0,0,82000,24000,58000,58000
062068,滬深2X元大9B購02,0,0,0,0,0,0,0,0,0,58000,0,0,0,58000,0,58000,58000
062015,喬山永豐9B購01  ,0,0,0,0,0,0,0,0,0,58000,0,0,0,58000,0,58000,58000
061978,旺宏元大9C購01  ,0,0,0,0,0,0,0,0,0,58000,0,0,0,60000,2000,58000,58000
062342,上証2X群益01購03,0,0,0,0,0,0,0,0,0,58000,0,0,0,58000,0,58000,58000
062643,緯穎國票9B購01  ,0,0,0,0,0,0,0,0,0,58000,0,0,0,117000,59000,58000,58000
063784,華通中信06購01  ,0,0,0,0,0,0,0,0,0,58000,0,0,0,78000,20000,58000,58000
063760,聯詠統一9C購02  ,0,0,0,0,0,0,0,0,0,58000,0,0,0,116000,58000,58000,58000
063508,緯創群益9B購01  ,0,0,0,0,0,0,0,0,0,58000,0,0,0,65000,7000,58000,58000
064288,瀚宇博元大9C購02,0,0,0,0,0,0,0,0,0,58000,0,0,0,77000,19000,58000,58000
064595,超眾統一02購01  ,0,0,0,0,0,0,0,0,0,58000,0,0,0,80000,22000,58000,58000
064799,裕隆元大9C購02  ,0,0,0,0,0,0,0,0,0,58000,0,0,0,118000,60000,58000,58000
1732,毛寶            ,113000,57000,56000,0,0,0,0,0,0,2000,2000,0,2000,0,0,0,58000
066475,新光金麥證01購01,0,0,0,74000,17000,57000,0,0,0,57000,0,0,0,74000,17000,57000,57000
066354,緯穎永豐01購01  ,0,0,0,0,0,0,0,0,0,57000,0,0,0,76000,19000,57000,57000
066289,晶碩元大02購01  ,0,0,0,0,0,0,0,0,0,57000,0,0,0,57000,0,57000,57000
066175,聯鈞凱基01購01  ,0,0,0,0,0,0,0,0,0,57000,0,0,0,252000,195000,57000,57000
065957,華擎統一03購02  ,0,0,0,0,0,0,0,0,0,57000,0,0,0,275000,218000,57000,57000
065602,聯發科元大9C購15,0,0,0,0,0,0,0,0,0,57000,0,0,0,85000,28000,57000,57000
08169P,台光電群益9B售04,0,0,0,0,0,0,0,0,0,57000,0,0,0,97000,40000,57000,57000
061367,瑞祺國票9A購01  ,0,0,0,0,0,0,0,0,0,57000,0,0,0,174000,117000,57000,57000
00733,富邦臺灣中小    ,0,0,0,0,0,0,0,0,0,57000,0,0,0,260000,203000,57000,57000
052888,台表科中信9A購01,0,0,0,0,0,0,0,0,0,57000,0,0,0,57000,0,57000,57000
054511,香港反元大98購01,0,0,0,0,0,0,0,0,0,57000,0,0,0,60000,3000,57000,57000
059956,玉山金康和99購01,0,0,0,0,0,0,0,0,0,57000,0,0,0,57000,0,57000,57000
060631,微星富邦9B購01  ,0,0,0,0,0,0,0,0,0,57000,0,0,0,75000,18000,57000,57000
064792,美律國票9C購01  ,0,0,0,0,0,0,0,0,0,57000,0,0,0,138000,81000,57000,57000
064739,智邦國票01購01  ,0,0,0,0,0,0,0,0,0,57000,0,0,0,70000,13000,57000,57000
065367,技嘉元大01購01  ,0,0,0,0,0,0,0,0,0,57000,0,0,0,59000,2000,57000,57000
065237,茂林凱基01購01  ,0,0,0,0,0,0,0,0,0,57000,0,0,0,69000,12000,57000,57000
064890,聯電群益9C購02  ,0,0,0,0,0,0,0,0,0,57000,0,0,0,57000,0,57000,57000
063138,聯發科統一01購05,0,0,0,0,0,0,0,0,0,57000,0,0,0,57000,0,57000,57000
063752,瑞祺國票9C購01  ,0,0,0,0,0,0,0,0,0,57000,0,0,0,57000,0,57000,57000
063562,國巨元大9C購06  ,0,0,0,0,0,0,0,0,0,57000,0,0,0,58000,1000,57000,57000
064010,GIS凱基02購01   ,0,0,0,0,0,0,0,0,0,57000,0,0,0,97000,40000,57000,57000
064196,健策群益01購01  ,0,0,0,0,0,0,0,0,0,57000,0,0,0,187000,130000,57000,57000
08336P,聯發科中信9C售05,0,0,0,0,0,0,0,0,0,56000,0,0,0,76000,20000,56000,56000
08634P,大立光元大9C售26,0,0,0,0,0,0,0,0,0,56000,0,0,0,56000,0,56000,56000
07800P,華新科國泰9B售04,0,0,0,0,0,0,0,0,0,56000,0,0,0,84000,28000,56000,56000
065808,力成群益9C購02  ,0,0,0,0,0,0,0,0,0,56000,0,0,0,91000,35000,56000,56000
065882,景碩台新9C購03  ,0,0,0,0,0,0,0,0,0,56000,0,0,0,93000,37000,56000,56000
061714,華新科凱基9A購15,0,0,0,0,0,0,0,0,0,56000,0,0,0,56000,0,56000,56000
061744,超眾凱基9B購02  ,0,0,0,0,0,0,0,0,0,56000,0,0,0,56000,0,56000,56000
057465,智易永豐98購02  ,0,0,0,0,0,0,0,0,0,56000,0,0,0,56000,0,56000,56000
057321,台泥群益98購01  ,0,0,0,0,0,0,0,0,0,56000,0,0,0,114000,58000,56000,56000
056366,玉晶光元大99購04,0,0,0,0,0,0,0,0,0,56000,0,0,0,92000,36000,56000,56000
061817,高鐵群益9B購01  ,0,0,0,0,0,0,0,0,0,56000,0,0,0,87000,31000,56000,56000
058790,楠梓電元大99購03,0,0,0,0,0,0,0,0,0,56000,0,0,0,198000,142000,56000,56000
060541,正隆凱基9A購01  ,0,0,0,0,0,0,0,0,0,56000,0,0,0,56000,0,56000,56000
063139,聯發科統一9B購07,0,0,0,0,0,0,0,0,0,56000,0,0,0,169000,113000,56000,56000
064566,大立光群益9C購04,0,30000,-30000,0,0,0,0,0,0,86000,0,0,0,90000,4000,86000,56000
065916,聯發科凱基01購10,0,0,0,0,0,0,0,0,0,55000,0,0,0,85000,30000,55000,55000
065776,鴻海國泰03購01  ,0,0,0,0,0,0,0,0,0,55000,0,0,0,100000,45000,55000,55000
065578,台郡群益9C購02  ,0,0,0,0,0,0,0,0,0,55000,0,0,0,290000,235000,55000,55000
06551P,貿聯元大98售05  ,0,0,0,0,0,0,0,0,0,55000,0,0,0,170000,115000,55000,55000
066399,聯鈞凱基01購02  ,0,0,0,0,0,0,0,0,0,55000,0,0,0,55000,0,55000,55000
066457,可成統一02購01  ,0,0,0,0,0,0,0,0,0,55000,0,0,0,65000,10000,55000,55000
08260P,大立光元大9C售08,0,0,0,0,0,0,0,0,0,55000,0,0,0,55000,0,55000,55000
057878,台郡元大99購04  ,0,0,0,0,0,0,0,0,0,55000,0,0,0,139000,84000,55000,55000
056582,易華電元大98購01,0,0,0,0,0,0,0,0,0,55000,0,0,0,55000,0,55000,55000
056762,亞德客元大98購01,0,0,0,0,0,0,0,0,0,55000,0,0,0,55000,0,55000,55000
056834,華新元富99購01  ,0,0,0,0,0,0,0,0,0,55000,0,0,0,55000,0,55000,55000
061370,晶技國泰9C購01  ,0,0,0,0,0,0,0,0,0,55000,0,0,0,130000,75000,55000,55000
057114,台虹群益98購01  ,0,0,0,0,0,0,0,0,0,55000,0,0,0,55000,0,55000,55000
058495,元大金群益9B購01,0,0,0,0,0,0,0,0,0,55000,0,0,0,55000,0,55000,55000
062443,大立光元大9B購05,0,0,0,0,0,0,0,0,0,55000,0,0,0,55000,0,55000,55000
062835,瑞儀群益9B購01  ,0,0,0,0,0,0,0,0,0,55000,0,0,0,100000,45000,55000,55000
058750,緯穎凱基9A購03  ,0,0,0,0,0,0,0,0,0,55000,0,0,0,62000,7000,55000,55000
062265,南茂元大9B購01  ,0,0,0,0,0,0,0,0,0,55000,0,0,0,62000,7000,55000,55000
064742,奇鋐國票01購02  ,0,0,0,0,0,0,0,0,0,55000,0,0,0,133000,78000,55000,55000
064752,台達電凱基01購01,0,0,0,0,0,0,0,0,0,55000,0,0,0,165000,110000,55000,55000
063072,裕隆永豐9B購01  ,0,0,0,0,0,0,0,0,0,55000,0,0,0,83000,28000,55000,55000
054633,臺股指凱基9A購02,0,0,0,0,0,0,0,0,0,54000,0,0,0,640000,586000,54000,54000
055382,台郡元大99購01  ,0,0,0,0,0,0,0,0,0,54000,0,0,0,74000,20000,54000,54000
051911,大立光元大98購02,0,0,0,0,0,0,0,0,0,54000,0,0,0,55000,1000,54000,54000
056363,華新科元大99購04,0,0,0,0,0,0,0,0,0,54000,0,0,0,56000,2000,54000,54000
057265,聯詠兆豐98購01  ,0,0,0,0,0,0,0,0,0,54000,0,0,0,54000,0,54000,54000
062058,瑞昱統一01購01  ,0,0,0,0,0,0,0,0,0,54000,0,0,0,124000,70000,54000,54000
061275,臺股指凱基9A購25,0,0,0,0,0,0,0,0,0,54000,0,0,0,80000,26000,54000,54000
061524,華通凱基9A購07  ,0,0,0,0,0,0,0,0,0,54000,0,0,0,122000,68000,54000,54000
058773,和碩兆豐99購01  ,0,0,0,0,0,0,0,0,0,54000,0,0,0,64000,10000,54000,54000
063538,神達統一9C購01  ,0,0,0,0,0,0,0,0,0,54000,0,0,0,67000,13000,54000,54000
064690,台光電群益9C購02,0,0,0,0,0,0,0,0,0,54000,0,0,0,72000,18000,54000,54000
064950,美律凱基02購01  ,0,0,0,0,0,0,0,0,0,54000,0,0,0,64000,10000,54000,54000
1808,潤隆            ,81000,27000,54000,0,0,0,0,0,0,0,0,0,0,0,0,0,54000
6531,愛普            ,53293,13000,40293,0,0,0,0,0,0,13000,3000,1000,2000,16000,5000,11000,53293
08633P,聯發科元大9C售20,0,0,0,0,0,0,0,0,0,53000,0,0,0,133000,80000,53000,53000
066133,京元電群益01購01,0,0,0,0,0,0,0,0,0,53000,0,0,0,149000,96000,53000,53000
066149,潤泰新群益01購01,0,0,0,0,0,0,0,0,0,53000,0,0,0,56000,3000,53000,53000
056534,京元電凱基98購01,0,0,0,0,0,0,0,0,0,53000,0,0,0,56000,3000,53000,53000
060912,華新科元大9A購10,0,0,0,0,0,0,0,0,0,53000,0,0,0,68000,15000,53000,53000
061613,南六統一9C購01  ,0,0,0,0,0,0,0,0,0,53000,0,0,0,54000,1000,53000,53000
061998,緯穎元大9B購03  ,0,0,0,0,0,0,0,0,0,53000,0,0,0,95000,42000,53000,53000
064542,聯電凱基02購01  ,0,0,0,0,0,0,0,0,0,53000,0,0,0,56000,3000,53000,53000
063902,志超群益9C購01  ,0,0,0,0,0,0,0,0,0,53000,0,0,0,82000,29000,53000,53000
064167,緯穎統一01購03  ,0,0,0,0,0,0,0,0,0,53000,0,0,0,91000,38000,53000,53000
063247,信邦元大9B購02  ,0,0,0,0,0,0,0,0,0,53000,0,0,0,106000,53000,53000,53000
8261,富鼎            ,276000,223000,53000,0,0,0,0,0,0,0,0,0,0,0,0,0,53000
2031,新光鋼          ,158000,101000,57000,0,0,0,0,0,0,-4000,0,4000,-4000,0,0,0,53000
1101,台泥            ,10542000,10187994,354006,0,0,0,0,112000,-112000,-190000,54000,2000,52000,65000,307000,-242000,52006
08213P,台光電統一9B售03,0,0,0,0,0,0,0,0,0,52000,0,0,0,70000,18000,52000,52000
066129,佳世達群益01購01,0,0,0,0,0,0,0,0,0,52000,0,0,0,64000,12000,52000,52000
065750,智邦元大9C購09  ,0,0,0,0,0,0,0,0,0,52000,0,0,0,135000,83000,52000,52000
061745,南電凱基9B購02  ,0,0,0,0,0,0,0,0,0,52000,0,0,0,72000,20000,52000,52000
057889,致新群益99購01  ,0,0,0,0,0,0,0,0,0,52000,0,0,0,52000,0,52000,52000
054928,帆宣凱基98購01  ,0,0,0,0,0,0,0,0,0,52000,0,0,0,52000,0,52000,52000
054828,正崴國泰99購01  ,0,0,0,0,0,0,0,0,0,52000,0,0,0,65000,13000,52000,52000
05711P,茂林國票97售03  ,0,0,0,0,0,0,0,0,0,52000,0,0,0,52000,0,52000,52000
057024,義隆凱基99購01  ,0,0,0,0,0,0,0,0,0,52000,0,0,0,56000,4000,52000,52000
062047,緯穎凱基9B購01  ,0,0,0,0,0,0,0,0,0,52000,0,0,0,170000,118000,52000,52000
061800,泰鼎永豐9B購01  ,0,0,0,0,0,0,0,0,0,52000,0,0,0,103000,51000,52000,52000
060355,元金2X元富9C購01,0,0,0,0,0,0,0,0,0,52000,0,0,0,55000,3000,52000,52000
061580,華擎元大9A購06  ,0,0,0,0,0,0,0,0,0,52000,0,0,0,52000,0,52000,52000
060899,超眾凱基9A購01  ,0,0,0,0,0,0,0,0,0,52000,0,0,0,176000,124000,52000,52000
058468,聯茂中信99購02  ,0,0,0,0,0,0,0,0,0,52000,0,0,0,52000,0,52000,52000
060743,鴻海國票9A購03  ,0,0,0,0,0,0,0,0,0,52000,0,0,0,88000,36000,52000,52000
062932,滬深2X凱基01購01,0,0,0,0,0,0,0,0,0,52000,0,0,0,103000,51000,52000,52000
062926,嘉澤國票9B購01  ,0,0,0,0,0,0,0,0,0,52000,0,0,0,90000,38000,52000,52000
063995,健鼎群益9C購01  ,0,0,0,0,0,0,0,0,0,52000,0,0,0,52000,0,52000,52000
063579,GIS元大9C購01   ,0,0,0,0,0,0,0,0,0,52000,0,0,0,52000,0,52000,52000
063601,金像電凱基01購01,0,0,0,0,0,0,0,0,0,52000,0,0,0,52000,0,52000,52000
064955,健策凱基9C購03  ,0,0,0,0,0,0,0,0,0,52000,0,0,0,191000,139000,52000,52000
3167,大量            ,84000,31000,53000,0,0,0,0,1000,-1000,0,0,0,0,0,0,0,52000
8464,億豐            ,383000,312000,71000,0,0,0,0,21000,-21000,2000,2000,0,2000,0,0,0,52000
2331,精英            ,479000,432341,46659,0,0,0,0,0,0,5000,11000,6000,5000,0,0,0,51659
065728,嘉晶凱基9C購04  ,0,0,0,0,0,0,0,0,0,51000,0,0,0,185000,134000,51000,51000
065656,聯發科國泰03購01,0,0,0,0,0,0,0,0,0,51000,0,0,0,377000,326000,51000,51000
065523,茂林群益9C購03  ,0,0,0,0,0,0,0,0,0,51000,0,0,0,51000,0,51000,51000
066352,晶碩永豐01購01  ,0,0,0,0,0,0,0,0,0,51000,0,0,0,80000,29000,51000,51000
046383,群創凱基98購01  ,0,0,0,0,0,0,0,0,0,51000,0,0,0,51000,0,51000,51000
055972,GIS元大97購04   ,0,0,0,0,0,0,0,0,0,51000,0,0,0,300000,249000,51000,51000
057357,超眾統一98購01  ,0,0,0,0,0,0,0,0,0,51000,0,0,0,51000,0,51000,51000
061358,世紀鋼元大9A購04,0,0,0,0,0,0,0,0,0,51000,0,0,0,82000,31000,51000,51000
061471,台積電元大9A購31,0,0,0,0,0,0,0,0,0,51000,0,0,0,51000,0,51000,51000
056782,鴻海群益98購04  ,0,0,0,0,0,0,0,0,0,51000,0,0,0,51000,0,51000,51000
062460,京鼎群益9C購01  ,0,0,0,0,0,0,0,0,0,51000,0,0,0,78000,27000,51000,51000
058766,力山兆豐99購01  ,0,0,0,0,0,0,0,0,0,51000,0,0,0,77000,26000,51000,51000
059949,啟碁永豐99購01  ,0,0,0,0,0,0,0,0,0,51000,0,0,0,61000,10000,51000,51000
058572,百和凱基9A購01  ,0,0,0,0,0,0,0,0,0,51000,0,0,0,51000,0,51000,51000
061137,晶技統一9B購01  ,0,0,0,0,0,0,0,0,0,51000,0,0,0,163000,112000,51000,51000
060618,玉晶光元大9A購02,0,0,0,0,0,0,0,0,0,51000,0,0,0,61000,10000,51000,51000
059063,康控凱基99購04  ,0,0,0,0,0,0,0,0,0,51000,0,0,0,282000,231000,51000,51000
059094,臻鼎元大99購03  ,0,0,0,0,0,0,0,0,0,51000,0,0,0,91000,40000,51000,51000
061808,聯發科統一01購02,0,0,0,0,0,0,0,0,0,51000,0,0,0,56000,5000,51000,51000
064243,TPK統一02購02   ,0,0,0,0,0,0,0,0,0,51000,0,0,0,61000,10000,51000,51000
064157,健鼎統一01購02  ,0,0,0,0,0,0,0,0,0,51000,0,0,0,174000,123000,51000,51000
2355,敬鵬            ,421000,390000,31000,0,0,0,0,0,0,20000,11000,0,11000,9000,0,9000,51000
066314,台橡永豐01購01  ,0,0,0,0,0,0,0,0,0,50000,0,0,0,100000,50000,50000,50000
066202,大立光統一02購07,0,0,0,0,0,0,0,0,0,50000,0,0,0,50000,0,50000,50000
066269,宏達電元大01購03,0,0,0,0,0,0,0,0,0,50000,0,0,0,75000,25000,50000,50000
06645P,上銀元大98售05  ,0,0,0,0,0,0,0,0,0,50000,0,0,0,50000,0,50000,50000
066636,健策凱基01購02  ,0,0,0,0,0,0,0,0,0,50000,0,0,0,147000,97000,50000,50000
065549,智邦凱基9C購03  ,0,0,0,0,0,0,0,0,0,50000,0,0,0,52000,2000,50000,50000
065748,台積電元大01購05,0,0,0,0,0,0,0,0,0,50000,0,0,0,50000,0,50000,50000
065947,國巨統一02購03  ,0,0,0,0,0,0,0,0,0,50000,0,0,0,60000,10000,50000,50000
065962,鴻海元大01購04  ,0,0,0,0,0,0,0,0,0,50000,0,0,0,50000,0,50000,50000
08117P,聯發科元富9B售04,0,0,0,0,0,0,0,0,0,50000,0,0,0,50000,0,50000,50000
08149P,祥碩群益9B售07  ,0,0,0,0,0,0,0,0,0,50000,0,0,0,50000,0,50000,50000
1414,東和            ,58000,8000,50000,0,0,0,0,0,0,0,0,0,0,0,0,0,50000
08567P,台勝科群益9C售01,0,0,0,0,0,0,0,0,0,50000,0,0,0,50000,0,50000,50000
07948P,大成鋼凱基9B售01,0,0,0,0,0,0,0,0,0,50000,0,0,0,50000,0,50000,50000
07850P,健策群益9A售06  ,0,0,0,0,0,0,0,0,0,50000,0,0,0,50000,0,50000,50000
07859P,台灣50麥證9A售04,0,0,0,50000,0,50000,0,0,0,50000,0,0,0,50000,0,50000,50000
07105P,大毅元富99售02  ,0,0,0,0,0,0,0,0,0,50000,0,0,0,50000,0,50000,50000
056764,友達元大9A購03  ,0,0,0,0,0,0,0,0,0,50000,0,0,0,50000,0,50000,50000
056794,上銀麥證98購01  ,0,0,0,50000,0,50000,0,0,0,50000,0,0,0,50000,0,50000,50000
056725,鴻海國票99購03  ,0,0,0,0,0,0,0,0,0,50000,0,0,0,50000,0,50000,50000
056649,智易凱基98購01  ,0,0,0,0,0,0,0,0,0,50000,0,0,0,50000,0,50000,50000
057542,上銀凱基99購01  ,0,0,0,0,0,0,0,0,0,50000,0,0,0,50000,0,50000,50000
060931,GIS永豐9A購01   ,0,0,0,0,0,0,0,0,0,50000,0,0,0,50000,0,50000,50000
061721,道瓊反富邦9B購01,0,0,0,0,0,0,0,0,0,50000,0,0,0,50000,0,50000,50000
061678,玉晶光元大9B購04,0,0,0,0,0,0,0,0,0,50000,0,0,0,51000,1000,50000,50000
057300,訊連永豐98購01  ,0,0,0,0,0,0,0,0,0,50000,0,0,0,50000,0,50000,50000
058290,南電國票9A購01  ,0,0,0,0,0,0,0,0,0,50000,0,0,0,50000,0,50000,50000
058251,百和元大99購03  ,0,0,0,0,0,0,0,0,0,50000,0,0,0,50000,0,50000,50000
055999,電子類富邦99購01,0,0,0,0,0,0,0,0,0,50000,0,0,0,50000,0,50000,50000
056163,嘉聯益凱基98購03,0,0,0,0,0,0,0,0,0,50000,0,0,0,50000,0,50000,50000
056089,同欣電統一98購01,0,0,0,0,0,0,0,0,0,50000,0,0,0,50000,0,50000,50000
053438,玉晶光麥證97購02,0,0,0,50000,0,50000,0,0,0,50000,0,0,0,50000,0,50000,50000
053585,友達元大9C購03  ,0,0,0,0,0,0,0,0,0,50000,0,0,0,50000,0,50000,50000
058036,南電永豐98購01  ,0,0,0,0,0,0,0,0,0,50000,0,0,0,50000,0,50000,50000
054955,宏達電元大98購01,0,0,0,0,0,0,0,0,0,50000,0,0,0,50000,0,50000,50000
055512,聯詠兆豐97購01  ,0,0,0,0,0,0,0,0,0,50000,0,0,0,50000,0,50000,50000
061896,景碩永豐9B購01  ,0,0,0,0,0,0,0,0,0,50000,0,0,0,154000,104000,50000,50000
062158,禾伸堂凱基9B購01,0,0,0,0,0,0,0,0,0,50000,0,0,0,50000,0,50000,50000
062251,旺宏元大9B購06  ,0,0,0,0,0,0,0,0,0,50000,0,0,0,50000,0,50000,50000
062274,台積電群益9B購04,0,0,0,0,0,0,0,0,0,50000,0,0,0,50000,0,50000,50000
061145,臻鼎中信9A購02  ,0,0,0,0,0,0,0,0,0,50000,0,0,0,90000,40000,50000,50000
059023,可成統一9B購02  ,0,0,0,0,0,0,0,0,0,50000,0,0,0,124000,74000,50000,50000
060625,華擎元大9A購01  ,0,0,0,0,0,0,0,0,0,50000,0,0,0,68000,18000,50000,50000
061600,聯電凱基9B購01  ,0,0,0,0,0,0,0,0,0,50000,0,0,0,50000,0,50000,50000
061609,華新科統一9C購01,0,0,0,0,0,0,0,0,0,50000,0,0,0,50000,0,50000,50000
059873,華新科凱基99購09,0,0,0,0,0,0,0,0,0,50000,0,0,0,50000,0,50000,50000
059914,台積電元大99購47,0,0,0,0,0,0,0,0,0,50000,0,0,0,50000,0,50000,50000
060051,台積電凱基9B購01,0,0,0,0,0,0,0,0,0,50000,0,0,0,50000,0,50000,50000
060052,宏碁凱基99購01  ,0,0,0,0,0,0,0,0,0,50000,0,0,0,70000,20000,50000,50000
060088,國巨元大99購30  ,0,0,0,0,0,0,0,0,0,50000,0,0,0,81000,31000,50000,50000
058703,台積電元大99購16,0,0,0,0,0,0,0,0,0,50000,0,0,0,50000,0,50000,50000
058809,國巨統一9B購03  ,0,0,0,0,0,0,0,0,0,50000,0,0,0,120000,70000,50000,50000
058920,SGBR2X元富99購06,0,0,0,0,0,0,0,0,0,50000,0,0,0,50000,0,50000,50000
058481,玉晶光凱基9A購04,0,0,0,0,0,0,0,0,0,50000,0,0,0,51000,1000,50000,50000
062600,可成台新9B購01  ,0,0,0,0,0,0,0,0,0,50000,0,0,0,50000,0,50000,50000
062574,美食群益9B購02  ,0,0,0,0,0,0,0,0,0,50000,0,0,0,50000,0,50000,50000
064115,高股息元大9C購01,0,0,0,0,0,0,0,0,0,50000,0,0,0,50000,0,50000,50000
064021,國巨元大9C購15  ,0,0,0,0,0,0,0,0,0,50000,0,0,0,51000,1000,50000,50000
063711,高鐵凱基9B購01  ,0,0,0,0,0,0,0,0,0,50000,0,0,0,50000,0,50000,50000
063853,同欣電元大9C購02,0,0,0,0,0,0,0,0,0,50000,0,0,0,100000,50000,50000,50000
063737,大立光元大9C購07,0,0,0,0,0,0,0,0,0,50000,0,0,0,82000,32000,50000,50000
063079,儒鴻凱基9B購01  ,0,0,0,0,0,0,0,0,0,50000,0,0,0,50000,0,50000,50000
06332P,世紀鋼群益98售01,0,0,0,0,0,0,0,0,0,50000,0,0,0,50000,0,50000,50000
063427,南六凱基9B購04  ,0,0,0,0,0,0,0,0,0,50000,0,0,0,50000,0,50000,50000
063461,金像電元大9B購03,0,0,0,0,0,0,0,0,0,50000,0,0,0,51000,1000,50000,50000
063475,同欣電元大9C購01,0,0,0,0,0,0,0,0,0,50000,0,0,0,175000,125000,50000,50000
064470,世紀鋼元富03購01,0,0,0,0,0,0,0,0,0,50000,0,0,0,102000,52000,50000,50000
064437,可成凱基02購01  ,0,0,0,0,0,0,0,0,0,50000,0,0,0,50000,0,50000,50000
064638,儒鴻凱基9C購03  ,0,0,0,0,0,0,0,0,0,50000,0,0,0,70000,20000,50000,50000
065135,和大凱基01購01  ,0,0,0,0,0,0,0,0,0,50000,0,0,0,50000,0,50000,50000
065129,上銀兆豐01購01  ,0,0,0,0,0,0,0,0,0,50000,0,0,0,50000,0,50000,50000
065092,健鼎元大9C購02  ,0,0,0,0,0,0,0,0,0,50000,0,0,0,50000,0,50000,50000
065047,群創凱基9C購01  ,0,0,0,0,0,0,0,0,0,50000,0,0,0,54000,4000,50000,50000
065383,南電元大01購02  ,0,0,0,0,0,0,0,0,0,50000,0,0,0,108000,58000,50000,50000
3010,華立            ,142000,92000,50000,0,0,0,0,0,0,0,0,0,0,0,0,0,50000
6164,華興            ,55000,5000,50000,0,0,0,0,0,0,0,0,0,0,0,0,0,50000
07771P,義隆國票9A售01  ,0,0,0,0,0,0,0,0,0,49000,0,0,0,408000,359000,49000,49000
065964,鴻海元大02購01  ,0,0,0,0,0,0,0,0,0,49000,0,0,0,56000,7000,49000,49000
065581,寶成群益9C購01  ,0,0,0,0,0,0,0,0,0,49000,0,0,0,98000,49000,49000,49000
065589,景碩永豐9C購02  ,0,0,0,0,0,0,0,0,0,49000,0,0,0,59000,10000,49000,49000
066237,京鼎富邦04購01  ,0,0,0,0,0,0,0,0,0,49000,0,0,0,779000,730000,49000,49000
066426,台勝科元大01購02,0,0,0,0,0,0,0,0,0,49000,0,0,0,125000,76000,49000,49000
055594,華新科元大98購02,0,0,0,0,0,0,0,0,0,49000,0,0,0,50000,1000,49000,49000
056276,同欣電國泰98購01,0,0,0,0,0,0,0,0,0,49000,0,0,0,206000,157000,49000,49000
055730,建準元富97購02  ,0,0,0,0,0,0,0,0,0,49000,0,0,0,49000,0,49000,49000
057773,技嘉群益9A購02  ,0,0,0,0,0,0,0,0,0,49000,0,0,0,51000,2000,49000,49000
057744,健策永豐98購02  ,0,0,0,0,0,0,0,0,0,49000,0,0,0,94000,45000,49000,49000
057912,美律日盛99購01  ,0,0,0,0,0,0,0,0,0,49000,0,0,0,458000,409000,49000,49000
056359,旺宏元大9A購01  ,0,0,0,0,0,0,0,0,0,49000,0,0,0,49000,0,49000,49000
057416,T50反1凱基9C購01,0,0,0,0,0,0,0,0,0,49000,0,0,0,140000,91000,49000,49000
058438,大立光統一9B購01,0,0,0,0,0,0,0,0,0,49000,0,0,0,77000,28000,49000,49000
056747,致新凱基99購01  ,0,0,0,0,0,0,0,0,0,49000,0,0,0,69000,20000,49000,49000
062667,立積群益9B購01  ,0,0,0,0,0,0,0,0,0,49000,0,0,0,49000,0,49000,49000
062828,聯詠群益9B購02  ,0,0,0,0,0,0,0,0,0,49000,0,0,0,100000,51000,49000,49000
062392,國巨富邦02購01  ,0,0,0,0,0,0,0,0,0,49000,0,0,0,249000,200000,49000,49000
061077,國巨兆豐9B購01  ,0,0,0,0,0,0,0,0,0,49000,0,0,0,60000,11000,49000,49000
059146,貿聯國票9A購02  ,0,0,0,0,0,0,0,0,0,49000,0,0,0,64000,15000,49000,49000
059059,宏達電凱基99購03,0,0,0,0,0,0,0,0,0,49000,0,0,0,52000,3000,49000,49000
062143,大成鋼國票9B購01,0,0,0,0,0,0,0,0,0,49000,0,0,0,195000,146000,49000,49000
061927,玉晶光凱基9C購01,0,0,0,0,0,0,0,0,0,49000,0,0,0,50000,1000,49000,49000
065063,玉晶光群益02購04,0,0,0,0,0,0,0,0,0,49000,0,0,0,77000,28000,49000,49000
065137,中鋼凱基01購01  ,0,0,0,0,0,0,0,0,0,49000,0,0,0,59000,10000,49000,49000
064979,華擎元大9C購04  ,0,0,0,0,0,0,0,0,0,49000,0,0,0,168000,119000,49000,49000
064407,貿聯凱基02購02  ,0,0,0,0,0,0,0,0,0,49000,0,0,0,71000,22000,49000,49000
064158,健鼎統一02購01  ,0,0,0,0,0,0,0,0,0,49000,0,0,0,49000,0,49000,49000
3563,牧德            ,214000,165000,49000,0,0,0,3000,0,3000,-3000,9000,20000,-11000,40000,32000,8000,49000
2852,第一保          ,119000,70000,49000,0,0,0,0,0,0,0,0,0,0,0,0,0,49000
2348,海悅            ,113000,58000,55000,0,0,0,0,0,0,-6000,0,6000,-6000,0,0,0,49000
066358,美利達永豐01購01,0,0,0,0,0,0,0,0,0,48000,0,0,0,480000,432000,48000,48000
065535,健鼎統一02購03  ,0,0,0,0,0,0,0,0,0,48000,0,0,0,48000,0,48000,48000
06590P,大立光元大98售13,0,0,0,0,0,0,0,0,0,48000,0,0,0,48000,0,48000,48000
065810,台表科群益9C購05,0,0,0,0,0,0,0,0,0,48000,0,0,0,182000,134000,48000,48000
06865P,亞德客元大98售04,0,0,0,0,0,0,0,0,0,48000,0,0,0,61000,13000,48000,48000
056674,華邦電元富98購01,0,0,0,0,0,0,0,0,0,48000,0,0,0,48000,0,48000,48000
057534,旭富元大98購01  ,0,0,0,0,0,0,0,0,0,48000,0,0,0,176000,128000,48000,48000
056969,智易永豐98購01  ,0,0,0,0,0,0,0,0,0,48000,0,0,0,48000,0,48000,48000
061731,旺宏統一9B購06  ,0,0,0,0,0,0,0,0,0,48000,0,0,0,48000,0,48000,48000
061469,瑞祺群益9A購02  ,0,0,0,0,0,0,0,0,0,48000,0,0,0,50000,2000,48000,48000
058289,奇鋐國票9A購01  ,0,0,0,0,0,0,0,0,0,48000,0,0,0,51000,3000,48000,48000
056230,可成凱基98購03  ,0,0,0,0,0,0,0,0,0,48000,0,0,0,48000,0,48000,48000
052695,台表科中信98購01,0,0,0,0,0,0,0,0,0,48000,0,0,0,48000,0,48000,48000
054480,和碩中信98購01  ,0,0,0,0,0,0,0,0,0,48000,0,0,0,48000,0,48000,48000
061795,智邦永豐9B購01  ,0,0,0,0,0,0,0,0,0,48000,0,0,0,68000,20000,48000,48000
062069,喬山元大9B購01  ,0,0,0,0,0,0,0,0,0,48000,0,0,0,48000,0,48000,48000
058640,台灣50麥證9A購01,0,0,0,48000,0,48000,0,0,0,48000,0,0,0,48000,0,48000,48000
060681,華擎元大9A購02  ,0,0,0,0,0,0,0,0,0,48000,0,0,0,48000,0,48000,48000
061517,瑞祺永豐9A購03  ,0,0,0,0,0,0,0,0,0,48000,0,0,0,213000,165000,48000,48000
062834,立積群益9B購02  ,0,0,0,0,0,0,0,0,0,48000,0,0,0,48000,0,48000,48000
058941,華新科中信99購03,0,0,0,0,0,0,0,0,0,48000,0,0,0,94000,46000,48000,48000
058556,百和永豐99購01  ,0,0,0,0,0,0,0,0,0,48000,0,0,0,48000,0,48000,48000
060111,臻鼎元大99購04  ,0,0,0,0,0,0,0,0,0,48000,0,0,0,48000,0,48000,48000
059996,美律元富99購01  ,0,0,0,0,0,0,0,0,0,48000,0,0,0,79000,31000,48000,48000
059919,宏達電元大99購06,0,0,0,0,0,0,0,0,0,48000,0,0,0,108000,60000,48000,48000
059754,訊芯群益9A購01  ,0,0,0,0,0,0,0,0,0,48000,0,0,0,48000,0,48000,48000
064143,旺宏統一01購05  ,0,0,0,0,0,0,0,0,0,48000,0,0,0,48000,0,48000,48000
063904,大立光麥證01購01,0,0,0,48000,36000,12000,0,0,0,48000,0,0,0,84000,36000,48000,48000
063642,茂林元大9B購08  ,0,0,0,0,0,0,0,0,0,48000,0,0,0,68000,20000,48000,48000
063537,華擎統一9C購03  ,0,0,0,0,0,0,0,0,0,48000,0,0,0,58000,10000,48000,48000
063312,台積電群益9B購07,0,0,0,0,0,0,0,0,0,48000,0,0,0,88000,40000,48000,48000
063171,光寶科中信9B購01,0,0,0,0,0,0,0,0,0,48000,0,0,0,67000,19000,48000,48000
063220,建準群益9B購01  ,0,0,0,0,0,0,0,0,0,48000,0,0,0,150000,102000,48000,48000
064240,群創統一02購02  ,0,0,0,0,0,0,0,0,0,48000,0,0,0,98000,50000,48000,48000
064672,同欣電元大01購01,0,0,0,0,0,0,0,0,0,48000,0,0,0,177000,129000,48000,48000
065449,中租統一9C購01  ,0,0,0,0,0,0,0,0,0,48000,0,0,0,48000,0,48000,48000
1709,和益            ,172000,123000,49000,0,0,0,0,0,0,-1000,0,1000,-1000,0,0,0,48000
8454,富邦媒          ,95000,44430,50570,0,0,0,1000,1000,0,-3000,0,3000,-3000,0,0,0,47570
065717,創意中信9C購02  ,0,0,0,0,0,0,0,0,0,47000,0,0,0,82000,35000,47000,47000
058154,泰碩統一9A購01  ,0,0,0,0,0,0,0,0,0,47000,0,0,0,144000,97000,47000,47000
057239,貿聯凱基98購05  ,0,0,0,0,0,0,0,0,0,47000,0,0,0,56000,9000,47000,47000
057405,麗豐群益98購01  ,0,0,0,0,0,0,0,0,0,47000,0,0,0,50000,3000,47000,47000
061375,華通永豐9A購02  ,0,0,0,0,0,0,0,0,0,47000,0,0,0,47000,0,47000,47000
061296,台積電國泰9C購01,0,0,0,0,0,0,0,0,0,47000,0,0,0,85000,38000,47000,47000
065480,旭富元大9C購06  ,0,0,0,0,0,0,0,0,0,47000,0,0,0,711000,664000,47000,47000
064720,長榮航統一02購01,0,0,0,0,0,0,0,0,0,47000,0,0,0,173000,126000,47000,47000
062894,道瓊銀元大9B購02,0,0,0,0,0,0,0,0,0,47000,0,0,0,62000,15000,47000,47000
063269,儒鴻兆豐9C購01  ,0,0,0,0,0,0,0,0,0,47000,0,0,0,57000,10000,47000,47000
063270,喬山兆豐9C購01  ,0,0,0,0,0,0,0,0,0,47000,0,0,0,47000,0,47000,47000
063970,大立光國票01購01,0,0,0,0,0,0,0,0,0,47000,0,0,0,47000,0,47000,47000
3591,艾笛森          ,96000,49000,47000,0,0,0,0,0,0,0,0,0,0,0,0,0,47000
065963,鴻海元大01購05  ,0,0,0,0,0,0,0,0,0,46000,0,0,0,74000,28000,46000,46000
066096,友訊中信05購02  ,0,0,0,0,0,0,0,0,0,46000,0,0,0,52000,6000,46000,46000
066455,聯發科統一01購10,0,0,0,0,0,0,0,0,0,46000,0,0,0,75000,29000,46000,46000
056963,建準永豐98購01  ,0,0,0,0,0,0,0,0,0,46000,0,0,0,93000,47000,46000,46000
056823,智伸科永豐98購01,0,0,0,0,0,0,0,0,0,46000,0,0,0,51000,5000,46000,46000
056663,臺股指元大9A購10,0,0,0,0,0,0,0,0,0,46000,0,0,0,76000,30000,46000,46000
058242,玉晶光元大9A購01,0,0,0,0,0,0,0,0,0,46000,0,0,0,46000,0,46000,46000
057042,台積電元大98購10,0,0,0,0,0,0,0,0,0,46000,0,0,0,148000,102000,46000,46000
054893,帆宣統一99購01  ,0,0,0,0,0,0,0,0,0,46000,0,0,0,164000,118000,46000,46000
054917,聯發科凱基98購05,0,0,0,0,0,0,0,0,0,46000,0,0,0,60000,14000,46000,46000
053152,大立光元大99購01,0,0,0,0,0,0,0,0,0,46000,0,0,0,46000,0,46000,46000
061501,嘉澤國票9A購01  ,0,0,0,0,0,0,0,0,0,46000,0,0,0,73000,27000,46000,46000
061510,嘉澤富邦9C購01  ,0,0,0,0,0,0,0,0,0,46000,0,0,0,46000,0,46000,46000
062316,康控凱基9B購03  ,0,0,0,0,0,0,0,0,0,46000,0,0,0,154000,108000,46000,46000
062306,華通凱基9B購01  ,0,0,0,0,0,0,0,0,0,46000,0,0,0,54000,8000,46000,46000
058510,全新元大9B購02  ,0,0,0,0,0,0,0,0,0,46000,0,0,0,401000,355000,46000,46000
060409,味全永豐9A購01  ,0,0,0,0,0,0,0,0,0,46000,0,0,0,72000,26000,46000,46000
063673,GIS統一9C購02   ,0,0,0,0,0,0,0,0,0,46000,0,0,0,47000,1000,46000,46000
063885,南六元富9C購01  ,0,0,0,0,0,0,0,0,0,46000,0,0,0,47000,1000,46000,46000
063812,智邦群益9C購02  ,0,0,0,0,0,0,0,0,0,46000,0,0,0,48000,2000,46000,46000
063323,同欣電群益9B購03,0,0,0,0,0,0,0,0,0,46000,0,0,0,50000,4000,46000,46000
064701,巨大群益9C購02  ,0,0,0,0,0,0,0,0,0,46000,0,0,0,109000,63000,46000,46000
064272,鴻海元大9C購09  ,0,0,0,0,0,0,0,0,0,46000,0,0,0,74000,28000,46000,46000
3588,通嘉            ,121000,75000,46000,0,0,0,0,0,0,0,0,0,0,0,0,0,46000
066382,拓凱康和01購01  ,0,0,0,0,0,0,0,0,0,45000,0,0,0,54000,9000,45000,45000
066257,台積電元大01購09,0,0,0,0,0,0,0,0,0,45000,0,0,0,45000,0,45000,45000
065860,南電元大02購01  ,0,0,0,0,0,0,0,0,0,45000,0,0,0,50000,5000,45000,45000
065640,聯電元大01購02  ,0,0,0,0,0,0,0,0,0,45000,0,0,0,76000,31000,45000,45000
065571,神基群益01購01  ,0,0,0,0,0,0,0,0,0,45000,0,0,0,71000,26000,45000,45000
07917P,可成永豐9B售01  ,0,0,0,0,0,0,0,0,0,45000,0,0,0,45000,0,45000,45000
08053P,臺股指國票9B售18,0,0,0,0,0,0,0,0,0,45000,0,0,0,52000,7000,45000,45000
08687P,南六永豐01售02  ,0,0,0,0,0,0,0,0,0,45000,0,0,0,58000,13000,45000,45000
053627,宏碁兆豐97購01  ,0,0,0,0,0,0,0,0,0,45000,0,0,0,45000,0,45000,45000
053452,臺股指凱基97購01,0,0,0,0,0,0,0,0,0,45000,0,0,0,45000,0,45000,45000
020008,元大特股高息N   ,0,0,0,0,0,0,0,0,0,45000,0,0,0,47000,2000,45000,45000
00714,群益道瓊美國地產,0,46000,-46000,0,0,0,0,0,0,91000,0,0,0,94000,3000,91000,45000
055571,鴻海統一97購03  ,0,0,0,0,0,0,0,0,0,45000,0,0,0,45000,0,45000,45000
056307,貿聯元大97購05  ,0,0,0,0,0,0,0,0,0,45000,0,0,0,45000,0,45000,45000
054630,聯鈞凱基98購01  ,0,0,0,0,0,0,0,0,0,45000,0,0,0,65000,20000,45000,45000
057077,國巨統一98購06  ,0,0,0,0,0,0,0,0,0,45000,0,0,0,50000,5000,45000,45000
061638,國泰金元大9A購03,0,0,0,0,0,0,0,0,0,45000,0,0,0,50000,5000,45000,45000
058701,鴻海元大99購16  ,0,0,0,0,0,0,0,0,0,45000,0,0,0,84000,39000,45000,45000
062381,上銀國泰9C購01  ,0,0,0,0,0,0,0,0,0,45000,0,0,0,46000,1000,45000,45000
060855,華新科富邦01購01,0,0,0,0,0,0,0,0,0,45000,0,0,0,50000,5000,45000,45000
058649,健策永豐99購01  ,0,0,0,0,0,0,0,0,0,45000,0,0,0,74000,29000,45000,45000
061071,復盛凱基9A購01  ,0,0,0,0,0,0,0,0,0,45000,0,0,0,45000,0,45000,45000
061114,南電元大9A購04  ,0,0,0,0,0,0,0,0,0,45000,0,0,0,45000,0,45000,45000
059074,元油2X元大9C購15,0,0,0,0,0,0,0,0,0,45000,0,0,0,55000,10000,45000,45000
060209,喬山康和9A購01  ,0,0,0,0,0,0,0,0,0,45000,0,0,0,45000,0,45000,45000
064658,喬山元大9C購01  ,0,0,0,0,0,0,0,0,0,45000,0,0,0,45000,0,45000,45000
064859,南亞科富邦01購01,0,0,0,0,0,0,0,0,0,45000,0,0,0,45000,0,45000,45000
065163,香港反元大03購01,0,0,0,0,0,0,0,0,0,45000,0,0,0,55000,10000,45000,45000
063715,鈺齊凱基9C購01  ,0,0,0,0,0,0,0,0,0,45000,0,0,0,45000,0,45000,45000
3413,京鼎            ,1335000,1548000,-213000,0,0,0,200000,0,200000,58000,53000,24000,29000,152000,123000,29000,45000
6215,和椿            ,92000,27000,65000,0,0,0,0,0,0,-20000,0,20000,-20000,0,0,0,45000
08346P,大立光元大9C售15,0,0,0,0,0,0,0,0,0,44000,0,0,0,44000,0,44000,44000
06939P,國巨永豐98售09  ,0,0,0,0,0,0,0,0,0,44000,0,0,0,44000,0,44000,44000
065905,聯茂富邦02購01  ,0,0,0,0,0,0,0,0,0,44000,0,0,0,90000,46000,44000,44000
066448,眾達群益01購01  ,0,0,0,0,0,0,0,0,0,44000,0,0,0,442000,398000,44000,44000
060929,健策永豐9A購01  ,0,0,0,0,0,0,0,0,0,44000,0,0,0,60000,16000,44000,44000
057558,致新凱基98購01  ,0,0,0,0,0,0,0,0,0,44000,0,0,0,44000,0,44000,44000
057767,緯穎凱基98購06  ,0,0,0,0,0,0,0,0,0,44000,0,0,0,45000,1000,44000,44000
058014,上銀凱基99購02  ,0,0,0,0,0,0,0,0,0,44000,0,0,0,44000,0,44000,44000
054739,義隆凱基98購02  ,0,0,0,0,0,0,0,0,0,44000,0,0,0,109000,65000,44000,44000
059037,宏達電群益99購02,0,0,0,0,0,0,0,0,0,44000,0,0,0,72000,28000,44000,44000
059113,群光永豐99購01  ,0,0,0,0,0,0,0,0,0,44000,0,0,0,71000,27000,44000,44000
061030,喬山永豐9A購01  ,0,0,0,0,0,0,0,0,0,44000,0,0,0,44000,0,44000,44000
062188,貿聯元大9B購02  ,0,0,0,0,0,0,0,0,0,44000,0,0,0,44000,0,44000,44000
062642,帆宣國票9B購01  ,0,0,0,0,0,0,0,0,0,44000,0,0,0,44000,0,44000,44000
058727,嘉晶富邦9A購01  ,0,0,0,0,0,0,0,0,0,44000,0,0,0,44000,0,44000,44000
059979,台積電元大99購49,0,0,0,0,0,0,0,0,0,44000,0,0,0,44000,0,44000,44000
063912,信邦凱基01購01  ,0,0,0,0,0,0,0,0,0,44000,0,0,0,44000,0,44000,44000
063248,創意元大9C購01  ,0,0,0,0,0,0,0,0,0,44000,0,0,0,49000,5000,44000,44000
063185,聯發科凱基9C購03,0,0,0,0,0,0,0,0,0,44000,0,0,0,59000,15000,44000,44000
065382,緯穎元大9C購04  ,0,0,0,0,0,0,0,0,0,44000,0,0,0,216000,172000,44000,44000
064831,宏達電統一02購01,0,0,0,0,0,0,0,0,0,44000,0,0,0,94000,50000,44000,44000
064336,可成元大9C購06  ,0,0,0,0,0,0,0,0,0,44000,0,0,0,44000,0,44000,44000
4564,元翎            ,259000,215000,44000,0,0,0,0,0,0,0,0,0,0,0,0,0,44000
066381,景碩康和01購01  ,0,0,0,0,0,0,0,0,0,43000,0,0,0,100000,57000,43000,43000
066030,超眾群益01購01  ,0,0,0,0,0,0,0,0,0,43000,0,0,0,102000,59000,43000,43000
065633,聯發科國票01購02,0,0,0,0,0,0,0,0,0,43000,0,0,0,46000,3000,43000,43000
07100P,華航元大99售01  ,0,0,0,0,0,0,0,0,0,43000,0,0,0,293000,250000,43000,43000
08469P,富邦金凱基9C售01,0,0,0,0,0,0,0,0,0,43000,0,0,0,73000,30000,43000,43000
058104,國巨統一9A購04  ,0,0,0,0,0,0,0,0,0,43000,0,0,0,50000,7000,43000,43000
058209,臺股指凱基01購01,0,0,0,0,0,0,0,0,0,43000,0,0,0,1168000,1125000,43000,43000
057843,晶技永豐98購02  ,0,0,0,0,0,0,0,0,0,43000,0,0,0,53000,10000,43000,43000
059631,京元電凱基99購02,0,0,0,0,0,0,0,0,0,43000,0,0,0,62000,19000,43000,43000
062156,美律凱基9B購01  ,0,0,0,0,0,0,0,0,0,43000,0,0,0,83000,40000,43000,43000
062116,元金2X第一9B購01,0,0,0,0,0,0,0,0,0,43000,0,0,0,52000,9000,43000,43000
062236,信邦凱基9B購01  ,0,0,0,0,0,0,0,0,0,43000,0,0,0,58000,15000,43000,43000
062027,國泰金群益9B購01,0,0,0,0,0,0,0,0,0,43000,0,0,0,43000,0,43000,43000
059061,晶技凱基9A購01  ,0,0,0,0,0,0,0,0,0,43000,0,0,0,108000,65000,43000,43000
060688,世紀鋼元大9C購01,0,0,0,0,0,0,0,0,0,43000,0,0,0,120000,77000,43000,43000
064347,貿聯元大9C購03  ,0,0,0,0,0,0,0,0,0,43000,0,0,0,53000,10000,43000,43000
065448,緯創統一9C購01  ,0,0,0,0,0,0,0,0,0,43000,0,0,0,43000,0,43000,43000
065176,玉晶光元大01購04,0,0,0,0,0,0,0,0,0,43000,0,0,0,65000,22000,43000,43000
064869,景碩永豐9C購01  ,0,0,0,0,0,0,0,0,0,43000,0,0,0,43000,0,43000,43000
063186,聯發科凱基9C購04,0,0,0,0,0,0,0,0,0,43000,0,0,0,71000,28000,43000,43000
063997,泰鼎群益9C購01  ,0,0,0,0,0,0,0,0,0,43000,0,0,0,53000,10000,43000,43000
6277,宏正            ,65000,22000,43000,0,0,0,0,0,0,0,0,0,0,0,0,0,43000
2731,雄獅            ,63000,20000,43000,0,0,0,0,0,0,0,0,0,0,0,0,0,43000
2471,資通            ,155000,114000,41000,0,0,0,0,0,0,2000,2000,0,2000,0,0,0,43000
066053,創意元大01購01  ,0,0,0,0,0,0,0,0,0,42000,0,0,0,42000,0,42000,42000
065904,群創富邦02購01  ,0,0,0,0,0,0,0,0,0,42000,0,0,0,82000,40000,42000,42000
057401,晶豪科群益99購01,0,0,0,0,0,0,0,0,0,42000,0,0,0,42000,0,42000,42000
058385,創意中信99購01  ,0,0,0,0,0,0,0,0,0,42000,0,0,0,96000,54000,42000,42000
060933,南電永豐9A購02  ,0,0,0,0,0,0,0,0,0,42000,0,0,0,42000,0,42000,42000
058107,全新台新99購01  ,0,0,0,0,0,0,0,0,0,42000,0,0,0,42000,0,42000,42000
054755,世紀鋼凱基98購01,0,0,0,0,0,0,0,0,0,42000,0,0,0,69000,27000,42000,42000
055585,國巨元大98購08  ,0,0,0,0,0,0,0,0,0,42000,0,0,0,42000,0,42000,42000
061974,光寶科元大9B購01,0,0,0,0,0,0,0,0,0,42000,0,0,0,70000,28000,42000,42000
059390,華新科凱基99購05,0,0,0,0,0,0,0,0,0,42000,0,0,0,45000,3000,42000,42000
061876,明泰元大9B購01  ,0,0,0,0,0,0,0,0,0,42000,0,0,0,211000,169000,42000,42000
058592,聯發科統一9C購01,0,0,0,0,0,0,0,0,0,42000,0,0,0,87000,45000,42000,42000
062383,大立光國泰01購01,0,0,0,0,0,0,0,0,0,42000,0,0,0,144000,102000,42000,42000
062367,禾伸堂元大9B購02,0,0,0,0,0,0,0,0,0,42000,0,0,0,62000,20000,42000,42000
062445,大立光元大9C購02,0,0,0,0,0,0,0,0,0,42000,0,0,0,42000,0,42000,42000
064208,智邦凱基02購01  ,0,0,0,0,0,0,0,0,0,42000,0,0,0,54000,12000,42000,42000
063155,緯穎元富9B購03  ,0,0,0,0,0,0,0,0,0,42000,0,0,0,42000,0,42000,42000
063149,聯發科元富05購02,0,0,0,0,0,0,0,0,0,42000,0,0,0,42000,0,42000,42000
063352,上銀元富9B購02  ,0,0,0,0,0,0,0,0,0,42000,0,0,0,52000,10000,42000,42000
065164,和大元大01購01  ,0,0,0,0,0,0,0,0,0,42000,0,0,0,44000,2000,42000,42000
065421,康友國票01購01  ,0,0,0,0,0,0,0,0,0,42000,0,0,0,90000,48000,42000,42000
064551,鈺齊凱基9C購02  ,0,0,0,0,0,0,0,0,0,42000,0,0,0,60000,18000,42000,42000
065551,聯發科凱基9C購11,0,0,0,0,0,0,0,0,0,41000,0,0,0,41000,0,41000,41000
065741,聯發科麥證9C購06,0,0,0,73000,32000,41000,0,0,0,41000,0,0,0,73000,32000,41000,41000
065744,華新元大9C購01  ,0,0,0,0,0,0,0,0,0,41000,0,0,0,229000,188000,41000,41000
07634P,金像電元大9A售01,0,0,0,0,0,0,0,0,0,41000,0,0,0,81000,40000,41000,41000
054770,健策國票98購01  ,0,0,0,0,0,0,0,0,0,41000,0,0,0,59000,18000,41000,41000
058077,超眾凱基98購02  ,0,0,0,0,0,0,0,0,0,41000,0,0,0,41000,0,41000,41000
056158,新日興凱基98購02,0,0,0,0,0,0,0,0,0,41000,0,0,0,270000,229000,41000,41000
058396,力山元大99購01  ,0,0,0,0,0,0,0,0,0,41000,0,0,0,41000,0,41000,41000
062542,南電國泰9C購01  ,0,0,0,0,0,0,0,0,0,41000,0,0,0,41000,0,41000,41000
065145,貿聯凱基9C購02  ,0,0,0,0,0,0,0,0,0,41000,0,0,0,48000,7000,41000,41000
063321,泰鼎群益9B購03  ,0,0,0,0,0,0,0,0,0,41000,0,0,0,46000,5000,41000,41000
063390,嘉晶兆豐9B購01  ,0,0,0,0,0,0,0,0,0,41000,0,0,0,99000,58000,41000,41000
063290,GIS元大9B購02   ,0,0,0,0,0,0,0,0,0,41000,0,0,0,124000,83000,41000,41000
063108,世紀鋼群益9C購01,0,0,0,0,0,0,0,0,0,41000,0,0,0,64000,23000,41000,41000
064027,義隆元大9C購01  ,0,0,0,0,0,0,0,0,0,41000,0,0,0,63000,22000,41000,41000
3164,景岳            ,87000,46000,41000,0,0,0,0,0,0,0,0,0,0,0,0,0,41000
07145P,為升元大99售03  ,0,0,0,0,0,0,0,0,0,40000,0,0,0,72000,32000,40000,40000
06840P,臺股指統一98售04,0,0,0,0,0,0,0,0,0,40000,0,0,0,40000,0,40000,40000
08384P,臺股指群益9C售12,0,0,0,0,0,0,0,0,0,40000,0,0,0,100000,60000,40000,40000
08340P,聯發科元富9C售01,0,0,0,0,0,0,0,0,0,40000,0,0,0,40000,0,40000,40000
08300P,世芯國票01售01  ,0,0,0,0,0,0,0,0,0,40000,0,0,0,40000,0,40000,40000
08089P,嘉澤凱基9B售03  ,0,0,0,0,0,0,0,0,0,40000,0,0,0,50000,10000,40000,40000
065568,台積電群益01購04,0,0,0,0,0,0,0,0,0,40000,0,0,0,126000,86000,40000,40000
066109,南電國票02購01  ,0,0,0,0,0,0,0,0,0,40000,0,0,0,100000,60000,40000,40000
066182,康控凱基01購01  ,0,0,0,0,0,0,0,0,0,40000,0,0,0,150000,110000,40000,40000
057307,瀚宇博兆豐99購01,0,0,0,0,0,0,0,0,0,40000,0,0,0,40000,0,40000,40000
057272,台積電元大98購14,0,0,0,0,0,0,0,0,0,40000,0,0,0,40000,0,40000,40000
061719,緯穎凱基9A購06  ,0,0,0,0,0,0,0,0,0,40000,0,0,0,44000,4000,40000,40000
056639,國產康和98購01  ,0,0,0,0,0,0,0,0,0,40000,0,0,0,40000,0,40000,40000
053798,台積電中信98購02,0,0,0,0,0,0,0,0,0,40000,0,0,0,40000,0,40000,40000
053276,友達元大9C購01  ,0,0,0,0,0,0,0,0,0,40000,0,0,0,40000,0,40000,40000
052006,康友富邦98購01  ,0,0,0,0,0,0,0,0,0,40000,0,0,0,40000,0,40000,40000
057183,玉晶光元大99購07,0,0,0,0,0,0,0,0,0,40000,0,0,0,40000,0,40000,40000
058138,晶相光元大9C購01,0,0,0,0,0,0,0,0,0,40000,0,0,0,40000,0,40000,40000
05712P,友達統一97售03  ,0,0,0,0,0,0,0,0,0,40000,0,0,0,40000,0,40000,40000
057069,台積電永豐98購02,0,0,0,0,0,0,0,0,0,40000,0,0,0,90000,50000,40000,40000
054357,可成兆豐97購02  ,0,0,0,0,0,0,0,0,0,40000,0,0,0,40000,0,40000,40000
060607,玉晶光凱基9A購06,0,0,0,0,0,0,0,0,0,40000,0,0,0,50000,10000,40000,40000
060790,日月光富邦9A購01,0,0,0,0,0,0,0,0,0,40000,0,0,0,778000,738000,40000,40000
058583,臻鼎群益99購01  ,0,0,0,0,0,0,0,0,0,40000,0,0,0,40000,0,40000,40000
059855,緯穎永豐99購04  ,0,0,0,0,0,0,0,0,0,40000,0,0,0,190000,150000,40000,40000
060020,康控康和99購01  ,0,0,0,0,0,0,0,0,0,40000,0,0,0,50000,10000,40000,40000
059885,台積電國票99購12,0,0,0,0,0,0,0,0,0,40000,0,0,0,40000,0,40000,40000
059683,康控富邦9C購01  ,0,0,0,0,0,0,0,0,0,40000,0,0,0,40000,0,40000,40000
058698,華通元大99購05  ,0,0,0,0,0,0,0,0,0,40000,0,0,0,65000,25000,40000,40000
059524,FBVIX凱基9A購02 ,0,0,0,0,0,0,0,0,0,40000,0,0,0,45000,5000,40000,40000
060435,鈺齊永豐9A購01  ,0,0,0,0,0,0,0,0,0,40000,0,0,0,100000,60000,40000,40000
062084,台郡元大9B購04  ,0,0,0,0,0,0,0,0,0,40000,0,0,0,40000,0,40000,40000
061951,南電群益9B購01  ,0,0,0,0,0,0,0,0,0,40000,0,0,0,80000,40000,40000,40000
062254,台光電元大9B購02,0,0,0,0,0,0,0,0,0,40000,0,0,0,43000,3000,40000,40000
060664,聯詠凱基9A購01  ,0,0,0,0,0,0,0,0,0,40000,0,0,0,40000,0,40000,40000
061198,世紀鋼永豐9A購03,0,0,0,0,0,0,0,0,0,40000,0,0,0,66000,26000,40000,40000
059147,矽創國票99購01  ,0,0,0,0,0,0,0,0,0,40000,0,0,0,45000,5000,40000,40000
06025P,臺股指元大99售02,0,0,0,0,0,0,0,0,0,40000,0,0,0,80000,40000,40000,40000
064035,GIS元大9C購03   ,0,0,0,0,0,0,0,0,0,40000,0,0,0,50000,10000,40000,40000
063968,新光金國票01購01,0,0,0,0,0,0,0,0,0,40000,0,0,0,142000,102000,40000,40000
063572,麗豐元大9B購01  ,0,0,0,0,0,0,0,0,0,40000,0,0,0,40000,0,40000,40000
063811,亞德客群益9C購01,0,0,0,0,0,0,0,0,0,40000,0,0,0,40000,0,40000,40000
063092,聯發科中信9B購03,0,0,0,0,0,0,0,0,0,40000,0,0,0,53000,13000,40000,40000
063153,南六元富9B購01  ,0,0,0,0,0,0,0,0,0,40000,0,0,0,52000,12000,40000,40000
063207,聯茂統一01購01  ,0,0,0,0,0,0,0,0,0,40000,0,0,0,101000,61000,40000,40000
06327P,台積電中信01售01,0,0,0,0,0,0,0,0,0,40000,0,0,0,51000,11000,40000,40000
063483,致新元大9B購03  ,0,0,0,0,0,0,0,0,0,40000,0,0,0,131000,91000,40000,40000
06506P,台郡國票99售02  ,0,0,0,0,0,0,0,0,0,40000,0,0,0,40000,0,40000,40000
065222,玉晶光永豐9C購07,0,0,0,0,0,0,0,0,0,40000,0,0,0,63000,23000,40000,40000
065339,旺宏統一01購08  ,0,0,0,0,0,0,0,0,0,40000,0,0,0,40000,0,40000,40000
065307,矽格元富9C購01  ,0,0,0,0,0,0,0,0,0,40000,0,0,0,203000,163000,40000,40000
064561,友達群益9C購02  ,0,0,0,0,0,0,0,0,0,40000,0,0,0,50000,10000,40000,40000
064644,台光電凱基9C購01,0,0,0,0,0,0,0,0,0,40000,0,0,0,99000,59000,40000,40000
06444P,大立光凱基98售08,0,0,0,0,0,0,0,0,0,40000,0,0,0,40000,0,40000,40000
064492,技嘉元大9C購01  ,0,0,0,0,0,0,0,0,0,40000,0,0,0,118000,78000,40000,40000
064507,臻鼎元大9C購02  ,0,0,0,0,0,0,0,0,0,40000,0,0,0,119000,79000,40000,40000
2460,建通            ,63000,23000,40000,0,0,0,0,0,0,0,0,0,0,0,0,0,40000
2702,華園            ,72000,32000,40000,0,0,0,0,0,0,0,0,0,0,0,0,0,40000
2427,三商電          ,90000,49000,41000,0,0,0,0,0,0,-1000,0,1000,-1000,0,0,0,40000
5234,達興材料        ,154000,114000,40000,0,0,0,0,0,0,0,0,0,0,0,0,0,40000
066063,南電元大01購04  ,0,0,0,0,0,0,0,0,0,39000,0,0,0,51000,12000,39000,39000
065891,聯發科統一02購03,0,0,0,0,0,0,0,0,0,39000,0,0,0,80000,41000,39000,39000
065809,同欣電群益9C購03,0,0,0,0,0,0,0,0,0,39000,0,0,0,68000,29000,39000,39000
08112P,臺股指中信01售07,0,0,0,0,0,0,0,0,0,39000,0,0,0,119000,80000,39000,39000
07920P,大立光中信01售01,0,0,0,0,0,0,0,0,0,39000,0,0,0,42000,3000,39000,39000
055336,茂林兆豐98購01  ,0,0,0,0,0,0,0,0,0,39000,0,0,0,49000,10000,39000,39000
056578,智易元大99購02  ,0,0,0,0,0,0,0,0,0,39000,0,0,0,67000,28000,39000,39000
060203,緯穎元富9A購01  ,0,0,0,0,0,0,0,0,0,39000,0,0,0,40000,1000,39000,39000
059004,嘉晶元大99購05  ,0,0,0,0,0,0,0,0,0,39000,0,0,0,47000,8000,39000,39000
061506,瑞祺國票9A購02  ,0,0,0,0,0,0,0,0,0,39000,0,0,0,39000,0,39000,39000
061257,上銀凱基9A購06  ,0,0,0,0,0,0,0,0,0,39000,0,0,0,50000,11000,39000,39000
061873,友達元大9C購07  ,0,0,0,0,0,0,0,0,0,39000,0,0,0,39000,0,39000,39000
061948,美食群益9B購01  ,0,0,0,0,0,0,0,0,0,39000,0,0,0,39000,0,39000,39000
060037,鴻海國票99購10  ,0,0,0,0,0,0,0,0,0,39000,0,0,0,54000,15000,39000,39000
062742,技嘉國泰01購01  ,0,0,0,0,0,0,0,0,0,39000,0,0,0,42000,3000,39000,39000
064564,義隆群益9C購02  ,0,0,0,0,0,0,0,0,0,39000,0,0,0,46000,7000,39000,39000
065445,台光電統一01購05,0,0,0,0,0,0,0,0,0,39000,0,0,0,81000,42000,39000,39000
065053,南電凱基02購01  ,0,0,0,0,0,0,0,0,0,39000,0,0,0,39000,0,39000,39000
064900,景碩群益01購01  ,0,0,0,0,0,0,0,0,0,39000,0,0,0,59000,20000,39000,39000
063245,富邦金元大9B購03,0,0,0,0,0,0,0,0,0,39000,0,0,0,98000,59000,39000,39000
062923,緯穎元大9B購06  ,0,0,0,0,0,0,0,0,0,39000,0,0,0,82000,43000,39000,39000
063799,華邦電凱基9C購02,0,0,0,0,0,0,0,0,0,39000,0,0,0,39000,0,39000,39000
064170,儒鴻元富9C購01  ,0,0,0,0,0,0,0,0,0,39000,0,0,0,123000,84000,39000,39000
6176,瑞儀            ,1506000,1370000,136000,0,0,0,0,165000,-165000,68000,90000,21000,69000,23000,24000,-1000,39000
1305,華夏            ,492000,458640,33360,0,0,0,0,0,0,5000,0,0,0,5000,0,5000,38360
08275P,南亞科元富9C售01,0,0,0,0,0,0,0,0,0,38000,0,0,0,138000,100000,38000,38000
065774,旭富國票01購01  ,0,0,0,0,0,0,0,0,0,38000,0,0,0,201000,163000,38000,38000
066372,惠特中信01購01  ,0,0,0,0,0,0,0,0,0,38000,0,0,0,85000,47000,38000,38000
057452,新日興元富98購01,0,0,0,0,0,0,0,0,0,38000,0,0,0,38000,0,38000,38000
061307,和潤永豐9A購02  ,0,0,0,0,0,0,0,0,0,38000,0,0,0,278000,240000,38000,38000
060926,宏達電永豐9A購01,0,0,0,0,0,0,0,0,0,38000,0,0,0,61000,23000,38000,38000
056484,聯茂元大98購02  ,0,0,0,0,0,0,0,0,0,38000,0,0,0,38000,0,38000,38000
054760,台化國票9A購01  ,0,0,0,0,0,0,0,0,0,38000,0,0,0,38000,0,38000,38000
054563,泰碩群益99購01  ,0,0,0,0,0,0,0,0,0,38000,0,0,0,113000,75000,38000,38000
058093,神達元大9A購01  ,0,0,0,0,0,0,0,0,0,38000,0,0,0,43000,5000,38000,38000
055919,景碩凱基98購02  ,0,0,0,0,0,0,0,0,0,38000,0,0,0,40000,2000,38000,38000
060060,台積電兆豐99購05,0,0,0,0,0,0,0,0,0,38000,0,0,0,40000,2000,38000,38000
060322,卜蜂群益9A購01  ,0,0,0,0,0,0,0,0,0,38000,0,0,0,38000,0,38000,38000
062106,華邦電國票9B購02,0,0,0,0,0,0,0,0,0,38000,0,0,0,38000,0,38000,38000
062097,台光電永豐9B購01,0,0,0,0,0,0,0,0,0,38000,0,0,0,64000,26000,38000,38000
062161,南六凱基9C購01  ,0,0,0,0,0,0,0,0,0,38000,0,0,0,52000,14000,38000,38000
063984,華邦電國泰02購01,0,0,0,0,0,0,0,0,0,38000,0,0,0,68000,30000,38000,38000
063263,高鐵永豐9B購01  ,0,0,0,0,0,0,0,0,0,38000,0,0,0,43000,5000,38000,38000
063340,英業達統一9B購01,0,0,0,0,0,0,0,0,0,38000,0,0,0,68000,30000,38000,38000
065007,群創國票01購01  ,0,0,0,0,0,0,0,0,0,38000,0,0,0,50000,12000,38000,38000
065345,台光電統一01購04,0,0,0,0,0,0,0,0,0,38000,0,0,0,89000,51000,38000,38000
065214,友達國泰01購01  ,0,0,0,0,0,0,0,0,0,38000,0,0,0,40000,2000,38000,38000
064588,玉晶光永豐9C購05,0,0,0,0,0,0,0,0,0,38000,0,0,0,120000,82000,38000,38000
064818,華新統一01購01  ,0,0,0,0,0,0,0,0,0,38000,0,0,0,391000,353000,38000,38000
064537,健鼎國票01購02  ,0,0,0,0,0,0,0,0,0,38000,0,0,0,38000,0,38000,38000
064325,亞德客元大9C購01,0,0,0,0,0,0,0,0,0,38000,0,0,0,121000,83000,38000,38000
9802,鈺齊-KY         ,872000,442000,430000,0,0,0,0,417000,-417000,25000,30000,0,30000,5000,10000,-5000,38000
9911,櫻花            ,160000,90400,69600,0,0,0,0,32000,-32000,0,0,0,0,0,0,0,37600
06677P,牧德國票98售02  ,0,0,0,0,0,0,0,0,0,37000,0,0,0,37000,0,37000,37000
065573,新日興群益01購02,0,0,0,0,0,0,0,0,0,37000,0,0,0,84000,47000,37000,37000
065913,光寶科凱基01購01,0,0,0,0,0,0,0,0,0,37000,0,0,0,37000,0,37000,37000
08408P,臺股指元大9C售14,0,0,0,0,0,0,0,0,0,37000,0,0,0,40000,3000,37000,37000
08461P,長榮航國票9C售01,0,0,0,0,0,0,0,0,0,37000,0,0,0,97000,60000,37000,37000
055932,玉山金群益99購01,0,0,0,0,0,0,0,0,0,37000,0,0,0,37000,0,37000,37000
056468,鴻海元大98購07  ,0,0,0,0,0,0,0,0,0,37000,0,0,0,53000,16000,37000,37000
057964,緯穎元大99購03  ,0,0,0,0,0,0,0,0,0,37000,0,0,0,45000,8000,37000,37000
061657,智原國票9A購01  ,0,0,0,0,0,0,0,0,0,37000,0,0,0,64000,27000,37000,37000
059360,全新永豐99購02  ,0,0,0,0,0,0,0,0,0,37000,0,0,0,37000,0,37000,37000
061572,奇力新元大9A購04,0,0,0,0,0,0,0,0,0,37000,0,0,0,37000,0,37000,37000
059051,和大凱基9A購01  ,0,0,0,0,0,0,0,0,0,37000,0,0,0,37000,0,37000,37000
060099,宏達電元大99購09,0,0,0,0,0,0,0,0,0,37000,0,0,0,41000,4000,37000,37000
062689,華擎統一02購01  ,0,0,0,0,0,0,0,0,0,37000,0,0,0,81000,44000,37000,37000
062761,嘉晶凱基9C購01  ,0,0,0,0,0,0,0,0,0,37000,0,0,0,109000,72000,37000,37000
060758,台積電元大9A購19,0,0,0,0,0,0,0,0,0,37000,0,0,0,37000,0,37000,37000
060566,聯詠富邦9C購01  ,0,0,0,0,0,0,0,0,0,37000,0,0,0,37000,0,37000,37000
064643,瑞昱凱基04購01  ,0,0,0,0,0,0,0,0,0,37000,0,0,0,68000,31000,37000,37000
064941,台積電台新9C購04,0,0,0,0,0,0,0,0,0,37000,0,0,0,37000,0,37000,37000
063346,TPK統一9C購01   ,0,0,0,0,0,0,0,0,0,37000,0,0,0,44000,7000,37000,37000
062903,燿華元大9B購04  ,0,0,0,0,0,0,0,0,0,37000,0,0,0,37000,0,37000,37000
063042,同欣電凱基9C購01,0,1000,-1000,0,0,0,0,0,0,38000,0,0,0,133000,95000,38000,37000
063064,台表科元富9B購01,0,0,0,0,0,0,0,0,0,37000,0,0,0,57000,20000,37000,37000
063734,可成元大9B購04  ,0,0,0,0,0,0,0,0,0,37000,0,0,0,37000,0,37000,37000
063719,T50反1元大9B購11,0,0,0,0,0,0,0,0,0,37000,0,0,0,37000,0,37000,37000
063659,世紀鋼元富9B購01,0,0,0,0,0,0,0,0,0,37000,0,0,0,145000,108000,37000,37000
3002,歐格            ,58000,22000,36000,0,0,0,0,0,0,1000,2000,1000,1000,0,0,0,37000
08533P,技嘉元富06售02  ,0,0,0,0,0,0,0,0,0,36000,0,0,0,36000,0,36000,36000
07747P,晶技凱基9A售04  ,0,0,0,0,0,0,0,0,0,36000,0,0,0,36000,0,36000,36000
07363P,大立光元大99售26,0,0,0,0,0,0,0,0,0,36000,0,0,0,36000,0,36000,36000
065910,立積永豐9C購02  ,0,0,0,0,0,0,0,0,0,36000,0,0,0,36000,0,36000,36000
066170,聯陽凱基01購01  ,0,0,0,0,0,0,0,0,0,36000,0,0,0,691000,655000,36000,36000
066220,矽格台新01購01  ,0,0,0,0,0,0,0,0,0,36000,0,0,0,36000,0,36000,36000
061372,世紀鋼國泰9C購01,0,0,0,0,0,0,0,0,0,36000,0,0,0,265000,229000,36000,36000
061406,華通國票9A購06  ,0,0,0,0,0,0,0,0,0,36000,0,0,0,109000,73000,36000,36000
058272,超眾永豐9A購01  ,0,0,0,0,0,0,0,0,0,36000,0,0,0,46000,10000,36000,36000
058358,技嘉凱基9A購01  ,0,0,0,0,0,0,0,0,0,36000,0,0,0,55000,19000,36000,36000
057373,大立光元大98購17,0,0,0,0,0,0,0,0,0,36000,0,0,0,46000,10000,36000,36000
056058,建準元大97購02  ,0,0,0,0,0,0,0,0,0,36000,0,0,0,61000,25000,36000,36000
00678,群益NBI生技     ,36000,0,36000,0,0,0,0,0,0,0,0,0,0,300000,300000,0,36000
060608,玉晶光凱基9A購08,0,0,0,0,0,0,0,0,0,36000,0,0,0,36000,0,36000,36000
060857,旭富富邦9B購01  ,0,0,0,0,0,0,0,0,0,36000,0,0,0,154000,118000,36000,36000
060868,致伸永豐9A購01  ,0,0,0,0,0,0,0,0,0,36000,0,0,0,104000,68000,36000,36000
060054,華新科凱基9B購04,0,0,0,0,0,0,0,0,0,36000,0,0,0,260000,224000,36000,36000
058570,臻鼎凱基9A購01  ,0,0,0,0,0,0,0,0,0,36000,0,0,0,40000,4000,36000,36000
060245,聯陽元大9C購01  ,0,0,0,0,0,0,0,0,0,36000,0,0,0,36000,0,36000,36000
062002,鴻海國泰01購01  ,0,0,0,0,0,0,0,0,0,36000,0,0,0,75000,39000,36000,36000
063643,臻鼎元大9B購03  ,0,0,0,0,0,0,0,0,0,36000,0,0,0,193000,157000,36000,36000
063862,世紀鋼國泰02購01,0,0,0,0,0,0,0,0,0,36000,0,0,0,189000,153000,36000,36000
063928,可成統一01購02  ,0,0,0,0,0,0,0,0,0,36000,0,0,0,158000,122000,36000,36000
064111,國巨國票02購02  ,0,0,0,0,0,0,0,0,0,36000,0,0,0,41000,5000,36000,36000
063344,臺企銀統一9C購01,0,0,0,0,0,0,0,0,0,36000,0,0,0,71000,35000,36000,36000
065476,聯發科元大9C購14,0,0,0,0,0,0,0,0,0,36000,0,0,0,36000,0,36000,36000
065477,健鼎元大9C購03  ,0,0,0,0,0,0,0,0,0,36000,0,0,0,185000,149000,36000,36000
064669,健策元大01購03  ,0,0,0,0,0,0,0,0,0,36000,0,0,0,187000,151000,36000,36000
2897,王道銀行        ,93000,51000,42000,0,0,0,0,6000,-6000,0,0,0,0,0,0,0,36000
1465,偉全            ,36000,0,36000,0,0,0,0,0,0,0,0,0,0,0,0,0,36000
910861,神州-DR         ,36000,0,36000,0,0,0,0,0,0,0,0,0,0,0,0,0,36000
1308,亞聚            ,134000,98304,35696,0,0,0,0,0,0,0,0,0,0,0,0,0,35696
2204,中華            ,140000,104000,36000,0,0,0,0,0,0,-851,0,0,0,0,851,-851,35149
08610P,鴻海凱基9C售05  ,0,0,0,0,0,0,0,0,0,35000,0,0,0,56000,21000,35000,35000
07894P,燿華元大9B售01  ,0,0,0,0,0,0,0,0,0,35000,0,0,0,35000,0,35000,35000
066595,敦泰群益01購01  ,0,0,0,0,0,0,0,0,0,35000,0,0,0,50000,15000,35000,35000
053412,台達電國票97購02,0,0,0,0,0,0,0,0,0,35000,0,0,0,35000,0,35000,35000
056075,瀚宇博元大97購03,0,0,0,0,0,0,0,0,0,35000,0,0,0,35000,0,35000,35000
055894,欣興統一97購03  ,0,0,0,0,0,0,0,0,0,35000,0,0,0,52000,17000,35000,35000
055399,超眾統一99購01  ,0,0,0,0,0,0,0,0,0,35000,0,0,0,40000,5000,35000,35000
057270,遠東新元大98購01,0,0,0,0,0,0,0,0,0,35000,0,0,0,35000,0,35000,35000
057763,康控凱基99購02  ,0,0,0,0,0,0,0,0,0,35000,0,0,0,35000,0,35000,35000
057982,帆宣永豐98購01  ,0,0,0,0,0,0,0,0,0,35000,0,0,0,74000,39000,35000,35000
061456,玉晶光凱基9B購05,0,0,0,0,0,0,0,0,0,35000,0,0,0,45000,10000,35000,35000
061422,台積電元大9A購30,0,0,0,0,0,0,0,0,0,35000,0,0,0,50000,15000,35000,35000
061739,奇力新凱基9C購01,0,0,0,0,0,0,0,0,0,35000,0,0,0,35000,0,35000,35000
056668,光磊國票99購01  ,0,0,0,0,0,0,0,0,0,35000,0,0,0,211000,176000,35000,35000
060212,華航康和9A購01  ,0,0,0,0,0,0,0,0,0,35000,0,0,0,35000,0,35000,35000
059062,群創凱基99購05  ,0,0,0,0,0,0,0,0,0,35000,0,0,0,46000,11000,35000,35000
061074,儒鴻兆豐9B購01  ,0,0,0,0,0,0,0,0,0,35000,0,0,0,35000,0,35000,35000
059634,可成凱基99購07  ,0,0,0,0,0,0,0,0,0,35000,0,0,0,35000,0,35000,35000
059536,新光金凱基99購05,0,0,0,0,0,0,0,0,0,35000,0,0,0,35000,0,35000,35000
058899,旺宏元大99購10  ,0,0,0,0,0,0,0,0,0,35000,0,0,0,210000,175000,35000,35000
060818,上銀統一9C購01  ,0,0,0,0,0,0,0,0,0,35000,0,0,0,45000,10000,35000,35000
06426P,T50正2元大9B售01,0,0,0,0,0,0,0,0,0,35000,0,0,0,35000,0,35000,35000
064295,聚陽國票01購01  ,0,0,0,0,0,0,0,0,0,35000,0,0,0,35000,0,35000,35000
064255,泰碩國泰02購01  ,0,0,0,0,0,0,0,0,0,35000,0,0,0,224000,189000,35000,35000
064408,TPK凱基02購01   ,0,0,0,0,0,0,0,0,0,35000,0,0,0,35000,0,35000,35000
063907,華通凱基9C購03  ,0,0,0,0,0,0,0,0,0,35000,0,0,0,55000,20000,35000,35000
064062,創意國泰01購01  ,0,0,0,0,0,0,0,0,0,35000,0,0,0,35000,0,35000,35000
065845,友達元大9C購12  ,0,0,0,0,0,0,0,0,0,34000,0,0,0,37000,3000,34000,34000
07134P,臺股指元大9A售28,0,0,0,0,0,0,0,0,0,34000,0,0,0,94000,60000,34000,34000
08522P,智邦元大9C售08  ,0,0,0,0,0,0,0,0,0,34000,0,0,0,34000,0,34000,34000
056585,台積電統一9A購01,0,0,0,0,0,0,0,0,0,34000,0,0,0,34000,0,34000,34000
057751,神達國票99購02  ,0,0,0,0,0,0,0,0,0,34000,0,0,0,55000,21000,34000,34000
054259,健策元大97購03  ,0,0,0,0,0,0,0,0,0,34000,0,0,0,39000,5000,34000,34000
057096,緯穎元富98購01  ,0,0,0,0,0,0,0,0,0,34000,0,0,0,70000,36000,34000,34000
050508,上証2X元大97購01,0,0,0,0,0,0,0,0,0,34000,0,0,0,34000,0,34000,34000
00660,元大歐洲50      ,0,0,0,0,0,0,0,0,0,34000,0,0,0,36000,2000,34000,34000
0054,元大台商50      ,0,0,0,0,0,0,0,0,0,34000,0,0,0,35000,1000,34000,34000
060559,世紀鋼凱基9C購01,0,0,0,0,0,0,0,0,0,34000,0,0,0,84000,50000,34000,34000
059456,智易永豐99購01  ,0,0,0,0,0,0,0,0,0,34000,0,0,0,34000,0,34000,34000
062086,瑞祺元大9B購01  ,0,0,0,0,0,0,0,0,0,34000,0,0,0,50000,16000,34000,34000
063520,上銀凱基9B購05  ,0,0,0,0,0,0,0,0,0,34000,0,0,0,44000,10000,34000,34000
062897,上銀元大9B購06  ,0,0,0,0,0,0,0,0,0,34000,0,0,0,119000,85000,34000,34000
2706,第一店          ,47000,13000,34000,0,0,0,0,0,0,0,0,0,0,0,0,0,34000
2516,新建            ,38000,3000,35000,0,0,0,0,0,0,-1000,0,1000,-1000,0,0,0,34000
08145P,台灣50群益9B售11,0,0,0,0,0,0,0,0,0,33000,0,0,0,56000,23000,33000,33000
066052,景碩元大02購01  ,0,0,0,0,0,0,0,0,0,33000,0,0,0,100000,67000,33000,33000
065538,健鼎統一9C購01  ,0,0,0,0,0,0,0,0,0,33000,0,0,0,44000,11000,33000,33000
065735,矽格凱基01購02  ,0,0,0,0,0,0,0,0,0,33000,0,0,0,51000,18000,33000,33000
048270,T50反1富邦99購01,0,0,0,0,0,0,0,0,0,33000,0,0,0,53000,20000,33000,33000
057142,力成兆豐98購01  ,0,0,0,0,0,0,0,0,0,33000,0,0,0,33000,0,33000,33000
057226,上銀凱基98購06  ,0,0,0,0,0,0,0,0,0,33000,0,0,0,33000,0,33000,33000
057249,華邦電統一9A購01,0,0,0,0,0,0,0,0,0,33000,0,0,0,48000,15000,33000,33000
057935,晶技群益98購02  ,0,0,0,0,0,0,0,0,0,33000,0,0,0,33000,0,33000,33000
056945,鴻海統一98購12  ,0,0,0,0,0,0,0,0,0,33000,0,0,0,105000,72000,33000,33000
061620,禾伸堂群益9A購02,0,0,0,0,0,0,0,0,0,33000,0,0,0,33000,0,33000,33000
062164,禾伸堂國泰01購01,0,0,0,0,0,0,0,0,0,33000,0,0,0,85000,52000,33000,33000
061765,義隆元大9B購01  ,0,0,0,0,0,0,0,0,0,33000,0,0,0,61000,28000,33000,33000
062029,牧德群益9B購03  ,0,0,0,0,0,0,0,0,0,33000,0,0,0,33000,0,33000,33000
060202,康友元富9A購01  ,0,0,0,0,0,0,0,0,0,33000,0,0,0,53000,20000,33000,33000
058536,群創統一9B購01  ,0,0,0,0,0,0,0,0,0,33000,0,0,0,68000,35000,33000,33000
058905,京鼎元大99購01  ,0,0,0,0,0,0,0,0,0,33000,0,0,0,33000,0,33000,33000
063200,瑞昱統一9C購01  ,0,0,0,0,0,0,0,0,0,33000,0,0,0,33000,0,33000,33000
064130,創意元大9C購02  ,0,0,0,0,0,0,0,0,0,33000,0,0,0,36000,3000,33000,33000
064179,上銀富邦01購01  ,0,0,0,0,0,0,0,0,0,33000,0,0,0,43000,10000,33000,33000
064317,日月光群益9C購01,0,0,0,0,0,0,0,0,0,33000,0,0,0,95000,62000,33000,33000
065185,和大統一02購05  ,0,0,0,0,0,0,0,0,0,33000,0,0,0,33000,0,33000,33000
2239,英利-KY         ,58000,25000,33000,0,0,0,0,0,0,0,0,0,0,0,0,0,33000
065794,麗豐永豐9C購01  ,0,0,0,0,0,0,0,0,0,32000,0,0,0,32000,0,32000,32000
065983,亞德客國泰03購01,0,0,0,0,0,0,0,0,0,32000,0,0,0,146000,114000,32000,32000
065899,神基麥證9C購02  ,0,0,0,32000,0,32000,0,0,0,32000,0,0,0,32000,0,32000,32000
066166,大毅凱基02購01  ,0,0,0,0,0,0,0,0,0,32000,0,0,0,34000,2000,32000,32000
066402,泰鼎凱基01購02  ,0,0,0,0,0,0,0,0,0,32000,0,0,0,133000,101000,32000,32000
1323,永裕            ,35000,3000,32000,0,0,0,0,0,0,0,0,0,0,0,0,0,32000
07215P,大立光凱基99售07,0,0,0,0,0,0,0,0,0,32000,0,0,0,32000,0,32000,32000
060922,金像電永豐9A購01,0,0,0,0,0,0,0,0,0,32000,0,0,0,38000,6000,32000,32000
057738,旺宏富邦9A購01  ,0,0,0,0,0,0,0,0,0,32000,0,0,0,80000,48000,32000,32000
058374,玉晶光凱基9A購03,0,0,0,0,0,0,0,0,0,32000,0,0,0,32000,0,32000,32000
056549,嘉聯益凱基98購04,0,0,0,0,0,0,0,0,0,32000,0,0,0,42000,10000,32000,32000
058190,貿聯永豐99購01  ,0,0,0,0,0,0,0,0,0,32000,0,0,0,53000,21000,32000,32000
057092,健策元富98購01  ,0,0,0,0,0,0,0,0,0,32000,0,0,0,32000,0,32000,32000
056330,玉晶光國票99購03,0,0,0,0,0,0,0,0,0,32000,0,0,0,32000,0,32000,32000
056065,奇鋐元大97購01  ,0,0,0,0,0,0,0,0,0,32000,0,0,0,120000,88000,32000,32000
053630,奇鋐兆豐97購01  ,0,0,0,0,0,0,0,0,0,32000,0,0,0,32000,0,32000,32000
058798,大立光元大99購11,0,0,0,0,0,0,0,0,0,32000,0,0,0,238000,206000,32000,32000
060606,玉晶光凱基9A購05,0,0,0,0,0,0,0,0,0,32000,0,0,0,42000,10000,32000,32000
062717,華邦電凱基9C購01,0,0,0,0,0,0,0,0,0,32000,0,0,0,32000,0,32000,32000
062817,富邦金兆豐9B購01,0,0,0,0,0,0,0,0,0,32000,0,0,0,131000,99000,32000,32000
062593,健策統一9B購03  ,0,0,0,0,0,0,0,0,0,32000,0,0,0,32000,0,32000,32000
058669,上銀群益99購01  ,0,0,0,0,0,0,0,0,0,32000,0,0,0,33000,1000,32000,32000
065168,台積電元大02購02,0,0,0,0,0,0,0,0,0,32000,0,0,0,32000,0,32000,32000
065419,立積國票01購03  ,0,0,0,0,0,0,0,0,0,32000,0,0,0,32000,0,32000,32000
064262,玉晶光永豐9C購03,0,0,0,0,0,0,0,0,0,32000,0,0,0,110000,78000,32000,32000
064266,聯茂永豐9C購01  ,0,0,0,0,0,0,0,0,0,32000,0,0,0,32000,0,32000,32000
064612,聯電元大01購01  ,0,0,0,0,0,0,0,0,0,32000,0,0,0,100000,68000,32000,32000
064054,中租統一02購01  ,0,0,0,0,0,0,0,0,0,32000,0,0,0,40000,8000,32000,32000
063747,國巨國票9C購06  ,0,0,0,0,0,0,0,0,0,32000,0,0,0,33000,1000,32000,32000
062879,美食兆豐9B購01  ,0,0,0,0,0,0,0,0,0,32000,0,0,0,37000,5000,32000,32000
062882,新日興兆豐9C購01,0,0,0,0,0,0,0,0,0,32000,0,0,0,32000,0,32000,32000
062994,祥碩群益9B購05  ,0,0,0,0,0,0,0,0,0,32000,0,0,0,96000,64000,32000,32000
063357,聯發科國泰01購04,0,0,0,0,0,0,0,0,0,32000,0,0,0,39000,7000,32000,32000
2358,廷鑫            ,60000,28000,32000,0,0,0,0,0,0,0,0,0,0,0,0,0,32000
1441,大東            ,32000,1000,31000,0,0,0,0,0,0,1000,1000,0,1000,0,0,0,32000
6166,凌華            ,61000,30000,31000,0,0,0,0,0,0,1000,0,0,0,6000,5000,1000,32000
06782P,大立光元大99售07,0,0,0,0,0,0,0,0,0,31000,0,0,0,31000,0,31000,31000
08018P,牧德國票9B售04  ,0,0,0,0,0,0,0,0,0,31000,0,0,0,31000,0,31000,31000
08698P,可成凱基01售02  ,0,0,0,0,0,0,0,0,0,31000,0,0,0,31000,0,31000,31000
066318,友訊永豐01購01  ,0,0,0,0,0,0,0,0,0,31000,0,0,0,31000,0,31000,31000
065754,健鼎元大9C購06  ,0,0,0,0,0,0,0,0,0,31000,0,0,0,79000,48000,31000,31000
054201,聯詠富邦97購02  ,0,0,0,0,0,0,0,0,0,31000,0,0,0,31000,0,31000,31000
057084,立積統一9B購01  ,0,0,0,0,0,0,0,0,0,31000,0,0,0,31000,0,31000,31000
058218,緯穎群益99購01  ,0,0,0,0,0,0,0,0,0,31000,0,0,0,38000,7000,31000,31000
061926,晶技凱基9B購02  ,0,0,0,0,0,0,0,0,0,31000,0,0,0,130000,99000,31000,31000
061541,旺宏群益9A購03  ,0,0,0,0,0,0,0,0,0,31000,0,0,0,31000,0,31000,31000
062622,南電元大9B購03  ,0,0,0,0,0,0,0,0,0,31000,0,0,0,41000,10000,31000,31000
058449,台積電永豐99購01,0,0,0,0,0,0,0,0,0,31000,0,0,0,31000,0,31000,31000
059921,大立光元大99購24,0,0,0,0,0,0,0,0,0,31000,0,0,0,71000,40000,31000,31000
063482,緯穎元大9B購09  ,0,0,0,0,0,0,0,0,0,31000,0,0,0,148000,117000,31000,31000
062922,南六元大9B購03  ,0,0,0,0,0,0,0,0,0,31000,0,0,0,90000,59000,31000,31000
064007,嘉澤凱基02購01  ,0,0,0,0,0,0,0,0,0,31000,0,0,0,300000,269000,31000,31000
064578,TPK國泰02購01   ,0,0,0,0,0,0,0,0,0,31000,0,0,0,75000,44000,31000,31000
064657,和大元大9C購02  ,0,0,0,0,0,0,0,0,0,31000,0,0,0,31000,0,31000,31000
064417,創意中信9C購01  ,0,0,0,0,0,0,0,0,0,31000,0,0,0,38000,7000,31000,31000
065279,T50反1群益9C購03,0,0,0,0,0,0,0,0,0,31000,0,0,0,549000,518000,31000,31000
6183,關貿            ,104000,71000,33000,0,0,0,0,0,0,-2000,0,0,0,0,2000,-2000,31000
2420,新巨            ,43000,12000,31000,0,0,0,0,0,0,0,0,0,0,0,0,0,31000
2614,東森            ,1304000,1241000,63000,0,0,0,0,0,0,-32000,0,0,0,0,32000,-32000,31000
065895,台勝科統一02購01,0,0,0,0,0,0,0,0,0,30000,0,0,0,609000,579000,30000,30000
066093,世紀鋼永豐01購01,0,0,0,0,0,0,0,0,0,30000,0,0,0,80000,50000,30000,30000
066632,智原凱基02購01  ,0,0,0,0,0,0,0,0,0,30000,0,0,0,30000,0,30000,30000
066452,晶碩群益01購01  ,0,0,0,0,0,0,0,0,0,30000,0,0,0,30000,0,30000,30000
08244P,同欣電凱基9C售03,0,0,0,0,0,0,0,0,0,30000,0,0,0,30000,0,30000,30000
07972P,大立光統一9C售05,0,0,0,0,0,0,0,0,0,30000,0,0,0,30000,0,30000,30000
07856P,力成凱基9A售02  ,0,0,0,0,0,0,0,0,0,30000,0,0,0,30000,0,30000,30000
07890P,南電國票9B售01  ,0,0,0,0,0,0,0,0,0,30000,0,0,0,222000,192000,30000,30000
07872P,聯發科群益9B售03,0,0,0,0,0,0,0,0,0,30000,0,0,0,30000,0,30000,30000
07793P,同欣電元大9A售02,0,0,0,0,0,0,0,0,0,30000,0,0,0,30000,0,30000,30000
06880P,鈺齊凱基98售03  ,0,0,0,0,0,0,0,0,0,30000,0,0,0,80000,50000,30000,30000
07023P,南電永豐99售02  ,0,0,0,0,0,0,0,0,0,30000,0,0,0,30000,0,30000,30000
058236,大立光元大99購09,0,0,0,0,0,0,0,0,0,30000,0,0,0,50000,20000,30000,30000
058298,聯茂凱基99購05  ,0,0,0,0,0,0,0,0,0,30000,0,0,0,30000,0,30000,30000
057986,華新科元富99購05,0,0,0,0,0,0,0,0,0,30000,0,0,0,30000,0,30000,30000
057598,鴻海群益98購07  ,0,0,0,0,0,0,0,0,0,30000,0,0,0,30000,0,30000,30000
057279,國揚元大98購01  ,0,0,0,0,0,0,0,0,0,30000,0,0,0,90000,60000,30000,30000
056365,欣興元大98購01  ,0,0,0,0,0,0,0,0,0,30000,0,0,0,34000,4000,30000,30000
057388,奇鋐永豐98購02  ,0,0,0,0,0,0,0,0,0,30000,0,0,0,52000,22000,30000,30000
061352,茂林元大9A購04  ,0,0,0,0,0,0,0,0,0,30000,0,0,0,30000,0,30000,30000
057006,國巨中信98購03  ,0,0,0,0,0,0,0,0,0,30000,0,0,0,30000,0,30000,30000
056769,國產元大98購01  ,0,0,0,0,0,0,0,0,0,30000,0,0,0,30000,0,30000,30000
058061,貿聯元富9B購01  ,0,0,0,0,0,0,0,0,0,30000,0,0,0,60000,30000,30000,30000
054060,晶技國票97購02  ,0,0,0,0,0,0,0,0,0,30000,0,0,0,30000,0,30000,30000
056318,鴻海群益98購02  ,0,0,0,0,0,0,0,0,0,30000,0,0,0,30000,0,30000,30000
055311,健策群益98購02  ,0,0,0,0,0,0,0,0,0,30000,0,0,0,40000,10000,30000,30000
055506,台郡元大99購02  ,0,0,0,0,0,0,0,0,0,30000,0,0,0,30000,0,30000,30000
055007,晶相光元富9A購02,0,0,0,0,0,0,0,0,0,30000,0,0,0,30000,0,30000,30000
054840,T50反1兆豐98購01,0,0,0,0,0,0,0,0,0,30000,0,0,0,30000,0,30000,30000
053361,友達元富99購01  ,0,0,0,0,0,0,0,0,0,30000,0,0,0,145000,115000,30000,30000
053363,旺宏國泰98購02  ,0,0,0,0,0,0,0,0,0,30000,0,0,0,30000,0,30000,30000
051848,元金2X中信98購02,0,0,0,0,0,0,0,0,0,30000,0,0,0,30000,0,30000,30000
055834,國巨元大97購13  ,0,0,0,0,0,0,0,0,0,30000,0,0,0,30000,0,30000,30000
056186,智原統一97購01  ,0,0,0,0,0,0,0,0,0,30000,0,0,0,30000,0,30000,30000
056206,泰鼎永豐97購01  ,0,0,0,0,0,0,0,0,0,30000,0,0,0,40000,10000,30000,30000
050014,國巨富邦98購01  ,0,0,0,0,0,0,0,0,0,30000,0,0,0,30000,0,30000,30000
055721,聯詠元大97購04  ,0,0,0,0,0,0,0,0,0,30000,0,0,0,32000,2000,30000,30000
045873,元油2X元富98購04,0,0,0,0,0,0,0,0,0,30000,0,0,0,30000,0,30000,30000
059913,台積電元大99購44,0,0,0,0,0,0,0,0,0,30000,0,0,0,30000,0,30000,30000
059805,台積電元富99購02,0,0,0,0,0,0,0,0,0,30000,0,0,0,30000,0,30000,30000
058910,泰鼎元大99購03  ,0,0,0,0,0,0,0,0,0,30000,0,0,0,30000,0,30000,30000
058937,仁寶中信99購01  ,0,0,0,0,0,0,0,0,0,30000,0,0,0,41000,11000,30000,30000
058863,可成凱基99購02  ,0,0,0,0,0,0,0,0,0,30000,0,0,0,50000,20000,30000,30000
062566,嘉晶中信9C購01  ,0,0,0,0,0,0,0,0,0,30000,0,0,0,41000,11000,30000,30000
062512,美食國票9B購01  ,0,0,0,0,0,0,0,0,0,30000,0,0,0,36000,6000,30000,30000
062700,台光電元大9B購05,0,0,0,0,0,0,0,0,0,30000,0,0,0,33000,3000,30000,30000
062704,大毅元大9C購01  ,0,0,0,0,0,0,0,0,0,30000,0,0,0,30000,0,30000,30000
062390,元黃金富邦9C購01,0,0,0,0,0,0,0,0,0,30000,0,0,0,30000,0,30000,30000
062389,台表科國泰01購01,0,0,0,0,0,0,0,0,0,30000,0,0,0,30000,0,30000,30000
062495,友達中信01購02  ,0,0,0,0,0,0,0,0,0,30000,0,0,0,40000,10000,30000,30000
061270,彩晶凱基9A購02  ,0,0,0,0,0,0,0,0,0,30000,0,0,0,70000,40000,30000,30000
059036,可成群益9B購03  ,0,0,0,0,0,0,0,0,0,30000,0,0,0,40000,10000,30000,30000
059087,台積電元大99購26,0,0,0,0,0,0,0,0,0,30000,0,0,0,30000,0,30000,30000
061178,晶技凱基9B購01  ,0,0,0,0,0,0,0,0,0,30000,0,0,0,50000,20000,30000,30000
060645,台表科永豐9A購02,0,0,0,0,0,0,0,0,0,30000,0,0,0,30000,0,30000,30000
060706,群創富邦9A購01  ,0,0,0,0,0,0,0,0,0,30000,0,0,0,35000,5000,30000,30000
061918,上銀凱基9B購02  ,0,0,0,0,0,0,0,0,0,30000,0,0,0,30000,0,30000,30000
061923,友達凱基9B購04  ,0,0,0,0,0,0,0,0,0,30000,0,0,0,30000,0,30000,30000
062192,南六元大9B購01  ,0,0,0,0,0,0,0,0,0,30000,0,0,0,49000,19000,30000,30000
060302,台積電富邦02購01,0,0,0,0,0,0,0,0,0,30000,0,0,0,82000,52000,30000,30000
060315,易華電永豐9A購01,0,0,0,0,0,0,0,0,0,30000,0,0,0,585000,555000,30000,30000
062018,台勝科永豐9B購01,0,0,0,0,0,0,0,0,0,30000,0,0,0,35000,5000,30000,30000
062299,台積電第一9B購01,0,0,0,0,0,0,0,0,0,30000,0,0,0,30000,0,30000,30000
065430,可成凱基02購03  ,0,0,0,0,0,0,0,0,0,30000,0,0,0,61000,31000,30000,30000
065475,聯發科元大01購04,0,0,0,0,0,0,0,0,0,30000,0,0,0,48000,18000,30000,30000
065120,臺股指富邦9C購03,0,0,0,0,0,0,0,0,0,30000,0,0,0,30000,0,30000,30000
065089,大立光元大9C購23,0,0,0,0,0,0,0,0,0,30000,0,0,0,126000,96000,30000,30000
065099,聯茂元大9C購03  ,0,0,0,0,0,0,0,0,0,30000,0,0,0,30000,0,30000,30000
065101,力成元大9C購05  ,0,0,0,0,0,0,0,0,0,30000,0,0,0,30000,0,30000,30000
06430P,大立光元大97售16,0,0,0,0,0,0,0,0,0,30000,0,0,0,30000,0,30000,30000
06432P,上銀群益98售01  ,0,0,0,0,0,0,0,0,0,30000,0,0,0,40000,10000,30000,30000
064655,聚陽元大9C購02  ,0,0,0,0,0,0,0,0,0,30000,0,0,0,100000,70000,30000,30000
064642,裕隆凱基9C購01  ,0,0,0,0,0,0,0,0,0,30000,0,0,0,30000,0,30000,30000
063911,大立光凱基9C購03,0,0,0,0,0,0,0,0,0,30000,0,0,0,126000,96000,30000,30000
063938,上銀元大9C購03  ,0,0,0,0,0,0,0,0,0,30000,0,0,0,93000,63000,30000,30000
064184,矽格富邦02購01  ,0,0,0,0,0,0,0,0,0,30000,0,0,0,40000,10000,30000,30000
064146,瑞昱統一01購03  ,0,0,0,0,0,0,0,0,0,30000,0,0,0,30000,0,30000,30000
063652,國泰金台新9B購01,0,0,0,0,0,0,0,0,0,30000,0,0,0,30000,0,30000,30000
063029,喬山凱基9B購01  ,0,0,0,0,0,0,0,0,0,30000,0,0,0,30000,0,30000,30000
063039,大立光凱基9C購02,0,0,0,0,0,0,0,0,0,30000,0,0,0,55000,25000,30000,30000
063100,聚陽群益9C購02  ,0,0,0,0,0,0,0,0,0,30000,0,0,0,50000,20000,30000,30000
063088,緯穎凱基9B購04  ,0,0,0,0,0,0,0,0,0,30000,0,0,0,30000,0,30000,30000
063517,遠東新凱基01購01,0,0,0,0,0,0,0,0,0,30000,0,0,0,30000,0,30000,30000
063472,茂林元大9B購04  ,0,0,0,0,0,0,0,0,0,30000,0,0,0,30000,0,30000,30000
063310,和大群益9B購02  ,0,0,0,0,0,0,0,0,0,30000,0,0,0,30000,0,30000,30000
063264,健策永豐9B購07  ,0,0,0,0,0,0,0,0,0,30000,0,0,0,48000,18000,30000,30000
3311,閎暉            ,81000,50000,31000,0,0,0,0,0,0,-1000,0,1000,-1000,0,0,0,30000
07137P,大立光中信9B售01,0,0,0,0,0,0,0,0,0,29000,0,0,0,29000,0,29000,29000
07794P,智邦國票9A售03  ,0,0,0,0,0,0,0,0,0,29000,0,0,0,54000,25000,29000,29000
066442,華碩群益01購01  ,0,0,0,0,0,0,0,0,0,29000,0,0,0,48000,19000,29000,29000
06717P,可成元大98售09  ,0,0,0,0,0,0,0,0,0,29000,0,0,0,29000,0,29000,29000
066273,晶技元大01購02  ,0,0,0,0,0,0,0,0,0,29000,0,0,0,90000,61000,29000,29000
065765,GIS元大9C購09   ,0,0,0,0,0,0,0,0,0,29000,0,0,0,54000,25000,29000,29000
047969,台達電富邦97購01,0,0,0,0,0,0,0,0,0,29000,0,0,0,29000,0,29000,29000
00731,FH富時高息低波  ,0,0,0,0,0,0,0,0,0,29000,0,0,0,1061000,1032000,29000,29000
058080,台積電群益98購06,0,0,0,0,0,0,0,0,0,29000,0,0,0,30000,1000,29000,29000
054309,禾伸堂凱基98購01,0,0,0,0,0,0,0,0,0,29000,0,0,0,49000,20000,29000,29000
056671,台灣50元富9A購01,0,0,0,0,0,0,0,0,0,29000,0,0,0,39000,10000,29000,29000
061428,南六元大9A購01  ,0,0,0,0,0,0,0,0,0,29000,0,0,0,42000,13000,29000,29000
056429,華通凱基98購02  ,0,0,0,0,0,0,0,0,0,29000,0,0,0,40000,11000,29000,29000
056457,嘉澤凱基98購01  ,0,0,0,0,0,0,0,0,0,29000,0,0,0,81000,52000,29000,29000
062275,燿華群益9B購01  ,0,0,0,0,0,0,0,0,0,29000,0,0,0,110000,81000,29000,29000
061931,力山國票9B購02  ,0,0,0,0,0,0,0,0,0,29000,0,0,0,31000,2000,29000,29000
060239,國揚元大9C購01  ,0,0,0,0,0,0,0,0,0,29000,0,0,0,415000,386000,29000,29000
061573,義隆元大9A購02  ,0,0,0,0,0,0,0,0,0,29000,0,0,0,40000,11000,29000,29000
060557,南電凱基9A購02  ,0,0,0,0,0,0,0,0,0,29000,0,0,0,29000,0,29000,29000
063446,台光電統一01購02,0,0,0,0,0,0,0,0,0,29000,0,0,0,71000,42000,29000,29000
063166,超眾永豐9B購01  ,0,0,0,0,0,0,0,0,0,29000,0,0,0,30000,1000,29000,29000
062920,康友元大9B購01  ,0,0,0,0,0,0,0,0,0,29000,0,0,0,106000,77000,29000,29000
063762,緯穎統一9C購01  ,0,0,0,0,0,0,0,0,0,29000,0,0,0,129000,100000,29000,29000
064970,東元元大9C購01  ,0,0,0,0,0,0,0,0,0,29000,0,0,0,105000,76000,29000,29000
3535,晶彩科          ,426000,397000,29000,0,0,0,0,0,0,0,0,0,0,0,0,0,29000
065700,京元電群益9C購01,0,0,0,0,0,0,0,0,0,28000,0,0,0,70000,42000,28000,28000
066637,瀚宇博凱基01購02,0,0,0,0,0,0,0,0,0,28000,0,0,0,35000,7000,28000,28000
08451P,南六統一9C售06  ,50000,0,50000,0,0,0,0,0,0,-22000,0,0,0,39000,61000,-22000,28000
057589,超眾國票9A購01  ,0,0,0,0,0,0,0,0,0,28000,0,0,0,30000,2000,28000,28000
056702,欣興國泰9A購01  ,0,0,0,0,0,0,0,0,0,28000,0,0,0,28000,0,28000,28000
054961,玉晶光元大99購01,0,0,0,0,0,0,0,0,0,28000,0,0,0,31000,3000,28000,28000
055455,健策國泰98購02  ,0,0,0,0,0,0,0,0,0,28000,0,0,0,28000,0,28000,28000
060044,大立光群益99購09,0,0,0,0,0,0,0,0,0,28000,0,0,0,28000,0,28000,28000
058993,滬深反元大9C購01,0,0,0,0,0,0,0,0,0,28000,0,0,0,28000,0,28000,28000
061979,友達元大9C購08  ,0,0,0,0,0,0,0,0,0,28000,0,0,0,28000,0,28000,28000
058671,旺宏群益9A購01  ,0,0,0,0,0,0,0,0,0,28000,0,0,0,28000,0,28000,28000
064953,嘉晶凱基9C購02  ,0,0,0,0,0,0,0,0,0,28000,0,0,0,103000,75000,28000,28000
064945,中橡凱基9C購01  ,0,0,0,0,0,0,0,0,0,28000,0,0,0,98000,70000,28000,28000
065373,聯發科元大01購03,0,0,0,0,0,0,0,0,0,28000,0,0,0,37000,9000,28000,28000
065350,華擎統一01購04  ,0,1000,-1000,0,0,0,0,0,0,29000,0,0,0,47000,18000,29000,28000
064249,聯發科元富06購01,0,0,0,0,0,0,0,0,0,28000,0,0,0,86000,58000,28000,28000
063666,京元電統一9C購01,0,0,0,0,0,0,0,0,0,28000,0,0,0,201000,173000,28000,28000
064133,力成元大9C購01  ,0,0,0,0,0,0,0,0,0,28000,0,0,0,40000,12000,28000,28000
064155,大立光統一01購05,0,0,0,0,0,0,0,0,0,28000,0,0,0,35000,7000,28000,28000
063148,建準元富9B購01  ,0,0,0,0,0,0,0,0,0,28000,0,0,0,31000,3000,28000,28000
2528,皇普            ,30000,2000,28000,0,0,0,0,0,0,0,0,0,0,0,0,0,28000
066174,京鼎凱基01購01  ,0,0,0,0,0,0,0,0,0,27000,0,0,0,307000,280000,27000,27000
066317,英利永豐01購01  ,0,0,0,0,0,0,0,0,0,27000,0,0,0,28000,1000,27000,27000
058201,華通凱基9A購01  ,0,0,0,0,0,0,0,0,0,27000,0,0,0,60000,33000,27000,27000
058174,台積電凱基9A購05,0,0,0,0,0,0,0,0,0,27000,0,0,0,37000,10000,27000,27000
056428,台達電凱基99購01,0,0,0,0,0,0,0,0,0,27000,0,0,0,37000,10000,27000,27000
057353,玉晶光統一99購01,0,0,0,0,0,0,0,0,0,27000,0,0,0,27000,0,27000,27000
057824,日月光元大98購01,0,0,0,0,0,0,0,0,0,27000,0,0,0,150000,123000,27000,27000
057700,新日興群益9A購01,0,0,0,0,0,0,0,0,0,27000,0,0,0,67000,40000,27000,27000
061958,鴻海統一01購01  ,0,0,0,0,0,0,0,0,0,27000,0,0,0,100000,73000,27000,27000
058996,台達電元大99購02,0,0,0,0,0,0,0,0,0,27000,0,0,0,31000,4000,27000,27000
058851,大立光群益99購07,0,0,0,0,0,0,0,0,0,27000,0,0,0,81000,54000,27000,27000
062716,鴻海凱基9B購06  ,0,0,0,0,0,0,0,0,0,27000,0,0,0,71000,44000,27000,27000
062526,友達統一01購01  ,0,0,0,0,0,0,0,0,0,27000,0,0,0,35000,8000,27000,27000
062545,嘉晶永豐9B購01  ,0,0,0,0,0,0,0,0,0,27000,0,0,0,67000,40000,27000,27000
062641,瀚宇博國票9B購01,0,0,0,0,0,0,0,0,0,27000,0,0,0,30000,3000,27000,27000
063932,世芯統一01購01  ,0,0,0,0,0,0,0,0,0,27000,0,0,0,33000,6000,27000,27000
064067,美律永豐9C購01  ,0,0,0,0,0,0,0,0,0,27000,0,0,0,44000,17000,27000,27000
063694,貿聯永豐9B購01  ,0,0,0,0,0,0,0,0,0,27000,0,0,0,37000,10000,27000,27000
064671,聯茂元大9C購02  ,0,0,0,0,0,0,0,0,0,27000,0,0,0,27000,0,27000,27000
064842,南六統一9C購04  ,0,0,0,0,0,0,0,0,0,27000,0,0,0,163000,136000,27000,27000
065331,亞德客國票01購01,0,0,0,0,0,0,0,0,0,27000,0,0,0,63000,36000,27000,27000
2527,宏璟            ,59000,32000,27000,0,0,0,0,0,0,0,0,0,0,0,0,0,27000
8404,百和興業-KY     ,143000,116000,27000,0,0,0,0,0,0,0,0,0,0,0,0,0,27000
065762,台表科元大9C購13,0,0,0,0,0,0,0,0,0,26000,0,0,0,509000,483000,26000,26000
065504,宏達電永豐9C購01,0,0,0,0,0,0,0,0,0,26000,0,0,0,26000,0,26000,26000
07986P,大成鋼統一9B售02,0,0,0,0,0,0,0,0,0,26000,0,0,0,26000,0,26000,26000
07459P,緯穎元大9A售01  ,0,0,0,0,0,0,0,0,0,26000,0,0,0,190000,164000,26000,26000
057877,神達元大99購01  ,0,0,0,0,0,0,0,0,0,26000,0,0,0,70000,44000,26000,26000
057931,正崴群益98購02  ,0,0,0,0,0,0,0,0,0,26000,0,0,0,107000,81000,26000,26000
056423,奇鋐統一98購01  ,0,0,0,0,0,0,0,0,0,26000,0,0,0,26000,0,26000,26000
056642,旺宏凱基98購07  ,0,0,0,0,0,0,0,0,0,26000,0,0,0,37000,11000,26000,26000
056581,超眾元大99購01  ,0,0,0,0,0,0,0,0,0,26000,0,0,0,30000,4000,26000,26000
061306,瑞祺永豐9A購02  ,0,0,0,0,0,0,0,0,0,26000,0,0,0,179000,153000,26000,26000
054427,潤泰全富邦97購01,0,0,0,0,0,0,0,0,0,26000,0,0,0,26000,0,26000,26000
055271,鴻海元大98購03  ,0,0,0,0,0,0,0,0,0,26000,0,0,0,171000,145000,26000,26000
020015,統一MSCI美低波N ,0,0,0,0,0,0,0,0,0,26000,0,0,0,118000,92000,26000,26000
056233,超眾凱基97購02  ,0,0,0,0,0,0,0,0,0,26000,0,0,0,26000,0,26000,26000
055910,瑞昱凱基98購01  ,0,0,0,0,0,0,0,0,0,26000,0,0,0,29000,3000,26000,26000
062562,瑞儀凱基9B購02  ,0,0,0,0,0,0,0,0,0,26000,0,0,0,26000,0,26000,26000
062450,臻鼎元大9B購02  ,0,0,0,0,0,0,0,0,0,26000,0,0,0,57000,31000,26000,26000
058700,鴻海元大99購15  ,0,0,0,0,0,0,0,0,0,26000,0,0,0,72000,46000,26000,26000
058712,鴻海統一9B購03  ,0,0,0,0,0,0,0,0,0,26000,0,0,0,26000,0,26000,26000
059505,上証2X永豐99購02,0,0,0,0,0,0,0,0,0,26000,0,0,0,27000,1000,26000,26000
060163,健策永豐9B購01  ,0,0,0,0,0,0,0,0,0,26000,0,0,0,39000,13000,26000,26000
061104,華新科元大9A購13,0,0,0,0,0,0,0,0,0,26000,0,0,0,68000,42000,26000,26000
061492,超眾兆豐9B購01  ,0,0,0,0,0,0,0,0,0,26000,0,0,0,26000,0,26000,26000
062040,玉晶光凱基01購01,0,0,0,0,0,0,0,0,0,26000,0,0,0,34000,8000,26000,26000
059346,新日興凱基99購03,0,0,0,0,0,0,0,0,0,26000,0,0,0,26000,0,26000,26000
061857,康友國票9B購01  ,0,0,0,0,0,0,0,0,0,26000,0,0,0,27000,1000,26000,26000
064714,和大統一02購02  ,0,0,0,0,0,0,0,0,0,26000,0,0,0,26000,0,26000,26000
064354,同欣電元大9C購05,0,0,0,0,0,0,0,0,0,26000,0,0,0,326000,300000,26000,26000
063672,GIS統一9C購01   ,0,0,0,0,0,0,0,0,0,26000,0,0,0,37000,11000,26000,26000
064052,創意統一01購02  ,0,0,0,0,0,0,0,0,0,26000,0,0,0,143000,117000,26000,26000
063223,牧德群益9B購04  ,0,0,0,0,0,0,0,0,0,26000,0,0,0,98000,72000,26000,26000
8374,羅昇            ,42000,16000,26000,0,0,0,0,0,0,0,0,0,0,0,0,0,26000
07032P,聯發科統一9C售02,0,0,0,0,0,0,0,0,0,25000,0,0,0,35000,10000,25000,25000
06933P,禾伸堂元大98售03,0,0,0,0,0,0,0,0,0,25000,0,0,0,145000,120000,25000,25000
06900P,FBVIX國票12售01 ,0,0,0,0,0,0,0,0,0,25000,0,0,0,25000,0,25000,25000
08711P,鴻海元富07售04  ,0,0,0,0,0,0,0,0,0,25000,0,0,0,50000,25000,25000,25000
06577P,聯發科日盛9A售02,0,0,0,0,0,0,0,0,0,25000,0,0,0,25000,0,25000,25000
065646,健鼎元大9C購04  ,0,0,0,0,0,0,0,0,0,25000,0,0,0,25000,0,25000,25000
066041,台光電元大01購02,0,0,0,0,0,0,0,0,0,25000,0,0,0,110000,85000,25000,25000
065883,康友台新9C購01  ,0,0,0,0,0,0,0,0,0,25000,0,0,0,52000,27000,25000,25000
066438,南紡群益01購01  ,0,0,0,0,0,0,0,0,0,25000,0,0,0,25000,0,25000,25000
066176,華擎凱基01購01  ,0,0,0,0,0,0,0,0,0,25000,0,0,0,161000,136000,25000,25000
06693P,臺股指凱基98售01,0,0,0,0,0,0,0,0,0,25000,0,0,0,35000,10000,25000,25000
066495,技嘉國泰03購01  ,0,0,0,0,0,0,0,0,0,25000,0,0,0,25000,0,25000,25000
047571,滬深2X群益99購01,0,0,0,0,0,0,0,0,0,25000,0,0,0,25000,0,25000,25000
052697,滬深2X國票98購01,0,0,0,0,0,0,0,0,0,25000,0,0,0,25000,0,25000,25000
055363,緯穎凱基98購03  ,0,0,0,0,0,0,0,0,0,25000,0,0,0,25000,0,25000,25000
055023,億光國泰98購01  ,0,0,0,0,0,0,0,0,0,25000,0,0,0,30000,5000,25000,25000
054455,楠梓電群益98購02,0,0,0,0,0,0,0,0,0,25000,0,0,0,45000,20000,25000,25000
055653,聯詠元富01購02  ,0,0,0,0,0,0,0,0,0,25000,0,0,0,533000,508000,25000,25000
057063,立積國泰9A購01  ,0,0,0,0,0,0,0,0,0,25000,0,0,0,25000,0,25000,25000
058158,台積電台新99購01,0,0,0,0,0,0,0,0,0,25000,0,0,0,25000,0,25000,25000
057150,貿聯國票99購02  ,0,0,0,0,0,0,0,0,0,25000,0,0,0,40000,15000,25000,25000
057201,華擎元富98購01  ,0,0,0,0,0,0,0,0,0,25000,0,0,0,31000,6000,25000,25000
060187,華新科元富9A購02,0,0,0,0,0,0,0,0,0,25000,0,0,0,145000,120000,25000,25000
056726,友達日盛9A購01  ,0,0,0,0,0,0,0,0,0,25000,0,0,0,60000,35000,25000,25000
056742,玉晶光凱基9A購01,0,0,0,0,0,0,0,0,0,25000,0,0,0,27000,2000,25000,25000
057378,康友元大98購02  ,0,0,0,0,0,0,0,0,0,25000,0,0,0,25000,0,25000,25000
057611,技嘉元富98購02  ,0,0,0,0,0,0,0,0,0,25000,0,0,0,30000,5000,25000,25000
058356,華邦電凱基99購01,0,0,0,0,0,0,0,0,0,25000,0,0,0,45000,20000,25000,25000
060339,國巨統一01購01  ,0,0,0,0,0,0,0,0,0,25000,0,0,0,25000,0,25000,25000
059277,群創元大99購05  ,0,0,0,0,0,0,0,0,0,25000,0,0,0,35000,10000,25000,25000
058643,T50正2富邦03購01,0,0,0,0,0,0,0,0,0,25000,0,0,0,30000,5000,25000,25000
061502,嘉澤國票9A購02  ,0,0,0,0,0,0,0,0,0,25000,0,0,0,25000,0,25000,25000
058955,台積電國票9A購04,0,0,0,0,0,0,0,0,0,25000,0,0,0,26000,1000,25000,25000
060641,聯鈞永豐9A購01  ,0,0,0,0,0,0,0,0,0,25000,0,0,0,35000,10000,25000,25000
060644,泰鼎永豐9A購02  ,0,0,0,0,0,0,0,0,0,25000,0,0,0,35000,10000,25000,25000
059847,喬山永豐99購01  ,0,0,0,0,0,0,0,0,0,25000,0,0,0,40000,15000,25000,25000
059928,道瓊銀富邦03購01,0,0,0,0,0,0,0,0,0,25000,0,0,0,30000,5000,25000,25000
059535,玉山金凱基99購01,0,0,0,0,0,0,0,0,0,25000,0,0,0,25000,0,25000,25000
058783,臺股指國票99購02,0,0,0,0,0,0,0,0,0,25000,0,0,0,25000,0,25000,25000
06246P,茂林元富97售03  ,0,0,0,0,0,0,0,0,0,25000,0,0,0,25000,0,25000,25000
063440,上銀統一01購02  ,0,0,0,0,0,0,0,0,0,25000,0,0,0,92000,67000,25000,25000
063500,嘉晶永豐9B購02  ,0,0,0,0,0,0,0,0,0,25000,0,0,0,48000,23000,25000,25000
063697,香港反群益9C購01,0,0,0,0,0,0,0,0,0,25000,0,0,0,25000,0,25000,25000
064332,聯發科元大01購01,0,0,0,0,0,0,0,0,0,25000,0,0,0,27000,2000,25000,25000
064668,大立光元大9C購21,0,0,0,0,0,0,0,0,0,25000,0,0,0,75000,50000,25000,25000
064858,鴻海富邦01購01  ,0,0,0,0,0,0,0,0,0,25000,0,0,0,54000,29000,25000,25000
065045,信邦凱基9C購01  ,0,0,0,0,0,0,0,0,0,25000,0,0,0,25000,0,25000,25000
06504P,麗豐國票99售02  ,0,0,0,0,0,0,0,0,0,25000,0,0,0,25000,0,25000,25000
6573,虹揚-KY         ,112000,88000,24000,0,0,0,0,0,0,1000,1000,0,1000,0,0,0,25000
2233,宇隆            ,38000,13000,25000,0,0,0,0,0,0,0,0,0,0,0,0,0,25000
6409,旭隼            ,57000,31100,25900,0,0,0,0,0,0,-1000,0,1000,-1000,0,0,0,24900
066287,訊芯元大01購01  ,0,0,0,0,0,0,0,0,0,24000,0,0,0,268000,244000,24000,24000
08452P,智邦台新9C售05  ,0,0,0,0,0,0,0,0,0,24000,0,0,0,37000,13000,24000,24000
00851,台新全球AI      ,0,0,0,0,0,0,0,0,0,24000,0,0,0,51000,27000,24000,24000
062677,儒鴻統一01購01  ,0,0,0,0,0,0,0,0,0,24000,0,0,0,24000,0,24000,24000
060468,聯鈞元大9A購02  ,0,0,0,0,0,0,0,0,0,24000,0,0,0,50000,26000,24000,24000
059695,聯鈞永豐99購02  ,0,0,0,0,0,0,0,0,0,24000,0,0,0,49000,25000,24000,24000
060708,康友富邦9B購01  ,0,0,0,0,0,0,0,0,0,24000,0,0,0,89000,65000,24000,24000
062349,新日興群益9B購02,0,0,0,0,0,0,0,0,0,24000,0,0,0,31000,7000,24000,24000
061772,健策元大9B購06  ,0,0,0,0,0,0,0,0,0,24000,0,0,0,76000,52000,24000,24000
065054,百和凱基02購01  ,0,0,0,0,0,0,0,0,0,24000,0,0,0,24000,0,24000,24000
065126,世芯永豐9C購02  ,0,0,0,0,0,0,0,0,0,24000,0,0,0,41000,17000,24000,24000
064884,台表科第一9C購01,0,0,0,0,0,0,0,0,0,24000,0,0,0,36000,12000,24000,24000
064957,台表科凱基02購02,0,0,0,0,0,0,0,0,0,24000,0,0,0,256000,232000,24000,24000
065436,力成凱基02購01  ,0,0,0,0,0,0,0,0,0,24000,0,0,0,30000,6000,24000,24000
063453,創意統一9C購01  ,0,0,0,0,0,0,0,0,0,24000,0,0,0,24000,0,24000,24000
063086,祥碩凱基9C購01  ,0,0,0,0,0,0,0,0,0,24000,0,0,0,49000,25000,24000,24000
2419,仲琦            ,82000,58000,24000,0,0,0,0,0,0,0,0,0,0,0,0,0,24000
1423,利華            ,21000,0,21000,0,0,0,0,0,0,3000,3000,0,3000,0,0,0,24000
07026P,超眾凱基99售03  ,0,0,0,0,0,0,0,0,0,23000,0,0,0,23000,0,23000,23000
066173,泰碩凱基02購01  ,0,0,0,0,0,0,0,0,0,23000,0,0,0,105000,82000,23000,23000
065821,億豐元富03購01  ,0,0,0,0,0,0,0,0,0,23000,0,0,0,23000,0,23000,23000
065626,華新科兆豐9C購02,0,0,0,0,0,0,0,0,0,23000,0,0,0,23000,0,23000,23000
055679,華通凱基99購01  ,0,0,0,0,0,0,0,0,0,23000,0,0,0,213000,190000,23000,23000
056543,京鼎凱基98購01  ,0,0,0,0,0,0,0,0,0,23000,0,0,0,71000,48000,23000,23000
057991,健策統一9C購01  ,0,0,0,0,0,0,0,0,0,23000,0,0,0,24000,1000,23000,23000
056970,TPK永豐98購01   ,0,0,0,0,0,0,0,0,0,23000,0,0,0,40000,17000,23000,23000
061647,南六元大9A購03  ,0,0,0,0,0,0,0,0,0,23000,0,0,0,39000,16000,23000,23000
061676,新光金元大9A購03,0,0,0,0,0,0,0,0,0,23000,0,0,0,100000,77000,23000,23000
060920,超眾富邦9B購01  ,0,0,0,0,0,0,0,0,0,23000,0,0,0,336000,313000,23000,23000
061908,台積電中信05購01,0,0,0,0,0,0,0,0,0,23000,0,0,0,25000,2000,23000,23000
060382,儒鴻凱基9A購01  ,0,0,0,0,0,0,0,0,0,23000,0,0,0,23000,0,23000,23000
062297,億豐永豐9B購01  ,0,0,0,0,0,0,0,0,0,23000,0,0,0,23000,0,23000,23000
060621,玉晶光元大9A購05,0,0,0,0,0,0,0,0,0,23000,0,0,0,29000,6000,23000,23000
061203,國巨元大9A購15  ,0,0,0,0,0,0,0,0,0,23000,0,0,0,60000,37000,23000,23000
059642,健策凱基99購04  ,0,0,0,0,0,0,0,0,0,23000,0,0,0,29000,6000,23000,23000
060028,國揚永豐99購01  ,0,0,0,0,0,0,0,0,0,23000,0,0,0,465000,442000,23000,23000
062623,元金2X國票01購01,0,0,0,0,0,0,0,0,0,23000,0,0,0,23000,0,23000,23000
062577,泰鼎群益9B購01  ,0,0,0,0,0,0,0,0,0,23000,0,0,0,60000,37000,23000,23000
062708,立積元大9B購01  ,0,0,0,0,0,0,0,0,0,23000,0,0,0,37000,14000,23000,23000
063118,中鋼元大9C購01  ,0,0,0,0,0,0,0,0,0,23000,0,0,0,30000,7000,23000,23000
063577,台表科元大9C購04,0,0,0,0,0,0,0,0,0,23000,0,0,0,110000,87000,23000,23000
064271,鴻海元大9C購08  ,0,0,0,0,0,0,0,0,0,23000,0,0,0,42000,19000,23000,23000
064534,京元電國票01購01,0,0,0,0,0,0,0,0,0,23000,0,0,0,23000,0,23000,23000
1587,吉茂            ,120000,99000,21000,0,0,0,0,0,0,2000,2000,0,2000,0,0,0,23000
1516,川飛            ,26000,3000,23000,0,0,0,0,0,0,0,0,0,0,0,0,0,23000
2439,美律            ,517000,907000,-390000,0,0,0,30000,2000,28000,385000,389000,17000,372000,49000,36000,13000,23000
2491,吉祥全          ,30000,7000,23000,0,0,0,0,0,0,0,0,0,0,0,0,0,23000
6288,聯嘉            ,530000,521000,9000,0,0,0,0,0,0,14000,16000,2000,14000,0,0,0,23000
8033,雷虎            ,95000,72000,23000,0,0,0,0,0,0,0,0,0,0,0,0,0,23000
065911,超眾永豐9C購01  ,0,0,0,0,0,0,0,0,0,22000,0,0,0,22000,0,22000,22000
066262,華碩元大01購02  ,0,0,0,0,0,0,0,0,0,22000,0,0,0,52000,30000,22000,22000
066574,康友元大01購01  ,0,0,0,0,0,0,0,0,0,22000,0,0,0,30000,8000,22000,22000
07127P,精元元大99售01  ,0,0,0,0,0,0,0,0,0,22000,0,0,0,22000,0,22000,22000
08006P,長榮航中信03售01,0,0,0,0,0,0,0,0,0,22000,0,0,0,22000,0,22000,22000
08556P,臺股指中信01售08,0,0,0,0,0,0,0,0,0,22000,0,0,0,40000,18000,22000,22000
056610,鴻海永豐98購01  ,0,0,0,0,0,0,0,0,0,22000,0,0,0,22000,0,22000,22000
058334,鴻海元富99購05  ,0,0,0,0,0,0,0,0,0,22000,0,0,0,22000,0,22000,22000
057612,瑞昱元富02購01  ,0,0,0,0,0,0,0,0,0,22000,0,0,0,22000,0,22000,22000
056459,茂林凱基99購01  ,0,0,0,0,0,0,0,0,0,22000,0,0,0,37000,15000,22000,22000
03094X,大立光元大68展08,0,0,0,0,0,0,0,0,0,22000,0,0,0,22000,0,22000,22000
062712,晶技麥證9B購02  ,0,0,0,22000,0,22000,0,0,0,22000,0,0,0,22000,0,22000,22000
062580,華通統一9C購03  ,0,0,0,0,0,0,0,0,0,22000,0,0,0,22000,0,22000,22000
062558,義隆凱基9B購02  ,0,0,0,0,0,0,0,0,0,22000,0,0,0,32000,10000,22000,22000
062663,聯發科群益9B購07,0,0,0,0,0,0,0,0,0,22000,0,0,0,22000,0,22000,22000
060073,台積電元富99購03,0,0,0,0,0,0,0,0,0,22000,0,0,0,22000,0,22000,22000
058982,台積電凱基99購08,0,0,0,0,0,0,0,0,0,22000,0,0,0,22000,0,22000,22000
061066,嘉晶凱基9B購01  ,0,0,0,0,0,0,0,0,0,22000,0,0,0,25000,3000,22000,22000
062313,聯詠凱基9C購01  ,0,0,0,0,0,0,0,0,0,22000,0,0,0,108000,86000,22000,22000
059334,A50正2國票9A購02,0,0,0,0,0,0,0,0,0,22000,0,0,0,61000,39000,22000,22000
062146,大毅國票9B購01  ,0,0,0,0,0,0,0,0,0,22000,0,0,0,38000,16000,22000,22000
064344,緯創元大9C購01  ,0,0,0,0,0,0,0,0,0,22000,0,0,0,42000,20000,22000,22000
064626,聯茂元大9C購01  ,0,0,0,0,0,0,0,0,0,22000,0,0,0,50000,28000,22000,22000
064785,康友群益9C購01  ,0,0,0,0,0,0,0,0,0,22000,0,0,0,31000,9000,22000,22000
065197,景碩元富06購01  ,0,0,0,0,0,0,0,0,0,22000,0,0,0,60000,38000,22000,22000
064042,國巨統一9C購12  ,0,0,0,0,0,0,0,0,0,22000,0,0,0,23000,1000,22000,22000
064019,上銀元大9C購05  ,0,0,0,0,0,0,0,0,0,22000,0,0,0,22000,0,22000,22000
064151,義隆統一01購01  ,0,0,0,0,0,0,0,0,0,22000,0,0,0,31000,9000,22000,22000
6184,大豐電          ,35000,13000,22000,0,0,0,0,0,0,0,0,0,0,0,0,0,22000
1612,宏泰            ,46000,24000,22000,0,0,0,0,0,0,0,0,0,0,0,0,0,22000
07942P,健策凱基9B售03  ,0,0,0,0,0,0,0,0,0,21000,0,0,0,21000,0,21000,21000
066328,國揚永豐01購01  ,0,0,0,0,0,0,0,0,0,21000,0,0,0,413000,392000,21000,21000
065695,友訊群益01購02  ,0,0,0,0,0,0,0,0,0,21000,0,0,0,21000,0,21000,21000
051657,台郡元富98購01  ,0,0,0,0,0,0,0,0,0,21000,0,0,0,21000,0,21000,21000
042953,鴻海台新01購01  ,0,0,0,0,0,0,0,0,0,21000,0,0,0,21000,0,21000,21000
055345,國巨凱基98購01  ,0,0,0,0,0,0,0,0,0,21000,0,0,0,21000,0,21000,21000
055421,玉晶光永豐98購04,0,0,0,0,0,0,0,0,0,21000,0,0,0,21000,0,21000,21000
055555,全新凱基9A購01  ,0,0,0,0,0,0,0,0,0,21000,0,0,0,200000,179000,21000,21000
056448,全新凱基99購01  ,0,0,0,0,0,0,0,0,0,21000,0,0,0,41000,20000,21000,21000
056401,國巨群益98購07  ,0,0,0,0,0,0,0,0,0,21000,0,0,0,21000,0,21000,21000
057572,明泰永豐98購01  ,0,0,0,0,0,0,0,0,0,21000,0,0,0,51000,30000,21000,21000
057568,友訊永豐99購01  ,0,0,0,0,0,0,0,0,0,21000,0,0,0,76000,55000,21000,21000
056479,玉晶光元大99購05,0,0,0,0,0,0,0,0,0,21000,0,0,0,54000,33000,21000,21000
056500,大立光富邦9B購02,0,0,0,0,0,0,0,0,0,21000,0,0,0,21000,0,21000,21000
058333,鴻海元富99購04  ,0,0,0,0,0,0,0,0,0,21000,0,0,0,23000,2000,21000,21000
057894,華通元富02購02  ,0,0,0,0,0,0,0,0,0,21000,0,0,0,107000,86000,21000,21000
057780,台郡群益98購02  ,0,0,0,0,0,0,0,0,0,21000,0,0,0,21000,0,21000,21000
05749P,臺股指群益99售03,0,0,0,0,0,0,0,0,0,21000,0,0,0,817000,796000,21000,21000
060932,南六永豐9A購02  ,0,0,0,0,0,0,0,0,0,21000,0,0,0,24000,3000,21000,21000
061458,臻鼎凱基9A購02  ,0,0,0,0,0,0,0,0,0,21000,0,0,0,21000,0,21000,21000
062172,南六永豐9B購01  ,0,0,0,0,0,0,0,0,0,21000,0,0,0,31000,10000,21000,21000
061922,瑞昱凱基9B購01  ,0,0,0,0,0,0,0,0,0,21000,0,0,0,209000,188000,21000,21000
062359,旺宏元大9C購02  ,0,0,0,0,0,0,0,0,0,21000,0,0,0,23000,2000,21000,21000
061601,台積電凱基9A購26,0,0,0,0,0,0,0,0,0,21000,0,0,0,31000,10000,21000,21000
060671,亞德客元大9A購03,0,0,0,0,0,0,0,0,0,21000,0,0,0,77000,56000,21000,21000
062524,鴻海統一9C購09  ,0,0,0,0,0,0,0,0,0,21000,0,0,0,21000,0,21000,21000
064140,台達電統一01購01,0,0,0,0,0,0,0,0,0,21000,0,0,0,96000,75000,21000,21000
064119,上銀元大9C購06  ,0,0,0,0,0,0,0,0,0,21000,0,0,0,96000,75000,21000,21000
063840,鴻海元大01購01  ,0,0,0,0,0,0,0,0,0,21000,0,0,0,88000,67000,21000,21000
065165,上銀元大9C購09  ,0,0,0,0,0,0,0,0,0,21000,0,0,0,70000,49000,21000,21000
064996,T50反1國票01購03,0,0,0,0,0,0,0,0,0,21000,0,0,0,21000,0,21000,21000
064932,緯穎統一01購04  ,0,0,0,0,0,0,0,0,0,21000,0,0,0,28000,7000,21000,21000
065357,立積元富03購01  ,0,0,0,0,0,0,0,0,0,21000,0,0,0,41000,20000,21000,21000
064600,技嘉元富9C購01  ,0,0,0,0,0,0,0,0,0,21000,0,0,0,106000,85000,21000,21000
064314,信邦群益9C購01  ,0,0,0,0,0,0,0,0,0,21000,0,0,0,129000,108000,21000,21000
1568,倉佑            ,4000,1000,3000,0,0,0,0,0,0,18000,18000,0,18000,0,0,0,21000
1457,宜進            ,86000,65000,21000,0,0,0,0,0,0,0,0,0,0,0,0,0,21000
3055,蔚華科          ,20000,48000,-28000,0,0,0,0,0,0,49000,51000,2000,49000,0,0,0,21000
4526,東台            ,34000,14000,20000,0,0,0,0,0,0,1000,1000,0,1000,0,0,0,21000
8201,無敵            ,33000,15000,18000,0,0,0,0,0,0,3000,3000,0,3000,0,0,0,21000
065509,上銀群益9C購04  ,0,0,0,0,0,0,0,0,0,20000,0,0,0,30000,10000,20000,20000
065516,健鼎群益9C購02  ,0,0,0,0,0,0,0,0,0,20000,0,0,0,20000,0,20000,20000
06593P,欣興元大98售05  ,0,0,0,0,0,0,0,0,0,20000,0,0,0,70000,50000,20000,20000
066084,國巨富邦05購01  ,0,0,0,0,0,0,0,0,0,20000,0,0,0,30000,10000,20000,20000
066357,昇陽半永豐01購01,0,0,0,0,0,0,0,0,0,20000,0,0,0,33000,13000,20000,20000
066559,聯鈞元大01購03  ,0,0,0,0,0,0,0,0,0,20000,0,0,0,25000,5000,20000,20000
07988P,台積電台新9C售03,0,0,0,0,0,0,0,0,0,20000,0,0,0,40000,20000,20000,20000
07774P,台灣50群益9A售16,0,0,0,0,0,0,0,0,0,20000,0,0,0,160000,140000,20000,20000
07528P,鴻海凱基9A售19  ,0,0,0,0,0,0,0,0,0,20000,0,0,0,20000,0,20000,20000
07106P,國巨統一9B售05  ,0,0,0,0,0,0,0,0,0,20000,0,0,0,30000,10000,20000,20000
07009P,臺股指中信9B售01,0,0,0,0,0,0,0,0,0,20000,0,0,0,30000,10000,20000,20000
06908P,健策國泰99售02  ,0,0,0,0,0,0,0,0,0,20000,0,0,0,20000,0,20000,20000
08532P,國巨元富06售02  ,0,0,0,0,0,0,0,0,0,20000,0,0,0,20000,0,20000,20000
08493P,嘉澤元大9C售01  ,0,0,0,0,0,0,0,0,0,20000,0,0,0,25000,5000,20000,20000
08614P,聯發科統一9C售18,0,0,0,0,0,0,0,0,0,20000,0,0,0,20000,0,20000,20000
08585P,台表科群益9C售04,0,0,0,0,0,0,0,0,0,20000,0,0,0,40000,20000,20000,20000
08668P,燿華群益01售01  ,0,0,0,0,0,0,0,0,0,20000,0,0,0,20000,0,20000,20000
08264P,南電元大9C售02  ,0,0,0,0,0,0,0,0,0,20000,0,0,0,30000,10000,20000,20000
08127P,聯發科元大9B售21,0,0,0,0,0,0,0,0,0,20000,0,0,0,40000,20000,20000,20000
061435,元金2X凱基9C購03,0,0,0,0,0,0,0,0,0,20000,0,0,0,20000,0,20000,20000
061665,旺宏中信9C購01  ,0,0,0,0,0,0,0,0,0,20000,0,0,0,80000,60000,20000,20000
061681,南電元大9A購08  ,0,0,0,0,0,0,0,0,0,20000,0,0,0,20000,0,20000,20000
061627,台表科群益9A購01,0,0,0,0,0,0,0,0,0,20000,0,0,0,20000,0,20000,20000
061356,南電元大9A購06  ,0,0,0,0,0,0,0,0,0,20000,0,0,0,20000,0,20000,20000
058410,國巨兆豐99購03  ,0,0,0,0,0,0,0,0,0,20000,0,0,0,56000,36000,20000,20000
056840,友達元富98購02  ,0,0,0,0,0,0,0,0,0,20000,0,0,0,20000,0,20000,20000
056595,台積電元富98購04,0,0,0,0,0,0,0,0,0,20000,0,0,0,20000,0,20000,20000
056579,麗豐元大99購01  ,0,0,0,0,0,0,0,0,0,20000,0,0,0,34000,14000,20000,20000
056806,元油2X統一98購02,0,0,0,0,0,0,0,0,0,20000,0,0,0,20000,0,20000,20000
057727,華邦電國泰9A購01,0,0,0,0,0,0,0,0,0,20000,0,0,0,20000,0,20000,20000
057897,華通富邦99購01  ,0,0,0,0,0,0,0,0,0,20000,0,0,0,20000,0,20000,20000
057926,帆宣凱基98購02  ,0,0,0,0,0,0,0,0,0,20000,0,0,0,20000,0,20000,20000
057849,南茂永豐98購02  ,0,0,0,0,0,0,0,0,0,20000,0,0,0,20000,0,20000,20000
057863,美律凱基9A購01  ,0,0,0,0,0,0,0,0,0,20000,0,0,0,50000,30000,20000,20000
056511,超眾永豐98購01  ,0,0,0,0,0,0,0,0,0,20000,0,0,0,21000,1000,20000,20000
056526,力山凱基98購01  ,0,0,0,0,0,0,0,0,0,20000,0,0,0,20000,0,20000,20000
056467,上証2X元大98購02,0,0,0,0,0,0,0,0,0,20000,0,0,0,20000,0,20000,20000
056471,台光電元大99購01,0,0,0,0,0,0,0,0,0,20000,0,0,0,40000,20000,20000,20000
058380,臺股指凱基99購15,0,0,0,0,0,0,0,0,0,20000,0,0,0,20000,0,20000,20000
057595,健鼎兆豐98購01  ,0,0,0,0,0,0,0,0,0,20000,0,0,0,30000,10000,20000,20000
056544,貿聯凱基98購03  ,0,0,0,0,0,0,0,0,0,20000,0,0,0,20000,0,20000,20000
057632,傳奇永豐98購01  ,0,0,0,0,0,0,0,0,0,20000,0,0,0,20000,0,20000,20000
057355,彩晶統一98購03  ,0,0,0,0,0,0,0,0,0,20000,0,0,0,30000,10000,20000,20000
056450,可成凱基98購05  ,0,0,0,0,0,0,0,0,0,20000,0,0,0,20000,0,20000,20000
055390,國巨統一98購03  ,0,0,0,0,0,0,0,0,0,20000,0,0,0,20000,0,20000,20000
055318,華通國票98購01  ,0,0,0,0,0,0,0,0,0,20000,0,0,0,40000,20000,20000,20000
056341,宏達電凱基9A購01,0,0,0,0,0,0,0,0,0,20000,0,0,0,100000,80000,20000,20000
054749,聯茂凱基98購01  ,0,0,0,0,0,0,0,0,0,20000,0,0,0,20000,0,20000,20000
054006,智易統一97購01  ,0,0,0,0,0,0,0,0,0,20000,0,0,0,20000,0,20000,20000
054222,大立光統一98購03,0,0,0,0,0,0,0,0,0,20000,0,0,0,20000,0,20000,20000
057162,上銀元大98購03  ,0,0,0,0,0,0,0,0,0,20000,0,0,0,20000,0,20000,20000
058151,台積電統一9A購04,0,0,0,0,0,0,0,0,0,20000,0,0,0,20000,0,20000,20000
054429,中石化台新97購01,0,0,0,0,0,0,0,0,0,20000,0,0,0,20000,0,20000,20000
045872,元油2X元富98購03,0,0,0,0,0,0,0,0,0,20000,0,0,0,20000,0,20000,20000
035276,南亞科台新97購01,0,0,0,0,0,0,0,0,0,20000,0,0,0,20000,0,20000,20000
055957,瑞昱元大97購06  ,0,0,0,0,0,0,0,0,0,20000,0,0,0,20000,0,20000,20000
051728,道瓊反國票97購01,0,0,0,0,0,0,0,0,0,20000,0,0,0,20000,0,20000,20000
01009T,王道圓滿R1      ,0,0,0,0,0,0,0,0,0,20000,20000,0,20000,0,0,0,20000
03049X,元展46          ,0,0,0,0,0,0,0,0,0,20000,0,0,0,20000,0,20000,20000
053331,玉晶光永豐97購02,0,0,0,0,0,0,0,0,0,20000,0,0,0,20000,0,20000,20000
062770,臺股指凱基9B購14,0,0,0,0,0,0,0,0,0,20000,0,0,0,70000,50000,20000,20000
062422,億光統一01購01  ,0,0,0,0,0,0,0,0,0,20000,0,0,0,20000,0,20000,20000
06239P,奇力新元大97售08,0,0,0,0,0,0,0,0,0,20000,0,0,0,20000,0,20000,20000
058475,台積電凱基99購06,0,0,0,0,0,0,0,0,0,20000,0,0,0,20000,0,20000,20000
060770,宏達電麥證9A購01,0,0,0,20000,0,20000,0,0,0,20000,0,0,0,20000,0,20000,20000
060100,新光金元大9C購01,0,0,0,0,0,0,0,0,0,20000,0,0,0,75000,55000,20000,20000
058786,元黃金元大99購01,0,0,0,0,0,0,0,0,0,20000,0,0,0,120000,100000,20000,20000
061179,華擎凱基9A購01  ,0,0,0,0,0,0,0,0,0,20000,0,0,0,20000,0,20000,20000
059166,友達凱基99購05  ,0,0,0,0,0,0,0,0,0,20000,0,0,0,30000,10000,20000,20000
059030,奇力新兆豐99購03,0,0,0,0,0,0,0,0,0,20000,0,0,0,20000,0,20000,20000
060280,元金2X元大9A購01,0,0,0,0,0,0,0,0,0,20000,0,0,0,20000,0,20000,20000
061152,微星群益9A購01  ,0,0,0,0,0,0,0,0,0,20000,0,0,0,20000,0,20000,20000
059127,國巨中信99購04  ,0,0,0,0,0,0,0,0,0,20000,0,0,0,30000,10000,20000,20000
061086,FBVIX統一01購01 ,0,0,0,0,0,0,0,0,0,20000,0,0,0,20000,0,20000,20000
058995,台達電元大99購01,0,0,0,0,0,0,0,0,0,20000,0,0,0,30000,10000,20000,20000
061271,聯茂凱基9A購04  ,0,0,0,0,0,0,0,0,0,20000,0,0,0,20000,0,20000,20000
061268,玉晶光凱基9B購04,0,0,0,0,0,0,0,0,0,20000,0,0,0,40000,20000,20000,20000
061582,麗豐元大9A購01  ,0,0,0,0,0,0,0,0,0,20000,0,0,0,35000,15000,20000,20000
059324,智易元大99購04  ,0,0,0,0,0,0,0,0,0,20000,0,0,0,20000,0,20000,20000
059363,超眾永豐99購02  ,0,0,0,0,0,0,0,0,0,20000,0,0,0,20000,0,20000,20000
059313,元石油元大99購06,0,0,0,0,0,0,0,0,0,20000,0,0,0,20000,0,20000,20000
059355,國巨富邦9B購03  ,0,0,0,0,0,0,0,0,0,20000,0,0,0,20000,0,20000,20000
059381,TPK亞東99購01   ,0,0,0,0,0,0,0,0,0,20000,0,0,0,20000,0,20000,20000
058602,台積電元大99購11,0,0,0,0,0,0,0,0,0,20000,0,0,0,20000,0,20000,20000
061920,台積電凱基9C購02,0,0,0,0,0,0,0,0,0,20000,0,0,0,20000,0,20000,20000
062196,聯發科中信01購02,0,0,0,0,0,0,0,0,0,20000,0,0,0,40000,20000,20000,20000
061771,玉晶光元大9C購04,0,0,0,0,0,0,0,0,0,20000,0,0,0,21000,1000,20000,20000
061790,中租群益9B購01  ,0,0,0,0,0,0,0,0,0,20000,0,0,0,20000,0,20000,20000
060376,瑞祺元富9A購01  ,0,0,0,0,0,0,0,0,0,20000,0,0,0,20000,0,20000,20000
06209P,旺宏統一97售07  ,0,0,0,0,0,0,0,0,0,20000,0,0,0,20000,0,20000,20000
064661,鴻海元大01購02  ,0,0,0,0,0,0,0,0,0,20000,0,0,0,49000,29000,20000,20000
064636,臺股指元大9C購22,0,0,0,0,0,0,0,0,0,20000,0,0,0,20000,0,20000,20000
064646,群創凱基02購01  ,0,0,0,0,0,0,0,0,0,20000,0,0,0,24000,4000,20000,20000
064863,台積電永豐9C購01,0,0,0,0,0,0,0,0,0,20000,0,0,0,20000,0,20000,20000
065318,聯電凱基9C購03  ,0,0,0,0,0,0,0,0,0,20000,0,0,0,20000,0,20000,20000
065286,瑞昱群益9C購03  ,0,0,0,0,0,0,0,0,0,20000,0,0,0,40000,20000,20000,20000
065275,台灣50群益02購02,0,0,0,0,0,0,0,0,0,20000,0,0,0,25000,5000,20000,20000
065216,群創國泰01購02  ,0,0,0,0,0,0,0,0,0,20000,0,0,0,20000,0,20000,20000
065206,旺宏國票01購02  ,0,0,0,0,0,0,0,0,0,20000,0,0,0,20000,0,20000,20000
065096,世芯元大9C購03  ,0,0,0,0,0,0,0,0,0,20000,0,0,0,25000,5000,20000,20000
063756,鴻海統一9B購09  ,0,0,0,0,0,0,0,0,0,20000,0,0,0,60000,40000,20000,20000
063793,和大凱基9C購01  ,0,0,0,0,0,0,0,0,0,20000,0,0,0,20000,0,20000,20000
063608,力成凱基9B購03  ,0,0,0,0,0,0,0,0,0,20000,0,0,0,20000,0,20000,20000
063651,金像電台新9B購01,0,0,0,0,0,0,0,0,0,20000,0,0,0,20000,0,20000,20000
064127,聯發科元大9C購06,0,0,0,0,0,0,0,0,0,20000,0,0,0,48000,28000,20000,20000
064108,創意兆豐9C購01  ,0,0,0,0,0,0,0,0,0,20000,0,0,0,20000,0,20000,20000
063981,貿聯兆豐9C購01  ,0,0,0,0,0,0,0,0,0,20000,0,0,0,20000,0,20000,20000
063075,祥碩永豐9B購04  ,0,0,0,0,0,0,0,0,0,20000,0,0,0,52000,32000,20000,20000
062850,友訊永豐9B購01  ,0,0,0,0,0,0,0,0,0,20000,0,0,0,40000,20000,20000,20000
063407,泰鼎國票9C購01  ,0,0,0,0,0,0,0,0,0,20000,0,0,0,26000,6000,20000,20000
063498,金像電永豐9B購02,0,0,0,0,0,0,0,0,0,20000,0,0,0,20000,0,20000,20000
063530,同欣電凱基9C購02,0,0,0,0,0,0,0,0,0,20000,0,0,0,90000,70000,20000,20000
063326,正隆國票9B購01  ,0,0,0,0,0,0,0,0,0,20000,0,0,0,20000,0,20000,20000
08216P,聯發科群益9C售05,0,0,0,0,0,0,0,0,0,19000,0,0,0,150000,131000,19000,19000
07906P,中租群益9B售02  ,0,0,0,0,0,0,0,0,0,19000,0,0,0,19000,0,19000,19000
065635,智伸科國票01購02,0,0,0,0,0,0,0,0,0,19000,0,0,0,57000,38000,19000,19000
058139,臻鼎元大99購01  ,0,0,0,0,0,0,0,0,0,19000,0,0,0,89000,70000,19000,19000
054769,創意國票98購01  ,0,0,0,0,0,0,0,0,0,19000,0,0,0,41000,22000,19000,19000
061019,大毅國票9A購01  ,0,0,0,0,0,0,0,0,0,19000,0,0,0,50000,31000,19000,19000
060963,禾伸堂凱基9A購01,0,0,0,0,0,0,0,0,0,19000,0,0,0,34000,15000,19000,19000
061594,玉晶光永豐9A購08,0,0,0,0,0,0,0,0,0,19000,0,0,0,22000,3000,19000,19000
058834,GIS永豐99購01   ,0,0,0,0,0,0,0,0,0,19000,0,0,0,19000,0,19000,19000
058892,元油2X元大9C購08,0,0,0,0,0,0,0,0,0,19000,0,0,0,19000,0,19000,19000
060823,旺宏元大9A購05  ,0,0,0,0,0,0,0,0,0,19000,0,0,0,19000,0,19000,19000
060783,亞德客富邦9B購01,0,0,0,0,0,0,0,0,0,19000,0,0,0,68000,49000,19000,19000
058496,文曄群益99購01  ,0,0,0,0,0,0,0,0,0,19000,0,0,0,111000,92000,19000,19000
062378,台表科元大9C購01,0,0,0,0,0,0,0,0,0,19000,0,0,0,54000,35000,19000,19000
063957,臻鼎元大9C購01  ,0,0,0,0,0,0,0,0,0,19000,0,0,0,30000,11000,19000,19000
064002,仁寶凱基9C購01  ,0,0,0,0,0,0,0,0,0,19000,0,0,0,20000,1000,19000,19000
063872,嘉聯益永豐9C購01,0,0,0,0,0,0,0,0,0,19000,0,0,0,50000,31000,19000,19000
065030,亞光兆豐9C購01  ,0,0,0,0,0,0,0,0,0,19000,0,0,0,19000,0,19000,19000
065363,國巨元大01購04  ,0,0,0,0,0,0,0,0,0,19000,0,0,0,20000,1000,19000,19000
064251,緯創元富9C購01  ,0,0,0,0,0,0,0,0,0,19000,0,0,0,30000,11000,19000,19000
8473,山林水          ,31000,2000,29000,0,0,0,0,0,0,-10000,0,10000,-10000,0,0,0,19000
1626,艾美特-KY       ,22000,3000,19000,0,0,0,0,0,0,0,0,0,0,0,0,0,19000
066116,宏達電兆豐01購01,0,0,0,0,0,0,0,0,0,18000,0,0,0,18000,0,18000,18000
065939,創意群益01購01  ,0,0,0,0,0,0,0,0,0,18000,0,0,0,98000,80000,18000,18000
066481,華碩元富01購01  ,0,0,0,0,0,0,0,0,0,18000,0,0,0,58000,40000,18000,18000
08457P,大毅元大9C售03  ,0,0,0,0,0,0,0,0,0,18000,0,0,0,20000,2000,18000,18000
054923,晶技凱基98購01  ,0,0,0,0,0,0,0,0,0,18000,0,0,0,30000,12000,18000,18000
055487,國巨元大98購07  ,0,0,0,0,0,0,0,0,0,18000,0,0,0,85000,67000,18000,18000
054342,亞光元富99購01  ,0,0,0,0,0,0,0,0,0,18000,0,0,0,18000,0,18000,18000
051946,健策統一98購01  ,0,0,0,0,0,0,0,0,0,18000,0,0,0,20000,2000,18000,18000
00709,富邦歐洲        ,0,0,0,0,0,0,0,0,0,18000,0,0,0,238000,220000,18000,18000
057383,玉晶光富邦9A購01,0,0,0,0,0,0,0,0,0,18000,0,0,0,63000,45000,18000,18000
058370,聯詠凱基99購01  ,0,0,0,0,0,0,0,0,0,18000,0,0,0,157000,139000,18000,18000
056621,宏達電永豐98購01,0,0,0,0,0,0,0,0,0,18000,0,0,0,18000,0,18000,18000
060567,華擎富邦9C購01  ,0,0,0,0,0,0,0,0,0,18000,0,0,0,28000,10000,18000,18000
060815,茂林凱基9B購01  ,0,0,0,0,0,0,0,0,0,18000,0,0,0,68000,50000,18000,18000
062762,聯詠凱基9B購02  ,0,0,0,0,0,0,0,0,0,18000,0,0,0,43000,25000,18000,18000
062615,亞德客元大9B購02,0,0,0,0,0,0,0,0,0,18000,0,0,0,68000,50000,18000,18000
060402,神隆國泰9B購01  ,0,0,0,0,0,0,0,0,0,18000,0,0,0,169000,151000,18000,18000
059882,臺股指凱基9C購06,0,0,0,0,0,0,0,0,0,18000,0,0,0,35000,17000,18000,18000
060289,京元電元大9A購01,0,0,0,0,0,0,0,0,0,18000,0,0,0,18000,0,18000,18000
061794,國巨永豐9B購01  ,0,0,0,0,0,0,0,0,0,18000,0,0,0,20000,2000,18000,18000
061841,晶技凱基9C購01  ,0,0,0,0,0,0,0,0,0,18000,0,0,0,275000,257000,18000,18000
058611,欣興元大99購06  ,0,0,0,0,0,0,0,0,0,18000,0,0,0,29000,11000,18000,18000
059358,旺宏永豐99購02  ,0,0,0,0,0,0,0,0,0,18000,0,0,0,18000,0,18000,18000
062031,臻鼎群益9B購01  ,0,0,0,0,0,0,0,0,0,18000,0,0,0,53000,35000,18000,18000
064855,聯發科國泰02購01,0,0,0,0,0,0,0,0,0,18000,0,0,0,18000,0,18000,18000
065391,和大群益01購03  ,0,0,0,0,0,0,0,0,0,18000,0,0,0,21000,3000,18000,18000
065041,金像電凱基02購02,0,0,0,0,0,0,0,0,0,18000,0,0,0,18000,0,18000,18000
065169,華邦電元大9C購03,0,0,0,0,0,0,0,0,0,18000,0,0,0,18000,0,18000,18000
064911,光寶科統一02購01,0,0,0,0,0,0,0,0,0,18000,0,0,0,72000,54000,18000,18000
063048,聯詠兆豐9B購01  ,0,0,0,0,0,0,0,0,0,18000,0,0,0,18000,0,18000,18000
1532,勤美            ,78000,59000,19000,0,0,0,0,0,0,-1000,0,1000,-1000,0,0,0,18000
2546,根基            ,44000,26000,18000,0,0,0,0,0,0,0,0,0,0,0,0,0,18000
08383P,智邦群益9C售03  ,0,0,0,0,0,0,0,0,0,17000,0,0,0,17000,0,17000,17000
08391P,智邦凱基02售02  ,0,0,0,0,0,0,0,0,0,17000,0,0,0,17000,0,17000,17000
066517,智伸科永豐01購01,0,0,0,0,0,0,0,0,0,17000,0,0,0,17000,0,17000,17000
066425,創意元大01購03  ,0,0,0,0,0,0,0,0,0,17000,0,0,0,39000,22000,17000,17000
065849,景碩元大9C購03  ,0,0,0,0,0,0,0,0,0,17000,0,0,0,240000,223000,17000,17000
065842,技嘉元大9C購05  ,0,0,0,0,0,0,0,0,0,17000,0,0,0,80000,63000,17000,17000
066027,華擎群益02購01  ,0,0,0,0,0,0,0,0,0,17000,0,0,0,17000,0,17000,17000
061728,華新科麥證9A購02,0,0,0,17000,0,17000,0,0,0,17000,0,0,0,17000,0,17000,17000
061614,亞德客群益9A購01,0,0,0,0,0,0,0,0,0,17000,0,0,0,17000,0,17000,17000
0052,富邦科技        ,2000,1000,1000,0,0,0,0,0,0,16000,0,0,0,127000,111000,16000,17000
058204,世芯凱基9A購01  ,0,0,0,0,0,0,0,0,0,17000,0,0,0,17000,0,17000,17000
055158,亞光元大99購01  ,0,0,0,0,0,0,0,0,0,17000,0,0,0,17000,0,17000,17000
054272,華通中信98購01  ,0,0,0,0,0,0,0,0,0,17000,0,0,0,387000,370000,17000,17000
056333,台積電日盛9B購01,0,0,0,0,0,0,0,0,0,17000,0,0,0,254000,237000,17000,17000
061976,國巨元大9B購01  ,0,0,0,0,0,0,0,0,0,17000,0,0,0,17000,0,17000,17000
061788,信邦群益9B購01  ,0,0,0,0,0,0,0,0,0,17000,0,0,0,17000,0,17000,17000
060633,玉晶光富邦02購01,0,0,0,0,0,0,0,0,0,17000,0,0,0,17000,0,17000,17000
061132,志超永豐9A購01  ,0,0,0,0,0,0,0,0,0,17000,0,0,0,27000,10000,17000,17000
058788,喬山元大99購01  ,0,0,0,0,0,0,0,0,0,17000,0,0,0,30000,13000,17000,17000
062768,南電凱基9B購04  ,0,0,0,0,0,0,0,0,0,17000,0,0,0,17000,0,17000,17000
060562,旺宏富邦9C購02  ,0,0,0,0,0,0,0,0,0,17000,0,0,0,54000,37000,17000,17000
062384,聯詠國泰9C購01  ,0,0,0,0,0,0,0,0,0,17000,0,0,0,17000,0,17000,17000
062851,建準永豐9B購02  ,0,0,0,0,0,0,0,0,0,17000,0,0,0,68000,51000,17000,17000
063199,台積電統一01購07,0,0,0,0,0,0,0,0,0,17000,0,0,0,17000,0,17000,17000
063468,聯詠元大9B購04  ,0,0,0,0,0,0,0,0,0,17000,0,0,0,30000,13000,17000,17000
063779,華邦電永豐9B購01,0,0,0,0,0,0,0,0,0,17000,0,0,0,17000,0,17000,17000
063727,鴻海元大9C購05  ,0,0,0,0,0,0,0,0,0,17000,0,0,0,77000,60000,17000,17000
065398,國泰金群益9C購01,0,0,0,0,0,0,0,0,0,17000,0,0,0,24000,7000,17000,17000
065234,旭富凱基01購01  ,0,0,0,0,0,0,0,0,0,17000,0,0,0,292000,275000,17000,17000
065328,緯穎凱基9C購03  ,0,0,0,0,0,0,0,0,0,17000,0,0,0,20000,3000,17000,17000
2480,敦陽科          ,79000,62000,17000,0,0,0,0,0,0,0,0,0,0,0,0,0,17000
1603,華電            ,26000,9000,17000,0,0,0,0,0,0,0,0,0,0,0,0,0,17000
8480,泰昇-KY         ,37000,20000,17000,0,0,0,0,0,0,0,0,0,0,0,0,0,17000
8499,鼎炫-KY         ,59000,42000,17000,0,0,0,0,0,0,0,0,0,0,0,0,0,17000
065580,鈺齊群益01購01  ,0,0,0,0,0,0,0,0,0,16000,0,0,0,90000,74000,16000,16000
065687,華通元富9C購03  ,0,0,0,0,0,0,0,0,0,16000,0,0,0,51000,35000,16000,16000
08417P,聯發科元大9C售12,0,0,0,0,0,0,0,0,0,16000,0,0,0,17000,1000,16000,16000
08095P,大立光元富9B售03,0,0,0,0,0,0,0,0,0,16000,0,0,0,75000,59000,16000,16000
054588,玉晶光國泰99購02,0,0,0,0,0,0,0,0,0,16000,0,0,0,16000,0,16000,16000
054758,南亞國票9A購01  ,0,0,0,0,0,0,0,0,0,16000,0,0,0,16000,0,16000,16000
00652,富邦印度        ,4000,48000,-44000,0,0,0,0,0,0,60000,0,0,0,63000,3000,60000,16000
053377,台積電元大98購01,0,0,0,0,0,0,0,0,0,16000,0,0,0,16000,0,16000,16000
053378,台積電元大98購02,0,0,0,0,0,0,0,0,0,16000,0,0,0,16000,0,16000,16000
053401,臺股指中信99購01,0,0,0,0,0,0,0,0,0,16000,0,0,0,18000,2000,16000,16000
055955,微星元大97購01  ,0,0,0,0,0,0,0,0,0,16000,0,0,0,22000,6000,16000,16000
050890,南電富邦99購01  ,0,0,0,0,0,0,0,0,0,16000,0,0,0,16000,0,16000,16000
057743,華擎永豐98購03  ,0,0,0,0,0,0,0,0,0,16000,0,0,0,16000,0,16000,16000
058299,同欣電凱基9A購01,0,0,0,0,0,0,0,0,0,16000,0,0,0,180000,164000,16000,16000
062635,創意國票9B購01  ,0,0,0,0,0,0,0,0,0,16000,0,0,0,32000,16000,16000,16000
061235,台積電元大9A購23,0,0,0,0,0,0,0,0,0,16000,0,0,0,16000,0,16000,16000
061528,超眾凱基9A購04  ,0,0,0,0,0,0,0,0,0,16000,0,0,0,26000,10000,16000,16000
059281,創意永豐99購02  ,0,0,0,0,0,0,0,0,0,16000,0,0,0,34000,18000,16000,16000
059100,元油2X統一9C購02,0,0,0,0,0,0,0,0,0,16000,0,0,0,16000,0,16000,16000
061878,茂林元大9B購01  ,0,0,0,0,0,0,0,0,0,16000,0,0,0,16000,0,16000,16000
062094,台積電富邦9C購12,0,0,0,0,0,0,0,0,0,16000,0,0,0,16000,0,16000,16000
062178,上銀元大9B購03  ,0,0,0,0,0,0,0,0,0,16000,0,0,0,41000,25000,16000,16000
064938,華新科元富9C購01,0,0,0,0,0,0,0,0,0,16000,0,0,0,16000,0,16000,16000
064615,智邦元大01購01  ,0,0,0,0,0,0,0,0,0,16000,0,0,0,34000,18000,16000,16000
064285,貿聯元大9C購02  ,0,0,0,0,0,0,0,0,0,16000,0,0,0,16000,0,16000,16000
063614,美食群益9B購03  ,0,0,0,0,0,0,0,0,0,16000,0,0,0,16000,0,16000,16000
064147,瑞昱統一01購04  ,0,0,0,0,0,0,0,0,0,16000,0,0,0,446000,430000,16000,16000
063332,矽格國票9B購01  ,0,0,0,0,0,0,0,0,0,16000,0,0,0,16000,0,16000,16000
063393,華通群益9C購05  ,0,0,0,0,0,0,0,0,0,16000,0,0,0,16000,0,16000,16000
063076,柏文永豐9B購02  ,0,0,0,0,0,0,0,0,0,16000,0,0,0,26000,10000,16000,16000
063081,技嘉凱基9B購02  ,0,0,0,0,0,0,0,0,0,16000,0,0,0,24000,8000,16000,16000
063041,貿聯凱基9B購01  ,0,0,0,0,0,0,0,0,0,16000,0,0,0,40000,24000,16000,16000
063007,儒鴻元大9B購01  ,0,0,0,0,0,0,0,0,0,16000,0,0,0,64000,48000,16000,16000
8341,日友            ,45000,29000,16000,0,0,0,0,0,0,0,0,0,0,0,0,0,16000
5225,東科-KY         ,26000,10000,16000,0,0,0,0,0,0,0,0,0,0,0,0,0,16000
2038,海光            ,41000,27000,14000,0,0,0,0,0,0,2000,4000,2000,2000,0,0,0,16000
2838A,聯邦銀甲特      ,0,6000,-6000,0,0,0,0,0,0,22000,22000,0,22000,0,0,0,16000
08420P,國巨群益9C售12  ,0,0,0,0,0,0,0,0,0,15000,0,0,0,20000,5000,15000,15000
08516P,技嘉群益01售02  ,0,0,0,0,0,0,0,0,0,15000,0,0,0,118000,103000,15000,15000
07883P,可成凱基9B售03  ,0,0,0,0,0,0,0,0,0,15000,0,0,0,21000,6000,15000,15000
07953P,健策元大9B售07  ,0,0,0,0,0,0,0,0,0,15000,0,0,0,79000,64000,15000,15000
07673P,電子類元大9A售01,0,0,0,0,0,0,0,0,0,15000,0,0,0,20000,5000,15000,15000
07260P,台灣50元大9A售01,0,0,0,0,0,0,0,0,0,15000,0,0,0,15000,0,15000,15000
066523,智原統一02購01  ,0,0,0,0,0,0,0,0,0,15000,0,0,0,21000,6000,15000,15000
058275,S&P500中信9B購01,0,0,0,0,0,0,0,0,0,15000,0,0,0,15000,0,15000,15000
057713,美律統一99購01  ,0,0,0,0,0,0,0,0,0,15000,0,0,0,15000,0,15000,15000
056481,創意元大98購01  ,0,0,0,0,0,0,0,0,0,15000,0,0,0,60000,45000,15000,15000
056547,臻鼎凱基99購01  ,0,0,0,0,0,0,0,0,0,15000,0,0,0,24000,9000,15000,15000
057343,道瓊反統一9A購01,0,0,0,0,0,0,0,0,0,15000,0,0,0,15000,0,15000,15000
061666,友達中信01購01  ,0,0,0,0,0,0,0,0,0,15000,0,0,0,25000,10000,15000,15000
061713,華邦電凱基9A購01,0,0,0,0,0,0,0,0,0,15000,0,0,0,15000,0,15000,15000
056560,旺宏群益98購03  ,0,0,0,0,0,0,0,0,0,15000,0,0,0,15000,0,15000,15000
056765,友達元大9B購05  ,0,0,0,0,0,0,0,0,0,15000,0,0,0,15000,0,15000,15000
056881,台灣50康和9A購01,0,0,0,0,0,0,0,0,0,15000,0,0,0,15000,0,15000,15000
056962,技嘉永豐98購01  ,0,0,0,0,0,0,0,0,0,15000,0,0,0,15000,0,15000,15000
058401,華航元大9A購01  ,0,0,0,0,0,0,0,0,0,15000,0,0,0,15000,0,15000,15000
057472,T50正2元大9B購03,0,0,0,0,0,0,0,0,0,15000,0,0,0,15000,0,15000,15000
049615,香港2X群益98購01,0,0,0,0,0,0,0,0,0,15000,0,0,0,15000,0,15000,15000
055700,緯穎國泰98購02  ,0,0,0,0,0,0,0,0,0,15000,0,0,0,15000,0,15000,15000
055942,臺股指群益9C購01,0,0,0,0,0,0,0,0,0,15000,0,0,0,15000,0,15000,15000
053505,瑞儀兆豐97購01  ,0,0,0,0,0,0,0,0,0,15000,0,0,0,35000,20000,15000,15000
00865B,國泰US短期公債  ,0,0,0,0,0,0,0,0,0,15000,0,0,0,115000,100000,15000,15000
056286,奇鋐永豐97購01  ,0,0,0,0,0,0,0,0,0,15000,0,0,0,25000,10000,15000,15000
054159,T50正2凱基99購01,0,0,0,0,0,0,0,0,0,15000,0,0,0,15000,0,15000,15000
055244,國巨統一98購01  ,0,0,0,0,0,0,0,0,0,15000,0,0,0,15000,0,15000,15000
058105,旺宏統一9A購02  ,0,0,0,0,0,0,0,0,0,15000,0,0,0,34000,19000,15000,15000
058079,鴻海群益98購08  ,0,0,0,0,0,0,0,0,0,15000,0,0,0,53000,38000,15000,15000
062176,元金2X元大9B購01,0,0,0,0,0,0,0,0,0,15000,0,0,0,25000,10000,15000,15000
062159,聯詠凱基9B購01  ,0,0,0,0,0,0,0,0,0,15000,0,0,0,30000,15000,15000,15000
061851,智邦國票9B購01  ,0,0,0,0,0,0,0,0,0,15000,0,0,0,26000,11000,15000,15000
061973,上銀元大9B購01  ,0,0,0,0,0,0,0,0,0,15000,0,0,0,40000,25000,15000,15000
061955,FANG+統一9B購01 ,0,0,0,0,0,0,0,0,0,15000,0,0,0,35000,20000,15000,15000
061947,旺宏群益9B購02  ,0,0,0,0,0,0,0,0,0,15000,0,0,0,15000,0,15000,15000
061025,創意富邦9B購01  ,0,0,0,0,0,0,0,0,0,15000,0,0,0,45000,30000,15000,15000
062639,臻鼎國票9C購01  ,0,0,0,0,0,0,0,0,0,15000,0,0,0,15000,0,15000,15000
062780,旺宏元大01購01  ,0,0,0,0,0,0,0,0,0,15000,0,0,0,70000,55000,15000,15000
062759,旺宏凱基9B購07  ,0,0,0,0,0,0,0,0,0,15000,0,0,0,15000,0,15000,15000
060601,技嘉凱基9A購02  ,0,0,0,0,0,0,0,0,0,15000,0,0,0,15000,0,15000,15000
060798,旭富永豐9A購01  ,0,0,0,0,0,0,0,0,0,15000,0,0,0,30000,15000,15000,15000
059940,微星永豐99購01  ,0,0,0,0,0,0,0,0,0,15000,0,0,0,47000,32000,15000,15000
059867,華邦電凱基99購02,0,0,0,0,0,0,0,0,0,15000,0,0,0,25000,10000,15000,15000
058584,百和群益9A購01  ,0,0,0,0,0,0,0,0,0,15000,0,0,0,15000,0,15000,15000
060135,台灣50國票9C購02,0,0,0,0,0,0,0,0,0,15000,0,0,0,15000,0,15000,15000
059650,緯穎凱基99購04  ,0,0,0,0,0,0,0,0,0,15000,0,0,0,23000,8000,15000,15000
059693,智原永豐99購01  ,0,0,0,0,0,0,0,0,0,15000,0,0,0,15000,0,15000,15000
063030,華通凱基9B購03  ,0,0,0,0,0,0,0,0,0,15000,0,0,0,15000,0,15000,15000
064071,台郡永豐9C購01  ,0,0,0,0,0,0,0,0,0,15000,0,0,0,617000,602000,15000,15000
063937,上銀元大9C購02  ,0,0,0,0,0,0,0,0,0,15000,0,0,0,57000,42000,15000,15000
063606,TPK凱基9C購01   ,0,0,0,0,0,0,0,0,0,15000,0,0,0,15000,0,15000,15000
063625,儒鴻元大9B購03  ,0,0,0,0,0,0,0,0,0,15000,0,0,0,79000,64000,15000,15000
063558,聚陽元大9B購02  ,0,0,0,0,0,0,0,0,0,15000,0,0,0,15000,0,15000,15000
063696,T50反1群益9B購03,0,0,0,0,0,0,0,0,0,15000,0,0,0,15000,0,15000,15000
063825,道瓊銀國票01購01,0,0,0,0,0,0,0,0,0,15000,0,0,0,20000,5000,15000,15000
064611,亞德客元大9C購02,0,0,0,0,0,0,0,0,0,15000,0,0,0,30000,15000,15000,15000
064832,長榮航統一01購01,0,0,0,0,0,0,0,0,0,15000,0,0,0,55000,40000,15000,15000
065035,世芯統一01購03  ,0,0,0,0,0,0,0,0,0,15000,0,0,0,15000,0,15000,15000
065079,致茂元大9C購01  ,0,0,0,0,0,0,0,0,0,15000,0,0,0,118000,103000,15000,15000
065335,玉晶光台新9C購03,0,0,0,0,0,0,0,0,0,15000,0,0,0,47000,32000,15000,15000
3029,零壹            ,201000,176000,25000,0,0,0,0,0,0,-10000,2000,12000,-10000,0,0,0,15000
4763,材料-KY         ,82000,67000,15000,0,0,0,0,0,0,0,5000,5000,0,0,0,0,15000
4994,傳奇            ,60000,45000,15000,0,0,0,0,0,0,0,0,0,0,0,0,0,15000
9930,中聯資源        ,24000,9000,15000,0,0,0,0,0,0,0,0,0,0,0,0,0,15000
066126,南港群益01購01  ,0,0,0,0,0,0,0,0,0,14000,0,0,0,162000,148000,14000,14000
065698,旺宏群益9C購08  ,0,0,0,0,0,0,0,0,0,14000,0,0,0,65000,51000,14000,14000
065627,貿聯兆豐9C購02  ,0,0,0,0,0,0,0,0,0,14000,0,0,0,14000,0,14000,14000
066112,智邦兆豐02購01  ,0,0,0,0,0,0,0,0,0,14000,0,0,0,81000,67000,14000,14000
06806P,臺股指群益98售12,0,0,0,0,0,0,0,0,0,14000,0,0,0,14000,0,14000,14000
08405P,聯發科元大9C售11,0,0,0,0,0,0,0,0,0,14000,0,0,0,281000,267000,14000,14000
08471P,日月光凱基9C售02,0,0,0,0,0,0,0,0,0,14000,0,0,0,14000,0,14000,14000
057189,康控元大98購02  ,0,0,0,0,0,0,0,0,0,14000,0,0,0,112000,98000,14000,14000
055176,大毅統一98購02  ,0,0,0,0,0,0,0,0,0,14000,0,0,0,14000,0,14000,14000
056349,道瓊銀元大9B購01,0,0,0,0,0,0,0,0,0,14000,0,0,0,14000,0,14000,14000
053584,友達元大9B購02  ,0,0,0,0,0,0,0,0,0,14000,0,0,0,14000,0,14000,14000
057433,上銀國票98購04  ,0,0,0,0,0,0,0,0,0,14000,0,0,0,14000,0,14000,14000
061340,義隆元大9A購01  ,0,0,0,0,0,0,0,0,0,14000,0,0,0,14000,0,14000,14000
061405,亞德客國票9B購01,0,0,0,0,0,0,0,0,0,14000,0,0,0,45000,31000,14000,14000
058249,緯穎元大99購04  ,0,0,0,0,0,0,0,0,0,14000,0,0,0,94000,80000,14000,14000
058739,喬山中信99購01  ,0,0,0,0,0,0,0,0,0,14000,0,0,0,34000,20000,14000,14000
059580,大立光元富99購07,0,0,0,0,0,0,0,0,0,14000,0,0,0,35000,21000,14000,14000
060812,智邦凱基9A購01  ,0,0,0,0,0,0,0,0,0,14000,0,0,0,15000,1000,14000,14000
062482,台表科國票9B購01,0,0,0,0,0,0,0,0,0,14000,0,0,0,14000,0,14000,14000
062654,技嘉永豐9B購01  ,0,0,0,0,0,0,0,0,0,14000,0,0,0,17000,3000,14000,14000
062296,南六永豐9B購02  ,0,0,0,0,0,0,0,0,0,14000,0,0,0,19000,5000,14000,14000
058612,健策元大99購02  ,0,0,0,0,0,0,0,0,0,14000,0,0,0,25000,11000,14000,14000
058631,鈺齊國票9A購01  ,0,0,0,0,0,0,0,0,0,14000,0,0,0,26000,12000,14000,14000
062113,瑞祺國票9B購01  ,0,0,0,0,0,0,0,0,0,14000,0,0,0,26000,12000,14000,14000
065210,健策國票01購03  ,0,0,0,0,0,0,0,0,0,14000,0,0,0,111000,97000,14000,14000
064860,聯發科富邦03購01,0,0,0,0,0,0,0,0,0,14000,0,0,0,35000,21000,14000,14000
063705,臻鼎群益9B購03  ,0,0,0,0,0,0,0,0,0,14000,0,0,0,57000,43000,14000,14000
06293P,臺股指國票97售07,0,0,0,0,0,0,0,0,0,14000,0,0,0,14000,0,14000,14000
063459,華通元大9B購08  ,0,0,0,0,0,0,0,0,0,14000,0,0,0,14000,0,14000,14000
2608,嘉里大榮        ,64000,29000,35000,0,0,0,0,0,0,-21000,0,21000,-21000,0,0,0,14000
08389P,技嘉國票9C售01  ,0,0,0,0,0,0,0,0,0,13000,0,0,0,61000,48000,13000,13000
066046,聯發科元大01購09,0,0,0,0,0,0,0,0,0,13000,0,0,0,156000,143000,13000,13000
058266,宏達電永豐99購01,0,0,0,0,0,0,0,0,0,13000,0,0,0,14000,1000,13000,13000
057638,上銀元大99購01  ,0,0,0,0,0,0,0,0,0,13000,0,0,0,49000,36000,13000,13000
058318,致茂永豐9A購01  ,0,0,0,0,0,0,0,0,0,13000,0,0,0,86000,73000,13000,13000
057944,新日興國票99購02,0,0,0,0,0,0,0,0,0,13000,0,0,0,55000,42000,13000,13000
061689,國巨群益9A購12  ,0,0,0,0,0,0,0,0,0,13000,0,0,0,28000,15000,13000,13000
054587,玉晶光國泰99購01,0,0,0,0,0,0,0,0,0,13000,0,0,0,13000,0,13000,13000
054872,瀚宇博群益98購01,0,0,0,0,0,0,0,0,0,13000,0,0,0,116000,103000,13000,13000
057136,立積凱基98購02  ,0,0,0,0,0,0,0,0,0,13000,0,0,0,13000,0,13000,13000
057241,超眾凱基99購02  ,0,0,0,0,0,0,0,0,0,13000,0,0,0,13000,0,13000,13000
062318,台郡凱基9B購01  ,0,0,0,0,0,0,0,0,0,13000,0,0,0,68000,55000,13000,13000
062035,瑞祺群益9B購01  ,0,0,0,0,0,0,0,0,0,13000,0,0,0,13000,0,13000,13000
061034,晶豪科永豐9A購01,0,0,0,0,0,0,0,0,0,13000,0,0,0,275000,262000,13000,13000
060995,泰鼎元大9A購03  ,0,0,0,0,0,0,0,0,0,13000,0,0,0,17000,4000,13000,13000
058969,亞德客永豐99購01,0,0,0,0,0,0,0,0,0,13000,0,0,0,33000,20000,13000,13000
059047,元油2X凱基9A購10,0,0,0,0,0,0,0,0,0,13000,0,0,0,13000,0,13000,13000
060661,台積電凱基9A購18,0,0,0,0,0,0,0,0,0,13000,0,0,0,13000,0,13000,13000
062647,南電國泰9C購02  ,0,0,0,0,0,0,0,0,0,13000,0,0,0,35000,22000,13000,13000
062503,玉晶光群益01購03,0,0,0,0,0,0,0,0,0,13000,0,0,0,55000,42000,13000,13000
062369,創意元大9B購01  ,0,0,0,0,0,0,0,0,0,13000,0,0,0,18000,5000,13000,13000
062391,台達電富邦9C購01,0,0,0,0,0,0,0,0,0,13000,0,0,0,23000,10000,13000,13000
060475,瑞祺元大9A購01  ,0,0,0,0,0,0,0,0,0,13000,0,0,0,13000,0,13000,13000
058546,玉晶光富邦9B購01,0,0,0,0,0,0,0,0,0,13000,0,0,0,35000,22000,13000,13000
058752,鈺齊凱基9A購01  ,0,0,0,0,0,0,0,0,0,13000,0,0,0,23000,10000,13000,13000
058705,長榮航元大99購01,0,0,0,0,0,0,0,0,0,13000,0,0,0,90000,77000,13000,13000
059673,玉山金元富99購01,0,0,0,0,0,0,0,0,0,13000,0,0,0,18000,5000,13000,13000
059613,泰鼎永豐99購02  ,0,0,0,0,0,0,0,0,0,13000,0,0,0,23000,10000,13000,13000
062846,國泰金富邦9C購01,0,0,0,0,0,0,0,0,0,13000,0,0,0,109000,96000,13000,13000
063062,群創元富9B購01  ,0,0,0,0,0,0,0,0,0,13000,0,0,0,13000,0,13000,13000
064744,創意國票01購02  ,0,0,0,0,0,0,0,0,0,13000,0,0,0,38000,25000,13000,13000
064583,光寶科永豐9C購01,0,0,0,0,0,0,0,0,0,13000,0,0,0,23000,10000,13000,13000
064263,貿聯永豐9C購01  ,0,0,0,0,0,0,0,0,0,13000,0,0,0,22000,9000,13000,13000
064367,貿聯統一01購02  ,0,0,0,0,0,0,0,0,0,13000,0,0,0,43000,30000,13000,13000
065432,景碩凱基9C購03  ,0,0,0,0,0,0,0,0,0,13000,0,0,0,40000,27000,13000,13000
065001,中橡國票9C購01  ,0,0,0,0,0,0,0,0,0,13000,0,0,0,51000,38000,13000,13000
3702A,大聯大甲特      ,13000,0,13000,0,0,0,0,0,0,0,0,0,0,0,0,0,13000
3416,融程電          ,16000,5000,11000,0,0,0,0,0,0,2000,1000,0,1000,1000,0,1000,13000
2006,東和鋼鐵        ,244000,188000,56000,0,0,0,0,43000,-43000,0,0,0,0,0,0,0,13000
4912,聯德控股-KY     ,17000,4000,13000,0,0,0,0,0,0,0,0,0,0,0,0,0,13000
4426,利勤            ,88000,75000,13000,0,0,0,0,0,0,0,0,0,0,0,0,0,13000
06633P,國巨國票99售01  ,0,0,0,0,0,0,0,0,0,12000,0,0,0,12000,0,12000,12000
08156P,大立光元富9B售05,0,0,0,0,0,0,0,0,0,12000,0,0,0,33000,21000,12000,12000
06752P,訊芯凱基98售05  ,0,0,0,0,0,0,0,0,0,12000,0,0,0,12000,0,12000,12000
06797P,臺股指凱基98售07,0,0,0,0,0,0,0,0,0,12000,0,0,0,12000,0,12000,12000
058123,亞光國票9A購01  ,0,0,0,0,0,0,0,0,0,12000,0,0,0,50000,38000,12000,12000
057135,立積凱基98購01  ,0,0,0,0,0,0,0,0,0,12000,0,0,0,12000,0,12000,12000
057178,可成元大98購03  ,0,0,0,0,0,0,0,0,0,12000,0,0,0,80000,68000,12000,12000
054293,健策元大98購02  ,0,0,0,0,0,0,0,0,0,12000,0,0,0,35000,23000,12000,12000
057093,臻鼎元富98購02  ,0,0,0,0,0,0,0,0,0,12000,0,0,0,12000,0,12000,12000
057118,欣興日盛9A購01  ,0,0,0,0,0,0,0,0,0,12000,0,0,0,12000,0,12000,12000
058016,智邦凱基98購06  ,0,0,0,0,0,0,0,0,0,12000,0,0,0,12000,0,12000,12000
054679,台積電康和99購01,0,0,0,0,0,0,0,0,0,12000,0,0,0,12000,0,12000,12000
054061,晶技國票97購03  ,0,0,0,0,0,0,0,0,0,12000,0,0,0,12000,0,12000,12000
053901,T50反1凱基99購03,0,0,0,0,0,0,0,0,0,12000,0,0,0,52000,40000,12000,12000
053527,創意中信97購01  ,0,0,0,0,0,0,0,0,0,12000,0,0,0,12000,0,12000,12000
053186,健策中信9C購01  ,0,0,0,0,0,0,0,0,0,12000,0,0,0,34000,22000,12000,12000
053088,奇鋐元大98購01  ,0,0,0,0,0,0,0,0,0,12000,0,0,0,74000,62000,12000,12000
00743,國泰中國A150    ,0,131000,-131000,0,0,0,0,0,0,143000,0,0,0,143000,0,143000,12000
061411,T50反1群益9A購05,0,0,0,0,0,0,0,0,0,12000,0,0,0,12000,0,12000,12000
057988,鈺齊元富98購02  ,0,0,0,0,0,0,0,0,0,12000,0,0,0,32000,20000,12000,12000
057397,茂林中信9A購01  ,0,0,0,0,0,0,0,0,0,12000,0,0,0,12000,0,12000,12000
057403,亞光群益98購04  ,0,0,0,0,0,0,0,0,0,12000,0,0,0,110000,98000,12000,12000
059662,旭富元大9C購01  ,0,0,0,0,0,0,0,0,0,12000,0,0,0,72000,60000,12000,12000
060109,茂林元大99購05  ,0,0,0,0,0,0,0,0,0,12000,0,0,0,50000,38000,12000,12000
059901,滬深2X元大9C購07,0,0,0,0,0,0,0,0,0,12000,0,0,0,12000,0,12000,12000
058747,友達凱基9A購03  ,0,0,0,0,0,0,0,0,0,12000,0,0,0,12000,0,12000,12000
060734,華通統一9C購01  ,0,0,0,0,0,0,0,0,0,12000,0,0,0,12000,0,12000,12000
062744,超眾國泰9C購01  ,0,0,0,0,0,0,0,0,0,12000,0,0,0,17000,5000,12000,12000
059073,元油2X元大9C購14,0,0,0,0,0,0,0,0,0,12000,0,0,0,12000,0,12000,12000
060999,國巨兆豐9A購01  ,0,0,0,0,0,0,0,0,0,12000,0,0,0,12000,0,12000,12000
060344,聯發科統一01購01,0,0,0,0,0,0,0,0,0,12000,0,0,0,16000,4000,12000,12000
065134,中石化凱基01購01,0,0,0,0,0,0,0,0,0,12000,0,0,0,52000,40000,12000,12000
064617,台光電元大01購01,0,0,0,0,0,0,0,0,0,12000,0,0,0,192000,180000,12000,12000
064717,台積電統一01購08,0,0,0,0,0,0,0,0,0,12000,0,0,0,12000,0,12000,12000
063069,道瓊銀富邦05購01,0,0,0,0,0,0,0,0,0,12000,0,0,0,20000,8000,12000,12000
062919,聯茂元大9B購01  ,0,0,0,0,0,0,0,0,0,12000,0,0,0,12000,0,12000,12000
063316,聯發科群益9C購03,0,0,0,0,0,0,0,0,0,12000,0,0,0,12000,0,12000,12000
5546,永固-KY         ,12000,1000,11000,0,0,0,0,0,0,1000,1000,0,1000,0,0,0,12000
5706,鳳凰            ,26000,14000,12000,0,0,0,0,0,0,0,0,0,0,0,0,0,12000
2009,第一銅          ,23000,11000,12000,0,0,0,0,0,0,0,0,0,0,0,0,0,12000
07284P,大立光凱基99售10,0,0,0,0,0,0,0,0,0,11000,0,0,0,11000,0,11000,11000
07660P,聯茂凱基9A售03  ,0,0,0,0,0,0,0,0,0,11000,0,0,0,40000,29000,11000,11000
08159P,日月光元富9B售01,0,0,0,0,0,0,0,0,0,11000,0,0,0,51000,40000,11000,11000
06700P,臺股指統一99售05,0,0,0,0,0,0,0,0,0,11000,0,0,0,16000,5000,11000,11000
066051,景碩元大01購01  ,0,0,0,0,0,0,0,0,0,11000,0,0,0,73000,62000,11000,11000
065846,華新科元大03購01,0,0,0,0,0,0,0,0,0,11000,0,0,0,11000,0,11000,11000
057320,玉晶光凱基98購01,0,0,0,0,0,0,0,0,0,11000,0,0,0,12000,1000,11000,11000
057586,台積電國票99購06,0,0,0,0,0,0,0,0,0,11000,0,0,0,11000,0,11000,11000
056540,聯詠凱基98購02  ,0,0,0,0,0,0,0,0,0,11000,0,0,0,11000,0,11000,11000
057876,隆達元大98購01  ,0,0,0,0,0,0,0,0,0,11000,0,0,0,56000,45000,11000,11000
058238,奇鋐元大99購02  ,0,0,0,0,0,0,0,0,0,11000,0,0,0,21000,10000,11000,11000
056921,京元電兆豐98購01,0,0,0,0,0,0,0,0,0,11000,0,0,0,11000,0,11000,11000
00763U,街口道瓊銅      ,0,0,0,0,0,0,0,0,0,11000,0,0,0,24000,13000,11000,11000
053811,國巨群益98購02  ,0,0,0,0,0,0,0,0,0,11000,0,0,0,21000,10000,11000,11000
048847,A50群益98購01   ,0,0,0,0,0,0,0,0,0,11000,0,0,0,11000,0,11000,11000
048070,聯發科元富99購03,0,0,0,0,0,0,0,0,0,11000,0,0,0,13000,2000,11000,11000
03450B,臺股指元大9C熊23,0,0,0,0,0,0,0,0,0,11000,0,0,0,15000,4000,11000,11000
054161,友訊凱基98購01  ,0,0,0,0,0,0,0,0,0,11000,0,0,0,11000,0,11000,11000
055182,京鼎統一98購01  ,0,0,0,0,0,0,0,0,0,11000,0,0,0,55000,44000,11000,11000
055507,樺漢元大98購02  ,0,0,0,0,0,0,0,0,0,11000,0,0,0,11000,0,11000,11000
055420,欣興永豐98購01  ,0,0,0,0,0,0,0,0,0,11000,0,0,0,11000,0,11000,11000
059343,宏達電凱基99購04,0,0,0,0,0,0,0,0,0,11000,0,0,0,23000,12000,11000,11000
058632,世紀鋼國票9A購01,0,0,0,0,0,0,0,0,0,11000,0,0,0,11000,0,11000,11000
058614,台郡元大9A購01  ,0,0,0,0,0,0,0,0,0,11000,0,0,0,71000,60000,11000,11000
06152P,玉晶光元大98售06,0,0,0,0,0,0,0,0,0,11000,0,0,0,11000,0,11000,11000
061512,國巨永豐9A購04  ,0,0,0,0,0,0,0,0,0,11000,0,0,0,12000,1000,11000,11000
061290,玉晶光統一01購04,0,0,0,0,0,0,0,0,0,11000,0,0,0,11000,0,11000,11000
058973,麗豐永豐99購01  ,0,0,0,0,0,0,0,0,0,11000,0,0,0,12000,1000,11000,11000
060526,台積電中信9A購02,0,0,0,0,0,0,0,0,0,11000,0,0,0,13000,2000,11000,11000
062373,泰鼎元大9B購01  ,0,0,0,0,0,0,0,0,0,11000,0,0,0,12000,1000,11000,11000
062455,鴻海群益9C購01  ,0,0,0,0,0,0,0,0,0,11000,0,0,0,44000,33000,11000,11000
059984,華新科元大99購21,0,0,0,0,0,0,0,0,0,11000,0,0,0,11000,0,11000,11000
063230,緯穎群益9B購02  ,0,0,0,0,0,0,0,0,0,11000,0,0,0,63000,52000,11000,11000
063429,南電凱基01購01  ,0,0,0,0,0,0,0,0,0,11000,0,0,0,12000,1000,11000,11000
063434,和潤元富9B購01  ,0,0,0,0,0,0,0,0,0,11000,0,0,0,111000,100000,11000,11000
063423,聯詠凱基9C購02  ,0,0,0,0,0,0,0,0,0,11000,0,0,0,44000,33000,11000,11000
063528,元大金凱基9B購01,0,0,0,0,0,0,0,0,0,11000,0,0,0,11000,0,11000,11000
063083,聯發科凱基01購02,0,0,0,0,0,0,0,0,0,11000,0,0,0,11000,0,11000,11000
063972,緯創國票9C購01  ,0,0,0,0,0,0,0,0,0,11000,0,0,0,36000,25000,11000,11000
063916,瀚宇博凱基01購01,0,0,0,0,0,0,0,0,0,11000,0,0,0,169000,158000,11000,11000
064305,健鼎兆豐9C購02  ,0,0,0,0,0,0,0,0,0,11000,0,0,0,11000,0,11000,11000
064402,宏碁凱基01購01  ,0,0,0,0,0,0,0,0,0,11000,0,0,0,70000,59000,11000,11000
065088,可成元大9C購09  ,0,0,0,0,0,0,0,0,0,11000,0,0,0,11000,0,11000,11000
065058,東元群益9C購01  ,0,0,0,0,0,0,0,0,0,11000,0,0,0,11000,0,11000,11000
065015,上証2X富邦01購01,0,0,0,0,0,0,0,0,0,11000,0,0,0,11000,0,11000,11000
065320,技嘉凱基9C購02  ,0,0,0,0,0,0,0,0,0,11000,0,0,0,13000,2000,11000,11000
1541,錩泰            ,28000,16000,12000,0,0,0,0,0,0,-1000,0,1000,-1000,0,0,0,11000
6281,全國電          ,14000,5000,9000,0,0,0,0,0,0,2000,2000,0,2000,0,0,0,11000
065968,國巨元大02購01  ,0,0,0,0,0,0,0,0,0,10000,0,0,0,10000,0,10000,10000
066083,鴻海富邦02購01  ,0,0,0,0,0,0,0,0,0,10000,0,0,0,10000,0,10000,10000
066113,金像電兆豐01購01,0,0,0,0,0,0,0,0,0,10000,0,0,0,10000,0,10000,10000
066025,宏達電群益01購01,0,0,0,0,0,0,0,0,0,10000,0,0,0,19000,9000,10000,10000
066026,泰碩群益03購01  ,0,0,0,0,0,0,0,0,0,10000,0,0,0,104000,94000,10000,10000
065593,達新元大9C購02  ,0,0,0,0,0,0,0,0,0,10000,0,0,0,110000,100000,10000,10000
065724,國巨凱基9C購11  ,0,0,0,0,0,0,0,0,0,10000,0,0,0,10000,0,10000,10000
06723P,台灣50麥證99售01,0,0,0,70000,0,70000,0,0,0,10000,0,0,0,70000,60000,10000,10000
066635,敦泰凱基01購01  ,0,0,0,0,0,0,0,0,0,10000,0,0,0,80000,70000,10000,10000
066329,達欣工永豐01購01,0,0,0,0,0,0,0,0,0,10000,0,0,0,10000,0,10000,10000
066405,晶碩凱基01購01  ,0,0,0,0,0,0,0,0,0,10000,0,0,0,10000,0,10000,10000
08170P,緯穎群益9B售03  ,0,0,0,0,0,0,0,0,0,10000,0,0,0,40000,30000,10000,10000
08286P,大立光凱基9C售04,0,0,0,0,0,0,0,0,0,10000,0,0,0,10000,0,10000,10000
08324P,大立光凱基9C售05,0,0,0,0,0,0,0,0,0,10000,0,0,0,10000,0,10000,10000
08511P,電子類富邦9C售02,0,0,0,0,0,0,0,0,0,10000,0,0,0,10000,0,10000,10000
08527P,大立光元大01售06,0,0,0,0,0,0,0,0,0,10000,0,0,0,10000,0,10000,10000
08735P,上証2X凱基03售01,0,0,0,0,0,0,0,0,0,10000,0,0,0,10000,0,10000,10000
07651P,道瓊指中信01售01,0,0,0,0,0,0,0,0,0,10000,0,0,0,10000,0,10000,10000
07710P,華擎元大9A售05  ,0,0,0,0,0,0,0,0,0,10000,0,0,0,10000,0,10000,10000
07766P,美律群益9A售03  ,0,0,0,0,0,0,0,0,0,10000,0,0,0,20000,10000,10000,10000
07560P,台積電國泰9B售01,0,0,0,0,0,0,0,0,0,10000,0,0,0,10000,0,10000,10000
07471P,南亞科元大9A售01,0,0,0,0,0,0,0,0,0,10000,0,0,0,13000,3000,10000,10000
07903P,台積電群益9B售03,0,0,0,0,0,0,0,0,0,10000,0,0,0,55000,45000,10000,10000
08003P,國巨國泰9B售07  ,0,0,0,0,0,0,0,0,0,10000,0,0,0,151000,141000,10000,10000
08067P,大立光凱基9B售08,0,0,0,0,0,0,0,0,0,10000,0,0,0,10000,0,10000,10000
08045P,健策國票9B售01  ,0,0,0,0,0,0,0,0,0,10000,0,0,0,50000,40000,10000,10000
07874P,長榮航群益9B售01,0,0,0,0,0,0,0,0,0,10000,0,0,0,10000,0,10000,10000
07847P,國巨群益9A售13  ,0,0,0,0,0,0,0,0,0,10000,0,0,0,10000,0,10000,10000
07311P,台灣50元大99售09,0,0,0,0,0,0,0,0,0,10000,0,0,0,10000,0,10000,10000
07149P,健鼎元大99售03  ,0,0,0,0,0,0,0,0,0,10000,0,0,0,10000,0,10000,10000
07223P,鴻海元大99售29  ,0,0,0,0,0,0,0,0,0,10000,0,0,0,10000,0,10000,10000
06789P,鴻海凱基98售12  ,0,0,0,0,0,0,0,0,0,10000,0,0,0,45000,35000,10000,10000
06883P,聯茂群益98售03  ,0,0,0,0,0,0,0,0,0,10000,0,0,0,10000,0,10000,10000
06879P,長榮航凱基98售02,0,0,0,0,0,0,0,0,0,10000,0,0,0,10000,0,10000,10000
06992P,玉晶光日盛9B售01,0,0,0,0,0,0,0,0,0,10000,0,0,0,10000,0,10000,10000
07055P,景碩群益9A售02  ,0,0,0,0,0,0,0,0,0,10000,0,0,0,10000,0,10000,10000
055305,旺宏群益99購01  ,0,0,0,0,0,0,0,0,0,10000,0,0,0,10000,0,10000,10000
055207,致新中信99購01  ,0,0,0,0,0,0,0,0,0,10000,0,0,0,10000,0,10000,10000
055225,華邦電國票99購01,0,0,0,0,0,0,0,0,0,10000,0,0,0,10000,0,10000,10000
055160,玉晶光元大99購03,0,0,0,0,0,0,0,0,0,10000,0,0,0,10000,0,10000,10000
054137,聯詠元大97購02  ,0,0,0,0,0,0,0,0,0,10000,0,0,0,10000,0,10000,10000
054152,漢唐國泰98購02  ,0,0,0,0,0,0,0,0,0,10000,0,0,0,10000,0,10000,10000
054074,健策富邦98購01  ,0,0,0,0,0,0,0,0,0,10000,0,0,0,10000,0,10000,10000
054063,聯茂國票97購02  ,0,0,0,0,0,0,0,0,0,10000,0,0,0,10000,0,10000,10000
053997,健策群益97購02  ,0,0,0,0,0,0,0,0,0,10000,0,0,0,10000,0,10000,10000
056308,TPK元大97購02   ,0,0,0,0,0,0,0,0,0,10000,0,0,0,10000,0,10000,10000
054237,茂林群益97購01  ,0,0,0,0,0,0,0,0,0,10000,0,0,0,10000,0,10000,10000
054170,泰鼎凱基98購01  ,0,0,0,0,0,0,0,0,0,10000,0,0,0,10000,0,10000,10000
054576,健策元大98購03  ,0,0,0,0,0,0,0,0,0,10000,0,0,0,39000,29000,10000,10000
056334,台積電凱基98購06,0,0,0,0,0,0,0,0,0,10000,0,0,0,10000,0,10000,10000
056316,訊芯元大98購03  ,0,0,0,0,0,0,0,0,0,10000,0,0,0,10000,0,10000,10000
057071,華擎永豐98購02  ,0,0,0,0,0,0,0,0,0,10000,0,0,0,10000,0,10000,10000
054467,隆達凱基97購01  ,0,0,0,0,0,0,0,0,0,10000,0,0,0,20000,10000,10000,10000
057161,亞德客元大98購02,0,0,0,0,0,0,0,0,0,10000,0,0,0,175000,165000,10000,10000
058063,旺宏中信98購04  ,0,0,0,0,0,0,0,0,0,10000,0,0,0,10000,0,10000,10000
058134,信邦元大99購01  ,0,0,0,0,0,0,0,0,0,10000,0,0,0,52000,42000,10000,10000
057230,建準凱基98購02  ,0,0,0,0,0,0,0,0,0,10000,0,0,0,10000,0,10000,10000
058166,鴻海凱基9A購01  ,0,0,0,0,0,0,0,0,0,10000,0,0,0,45000,35000,10000,10000
058159,健策台新9A購01  ,0,0,0,0,0,0,0,0,0,10000,0,0,0,10000,0,10000,10000
051603,深中小群益99購03,0,0,0,0,0,0,0,0,0,10000,0,0,0,21000,11000,10000,10000
048179,臻鼎富邦97購01  ,0,0,0,0,0,0,0,0,0,10000,0,0,0,10000,0,10000,10000
047547,友達凱基99購02  ,0,0,0,0,0,0,0,0,0,10000,0,0,0,10000,0,10000,10000
047548,友達凱基99購03  ,0,0,0,0,0,0,0,0,0,10000,0,0,0,10000,0,10000,10000
055763,鎧勝群益97購01  ,0,0,0,0,0,0,0,0,0,10000,0,0,0,10000,0,10000,10000
055775,友達凱基9A購01  ,0,0,0,0,0,0,0,0,0,10000,0,0,0,11000,1000,10000,10000
043642,元金2X國票97購01,0,0,0,0,0,0,0,0,0,10000,0,0,0,10000,0,10000,10000
045517,元油2X元富98購01,0,0,0,0,0,0,0,0,0,10000,0,0,0,10000,0,10000,10000
045836,群創群益98購01  ,0,0,0,0,0,0,0,0,0,10000,0,0,0,10000,0,10000,10000
03680C,臺股指凱基9A牛26,0,0,0,0,0,0,0,0,0,10000,0,0,0,14000,4000,10000,10000
053744,台郡國票97購03  ,0,0,0,0,0,0,0,0,0,10000,0,0,0,10000,0,10000,10000
056145,緯穎元大98購03  ,0,0,0,0,0,0,0,0,0,10000,0,0,0,10000,0,10000,10000
056114,台達電群益97購02,0,0,0,0,0,0,0,0,0,10000,0,0,0,10000,0,10000,10000
056104,義隆永豐97購01  ,0,0,0,0,0,0,0,0,0,10000,0,0,0,10000,0,10000,10000
056127,致新國票98購02  ,0,0,0,0,0,0,0,0,0,10000,0,0,0,10000,0,10000,10000
056001,美食永豐97購01  ,0,0,0,0,0,0,0,0,0,10000,0,0,0,10000,0,10000,10000
056071,創意元大97購02  ,0,0,0,0,0,0,0,0,0,10000,0,0,0,10000,0,10000,10000
055867,臺股指元大97購05,0,0,0,0,0,0,0,0,0,10000,0,0,0,10000,0,10000,10000
055801,景碩永豐97購02  ,0,0,0,0,0,0,0,0,0,10000,0,0,0,10000,0,10000,10000
051732,華通國票97購01  ,0,0,0,0,0,0,0,0,0,10000,0,0,0,10000,0,10000,10000
053027,玉晶光富邦98購01,0,0,0,0,0,0,0,0,0,10000,0,0,0,10000,0,10000,10000
053028,康控富邦98購01  ,0,0,0,0,0,0,0,0,0,10000,0,0,0,10000,0,10000,10000
05306P,泰碩國泰97售01  ,0,0,0,0,0,0,0,0,0,10000,0,0,0,10000,0,10000,10000
053147,楠梓電元大98購01,0,0,0,0,0,0,0,0,0,10000,0,0,0,10000,0,10000,10000
051948,滬深2X元富9B購01,0,0,0,0,0,0,0,0,0,10000,0,0,0,10000,0,10000,10000
052402,健策凱基97購01  ,0,0,0,0,0,0,0,0,0,10000,0,0,0,10000,0,10000,10000
053500,新日興兆豐97購01,0,0,0,0,0,0,0,0,0,10000,0,0,0,10000,0,10000,10000
056880,緯穎國票98購02  ,0,0,0,0,0,0,0,0,0,10000,0,0,0,10000,0,10000,10000
056895,技嘉元大98購01  ,0,0,0,0,0,0,0,0,0,10000,0,0,0,10000,0,10000,10000
057505,健策麥證98購01  ,0,0,0,152000,0,152000,0,0,0,10000,0,0,0,152000,142000,10000,10000
058406,聯茂元大99購06  ,0,0,0,0,0,0,0,0,0,10000,0,0,0,60000,50000,10000,10000
057539,南茂元大98購02  ,0,0,0,0,0,0,0,0,0,10000,0,0,0,10000,0,10000,10000
056744,麗豐凱基9A購01  ,0,0,0,0,0,0,0,0,0,10000,0,0,0,10000,0,10000,10000
056786,亞光群益98購03  ,0,0,0,0,0,0,0,0,0,10000,0,0,0,10000,0,10000,10000
06136P,華新科國泰99售02,0,0,0,0,0,0,0,0,0,10000,0,0,0,10000,0,10000,10000
061388,台積電群益9A購05,0,0,0,0,0,0,0,0,0,10000,0,0,0,10000,0,10000,10000
061423,廣達元大9A購01  ,0,0,0,0,0,0,0,0,0,10000,0,0,0,73000,63000,10000,10000
061448,旺宏中信9A購02  ,0,0,0,0,0,0,0,0,0,10000,0,0,0,10000,0,10000,10000
061450,嘉晶中信9A購01  ,0,0,0,0,0,0,0,0,0,10000,0,0,0,10000,0,10000,10000
060906,旺宏元大9A購07  ,0,0,0,0,0,0,0,0,0,10000,0,0,0,10000,0,10000,10000
061654,旺宏國票9A購02  ,0,0,0,0,0,0,0,0,0,10000,0,0,0,10000,0,10000,10000
061650,南電元大9A購07  ,0,0,0,0,0,0,0,0,0,10000,0,0,0,10000,0,10000,10000
061351,智伸科元大9A購01,0,0,0,0,0,0,0,0,0,10000,0,0,0,10000,0,10000,10000
061720,智邦國泰9C購01  ,0,0,0,0,0,0,0,0,0,10000,0,0,0,11000,1000,10000,10000
061726,台積電麥證9A購05,0,0,0,10000,0,10000,0,0,0,10000,0,0,0,10000,0,10000,10000
061741,新光金凱基9B購01,0,0,0,0,0,0,0,0,0,10000,0,0,0,10000,0,10000,10000
061750,台達電台新9B購01,0,0,0,0,0,0,0,0,0,10000,0,0,0,10000,0,10000,10000
058259,訊連國泰9B購01  ,0,0,0,0,0,0,0,0,0,10000,0,0,0,40000,30000,10000,10000
058243,華擎元大99購01  ,0,0,0,0,0,0,0,0,0,10000,0,0,0,10000,0,10000,10000
057679,臺股指元大98購09,0,0,0,0,0,0,0,0,0,10000,0,0,0,10000,0,10000,10000
058283,世紀鋼中信99購01,0,0,0,0,0,0,0,0,0,10000,0,0,0,10000,0,10000,10000
057696,聯電群益9A購01  ,0,0,0,0,0,0,0,0,0,10000,0,0,0,10000,0,10000,10000
057725,台達電國泰9A購01,0,0,0,0,0,0,0,0,0,10000,0,0,0,10000,0,10000,10000
057841,茂林富邦9A購02  ,0,0,0,0,0,0,0,0,0,10000,0,0,0,10000,0,10000,10000
057842,緯穎富邦99購02  ,0,0,0,0,0,0,0,0,0,10000,0,0,0,10000,0,10000,10000
057948,嘉聯益國票99購02,0,0,0,0,0,0,0,0,0,10000,0,0,0,48000,38000,10000,10000
056541,智原凱基98購03  ,0,0,0,0,0,0,0,0,0,10000,0,0,0,45000,35000,10000,10000
056542,緯創凱基98購01  ,0,0,0,0,0,0,0,0,0,10000,0,0,0,16000,6000,10000,10000
056531,佳世達凱基98購01,0,0,0,0,0,0,0,0,0,10000,0,0,0,10000,0,10000,10000
056532,技嘉凱基98購01  ,0,0,0,0,0,0,0,0,0,10000,0,0,0,10000,0,10000,10000
056533,友達凱基9A購02  ,0,0,0,0,0,0,0,0,0,10000,0,0,0,10000,0,10000,10000
056488,致新元大99購01  ,0,0,0,0,0,0,0,0,0,10000,0,0,0,10000,0,10000,10000
058355,旺宏凱基99購04  ,0,0,0,0,0,0,0,0,0,10000,0,0,0,10000,0,10000,10000
057563,旭富國泰9A購01  ,0,0,0,0,0,0,0,0,0,10000,0,0,0,10000,0,10000,10000
057564,台積電富邦9B購03,0,0,0,0,0,0,0,0,0,10000,0,0,0,10000,0,10000,10000
057628,旺宏永豐98購02  ,0,0,0,0,0,0,0,0,0,10000,0,0,0,10000,0,10000,10000
057629,泰碩永豐98購02  ,0,0,0,0,0,0,0,0,0,10000,0,0,0,10000,0,10000,10000
057602,聯茂群益98購02  ,0,0,0,0,0,0,0,0,0,10000,0,0,0,10000,0,10000,10000
057269,鈺齊兆豐98購01  ,0,0,0,0,0,0,0,0,0,10000,0,0,0,10000,0,10000,10000
057331,台積電國票99購04,0,0,0,0,0,0,0,0,0,10000,0,0,0,17000,7000,10000,10000
056384,玉晶光國泰9A購02,0,0,0,0,0,0,0,0,0,10000,0,0,0,10000,0,10000,10000
056409,麗豐國票99購01  ,0,0,0,0,0,0,0,0,0,10000,0,0,0,10000,0,10000,10000
056436,台積電凱基98購10,0,0,0,0,0,0,0,0,0,10000,0,0,0,10000,0,10000,10000
059879,GIS凱基99購03   ,0,0,0,0,0,0,0,0,0,10000,0,0,0,10000,0,10000,10000
059941,聯發科永豐99購04,0,0,0,0,0,0,0,0,0,10000,0,0,0,10000,0,10000,10000
059923,緯穎元大99購09  ,0,0,0,0,0,0,0,0,0,10000,0,0,0,12000,2000,10000,10000
059796,台積電國票99購10,0,0,0,0,0,0,0,0,0,10000,0,0,0,10000,0,10000,10000
059853,超眾永豐99購03  ,0,0,0,0,0,0,0,0,0,10000,0,0,0,10000,0,10000,10000
059848,智邦永豐99購01  ,0,0,0,0,0,0,0,0,0,10000,0,0,0,10000,0,10000,10000
060120,聯電富邦9B購01  ,0,0,0,0,0,0,0,0,0,10000,0,0,0,10000,0,10000,10000
060091,技嘉元大99購03  ,0,0,0,0,0,0,0,0,0,10000,0,0,0,13000,3000,10000,10000
060144,全新國票9B購01  ,0,0,0,0,0,0,0,0,0,10000,0,0,0,59000,49000,10000,10000
060126,創意永豐99購04  ,0,0,0,0,0,0,0,0,0,10000,0,0,0,10000,0,10000,10000
059640,聯詠凱基99購04  ,0,0,0,0,0,0,0,0,0,10000,0,0,0,10000,0,10000,10000
058795,可成元大99購03  ,0,0,0,0,0,0,0,0,0,10000,0,0,0,10000,0,10000,10000
058861,國巨凱基9A購08  ,0,0,0,0,0,0,0,0,0,10000,0,0,0,10000,0,10000,10000
058836,FBVIX中信03購05 ,0,0,0,0,0,0,0,0,0,10000,0,0,0,25000,15000,10000,10000
058829,華新科永豐99購04,0,0,0,0,0,0,0,0,0,10000,0,0,0,10000,0,10000,10000
058557,健策第一01購01  ,0,0,0,0,0,0,0,0,0,10000,0,0,0,10000,0,10000,10000
058519,嘉澤元大99購01  ,0,0,0,0,0,0,0,0,0,10000,0,0,0,25000,15000,10000,10000
059569,旺宏凱基99購09  ,0,0,0,0,0,0,0,0,0,10000,0,0,0,10000,0,10000,10000
062462,GIS群益9B購01   ,0,0,0,0,0,0,0,0,0,10000,0,0,0,10000,0,10000,10000
062499,鴻海群益01購01  ,0,0,0,0,0,0,0,0,0,10000,0,0,0,65000,55000,10000,10000
062421,台積電統一9C購09,0,0,0,0,0,0,0,0,0,10000,0,0,0,10000,0,10000,10000
062380,巨大元大9B購01  ,0,0,0,0,0,0,0,0,0,10000,0,0,0,10000,0,10000,10000
060587,牧德元富9A購01  ,0,0,0,0,0,0,0,0,0,10000,0,0,0,10000,0,10000,10000
060572,景碩永豐9A購01  ,0,0,0,0,0,0,0,0,0,10000,0,0,0,20000,10000,10000,10000
060737,瑞儀統一9C購01  ,0,0,0,0,0,0,0,0,0,10000,0,0,0,10000,0,10000,10000
060767,世紀鋼元大9A購02,0,0,0,0,0,0,0,0,0,10000,0,0,0,10000,0,10000,10000
060811,亞德客凱基9A購02,0,0,0,0,0,0,0,0,0,10000,0,0,0,10000,0,10000,10000
060775,世芯凱基9A購02  ,0,0,0,0,0,0,0,0,0,10000,0,0,0,10000,0,10000,10000
060776,世芯凱基9B購01  ,0,0,0,0,0,0,0,0,0,10000,0,0,0,10000,0,10000,10000
062796,技嘉統一9C購01  ,0,0,0,0,0,0,0,0,0,10000,0,0,0,14000,4000,10000,10000
062718,技嘉凱基9B購01  ,0,0,0,0,0,0,0,0,0,10000,0,0,0,13000,3000,10000,10000
062821,華擎兆豐9C購01  ,0,0,0,0,0,0,0,0,0,10000,0,0,0,10000,0,10000,10000
062538,台積電國泰9C購02,0,0,0,0,0,0,0,0,0,10000,0,0,0,16000,6000,10000,10000
062563,緯穎凱基9B購03  ,0,0,0,0,0,0,0,0,0,10000,0,0,0,10000,0,10000,10000
060291,高鐵元大9A購01  ,0,0,0,0,0,0,0,0,0,10000,0,0,0,10000,0,10000,10000
061225,台積電中信9A購04,0,0,0,0,0,0,0,0,0,10000,0,0,0,10000,0,10000,10000
061281,台積電統一9C購05,0,0,0,0,0,0,0,0,0,10000,0,0,0,10000,0,10000,10000
061282,台積電統一9C購06,0,0,0,0,0,0,0,0,0,10000,0,0,0,10000,0,10000,10000
061259,台積電凱基9A購21,0,0,0,0,0,0,0,0,0,10000,0,0,0,10000,0,10000,10000
060996,臻鼎元大9A購01  ,0,0,0,0,0,0,0,0,0,10000,0,0,0,10000,0,10000,10000
061026,南電富邦9B購01  ,0,0,0,0,0,0,0,0,0,10000,0,0,0,10000,0,10000,10000
059055,旺宏凱基9B購02  ,0,0,0,0,0,0,0,0,0,10000,0,0,0,10000,0,10000,10000
059056,技嘉凱基99購02  ,0,0,0,0,0,0,0,0,0,10000,0,0,0,14000,4000,10000,10000
059129,麗豐中信99購01  ,0,0,0,0,0,0,0,0,0,10000,0,0,0,10000,0,10000,10000
059112,上銀永豐99購01  ,0,0,0,0,0,0,0,0,0,10000,0,0,0,24000,14000,10000,10000
061143,道瓊指中信9C購04,0,0,0,0,0,0,0,0,0,10000,0,0,0,10000,0,10000,10000
059048,元油2X凱基9A購11,0,0,0,0,0,0,0,0,0,10000,0,0,0,10000,0,10000,10000
060188,華新科元富9A購03,0,0,0,0,0,0,0,0,0,10000,0,0,0,10000,0,10000,10000
059020,元油2X統一9B購02,0,0,0,0,0,0,0,0,0,10000,0,0,0,10000,0,10000,10000
060646,南電永豐9A購01  ,0,0,0,0,0,0,0,0,0,10000,0,0,0,10000,0,10000,10000
060626,貿聯元大9A購04  ,0,0,0,0,0,0,0,0,0,10000,0,0,0,10000,0,10000,10000
061159,同欣電群益9A購01,0,0,0,0,0,0,0,0,0,10000,0,0,0,10000,0,10000,10000
059214,國巨元大99購20  ,0,0,0,0,0,0,0,0,0,10000,0,0,0,20000,10000,10000,10000
058603,台積電元大99購12,0,0,0,0,0,0,0,0,0,10000,0,0,0,20000,10000,10000,10000
058673,華新科群益9A購02,0,0,0,0,0,0,0,0,0,10000,0,0,0,10000,0,10000,10000
061970,大立光統一9C購03,0,0,0,0,0,0,0,0,0,10000,0,0,0,80000,70000,10000,10000
061975,華通元大9B購01  ,0,0,0,0,0,0,0,0,0,10000,0,0,0,11000,1000,10000,10000
062264,南六元大9B購02  ,0,0,0,0,0,0,0,0,0,10000,0,0,0,91000,81000,10000,10000
061940,世紀鋼國票9C購01,0,0,0,0,0,0,0,0,0,10000,0,0,0,10000,0,10000,10000
060381,元黃金凱基9A購01,0,0,0,0,0,0,0,0,0,10000,0,0,0,10000,0,10000,10000
062137,華新科群益9B購04,0,0,0,0,0,0,0,0,0,10000,0,0,0,10000,0,10000,10000
062122,國巨統一02購01  ,0,0,0,0,0,0,0,0,0,10000,0,0,0,10000,0,10000,10000
062120,國巨台新9B購01  ,0,0,0,0,0,0,0,0,0,10000,0,0,0,10000,0,10000,10000
061880,台郡元大9B購02  ,0,0,0,0,0,0,0,0,0,10000,0,0,0,30000,20000,10000,10000
061921,旺宏凱基9B購03  ,0,0,0,0,0,0,0,0,0,10000,0,0,0,10000,0,10000,10000
061907,裕隆中信9B購01  ,0,0,0,0,0,0,0,0,0,10000,0,0,0,10000,0,10000,10000
061942,亞德客群益9B購01,0,0,0,0,0,0,0,0,0,10000,0,0,0,10000,0,10000,10000
061786,義隆群益9B購01  ,0,0,0,0,0,0,0,0,0,10000,0,0,0,10000,0,10000,10000
061833,華新科凱基02購01,0,0,0,0,0,0,0,0,0,10000,0,0,0,20000,10000,10000,10000
062231,台光電麥證9C購01,0,0,0,0,0,0,0,0,0,10000,0,0,0,10000,0,10000,10000
065296,國巨統一01購10  ,0,0,0,0,0,0,0,0,0,10000,0,0,0,11000,1000,10000,10000
065324,聯發科凱基9C購10,0,0,0,0,0,0,0,0,0,10000,0,0,0,10000,0,10000,10000
065260,金像電元大9C購07,0,0,0,0,0,0,0,0,0,10000,0,0,0,110000,100000,10000,10000
065250,同欣電麥證9C購01,0,0,0,10000,0,10000,0,0,0,10000,0,0,0,10000,0,10000,10000
065428,旺宏凱基03購01  ,0,0,0,0,0,0,0,0,0,10000,0,0,0,20000,10000,10000,10000
065390,達新群益9C購02  ,0,0,0,0,0,0,0,0,0,10000,0,0,0,10000,0,10000,10000
065379,立積元大01購01  ,0,0,0,0,0,0,0,0,0,10000,0,0,0,10000,0,10000,10000
065385,億豐元大03購01  ,0,0,0,0,0,0,0,0,0,10000,0,0,0,10000,0,10000,10000
065439,台積電麥證9C購01,0,0,0,110000,100000,10000,0,0,0,10000,0,0,0,110000,100000,10000,10000
065011,智邦國泰02購01  ,0,0,0,0,0,0,0,0,0,10000,0,0,0,15000,5000,10000,10000
064991,友達兆豐9C購01  ,0,0,0,0,0,0,0,0,0,10000,0,0,0,95000,85000,10000,10000
065122,電子類富邦9C購01,0,0,0,0,0,0,0,0,0,10000,0,0,0,10000,0,10000,10000
06510P,燿華永豐98售03  ,0,0,0,0,0,0,0,0,0,10000,0,0,0,10000,0,10000,10000
064391,亞德客永豐9C購01,0,0,0,0,0,0,0,0,0,10000,0,0,0,78000,68000,10000,10000
064451,技嘉統一01購02  ,0,0,0,0,0,0,0,0,0,10000,0,0,0,10000,0,10000,10000
064362,友達統一01購02  ,0,0,0,0,0,0,0,0,0,10000,0,0,0,10000,0,10000,10000
064725,緯創統一02購01  ,0,0,0,0,0,0,0,0,0,10000,0,0,0,20000,10000,10000,10000
064756,友達凱基02購02  ,0,0,0,0,0,0,0,0,0,10000,0,0,0,10000,0,10000,10000
064819,華新統一01購02  ,0,0,0,0,0,0,0,0,0,10000,0,0,0,10000,0,10000,10000
064616,智邦元大9C購04  ,0,0,0,0,0,0,0,0,0,10000,0,0,0,15000,5000,10000,10000
064017,道瓊反元大9C購03,0,0,0,0,0,0,0,0,0,10000,0,0,0,10000,0,10000,10000
064013,創意國票01購01  ,0,0,0,0,0,0,0,0,0,10000,0,0,0,42000,32000,10000,10000
064185,裕隆永豐9C購01  ,0,0,0,0,0,0,0,0,0,10000,0,0,0,118000,108000,10000,10000
064218,南六凱基01購01  ,0,0,0,0,0,0,0,0,0,10000,0,0,0,10000,0,10000,10000
063704,麗豐群益9B購01  ,0,0,0,0,0,0,0,0,0,10000,0,0,0,50000,40000,10000,10000
063582,瑞祺國泰9C購01  ,0,0,0,0,0,0,0,0,0,10000,0,0,0,30000,20000,10000,10000
063626,聚陽元大9B購03  ,0,0,0,0,0,0,0,0,0,10000,0,0,0,16000,6000,10000,10000
063857,臺股指元大9C購10,0,0,0,0,0,0,0,0,0,10000,0,0,0,10000,0,10000,10000
06380P,臺股指統一98售02,0,0,0,0,0,0,0,0,0,10000,0,0,0,60000,50000,10000,10000
063070,奇力新富邦01購01,0,0,0,0,0,0,0,0,0,10000,0,0,0,10000,0,10000,10000
063121,友達元大9C購09  ,0,0,0,0,0,0,0,0,0,10000,0,0,0,10000,0,10000,10000
063111,TPK兆豐9B購01   ,0,0,0,0,0,0,0,0,0,10000,0,0,0,10000,0,10000,10000
063158,瑞昱台新9B購02  ,0,0,0,0,0,0,0,0,0,10000,0,0,0,10000,0,10000,10000
062924,世紀鋼元大9C購04,0,0,0,0,0,0,0,0,0,10000,0,0,0,110000,100000,10000,10000
063021,大立光元大9C購05,0,0,0,0,0,0,0,0,0,10000,0,0,0,10000,0,10000,10000
062974,奇力新元富9B購01,0,0,0,0,0,0,0,0,0,10000,0,0,0,10000,0,10000,10000
063242,聯發科元大9B購19,0,0,0,0,0,0,0,0,0,10000,0,0,0,10000,0,10000,10000
063318,京鼎群益9C購02  ,0,0,0,0,0,0,0,0,0,10000,0,0,0,10000,0,10000,10000
063306,聯茂凱基9C購01  ,0,0,0,0,0,0,0,0,0,10000,0,0,0,15000,5000,10000,10000
063308,緯穎凱基9B購05  ,0,0,0,0,0,0,0,0,0,10000,0,0,0,10000,0,10000,10000
063376,神達永豐9B購01  ,0,0,0,0,0,0,0,0,0,10000,0,0,0,14000,4000,10000,10000
063335,道瓊銀統一9C購01,0,0,0,0,0,0,0,0,0,10000,0,0,0,10000,0,10000,10000
9905,大華            ,17000,7000,10000,0,0,0,0,0,0,0,0,0,0,0,0,0,10000
912000,晨訊科-DR       ,10000,0,10000,0,0,0,0,0,0,0,0,0,0,0,0,0,10000
1442,名軒            ,38000,28000,10000,0,0,0,0,0,0,0,0,0,0,0,0,0,10000
07312P,台灣50元大99售10,0,0,0,0,0,0,0,0,0,9000,0,0,0,10000,1000,9000,9000
07884P,華新科凱基9B售08,0,0,0,0,0,0,0,0,0,9000,0,0,0,20000,11000,9000,9000
08355P,智邦元大9C售03  ,0,0,0,0,0,0,0,0,0,9000,0,0,0,9000,0,9000,9000
065884,智原元富9C購02  ,0,0,0,0,0,0,0,0,0,9000,0,0,0,44000,35000,9000,9000
057625,泰鼎國泰9A購01  ,0,0,0,0,0,0,0,0,0,9000,0,0,0,9000,0,9000,9000
058367,大立光凱基9A購01,0,0,0,0,0,0,0,0,0,9000,0,0,0,9000,0,9000,9000
057940,和大國票99購01  ,0,0,0,0,0,0,0,0,0,9000,0,0,0,10000,1000,9000,9000
057850,上銀兆豐99購02  ,0,0,0,0,0,0,0,0,0,9000,0,0,0,9000,0,9000,9000
057913,健策日盛98購01  ,0,0,0,0,0,0,0,0,0,9000,0,0,0,22000,13000,9000,9000
057772,台積電群益99購01,0,0,0,0,0,0,0,0,0,9000,0,0,0,16000,7000,9000,9000
058212,華新科群益9A購01,0,0,0,0,0,0,0,0,0,9000,0,0,0,10000,1000,9000,9000
061704,景碩國票9A購01  ,0,0,0,0,0,0,0,0,0,9000,0,0,0,9000,0,9000,9000
058408,華通兆豐99購02  ,0,0,0,0,0,0,0,0,0,9000,0,0,0,15000,6000,9000,9000
057493,聯詠元大98購02  ,0,0,0,0,0,0,0,0,0,9000,0,0,0,35000,26000,9000,9000
053654,聯發科凱基98購01,0,0,0,0,0,0,0,0,0,9000,0,0,0,9000,0,9000,9000
053742,創意國票97購01  ,0,110000,-110000,0,0,0,0,0,0,119000,0,0,0,119000,0,119000,9000
00736,國泰新興市場    ,45000,0,45000,0,0,0,0,0,0,-36000,0,0,0,108000,144000,-36000,9000
056139,貿聯元大97購04  ,0,0,0,0,0,0,0,0,0,9000,0,0,0,95000,86000,9000,9000
055726,台表科元大98購03,0,0,0,0,0,0,0,0,0,9000,0,0,0,15000,6000,9000,9000
055639,上銀元富97購02  ,0,0,0,0,0,0,0,0,0,9000,0,0,0,9000,0,9000,9000
061944,聯電群益9B購01  ,0,0,0,0,0,0,0,0,0,9000,0,0,0,18000,9000,9000,9000
062150,南六國票9B購01  ,0,0,0,0,0,0,0,0,0,9000,0,0,0,34000,25000,9000,9000
062354,台達電元大9B購01,0,0,0,0,0,0,0,0,0,9000,0,0,0,14000,5000,9000,9000
058978,SGBR2X凱基9A購03,0,0,0,0,0,0,0,0,0,9000,0,0,0,9000,0,9000,9000
058998,鴻海元大99購22  ,0,0,0,0,0,0,0,0,0,9000,0,0,0,36000,27000,9000,9000
062578,超眾群益9B購01  ,0,0,0,0,0,0,0,0,0,9000,0,0,0,86000,77000,9000,9000
06259P,臺股指群益97售12,0,0,0,0,0,0,0,0,0,9000,0,0,0,37000,28000,9000,9000
060874,中鋼中信02購01  ,0,0,0,0,0,0,0,0,0,9000,0,0,0,21000,12000,9000,9000
059566,台積電凱基9A購11,0,0,0,0,0,0,0,0,0,9000,0,0,0,9000,0,9000,9000
058520,智易元大99購03  ,0,0,0,0,0,0,0,0,0,9000,0,0,0,71000,62000,9000,9000
058707,泰鼎元大99購02  ,0,0,0,0,0,0,0,0,0,9000,0,0,0,10000,1000,9000,9000
059661,大立光元大99購22,0,0,0,0,0,0,0,0,0,9000,0,0,0,14000,5000,9000,9000
059707,健策凱基9A購03  ,0,0,0,0,0,0,0,0,0,9000,0,0,0,18000,9000,9000,9000
060104,新日興元大99購03,0,0,0,0,0,0,0,0,0,9000,0,0,0,10000,1000,9000,9000
060065,大立光兆豐9B購01,0,0,0,0,0,0,0,0,0,9000,0,0,0,9000,0,9000,9000
059899,上証2X元大9C購04,0,0,0,0,0,0,0,0,0,9000,0,0,0,9000,0,9000,9000
063154,南六元富9B購02  ,0,0,0,0,0,0,0,0,0,9000,0,0,0,11000,2000,9000,9000
063877,鴻海元富9C購01  ,0,0,0,0,0,0,0,0,0,9000,0,0,0,9000,0,9000,9000
063599,智邦凱基9B購04  ,0,0,0,0,0,0,0,0,0,9000,0,0,0,16000,7000,9000,9000
064182,臻鼎富邦01購01  ,0,0,0,0,0,0,0,0,0,9000,0,0,0,11000,2000,9000,9000
064015,立積國票01購01  ,0,0,0,0,0,0,0,0,0,9000,0,0,0,18000,9000,9000,9000
064008,日月光凱基9C購01,0,0,0,0,0,0,0,0,0,9000,0,0,0,273000,264000,9000,9000
064740,台光電國票01購01,0,0,0,0,0,0,0,0,0,9000,0,0,0,22000,13000,9000,9000
064458,玉晶光統一01購09,0,0,0,0,0,0,0,0,0,9000,0,0,0,10000,1000,9000,9000
064872,南電永豐9C購02  ,0,0,0,0,0,0,0,0,0,9000,0,0,0,17000,8000,9000,9000
065317,上銀凱基9C購03  ,0,0,0,0,0,0,0,0,0,9000,0,0,0,9000,0,9000,9000
065303,國泰金元富9C購01,0,0,0,0,0,0,0,0,0,9000,0,0,0,127000,118000,9000,9000
1786,科妍            ,164000,160000,4000,0,0,0,0,0,0,5000,6000,1000,5000,0,0,0,9000
1730,花仙子          ,15000,6000,9000,0,0,0,0,0,0,0,0,0,0,0,0,0,9000
3704,合勤控          ,483000,419000,64000,0,0,0,0,0,0,-55000,0,0,0,8000,63000,-55000,9000
2881A,富邦特          ,1000,0,1000,0,0,0,0,0,0,8000,8000,0,8000,0,0,0,9000
8072,陞泰            ,22000,13000,9000,0,0,0,0,0,0,0,0,0,0,0,0,0,9000
6172,互億            ,9000,0,9000,0,0,0,0,0,0,0,0,0,0,0,0,0,9000
065831,緯創凱基9C購03  ,0,0,0,0,0,0,0,0,0,8000,0,0,0,27000,19000,8000,8000
065985,金像電永豐01購02,0,0,0,0,0,0,0,0,0,8000,0,0,0,8000,0,8000,8000
066433,南六元大02購01  ,0,0,0,0,0,0,0,0,0,8000,0,0,0,17000,9000,8000,8000
066368,聯鈞中信01購01  ,0,0,0,0,0,0,0,0,0,8000,0,0,0,8000,0,8000,8000
066191,惠特凱基01購02  ,0,0,0,0,0,0,0,0,0,8000,0,0,0,8000,0,8000,8000
08172P,台積電凱基03售02,0,0,0,0,0,0,0,0,0,8000,0,0,0,8000,0,8000,8000
08601P,臺股指元大9C售33,0,0,0,0,0,0,0,0,0,8000,0,0,0,8000,0,8000,8000
08619P,國巨群益9C售21  ,0,0,0,0,0,0,0,0,0,8000,0,0,0,8000,0,8000,8000
07968P,國巨元大9B售09  ,0,0,0,0,0,0,0,0,0,8000,0,0,0,8000,0,8000,8000
07618P,大立光中信9A售06,0,0,0,0,0,0,0,0,0,8000,0,0,0,8000,0,8000,8000
07308P,滬深2X凱基9A售01,0,0,0,0,0,0,0,0,0,8000,0,0,0,8000,0,8000,8000
058019,美律凱基99購04  ,0,0,0,0,0,0,0,0,0,8000,0,0,0,8000,0,8000,8000
057110,立積群益98購01  ,0,0,0,0,0,0,0,0,0,8000,0,0,0,8000,0,8000,8000
058075,貿聯凱基99購02  ,0,0,0,0,0,0,0,0,0,8000,0,0,0,8000,0,8000,8000
057207,立積元富98購02  ,0,0,0,0,0,0,0,0,0,8000,0,0,0,8000,0,8000,8000
054205,華新國票97購02  ,0,0,0,0,0,0,0,0,0,8000,0,0,0,8000,0,8000,8000
054069,亞光國泰98購01  ,0,0,0,0,0,0,0,0,0,8000,0,0,0,8000,0,8000,8000
055320,建準國票98購01  ,0,0,0,0,0,0,0,0,0,8000,0,0,0,24000,16000,8000,8000
047004,台積電統一99購01,0,0,0,0,0,0,0,0,0,8000,0,0,0,18000,10000,8000,8000
049200,元黃金群益98購01,0,0,0,0,0,0,0,0,0,8000,0,0,0,8000,0,8000,8000
050566,高股息中信97購02,0,0,0,0,0,0,0,0,0,8000,0,0,0,8000,0,8000,8000
050672,上証2X富邦97購01,0,0,0,0,0,0,0,0,0,8000,0,0,0,9000,1000,8000,8000
00735,國泰臺韓科技    ,0,19000,-19000,0,0,0,0,0,0,27000,0,0,0,177000,150000,27000,8000
006204,永豐臺灣加權    ,0,0,0,0,0,0,0,0,0,8000,0,0,0,8000,0,8000,8000
053593,晶技元大98購01  ,0,0,0,0,0,0,0,0,0,8000,0,0,0,8000,0,8000,8000
056820,欣興永豐98購02  ,0,0,0,0,0,0,0,0,0,8000,0,0,0,10000,2000,8000,8000
056855,祥碩中信98購02  ,0,0,0,0,0,0,0,0,0,8000,0,0,0,8000,0,8000,8000
061360,智邦兆豐9B購02  ,0,0,0,0,0,0,0,0,0,8000,0,0,0,38000,30000,8000,8000
060917,台表科國泰9B購01,0,0,0,0,0,0,0,0,0,8000,0,0,0,8000,0,8000,8000
061384,T50反1群益9A購04,0,0,0,0,0,0,0,0,0,8000,0,0,0,8000,0,8000,8000
057662,上銀元大9A購01  ,0,0,0,0,0,0,0,0,0,8000,0,0,0,28000,20000,8000,8000
057404,貿聯群益99購01  ,0,0,0,0,0,0,0,0,0,8000,0,0,0,8000,0,8000,8000
059951,台塑康和99購01  ,0,0,0,0,0,0,0,0,0,8000,0,0,0,68000,60000,8000,8000
059833,緯穎康和99購01  ,0,0,0,0,0,0,0,0,0,8000,0,0,0,8000,0,8000,8000
059663,旭富元大9C購02  ,0,0,0,0,0,0,0,0,0,8000,0,0,0,69000,61000,8000,8000
058731,貿聯永豐99購02  ,0,0,0,0,0,0,0,0,0,8000,0,0,0,9000,1000,8000,8000
058876,南電國票9A購02  ,0,0,0,0,0,0,0,0,0,8000,0,0,0,9000,1000,8000,8000
060390,聯鈞群益9A購01  ,0,0,0,0,0,0,0,0,0,8000,0,0,0,158000,150000,8000,8000
060416,神隆永豐9A購01  ,0,0,0,0,0,0,0,0,0,8000,0,0,0,347000,339000,8000,8000
062811,鴻海兆豐9B購01  ,0,0,0,0,0,0,0,0,0,8000,0,0,0,38000,30000,8000,8000
061108,臻鼎元大9A購02  ,0,0,0,0,0,0,0,0,0,8000,0,0,0,8000,0,8000,8000
06154P,超眾元大98售01  ,0,0,0,0,0,0,0,0,0,8000,0,0,0,8000,0,8000,8000
059021,台積電統一9B購07,0,0,0,0,0,0,0,0,0,8000,0,0,0,8000,0,8000,8000
060264,華新科國票9A購02,0,0,0,0,0,0,0,0,0,8000,0,0,0,8000,0,8000,8000
059083,華通元大99購07  ,0,0,0,0,0,0,0,0,0,8000,0,0,0,9000,1000,8000,8000
059295,大立光元富99購05,0,0,0,0,0,0,0,0,0,8000,0,0,0,12000,4000,8000,8000
058672,可成群益9B購02  ,0,0,0,0,0,0,0,0,0,8000,0,0,0,16000,8000,8000,8000
062071,華通元大9B購02  ,0,0,0,0,0,0,0,0,0,8000,0,0,0,15000,7000,8000,8000
06037P,超眾國票98售02  ,0,0,0,0,0,0,0,0,0,8000,0,0,0,18000,10000,8000,8000
060295,貿聯元大9A購03  ,0,0,0,0,0,0,0,0,0,8000,0,0,0,8000,0,8000,8000
061932,上銀國票9B購01  ,0,0,0,0,0,0,0,0,0,8000,0,0,0,8000,0,8000,8000
065280,道瓊指群益9C購02,0,0,0,0,0,0,0,0,0,8000,0,0,0,8000,0,8000,8000
065274,南茂元大9C購03  ,0,0,0,0,0,0,0,0,0,8000,0,0,0,15000,7000,8000,8000
065266,創意元大9C購05  ,0,0,0,0,0,0,0,0,0,8000,0,0,0,13000,5000,8000,8000
065225,神隆凱基01購01  ,0,0,0,0,0,0,0,0,0,8000,0,0,0,272000,264000,8000,8000
06535P,可成群益99售02  ,0,0,0,0,0,0,0,0,0,8000,0,0,0,8000,0,8000,8000
065411,旺宏永豐9C購02  ,0,0,0,0,0,0,0,0,0,8000,0,0,0,8000,0,8000,8000
065014,南電國泰01購01  ,0,0,0,0,0,0,0,0,0,8000,0,0,0,185000,177000,8000,8000
065060,上銀群益9C購02  ,0,0,0,0,0,0,0,0,0,8000,0,0,0,8000,0,8000,8000
064351,中租元大9C購01  ,0,0,0,0,0,0,0,0,0,8000,0,0,0,10000,2000,8000,8000
064648,臻鼎凱基9C購02  ,0,0,0,0,0,0,0,0,0,8000,0,0,0,88000,80000,8000,8000
064662,鴻海元大9C購10  ,0,0,0,0,0,0,0,0,0,8000,0,0,0,56000,48000,8000,8000
06466P,台積電統一9B售01,0,0,0,0,0,0,0,0,0,8000,0,0,0,10000,2000,8000,8000
064109,上銀國票01購01  ,0,0,0,0,0,0,0,0,0,8000,0,0,0,8000,0,8000,8000
063685,鴻海永豐9B購03  ,0,0,0,0,0,0,0,0,0,8000,0,0,0,51000,43000,8000,8000
063662,上銀統一01購03  ,0,0,0,0,0,0,0,0,0,8000,0,0,0,8000,0,8000,8000
063106,台表科群益9B購03,0,0,0,0,0,0,0,0,0,8000,0,0,0,20000,12000,8000,8000
063130,聯茂元大9B購02  ,0,0,0,0,0,0,0,0,0,8000,0,0,0,8000,0,8000,8000
063026,南六元大9B購04  ,0,0,0,0,0,0,0,0,0,8000,0,0,0,39000,31000,8000,8000
063015,微星元大9B購01  ,0,0,0,0,0,0,0,0,0,8000,0,0,0,13000,5000,8000,8000
063303,聯發科凱基9B購14,0,0,0,0,0,0,0,0,0,8000,0,0,0,23000,15000,8000,8000
063253,巨大元大9B購03  ,0,0,0,0,0,0,0,0,0,8000,0,0,0,33000,25000,8000,8000
6152,百一            ,54000,46000,8000,0,0,0,0,0,0,0,0,0,0,0,0,0,8000
6525,捷敏-KY         ,18000,10000,8000,0,0,0,0,0,0,0,0,0,0,0,0,0,8000
2601,益航            ,284000,276416,7584,0,0,0,0,0,0,0,0,0,0,0,0,0,7584
07050P,宏達電中信9B售01,0,0,0,0,0,0,0,0,0,7000,0,0,0,31000,24000,7000,7000
1101B,台泥乙特        ,0,0,0,0,0,0,0,0,0,7000,7000,0,7000,0,0,0,7000
1235,興泰            ,11000,4000,7000,0,0,0,0,0,0,0,0,0,0,0,0,0,7000
08069P,大立光國泰01售02,0,0,0,0,0,0,0,0,0,7000,0,0,0,18000,11000,7000,7000
08293P,國巨元大9C售13  ,0,0,0,0,0,0,0,0,0,7000,0,0,0,7000,0,7000,7000
066550,國泰金元大01購01,0,0,0,0,0,0,0,0,0,7000,0,0,0,13000,6000,7000,7000
065993,立積永豐01購02  ,0,0,0,0,0,0,0,0,0,7000,0,0,0,7000,0,7000,7000
066013,友訊元富01購02  ,0,0,0,0,0,0,0,0,0,7000,0,0,0,116000,109000,7000,7000
065603,聯發科元大9C購16,0,0,0,0,0,0,0,0,0,7000,0,0,0,16000,9000,7000,7000
065512,友訊群益01購01  ,0,0,0,0,0,0,0,0,0,7000,0,0,0,12000,5000,7000,7000
060941,台積電國票9B購04,0,0,0,0,0,0,0,0,0,7000,0,0,0,7000,0,7000,7000
03017X,元展17          ,0,0,0,0,0,0,0,0,0,7000,0,0,0,7000,0,7000,7000
058020,大立光凱基99購03,0,0,0,0,0,0,0,0,0,7000,0,0,0,10000,3000,7000,7000
057056,立積元大99購02  ,0,0,0,0,0,0,0,0,0,7000,0,0,0,20000,13000,7000,7000
054556,世芯凱基99購01  ,0,0,0,0,0,0,0,0,0,7000,0,0,0,17000,10000,7000,7000
061826,台郡麥證9B購01  ,0,0,0,7000,0,7000,0,0,0,7000,0,0,0,7000,0,7000,7000
061953,台積電台新9B購04,0,0,0,0,0,0,0,0,0,7000,0,0,0,7000,0,7000,7000
058664,百和兆豐99購01  ,0,0,0,0,0,0,0,0,0,7000,0,0,0,7000,0,7000,7000
059304,華新科兆豐99購06,0,0,0,0,0,0,0,0,0,7000,0,0,0,8000,1000,7000,7000
061482,健策元大9C購01  ,0,0,0,0,0,0,0,0,0,7000,0,0,0,50000,43000,7000,7000
061000,旺宏兆豐9A購02  ,0,0,0,0,0,0,0,0,0,7000,0,0,0,257000,250000,7000,7000
062841,臺股指群益9B購08,0,0,0,0,0,0,0,0,0,7000,0,0,0,8000,1000,7000,7000
062764,世芯凱基9B購02  ,0,0,0,0,0,0,0,0,0,7000,0,0,0,7000,0,7000,7000
062576,華擎群益9B購02  ,0,0,0,0,0,0,0,0,0,7000,0,0,0,7000,0,7000,7000
062564,矽創凱基9B購01  ,0,0,0,0,0,0,0,0,0,7000,0,0,0,65000,58000,7000,7000
062428,超眾統一9B購01  ,0,0,0,0,0,0,0,0,0,7000,0,0,0,45000,38000,7000,7000
062441,華新科元大9C購01,0,0,0,0,0,0,0,0,0,7000,0,0,0,7000,0,7000,7000
058471,台積電日盛9C購01,0,0,0,0,0,0,0,0,0,7000,0,0,0,73000,66000,7000,7000
058515,健鼎元大99購01  ,0,0,0,0,0,0,0,0,0,7000,0,0,0,7000,0,7000,7000
058590,南電中信9A購02  ,0,0,0,0,0,0,0,0,0,7000,0,0,0,7000,0,7000,7000
059733,緯穎元大99購08  ,0,0,0,0,0,0,0,0,0,7000,0,0,0,15000,8000,7000,7000
059990,健策元大9A購01  ,0,0,0,0,0,0,0,0,0,7000,0,0,0,38000,31000,7000,7000
063339,智邦統一01購01  ,0,0,0,0,0,0,0,0,0,7000,0,0,0,74000,67000,7000,7000
063516,香港反凱基03購01,0,0,0,0,0,0,0,0,0,7000,0,0,0,10000,3000,7000,7000
063078,元金2X凱基02購03,0,0,0,0,0,0,0,0,0,7000,0,0,0,7000,0,7000,7000
064220,力山國票01購01  ,0,0,0,0,0,0,0,0,0,7000,0,0,0,14000,7000,7000,7000
063962,台達電國票01購01,0,0,0,0,0,0,0,0,0,7000,0,0,0,7000,0,7000,7000
064273,華邦電元大9C購02,0,0,0,0,0,0,0,0,0,7000,0,0,0,7000,0,7000,7000
065048,世芯凱基01購01  ,0,0,0,0,0,0,0,0,0,7000,0,0,0,72000,65000,7000,7000
065285,宏碁群益01購01  ,0,0,0,0,0,0,0,0,0,7000,0,0,0,44000,37000,7000,7000
2611,志信            ,8000,11000,-3000,0,0,0,0,0,0,10000,10000,0,10000,0,0,0,7000
2438,翔耀            ,25000,18000,7000,0,0,0,0,0,0,0,0,0,0,0,0,0,7000
065519,台勝科群益9C購02,0,0,0,0,0,0,0,0,0,6000,0,0,0,96000,90000,6000,6000
065590,元黃金元大9C購01,0,0,0,0,0,0,0,0,0,6000,0,0,0,11000,5000,6000,6000
065657,智邦富邦9C購01  ,0,0,0,0,0,0,0,0,0,6000,0,0,0,46000,40000,6000,6000
065659,華新科永豐9C購04,0,0,0,0,0,0,0,0,0,6000,0,0,0,6000,0,6000,6000
065961,東元元大04購01  ,0,0,0,0,0,0,0,0,0,6000,0,0,0,61000,55000,6000,6000
066551,大立光元大01購07,0,0,0,0,0,0,0,0,0,6000,0,0,0,66000,60000,6000,6000
06613P,華新科富邦9A售03,0,0,0,0,0,0,0,0,0,6000,0,0,0,6000,0,6000,6000
08470P,世芯凱基9C售02  ,0,0,0,0,0,0,0,0,0,6000,0,0,0,256000,250000,6000,6000
08445P,臺股指麥證9C售03,0,0,0,14000,8000,6000,0,0,0,6000,0,0,0,14000,8000,6000,6000
08644P,臺股指中信02售02,0,0,0,0,0,0,0,0,0,6000,0,0,0,136000,130000,6000,6000
07022P,嘉晶永豐99售02  ,0,0,0,0,0,0,0,0,0,6000,0,0,0,6000,0,6000,6000
06926P,可成群益9A售04  ,0,0,0,0,0,0,0,0,0,6000,0,0,0,17000,11000,6000,6000
07387P,臺股指群益99售25,0,0,0,0,0,0,0,0,0,6000,0,0,0,6000,0,6000,6000
07211P,南亞科凱基99售05,0,0,0,0,0,0,0,0,0,6000,0,0,0,6000,0,6000,6000
07178P,臺股指凱基99售20,0,0,0,0,0,0,0,0,0,6000,0,0,0,6000,0,6000,6000
07107P,臺股指統一99售07,0,0,0,0,0,0,0,0,0,6000,0,0,0,16000,10000,6000,6000
054466,欣興凱基97購03  ,0,0,0,0,0,0,0,0,0,6000,0,0,0,7000,1000,6000,6000
058100,聯茂國泰99購02  ,0,0,0,0,0,0,0,0,0,6000,0,0,0,6000,0,6000,6000
054128,台積電元大97購10,0,0,0,0,0,0,0,0,0,6000,0,0,0,6000,0,6000,6000
053659,智原凱基97購01  ,0,0,0,0,0,0,0,0,0,6000,0,0,0,6000,0,6000,6000
00684R,元大美元指數反1 ,0,0,0,0,0,0,0,0,0,6000,0,0,0,6000,0,6000,6000
00706L,元大S&P日圓正2  ,0,0,0,0,0,0,0,0,0,6000,0,0,0,7000,1000,6000,6000
051830,健策元大97購01  ,0,0,0,0,0,0,0,0,0,6000,0,0,0,6000,0,6000,6000
00866,新光Shiller CAPE,0,0,0,0,0,0,0,0,0,6000,0,0,0,32000,26000,6000,6000
056140,康控元大98購01  ,0,0,0,0,0,0,0,0,0,6000,0,0,0,6000,0,6000,6000
056226,聯發科凱基97購10,0,0,0,0,0,0,0,0,0,6000,0,0,0,6000,0,6000,6000
05579P,友達凱基98售03  ,0,0,0,0,0,0,0,0,0,6000,0,0,0,6000,0,6000,6000
061425,華新科元大9A購19,0,0,0,0,0,0,0,0,0,6000,0,0,0,6000,0,6000,6000
061705,健策國票9A購06  ,0,0,0,0,0,0,0,0,0,6000,0,0,0,54000,48000,6000,6000
061663,南六永豐9A購05  ,0,0,0,0,0,0,0,0,0,6000,0,0,0,6000,0,6000,6000
057550,聯發科凱基02購01,0,0,0,0,0,0,0,0,0,6000,0,0,0,6000,0,6000,6000
057495,牧德元大99購04  ,0,0,0,0,0,0,0,0,0,6000,0,0,0,15000,9000,6000,6000
058402,欣興元大99購04  ,0,0,0,0,0,0,0,0,0,6000,0,0,0,35000,29000,6000,6000
057538,緯穎元大98購07  ,0,0,0,0,0,0,0,0,0,6000,0,0,0,118000,112000,6000,6000
056813,聯茂統一99購01  ,0,0,0,0,0,0,0,0,0,6000,0,0,0,6000,0,6000,6000
056508,揚明光永豐98購01,0,0,0,0,0,0,0,0,0,6000,0,0,0,6000,0,6000,6000
057670,欣興元大99購02  ,0,0,0,0,0,0,0,0,0,6000,0,0,0,22000,16000,6000,6000
057774,台光電群益99購02,0,0,0,0,0,0,0,0,0,6000,0,0,0,6000,0,6000,6000
057855,晶技國票99購01  ,0,0,0,0,0,0,0,0,0,6000,0,0,0,6000,0,6000,6000
059755,宏達電國泰9A購01,0,0,0,0,0,0,0,0,0,6000,0,0,0,17000,11000,6000,6000
059782,A50正2元大9C購04,0,0,0,0,0,0,0,0,0,6000,0,0,0,6000,0,6000,6000
058875,台表科國票9A購02,0,0,0,0,0,0,0,0,0,6000,0,0,0,45000,39000,6000,6000
058825,同欣電富邦9A購01,0,0,0,0,0,0,0,0,0,6000,0,0,0,6000,0,6000,6000
058724,大立光國泰9B購01,0,0,0,0,0,0,0,0,0,6000,0,0,0,6000,0,6000,6000
061038,TPK永豐9A購01   ,0,0,0,0,0,0,0,0,0,6000,0,0,0,8000,2000,6000,6000
058656,燿華中信99購01  ,0,0,0,0,0,0,0,0,0,6000,0,0,0,111000,105000,6000,6000
062284,華擎群益9C購03  ,0,0,0,0,0,0,0,0,0,6000,0,0,0,6000,0,6000,6000
061799,奇鋐永豐9B購01  ,0,0,0,0,0,0,0,0,0,6000,0,0,0,65000,59000,6000,6000
065305,泰鼎元富9C購01  ,0,0,0,0,0,0,0,0,0,6000,0,0,0,152000,146000,6000,6000
065323,聯發科凱基9C購09,0,0,0,0,0,0,0,0,0,6000,0,0,0,78000,72000,6000,6000
065272,聯茂元大9C購05  ,0,0,0,0,0,0,0,0,0,6000,0,0,0,31000,25000,6000,6000
064867,華新科永豐9C購03,0,0,0,0,0,0,0,0,0,6000,0,0,0,6000,0,6000,6000
064348,TPK元大9C購03   ,0,0,0,0,0,0,0,0,0,6000,0,0,0,11000,5000,6000,6000
064315,創意群益9C購01  ,0,0,0,0,0,0,0,0,0,6000,0,0,0,6000,0,6000,6000
064345,創意元大9C購03  ,0,0,0,0,0,0,0,0,0,6000,0,0,0,33000,27000,6000,6000
064435,聯發科凱基02購03,0,0,0,0,0,0,0,0,0,6000,0,0,0,11000,5000,6000,6000
064735,群創元富9C購02  ,0,0,0,0,0,0,0,0,0,6000,0,0,0,98000,92000,6000,6000
064058,儒鴻麥證01購01  ,0,0,0,6000,0,6000,0,0,0,6000,0,0,0,6000,0,6000,6000
063629,台積電元大9B購08,0,0,0,0,0,0,0,0,0,6000,0,0,0,6000,0,6000,6000
063769,玉晶光國泰02購01,0,0,0,0,0,0,0,0,0,6000,0,0,0,6000,0,6000,6000
063748,台積電國票9C購05,0,0,0,0,0,0,0,0,0,6000,0,0,0,6000,0,6000,6000
063730,台積電元大9B購09,0,0,0,0,0,0,0,0,0,6000,0,0,0,6000,0,6000,6000
062869,帆宣中信9B購01  ,0,0,0,0,0,0,0,0,0,6000,0,0,0,180000,174000,6000,6000
063529,聯茂凱基9B購02  ,0,0,0,0,0,0,0,0,0,6000,0,0,0,6000,0,6000,6000
063454,瑞儀統一9B購01  ,0,0,0,0,0,0,0,0,0,6000,0,0,0,21000,15000,6000,6000
2008,高興昌          ,8000,2000,6000,0,0,0,0,0,0,0,0,0,0,0,0,0,6000
1452,宏益            ,1000,9000,-8000,0,0,0,0,0,0,14000,14000,0,14000,0,0,0,6000
2908,特力            ,108000,102000,6000,0,0,0,0,0,0,0,0,0,0,0,0,0,6000
5533,皇鼎            ,6000,0,6000,0,0,0,0,0,0,0,0,0,0,0,0,0,6000
008201,BP上證50        ,0,0,0,0,0,0,0,0,0,5100,0,0,0,5100,0,5100,5100
07082P,美律元大99售06  ,0,0,0,0,0,0,0,0,0,5000,0,0,0,5000,0,5000,5000
07344P,鴻海富邦9A售03  ,0,0,0,0,0,0,0,0,0,5000,0,0,0,5000,0,5000,5000
07300P,臺股指元大9A售33,0,0,0,0,0,0,0,0,0,5000,0,0,0,50000,45000,5000,5000
06845P,億光元大98售02  ,0,0,0,0,0,0,0,0,0,5000,0,0,0,15000,10000,5000,5000
06788P,臺股指元大98售05,0,0,0,0,0,0,0,0,0,5000,0,0,0,5000,0,5000,5000
07467P,上銀元大9A售03  ,0,0,0,0,0,0,0,0,0,5000,0,0,0,5000,0,5000,5000
07756P,台灣50國票04售01,0,0,0,0,0,0,0,0,0,5000,0,0,0,20000,15000,5000,5000
08063P,立積國票9B售03  ,0,0,0,0,0,0,0,0,0,5000,0,0,0,25000,20000,5000,5000
08027P,嘉晶元大9B售03  ,0,0,0,0,0,0,0,0,0,5000,0,0,0,5000,0,5000,5000
08647P,鴻海凱基9C售06  ,0,0,0,0,0,0,0,0,0,5000,0,0,0,85000,80000,5000,5000
08592P,聯發科凱基01售06,0,0,0,0,0,0,0,0,0,5000,0,0,0,5000,0,5000,5000
08513P,聯發科凱基9C售08,0,0,0,0,0,0,0,0,0,5000,0,0,0,25000,20000,5000,5000
08576P,嘉澤凱基9C售03  ,0,0,0,0,0,0,0,0,0,5000,0,0,0,10000,5000,5000,5000
08694P,大立光群益01售05,0,0,0,0,0,0,0,0,0,5000,0,0,0,5000,0,5000,5000
08305P,茂林群益9C售01  ,0,0,0,0,0,0,0,0,0,5000,0,0,0,5000,0,5000,5000
08308P,聯發科凱基01售03,0,0,0,0,0,0,0,0,0,5000,0,0,0,5000,0,5000,5000
066330,新興永豐01購01  ,0,0,0,0,0,0,0,0,0,5000,0,0,0,5000,0,5000,5000
065926,金像電國票02購01,0,0,0,0,0,0,0,0,0,5000,0,0,0,5000,0,5000,5000
066021,華通群益02購03  ,0,0,0,0,0,0,0,0,0,5000,0,0,0,10000,5000,5000,5000
065584,華通富邦01購01  ,0,0,0,0,0,0,0,0,0,5000,0,0,0,5000,0,5000,5000
051939,同欣電群益97購01,0,0,0,0,0,0,0,0,0,5000,0,0,0,5000,0,5000,5000
00710B,FH彭博高收益債  ,0,0,0,0,0,0,0,0,0,5000,0,0,0,115000,110000,5000,5000
053528,南電中信9A購01  ,0,0,0,0,0,0,0,0,0,5000,0,0,0,5000,0,5000,5000
052730,華新科國泰98購01,0,0,0,0,0,0,0,0,0,5000,0,0,0,5000,0,5000,5000
055863,緯穎元大97購05  ,0,0,0,0,0,0,0,0,0,5000,0,0,0,5000,0,5000,5000
056076,超眾元大97購05  ,0,0,0,0,0,0,0,0,0,5000,0,0,0,5000,0,5000,5000
056002,嘉晶永豐97購01  ,0,0,0,0,0,0,0,0,0,5000,0,0,0,5000,0,5000,5000
055987,台表科元富97購01,0,0,0,0,0,0,0,0,0,5000,0,0,0,5000,0,5000,5000
055962,晶豪科元大97購02,0,0,0,0,0,0,0,0,0,5000,0,0,0,5000,0,5000,5000
056236,台積電群益97購06,0,0,0,0,0,0,0,0,0,5000,0,0,0,5000,0,5000,5000
056264,聯發科統一98購02,0,0,0,0,0,0,0,0,0,5000,0,0,0,22000,17000,5000,5000
053764,A50正2富邦99購01,0,0,0,0,0,0,0,0,0,5000,0,0,0,8000,3000,5000,5000
051431,群創元富99購02  ,0,0,0,0,0,0,0,0,0,5000,0,0,0,5000,0,5000,5000
049442,滬深2X統一99購01,0,0,0,0,0,0,0,0,0,5000,0,0,0,5000,0,5000,5000
048236,A50正2國票97購02,0,0,0,0,0,0,0,0,0,5000,0,0,0,5000,0,5000,5000
054066,緯穎國票97購03  ,0,0,0,0,0,0,0,0,0,5000,0,0,0,10000,5000,5000,5000
055330,上銀兆豐98購02  ,0,0,0,0,0,0,0,0,0,5000,0,0,0,15000,10000,5000,5000
055106,台積電凱基98購05,0,0,0,0,0,0,0,0,0,5000,0,0,0,5000,0,5000,5000
055039,神達富邦99購01  ,0,0,0,0,0,0,0,0,0,5000,0,0,0,5000,0,5000,5000
054884,友達統一99購01  ,0,0,0,0,0,0,0,0,0,5000,0,0,0,5000,0,5000,5000
057141,嘉聯益兆豐99購01,0,0,0,0,0,0,0,0,0,5000,0,0,0,10000,5000,5000,5000
054470,緯穎國票97購04  ,0,0,0,0,0,0,0,0,0,5000,0,0,0,5000,0,5000,5000
054558,劍麟群益99購01  ,0,0,0,0,0,0,0,0,0,5000,0,0,0,5000,0,5000,5000
057082,玉晶光統一9A購04,0,0,0,0,0,0,0,0,0,5000,0,0,0,13000,8000,5000,5000
057086,立積統一9C購01  ,0,0,0,0,0,0,0,0,0,5000,0,0,0,5000,0,5000,5000
057862,智邦凱基99購01  ,0,0,0,0,0,0,0,0,0,5000,0,0,0,5000,0,5000,5000
057928,鈺齊凱基98購02  ,0,0,0,0,0,0,0,0,0,5000,0,0,0,5000,0,5000,5000
05793P,臺股指中信99售08,0,0,0,0,0,0,0,0,0,5000,0,0,0,5000,0,5000,5000
057996,臻鼎中信98購01  ,0,0,0,0,0,0,0,0,0,5000,0,0,0,5000,0,5000,5000
058248,聯茂元大99購05  ,0,0,0,0,0,0,0,0,0,5000,0,0,0,6000,1000,5000,5000
056497,GIS國泰99購01   ,0,0,0,0,0,0,0,0,0,5000,0,0,0,5000,0,5000,5000
056513,臻鼎亞東99購01  ,0,0,0,0,0,0,0,0,0,5000,0,0,0,5000,0,5000,5000
057600,大立光群益99購03,0,0,0,0,0,0,0,0,0,5000,0,0,0,5000,0,5000,5000
056548,瀚宇博凱基98購02,0,0,0,0,0,0,0,0,0,5000,0,0,0,25000,20000,5000,5000
057400,全新群益9A購01  ,0,0,0,0,0,0,0,0,0,5000,0,0,0,5000,0,5000,5000
057411,臺股指群益99購05,0,0,0,0,0,0,0,0,0,5000,0,0,0,5000,0,5000,5000
056433,鴻海凱基98購09  ,0,0,0,0,0,0,0,0,0,5000,0,0,0,40000,35000,5000,5000
057342,玉晶光台新98購01,0,0,0,0,0,0,0,0,0,5000,0,0,0,405000,400000,5000,5000
057294,台灣50永豐99購01,0,0,0,0,0,0,0,0,0,5000,0,0,0,5000,0,5000,5000
056569,T50正2元大9B購02,0,0,0,0,0,0,0,0,0,5000,0,0,0,5000,0,5000,5000
056604,鴻海富邦9A購01  ,0,0,0,0,0,0,0,0,0,5000,0,0,0,15000,10000,5000,5000
057491,美食元大98購03  ,0,0,0,0,0,0,0,0,0,5000,0,0,0,5000,0,5000,5000
056898,全新元大98購02  ,0,0,0,0,0,0,0,0,0,5000,0,0,0,5000,0,5000,5000
056972,祥碩永豐98購02  ,0,0,0,0,0,0,0,0,0,5000,0,0,0,5000,0,5000,5000
061735,上銀凱基9B購01  ,0,0,0,0,0,0,0,0,0,5000,0,0,0,5000,0,5000,5000
060910,聯發科元大9A購05,0,0,0,0,0,0,0,0,0,5000,0,0,0,5000,0,5000,5000
060304,大立光富邦9C購05,0,0,0,0,0,0,0,0,0,5000,0,0,0,5000,0,5000,5000
062165,聯茂國泰01購01  ,0,0,0,0,0,0,0,0,0,5000,0,0,0,8000,3000,5000,5000
062286,台郡群益9B購01  ,0,0,0,0,0,0,0,0,0,5000,0,0,0,5000,0,5000,5000
062288,南六群益9B購01  ,0,0,0,0,0,0,0,0,0,5000,0,0,0,28000,23000,5000,5000
062271,華通群益9C購02  ,0,0,0,0,0,0,0,0,0,5000,0,0,0,5000,0,5000,5000
058639,南電兆豐99購01  ,0,0,0,0,0,0,0,0,0,5000,0,0,0,5000,0,5000,5000
059377,台積電群益99購09,0,0,0,0,0,0,0,0,0,5000,0,0,0,5000,0,5000,5000
059289,瑞昱元富99購01  ,0,0,0,0,0,0,0,0,0,5000,0,0,0,5000,0,5000,5000
059320,華新科元大99購15,0,0,0,0,0,0,0,0,0,5000,0,0,0,5000,0,5000,5000
061041,南電永豐9A購03  ,0,0,0,0,0,0,0,0,0,5000,0,0,0,5000,0,5000,5000
060967,鈺齊凱基9A購02  ,0,0,0,0,0,0,0,0,0,5000,0,0,0,64000,59000,5000,5000
061248,健策群益9A購03  ,0,0,0,0,0,0,0,0,0,5000,0,0,0,5000,0,5000,5000
061228,聯茂中信9A購01  ,0,0,0,0,0,0,0,0,0,5000,0,0,0,5000,0,5000,5000
059119,華擎永豐99購02  ,0,0,0,0,0,0,0,0,0,5000,0,0,0,5000,0,5000,5000
059121,瑞儀永豐99購01  ,0,0,0,0,0,0,0,0,0,5000,0,0,0,5000,0,5000,5000
060199,台郡元富9A購01  ,0,0,0,0,0,0,0,0,0,5000,0,0,0,5000,0,5000,5000
059218,台積電元大99購31,0,0,0,0,0,0,0,0,0,5000,0,0,0,5000,0,5000,5000
059265,美律中信01購01  ,0,0,0,0,0,0,0,0,0,5000,0,0,0,20000,15000,5000,5000
061202,和大元大9A購02  ,0,0,0,0,0,0,0,0,0,5000,0,0,0,30000,25000,5000,5000
061214,華擎元大9A購04  ,0,0,0,0,0,0,0,0,0,5000,0,0,0,5000,0,5000,5000
060658,台灣50凱基01購04,0,0,0,0,0,0,0,0,0,5000,0,0,0,5000,0,5000,5000
058775,台積電國票9A購02,0,0,0,0,0,0,0,0,0,5000,0,0,0,5000,0,5000,5000
058848,台積電群益99購07,0,0,0,0,0,0,0,0,0,5000,0,0,0,5000,0,5000,5000
059549,台光電群益99購04,0,0,0,0,0,0,0,0,0,5000,0,0,0,5000,0,5000,5000
059459,訊芯永豐99購04  ,0,0,0,0,0,0,0,0,0,5000,0,0,0,5000,0,5000,5000
059781,A50正2元大9C購03,0,0,0,0,0,0,0,0,0,5000,0,0,0,5000,0,5000,5000
059844,大立光富邦9C購04,0,0,0,0,0,0,0,0,0,5000,0,0,0,10000,5000,5000,5000
059597,大立光元大99購21,0,0,0,0,0,0,0,0,0,5000,0,0,0,5000,0,5000,5000
060510,大立光元大9A購03,0,0,0,0,0,0,0,0,0,5000,0,0,0,25000,20000,5000,5000
060531,大立光中信9A購04,0,0,0,0,0,0,0,0,0,5000,0,0,0,10000,5000,5000,5000
060539,道瓊反凱基9A購01,0,0,0,0,0,0,0,0,0,5000,0,0,0,5000,0,5000,5000
060774,南亞科凱基9A購01,0,0,0,0,0,0,0,0,0,5000,0,0,0,5000,0,5000,5000
062411,玉晶光第一9B購01,0,0,0,0,0,0,0,0,0,5000,0,0,0,5000,0,5000,5000
062493,元金反中信9B購01,0,0,0,0,0,0,0,0,0,5000,0,0,0,5000,0,5000,5000
062541,臻鼎國泰01購01  ,0,0,0,0,0,0,0,0,0,5000,0,0,0,5000,0,5000,5000
062498,華通群益9C購04  ,0,0,0,0,0,0,0,0,0,5000,0,0,0,19000,14000,5000,5000
062517,滬深2X元大9B購05,0,0,0,0,0,0,0,0,0,5000,0,0,0,5000,0,5000,5000
062671,國泰金中信03購01,0,0,0,0,0,0,0,0,0,5000,0,0,0,15000,10000,5000,5000
063382,南茂永豐9B購01  ,0,0,0,0,0,0,0,0,0,5000,0,0,0,10000,5000,5000,5000
063388,台光電兆豐9C購01,0,0,0,0,0,0,0,0,0,5000,0,0,0,23000,18000,5000,5000
063295,京元電麥證9B購01,0,0,0,5000,0,5000,0,0,0,5000,0,0,0,5000,0,5000,5000
062954,世芯永豐9B購03  ,0,0,0,0,0,0,0,0,0,5000,0,0,0,10000,5000,5000,5000
063120,台光電元大9C購01,0,0,0,0,0,0,0,0,0,5000,0,0,0,16000,11000,5000,5000
063746,上銀國票9C購01  ,0,0,0,0,0,0,0,0,0,5000,0,0,0,43000,38000,5000,5000
063843,台積電元大9C購03,0,0,0,0,0,0,0,0,0,5000,0,0,0,5000,0,5000,5000
063632,金像電元大9B購04,0,0,0,0,0,0,0,0,0,5000,0,0,0,5000,0,5000,5000
063681,深中小永豐9B購01,0,0,0,0,0,0,0,0,0,5000,0,0,0,5000,0,5000,5000
06405P,億光元富97售02  ,0,0,0,0,0,0,0,0,0,5000,0,0,0,5000,0,5000,5000
063964,瑞昱國票01購01  ,0,0,0,0,0,0,0,0,0,5000,0,0,0,5000,0,5000,5000
063954,世芯元大01購02  ,0,0,0,0,0,0,0,0,0,5000,0,0,0,5000,0,5000,5000
064687,國巨群益9C購10  ,0,0,0,0,0,0,0,0,0,5000,0,0,0,40000,35000,5000,5000
064424,華新科兆豐01購01,0,0,0,0,0,0,0,0,0,5000,0,0,0,20000,15000,5000,5000
064448,裕隆統一02購01  ,0,0,0,0,0,0,0,0,0,5000,0,0,0,10000,5000,5000,5000
065026,世紀鋼永豐9C購02,0,0,0,0,0,0,0,0,0,5000,0,0,0,25000,20000,5000,5000
065023,大毅永豐9C購01  ,0,0,0,0,0,0,0,0,0,5000,0,0,0,10000,5000,5000,5000
065070,臺股指群益9C購18,0,0,0,0,0,0,0,0,0,5000,0,0,0,20000,15000,5000,5000
065140,國巨凱基01購02  ,0,0,0,0,0,0,0,0,0,5000,0,0,0,13000,8000,5000,5000
065282,國巨群益9C購14  ,0,0,0,0,0,0,0,0,0,5000,0,0,0,5000,0,5000,5000
065405,華新科富邦03購01,0,0,0,0,0,0,0,0,0,5000,0,0,0,20000,15000,5000,5000
065447,緯創統一02購02  ,0,0,0,0,0,0,0,0,0,5000,0,0,0,5000,0,5000,5000
2425,承啟            ,156000,151000,5000,0,0,0,0,0,0,0,0,0,0,0,0,0,5000
2236,百達-KY         ,3000,1000,2000,0,0,0,0,0,0,3000,3000,0,3000,0,0,0,5000
065887,巨大元富9C購01  ,0,0,0,0,0,0,0,0,0,4000,0,0,0,4000,0,4000,4000
066241,瑞祺富邦03購01  ,0,0,0,0,0,0,0,0,0,4000,0,0,0,124000,120000,4000,4000
066545,鴻海元大01購09  ,0,0,0,0,0,0,0,0,0,4000,0,0,0,30000,26000,4000,4000
08187P,大毅群益9B售04  ,0,0,0,0,0,0,0,0,0,4000,0,0,0,20000,16000,4000,4000
08545P,南電國泰01售02  ,0,0,0,0,0,0,0,0,0,4000,0,0,0,21000,17000,4000,4000
08528P,台勝科元大9C售02,0,0,0,0,0,0,0,0,0,4000,0,0,0,10000,6000,4000,4000
08054P,臺股指國票9B售19,0,0,0,0,0,0,0,0,0,4000,0,0,0,24000,20000,4000,4000
07982P,全新群益9B售04  ,0,0,0,0,0,0,0,0,0,4000,0,0,0,24000,20000,4000,4000
07573P,國巨元大9A售11  ,0,0,0,0,0,0,0,0,0,4000,0,0,0,4000,0,4000,4000
06881P,國巨群益98售10  ,0,0,0,0,0,0,0,0,0,4000,0,0,0,4000,0,4000,4000
06889P,臺股指元大98售13,0,0,0,0,0,0,0,0,0,4000,0,0,0,4000,0,4000,4000
06941P,國巨統一98售07  ,0,0,0,0,0,0,0,0,0,4000,0,0,0,14000,10000,4000,4000
07172P,臺股指國票99售09,0,0,0,0,0,0,0,0,0,4000,0,0,0,4000,0,4000,4000
061468,神達群益9A購01  ,0,0,0,0,0,0,0,0,0,4000,0,0,0,14000,10000,4000,4000
061395,健策統一9C購02  ,0,0,0,0,0,0,0,0,0,4000,0,0,0,81000,77000,4000,4000
061707,超眾國票9B購01  ,0,0,0,0,0,0,0,0,0,4000,0,0,0,4000,0,4000,4000
056594,台積電元富98購03,0,0,0,0,0,0,0,0,0,4000,0,0,0,14000,10000,4000,4000
056580,泰鼎元大9A購01  ,0,0,0,0,0,0,0,0,0,4000,0,0,0,4000,0,4000,4000
057447,智邦元富02購01  ,0,0,0,0,0,0,0,0,0,4000,0,0,0,4000,0,4000,4000
056437,台積電凱基98購11,0,0,0,0,0,0,0,0,0,4000,0,0,0,4000,0,4000,4000
056419,欣興元富98購02  ,0,0,0,0,0,0,0,0,0,4000,0,0,0,4000,0,4000,4000
057398,台郡中信99購01  ,0,0,0,0,0,0,0,0,0,4000,0,0,0,4000,0,4000,4000
058387,國巨國票9A購03  ,0,0,0,0,0,0,0,0,0,4000,0,0,0,10000,6000,4000,4000
058227,台灣50元大9C購01,0,0,0,0,0,0,0,0,0,4000,0,0,0,4000,0,4000,4000
057820,華擎元大98購02  ,0,0,0,0,0,0,0,0,0,4000,0,0,0,4000,0,4000,4000
054565,玉晶光群益99購02,0,0,0,0,0,0,0,0,0,4000,0,0,0,4000,0,4000,4000
058069,美律凱基99購05  ,0,0,0,0,0,0,0,0,0,4000,0,0,0,44000,40000,4000,4000
055304,瑞昱第一98購01  ,0,0,0,0,0,0,0,0,0,4000,0,0,0,4000,0,4000,4000
055335,健策兆豐98購01  ,0,0,0,0,0,0,0,0,0,4000,0,0,0,4000,0,4000,4000
055553,聯發科凱基97購05,0,0,0,0,0,0,0,0,0,4000,0,0,0,4000,0,4000,4000
056278,全新富邦98購02  ,0,0,0,0,0,0,0,0,0,4000,0,0,0,4000,0,4000,4000
055738,玉山金元富97購01,0,0,0,0,0,0,0,0,0,4000,0,0,0,4000,0,4000,4000
03684C,臺股指元大06牛01,0,0,0,0,0,0,0,0,0,4000,0,0,0,4000,0,4000,4000
045053,聯發科元富98購01,0,0,0,0,0,0,0,0,0,4000,0,0,0,4000,0,4000,4000
056151,建準凱基97購01  ,0,0,0,0,0,0,0,0,0,4000,0,0,0,4000,0,4000,4000
052475,滬深2X群益99購06,0,0,0,0,0,0,0,0,0,4000,0,0,0,4000,0,4000,4000
062688,華擎統一01購03  ,0,0,0,0,0,0,0,0,0,4000,0,0,0,171000,167000,4000,4000
062511,台光電國票9B購02,0,0,0,0,0,0,0,0,0,4000,0,0,0,4000,0,4000,4000
062579,華通統一01購02  ,0,0,0,0,0,0,0,0,0,4000,0,0,0,4000,0,4000,4000
062786,立積元大9C購03  ,0,0,0,0,0,0,0,0,0,4000,0,0,0,4000,0,4000,4000
060784,鴻海富邦9C購01  ,0,0,0,0,0,0,0,0,0,4000,0,0,0,15000,11000,4000,4000
060763,聯鈞元大9A購03  ,0,0,0,0,0,0,0,0,0,4000,0,0,0,34000,30000,4000,4000
059702,台積電凱基9A購14,0,0,0,0,0,0,0,0,0,4000,0,0,0,4000,0,4000,4000
060406,瑞祺國泰9B購01  ,0,0,0,0,0,0,0,0,0,4000,0,0,0,4000,0,4000,4000
058517,景碩元大99購06  ,0,0,0,0,0,0,0,0,0,4000,0,0,0,32000,28000,4000,4000
060451,中石化元大9C購02,0,0,0,0,0,0,0,0,0,4000,0,0,0,140000,136000,4000,4000
060659,鴻海凱基9B購03  ,0,0,0,0,0,0,0,0,0,4000,0,0,0,48000,44000,4000,4000
060700,華新科國泰9C購01,0,0,0,0,0,0,0,0,0,4000,0,0,0,4000,0,4000,4000
060197,臻鼎元富9A購02  ,0,0,0,0,0,0,0,0,0,4000,0,0,0,4000,0,4000,4000
061297,台積電富邦9C購09,0,0,0,0,0,0,0,0,0,4000,0,0,0,4000,0,4000,4000
061065,神基凱基9A購01  ,0,0,0,0,0,0,0,0,0,4000,0,0,0,5000,1000,4000,4000
061570,瑞昱元大9A購05  ,0,0,0,0,0,0,0,0,0,4000,0,0,0,4000,0,4000,4000
059292,華新科元富9B購02,0,0,0,0,0,0,0,0,0,4000,0,0,0,14000,10000,4000,4000
062062,貿聯統一01購01  ,0,0,0,0,0,0,0,0,0,4000,0,0,0,18000,14000,4000,4000
060364,奇力新元富9A購01,0,0,0,0,0,0,0,0,0,4000,0,0,0,31000,27000,4000,4000
065460,嘉聯益台新9C購01,0,0,0,0,0,0,0,0,0,4000,0,0,0,27000,23000,4000,4000
065322,聯發科凱基01購05,0,0,0,0,0,0,0,0,0,4000,0,0,0,12000,8000,4000,4000
065181,南電元大01購01  ,0,0,0,0,0,0,0,0,0,4000,0,0,0,4000,0,4000,4000
064992,玉晶光兆豐01購01,0,0,0,0,0,0,0,0,0,4000,0,0,0,5000,1000,4000,4000
064639,聚陽凱基02購01  ,0,0,0,0,0,0,0,0,0,4000,0,0,0,4000,0,4000,4000
064737,中石化國票01購01,0,0,0,0,0,0,0,0,0,4000,0,0,0,29000,25000,4000,4000
064107,友達兆豐01購01  ,0,0,0,0,0,0,0,0,0,4000,0,0,0,89000,85000,4000,4000
063663,台光電統一9C購01,0,0,0,0,0,0,0,0,0,4000,0,0,0,5000,1000,4000,4000
063622,健策兆豐9B購01  ,0,0,0,0,0,0,0,0,0,4000,0,0,0,26000,22000,4000,4000
063623,祥碩兆豐9B購02  ,0,0,0,0,0,0,0,0,0,4000,0,0,0,4000,0,4000,4000
063615,瑞祺群益9B購03  ,0,0,0,0,0,0,0,0,0,4000,0,0,0,4000,0,4000,4000
063850,玉晶光元大9C購07,0,0,0,0,0,0,0,0,0,4000,0,0,0,4000,0,4000,4000
063768,華新科國泰9C購03,0,0,0,0,0,0,0,0,0,4000,0,0,0,4000,0,4000,4000
063105,健策群益9C購01  ,0,0,0,0,0,0,0,0,0,4000,0,0,0,4000,0,4000,4000
063173,矽格中信9B購01  ,0,0,0,0,0,0,0,0,0,4000,0,0,0,14000,10000,4000,4000
063232,裕隆元大9B購01  ,0,0,0,0,0,0,0,0,0,4000,0,0,0,32000,28000,4000,4000
062861,世芯國票9C購01  ,0,0,0,0,0,0,0,0,0,4000,0,0,0,4000,0,4000,4000
063301,鴻海凱基9B購08  ,0,0,0,0,0,0,0,0,0,4000,0,0,0,76000,72000,4000,4000
063241,聯發科元大9B購18,0,0,0,0,0,0,0,0,0,4000,0,0,0,4000,0,4000,4000
063311,喬山群益9B購01  ,0,0,0,0,0,0,0,0,0,4000,0,0,0,15000,11000,4000,4000
1540,喬福            ,8000,4000,4000,0,0,0,0,0,0,0,0,0,0,0,0,0,4000
3018,同開            ,62000,58000,4000,0,0,0,0,0,0,0,0,0,0,0,0,0,4000
3550,聯穎            ,4000,0,4000,0,0,0,0,0,0,0,0,0,0,0,0,0,4000
2882A,國泰特          ,0,0,0,0,0,0,0,0,0,4000,5000,1000,4000,0,0,0,4000
2489,瑞軒            ,1595000,1732000,-137000,0,0,0,0,0,0,141000,144000,3000,141000,0,0,0,4000
4566,時碩工業        ,18000,14000,4000,0,0,0,0,0,0,0,0,0,0,0,0,0,4000
6442,光聖            ,4000,2000,2000,0,0,0,0,0,0,2000,2000,0,2000,0,0,0,4000
06902P,聯電凱基98售02  ,0,0,0,0,0,0,0,0,0,3000,0,0,0,3000,0,3000,3000
06810P,國巨統一99售03  ,0,0,0,0,0,0,0,0,0,3000,0,0,0,3000,0,3000,3000
06803P,臺股指群益98售09,0,0,0,0,0,0,0,0,0,3000,0,0,0,3000,0,3000,3000
06741P,台積電富邦98售04,0,0,0,0,0,0,0,0,0,3000,0,0,0,5000,2000,3000,3000
07527P,台灣50凱基9B售02,0,0,0,0,0,0,0,0,0,3000,0,0,0,3000,0,3000,3000
1233,天仁            ,0,0,0,0,0,0,0,0,0,3000,3000,0,3000,0,0,0,3000
1315,達新            ,60000,55000,5000,0,0,0,0,0,0,-2000,1000,0,1000,0,3000,-3000,3000
066476,禾伸堂麥證01購01,0,0,0,3000,0,3000,0,0,0,3000,0,0,0,3000,0,3000,3000
066639,彩晶凱基05購01  ,0,0,0,0,0,0,0,0,0,3000,0,0,0,3000,0,3000,3000
066213,惠特統一03購01  ,0,0,0,0,0,0,0,0,0,3000,0,0,0,36000,33000,3000,3000
065921,GIS凱基01購02   ,0,0,0,0,0,0,0,0,0,3000,0,0,0,4000,1000,3000,3000
06602P,國巨統一99售02  ,0,0,0,0,0,0,0,0,0,3000,0,0,0,3000,0,3000,3000
066008,大立光統一03購02,0,0,0,0,0,0,0,0,0,3000,0,0,0,133000,130000,3000,3000
066072,華新科凱基01購03,0,0,0,0,0,0,0,0,0,3000,0,0,0,3000,0,3000,3000
065644,義隆元大9C購08  ,0,0,0,0,0,0,0,0,0,3000,0,0,0,94000,91000,3000,3000
065666,旺宏凱基9C購03  ,0,0,0,0,0,0,0,0,0,3000,0,0,0,5000,2000,3000,3000
053382,友達元大9C購02  ,0,0,0,0,0,0,0,0,0,3000,0,0,0,3000,0,3000,3000
053383,京元電元大97購01,0,0,0,0,0,0,0,0,0,3000,0,0,0,3000,0,3000,3000
053292,美律中信98購01  ,0,0,0,0,0,0,0,0,0,3000,0,0,0,94000,91000,3000,3000
02001L,富邦蘋果正二N   ,0,0,0,0,0,0,0,0,0,3000,0,0,0,11000,8000,3000,3000
056202,國揚永豐97購01  ,0,0,0,0,0,0,0,0,0,3000,0,0,0,3000,0,3000,3000
055933,欣興群益98購02  ,0,0,0,0,0,0,0,0,0,3000,0,0,0,13000,10000,3000,3000
03810P,大立光富邦98售01,0,0,0,0,0,0,0,0,0,3000,0,0,0,3000,0,3000,3000
050378,上証2X群益98購02,0,0,0,0,0,0,0,0,0,3000,0,0,0,3000,0,3000,3000
055586,旺宏元大98購06  ,0,0,0,0,0,0,0,0,0,3000,0,0,0,3000,0,3000,3000
055486,國巨元大98購06  ,0,0,0,0,0,0,0,0,0,3000,0,0,0,26000,23000,3000,3000
058050,台郡元大99購05  ,0,0,0,0,0,0,0,0,0,3000,0,0,0,161000,158000,3000,3000
058135,景碩元大99購01  ,0,0,0,0,0,0,0,0,0,3000,0,0,0,3000,0,3000,3000
058012,鈺齊國票99購01  ,0,0,0,0,0,0,0,0,0,3000,0,0,0,3000,0,3000,3000
058007,南電群益98購02  ,0,0,0,0,0,0,0,0,0,3000,0,0,0,3000,0,3000,3000
058244,神達元大99購02  ,0,0,0,0,0,0,0,0,0,3000,0,0,0,108000,105000,3000,3000
058371,智原凱基9A購01  ,0,0,0,0,0,0,0,0,0,3000,0,0,0,49000,46000,3000,3000
057440,台積電統一98購10,0,0,0,0,0,0,0,0,0,3000,0,0,0,32000,29000,3000,3000
056576,晶技元大99購02  ,0,0,0,0,0,0,0,0,0,3000,0,0,0,4000,1000,3000,3000
056584,鴻海統一9B購01  ,0,0,0,0,0,0,0,0,0,3000,0,0,0,2359000,2356000,3000,3000
057483,微星元大98購04  ,0,0,0,0,0,0,0,0,0,3000,0,0,0,3000,0,3000,3000
057532,智原元大98購03  ,0,0,0,0,0,0,0,0,0,3000,0,0,0,4000,1000,3000,3000
061640,智原元大9A購01  ,0,0,0,0,0,0,0,0,0,3000,0,0,0,26000,23000,3000,3000
061789,群創群益9B購01  ,0,0,0,0,0,0,0,0,0,3000,0,0,0,17000,14000,3000,3000
059302,大立光群益99購08,0,0,0,0,0,0,0,0,0,3000,0,0,0,3000,0,3000,3000
062314,玉晶光凱基9B購06,0,0,0,0,0,0,0,0,0,3000,0,0,0,6000,3000,3000,3000
058620,滬深2X國票9A購02,0,0,0,0,0,0,0,0,0,3000,0,0,0,3000,0,3000,3000
062016,美食永豐9B購01  ,0,0,0,0,0,0,0,0,0,3000,0,0,0,3000,0,3000,3000
061558,旺宏國票9B購02  ,0,0,0,0,0,0,0,0,0,3000,0,0,0,3000,0,3000,3000
061549,泰碩群益9A購01  ,0,0,0,0,0,0,0,0,0,3000,0,0,0,150000,147000,3000,3000
060959,金像電凱基9A購01,0,0,0,0,0,0,0,0,0,3000,0,0,0,10000,7000,3000,3000
060986,聯發科元大9A購07,0,0,0,0,0,0,0,0,0,3000,0,0,0,3000,0,3000,3000
061024,南電國泰9B購01  ,0,0,0,0,0,0,0,0,0,3000,0,0,0,3000,0,3000,3000
059163,台積電凱基99購10,0,0,0,0,0,0,0,0,0,3000,0,0,0,3000,0,3000,3000
061211,玉晶光元大9A購12,0,0,0,0,0,0,0,0,0,3000,0,0,0,3000,0,3000,3000
060428,瑞祺永豐9A購01  ,0,0,0,0,0,0,0,0,0,3000,0,0,0,158000,155000,3000,3000
059532,華新科凱基9B購03,0,0,0,0,0,0,0,0,0,3000,0,0,0,3000,0,3000,3000
058683,可成凱基9A購01  ,0,0,0,0,0,0,0,0,0,3000,0,0,0,3000,0,3000,3000
059671,滬深2X元富99購05,0,0,0,0,0,0,0,0,0,3000,0,0,0,3000,0,3000,3000
059675,大立光元富99購08,0,0,0,0,0,0,0,0,0,3000,0,0,0,3000,0,3000,3000
060474,中租元大9B購01  ,0,0,0,0,0,0,0,0,0,3000,0,0,0,3000,0,3000,3000
059646,聯茂凱基99購06  ,0,0,0,0,0,0,0,0,0,3000,0,0,0,3000,0,3000,3000
060101,大立光元大99購31,0,0,0,0,0,0,0,0,0,3000,0,0,0,3000,0,3000,3000
060710,上銀永豐9A購01  ,0,0,0,0,0,0,0,0,0,3000,0,0,0,9000,6000,3000,3000
060602,京元電凱基9A購01,0,0,0,0,0,0,0,0,0,3000,0,0,0,3000,0,3000,3000
060477,和潤元大9A購01  ,0,0,0,0,0,0,0,0,0,3000,0,0,0,15000,12000,3000,3000
060881,玉山金中信02購01,0,0,0,0,0,0,0,0,0,3000,0,0,0,22000,19000,3000,3000
062779,台積電元大9B購03,0,0,0,0,0,0,0,0,0,3000,0,0,0,3000,0,3000,3000
062567,祥碩中信9C購01  ,0,0,0,0,0,0,0,0,0,3000,0,0,0,3000,0,3000,3000
062573,大毅群益9B購03  ,0,0,0,0,0,0,0,0,0,3000,0,0,0,32000,29000,3000,3000
063212,聯發科國票9C購02,0,0,0,0,0,0,0,0,0,3000,0,0,0,20000,17000,3000,3000
063074,創意永豐9B購02  ,0,0,0,0,0,0,0,0,0,3000,0,0,0,3000,0,3000,3000
063880,可成元富9C購01  ,0,0,0,0,0,0,0,0,0,3000,0,0,0,15000,12000,3000,3000
064087,華新科凱基9C購03,0,0,0,0,0,0,0,0,0,3000,0,0,0,3000,0,3000,3000
064176,京元電國泰01購01,0,0,0,0,0,0,0,0,0,3000,0,0,0,9000,6000,3000,3000
064016,南六國票01購01  ,0,0,0,0,0,0,0,0,0,3000,0,0,0,6000,3000,3000,3000
064628,南六元大9C購05  ,0,0,0,0,0,0,0,0,0,3000,0,0,0,17000,14000,3000,3000
064422,聯發科兆豐01購02,0,0,0,0,0,0,0,0,0,3000,0,0,0,3000,0,3000,3000
064434,微星凱基02購01  ,0,0,0,0,0,0,0,0,0,3000,0,0,0,165000,162000,3000,3000
064922,玉晶光統一01購10,0,0,0,0,0,0,0,0,0,3000,0,0,0,4000,1000,3000,3000
064905,嘉聯益群益9C購01,0,0,0,0,0,0,0,0,0,3000,0,0,0,87000,84000,3000,3000
065194,和大元富9C購01  ,0,0,0,0,0,0,0,0,0,3000,0,0,0,3000,0,3000,3000
065024,華擎永豐9C購01  ,0,0,0,0,0,0,0,0,0,3000,0,0,0,11000,8000,3000,3000
065297,旺宏統一02購01  ,0,0,0,0,0,0,0,0,0,3000,0,0,0,35000,32000,3000,3000
065294,創意群益9C購03  ,0,0,0,0,0,0,0,0,0,3000,0,0,0,7000,4000,3000,3000
6641,基士德-KY       ,3000,0,3000,0,0,0,0,0,0,0,0,0,0,0,0,0,3000
6405,悅城            ,1000,1000,0,0,0,0,0,0,0,3000,3000,0,3000,0,0,0,3000
8367,建新國際        ,4000,1000,3000,0,0,0,0,0,0,0,0,0,0,0,0,0,3000
4930,燦星網          ,20000,17000,3000,0,0,0,0,0,0,0,0,0,0,0,0,0,3000
2506,太設            ,14000,19000,-5000,0,0,0,0,0,0,8000,8000,0,8000,0,0,0,3000
2509,全坤建          ,3000,0,3000,0,0,0,0,0,0,0,0,0,0,0,0,0,3000
3383,新世紀          ,10000,7000,3000,0,0,0,0,0,0,0,0,0,0,0,0,0,3000
2901,欣欣            ,8000,6000,2000,0,0,0,0,0,0,1000,1000,0,1000,0,0,0,3000
2936,客思達-KY       ,5000,2000,3000,0,0,0,0,0,0,0,0,0,0,0,0,0,3000
1473,台南            ,23000,23000,0,0,0,0,0,0,0,3000,4000,1000,3000,0,0,0,3000
2002A,中鋼特          ,0,0,0,0,0,0,0,0,0,3000,3000,0,3000,0,0,0,3000
1806,冠軍            ,26000,22000,4000,0,0,0,0,0,0,-1000,0,1000,-1000,0,0,0,3000
2207,和泰車          ,100000,117000,-17000,0,0,0,20000,1000,19000,1000,1000,0,1000,0,0,0,3000
065792,TPK永豐9C購02   ,0,0,0,0,0,0,0,0,0,2000,0,0,0,15000,13000,2000,2000
065805,京鼎群益01購01  ,0,0,0,0,0,0,0,0,0,2000,0,0,0,3000,1000,2000,2000
065587,亞德客永豐9C購02,0,0,0,0,0,0,0,0,0,2000,0,0,0,35000,33000,2000,2000
065889,鴻海統一03購02  ,0,0,0,0,0,0,0,0,0,2000,0,0,0,5000,3000,2000,2000
065877,TPK群益9C購05   ,0,0,0,0,0,0,0,0,0,2000,0,0,0,36000,34000,2000,2000
06587P,國巨元大98售13  ,0,0,0,0,0,0,0,0,0,2000,0,0,0,2000,0,2000,2000
1203,味王            ,7000,5000,2000,0,0,0,0,0,0,0,0,0,0,0,0,0,2000
08581P,臺股指元大9C售29,0,0,0,0,0,0,0,0,0,2000,0,0,0,40000,38000,2000,2000
08123P,台表科國票9C售01,0,0,0,0,0,0,0,0,0,2000,0,0,0,75000,73000,2000,2000
07803P,南亞科永豐9A售02,0,0,0,0,0,0,0,0,0,2000,0,0,0,2000,0,2000,2000
08015P,可成凱基9B售05  ,0,0,0,0,0,0,0,0,0,2000,0,0,0,12000,10000,2000,2000
07928P,國巨統一9B售09  ,0,0,0,0,0,0,0,0,0,2000,0,0,0,2000,0,2000,2000
07365P,超眾元大99售07  ,0,0,0,0,0,0,0,0,0,2000,0,0,0,2000,0,2000,2000
061628,緯穎群益9A購04  ,0,0,0,0,0,0,0,0,0,2000,0,0,0,10000,8000,2000,2000
061397,上銀台新9A購01  ,0,0,0,0,0,0,0,0,0,2000,0,0,0,2000,0,2000,2000
060948,可成第一9A購01  ,0,0,0,0,0,0,0,0,0,2000,0,0,0,2000,0,2000,2000
056845,揚明光元富98購01,0,0,0,0,0,0,0,0,0,2000,0,0,0,26000,24000,2000,2000
056856,華通群益9A購01  ,0,0,0,0,0,0,0,0,0,2000,0,0,0,2000,0,2000,2000
056800,臺股指麥證98購01,0,0,0,14000,12000,2000,0,0,0,2000,0,0,0,14000,12000,2000,2000
056546,致伸凱基98購01  ,0,0,0,0,0,0,0,0,0,2000,0,0,0,2000,0,2000,2000
057381,微星國泰9A購01  ,0,0,0,0,0,0,0,0,0,2000,0,0,0,2000,0,2000,2000
057783,台積電國票9A購01,0,0,0,0,0,0,0,0,0,2000,0,0,0,7000,5000,2000,2000
057785,智邦國票99購02  ,0,0,0,0,0,0,0,0,0,2000,0,0,0,4000,2000,2000,2000
058347,玉晶光群益9B購01,0,0,0,0,0,0,0,0,0,2000,0,0,0,3000,1000,2000,2000
057930,旺宏群益99購04  ,0,0,0,0,0,0,0,0,0,2000,0,0,0,24000,22000,2000,2000
057121,立積康和98購01  ,0,0,0,0,0,0,0,0,0,2000,0,0,0,2000,0,2000,2000
054555,欣興凱基98購01  ,0,0,0,0,0,0,0,0,0,2000,0,0,0,3000,1000,2000,2000
054534,台積電富邦98購03,0,0,0,0,0,0,0,0,0,2000,0,0,0,2000,0,2000,2000
054527,國巨統一97購03  ,0,0,0,0,0,0,0,0,0,2000,0,0,0,2000,0,2000,2000
054352,世芯國泰98購01  ,0,0,0,0,0,0,0,0,0,2000,0,0,0,2000,0,2000,2000
055541,聚陽凱基98購01  ,0,0,0,0,0,0,0,0,0,2000,0,0,0,7000,5000,2000,2000
055606,矽創元大97購01  ,0,0,0,0,0,0,0,0,0,2000,0,0,0,2000,0,2000,2000
055597,禾伸堂元大98購02,0,0,0,0,0,0,0,0,0,2000,0,0,0,2000,0,2000,2000
054891,聯鈞統一99購02  ,0,0,0,0,0,0,0,0,0,2000,0,0,0,2000,0,2000,2000
054842,台達電兆豐98購01,0,0,0,0,0,0,0,0,0,2000,0,0,0,2000,0,2000,2000
054965,健策元大98購04  ,0,0,0,0,0,0,0,0,0,2000,0,0,0,2000,0,2000,2000
055109,正崴凱基98購01  ,0,0,0,0,0,0,0,0,0,2000,0,0,0,2000,0,2000,2000
055159,玉晶光元大98購05,0,0,0,0,0,0,0,0,0,2000,0,0,0,2000,0,2000,2000
053979,健策元大98購01  ,0,0,0,0,0,0,0,0,0,2000,0,0,0,2000,0,2000,2000
054735,漢唐凱基98購01  ,0,0,0,0,0,0,0,0,0,2000,0,0,0,37000,35000,2000,2000
047504,滬深2X國票9A購01,0,0,0,0,0,0,0,0,0,2000,0,0,0,2000,0,2000,2000
050316,上証2X國票98購01,0,0,0,0,0,0,0,0,0,2000,0,0,0,2000,0,2000,2000
045443,群創元富98購01  ,0,0,0,0,0,0,0,0,0,2000,0,0,0,2000,0,2000,2000
042793,台積電台新9C購01,0,0,0,0,0,0,0,0,0,2000,0,0,0,2000,0,2000,2000
055718,可成元大97購02  ,0,0,0,0,0,0,0,0,0,2000,0,0,0,2000,0,2000,2000
055690,矽力凱基97購02  ,0,0,0,0,0,0,0,0,0,2000,0,0,0,2000,0,2000,2000
053660,群創凱基98購08  ,0,0,0,0,0,0,0,0,0,2000,0,0,0,5000,3000,2000,2000
053338,台光電國票97購01,0,0,0,0,0,0,0,0,0,2000,0,0,0,2000,0,2000,2000
052437,聯發科富邦99購02,0,0,0,0,0,0,0,0,0,2000,0,0,0,2000,0,2000,2000
052308,大立光國泰97購02,0,0,0,0,0,0,0,0,0,2000,0,0,0,2000,0,2000,2000
051907,台積電元大97購05,0,0,0,0,0,0,0,0,0,2000,0,0,0,2000,0,2000,2000
00657,國泰日經225     ,0,0,0,0,0,0,0,0,0,2000,0,0,0,144000,142000,2000,2000
062584,鴻海統一9C購13  ,0,0,0,0,0,0,0,0,0,2000,0,0,0,2000,0,2000,2000
062629,聯發科國票9C購01,0,0,0,0,0,0,0,0,0,2000,0,0,0,2000,0,2000,2000
062792,臺股指元大9B購35,0,0,0,0,0,0,0,0,0,2000,0,0,0,4000,2000,2000,2000
062746,致伸永豐9B購01  ,0,0,0,0,0,0,0,0,0,2000,0,0,0,2000,0,2000,2000
062813,台積電兆豐9B購01,0,0,0,0,0,0,0,0,0,2000,0,0,0,104000,102000,2000,2000
06281P,臺股指凱基97售13,0,0,0,0,0,0,0,0,0,2000,0,0,0,2000,0,2000,2000
062365,台光電元大9B購03,0,0,0,0,0,0,0,0,0,2000,0,0,0,72000,70000,2000,2000
062471,國泰金凱基9B購02,0,0,0,0,0,0,0,0,0,2000,0,0,0,2000,0,2000,2000
060514,南電元大9A購02  ,0,0,0,0,0,0,0,0,0,2000,0,0,0,2000,0,2000,2000
060714,晶技永豐9A購02  ,0,0,0,0,0,0,0,0,0,2000,0,0,0,14000,12000,2000,2000
060746,玉晶光國票9B購02,0,0,0,0,0,0,0,0,0,2000,0,0,0,2000,0,2000,2000
060801,滬深2X中信01購01,0,0,0,0,0,0,0,0,0,2000,0,0,0,2000,0,2000,2000
060825,聯詠元大9A購05  ,0,0,0,0,0,0,0,0,0,2000,0,0,0,2000,0,2000,2000
060161,牧德永豐9A購02  ,0,0,0,0,0,0,0,0,0,2000,0,0,0,216000,214000,2000,2000
060146,健策國票9A購03  ,0,0,0,0,0,0,0,0,0,2000,0,0,0,2000,0,2000,2000
060074,台積電元富99購04,0,0,0,0,0,0,0,0,0,2000,0,0,0,2000,0,2000,2000
059637,大立光凱基01購01,0,0,0,0,0,0,0,0,0,2000,0,0,0,2000,0,2000,2000
05961P,鴻海群益97售01  ,0,0,0,0,0,0,0,0,0,2000,0,0,0,4000,2000,2000,2000
059605,臺股指元大9A購42,0,0,0,0,0,0,0,0,0,2000,0,0,0,2000,0,2000,2000
059694,創意永豐99購03  ,0,0,0,0,0,0,0,0,0,2000,0,0,0,2000,0,2000,2000
058439,玉晶光統一01購02,0,0,0,0,0,0,0,0,0,2000,0,0,0,2000,0,2000,2000
058462,台積電兆豐99購01,0,0,0,0,0,0,0,0,0,2000,0,0,0,2000,0,2000,2000
059767,矽力永豐99購01  ,0,0,0,0,0,0,0,0,0,2000,0,0,0,2000,0,2000,2000
059954,華新科康和99購01,0,0,0,0,0,0,0,0,0,2000,0,0,0,2000,0,2000,2000
058912,祥碩元大99購01  ,0,0,0,0,0,0,0,0,0,2000,0,0,0,2000,0,2000,2000
059489,上証2X國票9A購01,0,0,0,0,0,0,0,0,0,2000,0,0,0,2000,0,2000,2000
059475,元石油群益99購02,0,0,0,0,0,0,0,0,0,2000,0,0,0,2000,0,2000,2000
060408,和潤國泰9C購01  ,0,0,0,0,0,0,0,0,0,2000,0,0,0,2000,0,2000,2000
059568,台積電凱基9A購13,0,0,0,0,0,0,0,0,0,2000,0,0,0,2000,0,2000,2000
060427,聯茂永豐9A購01  ,0,0,0,0,0,0,0,0,0,2000,0,0,0,2000,0,2000,2000
060462,鴻海元大9A購10  ,0,0,0,0,0,0,0,0,0,2000,0,0,0,55000,53000,2000,2000
061184,大立光國泰9C購01,0,0,0,0,0,0,0,0,0,2000,0,0,0,5000,3000,2000,2000
059164,旺宏凱基99購06  ,0,0,0,0,0,0,0,0,0,2000,0,0,0,2000,0,2000,2000
060684,同欣電元大9A購01,0,0,0,0,0,0,0,0,0,2000,0,0,0,54000,52000,2000,2000
059275,可成元大99購05  ,0,0,0,0,0,0,0,0,0,2000,0,0,0,2000,0,2000,2000
059000,台積電元大99購25,0,0,0,0,0,0,0,0,0,2000,0,0,0,2000,0,2000,2000
059148,百和國票9A購01  ,0,0,0,0,0,0,0,0,0,2000,0,0,0,2000,0,2000,2000
061481,嘉澤元大9A購03  ,0,0,0,0,0,0,0,0,0,2000,0,0,0,51000,49000,2000,2000
061092,可成統一9C購02  ,0,0,0,0,0,0,0,0,0,2000,0,0,0,7000,5000,2000,2000
061283,智邦統一9A購01  ,0,0,0,0,0,0,0,0,0,2000,0,0,0,2000,0,2000,2000
059411,臺股指國票99購17,0,0,0,0,0,0,0,0,0,2000,0,0,0,2000,0,2000,2000
059426,鴻海元大99購31  ,0,0,0,0,0,0,0,0,0,2000,0,0,0,2000,0,2000,2000
059288,旺宏元富99購03  ,0,0,0,0,0,0,0,0,0,2000,0,0,0,4000,2000,2000,2000
059317,台積電元大99購34,0,0,0,0,0,0,0,0,0,2000,0,0,0,2000,0,2000,2000
062160,南六凱基9B購01  ,0,0,0,0,0,0,0,0,0,2000,0,0,0,10000,8000,2000,2000
065338,旺宏統一01購07  ,0,0,0,0,0,0,0,0,0,2000,0,0,0,2000,0,2000,2000
065330,億豐凱基9C購03  ,0,0,0,0,0,0,0,0,0,2000,0,0,0,2000,0,2000,2000
065247,聯發科麥證9C購02,0,0,0,2000,0,2000,0,0,0,2000,0,0,0,2000,0,2000,2000
065209,國泰金國票01購01,0,0,0,0,0,0,0,0,0,2000,0,0,0,40000,38000,2000,2000
065069,臺股指群益9C購17,0,0,0,0,0,0,0,0,0,2000,0,0,0,2000,0,2000,2000
065077,鴻海元大01購03  ,0,0,0,0,0,0,0,0,0,2000,0,0,0,30000,28000,2000,2000
065113,南電國票01購02  ,0,0,0,0,0,0,0,0,0,2000,0,0,0,12000,10000,2000,2000
064951,聯發科凱基01購04,0,0,0,0,0,0,0,0,0,2000,0,0,0,2000,0,2000,2000
064399,和大凱基02購01  ,0,0,0,0,0,0,0,0,0,2000,0,0,0,2000,0,2000,2000
064532,聯茂兆豐01購01  ,0,0,0,0,0,0,0,0,0,2000,0,0,0,14000,12000,2000,2000
064525,臺股指群益9C購10,0,0,0,0,0,0,0,0,0,2000,0,0,0,2000,0,2000,2000
064486,聚陽元大9C購01  ,0,0,0,0,0,0,0,0,0,2000,0,0,0,2000,0,2000,2000
06446P,大立光凱基98售10,0,0,0,0,0,0,0,0,0,2000,0,0,0,2000,0,2000,2000
064254,景碩台新9C購02  ,0,0,0,0,0,0,0,0,0,2000,0,0,0,2000,0,2000,2000
064605,GIS元富9C購01   ,0,0,0,0,0,0,0,0,0,2000,0,0,0,12000,10000,2000,2000
06454P,緯穎元大98售04  ,0,0,0,0,0,0,0,0,0,2000,0,0,0,2000,0,2000,2000
064694,玉晶光群益02購02,0,0,0,0,0,0,0,0,0,2000,0,0,0,3000,1000,2000,2000
064814,祥碩元大9C購06  ,15000,5000,10000,0,0,0,0,0,0,-8000,0,0,0,134000,142000,-8000,2000
064857,T50反1富邦01購02,0,0,0,0,0,0,0,0,0,2000,0,0,0,7000,5000,2000,2000
064041,國巨統一01購07  ,0,0,0,0,0,0,0,0,0,2000,0,0,0,3000,1000,2000,2000
063945,京元電元大9C購01,0,0,0,0,0,0,0,0,0,2000,0,0,0,10000,8000,2000,2000
064224,玉晶光國票01購04,0,0,0,0,0,0,0,0,0,2000,0,0,0,20000,18000,2000,2000
063733,聯發科元大9B購27,0,0,0,0,0,0,0,0,0,2000,0,0,0,2000,0,2000,2000
063783,儒鴻中信9C購01  ,0,0,0,0,0,0,0,0,0,2000,0,0,0,30000,28000,2000,2000
063717,宏達電兆豐9B購02,0,0,0,0,0,0,0,0,0,2000,0,0,0,2000,0,2000,2000
062931,上証2X凱基01購01,0,0,0,0,0,0,0,0,0,2000,0,0,0,2000,0,2000,2000
062940,華新科凱基9C購02,0,0,0,0,0,0,0,0,0,2000,0,0,0,2000,0,2000,2000
062917,旭富元大9C購03  ,0,0,0,0,0,0,0,0,0,2000,0,0,0,271000,269000,2000,2000
062996,致茂國票9C購01  ,0,0,0,0,0,0,0,0,0,2000,0,0,0,7000,5000,2000,2000
063047,大立光兆豐9B購03,0,0,0,0,0,0,0,0,0,2000,0,0,0,2000,0,2000,2000
063511,南電群益9B購02  ,0,0,0,0,0,0,0,0,0,2000,0,0,0,2000,0,2000,2000
2032,新鋼            ,2000,0,2000,0,0,0,0,0,0,0,0,0,0,0,0,0,2000
2430,燦坤            ,20000,18000,2000,0,0,0,0,0,0,0,0,0,0,0,0,0,2000
1454,台富            ,12000,10000,2000,0,0,0,0,0,0,0,0,0,0,0,0,0,2000
3004,豐達科          ,57000,55000,2000,0,0,0,0,0,0,0,0,0,0,0,0,0,2000
3432,台端            ,2000,1000,1000,0,0,0,0,0,0,1000,1000,0,1000,0,0,0,2000
3653,健策            ,1226000,1278000,-52000,0,0,0,287000,1000,286000,-232000,82000,130000,-48000,151000,335000,-184000,2000
2497,怡利電          ,4000,2000,2000,0,0,0,0,0,0,0,0,0,0,0,0,0,2000
2887E,台新戊特        ,2000,0,2000,0,0,0,0,0,0,0,0,0,0,0,0,0,2000
2881B,富邦金乙特      ,0,0,0,0,0,0,0,0,0,2000,2000,0,2000,0,0,0,2000
6133,金橋            ,14000,17000,-3000,0,0,0,0,0,0,5000,6000,1000,5000,0,0,0,2000
6666,羅麗芬-KY       ,9000,7000,2000,0,0,0,0,0,0,0,0,0,0,0,0,0,2000
07158P,FBVIX國泰9C售01 ,0,0,0,0,0,0,0,0,0,1000,0,0,0,1000,0,1000,1000
07869P,台灣50群益9C售04,0,0,0,0,0,0,0,0,0,1000,0,0,0,1000,0,1000,1000
08049P,臺股指國票9B售14,0,0,0,0,0,0,0,0,0,1000,0,0,0,1000,0,1000,1000
07599P,台灣50凱基04售05,0,0,0,0,0,0,0,0,0,1000,0,0,0,1000,0,1000,1000
07593P,臺股指凱基9A售08,0,0,0,0,0,0,0,0,0,1000,0,0,0,31000,30000,1000,1000
08193P,同欣電國票9C售02,0,0,0,0,0,0,0,0,0,1000,0,0,0,25000,24000,1000,1000
08230P,台表科國票9C售03,0,0,0,0,0,0,0,0,0,1000,0,0,0,1000,0,1000,1000
08276P,可成元富9C售02  ,0,0,0,0,0,0,0,0,0,1000,0,0,0,41000,40000,1000,1000
08455P,台積電凱基9C售05,0,0,0,0,0,0,0,0,0,1000,0,0,0,6000,5000,1000,1000
08518P,世芯群益9C售03  ,0,0,0,0,0,0,0,0,0,1000,0,0,0,4000,3000,1000,1000
08552P,華新科群益9C售04,0,0,0,0,0,0,0,0,0,1000,0,0,0,1000,0,1000,1000
08531P,台積電統一9C售15,0,0,0,0,0,0,0,0,0,1000,0,0,0,1000,0,1000,1000
065918,可成凱基01購01  ,0,0,0,0,0,0,0,0,0,1000,0,0,0,1000,0,1000,1000
065941,超眾群益02購01  ,0,0,0,0,0,0,0,0,0,1000,0,0,0,26000,25000,1000,1000
065561,同欣電麥證9C購03,0,0,0,1000,0,1000,0,0,0,1000,0,0,0,1000,0,1000,1000
065745,裕隆元大9C購03  ,0,0,0,0,0,0,0,0,0,1000,0,0,0,57000,56000,1000,1000
066141,盛群群益01購01  ,0,0,0,0,0,0,0,0,0,1000,0,0,0,12000,11000,1000,1000
066199,金像電統一02購01,0,0,0,0,0,0,0,0,0,1000,0,0,0,23000,22000,1000,1000
066581,臺股指元大01購10,0,0,0,0,0,0,0,0,0,1000,0,0,0,1000,0,1000,1000
066582,臺股指元大01購11,0,0,0,0,0,0,0,0,0,1000,0,0,0,1000,0,1000,1000
00661,元大日經225     ,0,0,0,0,0,0,0,0,0,1000,0,0,0,1000,0,1000,1000
00711B,FH彭博新興債    ,0,0,0,0,0,0,0,0,0,1000,0,0,0,101000,100000,1000,1000
051970,元黃金凱基98購01,0,0,0,0,0,0,0,0,0,1000,0,0,0,1000,0,1000,1000
052456,滬深2X元富9B購03,0,0,0,0,0,0,0,0,0,1000,0,0,0,1000,0,1000,1000
052325,高股息中信99購01,0,0,0,0,0,0,0,0,0,1000,0,0,0,1000,0,1000,1000
052692,滬深2X中信99購02,0,0,0,0,0,0,0,0,0,1000,0,0,0,8000,7000,1000,1000
052828,滬深2X群益9A購02,0,0,0,0,0,0,0,0,0,1000,0,0,0,1000,0,1000,1000
053411,深中小國票9B購01,0,0,0,0,0,0,0,0,0,1000,0,0,0,1000,0,1000,1000
03006X,元展06          ,0,0,0,0,0,0,0,0,0,1000,0,0,0,1000,0,1000,1000
053739,A50正2國票9A購01,0,0,0,0,0,0,0,0,0,1000,0,0,0,1000,0,1000,1000
03026X,元展23          ,0,0,0,0,0,0,0,0,0,1000,0,0,0,1000,0,1000,1000
03677C,臺股指元大05牛02,0,0,0,0,0,0,0,0,0,1000,0,0,0,1000,0,1000,1000
03686C,臺股指元大04牛05,0,0,0,0,0,0,0,0,0,1000,0,0,0,2000,1000,1000,1000
050306,聯發科中信97購01,0,0,0,0,0,0,0,0,0,1000,0,0,0,1000,0,1000,1000
03430B,臺股指元大9B熊01,0,0,0,0,0,0,0,0,0,1000,0,0,0,1000,0,1000,1000
050714,深中小群益98購01,0,0,0,0,0,0,0,0,0,1000,0,0,0,1000,0,1000,1000
051577,台積電元大97購03,0,0,0,0,0,0,0,0,0,1000,0,0,0,1000,0,1000,1000
035275,台積電台新97購01,0,0,0,0,0,0,0,0,0,1000,0,0,0,1000,0,1000,1000
055956,瑞昱元大97購05  ,0,0,0,0,0,0,0,0,0,1000,0,0,0,1000,0,1000,1000
056015,華通群益99購01  ,0,0,0,0,0,0,0,0,0,1000,0,0,0,1000,0,1000,1000
055849,聯詠元大97購05  ,0,0,0,0,0,0,0,0,0,1000,0,0,0,1000,0,1000,1000
055805,矽力永豐97購01  ,0,0,0,0,0,0,0,0,0,1000,0,0,0,1000,0,1000,1000
055924,深中小群益9B購01,0,0,0,0,0,0,0,0,0,1000,0,0,0,1000,0,1000,1000
056250,瑞昱兆豐97購02  ,0,0,0,0,0,0,0,0,0,1000,0,0,0,1000,0,1000,1000
056243,創意群益97購03  ,0,0,0,0,0,0,0,0,0,1000,0,0,0,1000,0,1000,1000
054169,上緯控凱基98購01,0,0,0,0,0,0,0,0,0,1000,0,0,0,99000,98000,1000,1000
056295,國巨元大97購16  ,0,0,0,0,0,0,0,0,0,1000,0,0,0,3000,2000,1000,1000
054916,聯發科凱基98購04,0,0,0,0,0,0,0,0,0,1000,0,0,0,1000,0,1000,1000
055480,元上證元大97購02,0,0,0,0,0,0,0,0,0,1000,0,0,0,1000,0,1000,1000
058137,玉晶光元大99購11,0,0,0,0,0,0,0,0,0,1000,0,0,0,1000,0,1000,1000
058200,世芯康和99購01  ,0,0,0,0,0,0,0,0,0,1000,0,0,0,1000,0,1000,1000
057198,智伸科統一9B購01,0,0,0,0,0,0,0,0,0,1000,0,0,0,50000,49000,1000,1000
057810,技嘉元大98購06  ,0,0,0,0,0,0,0,0,0,1000,0,0,0,1000,0,1000,1000
057861,台積電凱基98購16,0,0,0,0,0,0,0,0,0,1000,0,0,0,1000,0,1000,1000
057792,群創統一99購01  ,0,0,0,0,0,0,0,0,0,1000,0,0,0,21000,20000,1000,1000
057753,臺股指國票98購09,0,0,0,0,0,0,0,0,0,1000,0,0,0,1000,0,1000,1000
057693,臺股指凱基98購11,0,0,0,0,0,0,0,0,0,1000,0,0,0,1000,0,1000,1000
057694,臺股指凱基98購12,0,0,0,0,0,0,0,0,0,1000,0,0,0,4000,3000,1000,1000
057684,聯茂日盛99購01  ,0,0,0,0,0,0,0,0,0,1000,0,0,0,2000,1000,1000,1000
057690,美律凱基99購03  ,0,0,0,0,0,0,0,0,0,1000,0,0,0,50000,49000,1000,1000
058235,大立光元大99購08,0,0,0,0,0,0,0,0,0,1000,0,0,0,1000,0,1000,1000
057654,A50正2中信98購01,0,0,0,0,0,0,0,0,0,1000,0,0,0,1000,0,1000,1000
058287,國巨國票9A購02  ,0,0,0,0,0,0,0,0,0,1000,0,0,0,621000,620000,1000,1000
057429,華新科兆豐98購03,0,0,0,0,0,0,0,0,0,1000,0,0,0,1000,0,1000,1000
056398,南茂永豐98購01  ,0,0,0,0,0,0,0,0,0,1000,0,0,0,12000,11000,1000,1000
056519,創意國票99購01  ,0,0,0,0,0,0,0,0,0,1000,0,0,0,1000,0,1000,1000
056746,超眾凱基99購01  ,0,0,0,0,0,0,0,0,0,1000,0,0,0,11000,10000,1000,1000
056682,鴻海統一98購10  ,0,0,0,0,0,0,0,0,0,1000,0,0,0,40000,39000,1000,1000
056657,華邦電元大99購01,0,0,0,0,0,0,0,0,0,1000,0,0,0,1000,0,1000,1000
056989,鴻海兆豐98購02  ,0,0,0,0,0,0,0,0,0,1000,0,0,0,1000,0,1000,1000
056919,英業達兆豐98購01,0,0,0,0,0,0,0,0,0,1000,0,0,0,1000,0,1000,1000
057515,智原元富98購02  ,0,0,0,0,0,0,0,0,0,1000,0,0,0,176000,175000,1000,1000
058414,大立光兆豐99購02,0,0,0,0,0,0,0,0,0,1000,0,0,0,1000,0,1000,1000
057494,玉晶光元大99購09,0,0,0,0,0,0,0,0,0,1000,0,0,0,41000,40000,1000,1000
057467,祥碩永豐98購04  ,0,0,0,0,0,0,0,0,0,1000,0,0,0,1000,0,1000,1000
060927,嘉晶永豐9A購01  ,0,0,0,0,0,0,0,0,0,1000,0,0,0,33000,32000,1000,1000
061378,南六永豐9A購03  ,0,0,0,0,0,0,0,0,0,1000,0,0,0,47000,46000,1000,1000
061651,世紀鋼元大9C購02,0,0,0,0,0,0,0,0,0,1000,0,0,0,111000,110000,1000,1000
058433,台積電統一9B購04,0,0,0,0,0,0,0,0,0,1000,0,0,0,1000,0,1000,1000
061685,道瓊反群益9A購03,0,0,0,0,0,0,0,0,0,1000,0,0,0,1000,0,1000,1000
061316,台積電凱基9A購24,0,0,0,0,0,0,0,0,0,1000,0,0,0,1000,0,1000,1000
061319,聯發科凱基9A購16,0,0,0,0,0,0,0,0,0,1000,0,0,0,1000,0,1000,1000
060350,元黃金元富9B購01,0,0,0,0,0,0,0,0,0,1000,0,0,0,6000,5000,1000,1000
060294,嘉澤元大9A購01  ,0,0,0,0,0,0,0,0,0,1000,0,0,0,52000,51000,1000,1000
059347,京鼎凱基99購02  ,0,0,0,0,0,0,0,0,0,1000,0,0,0,1000,0,1000,1000
062024,臺股指中信9C購05,0,0,0,0,0,0,0,0,0,1000,0,0,0,1000,0,1000,1000
061140,華擎統一9C購01  ,0,0,0,0,0,0,0,0,0,1000,0,0,0,1000,0,1000,1000
061295,台積電國泰9B購02,0,0,0,0,0,0,0,0,0,1000,0,0,0,1000,0,1000,1000
061279,鴻海統一9C購04  ,0,0,0,0,0,0,0,0,0,1000,0,0,0,1000,0,1000,1000
058991,台灣50元大03購01,0,0,0,0,0,0,0,0,0,1000,0,0,0,1000,0,1000,1000
058960,臺股指國票99購05,0,0,0,0,0,0,0,0,0,1000,0,0,0,1000,0,1000,1000
061040,康友永豐9A購01  ,0,0,0,0,0,0,0,0,0,1000,0,0,0,1000,0,1000,1000
060977,亞德客元大9A購04,0,0,0,0,0,0,0,0,0,1000,0,0,0,6000,5000,1000,1000
061546,大立光群益9A購05,0,0,0,0,0,0,0,0,0,1000,0,0,0,10000,9000,1000,1000
059065,南電凱基9A購01  ,0,0,0,0,0,0,0,0,0,1000,0,0,0,1000,0,1000,1000
060267,上緯控國票9C購01,0,0,0,0,0,0,0,0,0,1000,0,0,0,1000,0,1000,1000
059011,臺股指元大9A購30,0,0,0,0,0,0,0,0,0,1000,0,0,0,1000,0,1000,1000
059262,致茂中信01購01  ,0,0,0,0,0,0,0,0,0,1000,0,0,0,23000,22000,1000,1000
059177,臺股指凱基99購28,0,0,0,0,0,0,0,0,0,1000,0,0,0,1000,0,1000,1000
061213,群創元大9A購05  ,0,0,0,0,0,0,0,0,0,1000,0,0,0,8000,7000,1000,1000
060634,矽創富邦9B購01  ,0,0,0,0,0,0,0,0,0,1000,0,0,0,1000,0,1000,1000
060674,瑞昱元大9A購03  ,0,0,0,0,0,0,0,0,0,1000,0,0,0,1000,0,1000,1000
060453,儒鴻元大9A購02  ,0,0,0,0,0,0,0,0,0,1000,0,0,0,9000,8000,1000,1000
058506,台積電元大99購09,0,0,0,0,0,0,0,0,0,1000,0,0,0,1000,0,1000,1000
058565,鴻海凱基9A購07  ,0,0,0,0,0,0,0,0,0,1000,0,0,0,1000,0,1000,1000
059591,台積電元大9A購04,0,0,0,0,0,0,0,0,0,1000,0,0,0,1000,0,1000,1000
059513,揚明光永豐99購01,0,0,0,0,0,0,0,0,0,1000,0,0,0,1000,0,1000,1000
058715,鴻海台新99購02  ,0,0,0,0,0,0,0,0,0,1000,0,0,0,1000,0,1000,1000
059937,旺宏永豐99購03  ,0,0,0,0,0,0,0,0,0,1000,0,0,0,1000,0,1000,1000
059985,華新科元大99購22,0,0,0,0,0,0,0,0,0,1000,0,0,0,1000,0,1000,1000
059929,華新科富邦9C購03,0,0,0,0,0,0,0,0,0,1000,0,0,0,1000,0,1000,1000
059708,立積凱基9A購02  ,0,0,0,0,0,0,0,0,0,1000,0,0,0,1000,0,1000,1000
060077,台積電台新9B購01,0,0,0,0,0,0,0,0,0,1000,0,0,0,1000,0,1000,1000
060042,台積電群益99購12,0,0,0,0,0,0,0,0,0,1000,0,0,0,1000,0,1000,1000
060519,S&P500中信01購01,0,0,0,0,0,0,0,0,0,1000,0,0,0,1000,0,1000,1000
060511,群創元大9B購08  ,0,0,0,0,0,0,0,0,0,1000,0,0,0,8000,7000,1000,1000
062429,A50正2元大9B購01,0,0,0,0,0,0,0,0,0,1000,0,0,0,1000,0,1000,1000
060897,健策凱基9A購04  ,0,0,0,0,0,0,0,0,0,1000,0,0,0,22000,21000,1000,1000
060817,華邦電台新9A購01,0,0,0,0,0,0,0,0,0,1000,0,0,0,1000,0,1000,1000
060848,聯茂國票9A購02  ,0,0,0,0,0,0,0,0,0,1000,0,0,0,5000,4000,1000,1000
062368,聯詠元大9B購01  ,0,0,0,0,0,0,0,0,0,1000,0,0,0,50000,49000,1000,1000
062721,美律凱基9B購02  ,0,0,0,0,0,0,0,0,0,1000,0,0,0,21000,20000,1000,1000
062687,華擎統一01購02  ,0,0,0,0,0,0,0,0,0,1000,0,0,0,418000,417000,1000,1000
062990,台積電群益9B購06,0,0,0,0,0,0,0,0,0,1000,0,0,0,1000,0,1000,1000
062983,緯穎元富9B購01  ,0,0,0,0,0,0,0,0,0,1000,0,0,0,22000,21000,1000,1000
062902,智邦元大9B購07  ,0,0,0,0,0,0,0,0,0,1000,0,0,0,14000,13000,1000,1000
062875,瑞昱兆豐9C購01  ,0,0,0,0,0,0,0,0,0,1000,0,0,0,1000,0,1000,1000
063132,台表科元大9C購02,0,0,0,0,0,0,0,0,0,1000,0,0,0,66000,65000,1000,1000
063698,上銀群益9B購05  ,0,0,0,0,0,0,0,0,0,1000,0,0,0,1000,0,1000,1000
063695,上銀第一9B購01  ,0,0,0,0,0,0,0,0,0,1000,0,0,0,1000,0,1000,1000
063879,台積電元富9C購01,0,0,0,0,0,0,0,0,0,1000,0,0,0,1000,0,1000,1000
063871,瀚宇博永豐9C購01,0,0,0,0,0,0,0,0,0,1000,0,0,0,90000,89000,1000,1000
064201,新光金兆豐9C購01,0,0,0,0,0,0,0,0,0,1000,0,0,0,22000,21000,1000,1000
064205,台灣50凱基01購14,0,0,0,0,0,0,0,0,0,1000,0,0,0,5000,4000,1000,1000
064073,南電永豐9C購01  ,0,0,0,0,0,0,0,0,0,1000,0,0,0,6000,5000,1000,1000
064082,緯創中信06購01  ,0,0,0,0,0,0,0,0,0,1000,0,0,0,1000,0,1000,1000
063967,華新科國票01購01,0,0,0,0,0,0,0,0,0,1000,0,0,0,1000,0,1000,1000
063986,聯發科富邦02購01,0,0,0,0,0,0,0,0,0,1000,0,0,0,1000,0,1000,1000
063975,台積電兆豐9C購01,0,0,0,0,0,0,0,0,0,1000,0,0,0,1000,0,1000,1000
064005,義隆凱基01購01  ,0,0,0,0,0,0,0,0,0,1000,0,0,0,31000,30000,1000,1000
064003,台積電凱基01購03,0,0,0,0,0,0,0,0,0,1000,0,0,0,3000,2000,1000,1000
063996,貿聯群益9C購01  ,0,0,0,0,0,0,0,0,0,1000,0,0,0,1000,0,1000,1000
064865,美律永豐9C購02  ,0,0,0,0,0,0,0,0,0,1000,0,0,0,299000,298000,1000,1000
064582,裕隆永豐9C購02  ,0,0,0,0,0,0,0,0,0,1000,0,0,0,1000,0,1000,1000
064246,南六統一9C購02  ,0,0,0,0,0,0,0,0,0,1000,0,0,0,1000,0,1000,1000
064286,TPK元大9C購02   ,0,0,0,0,0,0,0,0,0,1000,0,0,0,2000,1000,1000,1000
064418,鴻海兆豐01購02  ,0,0,0,0,0,0,0,0,0,1000,0,0,0,1000,0,1000,1000
065251,宏達電國泰02購01,0,0,0,0,0,0,0,0,0,1000,0,0,0,44000,43000,1000,1000
065401,立積群益9C購01  ,0,0,0,0,0,0,0,0,0,1000,0,0,0,1000,0,1000,1000
6655,科定            ,1000,0,1000,0,0,0,0,0,0,0,0,0,0,0,0,0,1000
8411,福貞-KY         ,21000,28000,-7000,0,0,0,0,0,0,8000,11000,3000,8000,0,0,0,1000
8443,阿瘦            ,8000,6000,2000,0,0,0,0,0,0,-1000,0,1000,-1000,0,0,0,1000
6117,迎廣            ,1000,1000,0,0,0,0,0,0,0,1000,1000,0,1000,0,0,0,1000
5284,jpp-KY          ,4000,3000,1000,0,0,0,0,0,0,0,0,0,0,0,0,0,1000
9941A,裕融甲特        ,0,0,0,0,0,0,0,0,0,1000,3000,2000,1000,0,0,0,1000
2891C,中信金丙特      ,0,0,0,0,0,0,0,0,0,1000,1000,0,1000,0,0,0,1000
3494,誠研            ,1000,0,1000,0,0,0,0,0,0,0,0,0,0,0,0,0,1000
1445,大宇            ,17000,16000,1000,0,0,0,0,0,0,0,0,0,0,0,0,0,1000
1539,巨庭            ,0,0,0,0,0,0,0,0,0,1000,1000,0,1000,0,0,0,1000
1721,三晃            ,5000,7000,-2000,0,0,0,0,0,0,3000,3000,0,3000,0,0,0,1000
06647P,台積電元大98售13,0,0,0,0,0,0,0,0,0,0,0,0,0,500000,500000,0,0
066470,惠特統一02購01  ,0,0,0,0,0,0,0,0,0,0,0,0,0,33000,33000,0,0
066440,南帝群益01購01  ,0,0,0,0,0,0,0,0,0,0,0,0,0,136000,136000,0,0
066446,健策群益01購06  ,0,0,0,0,0,0,0,0,0,0,0,0,0,54000,54000,0,0
066645,聯發科麥證01購02,0,0,0,0,70000,-70000,0,0,0,0,0,0,0,70000,70000,0,0
066650,宏達電康和01購01,0,0,0,0,0,0,0,0,0,0,0,0,0,1000,1000,0,0
066628,宏達電凱基03購01,0,0,0,0,0,0,0,0,0,0,0,0,0,10000,10000,0,0
066609,國巨麥證01購04  ,0,0,0,0,1000,-1000,0,0,0,0,0,0,0,1000,1000,0,0
06705P,臻鼎元富98售03  ,0,0,0,0,0,0,0,0,0,0,0,0,0,39000,39000,0,0
06714P,台積電元大98售15,0,0,0,0,0,0,0,0,0,0,0,0,0,400000,400000,0,0
06716P,台積電元大9A售02,0,0,0,0,0,0,0,0,0,0,0,0,0,350000,350000,0,0
066770,上証2X富邦02購02,0,0,0,0,0,0,0,0,0,0,0,0,0,1000,1000,0,0
066725,華通元大01購05  ,0,0,0,0,0,0,0,0,0,0,0,0,0,5000,5000,0,0
066743,和碩元大01購01  ,0,0,0,0,0,0,0,0,0,0,0,0,0,8000,8000,0,0
066255,英利元大01購01  ,0,0,0,0,0,0,0,0,0,0,0,0,0,10000,10000,0,0
06631P,玉晶光群益9A售03,0,0,0,0,0,0,0,0,0,0,0,0,0,40000,40000,0,0
06637P,大立光凱基98售15,0,0,0,0,0,0,0,0,0,0,0,0,0,105000,105000,0,0
066393,華碩凱基01購01  ,0,0,0,0,0,0,0,0,0,0,0,0,0,17000,17000,0,0
065731,群創凱基03購02  ,0,0,0,0,0,0,0,0,0,0,0,0,0,3000,3000,0,0
065788,緯創永豐9C購02  ,0,0,0,0,0,0,0,0,0,0,0,0,0,14000,14000,0,0
065712,緯穎群益9C購03  ,0,0,0,0,0,0,0,0,0,0,0,0,0,20000,20000,0,0
065694,國巨群益9C購19  ,0,0,0,0,0,0,0,0,0,0,0,0,0,1000,1000,0,0
065691,國巨群益9C購16  ,0,0,0,0,0,0,0,0,0,0,0,0,0,1000,1000,0,0
065692,國巨群益9C購17  ,0,0,0,0,0,0,0,0,0,0,0,0,0,1000,1000,0,0
065594,華通元大01購02  ,0,0,0,0,0,0,0,0,0,0,0,0,0,8000,8000,0,0
065569,智邦群益01購01  ,0,0,0,0,0,0,0,0,0,0,0,0,0,8000,8000,0,0
065560,同欣電麥證9C購02,0,0,0,42000,0,42000,0,0,0,0,0,0,0,42000,42000,0,0
065867,鴻海群益9C購08  ,0,0,0,0,0,0,0,0,0,0,0,0,0,33000,33000,0,0
066058,TPK元大01購02   ,0,0,0,0,0,0,0,0,0,0,0,0,0,1000,1000,0,0
066028,嘉澤群益01購01  ,0,0,0,0,0,0,0,0,0,0,0,0,0,130000,130000,0,0
08537P,台光電國票01售03,0,0,0,0,0,0,0,0,0,0,0,0,0,50000,50000,0,0
08571P,台積電兆豐9C售06,0,0,0,0,0,0,0,0,0,0,0,0,0,30000,30000,0,0
08682P,鴻海凱基01售06  ,0,0,0,0,0,0,0,0,0,0,0,0,0,20000,20000,0,0
08705P,臺股指群益01售02,0,0,0,0,0,0,0,0,0,0,0,0,0,20000,20000,0,0
1236,宏亞            ,3000,1000,2000,0,0,0,0,0,0,-2000,0,2000,-2000,0,0,0,0
1256,鮮活果汁-KY     ,1000,1000,0,0,0,0,0,0,0,0,0,0,0,0,0,0,0
08456P,聯發科元大9C售13,0,0,0,0,0,0,0,0,0,0,0,0,0,40000,40000,0,0
08426P,奇力新國票01售01,0,0,0,0,0,0,0,0,0,0,0,0,0,50000,50000,0,0
08423P,台積電統一9C售13,0,0,0,0,0,0,0,0,0,0,0,0,0,100000,100000,0,0
08307P,台積電凱基9C售03,0,0,0,0,0,0,0,0,0,0,0,0,0,30000,30000,0,0
08332P,智邦台新9C售03  ,0,0,0,0,0,0,0,0,0,0,0,0,0,40000,40000,0,0
08364P,聯發科凱基02售02,0,0,0,0,0,0,0,0,0,0,0,0,0,100000,100000,0,0
08370P,台積電凱基01售06,0,0,0,0,0,0,0,0,0,0,0,0,0,10000,10000,0,0
08229P,祥碩國票9B售04  ,0,0,0,0,0,0,0,0,0,0,0,0,0,2000,2000,0,0
08233P,國泰金元富9B售01,0,0,0,0,0,0,0,0,0,0,0,0,0,156000,156000,0,0
08196P,上銀元大9B售07  ,0,0,0,0,0,0,0,0,0,0,0,0,0,11000,11000,0,0
08097P,嘉澤永豐9B售03  ,0,0,0,0,0,0,0,0,0,0,0,0,0,10000,10000,0,0
07587P,台灣50國票9A售11,0,0,0,0,0,0,0,0,0,0,0,0,0,50000,50000,0,0
07504P,聯詠元大9A售02  ,0,0,0,0,0,0,0,0,0,0,0,0,0,15000,15000,0,0
07783P,聯發科富邦9C售03,0,0,0,0,0,0,0,0,0,0,0,0,0,100000,100000,0,0
07871P,台積電群益9C售02,0,0,0,0,0,0,0,0,0,0,0,0,0,50000,50000,0,0
07845P,南亞科元大9A售08,0,0,0,0,0,0,0,0,0,0,0,0,0,20000,20000,0,0
07164P,臺股指群益99售15,0,0,0,0,0,0,0,0,0,0,0,0,0,40000,40000,0,0
07091P,SGBR2X凱基9A售02,0,0,0,0,0,0,0,0,0,0,0,0,0,100000,100000,0,0
07121P,華新科凱基99售03,0,0,0,0,0,0,0,0,0,0,0,0,0,9000,9000,0,0
07414P,台積電元大99售51,0,0,0,0,0,0,0,0,0,0,0,0,0,1300000,1300000,0,0
07298P,台灣50元大9C售12,0,0,0,0,0,0,0,0,0,0,0,0,0,30000,30000,0,0
06801P,技嘉群益99售02  ,0,0,0,0,0,0,0,0,0,0,0,0,0,20000,20000,0,0
06807P,臺股指群益98售13,0,0,0,0,0,0,0,0,0,0,0,0,0,1000,1000,0,0
06864P,健策凱基98售01  ,0,0,0,0,0,0,0,0,0,0,0,0,0,50000,50000,0,0
07059P,華通國票9A售02  ,0,0,0,0,0,0,0,0,0,0,0,0,0,95000,95000,0,0
061334,華通元大9A購09  ,0,0,0,0,0,0,0,0,0,0,0,0,0,5000,5000,0,0
061336,國巨元大9A購20  ,0,0,0,0,0,0,0,0,0,0,0,0,0,1000,1000,0,0
061364,國巨國票9A購09  ,0,0,0,0,0,0,0,0,0,0,0,0,0,4000,4000,0,0
061365,國巨國票9B購05  ,0,0,0,0,0,0,0,0,0,0,0,0,0,5000,5000,0,0
061725,國巨麥證9A購05  ,0,0,0,10000,11000,-1000,0,0,0,0,0,0,0,11000,11000,0,0
061710,國巨凱基9A購18  ,0,0,0,0,0,0,0,0,0,0,0,0,0,2000,2000,0,0
061694,玉山金群益9A購01,0,0,0,0,0,0,0,0,0,0,0,0,0,4000,4000,0,0
061387,鴻海群益9A購05  ,0,0,0,0,0,0,0,0,0,0,0,0,0,50000,50000,0,0
061402,矽創兆豐9B購01  ,0,0,0,0,0,0,0,0,0,0,0,0,0,10000,10000,0,0
061454,國巨凱基9A購16  ,0,0,0,0,0,0,0,0,0,0,0,0,0,6000,6000,0,0
060939,鴻海國票9A購06  ,0,0,0,0,0,0,0,0,0,0,0,0,0,53000,53000,0,0
057526,智邦元大98購10  ,0,0,0,0,0,0,0,0,0,0,0,0,0,7000,7000,0,0
057529,嘉晶元大99購02  ,0,0,0,0,0,0,0,0,0,0,0,0,0,1000,1000,0,0
056907,群創元大9C購04  ,0,0,0,0,0,0,0,0,0,0,0,0,0,3000,3000,0,0
056658,美食元大98購01  ,0,0,0,0,0,0,0,0,0,0,0,0,0,4000,4000,0,0
056681,鴻海統一98購09  ,0,0,0,0,0,0,0,0,0,0,0,0,0,36000,36000,0,0
056685,光罩統一98購03  ,0,0,0,0,0,0,0,0,0,0,0,0,0,10000,10000,0,0
056763,國巨元大99購02  ,0,0,0,0,0,0,0,0,0,0,0,0,0,4000,4000,0,0
056771,嘉晶元大99購01  ,0,0,0,0,0,0,0,0,0,0,0,0,0,1000,1000,0,0
058375,群創凱基9B購04  ,0,0,0,0,0,0,0,0,0,0,0,0,0,24000,24000,0,0
058352,鴻海凱基9A購05  ,0,0,0,0,0,0,0,0,0,0,0,0,0,63000,63000,0,0
058389,聯茂國票9A購01  ,0,0,0,0,0,0,0,0,0,0,0,0,0,11000,11000,0,0
056545,TPK凱基98購02   ,0,0,0,0,0,0,0,0,0,0,0,0,0,10000,10000,0,0
057286,群創元大9B購05  ,0,0,0,0,0,0,0,0,0,0,0,0,0,12000,12000,0,0
057325,可成群益9A購01  ,0,0,0,0,0,0,0,0,0,0,0,0,0,1000,1000,0,0
056430,鴻海凱基98購06  ,0,0,0,0,0,0,0,0,0,0,0,0,0,38000,38000,0,0
056455,群創凱基9A購01  ,0,0,0,0,0,0,0,0,0,0,0,0,0,4000,4000,0,0
056421,鴻海統一98購08  ,0,0,0,0,0,0,0,0,0,0,0,0,0,1000,1000,0,0
057364,國巨元大98購18  ,0,0,0,0,0,0,0,0,0,0,0,0,0,51000,51000,0,0
058297,茂林凱基9A購02  ,0,0,0,0,0,0,0,0,0,0,0,0,0,50000,50000,0,0
058239,景碩元大99購03  ,0,0,0,0,0,0,0,0,0,0,0,0,0,26000,26000,0,0
057805,華通元大98購06  ,0,0,0,0,0,0,0,0,0,0,0,0,0,24000,24000,0,0
057859,神達康和98購01  ,0,0,0,0,0,0,0,0,0,0,0,0,0,69000,69000,0,0
057851,鴻海國票99購06  ,0,0,0,0,0,0,0,0,0,0,0,0,0,10000,10000,0,0
057919,技嘉凱基98購03  ,0,0,0,0,0,0,0,0,0,0,0,0,0,20000,20000,0,0
057984,聯發科台新98購01,0,0,0,0,0,0,0,0,0,0,0,0,0,38000,38000,0,0
057169,微星元大98購01  ,0,0,0,0,0,0,0,0,0,0,0,0,0,11000,11000,0,0
057170,瑞昱元大98購01  ,0,0,0,0,0,0,0,0,0,0,0,0,0,2000,2000,0,0
057164,國巨元大98購14  ,0,0,0,0,0,0,0,0,0,0,0,0,0,1000,1000,0,0
057165,國巨元大99購05  ,0,0,0,0,0,0,0,0,0,0,0,0,0,4000,4000,0,0
058070,華新科凱基98購07,0,0,0,0,0,0,0,0,0,0,0,0,0,43000,43000,0,0
058096,南電元大98購04  ,0,0,0,0,0,0,0,0,0,0,0,0,0,1000,1000,0,0
058167,鴻海凱基9A購03  ,0,0,0,0,0,0,0,0,0,0,0,0,0,40000,40000,0,0
058181,華新科國泰9B購01,0,0,0,0,0,0,0,0,0,0,0,0,0,10000,10000,0,0
057225,華新凱基98購01  ,0,0,0,0,0,0,0,0,0,0,0,0,0,15000,15000,0,0
054557,臻鼎凱基98購01  ,0,0,0,0,0,0,0,0,0,0,0,0,0,10000,10000,0,0
057029,緯穎凱基98購04  ,0,0,0,0,0,0,0,0,0,0,0,0,0,10000,10000,0,0
058202,鴻海凱基9A購04  ,0,0,0,0,0,0,0,0,0,0,0,0,0,65000,65000,0,0
057128,台光電凱基98購03,0,0,0,0,0,0,0,0,0,0,0,0,0,10000,10000,0,0
058042,鴻海元大98購12  ,0,0,0,0,0,0,0,0,0,0,0,0,0,16000,16000,0,0
058043,鴻海元大98購13  ,0,0,0,0,0,0,0,0,0,0,0,0,0,1000,1000,0,0
058044,鴻海元大99購07  ,0,0,0,0,0,0,0,0,0,0,0,0,0,30000,30000,0,0
057040,國巨元大98購12  ,0,0,0,0,0,0,0,0,0,0,0,0,0,1000,1000,0,0
055525,國巨群益98購05  ,0,0,0,0,0,0,0,0,0,0,0,0,0,1000,1000,0,0
055503,健策元大98購05  ,0,0,0,0,0,0,0,0,0,0,0,0,0,4000,4000,0,0
055448,健策統一97購02  ,0,0,0,0,0,0,0,0,0,0,0,0,0,399000,399000,0,0
055605,緯穎元大97購02  ,0,0,0,0,0,0,0,0,0,0,0,0,0,20000,20000,0,0
055089,金寶群益98購01  ,0,0,0,0,0,0,0,0,0,0,0,0,0,1000,1000,0,0
056277,上銀富邦99購02  ,0,0,0,0,0,0,0,0,0,0,0,0,0,10000,10000,0,0
056273,祥碩統一97購02  ,0,0,0,0,0,0,0,0,0,0,0,0,0,50000,50000,0,0
056314,力成元大97購01  ,0,0,0,0,0,0,0,0,0,0,0,0,0,99000,99000,0,0
056354,國巨元大98購10  ,0,0,0,0,0,0,0,0,0,0,0,0,0,3000,3000,0,0
056351,鴻海元大98購06  ,0,0,0,0,0,0,0,0,0,0,0,0,0,100000,100000,0,0
056263,友訊統一99購01  ,0,0,0,0,0,0,0,0,0,0,0,0,0,20000,20000,0,0
056041,禾伸堂凱基98購03,0,0,0,0,0,0,0,0,0,0,0,0,0,1000,1000,0,0
056067,智原元大97購01  ,0,0,0,0,0,0,0,0,0,0,0,0,0,37000,37000,0,0
056068,欣興元大97購05  ,0,0,0,0,0,0,0,0,0,0,0,0,0,9000,9000,0,0
036628,統一台新99購01  ,0,0,0,0,0,0,0,0,0,0,0,0,0,3000,3000,0,0
03678C,臺股指凱基01牛02,0,0,0,0,0,0,0,0,0,0,0,0,0,9000,9000,0,0
03679C,臺股指元大04牛04,0,0,0,0,0,0,0,0,0,0,0,0,0,1000,1000,0,0
03681C,台灣50凱基02牛02,0,0,0,0,0,0,0,0,0,0,0,0,0,3000,3000,0,0
055682,智原凱基98購02  ,0,0,0,0,0,0,0,0,0,0,0,0,0,20000,20000,0,0
055724,祥碩元大97購03  ,0,0,0,0,0,0,0,0,0,0,0,0,0,25000,25000,0,0
055745,臻鼎元富97購01  ,0,0,0,0,0,0,0,0,0,0,0,0,0,10000,10000,0,0
052619,茂林國泰99購01  ,0,0,0,0,0,0,0,0,0,0,0,0,0,10000,10000,0,0
053212,友達凱基99購04  ,0,0,0,0,0,0,0,0,0,0,0,0,0,10000,10000,0,0
00707R,元大S&P日圓反1  ,0,0,0,0,0,0,0,0,0,0,0,0,0,1000,1000,0,0
00689R,國泰20年美債反1 ,0,0,0,0,0,0,0,0,0,0,0,0,0,100000,100000,0,0
00732,國泰RMB短期報酬 ,0,0,0,0,0,0,0,0,0,0,0,0,0,100000,100000,0,0
00774B,新光中國政金綠債,0,1000,-1000,0,0,0,0,0,0,1000,0,0,0,5000,4000,1000,0
00775B,新光投等債15+   ,0,0,0,0,0,0,0,0,0,0,0,0,0,2000,2000,0,0
00668K,國泰美國道瓊+U  ,0,0,0,0,0,0,0,0,0,0,0,0,0,1300,1300,0,0
00657K,國泰日經225+U   ,0,0,0,0,0,0,0,0,0,0,0,0,0,100,100,0,0
00672L,元大S&P原油正2  ,0,0,0,0,0,0,0,0,0,0,0,0,0,30000,30000,0,0
00636K,國泰中國A50+U   ,0,0,0,0,0,0,0,0,0,0,0,0,0,100,100,0,0
062620,台表科元大9B購04,0,0,0,0,0,0,0,0,0,0,0,0,0,52000,52000,0,0
062553,台積電凱基9B購07,0,0,0,0,0,0,0,0,0,0,0,0,0,6000,6000,0,0
062519,元金2X元大9B購03,0,8000,-8000,0,0,0,0,0,0,8000,0,0,0,8000,0,8000,0
062532,聯詠統一9C購01  ,0,0,0,0,0,0,0,0,0,0,0,0,0,7000,7000,0,0
062758,國巨凱基9B購09  ,0,0,0,0,0,0,0,0,0,0,0,0,0,1000,1000,0,0
062782,聯發科元大9B購12,0,0,0,0,0,0,0,0,0,0,0,0,0,2000,2000,0,0
062776,鴻海元大9B購03  ,0,0,0,0,0,0,0,0,0,0,0,0,0,28000,28000,0,0
062777,鴻海元大9C購03  ,0,0,0,0,0,0,0,0,0,0,0,0,0,27000,27000,0,0
062778,國巨元大9B購17  ,0,0,0,0,0,0,0,0,0,0,0,0,0,1000,1000,0,0
062376,中租元大9B購02  ,0,0,0,0,0,0,0,0,0,0,0,0,0,9000,9000,0,0
060859,鴻海永豐9A購01  ,0,0,0,0,0,0,0,0,0,0,0,0,0,26000,26000,0,0
062435,國巨元大9B購13  ,0,0,0,0,0,0,0,0,0,0,0,0,0,1000,1000,0,0
062439,聯發科元大9B購10,0,0,0,0,0,0,0,0,0,0,0,0,0,1000,1000,0,0
062467,國巨凱基9B購08  ,0,0,0,0,0,0,0,0,0,0,0,0,0,1000,1000,0,0
062490,聯茂永豐9B購01  ,0,0,0,0,0,0,0,0,0,0,0,0,0,10000,10000,0,0
062486,瑞昱富邦9B購01  ,0,0,0,0,0,0,0,0,0,0,0,0,0,1000,1000,0,0
058503,鴻海元大99購14  ,0,0,0,0,0,0,0,0,0,0,0,0,0,23000,23000,0,0
060598,鴻海凱基9A購20  ,0,0,0,0,0,0,0,0,0,0,0,0,0,4000,4000,0,0
060544,國巨凱基9B購03  ,0,0,0,0,0,0,0,0,0,0,0,0,0,1000,1000,0,0
060809,康友群益9A購01  ,0,0,0,0,0,0,0,0,0,0,0,0,0,1000,1000,0,0
060805,國巨群益9A購06  ,0,0,0,0,0,0,0,0,0,0,0,0,0,10000,10000,0,0
060752,上銀元大9A購04  ,0,0,0,0,0,0,0,0,0,0,0,0,0,8000,8000,0,0
060756,鴻海元大9A購16  ,0,0,0,0,0,0,0,0,0,0,0,0,0,72000,72000,0,0
060769,國巨麥證9A購02  ,0,0,0,0,1000,-1000,0,0,0,0,0,0,0,1000,1000,0,0
060735,鴻海統一9C購03  ,0,0,0,0,0,0,0,0,0,0,0,0,0,200000,200000,0,0
060729,國巨群益9A購05  ,0,0,0,0,0,0,0,0,0,0,0,0,0,1000,1000,0,0
060713,聯詠永豐9A購01  ,0,0,0,0,0,0,0,0,0,0,0,0,0,12000,12000,0,0
060033,臻鼎永豐99購01  ,0,0,0,0,0,0,0,0,0,0,0,0,0,10000,10000,0,0
060151,旺宏富邦9A購02  ,0,0,0,0,0,0,0,0,0,0,0,0,0,10000,10000,0,0
060130,瀚宇博永豐99購02,0,0,0,0,0,0,0,0,0,0,0,0,0,25000,25000,0,0
060064,華新科兆豐99購07,0,0,0,0,0,0,0,0,0,0,0,0,0,11000,11000,0,0
060085,華通元大99購10  ,0,0,0,0,0,0,0,0,0,0,0,0,0,1000,1000,0,0
059717,國巨元大99購21  ,0,0,0,0,0,0,0,0,0,0,0,0,0,4000,4000,0,0
058442,玉晶光台新99購01,0,0,0,0,0,0,0,0,0,0,0,0,0,100000,100000,0,0
059689,南亞科永豐99購02,0,0,0,0,0,0,0,0,0,0,0,0,0,10000,10000,0,0
059607,台積電富邦9C購04,0,0,0,0,0,0,0,0,0,0,0,0,0,10000,10000,0,0
059889,華新科國票99購04,0,0,0,0,0,0,0,0,0,0,0,0,0,14000,14000,0,0
059964,元金2X凱基99購02,0,0,0,0,0,0,0,0,0,0,0,0,0,2000,2000,0,0
059778,上証2X元大9C購03,0,0,0,0,0,0,0,0,0,0,0,0,0,5000,5000,0,0
059784,台光電元大9A購01,0,0,0,0,0,0,0,0,0,0,0,0,0,9000,9000,0,0
059731,康控元大99購04  ,0,0,0,0,0,0,0,0,0,0,0,0,0,30000,30000,0,0
059876,智易凱基99購02  ,0,0,0,0,0,0,0,0,0,0,0,0,0,2000,2000,0,0
058729,國巨永豐99購03  ,0,0,0,0,0,0,0,0,0,0,0,0,0,1000,1000,0,0
058741,欣興日盛99購01  ,0,0,0,0,0,0,0,0,0,0,0,0,0,3000,3000,0,0
058791,鴻海元大99購17  ,0,0,0,0,0,0,0,0,0,0,0,0,0,15000,15000,0,0
058792,鴻海元大99購18  ,0,0,0,0,0,0,0,0,0,0,0,0,0,27000,27000,0,0
058793,鴻海元大99購19  ,0,0,0,0,0,0,0,0,0,0,0,0,0,16000,16000,0,0
058938,台積電中信01購03,0,0,0,0,0,0,0,0,0,0,0,0,0,20000,20000,0,0
058839,瑞儀中信99購02  ,0,0,0,0,0,0,0,0,0,0,0,0,0,10000,10000,0,0
058855,台積電兆豐99購02,0,0,0,0,0,0,0,0,0,0,0,0,0,100000,100000,0,0
058826,台積電永豐99購02,0,0,0,0,0,0,0,0,0,0,0,0,0,2000,2000,0,0
059507,鴻海永豐99購03  ,0,0,0,0,0,0,0,0,0,0,0,0,0,38000,38000,0,0
059451,國巨永豐99購05  ,0,0,0,0,0,0,0,0,0,0,0,0,0,1000,1000,0,0
059466,國巨元大99購26  ,0,0,0,0,0,0,0,0,0,0,0,0,0,2000,2000,0,0
059469,智邦元大99購03  ,0,0,0,0,0,0,0,0,0,0,0,0,0,5000,5000,0,0
059427,國巨元大99購24  ,0,0,0,0,0,0,0,0,0,0,0,0,0,1000,1000,0,0
059588,鴻海元大99購32  ,0,0,0,0,0,0,0,0,0,0,0,0,0,23000,23000,0,0
058568,宏達電凱基9A購02,0,0,0,0,0,0,0,0,0,0,0,0,0,13000,13000,0,0
060461,鴻海元大9A購09  ,0,0,0,0,0,0,0,0,0,0,0,0,0,44000,44000,0,0
060426,盛群永豐9A購01  ,0,0,0,0,0,0,0,0,0,0,0,0,0,5000,5000,0,0
059161,鴻海凱基9A購09  ,0,0,0,0,0,0,0,0,0,0,0,0,0,30000,30000,0,0
059162,國巨凱基99購12  ,0,0,0,0,0,0,0,0,0,0,0,0,0,14000,14000,0,0
059235,鴻海凱基99購08  ,0,0,0,0,0,0,0,0,0,0,0,0,0,9000,9000,0,0
059195,國巨永豐99購04  ,0,0,0,0,0,0,0,0,0,0,0,0,0,1000,1000,0,0
059197,可成永豐99購02  ,0,0,0,0,0,0,0,0,0,0,0,0,0,2000,2000,0,0
060247,牧德元大9A購02  ,0,0,0,0,0,0,0,0,0,0,0,0,0,4000,4000,0,0
060235,瑞昱元大9A購01  ,0,0,0,0,0,0,0,0,0,0,0,0,0,3000,3000,0,0
059058,可成凱基9B購01  ,0,0,0,0,0,0,0,0,0,0,0,0,0,1000,1000,0,0
060293,緯創元大9A購01  ,0,0,0,0,0,0,0,0,0,0,0,0,0,4000,4000,0,0
061568,國巨元大9A購25  ,0,0,0,0,0,0,0,0,0,0,0,0,0,1000,1000,0,0
061566,華通元大9A購10  ,0,0,0,0,0,0,0,0,0,0,0,0,0,9000,9000,0,0
061508,南六國泰9C購02  ,0,0,0,0,0,0,0,0,0,0,0,0,0,20000,20000,0,0
061520,健策中信9A購01  ,0,0,0,0,0,0,0,0,0,0,0,0,0,12000,12000,0,0
060993,健策元大9B購03  ,0,0,0,0,0,0,0,0,0,0,0,0,0,1000,1000,0,0
061485,鴻海兆豐9A購01  ,0,0,0,0,0,0,0,0,0,0,0,0,0,10000,10000,0,0
061053,國巨群益9A購08  ,0,0,0,0,0,0,0,0,0,0,0,0,0,1000,1000,0,0
058980,鴻海凱基99購06  ,0,0,0,0,0,0,0,0,0,0,0,0,0,67000,67000,0,0
058977,SGBR2X凱基03購01,0,0,0,0,0,0,0,0,0,0,0,0,0,50000,50000,0,0
058989,茂林凱基99購02  ,0,0,0,0,0,0,0,0,0,0,0,0,0,20000,20000,0,0
061287,大立光統一9B購06,0,0,0,0,0,0,0,0,0,0,0,0,0,123000,123000,0,0
061106,群創元大9B購09  ,0,0,0,0,0,0,0,0,0,0,0,0,0,7000,7000,0,0
062038,鴻海凱基9B購05  ,0,0,0,0,0,0,0,0,0,0,0,0,0,24000,24000,0,0
062003,國巨國泰01購01  ,0,0,0,0,0,0,0,0,0,0,0,0,0,85000,85000,0,0
061980,聯發科元大9B購01,0,0,0,0,0,0,0,0,0,0,0,0,0,2000,2000,0,0
062072,國巨元大9B購05  ,0,0,0,0,0,0,0,0,0,0,0,0,0,1000,1000,0,0
062247,國巨元大9B購07  ,0,0,0,0,0,0,0,0,0,0,0,0,0,1000,1000,0,0
059340,鴻海凱基9A購12  ,0,0,0,0,0,0,0,0,0,0,0,0,0,4000,4000,0,0
059315,鴻海元大99購30  ,0,0,0,0,0,0,0,0,0,0,0,0,0,15000,15000,0,0
062320,南電凱基9B購03  ,0,0,0,0,0,0,0,0,0,0,0,0,0,1000,1000,0,0
062360,華邦電元大9B購01,0,0,0,0,0,0,0,0,0,0,0,0,0,10000,10000,0,0
062358,國巨元大9B購12  ,0,0,0,0,0,0,0,0,0,0,0,0,0,1000,1000,0,0
062338,鴻海麥證9B購01  ,0,0,0,0,25000,-25000,0,0,0,0,0,0,0,25000,25000,0,0
058598,T50反1元大99購04,0,0,0,0,0,0,0,0,0,0,0,0,0,41000,41000,0,0
059404,鴻海台新99購03  ,0,0,0,0,0,0,0,0,0,0,0,0,0,58000,58000,0,0
059415,台灣50元大9A購03,0,0,0,0,0,0,0,0,0,0,0,0,0,2000,2000,0,0
058634,可成兆豐99購03  ,0,0,0,0,0,0,0,0,0,0,0,0,0,50000,50000,0,0
058654,鴻海中信03購01  ,0,0,0,0,0,0,0,0,0,0,0,0,0,39000,39000,0,0
060297,和碩元大9A購02  ,0,0,0,0,0,0,0,0,0,0,0,0,0,9000,9000,0,0
062073,國巨元大9B購06  ,0,0,0,0,0,0,0,0,0,0,0,0,0,1000,1000,0,0
062075,智邦元大9B購03  ,0,0,0,0,0,0,0,0,0,0,0,0,0,12000,12000,0,0
062083,健策元大9C購03  ,0,0,0,0,0,0,0,0,0,0,0,0,0,10000,10000,0,0
062118,華新科中信9B購02,0,0,0,0,0,0,0,0,0,0,0,0,0,10000,10000,0,0
062123,台積電統一9B購13,0,0,0,0,0,0,0,0,0,0,0,0,0,20000,20000,0,0
061946,鴻海群益9B購03  ,0,0,0,0,0,0,0,0,0,0,0,0,0,17000,17000,0,0
061848,國巨國票9B購07  ,0,0,0,0,0,0,0,0,0,0,0,0,0,1000,1000,0,0
061849,國巨國票9B購08  ,0,0,0,0,0,0,0,0,0,0,0,0,0,1000,1000,0,0
065410,國巨永豐9C購01  ,0,0,0,0,0,0,0,0,0,0,0,0,0,1000,1000,0,0
065389,聯茂兆豐9C購01  ,0,0,0,0,0,0,0,0,0,0,0,0,0,10000,10000,0,0
065284,旺宏群益9C購03  ,0,0,0,0,0,0,0,0,0,0,0,0,0,2000,2000,0,0
064893,金像電群益01購02,0,0,0,0,0,0,0,0,0,0,0,0,0,40000,40000,0,0
065143,聯發科凱基9C購07,0,0,0,0,0,0,0,0,0,0,0,0,0,60000,60000,0,0
065151,國巨群益9C購13  ,0,0,0,0,0,0,0,0,0,0,0,0,0,1000,1000,0,0
065075,葡萄王元大01購01,0,0,0,0,0,0,0,0,0,0,0,0,0,111000,111000,0,0
065056,臺股指凱基9C購20,0,0,0,0,0,0,0,0,0,0,0,0,0,2000,2000,0,0
064500,國泰金元大9C購01,0,0,0,0,0,0,0,0,0,0,0,0,0,93000,93000,0,0
064521,群創群益02購01  ,0,0,0,0,0,0,0,0,0,0,0,0,0,3000,3000,0,0
064549,神基凱基9C購01  ,0,0,0,0,0,0,0,0,0,0,0,0,0,7000,7000,0,0
064544,國巨凱基9C購09  ,0,0,0,0,0,0,0,0,0,0,0,0,0,6000,6000,0,0
064303,新光金兆豐01購01,0,0,0,0,0,0,0,0,0,0,0,0,0,16000,16000,0,0
064308,國巨群益9C購09  ,0,0,0,0,0,0,0,0,0,0,0,0,0,1000,1000,0,0
064572,同欣電群益9C購02,0,0,0,0,0,0,0,0,0,0,0,0,0,60000,60000,0,0
064553,臺指反群益9C購01,0,0,0,0,0,0,0,0,0,0,0,0,0,499000,499000,0,0
064705,新光金富邦01購01,0,0,0,0,0,0,0,0,0,0,0,0,0,222000,222000,0,0
064640,和大凱基03購01  ,0,0,0,0,0,0,0,0,0,0,0,0,0,20000,20000,0,0
064663,鴻海元大9C購11  ,0,0,0,0,0,0,0,0,0,0,0,0,0,32000,32000,0,0
064836,群創統一9C購04  ,0,0,0,0,0,0,0,0,0,0,0,0,0,30000,30000,0,0
064032,群創元大9C購06  ,0,0,0,0,0,0,0,0,0,0,0,0,0,2000,2000,0,0
064034,台表科元大9C購07,0,0,0,0,0,0,0,0,0,0,0,0,0,1000,1000,0,0
063971,健鼎國票01購01  ,0,0,0,0,0,0,0,0,0,0,0,0,0,22000,22000,0,0
063939,上銀元大9C購04  ,0,0,0,0,0,0,0,0,0,0,0,0,0,25000,25000,0,0
064102,宏達電群益9C購01,0,0,0,0,0,0,0,0,0,0,0,0,0,6000,6000,0,0
064110,國巨國票01購01  ,0,0,0,0,0,0,0,0,0,0,0,0,0,4000,4000,0,0
064120,鴻海元大9C購07  ,0,0,0,0,0,0,0,0,0,0,0,0,0,31000,31000,0,0
064131,群創元大01購02  ,0,0,0,0,0,0,0,0,0,0,0,0,0,3000,3000,0,0
064189,TPK永豐9C購01   ,0,0,0,0,0,0,0,0,0,0,0,0,0,45000,45000,0,0
064150,全新統一01購03  ,0,0,0,0,0,0,0,0,0,0,0,0,0,13000,13000,0,0
063891,國巨群益9C購07  ,20000,0,20000,0,0,0,0,0,0,-20000,0,0,0,0,20000,-20000,0
063842,國巨元大9C購10  ,0,0,0,0,0,0,0,0,0,0,0,0,0,22000,22000,0,0
063858,鴻海國泰02購01  ,0,0,0,0,0,0,0,0,0,0,0,0,0,41000,41000,0,0
063787,玉晶光統一01購07,0,0,0,0,0,0,0,0,0,0,0,0,0,1000,1000,0,0
063728,國巨元大9B購21  ,0,0,0,0,0,0,0,0,0,0,0,0,0,1000,1000,0,0
063726,鴻海元大9B購04  ,0,0,0,0,0,0,0,0,0,0,0,0,0,64000,64000,0,0
063744,儒鴻國票9C購01  ,0,0,0,0,0,0,0,0,0,0,0,0,0,1000,1000,0,0
063699,國巨群益9B購07  ,0,0,0,0,0,0,0,0,0,0,0,0,0,15000,15000,0,0
063654,上銀元富9B購05  ,0,0,0,0,0,0,0,0,0,0,0,0,0,30000,30000,0,0
063610,儒鴻群益9B購02  ,0,0,0,0,0,0,0,0,0,0,0,0,0,10000,10000,0,0
063569,美食元大9B購03  ,0,0,0,0,0,0,0,0,0,0,0,0,0,27000,27000,0,0
063119,華通元大9B購07  ,0,0,0,0,0,0,0,0,0,0,0,0,0,30000,30000,0,0
063126,TPK元大9B購01   ,0,0,0,0,0,0,0,0,0,0,0,0,0,10000,10000,0,0
063222,群創群益9B購03  ,0,0,0,0,0,0,0,0,0,0,0,0,0,13000,13000,0,0
063217,元金2X群益9B購03,0,0,0,0,0,0,0,0,0,0,0,0,0,20000,20000,0,0
063170,智邦第一9B購01  ,0,0,0,0,0,0,0,0,0,0,0,0,0,5000,5000,0,0
063141,聯發科統一9C購10,0,0,0,0,0,0,0,0,0,0,0,0,0,2000,2000,0,0
063157,鴻海台新9B購02  ,0,0,0,0,0,0,0,0,0,0,0,0,0,40000,40000,0,0
062993,華新科群益9B購05,0,0,0,0,0,0,0,0,0,0,0,0,0,23000,23000,0,0
063000,緯穎國票9B購03  ,0,0,0,0,0,0,0,0,0,0,0,0,0,6000,6000,0,0
063045,國巨兆豐9C購02  ,0,0,0,0,0,0,0,0,0,0,0,0,0,1000,1000,0,0
063031,鴻海凱基9C購01  ,0,0,0,0,0,0,0,0,0,0,0,0,0,51000,51000,0,0
063478,GIS元大9B購03   ,0,0,0,0,0,0,0,0,0,0,0,0,0,50000,50000,0,0
063534,鴻海統一9B購07  ,0,0,0,0,0,0,0,0,0,0,0,0,0,20000,20000,0,0
063416,台積電凱基9B購10,0,0,0,0,0,0,0,0,0,0,0,0,0,6000,6000,0,0
063328,京元電國票9C購02,0,0,0,0,0,0,0,0,0,0,0,0,0,40000,40000,0,0
063302,國巨凱基9C購05  ,0,0,0,0,0,0,0,0,0,0,0,0,0,1000,1000,0,0
063299,金寶凱基9B購01  ,0,0,0,0,0,0,0,0,0,0,0,0,0,100000,100000,0,0
1734,杏輝            ,9000,9000,0,0,0,0,0,0,0,0,0,0,0,0,0,0,0
1432,大魯閣          ,8000,8000,0,0,0,0,0,0,0,0,0,0,0,0,0,0,0
1472,三洋紡          ,6000,7000,-1000,0,0,0,0,0,0,1000,1000,0,1000,0,0,0,0
2748,雲品            ,3000,3000,0,0,0,0,0,0,0,0,0,0,0,0,0,0,0
4807,日成-KY         ,1000,1000,0,0,0,0,0,0,0,0,0,0,0,0,0,0,0
8478,東哥遊艇        ,3000,3000,0,0,0,0,0,0,0,0,0,0,0,0,0,0,0
6671,三能-KY         ,2000,2000,0,0,0,0,0,0,0,0,0,0,0,0,0,0,0
07006P,旺宏統一9B售03  ,0,0,0,0,0,0,0,0,0,-1000,0,0,0,0,1000,-1000,-1000
06929P,鴻海元大99售11  ,0,0,0,0,0,0,0,0,0,-1000,0,0,0,50000,51000,-1000,-1000
06901P,亞德客凱基98售02,0,0,0,0,0,0,0,0,0,-1000,0,0,0,0,1000,-1000,-1000
07292P,臺股指凱基99售44,0,0,0,0,0,0,0,0,0,-1000,0,0,0,0,1000,-1000,-1000
07413P,國巨元大99售33  ,0,0,0,0,0,0,0,0,0,-1000,0,0,0,0,1000,-1000,-1000
07864P,可成元大9B售01  ,0,0,0,0,0,0,0,0,0,-1000,0,0,0,11000,12000,-1000,-1000
07833P,大立光群益9B售02,0,0,0,0,0,0,0,0,0,-1000,0,0,0,0,1000,-1000,-1000
07922P,大立光群益9B售05,0,0,0,0,0,0,0,0,0,-1000,0,0,0,0,1000,-1000,-1000
08036P,嘉澤群益9B售03  ,0,0,0,0,0,0,0,0,0,-1000,0,0,0,1000,2000,-1000,-1000
07544P,大立光凱基9A售09,0,0,0,0,0,0,0,0,0,-1000,0,0,0,0,1000,-1000,-1000
07510P,台灣50元富04售02,0,0,0,0,0,0,0,0,0,-1000,0,0,0,0,1000,-1000,-1000
07583P,台積電富邦9B售05,0,0,0,0,0,0,0,0,0,-1000,0,0,0,0,1000,-1000,-1000
07600P,台灣50凱基04售06,0,0,0,0,0,0,0,0,0,-1000,0,0,0,0,1000,-1000,-1000
08043P,電子類群益9B售01,0,0,0,0,0,0,0,0,0,-1000,0,0,0,0,1000,-1000,-1000
08078P,聯發科國票9B售04,0,0,0,0,0,0,0,0,0,-1000,0,0,0,0,1000,-1000,-1000
1104,環泥            ,29000,31000,-2000,0,0,0,0,0,0,1000,1000,0,1000,0,0,0,-1000
08577P,臺指2X中信03售01,0,0,0,0,0,0,0,0,0,-1000,0,0,0,0,1000,-1000,-1000
08540P,嘉晶國票01售01  ,0,0,0,0,0,0,0,0,0,-1000,0,0,0,0,1000,-1000,-1000
08582P,臺股指元大9C售30,0,0,0,0,0,0,0,0,0,-1000,0,0,0,41000,42000,-1000,-1000
065935,金像電群益01購03,0,0,0,0,0,0,0,0,0,-1000,0,0,0,60000,61000,-1000,-1000
065622,鴻海中信06購01  ,0,0,0,0,0,0,0,0,0,-1000,0,0,0,52000,53000,-1000,-1000
065492,台灣50富邦03購02,0,0,0,0,0,0,0,0,0,-1000,0,0,0,30000,31000,-1000,-1000
065716,道瓊反中信03購01,0,0,0,0,0,0,0,0,0,-1000,0,0,0,0,1000,-1000,-1000
065801,瑞昱群益9C購04  ,0,0,0,0,0,0,0,0,0,-1000,0,0,0,64000,65000,-1000,-1000
066395,可成凱基01購03  ,0,0,0,0,0,0,0,0,0,-1000,0,0,0,1000,2000,-1000,-1000
066353,台塑化永豐01購01,0,0,0,0,0,0,0,0,0,-1000,0,0,0,0,1000,-1000,-1000
066290,台塑化元大01購01,0,0,0,0,0,0,0,0,0,-1000,0,0,0,8000,9000,-1000,-1000
066231,友訊富邦02購01  ,0,0,0,0,0,0,0,0,0,-1000,0,0,0,0,1000,-1000,-1000
06616P,國巨元大98售15  ,0,0,0,0,0,0,0,0,0,-1000,0,0,0,0,1000,-1000,-1000
066739,揚明光元大01購01,0,0,0,0,0,0,0,0,0,-1000,0,0,0,0,1000,-1000,-1000
066756,長興永豐01購02  ,0,0,0,0,0,0,0,0,0,-1000,0,0,0,0,1000,-1000,-1000
066732,可成元大01購06  ,0,0,0,0,0,0,0,0,0,-1000,0,0,0,1000,2000,-1000,-1000
00643K,群益深証中小+R  ,0,0,0,0,0,0,0,0,0,-1000,0,0,0,0,1000,-1000,-1000
0055,元大MSCI金融    ,0,0,0,0,0,0,0,0,0,-1000,0,0,0,0,1000,-1000,-1000
00663L,國泰臺灣加權正2 ,0,0,0,0,0,0,0,0,0,-1000,0,0,0,8000,9000,-1000,-1000
053181,滬深2X元富99購02,0,0,0,0,0,0,0,0,0,-1000,0,0,0,21000,22000,-1000,-1000
052734,台表科國泰98購02,0,0,0,0,0,0,0,0,0,-1000,0,0,0,0,1000,-1000,-1000
03015X,元展15          ,0,0,0,0,0,0,0,0,0,-1000,0,0,0,0,1000,-1000,-1000
053391,嘉聯益元大99購01,0,0,0,0,0,0,0,0,0,-1000,0,0,0,0,1000,-1000,-1000
053366,樺漢國泰98購01  ,0,0,0,0,0,0,0,0,0,-1000,0,0,0,0,1000,-1000,-1000
055786,彩晶凱基99購02  ,0,0,0,0,0,0,0,0,0,-1000,0,0,0,0,1000,-1000,-1000
03682C,臺股指凱基9C牛07,0,0,0,0,0,0,0,0,0,-1000,0,0,0,3000,4000,-1000,-1000
03676C,臺股指元大04牛03,0,0,0,0,0,0,0,0,0,-1000,0,0,0,0,1000,-1000,-1000
055820,矽力國票98購02  ,0,0,0,0,0,0,0,0,0,-1000,0,0,0,0,1000,-1000,-1000
057023,美律凱基99購02  ,0,0,0,0,0,0,0,0,0,-1000,0,0,0,0,1000,-1000,-1000
055655,群創元富99購07  ,0,0,0,0,0,0,0,0,0,-1000,0,0,0,0,1000,-1000,-1000
058169,國巨凱基9A購05  ,0,0,0,0,0,0,0,0,0,-1000,0,0,0,0,1000,-1000,-1000
058177,華新科凱基99購02,0,0,0,0,0,0,0,0,0,-1000,0,0,0,0,1000,-1000,-1000
057983,緯穎永豐98購03  ,0,0,0,0,0,0,0,0,0,-1000,0,0,0,0,1000,-1000,-1000
058343,台積電群益99購02,0,0,0,0,0,0,0,0,0,-1000,0,0,0,0,1000,-1000,-1000
058335,鴻海元富99購06  ,0,0,0,0,0,0,0,0,0,-1000,0,0,0,0,1000,-1000,-1000
057853,旺宏國票99購05  ,0,0,0,0,0,0,0,0,0,-1000,0,0,0,37000,38000,-1000,-1000
057758,鴻海凱基99購03  ,0,0,0,0,0,0,0,0,0,-1000,0,0,0,39000,40000,-1000,-1000
057685,台灣50凱基9C購01,0,0,0,0,0,0,0,0,0,-1000,0,0,0,3000,4000,-1000,-1000
057280,大立光元大98購15,0,0,0,0,0,0,0,0,0,-1000,0,0,0,0,1000,-1000,-1000
056385,創意國泰99購01  ,0,0,0,0,0,0,0,0,0,-1000,0,0,0,1000,2000,-1000,-1000
057596,聯茂兆豐99購01  ,0,0,0,0,0,0,0,0,0,-1000,0,0,0,0,1000,-1000,-1000
056516,晶豪科兆豐98購01,0,0,0,0,0,0,0,0,0,-1000,0,0,0,3000,4000,-1000,-1000
056501,貿聯富邦99購01  ,0,0,0,0,0,0,0,0,0,-1000,0,0,0,0,1000,-1000,-1000
056795,鴻海麥證98購01  ,0,0,0,2000,1000,1000,0,0,0,-1000,0,0,0,2000,3000,-1000,-1000
056796,國巨麥證98購02  ,0,0,0,0,2000,-2000,0,0,0,-1000,0,0,0,1000,2000,-1000,-1000
056721,台灣50永昌9A購01,0,0,0,0,0,0,0,0,0,-1000,0,0,0,5000,6000,-1000,-1000
056554,GIS凱基99購01   ,0,0,0,0,0,0,0,0,0,-1000,0,0,0,96000,97000,-1000,-1000
061446,鴻海中信04購01  ,0,0,0,0,0,0,0,0,0,-1000,0,0,0,0,1000,-1000,-1000
061417,力成群益9A購01  ,0,0,0,0,0,0,0,0,0,-1000,0,0,0,50000,51000,-1000,-1000
060368,緯穎元富9A購03  ,0,0,0,0,0,0,0,0,0,-1000,0,0,0,0,1000,-1000,-1000
060314,元翎永豐9A購01  ,0,0,0,0,0,0,0,0,0,-1000,0,0,0,14000,15000,-1000,-1000
058601,台積電元大99購10,0,0,0,0,0,0,0,0,0,-1000,0,0,0,0,1000,-1000,-1000
059337,台灣50凱基9C購05,0,0,0,0,0,0,0,0,0,-1000,0,0,0,0,1000,-1000,-1000
062278,聯發科群益9C購01,0,0,0,0,0,0,0,0,0,-1000,0,0,0,0,1000,-1000,-1000
061963,台積電統一01購04,0,0,0,0,0,0,0,0,0,-1000,0,0,0,130000,131000,-1000,-1000
062004,國巨國泰9C購03  ,0,0,0,0,0,0,0,0,0,-1000,0,0,0,1000,2000,-1000,-1000
061088,國巨統一9C購05  ,0,0,0,0,0,0,0,0,0,-1000,0,0,0,0,1000,-1000,-1000
061052,和大群益9A購01  ,0,0,0,0,0,0,0,0,0,-1000,0,0,0,0,1000,-1000,-1000
061044,世紀鋼永豐9A購02,0,0,0,0,0,0,0,0,0,-1000,0,0,0,0,1000,-1000,-1000
060979,國巨元大9A購14  ,0,0,0,0,0,0,0,0,0,-1000,0,0,0,1000,2000,-1000,-1000
060965,中租凱基9B購01  ,0,0,0,0,0,0,0,0,0,-1000,0,0,0,35000,36000,-1000,-1000
059215,台積電元大99購28,0,0,0,0,0,0,0,0,0,-1000,0,0,0,0,1000,-1000,-1000
059237,鴻海凱基9A購10  ,0,0,0,0,0,0,0,0,0,-1000,0,0,0,50000,51000,-1000,-1000
060630,國巨富邦9C購03  ,0,0,0,0,0,0,0,0,0,-1000,0,0,0,0,1000,-1000,-1000
061176,聯發科凱基9A購14,0,0,0,0,0,0,0,0,0,-1000,0,0,0,0,1000,-1000,-1000
059145,創意國票99購02  ,0,0,0,0,0,0,0,0,0,-1000,0,0,0,0,1000,-1000,-1000
060399,康友國票9A購02  ,0,0,0,0,0,0,0,0,0,-1000,0,0,0,24000,25000,-1000,-1000
059490,國巨國票99購09  ,0,0,0,0,0,0,0,0,0,-1000,0,0,0,2000,3000,-1000,-1000
058822,樺漢國泰9B購01  ,0,0,0,0,0,0,0,0,0,-1000,0,0,0,1000,2000,-1000,-1000
059761,國巨永豐99購06  ,0,0,0,0,0,0,0,0,0,-1000,0,0,0,1000,2000,-1000,-1000
059883,T50反1國票99購02,0,0,0,0,0,0,0,0,0,-1000,0,0,0,0,1000,-1000,-1000
059721,旺宏元大99購16  ,0,0,0,0,0,0,0,0,0,-1000,0,0,0,2000,3000,-1000,-1000
058499,滬深2X元大9C購01,0,0,0,0,0,0,0,0,0,-1000,0,0,0,99000,100000,-1000,-1000
058453,可成永豐99購01  ,0,0,0,0,0,0,0,0,0,-1000,0,0,0,0,1000,-1000,-1000
060854,台積電富邦9C購08,0,0,0,0,0,0,0,0,0,-1000,0,0,0,0,1000,-1000,-1000
062361,智邦元大9B購06  ,0,0,0,0,0,0,0,0,0,-1000,0,0,0,16000,17000,-1000,-1000
060887,台積電統一01購01,0,0,0,0,0,0,0,0,0,-1000,0,0,0,0,1000,-1000,-1000
062711,台表科元大9B購05,0,0,0,0,0,0,0,0,0,-1000,0,0,0,1000,2000,-1000,-1000
062818,大立光兆豐9C購01,0,0,0,0,0,0,0,0,0,-1000,0,0,0,0,1000,-1000,-1000
062637,智易國票9B購01  ,0,0,0,0,0,0,0,0,0,-1000,0,0,0,20000,21000,-1000,-1000
063421,可成凱基9C購02  ,0,0,0,0,0,0,0,0,0,-1000,0,0,0,12000,13000,-1000,-1000
063493,金像電富邦01購01,0,0,0,0,0,0,0,0,0,-1000,0,0,0,0,1000,-1000,-1000
063009,國巨元大9B購18  ,0,0,0,0,0,0,0,0,0,-1000,0,0,0,4000,5000,-1000,-1000
062987,祥碩中信01購01  ,0,0,0,0,0,0,0,0,0,-1000,0,0,0,14000,15000,-1000,-1000
062843,臺股指群益9B購10,0,0,0,0,0,0,0,0,0,-1000,0,0,0,5000,6000,-1000,-1000
063227,祥碩群益9B購06  ,0,0,0,0,0,0,0,0,0,-1000,0,0,0,9000,10000,-1000,-1000
063594,上銀中信9C購01  ,0,0,0,0,0,0,0,0,0,-1000,0,0,0,9000,10000,-1000,-1000
06363P,臺股指麥證97售02,0,0,0,0,1000,-1000,0,0,0,-1000,0,0,0,0,1000,-1000,-1000
063803,世紀鋼凱基01購01,0,0,0,0,0,0,0,0,0,-1000,0,0,0,50000,51000,-1000,-1000
063868,嘉晶永豐9C購01  ,0,0,0,0,0,0,0,0,0,-1000,0,0,0,0,1000,-1000,-1000
064077,台積電中信06購03,0,0,0,0,0,0,0,0,0,-1000,0,0,0,0,1000,-1000,-1000
064083,群創中信06購01  ,0,0,0,0,0,0,0,0,0,-1000,0,0,0,0,1000,-1000,-1000
063979,健鼎兆豐9C購01  ,0,0,0,0,0,0,0,0,0,-1000,0,0,0,11000,12000,-1000,-1000
064050,景碩統一01購01  ,0,0,0,0,0,0,0,0,0,-1000,0,0,0,0,1000,-1000,-1000
064069,華新科永豐9C購01,0,0,0,0,0,0,0,0,0,-1000,0,0,0,0,1000,-1000,-1000
06406P,可成元富97售04  ,0,0,0,0,0,0,0,0,0,-1000,0,0,0,0,1000,-1000,-1000
064827,友達統一02購02  ,0,0,0,0,0,0,0,0,0,-1000,0,0,0,1000,2000,-1000,-1000
064768,仁寶中信03購01  ,0,0,0,0,0,0,0,0,0,-1000,0,0,0,81000,82000,-1000,-1000
064562,友達群益9C購03  ,0,0,0,0,0,0,0,0,0,-1000,0,0,0,0,1000,-1000,-1000
064623,創意元大9C購04  ,0,0,0,0,0,0,0,0,0,-1000,0,0,0,38000,39000,-1000,-1000
064545,智邦凱基9C購02  ,0,0,0,0,0,0,0,0,0,-1000,0,0,0,0,1000,-1000,-1000
065156,可成群益01購02  ,0,0,0,0,0,0,0,0,0,-1000,0,0,0,0,1000,-1000,-1000
06491P,台積電富邦99售02,0,0,0,0,0,0,0,0,0,-1000,0,0,0,0,1000,-1000,-1000
064985,台表科元大9C購09,0,0,0,0,0,0,0,0,0,-1000,0,0,0,107000,108000,-1000,-1000
06501P,臺股指元大9A售06,0,0,0,0,0,0,0,0,0,-1000,0,0,0,0,1000,-1000,-1000
06527P,T50正2富邦9C售01,0,0,0,0,0,0,0,0,0,-1000,0,0,0,0,1000,-1000,-1000
065211,世芯國票01購03  ,0,0,0,0,0,0,0,0,0,-1000,0,0,0,0,1000,-1000,-1000
065238,聯茂凱基02購01  ,0,0,0,0,0,0,0,0,0,-1000,0,0,0,1000,2000,-1000,-1000
065407,世紀鋼富邦01購01,0,0,0,0,0,0,0,0,0,-1000,0,0,0,0,1000,-1000,-1000
6625,必應            ,4000,6000,-2000,0,0,0,0,0,0,1000,1000,0,1000,0,0,0,-1000
6581,鋼聯            ,2000,3000,-1000,0,0,0,0,0,0,0,0,0,0,0,0,0,-1000
6431,光麗-KY         ,0,1000,-1000,0,0,0,0,0,0,0,0,0,0,0,0,0,-1000
9918,欣天然          ,0,1000,-1000,0,0,0,0,0,0,0,0,0,0,0,0,0,-1000
8442,威宏-KY         ,0,1000,-1000,0,0,0,0,0,0,0,0,0,0,0,0,0,-1000
8427,基勝-KY         ,0,1000,-1000,0,0,0,0,0,0,0,0,0,0,0,0,0,-1000
4764,雙鍵            ,0,1000,-1000,0,0,0,0,0,0,0,0,0,0,0,0,0,-1000
4562,穎漢            ,2000,4000,-2000,0,0,0,0,0,0,1000,1000,0,1000,0,0,0,-1000
6141,柏承            ,128000,129000,-1000,0,0,0,0,0,0,0,0,0,0,0,0,0,-1000
2851,中再保          ,5000,6000,-1000,0,0,0,0,0,0,0,0,0,0,0,0,0,-1000
2482,連宇            ,100000,101000,-1000,0,0,0,0,0,0,0,1000,1000,0,0,0,0,-1000
3701,大眾控          ,0,1000,-1000,0,0,0,0,0,0,0,0,0,0,0,0,0,-1000
2910,統領            ,0,1000,-1000,0,0,0,0,0,0,0,0,0,0,0,0,0,-1000
3130,一零四          ,0,1000,-1000,0,0,0,0,0,0,0,0,0,0,0,0,0,-1000
1463,強盛            ,7000,7000,0,0,0,0,0,0,0,-1000,0,1000,-1000,0,0,0,-1000
1438,裕豐            ,0,2000,-2000,0,0,0,0,0,0,1000,1000,0,1000,0,0,0,-1000
1449,佳和            ,77000,78000,-1000,0,0,0,0,0,0,0,0,0,0,0,0,0,-1000
1735,日勝化          ,1000,2000,-1000,0,0,0,0,0,0,0,0,0,0,0,0,0,-1000
1776,展宇            ,1000,2000,-1000,0,0,0,0,0,0,0,0,0,0,0,0,0,-1000
2115,六暉-KY         ,0,1000,-1000,0,0,0,0,0,0,0,0,0,0,0,0,0,-1000
2243,宏旭-KY         ,1000,2000,-1000,0,0,0,0,0,0,0,0,0,0,0,0,0,-1000
1234,黑松            ,10226,12000,-1774,0,0,0,0,0,0,0,0,0,0,0,0,0,-1774
08750P,台灣50群益01售04,0,0,0,0,0,0,0,0,0,-2000,0,0,0,0,2000,-2000,-2000
08723P,臺股指元大01售04,0,0,0,0,0,0,0,0,0,-2000,0,0,0,0,2000,-2000,-2000
08689P,高股息中信01售01,0,0,0,0,0,0,0,0,0,-2000,0,0,0,0,2000,-2000,-2000
08652P,鴻海群益9C售09  ,0,0,0,0,0,0,0,0,0,-2000,0,0,0,19000,21000,-2000,-2000
08077P,亞德客國票9B售02,0,0,0,0,0,0,0,0,0,-2000,0,0,0,58000,60000,-2000,-2000
08105P,景碩元大9B售01  ,0,0,0,0,0,0,0,0,0,-2000,0,0,0,22000,24000,-2000,-2000
08221P,台表科凱基9B售05,0,0,0,0,0,0,0,0,0,-2000,0,0,0,68000,70000,-2000,-2000
08280P,臺股指中信02售01,0,0,0,0,0,0,0,0,0,-2000,0,0,0,0,2000,-2000,-2000
08301P,台積電兆豐9C售02,0,0,0,0,0,0,0,0,0,-2000,0,0,0,4000,6000,-2000,-2000
08442P,臺股指麥證01售01,0,0,0,3000,5000,-2000,0,0,0,-2000,0,0,0,3000,5000,-2000,-2000
08394P,大立光群益9C售05,0,0,0,0,0,0,0,0,0,-2000,0,0,0,4000,6000,-2000,-2000
08410P,臺股指元大9C售16,0,0,0,0,0,0,0,0,0,-2000,0,0,0,3000,5000,-2000,-2000
07787P,國巨凱基9A售17  ,0,0,0,0,0,0,0,0,0,-2000,0,0,0,0,2000,-2000,-2000
07728P,臺股指凱基9A售20,0,0,0,0,0,0,0,0,0,-2000,0,0,0,5000,7000,-2000,-2000
07702P,台積電中信9A售06,0,0,0,0,0,0,0,0,0,-2000,0,0,0,0,2000,-2000,-2000
07245P,台積電凱基99售16,0,0,0,0,0,0,0,0,0,-2000,0,0,0,0,2000,-2000,-2000
07233P,台灣50元大99售04,0,0,0,0,0,0,0,0,0,-2000,0,0,0,0,2000,-2000,-2000
07083P,台積電統一9A售06,0,0,0,0,0,0,0,0,0,-2000,0,0,0,0,2000,-2000,-2000
07202P,台灣50凱基9C售04,0,0,0,0,0,0,0,0,0,-2000,0,0,0,0,2000,-2000,-2000
07058P,台積電凱基9A售07,0,0,0,0,0,0,0,0,0,-2000,0,0,0,0,2000,-2000,-2000
066691,京元電台新01購01,0,0,0,0,0,0,0,0,0,-2000,0,0,0,0,2000,-2000,-2000
066478,鴻海元富07購02  ,0,0,0,0,0,0,0,0,0,-2000,0,0,0,0,2000,-2000,-2000
06658P,台灣50富邦9C售01,0,0,0,0,0,0,0,0,0,-2000,0,0,0,27000,29000,-2000,-2000
066520,大立光第一01購01,0,0,0,0,0,0,0,0,0,-2000,0,0,0,0,2000,-2000,-2000
065802,義隆群益9C購05  ,0,0,0,0,0,0,0,0,0,-2000,0,0,0,35000,37000,-2000,-2000
065574,創意群益9C購04  ,0,0,0,0,0,0,0,0,0,-2000,0,0,0,0,2000,-2000,-2000
065855,瀚宇博元大9C購03,0,0,0,0,0,0,0,0,0,-2000,0,0,0,517000,519000,-2000,-2000
066045,聯發科元大01購08,0,0,0,0,0,0,0,0,0,-2000,0,0,0,43000,45000,-2000,-2000
060946,世紀鋼國票9A購02,0,0,0,0,0,0,0,0,0,-2000,0,0,0,166000,168000,-2000,-2000
061658,聯茂富邦9A購03  ,0,0,0,0,0,0,0,0,0,-2000,0,0,0,0,2000,-2000,-2000
056843,冠德元富98購01  ,0,0,0,0,0,0,0,0,0,-2000,0,0,0,0,2000,-2000,-2000
056900,可成元大98購02  ,0,0,0,0,0,0,0,0,0,-2000,0,0,0,0,2000,-2000,-2000
058376,貿聯凱基9A購01  ,0,0,0,0,0,0,0,0,0,-2000,0,0,0,10000,12000,-2000,-2000
058230,國巨元大99購11  ,0,0,0,0,0,0,0,0,0,-2000,0,0,0,1000,3000,-2000,-2000
057955,技嘉元大98購07  ,0,0,0,0,0,0,0,0,0,-2000,0,0,0,0,2000,-2000,-2000
054532,強茂國泰98購01  ,0,0,0,0,0,0,0,0,0,-2000,0,0,0,15000,17000,-2000,-2000
057078,國巨統一9A購02  ,0,0,0,0,0,0,0,0,0,-2000,0,0,0,0,2000,-2000,-2000
057116,鴻海日盛9A購01  ,0,0,0,0,0,0,0,0,0,-2000,0,0,0,499000,501000,-2000,-2000
054811,裕隆元大9A購01  ,0,0,0,0,0,0,0,0,0,-2000,0,0,0,0,2000,-2000,-2000
056092,亞德客元富97購02,0,0,0,0,0,0,0,0,0,-2000,0,0,0,0,2000,-2000,-2000
03675C,臺股指元大04牛02,0,0,0,0,0,0,0,0,0,-2000,0,0,0,0,2000,-2000,-2000
055714,智邦元大97購03  ,0,0,0,0,0,0,0,0,0,-2000,0,0,0,0,2000,-2000,-2000
03022X,富展01          ,0,0,0,0,0,0,0,0,0,-2000,0,0,0,0,2000,-2000,-2000
03033X,元展30          ,0,0,0,0,0,0,0,0,0,-2000,0,0,0,9000,11000,-2000,-2000
03052X,元展49          ,0,0,0,0,0,0,0,0,0,-2000,0,0,0,0,2000,-2000,-2000
052755,滬深2X群益9A購01,0,0,0,0,0,0,0,0,0,-2000,0,0,0,0,2000,-2000,-2000
052424,泰碩國票97購01  ,0,0,0,0,0,0,0,0,0,-2000,0,0,0,0,2000,-2000,-2000
0057,富邦摩台        ,0,0,0,0,0,0,0,0,0,-2000,0,0,0,20000,22000,-2000,-2000
01002T,土銀國泰R1      ,0,2000,-2000,0,0,0,0,0,0,0,0,0,0,0,0,0,-2000
01003T,兆豐新光R1      ,0,2000,-2000,0,0,0,0,0,0,0,0,0,0,0,0,0,-2000
062678,華通統一9C購04  ,0,0,0,0,0,0,0,0,0,-2000,0,0,0,0,2000,-2000,-2000
062452,A50正2群益01購04,0,0,0,0,0,0,0,0,0,-2000,0,0,0,10000,12000,-2000,-2000
059905,A50正2元大9C購06,0,0,0,0,0,0,0,0,0,-2000,0,0,0,0,2000,-2000,-2000
05892P,大立光中信98售03,0,0,0,0,0,0,0,0,0,-2000,0,0,0,0,2000,-2000,-2000
059499,滬深2X元富9C購07,0,0,0,0,0,0,0,0,0,-2000,0,0,0,0,2000,-2000,-2000
060449,元金2X元大9A購02,0,0,0,0,0,0,0,0,0,-2000,0,0,0,0,2000,-2000,-2000
060464,台積電元大9A購11,0,0,0,0,0,0,0,0,0,-2000,0,0,0,0,2000,-2000,-2000
058512,宏達電元大99購04,0,0,0,0,0,0,0,0,0,-2000,0,0,0,1000,3000,-2000,-2000
061154,可成群益9B購04  ,0,0,0,0,0,0,0,0,0,-2000,0,0,0,0,2000,-2000,-2000
061170,南茂兆豐9B購01  ,0,0,0,0,0,0,0,0,0,-2000,0,0,0,15000,17000,-2000,-2000
061144,玉晶光中信9B購02,0,0,0,0,0,0,0,0,0,-2000,0,0,0,2000,4000,-2000,-2000
060961,台光電凱基9A購03,0,0,0,0,0,0,0,0,0,-2000,0,0,0,0,2000,-2000,-2000
060980,台積電元大9A購21,0,0,0,0,0,0,0,0,0,-2000,0,0,0,0,2000,-2000,-2000
060981,旺宏元大9A購08  ,0,0,0,0,0,0,0,0,0,-2000,0,0,0,0,2000,-2000,-2000
061497,大立光國票9A購09,0,0,0,0,0,0,0,0,0,-2000,0,0,0,0,2000,-2000,-2000
061555,聯電國票9B購01  ,0,0,0,0,0,0,0,0,0,-2000,0,0,0,33000,35000,-2000,-2000
061598,南電永豐9A購04  ,0,0,0,0,0,0,0,0,0,-2000,0,0,0,0,2000,-2000,-2000
058956,健策國票9A購02  ,0,0,0,0,0,0,0,0,0,-2000,0,0,0,0,2000,-2000,-2000
061263,微星凱基9A購01  ,0,0,0,0,0,0,0,0,0,-2000,0,0,0,30000,32000,-2000,-2000
062034,同欣電群益9B購01,0,0,0,0,0,0,0,0,0,-2000,0,0,0,62000,64000,-2000,-2000
059344,長榮航凱基99購01,0,0,0,0,0,0,0,0,0,-2000,0,0,0,0,2000,-2000,-2000
062346,智邦群益9B購02  ,0,0,0,0,0,0,0,0,0,-2000,0,0,0,2000,4000,-2000,-2000
059371,聯鈞元富99購02  ,0,0,0,0,0,0,0,0,0,-2000,0,0,0,0,2000,-2000,-2000
058661,臺股指中信9C購01,0,0,0,0,0,0,0,0,0,-2000,0,0,0,0,2000,-2000,-2000
062144,華通國票9B購01  ,0,0,0,0,0,0,0,0,0,-2000,0,0,0,0,2000,-2000,-2000
061935,台積電國票9B購07,0,0,0,0,0,0,0,0,0,-2000,0,0,0,0,2000,-2000,-2000
061834,華新科凱基02購02,0,0,0,0,0,0,0,0,0,-2000,0,0,0,0,2000,-2000,-2000
061760,臺指反元大01購06,0,0,0,0,0,0,0,0,0,-2000,0,0,0,0,2000,-2000,-2000
061764,旺宏元大9B購01  ,0,0,0,0,0,0,0,0,0,-2000,0,0,0,0,2000,-2000,-2000
065283,台積電群益01購01,0,0,0,0,0,0,0,0,0,-2000,0,0,0,0,2000,-2000,-2000
065354,金像電元富03購01,0,0,0,0,0,0,0,0,0,-2000,0,0,0,2000,4000,-2000,-2000
065182,南電元大9C購05  ,0,0,0,0,0,0,0,0,0,-2000,0,0,0,0,2000,-2000,-2000
064405,美食凱基01購02  ,0,0,0,0,0,0,0,0,0,-2000,0,0,0,0,2000,-2000,-2000
064390,台塑永豐9C購01  ,0,0,0,0,0,0,0,0,0,-2000,0,0,0,0,2000,-2000,-2000
064106,國巨兆豐9C購04  ,0,0,0,0,0,0,0,0,0,-2000,0,0,0,0,2000,-2000,-2000
063859,國巨國泰01購03  ,0,0,0,0,0,0,0,0,0,-2000,0,0,0,30000,32000,-2000,-2000
063761,嘉澤統一02購01  ,0,0,0,0,0,0,0,0,0,-2000,0,0,0,233000,235000,-2000,-2000
063636,聯發科元大9B購26,0,0,0,0,0,0,0,0,0,-2000,0,0,0,0,2000,-2000,-2000
063178,聯發科兆豐9B購04,0,0,0,0,0,0,0,0,0,-2000,0,0,0,0,2000,-2000,-2000
062870,亞德客兆豐9C購01,0,0,0,0,0,0,0,0,0,-2000,0,0,0,0,2000,-2000,-2000
06287P,臺股指國票97售01,0,0,0,0,0,0,0,0,0,-2000,0,0,0,0,2000,-2000,-2000
062895,道瓊銀元大9C購01,0,0,0,0,0,0,0,0,0,-2000,0,0,0,0,2000,-2000,-2000
062995,聚陽國票9C購01  ,0,0,0,0,0,0,0,0,0,-2000,0,0,0,0,2000,-2000,-2000
062950,貿聯富邦01購01  ,0,0,0,0,0,0,0,0,0,-2000,0,0,0,0,2000,-2000,-2000
063036,聯發科凱基9B購11,0,0,0,0,0,0,0,0,0,-2000,0,0,0,0,2000,-2000,-2000
063512,聯發科麥證9B購02,0,0,0,0,2000,-2000,0,0,0,-2000,0,0,0,0,2000,-2000,-2000
063386,國巨兆豐9B購04  ,0,0,0,0,0,0,0,0,0,-2000,0,0,0,0,2000,-2000,-2000
063366,台表科富邦9C購02,0,0,0,0,0,0,0,0,0,-2000,0,0,0,0,2000,-2000,-2000
1727,中華化          ,8000,15000,-7000,0,0,0,0,0,0,5000,5000,0,5000,0,0,0,-2000
3593,力銘            ,0,2000,-2000,0,0,0,0,0,0,0,0,0,0,0,0,0,-2000
3305,昇貿            ,2000,4000,-2000,0,0,0,0,0,0,0,0,0,0,0,0,0,-2000
2540,愛山林          ,0,2000,-2000,0,0,0,0,0,0,0,0,0,0,0,0,0,-2000
2727,王品            ,34000,37000,-3000,0,0,0,0,0,0,1000,1000,0,1000,0,0,0,-2000
2712,遠雄來          ,0,2000,-2000,0,0,0,0,0,0,0,0,0,0,0,0,0,-2000
4555,氣立            ,4000,6000,-2000,0,0,0,0,0,0,0,0,0,0,0,0,0,-2000
4571,鈞興-KY         ,4000,6000,-2000,0,0,0,0,0,0,0,0,0,0,0,0,0,-2000
8467,波力-KY         ,0,2000,-2000,0,0,0,0,0,0,0,0,0,0,0,0,0,-2000
8481,政伸            ,0,2000,-2000,0,0,0,0,0,0,0,0,0,0,0,0,0,-2000
8940,新天地          ,7000,9000,-2000,0,0,0,0,0,0,0,0,0,0,0,0,0,-2000
6464,台數科          ,0,2000,-2000,0,0,0,0,0,0,0,0,0,0,0,0,0,-2000
9942,茂順            ,1000,3000,-2000,0,0,0,0,0,0,0,0,0,0,0,0,0,-2000
065914,智邦凱基02購03  ,0,0,0,0,0,0,0,0,0,-3000,0,0,0,15000,18000,-3000,-3000
065559,超眾凱基9C購03  ,0,0,0,0,0,0,0,0,0,-3000,0,0,0,70000,73000,-3000,-3000
066729,台積電元大01購16,0,0,0,0,0,0,0,0,0,-3000,0,0,0,0,3000,-3000,-3000
066391,國巨凱基01購04  ,0,0,0,0,0,0,0,0,0,-3000,0,0,0,0,3000,-3000,-3000
066427,牧德元大02購03  ,0,0,0,0,0,0,0,0,0,-3000,0,0,0,100000,103000,-3000,-3000
06922P,元上證群益9C售01,0,0,0,0,0,0,0,0,0,-3000,0,0,0,0,3000,-3000,-3000
06977P,臺股指元大9A售15,0,0,0,0,0,0,0,0,0,-3000,0,0,0,0,3000,-3000,-3000
07181P,臺股指凱基99售23,0,0,0,0,0,0,0,0,0,-3000,0,0,0,0,3000,-3000,-3000
07187P,臺股指台新99售10,0,0,0,0,0,0,0,0,0,-3000,0,0,0,0,3000,-3000,-3000
07269P,台灣50元大01售08,0,0,0,0,0,0,0,0,0,-3000,0,0,0,0,3000,-3000,-3000
07758P,台積電國票9A售06,0,0,0,0,0,0,0,0,0,-3000,0,0,0,0,3000,-3000,-3000
07574P,國巨元大9A售12  ,0,0,0,0,0,0,0,0,0,-3000,0,0,0,0,3000,-3000,-3000
08055P,臺股指國票9B售20,0,0,0,0,0,0,0,0,0,-3000,0,0,0,57000,60000,-3000,-3000
08688P,台灣50中信04售02,0,0,0,0,0,0,0,0,0,-3000,0,0,0,0,3000,-3000,-3000
1110,東泥            ,0,3000,-3000,0,0,0,0,0,0,0,0,0,0,0,0,0,-3000
00774C,新光中政金綠債+R,0,0,0,0,0,0,0,0,0,-3000,0,0,0,0,3000,-3000,-3000
00662,富邦NASDAQ      ,0,0,0,0,0,0,0,0,0,-3000,0,0,0,146000,149000,-3000,-3000
052731,宏達電國泰98購01,0,0,0,0,0,0,0,0,0,-3000,0,0,0,0,3000,-3000,-3000
051508,元黃金中信97購01,0,0,0,0,0,0,0,0,0,-3000,0,0,0,0,3000,-3000,-3000
05589P,大立光中信9A售01,0,0,0,0,0,0,0,0,0,-3000,0,0,0,0,3000,-3000,-3000
054821,貿聯元大9A購01  ,0,0,0,0,0,0,0,0,0,-3000,0,0,0,0,3000,-3000,-3000
054425,聯發科富邦99購03,0,0,0,0,0,0,0,0,0,-3000,0,0,0,97000,100000,-3000,-3000
058102,楠梓電永豐98購04,0,0,0,0,0,0,0,0,0,-3000,0,0,0,0,3000,-3000,-3000
057133,京鼎凱基98購02  ,0,0,0,0,0,0,0,0,0,-3000,0,0,0,96000,99000,-3000,-3000
057180,華新科元大99購08,0,0,0,0,0,0,0,0,0,-3000,0,0,0,0,3000,-3000,-3000
057971,華新科富邦9B購02,0,0,0,0,0,0,0,0,0,-3000,0,0,0,22000,25000,-3000,-3000
057834,聯發科元富02購07,0,0,0,0,0,0,0,0,0,-3000,0,0,0,2000,5000,-3000,-3000
058245,訊連元大99購01  ,0,0,0,0,0,0,0,0,0,-3000,0,0,0,30000,33000,-3000,-3000
058271,訊連永豐99購01  ,0,0,0,0,0,0,0,0,0,-3000,0,0,0,0,3000,-3000,-3000
057580,玉山金中信9A購01,0,0,0,0,0,0,0,0,0,-3000,0,0,0,0,3000,-3000,-3000
057603,樺漢群益98購02  ,0,0,0,0,0,0,0,0,0,-3000,0,0,0,40000,43000,-3000,-3000
056407,嘉晶國票99購01  ,0,0,0,0,0,0,0,0,0,-3000,0,0,0,0,3000,-3000,-3000
057367,技嘉元大98購02  ,0,0,0,0,0,0,0,0,0,-3000,0,0,0,3000,6000,-3000,-3000
056903,大立光元大99購04,0,0,0,0,0,0,0,0,0,-3000,0,0,0,5000,8000,-3000,-3000
056651,聯茂凱基98購04  ,0,0,0,0,0,0,0,0,0,-3000,0,0,0,7000,10000,-3000,-3000
056825,深中小富邦9B購01,0,0,0,0,0,0,0,0,0,-3000,0,0,0,0,3000,-3000,-3000
056826,A50正2富邦9B購02,0,0,0,0,0,0,0,0,0,-3000,0,0,0,0,3000,-3000,-3000
061324,華新科凱基9C購01,0,0,0,0,0,0,0,0,0,-3000,0,0,0,0,3000,-3000,-3000
062181,義隆元大9B購03  ,0,0,0,0,0,0,0,0,0,-3000,0,0,0,1000,4000,-3000,-3000
062279,晶豪科群益9B購01,0,0,0,0,0,0,0,0,0,-3000,0,0,0,229000,232000,-3000,-3000
062066,元黃金元大9B購01,0,0,0,0,0,0,0,0,0,-3000,0,0,0,0,3000,-3000,-3000
061262,智邦凱基9A購02  ,0,0,0,0,0,0,0,0,0,-3000,0,0,0,2000,5000,-3000,-3000
061255,道瓊反凱基9C購01,0,0,0,0,0,0,0,0,0,-3000,0,0,0,0,3000,-3000,-3000
061020,超眾國票9A購02  ,0,0,0,0,0,0,0,0,0,-3000,0,0,0,0,3000,-3000,-3000
061015,旺宏麥證9A購03  ,0,0,0,0,3000,-3000,0,0,0,-3000,0,0,0,0,3000,-3000,-3000
059114,華新科永豐99購05,0,0,0,0,0,0,0,0,0,-3000,0,0,0,0,3000,-3000,-3000
060190,國泰金元富9A購01,0,0,0,0,0,0,0,0,0,-3000,0,0,0,4000,7000,-3000,-3000
061215,健策元大9A購06  ,0,0,0,0,0,0,0,0,0,-3000,0,0,0,43000,46000,-3000,-3000
059208,SGBR2X元大99購02,0,0,0,0,0,0,0,0,0,-3000,0,0,0,0,3000,-3000,-3000
059157,元石油凱基9C購01,0,0,0,0,0,0,0,0,0,-3000,0,0,0,0,3000,-3000,-3000
060431,復盛永豐9A購01  ,0,0,0,0,0,0,0,0,0,-3000,0,0,0,0,3000,-3000,-3000
05889P,群創元大98售02  ,0,0,0,0,0,0,0,0,0,-3000,0,0,0,0,3000,-3000,-3000
058833,台表科永豐99購01,0,0,0,0,0,0,0,0,0,-3000,0,0,0,20000,23000,-3000,-3000
059968,世紀鋼凱基99購03,0,0,0,0,0,0,0,0,0,-3000,0,0,0,0,3000,-3000,-3000
059719,台積電元大99購42,0,0,0,0,0,0,0,0,0,-3000,0,0,0,0,3000,-3000,-3000
062597,世紀鋼統一01購01,0,0,0,0,0,0,0,0,0,-3000,0,0,0,501000,504000,-3000,-3000
062603,台化凱基9B購01  ,0,0,0,0,0,0,0,0,0,-3000,0,0,0,0,3000,-3000,-3000
062548,智易永豐9B購01  ,0,0,0,0,0,0,0,0,0,-3000,0,0,0,0,3000,-3000,-3000
062572,元金反群益9C購01,0,0,0,0,0,0,0,0,0,-3000,0,0,0,0,3000,-3000,-3000
062808,祥碩統一9C購01  ,0,0,0,0,0,0,0,0,0,-3000,0,0,0,0,3000,-3000,-3000
062804,玉晶光統一9C購04,0,0,0,0,0,0,0,0,0,-3000,0,0,0,1000,4000,-3000,-3000
062739,嘉晶國票9B購02  ,0,0,0,0,0,0,0,0,0,-3000,0,0,0,15000,18000,-3000,-3000
062763,華擎凱基9C購02  ,0,0,0,0,0,0,0,0,0,-3000,0,0,0,62000,65000,-3000,-3000
063330,神達國票9C購01  ,0,0,0,0,0,0,0,0,0,-3000,0,0,0,0,3000,-3000,-3000
06345P,臺股指統一9A售01,0,0,0,0,0,0,0,0,0,-3000,0,0,0,0,3000,-3000,-3000
063012,技嘉元大9B購01  ,0,0,0,0,0,0,0,0,0,-3000,0,0,0,0,3000,-3000,-3000
063197,遠東新統一9C購01,0,0,0,0,0,0,0,0,0,-3000,0,0,0,0,3000,-3000,-3000
063873,南六永豐9C購01  ,0,0,0,0,0,0,0,0,0,-3000,0,0,0,5000,8000,-3000,-3000
063848,大立光元大9C購09,0,0,0,0,0,0,0,0,0,-3000,0,0,0,0,3000,-3000,-3000
06449P,台積電元大98售09,0,0,0,0,0,0,0,0,0,-3000,0,0,0,0,3000,-3000,-3000
064861,緯創富邦9C購01  ,0,0,0,0,0,0,0,0,0,-3000,0,0,0,0,3000,-3000,-3000
064800,鴻海元大9C購12  ,0,0,0,0,0,0,0,0,0,-3000,0,0,0,37000,40000,-3000,-3000
065311,TPK國票01購03   ,0,0,0,0,0,0,0,0,0,-3000,0,0,0,40000,43000,-3000,-3000
065245,國泰金兆豐9C購01,0,0,0,0,0,0,0,0,0,-3000,0,0,0,105000,108000,-3000,-3000
9931,欣高            ,0,3000,-3000,0,0,0,0,0,0,0,0,0,0,0,0,0,-3000
9925,新保            ,13000,15000,-2000,0,0,0,0,0,0,-1000,0,1000,-1000,0,0,0,-3000
8070,長華*           ,7000,10000,-3000,0,0,0,0,0,0,0,0,0,0,0,0,0,-3000
8114,振樺電          ,0,3000,-3000,0,0,0,0,0,0,0,0,0,0,0,0,0,-3000
4737,華廣            ,8000,12000,-4000,0,0,0,0,0,0,1000,1000,0,1000,0,0,0,-3000
3229,晟鈦            ,3000,6000,-3000,0,0,0,0,0,0,0,0,0,0,0,0,0,-3000
1724,台硝            ,0,3000,-3000,0,0,0,0,0,0,0,0,0,0,0,0,0,-3000
1725,元禎            ,0,3000,-3000,0,0,0,0,0,0,0,0,0,0,0,0,0,-3000
1468,昶和            ,0,3000,-3000,0,0,0,0,0,0,0,0,0,0,0,0,0,-3000
1530,亞崴            ,0,4000,-4000,0,0,0,0,0,0,1000,1000,0,1000,0,0,0,-3000
1583,程泰            ,0,3000,-3000,0,0,0,0,0,0,0,0,0,0,0,0,0,-3000
2450,神腦            ,8000,11000,-3000,0,0,0,0,0,0,0,0,0,0,0,0,0,-3000
1219,福壽            ,18000,22000,-4000,0,0,0,0,0,0,0,0,0,0,0,0,0,-4000
08613P,同欣電凱基9C售04,0,0,0,0,0,0,0,0,0,-4000,0,0,0,15000,19000,-4000,-4000
08504P,臺股指國票9C售06,0,0,0,0,0,0,0,0,0,-4000,0,0,0,0,4000,-4000,-4000
07931P,國巨元大9B售03  ,0,0,0,0,0,0,0,0,0,-4000,0,0,0,0,4000,-4000,-4000
07517P,台積電元大9A售17,0,0,0,0,0,0,0,0,0,-4000,0,0,0,0,4000,-4000,-4000
07538P,玉晶光元富9A售05,0,0,0,0,0,0,0,0,0,-4000,0,0,0,0,4000,-4000,-4000
07470P,國巨元大9A售06  ,0,0,0,0,0,0,0,0,0,-4000,0,0,0,0,4000,-4000,-4000
07754P,日月光元大9A售02,0,0,0,0,0,0,0,0,0,-4000,0,0,0,1000,5000,-4000,-4000
07667P,亞德客元大9A售05,0,0,0,0,0,0,0,0,0,-4000,0,0,0,29000,33000,-4000,-4000
07151P,台灣50統一9B售04,0,0,0,0,0,0,0,0,0,-4000,0,0,0,0,4000,-4000,-4000
07129P,華新科元大99售14,0,0,0,0,0,0,0,0,0,-4000,0,0,0,40000,44000,-4000,-4000
07065P,臺股指元大9A售26,0,0,0,0,0,0,0,0,0,-4000,0,0,0,31000,35000,-4000,-4000
066299,潤泰新元大01購01,0,0,0,0,0,0,0,0,0,-4000,0,0,0,16000,20000,-4000,-4000
06682P,玉晶光元大99售08,0,0,0,0,0,0,0,0,0,-4000,0,0,0,0,4000,-4000,-4000
066647,聯發科麥證01購04,0,0,0,0,4000,-4000,0,0,0,-4000,0,0,0,0,4000,-4000,-4000
065513,旺宏群益9C購05  ,0,0,0,0,0,0,0,0,0,-4000,0,0,0,0,4000,-4000,-4000
065785,奇力新永豐9C購02,0,0,0,0,0,0,0,0,0,-4000,0,0,0,45000,49000,-4000,-4000
065928,創意國票02購01  ,0,0,0,0,0,0,0,0,0,-4000,0,0,0,97000,101000,-4000,-4000
065937,大毅群益02購01  ,0,0,0,0,0,0,0,0,0,-4000,0,0,0,37000,41000,-4000,-4000
066002,健策國票02購01  ,0,0,0,0,0,0,0,0,0,-4000,0,0,0,46000,50000,-4000,-4000
065988,晶技永豐01購01  ,0,0,0,0,0,0,0,0,0,-4000,0,0,0,36000,40000,-4000,-4000
060905,台積電元大9A購20,0,0,0,0,0,0,0,0,0,-4000,0,0,0,0,4000,-4000,-4000
056590,樺漢統一9A購01  ,0,0,0,0,0,0,0,0,0,-4000,0,0,0,17000,21000,-4000,-4000
057329,緯穎群益98購02  ,0,0,0,0,0,0,0,0,0,-4000,0,0,0,11000,15000,-4000,-4000
057636,上銀元大98購06  ,0,0,0,0,0,0,0,0,0,-4000,0,0,0,56000,60000,-4000,-4000
057904,矽力永豐98購01  ,0,0,0,0,0,0,0,0,0,-4000,0,0,0,5000,9000,-4000,-4000
057907,台達電亞東99購01,0,0,0,0,0,0,0,0,0,-4000,0,0,0,0,4000,-4000,-4000
057892,上証2X元富02購01,0,0,0,0,0,0,0,0,0,-4000,0,0,0,0,4000,-4000,-4000
055949,亞德客元大97購04,0,0,0,0,0,0,0,0,0,-4000,0,0,0,0,4000,-4000,-4000
052738,聯電元大98購02  ,0,0,0,0,0,0,0,0,0,-4000,0,0,0,0,4000,-4000,-4000
006203,元大MSCI台灣    ,0,0,0,0,0,0,0,0,0,-4000,0,0,0,4000,8000,-4000,-4000
00645,富邦日本        ,0,0,0,0,0,0,0,0,0,-4000,0,0,0,190000,194000,-4000,-4000
00770,國泰北美科技    ,1000,0,1000,0,0,0,0,0,0,-5000,0,0,0,48000,53000,-5000,-4000
062446,聯詠元大9B購02  ,0,0,0,0,0,0,0,0,0,-4000,0,0,0,24000,28000,-4000,-4000
062434,華通元大9B購04  ,0,0,0,0,0,0,0,0,0,-4000,0,0,0,27000,31000,-4000,-4000
060523,鴻海中信9C購03  ,0,0,0,0,0,0,0,0,0,-4000,0,0,0,0,4000,-4000,-4000
060736,旺宏統一01購01  ,0,0,0,0,0,0,0,0,0,-4000,0,0,0,10000,14000,-4000,-4000
059677,大立光台新99購01,0,0,0,0,0,0,0,0,0,-4000,0,0,0,0,4000,-4000,-4000
060059,鴻海兆豐99購06  ,0,0,0,0,0,0,0,0,0,-4000,0,0,0,49000,53000,-4000,-4000
059223,大立光元大99購14,0,0,0,0,0,0,0,0,0,-4000,0,0,0,0,4000,-4000,-4000
061023,茂林國泰9B購02  ,0,0,0,0,0,0,0,0,0,-4000,0,0,0,2000,6000,-4000,-4000
061507,南電國票9A購05  ,0,0,0,0,0,0,0,0,0,-4000,0,0,0,24000,28000,-4000,-4000
061505,力成國票9A購03  ,0,0,0,0,0,0,0,0,0,-4000,0,0,0,0,4000,-4000,-4000
061109,臻鼎元大9A購03  ,0,0,0,0,0,0,0,0,0,-4000,0,0,0,20000,24000,-4000,-4000
061987,大立光元大9B購03,0,0,0,0,0,0,0,0,0,-4000,0,0,0,0,4000,-4000,-4000
061770,泰碩元大9B購02  ,0,0,0,0,0,0,0,0,0,-4000,0,0,0,0,4000,-4000,-4000
062209,台積電台新9B購05,0,0,0,0,0,0,0,0,0,-4000,0,0,0,0,4000,-4000,-4000
061813,鴻海群益9B購02  ,0,0,0,0,0,0,0,0,0,-4000,0,0,0,34000,38000,-4000,-4000
065470,聚陽元大01購01  ,0,0,0,0,0,0,0,0,0,-4000,0,0,0,0,4000,-4000,-4000
065062,亞光群益9C購01  ,0,0,0,0,0,0,0,0,0,-4000,0,0,0,222000,226000,-4000,-4000
064123,台積電元大9C購09,0,0,0,0,0,0,0,0,0,-4000,0,0,0,0,4000,-4000,-4000
063956,神達元大9C購01  ,0,0,0,0,0,0,0,0,0,-4000,0,0,0,69000,73000,-4000,-4000
063110,牧德兆豐9B購01  ,0,0,0,0,0,0,0,0,0,-4000,0,0,0,135000,139000,-4000,-4000
063364,聯發科富邦01購02,0,0,0,0,0,0,0,0,0,-4000,0,0,0,17000,21000,-4000,-4000
2433,互盛電          ,1000,5000,-4000,0,0,0,0,0,0,0,0,0,0,0,0,0,-4000
2429,銘旺科          ,9000,13000,-4000,0,0,0,0,0,0,0,0,0,0,0,0,0,-4000
3296,勝德            ,0,7000,-7000,0,0,0,0,0,0,3000,3000,0,3000,0,0,0,-4000
3679,新至陞          ,4000,8000,-4000,0,0,0,0,0,0,0,0,0,0,0,0,0,-4000
3054,立萬利          ,0,5000,-5000,0,0,0,0,0,0,1000,2000,1000,1000,0,0,0,-4000
2904,匯僑            ,0,4000,-4000,0,0,0,0,0,0,0,0,0,0,0,0,0,-4000
3021,鴻名            ,0,4000,-4000,0,0,0,0,0,0,0,0,0,0,0,0,0,-4000
2543,皇昌            ,0,4000,-4000,0,0,0,0,0,0,0,0,0,0,0,0,0,-4000
4557,永新-KY         ,0,5000,-5000,0,0,0,0,0,0,1000,1000,0,1000,0,0,0,-4000
065987,大毅永豐01購01  ,0,0,0,0,0,0,0,0,0,-5000,0,0,0,7000,12000,-5000,-5000
066066,鴻海凱基01購05  ,0,0,0,0,0,0,0,0,0,-5000,0,0,0,81000,86000,-5000,-5000
065956,緯創統一01購01  ,0,0,0,0,0,0,0,0,0,-5000,0,0,0,0,5000,-5000,-5000
065668,南亞科凱基9C購02,0,0,0,0,0,0,0,0,0,-5000,0,0,0,7000,12000,-5000,-5000
065528,FBVIX中信04購01 ,0,0,0,0,0,0,0,0,0,-5000,0,0,0,0,5000,-5000,-5000
066654,上証2X凱基03購02,0,0,0,0,0,0,0,0,0,-5000,0,0,0,0,5000,-5000,-5000
066671,TPK凱基02購02   ,0,0,0,0,0,0,0,0,0,-5000,0,0,0,0,5000,-5000,-5000
066676,A50正2兆豐03購01,0,0,0,0,0,0,0,0,0,-5000,0,0,0,0,5000,-5000,-5000
066606,聯詠永豐01購01  ,0,0,0,0,0,0,0,0,0,-5000,0,0,0,50000,55000,-5000,-5000
066613,燿華麥證01購01  ,0,0,0,15000,20000,-5000,0,0,0,-5000,0,0,0,15000,20000,-5000,-5000
06691P,臺股指群益9C售05,0,0,0,0,0,0,0,0,0,-5000,0,0,0,0,5000,-5000,-5000
066767,敦泰永豐01購02  ,0,0,0,0,0,0,0,0,0,-5000,0,0,0,0,5000,-5000,-5000
066744,和碩元大01購02  ,0,0,0,0,0,0,0,0,0,-5000,0,0,0,0,5000,-5000,-5000
066546,鴻海元大01購10  ,0,0,0,0,0,0,0,0,0,-5000,0,0,0,24000,29000,-5000,-5000
066560,聯鈞元大01購04  ,0,0,0,0,0,0,0,0,0,-5000,0,0,0,9000,14000,-5000,-5000
066508,世紀鋼富邦03購01,0,0,0,0,0,0,0,0,0,-5000,0,0,0,15000,20000,-5000,-5000
066211,瑞祺統一04購01  ,0,0,0,0,0,0,0,0,0,-5000,0,0,0,89000,94000,-5000,-5000
07052P,臺股指中信9C售02,0,0,0,0,0,0,0,0,0,-5000,0,0,0,0,5000,-5000,-5000
07033P,大立光統一9B售03,0,0,0,0,0,0,0,0,0,-5000,0,0,0,0,5000,-5000,-5000
06981P,台灣50麥證99售02,0,0,0,0,5000,-5000,0,0,0,-5000,0,0,0,0,5000,-5000,-5000
06919P,臺股指日盛98售02,0,0,0,0,0,0,0,0,0,-5000,0,0,0,15000,20000,-5000,-5000
06783P,亞光元大98售03  ,0,0,0,0,0,0,0,0,0,-5000,0,0,0,0,5000,-5000,-5000
06697P,台積電國票99售05,0,0,0,0,0,0,0,0,0,-5000,0,0,0,0,5000,-5000,-5000
07070P,晶相光元富99售01,0,0,0,0,0,0,0,0,0,-5000,0,0,0,0,5000,-5000,-5000
07161P,臺股指群益99售12,0,0,0,0,0,0,0,0,0,-5000,0,0,0,0,5000,-5000,-5000
07314P,T50正2元大9C售03,0,0,0,0,0,0,0,0,0,-5000,0,0,0,0,5000,-5000,-5000
07235P,T50正2元大9C售02,0,0,0,0,0,0,0,0,0,-5000,0,0,0,0,5000,-5000,-5000
07265P,大立光元大99售16,0,0,0,0,0,0,0,0,0,-5000,0,0,0,0,5000,-5000,-5000
07421P,國泰金元大99售01,0,0,0,0,0,0,0,0,0,-5000,0,0,0,0,5000,-5000,-5000
07404P,華新科凱基99售10,0,0,0,0,0,0,0,0,0,-5000,0,0,0,0,5000,-5000,-5000
07672P,南電元大9A售05  ,0,0,0,0,0,0,0,0,0,-5000,0,0,0,46000,51000,-5000,-5000
07807P,聯茂永豐9A售02  ,0,0,0,0,0,0,0,0,0,-5000,0,0,0,0,5000,-5000,-5000
07561P,玉晶光永豐9A售02,0,0,0,0,0,0,0,0,0,-5000,0,0,0,55000,60000,-5000,-5000
07623P,大立光統一9B售05,0,0,0,0,0,0,0,0,0,-5000,0,0,0,0,5000,-5000,-5000
07882P,台灣50凱基01售12,0,0,0,0,0,0,0,0,0,-5000,0,0,0,0,5000,-5000,-5000
07878P,智邦群益9C售01  ,0,0,0,0,0,0,0,0,0,-5000,0,0,0,10000,15000,-5000,-5000
07849P,大立光群益9A售06,0,0,0,0,0,0,0,0,0,-5000,0,0,0,0,5000,-5000,-5000
07977P,華新科群益01售01,0,0,0,0,0,0,0,0,0,-5000,0,0,0,10000,15000,-5000,-5000
08495P,同欣電元大9C售08,0,0,0,0,0,0,0,0,0,-5000,0,0,0,0,5000,-5000,-5000
08574P,聯發科凱基02售04,0,0,0,0,0,0,0,0,0,-5000,0,0,0,5000,10000,-5000,-5000
08738P,TPK凱基01售02   ,0,0,0,0,0,0,0,0,0,-5000,0,0,0,0,5000,-5000,-5000
08708P,華通台新01售01  ,0,0,0,0,0,0,0,0,0,-5000,0,0,0,0,5000,-5000,-5000
08398P,台積電元富9C售04,0,0,0,0,0,0,0,0,0,-5000,0,0,0,0,5000,-5000,-5000
08465P,玉晶光兆豐01售02,0,0,0,0,0,0,0,0,0,-5000,0,0,0,0,5000,-5000,-5000
08304P,大立光中信02售01,0,0,0,0,0,0,0,0,0,-5000,0,0,0,0,5000,-5000,-5000
08182P,金像電永豐9B售01,0,0,0,0,0,0,0,0,0,-5000,0,0,0,0,5000,-5000,-5000
08114P,國巨凱基9B售11  ,0,0,0,0,0,0,0,0,0,-5000,0,0,0,0,5000,-5000,-5000
08128P,聯發科元大9B售22,0,0,0,0,0,0,0,0,0,-5000,0,0,0,0,5000,-5000,-5000
08138P,台灣50元大9B售25,0,0,0,0,0,0,0,0,0,-5000,0,0,0,15000,20000,-5000,-5000
00654R,富邦印度反1     ,25000,0,25000,0,0,0,0,0,0,-30000,0,0,0,1000,31000,-30000,-5000
056079,世紀鋼元大97購02,0,0,0,0,0,0,0,0,0,-5000,0,0,0,0,5000,-5000,-5000
056012,勤誠中信99購01  ,0,0,0,0,0,0,0,0,0,-5000,0,0,0,0,5000,-5000,-5000
053768,S&P反1元大99購01,0,0,0,0,0,0,0,0,0,-5000,0,0,0,0,5000,-5000,-5000
056120,聯茂群益97購02  ,0,0,0,0,0,0,0,0,0,-5000,0,0,0,0,5000,-5000,-5000
049790,滬深2X元大97購04,0,0,0,0,0,0,0,0,0,-5000,0,0,0,0,5000,-5000,-5000
03686P,大立光統一98售02,0,0,0,0,0,0,0,0,0,-5000,0,0,0,0,5000,-5000,-5000
058055,華擎統一9A購01  ,0,0,0,0,0,0,0,0,0,-5000,0,0,0,0,5000,-5000,-5000
058178,國巨國泰9A購02  ,0,0,0,0,0,0,0,0,0,-5000,0,0,0,0,5000,-5000,-5000
054808,東元元大9A購01  ,0,0,0,0,0,0,0,0,0,-5000,0,0,0,2000,7000,-5000,-5000
054931,緯穎凱基98購01  ,0,0,0,0,0,0,0,0,0,-5000,0,0,0,0,5000,-5000,-5000
055035,興勤富邦98購01  ,0,0,0,0,0,0,0,0,0,-5000,0,0,0,0,5000,-5000,-5000
054743,聯鈞凱基99購01  ,0,0,0,0,0,0,0,0,0,-5000,0,0,0,50000,55000,-5000,-5000
054756,世紀鋼凱基99購01,0,0,0,0,0,0,0,0,0,-5000,0,0,0,5000,10000,-5000,-5000
056291,聯茂永豐97購03  ,0,0,0,0,0,0,0,0,0,-5000,0,0,0,0,5000,-5000,-5000
057902,嘉晶永豐98購02  ,0,0,0,0,0,0,0,0,0,-5000,0,0,0,64000,69000,-5000,-5000
057968,可成國泰9A購01  ,0,0,0,0,0,0,0,0,0,-5000,0,0,0,5000,10000,-5000,-5000
057943,可成國票99購03  ,0,0,0,0,0,0,0,0,0,-5000,0,0,0,0,5000,-5000,-5000
057936,健策群益99購01  ,0,0,0,0,0,0,0,0,0,-5000,0,0,0,69000,74000,-5000,-5000
058317,國巨永豐99購02  ,0,0,0,0,0,0,0,0,0,-5000,0,0,0,0,5000,-5000,-5000
057649,嘉聯益元大99購04,0,0,0,0,0,0,0,0,0,-5000,0,0,0,28000,33000,-5000,-5000
057585,鴻海國票99購05  ,0,0,0,0,0,0,0,0,0,-5000,0,0,0,55000,60000,-5000,-5000
057346,鴻海統一98購13  ,0,0,0,0,0,0,0,0,0,-5000,0,0,0,54000,59000,-5000,-5000
057430,富邦金兆豐98購01,0,0,0,0,0,0,0,0,0,-5000,0,0,0,16000,21000,-5000,-5000
057369,奇力新元大99購05,0,0,0,0,0,0,0,0,0,-5000,0,0,0,0,5000,-5000,-5000
057390,台表科永豐98購01,0,0,0,0,0,0,0,0,0,-5000,0,0,0,135000,140000,-5000,-5000
056899,可成元大98購01  ,0,0,0,0,0,0,0,0,0,-5000,0,0,0,0,5000,-5000,-5000
057554,新日興凱基99購02,0,0,0,0,0,0,0,0,0,-5000,0,0,0,45000,50000,-5000,-5000
061892,亞德客永豐9B購01,0,0,0,0,0,0,0,0,0,-5000,0,0,0,0,5000,-5000,-5000
061917,亞德客凱基9B購02,0,0,0,0,0,0,0,0,0,-5000,0,0,0,0,5000,-5000,-5000
060324,台積電群益9B購02,0,0,0,0,0,0,0,0,0,-5000,0,0,0,0,5000,-5000,-5000
062054,鴻海統一9C購06  ,0,0,0,0,0,0,0,0,0,-5000,0,0,0,0,5000,-5000,-5000
062325,鴻海統一9B購05  ,0,0,0,0,0,0,0,0,0,-5000,0,0,0,0,5000,-5000,-5000
061119,國巨永豐9A購03  ,0,0,0,0,0,0,0,0,0,-5000,0,0,0,0,5000,-5000,-5000
061230,臺指反元大01購04,0,0,0,0,0,0,0,0,0,-5000,0,0,0,0,5000,-5000,-5000
061252,臺股指群益9A購03,0,0,0,0,0,0,0,0,0,-5000,0,0,0,0,5000,-5000,-5000
058990,GIS凱基99購02   ,0,0,0,0,0,0,0,0,0,-5000,0,0,0,0,5000,-5000,-5000
061499,嘉晶國票9A購03  ,0,0,0,0,0,0,0,0,0,-5000,0,0,0,19000,24000,-5000,-5000
061563,群創國票9B購02  ,0,0,0,0,0,0,0,0,0,-5000,0,0,0,0,5000,-5000,-5000
061021,聯電國泰9B購01  ,0,0,0,0,0,0,0,0,0,-5000,0,0,0,107000,112000,-5000,-5000
060964,日月光凱基9A購01,0,0,0,0,0,0,0,0,0,-5000,0,0,0,97000,102000,-5000,-5000
059210,鴻海元大99購26  ,0,0,0,0,0,0,0,0,0,-5000,0,0,0,17000,22000,-5000,-5000
059248,華新科凱基99購04,0,0,0,0,0,0,0,0,0,-5000,0,0,0,0,5000,-5000,-5000
059153,臺股指國票99購16,0,0,0,0,0,0,0,0,0,-5000,0,0,0,1000,6000,-5000,-5000
060697,鴻海國泰9C購01  ,0,0,0,0,0,0,0,0,0,-5000,0,0,0,43000,48000,-5000,-5000
061194,聯鈞永豐9A購02  ,0,0,0,0,0,0,0,0,0,-5000,0,0,0,0,5000,-5000,-5000
059031,元石油中信03購01,0,0,0,0,0,0,0,0,0,-5000,0,0,0,0,5000,-5000,-5000
060226,道瓊反元大9A購01,0,0,0,0,0,0,0,0,0,-5000,0,0,0,0,5000,-5000,-5000
060063,可成兆豐9B購01  ,0,0,0,0,0,0,0,0,0,-5000,0,0,0,0,5000,-5000,-5000
060050,鴻海凱基9B購01  ,0,0,0,0,0,0,0,0,0,-5000,0,0,0,0,5000,-5000,-5000
05998P,台積電元大97售12,0,0,0,0,0,0,0,0,0,-5000,0,0,0,0,5000,-5000,-5000
059912,國巨元大99購28  ,0,0,0,0,0,0,0,0,0,-5000,0,0,0,5000,10000,-5000,-5000
059932,世紀鋼富邦9A購02,0,0,0,0,0,0,0,0,0,-5000,0,0,0,10000,15000,-5000,-5000
058564,元金2X凱基9C購01,0,0,0,0,0,0,0,0,0,-5000,0,0,0,0,5000,-5000,-5000
05981P,可成永昌98售02  ,0,0,0,0,0,0,0,0,0,-5000,0,0,0,0,5000,-5000,-5000
058738,FBVIX中信03購04 ,0,0,0,0,0,0,0,0,0,-5000,0,0,0,30000,35000,-5000,-5000
059571,奇力新凱基99購06,0,0,0,0,0,0,0,0,0,-5000,0,0,0,0,5000,-5000,-5000
059492,國巨國票9A購06  ,0,0,0,0,0,0,0,0,0,-5000,0,0,0,0,5000,-5000,-5000
05894P,友達群益98售02  ,0,0,0,0,0,0,0,0,0,-5000,0,0,0,0,5000,-5000,-5000
060721,瑞儀永豐9A購01  ,0,0,0,0,0,0,0,0,0,-5000,0,0,0,0,5000,-5000,-5000
060551,大立光凱基9B購02,0,0,0,0,0,0,0,0,0,-5000,0,0,0,0,5000,-5000,-5000
062575,景碩群益9B購01  ,0,0,0,0,0,0,0,0,0,-5000,0,0,0,0,5000,-5000,-5000
063370,國巨永豐9B購03  ,0,0,0,0,0,0,0,0,0,-5000,0,0,0,0,5000,-5000,-5000
063417,金像電凱基9B購03,0,0,0,0,0,0,0,0,0,-5000,0,0,0,5000,10000,-5000,-5000
063505,奇力新群益9B購03,0,0,0,0,0,0,0,0,0,-5000,0,0,0,0,5000,-5000,-5000
063124,奇力新元大9B購05,0,0,0,0,0,0,0,0,0,-5000,0,0,0,0,5000,-5000,-5000
063096,勤誠國票9B購02  ,0,0,0,0,0,0,0,0,0,-5000,0,0,0,109000,114000,-5000,-5000
063218,台塑群益9B購01  ,0,0,0,0,0,0,0,0,0,-5000,0,0,0,0,5000,-5000,-5000
062997,嘉晶國票9B購03  ,0,0,0,0,0,0,0,0,0,-5000,0,0,0,0,5000,-5000,-5000
062857,SP黃豆國票9C購01,0,0,0,0,0,0,0,0,0,-5000,0,0,0,0,5000,-5000,-5000
064138,亞德客統一01購02,0,0,0,0,0,0,0,0,0,-5000,0,0,0,65000,70000,-5000,-5000
063566,台光電元大9B購08,0,0,0,0,0,0,0,0,0,-5000,0,0,0,53000,58000,-5000,-5000
063664,漢唐統一9C購01  ,0,0,0,0,0,0,0,0,0,-5000,0,0,0,0,5000,-5000,-5000
065173,可成元大9C購10  ,0,0,0,0,0,0,0,0,0,-5000,0,0,0,0,5000,-5000,-5000
065116,臺股指國票9C購13,0,0,0,0,0,0,0,0,0,-5000,0,0,0,0,5000,-5000,-5000
065127,世芯永豐9C購03  ,0,0,0,0,0,0,0,0,0,-5000,0,0,0,10000,15000,-5000,-5000
064940,智伸科元富9C購01,0,0,0,0,0,0,0,0,0,-5000,0,0,0,551000,556000,-5000,-5000
064875,國巨兆豐01購01  ,0,0,0,0,0,0,0,0,0,-5000,0,0,0,0,5000,-5000,-5000
065243,聯發科兆豐01購03,0,0,0,0,0,0,0,0,0,-5000,0,0,0,15000,20000,-5000,-5000
064686,鴻海群益01購03  ,0,0,0,0,0,0,0,0,0,-5000,0,0,0,59000,64000,-5000,-5000
06443P,台積電凱基99售01,0,0,0,0,0,0,0,0,0,-5000,0,0,0,0,5000,-5000,-5000
4572,駐龍            ,9000,14000,-5000,0,0,0,0,0,0,0,0,0,0,0,0,0,-5000
5525,順天            ,0,5000,-5000,0,0,0,0,0,0,0,0,0,0,0,0,0,-5000
2701,萬企            ,1000,6000,-5000,0,0,0,0,0,0,0,0,0,0,0,0,0,-5000
2302,麗正            ,0,5000,-5000,0,0,0,0,0,0,0,0,0,0,0,0,0,-5000
2017,官田鋼          ,10000,14000,-4000,0,0,0,0,0,0,-1000,0,1000,-1000,0,0,0,-5000
1521,大億            ,3000,8000,-5000,0,0,0,0,0,0,0,0,0,0,0,0,0,-5000
1616,億泰            ,4000,9000,-5000,0,0,0,0,0,0,0,0,0,0,0,0,0,-5000
08284P,鴻海凱基01售03  ,0,0,0,0,0,0,0,0,0,-6000,0,0,0,0,6000,-6000,-6000
08459P,聯發科兆豐9C售04,0,0,0,0,0,0,0,0,0,-6000,0,0,0,0,6000,-6000,-6000
1339,昭輝            ,17000,23000,-6000,0,0,0,0,0,0,0,0,0,0,0,0,0,-6000
08569P,玉晶光永豐9C售09,0,0,0,0,0,0,0,0,0,-6000,0,0,0,0,6000,-6000,-6000
07975P,國巨元大9B售15  ,0,0,0,0,0,0,0,0,0,-6000,0,0,0,4000,10000,-6000,-6000
07865P,可成元大9B售02  ,0,0,0,0,0,0,0,0,0,-6000,0,0,0,9000,15000,-6000,-6000
07616P,瑞昱中信02售01  ,0,0,0,0,0,0,0,0,0,-6000,0,0,0,0,6000,-6000,-6000
07770P,台積電國票9A售07,0,0,0,0,0,0,0,0,0,-6000,0,0,0,0,6000,-6000,-6000
066207,聯鈞統一01購02  ,0,0,0,0,0,0,0,0,0,-6000,0,0,0,14000,20000,-6000,-6000
066435,臺指反群益03購01,0,0,0,0,0,0,0,0,0,-6000,0,0,0,0,6000,-6000,-6000
066587,台船群益01購01  ,0,0,0,0,0,0,0,0,0,-6000,0,0,0,0,6000,-6000,-6000
06671P,台積電群益98售04,0,0,0,0,0,0,0,0,0,-6000,0,0,0,0,6000,-6000,-6000
06687P,A50正2中信9A售01,0,0,0,0,0,0,0,0,0,-6000,0,0,0,16000,22000,-6000,-6000
066679,微星兆豐01購01  ,0,0,0,0,0,0,0,0,0,-6000,0,0,0,0,6000,-6000,-6000
065766,南電元大9C購08  ,0,0,0,0,0,0,0,0,0,-6000,0,0,0,2000,8000,-6000,-6000
065893,華新科統一02購02,0,0,0,0,0,0,0,0,0,-6000,0,0,0,0,6000,-6000,-6000
066069,英業達凱基02購01,0,0,0,0,0,0,0,0,0,-6000,0,0,0,0,6000,-6000,-6000
056598,京元電元富98購01,0,0,0,0,0,0,0,0,0,-6000,0,0,0,7000,13000,-6000,-6000
056638,臺股指日盛98購01,0,0,0,0,0,0,0,0,0,-6000,0,0,0,1000,7000,-6000,-6000
061309,鴻海統一9C購05  ,0,0,0,0,0,0,0,0,0,-6000,0,0,0,0,6000,-6000,-6000
057335,技嘉國票99購01  ,0,0,0,0,0,0,0,0,0,-6000,0,0,0,52000,58000,-6000,-6000
057703,矽力群益98購01  ,0,0,0,0,0,0,0,0,0,-6000,0,0,0,0,6000,-6000,-6000
057796,鴻海兆豐99購03  ,0,0,0,0,0,0,0,0,0,-6000,0,0,0,0,6000,-6000,-6000
054634,FB上証中信99購01,0,0,0,0,0,0,0,0,0,-6000,0,0,0,0,6000,-6000,-6000
054635,台達電中信98購01,0,0,0,0,0,0,0,0,0,-6000,0,0,0,0,6000,-6000,-6000
058193,緯穎永豐99購01  ,0,0,0,0,0,0,0,0,0,-6000,0,0,0,14000,20000,-6000,-6000
056185,全新統一98購01  ,0,0,0,0,0,0,0,0,0,-6000,0,0,0,4000,10000,-6000,-6000
055973,亞德客統一97購01,0,0,0,0,0,0,0,0,0,-6000,0,0,0,0,6000,-6000,-6000
020011,統一微波高息20N ,0,0,0,0,0,0,0,0,0,-6000,0,0,0,20000,26000,-6000,-6000
052863,友達凱基98購02  ,0,0,0,0,0,0,0,0,0,-6000,0,0,0,10000,16000,-6000,-6000
062418,台積電統一01購06,0,0,0,0,0,0,0,0,0,-6000,0,0,0,0,6000,-6000,-6000
060009,南亞科群益99購03,0,0,0,0,0,0,0,0,0,-6000,0,0,0,0,6000,-6000,-6000
059077,FBVIX元大99購05 ,0,0,0,0,0,0,0,0,0,-6000,0,0,0,0,6000,-6000,-6000
059172,台郡凱基99購03  ,0,0,0,0,0,0,0,0,0,-6000,0,0,0,46000,52000,-6000,-6000
061474,瑞昱元大9A購04  ,0,0,0,0,0,0,0,0,0,-6000,0,0,0,19000,25000,-6000,-6000
061266,國泰金凱基9B購01,0,0,0,0,0,0,0,0,0,-6000,0,0,0,0,6000,-6000,-6000
062352,南六群益9B購02  ,0,0,0,0,0,0,0,0,0,-6000,0,0,0,0,6000,-6000,-6000
061915,T50反1凱基02購02,0,0,0,0,0,0,0,0,0,-6000,0,0,0,10000,16000,-6000,-6000
061871,瑞昱元大9B購01  ,0,0,0,0,0,0,0,0,0,-6000,0,0,0,1000,7000,-6000,-6000
061869,智邦元大9B購01  ,0,0,0,0,0,0,0,0,0,-6000,0,0,0,14000,20000,-6000,-6000
061811,A50正2群益01購03,0,0,0,0,0,0,0,0,0,-6000,0,0,0,0,6000,-6000,-6000
061782,智邦群益9B購01  ,0,0,0,0,0,0,0,0,0,-6000,0,0,0,10000,16000,-6000,-6000
064543,華通凱基02購02  ,0,0,0,0,0,0,0,0,0,-6000,0,0,0,0,6000,-6000,-6000
064361,旺宏統一01購06  ,0,0,0,0,0,0,0,0,0,-6000,0,0,0,0,6000,-6000,-6000
065464,健鼎中信9C購01  ,0,0,0,0,0,0,0,0,0,-6000,0,0,0,0,6000,-6000,-6000
065408,華通永豐9C購02  ,0,0,0,0,0,0,0,0,0,-6000,0,0,0,0,6000,-6000,-6000
064936,世紀鋼統一9C購02,0,0,0,0,0,0,0,0,0,-6000,0,0,0,68000,74000,-6000,-6000
065187,聯發科統一02購02,0,0,0,0,0,0,0,0,0,-6000,0,0,0,10000,16000,-6000,-6000
065102,同欣電元大9C購07,0,0,0,0,0,0,0,0,0,-6000,0,0,0,96000,102000,-6000,-6000
063690,健鼎永豐9B購01  ,0,0,0,0,0,0,0,0,0,-6000,0,0,0,62000,68000,-6000,-6000
063729,國巨元大9C購08  ,0,0,0,0,0,0,0,0,0,-6000,0,0,0,1000,7000,-6000,-6000
063796,鴻海凱基9C購02  ,0,0,0,0,0,0,0,0,0,-6000,0,0,0,39000,45000,-6000,-6000
063777,儒鴻永豐9B購02  ,0,0,0,0,0,0,0,0,0,-6000,0,0,0,10000,16000,-6000,-6000
064162,貿聯統一02購01  ,0,0,0,0,0,0,0,0,0,-6000,0,0,0,22000,28000,-6000,-6000
062899,鴻海元大9C購04  ,0,0,0,0,0,0,0,0,0,-6000,0,0,0,0,6000,-6000,-6000
063233,國巨元大9B購19  ,0,0,0,0,0,0,0,0,0,-6000,0,0,0,1000,7000,-6000,-6000
063113,聯茂兆豐9B購01  ,0,0,0,0,0,0,0,0,0,-6000,0,0,0,0,6000,-6000,-6000
063531,台表科凱基9B購04,0,0,0,0,0,0,0,0,0,-6000,0,0,0,61000,67000,-6000,-6000
063333,同欣電國票9C購01,0,0,0,0,0,0,0,0,0,-6000,0,0,0,0,6000,-6000,-6000
1525,江申            ,0,6000,-6000,0,0,0,0,0,0,0,0,0,0,0,0,0,-6000
2483,百容            ,0,6000,-6000,0,0,0,0,0,0,0,0,0,0,0,0,0,-6000
3025,星通            ,7000,15000,-8000,0,0,0,0,0,0,2000,2000,0,2000,0,0,0,-6000
4581,光隆精密-KY     ,0,6000,-6000,0,0,0,0,0,0,0,0,0,0,0,0,0,-6000
4439,冠星-KY         ,1000,7000,-6000,0,0,0,0,0,0,0,0,0,0,0,0,0,-6000
4755,三福化          ,10000,19000,-9000,0,0,0,0,0,0,3000,3000,0,3000,0,0,0,-6000
066090,泰鼎永豐01購01  ,0,0,0,0,0,0,0,0,0,-7000,0,0,0,10000,17000,-7000,-7000
065820,瑞祺元富03購01  ,0,0,0,0,0,0,0,0,0,-7000,0,0,0,147000,154000,-7000,-7000
065669,義隆凱基01購03  ,0,0,0,0,0,0,0,0,0,-7000,0,0,0,57000,64000,-7000,-7000
065579,南茂群益9C購02  ,0,0,0,0,0,0,0,0,0,-7000,0,0,0,50000,57000,-7000,-7000
066607,台郡永豐01購01  ,0,0,0,0,0,0,0,0,0,-7000,0,0,0,14000,21000,-7000,-7000
066516,智原永豐01購01  ,0,0,0,0,0,0,0,0,0,-7000,0,0,0,78000,85000,-7000,-7000
07389P,臺股指群益9C售08,0,0,0,0,0,0,0,0,0,-7000,0,0,0,7000,14000,-7000,-7000
07076P,鴻海凱基9A售08  ,0,0,0,0,0,0,0,0,0,-7000,0,0,0,13000,20000,-7000,-7000
06799P,臺股指凱基98售09,0,0,0,0,0,0,0,0,0,-7000,0,0,0,0,7000,-7000,-7000
1413,宏洲            ,0,7000,-7000,0,0,0,0,0,0,0,0,0,0,0,0,0,-7000
08742P,友達凱基01售02  ,0,0,0,0,0,0,0,0,0,-7000,0,0,0,0,7000,-7000,-7000
08743P,群創凱基01售04  ,0,0,0,0,0,0,0,0,0,-7000,0,0,0,0,7000,-7000,-7000
08764P,台灣50富邦03售03,0,0,0,0,0,0,0,0,0,-7000,0,0,0,0,7000,-7000,-7000
00666R,富邦恒生國企反1 ,0,0,0,0,0,0,0,0,0,-7000,0,0,0,82000,89000,-7000,-7000
00625K,富邦上証+R      ,0,0,0,0,0,0,0,0,0,-7000,0,0,0,50000,57000,-7000,-7000
055931,冠德群益97購02  ,0,0,0,0,0,0,0,0,0,-7000,0,0,0,0,7000,-7000,-7000
055102,上銀凱基98購01  ,0,0,0,0,0,0,0,0,0,-7000,0,0,0,46000,53000,-7000,-7000
055442,矽創國票98購02  ,0,0,0,0,0,0,0,0,0,-7000,0,0,0,0,7000,-7000,-7000
057975,台積電永豐98購05,0,0,0,0,0,0,0,0,0,-7000,0,0,0,2000,9000,-7000,-7000
061648,緯穎元大9A購04  ,0,0,0,0,0,0,0,0,0,-7000,0,0,0,0,7000,-7000,-7000
060909,金像電元大9B購01,0,0,0,0,0,0,0,0,0,-7000,0,0,0,3000,10000,-7000,-7000
061410,緯穎國票9A購03  ,0,0,0,0,0,0,0,0,0,-7000,0,0,0,0,7000,-7000,-7000
056635,亞德客日盛99購01,0,0,0,0,0,0,0,0,0,-7000,0,0,0,0,7000,-7000,-7000
057501,超眾群益98購04  ,0,0,0,0,0,0,0,0,0,-7000,0,0,0,4000,11000,-7000,-7000
062177,上銀元大9B購02  ,0,0,0,0,0,0,0,0,0,-7000,0,0,0,68000,75000,-7000,-7000
062331,大立光統一9B購10,30000,0,30000,0,0,0,0,0,0,-37000,0,0,0,42000,79000,-37000,-7000
060982,旺宏元大9A購09  ,0,0,0,0,0,0,0,0,0,-7000,0,0,0,20000,27000,-7000,-7000
061001,智邦兆豐9B購01  ,0,0,0,0,0,0,0,0,0,-7000,0,0,0,3000,10000,-7000,-7000
060682,牧德元大9A購03  ,0,0,0,0,0,0,0,0,0,-7000,0,0,0,136000,143000,-7000,-7000
060152,上証2X永豐9A購02,0,0,0,0,0,0,0,0,0,-7000,0,0,0,5000,12000,-7000,-7000
059516,TPK永豐99購01   ,0,0,0,0,0,0,0,0,0,-7000,0,0,0,56000,63000,-7000,-7000
058544,FBVIX富邦9B購01 ,0,0,0,0,0,0,0,0,0,-7000,0,0,0,20000,27000,-7000,-7000
058684,健策凱基99購02  ,0,0,0,0,0,0,0,0,0,-7000,0,0,0,35000,42000,-7000,-7000
062638,茂林國票9C購01  ,0,0,0,0,0,0,0,0,0,-7000,0,0,0,0,7000,-7000,-7000
062661,華通群益9B購05  ,0,0,0,0,0,0,0,0,0,-7000,0,0,0,0,7000,-7000,-7000
063313,南亞科群益9B購02,0,0,0,0,0,0,0,0,0,-7000,0,0,0,0,7000,-7000,-7000
062999,聯茂國票9C購01  ,0,0,0,0,0,0,0,0,0,-7000,0,0,0,0,7000,-7000,-7000
063935,上証2X元大9C購05,0,0,0,0,0,0,0,0,0,-7000,0,0,0,0,7000,-7000,-7000
063941,國巨元大9C購12  ,0,0,0,0,0,0,0,0,0,-7000,0,0,0,139000,146000,-7000,-7000
063805,技嘉兆豐9C購01  ,0,0,0,0,0,0,0,0,0,-7000,0,0,0,133000,140000,-7000,-7000
063831,帆宣國票01購01  ,0,0,0,0,0,0,0,0,0,-7000,0,0,0,12000,19000,-7000,-7000
064994,南電兆豐01購01  ,0,0,0,0,0,0,0,0,0,-7000,0,0,0,23000,30000,-7000,-7000
065384,南電元大9C購07  ,0,0,0,0,0,0,0,0,0,-7000,0,0,0,0,7000,-7000,-7000
065364,國巨元大9C購18  ,0,0,0,0,0,0,0,0,0,-7000,0,0,0,5000,12000,-7000,-7000
064550,南茂凱基01購01  ,0,0,0,0,0,0,0,0,0,-7000,0,0,0,0,7000,-7000,-7000
064741,南亞科國票01購01,0,0,0,0,0,0,0,0,0,-7000,0,0,0,0,7000,-7000,-7000
4141,龍燈-KY         ,145000,152000,-7000,0,0,0,0,0,0,0,0,0,0,0,0,0,-7000
6205,詮欣            ,114000,121000,-7000,0,0,0,0,0,0,0,0,0,0,0,0,0,-7000
8488,吉源-KY         ,0,8000,-8000,0,0,0,0,0,0,1000,1000,0,1000,0,0,0,-7000
2887F,台新戊特二      ,0,0,0,0,0,0,0,0,0,-7000,0,7000,-7000,0,0,0,-7000
1617,榮星            ,0,7000,-7000,0,0,0,0,0,0,0,0,0,0,0,0,0,-7000
2015,豐興            ,41000,56000,-15000,0,0,0,8000,0,8000,0,0,0,0,0,0,0,-7000
1312A,國喬特          ,0,0,0,0,0,0,0,0,0,-8000,2000,10000,-8000,0,0,0,-8000
08515P,鴻海群益9C售06  ,0,0,0,0,0,0,0,0,0,-8000,0,0,0,35000,43000,-8000,-8000
08449P,華新科群益9C售03,0,0,0,0,0,0,0,0,0,-8000,0,0,0,0,8000,-8000,-8000
08434P,臺股指凱基03售02,0,0,0,0,0,0,0,0,0,-8000,0,0,0,616000,624000,-8000,-8000
08421P,台積電群益9C售10,0,0,0,0,0,0,0,0,0,-8000,0,0,0,2000,10000,-8000,-8000
07056P,臺股指麥證99售02,0,0,0,3000,11000,-8000,0,0,0,-8000,0,0,0,3000,11000,-8000,-8000
07688P,華通元大9A售07  ,0,0,0,0,0,0,0,0,0,-8000,0,0,0,0,8000,-8000,-8000
08057P,京鼎群益9B售01  ,0,0,0,0,0,0,0,0,0,-8000,0,0,0,35000,43000,-8000,-8000
066454,金像電統一01購03,0,0,0,0,0,0,0,0,0,-8000,0,0,0,30000,38000,-8000,-8000
066627,大毅凱基03購01  ,0,0,0,0,0,0,0,0,0,-8000,0,0,0,2000,10000,-8000,-8000
066720,滬深2X元大01購07,0,0,0,0,0,0,0,0,0,-8000,0,0,0,0,8000,-8000,-8000
066747,台郡元大01購03  ,0,0,0,0,0,0,0,0,0,-8000,0,0,0,104000,112000,-8000,-8000
066738,聯鈞元大01購05  ,0,0,0,0,0,0,0,0,0,-8000,0,0,0,0,8000,-8000,-8000
066766,嘉澤永豐01購01  ,0,0,0,0,0,0,0,0,0,-8000,0,0,0,0,8000,-8000,-8000
066312,川湖永豐01購01  ,0,0,0,0,0,0,0,0,0,-8000,0,0,0,0,8000,-8000,-8000
066251,川湖元大01購01  ,0,0,0,0,0,0,0,0,0,-8000,0,0,0,0,8000,-8000,-8000
056833,和大元富9B購01  ,0,0,0,0,0,0,0,0,0,-8000,0,0,0,0,8000,-8000,-8000
061400,可成兆豐9B購02  ,0,0,0,0,0,0,0,0,0,-8000,0,0,0,0,8000,-8000,-8000
060940,國巨國票9B購03  ,0,0,0,0,0,0,0,0,0,-8000,0,0,0,4000,12000,-8000,-8000
060944,國泰金國票9A購01,0,0,0,0,0,0,0,0,0,-8000,0,0,0,0,8000,-8000,-8000
060954,國泰金群益9A購02,0,0,0,0,0,0,0,0,0,-8000,0,0,0,0,8000,-8000,-8000
058427,大毅元富99購01  ,0,0,0,0,0,0,0,0,0,-8000,0,0,0,0,8000,-8000,-8000
061740,華新科凱基03購01,0,0,0,0,0,0,0,0,0,-8000,0,0,0,0,8000,-8000,-8000
057816,欣興元大98購13  ,0,0,0,0,0,0,0,0,0,-8000,0,0,0,2000,10000,-8000,-8000
057708,臺股指群益98購08,0,0,0,0,0,0,0,0,0,-8000,0,0,0,0,8000,-8000,-8000
056442,瑞昱凱基98購02  ,0,0,0,0,0,0,0,0,0,-8000,0,0,0,0,8000,-8000,-8000
056465,臺股指凱基99購07,0,0,0,0,0,0,0,0,0,-8000,0,0,0,0,8000,-8000,-8000
054463,瑞昱凱基97購01  ,0,0,0,0,0,0,0,0,0,-8000,0,0,0,7000,15000,-8000,-8000
048414,滬深2X統一98購01,0,0,0,0,0,0,0,0,0,-8000,0,0,0,0,8000,-8000,-8000
0053,元大電子        ,0,0,0,0,0,0,0,0,0,-8000,0,0,0,4000,12000,-8000,-8000
062602,華通麥證9C購01  ,0,0,0,0,8000,-8000,0,0,0,-8000,0,0,0,0,8000,-8000,-8000
062531,大立光統一9C購06,0,0,0,0,0,0,0,0,0,-8000,0,0,0,0,8000,-8000,-8000
062749,元金2X中信9B購01,0,0,0,0,0,0,0,0,0,-8000,0,0,0,0,8000,-8000,-8000
062751,華擎中信9C購01  ,0,0,0,0,0,0,0,0,0,-8000,0,0,0,114000,122000,-8000,-8000
062479,TPK國票9B購01   ,0,0,0,0,0,0,0,0,0,-8000,0,0,0,0,8000,-8000,-8000
060425,凌華永豐9A購01  ,0,0,0,0,0,0,0,0,0,-8000,0,0,0,80000,88000,-8000,-8000
058589,群創中信01購01  ,0,0,0,0,0,0,0,0,0,-8000,0,0,0,0,8000,-8000,-8000
060987,華新科元大9A購11,0,0,0,0,0,0,0,0,0,-8000,0,0,0,97000,105000,-8000,-8000
061503,臻鼎國票9B購01  ,0,0,0,0,0,0,0,0,0,-8000,0,0,0,5000,13000,-8000,-8000
061069,嘉聯益凱基9A購01,0,0,0,0,0,0,0,0,0,-8000,0,0,0,60000,68000,-8000,-8000
061924,聯發科凱基9C購01,0,0,0,0,0,0,0,0,0,-8000,0,0,0,0,8000,-8000,-8000
064747,彩晶國票01購01  ,0,0,0,0,0,0,0,0,0,-8000,0,0,0,53000,61000,-8000,-8000
064847,金像電元富9C購01,0,0,0,0,0,0,0,0,0,-8000,0,0,0,42000,50000,-8000,-8000
064420,台積電兆豐9C購03,0,0,0,0,0,0,0,0,0,-8000,0,0,0,100000,108000,-8000,-8000
065386,華通兆豐9C購02  ,0,0,0,0,0,0,0,0,0,-8000,0,0,0,2000,10000,-8000,-8000
065218,世芯國泰02購02  ,0,0,0,0,0,0,0,0,0,-8000,0,0,0,0,8000,-8000,-8000
065310,華擎國票01購01  ,0,0,0,0,0,0,0,0,0,-8000,0,0,0,60000,68000,-8000,-8000
064904,茂林群益9C購02  ,0,0,0,0,0,0,0,0,0,-8000,0,0,0,2000,10000,-8000,-8000
064919,嘉晶統一02購02  ,0,0,0,0,0,0,0,0,0,-8000,0,0,0,241000,249000,-8000,-8000
065038,上銀凱基9C購02  ,0,0,0,0,0,0,0,0,0,-8000,0,0,0,62000,70000,-8000,-8000
063563,國巨元大9C購07  ,0,0,0,0,0,0,0,0,0,-8000,0,0,0,3000,11000,-8000,-8000
063989,大立光永豐9C購01,0,0,0,0,0,0,0,0,0,-8000,0,0,0,14000,22000,-8000,-8000
064213,大立光凱基03購01,0,0,0,0,0,0,0,0,0,-8000,0,0,0,2000,10000,-8000,-8000
062986,T50反1中信02購01,0,0,0,0,0,0,0,0,0,-8000,0,0,0,499000,507000,-8000,-8000
063314,美律群益9B購01  ,0,0,0,0,0,0,0,0,0,-8000,0,0,0,2000,10000,-8000,-8000
063354,茂林元富9B購02  ,0,0,0,0,0,0,0,0,0,-8000,0,0,0,87000,95000,-8000,-8000
063524,瑞昱凱基9B購05  ,0,0,0,0,0,0,0,0,0,-8000,0,0,0,7000,15000,-8000,-8000
1459,聯發            ,7000,15000,-8000,0,0,0,0,0,0,0,0,0,0,0,0,0,-8000
6579,研揚            ,1000,9000,-8000,0,0,0,0,0,0,0,0,0,0,0,0,0,-8000
6155,鈞寶            ,51000,59000,-8000,0,0,0,0,0,0,0,0,0,0,0,0,0,-8000
4438,廣越            ,11000,19000,-8000,0,0,0,0,0,0,0,0,0,0,0,0,0,-8000
4532,瑞智            ,0,8000,-8000,0,0,0,0,0,0,0,0,0,0,0,0,0,-8000
4552,力達-KY         ,16000,24000,-8000,0,0,0,0,0,0,0,0,0,0,0,0,0,-8000
9943,好樂迪          ,79000,87000,-8000,0,0,0,0,0,0,0,0,0,0,0,0,0,-8000
5607,遠雄港          ,117000,125671,-8671,0,0,0,0,0,0,0,0,0,0,0,0,0,-8671
066419,聯發科元大01購11,0,0,0,0,0,0,0,0,0,-9000,0,0,0,61000,70000,-9000,-9000
06676P,華新科國票98售03,0,0,0,0,0,0,0,0,0,-9000,0,0,0,0,9000,-9000,-9000
066580,臺股指元大01購09,0,0,0,0,0,0,0,0,0,-9000,0,0,0,1000,10000,-9000,-9000
066521,A50反1中信03購01,0,0,0,0,0,0,0,0,0,-9000,0,0,0,0,9000,-9000,-9000
065534,台光電統一9C購02,0,0,0,0,0,0,0,0,0,-9000,0,0,0,103000,112000,-9000,-9000
066001,景碩國票02購01  ,0,0,0,0,0,0,0,0,0,-9000,0,0,0,12000,21000,-9000,-9000
07951P,智邦元大9B售05  ,0,0,0,0,0,0,0,0,0,-9000,0,0,0,0,9000,-9000,-9000
07711P,世芯元大9A售07  ,0,0,0,0,0,0,0,0,0,-9000,0,0,0,18000,27000,-9000,-9000
08447P,緯穎永豐9C售02  ,0,0,0,0,0,0,0,0,0,-9000,0,0,0,47000,56000,-9000,-9000
08365P,貿聯凱基9C售01  ,0,0,0,0,0,0,0,0,0,-9000,0,0,0,192000,201000,-9000,-9000
08534P,玉晶光元富06售02,0,0,0,0,0,0,0,0,0,-9000,0,0,0,184000,193000,-9000,-9000
03419B,臺股指元富99熊03,0,0,0,0,0,0,0,0,0,-9000,0,0,0,1000,10000,-9000,-9000
03449B,臺股指元大01熊01,0,0,0,0,0,0,0,0,0,-9000,0,0,0,9000,18000,-9000,-9000
058118,瑞昱群益99購01  ,0,0,0,0,0,0,0,0,0,-9000,0,0,0,18000,27000,-9000,-9000
057692,臺股指凱基98購10,0,0,0,0,0,0,0,0,0,-9000,0,0,0,0,9000,-9000,-9000
057543,華通凱基99購02  ,0,0,0,0,0,0,0,0,0,-9000,0,0,0,37000,46000,-9000,-9000
056851,瑞儀元富98購01  ,0,0,0,0,0,0,0,0,0,-9000,0,0,0,0,9000,-9000,-9000
056905,欣興元大98購03  ,0,0,0,0,0,0,0,0,0,-9000,0,0,0,4000,13000,-9000,-9000
062289,緯穎群益9B購01  ,0,0,0,0,0,0,0,0,0,-9000,0,0,0,21000,30000,-9000,-9000
061139,玉晶光統一9C購02,0,0,0,0,0,0,0,0,0,-9000,0,0,0,1000,10000,-9000,-9000
060695,同欣電麥證9A購01,0,0,0,20000,29000,-9000,0,0,0,-9000,0,0,0,20000,29000,-9000,-9000
059049,元油2X凱基9A購12,0,0,0,0,0,0,0,0,0,-9000,0,0,0,0,9000,-9000,-9000
059728,聯鈞元大99購01  ,0,0,0,0,0,0,0,0,0,-9000,0,0,0,0,9000,-9000,-9000
058939,台積電中信9B購01,0,0,0,0,0,0,0,0,0,-9000,0,0,0,21000,30000,-9000,-9000
063367,GIS富邦9B購01   ,0,0,0,0,0,0,0,0,0,-9000,0,0,0,0,9000,-9000,-9000
063224,泰鼎群益9B購02  ,0,0,0,0,0,0,0,0,0,-9000,0,0,0,22000,31000,-9000,-9000
064226,TPK國票01購01   ,0,0,0,0,0,0,0,0,0,-9000,0,0,0,0,9000,-9000,-9000
063998,聯發科兆豐9C購02,0,0,0,0,0,0,0,0,0,-9000,0,0,0,36000,45000,-9000,-9000
063628,華通元大9B購09  ,0,0,0,0,0,0,0,0,0,-9000,0,0,0,2000,11000,-9000,-9000
063604,群創凱基01購02  ,0,0,0,0,0,0,0,0,0,-9000,0,0,0,1000,10000,-9000,-9000
063766,南茂元富9B購01  ,0,0,0,0,0,0,0,0,0,-9000,0,0,0,11000,20000,-9000,-9000
065226,華通凱基01購01  ,0,0,0,0,0,0,0,0,0,-9000,0,0,0,1000,10000,-9000,-9000
06453P,群創元大9B售02  ,0,0,0,0,0,0,0,0,0,-9000,0,0,0,60000,69000,-9000,-9000
064830,可成統一9C購04  ,0,0,0,0,0,0,0,0,0,-9000,0,0,0,62000,71000,-9000,-9000
6139,亞翔            ,441000,450000,-9000,0,0,0,0,0,0,0,0,0,0,0,0,0,-9000
6024,群益期          ,68000,77000,-9000,0,0,0,0,0,0,0,0,0,0,0,0,0,-9000
1446,宏和            ,4000,13000,-9000,0,0,0,0,0,0,0,0,0,0,0,0,0,-9000
1436,華友聯          ,2000,12000,-10000,0,0,0,0,0,0,1000,1000,0,1000,0,0,0,-9000
1558,伸興            ,0,19000,-19000,0,0,0,0,0,0,10000,10000,0,10000,0,0,0,-9000
2028,威致            ,0,9000,-9000,0,0,0,0,0,0,0,0,0,0,0,0,0,-9000
2849,安泰銀          ,0,9000,-9000,0,0,0,0,0,0,0,0,0,0,0,0,0,-9000
2903,遠百            ,224000,241000,-17000,0,0,0,8000,0,8000,0,0,0,0,0,0,0,-9000
08561P,台表科國票01售02,0,0,0,0,0,0,0,0,0,-10000,0,0,0,0,10000,-10000,-10000
08481P,臺股指凱基9C售19,0,0,0,0,0,0,0,0,0,-10000,0,0,0,0,10000,-10000,-10000
08483P,金像電群益9C售02,0,0,0,0,0,0,0,0,0,-10000,0,0,0,0,10000,-10000,-10000
08608P,臺股指富邦9C售06,0,0,0,0,0,0,0,0,0,-10000,0,0,0,0,10000,-10000,-10000
08618P,國巨群益9C售20  ,0,0,0,0,0,0,0,0,0,-10000,0,0,0,0,10000,-10000,-10000
08651P,台灣50群益02售05,0,0,0,0,0,0,0,0,0,-10000,0,0,0,0,10000,-10000,-10000
08666P,智邦國票02售01  ,0,0,0,0,0,0,0,0,0,-10000,0,0,0,0,10000,-10000,-10000
1225,福懋油          ,1000,11000,-10000,0,0,0,0,0,0,0,0,0,0,0,0,0,-10000
08747P,國巨元富07售06  ,0,0,0,0,0,0,0,0,0,-10000,0,0,0,0,10000,-10000,-10000
08754P,臺股指群益01售04,0,0,0,0,0,0,0,0,0,-10000,0,0,0,0,10000,-10000,-10000
08724P,臺股指元大01售05,0,0,0,0,0,0,0,0,0,-10000,0,0,0,0,10000,-10000,-10000
08712P,國巨元富07售03  ,0,0,0,0,0,0,0,0,0,-10000,0,0,0,0,10000,-10000,-10000
08676P,泰碩群益04售01  ,0,0,0,0,0,0,0,0,0,-10000,0,0,0,0,10000,-10000,-10000
08684P,禾伸堂凱基01售01,0,0,0,0,0,0,0,0,0,-10000,0,0,0,0,10000,-10000,-10000
08368P,台積電兆豐9C售04,0,0,0,0,0,0,0,0,0,-10000,0,0,0,0,10000,-10000,-10000
08318P,台積電台新01售01,0,0,0,0,0,0,0,0,0,-10000,0,0,0,0,10000,-10000,-10000
08448P,台灣50中信01售05,0,0,0,0,0,0,0,0,0,-10000,0,0,0,0,10000,-10000,-10000
08197P,聯發科元大9B售24,0,0,0,0,0,0,0,0,0,-10000,0,0,0,0,10000,-10000,-10000
08206P,鴻海群益9C售03  ,0,0,0,0,0,0,0,0,0,-10000,0,0,0,0,10000,-10000,-10000
08174P,國巨統一9B售17  ,0,0,0,0,0,0,0,0,0,-10000,0,0,0,0,10000,-10000,-10000
08125P,聯茂群益9B售02  ,0,0,0,0,0,0,0,0,0,-10000,0,0,0,30000,40000,-10000,-10000
07815P,美律群益9A售04  ,0,0,0,0,0,0,0,0,0,-10000,0,0,0,0,10000,-10000,-10000
07785P,鴻海中信04售03  ,0,0,0,0,0,0,0,0,0,-10000,0,0,0,0,10000,-10000,-10000
07596P,上証2X中信01售01,0,0,0,0,0,0,0,0,0,-10000,0,0,0,0,10000,-10000,-10000
07563P,台灣50中信04售01,0,0,0,0,0,0,0,0,0,-10000,0,0,0,0,10000,-10000,-10000
07559P,祥碩元大9A售03  ,0,0,0,0,0,0,0,0,0,-10000,0,0,0,0,10000,-10000,-10000
07585P,台灣50中信03售06,0,0,0,0,0,0,0,0,0,-10000,0,0,0,0,10000,-10000,-10000
07990P,緯穎凱基9B售02  ,0,0,0,0,0,0,0,0,0,-10000,0,0,0,20000,30000,-10000,-10000
07999P,台達電凱基9B售02,0,0,0,0,0,0,0,0,0,-10000,0,0,0,0,10000,-10000,-10000
08040P,臺股指群益9B售13,0,0,0,0,0,0,0,0,0,-10000,0,0,0,0,10000,-10000,-10000
08007P,國泰金中信03售02,0,0,0,0,0,0,0,0,0,-10000,0,0,0,0,10000,-10000,-10000
07898P,國巨國泰9C售02  ,0,0,0,0,0,0,0,0,0,-10000,0,0,0,40000,50000,-10000,-10000
07929P,旺宏統一9B售07  ,100000,0,100000,0,0,0,0,0,0,-110000,0,0,0,0,110000,-110000,-10000
07913P,友達元大01售01  ,0,0,0,0,0,0,0,0,0,-10000,0,0,0,130000,140000,-10000,-10000
07053P,台灣50兆豐01售01,0,0,0,0,0,0,0,0,0,-10000,0,0,0,0,10000,-10000,-10000
06988P,鴻海元富99售09  ,0,0,0,0,0,0,0,0,0,-10000,0,0,0,0,10000,-10000,-10000
06990P,康友元富99售03  ,0,0,0,0,0,0,0,0,0,-10000,0,0,0,0,10000,-10000,-10000
06980P,緯穎永豐99售02  ,0,0,0,0,0,0,0,0,0,-10000,0,0,0,0,10000,-10000,-10000
06964P,臺股指凱基9B售01,0,0,0,0,0,0,0,0,0,-10000,0,0,0,0,10000,-10000,-10000
06733P,鴻海凱基99售02  ,0,0,0,0,0,0,0,0,0,-10000,0,0,0,0,10000,-10000,-10000
06853P,華擎元富98售03  ,0,0,0,0,0,0,0,0,0,-10000,0,0,0,10000,20000,-10000,-10000
07099P,台積電元大99售19,0,0,0,0,0,0,0,0,0,-10000,0,0,0,0,10000,-10000,-10000
07090P,台灣50凱基01售01,0,0,0,0,0,0,0,0,0,-10000,0,0,0,0,10000,-10000,-10000
07115P,T50反1日盛9C售02,0,0,0,0,0,0,0,0,0,-10000,0,0,0,0,10000,-10000,-10000
07175P,聯詠凱基99售02  ,0,0,0,0,0,0,0,0,0,-10000,0,0,0,0,10000,-10000,-10000
07171P,臺股指國票99售08,0,0,0,0,0,0,0,0,0,-10000,0,0,0,0,10000,-10000,-10000
07385P,緯穎群益99售04  ,0,0,0,0,0,0,0,0,0,-10000,0,0,0,0,10000,-10000,-10000
07255P,國巨凱基99售15  ,0,0,0,0,0,0,0,0,0,-10000,0,0,0,0,10000,-10000,-10000
07238P,台灣50國票99售07,0,0,0,0,0,0,0,0,0,-10000,0,0,0,0,10000,-10000,-10000
07263P,台積電元大99售37,0,0,0,0,0,0,0,0,0,-10000,0,0,0,0,10000,-10000,-10000
065982,T50反1國泰02購01,0,0,0,0,0,0,0,0,0,-10000,0,0,0,0,10000,-10000,-10000
066040,友訊元大01購02  ,0,0,0,0,0,0,0,0,0,-10000,0,0,0,0,10000,-10000,-10000
066024,金像電群益01購04,0,0,0,0,0,0,0,0,0,-10000,0,0,0,0,10000,-10000,-10000
065971,金像電元大02購01,0,0,0,0,0,0,0,0,0,-10000,0,0,0,0,10000,-10000,-10000
065554,群創凱基02購02  ,0,0,0,0,0,0,0,0,0,-10000,0,0,0,104000,114000,-10000,-10000
065566,裕隆群益9C購02  ,0,0,0,0,0,0,0,0,0,-10000,0,0,0,0,10000,-10000,-10000
065671,大立光凱基9C購07,0,0,0,0,0,0,0,0,0,-10000,0,0,0,0,10000,-10000,-10000
065775,神隆國泰03購01  ,0,0,0,0,0,0,0,0,0,-10000,0,0,0,503000,513000,-10000,-10000
066552,大立光元大01購08,0,0,0,0,0,0,0,0,0,-10000,0,0,0,50000,60000,-10000,-10000
066579,臺股指元大01購08,0,0,0,0,0,0,0,0,0,-10000,0,0,0,0,10000,-10000,-10000
066772,友達富邦03購01  ,0,0,0,0,0,0,0,0,0,-10000,0,0,0,0,10000,-10000,-10000
066705,聯鈞群益01購01  ,0,0,0,0,0,0,0,0,0,-10000,0,0,0,0,10000,-10000,-10000
066707,揚明光群益01購02,0,0,0,0,0,0,0,0,0,-10000,0,0,0,0,10000,-10000,-10000
066724,台達電元大01購01,0,0,0,0,0,0,0,0,0,-10000,0,0,0,80000,90000,-10000,-10000
066598,致新群益02購01  ,0,0,0,0,0,0,0,0,0,-10000,0,0,0,16000,26000,-10000,-10000
066667,群創凱基03購03  ,0,0,0,0,0,0,0,0,0,-10000,0,0,0,0,10000,-10000,-10000
066641,台郡凱基03購01  ,0,0,0,0,0,0,0,0,0,-10000,0,0,0,0,10000,-10000,-10000
066392,聯強凱基01購01  ,0,0,0,0,0,0,0,0,0,-10000,0,0,0,0,10000,-10000,-10000
066374,臺股指中信04購01,0,0,0,0,0,0,0,0,0,-10000,0,0,0,20000,30000,-10000,-10000
066169,晶豪科凱基01購01,0,0,0,0,0,0,0,0,0,-10000,0,0,0,322000,332000,-10000,-10000
066190,惠特凱基01購01  ,0,0,0,0,0,0,0,0,0,-10000,0,0,0,30000,40000,-10000,-10000
056926,日月光兆豐98購01,0,0,0,0,0,0,0,0,0,-10000,0,0,0,0,10000,-10000,-10000
056991,牧德兆豐98購01  ,0,0,0,0,0,0,0,0,0,-10000,0,0,0,10000,20000,-10000,-10000
057482,微星元大98購03  ,0,0,0,0,0,0,0,0,0,-10000,0,0,0,8000,18000,-10000,-10000
056753,群創兆豐98購02  ,0,0,0,0,0,0,0,0,0,-10000,0,0,0,0,10000,-10000,-10000
056734,國巨凱基99購01  ,0,0,0,0,0,0,0,0,0,-10000,0,0,0,0,10000,-10000,-10000
056735,國巨凱基99購02  ,0,0,0,0,0,0,0,0,0,-10000,0,0,0,0,10000,-10000,-10000
056689,玉晶光統一9A購03,0,0,0,0,0,0,0,0,0,-10000,0,0,0,100000,110000,-10000,-10000
056659,泰碩元大99購01  ,0,0,0,0,0,0,0,0,0,-10000,0,0,0,0,10000,-10000,-10000
056559,華通群益98購02  ,0,0,0,0,0,0,0,0,0,-10000,0,0,0,0,10000,-10000,-10000
057455,景碩國泰99購01  ,0,0,0,0,0,0,0,0,0,-10000,0,0,0,0,10000,-10000,-10000
057464,大立光永豐98購02,0,0,0,0,0,0,0,0,0,-10000,0,0,0,0,10000,-10000,-10000
061751,華通台新9B購01  ,0,0,0,0,0,0,0,0,0,-10000,0,0,0,0,10000,-10000,-10000
061682,南電元大9B購01  ,0,0,0,0,0,0,0,0,0,-10000,0,0,0,25000,35000,-10000,-10000
061677,泰碩元大9A購05  ,0,0,0,0,0,0,0,0,0,-10000,0,0,0,0,10000,-10000,-10000
060911,大毅元大9A購01  ,0,0,0,0,0,0,0,0,0,-10000,0,0,0,40000,50000,-10000,-10000
061386,道瓊銀群益9A購03,0,0,0,0,0,0,0,0,0,-10000,0,0,0,0,10000,-10000,-10000
057709,電子類群益98購01,0,0,0,0,0,0,0,0,0,-10000,0,0,0,0,10000,-10000,-10000
057807,友訊元大98購02  ,0,0,0,0,0,0,0,0,0,-10000,0,0,0,0,10000,-10000,-10000
057777,可成群益9A購03  ,0,0,0,0,0,0,0,0,0,-10000,0,0,0,0,10000,-10000,-10000
058295,欣興凱基99購02  ,0,0,0,0,0,0,0,0,0,-10000,0,0,0,0,10000,-10000,-10000
058240,景碩元大99購04  ,0,0,0,0,0,0,0,0,0,-10000,0,0,0,0,10000,-10000,-10000
058349,滬深2X日盛9A購01,0,0,0,0,0,0,0,0,0,-10000,0,0,0,0,10000,-10000,-10000
056537,冠德凱基98購01  ,0,0,0,0,0,0,0,0,0,-10000,0,0,0,0,10000,-10000,-10000
057605,旺宏統一99購03  ,0,0,0,0,0,0,0,0,0,-10000,0,0,0,10000,20000,-10000,-10000
056387,智伸科國泰99購01,0,0,0,0,0,0,0,0,0,-10000,0,0,0,10000,20000,-10000,-10000
058136,景碩元大99購02  ,0,0,0,0,0,0,0,0,0,-10000,0,0,0,0,10000,-10000,-10000
058168,國巨凱基9A購04  ,0,0,0,0,0,0,0,0,0,-10000,0,0,0,0,10000,-10000,-10000
058150,中502X統一9B購01,0,0,0,0,0,0,0,0,0,-10000,0,0,0,0,10000,-10000,-10000
058099,鴻海國泰9A購02  ,0,0,0,0,0,0,0,0,0,-10000,0,0,0,0,10000,-10000,-10000
057145,上銀國票98購03  ,0,0,0,0,0,0,0,0,0,-10000,0,0,0,0,10000,-10000,-10000
054479,緯創中信98購01  ,0,0,0,0,0,0,0,0,0,-10000,0,0,0,0,10000,-10000,-10000
054378,楠梓電群益98購01,0,0,0,0,0,0,0,0,0,-10000,0,0,0,0,10000,-10000,-10000
054387,台積電統一98購02,0,0,0,0,0,0,0,0,0,-10000,0,0,0,0,10000,-10000,-10000
057252,牧德元富98購01  ,0,0,0,0,0,0,0,0,0,-10000,0,0,0,300000,310000,-10000,-10000
058037,台灣50元大9B購02,0,0,0,0,0,0,0,0,0,-10000,0,0,0,10000,20000,-10000,-10000
058015,旺宏凱基99購02  ,0,0,0,0,0,0,0,0,0,-10000,0,0,0,0,10000,-10000,-10000
055078,亞泥中信98購01  ,0,0,0,0,0,0,0,0,0,-10000,0,0,0,0,10000,-10000,-10000
054924,景碩凱基98購01  ,0,0,0,0,0,0,0,0,0,-10000,0,0,0,0,10000,-10000,-10000
054776,矽創國票98購01  ,0,0,0,0,0,0,0,0,0,-10000,0,0,0,0,10000,-10000,-10000
056321,創意群益98購02  ,0,0,0,0,0,0,0,0,0,-10000,0,0,0,0,10000,-10000,-10000
056284,台積電永豐97購06,0,0,0,0,0,0,0,0,0,-10000,0,0,0,0,10000,-10000,-10000
054064,台郡國票97購04  ,0,0,0,0,0,0,0,0,0,-10000,0,0,0,0,10000,-10000,-10000
051047,深中小群益99購01,0,0,0,0,0,0,0,0,0,-10000,0,0,0,22000,32000,-10000,-10000
042792,T50反1台新9C購01,0,0,0,0,0,0,0,0,0,-10000,0,0,0,0,10000,-10000,-10000
046903,友達凱基99購01  ,0,0,0,0,0,0,0,0,0,-10000,0,0,0,0,10000,-10000,-10000
055917,禾伸堂凱基98購02,0,0,0,0,0,0,0,0,0,-10000,0,0,0,10000,20000,-10000,-10000
055824,臺股指國票97購11,0,0,0,0,0,0,0,0,0,-10000,0,0,0,0,10000,-10000,-10000
055781,聯詠凱基98購01  ,0,0,0,0,0,0,0,0,0,-10000,0,0,0,227000,237000,-10000,-10000
056088,台郡統一97購02  ,0,0,0,0,0,0,0,0,0,-10000,0,0,0,0,10000,-10000,-10000
00685L,群益臺灣加權正2 ,0,0,0,0,0,0,0,0,0,-10000,0,0,0,4000,14000,-10000,-10000
052764,景碩群益98購01  ,0,0,0,0,0,0,0,0,0,-10000,0,0,0,5000,15000,-10000,-10000
052344,台表科凱基98購01,0,0,0,0,0,0,0,0,0,-10000,0,0,0,0,10000,-10000,-10000
053574,奇力新元富99購01,0,0,0,0,0,0,0,0,0,-10000,0,0,0,0,10000,-10000,-10000
053503,臻鼎兆豐97購01  ,0,0,0,0,0,0,0,0,0,-10000,0,0,0,0,10000,-10000,-10000
058694,鈺齊國票9A購02  ,0,0,0,0,0,0,0,0,0,-10000,0,0,0,0,10000,-10000,-10000
058555,矽創永豐9A購01  ,0,0,0,0,0,0,0,0,0,-10000,0,0,0,0,10000,-10000,-10000
059518,康控永豐99購01  ,0,0,0,0,0,0,0,0,0,-10000,0,0,0,20000,30000,-10000,-10000
059477,FBVIX群益99購01 ,0,0,0,0,0,0,0,0,0,-10000,0,0,0,0,10000,-10000,-10000
059436,大立光元大99購18,0,0,0,0,0,0,0,0,0,-10000,0,0,0,0,10000,-10000,-10000
059450,和大永豐99購01  ,0,0,0,0,0,0,0,0,0,-10000,0,0,0,0,10000,-10000,-10000
058948,道瓊銀群益9C購01,0,0,0,0,0,0,0,0,0,-10000,0,0,0,0,10000,-10000,-10000
059573,健策凱基9A購02  ,0,0,0,0,0,0,0,0,0,-10000,0,0,0,12000,22000,-10000,-10000
059538,健策凱基99購03  ,0,0,0,0,0,0,0,0,0,-10000,0,0,0,8000,18000,-10000,-10000
060388,世紀鋼凱基9B購01,0,0,0,0,0,0,0,0,0,-10000,0,0,0,50000,60000,-10000,-10000
059644,茂林凱基99購03  ,0,0,0,0,0,0,0,0,0,-10000,0,0,0,0,10000,-10000,-10000
059692,聯詠永豐99購01  ,0,0,0,0,0,0,0,0,0,-10000,0,0,0,0,10000,-10000,-10000
060174,T50反1元富04購01,0,0,0,0,0,0,0,0,0,-10000,0,0,0,0,10000,-10000,-10000
059648,台表科凱基99購03,0,0,0,0,0,0,0,0,0,-10000,0,0,0,0,10000,-10000,-10000
059641,群創凱基99購06  ,0,0,0,0,0,0,0,0,0,-10000,0,0,0,0,10000,-10000,-10000
060093,友達元大03購01  ,0,0,0,0,0,0,0,0,0,-10000,0,0,0,0,10000,-10000,-10000
060036,上証2X國票99購03,0,0,0,0,0,0,0,0,0,-10000,0,0,0,0,10000,-10000,-10000
059827,晶技凱基99購03  ,0,0,0,0,0,0,0,0,0,-10000,0,0,0,0,10000,-10000,-10000
059828,健策凱基99購05  ,0,0,0,0,0,0,0,0,0,-10000,0,0,0,8000,18000,-10000,-10000
059944,欣興永豐99購03  ,0,0,0,0,0,0,0,0,0,-10000,0,0,0,0,10000,-10000,-10000
059872,華新科凱基01購01,0,0,0,0,0,0,0,0,0,-10000,0,0,0,0,10000,-10000,-10000
059886,可成國票99購04  ,0,0,0,0,0,0,0,0,0,-10000,0,0,0,13000,23000,-10000,-10000
062500,國巨群益01購01  ,0,0,0,0,0,0,0,0,0,-10000,0,0,0,4000,14000,-10000,-10000
062444,大立光元大9C購01,0,0,0,0,0,0,0,0,0,-10000,0,0,0,106000,116000,-10000,-10000
062454,華通群益9C購03  ,0,0,0,0,0,0,0,0,0,-10000,0,0,0,0,10000,-10000,-10000
060555,台表科凱基9A購03,0,0,0,0,0,0,0,0,0,-10000,0,0,0,0,10000,-10000,-10000
060540,南亞凱基9A購01  ,0,0,0,0,0,0,0,0,0,-10000,0,0,0,0,10000,-10000,-10000
060593,華通麥證9A購01  ,0,0,0,0,10000,-10000,0,0,0,-10000,0,0,0,0,10000,-10000,-10000
058454,嘉晶永豐99購01  ,0,0,0,0,0,0,0,0,0,-10000,0,0,0,0,10000,-10000,-10000
060712,建準永豐9A購01  ,0,0,0,0,0,0,0,0,0,-10000,0,0,0,0,10000,-10000,-10000
060814,健策凱基9B購01  ,0,0,0,0,0,0,0,0,0,-10000,0,0,0,21000,31000,-10000,-10000
062673,台新金中信03購01,0,0,0,0,0,0,0,0,0,-10000,0,0,0,0,10000,-10000,-10000
062645,國巨國泰9B購08  ,0,0,0,0,0,0,0,0,0,-10000,0,0,0,0,10000,-10000,-10000
059043,聯電日盛99購01  ,0,0,0,0,0,0,0,0,0,-10000,0,0,0,0,10000,-10000,-10000
059085,鴻海元大99購25  ,0,0,0,0,0,0,0,0,0,-10000,0,0,0,46000,56000,-10000,-10000
059067,上銀國票9A購02  ,0,0,0,0,0,0,0,0,0,-10000,0,0,0,0,10000,-10000,-10000
059096,百和元大99購04  ,0,0,0,0,0,0,0,0,0,-10000,0,0,0,0,10000,-10000,-10000
061153,奇力新群益9A購02,0,0,0,0,0,0,0,0,0,-10000,0,0,0,0,10000,-10000,-10000
059160,華通凱基99購03  ,0,0,0,0,0,0,0,0,0,-10000,0,0,0,0,10000,-10000,-10000
059187,國巨富邦9B購02  ,0,0,0,0,0,0,0,0,0,-10000,0,0,0,0,10000,-10000,-10000
061204,國巨元大9A購16  ,0,0,0,0,0,0,0,0,0,-10000,0,0,0,22000,32000,-10000,-10000
061174,鴻海凱基9A購23  ,0,0,0,0,0,0,0,0,0,-10000,0,0,0,45000,55000,-10000,-10000
061260,台積電凱基9A購23,0,0,0,0,0,0,0,0,0,-10000,0,0,0,0,10000,-10000,-10000
061253,臺股指群益9A購04,0,0,0,0,0,0,0,0,0,-10000,0,0,0,0,10000,-10000,-10000
058994,道瓊指元大99購01,0,0,0,0,0,0,0,0,0,-10000,0,0,0,15000,25000,-10000,-10000
058970,鴻海永豐99購02  ,0,0,0,0,0,0,0,0,0,-10000,0,0,0,38000,48000,-10000,-10000
061515,泰碩永豐9A購03  ,0,0,0,0,0,0,0,0,0,-10000,0,0,0,0,10000,-10000,-10000
061519,T50反1中信03購01,0,0,0,0,0,0,0,0,0,-10000,0,0,0,0,10000,-10000,-10000
061534,聯發科統一9C購04,0,0,0,0,0,0,0,0,0,-10000,0,0,0,0,10000,-10000,-10000
061006,新光金兆豐9A購01,0,0,0,0,0,0,0,0,0,-10000,0,0,0,89000,99000,-10000,-10000
060975,滬深2X元大01購02,0,0,0,0,0,0,0,0,0,-10000,0,0,0,20000,30000,-10000,-10000
061754,晶技麥證9B購01  ,0,0,0,45000,55000,-10000,0,0,0,-10000,0,0,0,45000,55000,-10000,-10000
062049,亞德客統一01購01,0,0,0,0,0,0,0,0,0,-10000,0,0,0,0,10000,-10000,-10000
062312,大立光凱基9B購03,0,0,0,0,0,0,0,0,0,-10000,0,0,0,5000,15000,-10000,-10000
062315,健策凱基9C購01  ,0,0,0,0,0,0,0,0,0,-10000,0,0,0,18000,28000,-10000,-10000
06233P,訊芯永豐97售03  ,0,0,0,0,0,0,0,0,0,-10000,0,0,0,0,10000,-10000,-10000
059307,T50反1元大99購06,0,0,0,0,0,0,0,0,0,-10000,0,0,0,0,10000,-10000,-10000
058663,瑞儀兆豐9A購01  ,0,0,0,0,0,0,0,0,0,-10000,0,0,0,0,10000,-10000,-10000
058658,瑞儀中信99購01  ,0,0,0,0,0,0,0,0,0,-10000,0,0,0,10000,20000,-10000,-10000
059396,T50反1元富99購04,0,0,0,0,0,0,0,0,0,-10000,0,0,0,0,10000,-10000,-10000
061930,臺股指凱基9B購05,0,0,0,0,0,0,0,0,0,-10000,0,0,0,0,10000,-10000,-10000
061870,智邦元大9B購02  ,0,0,0,0,0,0,0,0,0,-10000,0,0,0,13000,23000,-10000,-10000
061792,和大永豐9B購01  ,0,0,0,0,0,0,0,0,0,-10000,0,0,0,0,10000,-10000,-10000
062117,燿華中信9B購01  ,0,0,0,0,0,0,0,0,0,-10000,0,0,0,0,10000,-10000,-10000
062110,華擎國票9B購01  ,0,0,0,0,0,0,0,0,0,-10000,0,0,0,0,10000,-10000,-10000
060362,建準元富9A購02  ,0,0,0,0,0,0,0,0,0,-10000,0,0,0,0,10000,-10000,-10000
060379,T50反1凱基9A購07,0,0,0,0,0,0,0,0,0,-10000,0,0,0,0,10000,-10000,-10000
06485P,玉晶光群益9A售02,0,0,0,0,0,0,0,0,0,-10000,0,0,0,0,10000,-10000,-10000
06479P,聯發科中信99售02,0,0,0,0,0,0,0,0,0,-10000,0,0,0,0,10000,-10000,-10000
06478P,臺股指日盛9A售01,0,0,0,0,0,0,0,0,0,-10000,0,0,0,10000,20000,-10000,-10000
064817,鈺齊元大9C購02  ,0,0,0,0,0,0,0,0,0,-10000,0,0,0,0,10000,-10000,-10000
064826,南亞科統一01購03,0,0,0,0,0,0,0,0,0,-10000,0,0,0,0,10000,-10000,-10000
064774,聚陽群益9C購04  ,0,0,0,0,0,0,0,0,0,-10000,0,0,0,0,10000,-10000,-10000
064777,南亞科群益9C購01,0,0,0,0,0,0,0,0,0,-10000,0,0,0,0,10000,-10000,-10000
064556,華通群益02購02  ,0,0,0,0,0,0,0,0,0,-10000,0,0,0,0,10000,-10000,-10000
064598,國巨元富9C購03  ,0,0,0,0,0,0,0,0,0,-10000,0,0,0,0,10000,-10000,-10000
064702,百和群益01購01  ,0,0,0,0,0,0,0,0,0,-10000,0,0,0,0,10000,-10000,-10000
064666,華新科元大02購01,0,0,0,0,0,0,0,0,0,-10000,0,0,0,0,10000,-10000,-10000
064526,臺股指群益9C購11,0,0,0,0,0,0,0,0,0,-10000,0,0,0,38000,48000,-10000,-10000
064502,大立光元大9C購19,0,0,0,0,0,0,0,0,0,-10000,0,0,0,0,10000,-10000,-10000
064383,SP黃豆富邦01購01,0,0,0,0,0,0,0,0,0,-10000,0,0,0,0,10000,-10000,-10000
064307,聚陽群益9C購03  ,0,0,0,0,0,0,0,0,0,-10000,0,0,0,0,10000,-10000,-10000
06431P,新日興元大97售05,0,0,0,0,0,0,0,0,0,-10000,0,0,0,0,10000,-10000,-10000
064338,美食元大9C購01  ,0,0,0,0,0,0,0,0,0,-10000,0,0,0,0,10000,-10000,-10000
06424P,大成鋼永豐97售01,0,0,0,0,0,0,0,0,0,-10000,0,0,0,20000,30000,-10000,-10000
064259,矽格富邦9C購01  ,0,0,0,0,0,0,0,0,0,-10000,0,0,0,0,10000,-10000,-10000
065224,和大凱基02購02  ,0,0,0,0,0,0,0,0,0,-10000,0,0,0,0,10000,-10000,-10000
065406,緯穎富邦9C購02  ,0,0,0,0,0,0,0,0,0,-10000,0,0,0,5000,15000,-10000,-10000
065478,緯創元大9C購03  ,0,0,0,0,0,0,0,0,0,-10000,0,0,0,375000,385000,-10000,-10000
064920,景碩統一01購02  ,0,0,0,0,0,0,0,0,0,-10000,0,0,0,0,10000,-10000,-10000
064923,牧德統一02購01  ,0,0,0,0,0,0,0,0,0,-10000,0,0,0,0,10000,-10000,-10000
064925,和碩統一02購01  ,0,0,0,0,0,0,0,0,0,-10000,0,0,0,0,10000,-10000,-10000
064885,T50反1中信04購01,0,0,0,0,0,0,0,0,0,-10000,0,0,0,0,10000,-10000,-10000
064889,T50反1群益9C購02,0,0,0,0,0,0,0,0,0,-10000,0,0,0,0,10000,-10000,-10000
064999,T50反1國票9C購03,0,0,0,0,0,0,0,0,0,-10000,0,0,0,215000,225000,-10000,-10000
065008,TPK國票01購02   ,0,0,0,0,0,0,0,0,0,-10000,0,0,0,0,10000,-10000,-10000
063794,亞德客凱基9C購01,0,0,0,0,0,0,0,0,0,-10000,0,0,0,20000,30000,-10000,-10000
063800,玉晶光凱基9C購02,0,0,0,0,0,0,0,0,0,-10000,0,0,0,0,10000,-10000,-10000
06376P,上銀統一99售01  ,0,0,0,0,0,0,0,0,0,-10000,0,0,0,0,10000,-10000,-10000
063847,聯發科元大9C購03,0,0,0,0,0,0,0,0,0,-10000,0,0,0,3000,13000,-10000,-10000
063841,國巨元大01購01  ,0,0,0,0,0,0,0,0,0,-10000,0,0,0,171000,181000,-10000,-10000
063570,嘉晶元大9C購02  ,0,0,0,0,0,0,0,0,0,-10000,0,0,0,45000,55000,-10000,-10000
063598,國巨凱基9B購14  ,0,0,0,0,0,0,0,0,0,-10000,0,0,0,1000,11000,-10000,-10000
063918,復盛凱基9C購01  ,0,0,0,0,0,0,0,0,0,-10000,0,0,0,0,10000,-10000,-10000
064114,南茂國票01購01  ,0,0,0,0,0,0,0,0,0,-10000,0,0,0,0,10000,-10000,-10000
06407P,創意元富97售02  ,0,0,0,0,0,0,0,0,0,-10000,0,0,0,0,10000,-10000,-10000
063219,友達群益9B購03  ,0,0,0,0,0,0,0,0,0,-10000,0,0,0,0,10000,-10000,-10000
063181,聚陽凱基9B購01  ,0,0,0,0,0,0,0,0,0,-10000,0,0,0,0,10000,-10000,-10000
063184,台光電凱基9B購03,0,0,0,0,0,0,0,0,0,-10000,0,0,0,15000,25000,-10000,-10000
063087,南六凱基9C購02  ,0,0,0,0,0,0,0,0,0,-10000,0,0,0,0,10000,-10000,-10000
063008,華通元大9B購06  ,0,0,0,0,0,0,0,0,0,-10000,0,0,0,5000,15000,-10000,-10000
063019,聯發科元大9C購01,0,0,0,0,0,0,0,0,0,-10000,0,0,0,2000,12000,-10000,-10000
063020,奇力新元大9B購04,0,0,0,0,0,0,0,0,0,-10000,0,0,0,0,10000,-10000,-10000
062948,台積電富邦01購02,0,0,0,0,0,0,0,0,0,-10000,0,0,0,1000,11000,-10000,-10000
063349,台郡統一9C購01  ,0,0,0,0,0,0,0,0,0,-10000,0,0,0,0,10000,-10000,-10000
063521,國巨凱基03購01  ,0,0,0,0,0,0,0,0,0,-10000,0,0,0,0,10000,-10000,-10000
063415,台積電凱基03購01,0,0,0,0,0,0,0,0,0,-10000,0,0,0,2000,12000,-10000,-10000
063402,GIS群益9B購02   ,0,0,0,0,0,0,0,0,0,-10000,0,0,0,20000,30000,-10000,-10000
063450,華新科統一02購01,0,0,0,0,0,0,0,0,0,-10000,0,0,0,30000,40000,-10000,-10000
3011,今皓            ,19000,29000,-10000,0,0,0,0,0,0,0,0,0,0,0,0,0,-10000
2630,亞航            ,0,10000,-10000,0,0,0,0,0,0,0,0,0,0,0,0,0,-10000
2413,環科            ,35000,45000,-10000,0,0,0,0,0,0,0,0,0,0,0,0,0,-10000
1453,大將            ,2000,12000,-10000,0,0,0,0,0,0,0,0,0,0,0,0,0,-10000
6698,旭暉應材        ,40000,50000,-10000,0,0,0,0,0,0,0,0,0,0,0,0,0,-10000
912398,友佳-DR         ,0,10000,-10000,0,0,0,0,0,0,0,0,0,0,0,0,0,-10000
9188,精熙-DR         ,2000,12000,-10000,0,0,0,0,0,0,0,0,0,0,0,0,0,-10000
8222,寶一            ,8000,18000,-10000,0,0,0,0,0,0,0,0,0,0,0,0,0,-10000
066712,台灣50元大01購20,0,0,0,0,0,0,0,0,0,-11000,0,0,0,0,11000,-11000,-11000
065620,金融類元大9C購03,0,0,0,0,0,0,0,0,0,-11000,0,0,0,0,11000,-11000,-11000
065645,嘉晶元大01購02  ,0,0,0,0,0,0,0,0,0,-11000,0,0,0,94000,105000,-11000,-11000
065532,台光電統一02購02,0,0,0,0,0,0,0,0,0,-11000,0,0,0,0,11000,-11000,-11000
07457P,宏達電元大9A售01,0,0,0,0,0,0,0,0,0,-11000,0,0,0,15000,26000,-11000,-11000
07742P,台積電凱基9A售25,0,0,0,0,0,0,0,0,0,-11000,0,0,0,0,11000,-11000,-11000
08175P,金像電統一9B售02,0,0,0,0,0,0,0,0,0,-11000,0,0,0,0,11000,-11000,-11000
08157P,大立光元富9B售06,0,0,0,0,0,0,0,0,0,-11000,0,0,0,57000,68000,-11000,-11000
053573,臺股指統一99購01,0,0,0,0,0,0,0,0,0,-11000,0,0,0,2000,13000,-11000,-11000
01001T,土銀富邦R1      ,0,0,0,0,0,0,0,0,0,-11000,0,11000,-11000,0,0,0,-11000
057683,技嘉日盛98購01  ,0,0,0,0,0,0,0,0,0,-11000,0,0,0,1000,12000,-11000,-11000
061431,鈺齊元大9A購01  ,0,0,0,0,0,0,0,0,0,-11000,0,0,0,43000,54000,-11000,-11000
056551,台郡凱基98購04  ,0,0,0,0,0,0,0,0,0,-11000,0,0,0,10000,21000,-11000,-11000
056979,微星群益98購01  ,0,0,0,0,0,0,0,0,0,-11000,0,0,0,0,11000,-11000,-11000
056867,華通麥證98購01  ,0,0,0,0,11000,-11000,0,0,0,-11000,0,0,0,0,11000,-11000,-11000
062191,台郡元大9B購05  ,0,0,0,0,0,0,0,0,0,-11000,0,0,0,31000,42000,-11000,-11000
061231,聚陽元大9A購02  ,0,0,0,0,0,0,0,0,0,-11000,0,0,0,5000,16000,-11000,-11000
059143,國巨國票9A購04  ,0,0,0,0,0,0,0,0,0,-11000,0,0,0,22000,33000,-11000,-11000
062831,嘉澤群益9B購01  ,0,0,0,0,0,0,0,0,0,-11000,0,0,0,92000,103000,-11000,-11000
059816,聯電凱基99購03  ,0,0,0,0,0,0,0,0,0,-11000,0,0,0,2000,13000,-11000,-11000
060145,牧德國票9A購02  ,0,0,0,0,0,0,0,0,0,-11000,0,0,0,23000,34000,-11000,-11000
058722,台郡元富99購01  ,0,0,0,0,0,0,0,0,0,-11000,0,0,0,306000,317000,-11000,-11000
058824,晶技富邦9A購01  ,0,0,0,0,0,0,0,0,0,-11000,0,0,0,1000,12000,-11000,-11000
063526,台光電凱基9B購04,0,0,0,0,0,0,0,0,0,-11000,0,0,0,0,11000,-11000,-11000
063356,台表科元富02購01,0,0,0,0,0,0,0,0,0,-11000,0,0,0,174000,185000,-11000,-11000
063001,巨大國票9B購01  ,0,0,0,0,0,0,0,0,0,-11000,0,0,0,32000,43000,-11000,-11000
064065,大立光富邦02購02,0,0,0,0,0,0,0,0,0,-11000,0,0,0,50000,61000,-11000,-11000
064134,瑞祺元大9C購02  ,0,0,0,0,0,0,0,0,0,-11000,0,0,0,37000,48000,-11000,-11000
063689,可成永豐9B購04  ,0,0,0,0,0,0,0,0,0,-11000,0,0,0,0,11000,-11000,-11000
063679,群創國泰01購01  ,0,0,0,0,0,0,0,0,0,-11000,0,0,0,0,11000,-11000,-11000
063845,旺宏元大9C購03  ,0,0,0,0,0,0,0,0,0,-11000,0,0,0,9000,20000,-11000,-11000
064935,寶成統一02購02  ,0,0,0,0,0,0,0,0,0,-11000,0,0,0,0,11000,-11000,-11000
065161,矽格群益9C購01  ,0,0,0,0,0,0,0,0,0,-11000,0,0,0,160000,171000,-11000,-11000
065452,康友統一02購01  ,0,0,0,0,0,0,0,0,0,-11000,0,0,0,0,11000,-11000,-11000
065412,金像電永豐9C購01,0,0,0,0,0,0,0,0,0,-11000,0,0,0,25000,36000,-11000,-11000
064346,貿聯元大01購01  ,0,0,0,0,0,0,0,0,0,-11000,0,0,0,59000,70000,-11000,-11000
064382,台積電國泰01購01,0,0,0,0,0,0,0,0,0,-11000,0,0,0,37000,48000,-11000,-11000
064419,鴻海兆豐9C購01  ,0,0,0,0,0,0,0,0,0,-11000,0,0,0,81000,92000,-11000,-11000
064501,大立光元大01購02,0,0,0,0,0,0,0,0,0,-11000,0,0,0,19000,30000,-11000,-11000
064472,國巨麥證9C購03  ,0,0,0,25000,36000,-11000,0,0,0,-11000,0,0,0,25000,36000,-11000,-11000
064802,台積電元大01購04,0,0,0,0,0,0,0,0,0,-11000,0,0,0,0,11000,-11000,-11000
4989,榮科            ,15000,26000,-11000,0,0,0,0,0,0,0,0,0,0,0,0,0,-11000
2397,友通            ,18000,29000,-11000,0,0,0,0,0,0,0,0,0,0,0,0,0,-11000
2722,夏都            ,3000,14000,-11000,0,0,0,0,0,0,0,0,0,0,0,0,0,-11000
08314P,國巨元大9C售14  ,0,0,0,0,0,0,0,0,0,-12000,0,0,0,6000,18000,-12000,-12000
07415P,台積電元大99售52,0,0,0,0,0,0,0,0,0,-12000,0,0,0,1310000,1322000,-12000,-12000
065898,神基麥證9C購01  ,0,0,0,2000,14000,-12000,0,0,0,-12000,0,0,0,2000,14000,-12000,-12000
06610P,台積電凱基9A售03,0,0,0,0,0,0,0,0,0,-12000,0,0,0,8000,20000,-12000,-12000
066723,聯電元大02購01  ,0,0,0,0,0,0,0,0,0,-12000,0,0,0,0,12000,-12000,-12000
066752,南電元大01購06  ,0,0,0,0,0,0,0,0,0,-12000,0,0,0,0,12000,-12000,-12000
066325,可成永豐01購01  ,0,0,0,0,0,0,0,0,0,-12000,0,0,0,0,12000,-12000,-12000
066334,京城銀永豐01購01,0,0,0,0,0,0,0,0,0,-12000,0,0,0,0,12000,-12000,-12000
060953,富邦金群益9A購01,0,0,0,0,0,0,0,0,0,-12000,0,0,0,10000,22000,-12000,-12000
057852,國巨國票99購05  ,0,0,0,0,0,0,0,0,0,-12000,0,0,0,0,12000,-12000,-12000
057260,微星兆豐98購01  ,0,0,0,0,0,0,0,0,0,-12000,0,0,0,6000,18000,-12000,-12000
00742,新光內需收益    ,0,0,0,0,0,0,0,0,0,-12000,250000,250000,0,355000,367000,-12000,-12000
058831,茂林永豐99購01  ,0,0,0,0,0,0,0,0,0,-12000,0,0,0,39000,51000,-12000,-12000
058569,健策凱基9A購01  ,0,0,0,0,0,0,0,0,0,-12000,0,0,0,17000,29000,-12000,-12000
060733,和大統一9C購01  ,0,0,0,0,0,0,0,0,0,-12000,0,0,0,0,12000,-12000,-12000
060287,燿華元大9A購01  ,0,0,0,0,0,0,0,0,0,-12000,0,0,0,0,12000,-12000,-12000
059035,旺宏群益99購06  ,0,0,0,0,0,0,0,0,0,-12000,0,0,0,0,12000,-12000,-12000
060225,S&P反1元大9A購02,0,0,0,0,0,0,0,0,0,-12000,0,0,0,0,12000,-12000,-12000
064810,嘉晶元大01購01  ,0,0,0,0,0,0,0,0,0,-12000,0,0,0,167000,179000,-12000,-12000
064754,漢唐凱基02購01  ,0,0,0,0,0,0,0,0,0,-12000,0,0,0,50000,62000,-12000,-12000
06445P,大立光凱基98售09,0,0,0,0,0,0,0,0,0,-12000,0,0,0,0,12000,-12000,-12000
065036,世芯統一02購02  ,0,0,0,0,0,0,0,0,0,-12000,0,0,0,0,12000,-12000,-12000
063576,台表科元大9B購08,0,0,0,0,0,0,0,0,0,-12000,0,0,0,203000,215000,-12000,-12000
063618,智邦兆豐9C購01  ,0,0,0,0,0,0,0,0,0,-12000,0,0,0,0,12000,-12000,-12000
064118,喬山元大01購01  ,0,0,0,0,0,0,0,0,0,-12000,0,0,0,28000,40000,-12000,-12000
064084,群創中信06購02  ,0,0,0,0,0,0,0,0,0,-12000,0,0,0,0,12000,-12000,-12000
064104,TPK群益9C購02   ,0,0,0,0,0,0,0,0,0,-12000,0,0,0,10000,22000,-12000,-12000
064191,聯發科中信03購01,0,0,0,0,0,0,0,0,0,-12000,0,0,0,65000,77000,-12000,-12000
063018,聯發科元大9B購14,0,0,0,0,0,0,0,0,0,-12000,0,0,0,0,12000,-12000,-12000
062862,瑞儀國票9B購01  ,0,0,0,0,0,0,0,0,0,-12000,0,0,0,0,12000,-12000,-12000
063284,大立光元大9B購07,0,0,0,0,0,0,0,0,0,-12000,0,0,0,3000,15000,-12000,-12000
2462,良得電          ,3000,15000,-12000,0,0,0,0,0,0,0,0,0,0,0,0,0,-12000
1507,永大            ,6000,18000,-12000,0,0,0,0,0,0,0,0,0,0,0,0,0,-12000
1713,國化            ,0,12000,-12000,0,0,0,0,0,0,0,0,0,0,0,0,0,-12000
6128,上福            ,12000,24000,-12000,0,0,0,0,0,0,0,0,0,0,0,0,0,-12000
066184,鎧勝凱基01購01  ,0,0,0,0,0,0,0,0,0,-13000,0,0,0,239000,252000,-13000,-13000
066708,嘉澤群益02購01  ,0,0,0,0,0,0,0,0,0,-13000,0,0,0,0,13000,-13000,-13000
066444,華擎群益01購03  ,0,0,0,0,0,0,0,0,0,-13000,0,0,0,2000,15000,-13000,-13000
066121,道瓊反群益04購01,0,0,0,0,0,0,0,0,0,-13000,0,0,0,0,13000,-13000,-13000
065840,國巨元大03購01  ,0,0,0,0,0,0,0,0,0,-13000,0,0,0,15000,28000,-13000,-13000
065642,台積電元大9C購13,0,0,0,0,0,0,0,0,0,-13000,0,0,0,50000,63000,-13000,-13000
065749,友訊元大9C購03  ,0,0,0,0,0,0,0,0,0,-13000,0,0,0,67000,80000,-13000,-13000
065689,群創元富9C購04  ,0,0,0,0,0,0,0,0,0,-13000,0,0,0,0,13000,-13000,-13000
07014P,華通元大99售04  ,0,0,0,0,0,0,0,0,0,-13000,0,0,0,10000,23000,-13000,-13000
08000P,奇鋐凱基9B售03  ,0,0,0,0,0,0,0,0,0,-13000,0,0,0,30000,43000,-13000,-13000
08224P,臺股指凱基9B售19,0,0,0,0,0,0,0,0,0,-13000,0,0,0,102000,115000,-13000,-13000
1220,台榮            ,9000,22000,-13000,0,0,0,0,0,0,0,0,0,0,0,0,0,-13000
08649P,聯發科元大9C售21,0,0,0,0,0,0,0,0,0,-13000,0,0,0,0,13000,-13000,-13000
08632P,聯發科元大9C售19,0,0,0,0,0,0,0,0,0,-13000,0,0,0,0,13000,-13000,-13000
08544P,和碩國票01售02  ,0,0,0,0,0,0,0,0,0,-13000,0,0,0,28000,41000,-13000,-13000
056118,聯詠群益97購03  ,0,0,0,0,0,0,0,0,0,-13000,0,0,0,27000,40000,-13000,-13000
03454B,臺股指元大04熊06,0,0,0,0,0,0,0,0,0,-13000,0,0,0,0,13000,-13000,-13000
055290,玉晶光元大98購08,0,0,0,0,0,0,0,0,0,-13000,0,0,0,0,13000,-13000,-13000
055477,同欣電凱基98購01,0,0,0,0,0,0,0,0,0,-13000,0,0,0,0,13000,-13000,-13000
057330,台積電國票99購03,0,0,0,0,0,0,0,0,0,-13000,0,0,0,16000,29000,-13000,-13000
058351,上銀凱基9A購02  ,0,0,0,0,0,0,0,0,0,-13000,0,0,0,137000,150000,-13000,-13000
061403,滬深2X國票9A購06,0,0,0,0,0,0,0,0,0,-13000,0,0,0,0,13000,-13000,-13000
057510,泰碩統一98購02  ,0,0,0,0,0,0,0,0,0,-13000,0,0,0,0,13000,-13000,-13000
057466,泰鼎永豐98購01  ,0,0,0,0,0,0,0,0,0,-13000,0,0,0,62000,75000,-13000,-13000
059009,世紀鋼元大99購04,0,0,0,0,0,0,0,0,0,-13000,0,0,0,101000,114000,-13000,-13000
061611,南六統一01購01  ,0,0,0,0,0,0,0,0,0,-13000,0,0,0,3000,16000,-13000,-13000
062134,國巨群益9B購04  ,0,0,0,0,0,0,0,0,0,-13000,0,0,0,9000,22000,-13000,-13000
062129,世紀鋼統一02購01,0,0,0,0,0,0,0,0,0,-13000,0,0,0,65000,78000,-13000,-13000
062220,台光電統一01購01,0,0,0,0,0,0,0,0,0,-13000,0,0,0,60000,73000,-13000,-13000
062202,國巨國票9C購04  ,0,0,0,0,0,0,0,0,0,-13000,0,0,0,1000,14000,-13000,-13000
060850,康友國票9A購03  ,0,0,0,0,0,0,0,0,0,-13000,0,0,0,67000,80000,-13000,-13000
060430,和潤永豐9A購01  ,0,0,0,0,0,0,0,0,0,-13000,0,0,0,168000,181000,-13000,-13000
063389,大立光兆豐9C購02,0,0,0,0,0,0,0,0,0,-13000,0,0,0,0,13000,-13000,-13000
063452,創意統一01購01  ,0,0,0,0,0,0,0,0,0,-13000,0,0,0,13000,26000,-13000,-13000
062937,旺宏凱基9B購08  ,0,0,0,0,0,0,0,0,0,-13000,0,0,0,0,13000,-13000,-13000
064169,南電統一9C購01  ,0,0,0,0,0,0,0,0,0,-13000,0,0,0,1000,14000,-13000,-13000
064121,國巨元大9C購16  ,0,0,0,0,0,0,0,0,0,-13000,0,0,0,0,13000,-13000,-13000
065051,和碩凱基02購01  ,0,0,0,0,0,0,0,0,0,-13000,0,0,0,0,13000,-13000,-13000
065004,瑞昱國票01購02  ,0,0,0,0,0,0,0,0,0,-13000,0,0,0,49000,62000,-13000,-13000
6674,鋐寶科技        ,13000,34000,-21000,0,0,0,0,0,0,8000,8000,0,8000,0,0,0,-13000
1533,車王電          ,6000,19000,-13000,0,0,0,0,0,0,0,0,0,0,0,0,0,-13000
2373,震旦行          ,0,13000,-13000,0,0,0,0,0,0,0,0,0,0,0,0,0,-13000
3058,立德            ,0,17000,-17000,0,0,0,0,0,0,4000,4000,0,4000,0,0,0,-13000
08575P,長榮航凱基9C售02,0,0,0,0,0,0,0,0,0,-14000,0,0,0,6000,20000,-14000,-14000
08482P,亞德客群益9C售02,0,0,0,0,0,0,0,0,0,-14000,0,0,0,74000,88000,-14000,-14000
08852P,台灣50台新01售01,0,14000,-14000,0,0,0,0,0,0,0,0,0,0,0,0,0,-14000
08088P,義隆凱基9B售03  ,0,0,0,0,0,0,0,0,0,-14000,0,0,0,0,14000,-14000,-14000
08326P,臺股指凱基9C售09,0,0,0,0,0,0,0,0,0,-14000,0,0,0,13000,27000,-14000,-14000
07816P,聯發科群益9A售02,0,0,0,0,0,0,0,0,0,-14000,0,0,0,0,14000,-14000,-14000
07142P,台灣50元大01售01,0,0,0,0,0,0,0,0,0,-14000,0,0,0,7000,21000,-14000,-14000
065693,國巨群益9C購18  ,0,0,0,0,0,0,0,0,0,-14000,0,0,0,11000,25000,-14000,-14000
066106,台郡國票02購01  ,0,0,0,0,0,0,0,0,0,-14000,0,0,0,258000,272000,-14000,-14000
066533,南茂元富01購01  ,0,0,0,0,0,0,0,0,0,-14000,0,0,0,0,14000,-14000,-14000
06724P,台灣50國票98售01,0,0,0,0,0,0,0,0,0,-14000,0,0,0,0,14000,-14000,-14000
066614,貿聯麥證01購01  ,0,0,0,0,14000,-14000,0,0,0,-14000,0,0,0,0,14000,-14000,-14000
066292,惠特元大01購02  ,0,0,0,0,0,0,0,0,0,-14000,0,0,0,13000,27000,-14000,-14000
057453,矽創元富98購01  ,0,0,0,0,0,0,0,0,0,-14000,0,0,0,661000,675000,-14000,-14000
055877,奇鋐元富97購01  ,0,0,0,0,0,0,0,0,0,-14000,0,0,0,0,14000,-14000,-14000
05952P,台積電國票97售06,0,0,0,0,0,0,0,0,0,-14000,0,0,0,6000,20000,-14000,-14000
058897,國巨元大99購17  ,0,0,0,0,0,0,0,0,0,-14000,0,0,0,3000,17000,-14000,-14000
060105,牧德元大9B購01  ,0,0,0,0,0,0,0,0,0,-14000,0,0,0,43000,57000,-14000,-14000
059742,富邦金元富99購01,0,0,0,0,0,0,0,0,0,-14000,0,0,0,72000,86000,-14000,-14000
062798,台光電統一9B購01,0,0,0,0,0,0,0,0,0,-14000,0,0,0,43000,57000,-14000,-14000
062810,華通兆豐9B購02  ,0,0,0,0,0,0,0,0,0,-14000,0,0,0,0,14000,-14000,-14000
062149,牧德國票9B購01  ,0,0,0,0,0,0,0,0,0,-14000,0,0,0,22000,36000,-14000,-14000
060296,和碩元大9A購01  ,0,0,0,0,0,0,0,0,0,-14000,0,0,0,6000,20000,-14000,-14000
059349,台郡凱基99購04  ,0,0,0,0,0,0,0,0,0,-14000,0,0,0,0,14000,-14000,-14000
062309,燿華凱基9B購01  ,0,0,0,0,0,0,0,0,0,-14000,0,0,0,36000,50000,-14000,-14000
061010,上銀麥證9A購02  ,0,0,0,0,14000,-14000,0,0,0,-14000,0,0,0,0,14000,-14000,-14000
059005,嘉晶元大99購06  ,0,0,0,0,0,0,0,0,0,-14000,0,0,0,6000,20000,-14000,-14000
064877,可成兆豐9C購02  ,0,0,0,0,0,0,0,0,0,-14000,0,0,0,0,14000,-14000,-14000
065263,國泰金元大9C購02,0,0,0,0,0,0,0,0,0,-14000,0,0,0,0,14000,-14000,-14000
064414,臺股指凱基9C購10,0,0,0,0,0,0,0,0,0,-14000,0,0,0,13000,27000,-14000,-14000
062877,可成兆豐9C購01  ,0,0,0,0,0,0,0,0,0,-14000,0,0,0,0,14000,-14000,-14000
063016,微星元大9C購02  ,0,0,0,0,0,0,0,0,0,-14000,0,0,0,17000,31000,-14000,-14000
063401,中租群益9B購03  ,0,0,0,0,0,0,0,0,0,-14000,0,0,0,0,14000,-14000,-14000
063283,華新科元大9C購03,0,0,0,0,0,0,0,0,0,-14000,0,0,0,29000,43000,-14000,-14000
9912,偉聯            ,0,14000,-14000,0,0,0,0,0,0,0,0,0,0,0,0,0,-14000
9937,全國            ,1000,15000,-14000,0,0,0,0,0,0,0,0,0,0,0,0,0,-14000
066375,南亞科兆豐01購01,0,0,0,0,0,0,0,0,0,-15000,0,0,0,0,15000,-15000,-15000
065979,立積元大03購01  ,0,0,0,0,0,0,0,0,0,-15000,0,0,0,160000,175000,-15000,-15000
065959,T50反1元大01購02,0,0,0,0,0,0,0,0,0,-15000,0,0,0,0,15000,-15000,-15000
065954,大立光統一03購01,0,0,0,0,0,0,0,0,0,-15000,0,0,0,123000,138000,-15000,-15000
065743,宏達電麥證9C購02,0,0,0,120000,135000,-15000,0,0,0,-15000,0,0,0,120000,135000,-15000,-15000
07462P,臺股指元大9B售05,0,0,0,0,0,0,0,0,0,-15000,0,0,0,5000,20000,-15000,-15000
06822P,上銀富邦99售03  ,0,0,0,0,0,0,0,0,0,-15000,0,0,0,112000,127000,-15000,-15000
07749P,台郡凱基9A售01  ,0,0,0,0,0,0,0,0,0,-15000,0,0,0,5000,20000,-15000,-15000
07707P,玉山金元大9A售03,0,0,0,0,0,0,0,0,0,-15000,0,0,0,0,15000,-15000,-15000
07998P,聯電凱基9C售01  ,0,0,0,0,0,0,0,0,0,-15000,0,0,0,10000,25000,-15000,-15000
07963P,智邦統一9B售01  ,0,0,0,0,0,0,0,0,0,-15000,0,0,0,0,15000,-15000,-15000
07902P,玉晶光國票01售01,0,0,0,0,0,0,0,0,0,-15000,0,0,0,480000,495000,-15000,-15000
08291P,智邦台新9C售02  ,0,0,0,0,0,0,0,0,0,-15000,0,0,0,0,15000,-15000,-15000
08335P,香港2X中信03售01,0,0,0,0,0,0,0,0,0,-15000,0,0,0,0,15000,-15000,-15000
08403P,上銀元大9C售07  ,0,0,0,0,0,0,0,0,0,-15000,0,0,0,9000,24000,-15000,-15000
08094P,華新科元富9B售05,0,0,0,0,0,0,0,0,0,-15000,0,0,0,20000,35000,-15000,-15000
08096P,大立光元富9B售04,0,0,0,0,0,0,0,0,0,-15000,0,0,0,80000,95000,-15000,-15000
08176P,國巨元大9B售20  ,0,0,0,0,0,0,0,0,0,-15000,0,0,0,0,15000,-15000,-15000
08228P,華擎國票9C售01  ,0,0,0,0,0,0,0,0,0,-15000,0,0,0,226000,241000,-15000,-15000
08700P,瑞昱康和01售01  ,0,0,0,0,0,0,0,0,0,-15000,0,0,0,5000,20000,-15000,-15000
08508P,臺股指國票9C售09,0,0,0,0,0,0,0,0,0,-15000,0,0,0,10000,25000,-15000,-15000
08620P,聯發科群益9C售15,0,0,0,0,0,0,0,0,0,-15000,0,0,0,7000,22000,-15000,-15000
055572,鴻海統一98購04  ,0,0,0,0,0,0,0,0,0,-15000,0,0,0,44000,59000,-15000,-15000
055384,緯穎元大98購02  ,0,0,0,0,0,0,0,0,0,-15000,0,0,0,0,15000,-15000,-15000
054055,全新國票99購02  ,0,0,0,0,0,0,0,0,0,-15000,0,0,0,30000,45000,-15000,-15000
056327,樺漢兆豐98購01  ,0,0,0,0,0,0,0,0,0,-15000,0,0,0,0,15000,-15000,-15000
054418,茂林元大97購01  ,0,0,0,0,0,0,0,0,0,-15000,0,0,0,85000,100000,-15000,-15000
056709,華通永豐98購01  ,0,0,0,0,0,0,0,0,0,-15000,0,0,0,111000,126000,-15000,-15000
056783,國巨群益99購01  ,0,0,0,0,0,0,0,0,0,-15000,0,0,0,2000,17000,-15000,-15000
058422,百和麥證99購01  ,0,0,0,6000,21000,-15000,0,0,0,-15000,0,0,0,6000,21000,-15000,-15000
061415,健策群益9A購04  ,0,0,0,0,0,0,0,0,0,-15000,0,0,0,76000,91000,-15000,-15000
058434,旺宏統一9B購01  ,0,0,0,0,0,0,0,0,0,-15000,0,0,0,0,15000,-15000,-15000
057318,台光電凱基9A購01,0,0,0,0,0,0,0,0,0,-15000,0,0,0,10000,25000,-15000,-15000
057266,TPK兆豐98購02   ,0,0,0,0,0,0,0,0,0,-15000,0,0,0,25000,40000,-15000,-15000
057587,微星國票99購01  ,0,0,0,0,0,0,0,0,0,-15000,0,0,0,2000,17000,-15000,-15000
058398,中環元大99購02  ,0,0,0,0,0,0,0,0,0,-15000,0,0,0,10000,25000,-15000,-15000
061486,國巨兆豐9B購02  ,0,0,0,0,0,0,0,0,0,-15000,0,0,0,75000,90000,-15000,-15000
061047,大立光第一9A購01,0,0,0,0,0,0,0,0,0,-15000,0,0,0,0,15000,-15000,-15000
061571,奇力新元大9A購03,0,0,0,0,0,0,0,0,0,-15000,0,0,0,0,15000,-15000,-15000
058599,T50反1元大99購05,0,0,0,0,0,0,0,0,0,-15000,0,0,0,0,15000,-15000,-15000
062067,滬深2X元大9B購01,0,0,0,0,0,0,0,0,0,-15000,0,0,0,0,15000,-15000,-15000
060342,台積電統一02購01,0,0,0,0,0,0,0,0,0,-15000,0,0,0,15000,30000,-15000,-15000
062095,旺宏富邦9C購03  ,0,0,0,0,0,0,0,0,0,-15000,0,0,0,0,15000,-15000,-15000
062727,華擎凱基9B購03  ,0,0,0,0,0,0,0,0,0,-15000,0,0,0,8000,23000,-15000,-15000
062674,百和中信03購01  ,0,0,0,0,0,0,0,0,0,-15000,0,0,0,0,15000,-15000,-15000
062366,義隆元大9B購04  ,0,0,0,0,0,0,0,0,0,-15000,0,0,0,1000,16000,-15000,-15000
062432,上銀元大9B購04  ,0,0,0,0,0,0,0,0,0,-15000,0,0,0,5000,20000,-15000,-15000
060777,茂林凱基9C購01  ,0,0,0,0,0,0,0,0,0,-15000,0,0,0,8000,23000,-15000,-15000
058576,南亞科群益99購01,0,0,0,0,0,0,0,0,0,-15000,0,0,0,0,15000,-15000,-15000
059890,大立光國票99購03,0,0,0,0,0,0,0,0,0,-15000,0,0,0,0,15000,-15000,-15000
060056,大立光凱基9B購01,0,0,0,0,0,0,0,0,0,-15000,0,0,0,0,15000,-15000,-15000
059643,日月光凱基99購02,0,0,0,0,0,0,0,0,0,-15000,0,0,0,30000,45000,-15000,-15000
059722,南亞科元大99購02,0,0,0,0,0,0,0,0,0,-15000,0,0,0,0,15000,-15000,-15000
058804,T50反1統一9B購01,0,0,0,0,0,0,0,0,0,-15000,0,0,0,0,15000,-15000,-15000
058864,欣興凱基99購04  ,0,0,0,0,0,0,0,0,0,-15000,0,0,0,14000,29000,-15000,-15000
063254,臺股指元大9B購41,0,0,0,0,0,0,0,0,0,-15000,0,0,0,0,15000,-15000,-15000
063368,遠東新永豐9B購01,0,0,0,0,0,0,0,0,0,-15000,0,0,0,0,15000,-15000,-15000
063536,美食統一01購01  ,0,0,0,0,0,0,0,0,0,-15000,0,0,0,5000,20000,-15000,-15000
063936,道瓊反元大9C購02,0,0,0,0,0,0,0,0,0,-15000,0,0,0,0,15000,-15000,-15000
064018,儒鴻元大9C購02  ,0,0,0,0,0,0,0,0,0,-15000,0,0,0,67000,82000,-15000,-15000
064846,旺宏元富03購01  ,0,0,0,0,0,0,0,0,0,-15000,0,0,0,0,15000,-15000,-15000
06461P,玉晶光國泰9A售01,0,0,0,0,0,0,0,0,0,-15000,0,0,0,0,15000,-15000,-15000
064597,鴻海元富9C購03  ,0,0,0,0,0,0,0,0,0,-15000,0,0,0,5601000,5616000,-15000,-15000
064557,鴻海群益9C購04  ,0,0,0,0,0,0,0,0,0,-15000,0,0,0,44000,59000,-15000,-15000
065072,和大元大9C購03  ,0,0,0,0,0,0,0,0,0,-15000,0,0,0,0,15000,-15000,-15000
910322,康師傅-DR       ,2000,17000,-15000,0,0,0,0,0,0,0,0,0,0,0,0,0,-15000
2739,寒舍            ,21000,36000,-15000,0,0,0,0,0,0,0,0,0,0,0,0,0,-15000
2616,山隆            ,0,15000,-15000,0,0,0,0,0,0,0,0,0,0,0,0,0,-15000
2033,佳大            ,0,15000,-15000,0,0,0,0,0,0,0,0,0,0,0,0,0,-15000
08563P,金像電元富9C售03,0,0,0,0,0,0,0,0,0,-16000,0,0,0,0,16000,-16000,-16000
08129P,聯發科元大9B售23,0,0,0,0,0,0,0,0,0,-16000,0,0,0,0,16000,-16000,-16000
08029P,臺股指元大9B售36,0,0,0,0,0,0,0,0,0,-16000,0,0,0,0,16000,-16000,-16000
065789,泰碩永豐9C購02  ,0,0,0,0,0,0,0,0,0,-16000,0,0,0,50000,66000,-16000,-16000
065643,聯發科元大01購06,0,0,0,0,0,0,0,0,0,-16000,0,0,0,593000,609000,-16000,-16000
065558,嘉聯益凱基9C購02,0,0,0,0,0,0,0,0,0,-16000,0,0,0,143000,159000,-16000,-16000
066341,永信永豐01購01  ,0,0,0,0,0,0,0,0,0,-16000,0,0,0,348000,364000,-16000,-16000
066150,國巨麥證01購02  ,0,0,0,6000,22000,-16000,0,0,0,-16000,0,0,0,6000,22000,-16000,-16000
057790,台積電統一99購04,0,0,0,0,0,0,0,0,0,-16000,0,0,0,0,16000,-16000,-16000
058247,聯茂元大99購04  ,0,0,0,0,0,0,0,0,0,-16000,0,0,0,0,16000,-16000,-16000
055701,亞德客富邦99購01,0,0,0,0,0,0,0,0,0,-16000,0,0,0,155000,171000,-16000,-16000
00702,國泰標普低波高息,0,0,0,0,0,0,0,0,0,-16000,0,0,0,0,16000,-16000,-16000
058811,台積電統一9A購05,0,0,0,0,0,0,0,0,0,-16000,0,0,0,1000,17000,-16000,-16000
060502,國巨元大9A購07  ,0,0,0,0,0,0,0,0,0,-16000,0,0,0,4000,20000,-16000,-16000
062582,鴻海統一9C購11  ,0,0,0,0,0,0,0,0,0,-16000,0,0,0,19000,35000,-16000,-16000
060310,瑞昱永豐9A購01  ,0,0,0,0,0,0,0,0,0,-16000,0,0,0,10000,26000,-16000,-16000
061899,復盛永豐9B購01  ,0,0,0,0,0,0,0,0,0,-16000,0,0,0,0,16000,-16000,-16000
058624,台積電國票99購09,0,0,0,0,0,0,0,0,0,-16000,0,0,0,33000,49000,-16000,-16000
061095,台積電台新9B購03,0,0,0,0,0,0,0,0,0,-16000,0,0,0,0,16000,-16000,-16000
060232,友訊元大9C購01  ,0,0,0,0,0,0,0,0,0,-16000,0,0,0,0,16000,-16000,-16000
065249,聯發科麥證9C購04,0,0,0,37000,53000,-16000,0,0,0,-16000,0,0,0,37000,53000,-16000,-16000
064729,聯茂統一02購02  ,0,0,0,0,0,0,0,0,0,-16000,0,0,0,39000,55000,-16000,-16000
063544,華新科台新9B購02,0,0,0,0,0,0,0,0,0,-16000,0,0,0,0,16000,-16000,-16000
063463,瑞昱元大9B購05  ,0,0,0,0,0,0,0,0,0,-16000,0,0,0,7000,23000,-16000,-16000
063022,嘉晶元大9B購04  ,0,0,0,0,0,0,0,0,0,-16000,0,0,0,150000,166000,-16000,-16000
063084,可成凱基9C購01  ,0,0,0,0,0,0,0,0,0,-16000,0,0,0,4000,20000,-16000,-16000
2007,燁興            ,3000,19000,-16000,0,0,0,0,0,0,0,0,0,0,0,0,0,-16000
8462,柏文            ,9000,25000,-16000,0,0,0,0,0,0,0,0,0,0,0,0,0,-16000
066437,台泥群益02購01  ,0,0,0,0,0,0,0,0,0,-17000,0,0,0,39000,56000,-17000,-17000
066631,聯詠凱基03購01  ,0,0,0,0,0,0,0,0,0,-17000,0,0,0,1000,18000,-17000,-17000
066567,臻鼎元大01購01  ,0,0,0,0,0,0,0,0,0,-17000,0,0,0,17000,34000,-17000,-17000
08186P,泰碩永豐9B售03  ,0,0,0,0,0,0,0,0,0,-17000,0,0,0,3000,20000,-17000,-17000
08542P,台勝科國票02售01,0,0,0,0,0,0,0,0,0,-17000,0,0,0,10000,27000,-17000,-17000
03050X,元展47          ,0,0,0,0,0,0,0,0,0,-17000,0,0,0,3000,20000,-17000,-17000
056431,鴻海凱基98購07  ,0,0,0,0,0,0,0,0,0,-17000,0,0,0,33000,50000,-17000,-17000
060945,緯穎國票9A購02  ,0,0,0,0,0,0,0,0,0,-17000,0,0,0,102000,119000,-17000,-17000
061190,力山永豐9A購02  ,0,0,0,0,0,0,0,0,0,-17000,0,0,0,31000,48000,-17000,-17000
061565,滬深2X元大9A購08,0,0,0,0,0,0,0,0,0,-17000,0,0,0,25000,42000,-17000,-17000
062336,茂林統一01購02  ,0,0,0,0,0,0,0,0,0,-17000,0,0,0,3000,20000,-17000,-17000
062074,旺宏元大9B購04  ,0,0,0,0,0,0,0,0,0,-17000,0,0,0,0,17000,-17000,-17000
060547,瑞昱凱基9A購01  ,0,0,0,0,0,0,0,0,0,-17000,0,0,0,0,17000,-17000,-17000
058884,世紀鋼永豐99購02,0,0,0,0,0,0,0,0,0,-17000,0,0,0,10000,27000,-17000,-17000
058516,健鼎元大99購02  ,0,0,0,0,0,0,0,0,0,-17000,0,0,0,11000,28000,-17000,-17000
06334P,臺股指群益9C售03,0,0,0,0,0,0,0,0,0,-17000,0,0,0,81000,98000,-17000,-17000
063291,緯穎元大01購01  ,0,0,0,0,0,0,0,0,0,-17000,0,0,0,60000,77000,-17000,-17000
063887,香港2X中信02購01,0,0,0,0,0,0,0,0,0,-17000,0,0,0,73000,90000,-17000,-17000
063742,道瓊指國票9C購01,0,0,0,0,0,0,0,0,0,-17000,0,0,0,13000,30000,-17000,-17000
065375,神基元大03購01  ,0,0,0,0,0,0,0,0,0,-17000,0,0,0,0,17000,-17000,-17000
4956,光鋐            ,1432000,1446000,-14000,0,0,0,0,0,0,-3000,0,3000,-3000,0,0,0,-17000
1456,怡華            ,32000,49000,-17000,0,0,0,0,0,0,0,0,0,0,0,0,0,-17000
2022,聚亨            ,88000,105000,-17000,0,0,0,0,0,0,0,0,0,0,0,0,0,-17000
1340,勝悅-KY         ,96000,114000,-18000,0,0,0,0,0,0,0,0,0,0,0,0,0,-18000
07992P,玉晶光群益01售04,0,0,0,0,0,0,0,0,0,-18000,0,0,0,46000,64000,-18000,-18000
08051P,臺股指國票9B售16,0,0,0,0,0,0,0,0,0,-18000,0,0,0,0,18000,-18000,-18000
08065P,瑞昱凱基9B售03  ,0,0,0,0,0,0,0,0,0,-18000,0,0,0,8000,26000,-18000,-18000
07580P,緯穎元大9A售03  ,0,0,0,0,0,0,0,0,0,-18000,0,0,0,12000,30000,-18000,-18000
06798P,臺股指凱基98售08,0,0,0,0,0,0,0,0,0,-18000,0,0,0,0,18000,-18000,-18000
06886P,旺宏元大99售07  ,0,0,0,0,0,0,0,0,0,-18000,0,0,0,24000,42000,-18000,-18000
07166P,台灣50兆豐03售01,0,0,0,0,0,0,0,0,0,-18000,0,0,0,0,18000,-18000,-18000
066530,美律元富04購01  ,0,0,0,0,0,0,0,0,0,-18000,0,0,0,0,18000,-18000,-18000
066195,臺股指凱基03購04,0,0,0,0,0,0,0,0,0,-18000,0,0,0,38000,56000,-18000,-18000
061616,鴻海群益9A購07  ,0,0,0,0,0,0,0,0,0,-18000,0,0,0,48000,66000,-18000,-18000
061644,健策元大9C購02  ,0,0,0,0,0,0,0,0,0,-18000,0,0,0,42000,60000,-18000,-18000
061632,SP黃豆元大9A購06,0,0,0,0,0,0,0,0,0,-18000,0,0,0,2000,20000,-18000,-18000
056475,宏達電元大99購02,0,0,0,0,0,0,0,0,0,-18000,0,0,0,913000,931000,-18000,-18000
057672,茂林元大98購02  ,0,0,0,0,0,0,0,0,0,-18000,0,0,0,50000,68000,-18000,-18000
059519,台郡永豐99購01  ,0,0,0,0,0,0,0,0,0,-18000,0,0,0,20000,38000,-18000,-18000
059623,聯電凱基99購02  ,0,0,0,0,0,0,0,0,0,-18000,0,0,0,25000,43000,-18000,-18000
060014,中鋼康和99購01  ,0,0,0,0,0,0,0,0,0,-18000,0,0,0,68000,86000,-18000,-18000
062100,矽格永豐9B購01  ,0,0,0,0,0,0,0,0,0,-18000,0,0,0,23000,41000,-18000,-18000
061569,旺宏元大9A購14  ,0,0,0,0,0,0,0,0,0,-18000,0,0,0,0,18000,-18000,-18000
065446,宏達電統一9C購02,0,0,0,0,0,0,0,0,0,-18000,0,0,0,17000,35000,-18000,-18000
065050,世芯凱基9C購01  ,0,0,0,0,0,0,0,0,0,-18000,0,0,0,10000,28000,-18000,-18000
064751,亞德客凱基9C購02,0,0,0,0,0,0,0,0,0,-18000,0,0,0,51000,69000,-18000,-18000
063304,大立光凱基01購02,0,0,0,0,0,0,0,0,0,-18000,0,0,0,1000,19000,-18000,-18000
063433,臻鼎元富9B購01  ,0,0,0,0,0,0,0,0,0,-18000,0,0,0,266000,284000,-18000,-18000
063504,國巨群益9C購06  ,0,0,0,0,0,0,0,0,0,-18000,0,0,0,2000,20000,-18000,-18000
06284P,台積電國票98售03,0,0,0,0,0,0,0,0,0,-18000,0,0,0,0,18000,-18000,-18000
1439,中和            ,33000,51000,-18000,0,0,0,0,0,0,0,0,0,0,0,0,0,-18000
1419,新紡            ,0,18000,-18000,0,0,0,0,0,0,0,0,0,0,0,0,0,-18000
4720,德淵            ,185000,204000,-19000,0,0,0,0,0,0,1000,1000,0,1000,0,0,0,-18000
9944,新麗            ,108000,130000,-22000,0,0,0,0,0,0,4000,4000,0,4000,0,0,0,-18000
066301,大成永豐01購01  ,0,0,0,0,0,0,0,0,0,-19000,0,0,0,51000,70000,-19000,-19000
066700,瑞昱群益01購01  ,0,0,0,0,0,0,0,0,0,-19000,0,0,0,0,19000,-19000,-19000
065770,元黃金國票01購01,0,0,0,0,0,0,0,0,0,-19000,0,0,0,0,19000,-19000,-19000
065699,南亞科群益9C購02,0,0,0,0,0,0,0,0,0,-19000,0,0,0,0,19000,-19000,-19000
065927,智原國票02購01  ,0,0,0,0,0,0,0,0,0,-19000,0,0,0,74000,93000,-19000,-19000
08037P,台表科群益9B售02,0,0,0,0,0,0,0,0,0,-19000,0,0,0,30000,49000,-19000,-19000
1232,大統益          ,3000,22000,-19000,0,0,0,0,0,0,0,0,0,0,0,0,0,-19000
056466,臺股指凱基99購08,0,0,0,0,0,0,0,0,0,-19000,0,0,0,3000,22000,-19000,-19000
057549,台光電凱基98購05,0,0,0,0,0,0,0,0,0,-19000,0,0,0,1000,20000,-19000,-19000
052766,玉晶光群益9A購01,0,0,0,0,0,0,0,0,0,-19000,0,0,0,2000,21000,-19000,-19000
053818,富邦金群益98購01,0,0,0,0,0,0,0,0,0,-19000,0,0,0,11000,30000,-19000,-19000
057236,聯詠凱基98購03  ,0,0,0,0,0,0,0,0,0,-19000,0,0,0,19000,38000,-19000,-19000
060219,聯發科凱基9A購09,0,0,0,0,0,0,0,0,0,-19000,0,0,0,5000,24000,-19000,-19000
062166,致新國泰01購01  ,0,0,0,0,0,0,0,0,0,-19000,0,0,0,2000,21000,-19000,-19000
062272,鴻海群益9B購05  ,0,0,0,0,0,0,0,0,0,-19000,0,0,0,52000,71000,-19000,-19000
061956,和大統一01購01  ,0,0,0,0,0,0,0,0,0,-19000,0,0,0,43000,62000,-19000,-19000
062017,京鼎永豐9B購01  ,0,0,0,0,0,0,0,0,0,-19000,0,0,0,185000,204000,-19000,-19000
059635,華新科凱基9A購06,0,0,0,0,0,0,0,0,0,-19000,0,0,0,0,19000,-19000,-19000
058801,致伸元大99購01  ,0,0,0,0,0,0,0,0,0,-19000,0,0,0,0,19000,-19000,-19000
063174,臺股指中信01購04,0,0,0,0,0,0,0,0,0,-19000,0,0,0,1000,20000,-19000,-19000
063496,儒鴻永豐9B購01  ,0,0,0,0,0,0,0,0,0,-19000,0,0,0,10000,29000,-19000,-19000
063445,金像電統一9B購01,0,0,0,0,0,0,0,0,0,-19000,0,0,0,1000,20000,-19000,-19000
063271,中磊兆豐9C購01  ,0,0,0,0,0,0,0,0,0,-19000,0,0,0,1000,20000,-19000,-19000
064206,鴻海凱基03購02  ,0,0,0,0,0,0,0,0,0,-19000,0,0,0,75000,94000,-19000,-19000
064620,大立光元大01購03,0,0,0,0,0,0,0,0,0,-19000,0,0,0,56000,75000,-19000,-19000
064256,玉晶光國泰02購02,0,0,0,0,0,0,0,0,0,-19000,0,0,0,41000,60000,-19000,-19000
1506,正道            ,51000,70000,-19000,0,0,0,0,0,0,0,0,0,0,0,0,0,-19000
3346,麗清            ,197000,216000,-19000,0,0,0,0,0,0,0,0,0,0,0,0,0,-19000
08677P,超眾群益01售02  ,0,0,0,0,0,0,0,0,0,-20000,0,0,0,40000,60000,-20000,-20000
08739P,台郡凱基01售03  ,0,0,0,0,0,0,0,0,0,-20000,0,0,0,0,20000,-20000,-20000
08745P,臺股指凱基02售06,0,0,0,0,0,0,0,0,0,-20000,0,0,0,0,20000,-20000,-20000
08568P,臺股指富邦9C售05,0,0,0,0,0,0,0,0,0,-20000,0,0,0,0,20000,-20000,-20000
08523P,金像電元大9C售06,0,0,0,0,0,0,0,0,0,-20000,0,0,0,0,20000,-20000,-20000
08630P,臺股指麥證9C售05,0,0,0,0,20000,-20000,0,0,0,-20000,0,0,0,0,20000,-20000,-20000
08207P,金像電群益9B售05,0,0,0,0,0,0,0,0,0,-20000,0,0,0,0,20000,-20000,-20000
08222P,南六凱基9B售05  ,0,0,0,0,0,0,0,0,0,-20000,0,0,0,0,20000,-20000,-20000
08215P,旺宏群益9B售04  ,0,0,0,0,0,0,0,0,0,-20000,0,0,0,0,20000,-20000,-20000
08279P,南電元富9C售02  ,0,0,0,0,0,0,0,0,0,-20000,0,0,0,0,20000,-20000,-20000
08289P,智邦統一9C售01  ,0,0,0,0,0,0,0,0,0,-20000,0,0,0,0,20000,-20000,-20000
08108P,聯發科元富9B售03,0,0,0,0,0,0,0,0,0,-20000,0,0,0,0,20000,-20000,-20000
08409P,臺股指元大9C售15,0,0,0,0,0,0,0,0,0,-20000,0,0,0,0,20000,-20000,-20000
08412P,群創凱基01售03  ,0,0,0,0,0,0,0,0,0,-20000,0,0,0,0,20000,-20000,-20000
08414P,超眾凱基9C售02  ,0,0,0,0,0,0,0,0,0,-20000,0,0,0,0,20000,-20000,-20000
08397P,國巨元富9C售04  ,0,0,0,0,0,0,0,0,0,-20000,0,0,0,0,20000,-20000,-20000
08351P,南六國票01售02  ,0,0,0,0,0,0,0,0,0,-20000,0,0,0,0,20000,-20000,-20000
08369P,鴻海凱基01售04  ,0,0,0,0,0,0,0,0,0,-20000,0,0,0,0,20000,-20000,-20000
07959P,健策永豐9B售05  ,0,0,0,0,0,0,0,0,0,-20000,0,0,0,0,20000,-20000,-20000
07905P,大立光群益9B售04,0,0,0,0,0,0,0,0,0,-20000,0,0,0,0,20000,-20000,-20000
07841P,臻鼎元大9A售04  ,0,0,0,0,0,0,0,0,0,-20000,0,0,0,0,20000,-20000,-20000
07576P,可成元大9A售01  ,0,0,0,0,0,0,0,0,0,-20000,0,0,0,0,20000,-20000,-20000
07474P,滬深2X群益9C售03,0,0,0,0,0,0,0,0,0,-20000,0,0,0,35000,55000,-20000,-20000
07717P,臺股指群益9A售06,0,0,0,0,0,0,0,0,0,-20000,0,0,0,0,20000,-20000,-20000
07743P,智邦凱基9A售03  ,0,0,0,0,0,0,0,0,0,-20000,0,0,0,0,20000,-20000,-20000
07675P,全新永豐9A售02  ,0,0,0,0,0,0,0,0,0,-20000,0,0,0,20000,40000,-20000,-20000
07162P,臺股指群益99售13,0,0,0,0,0,0,0,0,0,-20000,0,0,0,0,20000,-20000,-20000
07141P,台灣50國票9A售03,0,0,0,0,0,0,0,0,0,-20000,0,0,0,0,20000,-20000,-20000
07189P,聯發科富邦9B售03,0,0,0,0,0,0,0,0,0,-20000,0,0,0,200000,220000,-20000,-20000
07088P,訊芯永豐99售02  ,0,0,0,0,0,0,0,0,0,-20000,0,0,0,0,20000,-20000,-20000
07434P,臺股指國票9A售06,0,0,0,0,0,0,0,0,0,-20000,0,0,0,0,20000,-20000,-20000
07379P,大立光元大99售30,0,0,0,0,0,0,0,0,0,-20000,0,0,0,0,20000,-20000,-20000
07354P,臺股指國票99售22,0,0,0,0,0,0,0,0,0,-20000,0,0,0,0,20000,-20000,-20000
07226P,貿聯富邦9B售01  ,0,0,0,0,0,0,0,0,0,-20000,0,0,0,0,20000,-20000,-20000
07302P,臺股指元大9A售35,0,0,0,0,0,0,0,0,0,-20000,0,0,0,0,20000,-20000,-20000
06857P,超眾永豐98售02  ,0,0,0,0,0,0,0,0,0,-20000,0,0,0,0,20000,-20000,-20000
06777P,鴻海元大99售06  ,0,0,0,0,0,0,0,0,0,-20000,0,0,0,0,20000,-20000,-20000
06825P,臺股指國票98售01,0,0,0,0,0,0,0,0,0,-20000,0,0,0,10000,30000,-20000,-20000
07011P,宏達電凱基99售02,0,0,0,0,0,0,0,0,0,-20000,0,0,0,41000,61000,-20000,-20000
07028P,大立光群益99售06,0,0,0,0,0,0,0,0,0,-20000,0,0,0,0,20000,-20000,-20000
07064P,臺股指元大9A售25,0,0,0,0,0,0,0,0,0,-20000,0,0,0,0,20000,-20000,-20000
06940P,旺宏永豐98售05  ,0,0,0,0,0,0,0,0,0,-20000,0,0,0,0,20000,-20000,-20000
06938P,南電元大98售03  ,0,0,0,0,0,0,0,0,0,-20000,0,0,0,0,20000,-20000,-20000
065929,TPK國票02購01   ,0,0,0,0,0,0,0,0,0,-20000,0,0,0,18000,38000,-20000,-20000
065822,緯創台新9C購01  ,0,0,0,0,0,0,0,0,0,-20000,0,0,0,13000,33000,-20000,-20000
066123,華夏群益01購01  ,0,0,0,0,0,0,0,0,0,-20000,0,0,0,0,20000,-20000,-20000
065678,聯發科統一01購07,0,0,0,0,0,0,0,0,0,-20000,0,0,0,120000,140000,-20000,-20000
065761,中租元大9C購02  ,0,0,0,0,0,0,0,0,0,-20000,0,0,0,0,20000,-20000,-20000
06556P,臺股指元大99售08,0,0,0,0,0,0,0,0,0,-20000,0,0,0,0,20000,-20000,-20000
065588,聯發科永豐9C購02,0,0,0,0,0,0,0,0,0,-20000,0,0,0,14000,34000,-20000,-20000
066686,鴻海元富07購05  ,0,0,0,0,0,0,0,0,0,-20000,0,0,0,0,20000,-20000,-20000
06712P,臺股指台新99售09,0,0,0,0,0,0,0,0,0,-20000,0,0,0,30000,50000,-20000,-20000
066777,群創富邦01購01  ,0,0,0,0,0,0,0,0,0,-20000,0,0,0,0,20000,-20000,-20000
066527,泰鼎統一03購01  ,0,0,0,0,0,0,0,0,0,-20000,0,0,0,0,20000,-20000,-20000
066466,晶碩統一02購01  ,0,0,0,0,0,0,0,0,0,-20000,0,0,0,16000,36000,-20000,-20000
066506,宏達電富邦03購01,0,0,0,0,0,0,0,0,0,-20000,0,0,0,0,20000,-20000,-20000
066507,和碩富邦03購01  ,0,0,0,0,0,0,0,0,0,-20000,0,0,0,16000,36000,-20000,-20000
066415,台積電元大01購11,0,0,0,0,0,0,0,0,0,-20000,0,0,0,0,20000,-20000,-20000
066398,京鼎凱基01購02  ,0,0,0,0,0,0,0,0,0,-20000,0,0,0,35000,55000,-20000,-20000
066390,鴻海凱基02購03  ,0,0,0,0,0,0,0,0,0,-20000,0,0,0,62000,82000,-20000,-20000
066214,惠特統一03購02  ,0,0,0,0,0,0,0,0,0,-20000,0,0,0,0,20000,-20000,-20000
066245,道瓊反元大02購01,0,0,0,0,0,0,0,0,0,-20000,0,0,0,0,20000,-20000,-20000
066108,惠特國票02購02  ,0,0,0,0,0,0,0,0,0,-20000,0,0,0,0,20000,-20000,-20000
058108,台郡台新99購01  ,0,0,0,0,0,0,0,0,0,-20000,0,0,0,0,20000,-20000,-20000
057222,鴻海國票99購04  ,0,0,0,0,0,0,0,0,0,-20000,0,0,0,46000,66000,-20000,-20000
057104,康友中信99購01  ,0,0,0,0,0,0,0,0,0,-20000,0,0,0,0,20000,-20000,-20000
057072,日月光永豐98購01,0,0,0,0,0,0,0,0,0,-20000,0,0,0,0,20000,-20000,-20000
056347,GIS凱基9A購01   ,0,0,0,0,0,0,0,0,0,-20000,0,0,0,0,20000,-20000,-20000
054771,茂林國票98購02  ,0,0,0,0,0,0,0,0,0,-20000,0,0,0,40000,60000,-20000,-20000
054065,樺漢國票97購01  ,0,0,0,0,0,0,0,0,0,-20000,0,0,0,0,20000,-20000,-20000
053916,漢唐國票97購04  ,0,0,0,0,0,0,0,0,0,-20000,0,0,0,0,20000,-20000,-20000
054270,寶滬深中信98購01,0,0,0,0,0,0,0,0,0,-20000,0,0,0,0,20000,-20000,-20000
055435,佳世達中信99購01,0,0,0,0,0,0,0,0,0,-20000,0,0,0,0,20000,-20000,-20000
055523,道瓊銀群益9A購01,0,0,0,0,0,0,0,0,0,-20000,0,0,0,0,20000,-20000,-20000
054871,明泰群益98購01  ,0,0,0,0,0,0,0,0,0,-20000,0,0,0,0,20000,-20000,-20000
053805,奇鋐凱基98購02  ,0,0,0,0,0,0,0,0,0,-20000,0,0,0,32000,52000,-20000,-20000
056126,台郡國票98購02  ,0,0,0,0,0,0,0,0,0,-20000,0,0,0,0,20000,-20000,-20000
056129,義隆麥證97購01  ,0,0,0,0,20000,-20000,0,0,0,-20000,0,0,0,0,20000,-20000,-20000
056138,群創元大9B購01  ,0,0,0,0,0,0,0,0,0,-20000,0,0,0,21000,41000,-20000,-20000
056157,聯詠凱基97購03  ,0,0,0,0,0,0,0,0,0,-20000,0,0,0,20000,40000,-20000,-20000
056247,台郡群益97購01  ,0,0,0,0,0,0,0,0,0,-20000,0,0,0,0,20000,-20000,-20000
056241,緯創群益97購01  ,0,0,0,0,0,0,0,0,0,-20000,0,0,0,0,20000,-20000,-20000
055670,矽創群益98購02  ,0,0,0,0,0,0,0,0,0,-20000,0,0,0,30000,50000,-20000,-20000
055722,聯鈞元大97購03  ,0,0,0,0,0,0,0,0,0,-20000,0,0,0,0,20000,-20000,-20000
045837,群創群益98購02  ,0,0,0,0,0,0,0,0,0,-20000,0,0,0,0,20000,-20000,-20000
052777,燿華國票98購01  ,0,0,0,0,0,0,0,0,0,-20000,0,0,0,0,20000,-20000,-20000
052313,聯電元大98購01  ,0,0,0,0,0,0,0,0,0,-20000,0,0,0,103000,123000,-20000,-20000
053095,台光電統一98購01,0,0,0,0,0,0,0,0,0,-20000,0,0,0,5000,25000,-20000,-20000
053323,群創群益98購07  ,0,0,0,0,0,0,0,0,0,-20000,0,0,0,0,20000,-20000,-20000
053291,旺宏中信9A購01  ,0,0,0,0,0,0,0,0,0,-20000,0,0,0,0,20000,-20000,-20000
03064X,元展59          ,0,0,0,0,0,0,0,0,0,-20000,0,0,0,0,20000,-20000,-20000
053609,華新中信9A購01  ,0,0,0,0,0,0,0,0,0,-20000,0,0,0,0,20000,-20000,-20000
053655,全新凱基98購02  ,0,0,0,0,0,0,0,0,0,-20000,0,0,0,0,20000,-20000,-20000
053394,鴻海中信9A購01  ,0,0,0,0,0,0,0,0,0,-20000,0,0,0,0,20000,-20000,-20000
057012,康控中信98購01  ,0,0,0,0,0,0,0,0,0,-20000,0,0,0,0,20000,-20000,-20000
061634,遠東新元大9A購01,0,0,0,0,0,0,0,0,0,-20000,0,0,0,80000,100000,-20000,-20000
060904,臺指反元大9C購07,0,0,0,0,0,0,0,0,0,-20000,0,0,0,0,20000,-20000,-20000
060950,T50反1群益9A購03,0,0,0,0,0,0,0,0,0,-20000,0,0,0,0,20000,-20000,-20000
058372,欣興凱基99購03  ,0,0,0,0,0,0,0,0,0,-20000,0,0,0,0,20000,-20000,-20000
056444,南亞科凱基99購01,0,0,0,0,0,0,0,0,0,-20000,0,0,0,0,20000,-20000,-20000
057368,微星元大98購02  ,0,0,0,0,0,0,0,0,0,-20000,0,0,0,3000,23000,-20000,-20000
057438,禾伸堂國票99購01,0,0,0,0,0,0,0,0,0,-20000,0,0,0,0,20000,-20000,-20000
057422,欣興凱基98購04  ,0,0,0,0,0,0,0,0,0,-20000,0,0,0,10000,30000,-20000,-20000
057323,智邦群益98購01  ,0,0,0,0,0,0,0,0,0,-20000,0,0,0,0,20000,-20000,-20000
058237,嘉晶元大99購04  ,0,0,0,0,0,0,0,0,0,-20000,0,0,0,0,20000,-20000,-20000
057958,禾伸堂元大99購05,0,0,0,0,0,0,0,0,0,-20000,0,0,0,10000,30000,-20000,-20000
057953,聚陽元大98購01  ,0,0,0,0,0,0,0,0,0,-20000,0,0,0,0,20000,-20000,-20000
057915,台泥凱基98購01  ,0,0,0,0,0,0,0,0,0,-20000,0,0,0,121000,141000,-20000,-20000
057882,華通群益9A購03  ,0,0,0,0,0,0,0,0,0,-20000,0,0,0,0,20000,-20000,-20000
057883,中環群益98購01  ,0,0,0,0,0,0,0,0,0,-20000,0,0,0,90000,110000,-20000,-20000
058748,景碩凱基9A購01  ,0,0,0,0,0,0,0,0,0,-20000,0,0,0,0,20000,-20000,-20000
05875P,旺宏群益98售01  ,0,0,0,0,0,0,0,0,0,-20000,0,0,0,0,20000,-20000,-20000
058906,晶相光元大99購01,0,0,0,0,0,0,0,0,0,-20000,0,0,0,0,20000,-20000,-20000
058942,南茂中信99購01  ,0,0,0,0,0,0,0,0,0,-20000,0,0,0,0,20000,-20000,-20000
058849,奇力新群益99購02,0,0,0,0,0,0,0,0,0,-20000,0,0,0,0,20000,-20000,-20000
059460,GIS永豐99購02   ,0,0,0,0,0,0,0,0,0,-20000,0,0,0,0,20000,-20000,-20000
060420,神基永豐9A購01  ,0,0,0,0,0,0,0,0,0,-20000,0,0,0,0,20000,-20000,-20000
059665,嘉聯益元大99購06,0,0,0,0,0,0,0,0,0,-20000,0,0,0,0,20000,-20000,-20000
060027,元金2X永豐99購02,0,0,0,0,0,0,0,0,0,-20000,0,0,0,0,20000,-20000,-20000
060573,力成永豐9A購01  ,0,0,0,0,0,0,0,0,0,-20000,0,0,0,18000,38000,-20000,-20000
058494,可成群益9B購01  ,0,0,0,0,0,0,0,0,0,-20000,0,0,0,0,20000,-20000,-20000
060846,欣興國票9A購02  ,0,0,0,0,0,0,0,0,0,-20000,0,0,0,0,20000,-20000,-20000
062470,智邦凱基9C購01  ,0,0,0,0,0,0,0,0,0,-20000,0,0,0,23000,43000,-20000,-20000
060871,台灣50中信01購03,0,0,0,0,0,0,0,0,0,-20000,0,0,0,10000,30000,-20000,-20000
062364,瑞昱元大9B購04  ,0,0,0,0,0,0,0,0,0,-20000,0,0,0,23000,43000,-20000,-20000
062559,嘉晶凱基9B購02  ,0,0,0,0,0,0,0,0,0,-20000,0,0,0,16000,36000,-20000,-20000
062551,緯穎永豐9B購02  ,0,0,0,0,0,0,0,0,0,-20000,0,0,0,20000,40000,-20000,-20000
062728,健策凱基9B購04  ,0,0,0,0,0,0,0,0,0,-20000,0,0,0,40000,60000,-20000,-20000
062261,嘉晶元大9B購02  ,0,0,0,0,0,0,0,0,0,-20000,0,0,0,1000,21000,-20000,-20000
059391,立積凱基9A購01  ,0,0,0,0,0,0,0,0,0,-20000,0,0,0,0,20000,-20000,-20000
058662,禾伸堂兆豐99購01,0,0,0,0,0,0,0,0,0,-20000,0,0,0,0,20000,-20000,-20000
05862P,大立光國泰98售01,0,0,0,0,0,0,0,0,0,-20000,0,0,0,0,20000,-20000,-20000
060300,佐登國泰9B購01  ,0,0,0,0,0,0,0,0,0,-20000,0,0,0,0,20000,-20000,-20000
061941,道瓊指群益9B購01,0,0,0,0,0,0,0,0,0,-20000,0,0,0,0,20000,-20000,-20000
061842,牧德凱基9C購01  ,0,0,0,0,0,0,0,0,0,-20000,0,0,0,107000,127000,-20000,-20000
062208,旭富國票9C購01  ,0,0,0,0,0,0,0,0,0,-20000,0,0,0,45000,65000,-20000,-20000
060266,潤泰全國票9A購01,0,0,0,0,0,0,0,0,0,-20000,0,0,0,0,20000,-20000,-20000
059070,道瓊指元大99購02,0,0,0,0,0,0,0,0,0,-20000,0,0,0,0,20000,-20000,-20000
059274,國巨元大99購22  ,0,0,0,0,0,0,0,0,0,-20000,0,0,0,0,20000,-20000,-20000
060680,玉晶光元大9C購03,0,0,0,0,0,0,0,0,0,-20000,0,0,0,3000,23000,-20000,-20000
061288,大立光統一9C購01,0,0,0,0,0,0,0,0,0,-20000,0,0,0,0,20000,-20000,-20000
064337,大毅元大01購02  ,0,0,0,0,0,0,0,0,0,-20000,0,0,0,0,20000,-20000,-20000
064312,大立光群益01購01,0,0,0,0,0,0,0,0,0,-20000,0,0,0,0,20000,-20000,-20000
06448P,華通元大99售01  ,0,0,0,0,0,0,0,0,0,-20000,0,0,0,5000,25000,-20000,-20000
064750,緯穎麥證9C購01  ,0,0,0,0,20000,-20000,0,0,0,-20000,0,0,0,0,20000,-20000,-20000
06477P,緯穎國票99售02  ,0,0,0,0,0,0,0,0,0,-20000,0,0,0,0,20000,-20000,-20000
064803,智邦元大9C購05  ,0,0,0,0,0,0,0,0,0,-20000,0,0,0,42000,62000,-20000,-20000
065131,晶技兆豐01購01  ,0,0,0,0,0,0,0,0,0,-20000,0,0,0,33000,53000,-20000,-20000
064896,華新科群益01購02,0,0,0,0,0,0,0,0,0,-20000,0,0,0,50000,70000,-20000,-20000
065018,台達電富邦03購01,0,0,0,0,0,0,0,0,0,-20000,0,0,0,589000,609000,-20000,-20000
065009,勤誠國票01購01  ,0,0,0,0,0,0,0,0,0,-20000,0,0,0,0,20000,-20000,-20000
06499P,臺股指元大9A售04,0,0,0,0,0,0,0,0,0,-20000,0,0,0,0,20000,-20000,-20000
064973,智邦元大9C購06  ,0,0,0,0,0,0,0,0,0,-20000,0,0,0,67000,87000,-20000,-20000
064964,T50反1元大9C購10,0,0,0,0,0,0,0,0,0,-20000,0,0,0,0,20000,-20000,-20000
064966,FBVIX元大9C購03 ,0,0,0,0,0,0,0,0,0,-20000,0,0,0,20000,40000,-20000,-20000
064968,道瓊銀元大01購02,0,0,0,0,0,0,0,0,0,-20000,0,0,0,1000,21000,-20000,-20000
065228,南亞科凱基01購03,0,0,0,0,0,0,0,0,0,-20000,0,0,0,0,20000,-20000,-20000
065359,台灣50元大9C購49,0,0,0,0,0,0,0,0,0,-20000,0,0,0,0,20000,-20000,-20000
065340,旺宏統一9C購04  ,0,0,0,0,0,0,0,0,0,-20000,0,0,0,0,20000,-20000,-20000
063735,華新科元大9B購15,0,0,0,0,0,0,0,0,0,-20000,0,0,0,0,20000,-20000,-20000
063892,旺宏群益01購01  ,0,0,0,0,0,0,0,0,0,-20000,0,0,0,0,20000,-20000,-20000
063898,旭富群益9C購01  ,0,0,0,0,0,0,0,0,0,-20000,0,0,0,20000,40000,-20000,-20000
063688,建準永豐9B購03  ,0,0,0,0,0,0,0,0,0,-20000,0,0,0,0,20000,-20000,-20000
063371,南亞科永豐9B購01,0,0,0,0,0,0,0,0,0,-20000,0,0,0,0,20000,-20000,-20000
063551,美食國票9B購02  ,0,0,0,0,0,0,0,0,0,-20000,0,0,0,0,20000,-20000,-20000
06309P,光罩元富97售03  ,0,0,0,0,0,0,0,0,0,-20000,0,0,0,0,20000,-20000,-20000
062863,聯茂國票9B購01  ,0,0,0,0,0,0,0,0,0,-20000,0,0,0,0,20000,-20000,-20000
062880,大立光兆豐9B購02,0,0,0,0,0,0,0,0,0,-20000,0,0,0,0,20000,-20000,-20000
062881,緯創兆豐9C購01  ,0,0,0,0,0,0,0,0,0,-20000,0,0,0,0,20000,-20000,-20000
2891B,中信金乙特      ,0,0,0,0,0,0,0,0,0,-20000,1000,21000,-20000,0,0,0,-20000
2030,彰源            ,7000,27000,-20000,0,0,0,0,0,0,0,0,0,0,0,0,0,-20000
2443,億麗            ,6000,26000,-20000,0,0,0,0,0,0,0,0,0,0,0,0,0,-20000
9927,泰銘            ,6000,30000,-24000,0,0,0,0,0,0,4000,4000,0,4000,0,0,0,-20000
066571,矽格元大01購02  ,0,0,0,0,0,0,0,0,0,-21000,0,0,0,24000,45000,-21000,-21000
06603P,立積統一99售01  ,0,0,0,0,0,0,0,0,0,-21000,0,0,0,0,21000,-21000,-21000
07708P,玉晶光元大9A售13,0,0,0,0,0,0,0,0,0,-21000,0,0,0,69000,90000,-21000,-21000
057924,健策凱基98購02  ,0,0,0,0,0,0,0,0,0,-21000,0,0,0,8000,29000,-21000,-21000
057941,聯電國票99購01  ,0,0,0,0,0,0,0,0,0,-21000,0,0,0,17000,38000,-21000,-21000
058310,大立光元大99購10,0,0,0,0,0,0,0,0,0,-21000,0,0,0,24000,45000,-21000,-21000
056413,上証反中信9A購01,0,0,0,0,0,0,0,0,0,-21000,0,0,0,0,21000,-21000,-21000
00688L,國泰20年美債正2 ,0,11000,-11000,0,0,0,0,0,0,-10000,0,0,0,100000,110000,-10000,-21000
057250,大立光統一98購08,0,0,0,0,0,0,0,0,0,-21000,0,0,0,0,21000,-21000,-21000
059539,緯穎凱基99購03  ,0,0,0,0,0,0,0,0,0,-21000,0,0,0,30000,51000,-21000,-21000
062968,仁寶元富9B購01  ,0,0,0,0,0,0,0,0,0,-21000,0,0,0,26000,47000,-21000,-21000
063814,嘉晶群益9C購01  ,0,0,0,0,0,0,0,0,0,-21000,0,0,0,19000,40000,-21000,-21000
064086,旺宏凱基9C購01  ,0,0,0,0,0,0,0,0,0,-21000,0,0,0,80000,101000,-21000,-21000
065424,華新凱基02購01  ,0,0,0,0,0,0,0,0,0,-21000,0,0,0,54000,75000,-21000,-21000
065417,嘉晶國票01購02  ,0,0,0,0,0,0,0,0,0,-21000,0,0,0,40000,61000,-21000,-21000
064956,麗豐凱基9C購01  ,0,0,0,0,0,0,0,0,0,-21000,0,0,0,19000,40000,-21000,-21000
064845,華通元富9C購02  ,0,0,0,0,0,0,0,0,0,-21000,0,0,0,1000,22000,-21000,-21000
064781,嘉晶群益9C購04  ,0,0,0,0,0,0,0,0,0,-21000,0,0,0,1000,22000,-21000,-21000
064593,鈺齊永豐9C購01  ,0,0,0,0,0,0,0,0,0,-21000,0,0,0,47000,68000,-21000,-21000
064416,南亞科中信01購01,0,0,0,0,0,0,0,0,0,-21000,0,0,0,0,21000,-21000,-21000
1528,恩德            ,25000,46000,-21000,0,0,0,0,0,0,0,0,0,0,0,0,0,-21000
2707,晶華            ,13000,32000,-19000,0,0,0,0,2000,-2000,0,0,0,0,0,0,0,-21000
3266,昇陽            ,7000,28000,-21000,0,0,0,0,0,0,0,0,0,0,0,0,0,-21000
06735P,奇力新凱基98售07,0,0,0,0,0,0,0,0,0,-22000,0,0,0,0,22000,-22000,-22000
07251P,台灣50元富01售04,0,0,0,0,0,0,0,0,0,-22000,0,0,0,0,22000,-22000,-22000
08168P,金像電群益9B售03,0,0,0,0,0,0,0,0,0,-22000,0,0,0,0,22000,-22000,-22000
065721,中壽兆豐9C購01  ,0,0,0,0,0,0,0,0,0,-22000,0,0,0,0,22000,-22000,-22000
066594,聯詠群益01購01  ,0,0,0,0,0,0,0,0,0,-22000,0,0,0,2000,24000,-22000,-22000
066216,南電統一03購01  ,0,0,0,0,0,0,0,0,0,-22000,0,0,0,56000,78000,-22000,-22000
058046,國巨元大9A購01  ,0,0,0,0,0,0,0,0,0,-22000,0,0,0,48000,70000,-22000,-22000
051218,聯發科元富9B購02,0,0,0,0,0,0,0,0,0,-22000,0,0,0,0,22000,-22000,-22000
058293,光寶科凱基9A購01,0,0,0,0,0,0,0,0,0,-22000,0,0,0,58000,80000,-22000,-22000
057718,旺宏元富02購02  ,0,0,0,0,0,0,0,0,0,-22000,0,0,0,0,22000,-22000,-22000
060039,大立光國票99購04,0,0,0,0,0,0,0,0,0,-22000,0,0,0,0,22000,-22000,-22000
062501,台積電群益9C購03,0,0,0,0,0,0,0,0,0,-22000,0,0,0,21000,43000,-22000,-22000
061547,禾伸堂群益9A購01,0,0,0,0,0,0,0,0,0,-22000,0,0,0,10000,32000,-22000,-22000
060679,聯詠元大9A購04  ,0,0,0,0,0,0,0,0,0,-22000,0,0,0,19000,41000,-22000,-22000
061162,南電群益9A購02  ,0,0,0,0,0,0,0,0,0,-22000,0,0,0,64000,86000,-22000,-22000
060640,京鼎永豐9A購01  ,0,0,0,0,0,0,0,0,0,-22000,0,0,0,131000,153000,-22000,-22000
064453,微星統一02購01  ,0,0,0,0,0,0,0,0,0,-22000,0,0,0,141000,163000,-22000,-22000
064047,義隆統一02購01  ,0,0,0,0,0,0,0,0,0,-22000,0,0,0,70000,92000,-22000,-22000
063721,道瓊銀元大9B購03,0,0,0,0,0,0,0,0,0,-22000,0,0,0,0,22000,-22000,-22000
063778,亞德客永豐9B購02,0,0,0,0,0,0,0,0,0,-22000,0,0,0,0,22000,-22000,-22000
3027,盛達            ,108000,130000,-22000,0,0,0,0,0,0,0,0,0,0,0,0,0,-22000
2012,春雨            ,6000,28000,-22000,0,0,0,0,0,0,0,0,0,0,0,0,0,-22000
1615,大山            ,9000,31000,-22000,0,0,0,0,0,0,0,0,0,0,0,0,0,-22000
9906,欣巴巴          ,0,22000,-22000,0,0,0,0,0,0,0,0,0,0,0,0,0,-22000
8429,金麗-KY         ,34000,56000,-22000,0,0,0,0,0,0,0,0,0,0,0,0,0,-22000
066365,富邦金中信03購01,0,0,0,0,0,0,0,0,0,-23000,0,0,0,60000,83000,-23000,-23000
066404,瑞祺凱基02購01  ,0,0,0,0,0,0,0,0,0,-23000,0,0,0,14000,37000,-23000,-23000
066608,國巨麥證01購03  ,0,0,0,0,23000,-23000,0,0,0,-23000,0,0,0,0,23000,-23000,-23000
065986,金像電永豐01購03,0,0,0,0,0,0,0,0,0,-23000,0,0,0,6000,29000,-23000,-23000
08333P,大立光富邦02售03,0,0,0,0,0,0,0,0,0,-23000,0,0,0,2000,25000,-23000,-23000
08400P,美律元富9C售02  ,0,0,0,0,0,0,0,0,0,-23000,0,0,0,99000,122000,-23000,-23000
08478P,臺股指凱基9C售16,0,0,0,0,0,0,0,0,0,-23000,0,0,0,112000,135000,-23000,-23000
07744P,奇力新凱基9A售05,0,0,0,0,0,0,0,0,0,-23000,0,0,0,0,23000,-23000,-23000
08004P,大毅永豐9B售02  ,0,0,0,0,0,0,0,0,0,-23000,0,0,0,1000,24000,-23000,-23000
056420,台表科元富98購01,0,0,0,0,0,0,0,0,0,-23000,0,0,0,15000,38000,-23000,-23000
056462,訊芯凱基98購03  ,0,0,0,0,0,0,0,0,0,-23000,0,0,0,0,23000,-23000,-23000
057268,臻鼎兆豐99購01  ,0,0,0,0,0,0,0,0,0,-23000,0,0,0,7000,30000,-23000,-23000
057618,台光電凱基99購01,0,0,0,0,0,0,0,0,0,-23000,0,0,0,27000,50000,-23000,-23000
060916,金像電國泰9C購01,0,0,0,0,0,0,0,0,0,-23000,0,0,0,57000,80000,-23000,-23000
056971,麗豐永豐98購01  ,0,0,0,0,0,0,0,0,0,-23000,0,0,0,27000,50000,-23000,-23000
056683,台積電統一98購05,0,0,0,0,0,0,0,0,0,-23000,0,0,0,5000,28000,-23000,-23000
055725,嘉聯益元大98購03,0,0,0,0,0,0,0,0,0,-23000,0,0,0,0,23000,-23000,-23000
055713,國巨元大98購09  ,0,0,0,0,0,0,0,0,0,-23000,0,0,0,3000,26000,-23000,-23000
053358,晶技統一98購01  ,0,0,0,0,0,0,0,0,0,-23000,0,0,0,16000,39000,-23000,-23000
054803,味全元大9A購01  ,0,0,0,0,0,0,0,0,0,-23000,0,0,0,122000,145000,-23000,-23000
059053,鴻海凱基99購07  ,0,0,0,0,0,0,0,0,0,-23000,0,0,0,52000,75000,-23000,-23000
058610,欣興元大99購05  ,0,0,0,0,0,0,0,0,0,-23000,0,0,0,9000,32000,-23000,-23000
060154,堤維西永豐9A購01,0,0,0,0,0,0,0,0,0,-23000,0,0,0,0,23000,-23000,-23000
062956,同欣電永豐9B購02,0,0,0,0,0,0,0,0,0,-23000,0,0,0,45000,68000,-23000,-23000
062871,大成鋼兆豐9B購01,0,0,0,0,0,0,0,0,0,-23000,0,0,0,7000,30000,-23000,-23000
063360,茂林國泰9C購02  ,0,0,0,0,0,0,0,0,0,-23000,0,0,0,75000,98000,-23000,-23000
064330,燿華元大9C購02  ,0,0,0,0,0,0,0,0,0,-23000,0,0,0,197000,220000,-23000,-23000
064849,大立光元富9C購06,0,0,0,0,0,0,0,0,0,-23000,0,0,0,40000,63000,-23000,-23000
065174,華新科元大02購02,0,0,0,0,0,0,0,0,0,-23000,0,0,0,10000,33000,-23000,-23000
065409,鴻海永豐9C購01  ,0,0,0,0,0,0,0,0,0,-23000,0,0,0,67000,90000,-23000,-23000
065212,瑞儀國票01購01  ,0,0,0,0,0,0,0,0,0,-23000,0,0,0,12000,35000,-23000,-23000
6209,今國光          ,1000,23000,-22000,0,0,0,0,0,0,-1000,1000,2000,-1000,0,0,0,-23000
1537,廣隆            ,4000,27000,-23000,0,0,0,0,0,0,0,0,0,0,0,0,0,-23000
2351,順德            ,124000,147000,-23000,0,0,0,0,0,0,0,0,0,0,0,0,0,-23000
3031,佰鴻            ,168000,191000,-23000,0,0,0,0,0,0,0,0,0,0,0,0,0,-23000
2539,櫻花建          ,5000,28000,-23000,0,0,0,0,0,0,0,0,0,0,0,0,0,-23000
07424P,大立光元大9B售01,0,0,0,0,0,0,0,0,0,-24000,0,0,0,0,24000,-24000,-24000
07218P,臺股指凱基99售31,0,0,0,0,0,0,0,0,0,-24000,0,0,0,1000,25000,-24000,-24000
065709,瀚宇博群益9C購01,0,0,0,0,0,0,0,0,0,-24000,0,0,0,46000,70000,-24000,-24000
065575,神達群益01購01  ,0,0,0,0,0,0,0,0,0,-24000,0,0,0,0,24000,-24000,-24000
065601,聯發科元大01購05,0,0,0,0,0,0,0,0,0,-24000,0,0,0,160000,184000,-24000,-24000
058033,景碩永豐98購02  ,0,0,0,0,0,0,0,0,0,-24000,0,0,0,28000,52000,-24000,-24000
055619,同欣電國票98購02,0,0,0,0,0,0,0,0,0,-24000,0,0,0,0,24000,-24000,-24000
05750P,臺股指群益99售04,0,0,0,0,0,0,0,0,0,-24000,0,0,0,7000,31000,-24000,-24000
057793,群創統一99購02  ,0,0,0,0,0,0,0,0,0,-24000,0,0,0,0,24000,-24000,-24000
058552,欣興永豐99購01  ,0,0,0,0,0,0,0,0,0,-24000,0,0,0,65000,89000,-24000,-24000
05887P,友達元富99售03  ,0,0,0,0,0,0,0,0,0,-24000,0,0,0,60000,84000,-24000,-24000
062415,聯茂中信9C購01  ,0,0,0,0,0,0,0,0,0,-24000,0,0,0,1000,25000,-24000,-24000
062806,世芯統一02購01  ,0,0,0,0,0,0,0,0,0,-24000,0,0,0,0,24000,-24000,-24000
065133,SP黃豆凱基02購01,0,0,0,0,0,0,0,0,0,-24000,0,0,0,85000,109000,-24000,-24000
065109,台勝科國票01購01,0,0,0,0,0,0,0,0,0,-24000,0,0,0,178000,202000,-24000,-24000
065002,致茂國票01購01  ,0,0,0,0,0,0,0,0,0,-24000,0,0,0,38000,62000,-24000,-24000
064878,大立光兆豐9C購03,0,0,0,0,0,0,0,0,0,-24000,0,0,0,0,24000,-24000,-24000
064789,和大國票01購01  ,0,0,0,0,0,0,0,0,0,-24000,0,0,0,10000,34000,-24000,-24000
064621,大立光元大9C購20,0,0,0,0,0,0,0,0,0,-24000,0,0,0,0,24000,-24000,-24000
064276,聯發科元大9C購07,0,0,0,0,0,0,0,0,0,-24000,0,0,0,0,24000,-24000,-24000
064482,微星永豐9C購01  ,0,0,0,0,0,0,0,0,0,-24000,0,0,0,221000,245000,-24000,-24000
2495,普安            ,25000,50000,-25000,0,0,0,0,0,0,1000,1000,0,1000,0,0,0,-24000
1810,和成            ,65000,88000,-23000,0,0,0,0,0,0,-1000,0,1000,-1000,0,0,0,-24000
5007,三星            ,1000,25000,-24000,0,0,0,0,0,0,0,0,0,0,0,0,0,-24000
8463,潤泰材          ,135000,159000,-24000,0,0,0,0,0,0,0,0,0,0,0,0,0,-24000
6605,帝寶            ,2000,26000,-24000,0,0,0,0,0,0,0,0,0,0,0,0,0,-24000
3501,維熹            ,16000,35240,-19240,0,0,0,0,0,0,-5000,0,5000,-5000,0,0,0,-24240
065612,聯茂元大9C購07  ,0,0,0,0,0,0,0,0,0,-25000,0,0,0,0,25000,-25000,-25000
065725,技嘉凱基9C購03  ,0,0,0,0,0,0,0,0,0,-25000,0,0,0,27000,52000,-25000,-25000
066094,元黃金中信03購01,0,0,0,0,0,0,0,0,0,-25000,0,0,0,0,25000,-25000,-25000
066510,堤維西永豐01購01,0,0,0,0,0,0,0,0,0,-25000,0,0,0,0,25000,-25000,-25000
08131P,立積元大9B售02  ,0,0,0,0,0,0,0,0,0,-25000,0,0,0,0,25000,-25000,-25000
08081P,台灣50元大9B售20,0,0,0,0,0,0,0,0,0,-25000,0,0,0,0,25000,-25000,-25000
057784,台積電國票9B購01,0,0,0,0,0,0,0,0,0,-25000,0,0,0,0,25000,-25000,-25000
057972,群創富邦9C購01  ,0,0,0,0,0,0,0,0,0,-25000,0,0,0,5000,30000,-25000,-25000
056869,國巨日盛99購03  ,0,0,0,0,0,0,0,0,0,-25000,0,0,0,10000,35000,-25000,-25000
061409,力成國票9A購02  ,0,0,0,0,0,0,0,0,0,-25000,0,0,0,0,25000,-25000,-25000
054308,嘉晶凱基98購01  ,0,0,0,0,0,0,0,0,0,-25000,0,0,0,203000,228000,-25000,-25000
054368,鴻海中信9A購02  ,0,0,0,0,0,0,0,0,0,-25000,0,0,0,0,25000,-25000,-25000
056317,華通群益99購02  ,0,0,0,0,0,0,0,0,0,-25000,0,0,0,20000,45000,-25000,-25000
055736,宏達電元富99購01,0,0,0,0,0,0,0,0,0,-25000,0,0,0,0,25000,-25000,-25000
046384,群創凱基98購02  ,0,0,0,0,0,0,0,0,0,-25000,0,0,0,4000,29000,-25000,-25000
056061,國泰金元大97購02,0,0,0,0,0,0,0,0,0,-25000,0,0,0,148000,173000,-25000,-25000
062568,緯穎中信9C購01  ,0,0,0,0,0,0,0,0,0,-25000,0,0,0,40000,65000,-25000,-25000
058502,鴻海元大99購13  ,0,0,0,0,0,0,0,0,0,-25000,0,0,0,30000,55000,-25000,-25000
058946,SGBR2X群益9B購01,0,0,0,0,0,0,0,0,0,-25000,0,0,0,45000,70000,-25000,-25000
059533,富邦金凱基99購01,0,0,0,0,0,0,0,0,0,-25000,0,0,0,23000,48000,-25000,-25000
059488,大立光兆豐99購03,0,0,0,0,0,0,0,0,0,-25000,0,0,0,0,25000,-25000,-25000
061868,旺宏元大9B購03  ,0,0,0,0,0,0,0,0,0,-25000,0,0,0,25000,50000,-25000,-25000
061238,晶技元大9A購02  ,0,0,0,0,0,0,0,0,0,-25000,0,0,0,182000,207000,-25000,-25000
064478,聚陽富邦01購01  ,0,0,0,0,0,0,0,0,0,-25000,0,0,0,0,25000,-25000,-25000
064601,嘉晶元富9C購03  ,0,0,0,0,0,0,0,0,0,-25000,0,0,0,2000,27000,-25000,-25000
064755,南亞科凱基01購02,0,0,0,0,0,0,0,0,0,-25000,0,0,0,5000,30000,-25000,-25000
065351,中租統一02購02  ,0,0,0,0,0,0,0,0,0,-25000,0,0,0,0,25000,-25000,-25000
065362,華通元大9C購06  ,0,0,0,0,0,0,0,0,0,-25000,0,0,0,26000,51000,-25000,-25000
065443,智邦統一9C購03  ,0,0,0,0,0,0,0,0,0,-25000,0,0,0,0,25000,-25000,-25000
06353P,電子類富邦99售02,0,0,0,0,0,0,0,0,0,-25000,0,0,0,10000,35000,-25000,-25000
063479,南六元大9B購06  ,0,0,0,0,0,0,0,0,0,-25000,0,0,0,34000,59000,-25000,-25000
063137,瑞昱統一01購02  ,0,0,0,0,0,0,0,0,0,-25000,0,0,0,18000,43000,-25000,-25000
063839,華通元大9C購02  ,0,0,0,0,0,0,0,0,0,-25000,0,0,0,14000,39000,-25000,-25000
4137,麗豐-KY         ,13000,35000,-22000,0,0,0,0,1000,-1000,-2000,0,0,0,2000,4000,-2000,-25000
4942,嘉彰            ,77000,94000,-17000,0,0,0,0,0,0,-8000,0,8000,-8000,0,0,0,-25000
4999,鑫禾            ,25000,50000,-25000,0,0,0,0,0,0,0,0,0,0,0,0,0,-25000
1451,年興            ,24000,49255,-25255,0,0,0,0,0,0,0,0,0,0,0,0,0,-25255
08401P,玉晶光元富9C售04,0,0,0,0,0,0,0,0,0,-26000,0,0,0,0,26000,-26000,-26000
08390P,旺宏凱基9C售02  ,0,0,0,0,0,0,0,0,0,-26000,0,0,0,40000,66000,-26000,-26000
08583P,鴻海群益01售05  ,0,0,0,0,0,0,0,0,0,-26000,0,0,0,10000,36000,-26000,-26000
07069P,欣興元富99售02  ,0,0,0,0,0,0,0,0,0,-26000,0,0,0,0,26000,-26000,-26000
07644P,南電凱基9A售03  ,0,0,0,0,0,0,0,0,0,-26000,0,0,0,0,26000,-26000,-26000
066575,緯穎元大01購03  ,0,0,0,0,0,0,0,0,0,-26000,0,0,0,0,26000,-26000,-26000
065955,健鼎統一01購03  ,0,0,0,0,0,0,0,0,0,-26000,0,0,0,59000,85000,-26000,-26000
0051,元大中型100     ,1000,1000,0,0,0,0,0,0,0,-26000,0,0,0,17000,43000,-26000,-26000
054976,上証2X元富9A購01,0,0,0,0,0,0,0,0,0,-26000,0,0,0,16000,42000,-26000,-26000
058067,台積電第一9C購01,0,0,0,0,0,0,0,0,0,-26000,0,0,0,16000,42000,-26000,-26000
057214,瑞昱群益98購01  ,0,0,0,0,0,0,0,0,0,-26000,0,0,0,0,26000,-26000,-26000
056983,大立光群益99購02,0,0,0,0,0,0,0,0,0,-26000,0,0,0,5000,31000,-26000,-26000
058292,上銀凱基9A購01  ,0,0,0,0,0,0,0,0,0,-26000,0,0,0,0,26000,-26000,-26000
057582,亞光中信9A購02  ,0,0,0,0,0,0,0,0,0,-26000,0,0,0,530000,556000,-26000,-26000
061607,台表科凱基9B購02,0,0,0,0,0,0,0,0,0,-26000,0,0,0,14000,40000,-26000,-26000
059080,亞泥元大99購01  ,0,0,0,0,0,0,0,0,0,-26000,0,0,0,556000,582000,-26000,-26000
060234,凱美元大9C購01  ,0,0,0,0,0,0,0,0,0,-26000,0,0,0,179000,205000,-26000,-26000
061810,S&P反1群益9B購02,0,0,0,0,0,0,0,0,0,-26000,0,0,0,0,26000,-26000,-26000
060334,群光康和9A購01  ,0,0,0,0,0,0,0,0,0,-26000,0,0,0,0,26000,-26000,-26000
059511,宏達電永豐99購02,0,0,0,0,0,0,0,0,0,-26000,0,0,0,5000,31000,-26000,-26000
058780,牧德國票9A購01  ,0,0,0,0,0,0,0,0,0,-26000,0,0,0,38000,64000,-26000,-26000
059785,美律元大9A購03  ,0,0,0,0,0,0,0,0,0,-26000,0,0,0,58000,84000,-26000,-26000
059877,康控凱基99購05  ,0,0,0,0,0,0,0,0,0,-26000,0,0,0,16000,42000,-26000,-26000
060744,鴻海國票9A購04  ,0,0,0,0,0,0,0,0,0,-26000,0,0,0,69000,95000,-26000,-26000
063561,上銀元大9B購08  ,0,0,0,0,0,0,0,0,0,-26000,0,0,0,19000,45000,-26000,-26000
064033,茂林元大9C購02  ,0,0,0,0,0,0,0,0,0,-26000,0,0,0,50000,76000,-26000,-26000
063983,麗豐兆豐9C購01  ,0,0,0,0,0,0,0,0,0,-26000,0,0,0,28000,54000,-26000,-26000
065415,台積電兆豐9C購05,0,0,0,0,0,0,0,0,0,-26000,0,0,0,134000,160000,-26000,-26000
065433,緯創凱基9C購01  ,0,0,0,0,0,0,0,0,0,-26000,0,0,0,28000,54000,-26000,-26000
064983,力成元大9C購04  ,0,0,0,0,0,0,0,0,0,-26000,0,0,0,1000,27000,-26000,-26000
064575,鈺齊群益9C購01  ,0,0,0,0,0,0,0,0,0,-26000,0,0,0,61000,87000,-26000,-26000
2227,裕日車          ,0,17000,-17000,0,0,0,0,1000,-1000,-8000,0,8000,-8000,0,0,0,-26000
3617,碩天            ,105000,157000,-52000,0,0,0,0,0,0,26000,0,0,0,26000,0,26000,-26000
4133,亞諾法          ,6000,32000,-26000,0,0,0,0,0,0,0,0,0,0,0,0,0,-26000
4545,銘鈺            ,9000,38000,-29000,0,0,0,0,0,0,3000,3000,0,3000,0,0,0,-26000
2406,國碩            ,888000,898162,-10162,0,0,0,0,0,0,-16000,0,16000,-16000,0,0,0,-26162
1522,堤維西          ,124000,150411,-26411,0,0,0,0,0,0,0,0,0,0,0,0,0,-26411
065989,泰碩永豐01購01  ,0,0,0,0,0,0,0,0,0,-27000,0,0,0,0,27000,-27000,-27000
065996,T50反1第一01購01,0,0,0,0,0,0,0,0,0,-27000,0,0,0,3000,30000,-27000,-27000
065701,聯發科群益9C購13,0,0,0,0,0,0,0,0,0,-27000,0,0,0,19000,46000,-27000,-27000
065550,聯發科凱基01購07,0,0,0,0,0,0,0,0,0,-27000,0,0,0,122000,149000,-27000,-27000
066776,創意富邦03購02  ,0,0,0,0,0,0,0,0,0,-27000,0,0,0,0,27000,-27000,-27000
07089P,臺指2X中信01售01,0,0,0,0,0,0,0,0,0,-27000,0,0,0,0,27000,-27000,-27000
08641P,台灣50群益9C售08,0,0,0,0,0,0,0,0,0,-27000,0,0,0,25000,52000,-27000,-27000
1337,再生-KY         ,104000,131000,-27000,0,0,0,0,0,0,0,0,0,0,0,0,0,-27000
057717,友訊元富98購02  ,0,0,0,0,0,0,0,0,0,-27000,0,0,0,50000,77000,-27000,-27000
058048,群創元大9B購07  ,0,0,0,0,0,0,0,0,0,-27000,0,0,0,9000,36000,-27000,-27000
054642,訊芯中信9A購01  ,0,0,0,0,0,0,0,0,0,-27000,0,0,0,0,27000,-27000,-27000
062474,台表科凱基9C購01,0,0,0,0,0,0,0,0,0,-27000,0,0,0,6000,33000,-27000,-27000
058573,鴻海群益9A購02  ,0,0,0,0,0,0,0,0,0,-27000,0,0,0,85000,112000,-27000,-27000
058688,矽創凱基9A購01  ,0,0,0,0,0,0,0,0,0,-27000,0,0,0,78000,105000,-27000,-27000
059284,緯穎永豐99購03  ,0,0,0,0,0,0,0,0,0,-27000,0,0,0,3000,30000,-27000,-27000
062022,緯穎永豐9B購01  ,0,0,0,0,0,0,0,0,0,-27000,0,0,0,24000,51000,-27000,-27000
061606,景碩凱基9A購02  ,0,0,0,0,0,0,0,0,0,-27000,0,0,0,10000,37000,-27000,-27000
064825,英業達統一9C購01,0,0,0,0,0,0,0,0,0,-27000,0,0,0,90000,117000,-27000,-27000
064341,聯詠元大9C購01  ,0,0,0,0,0,0,0,0,0,-27000,0,0,0,205000,232000,-27000,-27000
065388,華擎兆豐01購01  ,0,0,0,0,0,0,0,0,0,-27000,0,0,0,38000,65000,-27000,-27000
065337,華通統一01購03  ,0,0,0,0,0,0,0,0,0,-27000,0,0,0,30000,57000,-27000,-27000
064030,泰碩元大01購01  ,0,0,0,0,0,0,0,0,0,-27000,0,0,0,10000,37000,-27000,-27000
064079,英業達中信9C購01,0,0,0,0,0,0,0,0,0,-27000,0,0,0,25000,52000,-27000,-27000
08259P,華新科元大9C售04,0,0,0,0,0,0,0,0,0,-28000,0,0,0,25000,53000,-28000,-28000
08014P,微星凱基9B售02  ,0,0,0,0,0,0,0,0,0,-28000,0,0,0,2000,30000,-28000,-28000
065803,大立光群益01購03,0,0,0,0,0,0,0,0,0,-28000,0,0,0,32000,60000,-28000,-28000
065999,燿華國票02購01  ,0,0,0,0,0,0,0,0,0,-28000,0,0,0,0,28000,-28000,-28000
065833,中租凱基02購01  ,0,0,0,0,0,0,0,0,0,-28000,0,0,0,0,28000,-28000,-28000
055623,貿聯國泰99購01  ,0,0,0,0,0,0,0,0,0,-28000,0,0,0,46000,74000,-28000,-28000
057633,緯穎永豐98購02  ,0,0,0,0,0,0,0,0,0,-28000,0,0,0,62000,90000,-28000,-28000
059375,道瓊反群益9C購02,0,0,0,0,0,0,0,0,0,-28000,0,0,0,20000,48000,-28000,-28000
058637,晶技兆豐99購01  ,0,0,0,0,0,0,0,0,0,-28000,0,0,0,2000,30000,-28000,-28000
058641,鴻海麥證99購02  ,0,0,0,19000,75000,-56000,0,0,0,-28000,0,0,0,64000,92000,-28000,-28000
059515,牧德永豐99購01  ,0,0,0,0,0,0,0,0,0,-28000,0,0,0,84000,112000,-28000,-28000
058567,華新科凱基9A購02,0,0,0,0,0,0,0,0,0,-28000,0,0,0,22000,50000,-28000,-28000
062736,漢唐國票9B購01  ,0,0,0,0,0,0,0,0,0,-28000,0,0,0,0,28000,-28000,-28000
063568,高鐵元大9B購01  ,0,0,0,0,0,0,0,0,0,-28000,0,0,0,250000,278000,-28000,-28000
063813,瑞昱群益9C購02  ,0,0,0,0,0,0,0,0,0,-28000,0,0,0,12000,40000,-28000,-28000
063140,聯發科統一9B購08,0,0,0,0,0,0,0,0,0,-28000,0,0,0,20000,48000,-28000,-28000
063104,大立光群益9C購02,0,0,0,0,0,0,0,0,0,-28000,0,0,0,0,28000,-28000,-28000
065248,聯發科麥證9C購03,0,0,0,45000,73000,-28000,0,0,0,-28000,0,0,0,45000,73000,-28000,-28000
065397,宏達電群益9C購03,0,0,0,0,0,0,0,0,0,-28000,0,0,0,80000,108000,-28000,-28000
065043,新光金凱基02購01,0,0,0,0,0,0,0,0,0,-28000,0,0,0,0,28000,-28000,-28000
065100,聯茂元大9C購04  ,0,0,0,0,0,0,0,0,0,-28000,0,0,0,75000,103000,-28000,-28000
064801,鴻海元大9C購13  ,0,0,0,0,0,0,0,0,0,-28000,0,0,0,24000,52000,-28000,-28000
064627,矽格元大9C購01  ,0,0,0,0,0,0,0,0,0,-28000,0,0,0,186000,214000,-28000,-28000
6491,晶碩            ,92000,104000,-12000,0,0,0,0,0,0,-16000,0,12000,-12000,0,4000,-4000,-28000
065501,旭富富邦9C購01  ,0,0,0,0,0,0,0,0,0,-29000,0,0,0,1000,30000,-29000,-29000
07863P,華新科凱基9B售07,0,0,0,0,0,0,0,0,0,-29000,0,0,0,6000,35000,-29000,-29000
07772P,華新科國票9A售05,0,0,0,0,0,0,0,0,0,-29000,0,0,0,0,29000,-29000,-29000
056253,京鼎兆豐98購01  ,0,0,0,0,0,0,0,0,0,-29000,0,0,0,20000,49000,-29000,-29000
062719,微星凱基9B購01  ,0,0,0,0,0,0,0,0,0,-29000,0,0,0,7000,36000,-29000,-29000
060450,南亞元大9A購02  ,0,0,0,0,0,0,0,0,0,-29000,0,0,0,0,29000,-29000,-29000
059512,晶豪科永豐99購02,0,0,0,0,0,0,0,0,0,-29000,0,0,0,0,29000,-29000,-29000
058751,南茂凱基9A購01  ,0,0,0,0,0,0,0,0,0,-29000,0,0,0,0,29000,-29000,-29000
059688,燿華永豐99購01  ,0,0,0,0,0,0,0,0,0,-29000,0,0,0,15000,44000,-29000,-29000
059618,台積電日盛99購01,0,0,0,0,0,0,0,0,0,-29000,0,0,0,35000,64000,-29000,-29000
061901,柏文永豐9B購01  ,0,0,0,0,0,0,0,0,0,-29000,0,0,0,0,29000,-29000,-29000
061574,大毅元大9B購01  ,0,0,0,0,0,0,0,0,0,-29000,0,0,0,24000,53000,-29000,-29000
064630,巨大元大9C購01  ,0,0,0,0,0,0,0,0,0,-29000,0,0,0,211000,240000,-29000,-29000
064757,義隆凱基01購02  ,0,0,0,0,0,0,0,0,0,-29000,0,0,0,114000,143000,-29000,-29000
064371,矽格統一9C購02  ,0,0,0,0,0,0,0,0,0,-29000,0,0,0,151000,180000,-29000,-29000
064282,大立光元大9C購13,0,0,0,0,0,0,0,0,0,-29000,0,0,0,21000,50000,-29000,-29000
064426,群創兆豐9C購01  ,0,0,0,0,0,0,0,0,0,-29000,0,0,0,11000,40000,-29000,-29000
065230,義隆凱基02購01  ,0,0,0,0,0,0,0,0,0,-29000,0,0,0,23000,52000,-29000,-29000
062849,中興電永豐9B購02,0,0,0,0,0,0,0,0,0,-29000,0,0,0,10000,39000,-29000,-29000
063466,美食元大9B購02  ,0,0,0,0,0,0,0,0,0,-29000,0,0,0,0,29000,-29000,-29000
063602,金像電凱基9B購04,0,0,0,0,0,0,0,0,0,-29000,0,0,0,11000,40000,-29000,-29000
2020,美亞            ,34000,62000,-28000,0,0,0,0,0,0,-1000,0,1000,-1000,0,0,0,-29000
3454,晶睿            ,32000,61000,-29000,0,0,0,0,0,0,0,0,0,0,0,0,0,-29000
2488,漢平            ,8000,37000,-29000,0,0,0,0,0,0,0,0,0,0,0,0,0,-29000
2850,新產            ,0,29000,-29000,0,0,0,0,0,0,0,0,0,0,0,0,0,-29000
1231,聯華食          ,0,29287,-29287,0,0,0,0,0,0,0,0,0,0,0,0,0,-29287
08665P,鴻海國票02售01  ,0,0,0,0,0,0,0,0,0,-30000,0,0,0,0,30000,-30000,-30000
08489P,臺股指群益9C售20,0,0,0,0,0,0,0,0,0,-30000,0,0,0,0,30000,-30000,-30000
08419P,元金2X群益9C售01,0,0,0,0,0,0,0,0,0,-30000,0,0,0,0,30000,-30000,-30000
08323P,華新科凱基9C售04,0,0,0,0,0,0,0,0,0,-30000,0,0,0,0,30000,-30000,-30000
08362P,國巨凱基02售01  ,0,0,0,0,0,0,0,0,0,-30000,0,0,0,0,30000,-30000,-30000
08357P,聯發科元大9C售09,0,0,0,0,0,0,0,0,0,-30000,0,0,0,0,30000,-30000,-30000
07763P,嘉澤永豐9A售02  ,0,0,0,0,0,0,0,0,0,-30000,0,0,0,0,30000,-30000,-30000
07473P,祥碩元大9A售01  ,0,0,0,0,0,0,0,0,0,-30000,0,0,0,0,30000,-30000,-30000
07478P,南電康和9A售02  ,0,0,0,0,0,0,0,0,0,-30000,0,0,0,0,30000,-30000,-30000
07562P,台灣50第一9A售01,0,0,0,0,0,0,0,0,0,-30000,0,0,0,0,30000,-30000,-30000
07835P,台表科群益9A售02,0,0,0,0,0,0,0,0,0,-30000,0,0,0,0,30000,-30000,-30000
07987P,大立光統一9B售13,0,0,0,0,0,0,0,0,0,-30000,0,0,0,0,30000,-30000,-30000
07409P,台積電台新99售07,0,0,0,0,0,0,0,0,0,-30000,0,0,0,0,30000,-30000,-30000
065707,聯詠群益9C購02  ,0,0,0,0,0,0,0,0,0,-30000,0,0,0,65000,95000,-30000,-30000
065703,大毅群益9C購01  ,0,0,0,0,0,0,0,0,0,-30000,0,0,0,23000,53000,-30000,-30000
065837,臺指反元大03購05,0,0,0,0,0,0,0,0,0,-30000,0,0,0,0,30000,-30000,-30000
065980,中租元大02購01  ,0,0,0,0,0,0,0,0,0,-30000,0,0,0,0,30000,-30000,-30000
066684,T50反1元富07購01,0,0,0,0,0,0,0,0,0,-30000,0,0,0,0,30000,-30000,-30000
066528,南電統一02購01  ,0,0,0,0,0,0,0,0,0,-30000,0,0,0,10000,40000,-30000,-30000
066539,晶技兆豐01購02  ,0,0,0,0,0,0,0,0,0,-30000,0,0,0,24000,54000,-30000,-30000
06638P,鴻海統一99售02  ,0,0,0,0,0,0,0,0,0,-30000,0,0,0,0,30000,-30000,-30000
06627P,華新科元富99售01,0,0,0,0,0,0,0,0,0,-30000,0,0,0,10000,40000,-30000,-30000
066206,聯鈞統一01購01  ,0,0,0,0,0,0,0,0,0,-30000,0,0,0,125000,155000,-30000,-30000
03428B,臺股指凱基97熊18,0,0,0,0,0,0,0,0,0,-30000,0,0,0,0,30000,-30000,-30000
05348P,美律元富98售01  ,0,0,0,0,0,0,0,0,0,-30000,0,0,0,50000,80000,-30000,-30000
055621,國巨國泰98購03  ,0,0,0,0,0,0,0,0,0,-30000,0,0,0,0,30000,-30000,-30000
058207,南茂凱基99購01  ,0,0,0,0,0,0,0,0,0,-30000,0,0,0,10000,40000,-30000,-30000
055337,超眾兆豐98購01  ,0,0,0,0,0,0,0,0,0,-30000,0,0,0,1000,31000,-30000,-30000
057291,國巨國泰9A購01  ,0,0,0,0,0,0,0,0,0,-30000,0,0,0,0,30000,-30000,-30000
056388,勤誠國泰99購01  ,0,0,0,0,0,0,0,0,0,-30000,0,0,0,0,30000,-30000,-30000
057352,大立光統一9A購02,0,0,0,0,0,0,0,0,0,-30000,0,0,0,0,30000,-30000,-30000
057768,華新科中信9A購01,0,0,0,0,0,0,0,0,0,-30000,0,0,0,0,30000,-30000,-30000
057957,嘉晶元大98購01  ,0,0,0,0,0,0,0,0,0,-30000,0,0,0,1000,31000,-30000,-30000
057886,聯詠群益98購01  ,0,0,0,0,0,0,0,0,0,-30000,0,0,0,0,30000,-30000,-30000
056902,大立光元大98購12,0,0,0,0,0,0,0,0,0,-30000,0,0,0,0,30000,-30000,-30000
058416,鴻海麥證99購01  ,0,0,0,1000,55000,-54000,0,0,0,-30000,0,0,0,26000,56000,-30000,-30000
056703,群創國泰9A購01  ,0,0,0,0,0,0,0,0,0,-30000,0,0,0,0,30000,-30000,-30000
056670,樺漢國票99購01  ,0,0,0,0,0,0,0,0,0,-30000,0,0,0,0,30000,-30000,-30000
056623,禾伸堂永豐98購01,0,0,0,0,0,0,0,0,0,-30000,0,0,0,0,30000,-30000,-30000
061453,台達電凱基9B購01,0,0,0,0,0,0,0,0,0,-30000,0,0,0,8000,38000,-30000,-30000
061559,南亞科國票9A購02,0,0,0,0,0,0,0,0,0,-30000,0,0,0,0,30000,-30000,-30000
061604,台光電凱基9B購01,0,0,0,0,0,0,0,0,0,-30000,0,0,0,0,30000,-30000,-30000
06105P,國巨國票98售02  ,0,0,0,0,0,0,0,0,0,-30000,0,0,0,84000,114000,-30000,-30000
062115,臺股指國票9B購09,0,0,0,0,0,0,0,0,0,-30000,0,0,0,50000,80000,-30000,-30000
058642,旺宏麥證9A購01  ,0,0,0,20000,50000,-30000,0,0,0,-30000,0,0,0,20000,50000,-30000,-30000
058651,FBVIX中信9C購01 ,0,0,0,0,0,0,0,0,0,-30000,0,0,0,0,30000,-30000,-30000
058655,鴻海中信03購02  ,0,0,0,0,0,0,0,0,0,-30000,0,0,0,0,30000,-30000,-30000
059291,華新科元富9B購01,0,0,0,0,0,0,0,0,0,-30000,0,0,0,0,30000,-30000,-30000
061960,國巨統一01購05  ,0,0,0,0,0,0,0,0,0,-30000,0,0,0,0,30000,-30000,-30000
061966,旺宏統一01購03  ,0,0,0,0,0,0,0,0,0,-30000,0,0,0,0,30000,-30000,-30000
061224,道瓊反中信01購01,0,0,0,0,0,0,0,0,0,-30000,0,0,0,0,30000,-30000,-30000
059706,嘉晶凱基99購01  ,0,0,0,0,0,0,0,0,0,-30000,0,0,0,0,30000,-30000,-30000
058463,宏達電兆豐99購02,0,0,0,0,0,0,0,0,0,-30000,0,0,0,0,30000,-30000,-30000
060466,玉山金元大9A購01,0,0,0,0,0,0,0,0,0,-30000,0,0,0,0,30000,-30000,-30000
06269P,群創凱基98售10  ,0,0,0,0,0,0,0,0,0,-30000,0,0,0,0,30000,-30000,-30000
062766,台郡凱基9B購02  ,0,0,0,0,0,0,0,0,0,-30000,0,0,0,0,30000,-30000,-30000
062684,華新科統一01購02,0,0,0,0,0,0,0,0,0,-30000,0,0,0,0,30000,-30000,-30000
062613,臺指反元大02購10,0,0,0,0,0,0,0,0,0,-30000,0,0,0,0,30000,-30000,-30000
062374,茂林元大9B購03  ,0,0,0,0,0,0,0,0,0,-30000,0,0,0,20000,50000,-30000,-30000
06238P,台積電元大98售07,0,0,0,0,0,0,0,0,0,-30000,0,0,0,0,30000,-30000,-30000
063473,茂林元大9B購05  ,0,0,0,0,0,0,0,0,0,-30000,0,0,0,31000,61000,-30000,-30000
063549,國巨國票9C購05  ,0,0,0,0,0,0,0,0,0,-30000,0,0,0,11000,41000,-30000,-30000
063034,致茂凱基9B購01  ,0,0,0,0,0,0,0,0,0,-30000,0,0,0,0,30000,-30000,-30000
065246,旭富兆豐01購01  ,0,0,0,0,0,0,0,0,0,-30000,0,0,0,209000,239000,-30000,-30000
065474,旺宏元大9C購06  ,0,0,0,0,0,0,0,0,0,-30000,0,0,0,0,30000,-30000,-30000
06498P,臺股指元大9A售03,0,0,0,0,0,0,0,0,0,-30000,0,0,0,0,30000,-30000,-30000
064457,禾伸堂統一01購02,0,0,0,0,0,0,0,0,0,-30000,0,0,0,134000,164000,-30000,-30000
064265,嘉聯益永豐9C購02,0,0,0,0,0,0,0,0,0,-30000,0,0,0,0,30000,-30000,-30000
064231,鴻海統一01購03  ,0,0,0,0,0,0,0,0,0,-30000,0,0,0,66000,96000,-30000,-30000
06437P,玉晶光國票99售01,0,0,0,0,0,0,0,0,0,-30000,0,0,0,0,30000,-30000,-30000
064614,友訊元大9C購02  ,0,0,0,0,0,0,0,0,0,-30000,0,0,0,0,30000,-30000,-30000
3028,增你強          ,11000,41000,-30000,0,0,0,0,0,0,0,0,0,0,0,0,0,-30000
2305,全友            ,47000,77000,-30000,0,0,0,0,0,0,0,0,0,0,0,0,0,-30000
5285,界霖            ,52000,82000,-30000,0,0,0,0,0,0,0,0,0,0,0,0,0,-30000
066600,瀚宇博國泰03購01,0,0,0,0,0,0,0,0,0,-31000,0,0,0,22000,53000,-31000,-31000
06688P,鴻海中信02售01  ,0,0,0,0,0,0,0,0,0,-31000,0,0,0,0,31000,-31000,-31000
065799,友訊群益01購03  ,0,0,0,0,0,0,0,0,0,-31000,0,0,0,34000,65000,-31000,-31000
06839P,玉晶光統一9A售05,0,0,0,0,0,0,0,0,0,-31000,0,0,0,0,31000,-31000,-31000
08363P,南亞科凱基01售01,0,0,0,0,0,0,0,0,0,-31000,0,0,0,17000,48000,-31000,-31000
08759P,滬深2X元大01售08,0,0,0,0,0,0,0,0,0,-31000,0,0,0,0,31000,-31000,-31000
053342,全新國票99購01  ,0,0,0,0,0,0,0,0,0,-31000,0,0,0,14000,45000,-31000,-31000
056245,嘉澤群益97購01  ,0,0,0,0,0,0,0,0,0,-31000,0,0,0,0,31000,-31000,-31000
059639,大立光凱基9A購06,0,0,0,0,0,0,0,0,0,-31000,0,0,0,0,31000,-31000,-31000
060032,利勤永豐99購01  ,0,0,0,0,0,0,0,0,0,-31000,0,0,0,0,31000,-31000,-31000
062337,台表科統一01購01,0,0,0,0,0,0,0,0,0,-31000,0,0,0,23000,54000,-31000,-31000
061075,亞德客兆豐9A購01,0,0,0,0,0,0,0,0,0,-31000,0,0,0,56000,87000,-31000,-31000
064339,大立光元大01購01,0,0,0,0,0,0,0,0,0,-31000,0,0,0,10000,41000,-31000,-31000
065105,巨大元大01購01  ,0,0,0,0,0,0,0,0,0,-31000,0,0,0,65000,96000,-31000,-31000
065461,台光電中信9C購01,0,0,0,0,0,0,0,0,0,-31000,0,0,0,79000,110000,-31000,-31000
063192,技嘉台新9B購01  ,0,0,0,0,0,0,0,0,0,-31000,0,0,0,21000,52000,-31000,-31000
063525,廣達凱基9B購02  ,0,0,0,0,0,0,0,0,0,-31000,0,0,0,16000,47000,-31000,-31000
063381,和潤永豐9B購01  ,0,0,0,0,0,0,0,0,0,-31000,0,0,0,166000,197000,-31000,-31000
064006,晶技凱基9C購02  ,0,0,0,0,0,0,0,0,0,-31000,0,0,0,50000,81000,-31000,-31000
08639P,聯發科永豐9C售03,0,0,0,0,0,0,0,0,0,-32000,0,0,0,0,32000,-32000,-32000
08220P,華邦電凱基9B售02,0,0,0,0,0,0,0,0,0,-32000,0,0,0,23000,55000,-32000,-32000
07131P,緯穎元大99售06  ,0,0,0,0,0,0,0,0,0,-32000,0,0,0,147000,179000,-32000,-32000
07843P,緯穎元大9A售05  ,0,0,0,0,0,0,0,0,0,-32000,0,0,0,0,32000,-32000,-32000
07935P,臺股指國票9B售07,0,0,0,0,0,0,0,0,0,-32000,0,0,0,0,32000,-32000,-32000
065690,台苯群益9C購01  ,0,0,0,0,0,0,0,0,0,-32000,0,0,0,8000,40000,-32000,-32000
065570,台光電群益01購01,0,0,0,0,0,0,0,0,0,-32000,0,0,0,44000,76000,-32000,-32000
066682,聯詠兆豐03購01  ,0,0,0,0,0,0,0,0,0,-32000,0,0,0,0,32000,-32000,-32000
055780,禾伸堂凱基99購01,0,0,0,0,0,0,0,0,0,-32000,0,0,0,28000,60000,-32000,-32000
058078,景碩國票99購01  ,0,0,0,0,0,0,0,0,0,-32000,0,0,0,21000,53000,-32000,-32000
061690,旺宏群益9A購05  ,0,0,0,0,0,0,0,0,0,-32000,0,0,0,138000,170000,-32000,-32000
057004,滬深反中信9A購01,0,0,0,0,0,0,0,0,0,-32000,0,0,0,10000,42000,-32000,-32000
061039,台表科永豐9A購03,0,0,0,0,0,0,0,0,0,-32000,0,0,0,32000,64000,-32000,-32000
060667,力成凱基9A購01  ,0,0,0,0,0,0,0,0,0,-32000,0,0,0,17000,49000,-32000,-32000
059356,滬深2X永豐99購02,0,0,0,0,0,0,0,0,0,-32000,0,0,0,0,32000,-32000,-32000
060015,國巨康和99購03  ,0,0,0,0,0,0,0,0,0,-32000,0,0,0,4000,36000,-32000,-32000
062651,世紀鋼富邦9C購01,0,0,0,0,0,0,0,0,0,-32000,0,0,0,140000,172000,-32000,-32000
064001,華通凱基02購01  ,0,0,0,0,0,0,0,0,0,-32000,0,0,0,57000,89000,-32000,-32000
064178,台郡國泰01購01  ,0,0,0,0,0,0,0,0,0,-32000,0,0,0,0,32000,-32000,-32000
062884,康控兆豐9C購01  ,0,0,0,0,0,0,0,0,0,-32000,0,0,0,629000,661000,-32000,-32000
065052,南六凱基02購02  ,0,0,0,0,0,0,0,0,0,-32000,0,0,0,0,32000,-32000,-32000
064915,美律統一02購02  ,0,0,0,0,0,0,0,0,0,-32000,0,0,0,420000,452000,-32000,-32000
2477,美隆電          ,7000,39000,-32000,0,0,0,0,0,0,0,0,0,0,0,0,0,-32000
066678,台達電兆豐03購01,0,0,0,0,0,0,0,0,0,-33000,0,0,0,0,33000,-33000,-33000
066494,旺宏國泰03購01  ,0,0,0,0,0,0,0,0,0,-33000,0,0,0,7000,40000,-33000,-33000
066275,台勝科元大01購01,0,0,0,0,0,0,0,0,0,-33000,0,0,0,64000,97000,-33000,-33000
065520,台勝科群益9C購03,0,0,0,0,0,0,0,0,0,-33000,0,0,0,0,33000,-33000,-33000
06758P,鴻海元大98售10  ,0,0,0,0,0,0,0,0,0,-33000,0,0,0,3000,36000,-33000,-33000
07054P,華新科兆豐99售04,0,0,0,0,0,0,0,0,0,-33000,0,0,0,2000,35000,-33000,-33000
08659P,聯發科統一9C售20,0,0,0,0,0,0,0,0,0,-33000,0,0,0,85000,118000,-33000,-33000
057803,上銀元大98購08  ,0,0,0,0,0,0,0,0,0,-33000,0,0,0,2000,35000,-33000,-33000
058309,大毅元大99購02  ,0,0,0,0,0,0,0,0,0,-33000,0,0,0,37000,70000,-33000,-33000
062652,上証2X永豐9B購01,0,0,0,0,0,0,0,0,0,-33000,0,0,0,5000,38000,-33000,-33000
062633,亞光國票9B購01  ,0,0,0,0,0,0,0,0,0,-33000,0,0,0,275000,308000,-33000,-33000
062405,泰鼎永豐9B購02  ,0,0,0,0,0,0,0,0,0,-33000,0,0,0,62000,95000,-33000,-33000
059530,華新科凱基9A購05,0,0,0,0,0,0,0,0,0,-33000,0,0,0,0,33000,-33000,-33000
058852,貿聯群益99購04  ,0,0,0,0,0,0,0,0,0,-33000,0,0,0,0,33000,-33000,-33000
058636,亞光兆豐9A購01  ,0,0,0,0,0,0,0,0,0,-33000,0,0,0,15000,48000,-33000,-33000
062107,台光電國票9B購01,0,0,0,0,0,0,0,0,0,-33000,0,0,0,35000,68000,-33000,-33000
062204,京元電國票9C購01,0,0,0,0,0,0,0,0,0,-33000,0,0,0,6000,39000,-33000,-33000
059123,訊芯永豐99購03  ,0,0,0,0,0,0,0,0,0,-33000,0,0,0,87000,120000,-33000,-33000
061087,國巨統一01購04  ,0,0,0,0,0,0,0,0,0,-33000,0,0,0,40000,73000,-33000,-33000
065170,智邦元大9C購07  ,0,0,0,0,0,0,0,0,0,-33000,0,0,0,100000,133000,-33000,-33000
06425P,TPK永豐97售02   ,0,0,0,0,0,0,0,0,0,-33000,0,0,0,0,33000,-33000,-33000
064393,友訊永豐9C購01  ,0,0,0,0,0,0,0,0,0,-33000,0,0,0,37000,70000,-33000,-33000
063215,台表科國票9C購02,0,0,0,0,0,0,0,0,0,-33000,0,0,0,12000,45000,-33000,-33000
063412,寶成國票9C購01  ,0,0,0,0,0,0,0,0,0,-33000,0,0,0,38000,71000,-33000,-33000
064228,同欣電國票01購01,0,0,0,0,0,0,0,0,0,-33000,0,0,0,53000,86000,-33000,-33000
064216,矽格凱基01購01  ,0,0,0,0,0,0,0,0,0,-33000,0,0,0,23000,56000,-33000,-33000
063578,瑞祺元大9B購03  ,0,0,0,0,0,0,0,0,0,-33000,0,0,0,18000,51000,-33000,-33000
063899,同欣電群益9C購01,0,0,0,0,0,0,0,0,0,-33000,0,0,0,17000,50000,-33000,-33000
6115,鎰勝            ,2000,35000,-33000,0,0,0,0,0,0,0,0,0,0,0,0,0,-33000
08586P,台積電第一9C售02,0,0,0,0,0,0,0,0,0,-34000,0,0,0,6000,40000,-34000,-34000
08177P,金像電元大9B售02,0,0,0,0,0,0,0,0,0,-34000,0,0,0,14000,48000,-34000,-34000
06776P,鴻海元大99售05  ,0,0,0,0,0,0,0,0,0,-34000,0,0,0,0,34000,-34000,-34000
06861P,台積電國票99售08,0,0,0,0,0,0,0,0,0,-34000,0,0,0,16000,50000,-34000,-34000
07753P,台灣50元大9C售34,0,0,0,0,0,0,0,0,0,-34000,0,0,0,0,34000,-34000,-34000
066128,台積電群益02購01,0,0,0,0,0,0,0,0,0,-34000,0,0,0,120000,154000,-34000,-34000
066429,矽格元大01購01  ,0,0,0,0,0,0,0,0,0,-34000,0,0,0,77000,111000,-34000,-34000
058429,欣興元富99購01  ,0,0,0,0,0,0,0,0,0,-34000,0,0,0,0,34000,-34000,-34000
061327,台郡凱基9A購02  ,0,0,0,0,0,0,0,0,0,-34000,0,0,0,65000,99000,-34000,-34000
054217,台表科國票97購05,0,0,0,0,0,0,0,0,0,-34000,0,0,0,0,34000,-34000,-34000
055755,禾伸堂兆豐97購02,0,0,0,0,0,0,0,0,0,-34000,0,0,0,0,34000,-34000,-34000
061603,瑞昱凱基9A購02  ,0,0,0,0,0,0,0,0,0,-34000,0,0,0,0,34000,-34000,-34000
061121,智邦永豐9A購02  ,0,0,0,0,0,0,0,0,0,-34000,0,0,0,172000,206000,-34000,-34000
061243,麗豐兆豐9A購01  ,0,0,0,0,0,0,0,0,0,-34000,0,0,0,10000,44000,-34000,-34000
061514,泰碩永豐9A購02  ,0,0,0,0,0,0,0,0,0,-34000,0,0,0,0,34000,-34000,-34000
058847,國巨群益99購05  ,0,0,0,0,0,0,0,0,0,-34000,0,0,0,42000,76000,-34000,-34000
058930,華新科統一9B購01,0,0,0,0,0,0,0,0,0,-34000,0,0,0,16000,50000,-34000,-34000
058735,南茂永豐99購01  ,0,0,0,0,0,0,0,0,0,-34000,0,0,0,0,34000,-34000,-34000
060550,可成凱基9A購02  ,0,0,0,0,0,0,0,0,0,-34000,0,0,0,2000,36000,-34000,-34000
060565,大立光富邦01購01,0,0,0,0,0,0,0,0,0,-34000,0,0,0,70000,104000,-34000,-34000
062632,嘉晶國票9B購01  ,0,0,0,0,0,0,0,0,0,-34000,0,0,0,10000,44000,-34000,-34000
062755,茂林麥證9B購01  ,0,0,0,0,34000,-34000,0,0,0,-34000,0,0,0,0,34000,-34000,-34000
063910,漢唐凱基9C購01  ,0,0,0,0,0,0,0,0,0,-34000,0,0,0,40000,74000,-34000,-34000
064439,大立光凱基03購02,0,0,0,0,0,0,0,0,0,-34000,0,0,0,0,34000,-34000,-34000
064577,大立光國泰02購01,0,0,0,0,0,0,0,0,0,-34000,0,0,0,0,34000,-34000,-34000
064696,群創群益9C購02  ,0,0,0,0,0,0,0,0,0,-34000,0,0,0,3000,37000,-34000,-34000
064764,聯茂凱基01購01  ,0,0,0,0,0,0,0,0,0,-34000,0,0,0,8000,42000,-34000,-34000
064791,友達國票9C購01  ,0,0,0,0,0,0,0,0,0,-34000,0,0,0,1000,35000,-34000,-34000
065090,大立光元大9C購24,0,0,0,0,0,0,0,0,0,-34000,0,0,0,0,34000,-34000,-34000
2597,潤弘            ,36000,60000,-24000,0,0,0,0,0,0,-10000,0,10000,-10000,0,0,0,-34000
1466,聚隆            ,66000,100000,-34000,0,0,0,0,0,0,0,0,0,0,0,0,0,-34000
2114,鑫永銓          ,10000,44115,-34115,0,0,0,0,0,0,0,0,0,0,0,0,0,-34115
066525,創意統一03購01  ,0,0,0,0,0,0,0,0,0,-35000,0,0,0,59000,94000,-35000,-35000
065542,緯穎統一01購05  ,0,0,0,0,0,0,0,0,0,-35000,0,0,0,30000,65000,-35000,-35000
065746,光寶科元大9C購01,0,0,0,0,0,0,0,0,0,-35000,0,0,0,44000,79000,-35000,-35000
065998,友訊國票01購02  ,0,0,0,0,0,0,0,0,0,-35000,0,0,0,0,35000,-35000,-35000
066107,惠特國票02購01  ,0,0,0,0,0,0,0,0,0,-35000,0,0,0,0,35000,-35000,-35000
065922,鴻海麥證01購01  ,0,0,0,31000,49000,-18000,0,0,0,-35000,0,0,0,45000,80000,-35000,-35000
07767P,華新科群益9A售07,0,0,0,0,0,0,0,0,0,-35000,0,0,0,0,35000,-35000,-35000
07479P,A50正2元富9A售03,0,0,0,0,0,0,0,0,0,-35000,0,0,0,0,35000,-35000,-35000
053900,T50反1日盛99購01,0,0,0,0,0,0,0,0,0,-35000,0,0,0,0,35000,-35000,-35000
054589,聯鈞國泰99購01  ,0,0,0,0,0,0,0,0,0,-35000,0,0,0,0,35000,-35000,-35000
058437,可成統一9B購01  ,0,0,0,0,0,0,0,0,0,-35000,0,0,0,0,35000,-35000,-35000
061418,世紀鋼群益9A購02,0,0,0,0,0,0,0,0,0,-35000,0,0,0,0,35000,-35000,-35000
060915,旭富元大9A購01  ,0,0,0,0,0,0,0,0,0,-35000,0,0,0,342000,377000,-35000,-35000
062693,中石化元大02購01,0,0,0,0,0,0,0,0,0,-35000,0,0,0,27000,62000,-35000,-35000
060819,國巨統一9C購04  ,0,0,0,0,0,0,0,0,0,-35000,0,0,0,0,35000,-35000,-35000
058865,群創凱基01購01  ,0,0,0,0,0,0,0,0,0,-35000,0,0,0,3000,38000,-35000,-35000
060208,卜蜂康和9A購01  ,0,0,0,0,0,0,0,0,0,-35000,0,0,0,0,35000,-35000,-35000
061875,華新科元大9B購03,0,0,0,0,0,0,0,0,0,-35000,0,0,0,0,35000,-35000,-35000
062023,寶成永豐9B購01  ,0,0,0,0,0,0,0,0,0,-35000,0,0,0,33000,68000,-35000,-35000
062248,國巨元大9B購08  ,0,0,0,0,0,0,0,0,0,-35000,0,0,0,16000,51000,-35000,-35000
062050,亞德客統一9C購01,0,0,0,0,0,0,0,0,0,-35000,0,0,0,0,35000,-35000,-35000
065186,和大統一02購06  ,0,0,0,0,0,0,0,0,0,-35000,0,0,0,0,35000,-35000,-35000
064980,牧德元大01購01  ,0,0,0,0,0,0,0,0,0,-35000,0,0,0,81000,116000,-35000,-35000
065332,漢唐國票01購02  ,0,0,0,0,0,0,0,0,0,-35000,0,0,0,0,35000,-35000,-35000
065333,冠德國票01購01  ,0,0,0,0,0,0,0,0,0,-35000,0,0,0,0,35000,-35000,-35000
064715,和大統一02購03  ,0,0,0,0,0,0,0,0,0,-35000,0,0,0,0,35000,-35000,-35000
064624,群創元大02購01  ,0,0,0,0,0,0,0,0,0,-35000,0,0,0,44000,79000,-35000,-35000
064538,鈺齊國票01購01  ,0,0,0,0,0,0,0,0,0,-35000,0,0,0,0,35000,-35000,-35000
064350,茂林元大01購01  ,0,0,0,0,0,0,0,0,0,-35000,0,0,0,68000,103000,-35000,-35000
063408,茂林國票9C購02  ,0,0,0,0,0,0,0,0,0,-35000,0,0,0,0,35000,-35000,-35000
06296P,燿華元大98售01  ,0,0,0,0,0,0,0,0,0,-35000,0,0,0,15000,50000,-35000,-35000
3450,聯鈞            ,1121000,1015000,106000,0,0,0,3000,0,3000,-144000,11000,25000,-14000,48000,178000,-130000,-35000
1609,大亞            ,1196000,1230580,-34580,0,0,0,0,1000,-1000,0,0,0,0,0,0,0,-35580
07805P,義隆永豐9A售02  ,0,0,0,0,0,0,0,0,0,-36000,0,0,0,34000,70000,-36000,-36000
07945P,上銀國票9B售02  ,0,0,0,0,0,0,0,0,0,-36000,0,0,0,0,36000,-36000,-36000
08173P,金像電凱基9B售02,0,0,0,0,0,0,0,0,0,-36000,0,0,0,2000,38000,-36000,-36000
08250P,GIS群益9C售02   ,0,0,0,0,0,0,0,0,0,-36000,0,0,0,20000,56000,-36000,-36000
065865,光寶科群益9C購02,0,0,0,0,0,0,0,0,0,-36000,0,0,0,6000,42000,-36000,-36000
065978,臻鼎元大02購01  ,0,0,0,0,0,0,0,0,0,-36000,0,0,0,315000,351000,-36000,-36000
066011,華通元富01購01  ,0,0,0,0,0,0,0,0,0,-36000,0,0,0,5000,41000,-36000,-36000
066410,潤泰新凱基01購01,0,0,0,0,0,0,0,0,0,-36000,0,0,0,11000,47000,-36000,-36000
056860,正崴群益98購01  ,0,0,0,0,0,0,0,0,0,-36000,0,0,0,0,36000,-36000,-36000
057051,群創元大9B購03  ,0,0,0,0,0,0,0,0,0,-36000,0,0,0,11000,47000,-36000,-36000
00682U,元大美元指數    ,0,0,0,0,0,0,0,0,0,-36000,0,0,0,0,36000,-36000,-36000
062008,南亞科國泰9C購01,0,0,0,0,0,0,0,0,0,-36000,0,0,0,6000,42000,-36000,-36000
062184,奇鋐元大9B購02  ,0,0,0,0,0,0,0,0,0,-36000,0,0,0,343000,379000,-36000,-36000
059254,台表科凱基9A購02,0,0,0,0,0,0,0,0,0,-36000,0,0,0,0,36000,-36000,-36000
061483,TPK元大9A購01   ,0,0,0,0,0,0,0,0,0,-36000,0,0,0,32000,68000,-36000,-36000
064489,宏碁元大9C購01  ,0,0,0,0,0,0,0,0,0,-36000,0,0,0,47000,83000,-36000,-36000
064758,可成凱基02購02  ,0,0,0,0,0,0,0,0,0,-36000,0,0,0,23000,59000,-36000,-36000
2365,昆盈            ,91000,128000,-37000,0,0,0,0,0,0,1000,1000,0,1000,0,0,0,-36000
2340,光磊            ,495000,482740,12260,0,0,0,0,0,0,-49000,8000,4000,4000,0,53000,-53000,-36740
066474,微星麥證01購01  ,0,0,0,0,37000,-37000,0,0,0,-37000,0,0,0,0,37000,-37000,-37000
08615P,同欣電統一9C售02,0,0,0,0,0,0,0,0,0,-37000,0,0,0,32000,69000,-37000,-37000
056301,開發金元大9A購01,0,0,0,0,0,0,0,0,0,-37000,0,0,0,0,37000,-37000,-37000
057577,廣宇中信9A購01  ,0,0,0,0,0,0,0,0,0,-37000,0,0,0,10000,47000,-37000,-37000
059282,嘉聯益永豐99購01,0,0,0,0,0,0,0,0,0,-37000,0,0,0,27000,64000,-37000,-37000
060336,南電康和9A購01  ,0,0,0,0,0,0,0,0,0,-37000,0,0,0,3000,40000,-37000,-37000
061837,華新科凱基05購02,0,0,0,0,0,0,0,0,0,-37000,0,0,0,0,37000,-37000,-37000
062362,致茂元大9B購01  ,0,0,0,0,0,0,0,0,0,-37000,0,0,0,14000,51000,-37000,-37000
064824,台積電統一02購03,0,0,0,0,0,0,0,0,0,-37000,0,0,0,10000,47000,-37000,-37000
064910,臺股指麥證9C購04,0,0,0,40000,77000,-37000,0,0,0,-37000,0,0,0,40000,77000,-37000,-37000
063038,富邦金凱基9B購02,0,0,0,0,0,0,0,0,0,-37000,0,0,0,13000,50000,-37000,-37000
063988,華通永豐9C購01  ,0,0,0,0,0,0,0,0,0,-37000,0,0,0,0,37000,-37000,-37000
3661,世芯-KY         ,225000,255000,-30000,0,0,0,0,1000,-1000,-6000,16000,21000,-5000,1000,2000,-1000,-37000
4722,國精化          ,3000,40000,-37000,0,0,0,0,0,0,0,0,0,0,0,0,0,-37000
08492P,大立光元大9C售22,0,0,0,0,0,0,0,0,0,-38000,0,0,0,10000,48000,-38000,-38000
07819P,旺宏國票9B售01  ,0,0,0,0,0,0,0,0,0,-38000,0,0,0,4000,42000,-38000,-38000
07636P,鴻海國票9A售05  ,0,0,0,0,0,0,0,0,0,-38000,0,0,0,0,38000,-38000,-38000
07031P,台灣50中信03售02,0,0,0,0,0,0,0,0,0,-38000,0,0,0,0,38000,-38000,-38000
056344,嘉晶凱基98購02  ,0,0,0,0,0,0,0,0,0,-38000,0,0,0,2000,40000,-38000,-38000
054631,台郡凱基98購02  ,0,0,0,0,0,0,0,0,0,-38000,0,0,0,0,38000,-38000,-38000
058074,欣興凱基99購01  ,0,0,0,0,0,0,0,0,0,-38000,0,0,0,10000,48000,-38000,-38000
057154,易華電國泰99購01,0,0,0,0,0,0,0,0,0,-38000,0,0,0,77000,115000,-38000,-38000
055923,矽力凱基98購01  ,0,0,0,0,0,0,0,0,0,-38000,0,0,0,7000,45000,-38000,-38000
06278P,臺股指凱基97售10,0,0,0,0,0,0,0,0,0,-38000,0,0,0,0,38000,-38000,-38000
063630,智邦元大9B購09  ,0,0,0,0,0,0,0,0,0,-38000,0,0,0,107000,145000,-38000,-38000
063334,復盛國票9B購01  ,0,0,0,0,0,0,0,0,0,-38000,0,0,0,0,38000,-38000,-38000
064292,南茂元大01購01  ,0,0,0,0,0,0,0,0,0,-38000,0,0,0,0,38000,-38000,-38000
6449,鈺邦            ,17000,53000,-36000,0,0,0,0,0,0,-2000,3000,5000,-2000,0,0,0,-38000
3673,TPK-KY          ,572000,505000,67000,0,0,0,0,0,0,-105000,4000,16000,-12000,12000,105000,-93000,-38000
3356,奇偶            ,45000,83000,-38000,0,0,0,0,0,0,0,0,0,0,0,0,0,-38000
066291,惠特元大01購01  ,0,0,0,0,0,0,0,0,0,-39000,0,0,0,15000,54000,-39000,-39000
065862,世紀鋼元大9C購06,0,0,0,0,0,0,0,0,0,-39000,0,0,0,116000,155000,-39000,-39000
06578P,華新科國票98售02,0,0,0,0,0,0,0,0,0,-39000,0,0,0,0,39000,-39000,-39000
065672,嘉晶凱基01購01  ,0,0,0,0,0,0,0,0,0,-39000,0,0,0,83000,122000,-39000,-39000
055707,聯鈞永豐98購01  ,0,0,0,0,0,0,0,0,0,-39000,0,0,0,58000,97000,-39000,-39000
053569,漢唐統一98購01  ,0,0,0,0,0,0,0,0,0,-39000,0,0,0,1000,40000,-39000,-39000
058084,大立光群益98購04,0,0,0,0,0,0,0,0,0,-39000,0,0,0,260000,299000,-39000,-39000
056486,樺漢元大98購04  ,0,0,0,0,0,0,0,0,0,-39000,0,0,0,0,39000,-39000,-39000
057787,TPK國票99購01   ,0,0,0,0,0,0,0,0,0,-39000,0,0,0,44000,83000,-39000,-39000
057980,聯詠永豐98購01  ,0,0,0,0,0,0,0,0,0,-39000,0,0,0,4000,43000,-39000,-39000
059534,國泰金凱基99購01,0,0,0,0,0,0,0,0,0,-39000,0,0,0,0,39000,-39000,-39000
058445,旺宏富邦9C購01  ,0,0,0,0,0,0,0,0,0,-39000,0,0,0,215000,254000,-39000,-39000
062145,億光國票9B購01  ,0,0,0,0,0,0,0,0,0,-39000,0,0,0,67000,106000,-39000,-39000
065003,燿華國票01購01  ,0,0,0,0,0,0,0,0,0,-39000,0,0,0,0,39000,-39000,-39000
065124,燿華永豐9C購03  ,0,0,0,0,0,0,0,0,0,-39000,0,0,0,16000,55000,-39000,-39000
065522,旭富群益9C購03  ,0,0,0,0,0,0,0,0,0,-40000,0,0,0,0,40000,-40000,-40000
066097,英業達中信02購01,0,0,0,0,0,0,0,0,0,-40000,0,0,0,20000,60000,-40000,-40000
066271,東森元大01購01  ,0,0,0,0,0,0,0,0,0,-40000,0,0,0,120000,160000,-40000,-40000
066540,景碩兆豐01購02  ,0,0,0,0,0,0,0,0,0,-40000,0,0,0,0,40000,-40000,-40000
06659P,T50正2富邦9A售01,0,0,0,0,0,0,0,0,0,-40000,0,0,0,0,40000,-40000,-40000
07045P,上銀國票9A售01  ,0,0,0,0,0,0,0,0,0,-40000,0,0,0,0,40000,-40000,-40000
07423P,大立光元大99售33,0,0,0,0,0,0,0,0,0,-40000,0,0,0,0,40000,-40000,-40000
07567P,台灣50凱基01售05,0,0,0,0,0,0,0,0,0,-40000,0,0,0,0,40000,-40000,-40000
07939P,台積電統一9B售14,0,0,0,0,0,0,0,0,0,-40000,0,0,0,0,40000,-40000,-40000
07995P,臺股指麥證9C售01,0,0,0,0,40000,-40000,0,0,0,-40000,0,0,0,0,40000,-40000,-40000
08507P,臺股指國票9C售08,0,0,0,0,0,0,0,0,0,-40000,0,0,0,0,40000,-40000,-40000
08473P,康控凱基9C售01  ,0,0,0,0,0,0,0,0,0,-40000,0,0,0,0,40000,-40000,-40000
08579P,臺股指元大9C售27,0,0,0,0,0,0,0,0,0,-40000,0,0,0,0,40000,-40000,-40000
08702P,南電康和01售01  ,0,0,0,0,0,0,0,0,0,-40000,0,0,0,0,40000,-40000,-40000
08240P,華通中信06售03  ,0,0,0,0,0,0,0,0,0,-40000,0,0,0,0,40000,-40000,-40000
08287P,茂林凱基9C售02  ,0,0,0,0,0,0,0,0,0,-40000,0,0,0,0,40000,-40000,-40000
08285P,國巨凱基9C售07  ,0,0,0,0,0,0,0,0,0,-40000,0,0,0,50000,90000,-40000,-40000
08354P,旺宏元大9C售05  ,0,0,0,0,0,0,0,0,0,-40000,0,0,0,10000,50000,-40000,-40000
08315P,台積電元大9C售08,0,0,0,0,0,0,0,0,0,-40000,0,0,0,125000,165000,-40000,-40000
058325,昇陽半永豐99購01,0,0,0,0,0,0,0,0,0,-40000,0,0,0,45000,85000,-40000,-40000
056944,鴻海統一98購11  ,0,0,0,0,0,0,0,0,0,-40000,0,0,0,35000,75000,-40000,-40000
05692P,聯發科中信9A售02,0,0,0,0,0,0,0,0,0,-40000,0,0,0,0,40000,-40000,-40000
057490,可成元大98購10  ,0,0,0,0,0,0,0,0,0,-40000,0,0,0,225000,265000,-40000,-40000
057460,楠梓電永豐98購03,0,0,0,0,0,0,0,0,0,-40000,0,0,0,20000,60000,-40000,-40000
056552,台表科凱基99購01,0,0,0,0,0,0,0,0,0,-40000,0,0,0,1000,41000,-40000,-40000
056740,大立光凱基98購13,0,0,0,0,0,0,0,0,0,-40000,0,0,0,0,40000,-40000,-40000
054585,禾伸堂國泰99購01,0,0,0,0,0,0,0,0,0,-40000,0,0,0,0,40000,-40000,-40000
054080,微星中信98購01  ,0,0,0,0,0,0,0,0,0,-40000,0,0,0,20000,60000,-40000,-40000
053481,同欣電元大97購01,0,0,0,0,0,0,0,0,0,-40000,0,0,0,0,40000,-40000,-40000
052491,泰碩國票99購01  ,0,0,0,0,0,0,0,0,0,-40000,0,0,0,0,40000,-40000,-40000
050679,上証2X元富97購02,0,0,0,0,0,0,0,0,0,-40000,0,0,0,0,40000,-40000,-40000
061787,華新科群益9C購01,0,0,0,0,0,0,0,0,0,-40000,0,0,0,10000,50000,-40000,-40000
062201,臺指反國票9B購05,0,0,0,0,0,0,0,0,0,-40000,0,0,0,0,40000,-40000,-40000
061877,貿聯元大9B購01  ,0,0,0,0,0,0,0,0,0,-40000,0,0,0,10000,50000,-40000,-40000
058623,國巨國票99購08  ,0,0,0,0,0,0,0,0,0,-40000,0,0,0,24000,64000,-40000,-40000
059029,旺宏兆豐99購01  ,0,0,0,0,0,0,0,0,0,-40000,0,0,0,0,40000,-40000,-40000
061036,晶技永豐9A購03  ,0,0,0,0,0,0,0,0,0,-40000,0,0,0,22000,62000,-40000,-40000
061100,SP黃豆元大9A購04,0,0,0,0,0,0,0,0,0,-40000,0,0,0,0,40000,-40000,-40000
060040,康控國票99購04  ,0,0,0,0,0,0,0,0,0,-40000,0,0,0,55000,95000,-40000,-40000
059995,南亞科元富99購01,0,0,0,0,0,0,0,0,0,-40000,0,0,0,89000,129000,-40000,-40000
059830,台郡凱基99購05  ,0,0,0,0,0,0,0,0,0,-40000,0,0,0,0,40000,-40000,-40000
058894,元油2X元大9C購11,0,0,0,0,0,0,0,0,0,-40000,0,0,0,0,40000,-40000,-40000
062783,大立光元大9C購03,0,0,0,0,0,0,0,0,0,-40000,0,0,0,20000,60000,-40000,-40000
062413,台光電中信9B購02,0,0,0,0,0,0,0,0,0,-40000,0,0,0,58000,98000,-40000,-40000
060561,台積電富邦04購01,0,0,0,0,0,0,0,0,0,-40000,0,0,0,161000,201000,-40000,-40000
060489,世紀鋼群益9A購01,0,0,0,0,0,0,0,0,0,-40000,0,0,0,0,40000,-40000,-40000
064908,世紀鋼群益01購02,0,0,0,0,0,0,0,0,0,-40000,0,0,0,0,40000,-40000,-40000
064892,台達電群益9C購02,0,0,0,0,0,0,0,0,0,-40000,0,0,0,228000,268000,-40000,-40000
065346,台光電統一02購01,0,0,0,0,0,0,0,0,0,-40000,0,0,0,0,40000,-40000,-40000
064459,創意統一02購01  ,0,0,0,0,0,0,0,0,0,-40000,0,0,0,111000,151000,-40000,-40000
064586,緯創永豐9C購01  ,0,0,0,0,0,0,0,0,0,-40000,0,0,0,13000,53000,-40000,-40000
064654,元金2X元大9C購03,0,0,0,0,0,0,0,0,0,-40000,0,0,0,0,40000,-40000,-40000
063280,燿華元大9B購05  ,0,0,0,0,0,0,0,0,0,-40000,0,0,0,6000,46000,-40000,-40000
063028,巨大元大9B購02  ,0,0,0,0,0,0,0,0,0,-40000,0,0,0,0,40000,-40000,-40000
063790,南亞科台新9C購01,0,0,0,0,0,0,0,0,0,-40000,0,0,0,0,40000,-40000,-40000
3543,州巧            ,20000,60000,-40000,0,0,0,0,0,0,0,0,0,0,0,0,0,-40000
2923,鼎固-KY         ,0,40000,-40000,0,0,0,0,0,0,0,0,0,0,0,0,0,-40000
07084P,S&P正2元富9B售02,0,0,0,0,0,0,0,0,0,-41000,0,0,0,0,41000,-41000,-41000
066704,創意群益01購02  ,0,0,0,0,0,0,0,0,0,-41000,0,0,0,2000,43000,-41000,-41000
066304,聯華永豐01購01  ,0,0,0,0,0,0,0,0,0,-41000,0,0,0,0,41000,-41000,-41000
066384,訊芯康和01購01  ,0,0,0,0,0,0,0,0,0,-41000,0,0,0,20000,61000,-41000,-41000
054785,建準群益98購01  ,0,0,0,0,0,0,0,0,0,-41000,0,0,0,0,41000,-41000,-41000
061447,鴻海中信04購02  ,0,0,0,0,0,0,0,0,0,-41000,0,0,0,9000,50000,-41000,-41000
057782,台積電國票99購07,0,0,0,0,0,0,0,0,0,-41000,0,0,0,141000,182000,-41000,-41000
057646,玉山金元大98購01,0,0,0,0,0,0,0,0,0,-41000,0,0,0,0,41000,-41000,-41000
062395,台表科富邦9C購01,0,0,0,0,0,0,0,0,0,-41000,0,0,0,0,41000,-41000,-41000
058947,SGBR2X群益9B購02,0,0,0,0,0,0,0,0,0,-41000,0,0,0,30000,71000,-41000,-41000
060401,世紀鋼國票9B購01,0,0,0,0,0,0,0,0,0,-41000,0,0,0,272000,313000,-41000,-41000
061141,臻鼎統一9A購01  ,0,0,0,0,0,0,0,0,0,-41000,0,0,0,0,41000,-41000,-41000
063600,燿華凱基9B購04  ,0,0,0,0,0,0,0,0,0,-41000,0,0,0,21000,62000,-41000,-41000
06427P,鴻海元大97售13  ,0,0,0,0,0,0,0,0,0,-41000,0,0,0,0,41000,-41000,-41000
065365,國巨元大9C購19  ,0,0,0,0,0,0,0,0,0,-41000,0,0,0,52000,93000,-41000,-41000
3050,鈺德            ,0,41000,-41000,0,0,0,0,0,0,0,0,0,0,0,0,0,-41000
2029,盛餘            ,5000,46000,-41000,0,0,0,0,0,0,0,0,0,0,0,0,0,-41000
2423,固緯            ,6000,47000,-41000,0,0,0,0,0,0,0,0,0,0,0,0,0,-41000
066592,大立光群益01購06,0,0,0,0,0,0,0,0,0,-42000,0,0,0,0,42000,-42000,-42000
057865,富邦金凱基98購01,0,0,0,0,0,0,0,0,0,-42000,0,0,0,12000,54000,-42000,-42000
056335,微星凱基98購01  ,0,0,0,0,0,0,0,0,0,-42000,0,0,0,10000,52000,-42000,-42000
056156,禾伸堂凱基98購04,0,0,0,0,0,0,0,0,0,-42000,0,0,0,0,42000,-42000,-42000
059052,為升凱基99購01  ,0,0,0,0,0,0,0,0,0,-42000,0,0,0,18000,60000,-42000,-42000
059117,禾伸堂永豐99購01,0,0,0,0,0,0,0,0,0,-42000,0,0,0,0,42000,-42000,-42000
060799,茂林永豐9A購01  ,0,0,0,0,0,0,0,0,0,-42000,0,0,0,0,42000,-42000,-42000
062720,南亞科凱基9B購03,0,0,0,0,0,0,0,0,0,-42000,0,0,0,152000,194000,-42000,-42000
064913,燿華統一02購01  ,0,0,0,0,0,0,0,0,0,-42000,0,0,0,21000,63000,-42000,-42000
064245,GIS統一02購02   ,0,0,0,0,0,0,0,0,0,-42000,0,0,0,8000,50000,-42000,-42000
064481,技嘉永豐9C購01  ,0,0,0,0,0,0,0,0,0,-42000,0,0,0,30000,72000,-42000,-42000
063838,上銀元大9C購01  ,0,0,0,0,0,0,0,0,0,-42000,0,0,0,21000,63000,-42000,-42000
063829,晶技國票01購01  ,0,0,0,0,0,0,0,0,0,-42000,0,0,0,8000,50000,-42000,-42000
063238,漢唐元大9B購02  ,0,0,0,0,0,0,0,0,0,-42000,0,0,0,38000,80000,-42000,-42000
066467,晶碩統一03購01  ,0,0,0,0,0,0,0,0,0,-43000,0,0,0,0,43000,-43000,-43000
066335,潤泰全永豐01購01,0,0,0,0,0,0,0,0,0,-43000,0,0,0,0,43000,-43000,-43000
065713,緯穎群益9C購04  ,0,0,0,0,0,0,0,0,0,-43000,0,0,0,21000,64000,-43000,-43000
08079P,宏達電國票9B售03,0,0,0,0,0,0,0,0,0,-43000,0,0,0,0,43000,-43000,-43000
057977,台光電永豐98購02,0,0,0,0,0,0,0,0,0,-43000,0,0,0,4000,47000,-43000,-43000
058361,美律凱基99購06  ,0,0,0,0,0,0,0,0,0,-43000,0,0,0,10000,53000,-43000,-43000
061438,牧德凱基9B購02  ,0,0,0,0,0,0,0,0,0,-43000,0,0,0,144000,187000,-43000,-43000
060928,明泰永豐9A購01  ,0,0,0,0,0,0,0,0,0,-43000,0,0,0,77000,120000,-43000,-43000
062485,華通國泰01購01  ,0,0,0,0,0,0,0,0,0,-43000,0,0,0,16000,59000,-43000,-43000
058528,世紀鋼元大99購02,0,0,0,0,0,0,0,0,0,-43000,0,0,0,0,43000,-43000,-43000
060260,京鼎凱基9C購01  ,0,0,0,0,0,0,0,0,0,-43000,0,0,0,2000,45000,-43000,-43000
060966,台表科凱基9B購01,0,0,0,0,0,0,0,0,0,-43000,0,0,0,0,43000,-43000,-43000
062230,緯穎統一01購01  ,0,0,0,0,0,0,0,0,0,-43000,0,0,0,90000,133000,-43000,-43000
062183,奇鋐元大9B購01  ,0,0,0,0,0,0,0,0,0,-43000,0,0,0,352000,395000,-43000,-43000
063567,漢唐元大9B購03  ,0,0,0,0,0,0,0,0,0,-43000,0,0,0,141000,184000,-43000,-43000
064043,台積電統一9C購10,0,0,0,0,0,0,0,0,0,-43000,0,0,0,54000,97000,-43000,-43000
064122,國巨元大9C購17  ,0,0,0,0,0,0,0,0,0,-43000,0,0,0,27000,70000,-43000,-43000
064274,燿華元大9C購01  ,0,0,0,0,0,0,0,0,0,-43000,0,0,0,29000,72000,-43000,-43000
064930,南六統一02購02  ,0,0,0,0,0,0,0,0,0,-43000,0,0,0,0,43000,-43000,-43000
1618,合機            ,26000,69000,-43000,0,0,0,0,0,0,0,0,0,0,0,0,0,-43000
2832,台產            ,3000,46000,-43000,0,0,0,0,0,0,0,0,0,0,0,0,0,-43000
9941,裕融            ,5000,55000,-50000,0,0,0,7000,0,7000,0,0,0,0,0,0,0,-43000
08310P,南電凱基9C售01  ,0,0,0,0,0,0,0,0,0,-44000,0,0,0,0,44000,-44000,-44000
08453P,玉晶光台新9C售02,0,0,0,0,0,0,0,0,0,-44000,0,0,0,127000,171000,-44000,-44000
1109,信大            ,8000,52000,-44000,0,0,0,0,0,0,0,0,0,0,0,0,0,-44000
07818P,台積電國票9C售01,0,0,0,0,0,0,0,0,0,-44000,0,0,0,100000,144000,-44000,-44000
07531P,大立光國泰9B售03,0,0,0,0,0,0,0,0,0,-44000,0,0,0,26000,70000,-44000,-44000
065832,貿聯凱基02購03  ,0,0,0,0,0,0,0,0,0,-44000,0,0,0,20000,64000,-44000,-44000
056464,臺股指凱基99購06,0,0,0,0,0,0,0,0,0,-44000,0,0,0,10000,54000,-44000,-44000
057891,華新科統一9A購01,0,0,0,0,0,0,0,0,0,-44000,0,0,0,0,44000,-44000,-44000
056155,嘉晶凱基97購01  ,0,0,0,0,0,0,0,0,0,-44000,0,0,0,40000,84000,-44000,-44000
053084,國巨元大98購01  ,0,0,0,0,0,0,0,0,0,-44000,0,0,0,0,44000,-44000,-44000
053400,緯穎中信9A購01  ,0,0,0,0,0,0,0,0,0,-44000,0,0,0,30000,74000,-44000,-44000
055104,台達電凱基98購01,0,0,0,0,0,0,0,0,0,-44000,0,0,0,44000,88000,-44000,-44000
061516,力成永豐9A購02  ,0,0,0,0,0,0,0,0,0,-44000,0,0,0,62000,106000,-44000,-44000
060707,台郡富邦9A購01  ,0,0,0,0,0,0,0,0,0,-44000,0,0,0,62000,106000,-44000,-44000
065441,義隆麥證9C購01  ,0,0,0,0,44000,-44000,0,0,0,-44000,0,0,0,0,44000,-44000,-44000
064260,矽創富邦9C購01  ,0,0,0,0,0,0,0,0,0,-44000,0,0,0,50000,94000,-44000,-44000
064734,大立光元富9C購05,0,0,0,0,0,0,0,0,0,-44000,0,0,0,0,44000,-44000,-44000
063655,華通元富9B購01  ,0,0,0,0,0,0,0,0,0,-44000,0,0,0,6000,50000,-44000,-44000
063179,群創兆豐9B購01  ,0,0,0,0,0,0,0,0,0,-44000,0,0,0,0,44000,-44000,-44000
063125,華擎元大9C購02  ,0,0,0,0,0,0,0,0,0,-44000,0,0,0,137000,181000,-44000,-44000
9940,信義            ,16000,60000,-44000,0,0,0,0,0,0,0,0,0,0,0,0,0,-44000
6136,富爾特          ,2000,46000,-44000,0,0,0,0,0,0,0,0,0,0,0,0,0,-44000
1437,勤益控          ,18000,62000,-44000,0,0,0,0,0,0,0,0,0,0,0,0,0,-44000
1503,士電            ,16000,59000,-43000,0,0,0,0,0,0,-1000,0,1000,-1000,0,0,0,-44000
065866,鴻海群益9C購07  ,0,0,0,0,0,0,0,0,0,-45000,0,0,0,34000,79000,-45000,-45000
08761P,聯詠元大01售02  ,0,0,0,0,0,0,0,0,0,-45000,0,0,0,0,45000,-45000,-45000
08728P,緯穎群益01售01  ,0,0,0,0,0,0,0,0,0,-45000,0,0,0,0,45000,-45000,-45000
08557P,臺股指中信01售09,0,0,0,0,0,0,0,0,0,-45000,0,0,0,0,45000,-45000,-45000
08433P,臺股指凱基03售01,0,0,0,0,0,0,0,0,0,-45000,0,0,0,0,45000,-45000,-45000
056165,矽力凱基98購02  ,0,0,0,0,0,0,0,0,0,-45000,0,0,0,57000,102000,-45000,-45000
057895,全新元富9B購01  ,0,0,0,0,0,0,0,0,0,-45000,0,0,0,51000,96000,-45000,-45000
056520,鴻海日盛99購01  ,0,0,0,0,0,0,0,0,0,-45000,0,0,0,56000,101000,-45000,-45000
057292,國巨國泰9B購01  ,0,0,0,0,0,0,0,0,0,-45000,0,0,0,10000,55000,-45000,-45000
056454,欣興凱基98購02  ,0,0,0,0,0,0,0,0,0,-45000,0,0,0,13000,58000,-45000,-45000
061699,燿華國票9A購01  ,0,0,0,0,0,0,0,0,0,-45000,0,0,0,106000,151000,-45000,-45000
059155,台表科日盛99購01,0,0,0,0,0,0,0,0,0,-45000,0,0,0,30000,75000,-45000,-45000
059120,致伸永豐99購01  ,0,0,0,0,0,0,0,0,0,-45000,0,0,0,68000,113000,-45000,-45000
061522,元黃金凱基01購01,0,0,0,0,0,0,0,0,0,-45000,0,0,0,5000,50000,-45000,-45000
062194,遠東新中信9C購01,0,0,0,0,0,0,0,0,0,-45000,0,0,0,0,45000,-45000,-45000
062522,同欣電元大9B購02,0,0,0,0,0,0,0,0,0,-45000,0,0,0,80000,125000,-45000,-45000
063966,大毅國票01購01  ,0,0,0,0,0,0,0,0,0,-45000,0,0,0,59000,104000,-45000,-45000
063940,國巨元大01購02  ,0,0,0,0,0,0,0,0,0,-45000,0,0,0,33000,78000,-45000,-45000
064641,神隆凱基9C購01  ,0,0,0,0,0,0,0,0,0,-45000,0,0,0,274000,319000,-45000,-45000
065229,友達凱基02購03  ,0,0,0,0,0,0,0,0,0,-45000,0,0,0,10000,55000,-45000,-45000
2812,台中銀          ,149000,196000,-47000,0,0,0,2000,0,2000,0,0,0,0,0,0,0,-45000
2642,宅配通          ,61000,106000,-45000,0,0,0,0,0,0,0,0,0,0,0,0,0,-45000
08424P,群創元富9C售03  ,0,0,0,0,0,0,0,0,0,-46000,0,0,0,0,46000,-46000,-46000
08211P,台表科元富9B售03,0,0,0,0,0,0,0,0,0,-46000,0,0,0,180000,226000,-46000,-46000
1103,嘉泥            ,32000,78000,-46000,0,0,0,0,0,0,0,0,0,0,0,0,0,-46000
07740P,臺股指永豐9A售01,0,0,0,0,0,0,0,0,0,-46000,0,0,0,0,46000,-46000,-46000
066130,燿華群益01購03  ,0,0,0,0,0,0,0,0,0,-46000,0,0,0,20000,66000,-46000,-46000
06670P,鴻海群益98售06  ,0,0,0,0,0,0,0,0,0,-46000,0,0,0,0,46000,-46000,-46000
057637,上銀元大98購07  ,0,0,0,0,0,0,0,0,0,-46000,0,0,0,1000,47000,-46000,-46000
055921,新唐凱基98購01  ,0,0,0,0,0,0,0,0,0,-46000,0,0,0,14000,60000,-46000,-46000
055787,聯茂凱基99購01  ,0,0,0,0,0,0,0,0,0,-46000,0,0,0,53000,99000,-46000,-46000
054632,緯穎凱基9A購01  ,0,0,0,0,0,0,0,0,0,-46000,0,0,0,0,46000,-46000,-46000
054258,牧德元大97購01  ,0,0,0,0,0,0,0,0,0,-46000,0,0,0,46000,92000,-46000,-46000
062480,茂林國票9B購01  ,0,0,0,0,0,0,0,0,0,-46000,0,0,0,0,46000,-46000,-46000
058581,大立光群益99購05,0,0,0,0,0,0,0,0,0,-46000,0,0,0,0,46000,-46000,-46000
061803,巨大永豐9B購01  ,0,0,0,0,0,0,0,0,0,-46000,0,0,0,10000,56000,-46000,-46000
062353,亞德客元大9B購01,0,0,0,0,0,0,0,0,0,-46000,0,0,0,4000,50000,-46000,-46000
061265,富邦金凱基9B購01,0,0,0,0,0,0,0,0,0,-46000,0,0,0,12000,58000,-46000,-46000
059165,南亞科凱基99購04,0,0,0,0,0,0,0,0,0,-46000,0,0,0,0,46000,-46000,-46000
060686,康友元大9A購02  ,0,0,0,0,0,0,0,0,0,-46000,0,0,0,123000,169000,-46000,-46000
063585,台積電永豐9B購03,0,0,0,0,0,0,0,0,0,-46000,0,0,0,0,46000,-46000,-46000
063832,矽創國票01購01  ,0,0,0,0,0,0,0,0,0,-46000,0,0,0,69000,115000,-46000,-46000
063724,亞德客元大9B購03,0,0,0,0,0,0,0,0,0,-46000,0,0,0,5000,51000,-46000,-46000
063494,金像電富邦9B購01,0,0,0,0,0,0,0,0,0,-46000,0,0,0,1000,47000,-46000,-46000
6243,迅杰            ,0,46000,-46000,0,0,0,0,0,0,0,0,0,0,0,0,0,-46000
066300,潤泰新元大01購02,0,0,0,0,0,0,0,0,0,-47000,0,0,0,13000,60000,-47000,-47000
06585P,鴻海元大99售04  ,0,0,0,0,0,0,0,0,0,-47000,0,0,0,0,47000,-47000,-47000
065936,聯發科群益02購01,0,0,0,0,0,0,0,0,0,-47000,0,0,0,6000,53000,-47000,-47000
065722,緯創兆豐9C購02  ,0,0,0,0,0,0,0,0,0,-47000,0,0,0,55000,102000,-47000,-47000
06552P,茂林元大99售02  ,0,0,0,0,0,0,0,0,0,-47000,0,0,0,100000,147000,-47000,-47000
07126P,台積電元大99售23,0,0,0,0,0,0,0,0,0,-47000,0,0,0,23000,70000,-47000,-47000
07274P,上証2X群益01售01,0,0,0,0,0,0,0,0,0,-47000,0,0,0,0,47000,-47000,-47000
08595P,南電群益9C售03  ,0,0,0,0,0,0,0,0,0,-47000,0,0,0,3000,50000,-47000,-47000
055411,國巨富邦9A購02  ,0,0,0,0,0,0,0,0,0,-47000,0,0,0,0,47000,-47000,-47000
050758,聯發科元富9B購01,0,0,0,0,0,0,0,0,0,-47000,0,0,0,22000,69000,-47000,-47000
062729,神達凱基9B購02  ,0,0,0,0,0,0,0,0,0,-47000,0,0,0,151000,198000,-47000,-47000
064039,亞德客統一02購01,0,0,0,0,0,0,0,0,0,-47000,0,0,0,15000,62000,-47000,-47000
065361,上銀元大9C購11  ,0,0,0,0,0,0,0,0,0,-47000,0,0,0,3000,50000,-47000,-47000
064713,和大統一02購01  ,0,0,0,0,0,0,0,0,0,-47000,0,0,0,3000,50000,-47000,-47000
064270,華通元大9C購03  ,0,0,0,0,0,0,0,0,0,-47000,0,0,0,44000,91000,-47000,-47000
064513,T50反1群益9C購01,0,0,0,0,0,0,0,0,0,-47000,0,0,0,660000,707000,-47000,-47000
2816,旺旺保          ,44000,91000,-47000,0,0,0,0,0,0,0,0,0,0,0,0,0,-47000
3504,揚明光          ,86000,129000,-43000,0,0,0,0,0,0,-4000,0,0,0,0,4000,-4000,-47000
08312P,旺宏國票01售01  ,0,0,0,0,0,0,0,0,0,-48000,0,0,0,0,48000,-48000,-48000
08019P,緯穎國票9B售02  ,0,0,0,0,0,0,0,0,0,-48000,0,0,0,115000,163000,-48000,-48000
065763,台表科元大9C購14,0,0,0,0,0,0,0,0,0,-48000,0,0,0,133000,181000,-48000,-48000
065934,智邦群益01購02  ,0,0,0,0,0,0,0,0,0,-48000,0,0,0,17000,65000,-48000,-48000
066591,華新科群益01購05,0,0,0,0,0,0,0,0,0,-48000,0,0,0,2000,50000,-48000,-48000
056173,廣達元富97購01  ,0,0,0,0,0,0,0,0,0,-48000,0,0,0,0,48000,-48000,-48000
055519,茂林中信99購01  ,0,0,0,0,0,0,0,0,0,-48000,0,0,0,0,48000,-48000,-48000
058017,漢唐凱基99購01  ,0,0,0,0,0,0,0,0,0,-48000,0,0,0,35000,83000,-48000,-48000
055620,樺漢國票98購01  ,0,0,0,0,0,0,0,0,0,-48000,0,0,0,3000,51000,-48000,-48000
056767,大毅元大99購01  ,0,0,0,0,0,0,0,0,0,-48000,0,0,0,88000,136000,-48000,-48000
062626,台積電國票9C購04,0,0,0,0,0,0,0,0,0,-48000,0,0,0,82000,130000,-48000,-48000
060233,宏碁元大9A購01  ,0,0,0,0,0,0,0,0,0,-48000,0,0,0,75000,123000,-48000,-48000
060341,國巨統一9C購02  ,0,0,0,0,0,0,0,0,0,-48000,0,0,0,0,48000,-48000,-48000
064370,聯茂統一02購01  ,0,0,0,0,0,0,0,0,0,-48000,0,0,0,10000,58000,-48000,-48000
064815,台表科元大01購01,0,0,0,0,0,0,0,0,0,-48000,0,0,0,240000,288000,-48000,-48000
064835,嘉晶統一02購01  ,0,0,0,0,0,0,0,0,0,-48000,0,0,0,138000,186000,-48000,-48000
065204,神隆國票01購01  ,0,0,0,0,0,0,0,0,0,-48000,0,0,0,85000,133000,-48000,-48000
065141,國巨凱基9C購10  ,0,0,0,0,0,0,0,0,0,-48000,0,0,0,40000,88000,-48000,-48000
065175,大立光元大01購05,0,0,0,0,0,0,0,0,0,-48000,0,0,0,78000,126000,-48000,-48000
063406,麗豐國票9C購01  ,0,0,0,0,0,0,0,0,0,-48000,0,0,0,13000,61000,-48000,-48000
063229,台表科群益9B購04,0,0,0,0,0,0,0,0,0,-48000,0,0,0,31000,79000,-48000,-48000
063211,道瓊銀國票9B購01,0,0,0,0,0,0,0,0,0,-48000,0,0,0,0,48000,-48000,-48000
2537,聯上發          ,122000,170000,-48000,0,0,0,0,0,0,0,0,0,0,0,0,0,-48000
066763,創意永豐01購02  ,0,0,0,0,0,0,0,0,0,-49000,0,0,0,2000,51000,-49000,-49000
066132,精元群益01購01  ,0,0,0,0,0,0,0,0,0,-49000,0,0,0,184000,233000,-49000,-49000
065751,台光電元大9C購06,0,0,0,0,0,0,0,0,0,-49000,0,0,0,38000,87000,-49000,-49000
065502,康友富邦03購01  ,0,0,0,0,0,0,0,0,0,-49000,0,0,0,400000,449000,-49000,-49000
056655,旺宏元大99購02  ,0,0,0,0,0,0,0,0,0,-49000,0,0,0,53000,102000,-49000,-49000
057660,訊芯兆豐98購02  ,0,0,0,0,0,0,0,0,0,-49000,0,0,0,0,49000,-49000,-49000
059829,超眾凱基99購05  ,0,0,0,0,0,0,0,0,0,-49000,0,0,0,0,49000,-49000,-49000
059924,世紀鋼元大99購06,0,0,0,0,0,0,0,0,0,-49000,0,0,0,54000,103000,-49000,-49000
058699,楠梓電元大99購02,0,0,0,0,0,0,0,0,0,-49000,0,0,0,81000,130000,-49000,-49000
063282,奇力新元大9B購06,0,0,0,0,0,0,0,0,0,-49000,0,0,0,0,49000,-49000,-49000
064012,泰碩國票01購02  ,0,0,0,0,0,0,0,0,0,-49000,0,0,0,14000,63000,-49000,-49000
063931,牧德統一01購02  ,0,0,0,0,0,0,0,0,0,-49000,0,0,0,0,49000,-49000,-49000
065767,T50反1國票03購01,0,0,0,0,0,0,0,0,0,-50000,0,0,0,50000,100000,-50000,-50000
065780,國巨富邦03購02  ,0,0,0,0,0,0,0,0,0,-50000,0,0,0,10000,60000,-50000,-50000
066071,台光電凱基02購01,0,0,0,0,0,0,0,0,0,-50000,0,0,0,24000,74000,-50000,-50000
066226,惠特國泰03購01  ,0,0,0,0,0,0,0,0,0,-50000,0,0,0,0,50000,-50000,-50000
066360,致茂中信05購01  ,0,0,0,0,0,0,0,0,0,-50000,0,0,0,0,50000,-50000,-50000
066624,燿華凱基01購02  ,0,0,0,0,0,0,0,0,0,-50000,0,0,0,1000,51000,-50000,-50000
066538,信邦兆豐03購01  ,0,0,0,0,0,0,0,0,0,-50000,0,0,0,0,50000,-50000,-50000
066531,智伸科元富01購01,0,0,0,0,0,0,0,0,0,-50000,0,0,0,0,50000,-50000,-50000
08016P,臺股指凱基02售02,0,0,0,0,0,0,0,0,0,-50000,0,0,0,0,50000,-50000,-50000
07966P,瑞祺群益9B售02  ,0,0,0,0,0,0,0,0,0,-50000,0,0,0,0,50000,-50000,-50000
07844P,可成國票9A售01  ,0,0,0,0,0,0,0,0,0,-50000,0,0,0,0,50000,-50000,-50000
07840P,康控元大9A售02  ,0,0,0,0,0,0,0,0,0,-50000,0,0,0,10000,60000,-50000,-50000
07940P,國巨群益9B售06  ,0,0,0,0,0,0,0,0,0,-50000,0,0,0,0,50000,-50000,-50000
07892P,臺股指國票9B售02,0,0,0,0,0,0,0,0,0,-50000,0,0,0,0,50000,-50000,-50000
07533P,臺股指中信9C售04,0,0,0,0,0,0,0,0,0,-50000,0,0,0,0,50000,-50000,-50000
07543P,台積電凱基9A售17,0,0,0,0,0,0,0,0,0,-50000,0,0,0,0,50000,-50000,-50000
07509P,牧德國票9A售03  ,0,0,0,0,0,0,0,0,0,-50000,0,0,0,0,50000,-50000,-50000
07604P,台灣50元大9B售09,0,0,0,0,0,0,0,0,0,-50000,0,0,0,0,50000,-50000,-50000
07305P,T50正2群益99售02,0,0,0,0,0,0,0,0,0,-50000,0,0,0,0,50000,-50000,-50000
07428P,華新科國票9A售01,0,0,0,0,0,0,0,0,0,-50000,0,0,0,0,50000,-50000,-50000
07117P,SGBR2X凱基9C售01,0,0,0,0,0,0,0,0,0,-50000,0,0,0,0,50000,-50000,-50000
07109P,聯發科中信9B售02,0,0,0,0,0,0,0,0,0,-50000,0,0,0,0,50000,-50000,-50000
07085P,超眾元富9C售01  ,0,0,0,0,0,0,0,0,0,-50000,0,0,0,50000,100000,-50000,-50000
07030P,鈺齊群益99售01  ,0,0,0,0,0,0,0,0,0,-50000,0,0,0,10000,60000,-50000,-50000
06847P,奇力新元大98售05,0,0,0,0,0,0,0,0,0,-50000,0,0,0,0,50000,-50000,-50000
06867P,訊芯元大98售08  ,0,0,0,0,0,0,0,0,0,-50000,0,0,0,0,50000,-50000,-50000
06876P,台灣50兆豐9B售01,0,0,0,0,0,0,0,0,0,-50000,0,0,0,0,50000,-50000,-50000
06770P,台灣50第一9C售01,0,0,0,0,0,0,0,0,0,-50000,0,0,0,0,50000,-50000,-50000
08337P,台灣50凱基01售15,0,0,0,0,0,0,0,0,0,-50000,0,0,0,100000,150000,-50000,-50000
08371P,京元電凱基9C售01,0,0,0,0,0,0,0,0,0,-50000,0,0,0,100000,150000,-50000,-50000
08443P,臺股指麥證01售02,0,0,0,0,50000,-50000,0,0,0,-50000,0,0,0,0,50000,-50000,-50000
08277P,嘉晶元富9C售02  ,0,0,0,0,0,0,0,0,0,-50000,0,0,0,0,50000,-50000,-50000
08578P,TPK元大9C售04   ,0,0,0,0,0,0,0,0,0,-50000,0,0,0,0,50000,-50000,-50000
058261,大立光富邦03購01,0,0,0,0,0,0,0,0,0,-50000,0,0,0,0,50000,-50000,-50000
057778,大立光群益98購02,0,0,0,0,0,0,0,0,0,-50000,0,0,0,0,50000,-50000,-50000
057576,南亞科第一9C購01,0,0,0,0,0,0,0,0,0,-50000,0,0,0,0,50000,-50000,-50000
056458,日月光凱基98購02,0,0,0,0,0,0,0,0,0,-50000,0,0,0,20000,70000,-50000,-50000
057407,超眾群益99購01  ,0,0,0,0,0,0,0,0,0,-50000,0,0,0,0,50000,-50000,-50000
056737,國巨凱基9A購01  ,0,0,0,0,0,0,0,0,0,-50000,0,0,0,0,50000,-50000,-50000
057017,和大凱基98購01  ,0,0,0,0,0,0,0,0,0,-50000,0,0,0,50000,100000,-50000,-50000
058409,鴻海兆豐99購05  ,0,0,0,0,0,0,0,0,0,-50000,0,0,0,26000,76000,-50000,-50000
056981,全新群益99購03  ,0,0,0,0,0,0,0,0,0,-50000,0,0,0,0,50000,-50000,-50000
060952,滬深2X群益9C購05,0,0,0,0,0,0,0,0,0,-50000,0,0,0,0,50000,-50000,-50000
054310,牧德凱基98購01  ,0,0,0,0,0,0,0,0,0,-50000,0,0,0,0,50000,-50000,-50000
054315,訊芯凱基98購01  ,0,0,0,0,0,0,0,0,0,-50000,0,0,0,0,50000,-50000,-50000
057106,美律群益98購03  ,0,0,0,0,0,0,0,0,0,-50000,0,0,0,0,50000,-50000,-50000
05721P,全新群益98售02  ,0,0,0,0,0,0,0,0,0,-50000,0,0,0,0,50000,-50000,-50000
054279,揚明光群益98購01,0,0,0,0,0,0,0,0,0,-50000,0,0,0,0,50000,-50000,-50000
054737,京元電凱基99購01,0,0,0,0,0,0,0,0,0,-50000,0,0,0,0,50000,-50000,-50000
054786,全新群益99購02  ,0,0,0,0,0,0,0,0,0,-50000,0,0,0,0,50000,-50000,-50000
056325,群創兆豐9A購01  ,0,0,0,0,0,0,0,0,0,-50000,0,0,0,0,50000,-50000,-50000
052853,友達日盛99購01  ,0,0,0,0,0,0,0,0,0,-50000,0,0,0,0,50000,-50000,-50000
058887,元石油元大9C購04,0,0,0,0,0,0,0,0,0,-50000,0,0,0,10000,60000,-50000,-50000
059815,SP黃豆凱基9A購03,0,0,0,0,0,0,0,0,0,-50000,0,0,0,0,50000,-50000,-50000
060055,宏達電凱基99購06,0,0,0,0,0,0,0,0,0,-50000,0,0,0,6000,56000,-50000,-50000
062605,上銀凱基9B購03  ,0,0,0,0,0,0,0,0,0,-50000,0,0,0,0,50000,-50000,-50000
062794,鴻海統一9C購15  ,0,0,0,0,0,0,0,0,0,-50000,0,0,0,16000,66000,-50000,-50000
062469,旺宏凱基9B購05  ,0,0,0,0,0,0,0,0,0,-50000,0,0,0,0,50000,-50000,-50000
060824,旺宏元大9A購06  ,0,0,0,0,0,0,0,0,0,-50000,0,0,0,0,50000,-50000,-50000
060306,台肥永豐9A購01  ,0,0,0,0,0,0,0,0,0,-50000,0,0,0,314000,364000,-50000,-50000
061839,華新科凱基05購04,0,0,0,0,0,0,0,0,0,-50000,0,0,0,0,50000,-50000,-50000
062223,大立光統一9C購04,0,0,0,0,0,0,0,0,0,-50000,0,0,0,0,50000,-50000,-50000
059424,SGBR2X元大9A購01,0,0,0,0,0,0,0,0,0,-50000,0,0,0,0,50000,-50000,-50000
058608,華新科元大99購13,0,0,0,0,0,0,0,0,0,-50000,0,0,0,0,50000,-50000,-50000
060705,台光電富邦9B購01,0,0,0,0,0,0,0,0,0,-50000,0,0,0,0,50000,-50000,-50000
061205,旺宏元大9A購11  ,0,0,0,0,0,0,0,0,0,-50000,0,0,0,0,50000,-50000,-50000
061207,美律元大9A購04  ,0,0,0,0,0,0,0,0,0,-50000,0,0,0,14000,64000,-50000,-50000
061539,國巨群益9B購03  ,0,0,0,0,0,0,0,0,0,-50000,0,0,0,0,50000,-50000,-50000
060960,金像電凱基9B購01,0,0,0,0,0,0,0,0,0,-50000,0,0,0,0,50000,-50000,-50000
063914,和碩凱基9C購01  ,0,0,0,0,0,0,0,0,0,-50000,0,0,0,1000,51000,-50000,-50000
063943,台光電元大9C購02,0,0,0,0,0,0,0,0,0,-50000,0,0,0,2000,52000,-50000,-50000
063947,大毅元大9C購02  ,0,0,0,0,0,0,0,0,0,-50000,0,0,0,0,50000,-50000,-50000
063827,國巨國票02購01  ,0,0,0,0,0,0,0,0,0,-50000,0,0,0,4000,54000,-50000,-50000
063823,T50反1國票01購02,0,0,0,0,0,0,0,0,0,-50000,0,0,0,10000,60000,-50000,-50000
063837,亞德客元大01購01,0,0,0,0,0,0,0,0,0,-50000,0,0,0,0,50000,-50000,-50000
063657,茂林元富9B購04  ,0,0,0,0,0,0,0,0,0,-50000,0,0,0,85000,135000,-50000,-50000
063546,國巨兆豐9C購03  ,0,0,0,0,0,0,0,0,0,-50000,0,0,0,0,50000,-50000,-50000
063196,力成元富9B購01  ,0,0,0,0,0,0,0,0,0,-50000,0,0,0,0,50000,-50000,-50000
063080,裕隆凱基9B購01  ,0,0,0,0,0,0,0,0,0,-50000,0,0,0,15000,65000,-50000,-50000
06496P,台灣50日盛98售01,0,0,0,0,0,0,0,0,0,-50000,0,0,0,0,50000,-50000,-50000
064942,道瓊反凱基02購01,0,0,0,0,0,0,0,0,0,-50000,0,0,0,0,50000,-50000,-50000
065270,TPK元大01購01   ,0,0,0,0,0,0,0,0,0,-50000,0,0,0,0,50000,-50000,-50000
06529P,貿聯富邦99售03  ,0,0,0,0,0,0,0,0,0,-50000,0,0,0,30000,80000,-50000,-50000
064787,和潤群益9C購01  ,0,0,0,0,0,0,0,0,0,-50000,0,0,0,271000,321000,-50000,-50000
064673,南茂元大9C購01  ,0,0,0,0,0,0,0,0,0,-50000,0,0,0,0,50000,-50000,-50000
064340,大立光元大9C購17,0,0,0,0,0,0,0,0,0,-50000,0,0,0,0,50000,-50000,-50000
064522,華擎群益01購01  ,0,0,0,0,0,0,0,0,0,-50000,0,0,0,22000,72000,-50000,-50000
064491,金像電元大9C購03,0,0,0,0,0,0,0,0,0,-50000,0,0,0,0,50000,-50000,-50000
2380,虹光            ,0,50000,-50000,0,0,0,0,0,0,0,0,0,0,0,0,0,-50000
911622,泰聚亨-DR       ,0,0,0,0,0,0,0,0,0,-50000,0,50000,-50000,0,0,0,-50000
1321,大洋            ,15000,66000,-51000,0,0,0,0,0,0,0,0,0,0,0,0,0,-51000
07366P,國巨康和99售02  ,0,0,0,0,0,0,0,0,0,-51000,0,0,0,61000,112000,-51000,-51000
07475P,A50正2群益9C售02,0,0,0,0,0,0,0,0,0,-51000,0,0,0,0,51000,-51000,-51000
066701,京元電群益01購02,0,0,0,0,0,0,0,0,0,-51000,0,0,0,0,51000,-51000,-51000
066363,美律中信05購01  ,0,0,0,0,0,0,0,0,0,-51000,0,0,0,18000,69000,-51000,-51000
066212,惠特統一01購01  ,0,0,0,0,0,0,0,0,0,-51000,0,0,0,33000,84000,-51000,-51000
053537,玉晶光永豐98購02,0,0,0,0,0,0,0,0,0,-51000,0,0,0,5000,56000,-51000,-51000
058073,大立光凱基99購04,0,0,0,0,0,0,0,0,0,-51000,0,0,0,0,51000,-51000,-51000
057540,緯穎日盛99購01  ,0,0,0,0,0,0,0,0,0,-51000,0,0,0,18000,69000,-51000,-51000
057674,台郡元大99購03  ,0,0,0,0,0,0,0,0,0,-51000,0,0,0,70000,121000,-51000,-51000
061527,牧德凱基9A購02  ,0,0,0,0,0,0,0,0,0,-51000,0,0,0,100000,151000,-51000,-51000
061859,勤誠國票9B購01  ,0,0,0,0,0,0,0,0,0,-51000,0,0,0,38000,89000,-51000,-51000
060412,儒鴻永豐9A購01  ,0,0,0,0,0,0,0,0,0,-51000,0,0,0,22000,73000,-51000,-51000
064300,英業達兆豐9C購01,0,0,0,0,0,0,0,0,0,-51000,0,0,0,20000,71000,-51000,-51000
063634,台光電元大9B購09,0,0,0,0,0,0,0,0,0,-51000,0,0,0,13000,64000,-51000,-51000
9924,福興            ,1000,52000,-51000,0,0,0,0,0,0,0,0,0,0,0,0,0,-51000
6715,嘉基            ,211000,278000,-67000,0,0,0,0,0,0,16000,0,0,0,29000,13000,16000,-51000
2496,卓越            ,3000,54000,-51000,0,0,0,0,0,0,0,0,0,0,0,0,0,-51000
2466,冠西電          ,4000,55000,-51000,0,0,0,0,0,0,0,0,0,0,0,0,0,-51000
066554,嘉晶元大01購05  ,0,0,0,0,0,0,0,0,0,-52000,0,0,0,0,52000,-52000,-52000
066005,國巨統一03購01  ,0,0,0,0,0,0,0,0,0,-52000,0,0,0,4000,56000,-52000,-52000
065719,T50反1兆豐9C購01,0,0,0,0,0,0,0,0,0,-52000,0,0,0,253000,305000,-52000,-52000
07555P,玉晶光元大9A售07,0,0,0,0,0,0,0,0,0,-52000,0,0,0,0,52000,-52000,-52000
06751P,旺宏凱基98售10  ,0,0,0,0,0,0,0,0,0,-52000,0,0,0,0,52000,-52000,-52000
08350P,臺股指中信9C售06,0,0,0,0,0,0,0,0,0,-52000,0,0,0,0,52000,-52000,-52000
061437,燿華凱基9A購01  ,0,0,0,0,0,0,0,0,0,-52000,0,0,0,3000,55000,-52000,-52000
058018,南亞科凱基99購03,0,0,0,0,0,0,0,0,0,-52000,0,0,0,0,52000,-52000,-52000
055976,台積電統一99購03,0,0,0,0,0,0,0,0,0,-52000,0,0,0,0,52000,-52000,-52000
03427B,臺股指元大9A熊02,0,0,0,0,0,0,0,0,0,-52000,0,0,0,170000,222000,-52000,-52000
046937,聯電元大99購01  ,0,0,0,0,0,0,0,0,0,-52000,0,0,0,1000,53000,-52000,-52000
055661,亞德客中信98購01,0,0,0,0,0,0,0,0,0,-52000,0,0,0,0,52000,-52000,-52000
062820,禾伸堂兆豐9B購01,0,0,0,0,0,0,0,0,0,-52000,0,0,0,22000,74000,-52000,-52000
063994,台光電群益9C購01,0,0,0,0,0,0,0,0,0,-52000,0,0,0,66000,118000,-52000,-52000
06433P,大立光群益99售01,0,0,0,0,0,0,0,0,0,-52000,0,0,0,0,52000,-52000,-52000
2465,麗臺            ,55000,107000,-52000,0,0,0,0,0,0,0,0,0,0,0,0,0,-52000
2109,華豐            ,0,52000,-52000,0,0,0,0,0,0,0,0,0,0,0,0,0,-52000
066593,奇鋐群益01購01  ,0,0,0,0,0,0,0,0,0,-53000,0,0,0,46000,99000,-53000,-53000
066638,聚碩凱基01購01  ,0,0,0,0,0,0,0,0,0,-53000,0,0,0,0,53000,-53000,-53000
066673,緯穎凱基02購01  ,0,0,0,0,0,0,0,0,0,-53000,0,0,0,0,53000,-53000,-53000
03448B,臺股指元大9C熊11,0,0,0,0,0,0,0,0,0,-53000,0,0,0,221000,274000,-53000,-53000
054468,台郡凱基98購01  ,0,0,0,0,0,0,0,0,0,-53000,0,0,0,0,53000,-53000,-53000
061655,微星國票9A購01  ,0,0,0,0,0,0,0,0,0,-53000,0,0,0,0,53000,-53000,-53000
057954,宏碁元大99購01  ,0,0,0,0,0,0,0,0,0,-53000,0,0,0,129000,182000,-53000,-53000
060122,亞德客永豐99購02,0,0,0,0,0,0,0,0,0,-53000,0,0,0,0,53000,-53000,-53000
061125,億光永豐9A購01  ,0,0,0,0,0,0,0,0,0,-53000,0,0,0,47000,100000,-53000,-53000
060651,瑞儀中信9B購01  ,0,0,0,0,0,0,0,0,0,-53000,0,0,0,0,53000,-53000,-53000
061150,國巨群益9A購09  ,0,0,0,0,0,0,0,0,0,-53000,0,0,0,9000,62000,-53000,-53000
064584,英業達永豐9C購01,0,0,0,0,0,0,0,0,0,-53000,0,0,0,5000,58000,-53000,-53000
065166,台達電元大9C購04,0,0,0,0,0,0,0,0,0,-53000,0,0,0,240000,293000,-53000,-53000
06340P,鴻海統一98售06  ,0,0,0,0,0,0,0,0,0,-53000,0,0,0,0,53000,-53000,-53000
2206,三陽工業        ,68000,121000,-53000,0,0,0,0,0,0,0,0,0,0,0,0,0,-53000
1560,中砂            ,23000,76000,-53000,0,0,0,0,0,0,0,0,0,0,0,0,0,-53000
066588,台積電群益01購06,0,0,0,0,0,0,0,0,0,-54000,0,0,0,0,54000,-54000,-54000
065660,晶豪科永豐9C購01,0,0,0,0,0,0,0,0,0,-54000,0,0,0,89000,143000,-54000,-54000
08282P,南六群益9C售01  ,0,0,0,0,0,0,0,0,0,-54000,0,0,0,0,54000,-54000,-54000
08710P,鴻海元富07售03  ,0,0,0,0,0,0,0,0,0,-54000,0,0,0,24000,78000,-54000,-54000
055891,鴻海統一9A購01  ,0,0,0,0,0,0,0,0,0,-54000,0,0,0,73000,127000,-54000,-54000
059109,台積電富邦9C購03,0,0,0,0,0,0,0,0,0,-54000,0,0,0,0,54000,-54000,-54000
061521,亞光兆豐9A購02  ,0,0,0,0,0,0,0,0,0,-54000,0,0,0,334000,388000,-54000,-54000
061753,南亞科台新9B購01,0,0,0,0,0,0,0,0,0,-54000,0,0,0,0,54000,-54000,-54000
062169,禾伸堂永豐9B購01,0,0,0,0,0,0,0,0,0,-54000,0,0,0,0,54000,-54000,-54000
062234,廣達凱基9B購01  ,0,0,0,0,0,0,0,0,0,-54000,0,0,0,14000,68000,-54000,-54000
058580,華新科群益99購02,0,0,0,0,0,0,0,0,0,-54000,0,0,0,10000,64000,-54000,-54000
058521,日月光元大99購01,0,0,0,0,0,0,0,0,0,-54000,0,0,0,50000,104000,-54000,-54000
062557,台光電凱基9B購02,0,0,0,0,0,0,0,0,0,-54000,0,0,0,85000,139000,-54000,-54000
064848,金像電元富9C購02,0,0,0,0,0,0,0,0,0,-54000,0,0,0,44000,98000,-54000,-54000
1906,寶隆            ,22000,61000,-39000,0,0,0,0,0,0,-15000,0,15000,-15000,0,0,0,-54000
2059,川湖            ,30000,84000,-54000,0,0,0,1000,1000,0,0,0,0,0,0,0,0,-54000
2617,台航            ,42000,96000,-54000,0,0,0,0,0,0,0,0,0,0,0,0,0,-54000
08538P,聯發科國票01售01,0,0,0,0,0,0,0,0,0,-55000,0,0,0,366000,421000,-55000,-55000
08645P,臺股指中信03售01,0,0,0,0,0,0,0,0,0,-55000,0,0,0,0,55000,-55000,-55000
08139P,華新科元大9B售12,0,0,0,0,0,0,0,0,0,-55000,0,0,0,4000,59000,-55000,-55000
06911P,鴻海元大99售09  ,0,0,0,0,0,0,0,0,0,-55000,0,0,0,0,55000,-55000,-55000
058319,大毅永豐9A購01  ,0,0,0,0,0,0,0,0,0,-55000,0,0,0,25000,80000,-55000,-55000
058344,旺宏群益99購05  ,0,0,0,0,0,0,0,0,0,-55000,0,0,0,15000,70000,-55000,-55000
057838,台郡國泰99購01  ,0,0,0,0,0,0,0,0,0,-55000,0,0,0,0,55000,-55000,-55000
056573,華新科元大99購06,0,0,0,0,0,0,0,0,0,-55000,0,0,0,15000,70000,-55000,-55000
060738,矽格統一9C購01  ,0,0,0,0,0,0,0,0,0,-55000,0,0,0,92000,147000,-55000,-55000
064812,旭富元大9C購04  ,0,0,0,0,0,0,0,0,0,-55000,0,0,0,230000,285000,-55000,-55000
064667,大立光元大02購01,0,0,0,0,0,0,0,0,0,-55000,0,0,0,50000,105000,-55000,-55000
064430,鴻海凱基03購04  ,0,0,0,0,0,0,0,0,0,-55000,0,0,0,60000,115000,-55000,-55000
064903,新唐群益9C購01  ,0,0,0,0,0,0,0,0,0,-55000,0,0,0,136000,191000,-55000,-55000
063428,矽創凱基9B購02  ,0,0,0,0,0,0,0,0,0,-55000,0,0,0,23000,78000,-55000,-55000
063467,大立光元大9C購06,0,0,0,0,0,0,0,0,0,-55000,0,0,0,81000,136000,-55000,-55000
063554,GIS國票9C購03   ,0,0,0,0,0,0,0,0,0,-55000,0,0,0,0,55000,-55000,-55000
064105,南茂群益9C購01  ,0,0,0,0,0,0,0,0,0,-55000,0,0,0,5000,60000,-55000,-55000
063716,旺宏兆豐9B購01  ,0,0,0,0,0,0,0,0,0,-55000,0,0,0,0,55000,-55000,-55000
063802,南茂凱基9C購01  ,0,0,0,0,0,0,0,0,0,-55000,0,0,0,38000,93000,-55000,-55000
6283,淳安            ,26000,82000,-56000,0,0,0,0,0,0,1000,1000,0,1000,0,0,0,-55000
6451,訊芯-KY         ,420000,484000,-64000,0,0,0,0,0,0,9000,44000,7000,37000,36000,64000,-28000,-55000
9902,台火            ,70000,124000,-54000,0,0,0,0,0,0,-1000,0,1000,-1000,0,0,0,-55000
06885P,國巨國票99售06  ,0,0,0,0,0,0,0,0,0,-56000,0,0,0,6000,62000,-56000,-56000
06843P,鴻海元大98售11  ,0,0,0,0,0,0,0,0,0,-56000,0,0,0,0,56000,-56000,-56000
07974P,上証2X元大9B售02,0,0,0,0,0,0,0,0,0,-56000,0,0,0,35000,91000,-56000,-56000
08703P,華碩凱基01售02  ,0,0,0,0,0,0,0,0,0,-56000,0,0,0,0,56000,-56000,-56000
066152,大立光麥證01購03,0,0,0,3000,59000,-56000,0,0,0,-56000,0,0,0,3000,59000,-56000,-56000
066327,強茂永豐01購01  ,0,0,0,0,0,0,0,0,0,-56000,0,0,0,65000,121000,-56000,-56000
058950,國巨群益99購06  ,0,0,0,0,0,0,0,0,0,-56000,0,0,0,4000,60000,-56000,-56000
058035,旭富永豐98購02  ,0,0,0,0,0,0,0,0,0,-56000,0,0,0,140000,196000,-56000,-56000
058693,旭富國票9A購01  ,0,0,0,0,0,0,0,0,0,-56000,0,0,0,40000,96000,-56000,-56000
058737,鴻海第一01購01  ,0,0,0,0,0,0,0,0,0,-56000,0,0,0,0,56000,-56000,-56000
058797,大毅元大99購03  ,0,0,0,0,0,0,0,0,0,-56000,0,0,0,4000,60000,-56000,-56000
062163,大毅國泰01購01  ,0,0,0,0,0,0,0,0,0,-56000,0,0,0,74000,130000,-56000,-56000
059103,旭富元富99購03  ,0,0,0,0,0,0,0,0,0,-56000,0,0,0,0,56000,-56000,-56000
063658,瑞祺元富9B購01  ,0,0,0,0,0,0,0,0,0,-56000,0,0,0,49000,105000,-56000,-56000
064679,晶技兆豐9C購01  ,0,0,0,0,0,0,0,0,0,-56000,0,0,0,48000,104000,-56000,-56000
064552,巨大凱基01購01  ,0,0,0,0,0,0,0,0,0,-56000,0,0,0,203000,259000,-56000,-56000
3419,譁裕            ,52000,108000,-56000,0,0,0,0,0,0,0,0,0,0,0,0,0,-56000
1524,耿鼎            ,44000,100000,-56000,0,0,0,0,0,0,0,0,0,0,0,0,0,-56000
1417,嘉裕            ,349000,450000,-101000,0,0,0,0,0,0,45000,45000,0,45000,0,0,0,-56000
057057,立積元大9A購01  ,0,0,0,0,0,0,0,0,0,-57000,0,0,0,29000,86000,-57000,-57000
061081,宏碁兆豐9A購01  ,0,0,0,0,0,0,0,0,0,-57000,0,0,0,530000,587000,-57000,-57000
062596,緯穎統一01購02  ,0,0,0,0,0,0,0,0,0,-57000,0,0,0,60000,117000,-57000,-57000
065393,旺宏群益9C購04  ,0,0,0,0,0,0,0,0,0,-57000,0,0,0,0,57000,-57000,-57000
063691,聯鈞永豐9B購01  ,0,0,0,0,0,0,0,0,0,-57000,0,0,0,12000,69000,-57000,-57000
063058,A50正2元富02購01,0,0,0,0,0,0,0,0,0,-57000,0,0,0,32000,89000,-57000,-57000
8422,可寧衛          ,6100,63000,-56900,0,0,0,2000,3000,-1000,0,0,0,0,0,0,0,-57900
066458,大毅統一02購02  ,0,0,0,0,0,0,0,0,0,-58000,0,0,0,78000,136000,-58000,-58000
08720P,台光電元大01售03,0,0,0,0,0,0,0,0,0,-58000,0,0,0,0,58000,-58000,-58000
046061,中石化凱基98購01,0,0,0,0,0,0,0,0,0,-58000,0,0,0,0,58000,-58000,-58000
020007,凱基臺灣500N    ,0,0,0,0,0,0,0,0,0,-58000,0,0,0,42000,100000,-58000,-58000
05174P,元金2X富邦9B售01,0,0,0,0,0,0,0,0,0,-58000,0,0,0,20000,78000,-58000,-58000
061318,智邦凱基9B購01  ,0,0,0,0,0,0,0,0,0,-58000,0,0,0,5000,63000,-58000,-58000
061715,牧德凱基9B購03  ,0,0,0,0,0,0,0,0,0,-58000,0,0,0,10000,68000,-58000,-58000
057985,華通元富02購03  ,0,0,0,0,0,0,0,0,0,-58000,0,0,0,3000,61000,-58000,-58000
057277,可成元大98購05  ,0,0,0,0,0,0,0,0,0,-58000,0,0,0,0,58000,-58000,-58000
057575,世紀鋼永豐98購02,0,0,0,0,0,0,0,0,0,-58000,0,0,0,30000,88000,-58000,-58000
056503,楠梓電永豐98購01,0,0,0,0,0,0,0,0,0,-58000,0,0,0,134000,192000,-58000,-58000
058390,樺漢國票9A購01  ,0,0,0,0,0,0,0,0,0,-58000,0,0,0,0,58000,-58000,-58000
062488,台光電永豐9B購02,0,0,0,0,0,0,0,0,0,-58000,0,0,0,10000,68000,-58000,-58000
059836,大立光國泰9B購02,0,0,0,0,0,0,0,0,0,-58000,0,0,0,137000,195000,-58000,-58000
059203,勤誠永豐99購02  ,0,0,0,0,0,0,0,0,0,-58000,0,0,0,30000,88000,-58000,-58000
063965,漢唐國票01購01  ,0,0,0,0,0,0,0,0,0,-58000,0,0,0,0,58000,-58000,-58000
065289,冠德群益9C購01  ,0,0,0,0,0,0,0,0,0,-58000,0,0,0,31000,89000,-58000,-58000
064971,裕隆元大01購01  ,0,0,0,0,0,0,0,0,0,-58000,0,0,0,60000,118000,-58000,-58000
064749,巨大國票01購01  ,0,0,0,0,0,0,0,0,0,-58000,0,0,0,22000,80000,-58000,-58000
064326,裕隆元大9C購01  ,0,0,0,0,0,0,0,0,0,-58000,0,0,0,55000,113000,-58000,-58000
066496,大立光國泰03購01,0,0,0,0,0,0,0,0,0,-59000,0,0,0,0,59000,-59000,-59000
061347,創意元大9A購02  ,0,0,0,0,0,0,0,0,0,-59000,0,0,0,63000,122000,-59000,-59000
055408,力成國泰98購01  ,0,0,0,0,0,0,0,0,0,-59000,0,0,0,0,59000,-59000,-59000
054889,京鼎統一99購01  ,0,0,0,0,0,0,0,0,0,-59000,0,0,0,228000,287000,-59000,-59000
061853,晶技國票9B購02  ,0,0,0,0,0,0,0,0,0,-59000,0,0,0,0,59000,-59000,-59000
061855,台郡國票9B購01  ,0,0,0,0,0,0,0,0,0,-59000,0,0,0,10000,69000,-59000,-59000
06336P,鴻海元大98售05  ,0,0,0,0,0,0,0,0,0,-59000,0,0,0,0,59000,-59000,-59000
6230,超眾            ,122000,155000,-33000,0,0,0,45000,0,45000,-71000,5000,0,5000,12000,88000,-76000,-59000
065667,台光電凱基01購01,0,0,0,0,0,0,0,0,0,-60000,0,0,0,0,60000,-60000,-60000
08691P,鎧勝中信05售02  ,0,0,0,0,0,0,0,0,0,-60000,0,0,0,0,60000,-60000,-60000
08658P,聯發科統一9C售19,0,0,0,0,0,0,0,0,0,-60000,0,0,0,40000,100000,-60000,-60000
08546P,可成中信9C售02  ,0,0,0,0,0,0,0,0,0,-60000,0,0,0,0,60000,-60000,-60000
08311P,台積電國票9C售07,0,0,0,0,0,0,0,0,0,-60000,0,0,0,0,60000,-60000,-60000
08309P,GIS凱基9C售01   ,0,0,0,0,0,0,0,0,0,-60000,0,0,0,40000,100000,-60000,-60000
08303P,聯發科富邦9C售05,0,0,0,0,0,0,0,0,0,-60000,0,0,0,0,60000,-60000,-60000
08005P,台積電群益9C售04,0,0,0,0,0,0,0,0,0,-60000,0,0,0,0,60000,-60000,-60000
07529P,國巨凱基9A售11  ,0,0,0,0,0,0,0,0,0,-60000,0,0,0,40000,100000,-60000,-60000
07690P,華新科元大9A售15,0,0,0,0,0,0,0,0,0,-60000,0,0,0,0,60000,-60000,-60000
06834P,訊芯群益99售02  ,0,0,0,0,0,0,0,0,0,-60000,0,0,0,0,60000,-60000,-60000
07402P,瑞昱凱基99售02  ,0,0,0,0,0,0,0,0,0,-60000,0,0,0,0,60000,-60000,-60000
057103,禾伸堂中信9A購01,0,0,0,0,0,0,0,0,0,-60000,0,0,0,20000,80000,-60000,-60000
054477,聯發科中信9C購02,0,0,0,0,0,0,0,0,0,-60000,0,0,0,0,60000,-60000,-60000
058006,台郡群益98購04  ,0,0,0,0,0,0,0,0,0,-60000,0,0,0,0,60000,-60000,-60000
056904,大立光元大99購05,0,0,0,0,0,0,0,0,0,-60000,0,0,0,70000,130000,-60000,-60000
056872,旺宏凱基98購08  ,0,0,0,0,0,0,0,0,0,-60000,0,0,0,0,60000,-60000,-60000
056523,光寶科中信98購01,0,0,0,0,0,0,0,0,0,-60000,0,0,0,0,60000,-60000,-60000
057278,可成元大98購06  ,0,0,0,0,0,0,0,0,0,-60000,0,0,0,40000,100000,-60000,-60000
062167,燿華永豐9B購01  ,0,0,0,0,0,0,0,0,0,-60000,0,0,0,0,60000,-60000,-60000
062269,葡萄王群益9B購01,0,0,0,0,0,0,0,0,0,-60000,0,0,0,0,60000,-60000,-60000
058652,SGBR2X中信01購01,0,0,0,0,0,0,0,0,0,-60000,0,0,0,0,60000,-60000,-60000
058687,聯茂凱基9A購01  ,0,0,0,0,0,0,0,0,0,-60000,0,0,0,0,60000,-60000,-60000
058522,聯茂元大99購07  ,0,0,0,0,0,0,0,0,0,-60000,0,0,0,10000,70000,-60000,-60000
059546,FBVIX群益99購03 ,0,0,0,0,0,0,0,0,0,-60000,0,0,0,30000,90000,-60000,-60000
06082P,華通統一98售01  ,0,0,0,0,0,0,0,0,0,-60000,0,0,0,10000,70000,-60000,-60000
063102,旺宏群益9B購03  ,0,0,0,0,0,0,0,0,0,-60000,0,0,0,0,60000,-60000,-60000
064023,智邦元大9C購02  ,0,0,0,0,0,0,0,0,0,-60000,0,0,0,97000,157000,-60000,-60000
064909,華擎麥證9C購01  ,0,0,0,24000,165000,-141000,0,0,0,-60000,0,0,0,129000,189000,-60000,-60000
065082,台光電元大9C購04,0,0,0,0,0,0,0,0,0,-60000,0,0,0,60000,120000,-60000,-60000
6558,興能高          ,39000,99000,-60000,0,0,0,0,0,0,0,0,0,0,0,0,0,-60000
5288,豐祥-KY         ,7000,67000,-60000,0,0,0,0,0,0,0,0,0,0,0,0,0,-60000
1527,鑽全            ,103000,163000,-60000,0,0,0,0,0,0,0,0,0,0,0,0,0,-60000
2402,毅嘉            ,140000,200000,-60000,0,0,0,0,0,0,0,0,0,0,0,0,0,-60000
08404P,技嘉元大9C售02  ,0,0,0,0,0,0,0,0,0,-61000,0,0,0,112000,173000,-61000,-61000
08258P,旺宏元大9C售04  ,0,0,0,0,0,0,0,0,0,-61000,0,0,0,25000,86000,-61000,-61000
08521P,台達電元大9C售03,0,0,0,0,0,0,0,0,0,-61000,0,0,0,11000,72000,-61000,-61000
08616P,聯發科元富9C售02,0,0,0,0,0,0,0,0,0,-61000,0,0,0,40000,101000,-61000,-61000
066734,聯詠元大01購03  ,0,0,0,0,0,0,0,0,0,-61000,0,0,0,176000,237000,-61000,-61000
066319,聯強永豐01購01  ,0,0,0,0,0,0,0,0,0,-61000,0,0,0,30000,91000,-61000,-61000
066194,美利達凱基01購01,0,0,0,0,0,0,0,0,0,-61000,0,0,0,122000,183000,-61000,-61000
057857,牧德國票99購01  ,0,0,0,0,0,0,0,0,0,-61000,0,0,0,0,61000,-61000,-61000
058262,大立光富邦9C購02,0,0,0,0,0,0,0,0,0,-61000,0,0,0,0,61000,-61000,-61000
060889,國泰金統一9C購01,0,0,0,0,0,0,0,0,0,-61000,0,0,0,17000,78000,-61000,-61000
058732,矽格永豐99購01  ,0,0,0,0,0,0,0,0,0,-61000,0,0,0,176000,237000,-61000,-61000
061964,台積電統一01購05,0,0,0,0,0,0,0,0,0,-61000,0,0,0,100000,161000,-61000,-61000
065152,燿華群益9C購02  ,0,0,0,0,0,0,0,0,0,-61000,0,0,0,85000,146000,-61000,-61000
063773,可成富邦9C購01  ,0,0,0,0,0,0,0,0,0,-61000,0,0,0,280000,341000,-61000,-61000
063319,神達群益9B購01  ,0,0,0,0,0,0,0,0,0,-61000,0,0,0,39000,100000,-61000,-61000
2453,凌群            ,85000,146000,-61000,0,0,0,0,0,0,0,0,0,0,0,0,0,-61000
065505,健鼎永豐9C購01  ,0,0,0,0,0,0,0,0,0,-62000,0,0,0,6000,68000,-62000,-62000
06599P,宏達電永豐98售02,0,0,0,0,0,0,0,0,0,-62000,0,0,0,0,62000,-62000,-62000
07027P,台積電群益99售04,0,0,0,0,0,0,0,0,0,-62000,0,0,0,0,62000,-62000,-62000
060861,漢唐永豐9A購01  ,0,0,0,0,0,0,0,0,0,-62000,0,0,0,0,62000,-62000,-62000
062520,晶豪科元大9B購02,0,0,0,0,0,0,0,0,0,-62000,0,0,0,137000,199000,-62000,-62000
063208,鈺齊統一9C購01  ,0,0,0,0,0,0,0,0,0,-62000,0,0,0,10000,72000,-62000,-62000
064028,大毅元大01購01  ,0,0,0,0,0,0,0,0,0,-62000,0,0,0,6000,68000,-62000,-62000
3047,訊舟            ,266000,328000,-62000,0,0,0,0,0,0,0,0,0,0,0,0,0,-62000
065915,聯發科凱基01購09,0,0,0,0,0,0,0,0,0,-63000,0,0,0,0,63000,-63000,-63000
066151,大立光麥證01購02,0,0,0,0,99000,-99000,0,0,0,-63000,0,0,0,36000,99000,-63000,-63000
066563,日月光元大01購01,0,0,0,0,0,0,0,0,0,-63000,0,0,0,5000,68000,-63000,-63000
057066,緯穎富邦99購01  ,0,0,0,0,0,0,0,0,0,-63000,0,0,0,0,63000,-63000,-63000
00717,富邦美國特別股  ,3000,2000,1000,0,0,0,0,0,0,-64000,0,0,0,364000,428000,-64000,-63000
062703,可成元大9C購02  ,0,0,0,0,0,0,0,0,0,-63000,0,0,0,0,63000,-63000,-63000
060747,聯鈞國票9A購02  ,0,0,0,0,0,0,0,0,0,-63000,0,0,0,7000,70000,-63000,-63000
063419,聯發科凱基03購01,0,0,0,0,0,0,0,0,0,-63000,0,0,0,22000,85000,-63000,-63000
064748,力成國票01購01  ,0,0,0,0,0,0,0,0,0,-63000,0,0,0,0,63000,-63000,-63000
08441P,同欣電元富9C售01,0,0,0,0,0,0,0,0,0,-64000,0,0,0,65000,129000,-64000,-64000
058047,可成元大98購11  ,0,0,0,0,0,0,0,0,0,-64000,0,0,0,5000,69000,-64000,-64000
058072,大立光凱基98購20,0,0,0,0,0,0,0,0,0,-64000,0,0,0,0,64000,-64000,-64000
061355,康友元大9A購03  ,0,0,0,0,0,0,0,0,0,-64000,0,0,0,76000,140000,-64000,-64000
061617,微星群益9A購02  ,0,0,0,0,0,0,0,0,0,-64000,0,0,0,0,64000,-64000,-64000
058781,康友國票9A購01  ,0,0,0,0,0,0,0,0,0,-64000,0,0,0,175000,239000,-64000,-64000
058523,聯茂元大99購08  ,0,0,0,0,0,0,0,0,0,-64000,0,0,0,15000,79000,-64000,-64000
060029,嘉晶永豐99購03  ,0,0,0,0,0,0,0,0,0,-64000,0,0,0,40000,104000,-64000,-64000
058448,滬深2X永豐9A購01,0,0,0,0,0,0,0,0,0,-64000,0,0,0,1000,65000,-64000,-64000
060249,正文元大9C購01  ,0,0,0,0,0,0,0,0,0,-64000,0,0,0,31000,95000,-64000,-64000
064413,世紀鋼凱基02購01,0,0,0,0,0,0,0,0,0,-64000,0,0,0,2000,66000,-64000,-64000
064401,台達電凱基06購01,0,0,0,0,0,0,0,0,0,-64000,0,0,0,67000,131000,-64000,-64000
065012,燿華國泰02購01  ,0,0,0,0,0,0,0,0,0,-64000,0,0,0,114000,178000,-64000,-64000
064989,鈺齊元大01購01  ,0,0,0,0,0,0,0,0,0,-64000,0,0,0,0,64000,-64000,-64000
065325,亞光凱基9C購01  ,0,0,0,0,0,0,0,0,0,-64000,0,0,0,160000,224000,-64000,-64000
064197,智伸科群益9C購01,0,0,0,0,0,0,0,0,0,-64000,0,0,0,186000,250000,-64000,-64000
064200,華通兆豐01購01  ,0,0,0,0,0,0,0,0,0,-64000,0,0,0,1000,65000,-64000,-64000
063750,和鑫國票9B購01  ,0,0,0,0,0,0,0,0,0,-64000,0,0,0,11000,75000,-64000,-64000
08597P,聯發科元大9C售18,0,0,0,0,0,0,0,0,0,-65000,0,0,0,0,65000,-65000,-65000
07341P,台積電凱基99售18,0,0,0,0,0,0,0,0,0,-65000,0,0,0,150000,215000,-65000,-65000
08038P,臺股指群益9B售11,0,0,0,0,0,0,0,0,0,-65000,0,0,0,0,65000,-65000,-65000
07958P,華擎群益9B售01  ,0,0,0,0,0,0,0,0,0,-65000,0,0,0,35000,100000,-65000,-65000
066549,京元電元大01購03,0,0,0,0,0,0,0,0,0,-65000,0,0,0,203000,268000,-65000,-65000
066062,同欣電元大01購02,0,0,0,0,0,0,0,0,0,-65000,0,0,0,65000,130000,-65000,-65000
065556,旭富凱基9C購02  ,0,0,0,0,0,0,0,0,0,-65000,0,0,0,30000,95000,-65000,-65000
056739,美律凱基98購04  ,0,0,0,0,0,0,0,0,0,-65000,0,0,0,0,65000,-65000,-65000
057671,群創元大9B購06  ,0,0,0,0,0,0,0,0,0,-65000,0,0,0,854000,919000,-65000,-65000
057240,茂林凱基9A購01  ,0,0,0,0,0,0,0,0,0,-65000,0,0,0,25000,90000,-65000,-65000
054162,光罩凱基98購01  ,0,0,0,0,0,0,0,0,0,-65000,0,0,0,0,65000,-65000,-65000
058952,南茂群益99購01  ,0,0,0,0,0,0,0,0,0,-65000,0,0,0,25000,90000,-65000,-65000
059825,嘉晶凱基99購02  ,0,0,0,0,0,0,0,0,0,-65000,0,0,0,10000,75000,-65000,-65000
062628,廣達國票9B購01  ,0,0,0,0,0,0,0,0,0,-65000,0,0,0,30000,95000,-65000,-65000
063676,上銀國泰9C購02  ,0,0,0,0,0,0,0,0,0,-65000,0,0,0,0,65000,-65000,-65000
063411,和潤國票9C購01  ,0,0,0,0,0,0,0,0,0,-65000,0,0,0,0,65000,-65000,-65000
064990,世紀鋼元大01購01,0,0,0,0,0,0,0,0,0,-65000,0,0,0,282000,347000,-65000,-65000
064813,祥碩元大9C購05  ,0,0,0,0,0,0,0,0,0,-65000,0,0,0,82000,147000,-65000,-65000
064795,致伸國票01購01  ,0,0,0,0,0,0,0,0,0,-65000,0,0,0,87000,152000,-65000,-65000
1614,三洋電          ,31000,96000,-65000,0,0,0,0,0,0,0,0,0,0,0,0,0,-65000
5907,大洋-KY         ,13000,78000,-65000,0,0,0,0,0,0,0,0,0,0,0,0,0,-65000
065924,東元國票02購01  ,0,0,0,0,0,0,0,0,0,-66000,0,0,0,7000,73000,-66000,-66000
03658C,T50反1元大9A牛02,0,0,0,0,0,0,0,0,0,-66000,0,0,0,0,66000,-66000,-66000
056650,彩晶凱基9A購01  ,0,0,0,0,0,0,0,0,0,-66000,0,0,0,34000,100000,-66000,-66000
060788,嘉晶富邦9B購01  ,0,0,0,0,0,0,0,0,0,-66000,0,0,0,115000,181000,-66000,-66000
059807,大立光元富99購09,0,0,0,0,0,0,0,0,0,-66000,0,0,0,37000,103000,-66000,-66000
058728,SP黃豆永豐99購01,0,0,0,0,0,0,0,0,0,-66000,0,0,0,0,66000,-66000,-66000
061905,上証反中信03購01,0,0,0,0,0,0,0,0,0,-66000,0,0,0,450000,516000,-66000,-66000
065020,友達富邦01購02  ,0,0,0,0,0,0,0,0,0,-66000,0,0,0,70000,136000,-66000,-66000
063369,聚陽永豐9B購01  ,0,0,0,0,0,0,0,0,0,-66000,0,0,0,9000,75000,-66000,-66000
063167,同欣電永豐9B購03,0,0,0,0,0,0,0,0,0,-66000,0,0,0,129000,195000,-66000,-66000
063013,技嘉元大9B購02  ,0,0,0,0,0,0,0,0,0,-66000,0,0,0,4000,70000,-66000,-66000
3038,全台            ,1130000,1480000,-350000,0,0,0,0,0,0,284000,365000,81000,284000,0,0,0,-66000
3013,晟銘電          ,24000,90000,-66000,0,0,0,0,0,0,0,0,0,0,0,0,0,-66000
066655,上証2X凱基03購03,0,0,0,0,0,0,0,0,0,-67000,0,0,0,0,67000,-67000,-67000
08629P,緯創凱基9C售02  ,0,0,0,0,0,0,0,0,0,-67000,0,0,0,19000,86000,-67000,-67000
064214,群創凱基03購01  ,0,0,0,0,0,0,0,0,0,-67000,0,0,0,5000,72000,-67000,-67000
064794,牧德國票01購01  ,0,0,0,0,0,0,0,0,0,-67000,0,0,0,15000,82000,-67000,-67000
064442,嘉聯益凱基9C購01,0,0,0,0,0,0,0,0,0,-67000,0,0,0,70000,137000,-67000,-67000
2636,台驊投控        ,237000,298000,-61000,0,0,0,0,0,0,-6000,0,6000,-6000,0,0,0,-67000
1809,中釉            ,422000,511000,-89000,0,0,0,0,0,0,22000,22000,0,22000,0,0,0,-67000
08191P,鴻海台新9B售03  ,0,0,0,0,0,0,0,0,0,-68000,0,0,0,2000,70000,-68000,-68000
07709P,創意元大9A售01  ,0,0,0,0,0,0,0,0,0,-68000,0,0,0,417000,485000,-68000,-68000
06615P,鴻海元大9C售02  ,0,0,0,0,0,0,0,0,0,-68000,0,0,0,10000,78000,-68000,-68000
066201,大毅統一02購01  ,0,0,0,0,0,0,0,0,0,-68000,0,0,0,87000,155000,-68000,-68000
056710,漢唐永豐98購01  ,0,0,0,0,0,0,0,0,0,-68000,0,0,0,8000,76000,-68000,-68000
057650,力成元大98購04  ,0,0,0,0,0,0,0,0,0,-68000,0,0,0,0,68000,-68000,-68000
054807,台化元大9A購02  ,0,0,0,0,0,0,0,0,0,-68000,0,0,0,0,68000,-68000,-68000
061820,康控群益9B購02  ,0,0,0,0,0,0,0,0,0,-68000,0,0,0,142000,210000,-68000,-68000
062179,旺宏元大9B購05  ,0,0,0,0,0,0,0,0,0,-68000,0,0,0,0,68000,-68000,-68000
062285,台勝科群益9B購01,0,0,0,0,0,0,0,0,0,-68000,0,0,0,10000,78000,-68000,-68000
062310,南亞科凱基9B購02,0,0,0,0,0,0,0,0,0,-68000,0,0,0,0,68000,-68000,-68000
059987,大立光元大99購28,8000,0,8000,0,0,0,0,0,0,-76000,0,0,0,10000,86000,-76000,-68000
060543,鴻海凱基9B購02  ,0,0,0,0,0,0,0,0,0,-68000,0,0,0,41000,109000,-68000,-68000
4739,康普            ,121000,189000,-68000,0,0,0,0,0,0,0,0,0,0,0,0,0,-68000
6477,安集            ,276000,384000,-108000,0,0,0,0,0,0,40000,50000,10000,40000,0,0,0,-68000
3033,威健            ,13000,81568,-68568,0,0,0,0,0,0,0,0,0,0,0,0,0,-68568
066313,泰豐永豐01購01  ,0,0,0,0,0,0,0,0,0,-69000,0,0,0,620000,689000,-69000,-69000
066605,盟立永豐01購02  ,0,0,0,0,0,0,0,0,0,-69000,0,0,0,93000,162000,-69000,-69000
066603,台達電富邦05購01,0,0,0,0,0,0,0,0,0,-69000,0,0,0,100000,169000,-69000,-69000
066561,健策元大01購04  ,0,0,0,0,0,0,0,0,0,-69000,0,0,0,248000,317000,-69000,-69000
07502P,美食元大9A售01  ,0,0,0,0,0,0,0,0,0,-69000,0,0,0,200000,269000,-69000,-69000
057297,新日興永豐98購01,0,0,0,0,0,0,0,0,0,-69000,0,0,0,30000,99000,-69000,-69000
060363,美律元富9A購01  ,0,0,0,0,0,0,0,0,0,-69000,0,0,0,170000,239000,-69000,-69000
059249,大立光凱基99購05,0,0,0,0,0,0,0,0,0,-69000,0,0,0,0,69000,-69000,-69000
062971,英業達元富9B購01,0,0,0,0,0,0,0,0,0,-69000,0,0,0,87000,156000,-69000,-69000
08046P,臺股指國票9B售11,0,0,0,0,0,0,0,0,0,-70000,0,0,0,0,70000,-70000,-70000
07943P,瑞昱元大9B售02  ,0,0,0,0,0,0,0,0,0,-70000,0,0,0,0,70000,-70000,-70000
066445,牧德群益01購01  ,0,0,0,0,0,0,0,0,0,-70000,0,0,0,28000,98000,-70000,-70000
066737,創意元大01購05  ,0,0,0,0,0,0,0,0,0,-70000,0,0,0,0,70000,-70000,-70000
066305,華夏永豐01購01  ,0,0,0,0,0,0,0,0,0,-70000,0,0,0,0,70000,-70000,-70000
066343,佳醫永豐01購01  ,0,0,0,0,0,0,0,0,0,-70000,0,0,0,71000,141000,-70000,-70000
065599,台光電元大9C購05,0,0,0,0,0,0,0,0,0,-70000,0,0,0,90000,160000,-70000,-70000
065727,冠德凱基9C購01  ,0,0,0,0,0,0,0,0,0,-70000,0,0,0,66000,136000,-70000,-70000
057961,茂林元大9A購01  ,0,0,0,0,0,0,0,0,0,-70000,0,0,0,70000,140000,-70000,-70000
056741,大立光凱基98購14,0,0,0,0,0,0,0,0,0,-70000,0,0,0,0,70000,-70000,-70000
056723,國巨中信9A購01  ,0,0,0,0,0,0,0,0,0,-70000,0,0,0,15000,85000,-70000,-70000
061432,世紀鋼元大9A購05,0,0,0,0,0,0,0,0,0,-70000,0,0,0,130000,200000,-70000,-70000
054167,揚明光凱基98購01,0,0,0,0,0,0,0,0,0,-70000,0,0,0,0,70000,-70000,-70000
058116,正崴中信99購02  ,0,0,0,0,0,0,0,0,0,-70000,0,0,0,154000,224000,-70000,-70000
052542,友達元富98購01  ,0,0,0,0,0,0,0,0,0,-70000,0,0,0,60000,130000,-70000,-70000
061210,玉山金元大9A購02,0,0,0,0,0,0,0,0,0,-70000,0,0,0,0,70000,-70000,-70000
061101,道瓊銀元大9A購02,0,0,0,0,0,0,0,0,0,-70000,0,0,0,0,70000,-70000,-70000
061529,國巨台新9A購02  ,0,0,0,0,0,0,0,0,0,-70000,0,0,0,0,70000,-70000,-70000
062282,禾伸堂群益9B購01,0,0,0,0,0,0,0,0,0,-70000,0,0,0,0,70000,-70000,-70000
059988,大立光元大9A購02,0,0,0,0,0,0,0,0,0,-70000,0,0,0,0,70000,-70000,-70000
063055,創意統一9B購02  ,0,0,0,0,0,0,0,0,0,-70000,0,0,0,39000,109000,-70000,-70000
063460,智邦元大9B購08  ,0,0,0,0,0,0,0,0,0,-70000,0,0,0,77000,147000,-70000,-70000
063486,聚陽國泰9C購01  ,0,0,0,0,0,0,0,0,0,-70000,0,0,0,0,70000,-70000,-70000
063824,S&P反1國票9C購01,0,0,0,0,0,0,0,0,0,-70000,0,0,0,0,70000,-70000,-70000
064331,微星元大9C購03  ,0,0,0,0,0,0,0,0,0,-70000,0,0,0,156000,226000,-70000,-70000
064268,緯穎永豐9C購01  ,0,0,0,0,0,0,0,0,0,-70000,0,0,0,9000,79000,-70000,-70000
064568,聯鈞群益9C購01  ,0,0,0,0,0,0,0,0,0,-70000,0,0,0,0,70000,-70000,-70000
2530,華建            ,13000,83000,-70000,0,0,0,0,0,0,0,0,0,0,0,0,0,-70000
1531,高林股          ,16000,86000,-70000,0,0,0,0,0,0,0,0,0,0,0,0,0,-70000
6541,泰福-KY         ,133000,203000,-70000,0,0,0,0,0,0,0,0,0,0,0,0,0,-70000
1582,信錦            ,106000,178250,-72250,0,0,0,0,0,0,2000,0,0,0,2000,0,2000,-70250
2836,高雄銀          ,32000,102938,-70938,0,0,0,0,0,0,0,0,0,0,0,0,0,-70938
066555,聯詠元大01購01  ,0,0,0,0,0,0,0,0,0,-71000,0,0,0,407000,478000,-71000,-71000
056720,世紀鋼永豐98購01,0,0,0,0,0,0,0,0,0,-71000,0,0,0,44000,115000,-71000,-71000
057923,晶豪科凱基98購02,0,0,0,0,0,0,0,0,0,-71000,0,0,0,321000,392000,-71000,-71000
06473P,鴻海元大99售03  ,0,0,0,0,0,0,0,0,0,-71000,0,0,0,0,71000,-71000,-71000
064488,台達電元大9C購01,0,0,0,0,0,0,0,0,0,-71000,0,0,0,51000,122000,-71000,-71000
063722,遠東新元大9B購02,0,0,0,0,0,0,0,0,0,-71000,0,0,0,29000,100000,-71000,-71000
063265,瑞祺永豐9B購01  ,0,0,0,0,0,0,0,0,0,-71000,0,0,0,105000,176000,-71000,-71000
2049,上銀            ,851000,603000,248000,0,0,0,5000,269000,-264000,-55000,27000,59000,-32000,5000,28000,-23000,-71000
6670,復盛應用        ,41000,113000,-72000,0,0,0,0,0,0,1000,1000,0,1000,0,0,0,-71000
066146,昇陽半群益01購02,0,0,0,0,0,0,0,0,0,-72000,0,0,0,0,72000,-72000,-72000
066117,茂林兆豐02購01  ,0,0,0,0,0,0,0,0,0,-72000,0,0,0,10000,82000,-72000,-72000
07886P,國巨國票9B售06  ,0,0,0,0,0,0,0,0,0,-72000,0,0,0,3000,75000,-72000,-72000
08246P,亞德客群益01售01,0,0,0,0,0,0,0,0,0,-72000,0,0,0,10000,82000,-72000,-72000
08140P,祥碩元大9B售07  ,0,0,0,0,0,0,0,0,0,-72000,0,0,0,60000,132000,-72000,-72000
08509P,臺股指國票9C售10,0,0,0,0,0,0,0,0,0,-72000,0,0,0,23000,95000,-72000,-72000
052572,群創凱基99購01  ,0,0,0,0,0,0,0,0,0,-72000,0,0,0,4000,76000,-72000,-72000
058022,樺漢凱基99購02  ,0,0,0,0,0,0,0,0,0,-72000,0,0,0,0,72000,-72000,-72000
059766,同欣電永豐99購03,0,0,0,0,0,0,0,0,0,-72000,0,0,0,22000,94000,-72000,-72000
060962,義隆凱基9B購01  ,0,0,0,0,0,0,0,0,0,-72000,0,0,0,19000,91000,-72000,-72000
063377,泰鼎永豐9B購03  ,0,0,0,0,0,0,0,0,0,-72000,0,0,0,4000,76000,-72000,-72000
064064,義隆富邦03購01  ,0,0,0,0,0,0,0,0,0,-72000,0,0,0,46000,118000,-72000,-72000
065188,玉晶光統一02購01,0,0,0,0,0,0,0,0,0,-72000,0,0,0,83000,155000,-72000,-72000
065085,聯發科元大01購02,0,0,0,0,0,0,0,0,0,-72000,0,0,0,22000,94000,-72000,-72000
065429,微星凱基02購02  ,0,0,0,0,0,0,0,0,0,-72000,0,0,0,1000,73000,-72000,-72000
3005,神基            ,252000,278000,-26000,0,0,0,0,5000,-5000,-41000,0,0,0,0,41000,-41000,-72000
08642P,華新科群益9C售06,0,0,0,0,0,0,0,0,0,-73000,0,0,0,0,73000,-73000,-73000
08590P,智邦凱基9C售04  ,0,0,0,0,0,0,0,0,0,-73000,0,0,0,13000,86000,-73000,-73000
08699P,南電元大01售05  ,0,0,0,0,0,0,0,0,0,-73000,0,0,0,0,73000,-73000,-73000
08388P,台灣50中信03售09,0,0,0,0,0,0,0,0,0,-73000,0,0,0,0,73000,-73000,-73000
07757P,國巨國票9B售04  ,0,0,0,0,0,0,0,0,0,-73000,0,0,0,0,73000,-73000,-73000
065829,嘉晶凱基9C購05  ,0,0,0,0,0,0,0,0,0,-73000,0,0,0,224000,297000,-73000,-73000
065565,神隆群益01購01  ,0,0,0,0,0,0,0,0,0,-73000,0,0,0,248000,321000,-73000,-73000
055443,台虹國票98購01  ,0,0,0,0,0,0,0,0,0,-73000,0,0,0,81000,154000,-73000,-73000
057946,晶相光國票99購01,0,0,0,0,0,0,0,0,0,-73000,0,0,0,155000,228000,-73000,-73000
056461,樺漢凱基98購02  ,0,0,0,0,0,0,0,0,0,-73000,0,0,0,0,73000,-73000,-73000
056986,超眾群益98購03  ,0,0,0,0,0,0,0,0,0,-73000,0,0,0,0,73000,-73000,-73000
061747,南亞科統一01購01,0,0,0,0,0,0,0,0,0,-73000,0,0,0,17000,90000,-73000,-73000
062147,大毅國票9B購02  ,0,0,0,0,0,0,0,0,0,-73000,0,0,0,38000,111000,-73000,-73000
059878,聯茂凱基99購07  ,0,0,0,0,0,0,0,0,0,-73000,0,0,0,0,73000,-73000,-73000
058464,矽創兆豐9A購01  ,0,0,0,0,0,0,0,0,0,-73000,0,0,0,47000,120000,-73000,-73000
065150,上銀群益9C購03  ,0,0,0,0,0,0,0,0,0,-73000,0,0,0,0,73000,-73000,-73000
2612,中航            ,7000,80000,-73000,0,0,0,0,0,0,0,0,0,0,0,0,0,-73000
065797,臺指反群益9C購02,0,0,0,0,0,0,0,0,0,-74000,0,0,0,0,74000,-74000,-74000
066205,京鼎統一03購01  ,0,0,0,0,0,0,0,0,0,-74000,0,0,0,427000,501000,-74000,-74000
066263,華碩元大02購01  ,0,0,0,0,0,0,0,0,0,-74000,0,0,0,54000,128000,-74000,-74000
066270,國揚元大01購01  ,0,0,0,0,0,0,0,0,0,-74000,0,0,0,688000,762000,-74000,-74000
06878P,台灣50日盛9B售01,0,0,0,0,0,0,0,0,0,-74000,0,0,0,0,74000,-74000,-74000
06728P,全新元大98售03  ,0,0,0,0,0,0,0,0,0,-74000,0,0,0,0,74000,-74000,-74000
08669P,聯發科群益02售02,0,0,0,0,0,0,0,0,0,-74000,0,0,0,50000,124000,-74000,-74000
061033,台光電永豐9A購01,0,0,0,0,0,0,0,0,0,-74000,0,0,0,75000,149000,-74000,-74000
065306,泰鼎元富9C購02  ,0,0,0,0,0,0,0,0,0,-74000,0,0,0,262000,336000,-74000,-74000
064603,和碩元富9C購01  ,0,0,0,0,0,0,0,0,0,-74000,0,0,0,10000,84000,-74000,-74000
063338,國巨統一9C購11  ,0,0,0,0,0,0,0,0,0,-74000,0,0,0,30000,104000,-74000,-74000
2511,太子            ,68000,141000,-73000,0,0,0,0,0,0,-1000,0,1000,-1000,0,0,0,-74000
1108,幸福            ,27000,102000,-75000,0,0,0,0,0,0,0,0,0,0,0,0,0,-75000
07689P,旺宏元大9A售13  ,0,0,0,0,0,0,0,0,0,-75000,0,0,0,0,75000,-75000,-75000
07946P,華通統一9B售02  ,0,0,0,0,0,0,0,0,0,-75000,0,0,0,0,75000,-75000,-75000
066626,盟立凱基01購01  ,0,0,0,0,0,0,0,0,0,-75000,0,0,0,0,75000,-75000,-75000
065740,聯發科麥證9C購05,0,0,0,0,75000,-75000,0,0,0,-75000,0,0,0,0,75000,-75000,-75000
065608,緯創元大9C購04  ,0,0,0,0,0,0,0,0,0,-75000,0,0,0,12000,87000,-75000,-75000
066003,台表科國票02購02,0,0,0,0,0,0,0,0,0,-75000,0,0,0,51000,126000,-75000,-75000
061662,瑞儀永豐9A購02  ,0,0,0,0,0,0,0,0,0,-75000,0,0,0,10000,85000,-75000,-75000
060907,金像電元大9A購02,0,0,0,0,0,0,0,0,0,-75000,0,0,0,25000,100000,-75000,-75000
058346,嘉晶群益99購01  ,0,0,0,0,0,0,0,0,0,-75000,0,0,0,0,75000,-75000,-75000
00681R,元大美債20反1   ,0,20000,-20000,0,0,0,0,0,0,-55000,0,0,0,10000,65000,-55000,-75000
051266,國巨富邦99購01  ,0,0,0,0,0,0,0,0,0,-75000,0,0,0,0,75000,-75000,-75000
062549,中租永豐9B購01  ,0,0,0,0,0,0,0,0,0,-75000,0,0,0,0,75000,-75000,-75000
064275,台光電元大9C購03,0,0,0,0,0,0,0,0,0,-75000,0,0,0,30000,105000,-75000,-75000
066490,創意元富07購01  ,0,0,0,0,0,0,0,0,0,-76000,0,0,0,151000,227000,-76000,-76000
06763P,技嘉元大98售05  ,0,0,0,0,0,0,0,0,0,-76000,0,0,0,44000,120000,-76000,-76000
054673,京鼎國泰98購01  ,0,0,0,0,0,0,0,0,0,-76000,0,0,0,0,76000,-76000,-76000
061708,同欣電國票9A購02,0,0,0,0,0,0,0,0,0,-76000,0,0,0,52000,128000,-76000,-76000
062760,漢唐凱基9B購01  ,0,0,0,0,0,0,0,0,0,-76000,0,0,0,0,76000,-76000,-76000
061996,矽格元大9B購01  ,0,0,0,0,0,0,0,0,0,-76000,0,0,0,161000,237000,-76000,-76000
065483,聯茂元大9C購06  ,0,0,0,0,0,0,0,0,0,-76000,0,0,0,10000,86000,-76000,-76000
064183,聯茂富邦01購01  ,0,0,0,0,0,0,0,0,0,-76000,0,0,0,30000,106000,-76000,-76000
2476,鉅祥            ,21000,89000,-68000,0,0,0,0,0,0,-8000,0,8000,-8000,0,0,0,-76000
2913,農林            ,35000,109000,-74000,0,0,0,0,0,0,-2000,0,2000,-2000,0,0,0,-76000
2459,敦吉            ,28000,105200,-77200,0,0,0,0,0,0,1000,1000,0,1000,0,0,0,-76200
08643P,和碩群益9C售02  ,0,0,0,0,0,0,0,0,0,-77000,0,0,0,101000,178000,-77000,-77000
08467P,長榮航統一9C售01,0,0,0,0,0,0,0,0,0,-77000,0,0,0,20000,97000,-77000,-77000
066229,力山富邦04購01  ,0,0,0,0,0,0,0,0,0,-77000,0,0,0,18000,95000,-77000,-77000
066145,昇陽半群益01購01,0,0,0,0,0,0,0,0,0,-77000,0,0,0,40000,117000,-77000,-77000
065858,台表科元大03購01,0,0,0,0,0,0,0,0,0,-77000,0,0,0,384000,461000,-77000,-77000
058045,鴻海元大99購08  ,0,0,0,0,0,0,0,0,0,-77000,0,0,0,0,77000,-77000,-77000
060347,大立光統一02購01,0,0,0,0,0,0,0,0,0,-77000,0,0,0,57000,134000,-77000,-77000
062803,嘉晶統一9B購02  ,0,0,0,0,0,0,0,0,0,-77000,0,0,0,66000,143000,-77000,-77000
058498,世紀鋼群益99購01,0,0,0,0,0,0,0,0,0,-77000,0,0,0,7000,84000,-77000,-77000
064095,鴻海群益01購02  ,0,0,0,0,0,0,0,0,0,-77000,0,0,0,332000,409000,-77000,-77000
063915,祥碩凱基01購01  ,0,0,0,0,0,0,0,0,0,-77000,0,0,0,81000,158000,-77000,-77000
063523,微星凱基9B購03  ,0,0,0,0,0,0,0,0,0,-77000,0,0,0,0,77000,-77000,-77000
065321,瑞昱凱基9C購01  ,0,0,0,0,0,0,0,0,0,-77000,0,0,0,256000,333000,-77000,-77000
064386,友達富邦01購01  ,0,0,0,0,0,0,0,0,0,-77000,0,0,0,15000,92000,-77000,-77000
064674,鈺齊元大9C購01  ,0,0,0,0,0,0,0,0,0,-77000,0,0,0,0,77000,-77000,-77000
1210,大成            ,44000,424000,-380000,0,0,0,300000,0,300000,2000,4000,2000,2000,0,0,0,-78000
07653P,華新科群益9A售05,0,0,0,0,0,0,0,0,0,-78000,0,0,0,0,78000,-78000,-78000
056136,京鼎元大98購01  ,0,0,0,0,0,0,0,0,0,-78000,0,0,0,420000,498000,-78000,-78000
062127,台勝科統一01購02,0,0,0,0,0,0,0,0,0,-78000,0,0,0,80000,158000,-78000,-78000
061122,敬鵬永豐9A購01  ,0,0,0,0,0,0,0,0,0,-78000,0,0,0,100000,178000,-78000,-78000
061128,大立光永豐9A購02,0,0,0,0,0,0,0,0,0,-78000,0,0,0,0,78000,-78000,-78000
059069,臺指反元大9C購01,0,0,0,0,0,0,0,0,0,-78000,0,0,0,0,78000,-78000,-78000
064683,台表科兆豐9C購02,0,0,0,0,0,0,0,0,0,-78000,0,0,0,151000,229000,-78000,-78000
064738,裕隆國票01購01  ,0,0,0,0,0,0,0,0,0,-78000,0,0,0,0,78000,-78000,-78000
2457,飛宏            ,365000,436000,-71000,0,0,0,0,0,0,-7000,0,7000,-7000,0,0,0,-78000
4306,炎洲            ,209000,287192,-78192,0,0,0,0,0,0,0,0,0,0,0,0,0,-78192
08092P,仁寶元富9B售02  ,0,0,0,0,0,0,0,0,0,-79000,0,0,0,78000,157000,-79000,-79000
08214P,南六統一9B售03  ,0,0,0,0,0,0,0,0,0,-79000,0,0,0,446000,525000,-79000,-79000
06586P,鴻海元大9C售01  ,0,0,0,0,0,0,0,0,0,-79000,0,0,0,0,79000,-79000,-79000
065984,緯創富邦03購01  ,0,0,0,0,0,0,0,0,0,-79000,0,0,0,208000,287000,-79000,-79000
056011,矽力中信99購01  ,0,0,0,0,0,0,0,0,0,-79000,0,0,0,0,79000,-79000,-79000
053734,友達中信98購02  ,0,0,0,0,0,0,0,0,0,-79000,0,0,0,21000,100000,-79000,-79000
055439,台表科國票98購02,0,0,0,0,0,0,0,0,0,-79000,0,0,0,136000,215000,-79000,-79000
055524,鴻海群益98購01  ,0,0,0,0,0,0,0,0,0,-79000,0,0,0,21000,100000,-79000,-79000
062085,同欣電元大9B購01,0,0,0,0,0,0,0,0,0,-79000,0,0,0,0,79000,-79000,-79000
064378,群創元富9C購01  ,0,0,0,0,0,0,0,0,0,-79000,0,0,0,50000,129000,-79000,-79000
2428,興勤            ,220000,353000,-133000,0,0,0,40000,0,40000,14000,3000,0,3000,71000,60000,11000,-79000
3022,威強電          ,83000,162800,-79800,0,0,0,0,0,0,0,0,0,0,0,0,0,-79800
065804,大立光群益01購04,0,0,0,0,0,0,0,0,0,-80000,0,0,0,45000,125000,-80000,-80000
066400,健策凱基02購02  ,0,0,0,0,0,0,0,0,0,-80000,0,0,0,57000,137000,-80000,-80000
066703,聯詠群益01購02  ,0,0,0,0,0,0,0,0,0,-80000,0,0,0,0,80000,-80000,-80000
08026P,臺股指凱基9B售12,0,0,0,0,0,0,0,0,0,-80000,0,0,0,0,80000,-80000,-80000
07230P,滬深2X群益01售02,0,0,0,0,0,0,0,0,0,-80000,0,0,0,40000,120000,-80000,-80000
058185,國巨永豐99購01  ,0,0,0,0,0,0,0,0,0,-80000,0,0,0,0,80000,-80000,-80000
050605,上証2X元大97購02,0,0,0,0,0,0,0,0,0,-80000,0,0,0,0,80000,-80000,-80000
056460,同欣電凱基99購01,0,0,0,0,0,0,0,0,0,-80000,0,0,0,130000,210000,-80000,-80000
062235,億光凱基9B購01  ,0,0,0,0,0,0,0,0,0,-80000,0,0,0,121000,201000,-80000,-80000
058981,國巨凱基99購10  ,0,0,0,0,0,0,0,0,0,-80000,0,0,0,40000,120000,-80000,-80000
060604,宏達電凱基9B購01,0,0,0,0,0,0,0,0,0,-80000,0,0,0,2000,82000,-80000,-80000
060821,SP黃豆元大9A購02,0,0,0,0,0,0,0,0,0,-80000,0,0,0,12000,92000,-80000,-80000
058802,矽創元大99購02  ,0,0,0,0,0,0,0,0,0,-80000,0,0,0,109000,189000,-80000,-80000
058854,樺漢群益9B購01  ,0,0,0,0,0,0,0,0,0,-80000,0,0,0,90000,170000,-80000,-80000
064649,同欣電凱基01購01,0,0,0,0,0,0,0,0,0,-80000,0,0,0,117000,197000,-80000,-80000
064573,復盛群益9C購01  ,0,0,0,0,0,0,0,0,0,-80000,0,0,0,0,80000,-80000,-80000
065221,神隆永豐9C購01  ,0,0,0,0,0,0,0,0,0,-80000,0,0,0,423000,503000,-80000,-80000
065144,大立光凱基01購06,0,0,0,0,0,0,0,0,0,-80000,0,0,0,0,80000,-80000,-80000
064871,緯穎永豐9C購03  ,0,0,0,0,0,0,0,0,0,-80000,0,0,0,9000,89000,-80000,-80000
063239,建準元大9B購01  ,0,0,0,0,0,0,0,0,0,-80000,0,0,0,56000,136000,-80000,-80000
063115,台積電麥證9B購02,0,0,0,20000,100000,-80000,0,0,0,-80000,0,0,0,20000,100000,-80000,-80000
1519,華城            ,879000,998000,-119000,0,0,0,0,0,0,39000,0,0,0,39000,0,39000,-80000
5608,四維航          ,244000,324000,-80000,0,0,0,0,0,0,0,0,0,0,0,0,0,-80000
9908,大台北          ,2000,26000,-24000,0,0,0,0,0,0,-56000,0,56000,-56000,0,0,0,-80000
08375P,聯電元富9C售02  ,0,0,0,0,0,0,0,0,0,-81000,0,0,0,51000,132000,-81000,-81000
066771,滬深2X富邦02購01,0,0,0,0,0,0,0,0,0,-81000,0,0,0,1000,82000,-81000,-81000
066568,聚碩元大01購01  ,0,0,0,0,0,0,0,0,0,-81000,0,0,0,34000,115000,-81000,-81000
056378,欣興元富98購01  ,0,0,0,0,0,0,0,0,0,-81000,0,0,0,3000,84000,-81000,-81000
057028,台郡凱基99購02  ,0,0,0,0,0,0,0,0,0,-81000,0,0,0,0,81000,-81000,-81000
054353,世紀鋼國泰98購01,0,0,0,0,0,0,0,0,0,-81000,0,0,0,136000,217000,-81000,-81000
056357,台積電元大9A購01,0,0,0,0,0,0,0,0,0,-81000,0,0,0,91000,172000,-81000,-81000
062756,臺指反凱基9C購01,0,0,0,0,0,0,0,0,0,-81000,0,0,0,0,81000,-81000,-81000
059259,FBVIX中信03購06 ,0,0,0,0,0,0,0,0,0,-81000,0,0,0,31000,112000,-81000,-81000
059219,旺宏元大99購12  ,0,0,0,0,0,0,0,0,0,-81000,0,0,0,0,81000,-81000,-81000
063003,滬深2X元大9B購06,0,0,0,0,0,0,0,0,0,-81000,0,0,0,261000,342000,-81000,-81000
066278,健策元大02購01  ,0,0,0,0,0,0,0,0,0,-82000,0,0,0,307000,389000,-82000,-82000
065611,嘉聯益元大9C購02,0,0,0,0,0,0,0,0,0,-82000,0,0,0,81000,163000,-82000,-82000
065503,燿華永豐9C購04  ,0,0,0,0,0,0,0,0,0,-82000,0,0,0,64000,146000,-82000,-82000
08009P,華擎統一9B售02  ,0,0,0,0,0,0,0,0,0,-82000,0,0,0,0,82000,-82000,-82000
07769P,國巨國票9A售10  ,0,0,0,0,0,0,0,0,0,-82000,0,0,0,0,82000,-82000,-82000
057828,緯穎元大99購02  ,0,0,0,0,0,0,0,0,0,-82000,0,0,0,337000,419000,-82000,-82000
060583,南亞科元富9A購05,0,0,0,0,0,0,0,0,0,-82000,0,0,0,22000,104000,-82000,-82000
063160,牧德富邦9C購02  ,0,0,0,0,0,0,0,0,0,-82000,0,0,0,1000,83000,-82000,-82000
063490,儒鴻富邦9C購01  ,0,0,0,0,0,0,0,0,0,-82000,0,0,0,69000,151000,-82000,-82000
063808,台表科兆豐9C購01,0,0,0,0,0,0,0,0,0,-82000,0,0,0,186000,268000,-82000,-82000
064281,大立光元大9C購12,0,0,0,0,0,0,0,0,0,-82000,0,0,0,18000,100000,-82000,-82000
08349P,南六元大9C售03  ,0,0,0,0,0,0,0,0,0,-83000,0,0,0,0,83000,-83000,-83000
1325,恆大            ,100000,185000,-85000,0,0,0,0,0,0,2000,2000,0,2000,0,0,0,-83000
066104,鎧勝國票02購01  ,0,0,0,0,0,0,0,0,0,-83000,0,0,0,91000,174000,-83000,-83000
058736,鈺齊永豐99購02  ,0,0,0,0,0,0,0,0,0,-83000,0,0,0,0,83000,-83000,-83000
060454,葡萄王元大9A購01,0,0,0,0,0,0,0,0,0,-83000,0,0,0,136000,219000,-83000,-83000
061164,燿華兆豐9B購01  ,0,0,0,0,0,0,0,0,0,-83000,0,0,0,0,83000,-83000,-83000
065010,國巨國泰01購04  ,0,0,0,0,0,0,0,0,0,-83000,0,0,0,180000,263000,-83000,-83000
063874,志超永豐9C購01  ,0,0,0,0,0,0,0,0,0,-83000,0,0,0,83000,166000,-83000,-83000
063969,晶豪科國票01購01,0,0,0,0,0,0,0,0,0,-83000,0,0,0,39000,122000,-83000,-83000
062888,漢唐群益9B購01  ,0,0,0,0,0,0,0,0,0,-83000,0,0,0,10000,93000,-83000,-83000
066383,臻鼎康和01購01  ,0,0,0,0,0,0,0,0,0,-84000,0,0,0,0,84000,-84000,-84000
066778,緯穎富邦03購01  ,0,0,0,0,0,0,0,0,0,-84000,0,0,0,0,84000,-84000,-84000
08428P,GIS國票01售01   ,0,0,0,0,0,0,0,0,0,-84000,0,0,0,0,84000,-84000,-84000
058985,可成凱基99購03  ,0,0,0,0,0,0,0,0,0,-84000,0,0,0,0,84000,-84000,-84000
062302,聯詠中信05購02  ,0,0,0,0,0,0,0,0,0,-84000,0,0,0,22000,106000,-84000,-84000
058586,鴻海中信01購02  ,0,0,0,0,0,0,0,0,0,-84000,0,0,0,16000,100000,-84000,-84000
063861,南亞科國泰02購01,0,0,0,0,0,0,0,0,0,-84000,0,0,0,0,84000,-84000,-84000
063590,華擎永豐9B購01  ,0,0,0,0,0,0,0,0,0,-84000,0,0,0,0,84000,-84000,-84000
064514,喬山群益9C購01  ,0,0,0,0,0,0,0,0,0,-84000,0,0,0,0,84000,-84000,-84000
08490P,上銀元大9C售08  ,0,0,0,0,0,0,0,0,0,-85000,0,0,0,15000,100000,-85000,-85000
07067P,旺宏台新99售02  ,0,0,0,0,0,0,0,0,0,-85000,0,0,0,0,85000,-85000,-85000
065930,矽格國票02購01  ,0,0,0,0,0,0,0,0,0,-85000,0,0,0,0,85000,-85000,-85000
065623,瑞昱中信04購01  ,0,0,0,0,0,0,0,0,0,-85000,0,0,0,25000,110000,-85000,-85000
061429,南六元大9A購02  ,0,0,0,0,0,0,0,0,0,-85000,0,0,0,0,85000,-85000,-85000
057243,樺漢凱基99購01  ,0,0,0,0,0,0,0,0,0,-85000,0,0,0,20000,105000,-85000,-85000
058053,上銀統一9B購01  ,0,0,0,0,0,0,0,0,0,-85000,0,0,0,250000,335000,-85000,-85000
059656,T50反1元大99購11,0,0,0,0,0,0,0,0,0,-85000,0,0,0,30000,115000,-85000,-85000
060106,旭富元大99購02  ,0,0,0,0,0,0,0,0,0,-85000,0,0,0,210000,295000,-85000,-85000
062409,巨大永豐9B購02  ,0,0,0,0,0,0,0,0,0,-85000,0,0,0,61000,146000,-85000,-85000
062280,大立光群益9C購01,0,0,0,0,0,0,0,0,0,-85000,0,0,0,0,85000,-85000,-85000
064328,華通元大9C購04  ,0,0,0,0,0,0,0,0,0,-85000,0,0,0,2000,87000,-85000,-85000
065435,臻鼎凱基02購01  ,0,0,0,0,0,0,0,0,0,-85000,0,0,0,15000,100000,-85000,-85000
062909,大立光元大9C購04,0,0,0,0,0,0,0,0,0,-85000,0,0,0,10000,95000,-85000,-85000
6168,宏齊            ,88000,176000,-88000,0,0,0,0,0,0,3000,3000,0,3000,0,0,0,-85000
3209,全科            ,129000,214000,-85000,0,0,0,0,0,0,0,0,0,0,0,0,0,-85000
066110,大成鋼兆豐01購01,0,0,0,0,0,0,0,0,0,-86000,0,0,0,0,86000,-86000,-86000
065977,旭富元大02購01  ,0,0,0,0,0,0,0,0,0,-86000,0,0,0,285000,371000,-86000,-86000
057242,台郡凱基98購05  ,0,0,0,0,0,0,0,0,0,-86000,0,0,0,5000,91000,-86000,-86000
058646,聯茂富邦9A購01  ,0,0,0,0,0,0,0,0,0,-86000,0,0,0,4000,90000,-86000,-86000
062104,上証2X國票9B購03,0,0,0,0,0,0,0,0,0,-86000,0,0,0,8000,94000,-86000,-86000
061126,京元電永豐9A購02,0,0,0,0,0,0,0,0,0,-86000,0,0,0,11000,97000,-86000,-86000
063413,台積電麥證01購01,0,0,0,0,86000,-86000,0,0,0,-86000,0,0,0,0,86000,-86000,-86000
064559,旺宏群益01購02  ,0,0,0,0,0,0,0,0,0,-86000,0,0,0,17000,103000,-86000,-86000
065655,緯穎元大9C購05  ,0,0,0,0,0,0,0,0,0,-87000,0,0,0,69000,156000,-87000,-87000
066355,惠特永豐01購01  ,0,0,0,0,0,0,0,0,0,-87000,0,0,0,0,87000,-87000,-87000
08194P,同欣電國票9C售03,0,0,0,0,0,0,0,0,0,-87000,0,0,0,0,87000,-87000,-87000
054471,T50反1中信9C購01,0,0,0,0,0,0,0,0,0,-87000,0,0,0,151000,238000,-87000,-87000
054773,台郡國票98購01  ,0,0,0,0,0,0,0,0,0,-87000,0,0,0,0,87000,-87000,-87000
060254,世紀鋼元大9A購01,0,0,0,0,0,0,0,0,0,-87000,0,0,0,75000,162000,-87000,-87000
06242P,大立光元富9A售02,0,0,0,0,0,0,0,0,0,-87000,0,0,0,6000,93000,-87000,-87000
062655,漢唐永豐9B購01  ,0,0,0,0,0,0,0,0,0,-87000,0,0,0,68000,155000,-87000,-87000
064724,健鼎統一02購02  ,0,0,0,0,0,0,0,0,0,-87000,0,0,0,22000,109000,-87000,-87000
065061,聯發科群益9C購08,0,0,0,0,0,0,0,0,0,-87000,0,0,0,5000,92000,-87000,-87000
063487,國巨國泰01購02  ,0,0,0,0,0,0,0,0,0,-87000,0,0,0,5000,92000,-87000,-87000
063257,牧德國泰01購01  ,0,0,0,0,0,0,0,0,0,-87000,0,0,0,209000,296000,-87000,-87000
9946,三發地產        ,49000,136190,-87190,0,0,0,0,0,0,0,0,0,0,0,0,0,-87190
08392P,上銀群益9C售01  ,0,0,0,0,0,0,0,0,0,-88000,0,0,0,0,88000,-88000,-88000
08374P,緯穎凱基9C售01  ,0,0,0,0,0,0,0,0,0,-88000,0,0,0,50000,138000,-88000,-88000
065598,微星元大01購02  ,0,0,0,0,0,0,0,0,0,-88000,0,0,0,14000,102000,-88000,-88000
065885,神達元富9C購01  ,0,0,0,0,0,0,0,0,0,-88000,0,0,0,10000,98000,-88000,-88000
056290,正文永豐98購01  ,0,0,0,0,0,0,0,0,0,-88000,0,0,0,17000,105000,-88000,-88000
049759,元黃金富邦9A購01,0,0,0,0,0,0,0,0,0,-88000,0,0,0,0,88000,-88000,-88000
060978,國巨元大9A購13  ,0,0,0,0,0,0,0,0,0,-88000,0,0,0,1000,89000,-88000,-88000
060337,FBVIX統一9A購01 ,0,0,0,0,0,0,0,0,0,-88000,0,0,0,12000,100000,-88000,-88000
059350,樺漢凱基9A購01  ,0,0,0,0,0,0,0,0,0,-88000,0,0,0,0,88000,-88000,-88000
062908,晶豪科元大9B購03,0,0,0,0,0,0,0,0,0,-88000,0,0,0,216000,304000,-88000,-88000
063162,國喬永豐9B購01  ,0,0,0,0,0,0,0,0,0,-88000,0,0,0,53000,141000,-88000,-88000
064088,大立光凱基02購01,0,0,0,0,0,0,0,0,0,-88000,0,0,0,0,88000,-88000,-88000
5519,隆大            ,0,88000,-88000,0,0,0,0,0,0,0,0,0,0,0,0,0,-88000
1783,和康生          ,249000,337000,-88000,0,0,0,0,0,0,0,0,0,0,0,0,0,-88000
1723,中碳            ,5000,113000,-108000,0,0,0,0,0,0,20000,20000,0,20000,0,0,0,-88000
065871,南亞科群益9C購03,0,0,0,0,0,0,0,0,0,-89000,0,0,0,0,89000,-89000,-89000
065847,嘉晶元大9C購03  ,0,0,0,0,0,0,0,0,0,-89000,0,0,0,87000,176000,-89000,-89000
08387P,臺股指群益9C售15,0,0,0,0,0,0,0,0,0,-89000,0,0,0,101000,190000,-89000,-89000
006208,富邦台50        ,0,1000,-1000,0,0,0,0,0,0,-88000,0,0,0,532000,620000,-88000,-89000
062233,神隆凱基9B購01  ,0,0,0,0,0,0,0,0,0,-89000,0,0,0,337000,426000,-89000,-89000
062021,康控永豐9B購01  ,0,0,0,0,0,0,0,0,0,-89000,0,0,0,165000,254000,-89000,-89000
061124,微星永豐9A購02  ,0,0,0,0,0,0,0,0,0,-89000,0,0,0,106000,195000,-89000,-89000
059865,國巨凱基01購01  ,0,0,0,0,0,0,0,0,0,-89000,0,0,0,37000,126000,-89000,-89000
2369,菱生            ,978000,1067000,-89000,0,0,0,0,0,0,0,0,0,0,0,0,0,-89000
3149,正達            ,7000,96000,-89000,0,0,0,0,0,0,0,0,0,0,0,0,0,-89000
4540,全球傳動        ,45000,134000,-89000,0,0,0,0,0,0,0,0,0,0,0,0,0,-89000
08237P,台積電富邦03售01,0,0,0,0,0,0,0,0,0,-90000,0,0,0,0,90000,-90000,-90000
08672P,聯發科統一01售09,0,0,0,0,0,0,0,0,0,-90000,0,0,0,41000,131000,-90000,-90000
07163P,臺股指群益99售14,0,0,0,0,0,0,0,0,0,-90000,0,0,0,210000,300000,-90000,-90000
07668P,旺宏元大9A售10  ,0,0,0,0,0,0,0,0,0,-90000,0,0,0,10000,100000,-90000,-90000
066339,總太永豐01購01  ,0,0,0,0,0,0,0,0,0,-90000,0,0,0,31000,121000,-90000,-90000
066219,惠特元富01購01  ,0,0,0,0,0,0,0,0,0,-90000,0,0,0,56000,146000,-90000,-90000
066719,滬深2X元大01購06,0,0,0,0,0,0,0,0,0,-90000,0,0,0,0,90000,-90000,-90000
066675,滬深2X兆豐03購01,0,0,0,0,0,0,0,0,0,-90000,0,0,0,1000,91000,-90000,-90000
066537,全新兆豐01購01  ,0,0,0,0,0,0,0,0,0,-90000,0,0,0,0,90000,-90000,-90000
060022,勤誠康和99購01  ,0,0,0,0,0,0,0,0,0,-90000,0,0,0,11000,101000,-90000,-90000
062731,力成凱基9B購02  ,0,0,0,0,0,0,0,0,0,-90000,0,0,0,4000,94000,-90000,-90000
062812,國巨兆豐9B購03  ,0,0,0,0,0,0,0,0,0,-90000,0,0,0,0,90000,-90000,-90000
062463,世紀鋼麥證9B購01,0,0,0,13000,103000,-90000,0,0,0,-90000,0,0,0,13000,103000,-90000,-90000
058988,大立光凱基9A購02,0,0,0,0,0,0,0,0,0,-90000,0,0,0,0,90000,-90000,-90000
061289,玉晶光統一01購03,0,0,0,0,0,0,0,0,0,-90000,0,0,0,2000,92000,-90000,-90000
061276,T50反1台新9A購03,0,0,0,0,0,0,0,0,0,-90000,0,0,0,0,90000,-90000,-90000
060259,潤泰全凱基9C購01,0,0,0,0,0,0,0,0,0,-90000,0,0,0,100000,190000,-90000,-90000
059138,台積電兆豐99購04,0,0,0,0,0,0,0,0,0,-90000,0,0,0,0,90000,-90000,-90000
064193,華新群益9C購01  ,0,0,0,0,0,0,0,0,0,-90000,0,0,0,250000,340000,-90000,-90000
063398,信邦群益9B購02  ,0,0,0,0,0,0,0,0,0,-90000,0,0,0,8000,98000,-90000,-90000
065196,技嘉元富06購01  ,0,0,0,0,0,0,0,0,0,-90000,0,0,0,95000,185000,-90000,-90000
065403,健鼎國泰02購01  ,0,0,0,0,0,0,0,0,0,-90000,0,0,0,146000,236000,-90000,-90000
065472,華新元大01購01  ,0,0,0,0,0,0,0,0,0,-90000,0,0,0,404000,494000,-90000,-90000
065223,旺宏中信01購01  ,0,0,0,0,0,0,0,0,0,-90000,0,0,0,0,90000,-90000,-90000
066242,惠特富邦03購01  ,0,0,0,0,0,0,0,0,0,-91000,0,0,0,10000,101000,-91000,-91000
08339P,上銀統一9C售04  ,0,0,0,0,0,0,0,0,0,-91000,0,0,0,75000,166000,-91000,-91000
00753L,中信中國50正2   ,0,1331000,-1331000,0,0,0,0,0,0,1240000,0,0,0,2764000,1524000,1240000,-91000
058149,百和元大99購02  ,0,0,0,0,0,0,0,0,0,-91000,0,0,0,0,91000,-91000,-91000
057259,台積電兆豐98購03,0,0,0,0,0,0,0,0,0,-91000,0,0,0,0,91000,-91000,-91000
060253,昇陽半元大9C購01,0,0,0,0,0,0,0,0,0,-91000,0,0,0,6000,97000,-91000,-91000
062509,SP黃豆國票9B購03,0,0,0,0,0,0,0,0,0,-91000,0,0,0,4000,95000,-91000,-91000
058808,大成鋼統一9B購01,0,0,0,0,0,0,0,0,0,-91000,0,0,0,0,91000,-91000,-91000
063542,泰鼎元富9B購02  ,0,0,0,0,0,0,0,0,0,-91000,0,0,0,351000,442000,-91000,-91000
063631,燿華元大9B購06  ,0,0,0,0,0,0,0,0,0,-91000,0,0,0,51000,142000,-91000,-91000
2545,皇翔            ,2000,93000,-91000,0,0,0,0,0,0,0,0,0,0,0,0,0,-91000
08075P,聯電群益9C售01  ,0,0,0,0,0,0,0,0,0,-92000,0,0,0,12000,104000,-92000,-92000
07617P,聯發科中信9C售04,0,0,0,0,0,0,0,0,0,-92000,0,0,0,0,92000,-92000,-92000
066619,永光凱基01購01  ,0,0,0,0,0,0,0,0,0,-92000,0,0,0,11000,103000,-92000,-92000
066759,盟立永豐01購03  ,0,0,0,0,0,0,0,0,0,-92000,0,0,0,0,92000,-92000,-92000
057716,神達統一98購01  ,0,0,0,0,0,0,0,0,0,-92000,0,0,0,3000,95000,-92000,-92000
057445,華通元富02購01  ,0,0,0,0,0,0,0,0,0,-92000,0,0,0,59000,151000,-92000,-92000
054744,晶相光凱基99購01,0,0,0,0,0,0,0,0,0,-92000,0,0,0,0,92000,-92000,-92000
060002,T50反1群益9A購01,0,0,0,0,0,0,0,0,0,-92000,0,0,0,1497000,1589000,-92000,-92000
062218,燿華統一01購01  ,0,0,0,0,0,0,0,0,0,-92000,0,0,0,160000,252000,-92000,-92000
063884,台表科元富03購01,0,0,0,0,0,0,0,0,0,-92000,0,0,0,56000,148000,-92000,-92000
063298,統一凱基9B購01  ,0,0,0,0,0,0,0,0,0,-92000,0,0,0,50000,142000,-92000,-92000
3622,洋華            ,279000,368000,-89000,0,0,0,0,0,0,-3000,0,3000,-3000,0,0,0,-92000
06701P,臺股指統一99售06,0,0,0,0,0,0,0,0,0,-93000,135000,0,135000,123000,351000,-228000,-93000
066524,創意統一02購03  ,0,0,0,0,0,0,0,0,0,-93000,0,0,0,38000,131000,-93000,-93000
07895P,美律元大9B售01  ,0,0,0,0,0,0,0,0,0,-93000,0,0,0,0,93000,-93000,-93000
08429P,台達電凱基9C售01,0,0,0,0,0,0,0,0,0,-93000,0,0,0,0,93000,-93000,-93000
1310,台苯            ,285000,393000,-108000,0,0,0,0,0,0,15000,0,0,0,15000,0,15000,-93000
055119,力成凱基98購01  ,0,0,0,0,0,0,0,0,0,-93000,0,0,0,34000,127000,-93000,-93000
060665,康控凱基9A購01  ,0,0,0,0,0,0,0,0,0,-93000,0,0,0,137000,230000,-93000,-93000
064101,可成群益01購01  ,0,0,0,0,0,0,0,0,0,-93000,0,0,0,17000,110000,-93000,-93000
065454,神隆元富9C購01  ,0,0,0,0,0,0,0,0,0,-93000,0,0,0,650000,743000,-93000,-93000
064899,大立光群益9C購06,0,0,0,0,0,0,0,0,0,-93000,0,0,0,0,93000,-93000,-93000
2359,所羅門          ,102000,195000,-93000,0,0,0,0,0,0,0,0,0,0,0,0,0,-93000
054778,世紀鋼國票99購01,0,0,0,0,0,0,0,0,0,-94000,0,0,0,20000,114000,-94000,-94000
054166,日電貿凱基98購01,0,0,0,0,0,0,0,0,0,-94000,0,0,0,0,94000,-94000,-94000
058147,鈺齊元大99購01  ,0,0,0,0,0,0,0,0,0,-94000,0,0,0,0,94000,-94000,-94000
061376,瑞昱永豐9A購02  ,0,0,0,0,0,0,0,0,0,-94000,0,0,0,90000,184000,-94000,-94000
057745,泰鼎永豐99購01  ,0,0,0,0,0,0,0,0,0,-94000,0,0,0,62000,156000,-94000,-94000
056469,國巨元大99購01  ,0,0,0,0,0,0,0,0,0,-94000,0,0,0,62000,156000,-94000,-94000
061991,牧德元大9C購01  ,0,0,0,0,0,0,0,0,0,-94000,0,0,0,35000,129000,-94000,-94000
060599,國巨凱基9C購01  ,0,0,0,0,0,0,0,0,0,-94000,0,0,0,2000,96000,-94000,-94000
064901,牧德群益9C購01  ,0,0,0,0,0,0,0,0,0,-94000,0,0,0,0,94000,-94000,-94000
065236,旭富凱基9C購01  ,0,0,0,0,0,0,0,0,0,-94000,0,0,0,156000,250000,-94000,-94000
064629,和潤元大9C購01  ,0,0,0,0,0,0,0,0,0,-94000,0,0,0,199000,293000,-94000,-94000
063639,華擎元大9C購03  ,0,0,0,0,0,0,0,0,0,-94000,0,0,0,38000,132000,-94000,-94000
1526,日馳            ,156000,250000,-94000,0,0,0,0,0,0,0,0,0,0,0,0,0,-94000
08111P,臺股指中信01售06,0,0,0,0,0,0,0,0,0,-95000,0,0,0,0,95000,-95000,-95000
06935P,神達元大98售02  ,0,0,0,0,0,0,0,0,0,-95000,0,0,0,105000,200000,-95000,-95000
066589,英業達群益01購01,0,0,0,0,0,0,0,0,0,-95000,0,0,0,0,95000,-95000,-95000
066497,大立光國泰03購02,0,0,0,0,0,0,0,0,0,-95000,0,0,0,0,95000,-95000,-95000
065819,京鼎元富03購01  ,0,0,0,0,0,0,0,0,0,-95000,0,0,0,663000,758000,-95000,-95000
058112,神達元富98購01  ,0,0,0,0,0,0,0,0,0,-95000,0,0,0,3000,98000,-95000,-95000
059821,美律凱基99購08  ,0,0,0,0,0,0,0,0,0,-95000,0,0,0,0,95000,-95000,-95000
061961,台積電統一01購02,0,0,0,0,0,0,0,0,0,-95000,0,0,0,5000,100000,-95000,-95000
062252,華邦電元大9C購01,0,0,0,0,0,0,0,0,0,-95000,0,0,0,5000,100000,-95000,-95000
059253,康控凱基9B購02  ,0,0,0,0,0,0,0,0,0,-95000,0,0,0,271000,366000,-95000,-95000
064096,台積電群益9C購07,0,0,0,0,0,0,0,0,0,-95000,0,0,0,5000,100000,-95000,-95000
064195,晶豪科群益9C購01,0,0,0,0,0,0,0,0,0,-95000,0,0,0,113000,208000,-95000,-95000
063404,金像電國票9B購01,0,0,0,0,0,0,0,0,0,-95000,0,0,0,136000,231000,-95000,-95000
064301,漢唐兆豐01購01  ,0,0,0,0,0,0,0,0,0,-95000,0,0,0,165000,260000,-95000,-95000
065252,玉晶光永豐9C購08,0,0,0,0,0,0,0,0,0,-95000,0,0,0,139000,234000,-95000,-95000
066562,上緯控元大01購01,0,0,0,0,0,0,0,0,0,-96000,0,0,0,289000,385000,-96000,-96000
066274,景碩元大01購02  ,0,0,0,0,0,0,0,0,0,-96000,0,0,0,96000,192000,-96000,-96000
06923P,鴻海群益98售09  ,0,0,0,0,0,0,0,0,0,-96000,0,0,0,129000,225000,-96000,-96000
08693P,宏達電群益01售02,0,0,0,0,0,0,0,0,0,-96000,0,0,0,20000,116000,-96000,-96000
055437,禾伸堂中信99購01,0,0,0,0,0,0,0,0,0,-96000,0,0,0,126000,222000,-96000,-96000
057579,長榮航中信9A購01,0,0,0,0,0,0,0,0,0,-96000,0,0,0,420000,516000,-96000,-96000
056410,康控國票99購01  ,0,0,0,0,0,0,0,0,0,-96000,0,0,0,0,96000,-96000,-96000
060513,緯穎元大9B購01  ,0,0,0,0,0,0,0,0,0,-96000,0,0,0,282000,378000,-96000,-96000
065178,和碩元大9C購01  ,0,0,0,0,0,0,0,0,0,-96000,0,0,0,5000,101000,-96000,-96000
063683,大成鋼永豐9B購01,0,0,0,0,0,0,0,0,0,-96000,0,0,0,0,96000,-96000,-96000
066736,京鼎元大01購02  ,25000,0,25000,0,0,0,0,0,0,-122000,0,0,0,22000,144000,-122000,-97000
00670L,富邦NASDAQ正2   ,68000,119000,-51000,0,0,0,0,0,0,-46000,200000,0,200000,184000,430000,-246000,-97000
048383,元金2X國票99購01,10000,0,10000,0,0,0,0,0,0,-107000,0,0,0,78000,185000,-107000,-97000
062400,晶豪科永豐9B購02,0,0,0,0,0,0,0,0,0,-97000,0,0,0,15000,112000,-97000,-97000
061584,勤誠元大9A購01  ,0,0,0,0,0,0,0,0,0,-97000,0,0,0,696000,793000,-97000,-97000
060370,滬深2X元富04購01,0,0,0,0,0,0,0,0,0,-97000,0,0,0,3000,100000,-97000,-97000
065828,大立光凱基06購01,0,0,0,0,0,0,0,0,0,-98000,0,0,0,272000,370000,-98000,-98000
08074P,緯穎元富9B售02  ,0,0,0,0,0,0,0,0,0,-98000,0,0,0,0,98000,-98000,-98000
08316P,祥碩元大9C售04  ,0,0,0,0,0,0,0,0,0,-98000,0,0,0,107000,205000,-98000,-98000
057937,神達群益98購02  ,0,0,0,0,0,0,0,0,0,-98000,0,0,0,0,98000,-98000,-98000
062237,緯創凱基9B購01  ,0,0,0,0,0,0,0,0,0,-98000,0,0,0,32000,130000,-98000,-98000
063595,燿華中信9B購02  ,0,0,0,0,0,0,0,0,0,-98000,0,0,0,0,98000,-98000,-98000
063396,金像電群益9C購01,0,0,0,0,0,0,0,0,0,-98000,0,0,0,0,98000,-98000,-98000
064316,貿聯群益9C購02  ,0,0,0,0,0,0,0,0,0,-98000,0,0,0,0,98000,-98000,-98000
064776,金像電群益01購01,0,0,0,0,0,0,0,0,0,-98000,0,0,0,0,98000,-98000,-98000
08541P,景碩國票01售02  ,0,0,0,0,0,0,0,0,0,-99000,0,0,0,0,99000,-99000,-99000
06849P,欣興元大98售12  ,0,0,0,0,0,0,0,0,0,-99000,0,0,0,0,99000,-99000,-99000
065527,巨大群益9C購03  ,0,0,0,0,0,0,0,0,0,-99000,0,0,0,11000,110000,-99000,-99000
066409,勤誠凱基01購01  ,0,0,0,0,0,0,0,0,0,-99000,0,0,0,150000,249000,-99000,-99000
058273,同欣電永豐99購01,0,0,0,0,0,0,0,0,0,-99000,0,0,0,2000,101000,-99000,-99000
053827,漢唐麥證9A購01  ,0,0,0,0,99000,-99000,0,0,0,-99000,0,0,0,0,99000,-99000,-99000
053220,瀚宇博凱基98購01,0,0,0,0,0,0,0,0,0,-99000,0,0,0,96000,195000,-99000,-99000
062478,牧德國票9B購03  ,0,0,0,0,0,0,0,0,0,-99000,0,0,0,0,99000,-99000,-99000
062543,華通富邦9C購01  ,0,0,0,0,0,0,0,0,0,-99000,0,0,0,101000,200000,-99000,-99000
062619,台表科元大9B購03,0,0,0,0,0,0,0,0,0,-99000,0,0,0,7000,106000,-99000,-99000
059911,國巨元大99購27  ,0,0,0,0,0,0,0,0,0,-99000,0,0,0,2000,101000,-99000,-99000
063958,瑞祺元大9C購01  ,0,0,0,0,0,0,0,0,0,-99000,0,0,0,11000,110000,-99000,-99000
1760,寶齡富錦        ,1201000,1150000,51000,0,0,0,0,0,0,-150000,0,150000,-150000,0,0,0,-99000
066430,台郡元大01購01  ,0,0,0,0,0,0,0,0,0,-100000,0,0,0,285000,385000,-100000,-100000
066379,台達電康和01購01,0,0,0,0,0,0,0,0,0,-100000,0,0,0,10000,110000,-100000,-100000
066147,美利達群益01購01,0,0,0,0,0,0,0,0,0,-100000,0,0,0,48000,148000,-100000,-100000
06718P,聯詠元大98售01  ,0,0,0,0,0,0,0,0,0,-100000,0,0,0,0,100000,-100000,-100000
066775,智原富邦03購01  ,0,0,0,0,0,0,0,0,0,-100000,0,0,0,0,100000,-100000,-100000
066622,南帝凱基01購01  ,0,0,0,0,0,0,0,0,0,-100000,0,0,0,0,100000,-100000,-100000
066699,台積電群益01購08,0,0,0,0,0,0,0,0,0,-100000,0,0,0,0,100000,-100000,-100000
066564,智伸科元大01購01,0,0,0,0,0,0,0,0,0,-100000,0,0,0,10000,110000,-100000,-100000
065592,FBVIX元大9C購06 ,0,0,0,0,0,0,0,0,0,-100000,0,0,0,0,100000,-100000,-100000
06592P,欣興元大98售04  ,0,0,0,0,0,0,0,0,0,-100000,0,0,0,0,100000,-100000,-100000
07147P,高鐵元大99售01  ,0,0,0,0,0,0,0,0,0,-100000,0,0,0,0,100000,-100000,-100000
07322P,鴻海元大99售33  ,0,0,0,0,0,0,0,0,0,-100000,0,0,0,0,100000,-100000,-100000
07323P,鴻海元大99售34  ,0,0,0,0,0,0,0,0,0,-100000,0,0,0,0,100000,-100000,-100000
07410P,鴻海元大99售44  ,0,0,0,0,0,0,0,0,0,-100000,0,0,0,0,100000,-100000,-100000
07637P,國巨國票9A售08  ,0,0,0,0,0,0,0,0,0,-100000,0,0,0,0,100000,-100000,-100000
07641P,上銀凱基9A售05  ,0,0,0,0,0,0,0,0,0,-100000,0,0,0,0,100000,-100000,-100000
07630P,臺股指凱基9A售11,0,0,0,0,0,0,0,0,0,-100000,0,0,0,0,100000,-100000,-100000
07505P,台勝科元大9A售01,0,0,0,0,0,0,0,0,0,-100000,0,0,0,0,100000,-100000,-100000
07469P,台達電元大9A售01,0,0,0,0,0,0,0,0,0,-100000,0,0,0,0,100000,-100000,-100000
07682P,聯發科凱基9A售15,0,0,0,0,0,0,0,0,0,-100000,0,0,0,0,100000,-100000,-100000
07802P,瑞昱永豐9A售03  ,0,0,0,0,0,0,0,0,0,-100000,0,0,0,0,100000,-100000,-100000
08603P,電子類元大9C售02,0,0,0,0,0,0,0,0,0,-100000,0,0,0,0,100000,-100000,-100000
08729P,創意永豐01售01  ,0,0,0,0,0,0,0,0,0,-100000,0,0,0,55000,155000,-100000,-100000
08296P,同欣電元大9C售04,0,0,0,0,0,0,0,0,0,-100000,0,0,0,10000,110000,-100000,-100000
08341P,國泰金台新9C售01,0,0,0,0,0,0,0,0,0,-100000,0,0,0,214000,314000,-100000,-100000
08440P,玉晶光國票01售05,0,0,0,0,0,0,0,0,0,-100000,0,0,0,20000,120000,-100000,-100000
08458P,南電元大9C售04  ,0,0,0,0,0,0,0,0,0,-100000,0,0,0,0,100000,-100000,-100000
08253P,鴻海元大9C售06  ,0,0,0,0,0,0,0,0,0,-100000,0,0,0,0,100000,-100000,-100000
053488,中石化兆豐97購01,0,0,0,0,0,0,0,0,0,-100000,0,0,0,0,100000,-100000,-100000
051756,台積電元大97購04,0,0,0,0,0,0,0,0,0,-100000,0,0,0,0,100000,-100000,-100000
049842,道瓊反中信98購01,0,0,0,0,0,0,0,0,0,-100000,0,0,0,0,100000,-100000,-100000
056312,茂林元大98購01  ,0,0,0,0,0,0,0,0,0,-100000,0,0,0,0,100000,-100000,-100000
058082,美律群益98購05  ,0,0,0,0,0,0,0,0,0,-100000,0,0,0,0,100000,-100000,-100000
057667,可成元大99購01  ,0,0,0,0,0,0,0,0,0,-100000,0,0,0,0,100000,-100000,-100000
061684,T50反1群益9A購06,0,0,0,0,0,0,0,0,0,-100000,0,0,0,0,100000,-100000,-100000
057442,玉晶光統一98購03,0,0,0,0,0,0,0,0,0,-100000,0,0,0,0,100000,-100000,-100000
057018,亞德客凱基98購01,0,0,0,0,0,0,0,0,0,-100000,0,0,0,0,100000,-100000,-100000
05890P,彩晶元大99售01  ,0,0,0,0,0,0,0,0,0,-100000,0,0,0,0,100000,-100000,-100000
059564,鴻海凱基9A購15  ,0,0,0,0,0,0,0,0,0,-100000,0,0,0,0,100000,-100000,-100000
062530,大立光統一01購03,0,0,0,0,0,0,0,0,0,-100000,0,0,0,0,100000,-100000,-100000
060804,T50反1群益9A購02,0,0,0,0,0,0,0,0,0,-100000,0,0,0,0,100000,-100000,-100000
062295,康友永豐9B購01  ,0,0,0,0,0,0,0,0,0,-100000,0,0,0,98000,198000,-100000,-100000
060340,國巨統一01購02  ,0,0,0,0,0,0,0,0,0,-100000,0,0,0,0,100000,-100000,-100000
061538,SP黃豆群益9A購03,0,0,0,0,0,0,0,0,0,-100000,0,0,0,0,100000,-100000,-100000
060214,茂林康和9A購01  ,0,0,0,0,0,0,0,0,0,-100000,0,0,0,0,100000,-100000,-100000
059126,臺指反中信9B購01,0,0,0,0,0,0,0,0,0,-100000,0,0,0,0,100000,-100000,-100000
063846,智邦元大9C購01  ,0,0,0,0,0,0,0,0,0,-100000,0,0,0,37000,137000,-100000,-100000
063325,SP黃豆國票9C購02,0,0,0,0,0,0,0,0,0,-100000,0,0,0,0,100000,-100000,-100000
063403,鈺齊群益9B購01  ,0,0,0,0,0,0,0,0,0,-100000,0,0,0,0,100000,-100000,-100000
063203,華新科統一9C購04,0,0,0,0,0,0,0,0,0,-100000,0,0,0,0,100000,-100000,-100000
063216,元黃金群益9B購02,0,0,0,0,0,0,0,0,0,-100000,0,0,0,5000,105000,-100000,-100000
064710,元金2X統一03購01,0,0,0,0,0,0,0,0,0,-100000,0,0,0,0,100000,-100000,-100000
064415,群創麥證9C購01  ,0,0,0,0,100000,-100000,0,0,0,-100000,0,0,0,0,100000,-100000,-100000
061697,世紀鋼群益9A購03,0,0,0,0,0,0,0,0,0,-101000,0,0,0,41000,142000,-101000,-101000
057048,新日興元大98購01,0,0,0,0,0,0,0,0,0,-101000,0,0,0,199000,300000,-101000,-101000
053328,滬深2X永豐99購01,0,0,0,0,0,0,0,0,0,-101000,0,0,0,0,101000,-101000,-101000
061067,貿聯凱基9A購03  ,0,0,0,0,0,0,0,0,0,-101000,0,0,0,89000,190000,-101000,-101000
060715,日電貿永豐9A購01,0,0,0,0,0,0,0,0,0,-101000,0,0,0,80000,181000,-101000,-101000
060492,元黃金元富9A購01,0,0,0,0,0,0,0,0,0,-101000,0,0,0,0,101000,-101000,-101000
062748,祥碩永豐9B購02  ,0,0,0,0,0,0,0,0,0,-101000,0,0,0,14000,115000,-101000,-101000
064712,聚陽統一02購03  ,0,0,0,0,0,0,0,0,0,-101000,0,0,0,10000,111000,-101000,-101000
065240,矽創凱基01購01  ,0,0,0,0,0,0,0,0,0,-101000,0,0,0,12000,113000,-101000,-101000
065227,金像電凱基9C購01,0,0,0,0,0,0,0,0,0,-101000,0,0,0,0,101000,-101000,-101000
2524,京城            ,19000,120300,-101300,0,0,0,0,0,0,0,0,0,0,0,0,0,-101300
08406P,緯穎元大9C售01  ,0,0,0,0,0,0,0,0,0,-102000,0,0,0,0,102000,-102000,-102000
06925P,致茂群益9A售02  ,0,0,0,0,0,0,0,0,0,-102000,0,0,0,0,102000,-102000,-102000
057514,華新科元富99購03,0,0,0,0,0,0,0,0,0,-102000,0,0,0,98000,200000,-102000,-102000
058474,鴻海凱基9A購06  ,0,0,0,0,0,0,0,0,0,-102000,0,0,0,70000,172000,-102000,-102000
061138,晶技統一9C購01  ,0,0,0,0,0,0,0,0,0,-102000,0,0,0,56000,158000,-102000,-102000
064948,致茂凱基01購01  ,0,0,0,0,0,0,0,0,0,-102000,0,0,0,0,102000,-102000,-102000
064306,和潤兆豐01購01  ,0,0,0,0,0,0,0,0,0,-102000,0,0,0,163000,265000,-102000,-102000
063700,台積電群益9B購09,0,0,0,0,0,0,0,0,0,-102000,0,0,0,0,102000,-102000,-102000
2820,華票            ,399000,501000,-102000,0,0,0,0,0,0,0,0,0,0,0,0,0,-102000
065736,同欣電凱基9C購05,0,0,0,0,0,0,0,0,0,-103000,0,0,0,157000,260000,-103000,-103000
061509,SP黃豆富邦9C購01,0,0,0,0,0,0,0,0,0,-103000,0,0,0,0,103000,-103000,-103000
062185,禾伸堂元大9B購01,0,0,0,0,0,0,0,0,0,-103000,0,0,0,145000,248000,-103000,-103000
062351,瑞祺群益9C購01  ,0,0,0,0,0,0,0,0,0,-103000,0,0,0,10000,113000,-103000,-103000
060789,禾伸堂富邦9B購02,0,0,0,0,0,0,0,0,0,-103000,0,0,0,40000,143000,-103000,-103000
060826,牧德元大9B購02  ,0,0,0,0,0,0,0,0,0,-103000,0,0,0,15000,118000,-103000,-103000
064194,燿華群益9C購01  ,0,0,0,0,0,0,0,0,0,-103000,0,0,0,12000,115000,-103000,-103000
07352P,台積電國票99售11,0,0,0,0,0,0,0,0,0,-104000,0,0,0,1000,105000,-104000,-104000
08584P,立積群益9C售02  ,0,0,0,0,0,0,0,0,0,-104000,0,0,0,37000,141000,-104000,-104000
057812,友達元大9A購05  ,0,0,0,0,0,0,0,0,0,-104000,0,0,0,44000,148000,-104000,-104000
053396,漢唐中信9A購01  ,0,0,0,0,0,0,0,0,0,-104000,0,0,0,0,104000,-104000,-104000
054297,台郡元大98購01  ,0,0,0,0,0,0,0,0,0,-104000,0,0,0,36000,140000,-104000,-104000
055256,日電貿統一99購01,0,0,0,0,0,0,0,0,0,-104000,0,0,0,0,104000,-104000,-104000
062473,同欣電凱基9B購01,0,0,0,0,0,0,0,0,0,-104000,0,0,0,79000,183000,-104000,-104000
059140,大立光兆豐9A購02,0,0,0,0,0,0,0,0,0,-104000,0,0,0,53000,157000,-104000,-104000
063772,智邦富邦9B購02  ,0,0,0,0,0,0,0,0,0,-104000,0,0,0,35000,139000,-104000,-104000
063169,台汽電永豐9B購01,0,0,0,0,0,0,0,0,0,-104000,0,0,0,78000,182000,-104000,-104000
063117,聯茂麥證9B購01  ,0,0,0,0,104000,-104000,0,0,0,-104000,0,0,0,0,104000,-104000,-104000
062858,微星國票9B購01  ,0,0,0,0,0,0,0,0,0,-104000,0,0,0,38000,142000,-104000,-104000
064508,力成元大9C購03  ,0,0,0,0,0,0,0,0,0,-104000,0,0,0,0,104000,-104000,-104000
064536,富邦金國票01購01,0,0,0,0,0,0,0,0,0,-104000,0,0,0,108000,212000,-104000,-104000
064580,統一永豐9C購01  ,0,0,0,0,0,0,0,0,0,-104000,0,0,0,137000,241000,-104000,-104000
064937,英業達元富9C購01,0,0,0,0,0,0,0,0,0,-104000,0,0,0,24000,128000,-104000,-104000
07130P,台郡元大9B售01  ,0,0,0,0,0,0,0,0,0,-105000,0,0,0,0,105000,-105000,-105000
07685P,玉晶光凱基9B售03,0,0,0,0,0,0,0,0,0,-105000,0,0,0,100000,205000,-105000,-105000
055604,訊芯元大98購02  ,0,0,0,0,0,0,0,0,0,-105000,0,0,0,0,105000,-105000,-105000
053082,聯電元大98購03  ,0,0,0,0,0,0,0,0,0,-105000,0,0,0,50000,155000,-105000,-105000
057689,南亞科凱基99購02,0,0,0,0,0,0,0,0,0,-105000,0,0,0,0,105000,-105000,-105000
061302,晶技永豐9A購04  ,0,0,0,0,0,0,0,0,0,-105000,0,0,0,0,105000,-105000,-105000
064447,喬山統一02購01  ,0,0,0,0,0,0,0,0,0,-105000,0,0,0,0,105000,-105000,-105000
064163,康控統一01購01  ,0,0,0,0,0,0,0,0,0,-105000,0,0,0,373000,478000,-105000,-105000
07687P,上銀元大9A售06  ,0,0,0,0,0,0,0,0,0,-106000,0,0,0,2000,108000,-106000,-106000
08488P,臺股指群益9C售19,0,0,0,0,0,0,0,0,0,-106000,0,0,0,0,106000,-106000,-106000
066222,生達國泰02購01  ,0,0,0,0,0,0,0,0,0,-106000,0,0,0,15000,121000,-106000,-106000
057956,全新元大99購04  ,0,0,0,0,0,0,0,0,0,-106000,0,0,0,521000,627000,-106000,-106000
061373,華通富邦9A購02  ,0,0,0,0,0,0,0,0,0,-106000,0,0,0,179000,285000,-106000,-106000
062824,國巨群益9C購03  ,0,0,0,0,0,0,0,0,0,-106000,0,0,0,0,106000,-106000,-106000
062896,中興電元大9B購01,0,0,0,0,0,0,0,0,0,-106000,0,0,0,29000,135000,-106000,-106000
064659,台達電元大9C購02,0,0,0,0,0,0,0,0,0,-106000,0,0,0,367000,473000,-106000,-106000
2855,統一證          ,893000,999000,-106000,0,0,0,0,0,0,0,0,0,0,0,0,0,-106000
2431,聯昌            ,43000,153000,-110000,0,0,0,0,0,0,4000,4000,0,4000,0,0,0,-106000
5283,禾聯碩          ,1000,49000,-48000,0,0,0,0,50000,-50000,-8000,1000,0,1000,0,9000,-9000,-106000
056864,新日興群益99購01,0,0,0,0,0,0,0,0,0,-107000,0,0,0,242000,349000,-107000,-107000
057231,美律凱基98購05  ,0,0,0,0,0,0,0,0,0,-107000,0,0,0,43000,150000,-107000,-107000
061032,金像電永豐9A購03,0,0,0,0,0,0,0,0,0,-107000,0,0,0,0,107000,-107000,-107000
059039,致伸群益99購01  ,0,0,0,0,0,0,0,0,0,-107000,0,0,0,13000,120000,-107000,-107000
064678,嘉晶兆豐01購01  ,0,0,0,0,0,0,0,0,0,-107000,0,0,0,12000,119000,-107000,-107000
064721,國泰金統一02購01,0,0,0,0,0,0,0,0,0,-107000,0,0,0,0,107000,-107000,-107000
064760,玉晶光凱基01購02,0,0,0,0,0,0,0,0,0,-107000,0,0,0,308000,415000,-107000,-107000
064876,旺宏兆豐9C購01  ,0,0,0,0,0,0,0,0,0,-107000,0,0,0,26000,133000,-107000,-107000
065208,義隆國票01購01  ,0,0,0,0,0,0,0,0,0,-107000,0,0,0,25000,132000,-107000,-107000
06970P,旺宏元大99售08  ,0,0,0,0,0,0,0,0,0,-108000,0,0,0,5000,113000,-108000,-108000
064868,嘉晶永豐9C購02  ,0,0,0,0,0,0,0,0,0,-108000,0,0,0,0,108000,-108000,-108000
065084,南亞科元大9C購08,0,0,0,0,0,0,0,0,0,-108000,0,0,0,1000,109000,-108000,-108000
063089,巨大凱基9C購01  ,0,0,0,0,0,0,0,0,0,-108000,0,0,0,10000,118000,-108000,-108000
063175,燿華兆豐9C購01  ,0,0,0,0,0,0,0,0,0,-108000,0,0,0,0,108000,-108000,-108000
07799P,南電國票9A售04  ,0,0,0,0,0,0,0,0,0,-109000,0,0,0,87000,196000,-109000,-109000
08486P,富邦金群益9C售02,0,0,0,0,0,0,0,0,0,-109000,0,0,0,66000,175000,-109000,-109000
08223P,臺股指凱基9B售18,0,0,0,0,0,0,0,0,0,-109000,0,0,0,70000,179000,-109000,-109000
061660,禾伸堂永豐9A購01,0,0,0,0,0,0,0,0,0,-109000,0,0,0,12000,121000,-109000,-109000
064398,聚陽凱基01購01  ,0,0,0,0,0,0,0,0,0,-109000,0,0,0,1000,110000,-109000,-109000
08736P,滬深2X凱基03售01,0,0,0,0,0,0,0,0,0,-110000,0,0,0,0,110000,-110000,-110000
06827P,臺股指國票98售03,0,0,0,0,0,0,0,0,0,-110000,0,0,0,0,110000,-110000,-110000
066208,聯鈞統一02購01  ,0,0,0,0,0,0,0,0,0,-110000,0,0,0,0,110000,-110000,-110000
066486,台光電元富01購02,0,0,0,0,0,0,0,0,0,-110000,0,0,0,0,110000,-110000,-110000
066677,台泥兆豐03購01  ,0,0,0,0,0,0,0,0,0,-110000,0,0,0,0,110000,-110000,-110000
056775,康控元大99購01  ,0,0,0,0,0,0,0,0,0,-110000,0,0,0,518000,628000,-110000,-110000
057888,貿聯群益98購02  ,0,0,0,0,0,0,0,0,0,-110000,0,0,0,0,110000,-110000,-110000
055093,京鼎群益98購01  ,0,0,0,0,0,0,0,0,0,-110000,0,0,0,0,110000,-110000,-110000
055728,緯穎元大97購03  ,0,0,0,0,0,0,0,0,0,-110000,0,0,0,0,110000,-110000,-110000
060675,南亞科元大9A購02,0,0,0,0,0,0,0,0,0,-110000,0,0,0,0,110000,-110000,-110000
062212,臻鼎台新9B購01  ,0,0,0,0,0,0,0,0,0,-110000,0,0,0,130000,240000,-110000,-110000
062696,國巨元大9B購16  ,0,0,0,0,0,0,0,0,0,-110000,0,0,0,0,110000,-110000,-110000
058913,元油2X元富01購01,0,0,0,0,0,0,0,0,0,-110000,0,0,0,0,110000,-110000,-110000
064117,中興電元大9C購01,0,0,0,0,0,0,0,0,0,-110000,0,0,0,10000,120000,-110000,-110000
2535,達欣工          ,93000,162000,-69000,0,0,0,0,0,0,-41000,0,40000,-40000,0,1000,-1000,-110000
066288,晶碩元大01購01  ,0,0,0,0,0,0,0,0,0,-111000,0,0,0,50000,161000,-111000,-111000
065711,矽格群益9C購02  ,0,0,0,0,0,0,0,0,0,-111000,0,0,0,37000,148000,-111000,-111000
057757,鴻海凱基98購13  ,0,0,0,0,0,0,0,0,0,-111000,0,0,0,49000,160000,-111000,-111000
061639,晶豪科元大9A購02,0,0,0,0,0,0,0,0,0,-111000,0,0,0,115000,226000,-111000,-111000
8103,瀚荃            ,263000,369000,-106000,0,0,0,0,0,0,-5000,3000,8000,-5000,0,0,0,-111000
08491P,全新元大9C售01  ,0,0,0,0,0,0,0,0,0,-112000,0,0,0,0,112000,-112000,-112000
061350,牧德元大9B購03  ,0,0,0,0,0,0,0,0,0,-112000,0,0,0,88000,200000,-112000,-112000
058004,大立光群益98購03,0,0,0,0,0,0,0,0,0,-112000,0,0,0,11000,123000,-112000,-112000
054158,國巨日盛99購01  ,0,0,0,0,0,0,0,0,0,-112000,0,0,0,0,112000,-112000,-112000
062093,台積電富邦9C購11,0,0,0,0,0,0,0,0,0,-112000,0,0,0,104000,216000,-112000,-112000
064509,台表科元大9C購08,0,0,0,0,0,0,0,0,0,-112000,0,0,0,131000,243000,-112000,-112000
3257,虹冠電          ,35000,147000,-112000,0,0,0,0,0,0,0,0,0,0,0,0,0,-112000
1444,力麗            ,160000,272962,-112962,0,0,0,0,0,0,0,0,0,0,0,0,0,-112962
065521,貿聯群益9C購04  ,0,0,0,0,0,0,0,0,0,-113000,0,0,0,2000,115000,-113000,-113000
065906,瑞昱永豐9C購01  ,0,0,0,0,0,0,0,0,0,-113000,0,0,0,6000,119000,-113000,-113000
066556,和鑫元大01購01  ,0,0,0,0,0,0,0,0,0,-113000,0,0,0,10000,123000,-113000,-113000
061687,大成鋼群益9A購01,0,0,0,0,0,0,0,0,0,-113000,0,0,0,0,113000,-113000,-113000
062291,力成富邦9B購01  ,0,0,0,0,0,0,0,0,0,-113000,0,0,0,12000,125000,-113000,-113000
060290,興富發元大9C購01,0,0,0,0,0,0,0,0,0,-113000,0,0,0,46000,159000,-113000,-113000
065081,金像電元大9C購05,0,0,0,0,0,0,0,0,0,-113000,0,0,0,0,113000,-113000,-113000
065044,大立光凱基9C購06,0,0,0,0,0,0,0,0,0,-113000,0,0,0,151000,264000,-113000,-113000
064894,漢唐群益9C購02  ,0,0,0,0,0,0,0,0,0,-113000,0,0,0,0,113000,-113000,-113000
064112,宏碁國票01購01  ,0,0,0,0,0,0,0,0,0,-113000,0,0,0,35000,148000,-113000,-113000
062854,日電貿永豐9B購01,0,0,0,0,0,0,0,0,0,-113000,0,0,0,0,113000,-113000,-113000
063035,燿華凱基9B購02  ,0,0,0,0,0,0,0,0,0,-113000,0,0,0,32000,145000,-113000,-113000
066138,健策群益01購05  ,0,0,0,0,0,0,0,0,0,-114000,0,0,0,206000,320000,-114000,-114000
08328P,國巨國票9C售07  ,0,0,0,0,0,0,0,0,0,-114000,0,0,0,48000,162000,-114000,-114000
060242,潤泰全元大9C購01,0,0,0,0,0,0,0,0,0,-114000,0,0,0,68000,182000,-114000,-114000
058514,潤泰全元大99購01,0,0,0,0,0,0,0,0,0,-114000,0,0,0,20000,134000,-114000,-114000
06850P,聯茂元大98售06  ,0,0,0,0,0,0,0,0,0,-115000,0,0,0,66000,181000,-115000,-115000
066758,智邦永豐01購01  ,0,0,0,0,0,0,0,0,0,-115000,0,0,0,0,115000,-115000,-115000
06597P,國巨富邦9A售05  ,0,0,0,0,0,0,0,0,0,-115000,0,0,0,170000,285000,-115000,-115000
065777,正崴國泰03購01  ,0,0,0,0,0,0,0,0,0,-115000,0,0,0,50000,165000,-115000,-115000
059765,嘉聯益永豐99購02,0,0,0,0,0,0,0,0,0,-115000,0,0,0,4000,119000,-115000,-115000
060877,華邦電中信02購01,0,0,0,0,0,0,0,0,0,-115000,0,0,0,15000,130000,-115000,-115000
064444,聚陽統一01購02  ,0,0,0,0,0,0,0,0,0,-115000,0,0,0,13000,128000,-115000,-115000
3060,銘異            ,155000,270000,-115000,0,0,0,0,0,0,0,0,0,0,0,0,0,-115000
066535,台積電兆豐01購01,0,0,0,0,0,0,0,0,0,-116000,0,0,0,0,116000,-116000,-116000
066424,晶技元大01購03  ,0,0,0,0,0,0,0,0,0,-116000,0,0,0,20000,136000,-116000,-116000
07081P,南電群益9A售01  ,0,0,0,0,0,0,0,0,0,-116000,0,0,0,0,116000,-116000,-116000
061379,鈺齊永豐9A購02  ,0,0,0,0,0,0,0,0,0,-116000,0,0,0,85000,201000,-116000,-116000
062630,全新國票9B購02  ,0,0,0,0,0,0,0,0,0,-116000,0,0,0,0,116000,-116000,-116000
08631P,臺股指麥證9C售06,0,0,0,0,117000,-117000,0,0,0,-117000,0,0,0,0,117000,-117000,-117000
066616,創意康和01購01  ,15000,0,15000,0,0,0,0,0,0,-132000,0,0,0,95000,227000,-132000,-117000
06139P,台積電中信99售02,0,0,0,0,0,0,0,0,0,-117000,0,0,0,3000,120000,-117000,-117000
056609,楠梓電永豐98購02,0,0,0,0,0,0,0,0,0,-117000,0,0,0,133000,250000,-117000,-117000
057314,全新麥證98購01  ,0,0,0,82000,199000,-117000,0,0,0,-117000,0,0,0,82000,199000,-117000,-117000
052890,FB上証群益9B購01,0,0,0,0,0,0,0,0,0,-117000,0,0,0,208000,325000,-117000,-117000
066386,宏全康和01購01  ,0,0,0,0,0,0,0,0,0,-118000,0,0,0,9000,127000,-118000,-118000
053381,友達元大9A購02  ,0,0,0,0,0,0,0,0,0,-118000,0,0,0,105000,223000,-118000,-118000
056738,國巨凱基9A購02  ,0,0,0,0,0,0,0,0,0,-118000,0,0,0,0,118000,-118000,-118000
060957,SP黃豆凱基9A購04,0,0,0,0,0,0,0,0,0,-118000,0,0,0,70000,188000,-118000,-118000
061619,大立光群益9B購01,0,0,0,0,0,0,0,0,0,-118000,0,0,0,0,118000,-118000,-118000
064569,群創群益9C購01  ,0,0,0,0,0,0,0,0,0,-118000,0,0,0,337000,455000,-118000,-118000
065402,漢唐國泰02購01  ,0,0,0,0,0,0,0,0,0,-118000,0,0,0,12000,130000,-118000,-118000
064091,台郡凱基01購01  ,0,0,0,0,0,0,0,0,0,-118000,0,0,0,17000,135000,-118000,-118000
064186,燿華永豐9C購01  ,0,0,0,0,0,0,0,0,0,-118000,0,0,0,51000,169000,-118000,-118000
064210,台光電凱基03購01,0,0,0,0,0,0,0,0,0,-118000,0,0,0,28000,146000,-118000,-118000
9935,慶豐富          ,104000,222000,-118000,0,0,0,0,0,0,0,0,0,0,0,0,0,-118000
2034,允強            ,47000,165200,-118200,0,0,0,0,0,0,0,0,0,0,0,0,0,-118200
065975,緯創元大02購01  ,0,0,0,0,0,0,0,0,0,-119000,0,0,0,44000,163000,-119000,-119000
065931,瑞祺國票02購01  ,0,0,0,0,0,0,0,0,0,-119000,0,0,0,19000,138000,-119000,-119000
07954P,台表科元大9B售02,0,0,0,0,0,0,0,0,0,-119000,0,0,0,0,119000,-119000,-119000
057581,元大金中信9A購01,0,0,0,0,0,0,0,0,0,-119000,0,0,0,130000,249000,-119000,-119000
058324,嘉聯益永豐9A購01,0,0,0,0,0,0,0,0,0,-119000,0,0,0,24000,143000,-119000,-119000
05631P,國巨富邦9A售01  ,0,0,0,0,0,0,0,0,0,-119000,0,0,0,5000,124000,-119000,-119000
057182,禾伸堂元大99購02,0,0,0,0,0,0,0,0,0,-119000,0,0,0,141000,260000,-119000,-119000
062032,崇越群益9B購01  ,0,0,0,0,0,0,0,0,0,-119000,0,0,0,510000,629000,-119000,-119000
061822,和潤群益9B購01  ,0,0,0,0,0,0,0,0,0,-119000,0,0,0,116000,235000,-119000,-119000
064954,奇鋐凱基9C購01  ,0,0,0,0,0,0,0,0,0,-119000,0,0,0,208000,327000,-119000,-119000
2514,龍邦            ,28000,147000,-119000,0,0,0,0,0,0,0,0,0,0,0,0,0,-119000
4148,全宇生技-KY     ,28000,146000,-118000,0,0,0,0,0,0,-1000,0,1000,-1000,0,0,0,-119000
07712P,茂林元大9A售03  ,0,0,0,0,0,0,0,0,0,-120000,0,0,0,0,120000,-120000,-120000
07646P,世芯元大9A售04  ,0,0,0,0,0,0,0,0,0,-120000,0,0,0,0,120000,-120000,-120000
07285P,上証2X群益01售02,0,0,0,0,0,0,0,0,0,-120000,0,0,0,0,120000,-120000,-120000
066672,瑞祺凱基03購01  ,0,0,0,0,0,0,0,0,0,-120000,0,0,0,0,120000,-120000,-120000
066498,康控國泰02購01  ,0,0,0,0,0,0,0,0,0,-120000,0,0,0,77000,197000,-120000,-120000
054569,GIS群益98購01   ,0,0,0,0,0,0,0,0,0,-120000,0,0,0,0,120000,-120000,-120000
062043,牧德凱基9B購04  ,0,0,0,0,0,0,0,0,0,-120000,0,0,0,70000,190000,-120000,-120000
061959,鴻海統一9B購04  ,0,0,0,0,0,0,0,0,0,-120000,0,0,0,193000,313000,-120000,-120000
060870,旭富群益9A購01  ,0,0,0,0,0,0,0,0,0,-120000,0,0,0,0,120000,-120000,-120000
062472,大立光凱基9B購04,0,0,0,0,0,0,0,0,0,-120000,0,0,0,0,120000,-120000,-120000
058726,宏達電富邦9A購01,0,0,0,0,0,0,0,0,0,-120000,0,0,0,0,120000,-120000,-120000
065377,群創元大02購02  ,0,0,0,0,0,0,0,0,0,-120000,0,0,0,29000,149000,-120000,-120000
2426,鼎元            ,163000,283000,-120000,0,0,0,0,0,0,0,0,0,0,0,0,0,-120000
065870,正崴群益02購01  ,0,0,0,0,0,0,0,0,0,-121000,0,0,0,56000,177000,-121000,-121000
061452,大成鋼凱基9A購01,0,0,0,0,0,0,0,0,0,-121000,0,0,0,82000,203000,-121000,-121000
062372,旭富元大9B購01  ,0,0,0,0,0,0,0,0,0,-121000,0,0,0,206000,327000,-121000,-121000
064567,晶技群益01購01  ,0,0,0,0,0,0,0,0,0,-121000,0,0,0,14000,135000,-121000,-121000
064429,鴻海凱基03購03  ,0,0,0,0,0,0,0,0,0,-121000,0,0,0,78000,199000,-121000,-121000
064302,美律兆豐01購01  ,0,0,0,0,0,0,0,0,0,-121000,0,0,0,35000,156000,-121000,-121000
063073,瑞昱永豐9B購01  ,0,0,0,0,0,0,0,0,0,-121000,0,0,0,26000,147000,-121000,-121000
065778,南亞科國泰01購01,0,0,0,0,0,0,0,0,0,-122000,0,0,0,0,122000,-122000,-122000
060657,旺宏統一9B購05  ,0,0,0,0,0,0,0,0,0,-122000,0,0,0,18000,140000,-122000,-122000
063510,台表科群益9C購01,0,0,0,0,0,0,0,0,0,-122000,0,0,0,0,122000,-122000,-122000
2415,錩新            ,5000,127000,-122000,0,0,0,0,0,0,0,0,0,0,0,0,0,-122000
2390,云辰            ,679000,801000,-122000,0,0,0,0,0,0,0,0,0,0,0,0,0,-122000
065585,聯發科富邦03購02,0,0,0,0,0,0,0,0,0,-123000,0,0,0,552000,675000,-123000,-123000
07035P,大立光元富99售04,0,0,0,0,0,0,0,0,0,-123000,0,0,0,4000,127000,-123000,-123000
07981P,上銀群益9B售04  ,0,0,0,0,0,0,0,0,0,-123000,0,0,0,0,123000,-123000,-123000
08670P,健策統一01售01  ,0,0,0,0,0,0,0,0,0,-123000,0,0,0,30000,153000,-123000,-123000
057328,京鼎群益99購02  ,0,0,0,0,0,0,0,0,0,-123000,0,0,0,0,123000,-123000,-123000
060835,亞德客國票9A購01,0,0,0,0,0,0,0,0,0,-123000,0,0,0,12000,135000,-123000,-123000
063909,旺宏凱基02購01  ,0,0,0,0,0,0,0,0,0,-123000,0,0,0,10000,133000,-123000,-123000
065256,上銀元大9C購10  ,0,0,0,0,0,0,0,0,0,-123000,0,0,0,68000,191000,-123000,-123000
064975,南亞科元大9C購07,0,0,0,0,0,0,0,0,0,-123000,0,0,0,0,123000,-123000,-123000
08247P,台積電群益9C售06,0,0,0,0,0,0,0,0,0,-124000,0,0,0,0,124000,-124000,-124000
06936P,瑞儀元大98售01  ,0,0,0,0,0,0,0,0,0,-124000,0,0,0,57000,181000,-124000,-124000
066073,奇鋐凱基01購01  ,0,0,0,0,0,0,0,0,0,-124000,0,0,0,125000,249000,-124000,-124000
066505,可成富邦03購01  ,0,0,0,0,0,0,0,0,0,-124000,0,0,0,0,124000,-124000,-124000
066536,漢唐兆豐03購01  ,0,0,0,0,0,0,0,0,0,-124000,0,0,0,0,124000,-124000,-124000
064149,美律統一02購01  ,0,0,0,0,0,0,0,0,0,-124000,0,0,0,62000,186000,-124000,-124000
063786,瑞昱中信06購01  ,0,0,0,0,0,0,0,0,0,-124000,0,0,0,13000,137000,-124000,-124000
063249,祥碩元大9B購06  ,0,0,0,0,0,0,0,0,0,-124000,0,0,0,0,124000,-124000,-124000
066322,群光永豐01購01  ,0,0,0,0,0,0,0,0,0,-125000,0,0,0,10000,135000,-125000,-125000
065738,國巨麥證9C購04  ,0,0,0,0,125000,-125000,0,0,0,-125000,0,0,0,0,125000,-125000,-125000
06928P,鴻海元大99售10  ,0,0,0,0,0,0,0,0,0,-125000,0,0,0,14000,139000,-125000,-125000
060133,牧德群益9B購01  ,0,0,0,0,0,0,0,0,0,-125000,0,0,0,32000,157000,-125000,-125000
063863,儒鴻富邦02購01  ,0,0,0,0,0,0,0,0,0,-125000,0,0,0,70000,195000,-125000,-125000
063934,寶成統一02購01  ,0,0,0,0,0,0,0,0,0,-125000,0,0,0,0,125000,-125000,-125000
3024,憶聲            ,120000,245000,-125000,0,0,0,0,0,0,0,0,0,0,0,0,0,-125000
2939,凱羿-KY         ,20000,145000,-125000,0,0,0,0,0,0,0,0,0,0,0,0,0,-125000
066012,友訊元富01購01  ,0,0,0,0,0,0,0,0,0,-126000,0,0,0,0,126000,-126000,-126000
066577,巨大元大01購02  ,0,0,0,0,0,0,0,0,0,-126000,0,0,0,106000,232000,-126000,-126000
066456,全新統一02購01  ,0,0,0,0,0,0,0,0,0,-126000,0,0,0,0,126000,-126000,-126000
054546,玉晶光中信9B購01,0,0,0,0,0,0,0,0,0,-126000,0,0,0,2121000,2247000,-126000,-126000
056267,文曄統一97購02  ,0,0,0,0,0,0,0,0,0,-126000,0,0,0,103000,229000,-126000,-126000
059006,樺漢元大99購01  ,0,0,0,0,0,0,0,0,0,-126000,0,0,0,59000,185000,-126000,-126000
064353,力成元大9C購02  ,0,0,0,0,0,0,0,0,0,-126000,0,0,0,9000,135000,-126000,-126000
057548,微星凱基99購01  ,0,0,0,0,0,0,0,0,0,-127000,0,0,0,43000,170000,-127000,-127000
060243,潤泰全元大9C購02,0,0,0,0,0,0,0,0,0,-127000,0,0,0,66000,193000,-127000,-127000
064234,正崴統一01購01  ,0,0,0,0,0,0,0,0,0,-127000,0,0,0,149000,276000,-127000,-127000
064467,南亞科元富9C購02,0,0,0,0,0,0,0,0,0,-127000,0,0,0,39000,166000,-127000,-127000
064718,友達統一02購01  ,0,0,0,0,0,0,0,0,0,-127000,0,0,0,120000,247000,-127000,-127000
065466,台表科中信01購03,0,0,0,0,0,0,0,0,0,-127000,0,0,0,231000,358000,-127000,-127000
063337,國巨統一02購02  ,0,0,0,0,0,0,0,0,0,-127000,0,0,0,200000,327000,-127000,-127000
063168,台表科永豐9B購01,0,0,0,0,0,0,0,0,0,-127000,0,0,0,365000,492000,-127000,-127000
065756,緯創元大9C購05  ,0,0,0,0,0,0,0,0,0,-128000,0,0,0,98000,226000,-128000,-128000
08210P,健策元富9B售02  ,0,0,0,0,0,0,0,0,0,-128000,0,0,0,100000,228000,-128000,-128000
059024,大立光統一9B購04,0,0,0,0,0,0,0,0,0,-128000,0,0,0,222000,350000,-128000,-128000
6415,矽力-KY         ,240006,345589,-105583,0,0,0,2000,23000,-21000,-2000,5000,7000,-2000,0,0,0,-128583
07535P,上銀元富9A售03  ,0,0,0,0,0,0,0,0,0,-129000,0,0,0,107000,236000,-129000,-129000
063836,台塑元大9C購01  ,0,0,0,0,0,0,0,0,0,-129000,0,0,0,6000,135000,-129000,-129000
064400,大成鋼凱基01購01,0,0,0,0,0,0,0,0,0,-129000,0,0,0,0,129000,-129000,-129000
9934,成霖            ,42000,171000,-129000,0,0,0,0,0,0,0,0,0,0,0,0,0,-129000
07693P,群創元大9B售10  ,0,0,0,0,0,0,0,0,0,-130000,0,0,0,30000,160000,-130000,-130000
07961P,滬深2X中信01售02,0,0,0,0,0,0,0,0,0,-130000,0,0,0,0,130000,-130000,-130000
066735,智原元大01購03  ,0,0,0,0,0,0,0,0,0,-130000,0,0,0,4000,134000,-130000,-130000
056696,茂林群益98購02  ,0,0,0,0,0,0,0,0,0,-130000,0,0,0,0,130000,-130000,-130000
056023,晶豪科群益97購01,0,0,0,0,0,0,0,0,0,-130000,0,0,0,0,130000,-130000,-130000
056095,臻鼎元富9A購01  ,0,20000,-20000,0,0,0,0,0,0,-110000,0,0,0,401000,511000,-110000,-130000
054212,聯詠國票97購03  ,0,0,0,0,0,0,0,0,0,-130000,0,0,0,0,130000,-130000,-130000
059902,滬深2X元大9C購08,0,0,0,0,0,0,0,0,0,-130000,0,0,0,0,130000,-130000,-130000
066294,嘉基元大01購01  ,0,0,0,0,0,0,0,0,0,-131000,0,0,0,388000,519000,-131000,-131000
066186,台郡凱基02購01  ,0,0,0,0,0,0,0,0,0,-131000,0,0,0,73000,204000,-131000,-131000
08730P,緯穎永豐01售02  ,0,0,0,0,0,0,0,0,0,-131000,0,0,0,0,131000,-131000,-131000
057823,神達元大98購01  ,0,0,0,0,0,0,0,0,0,-131000,0,0,0,2000,133000,-131000,-131000
062098,億光永豐9B購01  ,0,0,0,0,0,0,0,0,0,-131000,0,0,0,0,131000,-131000,-131000
065112,台表科國票02購01,0,0,0,0,0,0,0,0,0,-131000,0,0,0,225000,356000,-131000,-131000
063116,大立光麥證9C購01,0,0,0,119000,250000,-131000,0,0,0,-131000,0,0,0,119000,250000,-131000,-131000
063315,京元電群益9B購03,0,0,0,0,0,0,0,0,0,-131000,0,0,0,336000,467000,-131000,-131000
6235,華孚            ,134000,263000,-129000,0,0,0,0,0,0,-2000,0,2000,-2000,0,0,0,-131000
08155P,聯發科元富9B售05,0,0,0,0,0,0,0,0,0,-132000,0,0,0,0,132000,-132000,-132000
08435P,台積電群益9C售11,0,0,0,0,0,0,0,0,0,-132000,0,0,0,0,132000,-132000,-132000
061414,牧德群益9B購02  ,0,0,0,0,0,0,0,0,0,-132000,0,0,0,113000,245000,-132000,-132000
059364,昇陽半永豐99購02,0,0,0,0,0,0,0,0,0,-132000,0,0,0,20000,152000,-132000,-132000
062672,兆豐金中信03購01,0,0,0,0,0,0,0,0,0,-132000,0,0,0,38000,170000,-132000,-132000
2607,榮運            ,95000,227000,-132000,0,0,0,0,0,0,0,0,0,0,0,0,0,-132000
1201,味全            ,99000,235000,-136000,0,0,0,0,0,0,3000,0,0,0,3000,0,3000,-133000
066665,聯詠凱基02購01  ,0,0,0,0,0,0,0,0,0,-133000,0,0,0,0,133000,-133000,-133000
066515,強茂永豐01購02  ,0,0,0,0,0,0,0,0,0,-133000,0,0,0,15000,148000,-133000,-133000
054768,泰碩國票99購02  ,0,0,0,0,0,0,0,0,0,-133000,0,0,0,24000,157000,-133000,-133000
2442,新美齊          ,17000,145000,-128000,0,0,0,0,1000,-1000,-4000,0,4000,-4000,0,0,0,-133000
1707,葡萄王          ,44000,177820,-133820,0,0,0,0,0,0,0,0,0,0,0,0,0,-133820
07114P,旺宏兆豐9A售01  ,0,0,0,0,0,0,0,0,0,-134000,0,0,0,0,134000,-134000,-134000
057166,國巨元大99購06  ,0,0,0,0,0,0,0,0,0,-134000,0,0,0,6000,140000,-134000,-134000
057973,神達富邦9A購01  ,0,0,0,0,0,0,0,0,0,-134000,0,0,0,150000,284000,-134000,-134000
058558,鴻海日盛9A購02  ,0,0,0,0,0,0,0,0,0,-134000,0,0,0,163000,297000,-134000,-134000
063394,金像電群益9B購01,0,0,0,0,0,0,0,0,0,-134000,0,0,0,140000,274000,-134000,-134000
065400,華擎群益01購02  ,0,0,0,0,0,0,0,0,0,-134000,0,0,0,30000,164000,-134000,-134000
5469,瀚宇博          ,4253000,4134000,119000,0,0,0,0,0,0,-253000,72000,158000,-86000,78000,245000,-167000,-134000
066611,台積電麥證01購03,0,0,0,0,135000,-135000,0,0,0,-135000,0,0,0,0,135000,-135000,-135000
065781,創意富邦01購01  ,0,0,0,0,0,0,0,0,0,-135000,0,0,0,139000,274000,-135000,-135000
065647,健鼎元大9C購05  ,0,0,0,0,0,0,0,0,0,-135000,0,0,0,279000,414000,-135000,-135000
065649,牧德元大03購01  ,0,0,0,0,0,0,0,0,0,-135000,0,0,0,211000,346000,-135000,-135000
066078,南電凱基02購02  ,0,0,0,0,0,0,0,0,0,-135000,0,0,0,30000,165000,-135000,-135000
065857,嘉聯益元大9C購03,0,0,0,0,0,0,0,0,0,-135000,0,0,0,40000,175000,-135000,-135000
057837,康控國泰99購02  ,0,0,0,0,0,0,0,0,0,-135000,0,0,0,15000,150000,-135000,-135000
061646,力成元大9A購02  ,0,0,0,0,0,0,0,0,0,-135000,0,0,0,65000,200000,-135000,-135000
055205,京鼎中信99購01  ,0,0,0,0,0,0,0,0,0,-135000,0,0,0,1151000,1286000,-135000,-135000
052618,群創國泰98購01  ,0,0,0,0,0,0,0,0,0,-135000,0,0,0,0,135000,-135000,-135000
062706,大立光元大9B購06,0,0,0,0,0,0,0,0,0,-135000,0,0,0,212000,347000,-135000,-135000
062136,南亞科群益9B購01,0,0,0,0,0,0,0,0,0,-135000,0,0,0,0,135000,-135000,-135000
061589,世紀鋼富邦9B購01,0,0,0,0,0,0,0,0,0,-135000,0,0,0,15000,150000,-135000,-135000
065426,台積電凱基01購09,0,0,0,0,0,0,0,0,0,-135000,0,0,0,40000,175000,-135000,-135000
064988,志超元大9C購01  ,0,0,0,0,0,0,0,0,0,-135000,0,0,0,127000,262000,-135000,-135000
06326P,鴻海中信01售01  ,0,0,0,0,0,0,0,0,0,-135000,0,0,0,188000,323000,-135000,-135000
9933,中鼎            ,63000,188000,-125000,0,0,0,24000,0,24000,-34000,0,1000,-1000,0,33000,-33000,-135000
3545,敦泰            ,2073000,2105580,-32580,0,0,0,0,0,0,-103000,168000,163000,5000,27000,135000,-108000,-135580
1905,華紙            ,211000,349841,-138841,0,0,0,0,0,0,3000,4000,1000,3000,0,0,0,-135841
066610,台積電麥證01購02,0,0,0,0,136000,-136000,0,0,0,-136000,0,0,0,0,136000,-136000,-136000
066499,台郡國泰02購01  ,0,0,0,0,0,0,0,0,0,-136000,0,0,0,50000,186000,-136000,-136000
1316,上曜            ,9000,145000,-136000,0,0,0,0,0,0,0,0,0,0,0,0,0,-136000
08607P,聯發科富邦03售04,0,0,0,0,0,0,0,0,0,-136000,0,0,0,8000,144000,-136000,-136000
08463P,台灣50國泰02售02,0,0,0,0,0,0,0,0,0,-136000,0,0,0,96000,232000,-136000,-136000
056818,正崴永豐98購01  ,0,0,0,0,0,0,0,0,0,-136000,0,0,0,34000,170000,-136000,-136000
057544,鴻海凱基02購01  ,0,0,0,0,0,0,0,0,0,-136000,0,0,0,178000,314000,-136000,-136000
062203,燿華國票9C購01  ,0,0,0,0,0,0,0,0,0,-136000,0,0,0,147000,283000,-136000,-136000
063345,嘉晶統一9C購02  ,0,0,0,0,0,0,0,0,0,-136000,0,0,0,181000,317000,-136000,-136000
064165,同欣電統一01購01,0,0,0,0,0,0,0,0,0,-136000,0,0,0,967000,1103000,-136000,-136000
064664,微星元大9C購04  ,0,0,0,0,0,0,0,0,0,-136000,0,0,0,20000,156000,-136000,-136000
9105,泰金寶-DR       ,0,136000,-136000,0,0,0,0,0,0,0,0,0,0,0,0,0,-136000
07670P,茂林元大9A售02  ,0,0,0,0,0,0,0,0,0,-137000,0,0,0,84000,221000,-137000,-137000
058095,昇陽半元大98購03,0,0,0,0,0,0,0,0,0,-137000,0,0,0,138000,275000,-137000,-137000
057235,亞光凱基98購04  ,0,0,0,0,0,0,0,0,0,-137000,0,0,0,8000,145000,-137000,-137000
061130,牧德永豐9A購04  ,0,0,0,0,0,0,0,0,0,-137000,0,0,0,0,137000,-137000,-137000
063785,華通中信06購02  ,0,0,0,0,0,0,0,0,0,-137000,0,0,0,3000,140000,-137000,-137000
08313P,健策國票01售01  ,0,0,0,0,0,0,0,0,0,-138000,0,0,0,380000,518000,-138000,-138000
08202P,台表科國泰01售04,0,0,0,0,0,0,0,0,0,-138000,0,0,0,82000,220000,-138000,-138000
066558,創意元大01購04  ,0,0,0,0,0,0,0,0,0,-138000,0,0,0,93000,231000,-138000,-138000
066298,美利達元大01購02,0,0,0,0,0,0,0,0,0,-138000,0,0,0,238000,376000,-138000,-138000
062701,漢唐元大9B購01  ,0,0,0,0,0,0,0,0,0,-138000,0,0,0,0,138000,-138000,-138000
062523,世紀鋼元大9C購03,0,0,0,0,0,0,0,0,0,-138000,0,0,0,85000,223000,-138000,-138000
060792,信錦永豐9A購01  ,0,0,0,0,0,0,0,0,0,-138000,0,0,0,0,138000,-138000,-138000
058702,國巨元大99購16  ,0,0,0,0,0,0,0,0,0,-138000,0,0,0,0,138000,-138000,-138000
062934,大成鋼凱基9B購02,0,0,0,0,0,0,0,0,0,-138000,0,0,0,0,138000,-138000,-138000
058161,T50反1日盛03購01,0,0,0,0,0,0,0,0,0,-139000,0,0,0,0,139000,-139000,-139000
061581,貿聯元大9A購05  ,0,0,0,0,0,0,0,0,0,-139000,0,0,0,57000,196000,-139000,-139000
064293,勤誠元大9C購01  ,0,0,0,0,0,0,0,0,0,-139000,0,0,0,627000,766000,-139000,-139000
3321,同泰            ,33000,172000,-139000,0,0,0,0,0,0,0,0,0,0,0,0,0,-139000
066572,台郡元大01購02  ,0,0,0,0,0,0,0,0,0,-140000,0,0,0,164000,304000,-140000,-140000
066557,京鼎元大01購01  ,0,0,0,0,0,0,0,0,0,-140000,0,0,0,217000,357000,-140000,-140000
08226P,台灣50元大9B售26,0,0,0,0,0,0,0,0,0,-140000,0,0,0,0,140000,-140000,-140000
08278P,玉晶光元富9C售02,0,0,0,0,0,0,0,0,0,-140000,0,0,0,65000,205000,-140000,-140000
054088,華新群益98購02  ,0,0,0,0,0,0,0,0,0,-140000,0,0,0,108000,248000,-140000,-140000
061357,寶成元大9A購01  ,0,0,0,0,0,0,0,0,0,-140000,0,0,0,28000,168000,-140000,-140000
060955,大立光群益9A購02,0,0,0,0,0,0,0,0,0,-140000,0,0,0,70000,210000,-140000,-140000
057720,日電貿元富98購01,0,0,0,0,0,0,0,0,0,-140000,0,0,0,0,140000,-140000,-140000
059156,台灣50凱基01購03,0,0,0,0,0,0,0,0,0,-140000,0,0,0,0,140000,-140000,-140000
059559,T50反1凱基99購07,0,0,0,0,0,0,0,0,0,-140000,0,0,0,0,140000,-140000,-140000
064959,巨大凱基9C購02  ,0,0,0,0,0,0,0,0,0,-140000,0,0,0,73000,213000,-140000,-140000
066369,瀚宇博中信01購01,0,0,0,0,0,0,0,0,0,-141000,0,0,0,124000,265000,-141000,-141000
065615,南電元大01購03  ,0,0,0,0,0,0,0,0,0,-141000,0,0,0,1000,142000,-141000,-141000
065525,瑞儀群益01購01  ,0,0,0,0,0,0,0,0,0,-141000,0,0,0,31000,172000,-141000,-141000
057531,禾伸堂元大99購04,0,0,0,0,0,0,0,0,0,-141000,0,0,0,0,141000,-141000,-141000
054628,可成凱基98購01  ,0,0,0,0,0,0,0,0,0,-141000,0,0,0,0,141000,-141000,-141000
00693U,街口S&P黃豆     ,15000,15000,0,0,0,0,0,0,0,-141000,0,0,0,499000,640000,-141000,-141000
061123,燿華永豐9A購01  ,0,0,0,0,0,0,0,0,0,-141000,0,0,0,146000,287000,-141000,-141000
065336,華新統一02購01  ,0,0,0,0,0,0,0,0,0,-141000,0,0,0,217000,358000,-141000,-141000
9136,巨騰-DR         ,12000,153000,-141000,0,0,0,0,0,0,0,4000,4000,0,0,0,0,-141000
4560,強信-KY         ,182000,323000,-141000,0,0,0,0,0,0,0,0,0,0,0,0,0,-141000
066295,昇陽半元大01購01,0,0,0,0,0,0,0,0,0,-142000,0,0,0,56000,198000,-142000,-142000
066348,松翰永豐01購01  ,0,0,0,0,0,0,0,0,0,-142000,0,0,0,162000,304000,-142000,-142000
08262P,茂林元大9C售01  ,0,0,0,0,0,0,0,0,0,-142000,0,0,0,40000,182000,-142000,-142000
052987,華新科元大99購01,0,0,0,0,0,0,0,0,0,-142000,0,0,0,0,142000,-142000,-142000
065128,大成鋼兆豐9C購01,0,0,0,0,0,0,0,0,0,-142000,0,0,0,0,142000,-142000,-142000
08726P,台積電群益01售07,0,0,0,0,0,0,0,0,0,-143000,0,0,0,0,143000,-143000,-143000
07489P,國巨國票9A售07  ,0,0,0,0,0,0,0,0,0,-143000,0,0,0,0,143000,-143000,-143000
065973,嘉晶元大01購03  ,0,0,0,0,0,0,0,0,0,-143000,0,0,0,0,143000,-143000,-143000
057287,彩晶元大9C購03  ,0,0,0,0,0,0,0,0,0,-143000,0,0,0,117000,260000,-143000,-143000
064906,台表科群益9C購02,0,0,0,0,0,0,0,0,0,-143000,0,0,0,27000,170000,-143000,-143000
065854,臻鼎元大9C購05  ,0,0,0,0,0,0,0,0,0,-144000,0,0,0,88000,232000,-144000,-144000
065654,台表科元大9C購12,0,0,0,0,0,0,0,0,0,-144000,0,0,0,154000,298000,-144000,-144000
056954,聯詠富邦9A購01  ,0,0,0,0,0,0,0,0,0,-144000,0,0,0,373000,517000,-144000,-144000
065773,鴻海國票03購01  ,0,0,0,0,0,0,0,0,0,-145000,0,0,0,43000,188000,-145000,-145000
06983P,台積電國泰9A售02,0,0,0,0,0,0,0,0,0,-145000,0,0,0,0,145000,-145000,-145000
057041,國巨元大99購04  ,0,0,0,0,0,0,0,0,0,-145000,0,0,0,66000,211000,-145000,-145000
06333P,臺股指群益9C售02,0,0,0,0,0,0,0,0,0,-145000,0,0,0,130000,275000,-145000,-145000
07991P,鴻海群益9C售02  ,0,0,0,0,0,0,0,0,0,-146000,0,0,0,11000,157000,-146000,-146000
08201P,祥碩元大9B售09  ,0,0,0,0,0,0,0,0,0,-146000,0,0,0,76000,222000,-146000,-146000
058670,鴻海群益9A購03  ,0,0,0,0,0,0,0,0,0,-146000,0,0,0,20000,166000,-146000,-146000
3062,建漢            ,251000,397000,-146000,0,0,0,0,0,0,0,0,0,0,0,0,0,-146000
2421,建準            ,511000,542000,-31000,0,0,0,0,41000,-41000,-74000,0,0,0,4000,78000,-74000,-146000
1215,卜蜂            ,12000,163000,-151000,0,0,0,1000,0,1000,3000,0,0,0,3000,0,3000,-147000
060908,金像電元大9A購03,0,0,0,0,0,0,0,0,0,-147000,0,0,0,63000,210000,-147000,-147000
061441,大毅永豐9A購04  ,0,0,0,0,0,0,0,0,0,-147000,0,0,0,0,147000,-147000,-147000
064766,矽創凱基9C購01  ,0,0,0,0,0,0,0,0,0,-147000,0,0,0,71000,218000,-147000,-147000
065760,和碩元大9C購02  ,0,0,0,0,0,0,0,0,0,-148000,0,0,0,42000,190000,-148000,-148000
061737,南亞科凱基9B購01,0,0,0,0,0,0,0,0,0,-148000,0,0,0,0,148000,-148000,-148000
059297,大立光元富9C購01,0,0,0,0,0,0,0,0,0,-148000,0,0,0,137000,285000,-148000,-148000
060984,南亞科元大9A購07,0,0,0,0,0,0,0,0,0,-148000,0,0,0,0,148000,-148000,-148000
060194,旭富元富9A購01  ,0,0,0,0,0,0,0,0,0,-148000,0,0,0,128000,276000,-148000,-148000
060031,旭富永豐99購02  ,0,0,0,0,0,0,0,0,0,-148000,0,0,0,0,148000,-148000,-148000
062982,同欣電元富9B購01,0,0,0,0,0,0,0,0,0,-148000,0,0,0,318000,466000,-148000,-148000
2534,宏盛            ,21000,169000,-148000,0,0,0,0,0,0,0,0,0,0,0,0,0,-148000
065490,國巨國泰02購02  ,0,0,0,0,0,0,0,0,0,-149000,0,0,0,20000,169000,-149000,-149000
055966,茂林元大99購01  ,0,0,0,0,0,0,0,0,0,-149000,0,0,0,91000,240000,-149000,-149000
2929,淘帝-KY         ,39000,188000,-149000,0,0,0,0,0,0,0,0,0,0,0,0,0,-149000
4952,凌通            ,73000,222000,-149000,0,0,0,0,0,0,0,0,0,0,0,0,0,-149000
065868,燿華群益02購01  ,0,0,0,0,0,0,0,0,0,-150000,0,0,0,25000,175000,-150000,-150000
066356,嘉基永豐01購01  ,0,0,0,0,0,0,0,0,0,-150000,0,0,0,166000,316000,-150000,-150000
066742,健策元大02購03  ,0,0,0,0,0,0,0,0,0,-150000,0,0,0,17000,167000,-150000,-150000
054959,禾伸堂元大98購01,0,0,0,0,0,0,0,0,0,-150000,0,0,0,14000,164000,-150000,-150000
059296,大立光元富99購06,0,0,0,0,0,0,0,0,0,-150000,0,0,0,284000,434000,-150000,-150000
062904,台光電元大9B購06,0,0,0,0,0,0,0,0,0,-150000,0,0,0,2000,152000,-150000,-150000
065189,台郡統一9C購03  ,0,0,0,0,0,0,0,0,0,-150000,0,0,0,6000,156000,-150000,-150000
2208,台船            ,396000,529000,-133000,0,0,0,0,0,0,-17000,0,0,0,1000,18000,-17000,-150000
1736,喬山            ,264000,384000,-120000,0,0,0,0,0,0,-30000,0,0,0,6000,36000,-30000,-150000
03451B,臺股指凱基9C熊23,0,0,0,0,0,0,0,0,0,-151000,0,0,0,52000,203000,-151000,-151000
060455,葡萄王元大9A購02,0,0,0,0,0,0,0,0,0,-151000,0,0,0,66000,217000,-151000,-151000
06438P,玉晶光國票99售02,0,0,0,0,0,0,0,0,0,-151000,0,0,0,0,151000,-151000,-151000
064212,可成凱基03購01  ,0,0,0,0,0,0,0,0,0,-151000,0,0,0,101000,252000,-151000,-151000
2231,為升            ,188000,210857,-22857,0,0,0,0,0,0,-129000,0,107000,-107000,5000,27000,-22000,-151857
066625,瑞昱凱基02購01  ,0,0,0,0,0,0,0,0,0,-152000,0,0,0,10000,162000,-152000,-152000
066148,美利達群益01購02,0,0,0,0,0,0,0,0,0,-152000,0,0,0,124000,276000,-152000,-152000
065605,義隆元大01購02  ,0,0,0,0,0,0,0,0,0,-152000,0,0,0,284000,436000,-152000,-152000
058547,世紀鋼富邦9A購01,0,0,0,0,0,0,0,0,0,-153000,0,0,0,0,153000,-153000,-153000
063547,大立光兆豐9B購04,0,0,0,0,0,0,0,0,0,-153000,0,0,0,0,153000,-153000,-153000
065027,玉晶光中信03購01,0,0,0,0,0,0,0,0,0,-153000,0,0,0,162000,315000,-153000,-153000
3607,谷崧            ,10000,162000,-152000,0,0,0,0,0,0,-1000,0,1000,-1000,0,0,0,-153000
066403,台郡凱基01購02  ,0,0,0,0,0,0,0,0,0,-154000,0,0,0,7000,161000,-154000,-154000
055689,台郡凱基99購01  ,0,0,0,0,0,0,0,0,0,-154000,0,0,0,0,154000,-154000,-154000
064613,聯電元大9C購05  ,0,0,0,0,0,0,0,0,0,-154000,0,0,0,101000,255000,-154000,-154000
063214,康控國票9C購01  ,0,0,0,0,0,0,0,0,0,-154000,0,0,0,8000,162000,-154000,-154000
2538,基泰            ,7000,160000,-153000,0,0,0,0,0,0,-1000,0,1000,-1000,0,0,0,-154000
066296,昇陽半元大01購02,0,0,0,0,0,0,0,0,0,-155000,0,0,0,99000,254000,-155000,-155000
066543,大成鋼元大01購02,0,0,0,0,0,0,0,0,0,-155000,0,0,0,6000,161000,-155000,-155000
08011P,玉晶光元大9B售05,0,0,0,0,0,0,0,0,0,-155000,0,0,0,0,155000,-155000,-155000
07855P,旺宏凱基9A售09  ,0,0,0,0,0,0,0,0,0,-155000,0,0,0,0,155000,-155000,-155000
07768P,緯穎群益9A售02  ,0,0,0,0,0,0,0,0,0,-155000,0,0,0,100000,255000,-155000,-155000
062823,台表科兆豐9B購01,0,0,0,0,0,0,0,0,0,-155000,0,0,0,0,155000,-155000,-155000
064080,宏達電中信06購01,0,0,0,0,0,0,0,0,0,-155000,0,0,0,50000,205000,-155000,-155000
064037,寶成元大9C購02  ,0,0,0,0,0,0,0,0,0,-155000,0,0,0,17000,172000,-155000,-155000
064645,義隆凱基03購01  ,0,0,0,0,0,0,0,0,0,-155000,0,0,0,67000,222000,-155000,-155000
2911,麗嬰房          ,15000,170000,-155000,0,0,0,0,0,0,0,0,0,0,0,0,0,-155000
2228,劍麟            ,28000,174000,-146000,0,0,0,0,0,0,-9000,0,0,0,1000,10000,-9000,-155000
2388,威盛            ,1823000,1978000,-155000,0,0,0,0,0,0,0,0,0,0,0,0,0,-155000
08422P,玉晶光群益02售03,0,0,0,0,0,0,0,0,0,-156000,0,0,0,1000,157000,-156000,-156000
066377,健策兆豐01購02  ,0,0,0,0,0,0,0,0,0,-156000,0,0,0,39000,195000,-156000,-156000
065033,和碩兆豐9C購01  ,0,0,0,0,0,0,0,0,0,-156000,0,0,0,44000,200000,-156000,-156000
065235,旭富凱基02購01  ,0,0,0,0,0,0,0,0,0,-156000,0,0,0,204000,360000,-156000,-156000
064153,中壽統一9C購01  ,0,0,0,0,0,0,0,0,0,-156000,0,0,0,0,156000,-156000,-156000
063077,巨大永豐9B購03  ,0,0,0,0,0,0,0,0,0,-156000,0,0,0,100000,256000,-156000,-156000
5388,中磊            ,1356000,1232000,124000,0,0,0,0,0,0,-280000,0,60000,-60000,1000,221000,-220000,-156000
6591,動力-KY         ,401000,557000,-156000,0,0,0,0,0,0,0,0,0,0,0,0,0,-156000
065636,台表科國票01購03,0,0,0,0,0,0,0,0,0,-157000,0,0,0,47000,204000,-157000,-157000
06765P,欣興元大98售11  ,0,0,0,0,0,0,0,0,0,-157000,0,0,0,3000,160000,-157000,-157000
058796,可成元大99購04  ,0,0,0,0,0,0,0,0,0,-157000,0,0,0,94000,251000,-157000,-157000
063893,微星群益9C購01  ,0,0,0,0,0,0,0,0,0,-157000,0,0,0,26000,183000,-157000,-157000
06962P,華新科永豐99售01,0,0,0,0,0,0,0,0,0,-158000,0,0,0,134000,292000,-158000,-158000
058342,鴻海群益9A購01  ,0,0,0,0,0,0,0,0,0,-158000,0,0,0,50000,208000,-158000,-158000
060169,群電永豐9A購01  ,0,0,0,0,0,0,0,0,0,-158000,0,0,0,0,158000,-158000,-158000
058472,亞德客凱基9A購01,0,0,0,0,0,0,0,0,0,-158000,0,0,0,80000,238000,-158000,-158000
062363,燿華元大9B購03  ,0,0,0,0,0,0,0,0,0,-158000,0,0,0,2000,160000,-158000,-158000
064024,漢唐元大9C購01  ,0,0,0,0,0,0,0,0,0,-158000,0,0,0,15000,173000,-158000,-158000
2010,春源            ,27000,136095,-109095,0,0,0,0,0,0,-49000,0,49000,-49000,0,0,0,-158095
08042P,臺股指群益9B售15,0,0,0,0,0,0,0,0,0,-159000,0,0,0,0,159000,-159000,-159000
061366,台勝科國票9A購01,0,0,0,0,0,0,0,0,0,-159000,0,0,0,1000,160000,-159000,-159000
065177,旭富元大9C購05  ,0,0,0,0,0,0,0,0,0,-159000,0,0,0,232000,391000,-159000,-159000
07080P,健策群益9A售01  ,0,0,0,0,0,0,0,0,0,-160000,0,0,0,100000,260000,-160000,-160000
07208P,台積電凱基99售14,0,0,0,0,0,0,0,0,0,-160000,0,0,0,0,160000,-160000,-160000
08361P,玉晶光永豐9C售04,0,0,0,0,0,0,0,0,0,-160000,0,0,0,40000,200000,-160000,-160000
065869,微星群益02購01  ,0,0,0,0,0,0,0,0,0,-160000,0,0,0,0,160000,-160000,-160000
066487,聯詠元富01購03  ,0,0,0,0,0,0,0,0,0,-160000,0,0,0,25000,185000,-160000,-160000
066612,台積電麥證01購04,0,0,0,0,160000,-160000,0,0,0,-160000,0,0,0,0,160000,-160000,-160000
058723,元石油國泰9A購01,0,0,0,0,0,0,0,0,0,-160000,0,0,0,0,160000,-160000,-160000
058944,元石油群益9C購02,0,0,0,0,0,0,0,0,0,-160000,0,0,0,0,160000,-160000,-160000
064156,大立光統一01購06,0,0,0,0,0,0,0,0,0,-160000,0,0,0,30000,190000,-160000,-160000
063552,晶技國票9B購03  ,0,0,0,0,0,0,0,0,0,-160000,0,0,0,118000,278000,-160000,-160000
063336,大成鋼統一9C購02,0,0,0,0,0,0,0,0,0,-160000,0,0,0,108000,268000,-160000,-160000
6672,騰輝電子-KY     ,21000,171620,-150620,0,0,0,0,0,0,-10000,0,10000,-10000,0,0,0,-160620
065838,鴻海元大03購01  ,0,0,0,0,0,0,0,0,0,-161000,0,0,0,90000,251000,-161000,-161000
08494P,世芯元大9C售02  ,0,0,0,0,0,0,0,0,0,-161000,0,0,0,60000,221000,-161000,-161000
062669,微星中信03購01  ,0,0,0,0,0,0,0,0,0,-161000,0,0,0,10000,171000,-161000,-161000
062874,微星兆豐9B購01  ,0,0,0,0,0,0,0,0,0,-161000,0,0,0,215000,376000,-161000,-161000
063648,台表科元大9C購05,0,0,0,0,0,0,0,0,0,-161000,0,0,0,67000,228000,-161000,-161000
6120,達運            ,449000,610000,-161000,0,0,0,0,0,0,0,0,0,0,0,0,0,-161000
065945,鴻海統一02購01  ,0,0,0,0,0,0,0,0,0,-162000,0,0,0,914000,1076000,-162000,-162000
062534,力成統一01購01  ,0,0,0,0,0,0,0,0,0,-162000,0,0,0,100000,262000,-162000,-162000
064175,華通國泰02購01  ,0,0,0,0,0,0,0,0,0,-162000,0,0,0,0,162000,-162000,-162000
07558P,玉晶光元大9A售10,0,0,0,0,0,0,0,0,0,-163000,0,0,0,101000,264000,-163000,-163000
054542,台表科國票98購01,150000,0,150000,0,0,0,0,0,0,-313000,0,0,0,141000,454000,-313000,-163000
062414,臻鼎中信01購01  ,0,0,0,0,0,0,0,0,0,-163000,0,0,0,44000,207000,-163000,-163000
058971,台積電永豐99購03,0,0,0,0,0,0,0,0,0,-163000,0,0,0,0,163000,-163000,-163000
063919,大立光元富03購01,0,0,0,0,0,0,0,0,0,-163000,0,0,0,186000,349000,-163000,-163000
063135,國巨統一9B購16  ,0,0,0,0,0,0,0,0,0,-163000,0,0,0,0,163000,-163000,-163000
07450P,鴻海元大9A售03  ,0,0,0,0,0,0,0,0,0,-164000,0,0,0,0,164000,-164000,-164000
058051,同欣電元大98購03,0,0,0,0,0,0,0,0,0,-164000,0,0,0,94000,258000,-164000,-164000
061344,禾伸堂元大9A購02,10000,0,10000,0,0,0,0,0,0,-174000,0,0,0,109000,283000,-174000,-164000
060761,南亞科元大9A購05,0,0,0,0,0,0,0,0,0,-164000,0,0,0,6000,170000,-164000,-164000
064144,智邦統一01購02  ,0,0,0,0,0,0,0,0,0,-164000,0,0,0,69000,233000,-164000,-164000
065055,臺股指凱基02購04,0,0,0,0,0,0,0,0,0,-164000,0,0,0,137000,301000,-164000,-164000
1605,華新            ,1533000,2204000,-671000,0,0,0,8000,7000,1000,506000,27000,0,27000,645000,166000,479000,-164000
06905P,上証2X國泰99售02,0,0,0,0,0,0,0,0,0,-165000,0,0,0,35000,200000,-165000,-165000
066687,國巨元富07購05  ,0,0,0,0,0,0,0,0,0,-165000,0,0,0,0,165000,-165000,-165000
060654,大毅群益9B購01  ,0,0,0,0,0,0,0,0,0,-165000,0,0,0,0,165000,-165000,-165000
062333,嘉晶統一9C購01  ,0,0,0,0,0,0,0,0,0,-165000,0,0,0,394000,559000,-165000,-165000
06545P,致茂元大98售01  ,0,0,0,0,0,0,0,0,0,-165000,0,0,0,0,165000,-165000,-165000
07789P,緯穎群益9A售03  ,0,0,0,0,0,0,0,0,0,-166000,0,0,0,9000,175000,-166000,-166000
061661,京鼎永豐9A購02  ,0,0,0,0,0,0,0,0,0,-166000,0,0,0,253000,419000,-166000,-166000
064784,祥碩群益9C購01  ,0,0,0,0,0,0,0,0,0,-166000,0,0,0,121000,287000,-166000,-166000
08517P,奇力新群益9C售03,0,0,0,0,0,0,0,0,0,-167000,0,0,0,9000,176000,-167000,-167000
066407,昇陽半凱基01購01,0,0,0,0,0,0,0,0,0,-167000,0,0,0,82000,249000,-167000,-167000
064811,華擎元大01購01  ,0,0,0,0,0,0,0,0,0,-167000,0,0,0,2000,169000,-167000,-167000
4976,佳凌            ,131000,298000,-167000,0,0,0,0,0,0,0,0,0,0,0,0,0,-167000
065431,大立光凱基02購02,0,0,0,0,0,0,0,0,0,-168000,0,0,0,75000,243000,-168000,-168000
2536,宏普            ,22000,190000,-168000,0,0,0,0,0,0,0,0,0,0,0,0,0,-168000
065991,牧德永豐01購01  ,0,0,0,0,0,0,0,0,0,-169000,0,0,0,133000,302000,-169000,-169000
057621,崇越凱基98購01  ,0,0,0,0,0,0,0,0,0,-169000,0,0,0,160000,329000,-169000,-169000
064103,大立光群益9C購03,0,0,0,0,0,0,0,0,0,-169000,0,0,0,11000,180000,-169000,-169000
063897,神達群益9C購01  ,0,0,0,0,0,0,0,0,0,-169000,0,0,0,38000,207000,-169000,-169000
065507,亞德客群益01購02,0,0,0,0,0,0,0,0,0,-170000,0,0,0,88000,258000,-170000,-170000
066602,滬深2X富邦03購01,0,0,0,0,0,0,0,0,0,-170000,0,0,0,30000,200000,-170000,-170000
08587P,聯發科中信01售05,0,0,0,0,0,0,0,0,0,-170000,0,0,0,0,170000,-170000,-170000
08353P,聯電元大9C售04  ,0,0,0,0,0,0,0,0,0,-170000,0,0,0,0,170000,-170000,-170000
07408P,台積電兆豐99售06,0,0,0,0,0,0,0,0,0,-170000,0,0,0,0,170000,-170000,-170000
057408,台郡群益98購01  ,0,0,0,0,0,0,0,0,0,-170000,0,0,0,51000,221000,-170000,-170000
060816,世紀鋼凱基9C購02,0,0,0,0,0,0,0,0,0,-170000,0,0,0,0,170000,-170000,-170000
062458,全新群益9B購03  ,0,0,0,0,0,0,0,0,0,-170000,0,0,0,301000,471000,-170000,-170000
062666,和碩群益9B購01  ,0,0,0,0,0,0,0,0,0,-170000,0,0,0,47000,217000,-170000,-170000
064926,臻鼎統一02購01  ,0,0,0,0,0,0,0,0,0,-170000,0,0,0,659000,829000,-170000,-170000
064334,可成元大01購01  ,0,0,0,0,0,0,0,0,0,-170000,0,0,0,50000,220000,-170000,-170000
3094,聯傑            ,99000,266000,-167000,0,0,0,0,0,0,-3000,0,3000,-3000,0,0,0,-170000
056605,台積電富邦9B購02,0,0,0,0,0,0,0,0,0,-171000,0,0,0,576000,747000,-171000,-171000
056204,嘉澤永豐97購01  ,0,0,0,0,0,0,0,0,0,-171000,0,0,0,0,171000,-171000,-171000
066165,大毅凱基01購01  ,0,0,0,0,0,0,0,0,0,-172000,0,0,0,56000,228000,-172000,-172000
066131,群光群益02購01  ,0,0,0,0,0,0,0,0,0,-172000,0,0,0,10000,182000,-172000,-172000
066101,微星國票02購01  ,0,0,0,0,0,0,0,0,0,-172000,0,0,0,20000,192000,-172000,-172000
065533,台光電統一02購03,0,0,0,0,0,0,0,0,0,-173000,0,0,0,20000,193000,-173000,-173000
07497P,鴻海元大9A售06  ,0,0,0,0,0,0,0,0,0,-173000,0,0,0,0,173000,-173000,-173000
052203,T50反1中信99購03,0,0,0,0,0,0,0,0,0,-173000,0,0,0,2000,175000,-173000,-173000
057573,京鼎永豐98購02  ,0,0,0,0,0,0,0,0,0,-173000,0,0,0,100000,273000,-173000,-173000
057699,可成群益9A購02  ,0,0,0,0,0,0,0,0,0,-173000,0,0,0,0,173000,-173000,-173000
062089,矽創元大9B購02  ,0,0,0,0,0,0,0,0,0,-173000,0,0,0,257000,430000,-173000,-173000
064531,旭富兆豐9C購01  ,0,0,0,0,0,0,0,0,0,-173000,0,0,0,589000,762000,-173000,-173000
064711,國喬統一02購01  ,0,0,0,0,0,0,0,0,0,-173000,0,0,0,96000,269000,-173000,-173000
063267,台表科中信01購02,0,0,0,0,0,0,0,0,0,-173000,0,0,0,28000,201000,-173000,-173000
066042,正崴元大02購01  ,0,0,0,0,0,0,0,0,0,-174000,0,0,0,70000,244000,-174000,-174000
065897,凌華統一03購01  ,0,0,0,0,0,0,0,0,0,-174000,0,0,0,60000,234000,-174000,-174000
066439,信錦群益02購01  ,0,0,0,0,0,0,0,0,0,-174000,0,0,0,0,174000,-174000,-174000
064180,國巨富邦02購03  ,0,0,0,0,0,0,0,0,0,-174000,0,0,0,25000,199000,-174000,-174000
064665,南亞科元大9C購06,0,0,0,0,0,0,0,0,0,-174000,0,0,0,0,174000,-174000,-174000
064805,金像電元大9C購04,0,0,0,0,0,0,0,0,0,-174000,0,0,0,4000,178000,-174000,-174000
064352,嘉聯益元大9C購01,0,0,0,0,0,0,0,0,0,-174000,0,0,0,185000,359000,-174000,-174000
066751,矽創元大01購03  ,0,0,0,0,0,0,0,0,0,-175000,0,0,0,66000,241000,-175000,-175000
07706P,長榮航元大9A售03,0,0,0,0,0,0,0,0,0,-175000,0,0,0,25000,200000,-175000,-175000
07057P,大立光康和9B售02,0,0,0,0,0,0,0,0,0,-175000,0,0,0,125000,300000,-175000,-175000
07034P,大立光元富99售03,0,0,0,0,0,0,0,0,0,-175000,0,0,0,63000,238000,-175000,-175000
08520P,和大元大9C售04  ,0,0,0,0,0,0,0,0,0,-175000,0,0,0,25000,200000,-175000,-175000
058911,茂林元大99購04  ,0,0,0,0,0,0,0,0,0,-175000,0,0,0,75000,250000,-175000,-175000
058769,友達兆豐99購01  ,0,0,0,0,0,0,0,0,0,-175000,0,0,0,110000,285000,-175000,-175000
08543P,世芯國票01售02  ,0,0,0,0,0,0,0,0,0,-176000,0,0,0,7000,183000,-176000,-176000
06742P,可成富邦99售02  ,0,0,0,0,0,0,0,0,0,-176000,0,0,0,0,176000,-176000,-176000
056512,易華電永豐98購01,0,0,0,0,0,0,0,0,0,-176000,0,0,0,50000,226000,-176000,-176000
064209,燿華凱基01購01  ,0,0,0,0,0,0,0,0,0,-176000,0,0,0,3000,179000,-176000,-176000
064132,神達元大9C購02  ,0,0,0,0,0,0,0,0,0,-176000,0,0,0,0,176000,-176000,-176000
063305,亞光凱基9B購01  ,0,0,0,0,0,0,0,0,0,-176000,0,0,0,205000,381000,-176000,-176000
07579P,聯茂元大9A售01  ,0,0,0,0,0,0,0,0,0,-177000,0,0,0,136000,313000,-177000,-177000
08628P,微星中信9C售01  ,0,0,0,0,0,0,0,0,0,-177000,0,0,0,37000,214000,-177000,-177000
066185,松翰凱基01購01  ,0,0,0,0,0,0,0,0,0,-177000,0,0,0,197000,374000,-177000,-177000
057468,台郡永豐98購01  ,0,0,0,0,0,0,0,0,0,-177000,0,0,0,2000,179000,-177000,-177000
00757,統一FANG+       ,3000,0,3000,0,0,0,0,0,0,-180000,0,0,0,389000,569000,-180000,-177000
060862,美律永豐9A購01  ,0,0,0,0,0,0,0,0,0,-177000,0,0,0,265000,442000,-177000,-177000
065718,健策中信9C購02  ,0,0,0,0,0,0,0,0,0,-178000,0,0,0,277000,455000,-178000,-178000
08427P,義隆國票9C售01  ,0,0,0,0,0,0,0,0,0,-178000,0,0,0,20000,198000,-178000,-178000
062650,南電富邦01購01  ,0,0,0,0,0,0,0,0,0,-178000,0,0,0,35000,213000,-178000,-178000
061780,國巨群益9C購01  ,0,0,0,0,0,0,0,0,0,-178000,0,0,0,0,178000,-178000,-178000
063644,祥碩元大9B購10  ,0,0,0,0,0,0,0,0,0,-178000,0,0,0,36000,214000,-178000,-178000
065180,台表科元大9C購10,0,0,0,0,0,0,0,0,0,-178000,0,0,0,94000,272000,-178000,-178000
066629,國揚凱基01購01  ,0,0,0,0,0,0,0,0,0,-179000,0,0,0,0,179000,-179000,-179000
061165,美律兆豐9A購01  ,0,0,0,0,0,0,0,0,0,-179000,0,0,0,73000,252000,-179000,-179000
060983,南亞科元大9A購06,0,0,0,0,0,0,0,0,0,-179000,0,0,0,0,179000,-179000,-179000
064070,祥碩永豐9C購01  ,0,0,0,0,0,0,0,0,0,-179000,0,0,0,100000,279000,-179000,-179000
065508,大成鋼群益01購01,0,0,0,0,0,0,0,0,0,-180000,0,0,0,0,180000,-180000,-180000
08407P,臺股指元大9C售13,0,0,0,0,0,0,0,0,0,-180000,0,0,0,10000,190000,-180000,-180000
08715P,創意元富07售02  ,0,0,0,0,0,0,0,0,0,-180000,0,0,0,8000,188000,-180000,-180000
08695P,嘉晶群益01售01  ,0,0,0,0,0,0,0,0,0,-180000,0,0,0,70000,250000,-180000,-180000
07575P,瑞昱元大9A售02  ,0,0,0,0,0,0,0,0,0,-180000,0,0,0,80000,260000,-180000,-180000
07703P,玉晶光中信9B售03,0,0,0,0,0,0,0,0,0,-180000,0,0,0,30000,210000,-180000,-180000
055821,勤誠國票98購01  ,0,0,0,0,0,0,0,0,0,-180000,0,0,0,0,180000,-180000,-180000
056375,玉晶光統一01購01,0,0,0,0,0,0,0,0,0,-180000,0,0,0,1719000,1899000,-180000,-180000
060361,南亞科元富9A購03,0,0,0,0,0,0,0,0,0,-180000,0,0,0,48000,228000,-180000,-180000
06746P,聯發科群益99售02,0,0,0,0,0,0,0,0,0,-181000,0,0,0,60000,241000,-181000,-181000
053919,可成國票97購02  ,0,0,0,0,0,0,0,0,0,-181000,0,0,0,0,181000,-181000,-181000
058645,康控富邦01購01  ,0,0,0,0,0,0,0,0,0,-181000,0,0,0,704000,885000,-181000,-181000
2362,藍天            ,10000,110000,-100000,0,0,0,0,0,0,-81000,0,73000,-73000,0,8000,-8000,-181000
08701P,景碩康和01售02  ,0,0,0,0,0,0,0,0,0,-182000,0,0,0,0,182000,-182000,-182000
08559P,瑞昱國票9C售01  ,0,0,0,0,0,0,0,0,0,-182000,0,0,0,3000,185000,-182000,-182000
061625,聯茂群益9A購02  ,0,0,0,0,0,0,0,0,0,-182000,0,0,0,0,182000,-182000,-182000
062565,漢唐中信9C購01  ,0,0,0,0,0,0,0,0,0,-182000,0,0,0,48000,230000,-182000,-182000
2723,美食-KY         ,40000,190000,-150000,0,0,0,0,0,0,-32000,0,29000,-29000,3000,6000,-3000,-182000
4934,太極            ,481000,663000,-182000,0,0,0,0,0,0,0,0,0,0,0,0,0,-182000
063320,旭富群益9B購03  ,0,0,0,0,0,0,0,0,0,-183000,0,0,0,67000,250000,-183000,-183000
2474,可成            ,922000,1107000,-185000,0,0,0,0,11000,-11000,13000,6000,15000,-9000,31000,9000,22000,-183000
055036,中工富邦9B購01  ,0,0,0,0,0,0,0,0,0,-184000,0,0,0,85000,269000,-184000,-184000
08106P,聯發科統一9B售09,0,0,0,0,0,0,0,0,0,-185000,0,0,0,0,185000,-185000,-185000
065827,正崴凱基9C購01  ,0,0,0,0,0,0,0,0,0,-185000,0,0,0,0,185000,-185000,-185000
055040,台虹富邦99購01  ,0,0,0,0,0,0,0,0,0,-185000,0,0,0,0,185000,-185000,-185000
061709,SP黃豆凱基01購02,0,0,0,0,0,0,0,0,0,-185000,0,0,0,0,185000,-185000,-185000
063107,矽創群益9B購01  ,0,0,0,0,0,0,0,0,0,-185000,0,0,0,69000,254000,-185000,-185000
08235P,南電國泰9C售03  ,0,0,0,0,0,0,0,0,0,-186000,0,0,0,100000,286000,-186000,-186000
08466P,旺宏統一9C售03  ,0,0,0,0,0,0,0,0,0,-186000,0,0,0,0,186000,-186000,-186000
07294P,滬深2X元富9C售08,0,0,0,0,0,0,0,0,0,-186000,0,0,0,60000,246000,-186000,-186000
065171,燿華元大9C購04  ,0,0,0,0,0,0,0,0,0,-186000,0,0,0,151000,337000,-186000,-186000
064743,聯詠國票01購01  ,0,0,0,0,0,0,0,0,0,-186000,0,0,0,11000,197000,-186000,-186000
1712,興農            ,135000,79000,56000,0,0,0,0,0,0,-242000,0,242000,-242000,0,0,0,-186000
062527,美律統一01購01  ,0,0,0,0,0,0,0,0,0,-187000,0,0,0,3000,190000,-187000,-187000
060072,國巨元富99購04  ,0,0,0,0,0,0,0,0,0,-187000,0,0,0,3000,190000,-187000,-187000
062108,晶豪科國票9B購01,0,0,0,0,0,0,0,0,0,-187000,0,0,0,28000,215000,-187000,-187000
064356,矽創元大01購01  ,0,0,0,0,0,0,0,0,0,-187000,0,0,0,92000,279000,-187000,-187000
4164,承業醫          ,216000,549000,-333000,0,0,0,0,0,0,146000,164000,18000,146000,0,0,0,-187000
065572,泰碩群益01購01  ,0,0,0,0,0,0,0,0,0,-188000,0,0,0,49000,237000,-188000,-188000
059189,國泰金富邦9B購01,0,0,0,0,0,0,0,0,0,-188000,0,0,0,4000,192000,-188000,-188000
065394,英業達群益9C購01,0,0,0,0,0,0,0,0,0,-188000,0,0,0,0,188000,-188000,-188000
065343,智邦統一01購03  ,0,0,0,0,0,0,0,0,0,-188000,0,0,0,41000,229000,-188000,-188000
063650,矽創元大9B購03  ,0,0,0,0,0,0,0,0,0,-188000,0,0,0,243000,431000,-188000,-188000
3533,嘉澤            ,668000,812000,-144000,0,0,0,198000,105116,92884,-137000,104000,113000,-9000,25000,153000,-128000,-188116
08084P,台表科元大9B售06,0,0,0,0,0,0,0,0,0,-189000,0,0,0,5000,194000,-189000,-189000
065098,致伸元大9C購02  ,0,0,0,0,0,0,0,0,0,-189000,0,0,0,110000,299000,-189000,-189000
064517,國巨群益02購01  ,0,0,0,0,0,0,0,0,0,-189000,0,0,0,48000,237000,-189000,-189000
064647,致伸凱基9C購01  ,0,0,0,0,0,0,0,0,0,-189000,0,0,0,0,189000,-189000,-189000
08306P,台積電凱基01售04,0,0,0,0,0,0,0,0,0,-190000,0,0,0,0,190000,-190000,-190000
061818,富邦金群益9C購01,0,0,0,0,0,0,0,0,0,-190000,0,0,0,23000,213000,-190000,-190000
065463,大立光中信01購02,0,0,0,0,0,0,0,0,0,-190000,0,0,0,916000,1106000,-190000,-190000
1718,中纖            ,463000,651995,-188995,0,0,0,0,0,0,-3000,2000,5000,-3000,0,0,0,-191995
055615,宏達電國票99購02,0,0,0,0,0,0,0,0,0,-192000,0,0,0,20000,212000,-192000,-192000
062407,同欣電永豐9B購01,0,0,0,0,0,0,0,0,0,-192000,0,0,0,334000,526000,-192000,-192000
062481,同欣電國票9B購01,0,0,0,0,0,0,0,0,0,-192000,0,0,0,20000,212000,-192000,-192000
060556,緯穎凱基9A購04  ,0,0,0,0,0,0,0,0,0,-192000,0,0,0,23000,215000,-192000,-192000
065976,牧德元大02購02  ,0,0,0,0,0,0,0,0,0,-193000,0,0,0,155000,348000,-193000,-193000
066105,松翰國票01購01  ,0,0,0,0,0,0,0,0,0,-193000,0,0,0,330000,523000,-193000,-193000
060410,台苯永豐9A購01  ,0,0,0,0,0,0,0,0,0,-193000,0,0,0,0,193000,-193000,-193000
063285,華擎元大9B購03  ,0,0,0,0,0,0,0,0,0,-193000,0,0,0,100000,293000,-193000,-193000
057385,光罩永豐99購01  ,0,0,0,0,0,0,0,0,0,-194000,0,0,0,422000,616000,-194000,-194000
057899,台積電永豐98購04,0,0,0,0,0,0,0,0,0,-194000,0,0,0,7000,201000,-194000,-194000
066570,力成元大02購01  ,0,0,0,0,0,0,0,0,0,-195000,0,0,0,0,195000,-195000,-195000
08554P,玉晶光國票01售06,0,0,0,0,0,0,0,0,0,-195000,0,0,0,213000,408000,-195000,-195000
08714P,華碩元富01售03  ,0,0,0,0,0,0,0,0,0,-195000,0,0,0,0,195000,-195000,-195000
1338,廣華-KY         ,19000,215000,-196000,0,0,0,0,0,0,0,0,0,0,0,0,0,-196000
07691P,宏達電元大9A售05,0,0,0,0,0,0,0,0,0,-196000,0,0,0,0,196000,-196000,-196000
066376,聯詠兆豐01購01  ,0,0,0,0,0,0,0,0,0,-196000,0,0,0,10000,206000,-196000,-196000
065843,瑞昱元大9C購03  ,0,0,0,0,0,0,0,0,0,-196000,0,0,0,400000,596000,-196000,-196000
065933,鴻海群益01購06  ,0,0,0,0,0,0,0,0,0,-196000,0,0,0,10000,206000,-196000,-196000
061398,力成中信9A購01  ,0,0,0,0,0,0,0,0,0,-196000,0,0,0,85000,281000,-196000,-196000
062476,神隆國票9B購01  ,0,0,0,0,0,0,0,0,0,-196000,0,0,0,165000,361000,-196000,-196000
065752,正崴元大9C購01  ,0,0,0,0,0,0,0,0,0,-197000,0,0,0,150000,347000,-197000,-197000
07451P,鴻海元大9B售01  ,0,0,0,0,0,0,0,0,0,-197000,0,0,0,0,197000,-197000,-197000
061633,統一元大9A購01  ,0,0,0,0,0,0,0,0,0,-197000,0,0,0,129000,326000,-197000,-197000
064154,大立光統一01購04,0,0,0,0,0,0,0,0,0,-197000,0,0,0,20000,217000,-197000,-197000
07357P,鴻海元大99售38  ,0,0,0,0,0,0,0,0,0,-198000,0,0,0,0,198000,-198000,-198000
08524P,奇力新元大9C售01,0,0,0,0,0,0,0,0,0,-198000,0,0,0,0,198000,-198000,-198000
08380P,GIS元大9C售06   ,0,0,0,0,0,0,0,0,0,-198000,0,0,0,4000,202000,-198000,-198000
060437,宏全永豐9A購01  ,0,0,0,0,0,0,0,0,0,-198000,0,0,0,82000,280000,-198000,-198000
058676,聯茂群益99購01  ,0,0,0,0,0,0,0,0,0,-198000,0,0,0,0,198000,-198000,-198000
060360,南亞科元富9A購02,0,0,0,0,0,0,0,0,0,-198000,0,0,0,97000,295000,-198000,-198000
063327,燿華國票9C購02  ,0,0,0,0,0,0,0,0,0,-198000,0,0,0,3000,201000,-198000,-198000
065138,上銀凱基02購01  ,0,0,0,0,0,0,0,0,0,-198000,0,0,0,52000,250000,-198000,-198000
1789,神隆            ,2259000,2475000,-216000,0,0,0,0,0,0,18000,0,194000,-194000,328000,116000,212000,-198000
08436P,TPK群益9C售04   ,0,0,0,0,0,0,0,0,0,-199000,0,0,0,0,199000,-199000,-199000
065919,禾伸堂凱基02購01,0,0,0,0,0,0,0,0,0,-199000,0,0,0,25000,224000,-199000,-199000
066160,美利達康和01購01,0,0,0,0,0,0,0,0,0,-199000,0,0,0,164000,363000,-199000,-199000
066716,高股息元大01購01,0,0,0,0,0,0,0,0,0,-200000,0,0,0,0,200000,-200000,-200000
066087,大毅永豐01購02  ,0,0,0,0,0,0,0,0,0,-200000,0,0,0,0,200000,-200000,-200000
066023,燿華群益01購02  ,0,0,0,0,0,0,0,0,0,-200000,0,0,0,0,200000,-200000,-200000
07382P,台積電群益9B售01,0,0,0,0,0,0,0,0,0,-200000,0,0,0,0,200000,-200000,-200000
07750P,台表科凱基9A售04,0,0,0,0,0,0,0,0,0,-200000,0,0,0,0,200000,-200000,-200000
07967P,力山元大9B售03  ,0,0,0,0,0,0,0,0,0,-200000,0,0,0,0,200000,-200000,-200000
046191,新光金凱基98購01,0,0,0,0,0,0,0,0,0,-200000,0,0,0,0,200000,-200000,-200000
061542,旺宏群益9A購04  ,0,0,0,0,0,0,0,0,0,-200000,0,0,0,10000,210000,-200000,-200000
058806,道瓊銀統一9B購01,0,0,0,0,0,0,0,0,0,-200000,0,0,0,0,200000,-200000,-200000
060742,臺指反國票9B購02,0,0,0,0,0,0,0,0,0,-200000,0,0,0,10000,210000,-200000,-200000
062697,國巨元大9C購01  ,0,0,0,0,0,0,0,0,0,-200000,0,0,0,0,200000,-200000,-200000
063555,SP黃豆元大9B購01,0,0,0,0,0,0,0,0,0,-200000,0,0,0,0,200000,-200000,-200000
063635,漢唐元大9B購04  ,0,0,0,0,0,0,0,0,0,-200000,0,0,0,35000,235000,-200000,-200000
08154P,上銀元富9B售04  ,0,0,0,0,0,0,0,0,0,-201000,0,0,0,19000,220000,-201000,-201000
059992,S&P正2元富9B購04,0,0,0,0,0,0,0,0,0,-201000,0,0,0,0,201000,-201000,-201000
064650,台表科凱基03購01,0,0,0,0,0,0,0,0,0,-201000,0,0,0,223000,424000,-201000,-201000
064493,南亞科元大9C購01,0,0,0,0,0,0,0,0,0,-201000,0,0,0,3000,204000,-201000,-201000
08093P,英業達元富9B售02,0,0,0,0,0,0,0,0,0,-202000,0,0,0,26000,228000,-202000,-202000
065907,南亞科永豐9C購01,0,0,0,0,0,0,0,0,0,-202000,0,0,0,0,202000,-202000,-202000
066164,精元凱基01購01  ,0,0,0,0,0,0,0,0,0,-202000,0,0,0,248000,450000,-202000,-202000
057298,旭富永豐98購01  ,0,0,0,0,0,0,0,0,0,-202000,0,0,0,144000,346000,-202000,-202000
062045,崇越凱基9B購01  ,0,10000,-10000,0,0,0,0,0,0,-192000,0,0,0,284000,476000,-192000,-202000
064546,燿華凱基02購01  ,0,0,0,0,0,0,0,0,0,-202000,0,0,0,2000,204000,-202000,-202000
064289,台郡元大9C購01  ,0,0,0,0,0,0,0,0,0,-202000,0,0,0,195000,397000,-202000,-202000
063476,台表科元大9C購03,0,0,0,0,0,0,0,0,0,-202000,0,0,0,104000,306000,-202000,-202000
063237,微星元大9B購02  ,0,0,0,0,0,0,0,0,0,-202000,0,0,0,61000,263000,-202000,-202000
066422,嘉晶元大02購01  ,0,0,0,0,0,0,0,0,0,-203000,0,0,0,70000,273000,-203000,-203000
08147P,聯發科群益9B售10,0,0,0,0,0,0,0,0,0,-203000,0,0,0,76000,279000,-203000,-203000
063586,燿華永豐9B購02  ,0,0,0,0,0,0,0,0,0,-203000,0,0,0,52000,255000,-203000,-203000
08530P,鴻海統一9C售19  ,0,0,0,0,0,0,0,0,0,-204000,0,0,0,0,204000,-204000,-204000
066303,泰山永豐01購01  ,0,0,0,0,0,0,0,0,0,-204000,0,0,0,58000,262000,-204000,-204000
066249,生達元大01購01  ,0,0,0,0,0,0,0,0,0,-205000,0,0,0,1156000,1361000,-205000,-205000
06937P,GIS元大98售03   ,0,0,0,0,0,0,0,0,0,-205000,0,0,0,0,205000,-205000,-205000
058197,國巨中信99購02  ,0,0,0,0,0,0,0,0,0,-205000,0,0,0,45000,250000,-205000,-205000
065450,同欣電統一01購03,0,0,0,0,0,0,0,0,0,-205000,0,0,0,306000,511000,-205000,-205000
065242,巨大凱基01購02  ,0,0,0,0,0,0,0,0,0,-205000,0,0,0,65000,270000,-205000,-205000
08696P,臺股指群益01售01,0,0,0,0,0,0,0,0,0,-206000,0,0,0,0,206000,-206000,-206000
08385P,臺股指群益9C售13,0,0,0,0,0,0,0,0,0,-206000,0,0,0,0,206000,-206000,-206000
066731,瑞昱元大01購01  ,0,0,0,0,0,0,0,0,0,-206000,0,0,0,103000,309000,-206000,-206000
064982,新唐元大9C購01  ,0,0,0,0,0,0,0,0,0,-206000,0,0,0,435000,641000,-206000,-206000
9919,康那香          ,295000,566000,-271000,0,0,0,0,0,0,65000,0,0,0,65000,0,65000,-206000
08367P,臺股指凱基9C售11,0,0,0,0,0,0,0,0,0,-207000,0,0,0,13000,220000,-207000,-207000
055652,聯詠元富01購01  ,0,0,0,0,0,0,0,0,0,-207000,0,0,0,118000,325000,-207000,-207000
00686R,群益臺灣加權反1 ,0,0,0,0,0,0,0,0,0,-207000,0,0,0,15000,222000,-207000,-207000
058328,世紀鋼統一9B購01,0,0,0,0,0,0,0,0,0,-207000,0,0,0,0,207000,-207000,-207000
08231P,上銀元富9B售10  ,0,0,0,0,0,0,0,0,0,-208000,0,0,0,67000,275000,-208000,-208000
060934,台汽電永豐9A購02,0,0,0,0,0,0,0,0,0,-208000,0,0,0,130000,338000,-208000,-208000
061587,美律富邦9A購02  ,0,0,0,0,0,0,0,0,0,-208000,0,0,0,20000,228000,-208000,-208000
064011,嘉晶國票9C購01  ,0,0,0,0,0,0,0,0,0,-208000,0,0,0,36000,244000,-208000,-208000
066236,潤泰全富邦01購01,0,0,0,0,0,0,0,0,0,-209000,0,0,0,0,209000,-209000,-209000
065876,牧德群益02購01  ,0,0,0,0,0,0,0,0,0,-209000,0,0,0,55000,264000,-209000,-209000
065753,正崴元大9C購02  ,0,0,0,0,0,0,0,0,0,-209000,0,0,0,101000,310000,-209000,-209000
064045,南亞科統一9C購04,0,0,0,0,0,0,0,0,0,-209000,0,0,0,18000,227000,-209000,-209000
066566,康控元大01購01  ,0,0,0,0,0,0,0,0,0,-210000,0,0,0,218000,428000,-210000,-210000
08596P,聯發科國泰02售02,0,0,0,0,0,0,0,0,0,-210000,0,0,0,80000,290000,-210000,-210000
07358P,鴻海元大99售39  ,0,0,0,0,0,0,0,0,0,-210000,0,0,0,30000,240000,-210000,-210000
057681,T50反1日盛9C購01,0,0,0,0,0,0,0,0,0,-210000,0,0,0,0,210000,-210000,-210000
055810,T50反1國票99購01,0,0,0,0,0,0,0,0,0,-210000,0,0,0,139000,349000,-210000,-210000
059194,元金2X永豐99購01,0,0,0,0,0,0,0,0,0,-210000,0,0,0,0,210000,-210000,-210000
060760,南亞科元大9A購04,0,0,0,0,0,0,0,0,0,-210000,0,0,0,0,210000,-210000,-210000
064998,T50反1國票02購01,0,0,0,0,0,0,0,0,0,-210000,0,0,0,0,210000,-210000,-210000
065485,巨大元大9C購02  ,0,0,0,0,0,0,0,0,0,-210000,0,0,0,8000,218000,-210000,-210000
064495,南亞科元大9C購03,0,0,0,0,0,0,0,0,0,-210000,0,0,0,0,210000,-210000,-210000
08080P,祥碩國票9B售03  ,0,0,0,0,0,0,0,0,0,-211000,0,0,0,14000,225000,-211000,-211000
056517,茂林兆豐99購01  ,0,0,0,0,0,0,0,0,0,-211000,0,0,0,30000,241000,-211000,-211000
059242,南亞科凱基99購06,0,0,0,0,0,0,0,0,0,-211000,0,0,0,50000,261000,-211000,-211000
4919,新唐            ,627000,765085,-138085,0,0,0,0,1000,-1000,-72000,5000,3000,2000,70000,144000,-74000,-211085
065892,聯發科統一02購04,0,0,0,0,0,0,0,0,0,-212000,0,0,0,195000,407000,-212000,-212000
061031,神隆永豐9A購02  ,0,0,0,0,0,0,0,0,0,-212000,0,0,0,335000,547000,-212000,-212000
066250,大成鋼元大01購01,0,0,0,0,0,0,0,0,0,-214000,0,0,0,9000,223000,-214000,-214000
07965P,玉晶光群益01售02,0,0,0,0,0,0,0,0,0,-214000,0,0,0,80000,294000,-214000,-214000
058925,旭富元富99購02  ,0,0,0,0,0,0,0,0,0,-214000,0,0,0,171000,385000,-214000,-214000
063134,裕隆統一01購01  ,0,0,0,0,0,0,0,0,0,-214000,0,0,0,26000,240000,-214000,-214000
066769,嘉基永豐01購02  ,0,0,0,0,0,0,0,0,0,-215000,0,0,0,0,215000,-215000,-215000
058431,國巨統一9B購01  ,0,0,0,0,0,0,0,0,0,-215000,0,0,0,480000,695000,-215000,-215000
062539,可成國泰01購01  ,0,0,0,0,0,0,0,0,0,-215000,0,0,0,99000,314000,-215000,-215000
062743,微星國泰01購01  ,0,0,0,0,0,0,0,0,0,-215000,0,0,0,11000,226000,-215000,-215000
061900,志超永豐9B購01  ,0,0,0,0,0,0,0,0,0,-215000,0,0,0,108000,323000,-215000,-215000
3532,台勝科          ,152000,254000,-102000,0,0,0,0,9000,-9000,-104000,0,0,0,19000,123000,-104000,-215000
061463,智邦群益9A購02  ,0,0,0,0,0,0,0,0,0,-216000,0,0,0,6000,222000,-216000,-216000
064698,致伸群益9C購01  ,0,0,0,0,0,0,0,0,0,-216000,0,0,0,0,216000,-216000,-216000
2456,奇力新          ,404000,600000,-196000,0,0,0,0,0,0,-20000,5000,0,5000,0,25000,-25000,-216000
056353,鴻海元大99購02  ,0,0,0,0,0,0,0,0,0,-217000,0,0,0,81000,298000,-217000,-217000
062292,旭富永豐9B購01  ,0,0,0,0,0,0,0,0,0,-217000,0,0,0,161000,378000,-217000,-217000
062253,燿華元大9B購02  ,0,0,0,0,0,0,0,0,0,-217000,0,0,0,52000,269000,-217000,-217000
065327,台表科凱基9C購02,0,0,0,0,0,0,0,0,0,-217000,0,0,0,25000,242000,-217000,-217000
066362,瑞昱中信05購01  ,0,0,0,0,0,0,0,0,0,-218000,0,0,0,23000,241000,-218000,-218000
055331,國巨兆豐99購01  ,0,0,0,0,0,0,0,0,0,-218000,0,0,0,110000,328000,-218000,-218000
063246,嘉晶元大9C購01  ,0,0,0,0,0,0,0,0,0,-218000,0,0,0,0,218000,-218000,-218000
066361,微星中信05購01  ,0,0,0,0,0,0,0,0,0,-219000,0,0,0,0,219000,-219000,-219000
06854P,鴻海富邦99售05  ,0,0,0,0,0,0,0,0,0,-219000,0,0,0,1000,220000,-219000,-219000
065524,康控群益01購01  ,0,0,0,0,0,0,0,0,0,-220000,0,0,0,289000,509000,-220000,-220000
057613,瑞昱元富02購02  ,0,0,0,0,0,0,0,0,0,-220000,0,0,0,12000,232000,-220000,-220000
062658,聯茂第一9B購01  ,0,0,0,0,0,0,0,0,0,-220000,0,0,0,0,220000,-220000,-220000
066308,中化永豐01購01  ,0,0,0,0,0,0,0,0,0,-221000,0,0,0,288000,509000,-221000,-221000
06371P,茂林國票98售04  ,0,0,0,0,0,0,0,0,0,-221000,0,0,0,0,221000,-221000,-221000
066203,景碩統一03購01  ,0,0,0,0,0,0,0,0,0,-222000,0,0,0,40000,262000,-222000,-222000
08535P,和大國票01售02  ,0,0,0,0,0,0,0,0,0,-222000,0,0,0,14000,236000,-222000,-222000
059852,康控永豐99購02  ,0,0,0,0,0,0,0,0,0,-222000,0,0,0,118000,340000,-222000,-222000
064619,南亞科元大9C購05,0,0,0,0,0,0,0,0,0,-222000,0,0,0,0,222000,-222000,-222000
064381,道瓊銀國泰02購01,0,0,0,0,0,0,0,0,0,-222000,0,0,0,40000,262000,-222000,-222000
064329,國巨元大01購03  ,0,0,0,0,0,0,0,0,0,-222000,0,0,0,0,222000,-222000,-222000
066140,鎧勝群益01購01  ,0,0,0,0,0,0,0,0,0,-223000,0,0,0,85000,308000,-223000,-223000
066431,台郡元大02購01  ,0,0,0,0,0,0,0,0,0,-223000,0,0,0,410000,633000,-223000,-223000
063545,華通兆豐9B購03  ,0,0,0,0,0,0,0,0,0,-223000,0,0,0,320000,543000,-223000,-223000
1514,亞力            ,442000,665000,-223000,0,0,0,0,0,0,0,0,0,0,0,0,0,-223000
057289,力成元大98購03  ,0,0,0,0,0,0,0,0,0,-224000,0,0,0,319000,543000,-224000,-224000
061906,統一中信9B購01  ,0,0,0,0,0,0,0,0,0,-224000,0,0,0,0,224000,-224000,-224000
07838P,泰碩元大9A售04  ,0,0,0,0,0,0,0,0,0,-225000,0,0,0,0,225000,-225000,-225000
062640,訊連國票9C購01  ,0,0,0,0,0,0,0,0,0,-225000,0,0,0,0,225000,-225000,-225000
065396,微星群益01購01  ,0,0,0,0,0,0,0,0,0,-225000,0,0,0,90000,315000,-225000,-225000
6668,中揚光          ,63000,281000,-218000,0,0,0,0,0,0,-7000,4000,11000,-7000,0,0,0,-225000
2328,廣宇            ,193000,418466,-225466,0,0,0,0,0,0,0,0,0,0,0,0,0,-225466
07976P,聯發科群益9C售02,0,0,0,0,0,0,0,0,0,-226000,0,0,0,101000,327000,-226000,-226000
066657,滬深2X凱基04購01,0,0,0,0,0,0,0,0,0,-226000,0,0,0,0,226000,-226000,-226000
065944,大成鋼統一02購01,0,0,0,0,0,0,0,0,0,-226000,0,0,0,0,226000,-226000,-226000
063289,台表科元大9B購07,0,0,0,0,0,0,0,0,0,-227000,0,0,0,78000,305000,-227000,-227000
08344P,旺宏元大01售02  ,0,0,0,0,0,0,0,0,0,-228000,0,0,0,25000,253000,-228000,-228000
1701,中化            ,1580000,2105000,-525000,0,0,0,0,0,0,297000,0,0,0,315000,18000,297000,-228000
065606,可成元大01購05  ,0,0,0,0,0,0,0,0,0,-229000,0,0,0,90000,319000,-229000,-229000
066651,創意康和01購04  ,0,0,0,0,0,0,0,0,0,-229000,0,0,0,4000,233000,-229000,-229000
066681,聯發科兆豐01購04,0,0,0,0,0,0,0,0,0,-229000,0,0,0,0,229000,-229000,-229000
062060,奇鋐統一9C購01  ,0,0,0,0,0,0,0,0,0,-229000,0,0,0,189000,418000,-229000,-229000
062936,鴻海凱基9B購07  ,0,0,0,0,0,0,0,0,0,-229000,0,0,0,69000,298000,-229000,-229000
065040,燿華凱基9C購01  ,0,0,0,0,0,0,0,0,0,-229000,0,0,0,0,229000,-229000,-229000
2461,光群雷          ,16000,245000,-229000,0,0,0,0,0,0,0,0,0,0,0,0,0,-229000
062382,燿華國泰9C購01  ,0,0,0,0,0,0,0,0,0,-230000,0,0,0,10000,240000,-230000,-230000
063703,晶豪科群益9B購02,0,0,0,0,0,0,0,0,0,-230000,0,0,0,193000,423000,-230000,-230000
057567,嘉聯益富邦9A購01,0,0,0,0,0,0,0,0,0,-232000,0,0,0,208000,440000,-232000,-232000
061819,茂林群益9B購01  ,0,0,0,0,0,0,0,0,0,-232000,0,0,0,13000,245000,-232000,-232000
063671,GIS統一01購01   ,0,0,0,0,0,0,0,0,0,-232000,0,0,0,119000,351000,-232000,-232000
064851,勤誠元富03購01  ,0,0,0,0,0,0,0,0,0,-232000,0,0,0,0,232000,-232000,-232000
066502,國巨富邦05購02  ,0,0,0,0,0,0,0,0,0,-233000,0,0,0,30000,263000,-233000,-233000
065909,大立光永豐9C購02,0,0,0,0,0,0,0,0,0,-233000,0,0,0,41000,274000,-233000,-233000
08396P,鴻海元富9C售04  ,0,0,0,0,0,0,0,0,0,-233000,0,0,0,25000,258000,-233000,-233000
06954P,大立光元富99售01,0,0,0,0,0,0,0,0,0,-233000,0,0,0,17000,250000,-233000,-233000
062026,華邦電群益9B購01,0,0,0,0,0,0,0,0,0,-233000,0,0,0,20000,253000,-233000,-233000
4536,拓凱            ,95000,325000,-230000,0,0,0,0,0,0,-3000,114000,61000,53000,13000,69000,-56000,-233000
059856,昇陽半永豐99購03,0,0,0,0,0,0,0,0,0,-234000,0,0,0,41000,275000,-234000,-234000
063307,同欣電凱基9B購02,0,0,0,0,0,0,0,0,0,-234000,0,0,0,150000,384000,-234000,-234000
6504,南六            ,89000,169000,-80000,0,0,0,0,98000,-98000,-56000,1000,25000,-24000,4000,36000,-32000,-234000
063362,台表科國泰01購03,0,0,0,0,0,0,0,0,0,-235000,0,0,0,64000,299000,-235000,-235000
062891,台汽電群益9B購01,0,0,0,0,0,0,0,0,0,-235000,0,0,0,100000,335000,-235000,-235000
064443,同欣電凱基03購01,0,0,0,0,0,0,0,0,0,-235000,0,0,0,44000,279000,-235000,-235000
8271,宇瞻            ,293000,528000,-235000,0,0,0,0,0,0,0,0,0,0,0,0,0,-235000
058338,康友元富99購01  ,0,0,0,0,0,0,0,0,0,-236000,0,0,0,60000,296000,-236000,-236000
061511,緯穎富邦9B購02  ,0,0,0,0,0,0,0,0,0,-236000,0,0,0,213000,449000,-236000,-236000
060288,群光元大9C購01  ,0,1000,-1000,0,0,0,0,0,0,-235000,0,0,0,236000,471000,-235000,-236000
6108,競國            ,82000,318000,-236000,0,0,0,0,0,0,0,0,0,0,0,0,0,-236000
3706,神達            ,1843967,1657033,186934,0,0,0,1000,784000,-783000,360056,138000,2000,136000,232000,7944,224056,-236010
064887,嘉晶中信9C購02  ,0,0,0,0,0,0,0,0,0,-238000,0,0,0,16000,254000,-238000,-238000
063548,同欣電兆豐9B購01,0,0,0,0,0,0,0,0,0,-238000,0,0,0,637000,875000,-238000,-238000
3669,圓展            ,214000,482000,-268000,0,0,0,0,0,0,30000,30000,0,30000,0,0,0,-238000
6177,達麗            ,108000,347000,-239000,0,0,0,0,0,0,0,0,0,0,0,0,0,-239000
06984P,上銀富邦9B售01  ,0,0,0,0,0,0,0,0,0,-240000,0,0,0,86000,326000,-240000,-240000
06999P,玉晶光國票9B售01,0,0,0,0,0,0,0,0,0,-240000,0,0,0,70000,310000,-240000,-240000
07146P,瑞昱元大99售02  ,0,0,0,0,0,0,0,0,0,-240000,0,0,0,0,240000,-240000,-240000
057903,聯鈞永豐99購01  ,0,0,0,0,0,0,0,0,0,-240000,0,0,0,70000,310000,-240000,-240000
057011,日月光中信99購01,0,0,0,0,0,0,0,0,0,-240000,0,0,0,0,240000,-240000,-240000
054214,京鼎國票97購02  ,0,0,0,0,0,0,0,0,0,-240000,0,0,0,0,240000,-240000,-240000
064987,勤誠元大9C購02  ,0,0,0,0,0,0,0,0,0,-240000,0,0,0,530000,770000,-240000,-240000
5215,科嘉-KY         ,383000,630000,-247000,0,0,0,10000,3000,7000,-1000,8000,9000,-1000,0,0,0,-241000
08685P,南電凱基01售03  ,0,0,0,0,0,0,0,0,0,-242000,0,0,0,5000,247000,-242000,-242000
065610,牧德元大02購01  ,0,0,0,0,0,0,0,0,0,-242000,0,0,0,110000,352000,-242000,-242000
056555,矽創凱基98購01  ,0,0,0,0,0,0,0,0,0,-242000,0,0,0,0,242000,-242000,-242000
065316,大成鋼凱基9C購01,0,0,0,0,0,0,0,0,0,-242000,0,0,0,20000,262000,-242000,-242000
065650,旭富元大9C購07  ,0,0,0,0,0,0,0,0,0,-243000,0,0,0,420000,663000,-243000,-243000
07919P,創意永豐9B售01  ,0,0,0,0,0,0,0,0,0,-243000,0,0,0,318000,561000,-243000,-243000
060717,康控永豐9A購01  ,0,0,0,0,0,0,0,0,0,-243000,0,0,0,124000,367000,-243000,-243000
08225P,臺股指凱基9B售20,0,0,0,0,0,0,0,0,0,-244000,0,0,0,10000,254000,-244000,-244000
065817,聯發科元富03購08,0,0,0,0,0,0,0,0,0,-244000,0,0,0,195000,439000,-244000,-244000
059298,大立光元富9C購02,0,0,0,0,0,0,0,0,0,-244000,0,0,0,110000,354000,-244000,-244000
063226,康控群益9B購03  ,0,0,0,0,0,0,0,0,0,-244000,0,0,0,188000,432000,-244000,-244000
5531,鄉林            ,63000,307830,-244830,0,0,0,0,0,0,0,0,0,0,0,0,0,-244830
08748P,台積電元富07售02,0,0,0,0,0,0,0,0,0,-245000,0,0,0,0,245000,-245000,-245000
07795P,美律國票9A售03  ,0,0,0,0,0,0,0,0,0,-245000,0,0,0,20000,265000,-245000,-245000
07068P,欣興台新99售01  ,0,0,0,0,0,0,0,0,0,-245000,0,0,0,0,245000,-245000,-245000
06761P,台積電元大99售05,0,0,0,0,0,0,0,0,0,-245000,0,0,0,12000,257000,-245000,-245000
06558P,旺宏元富98售02  ,0,0,0,0,0,0,0,0,0,-246000,0,0,0,0,246000,-246000,-246000
07837P,華邦電元大9A售01,0,0,0,0,0,0,0,0,0,-247000,0,0,0,13000,260000,-247000,-247000
08256P,台積電元大9C售02,0,0,0,0,0,0,0,0,0,-247000,0,0,0,118000,365000,-247000,-247000
00683L,元大美元指數正2 ,0,0,0,0,0,0,0,0,0,-247000,0,0,0,0,247000,-247000,-247000
058779,大立光國票9A購02,0,0,0,0,0,0,0,0,0,-247000,0,0,0,0,247000,-247000,-247000
066100,鎧勝中信05購01  ,0,0,0,0,0,0,0,0,0,-248000,0,0,0,41000,289000,-248000,-248000
049973,T50反1日盛9A購01,0,0,0,0,0,0,0,0,0,-248000,0,0,0,0,248000,-248000,-248000
059097,世紀鋼元大99購05,0,0,0,0,0,0,0,0,0,-248000,0,0,0,24000,272000,-248000,-248000
065059,神隆群益9C購01  ,0,0,0,0,0,0,0,0,0,-248000,0,0,0,97000,345000,-248000,-248000
066031,力成群益01購01  ,0,0,0,0,0,0,0,0,0,-249000,0,0,0,3000,252000,-249000,-249000
063821,南亞科麥證9C購01,0,0,0,5000,254000,-249000,0,0,0,-249000,0,0,0,5000,254000,-249000,-249000
066244,臺指反元大04購01,0,0,0,0,0,0,0,0,0,-250000,0,0,0,0,250000,-250000,-250000
08740P,創意康和01售03  ,0,0,0,0,0,0,0,0,0,-250000,0,0,0,0,250000,-250000,-250000
08648P,健策凱基9C售05  ,0,0,0,0,0,0,0,0,0,-250000,0,0,0,35000,285000,-250000,-250000
07435P,台積電富邦9C售07,0,0,0,0,0,0,0,0,0,-250000,0,0,0,0,250000,-250000,-250000
051369,新光金富邦9A購01,0,0,0,0,0,0,0,0,0,-250000,0,0,0,0,250000,-250000,-250000
057527,億光元大98購01  ,0,0,0,0,0,0,0,0,0,-250000,0,0,0,61000,311000,-250000,-250000
062239,台汽電凱基9B購01,0,0,0,0,0,0,0,0,0,-250000,0,0,0,37000,287000,-250000,-250000
058484,元金2X國票04購01,0,0,0,0,0,0,0,0,0,-250000,0,0,0,0,250000,-250000,-250000
062624,大成鋼國票9B購02,0,0,0,0,0,0,0,0,0,-250000,0,0,0,0,250000,-250000,-250000
066774,聯詠富邦03購01  ,0,0,0,0,0,0,0,0,0,-251000,0,0,0,0,251000,-251000,-251000
1477,聚陽            ,684000,534000,150000,0,0,0,68000,692000,-624000,223000,197000,27000,170000,63000,10000,53000,-251000
08673P,友訊元富01售03  ,0,0,0,0,0,0,0,0,0,-252000,0,0,0,58000,310000,-252000,-252000
060414,中興電永豐9A購01,0,0,0,0,0,0,0,0,0,-252000,0,0,0,0,252000,-252000,-252000
08737P,聯詠凱基01售01  ,0,0,0,0,0,0,0,0,0,-253000,0,0,0,0,253000,-253000,-253000
2062,橋椿            ,197000,450000,-253000,0,0,0,0,0,0,0,0,0,0,0,0,0,-253000
3665,貿聯-KY         ,500000,460000,40000,0,0,0,300000,447000,-147000,-146000,64000,202000,-138000,1000,9000,-8000,-253000
062327,燿華統一9B購02  ,0,0,0,0,0,0,0,0,0,-254000,0,0,0,30000,284000,-254000,-254000
053882,聯發科中信98購02,0,0,0,0,0,0,0,0,0,-255000,0,0,0,20000,275000,-255000,-255000
059293,宏達電元富9B購01,0,0,0,0,0,0,0,0,0,-255000,0,0,0,25000,280000,-255000,-255000
065291,日電貿群益01購01,0,0,0,0,0,0,0,0,0,-255000,0,0,0,0,255000,-255000,-255000
061055,康控群益9A購01  ,0,0,0,0,0,0,0,0,0,-256000,0,0,0,103000,359000,-256000,-256000
066503,台積電富邦05購02,0,0,0,0,0,0,0,0,0,-257000,0,0,0,42000,299000,-257000,-257000
066460,智原統一03購01  ,0,0,0,0,0,0,0,0,0,-257000,0,0,0,89000,346000,-257000,-257000
3703,欣陸            ,17000,284300,-267300,0,0,0,0,0,0,10000,10000,0,10000,0,0,0,-257300
2349,錸德            ,837000,1094881,-257881,0,0,0,0,0,0,0,0,0,0,0,0,0,-257881
00656R,國泰中國A50反1  ,0,91000,-91000,0,0,0,0,0,0,-168000,0,0,0,183000,351000,-168000,-259000
061903,宏全永豐9B購01  ,0,0,0,0,0,0,0,0,0,-259000,0,0,0,166000,425000,-259000,-259000
3583,辛耘            ,280000,539000,-259000,0,0,0,0,0,0,0,0,0,0,0,0,0,-259000
6142,友勁            ,72000,163000,-91000,0,0,0,0,0,0,-168000,0,168000,-168000,0,0,0,-259000
055876,美食元富9A購01  ,0,0,0,0,0,0,0,0,0,-260000,0,0,0,50000,310000,-260000,-260000
063993,華通群益01購01  ,0,0,0,0,0,0,0,0,0,-260000,0,0,0,0,260000,-260000,-260000
064145,宏碁統一02購01  ,0,0,0,0,0,0,0,0,0,-260000,0,0,0,367000,627000,-260000,-260000
065625,聯發科兆豐9C購06,0,0,0,0,0,0,0,0,0,-261000,0,0,0,294000,555000,-261000,-261000
060326,群光群益9A購01  ,0,0,0,0,0,0,0,0,0,-262000,0,0,0,10000,272000,-262000,-262000
062496,矽創中信9B購01  ,0,0,0,0,0,0,0,0,0,-263000,0,0,0,435000,698000,-263000,-263000
066192,嘉基凱基01購01  ,0,0,0,0,0,0,0,0,0,-264000,0,0,0,186000,450000,-264000,-264000
08209P,上銀元富9B售06  ,0,0,0,0,0,0,0,0,0,-264000,0,0,0,9000,273000,-264000,-264000
063380,台表科永豐9B購03,0,0,0,0,0,0,0,0,0,-264000,0,0,0,1000,265000,-264000,-264000
066548,燿華元大02購02  ,0,0,0,0,0,0,0,0,0,-265000,0,0,0,110000,375000,-265000,-265000
064397,旭富永豐9C購01  ,0,0,0,0,0,0,0,0,0,-265000,0,0,0,0,265000,-265000,-265000
6214,精誠            ,59000,570000,-511000,0,0,0,0,3000,-3000,249000,258000,9000,249000,0,0,0,-265000
056394,晶豪科永豐98購01,0,0,0,0,0,0,0,0,0,-266000,0,0,0,92000,358000,-266000,-266000
066484,瑞昱元富07購01  ,0,0,0,0,0,0,0,0,0,-267000,0,0,0,461000,728000,-267000,-267000
062013,奇鋐富邦9B購01  ,0,0,0,0,0,0,0,0,0,-267000,0,0,0,189000,456000,-267000,-267000
056219,T50反1日盛02購01,0,0,0,0,0,0,0,0,0,-268000,0,0,0,40000,308000,-268000,-268000
061241,晶技兆豐9A購01  ,0,0,0,0,0,0,0,0,0,-268000,0,0,0,129000,397000,-268000,-268000
2105,正新            ,1546000,1811000,-265000,0,0,0,0,3000,-3000,0,0,0,0,0,0,0,-268000
066307,華城永豐01購01  ,0,0,0,0,0,0,0,0,0,-269000,0,0,0,8000,277000,-269000,-269000
06681P,致茂元大98售02  ,0,0,0,0,0,0,0,0,0,-270000,0,0,0,30000,300000,-270000,-270000
064313,嘉晶群益9C購02  ,0,0,0,0,0,0,0,0,0,-270000,0,0,0,88000,358000,-270000,-270000
1529,樂士            ,21000,116000,-95000,0,0,0,0,0,0,-176000,0,176000,-176000,0,0,0,-271000
2823,中壽            ,3304148,3601000,-296852,0,0,0,0,23000,-23000,47000,0,0,0,70000,23000,47000,-272852
051277,聯發科中信9A購01,0,0,0,0,0,0,0,0,0,-273000,0,0,0,29000,302000,-273000,-273000
059926,世紀鋼國泰9B購01,0,0,0,0,0,0,0,0,0,-273000,0,0,0,68000,341000,-273000,-273000
065255,上銀元大01購01  ,0,0,0,0,0,0,0,0,0,-273000,0,0,0,32000,305000,-273000,-273000
065784,正崴永豐9C購01  ,0,0,0,0,0,0,0,0,0,-274000,0,0,0,32000,306000,-274000,-274000
08261P,玉晶光元大9C售08,0,0,0,0,0,0,0,0,0,-274000,0,0,0,59000,333000,-274000,-274000
08331P,義隆元富9C售02  ,0,0,0,0,0,0,0,0,0,-275000,0,0,0,20000,295000,-275000,-275000
06965P,台積電台新99售02,0,0,0,0,0,0,0,0,0,-275000,0,0,0,0,275000,-275000,-275000
065387,台光電兆豐9C購02,0,0,0,0,0,0,0,0,0,-275000,0,0,0,17000,292000,-275000,-275000
066451,台郡群益01購01  ,0,0,0,0,0,0,0,0,0,-276000,0,0,0,27000,303000,-276000,-276000
064767,宏全凱基9C購01  ,0,0,0,0,0,0,0,0,0,-276000,0,0,0,24000,300000,-276000,-276000
063469,牧德元大9C購02  ,0,0,0,0,0,0,0,0,0,-276000,0,0,0,14000,290000,-276000,-276000
9907,統一實          ,51000,326000,-275000,0,0,0,0,0,0,-1000,0,1000,-1000,0,0,0,-276000
06679P,旺宏元大98售09  ,0,0,0,0,0,0,0,0,0,-277000,0,0,0,0,277000,-277000,-277000
06721P,臺股指中信9A售03,0,0,0,0,0,0,0,0,0,-277000,0,0,0,233000,510000,-277000,-277000
066172,日電貿凱基01購01,0,0,0,0,0,0,0,0,0,-277000,0,0,0,0,277000,-277000,-277000
062797,瑞昱統一9B購01  ,0,0,0,0,0,0,0,0,0,-277000,0,0,0,211000,488000,-277000,-277000
063921,大立光元富9C購03,0,0,0,0,0,0,0,0,0,-277000,0,0,0,103000,380000,-277000,-277000
062707,致伸元大9B購01  ,0,0,0,0,0,0,0,0,0,-278000,0,0,0,37000,315000,-278000,-278000
062649,緯穎富邦9B購03  ,0,0,0,0,0,0,0,0,0,-278000,0,0,0,20000,298000,-278000,-278000
1608,華榮            ,1000,280000,-279000,0,0,0,0,0,0,0,0,0,0,0,0,0,-279000
1304,台聚            ,337000,617000,-280000,0,0,0,0,0,0,0,0,0,0,0,0,0,-280000
052113,漢唐中信98購01  ,0,0,0,0,0,0,0,0,0,-280000,0,0,0,10000,290000,-280000,-280000
056432,鴻海凱基98購08  ,0,0,0,0,0,0,0,0,0,-280000,0,0,0,25000,305000,-280000,-280000
062733,巨大凱基9B購01  ,0,0,0,0,0,0,0,0,0,-280000,0,0,0,0,280000,-280000,-280000
061852,大立光國票9B購02,0,0,0,0,0,0,0,0,0,-280000,0,0,0,0,280000,-280000,-280000
08190P,宏達電元富9B售04,0,0,0,0,0,0,0,0,0,-281000,0,0,0,1000,282000,-281000,-281000
08621P,景碩群益9C售01  ,0,0,0,0,0,0,0,0,0,-282000,0,0,0,0,282000,-282000,-282000
07719P,臺股指群益9A售08,0,0,0,0,0,0,0,0,0,-282000,0,0,0,40000,322000,-282000,-282000
066099,大立光中信05購01,0,0,0,0,0,0,0,0,0,-282000,0,0,0,14000,296000,-282000,-282000
062140,元金2X國票9B購03,0,0,0,0,0,0,0,0,0,-282000,0,0,0,0,282000,-282000,-282000
062404,新唐永豐9B購01  ,0,0,0,0,0,0,0,0,0,-282000,0,0,0,141000,423000,-282000,-282000
064465,台表科統一01購02,0,0,0,0,0,0,0,0,0,-282000,0,0,0,378000,660000,-282000,-282000
065705,嘉晶群益9C購05  ,0,0,0,0,0,0,0,0,0,-283000,0,0,0,37000,320000,-283000,-283000
061957,上銀統一01購01  ,0,0,0,0,0,0,0,0,0,-283000,0,0,0,89000,372000,-283000,-283000
3036,文曄            ,182000,353000,-171000,0,0,0,0,2000,-2000,-110000,12000,47000,-35000,48000,123000,-75000,-283000
07536P,華新科元富9A售04,0,0,0,0,0,0,0,0,0,-284000,0,0,0,11000,295000,-284000,-284000
5534,長虹            ,52000,322444,-270444,0,0,0,0,7000,-7000,-8105,0,8000,-8000,0,105,-105,-285549
065755,日電貿元大9C購02,0,0,0,0,0,0,0,0,0,-286000,0,0,0,2000,288000,-286000,-286000
053866,景碩元大97購02  ,0,0,0,0,0,0,0,0,0,-286000,0,0,0,14000,300000,-286000,-286000
058675,康控群益9B購01  ,0,0,0,0,0,0,0,0,0,-286000,0,0,0,85000,371000,-286000,-286000
059181,世紀鋼元富9C購01,0,0,0,0,0,0,0,0,0,-286000,0,0,0,124000,410000,-286000,-286000
2520,冠德            ,419000,763000,-344000,0,0,0,0,0,0,58000,60000,103000,-43000,101000,0,101000,-286000
065970,燿華元大02購01  ,0,0,0,0,0,0,0,0,0,-287000,0,0,0,97000,384000,-287000,-287000
05755P,臺股指中信99售04,0,0,0,0,0,0,0,0,0,-287000,0,0,0,112000,399000,-287000,-287000
061477,晶豪科元大9A購01,0,0,0,0,0,0,0,0,0,-287000,0,0,0,135000,422000,-287000,-287000
064786,GIS群益9C購04   ,0,0,0,0,0,0,0,0,0,-288000,0,0,0,10000,298000,-288000,-288000
065159,臻鼎群益9C購02  ,0,0,0,0,0,0,0,0,0,-288000,0,0,0,50000,338000,-288000,-288000
064203,康控兆豐9C購02  ,0,0,0,0,0,0,0,0,0,-288000,0,0,0,153000,441000,-288000,-288000
066282,鎧勝元大01購01  ,0,0,0,0,0,0,0,0,0,-289000,0,0,0,471000,760000,-289000,-289000
07777P,創意元大9A售03  ,0,0,0,0,0,0,0,0,0,-289000,0,0,0,684000,973000,-289000,-289000
053246,聯詠國票97購02  ,0,0,0,0,0,0,0,0,0,-289000,0,0,0,210000,499000,-289000,-289000
055438,鴻海國票98購01  ,0,0,0,0,0,0,0,0,0,-289000,0,0,0,0,289000,-289000,-289000
066380,瑞昱康和01購02  ,0,0,0,0,0,0,0,0,0,-290000,0,0,0,8000,298000,-290000,-290000
066634,泰碩凱基02購02  ,0,0,0,0,0,0,0,0,0,-290000,0,0,0,0,290000,-290000,-290000
059850,日電貿永豐99購01,0,0,0,0,0,0,0,0,0,-290000,0,0,0,0,290000,-290000,-290000
1611,中電            ,18000,312000,-294000,0,0,0,0,0,0,4000,4000,0,4000,0,0,0,-290000
066529,巨大統一03購01  ,0,0,0,0,0,0,0,0,0,-291000,0,0,0,0,291000,-291000,-291000
08381P,台灣50群益9C售06,0,0,0,0,0,0,0,0,0,-291000,0,0,0,474000,765000,-291000,-291000
6414,樺漢            ,240030,491000,-250970,0,0,0,0,0,0,-41000,116000,147000,-31000,23000,33000,-10000,-291970
08130P,義隆元大9B售05  ,0,0,0,0,0,0,0,0,0,-292000,0,0,0,141000,433000,-292000,-292000
08623P,健策群益01售04  ,0,0,0,0,0,0,0,0,0,-292000,0,0,0,4000,296000,-292000,-292000
8105,凌巨            ,143000,435000,-292000,0,0,0,0,0,0,0,0,0,0,0,0,0,-292000
065948,燿華統一01購02  ,0,0,0,0,0,0,0,0,0,-293000,0,0,0,0,293000,-293000,-293000
061778,元金2X群益9B購02,0,0,0,0,0,0,0,0,0,-293000,0,0,0,0,293000,-293000,-293000
03662C,FBVIX凱基03牛01 ,0,0,0,0,0,0,0,0,0,-294000,0,0,0,22000,316000,-294000,-294000
061390,大立光群益9A購04,0,0,0,0,0,0,0,0,0,-294000,0,0,0,31000,325000,-294000,-294000
6598,ABC-KY          ,43000,337000,-294000,0,0,0,0,0,0,0,0,0,0,0,0,0,-294000
07103P,南電元大99售04  ,0,0,0,0,0,0,0,0,0,-295000,0,0,0,14000,309000,-295000,-295000
057740,茂林富邦9A購01  ,0,0,0,0,0,0,0,0,0,-295000,0,0,0,166000,461000,-295000,-295000
054805,台苯元大9A購01  ,0,0,0,0,0,0,0,0,0,-295000,0,0,0,5000,300000,-295000,-295000
059348,日月光凱基99購01,0,0,0,0,0,0,0,0,0,-295000,0,0,0,0,295000,-295000,-295000
08366P,祥碩凱基9C售04  ,0,0,0,0,0,0,0,0,0,-296000,0,0,0,100000,396000,-296000,-296000
066209,聯鈞統一03購01  ,10000,0,10000,0,0,0,0,0,0,-306000,0,0,0,51000,357000,-306000,-296000
056496,康控國泰99購01  ,0,0,0,0,0,0,0,0,0,-296000,0,0,0,150000,446000,-296000,-296000
058936,國喬中信99購01  ,0,0,0,0,0,0,0,0,0,-296000,0,0,0,0,296000,-296000,-296000
064618,南亞科元大9C購04,0,0,0,0,0,0,0,0,0,-296000,0,0,0,0,296000,-296000,-296000
2375,凱美            ,200000,472000,-272000,0,0,0,0,0,0,-24000,5000,5000,0,0,24000,-24000,-296000
3645,達邁            ,55000,351000,-296000,0,0,0,0,0,0,0,0,0,0,0,0,0,-296000
3705,永信            ,389000,607000,-218000,0,0,0,0,0,0,-78000,11000,92000,-81000,38000,35000,3000,-296000
07224P,鴻海元大9A售02  ,0,0,0,0,0,0,0,0,0,-297000,0,0,0,0,297000,-297000,-297000
065039,國巨凱基02購02  ,0,0,0,0,0,0,0,0,0,-297000,0,0,0,0,297000,-297000,-297000
064207,國巨凱基03購02  ,0,0,0,0,0,0,0,0,0,-297000,0,0,0,45000,342000,-297000,-297000
063054,健鼎統一01購01  ,0,0,0,0,0,0,0,0,0,-297000,0,0,0,12000,309000,-297000,-297000
066573,瑞祺元大01購02  ,0,0,0,0,0,0,0,0,0,-298000,0,0,0,12000,310000,-298000,-298000
065742,宏達電麥證9C購01,0,0,0,28000,326000,-298000,0,0,0,-298000,0,0,0,28000,326000,-298000,-298000
061583,矽創元大9A購01  ,0,0,0,0,0,0,0,0,0,-298000,0,0,0,336000,634000,-298000,-298000
3682,亞太電          ,167000,465000,-298000,0,0,0,0,0,0,0,0,0,0,0,0,0,-298000
08047P,臺股指國票9B售12,0,0,0,0,0,0,0,0,0,-299000,0,0,0,130000,429000,-299000,-299000
061189,可成富邦9B購02  ,0,0,0,0,0,0,0,0,0,-299000,0,0,0,0,299000,-299000,-299000
06608P,立積群益99售02  ,0,0,0,0,0,0,0,0,0,-300000,0,0,0,0,300000,-300000,-300000
053063,力山群益98購01  ,0,0,0,0,0,0,0,0,0,-300000,0,0,0,10000,310000,-300000,-300000
062063,世紀鋼統一9C購01,0,0,0,0,0,0,0,0,0,-300000,0,0,0,10000,310000,-300000,-300000
064036,矽創元大9C購01  ,0,0,0,0,0,0,0,0,0,-300000,0,0,0,191000,491000,-300000,-300000
064943,聚陽凱基9C購01  ,0,0,0,0,0,0,0,0,0,-300000,0,0,0,0,300000,-300000,-300000
065319,鴻海凱基9C購03  ,0,0,0,0,0,0,0,0,0,-300000,0,0,0,0,300000,-300000,-300000
08272P,鴻海元富9C售02  ,0,0,0,0,0,0,0,0,0,-301000,0,0,0,0,301000,-301000,-301000
054800,訊芯群益99購01  ,0,0,0,0,0,0,0,0,0,-301000,0,0,0,181000,482000,-301000,-301000
060434,台汽電永豐9A購01,0,0,0,0,0,0,0,0,0,-302000,0,0,0,94000,396000,-302000,-302000
066596,健策群益02購01  ,0,0,0,0,0,0,0,0,0,-303000,0,0,0,89000,392000,-303000,-303000
062466,FBVIX凱基9B購01 ,0,0,0,0,0,0,0,0,0,-304000,0,0,0,0,304000,-304000,-304000
064596,台表科統一01購03,0,0,0,0,0,0,0,0,0,-304000,0,0,0,85000,389000,-304000,-304000
4958,臻鼎-KY         ,3726000,4766000,-1040000,0,0,0,467000,105000,362000,374000,499000,145000,354000,112000,92000,20000,-304000
065791,牧德永豐9C購03  ,0,0,0,0,0,0,0,0,0,-305000,0,0,0,177000,482000,-305000,-305000
065078,台積電元大02購01,0,0,0,0,0,0,0,0,0,-305000,0,0,0,1218000,1523000,-305000,-305000
1737,臺鹽            ,12000,307000,-295000,0,0,0,0,0,0,-10000,0,10000,-10000,0,0,0,-305000
055688,力成凱基98購02  ,0,0,0,0,0,0,0,0,0,-306000,0,0,0,0,306000,-306000,-306000
063550,可成國票9C購01  ,0,0,0,0,0,0,0,0,0,-306000,0,0,0,60000,366000,-306000,-306000
063920,大立光元富03購02,0,0,0,0,0,0,0,0,0,-307000,0,0,0,20000,327000,-307000,-307000
066532,力成元富07購01  ,0,0,0,0,0,0,0,0,0,-308000,0,0,0,8000,316000,-308000,-308000
08588P,緯穎元富03售01  ,0,0,0,0,0,0,0,0,0,-308000,0,0,0,86000,394000,-308000,-308000
063202,南亞科統一9C購02,0,0,0,0,0,0,0,0,0,-309000,0,0,0,140000,449000,-309000,-309000
064505,康控元大9C購01  ,0,0,0,0,0,0,0,0,0,-309000,0,0,0,228000,537000,-309000,-309000
061361,世紀鋼兆豐9A購01,0,0,0,0,0,0,0,0,0,-310000,0,0,0,0,310000,-310000,-310000
058615,矽創元大99購01  ,0,0,0,0,0,0,0,0,0,-310000,0,0,0,139000,449000,-310000,-310000
064788,台汽電群益9C購01,0,0,0,0,0,0,0,0,0,-310000,0,0,0,366000,676000,-310000,-310000
065259,燿華元大9C購05  ,0,0,0,0,0,0,0,0,0,-310000,0,0,0,265000,575000,-310000,-310000
06836P,玉晶光國票99售06,0,0,0,0,0,0,0,0,0,-311000,0,0,0,180000,491000,-311000,-311000
062328,南亞科統一9C購01,0,0,0,0,0,0,0,0,0,-311000,0,0,0,27000,338000,-311000,-311000
060058,牧德凱基9B購01  ,0,0,0,0,0,0,0,0,0,-311000,0,0,0,129000,440000,-311000,-311000
056352,鴻海元大99購01  ,0,0,0,0,0,0,0,0,0,-312000,0,0,0,81000,393000,-312000,-312000
066604,台郡富邦04購01  ,0,0,0,0,0,0,0,0,0,-313000,0,0,0,30000,343000,-313000,-313000
065972,聯發科元大01購07,0,0,0,0,0,0,0,0,0,-313000,0,0,0,180000,493000,-313000,-313000
058733,同欣電永豐99購02,0,0,0,0,0,0,0,0,0,-313000,0,0,0,253000,566000,-313000,-313000
064933,矽創統一01購01  ,0,0,0,0,0,0,0,0,0,-313000,0,0,0,336000,649000,-313000,-313000
061680,崇越元大9A購01  ,0,0,0,0,0,0,0,0,0,-314000,0,0,0,87000,401000,-314000,-314000
065563,T50反1群益9C購04,0,0,0,0,0,0,0,0,0,-315000,0,0,0,325000,640000,-315000,-315000
1313,聯成            ,21000,336922,-315922,0,0,0,0,0,0,0,0,0,0,0,0,0,-315922
08153P,台表科統一9B售01,0,0,0,0,0,0,0,0,0,-316000,0,0,0,0,316000,-316000,-316000
065950,正崴統一03購01  ,0,0,0,0,0,0,0,0,0,-318000,0,0,0,137000,455000,-318000,-318000
057347,國巨統一9A購03  ,0,0,0,0,0,0,0,0,0,-318000,0,0,0,186000,504000,-318000,-318000
061227,日月光中信9B購01,0,0,0,0,0,0,0,0,0,-318000,0,0,0,14000,332000,-318000,-318000
062096,神隆永豐9B購01  ,0,0,0,0,0,0,0,0,0,-320000,0,0,0,284000,604000,-320000,-320000
066016,台表科元富01購02,0,0,0,0,0,0,0,0,0,-321000,0,0,0,100000,421000,-321000,-321000
065366,英業達元大9C購02,0,0,0,0,0,0,0,0,0,-322000,0,0,0,76000,398000,-322000,-322000
062226,臻鼎統一9B購01  ,0,0,0,0,0,0,0,0,0,-323000,0,0,0,823000,1146000,-323000,-323000
063753,矽創國票9C購01  ,0,0,0,0,0,0,0,0,0,-323000,0,0,0,0,323000,-323000,-323000
08727P,健策群益01售07  ,0,0,0,0,0,0,0,0,0,-324000,0,0,0,33000,357000,-324000,-324000
057788,嘉聯益國票99購01,0,0,0,0,0,0,0,0,0,-324000,0,0,0,50000,374000,-324000,-324000
058706,聯鈞元大9C購01  ,0,0,0,0,0,0,0,0,0,-324000,0,0,0,45000,369000,-324000,-324000
065110,嘉澤國票01購01  ,0,0,0,0,0,0,0,0,0,-324000,0,0,0,181000,505000,-324000,-324000
065673,嘉晶凱基01購02  ,0,0,0,0,0,0,0,0,0,-325000,0,0,0,36000,361000,-325000,-325000
064461,致伸統一01購01  ,0,0,0,0,0,0,0,0,0,-325000,0,0,0,0,325000,-325000,-325000
5522,遠雄            ,115000,469000,-354000,0,0,0,0,0,0,28000,30000,2000,28000,0,0,0,-326000
065844,南亞科元大9C購09,0,0,0,0,0,0,0,0,0,-329000,0,0,0,12000,341000,-329000,-329000
07048P,台積電中信03售01,0,0,0,0,0,0,0,0,0,-329000,0,0,0,0,329000,-329000,-329000
07021P,台積電富邦9C售02,0,0,0,0,0,0,0,0,0,-329000,0,0,0,152000,481000,-329000,-329000
058062,上銀中信98購01  ,0,0,0,0,0,0,0,0,0,-330000,0,0,0,50000,380000,-330000,-330000
058720,旭富元富99購01  ,0,0,0,0,0,0,0,0,0,-331000,0,0,0,28000,359000,-331000,-331000
1733,五鼎            ,333000,664000,-331000,0,0,0,0,0,0,0,0,0,0,0,0,0,-331000
058428,大立光元富99購02,0,0,0,0,0,0,0,0,0,-332000,0,0,0,2000,334000,-332000,-332000
064656,聚陽元大9C購03  ,0,0,0,0,0,0,0,0,0,-333000,0,0,0,38000,371000,-333000,-333000
061925,禾伸堂凱基9C購01,0,0,0,0,0,0,0,0,0,-334000,0,0,0,50000,384000,-334000,-334000
08348P,貿聯元大9C售01  ,0,0,0,0,0,0,0,0,0,-335000,0,0,0,90000,425000,-335000,-335000
066256,華通元大02購02  ,0,0,0,0,0,0,0,0,0,-335000,0,0,0,49000,384000,-335000,-335000
066761,聯陽永豐01購03  ,0,0,0,0,0,0,0,0,0,-336000,0,0,0,0,336000,-336000,-336000
065677,南亞科統一03購02,0,0,0,0,0,0,0,0,0,-336000,0,0,0,20000,356000,-336000,-336000
061882,矽創元大9B購01  ,0,0,0,0,0,0,0,0,0,-338000,0,0,0,103000,441000,-338000,-338000
08059P,京鼎元大9B售02  ,0,0,0,0,0,0,0,0,0,-339000,0,0,0,10000,349000,-339000,-339000
056925,群創兆豐98購03  ,0,0,0,0,0,0,0,0,0,-339000,0,0,0,0,339000,-339000,-339000
057105,致茂群益9A購01  ,0,0,0,0,0,0,0,0,0,-339000,0,0,0,15000,354000,-339000,-339000
07044P,台積電元大99售13,0,0,0,0,0,0,0,0,0,-340000,0,0,0,0,340000,-340000,-340000
062426,大立光統一02購02,0,0,0,0,0,0,0,0,0,-340000,0,0,0,107000,447000,-340000,-340000
6285,啟碁            ,83000,446000,-363000,0,0,0,1000,1000,0,23000,30000,0,30000,0,7000,-7000,-340000
1229,聯華            ,45000,390000,-345000,0,0,0,0,0,0,4000,0,0,0,4000,0,4000,-341000
08599P,台表科元大9C售11,0,0,0,0,0,0,0,0,0,-341000,0,0,0,1000,342000,-341000,-341000
065714,矽創群益9C購02  ,0,0,0,0,0,0,0,0,0,-343000,0,0,0,58000,401000,-343000,-343000
03687C,臺股指凱基9C牛22,0,0,0,0,0,0,0,0,0,-343000,0,0,0,83000,426000,-343000,-343000
064233,燿華統一9C購02  ,0,0,0,0,0,0,0,0,0,-343000,0,0,0,0,343000,-343000,-343000
1802,台玻            ,453000,797000,-344000,0,0,0,2000,0,2000,-1000,0,1000,-1000,0,0,0,-343000
3437,榮創            ,1241000,1597000,-356000,0,0,0,0,0,0,13000,15000,2000,13000,0,0,0,-343000
055902,同欣電中信99購01,0,0,0,0,0,0,0,0,0,-344000,0,0,0,209000,553000,-344000,-344000
3557,嘉威            ,150000,242000,-92000,0,0,0,0,252000,-252000,0,0,0,0,0,0,0,-344000
057981,臻鼎永豐98購01  ,0,0,0,0,0,0,0,0,0,-345000,0,0,0,17000,362000,-345000,-345000
061005,可成兆豐9A購01  ,0,0,0,0,0,0,0,0,0,-345000,0,0,0,278000,623000,-345000,-345000
064843,巨大統一02購01  ,0,0,0,0,0,0,0,0,0,-345000,0,0,0,132000,477000,-345000,-345000
063384,巨大永豐9B購04  ,0,0,0,0,0,0,0,0,0,-345000,0,0,0,159000,504000,-345000,-345000
055703,緯穎富邦98購01  ,0,0,0,0,0,0,0,0,0,-346000,0,0,0,24000,370000,-346000,-346000
061168,力成兆豐9A購01  ,0,0,0,0,0,0,0,0,0,-347000,0,0,0,0,347000,-347000,-347000
066617,鎧勝康和01購01  ,0,0,0,0,0,0,0,0,0,-348000,0,0,0,70000,418000,-348000,-348000
064020,華通元大01購01  ,0,0,0,0,0,0,0,0,0,-348000,0,0,0,2000,350000,-348000,-348000
066183,眾達凱基01購01  ,0,0,0,0,0,0,0,0,0,-349000,0,0,0,57000,406000,-349000,-349000
08692P,國巨兆豐01售02  ,0,0,0,0,0,0,0,0,0,-349000,0,0,0,150000,499000,-349000,-349000
06683P,訊芯元大98售07  ,0,0,0,0,0,0,0,0,0,-351000,0,0,0,0,351000,-351000,-351000
064462,致伸統一02購01  ,0,0,0,0,0,0,0,0,0,-353000,0,0,0,10000,363000,-353000,-353000
064506,康控元大9C購02  ,0,0,0,0,0,0,0,0,0,-353000,0,0,0,333000,686000,-353000,-353000
061796,興勤永豐9B購01  ,0,0,0,0,0,0,0,0,0,-354000,0,0,0,821000,1175000,-354000,-354000
3530,晶相光          ,254000,436000,-182000,0,0,0,0,0,0,-172000,0,0,0,1000,173000,-172000,-354000
2368,金像電          ,3823000,4261000,-438000,0,0,0,0,0,0,84000,300000,142000,158000,37000,111000,-74000,-354000
065653,同欣電元大03購01,0,0,0,0,0,0,0,0,0,-355000,0,0,0,596000,951000,-355000,-355000
07319P,台積電凱基01售02,0,0,0,0,0,0,0,0,0,-356000,0,0,0,0,356000,-356000,-356000
07825P,健策國泰9B售04  ,0,0,0,0,0,0,0,0,0,-356000,0,0,0,284000,640000,-356000,-356000
057451,大立光元富9B購01,0,0,0,0,0,0,0,0,0,-356000,0,0,0,50000,406000,-356000,-356000
059691,大立光永豐99購02,0,0,0,0,0,0,0,0,0,-356000,0,0,0,0,356000,-356000,-356000
064403,正崴凱基01購01  ,0,0,0,0,0,0,0,0,0,-356000,0,0,0,37000,393000,-356000,-356000
065943,台表科元富01購01,0,0,0,0,0,0,0,0,0,-357000,0,0,0,233000,590000,-357000,-357000
063261,康控富邦03購01  ,0,0,0,0,0,0,0,0,0,-357000,0,0,0,107000,464000,-357000,-357000
2841,台開            ,603000,960232,-357232,0,0,0,0,0,0,0,0,0,0,0,0,0,-357232
064237,奇鋐統一01購01  ,0,0,0,0,0,0,0,0,0,-358000,0,0,0,145000,503000,-358000,-358000
2486,一詮            ,208000,567000,-359000,0,0,0,0,0,0,0,0,0,0,0,0,0,-359000
6552,易華電          ,324000,660000,-336000,0,0,0,0,0,0,-23000,0,6000,-6000,57000,74000,-17000,-359000
6669,緯穎            ,1009000,1127000,-118000,0,0,0,137000,296000,-159000,-83000,36000,74000,-38000,9000,54000,-45000,-360000
2360,致茂            ,949000,1289246,-340246,0,0,0,0,6000,-6000,-15000,0,10000,-10000,2000,7000,-5000,-361246
064981,致伸元大9C購01  ,0,0,0,0,0,0,0,0,0,-362000,0,0,0,0,362000,-362000,-362000
3443,創意            ,790000,1298000,-508000,0,0,0,258000,1000,257000,-111000,213000,356000,-143000,82000,50000,32000,-362000
8996,高力            ,160000,522000,-362000,0,0,0,0,0,0,0,0,0,0,0,0,0,-362000
065900,瑞祺國泰02購01  ,0,0,0,0,0,0,0,0,0,-364000,0,0,0,2000,366000,-364000,-364000
065540,台表科統一02購05,0,0,0,0,0,0,0,0,0,-364000,0,0,0,49000,413000,-364000,-364000
062898,華通元大9B購05  ,0,0,0,0,0,0,0,0,0,-364000,0,0,0,0,364000,-364000,-364000
061610,力成統一9C購01  ,0,0,0,0,0,0,0,0,0,-366000,0,0,0,148000,514000,-366000,-366000
066526,創意統一05購01  ,0,0,0,0,0,0,0,0,0,-367000,0,0,0,49000,416000,-367000,-367000
1476,儒鴻            ,306000,487121,-181121,0,0,0,1000,21000,-20000,-166000,4000,95000,-91000,2000,77000,-75000,-367121
08263P,台表科元大9C售06,0,0,0,0,0,0,0,0,0,-368000,0,0,0,200000,568000,-368000,-368000
056320,京鼎群益99購01  ,0,0,0,0,0,0,0,0,0,-368000,0,0,0,436000,804000,-368000,-368000
066385,巨大康和01購01  ,0,0,0,0,0,0,0,0,0,-369000,0,0,0,9000,378000,-369000,-369000
064192,巨大中信9C購01  ,0,0,0,0,0,0,0,0,0,-369000,0,0,0,171000,540000,-369000,-369000
056599,臻鼎元富98購01  ,0,0,0,0,0,0,0,0,0,-370000,0,0,0,0,370000,-370000,-370000
063485,巨大元大9B購04  ,0,0,0,0,0,0,0,0,0,-371000,0,0,0,99000,470000,-371000,-371000
061823,勤誠群益9B購01  ,0,0,0,0,0,0,0,0,0,-372000,0,0,0,56000,428000,-372000,-372000
065372,漢唐元大9C購02  ,0,0,0,0,0,0,0,0,0,-372000,0,0,0,68000,440000,-372000,-372000
065314,矽創國票01購02  ,0,0,0,0,0,0,0,0,0,-373000,0,0,0,42000,415000,-373000,-373000
064296,奇鋐國票01購01  ,0,0,0,0,0,0,0,0,0,-373000,0,0,0,286000,659000,-373000,-373000
9938,百和            ,385000,618000,-233000,0,0,0,0,151000,-151000,10000,1000,0,1000,12000,3000,9000,-374000
08671P,友訊國票01售01  ,0,0,0,0,0,0,0,0,0,-375000,0,0,0,0,375000,-375000,-375000
062219,燿華統一9B購01  ,0,0,0,0,0,0,0,0,0,-375000,0,0,0,116000,491000,-375000,-375000
062189,康控元大9B購02  ,0,0,0,0,0,0,0,0,0,-375000,0,0,0,147000,522000,-375000,-375000
060884,超眾中信9B購01  ,0,0,0,0,0,0,0,0,0,-379000,0,0,0,150000,529000,-379000,-379000
062845,微星富邦01購01  ,0,0,0,0,0,0,0,0,0,-379000,0,0,0,186000,565000,-379000,-379000
057578,可成中信99購01  ,0,0,0,0,0,0,0,0,0,-380000,0,0,0,160000,540000,-380000,-380000
054472,道瓊反中信9A購01,0,0,0,0,0,0,0,0,0,-380000,0,0,0,87000,467000,-380000,-380000
064494,南亞科元大9C購02,0,0,0,0,0,0,0,0,0,-380000,0,0,0,0,380000,-380000,-380000
065083,南亞科元大01購01,0,0,0,0,0,0,0,0,0,-381000,0,0,0,50000,431000,-381000,-381000
6191,精成科          ,238000,621000,-383000,0,0,0,0,0,0,0,0,0,0,0,0,0,-383000
066373,美利達中信01購01,0,0,0,0,0,0,0,0,0,-384000,0,0,0,35000,419000,-384000,-384000
066514,盟立永豐01購01  ,0,0,0,0,0,0,0,0,0,-384000,0,0,0,6000,390000,-384000,-384000
1515,力山            ,399000,714000,-315000,0,0,0,0,0,0,-69000,82000,7000,75000,11000,155000,-144000,-384000
058928,國巨統一9C購01  ,0,0,0,0,0,0,0,0,0,-385000,0,0,0,706000,1091000,-385000,-385000
1447,力鵬            ,134000,527000,-393000,0,0,0,0,0,0,8000,8000,0,8000,0,0,0,-385000
2501,國建            ,8000,393000,-385000,0,0,0,0,0,0,0,0,0,0,0,0,0,-385000
00674R,元大S&P黃金反1  ,0,0,0,0,0,0,0,0,0,-388000,0,0,0,95000,483000,-388000,-388000
058146,勤誠元大99購01  ,0,0,0,0,0,0,0,0,0,-389000,0,0,0,602000,991000,-389000,-389000
054058,晶豪科國票98購01,0,0,0,0,0,0,0,0,0,-389000,0,0,0,131000,520000,-389000,-389000
064974,燿華元大9C購03  ,0,0,0,0,0,0,0,0,0,-390000,0,0,0,106000,496000,-390000,-390000
057073,康控永豐98購01  ,0,0,0,0,0,0,0,0,0,-391000,0,0,0,5000,396000,-391000,-391000
058927,勤誠元富99購02  ,0,0,0,0,0,0,0,0,0,-393000,0,0,0,310000,703000,-393000,-393000
062660,神隆群益9B購02  ,0,0,0,0,0,0,0,0,0,-393000,0,0,0,206000,599000,-393000,-393000
2485,兆赫            ,140000,587000,-447000,0,0,0,0,0,0,52000,76000,24000,52000,0,0,0,-395000
066114,瑞昱兆豐02購01  ,0,0,0,0,0,0,0,0,0,-397000,0,0,0,106000,503000,-397000,-397000
065080,燿華元大01購01  ,0,0,0,0,0,0,0,0,0,-398000,0,0,0,41000,439000,-398000,-398000
066143,惠特群益01購01  ,0,0,0,0,0,0,0,0,0,-400000,0,0,0,0,400000,-400000,-400000
07588P,滬深2X國票9C售01,0,0,0,0,0,0,0,0,0,-400000,0,0,0,0,400000,-400000,-400000
057791,可成統一99購01  ,0,0,0,0,0,0,0,0,0,-400000,0,0,0,0,400000,-400000,-400000
063680,寶成富邦9C購01  ,0,0,0,0,0,0,0,0,0,-400000,0,0,0,400000,800000,-400000,-400000
1589,永冠-KY         ,183000,684000,-501000,0,0,0,100000,0,100000,0,0,0,0,0,0,0,-401000
066599,鴻海國泰03購02  ,0,0,0,0,0,0,0,0,0,-402000,0,0,0,34000,436000,-402000,-402000
066450,松翰群益01購01  ,0,0,0,0,0,0,0,0,0,-403000,0,0,0,145000,548000,-403000,-403000
08150P,立積國票9C售01  ,0,0,0,0,0,0,0,0,0,-403000,0,0,0,46000,449000,-403000,-403000
059095,訊芯元大99購01  ,0,0,0,0,0,0,0,0,0,-403000,0,0,0,264000,667000,-403000,-403000
066235,大毅富邦04購01  ,0,0,0,0,0,0,0,0,0,-404000,0,0,0,0,404000,-404000,-404000
05995P,T50正2中信9C售01,0,0,0,0,0,0,0,0,0,-404000,0,0,0,68000,472000,-404000,-404000
063006,道瓊反元大9C購01,0,0,0,0,0,0,0,0,0,-407000,0,0,0,0,407000,-407000,-407000
057377,康控元大99購02  ,0,0,0,0,0,0,0,0,0,-408000,0,0,0,346000,754000,-408000,-408000
052847,漢唐統一99購01  ,0,0,0,0,0,0,0,0,0,-408000,0,0,0,1000,409000,-408000,-408000
064579,大立光富邦03購02,0,0,0,0,0,0,0,0,0,-409000,0,0,0,15000,424000,-409000,-409000
2441,超豐            ,229000,639000,-410000,0,0,0,0,5000,-5000,6000,6000,0,6000,0,0,0,-409000
07647P,健策國票9A售04  ,0,0,0,0,0,0,0,0,0,-410000,0,0,0,0,410000,-410000,-410000
062491,矽創永豐9B購01  ,0,0,0,0,0,0,0,0,0,-410000,0,0,0,120000,530000,-410000,-410000
066501,鴻海富邦03購01  ,0,0,0,0,0,0,0,0,0,-412000,0,0,0,152000,564000,-412000,-412000
064323,滬深2X元大9C購09,0,0,0,0,0,0,0,0,0,-412000,0,0,0,236000,648000,-412000,-412000
061134,大成鋼統一9C購01,0,0,0,0,0,0,0,0,0,-413000,0,0,0,0,413000,-413000,-413000
064763,祥碩凱基02購01  ,0,0,0,0,0,0,0,0,0,-413000,0,0,0,149000,562000,-413000,-413000
062807,和碩統一9B購01  ,0,0,0,0,0,0,0,0,0,-414000,0,0,0,2000,416000,-414000,-414000
06689P,鴻海中信9C售02  ,0,0,0,0,0,0,0,0,0,-416000,0,0,0,4000,420000,-416000,-416000
066224,眾達國泰03購01  ,0,0,0,0,0,0,0,0,0,-416000,0,0,0,59000,475000,-416000,-416000
064000,台郡兆豐9C購01  ,0,0,0,0,0,0,0,0,0,-417000,0,0,0,471000,888000,-417000,-417000
1434,福懋            ,1491000,4244000,-2753000,0,0,0,1000,5000,-4000,2340000,0,1000,-1000,2400000,59000,2341000,-417000
056539,新光金凱基9A購01,0,0,0,0,0,0,0,0,0,-420000,0,0,0,0,420000,-420000,-420000
061669,崇越中信9A購01  ,0,0,0,0,0,0,0,0,0,-423000,0,0,0,128000,551000,-423000,-423000
063341,燿華統一9C購01  ,0,0,0,0,0,0,0,0,0,-423000,0,0,0,0,423000,-423000,-423000
07060P,台表科國票9A售01,0,0,0,0,0,0,0,0,0,-426000,0,0,0,0,426000,-426000,-426000
053965,聯電元大98購04  ,0,0,0,0,0,0,0,0,0,-426000,0,0,0,0,426000,-426000,-426000
060759,南亞科元大9A購03,0,0,0,0,0,0,0,0,0,-426000,0,0,0,0,426000,-426000,-426000
057620,康控凱基99購01  ,0,0,0,0,0,0,0,0,0,-427000,0,0,0,3000,430000,-427000,-427000
5243,乙盛-KY         ,115000,544000,-429000,0,0,0,0,0,0,0,0,0,0,0,0,0,-429000
063908,國巨凱基9C購06  ,0,0,0,0,0,0,0,0,0,-430000,0,0,0,1000,431000,-430000,-430000
4551,智伸科          ,182000,208000,-26000,0,0,0,0,345000,-345000,-59000,0,15000,-15000,13000,57000,-44000,-430000
066492,台郡元富01購01  ,0,0,0,0,0,0,0,0,0,-431000,0,0,0,38000,469000,-431000,-431000
065853,智伸科元大9C購02,0,0,0,0,0,0,0,0,0,-431000,0,0,0,241000,672000,-431000,-431000
059797,大立光國票99購01,0,0,0,0,0,0,0,0,0,-431000,0,0,0,2000,433000,-431000,-431000
060107,旭富元大99購03  ,0,0,0,0,0,0,0,0,0,-431000,0,0,0,93000,524000,-431000,-431000
056292,統一元大97購01  ,0,0,0,0,0,0,0,0,0,-434000,0,0,0,234000,668000,-434000,-434000
2637,慧洋-KY         ,93000,525000,-432000,0,0,0,0,2000,-2000,0,0,0,0,0,0,0,-434000
064221,華通國票01購01  ,0,0,0,0,0,0,0,0,0,-436000,0,0,0,146000,582000,-436000,-436000
066584,滬深2X群益03購01,0,0,0,0,0,0,0,0,0,-437000,0,0,0,15000,452000,-437000,-437000
062775,大成鋼元大9B購02,0,0,0,0,0,0,0,0,0,-437000,0,0,0,70000,507000,-437000,-437000
063195,訊連元富9B購01  ,0,0,0,0,0,0,0,0,0,-437000,0,0,0,100000,537000,-437000,-437000
064248,億光元富9C購01  ,0,0,0,0,0,0,0,0,0,-437000,0,0,0,154000,591000,-437000,-437000
2915,潤泰全          ,118000,754703,-636703,0,0,0,11000,0,11000,188000,174000,0,174000,39000,25000,14000,-437703
8112,至上            ,583000,1016972,-433972,0,0,0,0,4000,-4000,0,0,0,0,0,0,0,-437972
066553,大立光元大01購09,0,0,0,0,0,0,0,0,0,-438000,0,0,0,56000,494000,-438000,-438000
08379P,台積電國泰02售02,0,0,0,0,0,0,0,0,0,-438000,0,0,0,1700000,2138000,-438000,-438000
056571,燿華元大98購02  ,0,0,0,0,0,0,0,0,0,-438000,0,0,0,0,438000,-438000,-438000
066576,矽創元大01購02  ,0,0,0,0,0,0,0,0,0,-439000,0,0,0,43000,482000,-439000,-439000
066281,眾達元大02購01  ,0,0,0,0,0,0,0,0,0,-439000,0,0,0,685000,1124000,-439000,-439000
066347,鎧勝永豐01購01  ,0,0,0,0,0,0,0,0,0,-440000,0,0,0,330000,770000,-440000,-440000
07590P,玉晶光國票9A售03,0,0,0,0,0,0,0,0,0,-440000,0,0,0,30000,470000,-440000,-440000
03421B,臺股指元大99熊01,0,0,0,0,0,0,0,0,0,-440000,0,0,0,0,440000,-440000,-440000
3035,智原            ,2023022,1807000,216022,0,0,0,0,301000,-301000,-356000,10000,158000,-148000,27000,235000,-208000,-440978
058337,日月光元富99購01,0,0,0,0,0,0,0,0,0,-442000,0,0,0,75000,517000,-442000,-442000
2548,華固            ,225000,668000,-443000,0,0,0,0,0,0,0,0,0,0,0,0,0,-443000
065371,漢唐元大01購01  ,0,0,0,0,0,0,0,0,0,-445000,0,0,0,0,445000,-445000,-445000
063491,國巨富邦02購02  ,0,0,0,0,0,0,0,0,0,-446000,0,0,0,359000,805000,-446000,-446000
3030,德律            ,48000,468000,-420000,0,0,0,0,0,0,-26000,0,0,0,2000,28000,-26000,-446000
066453,嘉基群益01購01  ,0,0,0,0,0,0,0,0,0,-447000,0,0,0,10000,457000,-447000,-447000
066036,神隆元大02購01  ,0,0,0,0,0,0,0,0,0,-449000,0,0,0,106000,555000,-449000,-449000
056939,康控元富98購01  ,0,0,0,0,0,0,0,0,0,-449000,0,0,0,438000,887000,-449000,-449000
065739,正崴麥證9C購01  ,0,0,0,0,451000,-451000,0,0,0,-451000,0,0,0,0,451000,-451000,-451000
066483,瑞昱元富01購01  ,0,0,0,0,0,0,0,0,0,-451000,0,0,0,3000,454000,-451000,-451000
06564P,國巨富邦9A售04  ,0,0,0,0,0,0,0,0,0,-452000,0,0,0,100000,552000,-452000,-452000
054428,禾伸堂富邦98購01,0,0,0,0,0,0,0,0,0,-452000,0,0,0,8000,460000,-452000,-452000
06771P,台灣50中信02售01,0,0,0,0,0,0,0,0,0,-453000,0,0,0,9000,462000,-453000,-453000
4142,國光生          ,2804000,3257000,-453000,0,0,0,0,0,0,0,0,0,0,0,0,0,-453000
066014,嘉晶元富07購01  ,0,0,0,0,0,0,0,0,0,-454000,0,0,0,0,454000,-454000,-454000
3048,益登            ,5000,461000,-456000,0,0,0,0,0,0,2000,2000,0,2000,0,0,0,-454000
063057,祥碩統一03購01  ,0,0,0,0,0,0,0,0,0,-457000,0,0,0,568000,1025000,-457000,-457000
058321,大立光永豐99購01,0,0,0,0,0,0,0,0,0,-458000,0,0,0,404000,862000,-458000,-458000
063347,祥碩統一01購03  ,0,0,0,0,0,0,0,0,0,-458000,0,0,0,242000,700000,-458000,-458000
06328P,台積電中信01售02,0,0,0,0,0,0,0,0,0,-458000,0,0,0,0,458000,-458000,-458000
061003,南亞科兆豐9A購01,0,0,0,0,0,0,0,0,0,-464000,0,0,0,0,464000,-464000,-464000
2104,國際中橡        ,273000,647000,-374000,0,0,0,0,0,0,-90000,0,1000,-1000,0,89000,-89000,-464000
058145,聯茂元大99購03  ,0,0,0,0,0,0,0,0,0,-466000,0,0,0,2000,468000,-466000,-466000
2316,楠梓電          ,271000,652485,-381485,0,0,0,0,0,0,-85000,30000,50000,-20000,50000,115000,-65000,-466485
057536,康控元大99購03  ,0,0,0,0,0,0,0,0,0,-468000,0,0,0,170000,638000,-468000,-468000
2401,凌陽            ,620000,1109000,-489000,0,0,0,0,0,0,20000,20000,0,20000,0,0,0,-469000
066118,台郡兆豐01購01  ,0,0,0,0,0,0,0,0,0,-473000,0,0,0,170000,643000,-473000,-473000
08160P,茂林元富9B售03  ,0,0,0,0,0,0,0,0,0,-473000,0,0,0,113000,586000,-473000,-473000
063876,華新元富9C購01  ,0,0,0,0,0,0,0,0,0,-473000,0,0,0,170000,643000,-473000,-473000
08270P,鴻海富邦9C售02  ,0,0,0,0,0,0,0,0,0,-474000,0,0,0,0,474000,-474000,-474000
03683C,T50反1元大9C牛04,0,0,0,0,0,0,0,0,0,-474000,0,0,0,1777000,2251000,-474000,-474000
065658,聯發科富邦03購03,0,0,0,0,0,0,0,0,0,-476000,0,0,0,669000,1145000,-476000,-476000
060279,SP黃豆元大9A購01,0,0,0,0,0,0,0,0,0,-479000,0,0,0,20000,499000,-479000,-479000
064469,臻鼎元富9C購01  ,0,0,0,0,0,0,0,0,0,-480000,0,0,0,147000,627000,-480000,-480000
2376,技嘉            ,2188000,3014000,-826000,0,0,0,1182000,393000,789000,-443000,14000,272000,-258000,5000,190000,-185000,-480000
061773,和潤元大9B購01  ,0,0,0,0,0,0,0,0,0,-481000,0,0,0,244000,725000,-481000,-481000
2357,華碩            ,1162050,1615250,-453200,0,0,0,0,2000,-2000,-26000,6000,4000,2000,1000,29000,-28000,-481200
066283,鎧勝元大01購02  ,0,0,0,0,0,0,0,0,0,-483000,0,0,0,847000,1330000,-483000,-483000
066412,神隆元大01購01  ,0,0,0,0,0,0,0,0,0,-484000,0,0,0,117000,601000,-484000,-484000
061706,旭富國票9A購02  ,0,0,0,0,0,0,0,0,0,-485000,0,0,0,0,485000,-485000,-485000
2606,裕民            ,27000,509000,-482000,0,0,0,0,3000,-3000,0,0,0,0,0,0,0,-485000
060719,瀚宇博永豐9A購01,0,0,0,0,0,0,0,0,0,-486000,0,0,0,284000,770000,-486000,-486000
060183,南亞科元富9A購01,0,0,0,0,0,0,0,0,0,-486000,0,0,0,18000,504000,-486000,-486000
08706P,台積電統一02售04,0,0,0,0,0,0,0,0,0,-487000,0,0,0,12000,499000,-487000,-487000
064854,祥碩麥證9C購01  ,0,0,0,110000,598000,-488000,0,0,0,-488000,0,0,0,110000,598000,-488000,-488000
3605,宏致            ,256000,704000,-448000,0,0,0,0,0,0,-40000,0,40000,-40000,0,0,0,-488000
08110P,臺股指中信01售05,0,0,0,0,0,0,0,0,0,-489000,0,0,0,10000,499000,-489000,-489000
060772,FBVIX凱基9A購03 ,0,0,0,0,0,0,0,0,0,-489000,0,0,0,10000,499000,-489000,-489000
062263,康控元大9B購03  ,0,0,0,0,0,0,0,0,0,-489000,0,0,0,259000,748000,-489000,-489000
063145,台表科統一02購01,0,0,0,0,0,0,0,0,0,-490000,0,0,0,266000,756000,-490000,-490000
2609,陽明            ,67000,558000,-491000,0,0,0,0,0,0,0,0,0,0,0,0,0,-491000
061950,日月光群益9B購01,0,0,0,0,0,0,0,0,0,-492000,0,0,0,20000,512000,-492000,-492000
066225,松翰國泰03購01  ,0,0,0,0,0,0,0,0,0,-494000,0,0,0,181000,675000,-494000,-494000
064699,臻鼎群益9C購01  ,0,0,0,0,0,0,0,0,0,-495000,0,0,0,85000,580000,-495000,-495000
3044,健鼎            ,989000,824000,165000,0,0,0,0,613000,-613000,-47000,20000,49000,-29000,20000,38000,-18000,-495000
066234,群光富邦04購01  ,0,0,0,0,0,0,0,0,0,-497000,0,0,0,52000,549000,-497000,-497000
064171,燿華元富9C購01  ,0,0,0,0,0,0,0,0,0,-497000,0,0,0,2000,499000,-497000,-497000
054406,旺宏國票98購01  ,0,0,0,0,0,0,0,0,0,-499000,0,0,0,0,499000,-499000,-499000
060773,FBVIX凱基9A購04 ,0,0,0,0,0,0,0,0,0,-499000,0,0,0,0,499000,-499000,-499000
07649P,金像電永豐9A售02,0,0,0,0,0,0,0,0,0,-500000,0,0,0,0,500000,-500000,-500000
058106,神達統一98購02  ,0,0,0,0,0,0,0,0,0,-500000,0,0,0,100000,600000,-500000,-500000
6452,康友-KY         ,284000,685000,-401000,0,0,0,0,0,0,-102000,0,0,0,1000,103000,-102000,-503000
063176,南亞科兆豐9B購01,0,0,0,0,0,0,0,0,0,-504000,0,0,0,0,504000,-504000,-504000
07113P,台積電兆豐99售03,0,0,0,0,0,0,0,0,0,-507000,0,0,0,0,507000,-507000,-507000
06766P,玉晶光元大99售10,0,0,0,0,0,0,0,0,0,-509000,0,0,0,195000,704000,-509000,-509000
064445,聚陽統一02購01  ,0,0,0,0,0,0,0,0,0,-509000,0,0,0,0,509000,-509000,-509000
056947,國巨統一9A購01  ,0,0,0,0,0,0,0,0,0,-514000,0,0,0,0,514000,-514000,-514000
065300,燿華元富9C購03  ,0,0,0,0,0,0,0,0,0,-514000,0,0,0,56000,570000,-514000,-514000
2809,京城銀          ,47000,509000,-462000,0,0,0,1000,3000,-2000,-50000,0,0,0,0,50000,-50000,-514000
063818,矽創群益9C購01  ,0,0,0,0,0,0,0,0,0,-515000,0,0,0,118000,633000,-515000,-515000
063809,矽創兆豐01購01  ,0,0,0,0,0,0,0,0,0,-518000,0,0,0,21000,539000,-518000,-518000
056492,全新國泰9A購01  ,0,0,0,0,0,0,0,0,0,-519000,0,0,0,30000,549000,-519000,-519000
3380,明泰            ,1006000,1463000,-457000,0,0,0,0,0,0,-62000,50000,100000,-50000,16000,28000,-12000,-519000
07102P,南電元大99售03  ,0,0,0,0,0,0,0,0,0,-520000,0,0,0,0,520000,-520000,-520000
060611,同欣電凱基9A購02,0,0,0,0,0,0,0,0,0,-521000,0,0,0,40000,561000,-521000,-521000
057267,康控兆豐99購01  ,0,0,0,0,0,0,0,0,0,-522000,0,0,0,261000,783000,-522000,-522000
057059,易華電元大99購01,0,0,0,0,0,0,0,0,0,-523000,0,0,0,371000,894000,-523000,-523000
1909,榮成            ,257000,830000,-573000,0,0,0,0,0,0,50000,54000,40000,14000,36000,0,36000,-523000
4927,泰鼎-KY         ,856000,1376000,-520000,0,0,0,443000,137000,306000,-312000,2000,215000,-213000,76000,175000,-99000,-526000
064456,禾伸堂統一01購01,0,0,0,0,0,0,0,0,0,-527000,0,0,0,66000,593000,-527000,-527000
057719,欣興元富02購01  ,0,0,0,0,0,0,0,0,0,-528000,0,0,0,250000,778000,-528000,-528000
07347P,上証2X凱基99售02,0,0,0,0,0,0,0,0,0,-529000,0,0,0,20000,549000,-529000,-529000
064148,瑞昱統一02購01  ,0,0,0,0,0,0,0,0,0,-529000,0,0,0,144000,673000,-529000,-529000
3003,健和興          ,63000,546000,-483000,0,0,0,0,0,0,-50000,6000,0,6000,0,56000,-56000,-533000
058405,訊連元大99購02  ,0,0,0,0,0,0,0,0,0,-536000,0,0,0,92000,628000,-536000,-536000
046949,群創元大99購01  ,0,0,0,0,0,0,0,0,0,-537000,0,0,0,449000,986000,-537000,-537000
065901,台積電富邦03購04,0,0,0,0,0,0,0,0,0,-540000,0,0,0,235000,775000,-540000,-540000
059093,旭富元大99購01  ,0,0,0,0,0,0,0,0,0,-546000,0,0,0,595000,1141000,-546000,-546000
062680,微星統一01購01  ,0,0,0,0,0,0,0,0,0,-547000,0,0,0,185000,732000,-547000,-547000
2342,茂矽            ,1115000,1633000,-518000,0,0,0,0,0,0,-30000,0,30000,-30000,0,0,0,-548000
6505,台塑化          ,579000,1096000,-517000,0,0,0,0,29000,-29000,-3000,0,3000,-3000,0,0,0,-549000
066472,美利達統一02購01,0,0,0,0,0,0,0,0,0,-550000,0,0,0,258000,808000,-550000,-550000
065782,健策富邦01購02  ,0,0,0,0,0,0,0,0,0,-553000,0,0,0,2583000,3136000,-553000,-553000
1904,正隆            ,1196000,1092000,104000,0,0,0,0,608000,-608000,-51000,40000,1000,39000,12000,102000,-90000,-555000
1303,南亞            ,3479000,4003000,-524000,0,0,0,0,32000,-32000,-2000,8000,2000,6000,0,8000,-8000,-558000
08526P,義隆元大9C售04  ,0,0,0,0,0,0,0,0,0,-558000,0,0,0,0,558000,-558000,-558000
062980,康控元富9B購01  ,0,0,0,0,0,0,0,0,0,-561000,0,0,0,852000,1413000,-561000,-561000
3596,智易            ,413000,571000,-158000,0,0,0,0,313000,-313000,-90000,8000,0,8000,9000,107000,-98000,-561000
061427,旭富元大9A購02  ,0,0,0,0,0,0,0,0,0,-562000,0,0,0,378000,940000,-562000,-562000
6112,聚碩            ,146000,688000,-542000,0,0,0,0,0,0,-21000,0,0,0,8000,29000,-21000,-563000
1227,佳格            ,221871,786000,-564129,0,0,0,1000,0,1000,0,0,0,0,0,0,0,-563129
062681,全新統一01購01  ,0,0,0,0,0,0,0,0,0,-565000,0,0,0,65000,630000,-565000,-565000
2515,中工            ,289000,932000,-643000,0,0,0,0,0,0,74000,0,1000,-1000,100000,25000,75000,-569000
064829,義隆統一01購02  ,0,0,0,0,0,0,0,0,0,-570000,0,0,0,461000,1031000,-570000,-570000
065013,矽創國泰02購01  ,0,0,0,0,0,0,0,0,0,-570000,0,0,0,487000,1057000,-570000,-570000
08638P,泰碩國票9C售01  ,0,0,0,0,0,0,0,0,0,-571000,0,0,0,0,571000,-571000,-571000
08152P,祥碩統一9B售02  ,0,0,0,0,0,0,0,0,0,-577000,0,0,0,20000,597000,-577000,-577000
062734,臺指反國票9C購03,0,0,0,0,0,0,0,0,0,-581000,0,0,0,446000,1027000,-581000,-581000
2383,台光電          ,931000,1410000,-479000,0,0,0,0,5000,-5000,-97000,144000,229000,-85000,11000,23000,-12000,-581000
062953,大立光永豐9B購01,0,0,0,0,0,0,0,0,0,-582000,0,0,0,0,582000,-582000,-582000
07821P,臺股指國票9A售12,0,0,0,0,0,0,0,0,0,-583000,0,0,0,167000,750000,-583000,-583000
064075,台積電中信06購01,0,0,0,0,0,0,0,0,0,-587000,0,0,0,10000,597000,-587000,-587000
066284,松翰元大01購01  ,0,0,0,0,0,0,0,0,0,-589000,0,0,0,781000,1370000,-589000,-589000
058744,FBVIX凱基9C購03 ,0,0,0,0,0,0,0,0,0,-595000,0,0,0,100000,695000,-595000,-595000
062822,力成兆豐9B購01  ,0,0,0,0,0,0,0,0,0,-598000,0,0,0,113000,711000,-598000,-598000
064530,康控中信9C購01  ,0,0,0,0,0,0,0,0,0,-598000,0,0,0,102000,700000,-598000,-598000
056790,彩晶群益98購03  ,0,0,0,0,0,0,0,0,0,-600000,0,0,0,0,600000,-600000,-600000
8046,南電            ,1936000,1625000,311000,0,0,0,0,74000,-74000,-846000,45000,748000,-703000,6000,149000,-143000,-609000
06604P,聯發科元富02售02,0,0,0,0,0,0,0,0,0,-610000,0,0,0,0,610000,-610000,-610000
066280,眾達元大01購01  ,0,0,0,0,0,0,0,0,0,-614000,0,0,0,463000,1077000,-614000,-614000
07071P,立積元富99售01  ,0,0,0,0,0,0,0,0,0,-616000,0,0,0,559000,1175000,-616000,-616000
2605,新興            ,87000,675560,-588560,0,0,0,0,0,0,-36000,0,20000,-20000,0,16000,-16000,-624560
063501,旭富永豐9B購02  ,0,0,0,0,0,0,0,0,0,-627000,0,0,0,742000,1369000,-627000,-627000
9958,世紀鋼          ,686000,889000,-203000,0,0,0,0,500000,-500000,75000,0,20000,-20000,226000,131000,95000,-628000
066247,中化元大01購02  ,0,0,0,0,0,0,0,0,0,-629000,0,0,0,115000,744000,-629000,-629000
066489,京鼎元富04購01  ,0,0,0,0,0,0,0,0,0,-629000,0,0,0,229000,858000,-629000,-629000
6197,佳必琪          ,406000,944000,-538000,0,0,0,0,0,0,-98000,0,98000,-98000,0,0,0,-636000
08627P,臺股指群益9C售22,0,0,0,0,0,0,0,0,0,-639000,0,0,0,5000,644000,-639000,-639000
062341,台表科麥證9C購01,0,0,0,0,639000,-639000,0,0,0,-639000,0,0,0,0,639000,-639000,-639000
064809,冠德元大9C購01  ,0,0,0,0,0,0,0,0,0,-640000,0,0,0,79000,719000,-640000,-640000
3708,上緯投控        ,416000,957000,-541000,0,0,0,0,0,0,-101000,1000,0,1000,17000,119000,-102000,-642000
065815,微星元富9C購01  ,0,0,0,0,0,0,0,0,0,-644000,0,0,0,180000,824000,-644000,-644000
064235,美律統一9C購02  ,0,0,0,0,0,0,0,0,0,-646000,0,0,0,0,646000,-646000,-646000
064368,日月光統一01購01,0,0,0,0,0,0,0,0,0,-652000,0,0,0,35000,687000,-652000,-652000
063277,大成鋼元大9B購03,0,0,0,0,0,0,0,0,0,-654000,0,0,0,102000,756000,-654000,-654000
061972,華新元大9B購01  ,0,0,0,0,0,0,0,0,0,-657000,0,0,0,60000,717000,-657000,-657000
053117,大立光中信9A購02,0,0,0,0,0,0,0,0,0,-658000,0,0,0,467000,1125000,-658000,-658000
00712,FH富時不動產    ,31000,144000,-113000,0,0,0,0,0,0,-551000,0,0,0,53000,604000,-551000,-664000
00680L,元大美債20正2   ,0,180000,-180000,0,0,0,0,0,0,-486000,0,0,0,2000,488000,-486000,-666000
060121,新光金富邦99購01,0,0,0,0,0,0,0,0,0,-668000,0,0,0,531000,1199000,-668000,-668000
03650C,T50反1元大98牛05,0,0,0,0,0,0,0,0,0,-675000,0,0,0,22000,697000,-675000,-675000
063400,華擎群益9B購03  ,0,0,0,0,0,0,0,0,0,-679000,0,0,0,20000,699000,-679000,-679000
066218,美利達統一03購02,0,0,0,0,0,0,0,0,0,-681000,0,0,0,471000,1152000,-681000,-681000
08243P,祥碩凱基9C售02  ,0,0,0,0,0,0,0,0,0,-681000,0,0,0,30000,711000,-681000,-681000
065902,燿華富邦02購01  ,0,0,0,0,0,0,0,0,0,-686000,0,0,0,80000,766000,-686000,-686000
08068P,宏達電國泰9C售01,0,0,0,0,0,0,0,0,0,-687000,0,0,0,0,687000,-687000,-687000
4906,正文            ,447000,1064138,-617138,0,0,0,0,0,0,-73000,0,1000,-1000,3000,75000,-72000,-690138
4935,茂林-KY         ,128000,494000,-366000,0,0,0,0,306000,-306000,-20000,0,0,0,16000,36000,-20000,-692000
063437,聚陽統一01購01  ,0,0,0,0,0,0,0,0,0,-696000,0,0,0,8000,704000,-696000,-696000
065518,聯鈞群益9C購02  ,0,0,0,0,0,0,0,0,0,-698000,0,0,0,112000,810000,-698000,-698000
06138P,台積電中信99售01,0,0,0,0,0,0,0,0,0,-700000,0,0,0,30000,730000,-700000,-700000
05644P,大立光中信9A售03,0,0,0,0,0,0,0,0,0,-700000,0,0,0,80000,780000,-700000,-700000
6005,群益證          ,2708000,3405770,-697770,0,0,0,0,4000,-4000,0,0,0,0,0,0,0,-701770
2906,高林            ,153000,859000,-706000,0,0,0,0,0,0,0,0,0,0,0,0,0,-706000
061798,晶豪科永豐9B購01,0,0,0,0,0,0,0,0,0,-711000,0,0,0,40000,751000,-711000,-711000
063976,正崴兆豐9C購01  ,0,0,0,0,0,0,0,0,0,-715000,0,0,0,143000,858000,-715000,-715000
1536,和大            ,156000,710000,-554000,0,0,0,0,120000,-120000,-46000,6000,21000,-15000,1000,32000,-31000,-720000
2332,友訊            ,2771000,3501295,-730295,0,0,0,0,0,0,8000,36000,8000,28000,24000,44000,-20000,-722295
060162,碩天永豐9A購01  ,0,0,0,0,0,0,0,0,0,-723000,0,0,0,40000,763000,-723000,-723000
2353,宏碁            ,2728000,3718000,-990000,0,0,0,2000,5000,-3000,268000,216000,0,216000,380000,328000,52000,-725000
061131,崇越永豐9A購01  ,0,0,0,0,0,0,0,0,0,-728000,0,0,0,105000,833000,-728000,-728000
2845,遠東銀          ,56000,783000,-727000,0,0,0,2000,11000,-9000,0,0,0,0,0,0,0,-736000
6251,定穎            ,330000,898696,-568696,0,0,0,0,172000,-172000,0,0,0,0,0,0,0,-740696
066246,中化元大01購01  ,0,0,0,0,0,0,0,0,0,-744000,0,0,0,204000,948000,-744000,-744000
064483,瑞儀永豐9C購01  ,0,0,0,0,0,0,0,0,0,-748000,0,0,0,68000,816000,-748000,-748000
05830P,滬深2X元富99售03,0,0,0,0,0,0,0,0,0,-758000,0,0,0,358000,1116000,-758000,-758000
00664R,國泰臺灣加權反1 ,0,0,0,0,0,0,0,0,0,-759000,0,0,0,351000,1110000,-759000,-759000
065254,大成鋼元大9C購01,0,0,0,0,0,0,0,0,0,-761000,0,0,0,51000,812000,-761000,-761000
1773,勝一            ,168800,822000,-653200,0,0,0,0,0,0,-110000,0,110000,-110000,0,0,0,-763200
065299,燿華元富9C購02  ,0,0,0,0,0,0,0,0,0,-768000,0,0,0,1000,769000,-768000,-768000
063881,嘉晶元富9C購01  ,0,0,0,0,0,0,0,0,0,-770000,0,0,0,12000,782000,-770000,-770000
065586,嘉聯益富邦03購01,0,0,0,0,0,0,0,0,0,-779000,0,0,0,79000,858000,-779000,-779000
065952,聯發科統一03購02,0,0,0,0,0,0,0,0,0,-780000,0,0,0,113000,893000,-780000,-780000
3406,玉晶光          ,997000,1653000,-656000,0,0,0,26000,86000,-60000,-71000,64000,63000,1000,68000,140000,-72000,-787000
065451,台表科統一02購04,0,0,0,0,0,0,0,0,0,-794000,0,0,0,164000,958000,-794000,-794000
065271,日月光元大9C購02,0,0,0,0,0,0,0,0,0,-802000,0,0,0,120000,922000,-802000,-802000
064684,巨大兆豐9C購01  ,0,0,0,0,0,0,0,0,0,-802000,0,0,0,253000,1055000,-802000,-802000
066542,臺指反元大04購02,0,0,0,0,0,0,0,0,0,-803000,0,0,0,0,803000,-803000,-803000
060807,新光金群益9A購01,0,0,0,0,0,0,0,0,0,-812000,0,0,0,86000,898000,-812000,-812000
066346,眾達永豐01購01  ,0,0,0,0,0,0,0,0,0,-816000,0,0,0,71000,887000,-816000,-816000
2314,台揚            ,246000,1062000,-816000,0,0,0,0,0,0,0,0,0,0,0,0,0,-816000
08598P,立積元大9C售04  ,0,0,0,0,0,0,0,0,0,-817000,0,0,0,246000,1063000,-817000,-817000
059581,日月光元富99購02,0,0,0,0,0,0,0,0,0,-817000,0,0,0,192000,1009000,-817000,-817000
2451,創見            ,116000,429200,-313200,0,0,0,0,0,0,-504000,0,485000,-485000,0,19000,-19000,-817200
2547,日勝生          ,3000,820444,-817444,0,0,0,0,0,0,0,0,0,0,0,0,0,-817444
062207,牧德國票9B購02  ,0,0,0,0,0,0,0,0,0,-821000,0,0,0,355000,1176000,-821000,-821000
064676,聚陽兆豐9C購01  ,0,0,0,0,0,0,0,0,0,-826000,0,0,0,121000,947000,-826000,-826000
1708,東鹼            ,93000,631520,-538520,0,0,0,0,0,0,-293000,0,193000,-193000,0,100000,-100000,-831520
2352,佳世達          ,107000,925000,-818000,0,0,0,1000,4000,-3000,-16000,0,0,0,0,16000,-16000,-837000
062332,大立光統一9B購11,0,0,0,0,0,0,0,0,0,-846000,0,0,0,1680000,2526000,-846000,-846000
06503P,臺股指中信9A售02,0,0,0,0,0,0,0,0,0,-852000,0,0,0,173000,1025000,-852000,-852000
2634,漢翔            ,151000,539000,-388000,0,0,0,0,2000,-2000,-473000,0,149000,-149000,38000,362000,-324000,-863000
1731,美吾華          ,134000,1010000,-876000,0,0,0,0,0,0,0,0,0,0,0,0,0,-876000
2313,華通            ,3751000,2842000,909000,0,0,0,1000,734000,-733000,-1057000,246000,644000,-398000,251000,910000,-659000,-881000
4960,誠美材          ,883000,1765000,-882000,0,0,0,0,0,0,0,0,0,0,0,0,0,-882000
00640L,富邦日本正2     ,0,127000,-127000,0,0,0,0,0,0,-757000,0,0,0,373000,1130000,-757000,-884000
063788,矽創統一02購01  ,0,0,0,0,0,0,0,0,0,-887000,0,0,0,343000,1230000,-887000,-887000
063553,同欣電國票9B購03,0,0,0,0,0,0,0,0,0,-887000,0,0,0,21000,908000,-887000,-887000
064452,微星統一01購02  ,0,0,0,0,0,0,0,0,0,-896000,0,0,0,2000,898000,-896000,-896000
053083,中環元大99購01  ,0,0,0,0,0,0,0,0,0,-897000,0,0,0,101000,998000,-897000,-897000
061186,牧德國泰9C購01  ,0,0,0,0,0,0,0,0,0,-906000,0,0,0,484000,1390000,-906000,-906000
2449,京元電子        ,6325000,7659000,-1334000,0,0,0,2501000,13000,2488000,-2061000,10000,1050000,-1040000,62000,1083000,-1021000,-907000
08744P,臺股指凱基02售05,0,0,0,0,0,0,0,0,0,-910000,0,0,0,0,910000,-910000,-910000
07834P,聯詠群益9A售03  ,0,0,0,0,0,0,0,0,0,-911000,0,0,0,20000,931000,-911000,-911000
056187,京鼎統一97購01  ,0,0,0,0,0,0,0,0,0,-916000,0,0,0,30000,946000,-916000,-916000
054827,宏全元大9A購01  ,0,0,0,0,0,0,0,0,0,-916000,0,0,0,344000,1260000,-916000,-916000
1464,得力            ,48000,750000,-702000,0,0,0,0,0,0,-214000,0,0,0,0,214000,-214000,-916000
03432B,臺股指凱基98熊13,0,0,0,0,0,0,0,0,0,-917000,0,0,0,105000,1022000,-917000,-917000
063250,同欣電元大9B購03,0,0,0,0,0,0,0,0,0,-923000,0,0,0,229000,1152000,-923000,-923000
2014,中鴻            ,18000,947520,-929520,0,0,0,0,0,0,-1000,0,1000,-1000,0,0,0,-930520
9945,潤泰新          ,284000,1214000,-930000,0,0,0,0,0,0,-9000,16000,0,16000,0,25000,-25000,-939000
4938,和碩            ,2798000,2469000,329000,0,0,0,0,15000,-15000,-1268000,0,1235000,-1235000,14000,47000,-33000,-954000
1604,聲寶            ,277000,1195000,-918000,0,0,0,0,0,0,-39000,0,39000,-39000,0,0,0,-957000
061543,南亞科群益9A購01,0,0,0,0,0,0,0,0,0,-958000,0,0,0,2000,960000,-958000,-958000
03688C,T50反1凱基03牛02,0,0,0,0,0,0,0,0,0,-965000,0,0,0,2195000,3160000,-965000,-965000
058926,勤誠元富99購01  ,0,0,0,0,0,0,0,0,0,-966000,0,0,0,386000,1352000,-966000,-966000
2887,台新金          ,2910000,3826000,-916000,0,0,0,0,42000,-42000,-20000,0,4000,-4000,0,16000,-16000,-978000
066428,健策元大02購02  ,0,0,0,0,0,0,0,0,0,-990000,0,0,0,340000,1330000,-990000,-990000
061188,大成鋼富邦9B購01,0,0,0,0,0,0,0,0,0,-990000,0,0,0,65000,1055000,-990000,-990000
063922,大立光元富9C購04,0,0,0,0,0,0,0,0,0,-991000,0,0,0,201000,1192000,-991000,-991000
2493,揚博            ,1063000,1063000,0,0,0,0,0,0,0,-995000,6000,107000,-101000,6000,900000,-894000,-995000
061285,大立光統一9A購04,0,0,0,0,0,0,0,0,0,-998000,0,0,0,0,998000,-998000,-998000
057631,康控永豐98購02  ,0,0,0,0,0,0,0,0,0,-1000000,0,0,0,0,1000000,-1000000,-1000000
00648R,元大S&P500反1   ,0,0,0,0,0,0,0,0,0,-1003000,0,0,0,6000,1009000,-1003000,-1003000
2338,光罩            ,234000,965000,-731000,0,0,0,0,0,0,-272000,0,117000,-117000,75000,230000,-155000,-1003000
00669R,國泰美國道瓊反1 ,0,275000,-275000,0,0,0,0,0,0,-742000,0,0,0,786000,1528000,-742000,-1017000
00676R,富邦臺灣加權反1 ,0,0,0,0,0,0,0,0,0,-1027000,0,0,0,995000,2022000,-1027000,-1027000
057151,易華電國票99購01,0,0,0,0,0,0,0,0,0,-1027000,0,0,0,461000,1488000,-1027000,-1027000
2382,廣達            ,4341000,5488000,-1147000,0,0,0,0,22000,-22000,141000,562000,352000,210000,42000,111000,-69000,-1028000
061949,大立光群益9B購03,0,0,0,0,0,0,0,0,0,-1040000,0,0,0,20000,1060000,-1040000,-1040000
055899,群創中信99購01  ,0,0,0,0,0,0,0,0,0,-1066000,0,0,0,0,1066000,-1066000,-1066000
00715L,街口布蘭特油正2 ,0,0,0,0,0,0,0,0,0,-1091000,0,0,0,1000,1092000,-1091000,-1091000
2436,偉詮電          ,788000,1870599,-1082599,0,0,0,0,0,0,-28000,3000,31000,-28000,0,0,0,-1110599
2108,南帝            ,582000,1561585,-979585,0,0,0,0,6000,-6000,-129000,60000,95000,-35000,40000,134000,-94000,-1114585
065220,義隆富邦01購02  ,17000,0,17000,0,0,0,0,0,0,-1133000,0,0,0,370000,1503000,-1133000,-1116000
6239,力成            ,1503000,2591100,-1088100,0,0,0,1000,112000,-111000,76000,20000,2000,18000,72000,14000,58000,-1123100
07889P,旭富國票9B售01  ,0,0,0,0,0,0,0,0,0,-1126000,0,0,0,85000,1211000,-1126000,-1126000
03840P,台積電統一99售02,0,0,0,0,0,0,0,0,0,-1140000,0,0,0,0,1140000,-1140000,-1140000
050077,臺股指凱基99購02,0,0,0,0,0,0,0,0,0,-1147000,0,0,0,486000,1633000,-1147000,-1147000
2417,圓剛            ,3556000,4969000,-1413000,0,0,0,0,0,0,249000,250000,1000,249000,0,0,0,-1164000
063027,台汽電元大9B購01,0,0,0,0,0,0,0,0,0,-1172000,0,0,0,145000,1317000,-1172000,-1172000
062012,燿華富邦9C購01  ,0,0,0,0,0,0,0,0,0,-1173000,0,0,0,8000,1181000,-1173000,-1173000
8081,致新            ,115000,877000,-762000,0,0,0,77000,300000,-223000,-205000,1000,47000,-46000,1000,160000,-159000,-1190000
058188,華擎永豐99購01  ,0,0,0,0,0,0,0,0,0,-1192000,0,0,0,164000,1356000,-1192000,-1192000
065942,燿華元富01購01  ,0,0,0,0,0,0,0,0,0,-1203000,0,0,0,20000,1223000,-1203000,-1203000
07962P,聯詠中信05售03  ,0,0,0,0,0,0,0,0,0,-1210000,0,0,0,40000,1250000,-1210000,-1210000
064963,T50反1元大9C購09,0,0,0,0,0,0,0,0,0,-1214000,0,0,0,16000,1230000,-1214000,-1214000
2912,統一超          ,844000,2077000,-1233000,0,0,0,0,15000,-15000,30000,30000,0,30000,0,0,0,-1218000
059091,中信金元大99購01,0,0,0,0,0,0,0,0,0,-1225000,0,0,0,306000,1531000,-1225000,-1225000
064918,中信金統一02購01,0,0,0,0,0,0,0,0,0,-1228000,0,0,0,0,1228000,-1228000,-1228000
2308,台達電          ,4239000,5414000,-1175000,0,0,0,182000,1012000,-830000,761000,840000,60000,780000,21000,40000,-19000,-1244000
2303,聯電            ,12175000,13047000,-872000,0,0,0,0,188000,-188000,-188000,371000,0,371000,25000,584000,-559000,-1248000
065344,瑞昱統一01購05  ,0,0,0,0,0,0,0,0,0,-1249000,0,0,0,136000,1385000,-1249000,-1249000
08393P,鴻海群益9C售05  ,0,0,0,0,0,0,0,0,0,-1287000,0,0,0,56000,1343000,-1287000,-1287000
5880,合庫金          ,2998000,4242000,-1244000,0,0,0,0,43000,-43000,0,0,0,0,0,0,0,-1287000
00634R,富邦上証反1     ,263000,795000,-532000,0,0,0,0,0,0,-770000,0,0,0,674000,1444000,-770000,-1302000
053118,大立光中信9C購01,0,0,0,0,0,0,0,0,0,-1306000,0,0,0,2093000,3399000,-1306000,-1306000
2542,興富發          ,260000,1582000,-1322000,0,0,0,1000,0,1000,12000,58000,36000,22000,0,10000,-10000,-1309000
047564,滬深2X國票99購01,0,0,0,0,0,0,0,0,0,-1312000,0,0,0,425000,1737000,-1312000,-1312000
057987,大立光元富98購02,0,0,0,0,0,0,0,0,0,-1320000,0,0,0,808000,2128000,-1320000,-1320000
057032,A50反1元大9B購01,0,0,0,0,0,0,0,0,0,-1328000,0,0,0,0,1328000,-1328000,-1328000
065312,日月光國票01購01,0,0,0,0,0,0,0,0,0,-1331000,0,0,0,278000,1609000,-1331000,-1331000
064503,日電貿元大9C購01,0,0,0,0,0,0,0,0,0,-1344000,0,0,0,3000,1347000,-1344000,-1344000
054079,鴻海中信98購02  ,0,0,0,0,0,0,0,0,0,-1360000,0,0,0,1407000,2767000,-1360000,-1360000
064625,健策元大01購02  ,0,0,0,0,0,0,0,0,0,-1363000,0,0,0,561000,1924000,-1363000,-1363000
066085,台積電富邦05購01,0,0,0,0,0,0,0,0,0,-1369000,0,0,0,186000,1555000,-1369000,-1369000
3019,亞光            ,1139000,2511000,-1372000,0,0,0,0,0,0,3000,251000,132000,119000,55000,171000,-116000,-1369000
8163,達方            ,1688000,1159000,529000,0,0,0,0,1000,-1000,-1917000,14000,240000,-226000,14000,1705000,-1691000,-1389000
066463,鎧勝統一02購01  ,0,0,0,0,0,0,0,0,0,-1392000,0,0,0,352000,1744000,-1392000,-1392000
2377,微星            ,1869000,2646000,-777000,0,0,0,35000,549000,-514000,-128000,230000,421000,-191000,126000,63000,63000,-1419000
064223,日電貿國票01購01,0,0,0,0,0,0,0,0,0,-1423000,0,0,0,9000,1432000,-1423000,-1423000
00671R,富邦NASDAQ反1   ,0,0,0,0,0,0,0,0,0,-1461000,0,0,0,240000,1701000,-1461000,-1461000
065861,台汽電元大9C購01,0,0,0,0,0,0,0,0,0,-1469000,0,0,0,264000,1733000,-1469000,-1469000
3041,揚智            ,293000,1768000,-1475000,0,0,0,0,0,0,-3000,1000,4000,-3000,0,0,0,-1478000
08551P,台積電群益9C售12,0,0,0,0,0,0,0,0,0,-1492000,0,0,0,0,1492000,-1492000,-1492000
4414,如興            ,739000,2272000,-1533000,0,0,0,0,0,0,4000,5000,1000,4000,0,0,0,-1529000
5264,鎧勝-KY         ,2384000,3766700,-1382700,0,0,0,376000,727000,-351000,193000,55000,21000,34000,243000,84000,159000,-1540700
057839,台積電富邦9A購02,0,0,0,0,0,0,0,0,0,-1548000,0,0,0,514000,2062000,-1548000,-1548000
3056,總太            ,145000,1730000,-1585000,0,0,0,0,0,0,22000,8000,0,8000,14000,0,14000,-1563000
061986,晶豪科元大9B購01,0,0,0,0,0,0,0,0,0,-1644000,0,0,0,214000,1858000,-1644000,-1644000
063209,巨大統一01購01  ,0,0,0,0,0,0,0,0,0,-1671000,0,0,0,373000,2044000,-1671000,-1671000
064723,大立光統一02購04,0,0,0,0,0,0,0,0,0,-1684000,0,0,0,70000,1754000,-1684000,-1684000
1717,長興            ,1687000,2514000,-827000,0,0,0,1000,2000,-1000,-881000,150000,165000,-15000,35000,901000,-866000,-1709000
6456,GIS-KY          ,592000,1966000,-1374000,0,0,0,0,148000,-148000,-191000,0,0,0,14000,205000,-191000,-1713000
057428,正崴兆豐98購01  ,0,0,0,0,0,0,0,0,0,-1766000,0,0,0,8000,1774000,-1766000,-1766000
062836,同欣電群益9B購02,0,0,0,0,0,0,0,0,0,-1770000,0,0,0,10000,1780000,-1770000,-1770000
2498,宏達電          ,1515000,3018000,-1503000,0,0,0,0,0,0,-280000,10000,10000,0,25000,305000,-280000,-1783000
00638R,元大滬深300反1  ,121000,0,121000,0,0,0,0,0,0,-1905000,0,0,0,579000,2484000,-1905000,-1784000
3698,隆達            ,1139000,2752000,-1613000,0,0,0,0,0,0,-193000,15000,208000,-193000,0,0,0,-1806000
1711,永光            ,317000,2075000,-1758000,0,0,0,0,0,0,-51000,0,0,0,0,51000,-51000,-1809000
3189,景碩            ,2834000,3636000,-802000,0,0,0,0,807000,-807000,-204000,8000,175000,-167000,53000,90000,-37000,-1813000
066464,台郡統一02購02  ,0,0,0,0,0,0,0,0,0,-1817000,0,0,0,284000,2101000,-1817000,-1817000
2101,南港            ,503000,2365000,-1862000,0,0,0,201000,0,201000,-165000,190000,0,190000,112000,467000,-355000,-1826000
5521,工信            ,547000,2409000,-1862000,0,0,0,0,0,0,30000,30000,0,30000,0,0,0,-1832000
2504,國產            ,1027000,1635000,-608000,0,0,0,0,0,0,-1230000,0,325000,-325000,209000,1114000,-905000,-1838000
1326,台化            ,934000,2725000,-1791000,0,0,0,0,58000,-58000,-5000,0,0,0,1000,6000,-5000,-1854000
065315,玉晶光中信03購02,0,0,0,0,0,0,0,0,0,-1980000,0,0,0,884000,2864000,-1980000,-1980000
2892,第一金          ,4784950,6732296,-1947346,0,0,0,0,42000,-42000,0,0,0,0,0,0,0,-1989346
6213,聯茂            ,1422000,1186000,236000,0,0,0,84000,2328000,-2244000,-47000,6000,30000,-24000,7000,30000,-23000,-2055000
2834,臺企銀          ,747905,2877155,-2129250,0,0,0,3000,23000,-20000,90000,10000,0,10000,80000,0,80000,-2059250
065529,聯發科中信01購04,0,0,0,0,0,0,0,0,0,-2066000,0,0,0,415000,2481000,-2066000,-2066000
065949,瑞昱統一01購06  ,0,0,0,0,0,0,0,0,0,-2076000,0,0,0,331000,2407000,-2076000,-2076000
066694,深中小群益03購01,0,0,0,0,0,0,0,0,0,-2118000,0,0,0,0,2118000,-2118000,-2118000
00633L,富邦上証正2     ,2410000,5574000,-3164000,0,0,0,40000,0,40000,995000,350000,200000,150000,7159000,6314000,845000,-2129000
1216,統一            ,3534000,5675000,-2141000,0,0,0,0,54000,-54000,44000,2000,2000,0,47000,3000,44000,-2151000
2201,裕隆            ,741000,1766000,-1025000,0,0,0,1000,958000,-957000,-225000,0,50000,-50000,30000,205000,-175000,-2207000
6116,彩晶            ,1498000,3162000,-1664000,0,0,0,0,0,0,-547000,24000,36000,-12000,400000,935000,-535000,-2211000
2882,國泰金          ,6569000,8624895,-2055895,0,0,0,0,137000,-137000,-29000,0,0,0,48000,77000,-29000,-2221895
2102,泰豐            ,1431000,3650411,-2219411,0,0,0,0,0,0,-100000,8000,0,8000,116000,224000,-108000,-2319411
2455,全新            ,574000,2801000,-2227000,0,0,0,140000,0,140000,-264000,53000,96000,-43000,119000,340000,-221000,-2351000
1440,南紡            ,522000,2730000,-2208000,0,0,0,0,0,0,-172000,0,0,0,0,172000,-172000,-2380000
3042,晶技            ,1968000,4208000,-2240000,0,0,0,0,0,0,-150000,174000,292000,-118000,83000,115000,-32000,-2390000
065621,聯發科第一9C購01,0,0,0,0,0,0,0,0,0,-2429000,0,0,0,74000,2503000,-2429000,-2429000
2880,華南金          ,2133000,4735143,-2602143,0,0,0,0,40000,-40000,0,0,0,0,0,0,0,-2642143
3006,晶豪科          ,1768000,4794000,-3026000,0,0,0,0,250000,-250000,604000,173000,53000,120000,549000,65000,484000,-2672000
2889,國票金          ,292000,2977000,-2685000,0,0,0,2000,0,2000,0,0,0,0,0,0,0,-2683000
2633,台灣高鐵        ,752000,3320000,-2568000,0,0,0,0,30000,-30000,-147000,4000,15000,-11000,14000,150000,-136000,-2745000
2327,國巨            ,1297000,3812050,-2515050,0,0,0,0,266000,-266000,-5000,74000,61000,13000,26000,44000,-18000,-2786050
1504,東元            ,606000,3354000,-2748000,0,0,0,2000,7000,-5000,-53000,0,21000,-21000,2000,34000,-32000,-2806000
1301,台塑            ,808000,3421000,-2613000,0,0,0,0,48000,-48000,-313000,2000,315000,-313000,0,0,0,-2974000
00653L,富邦印度正2     ,1228000,2549000,-1321000,0,0,0,0,0,0,-1696000,0,0,0,2567000,4263000,-1696000,-3017000
06696P,台灣50國票99售01,0,0,0,0,0,0,0,0,0,-3056000,0,0,0,0,3056000,-3056000,-3056000
1722,台肥            ,456000,3581000,-3125000,0,0,0,31000,9000,22000,41000,82000,0,82000,38000,79000,-41000,-3062000
2356,英業達          ,5490000,10585000,-5095000,0,0,0,2002000,18000,1984000,-78000,50000,26000,24000,24000,126000,-102000,-3189000
2603,長榮            ,902000,3854790,-2952790,0,0,0,2000,911000,-909000,530000,530000,0,530000,0,0,0,-3331790
1314,中石化          ,249000,3400000,-3151000,0,0,0,0,8000,-8000,-183000,0,10000,-10000,11000,184000,-173000,-3342000
2324,仁寶            ,7938000,11566000,-3628000,0,0,0,2000,27000,-25000,301000,692000,201000,491000,75000,265000,-190000,-3352000
3049,和鑫            ,1401000,4797395,-3396395,0,0,0,0,0,0,0,0,0,0,0,0,0,-3396395
1102,亞泥            ,2776000,6095000,-3319000,0,0,0,0,112000,-112000,-86000,32000,84000,-52000,126000,160000,-34000,-3517000
2891,中信金          ,18994120,17962000,1032120,0,0,0,2800000,435000,2365000,-7837000,102000,8500000,-8398000,642000,81000,561000,-4439880
2312,金寶            ,1328000,4832000,-3504000,0,0,0,0,0,0,-1021000,0,476000,-476000,23000,568000,-545000,-4525000
2317,鴻海            ,24681470,29396999,-4715529,0,0,0,0,26000,-26000,-317000,123000,255000,-132000,416000,601000,-185000,-5058529
2454,聯發科          ,2698858,8702210,-6003352,0,0,0,61000,78000,-17000,73000,112000,95000,17000,117000,61000,56000,-5947352
2458,義隆            ,2827579,9167271,-6339692,0,0,0,45000,158000,-113000,150000,474000,351000,123000,135000,108000,27000,-6302692
2884,玉山金          ,2255243,8665000,-6409757,0,0,0,0,54000,-54000,20000,30000,0,30000,0,10000,-10000,-6443757
00632R,元大台灣50反1   ,8941000,27085000,-18144000,0,0,0,0,0,0,11465000,101000,1000,100000,26528000,15163000,11365000,-6679000
2618,長榮航          ,1328000,8081163,-6753163,0,0,0,1000,14000,-13000,45000,193000,114000,79000,62000,96000,-34000,-6721163
2890,永豐金          ,6138487,8923000,-2784513,0,0,0,0,3942000,-3942000,-823000,2000,825000,-823000,0,0,0,-7549513
2610,華航            ,440000,8077000,-7637000,0,0,0,1000,11000,-10000,-162000,0,2000,-2000,0,160000,-160000,-7809000
2344,華邦電          ,2020000,9759000,-7739000,0,0,0,2000,9000,-7000,-76000,90000,82000,8000,104000,188000,-84000,-7822000
2883,開發金          ,8422000,10769000,-2347000,0,0,0,0,5704000,-5704000,-115000,0,10000,-10000,0,105000,-105000,-8166000
2337,旺宏            ,2095000,10070720,-7975720,0,0,0,1000,25000,-24000,-519000,24000,298000,-274000,64000,309000,-245000,-8518720
2885,元大金          ,4642000,15693350,-11051350,0,0,0,0,59000,-59000,82000,230000,100000,130000,0,48000,-48000,-11028350
2409,友達            ,13852000,23673000,-9821000,0,0,0,6000,2021000,-2015000,-3868000,1050000,4600000,-3550000,341000,659000,-318000,-15704000
3481,群創            ,15849000,41658600,-25809600,0,0,0,4823000,0,4823000,-895000,142000,452000,-310000,286000,871000,-585000,-21881600
00677U,富邦VIX         ,7557000,50912000,-43355000,0,0,0,0,0,0,-22028000,0,0,0,3034000,25062000,-22028000,-65383000
