證券代號,證券名稱,外陸資買進股數(不含外資自營商),外陸資賣出股數(不含外資自營商),外陸資買賣超股數(不含外資自營商),外資自營商買進股數,外資自營商賣出股數,外資自營商買賣超股數,投信買進股數,投信賣出股數,投信買賣超股數,自營商買賣超股數,自營商買進股數(自行買賣),自營商賣出股數(自行買賣),自營商買賣超股數(自行買賣),自營商買進股數(避險),自營商賣出股數(避險),自營商買賣超股數(避險),三大法人買賣超股數
00677U,富邦VIX         ,79143000,16856000,62287000,0,0,0,0,0,0,9681000,800000,0,800000,17232000,8351000,8881000,71968000
00637L,元大滬深300正2  ,12731000,0,12731000,0,0,0,0,0,0,14862000,0,0,0,20735000,5873000,14862000,27593000
2891,中信金          ,40858165,23183510,17674655,0,0,0,2994000,0,2994000,408000,189000,24000,165000,275000,32000,243000,21076655
2330,台積電          ,36257239,20885280,15371959,0,0,0,497000,175000,322000,945000,1116000,148000,968000,573000,596000,-23000,16638959
2888,新光金          ,18527868,12340576,6187292,0,0,0,34000,0,34000,5454000,2227000,0,2227000,3503000,276000,3227000,11675292
5880,合庫金          ,16777588,5714512,11063076,0,0,0,27000,0,27000,108000,10000,2000,8000,100000,0,100000,11198076
2892,第一金          ,18481724,9616626,8865098,0,0,0,747000,738000,9000,10000,5000,121000,-116000,136000,10000,126000,8884098
0050,元大台灣50      ,2404036,34000,2370036,0,0,0,57000,0,57000,5476000,0,10000,-10000,5702000,216000,5486000,7903036
2324,仁寶            ,10004489,2578564,7425925,0,0,0,289000,0,289000,107000,288000,13000,275000,0,168000,-168000,7821925
2881,富邦金          ,13195654,5650136,7545518,0,0,0,73000,0,73000,144000,39000,0,39000,252000,147000,105000,7762518
2344,華邦電          ,14613000,8059636,6553364,0,0,0,0,0,0,1205000,356000,39000,317000,1133000,245000,888000,7758364
2880,華南金          ,11176490,3824957,7351533,0,0,0,26000,0,26000,65000,13000,8000,5000,60000,0,60000,7442533
2409,友達            ,24158000,17794508,6363492,0,0,0,0,0,0,1035000,313000,52000,261000,825000,51000,774000,7398492
2890,永豐金          ,12100122,3480140,8619982,0,0,0,31000,1728000,-1697000,77000,9000,0,9000,68000,0,68000,6999982
2887,台新金          ,13702174,7415355,6286819,0,0,0,30000,0,30000,62000,45000,4000,41000,44000,23000,21000,6378819
3037,欣興            ,10456000,7982000,2474000,0,0,0,2993000,0,2993000,504000,459000,357000,102000,824000,422000,402000,5971000
1101,台泥            ,9892045,5810016,4082029,0,0,0,1081000,0,1081000,-42000,147000,100000,47000,11000,100000,-89000,5121029
2885,元大金          ,20703095,18676807,2026288,0,0,0,116000,0,116000,2789000,3072000,218000,2854000,22000,87000,-65000,4931288
2313,華通            ,6350000,3650000,2700000,0,0,0,3546000,2309000,1237000,930000,937000,260000,677000,359000,106000,253000,4867000
2303,聯電            ,39141263,35683289,3457974,0,0,0,32000,994000,-962000,2365000,3853000,278000,3575000,110000,1320000,-1210000,4860974
00875,國泰網路資安    ,3847000,0,3847000,0,0,0,0,0,0,770000,0,0,0,2623000,1853000,770000,4617000
00633L,富邦上証正2     ,3550000,364000,3186000,0,0,0,0,0,0,1429000,0,90000,-90000,3781000,2262000,1519000,4615000
2308,台達電          ,6842380,3205636,3636744,0,0,0,761000,0,761000,126000,113000,38000,75000,51000,0,51000,4523744
2412,中華電          ,5645756,1217578,4428178,0,0,0,11000,175000,-164000,115000,115000,0,115000,0,0,0,4379178
1303,南亞            ,7634605,3440379,4194226,0,0,0,120000,0,120000,36000,57000,21000,36000,0,0,0,4350226
2382,廣達            ,8118157,4578032,3540125,0,0,0,630000,0,630000,170000,252000,95000,157000,59000,46000,13000,4340125
2454,聯發科          ,8954660,4999209,3955451,0,0,0,76000,57000,19000,349000,337000,25000,312000,102000,65000,37000,4323451
2603,長榮            ,4883612,2489000,2394612,0,0,0,1195000,0,1195000,709000,709000,0,709000,0,0,0,4298612
0056,元大高股息      ,41076,30000,11076,0,0,0,100000,0,100000,4102000,0,20000,-20000,4122000,0,4122000,4213076
00631L,元大台灣50正2   ,325000,393000,-68000,0,0,0,0,0,0,4273000,40000,0,40000,7705000,3472000,4233000,4205000
00669R,國泰美國道瓊反1 ,2499000,331000,2168000,0,0,0,0,0,0,1997000,0,0,0,5141000,3144000,1997000,4165000
2834,臺企銀          ,10182841,6134580,4048261,0,0,0,7000,0,7000,49000,31000,0,31000,18000,0,18000,4104261
2356,英業達          ,4886000,1684794,3201206,0,0,0,480000,0,480000,257000,213000,0,213000,199000,155000,44000,3938206
2371,大同            ,4613444,1479696,3133748,0,0,0,0,0,0,789000,789000,0,789000,0,0,0,3922748
3481,群創            ,27659000,19614500,8044500,0,0,0,0,4300000,-4300000,158000,578000,96000,482000,5000,329000,-324000,3902500
8046,南電            ,3575000,2145000,1430000,0,0,0,2125000,0,2125000,296000,320000,11000,309000,312000,325000,-13000,3851000
4938,和碩            ,8215097,4657496,3557601,0,0,0,351000,0,351000,-118000,186000,256000,-70000,54000,102000,-48000,3790601
6116,彩晶            ,4014000,1107000,2907000,0,0,0,0,0,0,522000,123000,18000,105000,499000,82000,417000,3429000
00861,元大全球未來通訊,787000,0,787000,0,0,0,0,0,0,2512000,0,0,0,2777000,265000,2512000,3299000
3042,晶技            ,3323000,2457000,866000,0,0,0,2760000,79000,2681000,-258000,239000,309000,-70000,146000,334000,-188000,3289000
2515,中工            ,3226000,211000,3015000,0,0,0,0,0,0,-11000,9000,6000,3000,16000,30000,-14000,3004000
2002,中鋼            ,10264229,7392876,2871353,0,0,0,36000,0,36000,28000,28000,0,28000,0,0,0,2935353
3189,景碩            ,2992000,1669000,1323000,0,0,0,1095000,0,1095000,426000,179000,16000,163000,270000,7000,263000,2844000
2376,技嘉            ,3521000,1448000,2073000,0,0,0,333000,440000,-107000,782000,305000,34000,271000,650000,139000,511000,2748000
2449,京元電子        ,3830000,894472,2935528,0,0,0,456000,690000,-234000,44000,57000,67000,-10000,177000,123000,54000,2745528
1326,台化            ,5278476,2649838,2628638,0,0,0,29000,0,29000,-26000,21000,20000,1000,1000,28000,-27000,2631638
8112,至上            ,3237000,627000,2610000,0,0,0,0,0,0,9000,9000,0,9000,0,0,0,2619000
2633,台灣高鐵        ,3456374,883584,2572790,0,0,0,6000,0,6000,32000,63000,6000,57000,17000,42000,-25000,2610790
055131,茂林康和97購01  ,0,0,0,0,0,0,0,0,0,2583000,0,0,0,2955000,372000,2583000,2583000
5876,上海商銀        ,4183942,1407574,2776368,0,0,0,5000,0,5000,-241000,9000,252000,-243000,2000,0,2000,2540368
057475,聯電元大9A購01  ,0,0,0,0,0,0,0,0,0,2526000,0,0,0,2744000,218000,2526000,2526000
2867,三商壽          ,3309000,747000,2562000,0,0,0,0,0,0,-52000,36000,88000,-52000,0,0,0,2510000
059313,元石油元大99購06,0,0,0,0,0,0,0,0,0,2477000,0,0,0,3031000,554000,2477000,2477000
9904,寶成            ,4414115,2207126,2206989,0,0,0,88000,0,88000,9000,9000,0,9000,0,0,0,2303989
1102,亞泥            ,4742000,3966172,775828,0,0,0,1057000,0,1057000,426000,481000,10000,471000,45000,90000,-45000,2258828
2105,正新            ,3232000,1052744,2179256,0,0,0,4000,0,4000,39000,34000,11000,23000,18000,2000,16000,2222256
3545,敦泰            ,3039000,890000,2149000,0,0,0,0,0,0,0,0,0,0,0,0,0,2149000
6251,定穎            ,3449000,1587000,1862000,0,0,0,0,0,0,254000,354000,100000,254000,0,0,0,2116000
059312,元石油元大99購05,0,0,0,0,0,0,0,0,0,1967000,0,0,0,2343000,376000,1967000,1967000
3045,台灣大          ,2402701,856836,1545865,0,0,0,398000,0,398000,22000,38000,16000,22000,0,0,0,1965865
051277,聯發科中信9A購01,0,44000,-44000,0,0,0,0,0,0,1937000,0,0,0,1937000,0,1937000,1893000
6278,台表科          ,2521000,2191000,330000,0,0,0,1298000,0,1298000,256000,84000,0,84000,224000,52000,172000,1884000
00850,元大臺灣ESG永續 ,0,0,0,0,0,0,0,0,0,1875000,0,0,0,2153000,278000,1875000,1875000
1909,榮成            ,2822000,1037000,1785000,0,0,0,0,0,0,73000,129000,56000,73000,0,0,0,1858000
1301,台塑            ,5450958,5043396,407562,0,0,0,1337000,0,1337000,54000,97000,24000,73000,0,19000,-19000,1798562
00655L,國泰中國A50正2  ,3000,0,3000,0,0,0,0,0,0,1767000,0,0,0,2920000,1153000,1767000,1770000
2332,友訊            ,1770000,473000,1297000,0,0,0,0,0,0,406000,211000,26000,185000,448000,227000,221000,1703000
5471,松翰            ,2477000,774000,1703000,0,0,0,0,0,0,-10000,0,10000,-10000,0,0,0,1693000
3673,TPK-KY          ,2857000,1353632,1503368,0,0,0,0,0,0,140000,14000,4000,10000,210000,80000,130000,1643368
2368,金像電          ,9149000,9710000,-561000,0,0,0,676000,0,676000,1513000,2098000,735000,1363000,150000,0,150000,1628000
3017,奇鋐            ,1618000,409000,1209000,0,0,0,0,0,0,394000,411000,35000,376000,61000,43000,18000,1603000
3711,日月光投控      ,7027081,5984785,1042296,0,0,0,310000,0,310000,243000,46000,90000,-44000,305000,18000,287000,1595296
00646,元大S&P500      ,672000,9000,663000,0,0,0,0,0,0,913000,42000,0,42000,1111000,240000,871000,1576000
2385,群光            ,2427654,921580,1506074,0,0,0,48000,0,48000,-12000,20000,42000,-22000,43000,33000,10000,1542074
050171,臺指反元大97購03,0,0,0,0,0,0,0,0,0,1540000,0,0,0,1570000,30000,1540000,1540000
00662,富邦NASDAQ      ,1000,1000,0,0,0,0,0,0,0,1533000,135000,1000,134000,1400000,1000,1399000,1533000
3034,聯詠            ,2289508,1118480,1171028,0,0,0,201000,8000,193000,113000,146000,40000,106000,39000,32000,7000,1477028
2329,華泰            ,1662000,207000,1455000,0,0,0,0,0,0,9000,9000,0,9000,0,0,0,1464000
2481,強茂            ,1627000,193000,1434000,0,0,0,0,0,0,25000,2000,0,2000,25000,2000,23000,1459000
2323,中環            ,2629000,804685,1824315,0,0,0,0,0,0,-381000,53000,232000,-179000,0,202000,-202000,1443315
5871,中租-KY         ,2850000,1588838,1261162,0,0,0,4000,0,4000,152000,49000,0,49000,105000,2000,103000,1417162
2458,義隆            ,1245000,191000,1054000,0,0,0,330000,0,330000,12000,108000,315000,-207000,288000,69000,219000,1396000
2367,燿華            ,2850000,1565000,1285000,0,0,0,0,0,0,105000,1000,0,1000,116000,12000,104000,1390000
2393,億光            ,1425000,170000,1255000,0,0,0,0,0,0,98000,17000,0,17000,91000,10000,81000,1353000
2883,開發金          ,11724491,10419510,1304981,0,0,0,40000,0,40000,-9000,61000,258000,-197000,532000,344000,188000,1335981
4968,立積            ,918000,805000,113000,0,0,0,1040000,0,1040000,169000,49000,5000,44000,163000,38000,125000,1322000
3706,神達            ,1668000,1107000,561000,0,0,0,397000,5263,391737,342000,71000,109000,-38000,396000,16000,380000,1294737
060120,聯電富邦9B購01  ,0,0,0,0,0,0,0,0,0,1289000,0,0,0,1289000,0,1289000,1289000
3049,和鑫            ,1637000,353000,1284000,0,0,0,0,0,0,4000,5000,0,5000,1000,2000,-1000,1288000
2354,鴻準            ,1735184,510784,1224400,0,0,0,26000,0,26000,34000,28000,4000,24000,10000,0,10000,1284400
2014,中鴻            ,1481000,202000,1279000,0,0,0,0,0,0,5000,5000,0,5000,0,0,0,1284000
047584,元金2X永豐95購01,0,0,0,0,0,0,0,0,0,1260000,0,0,0,1260000,0,1260000,1260000
07292P,臺股指凱基99售44,0,0,0,0,0,0,0,0,0,1252000,0,0,0,2273000,1021000,1252000,1252000
00692,富邦公司治理    ,2000,2000,0,0,0,0,0,0,0,1234000,0,0,0,1893000,659000,1234000,1234000
059680,台積電國泰9A購03,0,0,0,0,0,0,0,0,0,1221000,0,0,0,1467000,246000,1221000,1221000
2882,國泰金          ,8829053,7686031,1143022,0,0,0,23000,0,23000,30000,0,50000,-50000,226000,146000,80000,1196022
054244,華新元大96購01  ,0,0,0,0,0,0,0,0,0,1178000,0,0,0,1230000,52000,1178000,1178000
2345,智邦            ,3225590,2004978,1220612,0,0,0,0,60000,-60000,6000,61000,27000,34000,13000,41000,-28000,1166612
060407,南六國泰9C購01  ,0,5000,-5000,0,0,0,0,0,0,1166000,0,0,0,1189000,23000,1166000,1161000
2201,裕隆            ,2723000,1596000,1127000,0,0,0,0,0,0,28000,8000,1000,7000,21000,0,21000,1155000
058379,臺股指凱基99購14,0,0,0,0,0,0,0,0,0,1133000,0,0,0,1133000,0,1133000,1133000
2353,宏碁            ,5320000,4664804,655196,0,0,0,4000,0,4000,456000,485000,98000,387000,80000,11000,69000,1115196
051107,鴻海統一95購05  ,0,0,0,0,0,0,0,0,0,1113000,0,0,0,1113000,0,1113000,1113000
057850,上銀兆豐99購02  ,0,0,0,0,0,0,0,0,0,1109000,0,0,0,1109000,0,1109000,1109000
052225,台積電凱基96購03,0,0,0,0,0,0,0,0,0,1105000,0,0,0,1105000,0,1105000,1105000
00635U,元大S&P黃金     ,54000,0,54000,0,0,0,0,0,0,1020000,100000,100000,0,1646000,626000,1020000,1074000
3702,大聯大          ,2234000,1265051,968949,0,0,0,168000,0,168000,-85000,19000,10000,9000,0,94000,-94000,1051949
3006,晶豪科          ,1189000,448000,741000,0,0,0,0,0,0,303000,67000,112000,-45000,364000,16000,348000,1044000
2049,上銀            ,1505990,575004,930986,0,0,0,6000,0,6000,106000,59000,9000,50000,74000,18000,56000,1042986
2347,聯強            ,2205000,1146000,1059000,0,0,0,55000,0,55000,-74000,12000,4000,8000,0,82000,-82000,1040000
057730,聯鈞國泰9A購01  ,0,0,0,0,0,0,0,0,0,1029000,0,0,0,1428000,399000,1029000,1029000
054477,聯發科中信9C購02,0,0,0,0,0,0,0,0,0,1020000,0,0,0,1020000,0,1020000,1020000
2377,微星            ,1157267,422089,735178,0,0,0,115000,0,115000,163000,155000,2000,153000,62000,52000,10000,1013178
3576,聯合再生        ,1165000,144000,1021000,0,0,0,0,0,0,-11000,3000,14000,-11000,0,0,0,1010000
055009,合勤控元富97購01,0,0,0,0,0,0,0,0,0,998000,0,0,0,998000,0,998000,998000
2352,佳世達          ,2343000,1541000,802000,0,0,0,122000,0,122000,58000,49000,6000,43000,15000,0,15000,982000
053675,臺股指元富96購02,0,0,0,0,0,0,0,0,0,975000,0,0,0,975000,0,975000,975000
058137,玉晶光元大99購11,0,0,0,0,0,0,0,0,0,971000,0,0,0,1269000,298000,971000,971000
054425,聯發科富邦99購03,0,0,0,0,0,0,0,0,0,952000,0,0,0,952000,0,952000,952000
07459P,緯穎元大9A售01  ,0,0,0,0,0,0,0,0,0,944000,0,0,0,1485000,541000,944000,944000
8081,致新            ,753000,179000,574000,0,0,0,314000,0,314000,51000,2000,15000,-13000,90000,26000,64000,939000
2542,興富發          ,1777008,935752,841256,0,0,0,0,0,0,96000,92000,15000,77000,19000,0,19000,937256
060429,南六永豐9A購01  ,0,0,0,0,0,0,0,0,0,922000,0,0,0,1016000,94000,922000,922000
1210,大成            ,1098000,682000,416000,0,0,0,445000,0,445000,57000,53000,0,53000,4000,0,4000,918000
2614,東森            ,973000,61000,912000,0,0,0,0,0,0,0,0,0,0,0,0,0,912000
056277,上銀富邦99購02  ,0,0,0,0,0,0,0,0,0,895000,0,0,0,895000,0,895000,895000
2102,泰豐            ,1584000,695000,889000,0,0,0,0,0,0,3000,3000,0,3000,0,0,0,892000
07303P,臺股指元大9A售36,0,0,0,0,0,0,0,0,0,878000,0,0,0,1150000,272000,878000,878000
058327,大毅統一9B購01  ,0,0,0,0,0,0,0,0,0,875000,0,0,0,1235000,360000,875000,875000
058210,臺股指凱基9C購04,0,0,0,0,0,0,0,0,0,863000,0,0,0,1002000,139000,863000,863000
055417,健策富邦98購02  ,0,0,0,0,0,0,0,0,0,859000,0,0,0,859000,0,859000,859000
3682,亞太電          ,961000,105128,855872,0,0,0,0,0,0,3000,3000,0,3000,0,0,0,858872
055404,超眾元富97購01  ,0,0,0,0,0,0,0,0,0,848000,0,0,0,1064000,216000,848000,848000
00701,國泰股利精選30  ,119000,1000,118000,0,0,0,0,0,0,721000,0,0,0,799000,78000,721000,839000
2855,統一證          ,1470000,758000,712000,0,0,0,121000,0,121000,0,0,0,0,0,0,0,833000
2884,玉山金          ,16690558,17650492,-959934,0,0,0,32000,0,32000,1760000,1719000,14000,1705000,61000,6000,55000,832066
2379,瑞昱            ,2014000,1469430,544570,0,0,0,143000,0,143000,141000,114000,48000,66000,79000,4000,75000,828570
059311,元石油元大99購04,0,0,0,0,0,0,0,0,0,821000,0,0,0,1691000,870000,821000,821000
047202,欣興元富96購01  ,0,0,0,0,0,0,0,0,0,810000,0,0,0,810000,0,810000,810000
2301,光寶科          ,2633902,1833020,800882,0,0,0,6000,0,6000,-6000,44000,28000,16000,37000,59000,-22000,800882
059181,世紀鋼元富9C購01,0,0,0,0,0,0,0,0,0,792000,0,0,0,959000,167000,792000,792000
058822,樺漢國泰9B購01  ,0,0,0,0,0,0,0,0,0,788000,0,0,0,935000,147000,788000,788000
03033P,微星國票03售01  ,0,0,0,0,0,0,0,0,0,784000,0,0,0,800000,16000,784000,784000
2823,中壽            ,5600177,5009144,591033,0,0,0,8000,0,8000,184000,11000,22000,-11000,562000,367000,195000,783033
020012,富邦行動通訊N   ,0,0,0,0,0,0,0,0,0,777000,0,0,0,798000,21000,777000,777000
8150,南茂            ,1369000,602000,767000,0,0,0,0,0,0,10000,11000,0,11000,55000,56000,-1000,777000
00634R,富邦上証反1     ,107000,16000,91000,0,0,0,0,0,0,673000,0,0,0,749000,76000,673000,764000
050892,聯電元大96購02  ,0,0,0,0,0,0,0,0,0,763000,0,0,0,773000,10000,763000,763000
2027,大成鋼          ,1272000,418000,854000,0,0,0,0,0,0,-92000,6000,0,6000,38000,136000,-98000,762000
058853,日月光群益99購01,0,0,0,0,0,0,0,0,0,760000,0,0,0,760000,0,760000,760000
6257,矽格            ,1068000,312438,755562,0,0,0,0,0,0,-9000,178000,267000,-89000,130000,50000,80000,746562
2369,菱生            ,876000,133000,743000,0,0,0,0,0,0,0,0,0,0,0,0,0,743000
042752,台灣50元大96購03,0,0,0,0,0,0,0,0,0,731000,0,0,0,731000,0,731000,731000
4746,台耀            ,939000,836000,103000,0,0,0,622000,0,622000,1000,5000,4000,1000,0,0,0,726000
2357,華碩            ,1584989,818055,766934,0,0,0,2000,25000,-23000,-20000,8000,16000,-8000,0,12000,-12000,723934
045053,聯發科元富98購01,0,0,0,0,0,0,0,0,0,721000,0,0,0,721000,0,721000,721000
07293P,臺股指凱基99售45,0,0,0,0,0,0,0,0,0,720000,0,0,0,985000,265000,720000,720000
1714,和桐            ,1115000,404000,711000,0,0,0,0,0,0,2000,2000,0,2000,0,0,0,713000
1722,台肥            ,698000,164000,534000,0,0,0,173000,0,173000,5000,8000,0,8000,3000,6000,-3000,712000
058637,晶技兆豐99購01  ,0,0,0,0,0,0,0,0,0,700000,0,0,0,705000,5000,700000,700000
052813,T50正2永豐96購01,0,0,0,0,0,0,0,0,0,699000,0,0,0,699000,0,699000,699000
006205,富邦上証        ,120000,0,120000,0,0,0,0,0,0,576438,180000,0,180000,1520438,1124000,396438,696438
00670L,富邦NASDAQ正2   ,86000,86000,0,0,0,0,0,0,0,694000,0,0,0,2152000,1458000,694000,694000
053082,聯電元大98購03  ,0,0,0,0,0,0,0,0,0,693000,0,0,0,1758000,1065000,693000,693000
1718,中纖            ,1055000,358953,696047,0,0,0,0,0,0,-4000,9000,13000,-4000,0,0,0,692047
057856,聯鈞國票99購03  ,0,0,0,0,0,0,0,0,0,678000,0,0,0,882000,204000,678000,678000
054229,超眾元富96購05  ,0,0,0,0,0,0,0,0,0,675000,0,0,0,778000,103000,675000,675000
060468,聯鈞元大9A購02  ,0,0,0,0,0,0,0,0,0,668000,0,0,0,775000,107000,668000,668000
2448,晶電            ,2391000,1591000,800000,0,0,0,30000,0,30000,-166000,77000,313000,-236000,90000,20000,70000,664000
2404,漢唐            ,890000,168000,722000,0,0,0,0,59000,-59000,-7000,6000,5000,1000,13000,21000,-8000,656000
4904,遠傳            ,2191266,1571356,619910,0,0,0,4000,0,4000,31000,37000,6000,31000,0,0,0,654910
059307,T50反1元大99購06,0,0,0,0,0,0,0,0,0,648000,0,0,0,1904000,1256000,648000,648000
4935,茂林-KY         ,1025000,200000,825000,0,0,0,201000,304000,-103000,-77000,49000,178000,-129000,66000,14000,52000,645000
3443,創意            ,659000,86000,573000,0,0,0,43000,0,43000,29000,18000,36000,-18000,49000,2000,47000,645000
055448,健策統一97購02  ,0,0,0,0,0,0,0,0,0,640000,0,0,0,640000,0,640000,640000
059500,鴻海元富99購11  ,0,0,0,0,0,0,0,0,0,634000,0,0,0,660000,26000,634000,634000
3596,智易            ,728481,134000,594481,0,0,0,0,0,0,39000,0,1000,-1000,48000,8000,40000,633481
07162P,臺股指群益99售13,0,0,0,0,0,0,0,0,0,633000,0,0,0,1124000,491000,633000,633000
055796,南電國泰98購01  ,0,0,0,0,0,0,0,0,0,632000,0,0,0,659000,27000,632000,632000
055657,超眾元富97購02  ,0,0,0,0,0,0,0,0,0,629000,0,0,0,913000,284000,629000,629000
059065,南電凱基9A購01  ,0,0,0,0,0,0,0,0,0,628000,0,0,0,632000,4000,628000,628000
6269,台郡            ,1084000,483000,601000,0,0,0,220000,217000,3000,16000,145000,181000,-36000,55000,3000,52000,620000
00641R,富邦日本反1     ,112000,6000,106000,0,0,0,0,0,0,513000,0,0,0,954000,441000,513000,619000
4943,康控-KY         ,697422,91000,606422,0,0,0,0,0,0,10000,3000,0,3000,19000,12000,7000,616422
3231,緯創            ,6855067,9037414,-2182347,0,0,0,2427000,0,2427000,365000,244000,113000,131000,339000,105000,234000,609653
8271,宇瞻            ,964000,259000,705000,0,0,0,0,100000,-100000,1000,1000,0,1000,0,0,0,606000
048139,南電國票94購02  ,0,0,0,0,0,0,0,0,0,600000,0,0,0,601000,1000,600000,600000
051405,世芯永豐95購01  ,0,0,0,0,0,0,0,0,0,600000,0,0,0,600000,0,600000,600000
057792,群創統一99購01  ,0,0,0,0,0,0,0,0,0,600000,0,0,0,610000,10000,600000,600000
2601,益航            ,751000,156000,595000,0,0,0,0,0,0,0,0,0,0,0,0,0,595000
8105,凌巨            ,673000,83000,590000,0,0,0,0,0,0,5000,5000,0,5000,0,0,0,595000
5521,工信            ,656000,62000,594000,0,0,0,0,0,0,0,0,0,0,0,0,0,594000
3016,嘉晶            ,788000,215000,573000,0,0,0,0,0,0,17000,0,0,0,37000,20000,17000,590000
055512,聯詠兆豐97購01  ,0,0,0,0,0,0,0,0,0,581000,0,0,0,880000,299000,581000,581000
9921,巨大            ,1674210,1109332,564878,0,0,0,0,0,0,14000,1000,0,1000,13000,0,13000,578878
06025P,臺股指元大99售02,0,0,0,0,0,0,0,0,0,575000,0,0,0,822000,247000,575000,575000
057357,超眾統一98購01  ,0,0,0,0,0,0,0,0,0,572000,0,0,0,583000,11000,572000,572000
052135,聯發科凱基9B購01,0,0,0,0,0,0,0,0,0,572000,0,0,0,572000,0,572000,572000
3062,建漢            ,599000,35000,564000,0,0,0,0,0,0,4000,4000,0,4000,0,0,0,568000
056051,T50反1元大97購05,0,0,0,0,0,0,0,0,0,560000,0,0,0,800000,240000,560000,560000
057039,元油2X元大9B購07,0,0,0,0,0,0,0,0,0,558000,0,0,0,558000,0,558000,558000
1802,台玻            ,660000,115000,545000,0,0,0,0,0,0,11000,11000,0,11000,0,0,0,556000
056505,聯發科永豐98購01,0,0,0,0,0,0,0,0,0,555000,0,0,0,555000,0,555000,555000
5269,祥碩            ,805000,200000,605000,0,0,0,56000,113000,-57000,6000,4000,10000,-6000,18000,6000,12000,554000
00638R,元大滬深300反1  ,210000,8000,202000,0,0,0,0,0,0,348000,0,0,0,425000,77000,348000,550000
2360,致茂            ,769000,479000,290000,0,0,0,233000,0,233000,24000,22000,8000,14000,14000,4000,10000,547000
055183,聯鈞統一97購01  ,0,0,0,0,0,0,0,0,0,542000,0,0,0,613000,71000,542000,542000
2897,王道銀行        ,628000,58000,570000,0,0,0,0,0,0,-31000,5000,36000,-31000,0,0,0,539000
058380,臺股指凱基99購15,0,0,0,0,0,0,0,0,0,538000,0,0,0,538000,0,538000,538000
1227,佳格            ,995361,463000,532361,0,0,0,0,0,0,5000,5000,0,5000,0,0,0,537361
2838,聯邦銀          ,678000,143000,535000,0,0,0,0,0,0,0,0,0,0,0,0,0,535000
00647L,元大S&P500正2   ,62000,22000,40000,0,0,0,0,0,0,495000,0,0,0,2781000,2286000,495000,535000
059322,晶技元大99購06  ,0,0,0,0,0,0,0,0,0,535000,0,0,0,594000,59000,535000,535000
1477,聚陽            ,847000,416950,430050,0,0,0,0,0,0,99000,87000,10000,77000,24000,2000,22000,529050
060487,盛群富邦9B購01  ,0,0,0,0,0,0,0,0,0,528000,0,0,0,538000,10000,528000,528000
059968,世紀鋼凱基99購03,0,0,0,0,0,0,0,0,0,521000,0,0,0,531000,10000,521000,521000
05232P,緯穎群益95售01  ,0,0,0,0,0,0,0,0,0,520000,0,0,0,520000,0,520000,520000
6456,GIS-KY          ,706000,193000,513000,0,0,0,0,0,0,4000,5000,0,5000,59000,60000,-1000,517000
2338,光罩            ,781000,398000,383000,0,0,0,0,0,0,129000,0,0,0,131000,2000,129000,512000
055387,世紀鋼元大97購01,0,0,0,0,0,0,0,0,0,509000,0,0,0,520000,11000,509000,509000
052349,鴻海統一95購15  ,0,0,0,0,0,0,0,0,0,508000,0,0,0,508000,0,508000,508000
060390,聯鈞群益9A購01  ,0,0,0,0,0,0,0,0,0,506000,0,0,0,617000,111000,506000,506000
046937,聯電元大99購01  ,0,0,0,0,0,0,0,0,0,506000,0,0,0,668000,162000,506000,506000
6141,柏承            ,552000,49000,503000,0,0,0,0,0,0,0,0,0,0,0,0,0,503000
056543,京鼎凱基98購01  ,0,0,0,0,0,0,0,0,0,500000,0,0,0,500000,0,500000,500000
049301,致新群益95購01  ,0,0,0,0,0,0,0,0,0,499000,0,0,0,499000,0,499000,499000
051109,美律統一95購02  ,0,0,0,0,0,0,0,0,0,499000,0,0,0,499000,0,499000,499000
3653,健策            ,471000,366000,105000,0,0,0,200000,12000,188000,205000,94000,53000,41000,214000,50000,164000,498000
1476,儒鴻            ,1493000,1185120,307880,0,0,0,152000,0,152000,38000,35000,10000,25000,13000,0,13000,497880
2417,圓剛            ,583000,87000,496000,0,0,0,0,0,0,0,0,0,0,0,0,0,496000
2439,美律            ,570209,33200,537009,0,0,0,0,0,0,-43000,2000,15000,-13000,58000,88000,-30000,494009
052939,富邦金兆豐96購01,0,0,0,0,0,0,0,0,0,494000,0,0,0,504000,10000,494000,494000
059468,智邦元大99購02  ,0,0,0,0,0,0,0,0,0,494000,0,0,0,528000,34000,494000,494000
07108P,FBVIX台新99售02 ,0,0,0,0,0,0,0,0,0,492000,0,0,0,492000,0,492000,492000
059922,大立光元大99購25,0,0,0,0,0,0,0,0,0,490000,0,0,0,579000,89000,490000,490000
5305,敦南            ,546000,59000,487000,0,0,0,0,0,0,3000,3000,0,3000,0,0,0,490000
059565,國巨凱基99購16  ,0,0,0,0,0,0,0,0,0,489000,0,0,0,542000,53000,489000,489000
00678,群益NBI生技     ,271000,0,271000,0,0,0,0,0,0,217000,10000,0,10000,507000,300000,207000,488000
00830,國泰費城半導體  ,128000,173700,-45700,0,0,0,0,0,0,532000,892000,10000,882000,438000,788000,-350000,486300
059845,欣興富邦9A購02  ,0,0,0,0,0,0,0,0,0,486000,0,0,0,1148000,662000,486000,486000
056855,祥碩中信98購02  ,0,0,0,0,0,0,0,0,0,485000,0,0,0,485000,0,485000,485000
2314,台揚            ,539000,47000,492000,0,0,0,0,0,0,-8000,0,0,0,0,8000,-8000,484000
03436B,臺股指元富99熊13,0,0,0,0,0,0,0,0,0,482000,0,0,0,563000,81000,482000,482000
2606,裕民            ,550000,127000,423000,0,0,0,48000,0,48000,10000,10000,0,10000,0,0,0,481000
07074P,FBVIX凱基9A售01 ,0,0,0,0,0,0,0,0,0,478000,0,0,0,478000,0,478000,478000
1795,美時            ,771000,295000,476000,0,0,0,0,0,0,0,2000,2000,0,0,0,0,476000
050392,群創統一96購01  ,0,0,0,0,0,0,0,0,0,475000,0,0,0,475000,0,475000,475000
2387,精元            ,768000,375000,393000,0,0,0,0,0,0,74000,1000,0,1000,110000,37000,73000,467000
058405,訊連元大99購02  ,0,0,0,0,0,0,0,0,0,464000,0,0,0,514000,50000,464000,464000
2405,浩鑫            ,470000,7000,463000,0,0,0,0,0,0,0,0,0,0,0,0,0,463000
058896,中環元大99購03  ,0,0,0,0,0,0,0,0,0,461000,0,0,0,550000,89000,461000,461000
059250,大立光凱基99購06,0,0,0,0,0,0,0,0,0,460000,0,0,0,484000,24000,460000,460000
1590,亞德客-KY       ,1112579,778108,334471,0,0,0,0,5000,-5000,127000,129000,5000,124000,9000,6000,3000,456471
050173,旺宏元大96購02  ,0,0,0,0,0,0,0,0,0,455000,0,0,0,455000,0,455000,455000
9935,慶豐富          ,627000,174000,453000,0,0,0,0,0,0,0,0,0,0,0,0,0,453000
060434,台汽電永豐9A購01,0,0,0,0,0,0,0,0,0,452000,0,0,0,478000,26000,452000,452000
055683,晶技凱基99購01  ,0,0,0,0,0,0,0,0,0,452000,0,0,0,452000,0,452000,452000
1455,集盛            ,598000,149000,449000,0,0,0,0,0,0,2000,2000,0,2000,0,0,0,451000
058125,元油2X元大9C購01,0,0,0,0,0,0,0,0,0,448000,0,0,0,448000,0,448000,448000
051359,中信金元大95購01,0,0,0,0,0,0,0,0,0,445000,0,0,0,445000,0,445000,445000
1304,台聚            ,679000,235000,444000,0,0,0,0,0,0,0,0,0,0,0,0,0,444000
2905,三商            ,508000,65000,443000,0,0,0,0,0,0,0,0,0,0,0,0,0,443000
6282,康舒            ,1059000,573000,486000,0,0,0,0,0,0,-44000,28000,20000,8000,2000,54000,-52000,442000
2383,台光電          ,343000,347000,-4000,0,0,0,352000,0,352000,90000,64000,7000,57000,54000,21000,33000,438000
3533,嘉澤            ,311000,264000,47000,0,0,0,298000,0,298000,92000,71000,19000,52000,54000,14000,40000,437000
048576,義隆國泰95購01  ,0,0,0,0,0,0,0,0,0,436000,0,0,0,508000,72000,436000,436000
059566,台積電凱基9A購11,0,0,0,0,0,0,0,0,0,435000,0,0,0,587000,152000,435000,435000
00650L,FH香港正2       ,74000,0,74000,0,0,0,0,0,0,360000,0,0,0,406000,46000,360000,434000
4958,臻鼎-KY         ,3586000,3792448,-206448,0,0,0,720000,96000,624000,13000,102000,52000,50000,104000,141000,-37000,430552
07289P,台灣50凱基99售07,0,0,0,0,0,0,0,0,0,428000,0,0,0,478000,50000,428000,428000
054890,聯鈞統一99購01  ,0,0,0,0,0,0,0,0,0,428000,0,0,0,465000,37000,428000,428000
6191,精成科          ,643000,221000,422000,0,0,0,0,0,0,5000,5000,0,5000,0,0,0,427000
3044,健鼎            ,943000,290000,653000,0,0,0,136000,0,136000,-363000,54000,406000,-352000,8000,19000,-11000,426000
2809,京城銀          ,706000,288000,418000,0,0,0,0,0,0,7000,7000,0,7000,0,0,0,425000
053658,亞光凱基96購01  ,0,0,0,0,0,0,0,0,0,424000,0,0,0,424000,0,424000,424000
058256,臺股指元大9A購20,0,0,0,0,0,0,0,0,0,423000,0,0,0,423000,0,423000,423000
055874,中環元富9A購01  ,0,0,0,0,0,0,0,0,0,422000,0,0,0,474000,52000,422000,422000
4919,新唐            ,440000,28000,412000,0,0,0,0,0,0,10000,0,0,0,10000,0,10000,422000
1536,和大            ,568000,437000,131000,0,0,0,0,0,0,289000,212000,3000,209000,83000,3000,80000,420000
052463,聯電統一96購01  ,0,0,0,0,0,0,0,0,0,418000,0,0,0,418000,0,418000,418000
059295,大立光元富99購05,0,0,0,0,0,0,0,0,0,418000,0,0,0,735000,317000,418000,418000
05625P,國巨國票97售01  ,0,0,0,0,0,0,0,0,0,416000,0,0,0,447000,31000,416000,416000
6005,群益證          ,1400000,1529000,-129000,0,0,0,545000,0,545000,0,0,0,0,0,0,0,416000
059397,T50反1元富99購05,0,0,0,0,0,0,0,0,0,411000,0,0,0,452000,41000,411000,411000
050853,南電國票96購01  ,0,0,0,0,0,0,0,0,0,402000,0,0,0,402000,0,402000,402000
048391,友訊國票94購01  ,0,0,0,0,0,0,0,0,0,400000,0,0,0,400000,0,400000,400000
055794,聯發科國泰99購01,0,0,0,0,0,0,0,0,0,400000,0,0,0,400000,0,400000,400000
057624,新日興國泰99購01,0,0,0,0,0,0,0,0,0,400000,0,0,0,506000,106000,400000,400000
5264,鎧勝-KY         ,612000,487000,125000,0,0,0,300000,0,300000,-25000,49000,0,49000,4000,78000,-74000,400000
9945,潤泰新          ,911708,564400,347308,0,0,0,37000,0,37000,15000,11000,14000,-3000,18000,0,18000,399308
1904,正隆            ,897000,521000,376000,0,0,0,0,0,0,20000,12000,0,12000,8000,0,8000,396000
053143,昇陽半永豐96購03,0,0,0,0,0,0,0,0,0,396000,0,0,0,396000,0,396000,396000
4961,天鈺            ,432000,58000,374000,0,0,0,0,0,0,21000,21000,0,21000,0,0,0,395000
054799,超眾群益98購01  ,0,0,0,0,0,0,0,0,0,394000,0,0,0,444000,50000,394000,394000
1434,福懋            ,969000,580000,389000,0,0,0,1000,0,1000,3000,3000,0,3000,0,0,0,393000
058970,鴻海永豐99購02  ,0,0,0,0,0,0,0,0,0,392000,0,0,0,500000,108000,392000,392000
060084,聯電元大99購02  ,0,0,0,0,0,0,0,0,0,391000,0,0,0,491000,100000,391000,391000
056894,佳世達元大99購01,0,0,0,0,0,0,0,0,0,390000,0,0,0,630000,240000,390000,390000
056717,康友永豐98購01  ,0,0,0,0,0,0,0,0,0,390000,0,0,0,600000,210000,390000,390000
2395,研華            ,732538,352292,380246,0,0,0,1000,0,1000,8000,16000,8000,8000,0,0,0,389246
058878,旭富國泰9B購01  ,0,0,0,0,0,0,0,0,0,389000,0,0,0,411000,22000,389000,389000
059607,台積電富邦9C購04,0,0,0,0,0,0,0,0,0,388000,0,0,0,447000,59000,388000,388000
054874,帆宣群益99購02  ,0,0,0,0,0,0,0,0,0,388000,0,0,0,388000,0,388000,388000
054455,楠梓電群益98購02,0,0,0,0,0,0,0,0,0,388000,0,0,0,388000,0,388000,388000
4414,如興            ,564000,189000,375000,0,0,0,0,0,0,12000,12000,0,12000,0,0,0,387000
059503,大立光富邦9B購04,0,0,0,0,0,0,0,0,0,385000,0,0,0,385000,0,385000,385000
058467,日月光中信9A購01,0,0,0,0,0,0,0,0,0,384000,0,0,0,1075000,691000,384000,384000
2615,萬海            ,581000,199000,382000,0,0,0,1000,0,1000,0,0,0,0,0,0,0,383000
06595P,祥碩元大98售03  ,0,0,0,0,0,0,0,0,0,383000,0,0,0,534000,151000,383000,383000
0061,元大寶滬深      ,3000,53000,-50000,0,0,0,0,0,0,429000,110000,0,110000,365000,46000,319000,379000
049200,元黃金群益98購01,0,0,0,0,0,0,0,0,0,377000,0,0,0,377000,0,377000,377000
055442,矽創國票98購02  ,0,0,0,0,0,0,0,0,0,375000,0,0,0,375000,0,375000,375000
1305,華夏            ,627000,248000,379000,0,0,0,0,0,0,-5000,0,5000,-5000,0,0,0,374000
2392,正崴            ,714000,362000,352000,0,0,0,0,0,0,19000,20000,4000,16000,3000,0,3000,371000
050135,禾伸堂兆豐95購01,0,0,0,0,0,0,0,0,0,370000,0,0,0,469000,99000,370000,370000
054018,華新台新96購01  ,0,0,0,0,0,0,0,0,0,370000,0,0,0,370000,0,370000,370000
2316,楠梓電          ,718000,309000,409000,0,0,0,0,0,0,-41000,2000,0,2000,40000,83000,-43000,368000
050515,聯電元大96購01  ,0,0,0,0,0,0,0,0,0,367000,0,0,0,528000,161000,367000,367000
058750,緯穎凱基9A購03  ,0,0,0,0,0,0,0,0,0,367000,0,0,0,485000,118000,367000,367000
059341,台積電凱基99購15,0,0,0,0,0,0,0,0,0,366000,0,0,0,367000,1000,366000,366000
1313,聯成            ,556782,191000,365782,0,0,0,0,0,0,0,0,0,0,0,0,0,365782
6443,元晶            ,376000,16000,360000,0,0,0,0,0,0,0,0,0,0,0,0,0,360000
054198,台積電永昌96購08,0,0,0,0,0,0,0,0,0,359000,0,0,0,359000,0,359000,359000
059982,聯發科元大99購37,0,0,0,0,0,0,0,0,0,356000,0,0,0,737000,381000,356000,356000
07257P,臺股指凱基99售37,0,0,0,0,0,0,0,0,0,355000,0,0,0,677000,322000,355000,355000
054423,華新富邦96購01  ,0,0,0,0,0,0,0,0,0,355000,0,0,0,365000,10000,355000,355000
060560,欣興國泰9C購01  ,0,0,0,0,0,0,0,0,0,354000,0,0,0,595000,241000,354000,354000
2207,和泰車          ,499266,150374,348892,0,0,0,0,0,0,5000,5000,0,5000,0,0,0,353892
059676,台積電台新99購05,0,0,0,0,0,0,0,0,0,352000,0,0,0,385000,33000,352000,352000
3090,日電貿          ,355000,72000,283000,0,0,0,0,0,0,69000,6000,0,6000,68000,5000,63000,352000
07472P,和碩元大9A售03  ,0,0,0,0,0,0,0,0,0,351000,0,0,0,360000,9000,351000,351000
058100,聯茂國泰99購02  ,0,0,0,0,0,0,0,0,0,351000,0,0,0,715000,364000,351000,351000
060208,卜蜂康和9A購01  ,0,0,0,0,0,0,0,0,0,350000,0,0,0,424000,74000,350000,350000
051410,京元電國票96購01,0,0,0,0,0,0,0,0,0,350000,0,0,0,350000,0,350000,350000
2915,潤泰全          ,952000,585400,366600,0,0,0,0,0,0,-17000,4000,6000,-2000,38000,53000,-15000,349600
057944,新日興國票99購02,0,0,0,0,0,0,0,0,0,349000,0,0,0,349000,0,349000,349000
056323,旺宏兆豐98購01  ,0,0,0,0,0,0,0,0,0,349000,0,0,0,350000,1000,349000,349000
1440,南紡            ,604000,264000,340000,0,0,0,0,0,0,6000,6000,0,6000,0,0,0,346000
047505,元金2X國票9B購01,0,0,0,0,0,0,0,0,0,346000,0,0,0,346000,0,346000,346000
059460,GIS永豐99購02   ,0,0,0,0,0,0,0,0,0,344000,0,0,0,536000,192000,344000,344000
058142,瑞儀元大99購01  ,0,0,0,0,0,0,0,0,0,344000,0,0,0,727000,383000,344000,344000
059755,宏達電國泰9A購01,0,0,0,0,0,0,0,0,0,341000,0,0,0,467000,126000,341000,341000
058725,美律富邦9A購01  ,0,0,0,0,0,0,0,0,0,339000,0,0,0,410000,71000,339000,339000
052885,高鐵兆豐98購01  ,0,0,0,0,0,0,0,0,0,337000,0,0,0,337000,0,337000,337000
058245,訊連元大99購01  ,0,0,0,0,0,0,0,0,0,337000,0,0,0,455000,118000,337000,337000
3535,晶彩科          ,355000,22000,333000,0,0,0,0,0,0,0,0,0,0,0,0,0,333000
3035,智原            ,394000,108000,286000,0,0,0,0,0,0,45000,50000,22000,28000,18000,1000,17000,331000
049539,元油2X群益9A購01,0,0,0,0,0,0,0,0,0,330000,0,0,0,330000,0,330000,330000
052092,貿聯元大96購02  ,0,0,0,0,0,0,0,0,0,330000,0,0,0,330000,0,330000,330000
058350,T50正2凱基9B購01,0,0,0,0,0,0,0,0,0,330000,0,0,0,330000,0,330000,330000
051843,聯發科富邦99購01,0,0,0,0,0,0,0,0,0,329000,0,0,0,329000,0,329000,329000
058421,國泰金麥證01購01,0,0,0,328000,0,328000,0,0,0,328000,0,0,0,328000,0,328000,328000
4426,利勤            ,378000,63000,315000,0,0,0,0,0,0,13000,0,0,0,18000,5000,13000,328000
1308,亞聚            ,397000,75000,322000,0,0,0,0,0,0,2000,2000,0,2000,0,0,0,324000
059805,台積電元富99購02,0,0,0,0,0,0,0,0,0,320000,0,0,0,480000,160000,320000,320000
057966,金融類元大98購01,0,0,0,0,0,0,0,0,0,320000,0,0,0,320000,0,320000,320000
3406,玉晶光          ,571313,382000,189313,0,0,0,369000,267000,102000,28000,66000,39000,27000,22000,21000,1000,319313
060555,台表科凱基9A購03,0,0,0,0,0,0,0,0,0,319000,0,0,0,394000,75000,319000,319000
056033,T50正2凱基99購02,0,0,0,0,0,0,0,0,0,316000,0,0,0,316000,0,316000,316000
054147,GIS元大96購02   ,0,0,0,0,0,0,0,0,0,314000,0,0,0,314000,0,314000,314000
2520,冠德            ,445000,296000,149000,0,0,0,0,0,0,163000,164000,2000,162000,1000,0,1000,312000
054819,裕民元大9A購01  ,0,0,0,0,0,0,0,0,0,312000,0,0,0,769000,457000,312000,312000
1611,中電            ,411000,102000,309000,0,0,0,0,0,0,2000,2000,0,2000,0,0,0,311000
07467P,上銀元大9A售03  ,0,0,0,0,0,0,0,0,0,311000,0,0,0,390000,79000,311000,311000
052483,超眾群益95購03  ,0,0,0,0,0,0,0,0,0,310000,0,0,0,319000,9000,310000,310000
058141,嘉聯益元大99購05,0,0,0,0,0,0,0,0,0,308000,0,0,0,308000,0,308000,308000
1218,泰山            ,366000,75000,291000,0,0,0,0,0,0,15000,15000,0,15000,0,0,0,306000
2484,希華            ,345000,41000,304000,0,0,0,0,0,0,1000,1000,0,1000,0,0,0,305000
053094,聯電統一97購02  ,0,0,0,0,0,0,0,0,0,305000,0,0,0,305000,0,305000,305000
6142,友勁            ,10000,5000,5000,0,0,0,0,0,0,300000,300000,0,300000,0,0,0,305000
2031,新光鋼          ,338000,30000,308000,0,0,0,0,0,0,-4000,0,4000,-4000,0,0,0,304000
058329,S&P正2元富01購01,0,0,0,0,0,0,0,0,0,304000,0,0,0,304000,0,304000,304000
058276,道瓊指中信9C購01,0,0,0,0,0,0,0,0,0,304000,0,0,0,304000,0,304000,304000
056705,超眾國泰99購01  ,0,0,0,0,0,0,0,0,0,304000,0,0,0,446000,142000,304000,304000
057960,聯鈞元大98購02  ,0,0,0,0,0,0,0,0,0,303000,0,0,0,312000,9000,303000,303000
053752,超眾永豐96購02  ,0,0,0,0,0,0,0,0,0,301000,0,0,0,743000,442000,301000,301000
05978P,麗豐永豐96售02  ,0,0,0,0,0,0,0,0,0,300000,0,0,0,300000,0,300000,300000
054265,GIS元大96購03   ,0,0,0,0,0,0,0,0,0,300000,0,0,0,1068000,768000,300000,300000
050184,信邦元大94購01  ,0,0,0,0,0,0,0,0,0,300000,0,0,0,300000,0,300000,300000
050581,美食國票94購02  ,0,0,0,0,0,0,0,0,0,300000,0,0,0,300000,0,300000,300000
056552,台表科凱基99購01,0,0,0,0,0,0,0,0,0,300000,0,0,0,300000,0,300000,300000
059626,台積電凱基01購01,0,0,0,0,0,0,0,0,0,299000,0,0,0,300000,1000,299000,299000
2537,聯上發          ,328000,35000,293000,0,0,0,0,0,0,6000,6000,0,6000,0,0,0,299000
057483,微星元大98購04  ,0,0,0,0,0,0,0,0,0,299000,0,0,0,301000,2000,299000,299000
059371,聯鈞元富99購02  ,0,0,0,0,0,0,0,0,0,299000,0,0,0,342000,43000,299000,299000
054481,鎧勝中信96購01  ,0,0,0,0,0,0,0,0,0,298000,0,0,0,321000,23000,298000,298000
054617,超眾永豐97購01  ,0,0,0,0,0,0,0,0,0,298000,0,0,0,364000,66000,298000,298000
054533,泰碩國泰98購01  ,0,0,0,0,0,0,0,0,0,297000,0,0,0,757000,460000,297000,297000
052750,臺股指元大96購04,0,0,0,0,0,0,0,0,0,297000,0,0,0,297000,0,297000,297000
059061,晶技凱基9A購01  ,0,0,0,0,0,0,0,0,0,297000,0,0,0,297000,0,297000,297000
058613,茂林元大99購03  ,0,0,0,0,0,0,0,0,0,297000,0,0,0,319000,22000,297000,297000
2609,陽明            ,409000,113000,296000,0,0,0,0,0,0,0,0,0,0,0,0,0,296000
060229,楠梓電元大9C購01,0,0,0,0,0,0,0,0,0,296000,0,0,0,383000,87000,296000,296000
048527,鴻海國票94購02  ,0,0,0,0,0,0,0,0,0,296000,0,0,0,296000,0,296000,296000
9802,鈺齊-KY         ,517000,301000,216000,0,0,0,4000,0,4000,75000,31000,1000,30000,45000,0,45000,295000
00663L,國泰臺灣加權正2 ,0,0,0,0,0,0,0,0,0,294000,0,0,0,454000,160000,294000,294000
053496,義隆兆豐96購02  ,0,0,0,0,0,0,0,0,0,292000,0,0,0,408000,116000,292000,292000
1319,東陽            ,494000,214612,279388,0,0,0,0,0,0,12000,12000,0,12000,0,0,0,291388
2505,國揚            ,479000,220000,259000,0,0,0,0,0,0,32000,0,0,0,32000,0,32000,291000
2399,映泰            ,298000,10000,288000,0,0,0,0,0,0,3000,3000,0,3000,0,0,0,291000
2328,廣宇            ,506000,172000,334000,0,0,0,0,0,0,-44000,28000,72000,-44000,22000,22000,0,290000
2605,新興            ,397000,106000,291000,0,0,0,0,0,0,-1000,12000,0,12000,0,13000,-13000,290000
055063,玉晶光永豐99購01,0,0,0,0,0,0,0,0,0,290000,0,0,0,290000,0,290000,290000
055415,禾伸堂富邦9B購01,0,0,0,0,0,0,0,0,0,290000,0,0,0,290000,0,290000,290000
4551,智伸科          ,146000,127000,19000,0,0,0,363000,119000,244000,26000,13000,2000,11000,16000,1000,15000,289000
059948,正文永豐99購01  ,0,0,0,0,0,0,0,0,0,288000,0,0,0,545000,257000,288000,288000
2912,統一超          ,950989,667452,283537,0,0,0,2000,0,2000,2000,2000,0,2000,0,0,0,287537
07284P,大立光凱基99售10,0,0,0,0,0,0,0,0,0,287000,0,0,0,358000,71000,287000,287000
048248,聯發科兆豐95購01,0,0,0,0,0,0,0,0,0,286000,0,0,0,286000,0,286000,286000
6120,達運            ,391000,116000,275000,0,0,0,0,0,0,10000,11000,1000,10000,0,0,0,285000
2547,日勝生          ,528997,246000,282997,0,0,0,0,0,0,2000,2000,0,2000,0,0,0,284997
1309,台達化          ,343000,58400,284600,0,0,0,0,0,0,0,0,0,0,0,0,0,284600
05869P,旺宏凱基96售05  ,0,0,0,0,0,0,0,0,0,284000,0,0,0,289000,5000,284000,284000
060418,中橡永豐9A購01  ,0,0,0,0,0,0,0,0,0,283000,0,0,0,453000,170000,283000,283000
05591P,義隆群益96售03  ,0,0,0,0,0,0,0,0,0,280000,0,0,0,280000,0,280000,280000
058790,楠梓電元大99購03,0,0,0,0,0,0,0,0,0,278000,0,0,0,278000,0,278000,278000
059256,臺股指凱基99購34,0,0,0,0,0,0,0,0,0,278000,0,0,0,303000,25000,278000,278000
1760,寶齡富錦        ,489000,221000,268000,0,0,0,0,0,0,9000,29000,20000,9000,0,0,0,277000
054002,GIS群益96購03   ,0,0,0,0,0,0,0,0,0,277000,0,0,0,347000,70000,277000,277000
059231,華通國票9A購04  ,0,0,0,0,0,0,0,0,0,273000,0,0,0,310000,37000,273000,273000
00762,元大全球AI      ,2000,1000,1000,0,0,0,0,0,0,271000,0,0,0,314000,43000,271000,272000
056196,聯茂富邦98購02  ,0,0,0,0,0,0,0,0,0,272000,0,0,0,679000,407000,272000,272000
1789,神隆            ,1036000,1921000,-885000,0,0,0,1000000,0,1000000,155000,0,2000,-2000,184000,27000,157000,270000
060425,凌華永豐9A購01  ,0,0,0,0,0,0,0,0,0,270000,0,0,0,292000,22000,270000,270000
07580P,緯穎元大9A售03  ,0,0,0,0,0,0,0,0,0,268000,0,0,0,285000,17000,268000,268000
053229,南電台新97購01  ,0,0,0,0,0,0,0,0,0,268000,0,0,0,268000,0,268000,268000
2426,鼎元            ,273000,10000,263000,0,0,0,0,0,0,4000,4000,0,4000,0,0,0,267000
058392,元油2X元大99購12,0,0,0,0,0,0,0,0,0,266000,0,0,0,266000,0,266000,266000
6213,聯茂            ,775625,958771,-183146,0,0,0,225000,0,225000,224000,276000,74000,202000,118000,96000,22000,265854
07531P,大立光國泰9B售03,0,0,0,0,0,0,0,0,0,265000,0,0,0,320000,55000,265000,265000
07100P,華航元大99售01  ,0,0,0,0,0,0,0,0,0,265000,0,0,0,265000,0,265000,265000
055235,金寶台新98購01  ,0,0,0,0,0,0,0,0,0,265000,0,0,0,265000,0,265000,265000
1609,大亞            ,465000,201000,264000,0,0,0,0,0,0,0,0,0,0,0,0,0,264000
8163,達方            ,479000,225000,254000,0,0,0,0,0,0,9000,14000,6000,8000,1000,0,1000,263000
07342P,大立光凱基99售14,0,0,0,0,0,0,0,0,0,262000,0,0,0,416000,154000,262000,262000
060212,華航康和9A購01  ,0,0,0,0,0,0,0,0,0,262000,0,0,0,333000,71000,262000,262000
052108,鴻海元富95購11  ,0,0,0,0,0,0,0,0,0,260000,0,0,0,260000,0,260000,260000
059086,國巨元大99購18  ,0,0,0,0,0,0,0,0,0,260000,0,0,0,522000,262000,260000,260000
056362,聯發科元大99購01,0,0,0,0,0,0,0,0,0,259000,0,0,0,259000,0,259000,259000
059844,大立光富邦9C購04,0,0,0,0,0,0,0,0,0,257000,0,0,0,265000,8000,257000,257000
059263,瑞昱中信01購01  ,0,0,0,0,0,0,0,0,0,257000,0,0,0,297000,40000,257000,257000
059951,台塑康和99購01  ,0,0,0,0,0,0,0,0,0,256000,0,0,0,277000,21000,256000,256000
05919P,京鼎元大96售03  ,0,0,0,0,0,0,0,0,0,255000,0,0,0,391000,136000,255000,255000
051614,元金2X凱基97購01,0,0,0,0,0,0,0,0,0,254000,0,0,0,254000,0,254000,254000
1514,亞力            ,286000,34000,252000,0,0,0,0,0,0,0,0,0,0,0,0,0,252000
058507,美律元大9A購01  ,0,0,0,0,0,0,0,0,0,252000,0,0,0,306000,54000,252000,252000
055624,聯發科富邦99購07,0,0,0,0,0,0,0,0,0,252000,0,0,0,252000,0,252000,252000
5469,瀚宇博          ,925000,645000,280000,0,0,0,0,0,0,-28000,1000,0,1000,66000,95000,-29000,252000
059853,超眾永豐99購03  ,0,0,0,0,0,0,0,0,0,251000,0,0,0,313000,62000,251000,251000
056926,日月光兆豐98購01,0,0,0,0,0,0,0,0,0,251000,0,0,0,287000,36000,251000,251000
6288,聯嘉            ,567000,317000,250000,0,0,0,0,0,0,1000,2000,1000,1000,0,0,0,251000
060116,世紀鋼元大99購07,0,0,0,0,0,0,0,0,0,250000,0,0,0,275000,25000,250000,250000
2351,順德            ,210000,23000,187000,0,0,0,61000,0,61000,2000,11000,9000,2000,0,0,0,250000
052942,聯發科中信97購04,0,0,0,0,0,0,0,0,0,250000,0,0,0,250000,0,250000,250000
059350,樺漢凱基9A購01  ,0,0,0,0,0,0,0,0,0,250000,0,0,0,250000,0,250000,250000
3563,牧德            ,372000,233000,139000,0,0,0,52000,0,52000,59000,50000,30000,20000,41000,2000,39000,250000
059835,聯發科國泰9B購01,0,0,0,0,0,0,0,0,0,248000,0,0,0,309000,61000,248000,248000
056106,晶相光永豐97購02,0,0,0,0,0,0,0,0,0,248000,0,0,0,248000,0,248000,248000
03603P,群創凱基98售04  ,0,0,0,0,0,0,0,0,0,247000,0,0,0,258000,11000,247000,247000
058312,大毅國泰9B購01  ,0,0,0,0,0,0,0,0,0,243000,0,0,0,754000,511000,243000,243000
6558,興能高          ,329000,86000,243000,0,0,0,0,0,0,0,0,0,0,0,0,0,243000
054426,國泰金富邦97購02,0,0,0,0,0,0,0,0,0,242000,0,0,0,261000,19000,242000,242000
059317,台積電元大99購34,0,0,0,0,0,0,0,0,0,242000,0,0,0,344000,102000,242000,242000
07131P,緯穎元大99售06  ,0,0,0,0,0,0,0,0,0,241000,0,0,0,290000,49000,241000,241000
050791,聯發科富邦96購01,0,0,0,0,0,0,0,0,0,241000,0,0,0,241000,0,241000,241000
059173,矽力凱基99購01  ,0,0,0,0,0,0,0,0,0,240000,0,0,0,240000,0,240000,240000
055133,致新康和97購01  ,0,0,0,0,0,0,0,0,0,240000,0,0,0,310000,70000,240000,240000
059886,可成國票99購04  ,0,0,0,0,0,0,0,0,0,239000,0,0,0,333000,94000,239000,239000
4564,元翎            ,304000,68000,236000,0,0,0,0,0,0,3000,0,0,0,3000,0,3000,239000
059827,晶技凱基99購03  ,0,0,0,0,0,0,0,0,0,238000,0,0,0,428000,190000,238000,238000
1217,愛之味          ,510000,272000,238000,0,0,0,0,0,0,0,0,0,0,0,0,0,238000
052614,聯電國泰97購01  ,0,0,0,0,0,0,0,0,0,237000,0,0,0,327000,90000,237000,237000
1215,卜蜂            ,234000,221000,13000,0,0,0,245000,0,245000,-22000,0,0,0,2000,24000,-22000,236000
059878,聯茂凱基99購07  ,0,0,0,0,0,0,0,0,0,236000,0,0,0,349000,113000,236000,236000
057802,卜蜂元大98購01  ,0,0,0,0,0,0,0,0,0,236000,0,0,0,257000,21000,236000,236000
049272,世紀鋼元大96購02,0,0,0,0,0,0,0,0,0,236000,0,0,0,347000,111000,236000,236000
4306,炎洲            ,350000,116000,234000,0,0,0,0,0,0,2000,2000,0,2000,0,0,0,236000
3665,貿聯-KY         ,337000,140000,197000,0,0,0,0,0,0,38000,25000,3000,22000,16000,0,16000,235000
059958,鎧勝康和99購01  ,0,0,0,0,0,0,0,0,0,234000,0,0,0,255000,21000,234000,234000
1736,喬山            ,395000,148000,247000,0,0,0,0,0,0,-13000,0,29000,-29000,47000,31000,16000,234000
05852P,嘉晶群益96售01  ,0,0,0,0,0,0,0,0,0,233000,0,0,0,233000,0,233000,233000
2349,錸德            ,557000,329000,228000,0,0,0,0,0,0,1000,1000,0,1000,0,0,0,229000
060115,南電元大99購06  ,0,0,0,0,0,0,0,0,0,229000,0,0,0,334000,105000,229000,229000
057696,聯電群益9A購01  ,0,0,0,0,0,0,0,0,0,229000,0,0,0,439000,210000,229000,229000
045054,聯發科元富98購02,0,0,0,0,0,0,0,0,0,228000,0,0,0,228000,0,228000,228000
052313,聯電元大98購01  ,0,0,0,0,0,0,0,0,0,226000,0,0,0,461000,235000,226000,226000
059832,超眾康和99購01  ,0,0,0,0,0,0,0,0,0,225000,0,0,0,546000,321000,225000,225000
1712,興農            ,379000,147000,232000,0,0,0,0,0,0,-7000,3000,10000,-7000,0,0,0,225000
00730,富邦臺灣優質高息,0,0,0,0,0,0,0,0,0,225000,0,0,0,542000,317000,225000,225000
051961,泰碩永豐95購01  ,0,0,0,0,0,0,0,0,0,225000,0,0,0,265000,40000,225000,225000
058391,T50反1元大99購02,0,0,0,0,0,0,0,0,0,225000,0,0,0,326000,101000,225000,225000
055736,宏達電元富99購01,0,0,0,0,0,0,0,0,0,225000,0,0,0,295000,70000,225000,225000
03021P,玉晶光群益02售25,0,0,0,0,0,0,0,0,0,224000,0,0,0,224000,0,224000,224000
03267P,台灣50元大02售06,0,0,0,0,0,0,0,0,0,224000,0,0,0,224000,0,224000,224000
06550P,健策元大99售01  ,0,0,0,0,0,0,0,0,0,223000,0,0,0,223000,0,223000,223000
3048,益登            ,242000,19000,223000,0,0,0,0,0,0,0,0,0,0,0,0,0,223000
048998,玉晶光國票95購03,0,0,0,0,0,0,0,0,0,220000,0,0,0,220000,0,220000,220000
052246,超眾康和95購01  ,0,0,0,0,0,0,0,0,0,220000,0,0,0,270000,50000,220000,220000
055923,矽力凱基98購01  ,0,0,0,0,0,0,0,0,0,220000,0,0,0,220000,0,220000,220000
07283P,華新科凱基99售07,0,0,0,0,0,0,0,0,0,219000,0,0,0,230000,11000,219000,219000
059637,大立光凱基01購01,0,0,0,0,0,0,0,0,0,219000,0,0,0,219000,0,219000,219000
053913,華新國票97購01  ,0,0,0,0,0,0,0,0,0,219000,0,0,0,233000,14000,219000,219000
052681,T50反1元大98購02,0,0,0,0,0,0,0,0,0,219000,0,0,0,344000,125000,219000,219000
051424,緯穎國票97購01  ,0,0,0,0,0,0,0,0,0,219000,0,0,0,255000,36000,219000,219000
056264,聯發科統一98購02,0,0,0,0,0,0,0,0,0,219000,0,0,0,301000,82000,219000,219000
03677C,臺股指元大05牛02,0,0,0,0,0,0,0,0,0,218000,0,0,0,220000,2000,218000,218000
05499P,聯詠元富95售02  ,0,0,0,0,0,0,0,0,0,217000,0,0,0,217000,0,217000,217000
055449,超眾統一9A購01  ,0,0,0,0,0,0,0,0,0,217000,0,0,0,228000,11000,217000,217000
059157,元石油凱基9C購01,0,0,0,0,0,0,0,0,0,217000,0,0,0,499000,282000,217000,217000
07400P,國巨凱基99售20  ,0,0,0,0,0,0,0,0,0,216000,0,0,0,302000,86000,216000,216000
050614,聯發科元大95購04,0,0,0,0,0,0,0,0,0,215000,0,0,0,215000,0,215000,215000
055639,上銀元富97購02  ,0,0,0,0,0,0,0,0,0,215000,0,0,0,648000,433000,215000,215000
059796,台積電國票99購10,0,0,0,0,0,0,0,0,0,214000,0,0,0,387000,173000,214000,214000
059807,大立光元富99購09,30000,30000,0,0,0,0,0,0,0,214000,0,0,0,486000,272000,214000,214000
056812,泰鼎統一98購01  ,0,0,0,0,0,0,0,0,0,214000,0,0,0,265000,51000,214000,214000
050212,瀚宇博國票95購02,0,0,0,0,0,0,0,0,0,213000,0,0,0,226000,13000,213000,213000
056486,樺漢元大98購04  ,0,0,0,0,0,0,0,0,0,213000,0,0,0,232000,19000,213000,213000
058283,世紀鋼中信99購01,0,0,0,0,0,0,0,0,0,213000,0,0,0,323000,110000,213000,213000
1103,嘉泥            ,217000,5000,212000,0,0,0,0,0,0,0,0,0,0,0,0,0,212000
051280,台積電兆豐95購04,0,0,0,0,0,0,0,0,0,212000,0,0,0,630000,418000,212000,212000
058096,南電元大98購04  ,0,0,0,0,0,0,0,0,0,212000,0,0,0,238000,26000,212000,212000
059107,南茂國泰9A購01  ,0,0,0,0,0,0,0,0,0,212000,0,0,0,268000,56000,212000,212000
059746,聯鈞元富99購03  ,0,0,0,0,0,0,0,0,0,211000,0,0,0,235000,24000,211000,211000
056269,新日興統一98購01,0,0,0,0,0,0,0,0,0,211000,0,0,0,221000,10000,211000,211000
055961,國泰金元大97購01,0,0,0,0,0,0,0,0,0,211000,0,0,0,211000,0,211000,211000
051422,超眾國票96購01  ,0,0,0,0,0,0,0,0,0,210000,0,0,0,265000,55000,210000,210000
049972,南電國票95購02  ,0,0,0,0,0,0,0,0,0,210000,0,0,0,452000,242000,210000,210000
04116P,京元電元大94售02,0,0,0,0,0,0,0,0,0,210000,0,0,0,210000,0,210000,210000
047768,大立光元大95購01,0,0,0,0,0,0,0,0,0,210000,0,0,0,210000,0,210000,210000
056109,彩晶永豐98購01  ,0,0,0,0,0,0,0,0,0,210000,0,0,0,210000,0,210000,210000
050142,聯發科元富9A購01,0,0,0,0,0,0,0,0,0,209000,0,0,0,209000,0,209000,209000
059354,臺指反富邦9B購01,0,0,0,0,0,0,0,0,0,209000,0,0,0,209000,0,209000,209000
2231,為升            ,292273,88000,204273,0,0,0,0,0,0,4000,3000,2000,1000,5000,2000,3000,208273
2498,宏達電          ,1542000,1218000,324000,0,0,0,0,0,0,-116000,12000,48000,-36000,50000,130000,-80000,208000
054201,聯詠富邦97購02  ,0,0,0,0,0,0,0,0,0,208000,0,0,0,208000,0,208000,208000
05782P,聯詠元富96售02  ,0,0,0,0,0,0,0,0,0,208000,0,0,0,208000,0,208000,208000
06766P,玉晶光元大99售10,0,0,0,0,0,0,0,0,0,207000,0,0,0,207000,0,207000,207000
1229,聯華            ,1232000,883144,348856,0,0,0,47000,0,47000,-189000,0,189000,-189000,0,0,0,206856
6505,台塑化          ,1596024,1442884,153140,0,0,0,4000,0,4000,49000,49000,0,49000,0,0,0,206140
054858,台肥群益97購01  ,0,0,0,0,0,0,0,0,0,205000,0,0,0,215000,10000,205000,205000
057881,SP黃豆群益9A購01,0,0,0,0,0,0,0,0,0,205000,0,0,0,206000,1000,205000,205000
060298,鎧勝元大9C購01  ,0,0,0,0,0,0,0,0,0,204000,0,0,0,299000,95000,204000,204000
051971,元金2X凱基97購02,0,0,0,0,0,0,0,0,0,203000,0,0,0,203000,0,203000,203000
048442,友訊凱基94購01  ,0,0,0,0,0,0,0,0,0,203000,0,0,0,203000,0,203000,203000
055790,南電凱基97購01  ,0,0,0,0,0,0,0,0,0,203000,0,0,0,203000,0,203000,203000
8210,勤誠            ,330000,136000,194000,0,0,0,0,0,0,9000,21000,0,21000,0,12000,-12000,203000
5531,鄉林            ,243000,44000,199000,0,0,0,0,0,0,4000,4000,0,4000,0,0,0,203000
3014,聯陽            ,469000,178000,291000,0,0,0,0,0,0,-90000,1000,110000,-109000,32000,13000,19000,201000
048575,旺宏國泰94購04  ,0,0,0,0,0,0,0,0,0,200000,0,0,0,223000,23000,200000,200000
048704,台表科國票95購01,0,0,0,0,0,0,0,0,0,200000,0,0,0,200000,0,200000,200000
05188P,可成凱基95售09  ,0,0,0,0,0,0,0,0,0,200000,0,0,0,200000,0,200000,200000
050230,聯發科麥證94購02,0,0,0,200000,0,200000,0,0,0,200000,0,0,0,200000,0,200000,200000
054711,禾伸堂元富97購01,0,0,0,0,0,0,0,0,0,200000,0,0,0,200000,0,200000,200000
053816,聯發科群益96購02,0,0,0,0,0,0,0,0,0,200000,0,0,0,200000,0,200000,200000
052741,聯發科元大96購08,0,0,0,0,0,0,0,0,0,200000,0,0,0,200000,0,200000,200000
052809,訊芯元大97購01  ,0,0,0,0,0,0,0,0,0,200000,0,0,0,200000,0,200000,200000
055668,欣興群益97購01  ,0,0,0,0,0,0,0,0,0,200000,0,0,0,200000,0,200000,200000
058369,亞光凱基99購02  ,0,0,0,0,0,0,0,0,0,200000,0,0,0,296000,96000,200000,200000
058103,台積電永豐98購06,0,0,0,0,0,0,0,0,0,200000,0,0,0,210000,10000,200000,200000
060590,台積電台新9C購02,0,0,0,0,0,0,0,0,0,199000,0,0,0,205000,6000,199000,199000
08865P,欣興元大01售02  ,0,0,0,0,0,0,0,0,0,199000,0,0,0,199000,0,199000,199000
2406,國碩            ,271000,73000,198000,0,0,0,0,0,0,0,0,0,0,0,0,0,198000
07402P,瑞昱凱基99售02  ,0,0,0,0,0,0,0,0,0,198000,0,0,0,362000,164000,198000,198000
054506,矽格永豐96購01  ,0,0,0,0,0,0,0,0,0,198000,0,0,0,198000,0,198000,198000
050256,臺指反元大98購03,0,0,0,0,0,0,0,0,0,198000,0,0,0,198000,0,198000,198000
057859,神達康和98購01  ,0,0,0,0,0,0,0,0,0,198000,0,0,0,198000,0,198000,198000
060250,台表科元大9A購01,0,0,0,0,0,0,0,0,0,197000,0,0,0,552000,355000,197000,197000
053097,超眾統一96購03  ,0,0,0,0,0,0,0,0,0,197000,0,0,0,203000,6000,197000,197000
056193,聯發科富邦99購08,0,0,0,0,0,0,0,0,0,197000,0,0,0,197000,0,197000,197000
060426,盛群永豐9A購01  ,0,0,0,0,0,0,0,0,0,196000,0,0,0,196000,0,196000,196000
057826,祥碩元大98購08  ,0,0,0,0,0,0,0,0,0,196000,0,0,0,305000,109000,196000,196000
057709,電子類群益98購01,0,0,0,0,0,0,0,0,0,196000,0,0,0,196000,0,196000,196000
3338,泰碩            ,543000,528000,15000,0,0,0,0,218000,-218000,399000,410000,78000,332000,74000,7000,67000,196000
060201,台表科元富9A購01,0,0,0,0,0,0,0,0,0,195000,0,0,0,887000,692000,195000,195000
060190,國泰金元富9A購01,0,0,0,0,0,0,0,0,0,195000,0,0,0,420000,225000,195000,195000
053130,聯發科麥證96購01,0,0,0,0,0,0,0,0,0,195000,0,0,0,195000,0,195000,195000
054107,上銀凱基97購01  ,0,0,0,0,0,0,0,0,0,195000,0,0,0,195000,0,195000,195000
07527P,台灣50凱基9B售02,0,0,0,0,0,0,0,0,0,194000,0,0,0,295000,101000,194000,194000
1417,嘉裕            ,204000,10000,194000,0,0,0,0,0,0,0,0,0,0,0,0,0,194000
059383,台灣50凱基99購03,0,0,0,0,0,0,0,0,0,194000,0,0,0,205000,11000,194000,194000
058919,SGBR2X元富99購05,0,0,0,0,0,0,0,0,0,191000,0,0,0,203000,12000,191000,191000
06605P,玉晶光元富98售03,0,0,0,0,0,0,0,0,0,190000,0,0,0,190000,0,190000,190000
056742,玉晶光凱基9A購01,0,0,0,0,0,0,0,0,0,190000,0,0,0,190000,0,190000,190000
055663,崇越中信97購01  ,0,0,0,0,0,0,0,0,0,190000,0,0,0,200000,10000,190000,190000
1711,永光            ,225000,36000,189000,0,0,0,0,0,0,0,0,0,0,0,0,0,189000
1522,堤維西          ,346000,204000,142000,0,0,0,0,0,0,47000,1000,1000,0,47000,0,47000,189000
05994P,奇鋐元大96售02  ,0,0,0,0,0,0,0,0,0,189000,0,0,0,210000,21000,189000,189000
056266,開發金統一9A購01,10000,0,10000,0,0,0,0,0,0,179000,0,0,0,667000,488000,179000,189000
055433,嘉聯益群益99購01,0,0,0,0,0,0,0,0,0,188000,0,0,0,388000,200000,188000,188000
057375,欣興元大98購09  ,0,0,0,0,0,0,0,0,0,187000,0,0,0,333000,146000,187000,187000
060209,喬山康和9A購01  ,0,0,0,0,0,0,0,0,0,186000,0,0,0,344000,158000,186000,186000
06486P,麗豐元大98售02  ,0,0,0,0,0,0,0,0,0,186000,0,0,0,543000,357000,186000,186000
057592,美律兆豐99購01  ,0,0,0,0,0,0,0,0,0,186000,0,0,0,368000,182000,186000,186000
057659,台表科兆豐98購01,0,0,0,0,0,0,0,0,0,186000,0,0,0,196000,10000,186000,186000
07468P,聯電元大9A售02  ,0,0,0,0,0,0,0,0,0,185000,0,0,0,220000,35000,185000,185000
055938,矽力群益97購01  ,0,0,0,0,0,0,0,0,0,184000,0,0,0,390000,206000,184000,184000
058214,世芯群益9A購01  ,0,0,0,0,0,0,0,0,0,184000,0,0,0,184000,0,184000,184000
055403,泰鼎元富97購01  ,0,0,0,0,0,0,0,0,0,184000,0,0,0,322000,138000,184000,184000
3022,威強電          ,195000,11000,184000,0,0,0,0,0,0,0,0,0,0,0,0,0,184000
2504,國產            ,1299000,1150000,149000,0,0,0,0,0,0,34000,57000,0,57000,10000,33000,-23000,183000
054178,中磊台新97購01  ,0,0,0,0,0,0,0,0,0,183000,0,0,0,200000,17000,183000,183000
2455,全新            ,330000,254590,75410,0,0,0,0,0,0,107000,72000,10000,62000,70000,25000,45000,182410
1527,鑽全            ,215000,34000,181000,0,0,0,0,0,0,1000,1000,0,1000,0,0,0,182000
060289,京元電元大9A購01,0,0,0,0,0,0,0,0,0,182000,0,0,0,442000,260000,182000,182000
053103,瀚宇博元富96購01,0,0,0,0,0,0,0,0,0,182000,0,0,0,391000,209000,182000,182000
052451,旭富元大95購02  ,0,0,0,0,0,0,0,0,0,182000,0,0,0,182000,0,182000,182000
4927,泰鼎-KY         ,751000,1090485,-339485,0,0,0,363000,0,363000,158000,190000,12000,178000,75000,95000,-20000,181515
050514,聯電元大94購01  ,0,0,0,0,0,0,0,0,0,181000,0,0,0,293000,112000,181000,181000
050138,台表科國票95購02,0,0,0,0,0,0,0,0,0,180000,0,0,0,262000,82000,180000,180000
048850,聯電群益96購01  ,0,0,0,0,0,0,0,0,0,180000,0,0,0,180000,0,180000,180000
054877,百和群益98購01  ,0,0,0,0,0,0,0,0,0,180000,0,0,0,180000,0,180000,180000
053617,宏達電群益96購02,0,0,0,0,0,0,0,0,0,180000,0,0,0,180000,0,180000,180000
058402,欣興元大99購04  ,0,0,0,0,0,0,0,0,0,180000,0,0,0,433000,253000,180000,180000
3015,全漢            ,176000,0,176000,0,0,0,0,0,0,4000,4000,0,4000,0,0,0,180000
2340,光磊            ,433000,313000,120000,0,0,0,0,0,0,59000,15000,23000,-8000,76000,9000,67000,179000
056713,華擎永豐98購01  ,0,0,0,0,0,0,0,0,0,179000,0,0,0,179000,0,179000,179000
2453,凌群            ,200000,37000,163000,0,0,0,0,0,0,14000,14000,0,14000,0,0,0,177000
057731,華擎國泰9A購02  ,0,0,0,0,0,0,0,0,0,177000,0,0,0,246000,69000,177000,177000
056297,台光電元大97購04,0,0,0,0,0,0,0,0,0,177000,0,0,0,177000,0,177000,177000
059825,嘉晶凱基99購02  ,0,0,0,0,0,0,0,0,0,176000,0,0,0,308000,132000,176000,176000
2836,高雄銀          ,257000,90000,167000,0,0,0,0,0,0,8000,8000,0,8000,0,0,0,175000
056786,亞光群益98購03  ,0,0,0,0,0,0,0,0,0,175000,0,0,0,407000,232000,175000,175000
058748,景碩凱基9A購01  ,0,0,0,0,0,0,0,0,0,175000,0,0,0,175000,0,175000,175000
00653L,富邦印度正2     ,0,10000,-10000,0,0,0,0,0,0,184000,0,0,0,981000,797000,184000,174000
6592,和潤企業        ,291000,165000,126000,0,0,0,20000,0,20000,27000,0,0,0,27000,0,27000,173000
2707,晶華            ,174000,1064,172936,0,0,0,0,0,0,0,0,0,0,0,0,0,172936
060342,台積電統一02購01,0,0,0,0,0,0,0,0,0,172000,0,0,0,230000,58000,172000,172000
03638C,T50反1元大94牛03,0,0,0,0,0,0,0,0,0,172000,0,0,0,413000,241000,172000,172000
057763,康控凱基99購02  ,0,0,0,0,0,0,0,0,0,172000,0,0,0,182000,10000,172000,172000
052542,友達元富98購01  ,0,0,0,0,0,0,0,0,0,172000,0,0,0,191000,19000,172000,172000
06053P,緯穎國票97售05  ,0,0,0,0,0,0,0,0,0,171000,0,0,0,172000,1000,171000,171000
059363,超眾永豐99購02  ,0,0,0,0,0,0,0,0,0,171000,0,0,0,198000,27000,171000,171000
056418,台光電元富98購01,0,0,0,0,0,0,0,0,0,171000,0,0,0,495000,324000,171000,171000
054589,聯鈞國泰99購01  ,0,0,0,0,0,0,0,0,0,170000,0,0,0,186000,16000,170000,170000
051010,美律日盛95購01  ,0,0,0,0,0,0,0,0,0,170000,0,0,0,170000,0,170000,170000
050321,GIS國票95購02   ,0,0,0,0,0,0,0,0,0,170000,0,0,0,170000,0,170000,170000
059238,台積電凱基99購11,0,0,0,0,0,0,0,0,0,170000,0,0,0,170000,0,170000,170000
056452,亞光凱基98購02  ,0,0,0,0,0,0,0,0,0,170000,0,0,0,170000,0,170000,170000
057266,TPK兆豐98購02   ,0,0,0,0,0,0,0,0,0,170000,0,0,0,170000,0,170000,170000
060217,國巨凱基9A購10  ,0,0,0,0,0,0,0,0,0,169000,0,0,0,200000,31000,169000,169000
1733,五鼎            ,174000,6000,168000,0,0,0,0,0,0,1000,5000,4000,1000,0,0,0,169000
055098,臺股指群益97購01,0,0,0,0,0,0,0,0,0,169000,0,0,0,170000,1000,169000,169000
6452,康友-KY         ,346000,225666,120334,0,0,0,0,0,0,48000,2000,0,2000,49000,3000,46000,168334
060054,華新科凱基9B購04,0,0,0,0,0,0,0,0,0,168000,0,0,0,195000,27000,168000,168000
055980,祥碩統一98購01  ,0,0,0,0,0,0,0,0,0,168000,0,0,0,168000,0,168000,168000
3056,總太            ,243500,76000,167500,0,0,0,0,0,0,0,0,0,0,0,0,0,167500
052032,臺股指群益95購05,0,0,0,0,0,0,0,0,0,167000,0,0,0,167000,0,167000,167000
053654,聯發科凱基98購01,0,0,0,0,0,0,0,0,0,167000,0,0,0,167000,0,167000,167000
6209,今國光          ,231000,64000,167000,0,0,0,0,0,0,0,0,0,0,0,0,0,167000
06593P,欣興元大98售05  ,0,0,0,0,0,0,0,0,0,165000,0,0,0,232000,67000,165000,165000
059283,康友永豐99購02  ,0,0,0,0,0,0,0,0,0,165000,0,0,0,289000,124000,165000,165000
056691,元油2X群益9B購01,0,0,0,0,0,0,0,0,0,165000,0,0,0,165000,0,165000,165000
07316P,長榮航康和99售01,0,0,0,0,0,0,0,0,0,164000,0,0,0,205000,41000,164000,164000
1519,華城            ,184000,26000,158000,0,0,0,0,0,0,6000,8000,2000,6000,0,0,0,164000
006207,FH滬深          ,219000,0,219000,0,0,0,0,0,0,-56000,30000,0,30000,1000,87000,-86000,163000
058707,泰鼎元大99購02  ,0,0,0,0,0,0,0,0,0,163000,0,0,0,260000,97000,163000,163000
055163,訊芯元大98購01  ,0,0,0,0,0,0,0,0,0,163000,0,0,0,163000,0,163000,163000
060215,柏文康和9A購01  ,0,0,0,0,0,0,0,0,0,162000,0,0,0,207000,45000,162000,162000
04590P,元石油元大97售01,0,0,0,0,0,0,0,0,0,162000,0,0,0,162000,0,162000,162000
050590,晶技永豐95購01  ,0,0,0,0,0,0,0,0,0,162000,0,0,0,312000,150000,162000,162000
053565,台光電富邦98購01,0,0,0,0,0,0,0,0,0,162000,0,0,0,162000,0,162000,162000
056364,亞光元大99購02  ,0,0,0,0,0,0,0,0,0,162000,0,0,0,204000,42000,162000,162000
059924,世紀鋼元大99購06,0,0,0,0,0,0,0,0,0,161000,0,0,0,161000,0,161000,161000
059791,超眾元大99購06  ,0,0,0,0,0,0,0,0,0,161000,0,0,0,196000,35000,161000,161000
051000,台郡元大96購01  ,0,0,0,0,0,0,0,0,0,161000,0,0,0,161000,0,161000,161000
056075,瀚宇博元大97購03,0,0,0,0,0,0,0,0,0,161000,0,0,0,187000,26000,161000,161000
3645,達邁            ,186000,27000,159000,0,0,0,0,0,0,2000,2000,0,2000,0,0,0,161000
3437,榮創            ,188000,27000,161000,0,0,0,0,0,0,0,0,0,0,0,0,0,161000
059646,聯茂凱基99購06  ,0,0,0,0,0,0,0,0,0,160000,0,0,0,206000,46000,160000,160000
04383P,泰鼎國泰95售01  ,0,0,0,0,0,0,0,0,0,160000,0,0,0,160000,0,160000,160000
057628,旺宏永豐98購02  ,0,0,0,0,0,0,0,0,0,160000,0,0,0,400000,240000,160000,160000
055785,祥碩凱基97購02  ,0,0,0,0,0,0,0,0,0,160000,0,0,0,162000,2000,160000,160000
3698,隆達            ,211000,89000,122000,0,0,0,0,0,0,38000,44000,6000,38000,0,0,0,160000
060047,道瓊反凱基99購01,0,0,0,0,0,0,0,0,0,159000,0,0,0,251000,92000,159000,159000
056893,智邦元大98購02  ,0,0,0,0,0,0,0,0,0,159000,0,0,0,189000,30000,159000,159000
058932,FBVIX台新99購01 ,0,0,0,0,0,0,0,0,0,159000,0,0,0,160000,1000,159000,159000
06038P,國泰金台新96售01,0,0,0,0,0,0,0,0,0,158000,0,0,0,168000,10000,158000,158000
053510,聯電群益97購01  ,0,0,0,0,0,0,0,0,0,158000,0,0,0,178000,20000,158000,158000
054932,台肥元大97購01  ,0,0,0,0,0,0,0,0,0,158000,0,0,0,263000,105000,158000,158000
057573,京鼎永豐98購02  ,0,0,0,0,0,0,0,0,0,158000,0,0,0,158000,0,158000,158000
058686,祥碩凱基99購03  ,0,0,0,0,0,0,0,0,0,158000,0,0,0,160000,2000,158000,158000
058284,滬深反群益01購01,0,0,0,0,0,0,0,0,0,158000,0,0,0,158000,0,158000,158000
07386P,臺股指群益99售24,0,0,0,0,0,0,0,0,0,157000,0,0,0,227000,70000,157000,157000
056190,昇陽半統一97購01,0,0,0,0,0,0,0,0,0,157000,0,0,0,236000,79000,157000,157000
055867,臺股指元大97購05,0,0,0,0,0,0,0,0,0,157000,0,0,0,157000,0,157000,157000
055672,國巨日盛97購02  ,0,0,0,0,0,0,0,0,0,157000,0,0,0,157000,0,157000,157000
2317,鴻海            ,17856783,18023629,-166846,0,0,0,35000,10000,25000,298000,209000,54000,155000,735000,592000,143000,156154
057541,台灣50康和9A購04,0,0,0,0,0,0,0,0,0,156000,0,0,0,156000,0,156000,156000
047885,元金2X富邦99購01,0,0,0,0,0,0,0,0,0,156000,0,0,0,555000,399000,156000,156000
3023,信邦            ,127000,100000,27000,0,0,0,91000,0,91000,38000,38000,0,38000,0,0,0,156000
058393,元油2X元大99購13,0,0,0,0,0,0,0,0,0,155000,0,0,0,155000,0,155000,155000
4976,佳凌            ,194000,41000,153000,0,0,0,0,0,0,2000,2000,0,2000,0,0,0,155000
1201,味全            ,439000,288000,151000,0,0,0,0,0,0,3000,0,0,0,3000,0,3000,154000
060277,道瓊反元大9A購02,0,0,0,0,0,0,0,0,0,154000,0,0,0,205000,51000,154000,154000
055069,帆宣永豐97購01  ,0,0,0,0,0,0,0,0,0,154000,0,0,0,154000,0,154000,154000
052674,智邦國泰98購01  ,0,0,0,0,0,0,0,0,0,153000,0,0,0,176000,23000,153000,153000
055747,康舒元富97購01  ,0,0,0,0,0,0,0,0,0,153000,0,0,0,183000,30000,153000,153000
4977,眾達-KY         ,432000,326000,106000,0,0,0,53000,0,53000,-6000,0,4000,-4000,0,2000,-2000,153000
01003T,兆豐新光R1      ,156402,4000,152402,0,0,0,0,0,0,0,0,0,0,0,0,0,152402
059932,世紀鋼富邦9A購02,0,0,0,0,0,0,0,0,0,152000,0,0,0,152000,0,152000,152000
8213,志超            ,301000,175000,126000,0,0,0,0,0,0,26000,0,0,0,26000,0,26000,152000
052882,南電凱基96購02  ,0,0,0,0,0,0,0,0,0,151000,0,0,0,151000,0,151000,151000
060310,瑞昱永豐9A購01  ,0,0,0,0,0,0,0,0,0,150000,0,0,0,264000,114000,150000,150000
06779P,智邦元大98售12  ,0,0,0,0,0,0,0,0,0,150000,0,0,0,160000,10000,150000,150000
052753,電子類元大96購02,0,0,0,0,0,0,0,0,0,150000,0,0,0,150000,0,150000,150000
054419,嘉聯益元大98購02,0,0,0,0,0,0,0,0,0,150000,0,0,0,150000,0,150000,150000
052405,聯茂凱基95購01  ,0,0,0,0,0,0,0,0,0,150000,0,0,0,150000,0,150000,150000
054682,東元永豐97購01  ,0,0,0,0,0,0,0,0,0,150000,0,0,0,243000,93000,150000,150000
044996,嘉晶國泰95購01  ,0,0,0,0,0,0,0,0,0,150000,0,0,0,150000,0,150000,150000
059302,大立光群益99購08,0,0,0,0,0,0,0,0,0,150000,0,0,0,150000,0,150000,150000
055972,GIS元大97購04   ,0,0,0,0,0,0,0,0,0,150000,0,0,0,150000,0,150000,150000
058483,道瓊指國票9A購01,0,0,0,0,0,0,0,0,0,150000,0,0,0,150000,0,150000,150000
053915,光罩國票96購02  ,0,0,0,0,0,0,0,0,0,149000,0,0,0,235000,86000,149000,149000
058675,康控群益9B購01  ,0,0,0,0,0,0,0,0,0,149000,0,0,0,247000,98000,149000,149000
056603,嘉聯益國泰9A購01,0,0,0,0,0,0,0,0,0,149000,0,0,0,149000,0,149000,149000
3003,健和興          ,101000,37000,64000,0,0,0,0,0,0,85000,89000,0,89000,0,4000,-4000,149000
057307,瀚宇博兆豐99購01,0,0,0,0,0,0,0,0,0,148000,0,0,0,148000,0,148000,148000
057603,樺漢群益98購02  ,0,0,0,0,0,0,0,0,0,148000,0,0,0,173000,25000,148000,148000
2486,一詮            ,147000,5000,142000,0,0,0,0,0,0,5000,5000,0,5000,0,0,0,147000
04831P,聯詠富邦96售01  ,0,0,0,0,0,0,0,0,0,147000,0,0,0,203000,56000,147000,147000
050754,元金2X元富9B購01,0,0,0,0,0,0,0,0,0,147000,0,0,0,147000,0,147000,147000
2442,新美齊          ,166636,23000,143636,0,0,0,0,0,0,3000,3000,0,3000,0,0,0,146636
2390,云辰            ,166000,20000,146000,0,0,0,0,0,0,0,0,0,0,0,0,0,146000
058383,道瓊指中信9C購02,0,0,0,0,0,0,0,0,0,146000,0,0,0,146000,0,146000,146000
5522,遠雄            ,537000,366000,171000,0,0,0,87000,0,87000,-112000,28000,140000,-112000,0,0,0,146000
052426,國巨台新96購01  ,0,0,0,0,0,0,0,0,0,145000,0,0,0,195000,50000,145000,145000
055416,欣興富邦98購01  ,0,0,0,0,0,0,0,0,0,145000,0,0,0,145000,0,145000,145000
3033,威健            ,152000,13000,139000,0,0,0,0,0,0,6000,6000,0,6000,0,0,0,145000
06492P,上銀永豐98售01  ,0,0,0,0,0,0,0,0,0,144000,0,0,0,170000,26000,144000,144000
2342,茂矽            ,330000,187000,143000,0,0,0,0,0,0,0,0,0,0,0,0,0,143000
1720,生達            ,594000,451000,143000,0,0,0,0,0,0,0,0,0,0,0,0,0,143000
060591,富邦金台新9A購01,0,0,0,0,0,0,0,0,0,143000,0,0,0,154000,11000,143000,143000
059723,美律元大9A購02  ,0,0,0,0,0,0,0,0,0,143000,0,0,0,218000,75000,143000,143000
020000,富邦特選蘋果N   ,0,0,0,0,0,0,0,0,0,143000,0,0,0,144000,1000,143000,143000
058528,世紀鋼元大99購02,0,0,0,0,0,0,0,0,0,143000,0,0,0,179000,36000,143000,143000
059816,聯電凱基99購03  ,0,0,0,0,0,0,0,0,0,142000,0,0,0,152000,10000,142000,142000
052893,聯電群益98購01  ,0,0,0,0,0,0,0,0,0,142000,0,0,0,142000,0,142000,142000
056810,群創統一9A購01  ,0,0,0,0,0,0,0,0,0,142000,0,0,0,142000,0,142000,142000
2538,基泰            ,190000,49000,141000,0,0,0,0,0,0,0,0,0,0,0,0,0,141000
07420P,可成元大99售07  ,0,0,0,0,0,0,0,0,0,141000,0,0,0,147000,6000,141000,141000
057377,康控元大99購02  ,0,0,0,0,0,0,0,0,0,141000,0,0,0,216000,75000,141000,141000
03826P,瀚宇博元大95售01,0,0,0,0,0,0,0,0,0,141000,0,0,0,141000,0,141000,141000
3312,弘憶股          ,159000,20000,139000,0,0,0,0,0,0,2000,2000,0,2000,0,0,0,141000
060285,聯電元大9C購01  ,0,0,0,0,0,0,0,0,0,140000,0,0,0,345000,205000,140000,140000
049700,瀚宇博元大97購01,0,0,0,0,0,0,0,0,0,140000,0,0,0,620000,480000,140000,140000
050075,南電凱基94購04  ,0,0,0,0,0,0,0,0,0,140000,0,0,0,140000,0,140000,140000
058399,美律元大99購05  ,0,0,0,0,0,0,0,0,0,140000,0,0,0,146000,6000,140000,140000
058665,台灣50群益9B購02,0,0,0,0,0,0,0,0,0,140000,0,0,0,140000,0,140000,140000
055083,康友中信97購01  ,0,0,0,0,0,0,0,0,0,140000,0,0,0,140000,0,140000,140000
059829,超眾凱基99購05  ,0,0,0,0,0,0,0,0,0,139000,0,0,0,340000,201000,139000,139000
08637P,台灣50中信96售03,0,0,0,0,0,0,0,0,0,139000,0,0,0,139000,0,139000,139000
00766L,台新MSCI中國正2 ,0,0,0,0,0,0,0,0,0,139000,0,0,0,222000,83000,139000,139000
059259,FBVIX中信03購06 ,0,0,0,0,0,0,0,0,0,139000,0,0,0,565000,426000,139000,139000
060057,欣興凱基9B購01  ,0,0,0,0,0,0,0,0,0,138000,0,0,0,290000,152000,138000,138000
051731,聯電國票96購02  ,0,0,0,0,0,0,0,0,0,138000,0,0,0,178000,40000,138000,138000
057747,致新永豐98購01  ,0,0,0,0,0,0,0,0,0,138000,0,0,0,336000,198000,138000,138000
2436,偉詮電          ,333000,197000,136000,0,0,0,0,0,0,1000,1000,0,1000,0,0,0,137000
06957P,FBVIX凱基01售01 ,0,0,0,0,0,0,0,0,0,137000,0,0,0,137000,0,137000,137000
051220,大立光元富95購08,0,0,0,0,0,0,0,0,0,137000,0,0,0,137000,0,137000,137000
057117,開發金日盛9B購01,0,0,0,0,0,0,0,0,0,137000,0,0,0,137000,0,137000,137000
056899,可成元大98購01  ,0,0,0,0,0,0,0,0,0,137000,0,0,0,420000,283000,137000,137000
07405P,大立光凱基99售17,0,0,0,0,0,0,0,0,0,136000,0,0,0,136000,0,136000,136000
2851,中再保          ,161000,27000,134000,0,0,0,0,0,0,2000,2000,0,2000,0,0,0,136000
059842,台積電富邦9C購05,0,0,0,0,0,0,0,0,0,136000,0,0,0,206000,70000,136000,136000
05528P,臺股指群益96售01,0,0,0,0,0,0,0,0,0,136000,0,0,0,218000,82000,136000,136000
058826,台積電永豐99購02,0,0,0,0,0,0,0,0,0,136000,0,0,0,136000,0,136000,136000
3059,華晶科          ,214000,80000,134000,0,0,0,0,0,0,2000,2000,0,2000,0,0,0,136000
07077P,緯穎凱基99售01  ,0,0,0,0,0,0,0,0,0,135000,0,0,0,135000,0,135000,135000
03433B,臺股指元大9C熊01,0,0,0,0,0,0,0,0,0,135000,0,0,0,369000,234000,135000,135000
058251,百和元大99購03  ,0,0,0,0,0,0,0,0,0,135000,0,0,0,264000,129000,135000,135000
058095,昇陽半元大98購03,0,0,0,0,0,0,0,0,0,135000,0,0,0,135000,0,135000,135000
8110,華東            ,284000,143000,141000,0,0,0,0,0,0,-6000,0,6000,-6000,0,0,0,135000
1464,得力            ,352000,247000,105000,0,0,0,0,0,0,29000,12000,0,12000,17000,0,17000,134000
045055,聯發科元富98購03,0,0,0,0,0,0,0,0,0,134000,0,0,0,134000,0,134000,134000
047410,上銀元富96購01  ,0,0,0,0,0,0,0,0,0,134000,0,0,0,154000,20000,134000,134000
058398,中環元大99購02  ,0,0,0,0,0,0,0,0,0,134000,0,0,0,145000,11000,134000,134000
056827,元油2X富邦02購01,0,0,0,0,0,0,0,0,0,134000,0,0,0,134000,0,134000,134000
1460,宏遠            ,142000,9000,133000,0,0,0,0,0,0,0,0,0,0,0,0,0,133000
06594P,立積元大98售01  ,0,0,0,0,0,0,0,0,0,133000,0,0,0,443000,310000,133000,133000
052990,超眾元大97購01  ,0,0,0,0,0,0,0,0,0,133000,0,0,0,182000,49000,133000,133000
054523,GIS元大96購05   ,0,0,0,0,0,0,0,0,0,132000,0,0,0,232000,100000,132000,132000
056881,台灣50康和9A購01,0,0,0,0,0,0,0,0,0,132000,0,0,0,132000,0,132000,132000
056629,昇陽半永豐98購01,0,0,0,0,0,0,0,0,0,132000,0,0,0,138000,6000,132000,132000
058959,南茂國票9A購01  ,0,0,0,0,0,0,0,0,0,132000,0,0,0,164000,32000,132000,132000
060031,旭富永豐99購02  ,0,0,0,0,0,0,0,0,0,131000,0,0,0,187000,56000,131000,131000
2362,藍天            ,231000,104000,127000,0,0,0,0,0,0,3000,3000,0,3000,0,0,0,130000
057713,美律統一99購01  ,0,0,0,0,0,0,0,0,0,130000,0,0,0,140000,10000,130000,130000
057426,元油2X兆豐9B購01,130000,0,130000,0,0,0,0,0,0,0,0,0,0,0,0,0,130000
046703,瑞昱元富95購01  ,0,0,0,0,0,0,0,0,0,130000,0,0,0,130000,0,130000,130000
049491,聯發科元大95購01,0,0,0,0,0,0,0,0,0,130000,0,0,0,475000,345000,130000,130000
051970,元黃金凱基98購01,0,0,0,0,0,0,0,0,0,130000,0,0,0,130000,0,130000,130000
053516,茂林群益96購05  ,0,0,0,0,0,0,0,0,0,130000,0,0,0,130000,0,130000,130000
059133,臺股指群益99購08,0,0,0,0,0,0,0,0,0,130000,0,0,0,152000,22000,130000,130000
056446,聯發科凱基98購08,0,0,0,0,0,0,0,0,0,130000,0,0,0,130000,0,130000,130000
055687,瀚宇博凱基97購01,0,0,0,0,0,0,0,0,0,130000,0,0,0,140000,10000,130000,130000
058216,TPK群益99購01   ,0,0,0,0,0,0,0,0,0,130000,0,0,0,287000,157000,130000,130000
055921,新唐凱基98購01  ,0,0,0,0,0,0,0,0,0,130000,0,0,0,180000,50000,130000,130000
1709,和益            ,148000,19000,129000,0,0,0,0,0,0,0,0,0,0,0,0,0,129000
060400,南電國票9A購03  ,0,0,0,0,0,0,0,0,0,129000,0,0,0,207000,78000,129000,129000
050369,台積電元大94購23,0,0,0,0,0,0,0,0,0,129000,0,0,0,129000,0,129000,129000
051506,台積電元富95購06,0,0,0,0,0,0,0,0,0,129000,0,0,0,129000,0,129000,129000
051578,智邦元大96購01  ,0,0,0,0,0,0,0,0,0,129000,0,0,0,129000,0,129000,129000
052516,臺股指凱基95購20,0,0,0,0,0,0,0,0,0,129000,0,0,0,129000,0,129000,129000
057589,超眾國票9A購01  ,0,0,0,0,0,0,0,0,0,129000,0,0,0,167000,38000,129000,129000
055658,南電元富97購01  ,0,0,0,0,0,0,0,0,0,129000,0,0,0,279000,150000,129000,129000
6197,佳必琪          ,160000,31000,129000,0,0,0,0,0,0,0,0,0,0,0,0,0,129000
054448,矽力兆豐96購01  ,0,0,0,0,0,0,0,0,0,128000,0,0,0,149000,21000,128000,128000
058082,美律群益98購05  ,0,0,0,0,0,0,0,0,0,128000,0,0,0,544000,416000,128000,128000
3413,京鼎            ,457000,329000,128000,0,0,0,0,27000,-27000,27000,2000,4000,-2000,33000,4000,29000,128000
07025P,玉晶光凱基99售01,0,0,0,0,0,0,0,0,0,127000,0,0,0,127000,0,127000,127000
054558,劍麟群益99購01  ,0,0,0,0,0,0,0,0,0,127000,0,0,0,127000,0,127000,127000
052094,瀚宇博元大96購02,0,0,0,0,0,0,0,0,0,127000,0,0,0,142000,15000,127000,127000
056581,超眾元大99購01  ,0,0,0,0,0,0,0,0,0,127000,0,0,0,141000,14000,127000,127000
056916,台達電兆豐98購02,0,0,0,0,0,0,0,0,0,127000,0,0,0,217000,90000,127000,127000
9914,美利達          ,399000,443600,-44600,0,0,0,176000,0,176000,-5000,105000,104000,1000,0,6000,-6000,126400
053597,牧德元大99購01  ,0,0,0,0,0,0,0,0,0,126000,0,0,0,126000,0,126000,126000
2493,揚博            ,136000,10000,126000,0,0,0,0,0,0,-1000,1000,2000,-1000,0,0,0,125000
059908,元金2X元大99購01,0,0,0,0,0,0,0,0,0,125000,0,0,0,175000,50000,125000,125000
053638,信邦永豐96購01  ,0,0,0,0,0,0,0,0,0,125000,0,0,0,125000,0,125000,125000
057695,S&P反1群益9B購01,0,0,0,0,0,0,0,0,0,125000,0,0,0,130000,5000,125000,125000
049007,玉晶光中信96購01,0,0,0,0,0,0,0,0,0,125000,0,0,0,251000,126000,125000,125000
058059,晶技元富98購01  ,0,0,0,0,0,0,0,0,0,125000,0,0,0,125000,0,125000,125000
058497,新日興群益9B購01,0,0,0,0,0,0,0,0,0,125000,0,0,0,125000,0,125000,125000
058469,臺股指中信9A購05,0,0,0,0,0,0,0,0,0,125000,0,0,0,125000,0,125000,125000
4190,佐登-KY         ,123000,29000,94000,0,0,0,0,0,0,31000,23000,4000,19000,12000,0,12000,125000
07375P,台積電元大99售48,0,0,0,0,0,0,0,0,0,124000,0,0,0,140000,16000,124000,124000
05024P,華通國票96售01  ,0,0,0,0,0,0,0,0,0,124000,0,0,0,124000,0,124000,124000
054923,晶技凱基98購01  ,0,0,0,0,0,0,0,0,0,124000,0,0,0,124000,0,124000,124000
055620,樺漢國票98購01  ,0,0,0,0,0,0,0,0,0,124000,0,0,0,124000,0,124000,124000
05642P,玉晶光兆豐97售02,0,0,0,0,0,0,0,0,0,124000,0,0,0,124000,0,124000,124000
059254,台表科凱基9A購02,0,0,0,0,0,0,0,0,0,124000,0,0,0,364000,240000,124000,124000
059473,T50反1群益99購03,0,0,0,0,0,0,0,0,0,123000,0,0,0,271000,148000,123000,123000
058043,鴻海元大98購13  ,0,0,0,0,0,0,0,0,0,123000,0,0,0,123000,0,123000,123000
4106,雃博            ,176000,53000,123000,0,0,0,0,0,0,0,0,0,0,0,0,0,123000
07208P,台積電凱基99售14,0,0,0,0,0,0,0,0,0,122000,0,0,0,122000,0,122000,122000
057499,奇鋐群益98購01  ,0,0,0,0,0,0,0,0,0,122000,0,0,0,207000,85000,122000,122000
058091,欣興元大99購03  ,0,0,0,0,0,0,0,0,0,122000,0,0,0,157000,35000,122000,122000
05546P,全新元大97售01  ,0,0,0,0,0,0,0,0,0,122000,0,0,0,256000,134000,122000,122000
052067,中磊兆豐96購01  ,0,0,0,0,0,0,0,0,0,121000,0,0,0,125000,4000,121000,121000
6189,豐藝            ,134000,15000,119000,0,0,0,0,0,0,2000,2000,0,2000,0,0,0,121000
050483,樺漢國票94購01  ,0,0,0,0,0,0,0,0,0,120000,0,0,0,120000,0,120000,120000
04452P,超眾國泰95售01  ,0,0,0,0,0,0,0,0,0,120000,0,0,0,120000,0,120000,120000
04821P,臺股指永豐94售01,0,0,0,0,0,0,0,0,0,120000,0,0,0,120000,0,120000,120000
057487,聯發科元大98購10,0,0,0,0,0,0,0,0,0,120000,0,0,0,120000,0,120000,120000
053717,聯發科凱基96購17,0,0,0,0,0,0,0,0,0,120000,0,0,0,120000,0,120000,120000
055526,台積電群益97購02,0,0,0,0,0,0,0,0,0,120000,0,0,0,120000,0,120000,120000
058555,矽創永豐9A購01  ,0,0,0,0,0,0,0,0,0,120000,0,0,0,125000,5000,120000,120000
058668,元油2X群益9B購04,0,0,0,0,0,0,0,0,0,120000,0,0,0,120000,0,120000,120000
055831,台達電元大97購01,0,0,0,0,0,0,0,0,0,120000,0,0,0,120000,0,120000,120000
06730P,祥碩元大98售07  ,0,0,0,0,0,0,0,0,0,119000,0,0,0,172000,53000,119000,119000
1339,昭輝            ,140000,21000,119000,0,0,0,0,0,0,0,0,0,0,0,0,0,119000
053375,鴻海元大96購18  ,0,0,0,0,0,0,0,0,0,119000,0,0,0,128000,9000,119000,119000
9105,泰金寶-DR       ,135000,16000,119000,0,0,0,0,0,0,0,0,0,0,0,0,0,119000
9917,中保科          ,89000,68000,21000,0,0,0,96000,0,96000,2000,2000,0,2000,0,0,0,119000
060347,大立光統一02購01,0,0,0,0,0,0,0,0,0,118000,0,0,0,118000,0,118000,118000
060230,台積電元大9A購07,0,0,0,0,0,0,0,0,0,118000,0,0,0,168000,50000,118000,118000
00665L,富邦恒生國企正2 ,23000,10000,13000,0,0,0,0,0,0,105000,0,0,0,122000,17000,105000,118000
059200,京鼎永豐99購02  ,0,0,0,0,0,0,0,0,0,118000,0,0,0,184000,66000,118000,118000
2929,淘帝-KY         ,483000,393675,89325,0,0,0,0,0,0,28000,0,0,0,28000,0,28000,117325
05206P,南茂元大95售01  ,0,0,0,0,0,0,0,0,0,117000,0,0,0,120000,3000,117000,117000
5258,虹堡            ,125000,6000,119000,0,0,0,0,0,0,-2000,1000,3000,-2000,0,0,0,117000
8261,富鼎            ,121000,4000,117000,0,0,0,0,0,0,0,0,0,0,0,0,0,117000
6672,騰輝電子-KY     ,128000,11000,117000,0,0,0,0,0,0,0,0,0,0,0,0,0,117000
060022,勤誠康和99購01  ,0,0,0,0,0,0,0,0,0,116000,0,0,0,116000,0,116000,116000
07505P,台勝科元大9A售01,0,0,0,0,0,0,0,0,0,116000,0,0,0,205000,89000,116000,116000
058290,南電國票9A購01  ,0,0,0,0,0,0,0,0,0,116000,0,0,0,209000,93000,116000,116000
057288,聯茂元大98購03  ,0,0,0,0,0,0,0,0,0,116000,0,0,0,123000,7000,116000,116000
057300,訊連永豐98購01  ,0,0,0,0,0,0,0,0,0,116000,0,0,0,200000,84000,116000,116000
07547P,緯穎凱基9A售05  ,0,0,0,0,0,0,0,0,0,115000,0,0,0,121000,6000,115000,115000
053983,樺漢元大97購02  ,0,0,0,0,0,0,0,0,0,115000,0,0,0,115000,0,115000,115000
054065,樺漢國票97購01  ,0,0,0,0,0,0,0,0,0,115000,0,0,0,115000,0,115000,115000
052207,台郡中信95購02  ,0,0,0,0,0,0,0,0,0,115000,0,0,0,115000,0,115000,115000
6533,晶心科          ,140000,25000,115000,0,0,0,0,0,0,0,0,0,0,0,0,0,115000
057533,晶相光元大98購02,0,0,0,0,0,0,0,0,0,114000,0,0,0,297000,183000,114000,114000
6214,精誠            ,300000,190000,110000,0,0,0,0,0,0,4000,4000,0,4000,0,0,0,114000
057700,新日興群益9A購01,0,0,0,0,0,0,0,0,0,113000,0,0,0,113000,0,113000,113000
00654R,富邦印度反1     ,0,0,0,0,0,0,0,0,0,113000,0,0,0,237000,124000,113000,113000
3050,鈺德            ,113000,0,113000,0,0,0,0,0,0,0,0,0,0,0,0,0,113000
2013,中鋼構          ,115000,3000,112000,0,0,0,0,0,0,0,0,0,0,0,0,0,112000
2617,台航            ,137000,18000,119000,0,0,0,0,0,0,-7000,0,7000,-7000,0,0,0,112000
060228,亞德客元大9A購01,0,0,0,0,0,0,0,0,0,112000,0,0,0,188000,76000,112000,112000
3031,佰鴻            ,138000,28000,110000,0,0,0,0,0,0,2000,2000,0,2000,0,0,0,112000
5434,崇越            ,173000,94000,79000,0,0,0,22000,0,22000,11000,4000,0,4000,7000,0,7000,112000
4164,承業醫          ,119000,6000,113000,0,0,0,0,0,0,-1000,0,1000,-1000,0,0,0,112000
2464,盟立            ,151000,43000,108000,0,0,0,0,0,0,3000,2000,0,2000,1000,0,1000,111000
2457,飛宏            ,211000,103000,108000,0,0,0,0,0,0,3000,3000,0,3000,0,0,0,111000
056780,元油2X群益9A購03,0,0,0,0,0,0,0,0,0,111000,0,0,0,111000,0,111000,111000
1338,廣華-KY         ,200000,89732,110268,0,0,0,0,0,0,0,0,0,0,0,0,0,110268
060380,T50反1凱基9A購08,0,0,0,0,0,0,0,0,0,110000,0,0,0,140000,30000,110000,110000
059996,美律元富99購01  ,0,0,0,0,0,0,0,0,0,110000,0,0,0,215000,105000,110000,110000
048433,聯詠國票94購01  ,0,0,0,0,0,0,0,0,0,110000,0,0,0,150000,40000,110000,110000
053770,元金2X元大98購01,0,0,0,0,0,0,0,0,0,110000,0,0,0,110000,0,110000,110000
054847,創意兆豐97購01  ,0,0,0,0,0,0,0,0,0,110000,0,0,0,110000,0,110000,110000
056583,昇陽半元大98購02,0,0,0,0,0,0,0,0,0,110000,0,0,0,143000,33000,110000,110000
057253,高股息中信99購02,0,0,0,0,0,0,0,0,0,110000,0,0,0,110000,0,110000,110000
055473,禾伸堂凱基97購01,0,0,0,0,0,0,0,0,0,110000,0,0,0,110000,0,110000,110000
050385,貿聯國票95購02  ,0,0,0,0,0,0,0,0,0,109000,0,0,0,109000,0,109000,109000
8016,矽創            ,342000,235000,107000,0,0,0,0,0,0,2000,5000,1000,4000,6000,8000,-2000,109000
059743,開發金元富99購01,0,0,0,0,0,0,0,0,0,108000,0,0,0,150000,42000,108000,108000
055592,奇力新元大97購07,0,0,0,0,0,0,0,0,0,108000,0,0,0,213000,105000,108000,108000
058037,台灣50元大9B購02,0,0,0,0,0,0,0,0,0,108000,0,0,0,108000,0,108000,108000
055138,大毅永豐97購02  ,0,0,0,0,0,0,0,0,0,108000,0,0,0,130000,22000,108000,108000
057649,嘉聯益元大99購04,0,0,0,0,0,0,0,0,0,108000,0,0,0,131000,23000,108000,108000
057742,喬山永豐98購02  ,0,0,0,0,0,0,0,0,0,108000,0,0,0,224000,116000,108000,108000
055725,嘉聯益元大98購03,0,0,0,0,0,0,0,0,0,108000,0,0,0,138000,30000,108000,108000
3047,訊舟            ,156000,50000,106000,0,0,0,0,0,0,2000,2000,0,2000,0,0,0,108000
059885,台積電國票99購12,0,0,0,0,0,0,0,0,0,107000,0,0,0,204000,97000,107000,107000
07290P,台灣50凱基9A售08,0,0,0,0,0,0,0,0,0,107000,0,0,0,112000,5000,107000,107000
047970,鴻海富邦95購01  ,0,0,0,0,0,0,0,0,0,107000,0,0,0,196000,89000,107000,107000
055858,聯茂元大97購03  ,0,0,0,0,0,0,0,0,0,107000,0,0,0,165000,58000,107000,107000
056794,上銀麥證98購01  ,0,0,0,110000,3000,107000,0,0,0,107000,0,0,0,110000,3000,107000,107000
3005,神基            ,385000,339000,46000,0,0,0,0,0,0,61000,2000,0,2000,131000,72000,59000,107000
06548P,大立光元大98售10,0,0,0,0,0,0,0,0,0,106000,0,0,0,110000,4000,106000,106000
2608,嘉里大榮        ,73000,52000,21000,0,0,0,85000,0,85000,0,0,0,0,0,0,0,106000
059991,超眾元大9A購02  ,0,0,0,0,0,0,0,0,0,106000,0,0,0,219000,113000,106000,106000
053192,創意統一96購01  ,0,0,0,0,0,0,0,0,0,106000,0,0,0,106000,0,106000,106000
059654,T50反1元大99購09,0,0,0,0,0,0,0,0,0,105000,0,0,0,115000,10000,105000,105000
05194P,玉晶光康和95售01,0,0,0,0,0,0,0,0,0,105000,0,0,0,105000,0,105000,105000
054456,華泰群益99購01  ,0,0,0,0,0,0,0,0,0,105000,0,0,0,105000,0,105000,105000
056580,泰鼎元大9A購01  ,0,0,0,0,0,0,0,0,0,105000,0,0,0,105000,0,105000,105000
059425,SGBR2X元大9A購02,0,0,0,0,0,0,0,0,0,105000,0,0,0,364000,259000,105000,105000
059059,宏達電凱基99購03,0,0,0,0,0,0,0,0,0,105000,0,0,0,125000,20000,105000,105000
058955,台積電國票9A購04,0,0,0,0,0,0,0,0,0,105000,0,0,0,400000,295000,105000,105000
057223,富邦金日盛99購01,0,0,0,0,0,0,0,0,0,105000,0,0,0,115000,10000,105000,105000
3705,永信            ,170000,67000,103000,0,0,0,0,0,0,2000,2000,0,2000,0,0,0,105000
059631,京元電凱基99購02,0,0,0,0,0,0,0,0,0,104000,0,0,0,284000,180000,104000,104000
059695,聯鈞永豐99購02  ,0,0,0,0,0,0,0,0,0,104000,0,0,0,154000,50000,104000,104000
07304P,臺股指元大9A售37,0,0,0,0,0,0,0,0,0,104000,0,0,0,244000,140000,104000,104000
057670,欣興元大99購02  ,0,0,0,0,0,0,0,0,0,104000,0,0,0,141000,37000,104000,104000
057764,台表科凱基9A購01,0,0,0,0,0,0,0,0,0,104000,0,0,0,104000,0,104000,104000
05760P,京鼎永豐96售02  ,0,0,0,0,0,0,0,0,0,104000,0,0,0,110000,6000,104000,104000
05888P,友達元大97售01  ,0,0,0,0,0,0,0,0,0,104000,0,0,0,104000,0,104000,104000
5243,乙盛-KY         ,149000,45000,104000,0,0,0,0,0,0,0,0,0,0,0,0,0,104000
06914P,南茂元大98售03  ,0,0,0,0,0,0,0,0,0,103000,0,0,0,108000,5000,103000,103000
057566,欣興富邦99購01  ,0,0,0,0,0,0,0,0,0,103000,0,0,0,103000,0,103000,103000
052167,亞泥元大96購01  ,0,0,0,0,0,0,0,0,0,103000,0,0,0,103000,0,103000,103000
059006,樺漢元大99購01  ,0,0,0,0,0,0,0,0,0,103000,0,0,0,135000,32000,103000,103000
055737,開發金元富97購01,0,0,0,0,0,0,0,0,0,103000,0,0,0,103000,0,103000,103000
055916,奇鋐凱基99購01  ,0,0,0,0,0,0,0,0,0,103000,0,0,0,103000,0,103000,103000
06780P,義隆元大98售02  ,0,0,0,0,0,0,0,0,0,102000,0,0,0,137000,35000,102000,102000
059599,健策元大9B購02  ,0,0,0,0,0,0,0,0,0,102000,0,0,0,126000,24000,102000,102000
059640,聯詠凱基99購04  ,0,0,0,0,0,0,0,0,0,102000,0,0,0,296000,194000,102000,102000
048186,元黃金元大96購01,0,0,0,0,0,0,0,0,0,102000,0,0,0,102000,0,102000,102000
051078,力山富邦97購01  ,0,0,0,0,0,0,0,0,0,102000,0,0,0,102000,0,102000,102000
055402,正文元富97購02  ,0,0,0,0,0,0,0,0,0,102000,0,0,0,170000,68000,102000,102000
055255,欣興統一97購02  ,0,0,0,0,0,0,0,0,0,102000,0,0,0,102000,0,102000,102000
5285,界霖            ,117000,15000,102000,0,0,0,0,0,0,0,0,0,0,0,0,0,102000
059913,台積電元大99購44,0,0,0,0,0,0,0,0,0,101000,0,0,0,104000,3000,101000,101000
054405,樺漢康和96購01  ,0,0,0,0,0,0,0,0,0,101000,0,0,0,101000,0,101000,101000
059469,智邦元大99購03  ,0,0,0,0,0,0,0,0,0,101000,0,0,0,111000,10000,101000,101000
3530,晶相光          ,271000,193000,78000,0,0,0,0,0,0,23000,0,0,0,29000,6000,23000,101000
059655,T50反1元大99購10,0,0,0,0,0,0,0,0,0,100000,0,0,0,100000,0,100000,100000
060388,世紀鋼凱基9B購01,0,0,0,0,0,0,0,0,0,100000,0,0,0,151000,51000,100000,100000
054121,奇鋐永豐96購02  ,0,0,0,0,0,0,0,0,0,100000,0,0,0,100000,0,100000,100000
055032,億光富邦99購01  ,0,0,0,0,0,0,0,0,0,100000,0,0,0,100000,0,100000,100000
052190,創意群益95購03  ,0,0,0,0,0,0,0,0,0,100000,0,0,0,100000,0,100000,100000
052443,台積電元大95購23,0,0,0,0,0,0,0,0,0,100000,0,0,0,100000,0,100000,100000
052692,滬深2X中信99購02,0,0,0,0,0,0,0,0,0,100000,0,0,0,100000,0,100000,100000
052697,滬深2X國票98購01,0,0,0,0,0,0,0,0,0,100000,0,0,0,100000,0,100000,100000
052856,滬深2X凱基98購01,0,0,0,0,0,0,0,0,0,100000,0,0,0,100000,0,100000,100000
05023P,和碩凱基95售01  ,0,0,0,0,0,0,0,0,0,100000,0,0,0,100000,0,100000,100000
050116,嘉澤元大94購03  ,0,0,0,0,0,0,0,0,0,100000,0,0,0,100000,0,100000,100000
052091,緯創元大95購04  ,0,0,0,0,0,0,0,0,0,100000,0,0,0,100000,0,100000,100000
050311,上銀兆豐95購01  ,0,0,0,0,0,0,0,0,0,100000,0,0,0,100000,0,100000,100000
051988,台光電元大95購01,0,0,0,0,0,0,0,0,0,100000,0,0,0,100000,0,100000,100000
049811,聯鈞元大94購01  ,0,0,0,0,0,0,0,0,0,100000,0,0,0,100000,0,100000,100000
049870,南電兆豐94購01  ,0,0,0,0,0,0,0,0,0,100000,0,0,0,100000,0,100000,100000
051193,新日興兆豐96購01,0,0,0,0,0,0,0,0,0,100000,0,0,0,100000,0,100000,100000
051175,國巨凱基95購04  ,0,0,0,0,0,0,0,0,0,100000,0,0,0,100000,0,100000,100000
048178,上銀富邦95購02  ,0,0,0,0,0,0,0,0,0,100000,0,0,0,100000,0,100000,100000
04863P,技嘉元大94售02  ,0,0,0,0,0,0,0,0,0,100000,0,0,0,100000,0,100000,100000
051762,國泰金元大95購01,0,0,0,0,0,0,0,0,0,100000,0,0,0,100000,0,100000,100000
046869,聯發科統一95購01,0,0,0,0,0,0,0,0,0,100000,0,0,0,100000,0,100000,100000
059323,新日興元大99購02,0,0,0,0,0,0,0,0,0,100000,0,0,0,101000,1000,100000,100000
056898,全新元大98購02  ,0,0,0,0,0,0,0,0,0,100000,0,0,0,118000,18000,100000,100000
05669P,嘉晶永豐96售03  ,0,0,0,0,0,0,0,0,0,100000,0,0,0,100000,0,100000,100000
056356,台積電元大99購01,0,0,0,0,0,0,0,0,0,100000,0,0,0,100000,0,100000,100000
055901,超眾中信97購01  ,0,0,0,0,0,0,0,0,0,100000,0,0,0,376000,276000,100000,100000
056060,宏達電元大99購01,0,0,0,0,0,0,0,0,0,100000,0,0,0,100000,0,100000,100000
058271,訊連永豐99購01  ,0,0,0,0,0,0,0,0,0,100000,0,0,0,155000,55000,100000,100000
055101,台肥凱基97購01  ,0,0,0,0,0,0,0,0,0,100000,0,0,0,100000,0,100000,100000
05511P,T50反1台新06售01,0,0,0,0,0,0,0,0,0,100000,0,0,0,100000,0,100000,100000
058051,同欣電元大98購03,0,0,0,0,0,0,0,0,0,100000,0,0,0,100000,0,100000,100000
055607,華通康和97購01  ,0,0,0,0,0,0,0,0,0,100000,0,0,0,100000,0,100000,100000
055507,樺漢元大98購02  ,0,0,0,0,0,0,0,0,0,100000,0,0,0,100000,0,100000,100000
058464,矽創兆豐9A購01  ,0,0,0,0,0,0,0,0,0,100000,0,0,0,100000,0,100000,100000
060355,元金2X元富9C購01,0,0,0,0,0,0,0,0,0,99000,0,0,0,165000,66000,99000,99000
060666,聯茂凱基9A購02  ,0,0,0,0,0,0,0,0,0,99000,0,0,0,113000,14000,99000,99000
060077,台積電台新9B購01,0,0,0,0,0,0,0,0,0,99000,0,0,0,101000,2000,99000,99000
06717P,可成元大98售09  ,0,0,0,0,0,0,0,0,0,99000,0,0,0,102000,3000,99000,99000
06551P,貿聯元大98售05  ,0,0,0,0,0,0,0,0,0,99000,0,0,0,100000,1000,99000,99000
2359,所羅門          ,137000,40000,97000,0,0,0,0,0,0,2000,2000,0,2000,0,0,0,99000
055157,晶豪科元大97購01,0,0,0,0,0,0,0,0,0,99000,0,0,0,99000,0,99000,99000
057211,鴻海群益98購05  ,0,0,0,0,0,0,0,0,0,99000,0,0,0,217000,118000,99000,99000
056783,國巨群益99購01  ,0,0,0,0,0,0,0,0,0,99000,0,0,0,99000,0,99000,99000
058904,晶技元大99購05  ,0,0,0,0,0,0,0,0,0,99000,0,0,0,248000,149000,99000,99000
3004,豐達科          ,131000,26000,105000,0,0,0,0,0,0,-6000,0,6000,-6000,0,0,0,99000
4916,事欣科          ,129000,31000,98000,0,0,0,0,0,0,1000,1000,0,1000,0,0,0,99000
1316,上曜            ,131000,34000,97000,0,0,0,0,0,0,1000,1000,0,1000,0,0,0,98000
051360,緯創元大95購03  ,0,0,0,0,0,0,0,0,0,98000,0,0,0,503000,405000,98000,98000
058833,台表科永豐99購01,0,0,0,0,0,0,0,0,0,98000,0,0,0,409000,311000,98000,98000
056290,正文永豐98購01  ,0,0,0,0,0,0,0,0,0,98000,0,0,0,98000,0,98000,98000
057012,康控中信98購01  ,0,0,0,0,0,0,0,0,0,98000,0,0,0,108000,10000,98000,98000
058308,全新元大9B購01  ,0,0,0,0,0,0,0,0,0,98000,0,0,0,100000,2000,98000,98000
6668,中揚光          ,147000,49000,98000,0,0,0,0,0,0,0,0,0,0,0,0,0,98000
2419,仲琦            ,180000,84000,96000,0,0,0,0,0,0,1000,1000,0,1000,0,0,0,97000
059729,群創元大9C購05  ,0,0,0,0,0,0,0,0,0,97000,0,0,0,99000,2000,97000,97000
00643,群益深証中小    ,78000,46000,32000,0,0,0,0,0,0,65000,0,0,0,135000,70000,65000,97000
05306P,泰碩國泰97售01  ,0,0,0,0,0,0,0,0,0,97000,0,0,0,176000,79000,97000,97000
058010,帆宣國票98購01  ,0,0,0,0,0,0,0,0,0,97000,0,0,0,97000,0,97000,97000
055653,聯詠元富01購02  ,0,0,0,0,0,0,0,0,0,97000,0,0,0,210000,113000,97000,97000
6166,凌華            ,242000,145000,97000,0,0,0,0,0,0,0,3000,0,3000,0,3000,-3000,97000
3018,同開            ,135000,42000,93000,0,0,0,0,0,0,4000,4000,0,4000,0,0,0,97000
2421,建準            ,406000,343000,63000,0,0,0,0,0,0,33000,11000,18000,-7000,51000,11000,40000,96000
053259,卜蜂群益97購01  ,0,0,0,0,0,0,0,0,0,96000,0,0,0,96000,0,96000,96000
058610,欣興元大99購05  ,0,0,0,0,0,0,0,0,0,96000,0,0,0,196000,100000,96000,96000
059340,鴻海凱基9A購12  ,0,0,0,0,0,0,0,0,0,96000,0,0,0,96000,0,96000,96000
07145P,為升元大99售03  ,0,0,0,0,0,0,0,0,0,95000,0,0,0,95000,0,95000,95000
059702,台積電凱基9A購14,0,0,0,0,0,0,0,0,0,95000,0,0,0,117000,22000,95000,95000
060547,瑞昱凱基9A購01  ,0,0,0,0,0,0,0,0,0,95000,0,0,0,347000,252000,95000,95000
060306,台肥永豐9A購01  ,0,0,0,0,0,0,0,0,0,95000,0,0,0,197000,102000,95000,95000
053270,台塑元大96購01  ,0,0,0,0,0,0,0,0,0,95000,0,0,0,95000,0,95000,95000
054727,台積電日盛97購02,0,0,0,0,0,0,0,0,0,95000,0,0,0,95000,0,95000,95000
052788,開發金中信98購02,0,0,0,0,0,0,0,0,0,95000,0,0,0,95000,0,95000,95000
057473,T50反1元大98購08,0,0,0,0,0,0,0,0,0,95000,0,0,0,95000,0,95000,95000
059257,臺股指凱基99購35,0,0,0,0,0,0,0,0,0,95000,0,0,0,100000,5000,95000,95000
056529,中環凱基98購01  ,0,0,0,0,0,0,0,0,0,95000,0,0,0,116000,21000,95000,95000
058288,南亞科國票9A購01,0,0,0,0,0,0,0,0,0,95000,0,0,0,95000,0,95000,95000
6177,達麗            ,129000,34000,95000,0,0,0,0,0,0,0,0,0,0,0,0,0,95000
1231,聯華食          ,98000,3000,95000,0,0,0,0,0,0,-1000,0,1000,-1000,0,0,0,94000
049501,台郡元大95購01  ,0,0,0,0,0,0,0,0,0,94000,0,0,0,180000,86000,94000,94000
00668,國泰美國道瓊    ,94000,4000,90000,0,0,0,0,0,0,4000,0,0,0,88000,84000,4000,94000
057061,華擎國泰9A購01  ,0,0,0,0,0,0,0,0,0,94000,0,0,0,189000,95000,94000,94000
056608,力山永豐98購01  ,0,0,0,0,0,0,0,0,0,94000,0,0,0,94000,0,94000,94000
058918,SGBR2X元富99購04,0,0,0,0,0,0,0,0,0,94000,0,0,0,215000,121000,94000,94000
2010,春源            ,104000,23000,81000,0,0,0,0,0,0,12000,2000,0,2000,10000,0,10000,93000
2208,台船            ,187000,94000,93000,0,0,0,0,0,0,0,0,0,0,0,0,0,93000
050942,S&P正2群益95購01,0,0,0,0,0,0,0,0,0,93000,0,0,0,93000,0,93000,93000
057486,美律元大98購04  ,0,0,0,0,0,0,0,0,0,93000,0,0,0,116000,23000,93000,93000
059151,臺股指國票99購14,0,0,0,0,0,0,0,0,0,93000,0,0,0,143000,50000,93000,93000
057222,鴻海國票99購04  ,0,0,0,0,0,0,0,0,0,93000,0,0,0,93000,0,93000,93000
057268,臻鼎兆豐99購01  ,0,0,0,0,0,0,0,0,0,93000,0,0,0,123000,30000,93000,93000
057070,美律永豐98購02  ,0,0,0,0,0,0,0,0,0,92000,0,0,0,92000,0,92000,92000
056990,聯發科兆豐98購01,0,0,0,0,0,0,0,0,0,92000,0,0,0,102000,10000,92000,92000
056093,大毅元富97購01  ,0,0,0,0,0,0,0,0,0,92000,0,0,0,138000,46000,92000,92000
059122,超眾永豐99購01  ,0,0,0,0,0,0,0,0,0,92000,0,0,0,122000,30000,92000,92000
056715,瀚宇博永豐98購01,0,0,0,0,0,0,0,0,0,92000,0,0,0,213000,121000,92000,92000
3209,全科            ,94000,3000,91000,0,0,0,0,0,0,1000,1000,0,1000,0,0,0,92000
2228,劍麟            ,163000,93000,70000,0,0,0,0,0,0,21000,0,0,0,23000,2000,21000,91000
060183,南亞科元富9A購01,0,0,0,0,0,0,0,0,0,91000,0,0,0,325000,234000,91000,91000
03674C,臺股指元富9C牛02,0,0,0,0,0,0,0,0,0,91000,0,0,0,91000,0,91000,91000
056675,聯發科元富02購01,0,0,0,0,0,0,0,0,0,91000,0,0,0,91000,0,91000,91000
5215,科嘉-KY         ,305000,221000,84000,0,0,0,0,0,0,7000,7000,0,7000,0,0,0,91000
8454,富邦媒          ,112100,44000,68100,0,0,0,17000,0,17000,5000,7000,2000,5000,0,0,0,90100
060221,大立光凱基9A購07,0,0,0,0,0,0,0,0,0,90000,0,0,0,95000,5000,90000,90000
060621,玉晶光元大9A購05,0,0,0,0,0,0,0,0,0,90000,0,0,0,145000,55000,90000,90000
06474P,鴻海富邦98售03  ,0,0,0,0,0,0,0,0,0,90000,0,0,0,90000,0,90000,90000
051654,致新永豐95購01  ,0,0,0,0,0,0,0,0,0,90000,0,0,0,90000,0,90000,90000
053341,聯發科國票97購03,0,0,0,0,0,0,0,0,0,90000,0,0,0,90000,0,90000,90000
052959,聯電凱基97購01  ,0,0,0,0,0,0,0,0,0,90000,0,0,0,102000,12000,90000,90000
052937,國巨兆豐97購01  ,0,0,0,0,0,0,0,0,0,90000,0,0,0,100000,10000,90000,90000
052764,景碩群益98購01  ,0,0,0,0,0,0,0,0,0,90000,0,0,0,90000,0,90000,90000
053792,百和元大96購01  ,0,0,0,0,0,0,0,0,0,90000,0,0,0,90000,0,90000,90000
054188,欣興永豐96購03  ,0,0,0,0,0,0,0,0,0,90000,0,0,0,90000,0,90000,90000
05635P,健策台新96售02  ,0,0,0,0,0,0,0,0,0,90000,0,0,0,90000,0,90000,90000
059102,聯鈞元富99購01  ,0,0,0,0,0,0,0,0,0,90000,0,0,0,122000,32000,90000,90000
057258,中環兆豐98購01  ,0,0,0,0,0,0,0,0,0,90000,0,0,0,136000,46000,90000,90000
057941,聯電國票99購01  ,0,0,0,0,0,0,0,0,0,90000,0,0,0,130000,40000,90000,90000
9939,宏全            ,214000,166000,48000,0,0,0,49000,0,49000,-7000,5000,29000,-24000,17000,0,17000,90000
3419,譁裕            ,94000,4000,90000,0,0,0,0,0,0,0,0,0,0,0,0,0,90000
059706,嘉晶凱基99購01  ,0,0,0,0,0,0,0,0,0,89000,0,0,0,169000,80000,89000,89000
059730,晶相光元大9C購02,0,0,0,0,0,0,0,0,0,89000,0,0,0,281000,192000,89000,89000
053355,超眾兆豐97購01  ,0,0,0,0,0,0,0,0,0,89000,0,0,0,93000,4000,89000,89000
03019X,元展19          ,0,0,0,0,0,0,0,0,0,89000,0,0,0,100000,11000,89000,89000
05922P,京元電兆豐96售01,0,0,0,0,0,0,0,0,0,89000,0,0,0,99000,10000,89000,89000
059507,鴻海永豐99購03  ,0,0,0,0,0,0,0,0,0,88000,0,0,0,212000,124000,88000,88000
060552,群創凱基9B購05  ,0,0,0,0,0,0,0,0,0,88000,0,0,0,90000,2000,88000,88000
1905,華紙            ,461000,373000,88000,0,0,0,0,0,0,0,0,0,0,0,0,0,88000
049224,致新國票95購01  ,0,0,0,0,0,0,0,0,0,88000,0,0,0,88000,0,88000,88000
03016P,滬深2X群益01售09,0,0,0,0,0,0,0,0,0,88000,0,0,0,88000,0,88000,88000
006208,富邦台50        ,4000,3000,1000,0,0,0,0,0,0,87000,0,0,0,627000,540000,87000,88000
058622,國巨國票99購07  ,0,0,0,0,0,0,0,0,0,88000,0,0,0,357000,269000,88000,88000
8131,福懋科          ,203000,246000,-43000,0,0,0,96000,0,96000,35000,4000,0,4000,32000,1000,31000,88000
6525,捷敏-KY         ,88000,0,88000,0,0,0,0,0,0,0,0,0,0,0,0,0,88000
1809,中釉            ,141000,54000,87000,0,0,0,0,0,0,0,0,0,0,0,0,0,87000
1702,南僑            ,156000,74000,82000,0,0,0,0,0,0,5000,5000,0,5000,0,0,0,87000
2524,京城            ,147000,60000,87000,0,0,0,0,0,0,0,0,0,0,0,0,0,87000
059586,上銀元大9A購02  ,0,0,0,0,0,0,0,0,0,87000,0,0,0,87000,0,87000,87000
052193,國巨元富95購06  ,0,0,0,0,0,0,0,0,0,87000,0,0,0,87000,0,87000,87000
057315,台灣50康和9A購03,0,0,0,0,0,0,0,0,0,87000,0,0,0,87000,0,87000,87000
059343,宏達電凱基99購04,0,0,0,0,0,0,0,0,0,87000,0,0,0,165000,78000,87000,87000
059011,臺股指元大9A購30,0,0,0,0,0,0,0,0,0,87000,0,0,0,97000,10000,87000,87000
05755P,臺股指中信99售04,0,0,0,0,0,0,0,0,0,86000,0,0,0,105000,19000,86000,86000
056576,晶技元大99購02  ,0,0,0,0,0,0,0,0,0,86000,0,0,0,235000,149000,86000,86000
055568,緯穎凱基97購02  ,0,0,0,0,0,0,0,0,0,86000,0,0,0,90000,4000,86000,86000
058658,瑞儀中信99購01  ,0,0,0,0,0,0,0,0,0,86000,0,0,0,105000,19000,86000,86000
058663,瑞儀兆豐9A購01  ,0,0,0,0,0,0,0,0,0,86000,0,0,0,262000,176000,86000,86000
3356,奇偶            ,101000,17000,84000,0,0,0,0,0,0,2000,2000,0,2000,0,0,0,86000
053057,聯電國泰97購02  ,0,0,0,0,0,0,0,0,0,85000,0,0,0,120000,35000,85000,85000
04840P,大立光元大94售18,0,0,0,0,0,0,0,0,0,85000,0,0,0,109000,24000,85000,85000
055070,聯茂永豐97購01  ,0,0,0,0,0,0,0,0,0,85000,0,0,0,85000,0,85000,85000
055651,富邦金元富97購01,0,0,0,0,0,0,0,0,0,85000,0,0,0,85000,0,85000,85000
058621,華通國票9A購01  ,0,0,0,0,0,0,0,0,0,85000,0,0,0,114000,29000,85000,85000
058564,元金2X凱基9C購01,0,0,0,0,0,0,0,0,0,85000,0,0,0,85000,0,85000,85000
057849,南茂永豐98購02  ,0,0,0,0,0,0,0,0,0,85000,0,0,0,95000,10000,85000,85000
6108,競國            ,127000,44000,83000,0,0,0,0,0,0,2000,2000,0,2000,0,0,0,85000
059852,康控永豐99購02  ,0,0,0,0,0,0,0,0,0,84000,0,0,0,206000,122000,84000,84000
060106,旭富元大99購02  ,0,0,0,0,0,0,0,0,0,84000,0,0,0,100000,16000,84000,84000
048793,超眾元大95購02  ,0,0,0,0,0,0,0,0,0,84000,0,0,0,202000,118000,84000,84000
052647,晶技永豐97購01  ,0,0,0,0,0,0,0,0,0,84000,0,0,0,168000,84000,84000,84000
057796,鴻海兆豐99購03  ,0,0,0,0,0,0,0,0,0,84000,0,0,0,94000,10000,84000,84000
058876,南電國票9A購02  ,0,0,0,0,0,0,0,0,0,84000,0,0,0,114000,30000,84000,84000
058390,樺漢國票9A購01  ,0,0,0,0,0,0,0,0,0,84000,0,0,0,88000,4000,84000,84000
059882,臺股指凱基9C購06,0,0,0,0,0,0,0,0,0,83000,0,0,0,212000,129000,83000,83000
07148P,富邦金元大99售01,0,0,0,0,0,0,0,0,0,83000,0,0,0,176000,93000,83000,83000
07242P,台灣50凱基9A售03,0,0,0,0,0,0,0,0,0,83000,0,0,0,98000,15000,83000,83000
07344P,鴻海富邦9A售03  ,0,0,0,0,0,0,0,0,0,83000,0,0,0,91000,8000,83000,83000
046629,群創統一98購01  ,0,0,0,0,0,0,0,0,0,83000,0,0,0,83000,0,83000,83000
057926,帆宣凱基98購02  ,0,0,0,0,0,0,0,0,0,83000,0,0,0,108000,25000,83000,83000
055092,開發金群益9B購01,0,0,0,0,0,0,0,0,0,83000,0,0,0,83000,0,83000,83000
057283,欣興元大98購07  ,0,0,0,0,0,0,0,0,0,83000,0,0,0,369000,286000,83000,83000
055327,致新國票98購01  ,0,0,0,0,0,0,0,0,0,83000,0,0,0,121000,38000,83000,83000
3376,新日興          ,177000,178000,-1000,0,0,0,202000,0,202000,-118000,14000,102000,-88000,2000,32000,-30000,83000
07469P,台達電元大9A售01,0,0,0,0,0,0,0,0,0,82000,0,0,0,85000,3000,82000,82000
1592,英瑞-KY         ,97000,15000,82000,0,0,0,0,0,0,0,0,0,0,0,0,0,82000
059735,T50反1元富99購06,0,0,0,0,0,0,0,0,0,82000,0,0,0,87000,5000,82000,82000
3708,上緯投控        ,174000,97000,77000,0,0,0,0,0,0,5000,0,3000,-3000,8000,0,8000,82000
6670,復盛應用        ,131000,61000,70000,0,0,0,0,0,0,12000,0,1000,-1000,13000,0,13000,82000
059685,T50正2永豐99購02,0,0,0,0,0,0,0,0,0,81000,0,0,0,82000,1000,81000,81000
060639,玉晶光永豐9A購05,0,0,0,0,0,0,0,0,0,81000,0,0,0,318000,237000,81000,81000
07288P,台灣50凱基99售06,0,0,0,0,0,0,0,0,0,81000,0,0,0,117000,36000,81000,81000
00783,富邦中証500     ,89000,2000,87000,0,0,0,0,0,0,-6000,0,0,0,830000,836000,-6000,81000
052781,瀚宇博國票97購03,0,0,0,0,0,0,0,0,0,81000,0,0,0,86000,5000,81000,81000
054412,智邦元大96購03  ,0,0,0,0,0,0,0,0,0,81000,0,0,0,94000,13000,81000,81000
058354,台積電凱基9A購06,0,0,0,0,0,0,0,0,0,81000,0,0,0,81000,0,81000,81000
8028,昇陽半導體      ,331000,235000,96000,0,0,0,0,0,0,-15000,0,0,0,7000,22000,-15000,81000
4142,國光生          ,533000,442000,91000,0,0,0,0,0,0,-10000,0,10000,-10000,0,0,0,81000
6112,聚碩            ,140000,61000,79000,0,0,0,0,0,0,2000,2000,0,2000,0,0,0,81000
3583,辛耘            ,113000,32000,81000,0,0,0,0,0,0,0,0,0,0,0,0,0,81000
06980P,緯穎永豐99售02  ,0,0,0,0,0,0,0,0,0,80000,0,0,0,80000,0,80000,80000
07553P,嘉晶元大9A售02  ,0,0,0,0,0,0,0,0,0,80000,0,0,0,80000,0,80000,80000
060281,卜蜂元大9C購01  ,0,0,0,0,0,0,0,0,0,80000,0,0,0,93000,13000,80000,80000
054213,欣興國票97購04  ,0,0,0,0,0,0,0,0,0,80000,0,0,0,80000,0,80000,80000
054253,宏達電元大97購03,0,0,0,0,0,0,0,0,0,80000,0,0,0,80000,0,80000,80000
053693,欣興元大96購05  ,0,0,0,0,0,0,0,0,0,80000,0,0,0,80000,0,80000,80000
05282P,可成元大95售09  ,0,0,0,0,0,0,0,0,0,80000,0,0,0,80000,0,80000,80000
053075,欣興永豐96購01  ,0,0,0,0,0,0,0,0,0,80000,0,0,0,80000,0,80000,80000
051793,臻鼎國票95購02  ,0,0,0,0,0,0,0,0,0,80000,0,0,0,399000,319000,80000,80000
053316,友達群益9A購01  ,0,0,0,0,0,0,0,0,0,80000,0,0,0,80000,0,80000,80000
051113,聯電元富95購01  ,0,0,0,0,0,0,0,0,0,80000,0,0,0,80000,0,80000,80000
049924,欣興元大95購04  ,0,0,0,0,0,0,0,0,0,80000,0,0,0,80000,0,80000,80000
051524,貿聯凱基95購02  ,0,0,0,0,0,0,0,0,0,80000,0,0,0,80000,0,80000,80000
055536,嘉聯益群益99購02,0,0,0,0,0,0,0,0,0,80000,0,0,0,92000,12000,80000,80000
05805P,義隆永豐96售02  ,0,0,0,0,0,0,0,0,0,80000,0,0,0,80000,0,80000,80000
055082,台郡中信97購01  ,0,0,0,0,0,0,0,0,0,80000,0,0,0,80000,0,80000,80000
056067,智原元大97購01  ,0,0,0,0,0,0,0,0,0,80000,0,0,0,280000,200000,80000,80000
055330,上銀兆豐98購02  ,0,0,0,0,0,0,0,0,0,80000,0,0,0,226000,146000,80000,80000
056839,台光電元富98購02,0,0,0,0,0,0,0,0,0,80000,0,0,0,80000,0,80000,80000
2545,皇翔            ,108000,31000,77000,0,0,0,0,0,0,2000,2000,0,2000,0,0,0,79000
06891P,緯穎富邦99售03  ,0,0,0,0,0,0,0,0,0,79000,0,0,0,79000,0,79000,79000
055261,帆宣統一98購01  ,0,0,0,0,0,0,0,0,0,79000,0,0,0,79000,0,79000,79000
059118,晶技永豐9A購01  ,15000,0,15000,0,0,0,0,0,0,64000,0,0,0,168000,104000,64000,79000
059168,奇力新凱基99購05,0,0,0,0,0,0,0,0,0,79000,0,0,0,172000,93000,79000,79000
058168,國巨凱基9A購04  ,0,0,0,0,0,0,0,0,0,79000,0,0,0,79000,0,79000,79000
058273,同欣電永豐99購01,0,0,0,0,0,0,0,0,0,79000,0,0,0,79000,0,79000,79000
058396,力山元大99購01  ,0,0,0,0,0,0,0,0,0,79000,0,0,0,79000,0,79000,79000
4942,嘉彰            ,173000,94000,79000,0,0,0,0,0,0,0,0,0,0,0,0,0,79000
3008,大立光          ,355000,281486,73514,0,0,0,11000,13000,-2000,7000,1000,0,1000,6000,0,6000,78514
07368P,國巨凱基99售19  ,0,0,0,0,0,0,0,0,0,78000,0,0,0,118000,40000,78000,78000
07370P,南亞科凱基99售08,0,0,0,0,0,0,0,0,0,78000,0,0,0,113000,35000,78000,78000
060644,泰鼎永豐9A購02  ,0,0,0,0,0,0,0,0,0,78000,0,0,0,104000,26000,78000,78000
059995,南亞科元富99購01,0,0,0,0,0,0,0,0,0,78000,0,0,0,197000,119000,78000,78000
057808,旺宏元大99購05  ,0,0,0,0,0,0,0,0,0,78000,0,0,0,348000,270000,78000,78000
05594P,旺宏國票96售04  ,0,0,0,0,0,0,0,0,0,78000,0,0,0,78000,0,78000,78000
056663,臺股指元大9A購10,0,0,0,0,0,0,0,0,0,78000,0,0,0,78000,0,78000,78000
055660,台光電兆豐97購01,0,0,0,0,0,0,0,0,0,78000,0,0,0,78000,0,78000,78000
9925,新保            ,93000,17000,76000,0,0,0,0,0,0,2000,2000,0,2000,0,0,0,78000
06669P,緯穎凱基98售05  ,0,0,0,0,0,0,0,0,0,77000,0,0,0,77000,0,77000,77000
2546,根基            ,84000,7000,77000,0,0,0,0,0,0,0,0,0,0,0,0,0,77000
2428,興勤            ,90000,7000,83000,0,0,0,0,0,0,-6000,0,8000,-8000,2000,0,2000,77000
04294P,台積電元大95售01,0,0,0,0,0,0,0,0,0,77000,0,0,0,77000,0,77000,77000
058883,旭富永豐99購01  ,0,0,0,0,0,0,0,0,0,77000,0,0,0,100000,23000,77000,77000
058618,南電元大99購02  ,0,0,0,0,0,0,0,0,0,77000,0,0,0,83000,6000,77000,77000
2816,旺旺保          ,76000,4000,72000,0,0,0,0,0,0,4000,4000,0,4000,0,0,0,76000
2731,雄獅            ,105000,29000,76000,0,0,0,0,0,0,0,0,0,0,0,0,0,76000
2739,寒舍            ,76000,0,76000,0,0,0,0,0,0,0,0,0,0,0,0,0,76000
1708,東鹼            ,142000,66000,76000,0,0,0,0,0,0,0,0,0,0,0,0,0,76000
059804,台積電元富99購01,0,0,0,0,0,0,0,0,0,76000,0,0,0,141000,65000,76000,76000
051413,富邦金國票96購02,0,0,0,0,0,0,0,0,0,76000,0,0,0,76000,0,76000,76000
054717,亞德客永豐97購01,0,0,0,0,0,0,0,0,0,76000,0,0,0,102000,26000,76000,76000
057815,信邦元大98購01  ,0,0,0,0,0,0,0,0,0,76000,0,0,0,86000,10000,76000,76000
052325,高股息中信99購01,0,0,0,0,0,0,0,0,0,76000,0,0,0,76000,0,76000,76000
054967,神達元大97購01  ,0,0,0,0,0,0,0,0,0,76000,0,0,0,76000,0,76000,76000
058459,南電永豐99購01  ,0,0,0,0,0,0,0,0,0,76000,0,0,0,96000,20000,76000,76000
055397,超眾統一97購02  ,0,0,0,0,0,0,0,0,0,76000,0,0,0,107000,31000,76000,76000
8104,錸寶            ,76000,0,76000,0,0,0,0,0,0,0,2000,2000,0,0,0,0,76000
06072P,牧德永豐97售01  ,0,0,0,0,0,0,0,0,0,75000,0,0,0,78000,3000,75000,75000
2441,超豐            ,172000,136000,36000,0,0,0,37000,0,37000,2000,2000,0,2000,0,0,0,75000
2348,海悅            ,75000,1000,74000,0,0,0,0,0,0,1000,1000,0,1000,0,0,0,75000
06395P,台積電元大97售29,0,0,0,0,0,0,0,0,0,75000,0,0,0,75000,0,75000,75000
052814,上証2X永豐96購02,0,0,0,0,0,0,0,0,0,75000,0,0,0,75000,0,75000,75000
03648C,T50反1元大96牛07,0,0,0,0,0,0,0,0,0,75000,0,0,0,100000,25000,75000,75000
059415,台灣50元大9A購03,0,0,0,0,0,0,0,0,0,75000,0,0,0,75000,0,75000,75000
057908,國泰金亞東99購01,0,0,0,0,0,0,0,0,0,75000,0,0,0,75000,0,75000,75000
056207,茂林永豐97購03  ,0,0,0,0,0,0,0,0,0,75000,0,0,0,100000,25000,75000,75000
8341,日友            ,114000,47000,67000,0,0,0,8000,0,8000,0,0,0,0,0,0,0,75000
9941,裕融            ,145600,87000,58600,0,0,0,16000,0,16000,0,0,0,0,0,0,0,74600
060092,瑞昱元大99購03  ,0,0,0,0,0,0,0,0,0,74000,0,0,0,262000,188000,74000,74000
053279,景碩元大97購01  ,0,0,0,0,0,0,0,0,0,74000,0,0,0,74000,0,74000,74000
057795,鴻海兆豐99購02  ,0,0,0,0,0,0,0,0,0,74000,0,0,0,74000,0,74000,74000
054204,元金2X國票9B購02,0,0,0,0,0,0,0,0,0,74000,0,0,0,74000,0,74000,74000
054688,兆赫永豐97購01  ,0,0,0,0,0,0,0,0,0,74000,0,0,0,74000,0,74000,74000
057136,立積凱基98購02  ,0,0,0,0,0,0,0,0,0,74000,0,0,0,74000,0,74000,74000
8462,柏文            ,109000,30000,79000,0,0,0,0,0,0,-5000,0,0,0,2000,7000,-5000,74000
6168,宏齊            ,84000,14000,70000,0,0,0,0,0,0,4000,4000,0,4000,0,0,0,74000
060191,亞光元富9A購02  ,0,0,0,0,0,0,0,0,0,73000,0,0,0,530000,457000,73000,73000
07279P,台灣50台新99售02,0,0,0,0,0,0,0,0,0,73000,0,0,0,74000,1000,73000,73000
1540,喬福            ,74000,1000,73000,0,0,0,0,0,0,0,0,0,0,0,0,0,73000
057491,美食元大98購03  ,0,0,0,0,0,0,0,0,0,73000,0,0,0,83000,10000,73000,73000
07349P,大立光凱基99售16,0,0,0,0,0,0,0,0,0,72000,0,0,0,97000,25000,72000,72000
06622P,牧德元大98售01  ,0,0,0,0,0,0,0,0,0,72000,0,0,0,72000,0,72000,72000
006206,元大上證50      ,6000,6000,0,0,0,0,0,0,0,72000,0,0,0,94000,22000,72000,72000
051929,GIS中信96購01   ,0,0,0,0,0,0,0,0,0,72000,0,0,0,72000,0,72000,72000
057744,健策永豐98購02  ,0,0,0,0,0,0,0,0,0,72000,0,0,0,228000,156000,72000,72000
059170,康控凱基9B購01  ,0,0,0,0,0,0,0,0,0,72000,0,0,0,115000,43000,72000,72000
059103,旭富元富99購03  ,0,0,0,0,0,0,0,0,0,72000,0,0,0,100000,28000,72000,72000
8039,台虹            ,300000,263000,37000,0,0,0,0,0,0,35000,10000,26000,-16000,53000,2000,51000,72000
6165,捷泰            ,85001,14000,71001,0,0,0,0,0,0,0,0,0,0,0,0,0,71001
06864P,健策凱基98售01  ,0,0,0,0,0,0,0,0,0,71000,0,0,0,92000,21000,71000,71000
1762,中化生          ,270000,188000,82000,0,0,0,0,0,0,-11000,14000,25000,-11000,0,0,0,71000
060163,健策永豐9B購01  ,0,0,0,0,0,0,0,0,0,71000,0,0,0,268000,197000,71000,71000
060231,台積電元大9A購08,0,0,0,0,0,0,0,0,0,71000,0,0,0,130000,59000,71000,71000
060427,聯茂永豐9A購01  ,0,0,0,0,0,0,0,0,0,71000,0,0,0,219000,148000,71000,71000
059764,健策永豐99購04  ,0,0,0,0,0,0,0,0,0,71000,0,0,0,183000,112000,71000,71000
054928,帆宣凱基98購01  ,0,0,0,0,0,0,0,0,0,71000,0,0,0,71000,0,71000,71000
059062,群創凱基99購05  ,0,0,0,0,0,0,0,0,0,71000,0,0,0,71000,0,71000,71000
058907,健策元大99購04  ,0,0,0,0,0,0,0,0,0,71000,0,0,0,619000,548000,71000,71000
058501,S&P正2元大99購01,0,0,0,0,0,0,0,0,0,71000,0,0,0,71000,0,71000,71000
057147,新日興國票99購01,0,0,0,0,0,0,0,0,0,71000,0,0,0,71000,0,71000,71000
057001,華邦電國票99購02,0,0,0,0,0,0,0,0,0,71000,0,0,0,543000,472000,71000,71000
06668P,祥碩凱基98售02  ,0,0,0,0,0,0,0,0,0,70000,0,0,0,151000,81000,70000,70000
07442P,華航康和9A售02  ,0,0,0,0,0,0,0,0,0,70000,0,0,0,77000,7000,70000,70000
054924,景碩凱基98購01  ,0,0,0,0,0,0,0,0,0,70000,0,0,0,70000,0,70000,70000
054163,燿華凱基97購02  ,0,0,0,0,0,0,0,0,0,70000,0,0,0,122000,52000,70000,70000
053815,聯發科群益96購01,0,0,0,0,0,0,0,0,0,70000,0,0,0,70000,0,70000,70000
052497,楠梓電永豐96購01,0,0,0,0,0,0,0,0,0,70000,0,0,0,70000,0,70000,70000
054756,世紀鋼凱基99購01,0,0,0,0,0,0,0,0,0,70000,0,0,0,70000,0,70000,70000
050357,南電群益94購02  ,0,0,0,0,0,0,0,0,0,70000,0,0,0,70000,0,70000,70000
057885,台光電群益98購04,0,0,0,0,0,0,0,0,0,70000,0,0,0,407000,337000,70000,70000
057891,華新科統一9A購01,0,0,0,0,0,0,0,0,0,70000,0,0,0,70000,0,70000,70000
058783,臺股指國票99購02,0,0,0,0,0,0,0,0,0,70000,0,0,0,70000,0,70000,70000
059237,鴻海凱基9A購10  ,0,0,0,0,0,0,0,0,0,70000,0,0,0,70000,0,70000,70000
056706,元油2X富邦9B購01,0,0,0,0,0,0,0,0,0,70000,0,0,0,70000,0,70000,70000
055240,京元電元富97購01,0,0,0,0,0,0,0,0,0,70000,0,0,0,373000,303000,70000,70000
3052,夆典            ,70000,3000,67000,0,0,0,0,0,0,3000,3000,0,3000,0,0,0,70000
3518,柏騰            ,99000,29000,70000,0,0,0,0,0,0,0,0,0,0,0,0,0,70000
059943,信邦永豐99購01  ,0,0,0,0,0,0,0,0,0,69000,0,0,0,101000,32000,69000,69000
049335,聯電統一97購01  ,0,0,0,0,0,0,0,0,0,69000,0,0,0,69000,0,69000,69000
056921,京元電兆豐98購01,0,0,0,0,0,0,0,0,0,69000,0,0,0,267000,198000,69000,69000
055806,致新永豐97購02  ,0,0,0,0,0,0,0,0,0,69000,0,0,0,221000,152000,69000,69000
4552,力達-KY         ,72000,3000,69000,0,0,0,0,0,0,0,0,0,0,0,0,0,69000
8103,瀚荃            ,90000,19000,71000,0,0,0,0,0,0,-2000,2000,4000,-2000,0,0,0,69000
060211,智邦康和9A購01  ,0,0,0,0,0,0,0,0,0,68000,0,0,0,68000,0,68000,68000
060714,晶技永豐9A購02  ,0,0,0,0,0,0,0,0,0,68000,0,0,0,99000,31000,68000,68000
053376,鴻海元大96購19  ,0,0,0,0,0,0,0,0,0,68000,0,0,0,568000,500000,68000,68000
050031,嘉澤元大95購01  ,0,0,0,0,0,0,0,0,0,68000,0,0,0,68000,0,68000,68000
03828P,致茂中信95售01  ,0,0,0,0,0,0,0,0,0,68000,0,0,0,68000,0,68000,68000
052805,晶技元大97購01  ,0,0,0,0,0,0,0,0,0,68000,0,0,0,68000,0,68000,68000
057523,大成鋼元大99購01,0,0,0,0,0,0,0,0,0,68000,0,0,0,296000,228000,68000,68000
054245,鴻海元大96購23  ,0,0,0,0,0,0,0,0,0,68000,0,0,0,68000,0,68000,68000
05412P,泰碩國票95售02  ,0,0,0,0,0,0,0,0,0,68000,0,0,0,68000,0,68000,68000
059431,旺宏元大99購14  ,0,0,0,0,0,0,0,0,0,68000,0,0,0,441000,373000,68000,68000
059043,聯電日盛99購01  ,0,0,0,0,0,0,0,0,0,68000,0,0,0,68000,0,68000,68000
055147,鴻海元大97購11  ,0,0,0,0,0,0,0,0,0,68000,0,0,0,68000,0,68000,68000
055608,華邦電康和97購01,0,0,0,0,0,0,0,0,0,68000,0,0,0,68000,0,68000,68000
057059,易華電元大99購01,0,0,0,0,0,0,0,0,0,68000,0,0,0,68000,0,68000,68000
5608,四維航          ,69000,2000,67000,0,0,0,0,0,0,1000,1000,0,1000,0,0,0,68000
060394,欣興麥證9A購01  ,0,0,0,73000,6000,67000,0,0,0,67000,0,0,0,73000,6000,67000,67000
07094P,華通國票9A售03  ,0,0,0,0,0,0,0,0,0,67000,0,0,0,84000,17000,67000,67000
057557,聯茂凱基99購04  ,0,0,0,0,0,0,0,0,0,67000,0,0,0,80000,13000,67000,67000
04514P,元石油中信97售01,0,0,0,0,0,0,0,0,0,67000,0,0,0,67000,0,67000,67000
051349,國巨元大95購08  ,0,0,0,0,0,0,0,0,0,67000,0,0,0,67000,0,67000,67000
05549P,臺股指元大96售03,0,0,0,0,0,0,0,0,0,67000,0,0,0,585000,518000,67000,67000
058463,宏達電兆豐99購02,0,0,0,0,0,0,0,0,0,67000,0,0,0,67000,0,67000,67000
058735,南茂永豐99購01  ,0,0,0,0,0,0,0,0,0,67000,0,0,0,68000,1000,67000,67000
6024,群益期          ,136000,44000,92000,0,0,0,0,0,0,-25000,0,25000,-25000,0,0,0,67000
07326P,大立光元大99售23,0,0,0,0,0,0,0,0,0,66000,0,0,0,66000,0,66000,66000
04894P,世紀鋼元大94售02,0,0,0,0,0,0,0,0,0,66000,0,0,0,66000,0,66000,66000
054907,帆宣康和97購01  ,0,0,0,0,0,0,0,0,0,66000,0,0,0,66000,0,66000,66000
054278,晶技群益97購02  ,0,0,0,0,0,0,0,0,0,66000,0,0,0,162000,96000,66000,66000
058744,FBVIX凱基9C購03 ,0,0,0,0,0,0,0,0,0,66000,0,0,0,68000,2000,66000,66000
058945,S&P正2群益9C購01,0,0,0,0,0,0,0,0,0,66000,0,0,0,66000,0,66000,66000
059305,台灣50元大99購02,0,0,0,0,0,0,0,0,0,66000,0,0,0,84000,18000,66000,66000
056198,台光電永豐97購02,0,0,0,0,0,0,0,0,0,66000,0,0,0,68000,2000,66000,66000
055900,瀚宇博中信97購01,0,0,0,0,0,0,0,0,0,66000,0,0,0,66000,0,66000,66000
058272,超眾永豐9A購01  ,0,0,0,0,0,0,0,0,0,66000,0,0,0,77000,11000,66000,66000
8463,潤泰材          ,93000,27000,66000,0,0,0,0,0,0,0,0,0,0,0,0,0,66000
07365P,超眾元大99售07  ,0,0,0,0,0,0,0,0,0,65000,0,0,0,65000,0,65000,65000
07295P,滬深2X元富9C售09,0,0,0,0,0,0,0,0,0,65000,0,0,0,75000,10000,65000,65000
2527,宏璟            ,69000,4000,65000,0,0,0,0,0,0,0,0,0,0,0,0,0,65000
2514,龍邦            ,126000,61000,65000,0,0,0,0,0,0,0,0,0,0,0,0,0,65000
059869,友達凱基99購07  ,0,0,0,0,0,0,0,0,0,65000,0,0,0,65000,0,65000,65000
060143,台積電國票9B購03,0,0,0,0,0,0,0,0,0,65000,0,0,0,127000,62000,65000,65000
053587,京元電元大98購01,0,0,0,0,0,0,0,0,0,65000,0,0,0,65000,0,65000,65000
053584,友達元大9B購02  ,0,0,0,0,0,0,0,0,0,65000,0,0,0,70000,5000,65000,65000
057568,友訊永豐99購01  ,0,0,0,0,0,0,0,0,0,65000,0,0,0,301000,236000,65000,65000
057471,昇陽半永豐98購02,0,0,0,0,0,0,0,0,0,65000,0,0,0,78000,13000,65000,65000
052702,群創國票97購03  ,0,0,0,0,0,0,0,0,0,65000,0,0,0,65000,0,65000,65000
047212,宏達電富邦97購01,0,0,0,0,0,0,0,0,0,65000,0,0,0,65000,0,65000,65000
047421,聯茂富邦97購01  ,0,0,0,0,0,0,0,0,0,65000,0,0,0,65000,0,65000,65000
054731,S&P反1凱基98購01,0,0,0,0,0,0,0,0,0,65000,0,0,0,65000,0,65000,65000
058204,世芯凱基9A購01  ,0,0,0,0,0,0,0,0,0,65000,0,0,0,205000,140000,65000,65000
058049,帆宣元大98購01  ,0,0,0,0,0,0,0,0,0,65000,0,0,0,75000,10000,65000,65000
057954,宏碁元大99購01  ,0,0,0,0,0,0,0,0,0,65000,0,0,0,65000,0,65000,65000
058611,欣興元大99購06  ,0,0,0,0,0,0,0,0,0,65000,0,0,0,76000,11000,65000,65000
05683P,矽創元大96售01  ,0,0,0,0,0,0,0,0,0,65000,0,0,0,65000,0,65000,65000
2374,佳能            ,68000,9000,59000,0,0,0,0,0,0,5000,5000,0,5000,0,0,0,64000
06410P,祥碩統一97售01  ,0,0,0,0,0,0,0,0,0,64000,0,0,0,64000,0,64000,64000
052058,臺股指凱基95購16,0,0,0,0,0,0,0,0,0,64000,0,0,0,64000,0,64000,64000
052612,康舒元大97購01  ,0,0,0,0,0,0,0,0,0,64000,0,0,0,74000,10000,64000,64000
059308,T50反1元大99購07,0,0,0,0,0,0,0,0,0,64000,0,0,0,124000,60000,64000,64000
4540,全球傳動        ,89000,25000,64000,0,0,0,0,0,0,0,0,0,0,0,0,0,64000
07438P,臺股指麥證9A售05,0,0,0,65000,2000,63000,0,0,0,63000,0,0,0,65000,2000,63000,63000
1734,杏輝            ,100000,37000,63000,0,0,0,0,0,0,0,0,0,0,0,0,0,63000
07500P,微星元大9A售01  ,0,0,0,0,0,0,0,0,0,63000,0,0,0,70000,7000,63000,63000
1410,南染            ,63000,0,63000,0,0,0,0,0,0,0,0,0,0,0,0,0,63000
060253,昇陽半元大9C購01,0,0,0,0,0,0,0,0,0,63000,0,0,0,78000,15000,63000,63000
057407,超眾群益99購01  ,0,0,0,0,0,0,0,0,0,63000,0,0,0,208000,145000,63000,63000
053429,彩晶永豐96購01  ,0,0,0,0,0,0,0,0,0,63000,0,0,0,80000,17000,63000,63000
058944,元石油群益9C購02,0,0,0,0,0,0,0,0,0,63000,0,0,0,105000,42000,63000,63000
058977,SGBR2X凱基03購01,0,0,0,0,0,0,0,0,0,63000,0,0,0,247000,184000,63000,63000
059134,臺股指群益99購09,0,0,0,0,0,0,0,0,0,63000,0,0,0,73000,10000,63000,63000
057935,晶技群益98購02  ,0,0,0,0,0,0,0,0,0,63000,0,0,0,300000,237000,63000,63000
3704,合勤控          ,266000,231000,35000,0,0,0,0,0,0,28000,3000,0,3000,43000,18000,25000,63000
8021,尖點            ,87000,40000,47000,0,0,0,0,0,0,16000,16000,0,16000,0,0,0,63000
051670,欣興元大95購06  ,0,0,0,0,0,0,0,0,0,62000,0,0,0,62000,0,62000,62000
00737,國泰AI+Robo     ,106000,37000,69000,0,0,0,0,0,0,-7000,0,0,0,260000,267000,-7000,62000
057526,智邦元大98購10  ,0,0,0,0,0,0,0,0,0,62000,0,0,0,65000,3000,62000,62000
054358,矽創兆豐96購01  ,0,0,0,0,0,0,0,0,0,62000,0,0,0,71000,9000,62000,62000
057972,群創富邦9C購01  ,0,0,0,0,0,0,0,0,0,62000,0,0,0,63000,1000,62000,62000
058234,華新科元大99購12,0,0,0,0,0,0,0,0,0,62000,0,0,0,68000,6000,62000,62000
6206,飛捷            ,97000,38000,59000,0,0,0,0,0,0,3000,3000,0,3000,0,0,0,62000
060249,正文元大9C購01  ,0,0,0,0,0,0,0,0,0,61000,0,0,0,194000,133000,61000,61000
060239,國揚元大9C購01  ,0,0,0,0,0,0,0,0,0,61000,0,0,0,160000,99000,61000,61000
2489,瑞軒            ,334000,289000,45000,0,0,0,0,0,0,16000,16000,0,16000,0,0,0,61000
059218,台積電元大99購31,0,0,0,0,0,0,0,0,0,61000,0,0,0,61000,0,61000,61000
6184,大豐電          ,62000,1000,61000,0,0,0,0,0,0,0,0,0,0,0,0,0,61000
2939,凱羿-KY         ,120000,59000,61000,0,0,0,0,0,0,0,0,0,0,0,0,0,61000
07519P,臺股指元大9B售10,0,0,0,0,0,0,0,0,0,60000,0,0,0,80000,20000,60000,60000
06589P,台積電元大98售12,0,0,0,0,0,0,0,0,0,60000,0,0,0,60000,0,60000,60000
060111,臻鼎元大99購04  ,0,0,0,0,0,0,0,0,0,60000,0,0,0,87000,27000,60000,60000
052125,群創國票95購02  ,0,0,0,0,0,0,0,0,0,60000,0,0,0,60000,0,60000,60000
04780P,大立光凱基94售11,0,0,0,0,0,0,0,0,0,60000,0,0,0,60000,0,60000,60000
046813,聯電凱基96購01  ,0,0,0,0,0,0,0,0,0,60000,0,0,0,61000,1000,60000,60000
046064,中工凱基94購01  ,0,0,0,0,0,0,0,0,0,60000,0,0,0,60000,0,60000,60000
04479P,同欣電中信96售02,0,0,0,0,0,0,0,0,0,60000,0,0,0,60000,0,60000,60000
050175,台光電元大94購08,0,0,0,0,0,0,0,0,0,60000,0,0,0,60000,0,60000,60000
053287,臺股指元大96購15,0,0,0,0,0,0,0,0,0,60000,0,0,0,60000,0,60000,60000
050919,台積電凱基95購03,0,0,0,0,0,0,0,0,0,60000,0,0,0,60000,0,60000,60000
058951,南電群益99購01  ,0,0,0,0,0,0,0,0,0,60000,0,0,0,92000,32000,60000,60000
056761,元油2X元大98購07,60000,0,60000,0,0,0,0,0,0,0,0,0,0,0,0,0,60000
058221,上銀統一99購04  ,0,0,0,0,0,0,0,0,0,60000,0,0,0,60000,0,60000,60000
057613,瑞昱元富02購02  ,0,0,0,0,0,0,0,0,0,60000,0,0,0,60000,0,60000,60000
057208,上海銀元富98購01,0,0,0,0,0,0,0,0,0,60000,0,0,0,60000,0,60000,60000
057287,彩晶元大9C購03  ,0,0,0,0,0,0,0,0,0,60000,0,0,0,100000,40000,60000,60000
057063,立積國泰9A購01  ,0,0,0,0,0,0,0,0,0,60000,0,0,0,60000,0,60000,60000
059520,台表科永豐99購02,0,0,0,0,0,0,0,0,0,59000,0,0,0,132000,73000,59000,59000
060457,中橡元大9A購02  ,0,0,0,0,0,0,0,0,0,59000,0,0,0,170000,111000,59000,59000
060656,國巨統一9C購03  ,0,0,0,0,0,0,0,0,0,59000,0,0,0,160000,101000,59000,59000
2539,櫻花建          ,75000,16000,59000,0,0,0,0,0,0,0,0,0,0,0,0,0,59000
2832,台產            ,70000,12000,58000,0,0,0,0,0,0,1000,1000,0,1000,0,0,0,59000
2727,王品            ,77000,18000,59000,0,0,0,0,0,0,0,0,0,0,0,0,0,59000
053289,臺股指元大96購17,0,0,0,0,0,0,0,0,0,59000,0,0,0,59000,0,59000,59000
052088,漢唐元大95購02  ,0,0,0,0,0,0,0,0,0,59000,0,0,0,59000,0,59000,59000
06453P,群創元大9B售02  ,0,0,0,0,0,0,0,0,0,58000,0,0,0,76000,18000,58000,58000
060448,道瓊反元大9A購04,0,0,0,0,0,0,0,0,0,58000,0,0,0,313000,255000,58000,58000
059912,國巨元大99購28  ,0,0,0,0,0,0,0,0,0,58000,0,0,0,147000,89000,58000,58000
053442,光罩凱基96購01  ,0,0,0,0,0,0,0,0,0,58000,0,0,0,58000,0,58000,58000
050543,聯發科凱基95購01,0,0,0,0,0,0,0,0,0,58000,0,0,0,58000,0,58000,58000
056199,美律永豐97購01  ,0,0,0,0,0,0,0,0,0,58000,0,0,0,58000,0,58000,58000
060025,台積電富邦9C購06,0,0,0,0,0,0,0,0,0,57000,0,0,0,510000,453000,57000,57000
059608,聯發科富邦9B購04,0,0,0,0,0,0,0,0,0,57000,0,0,0,60000,3000,57000,57000
060193,群創元富9A購01  ,0,0,0,0,0,0,0,0,0,57000,0,0,0,226000,169000,57000,57000
060312,潤泰全永豐9A購01,0,0,0,0,0,0,0,0,0,57000,0,0,0,75000,18000,57000,57000
07311P,台灣50元大99售09,0,0,0,0,0,0,0,0,0,57000,0,0,0,166000,109000,57000,57000
8249,菱光            ,75000,21000,54000,0,0,0,0,0,0,3000,3000,0,3000,0,0,0,57000
07142P,台灣50元大01售01,0,0,0,0,0,0,0,0,0,56000,0,0,0,56000,0,56000,56000
07353P,大立光國票99售02,0,0,0,0,0,0,0,0,0,56000,0,0,0,102000,46000,56000,56000
1225,福懋油          ,73000,17000,56000,0,0,0,0,0,0,0,0,0,0,0,0,0,56000
060195,旭富元富9A購02  ,0,0,0,0,0,0,0,0,0,56000,0,0,0,131000,75000,56000,56000
059856,昇陽半永豐99購03,0,0,0,0,0,0,0,0,0,56000,0,0,0,74000,18000,56000,56000
052020,聯茂永豐95購02  ,0,0,0,0,0,0,0,0,0,56000,0,0,0,166000,110000,56000,56000
050121,南電元大95購02  ,0,0,0,0,0,0,0,0,0,56000,0,0,0,117000,61000,56000,56000
044429,元金2X元大94購04,0,0,0,0,0,0,0,0,0,56000,0,0,0,56000,0,56000,56000
00651R,FH香港反1       ,10000,46000,-36000,0,0,0,0,0,0,92000,0,0,0,147000,55000,92000,56000
053754,英業達元富96購02,0,0,0,0,0,0,0,0,0,56000,0,0,0,56000,0,56000,56000
056967,奇鋐永豐98購01  ,0,0,0,0,0,0,0,0,0,56000,0,0,0,76000,20000,56000,56000
058661,臺股指中信9C購01,0,0,0,0,0,0,0,0,0,56000,0,0,0,56000,0,56000,56000
057199,台達電元富02購01,0,0,0,0,0,0,0,0,0,56000,0,0,0,56000,0,56000,56000
4141,龍燈-KY         ,68000,12000,56000,0,0,0,0,0,0,0,0,0,0,0,0,0,56000
059983,聯發科元大99購38,0,0,0,0,0,0,0,0,0,55000,0,0,0,79000,24000,55000,55000
2388,威盛            ,122000,68000,54000,0,0,0,0,0,0,1000,1000,0,1000,0,0,0,55000
2331,精英            ,167000,117000,50000,0,0,0,0,0,0,5000,11000,6000,5000,0,0,0,55000
052242,台達電台新96購01,0,0,0,0,0,0,0,0,0,55000,0,0,0,55000,0,55000,55000
054400,健策永豐96購02  ,0,0,0,0,0,0,0,0,0,55000,0,0,0,55000,0,55000,55000
054484,仁寶台新96購01  ,0,0,0,0,0,0,0,0,0,55000,0,0,0,55000,0,55000,55000
056547,臻鼎凱基99購01  ,0,0,0,0,0,0,0,0,0,55000,0,0,0,55000,0,55000,55000
056352,鴻海元大99購01  ,0,0,0,0,0,0,0,0,0,55000,0,0,0,68000,13000,55000,55000
058848,台積電群益99購07,0,0,0,0,0,0,0,0,0,55000,0,0,0,55000,0,55000,55000
07421P,國泰金元大99售01,0,0,0,0,0,0,0,0,0,54000,0,0,0,92000,38000,54000,54000
07255P,國巨凱基99售15  ,0,0,0,0,0,0,0,0,0,54000,0,0,0,99000,45000,54000,54000
060089,台積電元大99購54,0,0,0,0,0,0,0,0,0,54000,0,0,0,66000,12000,54000,54000
05983P,聯詠國票96售02  ,0,0,0,0,0,0,0,0,0,54000,0,0,0,54000,0,54000,54000
05759P,智邦永豐96售02  ,0,0,0,0,0,0,0,0,0,54000,0,0,0,54000,0,54000,54000
6235,華孚            ,69000,19000,50000,0,0,0,0,0,0,4000,4000,0,4000,0,0,0,54000
059906,臺指反元大9C購04,0,0,0,0,0,0,0,0,0,53000,0,0,0,57000,4000,53000,53000
07130P,台郡元大9B售01  ,0,0,0,0,0,0,0,0,0,53000,0,0,0,124000,71000,53000,53000
06954P,大立光元富99售01,0,0,0,0,0,0,0,0,0,53000,0,0,0,71000,18000,53000,53000
2459,敦吉            ,57000,9000,48000,0,0,0,0,0,0,5000,5000,0,5000,0,0,0,53000
1315,達新            ,82000,29000,53000,0,0,0,0,0,0,0,0,0,0,0,0,0,53000
053922,亞光國票96購01  ,0,0,0,0,0,0,0,0,0,53000,0,0,0,91000,38000,53000,53000
03662C,FBVIX凱基03牛01 ,0,0,0,0,0,0,0,0,0,53000,0,0,0,123000,70000,53000,53000
059404,鴻海台新99購03  ,0,0,0,0,0,0,0,0,0,53000,0,0,0,57000,4000,53000,53000
6706,惠特            ,117000,64000,53000,0,0,0,0,0,0,0,0,0,0,0,0,0,53000
3094,聯傑            ,59000,6000,53000,0,0,0,0,0,0,0,0,0,0,0,0,0,53000
1906,寶隆            ,57000,5000,52000,0,0,0,0,0,0,0,0,0,0,0,0,0,52000
2480,敦陽科          ,89000,40000,49000,0,0,0,0,0,0,3000,3000,0,3000,0,0,0,52000
07401P,台積電凱基99售21,0,0,0,0,0,0,0,0,0,52000,0,0,0,52000,0,52000,52000
051284,上銀統一95購02  ,0,0,0,0,0,0,0,0,0,52000,0,0,0,52000,0,52000,52000
054352,世芯國泰98購01  ,0,0,0,0,0,0,0,0,0,52000,0,0,0,92000,40000,52000,52000
054391,宏達電元富96購04,0,0,0,0,0,0,0,0,0,52000,0,0,0,182000,130000,52000,52000
05246P,南電元大95售04  ,0,0,0,0,0,0,0,0,0,52000,0,0,0,52000,0,52000,52000
056212,台光電國票98購03,0,0,0,0,0,0,0,0,0,52000,0,0,0,52000,0,52000,52000
6155,鈞寶            ,67000,15000,52000,0,0,0,0,0,0,0,0,0,0,0,0,0,52000
06847P,奇力新元大98售05,0,0,0,0,0,0,0,0,0,51000,0,0,0,79000,28000,51000,51000
059893,台積電台新9A購02,0,0,0,0,0,0,0,0,0,51000,0,0,0,55000,4000,51000,51000
059966,台積電凱基99購19,0,0,0,0,0,0,0,0,0,51000,0,0,0,51000,0,51000,51000
059516,TPK永豐99購01   ,0,0,0,0,0,0,0,0,0,51000,0,0,0,391000,340000,51000,51000
053629,玉山金兆豐96購01,0,0,0,0,0,0,0,0,0,51000,0,0,0,51000,0,51000,51000
049270,台表科元大95購02,0,0,0,0,0,0,0,0,0,51000,0,0,0,51000,0,51000,51000
056256,聯茂元富97購03  ,0,0,0,0,0,0,0,0,0,51000,0,0,0,103000,52000,51000,51000
057953,聚陽元大98購01  ,0,0,0,0,0,0,0,0,0,51000,0,0,0,51000,0,51000,51000
058575,智邦群益99購01  ,0,0,0,0,0,0,0,0,0,51000,0,0,0,51000,0,51000,51000
056986,超眾群益98購03  ,0,0,0,0,0,0,0,0,0,51000,0,0,0,51000,0,51000,51000
057298,旭富永豐98購01  ,0,0,0,0,0,0,0,0,0,51000,0,0,0,74000,23000,51000,51000
059467,旺宏元大99購15  ,0,0,0,0,0,0,0,0,0,51000,0,0,0,52000,1000,51000,51000
058926,勤誠元富99購01  ,0,0,0,0,0,0,0,0,0,51000,0,0,0,165000,114000,51000,51000
057201,華擎元富98購01  ,0,0,0,0,0,0,0,0,0,51000,0,0,0,211000,160000,51000,51000
055294,智易元大98購01  ,0,0,0,0,0,0,0,0,0,51000,0,0,0,51000,0,51000,51000
3712,永崴投控        ,64000,18000,46000,0,0,0,0,0,0,5000,5000,0,5000,0,0,0,51000
8033,雷虎            ,52000,1000,51000,0,0,0,0,0,0,0,0,0,0,0,0,0,51000
059839,T50反1富邦99購02,0,0,0,0,0,0,0,0,0,50000,0,0,0,50000,0,50000,50000
05976P,國巨凱基96售14  ,0,0,0,0,0,0,0,0,0,50000,0,0,0,117000,67000,50000,50000
059946,健策永豐99購05  ,0,0,0,0,0,0,0,0,0,50000,0,0,0,303000,253000,50000,50000
06969P,上銀元大99售02  ,0,0,0,0,0,0,0,0,0,50000,0,0,0,50000,0,50000,50000
07015P,國巨元大99售13  ,0,0,0,0,0,0,0,0,0,50000,0,0,0,50000,0,50000,50000
06418P,T50反1統一9A售02,0,0,0,0,0,0,0,0,0,50000,0,0,0,50000,0,50000,50000
06704P,玉晶光元富98售05,0,0,0,0,0,0,0,0,0,50000,0,0,0,50000,0,50000,50000
07272P,台灣50元大9C售05,0,0,0,0,0,0,0,0,0,50000,0,0,0,50000,0,50000,50000
08749P,鴻海台新01售02  ,0,0,0,0,0,0,0,0,0,50000,0,0,0,50000,0,50000,50000
04159P,滬深2X中信95售08,0,0,0,0,0,0,0,0,0,50000,0,0,0,50000,0,50000,50000
046881,智原富邦99購01  ,0,0,0,0,0,0,0,0,0,50000,0,0,0,50000,0,50000,50000
047298,聯茂元富96購01  ,0,0,0,0,0,0,0,0,0,50000,0,0,0,60000,10000,50000,50000
051600,新日興兆豐96購02,0,0,0,0,0,0,0,0,0,50000,0,0,0,100000,50000,50000,50000
048402,聯茂兆豐95購01  ,0,0,0,0,0,0,0,0,0,50000,0,0,0,50000,0,50000,50000
050729,聯鈞國票94購01  ,0,0,0,0,0,0,0,0,0,50000,0,0,0,50000,0,50000,50000
050959,元金2X永豐95購02,0,0,0,0,0,0,0,0,0,50000,0,0,0,50000,0,50000,50000
050079,元油2X統一94購06,0,0,0,0,0,0,0,0,0,50000,0,0,0,50000,0,50000,50000
050098,嘉聯益國泰95購02,0,0,0,0,0,0,0,0,0,50000,0,0,0,50000,0,50000,50000
053371,滬深2X元大99購01,0,0,0,0,0,0,0,0,0,50000,0,0,0,50000,0,50000,50000
053439,台積電凱基96購11,0,0,0,0,0,0,0,0,0,50000,0,0,0,50000,0,50000,50000
054790,禾伸堂群益98購01,0,0,0,0,0,0,0,0,0,50000,0,0,0,50000,0,50000,50000
052126,群創國票97購01  ,0,0,0,0,0,0,0,0,0,50000,0,0,0,50000,0,50000,50000
054674,台光電台新97購01,0,0,0,0,0,0,0,0,0,50000,0,0,0,50000,0,50000,50000
054647,禾伸堂群益99購01,0,0,0,0,0,0,0,0,0,50000,0,0,0,50000,0,50000,50000
054057,晶豪科國票97購01,0,0,0,0,0,0,0,0,0,50000,0,0,0,50000,0,50000,50000
052377,景碩元大96購02  ,0,0,0,0,0,0,0,0,0,50000,0,0,0,50000,0,50000,50000
054551,聯發科凱基98購02,0,0,0,0,0,0,0,0,0,50000,0,0,0,50000,0,50000,50000
054167,揚明光凱基98購01,0,0,0,0,0,0,0,0,0,50000,0,0,0,50000,0,50000,50000
053931,楠梓電統一96購01,0,0,0,0,0,0,0,0,0,50000,0,0,0,50000,0,50000,50000
053944,亞泥富邦97購01  ,0,0,0,0,0,0,0,0,0,50000,0,0,0,50000,0,50000,50000
052606,聯發科元大97購04,0,0,0,0,0,0,0,0,0,50000,0,0,0,50000,0,50000,50000
052667,漢唐群益96購01  ,0,0,0,0,0,0,0,0,0,50000,0,0,0,50000,0,50000,50000
052744,聯詠元大97購01  ,0,0,0,0,0,0,0,0,0,50000,0,0,0,50000,0,50000,50000
057678,臺股指元大98購08,0,0,0,0,0,0,0,0,0,50000,0,0,0,50000,0,50000,50000
057819,新日興元大99購01,0,0,0,0,0,0,0,0,0,50000,0,0,0,50000,0,50000,50000
057380,技嘉國泰9A購01  ,0,0,0,0,0,0,0,0,0,50000,0,0,0,50000,0,50000,50000
055296,康舒元大97購02  ,0,0,0,0,0,0,0,0,0,50000,0,0,0,50000,0,50000,50000
056571,燿華元大98購02  ,0,0,0,0,0,0,0,0,0,50000,0,0,0,50000,0,50000,50000
056613,旺宏永豐98購01  ,0,0,0,0,0,0,0,0,0,50000,0,0,0,50000,0,50000,50000
055678,上銀凱基97購02  ,0,0,0,0,0,0,0,0,0,50000,0,0,0,50000,0,50000,50000
055345,國巨凱基98購01  ,0,0,0,0,0,0,0,0,0,50000,0,0,0,50000,0,50000,50000
058914,元油2X元富01購02,0,0,0,0,0,0,0,0,0,50000,0,0,0,50000,0,50000,50000
056472,美律元大99購03  ,0,0,0,0,0,0,0,0,0,50000,0,0,0,50000,0,50000,50000
058734,康友永豐99購01  ,0,0,0,0,0,0,0,0,0,50000,0,0,0,50000,0,50000,50000
059018,滬深2X統一9A購01,0,0,0,0,0,0,0,0,0,50000,0,0,0,50000,0,50000,50000
059378,台光電群益9B購01,0,0,0,0,0,0,0,0,0,50000,0,0,0,50000,0,50000,50000
059333,滬深2X國票9A購03,0,0,0,0,0,0,0,0,0,50000,0,0,0,50000,0,50000,50000
059364,昇陽半永豐99購02,0,0,0,0,0,0,0,0,0,50000,0,0,0,50000,0,50000,50000
059149,臺股指國票99購12,0,0,0,0,0,0,0,0,0,50000,0,0,0,88000,38000,50000,50000
055914,大立光凱基97購13,0,0,0,0,0,0,0,0,0,50000,0,0,0,50000,0,50000,50000
057597,華通群益9A購02  ,0,0,0,0,0,0,0,0,0,50000,0,0,0,50000,0,50000,50000
056154,宏達電凱基97購03,0,0,0,0,0,0,0,0,0,50000,0,0,0,50000,0,50000,50000
056156,禾伸堂凱基98購04,0,0,0,0,0,0,0,0,0,50000,0,0,0,50000,0,50000,50000
057153,祥碩國泰99購01  ,0,0,0,0,0,0,0,0,0,50000,0,0,0,50000,0,50000,50000
058253,臺股指元大9A購17,0,0,0,0,0,0,0,0,0,50000,0,0,0,50000,0,50000,50000
058723,元石油國泰9A購01,0,0,0,0,0,0,0,0,0,50000,0,0,0,50000,0,50000,50000
058700,鴻海元大99購15  ,0,0,0,0,0,0,0,0,0,50000,0,0,0,50000,0,50000,50000
058599,T50反1元大99購05,0,0,0,0,0,0,0,0,0,50000,0,0,0,50000,0,50000,50000
058643,T50正2富邦03購01,0,0,0,0,0,0,0,0,0,50000,0,0,0,50000,0,50000,50000
05847P,大立光元大96售08,0,0,0,0,0,0,0,0,0,50000,0,0,0,50000,0,50000,50000
056205,貿聯永豐97購01  ,0,0,0,0,0,0,0,0,0,50000,0,0,0,65000,15000,50000,50000
056206,泰鼎永豐97購01  ,0,0,0,0,0,0,0,0,0,50000,0,0,0,121000,71000,50000,50000
058023,南電凱基98購02  ,0,0,0,0,0,0,0,0,0,50000,0,0,0,50000,0,50000,50000
055152,旺宏元大98購04  ,0,0,0,0,0,0,0,0,0,50000,0,0,0,50000,0,50000,50000
055093,京鼎群益98購01  ,0,0,0,0,0,0,0,0,0,50000,0,0,0,50000,0,50000,50000
058109,台灣50元富9B購01,0,0,0,0,0,0,0,0,0,50000,0,0,0,50000,0,50000,50000
3346,麗清            ,73000,23000,50000,0,0,0,0,0,0,0,0,0,0,0,0,0,50000
1603,華電            ,66000,17000,49000,0,0,0,0,0,0,0,0,0,0,0,0,0,49000
07305P,T50正2群益99售02,0,0,0,0,0,0,0,0,0,49000,0,0,0,101000,52000,49000,49000
07410P,鴻海元大99售44  ,0,0,0,0,0,0,0,0,0,49000,0,0,0,49000,0,49000,49000
06718P,聯詠元大98售01  ,0,0,0,0,0,0,0,0,0,49000,0,0,0,74000,25000,49000,49000
059742,富邦金元富99購01,0,0,0,0,0,0,0,0,0,49000,0,0,0,261000,212000,49000,49000
059567,台積電凱基9A購12,0,0,0,0,0,0,0,0,0,49000,0,0,0,51000,2000,49000,49000
054579,聯茂元大97購01  ,0,0,0,0,0,0,0,0,0,49000,0,0,0,57000,8000,49000,49000
051923,聯發科日盛95購02,0,0,0,0,0,0,0,0,0,49000,0,0,0,49000,0,49000,49000
059370,玉晶光元富99購02,0,0,0,0,0,0,0,0,0,49000,0,0,0,72000,23000,49000,49000
056721,台灣50永昌9A購01,0,0,0,0,0,0,0,0,0,49000,0,0,0,49000,0,49000,49000
9940,信義            ,100000,54000,46000,0,0,0,0,0,0,3000,3000,0,3000,0,0,0,49000
9907,統一實          ,323000,280000,43000,0,0,0,0,0,0,6000,6000,0,6000,0,0,0,49000
059641,群創凱基99購06  ,0,0,0,0,0,0,0,0,0,48000,0,0,0,50000,2000,48000,48000
060159,健和興永豐9A購01,0,0,0,0,0,0,0,0,0,48000,0,0,0,50000,2000,48000,48000
060624,玉晶光元大9C購02,0,0,0,0,0,0,0,0,0,48000,0,0,0,107000,59000,48000,48000
07310P,大立光凱基99售12,0,0,0,0,0,0,0,0,0,48000,0,0,0,200000,152000,48000,48000
2009,第一銅          ,52000,5000,47000,0,0,0,0,0,0,1000,1000,0,1000,0,0,0,48000
2380,虹光            ,48000,0,48000,0,0,0,0,0,0,0,0,0,0,0,0,0,48000
04845P,台積電凱基94售33,0,0,0,0,0,0,0,0,0,48000,0,0,0,48000,0,48000,48000
03430B,臺股指元大9B熊01,0,0,0,0,0,0,0,0,0,48000,0,0,0,54000,6000,48000,48000
053500,新日興兆豐97購01,0,0,0,0,0,0,0,0,0,48000,0,0,0,69000,21000,48000,48000
050797,聯發科中信99購01,0,0,0,0,0,0,0,0,0,48000,0,0,0,48000,0,48000,48000
057762,全新凱基99購03  ,0,0,0,0,0,0,0,0,0,48000,0,0,0,52000,4000,48000,48000
057662,上銀元大9A購01  ,0,0,0,0,0,0,0,0,0,48000,0,0,0,69000,21000,48000,48000
056351,鴻海元大98購06  ,0,0,0,0,0,0,0,0,0,48000,0,0,0,68000,20000,48000,48000
059187,國巨富邦9B購02  ,0,0,0,0,0,0,0,0,0,48000,0,0,0,95000,47000,48000,48000
059068,台虹國票9A購01  ,0,0,0,0,0,0,0,0,0,48000,0,0,0,104000,56000,48000,48000
058812,台積電統一9B購06,0,0,0,0,0,0,0,0,0,48000,0,0,0,50000,2000,48000,48000
058536,群創統一9B購01  ,0,0,0,0,0,0,0,0,0,48000,0,0,0,48000,0,48000,48000
057977,台光電永豐98購02,0,0,0,0,0,0,0,0,0,48000,0,0,0,68000,20000,48000,48000
058227,台灣50元大9C購01,0,0,0,0,0,0,0,0,0,48000,0,0,0,48000,0,48000,48000
056095,臻鼎元富9A購01  ,0,0,0,0,0,0,0,0,0,48000,0,0,0,48000,0,48000,48000
056004,南電永豐97購02  ,0,0,0,0,0,0,0,0,0,48000,0,0,0,80000,32000,48000,48000
057045,美律元大99購04  ,0,0,0,0,0,0,0,0,0,48000,0,0,0,105000,57000,48000,48000
5388,中磊            ,347000,214000,133000,0,0,0,0,0,0,-85000,15000,82000,-67000,1000,19000,-18000,48000
2233,宇隆            ,62000,9000,53000,0,0,0,0,0,0,-6000,0,6000,-6000,0,0,0,47000
059611,台積電永豐99購05,0,0,0,0,0,0,0,0,0,47000,0,0,0,77000,30000,47000,47000
059934,華通永豐99購02  ,0,0,0,0,0,0,0,0,0,47000,0,0,0,65000,18000,47000,47000
053066,欣興群益96購02  ,0,0,0,0,0,0,0,0,0,47000,0,0,0,55000,8000,47000,47000
053601,台表科元大98購01,0,0,0,0,0,0,0,0,0,47000,0,0,0,47000,0,47000,47000
047194,世紀鋼元大96購01,0,0,0,0,0,0,0,0,0,47000,0,0,0,94000,47000,47000,47000
057982,帆宣永豐98購01  ,0,0,0,0,0,0,0,0,0,47000,0,0,0,72000,25000,47000,47000
4566,時碩工業        ,50000,3000,47000,0,0,0,0,0,0,0,0,0,0,0,0,0,47000
3032,偉訓            ,62000,15000,47000,0,0,0,0,0,0,0,0,0,0,0,0,0,47000
3013,晟銘電          ,57000,16000,41000,0,0,0,0,0,0,6000,6000,0,6000,0,0,0,47000
8429,金麗-KY         ,51000,4000,47000,0,0,0,0,0,0,0,0,0,0,0,0,0,47000
6477,安集            ,48000,3000,45000,0,0,0,0,0,0,2000,2000,0,2000,0,0,0,47000
060086,鴻海元大99購42  ,0,0,0,0,0,0,0,0,0,46000,0,0,0,50000,4000,46000,46000
059848,智邦永豐99購01  ,0,0,0,0,0,0,0,0,0,46000,0,0,0,67000,21000,46000,46000
2423,固緯            ,67000,3000,64000,0,0,0,0,0,0,-18000,0,18000,-18000,0,0,0,46000
2850,新產            ,101000,60000,41000,0,0,0,0,0,0,5000,5000,0,5000,0,0,0,46000
07406P,大立光凱基99售18,0,0,0,0,0,0,0,0,0,46000,0,0,0,47000,1000,46000,46000
07381P,鴻海群益99售05  ,0,0,0,0,0,0,0,0,0,46000,0,0,0,74000,28000,46000,46000
046011,欣興元富95購01  ,0,0,0,0,0,0,0,0,0,46000,0,0,0,46000,0,46000,46000
05059P,大立光國票96售02,0,0,0,0,0,0,0,0,0,46000,0,0,0,193000,147000,46000,46000
051406,泰鼎永豐96購01  ,0,0,0,0,0,0,0,0,0,46000,0,0,0,70000,24000,46000,46000
052104,英業達兆豐96購01,0,0,0,0,0,0,0,0,0,46000,0,0,0,128000,82000,46000,46000
054676,牧德台新98購01  ,0,0,0,0,0,0,0,0,0,46000,0,0,0,46000,0,46000,46000
054211,奇鋐國票97購03  ,0,0,0,0,0,0,0,0,0,46000,0,0,0,46000,0,46000,46000
054872,瀚宇博群益98購01,0,0,0,0,0,0,0,0,0,46000,0,0,0,46000,0,46000,46000
1321,大洋            ,65000,18000,47000,0,0,0,0,0,0,-2000,0,2000,-2000,0,0,0,45000
059568,台積電凱基9A購13,0,0,0,0,0,0,0,0,0,45000,0,0,0,77000,32000,45000,45000
060142,臺指反國票9B購01,0,0,0,0,0,0,0,0,0,45000,0,0,0,50000,5000,45000,45000
053074,嘉晶永豐96購02  ,0,0,0,0,0,0,0,0,0,45000,0,0,0,182000,137000,45000,45000
052739,國巨元大96購04  ,0,0,0,0,0,0,0,0,0,45000,0,0,0,45000,0,45000,45000
052832,益航群益96購01  ,0,0,0,0,0,0,0,0,0,45000,0,0,0,45000,0,45000,45000
057413,臺股指群益9C購04,0,0,0,0,0,0,0,0,0,45000,0,0,0,66000,21000,45000,45000
057446,旺宏元富02購01  ,0,0,0,0,0,0,0,0,0,45000,0,0,0,98000,53000,45000,45000
057477,智邦元大98購09  ,0,0,0,0,0,0,0,0,0,45000,0,0,0,55000,10000,45000,45000
049369,義隆元大95購01  ,0,0,0,0,0,0,0,0,0,45000,0,0,0,45000,0,45000,45000
04864P,欣興元大94售10  ,0,0,0,0,0,0,0,0,0,45000,0,0,0,45000,0,45000,45000
057961,茂林元大9A購01  ,0,0,0,0,0,0,0,0,0,45000,0,0,0,45000,0,45000,45000
055555,全新凱基9A購01  ,0,0,0,0,0,0,0,0,0,45000,0,0,0,45000,0,45000,45000
055954,南港元大97購02  ,0,0,0,0,0,0,0,0,0,45000,0,0,0,120000,75000,45000,45000
059240,台積電凱基9A購09,0,0,0,0,0,0,0,0,0,45000,0,0,0,100000,55000,45000,45000
056660,臺股指元大9A購07,0,0,0,0,0,0,0,0,0,45000,0,0,0,45000,0,45000,45000
055383,GIS元大97購02   ,0,0,0,0,0,0,0,0,0,45000,0,0,0,45000,0,45000,45000
056772,欣興元大99購01  ,0,0,0,0,0,0,0,0,0,45000,0,0,0,100000,55000,45000,45000
5203,訊連            ,83000,37000,46000,0,0,0,0,0,0,-1000,33000,20000,13000,1000,15000,-14000,45000
047343,台達電中信95購01,0,0,0,0,0,0,0,0,0,44000,0,0,0,44000,0,44000,44000
051941,樺漢群益95購02  ,0,0,0,0,0,0,0,0,0,44000,0,0,0,44000,0,44000,44000
050890,南電富邦99購01  ,20000,0,20000,0,0,0,0,0,0,24000,0,0,0,24000,0,24000,44000
053134,南亞科國票97購01,0,0,0,0,0,0,0,0,0,44000,0,0,0,50000,6000,44000,44000
059405,台灣50國票01購01,0,0,0,0,0,0,0,0,0,44000,0,0,0,344000,300000,44000,44000
058228,為升元大99購01  ,0,0,0,0,0,0,0,0,0,44000,0,0,0,44000,0,44000,44000
058718,台灣50元富03購01,0,0,0,0,0,0,0,0,0,44000,0,0,0,46000,2000,44000,44000
058116,正崴中信99購02  ,0,0,0,0,0,0,0,0,0,44000,0,0,0,70000,26000,44000,44000
058041,FBVIX元大98購02 ,0,0,0,0,0,0,0,0,0,44000,0,0,0,49000,5000,44000,44000
058035,旭富永豐98購02  ,0,0,0,0,0,0,0,0,0,44000,0,0,0,95000,51000,44000,44000
05807P,泰鼎永豐96售03  ,0,0,0,0,0,0,0,0,0,44000,0,0,0,44000,0,44000,44000
4952,凌通            ,49000,4000,45000,0,0,0,0,0,0,-1000,0,1000,-1000,0,0,0,44000
6283,淳安            ,61000,18000,43000,0,0,0,0,0,0,1000,1000,0,1000,0,0,0,44000
059971,台灣50元大9B購08,0,0,0,0,0,0,0,0,0,43000,0,0,0,43000,0,43000,43000
060243,潤泰全元大9C購02,0,0,0,0,0,0,0,0,0,43000,0,0,0,68000,25000,43000,43000
060478,南電元大9A購01  ,0,0,0,0,0,0,0,0,0,43000,0,0,0,48000,5000,43000,43000
1439,中和            ,65000,25000,40000,0,0,0,0,0,0,3000,3000,0,3000,0,0,0,43000
1786,科妍            ,47000,9000,38000,0,0,0,0,0,0,5000,5000,0,5000,0,0,0,43000
1560,中砂            ,73000,32000,41000,0,0,0,0,0,0,2000,6000,4000,2000,0,0,0,43000
2495,普安            ,38000,1000,37000,0,0,0,0,0,0,6000,6000,0,6000,0,0,0,43000
057804,為升元大98購01  ,0,0,0,0,0,0,0,0,0,43000,0,0,0,43000,0,43000,43000
053891,欣興群益98購01  ,0,0,0,0,0,0,0,0,0,43000,0,0,0,43000,0,43000,43000
056200,大毅永豐98購01  ,0,0,0,0,0,0,0,0,0,43000,0,0,0,128000,85000,43000,43000
058237,嘉晶元大99購04  ,0,0,0,0,0,0,0,0,0,43000,0,0,0,85000,42000,43000,43000
056471,台光電元大99購01,0,0,0,0,0,0,0,0,0,43000,0,0,0,57000,14000,43000,43000
2704,國賓            ,60000,18000,42000,0,0,0,0,0,0,0,0,0,0,0,0,0,42000
060023,T50反1國泰9A購03,0,0,0,0,0,0,0,0,0,42000,0,0,0,42000,0,42000,42000
059666,台表科元大9B購01,0,0,0,0,0,0,0,0,0,42000,0,0,0,57000,15000,42000,42000
059785,美律元大9A購03  ,0,0,0,0,0,0,0,0,0,42000,0,0,0,142000,100000,42000,42000
059704,聯發科凱基9A購08,0,0,0,0,0,0,0,0,0,42000,0,0,0,54000,12000,42000,42000
054898,台肥康和97購01  ,0,0,0,0,0,0,0,0,0,42000,0,0,0,122000,80000,42000,42000
054861,智邦群益97購01  ,0,0,0,0,0,0,0,0,0,42000,0,0,0,42000,0,42000,42000
054593,滬深2X永昌9A購01,0,0,0,0,0,0,0,0,0,42000,0,0,0,42000,0,42000,42000
058803,世紀鋼元大99購03,0,0,0,0,0,0,0,0,0,42000,0,0,0,88000,46000,42000,42000
059091,中信金元大99購01,0,0,0,0,0,0,0,0,0,42000,0,0,0,42000,0,42000,42000
059339,上銀凱基99購06  ,0,0,0,0,0,0,0,0,0,42000,0,0,0,79000,37000,42000,42000
059258,台灣50群益99購01,0,0,0,0,0,0,0,0,0,42000,0,0,0,42000,0,42000,42000
056511,超眾永豐98購01  ,0,0,0,0,0,0,0,0,0,42000,0,0,0,56000,14000,42000,42000
058236,大立光元大99購09,0,0,0,0,0,0,0,0,0,42000,0,0,0,50000,8000,42000,42000
057167,台積電元大99購03,0,0,0,0,0,0,0,0,0,42000,0,0,0,42000,0,42000,42000
057630,茂林永豐98購01  ,0,0,0,0,0,0,0,0,0,42000,0,0,0,52000,10000,42000,42000
057987,大立光元富98購02,0,0,0,0,0,0,0,0,0,42000,0,0,0,334000,292000,42000,42000
4720,德淵            ,44000,3000,41000,0,0,0,0,0,0,1000,1000,0,1000,0,0,0,42000
060459,鴻海元大9A購07  ,0,0,0,0,0,0,0,0,0,41000,0,0,0,97000,56000,41000,41000
2488,漢平            ,80000,39000,41000,0,0,0,0,0,0,0,0,0,0,0,0,0,41000
2467,志聖            ,142000,103000,39000,0,0,0,0,0,0,2000,2000,0,2000,0,0,0,41000
07502P,美食元大9A售01  ,0,0,0,0,0,0,0,0,0,41000,0,0,0,41000,0,41000,41000
06232P,智易永豐97售01  ,0,0,0,0,0,0,0,0,0,41000,0,0,0,51000,10000,41000,41000
052378,矽力元大96購01  ,0,0,0,0,0,0,0,0,0,41000,0,0,0,41000,0,41000,41000
057712,南亞科統一9A購01,0,0,0,0,0,0,0,0,0,41000,0,0,0,69000,28000,41000,41000
049004,聯發科中信96購01,0,0,0,0,0,0,0,0,0,41000,0,0,0,41000,0,41000,41000
055556,奇力新凱基98購03,0,0,0,0,0,0,0,0,0,41000,0,0,0,41000,0,41000,41000
058479,亞光凱基9A購01  ,0,0,0,0,0,0,0,0,0,41000,0,0,0,120000,79000,41000,41000
057075,嘉聯益永豐98購01,0,0,0,0,0,0,0,0,0,41000,0,0,0,116000,75000,41000,41000
8011,台通            ,64000,21000,43000,0,0,0,0,0,0,-2000,3000,5000,-2000,0,0,0,41000
06236P,台積電元大97售25,0,0,0,0,0,0,0,0,0,40000,0,0,0,50000,10000,40000,40000
06254P,臺股指群益97售07,0,0,0,0,0,0,0,0,0,40000,0,0,0,41000,1000,40000,40000
06682P,玉晶光元大99售08,0,0,0,0,0,0,0,0,0,40000,0,0,0,40000,0,40000,40000
07444P,聯發科凱基9A售10,0,0,0,0,0,0,0,0,0,40000,0,0,0,50000,10000,40000,40000
2431,聯昌            ,76000,38000,38000,0,0,0,0,0,0,2000,2000,0,2000,0,0,0,40000
2444,兆勁            ,112000,72000,40000,0,0,0,0,0,0,0,0,0,0,0,0,0,40000
2358,廷鑫            ,44000,4000,40000,0,0,0,0,0,0,0,0,0,0,0,0,0,40000
060387,盛群凱基9A購01  ,0,0,0,0,0,0,0,0,0,40000,0,0,0,97000,57000,40000,40000
060391,華擎群益9C購01  ,0,0,0,0,0,0,0,0,0,40000,0,0,0,40000,0,40000,40000
060267,上緯控國票9C購01,0,0,0,0,0,0,0,0,0,40000,0,0,0,40000,0,40000,40000
060169,群電永豐9A購01  ,0,0,0,0,0,0,0,0,0,40000,0,0,0,40000,0,40000,40000
059904,A50正2元大9C購05,0,0,0,0,0,0,0,0,0,40000,0,0,0,40000,0,40000,40000
059931,緯穎富邦9A購01  ,0,0,0,0,0,0,0,0,0,40000,0,0,0,78000,38000,40000,40000
046793,聯發科元富99購01,0,0,0,0,0,0,0,0,0,40000,0,0,0,40000,0,40000,40000
03006X,元展06          ,0,0,0,0,0,0,0,0,0,40000,0,0,0,40000,0,40000,40000
050921,旺宏凱基95購02  ,0,0,0,0,0,0,0,0,0,40000,0,0,0,40000,0,40000,40000
051511,鈺齊中信97購01  ,0,0,0,0,0,0,0,0,0,40000,0,0,0,40000,0,40000,40000
051505,台積電元富95購05,0,0,0,0,0,0,0,0,0,40000,0,0,0,40000,0,40000,40000
050309,亞泥兆豐94購01  ,0,0,0,0,0,0,0,0,0,40000,0,0,0,40000,0,40000,40000
054714,和鑫台新98購01  ,0,0,0,0,0,0,0,0,0,40000,0,0,0,40000,0,40000,40000
057692,臺股指凱基98購10,0,0,0,0,0,0,0,0,0,40000,0,0,0,40000,0,40000,40000
057376,新日興元大98購04,0,0,0,0,0,0,0,0,0,40000,0,0,0,40000,0,40000,40000
053024,國巨富邦97購02  ,0,0,0,0,0,0,0,0,0,40000,0,0,0,40000,0,40000,40000
052694,開發金中信98購01,0,0,0,0,0,0,0,0,0,40000,0,0,0,40000,0,40000,40000
052790,智邦兆豐97購01  ,0,0,0,0,0,0,0,0,0,40000,0,0,0,40000,0,40000,40000
052807,貿聯元大98購01  ,0,0,0,0,0,0,0,0,0,40000,0,0,0,40000,0,40000,40000
052476,台光電群益98購01,0,0,0,0,0,0,0,0,0,40000,0,0,0,40000,0,40000,40000
052441,亞泥元大95購01  ,0,0,0,0,0,0,0,0,0,40000,0,0,0,40000,0,40000,40000
054029,瀚宇博凱基96購02,0,0,0,0,0,0,0,0,0,40000,0,0,0,40000,0,40000,40000
054510,S&P反1元大98購01,0,0,0,0,0,0,0,0,0,40000,0,0,0,40000,0,40000,40000
055015,帆宣元富97購01  ,0,0,0,0,0,0,0,0,0,40000,0,0,0,40000,0,40000,40000
055022,精元國泰99購01  ,0,0,0,0,0,0,0,0,0,40000,0,0,0,40000,0,40000,40000
057251,泰鼎統一98購02  ,0,0,0,0,0,0,0,0,0,40000,0,0,0,174000,134000,40000,40000
057577,廣宇中信9A購01  ,0,0,0,0,0,0,0,0,0,40000,0,0,0,40000,0,40000,40000
058138,晶相光元大9C購01,0,0,0,0,0,0,0,0,0,40000,0,0,0,40000,0,40000,40000
058130,瑞昱元大99購01  ,0,0,0,0,0,0,0,0,0,40000,0,0,0,40000,0,40000,40000
058679,可成日盛99購01  ,0,0,0,0,0,0,0,0,0,40000,0,0,0,40000,0,40000,40000
058438,大立光統一9B購01,0,0,0,0,0,0,0,0,0,40000,0,0,0,40000,0,40000,40000
058333,鴻海元富99購04  ,0,0,0,0,0,0,0,0,0,40000,0,0,0,65000,25000,40000,40000
058560,T50反1凱基9A購04,0,0,0,0,0,0,0,0,0,40000,0,0,0,40000,0,40000,40000
057879,電子類元大99購02,0,0,0,0,0,0,0,0,0,40000,0,0,0,40000,0,40000,40000
055501,創意元大97購01  ,0,0,0,0,0,0,0,0,0,40000,0,0,0,40000,0,40000,40000
055477,同欣電凱基98購01,0,0,0,0,0,0,0,0,0,40000,0,0,0,40000,0,40000,40000
057197,立積台新98購01  ,0,0,0,0,0,0,0,0,0,40000,0,0,0,40000,0,40000,40000
056773,晶技元大99購03  ,0,0,0,0,0,0,0,0,0,40000,0,0,0,40000,0,40000,40000
055373,聯詠元大97購03  ,0,0,0,0,0,0,0,0,0,40000,0,0,0,40000,0,40000,40000
055832,台達電元大97購02,0,0,0,0,0,0,0,0,0,40000,0,0,0,40000,0,40000,40000
058780,牧德國票9A購01  ,0,0,0,0,0,0,0,0,0,40000,0,0,0,40000,0,40000,40000
058749,康控凱基99購03  ,0,0,0,0,0,0,0,0,0,40000,0,0,0,61000,21000,40000,40000
054082,楠梓電元富96購01,0,0,0,0,0,0,0,0,0,39000,0,0,0,209000,170000,39000,39000
054755,世紀鋼凱基98購01,0,0,0,0,0,0,0,0,0,39000,0,0,0,39000,0,39000,39000
049967,華新科國票94購07,0,0,0,0,0,0,0,0,0,39000,0,0,0,39000,0,39000,39000
051503,玉晶光統一97購01,0,0,0,0,0,0,0,0,0,39000,0,0,0,83000,44000,39000,39000
050902,南電元大96購01  ,0,0,0,0,0,0,0,0,0,39000,0,0,0,152000,113000,39000,39000
056441,燿華凱基98購01  ,0,0,0,0,0,0,0,0,0,39000,0,0,0,125000,86000,39000,39000
056347,GIS凱基9A購01   ,0,0,0,0,0,0,0,0,0,39000,0,0,0,39000,0,39000,39000
055578,群創統一98購03  ,0,0,0,0,0,0,0,0,0,39000,0,0,0,39000,0,39000,39000
056023,晶豪科群益97購01,0,0,0,0,0,0,0,0,0,39000,0,0,0,39000,0,39000,39000
4722,國精化          ,59000,22000,37000,0,0,0,0,0,0,2000,2000,0,2000,0,0,0,39000
060045,嘉晶群益99購02  ,0,0,0,0,0,0,0,0,0,38000,0,0,0,95000,57000,38000,38000
060059,鴻海兆豐99購06  ,0,0,0,0,0,0,0,0,0,38000,0,0,0,38000,0,38000,38000
059820,南亞科凱基99購07,0,0,0,0,0,0,0,0,0,38000,0,0,0,50000,12000,38000,38000
060276,S&P反1元大9A購03,0,0,0,0,0,0,0,0,0,38000,0,0,0,40000,2000,38000,38000
060539,道瓊反凱基9A購01,0,0,0,0,0,0,0,0,0,38000,0,0,0,448000,410000,38000,38000
2108,南帝            ,202000,144000,58000,0,0,0,0,0,0,-20000,0,20000,-20000,0,0,0,38000
2852,第一保          ,37000,0,37000,0,0,0,0,0,0,1000,1000,0,1000,0,0,0,38000
1337,再生-KY         ,38000,1000,37000,0,0,0,0,0,0,1000,1000,0,1000,0,0,0,38000
1604,聲寶            ,136000,100000,36000,0,0,0,0,0,0,2000,2000,0,2000,0,0,0,38000
1618,合機            ,83000,33000,50000,0,0,0,0,0,0,-12000,0,12000,-12000,0,0,0,38000
07067P,旺宏台新99售02  ,0,0,0,0,0,0,0,0,0,38000,0,0,0,172000,134000,38000,38000
050424,鴻海凱基96購03  ,0,0,0,0,0,0,0,0,0,38000,0,0,0,60000,22000,38000,38000
053337,聯電國票97購01  ,0,0,0,0,0,0,0,0,0,38000,0,0,0,38000,0,38000,38000
054626,建準凱基98購01  ,0,0,0,0,0,0,0,0,0,38000,0,0,0,50000,12000,38000,38000
054539,欣興國票98購01  ,0,0,0,0,0,0,0,0,0,38000,0,0,0,38000,0,38000,38000
056623,禾伸堂永豐98購01,0,0,0,0,0,0,0,0,0,38000,0,0,0,55000,17000,38000,38000
055824,臺股指國票97購11,0,0,0,0,0,0,0,0,0,38000,0,0,0,58000,20000,38000,38000
059331,台灣50國票9A購06,0,0,0,0,0,0,0,0,0,38000,0,0,0,38000,0,38000,38000
059407,台灣50國票9B購01,0,0,0,0,0,0,0,0,0,38000,0,0,0,38000,0,38000,38000
9927,泰銘            ,70000,32000,38000,0,0,0,0,0,0,0,0,0,0,0,0,0,38000
3504,揚明光          ,82000,45000,37000,0,0,0,0,0,0,200,0,0,0,200,0,200,37200
07280P,FBVIX凱基99售01 ,0,0,0,0,0,0,0,0,0,37000,0,0,0,65000,28000,37000,37000
07266P,大立光元大99售19,0,0,0,0,0,0,0,0,0,37000,0,0,0,42000,5000,37000,37000
060244,大立光元大9B購02,0,0,0,0,0,0,0,0,0,37000,0,0,0,83000,46000,37000,37000
059648,台表科凱基99購03,0,0,0,0,0,0,0,0,0,37000,0,0,0,73000,36000,37000,37000
058832,立積永豐99購01  ,0,0,0,0,0,0,0,0,0,37000,0,0,0,132000,95000,37000,37000
055318,華通國票98購01  ,0,0,0,0,0,0,0,0,0,37000,0,0,0,38000,1000,37000,37000
058693,旭富國票9A購01  ,0,0,0,0,0,0,0,0,0,37000,0,0,0,39000,2000,37000,37000
4994,傳奇            ,67000,31000,36000,0,0,0,0,0,0,1000,0,0,0,1000,0,1000,37000
9911,櫻花            ,95000,61000,34000,0,0,0,0,0,0,3000,3000,0,3000,0,0,0,37000
6451,訊芯-KY         ,312000,302000,10000,0,0,0,0,0,0,27000,2000,6000,-4000,31000,0,31000,37000
00703,台新MSCI中國    ,0,0,0,0,0,0,0,0,0,36900,0,0,0,138000,101100,36900,36900
059691,大立光永豐99購02,0,0,0,0,0,0,0,0,0,36000,0,0,0,70000,34000,36000,36000
060144,全新國票9B購01  ,0,0,0,0,0,0,0,0,0,36000,0,0,0,38000,2000,36000,36000
07270P,台灣50元大01售09,0,0,0,0,0,0,0,0,0,36000,0,0,0,89000,53000,36000,36000
06982P,義隆凱基99售02  ,0,0,0,0,0,0,0,0,0,36000,0,0,0,36000,0,36000,36000
2612,中航            ,65000,29000,36000,0,0,0,0,0,0,0,0,0,0,0,0,0,36000
2443,億麗            ,36000,0,36000,0,0,0,0,0,0,0,0,0,0,0,0,0,36000
03678C,臺股指凱基01牛02,0,0,0,0,0,0,0,0,0,36000,0,0,0,309000,273000,36000,36000
051483,玉晶光凱基96購02,0,0,0,0,0,0,0,0,0,36000,0,0,0,73000,37000,36000,36000
049864,聯發科兆豐94購01,0,0,0,0,0,0,0,0,0,36000,0,0,0,36000,0,36000,36000
052102,台泥兆豐96購01  ,0,0,0,0,0,0,0,0,0,36000,0,0,0,36000,0,36000,36000
052418,玉晶光兆豐96購01,0,0,0,0,0,0,0,0,0,36000,0,0,0,41000,5000,36000,36000
057563,旭富國泰9A購01  ,0,0,0,0,0,0,0,0,0,36000,0,0,0,36000,0,36000,36000
059297,大立光元富9C購01,0,0,0,0,0,0,0,0,0,36000,0,0,0,78000,42000,36000,36000
6183,關貿            ,40000,4000,36000,0,0,0,0,0,0,0,0,0,0,0,0,0,36000
5907,大洋-KY         ,74000,38000,36000,0,0,0,0,0,0,0,0,0,0,0,0,0,36000
2305,全友            ,48000,11000,37000,0,0,0,0,0,0,-2000,4000,6000,-2000,0,0,0,35000
1449,佳和            ,41000,6000,35000,0,0,0,0,0,0,0,0,0,0,0,0,0,35000
07348P,滬深2X凱基9A售04,0,0,0,0,0,0,0,0,0,35000,0,0,0,35000,0,35000,35000
060485,華新科富邦9C購04,0,0,0,0,0,0,0,0,0,35000,0,0,0,35000,0,35000,35000
057452,新日興元富98購01,0,0,0,0,0,0,0,0,0,35000,0,0,0,45000,10000,35000,35000
053825,南電群益96購02  ,0,0,0,0,0,0,0,0,0,35000,0,0,0,35000,0,35000,35000
052282,宏達電凱基95購05,0,0,0,0,0,0,0,0,0,35000,0,0,0,50000,15000,35000,35000
053542,超眾永豐96購01  ,0,0,0,0,0,0,0,0,0,35000,0,0,0,80000,45000,35000,35000
03437B,臺股指元富9C熊01,0,0,0,0,0,0,0,0,0,35000,0,0,0,35000,0,35000,35000
059293,宏達電元富9B購01,0,0,0,0,0,0,0,0,0,35000,0,0,0,35000,0,35000,35000
059334,A50正2國票9A購02,0,0,0,0,0,0,0,0,0,35000,0,0,0,85000,50000,35000,35000
058993,滬深反元大9C購01,0,0,0,0,0,0,0,0,0,35000,0,0,0,40000,5000,35000,35000
056310,神達元大97購02  ,0,0,0,0,0,0,0,0,0,35000,0,0,0,35000,0,35000,35000
058170,國巨凱基9A購06  ,0,0,0,0,0,0,0,0,0,35000,0,0,0,75000,40000,35000,35000
057257,台泥兆豐99購01  ,0,0,0,0,0,0,0,0,0,35000,0,0,0,35000,0,35000,35000
057204,利勤元富98購01  ,0,0,0,0,0,0,0,0,0,35000,0,0,0,35000,0,35000,35000
3029,零壹            ,188000,162000,26000,0,0,0,0,0,0,9000,10000,1000,9000,0,0,0,35000
6552,易華電          ,261000,254000,7000,0,0,0,0,0,0,28000,0,0,0,29000,1000,28000,35000
1517,利奇            ,33000,0,33000,0,0,0,0,0,0,1000,1000,0,1000,0,0,0,34000
1717,長興            ,269000,237000,32000,0,0,0,2000,0,2000,0,0,0,0,0,0,0,34000
1437,勤益控          ,23000,2000,21000,0,0,0,0,0,0,13000,13000,0,13000,0,0,0,34000
2365,昆盈            ,135000,104000,31000,0,0,0,0,0,0,3000,3000,0,3000,0,0,0,34000
2476,鉅祥            ,59000,25000,34000,0,0,0,0,0,0,0,0,0,0,0,0,0,34000
04713P,創意元大95售01  ,0,0,0,0,0,0,0,0,0,34000,0,0,0,44000,10000,34000,34000
050465,神基中信94購01  ,0,0,0,0,0,0,0,0,0,34000,0,0,0,34000,0,34000,34000
054926,神達凱基98購01  ,0,0,0,0,0,0,0,0,0,34000,0,0,0,34000,0,34000,34000
055121,鴻海兆豐97購03  ,0,0,0,0,0,0,0,0,0,34000,0,0,0,34000,0,34000,34000
057986,華新科元富99購05,0,0,0,0,0,0,0,0,0,34000,0,0,0,34000,0,34000,34000
055380,智易元大98購02  ,0,0,0,0,0,0,0,0,0,34000,0,0,0,138000,104000,34000,34000
058775,台積電國票9A購02,0,0,0,0,0,0,0,0,0,34000,0,0,0,203000,169000,34000,34000
059477,FBVIX群益99購01 ,0,0,0,0,0,0,0,0,0,34000,0,0,0,44000,10000,34000,34000
8070,長華*           ,35000,1000,34000,0,0,0,0,0,0,0,0,0,0,0,0,0,34000
3622,洋華            ,54000,21000,33000,0,0,0,0,0,0,1000,1000,0,1000,0,0,0,34000
00753L,中信中國50正2   ,0,0,0,0,0,0,0,0,0,33995,0,0,0,284000,250005,33995,33995
1503,士電            ,51000,20000,31000,0,0,0,0,0,0,2000,2000,0,2000,0,0,0,33000
06408P,聯茂元富97售02  ,0,0,0,0,0,0,0,0,0,33000,0,0,0,55000,22000,33000,33000
060531,大立光中信9A購04,0,0,0,0,0,0,0,0,0,33000,0,0,0,33000,0,33000,33000
059765,嘉聯益永豐99購02,0,0,0,0,0,0,0,0,0,33000,0,0,0,63000,30000,33000,33000
059754,訊芯群益9A購01  ,0,0,0,0,0,0,0,0,0,33000,0,0,0,56000,23000,33000,33000
059728,聯鈞元大99購01  ,0,0,0,0,0,0,0,0,0,33000,0,0,0,51000,18000,33000,33000
059623,聯電凱基99購02  ,0,0,0,0,0,0,0,0,0,33000,0,0,0,53000,20000,33000,33000
059540,新光金日盛99購01,0,0,0,0,0,0,0,0,0,33000,0,0,0,33000,0,33000,33000
059578,智邦元富99購02  ,0,0,0,0,0,0,0,0,0,33000,0,0,0,146000,113000,33000,33000
059515,牧德永豐99購01  ,0,0,0,0,0,0,0,0,0,33000,0,0,0,178000,145000,33000,33000
051603,深中小群益99購03,0,0,0,0,0,0,0,0,0,33000,0,0,0,33000,0,33000,33000
052561,矽創國票97購01  ,0,0,0,0,0,0,0,0,0,33000,0,0,0,38000,5000,33000,33000
059455,玉晶光永豐99購05,0,0,0,0,0,0,0,0,0,33000,0,0,0,87000,54000,33000,33000
059321,欣興元大99購07  ,0,0,0,0,0,0,0,0,0,33000,0,0,0,34000,1000,33000,33000
058753,元石油群益9B購03,0,0,0,0,0,0,0,0,0,33000,0,0,0,33000,0,33000,33000
055300,緯穎元大98購01  ,0,0,0,0,0,0,0,0,0,33000,0,0,0,33000,0,33000,33000
058324,嘉聯益永豐9A購01,0,0,0,0,0,0,0,0,0,33000,0,0,0,34000,1000,33000,33000
057164,國巨元大98購14  ,0,0,0,0,0,0,0,0,0,33000,0,0,0,105000,72000,33000,33000
5515,建國            ,60000,27000,33000,0,0,0,0,0,0,0,0,0,0,0,0,0,33000
5234,達興材料        ,51000,17000,34000,0,0,0,0,0,0,-1000,0,1000,-1000,0,0,0,33000
059669,台灣50元富9B購05,0,0,0,0,0,0,0,0,0,32000,0,0,0,242000,210000,32000,32000
060218,台積電凱基9A購15,0,0,0,0,0,0,0,0,0,32000,0,0,0,63000,31000,32000,32000
06731P,聯茂元大98售05  ,0,0,0,0,0,0,0,0,0,32000,0,0,0,32000,0,32000,32000
06851P,鈺齊元大98售01  ,0,0,0,0,0,0,0,0,0,32000,0,0,0,36000,4000,32000,32000
07526P,臺股指中信9B售08,0,0,0,0,0,0,0,0,0,32000,0,0,0,33000,1000,32000,32000
055048,台積電永豐97購04,0,0,0,0,0,0,0,0,0,32000,0,0,0,32000,0,32000,32000
053996,晶相光群益97購01,0,0,0,0,0,0,0,0,0,32000,0,0,0,50000,18000,32000,32000
00851,台新全球AI      ,0,0,0,0,0,0,0,0,0,32000,0,0,0,36000,4000,32000,32000
056113,新日興兆豐98購01,0,0,0,0,0,0,0,0,0,32000,0,0,0,32000,0,32000,32000
057616,聯電凱基99購01  ,0,0,0,0,0,0,0,0,0,32000,0,0,0,63000,31000,32000,32000
058509,聯發科元大99購12,0,0,0,0,0,0,0,0,0,32000,0,0,0,42000,10000,32000,32000
05860P,旺宏康和96售01  ,0,0,0,0,0,0,0,0,0,32000,0,0,0,35000,3000,32000,32000
05580P,美律凱基96售03  ,0,0,0,0,0,0,0,0,0,32000,0,0,0,32000,0,32000,32000
055715,智邦元大97購04  ,0,0,0,0,0,0,0,0,0,32000,0,0,0,39000,7000,32000,32000
059219,旺宏元大99購12  ,0,0,0,0,0,0,0,0,0,32000,0,0,0,164000,132000,32000,32000
059175,臺股指凱基99購26,0,0,0,0,0,0,0,0,0,32000,0,0,0,32000,0,32000,32000
059328,台灣50國票99購08,0,0,0,0,0,0,0,0,0,32000,0,0,0,38000,6000,32000,32000
059401,牧德元富99購01  ,0,0,0,0,0,0,0,0,0,32000,0,0,0,89000,57000,32000,32000
3607,谷崧            ,32000,4000,28000,0,0,0,0,0,0,4000,4000,0,4000,0,0,0,32000
3416,融程電          ,31000,0,31000,0,0,0,0,0,0,1000,1000,0,1000,0,0,0,32000
8101,華冠            ,59000,27000,32000,0,0,0,0,0,0,0,0,0,0,0,0,0,32000
1108,幸福            ,34000,3000,31000,0,0,0,0,0,0,0,0,0,0,0,0,0,31000
1467,南緯            ,31000,0,31000,0,0,0,0,0,0,0,0,0,0,0,0,0,31000
06398P,禾伸堂凱基97售02,0,0,0,0,0,0,0,0,0,31000,0,0,0,31000,0,31000,31000
059817,華通凱基99購05  ,0,0,0,0,0,0,0,0,0,31000,0,0,0,31000,0,31000,31000
048273,南電富邦97購01  ,0,0,0,0,0,0,0,0,0,31000,0,0,0,128000,97000,31000,31000
050601,台表科國泰96購01,0,0,0,0,0,0,0,0,0,31000,0,0,0,31000,0,31000,31000
053997,健策群益97購02  ,0,0,0,0,0,0,0,0,0,31000,0,0,0,31000,0,31000,31000
059298,大立光元富9C購02,0,0,0,0,0,0,0,0,0,31000,0,0,0,122000,91000,31000,31000
059007,南電元大99購05  ,0,0,0,0,0,0,0,0,0,31000,0,0,0,47000,16000,31000,31000
055135,聯發科富邦99購05,0,0,0,0,0,0,0,0,0,31000,0,0,0,31000,0,31000,31000
058097,台灣50國泰99購01,0,0,0,0,0,0,0,0,0,31000,0,0,0,31000,0,31000,31000
055936,彩晶群益98購02  ,0,0,0,0,0,0,0,0,0,31000,0,0,0,61000,30000,31000,31000
055075,南電永豐97購01  ,0,0,0,0,0,0,0,0,0,31000,0,0,0,85000,54000,31000,31000
00639,富邦深100       ,91000,12000,79000,0,0,0,0,0,0,-48668,0,0,0,977332,1026000,-48668,30332
059583,台灣50元大01購10,0,0,0,0,0,0,0,0,0,30000,0,0,0,30000,0,30000,30000
059563,鴻海凱基9A購14  ,0,0,0,0,0,0,0,0,0,30000,0,0,0,175000,145000,30000,30000
060155,友訊永豐9A購01  ,0,0,0,0,0,0,0,0,0,30000,0,0,0,119000,89000,30000,30000
060093,友達元大03購01  ,0,0,0,0,0,0,0,0,0,30000,0,0,0,117000,87000,30000,30000
060222,貿聯凱基9A購02  ,0,0,0,0,0,0,0,0,0,30000,0,0,0,47000,17000,30000,30000
060477,和潤元大9A購01  ,0,0,0,0,0,0,0,0,0,30000,0,0,0,40000,10000,30000,30000
060657,旺宏統一9B購05  ,0,0,0,0,0,0,0,0,0,30000,0,0,0,30000,0,30000,30000
06533P,上証2X中信9B售01,0,0,0,0,0,0,0,0,0,30000,0,0,0,30000,0,30000,30000
06728P,全新元大98售03  ,0,0,0,0,0,0,0,0,0,30000,0,0,0,35000,5000,30000,30000
06997P,台灣50中信03售01,0,0,0,0,0,0,0,0,0,30000,0,0,0,47000,17000,30000,30000
06946P,T50正2元大9C售01,0,0,0,0,0,0,0,0,0,30000,0,0,0,30000,0,30000,30000
06935P,神達元大98售02  ,0,0,0,0,0,0,0,0,0,30000,0,0,0,30000,0,30000,30000
07418P,聯發科元大99售45,0,0,0,0,0,0,0,0,0,30000,0,0,0,50000,20000,30000,30000
07483P,國巨台新9A售01  ,0,0,0,0,0,0,0,0,0,30000,0,0,0,30000,0,30000,30000
07239P,台灣50國票9A售04,0,0,0,0,0,0,0,0,0,30000,0,0,0,32000,2000,30000,30000
07159P,台積電永豐99售04,0,0,0,0,0,0,0,0,0,30000,0,0,0,30000,0,30000,30000
07207P,台積電凱基99售13,0,0,0,0,0,0,0,0,0,30000,0,0,0,30000,0,30000,30000
2413,環科            ,32000,4000,28000,0,0,0,0,0,0,2000,2000,0,2000,0,0,0,30000
2430,燦坤            ,28000,1000,27000,0,0,0,0,0,0,3000,3000,0,3000,0,0,0,30000
00656R,國泰中國A50反1  ,5000,89000,-84000,0,0,0,0,0,0,114000,0,0,0,134000,20000,114000,30000
04846P,旺宏凱基94售07  ,0,0,0,0,0,0,0,0,0,30000,0,0,0,30000,0,30000,30000
04775P,台積電凱基94售29,0,0,0,0,0,0,0,0,0,30000,0,0,0,30000,0,30000,30000
03432B,臺股指凱基98熊13,0,0,0,0,0,0,0,0,0,30000,0,0,0,30000,0,30000,30000
03429B,臺股指元富97熊07,0,0,0,0,0,0,0,0,0,30000,0,0,0,30000,0,30000,30000
051576,台積電元大97購02,0,0,0,0,0,0,0,0,0,30000,0,0,0,30000,0,30000,30000
04189P,台積電兆豐94售02,0,0,0,0,0,0,0,0,0,30000,0,0,0,31000,1000,30000,30000
048759,巨大元富96購01  ,0,0,0,0,0,0,0,0,0,30000,0,0,0,30000,0,30000,30000
048705,GIS國票95購01   ,0,0,0,0,0,0,0,0,0,30000,0,0,0,30000,0,30000,30000
051696,新日興中信96購01,0,0,0,0,0,0,0,0,0,30000,0,0,0,30000,0,30000,30000
049845,台積電麥證94購01,0,0,0,30000,0,30000,0,0,0,30000,0,0,0,30000,0,30000,30000
049795,華通元大96購02  ,0,0,0,0,0,0,0,0,0,30000,0,0,0,30000,0,30000,30000
049702,台表科元大95購03,0,0,0,0,0,0,0,0,0,30000,0,0,0,30000,0,30000,30000
049732,國巨群益94購05  ,0,0,0,0,0,0,0,0,0,30000,0,0,0,30000,0,30000,30000
051170,南電元大95購03  ,0,0,0,0,0,0,0,0,0,30000,0,0,0,30000,0,30000,30000
051231,健策群益97購01  ,0,0,0,0,0,0,0,0,0,30000,0,0,0,30000,0,30000,30000
051049,亞德客群益95購01,0,0,0,0,0,0,0,0,0,30000,0,0,0,30000,0,30000,30000
051058,景碩群益96購01  ,0,0,0,0,0,0,0,0,0,30000,0,0,0,30000,0,30000,30000
051416,創意國票96購02  ,0,0,0,0,0,0,0,0,0,30000,0,0,0,30000,0,30000,30000
052038,國巨永昌96購01  ,0,0,0,0,0,0,0,0,0,30000,0,0,0,30000,0,30000,30000
054793,牧德群益9A購01  ,0,0,0,0,0,0,0,0,0,30000,0,0,0,30000,0,30000,30000
052019,創意永豐95購02  ,0,0,0,0,0,0,0,0,0,30000,0,0,0,30000,0,30000,30000
054740,強茂凱基99購01  ,0,0,0,0,0,0,0,0,0,30000,0,0,0,30000,0,30000,30000
053387,緯創元大97購01  ,0,0,0,0,0,0,0,0,0,30000,0,0,0,30000,0,30000,30000
053278,禾伸堂元大96購01,0,0,0,0,0,0,0,0,0,30000,0,0,0,30000,0,30000,30000
051101,台表科元大96購02,0,0,0,0,0,0,0,0,0,30000,0,0,0,30000,0,30000,30000
050196,嘉聯益元大97購01,0,0,0,0,0,0,0,0,0,30000,0,0,0,30000,0,30000,30000
052307,潤泰全國泰96購01,0,0,0,0,0,0,0,0,0,30000,0,0,0,30000,0,30000,30000
052371,元金2X元大95購01,0,0,0,0,0,0,0,0,0,30000,0,0,0,30000,0,30000,30000
052437,聯發科富邦99購02,0,0,0,0,0,0,0,0,0,30000,0,0,0,30000,0,30000,30000
055047,南港永豐97購01  ,0,0,0,0,0,0,0,0,0,30000,0,0,0,30000,0,30000,30000
054499,台光電永豐96購02,0,0,0,0,0,0,0,0,0,30000,0,0,0,30000,0,30000,30000
052523,奇力新元大97購01,0,0,0,0,0,0,0,0,0,30000,0,0,0,30000,0,30000,30000
05283P,健鼎元大95售04  ,0,0,0,0,0,0,0,0,0,30000,0,0,0,30000,0,30000,30000
052963,智邦凱基96購02  ,0,0,0,0,0,0,0,0,0,30000,0,0,0,40000,10000,30000,30000
052707,景碩台新96購01  ,0,0,0,0,0,0,0,0,0,30000,0,0,0,30000,0,30000,30000
057710,金融類群益98購01,0,0,0,0,0,0,0,0,0,30000,0,0,0,30000,0,30000,30000
057154,易華電國泰99購01,0,0,0,0,0,0,0,0,0,30000,0,0,0,30000,0,30000,30000
05590P,臺股指中信96售05,0,0,0,0,0,0,0,0,0,30000,0,0,0,30000,0,30000,30000
055866,臺股指元大97購03,0,0,0,0,0,0,0,0,0,30000,0,0,0,30000,0,30000,30000
057992,大立光日盛98購01,0,0,0,0,0,0,0,0,0,30000,0,0,0,30000,0,30000,30000
055564,茂林凱基98購01  ,0,0,0,0,0,0,0,0,0,30000,0,0,0,30000,0,30000,30000
055537,康友群益97購03  ,0,0,0,0,0,0,0,0,0,30000,0,0,0,128000,98000,30000,30000
055506,台郡元大99購02  ,0,0,0,0,0,0,0,0,0,30000,0,0,0,30000,0,30000,30000
055482,聚陽元大97購02  ,0,0,0,0,0,0,0,0,0,30000,0,0,0,30000,0,30000,30000
058631,鈺齊國票9A購01  ,0,0,0,0,0,0,0,0,0,30000,0,0,0,40000,10000,30000,30000
05855P,滬深2X中信9C售01,0,0,0,0,0,0,0,0,0,30000,0,0,0,30000,0,30000,30000
058320,華新科永豐99購02,0,0,0,0,0,0,0,0,0,30000,0,0,0,30000,0,30000,30000
059349,台郡凱基99購04  ,0,0,0,0,0,0,0,0,0,30000,0,0,0,30000,0,30000,30000
056420,台表科元富98購01,0,0,0,0,0,0,0,0,0,30000,0,0,0,30000,0,30000,30000
056483,TPK元大98購01   ,0,0,0,0,0,0,0,0,0,30000,0,0,0,30000,0,30000,30000
055209,勤誠康和97購01  ,0,0,0,0,0,0,0,0,0,30000,0,0,0,50000,20000,30000,30000
056792,訊芯群益98購01  ,0,0,0,0,0,0,0,0,0,30000,0,0,0,30000,0,30000,30000
056745,聯茂凱基99購03  ,0,0,0,0,0,0,0,0,0,30000,0,0,0,36000,6000,30000,30000
056872,旺宏凱基98購08  ,0,0,0,0,0,0,0,0,0,30000,0,0,0,30000,0,30000,30000
3617,碩天            ,39000,9000,30000,0,0,0,0,0,0,0,0,0,0,0,0,0,30000
2511,太子            ,229000,160000,69000,0,0,0,0,0,0,-40000,0,40000,-40000,0,0,0,29000
07457P,宏達電元大9A售01,0,0,0,0,0,0,0,0,0,29000,0,0,0,59000,30000,29000,29000
07387P,臺股指群益99售25,0,0,0,0,0,0,0,0,0,29000,0,0,0,74000,45000,29000,29000
060337,FBVIX統一9A購01 ,0,0,0,0,0,0,0,0,0,29000,0,0,0,186000,157000,29000,29000
059870,全新凱基99購05  ,0,0,0,0,0,0,0,0,0,29000,0,0,0,85000,56000,29000,29000
057399,滬深反群益9C購01,0,0,0,0,0,0,0,0,0,29000,0,0,0,29000,0,29000,29000
052867,晶技凱基96購01  ,0,0,0,0,0,0,0,0,0,29000,0,0,0,120000,91000,29000,29000
052488,旺宏國票96購03  ,0,0,0,0,0,0,0,0,0,29000,0,0,0,29000,0,29000,29000
05388P,南亞科元大95售04,0,0,0,0,0,0,0,0,0,29000,0,0,0,30000,1000,29000,29000
052048,景碩凱基95購01  ,0,0,0,0,0,0,0,0,0,29000,0,0,0,29000,0,29000,29000
047944,中石化元富96購01,0,0,0,0,0,0,0,0,0,29000,0,0,0,29000,0,29000,29000
059232,台灣50凱基03購01,0,0,0,0,0,0,0,0,0,29000,0,0,0,34000,5000,29000,29000
056232,瑞儀凱基98購01  ,0,0,0,0,0,0,0,0,0,29000,0,0,0,29000,0,29000,29000
057057,立積元大9A購01  ,0,0,0,0,0,0,0,0,0,29000,0,0,0,88000,59000,29000,29000
4989,榮科            ,61000,40000,21000,0,0,0,0,0,0,8000,8000,0,8000,0,0,0,29000
4108,懷特            ,44000,15000,29000,0,0,0,0,0,0,0,0,0,0,0,0,0,29000
060403,上銀國泰9B購01  ,0,0,0,0,0,0,0,0,0,28000,0,0,0,46000,18000,28000,28000
2462,良得電          ,26000,0,26000,0,0,0,0,0,0,2000,2000,0,2000,0,0,0,28000
05222P,致伸凱基95售02  ,0,0,0,0,0,0,0,0,0,28000,0,0,0,28000,0,28000,28000
054384,瀚宇博群益96購02,0,0,0,0,0,0,0,0,0,28000,0,0,0,73000,45000,28000,28000
055996,矽力國泰99購01  ,0,0,0,0,0,0,0,0,0,28000,0,0,0,28000,0,28000,28000
057162,上銀元大98購03  ,0,0,0,0,0,0,0,0,0,28000,0,0,0,57000,29000,28000,28000
055460,華擎永豐97購01  ,0,0,0,0,0,0,0,0,0,28000,0,0,0,28000,0,28000,28000
058102,楠梓電永豐98購04,0,0,0,0,0,0,0,0,0,28000,0,0,0,30000,2000,28000,28000
059434,全新元大99購05  ,0,0,0,0,0,0,0,0,0,28000,0,0,0,31000,3000,28000,28000
056769,國產元大98購01  ,0,0,0,0,0,0,0,0,0,28000,0,0,0,28000,0,28000,28000
056588,聯發科統一9A購02,0,0,0,0,0,0,0,0,0,28000,0,0,0,28000,0,28000,28000
6136,富爾特          ,28000,0,28000,0,0,0,0,0,0,0,0,0,0,0,0,0,28000
3305,昇貿            ,31000,4000,27000,0,0,0,0,0,0,1000,1000,0,1000,0,0,0,28000
2032,新鋼            ,27000,0,27000,0,0,0,0,0,0,0,0,0,0,0,0,0,27000
1445,大宇            ,29000,0,29000,0,0,0,0,0,0,-2000,0,2000,-2000,0,0,0,27000
1446,宏和            ,38000,11000,27000,0,0,0,0,0,0,0,0,0,0,0,0,0,27000
07437P,臺股指麥證9A售04,0,0,0,30000,3000,27000,0,0,0,27000,0,0,0,30000,3000,27000,27000
06504P,麗豐國票99售02  ,0,0,0,0,0,0,0,0,0,27000,0,0,0,27000,0,27000,27000
059967,聯發科凱基99購20,0,0,0,0,0,0,0,0,0,27000,0,0,0,120000,93000,27000,27000
059597,大立光元大99購21,0,0,0,0,0,0,0,0,0,27000,0,0,0,160000,133000,27000,27000
053642,瀚宇博永豐96購01,0,0,0,0,0,0,0,0,0,27000,0,0,0,37000,10000,27000,27000
00652,富邦印度        ,0,0,0,0,0,0,0,0,0,27000,0,0,0,168000,141000,27000,27000
049023,玉晶光群益96購04,0,0,0,0,0,0,0,0,0,27000,0,0,0,27000,0,27000,27000
050252,聯發科國泰95購01,0,0,0,0,0,0,0,0,0,27000,0,0,0,28000,1000,27000,27000
050801,元金2X群益98購01,0,0,0,0,0,0,0,0,0,27000,0,0,0,27000,0,27000,27000
059458,鎧勝永豐99購01  ,0,0,0,0,0,0,0,0,0,27000,0,0,0,37000,10000,27000,27000
058799,晶技元大99購04  ,0,0,0,0,0,0,0,0,0,27000,0,0,0,30000,3000,27000,27000
055588,瑞昱元大97購03  ,0,0,0,0,0,0,0,0,0,27000,0,0,0,27000,0,27000,27000
057985,華通元富02購03  ,0,0,0,0,0,0,0,0,0,27000,0,0,0,70000,43000,27000,27000
057176,全新元大99購02  ,0,0,0,0,0,0,0,0,0,27000,0,0,0,103000,76000,27000,27000
6152,百一            ,28000,1000,27000,0,0,0,0,0,0,0,0,0,0,0,0,0,27000
059591,台積電元大9A購04,0,0,0,0,0,0,0,0,0,26000,0,0,0,27000,1000,26000,26000
059521,南電永豐99購03  ,0,0,0,0,0,0,0,0,0,26000,0,0,0,48000,22000,26000,26000
05999P,世芯元大96售01  ,0,0,0,0,0,0,0,0,0,26000,0,0,0,28000,2000,26000,26000
060528,友達中信9C購01  ,0,0,0,0,0,0,0,0,0,26000,0,0,0,233000,207000,26000,26000
06059P,泰碩元大97售02  ,0,0,0,0,0,0,0,0,0,26000,0,0,0,147000,121000,26000,26000
06644P,亞德客元大98售03,0,0,0,0,0,0,0,0,0,26000,0,0,0,26000,0,26000,26000
06901P,亞德客凱基98售02,0,0,0,0,0,0,0,0,0,26000,0,0,0,31000,5000,26000,26000
1340,勝悅-KY         ,32000,7000,25000,0,0,0,0,0,0,1000,1000,0,1000,0,0,0,26000
1310,台苯            ,254000,228000,26000,0,0,0,0,0,0,0,0,0,0,0,0,0,26000
1521,大億            ,26000,0,26000,0,0,0,0,0,0,0,0,0,0,0,0,0,26000
1589,永冠-KY         ,68000,35000,33000,0,0,0,0,0,0,-7000,3000,10000,-7000,0,0,0,26000
2020,美亞            ,34000,8000,26000,0,0,0,0,0,0,0,0,0,0,0,0,0,26000
1808,潤隆            ,149000,126000,23000,0,0,0,0,0,0,3000,3000,0,3000,0,0,0,26000
051801,牧德永豐95購04  ,0,0,0,0,0,0,0,0,0,26000,0,0,0,41000,15000,26000,26000
051623,和碩凱基96購02  ,0,0,0,0,0,0,0,0,0,26000,0,0,0,26000,0,26000,26000
00660,元大歐洲50      ,0,0,0,0,0,0,0,0,0,26000,0,0,0,115000,89000,26000,26000
00710B,FH彭博高收益債  ,2000,2000,0,0,0,0,0,0,0,26000,0,0,0,147000,121000,26000,26000
03980P,群創凱基95售02  ,0,0,0,0,0,0,0,0,0,26000,0,0,0,31000,5000,26000,26000
057403,亞光群益98購04  ,0,0,0,0,0,0,0,0,0,26000,0,0,0,115000,89000,26000,26000
055065,神達永豐97購01  ,0,0,0,0,0,0,0,0,0,26000,0,0,0,26000,0,26000,26000
058222,玉晶光統一9B購01,0,0,0,0,0,0,0,0,0,26000,0,0,0,36000,10000,26000,26000
057072,日月光永豐98購01,0,0,0,0,0,0,0,0,0,26000,0,0,0,117000,91000,26000,26000
057243,樺漢凱基99購01  ,0,0,0,0,0,0,0,0,0,26000,0,0,0,36000,10000,26000,26000
058617,南電元大99購01  ,0,0,0,0,0,0,0,0,0,26000,0,0,0,67000,41000,26000,26000
055525,國巨群益98購05  ,0,0,0,0,0,0,0,0,0,26000,0,0,0,76000,50000,26000,26000
05509P,智邦元富96售02  ,0,0,0,0,0,0,0,0,0,26000,0,0,0,65000,39000,26000,26000
058996,台達電元大99購02,0,0,0,0,0,0,0,0,0,26000,0,0,0,191000,165000,26000,26000
059063,康控凱基99購04  ,0,0,0,0,0,0,0,0,0,26000,0,0,0,36000,10000,26000,26000
056818,正崴永豐98購01  ,0,0,0,0,0,0,0,0,0,26000,0,0,0,68000,42000,26000,26000
056862,聯發科群益98購03,0,0,0,0,0,0,0,0,0,26000,0,0,0,26000,0,26000,26000
055214,聯電凱基97購02  ,0,0,0,0,0,0,0,0,0,26000,0,0,0,26000,0,26000,26000
056565,欣興群益98購03  ,0,0,0,0,0,0,0,0,0,26000,0,0,0,26000,0,26000,26000
057855,晶技國票99購01  ,0,0,0,0,0,0,0,0,0,26000,0,0,0,35000,9000,26000,26000
6541,泰福-KY         ,64440,39000,25440,0,0,0,0,0,0,0,0,0,0,0,0,0,25440
1323,永裕            ,39000,14000,25000,0,0,0,0,0,0,0,0,0,0,0,0,0,25000
07504P,聯詠元大9A售02  ,0,0,0,0,0,0,0,0,0,25000,0,0,0,50000,25000,25000,25000
2702,華園            ,26000,1000,25000,0,0,0,0,0,0,0,0,0,0,0,0,0,25000
06886P,旺宏元大99售07  ,0,0,0,0,0,0,0,0,0,25000,0,0,0,30000,5000,25000,25000
07197P,臺股指元大99售13,0,0,0,0,0,0,0,0,0,25000,0,0,0,30000,5000,25000,25000
07174P,臺股指國票99售11,0,0,0,0,0,0,0,0,0,25000,0,0,0,182000,157000,25000,25000
07251P,台灣50元富01售04,0,0,0,0,0,0,0,0,0,25000,0,0,0,628000,603000,25000,25000
060588,台灣50台新9A購03,0,0,0,0,0,0,0,0,0,25000,0,0,0,25000,0,25000,25000
060599,國巨凱基9C購01  ,0,0,0,0,0,0,0,0,0,25000,0,0,0,102000,77000,25000,25000
060571,京元電永豐9A購01,0,0,0,0,0,0,0,0,0,25000,0,0,0,37000,12000,25000,25000
060476,瑞祺元大9A購02  ,0,0,0,0,0,0,0,0,0,25000,0,0,0,240000,215000,25000,25000
059957,中信金康和99購01,0,0,0,0,0,0,0,0,0,25000,0,0,0,269000,244000,25000,25000
059860,台積電群益9A購02,25000,0,25000,0,0,0,0,0,0,0,0,0,0,31000,31000,0,25000
059606,上銀富邦9B購02  ,0,0,0,0,0,0,0,0,0,25000,0,0,0,25000,0,25000,25000
059659,旺宏元大9A購03  ,0,0,0,0,0,0,0,0,0,25000,0,0,0,26000,1000,25000,25000
059818,鴻海凱基99購14  ,0,0,0,0,0,0,0,0,0,25000,0,0,0,40000,15000,25000,25000
059824,大立光凱基99購13,0,0,0,0,0,0,0,0,0,25000,0,0,0,25000,0,25000,25000
057469,康友永豐98購02  ,0,0,0,0,0,0,0,0,0,25000,0,0,0,30000,5000,25000,25000
057669,嘉晶元大99購03  ,0,0,0,0,0,0,0,0,0,25000,0,0,0,25000,0,25000,25000
052560,康舒國票97購01  ,0,0,0,0,0,0,0,0,0,25000,0,0,0,97000,72000,25000,25000
052787,國巨中信96購02  ,0,0,0,0,0,0,0,0,0,25000,0,0,0,25000,0,25000,25000
053945,國巨富邦98購02  ,0,0,0,0,0,0,0,0,0,25000,0,0,0,25000,0,25000,25000
053888,和大群益97購01  ,0,0,0,0,0,0,0,0,0,25000,0,0,0,25000,0,25000,25000
052423,宏達電國票96購02,0,0,0,0,0,0,0,0,0,25000,0,0,0,84000,59000,25000,25000
047773,超眾元大96購01  ,0,0,0,0,0,0,0,0,0,25000,0,0,0,25000,0,25000,25000
04839P,大立光元大94售17,0,0,0,0,0,0,0,0,0,25000,0,0,0,53000,28000,25000,25000
046384,群創凱基98購02  ,0,0,0,0,0,0,0,0,0,25000,0,0,0,25000,0,25000,25000
048895,光罩國泰95購01  ,0,0,0,0,0,0,0,0,0,25000,0,0,0,25000,0,25000,25000
051225,台積電群益95購02,0,0,0,0,0,0,0,0,0,25000,0,0,0,25000,0,25000,25000
050620,和碩元大94購04  ,0,0,0,0,0,0,0,0,0,25000,0,0,0,25000,0,25000,25000
05138P,嘉聯益凱基96售02,0,0,0,0,0,0,0,0,0,25000,0,0,0,25000,0,25000,25000
050895,聯發科元大97購01,0,0,0,0,0,0,0,0,0,25000,0,0,0,25000,0,25000,25000
053525,台積電中信96購04,0,0,0,0,0,0,0,0,0,25000,0,0,0,25000,0,25000,25000
052089,聯發科元大96購02,0,0,0,0,0,0,0,0,0,25000,0,0,0,25000,0,25000,25000
056484,聯茂元大98購02  ,0,0,0,0,0,0,0,0,0,25000,0,0,0,31000,6000,25000,25000
058784,臺股指國票99購03,0,0,0,0,0,0,0,0,0,25000,0,0,0,25000,0,25000,25000
059454,亞光永豐99購01  ,0,0,0,0,0,0,0,0,0,25000,0,0,0,25000,0,25000,25000
056181,百和元富97購02  ,0,0,0,0,0,0,0,0,0,25000,0,0,0,25000,0,25000,25000
057040,國巨元大98購12  ,0,0,0,0,0,0,0,0,0,25000,0,0,0,67000,42000,25000,25000
057110,立積群益98購01  ,0,0,0,0,0,0,0,0,0,25000,0,0,0,25000,0,25000,25000
055860,啟碁元大97購04  ,0,0,0,0,0,0,0,0,0,25000,0,0,0,25000,0,25000,25000
057615,元油2X凱基98購02,25000,0,25000,0,0,0,0,0,0,0,0,0,0,0,0,0,25000
058149,百和元大99購02  ,0,0,0,0,0,0,0,0,0,25000,0,0,0,25000,0,25000,25000
058698,華通元大99購05  ,0,0,0,0,0,0,0,0,0,25000,0,0,0,40000,15000,25000,25000
05817P,可成凱基96售07  ,0,0,0,0,0,0,0,0,0,25000,0,0,0,25000,0,25000,25000
3036,文曄            ,170000,267000,-97000,0,0,0,118000,0,118000,4000,13000,12000,1000,3000,0,3000,25000
4104,佳醫            ,46088,24000,22088,0,0,0,0,0,0,2000,2000,0,2000,0,0,0,24088
059687,卜蜂永豐99購01  ,0,0,0,0,0,0,0,0,0,24000,0,0,0,59000,35000,24000,24000
05971P,世紀鋼永豐96售04,0,0,0,0,0,0,0,0,0,24000,0,0,0,28000,4000,24000,24000
07309P,聯發科凱基99售18,0,0,0,0,0,0,0,0,0,24000,0,0,0,167000,143000,24000,24000
07489P,國巨國票9A售07  ,0,0,0,0,0,0,0,0,0,24000,0,0,0,29000,5000,24000,24000
07477P,國巨群益9A售04  ,0,0,0,0,0,0,0,0,0,24000,0,0,0,24000,0,24000,24000
06896P,信邦中信98售01  ,0,0,0,0,0,0,0,0,0,24000,0,0,0,24000,0,24000,24000
06457P,玉晶光統一98售02,0,0,0,0,0,0,0,0,0,24000,0,0,0,31000,7000,24000,24000
1524,耿鼎            ,24000,0,24000,0,0,0,0,0,0,0,0,0,0,0,0,0,24000
048733,台勝科麥證95購02,0,0,0,24000,0,24000,0,0,0,24000,0,0,0,24000,0,24000,24000
03414B,臺股指凱基99熊01,0,70000,-70000,0,0,0,0,0,0,94000,0,0,0,323000,229000,94000,24000
052361,大成鋼國票96購01,0,0,0,0,0,0,0,0,0,24000,0,0,0,24000,0,24000,24000
052191,超眾群益96購01  ,0,0,0,0,0,0,0,0,0,24000,0,0,0,24000,0,24000,24000
054929,群電凱基97購01  ,0,0,0,0,0,0,0,0,0,24000,0,0,0,30000,6000,24000,24000
058595,T50正2元富99購01,0,0,0,0,0,0,0,0,0,24000,0,0,0,24000,0,24000,24000
055271,鴻海元大98購03  ,0,0,0,0,0,0,0,0,0,24000,0,0,0,24000,0,24000,24000
055837,致茂元大97購02  ,0,0,0,0,0,0,0,0,0,24000,0,0,0,92000,68000,24000,24000
2913,農林            ,157000,133000,24000,0,0,0,0,0,0,0,2000,0,2000,0,2000,-2000,24000
3454,晶睿            ,64000,40000,24000,0,0,0,0,0,0,0,0,0,0,0,0,0,24000
9902,台火            ,30000,7000,23000,0,0,0,0,0,0,1000,1000,0,1000,0,0,0,24000
9930,中聯資源        ,29000,6000,23000,0,0,0,0,0,0,1000,1000,0,1000,0,0,0,24000
1466,聚隆            ,25000,2000,23000,0,0,0,0,0,0,0,0,0,0,0,0,0,23000
1817,凱撒衛          ,23000,0,23000,0,0,0,0,0,0,0,0,0,0,0,0,0,23000
2038,海光            ,24000,2000,22000,0,0,0,0,0,0,1000,1000,0,1000,0,0,0,23000
2460,建通            ,24000,3000,21000,0,0,0,0,0,0,2000,2000,0,2000,0,0,0,23000
06640P,國巨兆豐99售02  ,0,0,0,0,0,0,0,0,0,23000,0,0,0,23000,0,23000,23000
059636,宏達電凱基99購05,0,0,0,0,0,0,0,0,0,23000,0,0,0,46000,23000,23000,23000
059574,台表科凱基99購02,0,0,0,0,0,0,0,0,0,23000,0,0,0,100000,77000,23000,23000
059877,康控凱基99購05  ,0,0,0,0,0,0,0,0,0,23000,0,0,0,73000,50000,23000,23000
060114,緯穎元大99購10  ,0,0,0,0,0,0,0,0,0,23000,0,0,0,29000,6000,23000,23000
060012,電子類群益99購02,0,0,0,0,0,0,0,0,0,23000,0,0,0,25000,2000,23000,23000
060604,宏達電凱基9B購01,0,0,0,0,0,0,0,0,0,23000,0,0,0,30000,7000,23000,23000
054334,超眾永豐96購04  ,0,0,0,0,0,0,0,0,0,23000,0,0,0,57000,34000,23000,23000
054411,光磊元大97購02  ,0,0,0,0,0,0,0,0,0,23000,0,0,0,49000,26000,23000,23000
057384,台灣50永豐99購02,0,0,0,0,0,0,0,0,0,23000,0,0,0,23000,0,23000,23000
04578P,微星富邦96售01  ,0,0,0,0,0,0,0,0,0,23000,0,0,0,23000,0,23000,23000
00757,統一FANG+       ,0,0,0,0,0,0,0,0,0,23000,0,0,0,311000,288000,23000,23000
052042,台積電日盛95購02,0,0,0,0,0,0,0,0,0,23000,0,0,0,23000,0,23000,23000
056582,易華電元大98購01,0,0,0,0,0,0,0,0,0,23000,0,0,0,123000,100000,23000,23000
059369,滬深2X元富9C購01,0,0,0,0,0,0,0,0,0,23000,0,0,0,23000,0,23000,23000
058824,晶技富邦9A購01  ,0,0,0,0,0,0,0,0,0,23000,0,0,0,75000,52000,23000,23000
058556,百和永豐99購01  ,0,0,0,0,0,0,0,0,0,23000,0,0,0,116000,93000,23000,23000
056076,超眾元大97購05  ,0,0,0,0,0,0,0,0,0,23000,0,0,0,53000,30000,23000,23000
057265,聯詠兆豐98購01  ,0,0,0,0,0,0,0,0,0,23000,0,0,0,43000,20000,23000,23000
9905,大華            ,24000,2000,22000,0,0,0,0,0,0,1000,1000,0,1000,0,0,0,23000
3055,蔚華科          ,24000,1000,23000,0,0,0,0,0,0,0,0,0,0,0,0,0,23000
3057,喬鼎            ,23000,0,23000,0,0,0,0,0,0,0,0,0,0,0,0,0,23000
3694,海華            ,25000,3000,22000,0,0,0,0,0,0,1000,1000,0,1000,0,0,0,23000
4545,銘鈺            ,26000,3000,23000,0,0,0,0,0,0,0,0,0,0,0,0,0,23000
5007,三星            ,24000,2000,22000,0,0,0,0,0,0,1000,1000,0,1000,0,0,0,23000
060508,聯發科元大9A購04,0,0,0,0,0,0,0,0,0,22000,0,0,0,42000,20000,22000,22000
060535,群創麥證9A購01  ,0,0,0,28000,6000,22000,0,0,0,22000,0,0,0,28000,6000,22000,22000
05987P,健策統一96售02  ,0,0,0,0,0,0,0,0,0,22000,0,0,0,22000,0,22000,22000
07385P,緯穎群益99售04  ,0,0,0,0,0,0,0,0,0,22000,0,0,0,22000,0,22000,22000
2433,互盛電          ,24000,2000,22000,0,0,0,0,0,0,0,0,0,0,0,0,0,22000
2420,新巨            ,41000,20000,21000,0,0,0,0,0,0,1000,1000,0,1000,0,0,0,22000
2636,台驊投控        ,53000,4000,49000,0,0,0,0,0,0,-27000,12000,39000,-27000,0,0,0,22000
2482,連宇            ,21000,0,21000,0,0,0,0,0,0,1000,1000,0,1000,0,0,0,22000
053432,世紀鋼永豐96購02,0,0,0,0,0,0,0,0,0,22000,0,0,0,22000,0,22000,22000
051531,國巨國票96購04  ,0,0,0,0,0,0,0,0,0,22000,0,0,0,22000,0,22000,22000
049554,禾伸堂富邦96購01,0,0,0,0,0,0,0,0,0,22000,0,0,0,22000,0,22000,22000
051572,上銀元大95購01  ,0,0,0,0,0,0,0,0,0,22000,0,0,0,255000,233000,22000,22000
054115,台塑康和96購01  ,0,0,0,0,0,0,0,0,0,22000,0,0,0,22000,0,22000,22000
053768,S&P反1元大99購01,0,0,0,0,0,0,0,0,0,22000,0,0,0,22000,0,22000,22000
057877,神達元大99購01  ,0,0,0,0,0,0,0,0,0,22000,0,0,0,61000,39000,22000,22000
056250,瑞昱兆豐97購02  ,0,0,0,0,0,0,0,0,0,22000,0,0,0,42000,20000,22000,22000
059081,和大元大99購01  ,0,0,0,0,0,0,0,0,0,22000,0,0,0,22000,0,22000,22000
059368,T50正2元富99購02,0,0,0,0,0,0,0,0,0,22000,0,0,0,22000,0,22000,22000
056804,T50反1統一9A購03,0,0,0,0,0,0,0,0,0,22000,0,0,0,22000,0,22000,22000
056720,世紀鋼永豐98購01,0,0,0,0,0,0,0,0,0,22000,0,0,0,22000,0,22000,22000
4999,鑫禾            ,27000,5000,22000,0,0,0,0,0,0,0,0,0,0,0,0,0,22000
3024,憶聲            ,37000,15000,22000,0,0,0,0,0,0,0,0,0,0,0,0,0,22000
6698,旭暉應材        ,40000,21000,19000,0,0,0,5000,0,5000,-2000,0,2000,-2000,0,0,0,22000
1531,高林股          ,21000,0,21000,0,0,0,0,0,0,0,0,0,0,0,0,0,21000
07522P,台積電中信9A售03,0,0,0,0,0,0,0,0,0,21000,0,0,0,72000,51000,21000,21000
07351P,鴻海國票99售08  ,0,0,0,0,0,0,0,0,0,21000,0,0,0,21000,0,21000,21000
06338P,亞德客統一97售02,0,0,0,0,0,0,0,0,0,21000,0,0,0,46000,25000,21000,21000
06373P,聯發科元大97售22,0,0,0,0,0,0,0,0,0,21000,0,0,0,21000,0,21000,21000
06983P,台積電國泰9A售02,0,0,0,0,0,0,0,0,0,21000,0,0,0,24000,3000,21000,21000
07084P,S&P正2元富9B售02,0,0,0,0,0,0,0,0,0,21000,0,0,0,93000,72000,21000,21000
059910,鴻海元大99購37  ,0,0,0,0,0,0,0,0,0,21000,0,0,0,50000,29000,21000,21000
060066,欣興兆豐9B購01  ,0,0,0,0,0,0,0,0,0,21000,0,0,0,55000,34000,21000,21000
05973P,聯詠元大96售06  ,0,0,0,0,0,0,0,0,0,21000,0,0,0,46000,25000,21000,21000
060559,世紀鋼凱基9C購01,0,0,0,0,0,0,0,0,0,21000,0,0,0,21000,0,21000,21000
060294,嘉澤元大9A購01  ,0,0,0,0,0,0,0,0,0,21000,0,0,0,330000,309000,21000,21000
052446,聯發科元大96購03,0,0,0,0,0,0,0,0,0,21000,0,0,0,21000,0,21000,21000
053635,技嘉永豐96購01  ,0,0,0,0,0,0,0,0,0,21000,0,0,0,37000,16000,21000,21000
055012,茂林元富97購01  ,0,0,0,0,0,0,0,0,0,21000,0,0,0,21000,0,21000,21000
054428,禾伸堂富邦98購01,0,0,0,0,0,0,0,0,0,21000,0,0,0,21000,0,21000,21000
057366,智邦元大98購08  ,0,0,0,0,0,0,0,0,0,21000,0,0,0,24000,3000,21000,21000
057813,京元電元大98購03,0,0,0,0,0,0,0,0,0,21000,0,0,0,21000,0,21000,21000
04633P,旺宏群益96售04  ,0,0,0,0,0,0,0,0,0,21000,0,0,0,21000,0,21000,21000
050493,聯發科永昌96購01,0,0,0,0,0,0,0,0,0,21000,0,0,0,21000,0,21000,21000
054751,GIS凱基98購01   ,0,0,0,0,0,0,0,0,0,21000,0,0,0,96000,75000,21000,21000
056913,臺股指元大99購05,0,0,0,0,0,0,0,0,0,21000,0,0,0,21000,0,21000,21000
056517,茂林兆豐99購01  ,0,0,0,0,0,0,0,0,0,21000,0,0,0,63000,42000,21000,21000
05719P,可成元大96售03  ,0,0,0,0,0,0,0,0,0,21000,0,0,0,21000,0,21000,21000
059075,FBVIX元大99購01 ,0,0,0,0,0,0,0,0,0,21000,0,0,0,21000,0,21000,21000
056997,台灣50康和9A購02,0,0,0,0,0,0,0,0,0,21000,0,0,0,21000,0,21000,21000
058710,臺股指元大9A購23,0,0,0,0,0,0,0,0,0,21000,0,0,0,21000,0,21000,21000
058262,大立光富邦9C購02,0,0,0,0,0,0,0,0,0,21000,0,0,0,75000,54000,21000,21000
6201,亞弘電          ,20000,0,20000,0,0,0,0,0,0,1000,1000,0,1000,0,0,0,21000
3027,盛達            ,23000,3000,20000,0,0,0,0,0,0,1000,1000,0,1000,0,0,0,21000
3266,昇陽            ,21000,0,21000,0,0,0,0,0,0,0,0,0,0,0,0,0,21000
6164,華興            ,22000,4000,18000,0,0,0,0,0,0,3000,3000,0,3000,0,0,0,21000
4560,強信-KY         ,58000,37000,21000,0,0,0,0,0,0,0,0,0,0,0,0,0,21000
060202,康友元富9A購01  ,0,0,0,0,0,0,0,0,0,20000,0,0,0,40000,20000,20000,20000
060482,東元富邦9A購01  ,0,0,0,0,0,0,0,0,0,20000,0,0,0,20000,0,20000,20000
06223P,漢唐元富97售02  ,0,0,0,0,0,0,0,0,0,20000,0,0,0,20000,0,20000,20000
059792,台灣50國票9A購09,0,0,0,0,0,0,0,0,0,20000,0,0,0,38000,18000,20000,20000
059604,臺股指元大9A購41,0,0,0,0,0,0,0,0,0,20000,0,0,0,20000,0,20000,20000
060076,台灣50台新9B購05,0,0,0,0,0,0,0,0,0,20000,0,0,0,20000,0,20000,20000
059914,台積電元大99購47,0,0,0,0,0,0,0,0,0,20000,0,0,0,26000,6000,20000,20000
059902,滬深2X元大9C購08,0,0,0,0,0,0,0,0,0,20000,0,0,0,20000,0,20000,20000
059937,旺宏永豐99購03  ,0,0,0,0,0,0,0,0,0,20000,0,0,0,20000,0,20000,20000
07081P,南電群益9A售01  ,0,0,0,0,0,0,0,0,0,20000,0,0,0,30000,10000,20000,20000
06981P,台灣50麥證99售02,0,0,0,20000,0,20000,0,0,0,20000,0,0,0,20000,0,20000,20000
06848P,聯詠元大98售04  ,0,0,0,0,0,0,0,0,0,20000,0,0,0,23000,3000,20000,20000
06868P,電子類元大99售01,0,0,0,0,0,0,0,0,0,20000,0,0,0,47000,27000,20000,20000
06680P,智邦元大98售06  ,0,0,0,0,0,0,0,0,0,20000,0,0,0,20000,0,20000,20000
06545P,致茂元大98售01  ,0,0,0,0,0,0,0,0,0,20000,0,0,0,30000,10000,20000,20000
07394P,國巨群益99售12  ,0,0,0,0,0,0,0,0,0,20000,0,0,0,44000,24000,20000,20000
07378P,大立光元大99售29,0,0,0,0,0,0,0,0,0,20000,0,0,0,20000,0,20000,20000
07404P,華新科凱基99售10,0,0,0,0,0,0,0,0,0,20000,0,0,0,20000,0,20000,20000
07529P,國巨凱基9A售11  ,0,0,0,0,0,0,0,0,0,20000,0,0,0,20000,0,20000,20000
07546P,玉晶光凱基9A售09,0,0,0,0,0,0,0,0,0,20000,0,0,0,851000,831000,20000,20000
2069,運錩            ,23000,4000,19000,0,0,0,0,0,0,1000,1000,0,1000,0,0,0,20000
053384,聯發科元大96購13,0,0,0,0,0,0,0,0,0,20000,0,0,0,20000,0,20000,20000
053443,智邦凱基97購01  ,0,0,0,0,0,0,0,0,0,20000,0,0,0,20000,0,20000,20000
050188,貿聯元大96購01  ,0,0,0,0,0,0,0,0,0,20000,0,0,0,20000,0,20000,20000
051098,矽格元大95購01  ,0,0,0,0,0,0,0,0,0,20000,0,0,0,20000,0,20000,20000
051124,創意群益95購01  ,0,0,0,0,0,0,0,0,0,20000,0,0,0,20000,0,20000,20000
050899,旭富元大95購01  ,0,0,0,0,0,0,0,0,0,20000,0,0,0,20000,0,20000,20000
051529,東元國票96購01  ,0,0,0,0,0,0,0,0,0,20000,0,0,0,20000,0,20000,20000
051539,瀚宇博國票97購01,0,0,0,0,0,0,0,0,0,20000,0,0,0,20000,0,20000,20000
05150P,玉晶光第一95售01,0,0,0,0,0,0,0,0,0,20000,0,0,0,20000,0,20000,20000
05137P,華新科凱基96售03,0,0,0,0,0,0,0,0,0,20000,0,0,0,20000,0,20000,20000
051346,仁寶元大95購01  ,0,0,0,0,0,0,0,0,0,20000,0,0,0,22000,2000,20000,20000
05149P,緯穎國泰96售01  ,0,0,0,0,0,0,0,0,0,20000,0,0,0,20000,0,20000,20000
049587,美律元大95購01  ,0,0,0,0,0,0,0,0,0,20000,0,0,0,20000,0,20000,20000
04960P,大立光凱基96售04,0,0,0,0,0,0,0,0,0,20000,0,0,0,20000,0,20000,20000
049796,國巨元大94購10  ,0,0,0,0,0,0,0,0,0,20000,0,0,0,20000,0,20000,20000
049888,智邦國泰96購01  ,0,0,0,0,0,0,0,0,0,20000,0,0,0,20000,0,20000,20000
051272,嘉晶群益95購01  ,0,0,0,0,0,0,0,0,0,20000,0,0,0,20000,0,20000,20000
050831,超眾凱基95購01  ,0,0,0,0,0,0,0,0,0,20000,0,0,0,20000,0,20000,20000
050690,台達電凱基96購01,0,0,0,0,0,0,0,0,0,20000,0,0,0,20000,0,20000,20000
047123,中石化中信95購01,0,0,0,0,0,0,0,0,0,20000,0,0,0,20000,0,20000,20000
047296,日月光元富96購01,0,0,0,0,0,0,0,0,0,20000,0,0,0,20000,0,20000,20000
04753P,台積電統一94售11,0,0,0,0,0,0,0,0,0,20000,0,0,0,20000,0,20000,20000
051577,台積電元大97購03,0,0,0,0,0,0,0,0,0,20000,0,0,0,20000,0,20000,20000
044717,旺宏統一94購01  ,0,0,0,0,0,0,0,0,0,20000,0,0,0,20000,0,20000,20000
048901,矽格國泰95購01  ,0,0,0,0,0,0,0,0,0,20000,0,0,0,20000,0,20000,20000
051942,寶成群益95購01  ,0,0,0,0,0,0,0,0,0,20000,0,0,0,20000,0,20000,20000
051802,同欣電永豐95購02,0,0,0,0,0,0,0,0,0,20000,0,0,0,20000,0,20000,20000
051807,瑞昱凱基95購03  ,0,0,0,0,0,0,0,0,0,20000,0,0,0,20000,0,20000,20000
051873,緯穎凱基95購02  ,0,0,0,0,0,0,0,0,0,20000,0,0,0,45000,25000,20000,20000
048349,美利達元大96購02,0,0,0,0,0,0,0,0,0,20000,0,0,0,20000,0,20000,20000
04834P,鴻海元大94售17  ,0,0,0,0,0,0,0,0,0,20000,0,0,0,20000,0,20000,20000
048427,百和元富95購01  ,0,0,0,0,0,0,0,0,0,20000,0,0,0,20000,0,20000,20000
047737,義隆麥證94購01  ,0,0,0,20000,0,20000,0,0,0,20000,0,0,0,20000,0,20000,20000
04049P,大立光元大95售02,0,0,0,0,0,0,0,0,0,20000,0,0,0,20000,0,20000,20000
048653,巨大元大96購02  ,0,0,0,0,0,0,0,0,0,20000,0,0,0,20000,0,20000,20000
057738,旺宏富邦9A購01  ,0,0,0,0,0,0,0,0,0,20000,0,0,0,20000,0,20000,20000
057798,貿聯兆豐99購01  ,0,0,0,0,0,0,0,0,0,20000,0,0,0,20000,0,20000,20000
057458,TPK富邦9A購01   ,0,0,0,0,0,0,0,0,0,20000,0,0,0,20000,0,20000,20000
057507,貿聯國票98購02  ,0,0,0,0,0,0,0,0,0,20000,0,0,0,26000,6000,20000,20000
057556,智易凱基99購01  ,0,0,0,0,0,0,0,0,0,20000,0,0,0,20000,0,20000,20000
052644,聯發科永豐96購01,0,0,0,0,0,0,0,0,0,20000,0,0,0,20000,0,20000,20000
052713,智邦凱基96購01  ,0,0,0,0,0,0,0,0,0,20000,0,0,0,20000,0,20000,20000
053149,京元電元大96購02,0,0,0,0,0,0,0,0,0,20000,0,0,0,20000,0,20000,20000
053111,緯創兆豐97購01  ,0,0,0,0,0,0,0,0,0,20000,0,0,0,50000,30000,20000,20000
05276P,GIS永豐95售02   ,0,0,0,0,0,0,0,0,0,20000,0,0,0,20000,0,20000,20000
052563,京元電日盛96購01,0,0,0,0,0,0,0,0,0,20000,0,0,0,20000,0,20000,20000
052568,漢唐凱基96購02  ,0,0,0,0,0,0,0,0,0,20000,0,0,0,20000,0,20000,20000
052948,景碩國票97購02  ,0,0,0,0,0,0,0,0,0,20000,0,0,0,20000,0,20000,20000
054550,旺宏凱基98購02  ,0,0,0,0,0,0,0,0,0,20000,0,0,0,20000,0,20000,20000
054597,南亞台新97購01  ,0,0,0,0,0,0,0,0,0,20000,0,0,0,20000,0,20000,20000
054573,漢唐元大98購01  ,0,0,0,0,0,0,0,0,0,20000,0,0,0,20000,0,20000,20000
054373,富邦金中信97購01,0,0,0,0,0,0,0,0,0,20000,0,0,0,70000,50000,20000,20000
05421P,鴻海元大96售12  ,0,0,0,0,0,0,0,0,0,20000,0,0,0,20000,0,20000,20000
054973,台郡元大98購02  ,0,0,0,0,0,0,0,0,0,20000,0,0,0,20000,0,20000,20000
054854,台積電麥證97購01,0,0,0,0,0,0,0,0,0,20000,0,0,0,20000,0,20000,20000
053596,嘉澤元大96購01  ,0,0,0,0,0,0,0,0,0,20000,0,0,0,20000,0,20000,20000
053588,聯發科元大97購07,0,0,0,0,0,0,0,0,0,20000,0,0,0,20000,0,20000,20000
052213,富邦金元大95購01,0,0,0,0,0,0,0,0,0,20000,0,0,0,20000,0,20000,20000
052184,台光電群益95購03,0,0,0,0,0,0,0,0,0,20000,0,0,0,20000,0,20000,20000
054089,台積電群益96購11,0,0,0,0,0,0,0,0,0,20000,0,0,0,20000,0,20000,20000
054649,聯茂群益97購01  ,0,0,0,0,0,0,0,0,0,20000,0,0,0,20000,0,20000,20000
053834,卜蜂永豐96購01  ,0,0,0,0,0,0,0,0,0,20000,0,0,0,20000,0,20000,20000
053818,富邦金群益98購01,0,0,0,0,0,0,0,0,0,20000,0,0,0,20000,0,20000,20000
052310,聯電富邦95購01  ,0,0,0,0,0,0,0,0,0,20000,0,0,0,20000,0,20000,20000
053683,上証2X元大96購03,0,0,0,0,0,0,0,0,0,20000,0,0,0,20000,0,20000,20000
058231,技嘉元大99購02  ,0,0,0,0,0,0,0,0,0,20000,0,0,0,20000,0,20000,20000
057189,康控元大98購02  ,0,0,0,0,0,0,0,0,0,20000,0,0,0,38000,18000,20000,20000
05616P,台光電永豐96售01,0,0,0,0,0,0,0,0,0,20000,0,0,0,20000,0,20000,20000
056162,祥碩凱基97購03  ,0,0,0,0,0,0,0,0,0,20000,0,0,0,22000,2000,20000,20000
056976,喬山群益98購01  ,0,0,0,0,0,0,0,0,0,20000,0,0,0,20000,0,20000,20000
055957,瑞昱元大97購06  ,0,0,0,0,0,0,0,0,0,20000,0,0,0,20000,0,20000,20000
05722P,玉晶光國票97售03,0,0,0,0,0,0,0,0,0,20000,0,0,0,20000,0,20000,20000
057077,國巨統一98購06  ,0,0,0,0,0,0,0,0,0,20000,0,0,0,24000,4000,20000,20000
056231,嘉聯益凱基97購02,0,0,0,0,0,0,0,0,0,20000,0,0,0,39000,19000,20000,20000
056257,聯茂元富97購04  ,0,0,0,0,0,0,0,0,0,20000,0,0,0,20000,0,20000,20000
055535,緯創群益98購01  ,0,0,0,0,0,0,0,0,0,20000,0,0,0,20000,0,20000,20000
055583,國巨元大97購10  ,0,0,0,0,0,0,0,0,0,20000,0,0,0,293000,273000,20000,20000
055162,新唐元大97購01  ,0,0,0,0,0,0,0,0,0,20000,0,0,0,50000,30000,20000,20000
055192,世芯元富97購01  ,0,0,0,0,0,0,0,0,0,20000,0,0,0,20000,0,20000,20000
058482,祥碩凱基99購02  ,0,0,0,0,0,0,0,0,0,20000,0,0,0,20000,0,20000,20000
058505,台積電元大99購08,0,0,0,0,0,0,0,0,0,20000,0,0,0,20000,0,20000,20000
058424,滬深2X元富99購04,0,0,0,0,0,0,0,0,0,20000,0,0,0,20000,0,20000,20000
058979,上銀凱基99購04  ,0,0,0,0,0,0,0,0,0,20000,0,0,0,20000,0,20000,20000
058974,臺股指永豐99購03,0,0,0,0,0,0,0,0,0,20000,0,0,0,20000,0,20000,20000
056464,臺股指凱基99購06,0,0,0,0,0,0,0,0,0,20000,0,0,0,20000,0,20000,20000
059381,TPK亞東99購01   ,0,0,0,0,0,0,0,0,0,20000,0,0,0,20000,0,20000,20000
059411,臺股指國票99購17,0,0,0,0,0,0,0,0,0,20000,0,0,0,22000,2000,20000,20000
059475,元石油群益99購02,0,0,0,0,0,0,0,0,0,20000,0,0,0,20000,0,20000,20000
059169,可成凱基99購04  ,0,0,0,0,0,0,0,0,0,20000,0,0,0,20000,0,20000,20000
059166,友達凱基99購05  ,0,0,0,0,0,0,0,0,0,20000,0,0,0,20000,0,20000,20000
056531,佳世達凱基98購01,0,0,0,0,0,0,0,0,0,20000,0,0,0,20000,0,20000,20000
056528,為升凱基98購01  ,0,0,0,0,0,0,0,0,0,20000,0,0,0,20000,0,20000,20000
056396,祥碩永豐98購01  ,0,0,0,0,0,0,0,0,0,20000,0,0,0,20000,0,20000,20000
056374,聯發科統一9B購01,0,0,0,0,0,0,0,0,0,20000,0,0,0,20000,0,20000,20000
056915,上銀兆豐99購01  ,0,0,0,0,0,0,0,0,0,20000,0,0,0,20000,0,20000,20000
056767,大毅元大99購01  ,0,0,0,0,0,0,0,0,0,20000,0,0,0,20000,0,20000,20000
056624,景碩永豐98購01  ,0,0,0,0,0,0,0,0,0,20000,0,0,0,20000,0,20000,20000
056316,訊芯元大98購03  ,0,0,0,0,0,0,0,0,0,20000,0,0,0,20000,0,20000,20000
056342,中工凱基98購01  ,0,0,0,0,0,0,0,0,0,20000,0,0,0,40000,20000,20000,20000
055814,晶豪科國票97購02,0,0,0,0,0,0,0,0,0,20000,0,0,0,20000,0,20000,20000
055702,美律富邦98購01  ,0,0,0,0,0,0,0,0,0,20000,0,0,0,20000,0,20000,20000
055694,光罩國票98購01  ,0,0,0,0,0,0,0,0,0,20000,0,0,0,20000,0,20000,20000
4766,南寶            ,35000,16000,19000,0,0,0,0,0,0,1000,1000,0,1000,0,0,0,20000
6128,上福            ,21000,1000,20000,0,0,0,0,0,0,0,0,0,0,0,0,0,20000
2911,麗嬰房          ,24000,4000,20000,0,0,0,0,0,0,0,0,0,0,0,0,0,20000
8499,鼎炫-KY         ,45000,18000,27000,0,0,0,0,0,0,-7000,0,7000,-7000,0,0,0,20000
1447,力鵬            ,117000,101000,16000,0,0,0,0,0,0,3000,3000,0,3000,0,0,0,19000
1220,台榮            ,17000,0,17000,0,0,0,0,0,0,2000,2000,0,2000,0,0,0,19000
1454,台富            ,18000,0,18000,0,0,0,0,0,0,1000,1000,0,1000,0,0,0,19000
07138P,台灣50群益9B售04,0,0,0,0,0,0,0,0,0,19000,0,0,0,19000,0,19000,19000
07105P,大毅元富99售02  ,0,0,0,0,0,0,0,0,0,19000,0,0,0,32000,13000,19000,19000
07010P,T50正2凱基9C售01,0,0,0,0,0,0,0,0,0,19000,0,0,0,22000,3000,19000,19000
059485,台灣50兆豐99購02,0,0,0,0,0,0,0,0,0,19000,0,0,0,94000,75000,19000,19000
05979P,華新科中信96售02,0,0,0,0,0,0,0,0,0,19000,0,0,0,20000,1000,19000,19000
060530,聯發科中信9C購03,0,0,0,0,0,0,0,0,0,19000,0,0,0,30000,11000,19000,19000
054169,上緯控凱基98購01,0,0,0,0,0,0,0,0,0,19000,0,0,0,102000,83000,19000,19000
054378,楠梓電群益98購01,0,0,0,0,0,0,0,0,0,19000,0,0,0,21000,2000,19000,19000
053027,玉晶光富邦98購01,0,0,0,0,0,0,0,0,0,19000,0,0,0,19000,0,19000,19000
050644,國巨凱基96購01  ,0,0,0,0,0,0,0,0,0,19000,0,0,0,27000,8000,19000,19000
051404,牧德永豐96購01  ,0,0,0,0,0,0,0,0,0,19000,0,0,0,227000,208000,19000,19000
051381,玉晶光群益98購01,0,0,0,0,0,0,0,0,0,19000,0,0,0,105000,86000,19000,19000
050378,上証2X群益98購02,0,0,0,0,0,0,0,0,0,19000,0,0,0,19000,0,19000,19000
050019,T50反1元大94購04,0,0,0,0,0,0,0,0,0,19000,0,0,0,19000,0,19000,19000
056651,聯茂凱基98購04  ,0,0,0,0,0,0,0,0,0,19000,0,0,0,36000,17000,19000,19000
056883,美食康和98購01  ,0,0,0,0,0,0,0,0,0,19000,0,0,0,19000,0,19000,19000
055280,智邦元大97購01  ,0,0,0,0,0,0,0,0,0,19000,0,0,0,29000,10000,19000,19000
056219,T50反1日盛02購01,0,0,0,0,0,0,0,0,0,19000,0,0,0,19000,0,19000,19000
055893,大立光統一97購07,0,0,0,0,0,0,0,0,0,19000,0,0,0,20000,1000,19000,19000
056110,嘉聯益永豐97購02,0,0,0,0,0,0,0,0,0,19000,0,0,0,34000,15000,19000,19000
8374,羅昇            ,19000,0,19000,0,0,0,0,0,0,0,0,0,0,0,0,0,19000
6133,金橋            ,14000,0,14000,0,0,0,0,0,0,5000,5000,0,5000,0,0,0,19000
060395,儒鴻國票9A購01  ,0,0,0,0,0,0,0,0,0,18000,0,0,0,19000,1000,18000,18000
059955,美食康和99購01  ,0,0,0,0,0,0,0,0,0,18000,0,0,0,18000,0,18000,18000
059901,滬深2X元大9C購07,0,0,0,0,0,0,0,0,0,18000,0,0,0,20000,2000,18000,18000
060056,大立光凱基9B購01,0,0,0,0,0,0,0,0,0,18000,0,0,0,18000,0,18000,18000
06962P,華新科永豐99售01,0,0,0,0,0,0,0,0,0,18000,0,0,0,30000,12000,18000,18000
06323P,台郡統一97售01  ,0,0,0,0,0,0,0,0,0,18000,0,0,0,18000,0,18000,18000
06460P,亞德客元富98售02,0,0,0,0,0,0,0,0,0,18000,0,0,0,18000,0,18000,18000
1436,華友聯          ,17000,0,17000,0,0,0,0,0,0,1000,1000,0,1000,0,0,0,18000
1414,東和            ,18000,1000,17000,0,0,0,0,0,0,1000,1000,0,1000,0,0,0,18000
07514P,台積電元大9A售14,0,0,0,0,0,0,0,0,0,18000,0,0,0,30000,12000,18000,18000
050576,南亞科國票95購01,0,0,0,0,0,0,0,0,0,18000,0,0,0,42000,24000,18000,18000
04971P,矽力元富94售02  ,0,0,0,0,0,0,0,0,0,18000,0,0,0,19000,1000,18000,18000
048572,美利達元大96購04,0,0,0,0,0,0,0,0,0,18000,0,0,0,18000,0,18000,18000
048748,國巨元富96購01  ,0,0,0,0,0,0,0,0,0,18000,0,0,0,18000,0,18000,18000
05270P,台表科元大95售05,0,0,0,0,0,0,0,0,0,18000,0,0,0,18000,0,18000,18000
057427,華通兆豐99購01  ,0,0,0,0,0,0,0,0,0,18000,0,0,0,18000,0,18000,18000
057323,智邦群益98購01  ,0,0,0,0,0,0,0,0,0,18000,0,0,0,18000,0,18000,18000
054063,聯茂國票97購02  ,0,0,0,0,0,0,0,0,0,18000,0,0,0,22000,4000,18000,18000
058654,鴻海中信03購01  ,0,0,0,0,0,0,0,0,0,18000,0,0,0,20000,2000,18000,18000
056987,南茂群益98購01  ,0,0,0,0,0,0,0,0,0,18000,0,0,0,133000,115000,18000,18000
056011,矽力中信99購01  ,0,0,0,0,0,0,0,0,0,18000,0,0,0,18000,0,18000,18000
055572,鴻海統一98購04  ,0,0,0,0,0,0,0,0,0,18000,0,0,0,18000,0,18000,18000
058587,台積電中信9C購03,0,0,0,0,0,0,0,0,0,18000,0,0,0,18000,0,18000,18000
056467,上証2X元大98購02,0,0,0,0,0,0,0,0,0,18000,0,0,0,18000,0,18000,18000
056457,嘉澤凱基98購01  ,0,0,0,0,0,0,0,0,0,18000,0,0,0,18000,0,18000,18000
058789,喬山元大99購02  ,0,0,0,0,0,0,0,0,0,18000,0,0,0,18000,0,18000,18000
059083,華通元大99購07  ,0,0,0,0,0,0,0,0,0,18000,0,0,0,68000,50000,18000,18000
6115,鎰勝            ,23000,8000,15000,0,0,0,0,0,0,3000,3000,0,3000,0,0,0,18000
4912,聯德控股-KY     ,25000,7000,18000,0,0,0,0,0,0,0,0,0,0,0,0,0,18000
4148,全宇生技-KY     ,20000,2000,18000,0,0,0,0,0,0,0,0,0,0,0,0,0,18000
8114,振樺電          ,21000,3000,18000,0,0,0,0,0,0,0,0,0,0,0,0,0,18000
9908,大台北          ,27000,14000,13000,0,0,0,0,0,0,5000,5000,0,5000,0,0,0,18000
1773,勝一            ,32000,18000,14000,0,0,0,0,0,0,3000,3000,0,3000,0,0,0,17000
2427,三商電          ,19000,2000,17000,0,0,0,0,0,0,0,0,0,0,0,0,0,17000
2440,太空梭          ,17000,0,17000,0,0,0,0,0,0,0,0,0,0,0,0,0,17000
2414,精技            ,35000,18000,17000,0,0,0,0,0,0,0,0,0,0,0,0,0,17000
2477,美隆電          ,37000,21000,16000,0,0,0,0,0,0,1000,3000,2000,1000,0,0,0,17000
2705,六福            ,17000,0,17000,0,0,0,0,0,0,0,0,0,0,0,0,0,17000
06846P,美律元大98售05  ,0,0,0,0,0,0,0,0,0,17000,0,0,0,17000,0,17000,17000
060109,茂林元大99購05  ,0,0,0,0,0,0,0,0,0,17000,0,0,0,31000,14000,17000,17000
060514,南電元大9A購02  ,0,0,0,0,0,0,0,0,0,17000,0,0,0,51000,34000,17000,17000
054170,泰鼎凱基98購01  ,0,0,0,0,0,0,0,0,0,17000,0,0,0,22000,5000,17000,17000
052657,友達元富96購01  ,0,0,0,0,0,0,0,0,0,17000,0,0,0,20000,3000,17000,17000
052599,S&P反1元大96購01,0,0,0,0,0,0,0,0,0,17000,0,0,0,53000,36000,17000,17000
051809,義隆凱基96購01  ,0,0,0,0,0,0,0,0,0,17000,0,0,0,17000,0,17000,17000
045996,南電富邦94購01  ,0,0,0,0,0,0,0,0,0,17000,0,0,0,17000,0,17000,17000
043513,台灣50元大96購05,0,0,0,0,0,0,0,0,0,17000,0,0,0,17000,0,17000,17000
00690,兆豐藍籌30      ,0,0,0,0,0,0,0,0,0,17000,0,0,0,183000,166000,17000,17000
050551,大立光凱基95購05,0,0,0,0,0,0,0,0,0,17000,0,0,0,40000,23000,17000,17000
054767,日電貿國票98購01,0,0,0,0,0,0,0,0,0,17000,0,0,0,60000,43000,17000,17000
058982,台積電凱基99購08,0,0,0,0,0,0,0,0,0,17000,0,0,0,17000,0,17000,17000
059009,世紀鋼元大99購04,0,0,0,0,0,0,0,0,0,17000,0,0,0,129000,112000,17000,17000
056843,冠德元富98購01  ,0,0,0,0,0,0,0,0,0,17000,0,0,0,17000,0,17000,17000
05583P,訊芯凱基96售01  ,0,0,0,0,0,0,0,0,0,17000,0,0,0,28000,11000,17000,17000
05849P,臺股指元大96售25,0,0,0,0,0,0,0,0,0,17000,0,0,0,20000,3000,17000,17000
058055,華擎統一9A購01  ,0,0,0,0,0,0,0,0,0,17000,0,0,0,45000,28000,17000,17000
055931,冠德群益97購02  ,0,0,0,0,0,0,0,0,0,17000,0,0,0,17000,0,17000,17000
056119,欣興群益97購02  ,0,0,0,0,0,0,0,0,0,17000,0,0,0,17000,0,17000,17000
6216,居易            ,20000,3000,17000,0,0,0,0,0,0,0,0,0,0,0,0,0,17000
6605,帝寶            ,25000,7000,18000,0,0,0,0,0,0,-1000,0,1000,-1000,0,0,0,17000
4572,駐龍            ,21000,4000,17000,0,0,0,0,0,0,0,0,0,0,0,0,0,17000
3011,今皓            ,23000,6000,17000,0,0,0,0,0,0,0,0,0,0,0,0,0,17000
3149,正達            ,59000,42000,17000,0,0,0,0,0,0,0,0,0,0,0,0,0,17000
060567,華擎富邦9C購01  ,0,0,0,0,0,0,0,0,0,16000,0,0,0,26000,10000,16000,16000
06189P,華新科永豐97售03,0,0,0,0,0,0,0,0,0,16000,0,0,0,16000,0,16000,16000
060048,元金2X凱基99購03,0,0,0,0,0,0,0,0,0,16000,0,0,0,140000,124000,16000,16000
059962,S&P正2凱基99購02,0,0,0,0,0,0,0,0,0,16000,0,0,0,35000,19000,16000,16000
059964,元金2X凱基99購02,0,0,0,0,0,0,0,0,0,16000,0,0,0,64000,48000,16000,16000
06365P,鴻海凱基97售09  ,0,0,0,0,0,0,0,0,0,16000,0,0,0,16000,0,16000,16000
06602P,國巨統一99售02  ,0,0,0,0,0,0,0,0,0,16000,0,0,0,17000,1000,16000,16000
07146P,瑞昱元大99售02  ,0,0,0,0,0,0,0,0,0,16000,0,0,0,22000,6000,16000,16000
2115,六暉-KY         ,16000,1000,15000,0,0,0,0,0,0,1000,1000,0,1000,0,0,0,16000
2028,威致            ,17000,1000,16000,0,0,0,0,0,0,0,0,0,0,0,0,0,16000
1444,力麗            ,331000,319000,12000,0,0,0,0,0,0,4000,4000,0,4000,0,0,0,16000
053527,創意中信97購01  ,0,0,0,0,0,0,0,0,0,16000,0,0,0,16000,0,16000,16000
050867,聯鈞永豐95購01  ,0,0,0,0,0,0,0,0,0,16000,0,0,0,16000,0,16000,16000
051512,超眾麥證95購01  ,0,0,0,27000,11000,16000,0,0,0,16000,0,0,0,27000,11000,16000,16000
049909,國巨元大95購01  ,0,0,0,0,0,0,0,0,0,16000,0,0,0,16000,0,16000,16000
049820,世紀鋼元大96購03,0,0,0,0,0,0,0,0,0,16000,0,0,0,140000,124000,16000,16000
048483,可成國泰95購01  ,0,0,0,0,0,0,0,0,0,16000,0,0,0,16000,0,16000,16000
047211,華新科富邦99購01,0,0,0,0,0,0,0,0,0,16000,0,0,0,16000,0,16000,16000
04878P,國巨康和94售02  ,0,0,0,0,0,0,0,0,0,16000,0,0,0,16000,0,16000,16000
052654,友達統一97購01  ,0,0,0,0,0,0,0,0,0,16000,0,0,0,16000,0,16000,16000
057553,景碩凱基98購03  ,0,0,0,0,0,0,0,0,0,16000,0,0,0,16000,0,16000,16000
054059,欣興國票97購03  ,0,0,0,0,0,0,0,0,0,16000,0,0,0,16000,0,16000,16000
05228P,大立光元富95售09,0,0,0,0,0,0,0,0,0,16000,0,0,0,21000,5000,16000,16000
056176,創意元富97購01  ,0,0,0,0,0,0,0,0,0,16000,0,0,0,31000,15000,16000,16000
056141,聯茂元大97購05  ,0,0,0,0,0,0,0,0,0,16000,0,0,0,82000,66000,16000,16000
058473,上銀凱基9A購03  ,0,0,0,0,0,0,0,0,0,16000,0,0,0,16000,0,16000,16000
058343,台積電群益99購02,0,0,0,0,0,0,0,0,0,16000,0,0,0,16000,0,16000,16000
056596,光磊元富98購01  ,0,0,0,0,0,0,0,0,0,16000,0,0,0,100000,84000,16000,16000
056940,嘉聯益元富98購01,0,0,0,0,0,0,0,0,0,16000,0,0,0,56000,40000,16000,16000
05673P,台積電群益96售05,0,0,0,0,0,0,0,0,0,16000,0,0,0,16000,0,16000,16000
055286,晶技元大98購03  ,0,0,0,0,0,0,0,0,0,16000,0,0,0,16000,0,16000,16000
056405,聯茂群益98購01  ,0,0,0,0,0,0,0,0,0,16000,0,0,0,25000,9000,16000,16000
059058,可成凱基9B購01  ,0,0,0,0,0,0,0,0,0,16000,0,0,0,48000,32000,16000,16000
058786,元黃金元大99購01,0,0,0,0,0,0,0,0,0,16000,0,0,0,16000,0,16000,16000
058835,元油2X中信9C購02,0,0,0,0,0,0,0,0,0,16000,0,0,0,21000,5000,16000,16000
059372,台灣50群益99購02,0,0,0,0,0,0,0,0,0,16000,0,0,0,27000,11000,16000,16000
059332,台灣50國票9A購07,0,0,0,0,0,0,0,0,0,16000,0,0,0,16000,0,16000,16000
059327,南茂元大99購01  ,0,0,0,0,0,0,0,0,0,16000,0,0,0,65000,49000,16000,16000
3686,達能            ,17000,1000,16000,0,0,0,0,0,0,0,0,0,0,0,0,0,16000
5283,禾聯碩          ,16000,0,16000,0,0,0,0,0,0,0,0,0,0,0,0,0,16000
6215,和椿            ,20000,6000,14000,0,0,0,0,0,0,2000,2000,0,2000,0,0,0,16000
1532,勤美            ,93000,80000,13000,0,0,0,0,0,0,2000,2000,0,2000,0,0,0,15000
1537,廣隆            ,43000,29000,14000,0,0,0,0,0,0,1000,1000,0,1000,0,0,0,15000
2029,盛餘            ,15000,0,15000,0,0,0,0,0,0,0,0,0,0,0,0,0,15000
1432,大魯閣          ,15000,0,15000,0,0,0,0,0,0,0,0,0,0,0,0,0,15000
2429,銘旺科          ,33000,18000,15000,0,0,0,0,0,0,0,0,0,0,0,0,0,15000
2706,第一店          ,16000,1000,15000,0,0,0,0,0,0,0,0,0,0,0,0,0,15000
2483,百容            ,14000,0,14000,0,0,0,0,0,0,1000,1000,0,1000,0,0,0,15000
06765P,欣興元大98售11  ,0,0,0,0,0,0,0,0,0,15000,0,0,0,43000,28000,15000,15000
06778P,台積電元大99售06,0,0,0,0,0,0,0,0,0,15000,0,0,0,15000,0,15000,15000
059997,華航元富99購01  ,0,0,0,0,0,0,0,0,0,15000,0,0,0,30000,15000,15000,15000
059874,大立光凱基99購15,0,0,0,0,0,0,0,0,0,15000,0,0,0,15000,0,15000,15000
060060,台積電兆豐99購05,0,0,0,0,0,0,0,0,0,15000,0,0,0,70000,55000,15000,15000
059571,奇力新凱基99購06,0,0,0,0,0,0,0,0,0,15000,0,0,0,17000,2000,15000,15000
059589,國巨元大9A購02  ,0,0,0,0,0,0,0,0,0,15000,0,0,0,15000,0,15000,15000
060533,臺股指中信9B購05,0,0,0,0,0,0,0,0,0,15000,0,0,0,15000,0,15000,15000
060162,碩天永豐9A購01  ,0,0,0,0,0,0,0,0,0,15000,0,0,0,30000,15000,15000,15000
053880,智邦中信96購01  ,0,0,0,0,0,0,0,0,0,15000,0,0,0,15000,0,15000,15000
052117,鴻海國票96購03  ,0,0,0,0,0,0,0,0,0,15000,0,0,0,25000,10000,15000,15000
052220,T50反1凱基98購01,0,0,0,0,0,0,0,0,0,15000,0,0,0,75000,60000,15000,15000
054177,牧德台新97購01  ,0,0,0,0,0,0,0,0,0,15000,0,0,0,15000,0,15000,15000
054145,嘉聯益元大98購01,0,0,0,0,0,0,0,0,0,15000,0,0,0,15000,0,15000,15000
054102,百和國票97購04  ,0,0,0,0,0,0,0,0,0,15000,0,0,0,15000,0,15000,15000
054268,健策第一96購01  ,0,0,0,0,0,0,0,0,0,15000,0,0,0,15000,0,15000,15000
054203,滬深2X國票96購03,0,0,0,0,0,0,0,0,0,15000,0,0,0,20000,5000,15000,15000
054522,康友元大96購07  ,0,0,0,0,0,0,0,0,0,15000,0,0,0,15000,0,15000,15000
052690,台表科元大97購01,0,0,0,0,0,0,0,0,0,15000,0,0,0,15000,0,15000,15000
053155,晶技元大97購02  ,0,0,0,0,0,0,0,0,0,15000,0,0,0,15000,0,15000,15000
051913,緯創元大96購01  ,0,0,0,0,0,0,0,0,0,15000,0,0,0,15000,0,15000,15000
051848,元金2X中信98購02,0,0,0,0,0,0,0,0,0,15000,0,0,0,15000,0,15000,15000
051903,T50反1元大97購02,0,0,0,0,0,0,0,0,0,15000,0,0,0,15000,0,15000,15000
051728,道瓊反國票97購01,0,0,0,0,0,0,0,0,0,15000,0,0,0,25000,10000,15000,15000
043961,道瓊反國泰94購01,0,0,0,0,0,0,0,0,0,15000,0,0,0,15000,0,15000,15000
048642,聯發科元大94購02,0,0,0,0,0,0,0,0,0,15000,0,0,0,15000,0,15000,15000
047630,元油反元大96購02,0,0,0,0,0,0,0,0,0,15000,0,0,0,15000,0,15000,15000
050383,超眾兆豐95購01  ,0,0,0,0,0,0,0,0,0,15000,0,0,0,15000,0,15000,15000
054821,貿聯元大9A購01  ,0,0,0,0,0,0,0,0,0,15000,0,0,0,15000,0,15000,15000
059361,玉晶光永豐99購04,0,0,0,0,0,0,0,0,0,15000,0,0,0,15000,0,15000,15000
059347,京鼎凱基99購02  ,0,0,0,0,0,0,0,0,0,15000,0,0,0,68000,53000,15000,15000
059394,臺股指凱基99購40,0,0,0,0,0,0,0,0,0,15000,0,0,0,15000,0,15000,15000
059203,勤誠永豐99購02  ,0,0,0,0,0,0,0,0,0,15000,0,0,0,75000,60000,15000,15000
056429,華通凱基98購02  ,0,0,0,0,0,0,0,0,0,15000,0,0,0,15000,0,15000,15000
059078,FBVIX元大99購06 ,0,0,0,0,0,0,0,0,0,15000,0,0,0,16000,1000,15000,15000
059002,聯發科元大99購18,0,0,0,0,0,0,0,0,0,15000,0,0,0,265000,250000,15000,15000
056736,國巨凱基99購03  ,0,0,0,0,0,0,0,0,0,15000,0,0,0,40000,25000,15000,15000
056600,聯茂元富98購01  ,0,0,0,0,0,0,0,0,0,15000,0,0,0,25000,10000,15000,15000
056292,統一元大97購01  ,0,0,0,0,0,0,0,0,0,15000,0,0,0,15000,0,15000,15000
05846P,大立光元大96售07,0,0,0,0,0,0,0,0,0,15000,0,0,0,15000,0,15000,15000
058568,宏達電凱基9A購02,0,0,0,0,0,0,0,0,0,15000,0,0,0,35000,20000,15000,15000
058636,亞光兆豐9A購01  ,0,0,0,0,0,0,0,0,0,15000,0,0,0,15000,0,15000,15000
057890,滬深反統一98購01,0,0,0,0,0,0,0,0,0,15000,0,0,0,15000,0,15000,15000
057093,臻鼎元富98購02  ,0,0,0,0,0,0,0,0,0,15000,0,0,0,15000,0,15000,15000
8473,山林水          ,26000,11000,15000,0,0,0,0,0,0,0,0,0,0,0,0,0,15000
2923,鼎固-KY         ,16000,1000,15000,0,0,0,0,0,0,0,0,0,0,0,0,0,15000
060534,友達麥證9A購01  ,0,0,0,26000,12000,14000,0,0,0,14000,0,0,0,26000,12000,14000,14000
060572,景碩永豐9A購01  ,0,0,0,0,0,0,0,0,0,14000,0,0,0,159000,145000,14000,14000
060122,亞德客永豐99購02,0,0,0,0,0,0,0,0,0,14000,0,0,0,72000,58000,14000,14000
06903P,技嘉凱基98售04  ,0,0,0,0,0,0,0,0,0,14000,0,0,0,14000,0,14000,14000
07057P,大立光康和9B售02,0,0,0,0,0,0,0,0,0,14000,0,0,0,15000,1000,14000,14000
06296P,燿華元大98售01  ,0,0,0,0,0,0,0,0,0,14000,0,0,0,25000,11000,14000,14000
07423P,大立光元大99售33,0,0,0,0,0,0,0,0,0,14000,0,0,0,15000,1000,14000,14000
2466,冠西電          ,14000,0,14000,0,0,0,0,0,0,0,0,0,0,0,0,0,14000
2497,怡利電          ,14000,1000,13000,0,0,0,0,0,0,1000,1000,0,1000,0,0,0,14000
1612,宏泰            ,68000,55000,13000,0,0,0,0,0,0,1000,1000,0,1000,0,0,0,14000
051066,台積電國票96購02,0,0,0,0,0,0,0,0,0,14000,0,0,0,14000,0,14000,14000
053415,聯茂國票97購01  ,0,0,0,0,0,0,0,0,0,14000,0,0,0,14000,0,14000,14000
03022X,富展01          ,0,0,0,0,0,0,0,0,0,14000,0,0,0,15000,1000,14000,14000
051683,A50正2凱基97購01,0,0,0,0,0,0,0,0,0,14000,0,0,0,14000,0,14000,14000
054336,台積電統一96購11,0,0,0,0,0,0,0,0,0,14000,0,0,0,14000,0,14000,14000
05430P,台積電統一95售07,0,0,0,0,0,0,0,0,0,14000,0,0,0,24000,10000,14000,14000
054951,大毅元大97購01  ,0,0,0,0,0,0,0,0,0,14000,0,0,0,40000,26000,14000,14000
054069,亞光國泰98購01  ,0,0,0,0,0,0,0,0,0,14000,0,0,0,14000,0,14000,14000
054021,義隆台新96購01  ,0,0,0,0,0,0,0,0,0,14000,0,0,0,23000,9000,14000,14000
054628,可成凱基98購01  ,0,0,0,0,0,0,0,0,0,14000,0,0,0,14000,0,14000,14000
05379P,可成凱基95售11  ,0,0,0,0,0,0,0,0,0,14000,0,0,0,14000,0,14000,14000
052273,新光金群益95購02,0,0,0,0,0,0,0,0,0,14000,0,0,0,14000,0,14000,14000
053644,台表科國票97購03,0,0,0,0,0,0,0,0,0,14000,0,0,0,14000,0,14000,14000
057085,立積統一9B購02  ,0,0,0,0,0,0,0,0,0,14000,0,0,0,16000,2000,14000,14000
058223,世芯統一9B購01  ,0,0,0,0,0,0,0,0,0,14000,0,0,0,14000,0,14000,14000
058372,欣興凱基99購03  ,0,0,0,0,0,0,0,0,0,14000,0,0,0,50000,36000,14000,14000
058036,南電永豐98購01  ,0,0,0,0,0,0,0,0,0,14000,0,0,0,15000,1000,14000,14000
055803,鎧勝永豐97購01  ,0,0,0,0,0,0,0,0,0,14000,0,0,0,74000,60000,14000,14000
056771,嘉晶元大99購01  ,0,0,0,0,0,0,0,0,0,14000,0,0,0,38000,24000,14000,14000
2906,高林            ,13000,0,13000,0,0,0,0,0,0,1000,1000,0,1000,0,0,0,14000
3229,晟鈦            ,14000,0,14000,0,0,0,0,0,0,0,0,0,0,0,0,0,14000
3528,安馳            ,9000,1000,8000,0,0,0,0,0,0,6000,6000,0,6000,0,0,0,14000
3550,聯穎            ,13000,0,13000,0,0,0,0,0,0,1000,1000,0,1000,0,0,0,14000
8367,建新國際        ,14000,0,14000,0,0,0,0,0,0,0,0,0,0,0,0,0,14000
8201,無敵            ,18000,5000,13000,0,0,0,0,0,0,1000,1000,0,1000,0,0,0,14000
6579,研揚            ,14000,0,14000,0,0,0,0,0,0,0,0,0,0,0,0,0,14000
9942,茂順            ,23000,3000,20000,0,0,0,0,0,0,-6000,0,6000,-6000,0,0,0,14000
1539,巨庭            ,13000,1000,12000,0,0,0,0,0,0,1000,1000,0,1000,0,0,0,13000
1731,美吾華          ,159000,146000,13000,0,0,0,0,0,0,0,0,0,0,0,0,0,13000
1423,利華            ,13000,0,13000,0,0,0,0,0,0,0,0,0,0,0,0,0,13000
1443,立益            ,13000,0,13000,0,0,0,0,0,0,0,0,0,0,0,0,0,13000
2611,志信            ,14000,1000,13000,0,0,0,0,0,0,0,0,0,0,0,0,0,13000
2528,皇普            ,18000,3000,15000,0,0,0,0,0,0,-2000,0,2000,-2000,0,0,0,13000
07388P,臺股指群益9C售07,0,0,0,0,0,0,0,0,0,13000,0,0,0,16000,3000,13000,13000
07198P,臺股指元大99售14,0,0,0,0,0,0,0,0,0,13000,0,0,0,20000,7000,13000,13000
07194P,聯發科元大99售25,0,0,0,0,0,0,0,0,0,13000,0,0,0,13000,0,13000,13000
06604P,聯發科元富02售02,0,0,0,0,0,0,0,0,0,13000,0,0,0,13000,0,13000,13000
06748P,智邦台新98售02  ,0,0,0,0,0,0,0,0,0,13000,0,0,0,18000,5000,13000,13000
059978,國巨元大99購29  ,0,0,0,0,0,0,0,0,0,13000,0,0,0,90000,77000,13000,13000
059984,華新科元大99購21,0,0,0,0,0,0,0,0,0,13000,0,0,0,20000,7000,13000,13000
059517,茂林永豐99購02  ,0,0,0,0,0,0,0,0,0,13000,0,0,0,100000,87000,13000,13000
059725,聯發科元大99購31,0,0,0,0,0,0,0,0,0,13000,0,0,0,14000,1000,13000,13000
060575,大立光中信9B購02,0,0,0,0,0,0,0,0,0,13000,0,0,0,133000,120000,13000,13000
06214P,國巨國票98售04  ,0,0,0,0,0,0,0,0,0,13000,0,0,0,16000,3000,13000,13000
054212,聯詠國票97購03  ,0,0,0,0,0,0,0,0,0,13000,0,0,0,81000,68000,13000,13000
054217,台表科國票97購05,0,0,0,0,0,0,0,0,0,13000,0,0,0,25000,12000,13000,13000
052676,聯發科永昌98購01,0,0,0,0,0,0,0,0,0,13000,0,0,0,13000,0,13000,13000
052936,華通兆豐98購01  ,0,0,0,0,0,0,0,0,0,13000,0,0,0,23000,10000,13000,13000
048754,瀚宇博元富97購01,0,0,0,0,0,0,0,0,0,13000,0,0,0,185000,172000,13000,13000
00685L,群益臺灣加權正2 ,0,0,0,0,0,0,0,0,0,13000,0,0,0,14000,1000,13000,13000
03619C,臺股指元大95牛02,0,0,0,0,0,0,0,0,0,13000,0,0,0,59000,46000,13000,13000
050870,旭富永豐95購01  ,0,0,0,0,0,0,0,0,0,13000,0,0,0,17000,4000,13000,13000
051281,健策兆豐96購01  ,0,0,0,0,0,0,0,0,0,13000,0,0,0,50000,37000,13000,13000
055349,京元電凱基97購02,0,0,0,0,0,0,0,0,0,13000,0,0,0,64000,51000,13000,13000
055409,元黃金富邦01購01,0,0,0,0,0,0,0,0,0,13000,0,0,0,13000,0,13000,13000
058767,亞德客兆豐99購01,0,0,0,0,0,0,0,0,0,13000,0,0,0,13000,0,13000,13000
058644,元黃金富邦03購01,0,0,0,0,0,0,0,0,0,13000,0,0,0,13000,0,13000,13000
3257,虹冠電          ,18000,5000,13000,0,0,0,0,0,0,0,0,0,0,0,0,0,13000
06154P,超眾元大98售01  ,0,0,0,0,0,0,0,0,0,12000,0,0,0,12000,0,12000,12000
060245,聯陽元大9C購01  ,0,0,0,0,0,0,0,0,0,12000,0,0,0,142000,130000,12000,12000
060331,台積電麥證9A購01,0,0,0,12000,0,12000,0,0,0,12000,0,0,0,12000,0,12000,12000
060341,國巨統一9C購02  ,0,0,0,0,0,0,0,0,0,12000,0,0,0,22000,10000,12000,12000
059622,上銀凱基99購10  ,0,0,0,0,0,0,0,0,0,12000,0,0,0,20000,8000,12000,12000
06893P,致新元富98售02  ,0,0,0,0,0,0,0,0,0,12000,0,0,0,12000,0,12000,12000
06665P,欣興兆豐99售01  ,0,0,0,0,0,0,0,0,0,12000,0,0,0,12000,0,12000,12000
06650P,聯發科元大98售09,0,0,0,0,0,0,0,0,0,12000,0,0,0,12000,0,12000,12000
06295P,國巨元大97售14  ,0,0,0,0,0,0,0,0,0,12000,0,0,0,12000,0,12000,12000
06444P,大立光凱基98售08,0,0,0,0,0,0,0,0,0,12000,0,0,0,12000,0,12000,12000
07190P,臺股指富邦9C售02,0,0,0,0,0,0,0,0,0,12000,0,0,0,12000,0,12000,12000
07428P,華新科國票9A售01,0,0,0,0,0,0,0,0,0,12000,0,0,0,14000,2000,12000,12000
2468,華經            ,16000,4000,12000,0,0,0,0,0,0,0,0,0,0,0,0,0,12000
2849,安泰銀          ,12000,0,12000,0,0,0,0,0,0,0,0,0,0,0,0,0,12000
1442,名軒            ,39000,27000,12000,0,0,0,0,0,0,0,0,0,0,0,0,0,12000
1727,中華化          ,12000,0,12000,0,0,0,0,0,0,0,0,0,0,0,0,0,12000
1721,三晃            ,21000,9000,12000,0,0,0,0,0,0,0,0,0,0,0,0,0,12000
1615,大山            ,14000,0,14000,0,0,0,0,0,0,-2000,1000,3000,-2000,0,0,0,12000
1463,強盛            ,22000,10000,12000,0,0,0,0,0,0,0,0,0,0,0,0,0,12000
051254,健策元大96購04  ,0,0,0,0,0,0,0,0,0,12000,0,0,0,12000,0,12000,12000
051087,國巨元大97購01  ,0,0,0,0,0,0,0,0,0,12000,0,0,0,12000,0,12000,12000
03647C,T50反1元富99牛02,0,0,0,0,0,0,0,0,0,12000,0,0,0,36000,24000,12000,12000
03675C,臺股指元大04牛02,0,0,0,0,0,0,0,0,0,12000,0,0,0,12000,0,12000,12000
03671P,大立光凱基95售02,0,0,0,0,0,0,0,0,0,12000,0,0,0,12000,0,12000,12000
00645,富邦日本        ,0,0,0,0,0,0,0,0,0,12000,0,0,0,81000,69000,12000,12000
0055,元大MSCI金融    ,0,0,0,0,0,0,0,0,0,12000,0,0,0,14000,2000,12000,12000
00700,富邦恒生國企    ,0,0,0,0,0,0,0,0,0,12000,0,0,0,112000,100000,12000,12000
051834,南電元大96購02  ,0,0,0,0,0,0,0,0,0,12000,0,0,0,12000,0,12000,12000
04604P,華新科國票95售01,0,0,0,0,0,0,0,0,0,12000,0,0,0,32000,20000,12000,12000
046298,聯發科富邦94購01,0,0,0,0,0,0,0,0,0,12000,0,0,0,12000,0,12000,12000
053036,聯電凱基98購01  ,0,0,0,0,0,0,0,0,0,12000,0,0,0,12000,0,12000,12000
057433,上銀國票98購04  ,0,0,0,0,0,0,0,0,0,12000,0,0,0,28000,16000,12000,12000
054917,聯發科凱基98購05,0,0,0,0,0,0,0,0,0,12000,0,0,0,20000,8000,12000,12000
053978,創意元大96購05  ,0,0,0,0,0,0,0,0,0,12000,0,0,0,12000,0,12000,12000
058578,聯發科群益99購03,0,0,0,0,0,0,0,0,0,12000,0,0,0,21000,9000,12000,12000
058295,欣興凱基99購02  ,0,0,0,0,0,0,0,0,0,12000,0,0,0,168000,156000,12000,12000
055603,超眾元大97購04  ,0,0,0,0,0,0,0,0,0,12000,0,0,0,25000,13000,12000,12000
056462,訊芯凱基98購03  ,0,0,0,0,0,0,0,0,0,12000,0,0,0,12000,0,12000,12000
05889P,群創元大98售02  ,0,0,0,0,0,0,0,0,0,12000,0,0,0,17000,5000,12000,12000
059000,台積電元大99購25,0,0,0,0,0,0,0,0,0,12000,0,0,0,12000,0,12000,12000
059113,群光永豐99購01  ,0,0,0,0,0,0,0,0,0,12000,0,0,0,12000,0,12000,12000
059115,美食永豐99購01  ,0,0,0,0,0,0,0,0,0,12000,0,0,0,12000,0,12000,12000
059191,茂林富邦9B購01  ,0,0,0,0,0,0,0,0,0,12000,0,0,0,15000,3000,12000,12000
059194,元金2X永豐99購01,0,0,0,0,0,0,0,0,0,12000,0,0,0,12000,0,12000,12000
055381,茂林元大97購02  ,0,0,0,0,0,0,0,0,0,12000,0,0,0,51000,39000,12000,12000
055761,創意群益97購01  ,0,0,0,0,0,0,0,0,0,12000,0,0,0,12000,0,12000,12000
056749,滬深2X兆豐99購01,0,0,0,0,0,0,0,0,0,12000,0,0,0,22000,10000,12000,12000
056906,玉晶光元大9B購01,0,0,0,0,0,0,0,0,0,12000,0,0,0,12000,0,12000,12000
055337,超眾兆豐98購01  ,0,0,0,0,0,0,0,0,0,12000,0,0,0,12000,0,12000,12000
3591,艾笛森          ,14000,5000,9000,0,0,0,0,0,0,3000,3000,0,3000,0,0,0,12000
3002,歐格            ,11000,0,11000,0,0,0,0,0,0,1000,1000,0,1000,0,0,0,12000
4144,康聯-KY         ,14000,2000,12000,0,0,0,0,0,0,0,0,0,0,0,0,0,12000
9937,全國            ,12000,0,12000,0,0,0,0,0,0,0,0,0,0,0,0,0,12000
8222,寶一            ,11000,0,11000,0,0,0,0,0,0,1000,1000,0,1000,0,0,0,12000
1616,億泰            ,11000,0,11000,0,0,0,0,0,0,0,0,0,0,0,0,0,11000
1529,樂士            ,11000,0,11000,0,0,0,0,0,0,0,0,0,0,0,0,0,11000
1530,亞崴            ,11000,0,11000,0,0,0,0,0,0,0,0,0,0,0,0,0,11000
1413,宏洲            ,11000,0,11000,0,0,0,0,0,0,0,0,0,0,0,0,0,11000
1232,大統益          ,16000,5000,11000,0,0,0,0,0,0,0,1000,1000,0,0,0,0,11000
2701,萬企            ,11000,0,11000,0,0,0,0,0,0,0,0,0,0,0,0,0,11000
2465,麗臺            ,11000,0,11000,0,0,0,0,0,0,0,0,0,0,0,0,0,11000
07424P,大立光元大9B售01,0,0,0,0,0,0,0,0,0,11000,0,0,0,42000,31000,11000,11000
07422P,大立光元大99售32,0,0,0,0,0,0,0,0,0,11000,0,0,0,12000,1000,11000,11000
07470P,國巨元大9A售06  ,0,0,0,0,0,0,0,0,0,11000,0,0,0,129000,118000,11000,11000
06421P,嘉澤統一97售02  ,0,0,0,0,0,0,0,0,0,11000,0,0,0,11000,0,11000,11000
06301P,臺股指元大97售04,0,0,0,0,0,0,0,0,0,11000,0,0,0,11000,0,11000,11000
06686P,麗豐永豐98售02  ,0,0,0,0,0,0,0,0,0,11000,0,0,0,11000,0,11000,11000
059664,立積元大9C購01  ,0,0,0,0,0,0,0,0,0,11000,0,0,0,13000,2000,11000,11000
059569,旺宏凱基99購09  ,0,0,0,0,0,0,0,0,0,11000,0,0,0,11000,0,11000,11000
06134P,緯穎元富97售03  ,0,0,0,0,0,0,0,0,0,11000,0,0,0,11000,0,11000,11000
060517,臺股指元大9B購14,0,0,0,0,0,0,0,0,0,11000,0,0,0,11000,0,11000,11000
054896,聯茂日盛97購01  ,0,0,0,0,0,0,0,0,0,11000,0,0,0,153000,142000,11000,11000
055027,牧德國泰99購01  ,0,0,0,0,0,0,0,0,0,11000,0,0,0,11000,0,11000,11000
05741P,聯發科元大96售14,0,0,0,0,0,0,0,0,0,11000,0,0,0,11000,0,11000,11000
05180P,玉晶光凱基95售04,0,0,0,0,0,0,0,0,0,11000,0,0,0,11000,0,11000,11000
051829,玉晶光元大98購02,0,0,0,0,0,0,0,0,0,11000,0,0,0,12000,1000,11000,11000
00728,第一金工業30    ,0,0,0,0,0,0,0,0,0,11000,0,0,0,441000,430000,11000,11000
00742,新光內需收益    ,0,0,0,0,0,0,0,0,0,11000,0,0,0,122000,111000,11000,11000
00733,富邦臺灣中小    ,0,0,0,0,0,0,0,0,0,11000,0,0,0,211000,200000,11000,11000
053353,玉晶光兆豐97購03,0,0,0,0,0,0,0,0,0,11000,0,0,0,21000,10000,11000,11000
050774,健策元大96購02  ,0,0,0,0,0,0,0,0,0,11000,0,0,0,11000,0,11000,11000
050780,台表科元大96購01,0,0,0,0,0,0,0,0,0,11000,0,0,0,11000,0,11000,11000
04966P,台表科元大94售04,0,0,0,0,0,0,0,0,0,11000,0,0,0,11000,0,11000,11000
051371,超眾富邦95購01  ,0,0,0,0,0,0,0,0,0,11000,0,0,0,21000,10000,11000,11000
05140P,台表科國票96售01,0,0,0,0,0,0,0,0,0,11000,0,0,0,12000,1000,11000,11000
055369,友訊元大97購01  ,0,0,0,0,0,0,0,0,0,11000,0,0,0,11000,0,11000,11000
056272,嘉澤統一99購01  ,0,0,0,0,0,0,0,0,0,11000,0,0,0,11000,0,11000,11000
059346,新日興凱基99購03,0,0,0,0,0,0,0,0,0,11000,0,0,0,11000,0,11000,11000
059132,臺股指群益99購07,0,0,0,0,0,0,0,0,0,11000,0,0,0,26000,15000,11000,11000
059084,鴻海元大99購24  ,0,0,0,0,0,0,0,0,0,11000,0,0,0,11000,0,11000,11000
058989,茂林凱基99購02  ,0,0,0,0,0,0,0,0,0,11000,0,0,0,55000,44000,11000,11000
058901,美律元大99購07  ,0,0,0,0,0,0,0,0,0,11000,0,0,0,209000,198000,11000,11000
058531,華通元富99購01  ,0,0,0,0,0,0,0,0,0,11000,0,0,0,20000,9000,11000,11000
056069,新日興元大97購03,0,0,0,0,0,0,0,0,0,11000,0,0,0,11000,0,11000,11000
057111,立積群益98購02  ,0,0,0,0,0,0,0,0,0,11000,0,0,0,11000,0,11000,11000
056992,祥碩兆豐98購01  ,0,0,0,0,0,0,0,0,0,11000,0,0,0,11000,0,11000,11000
8466,美吉吉-KY       ,11000,0,11000,0,0,0,0,0,0,0,0,0,0,0,0,0,11000
6715,嘉基            ,37000,26000,11000,0,0,0,0,0,0,0,0,0,0,0,0,0,11000
6202,盛群            ,163000,110000,53000,0,0,0,0,0,0,-42000,4000,0,4000,0,46000,-46000,11000
6172,互億            ,44000,33000,11000,0,0,0,0,0,0,0,0,0,0,0,0,0,11000
5284,jpp-KY          ,11000,0,11000,0,0,0,0,0,0,0,0,0,0,0,0,0,11000
3021,鴻名            ,14000,0,14000,0,0,0,0,0,0,-3000,1000,4000,-3000,0,0,0,11000
3030,德律            ,128000,111000,17000,0,0,0,0,0,0,-6000,1000,7000,-6000,0,0,0,11000
3025,星通            ,17000,6000,11000,0,0,0,0,0,0,0,0,0,0,0,0,0,11000
3532,台勝科          ,107000,76000,31000,0,0,0,0,0,0,-20000,4000,0,4000,16000,40000,-24000,11000
3494,誠研            ,14000,3000,11000,0,0,0,0,0,0,0,0,0,0,0,0,0,11000
3501,維熹            ,23000,12000,11000,0,0,0,0,0,0,0,0,0,0,0,0,0,11000
3296,勝德            ,10000,0,10000,0,0,0,0,0,0,1000,1000,0,1000,0,0,0,11000
3164,景岳            ,12000,2000,10000,0,0,0,0,0,0,1000,1000,0,1000,0,0,0,11000
060513,緯穎元大9B購01  ,0,0,0,0,0,0,0,0,0,10000,0,0,0,11000,1000,10000,10000
06050P,玉晶光國票98售01,0,0,0,0,0,0,0,0,0,10000,0,0,0,15000,5000,10000,10000
06060P,玉晶光元大97售03,0,0,0,0,0,0,0,0,0,10000,0,0,0,10000,0,10000,10000
06129P,玉晶光元富97售06,0,0,0,0,0,0,0,0,0,10000,0,0,0,10000,0,10000,10000
06152P,玉晶光元大98售06,0,0,0,0,0,0,0,0,0,10000,0,0,0,10000,0,10000,10000
06078P,臺股指凱基9A售01,0,0,0,0,0,0,0,0,0,10000,0,0,0,10000,0,10000,10000
060343,台積電統一9C購02,0,0,0,0,0,0,0,0,0,10000,0,0,0,11000,1000,10000,10000
060401,世紀鋼國票9B購01,0,0,0,0,0,0,0,0,0,10000,0,0,0,10000,0,10000,10000
060371,A50正2元富01購01,0,0,0,0,0,0,0,0,0,10000,0,0,0,10000,0,10000,10000
060450,南亞元大9A購02  ,0,0,0,0,0,0,0,0,0,10000,0,0,0,34000,24000,10000,10000
059548,台積電群益99購10,0,0,0,0,0,0,0,0,0,10000,0,0,0,10000,0,10000,10000
059501,可成元富99購01  ,0,0,0,0,0,0,0,0,0,10000,0,0,0,72000,62000,10000,10000
059494,國巨國票9C購01  ,0,0,0,0,0,0,0,0,0,10000,0,0,0,15000,5000,10000,10000
05964P,華通凱基96售06  ,0,0,0,0,0,0,0,0,0,10000,0,0,0,10000,0,10000,10000
059644,茂林凱基99購03  ,0,0,0,0,0,0,0,0,0,10000,0,0,0,10000,0,10000,10000
059625,國巨凱基99購17  ,0,0,0,0,0,0,0,0,0,10000,0,0,0,10000,0,10000,10000
059903,S&P正2元大99購02,0,0,0,0,0,0,0,0,0,10000,0,0,0,10000,0,10000,10000
059915,聯發科元大99購32,0,0,0,0,0,0,0,0,0,10000,0,0,0,189000,179000,10000,10000
06007P,世芯永豐96售01  ,0,0,0,0,0,0,0,0,0,10000,0,0,0,30000,20000,10000,10000
06005P,晶豪科永豐96售04,0,0,0,0,0,0,0,0,0,10000,0,0,0,10000,0,10000,10000
060067,T50反1元富99購11,0,0,0,0,0,0,0,0,0,10000,0,0,0,10000,0,10000,10000
06567P,鴻海永豐98售02  ,0,0,0,0,0,0,0,0,0,10000,0,0,0,10000,0,10000,10000
06407P,創意元富97售02  ,0,0,0,0,0,0,0,0,0,10000,0,0,0,10000,0,10000,10000
06480P,上銀凱基98售04  ,0,0,0,0,0,0,0,0,0,10000,0,0,0,10000,0,10000,10000
07076P,鴻海凱基9A售08  ,0,0,0,0,0,0,0,0,0,10000,0,0,0,10000,0,10000,10000
07082P,美律元大99售06  ,0,0,0,0,0,0,0,0,0,10000,0,0,0,10000,0,10000,10000
07020P,玉晶光台新99售02,0,0,0,0,0,0,0,0,0,10000,0,0,0,10000,0,10000,10000
06990P,康友元富99售03  ,0,0,0,0,0,0,0,0,0,10000,0,0,0,10000,0,10000,10000
06931P,大立光元大98售20,0,0,0,0,0,0,0,0,0,10000,0,0,0,10000,0,10000,10000
07456P,華新科元大9A售06,0,0,0,0,0,0,0,0,0,10000,0,0,0,15000,5000,10000,10000
07403P,聯發科凱基99售21,0,0,0,0,0,0,0,0,0,10000,0,0,0,15000,5000,10000,10000
07357P,鴻海元大99售38  ,0,0,0,0,0,0,0,0,0,10000,0,0,0,12000,2000,10000,10000
07193P,聯發科元大99售24,0,0,0,0,0,0,0,0,0,10000,0,0,0,30000,20000,10000,10000
07110P,台灣50群益9B售03,0,0,0,0,0,0,0,0,0,10000,0,0,0,10000,0,10000,10000
07113P,台積電兆豐99售03,0,0,0,0,0,0,0,0,0,10000,0,0,0,10000,0,10000,10000
07118P,台積電凱基99售09,0,0,0,0,0,0,0,0,0,10000,0,0,0,10000,0,10000,10000
07274P,上証2X群益01售01,0,0,0,0,0,0,0,0,0,10000,0,0,0,10000,0,10000,10000
07248P,可成凱基99售06  ,0,0,0,0,0,0,0,0,0,10000,0,0,0,10000,0,10000,10000
07268P,臺股指元大99售24,0,0,0,0,0,0,0,0,0,10000,0,0,0,10000,0,10000,10000
2597,潤弘            ,11000,2000,9000,0,0,0,0,0,0,1000,1000,0,1000,0,0,0,10000
2613,中櫃            ,13000,0,13000,0,0,0,0,0,0,-3000,0,3000,-3000,0,0,0,10000
2397,友通            ,32000,10000,22000,0,0,0,0,0,0,-12000,0,0,0,0,12000,-12000,10000
2062,橋椿            ,40000,31000,9000,0,0,0,0,0,0,1000,1000,0,1000,0,0,0,10000
051417,揚明光國票96購01,0,0,0,0,0,0,0,0,0,10000,0,0,0,10000,0,10000,10000
051484,玉晶光凱基97購01,0,0,0,0,0,0,0,0,0,10000,0,0,0,10000,0,10000,10000
051476,聯發科凱基95購09,0,0,0,0,0,0,0,0,0,10000,0,0,0,10000,0,10000,10000
050313,大立光兆豐94購05,0,0,0,0,0,0,0,0,0,10000,0,0,0,10000,0,10000,10000
050900,台郡元大95購02  ,0,0,0,0,0,0,0,0,0,10000,0,0,0,10000,0,10000,10000
050905,臺股指元大95購12,0,0,0,0,0,0,0,0,0,10000,0,0,0,10000,0,10000,10000
051062,超眾群益95購02  ,0,0,0,0,0,0,0,0,0,10000,0,0,0,10000,0,10000,10000
049625,智易群益95購01  ,0,0,0,0,0,0,0,0,0,10000,0,0,0,10000,0,10000,10000
049490,京元電元大95購02,0,0,0,0,0,0,0,0,0,10000,0,0,0,10000,0,10000,10000
049602,南電元大95購01  ,0,0,0,0,0,0,0,0,0,10000,0,0,0,10000,0,10000,10000
049854,超眾群益94購02  ,0,0,0,0,0,0,0,0,0,10000,0,0,0,10000,0,10000,10000
049893,日月光富邦98購01,0,0,0,0,0,0,0,0,0,10000,0,0,0,10000,0,10000,10000
049803,華新科元大95購07,0,0,0,0,0,0,0,0,0,10000,0,0,0,10000,0,10000,10000
04991P,台表科元大94售05,0,0,0,0,0,0,0,0,0,10000,0,0,0,10000,0,10000,10000
050613,台光電元大94購09,0,0,0,0,0,0,0,0,0,10000,0,0,0,10000,0,10000,10000
050809,鴻海凱基95購08  ,0,0,0,0,0,0,0,0,0,10000,0,0,0,10000,0,10000,10000
050818,華新科凱基95購02,0,0,0,0,0,0,0,0,0,10000,0,0,0,10000,0,10000,10000
050662,智易元大96購01  ,0,0,0,0,0,0,0,0,0,10000,0,0,0,10000,0,10000,10000
050667,國巨永豐94購06  ,0,0,0,0,0,0,0,0,0,10000,0,0,0,10000,0,10000,10000
050680,上銀元富94購01  ,0,0,0,0,0,0,0,0,0,10000,0,0,0,10000,0,10000,10000
051268,創意富邦97購01  ,0,0,0,0,0,0,0,0,0,10000,0,0,0,10000,0,10000,10000
054702,智邦第一97購01  ,0,0,0,0,0,0,0,0,0,10000,0,0,0,10000,0,10000,10000
053306,晶技凱基97購01  ,0,0,0,0,0,0,0,0,0,10000,0,0,0,10000,0,10000,10000
053226,國巨台新97購02  ,0,0,0,0,0,0,0,0,0,10000,0,0,0,17000,7000,10000,10000
051068,台積電國票97購01,0,0,0,0,0,0,0,0,0,10000,0,0,0,10000,0,10000,10000
050254,大立光富邦96購02,0,0,0,0,0,0,0,0,0,10000,0,0,0,35000,25000,10000,10000
052052,嘉澤凱基95購02  ,0,0,0,0,0,0,0,0,0,10000,0,0,0,20000,10000,10000,10000
051991,泰碩元大95購02  ,0,0,0,0,0,0,0,0,0,10000,0,0,0,50000,40000,10000,10000
052066,華邦電兆豐96購01,0,0,0,0,0,0,0,0,0,10000,0,0,0,20000,10000,10000,10000
052077,可成元富98購02  ,0,0,0,0,0,0,0,0,0,10000,0,0,0,20000,10000,10000,10000
00681R,元大美債20反1   ,0,0,0,0,0,0,0,0,0,10000,0,0,0,18000,8000,10000,10000
03935P,可成富邦95售01  ,0,0,0,0,0,0,0,0,0,10000,0,0,0,10000,0,10000,10000
03676C,臺股指元大04牛03,0,0,0,0,0,0,0,0,0,10000,0,0,0,10000,0,10000,10000
03649C,T50反1凱基99牛05,0,0,0,0,0,0,0,0,0,10000,0,0,0,10000,0,10000,10000
048590,貿聯兆豐94購02  ,0,0,0,0,0,0,0,0,0,10000,0,0,0,10000,0,10000,10000
048249,嘉澤兆豐94購01  ,0,0,0,0,0,0,0,0,0,10000,0,0,0,10000,0,10000,10000
04783P,貿聯元富94售01  ,0,0,0,0,0,0,0,0,0,10000,0,0,0,10000,0,10000,10000
048187,臺指反元大96購04,0,0,0,0,0,0,0,0,0,10000,0,0,0,10000,0,10000,10000
048059,欣興國泰95購01  ,0,0,0,0,0,0,0,0,0,10000,0,0,0,10000,0,10000,10000
051822,和碩元富95購01  ,0,0,0,0,0,0,0,0,0,10000,0,0,0,10000,0,10000,10000
051784,國巨兆豐95購01  ,0,0,0,0,0,0,0,0,0,10000,0,0,0,20000,10000,10000,10000
051866,聯發科凱基96購05,0,0,0,0,0,0,0,0,0,10000,0,0,0,10000,0,10000,10000
051895,聯茂元富95購02  ,0,0,0,0,0,0,0,0,0,10000,0,0,0,60000,50000,10000,10000
051729,華新國票96購01  ,0,0,0,0,0,0,0,0,0,10000,0,0,0,10000,0,10000,10000
051917,瑞儀元大95購01  ,0,0,0,0,0,0,0,0,0,10000,0,0,0,10000,0,10000,10000
04932P,香港2X中信96售01,0,0,0,0,0,0,0,0,0,10000,0,0,0,10000,0,10000,10000
049141,旺宏元大95購01  ,0,0,0,0,0,0,0,0,0,10000,0,0,0,10000,0,10000,10000
04553P,S&P正2中信95售01,0,0,0,0,0,0,0,0,0,10000,0,0,0,10000,0,10000,10000
047063,漢唐凱基95購01  ,0,0,0,0,0,0,0,0,0,10000,0,0,0,10000,0,10000,10000
047102,潤泰全富邦95購01,0,0,0,0,0,0,0,0,0,10000,0,0,0,10000,0,10000,10000
051601,群創兆豐95購02  ,0,0,0,0,0,0,0,0,0,10000,0,0,0,10000,0,10000,10000
051582,聯發科元大97購02,0,0,0,0,0,0,0,0,0,10000,0,0,0,10000,0,10000,10000
051618,智邦凱基95購06  ,0,0,0,0,0,0,0,0,0,10000,0,0,0,10000,0,10000,10000
04744P,臻鼎元富94售04  ,0,0,0,0,0,0,0,0,0,10000,0,0,0,10000,0,10000,10000
045795,瀚宇博兆豐94購01,0,0,0,0,0,0,0,0,0,10000,0,0,0,10000,0,10000,10000
045106,玉晶光群益95購01,0,0,0,0,0,0,0,0,0,10000,0,0,0,10000,0,10000,10000
04391P,玉晶光凱基95售03,0,0,0,0,0,0,0,0,0,10000,0,0,0,10000,0,10000,10000
043642,元金2X國票97購01,0,0,0,0,0,0,0,0,0,10000,0,0,0,10000,0,10000,10000
041527,T50反1中信96購01,0,0,0,0,0,0,0,0,0,10000,0,0,0,10000,0,10000,10000
042558,瑞昱中信94購01  ,0,0,0,0,0,0,0,0,0,10000,0,0,0,10000,0,10000,10000
042692,台灣50凱基96購09,0,0,0,0,0,0,0,0,0,10000,0,0,0,10000,0,10000,10000
057828,緯穎元大99購02  ,0,0,0,0,0,0,0,0,0,10000,0,0,0,12000,2000,10000,10000
057825,和碩元大98購02  ,0,0,0,0,0,0,0,0,0,10000,0,0,0,10000,0,10000,10000
057335,技嘉國票99購01  ,0,0,0,0,0,0,0,0,0,10000,0,0,0,10000,0,10000,10000
057337,聯發科國票99購02,0,0,0,0,0,0,0,0,0,10000,0,0,0,10000,0,10000,10000
057755,鴻海日盛98購01  ,0,0,0,0,0,0,0,0,0,10000,0,0,0,10000,0,10000,10000
057727,華邦電國泰9A購01,0,0,0,0,0,0,0,0,0,10000,0,0,0,10000,0,10000,10000
057719,欣興元富02購01  ,0,0,0,0,0,0,0,0,0,10000,0,0,0,10000,0,10000,10000
05297P,臻鼎凱基95售04  ,0,0,0,0,0,0,0,0,0,10000,0,0,0,20000,10000,10000,10000
052450,嘉澤元大95購03  ,0,0,0,0,0,0,0,0,0,10000,0,0,0,10000,0,10000,10000
05288P,寶成元富95售02  ,0,0,0,0,0,0,0,0,0,10000,0,0,0,10000,0,10000,10000
052839,上海銀國泰97購01,0,0,0,0,0,0,0,0,0,10000,0,0,0,10000,0,10000,10000
052846,智邦統一97購01  ,0,0,0,0,0,0,0,0,0,10000,0,0,0,10000,0,10000,10000
052580,高鐵元富96購01  ,0,0,0,0,0,0,0,0,0,10000,0,0,0,10000,0,10000,10000
052765,新日興群益97購01,0,0,0,0,0,0,0,0,0,10000,0,0,0,10000,0,10000,10000
05261P,鴻海元大95售20  ,0,0,0,0,0,0,0,0,0,10000,0,0,0,10000,0,10000,10000
052465,聯詠統一95購02  ,0,0,0,0,0,0,0,0,0,10000,0,0,0,10000,0,10000,10000
052515,矽力凱基95購02  ,0,0,0,0,0,0,0,0,0,10000,0,0,0,20000,10000,10000,10000
055033,漢唐富邦98購01  ,0,0,0,0,0,0,0,0,0,10000,0,0,0,10000,0,10000,10000
055026,健和興國泰98購01,0,0,0,0,0,0,0,0,0,10000,0,0,0,10000,0,10000,10000
054961,玉晶光元大99購01,0,0,0,0,0,0,0,0,0,10000,0,0,0,10000,0,10000,10000
054873,帆宣群益99購01  ,0,0,0,0,0,0,0,0,0,10000,0,0,0,10000,0,10000,10000
053573,臺股指統一99購01,0,0,0,0,0,0,0,0,0,10000,0,0,0,10000,0,10000,10000
053551,可成凱基96購05  ,0,0,0,0,0,0,0,0,0,10000,0,0,0,10000,0,10000,10000
054624,台積電凱基98購03,0,0,0,0,0,0,0,0,0,10000,0,0,0,10000,0,10000,10000
054437,欣興台新97購02  ,0,0,0,0,0,0,0,0,0,10000,0,0,0,10000,0,10000,10000
054044,京元電元大96購03,0,0,0,0,0,0,0,0,0,10000,0,0,0,10000,0,10000,10000
054028,臻鼎凱基96購03  ,0,0,0,0,0,0,0,0,0,10000,0,0,0,10000,0,10000,10000
05467P,聯電元大95售02  ,0,0,0,0,0,0,0,0,0,10000,0,0,0,10000,0,10000,10000
054684,裕隆永豐97購01  ,0,0,0,0,0,0,0,0,0,10000,0,0,0,10000,0,10000,10000
054693,神基永豐97購01  ,0,0,0,0,0,0,0,0,0,10000,0,0,0,10000,0,10000,10000
05218P,大立光永昌96售04,0,0,0,0,0,0,0,0,0,10000,0,0,0,10000,0,10000,10000
053757,聯發科國泰96購04,0,0,0,0,0,0,0,0,0,10000,0,0,0,10000,0,10000,10000
052360,FB上証國票96購01,0,0,0,0,0,0,0,0,0,10000,0,0,0,10000,0,10000,10000
052367,聯茂國票96購02  ,0,0,0,0,0,0,0,0,0,10000,0,0,0,10000,0,10000,10000
052354,健策群益96購02  ,0,0,0,0,0,0,0,0,0,10000,0,0,0,10000,0,10000,10000
052417,聯發科兆豐9B購01,0,0,0,0,0,0,0,0,0,10000,0,0,0,20000,10000,10000,10000
052403,麗豐凱基96購01  ,0,0,0,0,0,0,0,0,0,10000,0,0,0,10000,0,10000,10000
053885,全新兆豐96購01  ,0,0,0,0,0,0,0,0,0,10000,0,0,0,10000,0,10000,10000
053827,漢唐麥證9A購01  ,0,0,0,10000,0,10000,0,0,0,10000,0,0,0,10000,0,10000,10000
053916,漢唐國票97購04  ,0,0,0,0,0,0,0,0,0,10000,0,0,0,10000,0,10000,10000
056983,大立光群益99購02,0,0,0,0,0,0,0,0,0,10000,0,0,0,10000,0,10000,10000
055952,上銀元大97購08  ,0,0,0,0,0,0,0,0,0,10000,0,0,0,19000,9000,10000,10000
057865,富邦金凱基98購01,0,0,0,0,0,0,0,0,0,10000,0,0,0,10000,0,10000,10000
057641,旺宏元大98購10  ,0,0,0,0,0,0,0,0,0,10000,0,0,0,10000,0,10000,10000
05709P,大立光國票97售01,0,0,0,0,0,0,0,0,0,10000,0,0,0,10000,0,10000,10000
055994,聯發科國泰99購02,0,0,0,0,0,0,0,0,0,10000,0,0,0,20000,10000,10000,10000
056036,鴻海凱基97購07  ,0,0,0,0,0,0,0,0,0,10000,0,0,0,10000,0,10000,10000
056002,嘉晶永豐97購01  ,0,0,0,0,0,0,0,0,0,10000,0,0,0,10000,0,10000,10000
057271,國巨元大98購17  ,0,0,0,0,0,0,0,0,0,10000,0,0,0,10000,0,10000,10000
057042,台積電元大98購10,0,0,0,0,0,0,0,0,0,10000,0,0,0,10000,0,10000,10000
056071,創意元大97購02  ,0,0,0,0,0,0,0,0,0,10000,0,0,0,10000,0,10000,10000
058659,力成中信99購01  ,0,0,0,0,0,0,0,0,0,10000,0,0,0,10000,0,10000,10000
058155,牧德統一9A購01  ,0,0,0,0,0,0,0,0,0,10000,0,0,0,10000,0,10000,10000
058246,帆宣元大99購01  ,0,0,0,0,0,0,0,0,0,10000,0,0,0,20000,10000,10000,10000
058274,世紀鋼永豐99購01,0,0,0,0,0,0,0,0,0,10000,0,0,0,12000,2000,10000,10000
058196,台塑中信99購01  ,0,0,0,0,0,0,0,0,0,10000,0,0,0,10000,0,10000,10000
058426,旺宏元富99購02  ,0,0,0,0,0,0,0,0,0,10000,0,0,0,10000,0,10000,10000
058298,聯茂凱基99購05  ,0,0,0,0,0,0,0,0,0,10000,0,0,0,11000,1000,10000,10000
058270,上緯控永豐99購01,0,0,0,0,0,0,0,0,0,10000,0,0,0,10000,0,10000,10000
058335,鴻海元富99購06  ,0,0,0,0,0,0,0,0,0,10000,0,0,0,20000,10000,10000,10000
058357,智邦凱基99購02  ,0,0,0,0,0,0,0,0,0,10000,0,0,0,10000,0,10000,10000
058630,日月光國票9A購01,0,0,0,0,0,0,0,0,0,10000,0,0,0,68000,58000,10000,10000
058603,台積電元大99購12,0,0,0,0,0,0,0,0,0,10000,0,0,0,10000,0,10000,10000
057883,中環群益98購01  ,0,0,0,0,0,0,0,0,0,10000,0,0,0,10000,0,10000,10000
057917,台積電凱基98購17,0,0,0,0,0,0,0,0,0,10000,0,0,0,10000,0,10000,10000
057969,緯穎國泰99購01  ,0,0,0,0,0,0,0,0,0,10000,0,0,0,27000,17000,10000,10000
055585,國巨元大98購08  ,0,0,0,0,0,0,0,0,0,10000,0,0,0,10000,0,10000,10000
055545,國巨凱基97購06  ,0,0,0,0,0,0,0,0,0,10000,0,0,0,20000,10000,10000,10000
056222,台積電凱基9A購01,0,0,0,0,0,0,0,0,0,10000,0,0,0,10000,0,10000,10000
056245,嘉澤群益97購01  ,0,0,0,0,0,0,0,0,0,10000,0,0,0,10000,0,10000,10000
056262,台積電統一98購04,0,0,0,0,0,0,0,0,0,10000,0,0,0,10000,0,10000,10000
055469,台光電凱基97購01,0,0,0,0,0,0,0,0,0,10000,0,0,0,10000,0,10000,10000
055485,國巨元大97購09  ,0,0,0,0,0,0,0,0,0,10000,0,0,0,10000,0,10000,10000
055479,GIS凱基97購04   ,0,0,0,0,0,0,0,0,0,10000,0,0,0,80000,70000,10000,10000
055480,元上證元大97購02,0,0,0,0,0,0,0,0,0,10000,0,0,0,10000,0,10000,10000
05803P,臺股指兆豐96售03,0,0,0,0,0,0,0,0,0,10000,0,0,0,20000,10000,10000,10000
057998,玉晶光麥證9A購01,0,0,0,13000,3000,10000,0,0,0,10000,0,0,0,13000,3000,10000,10000
057990,美律統一99購02  ,0,0,0,0,0,0,0,0,0,10000,0,0,0,10000,0,10000,10000
058069,美律凱基99購05  ,0,0,0,0,0,0,0,0,0,10000,0,0,0,30000,20000,10000,10000
058044,鴻海元大99購07  ,0,0,0,0,0,0,0,0,0,10000,0,0,0,15000,5000,10000,10000
058053,上銀統一9B購01  ,0,0,0,0,0,0,0,0,0,10000,0,0,0,10000,0,10000,10000
055195,昇陽半元富97購02,0,0,0,0,0,0,0,0,0,10000,0,0,0,10000,0,10000,10000
055180,文曄統一97購01  ,0,0,0,0,0,0,0,0,0,10000,0,0,0,10000,0,10000,10000
05774P,臺股指凱基99售04,0,0,0,0,0,0,0,0,0,10000,0,0,0,10000,0,10000,10000
057750,神達國票99購01  ,0,0,0,0,0,0,0,0,0,10000,0,0,0,10000,0,10000,10000
055115,日月光凱基98購01,0,0,0,0,0,0,0,0,0,10000,0,0,0,10000,0,10000,10000
058898,台積電元大99購20,0,0,0,0,0,0,0,0,0,10000,0,0,0,10000,0,10000,10000
056458,日月光凱基98購02,0,0,0,0,0,0,0,0,0,10000,0,0,0,10000,0,10000,10000
056461,樺漢凱基98購02  ,0,0,0,0,0,0,0,0,0,10000,0,0,0,10000,0,10000,10000
058777,台光電國票9A購01,0,0,0,0,0,0,0,0,0,10000,0,0,0,37000,27000,10000,10000
058769,友達兆豐99購01  ,0,0,0,0,0,0,0,0,0,10000,0,0,0,10000,0,10000,10000
058770,貿聯兆豐9A購01  ,0,0,0,0,0,0,0,0,0,10000,0,0,0,10000,0,10000,10000
059001,聯發科元大99購17,0,0,0,0,0,0,0,0,0,10000,0,0,0,20000,10000,10000,10000
059022,聯發科統一9B購04,0,0,0,0,0,0,0,0,0,10000,0,0,0,10000,0,10000,10000
058941,華新科中信99購03,0,0,0,0,0,0,0,0,0,10000,0,0,0,10000,0,10000,10000
059057,聯發科凱基99購10,0,0,0,0,0,0,0,0,0,10000,0,0,0,10000,0,10000,10000
059131,國巨群益99購07  ,0,0,0,0,0,0,0,0,0,10000,0,0,0,12000,2000,10000,10000
059342,聯發科凱基9A購05,0,0,0,0,0,0,0,0,0,10000,0,0,0,10000,0,10000,10000
059433,聯發科元大99購27,0,0,0,0,0,0,0,0,0,10000,0,0,0,13000,3000,10000,10000
059205,元石油元大99購01,0,0,0,0,0,0,0,0,0,10000,0,0,0,10000,0,10000,10000
059167,聯發科凱基99購11,0,0,0,0,0,0,0,0,0,10000,0,0,0,10000,0,10000,10000
059139,全新兆豐9A購01  ,0,0,0,0,0,0,0,0,0,10000,0,0,0,10000,0,10000,10000
059144,嘉晶國票9A購02  ,0,0,0,0,0,0,0,0,0,10000,0,0,0,64000,54000,10000,10000
059236,鴻海凱基99購09  ,0,0,0,0,0,0,0,0,0,10000,0,0,0,12000,2000,10000,10000
059239,台積電凱基99購12,0,0,0,0,0,0,0,0,0,10000,0,0,0,10000,0,10000,10000
055436,晶豪科中信99購01,0,0,0,0,0,0,0,0,0,10000,0,0,0,10000,0,10000,10000
056318,鴻海群益98購02  ,0,0,0,0,0,0,0,0,0,10000,0,0,0,10000,0,10000,10000
05630P,大立光永昌96售06,0,0,0,0,0,0,0,0,0,10000,0,0,0,10000,0,10000,10000
056604,鴻海富邦9A購01  ,0,0,0,0,0,0,0,0,0,10000,0,0,0,10000,0,10000,10000
056644,宏達電凱基98購04,0,0,0,0,0,0,0,0,0,10000,0,0,0,10000,0,10000,10000
055399,超眾統一99購01  ,0,0,0,0,0,0,0,0,0,10000,0,0,0,10000,0,10000,10000
055406,大毅國泰99購01  ,0,0,0,0,0,0,0,0,0,10000,0,0,0,10000,0,10000,10000
057845,晶相光永豐98購03,0,0,0,0,0,0,0,0,0,10000,0,0,0,10000,0,10000,10000
055340,華新科日盛97購01,0,0,0,0,0,0,0,0,0,10000,0,0,0,10000,0,10000,10000
055344,國巨凱基97購04  ,0,0,0,0,0,0,0,0,0,10000,0,0,0,36000,26000,10000,10000
055852,聯鈞元大98購01  ,0,0,0,0,0,0,0,0,0,10000,0,0,0,10000,0,10000,10000
055856,新唐元大97購03  ,0,0,0,0,0,0,0,0,0,10000,0,0,0,10000,0,10000,10000
055812,台積電國票99購02,0,0,0,0,0,0,0,0,0,10000,0,0,0,10000,0,10000,10000
055758,旺宏群益97購01  ,0,0,0,0,0,0,0,0,0,10000,0,0,0,10000,0,10000,10000
055808,世紀鋼永豐97購01,0,0,0,0,0,0,0,0,0,10000,0,0,0,10000,0,10000,10000
055270,上銀元大97購03  ,0,0,0,0,0,0,0,0,0,10000,0,0,0,10000,0,10000,10000
055256,日電貿統一99購01,0,0,0,0,0,0,0,0,0,10000,0,0,0,10000,0,10000,10000
056494,緯創國泰99購01  ,0,0,0,0,0,0,0,0,0,10000,0,0,0,10000,0,10000,10000
056575,禾伸堂元大99購01,0,0,0,0,0,0,0,0,0,10000,0,0,0,59000,49000,10000,10000
05521P,創意永豐96售01  ,0,0,0,0,0,0,0,0,0,10000,0,0,0,10000,0,10000,10000
056568,台表科群益98購01,0,0,0,0,0,0,0,0,0,10000,0,0,0,199000,189000,10000,10000
056914,臺股指元大99購09,0,0,0,0,0,0,0,0,0,10000,0,0,0,10000,0,10000,10000
056722,滬深反中信9B購01,0,0,0,0,0,0,0,0,0,10000,0,0,0,10000,0,10000,10000
056768,宏達電元大99購03,0,0,0,0,0,0,0,0,0,10000,0,0,0,10000,0,10000,10000
3432,台端            ,11000,2000,9000,0,0,0,0,0,0,1000,1000,0,1000,0,0,0,10000
3701,大眾控          ,10000,0,10000,0,0,0,0,0,0,0,0,0,0,0,0,0,10000
9103,美德醫療-DR     ,10000,0,10000,0,0,0,0,0,0,0,0,0,0,0,0,0,10000
2616,山隆            ,39000,30000,9000,0,0,0,0,0,0,0,0,0,0,0,0,0,9000
07537P,玉晶光元富9A售04,0,0,0,0,0,0,0,0,0,9000,0,0,0,10000,1000,9000,9000
08100P,台灣50元富95售01,0,0,0,0,0,0,0,0,0,9000,0,0,0,9000,0,9000,9000
1626,艾美特-KY       ,27000,18000,9000,0,0,0,0,0,0,0,0,0,0,0,0,0,9000
1535,中宇            ,11000,2000,9000,0,0,0,0,0,0,0,0,0,0,0,0,0,9000
1725,元禎            ,9000,0,9000,0,0,0,0,0,0,0,0,0,0,0,0,0,9000
1726,永記            ,10000,2000,8000,0,0,0,0,0,0,1000,1000,0,1000,0,0,0,9000
07383P,聯發科群益99售06,0,0,0,0,0,0,0,0,0,9000,0,0,0,9000,0,9000,9000
07068P,欣興台新99售01  ,0,0,0,0,0,0,0,0,0,9000,0,0,0,10000,1000,9000,9000
06921P,台光電凱基98售06,0,0,0,0,0,0,0,0,0,9000,0,0,0,9000,0,9000,9000
06844P,智邦元大98售13  ,0,0,0,0,0,0,0,0,0,9000,0,0,0,10000,1000,9000,9000
059989,嘉晶元大9A購01  ,0,0,0,0,0,0,0,0,0,9000,0,0,0,118000,109000,9000,9000
059598,欣興元大99購08  ,0,0,0,0,0,0,0,0,0,9000,0,0,0,15000,6000,9000,9000
059510,華新科永豐99購07,0,0,0,0,0,0,0,0,0,9000,0,0,0,32000,23000,9000,9000
059697,上証2X凱基9A購03,0,0,0,0,0,0,0,0,0,9000,0,0,0,10000,1000,9000,9000
060224,台灣50元大9A購09,0,0,0,0,0,0,0,0,0,9000,0,0,0,9000,0,9000,9000
052113,漢唐中信98購01  ,0,0,0,0,0,0,0,0,0,9000,0,0,0,9000,0,9000,9000
052874,超眾凱基96購01  ,0,0,0,0,0,0,0,0,0,9000,0,0,0,39000,30000,9000,9000
052920,景碩台新96購02  ,0,0,0,0,0,0,0,0,0,9000,0,0,0,9000,0,9000,9000
057309,南茂兆豐99購01  ,0,0,0,0,0,0,0,0,0,9000,0,0,0,9000,0,9000,9000
057536,康控元大99購03  ,0,0,0,0,0,0,0,0,0,9000,0,0,0,106000,97000,9000,9000
04041P,大立光統一94售03,0,0,0,0,0,0,0,0,0,9000,0,0,0,10000,1000,9000,9000
03047X,元展44          ,0,0,0,0,0,0,0,0,0,9000,0,0,0,9000,0,9000,9000
035277,景碩台新97購01  ,0,0,0,0,0,0,0,0,0,9000,0,0,0,9000,0,9000,9000
03434B,臺股指元大99熊10,0,0,0,0,0,0,0,0,0,9000,0,0,0,10000,1000,9000,9000
00731,FH富時高息低波  ,0,0,0,0,0,0,0,0,0,9000,0,0,0,96000,87000,9000,9000
00711B,FH彭博新興債    ,0,0,0,0,0,0,0,0,0,9000,0,0,0,120000,111000,9000,9000
052084,台泥元大95購01  ,0,0,0,0,0,0,0,0,0,9000,0,0,0,168000,159000,9000,9000
050030,嘉晶元大94購03  ,0,0,0,0,0,0,0,0,0,9000,0,0,0,59000,50000,9000,9000
050200,致新元大94購01  ,0,0,0,0,0,0,0,0,0,9000,0,0,0,9000,0,9000,9000
053312,緯穎凱基96購02  ,0,0,0,0,0,0,0,0,0,9000,0,0,0,13000,4000,9000,9000
049563,華新統一95購01  ,0,0,0,0,0,0,0,0,0,9000,0,0,0,9000,0,9000,9000
050512,台泥元大94購01  ,0,0,0,0,0,0,0,0,0,9000,0,0,0,99000,90000,9000,9000
056567,瀚宇博群益98購02,0,0,0,0,0,0,0,0,0,9000,0,0,0,9000,0,9000,9000
055227,聯發科國票98購02,0,0,0,0,0,0,0,0,0,9000,0,0,0,9000,0,9000,9000
055291,京鼎元大97購02  ,0,0,0,0,0,0,0,0,0,9000,0,0,0,132000,123000,9000,9000
056379,玉晶光元富98購01,0,0,0,0,0,0,0,0,0,9000,0,0,0,12000,3000,9000,9000
055777,冠德凱基97購01  ,0,0,0,0,0,0,0,0,0,9000,0,0,0,9000,0,9000,9000
056639,國產康和98購01  ,0,0,0,0,0,0,0,0,0,9000,0,0,0,68000,59000,9000,9000
05931P,鴻海凱基96售15  ,0,0,0,0,0,0,0,0,0,9000,0,0,0,9000,0,9000,9000
059140,大立光兆豐9A購02,0,0,0,0,0,0,0,0,0,9000,0,0,0,9000,0,9000,9000
056440,智邦凱基98購03  ,0,0,0,0,0,0,0,0,0,9000,0,0,0,20000,11000,9000,9000
056188,晶相光統一99購01,0,0,0,0,0,0,0,0,0,9000,0,0,0,9000,0,9000,9000
056194,聯發科富邦9B購01,0,0,0,0,0,0,0,0,0,9000,0,0,0,9000,0,9000,9000
058576,南亞科群益99購01,0,0,0,0,0,0,0,0,0,9000,0,0,0,23000,14000,9000,9000
058523,聯茂元大99購08  ,0,0,0,0,0,0,0,0,0,9000,0,0,0,24000,15000,9000,9000
055974,上銀統一97購05  ,0,0,0,0,0,0,0,0,0,9000,0,0,0,108000,99000,9000,9000
057006,國巨中信98購03  ,0,0,0,0,0,0,0,0,0,9000,0,0,0,9000,0,9000,9000
9918,欣天然          ,9000,0,9000,0,0,0,0,0,0,0,0,0,0,0,0,0,9000
6641,基士德-KY       ,9000,0,9000,0,0,0,0,0,0,0,0,0,0,0,0,0,9000
3028,增你強          ,38000,31000,7000,0,0,0,0,0,0,2000,2000,0,2000,0,0,0,9000
2474,可成            ,3948000,4271927,-323927,0,0,0,54000,0,54000,278000,114000,20000,94000,194000,10000,184000,8073
2491,吉祥全          ,8000,0,8000,0,0,0,0,0,0,0,0,0,0,0,0,0,8000
2239,英利-KY         ,15000,7000,8000,0,0,0,0,0,0,0,0,0,0,0,0,0,8000
1783,和康生          ,53000,40000,13000,0,0,0,0,0,0,-5000,0,5000,-5000,0,0,0,8000
2008,高興昌          ,8000,0,8000,0,0,0,0,0,0,0,0,0,0,0,0,0,8000
1541,錩泰            ,8000,0,8000,0,0,0,0,0,0,0,0,0,0,0,0,0,8000
1324,地球            ,7000,0,7000,0,0,0,0,0,0,1000,1000,0,1000,0,0,0,8000
06399P,台表科凱基97售05,0,0,0,0,0,0,0,0,0,8000,0,0,0,11000,3000,8000,8000
06434P,超眾群益98售02  ,0,0,0,0,0,0,0,0,0,8000,0,0,0,8000,0,8000,8000
06535P,可成群益99售02  ,0,0,0,0,0,0,0,0,0,8000,0,0,0,8000,0,8000,8000
07235P,T50正2元大9C售02,0,0,0,0,0,0,0,0,0,8000,0,0,0,27000,19000,8000,8000
060283,台肥元大9C購01  ,0,0,0,0,0,0,0,0,0,8000,0,0,0,184000,176000,8000,8000
060363,美律元富9A購01  ,0,0,0,0,0,0,0,0,0,8000,0,0,0,196000,188000,8000,8000
06155P,智邦統一97售02  ,0,0,0,0,0,0,0,0,0,8000,0,0,0,10000,2000,8000,8000
060538,S&P反1凱基9A購01,0,0,0,0,0,0,0,0,0,8000,0,0,0,41000,33000,8000,8000
060548,友達凱基9B購03  ,0,0,0,0,0,0,0,0,0,8000,0,0,0,15000,7000,8000,8000
059620,聯發科日盛99購02,0,0,0,0,0,0,0,0,0,8000,0,0,0,42000,34000,8000,8000
050330,南電永豐94購01  ,0,0,0,0,0,0,0,0,0,8000,0,0,0,8000,0,8000,8000
051368,國泰金富邦97購01,0,0,0,0,0,0,0,0,0,8000,0,0,0,8000,0,8000,8000
050658,台郡麥證96購01  ,0,0,0,8000,0,8000,0,0,0,8000,0,0,0,8000,0,8000,8000
050660,欣興元大96購02  ,0,0,0,0,0,0,0,0,0,8000,0,0,0,8000,0,8000,8000
053218,TPK凱基96購01   ,0,0,0,0,0,0,0,0,0,8000,0,0,0,8000,0,8000,8000
049929,祥碩元大94購03  ,0,0,0,0,0,0,0,0,0,8000,0,0,0,8000,0,8000,8000
052004,泰碩國泰97購03  ,0,0,0,0,0,0,0,0,0,8000,0,0,0,10000,2000,8000,8000
05479P,華新科台新96售01,0,0,0,0,0,0,0,0,0,8000,0,0,0,108000,100000,8000,8000
020008,元大特股高息N   ,0,0,0,0,0,0,0,0,0,8000,0,0,0,17000,9000,8000,8000
048070,聯發科元富99購03,0,0,0,0,0,0,0,0,0,8000,0,0,0,8000,0,8000,8000
048119,臺指反元大96購03,0,0,0,0,0,0,0,0,0,8000,0,0,0,8000,0,8000,8000
047895,台積電群益94購04,0,0,0,0,0,0,0,0,0,8000,0,0,0,8000,0,8000,8000
049250,華通元大95購04  ,0,0,0,0,0,0,0,0,0,8000,0,0,0,8000,0,8000,8000
051639,康友國票96購02  ,0,0,0,0,0,0,0,0,0,8000,0,0,0,8000,0,8000,8000
052969,建準群益97購01  ,0,0,0,0,0,0,0,0,0,8000,0,0,0,10000,2000,8000,8000
05273P,國巨群益95售02  ,0,0,0,0,0,0,0,0,0,8000,0,0,0,19000,11000,8000,8000
052682,上銀元大97購01  ,0,0,0,0,0,0,0,0,0,8000,0,0,0,8000,0,8000,8000
052670,茂林群益96購02  ,0,0,0,0,0,0,0,0,0,8000,0,0,0,8000,0,8000,8000
052430,泰碩永豐95購02  ,0,0,0,0,0,0,0,0,0,8000,0,0,0,8000,0,8000,8000
052326,滬深反中信99購01,0,0,0,0,0,0,0,0,0,8000,0,0,0,9000,1000,8000,8000
054276,國巨群益96購07  ,0,0,0,0,0,0,0,0,0,8000,0,0,0,8000,0,8000,8000
054304,台積電凱基96購23,0,0,0,0,0,0,0,0,0,8000,0,0,0,52000,44000,8000,8000
055887,上銀統一97購03  ,0,0,0,0,0,0,0,0,0,8000,0,0,0,10000,2000,8000,8000
057651,矽力元大98購03  ,0,0,0,0,0,0,0,0,0,8000,0,0,0,10000,2000,8000,8000
056170,鴻海元富97購09  ,0,0,0,0,0,0,0,0,0,8000,0,0,0,20000,12000,8000,8000
058455,玉晶光永豐99購03,0,0,0,0,0,0,0,0,0,8000,0,0,0,11000,3000,8000,8000
058387,國巨國票9A購03  ,0,0,0,0,0,0,0,0,0,8000,0,0,0,8000,0,8000,8000
057976,旺宏永豐98購03  ,0,0,0,0,0,0,0,0,0,8000,0,0,0,68000,60000,8000,8000
057894,華通元富02購02  ,0,0,0,0,0,0,0,0,0,8000,0,0,0,15000,7000,8000,8000
055459,建準永豐97購03  ,0,0,0,0,0,0,0,0,0,8000,0,0,0,21000,13000,8000,8000
056183,南亞科統一97購02,0,0,0,0,0,0,0,0,0,8000,0,0,0,12000,4000,8000,8000
058115,台光電中信99購01,0,0,0,0,0,0,0,0,0,8000,0,0,0,90000,82000,8000,8000
058793,鴻海元大99購19  ,0,0,0,0,0,0,0,0,0,8000,0,0,0,19000,11000,8000,8000
059284,緯穎永豐99購03  ,0,0,0,0,0,0,0,0,0,8000,0,0,0,8000,0,8000,8000
059265,美律中信01購01  ,0,0,0,0,0,0,0,0,0,8000,0,0,0,10000,2000,8000,8000
059278,群創元大9A購04  ,0,0,0,0,0,0,0,0,0,8000,0,0,0,20000,12000,8000,8000
055711,上銀元大97購04  ,0,0,0,0,0,0,0,0,0,8000,0,0,0,8000,0,8000,8000
055346,國巨凱基98購02  ,0,0,0,0,0,0,0,0,0,8000,0,0,0,8000,0,8000,8000
056510,正文永豐98購02  ,0,0,0,0,0,0,0,0,0,8000,0,0,0,8000,0,8000,8000
2904,匯僑            ,8000,0,8000,0,0,0,0,0,0,0,0,0,0,0,0,0,8000
3167,大量            ,8000,0,8000,0,0,0,0,0,0,0,0,0,0,0,0,0,8000
3679,新至陞          ,11000,3000,8000,0,0,0,0,0,0,0,0,0,0,0,0,0,8000
4137,麗豐-KY         ,52000,55000,-3000,0,0,0,5000,0,5000,6000,1000,0,1000,6000,1000,5000,8000
5906,台南-KY         ,9000,1000,8000,0,0,0,0,0,0,0,0,0,0,0,0,0,8000
6449,鈺邦            ,30000,58000,-28000,0,0,0,0,0,0,36000,40000,4000,36000,0,0,0,8000
6412,群電            ,200000,174000,26000,0,0,0,0,0,0,-18000,2000,20000,-18000,0,0,0,8000
060108,泰鼎元大99購04  ,0,0,0,0,0,0,0,0,0,7000,0,0,0,9000,2000,7000,7000
060124,奇力新永豐99購03,0,0,0,0,0,0,0,0,0,7000,0,0,0,19000,12000,7000,7000
06085P,義隆台新97售01  ,0,0,0,0,0,0,0,0,0,7000,0,0,0,22000,15000,7000,7000
07127P,精元元大99售01  ,0,0,0,0,0,0,0,0,0,7000,0,0,0,12000,5000,7000,7000
07391P,台灣50國泰02售01,0,0,0,0,0,0,0,0,0,7000,0,0,0,164000,157000,7000,7000
06611P,祥碩國票98售01  ,0,0,0,0,0,0,0,0,0,7000,0,0,0,8000,1000,7000,7000
06936P,瑞儀元大98售01  ,0,0,0,0,0,0,0,0,0,7000,0,0,0,7000,0,7000,7000
1435,中福            ,9000,2000,7000,0,0,0,0,0,0,0,0,0,0,0,0,0,7000
1234,黑松            ,27000,20000,7000,0,0,0,0,0,0,0,0,0,0,0,0,0,7000
1256,鮮活果汁-KY     ,15000,8000,7000,0,0,0,0,0,0,0,0,0,0,0,0,0,7000
07574P,國巨元大9A售12  ,0,0,0,0,0,0,0,0,0,7000,0,0,0,57000,50000,7000,7000
1533,車王電          ,11000,4000,7000,0,0,0,0,0,0,0,0,0,0,0,0,0,7000
1617,榮星            ,6000,0,6000,0,0,0,0,0,0,1000,1000,0,1000,0,0,0,7000
1457,宜進            ,62000,55000,7000,0,0,0,0,0,0,0,0,0,0,0,0,0,7000
2033,佳大            ,7000,0,7000,0,0,0,0,0,0,0,0,0,0,0,0,0,7000
2373,震旦行          ,7000,1000,6000,0,0,0,0,0,0,1000,1000,0,1000,0,0,0,7000
2506,太設            ,5000,0,5000,0,0,0,0,0,0,2000,2000,0,2000,0,0,0,7000
2530,華建            ,34000,27000,7000,0,0,0,0,0,0,0,0,0,0,0,0,0,7000
2630,亞航            ,7000,0,7000,0,0,0,0,0,0,0,0,0,0,0,0,0,7000
054996,聯陽元富97購01  ,0,0,0,0,0,0,0,0,0,7000,0,0,0,7000,0,7000,7000
052157,東元永豐95購01  ,0,0,0,0,0,0,0,0,0,7000,0,0,0,120000,113000,7000,7000
05301P,矽力元大95售02  ,0,0,0,0,0,0,0,0,0,7000,0,0,0,17000,10000,7000,7000
052844,台積電統一96購02,0,0,0,0,0,0,0,0,0,7000,0,0,0,7000,0,7000,7000
05252P,華通凱基95售01  ,0,0,0,0,0,0,0,0,0,7000,0,0,0,7000,0,7000,7000
052590,祥碩永豐96購01  ,0,0,0,0,0,0,0,0,0,7000,0,0,0,9000,2000,7000,7000
051840,康友國泰97購02  ,0,0,0,0,0,0,0,0,0,7000,0,0,0,7000,0,7000,7000
03039X,元展36          ,0,0,0,0,0,0,0,0,0,7000,0,0,0,7000,0,7000,7000
048525,華通國票94購02  ,0,0,0,0,0,0,0,0,0,7000,0,0,0,7000,0,7000,7000
051095,貿聯元大95購03  ,0,0,0,0,0,0,0,0,0,7000,0,0,0,7000,0,7000,7000
050045,祥碩兆豐94購01  ,0,0,0,0,0,0,0,0,0,7000,0,0,0,7000,0,7000,7000
050198,緯穎元大94購09  ,0,0,0,0,0,0,0,0,0,7000,0,0,0,10000,3000,7000,7000
05341P,臺股指兆豐95售02,0,0,0,0,0,0,0,0,0,7000,0,0,0,13000,6000,7000,7000
050647,聯發科凱基96購01,0,0,0,0,0,0,0,0,0,7000,0,0,0,7000,0,7000,7000
056516,晶豪科兆豐98購01,0,0,0,0,0,0,0,0,0,7000,0,0,0,7000,0,7000,7000
056779,元油2X群益9A購02,0,0,0,0,0,0,0,0,0,7000,0,0,0,7000,0,7000,7000
055696,華新科國票98購01,0,0,0,0,0,0,0,0,0,7000,0,0,0,7000,0,7000,7000
056611,國巨永豐98購03  ,0,0,0,0,0,0,0,0,0,7000,0,0,0,7000,0,7000,7000
059314,上銀元大99購03  ,0,0,0,0,0,0,0,0,0,7000,0,0,0,15000,8000,7000,7000
059353,滬深2X富邦9A購02,0,0,0,0,0,0,0,0,0,7000,0,0,0,7000,0,7000,7000
059054,國巨凱基99購11  ,0,0,0,0,0,0,0,0,0,7000,0,0,0,7000,0,7000,7000
059042,世紀鋼群益99購02,0,0,0,0,0,0,0,0,0,7000,0,0,0,37000,30000,7000,7000
056203,興富發永豐97購01,0,0,0,0,0,0,0,0,0,7000,0,0,0,29000,22000,7000,7000
058423,臺股指麥證99購01,0,0,0,50000,0,50000,0,0,0,7000,0,0,0,50000,43000,7000,7000
058243,華擎元大99購01  ,0,0,0,0,0,0,0,0,0,7000,0,0,0,89000,82000,7000,7000
055951,大成鋼元大97購02,0,0,0,0,0,0,0,0,0,7000,0,0,0,10000,3000,7000,7000
6405,悅城            ,9000,2000,7000,0,0,0,0,0,0,0,1000,1000,0,0,0,0,7000
6205,詮欣            ,7000,0,7000,0,0,0,0,0,0,0,0,0,0,0,0,0,7000
8072,陞泰            ,7000,0,7000,0,0,0,0,0,0,0,0,0,0,0,0,0,7000
9912,偉聯            ,7000,1000,6000,0,0,0,0,0,0,1000,1000,0,1000,0,0,0,7000
9906,欣巴巴          ,7000,0,7000,0,0,0,0,0,0,0,0,0,0,0,0,0,7000
9929,秋雨            ,7000,0,7000,0,0,0,0,0,0,0,0,0,0,0,0,0,7000
9926,新海            ,8000,1000,7000,0,0,0,0,0,0,0,0,0,0,0,0,0,7000
9924,福興            ,37000,30000,7000,0,0,0,0,0,0,0,0,0,0,0,0,0,7000
5538,東明-KY         ,7000,0,7000,0,0,0,0,0,0,0,0,0,0,0,0,0,7000
5607,遠雄港          ,232000,225000,7000,0,0,0,0,0,0,0,0,0,0,0,0,0,7000
6139,亞翔            ,122000,105000,17000,0,0,0,0,0,0,-10000,1000,11000,-10000,0,0,0,7000
4755,三福化          ,8000,1000,7000,0,0,0,0,0,0,0,0,0,0,0,0,0,7000
2910,統領            ,7000,0,7000,0,0,0,0,0,0,0,0,0,0,0,0,0,7000
3054,立萬利          ,7000,0,7000,0,0,0,0,0,0,0,0,0,0,0,0,0,7000
2748,雲品            ,24000,3000,21000,0,0,0,0,15000,-15000,0,0,0,0,0,0,0,6000
2509,全坤建          ,18000,12000,6000,0,0,0,0,0,0,0,0,0,0,0,0,0,6000
2438,翔耀            ,6000,0,6000,0,0,0,0,0,0,0,0,0,0,0,0,0,6000
1614,三洋電          ,7000,1000,6000,0,0,0,0,0,0,0,0,0,0,0,0,0,6000
1587,吉茂            ,8000,2000,6000,0,0,0,0,0,0,0,0,0,0,0,0,0,6000
1805,寶徠            ,6000,0,6000,0,0,0,0,0,0,0,0,0,0,0,0,0,6000
1724,台硝            ,5000,0,5000,0,0,0,0,0,0,1000,1000,0,1000,0,0,0,6000
1737,臺鹽            ,37000,31000,6000,0,0,0,0,0,0,0,0,0,0,0,0,0,6000
1713,國化            ,6000,0,6000,0,0,0,0,0,0,0,0,0,0,0,0,0,6000
07582P,臺股指元大9A售45,0,0,0,0,0,0,0,0,0,6000,0,0,0,6000,0,6000,6000
1203,味王            ,6000,0,6000,0,0,0,0,0,0,0,0,0,0,0,0,0,6000
06923P,鴻海群益98售09  ,0,0,0,0,0,0,0,0,0,6000,0,0,0,6000,0,6000,6000
06974P,臺股指元大9A售12,0,0,0,0,0,0,0,0,0,6000,0,0,0,6000,0,6000,6000
06412P,南亞科日盛97售01,0,0,0,0,0,0,0,0,0,6000,0,0,0,6000,0,6000,6000
06310P,精元元富97售02  ,0,0,0,0,0,0,0,0,0,6000,0,0,0,6000,0,6000,6000
07323P,鴻海元大99售34  ,0,0,0,0,0,0,0,0,0,6000,0,0,0,6000,0,6000,6000
07331P,臺股指群益99售22,0,0,0,0,0,0,0,0,0,6000,0,0,0,6000,0,6000,6000
07460P,臺股指元大9B售03,0,0,0,0,0,0,0,0,0,6000,0,0,0,6000,0,6000,6000
07126P,台積電元大99售23,0,0,0,0,0,0,0,0,0,6000,0,0,0,6000,0,6000,6000
07179P,臺股指凱基99售21,0,0,0,0,0,0,0,0,0,6000,0,0,0,6000,0,6000,6000
07238P,台灣50國票99售07,0,0,0,0,0,0,0,0,0,6000,0,0,0,6000,0,6000,6000
07306P,台灣50凱基9A售09,0,0,0,0,0,0,0,0,0,6000,0,0,0,17000,11000,6000,6000
060196,泰鼎元富9A購01  ,0,0,0,0,0,0,0,0,0,6000,0,0,0,6000,0,6000,6000
060051,台積電凱基9B購01,0,0,0,0,0,0,0,0,0,6000,0,0,0,37000,31000,6000,6000
059980,台積電元大99購50,0,0,0,0,0,0,0,0,0,6000,0,0,0,13000,7000,6000,6000
059596,大立光元大99購20,0,0,0,0,0,0,0,0,0,6000,0,0,0,6000,0,6000,6000
049582,台積電元大95購03,0,0,0,0,0,0,0,0,0,6000,0,0,0,11000,5000,6000,6000
049727,台積電中信94購02,0,0,0,0,0,0,0,0,0,6000,0,0,0,6000,0,6000,6000
050904,臺股指元大95購11,0,0,0,0,0,0,0,0,0,6000,0,0,0,6000,0,6000,6000
050046,矽力兆豐94購01  ,0,0,0,0,0,0,0,0,0,6000,0,0,0,6000,0,6000,6000
051092,禾伸堂元大95購02,0,0,0,0,0,0,0,0,0,6000,0,0,0,6000,0,6000,6000
035276,南亞科台新97購01,0,0,0,0,0,0,0,0,0,6000,0,0,0,10000,4000,6000,6000
047969,台達電富邦97購01,0,0,0,0,0,0,0,0,0,6000,0,0,0,8000,2000,6000,6000
048482,柏文中信94購01  ,0,0,0,0,0,0,0,0,0,6000,0,0,0,6000,0,6000,6000
020011,統一微波高息20N ,0,0,0,0,0,0,0,0,0,6000,0,0,0,6000,0,6000,6000
042501,台灣50凱基96購06,0,0,0,0,0,0,0,0,0,6000,0,0,0,6000,0,6000,6000
05263P,台積電元大96售09,0,0,0,0,0,0,0,0,0,6000,0,0,0,6000,0,6000,6000
052821,晶技永豐96購01  ,0,0,0,0,0,0,0,0,0,6000,0,0,0,6000,0,6000,6000
053145,元黃金元大96購02,0,0,0,0,0,0,0,0,0,6000,0,0,0,6000,0,6000,6000
057529,嘉晶元大99購02  ,0,0,0,0,0,0,0,0,0,6000,0,0,0,44000,38000,6000,6000
057455,景碩國泰99購01  ,0,0,0,0,0,0,0,0,0,6000,0,0,0,6000,0,6000,6000
057831,聯發科元富02購04,0,0,0,0,0,0,0,0,0,6000,0,0,0,6000,0,6000,6000
057739,新日興富邦9B購01,0,0,0,0,0,0,0,0,0,6000,0,0,0,6000,0,6000,6000
054090,瑞昱群益97購01  ,0,0,0,0,0,0,0,0,0,6000,0,0,0,87000,81000,6000,6000
052243,致茂康和95購01  ,0,0,0,0,0,0,0,0,0,6000,0,0,0,6000,0,6000,6000
053826,光磊麥證97購01  ,0,0,0,6000,0,6000,0,0,0,6000,0,0,0,6000,0,6000,6000
054156,聯電亞東98購01  ,0,0,0,0,0,0,0,0,0,6000,0,0,0,6000,0,6000,6000
054311,世芯凱基96購02  ,0,0,0,0,0,0,0,0,0,6000,0,0,0,71000,65000,6000,6000
057097,致新元富98購01  ,0,0,0,0,0,0,0,0,0,6000,0,0,0,20000,14000,6000,6000
057118,欣興日盛9A購01  ,0,0,0,0,0,0,0,0,0,6000,0,0,0,6000,0,6000,6000
058433,台積電統一9B購04,0,0,0,0,0,0,0,0,0,6000,0,0,0,6000,0,6000,6000
058457,創意永豐99購01  ,0,0,0,0,0,0,0,0,0,6000,0,0,0,6000,0,6000,6000
055510,GIS元大97購03   ,0,0,0,0,0,0,0,0,0,6000,0,0,0,270000,264000,6000,6000
055520,矽力中信97購02  ,0,0,0,0,0,0,0,0,0,6000,0,0,0,6000,0,6000,6000
055124,建準兆豐97購01  ,0,0,0,0,0,0,0,0,0,6000,0,0,0,6000,0,6000,6000
056475,宏達電元大99購02,0,0,0,0,0,0,0,0,0,6000,0,0,0,6000,0,6000,6000
059438,群創元大99購06  ,0,0,0,0,0,0,0,0,0,6000,0,0,0,6000,0,6000,6000
059471,華新科元大99購17,0,0,0,0,0,0,0,0,0,6000,0,0,0,10000,4000,6000,6000
059176,臺股指凱基99購27,0,0,0,0,0,0,0,0,0,6000,0,0,0,6000,0,6000,6000
055765,臺股指群益97購03,0,0,0,0,0,0,0,0,0,6000,0,0,0,6000,0,6000,6000
056754,智易兆豐99購01  ,0,0,0,0,0,0,0,0,0,6000,0,0,0,11000,5000,6000,6000
4555,氣立            ,6000,0,6000,0,0,0,0,0,0,0,0,0,0,0,0,0,6000
6117,迎廣            ,7000,0,7000,0,0,0,0,0,0,-1000,0,1000,-1000,0,0,0,6000
5484,慧友            ,6000,0,6000,0,0,0,0,0,0,0,0,0,0,0,0,0,6000
6674,鋐寶科技        ,7000,1000,6000,0,0,0,0,0,0,0,0,0,0,0,0,0,6000
8482,商億-KY         ,6000,0,6000,0,0,0,0,0,0,0,0,0,0,0,0,0,6000
6243,迅杰            ,10000,4000,6000,0,0,0,0,0,0,0,0,0,0,0,0,0,6000
6281,全國電          ,7000,4000,3000,0,0,0,0,0,0,3000,3000,0,3000,0,0,0,6000
1101B,台泥乙特        ,0,6,-6,0,0,0,0,0,0,6000,6000,0,6000,0,0,0,5994
07578P,高鐵元大9A售02  ,0,0,0,0,0,0,0,0,0,5000,0,0,0,10000,5000,5000,5000
1236,宏亞            ,7000,0,7000,0,0,0,0,0,0,-2000,0,2000,-2000,0,0,0,5000
2007,燁興            ,5000,0,5000,0,0,0,0,0,0,0,0,0,0,0,0,0,5000
1506,正道            ,15000,10000,5000,0,0,0,0,0,0,0,0,0,0,0,0,0,5000
2540,愛山林          ,6000,0,6000,0,0,0,0,0,0,-1000,0,1000,-1000,0,0,0,5000
07363P,大立光元大99售26,0,0,0,0,0,0,0,0,0,5000,0,0,0,38000,33000,5000,5000
06454P,緯穎元大98售04  ,0,0,0,0,0,0,0,0,0,5000,0,0,0,5000,0,5000,5000
06636P,可成凱基98售08  ,0,0,0,0,0,0,0,0,0,5000,0,0,0,5000,0,5000,5000
06973P,臺股指元大9A售11,0,0,0,0,0,0,0,0,0,5000,0,0,0,5000,0,5000,5000
06938P,南電元大98售03  ,0,0,0,0,0,0,0,0,0,5000,0,0,0,5000,0,5000,5000
07021P,台積電富邦9C售02,0,0,0,0,0,0,0,0,0,5000,0,0,0,5000,0,5000,5000
07001P,國巨元大99售12  ,0,0,0,0,0,0,0,0,0,5000,0,0,0,90000,85000,5000,5000
06898P,FBVIX群益9C售03 ,0,0,0,0,0,0,0,0,0,5000,0,0,0,5000,0,5000,5000
05963P,貿聯國票97售02  ,0,0,0,0,0,0,0,0,0,5000,0,0,0,5000,0,5000,5000
059492,國巨國票9A購06  ,0,0,0,0,0,0,0,0,0,5000,0,0,0,5000,0,5000,5000
059493,國巨國票9B購01  ,0,0,0,0,0,0,0,0,0,5000,0,0,0,17000,12000,5000,5000
059525,上銀凱基99購08  ,0,0,0,0,0,0,0,0,0,5000,0,0,0,20000,15000,5000,5000
059542,聯發科亞東99購01,0,0,0,0,0,0,0,0,0,5000,0,0,0,5000,0,5000,5000
059700,鴻海凱基9A購16  ,0,0,0,0,0,0,0,0,0,5000,0,0,0,5000,0,5000,5000
059707,健策凱基9A購03  ,0,0,0,0,0,0,0,0,0,5000,0,0,0,39000,34000,5000,5000
059798,臺股指國票99購21,0,0,0,0,0,0,0,0,0,5000,0,0,0,5000,0,5000,5000
059784,台光電元大9A購01,0,0,0,0,0,0,0,0,0,5000,0,0,0,44000,39000,5000,5000
059952,旺宏康和99購01  ,0,0,0,0,0,0,0,0,0,5000,0,0,0,5000,0,5000,5000
060130,瀚宇博永豐99購02,0,0,0,0,0,0,0,0,0,5000,0,0,0,46000,41000,5000,5000
060080,台灣50元大02購01,0,0,0,0,0,0,0,0,0,5000,0,0,0,5000,0,5000,5000
06018P,康控凱基96售03  ,0,0,0,0,0,0,0,0,0,5000,0,0,0,5000,0,5000,5000
060171,宏達電台新9A購01,0,0,0,0,0,0,0,0,0,5000,0,0,0,5000,0,5000,5000
060223,台灣50元大9A購05,0,0,0,0,0,0,0,0,0,5000,0,0,0,5000,0,5000,5000
060490,華新科台新9A購01,0,0,0,0,0,0,0,0,0,5000,0,0,0,7000,2000,5000,5000
060415,葡萄王永豐9A購01,0,0,0,0,0,0,0,0,0,5000,0,0,0,5000,0,5000,5000
06088P,建準永豐97售01  ,0,0,0,0,0,0,0,0,0,5000,0,0,0,5000,0,5000,5000
06104P,大立光凱基97售04,0,0,0,0,0,0,0,0,0,5000,0,0,0,5000,0,5000,5000
06123P,玉晶光元大97售04,0,0,0,0,0,0,0,0,0,5000,0,0,0,5000,0,5000,5000
06202P,大立光元大98售06,0,0,0,0,0,0,0,0,0,5000,0,0,0,5000,0,5000,5000
060510,大立光元大9A購03,0,0,0,0,0,0,0,0,0,5000,0,0,0,5000,0,5000,5000
060496,滬深2X元大9A購05,0,0,0,0,0,0,0,0,0,5000,0,0,0,5000,0,5000,5000
054338,全新統一96購01  ,0,0,0,0,0,0,0,0,0,5000,0,0,0,5000,0,5000,5000
054195,亞泥國泰98購01  ,0,0,0,0,0,0,0,0,0,5000,0,0,0,5000,0,5000,5000
054462,旺宏凱基96購08  ,0,0,0,0,0,0,0,0,0,5000,0,0,0,5000,0,5000,5000
05443P,宏達電元大95售05,0,0,0,0,0,0,0,0,0,5000,0,0,0,5000,0,5000,5000
054549,台積電凱基98購01,0,0,0,0,0,0,0,0,0,5000,0,0,0,5000,0,5000,5000
054160,華泰凱基98購01  ,0,0,0,0,0,0,0,0,0,5000,0,0,0,5000,0,5000,5000
054950,奇力新元大98購02,0,0,0,0,0,0,0,0,0,5000,0,0,0,5000,0,5000,5000
05493P,華新科富邦99售02,0,0,0,0,0,0,0,0,0,5000,0,0,0,5000,0,5000,5000
053861,台光電元大98購01,0,0,0,0,0,0,0,0,0,5000,0,0,0,5000,0,5000,5000
053869,嘉澤元大96購02  ,0,0,0,0,0,0,0,0,0,5000,0,0,0,5000,0,5000,5000
052400,聯詠凱基97購01  ,0,0,0,0,0,0,0,0,0,5000,0,0,0,5000,0,5000,5000
052387,台積電群益95購08,0,0,0,0,0,0,0,0,0,5000,0,0,0,5000,0,5000,5000
052439,寶成富邦97購01  ,0,0,0,0,0,0,0,0,0,5000,0,0,0,5000,0,5000,5000
05378P,台積電凱基96售02,0,0,0,0,0,0,0,0,0,5000,0,0,0,5000,0,5000,5000
05234P,美食康和95售01  ,0,0,0,0,0,0,0,0,0,5000,0,0,0,5000,0,5000,5000
052297,旭富國票96購01  ,0,0,0,0,0,0,0,0,0,5000,0,0,0,5000,0,5000,5000
052194,旺宏元富95購04  ,0,0,0,0,0,0,0,0,0,5000,0,0,0,126000,121000,5000,5000
053990,晶技兆豐96購01  ,0,0,0,0,0,0,0,0,0,5000,0,0,0,17000,12000,5000,5000
053969,瑞昱元大97購01  ,0,0,0,0,0,0,0,0,0,5000,0,0,0,5000,0,5000,5000
05406P,台光電凱基95售02,0,0,0,0,0,0,0,0,0,5000,0,0,0,5000,0,5000,5000
054020,技嘉台新97購01  ,0,0,0,0,0,0,0,0,0,5000,0,0,0,5000,0,5000,5000
057766,矽力凱基98購03  ,0,0,0,0,0,0,0,0,0,5000,0,0,0,10000,5000,5000,5000
057400,全新群益9A購01  ,0,0,0,0,0,0,0,0,0,5000,0,0,0,5000,0,5000,5000
057410,南電群益98購01  ,0,0,0,0,0,0,0,0,0,5000,0,0,0,5000,0,5000,5000
053144,上証2X元大96購01,0,0,0,0,0,0,0,0,0,5000,0,0,0,5000,0,5000,5000
053084,國巨元大98購01  ,0,0,0,0,0,0,0,0,0,5000,0,0,0,5000,0,5000,5000
052984,漢唐元大96購01  ,0,0,0,0,0,0,0,0,0,5000,0,0,0,5000,0,5000,5000
053956,旺宏永豐96購04  ,0,0,0,0,0,0,0,0,0,5000,0,0,0,54000,49000,5000,5000
052745,欣興元大96購04  ,0,0,0,0,0,0,0,0,0,5000,0,0,0,5000,0,5000,5000
052796,和碩兆豐96購01  ,0,0,0,0,0,0,0,0,0,5000,0,0,0,5000,0,5000,5000
052799,上銀元大96購01  ,0,0,0,0,0,0,0,0,0,5000,0,0,0,5000,0,5000,5000
052831,華固群益96購01  ,0,0,0,0,0,0,0,0,0,5000,0,0,0,10000,5000,5000,5000
052826,嘉聯益永豐96購01,0,0,0,0,0,0,0,0,0,5000,0,0,0,5000,0,5000,5000
052891,台泥群益96購01  ,0,0,0,0,0,0,0,0,0,5000,0,0,0,5000,0,5000,5000
052541,大立光統一95購06,0,0,0,0,0,0,0,0,0,5000,0,0,0,5000,0,5000,5000
052530,台郡元大96購04  ,0,0,0,0,0,0,0,0,0,5000,0,0,0,5000,0,5000,5000
053941,國巨國泰96購05  ,0,0,0,0,0,0,0,0,0,5000,0,0,0,5000,0,5000,5000
053942,超眾國泰96購02  ,0,0,0,0,0,0,0,0,0,5000,0,0,0,5000,0,5000,5000
051570,和碩富邦97購01  ,0,0,0,0,0,0,0,0,0,5000,0,0,0,5000,0,5000,5000
04731P,臺股指中信96售03,0,0,0,0,0,0,0,0,0,5000,0,0,0,5000,0,5000,5000
051875,聯發科兆豐95購04,0,0,0,0,0,0,0,0,0,5000,0,0,0,5000,0,5000,5000
051905,道瓊銀元大95購01,0,0,0,0,0,0,0,0,0,5000,0,0,0,5000,0,5000,5000
04928P,大立光凱基95售07,0,0,0,0,0,0,0,0,0,5000,0,0,0,10000,5000,5000,5000
051934,緯穎國票96購01  ,0,0,0,0,0,0,0,0,0,5000,0,0,0,8000,3000,5000,5000
048790,大立光元大95購05,0,0,0,0,0,0,0,0,0,5000,0,0,0,5000,0,5000,5000
048852,旺宏群益96購02  ,0,0,0,0,0,0,0,0,0,5000,0,0,0,5000,0,5000,5000
047547,友達凱基99購02  ,0,0,0,0,0,0,0,0,0,5000,0,0,0,5000,0,5000,5000
048345,緯創元大94購01  ,0,0,0,0,0,0,0,0,0,5000,0,0,0,5000,0,5000,5000
050114,群創元大95購01  ,0,0,0,0,0,0,0,0,0,5000,0,0,0,5000,0,5000,5000
049985,華擎凱基94購01  ,0,0,0,0,0,0,0,0,0,5000,0,0,0,5000,0,5000,5000
053184,世紀鋼元富96購01,0,0,0,0,0,0,0,0,0,5000,0,0,0,15000,10000,5000,5000
050197,矽格元大94購04  ,0,0,0,0,0,0,0,0,0,5000,0,0,0,15000,10000,5000,5000
053345,欣興國票97購02  ,0,0,0,0,0,0,0,0,0,5000,0,0,0,5000,0,5000,5000
053378,台積電元大98購02,0,0,0,0,0,0,0,0,0,5000,0,0,0,35000,30000,5000,5000
053286,臺股指元大96購14,0,0,0,0,0,0,0,0,0,5000,0,0,0,5000,0,5000,5000
054823,祥碩元大97購02  ,0,0,0,0,0,0,0,0,0,5000,0,0,0,5000,0,5000,5000
054829,亞光國泰99購01  ,0,0,0,0,0,0,0,0,0,5000,0,0,0,5000,0,5000,5000
054778,世紀鋼國票99購01,0,0,0,0,0,0,0,0,0,5000,0,0,0,5000,0,5000,5000
053456,大立光元富96購04,0,0,0,0,0,0,0,0,0,5000,0,0,0,5000,0,5000,5000
053488,中石化兆豐97購01,0,0,0,0,0,0,0,0,0,5000,0,0,0,5000,0,5000,5000
053528,南電中信9A購01  ,0,0,0,0,0,0,0,0,0,5000,0,0,0,5000,0,5000,5000
053545,上銀凱基96購03  ,0,0,0,0,0,0,0,0,0,5000,0,0,0,5000,0,5000,5000
05098P,鴻海凱基95售15  ,0,0,0,0,0,0,0,0,0,5000,0,0,0,10000,5000,5000,5000
050397,力成元富94購01  ,0,0,0,0,0,0,0,0,0,5000,0,0,0,5000,0,5000,5000
051523,牧德凱基95購02  ,0,0,0,0,0,0,0,0,0,5000,0,0,0,5000,0,5000,5000
051466,玉晶光富邦97購01,0,0,0,0,0,0,0,0,0,5000,0,0,0,6000,1000,5000,5000
051397,聯茂兆豐95購03  ,0,0,0,0,0,0,0,0,0,5000,0,0,0,5000,0,5000,5000
049591,開發金元大98購01,0,0,0,0,0,0,0,0,0,5000,0,0,0,5000,0,5000,5000
050645,台積電凱基94購39,0,0,0,0,0,0,0,0,0,5000,0,0,0,5000,0,5000,5000
050626,A50正2中信96購02,0,0,0,0,0,0,0,0,0,5000,0,0,0,5000,0,5000,5000
050661,景碩元大94購02  ,0,0,0,0,0,0,0,0,0,5000,0,0,0,5000,0,5000,5000
05119P,聯發科國泰96售02,0,0,0,0,0,0,0,0,0,5000,0,0,0,5000,0,5000,5000
056399,上証2X群益9C購01,0,0,0,0,0,0,0,0,0,5000,0,0,0,5000,0,5000,5000
05524P,瀚宇博國票97售02,0,0,0,0,0,0,0,0,0,5000,0,0,0,15000,10000,5000,5000
055283,聯發科元大97購16,0,0,0,0,0,0,0,0,0,5000,0,0,0,5000,0,5000,5000
055764,臺股指群益97購02,0,0,0,0,0,0,0,0,0,5000,0,0,0,5000,0,5000,5000
055738,玉山金元富97購01,0,0,0,0,0,0,0,0,0,5000,0,0,0,5000,0,5000,5000
055719,可成元大97購03  ,0,0,0,0,0,0,0,0,0,5000,0,0,0,5000,0,5000,5000
055827,中石化元大98購01,0,0,0,0,0,0,0,0,0,5000,0,0,0,5000,0,5000,5000
056619,強茂永豐98購01  ,0,0,0,0,0,0,0,0,0,5000,0,0,0,5000,0,5000,5000
05662P,景碩元富96售01  ,0,0,0,0,0,0,0,0,0,5000,0,0,0,5000,0,5000,5000
056631,臺股指永豐98購03,0,0,0,0,0,0,0,0,0,5000,0,0,0,5000,0,5000,5000
056702,欣興國泰9A購01  ,0,0,0,0,0,0,0,0,0,5000,0,0,0,5000,0,5000,5000
056311,泰鼎元大98購01  ,0,0,0,0,0,0,0,0,0,5000,0,0,0,5000,0,5000,5000
055435,佳世達中信99購01,0,0,0,0,0,0,0,0,0,5000,0,0,0,5000,0,5000,5000
055420,欣興永豐98購01  ,0,0,0,0,0,0,0,0,0,5000,0,0,0,5000,0,5000,5000
059268,鎧勝中信01購01  ,0,0,0,0,0,0,0,0,0,5000,0,0,0,27000,22000,5000,5000
05947P,大成鋼元大96售03,0,0,0,0,0,0,0,0,0,5000,0,0,0,6000,1000,5000,5000
058738,FBVIX中信03購04 ,0,0,0,0,0,0,0,0,0,5000,0,0,0,5000,0,5000,5000
058845,元油2X群益9C購04,0,0,0,0,0,0,0,0,0,5000,0,0,0,5000,0,5000,5000
058934,台灣50中信03購03,0,0,0,0,0,0,0,0,0,5000,0,0,0,10000,5000,5000,5000
058947,SGBR2X群益9B購02,0,0,0,0,0,0,0,0,0,5000,0,0,0,10000,5000,5000,5000
058961,台灣50兆豐9C購01,0,0,0,0,0,0,0,0,0,5000,0,0,0,15000,10000,5000,5000
058999,台積電元大99購24,0,0,0,0,0,0,0,0,0,5000,0,0,0,5000,0,5000,5000
059012,臺股指元大9A購31,0,0,0,0,0,0,0,0,0,5000,0,0,0,5000,0,5000,5000
059013,臺股指元大9A購32,0,0,0,0,0,0,0,0,0,5000,0,0,0,5000,0,5000,5000
055128,致新兆豐97購01  ,0,0,0,0,0,0,0,0,0,5000,0,0,0,5000,0,5000,5000
055104,台達電凱基98購01,0,0,0,0,0,0,0,0,0,5000,0,0,0,5000,0,5000,5000
055206,台虹中信97購01  ,0,0,0,0,0,0,0,0,0,5000,0,0,0,5000,0,5000,5000
055140,晶相光永豐97購01,0,0,0,0,0,0,0,0,0,5000,0,0,0,5000,0,5000,5000
058015,旺宏凱基99購02  ,0,0,0,0,0,0,0,0,0,5000,0,0,0,15000,10000,5000,5000
055615,宏達電國票99購02,0,0,0,0,0,0,0,0,0,5000,0,0,0,5000,0,5000,5000
055645,技嘉元富97購01  ,0,0,0,0,0,0,0,0,0,5000,0,0,0,5000,0,5000,5000
056225,聯發科凱基97購09,0,0,0,0,0,0,0,0,0,5000,0,0,0,10000,5000,5000,5000
056209,超眾永豐97購02  ,0,0,0,0,0,0,0,0,0,5000,0,0,0,5000,0,5000,5000
058456,京鼎永豐99購01  ,0,0,0,0,0,0,0,0,0,5000,0,0,0,62000,57000,5000,5000
057943,可成國票99購03  ,0,0,0,0,0,0,0,0,0,5000,0,0,0,22000,17000,5000,5000
058590,南電中信9A購02  ,0,0,0,0,0,0,0,0,0,5000,0,0,0,5000,0,5000,5000
058614,台郡元大9A購01  ,0,0,0,0,0,0,0,0,0,5000,0,0,0,5000,0,5000,5000
057138,亞德客兆豐98購01,0,0,0,0,0,0,0,0,0,5000,0,0,0,5000,0,5000,5000
057190,立積元大9A購02  ,0,0,0,0,0,0,0,0,0,5000,0,0,0,5000,0,5000,5000
056166,微星台新97購01  ,0,0,0,0,0,0,0,0,0,5000,0,0,0,5000,0,5000,5000
058254,臺股指元大9A購18,0,0,0,0,0,0,0,0,0,5000,0,0,0,5000,0,5000,5000
058172,國巨凱基9B購02  ,0,0,0,0,0,0,0,0,0,5000,0,0,0,5000,0,5000,5000
058727,嘉晶富邦9A購01  ,0,0,0,0,0,0,0,0,0,5000,0,0,0,5000,0,5000,5000
055988,矽力元富97購01  ,0,0,0,0,0,0,0,0,0,5000,0,0,0,85000,80000,5000,5000
057019,台積電凱基98購14,0,0,0,0,0,0,0,0,0,5000,0,0,0,5000,0,5000,5000
057232,京元電凱基98購02,0,0,0,0,0,0,0,0,0,5000,0,0,0,5000,0,5000,5000
056980,建準群益98購02  ,0,0,0,0,0,0,0,0,0,5000,0,0,0,5000,0,5000,5000
055861,矽力元大97購03  ,0,0,0,0,0,0,0,0,0,5000,0,0,0,5000,0,5000,5000
6573,虹揚-KY         ,6000,1000,5000,0,0,0,0,0,0,0,0,0,0,0,0,0,5000
5525,順天            ,5000,0,5000,0,0,0,0,0,0,0,0,0,0,0,0,0,5000
3046,建碁            ,5000,0,5000,0,0,0,0,0,0,0,0,0,0,0,0,0,5000
2901,欣欣            ,6000,1000,5000,0,0,0,0,0,0,0,0,0,0,0,0,0,5000
3308,聯德            ,5000,0,5000,0,0,0,0,0,0,0,0,0,0,0,0,0,5000
3593,力銘            ,5000,0,5000,0,0,0,0,0,0,0,0,0,0,0,0,0,5000
06052P,台郡國票97售06  ,0,0,0,0,0,0,0,0,0,4000,0,0,0,4000,0,4000,4000
060710,上銀永豐9A購01  ,0,0,0,0,0,0,0,0,0,4000,0,0,0,18000,14000,4000,4000
059973,A50正2元大99購02,0,0,0,0,0,0,0,0,0,4000,0,0,0,6000,2000,4000,4000
059809,貿聯元富99購01  ,0,0,0,0,0,0,0,0,0,4000,0,0,0,56000,52000,4000,4000
059487,聯發科兆豐99購03,0,0,0,0,0,0,0,0,0,4000,0,0,0,4000,0,4000,4000
06801P,技嘉群益99售02  ,0,0,0,0,0,0,0,0,0,4000,0,0,0,14000,10000,4000,4000
06948P,FBVIX元大01售02 ,0,0,0,0,0,0,0,0,0,4000,0,0,0,4000,0,4000,4000
06645P,上銀元大98售05  ,0,0,0,0,0,0,0,0,0,4000,0,0,0,4000,0,4000,4000
06304P,臺股指元大97售10,0,0,0,0,0,0,0,0,0,4000,0,0,0,6000,2000,4000,4000
07332P,臺股指群益99售23,0,0,0,0,0,0,0,0,0,4000,0,0,0,4000,0,4000,4000
07277P,臺股指群益99售20,0,0,0,0,0,0,0,0,0,4000,0,0,0,4000,0,4000,4000
2712,遠雄來          ,5000,1000,4000,0,0,0,0,0,0,0,0,0,0,0,0,0,4000
1507,永大            ,14000,10000,4000,0,0,0,0,0,0,0,0,0,0,0,0,0,4000
1516,川飛            ,4000,0,4000,0,0,0,0,0,0,0,0,0,0,0,0,0,4000
1465,偉全            ,11000,7000,4000,0,0,0,0,0,0,0,0,0,0,0,0,0,4000
1468,昶和            ,4000,0,4000,0,0,0,0,0,0,0,0,0,0,0,0,0,4000
1456,怡華            ,4000,0,4000,0,0,0,0,0,0,0,0,0,0,0,0,0,4000
1525,江申            ,4000,0,4000,0,0,0,0,0,0,0,0,0,0,0,0,0,4000
1735,日勝化          ,4000,0,4000,0,0,0,0,0,0,0,0,0,0,0,0,0,4000
1307,三芳            ,42000,34000,8000,0,0,0,0,0,0,-4000,0,4000,-4000,0,0,0,4000
1235,興泰            ,4000,0,4000,0,0,0,0,0,0,0,0,0,0,0,0,0,4000
1233,天仁            ,5000,1000,4000,0,0,0,0,0,0,0,0,0,0,0,0,0,4000
07515P,台積電元大9A售15,0,0,0,0,0,0,0,0,0,4000,0,0,0,4000,0,4000,4000
050482,台郡國票94購04  ,0,0,0,0,0,0,0,0,0,4000,0,0,0,49000,45000,4000,4000
053489,上銀兆豐97購01  ,0,0,0,0,0,0,0,0,0,4000,0,0,0,51000,47000,4000,4000
053481,同欣電元大97購01,0,0,0,0,0,0,0,0,0,4000,0,0,0,4000,0,4000,4000
053293,聯發科中信9B購01,0,0,0,0,0,0,0,0,0,4000,0,0,0,4000,0,4000,4000
053253,友達國泰97購02  ,0,0,0,0,0,0,0,0,0,4000,0,0,0,4000,0,4000,4000
053234,奇鋐永豐96購01  ,0,0,0,0,0,0,0,0,0,4000,0,0,0,4000,0,4000,4000
050124,元金2X凱基95購01,0,0,0,0,0,0,0,0,0,4000,0,0,0,4000,0,4000,4000
049933,GIS元大95購01   ,0,0,0,0,0,0,0,0,0,4000,0,0,0,4000,0,4000,4000
048396,奇力新國票94購02,0,0,0,0,0,0,0,0,0,4000,0,0,0,53000,49000,4000,4000
048058,大立光國泰95購01,0,0,0,0,0,0,0,0,0,4000,0,0,0,4000,0,4000,4000
03618C,高股息凱基95牛01,0,0,0,0,0,0,0,0,0,4000,0,0,0,4000,0,4000,4000
03861P,群創元富99售01  ,0,0,0,0,0,0,0,0,0,4000,0,0,0,4000,0,4000,4000
00682U,元大美元指數    ,0,0,0,0,0,0,0,0,0,4000,0,0,0,4000,0,4000,4000
05167P,百和元富95售03  ,0,0,0,0,0,0,0,0,0,4000,0,0,0,4000,0,4000,4000
046628,大立光統一98購01,0,0,0,0,0,0,0,0,0,4000,0,0,0,4000,0,4000,4000
053940,康友元富96購01  ,0,0,0,0,0,0,0,0,0,4000,0,0,0,4000,0,4000,4000
052635,奇力新凱基98購01,0,0,0,0,0,0,0,0,0,4000,0,0,0,4000,0,4000,4000
057472,T50正2元大9B購03,0,0,0,0,0,0,0,0,0,4000,0,0,0,4000,0,4000,4000
057561,大立光兆豐98購02,0,0,0,0,0,0,0,0,0,4000,0,0,0,14000,10000,4000,4000
052226,旺宏凱基95購06  ,0,0,0,0,0,0,0,0,0,4000,0,0,0,4000,0,4000,4000
053610,矽力中信98購01  ,0,0,0,0,0,0,0,0,0,4000,0,0,0,4000,0,4000,4000
05230P,京元電群益95售01,0,0,0,0,0,0,0,0,0,4000,0,0,0,4000,0,4000,4000
054999,玉晶光元富97購03,0,0,0,0,0,0,0,0,0,4000,0,0,0,4000,0,4000,4000
054129,技嘉元大96購02  ,0,0,0,0,0,0,0,0,0,4000,0,0,0,4000,0,4000,4000
056059,美律元大98購02  ,0,0,0,0,0,0,0,0,0,4000,0,0,0,4000,0,4000,4000
058205,神達凱基9B購01  ,0,0,0,0,0,0,0,0,0,4000,0,0,0,4000,0,4000,4000
058669,上銀群益99購01  ,0,0,0,0,0,0,0,0,0,4000,0,0,0,26000,22000,4000,4000
058235,大立光元大99購08,0,0,0,0,0,0,0,0,0,4000,0,0,0,4000,0,4000,4000
058176,聯發科凱基99購05,0,0,0,0,0,0,0,0,0,4000,0,0,0,4000,0,4000,4000
056135,緯創元大98購01  ,0,0,0,0,0,0,0,0,0,4000,0,0,0,4000,0,4000,4000
057187,群創元大9B購04  ,0,0,0,0,0,0,0,0,0,4000,0,0,0,4000,0,4000,4000
057152,緯穎國票99購03  ,0,0,0,0,0,0,0,0,0,4000,0,0,0,4000,0,4000,4000
058638,矽力兆豐99購01  ,0,0,0,0,0,0,0,0,0,4000,0,0,0,4000,0,4000,4000
058541,T50反1富邦01購01,0,0,0,0,0,0,0,0,0,4000,0,0,0,4000,0,4000,4000
058442,玉晶光台新99購01,0,0,0,0,0,0,0,0,0,4000,0,0,0,390000,386000,4000,4000
058419,聯發科麥證99購02,0,0,0,0,0,0,0,0,0,4000,0,0,0,4000,0,4000,4000
058524,超眾元大99購04  ,0,0,0,0,0,0,0,0,0,4000,0,0,0,4000,0,4000,4000
058306,聯發科元大99購07,0,0,0,0,0,0,0,0,0,4000,0,0,0,4000,0,4000,4000
055586,旺宏元大98購06  ,0,0,0,0,0,0,0,0,0,4000,0,0,0,70000,66000,4000,4000
055587,智邦元大97購02  ,0,0,0,0,0,0,0,0,0,4000,0,0,0,4000,0,4000,4000
055153,台光電元大98購02,0,0,0,0,0,0,0,0,0,4000,0,0,0,4000,0,4000,4000
055185,晶相光統一97購01,0,0,0,0,0,0,0,0,0,4000,0,0,0,4000,0,4000,4000
058112,神達元富98購01  ,0,0,0,0,0,0,0,0,0,4000,0,0,0,4000,0,4000,4000
05908P,大立光元富96售05,0,0,0,0,0,0,0,0,0,4000,0,0,0,4000,0,4000,4000
058933,FBVIX台新9B購01 ,0,0,0,0,0,0,0,0,0,4000,0,0,0,4000,0,4000,4000
056273,祥碩統一97購02  ,0,0,0,0,0,0,0,0,0,4000,0,0,0,4000,0,4000,4000
05581P,華新科凱基96售07,0,0,0,0,0,0,0,0,0,4000,0,0,0,4000,0,4000,4000
056740,大立光凱基98購13,0,0,0,0,0,0,0,0,0,4000,0,0,0,10000,6000,4000,4000
4557,永新-KY         ,5000,1000,4000,0,0,0,0,0,0,0,0,0,0,0,0,0,4000
4807,日成-KY         ,6000,2000,4000,0,0,0,0,0,0,0,0,0,0,0,0,0,4000
4155,訊映            ,71000,67000,4000,0,0,0,0,0,0,0,0,0,0,0,0,0,4000
4439,冠星-KY         ,4000,0,4000,0,0,0,0,0,0,0,0,0,0,0,0,0,4000
6625,必應            ,6000,4000,2000,0,0,0,0,0,0,2000,2000,0,2000,0,0,0,4000
8478,東哥遊艇        ,5000,2000,3000,0,0,0,0,0,0,1000,1000,0,1000,0,0,0,4000
910861,神州-DR         ,4000,0,4000,0,0,0,0,0,0,0,0,0,0,0,0,0,4000
07532P,台灣50中信01售02,0,0,0,0,0,0,0,0,0,3000,0,0,0,5000,2000,3000,3000
07581P,臺股指元大9A售44,0,0,0,0,0,0,0,0,0,3000,0,0,0,6000,3000,3000,3000
08447P,緯穎永豐9C售02  ,0,0,0,0,0,0,0,0,0,3000,0,0,0,184000,181000,3000,3000
1312A,國喬特          ,0,0,0,0,0,0,0,0,0,3000,3000,0,3000,0,0,0,3000
1776,展宇            ,3000,0,3000,0,0,0,0,0,0,0,0,0,0,0,0,0,3000
2024,志聯            ,5000,3000,2000,0,0,0,0,0,0,1000,1000,0,1000,0,0,0,3000
1452,宏益            ,70000,67000,3000,0,0,0,0,0,0,0,0,0,0,0,0,0,3000
1453,大將            ,5000,2000,3000,0,0,0,0,0,0,0,0,0,0,0,0,0,3000
2227,裕日車          ,22000,14000,8000,0,0,0,12000,0,12000,-17000,3000,11000,-8000,0,9000,-9000,3000
07196P,大立光元大99售13,0,0,0,0,0,0,0,0,0,3000,0,0,0,3000,0,3000,3000
07216P,大立光凱基99售08,0,0,0,0,0,0,0,0,0,3000,0,0,0,3000,0,3000,3000
07220P,台灣50中信03售05,0,0,0,0,0,0,0,0,0,3000,0,0,0,55000,52000,3000,3000
07488P,鴻海國票9A售02  ,0,0,0,0,0,0,0,0,0,3000,0,0,0,3000,0,3000,3000
07451P,鴻海元大9B售01  ,0,0,0,0,0,0,0,0,0,3000,0,0,0,3000,0,3000,3000
06242P,大立光元富9A售02,0,0,0,0,0,0,0,0,0,3000,0,0,0,7000,4000,3000,3000
06255P,臺股指群益97售08,0,0,0,0,0,0,0,0,0,3000,0,0,0,3000,0,3000,3000
06299P,可成元大97售04  ,0,0,0,0,0,0,0,0,0,3000,0,0,0,3000,0,3000,3000
06681P,致茂元大98售02  ,0,0,0,0,0,0,0,0,0,3000,0,0,0,3000,0,3000,3000
06660P,大立光富邦9B售03,0,0,0,0,0,0,0,0,0,3000,0,0,0,3000,0,3000,3000
06581P,南亞科凱基98售04,0,0,0,0,0,0,0,0,0,3000,0,0,0,5000,2000,3000,3000
06739P,聯詠兆豐98售02  ,0,0,0,0,0,0,0,0,0,3000,0,0,0,3000,0,3000,3000
059532,華新科凱基9B購03,0,0,0,0,0,0,0,0,0,3000,0,0,0,10000,7000,3000,3000
059579,聯發科元富99購06,0,0,0,0,0,0,0,0,0,3000,0,0,0,8000,5000,3000,3000
059790,立積元大9C購02  ,0,0,0,0,0,0,0,0,0,3000,0,0,0,3000,0,3000,3000
059843,華新科富邦9B購03,0,0,0,0,0,0,0,0,0,3000,0,0,0,10000,7000,3000,3000
060036,上証2X國票99購03,0,0,0,0,0,0,0,0,0,3000,0,0,0,3000,0,3000,3000
06208P,台郡凱基97售03  ,0,0,0,0,0,0,0,0,0,3000,0,0,0,3000,0,3000,3000
06156P,大立光統一97售05,0,0,0,0,0,0,0,0,0,3000,0,0,0,3000,0,3000,3000
060356,上銀元富9A購01  ,0,0,0,0,0,0,0,0,0,3000,0,0,0,75000,72000,3000,3000
060332,聯發科麥證9A購01,0,0,0,3000,0,3000,0,0,0,3000,0,0,0,3000,0,3000,3000
055039,神達富邦99購01  ,0,0,0,0,0,0,0,0,0,3000,0,0,0,3000,0,3000,3000
054299,南電元大96購03  ,0,0,0,0,0,0,0,0,0,3000,0,0,0,3000,0,3000,3000
054383,傳奇群益97購01  ,0,0,0,0,0,0,0,0,0,3000,0,0,0,3000,0,3000,3000
053769,香港反元大99購01,0,0,0,0,0,0,0,0,0,3000,0,0,0,4000,1000,3000,3000
053759,晶相光國泰98購01,0,0,0,0,0,0,0,0,0,3000,0,0,0,3000,0,3000,3000
053628,微星兆豐96購01  ,0,0,0,0,0,0,0,0,0,3000,0,0,0,3000,0,3000,3000
052151,義隆富邦96購01  ,0,0,0,0,0,0,0,0,0,3000,0,0,0,23000,20000,3000,3000
054033,欣興中信96購02  ,0,0,0,0,0,0,0,0,0,3000,0,0,0,3000,0,3000,3000
054640,健策中信9B購01  ,0,0,0,0,0,0,0,0,0,3000,0,0,0,3000,0,3000,3000
057466,泰鼎永豐98購01  ,0,0,0,0,0,0,0,0,0,3000,0,0,0,33000,30000,3000,3000
057790,台積電統一99購04,0,0,0,0,0,0,0,0,0,3000,0,0,0,8000,5000,3000,3000
052775,滬深2X國票99購02,0,0,0,0,0,0,0,0,0,3000,0,0,0,29000,26000,3000,3000
053022,欣興國泰98購01  ,0,0,0,0,0,0,0,0,0,3000,0,0,0,3000,0,3000,3000
053071,南電群益96購01  ,0,0,0,0,0,0,0,0,0,3000,0,0,0,3000,0,3000,3000
053159,同欣電元大96購02,0,0,0,0,0,0,0,0,0,3000,0,0,0,3000,0,3000,3000
053168,晶技群益98購01  ,0,0,0,0,0,0,0,0,0,3000,0,0,0,3000,0,3000,3000
047418,智邦富邦97購01  ,0,0,0,0,0,0,0,0,0,3000,0,0,0,3000,0,3000,3000
042929,台積電中信95購02,0,0,0,0,0,0,0,0,0,3000,0,0,0,3000,0,3000,3000
05172P,臺股指元大95售16,0,0,0,0,0,0,0,0,0,3000,0,0,0,3000,0,3000,3000
05178P,大立光凱基96售05,0,0,0,0,0,0,0,0,0,3000,0,0,0,3000,0,3000,3000
048831,玉晶光凱基95購01,0,0,0,0,0,0,0,0,0,3000,0,0,0,3000,0,3000,3000
00680L,元大美債20正2   ,0,0,0,0,0,0,0,0,0,3000,0,0,0,124000,121000,3000,3000
0054,元大台商50      ,0,0,0,0,0,0,0,0,0,3000,0,0,0,4000,1000,3000,3000
00865B,國泰US短期公債  ,0,0,0,0,0,0,0,0,0,3000,0,0,0,103000,100000,3000,3000
048192,華通元大96購01  ,0,0,0,0,0,0,0,0,0,3000,0,0,0,3000,0,3000,3000
048051,大立光中信94購03,0,0,0,0,0,0,0,0,0,3000,0,0,0,3000,0,3000,3000
048379,台郡元富96購01  ,0,0,0,0,0,0,0,0,0,3000,0,0,0,3000,0,3000,3000
04842P,群創元大96售02  ,0,0,0,0,0,0,0,0,0,3000,0,0,0,3000,0,3000,3000
050039,鴻海中信94購03  ,0,0,0,0,0,0,0,0,0,3000,0,0,0,3000,0,3000,3000
053358,晶技統一98購01  ,0,0,0,0,0,0,0,0,0,3000,0,0,0,3000,0,3000,3000
054822,祥碩元大97購01  ,0,0,0,0,0,0,0,0,0,3000,0,0,0,3000,0,3000,3000
054804,南亞元大9A購01  ,0,0,0,0,0,0,0,0,0,3000,0,0,0,3000,0,3000,3000
054785,建準群益98購01  ,0,0,0,0,0,0,0,0,0,3000,0,0,0,5000,2000,3000,3000
050429,漢唐凱基94購04  ,0,0,0,0,0,0,0,0,0,3000,0,0,0,3000,0,3000,3000
050523,義隆元大94購05  ,0,0,0,0,0,0,0,0,0,3000,0,0,0,3000,0,3000,3000
050880,大立光元富95購03,0,0,0,0,0,0,0,0,0,3000,0,0,0,3000,0,3000,3000
051458,臺股指元大95購18,0,0,0,0,0,0,0,0,0,3000,0,0,0,3000,0,3000,3000
050322,世紀鋼國票95購01,0,0,0,0,0,0,0,0,0,3000,0,0,0,3000,0,3000,3000
050315,和碩兆豐95購01  ,0,0,0,0,0,0,0,0,0,3000,0,0,0,3000,0,3000,3000
051279,喬山兆豐96購01  ,0,0,0,0,0,0,0,0,0,3000,0,0,0,3000,0,3000,3000
051305,訊連凱基96購01  ,0,0,0,0,0,0,0,0,0,3000,0,0,0,3000,0,3000,3000
050673,旺宏富邦96購02  ,0,0,0,0,0,0,0,0,0,3000,0,0,0,3000,0,3000,3000
050825,嘉澤凱基95購01  ,0,0,0,0,0,0,0,0,0,3000,0,0,0,3000,0,3000,3000
05692P,聯發科中信9A售02,0,0,0,0,0,0,0,0,0,3000,0,0,0,3000,0,3000,3000
056524,欣興中信98購02  ,0,0,0,0,0,0,0,0,0,3000,0,0,0,3000,0,3000,3000
055343,國巨凱基97購03  ,0,0,0,0,0,0,0,0,0,3000,0,0,0,3000,0,3000,3000
05538P,玉晶光國票97售02,0,0,0,0,0,0,0,0,0,3000,0,0,0,270000,267000,3000,3000
059067,上銀國票9A購02  ,0,0,0,0,0,0,0,0,0,3000,0,0,0,3000,0,3000,3000
059161,鴻海凱基9A購09  ,0,0,0,0,0,0,0,0,0,3000,0,0,0,3000,0,3000,3000
058076,神達凱基98購02  ,0,0,0,0,0,0,0,0,0,3000,0,0,0,3000,0,3000,3000
056041,禾伸堂凱基98購03,0,0,0,0,0,0,0,0,0,3000,0,0,0,3000,0,3000,3000
057229,友達凱基9B購02  ,0,0,0,0,0,0,0,0,0,3000,0,0,0,3000,0,3000,3000
057646,玉山金元大98購01,0,0,0,0,0,0,0,0,0,3000,0,0,0,3000,0,3000,3000
8497,格威傳媒        ,3000,0,3000,0,0,0,0,0,0,0,0,0,0,0,0,0,3000
8427,基勝-KY         ,3000,0,3000,0,0,0,0,0,0,0,0,0,0,0,0,0,3000
8443,阿瘦            ,3000,0,3000,0,0,0,0,0,0,0,0,0,0,0,0,0,3000
6671,三能-KY         ,3000,0,3000,0,0,0,0,0,0,0,0,0,0,0,0,0,3000
6442,光聖            ,3000,0,3000,0,0,0,0,0,0,0,0,0,0,0,0,0,3000
9931,欣高            ,3000,0,3000,0,0,0,0,0,0,0,0,0,0,0,0,0,3000
8940,新天地          ,3000,0,3000,0,0,0,0,0,0,0,0,0,0,0,0,0,3000
9944,新麗            ,58000,55000,3000,0,0,0,0,0,0,0,0,0,0,0,0,0,3000
3383,新世紀          ,6000,3000,3000,0,0,0,0,0,0,0,0,0,0,0,0,0,3000
2891B,中信金乙特      ,0,0,0,0,0,0,0,0,0,3000,3000,0,3000,0,0,0,3000
060344,聯發科統一01購01,0,0,0,0,0,0,0,0,0,2000,0,0,0,2000,0,2000,2000
060373,元金2X元富9A購01,0,0,0,0,0,0,0,0,0,2000,0,0,0,17000,15000,2000,2000
06144P,台光電永豐97售01,0,0,0,0,0,0,0,0,0,2000,0,0,0,2000,0,2000,2000
06206P,台積電凱基97售11,0,0,0,0,0,0,0,0,0,2000,0,0,0,2000,0,2000,2000
06219P,國巨元富97售05  ,0,0,0,0,0,0,0,0,0,2000,0,0,0,2000,0,2000,2000
06192P,高股息中信98售01,0,0,0,0,0,0,0,0,0,2000,0,0,0,2000,0,2000,2000
06199P,聯發科元大97售17,0,0,0,0,0,0,0,0,0,2000,0,0,0,2000,0,2000,2000
06173P,華通元大97售02  ,0,0,0,0,0,0,0,0,0,2000,0,0,0,17000,15000,2000,2000
06177P,玉晶光元大98售07,0,0,0,0,0,0,0,0,0,2000,0,0,0,2000,0,2000,2000
060556,緯穎凱基9A購04  ,0,0,0,0,0,0,0,0,0,2000,0,0,0,29000,27000,2000,2000
06056P,台積電凱基98售02,0,0,0,0,0,0,0,0,0,2000,0,0,0,2000,0,2000,2000
060069,T50反1元富99購13,0,0,0,0,0,0,0,0,0,2000,0,0,0,2000,0,2000,2000
060074,台積電元富99購04,0,0,0,0,0,0,0,0,0,2000,0,0,0,12000,10000,2000,2000
059884,鴻海國票99購09  ,0,0,0,0,0,0,0,0,0,2000,0,0,0,245000,243000,2000,2000
059551,T50正2康和99購02,0,0,0,0,0,0,0,0,0,2000,0,0,0,5000,3000,2000,2000
05961P,鴻海群益97售01  ,0,0,0,0,0,0,0,0,0,2000,0,0,0,2000,0,2000,2000
06832P,玉晶光凱基98售03,0,0,0,0,0,0,0,0,0,2000,0,0,0,2000,0,2000,2000
06857P,超眾永豐98售02  ,0,0,0,0,0,0,0,0,0,2000,0,0,0,2000,0,2000,2000
06880P,鈺齊凱基98售03  ,0,0,0,0,0,0,0,0,0,2000,0,0,0,2000,0,2000,2000
06942P,台灣50台新02售01,0,0,0,0,0,0,0,0,0,2000,0,0,0,2000,0,2000,2000
07088P,訊芯永豐99售02  ,0,0,0,0,0,0,0,0,0,2000,0,0,0,2000,0,2000,2000
06583P,可成凱基98售07  ,0,0,0,0,0,0,0,0,0,2000,0,0,0,2000,0,2000,2000
06505P,康控國票99售02  ,0,0,0,0,0,0,0,0,0,2000,0,0,0,18000,16000,2000,2000
06514P,國巨凱基98售05  ,0,0,0,0,0,0,0,0,0,2000,0,0,0,2000,0,2000,2000
06500P,臺股指元大9A售05,0,0,0,0,0,0,0,0,0,2000,0,0,0,2000,0,2000,2000
06608P,立積群益99售02  ,0,0,0,0,0,0,0,0,0,2000,0,0,0,2000,0,2000,2000
06298P,聯發科元大97售20,0,0,0,0,0,0,0,0,0,2000,0,0,0,2000,0,2000,2000
06230P,亞德客永豐97售03,0,0,0,0,0,0,0,0,0,2000,0,0,0,2000,0,2000,2000
06274P,臺股指凱基97售06,0,0,0,0,0,0,0,0,0,2000,0,0,0,2000,0,2000,2000
06333P,臺股指群益9C售02,0,0,0,0,0,0,0,0,0,2000,0,0,0,2000,0,2000,2000
06376P,上銀統一99售01  ,0,0,0,0,0,0,0,0,0,2000,0,0,0,2000,0,2000,2000
06451P,聯發科元大98售04,0,0,0,0,0,0,0,0,0,2000,0,0,0,2000,0,2000,2000
06479P,聯發科中信99售02,0,0,0,0,0,0,0,0,0,2000,0,0,0,2000,0,2000,2000
07482P,南亞科元富9A售04,0,0,0,0,0,0,0,0,0,2000,0,0,0,29000,27000,2000,2000
07338P,滬深2X凱基99售02,0,0,0,0,0,0,0,0,0,2000,0,0,0,2000,0,2000,2000
07346P,FBVIX群益99售04 ,0,0,0,0,0,0,0,0,0,2000,0,0,0,2000,0,2000,2000
07379P,大立光元大99售30,0,0,0,0,0,0,0,0,0,2000,0,0,0,7000,5000,2000,2000
07374P,鴻海元大99售41  ,0,0,0,0,0,0,0,0,0,2000,0,0,0,2000,0,2000,2000
07114P,旺宏兆豐9A售01  ,0,0,0,0,0,0,0,0,0,2000,0,0,0,12000,10000,2000,2000
07158P,FBVIX國泰9C售01 ,0,0,0,0,0,0,0,0,0,2000,0,0,0,2000,0,2000,2000
2114,鑫永銓          ,19000,17000,2000,0,0,0,0,0,0,0,0,0,0,0,0,0,2000
2243,宏旭-KY         ,7000,5000,2000,0,0,0,0,0,0,0,0,0,0,0,0,0,2000
2236,百達-KY         ,2000,0,2000,0,0,0,0,0,0,0,0,0,0,0,0,0,2000
1473,台南            ,55000,53000,2000,0,0,0,0,0,0,0,0,0,0,0,0,0,2000
1583,程泰            ,2000,0,2000,0,0,0,0,0,0,0,0,0,0,0,0,0,2000
07494P,葡萄王元大9A售03,0,0,0,0,0,0,0,0,0,2000,0,0,0,70000,68000,2000,2000
049784,台積電兆豐94購05,0,0,0,0,0,0,0,0,0,2000,0,0,0,2000,0,2000,2000
049842,道瓊反中信98購01,0,0,0,0,0,0,0,0,0,2000,0,0,0,2000,0,2000,2000
049600,緯穎元大95購02  ,0,0,0,0,0,0,0,0,0,2000,0,0,0,2000,0,2000,2000
049601,矽創元大95購02  ,0,0,0,0,0,0,0,0,0,2000,0,0,0,2000,0,2000,2000
05145P,道瓊反元大98售01,0,0,0,0,0,0,0,0,0,2000,0,0,0,2000,0,2000,2000
051443,聯發科元大95購10,0,0,0,0,0,0,0,0,0,2000,0,0,0,2000,0,2000,2000
050597,聯電麥證94購01  ,0,0,0,2000,0,2000,0,0,0,2000,0,0,0,2000,0,2000,2000
053537,玉晶光永豐98購02,0,0,0,0,0,0,0,0,0,2000,0,0,0,2000,0,2000,2000
05201P,玉晶光國泰97售02,0,0,0,0,0,0,0,0,0,2000,0,0,0,2000,0,2000,2000
053391,嘉聯益元大99購01,0,0,0,0,0,0,0,0,0,2000,0,0,0,2000,0,2000,2000
053402,A50正2群益9A購02,0,0,0,0,0,0,0,0,0,2000,0,0,0,2000,0,2000,2000
05331P,上証2X國票96售01,0,0,0,0,0,0,0,0,0,2000,0,0,0,2000,0,2000,2000
048138,羅麗芬國票94購01,0,0,0,0,0,0,0,0,0,2000,0,0,0,2000,0,2000,2000
04776P,聯發科凱基94售06,0,0,0,0,0,0,0,0,0,2000,0,0,0,2000,0,2000,2000
048535,超眾國票94購02  ,0,0,0,0,0,0,0,0,0,2000,0,0,0,2000,0,2000,2000
03007X,元展07          ,0,0,0,0,0,0,0,0,0,2000,0,0,0,2000,0,2000,2000
0051,元大中型100     ,0,0,0,0,0,0,0,0,0,2000,0,0,0,4000,2000,2000,2000
00673R,元大S&P原油反1  ,124000,279000,-155000,0,0,0,0,0,0,157000,0,0,0,1041000,884000,157000,2000
00684R,元大美元指數反1 ,0,0,0,0,0,0,0,0,0,2000,0,0,0,2000,0,2000,2000
048785,台積電元大96購01,0,0,0,0,0,0,0,0,0,2000,0,0,0,2000,0,2000,2000
04885P,大立光凱基94售19,0,0,0,0,0,0,0,0,0,2000,0,0,0,102000,100000,2000,2000
049017,旺宏群益96購03  ,0,0,0,0,0,0,0,0,0,2000,0,0,0,2000,0,2000,2000
04893P,創意元大94售03  ,0,0,0,0,0,0,0,0,0,2000,0,0,0,2000,0,2000,2000
049254,台積電元大96購02,0,0,0,0,0,0,0,0,0,2000,0,0,0,2000,0,2000,2000
051792,泰鼎國票96購02  ,0,0,0,0,0,0,0,0,0,2000,0,0,0,5000,3000,2000,2000
051805,元黃金凱基97購02,0,0,0,0,0,0,0,0,0,2000,0,0,0,2000,0,2000,2000
051738,全新國票96購02  ,0,0,0,0,0,0,0,0,0,2000,0,0,0,2000,0,2000,2000
051682,元黃金凱基97購01,0,0,0,0,0,0,0,0,0,2000,0,0,0,2000,0,2000,2000
04249P,大立光統一94售04,0,0,0,0,0,0,0,0,0,2000,0,0,0,2000,0,2000,2000
03417B,臺股指凱基95熊19,0,0,0,0,0,0,0,0,0,2000,0,0,0,2000,0,2000,2000
042556,台灣50中信96購04,0,0,0,0,0,0,0,0,0,2000,0,0,0,2000,0,2000,2000
044088,國巨元富95購01  ,0,0,0,0,0,0,0,0,0,2000,0,0,0,2000,0,2000,2000
04693P,超眾群益95售01  ,0,0,0,0,0,0,0,0,0,2000,0,0,0,2000,0,2000,2000
053083,中環元大99購01  ,0,0,0,0,0,0,0,0,0,2000,0,0,0,2000,0,2000,2000
053098,國巨元富96購04  ,0,0,0,0,0,0,0,0,0,2000,0,0,0,2000,0,2000,2000
053124,聯發科凱基96購12,0,0,0,0,0,0,0,0,0,2000,0,0,0,2000,0,2000,2000
053063,力山群益98購01  ,0,0,0,0,0,0,0,0,0,2000,0,0,0,2000,0,2000,2000
05299P,旺宏元大95售04  ,0,0,0,0,0,0,0,0,0,2000,0,0,0,2000,0,2000,2000
053029,國巨第一96購01  ,0,0,0,0,0,0,0,0,0,2000,0,0,0,2000,0,2000,2000
053005,微星永豐96購01  ,0,0,0,0,0,0,0,0,0,2000,0,0,0,2000,0,2000,2000
053012,國巨統一96購03  ,0,0,0,0,0,0,0,0,0,2000,0,0,0,2000,0,2000,2000
052749,日月光元大96購02,0,0,0,0,0,0,0,0,0,2000,0,0,0,2000,0,2000,2000
052712,旺宏凱基96購02  ,0,0,0,0,0,0,0,0,0,2000,0,0,0,2000,0,2000,2000
052668,聯發科群益97購01,0,0,0,0,0,0,0,0,0,2000,0,0,0,2000,0,2000,2000
052482,茂林群益95購01  ,0,0,0,0,0,0,0,0,0,2000,0,0,0,2000,0,2000,2000
05250P,臻鼎國票96售01  ,0,0,0,0,0,0,0,0,0,2000,0,0,0,2000,0,2000,2000
057776,京元電群益98購02,0,0,0,0,0,0,0,0,0,2000,0,0,0,14000,12000,2000,2000
057379,寶成元大98購02  ,0,0,0,0,0,0,0,0,0,2000,0,0,0,2000,0,2000,2000
057368,微星元大98購02  ,0,0,0,0,0,0,0,0,0,2000,0,0,0,2000,0,2000,2000
05742P,可成元大96售04  ,0,0,0,0,0,0,0,0,0,2000,0,0,0,2000,0,2000,2000
057488,聯發科元大99購02,0,0,0,0,0,0,0,0,0,2000,0,0,0,2000,0,2000,2000
053960,晶技永豐96購02  ,0,0,0,0,0,0,0,0,0,2000,0,0,0,2000,0,2000,2000
053732,S&P反1中信9C購01,0,0,0,0,0,0,0,0,0,2000,0,0,0,2000,0,2000,2000
053653,京元電凱基96購02,0,0,0,0,0,0,0,0,0,2000,0,0,0,2000,0,2000,2000
052283,TPK凱基97購01   ,0,0,0,0,0,0,0,0,0,2000,0,0,0,2000,0,2000,2000
053874,台表科元大96購05,0,0,0,0,0,0,0,0,0,2000,0,0,0,2000,0,2000,2000
053889,致茂群益97購01  ,0,0,0,0,0,0,0,0,0,2000,0,0,0,2000,0,2000,2000
054208,台積電國票97購07,0,0,0,0,0,0,0,0,0,2000,0,0,0,2000,0,2000,2000
05460P,台郡凱基95售05  ,0,0,0,0,0,0,0,0,0,2000,0,0,0,2000,0,2000,2000
05495P,大立光統一95售07,0,0,0,0,0,0,0,0,0,2000,0,0,0,2000,0,2000,2000
055044,信錦永豐97購01  ,0,0,0,0,0,0,0,0,0,2000,0,0,0,2000,0,2000,2000
057643,聯發科元大99購03,0,0,0,0,0,0,0,0,0,2000,0,0,0,2000,0,2000,2000
055879,神達元富97購01  ,0,0,0,0,0,0,0,0,0,2000,0,0,0,2000,0,2000,2000
055880,神達元富97購02  ,0,0,0,0,0,0,0,0,0,2000,0,0,0,2000,0,2000,2000
057625,泰鼎國泰9A購01  ,0,0,0,0,0,0,0,0,0,2000,0,0,0,2000,0,2000,2000
057008,華新科中信99購02,0,0,0,0,0,0,0,0,0,2000,0,0,0,2000,0,2000,2000
055947,元油反元大98購03,0,0,0,0,0,0,0,0,0,2000,0,0,0,2000,0,2000,2000
05605P,嘉聯益元大97售02,0,0,0,0,0,0,0,0,0,2000,0,0,0,2000,0,2000,2000
055989,矽力元富9A購01  ,0,0,0,0,0,0,0,0,0,2000,0,0,0,112000,110000,2000,2000
057106,美律群益98購03  ,0,0,0,0,0,0,0,0,0,2000,0,0,0,100000,98000,2000,2000
058687,聯茂凱基9A購01  ,0,0,0,0,0,0,0,0,0,2000,0,0,0,20000,18000,2000,2000
058186,聯發科永豐99購01,0,0,0,0,0,0,0,0,0,2000,0,0,0,2000,0,2000,2000
058089,聯發科元大98購15,0,0,0,0,0,0,0,0,0,2000,0,0,0,2000,0,2000,2000
058052,南電元大98購02  ,0,0,0,0,0,0,0,0,0,2000,0,0,0,2000,0,2000,2000
058022,樺漢凱基99購02  ,0,0,0,0,0,0,0,0,0,2000,0,0,0,32000,30000,2000,2000
055126,嘉澤兆豐97購01  ,0,0,0,0,0,0,0,0,0,2000,0,0,0,2000,0,2000,2000
055546,台積電凱基97購12,0,0,0,0,0,0,0,0,0,2000,0,0,0,2000,0,2000,2000
055579,健策統一9A購01  ,0,0,0,0,0,0,0,0,0,2000,0,0,0,2000,0,2000,2000
055481,聚陽元大97購01  ,0,0,0,0,0,0,0,0,0,2000,0,0,0,2000,0,2000,2000
058360,台光電凱基9A購02,0,0,0,0,0,0,0,0,0,2000,0,0,0,12000,10000,2000,2000
058609,玉山金元大99購01,0,0,0,0,0,0,0,0,0,2000,0,0,0,2000,0,2000,2000
05792P,臺股指中信99售07,0,0,0,0,0,0,0,0,0,2000,0,0,0,2000,0,2000,2000
057912,美律日盛99購01  ,0,0,0,0,0,0,0,0,0,2000,0,0,0,2000,0,2000,2000
059223,大立光元大99購14,0,0,0,0,0,0,0,0,0,2000,0,0,0,2000,0,2000,2000
059225,臺股指元大99購18,0,0,0,0,0,0,0,0,0,2000,0,0,0,2000,0,2000,2000
059064,緯穎凱基99購02  ,0,0,0,0,0,0,0,0,0,2000,0,0,0,7000,5000,2000,2000
059093,旭富元大99購01  ,0,0,0,0,0,0,0,0,0,2000,0,0,0,2000,0,2000,2000
059077,FBVIX元大99購05 ,0,0,0,0,0,0,0,0,0,2000,0,0,0,2000,0,2000,2000
059025,台灣50台新9B購02,0,0,0,0,0,0,0,0,0,2000,0,0,0,2000,0,2000,2000
05902P,華通國票96售02  ,0,0,0,0,0,0,0,0,0,2000,0,0,0,2000,0,2000,2000
05539P,鎧勝永豐96售01  ,0,0,0,0,0,0,0,0,0,2000,0,0,0,2000,0,2000,2000
05568P,台積電統一96售03,0,0,0,0,0,0,0,0,0,2000,0,0,0,2000,0,2000,2000
055788,緯穎凱基97購04  ,0,0,0,0,0,0,0,0,0,2000,0,0,0,6000,4000,2000,2000
056643,奇力新凱基99購01,0,0,0,0,0,0,0,0,0,2000,0,0,0,6000,4000,2000,2000
056428,台達電凱基99購01,0,0,0,0,0,0,0,0,0,2000,0,0,0,2000,0,2000,2000
056386,TPK國泰99購01   ,0,0,0,0,0,0,0,0,0,2000,0,0,0,2000,0,2000,2000
056369,彩晶元大01購01  ,0,0,0,0,0,0,0,0,0,2000,0,0,0,2000,0,2000,2000
05636P,國巨永豐96售03  ,0,0,0,0,0,0,0,0,0,2000,0,0,0,2000,0,2000,2000
056920,友達兆豐98購02  ,0,0,0,0,0,0,0,0,0,2000,0,0,0,2000,0,2000,2000
056710,漢唐永豐98購01  ,0,0,0,0,0,0,0,0,0,2000,0,0,0,60000,58000,2000,2000
056836,國巨元富98購01  ,0,0,0,0,0,0,0,0,0,2000,0,0,0,2000,0,2000,2000
056837,國巨元富98購02  ,0,0,0,0,0,0,0,0,0,2000,0,0,0,2000,0,2000,2000
3130,一零四          ,2000,0,2000,0,0,0,0,0,0,0,0,0,0,0,0,0,2000
4763,材料-KY         ,21000,18000,3000,0,0,0,0,0,0,-1000,5000,6000,-1000,0,0,0,2000
4764,雙鍵            ,8000,6000,2000,0,0,0,0,0,0,0,0,0,0,0,0,0,2000
4581,光隆精密-KY     ,2000,0,2000,0,0,0,0,0,0,0,0,0,0,0,0,0,2000
4571,鈞興-KY         ,2000,0,2000,0,0,0,0,0,0,0,0,0,0,0,0,0,2000
6464,台數科          ,2000,0,2000,0,0,0,0,0,0,0,0,0,0,0,0,0,2000
6431,光麗-KY         ,4000,2000,2000,0,0,0,0,0,0,0,0,0,0,0,0,0,2000
6666,羅麗芬-KY       ,11000,9000,2000,0,0,0,0,0,0,0,0,0,0,0,0,0,2000
8488,吉源-KY         ,2000,0,2000,0,0,0,0,0,0,0,0,0,0,0,0,0,2000
8481,政伸            ,3000,1000,2000,0,0,0,0,0,0,0,0,0,0,0,0,0,2000
01002T,土銀國泰R1      ,3950,2000,1950,0,0,0,0,0,0,0,0,0,0,0,0,0,1950
07497P,鴻海元大9A售06  ,0,0,0,0,0,0,0,0,0,1000,0,0,0,1000,0,1000,1000
1109,信大            ,27000,26000,1000,0,0,0,0,0,0,0,0,0,0,0,0,0,1000
1219,福壽            ,0,0,0,0,0,0,0,0,0,1000,1000,0,1000,0,0,0,1000
1438,裕豐            ,1000,0,1000,0,0,0,0,0,0,0,0,0,0,0,0,0,1000
1341,富林-KY         ,1000,0,1000,0,0,0,0,0,0,0,0,0,0,0,0,0,1000
1470,大統新創        ,1000,0,1000,0,0,0,0,0,0,0,0,0,0,0,0,0,1000
1459,聯發            ,1000,0,1000,0,0,0,0,0,0,0,0,0,0,0,0,0,1000
2006,東和鋼鐵        ,170000,205000,-35000,0,0,0,0,0,0,36000,36000,0,36000,0,0,0,1000
2424,隴華            ,1000,0,1000,0,0,0,0,0,0,0,0,0,0,0,0,0,1000
2450,神腦            ,33000,36000,-3000,0,0,0,0,0,0,4000,4000,0,4000,0,0,0,1000
2882A,國泰特          ,0,0,0,0,0,0,0,0,0,1000,1000,0,1000,0,0,0,1000
07200P,臺股指元大99售16,0,0,0,0,0,0,0,0,0,1000,0,0,0,2000,1000,1000,1000
07367P,鴻海凱基99售17  ,0,0,0,0,0,0,0,0,0,1000,0,0,0,1000,0,1000,1000
07454P,台積電元大9A售06,0,0,0,0,0,0,0,0,0,1000,0,0,0,1000,0,1000,1000
07429P,臺股指國票9A售01,0,0,0,0,0,0,0,0,0,1000,0,0,0,1000,0,1000,1000
06448P,華通元大99售01  ,0,0,0,0,0,0,0,0,0,1000,0,0,0,1000,0,1000,1000
06431P,新日興元大97售05,0,0,0,0,0,0,0,0,0,1000,0,0,0,7000,6000,1000,1000
06307P,聚陽元富97售02  ,0,0,0,0,0,0,0,0,0,1000,0,0,0,1000,0,1000,1000
06213P,大立光元大98售07,0,0,0,0,0,0,0,0,0,1000,0,0,0,1000,0,1000,1000
06262P,國巨凱基97售07  ,0,0,0,0,0,0,0,0,0,1000,0,0,0,3000,2000,1000,1000
06655P,TPK元大98售02   ,0,0,0,0,0,0,0,0,0,1000,0,0,0,1000,0,1000,1000
07000P,T50反1元大99售03,0,0,0,0,0,0,0,0,0,1000,0,0,0,1000,0,1000,1000
07052P,臺股指中信9C售02,0,0,0,0,0,0,0,0,0,1000,0,0,0,1000,0,1000,1000
06947P,FBVIX元大01售01 ,0,0,0,0,0,0,0,0,0,1000,0,0,0,1000,0,1000,1000
06971P,台光電元大99售03,0,0,0,0,0,0,0,0,0,1000,0,0,0,21000,20000,1000,1000
06853P,華擎元富98售03  ,0,0,0,0,0,0,0,0,0,1000,0,0,0,53000,52000,1000,1000
06897P,FBVIX群益01售01 ,0,0,0,0,0,0,0,0,0,1000,0,0,0,1000,0,1000,1000
06799P,臺股指凱基98售09,0,0,0,0,0,0,0,0,0,1000,0,0,0,1000,0,1000,1000
06726P,欣興元富98售04  ,0,0,0,0,0,0,0,0,0,1000,0,0,0,1000,0,1000,1000
059649,矽力凱基99購02  ,0,0,0,0,0,0,0,0,0,1000,0,0,0,1000,0,1000,1000
059541,T50正2康和99購01,0,0,0,0,0,0,0,0,0,1000,0,0,0,15000,14000,1000,1000
059577,旺宏元富99購04  ,0,0,0,0,0,0,0,0,0,1000,0,0,0,1000,0,1000,1000
059722,南亞科元大99購02,0,0,0,0,0,0,0,0,0,1000,0,0,0,1000,0,1000,1000
059756,奇力新富邦9C購01,0,0,0,0,0,0,0,0,0,1000,0,0,0,4000,3000,1000,1000
059745,欣興元富99購04  ,0,0,0,0,0,0,0,0,0,1000,0,0,0,1000,0,1000,1000
05991P,聯茂群益96售05  ,0,0,0,0,0,0,0,0,0,1000,0,0,0,1000,0,1000,1000
060011,臺股指群益9C購06,0,0,0,0,0,0,0,0,0,1000,0,0,0,12000,11000,1000,1000
060135,台灣50國票9C購02,0,0,0,0,0,0,0,0,0,1000,0,0,0,1000,0,1000,1000
060569,台積電永豐9A購01,0,0,0,0,0,0,0,0,0,1000,0,0,0,11000,10000,1000,1000
06179P,國巨群益97售04  ,0,0,0,0,0,0,0,0,0,1000,0,0,0,11000,10000,1000,1000
060480,億豐元大9A購02  ,0,0,0,0,0,0,0,0,0,1000,0,0,0,1000,0,1000,1000
060192,欣興元富9A購01  ,0,0,0,0,0,0,0,0,0,1000,0,0,0,1000,0,1000,1000
060257,臺股指元大9B購08,0,0,0,0,0,0,0,0,0,1000,0,0,0,1000,0,1000,1000
060299,友訊國泰9B購01  ,0,0,0,0,0,0,0,0,0,1000,0,0,0,6000,5000,1000,1000
00776,新光ICE美國權值 ,0,0,0,0,0,0,0,0,0,1000,0,0,0,3000,2000,1000,1000
04756P,大立光元富94售08,0,0,0,0,0,0,0,0,0,1000,0,0,0,1000,0,1000,1000
00735,國泰臺韓科技    ,0,0,0,0,0,0,0,0,0,1000,0,0,0,116000,115000,1000,1000
00767,FH美國金融股    ,0,0,0,0,0,0,0,0,0,1000,0,0,0,1000,0,1000,1000
006204,永豐臺灣加權    ,0,0,0,0,0,0,0,0,0,1000,0,0,0,2000,1000,1000,1000
048589,國巨兆豐96購01  ,0,0,0,0,0,0,0,0,0,1000,0,0,0,11000,10000,1000,1000
048633,台達電元大94購02,0,0,0,0,0,0,0,0,0,1000,0,0,0,1000,0,1000,1000
036084,台灣50台新98購01,0,0,0,0,0,0,0,0,0,1000,0,0,0,1000,0,1000,1000
040381,元金2X元富95購01,0,0,0,0,0,0,0,0,0,1000,0,0,0,1000,0,1000,1000
03821P,上海銀統一95售01,0,0,0,0,0,0,0,0,0,1000,0,0,0,1000,0,1000,1000
047937,元金2X國票97購02,0,0,0,0,0,0,0,0,0,1000,0,0,0,1000,0,1000,1000
048001,中工元大96購01  ,0,0,0,0,0,0,0,0,0,1000,0,0,0,11000,10000,1000,1000
048498,嘉澤元大94購01  ,0,0,0,0,0,0,0,0,0,1000,0,0,0,1000,0,1000,1000
048505,滬深2X群益99購03,0,0,0,0,0,0,0,0,0,1000,0,0,0,1000,0,1000,1000
047383,鴻海元大95購01  ,0,0,0,0,0,0,0,0,0,1000,0,0,0,1000,0,1000,1000
051558,元金2X國泰97購01,0,0,0,0,0,0,0,0,0,1000,0,0,0,1000,0,1000,1000
04322P,可成元大94售01  ,0,0,0,0,0,0,0,0,0,1000,0,0,0,1000,0,1000,1000
04234P,華通群益94售02  ,0,0,0,0,0,0,0,0,0,1000,0,0,0,1000,0,1000,1000
051672,玉晶光元大96購03,0,0,0,0,0,0,0,0,0,1000,0,0,0,1000,0,1000,1000
05173P,臺股指元大95售17,0,0,0,0,0,0,0,0,0,1000,0,0,0,1000,0,1000,1000
051749,矽力國泰97購01  ,0,0,0,0,0,0,0,0,0,1000,0,0,0,1000,0,1000,1000
049156,緯穎元大96購01  ,0,0,0,0,0,0,0,0,0,1000,0,0,0,3000,2000,1000,1000
04910P,台積電統一94售12,0,0,0,0,0,0,0,0,0,1000,0,0,0,1000,0,1000,1000
051948,滬深2X元富9B購01,0,0,0,0,0,0,0,0,0,1000,0,0,0,1000,0,1000,1000
04891P,友達元大94售01  ,0,0,0,0,0,0,0,0,0,1000,0,0,0,1000,0,1000,1000
051772,玉山金中信95購01,0,0,0,0,0,0,0,0,0,1000,0,0,0,1000,0,1000,1000
053268,日月光群益96購01,0,0,0,0,0,0,0,0,0,1000,0,0,0,1000,0,1000,1000
05319P,上銀凱基95售02  ,0,0,0,0,0,0,0,0,0,1000,0,0,0,1000,0,1000,1000
049937,臺股指元大94購18,0,0,0,0,0,0,0,0,0,1000,0,0,0,1000,0,1000,1000
052053,泰鼎凱基96購01  ,0,0,0,0,0,0,0,0,0,1000,0,0,0,1000,0,1000,1000
053522,臺股指群益99購01,0,0,0,0,0,0,0,0,0,1000,0,0,0,1000,0,1000,1000
05348P,美律元富98售01  ,0,0,0,0,0,0,0,0,0,1000,0,0,0,1000,0,1000,1000
05482P,鴻海凱基95售22  ,0,0,0,0,0,0,0,0,0,1000,0,0,0,1000,0,1000,1000
053464,喬山元大96購01  ,0,0,0,0,0,0,0,0,0,1000,0,0,0,1000,0,1000,1000
053487,台泥兆豐97購01  ,0,0,0,0,0,0,0,0,0,1000,0,0,0,12000,11000,1000,1000
050869,健策永豐95購01  ,0,0,0,0,0,0,0,0,0,1000,0,0,0,1000,0,1000,1000
051014,智邦凱基95購01  ,0,0,0,0,0,0,0,0,0,1000,0,0,0,11000,10000,1000,1000
051459,臺股指元大95購19,0,0,0,0,0,0,0,0,0,1000,0,0,0,1000,0,1000,1000
050307,欣興中信95購01  ,0,0,0,0,0,0,0,0,0,1000,0,0,0,1000,0,1000,1000
049383,健策元大95購01  ,0,0,0,0,0,0,0,0,0,1000,0,0,0,1000,0,1000,1000
049436,義隆國泰96購02  ,0,0,0,0,0,0,0,0,0,1000,0,0,0,1000,0,1000,1000
051954,矽力元富95購04  ,0,0,0,0,0,0,0,0,0,1000,0,0,0,1000,0,1000,1000
049777,華新科統一94購06,0,0,0,0,0,0,0,0,0,1000,0,0,0,1000,0,1000,1000
05117P,瑞昱群益95售02  ,0,0,0,0,0,0,0,0,0,1000,0,0,0,1000,0,1000,1000
050714,深中小群益98購01,0,0,0,0,0,0,0,0,0,1000,0,0,0,1000,0,1000,1000
05075P,台積電麥證95售01,0,0,0,1000,0,1000,0,0,0,1000,0,0,0,1000,0,1000,1000
051355,聯發科元大96購01,0,0,0,0,0,0,0,0,0,1000,0,0,0,1000,0,1000,1000
054956,宏盛元大97購01  ,0,0,0,0,0,0,0,0,0,1000,0,0,0,1000,0,1000,1000
054962,玉晶光元大99購02,0,0,0,0,0,0,0,0,0,1000,0,0,0,1000,0,1000,1000
054941,凱美元大97購01  ,0,0,0,0,0,0,0,0,0,1000,0,0,0,1000,0,1000,1000
054905,國揚康和97購01  ,0,0,0,0,0,0,0,0,0,1000,0,0,0,1000,0,1000,1000
05358P,大立光元大95售09,0,0,0,0,0,0,0,0,0,1000,0,0,0,1000,0,1000,1000
05461P,台積電亞東97售01,0,0,0,0,0,0,0,0,0,1000,0,0,0,1000,0,1000,1000
054559,台光電群益99購01,0,0,0,0,0,0,0,0,0,1000,0,0,0,1000,0,1000,1000
054516,國巨元大97購02  ,0,0,0,0,0,0,0,0,0,1000,0,0,0,1000,0,1000,1000
054194,國巨麥證96購02  ,0,0,0,1000,0,1000,0,0,0,1000,0,0,0,1000,0,1000,1000
054254,晶豪科元大96購02,0,0,0,0,0,0,0,0,0,1000,0,0,0,1000,0,1000,1000
054297,台郡元大98購01  ,0,0,0,0,0,0,0,0,0,1000,0,0,0,1000,0,1000,1000
052431,茂林永豐95購03  ,0,0,0,0,0,0,0,0,0,1000,0,0,0,1000,0,1000,1000
052376,聯詠元大95購04  ,0,0,0,0,0,0,0,0,0,1000,0,0,0,1000,0,1000,1000
053662,矽力凱基97購01  ,0,0,0,0,0,0,0,0,0,1000,0,0,0,18000,17000,1000,1000
05466P,旺宏富邦97售01  ,0,0,0,0,0,0,0,0,0,1000,0,0,0,1000,0,1000,1000
054081,聯電元富96購01  ,0,0,0,0,0,0,0,0,0,1000,0,0,0,1000,0,1000,1000
057518,世紀鋼元富98購01,0,0,0,0,0,0,0,0,0,1000,0,0,0,1000,0,1000,1000
057814,聯發科元大98購12,0,0,0,0,0,0,0,0,0,1000,0,0,0,1000,0,1000,1000
057823,神達元大98購01  ,0,0,0,0,0,0,0,0,0,1000,0,0,0,1000,0,1000,1000
057326,景碩群益99購02  ,0,0,0,0,0,0,0,0,0,1000,0,0,0,1000,0,1000,1000
057760,聯發科凱基98購18,0,0,0,0,0,0,0,0,0,1000,0,0,0,1000,0,1000,1000
052505,友達日盛9B購02  ,0,0,0,0,0,0,0,0,0,1000,0,0,0,1000,0,1000,1000
052785,滬深2X中信99購03,0,0,0,0,0,0,0,0,0,1000,0,0,0,1000,0,1000,1000
052622,貿聯兆豐97購01  ,0,0,0,0,0,0,0,0,0,1000,0,0,0,1000,0,1000,1000
052818,智邦永豐96購01  ,0,0,0,0,0,0,0,0,0,1000,0,0,0,66000,65000,1000,1000
052743,華新科元大97購01,0,0,0,0,0,0,0,0,0,1000,0,0,0,1000,0,1000,1000
052731,宏達電國泰98購01,0,0,0,0,0,0,0,0,0,1000,0,0,0,1000,0,1000,1000
052755,滬深2X群益9A購01,0,0,0,0,0,0,0,0,0,1000,0,0,0,1000,0,1000,1000
052456,滬深2X元富9B購03,0,0,0,0,0,0,0,0,0,1000,0,0,0,1000,0,1000,1000
053033,智易兆豐97購01  ,0,0,0,0,0,0,0,0,0,1000,0,0,0,1000,0,1000,1000
053035,台表科兆豐97購01,0,0,0,0,0,0,0,0,0,1000,0,0,0,11000,10000,1000,1000
052979,上銀元大96購02  ,0,0,0,0,0,0,0,0,0,1000,0,0,0,1000,0,1000,1000
053160,台表科元大96購03,0,0,0,0,0,0,0,0,0,1000,0,0,0,1000,0,1000,1000
056820,欣興永豐98購02  ,0,0,0,0,0,0,0,0,0,1000,0,0,0,1000,0,1000,1000
056757,T50反1元大98購07,0,0,0,0,0,0,0,0,0,1000,0,0,0,101000,100000,1000,1000
056929,華新科台新98購01,0,0,0,0,0,0,0,0,0,1000,0,0,0,1000,0,1000,1000
056825,深中小富邦9B購01,0,0,0,0,0,0,0,0,0,1000,0,0,0,1000,0,1000,1000
056388,勤誠國泰99購01  ,0,0,0,0,0,0,0,0,0,1000,0,0,0,1000,0,1000,1000
056425,聯發科日盛9A購01,0,0,0,0,0,0,0,0,0,1000,0,0,0,1000,0,1000,1000
055299,康友元大97購02  ,0,0,0,0,0,0,0,0,0,1000,0,0,0,1000,0,1000,1000
056512,易華電永豐98購01,0,0,0,0,0,0,0,0,0,1000,0,0,0,1000,0,1000,1000
056636,台積電日盛9A購01,0,0,0,0,0,0,0,0,0,1000,0,0,0,1000,0,1000,1000
055791,臺股指凱基97購14,0,0,0,0,0,0,0,0,0,1000,0,0,0,1000,0,1000,1000
055782,新日興凱基99購01,0,0,0,0,0,0,0,0,0,1000,0,0,0,1000,0,1000,1000
055802,新日興永豐97購01,0,0,0,0,0,0,0,0,0,1000,0,0,0,1000,0,1000,1000
058968,T50正2永豐99購01,0,0,0,0,0,0,0,0,0,1000,0,0,0,1000,0,1000,1000
059050,元油2X凱基9B購08,0,0,0,0,0,0,0,0,0,1000,0,0,0,1000,0,1000,1000
059076,FBVIX元大99購04 ,0,0,0,0,0,0,0,0,0,1000,0,0,0,1000,0,1000,1000
05873P,華通群益97售02  ,0,0,0,0,0,0,0,0,0,1000,0,0,0,1000,0,1000,1000
05877P,大立光群益96售06,0,0,0,0,0,0,0,0,0,1000,0,0,0,1000,0,1000,1000
058765,緯穎群益99購03  ,0,0,0,0,0,0,0,0,0,1000,0,0,0,2000,1000,1000,1000
05875P,旺宏群益98售01  ,0,0,0,0,0,0,0,0,0,1000,0,0,0,1000,0,1000,1000
059196,聯發科永豐99購02,0,0,0,0,0,0,0,0,0,1000,0,0,0,1000,0,1000,1000
05918P,大立光元大96售11,0,0,0,0,0,0,0,0,0,1000,0,0,0,1000,0,1000,1000
059177,臺股指凱基99購28,0,0,0,0,0,0,0,0,0,1000,0,0,0,1000,0,1000,1000
059267,群創中信01購02  ,0,0,0,0,0,0,0,0,0,1000,0,0,0,1000,0,1000,1000
059480,美律群益9A購01  ,0,0,0,0,0,0,0,0,0,1000,0,0,0,5000,4000,1000,1000
057930,旺宏群益99購04  ,0,0,0,0,0,0,0,0,0,1000,0,0,0,1000,0,1000,1000
057880,金融類元大99購02,0,0,0,0,0,0,0,0,0,1000,0,0,0,1000,0,1000,1000
058538,智邦台新99購02  ,0,0,0,0,0,0,0,0,0,1000,0,0,0,3000,2000,1000,1000
058408,華通兆豐99購02  ,0,0,0,0,0,0,0,0,0,1000,0,0,0,3000,2000,1000,1000
058351,上銀凱基9A購02  ,0,0,0,0,0,0,0,0,0,1000,0,0,0,1000,0,1000,1000
058416,鴻海麥證99購01  ,0,0,0,99000,98000,1000,0,0,0,1000,0,0,0,99000,98000,1000,1000
058443,T50正2富邦01購01,0,0,0,0,0,0,0,0,0,1000,0,0,0,1000,0,1000,1000
058439,玉晶光統一01購02,0,0,0,0,0,0,0,0,0,1000,0,0,0,2000,1000,1000,1000
055456,上銀富邦99購01  ,0,0,0,0,0,0,0,0,0,1000,0,0,0,1000,0,1000,1000
056191,世紀鋼統一97購01,0,0,0,0,0,0,0,0,0,1000,0,0,0,1000,0,1000,1000
055570,華通統一98購03  ,0,0,0,0,0,0,0,0,0,1000,0,0,0,1000,0,1000,1000
055530,聯發科群益98購01,0,0,0,0,0,0,0,0,0,1000,0,0,0,1000,0,1000,1000
058118,瑞昱群益99購01  ,0,0,0,0,0,0,0,0,0,1000,0,0,0,1000,0,1000,1000
05519P,上証2X凱基98售01,0,0,0,0,0,0,0,0,0,1000,0,0,0,1000,0,1000,1000
055137,GIS富邦98購01   ,0,0,0,0,0,0,0,0,0,1000,0,0,0,1000,0,1000,1000
058016,智邦凱基98購06  ,0,0,0,0,0,0,0,0,0,1000,0,0,0,10000,9000,1000,1000
058709,臺股指元大9A購22,0,0,0,0,0,0,0,0,0,1000,0,0,0,1000,0,1000,1000
058160,奇鋐元富99購01  ,0,0,0,0,0,0,0,0,0,1000,0,0,0,240000,239000,1000,1000
057143,台郡兆豐98購01  ,0,0,0,0,0,0,0,0,0,1000,0,0,0,5000,4000,1000,1000
057194,南電元大98購01  ,0,0,0,0,0,0,0,0,0,1000,0,0,0,5000,4000,1000,1000
057139,華新科兆豐98購02,0,0,0,0,0,0,0,0,0,1000,0,0,0,11000,10000,1000,1000
057129,聯發科凱基99購03,0,0,0,0,0,0,0,0,0,1000,0,0,0,1000,0,1000,1000
056087,世芯統一97購01  ,0,0,0,0,0,0,0,0,0,1000,0,0,0,1000,0,1000,1000
056066,奇鋐元大98購02  ,0,0,0,0,0,0,0,0,0,1000,0,0,0,1000,0,1000,1000
056155,嘉晶凱基97購01  ,0,0,0,0,0,0,0,0,0,1000,0,0,0,1000,0,1000,1000
056173,廣達元富97購01  ,0,0,0,0,0,0,0,0,0,1000,0,0,0,1000,0,1000,1000
05865P,大立光元大96售09,0,0,0,0,0,0,0,0,0,1000,0,0,0,2000,1000,1000,1000
05610P,國巨群益98售01  ,0,0,0,0,0,0,0,0,0,1000,0,0,0,1000,0,1000,1000
055986,祥碩元富97購01  ,0,0,0,0,0,0,0,0,0,1000,0,0,0,1000,0,1000,1000
056049,奇力新國票98購01,0,0,0,0,0,0,0,0,0,1000,0,0,0,1000,0,1000,1000
056975,元油2X群益98購03,1000,0,1000,0,0,0,0,0,0,0,0,0,0,0,0,0,1000
057240,茂林凱基9A購01  ,0,0,0,0,0,0,0,0,0,1000,0,0,0,1000,0,1000,1000
057263,可成兆豐99購01  ,0,0,0,0,0,0,0,0,0,1000,0,0,0,1000,0,1000,1000
056963,建準永豐98購01  ,0,0,0,0,0,0,0,0,0,1000,0,0,0,18000,17000,1000,1000
8215,明基材          ,95000,94000,1000,0,0,0,0,0,0,0,0,0,0,0,0,0,1000
4562,穎漢            ,6000,5000,1000,0,0,0,0,0,0,0,0,0,0,0,0,0,1000
3515,華擎            ,913000,576000,337000,0,0,0,15000,364000,-349000,13000,28000,4000,24000,42000,53000,-11000,1000
2891C,中信金丙特      ,0,0,0,0,0,0,0,0,0,1000,1000,0,1000,0,0,0,1000
2908,特力            ,41000,40000,1000,0,0,0,0,0,0,0,0,0,0,0,0,0,1000
00636K,國泰中國A50+U   ,0,0,0,0,0,0,0,0,0,500,0,0,0,500,0,500,500
06016P,京元電凱基96售03,0,0,0,0,0,0,0,0,0,0,0,0,0,1000,1000,0,0
060479,億豐元大9A購01  ,0,0,0,0,0,0,0,0,0,0,0,0,0,11000,11000,0,0
060461,鴻海元大9A購09  ,0,0,0,0,0,0,0,0,0,0,0,0,0,9000,9000,0,0
060442,滬深2X元大9A購02,0,0,0,0,0,0,0,0,0,0,0,0,0,12000,12000,0,0
060369,滬深2X元富01購01,0,0,0,0,0,0,0,0,0,0,0,0,0,16000,16000,0,0
06034P,世芯凱基96售03  ,0,0,0,0,0,0,0,0,0,0,0,0,0,30000,30000,0,0
06195P,台積電元富97售06,0,0,0,0,0,0,0,0,0,0,0,0,0,80000,80000,0,0
06224P,可成元富97售02  ,0,0,0,0,0,0,0,0,0,0,0,0,0,16000,16000,0,0
06100P,台積電日盛97售03,0,0,0,0,0,0,0,0,0,0,0,0,0,60000,60000,0,0
060794,景碩永豐9A購02  ,0,0,0,0,0,0,0,0,0,0,0,0,0,13000,13000,0,0
060786,聯發科富邦9B購06,0,0,0,0,0,0,0,0,0,0,0,0,0,1000,1000,0,0
060747,聯鈞國票9A購02  ,0,0,0,0,0,0,0,0,0,0,0,0,0,4000,4000,0,0
060754,華通元大9A購04  ,0,0,0,0,0,0,0,0,0,0,0,0,0,3000,3000,0,0
060757,台積電元大9A購18,0,0,0,0,0,0,0,0,0,0,0,0,0,1000,1000,0,0
060732,玉晶光群益9C購02,0,0,0,0,0,0,0,0,0,0,0,0,0,1000,1000,0,0
060655,國巨統一9B購06  ,0,0,0,0,0,0,0,0,0,0,0,0,0,29000,29000,0,0
060581,玉晶光群益9B購02,0,0,0,0,0,0,0,0,0,0,0,0,0,2000,2000,0,0
060582,玉晶光群益9C購01,0,0,0,0,0,0,0,0,0,0,0,0,0,3000,3000,0,0
060584,玉晶光元富9A購01,0,0,0,0,0,0,0,0,0,0,0,0,0,121000,121000,0,0
060618,玉晶光元大9A購02,0,0,0,0,0,0,0,0,0,0,0,0,0,1000,1000,0,0
060638,玉晶光永豐9A購04,0,0,0,0,0,0,0,0,0,0,0,0,0,8000,8000,0,0
060544,國巨凱基9B購03  ,0,0,0,0,0,0,0,0,0,0,0,0,0,74000,74000,0,0
060524,國巨中信9A購03  ,0,0,0,0,0,0,0,0,0,0,0,0,0,3000,3000,0,0
06010P,國泰金元富96售01,0,0,0,0,0,0,0,0,0,0,0,0,0,20000,20000,0,0
060014,中鋼康和99購01  ,0,0,0,0,0,0,0,0,0,0,0,0,0,10000,10000,0,0
060018,國產康和99購01  ,0,0,0,0,0,0,0,0,0,0,0,0,0,68000,68000,0,0
060037,鴻海國票99購10  ,0,0,0,0,0,0,0,0,0,0,0,0,0,1000,1000,0,0
059907,道瓊指元大99購03,0,0,0,0,0,0,0,0,0,0,0,0,0,15000,15000,0,0
059721,旺宏元大99購16  ,0,0,0,0,0,0,0,0,0,0,0,0,0,7000,7000,0,0
059724,聯發科元大99購30,0,0,0,0,0,0,0,0,0,0,0,0,0,4000,4000,0,0
059716,鴻海元大99購35  ,0,0,0,0,0,0,0,0,0,0,0,0,0,4000,4000,0,0
059592,聯發科元大99購28,0,0,0,0,0,0,0,0,0,0,0,0,0,3000,3000,0,0
059593,聯發科元大99購29,0,0,0,0,0,0,0,0,0,0,0,0,0,3000,3000,0,0
059558,T50正2凱基9C購03,81000,168000,-87000,0,0,0,0,0,0,87000,0,0,0,168000,81000,87000,0
059526,鴻海凱基99購12  ,0,0,0,0,0,0,0,0,0,0,0,0,0,5000,5000,0,0
059642,健策凱基99購04  ,0,0,0,0,0,0,0,0,0,0,0,0,0,24000,24000,0,0
059665,嘉聯益元大99購06,0,0,0,0,0,0,0,0,0,0,0,0,0,18000,18000,0,0
059658,國巨元大9A購03  ,0,0,0,0,0,0,0,0,0,0,0,0,0,16000,16000,0,0
059635,華新科凱基9A購06,0,0,0,0,0,0,0,0,0,0,0,0,0,5000,5000,0,0
059605,臺股指元大9A購42,0,0,0,0,0,0,0,0,0,0,0,0,0,5000,5000,0,0
06804P,臺股指群益98售10,0,0,0,0,0,0,0,0,0,0,0,0,0,6000,6000,0,0
06819P,臺股指元富98售08,0,0,0,0,0,0,0,0,0,0,0,0,0,9000,9000,0,0
06860P,台灣50兆豐98售01,0,0,0,0,0,0,0,0,0,0,0,0,0,9000,9000,0,0
06876P,台灣50兆豐9B售01,0,0,0,0,0,0,0,0,0,0,0,0,0,9000,9000,0,0
07004P,大立光兆豐9A售01,0,0,0,0,0,0,0,0,0,0,0,0,0,10000,10000,0,0
06643P,大立光兆豐98售01,0,0,0,0,0,0,0,0,0,0,0,0,0,10000,10000,0,0
06543P,鴻海元大98售08  ,0,0,0,0,0,0,0,0,0,0,0,0,0,50000,50000,0,0
06557P,台積電兆豐98售02,0,0,0,0,0,0,0,0,0,0,0,0,0,10000,10000,0,0
06239P,奇力新元大97售08,0,0,0,0,0,0,0,0,0,0,0,0,0,20000,20000,0,0
06329P,大立光兆豐97售04,0,0,0,0,0,0,0,0,0,0,0,0,0,10000,10000,0,0
06336P,鴻海元大98售05  ,0,0,0,0,0,0,0,0,0,0,0,0,0,70000,70000,0,0
06355P,聯茂永豐97售02  ,0,0,0,0,0,0,0,0,0,0,0,0,0,15000,15000,0,0
06406P,可成元富97售04  ,0,0,0,0,0,0,0,0,0,0,0,0,0,7000,7000,0,0
07440P,臺股指麥證9B售02,0,0,0,20000,20000,0,0,0,0,0,0,0,0,20000,20000,0,0
07322P,鴻海元大99售33  ,0,0,0,0,0,0,0,0,0,0,0,0,0,2000,2000,0,0
07202P,台灣50凱基9C售04,0,0,0,0,0,0,0,0,0,0,0,0,0,800000,800000,0,0
07184P,台灣50元富01售01,0,0,0,0,0,0,0,0,0,0,0,0,0,801000,801000,0,0
07147P,高鐵元大99售01  ,0,0,0,0,0,0,0,0,0,0,0,0,0,10000,10000,0,0
07150P,和碩元大99售01  ,0,0,0,0,0,0,0,0,0,0,0,0,0,3000,3000,0,0
07273P,台灣50群益99售03,0,0,0,0,0,0,0,0,0,0,0,0,0,150000,150000,0,0
2496,卓越            ,2000,2000,0,0,0,0,0,0,0,0,0,0,0,0,0,0,0
07495P,鴻海元大9A售04  ,0,0,0,0,0,0,0,0,0,0,0,0,0,1000,1000,0,0
07496P,鴻海元大9A售05  ,0,0,0,0,0,0,0,0,0,0,0,0,0,3000,3000,0,0
07544P,大立光凱基9A售09,0,0,0,0,0,0,0,0,0,0,0,0,0,35000,35000,0,0
00625K,富邦上証+R      ,0,0,0,0,0,0,0,0,0,0,0,0,0,50000,50000,0,0
00689R,國泰20年美債反1 ,0,0,0,0,0,0,0,0,0,0,0,0,0,100000,100000,0,0
00683L,元大美元指數正2 ,0,0,0,0,0,0,0,0,0,0,0,0,0,2000,2000,0,0
00668K,國泰美國道瓊+U  ,0,0,0,0,0,0,0,0,0,0,0,0,0,100,100,0,0
00657K,國泰日經225+U   ,0,0,0,0,0,0,0,0,0,0,0,0,0,100,100,0,0
00736,國泰新興市場    ,0,0,0,0,0,0,0,0,0,0,0,0,0,104000,104000,0,0
00732,國泰RMB短期報酬 ,0,0,0,0,0,0,0,0,0,0,0,0,0,100000,100000,0,0
00707R,元大S&P日圓反1  ,0,0,0,0,0,0,0,0,0,0,0,0,0,1000,1000,0,0
03012X,元展12          ,0,0,0,0,0,0,0,0,0,0,0,0,0,2000,2000,0,0
047685,嘉聯益國泰95購01,0,0,0,0,0,0,0,0,0,0,0,0,0,40000,40000,0,0
00774B,新光中國政金綠債,0,0,0,0,0,0,0,0,0,0,0,0,0,2000,2000,0,0
00775B,新光投等債15+   ,0,0,0,0,0,0,0,0,0,0,0,0,0,2000,2000,0,0
00866,新光Shiller CAPE,0,0,0,0,0,0,0,0,0,0,0,0,0,26000,26000,0,0
048484,大立光國泰95購02,0,0,0,0,0,0,0,0,0,0,0,0,0,10000,10000,0,0
04779P,大立光凱基94售10,0,0,0,0,0,0,0,0,0,0,0,0,0,30000,30000,0,0
04866P,台積電統一95售02,0,0,0,0,0,0,0,0,0,0,0,0,0,100000,100000,0,0
048937,玉晶光永豐95購01,0,0,0,0,0,0,0,0,0,0,0,0,0,6000,6000,0,0
048938,玉晶光永豐95購02,0,0,0,0,0,0,0,0,0,0,0,0,0,9000,9000,0,0
048911,玉晶光富邦96購01,0,0,0,0,0,0,0,0,0,0,0,0,0,1000,1000,0,0
051756,台積電元大97購04,0,0,0,0,0,0,0,0,0,0,0,0,0,12000,12000,0,0
05171P,臺股指元大95售15,0,0,0,0,0,0,0,0,0,0,0,0,0,2000,2000,0,0
051673,玉晶光元大96購04,0,0,0,0,0,0,0,0,0,0,0,0,0,6000,6000,0,0
051831,緯穎元大96購04  ,0,0,0,0,0,0,0,0,0,0,0,0,0,1000,1000,0,0
051897,台光電國泰97購01,0,0,0,0,0,0,0,0,0,0,0,0,0,60000,60000,0,0
051553,牧德永豐96購02  ,0,0,0,0,0,0,0,0,0,0,0,0,0,60000,60000,0,0
051624,智邦麥證95購02  ,0,0,0,10000,10000,0,0,0,0,0,0,0,0,10000,10000,0,0
051591,玉晶光元大97購01,0,0,0,0,0,0,0,0,0,0,0,0,0,4000,4000,0,0
04631P,臺股指中信95售08,0,0,0,0,0,0,0,0,0,0,0,0,0,100000,100000,0,0
04617P,臺股指群益95售03,0,0,0,0,0,0,0,0,0,0,0,0,0,2000,2000,0,0
046570,旺宏國泰94購01  ,0,0,0,0,0,0,0,0,0,0,0,0,0,40000,40000,0,0
05079P,可成永豐95售01  ,0,0,0,0,0,0,0,0,0,0,0,0,0,16000,16000,0,0
050686,欣興兆豐96購01  ,0,0,0,0,0,0,0,0,0,0,0,0,0,15000,15000,0,0
050833,台郡凱基95購01  ,0,0,0,0,0,0,0,0,0,0,0,0,0,10000,10000,0,0
049808,聯詠元大94購03  ,0,0,0,0,0,0,0,0,0,0,0,0,0,10000,10000,0,0
050656,瑞儀凱基96購01  ,0,0,0,0,0,0,0,0,0,0,0,0,0,5000,5000,0,0
049713,鴻海凱基94購17  ,0,0,0,0,0,0,0,0,0,0,0,0,0,460000,460000,0,0
049751,牧德永豐95購01  ,0,0,0,0,0,0,0,0,0,0,0,0,0,117000,117000,0,0
049675,台光電國票95購01,0,0,0,0,0,0,0,0,0,0,0,0,0,38000,38000,0,0
050270,景碩元大94購01  ,0,0,0,0,0,0,0,0,0,0,0,0,0,5000,5000,0,0
050275,緯穎元大94購10  ,0,0,0,0,0,0,0,0,0,0,0,0,0,10000,10000,0,0
051522,玉晶光凱基95購05,0,0,0,0,0,0,0,0,0,0,0,0,0,10000,10000,0,0
05144P,美律永豐95售02  ,0,0,0,0,0,0,0,0,0,0,0,0,0,10000,10000,0,0
051470,玉晶光日盛95購01,0,0,0,0,0,0,0,0,0,0,0,0,0,10000,10000,0,0
051486,玉晶光凱基97購03,0,0,0,0,0,0,0,0,0,0,0,0,0,4000,4000,0,0
05093P,可成元大95售03  ,0,0,0,0,0,0,0,0,0,0,0,0,0,23000,23000,0,0
050968,超眾永豐95購01  ,0,0,0,0,0,0,0,0,0,0,0,0,0,33000,33000,0,0
05096P,台積電日盛95售01,0,0,0,0,0,0,0,0,0,0,0,0,0,10000,10000,0,0
050519,旺宏元大95購03  ,0,0,0,0,0,0,0,0,0,0,0,0,0,40000,40000,0,0
05471P,聯電統一95售01  ,0,0,0,0,0,0,0,0,0,0,0,0,0,10000,10000,0,0
053438,玉晶光麥證97購02,0,0,0,35000,0,35000,0,0,0,0,0,0,0,35000,35000,0,0
054761,台光電國票98購02,0,0,0,0,0,0,0,0,0,0,0,0,0,3000,3000,0,0
053517,崇越群益97購01  ,0,0,0,0,0,0,0,0,0,0,0,0,0,50000,50000,0,0
052074,鴻海元富95購10  ,0,0,0,0,0,0,0,0,0,0,0,0,0,129000,129000,0,0
050210,華新科國票94購08,0,0,0,0,0,0,0,0,0,0,0,0,0,50000,50000,0,0
053175,矽力群益96購01  ,0,0,0,0,0,0,0,0,0,0,0,0,0,5000,5000,0,0
053197,超眾元富96購02  ,0,0,0,0,0,0,0,0,0,0,0,0,0,6000,6000,0,0
053248,智伸科國票97購01,0,0,0,0,0,0,0,0,0,0,0,0,0,10000,10000,0,0
053407,台積電兆豐96購02,0,0,0,0,0,0,0,0,0,0,0,0,0,14000,14000,0,0
053315,漢唐群益96購02  ,20000,0,20000,0,0,0,0,0,0,-20000,0,0,0,0,20000,-20000,0
053129,緯穎凱基96購01  ,0,0,0,0,0,0,0,0,0,0,0,0,0,4000,4000,0,0
053112,中磊兆豐97購01  ,0,0,0,0,0,0,0,0,0,0,0,0,0,50000,50000,0,0
052989,麗豐元大98購01  ,0,0,0,0,0,0,0,0,0,0,0,0,0,124000,124000,0,0
053072,國巨台新97購01  ,0,0,0,0,0,0,0,0,0,0,0,0,0,18000,18000,0,0
052710,玉晶光日盛96購01,0,0,0,0,0,0,0,0,0,0,0,0,0,250000,250000,0,0
052806,玉晶光元大98購04,0,0,0,0,0,0,0,0,0,0,0,0,0,9000,9000,0,0
052792,大立光兆豐96購01,0,0,0,0,0,0,0,0,0,0,0,0,0,10000,10000,0,0
05291P,鴻海凱基95售16  ,0,0,0,0,0,0,0,0,0,0,0,0,0,60000,60000,0,0
057757,鴻海凱基98購13  ,0,0,0,0,0,0,0,0,0,0,0,0,0,35000,35000,0,0
057797,大立光兆豐99購01,0,0,0,0,0,0,0,0,0,0,0,0,0,10000,10000,0,0
05768P,台積電凱基96售15,0,0,0,0,0,0,0,0,0,0,0,0,0,170000,170000,0,0
057329,緯穎群益98購02  ,0,0,0,0,0,0,0,0,0,0,0,0,0,2000,2000,0,0
057365,智邦元大98購07  ,0,0,0,0,0,0,0,0,0,0,0,0,0,10000,10000,0,0
057340,玉晶光元富98購04,0,0,0,0,0,0,0,0,0,0,0,0,0,6000,6000,0,0
057342,玉晶光台新98購01,0,0,0,0,0,0,0,0,0,0,0,0,0,600000,600000,0,0
057353,玉晶光統一99購01,0,0,0,0,0,0,0,0,0,0,0,0,0,16000,16000,0,0
057513,智邦台新98購01  ,0,0,0,0,0,0,0,0,0,0,0,0,0,10000,10000,0,0
057527,億光元大98購01  ,0,0,0,0,0,0,0,0,0,0,0,0,0,140000,140000,0,0
057493,聯詠元大98購02  ,0,0,0,0,0,0,0,0,0,0,0,0,0,170000,170000,0,0
057490,可成元大98購10  ,0,0,0,0,0,0,0,0,0,0,0,0,0,50000,50000,0,0
052185,奇力新群益95購03,0,0,0,0,0,0,0,0,0,0,0,0,0,9000,9000,0,0
053625,國巨兆豐96購03  ,0,0,0,0,0,0,0,0,0,0,0,0,0,10000,10000,0,0
054627,義隆凱基98購01  ,0,0,0,0,0,0,0,0,0,0,0,0,0,30000,30000,0,0
054004,鴻海統一96購14  ,0,0,0,0,0,0,0,0,0,0,0,0,0,5000,5000,0,0
052428,嘉晶永豐95購01  ,0,0,0,0,0,0,0,0,0,0,0,0,0,35000,35000,0,0
05427P,聯發科凱基96售07,0,0,0,0,0,0,0,0,0,0,0,0,0,6000,6000,0,0
054357,可成兆豐97購02  ,0,0,0,0,0,0,0,0,0,0,0,0,0,30000,30000,0,0
054269,台光電亞東98購01,0,0,0,0,0,0,0,0,0,0,0,0,0,20000,20000,0,0
054470,緯穎國票97購04  ,0,0,0,0,0,0,0,0,0,0,0,0,0,3000,3000,0,0
054567,拓凱群益98購01  ,0,0,0,0,0,0,0,0,0,0,0,0,0,100000,100000,0,0
054621,華新科兆豐98購01,0,0,0,0,0,0,0,0,0,0,0,0,0,10000,10000,0,0
054458,復盛群益96購01  ,0,0,0,0,0,0,0,0,0,0,0,0,0,20000,20000,0,0
054413,台光電元大96購03,0,0,0,0,0,0,0,0,0,0,0,0,0,22000,22000,0,0
054862,群光群益97購01  ,0,0,0,0,0,0,0,0,0,0,0,0,0,98000,98000,0,0
054935,華通元大98購03  ,0,0,0,0,0,0,0,0,0,0,0,0,0,1000,1000,0,0
054936,鴻海元大97購10  ,0,0,0,0,0,0,0,0,0,0,0,0,0,68000,68000,0,0
054946,億光元大97購01  ,0,0,0,0,0,0,0,0,0,0,0,0,0,20000,20000,0,0
055043,中砂永豐97購01  ,0,0,0,0,0,0,0,0,0,0,0,0,0,25000,25000,0,0
054158,國巨日盛99購01  ,0,0,0,0,0,0,0,0,0,0,0,0,0,5000,5000,0,0
054137,聯詠元大97購02  ,0,0,0,0,0,0,0,0,0,0,0,0,0,20000,20000,0,0
055958,台光電元大97購02,0,0,0,0,0,0,0,0,0,0,0,0,0,75000,75000,0,0
057575,世紀鋼永豐98購02,0,0,0,0,0,0,0,0,0,0,0,0,0,10000,10000,0,0
05587P,鴻海凱基96售12  ,0,0,0,0,0,0,0,0,0,0,0,0,0,9000,9000,0,0
057639,國巨元大99購07  ,0,0,0,0,0,0,0,0,0,0,0,0,0,70000,70000,0,0
056039,宏達電凱基97購02,0,0,0,0,0,0,0,0,0,0,0,0,0,9000,9000,0,0
056006,義隆亞東97購01  ,0,0,0,0,0,0,0,0,0,0,0,0,0,137000,137000,0,0
057297,新日興永豐98購01,0,0,0,0,0,0,0,0,0,0,0,0,0,1000,1000,0,0
055079,台光電中信97購01,0,0,0,0,0,0,0,0,0,0,0,0,0,20000,20000,0,0
056164,聯茂凱基98購03  ,0,0,0,0,0,0,0,0,0,0,0,0,0,2000,2000,0,0
056174,億光元富97購01  ,0,0,0,0,0,0,0,0,0,0,0,0,0,10000,10000,0,0
056058,建準元大97購02  ,0,0,0,0,0,0,0,0,0,0,0,0,0,20000,20000,0,0
056064,大立光元大97購14,0,0,0,0,0,0,0,0,0,0,0,0,0,20000,20000,0,0
057141,嘉聯益兆豐99購01,0,0,0,0,0,0,0,0,0,0,0,0,0,10000,10000,0,0
057182,禾伸堂元大99購02,0,0,0,0,0,0,0,0,0,0,0,0,0,24000,24000,0,0
057171,台光電元大9B購01,0,0,0,0,0,0,0,0,0,0,0,0,0,19000,19000,0,0
058166,鴻海凱基9A購01  ,0,0,0,0,0,0,0,0,0,0,0,0,0,20000,20000,0,0
058674,宏達電群益99購01,0,0,0,0,0,0,0,0,0,0,0,0,0,5000,5000,0,0
058729,國巨永豐99購03  ,0,0,0,0,0,0,0,0,0,0,0,0,0,59000,59000,0,0
058206,祥碩凱基99購01  ,0,0,0,0,0,0,0,0,0,0,0,0,0,22000,22000,0,0
058194,勤誠永豐99購01  ,0,0,0,0,0,0,0,0,0,0,0,0,0,37000,37000,0,0
058068,旺宏凱基98購11  ,0,0,0,0,0,0,0,0,0,0,0,0,0,50000,50000,0,0
058077,超眾凱基98購02  ,0,0,0,0,0,0,0,0,0,0,0,0,0,30000,30000,0,0
055123,億光兆豐97購01  ,0,0,0,0,0,0,0,0,0,0,0,0,0,81000,81000,0,0
05512P,華新科台新97售01,0,0,0,0,0,0,0,0,0,0,0,0,0,1310000,1310000,0,0
055566,台表科凱基97購03,0,0,0,0,0,0,0,0,0,0,0,0,0,90000,90000,0,0
055637,亞德客元富97購01,0,0,0,0,0,0,0,0,0,0,0,0,0,10000,10000,0,0
056229,可成凱基97購04  ,0,0,0,0,0,0,0,0,0,0,0,0,0,30000,30000,0,0
056233,超眾凱基97購02  ,0,0,0,0,0,0,0,0,0,0,0,0,0,17000,17000,0,0
056239,宏達電群益98購01,0,0,0,0,0,0,0,0,0,0,0,0,0,10000,10000,0,0
055468,智邦凱基97購04  ,0,0,0,0,0,0,0,0,0,0,0,0,0,10000,10000,0,0
058427,大毅元富99購01  ,0,0,0,0,0,0,0,0,0,0,0,0,0,17000,17000,0,0
05850P,台積電兆豐96售06,0,0,0,0,0,0,0,0,0,0,0,0,0,10000,10000,0,0
058347,玉晶光群益9B購01,0,0,0,0,0,0,0,0,0,0,0,0,0,41000,41000,0,0
058412,聯發科兆豐99購01,0,0,0,0,0,0,0,0,0,0,0,0,0,10000,10000,0,0
058361,美律凱基99購06  ,0,0,0,0,0,0,0,0,0,0,0,0,0,16000,16000,0,0
058565,鴻海凱基9A購07  ,0,0,0,0,0,0,0,0,0,0,0,0,0,30000,30000,0,0
057936,健策群益99購01  ,0,0,0,0,0,0,0,0,0,0,0,0,0,29000,29000,0,0
057956,全新元大99購04  ,0,0,0,0,0,0,0,0,0,0,0,0,0,103000,103000,0,0
057910,華新科兆豐99購02,0,0,0,0,0,0,0,0,0,0,0,0,0,10000,10000,0,0
057920,奇力新凱基98購08,0,0,0,0,0,0,0,0,0,0,0,0,0,6000,6000,0,0
059466,國巨元大99購26  ,0,0,0,0,0,0,0,0,0,0,0,0,0,20000,20000,0,0
059443,嘉聯益元大9B購01,0,0,0,0,0,0,0,0,0,0,0,0,0,4000,4000,0,0
059437,京鼎元大99購02  ,0,0,0,0,0,0,0,0,0,0,0,0,0,7000,7000,0,0
059429,台積電元大99購35,0,0,0,0,0,0,0,0,0,0,0,0,0,1000,1000,0,0
059330,台灣50國票99購10,0,0,0,0,0,0,0,0,0,0,0,0,0,100000,100000,0,0
059300,國巨群益99購08  ,0,0,0,0,0,0,0,0,0,0,0,0,0,2000,2000,0,0
059320,華新科元大99購15,0,0,0,0,0,0,0,0,0,0,0,0,0,3000,3000,0,0
059241,旺宏凱基99購07  ,0,0,0,0,0,0,0,0,0,0,0,0,0,55000,55000,0,0
059224,大立光元大99購15,0,0,0,0,0,0,0,0,0,0,0,0,0,31000,31000,0,0
059230,滬深2X國票9B購02,0,0,0,0,0,0,0,0,0,0,0,0,0,5000,5000,0,0
059220,聯發科元大99購20,0,0,0,0,0,0,0,0,0,0,0,0,0,270000,270000,0,0
059209,華通元大99購08  ,0,0,0,0,0,0,0,0,0,0,0,0,0,17000,17000,0,0
05647P,聯發科國票97售02,0,0,0,0,0,0,0,0,0,0,0,0,0,5000,5000,0,0
056450,可成凱基98購05  ,0,0,0,0,0,0,0,0,0,0,0,0,0,30000,30000,0,0
058879,智邦富邦99購01  ,0,0,0,0,0,0,0,0,0,0,0,0,0,10000,10000,0,0
058861,國巨凱基9A購08  ,0,0,0,0,0,0,0,0,0,0,0,0,0,67000,67000,0,0
059053,鴻海凱基99購07  ,0,0,0,0,0,0,0,0,0,0,0,0,0,1000,1000,0,0
059112,上銀永豐99購01  ,0,0,0,0,0,0,0,0,0,0,0,0,0,10000,10000,0,0
058980,鴻海凱基99購06  ,0,0,0,0,0,0,0,0,0,0,0,0,0,49000,49000,0,0
059028,嘉聯益台新99購02,0,0,0,0,0,0,0,0,0,0,0,0,0,40000,40000,0,0
055776,宏達電凱基98購02,0,0,0,0,0,0,0,0,0,0,0,0,0,5000,5000,0,0
055354,宏達電凱基98購01,0,0,0,0,0,0,0,0,0,0,0,0,0,5000,5000,0,0
05582P,群創凱基98售06  ,0,0,0,0,0,0,0,0,0,0,0,0,0,8000,8000,0,0
055845,大立光元大97購08,0,0,0,0,0,0,0,0,0,0,0,0,0,10000,10000,0,0
056637,台光電日盛9A購01,0,0,0,0,0,0,0,0,0,0,0,0,0,8000,8000,0,0
05658P,日月光元富96售02,0,0,0,0,0,0,0,0,0,0,0,0,0,20000,20000,0,0
056676,國產元富98購01  ,0,0,0,0,0,0,0,0,0,0,0,0,0,10000,10000,0,0
056682,鴻海統一98購10  ,0,0,0,0,0,0,0,0,0,0,0,0,0,2000,2000,0,0
056295,國巨元大97購16  ,0,0,0,0,0,0,0,0,0,0,0,0,0,67000,67000,0,0
055423,亞光亞東99購01  ,0,0,0,0,0,0,0,0,0,0,0,0,0,60000,60000,0,0
056493,晶技國泰99購01  ,0,0,0,0,0,0,0,0,0,0,0,0,0,6000,6000,0,0
056557,世紀鋼凱基98購02,0,0,0,0,0,0,0,0,0,0,0,0,0,10000,10000,0,0
056577,玉晶光元大99購06,0,0,0,0,0,0,0,0,0,0,0,0,0,12000,12000,0,0
055313,南電群益97購01  ,0,0,0,0,0,0,0,0,0,0,0,0,0,50000,50000,0,0
056434,國巨凱基98購03  ,0,0,0,0,0,0,0,0,0,0,0,0,0,27000,27000,0,0
056410,康控國票99購01  ,0,0,0,0,0,0,0,0,0,0,0,0,0,24000,24000,0,0
05685P,臺股指元大96售10,0,0,0,0,0,0,0,0,0,0,0,0,0,16000,16000,0,0
05684P,臺股指元大96售09,0,0,0,0,0,0,0,0,0,0,0,0,0,90000,90000,0,0
056890,國巨元大98購11  ,0,0,0,0,0,0,0,0,0,0,0,0,0,50000,50000,0,0
057863,美律凱基9A購01  ,0,0,0,0,0,0,0,0,0,0,0,0,0,6000,6000,0,0
056747,致新凱基99購01  ,0,0,0,0,0,0,0,0,0,0,0,0,0,9000,9000,0,0
056695,景碩群益99購01  ,0,0,0,0,0,0,0,0,0,0,0,0,0,10000,10000,0,0
056737,國巨凱基9A購01  ,0,0,0,0,0,0,0,0,0,0,0,0,0,51000,51000,0,0
056738,國巨凱基9A購02  ,0,0,0,0,0,0,0,0,0,0,0,0,0,51000,51000,0,0
056817,國巨永豐98購04  ,0,0,0,0,0,0,0,0,0,0,0,0,0,87000,87000,0,0
3040,遠見            ,34000,34000,0,0,0,0,0,0,0,0,0,0,0,0,0,0,0
911616,杜康-DR         ,1000,1000,0,0,0,0,0,0,0,0,0,0,0,0,0,0,0
8467,波力-KY         ,1000,1000,0,0,0,0,0,0,0,0,0,0,0,0,0,0,0
07583P,台積電富邦9B售05,0,0,0,0,0,0,0,0,0,-1000,0,0,0,0,1000,-1000,-1000
07564P,臺股指中信01售01,0,0,0,0,0,0,0,0,0,-1000,0,0,0,0,1000,-1000,-1000
07552P,技嘉元大9A售03  ,0,0,0,0,0,0,0,0,0,-1000,0,0,0,0,1000,-1000,-1000
1526,日馳            ,73000,74000,-1000,0,0,0,0,0,0,0,0,0,0,0,0,0,-1000
1558,伸興            ,34000,35000,-1000,0,0,0,0,0,0,0,0,0,0,0,0,0,-1000
06466P,台積電統一9B售01,0,0,0,0,0,0,0,0,0,-1000,0,0,0,0,1000,-1000,-1000
06374P,台表科元大97售06,0,0,0,0,0,0,0,0,0,-1000,0,0,0,1000,2000,-1000,-1000
06549P,大立光元大98售11,0,0,0,0,0,0,0,0,0,-1000,0,0,0,0,1000,-1000,-1000
06501P,臺股指元大9A售06,0,0,0,0,0,0,0,0,0,-1000,0,0,0,7000,8000,-1000,-1000
06626P,大立光統一9A售01,0,0,0,0,0,0,0,0,0,-1000,0,0,0,1000,2000,-1000,-1000
06656P,GIS元大98售02   ,0,0,0,0,0,0,0,0,0,-1000,0,0,0,87000,88000,-1000,-1000
06674P,祥碩群益98售02  ,0,0,0,0,0,0,0,0,0,-1000,0,0,0,11000,12000,-1000,-1000
07012P,智邦群益9A售01  ,0,0,0,0,0,0,0,0,0,-1000,0,0,0,0,1000,-1000,-1000
07065P,臺股指元大9A售26,0,0,0,0,0,0,0,0,0,-1000,0,0,0,0,1000,-1000,-1000
06977P,臺股指元大9A售15,0,0,0,0,0,0,0,0,0,-1000,0,0,0,0,1000,-1000,-1000
06928P,鴻海元大99售10  ,0,0,0,0,0,0,0,0,0,-1000,0,0,0,0,1000,-1000,-1000
06917P,聯電亞東99售01  ,0,0,0,0,0,0,0,0,0,-1000,0,0,0,30000,31000,-1000,-1000
06825P,臺股指國票98售01,0,0,0,0,0,0,0,0,0,-1000,0,0,0,0,1000,-1000,-1000
06784P,臺股指元大98售01,0,0,0,0,0,0,0,0,0,-1000,0,0,0,0,1000,-1000,-1000
06773P,台灣50兆豐9A售01,0,0,0,0,0,0,0,0,0,-1000,0,0,0,7000,8000,-1000,-1000
06711P,臺股指台新99售08,0,0,0,0,0,0,0,0,0,-1000,0,0,0,0,1000,-1000,-1000
059587,華通元大9A購01  ,0,0,0,0,0,0,0,0,0,-1000,0,0,0,0,1000,-1000,-1000
060521,鴻海中信01購03  ,0,0,0,0,0,0,0,0,0,-1000,0,0,0,50000,51000,-1000,-1000
06185P,台表科元大97售05,0,0,0,0,0,0,0,0,0,-1000,0,0,0,10000,11000,-1000,-1000
060189,宏達電元富9B購03,0,0,0,0,0,0,0,0,0,-1000,0,0,0,320000,321000,-1000,-1000
054892,彩晶統一99購01  ,0,0,0,0,0,0,0,0,0,-1000,0,0,0,9000,10000,-1000,-1000
054421,臺股指元大99購03,0,0,0,0,0,0,0,0,0,-1000,0,0,0,0,1000,-1000,-1000
054525,奇鋐元富96購01  ,0,0,0,0,0,0,0,0,0,-1000,0,0,0,1000,2000,-1000,-1000
05454P,奇鋐群益95售04  ,0,0,0,0,0,0,0,0,0,-1000,0,0,0,0,1000,-1000,-1000
054189,貿聯永豐96購03  ,0,0,0,0,0,0,0,0,0,-1000,0,0,0,0,1000,-1000,-1000
053928,智易國票97購03  ,0,0,0,0,0,0,0,0,0,-1000,0,0,0,19000,20000,-1000,-1000
053643,漢唐國票97購02  ,0,0,0,0,0,0,0,0,0,-1000,0,0,0,1000,2000,-1000,-1000
053741,漢唐國票97購03  ,0,0,0,0,0,0,0,0,0,-1000,0,0,0,0,1000,-1000,-1000
054080,微星中信98購01  ,0,0,0,0,0,0,0,0,0,-1000,0,0,0,0,1000,-1000,-1000
052272,T50反1群益95購03,0,0,0,0,0,0,0,0,0,-1000,0,0,0,0,1000,-1000,-1000
052238,智易國票96購01  ,0,0,0,0,0,0,0,0,0,-1000,0,0,0,0,1000,-1000,-1000
052159,瑞昱永豐95購01  ,0,0,0,0,0,0,0,0,0,-1000,0,0,0,10000,11000,-1000,-1000
052103,台積電兆豐95購06,0,0,0,0,0,0,0,0,0,-1000,0,0,0,352000,353000,-1000,-1000
057468,台郡永豐98購01  ,0,0,0,0,0,0,0,0,0,-1000,0,0,0,3000,4000,-1000,-1000
05739P,臺股指統一97售02,0,0,0,0,0,0,0,0,0,-1000,0,0,0,0,1000,-1000,-1000
057327,玉晶光群益9A購04,0,0,0,0,0,0,0,0,0,-1000,0,0,0,3000,4000,-1000,-1000
053417,上銀永豐96購02  ,0,0,0,0,0,0,0,0,0,-1000,0,0,0,0,1000,-1000,-1000
053309,泰鼎凱基96購03  ,0,0,0,0,0,0,0,0,0,-1000,0,0,0,27000,28000,-1000,-1000
050259,鴻海元大94購14  ,0,0,0,0,0,0,0,0,0,-1000,0,0,0,0,1000,-1000,-1000
052068,瑞儀兆豐96購01  ,0,0,0,0,0,0,0,0,0,-1000,0,0,0,10000,11000,-1000,-1000
053448,智易凱基96購03  ,0,0,0,0,0,0,0,0,0,-1000,0,0,0,0,1000,-1000,-1000
054742,京鼎凱基99購01  ,0,0,0,0,0,0,0,0,0,-1000,0,0,0,25000,26000,-1000,-1000
054715,中橡康和97購01  ,0,0,0,0,0,0,0,0,0,-1000,0,0,0,0,1000,-1000,-1000
05101P,大立光凱基95售11,0,0,0,0,0,0,0,0,0,-1000,0,0,0,0,1000,-1000,-1000
050903,臺股指元大95購10,0,0,0,0,0,0,0,0,0,-1000,0,0,0,0,1000,-1000,-1000
04982P,臺股指中信94售03,0,0,0,0,0,0,0,0,0,-1000,0,0,0,0,1000,-1000,-1000
05067P,欣興兆豐96售02  ,0,0,0,0,0,0,0,0,0,-1000,0,0,0,0,1000,-1000,-1000
048732,台勝科麥證95購01,0,0,0,0,1000,-1000,0,0,0,-1000,0,0,0,0,1000,-1000,-1000
039212,台達電台新9A購01,0,0,0,0,0,0,0,0,0,-1000,0,0,0,1000,2000,-1000,-1000
04773P,金融類元大94售01,0,0,0,0,0,0,0,0,0,-1000,0,0,0,0,1000,-1000,-1000
020015,統一MSCI美低波N ,0,0,0,0,0,0,0,0,0,-1000,0,0,0,0,1000,-1000,-1000
00713,元大台灣高息低波,11000,1000,10000,0,0,0,0,0,0,-11000,0,0,0,2000,13000,-11000,-1000
006203,元大MSCI台灣    ,0,0,0,0,0,0,0,0,0,-1000,0,0,0,0,1000,-1000,-1000
0052,富邦科技        ,1000,1000,0,0,0,0,0,0,0,-1000,0,0,0,105000,106000,-1000,-1000
0053,元大電子        ,0,0,0,0,0,0,0,0,0,-1000,0,0,0,6000,7000,-1000,-1000
056878,元油2X國票99購02,0,0,0,0,0,0,0,0,0,-1000,0,0,0,0,1000,-1000,-1000
056435,台積電凱基98購09,0,0,0,0,0,0,0,0,0,-1000,0,0,0,6000,7000,-1000,-1000
056426,上証2X凱基9A購01,0,0,0,0,0,0,0,0,0,-1000,0,0,0,0,1000,-1000,-1000
055428,友達群益9C購01  ,0,1000,-1000,0,0,0,0,0,0,0,0,0,0,0,0,0,-1000
055441,緯穎國票98購01  ,0,0,0,0,0,0,0,0,0,-1000,0,0,0,6000,7000,-1000,-1000
056618,京元電永豐98購01,0,0,0,0,0,0,0,0,0,-1000,0,0,0,10000,11000,-1000,-1000
055798,聯茂富邦98購01  ,0,0,0,0,0,0,0,0,0,-1000,0,0,0,0,1000,-1000,-1000
055703,緯穎富邦98購01  ,0,0,0,0,0,0,0,0,0,-1000,0,0,0,0,1000,-1000,-1000
058917,SGBR2X元富99購03,0,0,0,0,0,0,0,0,0,-1000,0,0,0,0,1000,-1000,-1000
058742,鴻海康和99購01  ,0,0,0,0,0,0,0,0,0,-1000,0,0,0,0,1000,-1000,-1000
059260,國巨中信99購05  ,0,0,0,0,0,0,0,0,0,-1000,0,0,0,192000,193000,-1000,-1000
059391,立積凱基9A購01  ,0,0,0,0,0,0,0,0,0,-1000,0,0,0,22000,23000,-1000,-1000
058353,國巨凱基99購09  ,0,0,0,0,0,0,0,0,0,-1000,0,0,0,35000,36000,-1000,-1000
056236,台積電群益97購06,0,0,0,0,0,0,0,0,0,-1000,0,0,0,0,1000,-1000,-1000
056195,群創富邦98購01  ,0,0,0,0,0,0,0,0,0,-1000,0,0,0,0,1000,-1000,-1000
055627,亞德客永豐97購02,0,0,0,0,0,0,0,0,0,-1000,0,0,0,0,1000,-1000,-1000
055612,台光電國票97購04,0,0,0,0,0,0,0,0,0,-1000,0,0,0,0,1000,-1000,-1000
055127,台虹兆豐97購01  ,0,0,0,0,0,0,0,0,0,-1000,0,0,0,0,1000,-1000,-1000
058677,矽格群益99購01  ,0,0,0,0,0,0,0,0,0,-1000,0,0,0,0,1000,-1000,-1000
055904,貿聯亞東99購01  ,0,0,0,0,0,0,0,0,0,-1000,0,0,0,0,1000,-1000,-1000
055907,台虹兆豐98購01  ,0,0,0,0,0,0,0,0,0,-1000,0,0,0,0,1000,-1000,-1000
9941A,裕融甲特        ,0,0,0,0,0,0,0,0,0,-1000,1000,2000,-1000,0,0,0,-1000
4930,燦星網          ,14000,16000,-2000,0,0,0,0,0,0,1000,1000,0,1000,0,0,0,-1000
060284,南港元大01購01  ,0,0,0,0,0,0,0,0,0,-2000,0,0,0,51000,53000,-2000,-2000
060349,上証2X元富9A購04,0,0,0,0,0,0,0,0,0,-2000,0,0,0,0,2000,-2000,-2000
060769,國巨麥證9A購02  ,0,0,0,0,2000,-2000,0,0,0,-2000,0,0,0,0,2000,-2000,-2000
060523,鴻海中信9C購03  ,0,0,0,0,0,0,0,0,0,-2000,0,0,0,0,2000,-2000,-2000
060516,臺股指元大9B購13,0,0,0,0,0,0,0,0,0,-2000,0,0,0,0,2000,-2000,-2000
060511,群創元大9B購08  ,0,0,0,0,0,0,0,0,0,-2000,0,0,0,0,2000,-2000,-2000
060622,玉晶光元大9B購02,0,0,0,0,0,0,0,0,0,-2000,0,0,0,1000,3000,-2000,-2000
060623,玉晶光元大9C購01,0,0,0,0,0,0,0,0,0,-2000,0,0,0,0,2000,-2000,-2000
060606,玉晶光凱基9A購05,0,0,0,0,0,0,0,0,0,-2000,0,0,0,1000,3000,-2000,-2000
059544,創意亞東99購01  ,0,0,0,0,0,0,0,0,0,-2000,0,0,0,0,2000,-2000,-2000
059555,台灣50凱基9A購06,0,0,0,0,0,0,0,0,0,-2000,0,0,0,3000,5000,-2000,-2000
059647,超眾凱基99購04  ,0,0,0,0,0,0,0,0,0,-2000,0,0,0,66000,68000,-2000,-2000
059840,鴻海富邦9A購02  ,0,0,0,0,0,0,0,0,0,-2000,0,0,0,98000,100000,-2000,-2000
059826,欣興凱基99購06  ,0,0,0,0,0,0,0,0,0,-2000,0,0,0,32000,34000,-2000,-2000
059834,友達國泰9B購01  ,0,0,0,0,0,0,0,0,0,-2000,0,0,0,59000,61000,-2000,-2000
059801,T50反1元富99購10,0,0,0,0,0,0,0,0,0,-2000,0,0,0,0,2000,-2000,-2000
059992,S&P正2元富9B購04,0,0,0,0,0,0,0,0,0,-2000,0,0,0,6000,8000,-2000,-2000
06975P,臺股指元大9A售13,0,0,0,0,0,0,0,0,0,-2000,0,0,0,0,2000,-2000,-2000
07026P,超眾凱基99售03  ,0,0,0,0,0,0,0,0,0,-2000,0,0,0,3000,5000,-2000,-2000
07222P,台灣50元大01售04,0,0,0,0,0,0,0,0,0,-2000,0,0,0,0,2000,-2000,-2000
07223P,鴻海元大99售29  ,0,0,0,0,0,0,0,0,0,-2000,0,0,0,0,2000,-2000,-2000
07232P,台灣50元大01售07,0,0,0,0,0,0,0,0,0,-2000,0,0,0,0,2000,-2000,-2000
07125P,台積電元大99售22,0,0,0,0,0,0,0,0,0,-2000,0,0,0,0,2000,-2000,-2000
07181P,臺股指凱基99售23,0,0,0,0,0,0,0,0,0,-2000,0,0,0,0,2000,-2000,-2000
07377P,聯發科元大99售40,0,0,0,0,0,0,0,0,0,-2000,0,0,0,8000,10000,-2000,-2000
07491P,臺股指國票9A售09,0,0,0,0,0,0,0,0,0,-2000,0,0,0,0,2000,-2000,-2000
07590P,玉晶光國票9A售03,0,0,0,0,0,0,0,0,0,-2000,0,0,0,0,2000,-2000,-2000
07507P,國巨國票9B售02  ,0,0,0,0,0,0,0,0,0,-2000,0,0,0,0,2000,-2000,-2000
0057,富邦摩台        ,0,0,0,0,0,0,0,0,0,-2000,0,0,0,21000,23000,-2000,-2000
046680,上証反群益95購01,0,0,0,0,0,0,0,0,0,-2000,0,0,0,0,2000,-2000,-2000
042168,台灣50凱基96購01,0,0,0,0,0,0,0,0,0,-2000,0,0,0,0,2000,-2000,-2000
042953,鴻海台新01購01  ,0,0,0,0,0,0,0,0,0,-2000,0,0,0,0,2000,-2000,-2000
04250P,嘉晶統一95售02  ,0,0,0,0,0,0,0,0,0,-2000,0,0,0,18000,20000,-2000,-2000
03091X,元展85          ,0,0,0,0,0,0,0,0,0,-2000,0,0,0,0,2000,-2000,-2000
03033X,元展30          ,0,0,0,0,0,0,0,0,0,-2000,0,0,0,0,2000,-2000,-2000
05072P,聯電元富95售02  ,0,0,0,0,0,0,0,0,0,-2000,0,0,0,0,2000,-2000,-2000
050328,臻鼎永豐94購03  ,0,0,0,0,0,0,0,0,0,-2000,0,0,0,0,2000,-2000,-2000
054749,聯茂凱基98購01  ,0,0,0,0,0,0,0,0,0,-2000,0,0,0,4000,6000,-2000,-2000
053338,台光電國票97購01,0,0,0,0,0,0,0,0,0,-2000,0,0,0,0,2000,-2000,-2000
057319,奇力新凱基99購02,0,0,0,0,0,0,0,0,0,-2000,0,0,0,4000,6000,-2000,-2000
057388,奇鋐永豐98購02  ,0,0,0,0,0,0,0,0,0,-2000,0,0,0,68000,70000,-2000,-2000
052940,玉晶光兆豐97購01,0,0,0,0,0,0,0,0,0,-2000,0,0,0,0,2000,-2000,-2000
052705,超眾國票97購01  ,0,0,0,0,0,0,0,0,0,-2000,0,0,0,0,2000,-2000,-2000
053003,國巨永豐96購02  ,0,0,0,0,0,0,0,0,0,-2000,0,0,0,0,2000,-2000,-2000
052251,台光電永豐95購03,0,0,0,0,0,0,0,0,0,-2000,0,0,0,0,2000,-2000,-2000
053962,聯茂永豐96購01  ,0,0,0,0,0,0,0,0,0,-2000,0,0,0,40000,42000,-2000,-2000
05371P,臺股指中信95售10,0,0,0,0,0,0,0,0,0,-2000,0,0,0,0,2000,-2000,-2000
054538,台光電國票98購01,0,0,0,0,0,0,0,0,0,-2000,0,0,0,0,2000,-2000,-2000
054930,群電凱基98購01  ,0,0,0,0,0,0,0,0,0,-2000,0,0,0,5000,7000,-2000,-2000
055937,康舒群益97購01  ,0,0,0,0,0,0,0,0,0,-2000,0,0,0,70000,72000,-2000,-2000
056959,鴻海永豐98購03  ,0,0,0,0,0,0,0,0,0,-2000,0,0,0,0,2000,-2000,-2000
057000,亞德客國票99購01,0,0,0,0,0,0,0,0,0,-2000,0,0,0,3000,5000,-2000,-2000
057870,大立光凱基99購02,0,0,0,0,0,0,0,0,0,-2000,0,0,0,2000,4000,-2000,-2000
057278,可成元大98購06  ,0,0,0,0,0,0,0,0,0,-2000,0,0,0,378000,380000,-2000,-2000
057058,祥碩元大98購04  ,0,0,0,0,0,0,0,0,0,-2000,0,0,0,0,2000,-2000,-2000
056153,華新科凱基97購02,0,0,0,0,0,0,0,0,0,-2000,0,0,0,13000,15000,-2000,-2000
056189,樺漢統一97購02  ,0,0,0,0,0,0,0,0,0,-2000,0,0,0,225000,227000,-2000,-2000
055589,台光電元大98購04,0,0,0,0,0,0,0,0,0,-2000,0,0,0,7000,9000,-2000,-2000
05562P,鴻海元大96售16  ,0,0,0,0,0,0,0,0,0,-2000,0,0,0,0,2000,-2000,-2000
058415,祥碩兆豐99購01  ,0,0,0,0,0,0,0,0,0,-2000,0,0,0,0,2000,-2000,-2000
057901,大立光永豐98購04,0,0,0,0,0,0,0,0,0,-2000,0,0,0,0,2000,-2000,-2000
057965,臺股指元大98購14,0,0,0,0,0,0,0,0,0,-2000,0,0,0,0,2000,-2000,-2000
058577,南亞科群益99購02,0,0,0,0,0,0,0,0,0,-2000,0,0,0,0,2000,-2000,-2000
058561,T50反1凱基9A購05,0,0,0,0,0,0,0,0,0,-2000,0,0,0,0,2000,-2000,-2000
059398,滬深2X元富9C購02,0,0,0,0,0,0,0,0,0,-2000,0,0,0,0,2000,-2000,-2000
059478,FBVIX群益9A購01 ,0,0,0,0,0,0,0,0,0,-2000,0,0,0,0,2000,-2000,-2000
059249,大立光凱基99購05,0,0,0,0,0,0,0,0,0,-2000,0,0,0,41000,43000,-2000,-2000
059228,臺股指元大99購21,0,0,0,0,0,0,0,0,0,-2000,0,0,0,0,2000,-2000,-2000
058910,泰鼎元大99購03  ,0,0,0,0,0,0,0,0,0,-2000,0,0,0,346000,348000,-2000,-2000
059020,元油2X統一9B購02,0,0,0,0,0,0,0,0,0,-2000,0,0,0,35000,37000,-2000,-2000
058972,新日興永豐9A購01,0,0,0,0,0,0,0,0,0,-2000,0,0,0,2000,4000,-2000,-2000
055780,禾伸堂凱基99購01,0,0,0,0,0,0,0,0,0,-2000,0,0,0,37000,39000,-2000,-2000
055822,臺股指國票97購09,0,0,0,0,0,0,0,0,0,-2000,0,0,0,0,2000,-2000,-2000
055363,緯穎凱基98購03  ,0,0,0,0,0,0,0,0,0,-2000,0,0,0,0,2000,-2000,-2000
056340,可成凱基98購04  ,0,0,0,0,0,0,0,0,0,-2000,0,0,0,30000,32000,-2000,-2000
056572,義隆元大99購01  ,0,0,0,0,0,0,0,0,0,-2000,0,0,0,251000,253000,-2000,-2000
056518,美律國票99購01  ,0,0,0,0,0,0,0,0,0,-2000,0,0,0,0,2000,-2000,-2000
056860,正崴群益98購01  ,0,0,0,0,0,0,0,0,0,-2000,0,0,0,0,2000,-2000,-2000
056856,華通群益9A購01  ,0,0,0,0,0,0,0,0,0,-2000,0,0,0,0,2000,-2000,-2000
2888A,新光金甲特      ,0,2000,-2000,0,0,0,0,0,0,0,0,0,0,0,0,0,-2000
8480,泰昇-KY         ,12000,14000,-2000,0,0,0,0,0,0,0,0,0,0,0,0,0,-2000
07506P,中租元大9A售01  ,0,0,0,0,0,0,0,0,0,-3000,0,0,0,132000,135000,-3000,-3000
2002A,中鋼特          ,0,0,0,0,0,0,0,0,0,-3000,3000,6000,-3000,0,0,0,-3000
07435P,台積電富邦9C售07,0,0,0,0,0,0,0,0,0,-3000,0,0,0,18000,21000,-3000,-3000
07371P,滬深2X元大99售07,0,0,0,0,0,0,0,0,0,-3000,0,0,0,0,3000,-3000,-3000
07340P,鴻海凱基99售15  ,0,0,0,0,0,0,0,0,0,-3000,0,0,0,2000,5000,-3000,-3000
07169P,臺股指國票99售06,0,0,0,0,0,0,0,0,0,-3000,0,0,0,6000,9000,-3000,-3000
07023P,南電永豐99售02  ,0,0,0,0,0,0,0,0,0,-3000,0,0,0,0,3000,-3000,-3000
07053P,台灣50兆豐01售01,0,0,0,0,0,0,0,0,0,-3000,0,0,0,6000,9000,-3000,-3000
06624P,訊芯元大98售06  ,0,0,0,0,0,0,0,0,0,-3000,0,0,0,2000,5000,-3000,-3000
06424P,大成鋼永豐97售01,0,0,0,0,0,0,0,0,0,-3000,0,0,0,0,3000,-3000,-3000
059998,華航元富99購02  ,0,0,0,0,0,0,0,0,0,-3000,0,0,0,30000,33000,-3000,-3000
059988,大立光元大9A購02,0,0,0,0,0,0,0,0,0,-3000,0,0,0,18000,21000,-3000,-3000
059891,臺股指國票99購25,0,0,0,0,0,0,0,0,0,-3000,0,0,0,0,3000,-3000,-3000
060065,大立光兆豐9B購01,0,0,0,0,0,0,0,0,0,-3000,0,0,0,43000,46000,-3000,-3000
060090,台積電元大99購55,0,0,0,0,0,0,0,0,0,-3000,0,0,0,0,3000,-3000,-3000
060118,臺指反富邦9C購01,0,0,0,0,0,0,0,0,0,-3000,0,0,0,40000,43000,-3000,-3000
059709,上証2X元大9C購01,0,0,0,0,0,0,0,0,0,-3000,0,0,0,12000,15000,-3000,-3000
059696,立積永豐99購03  ,0,0,0,0,0,0,0,0,0,-3000,0,0,0,44000,47000,-3000,-3000
059657,華通元大99購09  ,0,0,0,0,0,0,0,0,0,-3000,0,0,0,0,3000,-3000,-3000
059564,鴻海凱基9A購15  ,0,0,0,0,0,0,0,0,0,-3000,0,0,0,0,3000,-3000,-3000
059552,台灣50凱基99購04,0,0,0,0,0,0,0,0,0,-3000,0,0,0,0,3000,-3000,-3000
060495,台灣50元大01購13,0,0,0,0,0,0,0,0,0,-3000,0,0,0,0,3000,-3000,-3000
06051P,嘉聯益國票97售04,0,0,0,0,0,0,0,0,0,-3000,0,0,0,8000,11000,-3000,-3000
060778,臺股指凱基9A購06,0,0,0,0,0,0,0,0,0,-3000,0,0,0,0,3000,-3000,-3000
054852,奇鋐國票98購01  ,0,0,0,0,0,0,0,0,0,-3000,0,0,0,0,3000,-3000,-3000
05414P,台表科國票96售02,0,0,0,0,0,0,0,0,0,-3000,0,0,0,0,3000,-3000,-3000
055049,智邦永豐97購01  ,0,0,0,0,0,0,0,0,0,-3000,0,0,0,30000,33000,-3000,-3000
05418P,瑞昱永豐95售02  ,0,0,0,0,0,0,0,0,0,-3000,0,0,0,0,3000,-3000,-3000
054241,深中小元大98購01,0,0,0,0,0,0,0,0,0,-3000,0,0,0,0,3000,-3000,-3000
052115,T50反1國票95購03,0,0,0,0,0,0,0,0,0,-3000,0,0,0,0,3000,-3000,-3000
052887,華通中信96購01  ,0,0,0,0,0,0,0,0,0,-3000,0,0,0,0,3000,-3000,-3000
054840,T50反1兆豐98購01,0,0,0,0,0,0,0,0,0,-3000,0,0,0,0,3000,-3000,-3000
05153P,台表科群益96售01,0,0,0,0,0,0,0,0,0,-3000,0,0,0,0,3000,-3000,-3000
04974P,聯發科凱基96售02,0,0,0,0,0,0,0,0,0,-3000,0,0,0,0,3000,-3000,-3000
03049X,元展46          ,0,0,0,0,0,0,0,0,0,-3000,0,0,0,0,3000,-3000,-3000
04751P,智邦兆豐95售02  ,0,0,0,0,0,0,0,0,0,-3000,0,0,0,0,3000,-3000,-3000
00743,國泰中國A150    ,0,0,0,0,0,0,0,0,0,-3000,0,0,0,49000,52000,-3000,-3000
03441B,臺股指凱基9A熊05,0,0,0,0,0,0,0,0,0,-3000,0,0,0,281000,284000,-3000,-3000
056922,全新兆豐99購01  ,0,0,0,0,0,0,0,0,0,-3000,0,0,0,0,3000,-3000,-3000
056764,友達元大9A購03  ,0,0,0,0,0,0,0,0,0,-3000,0,0,0,0,3000,-3000,-3000
055215,智邦凱基98購02  ,0,0,0,0,0,0,0,0,0,-3000,0,0,0,18000,21000,-3000,-3000
056330,玉晶光國票99購03,0,0,0,0,0,0,0,0,0,-3000,0,0,0,2000,5000,-3000,-3000
055665,亞德客群益97購01,0,0,0,0,0,0,0,0,0,-3000,0,0,0,0,3000,-3000,-3000
058998,鴻海元大99購22  ,0,0,0,0,0,0,0,0,0,-3000,0,0,0,4000,7000,-3000,-3000
059136,臺股指群益99購11,0,0,0,0,0,0,0,0,0,-3000,0,0,0,7000,10000,-3000,-3000
058854,樺漢群益9B購01  ,0,0,0,0,0,0,0,0,0,-3000,0,0,0,5000,8000,-3000,-3000
058802,矽創元大99購02  ,0,0,0,0,0,0,0,0,0,-3000,0,0,0,8000,11000,-3000,-3000
059164,旺宏凱基99購06  ,0,0,0,0,0,0,0,0,0,-3000,0,0,0,8000,11000,-3000,-3000
059264,台光電中信99購02,0,0,0,0,0,0,0,0,0,-3000,0,0,0,250000,253000,-3000,-3000
057963,緯穎元大98購08  ,0,0,0,0,0,0,0,0,0,-3000,0,0,0,2000,5000,-3000,-3000
057895,全新元富9B購01  ,0,0,0,0,0,0,0,0,0,-3000,0,0,0,0,3000,-3000,-3000
058110,光寶科元富98購01,0,0,0,0,0,0,0,0,0,-3000,0,0,0,39000,42000,-3000,-3000
058128,FBVIX元大9C購02 ,0,0,0,0,0,0,0,0,0,-3000,0,0,0,0,3000,-3000,-3000
058167,鴻海凱基9A購03  ,0,0,0,0,0,0,0,0,0,-3000,0,0,0,0,3000,-3000,-3000
058215,貿聯群益99購02  ,0,0,0,0,0,0,0,0,0,-3000,0,0,0,0,3000,-3000,-3000
055983,全新元富9A購02  ,0,0,0,0,0,0,0,0,0,-3000,0,0,0,0,3000,-3000,-3000
055925,上銀群益97購01  ,0,0,0,0,0,0,0,0,0,-3000,0,0,0,0,3000,-3000,-3000
911868,同方友友-DR     ,0,3000,-3000,0,0,0,0,0,0,0,0,0,0,0,0,0,-3000
060738,矽格統一9C購01  ,0,0,0,0,0,0,0,0,0,-4000,0,0,0,0,4000,-4000,-4000
060705,台光電富邦9B購01,0,0,0,0,0,0,0,0,0,-4000,0,0,0,19000,23000,-4000,-4000
060393,泰鼎群益9A購01  ,0,0,0,0,0,0,0,0,0,-4000,0,0,0,25000,29000,-4000,-4000
060389,世紀鋼凱基9B購02,0,0,0,0,0,0,0,0,0,-4000,0,0,0,11000,15000,-4000,-4000
059613,泰鼎永豐99購02  ,0,0,0,0,0,0,0,0,0,-4000,0,0,0,140000,144000,-4000,-4000
059714,A50正2元大9C購01,0,0,0,0,0,0,0,0,0,-4000,0,0,0,35000,39000,-4000,-4000
059811,高股息凱基99購02,0,0,0,0,0,0,0,0,0,-4000,0,0,0,11000,15000,-4000,-4000
059821,美律凱基99購08  ,0,0,0,0,0,0,0,0,0,-4000,0,0,0,0,4000,-4000,-4000
059782,A50正2元大9C購04,0,0,0,0,0,0,0,0,0,-4000,0,0,0,0,4000,-4000,-4000
059868,台光電凱基99購03,0,0,0,0,0,0,0,0,0,-4000,0,0,0,53000,57000,-4000,-4000
06771P,台灣50中信02售01,0,0,0,0,0,0,0,0,0,-4000,0,0,0,11000,15000,-4000,-4000
07177P,臺股指凱基99售19,0,0,0,0,0,0,0,0,0,-4000,0,0,0,0,4000,-4000,-4000
07278P,台灣50元富9C售03,0,0,0,0,0,0,0,0,0,-4000,0,0,0,0,4000,-4000,-4000
07448P,台灣50元大9A售08,0,0,0,0,0,0,0,0,0,-4000,0,0,0,11000,15000,-4000,-4000
07566P,台積電台新9B售02,0,0,0,0,0,0,0,0,0,-4000,0,0,0,0,4000,-4000,-4000
1110,東泥            ,10000,14000,-4000,0,0,0,0,0,0,0,0,0,0,0,0,0,-4000
2881B,富邦金乙特      ,0,5000,-5000,0,0,0,0,0,0,1000,1000,0,1000,0,0,0,-4000
03951P,新光金凱基95售01,0,0,0,0,0,0,0,0,0,-4000,0,0,0,0,4000,-4000,-4000
051667,光磊元大96購02  ,0,0,0,0,0,0,0,0,0,-4000,0,0,0,41000,45000,-4000,-4000
051721,玉晶光永豐96購02,0,0,0,0,0,0,0,0,0,-4000,0,0,0,110000,114000,-4000,-4000
053451,致新凱基96購02  ,0,0,0,0,0,0,0,0,0,-4000,0,0,0,6000,10000,-4000,-4000
053064,國巨群益96購04  ,0,0,0,0,0,0,0,0,0,-4000,0,0,0,556000,560000,-4000,-4000
054697,凌華永豐97購01  ,0,0,0,0,0,0,0,0,0,-4000,0,0,0,16000,20000,-4000,-4000
053875,GIS元大97購01   ,0,0,0,0,0,0,0,0,0,-4000,0,0,0,431000,435000,-4000,-4000
054333,茂林永豐96購03  ,0,0,0,0,0,0,0,0,0,-4000,0,0,0,0,4000,-4000,-4000
054416,禾伸堂元大97購01,0,0,0,0,0,0,0,0,0,-4000,0,0,0,2000,6000,-4000,-4000
057084,立積統一9B購01  ,0,0,0,0,0,0,0,0,0,-4000,0,0,0,0,4000,-4000,-4000
058218,緯穎群益99購01  ,0,0,0,0,0,0,0,0,0,-4000,0,0,0,3000,7000,-4000,-4000
05608P,聯發科凱基96售10,0,0,0,0,0,0,0,0,0,-4000,0,0,0,0,4000,-4000,-4000
056213,建準國票98購02  ,0,0,0,0,0,0,0,0,0,-4000,0,0,0,0,4000,-4000,-4000
057962,超眾元大99購03  ,0,0,0,0,0,0,0,0,0,-4000,0,0,0,1000,5000,-4000,-4000
058606,聯發科元大99購13,0,0,0,0,0,0,0,0,0,-4000,0,0,0,7000,11000,-4000,-4000
059229,臺股指元大99購22,0,0,0,0,0,0,0,0,0,-4000,0,0,0,0,4000,-4000,-4000
059428,國巨元大99購25  ,0,0,0,0,0,0,0,0,0,-4000,0,0,0,21000,25000,-4000,-4000
059392,臺股指凱基99購38,0,0,0,0,0,0,0,0,0,-4000,0,0,0,0,4000,-4000,-4000
058873,美律國票9A購02  ,0,0,0,0,0,0,0,0,0,-4000,0,0,0,2000,6000,-4000,-4000
058994,道瓊指元大99購01,0,0,0,0,0,0,0,0,0,-4000,0,0,0,1000,5000,-4000,-4000
05893P,國巨兆豐96售04  ,0,0,0,0,0,0,0,0,0,-4000,0,0,0,0,4000,-4000,-4000
056286,奇鋐永豐97購01  ,0,0,0,0,0,0,0,0,0,-4000,0,0,0,0,4000,-4000,-4000
056621,宏達電永豐98購01,0,0,0,0,0,0,0,0,0,-4000,0,0,0,34000,38000,-4000,-4000
055339,緯穎兆豐98購01  ,0,0,0,0,0,0,0,0,0,-4000,0,0,0,2000,6000,-4000,-4000
056876,群創凱基98購11  ,0,0,0,0,0,0,0,0,0,-4000,0,0,0,0,4000,-4000,-4000
2882B,國泰金乙特      ,0,5000,-5000,0,0,0,0,0,0,0,0,0,0,0,0,0,-5000
07586P,FBVIX台新9A售01 ,0,0,0,0,0,0,0,0,0,-5000,0,0,0,0,5000,-5000,-5000
08818P,台灣50凱基01售18,0,0,0,0,0,0,0,0,0,-5000,0,0,0,0,5000,-5000,-5000
07533P,臺股指中信9C售04,0,0,0,0,0,0,0,0,0,-5000,0,0,0,15000,20000,-5000,-5000
07493P,台灣50元大9A售10,0,0,0,0,0,0,0,0,0,-5000,0,0,0,0,5000,-5000,-5000
07465P,台灣50元大9C售24,0,0,0,0,0,0,0,0,0,-5000,0,0,0,6000,11000,-5000,-5000
07328P,FBVIX國泰9B售01 ,0,0,0,0,0,0,0,0,0,-5000,0,0,0,0,5000,-5000,-5000
07330P,台灣50群益9A售08,0,0,0,0,0,0,0,0,0,-5000,0,0,0,2000,7000,-5000,-5000
07373P,A50正2元大99售01,0,0,0,0,0,0,0,0,0,-5000,0,0,0,10000,15000,-5000,-5000
07397P,大立光群益99售10,0,0,0,0,0,0,0,0,0,-5000,0,0,0,0,5000,-5000,-5000
07246P,旺宏凱基99售08  ,0,0,0,0,0,0,0,0,0,-5000,0,0,0,10000,15000,-5000,-5000
07215P,大立光凱基99售07,0,0,0,0,0,0,0,0,0,-5000,0,0,0,0,5000,-5000,-5000
07123P,鴻海元大99售23  ,0,0,0,0,0,0,0,0,0,-5000,0,0,0,0,5000,-5000,-5000
06735P,奇力新凱基98售07,0,0,0,0,0,0,0,0,0,-5000,0,0,0,0,5000,-5000,-5000
07022P,嘉晶永豐99售02  ,0,0,0,0,0,0,0,0,0,-5000,0,0,0,25000,30000,-5000,-5000
07064P,臺股指元大9A售25,0,0,0,0,0,0,0,0,0,-5000,0,0,0,0,5000,-5000,-5000
06347P,祥碩元富97售02  ,0,0,0,0,0,0,0,0,0,-5000,0,0,0,0,5000,-5000,-5000
06275P,臺股指凱基97售07,0,0,0,0,0,0,0,0,0,-5000,0,0,0,0,5000,-5000,-5000
06502P,A50中信98售01   ,0,0,0,0,0,0,0,0,0,-5000,0,0,0,15000,20000,-5000,-5000
06495P,華新科亞東9A售01,0,0,0,0,0,0,0,0,0,-5000,0,0,0,105000,110000,-5000,-5000
06568P,國巨永豐98售05  ,0,0,0,0,0,0,0,0,0,-5000,0,0,0,0,5000,-5000,-5000
06569P,可成永豐98售01  ,0,0,0,0,0,0,0,0,0,-5000,0,0,0,0,5000,-5000,-5000
059899,上証2X元大9C購04,0,0,0,0,0,0,0,0,0,-5000,0,0,0,0,5000,-5000,-5000
060053,聯發科凱基9B購02,0,0,0,0,0,0,0,0,0,-5000,0,0,0,36000,41000,-5000,-5000
059837,健策國泰9B購01  ,0,0,0,0,0,0,0,0,0,-5000,0,0,0,37000,42000,-5000,-5000
059719,台積電元大99購42,0,0,0,0,0,0,0,0,0,-5000,0,0,0,45000,50000,-5000,-5000
059731,康控元大99購04  ,0,0,0,0,0,0,0,0,0,-5000,0,0,0,27000,32000,-5000,-5000
059751,華通群益9B購03  ,0,0,0,0,0,0,0,0,0,-5000,0,0,0,1000,6000,-5000,-5000
059528,華新科凱基99購06,0,0,0,0,0,0,0,0,0,-5000,0,0,0,5000,10000,-5000,-5000
059489,上証2X國票9A購01,0,0,0,0,0,0,0,0,0,-5000,0,0,0,0,5000,-5000,-5000
06035P,同欣電凱基96售03,0,0,0,0,0,0,0,0,0,-5000,0,0,0,0,5000,-5000,-5000
060462,鴻海元大9A購10  ,0,0,0,0,0,0,0,0,0,-5000,0,0,0,0,5000,-5000,-5000
060320,元金2X群益02購01,0,0,0,0,0,0,0,0,0,-5000,0,0,0,0,5000,-5000,-5000
060167,禾聯碩永豐9A購01,0,0,0,0,0,0,0,0,0,-5000,0,0,0,0,5000,-5000,-5000
060741,滬深2X國票9A購05,0,0,0,0,0,0,0,0,0,-5000,0,0,0,0,5000,-5000,-5000
060658,台灣50凱基01購04,0,0,0,0,0,0,0,0,0,-5000,0,0,0,5000,10000,-5000,-5000
06075P,智邦凱基97售02  ,0,0,0,0,0,0,0,0,0,-5000,0,0,0,0,5000,-5000,-5000
060799,茂林永豐9A購01  ,0,0,0,0,0,0,0,0,0,-5000,0,0,0,0,5000,-5000,-5000
060579,上証2X群益9C購04,0,0,0,0,0,0,0,0,0,-5000,0,0,0,0,5000,-5000,-5000
054514,道瓊銀元大98購01,0,0,0,0,0,0,0,0,0,-5000,0,0,0,0,5000,-5000,-5000
055030,帆宣國泰99購02  ,0,0,0,0,0,0,0,0,0,-5000,0,0,0,0,5000,-5000,-5000
054895,南電統一97購01  ,0,0,0,0,0,0,0,0,0,-5000,0,0,0,22000,27000,-5000,-5000
054910,信錦凱基97購01  ,0,0,0,0,0,0,0,0,0,-5000,0,0,0,0,5000,-5000,-5000
05235P,健鼎康和95售02  ,0,0,0,0,0,0,0,0,0,-5000,0,0,0,0,5000,-5000,-5000
054066,緯穎國票97購03  ,0,0,0,0,0,0,0,0,0,-5000,0,0,0,2000,7000,-5000,-5000
052202,矽力統一96購01  ,0,0,0,0,0,0,0,0,0,-5000,0,0,0,5000,10000,-5000,-5000
052706,台虹國票97購01  ,0,0,0,0,0,0,0,0,0,-5000,0,0,0,39000,44000,-5000,-5000
057362,元油2X元大98購12,0,5000,-5000,0,0,0,0,0,0,0,0,0,0,0,0,0,-5000
057540,緯穎日盛99購01  ,0,0,0,0,0,0,0,0,0,-5000,0,0,0,0,5000,-5000,-5000
052049,緯創凱基97購01  ,0,0,0,0,0,0,0,0,0,-5000,0,0,0,5000,10000,-5000,-5000
053230,達方台新97購01  ,0,0,0,0,0,0,0,0,0,-5000,0,0,0,0,5000,-5000,-5000
049797,台積電元大94購17,0,0,0,0,0,0,0,0,0,-5000,0,0,0,0,5000,-5000,-5000
050648,全新凱基96購01  ,0,0,0,0,0,0,0,0,0,-5000,0,0,0,0,5000,-5000,-5000
05124P,華新科富邦97售02,0,0,0,0,0,0,0,0,0,-5000,0,0,0,0,5000,-5000,-5000
051402,玉晶光永豐95購04,0,0,0,0,0,0,0,0,0,-5000,0,0,0,0,5000,-5000,-5000
051375,道瓊反群益9A購01,0,0,0,0,0,0,0,0,0,-5000,0,0,0,0,5000,-5000,-5000
051709,TPK群益95購02   ,0,0,0,0,0,0,0,0,0,-5000,0,0,0,0,5000,-5000,-5000
051904,深100元大95購01 ,0,0,0,0,0,0,0,0,0,-5000,0,0,0,0,5000,-5000,-5000
03650C,T50反1元大98牛05,0,0,0,0,0,0,0,0,0,-5000,0,0,0,0,5000,-5000,-5000
047993,鑽全元大96購01  ,0,0,0,0,0,0,0,0,0,-5000,0,0,0,0,5000,-5000,-5000
03010X,元展10          ,0,0,0,0,0,0,0,0,0,-5000,0,0,0,0,5000,-5000,-5000
00657,國泰日經225     ,0,0,0,0,0,0,0,0,0,-5000,0,0,0,100000,105000,-5000,-5000
056877,群創凱基99購04  ,0,0,0,0,0,0,0,0,0,-5000,0,0,0,0,5000,-5000,-5000
056776,聯茂元大99購01  ,0,0,0,0,0,0,0,0,0,-5000,0,0,0,15000,20000,-5000,-5000
055335,健策兆豐98購01  ,0,0,0,0,0,0,0,0,0,-5000,0,0,0,0,5000,-5000,-5000
056707,鴻海富邦99購03  ,0,0,0,0,0,0,0,0,0,-5000,0,0,0,0,5000,-5000,-5000
055730,建準元富97購02  ,0,0,0,0,0,0,0,0,0,-5000,0,0,0,0,5000,-5000,-5000
055382,台郡元大99購01  ,0,0,0,0,0,0,0,0,0,-5000,0,0,0,60000,65000,-5000,-5000
058985,可成凱基99購03  ,0,0,0,0,0,0,0,0,0,-5000,0,0,0,0,5000,-5000,-5000
058846,鴻海群益99購03  ,0,0,0,0,0,0,0,0,0,-5000,0,0,0,0,5000,-5000,-5000
058792,鴻海元大99購18  ,0,0,0,0,0,0,0,0,0,-5000,0,0,0,10000,15000,-5000,-5000
059202,禾聯碩永豐99購01,0,0,0,0,0,0,0,0,0,-5000,0,0,0,0,5000,-5000,-5000
059162,國巨凱基99購12  ,0,0,0,0,0,0,0,0,0,-5000,0,0,0,56000,61000,-5000,-5000
059251,大立光凱基9A購04,0,0,0,0,0,0,0,0,0,-5000,0,0,0,0,5000,-5000,-5000
059248,華新科凱基99購04,0,0,0,0,0,0,0,0,0,-5000,0,0,0,0,5000,-5000,-5000
059243,聯發科凱基99購12,0,0,0,0,0,0,0,0,0,-5000,0,0,0,12000,17000,-5000,-5000
056208,崇越永豐97購01  ,0,0,0,0,0,0,0,0,0,-5000,0,0,0,0,5000,-5000,-5000
055122,國巨兆豐98購01  ,0,0,0,0,0,0,0,0,0,-5000,0,0,0,5000,10000,-5000,-5000
058042,鴻海元大98購12  ,0,0,0,0,0,0,0,0,0,-5000,0,0,0,0,5000,-5000,-5000
057994,技嘉中信98購01  ,0,0,0,0,0,0,0,0,0,-5000,0,0,0,10000,15000,-5000,-5000
055067,禾聯碩永豐97購01,0,0,0,0,0,0,0,0,0,-5000,0,0,0,0,5000,-5000,-5000
056138,群創元大9B購01  ,0,0,0,0,0,0,0,0,0,-5000,0,0,0,0,5000,-5000,-5000
05506P,茂林凱基96售03  ,0,0,0,0,0,0,0,0,0,-5000,0,0,0,141000,146000,-5000,-5000
058249,緯穎元大99購04  ,0,0,0,0,0,0,0,0,0,-5000,0,0,0,9000,14000,-5000,-5000
057087,台郡統一99購01  ,0,0,0,0,0,0,0,0,0,-5000,0,0,0,29000,34000,-5000,-5000
057264,新光金兆豐98購01,0,0,0,0,0,0,0,0,0,-5000,0,0,0,0,5000,-5000,-5000
055960,義隆元大97購01  ,0,0,0,0,0,0,0,0,0,-5000,0,0,0,200000,205000,-5000,-5000
057632,傳奇永豐98購01  ,0,0,0,0,0,0,0,0,0,-5000,0,0,0,80000,85000,-5000,-5000
912000,晨訊科-DR       ,0,5000,-5000,0,0,0,0,0,0,0,0,0,0,0,0,0,-5000
6414,樺漢            ,238000,92000,146000,0,0,0,0,158000,-158000,7000,7000,3000,4000,15000,12000,3000,-5000
6582,申豐            ,46000,56000,-10000,0,0,0,0,0,0,5000,5000,0,5000,0,0,0,-5000
5706,鳳凰            ,6000,11000,-5000,0,0,0,0,0,0,0,0,0,0,0,0,0,-5000
6277,宏正            ,52000,57071,-5071,0,0,0,0,0,0,0,0,0,0,0,0,0,-5071
060583,南亞科元富9A購05,0,0,0,0,0,0,0,0,0,-6000,0,0,0,2000,8000,-6000,-6000
060181,華通元富9A購01  ,0,0,0,0,0,0,0,0,0,-6000,0,0,0,0,6000,-6000,-6000
059539,緯穎凱基99購03  ,0,0,0,0,0,0,0,0,0,-6000,0,0,0,6000,12000,-6000,-6000
059947,貿聯永豐99購03  ,0,0,0,0,0,0,0,0,0,-6000,0,0,0,4000,10000,-6000,-6000
07014P,華通元大99售04  ,0,0,0,0,0,0,0,0,0,-6000,0,0,0,0,6000,-6000,-6000
06783P,亞光元大98售03  ,0,0,0,0,0,0,0,0,0,-6000,0,0,0,0,6000,-6000,-6000
07282P,聯發科凱基99售17,0,0,0,0,0,0,0,0,0,-6000,0,0,0,105000,111000,-6000,-6000
00771,元大US高息特別股,0,0,0,0,0,0,0,0,0,-6000,0,0,0,101000,107000,-6000,-6000
03658C,T50反1元大9A牛02,0,0,0,0,0,0,0,0,0,-6000,0,0,0,12000,18000,-6000,-6000
035275,台積電台新97購01,0,0,0,0,0,0,0,0,0,-6000,0,0,0,35000,41000,-6000,-6000
048879,瀚宇博國票95購01,0,0,0,0,0,0,0,0,0,-6000,0,0,0,38000,44000,-6000,-6000
051594,和碩元大96購01  ,0,0,0,0,0,0,0,0,0,-6000,0,0,0,25000,31000,-6000,-6000
051627,華新科麥證95購03,0,0,0,0,6000,-6000,0,0,0,-6000,0,0,0,0,6000,-6000,-6000
046344,超眾國票94購01  ,0,0,0,0,0,0,0,0,0,-6000,0,0,0,200000,206000,-6000,-6000
051500,聯茂群益95購01  ,0,0,0,0,0,0,0,0,0,-6000,0,0,0,0,6000,-6000,-6000
04979P,臺股指凱基96售07,0,0,0,0,0,0,0,0,0,-6000,0,0,0,0,6000,-6000,-6000
049706,世紀鋼元大95購02,0,0,0,0,0,0,0,0,0,-6000,0,0,0,54000,60000,-6000,-6000
053460,緯穎國泰97購01  ,0,0,0,0,0,0,0,0,0,-6000,0,0,0,3000,9000,-6000,-6000
054735,漢唐凱基98購01  ,0,0,0,0,0,0,0,0,0,-6000,0,0,0,0,6000,-6000,-6000
054768,泰碩國票99購02  ,0,0,0,0,0,0,0,0,0,-6000,0,0,0,1000,7000,-6000,-6000
057820,華擎元大98購02  ,0,0,0,0,0,0,0,0,0,-6000,0,0,0,627000,633000,-6000,-6000
052459,道瓊反統一95購04,0,0,0,0,0,0,0,0,0,-6000,0,0,0,0,6000,-6000,-6000
052604,建準元大97購01  ,0,0,0,0,0,0,0,0,0,-6000,0,0,0,0,6000,-6000,-6000
052555,漢唐國票97購01  ,0,0,0,0,0,0,0,0,0,-6000,0,0,0,0,6000,-6000,-6000
054859,鴻海群益97購02  ,0,0,0,0,0,0,0,0,0,-6000,0,0,0,0,6000,-6000,-6000
054139,揚明光元大96購01,0,0,0,0,0,0,0,0,0,-6000,0,0,0,5000,11000,-6000,-6000
054135,大立光元大97購04,0,0,0,0,0,0,0,0,0,-6000,0,0,0,5000,11000,-6000,-6000
05452P,亞德客群益95售02,0,0,0,0,0,0,0,0,0,-6000,0,0,0,0,6000,-6000,-6000
058162,上銀日盛9B購01  ,0,0,0,0,0,0,0,0,0,-6000,0,0,0,0,6000,-6000,-6000
058868,元油2X國票99購06,0,0,0,0,0,0,0,0,0,-6000,0,0,0,0,6000,-6000,-6000
059090,台新金元大99購01,0,0,0,0,0,0,0,0,0,-6000,0,0,0,0,6000,-6000,-6000
056573,華新科元大99購06,0,0,0,0,0,0,0,0,0,-6000,0,0,0,0,6000,-6000,-6000
05649P,矽創國票97售03  ,0,0,0,0,0,0,0,0,0,-6000,0,0,0,0,6000,-6000,-6000
056863,義隆群益98購01  ,0,0,0,0,0,0,0,0,0,-6000,0,0,0,24000,30000,-6000,-6000
056938,泰碩元富98購01  ,0,0,0,0,0,0,0,0,0,-6000,0,0,0,20000,26000,-6000,-6000
07307P,上証2X凱基9A售02,0,0,0,0,0,0,0,0,0,-7000,0,0,0,2000,9000,-7000,-7000
07452P,國巨元大9A售05  ,0,0,0,0,0,0,0,0,0,-7000,0,0,0,23000,30000,-7000,-7000
06869P,金融類元大99售01,0,0,0,0,0,0,0,0,0,-7000,0,0,0,3000,10000,-7000,-7000
06999P,玉晶光國票9B售01,0,0,0,0,0,0,0,0,0,-7000,0,0,0,1000,8000,-7000,-7000
06618P,智邦元大98售04  ,0,0,0,0,0,0,0,0,0,-7000,0,0,0,0,7000,-7000,-7000
1810,和成            ,80000,88000,-8000,0,0,0,0,0,0,1000,1000,0,1000,0,0,0,-7000
1730,花仙子          ,46000,53000,-7000,0,0,0,0,0,0,0,0,0,0,0,0,0,-7000
1732,毛寶            ,113000,127000,-14000,0,0,0,0,0,0,7000,7000,0,7000,0,0,0,-7000
059527,聯發科凱基99購16,0,0,0,0,0,0,0,0,0,-7000,0,0,0,64000,71000,-7000,-7000
059612,奇鋐永豐99購02  ,0,0,0,0,0,0,0,0,0,-7000,0,0,0,80000,87000,-7000,-7000
059705,華新科凱基9A購07,0,0,0,0,0,0,0,0,0,-7000,0,0,0,13000,20000,-7000,-7000
060275,元黃金元大9A購01,0,0,0,0,0,0,0,0,0,-7000,0,0,0,33000,40000,-7000,-7000
060262,臺股指凱基9B購02,0,0,0,0,0,0,0,0,0,-7000,0,0,0,3000,10000,-7000,-7000
060438,台灣50元大9A購11,0,0,0,0,0,0,0,0,0,-7000,0,0,0,0,7000,-7000,-7000
060319,臺指反群益9A購02,0,0,0,0,0,0,0,0,0,-7000,0,0,0,0,7000,-7000,-7000
060396,友達國票9A購01  ,0,0,0,0,0,0,0,0,0,-7000,0,0,0,25000,32000,-7000,-7000
060573,力成永豐9A購01  ,0,0,0,0,0,0,0,0,0,-7000,0,0,0,4000,11000,-7000,-7000
060647,T50反1第一9A購01,0,0,0,0,0,0,0,0,0,-7000,0,0,0,0,7000,-7000,-7000
060537,台灣50凱基9B購01,0,0,0,0,0,0,0,0,0,-7000,0,0,0,5000,12000,-7000,-7000
060659,鴻海凱基9B購03  ,0,0,0,0,0,0,0,0,0,-7000,0,0,0,0,7000,-7000,-7000
052857,大成鋼凱基96購01,0,0,0,0,0,0,0,0,0,-7000,0,0,0,0,7000,-7000,-7000
052664,麗豐國票96購02  ,0,0,0,0,0,0,0,0,0,-7000,0,0,0,2000,9000,-7000,-7000
053147,楠梓電元大98購01,0,0,0,0,0,0,0,0,0,-7000,0,0,0,0,7000,-7000,-7000
057313,聯發科麥證99購01,0,0,0,1000,8000,-7000,0,0,0,-7000,0,0,0,1000,8000,-7000,-7000
052075,旺宏元富95購03  ,0,0,0,0,0,0,0,0,0,-7000,0,0,0,0,7000,-7000,-7000
05060P,台達電富邦97售02,0,0,0,0,0,0,0,0,0,-7000,0,0,0,4000,11000,-7000,-7000
04912P,可成元富94售06  ,0,0,0,0,0,0,0,0,0,-7000,0,0,0,6000,13000,-7000,-7000
049251,國巨元大95購02  ,0,0,0,0,0,0,0,0,0,-7000,0,0,0,106000,113000,-7000,-7000
00688L,國泰20年美債正2 ,0,0,0,0,0,0,0,0,0,-7000,0,0,0,105000,112000,-7000,-7000
056838,旺宏元富98購01  ,0,0,0,0,0,0,0,0,0,-7000,0,0,0,35000,42000,-7000,-7000
055732,全新元富9A購01  ,0,0,0,0,0,0,0,0,0,-7000,0,0,0,0,7000,-7000,-7000
059085,鴻海元大99購25  ,0,0,0,0,0,0,0,0,0,-7000,0,0,0,50000,57000,-7000,-7000
058940,聯發科中信9A購03,0,0,0,0,0,0,0,0,0,-7000,0,0,0,4000,11000,-7000,-7000
059145,創意國票99購02  ,0,0,0,0,0,0,0,0,0,-7000,0,0,0,28000,35000,-7000,-7000
059410,滬深2X國票9A購04,0,0,0,0,0,0,0,0,0,-7000,0,0,0,2000,9000,-7000,-7000
058225,旺宏元富99購01  ,0,0,0,0,0,0,0,0,0,-7000,0,0,0,0,7000,-7000,-7000
05814P,臺股指國票96售07,0,0,0,0,0,0,0,0,0,-7000,0,0,0,25000,32000,-7000,-7000
058676,聯茂群益99購01  ,0,0,0,0,0,0,0,0,0,-7000,0,0,0,98000,105000,-7000,-7000
057127,旺宏凱基98購09  ,0,0,0,0,0,0,0,0,0,-7000,0,0,0,0,7000,-7000,-7000
058012,鈺齊國票99購01  ,0,0,0,0,0,0,0,0,0,-7000,0,0,0,0,7000,-7000,-7000
055549,旺宏凱基97購03  ,0,0,0,0,0,0,0,0,0,-7000,0,0,0,0,7000,-7000,-7000
058572,百和凱基9A購01  ,0,0,0,0,0,0,0,0,0,-7000,0,0,0,17000,24000,-7000,-7000
057975,台積電永豐98購05,0,0,0,0,0,0,0,0,0,-7000,0,0,0,158000,165000,-7000,-7000
6192,巨路            ,52000,59000,-7000,0,0,0,0,0,0,0,0,0,0,0,0,0,-7000
2548,華固            ,193664,214000,-20336,0,0,0,0,0,0,13000,15000,2000,13000,0,0,0,-7336
06705P,臻鼎元富98售03  ,0,0,0,0,0,0,0,0,0,-8000,0,0,0,0,8000,-8000,-8000
06515P,國巨凱基98售06  ,0,0,0,0,0,0,0,0,0,-8000,0,0,0,62000,70000,-8000,-8000
07106P,國巨統一9B售05  ,0,0,0,0,0,0,0,0,0,-8000,0,0,0,24000,32000,-8000,-8000
06850P,聯茂元大98售06  ,0,0,0,0,0,0,0,0,0,-8000,0,0,0,2000,10000,-8000,-8000
07350P,台灣50國票99售11,0,0,0,0,0,0,0,0,0,-8000,0,0,0,3000,11000,-8000,-8000
07362P,聯發科元大99售35,0,0,0,0,0,0,0,0,0,-8000,0,0,0,95000,103000,-8000,-8000
07201P,臺股指元大99售17,0,0,0,0,0,0,0,0,0,-8000,0,0,0,0,8000,-8000,-8000
060386,台勝科凱基9B購01,0,0,0,0,0,0,0,0,0,-8000,0,0,0,6000,14000,-8000,-8000
059987,大立光元大99購28,0,0,0,0,0,0,0,0,0,-8000,0,0,0,12000,20000,-8000,-8000
05063P,聯電元大96售03  ,0,0,0,0,0,0,0,0,0,-8000,0,0,0,4000,12000,-8000,-8000
053534,微星永豐96購02  ,0,0,0,0,0,0,0,0,0,-8000,0,0,0,2000,10000,-8000,-8000
057350,全新統一98購03  ,0,0,0,0,0,0,0,0,0,-8000,0,0,0,0,8000,-8000,-8000
05752P,台積電中信96售06,0,0,0,0,0,0,0,0,0,-8000,0,0,0,2000,10000,-8000,-8000
057667,可成元大99購01  ,0,0,0,0,0,0,0,0,0,-8000,0,0,0,0,8000,-8000,-8000
058540,嘉聯益國泰9A購02,0,0,0,0,0,0,0,0,0,-8000,0,0,0,1000,9000,-8000,-8000
056186,智原統一97購01  ,0,0,0,0,0,0,0,0,0,-8000,0,0,0,0,8000,-8000,-8000
057656,大成鋼兆豐98購01,0,0,0,0,0,0,0,0,0,-8000,0,0,0,22000,30000,-8000,-8000
05764P,世紀鋼永豐96售03,0,0,0,0,0,0,0,0,0,-8000,0,0,0,0,8000,-8000,-8000
056025,嘉晶群益97購01  ,0,0,0,0,0,0,0,0,0,-8000,0,0,0,12000,20000,-8000,-8000
059418,上証反元大9C購02,0,0,0,0,0,0,0,0,0,-8000,0,0,0,0,8000,-8000,-8000
059441,祥碩元大99購02  ,0,0,0,0,0,0,0,0,0,-8000,0,0,0,35000,43000,-8000,-8000
059253,康控凱基9B購02  ,0,0,0,0,0,0,0,0,0,-8000,0,0,0,72000,80000,-8000,-8000
059097,世紀鋼元大99購05,0,0,0,0,0,0,0,0,0,-8000,0,0,0,27000,35000,-8000,-8000
055746,同欣電元富97購01,0,0,0,0,0,0,0,0,0,-8000,0,0,0,110000,118000,-8000,-8000
056526,力山凱基98購01  ,0,0,0,0,0,0,0,0,0,-8000,0,0,0,238000,246000,-8000,-8000
4133,亞諾法          ,62000,70000,-8000,0,0,0,0,0,0,0,0,0,0,0,0,0,-8000
060049,華通凱基99購06  ,0,0,0,0,0,0,0,0,0,-9000,0,0,0,80000,89000,-9000,-9000
060072,國巨元富99購04  ,0,0,0,0,0,0,0,0,0,-9000,0,0,0,27000,36000,-9000,-9000
059590,台積電元大99購39,0,0,0,0,0,0,0,0,0,-9000,0,0,0,2000,11000,-9000,-9000
060680,玉晶光元大9C購03,0,0,0,0,0,0,0,0,0,-9000,0,0,0,18000,27000,-9000,-9000
060565,大立光富邦01購01,0,0,0,0,0,0,0,0,0,-9000,0,0,0,27000,36000,-9000,-9000
060527,台積電中信9C購04,0,0,0,0,0,0,0,0,0,-9000,0,0,0,14000,23000,-9000,-9000
060502,國巨元大9A購07  ,0,0,0,0,0,0,0,0,0,-9000,0,0,0,35000,44000,-9000,-9000
07210P,智邦凱基99售03  ,0,0,0,0,0,0,0,0,0,-9000,0,0,0,0,9000,-9000,-9000
06858P,道瓊指中信9B售01,0,0,0,0,0,0,0,0,0,-9000,0,0,0,0,9000,-9000,-9000
06657P,寶成元大98售01  ,0,0,0,0,0,0,0,0,0,-9000,0,0,0,20000,29000,-9000,-9000
06621P,欣興元大98售06  ,0,0,0,0,0,0,0,0,0,-9000,0,0,0,0,9000,-9000,-9000
052687,國泰金元大96購03,0,0,0,0,0,0,0,0,0,-9000,0,0,0,12000,21000,-9000,-9000
053557,聯茂凱基96購04  ,0,0,0,0,0,0,0,0,0,-9000,0,0,0,0,9000,-9000,-9000
049946,智邦兆豐95購01  ,0,0,0,0,0,0,0,0,0,-9000,0,0,0,0,9000,-9000,-9000
051534,景碩國票97購01  ,0,0,0,0,0,0,0,0,0,-9000,0,0,0,0,9000,-9000,-9000
03840P,台積電統一99售02,0,0,0,0,0,0,0,0,0,-9000,0,0,0,0,9000,-9000,-9000
051911,大立光元大98購02,0,0,0,0,0,0,0,0,0,-9000,0,0,0,0,9000,-9000,-9000
04616P,臺股指群益95售02,0,0,0,0,0,0,0,0,0,-9000,0,0,0,55000,64000,-9000,-9000
055801,景碩永豐97購02  ,0,0,0,0,0,0,0,0,0,-9000,0,0,0,1000,10000,-9000,-9000
055686,致伸凱基97購02  ,0,0,0,0,0,0,0,0,0,-9000,0,0,0,183000,192000,-9000,-9000
055351,聯發科凱基97購03,0,0,0,0,0,0,0,0,0,-9000,0,0,0,0,9000,-9000,-9000
05882P,華新科永豐96售01,0,0,0,0,0,0,0,0,0,-9000,0,0,0,1000,10000,-9000,-9000
059266,緯創中信01購01  ,0,0,0,0,0,0,0,0,0,-9000,0,0,0,53000,62000,-9000,-9000
059316,國巨元大99購23  ,0,0,0,0,0,0,0,0,0,-9000,0,0,0,2000,11000,-9000,-9000
057214,瑞昱群益98購01  ,0,0,0,0,0,0,0,0,0,-9000,0,0,0,102000,111000,-9000,-9000
057029,緯穎凱基98購04  ,0,0,0,0,0,0,0,0,0,-9000,0,0,0,4000,13000,-9000,-9000
055090,國巨群益97購03  ,0,0,0,0,0,0,0,0,0,-9000,0,0,0,0,9000,-9000,-9000
055618,麗豐國票98購01  ,0,0,0,0,0,0,0,0,0,-9000,0,0,0,1000,10000,-9000,-9000
056265,國泰金統一97購01,0,0,0,0,0,0,0,0,0,-9000,0,0,0,0,9000,-9000,-9000
058503,鴻海元大99購14  ,0,0,0,0,0,0,0,0,0,-9000,0,0,0,43000,52000,-9000,-9000
058326,祥碩台新99購01  ,0,0,0,0,0,0,0,0,0,-9000,0,0,0,0,9000,-9000,-9000
5225,東科-KY         ,100000,109000,-9000,0,0,0,0,0,0,0,0,0,0,0,0,0,-9000
9188,精熙-DR         ,0,9000,-9000,0,0,0,0,0,0,0,0,0,0,0,0,0,-9000
06676P,華新科國票98售03,0,0,0,0,0,0,0,0,0,-10000,0,0,0,0,10000,-10000,-10000
06534P,聯發科群益98售04,0,0,0,0,0,0,0,0,0,-10000,0,0,0,0,10000,-10000,-10000
06599P,宏達電永豐98售02,0,0,0,0,0,0,0,0,0,-10000,0,0,0,0,10000,-10000,-10000
06392P,T50反1元大9A售01,0,0,0,0,0,0,0,0,0,-10000,0,0,0,0,10000,-10000,-10000
06426P,T50正2元大9B售01,0,0,0,0,0,0,0,0,0,-10000,0,0,0,0,10000,-10000,-10000
06884P,台郡群益98售03  ,0,0,0,0,0,0,0,0,0,-10000,0,0,0,0,10000,-10000,-10000
06904P,TPK凱基98售03   ,0,0,0,0,0,0,0,0,0,-10000,0,0,0,0,10000,-10000,-10000
06737P,台郡凱基98售07  ,0,0,0,0,0,0,0,0,0,-10000,0,0,0,0,10000,-10000,-10000
06762P,智邦元大98售11  ,0,0,0,0,0,0,0,0,0,-10000,0,0,0,0,10000,-10000,-10000
07085P,超眾元富9C售01  ,0,0,0,0,0,0,0,0,0,-10000,0,0,0,0,10000,-10000,-10000
07050P,宏達電中信9B售01,0,0,0,0,0,0,0,0,0,-10000,0,0,0,0,10000,-10000,-10000
06890P,金融類元大98售02,0,0,0,0,0,0,0,0,0,-10000,0,0,0,0,10000,-10000,-10000
07166P,台灣50兆豐03售01,0,0,0,0,0,0,0,0,0,-10000,0,0,0,0,10000,-10000,-10000
07294P,滬深2X元富9C售08,0,0,0,0,0,0,0,0,0,-10000,0,0,0,0,10000,-10000,-10000
07254P,台灣50凱基9C售06,0,0,0,0,0,0,0,0,0,-10000,0,0,0,0,10000,-10000,-10000
07395P,台積電群益99售13,0,0,0,0,0,0,0,0,0,-10000,0,0,0,0,10000,-10000,-10000
07474P,滬深2X群益9C售03,0,0,0,0,0,0,0,0,0,-10000,0,0,0,0,10000,-10000,-10000
07512P,國巨元大9A售08  ,0,0,0,0,0,0,0,0,0,-10000,0,0,0,0,10000,-10000,-10000
060520,臺指2X中信01購02,0,0,0,0,0,0,0,0,0,-10000,0,0,0,0,10000,-10000,-10000
060576,欣興中信9B購01  ,0,0,0,0,0,0,0,0,0,-10000,0,0,0,69000,79000,-10000,-10000
060592,上銀麥證9A購01  ,0,0,0,0,10000,-10000,0,0,0,-10000,0,0,0,0,10000,-10000,-10000
060744,鴻海國票9A購04  ,0,0,0,0,0,0,0,0,0,-10000,0,0,0,0,10000,-10000,-10000
060731,奇力新群益9A購01,0,0,0,0,0,0,0,0,0,-10000,0,0,0,3000,13000,-10000,-10000
060709,緯穎富邦9B購01  ,0,0,0,0,0,0,0,0,0,-10000,0,0,0,0,10000,-10000,-10000
060792,信錦永豐9A購01  ,0,0,0,0,0,0,0,0,0,-10000,0,0,0,0,10000,-10000,-10000
06102P,智邦凱基97售03  ,0,0,0,0,0,0,0,0,0,-10000,0,0,0,0,10000,-10000,-10000
060783,亞德客富邦9B購01,0,0,0,0,0,0,0,0,0,-10000,0,0,0,0,10000,-10000,-10000
060372,A50正2元富9A購04,0,0,0,0,0,0,0,0,0,-10000,0,0,0,0,10000,-10000,-10000
060338,鴻海統一9C購02  ,0,0,0,0,0,0,0,0,0,-10000,0,0,0,0,10000,-10000,-10000
060351,滬深2X元富9A購01,0,0,0,0,0,0,0,0,0,-10000,0,0,0,20000,30000,-10000,-10000
059573,健策凱基9A購02  ,0,0,0,0,0,0,0,0,0,-10000,0,0,0,101000,111000,-10000,-10000
059562,上銀凱基99購09  ,0,0,0,0,0,0,0,0,0,-10000,0,0,0,35000,45000,-10000,-10000
059530,華新科凱基9A購05,0,0,0,0,0,0,0,0,0,-10000,0,0,0,0,10000,-10000,-10000
059595,華新科元大9A購03,0,0,0,0,0,0,0,0,0,-10000,0,0,0,20000,30000,-10000,-10000
059632,聯發科凱基01購01,0,0,0,0,0,0,0,0,0,-10000,0,0,0,0,10000,-10000,-10000
059699,華通凱基99購04  ,0,0,0,0,0,0,0,0,0,-10000,0,0,0,0,10000,-10000,-10000
060073,台積電元富99購03,0,0,0,0,0,0,0,0,0,-10000,0,0,0,0,10000,-10000,-10000
060071,國巨元富99購03  ,0,0,0,0,0,0,0,0,0,-10000,0,0,0,33000,43000,-10000,-10000
060041,T50反1群益99購04,0,0,0,0,0,0,0,0,0,-10000,0,0,0,0,10000,-10000,-10000
059994,國巨元富99購01  ,0,0,0,0,0,0,0,0,0,-10000,0,0,0,0,10000,-10000,-10000
04400P,台積電兆豐95售02,0,0,0,0,0,0,0,0,0,-10000,0,0,0,0,10000,-10000,-10000
04433P,上証2X國票95售01,0,0,0,0,0,0,0,0,0,-10000,0,0,0,0,10000,-10000,-10000
04496P,國巨國泰96售02  ,0,0,0,0,0,0,0,0,0,-10000,0,0,0,0,10000,-10000,-10000
03050X,元展47          ,0,0,0,0,0,0,0,0,0,-10000,0,0,0,0,10000,-10000,-10000
03422B,臺股指凱基96熊28,0,0,0,0,0,0,0,0,0,-10000,0,0,0,0,10000,-10000,-10000
051606,華新科群益95購05,0,0,0,0,0,0,0,0,0,-10000,0,0,0,0,10000,-10000,-10000
051597,T50反1中信99購02,0,0,0,0,0,0,0,0,0,-10000,0,0,0,0,10000,-10000,-10000
051945,智邦統一95購03  ,0,0,0,0,0,0,0,0,0,-10000,0,0,0,0,10000,-10000,-10000
051684,瑞昱凱基95購02  ,0,0,0,0,0,0,0,0,0,-10000,0,0,0,0,10000,-10000,-10000
051690,超眾凱基95購03  ,0,0,0,0,0,0,0,0,0,-10000,0,0,0,0,10000,-10000,-10000
048158,大立光兆豐95購01,0,0,0,0,0,0,0,0,0,-10000,0,0,0,0,10000,-10000,-10000
04816P,台積電兆豐94售06,0,0,0,0,0,0,0,0,0,-10000,0,0,0,0,10000,-10000,-10000
048414,滬深2X統一98購01,0,0,0,0,0,0,0,0,0,-10000,0,0,0,0,10000,-10000,-10000
00702,國泰標普低波高息,0,0,0,0,0,0,0,0,0,-10000,0,0,0,8000,18000,-10000,-10000
020016,統一MSCI美科技N ,0,0,0,0,0,0,0,0,0,-10000,0,0,0,15000,25000,-10000,-10000
05154P,台積電兆豐95售05,0,0,0,0,0,0,0,0,0,-10000,0,0,0,0,10000,-10000,-10000
050329,超眾永豐94購03  ,0,0,0,0,0,0,0,0,0,-10000,0,0,0,0,10000,-10000,-10000
051393,新光金兆豐96購01,0,0,0,0,0,0,0,0,0,-10000,0,0,0,0,10000,-10000,-10000
04962P,易華電凱基96售01,0,0,0,0,0,0,0,0,0,-10000,0,0,0,0,10000,-10000,-10000
051202,智邦麥證95購01  ,0,0,0,0,10000,-10000,0,0,0,-10000,0,0,0,0,10000,-10000,-10000
051312,國泰金麥證95購01,0,0,0,0,10000,-10000,0,0,0,-10000,0,0,0,0,10000,-10000,-10000
051313,緯創麥證95購02  ,0,0,0,0,10000,-10000,0,0,0,-10000,0,0,0,0,10000,-10000,-10000
050694,國巨凱基96購03  ,0,0,0,0,0,0,0,0,0,-10000,0,0,0,36000,46000,-10000,-10000
053320,華新科群益97購01,0,0,0,0,0,0,0,0,0,-10000,0,0,0,0,10000,-10000,-10000
053409,和碩兆豐96購02  ,0,0,0,0,0,0,0,0,0,-10000,0,0,0,0,10000,-10000,-10000
053530,聯發科康和96購01,0,0,0,0,0,0,0,0,0,-10000,0,0,0,0,10000,-10000,-10000
053490,為升兆豐97購01  ,0,0,0,0,0,0,0,0,0,-10000,0,0,0,0,10000,-10000,-10000
053495,聯發科兆豐96購02,0,0,0,0,0,0,0,0,0,-10000,0,0,0,0,10000,-10000,-10000
052055,緯穎凱基95購03  ,0,0,0,0,0,0,0,0,0,-10000,0,0,0,0,10000,-10000,-10000
052010,兆豐金中信95購01,0,0,0,0,0,0,0,0,0,-10000,0,0,0,10000,20000,-10000,-10000
054750,聯茂凱基98購02  ,0,0,0,0,0,0,0,0,0,-10000,0,0,0,0,10000,-10000,-10000
054792,揚明光群益97購01,0,0,0,0,0,0,0,0,0,-10000,0,0,0,0,10000,-10000,-10000
054848,群創兆豐98購01  ,0,0,0,0,0,0,0,0,0,-10000,0,0,0,0,10000,-10000,-10000
054868,國泰金群益9A購01,0,0,0,0,0,0,0,0,0,-10000,0,0,0,20000,30000,-10000,-10000
054103,T50反1凱基99購04,0,0,0,0,0,0,0,0,0,-10000,0,0,0,0,10000,-10000,-10000
054622,漢唐第一97購01  ,0,0,0,0,0,0,0,0,0,-10000,0,0,0,0,10000,-10000,-10000
054608,致茂永豐97購01  ,0,0,0,0,0,0,0,0,0,-10000,0,0,0,0,10000,-10000,-10000
052188,欣興群益95購03  ,0,0,0,0,0,0,0,0,0,-10000,0,0,0,0,10000,-10000,-10000
054086,日月光亞東98購01,0,0,0,0,0,0,0,0,0,-10000,0,0,0,0,10000,-10000,-10000
053627,宏碁兆豐97購01  ,0,0,0,0,0,0,0,0,0,-10000,0,0,0,0,10000,-10000,-10000
054062,TPK國票96購02   ,0,0,0,0,0,0,0,0,0,-10000,0,0,0,0,10000,-10000,-10000
05402P,台郡永豐95售02  ,0,0,0,0,0,0,0,0,0,-10000,0,0,0,1000,11000,-10000,-10000
053701,台積電兆豐96購05,0,0,0,0,0,0,0,0,0,-10000,0,0,0,0,10000,-10000,-10000
053807,T50反1群益96購02,0,0,0,0,0,0,0,0,0,-10000,0,0,0,0,10000,-10000,-10000
052698,深中小國票99購01,0,0,0,0,0,0,0,0,0,-10000,0,0,0,0,10000,-10000,-10000
052659,上証2X國票99購01,0,0,0,0,0,0,0,0,0,-10000,0,0,0,0,10000,-10000,-10000
052719,致新凱基96購01  ,0,0,0,0,0,0,0,0,0,-10000,0,0,0,0,10000,-10000,-10000
053110,大立光兆豐97購01,0,0,0,0,0,0,0,0,0,-10000,0,0,0,0,10000,-10000,-10000
052791,友達兆豐97購01  ,0,0,0,0,0,0,0,0,0,-10000,0,0,0,0,10000,-10000,-10000
052881,康控凱基97購01  ,0,0,0,0,0,0,0,0,0,-10000,0,0,0,0,10000,-10000,-10000
052756,國巨群益96購02  ,0,0,0,0,0,0,0,0,0,-10000,0,0,0,0,10000,-10000,-10000
052527,泰鼎元大96購02  ,0,0,0,0,0,0,0,0,0,-10000,0,0,0,0,10000,-10000,-10000
052492,易華電國票96購02,0,0,0,0,0,0,0,0,0,-10000,0,0,0,0,10000,-10000,-10000
057429,華新科兆豐98購03,0,0,0,0,0,0,0,0,0,-10000,0,0,0,0,10000,-10000,-10000
057430,富邦金兆豐98購01,0,0,0,0,0,0,0,0,0,-10000,0,0,0,0,10000,-10000,-10000
057431,京鼎兆豐98購02  ,0,0,0,0,0,0,0,0,0,-10000,0,0,0,0,10000,-10000,-10000
057436,義隆國票99購02  ,0,0,0,0,0,0,0,0,0,-10000,0,0,0,0,10000,-10000,-10000
057304,為升兆豐99購02  ,0,0,0,0,0,0,0,0,0,-10000,0,0,0,0,10000,-10000,-10000
057305,南亞科兆豐98購02,0,0,0,0,0,0,0,0,0,-10000,0,0,0,0,10000,-10000,-10000
057794,T50反1兆豐99購02,0,0,0,0,0,0,0,0,0,-10000,0,0,0,0,10000,-10000,-10000
058310,大立光元大99購10,0,0,0,0,0,0,0,0,0,-10000,0,0,0,21000,31000,-10000,-10000
058414,大立光兆豐99購02,0,0,0,0,0,0,0,0,0,-10000,0,0,0,0,10000,-10000,-10000
058430,滬深2X統一99購02,0,0,0,0,0,0,0,0,0,-10000,0,0,0,0,10000,-10000,-10000
058633,台灣50兆豐99購01,0,0,0,0,0,0,0,0,0,-10000,0,0,0,0,10000,-10000,-10000
057957,嘉晶元大98購01  ,0,0,0,0,0,0,0,0,0,-10000,0,0,0,40000,50000,-10000,-10000
056224,聯發科凱基97購08,0,0,0,0,0,0,0,0,0,-10000,0,0,0,0,10000,-10000,-10000
056251,聯發科兆豐97購02,0,0,0,0,0,0,0,0,0,-10000,0,0,0,0,10000,-10000,-10000
056252,聯發科兆豐97購03,0,0,0,0,0,0,0,0,0,-10000,0,0,0,0,10000,-10000,-10000
055554,聯發科凱基97購06,0,0,0,0,0,0,0,0,0,-10000,0,0,0,0,10000,-10000,-10000
055191,牧德元富97購01  ,0,0,0,0,0,0,0,0,0,-10000,0,0,0,0,10000,-10000,-10000
055144,T50反1元大97購03,0,0,0,0,0,0,0,0,0,-10000,0,0,0,0,10000,-10000,-10000
055132,台虹康和97購01  ,0,0,0,0,0,0,0,0,0,-10000,0,0,0,0,10000,-10000,-10000
057988,鈺齊元富98購02  ,0,0,0,0,0,0,0,0,0,-10000,0,0,0,0,10000,-10000,-10000
058018,南亞科凱基99購03,0,0,0,0,0,0,0,0,0,-10000,0,0,0,11000,21000,-10000,-10000
058031,旺宏永豐98購04  ,0,0,0,0,0,0,0,0,0,-10000,0,0,0,0,10000,-10000,-10000
05609P,國泰金凱基96售01,0,0,0,0,0,0,0,0,0,-10000,0,0,0,972000,982000,-10000,-10000
056112,勤誠永豐97購02  ,0,0,0,0,0,0,0,0,0,-10000,0,0,0,0,10000,-10000,-10000
056105,智原永豐97購01  ,0,0,0,0,0,0,0,0,0,-10000,0,0,0,0,10000,-10000,-10000
057173,南亞科元大98購04,0,0,0,0,0,0,0,0,0,-10000,0,0,0,0,10000,-10000,-10000
058019,美律凱基99購04  ,0,0,0,0,0,0,0,0,0,-10000,0,0,0,0,10000,-10000,-10000
056080,世紀鋼元大97購03,0,0,0,0,0,0,0,0,0,-10000,0,0,0,0,10000,-10000,-10000
057142,力成兆豐98購01  ,0,0,0,0,0,0,0,0,0,-10000,0,0,0,0,10000,-10000,-10000
057123,上銀凱基98購05  ,0,0,0,0,0,0,0,0,0,-10000,0,0,0,0,10000,-10000,-10000
05871P,全新凱基96售04  ,0,0,0,0,0,0,0,0,0,-10000,0,0,0,0,10000,-10000,-10000
058171,國巨凱基9A購07  ,0,0,0,0,0,0,0,0,0,-10000,0,0,0,0,10000,-10000,-10000
058265,奇力新永豐9A購01,0,0,0,0,0,0,0,0,0,-10000,0,0,0,0,10000,-10000,-10000
057228,友達凱基9B購01  ,0,0,0,0,0,0,0,0,0,-10000,0,0,0,25000,35000,-10000,-10000
057262,友達兆豐98購03  ,0,0,0,0,0,0,0,0,0,-10000,0,0,0,0,10000,-10000,-10000
05724P,致茂永豐96售01  ,0,0,0,0,0,0,0,0,0,-10000,0,0,0,0,10000,-10000,-10000
056047,台積電兆豐97購02,0,0,0,0,0,0,0,0,0,-10000,0,0,0,0,10000,-10000,-10000
05600P,玉晶光台新96售04,0,0,0,0,0,0,0,0,0,-10000,0,0,0,0,10000,-10000,-10000
057657,國巨兆豐98購04  ,0,0,0,0,0,0,0,0,0,-10000,0,0,0,0,10000,-10000,-10000
055882,嘉聯益元富97購01,0,0,0,0,0,0,0,0,0,-10000,0,0,0,0,10000,-10000,-10000
056953,智邦富邦98購02  ,0,0,0,0,0,0,0,0,0,-10000,0,0,0,0,10000,-10000,-10000
056969,智易永豐98購01  ,0,0,0,0,0,0,0,0,0,-10000,0,0,0,0,10000,-10000,-10000
056988,聚陽兆豐98購01  ,0,0,0,0,0,0,0,0,0,-10000,0,0,0,0,10000,-10000,-10000
055906,大立光兆豐97購03,0,0,0,0,0,0,0,0,0,-10000,0,0,0,0,10000,-10000,-10000
055911,可成凱基98購02  ,0,0,0,0,0,0,0,0,0,-10000,0,0,0,23000,33000,-10000,-10000
059303,國巨兆豐99購04  ,0,0,0,0,0,0,0,0,0,-10000,0,0,0,0,10000,-10000,-10000
059138,台積電兆豐99購04,0,0,0,0,0,0,0,0,0,-10000,0,0,0,0,10000,-10000,-10000
059178,臺股指凱基99購30,0,0,0,0,0,0,0,0,0,-10000,0,0,0,0,10000,-10000,-10000
059171,祥碩凱基99購04  ,0,0,0,0,0,0,0,0,0,-10000,0,0,0,63000,73000,-10000,-10000
059210,鴻海元大99購26  ,0,0,0,0,0,0,0,0,0,-10000,0,0,0,0,10000,-10000,-10000
058874,聯鈞國票9A購01  ,0,0,0,0,0,0,0,0,0,-10000,0,0,0,34000,44000,-10000,-10000
058855,台積電兆豐99購02,0,0,0,0,0,0,0,0,0,-10000,0,0,0,0,10000,-10000,-10000
058813,旺宏統一9B購04  ,0,0,0,0,0,0,0,0,0,-10000,0,0,0,0,10000,-10000,-10000
059099,元油2X統一9C購01,0,0,0,0,0,0,0,0,0,-10000,0,0,0,0,10000,-10000,-10000
059055,旺宏凱基9B購02  ,0,0,0,0,0,0,0,0,0,-10000,0,0,0,0,10000,-10000,-10000
058967,可成麥證99購01  ,0,0,0,7000,25000,-18000,0,0,0,-10000,0,0,0,22000,32000,-10000,-10000
059037,宏達電群益99購02,0,0,0,0,0,0,0,0,0,-10000,0,0,0,0,10000,-10000,-10000
055671,世紀鋼群益97購01,0,0,0,0,0,0,0,0,0,-10000,0,0,0,0,10000,-10000,-10000
055799,致茂永豐97購02  ,0,0,0,0,0,0,0,0,0,-10000,0,0,0,0,10000,-10000,-10000
055740,智易元富97購01  ,0,0,0,0,0,0,0,0,0,-10000,0,0,0,0,10000,-10000,-10000
056274,彩晶統一98購02  ,0,0,0,0,0,0,0,0,0,-10000,0,0,0,0,10000,-10000,-10000
055440,矽力國票98購01  ,0,0,0,0,0,0,0,0,0,-10000,0,0,0,0,10000,-10000,-10000
056325,群創兆豐9A購01  ,0,0,0,0,0,0,0,0,0,-10000,0,0,0,0,10000,-10000,-10000
056515,燿華兆豐99購01  ,0,0,0,0,0,0,0,0,0,-10000,0,0,0,0,10000,-10000,-10000
056752,國巨兆豐98購02  ,0,0,0,0,0,0,0,0,0,-10000,0,0,0,0,10000,-10000,-10000
056753,群創兆豐98購02  ,0,0,0,0,0,0,0,0,0,-10000,0,0,0,0,10000,-10000,-10000
056735,國巨凱基99購02  ,0,0,0,0,0,0,0,0,0,-10000,0,0,0,10000,20000,-10000,-10000
056925,群創兆豐98購03  ,0,0,0,0,0,0,0,0,0,-10000,0,0,0,0,10000,-10000,-10000
056928,旺宏台新98購01  ,0,0,0,0,0,0,0,0,0,-10000,0,0,0,0,10000,-10000,-10000
056845,揚明光元富98購01,0,0,0,0,0,0,0,0,0,-10000,0,0,0,0,10000,-10000,-10000
060110,茂林元大99購06  ,0,0,0,0,0,0,0,0,0,-11000,0,0,0,323000,334000,-11000,-11000
060088,國巨元大99購30  ,0,0,0,0,0,0,0,0,0,-11000,0,0,0,67000,78000,-11000,-11000
060413,東元永豐9A購01  ,0,0,0,0,0,0,0,0,0,-11000,0,0,0,1000,12000,-11000,-11000
060168,台表科永豐9A購01,0,0,0,0,0,0,0,0,0,-11000,0,0,0,344000,355000,-11000,-11000
060608,玉晶光凱基9A購08,0,0,0,0,0,0,0,0,0,-11000,0,0,0,1000,12000,-11000,-11000
07588P,滬深2X國票9C售01,0,0,0,0,0,0,0,0,0,-11000,0,0,0,0,11000,-11000,-11000
07450P,鴻海元大9A售03  ,0,0,0,0,0,0,0,0,0,-11000,0,0,0,1000,12000,-11000,-11000
07335P,臺股指國票99售20,0,0,0,0,0,0,0,0,0,-11000,0,0,0,0,11000,-11000,-11000
07135P,臺股指元大9A售29,0,0,0,0,0,0,0,0,0,-11000,0,0,0,4000,15000,-11000,-11000
06439P,上銀凱基98售02  ,0,0,0,0,0,0,0,0,0,-11000,0,0,0,4000,15000,-11000,-11000
052587,景碩永豐97購01  ,0,0,0,0,0,0,0,0,0,-11000,0,0,0,0,11000,-11000,-11000
052652,台虹永豐96購01  ,0,0,0,0,0,0,0,0,0,-11000,0,0,0,0,11000,-11000,-11000
05267P,欣興元大95售08  ,0,0,0,0,0,0,0,0,0,-11000,0,0,0,0,11000,-11000,-11000
053281,茂林元大96購02  ,0,0,0,0,0,0,0,0,0,-11000,0,0,0,65000,76000,-11000,-11000
03009X,元展09          ,0,0,0,0,0,0,0,0,0,-11000,0,0,0,0,11000,-11000,-11000
03418B,臺股指元大95熊20,0,0,0,0,0,0,0,0,0,-11000,0,0,0,0,11000,-11000,-11000
05686P,臺股指元大96售11,0,0,0,0,0,0,0,0,0,-11000,0,0,0,0,11000,-11000,-11000
05905P,晶技統一97售01  ,0,0,0,0,0,0,0,0,0,-11000,0,0,0,0,11000,-11000,-11000
059096,百和元大99購04  ,0,0,0,0,0,0,0,0,0,-11000,0,0,0,23000,34000,-11000,-11000
059126,臺指反中信9B購01,0,0,0,0,0,0,0,0,0,-11000,0,0,0,0,11000,-11000,-11000
058761,欣興群益99購02  ,0,0,0,0,0,0,0,0,0,-11000,0,0,0,227000,238000,-11000,-11000
059212,鴻海元大99購28  ,0,0,0,0,0,0,0,0,0,-11000,0,0,0,0,11000,-11000,-11000
05920P,力成元大96售04  ,0,0,0,0,0,0,0,0,0,-11000,0,0,0,0,11000,-11000,-11000
059143,國巨國票9A購04  ,0,0,0,0,0,0,0,0,0,-11000,0,0,0,0,11000,-11000,-11000
059315,鴻海元大99購30  ,0,0,0,0,0,0,0,0,0,-11000,0,0,0,0,11000,-11000,-11000
059412,臺股指國票99購18,0,0,0,0,0,0,0,0,0,-11000,0,0,0,0,11000,-11000,-11000
059325,超眾元大99購05  ,0,0,0,0,0,0,0,0,0,-11000,0,0,0,0,11000,-11000,-11000
058247,聯茂元大99購04  ,0,0,0,0,0,0,0,0,0,-11000,0,0,0,106000,117000,-11000,-11000
055490,台光電元大97購01,0,0,0,0,0,0,0,0,0,-11000,0,0,0,10000,21000,-11000,-11000
057882,華通群益9A購03  ,0,0,0,0,0,0,0,0,0,-11000,0,0,0,0,11000,-11000,-11000
058378,南電凱基99購01  ,0,0,0,0,0,0,0,0,0,-11000,0,0,0,33000,44000,-11000,-11000
06475P,牧德永豐98售03  ,0,0,0,0,0,0,0,0,0,-12000,0,0,0,0,12000,-12000,-12000
06447P,上銀元大98售01  ,0,0,0,0,0,0,0,0,0,-12000,0,0,0,3000,15000,-12000,-12000
06282P,聯鈞永豐97售02  ,0,0,0,0,0,0,0,0,0,-12000,0,0,0,0,12000,-12000,-12000
06603P,立積統一99售01  ,0,0,0,0,0,0,0,0,0,-12000,0,0,0,30000,42000,-12000,-12000
06518P,奇力新兆豐99售01,0,0,0,0,0,0,0,0,0,-12000,0,0,0,0,12000,-12000,-12000
06955P,臻鼎元富99售01  ,0,0,0,0,0,0,0,0,0,-12000,0,0,0,0,12000,-12000,-12000
07236P,台灣50國票99售05,0,0,0,0,0,0,0,0,0,-12000,0,0,0,4000,16000,-12000,-12000
07358P,鴻海元大99售39  ,0,0,0,0,0,0,0,0,0,-12000,0,0,0,27000,39000,-12000,-12000
07439P,臺股指麥證9B售01,0,0,0,11000,23000,-12000,0,0,0,-12000,0,0,0,11000,23000,-12000,-12000
07509P,牧德國票9A售03  ,0,0,0,0,0,0,0,0,0,-12000,0,0,0,28000,40000,-12000,-12000
1472,三洋紡          ,41000,53000,-12000,0,0,0,0,0,0,0,0,0,0,0,0,0,-12000
2838A,聯邦銀甲特      ,0,12000,-12000,0,0,0,0,0,0,0,0,0,0,0,0,0,-12000
060763,聯鈞元大9A購03  ,0,0,0,0,0,0,0,0,0,-12000,0,0,0,1000,13000,-12000,-12000
060734,華通統一9C購01  ,0,0,0,0,0,0,0,0,0,-12000,0,0,0,0,12000,-12000,-12000
060182,旺宏元富9A購01  ,0,0,0,0,0,0,0,0,0,-12000,0,0,0,0,12000,-12000,-12000
060213,牧德康和9A購01  ,0,0,0,0,0,0,0,0,0,-12000,0,0,0,98000,110000,-12000,-12000
059938,凱美永豐99購01  ,0,0,0,0,0,0,0,0,0,-12000,0,0,0,0,12000,-12000,-12000
059752,國巨群益9B購01  ,0,0,0,0,0,0,0,0,0,-12000,0,0,0,0,12000,-12000,-12000
051902,T50反1元大97購01,0,0,0,0,0,0,0,0,0,-12000,0,0,0,31000,43000,-12000,-12000
048563,明泰元大94購01  ,0,0,0,0,0,0,0,0,0,-12000,0,0,0,0,12000,-12000,-12000
053313,世紀鋼凱基96購01,0,0,0,0,0,0,0,0,0,-12000,0,0,0,0,12000,-12000,-12000
051544,T50反1康和98購01,0,0,0,0,0,0,0,0,0,-12000,0,0,0,0,12000,-12000,-12000
052696,玉晶光麥證97購01,0,0,0,18000,36000,-18000,0,0,0,-12000,0,0,0,38000,50000,-12000,-12000
052736,T50反1元大96購05,0,0,0,0,0,0,0,0,0,-12000,0,0,0,0,12000,-12000,-12000
053076,貿聯永豐96購01  ,0,0,0,0,0,0,0,0,0,-12000,0,0,0,0,12000,-12000,-12000
057788,嘉聯益國票99購01,0,0,0,0,0,0,0,0,0,-12000,0,0,0,2000,14000,-12000,-12000
057558,致新凱基98購01  ,0,0,0,0,0,0,0,0,0,-12000,0,0,0,28000,40000,-12000,-12000
058411,技嘉兆豐99購01  ,0,0,0,0,0,0,0,0,0,-12000,0,0,0,114000,126000,-12000,-12000
058520,智易元大99購03  ,0,0,0,0,0,0,0,0,0,-12000,0,0,0,74000,86000,-12000,-12000
057888,貿聯群益98購02  ,0,0,0,0,0,0,0,0,0,-12000,0,0,0,0,12000,-12000,-12000
057929,上銀群益98購02  ,0,0,0,0,0,0,0,0,0,-12000,0,0,0,5000,17000,-12000,-12000
055505,新唐元大97購02  ,0,0,0,0,0,0,0,0,0,-12000,0,0,0,218000,230000,-12000,-12000
058124,玉晶光國票9A購01,0,0,0,0,0,0,0,0,0,-12000,0,0,0,18000,30000,-12000,-12000
058266,宏達電永豐99購01,0,0,0,0,0,0,0,0,0,-12000,0,0,0,0,12000,-12000,-12000
058201,華通凱基9A購01  ,0,0,0,0,0,0,0,0,0,-12000,0,0,0,4000,16000,-12000,-12000
058682,聯發科凱基99購07,0,0,0,0,0,0,0,0,0,-12000,0,0,0,0,12000,-12000,-12000
056077,矽力元大97購07  ,0,0,0,0,0,0,0,0,0,-12000,0,0,0,1000,13000,-12000,-12000
056163,嘉聯益凱基98購03,0,0,0,0,0,0,0,0,0,-12000,0,0,0,0,12000,-12000,-12000
059388,國巨凱基99購13  ,0,0,0,0,0,0,0,0,0,-12000,0,0,0,7000,19000,-12000,-12000
059436,大立光元大99購18,0,0,0,0,0,0,0,0,0,-12000,0,0,0,0,12000,-12000,-12000
059165,南亞科凱基99購04,0,0,0,0,0,0,0,0,0,-12000,0,0,0,11000,23000,-12000,-12000
059199,欣興永豐99購02  ,0,0,0,0,0,0,0,0,0,-12000,0,0,0,37000,49000,-12000,-12000
056551,台郡凱基98購04  ,0,0,0,0,0,0,0,0,0,-12000,0,0,0,38000,50000,-12000,-12000
6581,鋼聯            ,12000,24000,-12000,0,0,0,0,0,0,0,0,0,0,0,0,0,-12000
059803,S&P正2元富9B購03,0,0,0,0,0,0,0,0,0,-13000,0,0,0,0,13000,-13000,-13000
059933,台灣50永豐99購11,0,0,0,0,0,0,0,0,0,-13000,0,0,0,0,13000,-13000,-13000
059917,華新科元大99購19,0,0,0,0,0,0,0,0,0,-13000,0,0,0,0,13000,-13000,-13000
060101,大立光元大99購31,0,0,0,0,0,0,0,0,0,-13000,0,0,0,7000,20000,-13000,-13000
060219,聯發科凱基9A購09,0,0,0,0,0,0,0,0,0,-13000,0,0,0,8000,21000,-13000,-13000
060311,盟立永豐9A購01  ,0,0,0,0,0,0,0,0,0,-13000,0,0,0,0,13000,-13000,-13000
060721,瑞儀永豐9A購01  ,0,0,0,0,0,0,0,0,0,-13000,0,0,0,88000,101000,-13000,-13000
060702,玉晶光國泰9C購02,0,0,0,0,0,0,0,0,0,-13000,0,0,0,36000,49000,-13000,-13000
060507,聯發科元大9A購03,0,0,0,0,0,0,0,0,0,-13000,0,0,0,46000,59000,-13000,-13000
07501P,華新科元大9A售07,0,0,0,0,0,0,0,0,0,-13000,0,0,0,7000,20000,-13000,-13000
1104,環泥            ,62000,75000,-13000,0,0,0,0,0,0,0,0,0,0,0,0,0,-13000
07579P,聯茂元大9A售01  ,0,0,0,0,0,0,0,0,0,-13000,0,0,0,67000,80000,-13000,-13000
07243P,台灣50凱基9A售04,0,0,0,0,0,0,0,0,0,-13000,0,0,0,4000,17000,-13000,-13000
06902P,聯電凱基98售02  ,0,0,0,0,0,0,0,0,0,-13000,0,0,0,0,13000,-13000,-13000
053158,茂林元大96購01  ,0,0,0,0,0,0,0,0,0,-13000,0,0,0,1000,14000,-13000,-13000
052611,力成元大96購02  ,0,0,0,0,0,0,0,0,0,-13000,0,0,0,240000,253000,-13000,-13000
053929,正文國票97購01  ,0,0,0,0,0,0,0,0,0,-13000,0,0,0,39000,52000,-13000,-13000
054418,茂林元大97購01  ,0,0,0,0,0,0,0,0,0,-13000,0,0,0,0,13000,-13000,-13000
053519,力成群益96購02  ,0,0,0,0,0,0,0,0,0,-13000,0,0,0,0,13000,-13000,-13000
00666R,富邦恒生國企反1 ,1000,0,1000,0,0,0,0,0,0,-14000,0,0,0,71000,85000,-14000,-13000
03425B,臺股指元大9A熊01,0,0,0,0,0,0,0,0,0,-13000,0,0,0,0,13000,-13000,-13000
051625,聯發科麥證95購01,0,0,0,25000,38000,-13000,0,0,0,-13000,0,0,0,25000,38000,-13000,-13000
055231,大毅國票98購02  ,0,0,0,0,0,0,0,0,0,-13000,0,0,0,15000,28000,-13000,-13000
059214,國巨元大99購20  ,0,0,0,0,0,0,0,0,0,-13000,0,0,0,10000,23000,-13000,-13000
058800,健策元大99購03  ,0,0,0,0,0,0,0,0,0,-13000,0,0,0,428000,441000,-13000,-13000
058673,華新科群益9A購02,0,0,0,0,0,0,0,0,0,-13000,0,0,0,0,13000,-13000,-13000
058148,百和元大99購01  ,0,0,0,0,0,0,0,0,0,-13000,0,0,0,9000,22000,-13000,-13000
057301,嘉聯益永豐98購02,0,0,0,0,0,0,0,0,0,-13000,0,0,0,7000,20000,-13000,-13000
057949,南電國票99購01  ,0,0,0,0,0,0,0,0,0,-13000,0,0,0,29000,42000,-13000,-13000
058311,緯穎元大99購05  ,0,0,0,0,0,0,0,0,0,-13000,0,0,0,55000,68000,-13000,-13000
2887F,台新戊特二      ,0,13000,-13000,0,0,0,0,0,0,0,0,0,0,0,0,0,-13000
06996P,臺股指凱基99售17,0,0,0,0,0,0,0,0,0,-14000,0,0,0,2000,16000,-14000,-14000
07165P,臺股指群益99售16,0,0,0,0,0,0,0,0,0,-14000,0,0,0,0,14000,-14000,-14000
07576P,可成元大9A售01  ,0,0,0,0,0,0,0,0,0,-14000,0,0,0,150000,164000,-14000,-14000
07525P,臺股指中信9B售07,0,0,0,0,0,0,0,0,0,-14000,0,0,0,0,14000,-14000,-14000
2535,達欣工          ,198000,212000,-14000,0,0,0,0,0,0,0,0,0,0,0,0,0,-14000
060525,台積電中信01購04,0,0,0,0,0,0,0,0,0,-14000,0,0,0,0,14000,-14000,-14000
060736,旺宏統一01購01  ,0,0,0,0,0,0,0,0,0,-14000,0,0,0,0,14000,-14000,-14000
060020,康控康和99購01  ,0,0,0,0,0,0,0,0,0,-14000,0,0,0,110000,124000,-14000,-14000
059921,大立光元大99購24,0,0,0,0,0,0,0,0,0,-14000,0,0,0,7000,21000,-14000,-14000
059538,健策凱基99購03  ,0,0,0,0,0,0,0,0,0,-14000,0,0,0,23000,37000,-14000,-14000
047289,啟碁統一97購01  ,0,0,0,0,0,0,0,0,0,-14000,0,0,0,0,14000,-14000,-14000
049252,國巨元大96購01  ,0,0,0,0,0,0,0,0,0,-14000,0,0,0,17000,31000,-14000,-14000
054716,緯穎康和97購01  ,0,0,0,0,0,0,0,0,0,-14000,0,0,0,146000,160000,-14000,-14000
053206,聯發科麥證96購02,0,0,0,0,14000,-14000,0,0,0,-14000,0,0,0,0,14000,-14000,-14000
053223,台郡凱基96購02  ,0,0,0,0,0,0,0,0,0,-14000,0,0,0,0,14000,-14000,-14000
05439P,聯發科國票95售06,0,0,0,0,0,0,0,0,0,-14000,0,0,0,0,14000,-14000,-14000
054947,興勤元大97購01  ,0,0,0,0,0,0,0,0,0,-14000,0,0,0,0,14000,-14000,-14000
05744P,台表科元大96售04,0,0,0,0,0,0,0,0,0,-14000,0,0,0,0,14000,-14000,-14000
057778,大立光群益98購02,0,0,0,0,0,0,0,0,0,-14000,0,0,0,0,14000,-14000,-14000
058086,鴻海元大98購14  ,0,0,0,0,0,0,0,0,0,-14000,0,0,0,1000,15000,-14000,-14000
055619,同欣電國票98購02,0,0,0,0,0,0,0,0,0,-14000,0,0,0,26000,40000,-14000,-14000
057241,超眾凱基99購02  ,0,0,0,0,0,0,0,0,0,-14000,0,0,0,0,14000,-14000,-14000
058746,華通凱基9A購02  ,0,0,0,0,0,0,0,0,0,-14000,0,0,0,15000,29000,-14000,-14000
05943P,欣興凱基96售03  ,0,0,0,0,0,0,0,0,0,-14000,0,0,0,12000,26000,-14000,-14000
059373,滬深2X群益01購03,0,0,0,0,0,0,0,0,0,-14000,0,0,0,0,14000,-14000,-14000
059351,台虹凱基99購01  ,0,0,0,0,0,0,0,0,0,-14000,0,0,0,0,14000,-14000,-14000
056319,智原群益98購02  ,0,0,0,0,0,0,0,0,0,-14000,0,0,0,0,14000,-14000,-14000
056333,台積電日盛9B購01,0,0,0,0,0,0,0,0,0,-14000,0,0,0,16000,30000,-14000,-14000
056291,聯茂永豐97購03  ,0,0,0,0,0,0,0,0,0,-14000,0,0,0,16000,30000,-14000,-14000
4438,廣越            ,14000,28000,-14000,0,0,0,0,0,0,0,0,0,0,0,0,0,-14000
059572,華新科凱基99購08,0,0,0,0,0,0,0,0,0,-15000,0,0,0,0,15000,-15000,-15000
059661,大立光元大99購22,0,0,0,0,0,0,0,0,0,-15000,0,0,0,5000,20000,-15000,-15000
060660,國巨凱基9B購04  ,0,0,0,0,0,0,0,0,0,-15000,0,0,0,62000,77000,-15000,-15000
060677,京元電元大9A購04,0,0,0,0,0,0,0,0,0,-15000,0,0,0,108000,123000,-15000,-15000
06172P,台虹永豐97售02  ,0,0,0,0,0,0,0,0,0,-15000,0,0,0,0,15000,-15000,-15000
06160P,台達電群益97售01,0,0,0,0,0,0,0,0,0,-15000,0,0,0,5000,20000,-15000,-15000
06150P,奇力新元大97售06,0,0,0,0,0,0,0,0,0,-15000,0,0,0,0,15000,-15000,-15000
060577,玉晶光中信9A購02,0,0,0,0,0,0,0,0,0,-15000,0,0,0,0,15000,-15000,-15000
060643,牧德永豐9A購03  ,0,0,0,0,0,0,0,0,0,-15000,0,0,0,20000,35000,-15000,-15000
060465,聯發科元大9A購02,0,0,0,0,0,0,0,0,0,-15000,0,0,0,34000,49000,-15000,-15000
07551P,國巨元大9A售10  ,0,0,0,0,0,0,0,0,0,-15000,0,0,0,33000,48000,-15000,-15000
07191P,台積電元大99售32,0,0,0,0,0,0,0,0,0,-15000,0,0,0,0,15000,-15000,-15000
07364P,大立光元大99售27,0,0,0,0,0,0,0,0,0,-15000,0,0,0,0,15000,-15000,-15000
06899P,嘉澤群益98售01  ,0,0,0,0,0,0,0,0,0,-15000,0,0,0,0,15000,-15000,-15000
06883P,聯茂群益98售03  ,0,0,0,0,0,0,0,0,0,-15000,0,0,0,0,15000,-15000,-15000
057789,上銀統一9A購01  ,0,0,0,0,0,0,0,0,0,-15000,0,0,0,25000,40000,-15000,-15000
053050,華通國票97購02  ,0,0,0,0,0,0,0,0,0,-15000,0,0,0,0,15000,-15000,-15000
052646,淘帝永豐96購01  ,0,0,0,0,0,0,0,0,0,-15000,0,0,0,0,15000,-15000,-15000
054316,矽創凱基97購01  ,0,0,0,0,0,0,0,0,0,-15000,0,0,0,0,15000,-15000,-15000
054042,華泰元大96購01  ,0,0,0,0,0,0,0,0,0,-15000,0,0,0,0,15000,-15000,-15000
054662,同欣電元大97購02,0,0,0,0,0,0,0,0,0,-15000,0,0,0,0,15000,-15000,-15000
050013,淘帝國泰95購01  ,0,0,0,0,0,0,0,0,0,-15000,0,0,0,0,15000,-15000,-15000
054720,禾伸堂永豐97購01,0,0,0,0,0,0,0,0,0,-15000,0,0,0,28000,43000,-15000,-15000
05038P,牧德元大95售03  ,0,0,0,0,0,0,0,0,0,-15000,0,0,0,0,15000,-15000,-15000
051736,旺宏國票96購01  ,0,0,0,0,0,0,0,0,0,-15000,0,0,0,9000,24000,-15000,-15000
03670C,元油2X元富99牛01,0,0,0,0,0,0,0,0,0,-15000,0,0,0,61000,76000,-15000,-15000
055444,致新台新97購01  ,0,0,0,0,0,0,0,0,0,-15000,0,0,0,221000,236000,-15000,-15000
055705,微星永豐97購01  ,0,0,0,0,0,0,0,0,0,-15000,0,0,0,0,15000,-15000,-15000
05566P,景碩永豐96售01  ,0,0,0,0,0,0,0,0,0,-15000,0,0,0,0,15000,-15000,-15000
056931,智原台新98購01  ,0,0,0,0,0,0,0,0,0,-15000,0,0,0,0,15000,-15000,-15000
059435,大立光元大99購17,0,0,0,0,0,0,0,0,0,-15000,0,0,0,5000,20000,-15000,-15000
058902,聯發科元大99購15,0,0,0,0,0,0,0,0,0,-15000,0,0,0,68000,83000,-15000,-15000
058135,景碩元大99購01  ,0,0,0,0,0,0,0,0,0,-15000,0,0,0,59000,74000,-15000,-15000
058319,大毅永豐9A購01  ,0,0,0,0,0,0,0,0,0,-15000,0,0,0,0,15000,-15000,-15000
058549,藍天永豐99購01  ,0,0,0,0,0,0,0,0,0,-15000,0,0,0,0,15000,-15000,-15000
058581,大立光群益99購05,0,0,0,0,0,0,0,0,0,-15000,0,0,0,1000,16000,-15000,-15000
06721P,臺股指中信9A售03,0,0,0,0,0,0,0,0,0,-16000,0,0,0,2000,18000,-16000,-16000
06654P,欣興元大98售08  ,0,0,0,0,0,0,0,0,0,-16000,0,0,0,154000,170000,-16000,-16000
2471,資通            ,89000,106000,-17000,0,0,0,0,0,0,1000,1000,0,1000,0,0,0,-16000
060160,聯陽永豐9A購01  ,0,0,0,0,0,0,0,0,0,-16000,0,0,0,156000,172000,-16000,-16000
060561,台積電富邦04購01,0,0,0,0,0,0,0,0,0,-16000,0,0,0,256000,272000,-16000,-16000
060720,嘉聯益永豐9A購02,0,0,0,0,0,0,0,0,0,-16000,0,0,0,0,16000,-16000,-16000
059880,世紀鋼凱基99購02,0,0,0,0,0,0,0,0,0,-16000,0,0,0,21000,37000,-16000,-16000
00709,富邦歐洲        ,0,0,0,0,0,0,0,0,0,-16000,0,0,0,100000,116000,-16000,-16000
05322P,台積電凱基95售17,0,0,0,0,0,0,0,0,0,-16000,0,0,0,0,16000,-16000,-16000
052510,聯發科凱基95購13,0,0,0,0,0,0,0,0,0,-16000,0,0,0,24000,40000,-16000,-16000
057774,台光電群益99購02,0,0,0,0,0,0,0,0,0,-16000,0,0,0,0,16000,-16000,-16000
058579,聯發科群益99購04,0,0,0,0,0,0,0,0,0,-16000,0,0,0,10000,26000,-16000,-16000
057918,旺宏凱基99購01  ,0,0,0,0,0,0,0,0,0,-16000,0,0,0,0,16000,-16000,-16000
056247,台郡群益97購01  ,0,0,0,0,0,0,0,0,0,-16000,0,0,0,4000,20000,-16000,-16000
05761P,嘉澤永豐96售01  ,0,0,0,0,0,0,0,0,0,-16000,0,0,0,0,16000,-16000,-16000
058911,茂林元大99購04  ,0,0,0,0,0,0,0,0,0,-16000,0,0,0,256000,272000,-16000,-16000
059035,旺宏群益99購06  ,0,0,0,0,0,0,0,0,0,-16000,0,0,0,0,16000,-16000,-16000
059345,禾伸堂凱基99購03,0,0,0,0,0,0,0,0,0,-16000,0,0,0,29000,45000,-16000,-16000
056627,訊芯永豐98購01  ,0,0,0,0,0,0,0,0,0,-16000,0,0,0,0,16000,-16000,-16000
056617,美律永豐98購01  ,0,0,0,0,0,0,0,0,0,-16000,0,0,0,126000,142000,-16000,-16000
060145,牧德國票9A購02  ,0,0,0,0,0,0,0,0,0,-17000,0,0,0,107000,124000,-17000,-17000
059619,台積電日盛9A購04,0,0,0,0,0,0,0,0,0,-17000,0,0,0,319000,336000,-17000,-17000
059529,華新科凱基9A購04,0,0,0,0,0,0,0,0,0,-17000,0,0,0,10000,27000,-17000,-17000
060301,國巨富邦9C購02  ,0,0,0,0,0,0,0,0,0,-17000,0,0,0,123000,140000,-17000,-17000
060464,台積電元大9A購11,0,0,0,0,0,0,0,0,0,-17000,0,0,0,0,17000,-17000,-17000
1474,弘裕            ,70000,87000,-17000,0,0,0,0,0,0,0,0,0,0,0,0,0,-17000
2023,燁輝            ,481000,505000,-24000,0,0,0,0,0,0,7000,7000,0,7000,0,0,0,-17000
06300P,緯穎元大97售04  ,0,0,0,0,0,0,0,0,0,-17000,0,0,0,0,17000,-17000,-17000
06458P,玉晶光統一9A售02,0,0,0,0,0,0,0,0,0,-17000,0,0,0,0,17000,-17000,-17000
07392P,台積電國泰02售01,0,0,0,0,0,0,0,0,0,-17000,0,0,0,45000,62000,-17000,-17000
07192P,聯發科元大99售23,0,0,0,0,0,0,0,0,0,-17000,0,0,0,0,17000,-17000,-17000
07176P,臺股指凱基99售18,0,0,0,0,0,0,0,0,0,-17000,0,0,0,0,17000,-17000,-17000
07252P,台灣50凱基99售01,0,0,0,0,0,0,0,0,0,-17000,0,0,0,3000,20000,-17000,-17000
052986,聯發科元大97購05,0,0,0,0,0,0,0,0,0,-17000,0,0,0,33000,50000,-17000,-17000
054696,嘉聯益永豐97購01,0,0,0,0,0,0,0,0,0,-17000,0,0,0,2000,19000,-17000,-17000
054466,欣興凱基97購03  ,0,0,0,0,0,0,0,0,0,-17000,0,0,0,49000,66000,-17000,-17000
05485P,旺宏凱基95售08  ,0,0,0,0,0,0,0,0,0,-17000,0,0,0,0,17000,-17000,-17000
053300,大成鋼凱基96購02,0,0,0,0,0,0,0,0,0,-17000,0,0,0,0,17000,-17000,-17000
053504,祥碩兆豐96購01  ,0,0,0,0,0,0,0,0,0,-17000,0,0,0,0,17000,-17000,-17000
051321,建準國票96購01  ,0,0,0,0,0,0,0,0,0,-17000,0,0,0,0,17000,-17000,-17000
051638,聯茂國票96購01  ,0,0,0,0,0,0,0,0,0,-17000,0,0,0,61000,78000,-17000,-17000
057834,聯發科元富02購07,0,0,0,0,0,0,0,0,0,-17000,0,0,0,22000,39000,-17000,-17000
056909,嘉聯益元大99購03,0,0,0,0,0,0,0,0,0,-17000,0,0,0,9000,26000,-17000,-17000
059336,台灣50凱基9A購02,0,0,0,0,0,0,0,0,0,-17000,0,0,0,0,17000,-17000,-17000
059039,致伸群益99購01  ,0,0,0,0,0,0,0,0,0,-17000,0,0,0,0,17000,-17000,-17000
055933,欣興群益98購02  ,0,0,0,0,0,0,0,0,0,-17000,0,0,0,0,17000,-17000,-17000
058355,旺宏凱基99購04  ,0,0,0,0,0,0,0,0,0,-17000,0,0,0,10000,27000,-17000,-17000
4536,拓凱            ,40000,55000,-15000,0,0,0,0,0,0,-2000,0,2000,-2000,0,0,0,-17000
6226,光鼎            ,49000,67000,-18000,0,0,0,0,0,0,1000,1000,0,1000,0,0,0,-17000
07221P,臺股指中信9B售04,0,0,0,0,0,0,0,0,0,-18000,0,0,0,0,18000,-18000,-18000
07445P,大立光凱基9A售08,0,0,0,0,0,0,0,0,0,-18000,0,0,0,64000,82000,-18000,-18000
06738P,瑞昱兆豐98售02  ,0,0,0,0,0,0,0,0,0,-18000,0,0,0,0,18000,-18000,-18000
060701,玉晶光國泰9C購01,0,0,0,0,0,0,0,0,0,-18000,0,0,0,37000,55000,-18000,-18000
06122P,亞光元大98售01  ,0,0,0,0,0,0,0,0,0,-18000,0,0,0,0,18000,-18000,-18000
06188P,大立光元富97售01,0,0,0,0,0,0,0,0,0,-18000,0,0,0,4000,22000,-18000,-18000
059677,大立光台新99購01,0,0,0,0,0,0,0,0,0,-18000,0,0,0,22000,40000,-18000,-18000
051598,瑞昱兆豐95購01  ,0,0,0,0,0,0,0,0,0,-18000,0,0,0,2000,20000,-18000,-18000
048122,台達電元大96購02,0,0,0,0,0,0,0,0,0,-18000,0,0,0,0,18000,-18000,-18000
050228,中磊中信96購01  ,0,0,0,0,0,0,0,0,0,-18000,0,0,0,0,18000,-18000,-18000
054161,友訊凱基98購01  ,0,0,0,0,0,0,0,0,0,-18000,0,0,0,22000,40000,-18000,-18000
053721,國泰金凱基97購01,0,0,0,0,0,0,0,0,0,-18000,0,0,0,5000,23000,-18000,-18000
052934,中磊元大96購01  ,0,0,0,0,0,0,0,0,0,-18000,0,0,0,2000,20000,-18000,-18000
057422,欣興凱基98購04  ,0,0,0,0,0,0,0,0,0,-18000,0,0,0,0,18000,-18000,-18000
058478,聯發科凱基9A購01,0,0,0,0,0,0,0,0,0,-18000,0,0,0,1000,19000,-18000,-18000
058014,上銀凱基99購02  ,0,0,0,0,0,0,0,0,0,-18000,0,0,0,12000,30000,-18000,-18000
055910,瑞昱凱基98購01  ,0,0,0,0,0,0,0,0,0,-18000,0,0,0,0,18000,-18000,-18000
058220,世芯國票9A購01  ,0,0,0,0,0,0,0,0,0,-18000,0,0,0,5000,23000,-18000,-18000
058671,旺宏群益9A購01  ,0,0,0,0,0,0,0,0,0,-18000,0,0,0,2000,20000,-18000,-18000
058684,健策凱基99購02  ,0,0,0,0,0,0,0,0,0,-18000,0,0,0,51000,69000,-18000,-18000
056104,義隆永豐97購01  ,0,0,0,0,0,0,0,0,0,-18000,0,0,0,34000,52000,-18000,-18000
059440,康控元大9B購01  ,0,0,0,0,0,0,0,0,0,-18000,0,0,0,78000,96000,-18000,-18000
059160,華通凱基99購03  ,0,0,0,0,0,0,0,0,0,-18000,0,0,0,0,18000,-18000,-18000
059195,國巨永豐99購04  ,0,0,0,0,0,0,0,0,0,-18000,0,0,0,68000,86000,-18000,-18000
055713,國巨元大98購09  ,0,0,0,0,0,0,0,0,0,-18000,0,0,0,69000,87000,-18000,-18000
056267,文曄統一97購02  ,0,0,0,0,0,0,0,0,0,-18000,0,0,0,0,18000,-18000,-18000
5288,豐祥-KY         ,30000,48000,-18000,0,0,0,0,0,0,0,0,0,0,0,0,0,-18000
3557,嘉威            ,39000,57000,-18000,0,0,0,0,0,0,0,0,0,0,0,0,0,-18000
059855,緯穎永豐99購04  ,0,0,0,0,0,0,0,0,0,-19000,0,0,0,0,19000,-19000,-19000
059509,奇力新永豐99購02,0,0,0,0,0,0,0,0,0,-19000,0,0,0,15000,34000,-19000,-19000
059662,旭富元大9C購01  ,0,0,0,0,0,0,0,0,0,-19000,0,0,0,5000,24000,-19000,-19000
059645,祥碩凱基99購05  ,0,0,0,0,0,0,0,0,0,-19000,0,0,0,278000,297000,-19000,-19000
060029,嘉晶永豐99購03  ,0,0,0,0,0,0,0,0,0,-19000,0,0,0,68000,87000,-19000,-19000
060558,億豐凱基9A購01  ,0,0,0,0,0,0,0,0,0,-19000,0,0,0,12000,31000,-19000,-19000
060586,玉晶光元富9A購03,0,0,0,0,0,0,0,0,0,-19000,0,0,0,58000,77000,-19000,-19000
07149P,健鼎元大99售03  ,0,0,0,0,0,0,0,0,0,-19000,0,0,0,0,19000,-19000,-19000
057543,華通凱基99購02  ,0,0,0,0,0,0,0,0,0,-19000,0,0,0,0,19000,-19000,-19000
054445,技嘉兆豐96購01  ,0,0,0,0,0,0,0,0,0,-19000,0,0,0,4000,23000,-19000,-19000
053383,京元電元大97購01,0,0,0,0,0,0,0,0,0,-19000,0,0,0,33000,52000,-19000,-19000
04126P,滬深2X國票95售02,0,0,0,0,0,0,0,0,0,-19000,0,0,0,1000,20000,-19000,-19000
051698,旺宏麥證95購01  ,0,0,0,0,19000,-19000,0,0,0,-19000,0,0,0,0,19000,-19000,-19000
056354,國巨元大98購10  ,0,0,0,0,0,0,0,0,0,-19000,0,0,0,80000,99000,-19000,-19000
059403,T50反1台新03購03,0,0,0,0,0,0,0,0,0,-19000,0,0,0,0,19000,-19000,-19000
059400,滬深2X元富9C購04,0,0,0,0,0,0,0,0,0,-19000,0,0,0,1000,20000,-19000,-19000
055872,亞泥元富97購01  ,0,0,0,0,0,0,0,0,0,-19000,0,0,0,44000,63000,-19000,-19000
055118,嘉聯益凱基98購02,0,0,0,0,0,0,0,0,0,-19000,0,0,0,0,19000,-19000,-19000
3321,同泰            ,25000,44000,-19000,0,0,0,0,0,0,0,0,0,0,0,0,0,-19000
8442,威宏-KY         ,12000,0,12000,0,0,0,0,0,0,-31000,0,31000,-31000,0,0,0,-19000
07109P,聯發科中信9B售02,0,0,0,0,0,0,0,0,0,-20000,0,0,0,0,20000,-20000,-20000
07275P,FBVIX群益99售02 ,0,0,0,0,0,0,0,0,0,-20000,0,0,0,0,20000,-20000,-20000
07475P,A50正2群益9C售02,0,0,0,0,0,0,0,0,0,-20000,0,0,0,0,20000,-20000,-20000
06952P,大立光統一9A售03,0,0,0,0,0,0,0,0,0,-20000,0,0,0,3000,23000,-20000,-20000
060610,玉晶光凱基9B購02,0,0,0,0,0,0,0,0,0,-20000,0,0,0,9000,29000,-20000,-20000
060759,南亞科元大9A購03,0,0,0,0,0,0,0,0,0,-20000,0,0,0,0,20000,-20000,-20000
060750,高股息元大9A購01,0,0,0,0,0,0,0,0,0,-20000,0,0,0,0,20000,-20000,-20000
060788,嘉晶富邦9B購01  ,0,0,0,0,0,0,0,0,0,-20000,0,0,0,0,20000,-20000,-20000
060358,國巨元富9A購01  ,0,0,0,0,0,0,0,0,0,-20000,0,0,0,21000,41000,-20000,-20000
060334,群光康和9A購01  ,0,0,0,0,0,0,0,0,0,-20000,0,0,0,0,20000,-20000,-20000
060375,葡萄王元富9A購01,0,0,0,0,0,0,0,0,0,-20000,0,0,0,0,20000,-20000,-20000
060324,台積電群益9B購02,0,0,0,0,0,0,0,0,0,-20000,0,0,0,0,20000,-20000,-20000
060046,S&P反1凱基99購02,0,0,0,0,0,0,0,0,0,-20000,0,0,0,30000,50000,-20000,-20000
060019,彰銀康和99購01  ,0,0,0,0,0,0,0,0,0,-20000,0,0,0,68000,88000,-20000,-20000
060063,可成兆豐9B購01  ,0,0,0,0,0,0,0,0,0,-20000,0,0,0,23000,43000,-20000,-20000
05990P,台積電群益96售13,0,0,0,0,0,0,0,0,0,-20000,0,0,0,1000,21000,-20000,-20000
059502,台灣50台新9B購04,0,0,0,0,0,0,0,0,0,-20000,0,0,0,10000,30000,-20000,-20000
059812,上証2X凱基9A購04,0,0,0,0,0,0,0,0,0,-20000,0,0,0,0,20000,-20000,-20000
059727,大立光元大9A購01,0,0,0,0,0,0,0,0,0,-20000,0,0,0,23000,43000,-20000,-20000
04907P,超眾國票95售01  ,0,0,0,0,0,0,0,0,0,-20000,0,0,0,0,20000,-20000,-20000
04754P,宏達電元富94售02,0,0,0,0,0,0,0,0,0,-20000,0,0,0,0,20000,-20000,-20000
053398,和鑫中信99購01  ,0,0,0,0,0,0,0,0,0,-20000,0,0,0,0,20000,-20000,-20000
053368,京元電富邦98購01,0,0,0,0,0,0,0,0,0,-20000,0,0,0,0,20000,-20000,-20000
051047,深中小群益99購01,0,0,0,0,0,0,0,0,0,-20000,0,0,0,0,20000,-20000,-20000
053482,矽力元大96購03  ,0,0,0,0,0,0,0,0,0,-20000,0,0,0,0,20000,-20000,-20000
051300,台光電凱基96購02,0,0,0,0,0,0,0,0,0,-20000,0,0,0,0,20000,-20000,-20000
051271,華新科群益95購04,0,0,0,0,0,0,0,0,0,-20000,0,0,0,0,20000,-20000,-20000
05118P,超眾元大96售04  ,0,0,0,0,0,0,0,0,0,-20000,0,0,0,0,20000,-20000,-20000
04948P,瑞儀元大94售03  ,0,0,0,0,0,0,0,0,0,-20000,0,0,0,0,20000,-20000,-20000
050420,鴻海凱基95購03  ,0,0,0,0,0,0,0,0,0,-20000,0,0,0,22000,42000,-20000,-20000
05027P,南電群益95售01  ,0,0,0,0,0,0,0,0,0,-20000,0,0,0,0,20000,-20000,-20000
054502,泰碩永豐96購01  ,0,0,0,0,0,0,0,0,0,-20000,0,0,0,70000,90000,-20000,-20000
054619,昇陽半永豐97購03,0,0,0,0,0,0,0,0,0,-20000,0,0,0,0,20000,-20000,-20000
054843,中環兆豐97購01  ,0,0,0,0,0,0,0,0,0,-20000,0,0,0,0,20000,-20000,-20000
053575,聯詠元富96購01  ,0,0,0,0,0,0,0,0,0,-20000,0,0,0,0,20000,-20000,-20000
053541,泰鼎永豐96購02  ,0,0,0,0,0,0,0,0,0,-20000,0,0,0,0,20000,-20000,-20000
053586,建準元大96購01  ,0,0,0,0,0,0,0,0,0,-20000,0,0,0,0,20000,-20000,-20000
053698,中磊元大96購02  ,0,0,0,0,0,0,0,0,0,-20000,0,0,0,0,20000,-20000,-20000
053905,華新科凱基96購10,0,0,0,0,0,0,0,0,0,-20000,0,0,0,0,20000,-20000,-20000
054701,宏全永豐97購01  ,0,0,0,0,0,0,0,0,0,-20000,0,0,0,0,20000,-20000,-20000
052203,T50反1中信99購03,0,0,0,0,0,0,0,0,0,-20000,0,0,0,0,20000,-20000,-20000
057567,嘉聯益富邦9A購01,0,0,0,0,0,0,0,0,0,-20000,0,0,0,227000,247000,-20000,-20000
057690,美律凱基99購03  ,0,0,0,0,0,0,0,0,0,-20000,0,0,0,0,20000,-20000,-20000
057721,華擎元富98購02  ,0,0,0,0,0,0,0,0,0,-20000,0,0,0,0,20000,-20000,-20000
058061,貿聯元富9B購01  ,0,0,0,0,0,0,0,0,0,-20000,0,0,0,40000,60000,-20000,-20000
055471,聯發科凱基97購04,0,0,0,0,0,0,0,0,0,-20000,0,0,0,0,20000,-20000,-20000
055617,TPK國票98購04   ,0,0,0,0,0,0,0,0,0,-20000,0,0,0,0,20000,-20000,-20000
058342,鴻海群益9A購01  ,0,0,0,0,0,0,0,0,0,-20000,0,0,0,1000,21000,-20000,-20000
057619,玉晶光凱基98購02,0,0,0,0,0,0,0,0,0,-20000,0,0,0,28000,48000,-20000,-20000
057587,微星國票99購01  ,0,0,0,0,0,0,0,0,0,-20000,0,0,0,0,20000,-20000,-20000
057239,貿聯凱基98購05  ,0,0,0,0,0,0,0,0,0,-20000,0,0,0,0,20000,-20000,-20000
05729P,臺股指凱基97售02,0,0,0,0,0,0,0,0,0,-20000,0,0,0,0,20000,-20000,-20000
056028,GIS群益97購02   ,0,0,0,0,0,0,0,0,0,-20000,0,0,0,0,20000,-20000,-20000
058264,瑞昱永豐99購01  ,0,0,0,0,0,0,0,0,0,-20000,0,0,0,35000,55000,-20000,-20000
059426,鴻海元大99購31  ,0,0,0,0,0,0,0,0,0,-20000,0,0,0,1000,21000,-20000,-20000
05925P,晶技永豐96售03  ,0,0,0,0,0,0,0,0,0,-20000,0,0,0,0,20000,-20000,-20000
058937,仁寶中信99購01  ,0,0,0,0,0,0,0,0,0,-20000,0,0,0,0,20000,-20000,-20000
058751,南茂凱基9A購01  ,0,0,0,0,0,0,0,0,0,-20000,0,0,0,0,20000,-20000,-20000
056302,大立光元大97購17,0,0,0,0,0,0,0,0,0,-20000,0,0,0,0,20000,-20000,-20000
055353,華新科凱基98購03,0,0,0,0,0,0,0,0,0,-20000,0,0,0,0,20000,-20000,-20000
055359,超眾凱基97購01  ,0,0,0,0,0,0,0,0,0,-20000,0,0,0,0,20000,-20000,-20000
057848,台表科永豐98購02,0,0,0,0,0,0,0,0,0,-20000,0,0,0,0,20000,-20000,-20000
056544,貿聯凱基98購03  ,0,0,0,0,0,0,0,0,0,-20000,0,0,0,0,20000,-20000,-20000
3038,全台            ,265000,265000,0,0,0,0,0,0,0,-20000,0,20000,-20000,0,0,0,-20000
4576,大銀微系統      ,21000,41000,-20000,0,0,0,0,0,0,0,0,0,0,0,0,0,-20000
059711,滬深2X元大9C購02,0,0,0,0,0,0,0,0,0,-21000,0,0,0,105000,126000,-21000,-21000
059789,貿聯元大9A購02  ,0,0,0,0,0,0,0,0,0,-21000,0,0,0,85000,106000,-21000,-21000
059588,鴻海元大99購32  ,0,0,0,0,0,0,0,0,0,-21000,0,0,0,33000,54000,-21000,-21000
060070,國巨元富99購02  ,0,0,0,0,0,0,0,0,0,-21000,0,0,0,235000,256000,-21000,-21000
060242,潤泰全元大9C購01,0,0,0,0,0,0,0,0,0,-21000,0,0,0,0,21000,-21000,-21000
060471,台勝科元大9B購01,0,0,0,0,0,0,0,0,0,-21000,0,0,0,10000,31000,-21000,-21000
060493,美律元富01購01  ,0,0,0,0,0,0,0,0,0,-21000,0,0,0,242000,263000,-21000,-21000
07560P,台積電國泰9B售01,0,0,0,0,0,0,0,0,0,-21000,0,0,0,150000,171000,-21000,-21000
05731P,創意統一96售03  ,0,0,0,0,0,0,0,0,0,-21000,0,0,0,23000,44000,-21000,-21000
052502,瀚宇博永豐95購02,0,0,0,0,0,0,0,0,0,-21000,0,0,0,27000,48000,-21000,-21000
053710,華通凱基96購05  ,0,0,0,0,0,0,0,0,0,-21000,0,0,0,30000,51000,-21000,-21000
054463,瑞昱凱基97購01  ,0,0,0,0,0,0,0,0,0,-21000,0,0,0,5000,26000,-21000,-21000
053499,禾伸堂兆豐96購01,0,0,0,0,0,0,0,0,0,-21000,0,0,0,0,21000,-21000,-21000
055707,聯鈞永豐98購01  ,0,0,0,0,0,0,0,0,0,-21000,0,0,0,10000,31000,-21000,-21000
059015,華通元富99購02  ,0,0,0,0,0,0,0,0,0,-21000,0,0,0,0,21000,-21000,-21000
059275,可成元大99購05  ,0,0,0,0,0,0,0,0,0,-21000,0,0,0,119000,140000,-21000,-21000
058240,景碩元大99購04  ,0,0,0,0,0,0,0,0,0,-21000,0,0,0,63000,84000,-21000,-21000
058642,旺宏麥證9A購01  ,0,0,0,0,21000,-21000,0,0,0,-21000,0,0,0,0,21000,-21000,-21000
055533,大立光群益97購03,0,0,0,0,0,0,0,0,0,-21000,0,0,0,0,21000,-21000,-21000
5534,長虹            ,92546,126000,-33454,0,0,0,0,0,0,12000,3000,1000,2000,10000,0,10000,-21454
1451,年興            ,23000,45000,-22000,0,0,0,0,0,0,0,0,0,0,0,0,0,-22000
1598,岱宇            ,106000,130000,-24000,0,0,0,0,0,0,2000,2000,0,2000,0,0,0,-22000
06437P,玉晶光國票99售01,0,0,0,0,0,0,0,0,0,-22000,0,0,0,200000,222000,-22000,-22000
07281P,鴻海凱基99售13  ,0,0,0,0,0,0,0,0,0,-22000,0,0,0,8000,30000,-22000,-22000
07267P,臺股指元大99售23,0,0,0,0,0,0,0,0,0,-22000,0,0,0,0,22000,-22000,-22000
060399,康友國票9A購02  ,0,0,0,0,0,0,0,0,0,-22000,0,0,0,2000,24000,-22000,-22000
060258,T50反1凱基9A購06,0,0,0,0,0,0,0,0,0,-22000,0,0,0,4000,26000,-22000,-22000
060322,卜蜂群益9A購01  ,0,0,0,0,0,0,0,0,0,-22000,0,0,0,10000,32000,-22000,-22000
060774,南亞科凱基9A購01,0,0,0,0,0,0,0,0,0,-22000,0,0,0,0,22000,-22000,-22000
060681,華擎元大9A購02  ,0,0,0,0,0,0,0,0,0,-22000,0,0,0,0,22000,-22000,-22000
060619,玉晶光元大9A購03,0,0,0,0,0,0,0,0,0,-22000,0,0,0,30000,52000,-22000,-22000
060532,欣興中信9A購01  ,0,0,0,0,0,0,0,0,0,-22000,0,0,0,67000,89000,-22000,-22000
060079,台郡台新99購03  ,0,0,0,0,0,0,0,0,0,-22000,0,0,0,107000,129000,-22000,-22000
059859,國巨群益9A購03  ,0,0,0,0,0,0,0,0,0,-22000,0,0,0,0,22000,-22000,-22000
052056,緯穎凱基95購04  ,0,0,0,0,0,0,0,0,0,-22000,0,0,0,0,22000,-22000,-22000
050320,台表科國票94購01,0,0,0,0,0,0,0,0,0,-22000,0,0,0,50000,72000,-22000,-22000
054596,聯發科麥證97購01,0,0,0,0,22000,-22000,0,0,0,-22000,0,0,0,0,22000,-22000,-22000
053958,京元電永豐96購01,0,0,0,0,0,0,0,0,0,-22000,0,0,0,35000,57000,-22000,-22000
058074,欣興凱基99購01  ,0,0,0,0,0,0,0,0,0,-22000,0,0,0,30000,52000,-22000,-22000
057989,旺宏統一99購04  ,0,0,0,0,0,0,0,0,0,-22000,0,0,0,5000,27000,-22000,-22000
058400,聯發科元大99購09,0,0,0,0,0,0,0,0,0,-22000,0,0,0,19000,41000,-22000,-22000
059159,上銀凱基99購05  ,0,0,0,0,0,0,0,0,0,-22000,0,0,0,0,22000,-22000,-22000
056549,嘉聯益凱基98購04,0,0,0,0,0,0,0,0,0,-22000,0,0,0,0,22000,-22000,-22000
056829,台積電富邦9A購01,0,0,0,0,0,0,0,0,0,-22000,0,0,0,0,22000,-22000,-22000
059972,S&P正2元大99購03,0,0,0,0,0,0,0,0,0,-23000,0,0,0,0,23000,-23000,-23000
060094,聯發科元大99購41,0,0,0,0,0,0,0,0,0,-23000,0,0,0,49000,72000,-23000,-23000
060096,聯發科元大99購43,0,0,0,0,0,0,0,0,0,-23000,0,0,0,8000,31000,-23000,-23000
059628,智邦凱基99購04  ,0,0,0,0,0,0,0,0,0,-23000,0,0,0,78000,101000,-23000,-23000
060563,智邦富邦9A購01  ,0,0,0,0,0,0,0,0,0,-23000,0,0,0,0,23000,-23000,-23000
060259,潤泰全凱基9C購01,0,0,0,0,0,0,0,0,0,-23000,0,0,0,51000,74000,-23000,-23000
07413P,國巨元大99售33  ,0,0,0,0,0,0,0,0,0,-23000,0,0,0,62000,85000,-23000,-23000
056533,友達凱基9A購02  ,0,0,0,0,0,0,0,0,0,-23000,0,0,0,14000,37000,-23000,-23000
055848,大立光元大97購11,0,0,0,0,0,0,0,0,0,-23000,0,0,0,0,23000,-23000,-23000
056614,智邦永豐98購01  ,0,0,0,0,0,0,0,0,0,-23000,0,0,0,0,23000,-23000,-23000
058957,貿聯國票9A購01  ,0,0,0,0,0,0,0,0,0,-23000,0,0,0,70000,93000,-23000,-23000
058916,SGBR2X元富99購02,0,0,0,0,0,0,0,0,0,-23000,0,0,0,6000,29000,-23000,-23000
055476,台郡凱基97購02  ,0,0,0,0,0,0,0,0,0,-23000,0,0,0,0,23000,-23000,-23000
058694,鈺齊國票9A購02  ,0,0,0,0,0,0,0,0,0,-23000,0,0,0,6000,29000,-23000,-23000
056168,鴻海元富97購07  ,0,0,0,0,0,0,0,0,0,-23000,0,0,0,30000,53000,-23000,-23000
057574,中磊永豐98購01  ,0,0,0,0,0,0,0,0,0,-23000,0,0,0,0,23000,-23000,-23000
6409,旭隼            ,22000,46163,-24163,0,0,0,0,0,0,1000,1000,0,1000,0,0,0,-23163
07471P,南亞科元大9A售01,0,0,0,0,0,0,0,0,0,-24000,0,0,0,25000,49000,-24000,-24000
07180P,臺股指凱基99售22,0,0,0,0,0,0,0,0,0,-24000,0,0,0,0,24000,-24000,-24000
06632P,創意群益98售03  ,0,0,0,0,0,0,0,0,0,-24000,0,0,0,13000,37000,-24000,-24000
06641P,智邦兆豐99售01  ,0,0,0,0,0,0,0,0,0,-24000,0,0,0,0,24000,-24000,-24000
060545,台積電凱基9B購02,0,0,0,0,0,0,0,0,0,-24000,0,0,0,5000,29000,-24000,-24000
060662,旺宏凱基9A購03  ,0,0,0,0,0,0,0,0,0,-24000,0,0,0,0,24000,-24000,-24000
060097,華新科元大99購23,0,0,0,0,0,0,0,0,0,-24000,0,0,0,0,24000,-24000,-24000
060095,聯發科元大99購42,0,0,0,0,0,0,0,0,0,-24000,0,0,0,15000,39000,-24000,-24000
060030,晶相光永豐99購03,0,0,0,0,0,0,0,0,0,-24000,0,0,0,27000,51000,-24000,-24000
057404,貿聯群益99購01  ,0,0,0,0,0,0,0,0,0,-24000,0,0,0,0,24000,-24000,-24000
053718,全新凱基97購02  ,0,0,0,0,0,0,0,0,0,-24000,0,0,0,1000,25000,-24000,-24000
053895,智易群益96購02  ,0,0,0,0,0,0,0,0,0,-24000,0,0,0,1000,25000,-24000,-24000
053849,聯發科元富96購04,0,0,0,0,0,0,0,0,0,-24000,0,0,0,29000,53000,-24000,-24000
053806,鎧勝凱基96購02  ,0,0,0,0,0,0,0,0,0,-24000,0,0,0,130000,154000,-24000,-24000
053427,鎧勝永豐96購02  ,0,0,0,0,0,0,0,0,0,-24000,0,0,0,6000,30000,-24000,-24000
057255,聯發科麥證98購02,0,0,0,3000,27000,-24000,0,0,0,-24000,0,0,0,3000,27000,-24000,-24000
058731,貿聯永豐99購02  ,0,0,0,0,0,0,0,0,0,-24000,0,0,0,0,24000,-24000,-24000
058238,奇鋐元大99購02  ,0,0,0,0,0,0,0,0,0,-24000,0,0,0,30000,54000,-24000,-24000
058005,茂林群益98購04  ,0,0,0,0,0,0,0,0,0,-24000,0,0,0,0,24000,-24000,-24000
058027,鴻海富邦98購04  ,0,0,0,0,0,0,0,0,0,-24000,0,0,0,88000,112000,-24000,-24000
058535,玉晶光統一9A購06,0,0,0,0,0,0,0,0,0,-24000,0,0,0,36000,60000,-24000,-24000
059004,嘉晶元大99購05  ,0,0,0,0,0,0,0,0,0,-24000,0,0,0,90000,114000,-24000,-24000
05901P,臺股指凱基9C售01,0,0,0,0,0,0,0,0,0,-24000,0,0,0,0,24000,-24000,-24000
05938P,旺宏凱基96售07  ,0,0,0,0,0,0,0,0,0,-24000,0,0,0,0,24000,-24000,-24000
056803,群創台新99購02  ,0,0,0,0,0,0,0,0,0,-24000,0,0,0,0,24000,-24000,-24000
056714,晶相光永豐98購02,0,0,0,0,0,0,0,0,0,-24000,0,0,0,35000,59000,-24000,-24000
056879,旺宏國票99購02  ,0,0,0,0,0,0,0,0,0,-24000,0,0,0,0,24000,-24000,-24000
3060,銘異            ,61000,86000,-25000,0,0,0,0,0,0,1000,1000,0,1000,0,0,0,-24000
059823,奇力新凱基99購07,0,0,0,0,0,0,0,0,0,-25000,0,0,0,7000,32000,-25000,-25000
059828,健策凱基99購05  ,0,0,0,0,0,0,0,0,0,-25000,0,0,0,160000,185000,-25000,-25000
059690,建準永豐99購01  ,0,0,0,0,0,0,0,0,0,-25000,0,0,0,21000,46000,-25000,-25000
06067P,華新科康和97售01,0,0,0,0,0,0,0,0,0,-25000,0,0,0,0,25000,-25000,-25000
060688,世紀鋼元大9C購01,0,0,0,0,0,0,0,0,0,-25000,0,0,0,67000,92000,-25000,-25000
060463,台積電元大9A購10,0,0,0,0,0,0,0,0,0,-25000,0,0,0,0,25000,-25000,-25000
06332P,世紀鋼群益98售01,0,0,0,0,0,0,0,0,0,-25000,0,0,0,8000,33000,-25000,-25000
07250P,台灣50永豐99售07,0,0,0,0,0,0,0,0,0,-25000,0,0,0,5000,30000,-25000,-25000
049971,台郡國票95購01  ,0,0,0,0,0,0,0,0,0,-25000,0,0,0,0,25000,-25000,-25000
04947P,聯詠元大94售05  ,0,0,0,0,0,0,0,0,0,-25000,0,0,0,0,25000,-25000,-25000
054349,同欣電國票97購02,0,0,0,0,0,0,0,0,0,-25000,0,0,0,5000,30000,-25000,-25000
057812,友達元大9A購05  ,0,0,0,0,0,0,0,0,0,-25000,0,0,0,0,25000,-25000,-25000
057371,可成元大98購08  ,0,0,0,0,0,0,0,0,0,-25000,0,0,0,84000,109000,-25000,-25000
053095,台光電統一98購01,0,0,0,0,0,0,0,0,0,-25000,0,0,0,0,25000,-25000,-25000
056535,全新凱基99購02  ,0,0,0,0,0,0,0,0,0,-25000,0,0,0,14000,39000,-25000,-25000
055267,百和永豐97購01  ,0,0,0,0,0,0,0,0,0,-25000,0,0,0,0,25000,-25000,-25000
059072,元油2X元大9C購13,0,0,0,0,0,0,0,0,0,-25000,0,0,0,30000,55000,-25000,-25000
058502,鴻海元大99購13  ,0,0,0,0,0,0,0,0,0,-25000,0,0,0,4000,29000,-25000,-25000
055558,大立光凱基97購08,0,0,0,0,0,0,0,0,0,-25000,0,0,0,0,25000,-25000,-25000
058242,玉晶光元大9A購01,0,0,0,0,0,0,0,0,0,-25000,0,0,0,5000,30000,-25000,-25000
058688,矽創凱基9A購01  ,0,0,0,0,0,0,0,0,0,-25000,0,0,0,10000,35000,-25000,-25000
055970,聯茂元大97購04  ,0,0,0,0,0,0,0,0,0,-25000,0,0,0,27000,52000,-25000,-25000
07318P,鴻海凱基01售02  ,0,0,0,0,0,0,0,0,0,-26000,0,0,0,5000,31000,-26000,-26000
06900P,FBVIX國票12售01 ,0,0,0,0,0,0,0,0,0,-26000,0,0,0,24000,50000,-26000,-26000
060203,緯穎元富9A購01  ,0,0,0,0,0,0,0,0,0,-26000,0,0,0,14000,40000,-26000,-26000
059732,超眾元大9A購01  ,0,0,0,0,0,0,0,0,0,-26000,0,0,0,31000,57000,-26000,-26000
060061,旺宏兆豐99購02  ,0,0,0,0,0,0,0,0,0,-26000,0,0,0,0,26000,-26000,-26000
059881,臺股指凱基99購46,0,0,0,0,0,0,0,0,0,-26000,0,0,0,13000,39000,-26000,-26000
057816,欣興元大98購13  ,0,0,0,0,0,0,0,0,0,-26000,0,0,0,79000,105000,-26000,-26000
052180,緯穎元大96購05  ,0,0,0,0,0,0,0,0,0,-26000,0,0,0,98000,124000,-26000,-26000
053503,臻鼎兆豐97購01  ,0,0,0,0,0,0,0,0,0,-26000,0,0,0,55000,81000,-26000,-26000
056202,國揚永豐97購01  ,0,0,0,0,0,0,0,0,0,-26000,0,0,0,1000,27000,-26000,-26000
058435,旺宏統一9B購02  ,0,0,0,0,0,0,0,0,0,-26000,0,0,0,0,26000,-26000,-26000
058345,台光電群益99購03,0,0,0,0,0,0,0,0,0,-26000,0,0,0,130000,156000,-26000,-26000
057900,南亞科永豐98購01,0,0,0,0,0,0,0,0,0,-26000,0,0,0,1000,27000,-26000,-26000
059031,元石油中信03購01,0,0,0,0,0,0,0,0,0,-26000,0,0,0,9000,35000,-26000,-26000
056669,貿聯國票99購01  ,0,0,0,0,0,0,0,0,0,-26000,0,0,0,84000,110000,-26000,-26000
4737,華廣            ,20000,50000,-30000,0,0,0,0,0,0,4000,4000,0,4000,0,0,0,-26000
059788,華新科元大9A購05,0,0,0,0,0,0,0,0,0,-27000,0,0,0,0,27000,-27000,-27000
060593,華通麥證9A購01  ,0,0,0,0,27000,-27000,0,0,0,-27000,0,0,0,0,27000,-27000,-27000
07301P,臺股指元大9A售34,0,0,0,0,0,0,0,0,0,-27000,0,0,0,15000,42000,-27000,-27000
048385,亞德客國票94購01,0,0,0,0,0,0,0,0,0,-27000,0,0,0,0,27000,-27000,-27000
053729,聯茂凱基96購05  ,0,0,0,0,0,0,0,0,0,-27000,0,0,0,19000,46000,-27000,-27000
054210,台光電國票97購03,0,0,0,0,0,0,0,0,0,-27000,0,0,0,11000,38000,-27000,-27000
054882,台光電統一97購02,0,0,0,0,0,0,0,0,0,-27000,0,0,0,0,27000,-27000,-27000
053959,晶豪科永豐96購02,0,0,0,0,0,0,0,0,0,-27000,0,0,0,0,27000,-27000,-27000
055252,新光金統一98購02,0,0,0,0,0,0,0,0,0,-27000,0,0,0,0,27000,-27000,-27000
059036,可成群益9B購03  ,0,0,0,0,0,0,0,0,0,-27000,0,0,0,0,27000,-27000,-27000
057933,聯發科群益98購06,0,0,0,0,0,0,0,0,0,-27000,0,0,0,10000,37000,-27000,-27000
05710P,禾伸堂國票97售02,0,0,0,0,0,0,0,0,0,-27000,0,0,0,0,27000,-27000,-27000
055953,上銀元大97購09  ,0,0,0,0,0,0,0,0,0,-27000,0,0,0,12000,39000,-27000,-27000
056978,技嘉群益99購01  ,0,0,0,0,0,0,0,0,0,-27000,0,0,0,4000,31000,-27000,-27000
07219P,臺股指凱基99售32,0,0,0,0,0,0,0,0,0,-28000,0,0,0,14000,42000,-28000,-28000
07539P,玉山金台新9A售01,0,0,0,0,0,0,0,0,0,-28000,0,0,0,0,28000,-28000,-28000
060719,瀚宇博永豐9A購01,0,0,0,0,0,0,0,0,0,-28000,0,0,0,7000,35000,-28000,-28000
060453,儒鴻元大9A購02  ,0,0,0,0,0,0,0,0,0,-28000,0,0,0,215000,243000,-28000,-28000
060423,智易永豐9A購01  ,0,0,0,0,0,0,0,0,0,-28000,0,0,0,57000,85000,-28000,-28000
059594,奇力新元大9B購01,0,0,0,0,0,0,0,0,0,-28000,0,0,0,23000,51000,-28000,-28000
060044,大立光群益99購09,0,0,0,0,0,0,0,0,0,-28000,0,0,0,0,28000,-28000,-28000
05264P,微星元大95售02  ,0,0,0,0,0,0,0,0,0,-28000,0,0,0,112000,140000,-28000,-28000
053910,嘉聯益凱基98購01,0,0,0,0,0,0,0,0,0,-28000,0,0,0,0,28000,-28000,-28000
050671,超眾永豐94購04  ,0,0,0,0,0,0,0,0,0,-28000,0,0,0,0,28000,-28000,-28000
05763P,致新永豐96售01  ,0,0,0,0,0,0,0,0,0,-28000,0,0,0,0,28000,-28000,-28000
058263,大成鋼永豐99購01,0,0,0,0,0,0,0,0,0,-28000,0,0,0,0,28000,-28000,-28000
058233,聯發科元大99購06,0,0,0,0,0,0,0,0,0,-28000,0,0,0,18000,46000,-28000,-28000
056103,聯發科永豐97購03,0,0,0,0,0,0,0,0,0,-28000,0,0,0,0,28000,-28000,-28000
058508,聯發科元大99購11,0,0,0,0,0,0,0,0,0,-28000,0,0,0,7000,35000,-28000,-28000
058820,致茂國泰9B購01  ,0,0,0,0,0,0,0,0,0,-28000,0,0,0,129000,157000,-28000,-28000
059142,道瓊指國票9B購02,0,0,0,0,0,0,0,0,0,-28000,0,0,0,4000,32000,-28000,-28000
054052,日月光元大96購06,0,0,0,0,0,0,0,0,0,-29000,0,0,0,23000,52000,-29000,-29000
054258,牧德元大97購01  ,0,0,0,0,0,0,0,0,0,-29000,0,0,0,83000,112000,-29000,-29000
057363,華通元大99購02  ,0,0,0,0,0,0,0,0,0,-29000,0,0,0,7000,36000,-29000,-29000
059451,國巨永豐99購05  ,0,0,0,0,0,0,0,0,0,-29000,0,0,0,10000,39000,-29000,-29000
056770,國產元大98購02  ,0,0,0,0,0,0,0,0,0,-29000,0,0,0,1000,30000,-29000,-29000
055714,智邦元大97購03  ,0,0,0,0,0,0,0,0,0,-29000,0,0,0,9000,38000,-29000,-29000
055563,智易凱基97購02  ,0,0,0,0,0,0,0,0,0,-29000,0,0,0,100000,129000,-29000,-29000
056187,京鼎統一97購01  ,0,0,0,0,0,0,0,0,0,-29000,0,0,0,1000,30000,-29000,-29000
6224,聚鼎            ,81000,109000,-28000,0,0,0,0,0,0,-1000,0,1000,-1000,0,0,0,-29000
060002,T50反1群益9A購01,0,0,0,0,0,0,0,0,0,-30000,0,0,0,0,30000,-30000,-30000
059667,矽力元大99購01  ,0,0,0,0,0,0,0,0,0,-30000,0,0,0,0,30000,-30000,-30000
060225,S&P反1元大9A購02,0,0,0,0,0,0,0,0,0,-30000,0,0,0,0,30000,-30000,-30000
060254,世紀鋼元大9A購01,0,0,0,0,0,0,0,0,0,-30000,0,0,0,0,30000,-30000,-30000
060711,旺宏永豐9A購01  ,0,0,0,0,0,0,0,0,0,-30000,0,0,0,0,30000,-30000,-30000
060700,華新科國泰9C購01,0,0,0,0,0,0,0,0,0,-30000,0,0,0,0,30000,-30000,-30000
06142P,台虹康和97售02  ,0,0,0,0,0,0,0,0,0,-30000,0,0,0,10000,40000,-30000,-30000
06163P,聯詠群益97售01  ,0,0,0,0,0,0,0,0,0,-30000,0,0,0,30000,60000,-30000,-30000
060615,T50反1元大9A購07,0,0,0,0,0,0,0,0,0,-30000,0,0,0,0,30000,-30000,-30000
060546,旺宏凱基9A購02  ,0,0,0,0,0,0,0,0,0,-30000,0,0,0,0,30000,-30000,-30000
060564,南亞科富邦9C購01,0,0,0,0,0,0,0,0,0,-30000,0,0,0,6000,36000,-30000,-30000
1441,大東            ,25000,55000,-30000,0,0,0,0,0,0,0,0,0,0,0,0,0,-30000
07189P,聯發科富邦9B售03,0,0,0,0,0,0,0,0,0,-30000,0,0,0,0,30000,-30000,-30000
07484P,台灣50凱基04售02,0,0,0,0,0,0,0,0,0,-30000,0,0,0,0,30000,-30000,-30000
07427P,台積電國票9B售02,0,0,0,0,0,0,0,0,0,-30000,0,0,0,0,30000,-30000,-30000
07433P,臺股指國票9A售05,0,0,0,0,0,0,0,0,0,-30000,0,0,0,10000,40000,-30000,-30000
06753P,智邦富邦98售03  ,0,0,0,0,0,0,0,0,0,-30000,0,0,0,40000,70000,-30000,-30000
057785,智邦國票99購02  ,0,0,0,0,0,0,0,0,0,-30000,0,0,0,0,30000,-30000,-30000
057530,奇鋐元大99購01  ,0,0,0,0,0,0,0,0,0,-30000,0,0,0,24000,54000,-30000,-30000
052714,義隆凱基96購02  ,0,0,0,0,0,0,0,0,0,-30000,0,0,0,6000,36000,-30000,-30000
053151,華新科元大96購04,0,0,0,0,0,0,0,0,0,-30000,0,0,0,40000,70000,-30000,-30000
052585,友達永豐97購01  ,0,0,0,0,0,0,0,0,0,-30000,0,0,0,10000,40000,-30000,-30000
054457,強茂群益96購01  ,0,0,0,0,0,0,0,0,0,-30000,0,0,0,20000,50000,-30000,-30000
055019,福懋科元富97購01,0,0,0,0,0,0,0,0,0,-30000,0,0,0,30000,60000,-30000,-30000
05407P,超眾凱基95售04  ,0,0,0,0,0,0,0,0,0,-30000,0,0,0,0,30000,-30000,-30000
054656,深中小元大97購01,0,0,0,0,0,0,0,0,0,-30000,0,0,0,0,30000,-30000,-30000
05238P,禾伸堂永豐95售01,0,0,0,0,0,0,0,0,0,-30000,0,0,0,0,30000,-30000,-30000
052080,康友元富98購02  ,0,0,0,0,0,0,0,0,0,-30000,0,0,0,0,30000,-30000,-30000
049947,S&P反1中信97購01,0,0,0,0,0,0,0,0,0,-30000,0,0,0,0,30000,-30000,-30000
047886,京元電富邦95購01,0,0,0,0,0,0,0,0,0,-30000,0,0,0,10000,40000,-30000,-30000
04929P,同欣電凱基95售01,0,0,0,0,0,0,0,0,0,-30000,0,0,0,10000,40000,-30000,-30000
051722,玉晶光永豐97購01,0,0,0,0,0,0,0,0,0,-30000,0,0,0,30000,60000,-30000,-30000
047439,漢唐元大95購01  ,0,0,0,0,0,0,0,0,0,-30000,0,0,0,0,30000,-30000,-30000
055197,致新元富97購02  ,0,0,0,0,0,0,0,0,0,-30000,0,0,0,411000,441000,-30000,-30000
057997,旺宏第一9C購01  ,0,0,0,0,0,0,0,0,0,-30000,0,0,0,0,30000,-30000,-30000
058033,景碩永豐98購02  ,0,0,0,0,0,0,0,0,0,-30000,0,0,0,46000,76000,-30000,-30000
058450,旺宏永豐99購01  ,0,0,0,0,0,0,0,0,0,-30000,0,0,0,68000,98000,-30000,-30000
058476,旺宏凱基9A購01  ,0,0,0,0,0,0,0,0,0,-30000,0,0,0,0,30000,-30000,-30000
058545,義隆富邦9C購01  ,0,0,0,0,0,0,0,0,0,-30000,0,0,0,32000,62000,-30000,-30000
057627,和大永豐98購01  ,0,0,0,0,0,0,0,0,0,-30000,0,0,0,0,30000,-30000,-30000
057096,緯穎元富98購01  ,0,0,0,0,0,0,0,0,0,-30000,0,0,0,0,30000,-30000,-30000
055772,致茂凱基97購01  ,0,0,0,0,0,0,0,0,0,-30000,0,0,0,0,30000,-30000,-30000
055846,大立光元大97購09,0,0,0,0,0,0,0,0,0,-30000,0,0,0,0,30000,-30000,-30000
059234,台灣50凱基9C購03,0,0,0,0,0,0,0,0,0,-30000,0,0,0,0,30000,-30000,-30000
059318,旺宏元大99購13  ,0,0,0,0,0,0,0,0,0,-30000,0,0,0,0,30000,-30000,-30000
058828,大毅永豐99購01  ,0,0,0,0,0,0,0,0,0,-30000,0,0,0,31000,61000,-30000,-30000
059041,南茂群益99購02  ,0,0,0,0,0,0,0,0,0,-30000,0,0,0,0,30000,-30000,-30000
07319P,台積電凱基01售02,0,0,0,0,0,0,0,0,0,-31000,0,0,0,163000,194000,-31000,-31000
07124P,台積電元大99售21,0,0,0,0,0,0,0,0,0,-31000,0,0,0,0,31000,-31000,-31000
07230P,滬深2X群益01售02,0,0,0,0,0,0,0,0,0,-31000,0,0,0,0,31000,-31000,-31000
1701,中化            ,147000,184000,-37000,0,0,0,0,0,0,6000,6000,0,6000,0,0,0,-31000
2637,慧洋-KY         ,319000,308000,11000,0,0,0,0,0,0,-42000,8000,50000,-42000,0,0,0,-31000
2109,華豐            ,20000,51000,-31000,0,0,0,0,0,0,0,0,0,0,0,0,0,-31000
060661,台積電凱基9A購18,0,0,0,0,0,0,0,0,0,-31000,0,0,0,4000,35000,-31000,-31000
060172,智原台新9A購01  ,0,0,0,0,0,0,0,0,0,-31000,0,0,0,0,31000,-31000,-31000
060382,儒鴻凱基9A購01  ,0,0,0,0,0,0,0,0,0,-31000,0,0,0,0,31000,-31000,-31000
059495,台灣50元富9C購02,0,0,0,0,0,0,0,0,0,-31000,0,0,0,15000,46000,-31000,-31000
059819,台積電凱基99購17,0,0,0,0,0,0,0,0,0,-31000,0,0,0,119000,150000,-31000,-31000
059979,台積電元大99購49,0,0,0,0,0,0,0,0,0,-31000,0,0,0,50000,81000,-31000,-31000
03416B,臺股指凱基95熊05,0,0,0,0,0,0,0,0,0,-31000,0,0,0,10000,41000,-31000,-31000
052274,大立光群益95購03,0,0,0,0,0,0,0,0,0,-31000,0,0,0,15000,46000,-31000,-31000
052295,揚明光國票96購03,0,0,0,0,0,0,0,0,0,-31000,0,0,0,0,31000,-31000,-31000
054363,世芯凱基97購01  ,0,0,0,0,0,0,0,0,0,-31000,0,0,0,18000,49000,-31000,-31000
052511,聯發科凱基95購14,0,0,0,0,0,0,0,0,0,-31000,0,0,0,15000,46000,-31000,-31000
053954,貿聯康和96購01  ,0,0,0,0,0,0,0,0,0,-31000,0,0,0,94000,125000,-31000,-31000
059030,奇力新兆豐99購03,0,0,0,0,0,0,0,0,0,-31000,0,0,0,37000,68000,-31000,-31000
058915,SGBR2X元富99購01,0,0,0,0,0,0,0,0,0,-31000,0,0,0,0,31000,-31000,-31000
056459,茂林凱基99購01  ,0,0,0,0,0,0,0,0,0,-31000,0,0,0,19000,50000,-31000,-31000
056731,國巨凱基98購04  ,0,0,0,0,0,0,0,0,0,-31000,0,0,0,0,31000,-31000,-31000
056944,鴻海統一98購11  ,0,0,0,0,0,0,0,0,0,-31000,0,0,0,0,31000,-31000,-31000
055919,景碩凱基98購02  ,0,0,0,0,0,0,0,0,0,-31000,0,0,0,10000,41000,-31000,-31000
058728,SP黃豆永豐99購01,0,0,0,0,0,0,0,0,0,-31000,0,0,0,0,31000,-31000,-31000
057925,貿聯凱基99購01  ,0,0,0,0,0,0,0,0,0,-31000,0,0,0,0,31000,-31000,-31000
060292,聯詠元大9A購01  ,0,0,0,0,0,0,0,0,0,-32000,0,0,0,31000,63000,-32000,-32000
060506,京元電元大9A購02,0,0,0,0,0,0,0,0,0,-32000,0,0,0,53000,85000,-32000,-32000
060642,華擎永豐9A購02  ,0,0,0,0,0,0,0,0,0,-32000,0,0,0,61000,93000,-32000,-32000
1806,冠軍            ,47000,81000,-34000,0,0,0,0,0,0,2000,2000,0,2000,0,0,0,-32000
057320,玉晶光凱基98購01,0,0,0,0,0,0,0,0,0,-32000,0,0,0,19000,51000,-32000,-32000
051952,聯發科元富95購03,0,0,0,0,0,0,0,0,0,-32000,0,0,0,0,32000,-32000,-32000
047694,SP黃豆國票9B購01,0,0,0,0,0,0,0,0,0,-32000,0,0,0,0,32000,-32000,-32000
052076,可成元富98購01  ,0,0,0,0,0,0,0,0,0,-32000,0,0,0,32000,64000,-32000,-32000
053494,南亞科兆豐96購02,0,0,0,0,0,0,0,0,0,-32000,0,0,0,4000,36000,-32000,-32000
058346,嘉晶群益99購01  ,0,0,0,0,0,0,0,0,0,-32000,0,0,0,0,32000,-32000,-32000
058007,南電群益98購02  ,0,0,0,0,0,0,0,0,0,-32000,0,0,0,13000,45000,-32000,-32000
056157,聯詠凱基97購03  ,0,0,0,0,0,0,0,0,0,-32000,0,0,0,0,32000,-32000,-32000
057150,貿聯國票99購02  ,0,0,0,0,0,0,0,0,0,-32000,0,0,0,0,32000,-32000,-32000
057048,新日興元大98購01,0,0,0,0,0,0,0,0,0,-32000,0,0,0,56000,88000,-32000,-32000
055847,大立光元大97購10,0,0,0,0,0,0,0,0,0,-32000,0,0,0,0,32000,-32000,-32000
07434P,臺股指國票9A售06,0,0,0,0,0,0,0,0,0,-33000,0,0,0,0,33000,-33000,-33000
060758,台積電元大9A購19,0,0,0,0,0,0,0,0,0,-33000,0,0,0,0,33000,-33000,-33000
060469,台勝科元大9A購02,0,0,0,0,0,0,0,0,0,-33000,0,0,0,10000,43000,-33000,-33000
059986,宏達電元大99購08,0,0,0,0,0,0,0,0,0,-33000,0,0,0,25000,58000,-33000,-33000
059920,宏達電元大99購07,0,0,0,0,0,0,0,0,0,-33000,0,0,0,88000,121000,-33000,-33000
060105,牧德元大9B購01  ,0,0,0,0,0,0,0,0,0,-33000,0,0,0,114000,147000,-33000,-33000
060149,元金2X富邦04購01,0,0,0,0,0,0,0,0,0,-33000,0,0,0,0,33000,-33000,-33000
059633,聯發科凱基9A購07,0,0,0,0,0,0,0,0,0,-33000,0,0,0,45000,78000,-33000,-33000
054738,聯發科凱基97購01,0,0,0,0,0,0,0,0,0,-33000,0,0,0,21000,54000,-33000,-33000
050894,旺宏元大96購03  ,0,0,0,0,0,0,0,0,0,-33000,0,0,0,0,33000,-33000,-33000
057779,禾伸堂群益98購02,0,0,0,0,0,0,0,0,0,-33000,0,0,0,0,33000,-33000,-33000
05410P,聯發科元富95售04,0,0,0,0,0,0,0,0,0,-33000,0,0,0,0,33000,-33000,-33000
053593,晶技元大98購01  ,0,0,0,0,0,0,0,0,0,-33000,0,0,0,579000,612000,-33000,-33000
055834,國巨元大97購13  ,0,0,0,0,0,0,0,0,0,-33000,0,0,0,26000,59000,-33000,-33000
055216,友達凱基98購05  ,0,0,0,0,0,0,0,0,0,-33000,0,0,0,24000,57000,-33000,-33000
058072,大立光凱基98購20,0,0,0,0,0,0,0,0,0,-33000,0,0,0,0,33000,-33000,-33000
056223,華邦電凱基97購04,0,0,0,0,0,0,0,0,0,-33000,0,0,0,0,33000,-33000,-33000
058334,鴻海元富99購05  ,0,0,0,0,0,0,0,0,0,-33000,0,0,0,27000,60000,-33000,-33000
059675,大立光元富99購08,0,0,0,0,0,0,0,0,0,-34000,0,0,0,195000,229000,-34000,-34000
059930,健策富邦9B購01  ,0,0,0,0,0,0,0,0,0,-34000,0,0,0,33000,67000,-34000,-34000
06170P,禾伸堂元富97售02,0,0,0,0,0,0,0,0,0,-34000,0,0,0,0,34000,-34000,-34000
060712,建準永豐9A購01  ,0,0,0,0,0,0,0,0,0,-34000,0,0,0,2000,36000,-34000,-34000
07360P,台積電元大99售46,0,0,0,0,0,0,0,0,0,-34000,0,0,0,51000,85000,-34000,-34000
07170P,臺股指國票99售07,0,0,0,0,0,0,0,0,0,-34000,0,0,0,0,34000,-34000,-34000
054111,緯穎凱基97購01  ,0,0,0,0,0,0,0,0,0,-34000,0,0,0,19000,53000,-34000,-34000
054216,聯茂國票97購03  ,0,0,0,0,0,0,0,0,0,-34000,0,0,0,2000,36000,-34000,-34000
054053,聯茂元大96購01  ,0,0,0,0,0,0,0,0,0,-34000,0,0,0,92000,126000,-34000,-34000
057423,台郡凱基98購06  ,0,0,0,0,0,0,0,0,0,-34000,0,0,0,0,34000,-34000,-34000
052452,茂林元大95購03  ,0,0,0,0,0,0,0,0,0,-34000,0,0,0,0,34000,-34000,-34000
051158,嘉晶富邦96購01  ,0,0,0,0,0,0,0,0,0,-34000,0,0,0,0,34000,-34000,-34000
058377,茂林凱基9A購03  ,0,0,0,0,0,0,0,0,0,-34000,0,0,0,19000,53000,-34000,-34000
058650,台虹永豐9A購01  ,0,0,0,0,0,0,0,0,0,-34000,0,0,0,0,34000,-34000,-34000
057964,緯穎元大99購03  ,0,0,0,0,0,0,0,0,0,-34000,0,0,0,16000,50000,-34000,-34000
055594,華新科元大98購02,0,0,0,0,0,0,0,0,0,-34000,0,0,0,45000,79000,-34000,-34000
056408,奇鋐國票99購01  ,0,0,0,0,0,0,0,0,0,-34000,0,0,0,46000,80000,-34000,-34000
059262,致茂中信01購01  ,0,0,0,0,0,0,0,0,0,-34000,0,0,0,19000,53000,-34000,-34000
07325P,台積電元大99售41,0,0,0,0,0,0,0,0,0,-35000,0,0,0,10000,45000,-35000,-35000
060601,技嘉凱基9A購02  ,0,0,0,0,0,0,0,0,0,-35000,0,0,0,5000,40000,-35000,-35000
06055P,華通凱基97售04  ,0,0,0,0,0,0,0,0,0,-35000,0,0,0,3000,38000,-35000,-35000
060456,正隆元大9A購01  ,0,0,0,0,0,0,0,0,0,-35000,0,0,0,0,35000,-35000,-35000
06033P,可成凱基96售09  ,0,0,0,0,0,0,0,0,0,-35000,0,0,0,0,35000,-35000,-35000
060241,國泰金元大9A購01,0,0,0,0,0,0,0,0,0,-35000,0,0,0,80000,115000,-35000,-35000
050718,茂林群益94購04  ,0,0,0,0,0,0,0,0,0,-35000,0,0,0,0,35000,-35000,-35000
048380,T50反1國票94購02,0,0,0,0,0,0,0,0,0,-35000,0,0,0,0,35000,-35000,-35000
04177P,富邦金元大94售01,0,0,0,0,0,0,0,0,0,-35000,0,0,0,1000,36000,-35000,-35000
05446P,緯穎元大95售04  ,0,0,0,0,0,0,0,0,0,-35000,0,0,0,0,35000,-35000,-35000
056930,晶豪科台新98購01,0,0,0,0,0,0,0,0,0,-35000,0,0,0,0,35000,-35000,-35000
056819,奇力新永豐98購01,0,0,0,0,0,0,0,0,0,-35000,0,0,0,0,35000,-35000,-35000
055773,瑞昱凱基97購03  ,0,0,0,0,0,0,0,0,0,-35000,0,0,0,2000,37000,-35000,-35000
057281,大立光元大98購16,0,0,0,0,0,0,0,0,0,-35000,0,0,0,0,35000,-35000,-35000
058213,欣興群益99購01  ,0,0,0,0,0,0,0,0,0,-35000,0,0,0,4000,39000,-35000,-35000
3311,閎暉            ,33000,68000,-35000,0,0,0,0,0,0,0,0,0,0,0,0,0,-35000
060200,同欣電元富9A購01,0,0,0,0,0,0,0,0,0,-36000,0,0,0,114000,150000,-36000,-36000
060649,國巨第一9A購01  ,0,0,0,0,0,0,0,0,0,-36000,0,0,0,0,36000,-36000,-36000
060665,康控凱基9A購01  ,0,0,0,0,0,0,0,0,0,-36000,0,0,0,80000,116000,-36000,-36000
060005,上銀群益99購03  ,0,0,0,0,0,0,0,0,0,-36000,0,0,0,0,36000,-36000,-36000
059944,欣興永豐99購03  ,0,0,0,0,0,0,0,0,0,-36000,0,0,0,59000,95000,-36000,-36000
060133,牧德群益9B購01  ,0,0,0,0,0,0,0,0,0,-36000,0,0,0,1000,37000,-36000,-36000
060052,宏碁凱基99購01  ,0,0,0,0,0,0,0,0,0,-36000,0,0,0,11000,47000,-36000,-36000
059733,緯穎元大99購08  ,0,0,0,0,0,0,0,0,0,-36000,0,0,0,33000,69000,-36000,-36000
07490P,大立光國票9A售03,0,0,0,0,0,0,0,0,0,-36000,0,0,0,10000,46000,-36000,-36000
07171P,臺股指國票99售08,0,0,0,0,0,0,0,0,0,-36000,0,0,0,5000,41000,-36000,-36000
07503P,禾伸堂元大9A售01,0,0,0,0,0,0,0,0,0,-36000,0,0,0,0,36000,-36000,-36000
054393,漢唐永豐96購01  ,0,0,0,0,0,0,0,0,0,-36000,0,0,0,0,36000,-36000,-36000
053745,康友國票97購01  ,0,0,0,0,0,0,0,0,0,-36000,0,0,0,125000,161000,-36000,-36000
053887,聯茂兆豐97購02  ,0,0,0,0,0,0,0,0,0,-36000,0,0,0,30000,66000,-36000,-36000
053955,華通永豐96購04  ,0,0,0,0,0,0,0,0,0,-36000,0,0,0,50000,86000,-36000,-36000
052490,禾伸堂國票95購01,0,0,0,0,0,0,0,0,0,-36000,0,0,0,63000,99000,-36000,-36000
052759,京元電群益96購01,0,0,0,0,0,0,0,0,0,-36000,0,0,0,0,36000,-36000,-36000
053195,玉晶光元富96購02,0,0,0,0,0,0,0,0,0,-36000,0,0,0,0,36000,-36000,-36000
054766,智原國票98購01  ,0,0,0,0,0,0,0,0,0,-36000,0,0,0,0,36000,-36000,-36000
056120,聯茂群益97購02  ,0,0,0,0,0,0,0,0,0,-36000,0,0,0,15000,51000,-36000,-36000
055968,祥碩元大97購04  ,0,0,0,0,0,0,0,0,0,-36000,0,0,0,78000,114000,-36000,-36000
056984,嘉晶群益98購01  ,0,0,0,0,0,0,0,0,0,-36000,0,0,0,40000,76000,-36000,-36000
05551P,電子類元大96售01,0,0,0,0,0,0,0,0,0,-36000,0,0,0,0,36000,-36000,-36000
055324,TPK國票98購03   ,0,0,0,0,0,0,0,0,0,-36000,0,0,0,80000,116000,-36000,-36000
059357,華通永豐99購01  ,0,0,0,0,0,0,0,0,0,-36000,0,0,0,60000,96000,-36000,-36000
058975,台灣50凱基01購02,0,0,0,0,0,0,0,0,0,-36000,0,0,0,46000,82000,-36000,-36000
07473P,祥碩元大9A售01  ,0,0,0,0,0,0,0,0,0,-37000,0,0,0,97000,134000,-37000,-37000
059663,旭富元大9C購02  ,0,0,0,0,0,0,0,0,0,-37000,0,0,0,20000,57000,-37000,-37000
059919,宏達電元大99購06,0,0,0,0,0,0,0,0,0,-37000,0,0,0,49000,86000,-37000,-37000
060641,聯鈞永豐9A購01  ,0,0,0,0,0,0,0,0,0,-37000,0,0,0,9000,46000,-37000,-37000
060470,台勝科元大9A購03,0,0,0,0,0,0,0,0,0,-37000,0,0,0,1000,38000,-37000,-37000
054745,智易凱基97購01  ,0,0,0,0,0,0,0,0,0,-37000,0,0,0,0,37000,-37000,-37000
050651,大立光凱基96購02,0,0,0,0,0,0,0,0,0,-37000,0,0,0,14000,51000,-37000,-37000
050854,世紀鋼國票97購01,0,0,0,0,0,0,0,0,0,-37000,0,0,0,0,37000,-37000,-37000
04763P,臺股指凱基96售05,0,0,0,0,0,0,0,0,0,-37000,0,0,0,0,37000,-37000,-37000
00770,國泰北美科技    ,0,15000,-15000,0,0,0,0,0,0,-22000,0,0,0,57000,79000,-22000,-37000
052822,泰碩永豐97購01  ,0,0,0,0,0,0,0,0,0,-37000,0,0,0,1000,38000,-37000,-37000
057689,南亞科凱基99購02,0,0,0,0,0,0,0,0,0,-37000,0,0,0,9000,46000,-37000,-37000
054306,聯發科凱基96購23,0,0,0,0,0,0,0,0,0,-37000,0,0,0,0,37000,-37000,-37000
056397,彩晶永豐99購01  ,0,0,0,0,0,0,0,0,0,-37000,0,0,0,65000,102000,-37000,-37000
056905,欣興元大98購03  ,0,0,0,0,0,0,0,0,0,-37000,0,0,0,184000,221000,-37000,-37000
058017,漢唐凱基99購01  ,0,0,0,0,0,0,0,0,0,-37000,0,0,0,0,37000,-37000,-37000
058113,百和元富98購01  ,0,0,0,0,0,0,0,0,0,-37000,0,0,0,23000,60000,-37000,-37000
057132,華新科凱基98購05,0,0,0,0,0,0,0,0,0,-37000,0,0,0,0,37000,-37000,-37000
6415,矽力-KY         ,277749,303000,-25251,0,0,0,0,17000,-17000,5000,0,0,0,7000,2000,5000,-37251
060433,億豐永豐9A購01  ,0,0,0,0,0,0,0,0,0,-38000,0,0,0,2000,40000,-38000,-38000
060240,富邦金元大9A購01,0,0,0,0,0,0,0,0,0,-38000,0,0,0,259000,297000,-38000,-38000
060264,華新科國票9A購02,0,0,0,0,0,0,0,0,0,-38000,0,0,0,0,38000,-38000,-38000
060040,康控國票99購04  ,0,0,0,0,0,0,0,0,0,-38000,0,0,0,0,38000,-38000,-38000
059833,緯穎康和99購01  ,0,0,0,0,0,0,0,0,0,-38000,0,0,0,164000,202000,-38000,-38000
1568,倉佑            ,10000,48000,-38000,0,0,0,0,0,0,0,0,0,0,0,0,0,-38000
054231,國巨群益98購03  ,0,0,0,0,0,0,0,0,0,-38000,0,0,0,2000,40000,-38000,-38000
057691,健策凱基99購01  ,0,0,0,0,0,0,0,0,0,-38000,0,0,0,85000,123000,-38000,-38000
052576,聯茂凱基96購01  ,0,0,0,0,0,0,0,0,0,-38000,0,0,0,0,38000,-38000,-38000
052693,微星中信96購01  ,0,0,0,0,0,0,0,0,0,-38000,0,0,0,0,38000,-38000,-38000
054772,康控國票98購02  ,0,0,0,0,0,0,0,0,0,-38000,0,0,0,0,38000,-38000,-38000
054773,台郡國票98購01  ,0,0,0,0,0,0,0,0,0,-38000,0,0,0,0,38000,-38000,-38000
053171,中磊群益96購01  ,0,0,0,0,0,0,0,0,0,-38000,0,0,0,0,38000,-38000,-38000
053325,GIS群益96購02   ,0,0,0,0,0,0,0,0,0,-38000,0,0,0,0,38000,-38000,-38000
058123,亞光國票9A購01  ,0,0,0,0,0,0,0,0,0,-38000,0,0,0,0,38000,-38000,-38000
058011,台虹國票99購01  ,0,0,0,0,0,0,0,0,0,-38000,0,0,0,0,38000,-38000,-38000
057924,健策凱基98購02  ,0,0,0,0,0,0,0,0,0,-38000,0,0,0,59000,97000,-38000,-38000
058488,華擎國票9A購01  ,0,0,0,0,0,0,0,0,0,-38000,0,0,0,90000,128000,-38000,-38000
056719,台虹永豐98購01  ,0,0,0,0,0,0,0,0,0,-38000,0,0,0,7000,45000,-38000,-38000
055755,禾伸堂兆豐97購02,0,0,0,0,0,0,0,0,0,-38000,0,0,0,0,38000,-38000,-38000
056693,國產群益98購01  ,0,0,0,0,0,0,0,0,0,-38000,0,0,0,100000,138000,-38000,-38000
059120,致伸永豐99購01  ,0,0,0,0,0,0,0,0,0,-38000,0,0,0,0,38000,-38000,-38000
058927,勤誠元富99購02  ,0,0,0,0,0,0,0,0,0,-38000,0,0,0,2000,40000,-38000,-38000
059456,智易永豐99購01  ,0,0,0,0,0,0,0,0,0,-38000,0,0,0,10000,48000,-38000,-38000
059430,台積電元大99購36,0,0,0,0,0,0,0,0,0,-38000,0,0,0,17000,55000,-38000,-38000
07389P,臺股指群益9C售08,10000,0,10000,0,0,0,0,0,0,-49000,0,0,0,241000,290000,-49000,-39000
07302P,臺股指元大9A售35,0,0,0,0,0,0,0,0,0,-39000,0,0,0,0,39000,-39000,-39000
07315P,台積電台新99售06,0,0,0,0,0,0,0,0,0,-39000,0,0,0,0,39000,-39000,-39000
059851,晶相光永豐99購02,0,0,0,0,0,0,0,0,0,-39000,0,0,0,27000,66000,-39000,-39000
059760,楠梓電永豐99購01,0,0,0,0,0,0,0,0,0,-39000,0,0,0,189000,228000,-39000,-39000
059942,全新永豐99購04  ,0,0,0,0,0,0,0,0,0,-39000,0,0,0,150000,189000,-39000,-39000
060251,易華電元大9C購01,0,0,0,0,0,0,0,0,0,-39000,0,0,0,6000,45000,-39000,-39000
060570,南亞科永豐9A購01,0,0,0,0,0,0,0,0,0,-39000,0,0,0,19000,58000,-39000,-39000
060536,祥碩麥證9A購01  ,0,0,0,0,39000,-39000,0,0,0,-39000,0,0,0,0,39000,-39000,-39000
048383,元金2X國票99購01,0,0,0,0,0,0,0,0,0,-39000,0,0,0,17000,56000,-39000,-39000
053800,華通凱基97購03  ,0,0,0,0,0,0,0,0,0,-39000,0,0,0,2000,41000,-39000,-39000
054654,全新麥證99購01  ,0,0,0,0,39000,-39000,0,0,0,-39000,0,0,0,0,39000,-39000,-39000
059252,聯詠凱基99購03  ,0,0,0,0,0,0,0,0,0,-39000,0,0,0,7000,46000,-39000,-39000
055443,台虹國票98購01  ,0,0,0,0,0,0,0,0,0,-39000,0,0,0,0,39000,-39000,-39000
055334,禾伸堂兆豐97購01,0,0,0,0,0,0,0,0,0,-39000,0,0,0,0,39000,-39000,-39000
056563,華新科群益98購04,0,0,0,0,0,0,0,0,0,-39000,0,0,0,0,39000,-39000,-39000
057191,祥碩元大98購05  ,0,0,0,0,0,0,0,0,0,-39000,0,0,0,47000,86000,-39000,-39000
058714,美律統一9B購01  ,0,0,0,0,0,0,0,0,0,-39000,0,0,0,6000,45000,-39000,-39000
057101,新光金中信9A購01,0,0,0,0,0,0,0,0,0,-39000,0,0,0,0,39000,-39000,-39000
060503,技嘉元大9A購01  ,0,0,0,0,0,0,0,0,0,-40000,0,0,0,0,40000,-40000,-40000
060650,奇力新中信9A購01,0,0,0,0,0,0,0,0,0,-40000,0,0,0,3000,43000,-40000,-40000
060670,臺指反元大01購03,0,0,0,0,0,0,0,0,0,-40000,0,0,0,10000,50000,-40000,-40000
060695,同欣電麥證9A購01,0,0,0,0,40000,-40000,0,0,0,-40000,0,0,0,0,40000,-40000,-40000
060260,京鼎凱基9C購01  ,0,0,0,0,0,0,0,0,0,-40000,0,0,0,13000,53000,-40000,-40000
059941,聯發科永豐99購04,0,0,0,0,0,0,0,0,0,-40000,0,0,0,5000,45000,-40000,-40000
059841,國巨富邦9C購01  ,0,0,0,0,0,0,0,0,0,-40000,0,0,0,68000,108000,-40000,-40000
059673,玉山金元富99購01,0,0,0,0,0,0,0,0,0,-40000,0,0,0,10000,50000,-40000,-40000
059630,美律凱基99購07  ,0,0,0,0,0,0,0,0,0,-40000,0,0,0,0,40000,-40000,-40000
07129P,華新科元大99售14,0,0,0,0,0,0,0,0,0,-40000,0,0,0,80000,120000,-40000,-40000
07369P,台積電凱基99售20,0,0,0,0,0,0,0,0,0,-40000,0,0,0,605000,645000,-40000,-40000
07376P,聯發科元大99售39,0,0,0,0,0,0,0,0,0,-40000,0,0,0,0,40000,-40000,-40000
07486P,上証2X國票9B售02,0,0,0,0,0,0,0,0,0,-40000,0,0,0,0,40000,-40000,-40000
07414P,台積電元大99售51,0,0,0,0,0,0,0,0,0,-40000,0,0,0,10000,50000,-40000,-40000
06734P,智邦凱基98售05  ,0,0,0,0,0,0,0,0,0,-40000,0,0,0,44000,84000,-40000,-40000
06922P,元上證群益9C售01,0,0,0,0,0,0,0,0,0,-40000,0,0,0,0,40000,-40000,-40000
053719,可成凱基96購08  ,0,0,0,0,0,0,0,0,0,-40000,0,0,0,4000,44000,-40000,-40000
054317,昇陽半凱基98購01,0,0,0,0,0,0,0,0,0,-40000,0,0,0,0,40000,-40000,-40000
053553,聯詠凱基96購03  ,0,0,0,0,0,0,0,0,0,-40000,0,0,0,0,40000,-40000,-40000
054906,神達康和97購01  ,0,0,0,0,0,0,0,0,0,-40000,0,0,0,0,40000,-40000,-40000
052538,和大統一95購02  ,0,0,0,0,0,0,0,0,0,-40000,0,0,0,0,40000,-40000,-40000
057714,聯發科統一98購05,0,0,0,0,0,0,0,0,0,-40000,0,0,0,0,40000,-40000,-40000
057448,致茂元富98購01  ,0,0,0,0,0,0,0,0,0,-40000,0,0,0,10000,50000,-40000,-40000
057508,康控國票99購03  ,0,0,0,0,0,0,0,0,0,-40000,0,0,0,0,40000,-40000,-40000
03017X,元展17          ,0,0,0,0,0,0,0,0,0,-40000,0,0,0,0,40000,-40000,-40000
03428B,臺股指凱基97熊18,0,0,0,0,0,0,0,0,0,-40000,0,0,0,0,40000,-40000,-40000
05192P,玉晶光台新96售02,0,0,0,0,0,0,0,0,0,-40000,0,0,0,51000,91000,-40000,-40000
051727,S&P反1國票97購01,0,0,0,0,0,0,0,0,0,-40000,0,0,0,5000,45000,-40000,-40000
052054,台表科凱基96購01,0,0,0,0,0,0,0,0,0,-40000,0,0,0,0,40000,-40000,-40000
051386,富邦金麥證96購01,0,0,0,0,40000,-40000,0,0,0,-40000,0,0,0,0,40000,-40000,-40000
04980P,臺股指凱基96售08,0,0,0,0,0,0,0,0,0,-40000,0,0,0,0,40000,-40000,-40000
057252,牧德元富98購01  ,0,0,0,0,0,0,0,0,0,-40000,0,0,0,20000,60000,-40000,-40000
055912,宏達電凱基98購03,0,0,0,0,0,0,0,0,0,-40000,0,0,0,5000,45000,-40000,-40000
057151,易華電國票99購01,0,0,0,0,0,0,0,0,0,-40000,0,0,0,0,40000,-40000,-40000
056127,致新國票98購02  ,0,0,0,0,0,0,0,0,0,-40000,0,0,0,96000,136000,-40000,-40000
057927,勤誠凱基98購01  ,0,0,0,0,0,0,0,0,0,-40000,0,0,0,10000,50000,-40000,-40000
055472,大立光凱基97購07,0,0,0,0,0,0,0,0,0,-40000,0,0,0,0,40000,-40000,-40000
055332,奇力新兆豐98購01,0,0,0,0,0,0,0,0,0,-40000,0,0,0,0,40000,-40000,-40000
056842,全新元富98購01  ,0,0,0,0,0,0,0,0,0,-40000,0,0,0,11000,51000,-40000,-40000
055779,國泰金凱基97購02,0,0,0,0,0,0,0,0,0,-40000,0,0,0,0,40000,-40000,-40000
055817,京鼎國票99購01  ,0,0,0,0,0,0,0,0,0,-40000,0,0,0,0,40000,-40000,-40000
059150,臺股指國票99購13,0,0,0,0,0,0,0,0,0,-40000,0,0,0,0,40000,-40000,-40000
059114,華新科永豐99購05,0,0,0,0,0,0,0,0,0,-40000,0,0,0,10000,50000,-40000,-40000
058942,南茂中信99購01  ,0,0,0,0,0,0,0,0,0,-40000,0,0,0,0,40000,-40000,-40000
07481P,大立光台新9A售01,0,0,0,0,0,0,0,0,0,-41000,0,0,0,0,41000,-41000,-41000
07163P,臺股指群益99售14,0,0,0,0,0,0,0,0,0,-41000,0,0,0,73000,114000,-41000,-41000
07594P,大立光永豐9A售01,0,0,0,0,0,0,0,0,0,-41000,0,0,0,0,41000,-41000,-41000
060062,聯發科兆豐99購04,0,0,0,0,0,0,0,0,0,-41000,0,0,0,6000,47000,-41000,-41000
060611,同欣電凱基9A購02,0,0,0,0,0,0,0,0,0,-41000,0,0,0,12000,53000,-41000,-41000
050547,華新科凱基95購01,0,0,0,0,0,0,0,0,0,-41000,0,0,0,0,41000,-41000,-41000
053349,台郡國票97購02  ,0,0,0,0,0,0,0,0,0,-41000,0,0,0,106000,147000,-41000,-41000
048870,義隆國票96購01  ,0,0,0,0,0,0,0,0,0,-41000,0,0,0,5000,46000,-41000,-41000
057803,上銀元大98購08  ,0,0,0,0,0,0,0,0,0,-41000,0,0,0,75000,116000,-41000,-41000
053924,京鼎國票97購01  ,0,0,0,0,0,0,0,0,0,-41000,0,0,0,0,41000,-41000,-41000
058771,神達兆豐99購01  ,0,0,0,0,0,0,0,0,0,-41000,0,0,0,0,41000,-41000,-41000
059387,華通凱基9A購03  ,0,0,0,0,0,0,0,0,0,-41000,0,0,0,4000,45000,-41000,-41000
055557,華新科凱基97購01,0,0,0,0,0,0,0,0,0,-41000,0,0,0,14000,55000,-41000,-41000
056038,可成凱基97購01  ,0,0,0,0,0,0,0,0,0,-41000,0,0,0,0,41000,-41000,-41000
060742,臺指反國票9B購02,0,0,0,0,0,0,0,0,0,-42000,0,0,0,0,42000,-42000,-42000
060278,道瓊反元大9A購03,0,0,0,0,0,0,0,0,0,-42000,0,0,0,38000,80000,-42000,-42000
060291,高鐵元大9A購01  ,0,0,0,0,0,0,0,0,0,-42000,0,0,0,9000,51000,-42000,-42000
060327,美律群益9A購02  ,0,0,0,0,0,0,0,0,0,-42000,0,0,0,119000,161000,-42000,-42000
060098,華新科元大99購24,0,0,0,0,0,0,0,0,0,-42000,0,0,0,56000,98000,-42000,-42000
059887,華新科國票99購02,0,0,0,0,0,0,0,0,0,-42000,0,0,0,0,42000,-42000,-42000
2607,榮運            ,112000,182000,-70000,0,0,0,0,0,0,28000,28000,0,28000,0,0,0,-42000
06933P,禾伸堂元大98售03,0,0,0,0,0,0,0,0,0,-42000,0,0,0,0,42000,-42000,-42000
06584P,欣興凱基98售03  ,0,0,0,0,0,0,0,0,0,-42000,0,0,0,2000,44000,-42000,-42000
057805,華通元大98購06  ,0,0,0,0,0,0,0,0,0,-42000,0,0,0,53000,95000,-42000,-42000
057303,喬山兆豐99購01  ,0,0,0,0,0,0,0,0,0,-42000,0,0,0,10000,52000,-42000,-42000
057370,可成元大98購07  ,0,0,0,0,0,0,0,0,0,-42000,0,0,0,68000,110000,-42000,-42000
052865,大立光凱基96購11,0,0,0,0,0,0,0,0,0,-42000,0,0,0,0,42000,-42000,-42000
048859,玉晶光群益96購02,0,0,0,0,0,0,0,0,0,-42000,0,0,0,28000,70000,-42000,-42000
051906,國巨元大95購09  ,0,0,0,0,0,0,0,0,0,-42000,0,0,0,8000,50000,-42000,-42000
03657C,T50反1元大99牛01,0,0,0,0,0,0,0,0,0,-42000,0,0,0,0,42000,-42000,-42000
057028,台郡凱基99購02  ,0,0,0,0,0,0,0,0,0,-42000,0,0,0,0,42000,-42000,-42000
056079,世紀鋼元大97購02,0,0,0,0,0,0,0,0,0,-42000,0,0,0,1000,43000,-42000,-42000
058551,義隆永豐99購03  ,0,0,0,0,0,0,0,0,0,-42000,0,0,0,184000,226000,-42000,-42000
055320,建準國票98購01  ,0,0,0,0,0,0,0,0,0,-42000,0,0,0,0,42000,-42000,-42000
056394,晶豪科永豐98購01,0,0,0,0,0,0,0,0,0,-42000,0,0,0,0,42000,-42000,-42000
059786,全新元大99購06  ,0,0,0,0,0,0,0,0,0,-43000,0,0,0,57000,100000,-43000,-43000
060314,元翎永豐9A購01  ,0,0,0,0,0,0,0,0,0,-43000,0,0,0,0,43000,-43000,-43000
060498,華通元大9A購03  ,0,0,0,0,0,0,0,0,0,-43000,0,0,0,10000,53000,-43000,-43000
045842,T50反1台新98購01,0,0,0,0,0,0,0,0,0,-43000,0,0,0,0,43000,-43000,-43000
054420,緯穎元大96購08  ,0,0,0,0,0,0,0,0,0,-43000,0,0,0,61000,104000,-43000,-43000
059207,臺指反元大9C購02,0,0,0,0,0,0,0,0,0,-43000,0,0,0,7000,50000,-43000,-43000
058550,南亞科永豐99購01,0,0,0,0,0,0,0,0,0,-43000,0,0,0,10000,53000,-43000,-43000
058389,聯茂國票9A購01  ,0,0,0,0,0,0,0,0,0,-43000,0,0,0,35000,78000,-43000,-43000
058111,健鼎元富98購01  ,0,0,0,0,0,0,0,0,0,-43000,0,0,0,10000,53000,-43000,-43000
057746,同欣電永豐98購02,0,0,0,0,0,0,0,0,0,-43000,0,0,0,27000,70000,-43000,-43000
057125,國巨凱基98購12  ,0,0,0,0,0,0,0,0,0,-43000,0,0,0,17000,60000,-43000,-43000
3661,世芯-KY         ,842000,1046000,-204000,0,0,0,168000,0,168000,-7000,7000,41000,-34000,38000,11000,27000,-43000
060603,聯發科凱基9A購12,0,0,0,0,0,0,0,0,0,-44000,0,0,0,15000,59000,-44000,-44000
06212P,華新科元大97售11,0,0,0,0,0,0,0,0,0,-44000,0,0,0,12000,56000,-44000,-44000
060781,台郡國泰9B購01  ,0,0,0,0,0,0,0,0,0,-44000,0,0,0,86000,130000,-44000,-44000
060368,緯穎元富9A購03  ,0,0,0,0,0,0,0,0,0,-44000,0,0,0,64000,108000,-44000,-44000
059847,喬山永豐99購01  ,0,0,0,0,0,0,0,0,0,-44000,0,0,0,51000,95000,-44000,-44000
07133P,臺股指元大9A售27,0,0,0,0,0,0,0,0,0,-44000,0,0,0,0,44000,-44000,-44000
054343,世紀鋼元富96購02,0,0,0,0,0,0,0,0,0,-44000,0,0,0,116000,160000,-44000,-44000
053735,矽力中信97購01  ,0,0,0,0,0,0,0,0,0,-44000,0,0,0,10000,54000,-44000,-44000
052231,景碩凱基96購01  ,0,0,0,0,0,0,0,0,0,-44000,0,0,0,0,44000,-44000,-44000
058208,百和凱基99購01  ,0,0,0,0,0,0,0,0,0,-44000,0,0,0,25000,69000,-44000,-44000
058187,泰碩永豐99購01  ,0,0,0,0,0,0,0,0,0,-44000,0,0,0,3000,47000,-44000,-44000
058107,全新台新99購01  ,0,0,0,0,0,0,0,0,0,-44000,0,0,0,0,44000,-44000,-44000
059324,智易元大99購04  ,0,0,0,0,0,0,0,0,0,-44000,0,0,0,244000,288000,-44000,-44000
058966,元油2X日盛99購03,0,0,0,0,0,0,0,0,0,-44000,0,0,0,50000,94000,-44000,-44000
055295,瀚宇博元大97購02,0,0,0,0,0,0,0,0,0,-44000,0,0,0,31000,75000,-44000,-44000
07164P,臺股指群益99售15,0,0,0,0,0,0,0,0,0,-45000,0,0,0,22000,67000,-45000,-45000
059787,奇力新元大9A購02,0,0,0,0,0,0,0,0,0,-45000,0,0,0,2000,47000,-45000,-45000
059763,華擎永豐99購03  ,0,0,0,0,0,0,0,0,0,-45000,0,0,0,99000,144000,-45000,-45000
059981,聯發科元大99購36,0,0,0,0,0,0,0,0,0,-45000,0,0,0,14000,59000,-45000,-45000
060378,台灣50凱基04購01,0,0,0,0,0,0,0,0,0,-45000,0,0,0,0,45000,-45000,-45000
060790,日月光富邦9A購01,0,0,0,0,0,0,0,0,0,-45000,0,0,0,0,45000,-45000,-45000
060634,矽創富邦9B購01  ,0,0,0,0,0,0,0,0,0,-45000,0,0,0,61000,106000,-45000,-45000
060550,可成凱基9A購02  ,0,0,0,0,0,0,0,0,0,-45000,0,0,0,0,45000,-45000,-45000
054912,群光凱基97購01  ,0,0,0,0,0,0,0,0,0,-45000,0,0,0,35000,80000,-45000,-45000
054134,強茂元大96購01  ,0,0,0,0,0,0,0,0,0,-45000,0,0,0,0,45000,-45000,-45000
057569,光磊永豐98購03  ,0,0,0,0,0,0,0,0,0,-45000,0,0,0,0,45000,-45000,-45000
057547,技嘉凱基99購01  ,0,0,0,0,0,0,0,0,0,-45000,0,0,0,0,45000,-45000,-45000
054760,台化國票9A購01  ,0,0,0,0,0,0,0,0,0,-45000,0,0,0,0,45000,-45000,-45000
056677,智伸科元富98購01,0,0,0,0,0,0,0,0,0,-45000,0,0,0,469000,514000,-45000,-45000
056616,台光電永豐98購01,0,0,0,0,0,0,0,0,0,-45000,0,0,0,100000,145000,-45000,-45000
058553,合勤控永豐99購01,0,0,0,0,0,0,0,0,0,-45000,0,0,0,13000,58000,-45000,-45000
058625,旺宏國票9A購01  ,0,0,0,0,0,0,0,0,0,-45000,0,0,0,2000,47000,-45000,-45000
057887,智原群益98購04  ,0,0,0,0,0,0,0,0,0,-45000,0,0,0,30000,75000,-45000,-45000
057146,技嘉國票98購01  ,0,0,0,0,0,0,0,0,0,-45000,0,0,0,0,45000,-45000,-45000
056175,可成元富97購03  ,0,0,0,0,0,0,0,0,0,-45000,0,0,0,5000,50000,-45000,-45000
060609,玉晶光凱基9B購01,0,0,0,0,0,0,0,0,0,-46000,0,0,0,16000,62000,-46000,-46000
07161P,臺股指群益99售12,0,0,0,0,0,0,0,0,0,-46000,0,0,0,5000,51000,-46000,-46000
07593P,臺股指凱基9A售08,0,0,0,0,0,0,0,0,0,-46000,0,0,0,0,46000,-46000,-46000
056709,華通永豐98購01  ,0,0,0,0,0,0,0,0,0,-46000,0,0,0,69000,115000,-46000,-46000
055716,致茂元大97購01  ,0,0,0,0,0,0,0,0,0,-46000,0,0,0,24000,70000,-46000,-46000
059117,禾伸堂永豐99購01,0,0,0,0,0,0,0,0,0,-46000,0,0,0,27000,73000,-46000,-46000
058759,義隆群益99購01  ,0,0,0,0,0,0,0,0,0,-46000,0,0,0,34000,80000,-46000,-46000
058796,可成元大99購04  ,0,0,0,0,0,0,0,0,0,-46000,0,0,0,0,46000,-46000,-46000
059147,矽創國票99購01  ,0,0,0,0,0,0,0,0,0,-46000,0,0,0,0,46000,-46000,-46000
059463,台灣50元大9C購07,0,0,0,0,0,0,0,0,0,-46000,0,0,0,0,46000,-46000,-46000
6669,緯穎            ,374000,358060,15940,0,0,0,73000,147000,-74000,12000,3000,1000,2000,16000,6000,10000,-46060
07524P,臺股指中信9B售06,0,0,0,0,0,0,0,0,0,-47000,0,0,0,0,47000,-47000,-47000
2461,光群雷          ,129000,179000,-50000,0,0,0,0,0,0,3000,4000,1000,3000,0,0,0,-47000
060210,上銀康和9A購01  ,0,0,0,0,0,0,0,0,0,-47000,0,0,0,35000,82000,-47000,-47000
059999,緯穎元富99購01  ,0,0,0,0,0,0,0,0,0,-47000,0,0,0,171000,218000,-47000,-47000
059694,創意永豐99購03  ,0,0,0,0,0,0,0,0,0,-47000,0,0,0,12000,59000,-47000,-47000
053505,瑞儀兆豐97購01  ,0,0,0,0,0,0,0,0,0,-47000,0,0,0,28000,75000,-47000,-47000
050634,華新科群益96購01,0,0,0,0,0,0,0,0,0,-47000,0,0,0,0,47000,-47000,-47000
046791,台郡統一96購01  ,0,0,0,0,0,0,0,0,0,-47000,0,0,0,88000,135000,-47000,-47000
04837P,華新科元大94售05,0,0,0,0,0,0,0,0,0,-47000,0,0,0,3000,50000,-47000,-47000
057465,智易永豐98購02  ,0,0,0,0,0,0,0,0,0,-47000,0,0,0,27000,74000,-47000,-47000
057321,台泥群益98購01  ,0,0,0,0,0,0,0,0,0,-47000,0,0,0,0,47000,-47000,-47000
055400,緯穎統一97購01  ,0,0,0,0,0,0,0,0,0,-47000,0,0,0,16000,63000,-47000,-47000
056743,貿聯凱基98購04  ,0,0,0,0,0,0,0,0,0,-47000,0,0,0,0,47000,-47000,-47000
058672,可成群益9B購02  ,0,0,0,0,0,0,0,0,0,-47000,0,0,0,11000,58000,-47000,-47000
058006,台郡群益98購04  ,0,0,0,0,0,0,0,0,0,-47000,0,0,0,9000,56000,-47000,-47000
059600,緯穎元大99購07  ,0,0,0,0,0,0,0,0,0,-48000,0,0,0,5000,53000,-48000,-48000
060001,台灣50群益9A購10,0,0,0,0,0,0,0,0,0,-48000,0,0,0,50000,98000,-48000,-48000
059872,華新科凱基01購01,0,0,0,0,0,0,0,0,0,-48000,0,0,0,33000,81000,-48000,-48000
060501,鴻海元大9A購13  ,0,0,0,0,0,0,0,0,0,-48000,0,0,0,0,48000,-48000,-48000
052858,華通凱基97購02  ,0,0,0,0,0,0,0,0,0,-48000,0,0,0,0,48000,-48000,-48000
052174,聯發科元大95購13,0,0,0,0,0,0,0,0,0,-48000,0,0,0,30000,78000,-48000,-48000
053249,致伸國票97購02  ,0,0,0,0,0,0,0,0,0,-48000,0,0,0,0,48000,-48000,-48000
056211,南港國票98購01  ,0,0,0,0,0,0,0,0,0,-48000,0,0,0,12000,60000,-48000,-48000
058852,貿聯群益99購04  ,0,0,0,0,0,0,0,0,0,-48000,0,0,0,0,48000,-48000,-48000
058995,台達電元大99購01,0,0,0,0,0,0,0,0,0,-48000,0,0,0,37000,85000,-48000,-48000
5519,隆大            ,60000,108000,-48000,0,0,0,0,0,0,0,0,0,0,0,0,0,-48000
060028,國揚永豐99購01  ,0,0,0,0,0,0,0,0,0,-49000,0,0,0,12000,61000,-49000,-49000
059753,貿聯群益99購06  ,0,0,0,0,0,0,0,0,0,-49000,0,0,0,0,49000,-49000,-49000
1907,永豐餘          ,508000,833000,-325000,0,0,0,254000,0,254000,22000,22000,0,22000,0,0,0,-49000
07396P,聯發科群益9B售01,0,0,0,0,0,0,0,0,0,-49000,0,0,0,31000,80000,-49000,-49000
041534,T50反1凱基96購01,0,0,0,0,0,0,0,0,0,-49000,0,0,0,0,49000,-49000,-49000
051880,健策康和95購01  ,0,0,0,0,0,0,0,0,0,-49000,0,0,0,0,49000,-49000,-49000
052221,東元凱基95購01  ,0,0,0,0,0,0,0,0,0,-49000,0,0,0,0,49000,-49000,-49000
055040,台虹富邦99購01  ,0,0,0,0,0,0,0,0,0,-49000,0,0,0,0,49000,-49000,-49000
057481,技嘉元大98購04  ,0,0,0,0,0,0,0,0,0,-49000,0,0,0,35000,84000,-49000,-49000
055352,奇力新凱基97購01,0,0,0,0,0,0,0,0,0,-49000,0,0,0,0,49000,-49000,-49000
056641,華通凱基98購03  ,0,0,0,0,0,0,0,0,0,-49000,0,0,0,0,49000,-49000,-49000
058480,新日興凱基9A購01,0,0,0,0,0,0,0,0,0,-49000,0,0,0,81000,130000,-49000,-49000
058232,聯發科元大99購05,0,0,0,0,0,0,0,0,0,-49000,0,0,0,4000,53000,-49000,-49000
057158,義隆永豐99購01  ,0,0,0,0,0,0,0,0,0,-49000,0,0,0,131000,180000,-49000,-49000
055875,光罩元富97購02  ,0,0,0,0,0,0,0,0,0,-49000,0,0,0,51000,100000,-49000,-49000
8411,福貞-KY         ,21000,70000,-49000,0,0,0,0,0,0,0,0,0,0,0,0,0,-49000
8464,億豐            ,363000,382000,-19000,0,0,0,0,30000,-30000,0,0,0,0,0,0,0,-49000
06949P,台表科元大99售01,0,0,0,0,0,0,0,0,0,-50000,0,0,0,0,50000,-50000,-50000
059767,矽力永豐99購01  ,0,0,0,0,0,0,0,0,0,-50000,0,0,0,335000,385000,-50000,-50000
060568,SP黃豆永豐9A購01,0,0,0,0,0,0,0,0,0,-50000,0,0,0,0,50000,-50000,-50000
06094P,台達電中信97售01,0,0,0,0,0,0,0,0,0,-50000,0,0,0,0,50000,-50000,-50000
06107P,美律群益98售02  ,0,0,0,0,0,0,0,0,0,-50000,0,0,0,0,50000,-50000,-50000
060737,瑞儀統一9C購01  ,0,0,0,0,0,0,0,0,0,-50000,0,0,0,0,50000,-50000,-50000
060664,聯詠凱基9A購01  ,0,0,0,0,0,0,0,0,0,-50000,0,0,0,0,50000,-50000,-50000
060248,日月光元大9A購01,0,0,0,0,0,0,0,0,0,-50000,0,0,0,149000,199000,-50000,-50000
060449,元金2X元大9A購02,0,0,0,0,0,0,0,0,0,-50000,0,0,0,1000,51000,-50000,-50000
057390,台表科永豐98購01,0,0,0,0,0,0,0,0,0,-50000,0,0,0,15000,65000,-50000,-50000
05286P,矽力統一95售02  ,0,0,0,0,0,0,0,0,0,-50000,0,0,0,0,50000,-50000,-50000
052470,華新科亞東97購01,0,0,0,0,0,0,0,0,0,-50000,0,0,0,0,50000,-50000,-50000
056949,義隆統一98購01  ,0,0,0,0,0,0,0,0,0,-50000,0,0,0,4000,54000,-50000,-50000
055055,精元永豐97購01  ,0,0,0,0,0,0,0,0,0,-50000,0,0,0,0,50000,-50000,-50000
054064,台郡國票97購04  ,0,0,0,0,0,0,0,0,0,-50000,0,0,0,21000,71000,-50000,-50000
054075,GIS富邦97購02   ,0,0,0,0,0,0,0,0,0,-50000,0,0,0,0,50000,-50000,-50000
051769,矽力元大95購01  ,0,0,0,0,0,0,0,0,0,-50000,0,0,0,20000,70000,-50000,-50000
049298,矽格群益95購01  ,0,0,0,0,0,0,0,0,0,-50000,0,0,0,0,50000,-50000,-50000
047995,台達電元大96購01,0,0,0,0,0,0,0,0,0,-50000,0,0,0,0,50000,-50000,-50000
047697,台郡國票94購02  ,0,0,0,0,0,0,0,0,0,-50000,0,0,0,0,50000,-50000,-50000
053410,啟碁兆豐96購01  ,0,0,0,0,0,0,0,0,0,-50000,0,0,0,100000,150000,-50000,-50000
051999,勤誠元大95購01  ,0,0,0,0,0,0,0,0,0,-50000,0,0,0,0,50000,-50000,-50000
050641,上証反凱基96購01,0,0,0,0,0,0,0,0,0,-50000,0,0,0,0,50000,-50000,-50000
050760,矽力元富94購03  ,0,0,0,0,0,0,0,0,0,-50000,0,0,0,20000,70000,-50000,-50000
050545,奇力新凱基95購01,0,0,0,0,0,0,0,0,0,-50000,0,0,0,31000,81000,-50000,-50000
057165,國巨元大99購05  ,0,0,0,0,0,0,0,0,0,-50000,0,0,0,0,50000,-50000,-50000
057131,奇力新凱基98購05,0,0,0,0,0,0,0,0,0,-50000,0,0,0,6000,56000,-50000,-50000
058512,宏達電元大99購04,0,0,0,0,0,0,0,0,0,-50000,0,0,0,0,50000,-50000,-50000
058527,世紀鋼元大99購01,0,0,0,0,0,0,0,0,0,-50000,0,0,0,0,50000,-50000,-50000
055818,晶相光國票97購02,0,0,0,0,0,0,0,0,0,-50000,0,0,0,55000,105000,-50000,-50000
056801,國巨台新98購01  ,0,3000,-3000,0,0,0,0,0,0,-47000,0,0,0,3000,50000,-47000,-50000
055288,日電貿元大97購02,0,0,0,0,0,0,0,0,0,-50000,0,0,0,150000,200000,-50000,-50000
059082,華通元大99購06  ,0,0,0,0,0,0,0,0,0,-50000,0,0,0,0,50000,-50000,-50000
058797,大毅元大99購03  ,0,0,0,0,0,0,0,0,0,-50000,0,0,0,75000,125000,-50000,-50000
07218P,臺股指凱基99售31,0,0,0,0,0,0,0,0,0,-51000,0,0,0,126000,177000,-51000,-51000
051160,亞德客元大95購02,0,0,0,0,0,0,0,0,0,-51000,0,0,0,53000,104000,-51000,-51000
052581,訊芯元富98購01  ,0,0,0,0,0,0,0,0,0,-51000,0,0,0,5000,56000,-51000,-51000
058892,元油2X元大9C購08,0,0,0,0,0,0,0,0,0,-51000,0,0,0,80000,131000,-51000,-51000
059121,瑞儀永豐99購01  ,0,0,0,0,0,0,0,0,0,-51000,0,0,0,105000,156000,-51000,-51000
059432,聯發科元大99購26,0,0,0,0,0,0,0,0,0,-51000,0,0,0,39000,90000,-51000,-51000
056766,義隆元大98購01  ,0,0,0,0,0,0,0,0,0,-51000,0,0,0,275000,326000,-51000,-51000
056733,國巨凱基98購10  ,0,0,0,0,0,0,0,0,0,-51000,0,0,0,18000,69000,-51000,-51000
056846,晶相光元富98購01,0,0,0,0,0,0,0,0,0,-51000,0,0,0,277000,328000,-51000,-51000
057279,國揚元大98購01  ,0,0,0,0,0,0,0,0,0,-51000,0,0,0,0,51000,-51000,-51000
6491,晶碩            ,19000,70000,-51000,0,0,0,0,0,0,0,0,0,0,0,0,0,-51000
9958,世紀鋼          ,334000,253000,81000,0,0,0,0,2000,-2000,-130000,0,0,0,48000,178000,-130000,-51000
3669,圓展            ,110000,161000,-51000,0,0,0,0,0,0,0,0,0,0,0,0,0,-51000
2936,客思達-KY       ,33000,84000,-51000,0,0,0,0,0,0,0,0,0,0,0,0,0,-51000
07317P,T50正2凱基9B售02,0,0,0,0,0,0,0,0,0,-52000,0,0,0,216000,268000,-52000,-52000
06888P,日月光元大98售02,0,0,0,0,0,0,0,0,0,-52000,0,0,0,102000,154000,-52000,-52000
060684,同欣電元大9A購01,0,0,0,0,0,0,0,0,0,-52000,0,0,0,5000,57000,-52000,-52000
06151P,華新科元大97售07,0,0,0,0,0,0,0,0,0,-52000,0,0,0,4000,56000,-52000,-52000
060780,祥碩國泰9B購01  ,0,0,0,0,0,0,0,0,0,-52000,0,0,0,41000,93000,-52000,-52000
059674,玉山金元富99購02,0,0,0,0,0,0,0,0,0,-52000,0,0,0,0,52000,-52000,-52000
053092,台表科元大97購02,0,0,0,0,0,0,0,0,0,-52000,0,0,0,98000,150000,-52000,-52000
053123,京元電凱基96購01,0,0,0,0,0,0,0,0,0,-52000,0,0,0,30000,82000,-52000,-52000
057480,技嘉元大98購03  ,0,0,0,0,0,0,0,0,0,-52000,0,0,0,1000,53000,-52000,-52000
05464P,華通康和95售02  ,0,0,0,0,0,0,0,0,0,-52000,0,0,0,28000,80000,-52000,-52000
053473,聯發科元大96購15,0,0,0,0,0,0,0,0,0,-52000,0,0,0,67000,119000,-52000,-52000
051743,揚明光國票96購02,0,0,0,0,0,0,0,0,0,-52000,0,0,0,2000,54000,-52000,-52000
051644,聯茂康和95購01  ,0,0,0,0,0,0,0,0,0,-52000,0,0,0,104000,156000,-52000,-52000
03035X,元展32          ,0,0,0,0,0,0,0,0,0,-52000,0,0,0,2000,54000,-52000,-52000
057277,可成元大98購05  ,0,0,0,0,0,0,0,0,0,-52000,0,0,0,50000,102000,-52000,-52000
055527,旺宏群益99購03  ,0,0,0,0,0,0,0,0,0,-52000,0,0,0,0,52000,-52000,-52000
059282,嘉聯益永豐99購01,0,0,0,0,0,0,0,0,0,-52000,0,0,0,23000,75000,-52000,-52000
059909,鴻海元大99購36  ,0,0,0,0,0,0,0,0,0,-53000,0,0,0,10000,63000,-53000,-53000
06070P,漢唐永豐97售01  ,0,0,0,0,0,0,0,0,0,-53000,0,0,0,2000,55000,-53000,-53000
06490P,鴻海富邦99售02  ,0,0,0,0,0,0,0,0,0,-53000,0,0,0,202000,255000,-53000,-53000
07160P,台灣50中信03售04,0,0,0,0,0,0,0,0,0,-53000,0,0,0,0,53000,-53000,-53000
07441P,臺股指麥證9B售03,0,0,0,0,53000,-53000,0,0,0,-53000,0,0,0,0,53000,-53000,-53000
051944,智邦統一95購02  ,0,0,0,0,0,0,0,0,0,-53000,0,0,0,25000,78000,-53000,-53000
03669C,滬深2X元富09牛01,0,0,0,0,0,0,0,0,0,-53000,0,0,0,50000,103000,-53000,-53000
053292,美律中信98購01  ,0,0,0,0,0,0,0,0,0,-53000,0,0,0,0,53000,-53000,-53000
057525,光磊元大99購01  ,0,0,0,0,0,0,0,0,0,-53000,0,0,0,26000,79000,-53000,-53000
056509,晶相光永豐98購01,0,0,0,0,0,0,0,0,0,-53000,0,0,0,93000,146000,-53000,-53000
057835,華擎元富9B購01  ,0,0,0,0,0,0,0,0,0,-53000,0,0,0,386000,439000,-53000,-53000
058241,景碩元大99購05  ,0,0,0,0,0,0,0,0,0,-53000,0,0,0,132000,185000,-53000,-53000
06371P,茂林國票98售04  ,0,0,0,0,0,0,0,0,0,-54000,0,0,0,68000,122000,-54000,-54000
2022,聚亨            ,37000,91000,-54000,0,0,0,0,0,0,0,0,0,0,0,0,0,-54000
2206,三陽工業        ,212000,264000,-52000,0,0,0,0,0,0,-2000,4000,6000,-2000,0,0,0,-54000
060713,聯詠永豐9A購01  ,0,0,0,0,0,0,0,0,0,-54000,0,0,0,0,54000,-54000,-54000
060797,世芯永豐9A購04  ,0,0,0,0,0,0,0,0,0,-54000,0,0,0,0,54000,-54000,-54000
059923,緯穎元大99購09  ,0,0,0,0,0,0,0,0,0,-54000,0,0,0,37000,91000,-54000,-54000
052208,力成麥證95購01  ,0,0,0,26000,80000,-54000,0,0,0,-54000,0,0,0,26000,80000,-54000,-54000
050024,旺宏元大94購09  ,0,0,0,0,0,0,0,0,0,-54000,0,0,0,0,54000,-54000,-54000
03421B,臺股指元大99熊01,0,0,0,0,0,0,0,0,0,-54000,0,0,0,6000,60000,-54000,-54000
058134,信邦元大99購01  ,0,0,0,0,0,0,0,0,0,-54000,0,0,0,67000,121000,-54000,-54000
055955,微星元大97購01  ,0,0,0,0,0,0,0,0,0,-54000,0,0,0,9000,63000,-54000,-54000
058596,旺宏台新99購01  ,0,0,0,0,0,0,0,0,0,-54000,0,0,0,0,54000,-54000,-54000
058791,鴻海元大99購17  ,0,0,0,0,0,0,0,0,0,-54000,0,0,0,1000,55000,-54000,-54000
059747,台達電台新99購01,0,0,0,0,0,0,0,0,0,-55000,0,0,0,35000,90000,-55000,-55000
059692,聯詠永豐99購01  ,0,0,0,0,0,0,0,0,0,-55000,0,0,0,40000,95000,-55000,-55000
060345,聯發科統一9B購05,0,0,0,0,0,0,0,0,0,-55000,0,0,0,0,55000,-55000,-55000
07225P,台積電元大99售33,0,0,0,0,0,0,0,0,0,-55000,0,0,0,5000,60000,-55000,-55000
050536,亞泥凱基95購01  ,0,0,0,0,0,0,0,0,0,-55000,0,0,0,25000,80000,-55000,-55000
051339,智易永豐95購02  ,0,0,0,0,0,0,0,0,0,-55000,0,0,0,20000,75000,-55000,-55000
054109,南亞科凱基96購05,0,0,0,0,0,0,0,0,0,-55000,0,0,0,5000,60000,-55000,-55000
057470,易華電永豐98購02,0,0,0,0,0,0,0,0,0,-55000,0,0,0,10000,65000,-55000,-55000
052847,漢唐統一99購01  ,0,0,0,0,0,0,0,0,0,-55000,0,0,0,68000,123000,-55000,-55000
059287,華通元富99購03  ,0,0,0,0,0,0,0,0,0,-55000,0,0,0,15000,70000,-55000,-55000
059301,華新科群益99購04,0,0,0,0,0,0,0,0,0,-55000,0,0,0,0,55000,-55000,-55000
056813,聯茂統一99購01  ,0,0,0,0,0,0,0,0,0,-55000,0,0,0,20000,75000,-55000,-55000
057946,晶相光國票99購01,0,0,0,0,0,0,0,0,0,-55000,0,0,0,1000,56000,-55000,-55000
058078,景碩國票99購01  ,0,0,0,0,0,0,0,0,0,-55000,0,0,0,17000,72000,-55000,-55000
058230,國巨元大99購11  ,0,0,0,0,0,0,0,0,0,-55000,0,0,0,60000,115000,-55000,-55000
07276P,臺股指群益99售19,0,0,0,0,0,0,0,0,0,-56000,0,0,0,122000,178000,-56000,-56000
2402,毅嘉            ,205000,265000,-60000,0,0,0,0,0,0,4000,4000,0,4000,0,0,0,-56000
1416,廣豐            ,28000,84000,-56000,0,0,0,0,0,0,0,0,0,0,0,0,0,-56000
059689,南亞科永豐99購02,0,0,0,0,0,0,0,0,0,-56000,0,0,0,10000,66000,-56000,-56000
060024,T50反1國泰9B購02,0,0,0,0,0,0,0,0,0,-56000,0,0,0,0,56000,-56000,-56000
052946,智原國票97購02  ,0,0,0,0,0,0,0,0,0,-56000,0,0,0,42000,98000,-56000,-56000
057378,康友元大98購02  ,0,0,0,0,0,0,0,0,0,-56000,0,0,0,76000,132000,-56000,-56000
052294,創意國票96購03  ,0,0,0,0,0,0,0,0,0,-56000,0,0,0,0,56000,-56000,-56000
051845,世紀鋼富邦96購01,0,0,0,0,0,0,0,0,0,-56000,0,0,0,0,56000,-56000,-56000
056151,建準凱基97購01  ,0,0,0,0,0,0,0,0,0,-56000,0,0,0,20000,76000,-56000,-56000
056851,瑞儀元富98購01  ,0,0,0,0,0,0,0,0,0,-56000,0,0,0,141000,197000,-56000,-56000
055229,大毅國票97購02  ,0,0,0,0,0,0,0,0,0,-56000,0,0,0,2000,58000,-56000,-56000
055720,宏達電元大97購05,0,0,0,0,0,0,0,0,0,-56000,0,0,0,46000,102000,-56000,-56000
056689,玉晶光統一9A購03,0,0,0,0,0,0,0,0,0,-56000,0,0,0,33000,89000,-56000,-56000
059720,台積電元大99購43,0,0,0,0,0,0,0,0,0,-57000,0,0,0,2000,59000,-57000,-57000
059766,同欣電永豐99購03,0,0,0,0,0,0,0,0,0,-57000,0,0,0,25000,82000,-57000,-57000
060367,緯穎元富9A購02  ,0,0,0,0,0,0,0,0,0,-57000,0,0,0,8000,65000,-57000,-57000
060295,貿聯元大9A購03  ,0,0,0,0,0,0,0,0,0,-57000,0,0,0,0,57000,-57000,-57000
060671,亞德客元大9A購03,0,0,0,0,0,0,0,0,0,-57000,0,0,0,0,57000,-57000,-57000
07343P,高鐵康和99售01  ,0,0,0,0,0,0,0,0,0,-57000,0,0,0,53000,110000,-57000,-57000
06849P,欣興元大98售12  ,0,0,0,0,0,0,0,0,0,-57000,0,0,0,6000,63000,-57000,-57000
053238,麗豐永豐96購01  ,0,0,0,0,0,0,0,0,0,-57000,0,0,0,8000,65000,-57000,-57000
057720,日電貿元富98購01,0,0,0,0,0,0,0,0,0,-57000,0,0,0,39000,96000,-57000,-57000
058008,禾伸堂國票99購02,0,0,0,0,0,0,0,0,0,-57000,0,0,0,0,57000,-57000,-57000
055176,大毅統一98購02  ,0,0,0,0,0,0,0,0,0,-57000,0,0,0,14000,71000,-57000,-57000
058309,大毅元大99購02  ,0,0,0,0,0,0,0,0,0,-57000,0,0,0,72000,129000,-57000,-57000
07263P,台積電元大99售37,0,0,0,0,0,0,0,0,0,-58000,0,0,0,167000,225000,-58000,-58000
060782,道瓊指富邦9C購01,0,0,0,0,0,0,0,0,0,-58000,0,0,0,0,58000,-58000,-58000
052513,大立光凱基95購13,0,0,0,0,0,0,0,0,0,-58000,0,0,0,10000,68000,-58000,-58000
053428,中磊永豐96購02  ,0,0,0,0,0,0,0,0,0,-58000,0,0,0,0,58000,-58000,-58000
052034,臺股指群益95購07,0,0,0,0,0,0,0,0,0,-58000,0,0,0,3000,61000,-58000,-58000
051489,世芯凱基95購01  ,0,0,0,0,0,0,0,0,0,-58000,0,0,0,18000,76000,-58000,-58000
051536,玉晶光國票97購01,0,0,0,0,0,0,0,0,0,-58000,0,0,0,85000,143000,-58000,-58000
03439B,臺股指元大99熊29,0,0,0,0,0,0,0,0,0,-58000,0,0,0,52000,110000,-58000,-58000
048533,景碩國票94購01  ,0,0,0,0,0,0,0,0,0,-58000,0,0,0,20000,78000,-58000,-58000
00763U,街口道瓊銅      ,0,0,0,0,0,0,0,0,0,-58000,0,0,0,426000,484000,-58000,-58000
058583,臻鼎群益99購01  ,0,0,0,0,0,0,0,0,0,-58000,0,0,0,99000,157000,-58000,-58000
060328,可成群益9A購06  ,0,0,0,0,0,0,0,0,0,-59000,0,0,0,6000,65000,-59000,-59000
050794,大立光富邦96購04,0,0,0,0,0,0,0,0,0,-59000,0,0,0,0,59000,-59000,-59000
055597,禾伸堂元大98購02,0,0,0,0,0,0,0,0,0,-59000,0,0,0,11000,70000,-59000,-59000
056951,牧德統一99購01  ,0,0,0,0,0,0,0,0,0,-59000,0,0,0,0,59000,-59000,-59000
059005,嘉晶元大99購06  ,0,0,0,0,0,0,0,0,0,-59000,0,0,0,121000,180000,-59000,-59000
060357,上銀元富9A購02  ,0,0,0,0,0,0,0,0,0,-60000,0,0,0,34000,94000,-60000,-60000
060679,聯詠元大9A購04  ,0,0,0,0,0,0,0,0,0,-60000,0,0,0,0,60000,-60000,-60000
060607,玉晶光凱基9A購06,0,0,0,0,0,0,0,0,0,-60000,0,0,0,2000,62000,-60000,-60000
060602,京元電凱基9A購01,0,0,0,0,0,0,0,0,0,-60000,0,0,0,100000,160000,-60000,-60000
060600,台積電凱基9C購01,0,0,0,0,0,0,0,0,0,-60000,0,0,0,4000,64000,-60000,-60000
059783,旺宏元大99購17  ,0,0,0,0,0,0,0,0,0,-60000,0,0,0,6000,66000,-60000,-60000
060043,全新群益9B購02  ,0,0,0,0,0,0,0,0,0,-60000,0,0,0,70000,130000,-60000,-60000
07324P,台積電元大99售40,0,0,0,0,0,0,0,0,0,-60000,0,0,0,65000,125000,-60000,-60000
06634P,欣興國票98售02  ,0,0,0,0,0,0,0,0,0,-60000,0,0,0,23000,83000,-60000,-60000
050351,華新科群益95購02,0,0,0,0,0,0,0,0,0,-60000,0,0,0,0,60000,-60000,-60000
035274,華新台新97購01  ,0,0,0,0,0,0,0,0,0,-60000,0,0,0,0,60000,-60000,-60000
048603,中磊國票94購02  ,0,0,0,0,0,0,0,0,0,-60000,0,0,0,0,60000,-60000,-60000
052972,義隆群益96購04  ,0,0,0,0,0,0,0,0,0,-60000,0,0,0,7000,67000,-60000,-60000
057322,旺宏群益98購04  ,0,0,0,0,0,0,0,0,0,-60000,0,0,0,0,60000,-60000,-60000
057562,奇鋐兆豐98購01  ,0,0,0,0,0,0,0,0,0,-60000,0,0,0,0,60000,-60000,-60000
054700,致新永豐97購01  ,0,0,0,0,0,0,0,0,0,-60000,0,0,0,10000,70000,-60000,-60000
059247,可成凱基99購05  ,0,0,0,0,0,0,0,0,0,-60000,0,0,0,31000,91000,-60000,-60000
056673,中石化元富9B購01,0,0,0,0,0,0,0,0,0,-60000,0,0,0,0,60000,-60000,-60000
056328,訊芯兆豐98購01  ,0,0,0,0,0,0,0,0,0,-60000,0,0,0,0,60000,-60000,-60000
056343,高鐵凱基98購02  ,0,0,0,0,0,0,0,0,0,-60000,0,0,0,40000,100000,-60000,-60000
057286,群創元大9B購05  ,0,0,0,0,0,0,0,0,0,-60000,0,0,0,0,60000,-60000,-60000
055648,可成元富97購01  ,0,0,0,0,0,0,0,0,0,-60000,0,0,0,239000,299000,-60000,-60000
07183P,臺股指凱基99售25,0,0,0,0,0,0,0,0,0,-61000,0,0,0,0,61000,-61000,-61000
060007,鴻海群益99購04  ,0,0,0,0,0,0,0,0,0,-61000,0,0,0,1000,62000,-61000,-61000
060297,和碩元大9A購02  ,0,0,0,0,0,0,0,0,0,-61000,0,0,0,140000,201000,-61000,-61000
060246,晶相光元大9C購03,0,0,0,0,0,0,0,0,0,-61000,0,0,0,193000,254000,-61000,-61000
060286,佳世達元大9C購01,0,0,0,0,0,0,0,0,0,-61000,0,0,0,52000,113000,-61000,-61000
060194,旭富元富9A購01  ,0,0,0,0,0,0,0,0,0,-61000,0,0,0,114000,175000,-61000,-61000
052447,聯發科元大96購04,0,0,0,0,0,0,0,0,0,-61000,0,0,0,3000,64000,-61000,-61000
053583,漢唐元大96購03  ,0,0,0,0,0,0,0,0,0,-61000,0,0,0,0,61000,-61000,-61000
052808,矽力元大96購02  ,0,0,0,0,0,0,0,0,0,-61000,0,0,0,0,61000,-61000,-61000
053539,智易永豐96購01  ,0,0,0,0,0,0,0,0,0,-61000,0,0,0,55000,116000,-61000,-61000
057853,旺宏國票99購05  ,0,0,0,0,0,0,0,0,0,-61000,0,0,0,0,61000,-61000,-61000
059866,國巨凱基99購18  ,0,0,0,0,0,0,0,0,0,-62000,0,0,0,37000,99000,-62000,-62000
054235,欣興群益96購06  ,0,0,0,0,0,0,0,0,0,-62000,0,0,0,19000,81000,-62000,-62000
056784,南亞科群益98購01,0,0,0,0,0,0,0,0,0,-62000,0,0,0,3000,65000,-62000,-62000
055305,旺宏群益99購01  ,0,0,0,0,0,0,0,0,0,-62000,0,0,0,0,62000,-62000,-62000
059296,大立光元富99購06,0,0,0,0,0,0,0,0,0,-62000,0,0,0,131000,193000,-62000,-62000
059148,百和國票9A購01  ,0,0,0,0,0,0,0,0,0,-62000,0,0,0,0,62000,-62000,-62000
059359,精元永豐99購01  ,0,0,0,0,0,0,0,0,0,-62000,0,0,0,446000,508000,-62000,-62000
059119,華擎永豐99購02  ,0,0,0,0,0,0,0,0,0,-62000,0,0,0,83000,145000,-62000,-62000
058580,華新科群益99購02,0,0,0,0,0,0,0,0,0,-62000,0,0,0,19000,81000,-62000,-62000
6153,嘉聯益          ,1001790,934000,67790,0,0,0,0,0,0,-130000,149000,262000,-113000,21000,38000,-17000,-62210
060554,中租凱基9A購01  ,0,0,0,0,0,0,0,0,0,-63000,0,0,0,0,63000,-63000,-63000
054471,T50反1中信9C購01,0,0,0,0,0,0,0,0,0,-63000,0,0,0,10000,73000,-63000,-63000
053810,台達電群益96購01,0,0,0,0,0,0,0,0,0,-63000,0,0,0,0,63000,-63000,-63000
052279,旺宏凱基95購07  ,0,0,0,0,0,0,0,0,0,-63000,0,0,0,0,63000,-63000,-63000
052586,晶豪科永豐96購01,0,0,0,0,0,0,0,0,0,-63000,0,0,0,0,63000,-63000,-63000
053018,旺宏元富96購02  ,0,0,0,0,0,0,0,0,0,-63000,0,0,0,41000,104000,-63000,-63000
057479,致茂元大98購03  ,0,0,0,0,0,0,0,0,0,-63000,0,0,0,17000,80000,-63000,-63000
049255,旺宏元大97購02  ,0,0,0,0,0,0,0,0,0,-63000,0,0,0,0,63000,-63000,-63000
057090,奇力新元富98購02,0,0,0,0,0,0,0,0,0,-63000,0,0,0,0,63000,-63000,-63000
059390,華新科凱基99購05,0,0,0,0,0,0,0,0,0,-63000,0,0,0,10000,73000,-63000,-63000
059442,祥碩元大99購03  ,0,0,0,0,0,0,0,0,0,-63000,0,0,0,77000,140000,-63000,-63000
055674,南港康和97購02  ,0,0,0,0,0,0,0,0,0,-63000,0,0,0,0,63000,-63000,-63000
6591,動力-KY         ,77000,140000,-63000,0,0,0,0,0,0,0,1000,1000,0,0,0,0,-63000
060678,聯詠元大9A購03  ,0,0,0,0,0,0,0,0,0,-64000,0,0,0,0,64000,-64000,-64000
059537,大立光凱基99購09,0,0,0,0,0,0,0,0,0,-64000,0,0,0,0,64000,-64000,-64000
06966P,健策台新9A售02  ,0,0,0,0,0,0,0,0,0,-64000,0,0,0,16000,80000,-64000,-64000
056684,旺宏統一98購02  ,0,0,0,0,0,0,0,0,0,-64000,0,0,0,0,64000,-64000,-64000
055233,康友國票98購01  ,0,0,0,0,0,0,0,0,0,-64000,0,0,0,120000,184000,-64000,-64000
059288,旺宏元富99購03  ,0,0,0,0,0,0,0,0,0,-64000,0,0,0,0,64000,-64000,-64000
058969,亞德客永豐99購01,0,0,0,0,0,0,0,0,0,-64000,0,0,0,0,64000,-64000,-64000
057296,智原永豐98購01  ,0,0,0,0,0,0,0,0,0,-64000,0,0,0,0,64000,-64000,-64000
057119,微星康和98購01  ,0,0,0,0,0,0,0,0,0,-64000,0,0,0,0,64000,-64000,-64000
058297,茂林凱基9A購02  ,0,0,0,0,0,0,0,0,0,-64000,0,0,0,6000,70000,-64000,-64000
058452,義隆永豐99購02  ,0,0,0,0,0,0,0,0,0,-64000,0,0,0,60000,124000,-64000,-64000
055112,晶豪科凱基98購01,0,0,0,0,0,0,0,0,0,-64000,0,0,0,0,64000,-64000,-64000
059717,國巨元大99購21  ,0,0,0,0,0,0,0,0,0,-65000,0,0,0,24000,89000,-65000,-65000
060651,瑞儀中信9B購01  ,0,0,0,0,0,0,0,0,0,-65000,0,0,0,0,65000,-65000,-65000
053619,和碩群益96購01  ,0,0,0,0,0,0,0,0,0,-65000,0,0,0,4000,69000,-65000,-65000
055168,光罩統一98購01  ,0,0,0,0,0,0,0,0,0,-65000,0,0,0,15000,80000,-65000,-65000
057169,微星元大98購01  ,0,0,0,0,0,0,0,0,0,-65000,0,0,0,0,65000,-65000,-65000
058882,晶相光永豐99購01,0,0,0,0,0,0,0,0,0,-65000,0,0,0,0,65000,-65000,-65000
059453,奇力新永豐99購01,0,0,0,0,0,0,0,0,0,-65000,0,0,0,8000,73000,-65000,-65000
059360,全新永豐99購02  ,0,0,0,0,0,0,0,0,0,-65000,0,0,0,28000,93000,-65000,-65000
056536,義隆凱基98購04  ,0,0,0,0,0,0,0,0,0,-65000,0,0,0,40000,105000,-65000,-65000
056534,京元電凱基98購01,0,0,0,0,0,0,0,0,0,-65000,0,0,0,18000,83000,-65000,-65000
4739,康普            ,140000,205000,-65000,0,0,0,0,0,0,0,0,0,0,0,0,0,-65000
060360,南亞科元富9A購02,0,0,0,0,0,0,0,0,0,-66000,0,0,0,50000,116000,-66000,-66000
059534,國泰金凱基99購01,0,0,0,0,0,0,0,0,0,-66000,0,0,0,57000,123000,-66000,-66000
059535,玉山金凱基99購01,0,0,0,0,0,0,0,0,0,-66000,0,0,0,34000,100000,-66000,-66000
059671,滬深2X元富99購05,0,0,0,0,0,0,0,0,0,-66000,0,0,0,4000,70000,-66000,-66000
059610,上銀永豐99購02  ,0,0,0,0,0,0,0,0,0,-66000,0,0,0,181000,247000,-66000,-66000
05440P,緯穎國票96售02  ,0,0,0,0,0,0,0,0,0,-66000,0,0,0,77000,143000,-66000,-66000
055217,緯創凱基97購02  ,0,0,0,0,0,0,0,0,0,-66000,0,0,0,20000,86000,-66000,-66000
056911,緯穎元大99購01  ,0,0,0,0,0,0,0,0,0,-66000,0,0,0,2000,68000,-66000,-66000
059439,健策元大9B購01  ,0,0,0,0,0,0,0,0,0,-66000,0,0,0,61000,127000,-66000,-66000
057024,義隆凱基99購01  ,0,0,0,0,0,0,0,0,0,-66000,0,0,0,2000,68000,-66000,-66000
058359,瑞昱凱基99購01  ,0,0,0,0,0,0,0,0,0,-66000,0,0,0,10000,76000,-66000,-66000
060412,儒鴻永豐9A購01  ,0,0,0,0,0,0,0,0,0,-67000,0,0,0,169000,236000,-67000,-67000
060596,元黃金凱基9A購02,0,0,0,0,0,0,0,0,0,-67000,0,0,0,359000,426000,-67000,-67000
07071P,立積元富99售01  ,0,0,0,0,0,0,0,0,0,-67000,0,0,0,4000,71000,-67000,-67000
07134P,臺股指元大9A售28,0,0,0,0,0,0,0,0,0,-67000,0,0,0,38000,105000,-67000,-67000
1312,國喬            ,568000,673000,-105000,0,0,0,0,0,0,38000,38000,0,38000,0,0,0,-67000
2107,厚生            ,102000,174000,-72000,0,0,0,0,0,0,5000,5000,0,5000,0,0,0,-67000
053984,康友元大96購05  ,0,0,0,0,0,0,0,0,0,-67000,0,0,0,33000,100000,-67000,-67000
057351,奇力新統一98購02,0,0,0,0,0,0,0,0,0,-67000,0,0,0,0,67000,-67000,-67000
053127,貿聯凱基97購01  ,0,0,0,0,0,0,0,0,0,-67000,0,0,0,0,67000,-67000,-67000
057672,茂林元大98購02  ,0,0,0,0,0,0,0,0,0,-67000,0,0,0,0,67000,-67000,-67000
052738,聯電元大98購02  ,30000,0,30000,0,0,0,0,0,0,-97000,0,0,0,218000,315000,-97000,-67000
058648,聯陽永豐99購01  ,0,0,0,0,0,0,0,0,0,-67000,0,0,0,0,67000,-67000,-67000
058924,晶相光元富99購02,0,0,0,0,0,0,0,0,0,-67000,0,0,0,2000,69000,-67000,-67000
055726,台表科元大98購03,0,0,0,0,0,0,0,0,0,-67000,0,0,0,107000,174000,-67000,-67000
055710,亞德客元大97購03,0,0,0,0,0,0,0,0,0,-67000,0,0,0,13000,80000,-67000,-67000
060335,明泰康和9A購01  ,0,0,0,0,0,0,0,0,0,-68000,0,0,0,12000,80000,-68000,-68000
059990,健策元大9A購01  ,0,0,0,0,0,0,0,0,0,-68000,0,0,0,104000,172000,-68000,-68000
059974,臺指反元大9C購05,0,0,0,0,0,0,0,0,0,-68000,0,0,0,12000,80000,-68000,-68000
057777,可成群益9A購03  ,0,0,0,0,0,0,0,0,0,-68000,0,0,0,0,68000,-68000,-68000
059348,日月光凱基99購01,0,0,0,0,0,0,0,0,0,-68000,0,0,0,9000,77000,-68000,-68000
058645,康控富邦01購01  ,0,0,0,0,0,0,0,0,0,-68000,0,0,0,44000,112000,-68000,-68000
056160,智易凱基97購03  ,0,0,0,0,0,0,0,0,0,-68000,0,0,0,15000,83000,-68000,-68000
060017,全新康和99購01  ,0,0,0,0,0,0,0,0,0,-69000,0,0,0,0,69000,-69000,-69000
060417,正隆永豐9A購01  ,0,0,0,0,0,0,0,0,0,-69000,0,0,0,0,69000,-69000,-69000
060419,漢翔永豐9A購01  ,0,0,0,0,0,0,0,0,0,-69000,0,0,0,0,69000,-69000,-69000
060505,友達元大9C購05  ,0,0,0,0,0,0,0,0,0,-69000,0,0,0,0,69000,-69000,-69000
060512,祥碩元大9A購02  ,0,0,0,0,0,0,0,0,0,-69000,0,0,0,18000,87000,-69000,-69000
060717,康控永豐9A購01  ,0,0,0,0,0,0,0,0,0,-69000,0,0,0,7000,76000,-69000,-69000
2472,立隆電          ,204000,318000,-114000,0,0,0,0,0,0,45000,45000,0,45000,0,0,0,-69000
057504,技嘉麥證98購01  ,0,0,0,140000,228000,-88000,0,0,0,-69000,0,0,0,159000,228000,-69000,-69000
052864,奇力新凱基96購02,0,0,0,0,0,0,0,0,0,-69000,0,0,0,0,69000,-69000,-69000
054399,智易永豐96購03  ,0,0,0,0,0,0,0,0,0,-69000,0,0,0,1000,70000,-69000,-69000
047024,奇力新元大95購01,0,0,0,0,0,0,0,0,0,-69000,0,0,0,0,69000,-69000,-69000
058318,致茂永豐9A購01  ,0,0,0,0,0,0,0,0,0,-69000,0,0,0,0,69000,-69000,-69000
058513,宏達電元大99購05,0,0,0,0,0,0,0,0,0,-69000,0,0,0,5000,74000,-69000,-69000
058034,神達永豐98購02  ,0,0,0,0,0,0,0,0,0,-69000,0,0,0,0,69000,-69000,-69000
2801,彰銀            ,6232100,2966420,3265680,0,0,0,18000,0,18000,-3353000,23000,478000,-455000,521000,3419000,-2898000,-69320
060385,台勝科凱基9A購01,0,0,0,0,0,0,0,0,0,-70000,0,0,0,95000,165000,-70000,-70000
060184,建準元富9A購01  ,0,0,0,0,0,0,0,0,0,-70000,0,0,0,176000,246000,-70000,-70000
060316,福懋科永豐9A購01,0,0,0,0,0,0,0,0,0,-70000,0,0,0,12000,82000,-70000,-70000
059940,微星永豐99購01  ,0,0,0,0,0,0,0,0,0,-70000,0,0,0,10000,80000,-70000,-70000
059511,宏達電永豐99購02,0,0,0,0,0,0,0,0,0,-70000,0,0,0,12000,82000,-70000,-70000
051891,智邦元富95購04  ,0,0,0,0,0,0,0,0,0,-70000,0,0,0,0,70000,-70000,-70000
051552,牧德永豐95購03  ,0,0,0,0,0,0,0,0,0,-70000,0,0,0,30000,100000,-70000,-70000
050575,南亞科國票94購01,0,0,0,0,0,0,0,0,0,-70000,0,0,0,10000,80000,-70000,-70000
055652,聯詠元富01購01  ,0,0,0,0,0,0,0,0,0,-70000,0,0,0,0,70000,-70000,-70000
058268,泰碩永豐9A購01  ,0,0,0,0,0,0,0,0,0,-70000,0,0,0,20000,90000,-70000,-70000
058175,旺宏凱基99購03  ,0,0,0,0,0,0,0,0,0,-70000,0,0,0,0,70000,-70000,-70000
056050,晶技國票98購01  ,0,0,0,0,0,0,0,0,0,-70000,0,0,0,47000,117000,-70000,-70000
055935,創意群益97購02  ,0,0,0,0,0,0,0,0,0,-70000,0,0,0,0,70000,-70000,-70000
059292,華新科元富9B購02,0,0,0,0,0,0,0,0,0,-70000,0,0,0,0,70000,-70000,-70000
056607,貿聯富邦99購02  ,0,0,0,0,0,0,0,0,0,-70000,0,0,0,0,70000,-70000,-70000
060151,旺宏富邦9A購02  ,0,0,0,0,0,0,0,0,0,-71000,0,0,0,73000,144000,-71000,-71000
060428,瑞祺永豐9A購01  ,0,0,0,0,0,0,0,0,0,-71000,0,0,0,0,71000,-71000,-71000
060481,巨大元大9A購01  ,0,0,0,0,0,0,0,0,0,-71000,0,0,0,0,71000,-71000,-71000
07382P,台積電群益9B售01,0,0,0,0,0,0,0,0,0,-71000,0,0,0,39000,110000,-71000,-71000
048707,南電國票95購01  ,0,0,0,0,0,0,0,0,0,-71000,0,0,0,38000,109000,-71000,-71000
058774,台郡兆豐9A購01  ,0,0,0,0,0,0,0,0,0,-71000,0,0,0,68000,139000,-71000,-71000
058203,信邦凱基99購01  ,0,0,0,0,0,0,0,0,0,-71000,0,0,0,26000,97000,-71000,-71000
055073,易華電永豐97購01,0,0,0,0,0,0,0,0,0,-71000,0,0,0,0,71000,-71000,-71000
06496P,台灣50日盛98售01,0,0,0,0,0,0,0,0,0,-72000,0,0,0,0,72000,-72000,-72000
059857,台灣50群益99購06,0,0,0,0,0,0,0,0,0,-72000,0,0,0,26000,98000,-72000,-72000
051653,南電永豐95購02  ,0,0,0,0,0,0,0,0,0,-72000,0,0,0,54000,126000,-72000,-72000
054826,復盛元大9A購01  ,0,0,0,0,0,0,0,0,0,-72000,0,0,0,43000,115000,-72000,-72000
054909,福懋科康和97購01,0,0,0,0,0,0,0,0,0,-72000,0,0,0,0,72000,-72000,-72000
053727,麗豐凱基97購01  ,0,0,0,0,0,0,0,0,0,-72000,0,0,0,11000,83000,-72000,-72000
052390,聯詠群益95購03  ,0,0,0,0,0,0,0,0,0,-72000,0,0,0,0,72000,-72000,-72000
057539,南茂元大98購02  ,0,0,0,0,0,0,0,0,0,-72000,0,0,0,69000,141000,-72000,-72000
057149,京鼎國票99購02  ,0,0,0,0,0,0,0,0,0,-72000,0,0,0,3000,75000,-72000,-72000
058704,台積電元大99購17,0,0,0,0,0,0,0,0,0,-72000,0,0,0,3000,75000,-72000,-72000
056287,亞光永豐97購02  ,0,0,0,0,0,0,0,0,0,-72000,0,0,0,49000,121000,-72000,-72000
056561,台光電群益98購02,0,0,0,0,0,0,0,0,0,-72000,0,0,0,37000,109000,-72000,-72000
060113,祥碩元大9B購01  ,0,0,0,0,0,0,0,0,0,-73000,0,0,0,145000,218000,-73000,-73000
056626,同欣電永豐98購01,0,0,0,0,0,0,0,0,0,-73000,0,0,0,6000,79000,-73000,-73000
059286,S&P正2元富01購03,0,0,0,0,0,0,0,0,0,-73000,0,0,0,13000,86000,-73000,-73000
056065,奇鋐元大97購01  ,0,0,0,0,0,0,0,0,0,-73000,0,0,0,28000,101000,-73000,-73000
9946,三發地產        ,37000,110000,-73000,0,0,0,0,0,0,0,0,0,0,0,0,0,-73000
059861,聯發科群益9A購01,0,0,0,0,0,0,0,0,0,-74000,0,0,0,6000,80000,-74000,-74000
059513,揚明光永豐99購01,0,0,0,0,0,0,0,0,0,-74000,0,0,0,7000,81000,-74000,-74000
060553,祥碩凱基9A購01  ,0,0,0,0,0,0,0,0,0,-74000,0,0,0,156000,230000,-74000,-74000
06456P,聯發科統一98售03,0,0,0,0,0,0,0,0,0,-74000,0,0,0,4000,78000,-74000,-74000
2485,兆赫            ,112000,223000,-111000,0,0,0,0,0,0,37000,46000,4000,42000,0,5000,-5000,-74000
053062,緯穎富邦97購01  ,0,0,0,0,0,0,0,0,0,-74000,0,0,0,49000,123000,-74000,-74000
054747,麗豐凱基98購01  ,0,0,0,0,0,0,0,0,0,-74000,0,0,0,0,74000,-74000,-74000
051292,牧德統一97購01  ,0,0,0,0,0,0,0,0,0,-74000,0,0,0,0,74000,-74000,-74000
04628P,欣興元大95售01  ,0,0,0,0,0,0,0,0,0,-74000,0,0,0,65000,139000,-74000,-74000
056084,漢唐統一97購03  ,0,0,0,0,0,0,0,0,0,-74000,0,0,0,34000,108000,-74000,-74000
057631,康控永豐98購02  ,0,0,0,0,0,0,0,0,0,-74000,0,0,0,4000,78000,-74000,-74000
058626,瑞昱國票9A購01  ,0,0,0,0,0,0,0,0,0,-74000,0,0,0,31000,105000,-74000,-74000
058863,可成凱基99購02  ,0,0,0,0,0,0,0,0,0,-74000,0,0,0,0,74000,-74000,-74000
9934,成霖            ,42000,117000,-75000,0,0,0,0,0,0,1000,1000,0,1000,0,0,0,-74000
060761,南亞科元大9A購05,0,0,0,0,0,0,0,0,0,-75000,0,0,0,0,75000,-75000,-75000
060166,佐登永豐9A購01  ,0,0,0,0,0,0,0,0,0,-75000,0,0,0,0,75000,-75000,-75000
059875,信邦凱基99購02  ,0,0,0,0,0,0,0,0,0,-75000,0,0,0,38000,113000,-75000,-75000
053524,聯電中信97購02  ,0,0,0,0,0,0,0,0,0,-75000,0,0,0,0,75000,-75000,-75000
053304,可成凱基96購03  ,0,0,0,0,0,0,0,0,0,-75000,0,0,0,0,75000,-75000,-75000
057665,技嘉元大99購01  ,0,0,0,0,0,0,0,0,0,-75000,0,0,0,2000,77000,-75000,-75000
053950,緯穎富邦97購02  ,0,0,0,0,0,0,0,0,0,-75000,0,0,0,38000,113000,-75000,-75000
053728,茂林凱基97購01  ,0,0,0,0,0,0,0,0,0,-75000,0,0,0,1000,76000,-75000,-75000
058763,和碩群益99購01  ,0,0,0,0,0,0,0,0,0,-75000,0,0,0,16000,91000,-75000,-75000
059362,健策永豐99購03  ,0,0,0,0,0,0,0,0,0,-75000,0,0,0,115000,190000,-75000,-75000
056599,臻鼎元富98購01  ,0,0,0,0,0,0,0,0,0,-75000,0,0,0,560000,635000,-75000,-75000
056763,國巨元大99購02  ,0,0,0,0,0,0,0,0,0,-75000,0,0,0,30000,105000,-75000,-75000
060107,旭富元大99購03  ,0,0,0,0,0,0,0,0,0,-76000,0,0,0,38000,114000,-76000,-76000
07466P,亞德客元大9A售02,0,0,0,0,0,0,0,0,0,-76000,0,0,0,7000,83000,-76000,-76000
07258P,台灣50台新9A售01,0,0,0,0,0,0,0,0,0,-76000,0,0,0,0,76000,-76000,-76000
052200,台光電統一95購02,0,0,0,0,0,0,0,0,0,-76000,0,0,0,30000,106000,-76000,-76000
054180,亞泥康和96購01  ,0,0,0,0,0,0,0,0,0,-76000,0,0,0,68000,144000,-76000,-76000
044105,聯詠中信95購01  ,0,0,0,0,0,0,0,0,0,-76000,0,0,0,0,76000,-76000,-76000
048873,玉晶光國票95購02,0,0,0,0,0,0,0,0,0,-76000,0,0,0,5000,81000,-76000,-76000
058132,義隆元大99購03  ,0,0,0,0,0,0,0,0,0,-76000,0,0,0,207000,283000,-76000,-76000
07361P,聯發科元大99售34,0,0,0,0,0,0,0,0,0,-77000,0,0,0,10000,87000,-77000,-77000
06852P,臺股指元大98售11,0,0,0,0,0,0,0,0,0,-77000,0,0,0,937000,1014000,-77000,-77000
060103,聯詠元大99購01  ,0,0,0,0,0,0,0,0,0,-77000,0,0,0,16000,93000,-77000,-77000
051785,臻鼎兆豐96購01  ,0,0,0,0,0,0,0,0,0,-77000,0,0,0,55000,132000,-77000,-77000
050881,大立光元富95購04,0,0,0,0,0,0,0,0,0,-77000,0,0,0,0,77000,-77000,-77000
054300,華通凱基96購07  ,0,0,0,0,0,0,0,0,0,-77000,0,0,0,0,77000,-77000,-77000
054017,茂林永豐96購02  ,0,0,0,0,0,0,0,0,0,-77000,0,0,0,12000,89000,-77000,-77000
057260,微星兆豐98購01  ,0,0,0,0,0,0,0,0,0,-77000,0,0,0,3000,80000,-77000,-77000
058521,日月光元大99購01,0,0,0,0,0,0,0,0,0,-77000,0,0,0,60000,137000,-77000,-77000
059581,日月光元富99購02,0,0,0,0,0,0,0,0,0,-78000,0,0,0,380000,458000,-78000,-78000
060402,神隆國泰9B購01  ,1000,0,1000,0,0,0,0,0,0,-79000,0,0,0,365000,444000,-79000,-78000
07039P,南電台新99售01  ,0,0,0,0,0,0,0,0,0,-78000,0,0,0,35000,113000,-78000,-78000
2030,彰源            ,142000,220000,-78000,0,0,0,0,0,0,0,0,0,0,0,0,0,-78000
052406,力成凱基95購03  ,0,0,0,0,0,0,0,0,0,-78000,0,0,0,5000,83000,-78000,-78000
052489,義隆國票96購02  ,0,0,0,0,0,0,0,0,0,-78000,0,0,0,0,78000,-78000,-78000
057071,華擎永豐98購02  ,0,0,0,0,0,0,0,0,0,-78000,0,0,0,273000,351000,-78000,-78000
057607,旺宏台新98購02  ,0,0,0,0,0,0,0,0,0,-78000,0,0,0,0,78000,-78000,-78000
055437,禾伸堂中信99購01,0,0,0,0,0,0,0,0,0,-78000,0,0,0,0,78000,-78000,-78000
059452,全新永豐99購03  ,0,0,0,0,0,0,0,0,0,-78000,0,0,0,29000,107000,-78000,-78000
056454,欣興凱基98購02  ,0,0,0,0,0,0,0,0,0,-78000,0,0,0,7000,85000,-78000,-78000
058875,台表科國票9A購02,0,0,0,0,0,0,0,0,0,-78000,0,0,0,1000,79000,-78000,-78000
9955,佳龍            ,55000,133000,-78000,0,0,0,0,0,0,0,0,0,0,0,0,0,-78000
9943,好樂迪          ,39000,117000,-78000,0,0,0,0,0,0,0,0,0,0,0,0,0,-78000
3588,通嘉            ,15000,93000,-78000,0,0,0,0,0,0,0,0,0,0,0,0,0,-78000
06763P,技嘉元大98售05  ,0,0,0,0,0,0,0,0,0,-79000,0,0,0,49000,128000,-79000,-79000
060350,元黃金元富9B購01,0,0,0,0,0,0,0,0,0,-79000,0,0,0,40000,119000,-79000,-79000
060409,味全永豐9A購01  ,0,0,0,0,0,0,0,0,0,-79000,0,0,0,12000,91000,-79000,-79000
060305,得力永豐9A購01  ,0,0,0,0,0,0,0,0,0,-79000,0,0,0,0,79000,-79000,-79000
060009,南亞科群益99購03,0,0,0,0,0,0,0,0,0,-79000,0,0,0,11000,90000,-79000,-79000
060034,立積永豐99購04  ,0,0,0,0,0,0,0,0,0,-79000,0,0,0,148000,227000,-79000,-79000
052816,上銀永豐96購01  ,0,0,0,0,0,0,0,0,0,-79000,0,0,0,47000,126000,-79000,-79000
048350,世紀鋼元大95購01,0,0,0,0,0,0,0,0,0,-79000,0,0,0,50000,129000,-79000,-79000
047688,亞德客富邦95購01,0,0,0,0,0,0,0,0,0,-79000,0,0,0,0,79000,-79000,-79000
059116,晶豪科永豐99購01,0,0,0,0,0,0,0,0,0,-79000,0,0,0,1000,80000,-79000,-79000
059274,國巨元大99購22  ,0,0,0,0,0,0,0,0,0,-79000,0,0,0,117000,196000,-79000,-79000
057203,麗豐元富98購02  ,0,0,0,0,0,0,0,0,0,-79000,0,0,0,0,79000,-79000,-79000
058570,臻鼎凱基9A購01  ,0,0,0,0,0,0,0,0,0,-79000,0,0,0,24000,103000,-79000,-79000
059956,玉山金康和99購01,0,0,0,0,0,0,0,0,0,-80000,0,0,0,75000,155000,-80000,-80000
059822,聯發科凱基99購19,0,0,0,0,0,0,0,0,0,-80000,0,0,0,336000,416000,-80000,-80000
059814,SP黃豆凱基9A購02,0,0,0,0,0,0,0,0,0,-80000,0,0,0,30000,110000,-80000,-80000
060323,華通群益9C購01  ,0,0,0,0,0,0,0,0,0,-80000,0,0,0,106000,186000,-80000,-80000
060696,道瓊反國泰9C購01,0,0,0,0,0,0,0,0,0,-80000,0,0,0,20000,100000,-80000,-80000
060635,義隆永豐9A購01  ,0,0,0,0,0,0,0,0,0,-80000,0,0,0,25000,105000,-80000,-80000
06720P,智邦亞東99售01  ,0,0,0,0,0,0,0,0,0,-80000,0,0,0,0,80000,-80000,-80000
051026,健策統一96購01  ,0,0,0,0,0,0,0,0,0,-80000,0,0,0,78000,158000,-80000,-80000
050940,嘉澤國票95購01  ,0,0,0,0,0,0,0,0,0,-80000,0,0,0,0,80000,-80000,-80000
052872,智易凱基96購01  ,0,0,0,0,0,0,0,0,0,-80000,0,0,0,0,80000,-80000,-80000
053006,玉晶光永豐96購03,0,0,0,0,0,0,0,0,0,-80000,0,0,0,72000,152000,-80000,-80000
057462,光磊永豐98購02  ,0,0,0,0,0,0,0,0,0,-80000,0,0,0,79000,159000,-80000,-80000
054298,台表科元大97購03,0,0,0,0,0,0,0,0,0,-80000,0,0,0,290000,370000,-80000,-80000
054609,正崴永豐97購01  ,0,0,0,0,0,0,0,0,0,-80000,0,0,0,0,80000,-80000,-80000
053599,崇越元大96購01  ,0,0,0,0,0,0,0,0,0,-80000,0,0,0,20000,100000,-80000,-80000
055058,大毅永豐97購01  ,0,0,0,0,0,0,0,0,0,-80000,0,0,0,64000,144000,-80000,-80000
057066,緯穎富邦99購01  ,0,0,0,0,0,0,0,0,0,-80000,0,0,0,0,80000,-80000,-80000
059073,元油2X元大9C購14,0,0,0,0,0,0,0,0,0,-80000,0,0,0,250000,330000,-80000,-80000
056289,合勤控永豐97購01,0,0,0,0,0,0,0,0,0,-80000,0,0,0,0,80000,-80000,-80000
8404,百和興業-KY     ,99000,179000,-80000,0,0,0,0,0,0,0,0,0,0,0,0,0,-80000
06934P,聯鈞元大98售03  ,0,0,0,0,0,0,0,0,0,-81000,0,0,0,10000,91000,-81000,-81000
054045,奇力新元大97購03,0,0,0,0,0,0,0,0,0,-81000,0,0,0,71000,152000,-81000,-81000
052239,泰鼎國票97購01  ,0,0,0,0,0,0,0,0,0,-81000,0,0,0,0,81000,-81000,-81000
059854,台表科永豐99購03,0,0,0,0,0,0,0,0,0,-82000,0,0,0,84000,166000,-82000,-82000
059660,華新科元大9A購04,0,0,0,0,0,0,0,0,0,-82000,0,0,0,50000,132000,-82000,-82000
052237,嘉澤國票96購02  ,0,0,0,0,0,0,0,0,0,-82000,0,0,0,67000,149000,-82000,-82000
053804,富邦金凱基96購01,0,0,0,0,0,0,0,0,0,-82000,0,0,0,41000,123000,-82000,-82000
054899,南港康和97購01  ,0,0,0,0,0,0,0,0,0,-82000,0,0,0,0,82000,-82000,-82000
051540,力成國票95購01  ,0,0,0,0,0,0,0,0,0,-82000,0,0,0,46000,128000,-82000,-82000
056366,玉晶光元大99購04,0,0,0,0,0,0,0,0,0,-82000,0,0,0,14000,96000,-82000,-82000
058864,欣興凱基99購04  ,0,0,0,0,0,0,0,0,0,-82000,0,0,0,0,82000,-82000,-82000
058143,瑞儀元大99購02  ,0,0,0,0,0,0,0,0,0,-82000,0,0,0,37000,119000,-82000,-82000
058145,聯茂元大99購03  ,0,0,0,0,0,0,0,0,0,-82000,0,0,0,69000,151000,-82000,-82000
056097,訊芯元富97購02  ,0,0,0,0,0,0,0,0,0,-82000,0,0,0,0,82000,-82000,-82000
060266,潤泰全國票9A購01,0,0,0,0,0,0,0,0,0,-83000,0,0,0,0,83000,-83000,-83000
060452,儒鴻元大9A購01  ,0,0,0,0,0,0,0,0,0,-83000,0,0,0,118000,201000,-83000,-83000
07458P,長榮航元大9A售01,0,0,0,0,0,0,0,0,0,-83000,0,0,0,10000,93000,-83000,-83000
053867,創意元大96購04  ,0,0,0,0,0,0,0,0,0,-83000,0,0,0,130000,213000,-83000,-83000
053742,創意國票97購01  ,0,0,0,0,0,0,0,0,0,-83000,0,0,0,7000,90000,-83000,-83000
058766,力山兆豐99購01  ,0,0,0,0,0,0,0,0,0,-83000,0,0,0,80000,163000,-83000,-83000
059461,鈺齊永豐99購03  ,0,0,0,0,0,0,0,0,0,-83000,0,0,0,1000,84000,-83000,-83000
056578,智易元大99購02  ,0,0,0,0,0,0,0,0,0,-83000,0,0,0,39000,122000,-83000,-83000
059889,華新科國票99購04,0,0,0,0,0,0,0,0,0,-84000,0,0,0,5000,89000,-84000,-84000
052234,GIS凱基97購01   ,0,0,0,0,0,0,0,0,0,-84000,0,0,0,223000,307000,-84000,-84000
057537,聯茂元大98購04  ,0,0,0,0,0,0,0,0,0,-84000,0,0,0,0,84000,-84000,-84000
053506,南茂兆豐97購01  ,0,0,0,0,0,0,0,0,0,-84000,0,0,0,0,84000,-84000,-84000
047673,瑞昱元富96購01  ,0,0,0,0,0,0,0,0,0,-84000,0,0,0,281000,365000,-84000,-84000
058093,神達元大9A購01  ,0,0,0,0,0,0,0,0,0,-84000,0,0,0,62000,146000,-84000,-84000
059570,全新凱基99購04  ,0,0,0,0,0,0,0,0,0,-85000,0,0,0,20000,105000,-85000,-85000
07226P,貿聯富邦9B售01  ,0,0,0,0,0,0,0,0,0,-85000,0,0,0,15000,100000,-85000,-85000
048382,T50反1國票96購01,0,0,0,0,0,0,0,0,0,-85000,0,0,0,0,85000,-85000,-85000
050047,奇鋐國票95購01  ,0,0,0,0,0,0,0,0,0,-85000,0,0,0,0,85000,-85000,-85000
058403,玉晶光元大99購12,0,0,0,0,0,0,0,0,0,-85000,0,0,0,154000,239000,-85000,-85000
058136,景碩元大99購02  ,0,0,0,0,0,0,0,0,0,-85000,0,0,0,107000,192000,-85000,-85000
056762,亞德客元大98購01,0,0,0,0,0,0,0,0,0,-85000,0,0,0,47000,132000,-85000,-85000
059135,臺股指群益99購10,0,0,0,0,0,0,0,0,0,-85000,0,0,0,23000,108000,-85000,-85000
058981,國巨凱基99購10  ,0,0,0,0,0,0,0,0,0,-85000,0,0,0,28000,113000,-85000,-85000
3380,明泰            ,1643000,1618000,25000,0,0,0,0,0,0,-110000,57000,314000,-257000,206000,59000,147000,-85000
059916,聯發科元大99購33,0,0,0,0,0,0,0,0,0,-86000,0,0,0,54000,140000,-86000,-86000
060112,祥碩元大99購04  ,0,0,0,0,0,0,0,0,0,-86000,0,0,0,143000,229000,-86000,-86000
04023P,臺股指元富99售02,0,0,0,0,0,0,0,0,0,-86000,0,0,0,0,86000,-86000,-86000
051818,國巨統一95購02  ,0,0,0,0,0,0,0,0,0,-86000,0,0,0,26000,112000,-86000,-86000
059069,臺指反元大9C購01,0,0,0,0,0,0,0,0,0,-86000,0,0,0,29000,115000,-86000,-86000
058683,可成凱基9A購01  ,0,0,0,0,0,0,0,0,0,-86000,0,0,0,45000,131000,-86000,-86000
057216,聯發科群益99購01,0,0,0,0,0,0,0,0,0,-86000,0,0,0,16000,102000,-86000,-86000
058363,全新凱基9A購02  ,0,0,0,0,0,0,0,0,0,-86000,0,0,0,0,86000,-86000,-86000
6655,科定            ,33000,1000,32000,0,0,0,0,0,0,-118000,0,118000,-118000,0,0,0,-86000
059862,全新群益99購04  ,0,0,0,0,0,0,0,0,0,-87000,0,0,0,112000,199000,-87000,-87000
060329,鎧勝群益9B購01  ,0,0,0,0,0,0,0,0,0,-87000,0,0,0,75000,162000,-87000,-87000
060302,台積電富邦02購01,0,0,0,0,0,0,0,0,0,-87000,0,0,0,9000,96000,-87000,-87000
07241P,台灣50國票9A售05,0,0,0,0,0,0,0,0,0,-87000,0,0,0,247000,334000,-87000,-87000
2881A,富邦特          ,3000,18000,-15000,0,0,0,0,0,0,-72000,0,72000,-72000,0,0,0,-87000
051677,達方元大95購01  ,0,0,0,0,0,0,0,0,0,-87000,0,0,0,0,87000,-87000,-87000
057324,億光群益98購01  ,0,0,0,0,0,0,0,0,0,-87000,0,0,0,99000,186000,-87000,-87000
059386,上銀凱基99購07  ,0,0,0,0,0,0,0,0,0,-87000,0,0,0,10000,97000,-87000,-87000
060307,南港永豐9A購01  ,0,0,0,0,0,0,0,0,0,-88000,0,0,0,26000,114000,-88000,-88000
060557,南電凱基9A購02  ,0,0,0,0,0,0,0,0,0,-88000,0,0,0,163000,251000,-88000,-88000
060104,新日興元大99購03,0,0,0,0,0,0,0,0,0,-88000,0,0,0,27000,115000,-88000,-88000
059624,鴻海凱基01購01  ,0,0,0,0,0,0,0,0,0,-88000,0,0,0,48000,136000,-88000,-88000
052703,貿聯國票97購01  ,0,0,0,0,0,0,0,0,0,-88000,0,0,0,0,88000,-88000,-88000
053216,京鼎凱基96購02  ,0,0,0,0,0,0,0,0,0,-88000,0,0,0,10000,98000,-88000,-88000
059197,可成永豐99購02  ,0,0,0,0,0,0,0,0,0,-88000,0,0,0,23000,111000,-88000,-88000
058647,華新科永豐99購03,0,0,0,0,0,0,0,0,0,-88000,0,0,0,10000,98000,-88000,-88000
057896,嘉晶元富98購01  ,0,0,0,0,0,0,0,0,0,-88000,0,0,0,50000,138000,-88000,-88000
059960,健策國票99購01  ,9000,0,9000,0,0,0,0,0,0,-98000,0,0,0,133000,231000,-98000,-89000
2723,美食-KY         ,170000,219000,-49000,0,0,0,0,0,0,-40000,0,40000,-40000,0,0,0,-89000
07059P,華通國票9A售02  ,0,0,0,0,0,0,0,0,0,-89000,0,0,0,112000,201000,-89000,-89000
057316,國巨凱基99購04  ,0,0,0,0,0,0,0,0,0,-89000,0,0,0,0,89000,-89000,-89000
056230,可成凱基98購03  ,0,0,0,0,0,0,0,0,0,-89000,0,0,0,1000,90000,-89000,-89000
055230,大毅國票98購01  ,0,0,0,0,0,0,0,0,0,-89000,0,0,0,59000,148000,-89000,-89000
4956,光鋐            ,60000,149000,-89000,0,0,0,0,0,0,0,0,0,0,0,0,0,-89000
07327P,台灣50群益9A售06,0,0,0,0,0,0,0,0,0,-90000,0,0,0,30000,120000,-90000,-90000
2501,國建            ,257000,347000,-90000,0,0,0,0,0,0,0,0,0,0,0,0,0,-90000
059959,訊芯康和99購01  ,0,0,0,0,0,0,0,0,0,-90000,0,0,0,29000,119000,-90000,-90000
059965,鴻海凱基99購16  ,0,0,0,0,0,0,0,0,0,-90000,0,0,0,10000,100000,-90000,-90000
060091,技嘉元大99購03  ,0,1000,-1000,0,0,0,0,0,0,-89000,0,0,0,6000,95000,-89000,-90000
060542,上銀凱基9A購04  ,0,0,0,0,0,0,0,0,0,-90000,0,0,0,0,90000,-90000,-90000
060526,台積電中信9A購02,0,0,0,0,0,0,0,0,0,-90000,0,0,0,12000,102000,-90000,-90000
060620,玉晶光元大9A購04,0,0,0,0,0,0,0,0,0,-90000,0,0,0,3000,93000,-90000,-90000
060740,T50反1台新9C購02,0,0,0,0,0,0,0,0,0,-90000,0,0,0,0,90000,-90000,-90000
060161,牧德永豐9A購02  ,0,0,0,0,0,0,0,0,0,-90000,0,0,0,69000,159000,-90000,-90000
06042P,華新科永豐96售04,0,0,0,0,0,0,0,0,0,-90000,0,0,0,0,90000,-90000,-90000
057780,台郡群益98購02  ,0,0,0,0,0,0,0,0,0,-90000,0,0,0,52000,142000,-90000,-90000
052842,滬深2X統一96購01,0,0,0,0,0,0,0,0,0,-90000,0,0,0,0,90000,-90000,-90000
053725,晶相光凱基96購01,0,0,0,0,0,0,0,0,0,-90000,0,0,0,10000,100000,-90000,-90000
052304,可成永豐95購03  ,0,0,0,0,0,0,0,0,0,-90000,0,0,0,0,90000,-90000,-90000
055052,凱美永豐97購01  ,0,0,0,0,0,0,0,0,0,-90000,0,0,0,10000,100000,-90000,-90000
054530,台光電國泰97購03,0,0,0,0,0,0,0,0,0,-90000,0,0,0,77000,167000,-90000,-90000
056558,台達電群益98購01,0,0,0,0,0,0,0,0,0,-90000,0,0,0,0,90000,-90000,-90000
056598,京元電元富98購01,0,0,0,0,0,0,0,0,0,-90000,0,0,0,0,90000,-90000,-90000
055691,訊芯凱基97購02  ,0,0,0,0,0,0,0,0,0,-90000,0,0,0,0,90000,-90000,-90000
055358,臻鼎凱基97購01  ,0,0,0,0,0,0,0,0,0,-90000,0,0,0,0,90000,-90000,-90000
059146,貿聯國票9A購02  ,0,0,0,0,0,0,0,0,0,-90000,0,0,0,13000,103000,-90000,-90000
059291,華新科元富9B購01,0,0,0,0,0,0,0,0,0,-90000,0,0,0,40000,130000,-90000,-90000
058070,華新科凱基98購07,0,0,0,0,0,0,0,0,0,-90000,0,0,0,10000,100000,-90000,-90000
055175,建準統一97購01  ,0,0,0,0,0,0,0,0,0,-90000,0,0,0,64000,154000,-90000,-90000
057904,矽力永豐98購01  ,0,0,0,0,0,0,0,0,0,-90000,0,0,0,38000,128000,-90000,-90000
057914,日月光日盛9A購01,0,0,0,0,0,0,0,0,0,-90000,0,0,0,100000,190000,-90000,-90000
058616,台虹元大9A購01  ,0,0,0,0,0,0,0,0,0,-90000,0,0,0,12000,102000,-90000,-90000
058481,玉晶光凱基9A購04,0,0,0,0,0,0,0,0,0,-90000,0,0,0,16000,106000,-90000,-90000
060483,友達富邦9A購01  ,0,0,0,0,0,0,0,0,0,-91000,0,0,0,26000,117000,-91000,-91000
053558,訊芯凱基96購02  ,0,0,0,0,0,0,0,0,0,-91000,0,0,0,0,91000,-91000,-91000
057383,玉晶光富邦9A購01,0,0,0,0,0,0,0,0,0,-91000,0,0,0,21000,112000,-91000,-91000
050481,泰鼎國票96購01  ,0,0,0,0,0,0,0,0,0,-91000,0,0,0,0,91000,-91000,-91000
051808,美律凱基96購02  ,0,0,0,0,0,0,0,0,0,-91000,0,0,0,0,91000,-91000,-91000
055170,光磊統一97購01  ,0,0,0,0,0,0,0,0,0,-91000,0,0,0,0,91000,-91000,-91000
057134,茂林凱基98購02  ,0,0,0,0,0,0,0,0,0,-91000,0,0,0,0,91000,-91000,-91000
055813,聯發科國票98購04,0,0,0,0,0,0,0,0,0,-91000,0,0,0,35000,126000,-91000,-91000
056668,光磊國票99購01  ,0,0,0,0,0,0,0,0,0,-91000,0,0,0,46000,137000,-91000,-91000
00752,中信中國50      ,0,0,0,0,0,0,0,0,0,-91522,0,0,0,468000,559522,-91522,-91522
060473,中租元大9A購03  ,0,0,0,0,0,0,0,0,0,-92000,0,0,0,5000,97000,-92000,-92000
060309,佳世達永豐9A購01,0,0,0,0,0,0,0,0,0,-92000,0,0,0,0,92000,-92000,-92000
060326,群光群益9A購01  ,0,0,0,0,0,0,0,0,0,-92000,0,0,0,1000,93000,-92000,-92000
060752,上銀元大9A購04  ,0,0,0,0,0,0,0,0,0,-92000,0,0,0,0,92000,-92000,-92000
059949,啟碁永豐99購01  ,0,0,0,0,0,0,0,0,0,-92000,0,0,0,5000,97000,-92000,-92000
057121,立積康和98購01  ,0,0,0,0,0,0,0,0,0,-92000,0,0,0,41000,133000,-92000,-92000
056960,光罩永豐98購01  ,0,0,0,0,0,0,0,0,0,-92000,0,0,0,0,92000,-92000,-92000
056241,緯創群益97購01  ,0,0,0,0,0,0,0,0,0,-92000,0,0,0,6000,98000,-92000,-92000
060102,禾伸堂元大99購06,0,0,0,0,0,0,0,0,0,-93000,0,0,0,27000,120000,-93000,-93000
059514,嘉澤永豐99購02  ,0,0,0,0,0,0,0,0,0,-93000,0,0,0,295000,388000,-93000,-93000
059688,燿華永豐99購01  ,0,0,0,0,0,0,0,0,0,-93000,0,0,0,51000,144000,-93000,-93000
060549,聯發科凱基9B購03,0,0,0,0,0,0,0,0,0,-93000,0,0,0,1000,94000,-93000,-93000
054989,精元元富97購01  ,0,0,0,0,0,0,0,0,0,-93000,0,0,0,22000,115000,-93000,-93000
054130,漢唐元大97購02  ,0,0,0,0,0,0,0,0,0,-93000,0,0,0,0,93000,-93000,-93000
058685,TPK凱基99購01   ,0,0,0,0,0,0,0,0,0,-93000,0,0,0,146000,239000,-93000,-93000
058188,華擎永豐99購01  ,0,0,0,0,0,0,0,0,0,-93000,0,0,0,147000,240000,-93000,-93000
059172,台郡凱基99購03  ,0,0,0,0,0,0,0,0,0,-93000,0,0,0,0,93000,-93000,-93000
059375,道瓊反群益9C購02,0,0,0,0,0,0,0,0,0,-93000,0,0,0,0,93000,-93000,-93000
059459,訊芯永豐99購04  ,0,0,0,0,0,0,0,0,0,-93000,0,0,0,9000,102000,-93000,-93000
059474,元石油群益99購01,0,0,0,0,0,0,0,0,0,-93000,0,0,0,47000,140000,-93000,-93000
3058,立德            ,24000,120000,-96000,0,0,0,0,0,0,3000,3000,0,3000,0,0,0,-93000
060674,瑞昱元大9A購03  ,0,0,0,0,0,0,0,0,0,-94000,0,0,0,60000,154000,-94000,-94000
051800,旺宏永豐95購02  ,0,0,0,0,0,0,0,0,0,-94000,0,0,0,51000,145000,-94000,-94000
059246,奇力新凱基9A購02,0,0,0,0,0,0,0,0,0,-94000,0,0,0,52000,146000,-94000,-94000
056288,健鼎永豐97購01  ,0,0,0,0,0,0,0,0,0,-94000,0,0,0,0,94000,-94000,-94000
057832,聯發科元富02購05,0,0,0,0,0,0,0,0,0,-94000,0,0,0,6000,100000,-94000,-94000
058664,百和兆豐99購01  ,0,0,0,0,0,0,0,0,0,-94000,0,0,0,150000,244000,-94000,-94000
057003,立積國票98購01  ,0,0,0,0,0,0,0,0,0,-94000,0,0,0,1000,95000,-94000,-94000
057230,建準凱基98購02  ,0,0,0,0,0,0,0,0,0,-94000,0,0,0,111000,205000,-94000,-94000
060431,復盛永豐9A購01  ,0,0,0,0,0,0,0,0,0,-95000,0,0,0,5000,100000,-95000,-95000
060340,國巨統一01購02  ,0,0,0,0,0,0,0,0,0,-95000,0,0,0,101000,196000,-95000,-95000
06396P,新日興康和97售01,0,0,0,0,0,0,0,0,0,-95000,0,0,0,40000,135000,-95000,-95000
056979,微星群益98購01  ,0,0,0,0,0,0,0,0,0,-95000,0,0,0,10000,105000,-95000,-95000
055470,南亞科凱基97購01,0,0,0,0,0,0,0,0,0,-95000,0,0,0,32000,127000,-95000,-95000
058816,祥碩台新99購02  ,0,0,0,0,0,0,0,0,0,-95000,0,0,0,0,95000,-95000,-95000
060265,宏達電國票9A購02,0,0,0,0,0,0,0,0,0,-96000,0,0,0,0,96000,-96000,-96000
054709,宏達電統一97購01,0,0,0,0,0,0,0,0,0,-96000,0,0,0,0,96000,-96000,-96000
054376,聯茂中信97購01  ,0,0,0,0,0,0,0,0,0,-96000,0,0,0,75000,171000,-96000,-96000
054260,貿聯元大96購03  ,0,0,0,0,0,0,0,0,0,-96000,0,0,0,0,96000,-96000,-96000
057428,正崴兆豐98購01  ,0,0,0,0,0,0,0,0,0,-96000,0,0,0,3000,99000,-96000,-96000
055461,TPK永豐97購01   ,0,0,0,0,0,0,0,0,0,-96000,0,0,0,80000,176000,-96000,-96000
057948,嘉聯益國票99購02,0,0,0,0,0,0,0,0,0,-96000,0,0,0,18000,114000,-96000,-96000
060087,鴻海元大99購43  ,0,0,0,0,0,0,0,0,0,-97000,0,0,0,9000,106000,-97000,-97000
06839P,玉晶光統一9A售05,0,0,0,0,0,0,0,0,0,-97000,0,0,0,268000,365000,-97000,-97000
057915,台泥凱基98購01  ,0,0,0,0,0,0,0,0,0,-97000,0,0,0,0,97000,-97000,-97000
058440,玉晶光統一99購02,0,0,0,0,0,0,0,0,0,-97000,0,0,0,2000,99000,-97000,-97000
057873,義隆元大98購03  ,0,0,0,0,0,0,0,0,0,-97000,0,0,0,206000,303000,-97000,-97000
4967,十銓            ,495000,592000,-97000,0,0,0,0,0,0,0,20000,20000,0,0,0,0,-97000
06592P,欣興元大98售04  ,0,0,0,0,0,0,0,0,0,-98000,0,0,0,0,98000,-98000,-98000
059858,台灣50群益9A購09,0,0,0,0,0,0,0,0,0,-98000,0,0,0,46000,144000,-98000,-98000
059683,康控富邦9C購01  ,0,0,0,0,0,0,0,0,0,-98000,0,0,0,0,98000,-98000,-98000
060317,台灣50群益02購01,0,0,0,0,0,0,0,0,0,-98000,0,0,0,0,98000,-98000,-98000
060361,南亞科元富9A購03,0,0,0,0,0,0,0,0,0,-98000,0,0,0,19000,117000,-98000,-98000
054886,大毅統一97購01  ,0,0,0,0,0,0,0,0,0,-98000,0,0,0,11000,109000,-98000,-98000
055091,微星群益97購01  ,0,0,0,0,0,0,0,0,0,-98000,0,0,0,0,98000,-98000,-98000
055584,國巨元大97購11  ,0,0,0,0,0,0,0,0,0,-98000,0,0,0,52000,150000,-98000,-98000
056453,禾伸堂凱基99購02,0,0,0,0,0,0,0,0,0,-98000,0,0,0,103000,201000,-98000,-98000
056882,華邦電康和98購01,0,0,0,0,0,0,0,0,0,-98000,0,0,0,68000,166000,-98000,-98000
059748,聯發科台新99購03,0,0,0,0,0,0,0,0,0,-99000,0,0,0,60000,159000,-99000,-99000
059813,滬深2X凱基9B購01,0,0,0,0,0,0,0,0,0,-99000,0,0,0,101000,200000,-99000,-99000
054043,漢唐元大97購01  ,0,0,0,0,0,0,0,0,0,-99000,0,0,0,13000,112000,-99000,-99000
050263,旺宏元大94購10  ,0,0,0,0,0,0,0,0,0,-99000,0,0,0,100000,199000,-99000,-99000
056670,樺漢國票99購01  ,0,0,0,0,0,0,0,0,0,-99000,0,0,0,1000,100000,-99000,-99000
058358,技嘉凱基9A購01  ,0,0,0,0,0,0,0,0,0,-99000,0,0,0,20000,119000,-99000,-99000
056124,華通國票98購02  ,0,0,0,0,0,0,0,0,0,-99000,0,0,0,30000,129000,-99000,-99000
056958,喬山永豐98購01  ,0,0,0,0,0,0,0,0,0,-99000,0,0,0,50000,149000,-99000,-99000
059975,元金2X元大99購02,0,0,0,0,0,0,0,0,0,-100000,0,0,0,128000,228000,-100000,-100000
060075,台積電元富99購05,0,0,0,0,0,0,0,0,0,-100000,0,0,0,10000,110000,-100000,-100000
060739,台灣50台新9A購04,0,0,0,0,0,0,0,0,0,-100000,0,0,0,0,100000,-100000,-100000
060614,T50反1元大9A購06,0,0,0,0,0,0,0,0,0,-100000,0,0,0,0,100000,-100000,-100000
07355P,臺股指國票99售23,0,0,0,0,0,0,0,0,0,-100000,0,0,0,12000,112000,-100000,-100000
2425,承啟            ,41000,139000,-98000,0,0,0,0,0,0,-2000,0,2000,-2000,0,0,0,-100000
052085,聯電元大95購01  ,0,0,0,0,0,0,0,0,0,-100000,0,0,0,0,100000,-100000,-100000
052062,臺股指國票95購09,0,0,0,0,0,0,0,0,0,-100000,0,0,0,0,100000,-100000,-100000
051236,鴻海元大96購05  ,0,0,0,0,0,0,0,0,0,-100000,0,0,0,0,100000,-100000,-100000
054046,義隆元大96購02  ,0,0,0,0,0,0,0,0,0,-100000,0,0,0,0,100000,-100000,-100000
054921,文曄凱基97購01  ,0,0,0,0,0,0,0,0,0,-100000,0,0,0,0,100000,-100000,-100000
052715,可成凱基96購01  ,0,0,0,0,0,0,0,0,0,-100000,0,0,0,0,100000,-100000,-100000
057017,和大凱基98購01  ,0,0,0,0,0,0,0,0,0,-100000,0,0,0,50000,150000,-100000,-100000
056098,矽創元富97購02  ,0,0,0,0,0,0,0,0,0,-100000,0,0,0,54000,154000,-100000,-100000
056146,台虹元大98購01  ,0,0,0,0,0,0,0,0,0,-100000,0,0,0,0,100000,-100000,-100000
058413,義隆兆豐99購01  ,0,0,0,0,0,0,0,0,0,-100000,0,0,0,0,100000,-100000,-100000
057974,上銀永豐98購02  ,0,0,0,0,0,0,0,0,0,-100000,0,0,0,0,100000,-100000,-100000
056298,億光元大97購02  ,0,0,0,0,0,0,0,0,0,-100000,0,0,0,100000,200000,-100000,-100000
056326,TPK兆豐98購01   ,0,0,0,0,0,0,0,0,0,-100000,0,0,0,0,100000,-100000,-100000
056765,友達元大9B購05  ,0,0,0,0,0,0,0,0,0,-100000,0,0,0,0,100000,-100000,-100000
05881P,彩晶康和96售01  ,0,0,0,0,0,0,0,0,0,-100000,0,0,0,0,100000,-100000,-100000
07542P,台積電凱基9A售16,0,0,0,0,0,0,0,0,0,-101000,0,0,0,60000,161000,-101000,-101000
060235,瑞昱元大9A購01  ,0,0,0,0,0,0,0,0,0,-101000,0,0,0,54000,155000,-101000,-101000
054239,台郡群益96購02  ,0,0,0,0,0,0,0,0,0,-101000,0,0,0,52000,153000,-101000,-101000
059137,電子類群益99購01,0,0,0,0,0,0,0,0,0,-101000,0,0,0,100000,201000,-101000,-101000
05898P,旺宏凱基96售06  ,0,0,0,0,0,0,0,0,0,-101000,0,0,0,0,101000,-101000,-101000
055682,智原凱基98購02  ,0,0,0,0,0,0,0,0,0,-101000,0,0,0,100000,201000,-101000,-101000
056122,勤誠群益97購02  ,0,0,0,0,0,0,0,0,0,-101000,0,0,0,24000,125000,-101000,-101000
057086,立積統一9C購01  ,0,0,0,0,0,0,0,0,0,-101000,0,0,0,2000,103000,-101000,-101000
059993,上銀元富99購01  ,0,0,0,0,0,0,0,0,0,-102000,0,0,0,163000,265000,-102000,-102000
07341P,台積電凱基99售18,0,0,0,0,0,0,0,0,0,-102000,0,0,0,375000,477000,-102000,-102000
057736,鴻海富邦99購04  ,0,0,0,0,0,0,0,0,0,-102000,0,0,0,7000,109000,-102000,-102000
057684,聯茂日盛99購01  ,0,0,0,0,0,0,0,0,0,-102000,0,0,0,22000,124000,-102000,-102000
055357,欣興凱基97購04  ,0,0,0,0,0,0,0,0,0,-102000,0,0,0,0,102000,-102000,-102000
057843,晶技永豐98購02  ,0,0,0,0,0,0,0,0,0,-102000,0,0,0,7000,109000,-102000,-102000
056774,和鑫元大98購01  ,0,0,0,0,0,0,0,0,0,-102000,0,0,0,31000,133000,-102000,-102000
07359P,台積電元大99售45,0,0,0,0,0,0,0,0,0,-103000,0,0,0,9000,112000,-103000,-103000
060261,臺股指凱基9A購04,0,0,0,0,0,0,0,0,0,-103000,0,0,0,0,103000,-103000,-103000
060408,和潤國泰9C購01  ,0,0,0,0,0,0,0,0,0,-103000,0,0,0,18000,121000,-103000,-103000
054744,晶相光凱基99購01,0,0,0,0,0,0,0,0,0,-103000,0,0,0,3000,106000,-103000,-103000
040761,T50反1凱基95購02,0,0,0,0,0,0,0,0,0,-103000,0,0,0,0,103000,-103000,-103000
056497,GIS國泰99購01   ,0,0,0,0,0,0,0,0,0,-103000,0,0,0,267000,370000,-103000,-103000
059152,臺股指國票99購15,0,0,0,0,0,0,0,0,0,-103000,0,0,0,5000,108000,-103000,-103000
055475,臻鼎凱基97購02  ,0,0,0,0,0,0,0,0,0,-103000,0,0,0,5000,108000,-103000,-103000
060392,華擎群益9C購02  ,0,0,0,0,0,0,0,0,0,-104000,0,0,0,131000,235000,-104000,-104000
060185,聯發科元富04購01,0,0,0,0,0,0,0,0,0,-104000,0,0,0,5000,109000,-104000,-104000
060682,牧德元大9A購03  ,0,0,0,0,0,0,0,0,0,-104000,0,0,0,8000,112000,-104000,-104000
059976,道瓊銀元大99購01,0,0,0,0,0,0,0,0,0,-104000,0,0,0,25000,129000,-104000,-104000
059929,華新科富邦9C購03,0,0,0,0,0,0,0,0,0,-104000,0,0,0,1000,105000,-104000,-104000
059614,致新永豐99購01  ,0,0,0,0,0,0,0,0,0,-104000,0,0,0,163000,267000,-104000,-104000
059650,緯穎凱基99購04  ,0,0,0,0,0,0,0,0,0,-104000,0,0,0,37000,141000,-104000,-104000
07461P,臺股指元大9B售04,0,0,0,0,0,0,0,0,0,-104000,0,0,0,6000,110000,-104000,-104000
050174,技嘉元大94購01  ,0,0,0,0,0,0,0,0,0,-104000,0,0,0,0,104000,-104000,-104000
054215,創意國票97購02  ,0,0,0,0,0,0,0,0,0,-104000,0,0,0,0,104000,-104000,-104000
058375,群創凱基9B購04  ,0,0,0,0,0,0,0,0,0,-104000,0,0,0,0,104000,-104000,-104000
05930P,景碩康和96售01  ,0,0,0,0,0,0,0,0,0,-104000,0,0,0,0,104000,-104000,-104000
056314,力成元大97購01  ,0,0,0,0,0,0,0,0,0,-104000,0,0,0,74000,178000,-104000,-104000
07006P,旺宏統一9B售03  ,0,0,0,0,0,0,0,0,0,-105000,0,0,0,205000,310000,-105000,-105000
059928,道瓊銀富邦03購01,0,0,0,0,0,0,0,0,0,-105000,0,0,0,65000,170000,-105000,-105000
060499,鴻海元大9A購11  ,0,0,0,0,0,0,0,0,0,-105000,0,0,0,0,105000,-105000,-105000
060336,南電康和9A購01  ,0,0,0,0,0,0,0,0,0,-105000,0,0,0,476000,581000,-105000,-105000
057460,楠梓電永豐98購03,0,0,0,0,0,0,0,0,0,-105000,0,0,0,43000,148000,-105000,-105000
058374,玉晶光凱基9A購03,0,0,0,0,0,0,0,0,0,-105000,0,0,0,2000,107000,-105000,-105000
055532,中工群益98購01  ,0,0,0,0,0,0,0,0,0,-105000,0,0,0,0,105000,-105000,-105000
060339,國巨統一01購01  ,0,0,0,0,0,0,0,0,0,-106000,0,0,0,16000,122000,-106000,-106000
06068P,玉晶光康和97售01,0,0,0,0,0,0,0,0,0,-106000,0,0,0,20000,126000,-106000,-106000
057874,可成元大99購02  ,0,0,0,0,0,0,0,0,0,-106000,0,0,0,2000,108000,-106000,-106000
060006,華通群益9A購04  ,0,0,0,0,0,0,0,0,0,-107000,0,0,0,0,107000,-107000,-107000
059806,聯發科元富99購08,0,0,0,0,0,0,0,0,0,-107000,0,0,0,0,107000,-107000,-107000
07233P,台灣50元大99售04,0,0,0,0,0,0,0,0,0,-107000,0,0,0,105000,212000,-107000,-107000
056564,亞光群益98購02  ,0,0,0,0,0,0,0,0,0,-107000,0,0,0,37000,144000,-107000,-107000
060716,新唐永豐9A購01  ,0,0,0,0,0,0,0,0,0,-108000,0,0,0,0,108000,-108000,-108000
052895,台積電群益96購04,0,0,0,0,0,0,0,0,0,-108000,0,0,0,712000,820000,-108000,-108000
054863,億光群益97購01  ,0,0,0,0,0,0,0,0,0,-108000,0,0,0,0,108000,-108000,-108000
052223,聯電凱基96購02  ,0,0,0,0,0,0,0,0,0,-108000,0,0,0,22000,130000,-108000,-108000
053422,可成永豐96購01  ,0,0,0,0,0,0,0,0,0,-108000,0,0,0,0,108000,-108000,-108000
056133,可成元大97購05  ,0,0,0,0,0,0,0,0,0,-108000,0,0,0,253000,361000,-108000,-108000
058144,聯茂元大99購02  ,0,0,0,0,0,0,0,0,0,-108000,0,0,0,0,108000,-108000,-108000
060687,GIS元大9A購01   ,0,0,0,0,0,0,0,0,0,-109000,0,0,0,45000,154000,-109000,-109000
059741,聯發科元富99購07,0,0,0,0,0,0,0,0,0,-109000,0,0,0,32000,141000,-109000,-109000
00706L,元大S&P日圓正2  ,0,0,0,0,0,0,0,0,0,-109000,0,0,0,17000,126000,-109000,-109000
053570,京元電統一96購01,0,0,0,0,0,0,0,0,0,-109000,0,0,0,34000,143000,-109000,-109000
057502,訊芯群益98購02  ,0,0,0,0,0,0,0,0,0,-109000,0,0,0,7000,116000,-109000,-109000
056142,超眾元大97購06  ,0,0,0,0,0,0,0,0,0,-109000,0,0,0,125000,234000,-109000,-109000
058013,SP黃豆凱基9A購01,0,0,0,0,0,0,0,0,0,-109000,0,0,0,0,109000,-109000,-109000
058582,禾伸堂群益99購02,0,0,0,0,0,0,0,0,0,-109000,0,0,0,0,109000,-109000,-109000
056380,麗豐元富98購01  ,0,0,0,0,0,0,0,0,0,-109000,0,0,0,1000,110000,-109000,-109000
056885,元油2X元大99購03,0,0,0,0,0,0,0,0,0,-109000,0,0,0,0,109000,-109000,-109000
060055,宏達電凱基99購06,0,0,0,0,0,0,0,0,0,-110000,0,0,0,35000,145000,-110000,-110000
07463P,台積電國票9A售05,0,0,0,0,0,0,0,0,0,-110000,0,0,0,0,110000,-110000,-110000
057386,聯發科永豐98購04,0,0,0,0,0,0,0,0,0,-110000,0,0,0,2000,112000,-110000,-110000
055060,聯陽永豐97購01  ,0,0,0,0,0,0,0,0,0,-110000,0,0,0,5000,115000,-110000,-110000
055708,茂林永豐97購02  ,0,0,0,0,0,0,0,0,0,-110000,0,0,0,0,110000,-110000,-110000
057886,聯詠群益98購01  ,0,0,0,0,0,0,0,0,0,-110000,0,0,0,0,110000,-110000,-110000
057113,祥碩群益98購01  ,0,0,0,0,0,0,0,0,0,-110000,0,0,0,30000,140000,-110000,-110000
1513,中興電          ,138000,255000,-117000,0,0,0,0,0,0,6000,7000,0,7000,0,1000,-1000,-111000
060064,華新科兆豐99購07,0,0,0,0,0,0,0,0,0,-111000,0,0,0,57000,168000,-111000,-111000
060099,宏達電元大99購09,0,0,0,0,0,0,0,0,0,-111000,0,0,0,21000,132000,-111000,-111000
060131,GIS永豐99購03   ,0,0,0,0,0,0,0,0,0,-111000,0,0,0,0,111000,-111000,-111000
054922,文曄凱基98購01  ,0,0,0,0,0,0,0,0,0,-111000,0,0,0,0,111000,-111000,-111000
053784,奇力新元大97購02,0,0,0,0,0,0,0,0,0,-111000,0,0,0,41000,152000,-111000,-111000
050496,鴻海富邦96購01  ,0,0,0,0,0,0,0,0,0,-111000,0,0,0,0,111000,-111000,-111000
056000,佳世達永豐97購01,0,0,0,0,0,0,0,0,0,-111000,0,0,0,0,111000,-111000,-111000
056479,玉晶光元大99購05,0,0,0,0,0,0,0,0,0,-111000,0,0,0,40000,151000,-111000,-111000
059639,大立光凱基9A購06,0,0,0,0,0,0,0,0,0,-112000,0,0,0,24000,136000,-112000,-112000
052235,聯發科國票96購02,0,0,0,0,0,0,0,0,0,-112000,0,0,0,0,112000,-112000,-112000
053631,欣興兆豐97購01  ,0,0,0,0,0,0,0,0,0,-112000,0,0,0,94000,206000,-112000,-112000
057775,南亞科群益98購02,0,0,0,0,0,0,0,0,0,-112000,0,0,0,2000,114000,-112000,-112000
057517,矽創元富98購02  ,0,0,0,0,0,0,0,0,0,-112000,0,0,0,0,112000,-112000,-112000
057424,訊芯凱基98購04  ,0,0,0,0,0,0,0,0,0,-112000,0,0,0,0,112000,-112000,-112000
052921,大成鋼永豐96購01,0,0,0,0,0,0,0,0,0,-112000,0,0,0,20000,132000,-112000,-112000
058952,南茂群益99購01  ,0,0,0,0,0,0,0,0,0,-112000,0,0,0,7000,119000,-112000,-112000
055432,臻鼎群益97購02  ,0,0,0,0,0,0,0,0,0,-112000,0,0,0,2000,114000,-112000,-112000
056847,佐登元富98購01  ,0,0,0,0,0,0,0,0,0,-112000,0,0,0,0,112000,-112000,-112000
05529P,臺股指群益96售02,0,0,0,0,0,0,0,0,0,-112000,0,0,0,136000,248000,-112000,-112000
057571,泰碩永豐98購01  ,0,0,0,0,0,0,0,0,0,-112000,0,0,0,0,112000,-112000,-112000
057572,明泰永豐98購01  ,0,0,0,0,0,0,0,0,0,-112000,0,0,0,232000,344000,-112000,-112000
055909,大成鋼凱基98購02,0,0,0,0,0,0,0,0,0,-112000,0,0,0,2000,114000,-112000,-112000
056263,友訊統一99購01  ,0,0,0,0,0,0,0,0,0,-112000,0,0,0,84000,196000,-112000,-112000
07352P,台積電國票99售11,0,0,0,0,0,0,0,0,0,-113000,0,0,0,146000,259000,-113000,-113000
07119P,台積電凱基9A售08,0,0,0,0,0,0,0,0,0,-113000,0,0,0,0,113000,-113000,-113000
054683,川湖永豐97購01  ,0,0,0,0,0,0,0,0,0,-113000,0,0,0,124000,237000,-113000,-113000
050846,緯創國票96購01  ,0,0,0,0,0,0,0,0,0,-113000,0,0,0,67000,180000,-113000,-113000
056665,上証2X國票99購02,0,0,0,0,0,0,0,0,0,-113000,0,0,0,337000,450000,-113000,-113000
059123,訊芯永豐99購03  ,0,0,0,0,0,0,0,0,0,-113000,0,0,0,49000,162000,-113000,-113000
056477,欣興元大98購02  ,0,0,0,0,0,0,0,0,0,-113000,0,0,0,34000,147000,-113000,-113000
3702A,大聯大甲特      ,0,12000,-12000,0,0,0,0,0,0,-101000,0,101000,-101000,0,0,0,-113000
053340,建準國票97購01  ,0,0,0,0,0,0,0,0,0,-114000,0,0,0,23000,137000,-114000,-114000
05116P,台積電群益95售03,0,0,0,0,0,0,0,0,0,-114000,0,0,0,6000,120000,-114000,-114000
053535,宏達電永豐96購02,0,0,0,0,0,0,0,0,0,-114000,0,0,0,0,114000,-114000,-114000
057995,華新科中信98購02,0,0,0,0,0,0,0,0,0,-114000,0,0,0,0,114000,-114000,-114000
057980,聯詠永豐98購01  ,0,0,0,0,0,0,0,0,0,-114000,0,0,0,68000,182000,-114000,-114000
057053,立積元大98購02  ,0,0,0,0,0,0,0,0,0,-114000,0,0,0,22000,136000,-114000,-114000
057044,旺宏元大98購08  ,0,0,0,0,0,0,0,0,0,-114000,0,0,0,368000,482000,-114000,-114000
07573P,國巨元大9A售11  ,0,0,0,0,0,0,0,0,0,-115000,0,0,0,0,115000,-115000,-115000
060458,華通元大9A購02  ,0,0,0,0,0,0,0,0,0,-115000,0,0,0,26000,141000,-115000,-115000
053183,大立光元富96購03,0,0,0,0,0,0,0,0,0,-115000,0,0,0,110000,225000,-115000,-115000
051828,微星元大95購03  ,0,0,0,0,0,0,0,0,0,-115000,0,0,0,107000,222000,-115000,-115000
053894,創意群益96購01  ,0,0,0,0,0,0,0,0,0,-115000,0,0,0,5000,120000,-115000,-115000
057675,同欣電元大98購02,0,0,0,0,0,0,0,0,0,-115000,0,0,0,5000,120000,-115000,-115000
058146,勤誠元大99購01  ,0,0,0,0,0,0,0,0,0,-115000,0,0,0,24000,139000,-115000,-115000
060673,旺宏元大9A購04  ,0,0,0,0,0,0,0,0,0,-116000,0,0,0,0,116000,-116000,-116000
060765,世芯元大9A購01  ,0,0,0,0,0,0,0,0,0,-116000,0,0,0,0,116000,-116000,-116000
052933,祥碩元大96購01  ,0,0,0,0,0,0,0,0,0,-116000,0,0,0,45000,161000,-116000,-116000
053480,祥碩元大96購02  ,0,0,0,0,0,0,0,0,0,-116000,0,0,0,65000,181000,-116000,-116000
050318,景碩國票94購02  ,0,0,0,0,0,0,0,0,0,-116000,0,0,0,0,116000,-116000,-116000
056149,亞光康和97購01  ,0,0,0,0,0,0,0,0,0,-116000,0,0,0,0,116000,-116000,-116000
056054,亞德客元大97購05,0,0,0,0,0,0,0,0,0,-116000,0,0,0,35000,151000,-116000,-116000
053773,上銀元大96購04  ,0,0,0,0,0,0,0,0,0,-117000,0,0,0,26000,143000,-117000,-117000
057073,康控永豐98購01  ,0,0,0,0,0,0,0,0,0,-117000,0,0,0,0,117000,-117000,-117000
056116,義隆群益97購02  ,0,0,0,0,0,0,0,0,0,-117000,0,0,0,18000,135000,-117000,-117000
060685,康友元大9A購01  ,0,0,0,0,0,0,0,0,0,-118000,0,0,0,2000,120000,-118000,-118000
060629,鴻海富邦9B購01  ,0,0,0,0,0,0,0,0,0,-118000,0,0,0,0,118000,-118000,-118000
060121,新光金富邦99購01,0,0,0,0,0,0,0,0,0,-118000,0,0,0,162000,280000,-118000,-118000
07261P,台灣50元大9A售04,0,0,0,0,0,0,0,0,0,-118000,0,0,0,0,118000,-118000,-118000
051192,緯創兆豐96購01  ,0,0,0,0,0,0,0,0,0,-118000,0,0,0,40000,158000,-118000,-118000
056365,欣興元大98購01  ,0,0,0,0,0,0,0,0,0,-118000,0,0,0,23000,141000,-118000,-118000
055704,亞德客永豐97購04,0,0,0,0,0,0,0,0,0,-118000,0,0,0,0,118000,-118000,-118000
056912,臺股指元大99購04,0,0,0,0,0,0,0,0,0,-118000,0,0,0,0,118000,-118000,-118000
056480,京鼎元大98購02  ,0,0,0,0,0,0,0,0,0,-119000,0,0,0,29000,148000,-119000,-119000
055264,國巨永豐98購01  ,0,0,0,0,0,0,0,0,0,-119000,0,0,0,1000,120000,-119000,-119000
058025,聯茂國泰99購01  ,0,0,0,0,0,0,0,0,0,-119000,0,0,0,363000,482000,-119000,-119000
1608,華榮            ,243000,365000,-122000,0,0,0,0,0,0,2000,3000,1000,2000,0,0,0,-120000
2415,錩新            ,28000,149000,-121000,0,0,0,0,0,0,1000,1000,0,1000,0,0,0,-120000
060633,玉晶光富邦02購01,0,0,0,0,0,0,0,0,0,-120000,0,0,0,31000,151000,-120000,-120000
060359,國巨元富9A購02  ,0,0,0,0,0,0,0,0,0,-120000,0,0,0,19000,139000,-120000,-120000
049230,台達電富邦96購01,0,0,0,0,0,0,0,0,0,-120000,0,0,0,0,120000,-120000,-120000
058525,台虹元大99購02  ,0,0,0,0,0,0,0,0,0,-120000,0,0,0,0,120000,-120000,-120000
055333,晶豪科兆豐97購01,0,0,0,0,0,0,0,0,0,-120000,0,0,0,20000,140000,-120000,-120000
055815,亞光國票99購01  ,0,0,0,0,0,0,0,0,0,-120000,0,0,0,100000,220000,-120000,-120000
056307,貿聯元大97購05  ,0,0,0,0,0,0,0,0,0,-120000,0,0,0,0,120000,-120000,-120000
060472,中租元大9A購02  ,0,0,0,0,0,0,0,0,0,-121000,0,0,0,40000,161000,-121000,-121000
059936,台積電永豐99購06,0,0,0,0,0,0,0,0,0,-121000,0,0,0,0,121000,-121000,-121000
059008,鈺齊元大99購03  ,0,0,0,0,0,0,0,0,0,-121000,0,0,0,0,121000,-121000,-121000
060451,中石化元大9C購02,0,0,0,0,0,0,0,0,0,-122000,0,0,0,30000,152000,-122000,-122000
053513,義隆群益96購05  ,0,0,0,0,0,0,0,0,0,-122000,0,0,0,22000,144000,-122000,-122000
052298,易華電國票96購01,0,0,0,0,0,0,0,0,0,-122000,0,0,0,1000,123000,-122000,-122000
054952,大毅元大97購02  ,0,0,0,0,0,0,0,0,0,-122000,0,0,0,37000,159000,-122000,-122000
052777,燿華國票98購01  ,0,0,0,0,0,0,0,0,0,-122000,0,0,0,2000,124000,-122000,-122000
057524,旺宏元大99購04  ,0,0,0,0,0,0,0,0,0,-122000,0,0,0,0,122000,-122000,-122000
058801,致伸元大99購01  ,0,0,0,0,0,0,0,0,0,-122000,0,0,0,73000,195000,-122000,-122000
057906,福懋科中信99購01,0,0,0,0,0,0,0,0,0,-122000,0,0,0,0,122000,-122000,-122000
060296,和碩元大9A購01  ,0,0,0,0,0,0,0,0,0,-123000,0,0,0,62000,185000,-123000,-123000
07173P,臺股指國票99售10,0,0,0,0,0,0,0,0,0,-123000,0,0,0,310000,433000,-123000,-123000
053709,台達電凱基96購04,0,0,0,0,0,0,0,0,0,-123000,0,0,0,0,123000,-123000,-123000
050580,強茂國票95購01  ,0,0,0,0,0,0,0,0,0,-123000,0,0,0,38000,161000,-123000,-123000
058703,台積電元大99購16,0,0,0,0,0,0,0,0,0,-123000,0,0,0,2000,125000,-123000,-123000
07407P,欣興凱基99售07  ,0,0,0,0,0,0,0,0,0,-124000,0,0,0,42000,166000,-124000,-124000
060164,合勤控永豐9A購01,0,0,0,0,0,0,0,0,0,-124000,0,0,0,0,124000,-124000,-124000
059761,國巨永豐99購06  ,0,0,0,0,0,0,0,0,0,-124000,0,0,0,68000,192000,-124000,-124000
059678,鴻海國泰9A購03  ,0,0,0,0,0,0,0,0,0,-124000,0,0,0,302000,426000,-124000,-124000
057799,世紀鋼兆豐98購01,0,0,0,0,0,0,0,0,0,-124000,0,0,0,0,124000,-124000,-124000
057369,奇力新元大99購05,0,0,0,0,0,0,0,0,0,-124000,0,0,0,4000,128000,-124000,-124000
4960,誠美材          ,3000,128000,-125000,0,0,0,0,0,0,1000,1000,0,1000,0,0,0,-124000
059918,華新科元大99購20,0,0,0,0,0,0,0,0,0,-125000,0,0,0,50000,175000,-125000,-125000
060420,神基永豐9A購01  ,0,0,0,0,0,0,0,0,0,-125000,0,0,0,0,125000,-125000,-125000
07577P,華新科元大9A售09,0,0,0,0,0,0,0,0,0,-125000,0,0,0,20000,145000,-125000,-125000
054957,興富發元大97購01,0,0,0,0,0,0,0,0,0,-125000,0,0,0,0,125000,-125000,-125000
057878,台郡元大99購04  ,0,0,0,0,0,0,0,0,0,-125000,0,0,0,44000,169000,-125000,-125000
055733,奇力新元富97購01,0,0,0,0,0,0,0,0,0,-125000,0,0,0,5000,130000,-125000,-125000
07536P,華新科元富9A售04,0,0,0,0,0,0,0,0,0,-126000,0,0,0,0,126000,-126000,-126000
00714,群益道瓊美國地產,0,0,0,0,0,0,0,0,0,-126000,0,0,0,50000,176000,-126000,-126000
057179,可成元大98購04  ,0,0,0,0,0,0,0,0,0,-126000,0,0,0,37000,163000,-126000,-126000
058588,致茂中信9B購01  ,0,0,0,0,0,0,0,0,0,-126000,0,0,0,120000,246000,-126000,-126000
058496,文曄群益99購01  ,0,0,0,0,0,0,0,0,0,-126000,0,0,0,64000,190000,-126000,-126000
059888,華新科國票99購03,0,0,0,0,0,0,0,0,0,-127000,0,0,0,40000,167000,-127000,-127000
060148,臺股指國票9A購08,0,0,0,0,0,0,0,0,0,-127000,0,0,0,0,127000,-127000,-127000
053446,欣興凱基96購02  ,0,0,0,0,0,0,0,0,0,-127000,0,0,0,16000,143000,-127000,-127000
056139,貿聯元大97購04  ,0,0,0,0,0,0,0,0,0,-127000,0,0,0,0,127000,-127000,-127000
8422,可寧衛          ,27000,176000,-149000,0,0,0,21000,0,21000,1000,1000,0,1000,0,0,0,-127000
6531,愛普            ,110000,237000,-127000,0,0,0,0,0,0,0,0,0,0,0,0,0,-127000
00671R,富邦NASDAQ反1   ,0,0,0,0,0,0,0,0,0,-128000,0,0,0,1780000,1908000,-128000,-128000
048628,T50反1元大96購03,0,0,0,0,0,0,0,0,0,-128000,0,0,0,0,128000,-128000,-128000
054240,訊芯群益96購03  ,0,0,0,0,0,0,0,0,0,-128000,0,0,0,0,128000,-128000,-128000
057701,嘉聯益群益98購02,0,0,0,0,0,0,0,0,0,-128000,0,0,0,40000,168000,-128000,-128000
056481,創意元大98購01  ,0,0,0,0,0,0,0,0,0,-128000,0,0,0,10000,138000,-128000,-128000
059693,智原永豐99購01  ,0,0,0,0,0,0,0,0,0,-129000,0,0,0,0,129000,-129000,-129000
060616,宏碁元大9A購02  ,0,0,0,0,0,0,0,0,0,-129000,0,0,0,12000,141000,-129000,-129000
057733,嘉聯益國泰99購01,0,0,0,0,0,0,0,0,0,-129000,0,0,0,87000,216000,-129000,-129000
051789,嘉澤國票96購01  ,0,0,0,0,0,0,0,0,0,-129000,0,0,0,2000,131000,-129000,-129000
056129,義隆麥證97購01  ,0,0,0,0,129000,-129000,0,0,0,-129000,0,0,0,0,129000,-129000,-129000
060733,和大統一9C購01  ,0,0,0,0,0,0,0,0,0,-130000,0,0,0,0,130000,-130000,-130000
059634,可成凱基99購07  ,0,0,0,0,0,0,0,0,0,-130000,0,0,0,5000,135000,-130000,-130000
050829,臻鼎凱基96購01  ,0,0,0,0,0,0,0,0,0,-130000,0,0,0,20000,150000,-130000,-130000
057392,福懋科永豐98購01,0,0,0,0,0,0,0,0,0,-130000,0,0,0,31000,161000,-130000,-130000
052362,瑞昱國票96購02  ,0,0,0,0,0,0,0,0,0,-130000,0,0,0,0,130000,-130000,-130000
056169,鴻海元富97購08  ,0,0,0,0,0,0,0,0,0,-130000,0,0,0,110000,240000,-130000,-130000
058706,聯鈞元大9C購01  ,0,0,0,0,0,0,0,0,0,-130000,0,0,0,30000,160000,-130000,-130000
058190,貿聯永豐99購01  ,0,0,0,0,0,0,0,0,0,-130000,0,0,0,0,130000,-130000,-130000
058722,台郡元富99購01  ,0,0,0,0,0,0,0,0,0,-130000,0,0,0,0,130000,-130000,-130000
055599,TPK元大97購01   ,0,0,0,0,0,0,0,0,0,-130000,0,0,0,0,130000,-130000,-130000
05525P,奇力新群益96售02,0,0,0,0,0,0,0,0,0,-130000,0,0,0,12000,142000,-130000,-130000
058906,晶相光元大99購01,0,0,0,0,0,0,0,0,0,-130000,0,0,0,0,130000,-130000,-130000
058733,同欣電永豐99購02,0,0,0,0,0,0,0,0,0,-130000,0,0,0,15000,145000,-130000,-130000
059508,聯發科永豐99購03,0,0,0,0,0,0,0,0,0,-131000,0,0,0,10000,141000,-131000,-131000
060125,強茂永豐99購01  ,0,0,0,0,0,0,0,0,0,-131000,0,0,0,0,131000,-131000,-131000
060032,利勤永豐99購01  ,0,0,0,0,0,0,0,0,0,-131000,0,0,0,115000,246000,-131000,-131000
057707,臺股指群益98購07,0,0,0,0,0,0,0,0,0,-131000,0,0,0,93000,224000,-131000,-131000
053308,智易凱基96購02  ,0,0,0,0,0,0,0,0,0,-131000,0,0,0,0,131000,-131000,-131000
058772,茂林兆豐9A購01  ,0,0,0,0,0,0,0,0,0,-131000,0,0,0,0,131000,-131000,-131000
059281,創意永豐99購02  ,0,0,0,0,0,0,0,0,0,-131000,0,0,0,90000,221000,-131000,-131000
058699,楠梓電元大99購02,0,0,0,0,0,0,0,0,0,-131000,0,0,0,100000,231000,-131000,-131000
9938,百和            ,419000,1075000,-656000,0,0,0,451000,0,451000,74000,57000,41000,16000,63000,5000,58000,-131000
060500,鴻海元大9A購12  ,0,0,0,0,0,0,0,0,0,-132000,0,0,0,15000,147000,-132000,-132000
058912,祥碩元大99購01  ,0,0,0,0,0,0,0,0,0,-132000,0,0,0,122000,254000,-132000,-132000
05565P,鎧勝元大96售01  ,0,0,0,0,0,0,0,0,0,-132000,0,0,0,11000,143000,-132000,-132000
060362,建準元富9A購02  ,0,0,0,0,0,0,0,0,0,-133000,0,0,0,74000,207000,-133000,-133000
059512,晶豪科永豐99購02,0,0,0,0,0,0,0,0,0,-133000,0,0,0,59000,192000,-133000,-133000
07128P,大毅元大99售04  ,0,0,0,0,0,0,0,0,0,-133000,0,0,0,55000,188000,-133000,-133000
05708P,奇力新國票97售04,0,0,0,0,0,0,0,0,0,-133000,0,0,0,118000,251000,-133000,-133000
058406,聯茂元大99購06  ,0,0,0,0,0,0,0,0,0,-133000,0,0,0,146000,279000,-133000,-133000
059524,FBVIX凱基9A購02 ,0,0,0,0,0,0,0,0,0,-134000,0,0,0,210000,344000,-134000,-134000
052938,華新科兆豐96購01,0,0,0,0,0,0,0,0,0,-134000,0,0,0,0,134000,-134000,-134000
054883,億光統一97購01  ,0,0,0,0,0,0,0,0,0,-134000,0,0,0,29000,163000,-134000,-134000
055805,矽力永豐97購01  ,0,0,0,0,0,0,0,0,0,-134000,0,0,0,6000,140000,-134000,-134000
058781,康友國票9A購01  ,0,0,0,0,0,0,0,0,0,-134000,0,0,0,41000,175000,-134000,-134000
060150,華通富邦9B購01  ,0,0,0,0,0,0,0,0,0,-135000,0,0,0,0,135000,-135000,-135000
059953,聯發科康和99購01,0,0,0,0,0,0,0,0,0,-135000,0,0,0,0,135000,-135000,-135000
060303,宏達電富邦9B購01,0,0,0,0,0,0,0,0,0,-135000,0,0,0,105000,240000,-135000,-135000
2634,漢翔            ,245000,311000,-66000,0,0,0,0,0,0,-69000,0,0,0,10000,79000,-69000,-135000
057650,力成元大98購04  ,0,0,0,0,0,0,0,0,0,-135000,0,0,0,9000,144000,-135000,-135000
6271,同欣電          ,824000,376000,448000,0,0,0,20000,586000,-566000,-17000,38000,60000,-22000,11000,6000,5000,-135000
06023P,超眾國票96售03  ,0,0,0,0,0,0,0,0,0,-136000,0,0,0,281000,417000,-136000,-136000
057724,亞德客國泰99購01,0,0,0,0,0,0,0,0,0,-136000,0,0,0,202000,338000,-136000,-136000
060617,華新科元大9A購08,0,0,0,0,0,0,0,0,0,-137000,0,0,0,0,137000,-137000,-137000
059849,興勤永豐99購01  ,0,0,0,0,0,0,0,0,0,-137000,0,0,0,0,137000,-137000,-137000
2034,允強            ,159000,296000,-137000,0,0,0,0,0,0,0,0,0,0,0,0,0,-137000
053898,康友群益97購01  ,0,0,0,0,0,0,0,0,0,-137000,0,0,0,129000,266000,-137000,-137000
052183,華邦電群益95購01,0,0,0,0,0,0,0,0,0,-137000,0,0,0,0,137000,-137000,-137000
055963,欣興元大97購04  ,0,0,0,0,0,0,0,0,0,-137000,0,0,0,96000,233000,-137000,-137000
057170,瑞昱元大98購01  ,0,0,0,0,0,0,0,0,0,-137000,0,0,0,38000,175000,-137000,-137000
056655,旺宏元大99購02  ,0,0,0,0,0,0,0,0,0,-137000,0,0,0,0,137000,-137000,-137000
055301,台虹元大97購01  ,0,0,0,0,0,0,0,0,0,-137000,0,0,0,1000,138000,-137000,-137000
060626,貿聯元大9A購04  ,0,0,0,0,0,0,0,0,0,-138000,0,0,0,31000,169000,-138000,-138000
052096,力成元大95購01  ,0,0,0,0,0,0,0,0,0,-138000,0,0,0,0,138000,-138000,-138000
052907,嘉澤國票97購01  ,0,0,0,0,0,0,0,0,0,-138000,0,0,0,0,138000,-138000,-138000
052685,技嘉元大96購01  ,0,0,0,0,0,0,0,0,0,-138000,0,0,0,39000,177000,-138000,-138000
060675,南亞科元大9A購02,0,0,0,0,0,0,0,0,0,-139000,0,0,0,63000,202000,-139000,-139000
060746,玉晶光國票9B購02,0,0,0,0,0,0,0,0,0,-140000,0,0,0,5000,145000,-140000,-140000
059679,國巨國泰9B購03  ,0,0,0,0,0,0,0,0,0,-140000,0,0,0,10000,150000,-140000,-140000
06813P,友訊元富98售03  ,0,0,0,0,0,0,0,0,0,-140000,0,0,0,0,140000,-140000,-140000
051334,宏達電永豐95購01,0,0,0,0,0,0,0,0,0,-140000,0,0,0,0,140000,-140000,-140000
056309,合勤控元大97購01,0,0,0,0,0,0,0,0,0,-140000,0,0,0,108000,248000,-140000,-140000
059129,麗豐中信99購01  ,0,0,0,0,0,0,0,0,0,-140000,0,0,0,0,140000,-140000,-140000
059047,元油2X凱基9A購10,0,0,0,0,0,0,0,0,0,-140000,0,0,0,307000,447000,-140000,-140000
059985,華新科元大99購22,0,0,0,0,0,0,0,0,0,-141000,0,0,0,0,141000,-141000,-141000
059879,GIS凱基99購03   ,0,0,0,0,0,0,0,0,0,-141000,0,0,0,165000,306000,-141000,-141000
056003,智伸科永豐97購02,0,0,0,0,0,0,0,0,0,-141000,0,0,0,19000,160000,-141000,-141000
059836,大立光國泰9B購02,0,0,0,0,0,0,0,0,0,-142000,0,0,0,112000,254000,-142000,-142000
060630,國巨富邦9C購03  ,0,0,0,0,0,0,0,0,0,-142000,0,0,0,29000,171000,-142000,-142000
1902,台紙            ,250000,397000,-147000,0,0,0,0,0,0,5000,5000,0,5000,0,0,0,-142000
051324,康友國票96購01  ,0,0,0,0,0,0,0,0,0,-142000,0,0,0,0,142000,-142000,-142000
2536,宏普            ,60000,205000,-145000,0,0,0,0,0,0,2000,2000,0,2000,0,0,0,-143000
060304,大立光富邦9C購05,0,0,0,0,0,0,0,0,0,-143000,0,0,0,20000,163000,-143000,-143000
056026,智易群益97購01  ,0,0,0,0,0,0,0,0,0,-143000,0,0,0,1000,144000,-143000,-143000
055896,南電統一97購02  ,5000,6000,-1000,0,0,0,0,0,0,-142000,0,0,0,56000,198000,-142000,-143000
058547,世紀鋼富邦9A購01,0,0,0,0,0,0,0,0,0,-143000,0,0,0,322000,465000,-143000,-143000
060791,聯茂富邦9A購02  ,0,0,0,0,0,0,0,0,0,-144000,0,0,0,0,144000,-144000,-144000
054148,矽創元大96購03  ,0,0,0,0,0,0,0,0,0,-144000,0,0,0,0,144000,-144000,-144000
058487,晶技國票9A購01  ,0,0,0,0,0,0,0,0,0,-144000,0,0,0,142000,286000,-144000,-144000
055675,亞德客凱基97購02,0,0,0,0,0,0,0,0,0,-144000,0,0,0,157000,301000,-144000,-144000
055849,聯詠元大97購05  ,0,0,0,0,0,0,0,0,0,-144000,0,0,0,0,144000,-144000,-144000
1528,恩德            ,98000,243000,-145000,0,0,0,0,0,0,0,0,0,0,0,0,0,-145000
053595,創意元大96購02  ,0,0,0,0,0,0,0,0,0,-145000,0,0,0,74000,219000,-145000,-145000
054710,東元元富97購01  ,0,0,0,0,0,0,0,0,0,-145000,0,0,0,252000,397000,-145000,-145000
056895,技嘉元大98購01  ,0,0,0,0,0,0,0,0,0,-145000,0,0,0,23000,168000,-145000,-145000
05900P,臺股指凱基99售05,0,0,0,0,0,0,0,0,0,-145000,0,0,0,100000,245000,-145000,-145000
057595,健鼎兆豐98購01  ,0,0,0,0,0,0,0,0,0,-145000,0,0,0,15000,160000,-145000,-145000
060300,佐登國泰9B購01  ,0,0,0,0,0,0,0,0,0,-146000,0,0,0,0,146000,-146000,-146000
060058,牧德凱基9B購01  ,0,0,0,0,0,0,0,0,0,-146000,0,0,0,235000,381000,-146000,-146000
060050,鴻海凱基9B購01  ,0,0,0,0,0,0,0,0,0,-146000,0,0,0,10000,156000,-146000,-146000
053403,彩晶群益98購01  ,0,0,0,0,0,0,0,0,0,-146000,0,0,0,54000,200000,-146000,-146000
052860,旺宏凱基96購03  ,0,0,0,0,0,0,0,0,0,-146000,0,0,0,0,146000,-146000,-146000
057599,技嘉群益9A購01  ,0,0,0,0,0,0,0,0,0,-146000,0,0,0,40000,186000,-146000,-146000
057195,南茂元大98購01  ,0,0,0,0,0,0,0,0,0,-146000,0,0,0,221000,367000,-146000,-146000
053501,明泰兆豐96購01  ,0,0,0,0,0,0,0,0,0,-147000,0,0,0,0,147000,-147000,-147000
057178,可成元大98購03  ,0,0,0,0,0,0,0,0,0,-147000,0,0,0,70000,217000,-147000,-147000
058949,上銀群益99購02  ,0,0,0,0,0,0,0,0,0,-147000,0,0,0,0,147000,-147000,-147000
056523,光寶科中信98購01,0,0,0,0,0,0,0,0,0,-147000,0,0,0,0,147000,-147000,-147000
060128,健策永豐99購06  ,0,0,0,0,0,0,0,0,0,-148000,0,0,0,103000,251000,-148000,-148000
060085,華通元大99購10  ,0,0,0,0,0,0,0,0,0,-148000,0,0,0,54000,202000,-148000,-148000
059213,國巨元大99購19  ,0,0,0,0,0,0,0,0,0,-148000,0,0,0,68000,216000,-148000,-148000
060654,大毅群益9B購01  ,0,0,0,0,0,0,0,0,0,-149000,0,0,0,1000,150000,-149000,-149000
1723,中碳            ,129000,278000,-149000,0,0,0,0,0,0,0,0,0,0,0,0,0,-149000
057489,奇力新元大99購06,0,0,0,0,0,0,0,0,0,-149000,0,0,0,3000,152000,-149000,-149000
056919,英業達兆豐98購01,0,0,0,0,0,0,0,0,0,-149000,0,0,0,83000,232000,-149000,-149000
060504,技嘉元大9A購02  ,0,0,0,0,0,0,0,0,0,-150000,0,0,0,0,150000,-150000,-150000
060237,友達元大9A購06  ,0,0,0,0,0,0,0,0,0,-150000,0,0,0,10000,160000,-150000,-150000
060383,葡萄王凱基9A購01,0,0,0,0,0,0,0,0,0,-150000,0,0,0,0,150000,-150000,-150000
057482,微星元大98購03  ,0,0,0,0,0,0,0,0,0,-150000,0,0,0,0,150000,-150000,-150000
057637,上銀元大98購07  ,0,0,0,0,0,0,0,0,0,-150000,0,0,0,0,150000,-150000,-150000
057644,奇力新元大98購04,0,0,0,0,0,0,0,0,0,-150000,0,0,0,2000,152000,-150000,-150000
059846,力山永豐99購01  ,0,0,0,0,0,0,0,0,0,-151000,0,0,0,101000,252000,-151000,-151000
054077,中石化中信98購01,0,0,0,0,0,0,0,0,0,-151000,0,0,0,0,151000,-151000,-151000
060551,大立光凱基9B購02,0,0,0,0,0,0,0,0,0,-152000,0,0,0,48000,200000,-152000,-152000
060698,旺宏國泰9C購01  ,0,0,0,0,0,0,0,0,0,-152000,0,0,0,4000,156000,-152000,-152000
057916,國巨凱基98購13  ,0,0,0,0,0,0,0,0,0,-152000,0,0,0,48000,200000,-152000,-152000
056398,南茂永豐98購01  ,0,0,0,0,0,0,0,0,0,-152000,0,0,0,104000,256000,-152000,-152000
060676,京元電元大9A購03,0,0,0,0,0,0,0,0,0,-153000,0,0,0,10000,163000,-153000,-153000
06145P,華新科永豐97售02,0,0,0,0,0,0,0,0,0,-153000,0,0,0,0,153000,-153000,-153000
060016,廣達康和99購01  ,0,0,0,0,0,0,0,0,0,-153000,0,0,0,38000,191000,-153000,-153000
056657,華邦電元大99購01,0,0,0,0,0,0,0,0,0,-153000,0,0,0,35000,188000,-153000,-153000
058743,可成康和99購01  ,0,0,0,0,0,0,0,0,0,-153000,0,0,0,0,153000,-153000,-153000
058569,健策凱基9A購01  ,0,0,0,0,0,0,0,0,0,-153000,0,0,0,135000,288000,-153000,-153000
060683,泰鼎元大9A購02  ,0,0,0,0,0,0,0,0,0,-154000,0,0,0,61000,215000,-154000,-154000
057334,技嘉國票98購02  ,0,0,0,0,0,0,0,0,0,-154000,0,0,0,30000,184000,-154000,-154000
055457,聚陽永豐97購01  ,0,0,0,0,0,0,0,0,0,-154000,0,0,0,348000,502000,-154000,-154000
056057,華邦電元大97購05,0,0,0,0,0,0,0,0,0,-154000,0,0,0,68000,222000,-154000,-154000
058192,訊芯永豐99購01  ,0,0,0,0,0,0,0,0,0,-154000,0,0,0,0,154000,-154000,-154000
060699,華新科國泰9B購03,0,0,0,0,0,0,0,0,0,-155000,0,0,0,0,155000,-155000,-155000
053113,瀚宇博兆豐97購01,0,0,0,0,0,0,0,0,0,-155000,0,0,0,67000,222000,-155000,-155000
055562,欣興凱基97購06  ,0,0,0,0,0,0,0,0,0,-155000,0,0,0,32000,187000,-155000,-155000
060157,致茂永豐9A購02  ,0,0,0,0,0,0,0,0,0,-156000,0,0,0,55000,211000,-156000,-156000
052915,創意元富96購01  ,0,0,0,0,0,0,0,0,0,-156000,0,0,0,0,156000,-156000,-156000
4526,東台            ,83000,240000,-157000,0,0,0,0,0,0,1000,1000,0,1000,0,0,0,-156000
3605,宏致            ,330000,486000,-156000,0,0,0,0,0,0,0,0,0,0,0,0,0,-156000
059871,義隆凱基99購03  ,0,0,0,0,0,0,0,0,0,-157000,0,0,0,12000,169000,-157000,-157000
055054,群光永豐97購01  ,0,0,0,0,0,0,0,0,0,-157000,0,0,0,0,157000,-157000,-157000
057938,台表科群益98購02,0,0,0,0,0,0,0,0,0,-157000,0,0,0,271000,428000,-157000,-157000
060466,玉山金元大9A購01,0,0,0,0,0,0,0,0,0,-158000,0,0,0,63000,221000,-158000,-158000
058282,聯茂中信99購01  ,0,0,0,0,0,0,0,0,0,-158000,0,0,0,415000,573000,-158000,-158000
055120,南港兆豐97購01  ,0,0,0,0,0,0,0,0,0,-158000,0,0,0,31000,189000,-158000,-158000
058923,華新科元富99購06,0,0,0,0,0,0,0,0,0,-158000,0,0,0,0,158000,-158000,-158000
6416,瑞祺電通        ,84000,58000,26000,0,0,0,0,273000,-273000,89000,77000,10000,67000,23000,1000,22000,-158000
060290,興富發元大9C購01,0,0,0,0,0,0,0,0,0,-159000,0,0,0,57000,216000,-159000,-159000
06058P,玉晶光凱基97售04,0,0,0,0,0,0,0,0,0,-159000,0,0,0,171000,330000,-159000,-159000
051403,玉晶光永豐95購05,0,0,0,0,0,0,0,0,0,-159000,0,0,0,53000,212000,-159000,-159000
058850,華新科群益99購03,0,0,0,0,0,0,0,0,0,-159000,0,0,0,0,159000,-159000,-159000
059290,全新元富99購01  ,0,0,0,0,0,0,0,0,0,-159000,0,0,0,115000,274000,-159000,-159000
060509,宏達電元大9A購02,0,0,0,0,0,0,0,0,0,-160000,0,0,0,5000,165000,-160000,-160000
059681,華新科國泰9B購02,0,0,0,0,0,0,0,0,0,-160000,0,0,0,9000,169000,-160000,-160000
055835,華邦電元大97購03,0,0,0,0,0,0,0,0,0,-160000,0,0,0,68000,228000,-160000,-160000
056085,聯發科統一97購01,0,0,0,0,0,0,0,0,0,-160000,0,0,0,2000,162000,-160000,-160000
060686,康友元大9A購02  ,0,0,0,0,0,0,0,0,0,-161000,0,0,0,2000,163000,-161000,-161000
055841,南亞科元大97購04,0,0,0,0,0,0,0,0,0,-161000,0,0,0,0,161000,-161000,-161000
056304,創意元大97購03  ,0,0,0,0,0,0,0,0,0,-161000,0,0,0,9000,170000,-161000,-161000
060293,緯創元大9A購01  ,0,0,0,0,0,0,0,0,0,-162000,0,0,0,95000,257000,-162000,-162000
059519,台郡永豐99購01  ,0,0,0,0,0,0,0,0,0,-162000,0,0,0,16000,178000,-162000,-162000
059911,國巨元大99購27  ,0,0,0,0,0,0,0,0,0,-162000,0,0,0,206000,368000,-162000,-162000
058532,禾伸堂元富99購01,0,0,0,0,0,0,0,0,0,-162000,0,0,0,0,162000,-162000,-162000
059954,華新科康和99購01,0,0,0,0,0,0,0,0,0,-163000,0,0,0,5000,168000,-163000,-163000
060038,台積電國票99購13,0,0,0,0,0,0,0,0,0,-163000,0,0,0,62000,225000,-163000,-163000
060226,道瓊反元大9A購01,0,0,0,0,0,0,0,0,0,-163000,0,0,0,45000,208000,-163000,-163000
050459,台表科元大94購03,0,0,0,0,0,0,0,0,0,-163000,0,0,0,100000,263000,-163000,-163000
052908,大成鋼統一96購01,0,0,0,0,0,0,0,0,0,-163000,0,0,0,10000,173000,-163000,-163000
053041,可成凱基96購02  ,0,0,0,0,0,0,0,0,0,-163000,0,0,0,0,163000,-163000,-163000
057827,康友元大98購03  ,0,0,0,0,0,0,0,0,0,-163000,0,0,0,127000,290000,-163000,-163000
060376,瑞祺元富9A購01  ,0,0,0,0,0,0,0,0,0,-164000,0,0,0,40000,204000,-164000,-164000
059643,日月光凱基99購02,0,0,0,0,0,0,0,0,0,-164000,0,0,0,219000,383000,-164000,-164000
057163,上銀元大98購04  ,0,0,0,0,0,0,0,0,0,-164000,0,0,0,4000,168000,-164000,-164000
060288,群光元大9C購01  ,0,0,0,0,0,0,0,0,0,-165000,0,0,0,88000,253000,-165000,-165000
060722,矽格永豐9A購01  ,0,0,0,0,0,0,0,0,0,-165000,0,0,0,0,165000,-165000,-165000
053430,樺漢永豐96購01  ,0,0,0,0,0,0,0,0,0,-165000,0,0,0,36000,201000,-165000,-165000
057928,鈺齊凱基98購02  ,0,0,0,0,0,0,0,0,0,-165000,0,0,0,0,165000,-165000,-165000
05637P,聯電元大96售04  ,0,0,0,0,0,0,0,0,0,-165000,0,0,0,0,165000,-165000,-165000
056449,義隆凱基98購03  ,0,0,0,0,0,0,0,0,0,-165000,0,0,0,22000,187000,-165000,-165000
050725,光磊國票96購01  ,0,0,0,0,0,0,0,0,0,-166000,0,0,0,1000,167000,-166000,-166000
058517,景碩元大99購06  ,0,0,0,0,0,0,0,0,0,-166000,0,0,0,26000,192000,-166000,-166000
056243,創意群益97購03  ,0,0,0,0,0,0,0,0,0,-166000,0,0,0,34000,200000,-166000,-166000
057102,亞光中信9A購01  ,0,0,0,0,0,0,0,0,0,-167000,0,0,0,23000,190000,-167000,-167000
056589,康控統一98購01  ,0,0,0,0,0,0,0,0,0,-167000,0,0,0,0,167000,-167000,-167000
053424,欣興永豐96購02  ,0,0,0,0,0,0,0,0,0,-168000,0,0,0,36000,204000,-168000,-168000
057699,可成群益9A購02  ,0,0,0,0,0,0,0,0,0,-168000,0,0,0,0,168000,-168000,-168000
054076,義隆第一96購01  ,0,0,0,0,0,0,0,0,0,-168000,0,0,0,0,168000,-168000,-168000
057991,健策統一9C購01  ,0,0,0,0,0,0,0,0,0,-168000,0,0,0,69000,237000,-168000,-168000
060026,聯發科富邦9B購05,0,0,0,0,0,0,0,0,0,-169000,0,0,0,44000,213000,-169000,-169000
060008,華邦電群益9A購01,0,0,0,0,0,0,0,0,0,-169000,0,0,0,100000,269000,-169000,-169000
2401,凌陽            ,447000,623000,-176000,0,0,0,0,0,0,7000,26000,19000,7000,0,0,0,-169000
050615,奇力新元大95購03,0,0,0,0,0,0,0,0,0,-169000,0,0,0,4000,173000,-169000,-169000
058653,光寶科中信9A購01,0,0,0,0,0,0,0,0,0,-169000,0,0,0,106000,275000,-169000,-169000
058129,國巨元大99購10  ,0,0,0,0,0,0,0,0,0,-169000,0,0,0,0,169000,-169000,-169000
056559,華通群益98購02  ,0,0,0,0,0,0,0,0,0,-169000,0,0,0,3000,172000,-169000,-169000
050458,台郡元大94購03  ,0,0,0,0,0,0,0,0,0,-170000,0,0,0,1000,171000,-170000,-170000
054842,台達電兆豐98購01,0,0,0,0,0,0,0,0,0,-170000,0,0,0,1000,171000,-170000,-170000
056755,聯茂兆豐98購01  ,0,0,0,0,0,0,0,0,0,-170000,0,0,0,0,170000,-170000,-170000
07561P,玉晶光永豐9A售02,0,0,0,0,0,0,0,0,0,-171000,0,0,0,3000,174000,-171000,-171000
060406,瑞祺國泰9B購01  ,0,0,0,0,0,0,0,0,0,-171000,0,0,0,64000,235000,-171000,-171000
05170P,世芯元大95售01  ,0,0,0,0,0,0,0,0,0,-171000,0,0,0,615000,786000,-171000,-171000
058131,義隆元大99購02  ,0,0,0,0,0,0,0,0,0,-171000,0,0,0,75000,246000,-171000,-171000
060287,燿華元大9A購01  ,0,0,0,0,0,0,0,0,0,-172000,0,0,0,30000,202000,-172000,-172000
058730,玉晶光永豐9A購01,0,0,0,0,0,0,0,0,0,-172000,0,0,0,106000,278000,-172000,-172000
060333,金寶康和9A購01  ,0,0,0,0,0,0,0,0,0,-173000,0,0,0,0,173000,-173000,-173000
059762,禾伸堂永豐99購02,0,0,0,0,0,0,0,0,0,-173000,0,0,0,10000,183000,-173000,-173000
059744,禾伸堂元富99購02,0,0,0,0,0,0,0,0,0,-173000,0,0,0,3000,176000,-173000,-173000
057629,泰碩永豐98購02  ,0,0,0,0,0,0,0,0,0,-173000,0,0,0,1000,174000,-173000,-173000
056620,華新科永豐98購02,0,0,0,0,0,0,0,0,0,-173000,0,0,0,0,173000,-173000,-173000
059299,欣興元富99購03  ,0,0,0,0,0,0,0,0,0,-173000,0,0,0,164000,337000,-173000,-173000
060204,矽創元富9A購01  ,0,0,0,0,0,0,0,0,0,-174000,0,0,0,91000,265000,-174000,-174000
057875,京鼎元大98購03  ,0,0,0,0,0,0,0,0,0,-174000,0,0,0,5000,179000,-174000,-174000
058147,鈺齊元大99購01  ,0,0,0,0,0,0,0,0,0,-174000,0,0,0,4000,178000,-174000,-174000
060435,鈺齊永豐9A購01  ,0,0,0,0,0,0,0,0,0,-175000,0,0,0,0,175000,-175000,-175000
050480,健策國票95購04  ,0,0,0,0,0,0,0,0,0,-175000,0,0,0,83000,258000,-175000,-175000
056473,奇力新元大99購02,0,0,0,0,0,0,0,0,0,-175000,0,0,0,24000,199000,-175000,-175000
2451,創見            ,502000,645000,-143000,0,0,0,0,0,0,-33000,6000,0,6000,0,39000,-39000,-176000
07559P,祥碩元大9A售03  ,0,0,0,0,0,0,0,0,0,-177000,0,0,0,9000,186000,-177000,-177000
051669,建準元大95購01  ,0,0,0,0,0,0,0,0,0,-177000,0,0,0,10000,187000,-177000,-177000
058958,台表科國票9A購03,0,0,0,0,0,0,0,0,0,-177000,0,0,0,309000,486000,-177000,-177000
055172,凱美統一97購02  ,0,0,0,0,0,0,0,0,0,-177000,0,0,0,419000,596000,-177000,-177000
055631,創意永豐98購01  ,0,0,0,0,0,0,0,0,0,-177000,0,0,0,10000,187000,-177000,-177000
058762,貿聯群益99購03  ,0,0,0,0,0,0,0,0,0,-179000,0,0,0,0,179000,-179000,-179000
2534,宏盛            ,312000,504480,-192480,0,0,0,0,0,0,13000,0,0,0,13000,0,13000,-179480
06506P,台郡國票99售02  ,0,0,0,0,0,0,0,0,0,-180000,0,0,0,94000,274000,-180000,-180000
07260P,台灣50元大9A售01,0,0,0,0,0,0,0,0,0,-180000,0,0,0,78000,258000,-180000,-180000
060760,南亞科元大9A購04,0,0,0,0,0,0,0,0,0,-180000,0,0,0,0,180000,-180000,-180000
053101,創意元富96購03  ,0,0,0,0,0,0,0,0,0,-180000,0,0,0,30000,210000,-180000,-180000
052544,牧德元富95購01  ,0,0,0,0,0,0,0,0,0,-180000,0,0,0,20000,200000,-180000,-180000
058468,聯茂中信99購02  ,0,0,0,0,0,0,0,0,0,-180000,0,0,0,93000,273000,-180000,-180000
2375,凱美            ,596000,810000,-214000,0,0,0,0,0,0,32000,0,26000,-26000,99000,41000,58000,-182000
057740,茂林富邦9A購01  ,0,0,0,0,0,0,0,0,0,-182000,0,0,0,149000,331000,-182000,-182000
058519,嘉澤元大99購01  ,0,0,0,0,0,0,0,0,0,-182000,0,0,0,98000,280000,-182000,-182000
058047,可成元大98購11  ,0,0,0,0,0,0,0,0,0,-182000,0,0,0,1000,183000,-182000,-182000
060422,台勝科永豐9A購01,0,0,0,0,0,0,0,0,0,-183000,0,0,0,20000,203000,-183000,-183000
060321,元金2X群益9B購01,0,0,0,0,0,0,0,0,0,-183000,0,0,0,0,183000,-183000,-183000
047962,T50反1中信96購02,0,0,0,0,0,0,0,0,0,-183000,0,0,0,0,183000,-183000,-183000
059056,技嘉凱基99購02  ,0,0,0,0,0,0,0,0,0,-183000,0,0,0,22000,205000,-183000,-183000
054459,鈺齊群益96購01  ,0,0,0,0,0,0,0,0,0,-184000,0,0,0,0,184000,-184000,-184000
8996,高力            ,183000,368000,-185000,0,0,0,0,0,0,1000,1000,0,1000,0,0,0,-184000
4725,信昌化          ,89000,273000,-184000,0,0,0,0,0,0,0,0,0,0,0,0,0,-184000
051243,微星元大95購01  ,0,0,0,0,0,0,0,0,0,-185000,0,0,0,0,185000,-185000,-185000
053244,光磊國票97購01  ,0,0,0,0,0,0,0,0,0,-185000,0,0,0,71000,256000,-185000,-185000
055196,致新元富97購01  ,0,0,0,0,0,0,0,0,0,-185000,0,0,0,373000,558000,-185000,-185000
059873,華新科凱基99購09,0,0,0,0,0,0,0,0,0,-186000,0,0,0,0,186000,-186000,-186000
057325,可成群益9A購01  ,0,0,0,0,0,0,0,0,0,-186000,0,0,0,9000,195000,-186000,-186000
05880P,創意康和96售01  ,0,0,0,0,0,0,0,0,0,-186000,0,0,0,10000,196000,-186000,-186000
1515,力山            ,373000,561000,-188000,0,0,0,0,0,0,1100,3000,8000,-5000,11100,5000,6100,-186900
051310,台達電麥證95購01,0,0,0,0,187000,-187000,0,0,0,-187000,0,0,0,0,187000,-187000,-187000
058573,鴻海群益9A購02  ,0,0,0,0,0,0,0,0,0,-187000,0,0,0,46000,233000,-187000,-187000
058567,華新科凱基9A購02,0,0,0,0,0,0,0,0,0,-188000,0,0,0,5000,193000,-188000,-188000
058239,景碩元大99購03  ,0,0,0,0,0,0,0,0,0,-188000,0,0,0,84000,272000,-188000,-188000
056822,佐登永豐98購01  ,0,0,0,0,0,0,0,0,0,-188000,0,0,0,0,188000,-188000,-188000
07366P,國巨康和99售02  ,0,0,0,0,0,0,0,0,0,-189000,0,0,0,282000,471000,-189000,-189000
054718,可成永豐97購01  ,0,0,0,0,0,0,0,0,0,-189000,0,0,0,0,189000,-189000,-189000
052374,瑞昱元大95購02  ,0,0,0,0,0,0,0,0,0,-189000,0,0,0,16000,205000,-189000,-189000
059201,祥碩永豐99購02  ,0,0,0,0,0,0,0,0,0,-189000,0,0,0,133000,322000,-189000,-189000
07264P,台積電元大99售38,0,0,0,0,0,0,0,0,0,-190000,0,0,0,6000,196000,-190000,-190000
059898,T50反1元大99購15,0,0,0,0,0,0,0,0,0,-190000,0,0,0,2000,192000,-190000,-190000
053750,致伸永豐96購02  ,0,0,0,0,0,0,0,0,0,-190000,0,0,0,0,190000,-190000,-190000
057397,茂林中信9A購01  ,0,0,0,0,0,0,0,0,0,-190000,0,0,0,40000,230000,-190000,-190000
056506,晶豪科永豐98購02,0,0,0,0,0,0,0,0,0,-190000,0,0,0,40000,230000,-190000,-190000
057842,緯穎富邦99購02  ,0,0,0,0,0,0,0,0,0,-190000,0,0,0,0,190000,-190000,-190000
060227,和大元大9A購01  ,0,0,0,0,0,0,0,0,0,-191000,0,0,0,65000,256000,-191000,-191000
055297,啟碁元大97購01  ,0,0,0,0,0,0,0,0,0,-191000,0,0,0,0,191000,-191000,-191000
059040,訊芯群益99購03  ,0,0,0,0,0,0,0,0,0,-191000,0,0,0,7000,198000,-191000,-191000
046906,新光金凱基99購02,0,0,0,0,0,0,0,0,0,-192000,0,0,0,5000,197000,-192000,-192000
055940,致新群益98購01  ,0,0,0,0,0,0,0,0,0,-192000,0,0,0,150000,342000,-192000,-192000
058348,台表科群益99購01,0,0,0,0,0,0,0,0,0,-192000,0,0,0,322000,514000,-192000,-192000
060238,強茂元大9C購01  ,0,0,0,0,0,0,0,0,0,-193000,0,0,0,32000,225000,-193000,-193000
060437,宏全永豐9A購01  ,0,0,0,0,0,0,0,0,0,-193000,0,0,0,0,193000,-193000,-193000
060653,全新群益9A購02  ,0,0,0,0,0,0,0,0,0,-193000,0,0,0,8000,201000,-193000,-193000
058050,台郡元大99購05  ,0,0,0,0,0,0,0,0,0,-193000,0,0,0,119000,312000,-193000,-193000
058152,聯發科統一9B購02,0,0,0,0,0,0,0,0,0,-193000,0,0,0,0,193000,-193000,-193000
6504,南六            ,19000,184686,-165686,0,0,0,22000,0,22000,-51000,4000,2000,2000,3000,56000,-53000,-194686
06337P,祥碩元大97售05  ,0,0,0,0,0,0,0,0,0,-195000,0,0,0,808000,1003000,-195000,-195000
053352,義隆兆豐96購01  ,0,0,0,0,0,0,0,0,0,-195000,0,0,0,0,195000,-195000,-195000
057821,晶相光元大98購03,0,0,0,0,0,0,0,0,0,-196000,0,0,0,79000,275000,-196000,-196000
058080,台積電群益98購06,0,0,0,0,0,0,0,0,0,-196000,0,0,0,4000,200000,-196000,-196000
057817,景碩元大98購01  ,0,0,0,0,0,0,0,0,0,-197000,0,0,0,172000,369000,-197000,-197000
046630,京元電元富95購03,0,0,0,0,0,0,0,0,0,-197000,0,0,0,6000,203000,-197000,-197000
055731,美律元富97購01  ,0,0,0,0,0,0,0,0,0,-197000,0,0,0,119000,316000,-197000,-197000
07172P,臺股指國票99售09,0,0,0,0,0,0,0,0,0,-198000,0,0,0,213000,411000,-198000,-198000
07462P,臺股指元大9B售05,0,0,0,0,0,0,0,0,0,-198000,0,0,0,124000,322000,-198000,-198000
057698,奇力新群益98購02,0,0,0,0,0,0,0,0,0,-198000,0,0,0,6000,204000,-198000,-198000
07412P,國巨元大99售32  ,0,0,0,0,0,0,0,0,0,-199000,0,0,0,1000,200000,-199000,-199000
060252,緯穎元大9A購02  ,0,0,0,0,0,0,0,0,0,-199000,0,0,0,4000,203000,-199000,-199000
059950,百和永豐99購02  ,0,0,0,0,0,0,0,0,0,-199000,0,0,0,85000,284000,-199000,-199000
059127,國巨中信99購04  ,0,0,0,0,0,0,0,0,0,-199000,0,0,0,78000,277000,-199000,-199000
060775,世芯凱基9A購02  ,0,0,0,0,0,0,0,0,0,-200000,0,0,0,0,200000,-200000,-200000
06284P,台積電國票98售03,0,0,0,0,0,0,0,0,0,-200000,0,0,0,183000,383000,-200000,-200000
053934,A50正2元富96購02,0,0,0,0,0,0,0,0,0,-200000,0,0,0,0,200000,-200000,-200000
053361,友達元富99購01  ,0,0,0,0,0,0,0,0,0,-200000,0,0,0,170000,370000,-200000,-200000
054722,傳奇永豐97購01  ,0,0,0,0,0,0,0,0,0,-200000,0,0,0,0,200000,-200000,-200000
050798,TPK中信96購01   ,0,0,0,0,0,0,0,0,0,-200000,0,0,0,0,200000,-200000,-200000
050847,創意國票96購01  ,0,0,0,0,0,0,0,0,0,-200000,0,0,0,15000,215000,-200000,-200000
056260,鴻海統一98購07  ,0,0,0,0,0,0,0,0,0,-200000,0,0,0,0,200000,-200000,-200000
056579,麗豐元大99購01  ,0,0,0,0,0,0,0,0,0,-201000,0,0,0,0,201000,-201000,-201000
057903,聯鈞永豐99購01  ,0,0,0,0,0,0,0,0,0,-202000,0,0,0,30000,232000,-202000,-202000
058248,聯茂元大99購05  ,0,0,0,0,0,0,0,0,0,-202000,0,0,0,27000,229000,-202000,-202000
056970,TPK永豐98購01   ,0,0,0,0,0,0,0,0,0,-202000,0,0,0,172000,374000,-202000,-202000
07535P,上銀元富9A售03  ,0,0,0,0,0,0,0,0,0,-203000,0,0,0,80000,283000,-203000,-203000
060540,南亞凱基9A購01  ,0,0,0,0,0,0,0,0,0,-203000,0,0,0,66000,269000,-203000,-203000
059939,技嘉永豐99購01  ,0,0,0,0,0,0,0,0,0,-203000,0,0,0,59000,262000,-203000,-203000
059876,智易凱基99購02  ,0,0,0,0,0,0,0,0,0,-203000,0,0,0,55000,258000,-203000,-203000
058514,潤泰全元大99購01,0,0,0,0,0,0,0,0,0,-203000,0,0,0,16000,219000,-203000,-203000
07245P,台積電凱基99售16,0,0,0,0,0,0,0,0,0,-204000,0,0,0,54000,258000,-204000,-204000
053486,T50反1兆豐96購01,0,0,0,0,0,0,0,0,0,-204000,0,0,0,140000,344000,-204000,-204000
2516,新建            ,31000,236000,-205000,0,0,0,0,0,0,0,0,0,0,0,0,0,-205000
060156,光磊永豐9A購01  ,0,0,0,0,0,0,0,0,0,-205000,0,0,0,78000,283000,-205000,-205000
057276,全新元大99購03  ,0,0,0,0,0,0,0,0,0,-205000,0,0,0,0,205000,-205000,-205000
058021,牧德凱基98購02  ,0,0,0,0,0,0,0,0,0,-205000,0,0,0,11000,216000,-205000,-205000
058788,喬山元大99購01  ,0,0,0,0,0,0,0,0,0,-205000,0,0,0,129000,334000,-205000,-205000
059174,訊芯凱基99購01  ,0,0,0,0,0,0,0,0,0,-205000,0,0,0,60000,265000,-205000,-205000
06013P,世芯國泰97售03  ,0,0,0,0,0,0,0,0,0,-206000,0,0,0,15000,221000,-206000,-206000
059016,晶相光元富99購03,0,0,0,0,0,0,0,0,0,-206000,0,0,0,1000,207000,-206000,-206000
057787,TPK國票99購01   ,0,0,0,0,0,0,0,0,0,-207000,0,0,0,44000,251000,-207000,-207000
056903,大立光元大99購04,0,0,0,0,0,0,0,0,0,-207000,0,0,0,7000,214000,-207000,-207000
053970,聯發科元大97購08,0,0,0,0,0,0,0,0,0,-210000,0,0,0,11000,221000,-210000,-210000
055207,致新中信99購01  ,0,0,0,0,0,0,0,0,0,-210000,0,0,0,0,210000,-210000,-210000
057120,茂林康和98購01  ,0,0,0,0,0,0,0,0,0,-210000,0,0,0,178000,388000,-210000,-210000
057032,A50反1元大9B購01,0,0,0,0,0,0,0,0,0,-210000,0,0,0,0,210000,-210000,-210000
056255,華新科元富97購05,0,0,0,0,0,0,0,0,0,-210000,0,0,0,0,210000,-210000,-210000
2017,官田鋼          ,36000,0,36000,0,0,0,0,0,0,-247000,3000,250000,-247000,0,0,0,-211000
060165,上緯控永豐9A購01,0,0,0,0,0,0,0,0,0,-212000,0,0,0,0,212000,-212000,-212000
054974,台表科元大98購02,0,0,0,0,0,0,0,0,0,-212000,0,0,0,58000,270000,-212000,-212000
060723,致新永豐9A購01  ,0,0,0,0,0,0,0,0,0,-213000,0,0,0,0,213000,-213000,-213000
053892,景碩群益96購02  ,0,0,0,0,0,0,0,0,0,-213000,0,0,0,0,213000,-213000,-213000
057647,欣興元大98購10  ,0,0,0,0,0,0,0,0,0,-213000,0,0,0,178000,391000,-213000,-213000
057611,技嘉元富98購02  ,0,0,0,0,0,0,0,0,0,-213000,0,0,0,0,213000,-213000,-213000
055232,泰碩國票98購01  ,3000,0,3000,0,0,0,0,0,0,-216000,0,0,0,126000,342000,-216000,-213000
058920,SGBR2X元富99購06,0,0,0,0,0,0,0,0,0,-213000,0,0,0,40000,253000,-213000,-213000
059385,滬深2X凱基9C購03,0,0,0,0,0,0,0,0,0,-214000,0,0,0,0,214000,-214000,-214000
056796,國巨麥證98購02  ,0,0,0,18000,215000,-197000,0,0,0,-214000,0,0,0,18000,232000,-214000,-214000
058537,彩晶統一9B購01  ,0,0,0,0,0,0,0,0,0,-214000,0,0,0,64000,278000,-214000,-214000
060640,京鼎永豐9A購01  ,0,0,0,0,0,0,0,0,0,-215000,0,0,0,6000,221000,-215000,-215000
059977,鴻海元大99購40  ,0,0,0,0,0,0,0,0,0,-215000,0,0,0,266000,481000,-215000,-215000
2059,川湖            ,39000,263000,-224000,0,0,0,0,0,0,9000,16000,7000,9000,0,0,0,-215000
2355,敬鵬            ,689000,922000,-233000,0,0,0,0,0,0,18000,18000,0,18000,0,0,0,-215000
057236,聯詠凱基98購03  ,0,0,0,0,0,0,0,0,0,-215000,0,0,0,0,215000,-215000,-215000
060646,南電永豐9A購01  ,0,0,0,0,0,0,0,0,0,-216000,0,0,0,111000,327000,-216000,-216000
060398,立積國票9B購01  ,0,0,0,0,0,0,0,0,0,-216000,0,0,0,95000,311000,-216000,-216000
6285,啟碁            ,463000,726000,-263000,0,0,0,22000,0,22000,25000,22000,22000,0,30000,5000,25000,-216000
053598,日月光元大96購04,0,0,0,0,0,0,0,0,0,-217000,0,0,0,1000,218000,-217000,-217000
053399,創意中信96購01  ,0,0,0,0,0,0,0,0,0,-217000,0,0,0,21000,238000,-217000,-217000
056936,禾伸堂元富98購01,0,0,0,0,0,0,0,0,0,-217000,0,0,0,0,217000,-217000,-217000
058741,欣興日盛99購01  ,0,0,0,0,0,0,0,0,0,-217000,0,0,0,97000,314000,-217000,-217000
2101,南港            ,295000,584000,-289000,0,0,0,0,0,0,71000,4000,0,4000,75000,8000,67000,-218000
07291P,臺股指凱基99售43,0,0,0,0,0,0,0,0,0,-218000,0,0,0,12000,230000,-218000,-218000
053836,亞光永豐96購02  ,0,0,0,0,0,0,0,0,0,-218000,0,0,0,80000,298000,-218000,-218000
057374,禾伸堂元大99購03,0,0,0,0,0,0,0,0,0,-218000,0,0,0,0,218000,-218000,-218000
058522,聯茂元大99購07  ,0,0,0,0,0,0,0,0,0,-218000,0,0,0,229000,447000,-218000,-218000
07256P,臺股指凱基99售36,0,0,0,0,0,0,0,0,0,-219000,0,0,0,345000,564000,-219000,-219000
060138,T50反1國票9A購03,0,0,0,0,0,0,0,0,0,-219000,0,0,0,0,219000,-219000,-219000
052164,啟碁永豐95購01  ,0,0,0,0,0,0,0,0,0,-219000,0,0,0,0,219000,-219000,-219000
050731,昇陽半國票96購01,0,0,0,0,0,0,0,0,0,-219000,0,0,0,0,219000,-219000,-219000
053177,華邦電統一96購01,0,0,0,0,0,0,0,0,0,-220000,0,0,0,0,220000,-220000,-220000
054807,台化元大9A購02  ,0,0,0,0,0,0,0,0,0,-220000,0,0,0,0,220000,-220000,-220000
052229,奇力新凱基96購01,0,0,0,0,0,0,0,0,0,-220000,0,0,0,33000,253000,-220000,-220000
055844,大毅元大98購01  ,0,0,0,0,0,0,0,0,0,-221000,0,0,0,58000,279000,-221000,-221000
060562,旺宏富邦9C購02  ,0,0,0,0,0,0,0,0,0,-222000,0,0,0,0,222000,-222000,-222000
060704,台積電富邦01購01,0,0,0,0,0,0,0,0,0,-222000,0,0,0,10000,232000,-222000,-222000
03440B,臺股指元大9B熊02,0,0,0,0,0,0,0,0,0,-222000,0,0,0,854000,1076000,-222000,-222000
058494,可成群益9B購01  ,0,0,0,0,0,0,0,0,0,-222000,0,0,0,8000,230000,-222000,-222000
060474,中租元大9B購01  ,0,0,0,0,0,0,0,0,0,-223000,0,0,0,25000,248000,-223000,-223000
057605,旺宏統一99購03  ,0,0,0,0,0,0,0,0,0,-223000,0,0,0,1000,224000,-223000,-223000
058250,台虹元大99購01  ,0,0,0,0,0,0,0,0,0,-223000,0,0,0,16000,239000,-223000,-223000
060346,華新科統一01購01,0,0,0,0,0,0,0,0,0,-224000,0,0,0,2000,226000,-224000,-224000
06836P,玉晶光國票99售06,0,0,0,0,0,0,0,0,0,-224000,0,0,0,699000,923000,-224000,-224000
054050,創意元大96購06  ,0,0,0,0,0,0,0,0,0,-224000,0,0,0,21000,245000,-224000,-224000
055388,華通統一97購03  ,0,0,0,0,0,0,0,0,0,-225000,0,0,0,0,225000,-225000,-225000
059080,亞泥元大99購01  ,0,0,0,0,0,0,0,0,0,-225000,0,0,0,90000,315000,-225000,-225000
07300P,臺股指元大9A售33,0,0,0,0,0,0,0,0,0,-227000,0,0,0,73000,300000,-227000,-227000
057356,彩晶統一98購04  ,0,0,0,0,0,0,0,0,0,-227000,0,0,0,5000,232000,-227000,-227000
058752,鈺齊凱基9A購01  ,0,0,0,0,0,0,0,0,0,-227000,0,0,0,0,227000,-227000,-227000
058930,華新科統一9B購01,0,0,0,0,0,0,0,0,0,-228000,0,0,0,0,228000,-228000,-228000
059850,日電貿永豐99購01,0,0,0,0,0,0,0,0,0,-229000,0,0,0,71000,300000,-229000,-229000
053170,茂林群益96購04  ,0,0,0,0,0,0,0,0,0,-229000,0,0,0,2000,231000,-229000,-229000
053453,新光金統一98購01,0,0,0,0,0,0,0,0,0,-230000,0,0,0,61000,291000,-230000,-230000
058195,鈺齊永豐99購01  ,0,0,0,0,0,0,0,0,0,-230000,0,0,0,0,230000,-230000,-230000
059536,新光金凱基99購05,0,0,0,0,0,0,0,0,0,-231000,0,0,0,10000,241000,-231000,-231000
052227,瑞昱凱基95購05  ,0,0,0,0,0,0,0,0,0,-231000,0,0,0,0,231000,-231000,-231000
059629,友達凱基99購06  ,0,0,0,0,0,0,0,0,0,-232000,0,0,0,118000,350000,-232000,-232000
060715,日電貿永豐9A購01,0,0,0,0,0,0,0,0,0,-232000,0,0,0,0,232000,-232000,-232000
060667,力成凱基9A購01  ,0,0,0,0,0,0,0,0,0,-232000,0,0,0,0,232000,-232000,-232000
4915,致伸            ,583000,836000,-253000,0,0,0,0,0,0,21000,12000,0,12000,9000,0,9000,-232000
060625,華擎元大9A購01  ,0,0,0,0,0,0,0,0,0,-233000,0,0,0,37000,270000,-233000,-233000
060127,牧德永豐99購02  ,0,0,0,0,0,0,0,0,0,-233000,0,0,0,4000,237000,-233000,-233000
057937,神達群益98購02  ,0,0,0,0,0,0,0,0,0,-233000,0,0,0,0,233000,-233000,-233000
058931,玉晶光統一9C購01,0,0,0,0,0,0,0,0,0,-234000,0,0,0,397000,631000,-234000,-234000
056615,燿華永豐98購02  ,0,0,0,0,0,0,0,0,0,-234000,0,0,0,166000,400000,-234000,-234000
059864,亞德客凱基99購01,0,0,0,0,0,0,0,0,0,-235000,0,0,0,59000,294000,-235000,-235000
052795,健策兆豐97購01  ,0,0,0,0,0,0,0,0,0,-235000,0,0,0,2000,237000,-235000,-235000
053250,百和國票97購02  ,0,0,0,0,0,0,0,0,0,-235000,0,0,0,48000,283000,-235000,-235000
058732,矽格永豐99購01  ,0,0,0,0,0,0,0,0,0,-235000,0,0,0,32000,267000,-235000,-235000
059319,台光電元大99購04,0,0,0,0,0,0,0,0,0,-236000,0,0,0,38000,274000,-236000,-236000
057056,立積元大99購02  ,0,0,0,0,0,0,0,0,0,-237000,0,0,0,24000,261000,-237000,-237000
059154,可成日盛99購02  ,0,0,0,0,0,0,0,0,0,-238000,0,0,0,28000,266000,-238000,-238000
059771,台積電群益99購11,0,0,0,0,0,0,0,0,0,-239000,0,0,0,14000,253000,-239000,-239000
056296,旺宏元大97購07  ,0,0,0,0,0,0,0,0,0,-239000,0,0,0,300000,539000,-239000,-239000
3010,華立            ,135000,365000,-230000,0,0,0,0,0,0,-9000,1000,10000,-9000,0,0,0,-239000
059358,旺宏永豐99購02  ,0,0,0,0,0,0,0,0,0,-240000,0,0,0,10000,250000,-240000,-240000
058244,神達元大99購02  ,50000,0,50000,0,0,0,0,0,0,-290000,0,0,0,186000,476000,-290000,-240000
055173,瑞昱統一97購01  ,0,0,0,0,0,0,0,0,0,-240000,0,0,0,13000,253000,-240000,-240000
6196,帆宣            ,162000,396000,-234000,0,0,0,0,0,0,-6000,0,0,0,2000,8000,-6000,-240000
2820,華票            ,232000,483000,-251000,0,0,0,0,0,0,10000,10000,0,10000,0,0,0,-241000
1582,信錦            ,142000,383000,-241000,0,0,0,0,0,0,0,0,0,0,0,0,0,-241000
057355,彩晶統一98購03  ,0,0,0,0,0,0,0,0,0,-241000,0,0,0,0,241000,-241000,-241000
058293,光寶科凱基9A購01,0,0,0,0,0,0,0,0,0,-241000,0,0,0,39000,280000,-241000,-241000
2015,豐興            ,138000,445000,-307000,0,0,0,60000,0,60000,5000,5000,0,5000,0,0,0,-242000
057531,禾伸堂元大99購04,0,0,0,0,0,0,0,0,0,-242000,0,0,0,0,242000,-242000,-242000
053536,明泰永豐96購01  ,0,0,0,0,0,0,0,0,0,-242000,0,0,0,382000,624000,-242000,-242000
059831,聯詠康和99購01  ,0,0,0,0,0,0,0,0,0,-243000,0,0,0,0,243000,-243000,-243000
059830,台郡凱基99購05  ,0,0,0,0,0,0,0,0,0,-244000,0,0,0,25000,269000,-244000,-244000
060708,康友富邦9B購01  ,0,0,0,0,0,0,0,0,0,-244000,0,0,0,0,244000,-244000,-244000
049064,T50反1凱基96購03,0,0,0,0,0,0,0,0,0,-244000,0,0,0,60000,304000,-244000,-244000
057773,技嘉群益9A購02  ,0,0,0,0,0,0,0,0,0,-244000,0,0,0,55000,299000,-244000,-244000
052137,台表科凱基96購02,0,0,0,0,0,0,0,0,0,-244000,0,0,0,0,244000,-244000,-244000
056107,智易永豐97購02  ,0,0,0,0,0,0,0,0,0,-244000,0,0,0,0,244000,-244000,-244000
056358,友訊元大99購01  ,0,0,0,0,0,0,0,0,0,-244000,0,0,0,0,244000,-244000,-244000
058965,祥碩兆豐99購02  ,0,0,0,0,0,0,0,0,0,-245000,0,0,0,40000,285000,-245000,-245000
060021,立積康和99購01  ,0,0,0,0,0,0,0,0,0,-246000,0,0,0,118000,364000,-246000,-246000
054638,國泰金中信99購01,0,0,0,0,0,0,0,0,0,-246000,0,0,0,20000,266000,-246000,-246000
056422,全新統一98購02  ,0,0,0,0,0,0,0,0,0,-246000,0,0,0,1000,247000,-246000,-246000
058085,景碩群益9A購01  ,0,0,0,0,0,0,0,0,0,-246000,0,0,0,60000,306000,-246000,-246000
060627,國巨國泰9B購05  ,0,0,0,0,0,0,0,0,0,-248000,0,0,0,117000,365000,-248000,-248000
054699,復盛永豐97購01  ,0,0,0,0,0,0,0,0,0,-248000,0,0,0,0,248000,-248000,-248000
052529,力成元大95購03  ,0,0,0,0,0,0,0,0,0,-248000,0,0,0,30000,278000,-248000,-248000
056488,致新元大99購01  ,0,0,0,0,0,0,0,0,0,-248000,0,0,0,296000,544000,-248000,-248000
060214,茂林康和9A購01  ,0,0,0,0,0,0,0,0,0,-249000,0,0,0,0,249000,-249000,-249000
07409P,台積電台新99售07,0,0,0,0,0,0,0,0,0,-249000,0,0,0,0,249000,-249000,-249000
052389,聯發科群益95購05,0,0,0,0,0,0,0,0,0,-249000,0,0,0,5000,254000,-249000,-249000
053431,志超永豐96購01  ,0,0,0,0,0,0,0,0,0,-249000,0,0,0,0,249000,-249000,-249000
049973,T50反1日盛9A購01,0,0,0,0,0,0,0,0,0,-250000,0,0,0,430000,680000,-250000,-250000
053973,晶豪科元大96購01,0,0,0,0,0,0,0,0,0,-250000,0,0,0,43000,293000,-250000,-250000
055458,燿華永豐98購01  ,0,0,0,0,0,0,0,0,0,-250000,0,0,0,58000,308000,-250000,-250000
059945,嘉澤永豐99購03  ,0,0,0,0,0,0,0,0,0,-251000,0,0,0,363000,614000,-251000,-251000
056083,億光統一97購03  ,0,0,0,0,0,0,0,0,0,-252000,0,0,0,50000,302000,-252000,-252000
07265P,大立光元大99售16,0,0,0,0,0,0,0,0,0,-254000,0,0,0,93000,347000,-254000,-254000
051675,瑞儀元大96購02  ,0,0,0,0,0,0,0,0,0,-255000,0,0,0,80000,335000,-255000,-255000
053347,茂林國票98購01  ,0,0,0,0,0,0,0,0,0,-256000,0,0,0,138000,394000,-256000,-256000
052602,聯電元大97購01  ,0,0,0,0,0,0,0,0,0,-256000,0,0,0,652000,908000,-256000,-256000
057683,技嘉日盛98購01  ,0,0,0,0,0,0,0,0,0,-256000,0,0,0,8000,264000,-256000,-256000
4119,旭富            ,183000,400000,-217000,0,0,0,0,13000,-13000,-26000,0,0,0,5000,31000,-26000,-256000
060234,凱美元大9C購01  ,0,0,0,0,0,0,0,0,0,-257000,0,0,0,64000,321000,-257000,-257000
056711,亞光永豐98購01  ,0,0,0,0,0,0,0,0,0,-257000,0,0,0,38000,295000,-257000,-257000
059450,和大永豐99購01  ,0,0,0,0,0,0,0,0,0,-257000,0,0,0,0,257000,-257000,-257000
059198,華新科永豐99購06,0,0,0,0,0,0,0,0,0,-257000,0,0,0,68000,325000,-257000,-257000
6230,超眾            ,320000,422000,-102000,0,0,0,38000,0,38000,-193000,8000,33000,-25000,25000,193000,-168000,-257000
057809,英業達元大98購01,0,0,0,0,0,0,0,0,0,-258000,0,0,0,73000,331000,-258000,-258000
055528,華邦電群益97購01,0,0,0,0,0,0,0,0,0,-258000,0,0,0,0,258000,-258000,-258000
058526,鈺齊元大99購02  ,0,0,0,0,0,0,0,0,0,-258000,0,0,0,0,258000,-258000,-258000
059867,華邦電凱基99購02,0,0,0,0,0,0,0,0,0,-259000,0,0,0,161000,420000,-259000,-259000
053157,日月光元大96購03,0,0,0,0,0,0,0,0,0,-259000,0,0,0,0,259000,-259000,-259000
051318,上銀國票96購01  ,0,0,0,0,0,0,0,0,0,-260000,0,0,0,2000,262000,-260000,-260000
053630,奇鋐兆豐97購01  ,0,0,0,0,0,0,0,0,0,-261000,0,0,0,0,261000,-261000,-261000
058315,TPK富邦9C購01   ,0,0,0,0,0,0,0,0,0,-261000,0,0,0,643000,904000,-261000,-261000
059925,可成國泰9B購01  ,0,0,0,0,0,0,0,0,0,-262000,0,0,0,61000,323000,-262000,-262000
051918,聯茂元大95購01  ,0,0,0,0,0,0,0,0,0,-262000,0,0,0,169000,431000,-262000,-262000
059255,臺股指凱基99購33,0,0,0,0,0,0,0,0,0,-262000,0,0,0,119000,381000,-262000,-262000
060707,台郡富邦9A購01  ,0,0,0,0,0,0,0,0,0,-263000,0,0,0,0,263000,-263000,-263000
054970,帆宣元大97購01  ,0,0,0,0,0,0,0,0,0,-263000,0,0,0,35000,298000,-263000,-263000
1707,葡萄王          ,122000,143000,-21000,0,0,0,0,245000,-245000,2000,2000,0,2000,0,0,0,-264000
07415P,台積電元大99售52,0,0,0,0,0,0,0,0,0,-265000,0,0,0,1000,266000,-265000,-265000
057967,聯發科國泰9A購02,0,0,0,0,0,0,0,0,0,-265000,0,0,0,4000,269000,-265000,-265000
060645,台表科永豐9A購02,0,0,0,0,0,0,0,0,0,-267000,0,0,0,132000,399000,-267000,-267000
056823,智伸科永豐98購01,0,0,0,0,0,0,0,0,0,-268000,0,0,0,125000,393000,-268000,-268000
058831,茂林永豐99購01  ,0,0,0,0,0,0,0,0,0,-269000,0,0,0,58000,327000,-269000,-269000
056954,聯詠富邦9A購01  ,0,0,0,0,0,0,0,0,0,-269000,0,0,0,61000,330000,-269000,-269000
060188,華新科元富9A購03,0,0,0,0,0,0,0,0,0,-270000,0,0,0,0,270000,-270000,-270000
06698P,玉晶光國票99售05,0,0,0,0,0,0,0,0,0,-270000,0,0,0,0,270000,-270000,-270000
052432,康友永豐95購04  ,0,0,0,0,0,0,0,0,0,-270000,0,0,0,0,270000,-270000,-270000
049235,元油2X元富96購05,0,0,0,0,0,0,0,0,0,-270000,0,0,0,0,270000,-270000,-270000
060405,中租國泰9C購01  ,0,0,0,0,0,0,0,0,0,-271000,0,0,0,5000,276000,-271000,-271000
054255,亞光元大96購05  ,0,0,0,0,0,0,0,0,0,-271000,0,0,0,43000,314000,-271000,-271000
055647,義隆元富97購01  ,0,0,0,0,0,0,0,0,0,-271000,0,0,0,0,271000,-271000,-271000
059215,台積電元大99購28,0,0,0,0,0,0,0,0,0,-273000,0,0,0,63000,336000,-273000,-273000
057810,技嘉元大98購06  ,0,0,0,0,0,0,0,0,0,-274000,0,0,0,0,274000,-274000,-274000
060232,友訊元大9C購01  ,0,0,0,0,0,0,0,0,0,-275000,0,0,0,68000,343000,-275000,-275000
2642,宅配通          ,30000,305000,-275000,0,0,0,0,0,0,0,0,0,0,0,0,0,-275000
059128,友達中信99購02  ,0,0,0,0,0,0,0,0,0,-275000,0,0,0,533000,808000,-275000,-275000
060119,上銀富邦9B購03  ,0,0,0,0,0,0,0,0,0,-276000,0,0,0,334000,610000,-276000,-276000
059580,大立光元富99購07,0,0,0,0,0,0,0,0,0,-276000,0,0,0,94000,370000,-276000,-276000
053392,致新元大96購01  ,0,0,0,0,0,0,0,0,0,-276000,0,0,0,70000,346000,-276000,-276000
051461,聯詠國泰96購01  ,0,0,0,0,0,0,0,0,0,-278000,0,0,0,86000,364000,-278000,-278000
054582,致新元大97購01  ,0,0,0,0,0,0,0,0,0,-279000,0,0,0,217000,496000,-279000,-279000
056415,聯發科中信98購04,0,0,0,0,0,0,0,0,0,-279000,0,0,0,10000,289000,-279000,-279000
055257,景碩統一97購01  ,0,0,0,0,0,0,0,0,0,-279000,0,0,0,52000,331000,-279000,-279000
060430,和潤永豐9A購01  ,0,0,0,0,0,0,0,0,0,-280000,0,0,0,10000,290000,-280000,-280000
07479P,A50正2元富9A售03,0,0,0,0,0,0,0,0,0,-280000,0,0,0,0,280000,-280000,-280000
054252,奇力新元大96購04,0,0,0,0,0,0,0,0,0,-280000,0,0,0,3000,283000,-280000,-280000
051647,華新科永豐95購02,0,0,0,0,0,0,0,0,0,-280000,0,0,0,0,280000,-280000,-280000
060033,臻鼎永豐99購01  ,0,0,0,0,0,0,0,0,0,-281000,0,0,0,84000,365000,-281000,-281000
9933,中鼎            ,537000,824000,-287000,0,0,0,0,0,0,6000,6000,0,6000,0,0,0,-281000
4532,瑞智            ,104000,388000,-284000,0,0,0,0,0,0,2000,2000,0,2000,0,0,0,-282000
058453,可成永豐99購01  ,0,0,0,0,0,0,0,0,0,-283000,0,0,0,0,283000,-283000,-283000
060154,堤維西永豐9A購01,0,0,0,0,0,0,0,0,0,-284000,0,0,0,27000,311000,-284000,-284000
06859P,元金2X中信9C售01,0,0,0,0,0,0,0,0,0,-284000,0,0,0,26000,310000,-284000,-284000
055654,景碩元富97購01  ,0,0,0,0,0,0,0,0,0,-284000,0,0,0,0,284000,-284000,-284000
059457,立積永豐99購02  ,0,0,0,0,0,0,0,0,0,-284000,0,0,0,323000,607000,-284000,-284000
07354P,臺股指國票99售22,0,0,0,0,0,0,0,0,0,-285000,0,0,0,0,285000,-285000,-285000
056961,凱美永豐98購01  ,0,0,0,0,0,0,0,0,0,-285000,0,0,0,5000,290000,-285000,-285000
056939,康控元富98購01  ,0,0,0,0,0,0,0,0,0,-286000,0,0,0,159000,445000,-286000,-286000
060216,鴻海凱基9A購17  ,0,0,0,0,0,0,0,0,0,-287000,0,0,0,30000,317000,-287000,-287000
052575,茂林凱基96購04  ,0,0,0,0,0,0,0,0,0,-287000,0,0,0,10000,297000,-287000,-287000
056281,深中小永豐97購01,0,0,0,0,0,0,0,0,0,-287000,0,0,0,0,287000,-287000,-287000
054001,康友群益96購02  ,0,0,0,0,0,0,0,0,0,-288000,0,0,0,2000,290000,-288000,-288000
056586,光罩統一98購02  ,0,0,0,0,0,0,0,0,0,-289000,0,0,0,40000,329000,-289000,-289000
059188,京元電富邦9B購01,0,0,0,0,0,0,0,0,0,-289000,0,0,0,83000,372000,-289000,-289000
060404,台勝科國泰9B購01,0,0,0,0,0,0,0,0,0,-290000,0,0,0,57000,347000,-290000,-290000
057393,台積電中信02購01,0,0,0,0,0,0,0,0,0,-290000,0,0,0,0,290000,-290000,-290000
059189,國泰金富邦9B購01,0,0,0,0,0,0,0,0,0,-291000,0,0,0,105000,396000,-291000,-291000
052727,仁寶元富96購01  ,0,0,0,0,0,0,0,0,0,-292000,0,0,0,136000,428000,-292000,-292000
058182,日電貿國泰9A購01,0,0,0,0,0,0,0,0,0,-292000,0,0,0,1000,293000,-292000,-292000
058026,上銀富邦9A購01  ,0,0,0,0,0,0,0,0,0,-292000,0,0,0,0,292000,-292000,-292000
07032P,聯發科統一9C售02,0,0,0,0,0,0,0,0,0,-293000,0,0,0,2000,295000,-293000,-293000
057202,TPK元富98購02   ,0,0,0,0,0,0,0,0,0,-294000,0,0,0,727000,1021000,-294000,-294000
057725,台達電國泰9A購01,0,0,0,0,0,0,0,0,0,-295000,0,0,0,12000,307000,-295000,-295000
056900,可成元大98購02  ,0,0,0,0,0,0,0,0,0,-295000,0,0,0,12000,307000,-295000,-295000
058909,神達元大99購03  ,0,0,0,0,0,0,0,0,0,-297000,0,0,0,71000,368000,-297000,-297000
059338,滬深2X凱基9C購02,0,0,0,0,0,0,0,0,0,-298000,0,0,0,2000,300000,-298000,-298000
055830,上銀元大97購07  ,0,0,0,0,0,0,0,0,0,-298000,0,0,0,60000,358000,-298000,-298000
8926,台汽電          ,195000,752000,-557000,0,0,0,112000,0,112000,147000,200000,10000,190000,1000,44000,-43000,-298000
2104,國際中橡        ,730080,998000,-267920,0,0,0,0,0,0,-31000,0,0,0,15000,46000,-31000,-298920
055842,建準元大98購01  ,0,0,0,0,0,0,0,0,0,-299000,0,0,0,106000,405000,-299000,-299000
060247,牧德元大9A購02  ,0,0,0,0,0,0,0,0,0,-300000,0,0,0,72000,372000,-300000,-300000
052453,崇越元大95購01  ,0,0,0,0,0,0,0,0,0,-300000,0,0,0,0,300000,-300000,-300000
053992,中環群益96購01  ,0,0,0,0,0,0,0,0,0,-300000,0,0,0,0,300000,-300000,-300000
054427,潤泰全富邦97購01,0,0,0,0,0,0,0,0,0,-300000,0,0,0,261000,561000,-300000,-300000
044694,道瓊反元大94購02,0,0,0,0,0,0,0,0,0,-300000,0,0,0,0,300000,-300000,-300000
055723,康控元大97購04  ,0,0,0,0,0,0,0,0,0,-300000,0,0,0,0,300000,-300000,-300000
056143,訊芯元大97購04  ,0,0,0,0,0,0,0,0,0,-300000,0,0,0,0,300000,-300000,-300000
057092,健策元富98購01  ,0,0,0,0,0,0,0,0,0,-300000,0,0,0,560000,860000,-300000,-300000
058604,華邦電元大99購03,0,0,0,0,0,0,0,0,0,-301000,0,0,0,70000,371000,-301000,-301000
058836,FBVIX中信03購05 ,0,0,0,0,0,0,0,0,0,-301000,0,0,0,182000,483000,-301000,-301000
07312P,台灣50元大99售10,0,0,0,0,0,0,0,0,0,-304000,0,0,0,186000,490000,-304000,-304000
00675L,富邦臺灣加權正2 ,1000,0,1000,0,0,0,0,0,0,-305000,0,0,0,269000,574000,-305000,-304000
057841,茂林富邦9A購02  ,0,0,0,0,0,0,0,0,0,-304000,0,0,0,30000,334000,-304000,-304000
3703,欣陸            ,161000,465000,-304000,0,0,0,0,0,0,0,0,0,0,0,0,0,-304000
1710,東聯            ,696000,777000,-81000,0,0,0,1000,0,1000,-225000,0,225000,-225000,0,0,0,-305000
060010,義隆群益99購02  ,0,0,0,0,0,0,0,0,0,-305000,0,0,0,24000,329000,-305000,-305000
057299,立積永豐98購02  ,0,0,0,0,0,0,0,0,0,-306000,0,0,0,222000,528000,-306000,-306000
05634P,玉晶光台新97售01,0,0,0,0,0,0,0,0,0,-307000,0,0,0,90000,397000,-307000,-307000
00739,元大MSCI A股    ,11000,11000,0,0,0,0,0,0,0,-308046,0,0,0,68000,376046,-308046,-308046
056308,TPK元大97購02   ,0,0,0,0,0,0,0,0,0,-309000,0,0,0,410000,719000,-309000,-309000
057207,立積元富98購02  ,0,0,0,0,0,0,0,0,0,-309000,0,0,0,533000,842000,-309000,-309000
046942,友達元大99購01  ,0,0,0,0,0,0,0,0,0,-310000,0,0,0,30000,340000,-310000,-310000
054527,國巨統一97購03  ,0,0,0,0,0,0,0,0,0,-310000,0,0,0,0,310000,-310000,-310000
058200,世芯康和99購01  ,0,0,0,0,0,0,0,0,0,-310000,0,0,0,1110000,1420000,-310000,-310000
053405,台達電兆豐96購01,0,0,0,0,0,0,0,0,0,-311000,0,0,0,18000,329000,-311000,-311000
6239,力成            ,1833038,2201672,-368634,0,0,0,56000,35000,21000,36000,51000,31000,20000,24000,8000,16000,-311634
052003,泰碩國泰97購02  ,0,0,0,0,0,0,0,0,0,-312000,0,0,0,8000,320000,-312000,-312000
060015,國巨康和99購03  ,0,0,0,0,0,0,0,0,0,-313000,0,0,0,10000,323000,-313000,-313000
060315,易華電永豐9A購01,0,0,0,0,0,0,0,0,0,-314000,0,0,0,0,314000,-314000,-314000
055604,訊芯元大98購02  ,0,0,0,0,0,0,0,0,0,-314000,0,0,0,10000,324000,-314000,-314000
056622,高鐵永豐98購01  ,0,0,0,0,0,0,0,0,0,-314000,0,0,0,10000,324000,-314000,-314000
059883,T50反1國票99購02,0,0,0,0,0,0,0,0,0,-315000,0,0,0,200000,515000,-315000,-315000
2106,建大            ,186000,506000,-320000,0,0,0,0,0,0,3000,3000,0,3000,0,0,0,-317000
058908,貿聯元大99購03  ,0,0,0,0,0,0,0,0,0,-318000,0,0,0,11000,329000,-318000,-318000
058081,技嘉群益9A購03  ,0,0,0,0,0,0,0,0,0,-318000,0,0,0,71000,389000,-318000,-318000
058691,友訊國票9A購01  ,0,0,0,0,0,0,0,0,0,-318000,0,0,0,38000,356000,-318000,-318000
059961,T50反1凱基99購09,0,0,0,0,0,0,0,0,0,-319000,0,0,0,33000,352000,-319000,-319000
056177,嘉澤元富97購01  ,0,0,0,0,0,0,0,0,0,-319000,0,0,0,202000,521000,-319000,-319000
054789,高鐵群益98購01  ,0,0,0,0,0,0,0,0,0,-320000,0,0,0,0,320000,-320000,-320000
055142,健策永豐98購01  ,0,0,0,0,0,0,0,0,0,-320000,0,0,0,96000,416000,-320000,-320000
059326,康友元大99購01  ,0,0,0,0,0,0,0,0,0,-320000,0,0,0,304000,624000,-320000,-320000
049199,茂林永豐95購01  ,0,0,0,0,0,0,0,0,0,-322000,0,0,0,101000,423000,-322000,-322000
058140,臻鼎元大99購02  ,0,0,0,0,0,0,0,0,0,-323000,0,0,0,1000,324000,-323000,-323000
059638,大立光凱基99購11,0,0,0,0,0,0,0,0,0,-324000,0,0,0,3000,327000,-324000,-324000
058768,南港兆豐99購01  ,0,0,0,0,0,0,0,0,0,-324000,0,0,0,7000,331000,-324000,-324000
060365,京鼎元富9A購01  ,0,0,0,0,0,0,0,0,0,-325000,0,0,0,61000,386000,-325000,-325000
060631,微星富邦9B購01  ,0,0,0,0,0,0,0,0,0,-326000,0,0,0,0,326000,-326000,-326000
059740,瑞昱元富99購02  ,0,0,0,0,0,0,0,0,0,-329000,0,0,0,107000,436000,-329000,-329000
056091,百和統一97購01  ,0,0,0,0,0,0,0,0,0,-329000,0,0,0,26000,355000,-329000,-329000
056981,全新群益99購03  ,0,0,0,0,0,0,0,0,0,-329000,0,0,0,120000,449000,-329000,-329000
059926,世紀鋼國泰9B購01,0,0,0,0,0,0,0,0,0,-330000,0,0,0,222000,552000,-330000,-330000
053935,華通元富96購02  ,0,0,0,0,0,0,0,0,0,-331000,0,0,0,0,331000,-331000,-331000
054027,欣興凱基96購04  ,0,0,0,0,0,0,0,0,0,-332000,0,0,0,0,332000,-332000,-332000
045479,T50反1中信95購01,0,0,0,0,0,0,0,0,0,-332000,0,0,0,0,332000,-332000,-332000
057872,旺宏元大99購06  ,0,0,0,0,0,0,0,0,0,-332000,0,0,0,313000,645000,-332000,-332000
056788,日月光群益98購01,0,0,0,0,0,0,0,0,0,-332000,0,0,0,98000,430000,-332000,-332000
059838,茂林國泰9B購01  ,0,0,0,0,0,0,0,0,0,-333000,0,0,0,95000,428000,-333000,-333000
060364,奇力新元富9A購01,0,0,0,0,0,0,0,0,0,-333000,0,0,0,112000,445000,-333000,-333000
060126,創意永豐99購04  ,0,0,0,0,0,0,0,0,0,-340000,0,0,0,74000,414000,-340000,-340000
059153,臺股指國票99購16,0,0,0,0,0,0,0,0,0,-342000,0,0,0,756000,1098000,-342000,-342000
060282,聚陽元大9A購01  ,0,0,0,0,0,0,0,0,0,-343000,0,0,0,38000,381000,-343000,-343000
00640L,富邦日本正2     ,0,0,0,0,0,0,0,0,0,-346000,0,0,0,514000,860000,-346000,-346000
4934,太極            ,130000,476000,-346000,0,0,0,0,0,0,0,0,0,0,0,0,0,-346000
052819,義隆永豐96購01  ,0,0,0,0,0,0,0,0,0,-347000,0,0,0,3000,350000,-347000,-347000
060083,和大元大99購02  ,0,0,0,0,0,0,0,0,0,-348000,0,0,0,52000,400000,-348000,-348000
060233,宏碁元大9A購01  ,0,0,0,0,0,0,0,0,0,-351000,0,0,0,73000,424000,-351000,-351000
056686,可成統一98購01  ,0,0,0,0,0,0,0,0,0,-352000,0,0,0,0,352000,-352000,-352000
060748,臻鼎國票9A購01  ,0,0,0,0,0,0,0,0,0,-353000,0,0,0,0,353000,-353000,-353000
057532,智原元大98購03  ,0,0,0,0,0,0,0,0,0,-354000,0,0,0,57000,411000,-354000,-354000
058224,世芯統一9B購02  ,0,0,0,0,0,0,0,0,0,-355000,0,0,0,217000,572000,-355000,-355000
053672,嘉澤元富96購02  ,0,0,0,0,0,0,0,0,0,-356000,0,0,0,431000,787000,-356000,-356000
056850,彩晶元富99購01  ,0,0,0,0,0,0,0,0,0,-356000,0,0,0,36000,392000,-356000,-356000
057054,立積元大98購03  ,0,0,0,0,0,0,0,0,0,-359000,0,0,0,99000,458000,-359000,-359000
055136,聯發科富邦99購06,0,0,0,0,0,0,0,0,0,-359000,0,0,0,91000,450000,-359000,-359000
060636,大毅永豐9A購02  ,0,0,0,0,0,0,0,0,0,-360000,0,0,0,20000,380000,-360000,-360000
053166,聯詠群益96購02  ,0,0,0,0,0,0,0,0,0,-360000,0,0,0,0,360000,-360000,-360000
055407,祥碩國泰98購01  ,0,0,0,0,0,0,0,0,0,-361000,0,0,0,177000,538000,-361000,-361000
054339,聯詠統一96購02  ,0,0,0,0,0,0,0,0,0,-362000,0,0,0,0,362000,-362000,-362000
060421,華擎永豐9A購01  ,0,0,0,0,0,0,0,0,0,-363000,0,0,0,59000,422000,-363000,-363000
051447,新光金元大97購01,0,0,0,0,0,0,0,0,0,-363000,0,0,0,97000,460000,-363000,-363000
056574,亞光元大99購03  ,0,0,0,0,0,0,0,0,0,-363000,0,0,0,142000,505000,-363000,-363000
058764,康友群益99購01  ,0,0,0,0,0,0,0,0,0,-363000,0,0,0,119000,482000,-363000,-363000
3041,揚智            ,678000,1041000,-363000,0,0,0,0,0,0,0,0,0,0,0,0,0,-363000
04908P,南電國票95售03  ,0,0,0,0,0,0,0,0,0,-364000,0,0,0,25000,389000,-364000,-364000
054221,華新科統一96購05,0,0,0,0,0,0,0,0,0,-364000,0,0,0,20000,384000,-364000,-364000
057674,台郡元大99購03  ,0,0,0,0,0,0,0,0,0,-366000,0,0,0,197000,563000,-366000,-366000
057824,日月光元大98購01,0,0,0,0,0,0,0,0,0,-367000,0,0,0,89000,456000,-367000,-367000
054164,強茂凱基98購01  ,0,0,0,0,0,0,0,0,0,-367000,0,0,0,38000,405000,-367000,-367000
057249,華邦電統一9A購01,0,0,0,0,0,0,0,0,0,-368000,0,0,0,56000,424000,-368000,-368000
057103,禾伸堂中信9A購01,0,0,0,0,0,0,0,0,0,-369000,0,0,0,0,369000,-369000,-369000
052943,奇力新國票96購02,0,0,0,0,0,0,0,0,0,-371000,0,0,0,0,371000,-371000,-371000
057074,立積永豐98購01  ,0,0,0,0,0,0,0,0,0,-372000,0,0,0,278000,650000,-372000,-372000
058956,健策國票9A購02  ,0,0,0,0,0,0,0,0,0,-372000,0,0,0,185000,557000,-372000,-372000
056271,嘉澤統一97購01  ,0,0,0,0,0,0,0,0,0,-374000,0,0,0,69000,443000,-374000,-374000
9136,巨騰-DR         ,0,374000,-374000,0,0,0,0,0,0,0,0,0,0,0,0,0,-374000
054919,興富發凱基97購01,0,0,0,0,0,0,0,0,0,-375000,0,0,0,0,375000,-375000,-375000
060484,聯發科富邦9C購02,0,0,0,0,0,0,0,0,0,-378000,0,0,0,4000,382000,-378000,-378000
060199,台郡元富9A購01  ,0,0,0,0,0,0,0,0,0,-382000,0,0,0,173000,555000,-382000,-382000
054925,神達凱基97購01  ,0,0,0,0,0,0,0,0,0,-382000,0,0,0,1000,383000,-382000,-382000
057181,亞光元大98購02  ,0,0,0,0,0,0,0,0,0,-382000,0,0,0,233000,615000,-382000,-382000
07259P,滬深2X國票01售01,0,0,0,0,0,0,0,0,0,-383000,0,0,0,15000,398000,-383000,-383000
1216,統一            ,7931223,8411000,-479777,0,0,0,14000,0,14000,81000,98000,16000,82000,0,1000,-1000,-384777
056321,創意群益98購02  ,0,0,0,0,0,0,0,0,0,-388000,0,0,0,39000,427000,-388000,-388000
058516,健鼎元大99購02  ,0,0,0,0,0,0,0,0,0,-389000,0,0,0,26000,415000,-389000,-389000
056403,茂林群益98購01  ,0,0,0,0,0,0,0,0,0,-391000,0,0,0,30000,421000,-391000,-391000
2722,夏都            ,5000,0,5000,0,0,0,0,0,0,-400000,0,400000,-400000,0,0,0,-395000
056688,聯詠統一98購01  ,0,0,0,0,0,0,0,0,0,-396000,0,0,0,12000,408000,-396000,-396000
07334P,臺股指國票99售19,0,0,0,0,0,0,0,0,0,-399000,0,0,0,371000,770000,-399000,-399000
054801,康友群益97購02  ,0,0,0,0,0,0,0,0,0,-399000,0,0,0,0,399000,-399000,-399000
054780,中石化群益99購01,0,0,0,0,0,0,0,0,0,-400000,0,0,0,0,400000,-400000,-400000
056664,上証反中信9B購01,0,0,0,0,0,0,0,0,0,-400000,0,0,0,100000,500000,-400000,-400000
057716,神達統一98購01  ,0,0,0,0,0,0,0,0,0,-403000,0,0,0,0,403000,-403000,-403000
059276,可成元大99購06  ,0,0,0,0,0,0,0,0,0,-404000,0,0,0,165000,569000,-404000,-404000
057206,立積元富98購01  ,0,0,0,0,0,0,0,0,0,-412000,0,0,0,530000,942000,-412000,-412000
055037,宏盛富邦99購01  ,0,0,0,0,0,0,0,0,0,-414000,0,0,0,87000,501000,-414000,-414000
055041,致新富邦97購01  ,0,0,0,0,0,0,0,0,0,-416000,0,0,0,366000,782000,-416000,-416000
053694,創意元大96購03  ,0,0,0,0,0,0,0,0,0,-416000,0,0,0,220000,636000,-416000,-416000
055659,百和元富97購01  ,0,0,0,0,0,0,0,0,0,-418000,0,0,0,1000,419000,-418000,-418000
053671,可成統一96購03  ,0,0,0,0,0,0,0,0,0,-424000,0,0,0,0,424000,-424000,-424000
057606,健策統一98購03  ,0,0,0,0,0,0,0,0,0,-424000,0,0,0,187000,611000,-424000,-424000
055143,臻鼎永豐97購01  ,0,0,0,0,0,0,0,0,0,-430000,0,0,0,0,430000,-430000,-430000
9910,豐泰            ,1049000,1481844,-432844,0,0,0,2000,0,2000,-2000,6000,8000,-2000,0,0,0,-432844
053492,華邦電兆豐97購01,0,0,0,0,0,0,0,0,0,-438000,0,0,0,0,438000,-438000,-438000
055859,啟碁元大97購03  ,0,0,0,0,0,0,0,0,0,-439000,0,0,0,32000,471000,-439000,-439000
053999,台表科群益96購06,0,0,0,0,0,0,0,0,0,-447000,0,0,0,10000,457000,-447000,-447000
2204,中華            ,130000,577600,-447600,0,0,0,0,0,0,0,0,0,0,0,0,0,-447600
05359P,嘉澤元大95售02  ,0,0,0,0,0,0,0,0,0,-448000,0,0,0,215000,663000,-448000,-448000
058557,健策第一01購01  ,0,0,0,0,0,0,0,0,0,-449000,0,0,0,418000,867000,-449000,-449000
059424,SGBR2X元大9A購01,0,0,0,0,0,0,0,0,0,-449000,0,0,0,396000,845000,-449000,-449000
057498,台郡元大98購04  ,0,0,0,0,0,0,0,0,0,-450000,0,0,0,34000,484000,-450000,-450000
060416,神隆永豐9A購01  ,0,0,0,0,0,0,0,0,0,-451000,0,0,0,168000,619000,-451000,-451000
052820,宏達電永豐96購01,0,0,0,0,0,0,0,0,0,-455000,0,0,0,0,455000,-455000,-455000
059795,鴻海國票99購07  ,0,0,0,0,0,0,0,0,0,-461000,0,0,0,39000,500000,-461000,-461000
058819,華通國泰9B購01  ,0,0,0,0,0,0,0,0,0,-462000,0,0,0,112000,574000,-462000,-462000
059863,和大凱基99購01  ,0,0,0,0,0,0,0,0,0,-465000,0,0,0,9000,474000,-465000,-465000
3026,禾伸堂          ,355000,846000,-491000,0,0,0,0,0,0,22000,0,0,0,39000,17000,22000,-469000
055174,精元統一97購01  ,0,0,0,0,0,0,0,0,0,-473000,0,0,0,20000,493000,-473000,-473000
059559,T50反1凱基99購07,0,0,0,0,0,0,0,0,0,-476000,0,0,0,625000,1101000,-476000,-476000
07478P,南電康和9A售02  ,0,0,0,0,0,0,0,0,0,-477000,0,0,0,6000,483000,-477000,-477000
054844,華邦電兆豐98購01,0,0,0,0,0,0,0,0,0,-478000,0,0,0,2000,480000,-478000,-478000
048651,美利達元大96購05,0,0,0,0,0,0,0,0,0,-481000,0,0,0,146000,627000,-481000,-481000
058605,華邦電元大99購04,0,0,0,0,0,0,0,0,0,-483000,0,0,0,24000,507000,-483000,-483000
054943,群光元大97購01  ,0,0,0,0,0,0,0,0,0,-484000,0,0,0,183000,667000,-484000,-484000
060146,健策國票9A購03  ,0,0,0,0,0,0,0,0,0,-489000,0,0,0,106000,595000,-489000,-489000
055829,上銀元大97購06  ,0,0,0,0,0,0,0,0,0,-489000,0,0,0,24000,513000,-489000,-489000
03435B,臺股指凱基99熊29,0,0,0,0,0,0,0,0,0,-491000,0,0,0,566000,1057000,-491000,-491000
055178,晶豪科統一97購01,0,0,0,0,0,0,0,0,0,-491000,0,0,0,20000,511000,-491000,-491000
2903,遠百            ,351000,805000,-454000,0,0,0,0,0,0,-40000,5000,45000,-40000,0,0,0,-494000
06614P,祥碩永豐98售03  ,0,0,0,0,0,0,0,0,0,-498000,0,0,0,32000,530000,-498000,-498000
060039,大立光國票99購04,0,0,0,0,0,0,0,0,0,-499000,0,0,0,0,499000,-499000,-499000
050169,臺指反元大97購01,0,0,0,0,0,0,0,0,0,-500000,0,0,0,100000,600000,-500000,-500000
059051,和大凱基9A購01  ,0,0,0,0,0,0,0,0,0,-500000,0,0,0,151000,651000,-500000,-500000
057973,神達富邦9A購01  ,0,0,0,0,0,0,0,0,0,-502000,0,0,0,400000,902000,-502000,-502000
06662P,玉晶光中信9A售01,0,0,0,0,0,0,0,0,0,-504000,0,0,0,25000,529000,-504000,-504000
060123,光罩永豐99購02  ,0,0,0,0,0,0,0,0,0,-509000,0,0,0,22000,531000,-509000,-509000
2841,台開            ,468000,983000,-515000,0,0,0,0,0,0,3000,3000,0,3000,0,0,0,-512000
060381,元黃金凱基9A購01,0,0,0,0,0,0,0,0,0,-514000,0,0,0,28000,542000,-514000,-514000
053947,義隆富邦97購01  ,0,0,0,0,0,0,0,0,0,-515000,0,0,0,22000,537000,-515000,-515000
060566,聯詠富邦9C購01  ,0,0,0,0,0,0,0,0,0,-516000,0,0,0,240000,756000,-516000,-516000
059095,訊芯元大99購01  ,0,0,0,0,0,0,0,0,0,-518000,0,0,0,193000,711000,-518000,-518000
060027,元金2X永豐99購02,0,0,0,0,0,0,0,0,0,-525000,0,0,0,18000,543000,-525000,-525000
056178,嘉澤元富97購02  ,0,0,0,0,0,0,0,0,0,-528000,0,0,0,129000,657000,-528000,-528000
055509,訊芯元大97購03  ,0,0,0,0,0,0,0,0,0,-529000,0,0,0,39000,568000,-529000,-529000
056378,欣興元富98購01  ,0,0,0,0,0,0,0,0,0,-533000,0,0,0,100000,633000,-533000,-533000
055497,開發金元大97購01,20000,20000,0,0,0,0,0,0,0,-543000,0,0,0,110000,653000,-543000,-543000
057449,華新科元富99購02,0,0,0,0,0,0,0,0,0,-544000,0,0,0,0,544000,-544000,-544000
047564,滬深2X國票99購01,0,0,0,0,0,0,0,0,0,-549000,0,0,0,10000,559000,-549000,-549000
060366,健策元富9A購01  ,0,0,0,0,0,0,0,0,0,-553000,0,0,0,99000,652000,-553000,-553000
00738U,元大道瓊白銀    ,103000,0,103000,0,0,0,0,0,0,-657000,0,0,0,885000,1542000,-657000,-554000
059155,台表科日盛99購01,0,0,0,0,0,0,0,0,0,-556000,0,0,0,1210000,1766000,-556000,-556000
059070,道瓊指元大99購02,0,0,0,0,0,0,0,0,0,-561000,0,0,0,0,561000,-561000,-561000
048422,瑞昱元富96購02  ,0,0,0,0,0,0,0,0,0,-562000,0,0,0,50000,612000,-562000,-562000
060313,淘帝永豐9A購01  ,0,0,0,0,0,0,0,0,0,-565000,0,0,0,80000,645000,-565000,-565000
059739,華通元富99購04  ,0,0,0,0,0,0,0,0,0,-566000,0,0,0,2000,568000,-566000,-566000
057614,華新科元富99購04,0,0,0,0,0,0,0,0,0,-566000,0,0,0,40000,606000,-566000,-566000
060198,祥碩元富9A購02  ,0,0,0,0,0,0,0,0,0,-570000,0,0,0,44000,614000,-570000,-570000
1409,新纖            ,295000,1010000,-715000,0,0,0,141000,0,141000,0,0,0,0,0,0,0,-574000
060129,祥碩永豐99購03  ,0,0,0,0,0,0,0,0,0,-582000,0,0,0,90000,672000,-582000,-582000
057717,友訊元富98購02  ,0,0,0,0,0,0,0,0,0,-583000,0,0,0,65000,648000,-583000,-583000
057494,玉晶光元大99購09,0,0,0,0,0,0,0,0,0,-587000,0,0,0,19000,606000,-587000,-587000
060424,中租永豐9A購01  ,0,0,0,0,0,0,0,0,0,-588000,0,0,0,3000,591000,-588000,-588000
060187,華新科元富9A購02,0,0,0,0,0,0,0,0,0,-592000,0,0,0,125000,717000,-592000,-592000
060529,聯發科中信9A購04,0,0,0,0,0,0,0,0,0,-595000,0,0,0,2000,597000,-595000,-595000
057570,技嘉永豐98購02  ,0,0,0,0,0,0,0,0,0,-595000,0,0,0,15000,610000,-595000,-595000
060186,義隆元富9A購01  ,0,0,0,0,0,0,0,0,0,-606000,0,0,0,0,606000,-606000,-606000
00686R,群益臺灣加權反1 ,0,0,0,0,0,0,0,0,0,-608000,0,0,0,256000,864000,-608000,-608000
056674,華邦電元富98購01,0,0,0,0,0,0,0,0,0,-617000,0,0,0,40000,657000,-617000,-617000
060134,鈺齊群益9A購01  ,0,0,0,0,0,0,0,0,0,-618000,0,0,0,0,618000,-618000,-618000
057626,技嘉富邦9A購01  ,0,0,0,0,0,0,0,0,0,-619000,0,0,0,427000,1046000,-619000,-619000
058032,大立光永豐98購05,0,0,0,0,0,0,0,0,0,-620000,0,0,0,0,620000,-620000,-620000
3019,亞光            ,503000,1279000,-776000,0,0,0,0,0,0,154000,217000,148000,69000,103000,18000,85000,-622000
059560,T50反1凱基99購08,0,0,0,0,0,0,0,0,0,-625000,0,0,0,912000,1537000,-625000,-625000
051253,緯創元大95購02  ,0,0,0,0,0,0,0,0,0,-625000,0,0,0,0,625000,-625000,-625000
056406,建準國票99購01  ,0,0,0,0,0,0,0,0,0,-627000,0,0,0,164000,791000,-627000,-627000
060308,劍麟永豐9A購01  ,0,0,0,0,0,0,0,0,0,-631000,0,0,0,116000,747000,-631000,-631000
059179,祥碩元富99購01  ,0,0,0,0,0,0,0,0,0,-632000,0,0,0,203000,835000,-632000,-632000
057511,健策統一98購02  ,0,0,0,0,0,0,0,0,0,-637000,0,0,0,20000,657000,-637000,-637000
058929,可成統一9C購01  ,0,0,0,0,0,0,0,0,0,-642000,0,0,0,79000,721000,-642000,-642000
060158,廣達永豐9A購01  ,0,0,0,0,0,0,0,0,0,-645000,0,0,0,0,645000,-645000,-645000
060374,儒鴻元富9A購01  ,0,0,0,0,0,0,0,0,0,-651000,0,0,0,148000,799000,-651000,-651000
055745,臻鼎元富97購01  ,0,0,0,0,0,0,0,0,0,-653000,0,0,0,140000,793000,-653000,-653000
057609,友訊元富98購01  ,0,0,0,0,0,0,0,0,0,-656000,0,0,0,346000,1002000,-656000,-656000
057055,立積元大99購01  ,0,0,0,0,0,0,0,0,0,-656000,0,0,0,103000,759000,-656000,-656000
2845,遠東銀          ,455000,1124619,-669619,0,0,0,3000,0,3000,9000,9000,0,9000,0,0,0,-657619
060042,台積電群益99購12,0,0,0,0,0,0,0,0,0,-667000,0,0,0,9000,676000,-667000,-667000
00717,富邦美國特別股  ,0,0,0,0,0,0,0,0,0,-671242,0,0,0,331758,1003000,-671242,-671242
059180,祥碩元富9A購01  ,0,0,0,0,0,0,0,0,0,-674000,0,0,0,291000,965000,-674000,-674000
058736,鈺齊永豐99購02  ,0,0,0,0,0,0,0,0,0,-680000,0,0,0,0,680000,-680000,-680000
060632,可成富邦9B購01  ,0,0,0,0,0,0,0,0,0,-697000,0,0,0,0,697000,-697000,-697000
060486,中租富邦9A購01  ,10000,0,10000,0,0,0,0,0,0,-708000,0,0,0,6000,714000,-708000,-698000
1325,恆大            ,480000,1190000,-710000,0,0,0,0,0,0,6000,13000,7000,6000,0,0,0,-704000
054616,智伸科永豐97購01,0,0,0,0,0,0,0,0,0,-724000,0,0,0,20000,744000,-724000,-724000
059533,富邦金凱基99購01,0,0,0,0,0,0,0,0,0,-725000,0,0,0,130000,855000,-725000,-725000
055419,國巨永豐97購03  ,0,0,0,0,0,0,0,0,0,-726000,0,0,0,0,726000,-726000,-726000
058721,立積元富9C購01  ,0,0,0,0,0,0,0,0,0,-726000,0,0,0,494000,1220000,-726000,-726000
057514,華新科元富99購03,0,0,0,0,0,0,0,0,0,-737000,0,0,0,141000,878000,-737000,-737000
055962,晶豪科元大97購02,0,0,0,0,0,0,0,0,0,-741000,0,0,0,12000,753000,-741000,-741000
2478,大毅            ,1673000,2569000,-896000,0,0,0,50000,0,50000,102000,0,16000,-16000,183000,65000,118000,-744000
06578P,華新科國票98售02,0,0,0,0,0,0,0,0,0,-755000,0,0,0,0,755000,-755000,-755000
048983,牧德元大95購01  ,0,0,0,0,0,0,0,0,0,-756000,0,0,0,211000,967000,-756000,-756000
053864,義隆元大96購01  ,0,0,0,0,0,0,0,0,0,-765000,0,0,0,75000,840000,-765000,-765000
059023,可成統一9B購02  ,0,0,0,0,0,0,0,0,0,-770000,0,0,0,68000,838000,-770000,-770000
00648R,元大S&P500反1   ,181000,8000,173000,0,0,0,0,0,0,-955000,0,0,0,608000,1563000,-955000,-782000
06477P,緯穎國票99售02  ,0,0,0,0,0,0,0,0,0,-784000,0,0,0,16000,800000,-784000,-784000
052997,國巨康和96購01  ,0,0,0,0,0,0,0,0,0,-784000,0,0,0,21000,805000,-784000,-784000
056962,技嘉永豐98購01  ,0,0,0,0,0,0,0,0,0,-787000,0,0,0,0,787000,-787000,-787000
07416P,台積電元大99售53,0,0,0,0,0,0,0,0,0,-793000,0,0,0,20000,813000,-793000,-793000
2889,國票金          ,1230886,2345000,-1114114,0,0,0,300000,0,300000,2000,8000,6000,2000,0,0,0,-812114
00636,國泰中國A50     ,11000,11000,0,0,0,0,0,0,0,-839000,257000,40000,217000,318000,1374000,-1056000,-839000
060436,巨大永豐9A購01  ,0,0,0,0,0,0,0,0,0,-841000,0,0,0,0,841000,-841000,-841000
059865,國巨凱基01購01  ,0,0,0,0,0,0,0,0,0,-851000,0,0,0,239000,1090000,-851000,-851000
1314,中石化          ,2428000,3342000,-914000,0,0,0,0,0,0,52000,83000,30000,53000,0,1000,-1000,-862000
059772,可成群益9A購05  ,0,0,0,0,0,0,0,0,0,-876000,0,0,0,7000,883000,-876000,-876000
054120,奇力新永豐96購01,0,0,0,0,0,0,0,0,0,-884000,0,0,0,0,884000,-884000,-884000
060379,T50反1凱基9A購07,0,0,0,0,0,0,0,0,0,-896000,0,0,0,14000,910000,-896000,-896000
9919,康那香          ,468000,1366000,-898000,0,0,0,0,0,0,-1000,0,1000,-1000,0,0,0,-899000
059395,T50反1元富99購03,0,0,0,0,0,0,0,0,0,-908000,0,0,0,477000,1385000,-908000,-908000
060628,和大富邦9B購01  ,0,0,0,0,0,0,0,0,0,-927000,0,0,0,92000,1019000,-927000,-927000
058337,日月光元富99購01,0,0,0,0,0,0,0,0,0,-947000,0,0,0,152000,1099000,-947000,-947000
2312,金寶            ,850000,1776000,-926000,0,0,0,0,0,0,-22000,2000,0,2000,40000,64000,-24000,-948000
058258,世芯國泰9A購01  ,0,0,0,0,0,0,0,0,0,-952000,0,0,0,181000,1133000,-952000,-952000
058159,健策台新9A購01  ,0,0,0,0,0,0,0,0,0,-964000,0,0,0,0,964000,-964000,-964000
2456,奇力新          ,704000,1777000,-1073000,0,0,0,60000,68000,-8000,108000,48000,3000,45000,68000,5000,63000,-973000
054439,健策台新96購03  ,0,0,0,0,0,0,0,0,0,-979000,0,0,0,73000,1052000,-979000,-979000
057332,旺宏國票99購03  ,0,0,0,0,0,0,0,0,0,-989000,0,0,0,610000,1599000,-989000,-989000
07545P,玉晶光凱基9A售07,0,0,0,0,0,0,0,0,0,-1036000,0,0,0,125000,1161000,-1036000,-1036000
060467,神基元大9A購01  ,0,0,0,0,0,0,0,0,0,-1050000,0,0,0,44000,1094000,-1050000,-1050000
07543P,台積電凱基9A售17,0,0,0,0,0,0,0,0,0,-1060000,0,0,0,23000,1083000,-1060000,-1060000
060117,國巨國泰9B購04  ,0,0,0,0,0,0,0,0,0,-1062000,0,0,0,140000,1202000,-1062000,-1062000
2812,台中銀          ,862000,1996000,-1134000,0,0,0,0,0,0,34000,34000,0,34000,0,0,0,-1100000
05161P,華新科國票96售01,0,0,0,0,0,0,0,0,0,-1101000,0,0,0,9000,1110000,-1101000,-1101000
2103,台橡            ,770000,1923000,-1153000,0,0,0,0,0,0,0,0,0,0,0,0,0,-1153000
059656,T50反1元大99購11,0,0,0,0,0,0,0,0,0,-1179000,0,0,0,309000,1488000,-1179000,-1179000
3450,聯鈞            ,259000,1365000,-1106000,0,0,0,15000,0,15000,-94000,161000,45000,116000,26000,236000,-210000,-1185000
057457,華邦電富邦98購01,0,0,0,0,0,0,0,0,0,-1187000,0,0,0,150000,1337000,-1187000,-1187000
053073,技嘉康和96購01  ,0,0,0,0,0,0,0,0,0,-1223000,0,0,0,188000,1411000,-1223000,-1223000
059682,可成富邦9A購01  ,0,0,0,0,0,0,0,0,0,-1256000,0,0,0,103000,1359000,-1256000,-1256000
00708L,元大S&P黃金正2  ,0,1475000,-1475000,0,0,0,0,0,0,211000,0,0,0,5343000,5132000,211000,-1264000
6176,瑞儀            ,1159000,2113000,-954000,0,0,0,87000,0,87000,-401000,51000,432000,-381000,21000,41000,-20000,-1268000
2610,華航            ,4895000,6139000,-1244000,0,0,0,4000,0,4000,-34000,1000,0,1000,0,35000,-35000,-1274000
059618,台積電日盛99購01,0,0,0,0,0,0,0,0,0,-1313000,0,0,0,822000,2135000,-1313000,-1313000
4906,正文            ,417000,1680000,-1263000,0,0,0,0,0,0,-50000,43000,20000,23000,15000,88000,-73000,-1313000
050170,臺指反元大97購02,0,0,0,0,0,0,0,0,0,-1368000,0,0,0,725000,2093000,-1368000,-1368000
07408P,台積電兆豐99售06,0,0,0,0,0,0,0,0,0,-1403000,0,0,0,25000,1428000,-1403000,-1403000
057940,和大國票99購01  ,0,0,0,0,0,0,0,0,0,-1408000,0,0,0,225000,1633000,-1408000,-1408000
1402,遠東新          ,3972945,5467648,-1494703,0,0,0,68000,0,68000,-4000,10000,14000,-4000,0,0,0,-1430703
2492,華新科          ,1841000,3256288,-1415288,0,0,0,1000,110000,-109000,76000,137000,146000,-9000,232000,147000,85000,-1448288
051832,復盛元大95購01  ,0,0,0,0,0,0,0,0,0,-1540000,0,0,0,10000,1550000,-1540000,-1540000
03438B,臺股指元大96熊27,0,0,0,0,0,0,0,0,0,-1544000,0,0,0,865000,2409000,-1544000,-1544000
00672L,元大S&P原油正2  ,38000,29000,9000,0,0,0,0,0,0,-1868000,0,0,0,2033000,3901000,-1868000,-1859000
2363,矽統            ,447000,2427000,-1980000,0,0,0,0,0,0,37000,37000,0,37000,0,0,0,-1943000
053746,彰銀康和96購01  ,0,0,0,0,0,0,0,0,0,-1945000,0,0,0,10000,1955000,-1945000,-1945000
00674R,元大S&P黃金反1  ,0,0,0,0,0,0,0,0,0,-1949000,0,0,0,162000,2111000,-1949000,-1949000
042315,T50反1台新96購01,0,0,0,0,0,0,0,0,0,-1960000,0,0,0,0,1960000,-1960000,-1960000
2618,長榮航          ,3564001,5640981,-2076980,0,0,0,4000,0,4000,38000,17000,108000,-91000,129000,0,129000,-2034980
00712,FH富時不動產    ,4000,1163000,-1159000,0,0,0,0,0,0,-1078000,0,0,0,75000,1153000,-1078000,-2237000
00693U,街口S&P黃豆     ,9000,0,9000,0,0,0,0,0,0,-2280000,0,0,0,24000,2304000,-2280000,-2271000
060197,臻鼎元富9A購02  ,0,0,0,0,0,0,0,0,0,-2280000,0,0,0,161000,2441000,-2280000,-2280000
1504,東元            ,539000,2922000,-2383000,0,0,0,0,0,0,-104000,9000,78000,-69000,0,35000,-35000,-2487000
2327,國巨            ,1924000,5315146,-3391146,0,0,0,218000,0,218000,527000,405000,53000,352000,222000,47000,175000,-2646146
059396,T50反1元富99購04,0,0,0,0,0,0,0,0,0,-2719000,0,0,0,887000,3606000,-2719000,-2719000
00664R,國泰臺灣加權反1 ,6000,0,6000,0,0,0,0,0,0,-2790000,0,0,0,1320000,4110000,-2790000,-2784000
00676R,富邦臺灣加權反1 ,0,0,0,0,0,0,0,0,0,-2971000,0,0,0,2483000,5454000,-2971000,-2971000
2408,南亞科          ,3581000,6403308,-2822308,0,0,0,3000,391000,-388000,183000,276000,104000,172000,140000,129000,11000,-3027308
2886,兆豐金          ,11320414,10710074,610340,0,0,0,289000,4484000,-4195000,9000,41000,0,41000,60000,92000,-32000,-3575660
1605,華新            ,836000,5520000,-4684000,0,0,0,0,0,0,-403000,17000,12000,5000,1000,409000,-408000,-5087000
2337,旺宏            ,4814000,11899539,-7085539,0,0,0,360000,0,360000,-920000,29000,1348000,-1319000,607000,208000,399000,-7645539
00642U,元大S&P石油     ,37000,502000,-465000,0,0,0,0,0,0,-7433000,204000,0,204000,12465000,20102000,-7637000,-7898000
00852L,國泰美國道瓊正2 ,1520000,9255000,-7735000,0,0,0,0,0,0,-4516000,0,0,0,4469000,8985000,-4516000,-12251000
00715L,街口布蘭特油正2 ,35000,5000,30000,0,0,0,0,0,0,-18086000,0,0,0,956000,19042000,-18086000,-18056000
00632R,元大台灣50反1   ,1108000,10003000,-8895000,0,0,0,0,0,0,-86526000,2020000,2520000,-500000,29397000,115423000,-86026000,-95421000
