證券代號,證券名稱,外陸資買進股數(不含外資自營商),外陸資賣出股數(不含外資自營商),外陸資買賣超股數(不含外資自營商),外資自營商買進股數,外資自營商賣出股數,外資自營商買賣超股數,投信買進股數,投信賣出股數,投信買賣超股數,自營商買賣超股數,自營商買進股數(自行買賣),自營商賣出股數(自行買賣),自營商買賣超股數(自行買賣),自營商買進股數(避險),自營商賣出股數(避險),自營商買賣超股數(避險),三大法人買賣超股數
00637L,元大滬深300正2  ,10304000,2582000,7722000,0,0,0,0,0,0,15564000,0,214000,-214000,43346000,27568000,15778000,23286000
2882,國泰金          ,12250000,3312000,8938000,0,0,0,23000,0,23000,464000,217000,145000,72000,425000,33000,392000,9425000
03091X,元展85          ,0,0,0,0,0,0,0,0,0,6826000,0,0,0,6826000,0,6826000,6826000
00852L,國泰美國道瓊正2 ,4069000,499000,3570000,0,0,0,0,0,0,2755000,0,0,0,3032000,277000,2755000,6325000
2886,兆豐金          ,6287000,2506000,3781000,0,0,0,1606000,0,1606000,95000,28000,138000,-110000,205000,0,205000,5482000
2303,聯電            ,13051399,7850903,5200496,0,0,0,31000,400000,-369000,-83000,163000,157000,6000,97000,186000,-89000,4748496
3037,欣興            ,6255222,2602000,3653222,0,0,0,1344000,0,1344000,-666000,139000,548000,-409000,51000,308000,-257000,4331222
2881,富邦金          ,8391000,4335002,4055998,0,0,0,20000,0,20000,140000,13000,94000,-81000,251000,30000,221000,4215998
2891,中信金          ,15392000,15849000,-457000,0,0,0,4421000,0,4421000,203000,74000,194000,-120000,365000,42000,323000,4167000
2888,新光金          ,16839000,15630208,1208792,0,0,0,32000,0,32000,2700000,2148000,197000,1951000,1341000,592000,749000,3940792
00861,元大全球未來通訊,3340000,0,3340000,0,0,0,0,0,0,431000,0,0,0,518000,87000,431000,3771000
2834,臺企銀          ,7467000,3753000,3714000,0,0,0,6000,0,6000,-38000,65000,16000,49000,5000,92000,-87000,3682000
2345,智邦            ,6095123,2590000,3505123,0,0,0,32000,62000,-30000,-9000,42000,117000,-75000,108000,42000,66000,3466123
00875,國泰網路資安    ,2780000,1000,2779000,0,0,0,0,0,0,505000,0,0,0,557000,52000,505000,3284000
2448,晶電            ,3594000,772000,2822000,0,0,0,20000,0,20000,313000,400000,87000,313000,0,0,0,3155000
2883,開發金          ,6485000,3611000,2874000,0,0,0,53000,0,53000,112000,35000,131000,-96000,216000,8000,208000,3039000
00631L,元大台灣50正2   ,104000,184000,-80000,0,0,0,0,0,0,2957000,0,0,0,4540000,1583000,2957000,2877000
2880,華南金          ,4804000,1930000,2874000,0,0,0,26000,0,26000,-75000,36000,149000,-113000,38000,0,38000,2825000
2892,第一金          ,4461000,3387000,1074000,0,0,0,1778000,0,1778000,-58000,8000,109000,-101000,44000,1000,43000,2794000
2201,裕隆            ,3628000,1697000,1931000,0,0,0,822000,0,822000,-26000,0,19000,-19000,0,7000,-7000,2727000
2890,永豐金          ,6284000,3566000,2718000,0,0,0,29000,0,29000,-64000,4000,93000,-89000,25000,0,25000,2683000
6116,彩晶            ,3143000,859000,2284000,0,0,0,0,0,0,195000,123000,70000,53000,308000,166000,142000,2479000
00655L,國泰中國A50正2  ,19000,19000,0,0,0,0,0,0,0,2401000,0,0,0,6079000,3678000,2401000,2401000
3338,泰碩            ,1725000,453000,1272000,0,0,0,913000,125000,788000,109000,62000,130000,-68000,198000,21000,177000,2169000
9958,世紀鋼          ,1760000,196000,1564000,0,0,0,95000,45000,50000,487000,3000,30000,-27000,588000,74000,514000,2101000
07341P,台積電凱基99售18,0,0,0,0,0,0,0,0,0,2087000,0,0,0,2369000,282000,2087000,2087000
2323,中環            ,3246000,935000,2311000,0,0,0,0,0,0,-239000,31000,29000,2000,39000,280000,-241000,2072000
00673R,元大S&P原油反1  ,2517000,66000,2451000,0,0,0,0,0,0,-395000,0,0,0,0,395000,-395000,2056000
00633L,富邦上証正2     ,2124000,363000,1761000,0,0,0,0,0,0,182000,0,86000,-86000,6793000,6525000,268000,1943000
5469,瀚宇博          ,1540031,696000,844031,0,0,0,1050000,0,1050000,13000,0,0,0,138000,125000,13000,1907031
4927,泰鼎-KY         ,1063000,420000,643000,0,0,0,1252000,0,1252000,-67000,0,0,0,34000,101000,-67000,1828000
5264,鎧勝-KY         ,973000,1098000,-125000,0,0,0,1592000,0,1592000,138000,0,0,0,153000,15000,138000,1605000
2498,宏達電          ,2170000,530000,1640000,0,0,0,0,0,0,-54000,51000,66000,-15000,261000,300000,-39000,1586000
00708L,元大S&P黃金正2  ,934000,0,934000,0,0,0,0,0,0,607000,0,2000,-2000,831000,222000,609000,1541000
2412,中華電          ,3810000,2027000,1783000,0,0,0,11000,190000,-179000,-77000,12000,90000,-78000,4000,3000,1000,1527000
2887,台新金          ,3591000,2146000,1445000,0,0,0,28000,0,28000,-34000,41000,102000,-61000,35000,8000,27000,1439000
1909,榮成            ,1741000,344000,1397000,0,0,0,177000,300000,-123000,105000,128000,23000,105000,0,0,0,1379000
053131,華通國票97購03  ,0,0,0,0,0,0,0,0,0,1376000,0,0,0,1376000,0,1376000,1376000
07342P,大立光凱基99售14,0,0,0,0,0,0,0,0,0,1326000,0,0,0,1663000,337000,1326000,1326000
07480P,FBVIX凱基94售01 ,0,0,0,0,0,0,0,0,0,1292000,0,0,0,1292000,0,1292000,1292000
045873,元油2X元富98購04,0,0,0,0,0,0,0,0,0,1280000,0,0,0,1280000,0,1280000,1280000
00653L,富邦印度正2     ,0,0,0,0,0,0,0,0,0,1263000,0,0,0,1431000,168000,1263000,1263000
052529,力成元大95購03  ,0,0,0,0,0,0,0,0,0,1235000,0,0,0,1310000,75000,1235000,1235000
060567,華擎富邦9C購01  ,0,0,0,0,0,0,0,0,0,1226000,0,0,0,1231000,5000,1226000,1226000
052314,鴻海元大96購11  ,0,0,0,0,0,0,0,0,0,1165000,0,0,0,1165000,0,1165000,1165000
047483,新光金凱基99購04,0,0,0,0,0,0,0,0,0,1144000,0,0,0,1144000,0,1144000,1144000
054868,國泰金群益9A購01,0,0,0,0,0,0,0,0,0,1119000,0,0,0,1124000,5000,1119000,1119000
049785,華新科兆豐95購01,0,0,0,0,0,0,0,0,0,1100000,0,0,0,1110000,10000,1100000,1100000
2454,聯發科          ,4908000,3773000,1135000,0,0,0,44000,12000,32000,-92000,15000,88000,-73000,16000,35000,-19000,1075000
2363,矽統            ,1655000,594000,1061000,0,0,0,0,0,0,0,2000,2000,0,0,0,0,1061000
2371,大同            ,1675000,770000,905000,0,0,0,0,0,0,151000,152000,3000,149000,2000,0,2000,1056000
2382,廣達            ,1702000,836000,866000,0,0,0,8000,0,8000,129000,180000,61000,119000,13000,3000,10000,1003000
8112,至上            ,1822000,820000,1002000,0,0,0,0,0,0,-1000,1000,2000,-1000,0,0,0,1001000
05422P,大立光中信97售02,0,0,0,0,0,0,0,0,0,1000000,0,0,0,1000000,0,1000000,1000000
05440P,緯穎國票96售02  ,0,0,0,0,0,0,0,0,0,969000,0,0,0,969000,0,969000,969000
6230,超眾            ,522000,333000,189000,0,0,0,502000,0,502000,267000,12000,7000,5000,277000,15000,262000,958000
05170P,世芯元大95售01  ,0,0,0,0,0,0,0,0,0,943000,0,0,0,1395000,452000,943000,943000
1314,中石化          ,3524000,2790000,734000,0,0,0,0,0,0,190000,60000,139000,-79000,357000,88000,269000,924000
07284P,大立光凱基99售10,0,0,0,0,0,0,0,0,0,910000,0,0,0,1181000,271000,910000,910000
052687,國泰金元大96購03,0,0,0,0,0,0,0,0,0,904000,0,0,0,914000,10000,904000,904000
4968,立積            ,1260000,512000,748000,0,0,0,70000,0,70000,59000,0,40000,-40000,108000,9000,99000,877000
060055,宏達電凱基99購06,0,0,0,0,0,0,0,0,0,868000,0,0,0,933000,65000,868000,868000
051107,鴻海統一95購05  ,0,0,0,0,0,0,0,0,0,855000,0,0,0,855000,0,855000,855000
6153,嘉聯益          ,1347000,435000,912000,0,0,0,0,0,0,-57800,48000,112800,-64800,120000,113000,7000,854200
052965,廣宇群益97購01  ,0,0,0,0,0,0,0,0,0,840000,0,0,0,840000,0,840000,840000
3711,日月光投控      ,3739001,3710000,29001,0,0,0,1267000,0,1267000,-473000,115000,597000,-482000,12000,3000,9000,823001
1312,國喬            ,1174000,410000,764000,0,0,0,0,0,0,57000,72000,15000,57000,0,0,0,821000
1722,台肥            ,1113000,611000,502000,0,0,0,251000,52000,199000,120000,59000,20000,39000,81000,0,81000,821000
058228,為升元大99購01  ,0,0,0,0,0,0,0,0,0,814000,0,0,0,814000,0,814000,814000
2515,中工            ,1289000,632000,657000,0,0,0,0,0,0,157000,35000,3000,32000,125000,0,125000,814000
1718,中纖            ,938000,124000,814000,0,0,0,0,0,0,-2000,22000,46000,-24000,22000,0,22000,812000
055083,康友中信97購01  ,0,0,0,0,0,0,0,0,0,808000,0,0,0,808000,0,808000,808000
00647L,元大S&P500正2   ,425000,30000,395000,0,0,0,0,0,0,413000,0,0,0,415000,2000,413000,808000
05118P,超眾元大96售04  ,0,0,0,0,0,0,0,0,0,807000,0,0,0,807000,0,807000,807000
2383,台光電          ,529000,185000,344000,0,0,0,477000,0,477000,-29000,15000,58000,-43000,20000,6000,14000,792000
052997,國巨康和96購01  ,0,0,0,0,0,0,0,0,0,773000,0,0,0,1023000,250000,773000,773000
050170,臺指反元大97購02,0,0,0,0,0,0,0,0,0,768000,0,0,0,1495000,727000,768000,768000
053514,麗豐群益96購01  ,0,0,0,0,0,0,0,0,0,761000,0,0,0,761000,0,761000,761000
6005,群益證          ,1080000,327000,753000,0,0,0,3000,0,3000,0,0,0,0,0,0,0,756000
2478,大毅            ,2825000,2273000,552000,0,0,0,0,0,0,201000,8000,0,8000,305000,112000,193000,753000
00701,國泰股利精選30  ,0,17000,-17000,0,0,0,0,0,0,762000,0,0,0,1370000,608000,762000,745000
4958,臻鼎-KY         ,1083000,967000,116000,0,0,0,808000,0,808000,-190000,18000,244000,-226000,67000,31000,36000,734000
055951,大成鋼元大97購02,0,0,0,0,0,0,0,0,0,731000,0,0,0,820000,89000,731000,731000
2838,聯邦銀          ,941000,183000,758000,0,0,0,0,0,0,-32000,0,32000,-32000,0,0,0,726000
04955P,大立光日盛94售02,0,0,0,0,0,0,0,0,0,721000,0,0,0,721000,0,721000,721000
07413P,國巨元大99售33  ,0,0,0,0,0,0,0,0,0,705000,0,0,0,883000,178000,705000,705000
051930,國泰金兆豐97購01,0,0,0,0,0,0,0,0,0,701000,0,0,0,701000,0,701000,701000
059250,大立光凱基99購06,0,0,0,0,0,0,0,0,0,682000,0,0,0,686000,4000,682000,682000
07352P,台積電國票99售11,0,0,0,0,0,0,0,0,0,677000,0,0,0,718000,41000,677000,677000
00640L,富邦日本正2     ,0,24000,-24000,0,0,0,0,0,0,700000,0,0,0,1200000,500000,700000,676000
6285,啟碁            ,378000,183000,195000,0,0,0,501000,0,501000,-21000,7000,19000,-12000,0,9000,-9000,675000
3450,聯鈞            ,790000,211000,579000,0,0,0,0,0,0,87000,117000,8000,109000,36000,58000,-22000,666000
6213,聯茂            ,754000,202768,551232,0,0,0,226000,80000,146000,-35000,122000,193000,-71000,44000,8000,36000,662232
060305,得力永豐9A購01  ,0,0,0,0,0,0,0,0,0,651000,0,0,0,750000,99000,651000,651000
2367,燿華            ,3382000,2701000,681000,0,0,0,0,0,0,-40000,0,11000,-11000,0,29000,-29000,641000
2601,益航            ,918000,218000,700000,0,0,0,0,0,0,-60000,0,0,0,0,60000,-60000,640000
2376,技嘉            ,1158000,486000,672000,0,0,0,0,40000,-40000,-1000,24000,8000,16000,49000,66000,-17000,631000
057731,華擎國泰9A購02  ,0,0,0,0,0,0,0,0,0,625000,0,0,0,886000,261000,625000,625000
054231,國巨群益98購03  ,0,0,0,0,0,0,0,0,0,622000,0,0,0,817000,195000,622000,622000
048460,盛群凱基94購01  ,0,0,0,0,0,0,0,0,0,610000,0,0,0,610000,0,610000,610000
2889,國票金          ,1005000,358000,647000,0,0,0,0,0,0,-45000,5000,50000,-45000,0,0,0,602000
051388,大立光麥證95購03,0,0,0,600000,0,600000,0,0,0,600000,0,0,0,600000,0,600000,600000
055961,國泰金元大97購01,0,0,0,0,0,0,0,0,0,599000,0,0,0,599000,0,599000,599000
057195,南茂元大98購01  ,0,0,0,0,0,0,0,0,0,594000,0,0,0,808000,214000,594000,594000
05538P,玉晶光國票97售02,0,0,0,0,0,0,0,0,0,594000,0,0,0,1117000,523000,594000,594000
1101,台泥            ,2687875,2183000,504875,0,0,0,13000,0,13000,76000,80000,2000,78000,6000,8000,-2000,593875
2855,統一證          ,776000,184000,592000,0,0,0,0,0,0,0,0,0,0,0,0,0,592000
058245,訊連元大99購01  ,0,0,0,0,0,0,0,0,0,587000,0,0,0,688000,101000,587000,587000
057039,元油2X元大9B購07,0,0,0,0,0,0,0,0,0,580000,0,0,0,580000,0,580000,580000
059396,T50反1元富99購04,0,0,0,0,0,0,0,0,0,578000,0,0,0,645000,67000,578000,578000
1605,華新            ,1183000,1069000,114000,0,0,0,0,0,0,463000,442000,56000,386000,77000,0,77000,577000
3376,新日興          ,512000,128000,384000,0,0,0,282000,110000,172000,19000,35000,14000,21000,5000,7000,-2000,575000
3189,景碩            ,1005000,327000,678000,0,0,0,30000,144000,-114000,7000,60000,55000,5000,2000,0,2000,571000
058526,鈺齊元大99購02  ,0,0,0,0,0,0,0,0,0,562000,0,0,0,577000,15000,562000,562000
059977,鴻海元大99購40  ,0,0,0,0,0,0,0,0,0,561000,0,0,0,566000,5000,561000,561000
058397,大成鋼元大99購02,0,0,0,0,0,0,0,0,0,556000,0,0,0,556000,0,556000,556000
2867,三商壽          ,1323000,774000,549000,0,0,0,0,0,0,0,39000,39000,0,0,0,0,549000
058761,欣興群益99購02  ,0,0,0,0,0,0,0,0,0,548000,0,0,0,648000,100000,548000,548000
2458,義隆            ,543000,350422,192578,0,0,0,365000,10000,355000,-4000,34000,31000,3000,1000,8000,-7000,543578
058392,元油2X元大99購12,0,0,0,0,0,0,0,0,0,543000,0,0,0,543000,0,543000,543000
07349P,大立光凱基99售16,0,0,0,0,0,0,0,0,0,542000,0,0,0,550000,8000,542000,542000
1590,亞德客-KY       ,1331293,760000,571293,0,0,0,40000,101000,-61000,31000,31000,18000,13000,26000,8000,18000,541293
3665,貿聯-KY         ,389000,227000,162000,0,0,0,383000,0,383000,-7000,1000,12000,-11000,13000,9000,4000,538000
04878P,國巨康和94售02  ,0,0,0,0,0,0,0,0,0,535000,0,0,0,635000,100000,535000,535000
3056,總太            ,556000,29000,527000,0,0,0,0,0,0,-4000,0,4000,-4000,0,0,0,523000
07501P,華新科元大9A售07,0,0,0,0,0,0,0,0,0,518000,0,0,0,691000,173000,518000,518000
053228,康友台新97購01  ,0,0,0,0,0,0,0,0,0,510000,0,0,0,510000,0,510000,510000
056563,華新科群益98購04,0,0,0,0,0,0,0,0,0,500000,0,0,0,519000,19000,500000,500000
053045,國巨中信97購01  ,0,0,0,0,0,0,0,0,0,499000,0,0,0,499000,0,499000,499000
053558,訊芯凱基96購02  ,0,0,0,0,0,0,0,0,0,499000,0,0,0,499000,0,499000,499000
050914,健鼎中信95購01  ,0,0,0,0,0,0,0,0,0,499000,0,0,0,499000,0,499000,499000
053524,聯電中信97購02  ,0,0,0,0,0,0,0,0,0,498000,0,0,0,499000,1000,498000,498000
2357,華碩            ,790000,289000,501000,0,0,0,2000,0,2000,-6000,0,7000,-7000,1000,0,1000,497000
058726,宏達電富邦9A購01,0,0,0,0,0,0,0,0,0,496000,0,0,0,496000,0,496000,496000
059681,華新科國泰9B購02,0,0,0,0,0,0,0,0,0,496000,0,0,0,565000,69000,496000,496000
060226,道瓊反元大9A購01,0,0,0,0,0,0,0,0,0,494000,0,0,0,563000,69000,494000,494000
00672L,元大S&P原油正2  ,133000,155000,-22000,0,0,0,0,0,0,516000,0,0,0,1377000,861000,516000,494000
059460,GIS永豐99購02   ,0,0,0,0,0,0,0,0,0,484000,0,0,0,486000,2000,484000,484000
055736,宏達電元富99購01,0,0,0,0,0,0,0,0,0,484000,0,0,0,569000,85000,484000,484000
054271,中石化中信99購01,0,0,0,0,0,0,0,0,0,482000,0,0,0,582000,100000,482000,482000
057539,南茂元大98購02  ,0,0,0,0,0,0,0,0,0,480000,0,0,0,580000,100000,480000,480000
052611,力成元大96購02  ,0,0,0,0,0,0,0,0,0,476000,0,0,0,1091000,615000,476000,476000
059885,台積電國票99購12,0,0,0,0,0,0,0,0,0,472000,0,0,0,577000,105000,472000,472000
2356,英業達          ,1696000,1238000,458000,0,0,0,4000,0,4000,9000,59000,53000,6000,3000,0,3000,471000
5876,上海商銀        ,1689000,1014000,675000,0,0,0,4000,0,4000,-212000,6000,221000,-215000,3000,0,3000,467000
057820,華擎元大98購02  ,0,3000,-3000,0,0,0,0,0,0,467000,0,0,0,882000,415000,467000,464000
2360,致茂            ,514000,177000,337000,0,0,0,131000,0,131000,-7000,12000,4000,8000,0,15000,-15000,461000
060233,宏碁元大9A購01  ,0,0,0,0,0,0,0,0,0,457000,0,0,0,529000,72000,457000,457000
059166,友達凱基99購05  ,0,0,0,0,0,0,0,0,0,456000,0,0,0,456000,0,456000,456000
06954P,大立光元富99售01,0,0,0,0,0,0,0,0,0,456000,0,0,0,599000,143000,456000,456000
048790,大立光元大95購05,0,0,0,0,0,0,0,0,0,455000,0,0,0,455000,0,455000,455000
1308,亞聚            ,498000,45000,453000,0,0,0,0,0,0,2000,13000,11000,2000,0,0,0,455000
1229,聯華            ,649000,177000,472000,0,0,0,0,0,0,-18000,0,18000,-18000,0,0,0,454000
052430,泰碩永豐95購02  ,0,0,0,0,0,0,0,0,0,450000,0,0,0,450000,0,450000,450000
052771,GIS群益96購01   ,0,0,0,0,0,0,0,0,0,450000,0,0,0,450000,0,450000,450000
055143,臻鼎永豐97購01  ,0,0,0,0,0,0,0,0,0,450000,0,0,0,450000,0,450000,450000
059951,台塑康和99購01  ,0,0,0,0,0,0,0,0,0,449000,0,0,0,833000,384000,449000,449000
052908,大成鋼統一96購01,0,0,0,0,0,0,0,0,0,448000,0,0,0,458000,10000,448000,448000
3017,奇鋐            ,795000,378000,417000,0,0,0,0,0,0,31000,17000,0,17000,87000,73000,14000,448000
050870,旭富永豐95購01  ,0,0,0,0,0,0,0,0,0,442000,0,0,0,528000,86000,442000,442000
060277,道瓊反元大9A購02,0,0,0,0,0,0,0,0,0,441000,0,0,0,501000,60000,441000,441000
056178,嘉澤元富97購02  ,0,0,0,0,0,0,0,0,0,441000,0,0,0,451000,10000,441000,441000
058702,國巨元大99購16  ,0,0,0,0,0,0,0,0,0,440000,0,0,0,640000,200000,440000,440000
046813,聯電凱基96購01  ,0,0,0,0,0,0,0,0,0,440000,0,0,0,440000,0,440000,440000
055360,台表科凱基97購02,0,0,0,0,0,0,0,0,0,431000,0,0,0,431000,0,431000,431000
060285,聯電元大9C購01  ,0,0,0,0,0,0,0,0,0,430000,0,0,0,600000,170000,430000,430000
059326,康友元大99購01  ,0,0,0,0,0,0,0,0,0,429000,0,0,0,685000,256000,429000,429000
054572,國巨元大98購03  ,0,0,0,0,0,0,0,0,0,429000,0,0,0,429000,0,429000,429000
059998,華航元富99購02  ,0,0,0,0,0,0,0,0,0,425000,0,0,0,513000,88000,425000,425000
07255P,國巨凱基99售15  ,0,0,0,0,0,0,0,0,0,425000,0,0,0,605000,180000,425000,425000
049967,華新科國票94購07,0,0,0,0,0,0,0,0,0,424000,0,0,0,424000,0,424000,424000
07478P,南電康和9A售02  ,0,0,0,0,0,0,0,0,0,424000,0,0,0,464000,40000,424000,424000
07245P,台積電凱基99售16,0,0,0,0,0,0,0,0,0,423000,0,0,0,441000,18000,423000,423000
056939,康控元富98購01  ,0,0,0,0,0,0,0,0,0,420000,0,0,0,460000,40000,420000,420000
052181,南茂元大95購05  ,0,0,0,0,0,0,0,0,0,420000,0,0,0,420000,0,420000,420000
06847P,奇力新元大98售05,0,0,0,0,0,0,0,0,0,417000,0,0,0,632000,215000,417000,417000
00636,國泰中國A50     ,11000,45000,-34000,0,0,0,0,0,0,447000,0,228000,-228000,1128000,453000,675000,413000
057300,訊連永豐98購01  ,0,0,0,0,0,0,0,0,0,412000,0,0,0,412000,0,412000,412000
07226P,貿聯富邦9B售01  ,0,0,0,0,0,0,0,0,0,412000,0,0,0,418000,6000,412000,412000
07263P,台積電元大99售37,0,0,0,0,0,0,0,0,0,408000,0,0,0,646000,238000,408000,408000
052297,旭富國票96購01  ,0,0,0,0,0,0,0,0,0,405000,0,0,0,405000,0,405000,405000
056107,智易永豐97購02  ,0,0,0,0,0,0,0,0,0,403000,0,0,0,460000,57000,403000,403000
047696,聯發科國票94購02,0,0,0,0,0,0,0,0,0,402000,0,0,0,402000,0,402000,402000
047882,超眾國泰94購01  ,0,0,0,0,0,0,0,0,0,400000,0,0,0,400000,0,400000,400000
050736,台積電康和94購01,0,0,0,0,0,0,0,0,0,400000,0,0,0,400000,0,400000,400000
05381P,聯詠群益95售02  ,0,0,0,0,0,0,0,0,0,400000,0,0,0,400000,0,400000,400000
052560,康舒國票97購01  ,0,0,0,0,0,0,0,0,0,400000,0,0,0,553000,153000,400000,400000
2897,王道銀行        ,567000,127000,440000,0,0,0,0,0,0,-40000,0,40000,-40000,0,0,0,400000
053113,瀚宇博兆豐97購01,0,0,0,0,0,0,0,0,0,399000,0,0,0,414000,15000,399000,399000
052800,國巨元大96購05  ,0,0,0,0,0,0,0,0,0,399000,0,0,0,399000,0,399000,399000
3042,晶技            ,405000,444000,-39000,0,0,0,396000,0,396000,38000,14000,133000,-119000,173000,16000,157000,395000
059883,T50反1國票99購02,0,0,0,0,0,0,0,0,0,391000,0,0,0,613000,222000,391000,391000
4906,正文            ,433000,74000,359000,0,0,0,0,0,0,31000,26000,11000,15000,21000,5000,16000,390000
060418,中橡永豐9A購01  ,0,0,0,0,0,0,0,0,0,387000,0,0,0,452000,65000,387000,387000
060126,創意永豐99購04  ,0,0,0,0,0,0,0,0,0,387000,0,0,0,649000,262000,387000,387000
052777,燿華國票98購01  ,0,0,0,0,0,0,0,0,0,387000,0,0,0,388000,1000,387000,387000
2481,強茂            ,641000,251000,390000,0,0,0,0,0,0,-4000,0,16000,-16000,13000,1000,12000,386000
058125,元油2X元大9C購01,0,0,0,0,0,0,0,0,0,383000,0,0,0,383000,0,383000,383000
055953,上銀元大97購09  ,0,0,0,0,0,0,0,0,0,381000,0,0,0,390000,9000,381000,381000
054645,奇力新群益97購04,0,0,0,0,0,0,0,0,0,380000,0,0,0,380000,0,380000,380000
047687,元金2X富邦96購01,0,0,0,0,0,0,0,0,0,380000,0,0,0,380000,0,380000,380000
059997,華航元富99購01  ,0,0,0,0,0,0,0,0,0,377000,0,0,0,418000,41000,377000,377000
059865,國巨凱基01購01  ,0,0,0,0,0,0,0,0,0,373000,0,0,0,723000,350000,373000,373000
048839,牧德凱基95購01  ,0,0,0,0,0,0,0,0,0,370000,0,0,0,370000,0,370000,370000
058832,立積永豐99購01  ,0,0,0,0,0,0,0,0,0,367000,0,0,0,382000,15000,367000,367000
053617,宏達電群益96購02,0,0,0,0,0,0,0,0,0,367000,0,0,0,556000,189000,367000,367000
051206,大立光麥證95購02,0,0,0,361000,0,361000,0,0,0,361000,0,0,0,361000,0,361000,361000
053073,技嘉康和96購01  ,0,0,0,0,0,0,0,0,0,357000,0,0,0,518000,161000,357000,357000
056599,臻鼎元富98購01  ,0,0,0,0,0,0,0,0,0,356000,0,0,0,383000,27000,356000,356000
050124,元金2X凱基95購01,0,0,0,0,0,0,0,0,0,355000,0,0,0,360000,5000,355000,355000
2421,建準            ,300000,345000,-45000,0,0,0,435000,0,435000,-35000,0,5000,-5000,16000,46000,-30000,355000
2392,正崴            ,742000,371000,371000,0,0,0,0,0,0,-17000,5000,25000,-20000,10000,7000,3000,354000
059869,友達凱基99購07  ,0,0,0,0,0,0,0,0,0,353000,0,0,0,353000,0,353000,353000
057104,康友中信99購01  ,0,0,0,0,0,0,0,0,0,350000,0,0,0,350000,0,350000,350000
1309,台達化          ,434000,83000,351000,0,0,0,0,0,0,-2000,0,2000,-2000,0,0,0,349000
060202,康友元富9A購01  ,0,0,0,0,0,0,0,0,0,347000,0,0,0,348000,1000,347000,347000
057064,華新科富邦9B購01,0,0,0,0,0,0,0,0,0,345000,0,0,0,345000,0,345000,345000
060100,新光金元大9C購01,0,0,0,0,0,0,0,0,0,345000,0,0,0,365000,20000,345000,345000
058909,神達元大99購03  ,0,0,0,0,0,0,0,0,0,344000,0,0,0,380000,36000,344000,344000
05869P,旺宏凱基96售05  ,0,0,0,0,0,0,0,0,0,341000,0,0,0,346000,5000,341000,341000
1789,神隆            ,953000,616000,337000,0,0,0,0,0,0,4000,0,0,0,47000,43000,4000,341000
053098,國巨元富96購04  ,0,0,0,0,0,0,0,0,0,337000,0,0,0,337000,0,337000,337000
07074P,FBVIX凱基9A售01 ,0,0,0,0,0,0,0,0,0,335000,0,0,0,335000,0,335000,335000
1217,愛之味          ,410000,76000,334000,0,0,0,0,0,0,0,0,0,0,0,0,0,334000
5607,遠雄港          ,335000,3000,332000,0,0,0,0,0,0,0,0,0,0,0,0,0,332000
045053,聯發科元富98購01,0,0,0,0,0,0,0,0,0,330000,0,0,0,330000,0,330000,330000
053361,友達元富99購01  ,0,0,0,0,0,0,0,0,0,329000,0,0,0,530000,201000,329000,329000
055723,康控元大97購04  ,0,0,0,0,0,0,0,0,0,328000,0,0,0,328000,0,328000,328000
8046,南電            ,1716000,2214000,-498000,0,0,0,664000,5000,659000,166000,25000,56000,-31000,260000,63000,197000,327000
8996,高力            ,604000,227000,377000,0,0,0,0,0,0,-51000,1000,52000,-51000,0,0,0,326000
3653,健策            ,490000,471000,19000,0,0,0,131000,0,131000,174000,48000,20000,28000,179000,33000,146000,324000
2455,全新            ,420000,176000,244000,0,0,0,0,0,0,80000,146000,96000,50000,49000,19000,30000,324000
053915,光罩國票96購02  ,0,0,0,0,0,0,0,0,0,323000,0,0,0,345000,22000,323000,323000
059645,祥碩凱基99購05  ,0,0,0,0,0,0,0,0,0,321000,0,0,0,1003000,682000,321000,321000
047123,中石化中信95購01,0,0,0,0,0,0,0,0,0,320000,0,0,0,320000,0,320000,320000
3231,緯創            ,1248000,903000,345000,0,0,0,4000,0,4000,-29000,30000,90000,-60000,32000,1000,31000,320000
2107,厚生            ,340000,22000,318000,0,0,0,0,0,0,1000,2000,1000,1000,0,0,0,319000
1611,中電            ,319000,3000,316000,0,0,0,0,0,0,1000,1000,0,1000,0,0,0,317000
1609,大亞            ,647000,321000,326000,0,0,0,0,0,0,-10000,0,10000,-10000,0,0,0,316000
055675,亞德客凱基97購02,0,0,0,0,0,0,0,0,0,315000,0,0,0,489000,174000,315000,315000
05625P,國巨國票97售01  ,0,0,0,0,0,0,0,0,0,313000,0,0,0,403000,90000,313000,313000
057189,康控元大98購02  ,0,0,0,0,0,0,0,0,0,313000,0,0,0,359000,46000,313000,313000
059559,T50反1凱基99購07,0,0,0,0,0,0,0,0,0,312000,0,0,0,375000,63000,312000,312000
2379,瑞昱            ,565000,357000,208000,0,0,0,206000,63000,143000,-39000,15000,48000,-33000,7000,13000,-6000,312000
056094,大立光元富97購03,0,0,0,0,0,0,0,0,0,309000,0,0,0,309000,0,309000,309000
053463,可成富邦98購01  ,0,0,0,0,0,0,0,0,0,306000,0,0,0,306000,0,306000,306000
5531,鄉林            ,403000,99000,304000,0,0,0,0,0,0,2000,4000,2000,2000,0,0,0,306000
057433,上銀國票98購04  ,0,0,0,0,0,0,0,0,0,304000,0,0,0,542000,238000,304000,304000
06626P,大立光統一9A售01,0,0,0,0,0,0,0,0,0,304000,0,0,0,486000,182000,304000,304000
00638R,元大滬深300反1  ,52000,85000,-33000,0,0,0,0,0,0,335000,0,0,0,549000,214000,335000,302000
6456,GIS-KY          ,427000,111000,316000,0,0,0,0,0,0,-14000,14000,4000,10000,5000,29000,-24000,302000
05236P,緯穎康和95售01  ,0,0,0,0,0,0,0,0,0,301000,0,0,0,301000,0,301000,301000
6191,精成科          ,347000,42000,305000,0,0,0,0,0,0,-4000,0,2000,-2000,0,2000,-2000,301000
056458,日月光凱基98購02,0,0,0,0,0,0,0,0,0,300000,0,0,0,300000,0,300000,300000
051840,康友國泰97購02  ,0,0,0,0,0,0,0,0,0,300000,0,0,0,300000,0,300000,300000
03826P,瀚宇博元大95售01,0,0,0,0,0,0,0,0,0,300000,0,0,0,300000,0,300000,300000
006205,富邦上証        ,1000,36000,-35000,0,0,0,0,0,0,333000,10000,0,10000,1401000,1078000,323000,298000
052936,華通兆豐98購01  ,0,0,0,0,0,0,0,0,0,296000,0,0,0,306000,10000,296000,296000
056243,創意群益97購03  ,0,0,0,0,0,0,0,0,0,294000,0,0,0,304000,10000,294000,294000
053072,國巨台新97購01  ,0,0,0,0,0,0,0,0,0,293000,0,0,0,508000,215000,293000,293000
053672,嘉澤元富96購02  ,0,0,0,0,0,0,0,0,0,291000,0,0,0,301000,10000,291000,291000
2615,萬海            ,599000,289000,310000,0,0,0,1000,0,1000,-21000,0,21000,-21000,0,0,0,290000
053584,友達元大9B購02  ,0,0,0,0,0,0,0,0,0,289000,0,0,0,331000,42000,289000,289000
055359,超眾凱基97購01  ,0,0,0,0,0,0,0,0,0,288000,0,0,0,350000,62000,288000,288000
059255,臺股指凱基99購33,0,0,0,0,0,0,0,0,0,286000,0,0,0,1188000,902000,286000,286000
055900,瀚宇博中信97購01,0,0,0,0,0,0,0,0,0,285000,0,0,0,300000,15000,285000,285000
047418,智邦富邦97購01  ,0,0,0,0,0,0,0,0,0,283000,0,0,0,283000,0,283000,283000
07334P,臺股指國票99售19,0,0,0,0,0,0,0,0,0,282000,0,0,0,505000,223000,282000,282000
2349,錸德            ,455000,176000,279000,0,0,0,0,0,0,0,0,0,0,0,0,0,279000
2439,美律            ,546000,173000,373000,0,0,0,0,84000,-84000,-10000,1000,8000,-7000,10000,13000,-3000,279000
058786,元黃金元大99購01,0,0,0,0,0,0,0,0,0,278000,0,0,0,278000,0,278000,278000
058567,華新科凱基9A購02,0,0,0,0,0,0,0,0,0,278000,0,0,0,320000,42000,278000,278000
00639,富邦深100       ,379000,79000,300000,0,0,0,0,0,0,-22000,0,0,0,789000,811000,-22000,278000
2504,國產            ,1469000,1445000,24000,0,0,0,0,0,0,254000,11000,52000,-41000,312000,17000,295000,278000
057877,神達元大99購01  ,0,0,0,0,0,0,0,0,0,276000,0,0,0,296000,20000,276000,276000
059606,上銀富邦9B購02  ,0,0,0,0,0,0,0,0,0,274000,0,0,0,274000,0,274000,274000
1304,台聚            ,410000,136000,274000,0,0,0,0,0,0,0,0,0,0,0,0,0,274000
058926,勤誠元富99購01  ,0,0,0,0,0,0,0,0,0,271000,0,0,0,272000,1000,271000,271000
07264P,台積電元大99售38,0,0,0,0,0,0,0,0,0,271000,0,0,0,271000,0,271000,271000
056975,元油2X群益98購03,270000,0,270000,0,0,0,0,0,0,0,0,0,0,0,0,0,270000
053898,康友群益97購01  ,0,0,0,0,0,0,0,0,0,270000,0,0,0,270000,0,270000,270000
059395,T50反1元富99購03,0,0,0,0,0,0,0,0,0,268000,0,0,0,398000,130000,268000,268000
054205,華新國票97購02  ,0,0,0,0,0,0,0,0,0,268000,0,0,0,268000,0,268000,268000
053734,友達中信98購02  ,0,0,0,0,0,0,0,0,0,265000,0,0,0,265000,0,265000,265000
07424P,大立光元大9B售01,0,0,0,0,0,0,0,0,0,265000,0,0,0,307000,42000,265000,265000
055874,中環元富9A購01  ,0,0,0,0,0,0,0,0,0,264000,0,0,0,585000,321000,264000,264000
053192,創意統一96購01  ,0,0,0,0,0,0,0,0,0,264000,0,0,0,264000,0,264000,264000
059822,聯發科凱基99購19,0,0,0,0,0,0,0,0,0,261000,0,0,0,261000,0,261000,261000
2387,精元            ,510000,230000,280000,0,0,0,0,0,0,-19000,0,1000,-1000,0,18000,-18000,261000
058754,元油2X群益99購02,60000,0,60000,0,0,0,0,0,0,199000,0,0,0,199000,0,199000,259000
059889,華新科國票99購04,0,0,0,0,0,0,0,0,0,258000,0,0,0,344000,86000,258000,258000
057283,欣興元大98購07  ,0,0,0,0,0,0,0,0,0,257000,0,0,0,351000,94000,257000,257000
052294,創意國票96購03  ,0,0,0,0,0,0,0,0,0,257000,0,0,0,257000,0,257000,257000
056677,智伸科元富98購01,0,0,0,0,0,0,0,0,0,254000,0,0,0,393000,139000,254000,254000
053717,聯發科凱基96購17,0,0,0,0,0,0,0,0,0,251000,0,0,0,251000,0,251000,251000
053773,上銀元大96購04  ,0,0,0,0,0,0,0,0,0,251000,0,0,0,314000,63000,251000,251000
056093,大毅元富97購01  ,0,0,0,0,0,0,0,0,0,250000,0,0,0,491000,241000,250000,250000
052203,T50反1中信99購03,0,0,0,0,0,0,0,0,0,250000,0,0,0,250000,0,250000,250000
1536,和大            ,505000,115000,390000,0,0,0,0,0,0,-140000,7000,132000,-125000,6000,21000,-15000,250000
3443,創意            ,382000,109000,273000,0,0,0,1000,0,1000,-24000,1000,3000,-2000,10000,32000,-22000,250000
1305,華夏            ,604000,355000,249000,0,0,0,0,0,0,0,0,0,0,0,0,0,249000
056672,元油2X元富98購10,56000,0,56000,0,0,0,0,0,0,190000,0,0,0,190000,0,190000,246000
053399,創意中信96購01  ,0,0,0,0,0,0,0,0,0,245000,0,0,0,318000,73000,245000,245000
1905,華紙            ,333000,89000,244000,0,0,0,0,0,0,0,0,0,0,0,0,0,244000
05843P,台積電元大96售16,0,0,0,0,0,0,0,0,0,243000,0,0,0,243000,0,243000,243000
1802,台玻            ,435000,165000,270000,0,0,0,0,0,0,-27000,12000,39000,-27000,0,0,0,243000
9914,美利達          ,253000,164000,89000,0,0,0,171000,0,171000,-17000,4000,21000,-17000,0,0,0,243000
060237,友達元大9A購06  ,0,0,0,0,0,0,0,0,0,242000,0,0,0,465000,223000,242000,242000
060340,國巨統一01購02  ,0,0,0,0,0,0,0,0,0,241000,0,0,0,696000,455000,241000,241000
058140,臻鼎元大99購02  ,0,0,0,0,0,0,0,0,0,241000,0,0,0,246000,5000,241000,241000
059935,國巨永豐99購07  ,0,0,0,0,0,0,0,0,0,241000,0,0,0,400000,159000,241000,241000
04518P,高鐵群益95售01  ,0,0,0,0,0,0,0,0,0,241000,0,0,0,241000,0,241000,241000
058337,日月光元富99購01,0,0,0,0,0,0,0,0,0,240000,0,0,0,464000,224000,240000,240000
058405,訊連元大99購02  ,0,0,0,0,0,0,0,0,0,239000,0,0,0,239000,0,239000,239000
053913,華新國票97購01  ,0,0,0,0,0,0,0,0,0,239000,0,0,0,279000,40000,239000,239000
07235P,T50正2元大9C售02,0,0,0,0,0,0,0,0,0,239000,0,0,0,255000,16000,239000,239000
2014,中鴻            ,755000,497000,258000,0,0,0,0,0,0,-20000,6000,26000,-20000,0,0,0,238000
055738,玉山金元富97購01,0,0,0,0,0,0,0,0,0,232000,0,0,0,232000,0,232000,232000
060278,道瓊反元大9A購03,0,0,0,0,0,0,0,0,0,231000,0,0,0,283000,52000,231000,231000
050368,國巨元大94購14  ,0,0,0,0,0,0,0,0,0,230000,0,0,0,230000,0,230000,230000
047102,潤泰全富邦95購01,0,0,0,0,0,0,0,0,0,230000,0,0,0,230000,0,230000,230000
2406,國碩            ,370000,140000,230000,0,0,0,0,0,0,0,0,0,0,0,0,0,230000
056066,奇鋐元大98購02  ,0,0,0,0,0,0,0,0,0,229000,0,0,0,229000,0,229000,229000
049007,玉晶光中信96購01,0,0,0,0,0,0,0,0,0,229000,0,0,0,229000,0,229000,229000
06780P,義隆元大98售02  ,0,0,0,0,0,0,0,0,0,229000,0,0,0,342000,113000,229000,229000
056823,智伸科永豐98購01,0,0,0,0,0,0,0,0,0,228000,0,0,0,296000,68000,228000,228000
05059P,大立光國票96售02,0,0,0,0,0,0,0,0,0,228000,0,0,0,361000,133000,228000,228000
00635U,元大S&P黃金     ,530000,0,530000,0,0,0,0,0,0,-304000,0,0,0,7000,311000,-304000,226000
053018,旺宏元富96購02  ,0,0,0,0,0,0,0,0,0,226000,0,0,0,227000,1000,226000,226000
2605,新興            ,436000,212000,224000,0,0,0,0,0,0,2000,4000,2000,2000,0,0,0,226000
056838,旺宏元富98購01  ,0,0,0,0,0,0,0,0,0,225000,0,0,0,276000,51000,225000,225000
07406P,大立光凱基99售18,0,0,0,0,0,0,0,0,0,225000,0,0,0,255000,30000,225000,225000
00675L,富邦臺灣加權正2 ,0,0,0,0,0,0,0,0,0,224000,0,0,0,571000,347000,224000,224000
044254,深中小元大94購01,0,0,0,0,0,0,0,0,0,224000,0,0,0,234000,10000,224000,224000
00670L,富邦NASDAQ正2   ,6000,2000,4000,0,0,0,0,0,0,219000,0,0,0,239000,20000,219000,223000
056083,億光統一97購03  ,0,0,0,0,0,0,0,0,0,222000,0,0,0,222000,0,222000,222000
057258,中環兆豐98購01  ,0,0,0,0,0,0,0,0,0,221000,0,0,0,234000,13000,221000,221000
054148,矽創元大96購03  ,0,0,0,0,0,0,0,0,0,220000,0,0,0,265000,45000,220000,220000
057096,緯穎元富98購01  ,0,0,0,0,0,0,0,0,0,219000,0,0,0,305000,86000,219000,219000
055844,大毅元大98購01  ,0,0,0,0,0,0,0,0,0,219000,0,0,0,418000,199000,219000,219000
053983,樺漢元大97購02  ,0,0,0,0,0,0,0,0,0,219000,0,0,0,219000,0,219000,219000
057449,華新科元富99購02,0,0,0,0,0,0,0,0,0,218000,0,0,0,228000,10000,218000,218000
06023P,超眾國票96售03  ,0,0,0,0,0,0,0,0,0,217000,0,0,0,392000,175000,217000,217000
054221,華新科統一96購05,0,0,0,0,0,0,0,0,0,217000,0,0,0,247000,30000,217000,217000
052563,京元電日盛96購01,0,0,0,0,0,0,0,0,0,216000,0,0,0,216000,0,216000,216000
053745,康友國票97購01  ,0,0,0,0,0,0,0,0,0,215000,0,0,0,270000,55000,215000,215000
059755,宏達電國泰9A購01,0,0,0,0,0,0,0,0,0,214000,0,0,0,553000,339000,214000,214000
059906,臺指反元大9C購04,0,0,0,0,0,0,0,0,0,210000,0,0,0,215000,5000,210000,210000
05528P,臺股指群益96售01,0,0,0,0,0,0,0,0,0,210000,0,0,0,350000,140000,210000,210000
058981,國巨凱基99購10  ,0,0,0,0,0,0,0,0,0,209000,0,0,0,351000,142000,209000,209000
07173P,臺股指國票99售10,0,0,0,0,0,0,0,0,0,208000,0,0,0,430000,222000,208000,208000
053770,元金2X元大98購01,0,0,0,0,0,0,0,0,0,206000,0,0,0,255000,49000,206000,206000
1709,和益            ,212000,6000,206000,0,0,0,0,0,0,0,0,0,0,0,0,0,206000
056549,嘉聯益凱基98購04,0,0,0,0,0,0,0,0,0,205000,0,0,0,258000,53000,205000,205000
057523,大成鋼元大99購01,0,0,0,0,0,0,0,0,0,204000,0,0,0,204000,0,204000,204000
058686,祥碩凱基99購03  ,0,0,0,0,0,0,0,0,0,204000,0,0,0,230000,26000,204000,204000
053694,創意元大96購03  ,0,0,0,0,0,0,0,0,0,204000,0,0,0,598000,394000,204000,204000
055136,聯發科富邦99購06,0,0,0,0,0,0,0,0,0,204000,0,0,0,211000,7000,204000,204000
06802P,緯穎群益98售03  ,0,0,0,0,0,0,0,0,0,203000,0,0,0,203000,0,203000,203000
3596,智易            ,564000,349000,215000,0,0,0,0,0,0,-12000,4000,4000,0,22000,34000,-12000,203000
052691,GIS元大96購01   ,0,0,0,0,0,0,0,0,0,202000,0,0,0,202000,0,202000,202000
055733,奇力新元富97購01,0,0,0,0,0,0,0,0,0,202000,0,0,0,204000,2000,202000,202000
054933,南港元大97購01  ,0,0,0,0,0,0,0,0,0,201000,0,0,0,256000,55000,201000,201000
058696,元油2X元大9C購04,0,0,0,0,0,0,0,0,0,200000,0,0,0,200000,0,200000,200000
058892,元油2X元大9C購08,0,0,0,0,0,0,0,0,0,200000,0,0,0,202000,2000,200000,200000
057736,鴻海富邦99購04  ,0,0,0,0,0,0,0,0,0,200000,0,0,0,206000,6000,200000,200000
059246,奇力新凱基9A購02,0,0,0,0,0,0,0,0,0,200000,0,0,0,220000,20000,200000,200000
054966,貿聯元大98購02  ,0,0,0,0,0,0,0,0,0,200000,0,0,0,200000,0,200000,200000
054067,百和國票97購03  ,0,0,0,0,0,0,0,0,0,200000,0,0,0,200000,0,200000,200000
053675,臺股指元富96購02,0,0,0,0,0,0,0,0,0,200000,0,0,0,200000,0,200000,200000
046574,泰鼎國泰94購01  ,0,0,0,0,0,0,0,0,0,200000,0,0,0,200000,0,200000,200000
07375P,台積電元大99售48,0,0,0,0,0,0,0,0,0,200000,0,0,0,220000,20000,200000,200000
060223,台灣50元大9A購05,0,0,0,0,0,0,0,0,0,199000,0,0,0,201000,2000,199000,199000
050327,泰鼎永豐94購03  ,0,0,0,0,0,0,0,0,0,199000,0,0,0,200000,1000,199000,199000
07469P,台達電元大9A售01,0,0,0,0,0,0,0,0,0,199000,0,0,0,203000,4000,199000,199000
059637,大立光凱基01購01,0,0,0,0,0,0,0,0,0,198000,0,0,0,372000,174000,198000,198000
051187,晶相光永豐95購01,0,0,0,0,0,0,0,0,0,198000,0,0,0,199000,1000,198000,198000
054789,高鐵群益98購01  ,0,0,0,0,0,0,0,0,0,198000,0,0,0,210000,12000,198000,198000
06457P,玉晶光統一98售02,0,0,0,0,0,0,0,0,0,198000,0,0,0,398000,200000,198000,198000
052817,楠梓電永豐96購02,0,0,0,0,0,0,0,0,0,197000,0,0,0,197000,0,197000,197000
060456,正隆元大9A購01  ,0,0,0,0,0,0,0,0,0,196000,0,0,0,196000,0,196000,196000
055230,大毅國票98購01  ,0,0,0,0,0,0,0,0,0,196000,0,0,0,271000,75000,196000,196000
9938,百和            ,522000,345000,177000,0,0,0,30000,0,30000,-11000,18000,21000,-3000,5000,13000,-8000,196000
058622,國巨國票99購07  ,0,0,0,0,0,0,0,0,0,195000,0,0,0,246000,51000,195000,195000
056894,佳世達元大99購01,0,0,0,0,0,0,0,0,0,195000,0,0,0,205000,10000,195000,195000
056321,創意群益98購02  ,0,0,0,0,0,0,0,0,0,195000,0,0,0,281000,86000,195000,195000
2606,裕民            ,288000,96000,192000,0,0,0,1000,0,1000,2000,6000,8000,-2000,4000,0,4000,195000
059461,鈺齊永豐99購03  ,0,0,0,0,0,0,0,0,0,193000,0,0,0,270000,77000,193000,193000
055745,臻鼎元富97購01  ,0,0,0,0,0,0,0,0,0,193000,0,0,0,257000,64000,193000,193000
053101,創意元富96購03  ,0,0,0,0,0,0,0,0,0,191000,0,0,0,222000,31000,191000,191000
055291,京鼎元大97購02  ,0,0,0,0,0,0,0,0,0,191000,0,0,0,588000,397000,191000,191000
3041,揚智            ,323000,132000,191000,0,0,0,0,0,0,0,0,0,0,0,0,0,191000
056801,國巨台新98購01  ,5000,15000,-10000,0,0,0,0,0,0,200000,0,0,0,215000,15000,200000,190000
059909,鴻海元大99購36  ,0,0,0,0,0,0,0,0,0,190000,0,0,0,200000,10000,190000,190000
051685,台光電凱基95購01,0,0,0,0,0,0,0,0,0,190000,0,0,0,190000,0,190000,190000
048789,大立光元大95購04,0,0,0,0,0,0,0,0,0,190000,0,0,0,190000,0,190000,190000
3504,揚明光          ,215000,24000,191000,0,0,0,0,0,0,-1000,0,1000,-1000,0,0,0,190000
1513,中興電          ,363000,181000,182000,0,0,0,0,0,0,8000,3000,0,3000,5000,0,5000,190000
054689,華新科永豐97購01,0,0,0,0,0,0,0,0,0,188000,0,0,0,188000,0,188000,188000
8016,矽創            ,374000,179000,195000,0,0,0,0,0,0,-7000,0,1000,-1000,2000,8000,-6000,188000
056970,TPK永豐98購01   ,0,0,0,0,0,0,0,0,0,187000,0,0,0,269000,82000,187000,187000
052819,義隆永豐96購01  ,0,0,0,0,0,0,0,0,0,186000,0,0,0,191000,5000,186000,186000
058722,台郡元富99購01  ,0,0,0,0,0,0,0,0,0,185000,0,0,0,207000,22000,185000,185000
04616P,臺股指群益95售02,0,0,0,0,0,0,0,0,0,184000,0,0,0,190000,6000,184000,184000
3062,建漢            ,292000,109000,183000,0,0,0,0,0,0,1000,1000,0,1000,0,0,0,184000
1514,亞力            ,227000,43000,184000,0,0,0,0,0,0,0,0,0,0,0,0,0,184000
060436,巨大永豐9A購01  ,0,0,0,0,0,0,0,0,0,183000,0,0,0,203000,20000,183000,183000
047673,瑞昱元富96購01  ,0,0,0,0,0,0,0,0,0,183000,0,0,0,183000,0,183000,183000
056774,和鑫元大98購01  ,0,0,0,0,0,0,0,0,0,182000,0,0,0,292000,110000,182000,182000
053721,國泰金凱基97購01,0,0,0,0,0,0,0,0,0,181000,0,0,0,191000,10000,181000,181000
2332,友訊            ,602000,588000,14000,0,0,0,0,0,0,167000,85000,107000,-22000,253000,64000,189000,181000
059663,旭富元大9C購02  ,0,0,0,0,0,0,0,0,0,180000,0,0,0,209000,29000,180000,180000
057916,國巨凱基98購13  ,0,0,0,0,0,0,0,0,0,180000,0,0,0,280000,100000,180000,180000
059630,美律凱基99購07  ,0,0,0,0,0,0,0,0,0,180000,0,0,0,200000,20000,180000,180000
1313,聯成            ,376000,196000,180000,0,0,0,0,0,0,0,0,0,0,0,0,0,180000
1210,大成            ,372000,183000,189000,0,0,0,0,0,0,-9000,2000,15000,-13000,4000,0,4000,180000
060171,宏達電台新9A購01,0,0,0,0,0,0,0,0,0,180000,0,0,0,180000,0,180000,180000
060294,嘉澤元大9A購01  ,0,0,0,0,0,0,0,0,0,179000,0,0,0,205000,26000,179000,179000
058820,致茂國泰9B購01  ,0,0,0,0,0,0,0,0,0,178000,0,0,0,180000,2000,178000,178000
059864,亞德客凱基99購01,0,0,0,0,0,0,0,0,0,177000,0,0,0,439000,262000,177000,177000
058480,新日興凱基9A購01,0,0,0,0,0,0,0,0,0,176000,0,0,0,200000,24000,176000,176000
054459,鈺齊群益96購01  ,0,0,0,0,0,0,0,0,0,176000,0,0,0,176000,0,176000,176000
3044,健鼎            ,432000,247316,184684,0,0,0,0,0,0,-9000,6000,13000,-7000,0,2000,-2000,175684
058172,國巨凱基9B購02  ,0,0,0,0,0,0,0,0,0,175000,0,0,0,175000,0,175000,175000
057483,微星元大98購04  ,0,0,0,0,0,0,0,0,0,175000,0,0,0,214000,39000,175000,175000
057123,上銀凱基98購05  ,0,0,0,0,0,0,0,0,0,174000,0,0,0,174000,0,174000,174000
057536,康控元大99購03  ,0,0,0,0,0,0,0,0,0,173000,0,0,0,229000,56000,173000,173000
058531,華通元富99購01  ,0,0,0,0,0,0,0,0,0,172000,0,0,0,172000,0,172000,172000
056820,欣興永豐98購02  ,0,0,0,0,0,0,0,0,0,172000,0,0,0,172000,0,172000,172000
059694,創意永豐99購03  ,0,0,0,0,0,0,0,0,0,171000,0,0,0,314000,143000,171000,171000
054756,世紀鋼凱基99購01,0,0,0,0,0,0,0,0,0,171000,0,0,0,171000,0,171000,171000
055044,信錦永豐97購01  ,0,0,0,0,0,0,0,0,0,171000,0,0,0,175000,4000,171000,171000
056761,元油2X元大98購07,170000,0,170000,0,0,0,0,0,0,0,0,0,0,0,0,0,170000
056475,宏達電元大99購02,0,0,0,0,0,0,0,0,0,170000,0,0,0,170000,0,170000,170000
052832,益航群益96購01  ,0,0,0,0,0,0,0,0,0,170000,0,0,0,170000,0,170000,170000
052713,智邦凱基96購01  ,0,0,0,0,0,0,0,0,0,170000,0,0,0,170000,0,170000,170000
00678,群益NBI生技     ,170000,0,170000,0,0,0,0,0,0,0,0,0,0,600000,600000,0,170000
2913,農林            ,255000,91000,164000,0,0,0,0,0,0,6000,6000,0,6000,0,0,0,170000
05938P,旺宏凱基96售07  ,0,0,0,0,0,0,0,0,0,169000,0,0,0,169000,0,169000,169000
051403,玉晶光永豐95購05,0,0,0,0,0,0,0,0,0,169000,0,0,0,183000,14000,169000,169000
052915,創意元富96購01  ,0,0,0,0,0,0,0,0,0,169000,0,0,0,189000,20000,169000,169000
054212,聯詠國票97購03  ,0,0,0,0,0,0,0,0,0,169000,0,0,0,225000,56000,169000,169000
059683,康控富邦9C購01  ,0,0,0,0,0,0,0,0,0,168000,0,0,0,180000,12000,168000,168000
3535,晶彩科          ,183000,15000,168000,0,0,0,0,0,0,0,0,0,0,0,0,0,168000
06410P,祥碩統一97售01  ,0,0,0,0,0,0,0,0,0,168000,0,0,0,168000,0,168000,168000
059643,日月光凱基99購02,0,0,0,0,0,0,0,0,0,167000,0,0,0,277000,110000,167000,167000
053750,致伸永豐96購02  ,0,0,0,0,0,0,0,0,0,166000,0,0,0,166000,0,166000,166000
051982,深中小元大95購01,0,0,0,0,0,0,0,0,0,165000,0,0,0,165000,0,165000,165000
2809,京城銀          ,319000,144000,175000,0,0,0,0,0,0,-10000,9000,19000,-10000,0,0,0,165000
058021,牧德凱基98購02  ,0,0,0,0,0,0,0,0,0,164000,0,0,0,174000,10000,164000,164000
3661,世芯-KY         ,618000,419994,198006,0,0,0,125000,50000,75000,-110000,7000,98000,-91000,19000,38000,-19000,163006
051318,上銀國票96購01  ,0,0,0,0,0,0,0,0,0,163000,0,0,0,197000,34000,163000,163000
059168,奇力新凱基99購05,10000,0,10000,0,0,0,0,0,0,153000,0,0,0,311000,158000,153000,163000
06104P,大立光凱基97售04,0,0,0,0,0,0,0,0,0,163000,0,0,0,164000,1000,163000,163000
06734P,智邦凱基98售05  ,0,0,0,0,0,0,0,0,0,163000,0,0,0,166000,3000,163000,163000
055617,TPK國票98購04   ,0,0,0,0,0,0,0,0,0,162000,0,0,0,162000,0,162000,162000
051908,國泰金元大96購02,0,0,0,0,0,0,0,0,0,162000,0,0,0,162000,0,162000,162000
060228,亞德客元大9A購01,0,0,0,0,0,0,0,0,0,161000,0,0,0,745000,584000,161000,161000
060239,國揚元大9C購01  ,0,0,0,0,0,0,0,0,0,160000,0,0,0,188000,28000,160000,160000
057380,技嘉國泰9A購01  ,0,0,0,0,0,0,0,0,0,160000,0,0,0,160000,0,160000,160000
04344P,台達電國泰94售01,0,0,0,0,0,0,0,0,0,160000,0,0,0,174000,14000,160000,160000
054677,智易台新98購02  ,0,0,0,0,0,0,0,0,0,160000,0,0,0,160000,0,160000,160000
1218,泰山            ,209000,49000,160000,0,0,0,0,0,0,0,0,0,0,0,0,0,160000
3708,上緯投控        ,178000,16000,162000,0,0,0,0,0,0,-2000,0,1000,-1000,0,1000,-1000,160000
07452P,國巨元大9A售05  ,0,0,0,0,0,0,0,0,0,159000,0,0,0,186000,27000,159000,159000
059678,鴻海國泰9A購03  ,0,0,0,0,0,0,0,0,0,158000,0,0,0,178000,20000,158000,158000
058626,瑞昱國票9A購01  ,0,0,0,0,0,0,0,0,0,157000,0,0,0,157000,0,157000,157000
006207,FH滬深          ,314000,6000,308000,0,0,0,0,0,0,-151000,20000,20000,0,104000,255000,-151000,157000
058730,玉晶光永豐9A購01,0,0,0,0,0,0,0,0,0,156000,0,0,0,159000,3000,156000,156000
060212,華航康和9A購01  ,0,0,0,0,0,0,0,0,0,156000,0,0,0,223000,67000,156000,156000
060217,國巨凱基9A購10  ,0,0,0,0,0,0,0,0,0,156000,0,0,0,182000,26000,156000,156000
2365,昆盈            ,170000,13000,157000,0,0,0,0,0,0,-1000,1000,2000,-1000,0,0,0,156000
059975,元金2X元大99購02,0,0,0,0,0,0,0,0,0,155000,0,0,0,398000,243000,155000,155000
060119,上銀富邦9B購03  ,0,0,0,0,0,0,0,0,0,155000,0,0,0,313000,158000,155000,155000
056177,嘉澤元富97購01  ,0,0,0,0,0,0,0,0,0,154000,0,0,0,154000,0,154000,154000
057804,為升元大98購01  ,0,0,0,0,0,0,0,0,0,154000,0,0,0,154000,0,154000,154000
053867,創意元大96購04  ,0,0,0,0,0,0,0,0,0,154000,0,0,0,286000,132000,154000,154000
054498,燿華永豐96購06  ,0,0,0,0,0,0,0,0,0,154000,0,0,0,154000,0,154000,154000
059581,日月光元富99購02,0,0,0,0,0,0,0,0,0,152000,0,0,0,529000,377000,152000,152000
056614,智邦永豐98購01  ,0,100000,-100000,0,0,0,0,0,0,252000,0,0,0,252000,0,252000,152000
060196,泰鼎元富9A購01  ,0,0,0,0,0,0,0,0,0,152000,0,0,0,171000,19000,152000,152000
053889,致茂群益97購01  ,0,0,0,0,0,0,0,0,0,151000,0,0,0,151000,0,151000,151000
07442P,華航康和9A售02  ,0,0,0,0,0,0,0,0,0,151000,0,0,0,161000,10000,151000,151000
6120,達運            ,221000,64000,157000,0,0,0,0,0,0,-6000,2000,8000,-6000,0,0,0,151000
057373,大立光元大98購17,0,0,0,0,0,0,0,0,0,150000,0,0,0,150000,0,150000,150000
058446,新光金富邦9C購01,0,0,0,0,0,0,0,0,0,150000,0,0,0,150000,0,150000,150000
057165,國巨元大99購05  ,0,0,0,0,0,0,0,0,0,150000,0,0,0,260000,110000,150000,150000
046999,康控富邦99購01  ,0,0,0,0,0,0,0,0,0,150000,0,0,0,150000,0,150000,150000
048388,華通國票94購01  ,0,0,0,0,0,0,0,0,0,150000,0,0,0,150000,0,150000,150000
04452P,超眾國泰95售01  ,0,0,0,0,0,0,0,0,0,150000,0,0,0,150000,0,150000,150000
051762,國泰金元大95購01,0,0,0,0,0,0,0,0,0,150000,0,0,0,150000,0,150000,150000
054033,欣興中信96購02  ,0,0,0,0,0,0,0,0,0,150000,0,0,0,150000,0,150000,150000
050575,南亞科國票94購01,0,0,0,0,0,0,0,0,0,149000,0,0,0,149000,0,149000,149000
057216,聯發科群益99購01,0,0,0,0,0,0,0,0,0,148000,0,0,0,154000,6000,148000,148000
059437,京鼎元大99購02  ,0,0,0,0,0,0,0,0,0,148000,0,0,0,255000,107000,148000,148000
1608,華榮            ,179000,33000,146000,0,0,0,0,0,0,2000,3000,1000,2000,0,0,0,148000
060421,華擎永豐9A購01  ,0,0,0,0,0,0,0,0,0,147000,0,0,0,185000,38000,147000,147000
055518,華新科中信99購01,0,0,0,0,0,0,0,0,0,147000,0,0,0,147000,0,147000,147000
2453,凌群            ,155000,8000,147000,0,0,0,0,0,0,0,0,0,0,0,0,0,147000
057105,致茂群益9A購01  ,0,0,0,0,0,0,0,0,0,146000,0,0,0,156000,10000,146000,146000
057568,友訊永豐99購01  ,0,0,0,0,0,0,0,0,0,146000,0,0,0,146000,0,146000,146000
050202,建準群益95購01  ,0,0,0,0,0,0,0,0,0,146000,0,0,0,146000,0,146000,146000
054115,台塑康和96購01  ,0,0,0,0,0,0,0,0,0,145000,0,0,0,160000,15000,145000,145000
055249,大毅統一99購01  ,0,0,0,0,0,0,0,0,0,145000,0,0,0,145000,0,145000,145000
8110,華東            ,238000,87000,151000,0,0,0,0,0,0,-6000,0,6000,-6000,0,0,0,145000
056676,國產元富98購01  ,0,0,0,0,0,0,0,0,0,144000,0,0,0,144000,0,144000,144000
055859,啟碁元大97購03  ,0,0,0,0,0,0,0,0,0,144000,0,0,0,165000,21000,144000,144000
3312,弘憶股          ,169000,25000,144000,0,0,0,0,0,0,0,0,0,0,0,0,0,144000
059037,宏達電群益99購02,0,0,0,0,0,0,0,0,0,143000,0,0,0,172000,29000,143000,143000
056378,欣興元富98購01  ,0,0,0,0,0,0,0,0,0,143000,0,0,0,143000,0,143000,143000
058464,矽創兆豐9A購01  ,0,0,0,0,0,0,0,0,0,143000,0,0,0,143000,0,143000,143000
059359,精元永豐99購01  ,0,0,0,0,0,0,0,0,0,143000,0,0,0,162000,19000,143000,143000
054169,上緯控凱基98購01,0,0,0,0,0,0,0,0,0,143000,0,0,0,145000,2000,143000,143000
07011P,宏達電凱基99售02,0,0,0,0,0,0,0,0,0,143000,0,0,0,143000,0,143000,143000
058949,上銀群益99購02  ,0,0,0,0,0,0,0,0,0,142000,0,0,0,144000,2000,142000,142000
054638,國泰金中信99購01,0,0,0,0,0,0,0,0,0,142000,0,0,0,186000,44000,142000,142000
07301P,臺股指元大9A售34,0,0,0,0,0,0,0,0,0,142000,0,0,0,169000,27000,142000,142000
058910,泰鼎元大99購03  ,0,0,0,0,0,0,0,0,0,141000,0,0,0,305000,164000,141000,141000
056398,南茂永豐98購01  ,0,0,0,0,0,0,0,0,0,141000,0,0,0,349000,208000,141000,141000
056715,瀚宇博永豐98購01,0,0,0,0,0,0,0,0,0,141000,0,0,0,149000,8000,141000,141000
059826,欣興凱基99購06  ,0,0,0,0,0,0,0,0,0,141000,0,0,0,171000,30000,141000,141000
053513,義隆群益96購05  ,0,0,0,0,0,0,0,0,0,141000,0,0,0,146000,5000,141000,141000
057730,聯鈞國泰9A購01  ,0,0,0,0,0,0,0,0,0,140000,0,0,0,525000,385000,140000,140000
054906,神達康和97購01  ,0,0,0,0,0,0,0,0,0,140000,0,0,0,140000,0,140000,140000
054425,聯發科富邦99購03,0,0,0,0,0,0,0,0,0,140000,0,0,0,140000,0,140000,140000
052838,新唐國泰98購01  ,0,0,0,0,0,0,0,0,0,140000,0,0,0,140000,0,140000,140000
05194P,玉晶光康和95售01,0,0,0,0,0,0,0,0,0,140000,0,0,0,140000,0,140000,140000
04773P,金融類元大94售01,0,0,0,0,0,0,0,0,0,140000,0,0,0,140000,0,140000,140000
1612,宏泰            ,142000,2000,140000,0,0,0,0,0,0,0,1000,1000,0,0,0,0,140000
059294,宏達電元富9B購02,0,0,0,0,0,0,0,0,0,139000,0,0,0,139000,0,139000,139000
056622,高鐵永豐98購01  ,0,0,0,0,0,0,0,0,0,139000,0,0,0,139000,0,139000,139000
049721,晶技凱基94購02  ,0,0,0,0,0,0,0,0,0,139000,0,0,0,139000,0,139000,139000
053970,聯發科元大97購08,0,0,0,0,0,0,0,0,0,139000,0,0,0,156000,17000,139000,139000
056176,創意元富97購01  ,0,0,0,0,0,0,0,0,0,138000,0,0,0,169000,31000,138000,138000
2501,國建            ,207000,45000,162000,0,0,0,0,0,0,-24000,0,24000,-24000,0,0,0,138000
055704,亞德客永豐97購04,0,0,0,0,0,0,0,0,0,137000,0,0,0,137000,0,137000,137000
052194,旺宏元富95購04  ,0,0,0,0,0,0,0,0,0,137000,0,0,0,147000,10000,137000,137000
055417,健策富邦98購02  ,0,0,0,0,0,0,0,0,0,137000,0,0,0,137000,0,137000,137000
054391,宏達電元富96購04,0,0,0,0,0,0,0,0,0,137000,0,0,0,284000,147000,137000,137000
2328,廣宇            ,331000,186000,145000,0,0,0,0,0,0,-8000,3000,0,3000,0,11000,-11000,137000
8105,凌巨            ,230000,86000,144000,0,0,0,0,0,0,-7000,0,7000,-7000,0,0,0,137000
057070,美律永豐98購02  ,0,0,0,0,0,0,0,0,0,136000,0,0,0,136000,0,136000,136000
4164,承業醫          ,139000,5000,134000,0,0,0,0,0,0,2000,3000,1000,2000,0,0,0,136000
2492,華新科          ,797000,779000,18000,0,0,0,236000,0,236000,-118000,60000,138000,-78000,79000,119000,-40000,136000
06170P,禾伸堂元富97售02,0,0,0,0,0,0,0,0,0,136000,0,0,0,136000,0,136000,136000
060532,欣興中信9A購01  ,0,0,0,0,0,0,0,0,0,136000,0,0,0,144000,8000,136000,136000
055707,聯鈞永豐98購01  ,0,0,0,0,0,0,0,0,0,135000,0,0,0,182000,47000,135000,135000
07415P,台積電元大99售52,0,0,0,0,0,0,0,0,0,135000,0,0,0,172000,37000,135000,135000
4552,力達-KY         ,146000,11000,135000,0,0,0,0,0,0,0,1000,1000,0,0,0,0,135000
058839,瑞儀中信99購02  ,0,0,0,0,0,0,0,0,0,134000,0,0,0,134000,0,134000,134000
055730,建準元富97購02  ,0,0,0,0,0,0,0,0,0,134000,0,0,0,198000,64000,134000,134000
07246P,旺宏凱基99售08  ,0,0,0,0,0,0,0,0,0,134000,0,0,0,165000,31000,134000,134000
057377,康控元大99購02  ,0,0,0,0,0,0,0,0,0,133000,0,0,0,164000,31000,133000,133000
048748,國巨元富96購01  ,0,0,0,0,0,0,0,0,0,133000,0,0,0,138000,5000,133000,133000
07304P,臺股指元大9A售37,0,0,0,0,0,0,0,0,0,133000,0,0,0,153000,20000,133000,133000
06548P,大立光元大98售10,0,0,0,0,0,0,0,0,0,133000,0,0,0,135000,2000,133000,133000
06551P,貿聯元大98售05  ,0,0,0,0,0,0,0,0,0,133000,0,0,0,155000,22000,133000,133000
2368,金像電          ,8753000,9427000,-674000,0,0,0,1103000,0,1103000,-296000,770000,1136000,-366000,70000,0,70000,133000
059153,臺股指國票99購16,0,0,0,0,0,0,0,0,0,132000,0,0,0,319000,187000,132000,132000
058828,大毅永豐99購01  ,0,0,0,0,0,0,0,0,0,131000,0,0,0,191000,60000,131000,131000
056365,欣興元大98購01  ,0,0,0,0,0,0,0,0,0,131000,0,0,0,148000,17000,131000,131000
057856,聯鈞國票99購03  ,0,0,0,0,0,0,0,0,0,131000,0,0,0,364000,233000,131000,131000
07386P,臺股指群益99售24,0,0,0,0,0,0,0,0,0,131000,0,0,0,150000,19000,131000,131000
059287,華通元富99購03  ,0,0,0,0,0,0,0,0,0,130000,0,0,0,152000,22000,130000,130000
054497,國巨永豐96購05  ,0,0,0,0,0,0,0,0,0,130000,0,0,0,130000,0,130000,130000
053032,國巨兆豐97購02  ,0,0,0,0,0,0,0,0,0,130000,0,0,0,140000,10000,130000,130000
046934,智邦元富96購01  ,0,0,0,0,0,0,0,0,0,130000,0,0,0,130000,0,130000,130000
047783,聯茂國泰94購02  ,0,0,0,0,0,0,0,0,0,130000,0,0,0,130000,0,130000,130000
049283,滬深2X中信95購10,0,0,0,0,0,0,0,0,0,130000,0,0,0,130000,0,130000,130000
057460,楠梓電永豐98購03,0,0,0,0,0,0,0,0,0,129000,0,0,0,130000,1000,129000,129000
020012,富邦行動通訊N   ,0,0,0,0,0,0,0,0,0,129000,0,0,0,263000,134000,129000,129000
052490,禾伸堂國票95購01,0,0,0,0,0,0,0,0,0,129000,0,0,0,129000,0,129000,129000
054742,京鼎凱基99購01  ,0,0,0,0,0,0,0,0,0,129000,0,0,0,155000,26000,129000,129000
059814,SP黃豆凱基9A購02,0,0,0,0,0,0,0,0,0,129000,0,0,0,231000,102000,129000,129000
059846,力山永豐99購01  ,0,0,0,0,0,0,0,0,0,128000,0,0,0,281000,153000,128000,128000
055173,瑞昱統一97購01  ,0,0,0,0,0,0,0,0,0,128000,0,0,0,128000,0,128000,128000
00634R,富邦上証反1     ,70000,1000,69000,0,0,0,0,0,0,59000,0,0,0,764000,705000,59000,128000
051459,臺股指元大95購19,0,0,0,0,0,0,0,0,0,128000,0,0,0,128000,0,128000,128000
056762,亞德客元大98購01,0,0,0,0,0,0,0,0,0,127000,0,0,0,534000,407000,127000,127000
056772,欣興元大99購01  ,0,0,0,0,0,0,0,0,0,127000,0,0,0,137000,10000,127000,127000
051614,元金2X凱基97購01,0,0,0,0,0,0,0,0,0,127000,0,0,0,144000,17000,127000,127000
058469,臺股指中信9A購05,0,0,0,0,0,0,0,0,0,126000,0,0,0,126000,0,126000,126000
058914,元油2X元富01購02,86000,0,86000,0,0,0,0,0,0,40000,0,0,0,40000,0,40000,126000
058725,美律富邦9A購01  ,0,0,0,0,0,0,0,0,0,126000,0,0,0,276000,150000,126000,126000
06130P,玉晶光元富97售07,0,0,0,0,0,0,0,0,0,126000,0,0,0,141000,15000,126000,126000
07014P,華通元大99售04  ,0,0,0,0,0,0,0,0,0,126000,0,0,0,126000,0,126000,126000
2823,中壽            ,5443000,5124000,319000,0,0,0,12000,0,12000,-205000,147000,9000,138000,17000,360000,-343000,126000
060412,儒鴻永豐9A購01  ,0,0,0,0,0,0,0,0,0,125000,0,0,0,138000,13000,125000,125000
058334,鴻海元富99購05  ,0,0,0,0,0,0,0,0,0,125000,0,0,0,155000,30000,125000,125000
5234,達興材料        ,82000,19000,63000,0,0,0,65000,0,65000,-3000,0,3000,-3000,0,0,0,125000
059283,康友永豐99購02  ,0,0,0,0,0,0,0,0,0,124000,0,0,0,198000,74000,124000,124000
056733,國巨凱基98購10  ,0,0,0,0,0,0,0,0,0,124000,0,0,0,212000,88000,124000,124000
059493,國巨國票9B購01  ,0,0,0,0,0,0,0,0,0,123000,0,0,0,253000,130000,123000,123000
055803,鎧勝永豐97購01  ,0,0,0,0,0,0,0,0,0,123000,0,0,0,164000,41000,123000,123000
04960P,大立光凱基96售04,0,0,0,0,0,0,0,0,0,123000,0,0,0,135000,12000,123000,123000
056213,建準國票98購02  ,0,0,0,0,0,0,0,0,0,122000,0,0,0,122000,0,122000,122000
060033,臻鼎永豐99購01  ,0,0,0,0,0,0,0,0,0,122000,0,0,0,126000,4000,122000,122000
060052,宏碁凱基99購01  ,0,0,0,0,0,0,0,0,0,122000,0,0,0,172000,50000,122000,122000
07405P,大立光凱基99售17,0,0,0,0,0,0,0,0,0,122000,0,0,0,284000,162000,122000,122000
06763P,技嘉元大98售05  ,0,0,0,0,0,0,0,0,0,121000,0,0,0,149000,28000,121000,121000
1338,廣華-KY         ,189000,68000,121000,0,0,0,0,0,0,0,0,0,0,0,0,0,121000
056828,國巨富邦9A購03  ,0,0,0,0,0,0,0,0,0,120000,0,0,0,120000,0,120000,120000
058383,道瓊指中信9C購02,0,0,0,0,0,0,0,0,0,120000,0,0,0,120000,0,120000,120000
048873,玉晶光國票95購02,0,0,0,0,0,0,0,0,0,120000,0,0,0,124000,4000,120000,120000
047482,新光金凱基99購03,0,0,0,0,0,0,0,0,0,120000,0,0,0,120000,0,120000,120000
050362,深中小元大94購04,0,0,0,0,0,0,0,0,0,120000,0,0,0,130000,10000,120000,120000
052875,樺漢凱基96購02  ,0,0,0,0,0,0,0,0,0,120000,0,0,0,120000,0,120000,120000
07408P,台積電兆豐99售06,0,0,0,0,0,0,0,0,0,120000,0,0,0,170000,50000,120000,120000
07261P,台灣50元大9A售04,0,0,0,0,0,0,0,0,0,120000,0,0,0,120000,0,120000,120000
05264P,微星元大95售02  ,0,0,0,0,0,0,0,0,0,119000,0,0,0,190000,71000,119000,119000
054057,晶豪科國票97購01,0,0,0,0,0,0,0,0,0,119000,0,0,0,121000,2000,119000,119000
05405P,大立光群益95售04,0,0,0,0,0,0,0,0,0,119000,0,0,0,119000,0,119000,119000
050414,泰鼎永豐94購04  ,0,0,0,0,0,0,0,0,0,119000,0,0,0,129000,10000,119000,119000
5288,豐祥-KY         ,150000,31000,119000,0,0,0,0,0,0,0,0,0,0,0,0,0,119000
3380,明泰            ,395000,205000,190000,0,0,0,0,0,0,-71000,2000,65000,-63000,0,8000,-8000,119000
057222,鴻海國票99購04  ,0,0,0,0,0,0,0,0,0,118000,0,0,0,131000,13000,118000,118000
059610,上銀永豐99購02  ,0,0,0,0,0,0,0,0,0,118000,0,0,0,197000,79000,118000,118000
2836,高雄銀          ,149000,28000,121000,0,0,0,0,0,0,-3000,0,3000,-3000,0,0,0,118000
056168,鴻海元富97購07  ,0,0,0,0,0,0,0,0,0,117000,0,0,0,117000,0,117000,117000
059494,國巨國票9C購01  ,0,0,0,0,0,0,0,0,0,117000,0,0,0,157000,40000,117000,117000
056477,欣興元大98購02  ,0,0,0,0,0,0,0,0,0,117000,0,0,0,120000,3000,117000,117000
049751,牧德永豐95購01  ,0,0,0,0,0,0,0,0,0,117000,0,0,0,118000,1000,117000,117000
07273P,台灣50群益99售03,0,0,0,0,0,0,0,0,0,117000,0,0,0,117000,0,117000,117000
07445P,大立光凱基9A售08,0,0,0,0,0,0,0,0,0,117000,0,0,0,435000,318000,117000,117000
056481,創意元大98購01  ,0,0,0,0,0,0,0,0,0,116000,0,0,0,136000,20000,116000,116000
057929,上銀群益98購02  ,0,0,0,0,0,0,0,0,0,116000,0,0,0,120000,4000,116000,116000
048602,上緯控國票96購01,0,0,0,0,0,0,0,0,0,116000,0,0,0,116000,0,116000,116000
1907,永豐餘          ,364000,246000,118000,0,0,0,0,0,0,-2000,33000,35000,-2000,0,0,0,116000
3016,嘉晶            ,313000,200000,113000,0,0,0,0,0,0,3000,0,3000,-3000,14000,8000,6000,116000
4414,如興            ,233000,119000,114000,0,0,0,0,0,0,2000,3000,1000,2000,0,0,0,116000
057312,美律麥證98購01  ,0,0,0,120000,5000,115000,0,0,0,115000,0,0,0,120000,5000,115000,115000
060282,聚陽元大9A購01  ,0,0,0,0,0,0,0,0,0,115000,0,0,0,136000,21000,115000,115000
059771,台積電群益99購11,0,0,0,0,0,0,0,0,0,115000,0,0,0,197000,82000,115000,115000
057289,力成元大98購03  ,0,0,0,0,0,0,0,0,0,114000,0,0,0,114000,0,114000,114000
054204,元金2X國票9B購02,0,0,0,0,0,0,0,0,0,114000,0,0,0,114000,0,114000,114000
051600,新日興兆豐96購02,0,0,0,0,0,0,0,0,0,114000,0,0,0,119000,5000,114000,114000
1592,英瑞-KY         ,141000,27000,114000,0,0,0,0,0,0,0,0,0,0,0,0,0,114000
07360P,台積電元大99售46,0,0,0,0,0,0,0,0,0,114000,0,0,0,114000,0,114000,114000
058945,S&P正2群益9C購01,0,0,0,0,0,0,0,0,0,113000,0,0,0,113000,0,113000,113000
058781,康友國票9A購01  ,0,0,0,0,0,0,0,0,0,113000,0,0,0,119000,6000,113000,113000
055872,亞泥元富97購01  ,0,0,0,0,0,0,0,0,0,113000,0,0,0,176000,63000,113000,113000
059796,台積電國票99購10,0,0,0,0,0,0,0,0,0,113000,0,0,0,264000,151000,113000,113000
4106,雃博            ,219000,106000,113000,0,0,0,0,0,0,0,0,0,0,0,0,0,113000
5907,大洋-KY         ,119000,6000,113000,0,0,0,0,0,0,0,0,0,0,0,0,0,113000
05529P,臺股指群益96售02,0,0,0,0,0,0,0,0,0,112000,0,0,0,200000,88000,112000,112000
055409,元黃金富邦01購01,0,0,0,0,0,0,0,0,0,112000,0,0,0,112000,0,112000,112000
8163,達方            ,282000,177000,105000,0,0,0,0,0,0,6000,3000,7000,-4000,10000,0,10000,111000
8464,億豐            ,304000,192000,112000,0,0,0,0,0,0,-1000,0,0,0,0,1000,-1000,111000
058920,SGBR2X元富99購06,0,0,0,0,0,0,0,0,0,110000,0,0,0,220000,110000,110000,110000
056380,麗豐元富98購01  ,0,0,0,0,0,0,0,0,0,110000,0,0,0,110000,0,110000,110000
054339,聯詠統一96購02  ,0,0,0,0,0,0,0,0,0,110000,0,0,0,110000,0,110000,110000
047780,友達中信96購01  ,0,0,0,0,0,0,0,0,0,110000,0,0,0,110000,0,110000,110000
1455,集盛            ,151000,43000,108000,0,0,0,0,0,0,2000,2000,0,2000,0,0,0,110000
07336P,台灣50台新99售05,0,0,0,0,0,0,0,0,0,110000,0,0,0,110000,0,110000,110000
058329,S&P正2元富01購01,0,0,0,0,0,0,0,0,0,109000,0,0,0,109000,0,109000,109000
060457,中橡元大9A購02  ,0,0,0,0,0,0,0,0,0,109000,0,0,0,125000,16000,109000,109000
051970,元黃金凱基98購01,0,0,0,0,0,0,0,0,0,109000,0,0,0,109000,0,109000,109000
051732,華通國票97購01  ,0,0,0,0,0,0,0,0,0,109000,0,0,0,109000,0,109000,109000
06684P,緯穎元大98售06  ,0,0,0,0,0,0,0,0,0,109000,0,0,0,109000,0,109000,109000
2208,台船            ,167000,58000,109000,0,0,0,0,0,0,0,0,0,0,0,0,0,109000
058685,TPK凱基99購01   ,0,0,0,0,0,0,0,0,0,108000,0,0,0,136000,28000,108000,108000
059296,大立光元富99購06,0,0,0,0,0,0,0,0,0,108000,0,0,0,233000,125000,108000,108000
059288,旺宏元富99購03  ,0,0,0,0,0,0,0,0,0,108000,0,0,0,108000,0,108000,108000
06656P,GIS元大98售02   ,0,0,0,0,0,0,0,0,0,108000,0,0,0,171000,63000,108000,108000
07281P,鴻海凱基99售13  ,0,0,0,0,0,0,0,0,0,108000,0,0,0,110000,2000,108000,108000
058445,旺宏富邦9C購01  ,0,0,0,0,0,0,0,0,0,107000,0,0,0,107000,0,107000,107000
058427,大毅元富99購01  ,0,0,0,0,0,0,0,0,0,107000,0,0,0,140000,33000,107000,107000
059631,京元電凱基99購02,0,0,0,0,0,0,0,0,0,107000,0,0,0,147000,40000,107000,107000
046630,京元電元富95購03,0,0,0,0,0,0,0,0,0,107000,0,0,0,268000,161000,107000,107000
055419,國巨永豐97購03  ,0,0,0,0,0,0,0,0,0,107000,0,0,0,107000,0,107000,107000
2404,漢唐            ,171000,69000,102000,0,0,0,0,0,0,5000,1000,4000,-3000,10000,2000,8000,107000
3026,禾伸堂          ,401000,267000,134000,0,0,0,0,0,0,-27000,6000,2000,4000,20000,51000,-31000,107000
056505,聯發科永豐98購01,0,0,0,0,0,0,0,0,0,106000,0,0,0,136000,30000,106000,106000
059281,創意永豐99購02  ,0,0,0,0,0,0,0,0,0,106000,0,0,0,283000,177000,106000,106000
056986,超眾群益98購03  ,0,0,0,0,0,0,0,0,0,106000,0,0,0,106000,0,106000,106000
055702,美律富邦98購01  ,0,0,0,0,0,0,0,0,0,106000,0,0,0,196000,90000,106000,106000
6504,南六            ,193000,87000,106000,0,0,0,0,0,0,0,0,3000,-3000,3000,0,3000,106000
058382,S&P500中信99購01,0,0,0,0,0,0,0,0,0,105000,0,0,0,105000,0,105000,105000
057967,聯發科國泰9A購02,0,0,0,0,0,0,0,0,0,105000,0,0,0,107000,2000,105000,105000
1736,喬山            ,233000,129000,104000,0,0,0,0,0,0,1000,0,0,0,2000,1000,1000,105000
059327,南茂元大99購01  ,0,0,0,0,0,0,0,0,0,104000,0,0,0,109000,5000,104000,104000
058271,訊連永豐99購01  ,0,0,0,0,0,0,0,0,0,104000,0,0,0,104000,0,104000,104000
057202,TPK元富98購02   ,0,0,0,0,0,0,0,0,0,103000,0,0,0,104000,1000,103000,103000
057824,日月光元大98購01,0,0,0,0,0,0,0,0,0,103000,0,0,0,123000,20000,103000,103000
056304,創意元大97購03  ,0,0,0,0,0,0,0,0,0,103000,0,0,0,103000,0,103000,103000
054793,牧德群益9A購01  ,0,0,0,0,0,0,0,0,0,103000,0,0,0,103000,0,103000,103000
058801,致伸元大99購01  ,0,0,0,0,0,0,0,0,0,102000,0,0,0,105000,3000,102000,102000
056940,嘉聯益元富98購01,0,0,0,0,0,0,0,0,0,102000,0,0,0,122000,20000,102000,102000
059871,義隆凱基99購03  ,0,0,0,0,0,0,0,0,0,102000,0,0,0,116000,14000,102000,102000
07135P,臺股指元大9A售29,0,0,0,0,0,0,0,0,0,102000,0,0,0,102000,0,102000,102000
058861,國巨凱基9A購08  ,0,0,0,0,0,0,0,0,0,101000,0,0,0,304000,203000,101000,101000
052851,滬深2X元富96購02,0,0,0,0,0,0,0,0,0,101000,0,0,0,101000,0,101000,101000
00739,元大MSCI A股    ,1000,1000,0,0,0,0,0,0,0,101000,0,0,0,530000,429000,101000,101000
060103,聯詠元大99購01  ,0,0,0,0,0,0,0,0,0,101000,0,0,0,136000,35000,101000,101000
2030,彰源            ,106000,5000,101000,0,0,0,0,0,0,0,0,0,0,0,0,0,101000
07353P,大立光國票99售02,0,0,0,0,0,0,0,0,0,101000,0,0,0,301000,200000,101000,101000
056317,華通群益99購02  ,0,0,0,0,0,0,0,0,0,100000,0,0,0,100000,0,100000,100000
055937,康舒群益97購01  ,0,0,0,0,0,0,0,0,0,100000,0,0,0,100000,0,100000,100000
057840,健策富邦99購01  ,0,0,0,0,0,0,0,0,0,100000,0,0,0,100000,0,100000,100000
057888,貿聯群益98購02  ,0,0,0,0,0,0,0,0,0,100000,0,0,0,100000,0,100000,100000
057697,國巨群益98購09  ,0,0,0,0,0,0,0,0,0,100000,0,0,0,100000,0,100000,100000
056954,聯詠富邦9A購01  ,0,0,0,0,0,0,0,0,0,100000,0,0,0,235000,135000,100000,100000
058121,國巨國票9A購01  ,0,0,0,0,0,0,0,0,0,100000,0,0,0,100000,0,100000,100000
059266,緯創中信01購01  ,0,0,0,0,0,0,0,0,0,100000,0,0,0,100000,0,100000,100000
057061,華擎國泰9A購01  ,0,0,0,0,0,0,0,0,0,100000,0,0,0,371000,271000,100000,100000
057032,A50反1元大9B購01,0,0,0,0,0,0,0,0,0,100000,0,0,0,110000,10000,100000,100000
056574,亞光元大99購03  ,0,0,0,0,0,0,0,0,0,100000,0,0,0,103000,3000,100000,100000
058706,聯鈞元大9C購01  ,0,0,0,0,0,0,0,0,0,100000,0,0,0,100000,0,100000,100000
057375,欣興元大98購09  ,0,0,0,0,0,0,0,0,0,100000,0,0,0,116000,16000,100000,100000
046064,中工凱基94購01  ,0,0,0,0,0,0,0,0,0,100000,0,0,0,100000,0,100000,100000
052183,華邦電群益95購01,0,0,0,0,0,0,0,0,0,100000,0,0,0,100000,0,100000,100000
053934,A50正2元富96購02,0,0,0,0,0,0,0,0,0,100000,0,0,0,100000,0,100000,100000
055532,中工群益98購01  ,0,0,0,0,0,0,0,0,0,100000,0,0,0,100000,0,100000,100000
053707,A50正2凱基99購02,0,0,0,0,0,0,0,0,0,100000,0,0,0,100000,0,100000,100000
050453,創意元大95購03  ,0,0,0,0,0,0,0,0,0,100000,0,0,0,100000,0,100000,100000
050372,全新元大96購03  ,0,0,0,0,0,0,0,0,0,100000,0,0,0,100000,0,100000,100000
050061,聯發科凱基94購07,0,0,0,0,0,0,0,0,0,100000,0,0,0,100000,0,100000,100000
049946,智邦兆豐95購01  ,0,0,0,0,0,0,0,0,0,100000,0,0,0,100000,0,100000,100000
051010,美律日盛95購01  ,0,0,0,0,0,0,0,0,0,100000,0,0,0,100000,0,100000,100000
055448,健策統一97購02  ,0,0,0,0,0,0,0,0,0,100000,0,0,0,100000,0,100000,100000
059835,聯發科國泰9B購01,0,0,0,0,0,0,0,0,0,100000,0,0,0,102000,2000,100000,100000
054801,康友群益97購02  ,0,0,0,0,0,0,0,0,0,100000,0,0,0,100000,0,100000,100000
054836,勤誠中信97購01  ,0,0,0,0,0,0,0,0,0,100000,0,0,0,100000,0,100000,100000
053144,上証2X元大96購01,0,0,0,0,0,0,0,0,0,100000,0,0,0,100000,0,100000,100000
053447,京鼎凱基96購03  ,0,0,0,0,0,0,0,0,0,100000,0,0,0,100000,0,100000,100000
053275,燿華元大97購01  ,0,0,0,0,0,0,0,0,0,100000,0,0,0,100000,0,100000,100000
05256P,義隆凱基95售02  ,0,0,0,0,0,0,0,0,0,100000,0,0,0,100000,0,100000,100000
055011,元翎元富97購01  ,0,0,0,0,0,0,0,0,0,100000,0,0,0,100000,0,100000,100000
07403P,聯發科凱基99售21,0,0,0,0,0,0,0,0,0,100000,0,0,0,100000,0,100000,100000
07348P,滬深2X凱基9A售04,0,0,0,0,0,0,0,0,0,100000,0,0,0,100000,0,100000,100000
07059P,華通國票9A售02  ,0,0,0,0,0,0,0,0,0,100000,0,0,0,101000,1000,100000,100000
056783,國巨群益99購01  ,0,0,0,0,0,0,0,0,0,99000,0,0,0,99000,0,99000,99000
050515,聯電元大96購01  ,0,0,0,0,0,0,0,0,0,99000,0,0,0,167000,68000,99000,99000
049638,A50反1凱基94購01,0,0,0,0,0,0,0,0,0,99000,0,0,0,99000,0,99000,99000
07146P,瑞昱元大99售02  ,0,0,0,0,0,0,0,0,0,99000,0,0,0,99000,0,99000,99000
6197,佳必琪          ,106000,7000,99000,0,0,0,0,0,0,0,0,0,0,0,0,0,99000
8341,日友            ,189000,109000,80000,0,0,0,20000,0,20000,-1000,0,1000,-1000,0,0,0,99000
057108,潤泰全群益98購01,0,0,0,0,0,0,0,0,0,98000,0,0,0,98000,0,98000,98000
057327,玉晶光群益9A購04,0,0,0,0,0,0,0,0,0,98000,0,0,0,100000,2000,98000,98000
056098,矽創元富97購02  ,0,0,0,0,0,0,0,0,0,98000,0,0,0,98000,0,98000,98000
057446,旺宏元富02購01  ,0,0,0,0,0,0,0,0,0,98000,0,0,0,98000,0,98000,98000
056561,台光電群益98購02,0,0,0,0,0,0,0,0,0,98000,0,0,0,98000,0,98000,98000
060015,國巨康和99購03  ,0,0,0,0,0,0,0,0,0,98000,0,0,0,540000,442000,98000,98000
055537,康友群益97購03  ,0,0,0,0,0,0,0,0,0,98000,0,0,0,98000,0,98000,98000
059806,聯發科元富99購08,0,0,0,0,0,0,0,0,0,98000,0,0,0,98000,0,98000,98000
058082,美律群益98購05  ,0,0,0,0,0,0,0,0,0,98000,0,0,0,102000,4000,98000,98000
055324,TPK國票98購03   ,0,0,0,0,0,0,0,0,0,98000,0,0,0,98000,0,98000,98000
07256P,臺股指凱基99售36,0,0,0,0,0,0,0,0,0,98000,0,0,0,178000,80000,98000,98000
07300P,臺股指元大9A售33,0,0,0,0,0,0,0,0,0,98000,0,0,0,255000,157000,98000,98000
06448P,華通元大99售01  ,0,0,0,0,0,0,0,0,0,98000,0,0,0,98000,0,98000,98000
07457P,宏達電元大9A售01,0,0,0,0,0,0,0,0,0,98000,0,0,0,122000,24000,98000,98000
07462P,臺股指元大9B售05,0,0,0,0,0,0,0,0,0,98000,0,0,0,145000,47000,98000,98000
07382P,台積電群益9B售01,0,0,0,0,0,0,0,0,0,98000,0,0,0,138000,40000,98000,98000
059526,鴻海凱基99購12  ,0,0,0,0,0,0,0,0,0,97000,0,0,0,107000,10000,97000,97000
03412P,滬深2X群益98售01,0,0,0,0,0,0,0,0,0,97000,0,0,0,97000,0,97000,97000
07526P,臺股指中信9B售08,0,0,0,0,0,0,0,0,0,97000,0,0,0,110000,13000,97000,97000
4426,利勤            ,162000,65000,97000,0,0,0,0,0,0,0,0,0,0,2000,2000,0,97000
057420,美食凱基98購01  ,10000,0,10000,0,0,0,0,0,0,86000,0,0,0,107000,21000,86000,96000
056256,聯茂元富97購03  ,0,0,0,0,0,0,0,0,0,96000,0,0,0,121000,25000,96000,96000
3015,全漢            ,98000,1000,97000,0,0,0,0,0,0,-1000,0,1000,-1000,0,0,0,96000
1589,永冠-KY         ,180000,105000,75000,0,0,0,0,0,0,21000,32000,11000,21000,0,0,0,96000
060092,瑞昱元大99購03  ,0,0,0,0,0,0,0,0,0,96000,0,0,0,142000,46000,96000,96000
057944,新日興國票99購02,0,0,0,0,0,0,0,0,0,95000,0,0,0,300000,205000,95000,95000
055974,上銀統一97購05  ,0,0,0,0,0,0,0,0,0,95000,0,0,0,170000,75000,95000,95000
057531,禾伸堂元大99購04,0,0,0,0,0,0,0,0,0,95000,0,0,0,181000,86000,95000,95000
051761,富邦金元大96購01,0,0,0,0,0,0,0,0,0,95000,0,0,0,95000,0,95000,95000
055716,致茂元大97購01  ,0,0,0,0,0,0,0,0,0,95000,0,0,0,178000,83000,95000,95000
055082,台郡中信97購01  ,0,0,0,0,0,0,0,0,0,95000,0,0,0,95000,0,95000,95000
2493,揚博            ,96000,1000,95000,0,0,0,0,0,0,0,1000,1000,0,0,0,0,95000
053352,義隆兆豐96購01  ,0,0,0,0,0,0,0,0,0,94000,0,0,0,94000,0,94000,94000
05036P,義隆元大95售03  ,0,0,0,0,0,0,0,0,0,94000,0,0,0,128000,34000,94000,94000
048859,玉晶光群益96購02,0,0,0,0,0,0,0,0,0,94000,0,0,0,130000,36000,94000,94000
2006,東和鋼鐵        ,251000,65000,186000,0,0,0,0,0,0,-92000,4000,96000,-92000,0,0,0,94000
07108P,FBVIX台新99售02 ,0,0,0,0,0,0,0,0,0,94000,0,0,0,100000,6000,94000,94000
050580,強茂國票95購01  ,0,0,0,0,0,0,0,0,0,93000,0,0,0,94000,1000,93000,93000
07162P,臺股指群益99售13,0,0,0,0,0,0,0,0,0,93000,0,0,0,447000,354000,93000,93000
060113,祥碩元大9B購01  ,0,0,0,0,0,0,0,0,0,93000,0,0,0,171000,78000,93000,93000
06150P,奇力新元大97售06,0,0,0,0,0,0,0,0,0,93000,0,0,0,146000,53000,93000,93000
059348,日月光凱基99購01,0,0,0,0,0,0,0,0,0,92000,0,0,0,92000,0,92000,92000
055058,大毅永豐97購01  ,0,0,0,0,0,0,0,0,0,92000,0,0,0,118000,26000,92000,92000
1451,年興            ,99000,3000,96000,0,0,0,0,0,0,-4000,0,4000,-4000,0,0,0,92000
4919,新唐            ,182000,82000,100000,0,0,0,0,0,0,-8000,0,3000,-3000,0,5000,-5000,92000
059504,台灣50永豐99購08,0,0,0,0,0,0,0,0,0,91000,0,0,0,91000,0,91000,91000
060402,神隆國泰9B購01  ,0,0,0,0,0,0,0,0,0,91000,0,0,0,365000,274000,91000,91000
053894,創意群益96購01  ,0,0,0,0,0,0,0,0,0,91000,0,0,0,108000,17000,91000,91000
07471P,南亞科元大9A售01,0,0,0,0,0,0,0,0,0,91000,0,0,0,93000,2000,91000,91000
056763,國巨元大99購02  ,0,0,0,0,0,0,0,0,0,90000,0,0,0,190000,100000,90000,90000
057659,台表科兆豐98購01,0,0,0,0,0,0,0,0,0,90000,0,0,0,100000,10000,90000,90000
048850,聯電群益96購01  ,0,0,0,0,0,0,0,0,0,90000,0,0,0,90000,0,90000,90000
052511,聯發科凱基95購14,0,0,0,0,0,0,0,0,0,90000,0,0,0,90000,0,90000,90000
052610,貿聯元大97購01  ,0,0,0,0,0,0,0,0,0,90000,0,0,0,90000,0,90000,90000
055337,超眾兆豐98購01  ,0,0,0,0,0,0,0,0,0,90000,0,0,0,100000,10000,90000,90000
059740,瑞昱元富99購02  ,0,0,0,0,0,0,0,0,0,90000,0,0,0,95000,5000,90000,90000
059152,臺股指國票99購15,0,0,0,0,0,0,0,0,0,90000,0,0,0,100000,10000,90000,90000
056369,彩晶元大01購01  ,0,0,0,0,0,0,0,0,0,89000,0,0,0,89000,0,89000,89000
059291,華新科元富9B購01,0,0,0,0,0,0,0,0,0,89000,0,0,0,131000,42000,89000,89000
055343,國巨凱基97購03  ,0,0,0,0,0,0,0,0,0,89000,0,0,0,90000,1000,89000,89000
055403,泰鼎元富97購01  ,0,0,0,0,0,0,0,0,0,89000,0,0,0,211000,122000,89000,89000
055812,台積電國票99購02,0,0,0,0,0,0,0,0,0,89000,0,0,0,89000,0,89000,89000
048576,義隆國泰95購01  ,0,0,0,0,0,0,0,0,0,89000,0,0,0,177000,88000,89000,89000
07420P,可成元大99售07  ,0,0,0,0,0,0,0,0,0,89000,0,0,0,180000,91000,89000,89000
07161P,臺股指群益99售12,0,0,0,0,0,0,0,0,0,89000,0,0,0,102000,13000,89000,89000
05710P,禾伸堂國票97售02,0,0,0,0,0,0,0,0,0,88000,0,0,0,93000,5000,88000,88000
056269,新日興統一98購01,0,0,0,0,0,0,0,0,0,88000,0,0,0,93000,5000,88000,88000
03669C,滬深2X元富09牛01,0,0,0,0,0,0,0,0,0,88000,0,0,0,103000,15000,88000,88000
055583,國巨元大97購10  ,0,0,0,0,0,0,0,0,0,88000,0,0,0,166000,78000,88000,88000
054625,旺宏凱基98購03  ,0,0,0,0,0,0,0,0,0,88000,0,0,0,88000,0,88000,88000
059861,聯發科群益9A購01,0,0,0,0,0,0,0,0,0,88000,0,0,0,105000,17000,88000,88000
4532,瑞智            ,172000,85000,87000,0,0,0,0,0,0,1000,2000,1000,1000,0,0,0,88000
060448,道瓊反元大9A購04,0,0,0,0,0,0,0,0,0,87000,0,0,0,250000,163000,87000,87000
046905,新光金凱基99購01,0,0,0,0,0,0,0,0,0,87000,0,0,0,111000,24000,87000,87000
8215,明基材          ,245000,158000,87000,0,0,0,0,0,0,0,0,0,0,0,0,0,87000
1809,中釉            ,115000,28000,87000,0,0,0,0,0,0,0,0,0,0,0,0,0,87000
056913,臺股指元大99購05,0,0,0,0,0,0,0,0,0,86000,0,0,0,86000,0,86000,86000
059745,欣興元富99購04  ,0,0,0,0,0,0,0,0,0,86000,0,0,0,99000,13000,86000,86000
053519,力成群益96購02  ,0,0,0,0,0,0,0,0,0,86000,0,0,0,136000,50000,86000,86000
057787,TPK國票99購01   ,0,0,0,0,0,0,0,0,0,85000,0,0,0,100000,15000,85000,85000
058012,鈺齊國票99購01  ,0,0,0,0,0,0,0,0,0,85000,0,0,0,85000,0,85000,85000
056017,台積電群益97購04,0,0,0,0,0,0,0,0,0,85000,0,0,0,85000,0,85000,85000
057638,上銀元大99購01  ,0,0,0,0,0,0,0,0,0,85000,0,0,0,95000,10000,85000,85000
052581,訊芯元富98購01  ,0,0,0,0,0,0,0,0,0,85000,0,0,0,85000,0,85000,85000
059741,聯發科元富99購07,0,0,0,0,0,0,0,0,0,85000,0,0,0,90000,5000,85000,85000
00650L,FH香港正2       ,84000,0,84000,0,0,0,0,0,0,1000,0,0,0,40000,39000,1000,85000
051807,瑞昱凱基95購03  ,0,0,0,0,0,0,0,0,0,85000,0,0,0,85000,0,85000,85000
060010,義隆群益99購02  ,0,0,0,0,0,0,0,0,0,84000,0,0,0,114000,30000,84000,84000
057834,聯發科元富02購07,0,0,0,0,0,0,0,0,0,84000,0,0,0,84000,0,84000,84000
058123,亞光國票9A購01  ,0,0,0,0,0,0,0,0,0,84000,0,0,0,84000,0,84000,84000
054989,精元元富97購01  ,0,0,0,0,0,0,0,0,0,84000,0,0,0,90000,6000,84000,84000
07276P,臺股指群益99售19,0,0,0,0,0,0,0,0,0,84000,0,0,0,126000,42000,84000,84000
07324P,台積電元大99售40,0,0,0,0,0,0,0,0,0,84000,0,0,0,165000,81000,84000,84000
057987,大立光元富98購02,0,0,0,0,0,0,0,0,0,83000,0,0,0,731000,648000,83000,83000
059598,欣興元大99購08  ,0,0,0,0,0,0,0,0,0,83000,0,0,0,83000,0,83000,83000
050459,台表科元大94購03,0,0,0,0,0,0,0,0,0,83000,0,0,0,83000,0,83000,83000
056039,宏達電凱基97購02,0,0,0,0,0,0,0,0,0,82000,0,0,0,82000,0,82000,82000
056412,上証2X中信9A購02,0,0,0,0,0,0,0,0,0,82000,0,0,0,82000,0,82000,82000
059410,滬深2X國票9A購04,0,0,0,0,0,0,0,0,0,82000,0,0,0,82000,0,82000,82000
050942,S&P正2群益95購01,0,0,0,0,0,0,0,0,0,82000,0,0,0,82000,0,82000,82000
052405,聯茂凱基95購01  ,0,0,0,0,0,0,0,0,0,82000,0,0,0,82000,0,82000,82000
055627,亞德客永豐97購02,0,0,0,0,0,0,0,0,0,82000,0,0,0,117000,35000,82000,82000
06893P,致新元富98售02  ,0,0,0,0,0,0,0,0,0,82000,0,0,0,82000,0,82000,82000
058942,南茂中信99購01  ,0,0,0,0,0,0,0,0,0,81000,0,0,0,91000,10000,81000,81000
059014,SGBR2X元富03購01,0,0,0,0,0,0,0,0,0,81000,0,0,0,81000,0,81000,81000
05921P,同欣電元大96售06,0,0,0,0,0,0,0,0,0,81000,0,0,0,91000,10000,81000,81000
057378,康友元大98購02  ,0,0,0,0,0,0,0,0,0,81000,0,0,0,131000,50000,81000,81000
05605P,嘉聯益元大97售02,0,0,0,0,0,0,0,0,0,81000,0,0,0,191000,110000,81000,81000
050114,群創元大95購01  ,0,0,0,0,0,0,0,0,0,81000,0,0,0,81000,0,81000,81000
5388,中磊            ,170000,94000,76000,0,0,0,0,0,0,5000,11000,0,11000,0,6000,-6000,81000
6414,樺漢            ,152000,66000,86000,0,0,0,0,0,0,-5000,5000,3000,2000,2000,9000,-7000,81000
3014,聯陽            ,214000,135000,79000,0,0,0,0,0,0,2000,0,1000,-1000,7000,4000,3000,81000
057628,旺宏永豐98購02  ,0,0,0,0,0,0,0,0,0,80000,0,0,0,80000,0,80000,80000
059102,聯鈞元富99購01  ,0,0,0,0,0,0,0,0,0,80000,0,0,0,80000,0,80000,80000
057886,聯詠群益98購01  ,0,0,0,0,0,0,0,0,0,80000,0,0,0,80000,0,80000,80000
04403P,景碩國票95售01  ,0,0,0,0,0,0,0,0,0,80000,0,0,0,80000,0,80000,80000
052003,泰碩國泰97購02  ,0,0,0,0,0,0,0,0,0,80000,0,0,0,80000,0,80000,80000
00692,富邦公司治理    ,0,0,0,0,0,0,0,0,0,80000,0,0,0,1280000,1200000,80000,80000
048603,中磊國票94購02  ,0,0,0,0,0,0,0,0,0,80000,0,0,0,80000,0,80000,80000
05492P,聯茂元大95售02  ,0,0,0,0,0,0,0,0,0,80000,0,0,0,90000,10000,80000,80000
054134,強茂元大96購01  ,0,0,0,0,0,0,0,0,0,80000,0,0,0,80000,0,80000,80000
05407P,超眾凱基95售04  ,0,0,0,0,0,0,0,0,0,80000,0,0,0,110000,30000,80000,80000
059964,元金2X凱基99購02,0,0,0,0,0,0,0,0,0,80000,0,0,0,117000,37000,80000,80000
2207,和泰車          ,212000,120000,92000,0,0,0,1000,10000,-9000,-3000,0,4000,-4000,1000,0,1000,80000
2471,資通            ,82000,2000,80000,0,0,0,0,0,0,0,0,0,0,0,0,0,80000
057072,日月光永豐98購01,0,0,0,0,0,0,0,0,0,79000,0,0,0,106000,27000,79000,79000
060420,神基永豐9A購01  ,0,0,0,0,0,0,0,0,0,79000,0,0,0,82000,3000,79000,79000
059858,台灣50群益9A購09,0,0,0,0,0,0,0,0,0,79000,0,0,0,200000,121000,79000,79000
1730,花仙子          ,93000,14000,79000,0,0,0,0,0,0,0,0,0,0,0,0,0,79000
07416P,台積電元大99售53,0,0,0,0,0,0,0,0,0,79000,0,0,0,225000,146000,79000,79000
3645,達邁            ,120000,35000,85000,0,0,0,0,0,0,-6000,1000,7000,-6000,0,0,0,79000
060481,巨大元大9A購01  ,0,0,0,0,0,0,0,0,0,78000,0,0,0,78000,0,78000,78000
060210,上銀康和9A購01  ,0,0,0,0,0,0,0,0,0,78000,0,0,0,89000,11000,78000,78000
057301,嘉聯益永豐98購02,0,0,0,0,0,0,0,0,0,78000,0,0,0,78000,0,78000,78000
054298,台表科元大97購03,0,0,0,0,0,0,0,0,0,78000,0,0,0,78000,0,78000,78000
053506,南茂兆豐97購01  ,0,0,0,0,0,0,0,0,0,78000,0,0,0,78000,0,78000,78000
053638,信邦永豐96購01  ,0,0,0,0,0,0,0,0,0,78000,0,0,0,82000,4000,78000,78000
051722,玉晶光永豐97購01,0,0,0,0,0,0,0,0,0,78000,0,0,0,110000,32000,78000,78000
050754,元金2X元富9B購01,0,0,0,0,0,0,0,0,0,78000,0,0,0,93000,15000,78000,78000
2850,新產            ,92000,14000,78000,0,0,0,0,0,0,0,0,0,0,0,0,0,78000
2851,中再保          ,78000,5000,73000,0,0,0,0,0,0,5000,5000,0,5000,0,0,0,78000
07356P,臺股指國票99售24,0,0,0,0,0,0,0,0,0,78000,0,0,0,78000,0,78000,78000
057563,旭富國泰9A購01  ,0,0,0,0,0,0,0,0,0,77000,0,0,0,77000,0,77000,77000
059215,台積電元大99購28,0,0,0,0,0,0,0,0,0,77000,0,0,0,120000,43000,77000,77000
059299,欣興元富99購03  ,0,0,0,0,0,0,0,0,0,77000,0,0,0,100000,23000,77000,77000
060194,旭富元富9A購01  ,0,0,0,0,0,0,0,0,0,77000,0,0,0,145000,68000,77000,77000
049762,華邦電國泰95購01,0,0,0,0,0,0,0,0,0,77000,0,0,0,77000,0,77000,77000
043784,鴻海凱基94購01  ,0,0,0,0,0,0,0,0,0,77000,0,0,0,77000,0,77000,77000
04382P,美律國泰95售01  ,0,0,0,0,0,0,0,0,0,77000,0,0,0,77000,0,77000,77000
05509P,智邦元富96售02  ,0,0,0,0,0,0,0,0,0,77000,0,0,0,113000,36000,77000,77000
1708,東鹼            ,99000,21000,78000,0,0,0,0,0,0,-1000,0,1000,-1000,0,0,0,77000
5471,松翰            ,1005000,928000,77000,0,0,0,0,0,0,0,0,0,0,0,0,0,77000
058578,聯發科群益99購03,0,0,0,0,0,0,0,0,0,76000,0,0,0,97000,21000,76000,76000
052489,義隆國票96購02  ,0,0,0,0,0,0,0,0,0,76000,0,0,0,76000,0,76000,76000
059863,和大凱基99購01  ,0,0,0,0,0,0,0,0,0,76000,0,0,0,218000,142000,76000,76000
2612,中航            ,80000,4000,76000,0,0,0,0,0,0,0,0,0,0,0,0,0,76000
058582,禾伸堂群益99購02,0,0,0,0,0,0,0,0,0,75000,0,0,0,98000,23000,75000,75000
059091,中信金元大99購01,0,0,0,0,0,0,0,0,0,75000,0,0,0,75000,0,75000,75000
058394,元油2X元大99購14,0,0,0,0,0,0,0,0,0,75000,0,0,0,75000,0,75000,75000
059949,啟碁永豐99購01  ,0,0,0,0,0,0,0,0,0,75000,0,0,0,77000,2000,75000,75000
054844,華邦電兆豐98購01,0,0,0,0,0,0,0,0,0,75000,0,0,0,75000,0,75000,75000
054047,富邦金元大97購01,0,0,0,0,0,0,0,0,0,75000,0,0,0,75000,0,75000,75000
051823,矽力元富95購02  ,0,0,0,0,0,0,0,0,0,75000,0,0,0,75000,0,75000,75000
052374,瑞昱元大95購02  ,0,0,0,0,0,0,0,0,0,75000,0,0,0,82000,7000,75000,75000
058074,欣興凱基99購01  ,0,0,0,0,0,0,0,0,0,74000,0,0,0,74000,0,74000,74000
052406,力成凱基95購03  ,0,0,0,0,0,0,0,0,0,74000,0,0,0,148000,74000,74000,74000
052362,瑞昱國票96購02  ,0,0,0,0,0,0,0,0,0,74000,0,0,0,74000,0,74000,74000
040381,元金2X元富95購01,0,0,0,0,0,0,0,0,0,74000,0,0,0,74000,0,74000,74000
05205P,緯穎元大95售03  ,0,0,0,0,0,0,0,0,0,74000,0,0,0,74000,0,74000,74000
00665L,富邦恒生國企正2 ,74000,0,74000,0,0,0,0,0,0,0,0,0,0,0,0,0,74000
052893,聯電群益98購01  ,0,0,0,0,0,0,0,0,0,74000,0,0,0,114000,40000,74000,74000
07409P,台積電台新99售07,0,0,0,0,0,0,0,0,0,74000,0,0,0,278000,204000,74000,74000
058093,神達元大9A購01  ,0,0,0,0,0,0,0,0,0,73000,0,0,0,75000,2000,73000,73000
057428,正崴兆豐98購01  ,0,0,0,0,0,0,0,0,0,73000,0,0,0,74000,1000,73000,73000
057479,致茂元大98購03  ,0,0,0,0,0,0,0,0,0,73000,0,0,0,113000,40000,73000,73000
058610,欣興元大99購05  ,0,0,0,0,0,0,0,0,0,73000,0,0,0,73000,0,73000,73000
060310,瑞昱永豐9A購01  ,0,0,0,0,0,0,0,0,0,73000,0,0,0,148000,75000,73000,73000
052946,智原國票97購02  ,0,0,0,0,0,0,0,0,0,73000,0,0,0,73000,0,73000,73000
00738U,元大道瓊白銀    ,13000,13000,0,0,0,0,0,0,0,73000,0,0,0,396000,323000,73000,73000
052371,元金2X元大95購01,0,0,0,0,0,0,0,0,0,73000,0,0,0,73000,0,73000,73000
06283P,祥碩永豐97售01  ,0,0,0,0,0,0,0,0,0,73000,0,0,0,73000,0,73000,73000
3052,夆典            ,96000,23000,73000,0,0,0,0,0,0,0,0,0,0,0,0,0,73000
058694,鈺齊國票9A購02  ,0,0,0,0,0,0,0,0,0,72000,0,0,0,72000,0,72000,72000
00771,元大US高息特別股,0,0,0,0,0,0,0,0,0,72000,0,0,0,72000,0,72000,72000
052756,國巨群益96購02  ,0,0,0,0,0,0,0,0,0,72000,0,0,0,563000,491000,72000,72000
06232P,智易永豐97售01  ,0,0,0,0,0,0,0,0,0,72000,0,0,0,112000,40000,72000,72000
06582P,可成凱基98售06  ,0,0,0,0,0,0,0,0,0,72000,0,0,0,85000,13000,72000,72000
056001,美食永豐97購01  ,0,0,0,0,0,0,0,0,0,71000,0,0,0,71000,0,71000,71000
056682,鴻海統一98購10  ,0,0,0,0,0,0,0,0,0,71000,0,0,0,71000,0,71000,71000
056617,美律永豐98購01  ,0,0,0,0,0,0,0,0,0,71000,0,0,0,98000,27000,71000,71000
058091,欣興元大99購03  ,0,0,0,0,0,0,0,0,0,71000,0,0,0,71000,0,71000,71000
057000,亞德客國票99購01,0,0,0,0,0,0,0,0,0,71000,0,0,0,99000,28000,71000,71000
056962,技嘉永豐98購01  ,0,0,0,0,0,0,0,0,0,71000,0,0,0,81000,10000,71000,71000
056320,京鼎群益99購01  ,0,0,0,0,0,0,0,0,0,71000,0,0,0,71000,0,71000,71000
053502,智伸科兆豐97購01,0,0,0,0,0,0,0,0,0,71000,0,0,0,111000,40000,71000,71000
054934,金寶元大97購01  ,0,0,0,0,0,0,0,0,0,71000,0,0,0,71000,0,71000,71000
03440B,臺股指元大9B熊02,0,0,0,0,0,0,0,0,0,71000,0,0,0,499000,428000,71000,71000
058467,日月光中信9A購01,0,0,0,0,0,0,0,0,0,70000,0,0,0,491000,421000,70000,70000
058470,台灣50日盛9B購02,0,0,0,0,0,0,0,0,0,70000,0,0,0,70000,0,70000,70000
057307,瀚宇博兆豐99購01,0,0,0,0,0,0,0,0,0,70000,0,0,0,70000,0,70000,70000
057822,牧德元大9A購01  ,0,0,0,0,0,0,0,0,0,70000,0,0,0,70000,0,70000,70000
057038,元油2X元大9B購06,0,0,0,0,0,0,0,0,0,70000,0,0,0,70000,0,70000,70000
056607,貿聯富邦99購02  ,0,0,0,0,0,0,0,0,0,70000,0,0,0,70000,0,70000,70000
056709,華通永豐98購01  ,0,0,0,0,0,0,0,0,0,70000,0,0,0,72000,2000,70000,70000
060191,亞光元富9A購02  ,0,0,0,0,0,0,0,0,0,70000,0,0,0,188000,118000,70000,70000
059101,康控統一9A購01  ,0,0,0,0,0,0,0,0,0,70000,0,0,0,70000,0,70000,70000
058587,台積電中信9C購03,0,0,0,0,0,0,0,0,0,70000,0,0,0,70000,0,70000,70000
059519,台郡永豐99購01  ,0,0,0,0,0,0,0,0,0,70000,0,0,0,73000,3000,70000,70000
058734,康友永豐99購01  ,0,0,0,0,0,0,0,0,0,70000,0,0,0,100000,30000,70000,70000
057507,貿聯國票98購02  ,0,0,0,0,0,0,0,0,0,70000,0,0,0,70000,0,70000,70000
05161P,華新科國票96售01,0,0,0,0,0,0,0,0,0,70000,0,0,0,70000,0,70000,70000
054487,京元電台新97購01,0,0,0,0,0,0,0,0,0,70000,0,0,0,70000,0,70000,70000
059622,上銀凱基99購10  ,0,0,0,0,0,0,0,0,0,69000,0,0,0,69000,0,69000,69000
057374,禾伸堂元大99購03,0,0,0,0,0,0,0,0,0,69000,0,0,0,69000,0,69000,69000
055962,晶豪科元大97購02,0,0,0,0,0,0,0,0,0,69000,0,0,0,120000,51000,69000,69000
054891,聯鈞統一99購02  ,0,0,0,0,0,0,0,0,0,69000,0,0,0,69000,0,69000,69000
2642,宅配通          ,83000,14000,69000,0,0,0,0,0,0,0,0,0,0,0,0,0,69000
058514,潤泰全元大99購01,0,0,0,0,0,0,0,0,0,68000,0,0,0,68000,0,68000,68000
057376,新日興元大98購04,0,0,0,0,0,0,0,0,0,68000,0,0,0,68000,0,68000,68000
056103,聯發科永豐97購03,0,0,0,0,0,0,0,0,0,68000,0,0,0,68000,0,68000,68000
058550,南亞科永豐99購01,0,0,0,0,0,0,0,0,0,68000,0,0,0,128000,60000,68000,68000
060157,致茂永豐9A購02  ,0,0,0,0,0,0,0,0,0,68000,0,0,0,69000,1000,68000,68000
056684,旺宏統一98購02  ,0,0,0,0,0,0,0,0,0,68000,0,0,0,68000,0,68000,68000
056504,國巨永豐98購02  ,0,0,0,0,0,0,0,0,0,68000,0,0,0,108000,40000,68000,68000
056480,京鼎元大98購02  ,0,0,0,0,0,0,0,0,0,68000,0,0,0,379000,311000,68000,68000
059199,欣興永豐99購02  ,0,0,0,0,0,0,0,0,0,68000,0,0,0,68000,0,68000,68000
056998,麗豐康和98購01  ,0,0,0,0,0,0,0,0,0,68000,0,0,0,68000,0,68000,68000
058171,國巨凱基9A購07  ,0,0,0,0,0,0,0,0,0,68000,0,0,0,78000,10000,68000,68000
058455,玉晶光永豐99購03,0,0,0,0,0,0,0,0,0,68000,0,0,0,81000,13000,68000,68000
057980,聯詠永豐98購01  ,0,0,0,0,0,0,0,0,0,68000,0,0,0,99000,31000,68000,68000
058033,景碩永豐98購02  ,0,0,0,0,0,0,0,0,0,68000,0,0,0,78000,10000,68000,68000
050690,台達電凱基96購01,0,0,0,0,0,0,0,0,0,68000,0,0,0,68000,0,68000,68000
4141,龍燈-KY         ,82000,18000,64000,0,0,0,0,0,0,4000,4000,0,4000,0,0,0,68000
6142,友勁            ,3000,21000,-18000,0,0,0,0,0,0,86000,86000,0,86000,0,0,0,68000
060165,上緯控永豐9A購01,0,0,0,0,0,0,0,0,0,68000,0,0,0,68000,0,68000,68000
1447,力鵬            ,104000,39000,65000,0,0,0,0,0,0,3000,4000,1000,3000,0,0,0,68000
1467,南緯            ,96000,27000,69000,0,0,0,0,0,0,-1000,0,1000,-1000,0,0,0,68000
059401,牧德元富99購01  ,0,0,0,0,0,0,0,0,0,67000,0,0,0,204000,137000,67000,67000
058826,台積電永豐99購02,0,0,0,0,0,0,0,0,0,67000,0,0,0,68000,1000,67000,67000
056486,樺漢元大98購04  ,0,0,0,0,0,0,0,0,0,67000,0,0,0,67000,0,67000,67000
06025P,臺股指元大99售02,0,0,0,0,0,0,0,0,0,67000,0,0,0,222000,155000,67000,67000
057630,茂林永豐98購01  ,0,0,0,0,0,0,0,0,0,67000,0,0,0,68000,1000,67000,67000
050797,聯發科中信99購01,0,0,0,0,0,0,0,0,0,67000,0,0,0,67000,0,67000,67000
051817,元金2X統一95購01,0,0,0,0,0,0,0,0,0,67000,0,0,0,67000,0,67000,67000
049517,台光電國票94購02,0,0,0,0,0,0,0,0,0,67000,0,0,0,67000,0,67000,67000
3029,零壹            ,153000,88000,65000,0,0,0,0,0,0,2000,2000,0,2000,0,0,0,67000
058876,南電國票9A購02  ,0,0,0,0,0,0,0,0,0,66000,0,0,0,114000,48000,66000,66000
059349,台郡凱基99購04  ,0,0,0,0,0,0,0,0,0,66000,0,0,0,66000,0,66000,66000
052247,深中小永豐95購01,0,0,0,0,0,0,0,0,0,66000,0,0,0,66000,0,66000,66000
050138,台表科國票95購02,0,0,0,0,0,0,0,0,0,66000,0,0,0,108000,42000,66000,66000
052572,群創凱基99購01  ,0,0,0,0,0,0,0,0,0,66000,0,0,0,66000,0,66000,66000
055320,建準國票98購01  ,0,0,0,0,0,0,0,0,0,66000,0,0,0,66000,0,66000,66000
07305P,T50正2群益99售02,0,0,0,0,0,0,0,0,0,66000,0,0,0,66000,0,66000,66000
058210,臺股指凱基9C購04,0,0,0,0,0,0,0,0,0,65000,0,0,0,65000,0,65000,65000
056067,智原元大97購01  ,0,0,0,0,0,0,0,0,0,65000,0,0,0,86000,21000,65000,65000
059731,康控元大99購04  ,0,0,0,0,0,0,0,0,0,65000,0,0,0,104000,39000,65000,65000
054306,聯發科凱基96購23,0,0,0,0,0,0,0,0,0,65000,0,0,0,65000,0,65000,65000
050424,鴻海凱基96購03  ,0,0,0,0,0,0,0,0,0,65000,0,0,0,75000,10000,65000,65000
055650,華新科元富98購01,0,0,0,0,0,0,0,0,0,65000,0,0,0,65000,0,65000,65000
044429,元金2X元大94購04,0,0,0,0,0,0,0,0,0,65000,0,0,0,115000,50000,65000,65000
047211,華新科富邦99購01,0,0,0,0,0,0,0,0,0,65000,0,0,0,65000,0,65000,65000
07369P,台積電凱基99售20,0,0,0,0,0,0,0,0,0,65000,0,0,0,75000,10000,65000,65000
2369,菱生            ,230000,161000,69000,0,0,0,0,0,0,-4000,0,4000,-4000,0,0,0,65000
058216,TPK群益99購01   ,0,0,0,0,0,0,0,0,0,64000,0,0,0,64000,0,64000,64000
056748,T50反1兆豐99購01,0,0,0,0,0,0,0,0,0,64000,0,0,0,64000,0,64000,64000
058399,美律元大99購05  ,0,0,0,0,0,0,0,0,0,64000,0,0,0,97000,33000,64000,64000
058994,道瓊指元大99購01,0,0,0,0,0,0,0,0,0,64000,0,0,0,64000,0,64000,64000
053398,和鑫中信99購01  ,0,0,0,0,0,0,0,0,0,64000,0,0,0,84000,20000,64000,64000
055481,聚陽元大97購01  ,0,0,0,0,0,0,0,0,0,64000,0,0,0,64000,0,64000,64000
052705,超眾國票97購01  ,0,0,0,0,0,0,0,0,0,64000,0,0,0,185000,121000,64000,64000
2034,允強            ,142000,63000,79000,0,0,0,0,0,0,-15000,0,15000,-15000,0,0,0,64000
06122P,亞光元大98售01  ,0,0,0,0,0,0,0,0,0,64000,0,0,0,69000,5000,64000,64000
059350,樺漢凱基9A購01  ,0,0,0,0,0,0,0,0,0,63000,0,0,0,63000,0,63000,63000
052727,仁寶元富96購01  ,0,0,0,0,0,0,0,0,0,63000,0,0,0,275000,212000,63000,63000
055297,啟碁元大97購01  ,0,0,0,0,0,0,0,0,0,63000,0,0,0,63000,0,63000,63000
059760,楠梓電永豐99購01,0,0,0,0,0,0,0,0,0,63000,0,0,0,63000,0,63000,63000
051727,S&P反1國票97購01,0,0,0,0,0,0,0,0,0,63000,0,0,0,100000,37000,63000,63000
052216,康友元大96購01  ,0,0,0,0,0,0,0,0,0,63000,0,0,0,63000,0,63000,63000
06067P,華新科康和97售01,0,0,0,0,0,0,0,0,0,63000,0,0,0,286000,223000,63000,63000
2485,兆赫            ,160000,86000,74000,0,0,0,0,0,0,-11000,1000,5000,-4000,0,7000,-7000,63000
05771P,大立光凱基96售13,0,0,0,0,0,0,0,0,0,62000,0,0,0,100000,38000,62000,62000
057422,欣興凱基98購04  ,0,0,0,0,0,0,0,0,0,62000,0,0,0,62000,0,62000,62000
052353,高鐵群益97購01  ,0,0,0,0,0,0,0,0,0,62000,0,0,0,62000,0,62000,62000
052523,奇力新元大97購01,0,0,0,0,0,0,0,0,0,62000,0,0,0,62000,0,62000,62000
055164,矽創元大98購01  ,0,0,0,0,0,0,0,0,0,62000,0,0,0,62000,0,62000,62000
1440,南紡            ,184000,127000,57000,0,0,0,0,0,0,5000,6000,1000,5000,0,0,0,62000
2617,台航            ,122000,60000,62000,0,0,0,0,0,0,0,0,0,0,0,0,0,62000
2546,根基            ,64000,2000,62000,0,0,0,0,0,0,0,0,0,0,0,0,0,62000
5258,虹堡            ,74000,11000,63000,0,0,0,0,0,0,-1000,0,1000,-1000,0,0,0,62000
058319,大毅永豐9A購01  ,0,0,0,0,0,0,0,0,0,61000,0,0,0,69000,8000,61000,61000
057001,華邦電國票99購02,0,0,0,0,0,0,0,0,0,61000,0,0,0,430000,369000,61000,61000
055052,凱美永豐97購01  ,0,0,0,0,0,0,0,0,0,61000,0,0,0,177000,116000,61000,61000
053374,台達電元大96購03,0,0,0,0,0,0,0,0,0,61000,0,0,0,61000,0,61000,61000
054118,國巨永豐96購04  ,0,0,0,0,0,0,0,0,0,61000,0,0,0,61000,0,61000,61000
059934,華通永豐99購02  ,0,0,0,0,0,0,0,0,0,61000,0,0,0,71000,10000,61000,61000
055235,金寶台新98購01  ,0,0,0,0,0,0,0,0,0,61000,0,0,0,61000,0,61000,61000
048192,華通元大96購01  ,0,0,0,0,0,0,0,0,0,61000,0,0,0,61000,0,61000,61000
00850,元大臺灣ESG永續 ,0,2000,-2000,0,0,0,0,0,0,63000,0,0,0,263000,200000,63000,61000
5243,乙盛-KY         ,92000,31000,61000,0,0,0,0,0,0,0,0,0,0,0,0,0,61000
059230,滬深2X國票9B購02,0,0,0,0,0,0,0,0,0,60000,0,0,0,70000,10000,60000,60000
057162,上銀元大98購03  ,0,0,0,0,0,0,0,0,0,60000,0,0,0,83000,23000,60000,60000
057099,元油2X中信9B購03,0,0,0,0,0,0,0,0,0,60000,0,0,0,60000,0,60000,60000
057137,鈺齊凱基98購01  ,0,0,0,0,0,0,0,0,0,60000,0,0,0,60000,0,60000,60000
056796,國巨麥證98購02  ,0,0,0,161000,0,161000,0,0,0,60000,0,0,0,161000,101000,60000,60000
058483,道瓊指國票9A購01,0,0,0,0,0,0,0,0,0,60000,0,0,0,60000,0,60000,60000
057403,亞光群益98購04  ,0,0,0,0,0,0,0,0,0,60000,0,0,0,63000,3000,60000,60000
058525,台虹元大99購02  ,0,0,0,0,0,0,0,0,0,60000,0,0,0,60000,0,60000,60000
057486,美律元大98購04  ,0,0,0,0,0,0,0,0,0,60000,0,0,0,83000,23000,60000,60000
056170,鴻海元富97購09  ,0,0,0,0,0,0,0,0,0,60000,0,0,0,60000,0,60000,60000
060339,國巨統一01購01  ,0,0,0,0,0,0,0,0,0,60000,0,0,0,270000,210000,60000,60000
00656R,國泰中國A50反1  ,0,10000,-10000,0,0,0,0,0,0,70000,0,0,0,88000,18000,70000,60000
04928P,大立光凱基95售07,0,0,0,0,0,0,0,0,0,60000,0,0,0,76000,16000,60000,60000
048892,台郡元富97購01  ,0,0,0,0,0,0,0,0,0,60000,0,0,0,60000,0,60000,60000
052075,旺宏元富95購03  ,0,0,0,0,0,0,0,0,0,60000,0,0,0,60000,0,60000,60000
050420,鴻海凱基95購03  ,0,0,0,0,0,0,0,0,0,60000,0,0,0,60000,0,60000,60000
05037P,華新科元大95售09,0,0,0,0,0,0,0,0,0,60000,0,0,0,60000,0,60000,60000
055604,訊芯元大98購02  ,0,0,0,0,0,0,0,0,0,60000,0,0,0,60000,0,60000,60000
055776,宏達電凱基98購02,0,0,0,0,0,0,0,0,0,60000,0,0,0,89000,29000,60000,60000
054001,康友群益96購02  ,0,0,0,0,0,0,0,0,0,60000,0,0,0,60000,0,60000,60000
059783,旺宏元大99購17  ,0,0,0,0,0,0,0,0,0,60000,0,0,0,60000,0,60000,60000
054888,泰碩統一97購01  ,0,0,0,0,0,0,0,0,0,60000,0,0,0,60000,0,60000,60000
052546,友達中信98購01  ,0,0,0,0,0,0,0,0,0,60000,0,0,0,60000,0,60000,60000
054307,高鐵凱基98購01  ,0,0,0,0,0,0,0,0,0,60000,0,0,0,60000,0,60000,60000
6670,復盛應用        ,111000,52000,59000,0,0,0,0,0,0,1000,0,0,0,1000,0,1000,60000
06653P,美食元大98售02  ,0,0,0,0,0,0,0,0,0,60000,0,0,0,65000,5000,60000,60000
2457,飛宏            ,77000,18000,59000,0,0,0,0,0,0,1000,1000,0,1000,0,0,0,60000
2348,海悅            ,66000,7000,59000,0,0,0,0,0,0,1000,2000,1000,1000,0,0,0,60000
1540,喬福            ,60000,0,60000,0,0,0,0,0,0,0,0,0,0,0,0,0,60000
060048,元金2X凱基99購03,0,0,0,0,0,0,0,0,0,60000,0,0,0,70000,10000,60000,60000
060433,億豐永豐9A購01  ,0,0,0,0,0,0,0,0,0,59000,0,0,0,60000,1000,59000,59000
05742P,可成元大96售04  ,0,0,0,0,0,0,0,0,0,59000,0,0,0,323000,264000,59000,59000
058609,玉山金元大99購01,0,0,0,0,0,0,0,0,0,59000,0,0,0,59000,0,59000,59000
058973,麗豐永豐99購01  ,0,0,0,0,0,0,0,0,0,59000,0,0,0,162000,103000,59000,59000
056289,合勤控永豐97購01,0,0,0,0,0,0,0,0,0,59000,0,0,0,59000,0,59000,59000
054160,華泰凱基98購01  ,0,0,0,0,0,0,0,0,0,59000,0,0,0,64000,5000,59000,59000
053389,彩晶元大98購01  ,0,0,0,0,0,0,0,0,0,59000,0,0,0,59000,0,59000,59000
053145,元黃金元大96購02,0,0,0,0,0,0,0,0,0,59000,0,0,0,59000,0,59000,59000
052959,聯電凱基97購01  ,0,0,0,0,0,0,0,0,0,59000,0,0,0,201000,142000,59000,59000
051483,玉晶光凱基96購02,0,0,0,0,0,0,0,0,0,59000,0,0,0,262000,203000,59000,59000
03619C,臺股指元大95牛02,0,0,0,0,0,0,0,0,0,59000,0,0,0,59000,0,59000,59000
06239P,奇力新元大97售08,0,0,0,0,0,0,0,0,0,59000,0,0,0,208000,149000,59000,59000
2013,中鋼構          ,59000,0,59000,0,0,0,0,0,0,0,0,0,0,0,0,0,59000
2108,南帝            ,225000,61000,164000,0,0,0,0,0,0,-105000,0,105000,-105000,0,0,0,59000
2514,龍邦            ,130000,71000,59000,0,0,0,0,0,0,0,0,0,0,0,0,0,59000
4977,眾達-KY         ,241000,182000,59000,0,0,0,0,0,0,0,0,0,0,0,0,0,59000
056589,康控統一98購01  ,0,0,0,0,0,0,0,0,0,58000,0,0,0,58000,0,58000,58000
050644,國巨凱基96購01  ,0,0,0,0,0,0,0,0,0,58000,0,0,0,92000,34000,58000,58000
050899,旭富元大95購01  ,0,0,0,0,0,0,0,0,0,58000,0,0,0,58000,0,58000,58000
06624P,訊芯元大98售06  ,0,0,0,0,0,0,0,0,0,58000,0,0,0,60000,2000,58000,58000
06704P,玉晶光元富98售05,0,0,0,0,0,0,0,0,0,58000,0,0,0,78000,20000,58000,58000
06396P,新日興康和97售01,0,0,0,0,0,0,0,0,0,58000,0,0,0,108000,50000,58000,58000
060169,群電永豐9A購01  ,0,0,0,0,0,0,0,0,0,58000,0,0,0,58000,0,58000,58000
060222,貿聯凱基9A購02  ,0,0,0,0,0,0,0,0,0,57000,0,0,0,87000,30000,57000,57000
059107,南茂國泰9A購01  ,0,0,0,0,0,0,0,0,0,57000,0,0,0,130000,73000,57000,57000
052995,上銀康和96購01  ,0,0,0,0,0,0,0,0,0,57000,0,0,0,136000,79000,57000,57000
059849,興勤永豐99購01  ,0,0,0,0,0,0,0,0,0,57000,0,0,0,57000,0,57000,57000
06594P,立積元大98售01  ,0,0,0,0,0,0,0,0,0,57000,0,0,0,197000,140000,57000,57000
8454,富邦媒          ,100000,41000,59000,0,0,0,7000,0,7000,-9000,2000,11000,-9000,0,0,0,57000
057646,玉山金元大98購01,0,0,0,0,0,0,0,0,0,56000,0,0,0,56000,0,56000,56000
058653,光寶科中信9A購01,0,0,0,0,0,0,0,0,0,56000,0,0,0,106000,50000,56000,56000
058923,華新科元富99購06,0,0,0,0,0,0,0,0,0,56000,0,0,0,154000,98000,56000,56000
057988,鈺齊元富98購02  ,0,0,0,0,0,0,0,0,0,56000,0,0,0,56000,0,56000,56000
058333,鴻海元富99購04  ,0,0,0,0,0,0,0,0,0,56000,0,0,0,56000,0,56000,56000
058116,正崴中信99購02  ,0,0,0,0,0,0,0,0,0,56000,0,0,0,108000,52000,56000,56000
059133,臺股指群益99購08,0,0,0,0,0,0,0,0,0,56000,0,0,0,75000,19000,56000,56000
054738,聯發科凱基97購01,0,0,0,0,0,0,0,0,0,56000,0,0,0,56000,0,56000,56000
050983,新光金國泰97購01,0,0,0,0,0,0,0,0,0,56000,0,0,0,56000,0,56000,56000
055509,訊芯元大97購03  ,0,0,0,0,0,0,0,0,0,56000,0,0,0,56000,0,56000,56000
053910,嘉聯益凱基98購01,0,0,0,0,0,0,0,0,0,56000,0,0,0,60000,4000,56000,56000
9941,裕融            ,64000,82000,-18000,0,0,0,78000,0,78000,-4000,0,4000,-4000,0,0,0,56000
07081P,南電群益9A售01  ,0,0,0,0,0,0,0,0,0,56000,0,0,0,58000,2000,56000,56000
2536,宏普            ,115000,60000,55000,0,0,0,0,0,0,1000,1000,0,1000,0,0,0,56000
056817,國巨永豐98購04  ,0,0,0,0,0,0,0,0,0,55000,0,0,0,158000,103000,55000,55000
058428,大立光元富99購02,0,0,0,0,0,0,0,0,0,55000,0,0,0,55000,0,55000,55000
056255,華新科元富97購05,0,0,0,0,0,0,0,0,0,55000,0,0,0,153000,98000,55000,55000
059400,滬深2X元富9C購04,0,0,0,0,0,0,0,0,0,55000,0,0,0,55000,0,55000,55000
057470,易華電永豐98購02,0,0,0,0,0,0,0,0,0,55000,0,0,0,60000,5000,55000,55000
059500,鴻海元富99購11  ,0,0,0,0,0,0,0,0,0,55000,0,0,0,59000,4000,55000,55000
060251,易華電元大9C購01,0,0,0,0,0,0,0,0,0,55000,0,0,0,55000,0,55000,55000
060235,瑞昱元大9A購01  ,0,0,0,0,0,0,0,0,0,55000,0,0,0,60000,5000,55000,55000
060403,上銀國泰9B購01  ,0,0,0,0,0,0,0,0,0,55000,0,0,0,105000,50000,55000,55000
056639,國產康和98購01  ,0,0,0,0,0,0,0,0,0,55000,0,0,0,125000,70000,55000,55000
055747,康舒元富97購01  ,0,0,0,0,0,0,0,0,0,55000,0,0,0,105000,50000,55000,55000
051862,旺宏凱基95購05  ,0,0,0,0,0,0,0,0,0,55000,0,0,0,55000,0,55000,55000
052885,高鐵兆豐98購01  ,0,0,0,0,0,0,0,0,0,55000,0,0,0,57000,2000,55000,55000
054499,台光電永豐96購02,0,0,0,0,0,0,0,0,0,55000,0,0,0,68000,13000,55000,55000
053424,欣興永豐96購02  ,0,0,0,0,0,0,0,0,0,55000,0,0,0,58000,3000,55000,55000
053631,欣興兆豐97購01  ,0,0,0,0,0,0,0,0,0,55000,0,0,0,71000,16000,55000,55000
2545,皇翔            ,88000,34000,54000,0,0,0,0,0,0,1000,1000,0,1000,0,0,0,55000
1201,味全            ,360000,314000,46000,0,0,0,0,0,0,9000,0,0,0,9000,0,9000,55000
5305,敦南            ,86000,32000,54000,0,0,0,0,0,0,1000,1000,0,1000,0,0,0,55000
059468,智邦元大99購02  ,0,0,0,0,0,0,0,0,0,54000,0,0,0,154000,100000,54000,54000
059127,國巨中信99購04  ,0,0,0,0,0,0,0,0,0,54000,0,0,0,135000,81000,54000,54000
058588,致茂中信9B購01  ,0,0,0,0,0,0,0,0,0,54000,0,0,0,128000,74000,54000,54000
056228,可成凱基97購03  ,0,0,0,0,0,0,0,0,0,54000,0,0,0,54000,0,54000,54000
059063,康控凱基99購04  ,0,0,0,0,0,0,0,0,0,54000,0,0,0,64000,10000,54000,54000
057928,鈺齊凱基98購02  ,0,0,0,0,0,0,0,0,0,54000,0,0,0,59000,5000,54000,54000
057780,台郡群益98購02  ,0,0,0,0,0,0,0,0,0,54000,0,0,0,54000,0,54000,54000
059692,聯詠永豐99購01  ,0,0,0,0,0,0,0,0,0,54000,0,0,0,72000,18000,54000,54000
059923,緯穎元大99購09  ,0,0,0,0,0,0,0,0,0,54000,0,0,0,64000,10000,54000,54000
043513,台灣50元大96購05,0,0,0,0,0,0,0,0,0,54000,0,0,0,54000,0,54000,54000
00662,富邦NASDAQ      ,1000,1000,0,0,0,0,0,0,0,54000,0,0,0,54000,0,54000,54000
048572,美利達元大96購04,0,0,0,0,0,0,0,0,0,54000,0,0,0,54000,0,54000,54000
055684,京鼎凱基97購01  ,0,0,0,0,0,0,0,0,0,54000,0,0,0,220000,166000,54000,54000
050311,上銀兆豐95購01  ,0,0,0,0,0,0,0,0,0,54000,0,0,0,55000,1000,54000,54000
2461,光群雷          ,66000,13000,53000,0,0,0,0,0,0,1000,1000,0,1000,0,0,0,54000
06869P,金融類元大99售01,0,0,0,0,0,0,0,0,0,54000,0,0,0,96000,42000,54000,54000
07319P,台積電凱基01售02,0,0,0,0,0,0,0,0,0,54000,0,0,0,92000,38000,54000,54000
056812,泰鼎統一98購01  ,0,0,0,0,0,0,0,0,0,53000,0,0,0,114000,61000,53000,53000
05930P,景碩康和96售01  ,0,0,0,0,0,0,0,0,0,53000,0,0,0,55000,2000,53000,53000
059003,中壽元大99購01  ,0,0,0,0,0,0,0,0,0,53000,0,0,0,53000,0,53000,53000
056157,聯詠凱基97購03  ,0,0,0,0,0,0,0,0,0,53000,0,0,0,53000,0,53000,53000
058521,日月光元大99購01,0,0,0,0,0,0,0,0,0,53000,0,0,0,53000,0,53000,53000
05116P,台積電群益95售03,0,0,0,0,0,0,0,0,0,53000,0,0,0,53000,0,53000,53000
1439,中和            ,74000,26000,48000,0,0,0,0,0,0,5000,5000,0,5000,0,0,0,53000
4564,元翎            ,105000,52000,53000,0,0,0,0,0,0,0,0,0,0,0,0,0,53000
056136,京鼎元大98購01  ,0,0,0,0,0,0,0,0,0,52000,0,0,0,52000,0,52000,52000
058751,南茂凱基9A購01  ,0,0,0,0,0,0,0,0,0,52000,0,0,0,122000,70000,52000,52000
056731,國巨凱基98購04  ,0,0,0,0,0,0,0,0,0,52000,0,0,0,72000,20000,52000,52000
059406,台灣50國票9A購08,0,0,0,0,0,0,0,0,0,52000,0,0,0,52000,0,52000,52000
057841,茂林富邦9A購02  ,0,0,0,0,0,0,0,0,0,52000,0,0,0,92000,40000,52000,52000
051789,嘉澤國票96購01  ,0,0,0,0,0,0,0,0,0,52000,0,0,0,62000,10000,52000,52000
053446,欣興凱基96購02  ,0,0,0,0,0,0,0,0,0,52000,0,0,0,52000,0,52000,52000
053223,台郡凱基96購02  ,0,0,0,0,0,0,0,0,0,52000,0,0,0,52000,0,52000,52000
3003,健和興          ,105000,49000,56000,0,0,0,0,0,0,-4000,0,4000,-4000,0,0,0,52000
5515,建國            ,65000,13000,52000,0,0,0,0,0,0,0,0,0,0,0,0,0,52000
06739P,聯詠兆豐98售02  ,0,0,0,0,0,0,0,0,0,52000,0,0,0,52000,0,52000,52000
057110,立積群益98購01  ,0,0,0,0,0,0,0,0,0,51000,0,0,0,51000,0,51000,51000
059628,智邦凱基99購04  ,0,0,0,0,0,0,0,0,0,51000,0,0,0,239000,188000,51000,51000
05306P,泰碩國泰97售01  ,0,0,0,0,0,0,0,0,0,51000,0,0,0,282000,231000,51000,51000
05439P,聯發科國票95售06,0,0,0,0,0,0,0,0,0,51000,0,0,0,60000,9000,51000,51000
052881,康控凱基97購01  ,0,0,0,0,0,0,0,0,0,51000,0,0,0,51000,0,51000,51000
048189,臺指反元大96購06,0,0,0,0,0,0,0,0,0,51000,0,0,0,51000,0,51000,51000
1437,勤益控          ,51000,0,51000,0,0,0,0,0,0,0,1000,1000,0,0,0,0,51000
1604,聲寶            ,74000,24000,50000,0,0,0,0,0,0,1000,1000,0,1000,0,0,0,51000
5521,工信            ,321000,270000,51000,0,0,0,0,0,0,0,0,0,0,0,0,0,51000
058668,元油2X群益9B購04,50000,0,50000,0,0,0,0,0,0,0,0,0,0,0,0,0,50000
056224,聯發科凱基97購08,0,0,0,0,0,0,0,0,0,50000,0,0,0,50000,0,50000,50000
056701,國產國泰9A購01  ,0,0,0,0,0,0,0,0,0,50000,0,0,0,50000,0,50000,50000
056469,國巨元大99購01  ,0,0,0,0,0,0,0,0,0,50000,0,0,0,50000,0,50000,50000
056642,旺宏凱基98購07  ,0,0,0,0,0,0,0,0,0,50000,0,0,0,60000,10000,50000,50000
058276,道瓊指中信9C購01,0,0,0,0,0,0,0,0,0,50000,0,0,0,50000,0,50000,50000
056810,群創統一9A購01  ,0,0,0,0,0,0,0,0,0,50000,0,0,0,50000,0,50000,50000
057261,瑞昱兆豐98購01  ,0,0,0,0,0,0,0,0,0,50000,0,0,0,50000,0,50000,50000
058250,台虹元大99購01  ,0,0,0,0,0,0,0,0,0,50000,0,0,0,50000,0,50000,50000
057816,欣興元大98購13  ,0,0,0,0,0,0,0,0,0,50000,0,0,0,50000,0,50000,50000
057679,臺股指元大98購09,0,0,0,0,0,0,0,0,0,50000,0,0,0,50000,0,50000,50000
058037,台灣50元大9B購02,0,0,0,0,0,0,0,0,0,50000,0,0,0,50000,0,50000,50000
058047,可成元大98購11  ,0,0,0,0,0,0,0,0,0,50000,0,0,0,50000,0,50000,50000
058925,旭富元富99購02  ,0,0,0,0,0,0,0,0,0,50000,0,0,0,50000,0,50000,50000
047505,元金2X國票9B購01,0,0,0,0,0,0,0,0,0,50000,0,0,0,50000,0,50000,50000
045795,瀚宇博兆豐94購01,0,0,0,0,0,0,0,0,0,50000,0,0,0,50000,0,50000,50000
050173,旺宏元大96購02  ,0,0,0,0,0,0,0,0,0,50000,0,0,0,50000,0,50000,50000
052389,聯發科群益95購05,0,0,0,0,0,0,0,0,0,50000,0,0,0,54000,4000,50000,50000
053754,英業達元富96購02,0,0,0,0,0,0,0,0,0,50000,0,0,0,50000,0,50000,50000
051410,京元電國票96購01,0,0,0,0,0,0,0,0,0,50000,0,0,0,50000,0,50000,50000
051421,彩晶國票95購01  ,0,0,0,0,0,0,0,0,0,50000,0,0,0,50000,0,50000,50000
05450P,臺股指元大95售27,0,0,0,0,0,0,0,0,0,50000,0,0,0,50000,0,50000,50000
054528,台光電統一96購02,0,0,0,0,0,0,0,0,0,50000,0,0,0,50000,0,50000,50000
055461,TPK永豐97購01   ,0,0,0,0,0,0,0,0,0,50000,0,0,0,50000,0,50000,50000
059739,華通元富99購04  ,0,0,0,0,0,0,0,0,0,50000,0,0,0,50000,0,50000,50000
054227,宏達電元富96購02,0,0,0,0,0,0,0,0,0,50000,0,0,0,50000,0,50000,50000
053258,上証2X群益9A購03,0,0,0,0,0,0,0,0,0,50000,0,0,0,50000,0,50000,50000
054856,得力群益99購01  ,0,0,0,0,0,0,0,0,0,50000,0,0,0,50000,0,50000,50000
2109,華豐            ,50000,0,50000,0,0,0,0,0,0,0,0,0,0,0,0,0,50000
06752P,訊芯凱基98售05  ,0,0,0,0,0,0,0,0,0,50000,0,0,0,50000,0,50000,50000
07325P,台積電元大99售41,0,0,0,0,0,0,0,0,0,50000,0,0,0,193000,143000,50000,50000
06896P,信邦中信98售01  ,0,0,0,0,0,0,0,0,0,50000,0,0,0,50000,0,50000,50000
058015,旺宏凱基99購02  ,0,0,0,0,0,0,0,0,0,49000,0,0,0,49000,0,49000,49000
060036,上証2X國票99購03,0,0,0,0,0,0,0,0,0,49000,0,0,0,50000,1000,49000,49000
060292,聯詠元大9A購01  ,0,0,0,0,0,0,0,0,0,49000,0,0,0,76000,27000,49000,49000
057457,華邦電富邦98購01,0,0,0,0,0,0,0,0,0,49000,0,0,0,261000,212000,49000,49000
053489,上銀兆豐97購01  ,0,0,0,0,0,0,0,0,0,49000,0,0,0,49000,0,49000,49000
059872,華新科凱基01購01,0,0,0,0,0,0,0,0,0,49000,0,0,0,54000,5000,49000,49000
053748,燿華永豐96購04  ,0,0,0,0,0,0,0,0,0,49000,0,0,0,60000,11000,49000,49000
050667,國巨永豐94購06  ,0,0,0,0,0,0,0,0,0,49000,0,0,0,50000,1000,49000,49000
07260P,台灣50元大9A售01,0,0,0,0,0,0,0,0,0,49000,0,0,0,127000,78000,49000,49000
06460P,亞德客元富98售02,0,0,0,0,0,0,0,0,0,49000,0,0,0,49000,0,49000,49000
06058P,玉晶光凱基97售04,0,0,0,0,0,0,0,0,0,49000,0,0,0,229000,180000,49000,49000
6166,凌華            ,106000,50000,56000,0,0,0,0,0,0,-7000,1000,3000,-2000,0,5000,-5000,49000
2542,興富發          ,423000,340300,82700,0,0,0,0,0,0,-34000,15000,50000,-35000,1000,0,1000,48700
058712,鴻海統一9B購03  ,0,0,0,0,0,0,0,0,0,48000,0,0,0,48000,0,48000,48000
058564,元金2X凱基9C購01,0,0,0,0,0,0,0,0,0,48000,0,0,0,48000,0,48000,48000
059187,國巨富邦9B購02  ,0,0,0,0,0,0,0,0,0,48000,0,0,0,428000,380000,48000,48000
051266,國巨富邦99購01  ,0,0,0,0,0,0,0,0,0,48000,0,0,0,48000,0,48000,48000
054004,鴻海統一96購14  ,0,0,0,0,0,0,0,0,0,48000,0,0,0,56000,8000,48000,48000
054002,GIS群益96購03   ,0,0,0,0,0,0,0,0,0,48000,0,0,0,48000,0,48000,48000
048396,奇力新國票94購02,0,0,0,0,0,0,0,0,0,48000,0,0,0,49000,1000,48000,48000
059836,大立光國泰9B購02,0,0,0,0,0,0,0,0,0,48000,0,0,0,105000,57000,48000,48000
055349,京元電凱基97購02,0,0,0,0,0,0,0,0,0,48000,0,0,0,75000,27000,48000,48000
054697,凌華永豐97購01  ,0,0,0,0,0,0,0,0,0,48000,0,0,0,48000,0,48000,48000
055862,矽力元大97購04  ,0,0,0,0,0,0,0,0,0,48000,0,0,0,48000,0,48000,48000
055875,光罩元富97購02  ,0,0,0,0,0,0,0,0,0,48000,0,0,0,120000,72000,48000,48000
053516,茂林群益96購05  ,0,0,0,0,0,0,0,0,0,48000,0,0,0,186000,138000,48000,48000
053660,群創凱基98購08  ,0,0,0,0,0,0,0,0,0,48000,0,0,0,48000,0,48000,48000
1457,宜進            ,55000,8000,47000,0,0,0,0,0,0,1000,1000,0,1000,0,0,0,48000
2915,潤泰全          ,328000,301000,27000,0,0,0,0,0,0,21000,6000,0,6000,19000,4000,15000,48000
4725,信昌化          ,101000,53000,48000,0,0,0,0,0,0,0,0,0,0,0,0,0,48000
059062,群創凱基99購05  ,0,0,0,0,0,0,0,0,0,47000,0,0,0,98000,51000,47000,47000
059623,聯電凱基99購02  ,0,0,0,0,0,0,0,0,0,47000,0,0,0,60000,13000,47000,47000
047289,啟碁統一97購01  ,0,0,0,0,0,0,0,0,0,47000,0,0,0,47000,0,47000,47000
00646,元大S&P500      ,1510000,7000,1503000,0,0,0,0,0,0,-1456000,0,30000,-30000,0,1426000,-1426000,47000
006206,元大上證50      ,3000,218000,-215000,0,0,0,0,0,0,262000,0,0,0,464000,202000,262000,47000
055731,美律元富97購01  ,0,0,0,0,0,0,0,0,0,47000,0,0,0,98000,51000,47000,47000
07103P,南電元大99售04  ,0,0,0,0,0,0,0,0,0,47000,0,0,0,47000,0,47000,47000
058743,可成康和99購01  ,0,0,0,0,0,0,0,0,0,46000,0,0,0,46000,0,46000,46000
059115,美食永豐99購01  ,0,0,0,0,0,0,0,0,0,46000,0,0,0,71000,25000,46000,46000
060301,國巨富邦9C購02  ,0,0,0,0,0,0,0,0,0,46000,0,0,0,459000,413000,46000,46000
060399,康友國票9A購02  ,0,0,0,0,0,0,0,0,0,46000,0,0,0,153000,107000,46000,46000
060148,臺股指國票9A購08,0,0,0,0,0,0,0,0,0,46000,0,0,0,52000,6000,46000,46000
060417,正隆永豐9A購01  ,0,0,0,0,0,0,0,0,0,46000,0,0,0,56000,10000,46000,46000
059039,致伸群益99購01  ,0,0,0,0,0,0,0,0,0,46000,0,0,0,46000,0,46000,46000
059362,健策永豐99購03  ,0,0,0,0,0,0,0,0,0,46000,0,0,0,119000,73000,46000,46000
056944,鴻海統一98購11  ,0,0,0,0,0,0,0,0,0,46000,0,0,0,47000,1000,46000,46000
056788,日月光群益98購01,0,0,0,0,0,0,0,0,0,46000,0,0,0,46000,0,46000,46000
057170,瑞昱元大98購01  ,0,0,0,0,0,0,0,0,0,46000,0,0,0,74000,28000,46000,46000
03980P,群創凱基95售02  ,0,0,0,0,0,0,0,0,0,46000,0,0,0,169000,123000,46000,46000
06853P,華擎元富98售03  ,0,0,0,0,0,0,0,0,0,46000,0,0,0,108000,62000,46000,46000
06374P,台表科元大97售06,0,0,0,0,0,0,0,0,0,46000,0,0,0,58000,12000,46000,46000
06310P,精元元富97售02  ,0,0,0,0,0,0,0,0,0,46000,0,0,0,46000,0,46000,46000
059660,華新科元大9A購04,0,0,0,0,0,0,0,0,0,45000,0,0,0,74000,29000,45000,45000
059669,台灣50元富9B購05,0,0,0,0,0,0,0,0,0,45000,0,0,0,241000,196000,45000,45000
057226,上銀凱基98購06  ,0,0,0,0,0,0,0,0,0,45000,0,0,0,45000,0,45000,45000
059292,華新科元富9B購02,0,0,0,0,0,0,0,0,0,45000,0,0,0,55000,10000,45000,45000
057575,世紀鋼永豐98購02,0,0,0,0,0,0,0,0,0,45000,0,0,0,45000,0,45000,45000
056742,玉晶光凱基9A購01,0,0,0,0,0,0,0,0,0,45000,0,0,0,45000,0,45000,45000
056449,義隆凱基98購03  ,0,0,0,0,0,0,0,0,0,45000,0,0,0,61000,16000,45000,45000
060383,葡萄王凱基9A購01,0,0,0,0,0,0,0,0,0,45000,0,0,0,45000,0,45000,45000
060240,富邦金元大9A購01,0,0,0,0,0,0,0,0,0,45000,0,0,0,513000,468000,45000,45000
052020,聯茂永豐95購02  ,0,0,0,0,0,0,0,0,0,45000,0,0,0,56000,11000,45000,45000
048866,滬深2X兆豐95購01,0,0,0,0,0,0,0,0,0,45000,0,0,0,45000,0,45000,45000
049128,滬深2X元大97購03,0,0,0,0,0,0,0,0,0,45000,0,0,0,45000,0,45000,45000
04665P,臺股指國票94售04,0,0,0,0,0,0,0,0,0,45000,0,0,0,45000,0,45000,45000
048422,瑞昱元富96購02  ,0,0,0,0,0,0,0,0,0,45000,0,0,0,98000,53000,45000,45000
055104,台達電凱基98購01,0,0,0,0,0,0,0,0,0,45000,0,0,0,45000,0,45000,45000
054887,大毅統一98購01  ,0,0,0,0,0,0,0,0,0,45000,0,0,0,103000,58000,45000,45000
054751,GIS凱基98購01   ,0,0,0,0,0,0,0,0,0,45000,0,0,0,45000,0,45000,45000
060061,旺宏兆豐99購02  ,0,0,0,0,0,0,0,0,0,45000,0,0,0,45000,0,45000,45000
1231,聯華食          ,52000,8000,44000,0,0,0,0,0,0,1000,1000,0,1000,0,0,0,45000
07358P,鴻海元大99售39  ,0,0,0,0,0,0,0,0,0,45000,0,0,0,45000,0,45000,45000
07394P,國巨群益99售12  ,0,0,0,0,0,0,0,0,0,45000,0,0,0,80000,35000,45000,45000
1712,興農            ,158000,123000,35000,0,0,0,0,0,0,10000,11000,1000,10000,0,0,0,45000
2882A,國泰特          ,45000,0,45000,0,0,0,0,0,0,0,0,0,0,0,0,0,45000
059996,美律元富99購01  ,0,0,0,0,0,0,0,0,0,44000,0,0,0,134000,90000,44000,44000
056057,華邦電元大97購05,0,0,0,0,0,0,0,0,0,44000,0,0,0,44000,0,44000,44000
058645,康控富邦01購01  ,0,0,0,0,0,0,0,0,0,44000,0,0,0,109000,65000,44000,44000
059387,華通凱基9A購03  ,0,0,0,0,0,0,0,0,0,44000,0,0,0,46000,2000,44000,44000
059907,道瓊指元大99購03,0,0,0,0,0,0,0,0,0,44000,0,0,0,45000,1000,44000,44000
055459,建準永豐97購03  ,0,0,0,0,0,0,0,0,0,44000,0,0,0,74000,30000,44000,44000
053731,矽創凱基96購03  ,0,0,0,0,0,0,0,0,0,44000,0,0,0,44000,0,44000,44000
051321,建準國票96購01  ,0,0,0,0,0,0,0,0,0,44000,0,0,0,44000,0,44000,44000
050322,世紀鋼國票95購01,0,0,0,0,0,0,0,0,0,44000,0,0,0,63000,19000,44000,44000
6416,瑞祺電通        ,180000,39000,141000,0,0,0,0,0,0,-97000,63000,181000,-118000,21000,0,21000,44000
2520,冠德            ,319000,276000,43000,0,0,0,0,0,0,1000,5000,4000,1000,0,0,0,44000
059574,台表科凱基99購02,0,0,0,0,0,0,0,0,0,43000,0,0,0,50000,7000,43000,43000
059985,華新科元大99購22,0,0,0,0,0,0,0,0,0,43000,0,0,0,56000,13000,43000,43000
060291,高鐵元大9A購01  ,0,0,0,0,0,0,0,0,0,43000,0,0,0,49000,6000,43000,43000
05235P,健鼎康和95售02  ,0,0,0,0,0,0,0,0,0,43000,0,0,0,43000,0,43000,43000
050482,台郡國票94購04  ,0,0,0,0,0,0,0,0,0,43000,0,0,0,50000,7000,43000,43000
053954,貿聯康和96購01  ,0,0,0,0,0,0,0,0,0,43000,0,0,0,43000,0,43000,43000
044717,旺宏統一94購01  ,0,0,0,0,0,0,0,0,0,43000,0,0,0,43000,0,43000,43000
055334,禾伸堂兆豐97購01,0,0,0,0,0,0,0,0,0,43000,0,0,0,43000,0,43000,43000
055309,冠德群益97購01  ,0,0,0,0,0,0,0,0,0,43000,0,0,0,43000,0,43000,43000
2442,新美齊          ,109000,61000,48000,0,0,0,0,0,0,-5000,0,5000,-5000,0,0,0,43000
2401,凌陽            ,117000,68000,49000,0,0,0,0,0,0,-6000,2000,8000,-6000,0,0,0,43000
07368P,國巨凱基99售19  ,0,0,0,0,0,0,0,0,0,43000,0,0,0,203000,160000,43000,43000
07233P,台灣50元大99售04,0,0,0,0,0,0,0,0,0,43000,0,0,0,60000,17000,43000,43000
6533,晶心科          ,76000,33000,43000,0,0,0,0,0,0,0,0,0,0,0,0,0,43000
060158,廣達永豐9A購01  ,0,0,0,0,0,0,0,0,0,42000,0,0,0,43000,1000,42000,42000
058691,友訊國票9A購01  ,0,0,0,0,0,0,0,0,0,42000,0,0,0,83000,41000,42000,42000
058570,臻鼎凱基9A購01  ,0,0,0,0,0,0,0,0,0,42000,0,0,0,74000,32000,42000,42000
057625,泰鼎國泰9A購01  ,0,0,0,0,0,0,0,0,0,42000,0,0,0,42000,0,42000,42000
058295,欣興凱基99購02  ,0,0,0,0,0,0,0,0,0,42000,0,0,0,202000,160000,42000,42000
052712,旺宏凱基96購02  ,0,0,0,0,0,0,0,0,0,42000,0,0,0,59000,17000,42000,42000
059940,微星永豐99購01  ,0,0,0,0,0,0,0,0,0,42000,0,0,0,68000,26000,42000,42000
054996,聯陽元富97購01  ,0,0,0,0,0,0,0,0,0,42000,0,0,0,42000,0,42000,42000
3023,信邦            ,64000,54000,10000,0,0,0,10000,0,10000,22000,53000,28000,25000,0,3000,-3000,42000
06889P,臺股指元大98售13,0,0,0,0,0,0,0,0,0,42000,0,0,0,42000,0,42000,42000
06957P,FBVIX凱基01售01 ,0,0,0,0,0,0,0,0,0,42000,0,0,0,42000,0,42000,42000
06936P,瑞儀元大98售01  ,0,0,0,0,0,0,0,0,0,42000,0,0,0,80000,38000,42000,42000
07310P,大立光凱基99售12,0,0,0,0,0,0,0,0,0,42000,0,0,0,45000,3000,42000,42000
056071,創意元大97購02  ,0,0,0,0,0,0,0,0,0,41000,0,0,0,41000,0,41000,41000
060314,元翎永豐9A購01  ,0,0,0,0,0,0,0,0,0,41000,0,0,0,41000,0,41000,41000
060320,元金2X群益02購01,0,0,0,0,0,0,0,0,0,41000,0,0,0,41000,0,41000,41000
053653,京元電凱基96購02,0,0,0,0,0,0,0,0,0,41000,0,0,0,41000,0,41000,41000
00753L,中信中國50正2   ,0,0,0,0,0,0,0,0,0,41000,0,0,0,156000,115000,41000,41000
053956,旺宏永豐96購04  ,0,0,0,0,0,0,0,0,0,41000,0,0,0,49000,8000,41000,41000
05226P,智邦統一95售01  ,0,0,0,0,0,0,0,0,0,41000,0,0,0,47000,6000,41000,41000
06124P,超眾元大97售03  ,0,0,0,0,0,0,0,0,0,41000,0,0,0,41000,0,41000,41000
06212P,華新科元大97售11,0,0,0,0,0,0,0,0,0,41000,0,0,0,86000,45000,41000,41000
060260,京鼎凱基9C購01  ,0,0,0,0,0,0,0,0,0,40000,0,0,0,72000,32000,40000,40000
060465,聯發科元大9A購02,0,0,0,0,0,0,0,0,0,40000,0,0,0,56000,16000,40000,40000
056637,台光電日盛9A購01,0,0,0,0,0,0,0,0,0,40000,0,0,0,40000,0,40000,40000
058533,玉晶光元富99購01,0,0,0,0,0,0,0,0,0,40000,0,0,0,40000,0,40000,40000
057621,崇越凱基98購01  ,0,0,0,0,0,0,0,0,0,40000,0,0,0,40000,0,40000,40000
059432,聯發科元大99購26,0,0,0,0,0,0,0,0,0,40000,0,0,0,44000,4000,40000,40000
058646,聯茂富邦9A購01  ,0,0,0,0,0,0,0,0,0,40000,0,0,0,40000,0,40000,40000
057465,智易永豐98購02  ,0,0,0,0,0,0,0,0,0,40000,0,0,0,40000,0,40000,40000
059656,T50反1元大99購11,0,0,0,0,0,0,0,0,0,40000,0,0,0,295000,255000,40000,40000
056809,旺宏統一98購03  ,0,0,0,0,0,0,0,0,0,40000,0,0,0,40000,0,40000,40000
058124,玉晶光國票9A購01,0,0,0,0,0,0,0,0,0,40000,0,0,0,46000,6000,40000,40000
059203,勤誠永豐99購02  ,0,0,0,0,0,0,0,0,0,40000,0,0,0,45000,5000,40000,40000
057045,美律元大99購04  ,0,0,0,0,0,0,0,0,0,40000,0,0,0,68000,28000,40000,40000
058270,上緯控永豐99購01,0,0,0,0,0,0,0,0,0,40000,0,0,0,50000,10000,40000,40000
059386,上銀凱基99購07  ,0,0,0,0,0,0,0,0,0,40000,0,0,0,70000,30000,40000,40000
057572,明泰永豐98購01  ,0,0,0,0,0,0,0,0,0,40000,0,0,0,40000,0,40000,40000
058440,玉晶光統一99購02,0,10000,-10000,0,0,0,0,0,0,50000,0,0,0,409000,359000,50000,40000
05064P,台積電元大95售10,0,0,0,0,0,0,0,0,0,40000,0,0,0,40000,0,40000,40000
051305,訊連凱基96購01  ,0,0,0,0,0,0,0,0,0,40000,0,0,0,40000,0,40000,40000
051205,華新科麥證95購02,0,0,0,40000,0,40000,0,0,0,40000,0,0,0,40000,0,40000,40000
05094P,大立光元大95售07,0,0,0,0,0,0,0,0,0,40000,0,0,0,40000,0,40000,40000
055571,鴻海統一97購03  ,0,0,0,0,0,0,0,0,0,40000,0,0,0,40000,0,40000,40000
055615,宏達電國票99購02,0,0,0,0,0,0,0,0,0,40000,0,0,0,40000,0,40000,40000
051462,世芯國泰97購01  ,0,0,0,0,0,0,0,0,0,40000,0,0,0,40000,0,40000,40000
051471,國巨凱基97購01  ,0,0,0,0,0,0,0,0,0,40000,0,0,0,40000,0,40000,40000
048187,臺指反元大96購04,0,0,0,0,0,0,0,0,0,40000,0,0,0,40000,0,40000,40000
04821P,臺股指永豐94售01,0,0,0,0,0,0,0,0,0,40000,0,0,0,40000,0,40000,40000
048664,華新科統一94購01,0,0,0,0,0,0,0,0,0,40000,0,0,0,40000,0,40000,40000
047298,聯茂元富96購01  ,0,0,0,0,0,0,0,0,0,40000,0,0,0,40000,0,40000,40000
051826,智邦元大95購03  ,0,0,0,0,0,0,0,0,0,40000,0,0,0,40000,0,40000,40000
04126P,滬深2X國票95售02,0,0,0,0,0,0,0,0,0,40000,0,0,0,120000,80000,40000,40000
04189P,台積電兆豐94售02,0,0,0,0,0,0,0,0,0,40000,0,0,0,40000,0,40000,40000
052159,瑞昱永豐95購01  ,0,0,0,0,0,0,0,0,0,40000,0,0,0,40000,0,40000,40000
051889,智邦元富95購02  ,0,0,0,0,0,0,0,0,0,40000,0,0,0,40000,0,40000,40000
053625,國巨兆豐96購03  ,0,0,0,0,0,0,0,0,0,40000,0,0,0,50000,10000,40000,40000
054164,強茂凱基98購01  ,0,0,0,0,0,0,0,0,0,40000,0,0,0,40000,0,40000,40000
053112,中磊兆豐97購01  ,0,0,0,0,0,0,0,0,0,40000,0,0,0,60000,20000,40000,40000
05321P,鴻海凱基95售17  ,0,0,0,0,0,0,0,0,0,40000,0,0,0,40000,0,40000,40000
052739,國巨元大96購04  ,0,0,0,0,0,0,0,0,0,40000,0,0,0,40000,0,40000,40000
054608,致茂永豐97購01  ,0,0,0,0,0,0,0,0,0,40000,0,0,0,40000,0,40000,40000
055351,聯發科凱基97購03,0,0,0,0,0,0,0,0,0,40000,0,0,0,40000,0,40000,40000
055418,華通永豐97購01  ,0,0,0,0,0,0,0,0,0,40000,0,0,0,40000,0,40000,40000
060512,祥碩元大9A購02  ,0,0,0,0,0,0,0,0,0,40000,0,0,0,88000,48000,40000,40000
06159P,牧德元富97售02  ,0,0,0,0,0,0,0,0,0,40000,0,0,0,50000,10000,40000,40000
07010P,T50正2凱基9C售01,0,0,0,0,0,0,0,0,0,40000,0,0,0,43000,3000,40000,40000
1733,五鼎            ,49000,11000,38000,0,0,0,0,0,0,2000,2000,0,2000,0,0,0,40000
2939,凱羿-KY         ,65000,25000,40000,0,0,0,0,0,0,0,0,0,0,0,0,0,40000
3050,鈺德            ,44000,4000,40000,0,0,0,0,0,0,0,0,0,0,0,0,0,40000
058874,聯鈞國票9A購01  ,0,0,0,0,0,0,0,0,0,39000,0,0,0,39000,0,39000,39000
059290,全新元富99購01  ,0,0,0,0,0,0,0,0,0,39000,0,0,0,49000,10000,39000,39000
059198,華新科永豐99購06,0,0,0,0,0,0,0,0,0,39000,0,0,0,81000,42000,39000,39000
059331,台灣50國票9A購06,0,0,0,0,0,0,0,0,0,39000,0,0,0,39000,0,39000,39000
057452,新日興元富98購01,0,0,0,0,0,0,0,0,0,39000,0,0,0,70000,31000,39000,39000
059514,嘉澤永豐99購02  ,0,0,0,0,0,0,0,0,0,39000,0,0,0,109000,70000,39000,39000
059953,聯發科康和99購01,0,0,0,0,0,0,0,0,0,39000,0,0,0,44000,5000,39000,39000
00683L,元大美元指數正2 ,0,0,0,0,0,0,0,0,0,39000,0,0,0,50000,11000,39000,39000
053984,康友元大96購05  ,0,0,0,0,0,0,0,0,0,39000,0,0,0,39000,0,39000,39000
050545,奇力新凱基95購01,0,0,0,0,0,0,0,0,0,39000,0,0,0,95000,56000,39000,39000
9955,佳龍            ,114000,75000,39000,0,0,0,0,0,0,0,0,0,0,0,0,0,39000
2484,希華            ,68000,30000,38000,0,0,0,0,0,0,1000,1000,0,1000,0,0,0,39000
056214,義隆國票99購01  ,0,0,0,0,0,0,0,0,0,38000,0,0,0,38000,0,38000,38000
060380,T50反1凱基9A購08,0,0,0,0,0,0,0,0,0,38000,0,0,0,90000,52000,38000,38000
059407,台灣50國票9B購01,0,0,0,0,0,0,0,0,0,38000,0,0,0,38000,0,38000,38000
059408,台灣50國票9B購02,0,0,0,0,0,0,0,0,0,38000,0,0,0,38000,0,38000,38000
058008,禾伸堂國票99購02,0,0,0,0,0,0,0,0,0,38000,0,0,0,38000,0,38000,38000
050940,嘉澤國票95購01  ,0,0,0,0,0,0,0,0,0,38000,0,0,0,38000,0,38000,38000
051324,康友國票96購01  ,0,0,0,0,0,0,0,0,0,38000,0,0,0,38000,0,38000,38000
055755,禾伸堂兆豐97購02,0,0,0,0,0,0,0,0,0,38000,0,0,0,38000,0,38000,38000
055802,新日興永豐97購01,0,0,0,0,0,0,0,0,0,38000,0,0,0,38000,0,38000,38000
00651R,FH香港反1       ,39000,38000,1000,0,0,0,0,0,0,37000,0,0,0,41000,4000,37000,38000
059939,技嘉永豐99購01  ,0,0,0,0,0,0,0,0,0,38000,0,0,0,48000,10000,38000,38000
054772,康控國票98購02  ,0,0,0,0,0,0,0,0,0,38000,0,0,0,38000,0,38000,38000
054760,台化國票9A購01  ,0,0,0,0,0,0,0,0,0,38000,0,0,0,38000,0,38000,38000
055290,玉晶光元大98購08,0,0,0,0,0,0,0,0,0,38000,0,0,0,38000,0,38000,38000
05443P,宏達電元大95售05,0,0,0,0,0,0,0,0,0,38000,0,0,0,38000,0,38000,38000
052502,瀚宇博永豐95購02,0,0,0,0,0,0,0,0,0,38000,0,0,0,82000,44000,38000,38000
2537,聯上發          ,171000,140000,31000,0,0,0,0,0,0,7000,7000,0,7000,0,0,0,38000
06705P,臻鼎元富98售03  ,0,0,0,0,0,0,0,0,0,38000,0,0,0,38000,0,38000,38000
06864P,健策凱基98售01  ,0,0,0,0,0,0,0,0,0,38000,0,0,0,43000,5000,38000,38000
4935,茂林-KY         ,551000,488000,63000,0,0,0,175000,105000,70000,-95000,131000,255000,-124000,40000,11000,29000,38000
059252,聯詠凱基99購03  ,0,0,0,0,0,0,0,0,0,37000,0,0,0,87000,50000,37000,37000
059748,聯發科台新99購03,0,0,0,0,0,0,0,0,0,37000,0,0,0,53000,16000,37000,37000
059944,欣興永豐99購03  ,0,0,0,0,0,0,0,0,0,37000,0,0,0,67000,30000,37000,37000
055512,聯詠兆豐97購01  ,0,0,0,0,0,0,0,0,0,37000,0,0,0,507000,470000,37000,37000
2832,台產            ,39000,2000,37000,0,0,0,0,0,0,0,1000,1000,0,0,0,0,37000
059219,旺宏元大99購12  ,0,0,0,0,0,0,0,0,0,36000,0,0,0,132000,96000,36000,36000
058227,台灣50元大9C購01,0,0,0,0,0,0,0,0,0,36000,0,0,0,36000,0,36000,36000
056288,健鼎永豐97購01  ,0,0,0,0,0,0,0,0,0,36000,0,0,0,36000,0,36000,36000
060392,華擎群益9C購02  ,0,0,0,0,0,0,0,0,0,36000,0,0,0,136000,100000,36000,36000
058777,台光電國票9A購01,0,0,0,0,0,0,0,0,0,36000,0,0,0,36000,0,36000,36000
060477,和潤元大9A購01  ,0,0,0,0,0,0,0,0,0,36000,0,0,0,37000,1000,36000,36000
057478,智邦元大99購01  ,0,0,0,0,0,0,0,0,0,36000,0,0,0,36000,0,36000,36000
059565,國巨凱基99購16  ,0,0,0,0,0,0,0,0,0,36000,0,0,0,135000,99000,36000,36000
057647,欣興元大98購10  ,0,0,0,0,0,0,0,0,0,36000,0,0,0,36000,0,36000,36000
053827,漢唐麥證9A購01  ,0,0,0,36000,0,36000,0,0,0,36000,0,0,0,36000,0,36000,36000
051552,牧德永豐95購03  ,0,0,0,0,0,0,0,0,0,36000,0,0,0,36000,0,36000,36000
055395,泰鼎統一97購01  ,0,0,0,0,0,0,0,0,0,36000,0,0,0,36000,0,36000,36000
053486,T50反1兆豐96購01,0,0,0,0,0,0,0,0,0,36000,0,0,0,140000,104000,36000,36000
053309,泰鼎凱基96購03  ,0,0,0,0,0,0,0,0,0,36000,0,0,0,47000,11000,36000,36000
06886P,旺宏元大99售07  ,0,0,0,0,0,0,0,0,0,36000,0,0,0,36000,0,36000,36000
1721,三晃            ,46000,11000,35000,0,0,0,0,0,0,1000,1000,0,1000,0,0,0,36000
059077,FBVIX元大99購05 ,0,0,0,0,0,0,0,0,0,35000,0,0,0,35000,0,35000,35000
056192,智邦富邦98購01  ,0,0,0,0,0,0,0,0,0,35000,0,0,0,35000,0,35000,35000
058772,茂林兆豐9A購01  ,0,0,0,0,0,0,0,0,0,35000,0,0,0,35000,0,35000,35000
056634,為升兆豐99購01  ,0,0,0,0,0,0,0,0,0,35000,0,0,0,35000,0,35000,35000
056528,為升凱基98購01  ,0,0,0,0,0,0,0,0,0,35000,0,0,0,35000,0,35000,35000
059057,聯發科凱基99購10,0,0,0,0,0,0,0,0,0,35000,0,0,0,40000,5000,35000,35000
058500,元石油元大9C購01,35000,0,35000,0,0,0,0,0,0,0,0,0,0,0,0,0,35000
059371,聯鈞元富99購02  ,0,0,0,0,0,0,0,0,0,35000,0,0,0,35000,0,35000,35000
057689,南亞科凱基99購02,0,0,0,0,0,0,0,0,0,35000,0,0,0,156000,121000,35000,35000
056915,上銀兆豐99購01  ,0,0,0,0,0,0,0,0,0,35000,0,0,0,35000,0,35000,35000
058400,聯發科元大99購09,0,0,0,0,0,0,0,0,0,35000,0,0,0,37000,2000,35000,35000
054146,康友元大96購06  ,0,0,0,0,0,0,0,0,0,35000,0,0,0,35000,0,35000,35000
053648,台積電凱基97購04,0,0,0,0,0,0,0,0,0,35000,0,0,0,35000,0,35000,35000
059162,國巨凱基99購12  ,0,0,0,0,0,0,0,0,0,35000,0,0,0,170000,135000,35000,35000
053808,大成鋼群益97購01,0,0,0,0,0,0,0,0,0,35000,0,0,0,35000,0,35000,35000
055754,和大兆豐97購01  ,0,0,0,0,0,0,0,0,0,35000,0,0,0,45000,10000,35000,35000
050922,南亞科凱基95購02,0,0,0,0,0,0,0,0,0,35000,0,0,0,35000,0,35000,35000
00663L,國泰臺灣加權正2 ,0,0,0,0,0,0,0,0,0,35000,0,0,0,102000,67000,35000,35000
047854,滬深2X國票96購02,0,0,0,0,0,0,0,0,0,35000,0,0,0,35000,0,35000,35000
1710,東聯            ,796000,278000,518000,0,0,0,2000,0,2000,-485000,3000,488000,-485000,0,0,0,35000
2031,新光鋼          ,212000,22000,190000,0,0,0,0,150000,-150000,-5000,0,5000,-5000,0,0,0,35000
07196P,大立光元大99售13,0,0,0,0,0,0,0,0,0,35000,0,0,0,35000,0,35000,35000
2816,旺旺保          ,38000,7000,31000,0,0,0,0,0,0,4000,4000,0,4000,0,0,0,35000
059357,華通永豐99購01  ,0,0,0,0,0,0,0,0,0,34000,0,0,0,34000,0,34000,34000
058147,鈺齊元大99購01  ,0,0,0,0,0,0,0,0,0,34000,0,0,0,45000,11000,34000,34000
056618,京元電永豐98購01,0,0,0,0,0,0,0,0,0,34000,0,0,0,34000,0,34000,34000
056735,國巨凱基99購02  ,0,0,0,0,0,0,0,0,0,34000,0,0,0,204000,170000,34000,34000
058652,SGBR2X中信01購01,0,0,0,0,0,0,0,0,0,34000,0,0,0,34000,0,34000,34000
059515,牧德永豐99購01  ,0,0,0,0,0,0,0,0,0,34000,0,0,0,67000,33000,34000,34000
056054,亞德客元大97購05,0,0,0,0,0,0,0,0,0,34000,0,0,0,35000,1000,34000,34000
052451,旭富元大95購02  ,0,0,0,0,0,0,0,0,0,34000,0,0,0,34000,0,34000,34000
051505,台積電元富95購05,0,0,0,0,0,0,0,0,0,34000,0,0,0,34000,0,34000,34000
6243,迅杰            ,37000,3000,34000,0,0,0,0,0,0,0,0,0,0,0,0,0,34000
6271,同欣電          ,799000,527000,272000,0,0,0,0,219000,-219000,-19000,16000,40000,-24000,9000,4000,5000,34000
6141,柏承            ,119000,85000,34000,0,0,0,0,0,0,0,0,0,0,0,0,0,34000
6224,聚鼎            ,75000,40000,35000,0,0,0,0,0,0,-1000,0,1000,-1000,0,0,0,34000
06185P,台表科元大97售05,0,0,0,0,0,0,0,0,0,34000,0,0,0,79000,45000,34000,34000
07328P,FBVIX國泰9B售01 ,0,0,0,0,0,0,0,0,0,34000,0,0,0,42000,8000,34000,34000
06454P,緯穎元大98售04  ,0,0,0,0,0,0,0,0,0,34000,0,0,0,37000,3000,34000,34000
1783,和康生          ,56000,19000,37000,0,0,0,0,0,0,-3000,0,3000,-3000,0,0,0,34000
07363P,大立光元大99售26,0,0,0,0,0,0,0,0,0,34000,0,0,0,121000,87000,34000,34000
07354P,臺股指國票99售22,0,0,0,0,0,0,0,0,0,34000,0,0,0,44000,10000,34000,34000
1109,信大            ,68000,33000,35000,0,0,0,0,0,0,-1000,0,1000,-1000,0,0,0,34000
060429,南六永豐9A購01  ,0,0,0,0,0,0,0,0,0,33000,0,0,0,60000,27000,33000,33000
060248,日月光元大9A購01,0,0,0,0,0,0,0,0,0,33000,0,0,0,48000,15000,33000,33000
059346,新日興凱基99購03,0,0,0,0,0,0,0,0,0,33000,0,0,0,51000,18000,33000,33000
056308,TPK元大97購02   ,0,0,0,0,0,0,0,0,0,33000,0,0,0,33000,0,33000,33000
052279,旺宏凱基95購07  ,0,0,0,0,0,0,0,0,0,33000,0,0,0,33000,0,33000,33000
059828,健策凱基99購05  ,0,0,0,0,0,0,0,0,0,33000,0,0,0,93000,60000,33000,33000
053536,明泰永豐96購01  ,0,0,0,0,0,0,0,0,0,33000,0,0,0,33000,0,33000,33000
055785,祥碩凱基97購02  ,0,0,0,0,0,0,0,0,0,33000,0,0,0,59000,26000,33000,33000
2524,京城            ,56000,18000,38000,0,0,0,0,0,0,-5000,0,5000,-5000,0,0,0,33000
2527,宏璟            ,35000,2000,33000,0,0,0,0,0,0,0,0,0,0,0,0,0,33000
06434P,超眾群益98售02  ,0,0,0,0,0,0,0,0,0,33000,0,0,0,33000,0,33000,33000
07006P,旺宏統一9B售03  ,0,0,0,0,0,0,0,0,0,33000,0,0,0,33000,0,33000,33000
058980,鴻海凱基99購06  ,0,0,0,0,0,0,0,0,0,32000,0,0,0,45000,13000,32000,32000
058111,健鼎元富98購01  ,0,0,0,0,0,0,0,0,0,32000,0,0,0,32000,0,32000,32000
056882,華邦電康和98購01,0,0,0,0,0,0,0,0,0,32000,0,0,0,100000,68000,32000,32000
057423,台郡凱基98購06  ,0,0,0,0,0,0,0,0,0,32000,0,0,0,32000,0,32000,32000
059516,TPK永豐99購01   ,0,0,0,0,0,0,0,0,0,32000,0,0,0,56000,24000,32000,32000
057475,聯電元大9A購01  ,0,0,0,0,0,0,0,0,0,32000,0,0,0,327000,295000,32000,32000
054822,祥碩元大97購01  ,0,0,0,0,0,0,0,0,0,32000,0,0,0,32000,0,32000,32000
054074,健策富邦98購01  ,0,0,0,0,0,0,0,0,0,32000,0,0,0,32000,0,32000,32000
054656,深中小元大97購01,0,0,0,0,0,0,0,0,0,32000,0,0,0,32000,0,32000,32000
03603P,群創凱基98售04  ,0,0,0,0,0,0,0,0,0,32000,0,0,0,35000,3000,32000,32000
03647C,T50反1元富99牛02,0,0,0,0,0,0,0,0,0,32000,0,0,0,32000,0,32000,32000
07252P,台灣50凱基99售01,0,0,0,0,0,0,0,0,0,32000,0,0,0,35000,3000,32000,32000
06135P,志超元富97售01  ,0,0,0,0,0,0,0,0,0,32000,0,0,0,32000,0,32000,32000
4306,炎洲            ,69001,40000,29001,0,0,0,0,0,0,2000,2000,0,2000,0,0,0,31001
058611,欣興元大99購06  ,0,0,0,0,0,0,0,0,0,31000,0,0,0,31000,0,31000,31000
058683,可成凱基9A購01  ,0,0,0,0,0,0,0,0,0,31000,0,0,0,31000,0,31000,31000
060252,緯穎元大9A購02  ,0,0,0,0,0,0,0,0,0,31000,0,0,0,51000,20000,31000,31000
058164,FBVIX凱基03購02 ,0,0,0,0,0,0,0,0,0,31000,0,0,0,31000,0,31000,31000
059218,台積電元大99購31,0,0,0,0,0,0,0,0,0,31000,0,0,0,53000,22000,31000,31000
058932,FBVIX台新99購01 ,0,0,0,0,0,0,0,0,0,31000,0,0,0,41000,10000,31000,31000
058883,旭富永豐99購01  ,0,0,0,0,0,0,0,0,0,31000,0,0,0,110000,79000,31000,31000
057766,矽力凱基98購03  ,0,0,0,0,0,0,0,0,0,31000,0,0,0,56000,25000,31000,31000
057721,華擎元富98購02  ,0,0,0,0,0,0,0,0,0,31000,0,0,0,38000,7000,31000,31000
057826,祥碩元大98購08  ,0,0,0,0,0,0,0,0,0,31000,0,0,0,96000,65000,31000,31000
055858,聯茂元大97購03  ,0,0,0,0,0,0,0,0,0,31000,0,0,0,51000,20000,31000,31000
06962P,華新科永豐99售01,0,0,0,0,0,0,0,0,0,31000,0,0,0,392000,361000,31000,31000
2538,基泰            ,46000,15000,31000,0,0,0,0,0,0,0,0,0,0,0,0,0,31000
2459,敦吉            ,34000,3000,31000,0,0,0,0,0,0,0,1000,1000,0,0,0,0,31000
2228,劍麟            ,75000,44000,31000,0,0,0,0,0,0,0,0,0,0,0,0,0,31000
07427P,台積電國票9B售02,0,0,0,0,0,0,0,0,0,31000,0,0,0,31000,0,31000,31000
057896,嘉晶元富98購01  ,0,0,0,0,0,0,0,0,0,30000,0,0,0,40000,10000,30000,30000
057760,聯發科凱基98購18,0,0,0,0,0,0,0,0,0,30000,0,0,0,31000,1000,30000,30000
057747,致新永豐98購01  ,0,0,0,0,0,0,0,0,0,30000,0,0,0,30000,0,30000,30000
057995,華新科中信98購02,0,0,0,0,0,0,0,0,0,30000,0,0,0,50000,20000,30000,30000
056247,台郡群益97購01  ,0,0,0,0,0,0,0,0,0,30000,0,0,0,30000,0,30000,30000
056281,深中小永豐97購01,0,0,0,0,0,0,0,0,0,30000,0,0,0,185000,155000,30000,30000
056330,玉晶光國票99購03,0,0,0,0,0,0,0,0,0,30000,0,0,0,41000,11000,30000,30000
056337,聯發科凱基98購06,0,0,0,0,0,0,0,0,0,30000,0,0,0,30000,0,30000,30000
059389,國巨凱基99購14  ,0,0,0,0,0,0,0,0,0,30000,0,0,0,42000,12000,30000,30000
059361,玉晶光永豐99購04,0,0,0,0,0,0,0,0,0,30000,0,0,0,30000,0,30000,30000
057556,智易凱基99購01  ,0,0,0,0,0,0,0,0,0,30000,0,0,0,30000,0,30000,30000
057609,友訊元富98購01  ,0,0,0,0,0,0,0,0,0,30000,0,0,0,275000,245000,30000,30000
059647,超眾凱基99購04  ,0,0,0,0,0,0,0,0,0,30000,0,0,0,150000,120000,30000,30000
056994,緯穎兆豐98購02  ,0,0,0,0,0,0,0,0,0,30000,0,0,0,30000,0,30000,30000
058175,旺宏凱基99購03  ,0,0,0,0,0,0,0,0,0,30000,0,0,0,30000,0,30000,30000
058119,華新亞東99購01  ,0,0,0,0,0,0,0,0,0,30000,0,0,0,30000,0,30000,30000
05814P,臺股指國票96售07,0,0,0,0,0,0,0,0,0,30000,0,0,0,30000,0,30000,30000
056860,正崴群益98購01  ,0,0,0,0,0,0,0,0,0,30000,0,0,0,30000,0,30000,30000
056768,宏達電元大99購03,0,0,0,0,0,0,0,0,0,30000,0,0,0,30000,0,30000,30000
058315,TPK富邦9C購01   ,0,0,0,0,0,0,0,0,0,30000,0,0,0,30000,0,30000,30000
058339,康友元富99購02  ,0,0,0,0,0,0,0,0,0,30000,0,0,0,30000,0,30000,30000
058354,台積電凱基9A購06,0,0,0,0,0,0,0,0,0,30000,0,0,0,30000,0,30000,30000
059993,上銀元富99購01  ,0,0,0,0,0,0,0,0,0,30000,0,0,0,214000,184000,30000,30000
056536,義隆凱基98購04  ,0,0,0,0,0,0,0,0,0,30000,0,0,0,58000,28000,30000,30000
058662,禾伸堂兆豐99購01,0,0,0,0,0,0,0,0,0,30000,0,0,0,30000,0,30000,30000
059607,台積電富邦9C購04,0,0,0,0,0,0,0,0,0,30000,0,0,0,210000,180000,30000,30000
059635,華新科凱基9A購06,0,0,0,0,0,0,0,0,0,30000,0,0,0,42000,12000,30000,30000
056162,祥碩凱基97購03  ,0,0,0,0,0,0,0,0,0,30000,0,0,0,54000,24000,30000,30000
056169,鴻海元富97購08  ,0,0,0,0,0,0,0,0,0,30000,0,0,0,30000,0,30000,30000
056044,同欣電凱基97購03,0,0,0,0,0,0,0,0,0,30000,0,0,0,30000,0,30000,30000
059492,國巨國票9A購06  ,0,0,0,0,0,0,0,0,0,30000,0,0,0,30000,0,30000,30000
055882,嘉聯益元富97購01,0,0,0,0,0,0,0,0,0,30000,0,0,0,40000,10000,30000,30000
054917,聯發科凱基98購05,0,0,0,0,0,0,0,0,0,30000,0,0,0,40000,10000,30000,30000
054897,信錦康和97購01  ,0,0,0,0,0,0,0,0,0,30000,0,0,0,37000,7000,30000,30000
054826,復盛元大9A購01  ,0,0,0,0,0,0,0,0,0,30000,0,0,0,101000,71000,30000,30000
054804,南亞元大9A購01  ,0,0,0,0,0,0,0,0,0,30000,0,0,0,30000,0,30000,30000
053357,可成統一96購02  ,0,0,0,0,0,0,0,0,0,30000,0,0,0,30000,0,30000,30000
053183,大立光元富96購03,0,0,0,0,0,0,0,0,0,30000,0,0,0,50000,20000,30000,30000
053008,達方永豐96購01  ,0,0,0,0,0,0,0,0,0,30000,0,0,0,30000,0,30000,30000
053066,欣興群益96購02  ,0,0,0,0,0,0,0,0,0,30000,0,0,0,92000,62000,30000,30000
053022,欣興國泰98購01  ,0,0,0,0,0,0,0,0,0,30000,0,0,0,30000,0,30000,30000
055923,矽力凱基98購01  ,0,0,0,0,0,0,0,0,0,30000,0,0,0,30000,0,30000,30000
053505,瑞儀兆豐97購01  ,0,0,0,0,0,0,0,0,0,30000,0,0,0,43000,13000,30000,30000
054999,玉晶光元富97購03,0,0,0,0,0,0,0,0,0,30000,0,0,0,30000,0,30000,30000
054302,鴻海凱基96購18  ,0,0,0,0,0,0,0,0,0,30000,0,0,0,30000,0,30000,30000
054236,貿聯群益96購01  ,0,0,0,0,0,0,0,0,0,30000,0,0,0,30000,0,30000,30000
054985,光罩元富97購01  ,0,0,0,0,0,0,0,0,0,30000,0,0,0,30000,0,30000,30000
055090,國巨群益97購03  ,0,0,0,0,0,0,0,0,0,30000,0,0,0,80000,50000,30000,30000
054577,世芯元大98購01  ,0,0,0,0,0,0,0,0,0,30000,0,0,0,30000,0,30000,30000
052675,新光金國泰98購01,0,0,0,0,0,0,0,0,0,30000,0,0,0,30000,0,30000,30000
055322,欣興國票97購06  ,0,0,0,0,0,0,0,0,0,30000,0,0,0,30000,0,30000,30000
055437,禾伸堂中信99購01,0,0,0,0,0,0,0,0,0,30000,0,0,0,30000,0,30000,30000
055471,聯發科凱基97購04,0,0,0,0,0,0,0,0,0,30000,0,0,0,30000,0,30000,30000
054547,鴻海凱基98購02  ,0,0,0,0,0,0,0,0,0,30000,0,0,0,30000,0,30000,30000
059712,滬深2X元大9C購03,0,0,0,0,0,0,0,0,0,30000,0,0,0,90000,60000,30000,30000
040160,SP黃豆元富95購01,0,0,0,0,0,0,0,0,0,30000,0,0,0,30000,0,30000,30000
04365P,台積電元富95售02,0,0,0,0,0,0,0,0,0,30000,0,0,0,30000,0,30000,30000
045054,聯發科元富98購02,0,0,0,0,0,0,0,0,0,30000,0,0,0,30000,0,30000,30000
051923,聯發科日盛95購02,0,0,0,0,0,0,0,0,0,30000,0,0,0,30000,0,30000,30000
052066,華邦電兆豐96購01,0,0,0,0,0,0,0,0,0,30000,0,0,0,61000,31000,30000,30000
048983,牧德元大95購01  ,0,0,0,0,0,0,0,0,0,30000,0,0,0,50000,20000,30000,30000
047027,新光金元大95購01,0,0,0,0,0,0,0,0,0,30000,0,0,0,30000,0,30000,30000
048726,儒鴻麥證95購01  ,0,0,0,30000,0,30000,0,0,0,30000,0,0,0,30000,0,30000,30000
046944,奇力新元大96購01,0,0,0,0,0,0,0,0,0,30000,0,0,0,30000,0,30000,30000
052282,宏達電凱基95購05,0,0,0,0,0,0,0,0,0,30000,0,0,0,80000,50000,30000,30000
052243,致茂康和95購01  ,0,0,0,0,0,0,0,0,0,30000,0,0,0,30000,0,30000,30000
050216,奇力新永豐94購04,0,0,0,0,0,0,0,0,0,30000,0,0,0,30000,0,30000,30000
051365,瀚宇博國泰97購01,0,0,0,0,0,0,0,0,0,30000,0,0,0,30000,0,30000,30000
050553,緯穎凱基94購06  ,0,0,0,0,0,0,0,0,0,30000,0,0,0,30000,0,30000,30000
050491,旺宏國泰96購01  ,0,0,0,0,0,0,0,0,0,30000,0,0,0,30000,0,30000,30000
050792,可成富邦96購01  ,0,0,0,0,0,0,0,0,0,30000,0,0,0,30000,0,30000,30000
050720,上証2X國票94購02,0,0,0,0,0,0,0,0,0,30000,0,0,0,30000,0,30000,30000
050808,台達電凱基96購02,0,0,0,0,0,0,0,0,0,30000,0,0,0,40000,10000,30000,30000
05149P,緯穎國泰96售01  ,0,0,0,0,0,0,0,0,0,30000,0,0,0,30000,0,30000,30000
051449,玉晶光元大96購01,0,0,0,0,0,0,0,0,0,30000,0,0,0,30000,0,30000,30000
055510,GIS元大97購03   ,0,0,0,0,0,0,0,0,0,30000,0,0,0,30000,0,30000,30000
055735,宏達電元富98購01,0,0,0,0,0,0,0,0,0,30000,0,0,0,30000,0,30000,30000
053940,康友元富96購01  ,0,0,0,0,0,0,0,0,0,30000,0,0,0,30000,0,30000,30000
05394P,聯詠中信95售02  ,0,0,0,0,0,0,0,0,0,30000,0,0,0,30000,0,30000,30000
07460P,臺股指元大9B售03,0,0,0,0,0,0,0,0,0,30000,0,0,0,30000,0,30000,30000
06764P,聯發科元大98售11,0,0,0,0,0,0,0,0,0,30000,0,0,0,30000,0,30000,30000
06717P,可成元大98售09  ,0,0,0,0,0,0,0,0,0,30000,0,0,0,78000,48000,30000,30000
06980P,緯穎永豐99售02  ,0,0,0,0,0,0,0,0,0,30000,0,0,0,40000,10000,30000,30000
07251P,台灣50元富01售04,0,0,0,0,0,0,0,0,0,30000,0,0,0,30000,0,30000,30000
07337P,台灣50凱基99售09,0,0,0,0,0,0,0,0,0,30000,0,0,0,30000,0,30000,30000
06358P,力成中信97售02  ,0,0,0,0,0,0,0,0,0,30000,0,0,0,30000,0,30000,30000
060112,祥碩元大99購04  ,0,0,0,0,0,0,0,0,0,30000,0,0,0,188000,158000,30000,30000
3588,通嘉            ,53000,23000,30000,0,0,0,0,0,0,0,0,0,0,0,0,0,30000
057642,南亞科元大98購07,0,0,0,0,0,0,0,0,0,29000,0,0,0,29000,0,29000,29000
057494,玉晶光元大99購09,0,0,0,0,0,0,0,0,0,29000,0,0,0,92000,63000,29000,29000
059634,可成凱基99購07  ,0,0,0,0,0,0,0,0,0,29000,0,0,0,29000,0,29000,29000
060264,華新科國票9A購02,0,0,0,0,0,0,0,0,0,29000,0,0,0,29000,0,29000,29000
060037,鴻海國票99購10  ,0,0,0,0,0,0,0,0,0,29000,0,0,0,30000,1000,29000,29000
059337,台灣50凱基9C購05,0,0,0,0,0,0,0,0,0,29000,0,0,0,29000,0,29000,29000
059008,鈺齊元大99購03  ,0,0,0,0,0,0,0,0,0,29000,0,0,0,30000,1000,29000,29000
056271,嘉澤統一97購01  ,0,0,0,0,0,0,0,0,0,29000,0,0,0,29000,0,29000,29000
055562,欣興凱基97購06  ,0,0,0,0,0,0,0,0,0,29000,0,0,0,31000,2000,29000,29000
049759,元黃金富邦9A購01,0,0,0,0,0,0,0,0,0,29000,0,0,0,29000,0,29000,29000
03421B,臺股指元大99熊01,0,0,0,0,0,0,0,0,0,29000,0,0,0,71000,42000,29000,29000
00690,兆豐藍籌30      ,0,0,0,0,0,0,0,0,0,29000,0,0,0,191000,162000,29000,29000
00730,富邦臺灣優質高息,0,0,0,0,0,0,0,0,0,29000,0,0,0,215000,186000,29000,29000
05212P,台積電國票96售04,0,0,0,0,0,0,0,0,0,29000,0,0,0,608000,579000,29000,29000
054363,世芯凱基97購01  ,0,0,0,0,0,0,0,0,0,29000,0,0,0,39000,10000,29000,29000
054025,鴻海凱基96購17  ,0,0,0,0,0,0,0,0,0,29000,0,0,0,29000,0,29000,29000
2881B,富邦金乙特      ,0,0,0,0,0,0,0,0,0,29000,38000,9000,29000,0,0,0,29000
3047,訊舟            ,47000,18000,29000,0,0,0,0,0,0,0,0,0,0,0,0,0,29000
1806,冠軍            ,33000,5000,28000,0,0,0,0,0,0,1000,2000,1000,1000,0,0,0,29000
058473,上銀凱基9A購03  ,0,0,0,0,0,0,0,0,0,28000,0,0,0,38000,10000,28000,28000
057707,臺股指群益98購07,0,0,0,0,0,0,0,0,0,28000,0,0,0,28000,0,28000,28000
059286,S&P正2元富01購03,0,0,0,0,0,0,0,0,0,28000,0,0,0,46000,18000,28000,28000
058145,聯茂元大99購03  ,0,0,0,0,0,0,0,0,0,28000,0,0,0,50000,22000,28000,28000
056571,燿華元大98購02  ,0,0,0,0,0,0,0,0,0,28000,0,0,0,28000,0,28000,28000
057517,矽創元富98購02  ,0,0,0,0,0,0,0,0,0,28000,0,0,0,48000,20000,28000,28000
057448,致茂元富98購01  ,0,0,0,0,0,0,0,0,0,28000,0,0,0,53000,25000,28000,28000
056153,華新科凱基97購02,0,0,0,0,0,0,0,0,0,28000,0,0,0,49000,21000,28000,28000
056133,可成元大97購05  ,0,0,0,0,0,0,0,0,0,28000,0,0,0,28000,0,28000,28000
053405,台達電兆豐96購01,0,0,0,0,0,0,0,0,0,28000,0,0,0,43000,15000,28000,28000
053494,南亞科兆豐96購02,0,0,0,0,0,0,0,0,0,28000,0,0,0,32000,4000,28000,28000
055071,群電永豐97購01  ,0,0,0,0,0,0,0,0,0,28000,0,0,0,55000,27000,28000,28000
054696,嘉聯益永豐97購01,0,0,0,0,0,0,0,0,0,28000,0,0,0,30000,2000,28000,28000
046191,新光金凱基98購01,0,0,0,0,0,0,0,0,0,28000,0,0,0,28000,0,28000,28000
05399P,GIS國票95售03   ,0,0,0,0,0,0,0,0,0,28000,0,0,0,68000,40000,28000,28000
05551P,電子類元大96售01,0,0,0,0,0,0,0,0,0,28000,0,0,0,54000,26000,28000,28000
2020,美亞            ,29000,1000,28000,0,0,0,0,0,0,0,1000,1000,0,0,0,0,28000
2480,敦陽科          ,48000,53000,-5000,0,0,0,0,0,0,33000,35000,2000,33000,0,0,0,28000
2467,志聖            ,51000,23000,28000,0,0,0,0,0,0,0,1000,1000,0,0,0,0,28000
06749P,技嘉元富98售03  ,0,0,0,0,0,0,0,0,0,28000,0,0,0,28000,0,28000,28000
06655P,TPK元大98售02   ,0,0,0,0,0,0,0,0,0,28000,0,0,0,30000,2000,28000,28000
07401P,台積電凱基99售21,0,0,0,0,0,0,0,0,0,28000,0,0,0,28000,0,28000,28000
1215,卜蜂            ,184000,156000,28000,0,0,0,0,0,0,0,0,0,0,0,0,0,28000
059093,旭富元大99購01  ,0,1000,-1000,0,0,0,0,0,0,28000,0,0,0,31000,3000,28000,27000
05662P,景碩元富96售01  ,0,0,0,0,0,0,0,0,0,27000,0,0,0,27000,0,27000,27000
056582,易華電元大98購01,0,0,0,0,0,0,0,0,0,27000,0,0,0,33000,6000,27000,27000
058363,全新凱基9A購02  ,0,0,0,0,0,0,0,0,0,27000,0,0,0,27000,0,27000,27000
057178,可成元大98購03  ,0,0,0,0,0,0,0,0,0,27000,0,0,0,35000,8000,27000,27000
055525,國巨群益98購05  ,0,0,0,0,0,0,0,0,0,27000,0,0,0,100000,73000,27000,27000
051066,台積電國票96購02,0,0,0,0,0,0,0,0,0,27000,0,0,0,27000,0,27000,27000
03675C,臺股指元大04牛02,0,0,0,0,0,0,0,0,0,27000,0,0,0,27000,0,27000,27000
035275,台積電台新97購01,0,0,0,0,0,0,0,0,0,27000,0,0,0,48000,21000,27000,27000
054692,台航永豐97購01  ,0,0,0,0,0,0,0,0,0,27000,0,0,0,27000,0,27000,27000
053005,微星永豐96購01  ,0,0,0,0,0,0,0,0,0,27000,0,0,0,27000,0,27000,27000
052857,大成鋼凱基96購01,0,0,0,0,0,0,0,0,0,27000,0,0,0,47000,20000,27000,27000
055352,奇力新凱基97購01,0,0,0,0,0,0,0,0,0,27000,0,0,0,27000,0,27000,27000
059913,台積電元大99購44,0,0,0,0,0,0,0,0,0,27000,0,0,0,82000,55000,27000,27000
2340,光磊            ,164000,136000,28000,0,0,0,0,0,0,-1000,3000,4000,-1000,0,0,0,27000
1760,寶齡富錦        ,433000,407000,26000,0,0,0,0,0,0,1000,1000,0,1000,0,0,0,27000
06395P,台積電元大97售29,0,0,0,0,0,0,0,0,0,27000,0,0,0,27000,0,27000,27000
07127P,精元元大99售01  ,0,0,0,0,0,0,0,0,0,27000,0,0,0,35000,8000,27000,27000
6525,捷敏-KY         ,31000,4000,27000,0,0,0,0,0,0,0,0,0,0,0,0,0,27000
057136,立積凱基98購02  ,0,0,0,0,0,0,0,0,0,26000,0,0,0,27000,1000,26000,26000
058375,群創凱基9B購04  ,0,0,0,0,0,0,0,0,0,26000,0,0,0,26000,0,26000,26000
058027,鴻海富邦98購04  ,0,0,0,0,0,0,0,0,0,26000,0,0,0,44000,18000,26000,26000
059000,台積電元大99購25,0,0,0,0,0,0,0,0,0,26000,0,0,0,26000,0,26000,26000
056723,國巨中信9A購01  ,0,0,0,0,0,0,0,0,0,26000,0,0,0,26000,0,26000,26000
060428,瑞祺永豐9A購01  ,0,0,0,0,0,0,0,0,0,26000,0,0,0,62000,36000,26000,26000
060188,華新科元富9A購03,0,0,0,0,0,0,0,0,0,26000,0,0,0,26000,0,26000,26000
058519,嘉澤元大99購01  ,0,0,0,0,0,0,0,0,0,26000,0,0,0,39000,13000,26000,26000
056124,華通國票98購02  ,0,0,0,0,0,0,0,0,0,26000,0,0,0,46000,20000,26000,26000
054223,大立光統一98購04,0,0,0,0,0,0,0,0,0,26000,0,0,0,26000,0,26000,26000
055912,宏達電凱基98購03,0,0,0,0,0,0,0,0,0,26000,0,0,0,91000,65000,26000,26000
049251,國巨元大95購02  ,0,0,0,0,0,0,0,0,0,26000,0,0,0,98000,72000,26000,26000
06242P,大立光元富9A售02,0,0,0,0,0,0,0,0,0,26000,0,0,0,47000,21000,26000,26000
1442,名軒            ,32000,6000,26000,0,0,0,0,0,0,0,0,0,0,0,0,0,26000
059577,旺宏元富99購04  ,0,0,0,0,0,0,0,0,0,25000,0,0,0,25000,0,25000,25000
057498,台郡元大98購04  ,0,0,0,0,0,0,0,0,0,25000,0,0,0,25000,0,25000,25000
058625,旺宏國票9A購01  ,0,0,0,0,0,0,0,0,0,25000,0,0,0,25000,0,25000,25000
059589,國巨元大9A購02  ,0,0,0,0,0,0,0,0,0,25000,0,0,0,26000,1000,25000,25000
059995,南亞科元富99購01,0,0,0,0,0,0,0,0,0,25000,0,0,0,309000,284000,25000,25000
056615,燿華永豐98購02  ,0,0,0,0,0,0,0,0,0,25000,0,0,0,32000,7000,25000,25000
056539,新光金凱基9A購01,0,0,0,0,0,0,0,0,0,25000,0,0,0,25000,0,25000,25000
060415,葡萄王永豐9A購01,0,0,0,0,0,0,0,0,0,25000,0,0,0,25000,0,25000,25000
056403,茂林群益98購01  ,0,0,0,0,0,0,0,0,0,25000,0,0,0,25000,0,25000,25000
059394,臺股指凱基99購40,0,0,0,0,0,0,0,0,0,25000,0,0,0,40000,15000,25000,25000
057941,聯電國票99購01  ,0,0,0,0,0,0,0,0,0,25000,0,0,0,63000,38000,25000,25000
057976,旺宏永豐98購03  ,0,0,0,0,0,0,0,0,0,25000,0,0,0,25000,0,25000,25000
057915,台泥凱基98購01  ,0,0,0,0,0,0,0,0,0,25000,0,0,0,40000,15000,25000,25000
057240,茂林凱基9A購01  ,0,0,0,0,0,0,0,0,0,25000,0,0,0,25000,0,25000,25000
058264,瑞昱永豐99購01  ,0,0,0,0,0,0,0,0,0,25000,0,0,0,25000,0,25000,25000
051293,鴻海元富95購05  ,0,0,0,0,0,0,0,0,0,25000,0,0,0,25000,0,25000,25000
050197,矽格元大94購04  ,0,0,0,0,0,0,0,0,0,25000,0,0,0,25000,0,25000,25000
052475,滬深2X群益99購06,0,0,0,0,0,0,0,0,0,25000,0,0,0,25000,0,25000,25000
053687,智邦元大96購02  ,0,0,0,0,0,0,0,0,0,25000,0,0,0,25000,0,25000,25000
053092,台表科元大97購02,0,0,0,0,0,0,0,0,0,25000,0,0,0,54000,29000,25000,25000
053163,上証2X群益9A購02,0,0,0,0,0,0,0,0,0,25000,0,0,0,25000,0,25000,25000
053487,台泥兆豐97購01  ,0,0,0,0,0,0,0,0,0,25000,0,0,0,25000,0,25000,25000
053305,聯詠凱基96購02  ,0,0,0,0,0,0,0,0,0,25000,0,0,0,75000,50000,25000,25000
055168,光罩統一98購01  ,0,0,0,0,0,0,0,0,0,25000,0,0,0,25000,0,25000,25000
059763,華擎永豐99購03  ,0,0,0,0,0,0,0,0,0,25000,0,0,0,141000,116000,25000,25000
059817,華通凱基99購05  ,0,0,0,0,0,0,0,0,0,25000,0,0,0,25000,0,25000,25000
059867,華邦電凱基99購02,0,0,0,0,0,0,0,0,0,25000,0,0,0,155000,130000,25000,25000
055344,國巨凱基97購04  ,0,0,0,0,0,0,0,0,0,25000,0,0,0,43000,18000,25000,25000
055272,國巨元大98購04  ,0,0,0,0,0,0,0,0,0,25000,0,0,0,25000,0,25000,25000
05273P,國巨群益95售02  ,0,0,0,0,0,0,0,0,0,25000,0,0,0,40000,15000,25000,25000
052747,京鼎元大97購01  ,0,0,0,0,0,0,0,0,0,25000,0,0,0,25000,0,25000,25000
06650P,聯發科元大98售09,0,0,0,0,0,0,0,0,0,25000,0,0,0,25000,0,25000,25000
1723,中碳            ,80000,52000,28000,0,0,0,0,0,0,-3000,1000,4000,-3000,0,0,0,25000
2486,一詮            ,34000,8000,26000,0,0,0,0,0,0,-1000,1000,2000,-1000,0,0,0,25000
06505P,康控國票99售02  ,0,0,0,0,0,0,0,0,0,25000,0,0,0,30000,5000,25000,25000
07344P,鴻海富邦9A售03  ,0,0,0,0,0,0,0,0,0,25000,0,0,0,40000,15000,25000,25000
06055P,華通凱基97售04  ,0,0,0,0,0,0,0,0,0,25000,0,0,0,25000,0,25000,25000
07180P,臺股指凱基99售22,0,0,0,0,0,0,0,0,0,25000,0,0,0,25000,0,25000,25000
6605,帝寶            ,31000,6000,25000,0,0,0,0,0,0,0,0,0,0,0,0,0,25000
6184,大豐電          ,25000,0,25000,0,0,0,0,0,0,0,0,0,0,0,0,0,25000
3622,洋華            ,39000,14000,25000,0,0,0,0,0,0,0,0,0,0,0,0,0,25000
4560,強信-KY         ,35000,10000,25000,0,0,0,0,0,0,0,0,0,0,0,0,0,25000
058246,帆宣元大99購01  ,0,0,0,0,0,0,0,0,0,24000,0,0,0,223000,199000,24000,24000
056883,美食康和98購01  ,0,0,0,0,0,0,0,0,0,24000,0,0,0,30000,6000,24000,24000
059332,台灣50國票9A購07,0,0,0,0,0,0,0,0,0,24000,0,0,0,46000,22000,24000,24000
059293,宏達電元富9B購01,0,0,0,0,0,0,0,0,0,24000,0,0,0,24000,0,24000,24000
058014,上銀凱基99購02  ,0,0,0,0,0,0,0,0,0,24000,0,0,0,34000,10000,24000,24000
057985,華通元富02購03  ,0,0,0,0,0,0,0,0,0,24000,0,0,0,24000,0,24000,24000
060362,建準元富9A購02  ,0,0,0,0,0,0,0,0,0,24000,0,0,0,81000,57000,24000,24000
056239,宏達電群益98購01,0,0,0,0,0,0,0,0,0,24000,0,0,0,133000,109000,24000,24000
058538,智邦台新99購02  ,0,0,0,0,0,0,0,0,0,24000,0,0,0,24000,0,24000,24000
052860,旺宏凱基96購03  ,0,0,0,0,0,0,0,0,0,24000,0,0,0,24000,0,24000,24000
053195,玉晶光元富96購02,0,0,0,0,0,0,0,0,0,24000,0,0,0,26000,2000,24000,24000
055920,智伸科凱基97購02,0,0,0,0,0,0,0,0,0,24000,0,0,0,74000,50000,24000,24000
3094,聯傑            ,37000,13000,24000,0,0,0,0,0,0,0,0,0,0,0,0,0,24000
6214,精誠            ,71000,44000,27000,0,0,0,0,0,0,-3000,1000,4000,-3000,0,0,0,24000
060109,茂林元大99購05  ,0,0,0,0,0,0,0,0,0,24000,0,0,0,31000,7000,24000,24000
07315P,台積電台新99售06,0,0,0,0,0,0,0,0,0,24000,0,0,0,24000,0,24000,24000
2419,仲琦            ,48000,23000,25000,0,0,0,0,0,0,-1000,0,1000,-1000,0,0,0,24000
059539,緯穎凱基99購03  ,0,0,0,0,0,0,0,0,0,23000,0,0,0,40000,17000,23000,23000
059994,國巨元富99購01  ,0,0,0,0,0,0,0,0,0,23000,0,0,0,43000,20000,23000,23000
060470,台勝科元大9A購03,0,0,0,0,0,0,0,0,0,23000,0,0,0,23000,0,23000,23000
056497,GIS國泰99購01   ,0,0,0,0,0,0,0,0,0,23000,0,0,0,23000,0,23000,23000
060195,旭富元富9A購02  ,0,0,0,0,0,0,0,0,0,23000,0,0,0,81000,58000,23000,23000
057813,京元電元大98購03,0,0,0,0,0,0,0,0,0,23000,0,0,0,23000,0,23000,23000
057735,台灣50富邦9C購02,0,0,0,0,0,0,0,0,0,23000,0,0,0,23000,0,23000,23000
056978,技嘉群益99購01  ,0,0,0,0,0,0,0,0,0,23000,0,0,0,25000,2000,23000,23000
059260,國巨中信99購05  ,0,0,0,0,0,0,0,0,0,23000,0,0,0,134000,111000,23000,23000
052808,矽力元大96購02  ,0,0,0,0,0,0,0,0,0,23000,0,0,0,23000,0,23000,23000
059955,美食康和99購01  ,0,0,0,0,0,0,0,0,0,23000,0,0,0,30000,7000,23000,23000
055647,義隆元富97購01  ,0,0,0,0,0,0,0,0,0,23000,0,0,0,99000,76000,23000,23000
051271,華新科群益95購04,0,0,0,0,0,0,0,0,0,23000,0,0,0,73000,50000,23000,23000
2405,浩鑫            ,77000,54000,23000,0,0,0,0,0,0,0,0,0,0,0,0,0,23000
07396P,聯發科群益9B售01,0,0,0,0,0,0,0,0,0,23000,0,0,0,34000,11000,23000,23000
07514P,台積電元大9A售14,0,0,0,0,0,0,0,0,0,23000,0,0,0,97000,74000,23000,23000
06371P,茂林國票98售04  ,0,0,0,0,0,0,0,0,0,23000,0,0,0,130000,107000,23000,23000
060058,牧德凱基9B購01  ,0,0,0,0,0,0,0,0,0,23000,0,0,0,94000,71000,23000,23000
07020P,玉晶光台新99售02,0,0,0,0,0,0,0,0,0,23000,0,0,0,313000,290000,23000,23000
3305,昇貿            ,33000,9000,24000,0,0,0,0,0,0,-1000,0,1000,-1000,0,0,0,23000
059674,玉山金元富99購02,0,0,0,0,0,0,0,0,0,22000,0,0,0,32000,10000,22000,22000
05805P,義隆永豐96售02  ,0,0,0,0,0,0,0,0,0,22000,0,0,0,22000,0,22000,22000
058848,台積電群益99購07,0,0,0,0,0,0,0,0,0,22000,0,0,0,22000,0,22000,22000
057599,技嘉群益9A購01  ,0,0,0,0,0,0,0,0,0,22000,0,0,0,25000,3000,22000,22000
051087,國巨元大97購01  ,0,0,0,0,0,0,0,0,0,22000,0,0,0,22000,0,22000,22000
055354,宏達電凱基98購01,0,0,0,0,0,0,0,0,0,22000,0,0,0,90000,68000,22000,22000
053173,矽格群益97購01  ,0,0,0,0,0,0,0,0,0,22000,0,0,0,22000,0,22000,22000
06857P,超眾永豐98售02  ,0,0,0,0,0,0,0,0,0,22000,0,0,0,22000,0,22000,22000
06867P,訊芯元大98售08  ,0,0,0,0,0,0,0,0,0,22000,0,0,0,22000,0,22000,22000
06933P,禾伸堂元大98售03,0,0,0,0,0,0,0,0,0,22000,0,0,0,32000,10000,22000,22000
07160P,台灣50中信03售04,0,0,0,0,0,0,0,0,0,22000,0,0,0,22000,0,22000,22000
06077P,GIS凱基97售02   ,0,0,0,0,0,0,0,0,0,22000,0,0,0,42000,20000,22000,22000
060551,大立光凱基9B購02,0,0,0,0,0,0,0,0,0,22000,0,0,0,31000,9000,22000,22000
059056,技嘉凱基99購02  ,0,0,0,0,0,0,0,0,0,21000,0,0,0,21000,0,21000,21000
059036,可成群益9B購03  ,0,0,0,0,0,0,0,0,0,21000,0,0,0,21000,0,21000,21000
058494,可成群益9B購01  ,0,0,0,0,0,0,0,0,0,21000,0,0,0,21000,0,21000,21000
058498,世紀鋼群益99購01,0,0,0,0,0,0,0,0,0,21000,0,0,0,100000,79000,21000,21000
058421,國泰金麥證01購01,0,0,0,133000,112000,21000,0,0,0,21000,0,0,0,133000,112000,21000,21000
058086,鴻海元大98購14  ,0,0,0,0,0,0,0,0,0,21000,0,0,0,21000,0,21000,21000
060367,緯穎元富9A購02  ,0,0,0,0,0,0,0,0,0,21000,0,0,0,21000,0,21000,21000
056580,泰鼎元大9A購01  ,0,0,0,0,0,0,0,0,0,21000,0,0,0,21000,0,21000,21000
057429,華新科兆豐98購03,0,0,0,0,0,0,0,0,0,21000,0,0,0,31000,10000,21000,21000
057626,技嘉富邦9A購01  ,0,0,0,0,0,0,0,0,0,21000,0,0,0,48000,27000,21000,21000
053379,南亞科元大96購01,0,0,0,0,0,0,0,0,0,21000,0,0,0,21000,0,21000,21000
052635,奇力新凱基98購01,0,0,0,0,0,0,0,0,0,21000,0,0,0,21000,0,21000,21000
054466,欣興凱基97購03  ,0,0,0,0,0,0,0,0,0,21000,0,0,0,23000,2000,21000,21000
050384,嘉澤國票94購02  ,0,0,0,0,0,0,0,0,0,21000,0,0,0,47000,26000,21000,21000
049700,瀚宇博元大97購01,0,0,0,0,0,0,0,0,0,21000,0,0,0,535000,514000,21000,21000
055726,台表科元大98購03,0,0,0,0,0,0,0,0,0,21000,0,0,0,21000,0,21000,21000
055501,創意元大97購01  ,0,0,0,0,0,0,0,0,0,21000,0,0,0,21000,0,21000,21000
0051,元大中型100     ,0,0,0,0,0,0,0,0,0,21000,0,0,0,26000,5000,21000,21000
06162P,大立光群益97售02,0,0,0,0,0,0,0,0,0,21000,0,0,0,21000,0,21000,21000
07198P,臺股指元大99售14,0,0,0,0,0,0,0,0,0,21000,0,0,0,21000,0,21000,21000
06904P,TPK凱基98售03   ,0,0,0,0,0,0,0,0,0,21000,0,0,0,21000,0,21000,21000
07428P,華新科國票9A售01,0,0,0,0,0,0,0,0,0,21000,0,0,0,28000,7000,21000,21000
07472P,和碩元大9A售03  ,0,0,0,0,0,0,0,0,0,21000,0,0,0,21000,0,21000,21000
2444,兆勁            ,50000,29000,21000,0,0,0,0,0,0,0,0,0,0,0,0,0,21000
1711,永光            ,45000,24000,21000,0,0,0,0,0,0,0,0,0,0,0,0,0,21000
1702,南僑            ,39000,15000,24000,0,0,0,0,0,0,-3000,1000,4000,-3000,0,0,0,21000
3712,永崴投控        ,59000,37000,22000,0,0,0,0,0,0,-1000,1000,2000,-1000,0,0,0,21000
4989,榮科            ,30000,9000,21000,0,0,0,0,0,0,0,1000,1000,0,0,0,0,21000
059508,聯發科永豐99購03,0,0,0,0,0,0,0,0,0,20000,0,0,0,20000,0,20000,20000
059490,國巨國票99購09  ,0,0,0,0,0,0,0,0,0,20000,0,0,0,20000,0,20000,20000
059491,國巨國票9A購05  ,0,0,0,0,0,0,0,0,0,20000,0,0,0,21000,1000,20000,20000
059486,A50正2兆豐9A購01,0,0,0,0,0,0,0,0,0,20000,0,0,0,20000,0,20000,20000
058551,義隆永豐99購03  ,0,0,0,0,0,0,0,0,0,20000,0,0,0,42000,22000,20000,20000
059537,大立光凱基99購09,0,0,0,0,0,0,0,0,0,20000,0,0,0,20000,0,20000,20000
056179,康友元富97購02  ,0,0,0,0,0,0,0,0,0,20000,0,0,0,20000,0,20000,20000
056596,光磊元富98購01  ,0,0,0,0,0,0,0,0,0,20000,0,0,0,20000,0,20000,20000
056551,台郡凱基98購04  ,0,0,0,0,0,0,0,0,0,20000,0,0,0,20000,0,20000,20000
056515,燿華兆豐99購01  ,0,0,0,0,0,0,0,0,0,20000,0,0,0,210000,190000,20000,20000
056485,同欣電元大98購01,0,0,0,0,0,0,0,0,0,20000,0,0,0,20000,0,20000,20000
056473,奇力新元大99購02,0,0,0,0,0,0,0,0,0,20000,0,0,0,581000,561000,20000,20000
056697,緯穎群益98購01  ,0,0,0,0,0,0,0,0,0,20000,0,0,0,20000,0,20000,20000
060384,葡萄王凱基9B購01,0,0,0,0,0,0,0,0,0,20000,0,0,0,20000,0,20000,20000
060193,群創元富9A購01  ,0,0,0,0,0,0,0,0,0,20000,0,0,0,20000,0,20000,20000
057091,華新科元富9A購01,0,0,0,0,0,0,0,0,0,20000,0,0,0,20000,0,20000,20000
056980,建準群益98購02  ,0,0,0,0,0,0,0,0,0,20000,0,0,0,20000,0,20000,20000
058166,鴻海凱基9A購01  ,0,0,0,0,0,0,0,0,0,20000,0,0,0,20000,0,20000,20000
058162,上銀日盛9B購01  ,0,0,0,0,0,0,0,0,0,20000,0,0,0,20000,0,20000,20000
059259,FBVIX中信03購06 ,0,0,0,0,0,0,0,0,0,20000,0,0,0,182000,162000,20000,20000
059248,華新科凱基99購04,0,0,0,0,0,0,0,0,0,20000,0,0,0,34000,14000,20000,20000
058231,技嘉元大99購02  ,0,0,0,0,0,0,0,0,0,20000,0,0,0,20000,0,20000,20000
058211,國巨群益9A購02  ,0,0,0,0,0,0,0,0,0,20000,0,0,0,20000,0,20000,20000
057171,台光電元大9B購01,0,0,0,0,0,0,0,0,0,20000,0,0,0,20000,0,20000,20000
05719P,可成元大96售03  ,0,0,0,0,0,0,0,0,0,20000,0,0,0,25000,5000,20000,20000
058435,旺宏統一9B購02  ,0,0,0,0,0,0,0,0,0,20000,0,0,0,20000,0,20000,20000
058452,義隆永豐99購02  ,0,0,0,0,0,0,0,0,0,20000,0,0,0,35000,15000,20000,20000
058011,台虹國票99購01  ,0,0,0,0,0,0,0,0,0,20000,0,0,0,25000,5000,20000,20000
057880,金融類元大99購02,0,0,0,0,0,0,0,0,0,20000,0,0,0,20000,0,20000,20000
056249,鴻海兆豐97購05  ,0,0,0,0,0,0,0,0,0,20000,0,0,0,20000,0,20000,20000
056326,TPK兆豐98購01   ,0,0,0,0,0,0,0,0,0,20000,0,0,0,20000,0,20000,20000
059384,上証2X凱基9B購01,0,0,0,0,0,0,0,0,0,20000,0,0,0,20000,0,20000,20000
047584,元金2X永豐95購01,0,0,0,0,0,0,0,0,0,20000,0,0,0,20000,0,20000,20000
046793,聯發科元富99購01,0,0,0,0,0,0,0,0,0,20000,0,0,0,20000,0,20000,20000
048675,台達電國泰94購02,0,0,0,0,0,0,0,0,0,20000,0,0,0,20000,0,20000,20000
048653,巨大元大96購02  ,0,0,0,0,0,0,0,0,0,20000,0,0,0,20000,0,20000,20000
048070,聯發科元富99購03,0,0,0,0,0,0,0,0,0,20000,0,0,0,20000,0,20000,20000
04839P,大立光元大94售17,0,0,0,0,0,0,0,0,0,20000,0,0,0,112000,92000,20000,20000
04846P,旺宏凱基94售07  ,0,0,0,0,0,0,0,0,0,20000,0,0,0,20000,0,20000,20000
049235,元油2X元富96購05,0,10000,-10000,0,0,0,0,0,0,30000,0,0,0,100000,70000,30000,20000
049583,台積電元大95購04,0,0,0,0,0,0,0,0,0,20000,0,0,0,20000,0,20000,20000
03677C,臺股指元大05牛02,0,0,0,0,0,0,0,0,0,20000,0,0,0,24000,4000,20000,20000
043735,元金2X元大94購01,0,0,0,0,0,0,0,0,0,20000,0,0,0,170000,150000,20000,20000
04397P,玉晶光群益95售03,0,0,0,0,0,0,0,0,0,20000,0,0,0,20000,0,20000,20000
044049,元金2X元大94購03,0,0,0,0,0,0,0,0,0,20000,0,0,0,20000,0,20000,20000
046298,聯發科富邦94購01,0,0,0,0,0,0,0,0,0,20000,0,0,0,20000,0,20000,20000
051769,矽力元大95購01  ,0,0,0,0,0,0,0,0,0,20000,0,0,0,20000,0,20000,20000
051693,華新科統一95購02,0,0,0,0,0,0,0,0,0,20000,0,0,0,20000,0,20000,20000
051621,欣興凱基95購02  ,0,0,0,0,0,0,0,0,0,20000,0,0,0,20000,0,20000,20000
051469,友達日盛9B購01  ,0,0,0,0,0,0,0,0,0,20000,0,0,0,20000,0,20000,20000
053819,大立光群益96購04,0,0,0,0,0,0,0,0,0,20000,0,0,0,20000,0,20000,20000
053714,南亞科凱基96購03,0,0,0,0,0,0,0,0,0,20000,0,0,0,20000,0,20000,20000
055748,GIS元富97購01   ,0,0,0,0,0,0,0,0,0,20000,0,0,0,20000,0,20000,20000
055683,晶技凱基99購01  ,0,0,0,0,0,0,0,0,0,20000,0,0,0,20000,0,20000,20000
055578,群創統一98購03  ,0,0,0,0,0,0,0,0,0,20000,0,0,0,20000,0,20000,20000
055661,亞德客中信98購01,0,0,0,0,0,0,0,0,0,20000,0,0,0,20000,0,20000,20000
053864,義隆元大96購01  ,0,0,0,0,0,0,0,0,0,20000,0,0,0,25000,5000,20000,20000
049686,T50反1元大94購02,0,0,0,0,0,0,0,0,0,20000,0,0,0,20000,0,20000,20000
052242,台達電台新96購01,0,0,0,0,0,0,0,0,0,20000,0,0,0,20000,0,20000,20000
052386,鴻海群益96購02  ,0,0,0,0,0,0,0,0,0,20000,0,0,0,20000,0,20000,20000
051063,台郡群益95購01  ,0,0,0,0,0,0,0,0,0,20000,0,0,0,20000,0,20000,20000
050809,鴻海凱基95購08  ,0,0,0,0,0,0,0,0,0,20000,0,0,0,21000,1000,20000,20000
050673,旺宏富邦96購02  ,0,0,0,0,0,0,0,0,0,20000,0,0,0,20000,0,20000,20000
050687,上銀日盛94購01  ,0,0,0,0,0,0,0,0,0,20000,0,0,0,20000,0,20000,20000
054480,和碩中信98購01  ,0,0,0,0,0,0,0,0,0,20000,0,0,0,20000,0,20000,20000
055420,欣興永豐98購01  ,0,0,0,0,0,0,0,0,0,20000,0,0,0,20000,0,20000,20000
052823,創意永豐96購02  ,0,0,0,0,0,0,0,0,0,20000,0,0,0,20000,0,20000,20000
052796,和碩兆豐96購01  ,0,0,0,0,0,0,0,0,0,20000,0,0,0,20000,0,20000,20000
054690,新興永豐97購01  ,0,0,0,0,0,0,0,0,0,20000,0,0,0,20000,0,20000,20000
052907,嘉澤國票97購01  ,0,0,0,0,0,0,0,0,0,20000,0,0,0,20000,0,20000,20000
052940,玉晶光兆豐97購01,0,0,0,0,0,0,0,0,0,20000,0,0,0,20000,0,20000,20000
059773,康控群益99購01  ,0,0,0,0,0,0,0,0,0,20000,0,0,0,20000,0,20000,20000
059717,國巨元大99購21  ,0,0,0,0,0,0,0,0,0,20000,0,0,0,53000,33000,20000,20000
05971P,世紀鋼永豐96售04,0,0,0,0,0,0,0,0,0,20000,0,0,0,20000,0,20000,20000
052588,玉晶光永豐98購01,0,0,0,0,0,0,0,0,0,20000,0,0,0,20000,0,20000,20000
054979,南港元富97購01  ,0,0,0,0,0,0,0,0,0,20000,0,0,0,20000,0,20000,20000
053553,聯詠凱基96購03  ,0,0,0,0,0,0,0,0,0,20000,0,0,0,20000,0,20000,20000
054208,台積電國票97購07,0,0,0,0,0,0,0,0,0,20000,0,0,0,20000,0,20000,20000
053437,啟碁日盛96購01  ,0,0,0,0,0,0,0,0,0,20000,0,0,0,20000,0,20000,20000
053292,美律中信98購01  ,0,0,0,0,0,0,0,0,0,20000,0,0,0,63000,43000,20000,20000
053342,全新國票99購01  ,0,0,0,0,0,0,0,0,0,20000,0,0,0,20000,0,20000,20000
053218,TPK凱基96購01   ,0,0,0,0,0,0,0,0,0,20000,0,0,0,20000,0,20000,20000
053193,超眾統一97購01  ,0,0,0,0,0,0,0,0,0,20000,0,0,0,20000,0,20000,20000
053149,京元電元大96購02,0,0,0,0,0,0,0,0,0,20000,0,0,0,20000,0,20000,20000
053024,國巨富邦97購02  ,0,0,0,0,0,0,0,0,0,20000,0,0,0,20000,0,20000,20000
053050,華通國票97購02  ,0,0,0,0,0,0,0,0,0,20000,0,0,0,20000,0,20000,20000
054845,智邦兆豐98購01  ,0,0,0,0,0,0,0,0,0,20000,0,0,0,20000,0,20000,20000
054831,緯穎國泰98購01  ,0,0,0,0,0,0,0,0,0,20000,0,0,0,20000,0,20000,20000
054900,金寶康和97購01  ,0,0,0,0,0,0,0,0,0,20000,0,0,0,20000,0,20000,20000
054085,華新科統一96購04,0,0,0,0,0,0,0,0,0,20000,0,0,0,20000,0,20000,20000
9927,泰銘            ,25000,5000,20000,0,0,0,0,0,0,0,0,0,0,0,0,0,20000
07446P,台灣50元大9A售06,0,0,0,0,0,0,0,0,0,20000,0,0,0,20000,0,20000,20000
07411P,國巨元大99售31  ,0,0,0,0,0,0,0,0,0,20000,0,0,0,23000,3000,20000,20000
07371P,滬深2X元大99售07,0,0,0,0,0,0,0,0,0,20000,0,0,0,25000,5000,20000,20000
07493P,台灣50元大9A售10,0,0,0,0,0,0,0,0,0,20000,0,0,0,20000,0,20000,20000
08637P,台灣50中信96售03,0,0,0,0,0,0,0,0,0,20000,0,0,0,20000,0,20000,20000
06959P,鴻海凱基9A售02  ,0,0,0,0,0,0,0,0,0,20000,0,0,0,20000,0,20000,20000
07197P,臺股指元大99售13,0,0,0,0,0,0,0,0,0,20000,0,0,0,20000,0,20000,20000
07147P,高鐵元大99售01  ,0,0,0,0,0,0,0,0,0,20000,0,0,0,142000,122000,20000,20000
060102,禾伸堂元大99購06,0,0,0,0,0,0,0,0,0,20000,0,0,0,21000,1000,20000,20000
06801P,技嘉群益99售02  ,0,0,0,0,0,0,0,0,0,20000,0,0,0,30000,10000,20000,20000
07314P,T50正2元大9C售03,0,0,0,0,0,0,0,0,0,20000,0,0,0,20000,0,20000,20000
06497P,大立光凱基98售11,0,0,0,0,0,0,0,0,0,20000,0,0,0,20000,0,20000,20000
057709,電子類群益98購01,0,0,0,0,0,0,0,0,0,19000,0,0,0,19000,0,19000,19000
059343,宏達電凱基99購04,0,0,0,0,0,0,0,0,0,19000,0,0,0,464000,445000,19000,19000
060287,燿華元大9A購01  ,0,0,0,0,0,0,0,0,0,19000,0,0,0,20000,1000,19000,19000
057631,康控永豐98購02  ,0,0,0,0,0,0,0,0,0,19000,0,0,0,29000,10000,19000,19000
053658,亞光凱基96購01  ,0,0,0,0,0,0,0,0,0,19000,0,0,0,46000,27000,19000,19000
053534,微星永豐96購02  ,0,0,0,0,0,0,0,0,0,19000,0,0,0,49000,30000,19000,19000
054343,世紀鋼元富96購02,0,0,0,0,0,0,0,0,0,19000,0,0,0,289000,270000,19000,19000
050014,國巨富邦98購01  ,0,0,0,0,0,0,0,0,0,19000,0,0,0,19000,0,19000,19000
051489,世芯凱基95購01  ,0,0,0,0,0,0,0,0,0,19000,0,0,0,29000,10000,19000,19000
047630,元油反元大96購02,0,0,0,0,0,0,0,0,0,19000,0,0,0,34000,15000,19000,19000
2017,官田鋼          ,19000,0,19000,0,0,0,0,0,0,0,2000,2000,0,0,0,0,19000
2426,鼎元            ,51000,30000,21000,0,0,0,0,0,0,-2000,1000,3000,-2000,0,0,0,19000
8463,潤泰材          ,37000,18000,19000,0,0,0,0,0,0,0,0,0,0,0,0,0,19000
4190,佐登-KY         ,65000,45000,20000,0,0,0,0,0,0,-1000,0,1000,-1000,0,0,0,19000
3032,偉訓            ,20000,1000,19000,0,0,0,0,0,0,0,0,0,0,0,0,0,19000
2616,山隆            ,19000,0,19000,0,0,0,0,0,0,0,0,0,0,0,0,0,19000
057325,可成群益9A購01  ,0,0,0,0,0,0,0,0,0,18000,0,0,0,18000,0,18000,18000
060028,國揚永豐99購01  ,0,0,0,0,0,0,0,0,0,18000,0,0,0,48000,30000,18000,18000
057060,緯穎元大98購05  ,0,0,0,0,0,0,0,0,0,18000,0,0,0,18000,0,18000,18000
057074,立積永豐98購01  ,0,0,0,0,0,0,0,0,0,18000,0,0,0,146000,128000,18000,18000
059040,訊芯群益99購03  ,0,0,0,0,0,0,0,0,0,18000,0,0,0,18000,0,18000,18000
00757,統一FANG+       ,0,0,0,0,0,0,0,0,0,18000,0,0,0,218000,200000,18000,18000
00770,國泰北美科技    ,18000,0,18000,0,0,0,0,0,0,0,0,0,0,0,0,0,18000
049352,泰鼎永豐95購01  ,0,0,0,0,0,0,0,0,0,18000,0,0,0,18000,0,18000,18000
051977,泰碩凱基95購01  ,0,0,0,0,0,0,0,0,0,18000,0,0,0,18000,0,18000,18000
051707,欣興群益95購02  ,0,0,0,0,0,0,0,0,0,18000,0,0,0,18000,0,18000,18000
050392,群創統一96購01  ,0,0,0,0,0,0,0,0,0,18000,0,0,0,48000,30000,18000,18000
054292,欣興元大96購06  ,0,0,0,0,0,0,0,0,0,18000,0,0,0,18000,0,18000,18000
05506P,茂林凱基96售03  ,0,0,0,0,0,0,0,0,0,18000,0,0,0,18000,0,18000,18000
053297,鎧勝中信98購01  ,0,0,0,0,0,0,0,0,0,18000,0,0,0,115000,97000,18000,18000
059762,禾伸堂永豐99購02,0,0,0,0,0,0,0,0,0,18000,0,0,0,33000,15000,18000,18000
059173,矽力凱基99購01  ,0,0,0,0,0,0,0,0,0,18000,0,0,0,96000,78000,18000,18000
052839,上海銀國泰97購01,0,0,0,0,0,0,0,0,0,18000,0,0,0,18000,0,18000,18000
3501,維熹            ,43000,25000,18000,0,0,0,0,0,0,0,0,0,0,0,0,0,18000
3673,TPK-KY          ,663000,696000,-33000,0,0,0,1000,0,1000,50000,61000,4000,57000,9000,16000,-7000,18000
06668P,祥碩凱基98售02  ,0,0,0,0,0,0,0,0,0,18000,0,0,0,18000,0,18000,18000
07326P,大立光元大99售23,0,0,0,0,0,0,0,0,0,18000,0,0,0,78000,60000,18000,18000
060083,和大元大99購02  ,0,0,0,0,0,0,0,0,0,18000,0,0,0,155000,137000,18000,18000
06988P,鴻海元富99售09  ,0,0,0,0,0,0,0,0,0,18000,0,0,0,20000,2000,18000,18000
059388,國巨凱基99購13  ,0,0,0,0,0,0,0,0,0,17000,0,0,0,72000,55000,17000,17000
057763,康控凱基99購02  ,0,0,0,0,0,0,0,0,0,17000,0,0,0,47000,30000,17000,17000
057953,聚陽元大98購01  ,0,0,0,0,0,0,0,0,0,17000,0,0,0,17000,0,17000,17000
058488,華擎國票9A購01  ,0,0,0,0,0,0,0,0,0,17000,0,0,0,17000,0,17000,17000
05697P,友達凱基96售01  ,0,0,0,0,0,0,0,0,0,17000,0,0,0,17000,0,17000,17000
057181,亞光元大98購02  ,0,0,0,0,0,0,0,0,0,17000,0,0,0,50000,33000,17000,17000
057427,華通兆豐99購01  ,0,0,0,0,0,0,0,0,0,17000,0,0,0,27000,10000,17000,17000
055968,祥碩元大97購04  ,0,0,0,0,0,0,0,0,0,17000,0,0,0,103000,86000,17000,17000
056163,嘉聯益凱基98購03,0,0,0,0,0,0,0,0,0,17000,0,0,0,20000,3000,17000,17000
058688,矽創凱基9A購01  ,0,0,0,0,0,0,0,0,0,17000,0,0,0,24000,7000,17000,17000
059604,臺股指元大9A購41,0,0,0,0,0,0,0,0,0,17000,0,0,0,17000,0,17000,17000
059893,台積電台新9A購02,0,0,0,0,0,0,0,0,0,17000,0,0,0,76000,59000,17000,17000
059723,美律元大9A購02  ,0,0,0,0,0,0,0,0,0,17000,0,0,0,104000,87000,17000,17000
059795,鴻海國票99購07  ,0,0,0,0,0,0,0,0,0,17000,0,0,0,87000,70000,17000,17000
054965,健策元大98購04  ,0,0,0,0,0,0,0,0,0,17000,0,0,0,17000,0,17000,17000
049842,道瓊反中信98購01,0,0,0,0,0,0,0,0,0,17000,0,0,0,17000,0,17000,17000
04400P,台積電兆豐95售02,0,0,0,0,0,0,0,0,0,17000,0,0,0,17000,0,17000,17000
048588,世紀鋼中信94購01,0,0,0,0,0,0,0,0,0,17000,0,0,0,17000,0,17000,17000
07015P,國巨元大99售13  ,0,0,0,0,0,0,0,0,0,17000,0,0,0,17000,0,17000,17000
07476P,鴻海群益9A售04  ,0,0,0,0,0,0,0,0,0,17000,0,0,0,17000,0,17000,17000
07488P,鴻海國票9A售02  ,0,0,0,0,0,0,0,0,0,17000,0,0,0,17000,0,17000,17000
1524,耿鼎            ,26000,8000,18000,0,0,0,0,0,0,-1000,0,1000,-1000,0,0,0,17000
2331,精英            ,63000,43000,20000,0,0,0,0,0,0,-3000,3000,6000,-3000,0,0,0,17000
2530,華建            ,19000,2000,17000,0,0,0,0,0,0,0,0,0,0,0,0,0,17000
1810,和成            ,20000,4000,16000,0,0,0,0,0,0,1000,1000,0,1000,0,0,0,17000
3530,晶相光          ,183000,156000,27000,0,0,0,0,0,0,-10000,0,1000,-1000,10000,19000,-9000,17000
3025,星通            ,39000,22000,17000,0,0,0,0,0,0,0,0,0,0,0,0,0,17000
6165,捷泰            ,24000,7000,17000,0,0,0,0,0,0,0,0,0,0,0,0,0,17000
06000P,GIS元大96售04   ,0,0,0,0,0,0,0,0,0,16000,0,0,0,56000,40000,16000,16000
060141,T50反1國票9B購02,0,0,0,0,0,0,0,0,0,16000,0,0,0,16000,0,16000,16000
060333,金寶康和9A購01  ,0,0,0,0,0,0,0,0,0,16000,0,0,0,17000,1000,16000,16000
060259,潤泰全凱基9C購01,0,0,0,0,0,0,0,0,0,16000,0,0,0,156000,140000,16000,16000
056544,貿聯凱基98購03  ,0,0,0,0,0,0,0,0,0,16000,0,0,0,16000,0,16000,16000
058884,世紀鋼永豐99購02,0,0,0,0,0,0,0,0,0,16000,0,0,0,16000,0,16000,16000
05238P,禾伸堂永豐95售01,0,0,0,0,0,0,0,0,0,16000,0,0,0,18000,2000,16000,16000
050818,華新科凱基95購02,0,0,0,0,0,0,0,0,0,16000,0,0,0,26000,10000,16000,16000
050867,聯鈞永豐95購01  ,0,0,0,0,0,0,0,0,0,16000,0,0,0,16000,0,16000,16000
051635,大立光國票96購04,0,0,0,0,0,0,0,0,0,16000,0,0,0,16000,0,16000,16000
055686,致伸凱基97購02  ,0,0,0,0,0,0,0,0,0,16000,0,0,0,166000,150000,16000,16000
055711,上銀元大97購04  ,0,0,0,0,0,0,0,0,0,16000,0,0,0,16000,0,16000,16000
055089,金寶群益98購01  ,0,0,0,0,0,0,0,0,0,16000,0,0,0,16000,0,16000,16000
053383,京元電元大97購01,0,0,0,0,0,0,0,0,0,16000,0,0,0,28000,12000,16000,16000
054203,滬深2X國票96購03,0,0,0,0,0,0,0,0,0,16000,0,0,0,16000,0,16000,16000
055841,南亞科元大97購04,0,0,0,0,0,0,0,0,0,16000,0,0,0,19000,3000,16000,16000
059151,臺股指國票99購14,0,0,0,0,0,0,0,0,0,16000,0,0,0,91000,75000,16000,16000
055457,聚陽永豐97購01  ,0,0,0,0,0,0,0,0,0,16000,0,0,0,16000,0,16000,16000
05270P,台表科元大95售05,0,0,0,0,0,0,0,0,0,16000,0,0,0,34000,18000,16000,16000
054582,致新元大97購01  ,0,0,0,0,0,0,0,0,0,16000,0,0,0,16000,0,16000,16000
6192,巨路            ,29000,13000,16000,0,0,0,0,0,0,0,0,0,0,0,0,0,16000
3034,聯詠            ,623000,702000,-79000,0,0,0,127000,0,127000,-32000,34000,63000,-29000,18000,21000,-3000,16000
3013,晟銘電          ,15000,5000,10000,0,0,0,0,0,0,6000,6000,0,6000,0,0,0,16000
3679,新至陞          ,23000,6000,17000,0,0,0,0,0,0,-1000,0,1000,-1000,0,0,0,16000
4739,康普            ,53000,36000,17000,0,0,0,0,0,0,-1000,0,1000,-1000,0,0,0,16000
1503,士電            ,27000,5000,22000,0,0,0,0,0,0,-6000,2000,8000,-6000,0,0,0,16000
07388P,臺股指群益9C售07,0,0,0,0,0,0,0,0,0,16000,0,0,0,19000,3000,16000,16000
060098,華新科元大99購24,0,0,0,0,0,0,0,0,0,16000,0,0,0,21000,5000,16000,16000
06549P,大立光元大98售11,0,0,0,0,0,0,0,0,0,16000,0,0,0,16000,0,16000,16000
058905,京鼎元大99購01  ,0,0,0,0,0,0,0,0,0,15000,0,0,0,15000,0,15000,15000
057964,緯穎元大99購03  ,0,0,0,0,0,0,0,0,0,15000,0,0,0,27000,12000,15000,15000
057670,欣興元大99購02  ,0,0,0,0,0,0,0,0,0,15000,0,0,0,15000,0,15000,15000
05817P,可成凱基96售07  ,0,0,0,0,0,0,0,0,0,15000,0,0,0,40000,25000,15000,15000
056928,旺宏台新98購01  ,0,0,0,0,0,0,0,0,0,15000,0,0,0,25000,10000,15000,15000
056919,英業達兆豐98購01,0,0,0,0,0,0,0,0,0,15000,0,0,0,35000,20000,15000,15000
057059,易華電元大99購01,0,0,0,0,0,0,0,0,0,15000,0,0,0,15000,0,15000,15000
058253,臺股指元大9A購17,0,0,0,0,0,0,0,0,0,15000,0,0,0,15000,0,15000,15000
058748,景碩凱基9A購01  ,0,0,0,0,0,0,0,0,0,15000,0,0,0,15000,0,15000,15000
060253,昇陽半元大9C購01,0,0,0,0,0,0,0,0,0,15000,0,0,0,15000,0,15000,15000
059624,鴻海凱基01購01  ,0,0,0,0,0,0,0,0,0,15000,0,0,0,15000,0,15000,15000
05963P,貿聯國票97售02  ,0,0,0,0,0,0,0,0,0,15000,0,0,0,15000,0,15000,15000
059453,奇力新永豐99購01,0,0,0,0,0,0,0,0,0,15000,0,0,0,36000,21000,15000,15000
057641,旺宏元大98購10  ,0,0,0,0,0,0,0,0,0,15000,0,0,0,15000,0,15000,15000
059070,道瓊指元大99購02,0,0,0,0,0,0,0,0,0,15000,0,0,0,16000,1000,15000,15000
058595,T50正2元富99購01,0,0,0,0,0,0,0,0,0,15000,0,0,0,15000,0,15000,15000
052697,滬深2X國票98購01,0,0,0,0,0,0,0,0,0,15000,0,0,0,15000,0,15000,15000
059177,臺股指凱基99購28,0,0,0,0,0,0,0,0,0,15000,0,0,0,15000,0,15000,15000
059830,台郡凱基99購05  ,0,0,0,0,0,0,0,0,0,15000,0,0,0,23000,8000,15000,15000
059839,T50反1富邦99購02,0,0,0,0,0,0,0,0,0,15000,0,0,0,15000,0,15000,15000
054082,楠梓電元富96購01,0,0,0,0,0,0,0,0,0,15000,0,0,0,15000,0,15000,15000
052625,南電亞東97購01  ,0,0,0,0,0,0,0,0,0,15000,0,0,0,65000,50000,15000,15000
05252P,華通凱基95售01  ,0,0,0,0,0,0,0,0,0,15000,0,0,0,15000,0,15000,15000
054291,高鐵元大97購01  ,0,0,0,0,0,0,0,0,0,15000,0,0,0,15000,0,15000,15000
053537,玉晶光永豐98購02,0,0,0,0,0,0,0,0,0,15000,0,0,0,15000,0,15000,15000
05400P,台積電永豐95售05,0,0,0,0,0,0,0,0,0,15000,0,0,0,15000,0,15000,15000
051684,瑞昱凱基95購02  ,0,0,0,0,0,0,0,0,0,15000,0,0,0,15000,0,15000,15000
053761,健策國泰98購01  ,0,0,0,0,0,0,0,0,0,15000,0,0,0,15000,0,15000,15000
053840,燿華統一96購02  ,0,0,0,0,0,0,0,0,0,15000,0,0,0,19000,4000,15000,15000
050467,力成中信94購01  ,0,0,0,0,0,0,0,0,0,15000,0,0,0,15000,0,15000,15000
03047X,元展44          ,0,0,0,0,0,0,0,0,0,15000,0,0,0,15000,0,15000,15000
048135,瀚宇博國票94購01,0,0,0,0,0,0,0,0,0,15000,0,0,0,15000,0,15000,15000
03439B,臺股指元大99熊29,0,0,0,0,0,0,0,0,0,15000,0,0,0,15000,0,15000,15000
048832,玉晶光凱基95購02,0,0,0,0,0,0,0,0,0,15000,0,0,0,155000,140000,15000,15000
048867,台積電兆豐95購01,0,0,0,0,0,0,0,0,0,15000,0,0,0,18000,3000,15000,15000
06902P,聯電凱基98售02  ,0,0,0,0,0,0,0,0,0,15000,0,0,0,15000,0,15000,15000
060095,聯發科元大99購42,0,0,0,0,0,0,0,0,0,15000,0,0,0,19000,4000,15000,15000
06742P,可成富邦99售02  ,0,0,0,0,0,0,0,0,0,15000,0,0,0,15000,0,15000,15000
2374,佳能            ,18000,3000,15000,0,0,0,0,0,0,0,1000,1000,0,0,0,0,15000
4766,南寶            ,35000,20000,15000,0,0,0,0,0,0,0,0,0,0,0,0,0,15000
2597,潤弘            ,14000,0,14000,0,0,0,0,0,0,1000,1000,0,1000,0,0,0,15000
2611,志信            ,18000,3000,15000,0,0,0,0,0,0,0,0,0,0,0,0,0,15000
9908,大台北          ,15000,3000,12000,0,0,0,0,0,0,3000,3000,0,3000,0,0,0,15000
057397,茂林中信9A購01  ,0,0,0,0,0,0,0,0,0,14000,0,0,0,50000,36000,14000,14000
057619,玉晶光凱基98購02,0,0,0,0,0,0,0,0,0,14000,0,0,0,44000,30000,14000,14000
059485,台灣50兆豐99購02,0,0,0,0,0,0,0,0,0,14000,0,0,0,114000,100000,14000,14000
058232,聯發科元大99購05,0,0,0,0,0,0,0,0,0,14000,0,0,0,18000,4000,14000,14000
059687,卜蜂永豐99購01  ,0,0,0,0,0,0,0,0,0,14000,0,0,0,19000,5000,14000,14000
057131,奇力新凱基98購05,0,0,0,0,0,0,0,0,0,14000,0,0,0,41000,27000,14000,14000
057969,緯穎國泰99購01  ,0,0,0,0,0,0,0,0,0,14000,0,0,0,72000,58000,14000,14000
058918,SGBR2X元富99購04,0,0,0,0,0,0,0,0,0,14000,0,0,0,260000,246000,14000,14000
051729,華新國票96購01  ,0,0,0,0,0,0,0,0,0,14000,0,0,0,14000,0,14000,14000
050801,元金2X群益98購01,0,0,0,0,0,0,0,0,0,14000,0,0,0,14000,0,14000,14000
052388,旺宏群益96購05  ,0,0,0,0,0,0,0,0,0,14000,0,0,0,14000,0,14000,14000
055910,瑞昱凱基98購01  ,0,0,0,0,0,0,0,0,0,14000,0,0,0,14000,0,14000,14000
053371,滬深2X元大99購01,0,0,0,0,0,0,0,0,0,14000,0,0,0,14000,0,14000,14000
9905,大華            ,14000,1000,13000,0,0,0,0,0,0,1000,1000,0,1000,0,0,0,14000
1321,大洋            ,47000,27000,20000,0,0,0,0,0,0,-6000,0,6000,-6000,0,0,0,14000
07163P,臺股指群益99售14,0,0,0,0,0,0,0,0,0,14000,0,0,0,25000,11000,14000,14000
06265P,美律凱基97售01  ,0,0,0,0,0,0,0,0,0,14000,0,0,0,15000,1000,14000,14000
060566,聯詠富邦9C購01  ,0,0,0,0,0,0,0,0,0,14000,0,0,0,99000,85000,14000,14000
058998,鴻海元大99購22  ,0,0,0,0,0,0,0,0,0,13000,0,0,0,13000,0,13000,13000
059391,立積凱基9A購01  ,0,0,0,0,0,0,0,0,0,13000,0,0,0,31000,18000,13000,13000
058501,S&P正2元大99購01,0,0,0,0,0,0,0,0,0,13000,0,0,0,13000,0,13000,13000
057277,可成元大98購05  ,0,0,0,0,0,0,0,0,0,13000,0,0,0,16000,3000,13000,13000
057882,華通群益9A購03  ,0,0,0,0,0,0,0,0,0,13000,0,0,0,13000,0,13000,13000
059648,台表科凱基99購03,0,0,0,0,0,0,0,0,0,13000,0,0,0,13000,0,13000,13000
058132,義隆元大99購03  ,0,0,0,0,0,0,0,0,0,13000,0,0,0,256000,243000,13000,13000
059489,上証2X國票9A購01,0,0,0,0,0,0,0,0,0,13000,0,0,0,13000,0,13000,13000
058524,超眾元大99購04  ,0,1000,-1000,0,0,0,0,0,0,14000,0,0,0,14000,0,14000,13000
057466,泰鼎永豐98購01  ,0,0,0,0,0,0,0,0,0,13000,0,0,0,13000,0,13000,13000
060142,臺指反國票9B購01,0,0,0,0,0,0,0,0,0,13000,0,0,0,13000,0,13000,13000
060374,儒鴻元富9A購01  ,0,0,0,0,0,0,0,0,0,13000,0,0,0,108000,95000,13000,13000
054915,興勤凱基97購01  ,0,0,0,0,0,0,0,0,0,13000,0,0,0,13000,0,13000,13000
055209,勤誠康和97購01  ,0,0,0,0,0,0,0,0,0,13000,0,0,0,13000,0,13000,13000
054383,傳奇群益97購01  ,0,0,0,0,0,0,0,0,0,13000,0,0,0,13000,0,13000,13000
059852,康控永豐99購02  ,0,0,0,0,0,0,0,0,0,13000,0,0,0,118000,105000,13000,13000
05994P,奇鋐元大96售02  ,0,0,0,0,0,0,0,0,0,13000,0,0,0,66000,53000,13000,13000
052682,上銀元大97購01  ,0,0,0,0,0,0,0,0,0,13000,0,0,0,13000,0,13000,13000
052858,華通凱基97購02  ,0,0,0,0,0,0,0,0,0,13000,0,0,0,18000,5000,13000,13000
055475,臻鼎凱基97購02  ,0,0,0,0,0,0,0,0,0,13000,0,0,0,15000,2000,13000,13000
054463,瑞昱凱基97購01  ,0,0,0,0,0,0,0,0,0,13000,0,0,0,13000,0,13000,13000
050892,聯電元大96購02  ,0,0,0,0,0,0,0,0,0,13000,0,0,0,19000,6000,13000,13000
050921,旺宏凱基95購02  ,0,0,0,0,0,0,0,0,0,13000,0,0,0,43000,30000,13000,13000
053710,華通凱基96購05  ,0,0,0,0,0,0,0,0,0,13000,0,0,0,16000,3000,13000,13000
055705,微星永豐97購01  ,0,0,0,0,0,0,0,0,0,13000,0,0,0,13000,0,13000,13000
053989,奇力新兆豐97購01,0,0,0,0,0,0,0,0,0,13000,0,0,0,13000,0,13000,13000
055568,緯穎凱基97購02  ,0,0,0,0,0,0,0,0,0,13000,0,0,0,20000,7000,13000,13000
06369P,台積電凱基97售16,0,0,0,0,0,0,0,0,0,13000,0,0,0,13000,0,13000,13000
06059P,泰碩元大97售02  ,0,0,0,0,0,0,0,0,0,13000,0,0,0,14000,1000,13000,13000
07238P,台灣50國票99售07,0,0,0,0,0,0,0,0,0,13000,0,0,0,16000,3000,13000,13000
1340,勝悅-KY         ,16000,4000,12000,0,0,0,0,0,0,1000,1000,0,1000,0,0,0,13000
1452,宏益            ,23000,10000,13000,0,0,0,0,0,0,0,0,0,0,0,0,0,13000
1225,福懋油          ,14000,1000,13000,0,0,0,0,0,0,0,0,0,0,0,0,0,13000
06751P,旺宏凱基98售10  ,0,0,0,0,0,0,0,0,0,13000,0,0,0,13000,0,13000,13000
06721P,臺股指中信9A售03,0,0,0,0,0,0,0,0,0,13000,0,0,0,13000,0,13000,13000
07404P,華新科凱基99售10,0,0,0,0,0,0,0,0,0,13000,0,0,0,50000,37000,13000,13000
2516,新建            ,14000,2000,12000,0,0,0,0,0,0,1000,1000,0,1000,0,0,0,13000
9940,信義            ,72000,21000,51000,0,0,0,0,0,0,-38000,2000,40000,-38000,0,0,0,13000
2838A,聯邦銀甲特      ,0,0,0,0,0,0,0,0,0,13000,15000,2000,13000,0,0,0,13000
4108,懷特            ,17000,4000,13000,0,0,0,0,0,0,0,0,0,0,0,0,0,13000
4545,銘鈺            ,15000,2000,13000,0,0,0,0,0,0,0,0,0,0,0,0,0,13000
3164,景岳            ,14000,1000,13000,0,0,0,0,0,0,0,0,0,0,0,0,0,13000
060382,儒鴻凱基9A購01  ,0,0,0,0,0,0,0,0,0,12000,0,0,0,35000,23000,12000,12000
059562,上銀凱基99購09  ,0,0,0,0,0,0,0,0,0,12000,0,0,0,91000,79000,12000,12000
059603,臺股指元大9A購40,0,0,0,0,0,0,0,0,0,12000,0,0,0,22000,10000,12000,12000
057639,國巨元大99購07  ,0,0,0,0,0,0,0,0,0,12000,0,0,0,238000,226000,12000,12000
056879,旺宏國票99購02  ,0,0,0,0,0,0,0,0,0,12000,0,0,0,17000,5000,12000,12000
058194,勤誠永豐99購01  ,0,0,0,0,0,0,0,0,0,12000,0,0,0,16000,4000,12000,12000
059312,元石油元大99購05,0,0,0,0,0,0,0,0,0,12000,0,0,0,22000,10000,12000,12000
057214,瑞昱群益98購01  ,0,0,0,0,0,0,0,0,0,12000,0,0,0,23000,11000,12000,12000
057908,國泰金亞東99購01,0,0,0,0,0,0,0,0,0,12000,0,0,0,12000,0,12000,12000
057296,智原永豐98購01  ,0,0,0,0,0,0,0,0,0,12000,0,0,0,13000,1000,12000,12000
059364,昇陽半永豐99購02,0,0,0,0,0,0,0,0,0,12000,0,0,0,27000,15000,12000,12000
058902,聯發科元大99購15,0,0,0,0,0,0,0,0,0,12000,0,0,0,29000,17000,12000,12000
059027,神達台新99購02  ,0,0,0,0,0,0,0,0,0,12000,0,0,0,12000,0,12000,12000
052274,大立光群益95購03,0,0,0,0,0,0,0,0,0,12000,0,0,0,17000,5000,12000,12000
03424B,臺股指元大96熊26,0,0,0,0,0,0,0,0,0,12000,0,0,0,12000,0,12000,12000
059866,國巨凱基99購18  ,0,0,0,0,0,0,0,0,0,12000,0,0,0,182000,170000,12000,12000
052542,友達元富98購01  ,0,0,0,0,0,0,0,0,0,12000,0,0,0,185000,173000,12000,12000
053499,禾伸堂兆豐96購01,0,0,0,0,0,0,0,0,0,12000,0,0,0,12000,0,12000,12000
3605,宏致            ,60000,46000,14000,0,0,0,0,0,0,-2000,0,2000,-2000,0,0,0,12000
5007,三星            ,17000,6000,11000,0,0,0,0,0,0,1000,1000,0,1000,0,0,0,12000
3011,今皓            ,12000,0,12000,0,0,0,0,0,0,0,0,0,0,0,0,0,12000
3018,同開            ,32000,20000,12000,0,0,0,0,0,0,0,1000,1000,0,0,0,0,12000
6552,易華電          ,121000,109000,12000,0,0,0,0,0,0,0,0,0,0,0,0,0,12000
2305,全友            ,13000,2000,11000,0,0,0,0,0,0,1000,1000,0,1000,0,0,0,12000
1315,達新            ,35000,23000,12000,0,0,0,0,0,0,0,0,0,0,0,0,0,12000
06782P,大立光元大99售07,0,0,0,0,0,0,0,0,0,12000,0,0,0,52000,40000,12000,12000
060111,臻鼎元大99購04  ,0,0,0,0,0,0,0,0,0,12000,0,0,0,12000,0,12000,12000
058819,華通國泰9B購01  ,0,0,0,0,0,0,0,0,0,11000,0,0,0,77000,66000,11000,11000
058380,臺股指凱基99購15,0,0,0,0,0,0,0,0,0,11000,0,0,0,11000,0,11000,11000
057117,開發金日盛9B購01,0,0,0,0,0,0,0,0,0,11000,0,0,0,11000,0,11000,11000
058223,世芯統一9B購01  ,0,0,0,0,0,0,0,0,0,11000,0,0,0,21000,10000,11000,11000
056895,技嘉元大98購01  ,0,0,0,0,0,0,0,0,0,11000,0,0,0,15000,4000,11000,11000
057535,泰鼎元大99購01  ,0,0,0,0,0,0,0,0,0,11000,0,0,0,11000,0,11000,11000
060328,可成群益9A購06  ,0,0,0,0,0,0,0,0,0,11000,0,0,0,11000,0,11000,11000
060267,上緯控國票9C購01,0,0,0,0,0,0,0,0,0,11000,0,0,0,11000,0,11000,11000
06018P,康控凱基96售03  ,0,0,0,0,0,0,0,0,0,11000,0,0,0,11000,0,11000,11000
053439,台積電凱基96購11,0,0,0,0,0,0,0,0,0,11000,0,0,0,11000,0,11000,11000
05591P,義隆群益96售03  ,0,0,0,0,0,0,0,0,0,11000,0,0,0,11000,0,11000,11000
05912P,和大元大96售01  ,0,0,0,0,0,0,0,0,0,11000,0,0,0,41000,30000,11000,11000
047937,元金2X國票97購02,0,0,0,0,0,0,0,0,0,11000,0,0,0,11000,0,11000,11000
04634P,臺股指群益94售09,0,0,0,0,0,0,0,0,0,11000,0,0,0,18000,7000,11000,11000
045106,玉晶光群益95購01,0,0,0,0,0,0,0,0,0,11000,0,0,0,11000,0,11000,11000
048754,瀚宇博元富97購01,0,0,0,0,0,0,0,0,0,11000,0,0,0,81000,70000,11000,11000
050171,臺指反元大97購03,0,0,0,0,0,0,0,0,0,11000,0,0,0,12000,1000,11000,11000
053935,華通元富96購02  ,0,0,0,0,0,0,0,0,0,11000,0,0,0,11000,0,11000,11000
053978,創意元大96購05  ,0,0,0,0,0,0,0,0,0,11000,0,0,0,11000,0,11000,11000
055760,新日興群益98購02,0,0,0,0,0,0,0,0,0,11000,0,0,0,11000,0,11000,11000
055763,鎧勝群益97購01  ,0,0,0,0,0,0,0,0,0,11000,0,0,0,11000,0,11000,11000
07302P,臺股指元大9A售35,0,0,0,0,0,0,0,0,0,11000,0,0,0,11000,0,11000,11000
06102P,智邦凱基97售03  ,0,0,0,0,0,0,0,0,0,11000,0,0,0,11000,0,11000,11000
07390P,華新科康和99售02,0,0,0,0,0,0,0,0,0,11000,0,0,0,35000,24000,11000,11000
6668,中揚光          ,77000,65000,12000,0,0,0,0,0,0,-1000,0,1000,-1000,0,0,0,11000
6235,華孚            ,37000,26000,11000,0,0,0,0,0,0,0,1000,1000,0,0,0,0,11000
5534,長虹            ,58000,41000,17000,0,0,0,0,0,0,-6000,2000,8000,-6000,0,0,0,11000
3031,佰鴻            ,44000,32000,12000,0,0,0,0,0,0,-1000,0,1000,-1000,0,0,0,11000
060000,國巨台新99購01  ,0,0,0,0,0,0,0,0,0,10000,0,0,0,36000,26000,10000,10000
056737,國巨凱基9A購01  ,0,0,0,0,0,0,0,0,0,10000,0,0,0,110000,100000,10000,10000
056681,鴻海統一98購09  ,0,0,0,0,0,0,0,0,0,10000,0,0,0,10000,0,10000,10000
056659,泰碩元大99購01  ,0,0,0,0,0,0,0,0,0,10000,0,0,0,10000,0,10000,10000
059987,大立光元大99購28,0,0,0,0,0,0,0,0,0,10000,0,0,0,10000,0,10000,10000
056230,可成凱基98購03  ,0,0,0,0,0,0,0,0,0,10000,0,0,0,11000,1000,10000,10000
056404,嘉聯益群益9A購01,0,0,0,0,0,0,0,0,0,10000,0,0,0,10000,0,10000,10000
056575,禾伸堂元大99購01,0,0,0,0,0,0,0,0,0,10000,0,0,0,10000,0,10000,10000
056600,聯茂元富98購01  ,0,0,0,0,0,0,0,0,0,10000,0,0,0,20000,10000,10000,10000
056623,禾伸堂永豐98購01,0,0,0,0,0,0,0,0,0,10000,0,0,0,10000,0,10000,10000
060208,卜蜂康和9A購01  ,0,0,0,0,0,0,0,0,0,10000,0,0,0,10000,0,10000,10000
06019P,緯穎凱基96售03  ,0,0,0,0,0,0,0,0,0,10000,0,0,0,10000,0,10000,10000
06036P,台表科凱基96售04,0,0,0,0,0,0,0,0,0,10000,0,0,0,10000,0,10000,10000
060011,臺股指群益9C購06,1000,0,1000,0,0,0,0,0,0,9000,0,0,0,10000,1000,9000,10000
060026,聯發科富邦9B購05,0,0,0,0,0,0,0,0,0,10000,0,0,0,16000,6000,10000,10000
060133,牧德群益9B購01  ,0,0,0,0,0,0,0,0,0,10000,0,0,0,10000,0,10000,10000
06013P,世芯國泰97售03  ,0,0,0,0,0,0,0,0,0,10000,0,0,0,10000,0,10000,10000
057472,T50正2元大9B購03,0,0,0,0,0,0,0,0,0,10000,0,0,0,10000,0,10000,10000
056223,華邦電凱基97購04,0,0,0,0,0,0,0,0,0,10000,0,0,0,10000,0,10000,10000
056199,美律永豐97購01  ,0,0,0,0,0,0,0,0,0,10000,0,0,0,10000,0,10000,10000
056114,台達電群益97購02,0,0,0,0,0,0,0,0,0,10000,0,0,0,10000,0,10000,10000
059638,大立光凱基99購11,0,0,0,0,0,0,0,0,0,10000,0,0,0,10000,0,10000,10000
058635,華新科兆豐99購03,0,0,0,0,0,0,0,0,0,10000,0,0,0,20000,10000,10000,10000
059083,華通元大99購07  ,0,0,0,0,0,0,0,0,0,10000,0,0,0,10000,0,10000,10000
059085,鴻海元大99購25  ,0,0,0,0,0,0,0,0,0,10000,0,0,0,22000,12000,10000,10000
059120,致伸永豐99購01  ,0,0,0,0,0,0,0,0,0,10000,0,0,0,10000,0,10000,10000
059124,台積電第一03購01,0,0,0,0,0,0,0,0,0,10000,0,0,0,10000,0,10000,10000
059495,台灣50元富9C購02,0,0,0,0,0,0,0,0,0,10000,0,0,0,10000,0,10000,10000
056036,鴻海凱基97購07  ,0,0,0,0,0,0,0,0,0,10000,0,0,0,21000,11000,10000,10000
057314,全新麥證98購01  ,0,0,0,10000,0,10000,0,0,0,10000,0,0,0,10000,0,10000,10000
058603,台積電元大99購12,0,0,0,0,0,0,0,0,0,10000,0,0,0,10000,0,10000,10000
058591,台灣50統一9B購02,0,0,0,0,0,0,0,0,0,10000,0,0,0,10000,0,10000,10000
059531,華新科凱基9B購02,0,0,0,0,0,0,0,0,0,10000,0,0,0,22000,12000,10000,10000
057362,元油2X元大98購12,0,0,0,0,0,0,0,0,0,10000,0,0,0,10000,0,10000,10000
056960,光罩永豐98購01  ,0,0,0,0,0,0,0,0,0,10000,0,0,0,10000,0,10000,10000
056843,冠德元富98購01  ,0,0,0,0,0,0,0,0,0,10000,0,0,0,10000,0,10000,10000
056969,智易永豐98購01  ,0,0,0,0,0,0,0,0,0,10000,0,0,0,20000,10000,10000,10000
057004,滬深反中信9A購01,0,0,0,0,0,0,0,0,0,10000,0,0,0,10000,0,10000,10000
058206,祥碩凱基99購01  ,0,0,0,0,0,0,0,0,0,10000,0,0,0,75000,65000,10000,10000
057066,緯穎富邦99購01  ,0,0,0,0,0,0,0,0,0,10000,0,0,0,10000,0,10000,10000
057028,台郡凱基99購02  ,0,0,0,0,0,0,0,0,0,10000,0,0,0,10000,0,10000,10000
059284,緯穎永豐99購03  ,0,0,0,0,0,0,0,0,0,10000,0,0,0,10000,0,10000,10000
059253,康控凱基9B購02  ,0,0,0,0,0,0,0,0,0,10000,0,0,0,30000,20000,10000,10000
059262,致茂中信01購01  ,0,0,0,0,0,0,0,0,0,10000,0,0,0,36000,26000,10000,10000
058263,大成鋼永豐99購01,0,0,0,0,0,0,0,0,0,10000,0,0,0,10000,0,10000,10000
057132,華新科凱基98購05,0,0,0,0,0,0,0,0,0,10000,0,0,0,50000,40000,10000,10000
059690,建準永豐99購01  ,0,0,0,0,0,0,0,0,0,10000,0,0,0,16000,6000,10000,10000
059654,T50反1元大99購09,0,0,0,0,0,0,0,0,0,10000,0,0,0,10000,0,10000,10000
057200,技嘉元富98購01  ,0,0,0,0,0,0,0,0,0,10000,0,0,0,10000,0,10000,10000
056819,奇力新永豐98購01,0,0,0,0,0,0,0,0,0,10000,0,0,0,10000,0,10000,10000
056835,聯電元富99購01  ,0,0,0,0,0,0,0,0,0,10000,0,0,0,10000,0,10000,10000
057205,元翎元富98購01  ,0,0,0,0,0,0,0,0,0,10000,0,0,0,10000,0,10000,10000
057266,TPK兆豐98購02   ,0,0,0,0,0,0,0,0,0,10000,0,0,0,10000,0,10000,10000
056771,嘉晶元大99購01  ,0,0,0,0,0,0,0,0,0,10000,0,0,0,13000,3000,10000,10000
058821,泰鼎國泰9B購01  ,0,0,0,0,0,0,0,0,0,10000,0,0,0,10000,0,10000,10000
058823,聯發科富邦9C購01,0,0,0,0,0,0,0,0,0,10000,0,0,0,10000,0,10000,10000
056257,聯茂元富97購04  ,0,0,0,0,0,0,0,0,0,10000,0,0,0,10000,0,10000,10000
057571,泰碩永豐98購01  ,0,0,0,0,0,0,0,0,0,10000,0,0,0,10000,0,10000,10000
057611,技嘉元富98購02  ,0,0,0,0,0,0,0,0,0,10000,0,0,0,10000,0,10000,10000
058934,台灣50中信03購03,0,0,0,0,0,0,0,0,0,10000,0,0,0,15000,5000,10000,10000
055931,冠德群益97購02  ,0,0,0,0,0,0,0,0,0,10000,0,0,0,10000,0,10000,10000
058968,T50正2永豐99購01,0,0,0,0,0,0,0,0,0,10000,0,0,0,10000,0,10000,10000
058976,元油2X凱基9A購09,0,0,0,0,0,0,0,0,0,10000,0,0,0,10000,0,10000,10000
058946,SGBR2X群益9B購01,0,0,0,0,0,0,0,0,0,10000,0,0,0,10000,0,10000,10000
058069,美律凱基99購05  ,0,0,0,0,0,0,0,0,0,10000,0,0,0,10000,0,10000,10000
057990,美律統一99購02  ,0,0,0,0,0,0,0,0,0,10000,0,0,0,10000,0,10000,10000
057975,台積電永豐98購05,0,0,0,0,0,0,0,0,0,10000,0,0,0,12000,2000,10000,10000
058043,鴻海元大98購13  ,0,0,0,0,0,0,0,0,0,10000,0,0,0,10000,0,10000,10000
057806,國巨元大98購20  ,0,0,0,0,0,0,0,0,0,10000,0,0,0,10000,0,10000,10000
055727,矽力元大97購02  ,0,0,0,0,0,0,0,0,0,10000,0,0,0,10000,0,10000,10000
053905,華新科凱基96購10,0,0,0,0,0,0,0,0,0,10000,0,0,0,24000,14000,10000,10000
055644,致茂元富97購01  ,0,0,0,0,0,0,0,0,0,10000,0,0,0,10000,0,10000,10000
053771,華新元大97購01  ,0,0,0,0,0,0,0,0,0,10000,0,0,0,10000,0,10000,10000
05377P,鴻海凱基95售18  ,0,0,0,0,0,0,0,0,0,10000,0,0,0,10000,0,10000,10000
053834,卜蜂永豐96購01  ,0,0,0,0,0,0,0,0,0,10000,0,0,0,10000,0,10000,10000
055511,大立光兆豐97購02,0,0,0,0,0,0,0,0,0,10000,0,0,0,17000,7000,10000,10000
051578,智邦元大96購01  ,0,0,0,0,0,0,0,0,0,10000,0,0,0,10000,0,10000,10000
051535,新日興國票96購01,0,0,0,0,0,0,0,0,0,10000,0,0,0,10000,0,10000,10000
051479,兆豐金凱基95購01,0,0,0,0,0,0,0,0,0,10000,0,0,0,10000,0,10000,10000
052453,崇越元大95購01  ,0,0,0,0,0,0,0,0,0,10000,0,0,0,10000,0,10000,10000
052429,禾伸堂永豐95購02,0,0,0,0,0,0,0,0,0,10000,0,0,0,10000,0,10000,10000
050189,旭富元大94購01  ,0,0,0,0,0,0,0,0,0,10000,0,0,0,10000,0,10000,10000
050451,嘉晶元大95購01  ,0,0,0,0,0,0,0,0,0,10000,0,0,0,10000,0,10000,10000
050419,鴻海凱基95購02  ,0,0,0,0,0,0,0,0,0,10000,0,0,0,10000,0,10000,10000
052293,泰碩國票95購03  ,0,0,0,0,0,0,0,0,0,10000,0,0,0,10000,0,10000,10000
052239,泰鼎國票97購01  ,0,0,0,0,0,0,0,0,0,10000,0,0,0,10000,0,10000,10000
052307,潤泰全國泰96購01,0,0,0,0,0,0,0,0,0,10000,0,0,0,10000,0,10000,10000
04976P,中磊凱基94售01  ,0,0,0,0,0,0,0,0,0,10000,0,0,0,10000,0,10000,10000
049695,新光金元大9A購01,0,0,0,0,0,0,0,0,0,10000,0,0,0,10000,0,10000,10000
049653,緯穎凱基94購03  ,0,0,0,0,0,0,0,0,0,10000,0,0,0,10000,0,10000,10000
050658,台郡麥證96購01  ,0,0,0,10000,0,10000,0,0,0,10000,0,0,0,10000,0,10000,10000
050468,矽格中信94購01  ,0,1000,-1000,0,0,0,0,0,0,11000,0,0,0,11000,0,11000,10000
05046P,台光電永豐95售02,0,0,0,0,0,0,0,0,0,10000,0,0,0,10000,0,10000,10000
050547,華新科凱基95購01,0,0,0,0,0,0,0,0,0,10000,0,0,0,10000,0,10000,10000
05063P,聯電元大96售03  ,0,0,0,0,0,0,0,0,0,10000,0,0,0,10000,0,10000,10000
050584,瑞儀國票95購01  ,0,0,0,0,0,0,0,0,0,10000,0,0,0,10000,0,10000,10000
050586,康友國票94購01  ,0,0,0,0,0,0,0,0,0,10000,0,0,0,10000,0,10000,10000
051856,亞德客凱基95購01,0,0,0,0,0,0,0,0,0,10000,0,0,0,10000,0,10000,10000
05190P,鴻海國票96售02  ,0,0,0,0,0,0,0,0,0,10000,0,0,0,10000,0,10000,10000
05209P,鴻海凱基96售09  ,0,0,0,0,0,0,0,0,0,10000,0,0,0,10000,0,10000,10000
052174,聯發科元大95購13,0,0,0,0,0,0,0,0,0,10000,0,0,0,20000,10000,10000,10000
049564,聯電統一94購03  ,0,0,0,0,0,0,0,0,0,10000,0,0,0,10000,0,10000,10000
049301,致新群益95購01  ,0,0,0,0,0,0,0,0,0,10000,0,0,0,10000,0,10000,10000
052223,聯電凱基96購02  ,0,0,0,0,0,0,0,0,0,10000,0,0,0,30000,20000,10000,10000
04633P,旺宏群益96售04  ,0,0,0,0,0,0,0,0,0,10000,0,0,0,17000,7000,10000,10000
03427B,臺股指元大9A熊02,0,0,0,0,0,0,0,0,0,10000,0,0,0,10000,0,10000,10000
036630,玉山金台新99購01,0,0,0,0,0,0,0,0,0,10000,0,0,0,10000,0,10000,10000
043642,元金2X國票97購01,0,0,0,0,0,0,0,0,0,10000,0,0,0,10000,0,10000,10000
047967,南亞科國泰95購01,0,0,0,0,0,0,0,0,0,10000,0,0,0,10000,0,10000,10000
047343,台達電中信95購01,0,0,0,0,0,0,0,0,0,10000,0,0,0,10000,0,10000,10000
00737,國泰AI+Robo     ,0,0,0,0,0,0,0,0,0,10000,0,0,0,10000,0,10000,10000
059159,上銀凱基99購05  ,0,0,0,0,0,0,0,0,0,10000,0,0,0,20000,10000,10000,10000
059172,台郡凱基99購03  ,0,0,0,0,0,0,0,0,0,10000,0,0,0,10000,0,10000,10000
059169,可成凱基99購04  ,0,0,0,0,0,0,0,0,0,10000,0,0,0,10000,0,10000,10000
059938,凱美永豐99購01  ,0,0,0,0,0,0,0,0,0,10000,0,0,0,22000,12000,10000,10000
05988P,光磊元富96售02  ,0,0,0,0,0,0,0,0,0,10000,0,0,0,10000,0,10000,10000
059910,鴻海元大99購37  ,0,0,0,0,0,0,0,0,0,10000,0,0,0,10000,0,10000,10000
054757,南亞國票98購01  ,0,0,0,0,0,0,0,0,0,10000,0,0,0,10000,0,10000,10000
055239,帆宣台新97購01  ,0,0,0,0,0,0,0,0,0,10000,0,0,0,10000,0,10000,10000
055479,GIS凱基97購04   ,0,0,0,0,0,0,0,0,0,10000,0,0,0,10000,0,10000,10000
055445,旺宏統一99購01  ,0,0,0,0,0,0,0,0,0,10000,0,0,0,10000,0,10000,10000
055358,臻鼎凱基97購01  ,0,0,0,0,0,0,0,0,0,10000,0,0,0,10000,0,10000,10000
055377,揚明光元大98購01,0,0,0,0,0,0,0,0,0,10000,0,0,0,10000,0,10000,10000
055394,健策統一97購01  ,0,0,0,0,0,0,0,0,0,10000,0,0,0,10000,0,10000,10000
055308,聯發科群益97購04,0,0,0,0,0,0,0,0,0,10000,0,0,0,10000,0,10000,10000
052978,貿聯麥證97購01  ,0,0,0,10000,0,10000,0,0,0,10000,0,0,0,10000,0,10000,10000
05459P,聯詠凱基95售03  ,0,0,0,0,0,0,0,0,0,10000,0,0,0,10000,0,10000,10000
054684,裕隆永豐97購01  ,0,0,0,0,0,0,0,0,0,10000,0,0,0,10000,0,10000,10000
054649,聯茂群益97購01  ,0,0,0,0,0,0,0,0,0,10000,0,0,0,10000,0,10000,10000
055918,和鑫凱基97購01  ,0,0,0,0,0,0,0,0,0,10000,0,0,0,10000,0,10000,10000
053099,正崴元富96購01  ,0,0,0,0,0,0,0,0,0,10000,0,0,0,10000,0,10000,10000
053114,聯茂兆豐97購01  ,0,0,0,0,0,0,0,0,0,10000,0,0,0,10000,0,10000,10000
053169,貿聯群益97購01  ,0,0,0,0,0,0,0,0,0,10000,0,0,0,10000,0,10000,10000
053251,世紀鋼國票97購02,0,0,0,0,0,0,0,0,0,10000,0,0,0,10000,0,10000,10000
054808,東元元大9A購01  ,0,0,0,0,0,0,0,0,0,10000,0,0,0,10000,0,10000,10000
055861,矽力元大97購03  ,0,0,0,0,0,0,0,0,0,10000,0,0,0,10000,0,10000,10000
054135,大立光元大97購04,0,0,0,0,0,0,0,0,0,10000,0,0,0,10000,0,10000,10000
054097,淘帝國票97購01  ,0,0,0,0,0,0,0,0,0,10000,0,0,0,10000,0,10000,10000
053496,義隆兆豐96購02  ,0,0,0,0,0,0,0,0,0,10000,0,0,0,10000,0,10000,10000
053565,台光電富邦98購01,0,0,0,0,0,0,0,0,0,10000,0,0,0,10000,0,10000,10000
053635,技嘉永豐96購01  ,0,0,0,0,0,0,0,0,0,10000,0,0,0,10000,0,10000,10000
053629,玉山金兆豐96購01,0,0,0,0,0,0,0,0,0,10000,0,0,0,10000,0,10000,10000
053619,和碩群益96購01  ,0,0,0,0,0,0,0,0,0,10000,0,0,0,10000,0,10000,10000
053602,台虹元大96購01  ,0,0,0,0,0,0,0,0,0,10000,0,0,0,10000,0,10000,10000
054309,禾伸堂凱基98購01,0,0,0,0,0,0,0,0,0,10000,0,0,0,20000,10000,10000,10000
054275,華通群益97購03  ,0,0,0,0,0,0,0,0,0,10000,0,0,0,10000,0,10000,10000
054948,聯發科元大97購14,0,0,0,0,0,0,0,0,0,10000,0,0,0,10000,0,10000,10000
052544,牧德元富95購01  ,0,0,0,0,0,0,0,0,0,10000,0,0,0,20000,10000,10000,10000
052537,力成富邦95購01  ,0,0,0,0,0,0,0,0,0,10000,0,0,0,10000,0,10000,10000
052512,全新凱基96購03  ,0,0,0,0,0,0,0,0,0,10000,0,0,0,10000,0,10000,10000
055217,緯創凱基97購02  ,0,0,0,0,0,0,0,0,0,10000,0,0,0,30000,20000,10000,10000
054403,同欣電永豐96購02,0,0,0,0,0,0,0,0,0,10000,0,0,0,10000,0,10000,10000
055162,新唐元大97購01  ,0,0,0,0,0,0,0,0,0,10000,0,0,0,30000,20000,10000,10000
2888A,新光金甲特      ,10000,0,10000,0,0,0,0,0,0,0,0,0,0,0,0,0,10000
4952,凌通            ,16000,6000,10000,0,0,0,0,0,0,0,0,0,0,0,0,0,10000
6168,宏齊            ,13000,2000,11000,0,0,0,0,0,0,-1000,1000,2000,-1000,0,0,0,10000
6177,達麗            ,111000,101000,10000,0,0,0,0,0,0,0,0,0,0,0,0,0,10000
9925,新保            ,18000,6000,12000,0,0,0,0,0,0,-2000,2000,4000,-2000,0,0,0,10000
07395P,台積電群益99售13,0,0,0,0,0,0,0,0,0,10000,0,0,0,16000,6000,10000,10000
07463P,台積電國票9A售05,0,0,0,0,0,0,0,0,0,10000,0,0,0,10000,0,10000,10000
06733P,鴻海凱基99售02  ,0,0,0,0,0,0,0,0,0,10000,0,0,0,10000,0,10000,10000
06697P,台積電國票99售05,0,0,0,0,0,0,0,0,0,10000,0,0,0,20000,10000,10000,10000
06702P,智邦元富98售01  ,0,0,0,0,0,0,0,0,0,10000,0,0,0,10000,0,10000,10000
06737P,台郡凱基98售07  ,0,0,0,0,0,0,0,0,0,10000,0,0,0,10000,0,10000,10000
07379P,大立光元大99售30,0,0,0,0,0,0,0,0,0,10000,0,0,0,10000,0,10000,10000
1614,三洋電          ,11000,1000,10000,0,0,0,0,0,0,0,0,0,0,0,0,0,10000
1587,吉茂            ,10000,0,10000,0,0,0,0,0,0,0,0,0,0,0,0,0,10000
1808,潤隆            ,59000,45000,14000,0,0,0,0,0,0,-4000,2000,6000,-4000,0,0,0,10000
2414,精技            ,13000,3000,10000,0,0,0,0,0,0,0,0,0,0,0,0,0,10000
06127P,泰碩元富97售01  ,0,0,0,0,0,0,0,0,0,10000,0,0,0,10000,0,10000,10000
07351P,鴻海國票99售08  ,0,0,0,0,0,0,0,0,0,10000,0,0,0,20000,10000,10000,10000
07295P,滬深2X元富9C售09,0,0,0,0,0,0,0,0,0,10000,0,0,0,10000,0,10000,10000
07287P,全新群益9B售01  ,0,0,0,0,0,0,0,0,0,10000,0,0,0,10000,0,10000,10000
06183P,大立光元大97售05,0,0,0,0,0,0,0,0,0,10000,0,0,0,10000,0,10000,10000
06188P,大立光元富97售01,0,0,0,0,0,0,0,0,0,10000,0,0,0,79000,69000,10000,10000
060497,臺指反元大01購02,0,0,0,0,0,0,0,0,0,10000,0,0,0,10000,0,10000,10000
060105,牧德元大9B購01  ,0,0,0,0,0,0,0,0,0,10000,0,0,0,123000,113000,10000,10000
06155P,智邦統一97售02  ,0,0,0,0,0,0,0,0,0,10000,0,0,0,10000,0,10000,10000
06590P,大立光元大98售13,0,0,0,0,0,0,0,0,0,10000,0,0,0,10000,0,10000,10000
06591P,大立光元大98售14,0,0,0,0,0,0,0,0,0,10000,0,0,0,10000,0,10000,10000
06547P,大立光元大98售09,0,0,0,0,0,0,0,0,0,10000,0,0,0,10000,0,10000,10000
06599P,宏達電永豐98售02,0,0,0,0,0,0,0,0,0,10000,0,0,0,10000,0,10000,10000
06223P,漢唐元富97售02  ,0,0,0,0,0,0,0,0,0,10000,0,0,0,10000,0,10000,10000
06387P,緯穎永豐97售02  ,0,0,0,0,0,0,0,0,0,10000,0,0,0,10000,0,10000,10000
06398P,禾伸堂凱基97售02,0,0,0,0,0,0,0,0,0,10000,0,0,0,10000,0,10000,10000
06412P,南亞科日盛97售01,0,0,0,0,0,0,0,0,0,10000,0,0,0,10000,0,10000,10000
06430P,大立光元大97售16,0,0,0,0,0,0,0,0,0,10000,0,0,0,10000,0,10000,10000
06781P,大立光元大98售19,0,0,0,0,0,0,0,0,0,10000,0,0,0,10000,0,10000,10000
06921P,台光電凱基98售06,0,0,0,0,0,0,0,0,0,10000,0,0,0,10000,0,10000,10000
06892P,聯鈞元富98售01  ,0,0,0,0,0,0,0,0,0,10000,0,0,0,10000,0,10000,10000
07021P,台積電富邦9C售02,0,0,0,0,0,0,0,0,0,10000,0,0,0,10000,0,10000,10000
07126P,台積電元大99售23,0,0,0,0,0,0,0,0,0,10000,0,0,0,10000,0,10000,10000
07076P,鴻海凱基9A售08  ,0,0,0,0,0,0,0,0,0,10000,0,0,0,10000,0,10000,10000
07289P,台灣50凱基99售07,0,0,0,0,0,0,0,0,0,10000,0,0,0,25000,15000,10000,10000
07211P,南亞科凱基99售05,0,0,0,0,0,0,0,0,0,10000,0,0,0,10000,0,10000,10000
06004P,奇力新永豐96售02,0,0,0,0,0,0,0,0,0,10000,0,0,0,10000,0,10000,10000
07131P,緯穎元大99售06  ,0,0,0,0,0,0,0,0,0,10000,0,0,0,165000,155000,10000,10000
057802,卜蜂元大98購01  ,0,0,0,0,0,0,0,0,0,9000,0,0,0,9000,0,9000,9000
057901,大立光永豐98購04,0,0,0,0,0,0,0,0,0,9000,0,0,0,11000,2000,9000,9000
057832,聯發科元富02購05,0,0,0,0,0,0,0,0,0,9000,0,0,0,9000,0,9000,9000
057727,華邦電國泰9A購01,0,0,0,0,0,0,0,0,0,9000,0,0,0,9000,0,9000,9000
058978,SGBR2X凱基9A購03,0,0,0,0,0,0,0,0,0,9000,0,0,0,9000,0,9000,9000
058935,元油2X中信9C購03,0,0,0,0,0,0,0,0,0,9000,0,0,0,9000,0,9000,9000
058856,新光金兆豐99購01,0,0,0,0,0,0,0,0,0,9000,0,0,0,9000,0,9000,9000
059353,滬深2X富邦9A購02,0,0,0,0,0,0,0,0,0,9000,0,0,0,13000,4000,9000,9000
059662,旭富元大9C購01  ,0,0,0,0,0,0,0,0,0,9000,0,0,0,32000,23000,9000,9000
059224,大立光元大99購15,0,0,0,0,0,0,0,0,0,9000,0,0,0,29000,20000,9000,9000
056872,旺宏凱基98購08  ,0,0,0,0,0,0,0,0,0,9000,0,0,0,9000,0,9000,9000
056905,欣興元大98購03  ,0,0,0,0,0,0,0,0,0,9000,0,0,0,10000,1000,9000,9000
058528,世紀鋼元大99購02,0,0,0,0,0,0,0,0,0,9000,0,0,0,9000,0,9000,9000
057640,台積電元大98購16,0,0,0,0,0,0,0,0,0,9000,0,0,0,9000,0,9000,9000
058672,可成群益9B購02  ,0,0,0,0,0,0,0,0,0,9000,0,0,0,9000,0,9000,9000
056140,康控元大98購01  ,0,0,0,0,0,0,0,0,0,9000,0,0,0,9000,0,9000,9000
05956P,漢唐國票96售02  ,0,0,0,0,0,0,0,0,0,9000,0,0,0,9000,0,9000,9000
060159,健和興永豐9A購01,0,0,0,0,0,0,0,0,0,9000,0,0,0,11000,2000,9000,9000
060020,康控康和99購01  ,0,0,0,0,0,0,0,0,0,9000,0,0,0,187000,178000,9000,9000
060344,聯發科統一01購01,0,0,0,0,0,0,0,0,0,9000,0,0,0,10000,1000,9000,9000
056559,華通群益98購02  ,0,0,0,0,0,0,0,0,0,9000,0,0,0,12000,3000,9000,9000
055051,藍天永豐97購01  ,0,0,0,0,0,0,0,0,0,9000,0,0,0,9000,0,9000,9000
055202,神達群益97購01  ,0,0,0,0,0,0,0,0,0,9000,0,0,0,9000,0,9000,9000
059752,國巨群益9B購01  ,0,0,0,0,0,0,0,0,0,9000,0,0,0,9000,0,9000,9000
00713,元大台灣高息低波,0,0,0,0,0,0,0,0,0,9000,0,0,0,9000,0,9000,9000
051800,旺宏永豐95購02  ,0,0,0,0,0,0,0,0,0,9000,0,0,0,9000,0,9000,9000
049254,台積電元大96購02,0,0,0,0,0,0,0,0,0,9000,0,0,0,9000,0,9000,9000
049255,旺宏元大97購02  ,0,0,0,0,0,0,0,0,0,9000,0,0,0,12000,3000,9000,9000
052192,SP黃豆元富95購04,0,0,0,0,0,0,0,0,0,9000,0,0,0,10000,1000,9000,9000
051946,健策統一98購01  ,0,0,0,0,0,0,0,0,0,9000,0,0,0,9000,0,9000,9000
05089P,亞德客元大95售01,0,0,0,0,0,0,0,0,0,9000,0,0,0,9000,0,9000,9000
051056,華新科群益95購03,0,0,0,0,0,0,0,0,0,9000,0,0,0,9000,0,9000,9000
049795,華通元大96購02  ,0,0,0,0,0,0,0,0,0,9000,0,0,0,9000,0,9000,9000
051567,台積電富邦95購06,0,0,0,0,0,0,0,0,0,9000,0,0,0,9000,0,9000,9000
055558,大立光凱基97購08,0,0,0,0,0,0,0,0,0,9000,0,0,0,40000,31000,9000,9000
07201P,臺股指元大99售17,0,0,0,0,0,0,0,0,0,9000,0,0,0,10000,1000,9000,9000
07270P,台灣50元大01售09,0,0,0,0,0,0,0,0,0,9000,0,0,0,115000,106000,9000,9000
06868P,電子類元大99售01,0,0,0,0,0,0,0,0,0,9000,0,0,0,14000,5000,9000,9000
06429P,大立光元大97售15,0,0,0,0,0,0,0,0,0,9000,0,0,0,10000,1000,9000,9000
1737,臺鹽            ,15000,6000,9000,0,0,0,0,0,0,0,0,0,0,0,0,0,9000
1731,美吾華          ,18000,9000,9000,0,0,0,0,0,0,0,0,0,0,0,0,0,9000
1441,大東            ,14000,4000,10000,0,0,0,0,0,0,-1000,0,1000,-1000,0,0,0,9000
1104,環泥            ,31000,22000,9000,0,0,0,0,0,0,0,0,0,0,0,0,0,9000
8103,瀚荃            ,9000,0,9000,0,0,0,0,0,0,0,0,0,0,0,0,0,9000
4976,佳凌            ,40000,31000,9000,0,0,0,0,0,0,0,0,0,0,0,0,0,9000
2852,第一保          ,8000,2000,6000,0,0,0,0,0,0,3000,3000,0,3000,0,0,0,9000
056627,訊芯永豐98購01  ,0,0,0,0,0,0,0,0,0,8000,0,0,0,8000,0,8000,8000
059982,聯發科元大99購37,0,0,0,0,0,0,0,0,0,8000,0,0,0,1070000,1062000,8000,8000
05619P,創意元富96售02  ,0,0,0,0,0,0,0,0,0,8000,0,0,0,8000,0,8000,8000
058614,台郡元大9A購01  ,0,0,0,0,0,0,0,0,0,8000,0,0,0,8000,0,8000,8000
058705,長榮航元大99購01,0,0,0,0,0,0,0,0,0,8000,0,0,0,8000,0,8000,8000
058568,宏達電凱基9A購02,0,0,0,0,0,0,0,0,0,8000,0,0,0,106000,98000,8000,8000
056942,昇陽半元富98購01,0,0,0,0,0,0,0,0,0,8000,0,0,0,8000,0,8000,8000
056877,群創凱基99購04  ,0,0,0,0,0,0,0,0,0,8000,0,0,0,12000,4000,8000,8000
05683P,矽創元大96售01  ,0,0,0,0,0,0,0,0,0,8000,0,0,0,88000,80000,8000,8000
058136,景碩元大99購02  ,0,0,0,0,0,0,0,0,0,8000,0,0,0,8000,0,8000,8000
058297,茂林凱基9A購02  ,0,0,0,0,0,0,0,0,0,8000,0,0,0,8000,0,8000,8000
059308,T50反1元大99購07,0,0,0,0,0,0,0,0,0,8000,0,0,0,15000,7000,8000,8000
059430,台積電元大99購36,0,0,0,0,0,0,0,0,0,8000,0,0,0,61000,53000,8000,8000
058479,亞光凱基9A購01  ,0,0,0,0,0,0,0,0,0,8000,0,0,0,13000,5000,8000,8000
055541,聚陽凱基98購01  ,0,0,0,0,0,0,0,0,0,8000,0,0,0,8000,0,8000,8000
053753,啟碁永豐96購01  ,0,0,0,0,0,0,0,0,0,8000,0,0,0,8000,0,8000,8000
05379P,可成凱基95售11  ,0,0,0,0,0,0,0,0,0,8000,0,0,0,10000,2000,8000,8000
050038,金融類元大94購04,0,0,0,0,0,0,0,0,0,8000,0,0,0,8000,0,8000,8000
052054,台表科凱基96購01,0,0,0,0,0,0,0,0,0,8000,0,0,0,8000,0,8000,8000
03420B,臺股指元大95熊31,0,0,0,0,0,0,0,0,0,8000,0,0,0,13000,5000,8000,8000
020008,元大特股高息N   ,0,0,0,0,0,0,0,0,0,8000,0,0,0,16000,8000,8000,8000
048677,智伸科國泰94購01,0,0,0,0,0,0,0,0,0,8000,0,0,0,8000,0,8000,8000
047970,鴻海富邦95購01  ,0,0,0,0,0,0,0,0,0,8000,0,0,0,11000,3000,8000,8000
04817P,創意國票95售02  ,0,0,0,0,0,0,0,0,0,8000,0,0,0,13000,5000,8000,8000
047885,元金2X富邦99購01,0,0,0,0,0,0,0,0,0,8000,0,0,0,8000,0,8000,8000
059873,華新科凱基99購09,0,0,0,0,0,0,0,0,0,8000,0,0,0,9000,1000,8000,8000
059943,信邦永豐99購01  ,0,0,0,0,0,0,0,0,0,8000,0,0,0,113000,105000,8000,8000
059941,聯發科永豐99購04,0,0,0,0,0,0,0,0,0,8000,0,0,0,10000,2000,8000,8000
059170,康控凱基9B購01  ,0,0,0,0,0,0,0,0,0,8000,0,0,0,48000,40000,8000,8000
059165,南亞科凱基99購04,0,0,0,0,0,0,0,0,0,8000,0,0,0,87000,79000,8000,8000
059143,國巨國票9A購04  ,0,0,0,0,0,0,0,0,0,8000,0,0,0,8000,0,8000,8000
054511,香港反元大98購01,0,0,0,0,0,0,0,0,0,8000,0,0,0,8000,0,8000,8000
052527,泰鼎元大96購02  ,0,0,0,0,0,0,0,0,0,8000,0,0,0,11000,3000,8000,8000
054937,國巨元大97購03  ,0,0,0,0,0,0,0,0,0,8000,0,0,0,8000,0,8000,8000
054104,T50反1凱基9A購02,0,0,0,0,0,0,0,0,0,8000,0,0,0,8000,0,8000,8000
053349,台郡國票97購02  ,0,0,0,0,0,0,0,0,0,8000,0,0,0,48000,40000,8000,8000
2704,國賓            ,18000,10000,8000,0,0,0,0,0,0,0,0,0,0,0,0,0,8000
4994,傳奇            ,79000,71000,8000,0,0,0,0,0,0,0,3000,3000,0,0,0,0,8000
4720,德淵            ,8000,0,8000,0,0,0,0,0,0,0,0,0,0,0,0,0,8000
4144,康聯-KY         ,9000,1000,8000,0,0,0,0,0,0,0,0,0,0,0,0,0,8000
3209,全科            ,21000,14000,7000,0,0,0,0,0,0,1000,1000,0,1000,0,0,0,8000
6176,瑞儀            ,957000,1526000,-569000,0,0,0,526000,0,526000,51000,130000,93000,37000,29000,15000,14000,8000
8473,山林水          ,11000,3000,8000,0,0,0,0,0,0,0,1000,1000,0,0,0,0,8000
07377P,聯發科元大99售40,0,0,0,0,0,0,0,0,0,8000,0,0,0,8000,0,8000,8000
07412P,國巨元大99售32  ,0,0,0,0,0,0,0,0,0,8000,0,0,0,8000,0,8000,8000
2397,友通            ,15000,7000,8000,0,0,0,0,0,0,0,0,0,0,0,0,0,8000
060185,聯發科元富04購01,0,0,0,0,0,0,0,0,0,8000,0,0,0,8000,0,8000,8000
07023P,南電永豐99售02  ,0,0,0,0,0,0,0,0,0,8000,0,0,0,10000,2000,8000,8000
06965P,台積電台新99售02,0,0,0,0,0,0,0,0,0,8000,0,0,0,8000,0,8000,8000
07239P,台灣50國票9A售04,0,0,0,0,0,0,0,0,0,8000,0,0,0,10000,2000,8000,8000
059369,滬深2X元富9C購01,0,0,0,0,0,0,0,0,0,7000,0,0,0,70000,63000,7000,7000
058411,技嘉兆豐99購01  ,0,0,0,0,0,0,0,0,0,7000,0,0,0,210000,203000,7000,7000
058824,晶技富邦9A購01  ,0,0,0,0,0,0,0,0,0,7000,0,0,0,20000,13000,7000,7000
059382,台灣50凱基99購02,0,0,0,0,0,0,0,0,0,7000,0,0,0,7000,0,7000,7000
056784,南亞科群益98購01,0,0,0,0,0,0,0,0,0,7000,0,0,0,85000,78000,7000,7000
05969P,台積電台新96售04,0,0,0,0,0,0,0,0,0,7000,0,0,0,7000,0,7000,7000
058135,景碩元大99購01  ,0,0,0,0,0,0,0,0,0,7000,0,0,0,7000,0,7000,7000
056989,鴻海兆豐98購02  ,0,0,0,0,0,0,0,0,0,7000,0,0,0,7000,0,7000,7000
058265,奇力新永豐9A購01,0,0,0,0,0,0,0,0,0,7000,0,0,0,33000,26000,7000,7000
058239,景碩元大99購03  ,0,0,0,0,0,0,0,0,0,7000,0,0,0,7000,0,7000,7000
057414,華新科日盛9A購01,0,0,0,0,0,0,0,0,0,7000,0,0,0,30000,23000,7000,7000
05594P,旺宏國票96售04  ,0,0,0,0,0,0,0,0,0,7000,0,0,0,75000,68000,7000,7000
057490,可成元大98購10  ,0,0,0,0,0,0,0,0,0,7000,0,0,0,12000,5000,7000,7000
059571,奇力新凱基99購06,0,0,0,0,0,0,0,0,0,7000,0,0,0,34000,27000,7000,7000
059575,臺股指凱基99購41,0,0,0,0,0,0,0,0,0,7000,0,0,0,7000,0,7000,7000
056721,台灣50永昌9A購01,0,0,0,0,0,0,0,0,0,7000,0,0,0,7000,0,7000,7000
058780,牧德國票9A購01  ,0,0,0,0,0,0,0,0,0,7000,0,0,0,7000,0,7000,7000
06021P,世紀鋼元富96售03,0,0,0,0,0,0,0,0,0,7000,0,0,0,8000,1000,7000,7000
053402,A50正2群益9A購02,0,0,0,0,0,0,0,0,0,7000,0,0,0,7000,0,7000,7000
054961,玉晶光元大99購01,0,0,0,0,0,0,0,0,0,7000,0,0,0,7000,0,7000,7000
053603,臺股指元大96購20,0,0,0,0,0,0,0,0,0,7000,0,0,0,7000,0,7000,7000
053643,漢唐國票97購02  ,0,0,0,0,0,0,0,0,0,7000,0,0,0,8000,1000,7000,7000
053662,矽力凱基97購01  ,0,0,0,0,0,0,0,0,0,7000,0,0,0,27000,20000,7000,7000
055159,玉晶光元大98購05,0,0,0,0,0,0,0,0,0,7000,0,0,0,7000,0,7000,7000
05451P,臺股指元大95售28,0,0,0,0,0,0,0,0,0,7000,0,0,0,7000,0,7000,7000
05444P,大立光元大95售10,0,0,0,0,0,0,0,0,0,7000,0,0,0,7000,0,7000,7000
052933,祥碩元大96購01  ,0,0,0,0,0,0,0,0,0,7000,0,0,0,32000,25000,7000,7000
059787,奇力新元大9A購02,0,0,0,0,0,0,0,0,0,7000,0,0,0,29000,22000,7000,7000
059831,聯詠康和99購01  ,0,0,0,0,0,0,0,0,0,7000,0,0,0,75000,68000,7000,7000
03430B,臺股指元大9B熊01,0,0,0,0,0,0,0,0,0,7000,0,0,0,7000,0,7000,7000
042752,台灣50元大96購03,0,0,0,0,0,0,0,0,0,7000,0,0,0,14000,7000,7000,7000
052204,台泥中信96購01  ,0,0,0,0,0,0,0,0,0,7000,0,0,0,7000,0,7000,7000
051049,亞德客群益95購01,0,0,0,0,0,0,0,0,0,7000,0,0,0,7000,0,7000,7000
051254,健策元大96購04  ,0,0,0,0,0,0,0,0,0,7000,0,0,0,7000,0,7000,7000
053741,漢唐國票97購03  ,0,0,0,0,0,0,0,0,0,7000,0,0,0,7000,0,7000,7000
051682,元黃金凱基97購01,0,0,0,0,0,0,0,0,0,7000,0,0,0,7000,0,7000,7000
055594,華新科元大98購02,0,0,0,0,0,0,0,0,0,7000,0,0,0,43000,36000,7000,7000
055695,大毅國票98購03  ,0,0,0,0,0,0,0,0,0,7000,0,0,0,7000,0,7000,7000
07026P,超眾凱基99售03  ,0,0,0,0,0,0,0,0,0,7000,0,0,0,70000,63000,7000,7000
07118P,台積電凱基99售09,0,0,0,0,0,0,0,0,0,7000,0,0,0,7000,0,7000,7000
06408P,聯茂元富97售02  ,0,0,0,0,0,0,0,0,0,7000,0,0,0,10000,3000,7000,7000
06365P,鴻海凱基97售09  ,0,0,0,0,0,0,0,0,0,7000,0,0,0,7000,0,7000,7000
06134P,緯穎元富97售03  ,0,0,0,0,0,0,0,0,0,7000,0,0,0,7000,0,7000,7000
06088P,建準永豐97售01  ,0,0,0,0,0,0,0,0,0,7000,0,0,0,7000,0,7000,7000
1773,勝一            ,19000,12000,7000,0,0,0,0,0,0,0,0,0,0,0,0,0,7000
2015,豐興            ,56000,41000,15000,0,0,0,0,0,0,-8000,2000,10000,-8000,0,0,0,7000
2009,第一銅          ,23000,17000,6000,0,0,0,0,0,0,1000,1000,0,1000,0,0,0,7000
07422P,大立光元大99售32,0,0,0,0,0,0,0,0,0,7000,0,0,0,190000,183000,7000,7000
07359P,台積電元大99售45,0,0,0,0,0,0,0,0,0,7000,0,0,0,73000,66000,7000,7000
1473,台南            ,27000,20000,7000,0,0,0,0,0,0,0,0,0,0,0,0,0,7000
1517,利奇            ,6000,0,6000,0,0,0,0,0,0,1000,1000,0,1000,0,0,0,7000
9930,中聯資源        ,11000,5000,6000,0,0,0,0,0,0,1000,1000,0,1000,0,0,0,7000
6592,和潤企業        ,167000,187000,-20000,0,0,0,10000,0,10000,17000,0,0,0,17000,0,17000,7000
3419,譁裕            ,14000,7000,7000,0,0,0,0,0,0,0,0,0,0,0,0,0,7000
2904,匯僑            ,7000,0,7000,0,0,0,0,0,0,0,0,0,0,0,0,0,7000
060322,卜蜂群益9A購01  ,0,0,0,0,0,0,0,0,0,6000,0,0,0,16000,10000,6000,6000
056454,欣興凱基98購02  ,0,0,0,0,0,0,0,0,0,6000,0,0,0,16000,10000,6000,6000
056444,南亞科凱基99購01,0,0,0,0,0,0,0,0,0,6000,0,0,0,6000,0,6000,6000
05647P,聯發科國票97售02,0,0,0,0,0,0,0,0,0,6000,0,0,0,10000,4000,6000,6000
056003,智伸科永豐97購02,0,0,0,0,0,0,0,0,0,6000,0,0,0,6000,0,6000,6000
057328,京鼎群益99購02  ,0,0,0,0,0,0,0,0,0,6000,0,0,0,86000,80000,6000,6000
058522,聯茂元大99購07  ,0,0,0,0,0,0,0,0,0,6000,0,0,0,72000,66000,6000,6000
057093,臻鼎元富98購02  ,0,0,0,0,0,0,0,0,0,6000,0,0,0,6000,0,6000,6000
059429,台積電元大99購35,0,0,0,0,0,0,0,0,0,6000,0,0,0,6000,0,6000,6000
056362,聯發科元大99購01,0,0,0,0,0,0,0,0,0,6000,0,0,0,6000,0,6000,6000
055932,玉山金群益99購01,0,0,0,0,0,0,0,0,0,6000,0,0,0,6000,0,6000,6000
058977,SGBR2X凱基03購01,0,0,0,0,0,0,0,0,0,6000,0,0,0,50000,44000,6000,6000
059012,臺股指元大9A購31,0,0,0,0,0,0,0,0,0,6000,0,0,0,6000,0,6000,6000
057651,矽力元大98購03  ,0,0,0,0,0,0,0,0,0,6000,0,0,0,6000,0,6000,6000
057925,貿聯凱基99購01  ,0,0,0,0,0,0,0,0,0,6000,0,0,0,9000,3000,6000,6000
054003,鴻海統一96購13  ,0,0,0,0,0,0,0,0,0,6000,0,0,0,6000,0,6000,6000
053955,華通永豐96購04  ,0,0,0,0,0,0,0,0,0,6000,0,0,0,8000,2000,6000,6000
053818,富邦金群益98購01,0,0,0,0,0,0,0,0,0,6000,0,0,0,6000,0,6000,6000
055545,國巨凱基97購06  ,0,0,0,0,0,0,0,0,0,6000,0,0,0,52000,46000,6000,6000
055555,全新凱基9A購01  ,0,0,0,0,0,0,0,0,0,6000,0,0,0,6000,0,6000,6000
05092P,全新元大95售03  ,0,0,0,0,0,0,0,0,0,6000,0,0,0,6000,0,6000,6000
050597,聯電麥證94購01  ,0,0,0,6000,0,6000,0,0,0,6000,0,0,0,6000,0,6000,6000
049767,奇力新元富94購01,0,0,0,0,0,0,0,0,0,6000,0,0,0,6000,0,6000,6000
046375,友達凱基98購01  ,0,0,0,0,0,0,0,0,0,6000,0,0,0,6000,0,6000,6000
046384,群創凱基98購02  ,0,0,0,0,0,0,0,0,0,6000,0,0,0,6000,0,6000,6000
020000,富邦特選蘋果N   ,0,0,0,0,0,0,0,0,0,6000,0,0,0,27000,21000,6000,6000
059785,美律元大9A購03  ,0,0,0,0,0,0,0,0,0,6000,0,0,0,65000,59000,6000,6000
059729,群創元大9C購05  ,0,0,0,0,0,0,0,0,0,6000,0,0,0,49000,43000,6000,6000
059141,臺股指兆豐99購01,0,0,0,0,0,0,0,0,0,6000,0,0,0,6000,0,6000,6000
059877,康控凱基99購05  ,0,0,0,0,0,0,0,0,0,6000,0,0,0,31000,25000,6000,6000
054652,裕隆麥證97購01  ,0,0,0,6000,0,6000,0,0,0,6000,0,0,0,6000,0,6000,6000
055357,欣興凱基97購04  ,0,0,0,0,0,0,0,0,0,6000,0,0,0,26000,20000,6000,6000
055008,隆達元富97購01  ,0,0,0,0,0,0,0,0,0,6000,0,0,0,6000,0,6000,6000
053500,新日興兆豐97購01,0,0,0,0,0,0,0,0,0,6000,0,0,0,6000,0,6000,6000
054352,世芯國泰98購01  ,0,0,0,0,0,0,0,0,0,6000,0,0,0,61000,55000,6000,6000
053249,致伸國票97購02  ,0,0,0,0,0,0,0,0,0,6000,0,0,0,6000,0,6000,6000
053238,麗豐永豐96購01  ,0,0,0,0,0,0,0,0,0,6000,0,0,0,10000,4000,6000,6000
055887,上銀統一97購03  ,0,0,0,0,0,0,0,0,0,6000,0,0,0,6000,0,6000,6000
05589P,大立光中信9A售01,0,0,0,0,0,0,0,0,0,6000,0,0,0,6000,0,6000,6000
2636,台驊投控        ,13000,8000,5000,0,0,0,0,0,0,1000,1000,0,1000,0,0,0,6000
3591,艾笛森          ,5000,0,5000,0,0,0,0,0,0,1000,1000,0,1000,0,0,0,6000
6558,興能高          ,157000,150000,7000,0,0,0,0,0,0,-1000,0,1000,-1000,0,0,0,6000
6183,關貿            ,109000,94000,15000,0,0,0,0,0,0,-9000,0,9000,-9000,0,0,0,6000
5525,順天            ,6000,0,6000,0,0,0,0,0,0,0,0,0,0,0,0,0,6000
8429,金麗-KY         ,12000,7000,5000,0,0,0,0,0,0,1000,1000,0,1000,0,0,0,6000
1416,廣豐            ,18000,0,18000,0,0,0,0,0,0,-12000,0,12000,-12000,0,0,0,6000
1312A,國喬特          ,0,0,0,0,0,0,0,0,0,6000,10000,4000,6000,0,0,0,6000
2528,皇普            ,6000,0,6000,0,0,0,0,0,0,0,1000,1000,0,0,0,0,6000
06070P,漢唐永豐97售01  ,0,0,0,0,0,0,0,0,0,6000,0,0,0,6000,0,6000,6000
06142P,台虹康和97售02  ,0,0,0,0,0,0,0,0,0,6000,0,0,0,138000,132000,6000,6000
06304P,臺股指元大97售10,0,0,0,0,0,0,0,0,0,6000,0,0,0,6000,0,6000,6000
06051P,嘉聯益國票97售04,0,0,0,0,0,0,0,0,0,6000,0,0,0,30000,24000,6000,6000
06605P,玉晶光元富98售03,0,0,0,0,0,0,0,0,0,6000,0,0,0,6000,0,6000,6000
06535P,可成群益99售02  ,0,0,0,0,0,0,0,0,0,6000,0,0,0,6000,0,6000,6000
06496P,台灣50日盛98售01,0,0,0,0,0,0,0,0,0,6000,0,0,0,6000,0,6000,6000
06974P,臺股指元大9A售12,0,0,0,0,0,0,0,0,0,6000,0,0,0,6000,0,6000,6000
06943P,致茂元富98售03  ,0,0,0,0,0,0,0,0,0,6000,0,0,0,6000,0,6000,6000
06926P,可成群益9A售04  ,0,0,0,0,0,0,0,0,0,6000,0,0,0,6000,0,6000,6000
06903P,技嘉凱基98售04  ,0,0,0,0,0,0,0,0,0,6000,0,0,0,10000,4000,6000,6000
06898P,FBVIX群益9C售03 ,0,0,0,0,0,0,0,0,0,6000,0,0,0,6000,0,6000,6000
060071,國巨元富99購03  ,0,0,0,0,0,0,0,0,0,6000,0,0,0,45000,39000,6000,6000
057818,泰碩元大9A購01  ,0,0,0,0,0,0,0,0,0,5000,0,0,0,5000,0,5000,5000
057281,大立光元大98購16,0,0,0,0,0,0,0,0,0,5000,0,0,0,5000,0,5000,5000
057750,神達國票99購01  ,0,0,0,0,0,0,0,0,0,5000,0,0,0,5000,0,5000,5000
058426,旺宏元富99購02  ,0,0,0,0,0,0,0,0,0,5000,0,0,0,5000,0,5000,5000
058490,元黃金群益9B購01,0,0,0,0,0,0,0,0,0,5000,0,0,0,5000,0,5000,5000
05849P,臺股指元大96售25,0,0,0,0,0,0,0,0,0,5000,0,0,0,5000,0,5000,5000
058061,貿聯元富9B購01  ,0,0,0,0,0,0,0,0,0,5000,0,0,0,70000,65000,5000,5000
058963,華新科兆豐99購05,0,0,0,0,0,0,0,0,0,5000,0,0,0,5000,0,5000,5000
056347,GIS凱基9A購01   ,0,0,0,0,0,0,0,0,0,5000,0,0,0,5000,0,5000,5000
058901,美律元大99購07  ,0,0,0,0,0,0,0,0,0,5000,0,0,0,35000,30000,5000,5000
058852,貿聯群益99購04  ,0,0,0,0,0,0,0,0,0,5000,0,0,0,5000,0,5000,5000
058347,玉晶光群益9B購01,0,0,0,0,0,0,0,0,0,5000,0,0,0,14000,9000,5000,5000
058305,華邦電元大99購02,0,0,0,0,0,0,0,0,0,5000,0,0,0,5000,0,5000,5000
057249,華邦電統一9A購01,0,0,0,0,0,0,0,0,0,5000,0,0,0,5000,0,5000,5000
05720P,可成中信98售01  ,0,0,0,0,0,0,0,0,0,5000,0,0,0,5000,0,5000,5000
05682P,大立光元大98售03,0,0,0,0,0,0,0,0,0,5000,0,0,0,5000,0,5000,5000
059358,旺宏永豐99購02  ,0,0,0,0,0,0,0,0,0,5000,0,0,0,5000,0,5000,5000
059334,A50正2國票9A購02,0,0,0,0,0,0,0,0,0,5000,0,0,0,101000,96000,5000,5000
058260,華新科富邦9C購01,0,0,0,0,0,0,0,0,0,5000,0,0,0,5000,0,5000,5000
057006,國巨中信98購03  ,0,0,0,0,0,0,0,0,0,5000,0,0,0,5000,0,5000,5000
056979,微星群益98購01  ,0,0,0,0,0,0,0,0,0,5000,0,0,0,5000,0,5000,5000
056967,奇鋐永豐98購01  ,0,0,0,0,0,0,0,0,0,5000,0,0,0,118000,113000,5000,5000
056055,國巨元大97購15  ,0,0,0,0,0,0,0,0,0,5000,0,0,0,5000,0,5000,5000
056079,世紀鋼元大97購02,0,0,0,0,0,0,0,0,0,5000,0,0,0,55000,50000,5000,5000
057416,T50反1凱基9C購01,0,0,0,0,0,0,0,0,0,5000,0,0,0,5000,0,5000,5000
057391,樺漢永豐98購01  ,0,0,0,0,0,0,0,0,0,5000,0,0,0,5000,0,5000,5000
055952,上銀元大97購08  ,0,0,0,0,0,0,0,0,0,5000,0,0,0,5000,0,5000,5000
057635,中鋼元大98購01  ,0,0,0,0,0,0,0,0,0,5000,0,0,0,5000,0,5000,5000
059092,聯陽元大99購01  ,0,0,0,0,0,0,0,0,0,5000,0,0,0,5000,0,5000,5000
059576,臺股指凱基99購42,0,0,0,0,0,0,0,0,0,5000,0,0,0,5000,0,5000,5000
059540,新光金日盛99購01,0,0,0,0,0,0,0,0,0,5000,0,0,0,14000,9000,5000,5000
05620P,大立光富邦9B售01,0,0,0,0,0,0,0,0,0,5000,0,0,0,5000,0,5000,5000
058714,美律統一9B購01  ,0,0,0,0,0,0,0,0,0,5000,0,0,0,5000,0,5000,5000
059633,聯發科凱基9A購07,0,0,0,0,0,0,0,0,0,5000,0,0,0,7000,2000,5000,5000
059620,聯發科日盛99購02,0,0,0,0,0,0,0,0,0,5000,0,0,0,15000,10000,5000,5000
058644,元黃金富邦03購01,0,0,0,0,0,0,0,0,0,5000,0,0,0,5000,0,5000,5000
056452,亞光凱基98購02  ,0,0,0,0,0,0,0,0,0,5000,0,0,0,5000,0,5000,5000
058785,臺股指國票99購04,0,0,0,0,0,0,0,0,0,5000,0,0,0,5000,0,5000,5000
056410,康控國票99購01  ,0,0,0,0,0,0,0,0,0,5000,0,0,0,68000,63000,5000,5000
05663P,創意元富96售04  ,0,0,0,0,0,0,0,0,0,5000,0,0,0,5000,0,5000,5000
060150,華通富邦9B購01  ,0,0,0,0,0,0,0,0,0,5000,0,0,0,5000,0,5000,5000
060151,旺宏富邦9A購02  ,0,0,0,0,0,0,0,0,0,5000,0,0,0,20000,15000,5000,5000
055892,國巨統一99購01  ,0,0,0,0,0,0,0,0,0,5000,0,0,0,5000,0,5000,5000
05482P,鴻海凱基95售22  ,0,0,0,0,0,0,0,0,0,5000,0,0,0,10000,5000,5000,5000
053306,晶技凱基97購01  ,0,0,0,0,0,0,0,0,0,5000,0,0,0,5000,0,5000,5000
053348,彩晶國票97購02  ,0,0,0,0,0,0,0,0,0,5000,0,0,0,5000,0,5000,5000
053127,貿聯凱基97購01  ,0,0,0,0,0,0,0,0,0,5000,0,0,0,5000,0,5000,5000
05307P,光寶科中信95售01,0,0,0,0,0,0,0,0,0,5000,0,0,0,5000,0,5000,5000
053080,力山元大96購02  ,0,0,0,0,0,0,0,0,0,5000,0,0,0,5000,0,5000,5000
054968,佐登元大97購01  ,0,0,0,0,0,0,0,0,0,5000,0,0,0,5000,0,5000,5000
054268,健策第一96購01  ,0,0,0,0,0,0,0,0,0,5000,0,0,0,5000,0,5000,5000
054225,華新元富96購01  ,0,0,0,0,0,0,0,0,0,5000,0,0,0,5000,0,5000,5000
053645,臺股指國票96購08,0,0,0,0,0,0,0,0,0,5000,0,0,0,5000,0,5000,5000
053579,華通元大97購01  ,0,0,0,0,0,0,0,0,0,5000,0,0,0,5000,0,5000,5000
055067,禾聯碩永豐97購01,0,0,0,0,0,0,0,0,0,5000,0,0,0,5000,0,5000,5000
055121,鴻海兆豐97購03  ,0,0,0,0,0,0,0,0,0,5000,0,0,0,5000,0,5000,5000
052578,大立光統一97購01,0,0,0,0,0,0,0,0,0,5000,0,0,0,5000,0,5000,5000
055467,國巨凱基97購05  ,0,0,0,0,0,0,0,0,0,5000,0,0,0,5000,0,5000,5000
05282P,可成元大95售09  ,0,0,0,0,0,0,0,0,0,5000,0,0,0,5000,0,5000,5000
05447P,臺股指元大95售24,0,0,0,0,0,0,0,0,0,5000,0,0,0,5000,0,5000,5000
054561,奇力新群益97購03,0,0,0,0,0,0,0,0,0,5000,0,0,0,5000,0,5000,5000
054778,世紀鋼國票99購01,0,0,0,0,0,0,0,0,0,5000,0,0,0,10000,5000,5000,5000
059786,全新元大99購06  ,0,0,0,0,0,0,0,0,0,5000,0,0,0,14000,9000,5000,5000
059816,聯電凱基99購03  ,0,0,0,0,0,0,0,0,0,5000,0,0,0,12000,7000,5000,5000
00666R,富邦恒生國企反1 ,6000,0,6000,0,0,0,0,0,0,-1000,0,0,0,0,1000,-1000,5000
048667,旺宏永豐94購02  ,0,0,0,0,0,0,0,0,0,5000,0,0,0,5000,0,5000,5000
047439,漢唐元大95購01  ,0,0,0,0,0,0,0,0,0,5000,0,0,0,5000,0,5000,5000
03414B,臺股指凱基99熊01,0,40000,-40000,0,0,0,0,0,0,45000,0,0,0,172000,127000,45000,5000
047493,旺宏元富96購01  ,0,0,0,0,0,0,0,0,0,5000,0,0,0,5000,0,5000,5000
04776P,聯發科凱基94售06,0,0,0,0,0,0,0,0,0,5000,0,0,0,404000,399000,5000,5000
048186,元黃金元大96購01,0,0,0,0,0,0,0,0,0,5000,0,0,0,5000,0,5000,5000
048007,明基材元大96購01,0,0,0,0,0,0,0,0,0,5000,0,0,0,5000,0,5000,5000
051799,台積電永豐96購01,0,0,0,0,0,0,0,0,0,5000,0,0,0,5000,0,5000,5000
051805,元黃金凱基97購02,0,0,0,0,0,0,0,0,0,5000,0,0,0,5000,0,5000,5000
045444,群創元富98購02  ,0,0,0,0,0,0,0,0,0,5000,0,0,0,5000,0,5000,5000
04454P,大立光富邦98售02,0,0,0,0,0,0,0,0,0,5000,0,0,0,5000,0,5000,5000
049597,泰鼎元大96購01  ,0,0,0,0,0,0,0,0,0,5000,0,0,0,15000,10000,5000,5000
052103,台積電兆豐95購06,0,0,0,0,0,0,0,0,0,5000,0,0,0,5000,0,5000,5000
052318,友達元大98購01  ,0,0,0,0,0,0,0,0,0,5000,0,0,0,5000,0,5000,5000
050155,華新科群益95購01,0,0,0,0,0,0,0,0,0,5000,0,0,0,5000,0,5000,5000
050613,台光電元大94購09,0,0,0,0,0,0,0,0,0,5000,0,0,0,5000,0,5000,5000
05098P,鴻海凱基95售15  ,0,0,0,0,0,0,0,0,0,5000,0,0,0,10000,5000,5000,5000
051348,國巨元大95購07  ,0,0,0,0,0,0,0,0,0,5000,0,0,0,5000,0,5000,5000
051390,京元電兆豐95購01,0,0,0,0,0,0,0,0,0,5000,0,0,0,5000,0,5000,5000
053860,台積電元大98購03,0,0,0,0,0,0,0,0,0,5000,0,0,0,5000,0,5000,5000
051575,國巨元大96購03  ,0,0,0,0,0,0,0,0,0,5000,0,0,0,5000,0,5000,5000
051412,奇力新國票96購01,0,0,0,0,0,0,0,0,0,5000,0,0,0,5000,0,5000,5000
053942,超眾國泰96購02  ,0,0,0,0,0,0,0,0,0,5000,0,0,0,5000,0,5000,5000
053884,緯穎第一96購01  ,0,0,0,0,0,0,0,0,0,5000,0,0,0,5000,0,5000,5000
055585,國巨元大98購08  ,0,0,0,0,0,0,0,0,0,5000,0,0,0,5000,0,5000,5000
053959,晶豪科永豐96購02,0,0,0,0,0,0,0,0,0,5000,0,0,0,5000,0,5000,5000
054011,旺宏永豐96購05  ,0,0,0,0,0,0,0,0,0,5000,0,0,0,5000,0,5000,5000
05576P,群創日盛99售02  ,0,0,0,0,0,0,0,0,0,5000,0,0,0,5000,0,5000,5000
055758,旺宏群益97購01  ,0,0,0,0,0,0,0,0,0,5000,0,0,0,5000,0,5000,5000
060087,鴻海元大99購43  ,0,0,0,0,0,0,0,0,0,5000,0,0,0,21000,16000,5000,5000
07225P,台積電元大99售33,0,0,0,0,0,0,0,0,0,5000,0,0,0,505000,500000,5000,5000
07202P,台灣50凱基9C售04,0,0,0,0,0,0,0,0,0,5000,0,0,0,5000,0,5000,5000
07191P,台積電元大99售32,0,0,0,0,0,0,0,0,0,5000,0,0,0,10000,5000,5000,5000
07216P,大立光凱基99售08,0,0,0,0,0,0,0,0,0,5000,0,0,0,5000,0,5000,5000
06901P,亞德客凱基98售02,0,0,0,0,0,0,0,0,0,5000,0,0,0,6000,1000,5000,5000
06983P,台積電國泰9A售02,0,0,0,0,0,0,0,0,0,5000,0,0,0,5000,0,5000,5000
07048P,台積電中信03售01,0,0,0,0,0,0,0,0,0,5000,0,0,0,5000,0,5000,5000
07075P,FBVIX凱基9C售04 ,0,0,0,0,0,0,0,0,0,5000,0,0,0,5000,0,5000,5000
06598P,奇力新永豐98售02,0,0,0,0,0,0,0,0,0,5000,0,0,0,5000,0,5000,5000
06431P,新日興元大97售05,0,0,0,0,0,0,0,0,0,5000,0,0,0,16000,11000,5000,5000
06247P,同欣電元富97售02,0,0,0,0,0,0,0,0,0,5000,0,0,0,5000,0,5000,5000
06123P,玉晶光元大97售04,0,0,0,0,0,0,0,0,0,5000,0,0,0,5000,0,5000,5000
2002A,中鋼特          ,0,0,0,0,0,0,0,0,0,5000,5000,0,5000,0,0,0,5000
2114,鑫永銓          ,5000,0,5000,0,0,0,0,0,0,0,0,0,0,0,0,0,5000
1726,永記            ,5000,1000,4000,0,0,0,0,0,0,1000,1000,0,1000,0,0,0,5000
1533,車王電          ,7000,2000,5000,0,0,0,0,0,0,0,0,0,0,0,0,0,5000
1445,大宇            ,5000,0,5000,0,0,0,0,0,0,0,1000,1000,0,0,0,0,5000
07499P,台積電元大9A售12,0,0,0,0,0,0,0,0,0,5000,0,0,0,5000,0,5000,5000
9917,中保科          ,22000,15000,7000,0,0,0,0,0,0,-2000,4000,6000,-2000,0,0,0,5000
6112,聚碩            ,23000,18000,5000,0,0,0,0,0,0,0,1000,1000,0,0,0,0,5000
6581,鋼聯            ,6000,1000,5000,0,0,0,0,0,0,0,0,0,0,0,0,0,5000
6655,科定            ,7000,2000,5000,0,0,0,0,0,0,0,0,0,0,0,0,0,5000
3027,盛達            ,7000,2000,5000,0,0,0,0,0,0,0,0,0,0,0,0,0,5000
056232,瑞儀凱基98購01  ,0,0,0,0,0,0,0,0,0,4000,0,0,0,4000,0,4000,4000
057542,上銀凱基99購01  ,0,0,0,0,0,0,0,0,0,4000,0,0,0,4000,0,4000,4000
05871P,全新凱基96售04  ,0,0,0,0,0,0,0,0,0,4000,0,0,0,4000,0,4000,4000
055947,元油反元大98購03,0,0,0,0,0,0,0,0,0,4000,0,0,0,10000,6000,4000,4000
059509,奇力新永豐99購02,0,0,0,0,0,0,0,0,0,4000,0,0,0,26000,22000,4000,4000
056097,訊芯元富97購02  ,0,0,0,0,0,0,0,0,0,4000,0,0,0,4000,0,4000,4000
058518,玉晶光元大99購13,0,0,0,0,0,0,0,0,0,4000,0,0,0,4000,0,4000,4000
058581,大立光群益99購05,0,0,0,0,0,0,0,0,0,4000,0,0,0,5000,1000,4000,4000
058170,國巨凱基9A購06  ,0,0,0,0,0,0,0,0,0,4000,0,0,0,90000,86000,4000,4000
05699P,茂林凱基96售05  ,0,0,0,0,0,0,0,0,0,4000,0,0,0,4000,0,4000,4000
058199,國巨康和99購01  ,0,0,0,0,0,0,0,0,0,4000,0,0,0,204000,200000,4000,4000
058274,世紀鋼永豐99購01,0,0,0,0,0,0,0,0,0,4000,0,0,0,20000,16000,4000,4000
059344,長榮航凱基99購01,0,0,0,0,0,0,0,0,0,4000,0,0,0,4000,0,4000,4000
059316,國巨元大99購23  ,0,0,0,0,0,0,0,0,0,4000,0,0,0,89000,85000,4000,4000
059700,鴻海凱基9A購16  ,0,0,0,0,0,0,0,0,0,4000,0,0,0,4000,0,4000,4000
059671,滬深2X元富99購05,0,0,0,0,0,0,0,0,0,4000,0,0,0,4000,0,4000,4000
059414,台灣50元大9A購02,0,0,0,0,0,0,0,0,0,4000,0,0,0,4000,0,4000,4000
059415,台灣50元大9A購03,0,0,0,0,0,0,0,0,0,4000,0,0,0,4000,0,4000,4000
058969,亞德客永豐99購01,0,0,0,0,0,0,0,0,0,4000,0,0,0,48000,44000,4000,4000
058983,旺宏凱基99購05  ,0,0,0,0,0,0,0,0,0,4000,0,0,0,4000,0,4000,4000
058984,全新凱基9A購03  ,0,0,0,0,0,0,0,0,0,4000,0,0,0,7000,3000,4000,4000
059367,台灣50元富01購03,0,0,0,0,0,0,0,0,0,4000,0,0,0,4000,0,4000,4000
055739,健鼎元富97購01  ,0,0,0,0,0,0,0,0,0,4000,0,0,0,4000,0,4000,4000
05069P,鴻海統一96售03  ,0,0,0,0,0,0,0,0,0,4000,0,0,0,4000,0,4000,4000
052325,高股息中信99購01,0,0,0,0,0,0,0,0,0,4000,0,0,0,4000,0,4000,4000
052385,滬深2X群益99購05,0,0,0,0,0,0,0,0,0,4000,0,0,0,4000,0,4000,4000
052061,樺漢國票96購01  ,0,0,0,0,0,0,0,0,0,4000,0,0,0,4000,0,4000,4000
049611,緯穎兆豐95購02  ,0,0,0,0,0,0,0,0,0,4000,0,0,0,4000,0,4000,4000
052193,國巨元富95購06  ,0,0,0,0,0,0,0,0,0,4000,0,0,0,5000,1000,4000,4000
052177,京鼎元大95購02  ,0,0,0,0,0,0,0,0,0,4000,0,0,0,4000,0,4000,4000
051829,玉晶光元大98購02,0,0,0,0,0,0,0,0,0,4000,0,0,0,4000,0,4000,4000
042793,台積電台新9C購01,0,0,0,0,0,0,0,0,0,4000,0,0,0,4000,0,4000,4000
042556,台灣50中信96購04,0,0,0,0,0,0,0,0,0,4000,0,0,0,4000,0,4000,4000
048059,欣興國泰95購01  ,0,0,0,0,0,0,0,0,0,4000,0,0,0,4000,0,4000,4000
04811P,上銀元大94售02  ,0,0,0,0,0,0,0,0,0,4000,0,0,0,4000,0,4000,4000
00668,國泰美國道瓊    ,0,0,0,0,0,0,0,0,0,4000,0,0,0,4000,0,4000,4000
00682U,元大美元指數    ,0,0,0,0,0,0,0,0,0,4000,0,0,0,5000,1000,4000,4000
059855,緯穎永豐99購04  ,0,0,0,0,0,0,0,0,0,4000,0,0,0,5000,1000,4000,4000
059753,貿聯群益99購06  ,0,0,0,0,0,0,0,0,0,4000,0,0,0,4000,0,4000,4000
055287,日電貿元大97購01,0,0,0,0,0,0,0,0,0,4000,0,0,0,4000,0,4000,4000
055289,泰碩元大98購01  ,0,0,0,0,0,0,0,0,0,4000,0,0,0,4000,0,4000,4000
052790,智邦兆豐97購01  ,0,0,0,0,0,0,0,0,0,4000,0,0,0,4000,0,4000,4000
052886,世紀鋼兆豐96購01,0,0,0,0,0,0,0,0,0,4000,0,0,0,8000,4000,4000,4000
055191,牧德元富97購01  ,0,0,0,0,0,0,0,0,0,4000,0,0,0,4000,0,4000,4000
053597,牧德元大99購01  ,0,0,0,0,0,0,0,0,0,4000,0,0,0,4000,0,4000,4000
054215,創意國票97購02  ,0,0,0,0,0,0,0,0,0,4000,0,0,0,42000,38000,4000,4000
053216,京鼎凱基96購02  ,0,0,0,0,0,0,0,0,0,4000,0,0,0,16000,12000,4000,4000
053248,智伸科國票97購01,0,0,0,0,0,0,0,0,0,4000,0,0,0,4000,0,4000,4000
054892,彩晶統一99購01  ,0,0,0,0,0,0,0,0,0,4000,0,0,0,77000,73000,4000,4000
3311,閎暉            ,11000,7000,4000,0,0,0,0,0,0,0,0,0,0,0,0,0,4000
3346,麗清            ,25000,21000,4000,0,0,0,0,0,0,0,0,0,0,0,0,0,4000
4566,時碩工業        ,18000,14000,4000,0,0,0,0,0,0,0,0,0,0,0,0,0,4000
4912,聯德控股-KY     ,8000,4000,4000,0,0,0,0,0,0,0,0,0,0,0,0,0,4000
4764,雙鍵            ,7000,3000,4000,0,0,0,0,0,0,0,0,0,0,0,0,0,4000
911616,杜康-DR         ,4000,0,4000,0,0,0,0,0,0,0,0,0,0,0,0,0,4000
1474,弘裕            ,6000,0,6000,0,0,0,0,0,0,-2000,0,2000,-2000,0,0,0,4000
1465,偉全            ,4000,0,4000,0,0,0,0,0,0,0,0,0,0,0,0,0,4000
1414,東和            ,5000,2000,3000,0,0,0,0,0,0,1000,1000,0,1000,0,0,0,4000
1541,錩泰            ,8000,9000,-1000,0,0,0,0,0,0,5000,5000,0,5000,0,0,0,4000
06309P,光罩元富97售03  ,0,0,0,0,0,0,0,0,0,4000,0,0,0,4000,0,4000,4000
06479P,聯發科中信99售02,0,0,0,0,0,0,0,0,0,4000,0,0,0,4000,0,4000,4000
07031P,台灣50中信03售02,0,0,0,0,0,0,0,0,0,4000,0,0,0,4000,0,4000,4000
06899P,嘉澤群益98售01  ,0,0,0,0,0,0,0,0,0,4000,0,0,0,4000,0,4000,4000
06583P,可成凱基98售07  ,0,0,0,0,0,0,0,0,0,4000,0,0,0,16000,12000,4000,4000
07194P,聯發科元大99售25,0,0,0,0,0,0,0,0,0,4000,0,0,0,7000,3000,4000,4000
07181P,臺股指凱基99售23,0,0,0,0,0,0,0,0,0,4000,0,0,0,4000,0,4000,4000
06007P,世芯永豐96售01  ,0,0,0,0,0,0,0,0,0,4000,0,0,0,12000,8000,4000,4000
07158P,FBVIX國泰9C售01 ,0,0,0,0,0,0,0,0,0,4000,0,0,0,4000,0,4000,4000
058044,鴻海元大99購07  ,0,0,0,0,0,0,0,0,0,3000,0,0,0,4000,1000,3000,3000
057776,京元電群益98購02,0,0,0,0,0,0,0,0,0,3000,0,0,0,9000,6000,3000,3000
057270,遠東新元大98購01,0,0,0,0,0,0,0,0,0,3000,0,0,0,3000,0,3000,3000
057828,緯穎元大99購02  ,0,0,0,0,0,0,0,0,0,3000,0,0,0,45000,42000,3000,3000
058989,茂林凱基99購02  ,0,0,0,0,0,0,0,0,0,3000,0,0,0,106000,103000,3000,3000
059428,國巨元大99購25  ,0,0,0,0,0,0,0,0,0,3000,0,0,0,28000,25000,3000,3000
058830,健策永豐99購02  ,0,0,0,0,0,0,0,0,0,3000,0,0,0,3000,0,3000,3000
058845,元油2X群益9C購04,0,0,0,0,0,0,0,0,0,3000,0,0,0,3000,0,3000,3000
058864,欣興凱基99購04  ,0,0,0,0,0,0,0,0,0,3000,0,0,0,13000,10000,3000,3000
059670,T50正2元富99購04,0,0,0,0,0,0,0,0,0,3000,0,0,0,3000,0,3000,3000
059705,華新科凱基9A購07,0,0,0,0,0,0,0,0,0,3000,0,0,0,12000,9000,3000,3000
059321,欣興元大99購07  ,0,0,0,0,0,0,0,0,0,3000,0,0,0,3000,0,3000,3000
059300,國巨群益99購08  ,0,0,0,0,0,0,0,0,0,3000,0,0,0,101000,98000,3000,3000
058384,大成鋼中信99購01,0,0,0,0,0,0,0,0,0,3000,0,0,0,3000,0,3000,3000
059345,禾伸堂凱基99購03,0,0,0,0,0,0,0,0,0,3000,0,0,0,3000,0,3000,3000
058234,華新科元大99購12,0,0,0,0,0,0,0,0,0,3000,0,0,0,3000,0,3000,3000
059258,台灣50群益99購01,0,0,0,0,0,0,0,0,0,3000,0,0,0,3000,0,3000,3000
05852P,嘉晶群益96售01  ,0,0,0,0,0,0,0,0,0,3000,0,0,0,59000,56000,3000,3000
058565,鴻海凱基9A購07  ,0,0,0,0,0,0,0,0,0,3000,0,0,0,3000,0,3000,3000
056041,禾伸堂凱基98購03,0,0,0,0,0,0,0,0,0,3000,0,0,0,3000,0,3000,3000
055986,祥碩元富97購01  ,0,0,0,0,0,0,0,0,0,3000,0,0,0,3000,0,3000,3000
059541,T50正2康和99購01,0,0,0,0,0,0,0,0,0,3000,0,0,0,3000,0,3000,3000
059538,健策凱基99購03  ,0,0,0,0,0,0,0,0,0,3000,0,0,0,39000,36000,3000,3000
059573,健策凱基9A購02  ,0,0,0,0,0,0,0,0,0,3000,0,0,0,88000,85000,3000,3000
056738,國巨凱基9A購02  ,0,0,0,0,0,0,0,0,0,3000,0,0,0,43000,40000,3000,3000
056526,力山凱基98購01  ,0,0,0,0,0,0,0,0,0,3000,0,0,0,16000,13000,3000,3000
056513,臻鼎亞東99購01  ,0,0,0,0,0,0,0,0,0,3000,0,0,0,3000,0,3000,3000
056532,技嘉凱基98購01  ,0,0,0,0,0,0,0,0,0,3000,0,0,0,3000,0,3000,3000
056426,上証2X凱基9A購01,0,0,0,0,0,0,0,0,0,3000,0,0,0,3000,0,3000,3000
056445,聯發科凱基98購07,0,0,0,0,0,0,0,0,0,3000,0,0,0,3000,0,3000,3000
056434,國巨凱基98購03  ,0,0,0,0,0,0,0,0,0,3000,0,0,0,34000,31000,3000,3000
056435,台積電凱基98購09,0,0,0,0,0,0,0,0,0,3000,0,0,0,13000,10000,3000,3000
060308,劍麟永豐9A購01  ,0,0,0,0,0,0,0,0,0,3000,0,0,0,3000,0,3000,3000
060346,華新科統一01購01,0,0,0,0,0,0,0,0,0,3000,0,0,0,3000,0,3000,3000
060261,臺股指凱基9A購04,0,0,0,0,0,0,0,0,0,3000,0,0,0,3000,0,3000,3000
055789,台虹凱基97購01  ,0,0,0,0,0,0,0,0,0,3000,0,0,0,3000,0,3000,3000
053345,欣興國票97購02  ,0,0,0,0,0,0,0,0,0,3000,0,0,0,3000,0,3000,3000
053473,聯發科元大96購15,0,0,0,0,0,0,0,0,0,3000,0,0,0,3000,0,3000,3000
054265,GIS元大96購03   ,0,0,0,0,0,0,0,0,0,3000,0,0,0,103000,100000,3000,3000
055206,台虹中信97購01  ,0,0,0,0,0,0,0,0,0,3000,0,0,0,3000,0,3000,3000
052602,聯電元大97購01  ,0,0,0,0,0,0,0,0,0,3000,0,0,0,93000,90000,3000,3000
059725,聯發科元大99購31,0,0,0,0,0,0,0,0,0,3000,0,0,0,5000,2000,3000,3000
00706L,元大S&P日圓正2  ,0,0,0,0,0,0,0,0,0,3000,0,0,0,3000,0,3000,3000
00707R,元大S&P日圓反1  ,0,0,0,0,0,0,0,0,0,3000,0,0,0,3000,0,3000,3000
03007X,元展07          ,0,0,0,0,0,0,0,0,0,3000,0,0,0,3000,0,3000,3000
0055,元大MSCI金融    ,1000,1000,0,0,0,0,0,0,0,3000,0,0,0,44000,41000,3000,3000
047992,東陽元大96購01  ,0,0,0,0,0,0,0,0,0,3000,0,0,0,3000,0,3000,3000
047768,大立光元大95購01,0,0,0,0,0,0,0,0,0,3000,0,0,0,3000,0,3000,3000
048262,台積電元富94購01,0,0,0,0,0,0,0,0,0,3000,0,0,0,3000,0,3000,3000
03039X,元展36          ,0,0,0,0,0,0,0,0,0,3000,0,0,0,3000,0,3000,3000
047063,漢唐凱基95購01  ,0,0,0,0,0,0,0,0,0,3000,0,0,0,3000,0,3000,3000
047004,台積電統一99購01,0,0,0,0,0,0,0,0,0,3000,0,0,0,3000,0,3000,3000
04041P,大立光統一94售03,0,0,0,0,0,0,0,0,0,3000,0,0,0,3000,0,3000,3000
04434P,玉晶光國票96售02,0,0,0,0,0,0,0,0,0,3000,0,0,0,3000,0,3000,3000
03765P,大立光元富96售01,0,0,0,0,0,0,0,0,0,3000,0,0,0,3000,0,3000,3000
048937,玉晶光永豐95購01,0,0,0,0,0,0,0,0,0,3000,0,0,0,5000,2000,3000,3000
052321,華擎元大95購01  ,0,0,0,0,0,0,0,0,0,3000,0,0,0,3000,0,3000,3000
052428,嘉晶永豐95購01  ,0,0,0,0,0,0,0,0,0,3000,0,0,0,3000,0,3000,3000
05011P,南電國泰96售01  ,0,0,0,0,0,0,0,0,0,3000,0,0,0,3000,0,3000,3000
050028,華新科元大94購03,0,0,0,0,0,0,0,0,0,3000,0,0,0,3000,0,3000,3000
050385,貿聯國票95購02  ,0,0,0,0,0,0,0,0,0,3000,0,0,0,3000,0,3000,3000
050200,致新元大94購01  ,0,0,0,0,0,0,0,0,0,3000,0,0,0,3000,0,3000,3000
050261,國巨元大95購04  ,0,0,0,0,0,0,0,0,0,3000,0,0,0,3000,0,3000,3000
051075,智邦國泰97購01  ,0,0,0,0,0,0,0,0,0,3000,0,0,0,3000,0,3000,3000
05140P,台表科國票96售01,0,0,0,0,0,0,0,0,0,3000,0,0,0,28000,25000,3000,3000
051553,牧德永豐96購02  ,0,0,0,0,0,0,0,0,0,3000,0,0,0,3000,0,3000,3000
053747,滬深2X永豐96購05,0,0,0,0,0,0,0,0,0,3000,0,0,0,3000,0,3000,3000
07192P,聯發科元大99售23,0,0,0,0,0,0,0,0,0,3000,0,0,0,6000,3000,3000,3000
07285P,上証2X群益01售02,0,0,0,0,0,0,0,0,0,3000,0,0,0,3000,0,3000,3000
060182,旺宏元富9A購01  ,0,0,0,0,0,0,0,0,0,3000,0,0,0,5000,2000,3000,3000
06944P,健鼎元富98售02  ,0,0,0,0,0,0,0,0,0,3000,0,0,0,3000,0,3000,3000
06958P,FBVIX凱基9C售02 ,0,0,0,0,0,0,0,0,0,3000,0,0,0,3000,0,3000,3000
06303P,臺股指元大97售09,0,0,0,0,0,0,0,0,0,3000,0,0,0,3000,0,3000,3000
06179P,國巨群益97售04  ,0,0,0,0,0,0,0,0,0,3000,0,0,0,3000,0,3000,3000
1558,伸興            ,5000,2000,3000,0,0,0,0,0,0,0,0,0,0,0,0,0,3000
1531,高林股          ,7000,0,7000,0,0,0,0,0,0,-4000,0,4000,-4000,0,0,0,3000
1618,合機            ,4000,1000,3000,0,0,0,0,0,0,0,0,0,0,0,0,0,3000
2012,春雨            ,2000,0,2000,0,0,0,0,0,0,1000,1000,0,1000,0,0,0,3000
2032,新鋼            ,3000,0,3000,0,0,0,0,0,0,0,0,0,0,0,0,0,3000
2483,百容            ,3000,0,3000,0,0,0,0,0,0,0,0,0,0,0,0,0,3000
2413,環科            ,13000,10000,3000,0,0,0,0,0,0,0,1000,1000,0,0,0,0,3000
2358,廷鑫            ,12000,9000,3000,0,0,0,0,0,0,0,0,0,0,0,0,0,3000
06735P,奇力新凱基98售07,0,0,0,0,0,0,0,0,0,3000,0,0,0,22000,19000,3000,3000
07455P,聯發科元大9A售01,0,0,0,0,0,0,0,0,0,3000,0,0,0,23000,20000,3000,3000
9937,全國            ,3000,0,3000,0,0,0,0,0,0,0,0,0,0,0,0,0,3000
6277,宏正            ,20000,16000,4000,0,0,0,0,0,0,-1000,0,1000,-1000,0,0,0,3000
5608,四維航          ,20000,17000,3000,0,0,0,0,0,0,0,1000,1000,0,0,0,0,3000
3257,虹冠電          ,5000,2000,3000,0,0,0,0,0,0,0,0,0,0,0,0,0,3000
3383,新世紀          ,3000,0,3000,0,0,0,0,0,0,0,0,0,0,0,0,0,3000
2887E,台新戊特        ,3000,0,3000,0,0,0,0,0,0,0,0,0,0,0,0,0,3000
060257,臺股指元大9B購08,0,0,0,0,0,0,0,0,0,2000,0,0,0,2000,0,2000,2000
060349,上証2X元富9A購04,0,0,0,0,0,0,0,0,0,2000,0,0,0,2000,0,2000,2000
060356,上銀元富9A購01  ,0,0,0,0,0,0,0,0,0,2000,0,0,0,68000,66000,2000,2000
060268,台灣50元大9C購20,0,0,0,0,0,0,0,0,0,2000,0,0,0,2000,0,2000,2000
056467,上証2X元大98購02,0,0,0,0,0,0,0,0,0,2000,0,0,0,2000,0,2000,2000
058767,亞德客兆豐99購01,0,0,0,0,0,0,0,0,0,2000,0,0,0,2000,0,2000,2000
056538,國泰金凱基98購01,0,0,0,0,0,0,0,0,0,2000,0,0,0,2000,0,2000,2000
059558,T50正2凱基9C購03,0,0,0,0,0,0,0,0,0,2000,0,0,0,2000,0,2000,2000
057459,臺股指富邦99購03,0,0,0,0,0,0,0,0,0,2000,0,0,0,2000,0,2000,2000
05748P,臺股指群益99售02,0,0,0,0,0,0,0,0,0,2000,0,0,0,2000,0,2000,2000
058742,鴻海康和99購01  ,0,0,0,0,0,0,0,0,0,2000,0,0,0,3000,1000,2000,2000
05872P,大立光凱基96售15,0,0,0,0,0,0,0,0,0,2000,0,0,0,20000,18000,2000,2000
059605,臺股指元大9A購42,0,0,0,0,0,0,0,0,0,2000,0,0,0,2000,0,2000,2000
057543,華通凱基99購02  ,0,0,0,0,0,0,0,0,0,2000,0,0,0,2000,0,2000,2000
058623,國巨國票99購08  ,0,0,0,0,0,0,0,0,0,2000,0,0,0,2000,0,2000,2000
059476,道瓊指群益9C購01,0,0,0,0,0,0,0,0,0,2000,0,0,0,2000,0,2000,2000
059440,康控元大9B購01  ,0,0,0,0,0,0,0,0,0,2000,0,0,0,133000,131000,2000,2000
059441,祥碩元大99購02  ,0,0,0,0,0,0,0,0,0,2000,0,0,0,379000,377000,2000,2000
059074,元油2X元大9C購15,0,0,0,0,0,0,0,0,0,2000,0,0,0,2000,0,2000,2000
059529,華新科凱基9A購04,0,0,0,0,0,0,0,0,0,2000,0,0,0,49000,47000,2000,2000
059272,台灣50元大99購01,0,0,0,0,0,0,0,0,0,2000,0,0,0,2000,0,2000,2000
059209,華通元大99購08  ,0,0,0,0,0,0,0,0,0,2000,0,0,0,5000,3000,2000,2000
059229,臺股指元大99購22,0,0,0,0,0,0,0,0,0,2000,0,0,0,2000,0,2000,2000
059241,旺宏凱基99購07  ,0,0,0,0,0,0,0,0,0,2000,0,0,0,12000,10000,2000,2000
059232,台灣50凱基03購01,0,0,0,0,0,0,0,0,0,2000,0,0,0,7000,5000,2000,2000
058213,欣興群益99購01  ,0,0,0,0,0,0,0,0,0,2000,0,0,0,2000,0,2000,2000
058214,世芯群益9A購01  ,0,0,0,0,0,0,0,0,0,2000,0,0,0,25000,23000,2000,2000
058196,台塑中信99購01  ,0,0,0,0,0,0,0,0,0,2000,0,0,0,2000,0,2000,2000
057063,立積國泰9A購01  ,0,0,0,0,0,0,0,0,0,2000,0,0,0,2000,0,2000,2000
058128,FBVIX元大9C購02 ,0,0,0,0,0,0,0,0,0,2000,0,0,0,2000,0,2000,2000
056929,華新科台新98購01,0,0,0,0,0,0,0,0,0,2000,0,0,0,2000,0,2000,2000
056910,超眾元大99購02  ,0,0,0,0,0,0,0,0,0,2000,0,0,0,2000,0,2000,2000
057236,聯詠凱基98購03  ,0,0,0,0,0,0,0,0,0,2000,0,0,0,2000,0,2000,2000
057257,台泥兆豐99購01  ,0,0,0,0,0,0,0,0,0,2000,0,0,0,10000,8000,2000,2000
059708,立積凱基9A購02  ,0,0,0,0,0,0,0,0,0,2000,0,0,0,2000,0,2000,2000
058378,南電凱基99購01  ,0,0,0,0,0,0,0,0,0,2000,0,0,0,44000,42000,2000,2000
056260,鴻海統一98購07  ,0,0,0,0,0,0,0,0,0,2000,0,0,0,2000,0,2000,2000
058906,晶相光元大99購01,0,0,0,0,0,0,0,0,0,2000,0,0,0,2000,0,2000,2000
058835,元油2X中信9C購02,0,0,0,0,0,0,0,0,0,2000,0,0,0,2000,0,2000,2000
058816,祥碩台新99購02  ,0,0,0,0,0,0,0,0,0,2000,0,0,0,2000,0,2000,2000
058960,臺股指國票99購05,0,0,0,0,0,0,0,0,0,2000,0,0,0,2000,0,2000,2000
055933,欣興群益98購02  ,0,0,0,0,0,0,0,0,0,2000,0,0,0,2000,0,2000,2000
057574,中磊永豐98購01  ,0,0,0,0,0,0,0,0,0,2000,0,0,0,2000,0,2000,2000
057860,金寶凱基98購01  ,0,0,0,0,0,0,0,0,0,2000,0,0,0,2000,0,2000,2000
057961,茂林元大9A購01  ,0,0,0,0,0,0,0,0,0,2000,0,0,0,2000,0,2000,2000
057954,宏碁元大99購01  ,0,0,0,0,0,0,0,0,0,2000,0,0,0,2000,0,2000,2000
058431,國巨統一9B購01  ,0,0,0,0,0,0,0,0,0,2000,0,0,0,2000,0,2000,2000
055505,新唐元大97購02  ,0,0,0,0,0,0,0,0,0,2000,0,0,0,110000,108000,2000,2000
051490,世芯凱基96購01  ,0,0,0,0,0,0,0,0,0,2000,0,0,0,2000,0,2000,2000
051619,智邦凱基95購07  ,0,0,0,0,0,0,0,0,0,2000,0,0,0,40000,38000,2000,2000
055713,國巨元大98購09  ,0,0,0,0,0,0,0,0,0,2000,0,0,0,49000,47000,2000,2000
053919,可成國票97購02  ,0,0,0,0,0,0,0,0,0,2000,0,0,0,2000,0,2000,2000
05101P,大立光凱基95售11,0,0,0,0,0,0,0,0,0,2000,0,0,0,22000,20000,2000,2000
050714,深中小群益98購01,0,0,0,0,0,0,0,0,0,2000,0,0,0,2000,0,2000,2000
050634,華新科群益96購01,0,0,0,0,0,0,0,0,0,2000,0,0,0,12000,10000,2000,2000
050571,美食中信95購01  ,0,0,0,0,0,0,0,0,0,2000,0,0,0,2000,0,2000,2000
050218,世紀鋼統一94購02,0,0,0,0,0,0,0,0,0,2000,0,0,0,2000,0,2000,2000
049672,臺股指富邦94購01,0,0,0,0,0,0,0,0,0,2000,0,0,0,2000,0,2000,2000
04893P,創意元大94售03  ,0,0,0,0,0,0,0,0,0,2000,0,0,0,10000,8000,2000,2000
04922P,日月光凱基94售02,0,0,0,0,0,0,0,0,0,2000,0,0,0,2000,0,2000,2000
04912P,可成元富94售06  ,0,0,0,0,0,0,0,0,0,2000,0,0,0,2000,0,2000,2000
049628,臺股指群益94購01,0,0,0,0,0,0,0,0,0,2000,0,0,0,2000,0,2000,2000
051902,T50反1元大97購01,0,0,0,0,0,0,0,0,0,2000,0,0,0,40000,38000,2000,2000
03432B,臺股指凱基98熊13,0,0,0,0,0,0,0,0,0,2000,0,0,0,2000,0,2000,2000
03428B,臺股指凱基97熊18,0,0,0,0,0,0,0,0,0,2000,0,0,0,2000,0,2000,2000
039212,台達電台新9A購01,0,0,0,0,0,0,0,0,0,2000,0,0,0,2000,0,2000,2000
03935P,可成富邦95售01  ,0,0,0,0,0,0,0,0,0,2000,0,0,0,2000,0,2000,2000
03959P,義隆元富96售01  ,0,0,0,0,0,0,0,0,0,2000,0,0,0,2000,0,2000,2000
04707P,喬山元大94售01  ,0,0,0,0,0,0,0,0,0,2000,0,0,0,2000,0,2000,2000
04744P,臻鼎元富94售04  ,0,0,0,0,0,0,0,0,0,2000,0,0,0,2000,0,2000,2000
03422B,臺股指凱基96熊28,0,0,0,0,0,0,0,0,0,2000,0,0,0,2000,0,2000,2000
04859P,台達電群益94售04,0,0,0,0,0,0,0,0,0,2000,0,0,0,2000,0,2000,2000
04637P,臺股指群益94售12,0,0,0,0,0,0,0,0,0,2000,0,0,0,2000,0,2000,2000
048269,瀚宇博國泰95購01,0,0,0,0,0,0,0,0,0,2000,0,0,0,2000,0,2000,2000
048058,大立光國泰95購01,0,0,0,0,0,0,0,0,0,2000,0,0,0,2000,0,2000,2000
048128,超眾元大95購01  ,0,0,0,0,0,0,0,0,0,2000,0,0,0,2000,0,2000,2000
059962,S&P正2凱基99購02,0,0,0,0,0,0,0,0,0,2000,0,0,0,5000,3000,2000,2000
059947,貿聯永豐99購03  ,0,0,0,0,0,0,0,0,0,2000,0,0,0,12000,10000,2000,2000
059160,華通凱基99購03  ,0,0,0,0,0,0,0,0,0,2000,0,0,0,2000,0,2000,2000
052993,欣興台新97購01  ,0,0,0,0,0,0,0,0,0,2000,0,0,0,2000,0,2000,2000
052688,新日興元大96購01,0,0,0,0,0,0,0,0,0,2000,0,0,0,2000,0,2000,2000
052689,玉晶光元大98購03,0,0,0,0,0,0,0,0,0,2000,0,0,0,2000,0,2000,2000
052785,滬深2X中信99購03,0,0,0,0,0,0,0,0,0,2000,0,0,0,2000,0,2000,2000
055250,華新科統一97購02,0,0,0,0,0,0,0,0,0,2000,0,0,0,2000,0,2000,2000
054474,鴻海中信96購03  ,0,0,0,0,0,0,0,0,0,2000,0,0,0,2000,0,2000,2000
055348,旺宏凱基97購01  ,0,0,0,0,0,0,0,0,0,2000,0,0,0,2000,0,2000,2000
055229,大毅國票97購02  ,0,0,0,0,0,0,0,0,0,2000,0,0,0,2000,0,2000,2000
05520P,聯詠凱基96售01  ,0,0,0,0,0,0,0,0,0,2000,0,0,0,2000,0,2000,2000
055018,緯穎元富97購02  ,0,0,0,0,0,0,0,0,0,2000,0,0,0,2000,0,2000,2000
05505P,聯發科凱基96售09,0,0,0,0,0,0,0,0,0,2000,0,0,0,2000,0,2000,2000
054294,世芯元大96購02  ,0,0,0,0,0,0,0,0,0,2000,0,0,0,2000,0,2000,2000
054353,世紀鋼國泰98購01,0,0,0,0,0,0,0,0,0,2000,0,0,0,370000,368000,2000,2000
054325,奇力新台新97購03,0,0,0,0,0,0,0,0,0,2000,0,0,0,2000,0,2000,2000
053586,建準元大96購01  ,0,0,0,0,0,0,0,0,0,2000,0,0,0,12000,10000,2000,2000
05347P,滬深2X元富9B售02,0,0,0,0,0,0,0,0,0,2000,0,0,0,2000,0,2000,2000
053351,A50正2兆豐97購01,0,0,0,0,0,0,0,0,0,2000,0,0,0,2000,0,2000,2000
053270,台塑元大96購01  ,0,0,0,0,0,0,0,0,0,2000,0,0,0,2000,0,2000,2000
053096,康控統一96購01  ,0,0,0,0,0,0,0,0,0,2000,0,0,0,2000,0,2000,2000
054139,揚明光元大96購01,0,0,0,0,0,0,0,0,0,2000,0,0,0,5000,3000,2000,2000
054111,緯穎凱基97購01  ,0,0,0,0,0,0,0,0,0,2000,0,0,0,9000,7000,2000,2000
054177,牧德台新97購01  ,0,0,0,0,0,0,0,0,0,2000,0,0,0,2000,0,2000,2000
2702,華園            ,5000,3000,2000,0,0,0,0,0,0,0,0,0,0,0,0,0,2000
2911,麗嬰房          ,5000,3000,2000,0,0,0,0,0,0,0,1000,1000,0,0,0,0,2000
6405,悅城            ,2000,1000,1000,0,0,0,0,0,0,1000,1000,0,1000,0,0,0,2000
9944,新麗            ,65000,63000,2000,0,0,0,0,0,0,0,0,0,0,0,0,0,2000
8374,羅昇            ,1000,0,1000,0,0,0,0,0,0,1000,1000,0,1000,0,0,0,2000
07438P,臺股指麥證9A售05,0,0,0,3000,1000,2000,0,0,0,2000,0,0,0,3000,1000,2000,2000
07397P,大立光群益99售10,0,0,0,0,0,0,0,0,0,2000,0,0,0,2000,0,2000,2000
07376P,聯發科元大99售39,0,0,0,0,0,0,0,0,0,2000,0,0,0,2000,0,2000,2000
1323,永裕            ,7000,5000,2000,0,0,0,0,0,0,0,0,0,0,0,0,0,2000
1521,大億            ,2000,0,2000,0,0,0,0,0,0,0,0,0,0,0,0,0,2000
1453,大將            ,1000,0,1000,0,0,0,0,0,0,1000,1000,0,1000,0,0,0,2000
1234,黑松            ,6000,4000,2000,0,0,0,0,0,0,0,0,0,0,0,0,0,2000
2399,映泰            ,69000,66000,3000,0,0,0,0,0,0,-1000,0,1000,-1000,0,0,0,2000
2506,太設            ,0,0,0,0,0,0,0,0,0,2000,2000,0,2000,0,0,0,2000
2460,建通            ,2000,0,2000,0,0,0,0,0,0,0,0,0,0,0,0,0,2000
2477,美隆電          ,6000,2000,4000,0,0,0,0,0,0,-2000,1000,3000,-2000,0,0,0,2000
1701,中化            ,168000,173000,-5000,0,0,0,0,0,0,7000,7000,0,7000,0,0,0,2000
06128P,玉晶光元富97售05,0,0,0,0,0,0,0,0,0,2000,0,0,0,2000,0,2000,2000
06295P,國巨元大97售14  ,0,0,0,0,0,0,0,0,0,2000,0,0,0,2000,0,2000,2000
06470P,臺股指凱基99售10,0,0,0,0,0,0,0,0,0,2000,0,0,0,2000,0,2000,2000
06642P,可成兆豐98售01  ,0,0,0,0,0,0,0,0,0,2000,0,0,0,12000,10000,2000,2000
06572P,台積電永昌99售01,0,0,0,0,0,0,0,0,0,2000,0,0,0,2000,0,2000,2000
06955P,臻鼎元富99售01  ,0,0,0,0,0,0,0,0,0,2000,0,0,0,2000,0,2000,2000
06937P,GIS元大98售03   ,0,0,0,0,0,0,0,0,0,2000,0,0,0,42000,40000,2000,2000
06972P,聯發科元大99售04,0,0,0,0,0,0,0,0,0,2000,0,0,0,2000,0,2000,2000
06973P,臺股指元大9A售11,0,0,0,0,0,0,0,0,0,2000,0,0,0,2000,0,2000,2000
06783P,亞光元大98售03  ,0,0,0,0,0,0,0,0,0,2000,0,0,0,2000,0,2000,2000
07102P,南電元大99售03  ,0,0,0,0,0,0,0,0,0,2000,0,0,0,2000,0,2000,2000
06866P,聯發科元大98售13,0,0,0,0,0,0,0,0,0,2000,0,0,0,2000,0,2000,2000
07208P,台積電凱基99售14,0,0,0,0,0,0,0,0,0,2000,0,0,0,2000,0,2000,2000
07219P,臺股指凱基99售32,0,0,0,0,0,0,0,0,0,2000,0,0,0,2000,0,2000,2000
058415,祥碩兆豐99購01  ,0,0,0,0,0,0,0,0,0,1000,0,0,0,1000,0,1000,1000
058413,義隆兆豐99購01  ,0,0,0,0,0,0,0,0,0,1000,0,0,0,1000,0,1000,1000
058078,景碩國票99購01  ,0,0,0,0,0,0,0,0,0,1000,0,0,0,1000,0,1000,1000
058508,聯發科元大99購11,0,0,0,0,0,0,0,0,0,1000,0,0,0,3000,2000,1000,1000
058487,晶技國票9A購01  ,0,0,0,0,0,0,0,0,0,1000,0,0,0,1000,0,1000,1000
057930,旺宏群益99購04  ,0,0,0,0,0,0,0,0,0,1000,0,0,0,1000,0,1000,1000
057279,國揚元大98購01  ,0,0,0,0,0,0,0,0,0,1000,0,0,0,20000,19000,1000,1000
057739,新日興富邦9B購01,0,0,0,0,0,0,0,0,0,1000,0,0,0,1000,0,1000,1000
057673,臻鼎元大98購01  ,0,0,0,0,0,0,0,0,0,1000,0,0,0,1000,0,1000,1000
059033,元油2X群益9C購05,0,0,0,0,0,0,0,0,0,1000,0,0,0,1000,0,1000,1000
058797,大毅元大99購03  ,0,0,0,0,0,0,0,0,0,1000,0,0,0,141000,140000,1000,1000
059398,滬深2X元富9C購02,0,0,0,0,0,0,0,0,0,1000,0,0,0,1000,0,1000,1000
059376,國巨群益99購09  ,0,0,0,0,0,0,0,0,0,1000,0,0,0,1000,0,1000,1000
058875,台表科國票9A購02,0,0,0,0,0,0,0,0,0,1000,0,0,0,1000,0,1000,1000
056343,高鐵凱基98購02  ,0,0,0,0,0,0,0,0,0,1000,0,0,0,131000,130000,1000,1000
058292,上銀凱基9A購01  ,0,0,0,0,0,0,0,0,0,1000,0,0,0,1000,0,1000,1000
059666,台表科元大9B購01,0,0,0,0,0,0,0,0,0,1000,0,0,0,1000,0,1000,1000
057227,台積電凱基98購15,0,0,0,0,0,0,0,0,0,1000,0,0,0,1000,0,1000,1000
056767,大毅元大99購01  ,0,0,0,0,0,0,0,0,0,1000,0,0,0,1000,0,1000,1000
056825,深中小富邦9B購01,0,0,0,0,0,0,0,0,0,1000,0,0,0,1000,0,1000,1000
059335,台灣50凱基03購02,0,0,0,0,0,0,0,0,0,1000,0,0,0,1000,0,1000,1000
058398,中環元大99購02  ,0,0,0,0,0,0,0,0,0,1000,0,0,0,100000,99000,1000,1000
056891,國巨元大99購03  ,0,0,0,0,0,0,0,0,0,1000,0,0,0,1000,0,1000,1000
058087,鴻海元大98購15  ,0,0,0,0,0,0,0,0,0,1000,0,0,0,1000,0,1000,1000
058156,超眾統一9A購02  ,0,0,0,0,0,0,0,0,0,1000,0,0,0,1000,0,1000,1000
059239,台積電凱基99購12,0,0,0,0,0,0,0,0,0,1000,0,0,0,1000,0,1000,1000
058259,訊連國泰9B購01  ,0,0,0,0,0,0,0,0,0,1000,0,0,0,1000,0,1000,1000
058606,聯發科元大99購13,0,0,0,0,0,0,0,0,0,1000,0,0,0,3000,2000,1000,1000
058583,臻鼎群益99購01  ,0,0,0,0,0,0,0,0,0,1000,0,0,0,1000,0,1000,1000
057645,華新科元大99購11,0,0,0,0,0,0,0,0,0,1000,0,0,0,1000,0,1000,1000
059438,群創元大99購06  ,0,0,0,0,0,0,0,0,0,1000,0,0,0,1000,0,1000,1000
059125,台積電第一03購02,0,0,0,0,0,0,0,0,0,1000,0,0,0,1000,0,1000,1000
059431,旺宏元大99購14  ,0,0,0,0,0,0,0,0,0,1000,0,0,0,6000,5000,1000,1000
05861P,瀚宇博永豐96售02,0,0,0,0,0,0,0,0,0,1000,0,0,0,1000,0,1000,1000
059594,奇力新元大9B購01,0,0,0,0,0,0,0,0,0,1000,0,0,0,36000,35000,1000,1000
059621,T50正2凱基9C購04,0,0,0,0,0,0,0,0,0,1000,0,0,0,1000,0,1000,1000
058746,華通凱基9A購02  ,0,0,0,0,0,0,0,0,0,1000,0,0,0,16000,15000,1000,1000
057504,技嘉麥證98購01  ,0,0,0,3000,2000,1000,0,0,0,1000,0,0,0,3000,2000,1000,1000
057513,智邦台新98購01  ,0,0,0,0,0,0,0,0,0,1000,0,0,0,1000,0,1000,1000
056641,華通凱基98購03  ,0,0,0,0,0,0,0,0,0,1000,0,0,0,1000,0,1000,1000
056428,台達電凱基99購01,0,0,0,0,0,0,0,0,0,1000,0,0,0,1000,0,1000,1000
056436,台積電凱基98購10,0,0,0,0,0,0,0,0,0,1000,0,0,0,1000,0,1000,1000
056231,嘉聯益凱基97購02,0,0,0,0,0,0,0,0,0,1000,0,0,0,33000,32000,1000,1000
060449,元金2X元大9A購02,0,0,0,0,0,0,0,0,0,1000,0,0,0,1000,0,1000,1000
06034P,世芯凱基96售03  ,0,0,0,0,0,0,0,0,0,1000,0,0,0,1000,0,1000,1000
060161,牧德永豐9A購02  ,0,0,0,0,0,0,0,0,0,1000,0,0,0,28000,27000,1000,1000
060134,鈺齊群益9A購01  ,0,0,0,0,0,0,0,0,0,1000,0,0,0,1000,0,1000,1000
054200,美律富邦97購02  ,0,0,0,0,0,0,0,0,0,1000,0,0,0,1000,0,1000,1000
054137,聯詠元大97購02  ,0,0,0,0,0,0,0,0,0,1000,0,0,0,1000,0,1000,1000
054076,義隆第一96購01  ,0,0,0,0,0,0,0,0,0,1000,0,0,0,6000,5000,1000,1000
05580P,美律凱基96售03  ,0,0,0,0,0,0,0,0,0,1000,0,0,0,1000,0,1000,1000
053197,超眾元富96購02  ,0,0,0,0,0,0,0,0,0,1000,0,0,0,1000,0,1000,1000
053137,旺宏富邦98購01  ,0,0,0,0,0,0,0,0,0,1000,0,0,0,1000,0,1000,1000
05314P,臺股指群益95售13,0,0,0,0,0,0,0,0,0,1000,0,0,0,1000,0,1000,1000
053282,彩晶元大9C購01  ,0,0,0,0,0,0,0,0,0,1000,0,0,0,1000,0,1000,1000
05335P,臺股指國票95售04,0,0,0,0,0,0,0,0,0,1000,0,0,0,1000,0,1000,1000
053426,創意永豐96購04  ,0,0,0,0,0,0,0,0,0,1000,0,0,0,1000,0,1000,1000
053372,元油反元大98購01,0,0,0,0,0,0,0,0,0,1000,0,0,0,1000,0,1000,1000
053590,新光金元大9A購02,0,0,0,0,0,0,0,0,0,1000,0,0,0,1000,0,1000,1000
054258,牧德元大97購01  ,0,0,0,0,0,0,0,0,0,1000,0,0,0,6000,5000,1000,1000
055085,大毅國票97購01  ,0,0,0,0,0,0,0,0,0,1000,0,0,0,1000,0,1000,1000
055087,瑞昱亞東97購01  ,0,0,0,0,0,0,0,0,0,1000,0,0,0,1000,0,1000,1000
055192,世芯元富97購01  ,0,0,0,0,0,0,0,0,0,1000,0,0,0,1000,0,1000,1000
055176,大毅統一98購02  ,0,0,0,0,0,0,0,0,0,1000,0,0,0,1000,0,1000,1000
055148,鴻海元大98購02  ,0,0,0,0,0,0,0,0,0,1000,0,0,0,1000,0,1000,1000
052604,建準元大97購01  ,0,0,0,0,0,0,0,0,0,1000,0,0,0,1000,0,1000,1000
05262P,台積電元大95售19,0,0,0,0,0,0,0,0,0,1000,0,0,0,1000,0,1000,1000
05259P,臺股指凱基96售12,0,0,0,0,0,0,0,0,0,1000,0,0,0,1000,0,1000,1000
055493,華新科元大97購09,0,0,0,0,0,0,0,0,0,1000,0,0,0,1000,0,1000,1000
055497,開發金元大97購01,25000,0,25000,0,0,0,0,0,0,-24000,0,0,0,65000,89000,-24000,1000
05452P,亞德客群益95售02,0,0,0,0,0,0,0,0,0,1000,0,0,0,1000,0,1000,1000
055260,晶相光統一98購01,0,0,0,0,0,0,0,0,0,1000,0,0,0,1000,0,1000,1000
05527P,聯茂群益96售01  ,0,0,0,0,0,0,0,0,0,1000,0,0,0,1000,0,1000,1000
055245,凱美統一99購01  ,0,0,0,0,0,0,0,0,0,1000,0,0,0,1000,0,1000,1000
055264,國巨永豐98購01  ,0,0,0,0,0,0,0,0,0,1000,0,0,0,1000,0,1000,1000
055315,晶技麥證97購01  ,0,0,0,1000,0,1000,0,0,0,1000,0,0,0,1000,0,1000,1000
052755,滬深2X群益9A購01,0,0,0,0,0,0,0,0,0,1000,0,0,0,1000,0,1000,1000
05466P,旺宏富邦97售01  ,0,0,0,0,0,0,0,0,0,1000,0,0,0,1000,0,1000,1000
052662,華新科國票97購01,0,0,0,0,0,0,0,0,0,1000,0,0,0,1000,0,1000,1000
052916,華新科富邦96購01,0,0,0,0,0,0,0,0,0,1000,0,0,0,1000,0,1000,1000
052926,旺宏元大98購02  ,0,0,0,0,0,0,0,0,0,1000,0,0,0,1000,0,1000,1000
052979,上銀元大96購02  ,0,0,0,0,0,0,0,0,0,1000,0,0,0,1000,0,1000,1000
059140,大立光兆豐9A購02,0,0,0,0,0,0,0,0,0,1000,0,0,0,1000,0,1000,1000
05990P,台積電群益96售13,0,0,0,0,0,0,0,0,0,1000,0,0,0,2000,1000,1000,1000
059769,滬深2X群益9C購01,0,0,0,0,0,0,0,0,0,1000,0,0,0,1000,0,1000,1000
059798,臺股指國票99購21,0,0,0,0,0,0,0,0,0,1000,0,0,0,2000,1000,1000,1000
04805P,創意元富94售01  ,0,0,0,0,0,0,0,0,0,1000,0,0,0,1000,0,1000,1000
04787P,台積電永昌96售04,0,0,0,0,0,0,0,0,0,1000,0,0,0,1000,0,1000,1000
048505,滬深2X群益99購03,0,0,0,0,0,0,0,0,0,1000,0,0,0,1000,0,1000,1000
048589,國巨兆豐96購01  ,0,0,0,0,0,0,0,0,0,1000,0,0,0,11000,10000,1000,1000
04664P,臺股指國票94售03,0,0,0,0,0,0,0,0,0,1000,0,0,0,1000,0,1000,1000
03423B,臺股指元大94熊29,0,0,0,0,0,0,0,0,0,1000,0,0,0,1000,0,1000,1000
047096,元油反國泰96購01,0,0,0,0,0,0,0,0,0,1000,0,0,0,1000,0,1000,1000
03013X,元展13          ,0,0,0,0,0,0,0,0,0,1000,0,0,0,1000,0,1000,1000
03006X,元展06          ,0,0,0,0,0,0,0,0,0,1000,0,0,0,1000,0,1000,1000
04759P,台積電凱基94售27,0,0,0,0,0,0,0,0,0,1000,0,0,0,1000,0,1000,1000
00714,群益道瓊美國地產,0,0,0,0,0,0,0,0,0,1000,0,0,0,1000,0,1000,1000
00851,台新全球AI      ,0,0,0,0,0,0,0,0,0,1000,0,0,0,1000,0,1000,1000
00865B,國泰US短期公債  ,0,0,0,0,0,0,0,0,0,1000,0,0,0,101000,100000,1000,1000
00742,新光內需收益    ,0,0,0,0,0,0,0,0,0,1000,0,0,0,101000,100000,1000,1000
043231,鴻海中信95購01  ,1000,0,1000,0,0,0,0,0,0,0,0,0,0,0,0,0,1000
043442,大立光台新01購01,0,0,0,0,0,0,0,0,0,1000,0,0,0,1000,0,1000,1000
03674C,臺股指元富9C牛02,0,0,0,0,0,0,0,0,0,1000,0,0,0,1000,0,1000,1000
051772,玉山金中信95購01,0,0,0,0,0,0,0,0,0,1000,0,0,0,1000,0,1000,1000
051784,國巨兆豐95購01  ,0,0,0,0,0,0,0,0,0,1000,0,0,0,1000,0,1000,1000
046241,聯發科中信94購02,1000,0,1000,0,0,0,0,0,0,0,0,0,0,0,0,0,1000
051895,聯茂元富95購02  ,0,0,0,0,0,0,0,0,0,1000,0,0,0,11000,10000,1000,1000
052068,瑞儀兆豐96購01  ,0,0,0,0,0,0,0,0,0,1000,0,0,0,1000,0,1000,1000
052133,華邦電凱基9B購01,0,0,0,0,0,0,0,0,0,1000,0,0,0,1000,0,1000,1000
051990,泰碩元大95購01  ,0,0,0,0,0,0,0,0,0,1000,0,0,0,1000,0,1000,1000
049582,台積電元大95購03,0,0,0,0,0,0,0,0,0,1000,0,0,0,1000,0,1000,1000
049267,瀚宇博元大95購02,0,0,0,0,0,0,0,0,0,1000,0,0,0,1000,0,1000,1000
049269,超眾元大96購02  ,0,0,0,0,0,0,0,0,0,1000,0,0,0,1000,0,1000,1000
049572,華固統一94購03  ,0,0,0,0,0,0,0,0,0,1000,0,0,0,1000,0,1000,1000
052172,致茂元大95購01  ,0,0,0,0,0,0,0,0,0,1000,0,0,0,1000,0,1000,1000
049727,台積電中信94購02,1000,0,1000,0,0,0,0,0,0,0,0,0,0,0,0,0,1000
049728,正崴中信94購01  ,1000,0,1000,0,0,0,0,0,0,0,0,0,0,0,0,0,1000
050026,友達元大96購01  ,0,0,0,0,0,0,0,0,0,1000,0,0,0,1000,0,1000,1000
050107,鴻海元大94購12  ,0,0,0,0,0,0,0,0,0,1000,0,0,0,1000,0,1000,1000
050523,義隆元大94購05  ,0,0,0,0,0,0,0,0,0,1000,0,0,0,1000,0,1000,1000
050705,南電凱基96購01  ,0,0,0,0,0,0,0,0,0,1000,0,0,0,1000,0,1000,1000
050854,世紀鋼國票97購01,0,0,0,0,0,0,0,0,0,1000,0,0,0,1000,0,1000,1000
051222,世紀鋼元富95購01,0,0,0,0,0,0,0,0,0,1000,0,0,0,11000,10000,1000,1000
053922,亞光國票96購01  ,0,0,0,0,0,0,0,0,0,1000,0,0,0,1000,0,1000,1000
055744,茂林元富97購02  ,0,0,0,0,0,0,0,0,0,1000,0,0,0,1000,0,1000,1000
055670,矽創群益98購02  ,0,0,0,0,0,0,0,0,0,1000,0,0,0,1000,0,1000,1000
051695,元金2X中信98購01,0,0,0,0,0,0,0,0,0,1000,0,0,0,1000,0,1000,1000
055524,鴻海群益98購01  ,0,0,0,0,0,0,0,0,0,1000,0,0,0,1000,0,1000,1000
07217P,大立光凱基9A售05,0,0,0,0,0,0,0,0,0,1000,0,0,0,1000,0,1000,1000
060091,技嘉元大99購03  ,0,0,0,0,0,0,0,0,0,1000,0,0,0,5000,4000,1000,1000
07242P,台灣50凱基9A售03,0,0,0,0,0,0,0,0,0,1000,0,0,0,1000,0,1000,1000
07142P,台灣50元大01售01,0,0,0,0,0,0,0,0,0,1000,0,0,0,1000,0,1000,1000
06865P,亞德客元大98售04,0,0,0,0,0,0,0,0,0,1000,0,0,0,1000,0,1000,1000
06915P,晶技元富98售02  ,0,0,0,0,0,0,0,0,0,1000,0,0,0,1000,0,1000,1000
07095P,台灣50元大9C售03,0,0,0,0,0,0,0,0,0,1000,0,0,0,1000,0,1000,1000
07085P,超眾元富9C售01  ,0,0,0,0,0,0,0,0,0,1000,0,0,0,14000,13000,1000,1000
06975P,臺股指元大9A售13,0,0,0,0,0,0,0,0,0,1000,0,0,0,1000,0,1000,1000
06578P,華新科國票98售02,0,0,0,0,0,0,0,0,0,1000,0,0,0,1000,0,1000,1000
06559P,玉晶光元富98售02,0,0,0,0,0,0,0,0,0,1000,0,0,0,1000,0,1000,1000
06518P,奇力新兆豐99售01,0,0,0,0,0,0,0,0,0,1000,0,0,0,1000,0,1000,1000
06636P,可成凱基98售08  ,0,0,0,0,0,0,0,0,0,1000,0,0,0,1000,0,1000,1000
06447P,上銀元大98售01  ,0,0,0,0,0,0,0,0,0,1000,0,0,0,1000,0,1000,1000
06399P,台表科凱基97售05,0,0,0,0,0,0,0,0,0,1000,0,0,0,28000,27000,1000,1000
06234P,亞德客元大97售02,0,0,0,0,0,0,0,0,0,1000,0,0,0,21000,20000,1000,1000
06132P,正文元富97售01  ,0,0,0,0,0,0,0,0,0,1000,0,0,0,1000,0,1000,1000
06177P,玉晶光元大98售07,0,0,0,0,0,0,0,0,0,1000,0,0,0,1000,0,1000,1000
06158P,玉晶光元富97售08,0,0,0,0,0,0,0,0,0,1000,0,0,0,1000,0,1000,1000
1568,倉佑            ,1000,0,1000,0,0,0,0,0,0,0,0,0,0,0,0,0,1000
2038,海光            ,2000,1000,1000,0,0,0,0,0,0,0,0,0,0,0,0,0,1000
2029,盛餘            ,1000,0,1000,0,0,0,0,0,0,0,0,0,0,0,0,0,1000
2476,鉅祥            ,1000,0,1000,0,0,0,0,0,0,0,0,0,0,0,0,0,1000
1233,天仁            ,0,0,0,0,0,0,0,0,0,1000,1000,0,1000,0,0,0,1000
1339,昭輝            ,16000,14000,2000,0,0,0,0,0,0,-1000,0,1000,-1000,0,0,0,1000
07383P,聯發科群益99售06,0,0,0,0,0,0,0,0,0,1000,0,0,0,46000,45000,1000,1000
06757P,台灣50元大9B售01,0,0,0,0,0,0,0,0,0,1000,0,0,0,1000,0,1000,1000
06760P,台積電元大98售18,0,0,0,0,0,0,0,0,0,1000,0,0,0,1000,0,1000,1000
06674P,祥碩群益98售02  ,0,0,0,0,0,0,0,0,0,1000,0,0,0,1000,0,1000,1000
07407P,欣興凱基99售07  ,0,0,0,0,0,0,0,0,0,1000,0,0,0,57000,56000,1000,1000
8499,鼎炫-KY         ,20000,19000,1000,0,0,0,0,0,0,0,0,0,0,0,0,0,1000
2936,客思達-KY       ,2000,1000,1000,0,0,0,0,0,0,0,0,0,0,0,0,0,1000
2891B,中信金乙特      ,0,0,0,0,0,0,0,0,0,1000,1000,0,1000,0,0,0,1000
2901,欣欣            ,1000,0,1000,0,0,0,0,0,0,0,0,0,0,0,0,0,1000
4930,燦星網          ,1000,0,1000,0,0,0,0,0,0,0,0,0,0,0,0,0,1000
4557,永新-KY         ,3000,2000,1000,0,0,0,0,0,0,0,0,0,0,0,0,0,1000
4572,駐龍            ,2000,1000,1000,0,0,0,0,0,0,0,0,0,0,0,0,0,1000
4722,國精化          ,1000,0,1000,0,0,0,0,0,0,0,0,0,0,0,0,0,1000
4562,穎漢            ,1000,1000,0,0,0,0,0,0,0,1000,1000,0,1000,0,0,0,1000
4438,廣越            ,5000,4000,1000,0,0,0,0,0,0,0,0,0,0,0,0,0,1000
2028,威致            ,1,0,1,0,0,0,0,0,0,0,0,0,0,0,0,0,1
060127,牧德永豐99購02  ,0,0,0,0,0,0,0,0,0,0,0,0,0,17000,17000,0,0
060145,牧德國票9A購02  ,0,0,0,0,0,0,0,0,0,0,0,0,0,26000,26000,0,0
060023,T50反1國泰9A購03,0,0,0,0,0,0,0,0,0,0,0,0,0,16000,16000,0,0
060378,台灣50凱基04購01,0,0,0,0,0,0,0,0,0,0,0,0,0,24000,24000,0,0
060386,台勝科凱基9B購01,0,0,0,0,0,0,0,0,0,0,0,0,0,8000,8000,0,0
060358,國巨元富9A購01  ,0,0,0,0,0,0,0,0,0,0,0,0,0,46000,46000,0,0
060335,明泰康和9A購01  ,0,0,0,0,0,0,0,0,0,0,0,0,0,10000,10000,0,0
060290,興富發元大9C購01,0,0,0,0,0,0,0,0,0,0,0,0,0,30000,30000,0,0
060293,緯創元大9A購01  ,0,0,0,0,0,0,0,0,0,0,0,0,0,1000,1000,0,0
060220,華新科凱基9A購08,0,0,0,0,0,0,0,0,0,0,0,0,0,2000,2000,0,0
060006,華通群益9A購04  ,0,0,0,0,0,0,0,0,0,0,0,0,0,98000,98000,0,0
060009,南亞科群益99購03,0,0,0,0,0,0,0,0,0,0,0,0,0,74000,74000,0,0
060501,鴻海元大9A購13  ,0,0,0,0,0,0,0,0,0,0,0,0,0,1000,1000,0,0
060484,聯發科富邦9C購02,0,0,0,0,0,0,0,0,0,0,0,0,0,3000,3000,0,0
060499,鴻海元大9A購11  ,0,0,0,0,0,0,0,0,0,0,0,0,0,3000,3000,0,0
060461,鴻海元大9A購09  ,0,0,0,0,0,0,0,0,0,0,0,0,0,7000,7000,0,0
060462,鴻海元大9A購10  ,0,0,0,0,0,0,0,0,0,0,0,0,0,4000,4000,0,0
059981,聯發科元大99購36,0,0,0,0,0,0,0,0,0,0,0,0,0,5000,5000,0,0
056732,國巨凱基98購07  ,0,0,0,0,0,0,0,0,0,0,0,0,0,111000,111000,0,0
056711,亞光永豐98購01  ,0,0,0,0,0,0,0,0,0,0,0,0,0,3000,3000,0,0
056689,玉晶光統一9A購03,0,0,0,0,0,0,0,0,0,0,0,0,0,60000,60000,0,0
056476,智原元大98購02  ,0,0,0,0,0,0,0,0,0,0,0,0,0,15000,15000,0,0
05649P,矽創國票97售03  ,0,0,0,0,0,0,0,0,0,0,0,0,0,4000,4000,0,0
056405,聯茂群益98購01  ,0,0,0,0,0,0,0,0,0,0,0,0,0,1000,1000,0,0
058764,康友群益99購01  ,0,0,0,0,0,0,0,0,0,0,0,0,0,81000,81000,0,0
058759,義隆群益99購01  ,0,0,0,0,0,0,0,0,0,0,0,0,0,1000,1000,0,0
056577,玉晶光元大99購06,0,0,0,0,0,0,0,0,0,0,0,0,0,1000,1000,0,0
057527,億光元大98購01  ,0,0,0,0,0,0,0,0,0,0,0,0,0,22000,22000,0,0
057489,奇力新元大99購06,0,0,0,0,0,0,0,0,0,0,0,0,0,3000,3000,0,0
059572,華新科凱基99購08,0,0,0,0,0,0,0,0,0,0,0,0,0,7000,7000,0,0
056104,義隆永豐97購01  ,0,0,0,0,0,0,0,0,0,0,0,0,0,9000,9000,0,0
058738,FBVIX中信03購04 ,0,0,0,0,0,0,0,0,0,0,0,0,0,5000,5000,0,0
058729,國巨永豐99購03  ,0,0,0,0,0,0,0,0,0,0,0,0,0,16000,16000,0,0
059595,華新科元大9A購03,0,0,0,0,0,0,0,0,0,0,0,0,0,33000,33000,0,0
059592,聯發科元大99購28,0,0,0,0,0,0,0,0,0,0,0,0,0,2000,2000,0,0
059593,聯發科元大99購29,0,0,0,0,0,0,0,0,0,0,0,0,0,3000,3000,0,0
058673,華新科群益9A購02,0,0,0,0,0,0,0,0,0,0,0,0,0,15000,15000,0,0
058679,可成日盛99購01  ,0,0,0,0,0,0,0,0,0,0,0,0,0,100000,100000,0,0
057553,景碩凱基98購03  ,0,0,0,0,0,0,0,0,0,0,0,0,0,1000,1000,0,0
057644,奇力新元大98購04,0,0,0,0,0,0,0,0,0,0,0,0,0,3000,3000,0,0
059475,元石油群益99購02,0,0,0,0,0,0,0,0,0,0,0,0,0,13000,13000,0,0
059470,華新科元大99購16,0,0,0,0,0,0,0,0,0,0,0,0,0,24000,24000,0,0
059471,華新科元大99購17,0,0,0,0,0,0,0,0,0,0,0,0,0,35000,35000,0,0
059466,國巨元大99購26  ,0,0,0,0,0,0,0,0,0,0,0,0,0,75000,75000,0,0
059467,旺宏元大99購15  ,0,0,0,0,0,0,0,0,0,0,0,0,0,1000,1000,0,0
055988,矽力元富97購01  ,0,0,0,0,0,0,0,0,0,0,0,0,0,30000,30000,0,0
055994,聯發科國泰99購02,0,0,0,0,0,0,0,0,0,0,0,0,0,10000,10000,0,0
055965,泰鼎元大97購03  ,0,0,0,0,0,0,0,0,0,0,0,0,0,20000,20000,0,0
058579,聯發科群益99購04,0,0,0,0,0,0,0,0,0,0,0,0,0,5000,5000,0,0
059528,華新科凱基99購06,0,0,0,0,0,0,0,0,0,0,0,0,0,26000,26000,0,0
057329,緯穎群益98購02  ,0,0,0,0,0,0,0,0,0,0,0,0,0,1000,1000,0,0
056058,建準元大97購02  ,0,0,0,0,0,0,0,0,0,0,0,0,0,270000,270000,0,0
057386,聯發科永豐98購04,0,0,0,0,0,0,0,0,0,0,0,0,0,5000,5000,0,0
058266,宏達電永豐99購01,0,0,0,0,0,0,0,0,0,0,0,0,0,4000,4000,0,0
057024,義隆凱基99購01  ,0,0,0,0,0,0,0,0,0,0,0,0,0,17000,17000,0,0
057040,國巨元大98購12  ,0,0,0,0,0,0,0,0,0,0,0,0,0,61000,61000,0,0
058207,南茂凱基99購01  ,0,0,0,0,0,0,0,0,0,0,0,0,0,10000,10000,0,0
058218,緯穎群益99購01  ,0,0,0,0,0,0,0,0,0,0,0,0,0,1000,1000,0,0
058233,聯發科元大99購06,0,0,0,0,0,0,0,0,0,0,0,0,0,6000,6000,0,0
058110,光寶科元富98購01,0,0,0,0,0,0,0,0,0,0,0,0,0,10000,10000,0,0
056984,嘉晶群益98購01  ,0,0,0,0,0,0,0,0,0,0,0,0,0,1000,1000,0,0
058177,華新科凱基99購02,0,0,0,0,0,0,0,0,0,0,0,0,0,11000,11000,0,0
056899,可成元大98購01  ,0,0,0,0,0,0,0,0,0,0,0,0,0,5000,5000,0,0
056900,可成元大98購02  ,0,0,0,0,0,0,0,0,0,0,0,0,0,53000,53000,0,0
056890,國巨元大98購11  ,0,0,0,0,0,0,0,0,0,0,0,0,0,50000,50000,0,0
056863,義隆群益98購01  ,0,0,0,0,0,0,0,0,0,0,0,0,0,4000,4000,0,0
056752,國巨兆豐98購02  ,0,0,0,0,0,0,0,0,0,0,0,0,0,10000,10000,0,0
056786,亞光群益98購03  ,0,0,0,0,0,0,0,0,0,0,0,0,0,66000,66000,0,0
059693,智原永豐99購01  ,0,0,0,0,0,0,0,0,0,0,0,0,0,10000,10000,0,0
059658,國巨元大9A購03  ,0,0,0,0,0,0,0,0,0,0,0,0,0,10000,10000,0,0
057125,國巨凱基98購12  ,0,0,0,0,0,0,0,0,0,0,0,0,0,36000,36000,0,0
057140,宏達電兆豐98購01,0,0,0,0,0,0,0,0,0,0,0,0,0,10000,10000,0,0
05717P,鴻海元大97售07  ,0,0,0,0,0,0,0,0,0,0,0,0,0,100000,100000,0,0
057143,台郡兆豐98購01  ,0,0,0,0,0,0,0,0,0,0,0,0,0,10000,10000,0,0
057149,京鼎國票99購02  ,0,0,0,0,0,0,0,0,0,0,0,0,0,1000,1000,0,0
058345,台光電群益99購03,0,0,0,0,0,0,0,0,0,0,0,0,0,98000,98000,0,0
058318,致茂永豐9A購01  ,0,0,0,0,0,0,0,0,0,0,0,0,0,160000,160000,0,0
058320,華新科永豐99購02,0,0,0,0,0,0,0,0,0,0,0,0,0,210000,210000,0,0
056393,精元永豐98購01  ,10000,0,10000,0,0,0,0,0,0,-10000,0,0,0,0,10000,-10000,0
056287,亞光永豐97購02  ,0,0,0,0,0,0,0,0,0,0,0,0,0,43000,43000,0,0
056298,億光元大97購02  ,0,0,0,0,0,0,0,0,0,0,0,0,0,100000,100000,0,0
058817,嘉聯益台新99購01,0,0,0,0,0,0,0,0,0,0,0,0,0,10000,10000,0,0
058792,鴻海元大99購18  ,0,0,0,0,0,0,0,0,0,0,0,0,0,200000,200000,0,0
059427,國巨元大99購24  ,0,0,0,0,0,0,0,0,0,0,0,0,0,75000,75000,0,0
059053,鴻海凱基99購07  ,0,0,0,0,0,0,0,0,0,0,0,0,0,3000,3000,0,0
059054,國巨凱基99購11  ,0,0,0,0,0,0,0,0,0,0,0,0,0,95000,95000,0,0
059028,嘉聯益台新99購02,0,0,0,0,0,0,0,0,0,0,0,0,0,11000,11000,0,0
059029,旺宏兆豐99購01  ,0,0,0,0,0,0,0,0,0,0,0,0,0,10000,10000,0,0
059001,聯發科元大99購17,0,0,0,0,0,0,0,0,0,0,0,0,0,4000,4000,0,0
059011,臺股指元大9A購30,0,0,0,0,0,0,0,0,0,0,0,0,0,1000,1000,0,0
057584,國巨亞東99購01  ,0,0,0,0,0,0,0,0,0,0,0,0,0,100000,100000,0,0
055926,國巨群益98購06  ,0,0,0,0,0,0,0,0,0,0,0,0,0,50000,50000,0,0
05592P,可成群益96售03  ,0,0,0,0,0,0,0,0,0,0,0,0,0,150000,150000,0,0
058919,SGBR2X元富99購05,0,0,0,0,0,0,0,0,0,0,0,0,0,6000,6000,0,0
058986,華新科凱基9A購03,0,0,0,0,0,0,0,0,0,0,0,0,0,28000,28000,0,0
057701,嘉聯益群益98購02,0,0,0,0,0,0,0,0,0,0,0,0,0,2000,2000,0,0
057712,南亞科統一9A購01,0,0,0,0,0,0,0,0,0,0,0,0,0,8000,8000,0,0
057757,鴻海凱基98購13  ,0,0,0,0,0,0,0,0,0,0,0,0,0,3000,3000,0,0
05768P,台積電凱基96售15,0,0,0,0,0,0,0,0,0,0,0,0,0,30000,30000,0,0
057910,華新科兆豐99購02,0,0,0,0,0,0,0,0,0,0,0,0,0,10000,10000,0,0
057913,健策日盛98購01  ,0,0,0,0,0,0,0,0,0,0,0,0,0,330000,330000,0,0
057900,南亞科永豐98購01,0,0,0,0,0,0,0,0,0,0,0,0,0,85000,85000,0,0
057796,鴻海兆豐99購03  ,0,0,0,0,0,0,0,0,0,0,0,0,0,10000,10000,0,0
057797,大立光兆豐99購01,0,0,0,0,0,0,0,0,0,0,0,0,0,10000,10000,0,0
057775,南亞科群益98購02,0,0,0,0,0,0,0,0,0,0,0,0,0,37000,37000,0,0
057933,聯發科群益98購06,0,0,0,0,0,0,0,0,0,0,0,0,0,5000,5000,0,0
057949,南電國票99購01  ,0,0,0,0,0,0,0,0,0,0,0,0,0,21000,21000,0,0
057940,和大國票99購01  ,0,0,0,0,0,0,0,0,0,0,0,0,0,140000,140000,0,0
058066,可成亞東99購01  ,0,0,0,0,0,0,0,0,0,0,0,0,0,20000,20000,0,0
057999,智邦亞東99購02  ,0,0,0,0,0,0,0,0,0,0,0,0,0,40000,40000,0,0
05846P,大立光元大96售07,0,0,0,0,0,0,0,0,0,0,0,0,0,10000,10000,0,0
058497,新日興群益9B購01,0,0,0,0,0,0,0,0,0,0,0,0,0,100000,100000,0,0
05850P,台積電兆豐96售06,0,0,0,0,0,0,0,0,0,0,0,0,0,10000,10000,0,0
058408,華通兆豐99購02  ,0,0,0,0,0,0,0,0,0,0,0,0,0,1000,1000,0,0
053800,華通凱基97購03  ,0,0,0,0,0,0,0,0,0,0,0,0,0,3000,3000,0,0
053810,台達電群益96購01,0,0,0,0,0,0,0,0,0,0,0,0,0,98000,98000,0,0
053755,亞光元富96購01  ,0,0,0,0,0,0,0,0,0,0,0,0,0,10000,10000,0,0
053719,可成凱基96購08  ,0,0,0,0,0,0,0,0,0,0,0,0,0,5000,5000,0,0
053703,緯穎兆豐96購01  ,0,0,0,0,0,0,0,0,0,0,0,0,0,1000,1000,0,0
051666,旺宏元大96購05  ,0,0,0,0,0,0,0,0,0,0,0,0,0,6000,6000,0,0
05154P,台積電兆豐95售05,0,0,0,0,0,0,0,0,0,0,0,0,0,10000,10000,0,0
051536,玉晶光國票97購01,0,0,0,0,0,0,0,0,0,0,0,0,0,90000,90000,0,0
05144P,美律永豐95售02  ,0,0,0,0,0,0,0,0,0,0,0,0,0,10000,10000,0,0
053962,聯茂永豐96購01  ,0,0,0,0,0,0,0,0,0,0,0,0,0,12000,12000,0,0
053977,新日興元大96購03,0,0,0,0,0,0,0,0,0,0,0,0,0,2000,2000,0,0
055722,聯鈞元大97購03  ,0,0,0,0,0,0,0,0,0,0,0,0,0,3000,3000,0,0
05388P,南亞科元大95售04,0,0,0,0,0,0,0,0,0,0,0,0,0,8000,8000,0,0
053875,GIS元大97購01   ,0,0,0,0,0,0,0,0,0,0,0,0,0,37000,37000,0,0
053877,奇力新亞東96購01,0,0,0,0,0,0,0,0,0,0,0,0,0,10000,10000,0,0
055654,景碩元富97購01  ,0,0,0,0,0,0,0,0,0,0,0,0,0,10000,10000,0,0
051300,台光電凱基96購02,0,0,0,0,0,0,0,0,0,0,0,0,0,20000,20000,0,0
051362,台郡元大95購04  ,0,0,0,0,0,0,0,0,0,0,0,0,0,4000,4000,0,0
05106P,鴻海永豐95售02  ,0,0,0,0,0,0,0,0,0,0,0,0,0,4000,4000,0,0
051092,禾伸堂元大95購02,0,0,0,0,0,0,0,0,0,0,0,0,0,100000,100000,0,0
050832,力成凱基95購01  ,0,0,0,0,0,0,0,0,0,0,0,0,0,10000,10000,0,0
050806,華新科日盛95購01,0,0,0,0,0,0,0,0,0,0,0,0,0,10000,10000,0,0
05079P,可成永豐95售01  ,0,0,0,0,0,0,0,0,0,0,0,0,0,10000,10000,0,0
050649,華新科凱基96購01,0,0,0,0,0,0,0,0,0,0,0,0,0,120000,120000,0,0
050695,台積電凱基94購40,0,0,0,0,0,0,0,0,0,0,0,0,0,10000,10000,0,0
050551,大立光凱基95購05,0,0,0,0,0,0,0,0,0,0,0,0,0,20000,20000,0,0
052470,華新科亞東97購01,0,0,0,0,0,0,0,0,0,0,0,0,0,20000,20000,0,0
050191,和碩元大94購02  ,0,0,0,0,0,0,0,0,0,0,0,0,0,4000,4000,0,0
050180,華新科元大95購08,0,0,0,0,0,0,0,0,0,0,0,0,0,9000,9000,0,0
050198,緯穎元大94購09  ,0,0,0,0,0,0,0,0,0,0,0,0,0,10000,10000,0,0
050320,台表科國票94購01,0,0,0,0,0,0,0,0,0,0,0,0,0,50000,50000,0,0
049856,緯穎群益94購02  ,0,0,0,0,0,0,0,0,0,0,0,0,0,1000,1000,0,0
052409,國巨亞東95購01  ,0,0,0,0,0,0,0,0,0,0,0,0,0,40000,40000,0,0
052410,智邦亞東96購01  ,0,0,0,0,0,0,0,0,0,0,0,0,0,20000,20000,0,0
052417,聯發科兆豐9B購01,0,0,0,0,0,0,0,0,0,0,0,0,0,10000,10000,0,0
052229,奇力新凱基96購01,0,0,0,0,0,0,0,0,0,0,0,0,0,196000,196000,0,0
052185,奇力新群益95購03,0,0,0,0,0,0,0,0,0,0,0,0,0,3000,3000,0,0
049141,旺宏元大95購01  ,0,0,0,0,0,0,0,0,0,0,0,0,0,35000,35000,0,0
049580,國巨元大94購07  ,0,0,0,0,0,0,0,0,0,0,0,0,0,50000,50000,0,0
049436,義隆國泰96購02  ,0,0,0,0,0,0,0,0,0,0,0,0,0,1000,1000,0,0
049494,華新科元大95購05,0,0,0,0,0,0,0,0,0,0,0,0,0,10000,10000,0,0
04927P,大立光凱基95售06,0,0,0,0,0,0,0,0,0,0,0,0,0,10000,10000,0,0
04959P,可成凱基94售14  ,0,0,0,0,0,0,0,0,0,0,0,0,0,12000,12000,0,0
052220,T50反1凱基98購01,0,0,0,0,0,0,0,0,0,0,0,0,0,50000,50000,0,0
052055,緯穎凱基95購03  ,0,0,0,0,0,0,0,0,0,0,0,0,0,10000,10000,0,0
052016,神基永豐95購01  ,0,0,0,0,0,0,0,0,0,0,0,0,0,40000,40000,0,0
051880,健策康和95購01  ,0,0,0,0,0,0,0,0,0,0,0,0,0,105000,105000,0,0
045877,友達元富95購01  ,0,0,0,0,0,0,0,0,0,0,0,0,0,10000,10000,0,0
045992,鴻海富邦94購01  ,0,0,0,0,0,0,0,0,0,0,0,0,0,1000,1000,0,0
045678,華新科元大95購01,0,0,0,0,0,0,0,0,0,0,0,0,0,79000,79000,0,0
04571P,華新科國泰95售03,0,0,0,0,0,0,0,0,0,0,0,0,0,150000,150000,0,0
05182P,嘉晶統一95售03  ,0,0,0,0,0,0,0,0,0,0,0,0,0,20000,20000,0,0
042931,啟碁中信95購01  ,1000,0,1000,0,0,0,0,0,0,-1000,0,0,0,0,1000,-1000,0
044104,鴻海中信95購03  ,1000,1000,0,0,0,0,0,0,0,0,0,0,0,0,0,0,0
00766L,台新MSCI中國正2 ,0,0,0,0,0,0,0,0,0,0,0,0,0,136000,136000,0,0
00732,國泰RMB短期報酬 ,0,0,0,0,0,0,0,0,0,0,0,0,0,100000,100000,0,0
00866,新光Shiller CAPE,0,0,0,0,0,0,0,0,0,0,0,0,0,26000,26000,0,0
00774B,新光中國政金綠債,0,0,0,0,0,0,0,0,0,0,0,0,0,2000,2000,0,0
00775B,新光投等債15+   ,0,0,0,0,0,0,0,0,0,0,0,0,0,2000,2000,0,0
00776,新光ICE美國權值 ,0,0,0,0,0,0,0,0,0,0,0,0,0,2000,2000,0,0
00709,富邦歐洲        ,0,0,0,0,0,0,0,0,0,0,0,0,0,100000,100000,0,0
00688L,國泰20年美債正2 ,0,0,0,0,0,0,0,0,0,0,0,0,0,100000,100000,0,0
047608,聯發科第一95購01,0,0,0,0,0,0,0,0,0,0,0,0,0,40000,40000,0,0
00668K,國泰美國道瓊+U  ,0,0,0,0,0,0,0,0,0,0,0,0,0,100,100,0,0
00657K,國泰日經225+U   ,0,0,0,0,0,0,0,0,0,0,0,0,0,100,100,0,0
03022X,富展01          ,0,0,0,0,0,0,0,0,0,0,0,0,0,1000,1000,0,0
00625K,富邦上証+R      ,0,0,0,0,0,0,0,0,0,0,0,0,0,50000,50000,0,0
00636K,國泰中國A50+U   ,0,0,0,0,0,0,0,0,0,0,0,0,0,100,100,0,0
04679P,臺股指統一94售04,0,0,0,0,0,0,0,0,0,0,0,0,0,1000,1000,0,0
04688P,大立光凱基94售09,0,0,0,0,0,0,0,0,0,0,0,0,0,20000,20000,0,0
04865P,台積電亞東95售01,0,0,0,0,0,0,0,0,0,0,0,0,0,10000,10000,0,0
048707,南電國票95購01  ,0,0,0,0,0,0,0,0,0,0,0,0,0,38000,38000,0,0
04816P,台積電兆豐94售06,0,0,0,0,0,0,0,0,0,0,0,0,0,10000,10000,0,0
048193,旺宏元大94購05  ,0,0,0,0,0,0,0,0,0,0,0,0,0,10000,10000,0,0
048287,嘉晶兆豐94購01  ,0,0,0,0,0,0,0,0,0,0,0,0,0,22000,22000,0,0
04793P,台光電元大94售07,0,0,0,0,0,0,0,0,0,0,0,0,0,45000,45000,0,0
047697,台郡國票94購02  ,0,0,0,0,0,0,0,0,0,0,0,0,0,50000,50000,0,0
04778P,可成凱基94售10  ,0,0,0,0,0,0,0,0,0,0,0,0,0,5000,5000,0,0
047973,華通兆豐94購01  ,0,0,0,0,0,0,0,0,0,0,0,0,0,10000,10000,0,0
048139,南電國票94購02  ,0,0,0,0,0,0,0,0,0,0,0,0,0,80000,80000,0,0
059803,S&P正2元富9B購03,0,0,0,0,0,0,0,0,0,0,0,0,0,5000,5000,0,0
059837,健策國泰9B購01  ,0,0,0,0,0,0,0,0,0,0,0,0,0,41000,41000,0,0
059851,晶相光永豐99購02,0,0,0,0,0,0,0,0,0,0,0,0,0,4000,4000,0,0
059784,台光電元大9A購01,0,0,0,0,0,0,0,0,0,0,0,0,0,25000,25000,0,0
059788,華新科元大9A購05,0,0,0,0,0,0,0,0,0,0,0,0,0,18000,18000,0,0
059751,華通群益9B購03  ,0,0,0,0,0,0,0,0,0,0,0,0,0,1000,1000,0,0
059724,聯發科元大99購30,0,0,0,0,0,0,0,0,0,0,0,0,0,2000,2000,0,0
059874,大立光凱基99購15,0,0,0,0,0,0,0,0,0,0,0,0,0,40000,40000,0,0
059917,華新科元大99購19,0,0,0,0,0,0,0,0,0,0,0,0,0,18000,18000,0,0
052987,華新科元大99購01,0,0,0,0,0,0,0,0,0,0,0,0,0,19000,19000,0,0
052930,華新科元大97購03,0,0,0,0,0,0,0,0,0,0,0,0,0,64000,64000,0,0
052937,國巨兆豐97購01  ,0,0,0,0,0,0,0,0,0,0,0,0,0,10000,10000,0,0
052897,緯創群益96購03  ,0,0,0,0,0,0,0,0,0,0,0,0,0,1000,1000,0,0
05456P,鴻海凱基95售19  ,0,0,0,0,0,0,0,0,0,0,0,0,0,35000,35000,0,0
052686,華新科元大96購03,0,0,0,0,0,0,0,0,0,0,0,0,0,41000,41000,0,0
054725,國巨日盛97購01  ,0,0,0,0,0,0,0,0,0,0,0,0,0,4000,4000,0,0
054718,可成永豐97購01  ,0,0,0,0,0,0,0,0,0,0,0,0,0,27000,27000,0,0
054747,麗豐凱基98購01  ,0,0,0,0,0,0,0,0,0,0,0,0,0,10000,10000,0,0
052742,可成元大96購01  ,0,0,0,0,0,0,0,0,0,0,0,0,0,300000,300000,0,0
052743,華新科元大97購01,0,0,0,0,0,0,0,0,0,0,0,0,0,41000,41000,0,0
05279P,上銀元大95售02  ,0,0,0,0,0,0,0,0,0,0,0,0,0,1000,1000,0,0
055257,景碩統一97購01  ,0,0,0,0,0,0,0,0,0,0,0,0,0,3000,3000,0,0
054436,高鐵台新97購02  ,0,0,0,0,0,0,0,0,0,0,0,0,0,168000,168000,0,0
054470,緯穎國票97購04  ,0,0,0,0,0,0,0,0,0,0,0,0,0,5000,5000,0,0
055433,嘉聯益群益99購01,0,0,0,0,0,0,0,0,0,0,0,0,0,311000,311000,0,0
055339,緯穎兆豐98購01  ,0,0,0,0,0,0,0,0,0,0,0,0,0,32000,32000,0,0
055353,華新科凱基98購03,0,0,0,0,0,0,0,0,0,0,0,0,0,14000,14000,0,0
052585,友達永豐97購01  ,0,0,0,0,0,0,0,0,0,0,0,0,0,330000,330000,0,0
052561,矽創國票97購01  ,0,0,0,0,0,0,0,0,0,0,0,0,0,38000,38000,0,0
054404,新日興康和96購01,0,0,0,0,0,0,0,0,0,0,0,0,0,30000,30000,0,0
052659,上証2X國票99購01,0,0,0,0,0,0,0,0,0,0,0,0,0,20000,20000,0,0
055189,台虹統一97購01  ,0,0,0,0,0,0,0,0,0,0,0,0,0,80000,80000,0,0
055231,大毅國票98購02  ,0,0,0,0,0,0,0,0,0,0,0,0,0,83000,83000,0,0
052548,旺宏亞東96購01  ,0,0,0,0,0,0,0,0,0,0,0,0,0,90000,90000,0,0
055122,國巨兆豐98購01  ,0,0,0,0,0,0,0,0,0,0,0,0,0,10000,10000,0,0
055182,京鼎統一98購01  ,0,0,0,0,0,0,0,0,0,0,0,0,0,10000,10000,0,0
055098,臺股指群益97購01,0,0,0,0,0,0,0,0,0,0,0,0,0,130000,130000,0,0
05427P,聯發科凱基96售07,0,0,0,0,0,0,0,0,0,0,0,0,0,6000,6000,0,0
054323,旺宏台新96購02  ,0,0,0,0,0,0,0,0,0,0,0,0,0,20000,20000,0,0
053671,可成統一96購03  ,0,0,0,0,0,0,0,0,0,0,0,0,0,324000,324000,0,0
053495,聯發科兆豐96購02,0,0,0,0,0,0,0,0,0,0,0,0,0,10000,10000,0,0
053560,漢唐國泰98購01  ,0,0,0,0,0,0,0,0,0,0,0,0,0,5000,5000,0,0
053535,宏達電永豐96購02,0,0,0,0,0,0,0,0,0,0,0,0,0,2000,2000,0,0
053480,祥碩元大96購02  ,0,0,0,0,0,0,0,0,0,0,0,0,0,53000,53000,0,0
053298,SP黃豆凱基99購01,0,0,0,0,0,0,0,0,0,0,0,0,0,56000,56000,0,0
053226,國巨台新97購02  ,0,0,0,0,0,0,0,0,0,0,0,0,0,6000,6000,0,0
053116,華新科中信96購01,0,0,0,0,0,0,0,0,0,0,0,0,0,40000,40000,0,0
05305P,華新科國泰97售01,0,0,0,0,0,0,0,0,0,0,0,0,0,150000,150000,0,0
054090,瑞昱群益97購01  ,0,0,0,0,0,0,0,0,0,0,0,0,0,11000,11000,0,0
054175,高鐵台新97購01  ,0,0,0,0,0,0,0,0,0,0,0,0,0,32000,32000,0,0
054152,漢唐國泰98購02  ,0,0,0,0,0,0,0,0,0,0,0,0,0,5000,5000,0,0
054820,新日興元大97購01,0,0,0,0,0,0,0,0,0,0,0,0,0,10000,10000,0,0
054040,中石化元大9C購01,0,0,0,0,0,0,0,0,0,0,0,0,0,1000,1000,0,0
2069,運錩            ,0,1000,-1000,0,0,0,0,0,0,1000,1000,0,1000,0,0,0,0
1817,凱撒衛          ,0,1000,-1000,0,0,0,0,0,0,1000,1000,0,1000,0,0,0,0
2115,六暉-KY         ,0,0,0,0,0,0,0,0,0,0,1000,1000,0,0,0,0,0
2227,裕日車          ,4000,3000,1000,0,0,0,0,0,0,-1000,0,1000,-1000,0,0,0,0
1530,亞崴            ,0,0,0,0,0,0,0,0,0,0,1000,1000,0,0,0,0,0
1539,巨庭            ,1000,1000,0,0,0,0,0,0,0,0,0,0,0,0,0,0,0
1615,大山            ,1000,1000,0,0,0,0,0,0,0,0,1000,1000,0,0,0,0,0
1727,中華化          ,5000,6000,-1000,0,0,0,0,0,0,1000,1000,0,1000,0,0,0,0
2468,華經            ,3000,3000,0,0,0,0,0,0,0,0,0,0,0,0,0,0,0
2427,三商電          ,2000,2000,0,0,0,0,0,0,0,0,0,0,0,0,0,0,0
2380,虹光            ,1000,1000,0,0,0,0,0,0,0,0,0,0,0,0,0,0,0
07440P,臺股指麥證9B售02,0,0,0,20000,20000,0,0,0,0,0,0,0,0,20000,20000,0,0
06669P,緯穎凱基98售05  ,0,0,0,0,0,0,0,0,0,0,0,0,0,85000,85000,0,0
06667P,鴻海凱基98售11  ,0,0,0,0,0,0,0,0,0,0,0,0,0,20000,20000,0,0
06732P,台灣50日盛9A售01,0,0,0,0,0,0,0,0,0,0,0,0,0,160000,160000,0,0
06729P,聯詠元大98售03  ,0,0,0,0,0,0,0,0,0,0,0,0,0,4000,4000,0,0
1423,利華            ,1000,1000,0,0,0,0,0,0,0,0,0,0,0,0,0,0,0
1463,強盛            ,4000,4000,0,0,0,0,0,0,0,0,0,0,0,0,0,0,0
1220,台榮            ,0,1000,-1000,0,0,0,0,0,0,1000,1000,0,1000,0,0,0,0
07540P,鴻海凱基9A售21  ,0,0,0,0,0,0,0,0,0,0,0,0,0,49000,49000,0,0
07525P,臺股指中信9B售07,0,0,0,0,0,0,0,0,0,0,0,0,0,4000,4000,0,0
06154P,超眾元大98售01  ,0,0,0,0,0,0,0,0,0,0,0,0,0,4000,4000,0,0
06163P,聯詠群益97售01  ,0,0,0,0,0,0,0,0,0,0,0,0,0,10000,10000,0,0
060507,聯發科元大9A購03,0,0,0,0,0,0,0,0,0,0,0,0,0,3000,3000,0,0
060508,聯發科元大9A購04,0,0,0,0,0,0,0,0,0,0,0,0,0,3000,3000,0,0
060511,群創元大9B購08  ,0,0,0,0,0,0,0,0,0,0,0,0,0,16000,16000,0,0
060526,台積電中信9A購02,0,0,0,0,0,0,0,0,0,0,0,0,0,1000,1000,0,0
060527,台積電中信9C購04,0,0,0,0,0,0,0,0,0,0,0,0,0,1000,1000,0,0
060644,泰鼎永豐9A購02  ,0,0,0,0,0,0,0,0,0,0,0,0,0,1000,1000,0,0
07288P,台灣50凱基99售06,0,0,0,0,0,0,0,0,0,0,0,0,0,2000,2000,0,0
07350P,台灣50國票99售11,0,0,0,0,0,0,0,0,0,0,0,0,0,8000,8000,0,0
06254P,臺股指群益97售07,0,0,0,0,0,0,0,0,0,0,0,0,0,1000,1000,0,0
060621,玉晶光元大9A購05,0,0,0,0,0,0,0,0,0,0,0,0,0,4000,4000,0,0
060594,國巨麥證9A購01  ,0,0,0,0,200000,-200000,0,0,0,0,0,0,0,200000,200000,0,0
060572,景碩永豐9A購01  ,0,0,0,0,0,0,0,0,0,0,0,0,0,1000,1000,0,0
06329P,大立光兆豐97售04,0,0,0,0,0,0,0,0,0,0,0,0,0,10000,10000,0,0
06643P,大立光兆豐98售01,0,0,0,0,0,0,0,0,0,0,0,0,0,10000,10000,0,0
06617P,智邦元大98售03  ,0,0,0,0,0,0,0,0,0,0,0,0,0,10000,10000,0,0
06523P,台積電麥證98售02,0,0,0,5000,5000,0,0,0,0,0,0,0,0,5000,5000,0,0
06516P,國巨凱基98售08  ,0,0,0,0,0,0,0,0,0,0,0,0,0,370000,370000,0,0
06544P,鴻海元大98售09  ,0,0,0,0,0,0,0,0,0,0,0,0,0,252000,252000,0,0
06569P,可成永豐98售01  ,0,0,0,0,0,0,0,0,0,0,0,0,0,230000,230000,0,0
06971P,台光電元大99售03,0,0,0,0,0,0,0,0,0,0,0,0,0,10000,10000,0,0
07022P,嘉晶永豐99售02  ,0,0,0,0,0,0,0,0,0,0,0,0,0,10000,10000,0,0
07019P,鴻海台新99售01  ,0,0,0,0,0,0,0,0,0,0,0,0,0,10000,10000,0,0
07004P,大立光兆豐9A售01,0,0,0,0,0,0,0,0,0,0,0,0,0,10000,10000,0,0
07077P,緯穎凱基99售01  ,0,0,0,0,0,0,0,0,0,0,0,0,0,200000,200000,0,0
06928P,鴻海元大99售10  ,0,0,0,0,0,0,0,0,0,0,0,0,0,2000,2000,0,0
06862P,大立光凱基98售16,0,0,0,0,0,0,0,0,0,0,0,0,0,26000,26000,0,0
06873P,嘉晶元富98售02  ,0,0,0,0,0,0,0,0,0,0,0,0,0,25000,25000,0,0
060043,全新群益9B購02  ,0,0,0,0,0,0,0,0,0,0,0,0,0,17000,17000,0,0
06773P,台灣50兆豐9A售01,0,0,0,0,0,0,0,0,0,0,0,0,0,10000,10000,0,0
06776P,鴻海元大99售05  ,0,0,0,0,0,0,0,0,0,0,0,0,0,250000,250000,0,0
06804P,臺股指群益98售10,0,0,0,0,0,0,0,0,0,0,0,0,0,6000,6000,0,0
07149P,健鼎元大99售03  ,0,0,0,0,0,0,0,0,0,0,0,0,0,5000,5000,0,0
07141P,台灣50國票9A售03,0,0,0,0,0,0,0,0,0,0,0,0,0,15000,15000,0,0
07223P,鴻海元大99售29  ,0,0,0,0,0,0,0,0,0,0,0,0,0,700000,700000,0,0
3617,碩天            ,20000,20000,0,0,0,0,0,0,0,0,0,1000,-1000,1000,0,1000,0
3701,大眾控          ,2000,2000,0,0,0,0,0,0,0,0,0,0,0,0,0,0,0
2906,高林            ,2000,2000,0,0,0,0,0,0,0,0,0,0,0,0,0,0,0
2630,亞航            ,1000,1000,0,0,0,0,0,0,0,0,0,0,0,0,0,0,0
2613,中櫃            ,1000,0,1000,0,0,0,0,0,0,-1000,3000,4000,-1000,0,0,0,0
8249,菱光            ,8000,7000,1000,0,0,0,0,0,0,-1000,1000,2000,-1000,0,0,0,0
6281,全國電          ,3000,2000,1000,0,0,0,0,0,0,-1000,2000,3000,-1000,0,0,0,0
6283,淳安            ,38000,37000,1000,0,0,0,0,0,0,-1000,0,1000,-1000,0,0,0,0
6579,研揚            ,0,1000,-1000,0,0,0,0,0,0,1000,1000,0,1000,0,0,0,0
6672,騰輝電子-KY     ,43000,43000,0,0,0,0,0,0,0,0,0,0,0,0,0,0,0
5283,禾聯碩          ,1000,6000,-5000,0,0,0,0,0,0,5000,0,0,0,5000,0,5000,0
6117,迎廣            ,1000,1000,0,0,0,0,0,0,0,0,0,0,0,0,0,0,0
05789P,臺股指永昌96售06,0,0,0,0,0,0,0,0,0,-1000,0,0,0,0,1000,-1000,-1000
058933,FBVIX台新9B購01 ,0,0,0,0,0,0,0,0,0,-1000,0,0,0,2000,3000,-1000,-1000
05756P,臺股指中信99售05,0,0,0,0,0,0,0,0,0,-1000,0,0,0,0,1000,-1000,-1000
05902P,華通國票96售02  ,0,0,0,0,0,0,0,0,0,-1000,0,0,0,0,1000,-1000,-1000
056274,彩晶統一98購02  ,0,0,0,0,0,0,0,0,0,-1000,0,0,0,23000,24000,-1000,-1000
05888P,友達元大97售01  ,0,0,0,0,0,0,0,0,0,-1000,0,0,0,8000,9000,-1000,-1000
058355,旺宏凱基99購04  ,0,0,0,0,0,0,0,0,0,-1000,0,0,0,0,1000,-1000,-1000
058372,欣興凱基99購03  ,0,0,0,0,0,0,0,0,0,-1000,0,0,0,4000,5000,-1000,-1000
058362,聯發科凱基99購06,0,0,0,0,0,0,0,0,0,-1000,0,0,0,0,1000,-1000,-1000
058277,FBVIX中信03購01 ,0,0,0,0,0,0,0,0,0,-1000,0,0,0,0,1000,-1000,-1000
056757,T50反1元大98購07,0,0,0,0,0,0,0,0,0,-1000,0,0,0,50000,51000,-1000,-1000
057239,貿聯凱基98購05  ,0,0,0,0,0,0,0,0,0,-1000,0,0,0,9000,10000,-1000,-1000
059342,聯發科凱基9A購05,0,0,0,0,0,0,0,0,0,-1000,0,0,0,0,1000,-1000,-1000
059314,上銀元大99購03  ,0,0,0,0,0,0,0,0,0,-1000,0,0,0,0,1000,-1000,-1000
059320,華新科元大99購15,0,0,0,0,0,0,0,0,0,-1000,0,0,0,35000,36000,-1000,-1000
056878,元油2X國票99購02,0,0,0,0,0,0,0,0,0,-1000,0,0,0,0,1000,-1000,-1000
056876,群創凱基98購11  ,0,0,0,0,0,0,0,0,0,-1000,0,0,0,13000,14000,-1000,-1000
05918P,大立光元大96售11,0,0,0,0,0,0,0,0,0,-1000,0,0,0,0,1000,-1000,-1000
059649,矽力凱基99購02  ,0,0,0,0,0,0,0,0,0,-1000,0,0,0,1000,2000,-1000,-1000
057383,玉晶光富邦9A購01,0,0,0,0,0,0,0,0,0,-1000,0,0,0,0,1000,-1000,-1000
056077,矽力元大97購07  ,0,0,0,0,0,0,0,0,0,-1000,0,0,0,0,1000,-1000,-1000
059126,臺指反中信9B購01,0,0,0,0,0,0,0,0,0,-1000,0,0,0,0,1000,-1000,-1000
059076,FBVIX元大99購04 ,0,0,0,0,0,0,0,0,0,-1000,0,0,0,0,1000,-1000,-1000
058632,世紀鋼國票9A購01,0,0,0,0,0,0,0,0,0,-1000,0,0,0,4000,5000,-1000,-1000
058669,上銀群益99購01  ,0,0,0,0,0,0,0,0,0,-1000,0,0,0,26000,27000,-1000,-1000
059596,大立光元大99購20,0,0,0,0,0,0,0,0,0,-1000,0,0,0,0,1000,-1000,-1000
059642,健策凱基99購04  ,0,0,0,0,0,0,0,0,0,-1000,0,0,0,13000,14000,-1000,-1000
057480,技嘉元大98購03  ,0,0,0,0,0,0,0,0,0,-1000,0,0,0,0,1000,-1000,-1000
056594,台積電元富98購03,0,0,0,0,0,0,0,0,0,-1000,0,0,0,0,1000,-1000,-1000
056568,台表科群益98購01,0,0,0,0,0,0,0,0,0,-1000,0,0,0,0,1000,-1000,-1000
056453,禾伸堂凱基99購02,0,0,0,0,0,0,0,0,0,-1000,0,0,0,3000,4000,-1000,-1000
056719,台虹永豐98購01  ,0,0,0,0,0,0,0,0,0,-1000,0,0,0,0,1000,-1000,-1000
056241,緯創群益97購01  ,0,0,0,0,0,0,0,0,0,-1000,0,0,0,0,1000,-1000,-1000
059984,華新科元大99購21,0,0,0,0,0,0,0,0,0,-1000,0,0,0,7000,8000,-1000,-1000
060479,億豐元大9A購01  ,0,0,0,0,0,0,0,0,0,-1000,0,0,0,0,1000,-1000,-1000
060480,億豐元大9A購02  ,0,0,0,0,0,0,0,0,0,-1000,0,0,0,0,1000,-1000,-1000
060498,華通元大9A購03  ,0,0,0,0,0,0,0,0,0,-1000,0,0,0,3000,4000,-1000,-1000
060213,牧德康和9A購01  ,0,0,0,0,0,0,0,0,0,-1000,0,0,0,41000,42000,-1000,-1000
060229,楠梓電元大9C購01,0,0,0,0,0,0,0,0,0,-1000,0,0,0,8000,9000,-1000,-1000
060312,潤泰全永豐9A購01,0,0,0,0,0,0,0,0,0,-1000,0,0,0,0,1000,-1000,-1000
060355,元金2X元富9C購01,0,0,0,0,0,0,0,0,0,-1000,0,0,0,38000,39000,-1000,-1000
060369,滬深2X元富01購01,0,0,0,0,0,0,0,0,0,-1000,0,0,0,0,1000,-1000,-1000
060394,欣興麥證9A購01  ,0,0,0,0,1000,-1000,0,0,0,-1000,0,0,0,0,1000,-1000,-1000
060411,達新永豐9A購01  ,0,0,0,0,0,0,0,0,0,-1000,0,0,0,0,1000,-1000,-1000
054066,緯穎國票97購03  ,0,0,0,0,0,0,0,0,0,-1000,0,0,0,4000,5000,-1000,-1000
054189,貿聯永豐96購03  ,0,0,0,0,0,0,0,0,0,-1000,0,0,0,0,1000,-1000,-1000
054178,中磊台新97購01  ,0,0,0,0,0,0,0,0,0,-1000,0,0,0,0,1000,-1000,-1000
055904,貿聯亞東99購01  ,0,0,0,0,0,0,0,0,0,-1000,0,0,0,0,1000,-1000,-1000
055925,上銀群益97購01  ,0,0,0,0,0,0,0,0,0,-1000,0,0,0,0,1000,-1000,-1000
053129,緯穎凱基96購01  ,0,0,0,0,0,0,0,0,0,-1000,0,0,0,11000,12000,-1000,-1000
053157,日月光元大96購03,0,0,0,0,0,0,0,0,0,-1000,0,0,0,0,1000,-1000,-1000
053313,世紀鋼凱基96購01,0,0,0,0,0,0,0,0,0,-1000,0,0,0,0,1000,-1000,-1000
05341P,臺股指兆豐95售02,0,0,0,0,0,0,0,0,0,-1000,0,0,0,9000,10000,-1000,-1000
053539,智易永豐96購01  ,0,0,0,0,0,0,0,0,0,-1000,0,0,0,0,1000,-1000,-1000
055171,凱美統一97購01  ,0,0,0,0,0,0,0,0,0,-1000,0,0,0,49000,50000,-1000,-1000
054378,楠梓電群益98購01,0,0,0,0,0,0,0,0,0,-1000,0,0,0,0,1000,-1000,-1000
055335,健策兆豐98購01  ,0,0,0,0,0,0,0,0,0,-1000,0,0,0,0,1000,-1000,-1000
054455,楠梓電群益98購02,0,0,0,0,0,0,0,0,0,-1000,0,0,0,0,1000,-1000,-1000
055305,旺宏群益99購01  ,0,0,0,0,0,0,0,0,0,-1000,0,0,0,0,1000,-1000,-1000
052806,玉晶光元大98購04,0,0,0,0,0,0,0,0,0,-1000,0,0,0,139000,140000,-1000,-1000
054715,中橡康和97購01  ,0,0,0,0,0,0,0,0,0,-1000,0,0,0,0,1000,-1000,-1000
052664,麗豐國票96購02  ,0,0,0,0,0,0,0,0,0,-1000,0,0,0,0,1000,-1000,-1000
05987P,健策統一96售02  ,0,0,0,0,0,0,0,0,0,-1000,0,0,0,0,1000,-1000,-1000
059726,華新科元大99購18,0,0,0,0,0,0,0,0,0,-1000,0,0,0,23000,24000,-1000,-1000
059870,全新凱基99購05  ,0,0,0,0,0,0,0,0,0,-1000,0,0,0,1000,2000,-1000,-1000
048001,中工元大96購01  ,0,0,0,0,0,0,0,0,0,-1000,0,0,0,52000,53000,-1000,-1000
048732,台勝科麥證95購01,0,0,0,0,1000,-1000,0,0,0,-1000,0,0,0,0,1000,-1000,-1000
04684P,欣興元大94售07  ,0,0,0,0,0,0,0,0,0,-1000,0,0,0,0,1000,-1000,-1000
03049X,元展46          ,0,0,0,0,0,0,0,0,0,-1000,0,0,0,0,1000,-1000,-1000
0057,富邦摩台        ,0,0,0,0,0,0,0,0,0,-1000,0,0,0,20000,21000,-1000,-1000
03010X,元展10          ,0,0,0,0,0,0,0,0,0,-1000,0,0,0,0,1000,-1000,-1000
04765P,宏達電永豐94售02,0,0,0,0,0,0,0,0,0,-1000,0,0,0,0,1000,-1000,-1000
00680L,元大美債20正2   ,0,0,0,0,0,0,0,0,0,-1000,0,0,0,0,1000,-1000,-1000
00736,國泰新興市場    ,0,0,0,0,0,0,0,0,0,-1000,0,0,0,100000,101000,-1000,-1000
00762,元大全球AI      ,1000,2000,-1000,0,0,0,0,0,0,0,0,0,0,0,0,0,-1000
04324P,新光金元大94售01,0,0,0,0,0,0,0,0,0,-1000,0,0,0,0,1000,-1000,-1000
03436B,臺股指元富99熊13,0,0,0,0,0,0,0,0,0,-1000,0,0,0,0,1000,-1000,-1000
04617P,臺股指群益95售03,0,0,0,0,0,0,0,0,0,-1000,0,0,0,0,1000,-1000,-1000
049815,緯穎元大94購06  ,0,0,0,0,0,0,0,0,0,-1000,0,0,0,12000,13000,-1000,-1000
050351,華新科群益95購02,0,0,0,0,0,0,0,0,0,-1000,0,0,0,0,1000,-1000,-1000
050356,緯穎群益94購05  ,0,0,0,0,0,0,0,0,0,-1000,0,0,0,0,1000,-1000,-1000
050484,世紀鋼國票95購02,0,0,0,0,0,0,0,0,0,-1000,0,0,0,0,1000,-1000,-1000
050846,緯創國票96購01  ,0,0,0,0,0,0,0,0,0,-1000,0,0,0,0,1000,-1000,-1000
055603,超眾元大97購04  ,0,0,0,0,0,0,0,0,0,-1000,0,0,0,17000,18000,-1000,-1000
055710,亞德客元大97購03,0,0,0,0,0,0,0,0,0,-1000,0,0,0,0,1000,-1000,-1000
053986,矽創第一96購01  ,0,0,0,0,0,0,0,0,0,-1000,0,0,0,0,1000,-1000,-1000
051606,華新科群益95購05,0,0,0,0,0,0,0,0,0,-1000,0,0,0,0,1000,-1000,-1000
051692,深中小統一95購01,0,0,0,0,0,0,0,0,0,-1000,0,0,0,0,1000,-1000,-1000
6164,華興            ,0,0,0,0,0,0,0,0,0,-1000,0,1000,-1000,0,0,0,-1000
6216,居易            ,0,0,0,0,0,0,0,0,0,-1000,0,1000,-1000,0,0,0,-1000
5538,東明-KY         ,2000,3000,-1000,0,0,0,0,0,0,0,0,0,0,0,0,0,-1000
5906,台南-KY         ,0,1000,-1000,0,0,0,0,0,0,0,0,0,0,0,0,0,-1000
6674,鋐寶科技        ,0,1000,-1000,0,0,0,0,0,0,0,0,0,0,0,0,0,-1000
6464,台數科          ,0,1000,-1000,0,0,0,0,0,0,0,0,0,0,0,0,0,-1000
6431,光麗-KY         ,0,1000,-1000,0,0,0,0,0,0,0,0,0,0,0,0,0,-1000
8466,美吉吉-KY       ,0,1000,-1000,0,0,0,0,0,0,0,0,0,0,0,0,0,-1000
8478,東哥遊艇        ,0,1000,-1000,0,0,0,0,0,0,0,0,0,0,0,0,0,-1000
8480,泰昇-KY         ,0,1000,-1000,0,0,0,0,0,0,0,0,0,0,0,0,0,-1000
9902,台火            ,0,0,0,0,0,0,0,0,0,-1000,1000,2000,-1000,0,0,0,-1000
9929,秋雨            ,0,1000,-1000,0,0,0,0,0,0,0,0,0,0,0,0,0,-1000
9918,欣天然          ,0,1000,-1000,0,0,0,0,0,0,0,0,0,0,0,0,0,-1000
9926,新海            ,0,1000,-1000,0,0,0,0,0,0,0,0,0,0,0,0,0,-1000
2705,六福            ,0,1000,-1000,0,0,0,0,0,0,0,0,0,0,0,0,0,-1000
3021,鴻名            ,0,0,0,0,0,0,0,0,0,-1000,0,1000,-1000,0,0,0,-1000
3058,立德            ,1000,2000,-1000,0,0,0,0,0,0,0,1000,1000,0,0,0,0,-1000
3694,海華            ,7000,7000,0,0,0,0,0,0,0,-1000,0,1000,-1000,0,0,0,-1000
3296,勝德            ,0,1000,-1000,0,0,0,0,0,0,0,0,0,0,0,0,0,-1000
3416,融程電          ,0,1000,-1000,0,0,0,0,0,0,0,0,0,0,0,0,0,-1000
3494,誠研            ,0,1000,-1000,0,0,0,0,0,0,0,0,0,0,0,0,0,-1000
07222P,台灣50元大01售04,0,0,0,0,0,0,0,0,0,-1000,0,0,0,0,1000,-1000,-1000
06201P,可成元大97售01  ,0,0,0,0,0,0,0,0,0,-1000,0,0,0,258000,259000,-1000,-1000
07278P,台灣50元富9C售03,0,0,0,0,0,0,0,0,0,-1000,0,0,0,0,1000,-1000,-1000
060090,台積電元大99購55,0,0,0,0,0,0,0,0,0,-1000,0,0,0,0,1000,-1000,-1000
07119P,台積電凱基9A售08,0,0,0,0,0,0,0,0,0,-1000,0,0,0,0,1000,-1000,-1000
07065P,臺股指元大9A售26,0,0,0,0,0,0,0,0,0,-1000,0,0,0,0,1000,-1000,-1000
06999P,玉晶光國票9B售01,0,0,0,0,0,0,0,0,0,-1000,0,0,0,199000,200000,-1000,-1000
06208P,台郡凱基97售03  ,0,0,0,0,0,0,0,0,0,-1000,0,0,0,70000,71000,-1000,-1000
060568,SP黃豆永豐9A購01,0,0,0,0,0,0,0,0,0,-1000,0,0,0,0,1000,-1000,-1000
060604,宏達電凱基9B購01,0,0,0,0,0,0,0,0,0,-1000,0,0,0,5000,6000,-1000,-1000
060605,大立光凱基9C購01,0,0,0,0,0,0,0,0,0,-1000,0,0,0,0,1000,-1000,-1000
06224P,可成元富97售02  ,0,0,0,0,0,0,0,0,0,-1000,0,0,0,0,1000,-1000,-1000
07316P,長榮航康和99售01,0,0,0,0,0,0,0,0,0,-1000,0,0,0,114000,115000,-1000,-1000
060632,可成富邦9B購01  ,0,0,0,0,0,0,0,0,0,-1000,0,0,0,0,1000,-1000,-1000
06010P,國泰金元富96售01,0,0,0,0,0,0,0,0,0,-1000,0,0,0,0,1000,-1000,-1000
07539P,玉山金台新9A售01,0,0,0,0,0,0,0,0,0,-1000,0,0,0,0,1000,-1000,-1000
07560P,台積電國泰9B售01,0,0,0,0,0,0,0,0,0,-1000,0,0,0,100000,101000,-1000,-1000
08679P,台灣50元大01售15,0,0,0,0,0,0,0,0,0,-1000,0,0,0,0,1000,-1000,-1000
1466,聚隆            ,0,1000,-1000,0,0,0,0,0,0,0,0,0,0,0,0,0,-1000
1410,南染            ,0,1000,-1000,0,0,0,0,0,0,0,0,0,0,0,0,0,-1000
1413,宏洲            ,0,1000,-1000,0,0,0,0,0,0,0,0,0,0,0,0,0,-1000
06657P,寶成元大98售01  ,0,0,0,0,0,0,0,0,0,-1000,0,0,0,0,1000,-1000,-1000
07361P,聯發科元大99售34,0,0,0,0,0,0,0,0,0,-1000,0,0,0,2000,3000,-1000,-1000
2431,聯昌            ,2000,3000,-1000,0,0,0,0,0,0,0,0,0,0,0,0,0,-1000
2495,普安            ,1000,2000,-1000,0,0,0,0,0,0,0,1000,1000,0,0,0,0,-1000
2540,愛山林          ,0,1000,-1000,0,0,0,0,0,0,0,0,0,0,0,0,0,-1000
1732,毛寶            ,214000,216000,-2000,0,0,0,0,0,0,1000,1000,0,1000,0,0,0,-1000
1776,展宇            ,0,1000,-1000,0,0,0,0,0,0,0,0,0,0,0,0,0,-1000
1805,寶徠            ,0,1000,-1000,0,0,0,0,0,0,0,0,0,0,0,0,0,-1000
1617,榮星            ,0,1000,-1000,0,0,0,0,0,0,0,0,0,0,0,0,0,-1000
1535,中宇            ,0,1000,-1000,0,0,0,0,0,0,0,0,0,0,0,0,0,-1000
2024,志聯            ,0,1000,-1000,0,0,0,0,0,0,0,0,0,0,0,0,0,-1000
060030,晶相光永豐99購03,0,0,0,0,0,0,0,0,0,-2000,0,0,0,0,2000,-2000,-2000
060331,台積電麥證9A購01,0,0,0,0,2000,-2000,0,0,0,-2000,0,0,0,0,2000,-2000,-2000
060455,葡萄王元大9A購02,0,0,0,0,0,0,0,0,0,-2000,0,0,0,0,2000,-2000,-2000
059983,聯發科元大99購38,0,0,0,0,0,0,0,0,0,-2000,0,0,0,5000,7000,-2000,-2000
059973,A50正2元大99購02,0,0,0,0,0,0,0,0,0,-2000,0,0,0,4000,6000,-2000,-2000
056736,國巨凱基99購03  ,0,0,0,0,0,0,0,0,0,-2000,0,0,0,99000,101000,-2000,-2000
056484,聯茂元大98購02  ,0,0,0,0,0,0,0,0,0,-2000,0,0,0,0,2000,-2000,-2000
05875P,旺宏群益98售01  ,0,0,0,0,0,0,0,0,0,-2000,0,0,0,0,2000,-2000,-2000
058749,康控凱基99購03  ,0,0,0,0,0,0,0,0,0,-2000,0,0,0,38000,40000,-2000,-2000
056413,上証反中信9A購01,0,0,0,0,0,0,0,0,0,-2000,0,0,0,0,2000,-2000,-2000
056534,京元電凱基98購01,0,0,0,0,0,0,0,0,0,-2000,0,0,0,24000,26000,-2000,-2000
057514,華新科元富99購03,0,0,0,0,0,0,0,0,0,-2000,0,0,0,143000,145000,-2000,-2000
056195,群創富邦98購01  ,0,0,0,0,0,0,0,0,0,-2000,0,0,0,0,2000,-2000,-2000
058732,矽格永豐99購01  ,0,0,0,0,0,0,0,0,0,-2000,0,0,0,0,2000,-2000,-2000
059608,聯發科富邦9B購04,0,0,0,0,0,0,0,0,0,-2000,0,0,0,4000,6000,-2000,-2000
059113,群光永豐99購01  ,0,0,0,0,0,0,0,0,0,-2000,0,0,0,0,2000,-2000,-2000
057421,智原凱基98購04  ,0,0,0,0,0,0,0,0,0,-2000,0,0,0,3000,5000,-2000,-2000
058573,鴻海群益9A購02  ,0,0,0,0,0,0,0,0,0,-2000,0,0,0,7000,9000,-2000,-2000
058549,藍天永豐99購01  ,0,0,0,0,0,0,0,0,0,-2000,0,0,0,3000,5000,-2000,-2000
059236,鴻海凱基99購09  ,0,0,0,0,0,0,0,0,0,-2000,0,0,0,0,2000,-2000,-2000
058248,聯茂元大99購05  ,0,0,0,0,0,0,0,0,0,-2000,0,0,0,0,2000,-2000,-2000
05684P,臺股指元大96售09,0,0,0,0,0,0,0,0,0,-2000,0,0,0,0,2000,-2000,-2000
058118,瑞昱群益99購01  ,0,0,0,0,0,0,0,0,0,-2000,0,0,0,30000,32000,-2000,-2000
058102,楠梓電永豐98購04,0,0,0,0,0,0,0,0,0,-2000,0,0,0,0,2000,-2000,-2000
057245,福懋科台新98購01,0,0,0,0,0,0,0,0,0,-2000,0,0,0,0,2000,-2000,-2000
057223,富邦金日盛99購01,0,0,0,0,0,0,0,0,0,-2000,0,0,0,0,2000,-2000,-2000
056813,聯茂統一99購01  ,0,0,0,0,0,0,0,0,0,-2000,0,0,0,0,2000,-2000,-2000
057152,緯穎國票99購03  ,0,0,0,0,0,0,0,0,0,-2000,0,0,0,0,2000,-2000,-2000
059707,健策凱基9A購03  ,0,0,0,0,0,0,0,0,0,-2000,0,0,0,12000,14000,-2000,-2000
059383,台灣50凱基99購03,0,0,0,0,0,0,0,0,0,-2000,0,0,0,13000,15000,-2000,-2000
059404,鴻海台新99購03  ,0,0,0,0,0,0,0,0,0,-2000,0,0,0,13000,15000,-2000,-2000
058947,SGBR2X群益9B購02,0,0,0,0,0,0,0,0,0,-2000,0,0,0,0,2000,-2000,-2000
057894,華通元富02購02  ,0,0,0,0,0,0,0,0,0,-2000,0,0,0,4000,6000,-2000,-2000
057665,技嘉元大99購01  ,0,0,0,0,0,0,0,0,0,-2000,0,0,0,0,2000,-2000,-2000
059373,滬深2X群益01購03,0,0,0,0,0,0,0,0,0,-2000,0,0,0,0,2000,-2000,-2000
051601,群創兆豐95購02  ,0,0,0,0,0,0,0,0,0,-2000,0,0,0,8000,10000,-2000,-2000
051424,緯穎國票97購01  ,0,0,0,0,0,0,0,0,0,-2000,0,0,0,9000,11000,-2000,-2000
050590,晶技永豐95購01  ,0,0,0,0,0,0,0,0,0,-2000,0,0,0,75000,77000,-2000,-2000
051103,緯穎元大96購03  ,0,0,0,0,0,0,0,0,0,-2000,0,0,0,8000,10000,-2000,-2000
04626P,聯發科元大94售07,0,0,0,0,0,0,0,0,0,-2000,0,0,0,0,2000,-2000,-2000
03821P,上海銀統一95售01,0,0,0,0,0,0,0,0,0,-2000,0,0,0,0,2000,-2000,-2000
052188,欣興群益95購03  ,0,0,0,0,0,0,0,0,0,-2000,0,0,0,13000,15000,-2000,-2000
020011,統一微波高息20N ,0,0,0,0,0,0,0,0,0,-2000,0,0,0,0,2000,-2000,-2000
01004T,土銀富邦R2      ,0,2000,-2000,0,0,0,0,0,0,0,0,0,0,0,0,0,-2000
00660,元大歐洲50      ,0,0,0,0,0,0,0,0,0,-2000,0,0,0,1000,3000,-2000,-2000
03016P,滬深2X群益01售09,0,0,0,0,0,0,0,0,0,-2000,0,0,0,90000,92000,-2000,-2000
0053,元大電子        ,1000,0,1000,0,0,0,0,0,0,-3000,0,0,0,1000,4000,-3000,-2000
006203,元大MSCI台灣    ,0,0,0,0,0,0,0,0,0,-2000,0,0,0,0,2000,-2000,-2000
047379,元油2X元大96購03,0,2000,-2000,0,0,0,0,0,0,0,0,0,0,0,0,0,-2000
04832P,為升元大94售09  ,0,0,0,0,0,0,0,0,0,-2000,0,0,0,0,2000,-2000,-2000
059765,嘉聯益永豐99購02,0,0,0,0,0,0,0,0,0,-2000,0,0,0,44000,46000,-2000,-2000
059879,GIS凱基99購03   ,0,0,0,0,0,0,0,0,0,-2000,0,0,0,2000,4000,-2000,-2000
05271P,國巨富邦97售01  ,0,0,0,0,0,0,0,0,0,-2000,0,0,0,0,2000,-2000,-2000
052972,義隆群益96購04  ,0,0,0,0,0,0,0,0,0,-2000,0,0,0,3000,5000,-2000,-2000
052795,健策兆豐97購01  ,0,0,0,0,0,0,0,0,0,-2000,0,0,0,0,2000,-2000,-2000
052759,京元電群益96購01,0,0,0,0,0,0,0,0,0,-2000,0,0,0,142000,144000,-2000,-2000
053407,台積電兆豐96購02,0,0,0,0,0,0,0,0,0,-2000,0,0,0,0,2000,-2000,-2000
055813,聯發科國票98購04,0,0,0,0,0,0,0,0,0,-2000,0,0,0,0,2000,-2000,-2000
054842,台達電兆豐98購01,0,0,0,0,0,0,0,0,0,-2000,0,0,0,0,2000,-2000,-2000
1583,程泰            ,0,2000,-2000,0,0,0,0,0,0,0,0,0,0,0,0,0,-2000
1603,華電            ,0,2000,-2000,0,0,0,0,0,0,0,0,0,0,0,0,0,-2000
2462,良得電          ,0,3000,-3000,0,0,0,0,0,0,1000,1000,0,1000,0,0,0,-2000
06736P,新日興凱基98售03,0,0,0,0,0,0,0,0,0,-2000,0,0,0,0,2000,-2000,-2000
1337,再生-KY         ,4000,6000,-2000,0,0,0,0,0,0,0,1000,1000,0,0,0,0,-2000
1506,正道            ,0,2000,-2000,0,0,0,0,0,0,0,0,0,0,0,0,0,-2000
1446,宏和            ,2000,4000,-2000,0,0,0,0,0,0,0,0,0,0,0,0,0,-2000
1235,興泰            ,0,1000,-1000,0,0,0,0,0,0,-1000,0,1000,-1000,0,0,0,-2000
1219,福壽            ,0,3000,-3000,0,0,0,0,0,0,1000,1000,0,1000,0,0,0,-2000
07519P,臺股指元大9B售10,0,0,0,0,0,0,0,0,0,-2000,0,0,0,0,2000,-2000,-2000
060490,華新科台新9A購01,0,0,0,0,0,0,0,0,0,-2000,0,0,0,1000,3000,-2000,-2000
060529,聯發科中信9A購04,0,0,0,0,0,0,0,0,0,-2000,0,0,0,0,2000,-2000,-2000
060635,義隆永豐9A購01  ,0,0,0,0,0,0,0,0,0,-2000,0,0,0,10000,12000,-2000,-2000
07346P,FBVIX群益99售04 ,0,0,0,0,0,0,0,0,0,-2000,0,0,0,0,2000,-2000,-2000
06299P,可成元大97售04  ,0,0,0,0,0,0,0,0,0,-2000,0,0,0,300000,302000,-2000,-2000
060520,臺指2X中信01購02,0,0,0,0,0,0,0,0,0,-2000,0,0,0,0,2000,-2000,-2000
060517,臺股指元大9B購14,0,0,0,0,0,0,0,0,0,-2000,0,0,0,5000,7000,-2000,-2000
07125P,台積電元大99售22,0,0,0,0,0,0,0,0,0,-2000,0,0,0,0,2000,-2000,-2000
06923P,鴻海群益98售09  ,0,0,0,0,0,0,0,0,0,-2000,0,0,0,0,2000,-2000,-2000
060077,台積電台新9B購01,0,0,0,0,0,0,0,0,0,-2000,0,0,0,1000,3000,-2000,-2000
060049,華通凱基99購06  ,0,0,0,0,0,0,0,0,0,-2000,0,0,0,4000,6000,-2000,-2000
07253P,台灣50凱基9A售05,0,0,0,0,0,0,0,0,0,-2000,0,0,0,0,2000,-2000,-2000
3266,昇陽            ,0,2000,-2000,0,0,0,0,0,0,0,0,0,0,0,0,0,-2000
3686,達能            ,0,2000,-2000,0,0,0,0,0,0,0,0,0,0,0,0,0,-2000
3550,聯穎            ,0,1000,-1000,0,0,0,0,0,0,-1000,0,1000,-1000,0,0,0,-2000
4137,麗豐-KY         ,83000,73000,10000,0,0,0,0,0,0,-12000,1000,2000,-1000,1000,12000,-11000,-2000
4807,日成-KY         ,0,2000,-2000,0,0,0,0,0,0,0,0,0,0,0,0,0,-2000
9941A,裕融甲特        ,0,0,0,0,0,0,0,0,0,-2000,0,2000,-2000,0,0,0,-2000
6024,群益期          ,75000,49000,26000,0,0,0,0,0,0,-28000,0,28000,-28000,0,0,0,-2000
057773,技嘉群益9A購02  ,0,0,0,0,0,0,0,0,0,-3000,0,0,0,0,3000,-3000,-3000
057887,智原群益98購04  ,0,0,0,0,0,0,0,0,0,-3000,0,0,0,0,3000,-3000,-3000
059015,華通元富99購02  ,0,0,0,0,0,0,0,0,0,-3000,0,0,0,0,3000,-3000,-3000
059417,上証反元大9C購01,0,0,0,0,0,0,0,0,0,-3000,0,0,0,0,3000,-3000,-3000
059390,華新科凱基99購05,0,0,0,0,0,0,0,0,0,-3000,0,0,0,34000,37000,-3000,-3000
056366,玉晶光元大99購04,0,0,0,0,0,0,0,0,0,-3000,0,0,0,120000,123000,-3000,-3000
059685,T50正2永豐99購02,0,0,0,0,0,0,0,0,0,-3000,0,0,0,0,3000,-3000,-3000
058113,百和元富98購01  ,0,0,0,0,0,0,0,0,0,-3000,0,0,0,17000,20000,-3000,-3000
058144,聯茂元大99購02  ,0,0,0,0,0,0,0,0,0,-3000,0,0,0,0,3000,-3000,-3000
059201,祥碩永豐99購02  ,0,0,0,0,0,0,0,0,0,-3000,0,0,0,314000,317000,-3000,-3000
058201,華通凱基9A購01  ,0,0,0,0,0,0,0,0,0,-3000,0,0,0,0,3000,-3000,-3000
05908P,大立光元富96售05,0,0,0,0,0,0,0,0,0,-3000,0,0,0,20000,23000,-3000,-3000
059591,台積電元大9A購04,0,0,0,0,0,0,0,0,0,-3000,0,0,0,39000,42000,-3000,-3000
058631,鈺齊國票9A購01  ,0,0,0,0,0,0,0,0,0,-3000,0,0,0,36000,39000,-3000,-3000
05754P,臺股指中信99售03,0,0,0,0,0,0,0,0,0,-3000,0,0,0,0,3000,-3000,-3000
056139,貿聯元大97購04  ,0,0,0,0,0,0,0,0,0,-3000,0,0,0,0,3000,-3000,-3000
056523,光寶科中信98購01,0,0,0,0,0,0,0,0,0,-3000,0,0,0,0,3000,-3000,-3000
056479,玉晶光元大99購05,0,0,0,0,0,0,0,0,0,-3000,0,0,0,47000,50000,-3000,-3000
059989,嘉晶元大9A購01  ,0,0,0,0,0,0,0,0,0,-3000,0,0,0,2000,5000,-3000,-3000
060488,台灣50群益9C購01,0,0,0,0,0,0,0,0,0,-3000,0,0,0,0,3000,-3000,-3000
054840,T50反1兆豐98購01,0,0,0,0,0,0,0,0,0,-3000,0,0,0,0,3000,-3000,-3000
055834,國巨元大97購13  ,0,0,0,0,0,0,0,0,0,-3000,0,0,0,167000,170000,-3000,-3000
054170,泰鼎凱基98購01  ,0,0,0,0,0,0,0,0,0,-3000,0,0,0,10000,13000,-3000,-3000
055147,鴻海元大97購11  ,0,0,0,0,0,0,0,0,0,-3000,0,0,0,0,3000,-3000,-3000
055101,台肥凱基97購01  ,0,0,0,0,0,0,0,0,0,-3000,0,0,0,102000,105000,-3000,-3000
055031,南港富邦99購01  ,0,0,0,0,0,0,0,0,0,-3000,0,0,0,0,3000,-3000,-3000
054744,晶相光凱基99購01,0,0,0,0,0,0,0,0,0,-3000,0,0,0,33000,36000,-3000,-3000
054720,禾伸堂永豐97購01,0,0,0,0,0,0,0,0,0,-3000,0,0,0,55000,58000,-3000,-3000
052738,聯電元大98購02  ,0,0,0,0,0,0,0,0,0,-3000,0,0,0,7000,10000,-3000,-3000
054457,強茂群益96購01  ,0,0,0,0,0,0,0,0,0,-3000,0,0,0,0,3000,-3000,-3000
055332,奇力新兆豐98購01,0,0,0,0,0,0,0,0,0,-3000,0,0,0,0,3000,-3000,-3000
055441,緯穎國票98購01  ,0,0,0,0,0,0,0,0,0,-3000,0,0,0,5000,8000,-3000,-3000
055472,大立光凱基97購07,0,0,0,0,0,0,0,0,0,-3000,0,0,0,0,3000,-3000,-3000
059881,臺股指凱基99購46,0,0,0,0,0,0,0,0,0,-3000,0,0,0,0,3000,-3000,-3000
059916,聯發科元大99購33,0,0,0,0,0,0,0,0,0,-3000,0,0,0,6000,9000,-3000,-3000
059134,臺股指群益99購09,0,0,0,0,0,0,0,0,0,-3000,0,0,0,33000,36000,-3000,-3000
059965,鴻海凱基99購16  ,0,0,0,0,0,0,0,0,0,-3000,0,0,0,70000,73000,-3000,-3000
048627,T50反1元大96購02,0,0,0,0,0,0,0,0,0,-3000,0,0,0,0,3000,-3000,-3000
00657,國泰日經225     ,0,0,0,0,0,0,0,0,0,-3000,0,0,0,150000,153000,-3000,-3000
01002T,土銀國泰R1      ,0,3000,-3000,0,0,0,0,0,0,0,0,0,0,0,0,0,-3000
00743,國泰中國A150    ,0,0,0,0,0,0,0,0,0,-3000,0,0,0,19000,22000,-3000,-3000
052227,瑞昱凱基95購05  ,0,0,0,0,0,0,0,0,0,-3000,0,0,0,7000,10000,-3000,-3000
03676C,臺股指元大04牛03,0,0,0,0,0,0,0,0,0,-3000,0,0,0,0,3000,-3000,-3000
038489,T50反1台新9A購01,0,0,0,0,0,0,0,0,0,-3000,0,0,0,0,3000,-3000,-3000
04578P,微星富邦96售01  ,0,0,0,0,0,0,0,0,0,-3000,0,0,0,0,3000,-3000,-3000
05172P,臺股指元大95售16,0,0,0,0,0,0,0,0,0,-3000,0,0,0,0,3000,-3000,-3000
051458,臺股指元大95購18,0,0,0,0,0,0,0,0,0,-3000,0,0,0,0,3000,-3000,-3000
8201,無敵            ,0,3000,-3000,0,0,0,0,0,0,0,0,0,0,0,0,0,-3000
9906,欣巴巴          ,0,3000,-3000,0,0,0,0,0,0,0,0,0,0,0,0,0,-3000
8411,福貞-KY         ,2000,5000,-3000,0,0,0,0,0,0,0,0,0,0,0,0,0,-3000
4148,全宇生技-KY     ,0,3000,-3000,0,0,0,0,0,0,0,0,0,0,0,0,0,-3000
3607,谷崧            ,1000,3000,-2000,0,0,0,0,0,0,-1000,0,1000,-1000,0,0,0,-3000
3057,喬鼎            ,0,3000,-3000,0,0,0,0,0,0,0,0,0,0,0,0,0,-3000
2908,特力            ,1000,4000,-3000,0,0,0,0,0,0,0,0,0,0,0,0,0,-3000
2910,統領            ,0,3000,-3000,0,0,0,0,0,0,0,0,0,0,0,0,0,-3000
07268P,臺股指元大99售24,0,0,0,0,0,0,0,0,0,-3000,0,0,0,0,3000,-3000,-3000
07169P,臺股指國票99售06,0,0,0,0,0,0,0,0,0,-3000,0,0,0,0,3000,-3000,-3000
060078,旺宏台新99購03  ,0,0,0,0,0,0,0,0,0,-3000,0,0,0,0,3000,-3000,-3000
06888P,日月光元大98售02,0,0,0,0,0,0,0,0,0,-3000,0,0,0,40000,43000,-3000,-3000
06885P,國巨國票99售06  ,0,0,0,0,0,0,0,0,0,-3000,0,0,0,2000,5000,-3000,-3000
07068P,欣興台新99售01  ,0,0,0,0,0,0,0,0,0,-3000,0,0,0,0,3000,-3000,-3000
06255P,臺股指群益97售08,0,0,0,0,0,0,0,0,0,-3000,0,0,0,0,3000,-3000,-3000
060544,國巨凱基9B購03  ,0,0,0,0,0,0,0,0,0,-3000,0,0,0,147000,150000,-3000,-3000
060494,台灣50元大01購12,0,0,0,0,0,0,0,0,0,-3000,0,0,0,0,3000,-3000,-3000
06173P,華通元大97售02  ,0,0,0,0,0,0,0,0,0,-3000,0,0,0,6000,9000,-3000,-3000
2433,互盛電          ,3000,4000,-1000,0,0,0,0,0,0,-2000,0,2000,-2000,0,0,0,-3000
2375,凱美            ,737000,754000,-17000,0,0,0,0,0,0,14000,0,0,0,25000,11000,14000,-3000
1734,杏輝            ,34000,37000,-3000,0,0,0,0,0,0,0,0,0,0,0,0,0,-3000
2243,宏旭-KY         ,2000,5000,-3000,0,0,0,0,0,0,0,0,0,0,0,0,0,-3000
056572,義隆元大99購01  ,0,0,0,0,0,0,0,0,0,-4000,0,0,0,11000,15000,-4000,-4000
056205,貿聯永豐97購01  ,0,0,0,0,0,0,0,0,0,-4000,0,0,0,0,4000,-4000,-4000
057530,奇鋐元大99購01  ,0,0,0,0,0,0,0,0,0,-4000,0,0,0,80000,84000,-4000,-4000
058638,矽力兆豐99購01  ,0,0,0,0,0,0,0,0,0,-4000,0,0,0,0,4000,-4000,-4000
05873P,華通群益97售02  ,0,0,0,0,0,0,0,0,0,-4000,0,0,0,0,4000,-4000,-4000
059434,全新元大99購05  ,0,0,0,0,0,0,0,0,0,-4000,0,0,0,28000,32000,-4000,-4000
057334,技嘉國票98購02  ,0,0,0,0,0,0,0,0,0,-4000,0,0,0,1000,5000,-4000,-4000
057324,億光群益98購01  ,0,0,0,0,0,0,0,0,0,-4000,0,0,0,0,4000,-4000,-4000
05708P,奇力新國票97售04,0,0,0,0,0,0,0,0,0,-4000,0,0,0,79000,83000,-4000,-4000
059228,臺股指元大99購21,0,0,0,0,0,0,0,0,0,-4000,0,0,0,2000,6000,-4000,-4000
058146,勤誠元大99購01  ,0,0,0,0,0,0,0,0,0,-4000,0,0,0,40000,44000,-4000,-4000
057164,國巨元大98購14  ,0,0,0,0,0,0,0,0,0,-4000,0,0,0,24000,28000,-4000,-4000
059360,全新永豐99購02  ,0,0,0,0,0,0,0,0,0,-4000,0,0,0,0,4000,-4000,-4000
057577,廣宇中信9A購01  ,0,0,0,0,0,0,0,0,0,-4000,0,0,0,1000,5000,-4000,-4000
058958,台表科國票9A購03,0,0,0,0,0,0,0,0,0,-4000,0,0,0,7000,11000,-4000,-4000
055935,創意群益97購02  ,0,0,0,0,0,0,0,0,0,-4000,0,0,0,26000,30000,-4000,-4000
057810,技嘉元大98購06  ,0,0,0,0,0,0,0,0,0,-4000,0,0,0,0,4000,-4000,-4000
05807P,泰鼎永豐96售03  ,0,0,0,0,0,0,0,0,0,-4000,0,0,0,50000,54000,-4000,-4000
01003T,兆豐新光R1      ,1000,5000,-4000,0,0,0,0,0,0,0,0,0,0,0,0,0,-4000
00681R,元大美債20反1   ,0,0,0,0,0,0,0,0,0,-4000,0,0,0,0,4000,-4000,-4000
0054,元大台商50      ,0,0,0,0,0,0,0,0,0,-4000,0,0,0,0,4000,-4000,-4000
04831P,聯詠富邦96售01  ,0,0,0,0,0,0,0,0,0,-4000,0,0,0,11000,15000,-4000,-4000
03052X,元展49          ,0,0,0,0,0,0,0,0,0,-4000,0,0,0,0,4000,-4000,-4000
048733,台勝科麥證95購02,0,0,0,0,4000,-4000,0,0,0,-4000,0,0,0,0,4000,-4000,-4000
059952,旺宏康和99購01  ,0,0,0,0,0,0,0,0,0,-4000,0,0,0,198000,202000,-4000,-4000
059888,華新科國票99購03,0,0,0,0,0,0,0,0,0,-4000,0,0,0,0,4000,-4000,-4000
05268P,玉晶光元大98售01,0,0,0,0,0,0,0,0,0,-4000,0,0,0,0,4000,-4000,-4000
052685,技嘉元大96購01  ,0,0,0,0,0,0,0,0,0,-4000,0,0,0,0,4000,-4000,-4000
052864,奇力新凱基96購02,0,0,0,0,0,0,0,0,0,-4000,0,0,0,20000,24000,-4000,-4000
05464P,華通康和95售02  ,0,0,0,0,0,0,0,0,0,-4000,0,0,0,83000,87000,-4000,-4000
053630,奇鋐兆豐97購01  ,0,0,0,0,0,0,0,0,0,-4000,0,0,0,176000,180000,-4000,-4000
054235,欣興群益96購06  ,0,0,0,0,0,0,0,0,0,-4000,0,0,0,96000,100000,-4000,-4000
055911,可成凱基98購02  ,0,0,0,0,0,0,0,0,0,-4000,0,0,0,19000,23000,-4000,-4000
05301P,矽力元大95售02  ,0,0,0,0,0,0,0,0,0,-4000,0,0,0,110000,114000,-4000,-4000
2236,百達-KY         ,1000,5000,-4000,0,0,0,0,0,0,0,0,0,0,0,0,0,-4000
2239,英利-KY         ,9000,13000,-4000,0,0,0,0,0,0,0,0,0,0,0,0,0,-4000
2373,震旦行          ,0,0,0,0,0,0,0,0,0,-4000,0,4000,-4000,0,0,0,-4000
2362,藍天            ,73000,76000,-3000,0,0,0,0,0,0,-1000,0,1000,-1000,0,0,0,-4000
2390,云辰            ,44000,48000,-4000,0,0,0,0,0,0,0,0,0,0,0,0,0,-4000
2443,億麗            ,0,4000,-4000,0,0,0,0,0,0,0,0,0,0,0,0,0,-4000
2482,連宇            ,0,3000,-3000,0,0,0,0,0,0,-1000,0,1000,-1000,0,0,0,-4000
2543,皇昌            ,0,4000,-4000,0,0,0,0,0,0,0,0,0,0,0,0,0,-4000
2497,怡利電          ,1000,5000,-4000,0,0,0,0,0,0,0,0,0,0,0,0,0,-4000
1432,大魯閣          ,0,4000,-4000,0,0,0,0,0,0,0,0,0,0,0,0,0,-4000
06053P,緯穎國票97售05  ,0,0,0,0,0,0,0,0,0,-4000,0,0,0,0,4000,-4000,-4000
06236P,台積電元大97售25,0,0,0,0,0,0,0,0,0,-4000,0,0,0,496000,500000,-4000,-4000
06480P,上銀凱基98售04  ,0,0,0,0,0,0,0,0,0,-4000,0,0,0,0,4000,-4000,-4000
06948P,FBVIX元大01售02 ,0,0,0,0,0,0,0,0,0,-4000,0,0,0,0,4000,-4000,-4000
06883P,聯茂群益98售03  ,0,0,0,0,0,0,0,0,0,-4000,0,0,0,0,4000,-4000,-4000
07274P,上証2X群益01售01,0,0,0,0,0,0,0,0,0,-4000,0,0,0,3000,7000,-4000,-4000
07243P,台灣50凱基9A售04,0,0,0,0,0,0,0,0,0,-4000,0,0,0,1000,5000,-4000,-4000
3002,歐格            ,0,3000,-3000,0,0,0,0,0,0,-1000,1000,2000,-1000,0,0,0,-4000
2706,第一店          ,0,5000,-5000,0,0,0,0,0,0,1000,2000,1000,1000,0,0,0,-4000
2712,遠雄來          ,0,4000,-4000,0,0,0,0,0,0,0,0,0,0,0,0,0,-4000
3432,台端            ,0,2000,-2000,0,0,0,0,0,0,-2000,1000,3000,-2000,0,0,0,-4000
4104,佳醫            ,8000,12000,-4000,0,0,0,0,0,0,0,0,0,0,0,0,0,-4000
4956,光鋐            ,0,4000,-4000,0,0,0,0,0,0,0,0,0,0,0,0,0,-4000
8482,商億-KY         ,0,4000,-4000,0,0,0,0,0,0,0,0,0,0,0,0,0,-4000
8114,振樺電          ,8000,11000,-3000,0,0,0,0,0,0,-1000,0,1000,-1000,0,0,0,-4000
8011,台通            ,20000,21000,-1000,0,0,0,0,0,0,-3000,0,3000,-3000,0,0,0,-4000
6573,虹揚-KY         ,1000,5000,-4000,0,0,0,0,0,0,0,0,0,0,0,0,0,-4000
5284,jpp-KY          ,0,4000,-4000,0,0,0,0,0,0,0,0,0,0,0,0,0,-4000
6136,富爾特          ,12000,16000,-4000,0,0,0,0,0,0,0,0,0,0,0,0,0,-4000
058507,美律元大9A購01  ,0,0,0,0,0,0,0,0,0,-5000,0,0,0,0,5000,-5000,-5000
058481,玉晶光凱基9A購04,0,0,0,0,0,0,0,0,0,-5000,0,0,0,3000,8000,-5000,-5000
057952,元油2X元大98購21,0,0,0,0,0,0,0,0,0,-5000,0,0,0,15000,20000,-5000,-5000
057878,台郡元大99購04  ,0,0,0,0,0,0,0,0,0,-5000,0,0,0,0,5000,-5000,-5000
058937,仁寶中信99購01  ,0,0,0,0,0,0,0,0,0,-5000,0,0,0,35000,40000,-5000,-5000
058972,新日興永豐9A購01,0,0,0,0,0,0,0,0,0,-5000,0,0,0,0,5000,-5000,-5000
059058,可成凱基9B購01  ,0,0,0,0,0,0,0,0,0,-5000,0,0,0,29000,34000,-5000,-5000
059006,樺漢元大99購01  ,0,0,0,0,0,0,0,0,0,-5000,0,0,0,0,5000,-5000,-5000
059426,鴻海元大99購31  ,0,0,0,0,0,0,0,0,0,-5000,0,0,0,0,5000,-5000,-5000
059301,華新科群益99購04,0,0,0,0,0,0,0,0,0,-5000,0,0,0,25000,30000,-5000,-5000
057251,泰鼎統一98購02  ,0,0,0,0,0,0,0,0,0,-5000,0,0,0,65000,70000,-5000,-5000
059673,玉山金元富99購01,0,0,0,0,0,0,0,0,0,-5000,0,0,0,35000,40000,-5000,-5000
059665,嘉聯益元大99購06,0,0,0,0,0,0,0,0,0,-5000,0,0,0,40000,45000,-5000,-5000
059709,上証2X元大9C購01,0,0,0,0,0,0,0,0,0,-5000,0,0,0,5000,10000,-5000,-5000
057141,嘉聯益兆豐99購01,0,0,0,0,0,0,0,0,0,-5000,0,0,0,0,5000,-5000,-5000
056065,奇鋐元大97購01  ,0,0,0,0,0,0,0,0,0,-5000,0,0,0,0,5000,-5000,-5000
059523,滬深2X凱基9C購04,0,0,0,0,0,0,0,0,0,-5000,0,0,0,0,5000,-5000,-5000
059517,茂林永豐99購02  ,0,0,0,0,0,0,0,0,0,-5000,0,0,0,20000,25000,-5000,-5000
05907P,聯發科元富96售05,0,0,0,0,0,0,0,0,0,-5000,0,0,0,0,5000,-5000,-5000
059067,上銀國票9A購02  ,0,0,0,0,0,0,0,0,0,-5000,0,0,0,0,5000,-5000,-5000
056025,嘉晶群益97購01  ,0,0,0,0,0,0,0,0,0,-5000,0,0,0,1000,6000,-5000,-5000
059452,全新永豐99購03  ,0,0,0,0,0,0,0,0,0,-5000,0,0,0,2000,7000,-5000,-5000
058718,台灣50元富03購01,0,0,0,0,0,0,0,0,0,-5000,0,0,0,1000,6000,-5000,-5000
059611,台積電永豐99購05,0,0,0,0,0,0,0,0,0,-5000,0,0,0,0,5000,-5000,-5000
059616,滬深2X群益01購04,0,0,0,0,0,0,0,0,0,-5000,0,0,0,6000,11000,-5000,-5000
058636,亞光兆豐9A購01  ,0,0,0,0,0,0,0,0,0,-5000,0,0,0,0,5000,-5000,-5000
056129,義隆麥證97購01  ,0,0,0,0,5000,-5000,0,0,0,-5000,0,0,0,0,5000,-5000,-5000
059588,鴻海元大99購32  ,0,0,0,0,0,0,0,0,0,-5000,0,0,0,20000,25000,-5000,-5000
059561,滬深2X凱基9C購05,0,0,0,0,0,0,0,0,0,-5000,0,0,0,0,5000,-5000,-5000
059568,台積電凱基9A購13,0,0,0,0,0,0,0,0,0,-5000,0,0,0,25000,30000,-5000,-5000
056516,晶豪科兆豐98購01,0,0,0,0,0,0,0,0,0,-5000,0,0,0,0,5000,-5000,-5000
056415,聯發科中信98購04,0,0,0,0,0,0,0,0,0,-5000,0,0,0,0,5000,-5000,-5000
058765,緯穎群益99購03  ,0,0,0,0,0,0,0,0,0,-5000,0,0,0,1000,6000,-5000,-5000
05999P,世芯元大96售01  ,0,0,0,0,0,0,0,0,0,-5000,0,0,0,0,5000,-5000,-5000
060003,上証2X群益9B購02,0,0,0,0,0,0,0,0,0,-5000,0,0,0,0,5000,-5000,-5000
060199,台郡元富9A購01  ,0,0,0,0,0,0,0,0,0,-5000,0,0,0,6000,11000,-5000,-5000
060334,群光康和9A購01  ,0,0,0,0,0,0,0,0,0,-5000,0,0,0,0,5000,-5000,-5000
060354,A50正2元富9A購02,0,0,0,0,0,0,0,0,0,-5000,0,0,0,10000,15000,-5000,-5000
060304,大立光富邦9C購05,0,0,0,0,0,0,0,0,0,-5000,0,0,0,0,5000,-5000,-5000
060279,SP黃豆元大9A購01,0,0,0,0,0,0,0,0,0,-5000,0,0,0,0,5000,-5000,-5000
060041,T50反1群益99購04,0,0,0,0,0,0,0,0,0,-5000,0,0,0,0,5000,-5000,-5000
060397,群創國票9A購01  ,0,0,0,0,0,0,0,0,0,-5000,0,0,0,0,5000,-5000,-5000
060143,台積電國票9B購03,0,0,0,0,0,0,0,0,0,-5000,0,0,0,56000,61000,-5000,-5000
053435,新光金日盛96購01,0,0,0,0,0,0,0,0,0,-5000,0,0,0,0,5000,-5000,-5000
054130,漢唐元大97購02  ,0,0,0,0,0,0,0,0,0,-5000,0,0,0,0,5000,-5000,-5000
054042,華泰元大96購01  ,0,0,0,0,0,0,0,0,0,-5000,0,0,0,0,5000,-5000,-5000
055183,聯鈞統一97購01  ,0,0,0,0,0,0,0,0,0,-5000,0,0,0,193000,198000,-5000,-5000
05437P,聯詠永豐95售02  ,0,0,0,0,0,0,0,0,0,-5000,0,0,0,0,5000,-5000,-5000
052590,祥碩永豐96購01  ,0,0,0,0,0,0,0,0,0,-5000,0,0,0,5000,10000,-5000,-5000
054616,智伸科永豐97購01,0,0,0,0,0,0,0,0,0,-5000,0,0,0,0,5000,-5000,-5000
05468P,鴻海元大96售14  ,0,0,0,0,0,0,0,0,0,-5000,0,0,0,0,5000,-5000,-5000
054444,緯穎台新97購01  ,0,0,0,0,0,0,0,0,0,-5000,0,0,0,0,5000,-5000,-5000
059903,S&P正2元大99購02,0,0,0,0,0,0,0,0,0,-5000,0,0,0,0,5000,-5000,-5000
059132,臺股指群益99購07,0,0,0,0,0,0,0,0,0,-5000,0,0,0,5000,10000,-5000,-5000
059862,全新群益99購04  ,0,0,0,0,0,0,0,0,0,-5000,0,0,0,0,5000,-5000,-5000
059813,滬深2X凱基9B購01,0,0,0,0,0,0,0,0,0,-5000,0,0,0,0,5000,-5000,-5000
048122,台達電元大96購02,0,0,0,0,0,0,0,0,0,-5000,0,0,0,0,5000,-5000,-5000
020015,統一MSCI美低波N ,0,0,0,0,0,0,0,0,0,-5000,0,0,0,0,5000,-5000,-5000
020016,統一MSCI美科技N ,0,0,0,0,0,0,0,0,0,-5000,0,0,0,0,5000,-5000,-5000
00684R,元大美元指數反1 ,0,0,0,0,0,0,0,0,0,-5000,0,0,0,0,5000,-5000,-5000
00703,台新MSCI中國    ,0,5000,-5000,0,0,0,0,0,0,0,0,0,0,60000,60000,0,-5000
00735,國泰臺韓科技    ,0,0,0,0,0,0,0,0,0,-5000,0,0,0,100000,105000,-5000,-5000
03658C,T50反1元大9A牛02,0,0,0,0,0,0,0,0,0,-5000,0,0,0,0,5000,-5000,-5000
049563,華新統一95購01  ,0,0,0,0,0,0,0,0,0,-5000,0,0,0,0,5000,-5000,-5000
052202,矽力統一96購01  ,0,0,0,0,0,0,0,0,0,-5000,0,0,0,0,5000,-5000,-5000
051461,聯詠國泰96購01  ,0,0,0,0,0,0,0,0,0,-5000,0,0,0,87000,92000,-5000,-5000
05171P,臺股指元大95售15,0,0,0,0,0,0,0,0,0,-5000,0,0,0,0,5000,-5000,-5000
05138P,嘉聯益凱基96售02,0,0,0,0,0,0,0,0,0,-5000,0,0,0,10000,15000,-5000,-5000
051249,潤泰全元大95購01,0,0,0,0,0,0,0,0,0,-5000,0,0,0,0,5000,-5000,-5000
04980P,臺股指凱基96售08,0,0,0,0,0,0,0,0,0,-5000,0,0,0,0,5000,-5000,-5000
6443,元晶            ,122000,127000,-5000,0,0,0,0,0,0,0,0,0,0,0,0,0,-5000
3454,晶睿            ,20000,24000,-4000,0,0,0,0,0,0,-1000,0,1000,-1000,0,0,0,-5000
3040,遠見            ,1000,0,1000,0,0,0,0,0,0,-6000,0,6000,-6000,0,0,0,-5000
07236P,台灣50國票99售05,0,0,0,0,0,0,0,0,0,-5000,0,0,0,0,5000,-5000,-5000
060063,可成兆豐9B購01  ,0,0,0,0,0,0,0,0,0,-5000,0,0,0,0,5000,-5000,-5000
07179P,臺股指凱基99售21,0,0,0,0,0,0,0,0,0,-5000,0,0,0,0,5000,-5000,-5000
06813P,友訊元富98售03  ,0,0,0,0,0,0,0,0,0,-5000,0,0,0,0,5000,-5000,-5000
06195P,台積電元富97售06,0,0,0,0,0,0,0,0,0,-5000,0,0,0,30000,35000,-5000,-5000
06960P,國巨凱基99售08  ,0,0,0,0,0,0,0,0,0,-5000,0,0,0,0,5000,-5000,-5000
07003P,聯發科兆豐99售02,0,0,0,0,0,0,0,0,0,-5000,0,0,0,0,5000,-5000,-5000
06644P,亞德客元大98售03,0,0,0,0,0,0,0,0,0,-5000,0,0,0,30000,35000,-5000,-5000
060510,大立光元大9A購03,0,0,0,0,0,0,0,0,0,-5000,0,0,0,0,5000,-5000,-5000
06089P,矽創永豐97售01  ,0,0,0,0,0,0,0,0,0,-5000,0,0,0,0,5000,-5000,-5000
1419,新紡            ,0,5000,-5000,0,0,0,0,0,0,0,0,0,0,0,0,0,-5000
07520P,臺股指元大9B售11,0,0,0,0,0,0,0,0,0,-5000,0,0,0,0,5000,-5000,-5000
1256,鮮活果汁-KY     ,1000,6000,-5000,0,0,0,0,0,0,0,0,0,0,0,0,0,-5000
1108,幸福            ,2000,7000,-5000,0,0,0,0,0,0,0,0,0,0,0,0,0,-5000
06726P,欣興元富98售04  ,0,0,0,0,0,0,0,0,0,-5000,0,0,0,0,5000,-5000,-5000
07381P,鴻海群益99售05  ,0,0,0,0,0,0,0,0,0,-5000,0,0,0,42000,47000,-5000,-5000
07483P,國巨台新9A售01  ,0,0,0,0,0,0,0,0,0,-5000,0,0,0,0,5000,-5000,-5000
07437P,臺股指麥證9A售04,0,0,0,0,5000,-5000,0,0,0,-5000,0,0,0,0,5000,-5000,-5000
2438,翔耀            ,0,5000,-5000,0,0,0,0,0,0,0,0,0,0,0,0,0,-5000
2062,橋椿            ,48000,54000,-6000,0,0,0,0,0,0,1000,1000,0,1000,0,0,0,-5000
1906,寶隆            ,67000,72000,-5000,0,0,0,0,0,0,0,0,0,0,0,0,0,-5000
1626,艾美特-KY       ,0,5000,-5000,0,0,0,0,0,0,0,0,0,0,0,0,0,-5000
6415,矽力-KY         ,145019,137400,7619,0,0,0,0,9000,-9000,-4000,2000,1000,1000,0,5000,-5000,-5381
060242,潤泰全元大9C購01,0,0,0,0,0,0,0,0,0,-6000,0,0,0,0,6000,-6000,-6000
056573,華新科元大99購06,0,0,0,0,0,0,0,0,0,-6000,0,0,0,15000,21000,-6000,-6000
059555,台灣50凱基9A購06,0,0,0,0,0,0,0,0,0,-6000,0,0,0,0,6000,-6000,-6000
056105,智原永豐97購01  ,0,0,0,0,0,0,0,0,0,-6000,0,0,0,0,6000,-6000,-6000
05611P,康控群益96售02  ,0,0,0,0,0,0,0,0,0,-6000,0,0,0,0,6000,-6000,-6000
05865P,大立光元大96售09,0,0,0,0,0,0,0,0,0,-6000,0,0,0,10000,16000,-6000,-6000
059435,大立光元大99購17,0,0,0,0,0,0,0,0,0,-6000,0,0,0,0,6000,-6000,-6000
057320,玉晶光凱基98購01,0,0,0,0,0,0,0,0,0,-6000,0,0,0,22000,28000,-6000,-6000
057321,台泥群益98購01  ,0,0,0,0,0,0,0,0,0,-6000,0,0,0,0,6000,-6000,-6000
057163,上銀元大98購04  ,0,0,0,0,0,0,0,0,0,-6000,0,0,0,0,6000,-6000,-6000
059381,TPK亞東99購01   ,0,0,0,0,0,0,0,0,0,-6000,0,0,0,0,6000,-6000,-6000
057714,聯發科統一98購05,0,0,0,0,0,0,0,0,0,-6000,0,0,0,0,6000,-6000,-6000
050135,禾伸堂兆豐95購01,0,0,0,0,0,0,0,0,0,-6000,0,0,0,124000,130000,-6000,-6000
051404,牧德永豐96購01  ,0,0,0,0,0,0,0,0,0,-6000,0,0,0,292000,298000,-6000,-6000
051361,泰鼎元大95購01  ,0,0,0,0,0,0,0,0,0,-6000,0,0,0,0,6000,-6000,-6000
053742,創意國票97購01  ,0,0,0,0,0,0,0,0,0,-6000,0,0,0,0,6000,-6000,-6000
00685L,群益臺灣加權正2 ,0,0,0,0,0,0,0,0,0,-6000,0,0,0,0,6000,-6000,-6000
03416B,臺股指凱基95熊05,0,0,0,0,0,0,0,0,0,-6000,0,0,0,0,6000,-6000,-6000
03094X,大立光元大68展08,2000,0,2000,0,0,0,0,0,0,-8000,0,0,0,0,8000,-8000,-6000
059823,奇力新凱基99購07,0,0,0,0,0,0,0,0,0,-6000,0,0,0,63000,69000,-6000,-6000
059743,開發金元富99購01,0,0,0,0,0,0,0,0,0,-6000,0,0,0,51000,57000,-6000,-6000
059149,臺股指國票99購12,0,0,0,0,0,0,0,0,0,-6000,0,0,0,5000,11000,-6000,-6000
059135,臺股指群益99購10,0,0,0,0,0,0,0,0,0,-6000,0,0,0,4000,10000,-6000,-6000
054239,台郡群益96購02  ,0,0,0,0,0,0,0,0,0,-6000,0,0,0,0,6000,-6000,-6000
05426P,聯發科凱基95售12,0,0,0,0,0,0,0,0,0,-6000,0,0,0,0,6000,-6000,-6000
054922,文曄凱基98購01  ,0,0,0,0,0,0,0,0,0,-6000,0,0,0,0,6000,-6000,-6000
055919,景碩凱基98購02  ,0,0,0,0,0,0,0,0,0,-6000,0,0,0,5000,11000,-6000,-6000
8104,錸寶            ,12000,18000,-6000,0,0,0,0,0,0,0,0,0,0,0,0,0,-6000
9943,好樂迪          ,16000,22000,-6000,0,0,0,0,0,0,0,0,0,0,0,0,0,-6000
3028,增你強          ,2000,9000,-7000,0,0,0,0,0,0,1000,1000,0,1000,0,0,0,-6000
2465,麗臺            ,1000,11000,-10000,0,0,0,0,0,0,4000,4000,0,4000,0,0,0,-6000
2496,卓越            ,0,6000,-6000,0,0,0,0,0,0,0,0,0,0,0,0,0,-6000
07492P,臺股指國票9A售10,0,0,0,0,0,0,0,0,0,-6000,0,0,0,0,6000,-6000,-6000
1307,三芳            ,4000,6000,-2000,0,0,0,0,0,0,-4000,0,4000,-4000,0,0,0,-6000
060641,聯鈞永豐9A購01  ,0,0,0,0,0,0,0,0,0,-6000,0,0,0,14000,20000,-6000,-6000
060609,玉晶光凱基9B購01,0,0,0,0,0,0,0,0,0,-6000,0,0,0,0,6000,-6000,-6000
07012P,智邦群益9A售01  ,0,0,0,0,0,0,0,0,0,-6000,0,0,0,0,6000,-6000,-6000
00733,富邦臺灣中小    ,0,500,-500,0,0,0,0,0,0,-6000,0,0,0,204000,210000,-6000,-6500
057672,茂林元大98購02  ,0,0,0,0,0,0,0,0,0,-7000,0,0,0,8000,15000,-7000,-7000
058009,智易國票99購01  ,0,0,0,0,0,0,0,0,0,-7000,0,0,0,0,7000,-7000,-7000
059378,台光電群益9B購01,0,0,0,0,0,0,0,0,0,-7000,0,0,0,3000,10000,-7000,-7000
056295,國巨元大97購16  ,0,0,0,0,0,0,0,0,0,-7000,0,0,0,0,7000,-7000,-7000
057203,麗豐元富98購02  ,0,0,0,0,0,0,0,0,0,-7000,0,0,0,137000,144000,-7000,-7000
056818,正崴永豐98購01  ,0,0,0,0,0,0,0,0,0,-7000,0,0,0,124000,131000,-7000,-7000
059307,T50反1元大99購06,0,0,0,0,0,0,0,0,0,-7000,0,0,0,1009000,1016000,-7000,-7000
059324,智易元大99購04  ,0,0,0,0,0,0,0,0,0,-7000,0,0,0,63000,70000,-7000,-7000
059197,可成永豐99購02  ,0,0,0,0,0,0,0,0,0,-7000,0,0,0,20000,27000,-7000,-7000
059265,美律中信01購01  ,0,0,0,0,0,0,0,0,0,-7000,0,0,0,10000,17000,-7000,-7000
059443,嘉聯益元大9B購01,0,0,0,0,0,0,0,0,0,-7000,0,0,0,23000,30000,-7000,-7000
059513,揚明光永豐99購01,0,0,0,0,0,0,0,0,0,-7000,0,0,0,15000,22000,-7000,-7000
059569,旺宏凱基99購09  ,0,0,0,0,0,0,0,0,0,-7000,0,0,0,8000,15000,-7000,-7000
04763P,臺股指凱基96售05,0,0,0,0,0,0,0,0,0,-7000,0,0,0,30000,37000,-7000,-7000
04751P,智邦兆豐95售02  ,0,0,0,0,0,0,0,0,0,-7000,0,0,0,0,7000,-7000,-7000
047769,大立光元大96購01,0,0,0,0,0,0,0,0,0,-7000,0,0,0,0,7000,-7000,-7000
049199,茂林永豐95購01  ,0,0,0,0,0,0,0,0,0,-7000,0,0,0,45000,52000,-7000,-7000
051882,潤泰全永豐95購01,0,0,0,0,0,0,0,0,0,-7000,0,0,0,0,7000,-7000,-7000
051503,玉晶光統一97購01,0,0,0,0,0,0,0,0,0,-7000,0,0,0,121000,128000,-7000,-7000
055073,易華電永豐97購01,0,0,0,0,0,0,0,0,0,-7000,0,0,0,0,7000,-7000,-7000
059742,富邦金元富99購01,0,0,0,0,0,0,0,0,0,-7000,0,0,0,191000,198000,-7000,-7000
059761,國巨永豐99購06  ,0,0,0,0,0,0,0,0,0,-7000,0,0,0,31000,38000,-7000,-7000
05539P,鎧勝永豐96售01  ,0,0,0,0,0,0,0,0,0,-7000,0,0,0,10000,17000,-7000,-7000
07114P,旺宏兆豐9A售01  ,0,0,0,0,0,0,0,0,0,-7000,0,0,0,10000,17000,-7000,-7000
06836P,玉晶光國票99售06,0,0,0,0,0,0,0,0,0,-7000,0,0,0,483000,490000,-7000,-7000
06849P,欣興元大98售12  ,0,0,0,0,0,0,0,0,0,-7000,0,0,0,27000,34000,-7000,-7000
07148P,富邦金元大99售01,0,0,0,0,0,0,0,0,0,-7000,0,0,0,44000,51000,-7000,-7000
06407P,創意元富97售02  ,0,0,0,0,0,0,0,0,0,-7000,0,0,0,3000,10000,-7000,-7000
060636,大毅永豐9A購02  ,0,0,0,0,0,0,0,0,0,-7000,0,0,0,10000,17000,-7000,-7000
060646,南電永豐9A購01  ,0,0,0,0,0,0,0,0,0,-7000,0,0,0,0,7000,-7000,-7000
07312P,台灣50元大99售10,0,0,0,0,0,0,0,0,0,-7000,0,0,0,195000,202000,-7000,-7000
07477P,國巨群益9A售04  ,0,0,0,0,0,0,0,0,0,-7000,0,0,0,0,7000,-7000,-7000
06718P,聯詠元大98售01  ,0,0,0,0,0,0,0,0,0,-7000,0,0,0,18000,25000,-7000,-7000
2727,王品            ,31000,38000,-7000,0,0,0,0,0,0,0,0,0,0,0,0,0,-7000
05744P,台表科元大96售04,0,0,0,0,0,0,0,0,0,-8000,0,0,0,0,8000,-8000,-8000
060504,技嘉元大9A購02  ,0,0,0,0,0,0,0,0,0,-8000,0,0,0,0,8000,-8000,-8000
060258,T50反1凱基9A購06,0,0,0,0,0,0,0,0,0,-8000,0,0,0,0,8000,-8000,-8000
060160,聯陽永豐9A購01  ,0,0,0,0,0,0,0,0,0,-8000,0,0,0,41000,49000,-8000,-8000
059223,大立光元大99購14,0,0,0,0,0,0,0,0,0,-8000,0,0,0,0,8000,-8000,-8000
059306,台灣50元大99購03,0,0,0,0,0,0,0,0,0,-8000,0,0,0,0,8000,-8000,-8000
057169,微星元大98購01  ,0,0,0,0,0,0,0,0,0,-8000,0,0,0,14000,22000,-8000,-8000
059411,臺股指國票99購17,0,0,0,0,0,0,0,0,0,-8000,0,0,0,3000,11000,-8000,-8000
054530,台光電國泰97購03,0,0,0,0,0,0,0,0,0,-8000,0,0,0,0,8000,-8000,-8000
059754,訊芯群益9A購01  ,0,0,0,0,0,0,0,0,0,-8000,0,0,0,0,8000,-8000,-8000
059854,台表科永豐99購03,0,0,0,0,0,0,0,0,0,-8000,0,0,0,12000,20000,-8000,-8000
059136,臺股指群益99購11,0,0,0,0,0,0,0,0,0,-8000,0,0,0,12000,20000,-8000,-8000
059918,華新科元大99購20,0,0,0,0,0,0,0,0,0,-8000,0,0,0,11000,19000,-8000,-8000
054021,義隆台新96購01  ,0,0,0,0,0,0,0,0,0,-8000,0,0,0,0,8000,-8000,-8000
055674,南港康和97購02  ,0,0,0,0,0,0,0,0,0,-8000,0,0,0,0,8000,-8000,-8000
055631,創意永豐98購01  ,0,0,0,0,0,0,0,0,0,-8000,0,0,0,177000,185000,-8000,-8000
05107P,鴻海兆豐96售02  ,0,0,0,0,0,0,0,0,0,-8000,0,0,0,0,8000,-8000,-8000
052272,T50反1群益95購03,0,0,0,0,0,0,0,0,0,-8000,0,0,0,22000,30000,-8000,-8000
035276,南亞科台新97購01,0,0,0,0,0,0,0,0,0,-8000,0,0,0,2000,10000,-8000,-8000
048273,南電富邦97購01  ,0,0,0,0,0,0,0,0,0,-8000,0,0,0,92000,100000,-8000,-8000
03050X,元展47          ,0,0,0,0,0,0,0,0,0,-8000,0,0,0,0,8000,-8000,-8000
047689,瑞昱富邦97購01  ,0,0,0,0,0,0,0,0,0,-8000,0,0,0,1000,9000,-8000,-8000
3055,蔚華科          ,1000,9000,-8000,0,0,0,0,0,0,0,0,0,0,0,0,0,-8000
4999,鑫禾            ,6000,13000,-7000,0,0,0,0,0,0,-1000,0,1000,-1000,0,0,0,-8000
07392P,台積電國泰02售01,0,0,0,0,0,0,0,0,0,-8000,0,0,0,79000,87000,-8000,-8000
1449,佳和            ,9000,17000,-8000,0,0,0,0,0,0,0,0,0,0,0,0,0,-8000
1526,日馳            ,78000,86000,-8000,0,0,0,0,0,0,0,0,0,0,0,0,0,-8000
1528,恩德            ,1000,9000,-8000,0,0,0,0,0,0,0,0,0,0,0,0,0,-8000
07504P,聯詠元大9A售02  ,0,0,0,0,0,0,0,0,0,-8000,0,0,0,0,8000,-8000,-8000
1110,東泥            ,0,8000,-8000,0,0,0,0,0,0,0,0,0,0,0,0,0,-8000
1232,大統益          ,0,8000,-8000,0,0,0,0,0,0,0,0,0,0,0,0,0,-8000
2491,吉祥全          ,0,8000,-8000,0,0,0,0,0,0,0,0,0,0,0,0,0,-8000
2420,新巨            ,6000,14000,-8000,0,0,0,0,0,0,0,0,0,0,0,0,0,-8000
06129P,玉晶光元富97售06,0,0,0,0,0,0,0,0,0,-8000,0,0,0,2000,10000,-8000,-8000
06483P,聯發科凱基98售10,0,0,0,0,0,0,0,0,0,-8000,0,0,0,0,8000,-8000,-8000
07134P,臺股指元大9A售28,0,0,0,0,0,0,0,0,0,-8000,0,0,0,6000,14000,-8000,-8000
060096,聯發科元大99購43,0,0,0,0,0,0,0,0,0,-8000,0,0,0,6000,14000,-8000,-8000
060097,華新科元大99購23,0,0,0,0,0,0,0,0,0,-8000,0,0,0,2000,10000,-8000,-8000
06891P,緯穎富邦99售03  ,0,0,0,0,0,0,0,0,0,-8000,0,0,0,2000,10000,-8000,-8000
059005,嘉晶元大99購06  ,0,0,0,0,0,0,0,0,0,-9000,0,0,0,48000,57000,-9000,-9000
057191,祥碩元大98購05  ,0,0,0,0,0,0,0,0,0,-9000,0,0,0,73000,82000,-9000,-9000
057139,華新科兆豐98購02,0,0,0,0,0,0,0,0,0,-9000,0,0,0,1000,10000,-9000,-9000
059701,國巨凱基9A購09  ,0,0,0,0,0,0,0,0,0,-9000,0,0,0,1000,10000,-9000,-9000
056776,聯茂元大99購01  ,0,0,0,0,0,0,0,0,0,-9000,0,0,0,5000,14000,-9000,-9000
056845,揚明光元富98購01,0,0,0,0,0,0,0,0,0,-9000,0,0,0,4000,13000,-9000,-9000
060387,盛群凱基9A購01  ,0,0,0,0,0,0,0,0,0,-9000,0,0,0,1000,10000,-9000,-9000
059636,宏達電凱基99購05,0,0,0,0,0,0,0,0,0,-9000,0,0,0,111000,120000,-9000,-9000
059455,玉晶光永豐99購05,0,0,0,0,0,0,0,0,0,-9000,0,0,0,53000,62000,-9000,-9000
059078,FBVIX元大99購06 ,0,0,0,0,0,0,0,0,0,-9000,0,0,0,0,9000,-9000,-9000
057399,滬深反群益9C購01,0,0,0,0,0,0,0,0,0,-9000,0,0,0,0,9000,-9000,-9000
00702,國泰標普低波高息,0,0,0,0,0,0,0,0,0,-9000,0,0,0,6000,15000,-9000,-9000
052006,康友富邦98購01  ,0,0,0,0,0,0,0,0,0,-9000,0,0,0,1000,10000,-9000,-9000
050024,旺宏元大94購09  ,0,0,0,0,0,0,0,0,0,-9000,0,0,0,0,9000,-9000,-9000
053950,緯穎富邦97購02  ,0,0,0,0,0,0,0,0,0,-9000,0,0,0,1000,10000,-9000,-9000
059145,創意國票99購02  ,0,0,0,0,0,0,0,0,0,-9000,0,0,0,21000,30000,-9000,-9000
059821,美律凱基99購08  ,0,0,0,0,0,0,0,0,0,-9000,0,0,0,11000,20000,-9000,-9000
052846,智邦統一97購01  ,0,0,0,0,0,0,0,0,0,-9000,0,0,0,1000,10000,-9000,-9000
054260,貿聯元大96購03  ,0,0,0,0,0,0,0,0,0,-9000,0,0,0,0,9000,-9000,-9000
054210,台光電國票97購03,0,0,0,0,0,0,0,0,0,-9000,0,0,0,0,9000,-9000,-9000
053493,智邦兆豐97購02  ,0,0,0,0,0,0,0,0,0,-9000,0,0,0,0,9000,-9000,-9000
053184,世紀鋼元富96購01,0,0,0,0,0,0,0,0,0,-9000,0,0,0,1000,10000,-9000,-9000
06997P,台灣50中信03售01,0,0,0,0,0,0,0,0,0,-9000,0,0,0,0,9000,-9000,-9000
06584P,欣興凱基98售03  ,0,0,0,0,0,0,0,0,0,-9000,0,0,0,5000,14000,-9000,-9000
07257P,臺股指凱基99售37,0,0,0,0,0,0,0,0,0,-9000,0,0,0,38000,47000,-9000,-9000
060628,和大富邦9B購01  ,0,0,0,0,0,0,0,0,0,-9000,0,0,0,0,9000,-9000,-9000
2359,所羅門          ,38000,48000,-10000,0,0,0,0,0,0,1000,1000,0,1000,0,0,0,-9000
1786,科妍            ,13000,34000,-21000,0,0,0,0,0,0,12000,12000,0,12000,0,0,0,-9000
2010,春源            ,5000,16000,-11000,0,0,0,0,0,0,2000,2000,0,2000,0,0,0,-9000
07402P,瑞昱凱基99售02  ,0,0,0,0,0,0,0,0,0,-9000,0,0,0,95000,104000,-9000,-9000
3048,益登            ,46000,55000,-9000,0,0,0,0,0,0,0,0,0,0,0,0,0,-9000
8213,志超            ,58000,67000,-9000,0,0,0,0,0,0,0,0,0,0,0,0,0,-9000
6715,嘉基            ,3000,12000,-9000,0,0,0,0,0,0,0,0,0,0,0,0,0,-9000
6666,羅麗芬-KY       ,2000,11000,-9000,0,0,0,0,0,0,0,0,0,0,0,0,0,-9000
6215,和椿            ,0,8000,-8000,0,0,0,0,0,0,-1000,0,1000,-1000,0,0,0,-9000
6206,飛捷            ,14000,23000,-9000,0,0,0,0,0,0,0,2000,2000,0,0,0,0,-9000
057332,旺宏國票99購03  ,0,0,0,0,0,0,0,0,0,-10000,0,0,0,38000,48000,-10000,-10000
056047,台積電兆豐97購02,0,0,0,0,0,0,0,0,0,-10000,0,0,0,0,10000,-10000,-10000
056080,世紀鋼元大97購03,0,0,0,0,0,0,0,0,0,-10000,0,0,0,0,10000,-10000,-10000
059525,上銀凱基99購08  ,0,0,0,0,0,0,0,0,0,-10000,0,0,0,30000,40000,-10000,-10000
058545,義隆富邦9C購01  ,0,0,0,0,0,0,0,0,0,-10000,0,0,0,12000,22000,-10000,-10000
057371,可成元大98購08  ,0,0,0,0,0,0,0,0,0,-10000,0,0,0,0,10000,-10000,-10000
057627,和大永豐98購01  ,0,0,0,0,0,0,0,0,0,-10000,0,0,0,0,10000,-10000,-10000
059456,智易永豐99購01  ,0,0,0,0,0,0,0,0,0,-10000,0,0,0,10000,20000,-10000,-10000
055940,致新群益98購01  ,0,0,0,0,0,0,0,0,0,-10000,0,0,0,0,10000,-10000,-10000
05870P,聯發科凱基96售19,0,0,0,0,0,0,0,0,0,-10000,0,0,0,0,10000,-10000,-10000
058736,鈺齊永豐99購02  ,0,0,0,0,0,0,0,0,0,-10000,0,0,0,0,10000,-10000,-10000
058633,台灣50兆豐99購01,0,0,0,0,0,0,0,0,0,-10000,0,0,0,0,10000,-10000,-10000
058618,南電元大99購02  ,0,0,0,0,0,0,0,0,0,-10000,0,0,0,1000,11000,-10000,-10000
059600,緯穎元大99購07  ,0,0,0,0,0,0,0,0,0,-10000,0,0,0,5000,15000,-10000,-10000
057436,義隆國票99購02  ,0,0,0,0,0,0,0,0,0,-10000,0,0,0,0,10000,-10000,-10000
059542,聯發科亞東99購01,0,0,0,0,0,0,0,0,0,-10000,0,0,0,10000,20000,-10000,-10000
056175,可成元富97購03  ,0,0,0,0,0,0,0,0,0,-10000,0,0,0,0,10000,-10000,-10000
060372,A50正2元富9A購04,0,0,0,0,0,0,0,0,0,-10000,0,0,0,0,10000,-10000,-10000
060164,合勤控永豐9A購01,0,0,0,0,0,0,0,0,0,-10000,0,0,0,15000,25000,-10000,-10000
060204,矽創元富9A購01  ,0,0,0,0,0,0,0,0,0,-10000,0,0,0,10000,20000,-10000,-10000
060313,淘帝永豐9A購01  ,0,0,0,0,0,0,0,0,0,-10000,0,0,0,72000,82000,-10000,-10000
060353,A50正2元富9A購01,0,0,0,0,0,0,0,0,0,-10000,0,0,0,0,10000,-10000,-10000
06049P,創意亞東97售01  ,0,0,0,0,0,0,0,0,0,-10000,0,0,0,0,10000,-10000,-10000
059988,大立光元大9A購02,0,0,0,0,0,0,0,0,0,-10000,0,0,0,0,10000,-10000,-10000
059979,台積電元大99購49,0,0,0,0,0,0,0,0,0,-10000,0,0,0,0,10000,-10000,-10000
056520,鴻海日盛99購01  ,0,0,0,0,0,0,0,0,0,-10000,0,0,0,0,10000,-10000,-10000
05642P,玉晶光兆豐97售02,0,0,0,0,0,0,0,0,0,-10000,0,0,0,0,10000,-10000,-10000
056441,燿華凱基98購01  ,0,0,0,0,0,0,0,0,0,-10000,0,0,0,40000,50000,-10000,-10000
059195,國巨永豐99購04  ,0,0,0,0,0,0,0,0,0,-10000,0,0,0,35000,45000,-10000,-10000
056925,群創兆豐98購03  ,0,0,0,0,0,0,0,0,0,-10000,0,0,0,0,10000,-10000,-10000
056988,聚陽兆豐98購01  ,0,0,0,0,0,0,0,0,0,-10000,0,0,0,0,10000,-10000,-10000
056990,聯發科兆豐98購01,0,0,0,0,0,0,0,0,0,-10000,0,0,0,0,10000,-10000,-10000
05922P,京元電兆豐96售01,0,0,0,0,0,0,0,0,0,-10000,0,0,0,10000,20000,-10000,-10000
059278,群創元大9A購04  ,0,0,0,0,0,0,0,0,0,-10000,0,0,0,74000,84000,-10000,-10000
057269,鈺齊兆豐98購01  ,0,0,0,0,0,0,0,0,0,-10000,0,0,0,0,10000,-10000,-10000
057262,友達兆豐98購03  ,0,0,0,0,0,0,0,0,0,-10000,0,0,0,0,10000,-10000,-10000
059304,華新科兆豐99購06,0,0,0,0,0,0,0,0,0,-10000,0,0,0,0,10000,-10000,-10000
056753,群創兆豐98購02  ,0,0,0,0,0,0,0,0,0,-10000,0,0,0,0,10000,-10000,-10000
056754,智易兆豐99購01  ,0,0,0,0,0,0,0,0,0,-10000,0,0,0,0,10000,-10000,-10000
057097,致新元富98購01  ,0,0,0,0,0,0,0,0,0,-10000,0,0,0,90000,100000,-10000,-10000
057142,力成兆豐98購01  ,0,0,0,0,0,0,0,0,0,-10000,0,0,0,0,10000,-10000,-10000
059691,大立光永豐99購02,0,0,0,0,0,0,0,0,0,-10000,0,0,0,15000,25000,-10000,-10000
058358,技嘉凱基9A購01  ,0,0,0,0,0,0,0,0,0,-10000,0,0,0,0,10000,-10000,-10000
058360,台光電凱基9A購02,0,0,0,0,0,0,0,0,0,-10000,0,0,0,0,10000,-10000,-10000
057561,大立光兆豐98購02,0,0,0,0,0,0,0,0,0,-10000,0,0,0,0,10000,-10000,-10000
05757P,旺宏永豐96售03  ,0,0,0,0,0,0,0,0,0,-10000,0,0,0,0,10000,-10000,-10000
058974,臺股指永豐99購03,0,0,0,0,0,0,0,0,0,-10000,0,0,0,0,10000,-10000,-10000
058961,台灣50兆豐9C購01,0,0,0,0,0,0,0,0,0,-10000,0,0,0,0,10000,-10000,-10000
058962,元油2X兆豐9A購02,0,10000,-10000,0,0,0,0,0,0,0,0,0,0,0,0,0,-10000
058952,南茂群益99購01  ,0,0,0,0,0,0,0,0,0,-10000,0,0,0,20000,30000,-10000,-10000
058916,SGBR2X元富99購02,0,0,0,0,0,0,0,0,0,-10000,0,0,0,10000,20000,-10000,-10000
059413,台灣50元大99購05,0,0,0,0,0,0,0,0,0,-10000,0,0,0,0,10000,-10000,-10000
059380,鴻海亞東99購01  ,0,0,0,0,0,0,0,0,0,-10000,0,0,0,0,10000,-10000,-10000
056307,貿聯元大97購05  ,0,0,0,0,0,0,0,0,0,-10000,0,0,0,0,10000,-10000,-10000
056325,群創兆豐9A購01  ,0,0,0,0,0,0,0,0,0,-10000,0,0,0,0,10000,-10000,-10000
058855,台積電兆豐99購02,0,0,0,0,0,0,0,0,0,-10000,0,0,0,0,10000,-10000,-10000
056251,聯發科兆豐97購02,0,0,0,0,0,0,0,0,0,-10000,0,0,0,0,10000,-10000,-10000
056252,聯發科兆豐97購03,0,0,0,0,0,0,0,0,0,-10000,0,0,0,0,10000,-10000,-10000
058022,樺漢凱基99購02  ,0,0,0,0,0,0,0,0,0,-10000,0,0,0,0,10000,-10000,-10000
05804P,美律永豐96售01  ,0,0,0,0,0,0,0,0,0,-10000,0,0,0,0,10000,-10000,-10000
05803P,臺股指兆豐96售03,0,0,0,0,0,0,0,0,0,-10000,0,0,0,0,10000,-10000,-10000
057927,勤誠凱基98購01  ,0,0,0,0,0,0,0,0,0,-10000,0,0,0,0,10000,-10000,-10000
057963,緯穎元大98購08  ,0,0,0,0,0,0,0,0,0,-10000,0,0,0,1000,11000,-10000,-10000
058414,大立光兆豐99購02,0,0,0,0,0,0,0,0,0,-10000,0,0,0,0,10000,-10000,-10000
058412,聯發科兆豐99購01,0,0,0,0,0,0,0,0,0,-10000,0,0,0,0,10000,-10000,-10000
057304,為升兆豐99購02  ,0,0,0,0,0,0,0,0,0,-10000,0,0,0,0,10000,-10000,-10000
057305,南亞科兆豐98購02,0,0,0,0,0,0,0,0,0,-10000,0,0,0,0,10000,-10000,-10000
057292,國巨國泰9B購01  ,0,0,0,0,0,0,0,0,0,-10000,0,0,0,0,10000,-10000,-10000
057879,電子類元大99購02,0,0,0,0,0,0,0,0,0,-10000,0,0,0,0,10000,-10000,-10000
057920,奇力新凱基98購08,0,0,0,0,0,0,0,0,0,-10000,0,0,0,48000,58000,-10000,-10000
057794,T50反1兆豐99購02,0,0,0,0,0,0,0,0,0,-10000,0,0,0,0,10000,-10000,-10000
053158,茂林元大96購01  ,0,0,0,0,0,0,0,0,0,-10000,0,0,0,0,10000,-10000,-10000
053141,景碩永豐96購02  ,0,0,0,0,0,0,0,0,0,-10000,0,0,0,0,10000,-10000,-10000
053207,SP黃豆凱基96購01,0,0,0,0,0,0,0,0,0,-10000,0,0,0,0,10000,-10000,-10000
053105,鴻海兆豐97購01  ,0,0,0,0,0,0,0,0,0,-10000,0,0,0,0,10000,-10000,-10000
053110,大立光兆豐97購01,0,0,0,0,0,0,0,0,0,-10000,0,0,0,0,10000,-10000,-10000
053062,緯穎富邦97購01  ,0,0,0,0,0,0,0,0,0,-10000,0,0,0,21000,31000,-10000,-10000
053034,上海銀兆豐96購01,0,0,0,0,0,0,0,0,0,-10000,0,0,0,0,10000,-10000,-10000
053490,為升兆豐97購01  ,0,0,0,0,0,0,0,0,0,-10000,0,0,0,0,10000,-10000,-10000
053408,友達兆豐98購01  ,0,0,0,0,0,0,0,0,0,-10000,0,0,0,0,10000,-10000,-10000
053353,玉晶光兆豐97購03,0,0,0,0,0,0,0,0,0,-10000,0,0,0,0,10000,-10000,-10000
054843,中環兆豐97購01  ,0,0,0,0,0,0,0,0,0,-10000,0,0,0,0,10000,-10000,-10000
054848,群創兆豐98購01  ,0,0,0,0,0,0,0,0,0,-10000,0,0,0,0,10000,-10000,-10000
054161,友訊凱基98購01  ,0,0,0,0,0,0,0,0,0,-10000,0,0,0,0,10000,-10000,-10000
055906,大立光兆豐97購03,0,0,0,0,0,0,0,0,0,-10000,0,0,0,0,10000,-10000,-10000
05581P,華新科凱基96售07,0,0,0,0,0,0,0,0,0,-10000,0,0,0,0,10000,-10000,-10000
053497,新光金兆豐97購01,0,0,0,0,0,0,0,0,0,-10000,0,0,0,0,10000,-10000,-10000
053541,泰鼎永豐96購02  ,0,0,0,0,0,0,0,0,0,-10000,0,0,0,0,10000,-10000,-10000
053557,聯茂凱基96購04  ,0,0,0,0,0,0,0,0,0,-10000,0,0,0,0,10000,-10000,-10000
053559,台積電國泰98購01,0,0,0,0,0,0,0,0,0,-10000,0,0,0,0,10000,-10000,-10000
053627,宏碁兆豐97購01  ,0,0,0,0,0,0,0,0,0,-10000,0,0,0,0,10000,-10000,-10000
055129,鈺齊兆豐97購01  ,0,0,0,0,0,0,0,0,0,-10000,0,0,0,0,10000,-10000,-10000
05512P,華新科台新97售01,0,0,0,0,0,0,0,0,0,-10000,0,0,0,0,10000,-10000,-10000
055137,GIS富邦98購01   ,0,0,0,0,0,0,0,0,0,-10000,0,0,0,0,10000,-10000,-10000
054396,日電貿永豐96購02,0,0,0,0,0,0,0,0,0,-10000,0,0,0,0,10000,-10000,-10000
052614,聯電國泰97購01  ,0,0,0,0,0,0,0,0,0,-10000,0,0,0,410000,420000,-10000,-10000
055469,台光電凱基97購01,0,0,0,0,0,0,0,0,0,-10000,0,0,0,0,10000,-10000,-10000
055400,緯穎統一97購01  ,0,0,0,0,0,0,0,0,0,-10000,0,0,0,13000,23000,-10000,-10000
055302,達方元大97購01  ,0,0,0,0,0,0,0,0,0,-10000,0,0,0,0,10000,-10000,-10000
05467P,聯電元大95售02  ,0,0,0,0,0,0,0,0,0,-10000,0,0,0,0,10000,-10000,-10000
054621,華新科兆豐98購01,0,0,0,0,0,0,0,0,0,-10000,0,0,0,0,10000,-10000,-10000
054722,傳奇永豐97購01  ,0,0,0,0,0,0,0,0,0,-10000,0,0,0,0,10000,-10000,-10000
054707,聯茂亞東97購01  ,0,0,0,0,0,0,0,0,0,-10000,0,0,0,0,10000,-10000,-10000
052791,友達兆豐97購01  ,0,0,0,0,0,0,0,0,0,-10000,0,0,0,0,10000,-10000,-10000
052792,大立光兆豐96購01,0,0,0,0,0,0,0,0,0,-10000,0,0,0,0,10000,-10000,-10000
052811,玉晶光台新96購03,0,0,0,0,0,0,0,0,0,-10000,0,0,0,0,10000,-10000,-10000
052934,中磊元大96購01  ,0,0,0,0,0,0,0,0,0,-10000,0,0,0,0,10000,-10000,-10000
059824,大立光凱基99購13,0,0,0,0,0,0,0,0,0,-10000,0,0,0,0,10000,-10000,-10000
059808,創意元富99購01  ,0,0,0,0,0,0,0,0,0,-10000,0,0,0,0,10000,-10000,-10000
059818,鴻海凱基99購14  ,0,0,0,0,0,0,0,0,0,-10000,0,0,0,13000,23000,-10000,-10000
059859,國巨群益9A購03  ,0,0,0,0,0,0,0,0,0,-10000,0,0,0,141000,151000,-10000,-10000
059746,聯鈞元富99購03  ,0,0,0,0,0,0,0,0,0,-10000,0,0,0,50000,60000,-10000,-10000
059158,S&P正2凱基99購01,0,0,0,0,0,0,0,0,0,-10000,0,0,0,0,10000,-10000,-10000
059167,聯發科凱基99購11,0,0,0,0,0,0,0,0,0,-10000,0,0,0,0,10000,-10000,-10000
059895,T50反1元大99購12,0,0,0,0,0,0,0,0,0,-10000,0,0,0,0,10000,-10000,-10000
053871,臻鼎元大96購03  ,0,0,0,0,0,0,0,0,0,-10000,0,0,0,0,10000,-10000,-10000
055779,國泰金凱基97購02,0,0,0,0,0,0,0,0,0,-10000,0,0,0,40000,50000,-10000,-10000
053709,台達電凱基96購04,0,0,0,0,0,0,0,0,0,-10000,0,0,0,0,10000,-10000,-10000
053712,台光電凱基96購04,0,0,0,0,0,0,0,0,0,-10000,0,0,0,0,10000,-10000,-10000
053728,茂林凱基97購01  ,0,0,0,0,0,0,0,0,0,-10000,0,0,0,1000,11000,-10000,-10000
051495,玉晶光第一95購02,0,0,0,0,0,0,0,0,0,-10000,0,0,0,0,10000,-10000,-10000
051562,玉晶光國泰97購05,0,0,0,0,0,0,0,0,0,-10000,0,0,0,0,10000,-10000,-10000
051428,玉晶光統一96購01,0,0,0,0,0,0,0,0,0,-10000,0,0,0,0,10000,-10000,-10000
051643,瑞昱康和95購01  ,0,0,0,0,0,0,0,0,0,-10000,0,0,0,0,10000,-10000,-10000
050275,緯穎元大94購10  ,0,0,0,0,0,0,0,0,0,-10000,0,0,0,0,10000,-10000,-10000
05024P,華通國票96售01  ,0,0,0,0,0,0,0,0,0,-10000,0,0,0,0,10000,-10000,-10000
050458,台郡元大94購03  ,0,0,0,0,0,0,0,0,0,-10000,0,0,0,50000,60000,-10000,-10000
05239P,欣興永豐95售03  ,0,0,0,0,0,0,0,0,0,-10000,0,0,0,0,10000,-10000,-10000
049803,華新科元大95購07,0,0,0,0,0,0,0,0,0,-10000,0,0,0,3000,13000,-10000,-10000
049816,緯穎元大94購07  ,0,0,0,0,0,0,0,0,0,-10000,0,0,0,0,10000,-10000,-10000
052418,玉晶光兆豐96購01,0,0,0,0,0,0,0,0,0,-10000,0,0,0,0,10000,-10000,-10000
04971P,矽力元富94售02  ,0,0,0,0,0,0,0,0,0,-10000,0,0,0,0,10000,-10000,-10000
051062,超眾群益95購02  ,0,0,0,0,0,0,0,0,0,-10000,0,0,0,0,10000,-10000,-10000
051280,台積電兆豐95購04,0,0,0,0,0,0,0,0,0,-10000,0,0,0,0,10000,-10000,-10000
050836,緯穎凱基95購01  ,0,0,0,0,0,0,0,0,0,-10000,0,0,0,0,10000,-10000,-10000
050686,欣興兆豐96購01  ,0,0,0,0,0,0,0,0,0,-10000,0,0,0,0,10000,-10000,-10000
050782,台積電國泰96購03,0,0,0,0,0,0,0,0,0,-10000,0,0,0,0,10000,-10000,-10000
051873,緯穎凱基95購02  ,0,0,0,0,0,0,0,0,0,-10000,0,0,0,20000,30000,-10000,-10000
04961P,貿聯凱基94售03  ,0,0,0,0,0,0,0,0,0,-10000,0,0,0,0,10000,-10000,-10000
03671P,大立光凱基95售02,0,0,0,0,0,0,0,0,0,-10000,0,0,0,100000,110000,-10000,-10000
045572,元油2X元大98購01,0,0,0,0,0,0,0,0,0,-10000,0,0,0,0,10000,-10000,-10000
04496P,國巨國泰96售02  ,0,0,0,0,0,0,0,0,0,-10000,0,0,0,0,10000,-10000,-10000
044996,嘉晶國泰95購01  ,0,0,0,0,0,0,0,0,0,-10000,0,0,0,0,10000,-10000,-10000
04630P,嘉聯益元大95售02,0,0,0,0,0,0,0,0,0,-10000,0,0,0,0,10000,-10000,-10000
048286,滬深2X兆豐94購04,0,0,0,0,0,0,0,0,0,-10000,0,0,0,0,10000,-10000,-10000
047733,友達兆豐95購01  ,0,0,0,0,0,0,0,0,0,-10000,0,0,0,0,10000,-10000,-10000
048158,大立光兆豐95購01,0,0,0,0,0,0,0,0,0,-10000,0,0,0,0,10000,-10000,-10000
047995,台達電元大96購01,0,0,0,0,0,0,0,0,0,-10000,0,0,0,0,10000,-10000,-10000
6409,旭隼            ,23000,33000,-10000,0,0,0,0,0,0,0,1000,1000,0,0,0,0,-10000
2923,鼎固-KY         ,0,10000,-10000,0,0,0,0,0,0,0,0,0,0,0,0,0,-10000
2929,淘帝-KY         ,51000,57000,-6000,0,0,0,0,0,0,-4000,0,4000,-4000,0,0,0,-10000
07484P,台灣50凱基04售02,0,0,0,0,0,0,0,0,0,-10000,0,0,0,0,10000,-10000,-10000
07444P,聯發科凱基9A售10,0,0,0,0,0,0,0,0,0,-10000,0,0,0,0,10000,-10000,-10000
07498P,台積電元大9A售09,0,0,0,0,0,0,0,0,0,-10000,0,0,0,0,10000,-10000,-10000
060634,矽創富邦9B購01  ,0,0,0,0,0,0,0,0,0,-10000,0,0,0,1000,11000,-10000,-10000
060625,華擎元大9A購01  ,0,0,0,0,0,0,0,0,0,-10000,0,0,0,0,10000,-10000,-10000
060537,台灣50凱基9B購01,0,0,0,0,0,0,0,0,0,-10000,0,0,0,40000,50000,-10000,-10000
06145P,華新科永豐97售02,0,0,0,0,0,0,0,0,0,-10000,0,0,0,260000,270000,-10000,-10000
06459P,亞德客元富98售01,0,0,0,0,0,0,0,0,0,-10000,0,0,0,0,10000,-10000,-10000
06640P,國巨兆豐99售02  ,0,0,0,0,0,0,0,0,0,-10000,0,0,0,0,10000,-10000,-10000
06641P,智邦兆豐99售01  ,0,0,0,0,0,0,0,0,0,-10000,0,0,0,0,10000,-10000,-10000
06592P,欣興元大98售04  ,0,0,0,0,0,0,0,0,0,-10000,0,0,0,100000,110000,-10000,-10000
06269P,群創凱基98售10  ,0,0,0,0,0,0,0,0,0,-10000,0,0,0,0,10000,-10000,-10000
060588,台灣50台新9A購03,0,0,0,0,0,0,0,0,0,-10000,0,0,0,0,10000,-10000,-10000
06189P,華新科永豐97售03,0,0,0,0,0,0,0,0,0,-10000,0,0,0,330000,340000,-10000,-10000
07204P,鴻海凱基99售10  ,0,0,0,0,0,0,0,0,0,-10000,0,0,0,0,10000,-10000,-10000
07170P,臺股指國票99售07,0,0,0,0,0,0,0,0,0,-10000,0,0,0,200000,210000,-10000,-10000
07171P,臺股指國票99售08,0,0,0,0,0,0,0,0,0,-10000,0,0,0,250000,260000,-10000,-10000
07166P,台灣50兆豐03售01,0,0,0,0,0,0,0,0,0,-10000,0,0,0,0,10000,-10000,-10000
060067,T50反1元富99購11,0,0,0,0,0,0,0,0,0,-10000,0,0,0,0,10000,-10000,-10000
06005P,晶豪科永豐96售04,0,0,0,0,0,0,0,0,0,-10000,0,0,0,0,10000,-10000,-10000
060075,台積電元富99購05,0,0,0,0,0,0,0,0,0,-10000,0,0,0,0,10000,-10000,-10000
06991P,矽創群益99售01  ,0,0,0,0,0,0,0,0,0,-10000,0,0,0,0,10000,-10000,-10000
06992P,玉晶光日盛9B售01,0,0,0,0,0,0,0,0,0,-10000,0,0,0,0,10000,-10000,-10000
07050P,宏達電中信9B售01,0,0,0,0,0,0,0,0,0,-10000,0,0,0,1000,11000,-10000,-10000
06900P,FBVIX國票12售01 ,0,0,0,0,0,0,0,0,0,-10000,0,0,0,0,10000,-10000,-10000
058402,欣興元大99購04  ,0,0,0,0,0,0,0,0,0,-11000,0,0,0,0,11000,-11000,-11000
057997,旺宏第一9C購01  ,0,0,0,0,0,0,0,0,0,-11000,0,0,0,0,11000,-11000,-11000
058965,祥碩兆豐99購02  ,0,0,0,0,0,0,0,0,0,-11000,0,0,0,0,11000,-11000,-11000
059020,元油2X統一9B購02,0,0,0,0,0,0,0,0,0,-11000,0,0,0,0,11000,-11000,-11000
059302,大立光群益99購08,0,0,0,0,0,0,0,0,0,-11000,0,0,0,0,11000,-11000,-11000
060214,茂林康和9A購01  ,0,0,0,0,0,0,0,0,0,-11000,0,0,0,3000,14000,-11000,-11000
056110,嘉聯益永豐97購02,0,0,0,0,0,0,0,0,0,-11000,0,0,0,0,11000,-11000,-11000
059627,旺宏凱基99購10  ,0,0,0,0,0,0,0,0,0,-11000,0,0,0,0,11000,-11000,-11000
00689R,國泰20年美債反1 ,0,0,0,0,0,0,0,0,0,-11000,0,0,0,100000,111000,-11000,-11000
049706,世紀鋼元大95購02,0,0,0,0,0,0,0,0,0,-11000,0,0,0,39000,50000,-11000,-11000
051572,上銀元大95購01  ,0,0,0,0,0,0,0,0,0,-11000,0,0,0,173000,184000,-11000,-11000
05991P,聯茂群益96售05  ,0,0,0,0,0,0,0,0,0,-11000,0,0,0,0,11000,-11000,-11000
059842,台積電富邦9C購05,0,0,0,0,0,0,0,0,0,-11000,0,0,0,196000,207000,-11000,-11000
055178,晶豪科統一97購01,0,0,0,0,0,0,0,0,0,-11000,0,0,0,59000,70000,-11000,-11000
055043,中砂永豐97購01  ,0,0,0,0,0,0,0,0,0,-11000,0,0,0,0,11000,-11000,-11000
054923,晶技凱基98購01  ,0,0,0,0,0,0,0,0,0,-11000,0,0,0,5000,16000,-11000,-11000
06771P,台灣50中信02售01,0,0,0,0,0,0,0,0,0,-11000,0,0,0,0,11000,-11000,-11000
060074,台積電元富99購04,0,0,0,0,0,0,0,0,0,-11000,0,0,0,0,11000,-11000,-11000
060086,鴻海元大99購42  ,0,0,0,0,0,0,0,0,0,-11000,0,0,0,0,11000,-11000,-11000
06492P,上銀永豐98售01  ,0,0,0,0,0,0,0,0,0,-11000,0,0,0,11000,22000,-11000,-11000
07529P,國巨凱基9A售11  ,0,0,0,0,0,0,0,0,0,-11000,0,0,0,14000,25000,-11000,-11000
07466P,亞德客元大9A售02,0,0,0,0,0,0,0,0,0,-11000,0,0,0,12000,23000,-11000,-11000
2450,神腦            ,13000,24000,-11000,0,0,0,0,0,0,0,1000,1000,0,0,0,0,-11000
6449,鈺邦            ,1000,10000,-9000,0,0,0,0,0,0,-2000,0,2000,-2000,0,0,0,-11000
8033,雷虎            ,2000,13000,-11000,0,0,0,0,0,0,0,0,0,0,0,0,0,-11000
058735,南茂永豐99購01  ,0,0,0,0,0,0,0,0,0,-12000,0,0,0,74000,86000,-12000,-12000
058717,南電台新99購02  ,0,0,0,0,0,0,0,0,0,-12000,0,0,0,0,12000,-12000,-12000
058703,台積電元大99購16,0,0,0,0,0,0,0,0,0,-12000,0,0,0,28000,40000,-12000,-12000
058621,華通國票9A購01  ,0,0,0,0,0,0,0,0,0,-12000,0,0,0,38000,50000,-12000,-12000
059532,華新科凱基9B購03,0,0,0,0,0,0,0,0,0,-12000,0,0,0,17000,29000,-12000,-12000
060155,友訊永豐9A購01  ,0,0,0,0,0,0,0,0,0,-12000,0,0,0,0,12000,-12000,-12000
056518,美律國票99購01  ,0,0,0,0,0,0,0,0,0,-12000,0,0,0,0,12000,-12000,-12000
056613,旺宏永豐98購01  ,0,0,0,0,0,0,0,0,0,-12000,0,0,0,49000,61000,-12000,-12000
056714,晶相光永豐98購02,0,0,0,0,0,0,0,0,0,-12000,0,0,0,0,12000,-12000,-12000
057268,臻鼎兆豐99購01  ,0,0,0,0,0,0,0,0,0,-12000,0,0,0,0,12000,-12000,-12000
057176,全新元大99購02  ,0,0,0,0,0,0,0,0,0,-12000,0,0,0,4000,16000,-12000,-12000
059276,可成元大99購06  ,0,0,0,0,0,0,0,0,0,-12000,0,0,0,55000,67000,-12000,-12000
058241,景碩元大99購05  ,0,0,0,0,0,0,0,0,0,-12000,0,0,0,17000,29000,-12000,-12000
058802,矽創元大99購02  ,0,0,0,0,0,0,0,0,0,-12000,0,0,0,1000,13000,-12000,-12000
054807,台化元大9A購02  ,0,0,0,0,0,0,0,0,0,-12000,0,0,0,0,12000,-12000,-12000
059766,同欣電永豐99購03,0,0,0,0,0,0,0,0,0,-12000,0,0,0,19000,31000,-12000,-12000
054579,聯茂元大97購01  ,0,0,0,0,0,0,0,0,0,-12000,0,0,0,42000,54000,-12000,-12000
051699,世紀鋼麥證95購01,0,0,0,10000,22000,-12000,0,0,0,-12000,0,0,0,10000,22000,-12000,-12000
051653,南電永豐95購02  ,0,0,0,0,0,0,0,0,0,-12000,0,0,0,0,12000,-12000,-12000
055521,S&P反1群益01購01,0,0,0,0,0,0,0,0,0,-12000,0,0,0,0,12000,-12000,-12000
05573P,仁寶元富96售02  ,0,0,0,0,0,0,0,0,0,-12000,0,0,0,0,12000,-12000,-12000
050694,國巨凱基96購03  ,0,0,0,0,0,0,0,0,0,-12000,0,0,0,57000,69000,-12000,-12000
0052,富邦科技        ,0,0,0,0,0,0,0,0,0,-12000,0,0,0,100000,112000,-12000,-12000
051934,緯穎國票96購01  ,0,0,0,0,0,0,0,0,0,-12000,0,0,0,4000,16000,-12000,-12000
052137,台表科凱基96購02,0,0,0,0,0,0,0,0,0,-12000,0,0,0,0,12000,-12000,-12000
052076,可成元富98購01  ,0,0,0,0,0,0,0,0,0,-12000,0,0,0,0,12000,-12000,-12000
2701,萬企            ,0,13000,-13000,0,0,0,0,0,0,1000,1000,0,1000,0,0,0,-12000
1532,勤美            ,33000,46000,-13000,0,0,0,0,0,0,1000,2000,1000,1000,0,0,0,-12000
1527,鑽全            ,15000,27000,-12000,0,0,0,0,0,0,0,0,0,0,0,0,0,-12000
06160P,台達電群益97售01,0,0,0,0,0,0,0,0,0,-12000,0,0,0,3000,15000,-12000,-12000
07164P,臺股指群益99售15,0,0,0,0,0,0,0,0,0,-12000,0,0,0,12000,24000,-12000,-12000
07183P,臺股指凱基99售25,0,0,0,0,0,0,0,0,0,-12000,0,0,0,0,12000,-12000,-12000
07025P,玉晶光凱基99售01,0,0,0,0,0,0,0,0,0,-12000,0,0,0,10000,22000,-12000,-12000
06935P,神達元大98售02  ,0,0,0,0,0,0,0,0,0,-12000,0,0,0,4000,16000,-12000,-12000
058844,元油2X群益9C購03,0,0,0,0,0,0,0,0,0,-13000,0,0,0,2000,15000,-13000,-13000
057075,嘉聯益永豐98購01,0,0,0,0,0,0,0,0,0,-13000,0,0,0,68000,81000,-13000,-13000
058377,茂林凱基9A購03  ,0,0,0,0,0,0,0,0,0,-13000,0,0,0,7000,20000,-13000,-13000
057134,茂林凱基98購02  ,0,0,0,0,0,0,0,0,0,-13000,0,0,0,9000,22000,-13000,-13000
057211,鴻海群益98購05  ,0,0,0,0,0,0,0,0,0,-13000,0,0,0,76000,89000,-13000,-13000
059347,京鼎凱基99購02  ,0,0,0,0,0,0,0,0,0,-13000,0,0,0,110000,123000,-13000,-13000
060370,滬深2X元富04購01,0,0,0,0,0,0,0,0,0,-13000,0,0,0,0,13000,-13000,-13000
060038,台積電國票99購13,0,0,0,0,0,0,0,0,0,-13000,0,0,0,50000,63000,-13000,-13000
060209,喬山康和9A購01  ,0,0,0,0,0,0,0,0,0,-13000,0,0,0,1000,14000,-13000,-13000
057358,元油2X元大98購08,0,0,0,0,0,0,0,0,0,-13000,0,0,0,0,13000,-13000,-13000
056120,聯茂群益97購02  ,0,0,0,0,0,0,0,0,0,-13000,0,0,0,5000,18000,-13000,-13000
00731,FH富時高息低波  ,1000,1000,0,0,0,0,0,0,0,-13000,0,0,0,55000,68000,-13000,-13000
048385,亞德客國票94購01,0,0,0,0,0,0,0,0,0,-13000,0,0,0,0,13000,-13000,-13000
055658,南電元富97購01  ,0,0,0,0,0,0,0,0,0,-13000,0,0,0,84000,97000,-13000,-13000
051647,華新科永豐95購02,0,0,0,0,0,0,0,0,0,-13000,0,0,0,56000,69000,-13000,-13000
059820,南亞科凱基99購07,0,0,0,0,0,0,0,0,0,-13000,0,0,0,13000,26000,-13000,-13000
059915,聯發科元大99購32,0,0,0,0,0,0,0,0,0,-13000,0,0,0,8000,21000,-13000,-13000
05250P,臻鼎國票96售01  ,0,0,0,0,0,0,0,0,0,-13000,0,0,0,0,13000,-13000,-13000
07094P,華通國票9A售03  ,0,0,0,0,0,0,0,0,0,-13000,0,0,0,26000,39000,-13000,-13000
07482P,南亞科元富9A售04,0,0,0,0,0,0,0,0,0,-13000,0,0,0,0,13000,-13000,-13000
06730P,祥碩元大98售07  ,0,0,0,0,0,0,0,0,0,-13000,0,0,0,119000,132000,-13000,-13000
07364P,大立光元大99售27,0,0,0,0,0,0,0,0,0,-13000,0,0,0,20000,33000,-13000,-13000
2425,承啟            ,35000,48000,-13000,0,0,0,0,0,0,0,0,0,0,0,0,0,-13000
4942,嘉彰            ,51000,64000,-13000,0,0,0,0,0,0,0,0,0,0,0,0,0,-13000
4737,華廣            ,21000,34000,-13000,0,0,0,0,0,0,0,0,0,0,0,0,0,-13000
4526,東台            ,23000,36000,-13000,0,0,0,0,0,0,0,1000,1000,0,0,0,0,-13000
3705,永信            ,23000,37000,-14000,0,0,0,0,0,0,1000,1000,0,1000,0,0,0,-13000
057369,奇力新元大99購05,0,0,0,0,0,0,0,0,0,-14000,0,0,0,25000,39000,-14000,-14000
05609P,國泰金凱基96售01,0,0,0,0,0,0,0,0,0,-14000,0,0,0,0,14000,-14000,-14000
060364,奇力新元富9A購01,0,0,0,0,0,0,0,0,0,-14000,0,0,0,196000,210000,-14000,-14000
058818,南電台新99購03  ,0,0,0,0,0,0,0,0,0,-14000,0,0,0,0,14000,-14000,-14000
054261,智伸科元大96購03,0,0,0,0,0,0,0,0,0,-14000,0,0,0,1000,15000,-14000,-14000
054905,國揚康和97購01  ,0,0,0,0,0,0,0,0,0,-14000,0,0,0,0,14000,-14000,-14000
05976P,國巨凱基96售14  ,0,0,0,0,0,0,0,0,0,-14000,0,0,0,54000,68000,-14000,-14000
053887,聯茂兆豐97購02  ,0,0,0,0,0,0,0,0,0,-14000,0,0,0,11000,25000,-14000,-14000
04991P,台表科元大94售05,0,0,0,0,0,0,0,0,0,-14000,0,0,0,0,14000,-14000,-14000
049252,國巨元大96購01  ,0,0,0,0,0,0,0,0,0,-14000,0,0,0,38000,52000,-14000,-14000
2849,安泰銀          ,0,14000,-14000,0,0,0,0,0,0,0,0,0,0,0,0,0,-14000
3036,文曄            ,212000,197000,15000,0,0,0,0,0,0,-29000,4000,7000,-3000,0,26000,-26000,-14000
6202,盛群            ,64000,74000,-10000,0,0,0,0,0,0,-4000,2000,2000,0,0,4000,-4000,-14000
2423,固緯            ,6000,20000,-14000,0,0,0,0,0,0,0,0,0,0,0,0,0,-14000
060168,台表科永豐9A購01,0,0,0,0,0,0,0,0,0,-14000,0,0,0,0,14000,-14000,-14000
07241P,台灣50國票9A售05,0,0,0,0,0,0,0,0,0,-14000,0,0,0,31000,45000,-14000,-14000
060046,S&P反1凱基99購02,0,0,0,0,0,0,0,0,0,-14000,0,0,0,0,14000,-14000,-14000
060564,南亞科富邦9C購01,0,0,0,0,0,0,0,0,0,-14000,0,0,0,17000,31000,-14000,-14000
059016,晶相光元富99購03,0,0,0,0,0,0,0,0,0,-15000,0,0,0,0,15000,-15000,-15000
059007,南電元大99購05  ,0,0,0,0,0,0,0,0,0,-15000,0,0,0,9000,24000,-15000,-15000
057299,立積永豐98購02  ,0,0,0,0,0,0,0,0,0,-15000,0,0,0,0,15000,-15000,-15000
059333,滬深2X國票9A購03,0,0,0,0,0,0,0,0,0,-15000,0,0,0,15000,30000,-15000,-15000
058389,聯茂國票9A購01  ,0,0,0,0,0,0,0,0,0,-15000,0,0,0,12000,27000,-15000,-15000
059711,滬深2X元大9C購02,0,0,0,0,0,0,0,0,0,-15000,0,0,0,52000,67000,-15000,-15000
060524,國巨中信9A購03  ,0,0,0,0,0,0,0,0,0,-15000,0,0,0,33000,48000,-15000,-15000
060008,華邦電群益9A購01,0,0,0,0,0,0,0,0,0,-15000,0,0,0,0,15000,-15000,-15000
056422,全新統一98購02  ,0,0,0,0,0,0,0,0,0,-15000,0,0,0,0,15000,-15000,-15000
059563,鴻海凱基9A購14  ,0,0,0,0,0,0,0,0,0,-15000,0,0,0,30000,45000,-15000,-15000
057540,緯穎日盛99購01  ,0,0,0,0,0,0,0,0,0,-15000,0,0,0,0,15000,-15000,-15000
051969,世紀鋼永豐95購01,0,0,0,0,0,0,0,0,0,-15000,0,0,0,0,15000,-15000,-15000
051918,聯茂元大95購01  ,0,0,0,0,0,0,0,0,0,-15000,0,0,0,64000,79000,-15000,-15000
052234,GIS凱基97購01   ,0,0,0,0,0,0,0,0,0,-15000,0,0,0,0,15000,-15000,-15000
050645,台積電凱基94購39,0,0,0,0,0,0,0,0,0,-15000,0,0,0,5000,20000,-15000,-15000
053902,S&P反1凱基97購01,0,0,0,0,0,0,0,0,0,-15000,0,0,0,0,15000,-15000,-15000
053807,T50反1群益96購02,0,0,0,0,0,0,0,0,0,-15000,0,0,0,0,15000,-15000,-15000
055310,聯詠群益97購02  ,0,0,0,0,0,0,0,0,0,-15000,0,0,0,0,15000,-15000,-15000
055172,凱美統一97購02  ,0,0,0,0,0,0,0,0,0,-15000,0,0,0,170000,185000,-15000,-15000
06844P,智邦元大98售13  ,0,0,0,0,0,0,0,0,0,-15000,0,0,0,0,15000,-15000,-15000
06845P,億光元大98售02  ,0,0,0,0,0,0,0,0,0,-15000,0,0,0,0,15000,-15000,-15000
06762P,智邦元大98售11  ,0,0,0,0,0,0,0,0,0,-15000,0,0,0,0,15000,-15000,-15000
6155,鈞寶            ,27000,42000,-15000,0,0,0,0,0,0,0,0,0,0,0,0,0,-15000
8039,台虹            ,94000,118000,-24000,0,0,0,0,0,0,9000,5000,0,5000,14000,10000,4000,-15000
059579,聯發科元富99購06,0,0,0,0,0,0,0,0,0,-16000,0,0,0,14000,30000,-16000,-16000
059613,泰鼎永豐99購02  ,0,0,0,0,0,0,0,0,0,-16000,0,0,0,2000,18000,-16000,-16000
058775,台積電國票9A購02,0,0,0,0,0,0,0,0,0,-16000,0,0,0,88000,104000,-16000,-16000
060453,儒鴻元大9A購02  ,0,0,0,0,0,0,0,0,0,-16000,0,0,0,18000,34000,-16000,-16000
060250,台表科元大9A購01,0,0,0,0,0,0,0,0,0,-16000,0,0,0,16000,32000,-16000,-16000
059297,大立光元富9C購01,0,0,0,0,0,0,0,0,0,-16000,0,0,0,35000,51000,-16000,-16000
057843,晶技永豐98購02  ,0,0,0,0,0,0,0,0,0,-16000,0,0,0,0,16000,-16000,-16000
058026,上銀富邦9A購01  ,0,0,0,0,0,0,0,0,0,-16000,0,0,0,0,16000,-16000,-16000
054334,超眾永豐96購04  ,0,0,0,0,0,0,0,0,0,-16000,0,0,0,0,16000,-16000,-16000
054890,聯鈞統一99購01  ,0,0,0,0,0,0,0,0,0,-16000,0,0,0,27000,43000,-16000,-16000
054872,瀚宇博群益98購01,0,0,0,0,0,0,0,0,0,-16000,0,0,0,9000,25000,-16000,-16000
055330,上銀兆豐98購02  ,0,0,0,0,0,0,0,0,0,-16000,0,0,0,42000,58000,-16000,-16000
059868,台光電凱基99購03,0,0,0,0,0,0,0,0,0,-16000,0,0,0,78000,94000,-16000,-16000
059954,華新科康和99購01,0,0,0,0,0,0,0,0,0,-16000,0,0,0,98000,114000,-16000,-16000
03828P,致茂中信95售01  ,0,0,0,0,0,0,0,0,0,-16000,0,0,0,0,16000,-16000,-16000
048380,T50反1國票94購02,0,0,0,0,0,0,0,0,0,-16000,0,0,0,0,16000,-16000,-16000
8070,長華*           ,1000,17000,-16000,0,0,0,0,0,0,0,0,0,0,0,0,0,-16000
07387P,臺股指群益99售25,0,0,0,0,0,0,0,0,0,-16000,0,0,0,3000,19000,-16000,-16000
07533P,臺股指中信9C售04,0,0,0,0,0,0,0,0,0,-16000,0,0,0,0,16000,-16000,-16000
07280P,FBVIX凱基99售01 ,0,0,0,0,0,0,0,0,0,-16000,0,0,0,6000,22000,-16000,-16000
060640,京鼎永豐9A購01  ,0,0,0,0,0,0,0,0,0,-16000,0,0,0,10000,26000,-16000,-16000
06230P,亞德客永豐97售03,0,0,0,0,0,0,0,0,0,-16000,0,0,0,5000,21000,-16000,-16000
057835,華擎元富9B購01  ,0,0,0,0,0,0,0,0,0,-17000,0,0,0,523000,540000,-17000,-17000
057872,旺宏元大99購06  ,0,0,0,0,0,0,0,0,0,-17000,0,0,0,63000,80000,-17000,-17000
059341,台積電凱基99購15,0,0,0,0,0,0,0,0,0,-17000,0,0,0,40000,57000,-17000,-17000
058249,緯穎元大99購04  ,0,0,0,0,0,0,0,0,0,-17000,0,0,0,10000,27000,-17000,-17000
058208,百和凱基99購01  ,0,0,0,0,0,0,0,0,0,-17000,0,0,0,13000,30000,-17000,-17000
060200,同欣電元富9A購01,0,0,0,0,0,0,0,0,0,-17000,0,0,0,106000,123000,-17000,-17000
060192,欣興元富9A購01  ,0,0,0,0,0,0,0,0,0,-17000,0,0,0,5000,22000,-17000,-17000
056440,智邦凱基98購03  ,0,0,0,0,0,0,0,0,0,-17000,0,0,0,9000,26000,-17000,-17000
059527,聯發科凱基99購16,0,0,0,0,0,0,0,0,0,-17000,0,0,0,35000,52000,-17000,-17000
059119,華擎永豐99購02  ,0,0,0,0,0,0,0,0,0,-17000,0,0,0,29000,46000,-17000,-17000
059436,大立光元大99購18,0,0,0,0,0,0,0,0,0,-17000,0,0,0,3000,20000,-17000,-17000
053804,富邦金凱基96購01,0,0,0,0,0,0,0,0,0,-17000,0,0,0,199000,216000,-17000,-17000
050651,大立光凱基96購02,0,0,0,0,0,0,0,0,0,-17000,0,0,0,0,17000,-17000,-17000
059882,臺股指凱基9C購06,0,0,0,0,0,0,0,0,0,-17000,0,0,0,0,17000,-17000,-17000
059840,鴻海富邦9A購02  ,0,0,0,0,0,0,0,0,0,-17000,0,0,0,153000,170000,-17000,-17000
054304,台積電凱基96購23,0,0,0,0,0,0,0,0,0,-17000,0,0,0,26000,43000,-17000,-17000
060618,玉晶光元大9A購02,0,0,0,0,0,0,0,0,0,-17000,0,0,0,0,17000,-17000,-17000
07133P,臺股指元大9A售27,0,0,0,0,0,0,0,0,0,-17000,0,0,0,3000,20000,-17000,-17000
060053,聯發科凱基9B購02,0,0,0,0,0,0,0,0,0,-17000,0,0,0,12000,29000,-17000,-17000
07109P,聯發科中信9B售02,0,0,0,0,0,0,0,0,0,-17000,0,0,0,23000,40000,-17000,-17000
07523P,台積電中信9C售05,0,0,0,0,0,0,0,0,0,-17000,0,0,0,0,17000,-17000,-17000
2233,宇隆            ,14000,40000,-26000,0,0,0,0,0,0,9000,9000,0,9000,0,0,0,-17000
9946,三發地產        ,5000,22000,-17000,0,0,0,0,0,0,0,0,0,0,0,0,0,-17000
3698,隆達            ,75000,103000,-28000,0,0,0,0,0,0,11000,42000,31000,11000,0,0,0,-17000
4576,大銀微系統      ,37000,54000,-17000,0,0,0,0,0,0,0,0,0,0,0,0,0,-17000
2887F,台新戊特二      ,621,18000,-17379,0,0,0,0,0,0,0,0,0,0,0,0,0,-17379
059103,旭富元富99購03  ,0,0,0,0,0,0,0,0,0,-18000,0,0,0,278000,296000,-18000,-18000
05860P,旺宏康和96售01  ,0,0,0,0,0,0,0,0,0,-18000,0,0,0,29000,47000,-18000,-18000
057368,微星元大98購02  ,0,0,0,0,0,0,0,0,0,-18000,0,0,0,0,18000,-18000,-18000
058658,瑞儀中信99購01  ,0,0,0,0,0,0,0,0,0,-18000,0,0,0,5000,23000,-18000,-18000
056193,聯發科富邦99購08,0,0,0,0,0,0,0,0,0,-18000,0,0,0,12000,30000,-18000,-18000
056488,致新元大99購01  ,0,0,0,0,0,0,0,0,0,-18000,0,0,0,12000,30000,-18000,-18000
056621,宏達電永豐98購01,0,0,0,0,0,0,0,0,0,-18000,0,0,0,32000,50000,-18000,-18000
056657,華邦電元大99購01,0,0,0,0,0,0,0,0,0,-18000,0,0,0,79000,97000,-18000,-18000
056237,智邦群益97購02  ,0,0,0,0,0,0,0,0,0,-18000,0,0,0,10000,28000,-18000,-18000
060129,祥碩永豐99購03  ,0,0,0,0,0,0,0,0,0,-18000,0,0,0,28000,46000,-18000,-18000
060019,彰銀康和99購01  ,0,0,0,0,0,0,0,0,0,-18000,0,0,0,98000,116000,-18000,-18000
060391,華擎群益9C購01  ,0,0,0,0,0,0,0,0,0,-18000,0,0,0,22000,40000,-18000,-18000
059188,京元電富邦9B購01,0,0,0,0,0,0,0,0,0,-18000,0,0,0,137000,155000,-18000,-18000
058353,國巨凱基99購09  ,0,0,0,0,0,0,0,0,0,-18000,0,0,0,210000,228000,-18000,-18000
057194,南電元大98購01  ,0,0,0,0,0,0,0,0,0,-18000,0,0,0,5000,23000,-18000,-18000
054418,茂林元大97購01  ,0,0,0,0,0,0,0,0,0,-18000,0,0,0,0,18000,-18000,-18000
059929,華新科富邦9C購03,0,0,0,0,0,0,0,0,0,-18000,0,0,0,12000,30000,-18000,-18000
052246,超眾康和95購01  ,0,0,0,0,0,0,0,0,0,-18000,0,0,0,220000,238000,-18000,-18000
2314,台揚            ,138000,154000,-16000,0,0,0,0,0,0,-2000,0,0,0,0,2000,-2000,-18000
2466,冠西電          ,0,18000,-18000,0,0,0,0,0,0,0,0,0,0,0,0,0,-18000
07527P,台灣50凱基9B售02,0,0,0,0,0,0,0,0,0,-18000,0,0,0,155000,173000,-18000,-18000
1507,永大            ,1000,17000,-16000,0,0,0,0,0,0,-2000,0,2000,-2000,0,0,0,-18000
060072,國巨元富99購04  ,0,0,0,0,0,0,0,0,0,-18000,0,0,0,43000,61000,-18000,-18000
060565,大立光富邦01購01,0,0,0,0,0,0,0,0,0,-18000,0,0,0,292000,310000,-18000,-18000
059689,南亞科永豐99購02,0,0,0,0,0,0,0,0,0,-19000,0,0,0,49000,68000,-19000,-19000
056755,聯茂兆豐98購01  ,0,0,0,0,0,0,0,0,0,-19000,0,0,0,0,19000,-19000,-19000
056749,滬深2X兆豐99購01,0,0,0,0,0,0,0,0,0,-19000,0,0,0,11000,30000,-19000,-19000
058188,華擎永豐99購01  ,0,0,0,0,0,0,0,0,0,-19000,0,0,0,263000,282000,-19000,-19000
059268,鎧勝中信01購01  ,0,0,0,0,0,0,0,0,0,-19000,0,0,0,4000,23000,-19000,-19000
059247,可成凱基99購05  ,0,0,0,0,0,0,0,0,0,-19000,0,0,0,33000,52000,-19000,-19000
057893,亞德客元富98購03,0,0,0,0,0,0,0,0,0,-19000,0,0,0,1000,20000,-19000,-19000
059059,宏達電凱基99購03,0,0,0,0,0,0,0,0,0,-19000,0,0,0,72000,91000,-19000,-19000
059116,晶豪科永豐99購01,0,0,0,0,0,0,0,0,0,-19000,0,0,0,0,19000,-19000,-19000
059068,台虹國票9A購01  ,0,0,0,0,0,0,0,0,0,-19000,0,0,0,25000,44000,-19000,-19000
047886,京元電富邦95購01,0,0,0,0,0,0,0,0,0,-19000,0,0,0,0,19000,-19000,-19000
03662C,FBVIX凱基03牛01 ,0,0,0,0,0,0,0,0,0,-19000,0,0,0,0,19000,-19000,-19000
059174,訊芯凱基99購01  ,0,0,0,0,0,0,0,0,0,-19000,0,0,0,6000,25000,-19000,-19000
060556,緯穎凱基9A購04  ,0,0,0,0,0,0,0,0,0,-19000,0,0,0,13000,32000,-19000,-19000
07306P,台灣50凱基9A售09,0,0,0,0,0,0,0,0,0,-19000,0,0,0,1000,20000,-19000,-19000
07283P,華新科凱基99售07,0,0,0,0,0,0,0,0,0,-19000,0,0,0,1000,20000,-19000,-19000
060064,華新科兆豐99購07,0,0,0,0,0,0,0,0,0,-19000,0,0,0,250000,269000,-19000,-19000
07378P,大立光元大99售29,0,0,0,0,0,0,0,0,0,-19000,0,0,0,11000,30000,-19000,-19000
06654P,欣興元大98售08  ,0,0,0,0,0,0,0,0,0,-19000,0,0,0,63000,82000,-19000,-19000
07419P,聯發科元大99售46,0,0,0,0,0,0,0,0,0,-19000,0,0,0,0,19000,-19000,-19000
2429,銘旺科          ,9000,28000,-19000,0,0,0,0,0,0,0,0,0,0,0,0,0,-19000
057624,新日興國泰99購01,0,0,0,0,0,0,0,0,0,-20000,0,0,0,24000,44000,-20000,-20000
059510,華新科永豐99購07,0,0,0,0,0,0,0,0,0,-20000,0,0,0,3000,23000,-20000,-20000
058572,百和凱基9A購01  ,0,0,0,0,0,0,0,0,0,-20000,0,0,0,0,20000,-20000,-20000
05752P,台積電中信96售06,0,0,0,0,0,0,0,0,0,-20000,0,0,0,0,20000,-20000,-20000
057481,技嘉元大98購04  ,0,0,0,0,0,0,0,0,0,-20000,0,0,0,0,20000,-20000,-20000
058698,華通元大99購05  ,0,0,0,0,0,0,0,0,0,-20000,0,0,0,0,20000,-20000,-20000
060522,鴻海中信9A購03  ,0,0,0,0,0,0,0,0,0,-20000,0,0,0,0,20000,-20000,-20000
056740,大立光凱基98購13,0,0,0,0,0,0,0,0,0,-20000,0,0,0,0,20000,-20000,-20000
056517,茂林兆豐99購01  ,0,0,0,0,0,0,0,0,0,-20000,0,0,0,0,20000,-20000,-20000
057557,聯茂凱基99購04  ,0,0,0,0,0,0,0,0,0,-20000,0,0,0,0,20000,-20000,-20000
057573,京鼎永豐98購02  ,0,0,0,0,0,0,0,0,0,-20000,0,0,0,188000,208000,-20000,-20000
057605,旺宏統一99購03  ,0,0,0,0,0,0,0,0,0,-20000,0,0,0,0,20000,-20000,-20000
058863,可成凱基99購02  ,0,0,0,0,0,0,0,0,0,-20000,0,0,0,0,20000,-20000,-20000
056354,國巨元大98購10  ,0,0,0,0,0,0,0,0,0,-20000,0,0,0,167000,187000,-20000,-20000
057874,可成元大99購02  ,0,0,0,0,0,0,0,0,0,-20000,0,0,0,0,20000,-20000,-20000
057827,康友元大98購03  ,0,0,0,0,0,0,0,0,0,-20000,0,0,0,0,20000,-20000,-20000
058070,華新科凱基98購07,0,0,0,0,0,0,0,0,0,-20000,0,0,0,14000,34000,-20000,-20000
059207,臺指反元大9C購02,0,0,0,0,0,0,0,0,0,-20000,0,0,0,0,20000,-20000,-20000
059257,臺股指凱基99購35,0,0,0,0,0,0,0,0,0,-20000,0,0,0,0,20000,-20000,-20000
05964P,華通凱基96售06  ,0,0,0,0,0,0,0,0,0,-20000,0,0,0,0,20000,-20000,-20000
057008,華新科中信99購02,0,0,0,0,0,0,0,0,0,-20000,0,0,0,0,20000,-20000,-20000
056766,義隆元大98購01  ,0,0,0,0,0,0,0,0,0,-20000,0,0,0,11000,31000,-20000,-20000
058298,聯茂凱基99購05  ,0,0,0,0,0,0,0,0,0,-20000,0,0,0,0,20000,-20000,-20000
058311,緯穎元大99購05  ,0,0,0,0,0,0,0,0,0,-20000,0,0,0,14000,34000,-20000,-20000
059150,臺股指國票99購13,0,0,0,0,0,0,0,0,0,-20000,0,0,0,20000,40000,-20000,-20000
05979P,華新科中信96售02,0,0,0,0,0,0,0,0,0,-20000,0,0,0,0,20000,-20000,-20000
059966,台積電凱基99購19,0,0,0,0,0,0,0,0,0,-20000,0,0,0,0,20000,-20000,-20000
055402,正文元富97購02  ,0,0,0,0,0,0,0,0,0,-20000,0,0,0,0,20000,-20000,-20000
055306,燿華群益97購01  ,0,0,0,0,0,0,0,0,0,-20000,0,0,0,1000,21000,-20000,-20000
055233,康友國票98購01  ,0,0,0,0,0,0,0,0,0,-20000,0,0,0,0,20000,-20000,-20000
055125,智原兆豐97購01  ,0,0,0,0,0,0,0,0,0,-20000,0,0,0,310000,330000,-20000,-20000
055019,福懋科元富97購01,0,0,0,0,0,0,0,0,0,-20000,0,0,0,0,20000,-20000,-20000
054329,華新科永豐96購02,0,0,0,0,0,0,0,0,0,-20000,0,0,0,0,20000,-20000,-20000
054252,奇力新元大96購04,0,0,0,0,0,0,0,0,0,-20000,0,0,0,26000,46000,-20000,-20000
054805,台苯元大9A購01  ,0,0,0,0,0,0,0,0,0,-20000,0,0,0,0,20000,-20000,-20000
054081,聯電元富96購01  ,0,0,0,0,0,0,0,0,0,-20000,0,0,0,270000,290000,-20000,-20000
053079,世紀鋼永豐96購01,0,0,0,0,0,0,0,0,0,-20000,0,0,0,0,20000,-20000,-20000
051953,矽力元富95購03  ,0,0,0,0,0,0,0,0,0,-20000,0,0,0,0,20000,-20000,-20000
049230,台達電富邦96購01,0,0,0,0,0,0,0,0,0,-20000,0,0,0,0,20000,-20000,-20000
049004,聯發科中信96購01,0,0,0,0,0,0,0,0,0,-20000,0,0,0,0,20000,-20000,-20000
04792P,智邦元大94售06  ,0,0,0,0,0,0,0,0,0,-20000,0,0,0,0,20000,-20000,-20000
048383,元金2X國票99購01,0,0,0,0,0,0,0,0,0,-20000,0,0,0,0,20000,-20000,-20000
052266,義隆亞東95購02  ,0,0,0,0,0,0,0,0,0,-20000,0,0,0,0,20000,-20000,-20000
05222P,致伸凱基95售02  ,0,0,0,0,0,0,0,0,0,-20000,0,0,0,0,20000,-20000,-20000
052331,漢唐亞東97購01  ,0,0,0,0,0,0,0,0,0,-20000,0,0,0,0,20000,-20000,-20000
049904,矽力元富94購01  ,0,0,0,0,0,0,0,0,0,-20000,0,0,0,0,20000,-20000,-20000
05044P,亞德客永豐95售01,0,0,0,0,0,0,0,0,0,-20000,0,0,0,0,20000,-20000,-20000
050371,台積電元大94購25,0,0,0,0,0,0,0,0,0,-20000,0,0,0,0,20000,-20000,-20000
05060P,台達電富邦97售02,0,0,0,0,0,0,0,0,0,-20000,0,0,0,0,20000,-20000,-20000
051320,燿華國票96購01  ,0,0,0,0,0,0,0,0,0,-20000,0,0,0,0,20000,-20000,-20000
053729,聯茂凱基96購05  ,0,0,0,0,0,0,0,0,0,-20000,0,0,0,0,20000,-20000,-20000
055663,崇越中信97購01  ,0,0,0,0,0,0,0,0,0,-20000,0,0,0,0,20000,-20000,-20000
053928,智易國票97購03  ,0,0,0,0,0,0,0,0,0,-20000,0,0,0,0,20000,-20000,-20000
053988,友達亞東96購01  ,0,0,0,0,0,0,0,0,0,-20000,0,0,0,0,20000,-20000,-20000
07474P,滬深2X群益9C售03,0,0,0,0,0,0,0,0,0,-20000,0,0,0,0,20000,-20000,-20000
06662P,玉晶光中信9A售01,0,0,0,0,0,0,0,0,0,-20000,0,0,0,0,20000,-20000,-20000
060094,聯發科元大99購41,0,0,0,0,0,0,0,0,0,-20000,0,0,0,44000,64000,-20000,-20000
06832P,玉晶光凱基98售03,0,0,0,0,0,0,0,0,0,-20000,0,0,0,10000,30000,-20000,-20000
060630,國巨富邦9C購03  ,0,0,0,0,0,0,0,0,0,-20000,0,0,0,0,20000,-20000,-20000
060496,滬深2X元大9A購05,0,0,0,0,0,0,0,0,0,-20000,0,0,0,0,20000,-20000,-20000
060570,南亞科永豐9A購01,0,0,0,0,0,0,0,0,0,-20000,0,0,0,2000,22000,-20000,-20000
06618P,智邦元大98售04  ,0,0,0,0,0,0,0,0,0,-20000,0,0,0,0,20000,-20000,-20000
3024,憶聲            ,8000,28000,-20000,0,0,0,0,0,0,0,0,0,0,0,0,0,-20000
6706,惠特            ,74000,93000,-19000,0,0,0,0,0,0,-1000,0,1000,-1000,0,0,0,-20000
058041,FBVIX元大98購02 ,0,0,0,0,0,0,0,0,0,-21000,0,0,0,0,21000,-21000,-21000
056557,世紀鋼凱基98購02,0,0,0,0,0,0,0,0,0,-21000,0,0,0,0,21000,-21000,-21000
060437,宏全永豐9A購01  ,0,0,0,0,0,0,0,0,0,-21000,0,0,0,25000,46000,-21000,-21000
060201,台表科元富9A購01,0,0,0,0,0,0,0,0,0,-21000,0,0,0,25000,46000,-21000,-21000
060341,國巨統一9C購02  ,0,0,0,0,0,0,0,0,0,-21000,0,0,0,242000,263000,-21000,-21000
056160,智易凱基97購03  ,0,0,0,0,0,0,0,0,0,-21000,0,0,0,0,21000,-21000,-21000
058532,禾伸堂元富99購01,0,0,0,0,0,0,0,0,0,-21000,0,0,0,52000,73000,-21000,-21000
052117,鴻海國票96購03  ,0,0,0,0,0,0,0,0,0,-21000,0,0,0,0,21000,-21000,-21000
055808,世紀鋼永豐97購01,0,0,0,0,0,0,0,0,0,-21000,0,0,0,20000,41000,-21000,-21000
054384,瀚宇博群益96購02,0,0,0,0,0,0,0,0,0,-21000,0,0,0,36000,57000,-21000,-21000
055381,茂林元大97購02  ,0,0,0,0,0,0,0,0,0,-21000,0,0,0,1000,22000,-21000,-21000
8462,柏文            ,9000,30000,-21000,0,0,0,0,0,0,0,0,0,0,0,0,0,-21000
06337P,祥碩元大97售05  ,0,0,0,0,0,0,0,0,0,-21000,0,0,0,538000,559000,-21000,-21000
07084P,S&P正2元富9B售02,0,0,0,0,0,0,0,0,0,-21000,0,0,0,0,21000,-21000,-21000
07220P,台灣50中信03售05,0,0,0,0,0,0,0,0,0,-21000,0,0,0,0,21000,-21000,-21000
060088,國巨元大99購30  ,0,0,0,0,0,0,0,0,0,-21000,0,0,0,143000,164000,-21000,-21000
2415,錩新            ,1000,23000,-22000,0,0,0,0,0,0,1000,1000,0,1000,0,0,0,-21000
057388,奇鋐永豐98購02  ,0,0,0,0,0,0,0,0,0,-22000,0,0,0,68000,90000,-22000,-22000
059454,亞光永豐99購01  ,0,0,0,0,0,0,0,0,0,-22000,0,0,0,3000,25000,-22000,-22000
058654,鴻海中信03購01  ,0,0,0,0,0,0,0,0,0,-22000,0,0,0,0,22000,-22000,-22000
058630,日月光國票9A購01,0,0,0,0,0,0,0,0,0,-22000,0,0,0,18000,40000,-22000,-22000
056529,中環凱基98購01  ,0,0,0,0,0,0,0,0,0,-22000,0,0,0,21000,43000,-22000,-22000
057674,台郡元大99購03  ,0,0,0,0,0,0,0,0,0,-22000,0,0,0,0,22000,-22000,-22000
059405,台灣50國票01購01,0,0,0,0,0,0,0,0,0,-22000,0,0,0,1000,23000,-22000,-22000
058957,貿聯國票9A購01  ,0,0,0,0,0,0,0,0,0,-22000,0,0,0,66000,88000,-22000,-22000
054213,欣興國票97購04  ,0,0,0,0,0,0,0,0,0,-22000,0,0,0,28000,50000,-22000,-22000
054921,文曄凱基97購01  ,0,0,0,0,0,0,0,0,0,-22000,0,0,0,0,22000,-22000,-22000
054017,茂林永豐96購02  ,0,0,0,0,0,0,0,0,0,-22000,0,0,0,6000,28000,-22000,-22000
055557,華新科凱基97購01,0,0,0,0,0,0,0,0,0,-22000,0,0,0,6000,28000,-22000,-22000
051540,力成國票95購01  ,0,0,0,0,0,0,0,0,0,-22000,0,0,0,0,22000,-22000,-22000
051406,泰鼎永豐96購01  ,0,0,0,0,0,0,0,0,0,-22000,0,0,0,11000,33000,-22000,-22000
2428,興勤            ,36000,44000,-8000,0,0,0,0,0,0,-14000,6000,19000,-13000,0,1000,-1000,-22000
07385P,緯穎群益99售04  ,0,0,0,0,0,0,0,0,0,-22000,0,0,0,0,22000,-22000,-22000
060183,南亞科元富9A購01,0,0,0,0,0,0,0,0,0,-22000,0,0,0,12000,34000,-22000,-22000
8367,建新國際        ,0,13000,-13000,0,0,0,0,0,0,-9000,1000,10000,-9000,0,0,0,-22000
9911,櫻花            ,115000,143000,-28000,0,0,0,0,0,0,6000,8000,2000,6000,0,0,0,-22000
9924,福興            ,2000,25000,-23000,0,0,0,0,0,0,1000,1000,0,1000,0,0,0,-22000
3532,台勝科          ,68000,84000,-16000,0,0,0,0,0,0,-6000,2000,10000,-8000,2000,0,2000,-22000
058915,SGBR2X元富99購01,0,0,0,0,0,0,0,0,0,-23000,0,0,0,31000,54000,-23000,-23000
050648,全新凱基96購01  ,0,0,0,0,0,0,0,0,0,-23000,0,0,0,38000,61000,-23000,-23000
053340,建準國票97購01  ,0,0,0,0,0,0,0,0,0,-23000,0,0,0,0,23000,-23000,-23000
2608,嘉里大榮        ,15000,36000,-21000,0,0,0,0,0,0,-2000,2000,4000,-2000,0,0,0,-23000
6108,競國            ,14000,37000,-23000,0,0,0,0,0,0,0,0,0,0,0,0,0,-23000
07140P,台灣50日盛99售01,0,0,0,0,0,0,0,0,0,-23000,0,0,0,237000,260000,-23000,-23000
07536P,華新科元富9A售04,0,0,0,0,0,0,0,0,0,-23000,0,0,0,0,23000,-23000,-23000
2464,盟立            ,42000,66000,-24000,0,0,0,0,0,0,1000,1000,0,1000,0,0,0,-23000
058912,祥碩元大99購01  ,0,0,0,0,0,0,0,0,0,-24000,0,0,0,185000,209000,-24000,-24000
058812,台積電統一9B購06,0,0,0,0,0,0,0,0,0,-24000,0,0,0,98000,122000,-24000,-24000
056611,國巨永豐98購03  ,0,0,0,0,0,0,0,0,0,-24000,0,0,0,157000,181000,-24000,-24000
058752,鈺齊凱基9A購01  ,0,0,0,0,0,0,0,0,0,-24000,0,0,0,17000,41000,-24000,-24000
060400,南電國票9A購03  ,0,0,0,0,0,0,0,0,0,-24000,0,0,0,86000,110000,-24000,-24000
050615,奇力新元大95購03,0,0,0,0,0,0,0,0,0,-24000,0,0,0,30000,54000,-24000,-24000
050904,臺股指元大95購11,0,0,0,0,0,0,0,0,0,-24000,0,0,0,0,24000,-24000,-24000
04840P,大立光元大94售18,0,0,0,0,0,0,0,0,0,-24000,0,0,0,58000,82000,-24000,-24000
07129P,華新科元大99售14,0,0,0,0,0,0,0,0,0,-24000,0,0,0,52000,76000,-24000,-24000
060076,台灣50台新9B購05,0,0,0,0,0,0,0,0,0,-24000,0,0,0,0,24000,-24000,-24000
060172,智原台新9A購01  ,0,0,0,0,0,0,0,0,0,-24000,0,0,0,0,24000,-24000,-24000
060623,玉晶光元大9C購01,0,0,0,0,0,0,0,0,0,-24000,0,0,0,0,24000,-24000,-24000
060395,儒鴻國票9A購01  ,0,0,0,0,0,0,0,0,0,-25000,0,0,0,0,25000,-25000,-25000
060122,亞德客永豐99購02,0,0,0,0,0,0,0,0,0,-25000,0,0,0,22000,47000,-25000,-25000
05660P,玉晶光第一96售01,0,0,0,0,0,0,0,0,0,-25000,0,0,0,30000,55000,-25000,-25000
056651,聯茂凱基98購04  ,0,0,0,0,0,0,0,0,0,-25000,0,0,0,2000,27000,-25000,-25000
060445,S&P反1元大9A購04,0,0,0,0,0,0,0,0,0,-25000,0,0,0,15000,40000,-25000,-25000
060483,友達富邦9A購01  ,0,0,0,0,0,0,0,0,0,-25000,0,0,0,156000,181000,-25000,-25000
058647,華新科永豐99購03,0,0,0,0,0,0,0,0,0,-25000,0,0,0,3000,28000,-25000,-25000
059570,全新凱基99購04  ,0,0,0,0,0,0,0,0,0,-25000,0,0,0,0,25000,-25000,-25000
059474,元石油群益99購01,0,0,0,0,0,0,0,0,0,-25000,0,0,0,42000,67000,-25000,-25000
058956,健策國票9A購02  ,0,0,0,0,0,0,0,0,0,-25000,0,0,0,42000,67000,-25000,-25000
057946,晶相光國票99購01,0,0,0,0,0,0,0,0,0,-25000,0,0,0,0,25000,-25000,-25000
059240,台積電凱基9A購09,0,0,0,0,0,0,0,0,0,-25000,0,0,0,60000,85000,-25000,-25000
048533,景碩國票94購01  ,0,0,0,0,0,0,0,0,0,-25000,0,0,0,0,25000,-25000,-25000
052077,可成元富98購02  ,0,0,0,0,0,0,0,0,0,-25000,0,0,0,20000,45000,-25000,-25000
055587,智邦元大97購02  ,0,0,0,0,0,0,0,0,0,-25000,0,0,0,0,25000,-25000,-25000
054371,台積電中信9C購01,0,0,0,0,0,0,0,0,0,-25000,0,0,0,0,25000,-25000,-25000
059850,日電貿永豐99購01,0,0,0,0,0,0,0,0,0,-25000,0,0,0,17000,42000,-25000,-25000
060533,臺股指中信9B購05,0,0,0,0,0,0,0,0,0,-25000,0,0,0,0,25000,-25000,-25000
07537P,玉晶光元富9A售04,0,0,0,0,0,0,0,0,0,-25000,0,0,0,0,25000,-25000,-25000
06748P,智邦台新98售02  ,0,0,0,0,0,0,0,0,0,-25000,0,0,0,0,25000,-25000,-25000
5269,祥碩            ,148000,72000,76000,0,0,0,93000,195000,-102000,1000,26000,26000,0,14000,13000,1000,-25000
6115,鎰勝            ,5000,26000,-21000,0,0,0,0,0,0,-4000,0,4000,-4000,0,0,0,-25000
4961,天鈺            ,55000,80000,-25000,0,0,0,0,0,0,0,0,0,0,0,0,0,-25000
056850,彩晶元富99購01  ,0,0,0,0,0,0,0,0,0,-26000,0,0,0,226000,252000,-26000,-26000
057147,新日興國票99購01,0,0,0,0,0,0,0,0,0,-26000,0,0,0,38000,64000,-26000,-26000
057587,微星國票99購01  ,0,0,0,0,0,0,0,0,0,-26000,0,0,0,48000,74000,-26000,-26000
059069,臺指反元大9C購01,0,0,0,0,0,0,0,0,0,-26000,0,0,0,118000,144000,-26000,-26000
059072,元油2X元大9C購13,0,0,0,0,0,0,0,0,0,-26000,0,0,0,21000,47000,-26000,-26000
057491,美食元大98購03  ,0,0,0,0,0,0,0,0,0,-26000,0,0,0,29000,55000,-26000,-26000
056408,奇鋐國票99購01  ,0,0,0,0,0,0,0,0,0,-26000,0,0,0,0,26000,-26000,-26000
060373,元金2X元富9A購01,0,0,0,0,0,0,0,0,0,-26000,0,0,0,8000,34000,-26000,-26000
060338,鴻海統一9C購02  ,0,0,0,0,0,0,0,0,0,-26000,0,0,0,0,26000,-26000,-26000
060221,大立光凱基9A購07,0,0,0,0,0,0,0,0,0,-26000,0,0,0,22000,48000,-26000,-26000
059922,大立光元大99購25,0,0,0,0,0,0,0,0,0,-26000,0,0,0,42000,68000,-26000,-26000
053123,京元電凱基96購01,0,0,0,0,0,0,0,0,0,-26000,0,0,0,4000,30000,-26000,-26000
052231,景碩凱基96購01  ,0,0,0,0,0,0,0,0,0,-26000,0,0,0,0,26000,-26000,-26000
04604P,華新科國票95售01,0,0,0,0,0,0,0,0,0,-26000,0,0,0,19000,45000,-26000,-26000
051721,玉晶光永豐96購02,0,0,0,0,0,0,0,0,0,-26000,0,0,0,23000,49000,-26000,-26000
00830,國泰費城半導體  ,5000,5000,0,0,0,0,0,0,0,-26000,168000,0,168000,0,194000,-194000,-26000
06680P,智邦元大98售06  ,0,0,0,0,0,0,0,0,0,-26000,0,0,0,0,26000,-26000,-26000
06068P,玉晶光康和97售01,0,0,0,0,0,0,0,0,0,-26000,0,0,0,175000,201000,-26000,-26000
07343P,高鐵康和99售01  ,0,0,0,0,0,0,0,0,0,-26000,0,0,0,0,26000,-26000,-26000
060110,茂林元大99購06  ,0,0,0,0,0,0,0,0,0,-26000,0,0,0,0,26000,-26000,-26000
060051,台積電凱基9B購01,0,0,0,0,0,0,0,0,0,-26000,0,0,0,5000,31000,-26000,-26000
056509,晶相光永豐98購01,0,0,0,0,0,0,0,0,0,-27000,0,0,0,57000,84000,-27000,-27000
058535,玉晶光統一9A購06,0,0,0,0,0,0,0,0,0,-27000,0,0,0,109000,136000,-27000,-27000
058496,文曄群益99購01  ,0,0,0,0,0,0,0,0,0,-27000,0,0,0,0,27000,-27000,-27000
059372,台灣50群益99購02,0,0,0,0,0,0,0,0,0,-27000,0,0,0,0,27000,-27000,-27000
057260,微星兆豐98購01  ,0,0,0,0,0,0,0,0,0,-27000,0,0,0,0,27000,-27000,-27000
00728,第一金工業30    ,0,0,0,0,0,0,0,0,0,-27000,0,0,0,408000,435000,-27000,-27000
00645,富邦日本        ,0,0,0,0,0,0,0,0,0,-27000,0,0,0,61000,88000,-27000,-27000
050212,瀚宇博國票95購02,0,0,0,0,0,0,0,0,0,-27000,0,0,0,0,27000,-27000,-27000
053973,晶豪科元大96購01,0,0,0,0,0,0,0,0,0,-27000,0,0,0,138000,165000,-27000,-27000
055715,智邦元大97購04  ,0,0,0,0,0,0,0,0,0,-27000,0,0,0,2000,29000,-27000,-27000
053289,臺股指元大96購17,0,0,0,0,0,0,0,0,0,-27000,0,0,0,2000,29000,-27000,-27000
054050,創意元大96購06  ,0,0,0,0,0,0,0,0,0,-27000,0,0,0,24000,51000,-27000,-27000
053611,聯茂麥證96購01  ,0,0,0,14000,40000,-26000,0,0,0,-27000,0,0,0,14000,41000,-27000,-27000
053642,瀚宇博永豐96購01,0,0,0,0,0,0,0,0,0,-27000,0,0,0,49000,76000,-27000,-27000
060558,億豐凱基9A購01  ,0,0,0,0,0,0,0,0,0,-27000,0,0,0,0,27000,-27000,-27000
1417,嘉裕            ,54000,81000,-27000,0,0,0,0,0,0,0,0,0,0,0,0,0,-27000
4763,材料-KY         ,0,24000,-24000,0,0,0,0,0,0,-3000,3000,6000,-3000,0,0,0,-27000
3583,辛耘            ,20000,47000,-27000,0,0,0,0,0,0,0,0,0,0,0,0,0,-27000
059323,新日興元大99購02,0,0,0,0,0,0,0,0,0,-28000,0,0,0,10000,38000,-28000,-28000
059280,台灣50永豐99購06,0,0,0,0,0,0,0,0,0,-28000,0,0,0,0,28000,-28000,-28000
057779,禾伸堂群益98購02,0,0,0,0,0,0,0,0,0,-28000,0,0,0,0,28000,-28000,-28000
059023,可成統一9B購02  ,0,0,0,0,0,0,0,0,0,-28000,0,0,0,23000,51000,-28000,-28000
058833,台表科永豐99購01,0,0,0,0,0,0,0,0,0,-28000,0,0,0,0,28000,-28000,-28000
059075,FBVIX元大99購01 ,0,0,0,0,0,0,0,0,0,-28000,0,0,0,0,28000,-28000,-28000
057632,傳奇永豐98購01  ,0,0,0,0,0,0,0,0,0,-28000,0,0,0,35000,63000,-28000,-28000
059114,華新科永豐99購05,0,0,0,0,0,0,0,0,0,-28000,0,0,0,12000,40000,-28000,-28000
060452,儒鴻元大9A購01  ,0,0,0,0,0,0,0,0,0,-28000,0,0,0,0,28000,-28000,-28000
054936,鴻海元大97購10  ,0,0,0,0,0,0,0,0,0,-28000,0,0,0,0,28000,-28000,-28000
054866,宏盛群益98購01  ,0,0,0,0,0,0,0,0,0,-28000,0,0,0,0,28000,-28000,-28000
055584,國巨元大97購11  ,0,0,0,0,0,0,0,0,0,-28000,0,0,0,36000,64000,-28000,-28000
040761,T50反1凱基95購02,0,0,0,0,0,0,0,0,0,-28000,0,0,0,0,28000,-28000,-28000
049600,緯穎元大95購02  ,0,0,0,0,0,0,0,0,0,-28000,0,0,0,0,28000,-28000,-28000
04929P,同欣電凱基95售01,0,0,0,0,0,0,0,0,0,-28000,0,0,0,0,28000,-28000,-28000
3702,大聯大          ,504000,551000,-47000,0,0,0,65000,0,65000,-46000,51000,99000,-48000,2000,0,2000,-28000
06728P,全新元大98售03  ,0,0,0,0,0,0,0,0,0,-28000,0,0,0,33000,61000,-28000,-28000
2206,三陽工業        ,123000,153000,-30000,0,0,0,0,0,0,2000,4000,2000,2000,0,0,0,-28000
056459,茂林凱基99購01  ,0,0,0,0,0,0,0,0,0,-29000,0,0,0,11000,40000,-29000,-29000
060266,潤泰全國票9A購01,0,0,0,0,0,0,0,0,0,-29000,0,0,0,0,29000,-29000,-29000
057936,健策群益99購01  ,0,0,0,0,0,0,0,0,0,-29000,0,0,0,17000,46000,-29000,-29000
03033X,元展30          ,0,0,0,0,0,0,0,0,0,-29000,0,0,0,1000,30000,-29000,-29000
055075,南電永豐97購01  ,0,0,0,0,0,0,0,0,0,-29000,0,0,0,37000,66000,-29000,-29000
059764,健策永豐99購04  ,0,0,0,0,0,0,0,0,0,-29000,0,0,0,78000,107000,-29000,-29000
1101B,台泥乙特        ,0,0,0,0,0,0,0,0,0,-29000,1000,30000,-29000,0,0,0,-29000
5706,鳳凰            ,3000,32000,-29000,0,0,0,0,0,0,0,0,0,0,0,0,0,-29000
6452,康友-KY         ,43000,58000,-15000,0,0,0,0,0,0,-14000,0,3000,-3000,0,11000,-11000,-29000
057973,神達富邦9A購01  ,0,0,0,0,0,0,0,0,0,-30000,0,0,0,0,30000,-30000,-30000
057979,華新科永豐98購03,0,0,0,0,0,0,0,0,0,-30000,0,0,0,0,30000,-30000,-30000
05880P,創意康和96售01  ,0,0,0,0,0,0,0,0,0,-30000,0,0,0,0,30000,-30000,-30000
058235,大立光元大99購08,0,0,0,0,0,0,0,0,0,-30000,0,0,0,0,30000,-30000,-30000
056968,揚明光永豐98購02,0,0,0,0,0,0,0,0,0,-30000,0,0,0,0,30000,-30000,-30000
058095,昇陽半元大98購03,0,0,0,0,0,0,0,0,0,-30000,0,0,0,0,30000,-30000,-30000
058310,大立光元大99購10,0,0,0,0,0,0,0,0,0,-30000,0,0,0,10000,40000,-30000,-30000
060247,牧德元大9A購02  ,0,0,0,0,0,0,0,0,0,-30000,0,0,0,5000,35000,-30000,-30000
056604,鴻海富邦9A購01  ,0,0,0,0,0,0,0,0,0,-30000,0,0,0,0,30000,-30000,-30000
06042P,華新科永豐96售04,0,0,0,0,0,0,0,0,0,-30000,0,0,0,331000,361000,-30000,-30000
056745,聯茂凱基99購03  ,0,0,0,0,0,0,0,0,0,-30000,0,0,0,0,30000,-30000,-30000
059095,訊芯元大99購01  ,0,0,0,0,0,0,0,0,0,-30000,0,0,0,0,30000,-30000,-30000
058537,彩晶統一9B購01  ,0,0,0,0,0,0,0,0,0,-30000,0,0,0,0,30000,-30000,-30000
055041,致新富邦97購01  ,0,0,0,0,0,0,0,0,0,-30000,0,0,0,0,30000,-30000,-30000
055215,智邦凱基98購02  ,0,0,0,0,0,0,0,0,0,-30000,0,0,0,0,30000,-30000,-30000
055216,友達凱基98購05  ,0,0,0,0,0,0,0,0,0,-30000,0,0,0,39000,69000,-30000,-30000
054123,易華電永豐96購03,0,0,0,0,0,0,0,0,0,-30000,0,0,0,0,30000,-30000,-30000
05583P,訊芯凱基96售01  ,0,0,0,0,0,0,0,0,0,-30000,0,0,0,0,30000,-30000,-30000
055909,大成鋼凱基98購02,0,0,0,0,0,0,0,0,0,-30000,0,0,0,50000,80000,-30000,-30000
053432,世紀鋼永豐96購02,0,0,0,0,0,0,0,0,0,-30000,0,0,0,0,30000,-30000,-30000
00711B,FH彭博新興債    ,48000,0,48000,0,0,0,0,0,0,-78000,0,0,0,101000,179000,-78000,-30000
048847,A50群益98購01   ,0,0,0,0,0,0,0,0,0,-30000,0,0,0,0,30000,-30000,-30000
042168,台灣50凱基96購01,0,0,0,0,0,0,0,0,0,-30000,0,0,0,0,30000,-30000,-30000
045842,T50反1台新98購01,0,0,0,0,0,0,0,0,0,-30000,0,0,0,0,30000,-30000,-30000
055671,世紀鋼群益97購01,0,0,0,0,0,0,0,0,0,-30000,0,0,0,0,30000,-30000,-30000
051529,東元國票96購01  ,0,0,0,0,0,0,0,0,0,-30000,0,0,0,0,30000,-30000,-30000
04978P,台表科凱基94售02,0,0,0,0,0,0,0,0,0,-30000,0,0,0,0,30000,-30000,-30000
8271,宇瞻            ,146000,122000,24000,0,0,0,0,0,0,-54000,3000,57000,-54000,0,0,0,-30000
4555,氣立            ,1000,31000,-30000,0,0,0,0,0,0,0,0,0,0,0,0,0,-30000
07544P,大立光凱基9A售09,0,0,0,0,0,0,0,0,0,-30000,0,0,0,0,30000,-30000,-30000
07521P,台積電中信01售05,0,0,0,0,0,0,0,0,0,-30000,0,0,0,0,30000,-30000,-30000
07506P,中租元大9A售01  ,0,0,0,0,0,0,0,0,0,-30000,0,0,0,8000,38000,-30000,-30000
060563,智邦富邦9A購01  ,0,0,0,0,0,0,0,0,0,-30000,0,0,0,0,30000,-30000,-30000
060545,台積電凱基9B購02,0,0,0,0,0,0,0,0,0,-30000,0,0,0,0,30000,-30000,-30000
07347P,上証2X凱基99售02,0,0,0,0,0,0,0,0,0,-30000,0,0,0,0,30000,-30000,-30000
07309P,聯發科凱基99售18,0,0,0,0,0,0,0,0,0,-30000,0,0,0,10000,40000,-30000,-30000
060514,南電元大9A購02  ,0,0,0,0,0,0,0,0,0,-30000,0,0,0,5000,35000,-30000,-30000
06514P,國巨凱基98售05  ,0,0,0,0,0,0,0,0,0,-30000,0,0,0,0,30000,-30000,-30000
060599,國巨凱基9C購01  ,0,0,0,0,0,0,0,0,0,-30000,0,0,0,300000,330000,-30000,-30000
060611,同欣電凱基9A購02,0,0,0,0,0,0,0,0,0,-30000,0,0,0,11000,41000,-30000,-30000
060070,國巨元富99購02  ,0,0,0,0,0,0,0,0,0,-30000,0,0,0,78000,108000,-30000,-30000
06017P,亞光凱基96售04  ,0,0,0,0,0,0,0,0,0,-30000,0,0,0,0,30000,-30000,-30000
057390,台表科永豐98購01,0,0,0,0,0,0,0,0,0,-31000,0,0,0,0,31000,-31000,-31000
060149,元金2X富邦04購01,0,0,0,0,0,0,0,0,0,-31000,0,0,0,0,31000,-31000,-31000
057842,緯穎富邦99購02  ,0,0,0,0,0,0,0,0,0,-31000,0,0,0,0,31000,-31000,-31000
059901,滬深2X元大9C購07,0,0,0,0,0,0,0,0,0,-31000,0,0,0,0,31000,-31000,-31000
05445P,聯詠元大95售05  ,0,0,0,0,0,0,0,0,0,-31000,0,0,0,0,31000,-31000,-31000
06593P,欣興元大98售05  ,0,0,0,0,0,0,0,0,0,-31000,0,0,0,69000,100000,-31000,-31000
060530,聯發科中信9C購03,0,0,0,0,0,0,0,0,0,-31000,0,0,0,0,31000,-31000,-31000
060528,友達中信9C購01  ,0,0,0,0,0,0,0,0,0,-31000,0,0,0,56000,87000,-31000,-31000
07538P,玉晶光元富9A售05,0,0,0,0,0,0,0,0,0,-31000,0,0,0,0,31000,-31000,-31000
07481P,大立光台新9A售01,0,0,0,0,0,0,0,0,0,-31000,0,0,0,34000,65000,-31000,-31000
2488,漢平            ,23000,54000,-31000,0,0,0,0,0,0,0,0,0,0,0,0,0,-31000
3022,威強電          ,29000,58000,-29000,0,0,0,0,0,0,-2000,0,2000,-2000,0,0,0,-31000
9136,巨騰-DR         ,0,31000,-31000,0,0,0,0,0,0,0,0,0,0,0,0,0,-31000
059370,玉晶光元富99購02,0,0,0,0,0,0,0,0,0,-32000,0,0,0,121000,153000,-32000,-32000
059397,T50反1元富99購05,0,0,0,0,0,0,0,0,0,-32000,0,0,0,84000,116000,-32000,-32000
059051,和大凱基9A購01  ,0,0,0,0,0,0,0,0,0,-32000,0,0,0,40000,72000,-32000,-32000
058293,光寶科凱基9A購01,0,0,0,0,0,0,0,0,0,-32000,0,0,0,51000,83000,-32000,-32000
056963,建準永豐98購01  ,0,0,0,0,0,0,0,0,0,-32000,0,0,0,14000,46000,-32000,-32000
058238,奇鋐元大99購02  ,0,0,0,0,0,0,0,0,0,-32000,0,0,0,67000,99000,-32000,-32000
052667,漢唐群益96購01  ,0,0,0,0,0,0,0,0,0,-32000,0,0,0,0,32000,-32000,-32000
05424P,台達電亞東96售02,0,0,0,0,0,0,0,0,0,-32000,0,0,0,0,32000,-32000,-32000
054250,漢唐元大96購04  ,0,0,0,0,0,0,0,0,0,-32000,0,0,0,0,32000,-32000,-32000
053570,京元電統一96購01,0,0,0,0,0,0,0,0,0,-32000,0,0,0,107000,139000,-32000,-32000
053947,義隆富邦97購01  ,0,0,0,0,0,0,0,0,0,-32000,0,0,0,38000,70000,-32000,-32000
8021,尖點            ,32000,66000,-34000,0,0,0,0,0,0,2000,6000,4000,2000,0,0,0,-32000
3059,華晶科          ,78000,111000,-33000,0,0,0,0,0,0,1000,2000,1000,1000,0,0,0,-32000
07494P,葡萄王元大9A售03,0,0,0,0,0,0,0,0,0,-32000,0,0,0,62000,94000,-32000,-32000
060538,S&P反1凱基9A購01,0,0,0,0,0,0,0,0,0,-32000,0,0,0,10000,42000,-32000,-32000
060645,台表科永豐9A購02,0,0,0,0,0,0,0,0,0,-32000,0,0,0,0,32000,-32000,-32000
060583,南亞科元富9A購05,0,0,0,0,0,0,0,0,0,-32000,0,0,0,0,32000,-32000,-32000
06934P,聯鈞元大98售03  ,0,0,0,0,0,0,0,0,0,-32000,0,0,0,16000,48000,-32000,-32000
059675,大立光元富99購08,0,0,0,0,0,0,0,0,0,-33000,0,0,0,184000,217000,-33000,-33000
059450,和大永豐99購01  ,0,0,0,0,0,0,0,0,0,-33000,0,0,0,6000,39000,-33000,-33000
059473,T50反1群益99購03,0,0,0,0,0,0,0,0,0,-33000,0,0,0,67000,100000,-33000,-33000
057468,台郡永豐98購01  ,0,0,0,0,0,0,0,0,0,-33000,0,0,0,0,33000,-33000,-33000
051603,深中小群益99購03,0,0,0,0,0,0,0,0,0,-33000,0,0,0,1000,34000,-33000,-33000
05517P,臻鼎元大96售01  ,0,0,0,0,0,0,0,0,0,-33000,0,0,0,0,33000,-33000,-33000
059960,健策國票99購01  ,0,0,0,0,0,0,0,0,0,-33000,0,0,0,91000,124000,-33000,-33000
059847,喬山永豐99購01  ,0,0,0,0,0,0,0,0,0,-33000,0,0,0,0,33000,-33000,-33000
07290P,台灣50凱基9A售08,0,0,0,0,0,0,0,0,0,-33000,0,0,0,0,33000,-33000,-33000
07541P,國巨凱基9A售12  ,0,0,0,0,0,0,0,0,0,-33000,0,0,0,0,33000,-33000,-33000
07410P,鴻海元大99售44  ,0,0,0,0,0,0,0,0,0,-33000,0,0,0,7000,40000,-33000,-33000
2022,聚亨            ,0,30000,-30000,0,0,0,0,0,0,-3000,0,3000,-3000,0,0,0,-33000
3010,華立            ,46000,79000,-33000,0,0,0,0,0,0,0,1000,1000,0,0,0,0,-33000
8261,富鼎            ,30000,63000,-33000,0,0,0,0,0,0,0,0,0,0,0,0,0,-33000
060265,宏達電國票9A購02,0,0,0,0,0,0,0,0,0,-34000,0,0,0,6000,40000,-34000,-34000
6698,旭暉應材        ,24000,86000,-62000,0,0,0,8000,0,8000,20000,20000,0,20000,0,0,0,-34000
06681P,致茂元大98售02  ,0,0,0,0,0,0,0,0,0,-34000,0,0,0,2000,36000,-34000,-34000
060060,台積電兆豐99購05,0,0,0,0,0,0,0,0,0,-34000,0,0,0,16000,50000,-34000,-34000
07174P,臺股指國票99售11,0,0,0,0,0,0,0,0,0,-34000,0,0,0,70000,104000,-34000,-34000
060184,建準元富9A購01  ,0,0,0,0,0,0,0,0,0,-34000,0,0,0,46000,80000,-34000,-34000
060531,大立光中信9A購04,0,0,0,0,0,0,0,0,0,-34000,0,0,0,0,34000,-34000,-34000
060467,神基元大9A購01  ,0,0,0,0,0,0,0,0,0,-35000,0,0,0,0,35000,-35000,-35000
059612,奇鋐永豐99購02  ,0,0,0,0,0,0,0,0,0,-35000,0,0,0,172000,207000,-35000,-35000
056038,可成凱基97購01  ,0,0,0,0,0,0,0,0,0,-35000,0,0,0,0,35000,-35000,-35000
05764P,世紀鋼永豐96售03,0,0,0,0,0,0,0,0,0,-35000,0,0,0,0,35000,-35000,-35000
058605,華邦電元大99購04,0,0,0,0,0,0,0,0,0,-35000,0,0,0,33000,68000,-35000,-35000
058081,技嘉群益9A購03  ,0,0,0,0,0,0,0,0,0,-35000,0,0,0,25000,60000,-35000,-35000
057662,上銀元大9A購01  ,0,0,0,0,0,0,0,0,0,-35000,0,0,0,24000,59000,-35000,-35000
059721,旺宏元大99購16  ,0,0,0,0,0,0,0,0,0,-35000,0,0,0,0,35000,-35000,-35000
055196,致新元富97購01  ,0,0,0,0,0,0,0,0,0,-35000,0,0,0,135000,170000,-35000,-35000
054416,禾伸堂元大97購01,0,0,0,0,0,0,0,0,0,-35000,0,0,0,12000,47000,-35000,-35000
053312,緯穎凱基96購02  ,0,0,0,0,0,0,0,0,0,-35000,0,0,0,1000,36000,-35000,-35000
055856,新唐元大97購03  ,0,0,0,0,0,0,0,0,0,-35000,0,0,0,0,35000,-35000,-35000
054158,國巨日盛99購01  ,0,0,0,0,0,0,0,0,0,-35000,0,0,0,30000,65000,-35000,-35000
053900,T50反1日盛99購01,0,0,0,0,0,0,0,0,0,-35000,0,0,0,63000,98000,-35000,-35000
05565P,鎧勝元大96售01  ,0,0,0,0,0,0,0,0,0,-35000,0,0,0,10000,45000,-35000,-35000
051236,鴻海元大96購05  ,0,0,0,0,0,0,0,0,0,-35000,0,0,0,0,35000,-35000,-35000
044963,台積電中信96購01,0,0,0,0,0,0,0,0,0,-35000,0,0,0,0,35000,-35000,-35000
052056,緯穎凱基95購04  ,0,0,0,0,0,0,0,0,0,-35000,0,0,0,12000,47000,-35000,-35000
07294P,滬深2X元富9C售08,0,0,0,0,0,0,0,0,0,-35000,0,0,0,110000,145000,-35000,-35000
060167,禾聯碩永豐9A購01,0,0,0,0,0,0,0,0,0,-35000,0,0,0,0,35000,-35000,-35000
060045,嘉晶群益99購02  ,0,0,0,0,0,0,0,0,0,-35000,0,0,0,3000,38000,-35000,-35000
060057,欣興凱基9B購01  ,0,0,0,0,0,0,0,0,0,-35000,0,0,0,5000,40000,-35000,-35000
059695,聯鈞永豐99購02  ,0,0,0,0,0,0,0,0,0,-36000,0,0,0,46000,82000,-36000,-36000
059317,台積電元大99購34,0,0,0,0,0,0,0,0,0,-36000,0,0,0,316000,352000,-36000,-36000
057232,京元電凱基98購02,0,0,0,0,0,0,0,0,0,-36000,0,0,0,0,36000,-36000,-36000
057228,友達凱基9B購01  ,0,0,0,0,0,0,0,0,0,-36000,0,0,0,21000,57000,-36000,-36000
060375,葡萄王元富9A購01,0,0,0,0,0,0,0,0,0,-36000,0,0,0,14000,50000,-36000,-36000
060024,T50反1國泰9B購02,0,0,0,0,0,0,0,0,0,-36000,0,0,0,4000,40000,-36000,-36000
053151,華新科元大96購04,0,0,0,0,0,0,0,0,0,-36000,0,0,0,64000,100000,-36000,-36000
054943,群光元大97購01  ,0,0,0,0,0,0,0,0,0,-36000,0,0,0,34000,70000,-36000,-36000
059129,麗豐中信99購01  ,0,0,0,0,0,0,0,0,0,-36000,0,0,0,18000,54000,-36000,-36000
6172,互億            ,13000,49000,-36000,0,0,0,0,0,0,0,0,0,0,0,0,0,-36000
8497,格威傳媒        ,18000,54000,-36000,0,0,0,0,0,0,0,0,0,0,0,0,0,-36000
2903,遠百            ,233000,238000,-5000,0,0,0,0,0,0,-31000,0,31000,-31000,0,0,0,-36000
060376,瑞祺元富9A購01  ,0,0,0,0,0,0,0,0,0,-37000,0,0,0,25000,62000,-37000,-37000
060450,南亞元大9A購02  ,0,0,0,0,0,0,0,0,0,-37000,0,0,0,0,37000,-37000,-37000
056916,台達電兆豐98購02,0,0,0,0,0,0,0,0,0,-37000,0,0,0,113000,150000,-37000,-37000
056267,文曄統一97購02  ,0,0,0,0,0,0,0,0,0,-37000,0,0,0,0,37000,-37000,-37000
052816,上銀永豐96購01  ,0,0,0,0,0,0,0,0,0,-37000,0,0,0,15000,52000,-37000,-37000
053595,創意元大96購02  ,0,0,0,0,0,0,0,0,0,-37000,0,0,0,10000,47000,-37000,-37000
055637,亞德客元富97購01,0,0,0,0,0,0,0,0,0,-37000,0,0,0,0,37000,-37000,-37000
055536,嘉聯益群益99購02,0,0,0,0,0,0,0,0,0,-37000,0,0,0,100000,137000,-37000,-37000
3060,銘異            ,23000,59000,-36000,0,0,0,0,0,0,-1000,0,1000,-1000,0,0,0,-37000
1103,嘉泥            ,110000,127000,-17000,0,0,0,0,0,0,-20000,0,20000,-20000,0,0,0,-37000
057276,全新元大99購03  ,0,0,0,0,0,0,0,0,0,-38000,0,0,0,42000,80000,-38000,-38000
058290,南電國票9A購01  ,0,0,0,0,0,0,0,0,0,-38000,0,0,0,2000,40000,-38000,-38000
056519,創意國票99購01  ,0,0,0,0,0,0,0,0,0,-38000,0,0,0,38000,76000,-38000,-38000
056567,瀚宇博群益98購02,0,0,0,0,0,0,0,0,0,-38000,0,0,0,0,38000,-38000,-38000
060017,全新康和99購01  ,0,0,0,0,0,0,0,0,0,-38000,0,0,0,0,38000,-38000,-38000
060231,台積電元大9A購08,0,0,0,0,0,0,0,0,0,-38000,0,0,0,0,38000,-38000,-38000
060227,和大元大9A購01  ,0,0,0,0,0,0,0,0,0,-38000,0,0,0,15000,53000,-38000,-38000
055938,矽力群益97購01  ,0,0,0,0,0,0,0,0,0,-38000,0,0,0,12000,50000,-38000,-38000
058676,聯茂群益99購01  ,0,0,0,0,0,0,0,0,0,-38000,0,0,0,0,38000,-38000,-38000
051637,嘉聯益國票96購01,0,0,0,0,0,0,0,0,0,-38000,0,0,0,0,38000,-38000,-38000
051638,聯茂國票96購01  ,0,0,0,0,0,0,0,0,0,-38000,0,0,0,0,38000,-38000,-38000
053958,京元電永豐96購01,0,0,0,0,0,0,0,0,0,-38000,0,0,0,35000,73000,-38000,-38000
050588,矽創國票95購01  ,0,0,0,0,0,0,0,0,0,-38000,0,0,0,38000,76000,-38000,-38000
049675,台光電國票95購01,0,0,0,0,0,0,0,0,0,-38000,0,0,0,0,38000,-38000,-38000
049224,致新國票95購01  ,0,0,0,0,0,0,0,0,0,-38000,0,0,0,0,38000,-38000,-38000
054080,微星中信98購01  ,0,0,0,0,0,0,0,0,0,-38000,0,0,0,0,38000,-38000,-38000
055318,華通國票98購01  ,0,0,0,0,0,0,0,0,0,-38000,0,0,0,38000,76000,-38000,-38000
055327,致新國票98購01  ,0,0,0,0,0,0,0,0,0,-38000,0,0,0,0,38000,-38000,-38000
05546P,全新元大97售01  ,0,0,0,0,0,0,0,0,0,-38000,0,0,0,196000,234000,-38000,-38000
059756,奇力新富邦9C購01,0,0,0,0,0,0,0,0,0,-38000,0,0,0,64000,102000,-38000,-38000
07512P,國巨元大9A售08  ,0,0,0,0,0,0,0,0,0,-38000,0,0,0,0,38000,-38000,-38000
07370P,南亞科凱基99售08,0,0,0,0,0,0,0,0,0,-38000,0,0,0,10000,48000,-38000,-38000
06765P,欣興元大98售11  ,0,0,0,0,0,0,0,0,0,-38000,0,0,0,3000,41000,-38000,-38000
06338P,亞德客統一97售02,0,0,0,0,0,0,0,0,0,-38000,0,0,0,509000,547000,-38000,-38000
5203,訊連            ,59000,80000,-21000,0,0,0,0,0,0,-17000,5000,5000,0,0,17000,-17000,-38000
058617,南電元大99購01  ,0,0,0,0,0,0,0,0,0,-39000,0,0,0,9000,48000,-39000,-39000
057407,超眾群益99購01  ,0,0,0,0,0,0,0,0,0,-39000,0,0,0,0,39000,-39000,-39000
059664,立積元大9C購01  ,0,0,0,0,0,0,0,0,0,-39000,0,0,0,0,39000,-39000,-39000
059298,大立光元富9C購02,0,0,0,0,0,0,0,0,0,-39000,0,0,0,78000,117000,-39000,-39000
058456,京鼎永豐99購01  ,0,0,0,0,0,0,0,0,0,-39000,0,0,0,135000,174000,-39000,-39000
059385,滬深2X凱基9C購03,0,0,0,0,0,0,0,0,0,-39000,0,0,0,1000,40000,-39000,-39000
05973P,聯詠元大96售06  ,0,0,0,0,0,0,0,0,0,-39000,0,0,0,0,39000,-39000,-39000
053003,國巨永豐96購02  ,0,0,0,0,0,0,0,0,0,-39000,0,0,0,0,39000,-39000,-39000
053337,聯電國票97購01  ,0,0,0,0,0,0,0,0,0,-39000,0,0,0,93000,132000,-39000,-39000
055093,京鼎群益98購01  ,0,0,0,0,0,0,0,0,0,-39000,0,0,0,11000,50000,-39000,-39000
051744,嘉聯益國票97購01,0,0,0,0,0,0,0,0,0,-39000,0,0,0,0,39000,-39000,-39000
03012X,元展12          ,0,0,0,0,0,0,0,0,0,-39000,0,0,0,0,39000,-39000,-39000
3518,柏騰            ,68000,107000,-39000,0,0,0,0,0,0,0,0,0,0,0,0,0,-39000
3035,智原            ,243000,292000,-49000,0,0,0,0,0,0,10000,12000,12000,0,11000,1000,10000,-39000
059046,滬深2X凱基9C購01,0,0,0,0,0,0,0,0,0,-40000,0,0,0,0,40000,-40000,-40000
058438,大立光統一9B購01,0,0,0,0,0,0,0,0,0,-40000,0,0,0,0,40000,-40000,-40000
058050,台郡元大99購05  ,0,0,0,0,0,0,0,0,0,-40000,0,0,0,20000,60000,-40000,-40000
058013,SP黃豆凱基9A購01,0,0,0,0,0,0,0,0,0,-40000,0,0,0,200000,240000,-40000,-40000
057717,友訊元富98購02  ,0,0,0,0,0,0,0,0,0,-40000,0,0,0,0,40000,-40000,-40000
057870,大立光凱基99購02,0,0,0,0,0,0,0,0,0,-40000,0,0,0,0,40000,-40000,-40000
056794,上銀麥證98購01  ,0,0,0,0,40000,-40000,0,0,0,-40000,0,0,0,0,40000,-40000,-40000
059688,燿華永豐99購01  ,0,0,0,0,0,0,0,0,0,-40000,0,0,0,10000,50000,-40000,-40000
059710,上証2X元大9C購02,0,0,0,0,0,0,0,0,0,-40000,0,0,0,0,40000,-40000,-40000
056851,瑞儀元富98購01  ,0,0,0,0,0,0,0,0,0,-40000,0,0,0,338000,378000,-40000,-40000
058129,國巨元大99購10  ,0,0,0,0,0,0,0,0,0,-40000,0,0,0,10000,50000,-40000,-40000
059530,華新科凱基9A購05,0,0,0,0,0,0,0,0,0,-40000,0,0,0,14000,54000,-40000,-40000
058556,百和永豐99購01  ,0,0,0,0,0,0,0,0,0,-40000,0,0,0,68000,108000,-40000,-40000
059451,國巨永豐99購05  ,0,0,0,0,0,0,0,0,0,-40000,0,0,0,20000,60000,-40000,-40000
06035P,同欣電凱基96售03,0,0,0,0,0,0,0,0,0,-40000,0,0,0,0,40000,-40000,-40000
060039,大立光國票99購04,0,0,0,0,0,0,0,0,0,-40000,0,0,0,0,40000,-40000,-40000
060371,A50正2元富01購01,0,0,0,0,0,0,0,0,0,-40000,0,0,0,0,40000,-40000,-40000
060401,世紀鋼國票9B購01,0,0,0,0,0,0,0,0,0,-40000,0,0,0,0,40000,-40000,-40000
060442,滬深2X元大9A購02,0,0,0,0,0,0,0,0,0,-40000,0,0,0,0,40000,-40000,-40000
060434,台汽電永豐9A購01,0,0,0,0,0,0,0,0,0,-40000,0,0,0,0,40000,-40000,-40000
056686,可成統一98購01  ,0,0,0,0,0,0,0,0,0,-40000,0,0,0,0,40000,-40000,-40000
046562,大立光凱基95購01,0,0,0,0,0,0,0,0,0,-40000,0,0,0,80000,120000,-40000,-40000
052104,英業達兆豐96購01,0,0,0,0,0,0,0,0,0,-40000,0,0,0,0,40000,-40000,-40000
04995P,台達電凱基96售03,0,0,0,0,0,0,0,0,0,-40000,0,0,0,0,40000,-40000,-40000
050548,華固凱基95購01  ,0,0,0,0,0,0,0,0,0,-40000,0,0,0,0,40000,-40000,-40000
051339,智易永豐95購02  ,0,0,0,0,0,0,0,0,0,-40000,0,0,0,0,40000,-40000,-40000
052513,大立光凱基95購13,0,0,0,0,0,0,0,0,0,-40000,0,0,0,0,40000,-40000,-40000
054709,宏達電統一97購01,0,0,0,0,0,0,0,0,0,-40000,0,0,0,0,40000,-40000,-40000
055468,智邦凱基97購04  ,0,0,0,0,0,0,0,0,0,-40000,0,0,0,10000,50000,-40000,-40000
059713,滬深2X元大9C購04,0,0,0,0,0,0,0,0,0,-40000,0,0,0,0,40000,-40000,-40000
059715,A50正2元大9C購02,0,0,0,0,0,0,0,0,0,-40000,0,0,0,0,40000,-40000,-40000
059904,A50正2元大9C購05,0,0,0,0,0,0,0,0,0,-40000,0,0,0,0,40000,-40000,-40000
059899,上証2X元大9C購04,0,0,0,0,0,0,0,0,0,-40000,0,0,0,0,40000,-40000,-40000
06424P,大成鋼永豐97售01,0,0,0,0,0,0,0,0,0,-40000,0,0,0,0,40000,-40000,-40000
06085P,義隆台新97售01  ,0,0,0,0,0,0,0,0,0,-40000,0,0,0,23000,63000,-40000,-40000
07039P,南電台新99售01  ,0,0,0,0,0,0,0,0,0,-40000,0,0,0,90000,130000,-40000,-40000
07414P,台積電元大99售51,0,0,0,0,0,0,0,0,0,-40000,0,0,0,1000,41000,-40000,-40000
056533,友達凱基9A購02  ,0,0,0,0,0,0,0,0,0,-41000,0,0,0,9000,50000,-41000,-41000
060042,台積電群益99購12,0,0,0,0,0,0,0,0,0,-41000,0,0,0,0,41000,-41000,-41000
060216,鴻海凱基9A購17  ,0,0,0,0,0,0,0,0,0,-41000,0,0,0,14000,55000,-41000,-41000
059501,可成元富99購01  ,0,0,0,0,0,0,0,0,0,-41000,0,0,0,14000,55000,-41000,-41000
056151,建準凱基97購01  ,0,0,0,0,0,0,0,0,0,-41000,0,0,0,40000,81000,-41000,-41000
058055,華擎統一9A購01  ,0,0,0,0,0,0,0,0,0,-41000,0,0,0,10000,51000,-41000,-41000
058799,晶技元大99購04  ,0,0,0,0,0,0,0,0,0,-41000,0,0,0,0,41000,-41000,-41000
054211,奇鋐國票97購03  ,0,0,0,0,0,0,0,0,0,-41000,0,0,0,0,41000,-41000,-41000
053134,南亞科國票97購01,0,0,0,0,0,0,0,0,0,-41000,0,0,0,64000,105000,-41000,-41000
053732,S&P反1中信9C購01,0,0,0,0,0,0,0,0,0,-41000,0,0,0,0,41000,-41000,-41000
047694,SP黃豆國票9B購01,0,0,0,0,0,0,0,0,0,-41000,0,0,0,0,41000,-41000,-41000
06686P,麗豐永豐98售02  ,0,0,0,0,0,0,0,0,0,-41000,0,0,0,0,41000,-41000,-41000
058763,和碩群益99購01  ,0,0,0,0,0,0,0,0,0,-42000,0,0,0,98000,140000,-42000,-42000
056233,超眾凱基97購02  ,0,0,0,0,0,0,0,0,0,-42000,0,0,0,0,42000,-42000,-42000
052191,超眾群益96購01  ,0,0,0,0,0,0,0,0,0,-42000,0,0,0,0,42000,-42000,-42000
055732,全新元富9A購01  ,0,0,0,0,0,0,0,0,0,-42000,0,0,0,0,42000,-42000,-42000
054420,緯穎元大96購08  ,0,0,0,0,0,0,0,0,0,-42000,0,0,0,71000,113000,-42000,-42000
059730,晶相光元大9C購02,0,0,0,0,0,0,0,0,0,-42000,0,0,0,61000,103000,-42000,-42000
054745,智易凱基97購01  ,0,0,0,0,0,0,0,0,0,-42000,0,0,0,0,42000,-42000,-42000
06753P,智邦富邦98售03  ,0,0,0,0,0,0,0,0,0,-42000,0,0,0,10000,52000,-42000,-42000
060379,T50反1凱基9A購07,0,0,0,0,0,0,0,0,0,-43000,0,0,0,0,43000,-43000,-43000
060123,光罩永豐99購02  ,0,0,0,0,0,0,0,0,0,-43000,0,0,0,196000,239000,-43000,-43000
059567,台積電凱基9A購12,0,0,0,0,0,0,0,0,0,-43000,0,0,0,10000,53000,-43000,-43000
059599,健策元大9B購02  ,0,0,0,0,0,0,0,0,0,-43000,0,0,0,23000,66000,-43000,-43000
058975,台灣50凱基01購02,0,0,0,0,0,0,0,0,0,-43000,0,0,0,43000,86000,-43000,-43000
059930,健策富邦9B購01  ,0,0,0,0,0,0,0,0,0,-43000,0,0,0,55000,98000,-43000,-43000
051906,國巨元大95購09  ,0,0,0,0,0,0,0,0,0,-43000,0,0,0,2000,45000,-43000,-43000
04590P,元石油元大97售01,0,0,0,0,0,0,0,0,0,-43000,0,0,0,0,43000,-43000,-43000
1537,廣隆            ,0,43000,-43000,0,0,0,0,0,0,0,0,0,0,0,0,0,-43000
06272P,台郡凱基97售04  ,0,0,0,0,0,0,0,0,0,-43000,0,0,0,7000,50000,-43000,-43000
4916,事欣科          ,20000,62000,-42000,0,0,0,0,0,0,-1000,0,1000,-1000,0,0,0,-43000
6209,今國光          ,57000,100000,-43000,0,0,0,0,0,0,0,0,0,0,0,0,0,-43000
057938,台表科群益98購02,0,0,0,0,0,0,0,0,0,-44000,0,0,0,1000,45000,-44000,-44000
057873,義隆元大98購03  ,0,0,0,0,0,0,0,0,0,-44000,0,0,0,10000,54000,-44000,-44000
056911,緯穎元大99購01  ,0,0,0,0,0,0,0,0,0,-44000,0,0,0,9000,53000,-44000,-44000
057150,貿聯國票99購02  ,0,0,0,0,0,0,0,0,0,-44000,0,0,0,49000,93000,-44000,-44000
059641,群創凱基99購06  ,0,0,0,0,0,0,0,0,0,-44000,0,0,0,6000,50000,-44000,-44000
059586,上銀元大9A購02  ,0,0,0,0,0,0,0,0,0,-44000,0,0,0,98000,142000,-44000,-44000
059520,台表科永豐99購02,0,0,0,0,0,0,0,0,0,-44000,0,0,0,10000,54000,-44000,-44000
060218,台積電凱基9A購15,0,0,0,0,0,0,0,0,0,-44000,0,0,0,1000,45000,-44000,-44000
060276,S&P反1元大9A購03,0,0,0,0,0,0,0,0,0,-44000,0,0,0,1000,45000,-44000,-44000
059912,國巨元大99購28  ,0,0,0,0,0,0,0,0,0,-44000,0,0,0,230000,274000,-44000,-44000
4943,康控-KY         ,143000,198000,-55000,0,0,0,0,0,0,11000,76000,34000,42000,9000,40000,-31000,-44000
2731,雄獅            ,14000,58000,-44000,0,0,0,0,0,0,0,0,0,0,0,0,0,-44000
06634P,欣興國票98售02  ,0,0,0,0,0,0,0,0,0,-44000,0,0,0,0,44000,-44000,-44000
06851P,鈺齊元大98售01  ,0,0,0,0,0,0,0,0,0,-44000,0,0,0,45000,89000,-44000,-44000
1227,佳格            ,209000,238000,-29000,0,0,0,0,0,0,-15000,0,15000,-15000,0,0,0,-44000
060315,易華電永豐9A購01,0,0,0,0,0,0,0,0,0,-45000,0,0,0,0,45000,-45000,-45000
060361,南亞科元富9A購03,0,0,0,0,0,0,0,0,0,-45000,0,0,0,113000,158000,-45000,-45000
057356,彩晶統一98購04  ,0,0,0,0,0,0,0,0,0,-45000,0,0,0,56000,101000,-45000,-45000
056822,佐登永豐98購01  ,0,0,0,0,0,0,0,0,0,-45000,0,0,0,0,45000,-45000,-45000
056920,友達兆豐98購02  ,0,0,0,0,0,0,0,0,0,-45000,0,0,0,5000,50000,-45000,-45000
056958,喬山永豐98購01  ,0,0,0,0,0,0,0,0,0,-45000,0,0,0,0,45000,-45000,-45000
057849,南茂永豐98購02  ,0,0,0,0,0,0,0,0,0,-45000,0,0,0,115000,160000,-45000,-45000
054767,日電貿國票98購01,0,0,0,0,0,0,0,0,0,-45000,0,0,0,0,45000,-45000,-45000
059767,矽力永豐99購01  ,0,0,0,0,0,0,0,0,0,-45000,0,0,0,0,45000,-45000,-45000
055032,億光富邦99購01  ,0,0,0,0,0,0,0,0,0,-45000,0,0,0,0,45000,-45000,-45000
054929,群電凱基97購01  ,0,0,0,0,0,0,0,0,0,-45000,0,0,0,4000,49000,-45000,-45000
051809,義隆凱基96購01  ,0,0,0,0,0,0,0,0,0,-45000,0,0,0,65000,110000,-45000,-45000
046628,大立光統一98購01,0,0,0,0,0,0,0,0,0,-45000,0,0,0,0,45000,-45000,-45000
053735,矽力中信97購01  ,0,0,0,0,0,0,0,0,0,-45000,0,0,0,5000,50000,-45000,-45000
051381,玉晶光群益98購01,0,0,0,0,0,0,0,0,0,-45000,0,0,0,2000,47000,-45000,-45000
052483,超眾群益95購03  ,0,0,0,0,0,0,0,0,0,-45000,0,0,0,0,45000,-45000,-45000
07489P,國巨國票9A售07  ,0,0,0,0,0,0,0,0,0,-45000,0,0,0,4000,49000,-45000,-45000
07355P,臺股指國票99售23,0,0,0,0,0,0,0,0,0,-45000,0,0,0,20000,65000,-45000,-45000
060056,大立光凱基9B購01,0,0,0,0,0,0,0,0,0,-45000,0,0,0,0,45000,-45000,-45000
2637,慧洋-KY         ,117000,154000,-37000,0,0,0,0,0,0,-8000,6000,8000,-2000,9000,15000,-6000,-45000
2882B,國泰金乙特      ,0,0,0,0,0,0,0,0,0,-45000,6000,51000,-45000,0,0,0,-45000
4540,全球傳動        ,46000,91000,-45000,0,0,0,0,0,0,0,0,0,0,0,0,0,-45000
057799,世紀鋼兆豐98購01,0,0,0,0,0,0,0,0,0,-46000,0,0,0,104000,150000,-46000,-46000
058930,華新科統一9B購01,0,0,0,0,0,0,0,0,0,-46000,0,0,0,0,46000,-46000,-46000
058143,瑞儀元大99購02  ,0,0,0,0,0,0,0,0,0,-46000,0,0,0,170000,216000,-46000,-46000
057048,新日興元大98購01,0,0,0,0,0,0,0,0,0,-46000,0,0,0,68000,114000,-46000,-46000
056202,國揚永豐97購01  ,0,0,0,0,0,0,0,0,0,-46000,0,0,0,2000,48000,-46000,-46000
056212,台光電國票98購03,0,0,0,0,0,0,0,0,0,-46000,0,0,0,28000,74000,-46000,-46000
060381,元黃金凱基9A購01,0,0,0,0,0,0,0,0,0,-46000,0,0,0,62000,108000,-46000,-46000
060458,華通元大9A購02  ,0,0,0,0,0,0,0,0,0,-46000,0,0,0,0,46000,-46000,-46000
050254,大立光富邦96購02,0,0,0,0,0,0,0,0,0,-46000,0,0,0,24000,70000,-46000,-46000
053929,正文國票97購01  ,0,0,0,0,0,0,0,0,0,-46000,0,0,0,0,46000,-46000,-46000
052084,台泥元大95購01  ,0,0,0,0,0,0,0,0,0,-46000,0,0,0,4000,50000,-46000,-46000
05549P,臺股指元大96售03,0,0,0,0,0,0,0,0,0,-46000,0,0,0,0,46000,-46000,-46000
6189,豐藝            ,16000,61000,-45000,0,0,0,0,0,0,-1000,0,1000,-1000,0,0,0,-46000
9942,茂順            ,9000,2000,7000,0,0,0,0,0,0,-53000,0,53000,-53000,0,0,0,-46000
060106,旭富元大99購02  ,0,0,0,0,0,0,0,0,0,-46000,0,0,0,19000,65000,-46000,-46000
056720,世紀鋼永豐98購01,0,0,0,0,0,0,0,0,0,-47000,0,0,0,0,47000,-47000,-47000
060404,台勝科國泰9B購01,0,0,0,0,0,0,0,0,0,-47000,0,0,0,12000,59000,-47000,-47000
060281,卜蜂元大9C購01  ,0,0,0,0,0,0,0,0,0,-47000,0,0,0,18000,65000,-47000,-47000
056116,義隆群益97購02  ,0,0,0,0,0,0,0,0,0,-47000,0,0,0,8000,55000,-47000,-47000
058272,超眾永豐9A購01  ,0,0,0,0,0,0,0,0,0,-47000,0,0,0,0,47000,-47000,-47000
059697,上証2X凱基9A購03,0,0,0,0,0,0,0,0,0,-47000,0,0,0,5000,52000,-47000,-47000
058868,元油2X國票99購06,0,0,0,0,0,0,0,0,0,-47000,0,0,0,7000,54000,-47000,-47000
059856,昇陽半永豐99購03,0,0,0,0,0,0,0,0,0,-47000,0,0,0,0,47000,-47000,-47000
03433B,臺股指元大9C熊01,0,0,0,0,0,0,0,0,0,-47000,0,0,0,123000,170000,-47000,-47000
055597,禾伸堂元大98購02,0,0,0,0,0,0,0,0,0,-47000,0,0,0,1000,48000,-47000,-47000
07311P,台灣50元大99售09,0,0,0,0,0,0,0,0,0,-47000,0,0,0,2000,49000,-47000,-47000
2535,達欣工          ,75000,125000,-50000,0,0,0,0,0,0,3000,5000,2000,3000,0,0,0,-47000
6139,亞翔            ,55000,90000,-35000,0,0,0,0,0,0,-12000,0,12000,-12000,0,0,0,-47000
056397,彩晶永豐99購01  ,0,0,0,0,0,0,0,0,0,-48000,0,0,0,93000,141000,-48000,-48000
058463,宏達電兆豐99購02,0,0,0,0,0,0,0,0,0,-48000,0,0,0,0,48000,-48000,-48000
057120,茂林康和98購01  ,0,0,0,0,0,0,0,0,0,-48000,0,0,0,20000,68000,-48000,-48000
059339,上銀凱基99購06  ,0,0,0,0,0,0,0,0,0,-48000,0,0,0,14000,62000,-48000,-48000
060296,和碩元大9A購01  ,0,0,0,0,0,0,0,0,0,-48000,0,0,0,0,48000,-48000,-48000
050169,臺指反元大97購01,0,0,0,0,0,0,0,0,0,-48000,0,0,0,0,48000,-48000,-48000
055138,大毅永豐97購02  ,0,0,0,0,0,0,0,0,0,-48000,0,0,0,89000,137000,-48000,-48000
5285,界霖            ,11000,59000,-48000,0,0,0,0,0,0,0,0,0,0,0,0,0,-48000
9105,泰金寶-DR       ,0,48000,-48000,0,0,0,0,0,0,0,0,0,0,0,0,0,-48000
07524P,臺股指中信9B售06,0,0,0,0,0,0,0,0,0,-48000,0,0,0,0,48000,-48000,-48000
1515,力山            ,293000,335000,-42000,0,0,0,0,0,0,-6000,2000,0,2000,12000,20000,-8000,-48000
060146,健策國票9A購03  ,0,0,0,0,0,0,0,0,0,-49000,0,0,0,25000,74000,-49000,-49000
060131,GIS永豐99購03   ,0,0,0,0,0,0,0,0,0,-49000,0,0,0,27000,76000,-49000,-49000
059535,玉山金凱基99購01,0,0,0,0,0,0,0,0,0,-49000,0,0,0,113000,162000,-49000,-49000
059706,嘉晶凱基99購01  ,0,0,0,0,0,0,0,0,0,-49000,0,0,0,34000,83000,-49000,-49000
059282,嘉聯益永豐99購01,0,0,0,0,0,0,0,0,0,-49000,0,0,0,40000,89000,-49000,-49000
052647,晶技永豐97購01  ,0,0,0,0,0,0,0,0,0,-49000,0,0,0,0,49000,-49000,-49000
055829,上銀元大97購06  ,0,0,0,0,0,0,0,0,0,-49000,0,0,0,0,49000,-49000,-49000
059733,緯穎元大99購08  ,0,0,0,0,0,0,0,0,0,-49000,0,0,0,31000,80000,-49000,-49000
052827,昇陽半永豐97購01,0,0,0,0,0,0,0,0,0,-49000,0,0,0,0,49000,-49000,-49000
05525P,奇力新群益96售02,0,0,0,0,0,0,0,0,0,-49000,0,0,0,10000,59000,-49000,-49000
052295,揚明光國票96購03,0,0,0,0,0,0,0,0,0,-49000,0,0,0,0,49000,-49000,-49000
05148P,臻鼎元大95售01  ,0,0,0,0,0,0,0,0,0,-49000,0,0,0,0,49000,-49000,-49000
048628,T50反1元大96購03,0,0,0,0,0,0,0,0,0,-49000,0,0,0,0,49000,-49000,-49000
1717,長興            ,52000,83000,-31000,0,0,0,1000,0,1000,-19000,3000,22000,-19000,0,0,0,-49000
060554,中租凱基9A購01  ,0,0,0,0,0,0,0,0,0,-49000,0,0,0,0,49000,-49000,-49000
06214P,國巨國票98售04  ,0,0,0,0,0,0,0,0,0,-49000,0,0,0,17000,66000,-49000,-49000
058217,新唐群益99購01  ,0,0,0,0,0,0,0,0,0,-50000,0,0,0,0,50000,-50000,-50000
058137,玉晶光元大99購11,0,0,0,0,0,0,0,0,0,-50000,0,0,0,10000,60000,-50000,-50000
058168,國巨凱基9A購04  ,0,0,0,0,0,0,0,0,0,-50000,0,0,0,70000,120000,-50000,-50000
057275,友達元大9A購04  ,0,0,0,0,0,0,0,0,0,-50000,0,0,0,0,50000,-50000,-50000
057288,聯茂元大98購03  ,0,0,0,0,0,0,0,0,0,-50000,0,0,0,2000,52000,-50000,-50000
056207,茂林永豐97購03  ,0,0,0,0,0,0,0,0,0,-50000,0,0,0,0,50000,-50000,-50000
057512,華邦電台新98購01,0,0,0,0,0,0,0,0,0,-50000,0,0,0,600000,650000,-50000,-50000
058744,FBVIX凱基9C購03 ,0,0,0,0,0,0,0,0,0,-50000,0,0,0,0,50000,-50000,-50000
057419,奇力新凱基98購06,0,0,0,0,0,0,0,0,0,-50000,0,0,0,0,50000,-50000,-50000
057430,富邦金兆豐98購01,0,0,0,0,0,0,0,0,0,-50000,0,0,0,0,50000,-50000,-50000
060286,佳世達元大9C購01,0,0,0,0,0,0,0,0,0,-50000,0,0,0,0,50000,-50000,-50000
059974,臺指反元大9C購05,0,0,0,0,0,0,0,0,0,-50000,0,0,0,0,50000,-50000,-50000
056535,全新凱基99購02  ,0,0,0,0,0,0,0,0,0,-50000,0,0,0,0,50000,-50000,-50000
056603,嘉聯益國泰9A購01,0,0,0,0,0,0,0,0,0,-50000,0,0,0,59000,109000,-50000,-50000
048433,聯詠國票94購01  ,0,0,0,0,0,0,0,0,0,-50000,0,0,0,0,50000,-50000,-50000
048651,美利達元大96購05,0,0,0,0,0,0,0,0,0,-50000,0,0,0,50000,100000,-50000,-50000
052062,臺股指國票95購09,0,0,0,0,0,0,0,0,0,-50000,0,0,0,0,50000,-50000,-50000
052157,東元永豐95購01  ,0,0,0,0,0,0,0,0,0,-50000,0,0,0,0,50000,-50000,-50000
052200,台光電統一95購02,0,0,0,0,0,0,0,0,0,-50000,0,0,0,0,50000,-50000,-50000
051956,滬深2X台新96購01,0,0,0,0,0,0,0,0,0,-50000,0,0,0,0,50000,-50000,-50000
051644,聯茂康和95購01  ,0,0,0,0,0,0,0,0,0,-50000,0,0,0,10000,60000,-50000,-50000
051014,智邦凱基95購01  ,0,0,0,0,0,0,0,0,0,-50000,0,0,0,0,50000,-50000,-50000
055288,日電貿元大97購02,0,0,0,0,0,0,0,0,0,-50000,0,0,0,90000,140000,-50000,-50000
059161,鴻海凱基9A購09  ,0,0,0,0,0,0,0,0,0,-50000,0,0,0,0,50000,-50000,-50000
055830,上銀元大97購07  ,0,0,0,0,0,0,0,0,0,-50000,0,0,0,0,50000,-50000,-50000
054860,台積電群益98購01,0,0,0,0,0,0,0,0,0,-50000,0,0,0,0,50000,-50000,-50000
054874,帆宣群益99購02  ,0,0,0,0,0,0,0,0,0,-50000,0,0,0,0,50000,-50000,-50000
054785,建準群益98購01  ,0,0,0,0,0,0,0,0,0,-50000,0,0,0,0,50000,-50000,-50000
054075,GIS富邦97購02   ,0,0,0,0,0,0,0,0,0,-50000,0,0,0,0,50000,-50000,-50000
053020,貿聯元富96購01  ,0,0,0,0,0,0,0,0,0,-50000,0,0,0,0,50000,-50000,-50000
055916,奇鋐凱基99購01  ,0,0,0,0,0,0,0,0,0,-50000,0,0,0,0,50000,-50000,-50000
053422,可成永豐96購01  ,0,0,0,0,0,0,0,0,0,-50000,0,0,0,0,50000,-50000,-50000
052579,亞泥元富96購01  ,0,0,0,0,0,0,0,0,0,-50000,0,0,0,0,50000,-50000,-50000
055036,中工富邦9B購01  ,0,0,0,0,0,0,0,0,0,-50000,0,0,0,0,50000,-50000,-50000
06437P,玉晶光國票99售01,0,0,0,0,0,0,0,0,0,-50000,0,0,0,703000,753000,-50000,-50000
3706,神達            ,544000,779000,-235000,0,0,0,309000,0,309000,-124000,6000,103000,-97000,9000,36000,-27000,-50000
056075,瀚宇博元大97購03,0,0,0,0,0,0,0,0,0,-51000,0,0,0,159000,210000,-51000,-51000
059469,智邦元大99購03  ,0,0,0,0,0,0,0,0,0,-51000,0,0,0,108000,159000,-51000,-51000
057616,聯電凱基99購01  ,0,0,0,0,0,0,0,0,0,-51000,0,0,0,0,51000,-51000,-51000
054525,奇鋐元富96購01  ,0,0,0,0,0,0,0,0,0,-51000,0,0,0,0,51000,-51000,-51000
052696,玉晶光麥證97購01,0,0,0,268000,60000,208000,0,0,0,-51000,0,0,0,277000,328000,-51000,-51000
052921,大成鋼永豐96購01,0,0,0,0,0,0,0,0,0,-51000,0,0,0,0,51000,-51000,-51000
057319,奇力新凱基99購02,0,0,0,0,0,0,0,0,0,-52000,0,0,0,8000,60000,-52000,-52000
058523,聯茂元大99購08  ,0,0,0,0,0,0,0,0,0,-52000,0,0,0,0,52000,-52000,-52000
056200,大毅永豐98購01  ,0,0,0,0,0,0,0,0,0,-52000,0,0,0,171000,223000,-52000,-52000
060466,玉山金元大9A購01,0,0,0,0,0,0,0,0,0,-52000,0,0,0,65000,117000,-52000,-52000
060032,利勤永豐99購01  ,0,0,0,0,0,0,0,0,0,-52000,0,0,0,0,52000,-52000,-52000
059146,貿聯國票9A購02  ,0,0,0,0,0,0,0,0,0,-52000,0,0,0,45000,97000,-52000,-52000
050536,亞泥凱基95購01  ,0,0,0,0,0,0,0,0,0,-52000,0,0,0,30000,82000,-52000,-52000
053768,S&P反1元大99購01,0,0,0,0,0,0,0,0,0,-52000,0,0,0,0,52000,-52000,-52000
6477,安集            ,0,52000,-52000,0,0,0,0,0,0,0,0,0,0,0,0,0,-52000
06515P,國巨凱基98售06  ,0,0,0,0,0,0,0,0,0,-52000,0,0,0,15000,67000,-52000,-52000
07522P,台積電中信9A售03,0,0,0,0,0,0,0,0,0,-52000,0,0,0,10000,62000,-52000,-52000
058613,茂林元大99購03  ,0,0,0,0,0,0,0,0,0,-53000,0,0,0,110000,163000,-53000,-53000
058520,智易元大99購03  ,0,0,0,0,0,0,0,0,0,-53000,0,0,0,10000,63000,-53000,-53000
059030,奇力新兆豐99購03,0,0,0,0,0,0,0,0,0,-53000,0,0,0,37000,90000,-53000,-53000
05635P,健策台新96售02  ,0,0,0,0,0,0,0,0,0,-53000,0,0,0,0,53000,-53000,-53000
057809,英業達元大98購01,0,0,0,0,0,0,0,0,0,-53000,0,0,0,2000,55000,-53000,-53000
057935,晶技群益98購02  ,0,0,0,0,0,0,0,0,0,-53000,0,0,0,0,53000,-53000,-53000
050968,超眾永豐95購01  ,0,0,0,0,0,0,0,0,0,-53000,0,0,0,0,53000,-53000,-53000
049947,S&P反1中信97購01,0,0,0,0,0,0,0,0,0,-53000,0,0,0,0,53000,-53000,-53000
049156,緯穎元大96購01  ,0,0,0,0,0,0,0,0,0,-53000,0,0,0,9000,62000,-53000,-53000
2539,櫻花建          ,7000,62000,-55000,0,0,0,0,0,0,2000,2000,0,2000,0,0,0,-53000
06172P,台虹永豐97售02  ,0,0,0,0,0,0,0,0,0,-53000,0,0,0,140000,193000,-53000,-53000
057567,嘉聯益富邦9A購01,0,0,0,0,0,0,0,0,0,-54000,0,0,0,49000,103000,-54000,-54000
059521,南電永豐99購03  ,0,0,0,0,0,0,0,0,0,-54000,0,0,0,24000,78000,-54000,-54000
058704,台積電元大99購17,0,0,0,0,0,0,0,0,0,-54000,0,0,0,33000,87000,-54000,-54000
052094,瀚宇博元大96購02,0,0,0,0,0,0,0,0,0,-54000,0,0,0,61000,115000,-54000,-54000
054716,緯穎康和97購01  ,0,0,0,0,0,0,0,0,0,-54000,0,0,0,286000,340000,-54000,-54000
06622P,牧德元大98售01  ,0,0,0,0,0,0,0,0,0,-54000,0,0,0,13000,67000,-54000,-54000
07490P,大立光國票9A售03,0,0,0,0,0,0,0,0,0,-54000,0,0,0,31000,85000,-54000,-54000
3030,德律            ,67000,118000,-51000,0,0,0,0,0,0,-3000,0,3000,-3000,0,0,0,-54000
1319,東陽            ,218367,272000,-53633,0,0,0,0,0,0,-1000,9000,10000,-1000,0,0,0,-54633
057815,信邦元大98購01  ,0,0,0,0,0,0,0,0,0,-55000,0,0,0,0,55000,-55000,-55000
057859,神達康和98購01  ,0,0,0,0,0,0,0,0,0,-55000,0,0,0,68000,123000,-55000,-55000
056921,京元電兆豐98購01,0,0,0,0,0,0,0,0,0,-55000,0,0,0,227000,282000,-55000,-55000
057199,台達電元富02購01,0,0,0,0,0,0,0,0,0,-55000,0,0,0,120000,175000,-55000,-55000
059325,超眾元大99購05  ,0,0,0,0,0,0,0,0,0,-55000,0,0,0,1000,56000,-55000,-55000
054376,聯茂中信97購01  ,0,0,0,0,0,0,0,0,0,-55000,0,0,0,45000,100000,-55000,-55000
05331P,上証2X國票96售01,0,0,0,0,0,0,0,0,0,-55000,0,0,0,0,55000,-55000,-55000
052010,兆豐金中信95購01,0,0,0,0,0,0,0,0,0,-55000,0,0,0,4000,59000,-55000,-55000
060575,大立光中信9B購02,0,0,0,0,0,0,0,0,0,-55000,0,0,0,0,55000,-55000,-55000
3004,豐達科          ,13000,68000,-55000,0,0,0,0,0,0,0,0,0,0,0,0,0,-55000
057265,聯詠兆豐98購01  ,0,0,0,0,0,0,0,0,0,-56000,0,0,0,0,56000,-56000,-56000
057793,群創統一99購02  ,0,0,0,0,0,0,0,0,0,-56000,0,0,0,0,56000,-56000,-56000
057526,智邦元大98購10  ,0,0,0,0,0,0,0,0,0,-56000,0,0,0,0,56000,-56000,-56000
055989,矽力元富9A購01  ,0,0,0,0,0,0,0,0,0,-56000,0,0,0,40000,96000,-56000,-56000
0061,元大寶滬深      ,0,0,0,0,0,0,0,0,0,-56000,60000,60000,0,30000,86000,-56000,-56000
054919,興富發凱基97購01,0,0,0,0,0,0,0,0,0,-56000,0,0,0,0,56000,-56000,-56000
052963,智邦凱基96購02  ,0,0,0,0,0,0,0,0,0,-56000,0,0,0,0,56000,-56000,-56000
2607,榮運            ,37000,93000,-56000,0,0,0,0,0,0,0,0,0,0,0,0,0,-56000
8131,福懋科          ,54000,112000,-58000,0,0,0,0,0,0,2000,5000,4000,1000,1000,0,1000,-56000
06332P,世紀鋼群益98售01,0,0,0,0,0,0,0,0,0,-56000,0,0,0,26000,82000,-56000,-56000
060104,新日興元大99購03,0,0,0,0,0,0,0,0,0,-56000,0,0,0,5000,61000,-56000,-56000
060203,緯穎元富9A購01  ,0,0,0,0,0,0,0,0,0,-57000,0,0,0,45000,102000,-57000,-57000
060246,晶相光元大9C購03,0,0,0,0,0,0,0,0,0,-57000,0,0,0,60000,117000,-57000,-57000
056578,智易元大99購02  ,0,0,0,0,0,0,0,0,0,-57000,0,0,0,0,57000,-57000,-57000
05297P,臻鼎凱基95售04  ,0,0,0,0,0,0,0,0,0,-57000,0,0,0,15000,72000,-57000,-57000
051828,微星元大95購03  ,0,0,0,0,0,0,0,0,0,-57000,0,0,0,2000,59000,-57000,-57000
2106,建大            ,117000,165000,-48000,0,0,0,0,0,0,-9000,4000,13000,-9000,0,0,0,-57000
6269,台郡            ,447000,764000,-317000,0,0,0,353000,0,353000,-93000,51000,90000,-39000,0,54000,-54000,-57000
059511,宏達電永豐99購02,0,0,0,0,0,0,0,0,0,-58000,0,0,0,0,58000,-58000,-58000
056141,聯茂元大97購05  ,0,0,0,0,0,0,0,0,0,-58000,0,0,0,100000,158000,-58000,-58000
00752,中信中國50      ,0,0,0,0,0,0,0,0,0,-58000,0,0,0,5000,63000,-58000,-58000
055725,嘉聯益元大98購03,0,0,0,0,0,0,0,0,0,-58000,0,0,0,0,58000,-58000,-58000
1720,生達            ,295000,352000,-57000,0,0,0,0,0,0,-1000,0,1000,-1000,0,0,0,-58000
07366P,國巨康和99售02  ,0,0,0,0,0,0,0,0,0,-58000,0,0,0,489000,547000,-58000,-58000
060187,華新科元富9A購02,0,0,0,0,0,0,0,0,0,-58000,0,0,0,228000,286000,-58000,-58000
056203,興富發永豐97購01,0,0,0,0,0,0,0,0,0,-59000,0,0,0,0,59000,-59000,-59000
060022,勤誠康和99購01  ,0,0,0,0,0,0,0,0,0,-59000,0,0,0,9000,68000,-59000,-59000
055714,智邦元大97購03  ,0,0,0,0,0,0,0,0,0,-59000,0,0,0,24000,83000,-59000,-59000
054045,奇力新元大97購03,0,0,0,0,0,0,0,0,0,-59000,0,0,0,82000,141000,-59000,-59000
060047,道瓊反凱基99購01,0,0,0,0,0,0,0,0,0,-59000,0,0,0,53000,112000,-59000,-59000
07516P,台積電元大9A售16,0,0,0,0,0,0,0,0,0,-59000,0,0,0,0,59000,-59000,-59000
2395,研華            ,146000,218000,-72000,0,0,0,1000,0,1000,12000,18000,6000,12000,0,0,0,-59000
9935,慶豐富          ,87000,146000,-59000,0,0,0,0,0,0,0,0,0,0,0,0,0,-59000
060485,華新科富邦9C購04,0,0,0,0,0,0,0,0,0,-60000,0,0,0,20000,80000,-60000,-60000
056636,台積電日盛9A購01,0,0,0,0,0,0,0,0,0,-60000,0,0,0,0,60000,-60000,-60000
060502,國巨元大9A購07  ,0,0,0,0,0,0,0,0,0,-60000,0,0,0,109000,169000,-60000,-60000
056664,上証反中信9B購01,0,0,0,0,0,0,0,0,0,-60000,0,0,0,0,60000,-60000,-60000
059590,台積電元大99購39,0,0,0,0,0,0,0,0,0,-60000,0,0,0,0,60000,-60000,-60000
057881,SP黃豆群益9A購01,0,0,0,0,0,0,0,0,0,-60000,0,0,0,60000,120000,-60000,-60000
057966,金融類元大98購01,0,0,0,0,0,0,0,0,0,-60000,0,0,0,50000,110000,-60000,-60000
058077,超眾凱基98購02  ,0,0,0,0,0,0,0,0,0,-60000,0,0,0,26000,86000,-60000,-60000
057589,超眾國票9A購01  ,0,0,0,0,0,0,0,0,0,-60000,0,0,0,0,60000,-60000,-60000
059338,滬深2X凱基9C購02,0,0,0,0,0,0,0,0,0,-60000,0,0,0,202000,262000,-60000,-60000
052599,S&P反1元大96購01,0,0,0,0,0,0,0,0,0,-60000,0,0,0,3000,63000,-60000,-60000
054300,華通凱基96購07  ,0,0,0,0,0,0,0,0,0,-60000,0,0,0,16000,76000,-60000,-60000
059834,友達國泰9B購01  ,0,0,0,0,0,0,0,0,0,-60000,0,0,0,118000,178000,-60000,-60000
05982P,漢唐國票96售03  ,0,0,0,0,0,0,0,0,0,-60000,0,0,0,23000,83000,-60000,-60000
052041,鴻海日盛95購02  ,0,0,0,0,0,0,0,0,0,-60000,0,0,0,0,60000,-60000,-60000
051904,深100元大95購01 ,0,0,0,0,0,0,0,0,0,-60000,0,0,0,0,60000,-60000,-60000
9939,宏全            ,86000,120000,-34000,0,0,0,0,0,0,-26000,7000,33000,-26000,0,0,0,-60000
6412,群電            ,149000,214000,-65000,0,0,0,0,0,0,5000,0,0,0,10000,5000,5000,-60000
08749P,鴻海台新01售02  ,0,0,0,0,0,0,0,0,0,-60000,0,0,0,0,60000,-60000,-60000
07317P,T50正2凱基9B售02,0,0,0,0,0,0,0,0,0,-60000,0,0,0,115000,175000,-60000,-60000
06355P,聯茂永豐97售02  ,0,0,0,0,0,0,0,0,0,-60000,0,0,0,29000,89000,-60000,-60000
059264,台光電中信99購02,0,0,0,0,0,0,0,0,0,-61000,0,0,0,476000,537000,-61000,-61000
053769,香港反元大99購01,0,0,0,0,0,0,0,0,0,-61000,0,0,0,0,61000,-61000,-61000
050121,南電元大95購02  ,0,0,0,0,0,0,0,0,0,-61000,0,0,0,1000,62000,-61000,-61000
1582,信錦            ,53000,110000,-57000,0,0,0,0,0,0,-4000,2000,3000,-1000,0,3000,-3000,-61000
058016,智邦凱基98購06  ,0,0,0,0,0,0,0,0,0,-62000,0,0,0,0,62000,-62000,-62000
057284,新日興元大98購03,0,0,0,0,0,0,0,0,0,-62000,0,0,0,0,62000,-62000,-62000
059639,大立光凱基9A購06,0,0,0,0,0,0,0,0,0,-62000,0,0,0,0,62000,-62000,-62000
055958,台光電元大97購02,0,0,0,0,0,0,0,0,0,-62000,0,0,0,0,62000,-62000,-62000
059118,晶技永豐9A購01  ,0,0,0,0,0,0,0,0,0,-62000,0,0,0,0,62000,-62000,-62000
052426,國巨台新96購01  ,0,0,0,0,0,0,0,0,0,-62000,0,0,0,778000,840000,-62000,-62000
052052,嘉澤凱基95購02  ,0,0,0,0,0,0,0,0,0,-62000,0,0,0,57000,119000,-62000,-62000
07505P,台勝科元大9A售01,0,0,0,0,0,0,0,0,0,-62000,0,0,0,40000,102000,-62000,-62000
06151P,華新科元大97售07,0,0,0,0,0,0,0,0,0,-62000,0,0,0,70000,132000,-62000,-62000
057482,微星元大98購03  ,0,0,0,0,0,0,0,0,0,-63000,0,0,0,0,63000,-63000,-63000
057788,嘉聯益國票99購01,0,0,0,0,0,0,0,0,0,-63000,0,0,0,1000,64000,-63000,-63000
059313,元石油元大99購06,0,0,0,0,0,0,0,0,0,-63000,0,0,0,12000,75000,-63000,-63000
046937,聯電元大99購01  ,0,0,0,0,0,0,0,0,0,-63000,0,0,0,23000,86000,-63000,-63000
060540,南亞凱基9A購01  ,0,0,0,0,0,0,0,0,0,-63000,0,0,0,0,63000,-63000,-63000
2614,東森            ,141000,201000,-60000,0,0,0,0,0,0,-3000,0,3000,-3000,0,0,0,-63000
059696,立積永豐99購03  ,0,0,0,0,0,0,0,0,0,-64000,0,0,0,29000,93000,-64000,-64000
059615,台灣50群益99購05,0,0,0,0,0,0,0,0,0,-64000,0,0,0,0,64000,-64000,-64000
057413,臺股指群益9C購04,0,0,0,0,0,0,0,0,0,-64000,0,0,0,2000,66000,-64000,-64000
056669,貿聯國票99購01  ,0,0,0,0,0,0,0,0,0,-64000,0,0,0,12000,76000,-64000,-64000
059936,台積電永豐99購06,0,0,0,0,0,0,0,0,0,-64000,0,0,0,1000,65000,-64000,-64000
07172P,臺股指國票99售09,0,0,0,0,0,0,0,0,0,-64000,0,0,0,153000,217000,-64000,-64000
06925P,致茂群益9A售02  ,0,0,0,0,0,0,0,0,0,-64000,0,0,0,0,64000,-64000,-64000
07502P,美食元大9A售01  ,0,0,0,0,0,0,0,0,0,-64000,0,0,0,0,64000,-64000,-64000
1598,岱宇            ,134000,157000,-23000,0,0,0,0,0,0,-41000,0,41000,-41000,0,0,0,-64000
060414,中興電永豐9A購01,0,0,0,0,0,0,0,0,0,-65000,0,0,0,22000,87000,-65000,-65000
057819,新日興元大99購01,0,0,0,0,0,0,0,0,0,-65000,0,0,0,0,65000,-65000,-65000
058406,聯茂元大99購06  ,0,0,0,0,0,0,0,0,0,-65000,0,0,0,0,65000,-65000,-65000
059789,貿聯元大9A購02  ,0,0,0,0,0,0,0,0,0,-65000,0,0,0,38000,103000,-65000,-65000
054180,亞泥康和96購01  ,0,0,0,0,0,0,0,0,0,-65000,0,0,0,0,65000,-65000,-65000
051961,泰碩永豐95購01  ,0,0,0,0,0,0,0,0,0,-65000,0,0,0,0,65000,-65000,-65000
050847,創意國票96購01  ,0,0,0,0,0,0,0,0,0,-65000,0,0,0,0,65000,-65000,-65000
2104,國際中橡        ,419000,437000,-18000,0,0,0,0,0,0,-47000,0,12000,-12000,0,35000,-35000,-65000
07435P,台積電富邦9C售07,0,0,0,0,0,0,0,0,0,-65000,0,0,0,73000,138000,-65000,-65000
3321,同泰            ,29000,94000,-65000,0,0,0,0,0,0,0,0,0,0,0,0,0,-65000
4746,台耀            ,8000,40000,-32000,0,0,0,0,0,0,-33000,0,33000,-33000,0,0,0,-65000
060432,達方永豐9A購01  ,0,0,0,0,0,0,0,0,0,-66000,0,0,0,0,66000,-66000,-66000
052612,康舒元大97購01  ,0,0,0,0,0,0,0,0,0,-66000,0,0,0,0,66000,-66000,-66000
059945,嘉澤永豐99購03  ,0,0,0,0,0,0,0,0,0,-66000,0,0,0,156000,222000,-66000,-66000
07130P,台郡元大9B售01  ,0,0,0,0,0,0,0,0,0,-66000,0,0,0,156000,222000,-66000,-66000
058707,泰鼎元大99購02  ,0,0,0,0,0,0,0,0,0,-67000,0,0,0,158000,225000,-67000,-67000
057675,同欣電元大98購02,0,0,0,0,0,0,0,0,0,-67000,0,0,0,100000,167000,-67000,-67000
03670C,元油2X元富99牛01,0,0,0,0,0,0,0,0,0,-67000,0,0,0,30000,97000,-67000,-67000
06456P,聯發科統一98售03,0,0,0,0,0,0,0,0,0,-67000,0,0,0,0,67000,-67000,-67000
2707,晶華            ,24000,85000,-61000,0,0,0,0,0,0,-6000,0,6000,-6000,0,0,0,-67000
6541,泰福-KY         ,16000,83000,-67000,0,0,0,0,0,0,0,0,0,0,0,0,0,-67000
057746,同欣電永豐98購02,0,0,0,0,0,0,0,0,0,-68000,0,0,0,10000,78000,-68000,-68000
059194,元金2X永豐99購01,0,0,0,0,0,0,0,0,0,-68000,0,0,0,28000,96000,-68000,-68000
057012,康控中信98購01  ,0,0,0,0,0,0,0,0,0,-68000,0,0,0,112000,180000,-68000,-68000
056981,全新群益99購03  ,0,0,0,0,0,0,0,0,0,-68000,0,0,0,2000,70000,-68000,-68000
057649,嘉聯益元大99購04,0,0,0,0,0,0,0,0,0,-68000,0,0,0,45000,113000,-68000,-68000
060463,台積電元大9A購10,0,0,0,0,0,0,0,0,0,-68000,0,0,0,0,68000,-68000,-68000
055608,華邦電康和97購01,0,0,0,0,0,0,0,0,0,-68000,0,0,0,0,68000,-68000,-68000
055133,致新康和97購01  ,0,0,0,0,0,0,0,0,0,-68000,0,0,0,0,68000,-68000,-68000
5225,東科-KY         ,26000,94000,-68000,0,0,0,0,0,0,0,0,0,0,0,0,0,-68000
060617,華新科元大9A購08,0,0,0,0,0,0,0,0,0,-68000,0,0,0,17000,85000,-68000,-68000
07067P,旺宏台新99售02  ,0,0,0,0,0,0,0,0,0,-68000,0,0,0,146000,214000,-68000,-68000
060189,宏達電元富9B購03,0,0,0,0,0,0,0,0,0,-69000,0,0,0,475000,544000,-69000,-69000
060130,瀚宇博永豐99購02,0,0,0,0,0,0,0,0,0,-69000,0,0,0,167000,236000,-69000,-69000
059090,台新金元大99購01,0,0,0,0,0,0,0,0,0,-69000,0,0,0,5000,74000,-69000,-69000
056198,台光電永豐97購02,0,0,0,0,0,0,0,0,0,-69000,0,0,0,14000,83000,-69000,-69000
054399,智易永豐96購03  ,0,0,0,0,0,0,0,0,0,-69000,0,0,0,0,69000,-69000,-69000
055806,致新永豐97購02  ,0,0,0,0,0,0,0,0,0,-69000,0,0,0,0,69000,-69000,-69000
055295,瀚宇博元大97購02,0,0,0,0,0,0,0,0,0,-69000,0,0,0,62000,131000,-69000,-69000
4536,拓凱            ,5000,74000,-69000,0,0,0,0,0,0,0,0,0,0,0,0,0,-69000
058723,元石油國泰9A購01,0,0,0,0,0,0,0,0,0,-70000,0,0,0,0,70000,-70000,-70000
058687,聯茂凱基9A購01  ,0,0,0,0,0,0,0,0,0,-70000,0,0,0,0,70000,-70000,-70000
057650,力成元大98購04  ,0,0,0,0,0,0,0,0,0,-70000,0,0,0,0,70000,-70000,-70000
058115,台光電中信99購01,0,0,0,0,0,0,0,0,0,-70000,0,0,0,1000,71000,-70000,-70000
058391,T50反1元大99購02,0,0,0,0,0,0,0,0,0,-70000,0,0,0,0,70000,-70000,-70000
058459,南電永豐99購01  ,0,0,0,0,0,0,0,0,0,-70000,0,0,0,11000,81000,-70000,-70000
057614,華新科元富99購04,0,0,0,0,0,0,0,0,0,-70000,0,0,0,188000,258000,-70000,-70000
059804,台積電元富99購01,0,0,0,0,0,0,0,0,0,-70000,0,0,0,20000,90000,-70000,-70000
054912,群光凱基97購01  ,0,0,0,0,0,0,0,0,0,-70000,0,0,0,30000,100000,-70000,-70000
055047,南港永豐97購01  ,0,0,0,0,0,0,0,0,0,-70000,0,0,0,0,70000,-70000,-70000
053667,鴻海統一96購12  ,0,0,0,0,0,0,0,0,0,-70000,0,0,0,20000,90000,-70000,-70000
048522,A50正2元富95購02,0,0,0,0,0,0,0,0,0,-70000,0,0,0,0,70000,-70000,-70000
060054,華新科凱基9B購04,0,0,0,0,0,0,0,0,0,-70000,0,0,0,0,70000,-70000,-70000
057119,微星康和98購01  ,0,0,0,0,0,0,0,0,0,-71000,0,0,0,136000,207000,-71000,-71000
059121,瑞儀永豐99購01  ,0,0,0,0,0,0,0,0,0,-71000,0,0,0,128000,199000,-71000,-71000
058728,SP黃豆永豐99購01,0,0,0,0,0,0,0,0,0,-71000,0,0,0,0,71000,-71000,-71000
055380,智易元大98購02  ,0,0,0,0,0,0,0,0,0,-71000,0,0,0,38000,109000,-71000,-71000
07266P,大立光元大99售19,0,0,0,0,0,0,0,0,0,-71000,0,0,0,0,71000,-71000,-71000
5522,遠雄            ,201000,210000,-9000,0,0,0,0,0,0,-62000,0,62000,-62000,0,0,0,-71000
060124,奇力新永豐99購03,0,0,0,0,0,0,0,0,0,-72000,0,0,0,22000,94000,-72000,-72000
060431,復盛永豐9A購01  ,0,0,0,0,0,0,0,0,0,-72000,0,0,0,48000,120000,-72000,-72000
06914P,南茂元大98售03  ,0,0,0,0,0,0,0,0,0,-72000,0,0,0,21000,93000,-72000,-72000
06614P,祥碩永豐98售03  ,0,0,0,0,0,0,0,0,0,-72000,0,0,0,53000,125000,-72000,-72000
07500P,微星元大9A售01  ,0,0,0,0,0,0,0,0,0,-72000,0,0,0,35000,107000,-72000,-72000
060385,台勝科凱基9A購01,0,0,0,0,0,0,0,0,0,-73000,0,0,0,23000,96000,-73000,-73000
059064,緯穎凱基99購02  ,0,0,0,0,0,0,0,0,0,-73000,0,0,0,6000,79000,-73000,-73000
05855P,滬深2X中信9C售01,0,0,0,0,0,0,0,0,0,-73000,0,0,0,0,73000,-73000,-73000
056893,智邦元大98購02  ,0,0,0,0,0,0,0,0,0,-73000,0,0,0,20000,93000,-73000,-73000
059275,可成元大99購05  ,0,0,0,0,0,0,0,0,0,-73000,0,0,0,52000,125000,-73000,-73000
057592,美律兆豐99購01  ,0,0,0,0,0,0,0,0,0,-73000,0,0,0,25000,98000,-73000,-73000
057821,晶相光元大98購03,0,0,0,0,0,0,0,0,0,-73000,0,0,0,60000,133000,-73000,-73000
05983P,聯詠國票96售02  ,0,0,0,0,0,0,0,0,0,-73000,0,0,0,40000,113000,-73000,-73000
055648,可成元富97購01  ,0,0,0,0,0,0,0,0,0,-73000,0,0,0,40000,113000,-73000,-73000
060571,京元電永豐9A購01,0,0,0,0,0,0,0,0,0,-73000,0,0,0,0,73000,-73000,-73000
060343,台積電統一9C購02,0,0,0,0,0,0,0,0,0,-74000,0,0,0,27000,101000,-74000,-74000
060347,大立光統一02購01,0,0,0,0,0,0,0,0,0,-75000,0,0,0,14000,89000,-75000,-75000
060297,和碩元大9A購02  ,0,0,0,0,0,0,0,0,0,-75000,0,0,0,0,75000,-75000,-75000
060225,S&P反1元大9A購02,0,0,0,0,0,0,0,0,0,-75000,0,0,0,0,75000,-75000,-75000
060120,聯電富邦9B購01  ,0,0,0,0,0,0,0,0,0,-75000,0,0,0,0,75000,-75000,-75000
059580,大立光元富99購07,0,0,0,0,0,0,0,0,0,-75000,0,0,0,12000,87000,-75000,-75000
058878,旭富國泰9B購01  ,0,0,0,0,0,0,0,0,0,-75000,0,0,0,363000,438000,-75000,-75000
058131,義隆元大99購02  ,0,0,0,0,0,0,0,0,0,-75000,0,0,0,12000,87000,-75000,-75000
053083,中環元大99購01  ,0,0,0,0,0,0,0,0,0,-75000,0,0,0,120000,195000,-75000,-75000
07389P,臺股指群益9C售08,0,1000,-1000,0,0,0,0,0,0,-74000,0,0,0,44000,118000,-74000,-75000
2451,創見            ,49000,140000,-91000,0,0,0,20000,0,20000,-4000,1000,5000,-4000,0,0,0,-75000
4133,亞諾法          ,56000,131000,-75000,0,0,0,0,0,0,0,0,0,0,0,0,0,-75000
057101,新光金中信9A購01,0,0,0,0,0,0,0,0,0,-76000,0,0,0,0,76000,-76000,-76000
056263,友訊統一99購01  ,0,0,0,0,0,0,0,0,0,-76000,0,0,0,0,76000,-76000,-76000
059744,禾伸堂元富99購02,0,0,0,0,0,0,0,0,0,-76000,0,0,0,10000,86000,-76000,-76000
9934,成霖            ,2000,79000,-77000,0,0,0,0,0,0,1000,1000,0,1000,0,0,0,-76000
1464,得力            ,157000,125000,32000,0,0,0,0,0,0,-108000,17000,1000,16000,0,124000,-124000,-76000
057656,大成鋼兆豐98購01,0,0,0,0,0,0,0,0,0,-77000,0,0,0,4000,81000,-77000,-77000
059614,致新永豐99購01  ,0,0,0,0,0,0,0,0,0,-77000,0,0,0,0,77000,-77000,-77000
060459,鴻海元大9A購07  ,0,0,0,0,0,0,0,0,0,-77000,0,0,0,0,77000,-77000,-77000
054609,正崴永豐97購01  ,0,0,0,0,0,0,0,0,0,-77000,0,0,0,0,77000,-77000,-77000
058684,健策凱基99購02  ,0,0,0,0,0,0,0,0,0,-78000,0,0,0,69000,147000,-78000,-78000
056643,奇力新凱基99購01,0,0,0,0,0,0,0,0,0,-79000,0,0,0,49000,128000,-79000,-79000
056586,光罩統一98購02  ,0,0,0,0,0,0,0,0,0,-79000,0,0,0,40000,119000,-79000,-79000
057744,健策永豐98購02  ,0,0,0,0,0,0,0,0,0,-79000,0,0,0,90000,169000,-79000,-79000
054951,大毅元大97購01  ,0,0,0,0,0,0,0,0,0,-79000,0,0,0,60000,139000,-79000,-79000
060506,京元電元大9A購02,0,0,0,0,0,0,0,0,0,-79000,0,0,0,0,79000,-79000,-79000
060626,貿聯元大9A購04  ,0,0,0,0,0,0,0,0,0,-79000,0,0,0,0,79000,-79000,-79000
2634,漢翔            ,42000,112000,-70000,0,0,0,0,0,0,-9000,0,9000,-9000,0,0,0,-79000
057241,超眾凱基99購02  ,0,0,0,0,0,0,0,0,0,-80000,0,0,0,0,80000,-80000,-80000
057090,奇力新元富98購02,0,0,0,0,0,0,0,0,0,-80000,0,0,0,303000,383000,-80000,-80000
056717,康友永豐98購01  ,0,0,0,0,0,0,0,0,0,-80000,0,0,0,170000,250000,-80000,-80000
059976,道瓊銀元大99購01,0,0,0,0,0,0,0,0,0,-80000,0,0,0,23000,103000,-80000,-80000
055015,帆宣元富97購01  ,0,0,0,0,0,0,0,0,0,-80000,0,0,0,10000,90000,-80000,-80000
052831,華固群益96購01  ,0,0,0,0,0,0,0,0,0,-80000,0,0,0,0,80000,-80000,-80000
04023P,臺股指元富99售02,0,0,0,0,0,0,0,0,0,-80000,0,0,0,0,80000,-80000,-80000
3563,牧德            ,72000,120000,-48000,0,0,0,0,0,0,-32000,3000,27000,-24000,1000,9000,-8000,-80000
8404,百和興業-KY     ,148000,228000,-80000,0,0,0,0,0,0,0,0,0,0,0,0,0,-80000
06050P,玉晶光國票98售01,0,0,0,0,0,0,0,0,0,-80000,0,0,0,111000,191000,-80000,-80000
060478,南電元大9A購01  ,0,0,0,0,0,0,0,0,0,-81000,0,0,0,2000,83000,-81000,-81000
060238,強茂元大9C購01  ,0,0,0,0,0,0,0,0,0,-81000,0,0,0,10000,91000,-81000,-81000
056358,友訊元大99購01  ,0,0,0,0,0,0,0,0,0,-81000,0,0,0,13000,94000,-81000,-81000
059004,嘉晶元大99購05  ,0,0,0,0,0,0,0,0,0,-81000,0,0,0,19000,100000,-81000,-81000
053386,聯詠元大96購03  ,0,0,0,0,0,0,0,0,0,-81000,0,0,0,0,81000,-81000,-81000
054861,智邦群益97購01  ,0,0,0,0,0,0,0,0,0,-81000,0,0,0,0,81000,-81000,-81000
060557,南電凱基9A購02  ,0,0,0,0,0,0,0,0,0,-81000,0,0,0,17000,98000,-81000,-81000
058258,世芯國泰9A購01  ,0,0,0,0,0,0,0,0,0,-82000,0,0,0,143000,225000,-82000,-82000
059772,可成群益9A購05  ,0,0,0,0,0,0,0,0,0,-82000,0,0,0,116000,198000,-82000,-82000
060493,美律元富01購01  ,0,0,0,0,0,0,0,0,0,-82000,0,0,0,0,82000,-82000,-82000
07218P,臺股指凱基99售31,0,0,0,0,0,0,0,0,0,-82000,0,0,0,19000,101000,-82000,-82000
060066,欣興兆豐9B購01  ,0,0,0,0,0,0,0,0,0,-82000,0,0,0,29000,111000,-82000,-82000
2351,順德            ,18000,101000,-83000,0,0,0,0,0,0,1000,2000,3000,-1000,2000,0,2000,-82000
060162,碩天永豐9A購01  ,0,0,0,0,0,0,0,0,0,-83000,0,0,0,0,83000,-83000,-83000
060422,台勝科永豐9A購01,0,0,0,0,0,0,0,0,0,-83000,0,0,0,10000,93000,-83000,-83000
056004,南電永豐97購02  ,0,0,0,0,0,0,0,0,0,-83000,0,0,0,12000,95000,-83000,-83000
054029,瀚宇博凱基96購02,0,0,0,0,0,0,0,0,0,-83000,0,0,0,42000,125000,-83000,-83000
052096,力成元大95購01  ,0,0,0,0,0,0,0,0,0,-83000,0,0,0,0,83000,-83000,-83000
055619,同欣電國票98購02,0,0,0,0,0,0,0,0,0,-83000,0,0,0,0,83000,-83000,-83000
052269,T50反1日盛9B購01,0,0,0,0,0,0,0,0,0,-83000,0,0,0,0,83000,-83000,-83000
6491,晶碩            ,1000,84000,-83000,0,0,0,0,0,0,0,0,0,0,0,0,0,-83000
059458,鎧勝永豐99購01  ,0,0,0,0,0,0,0,0,0,-84000,0,0,0,32000,116000,-84000,-84000
056091,百和統一97購01  ,0,0,0,0,0,0,0,0,0,-84000,0,0,0,0,84000,-84000,-84000
058262,大立光富邦9C購02,0,0,0,0,0,0,0,0,0,-84000,0,0,0,0,84000,-84000,-84000
058822,樺漢國泰9B購01  ,0,0,0,0,0,0,0,0,0,-84000,0,0,0,103000,187000,-84000,-84000
059876,智易凱基99購02  ,0,0,0,0,0,0,0,0,0,-85000,0,0,0,0,85000,-85000,-85000
3090,日電貿          ,225000,318000,-93000,0,0,0,0,0,0,8000,3000,4000,-1000,19000,10000,9000,-85000
06296P,燿華元大98售01  ,0,0,0,0,0,0,0,0,0,-85000,0,0,0,91000,176000,-85000,-85000
060513,緯穎元大9B購01  ,0,0,0,0,0,0,0,0,0,-85000,0,0,0,10000,95000,-85000,-85000
056936,禾伸堂元富98購01,0,0,0,0,0,0,0,0,0,-86000,0,0,0,20000,106000,-86000,-86000
056909,嘉聯益元大99購03,0,0,0,0,0,0,0,0,0,-86000,0,0,0,20000,106000,-86000,-86000
057532,智原元大98購03  ,0,0,0,0,0,0,0,0,0,-86000,0,0,0,39000,125000,-86000,-86000
060559,世紀鋼凱基9C購01,0,0,0,0,0,0,0,0,0,-86000,0,0,0,0,86000,-86000,-86000
2548,華固            ,274000,195000,79000,0,0,0,0,0,0,-165000,11000,171000,-160000,0,5000,-5000,-86000
057365,智邦元大98購07  ,0,0,0,0,0,0,0,0,0,-87000,0,0,0,1000,88000,-87000,-87000
060427,聯茂永豐9A購01  ,0,0,0,0,0,0,0,0,0,-87000,0,0,0,0,87000,-87000,-87000
059999,緯穎元富99購01  ,0,0,0,0,0,0,0,0,0,-87000,0,0,0,62000,149000,-87000,-87000
060144,全新國票9B購01  ,0,0,0,0,0,0,0,0,0,-87000,0,0,0,0,87000,-87000,-87000
060407,南六國泰9C購01  ,0,0,0,0,0,0,0,0,0,-87000,0,0,0,86000,173000,-87000,-87000
060198,祥碩元富9A購02  ,0,0,0,0,0,0,0,0,0,-87000,0,0,0,0,87000,-87000,-87000
058951,南電群益99購01  ,0,0,0,0,0,0,0,0,0,-87000,0,0,0,59000,146000,-87000,-87000
057298,旭富永豐98購01  ,0,0,0,0,0,0,0,0,0,-87000,0,0,0,117000,204000,-87000,-87000
057803,上銀元大98購08  ,0,0,0,0,0,0,0,0,0,-87000,0,0,0,31000,118000,-87000,-87000
059878,聯茂凱基99購07  ,0,0,0,0,0,0,0,0,0,-87000,0,0,0,56000,143000,-87000,-87000
054481,鎧勝中信96購01  ,0,0,0,0,0,0,0,0,0,-87000,0,0,0,0,87000,-87000,-87000
049656,臺股指凱基94購17,0,0,0,0,0,0,0,0,0,-87000,0,0,0,0,87000,-87000,-87000
050902,南電元大96購01  ,0,0,0,0,0,0,0,0,0,-87000,0,0,0,7000,94000,-87000,-87000
060170,世紀鋼永豐9A購01,0,0,0,0,0,0,0,0,0,-87000,0,0,0,0,87000,-87000,-87000
07473P,祥碩元大9A售01  ,0,0,0,0,0,0,0,0,0,-87000,0,0,0,0,87000,-87000,-87000
058908,貿聯元大99購03  ,0,0,0,0,0,0,0,0,0,-88000,0,0,0,207000,295000,-88000,-88000
1560,中砂            ,83000,187000,-104000,0,0,0,0,0,0,16000,16000,0,16000,0,0,0,-88000
3356,奇偶            ,76000,162000,-86000,0,0,0,0,0,0,-2000,0,2000,-2000,0,0,0,-88000
059274,國巨元大99購22  ,0,0,0,0,0,0,0,0,0,-89000,0,0,0,682000,771000,-89000,-89000
060197,臻鼎元富9A購02  ,0,0,0,0,0,0,0,0,0,-89000,0,0,0,82000,171000,-89000,-89000
049972,南電國票95購02  ,0,0,0,0,0,0,0,0,0,-89000,0,0,0,0,89000,-89000,-89000
051690,超眾凱基95購03  ,0,0,0,0,0,0,0,0,0,-89000,0,0,0,7000,96000,-89000,-89000
05192P,玉晶光台新96售02,0,0,0,0,0,0,0,0,0,-89000,0,0,0,20000,109000,-89000,-89000
00652,富邦印度        ,0,0,0,0,0,0,0,0,0,-89000,0,0,0,0,89000,-89000,-89000
059950,百和永豐99購02  ,0,0,0,0,0,0,0,0,0,-89000,0,0,0,6000,95000,-89000,-89000
059728,聯鈞元大99購01  ,0,0,0,0,0,0,0,0,0,-89000,0,0,0,22000,111000,-89000,-89000
054908,群電康和97購01  ,0,0,0,0,0,0,0,0,0,-89000,0,0,0,5000,94000,-89000,-89000
055901,超眾中信97購01  ,0,0,0,0,0,0,0,0,0,-89000,0,0,0,0,89000,-89000,-89000
2402,毅嘉            ,27000,117000,-90000,0,0,0,0,0,0,1000,2000,1000,1000,0,0,0,-89000
060359,國巨元富9A購02  ,0,0,0,0,0,0,0,0,0,-90000,0,0,0,39000,129000,-90000,-90000
06038P,國泰金台新96售01,0,0,0,0,0,0,0,0,0,-90000,0,0,0,0,90000,-90000,-90000
058904,晶技元大99購05  ,0,0,0,0,0,0,0,0,0,-90000,0,0,0,0,90000,-90000,-90000
057805,華通元大98購06  ,0,0,0,0,0,0,0,0,0,-90000,0,0,0,0,90000,-90000,-90000
059942,全新永豐99購04  ,0,0,0,0,0,0,0,0,0,-90000,0,0,0,2000,92000,-90000,-90000
03648C,T50反1元大96牛07,0,0,0,0,0,0,0,0,0,-90000,0,0,0,10000,100000,-90000,-90000
5519,隆大            ,93000,183000,-90000,0,0,0,0,0,0,0,0,0,0,0,0,0,-90000
3533,嘉澤            ,100000,197000,-97000,0,0,0,4000,5000,-1000,7000,14000,7000,7000,6000,6000,0,-91000
3406,玉晶光          ,849000,503000,346000,0,0,0,0,270000,-270000,-167928,30000,194928,-164928,49000,52000,-3000,-91928
058031,旺宏永豐98購04  ,0,0,0,0,0,0,0,0,0,-92000,0,0,0,3000,95000,-92000,-92000
060413,東元永豐9A購01  ,0,0,0,0,0,0,0,0,0,-92000,0,0,0,0,92000,-92000,-92000
058774,台郡兆豐9A購01  ,0,0,0,0,0,0,0,0,0,-92000,0,0,0,19000,111000,-92000,-92000
055653,聯詠元富01購02  ,0,0,0,0,0,0,0,0,0,-92000,0,0,0,8000,100000,-92000,-92000
06300P,緯穎元大97售04  ,0,0,0,0,0,0,0,0,0,-92000,0,0,0,50000,142000,-92000,-92000
059661,大立光元大99購22,0,0,0,0,0,0,0,0,0,-93000,0,0,0,0,93000,-93000,-93000
058309,大毅元大99購02  ,0,0,0,0,0,0,0,0,0,-93000,0,0,0,122000,215000,-93000,-93000
051531,國巨國票96購04  ,0,0,0,0,0,0,0,0,0,-93000,0,0,0,40000,133000,-93000,-93000
2059,川湖            ,12000,106000,-94000,0,0,0,0,0,0,1000,1000,0,1000,0,0,0,-93000
07423P,大立光元大99售33,0,0,0,0,0,0,0,0,0,-93000,0,0,0,10000,103000,-93000,-93000
07362P,聯發科元大99售35,0,0,0,0,0,0,0,0,0,-93000,0,0,0,13000,106000,-93000,-93000
058190,貿聯永豐99購01  ,0,0,0,0,0,0,0,0,0,-94000,0,0,0,35000,129000,-94000,-94000
058931,玉晶光統一9C購01,0,0,0,0,0,0,0,0,0,-94000,0,0,0,8000,102000,-94000,-94000
060125,強茂永豐99購01  ,0,0,0,0,0,0,0,0,0,-94000,0,0,0,0,94000,-94000,-94000
056076,超眾元大97購05  ,0,0,0,0,0,0,0,0,0,-95000,0,0,0,0,95000,-95000,-95000
058036,南電永豐98購01  ,0,0,0,0,0,0,0,0,0,-95000,0,0,0,27000,122000,-95000,-95000
057924,健策凱基98購02  ,0,0,0,0,0,0,0,0,0,-95000,0,0,0,20000,115000,-95000,-95000
055556,奇力新凱基98購03,0,0,0,0,0,0,0,0,0,-95000,0,0,0,0,95000,-95000,-95000
046906,新光金凱基99購02,0,0,0,0,0,0,0,0,0,-95000,0,0,0,53000,148000,-95000,-95000
053074,嘉晶永豐96購02  ,0,0,0,0,0,0,0,0,0,-95000,0,0,0,80000,175000,-95000,-95000
06504P,麗豐國票99售02  ,0,0,0,0,0,0,0,0,0,-95000,0,0,0,0,95000,-95000,-95000
3703,欣陸            ,274000,369000,-95000,0,0,0,0,0,0,0,0,0,0,0,0,0,-95000
3008,大立光          ,311007,371565,-60558,0,0,0,42000,93000,-51000,16000,23000,13000,10000,7000,1000,6000,-95558
059439,健策元大9B購01  ,0,0,0,0,0,0,0,0,0,-96000,0,0,0,71000,167000,-96000,-96000
056187,京鼎統一97購01  ,0,0,0,0,0,0,0,0,0,-96000,0,0,0,0,96000,-96000,-96000
060016,廣達康和99購01  ,0,0,0,0,0,0,0,0,0,-96000,0,0,0,9000,105000,-96000,-96000
060430,和潤永豐9A購01  ,0,0,0,0,0,0,0,0,0,-96000,0,0,0,3000,99000,-96000,-96000
055197,致新元富97購02  ,0,0,0,0,0,0,0,0,0,-96000,0,0,0,40000,136000,-96000,-96000
059171,祥碩凱基99購04  ,0,0,0,0,0,0,0,0,0,-96000,0,0,0,59000,155000,-96000,-96000
055240,京元電元富97購01,0,0,0,0,0,0,0,0,0,-96000,0,0,0,186000,282000,-96000,-96000
05206P,南茂元大95售01  ,0,0,0,0,0,0,0,0,0,-96000,0,0,0,20000,116000,-96000,-96000
057926,帆宣凱基98購02  ,0,0,0,0,0,0,0,0,0,-97000,0,0,0,29000,126000,-97000,-97000
058007,南電群益98購02  ,0,0,0,0,0,0,0,0,0,-97000,0,0,0,8000,105000,-97000,-97000
2881A,富邦特          ,31000,0,31000,0,0,0,0,0,0,-128000,2000,130000,-128000,0,0,0,-97000
058006,台郡群益98購04  ,0,0,0,0,0,0,0,0,0,-98000,0,0,0,102000,200000,-98000,-98000
057562,奇鋐兆豐98購01  ,0,0,0,0,0,0,0,0,0,-98000,0,0,0,121000,219000,-98000,-98000
058788,喬山元大99購01  ,0,0,0,0,0,0,0,0,0,-98000,0,0,0,3000,101000,-98000,-98000
056616,台光電永豐98購01,0,0,0,0,0,0,0,0,0,-98000,0,0,0,86000,184000,-98000,-98000
060390,聯鈞群益9A購01  ,0,0,0,0,0,0,0,0,0,-98000,0,0,0,11000,109000,-98000,-98000
054506,矽格永豐96購01  ,0,0,0,0,0,0,0,0,0,-98000,0,0,0,0,98000,-98000,-98000
052714,義隆凱基96購02  ,0,0,0,0,0,0,0,0,0,-98000,0,0,0,20000,118000,-98000,-98000
054311,世芯凱基96購02  ,0,0,0,0,0,0,0,0,0,-98000,0,0,0,17000,115000,-98000,-98000
060115,南電元大99購06  ,0,0,0,0,0,0,0,0,0,-98000,0,0,0,202000,300000,-98000,-98000
1303,南亞            ,1713000,1725000,-12000,0,0,0,15000,79000,-64000,-22000,16000,43000,-27000,5000,0,5000,-98000
058215,貿聯群益99購02  ,0,0,0,0,0,0,0,0,0,-99000,0,0,0,1000,100000,-99000,-99000
054299,南電元大96購03  ,0,0,0,0,0,0,0,0,0,-99000,0,0,0,1000,100000,-99000,-99000
053725,晶相光凱基96購01,0,0,0,0,0,0,0,0,0,-99000,0,0,0,4000,103000,-99000,-99000
050496,鴻海富邦96購01  ,0,0,0,0,0,0,0,0,0,-99000,0,0,0,0,99000,-99000,-99000
058182,日電貿國泰9A購01,0,0,0,0,0,0,0,0,0,-100000,0,0,0,0,100000,-100000,-100000
058324,嘉聯益永豐9A購01,0,0,0,0,0,0,0,0,0,-100000,0,0,0,68000,168000,-100000,-100000
057179,可成元大98購04  ,0,0,0,0,0,0,0,0,0,-100000,0,0,0,107000,207000,-100000,-100000
058924,晶相光元富99購02,0,0,0,0,0,0,0,0,0,-100000,0,0,0,0,100000,-100000,-100000
058992,上証反元大99購02,0,0,0,0,0,0,0,0,0,-100000,0,0,0,0,100000,-100000,-100000
060249,正文元大9C購01  ,0,0,0,0,0,0,0,0,0,-100000,0,0,0,0,100000,-100000,-100000
056506,晶豪科永豐98購02,0,0,0,0,0,0,0,0,0,-100000,0,0,0,0,100000,-100000,-100000
05731P,創意統一96售03  ,0,0,0,0,0,0,0,0,0,-100000,0,0,0,0,100000,-100000,-100000
056100,楠梓電永豐97購02,0,0,0,0,0,0,0,0,0,-100000,0,0,0,0,100000,-100000,-100000
057387,奇力新永豐98購03,0,0,0,0,0,0,0,0,0,-100000,0,0,0,0,100000,-100000,-100000
058575,智邦群益99購01  ,0,0,0,0,0,0,0,0,0,-100000,0,0,0,57000,157000,-100000,-100000
050831,超眾凱基95購01  ,0,0,0,0,0,0,0,0,0,-100000,0,0,0,2000,102000,-100000,-100000
052335,新光金日盛95購02,0,0,0,0,0,0,0,0,0,-100000,0,0,0,0,100000,-100000,-100000
051589,健鼎元大95購02  ,0,0,0,0,0,0,0,0,0,-100000,0,0,0,0,100000,-100000,-100000
055746,同欣電元富97購01,0,0,0,0,0,0,0,0,0,-100000,0,0,0,95000,195000,-100000,-100000
052180,緯穎元大96購05  ,0,0,0,0,0,0,0,0,0,-100000,0,0,0,25000,125000,-100000,-100000
049630,臺股指群益94購03,0,0,0,0,0,0,0,0,0,-100000,0,0,0,0,100000,-100000,-100000
03657C,T50反1元大99牛01,0,0,0,0,0,0,0,0,0,-100000,0,0,0,0,100000,-100000,-100000
051825,中環元大95購01  ,0,0,0,0,0,0,0,0,0,-100000,0,0,0,0,100000,-100000,-100000
045872,元油2X元富98購03,0,100000,-100000,0,0,0,0,0,0,0,0,0,0,0,0,0,-100000
006208,富邦台50        ,3000,3000,0,0,0,0,0,0,0,-100000,0,0,0,254000,354000,-100000,-100000
053531,國泰金康和96購01,0,0,0,0,0,0,0,0,0,-100000,0,0,0,0,100000,-100000,-100000
055120,南港兆豐97購01  ,0,0,0,0,0,0,0,0,0,-100000,0,0,0,10000,110000,-100000,-100000
052989,麗豐元大98購01  ,0,0,0,0,0,0,0,0,0,-100000,0,0,0,0,100000,-100000,-100000
060627,國巨國泰9B購05  ,0,0,0,0,0,0,0,0,0,-100000,0,0,0,200000,300000,-100000,-100000
060324,台積電群益9B購02,0,0,0,0,0,0,0,0,0,-101000,0,0,0,0,101000,-101000,-101000
060029,嘉晶永豐99購03  ,0,0,0,0,0,0,0,0,0,-101000,0,0,0,15000,116000,-101000,-101000
055563,智易凱基97購02  ,0,0,0,0,0,0,0,0,0,-101000,0,0,0,0,101000,-101000,-101000
8926,台汽電          ,480000,584000,-104000,0,0,0,0,0,0,3000,20000,17000,3000,0,0,0,-101000
060323,華通群益9C購01  ,0,0,0,0,0,0,0,0,0,-102000,0,0,0,1000,103000,-102000,-102000
058929,可成統一9C購01  ,0,0,0,0,0,0,0,0,0,-102000,0,0,0,10000,112000,-102000,-102000
059254,台表科凱基9A購02,0,0,0,0,0,0,0,0,0,-102000,0,0,0,10000,112000,-102000,-102000
04628P,欣興元大95售01  ,0,0,0,0,0,0,0,0,0,-102000,0,0,0,0,102000,-102000,-102000
059967,聯發科凱基99購20,0,0,0,0,0,0,0,0,0,-102000,0,0,0,0,102000,-102000,-102000
058244,神達元大99購02  ,0,0,0,0,0,0,0,0,0,-103000,0,0,0,0,103000,-103000,-103000
057785,智邦國票99購02  ,0,0,0,0,0,0,0,0,0,-104000,0,0,0,63000,167000,-104000,-104000
060093,友達元大03購01  ,0,0,0,0,0,0,0,0,0,-104000,0,0,0,76000,180000,-104000,-104000
059319,台光電元大99購04,0,0,0,0,0,0,0,0,0,-105000,0,0,0,42000,147000,-105000,-105000
055687,瀚宇博凱基97購01,0,0,0,0,0,0,0,0,0,-105000,0,0,0,32000,137000,-105000,-105000
060548,友達凱基9B購03  ,0,0,0,0,0,0,0,0,0,-105000,0,0,0,0,105000,-105000,-105000
058141,嘉聯益元大99購05,0,0,0,0,0,0,0,0,0,-106000,0,0,0,5000,111000,-106000,-106000
052775,滬深2X國票99購02,0,0,0,0,0,0,0,0,0,-106000,0,0,0,5000,111000,-106000,-106000
055842,建準元大98購01  ,0,0,0,0,0,0,0,0,0,-106000,0,0,0,0,106000,-106000,-106000
1310,台苯            ,129000,289000,-160000,0,0,0,0,0,0,54000,0,14000,-14000,68000,0,68000,-106000
8101,華冠            ,49000,155000,-106000,0,0,0,0,0,0,0,0,0,0,0,0,0,-106000
055070,聯茂永豐97購01  ,0,0,0,0,0,0,0,0,0,-107000,0,0,0,0,107000,-107000,-107000
051281,健策兆豐96購01  ,0,0,0,0,0,0,0,0,0,-107000,0,0,0,0,107000,-107000,-107000
056842,全新元富98購01  ,0,0,0,0,0,0,0,0,0,-108000,0,0,0,0,108000,-108000,-108000
059640,聯詠凱基99購04  ,0,0,0,0,0,0,0,0,0,-108000,0,0,0,156000,264000,-108000,-108000
04949P,致新元大94售04  ,0,0,0,0,0,0,0,0,0,-108000,0,0,0,0,108000,-108000,-108000
046942,友達元大99購01  ,0,0,0,0,0,0,0,0,0,-108000,0,0,0,110000,218000,-108000,-108000
9945,潤泰新          ,549000,654000,-105000,0,0,0,0,0,0,-3000,24000,28000,-4000,1000,0,1000,-108000
2912,統一超          ,373000,494000,-121000,0,0,0,20000,0,20000,-7000,2000,9000,-7000,0,0,0,-108000
1522,堤維西          ,18000,127000,-109000,0,0,0,0,0,0,1000,2000,1000,1000,0,0,0,-108000
07421P,國泰金元大99售01,0,0,0,0,0,0,0,0,0,-108000,0,0,0,11000,119000,-108000,-108000
060360,南亞科元富9A購02,0,0,0,0,0,0,0,0,0,-109000,0,0,0,54000,163000,-109000,-109000
060409,味全永豐9A購01  ,0,0,0,0,0,0,0,0,0,-109000,0,0,0,0,109000,-109000,-109000
058369,亞光凱基99購02  ,0,0,0,0,0,0,0,0,0,-109000,0,0,0,20000,129000,-109000,-109000
05038P,牧德元大95售03  ,0,0,0,0,0,0,0,0,0,-109000,0,0,0,26000,135000,-109000,-109000
055092,開發金群益9B購01,0,0,0,0,0,0,0,0,0,-109000,0,0,0,35000,144000,-109000,-109000
059845,欣興富邦9A購02  ,0,0,0,0,0,0,0,0,0,-109000,0,0,0,23000,132000,-109000,-109000
2820,華票            ,44000,125000,-81000,0,0,0,0,0,0,-28000,0,28000,-28000,0,0,0,-109000
059191,茂林富邦9B購01  ,0,0,0,0,0,0,0,0,0,-110000,0,0,0,0,110000,-110000,-110000
059619,台積電日盛9A購04,0,0,0,0,0,0,0,0,0,-110000,0,0,0,66000,176000,-110000,-110000
054053,聯茂元大96購01  ,0,0,0,0,0,0,0,0,0,-110000,0,0,0,5000,115000,-110000,-110000
053244,光磊國票97購01  ,0,0,0,0,0,0,0,0,0,-110000,0,0,0,0,110000,-110000,-110000
04567P,臺股指凱基95售01,0,0,0,0,0,0,0,0,0,-110000,0,0,0,0,110000,-110000,-110000
8422,可寧衛          ,56000,165000,-109000,0,0,0,0,0,0,-1000,0,1000,-1000,0,0,0,-110000
6196,帆宣            ,344000,525000,-181000,0,0,0,0,0,0,71000,0,0,0,73000,2000,71000,-110000
056938,泰碩元富98購01  ,0,0,0,0,0,0,0,0,0,-111000,0,0,0,19000,130000,-111000,-111000
059231,華通國票9A購04  ,0,0,0,0,0,0,0,0,0,-111000,0,0,0,172000,283000,-111000,-111000
042315,T50反1台新96購01,0,0,0,0,0,0,0,0,0,-111000,0,0,0,0,111000,-111000,-111000
053281,茂林元大96購02  ,0,0,0,0,0,0,0,0,0,-111000,0,0,0,38000,149000,-111000,-111000
059860,台積電群益9A購02,0,0,0,0,0,0,0,0,0,-111000,0,0,0,1000,112000,-111000,-111000
053006,玉晶光永豐96購03,0,0,0,0,0,0,0,0,0,-111000,0,0,0,83000,194000,-111000,-111000
059202,禾聯碩永豐99購01,0,0,0,0,0,0,0,0,0,-112000,0,0,0,0,112000,-112000,-112000
057230,建準凱基98購02  ,0,0,0,0,0,0,0,0,0,-112000,0,0,0,20000,132000,-112000,-112000
060337,FBVIX統一9A購01 ,0,0,0,0,0,0,0,0,0,-112000,0,0,0,7000,119000,-112000,-112000
059884,鴻海國票99購09  ,0,0,0,0,0,0,0,0,0,-112000,0,0,0,127000,239000,-112000,-112000
053103,瀚宇博元富96購01,0,0,0,0,0,0,0,0,0,-112000,0,0,0,127000,239000,-112000,-112000
2748,雲品            ,4000,116000,-112000,0,0,0,0,0,0,0,0,0,0,0,0,0,-112000
060350,元黃金元富9B購01,0,0,0,0,0,0,0,0,0,-113000,0,0,0,10000,123000,-113000,-113000
060244,大立光元大9B購02,0,0,0,0,0,0,0,0,0,-113000,0,0,0,5000,118000,-113000,-113000
059214,國巨元大99購20  ,0,0,0,0,0,0,0,0,0,-113000,0,0,0,371000,484000,-113000,-113000
05634P,玉晶光台新97售01,0,0,0,0,0,0,0,0,0,-114000,0,0,0,213000,327000,-114000,-114000
059442,祥碩元大99購03  ,0,0,0,0,0,0,0,0,0,-114000,0,0,0,445000,559000,-114000,-114000
059512,晶豪科永豐99購02,10000,0,10000,0,0,0,0,0,0,-124000,0,0,0,0,124000,-124000,-114000
053170,茂林群益96購04  ,0,0,0,0,0,0,0,0,0,-114000,0,0,0,0,114000,-114000,-114000
052488,旺宏國票96購03  ,0,0,0,0,0,0,0,0,0,-114000,0,0,0,46000,160000,-114000,-114000
057499,奇鋐群益98購01  ,0,0,0,0,0,0,0,0,0,-115000,0,0,0,0,115000,-115000,-115000
057570,技嘉永豐98購02  ,0,0,0,0,0,0,0,0,0,-115000,0,0,0,0,115000,-115000,-115000
059256,臺股指凱基99購34,0,0,0,0,0,0,0,0,0,-115000,0,0,0,0,115000,-115000,-115000
06859P,元金2X中信9C售01,0,0,0,0,0,0,0,0,0,-115000,0,0,0,21000,136000,-115000,-115000
05755P,臺股指中信99售04,0,0,0,0,0,0,0,0,0,-116000,0,0,0,4000,120000,-116000,-116000
059042,世紀鋼群益99購02,0,0,0,0,0,0,0,0,0,-116000,0,0,0,30000,146000,-116000,-116000
05359P,嘉澤元大95售02  ,0,0,0,0,0,0,0,0,0,-116000,0,0,0,322000,438000,-116000,-116000
03441B,臺股指凱基9A熊05,0,0,0,0,0,0,0,0,0,-116000,0,0,0,170000,286000,-116000,-116000
05759P,智邦永豐96售02  ,0,0,0,0,0,0,0,0,0,-117000,0,0,0,0,117000,-117000,-117000
057817,景碩元大98購01  ,0,0,0,0,0,0,0,0,0,-117000,0,0,0,18000,135000,-117000,-117000
05920P,力成元大96售04  ,0,0,0,0,0,0,0,0,0,-117000,0,0,0,10000,127000,-117000,-117000
059213,國巨元大99購19  ,0,0,0,0,0,0,0,0,0,-117000,0,0,0,199000,316000,-117000,-117000
055407,祥碩國泰98購01  ,0,0,0,0,0,0,0,0,0,-117000,0,0,0,108000,225000,-117000,-117000
055387,世紀鋼元大97購01,0,0,0,0,0,0,0,0,0,-117000,0,0,0,40000,157000,-117000,-117000
07128P,大毅元大99售04  ,0,0,0,0,0,0,0,0,0,-117000,0,0,0,106000,223000,-117000,-117000
07456P,華新科元大9A售06,0,0,0,0,0,0,0,0,0,-117000,0,0,0,22000,139000,-117000,-117000
059041,南茂群益99購02  ,0,0,0,0,0,0,0,0,0,-118000,0,0,0,10000,128000,-118000,-118000
058663,瑞儀兆豐9A購01  ,0,0,0,0,0,0,0,0,0,-118000,0,0,0,168000,286000,-118000,-118000
060368,緯穎元富9A購03  ,0,0,0,0,0,0,0,0,0,-118000,0,0,0,6000,124000,-118000,-118000
052895,台積電群益96購04,0,0,0,0,0,0,0,0,0,-118000,0,0,0,37000,155000,-118000,-118000
059702,台積電凱基9A購14,0,0,0,0,0,0,0,0,0,-119000,0,0,0,0,119000,-119000,-119000
05402P,台郡永豐95售02  ,0,0,0,0,0,0,0,0,0,-119000,0,0,0,111000,230000,-119000,-119000
059704,聯發科凱基9A購08,0,0,0,0,0,0,0,0,0,-120000,0,0,0,0,120000,-120000,-120000
059263,瑞昱中信01購01  ,0,0,0,0,0,0,0,0,0,-120000,0,0,0,28000,148000,-120000,-120000
057720,日電貿元富98購01,0,0,0,0,0,0,0,0,0,-120000,0,0,0,5000,125000,-120000,-120000
058693,旭富國票9A購01  ,0,0,0,0,0,0,0,0,0,-120000,0,0,0,13000,133000,-120000,-120000
056191,世紀鋼統一97購01,0,0,0,0,0,0,0,0,0,-120000,0,0,0,2000,122000,-120000,-120000
058555,矽創永豐9A購01  ,0,0,0,0,0,0,0,0,0,-120000,0,0,0,59000,179000,-120000,-120000
053488,中石化兆豐97購01,0,0,0,0,0,0,0,0,0,-120000,0,0,0,250000,370000,-120000,-120000
2316,楠梓電          ,218000,284000,-66000,0,0,0,0,0,0,-54000,0,24000,-24000,0,30000,-30000,-120000
07259P,滬深2X國票01售01,0,0,0,0,0,0,0,0,0,-120000,0,0,0,5000,125000,-120000,-120000
060591,富邦金台新9A購01,0,0,0,0,0,0,0,0,0,-120000,0,0,0,25000,145000,-120000,-120000
057366,智邦元大98購08  ,0,0,0,0,0,0,0,0,0,-121000,0,0,0,11000,132000,-121000,-121000
056297,台光電元大97購04,0,0,0,0,0,0,0,0,0,-121000,0,0,0,20000,141000,-121000,-121000
052693,微星中信96購01  ,0,0,0,0,0,0,0,0,0,-121000,0,0,0,31000,152000,-121000,-121000
050794,大立光富邦96購04,0,0,0,0,0,0,0,0,0,-121000,0,0,0,50000,171000,-121000,-121000
3033,威健            ,34000,156000,-122000,0,0,0,0,0,0,1000,1000,0,1000,0,0,0,-121000
052874,超眾凱基96購01  ,0,0,0,0,0,0,0,0,0,-122000,0,0,0,10000,132000,-122000,-122000
053806,鎧勝凱基96購02  ,0,0,0,0,0,0,0,0,0,-123000,0,0,0,0,123000,-123000,-123000
058995,台達電元大99購01,0,0,0,0,0,0,0,0,0,-124000,0,0,0,0,124000,-124000,-124000
056558,台達電群益98購01,0,0,0,0,0,0,0,0,0,-124000,0,0,0,98000,222000,-124000,-124000
050481,泰鼎國票96購01  ,0,0,0,0,0,0,0,0,0,-124000,0,0,0,181000,305000,-124000,-124000
057991,健策統一9C購01  ,0,0,0,0,0,0,0,0,0,-125000,0,0,0,0,125000,-125000,-125000
057054,立積元大98購03  ,0,0,0,0,0,0,0,0,0,-125000,0,0,0,20000,145000,-125000,-125000
6582,申豐            ,21000,176000,-155000,0,0,0,0,0,0,30000,30000,0,30000,0,0,0,-125000
059403,T50反1台新03購03,0,0,0,0,0,0,0,0,0,-126000,0,0,0,0,126000,-126000,-126000
03638C,T50反1元大94牛03,0,0,0,0,0,0,0,0,0,-126000,0,0,0,50000,176000,-126000,-126000
059946,健策永豐99購05  ,0,0,0,0,0,0,0,0,0,-126000,0,0,0,89000,215000,-126000,-126000
059948,正文永豐99購01  ,0,0,0,0,0,0,0,0,0,-126000,0,0,0,14000,140000,-126000,-126000
053347,茂林國票98購01  ,0,0,0,0,0,0,0,0,0,-126000,0,0,0,89000,215000,-126000,-126000
054253,宏達電元大97購03,0,0,0,0,0,0,0,0,0,-126000,0,0,0,22000,148000,-126000,-126000
2845,遠東銀          ,1060000,1143000,-83000,0,0,0,3000,0,3000,-46000,56000,102000,-46000,0,0,0,-126000
060001,台灣50群益9A購10,0,0,0,0,0,0,0,0,0,-127000,0,0,0,0,127000,-127000,-127000
2723,美食-KY         ,56000,184000,-128000,0,0,0,0,0,0,0,0,0,0,0,0,0,-128000
060295,貿聯元大9A購03  ,0,0,0,0,0,0,0,0,0,-129000,0,0,0,10000,139000,-129000,-129000
058010,帆宣國票98購01  ,0,0,0,0,0,0,0,0,0,-129000,0,0,0,59000,188000,-129000,-129000
057017,和大凱基98購01  ,0,0,0,0,0,0,0,0,0,-130000,0,0,0,50000,180000,-130000,-130000
054699,復盛永豐97購01  ,0,0,0,0,0,0,0,0,0,-130000,0,0,0,0,130000,-130000,-130000
047410,上銀元富96購01  ,0,0,0,0,0,0,0,0,0,-130000,0,0,0,30000,160000,-130000,-130000
05124P,華新科富邦97售02,0,0,0,0,0,0,0,0,0,-130000,0,0,0,0,130000,-130000,-130000
04966P,台表科元大94售04,0,0,0,0,0,0,0,0,0,-130000,0,0,0,0,130000,-130000,-130000
05919P,京鼎元大96售03  ,0,0,0,0,0,0,0,0,0,-131000,0,0,0,95000,226000,-131000,-131000
058831,茂林永豐99購01  ,0,0,0,0,0,0,0,0,0,-131000,0,0,0,104000,235000,-131000,-131000
059122,超眾永豐99購01  ,0,0,0,0,0,0,0,0,0,-131000,0,0,0,71000,202000,-131000,-131000
059597,大立光元大99購21,0,0,0,0,0,0,0,0,0,-131000,0,0,0,5000,136000,-131000,-131000
054043,漢唐元大97購01  ,0,0,0,0,0,0,0,0,0,-131000,0,0,0,0,131000,-131000,-131000
054819,裕民元大9A購01  ,0,0,0,0,0,0,0,0,0,-131000,0,0,0,289000,420000,-131000,-131000
056576,晶技元大99購02  ,0,0,0,0,0,0,0,0,0,-132000,0,0,0,0,132000,-132000,-132000
059180,祥碩元富9A購01  ,0,0,0,0,0,0,0,0,0,-132000,0,0,0,435000,567000,-132000,-132000
053403,彩晶群益98購01  ,0,0,0,0,0,0,0,0,0,-132000,0,0,0,0,132000,-132000,-132000
050480,健策國票95購04  ,0,0,0,0,0,0,0,0,0,-133000,0,0,0,50000,183000,-133000,-133000
057287,彩晶元大9C購03  ,0,0,0,0,0,0,0,0,0,-134000,0,0,0,68000,202000,-134000,-134000
042929,台積電中信95購02,0,0,0,0,0,0,0,0,0,-134000,0,0,0,10000,144000,-134000,-134000
059875,信邦凱基99購02  ,0,0,0,0,0,0,0,0,0,-134000,0,0,0,158000,292000,-134000,-134000
058966,元油2X日盛99購03,0,0,0,0,0,0,0,0,0,-135000,0,0,0,10000,145000,-135000,-135000
060289,京元電元大9A購01,0,0,0,0,0,0,0,0,0,-135000,0,0,0,33000,168000,-135000,-135000
060085,華通元大99購10  ,0,0,0,0,0,0,0,0,0,-135000,0,0,0,5000,140000,-135000,-135000
2511,太子            ,136000,271000,-135000,0,0,0,0,0,0,0,0,0,0,0,0,0,-135000
058836,FBVIX中信03購05 ,0,0,0,0,0,0,0,0,0,-136000,0,0,0,134000,270000,-136000,-136000
055893,大立光統一97購07,0,0,0,0,0,0,0,0,0,-136000,0,0,0,33000,169000,-136000,-136000
07032P,聯發科統一9C售02,0,0,0,0,0,0,0,0,0,-136000,0,0,0,3000,139000,-136000,-136000
4960,誠美材          ,0,136000,-136000,0,0,0,0,0,0,0,0,0,0,0,0,0,-136000
060363,美律元富9A購01  ,0,0,0,0,0,0,0,0,0,-137000,0,0,0,25000,162000,-137000,-137000
4142,國光生          ,412000,559000,-147000,0,0,0,0,0,0,10000,10000,0,10000,0,0,0,-137000
059363,超眾永豐99購02  ,0,0,0,0,0,0,0,0,0,-138000,0,0,0,26000,164000,-138000,-138000
055837,致茂元大97購02  ,0,0,0,0,0,0,0,0,0,-138000,0,0,0,0,138000,-138000,-138000
054907,帆宣康和97購01  ,0,0,0,0,0,0,0,0,0,-138000,0,0,0,0,138000,-138000,-138000
060489,世紀鋼群益9A購01,0,0,0,0,0,0,0,0,0,-138000,0,0,0,0,138000,-138000,-138000
058944,元石油群益9C購02,0,0,0,0,0,0,0,0,0,-139000,0,0,0,0,139000,-139000,-139000
00654R,富邦印度反1     ,0,0,0,0,0,0,0,0,0,-139000,0,0,0,0,139000,-139000,-139000
058017,漢唐凱基99購01  ,0,0,0,0,0,0,0,0,0,-140000,0,0,0,0,140000,-140000,-140000
057031,滬深反元大9B購02,0,0,0,0,0,0,0,0,0,-140000,0,0,0,0,140000,-140000,-140000
057077,國巨統一98購06  ,0,0,0,0,0,0,0,0,0,-140000,0,0,0,7000,147000,-140000,-140000
054935,華通元大98購03  ,0,0,0,0,0,0,0,0,0,-140000,0,0,0,0,140000,-140000,-140000
055280,智邦元大97購01  ,0,0,0,0,0,0,0,0,0,-140000,0,0,0,2000,142000,-140000,-140000
9907,統一實          ,182000,325000,-143000,0,0,0,0,0,0,3000,6000,3000,3000,0,0,0,-140000
057053,立積元大98購02  ,0,0,0,0,0,0,0,0,0,-141000,0,0,0,14000,155000,-141000,-141000
057962,超眾元大99購03  ,0,0,0,0,0,0,0,0,0,-141000,0,0,0,68000,209000,-141000,-141000
057691,健策凱基99購01  ,0,0,0,0,0,0,0,0,0,-141000,0,0,0,78000,219000,-141000,-141000
055449,超眾統一9A購01  ,0,0,0,0,0,0,0,0,0,-141000,0,0,0,0,141000,-141000,-141000
057323,智邦群益98購01  ,0,0,0,0,0,0,0,0,0,-143000,0,0,0,98000,241000,-143000,-143000
058540,嘉聯益國泰9A購02,0,0,0,0,0,0,0,0,0,-143000,0,0,0,37000,180000,-143000,-143000
2603,長榮            ,1653000,3302000,-1649000,0,0,0,1646000,0,1646000,-140000,101000,243000,-142000,2000,0,2000,-143000
06603P,立積統一99售01  ,0,0,0,0,0,0,0,0,0,-143000,0,0,0,33000,176000,-143000,-143000
060298,鎧勝元大9C購01  ,0,0,0,0,0,0,0,0,0,-144000,0,0,0,109000,253000,-144000,-144000
056319,智原群益98購02  ,0,0,0,0,0,0,0,0,0,-144000,0,0,0,0,144000,-144000,-144000
00783,富邦中証500     ,0,28000,-28000,0,0,0,0,0,0,-116000,0,0,0,801000,917000,-116000,-144000
00710B,FH彭博高收益債  ,0,0,0,0,0,0,0,0,0,-144000,0,0,0,171000,315000,-144000,-144000
058664,百和兆豐99購01  ,0,0,0,0,0,0,0,0,0,-145000,0,0,0,1000,146000,-145000,-145000
056209,超眾永豐97購02  ,0,0,0,0,0,0,0,0,0,-145000,0,0,0,7000,152000,-145000,-145000
054693,神基永豐97購01  ,0,0,0,0,0,0,0,0,0,-145000,0,0,0,0,145000,-145000,-145000
059819,台積電凱基99購17,0,0,0,0,0,0,0,0,0,-145000,0,0,0,0,145000,-145000,-145000
055175,建準統一97購01  ,0,0,0,0,0,0,0,0,0,-145000,0,0,0,0,145000,-145000,-145000
059578,智邦元富99購02  ,0,0,0,0,0,0,0,0,0,-146000,0,0,0,178000,324000,-146000,-146000
059096,百和元大99購04  ,0,0,0,0,0,0,0,0,0,-146000,0,0,0,2000,148000,-146000,-146000
057286,群創元大9B購05  ,0,0,0,0,0,0,0,0,0,-146000,0,0,0,0,146000,-146000,-146000
07418P,聯發科元大99售45,0,0,0,0,0,0,0,0,0,-146000,0,0,0,60000,206000,-146000,-146000
059073,元油2X元大9C購14,0,0,0,0,0,0,0,0,0,-148000,0,0,0,104000,252000,-148000,-148000
055798,聯茂富邦98購01  ,0,0,0,0,0,0,0,0,0,-148000,0,0,0,0,148000,-148000,-148000
059829,超眾凱基99購05  ,0,0,0,0,0,0,0,0,0,-148000,0,0,0,58000,206000,-148000,-148000
2441,超豐            ,49000,190000,-141000,0,0,0,0,0,0,-7000,0,7000,-7000,0,0,0,-148000
058674,宏達電群益99購01,0,0,0,0,0,0,0,0,0,-149000,0,0,0,20000,169000,-149000,-149000
059805,台積電元富99購02,0,0,0,0,0,0,0,0,0,-150000,0,0,0,150000,300000,-150000,-150000
051804,新光金日盛95購01,0,0,0,0,0,0,0,0,0,-150000,0,0,0,0,150000,-150000,-150000
056846,晶相光元富98購01,0,0,0,0,0,0,0,0,0,-151000,0,0,0,100000,251000,-151000,-151000
053427,鎧勝永豐96購02  ,0,0,0,0,0,0,0,0,0,-151000,0,0,0,0,151000,-151000,-151000
053355,超眾兆豐97購01  ,0,0,0,0,0,0,0,0,0,-151000,0,0,0,2000,153000,-151000,-151000
059650,緯穎凱基99購04  ,0,0,0,0,0,0,0,0,0,-152000,0,0,0,8000,160000,-152000,-152000
059920,宏達電元大99購07,0,0,0,0,0,0,0,0,0,-152000,0,0,0,421000,573000,-152000,-152000
057904,矽力永豐98購01  ,0,0,0,0,0,0,0,0,0,-153000,0,0,0,0,153000,-153000,-153000
055936,彩晶群益98購02  ,0,0,0,0,0,0,0,0,0,-153000,0,0,0,0,153000,-153000,-153000
07561P,玉晶光永豐9A售02,0,0,0,0,0,0,0,0,0,-153000,0,0,0,0,153000,-153000,-153000
059629,友達凱基99購06  ,0,0,0,0,0,0,0,0,0,-154000,0,0,0,23000,177000,-154000,-154000
00715L,街口布蘭特油正2 ,181000,324000,-143000,0,0,0,0,0,0,-11000,0,0,0,720000,731000,-11000,-154000
060302,台積電富邦02購01,0,0,0,0,0,0,0,0,0,-155000,0,0,0,101000,256000,-155000,-155000
060389,世紀鋼凱基9B購02,0,0,0,0,0,0,0,0,0,-155000,0,0,0,0,155000,-155000,-155000
06545P,致茂元大98售01  ,0,0,0,0,0,0,0,0,0,-155000,0,0,0,3000,158000,-155000,-155000
060472,中租元大9A購02  ,0,0,0,0,0,0,0,0,0,-156000,0,0,0,21000,177000,-156000,-156000
058959,南茂國票9A購01  ,0,0,0,0,0,0,0,0,0,-156000,0,0,0,102000,258000,-156000,-156000
06595P,祥碩元大98售03  ,0,0,0,0,0,0,0,0,0,-157000,0,0,0,39000,196000,-157000,-157000
8210,勤誠            ,243000,75000,168000,0,0,0,0,276000,-276000,-49000,6000,38000,-32000,1000,18000,-17000,-157000
060230,台積電元大9A購07,0,0,0,0,0,0,0,0,0,-158000,0,0,0,0,158000,-158000,-158000
055177,宏達電統一99購01,0,0,0,0,0,0,0,0,0,-158000,0,0,0,10000,168000,-158000,-158000
053542,超眾永豐96購01  ,0,0,0,0,0,0,0,0,0,-158000,0,0,0,0,158000,-158000,-158000
03435B,臺股指凱基99熊29,0,0,0,0,0,0,0,0,0,-159000,0,0,0,511000,670000,-159000,-159000
050514,聯電元大94購01  ,0,0,0,0,0,0,0,0,0,-159000,0,0,0,250000,409000,-159000,-159000
058224,世芯統一9B購02  ,0,0,0,0,0,0,0,0,0,-160000,0,0,0,75000,235000,-160000,-160000
053999,台表科群益96購06,0,0,0,0,0,0,0,0,0,-160000,0,0,0,0,160000,-160000,-160000
047194,世紀鋼元大96購01,0,0,0,0,0,0,0,0,0,-160000,0,0,0,49000,209000,-160000,-160000
3149,正達            ,18000,179000,-161000,0,0,0,0,0,0,0,0,0,0,0,0,0,-161000
060050,鴻海凱基9B購01  ,0,0,0,0,0,0,0,0,0,-161000,0,0,0,0,161000,-161000,-161000
058247,聯茂元大99購04  ,0,0,0,0,0,0,0,0,0,-162000,0,0,0,20000,182000,-162000,-162000
058896,中環元大99購03  ,0,0,0,0,0,0,0,0,0,-162000,0,0,0,110000,272000,-162000,-162000
060018,國產康和99購01  ,0,0,0,0,0,0,0,0,0,-162000,0,0,0,164000,326000,-162000,-162000
060021,立積康和99購01  ,0,0,0,0,0,0,0,0,0,-162000,0,0,0,33000,195000,-162000,-162000
06852P,臺股指元大98售11,0,0,0,0,0,0,0,0,0,-162000,0,0,0,311000,473000,-162000,-162000
057998,玉晶光麥證9A購01,0,0,0,0,163000,-163000,0,0,0,-163000,0,0,0,0,163000,-163000,-163000
060211,智邦康和9A購01  ,0,0,0,0,0,0,0,0,0,-164000,0,0,0,0,164000,-164000,-164000
057056,立積元大99購02  ,0,0,0,0,0,0,0,0,0,-165000,0,0,0,11000,176000,-165000,-165000
07531P,大立光國泰9B售03,0,0,0,0,0,0,0,0,0,-165000,0,0,0,1280000,1445000,-165000,-165000
3669,圓展            ,135000,300000,-165000,0,0,0,0,0,0,0,0,0,0,0,0,0,-165000
060408,和潤國泰9C購01  ,0,0,0,0,0,0,0,0,0,-166000,0,0,0,0,166000,-166000,-166000
051944,智邦統一95購02  ,0,0,0,0,0,0,0,0,0,-166000,0,0,0,0,166000,-166000,-166000
07547P,緯穎凱基9A售05  ,0,0,0,0,0,0,0,0,0,-166000,0,0,0,0,166000,-166000,-166000
059986,宏達電元大99購08,0,0,0,0,0,0,0,0,0,-168000,0,0,0,143000,311000,-168000,-168000
058160,奇鋐元富99購01  ,0,0,0,0,0,0,0,0,0,-168000,0,0,0,124000,292000,-168000,-168000
057121,立積康和98購01  ,0,0,0,0,0,0,0,0,0,-168000,0,0,0,0,168000,-168000,-168000
056266,開發金統一9A購01,0,0,0,0,0,0,0,0,0,-168000,0,0,0,222000,390000,-168000,-168000
052657,友達元富96購01  ,0,0,0,0,0,0,0,0,0,-168000,0,0,0,220000,388000,-168000,-168000
059908,元金2X元大99購01,0,0,0,0,0,0,0,0,0,-168000,0,0,0,20000,188000,-168000,-168000
1444,力麗            ,130000,299000,-169000,0,0,0,0,0,0,1000,4000,3000,1000,0,0,0,-168000
060084,聯電元大99購02  ,0,0,0,0,0,0,0,0,0,-168000,0,0,0,23000,191000,-168000,-168000
056314,力成元大97購01  ,0,0,0,0,0,0,0,0,0,-169000,0,0,0,35000,204000,-169000,-169000
06477P,緯穎國票99售02  ,0,0,0,0,0,0,0,0,0,-169000,0,0,0,217000,386000,-169000,-169000
060416,神隆永豐9A購01  ,0,0,0,0,0,0,0,0,0,-170000,0,0,0,0,170000,-170000,-170000
060336,南電康和9A購01  ,0,0,0,0,0,0,0,0,0,-170000,0,0,0,30000,200000,-170000,-170000
060553,祥碩凱基9A購01  ,0,0,0,0,0,0,0,0,0,-170000,0,0,0,52000,222000,-170000,-170000
07391P,台灣50國泰02售01,0,0,0,0,0,0,0,0,0,-170000,0,0,0,30000,200000,-170000,-170000
2388,威盛            ,43000,213000,-170000,0,0,0,0,0,0,0,0,0,0,0,0,0,-170000
060406,瑞祺國泰9B購01  ,0,0,0,0,0,0,0,0,0,-171000,0,0,0,14000,185000,-171000,-171000
059534,國泰金凱基99購01,0,0,0,0,0,0,0,0,0,-171000,0,0,0,82000,253000,-171000,-171000
055470,南亞科凱基97購01,0,0,0,0,0,0,0,0,0,-171000,0,0,0,114000,285000,-171000,-171000
051945,智邦統一95購03  ,0,0,0,0,0,0,0,0,0,-171000,0,0,0,89000,260000,-171000,-171000
054412,智邦元大96購03  ,0,0,0,0,0,0,0,0,0,-172000,0,0,0,96000,268000,-172000,-172000
055827,中石化元大98購01,0,0,0,0,0,0,0,0,0,-172000,0,0,0,119000,291000,-172000,-172000
054427,潤泰全富邦97購01,0,0,0,0,0,0,0,0,0,-173000,0,0,0,137000,310000,-173000,-173000
04863P,技嘉元大94售02  ,0,0,0,0,0,0,0,0,0,-173000,0,0,0,17000,190000,-173000,-173000
051026,健策統一96購01  ,0,0,0,0,0,0,0,0,0,-173000,0,0,0,63000,236000,-173000,-173000
060474,中租元大9B購01  ,0,0,0,0,0,0,0,0,0,-174000,0,0,0,48000,222000,-174000,-174000
059425,SGBR2X元大9A購02,0,0,0,0,0,0,0,0,0,-174000,0,0,0,39000,213000,-174000,-174000
056961,凱美永豐98購01  ,0,0,0,0,0,0,0,0,0,-174000,0,0,0,62000,236000,-174000,-174000
057982,帆宣永豐98購01  ,0,0,0,0,0,0,0,0,0,-175000,0,0,0,0,175000,-175000,-175000
059536,新光金凱基99購05,0,0,0,0,0,0,0,0,0,-175000,0,0,0,40000,215000,-175000,-175000
052822,泰碩永豐97購01  ,0,0,0,0,0,0,0,0,0,-175000,0,0,0,28000,203000,-175000,-175000
07479P,A50正2元富9A售03,0,0,0,0,0,0,0,0,0,-175000,0,0,0,25000,200000,-175000,-175000
5434,崇越            ,82000,249000,-167000,0,0,0,0,0,0,-8000,2000,12000,-10000,2000,0,2000,-175000
059682,可成富邦9A購01  ,0,0,0,0,0,0,0,0,0,-176000,0,0,0,112000,288000,-176000,-176000
059825,嘉晶凱基99購02  ,0,0,0,0,0,0,0,0,0,-176000,0,0,0,7000,183000,-176000,-176000
058733,同欣電永豐99購02,0,0,0,0,0,0,0,0,0,-177000,0,0,0,11000,188000,-177000,-177000
00641R,富邦日本反1     ,54000,4000,50000,0,0,0,0,0,0,-227000,0,0,0,401000,628000,-227000,-177000
3005,神基            ,51000,160000,-109000,0,0,0,0,0,0,-69000,10000,82000,-72000,3000,0,3000,-178000
051323,康控國票96購01  ,0,0,0,0,0,0,0,0,0,-179000,0,0,0,38000,217000,-179000,-179000
053997,健策群益97購02  ,0,0,0,0,0,0,0,0,0,-179000,0,0,0,13000,192000,-179000,-179000
059086,國巨元大99購18  ,0,0,0,0,0,0,0,0,0,-180000,0,0,0,16000,196000,-180000,-180000
051845,世紀鋼富邦96購01,0,0,0,0,0,0,0,0,0,-180000,0,0,0,311000,491000,-180000,-180000
07365P,超眾元大99售07  ,0,0,0,0,0,0,0,0,0,-180000,0,0,0,0,180000,-180000,-180000
6282,康舒            ,83000,253000,-170000,0,0,0,0,0,0,-13000,0,9000,-9000,5000,9000,-4000,-183000
051402,玉晶光永豐95購04,0,0,0,0,0,0,0,0,0,-184000,0,0,0,0,184000,-184000,-184000
059457,立積永豐99購02  ,0,0,0,0,0,0,0,0,0,-185000,0,0,0,7000,192000,-185000,-185000
07282P,聯發科凱基99售17,0,0,0,0,0,0,0,0,0,-185000,0,0,0,25000,210000,-185000,-185000
056898,全新元大98購02  ,0,0,0,0,0,0,0,0,0,-186000,0,0,0,19000,205000,-186000,-186000
054952,大毅元大97購02  ,0,0,0,0,0,0,0,0,0,-186000,0,0,0,348000,534000,-186000,-186000
00686R,群益臺灣加權反1 ,0,0,0,0,0,0,0,0,0,-187000,0,0,0,73000,260000,-187000,-187000
059179,祥碩元富99購01  ,0,0,0,0,0,0,0,0,0,-188000,0,0,0,225000,413000,-188000,-188000
058512,宏達電元大99購04,0,0,0,0,0,0,0,0,0,-188000,0,0,0,34000,222000,-188000,-188000
058996,台達電元大99購02,0,0,0,0,0,0,0,0,0,-188000,0,0,0,94000,282000,-188000,-188000
051243,微星元大95購01  ,0,0,0,0,0,0,0,0,0,-189000,0,0,0,0,189000,-189000,-189000
6451,訊芯-KY         ,350000,110000,240000,0,0,0,0,427000,-427000,-2000,2000,0,2000,0,4000,-4000,-189000
03425B,臺股指元大9A熊01,0,0,0,0,0,0,0,0,0,-190000,0,0,0,11000,201000,-190000,-190000
053036,聯電凱基98購01  ,0,0,0,0,0,0,0,0,0,-190000,0,0,0,0,190000,-190000,-190000
052681,T50反1元大98購02,0,0,0,0,0,0,0,0,0,-190000,0,0,0,10000,200000,-190000,-190000
057972,群創富邦9C購01  ,0,0,0,0,0,0,0,0,0,-191000,0,0,0,10000,201000,-191000,-191000
057960,聯鈞元大98購02  ,0,0,0,0,0,0,0,0,0,-191000,0,0,0,44000,235000,-191000,-191000
060163,健策永豐9B購01  ,0,0,0,0,0,0,0,0,0,-191000,0,0,0,61000,252000,-191000,-191000
053503,臻鼎兆豐97購01  ,0,0,0,0,0,0,0,0,0,-191000,0,0,0,7000,198000,-191000,-191000
03678C,臺股指凱基01牛02,0,0,0,0,0,0,0,0,0,-191000,0,0,0,168000,359000,-191000,-191000
07417P,聯發科元大99售44,0,0,0,0,0,0,0,0,0,-191000,0,0,0,16000,207000,-191000,-191000
056511,超眾永豐98購01  ,0,0,0,0,0,0,0,0,0,-192000,0,0,0,1000,193000,-192000,-192000
050383,超眾兆豐95購01  ,0,0,0,0,0,0,0,0,0,-192000,0,0,0,13000,205000,-192000,-192000
058159,健策台新9A購01  ,0,0,0,0,0,0,0,0,0,-193000,0,0,0,200000,393000,-193000,-193000
059931,緯穎富邦9A購01  ,0,0,0,0,0,0,0,0,0,-193000,0,0,0,35000,228000,-193000,-193000
6278,台表科          ,857000,1533000,-676000,0,0,0,386000,25000,361000,122000,115000,0,115000,14000,7000,7000,-193000
056620,華新科永豐98購02,0,0,0,0,0,0,0,0,0,-194000,0,0,0,186000,380000,-194000,-194000
059968,世紀鋼凱基99購03,0,0,0,0,0,0,0,0,0,-194000,0,0,0,1000,195000,-194000,-194000
07265P,大立光元大99售16,0,0,0,0,0,0,0,0,0,-194000,0,0,0,75000,269000,-194000,-194000
055069,帆宣永豐97購01  ,0,0,0,0,0,0,0,0,0,-195000,0,0,0,6000,201000,-195000,-195000
00643,群益深証中小    ,14000,179000,-165000,0,0,0,0,0,0,-30000,10000,10000,0,167000,197000,-30000,-195000
060099,宏達電元大99購09,0,0,0,0,0,0,0,0,0,-195000,0,0,0,298000,493000,-195000,-195000
2231,為升            ,74000,256000,-182000,0,0,0,16000,0,16000,-29000,17000,29000,-12000,6000,23000,-17000,-195000
056579,麗豐元大99購01  ,0,0,0,0,0,0,0,0,0,-198000,0,0,0,149000,347000,-198000,-198000
055049,智邦永豐97購01  ,0,0,0,0,0,0,0,0,0,-198000,0,0,0,289000,487000,-198000,-198000
3557,嘉威            ,14000,212000,-198000,0,0,0,0,0,0,0,0,0,0,0,0,0,-198000
053784,奇力新元大97購02,0,0,0,0,0,0,0,0,0,-199000,0,0,0,93000,292000,-199000,-199000
5215,科嘉-KY         ,369000,544000,-175000,0,0,0,92000,103000,-11000,-13000,0,13000,-13000,0,0,0,-199000
060065,大立光兆豐9B購01,0,0,0,0,0,0,0,0,0,-199000,0,0,0,3000,202000,-199000,-199000
060245,聯陽元大9C購01  ,0,0,0,0,0,0,0,0,0,-200000,0,0,0,15000,215000,-200000,-200000
056765,友達元大9B購05  ,0,0,0,0,0,0,0,0,0,-200000,0,0,0,0,200000,-200000,-200000
05188P,可成凱基95售09  ,0,0,0,0,0,0,0,0,0,-200000,0,0,0,0,200000,-200000,-200000
05499P,聯詠元富95售02  ,0,0,0,0,0,0,0,0,0,-200000,0,0,0,0,200000,-200000,-200000
052847,漢唐統一99購01  ,0,0,0,0,0,0,0,0,0,-200000,0,0,0,0,200000,-200000,-200000
060590,台積電台新9C購02,0,0,0,0,0,0,0,0,0,-200000,0,0,0,0,200000,-200000,-200000
059031,元石油中信03購01,0,0,0,0,0,0,0,0,0,-201000,0,0,0,2000,203000,-201000,-201000
056710,漢唐永豐98購01  ,0,0,0,0,0,0,0,0,0,-202000,0,0,0,0,202000,-202000,-202000
049064,T50反1凱基96購03,0,0,0,0,0,0,0,0,0,-202000,0,0,0,0,202000,-202000,-202000
8028,昇陽半導體      ,85000,286000,-201000,0,0,0,0,0,0,-1000,0,1000,-1000,3000,3000,0,-202000
058096,南電元大98購04  ,0,0,0,0,0,0,0,0,0,-203000,0,0,0,4000,207000,-203000,-203000
059880,世紀鋼凱基99購02,0,0,0,0,0,0,0,0,0,-203000,0,0,0,9000,212000,-203000,-203000
059080,亞泥元大99購01  ,0,0,0,0,0,0,0,0,0,-204000,0,0,0,63000,267000,-204000,-204000
058243,華擎元大99購01  ,0,0,0,0,0,0,0,0,0,-205000,0,0,0,341000,546000,-205000,-205000
052313,聯電元大98購01  ,0,0,0,0,0,0,0,0,0,-205000,0,0,0,87000,292000,-205000,-205000
056084,漢唐統一97購03  ,0,0,0,0,0,0,0,0,0,-206000,0,0,0,24000,230000,-206000,-206000
052943,奇力新國票96購02,0,0,0,0,0,0,0,0,0,-206000,0,0,0,268000,474000,-206000,-206000
060468,聯鈞元大9A購02  ,0,0,0,0,0,0,0,0,0,-208000,0,0,0,33000,241000,-208000,-208000
059911,國巨元大99購27  ,0,0,0,0,0,0,0,0,0,-208000,0,0,0,654000,862000,-208000,-208000
048633,台達電元大94購02,0,0,0,0,0,0,0,0,0,-208000,0,0,0,14000,222000,-208000,-208000
058100,聯茂國泰99購02  ,0,0,0,0,0,0,0,0,0,-209000,0,0,0,2000,211000,-209000,-209000
059833,緯穎康和99購01  ,0,0,0,0,0,0,0,0,0,-209000,0,0,0,14000,223000,-209000,-209000
06486P,麗豐元大98售02  ,0,0,0,0,0,0,0,0,0,-209000,0,0,0,356000,565000,-209000,-209000
058222,玉晶光統一9B購01,0,0,0,0,0,0,0,0,0,-210000,0,0,0,0,210000,-210000,-210000
060424,中租永豐9A購01  ,0,0,0,0,0,0,0,0,0,-210000,0,0,0,0,210000,-210000,-210000
6531,愛普            ,116000,310000,-194000,0,0,0,0,0,0,-16000,0,16000,-16000,0,0,0,-210000
3576,聯合再生        ,353000,563043,-210043,0,0,0,0,0,0,0,0,0,0,0,0,0,-210043
058025,聯茂國泰99購01  ,0,0,0,0,0,0,0,0,0,-211000,0,0,0,12000,223000,-211000,-211000
059928,道瓊銀富邦03購01,0,0,0,0,0,0,0,0,0,-211000,0,0,0,27000,238000,-211000,-211000
058348,台表科群益99購01,0,0,0,0,0,0,0,0,0,-212000,0,0,0,2000,214000,-212000,-212000
07071P,立積元富99售01  ,0,0,0,0,0,0,0,0,0,-212000,0,0,0,135000,347000,-212000,-212000
07467P,上銀元大9A售03  ,0,0,0,0,0,0,0,0,0,-212000,0,0,0,199000,411000,-212000,-212000
00717,富邦美國特別股  ,21000,300,20700,0,0,0,0,0,0,-233000,0,0,0,663000,896000,-233000,-212300
057055,立積元大99購01  ,0,0,0,0,0,0,0,0,0,-213000,0,0,0,30000,243000,-213000,-213000
058768,南港兆豐99購01  ,0,0,0,0,0,0,0,0,0,-213000,0,0,0,30000,243000,-213000,-213000
060114,緯穎元大99購10  ,0,0,0,0,0,0,0,0,0,-214000,0,0,0,81000,295000,-214000,-214000
058557,健策第一01購01  ,0,0,0,0,0,0,0,0,0,-215000,0,0,0,1000,216000,-215000,-215000
059646,聯茂凱基99購06  ,0,0,0,0,0,0,0,0,0,-215000,0,0,0,0,215000,-215000,-215000
07105P,大毅元富99售02  ,0,0,0,0,0,0,0,0,0,-215000,0,0,0,62000,277000,-215000,-215000
2313,華通            ,4465000,1606000,2859000,0,0,0,236000,2520000,-2284000,-790000,197000,760000,-563000,20000,247000,-227000,-215000
055566,台表科凱基97購03,0,0,0,0,0,0,0,0,0,-216000,0,0,0,4000,220000,-216000,-216000
060476,瑞祺元大9A購02  ,0,0,0,0,0,0,0,0,0,-217000,0,0,0,202000,419000,-217000,-217000
04479P,同欣電中信96售02,0,0,0,0,0,0,0,0,0,-217000,0,0,0,0,217000,-217000,-217000
059791,超眾元大99購06  ,0,0,0,0,0,0,0,0,0,-218000,0,0,0,20000,238000,-218000,-218000
2347,聯強            ,308000,510000,-202000,0,0,0,0,0,0,-17000,60000,78000,-18000,1000,0,1000,-219000
055824,臺股指國票97購11,0,0,0,0,0,0,0,0,0,-220000,0,0,0,0,220000,-220000,-220000
055849,聯詠元大97購05  ,0,0,0,0,0,0,0,0,0,-220000,0,0,0,36000,256000,-220000,-220000
3006,晶豪科          ,413000,631000,-218000,0,0,0,0,0,0,-2000,32000,42000,-10000,24000,16000,8000,-220000
04663P,臺股指國票94售02,0,0,0,0,0,0,0,0,0,-221000,0,0,0,1000,222000,-221000,-221000
060342,台積電統一02購01,0,0,0,0,0,0,0,0,0,-223000,0,0,0,0,223000,-223000,-223000
053844,GIS統一96購01   ,0,0,0,0,0,0,0,0,0,-223000,0,0,0,77000,300000,-223000,-223000
060539,道瓊反凱基9A購01,0,0,0,0,0,0,0,0,0,-223000,0,0,0,200000,423000,-223000,-223000
055142,健策永豐98購01  ,0,0,0,0,0,0,0,0,0,-224000,0,0,0,28000,252000,-224000,-224000
2354,鴻準            ,722000,873302,-151302,0,0,0,0,0,0,-73000,4000,74000,-70000,1000,4000,-3000,-224302
057733,嘉聯益國泰99購01,0,0,0,0,0,0,0,0,0,-225000,0,0,0,7000,232000,-225000,-225000
051422,超眾國票96購01  ,0,0,0,0,0,0,0,0,0,-225000,0,0,0,3000,228000,-225000,-225000
055672,國巨日盛97購02  ,0,0,0,0,0,0,0,0,0,-227000,0,0,0,228000,455000,-227000,-227000
060234,凱美元大9C購01  ,0,0,0,0,0,0,0,0,0,-228000,0,0,0,70000,298000,-228000,-228000
059524,FBVIX凱基9A購02 ,0,0,0,0,0,0,0,0,0,-230000,0,0,0,104000,334000,-230000,-230000
059848,智邦永豐99購01  ,0,0,0,0,0,0,0,0,0,-231000,0,0,0,85000,316000,-231000,-231000
07459P,緯穎元大9A售01  ,0,0,0,0,0,0,0,0,0,-233000,0,0,0,132000,365000,-233000,-233000
058569,健策凱基9A購01  ,0,0,0,0,0,0,0,0,0,-235000,0,0,0,51000,286000,-235000,-235000
060275,元黃金元大9A購01,0,0,0,0,0,0,0,0,0,-237000,0,0,0,37000,274000,-237000,-237000
060505,友達元大9C購05  ,0,0,0,0,0,0,0,0,0,-237000,0,0,0,0,237000,-237000,-237000
055720,宏達電元大97購05,0,0,0,0,0,0,0,0,0,-238000,0,0,0,15000,253000,-238000,-238000
059009,世紀鋼元大99購04,0,0,0,0,0,0,0,0,0,-239000,0,0,0,820000,1059000,-239000,-239000
053752,超眾永豐96購02  ,0,0,0,0,0,0,0,0,0,-239000,0,0,0,0,239000,-239000,-239000
00671R,富邦NASDAQ反1   ,0,0,0,0,0,0,0,0,0,-239000,0,0,0,579000,818000,-239000,-239000
060262,臺股指凱基9B購02,0,0,0,0,0,0,0,0,0,-240000,0,0,0,18000,258000,-240000,-240000
059844,大立光富邦9C購04,0,0,0,0,0,0,0,0,0,-240000,0,0,0,39000,279000,-240000,-240000
058203,信邦凱基99購01  ,0,0,0,0,0,0,0,0,0,-242000,0,0,0,13000,255000,-242000,-242000
058513,宏達電元大99購05,0,0,0,0,0,0,0,0,0,-243000,0,0,0,106000,349000,-243000,-243000
057511,健策統一98購02  ,0,0,0,0,0,0,0,0,0,-243000,0,0,0,0,243000,-243000,-243000
056196,聯茂富邦98購02  ,0,0,0,0,0,0,0,0,0,-245000,0,0,0,158000,403000,-245000,-245000
059838,茂林國泰9B購01  ,0,0,0,0,0,0,0,0,0,-245000,0,0,0,118000,363000,-245000,-245000
054928,帆宣凱基98購01  ,0,0,0,0,0,0,0,0,0,-245000,0,0,0,0,245000,-245000,-245000
1519,華城            ,24000,72000,-48000,0,0,0,0,200000,-200000,3000,3000,0,3000,0,0,0,-245000
058604,華邦電元大99購03,0,0,0,0,0,0,0,0,0,-246000,0,0,0,32000,278000,-246000,-246000
054886,大毅統一97購01  ,0,0,0,0,0,0,0,0,0,-246000,0,0,0,84000,330000,-246000,-246000
2327,國巨            ,1004000,1723000,-719000,0,0,0,429000,0,429000,44000,133000,58000,75000,110000,141000,-31000,-246000
059990,健策元大9A購01  ,0,0,0,0,0,0,0,0,0,-248000,0,0,0,62000,310000,-248000,-248000
060027,元金2X永豐99購02,0,0,0,0,0,0,0,0,0,-250000,0,0,0,75000,325000,-250000,-250000
05947P,大成鋼元大96售03,0,0,0,0,0,0,0,0,0,-250000,0,0,0,43000,293000,-250000,-250000
056770,國產元大98購02  ,0,0,0,0,0,0,0,0,0,-250000,0,0,0,5000,255000,-250000,-250000
052028,健策群益95購02  ,0,0,0,0,0,0,0,0,0,-251000,0,0,0,240000,491000,-251000,-251000
051818,國巨統一95購02  ,100000,100000,0,0,0,0,0,0,0,-253000,0,0,0,261000,514000,-253000,-253000
2393,億光            ,144000,359000,-215000,0,0,0,0,0,0,-38000,7000,20000,-13000,0,25000,-25000,-253000
058308,全新元大9B購01  ,0,0,0,0,0,0,0,0,0,-254000,0,0,0,6000,260000,-254000,-254000
051731,聯電國票96購02  ,0,0,0,0,0,0,0,0,0,-254000,0,0,0,29000,283000,-254000,-254000
1316,上曜            ,21000,276000,-255000,0,0,0,0,0,0,1000,1000,0,1000,0,0,0,-254000
059961,T50反1凱基99購09,0,0,0,0,0,0,0,0,0,-256000,0,0,0,1000,257000,-256000,-256000
1434,福懋            ,163000,406000,-243000,0,0,0,2000,0,2000,-17000,6000,24000,-18000,1000,0,1000,-258000
046344,超眾國票94購01  ,0,0,0,0,0,0,0,0,0,-259000,0,0,0,0,259000,-259000,-259000
056673,中石化元富9B購01,0,0,0,0,0,0,0,0,0,-260000,0,0,0,151000,411000,-260000,-260000
2436,偉詮電          ,127000,387000,-260000,0,0,0,0,0,0,-1000,0,1000,-1000,0,0,0,-261000
2547,日勝生          ,503000,793000,-290000,0,0,0,0,0,0,29000,29000,0,29000,0,0,0,-261000
3413,京鼎            ,386000,622000,-236000,0,0,0,0,20000,-20000,-5000,13000,24000,-11000,60000,54000,6000,-261000
059533,富邦金凱基99購01,0,0,0,0,0,0,0,0,0,-263000,0,0,0,225000,488000,-263000,-263000
4551,智伸科          ,53000,276000,-223000,0,0,0,25000,66000,-41000,1000,3000,0,3000,2000,4000,-2000,-263000
057086,立積統一9C購01  ,0,0,0,0,0,0,0,0,0,-264000,0,0,0,20000,284000,-264000,-264000
060186,義隆元富9A購01  ,0,0,0,0,0,0,0,0,0,-264000,0,0,0,20000,284000,-264000,-264000
051447,新光金元大97購01,0,0,0,0,0,0,0,0,0,-266000,0,0,0,0,266000,-266000,-266000
059747,台達電台新99購01,0,0,0,0,0,0,0,0,0,-266000,0,0,0,237000,503000,-266000,-266000
1460,宏遠            ,30000,296000,-266000,0,0,0,0,0,0,0,0,0,0,0,0,0,-266000
054471,T50反1中信9C購01,0,0,0,0,0,0,0,0,0,-267000,0,0,0,0,267000,-267000,-267000
8081,致新            ,101000,395000,-294000,0,0,0,25000,0,25000,1000,14000,1000,13000,5000,17000,-12000,-268000
058187,泰碩永豐99購01  ,0,0,0,0,0,0,0,0,0,-270000,0,0,0,28000,298000,-270000,-270000
056855,祥碩中信98購02  ,0,0,0,0,0,0,0,0,0,-270000,0,0,0,0,270000,-270000,-270000
1476,儒鴻            ,650000,827000,-177000,0,0,0,6000,90000,-84000,-9000,0,11000,-11000,2000,0,2000,-270000
059732,超眾元大9A購01  ,0,0,0,0,0,0,0,0,0,-271000,0,0,0,0,271000,-271000,-271000
054717,亞德客永豐97購01,0,0,0,0,0,0,0,0,0,-272000,0,0,0,58000,330000,-272000,-272000
049820,世紀鋼元大96購03,0,0,0,0,0,0,0,0,0,-272000,0,0,0,195000,467000,-272000,-272000
056581,超眾元大99購01  ,0,0,0,0,0,0,0,0,0,-275000,0,0,0,0,275000,-275000,-275000
059914,台積電元大99購47,0,0,0,0,0,0,0,0,0,-275000,0,0,0,5000,280000,-275000,-275000
053453,新光金統一98購01,0,0,0,0,0,0,0,0,0,-275000,0,0,0,20000,295000,-275000,-275000
056829,台積電富邦9A購01,0,0,0,0,0,0,0,0,0,-276000,0,0,0,49000,325000,-276000,-276000
054898,台肥康和97購01  ,0,0,0,0,0,0,0,0,0,-277000,0,0,0,0,277000,-277000,-277000
2472,立隆電          ,79000,366000,-287000,0,0,0,0,0,0,10000,12000,2000,10000,0,0,0,-277000
056142,超眾元大97購06  ,0,0,0,0,0,0,0,0,0,-278000,0,0,0,3000,281000,-278000,-278000
059919,宏達電元大99購06,0,0,0,0,0,0,0,0,0,-278000,0,0,0,229000,507000,-278000,-278000
052674,智邦國泰98購01  ,0,0,0,0,0,0,0,0,0,-278000,0,0,0,253000,531000,-278000,-278000
054439,健策台新96購03  ,0,0,0,0,0,0,0,0,0,-278000,0,0,0,0,278000,-278000,-278000
060128,健策永豐99購06  ,0,0,0,0,0,0,0,0,0,-279000,0,0,0,38000,317000,-279000,-279000
054109,南亞科凱基96購05,0,0,0,0,0,0,0,0,0,-279000,0,0,0,137000,416000,-279000,-279000
055954,南港元大97購02  ,0,0,0,0,0,0,0,0,0,-280000,0,0,0,128000,408000,-280000,-280000
054858,台肥群益97購01  ,0,0,0,0,0,0,0,0,0,-280000,0,0,0,0,280000,-280000,-280000
00693U,街口S&P黃豆     ,17000,1000,16000,0,0,0,0,0,0,-296000,0,0,0,176000,472000,-296000,-280000
2355,敬鵬            ,234000,507000,-273000,0,0,0,0,0,0,-7000,1000,8000,-7000,0,0,0,-280000
060398,立積國票9B購01  ,0,0,0,0,0,0,0,0,0,-281000,0,0,0,0,281000,-281000,-281000
058403,玉晶光元大99購12,0,0,0,0,0,0,0,0,0,-281000,0,0,0,126000,407000,-281000,-281000
051512,超眾麥證95購01  ,0,0,0,0,283000,-283000,0,0,0,-283000,0,0,0,0,283000,-283000,-283000
058283,世紀鋼中信99購01,0,0,0,0,0,0,0,0,0,-284000,0,0,0,586000,870000,-284000,-284000
060232,友訊元大9C購01  ,0,0,0,0,0,0,0,0,0,-287000,0,0,0,0,287000,-287000,-287000
9904,寶成            ,1756000,1994000,-238000,0,0,0,7000,0,7000,-56000,11000,72000,-61000,5000,0,5000,-287000
6257,矽格            ,276000,552000,-276000,0,0,0,0,0,0,-12000,84000,97000,-13000,1000,0,1000,-288000
6591,動力-KY         ,62000,353000,-291000,0,0,0,0,0,0,2000,4000,2000,2000,0,0,0,-289000
2377,微星            ,576075,825000,-248925,0,0,0,14000,0,14000,-55000,71000,106000,-35000,12000,32000,-20000,-289925
05978P,麗豐永豐96售02  ,0,0,0,0,0,0,0,0,0,-290000,0,0,0,0,290000,-290000,-290000
060596,元黃金凱基9A購02,0,0,0,0,0,0,0,0,0,-290000,0,0,0,0,290000,-290000,-290000
9910,豐泰            ,227000,468000,-241000,0,0,0,19000,0,19000,-69000,17000,87000,-70000,1000,0,1000,-291000
059924,世紀鋼元大99購06,0,0,0,0,0,0,0,0,0,-293000,0,0,0,49000,342000,-293000,-293000
053849,聯發科元富96購04,0,0,0,0,0,0,0,0,0,-293000,0,0,0,2000,295000,-293000,-293000
060303,宏達電富邦9B購01,0,0,0,0,0,0,0,0,0,-294000,0,0,0,417000,711000,-294000,-294000
059926,世紀鋼國泰9B購01,0,0,0,0,0,0,0,0,0,-294000,0,0,0,200000,494000,-294000,-294000
1762,中化生          ,253000,556000,-303000,0,0,0,0,0,0,8000,68000,60000,8000,0,0,0,-295000
056418,台光電元富98購01,0,0,0,0,0,0,0,0,0,-296000,0,0,0,52000,348000,-296000,-296000
2489,瑞軒            ,98000,389000,-291000,0,0,0,0,0,0,-6000,5000,11000,-6000,0,0,0,-297000
059958,鎧勝康和99購01  ,0,0,0,0,0,0,0,0,0,-299000,0,0,0,380000,679000,-299000,-299000
059957,中信金康和99購01,0,0,0,0,0,0,0,0,0,-300000,0,0,0,211000,511000,-300000,-300000
051456,鈺齊元大95購01  ,0,0,0,0,0,0,0,0,0,-300000,0,0,0,0,300000,-300000,-300000
051793,臻鼎國票95購02  ,0,0,0,0,0,0,0,0,0,-300000,0,0,0,0,300000,-300000,-300000
060116,世紀鋼元大99購07,0,0,0,0,0,0,0,0,0,-301000,0,0,0,210000,511000,-301000,-301000
058204,世芯凱基9A購01  ,0,0,0,0,0,0,0,0,0,-302000,0,0,0,46000,348000,-302000,-302000
048793,超眾元大95購02  ,0,0,0,0,0,0,0,0,0,-302000,0,0,0,105000,407000,-302000,-302000
059809,貿聯元富99購01  ,0,0,0,0,0,0,0,0,0,-304000,0,0,0,117000,421000,-304000,-304000
060329,鎧勝群益9B購01  ,0,0,0,0,0,0,0,0,0,-305000,0,0,0,50000,355000,-305000,-305000
052990,超眾元大97購01  ,0,0,0,0,0,0,0,0,0,-305000,0,0,0,82000,387000,-305000,-305000
060561,台積電富邦04購01,0,0,0,0,0,0,0,0,0,-305000,0,0,0,0,305000,-305000,-305000
060473,中租元大9A購03  ,0,0,0,0,0,0,0,0,0,-309000,0,0,0,0,309000,-309000,-309000
058516,健鼎元大99購02  ,0,0,0,0,0,0,0,0,0,-310000,0,0,0,38000,348000,-310000,-310000
057393,台積電中信02購01,0,0,0,0,0,0,0,0,0,-310000,0,0,0,0,310000,-310000,-310000
2353,宏碁            ,2172000,2609030,-437030,0,0,0,4000,0,4000,123000,238000,82000,156000,43000,76000,-33000,-310030
056364,亞光元大99購02  ,0,0,0,0,0,0,0,0,0,-312000,0,0,0,0,312000,-312000,-312000
059832,超眾康和99購01  ,0,0,0,0,0,0,0,0,0,-313000,0,0,0,8000,321000,-313000,-313000
0056,元大高股息      ,64000,4000,60000,0,0,0,0,0,0,-375000,0,100000,-100000,581000,856000,-275000,-315000
2449,京元電子        ,2150000,2523000,-373000,0,0,0,247000,0,247000,-190000,143000,267000,-124000,83000,149000,-66000,-316000
060117,國巨國泰9B購04  ,0,0,0,0,0,0,0,0,0,-316000,0,0,0,355000,671000,-316000,-316000
052818,智邦永豐96購01  ,0,0,0,0,0,0,0,0,0,-318000,0,0,0,156000,474000,-318000,-318000
054617,超眾永豐97購01  ,0,0,0,0,0,0,0,0,0,-319000,0,0,0,0,319000,-319000,-319000
051669,建準元大95購01  ,0,0,0,0,0,0,0,0,0,-320000,0,0,0,0,320000,-320000,-320000
057606,健策統一98購03  ,0,0,0,0,0,0,0,0,0,-323000,0,0,0,48000,371000,-323000,-323000
07470P,國巨元大9A售06  ,0,0,0,0,0,0,0,0,0,-323000,0,0,0,200000,523000,-323000,-323000
1902,台紙            ,139000,466000,-327000,0,0,0,0,0,0,3000,3000,0,3000,0,0,0,-324000
059991,超眾元大9A購02  ,0,0,0,0,0,0,0,0,0,-325000,0,0,0,41000,366000,-325000,-325000
2204,中華            ,124000,418000,-294000,0,0,0,0,0,0,-32000,0,32000,-32000,0,0,0,-326000
054799,超眾群益98購01  ,0,0,0,0,0,0,0,0,0,-328000,0,0,0,10000,338000,-328000,-328000
058970,鴻海永豐99購02  ,0,0,0,0,0,0,0,0,0,-330000,0,0,0,70000,400000,-330000,-330000
057201,華擎元富98購01  ,0,0,0,0,0,0,0,0,0,-331000,0,0,0,20000,351000,-331000,-331000
2023,燁輝            ,256770,591000,-334230,0,0,0,0,0,0,2000,8000,6000,2000,0,0,0,-332230
055657,超眾元富97購02  ,0,0,0,0,0,0,0,0,0,-336000,0,0,0,0,336000,-336000,-336000
4155,訊映            ,13000,349000,-336000,0,0,0,0,0,0,0,0,0,0,0,0,0,-336000
055796,南電國泰98購01  ,0,0,0,0,0,0,0,0,0,-340000,0,0,0,228000,568000,-340000,-340000
054710,東元元富97購01  ,0,0,0,0,0,0,0,0,0,-340000,0,0,0,224000,564000,-340000,-340000
059128,友達中信99購02  ,0,0,0,0,0,0,0,0,0,-341000,0,0,0,610000,951000,-341000,-341000
048350,世紀鋼元大95購01,0,0,0,0,0,0,0,0,0,-341000,0,0,0,368000,709000,-341000,-341000
054950,奇力新元大98購02,0,0,0,0,0,0,0,0,0,-342000,0,0,0,108000,450000,-342000,-342000
6505,台塑化          ,479000,737000,-258000,0,0,0,4000,36000,-32000,-53000,35000,89000,-54000,1000,0,1000,-343000
059200,京鼎永豐99購02  ,0,0,0,0,0,0,0,0,0,-345000,0,0,0,169000,514000,-345000,-345000
057740,茂林富邦9A購01  ,0,0,0,0,0,0,0,0,0,-346000,0,0,0,221000,567000,-346000,-346000
054502,泰碩永豐96購01  ,0,0,0,0,0,0,0,0,0,-348000,0,0,0,20000,368000,-348000,-348000
056693,國產群益98購01  ,0,0,0,0,0,0,0,0,0,-350000,0,0,0,0,350000,-350000,-350000
059295,大立光元富99購05,0,0,0,0,0,0,0,0,0,-351000,0,0,0,225000,576000,-351000,-351000
052939,富邦金兆豐96購01,0,0,0,0,0,0,0,0,0,-352000,0,0,0,18000,370000,-352000,-352000
052538,和大統一95購02  ,0,0,0,0,0,0,0,0,0,-352000,0,0,0,0,352000,-352000,-352000
4934,太極            ,233000,585000,-352000,0,0,0,0,0,0,0,0,0,0,0,0,0,-352000
07106P,國巨統一9B售05  ,0,0,0,0,0,0,0,0,0,-355000,0,0,0,10000,365000,-355000,-355000
058251,百和元大99購03  ,0,0,0,0,0,0,0,0,0,-356000,0,0,0,0,356000,-356000,-356000
07303P,臺股指元大9A售36,0,0,0,0,0,0,0,0,0,-357000,0,0,0,194000,551000,-357000,-357000
060014,中鋼康和99購01  ,0,0,0,0,0,0,0,0,0,-360000,0,0,0,144000,504000,-360000,-360000
051160,亞德客元大95購02,0,0,0,0,0,0,0,0,0,-361000,0,0,0,56000,417000,-361000,-361000
058800,健策元大99購03  ,0,0,0,0,0,0,0,0,0,-362000,0,0,0,133000,495000,-362000,-362000
057057,立積元大9A購01  ,0,0,0,0,0,0,0,0,0,-363000,0,0,0,11000,374000,-363000,-363000
058955,台積電國票9A購04,0,0,0,0,0,0,0,0,0,-365000,0,0,0,49000,414000,-365000,-365000
060405,中租國泰9C購01  ,0,0,0,0,0,0,0,0,0,-365000,0,0,0,0,365000,-365000,-365000
057357,超眾統一98購01  ,0,0,0,0,0,0,0,0,0,-366000,0,0,0,95000,461000,-366000,-366000
060034,立積永豐99購04  ,0,0,0,0,0,0,0,0,0,-367000,0,0,0,63000,430000,-367000,-367000
07291P,臺股指凱基99售43,0,0,0,0,0,0,0,0,0,-368000,0,0,0,90000,458000,-368000,-368000
2329,華泰            ,62000,425000,-363000,0,0,0,0,0,0,-6000,3000,7000,-4000,0,2000,-2000,-369000
3702A,大聯大甲特      ,24000,4000,20000,0,0,0,0,0,0,-393000,0,393000,-393000,0,0,0,-373000
5871,中租-KY         ,984000,1417000,-433000,0,0,0,3000,0,3000,57000,10000,30000,-20000,77000,0,77000,-373000
060365,京鼎元富9A購01  ,0,0,0,0,0,0,0,0,0,-376000,0,0,0,295000,671000,-376000,-376000
057533,晶相光元大98購02,0,0,0,0,0,0,0,0,0,-376000,0,0,0,36000,412000,-376000,-376000
059676,台積電台新99購05,0,0,0,0,0,0,0,0,0,-376000,0,0,0,0,376000,-376000,-376000
1707,葡萄王          ,128000,112000,16000,0,0,0,0,390000,-390000,-2000,1000,3000,-2000,0,0,0,-376000
057885,台光電群益98購04,0,0,0,0,0,0,0,0,0,-380000,0,0,0,0,380000,-380000,-380000
4967,十銓            ,172000,554000,-382000,0,0,0,0,0,0,0,0,0,0,0,0,0,-382000
054970,帆宣元大97購01  ,0,0,0,0,0,0,0,0,0,-385000,0,0,0,0,385000,-385000,-385000
059956,玉山金康和99購01,0,0,0,0,0,0,0,0,0,-385000,0,0,0,100000,485000,-385000,-385000
057071,華擎永豐98購02  ,0,0,0,0,0,0,0,0,0,-392000,0,0,0,161000,553000,-392000,-392000
059807,大立光元富99購09,0,58000,-58000,0,0,0,0,0,0,-335000,0,0,0,117000,452000,-335000,-393000
1795,美時            ,159000,564000,-405000,0,0,0,0,0,0,5000,5000,0,5000,0,0,0,-400000
054899,南港康和97購01  ,0,0,0,0,0,0,0,0,0,-401000,0,0,0,0,401000,-401000,-401000
9933,中鼎            ,173000,567000,-394000,0,0,0,0,0,0,-8000,4000,12000,-8000,0,0,0,-402000
060410,台苯永豐9A購01  ,0,0,0,0,0,0,0,0,0,-403000,0,0,0,0,403000,-403000,-403000
3437,榮創            ,62000,467000,-405000,0,0,0,0,0,0,0,0,0,0,0,0,0,-405000
060031,旭富永豐99購02  ,0,0,0,0,0,0,0,0,0,-406000,0,0,0,186000,592000,-406000,-406000
058750,緯穎凱基9A購03  ,0,0,0,0,0,0,0,0,0,-407000,0,0,0,24000,431000,-407000,-407000
059566,台積電凱基9A購11,0,0,0,0,0,0,0,0,0,-407000,0,0,0,0,407000,-407000,-407000
057725,台達電國泰9A購01,0,0,0,0,0,0,0,0,0,-407000,0,0,0,98000,505000,-407000,-407000
060306,台肥永豐9A購01  ,0,0,0,0,0,0,0,0,0,-408000,0,0,0,1000,409000,-408000,-408000
056803,群創台新99購02  ,0,0,0,0,0,0,0,0,0,-410000,0,0,0,0,410000,-410000,-410000
051675,瑞儀元大96購02  ,0,0,0,0,0,0,0,0,0,-410000,0,0,0,0,410000,-410000,-410000
3019,亞光            ,138000,460000,-322000,0,0,0,0,0,0,-88000,3000,81000,-78000,6000,16000,-10000,-410000
3049,和鑫            ,1144000,1552000,-408000,0,0,0,0,0,0,-2000,0,1000,-1000,0,1000,-1000,-410000
059097,世紀鋼元大99購05,0,0,0,0,0,0,0,0,0,-413000,0,0,0,10000,423000,-413000,-413000
057875,京鼎元大98購03  ,0,0,0,0,0,0,0,0,0,-416000,0,0,0,236000,652000,-416000,-416000
059841,國巨富邦9C購01  ,0,0,0,0,0,0,0,0,0,-419000,0,0,0,358000,777000,-419000,-419000
049501,台郡元大95購01  ,0,0,0,0,0,0,0,0,0,-420000,0,0,0,110000,530000,-420000,-420000
2417,圓剛            ,91000,511000,-420000,0,0,0,0,0,0,0,0,0,0,0,0,0,-420000
058911,茂林元大99購04  ,0,0,0,0,0,0,0,0,0,-421000,0,0,0,17000,438000,-421000,-421000
9921,巨大            ,182000,570000,-388000,0,0,0,1000,26000,-25000,-9000,2000,9000,-7000,0,2000,-2000,-422000
060388,世紀鋼凱基9B購01,0,0,0,0,0,0,0,0,0,-427000,0,0,0,42000,469000,-427000,-427000
060107,旭富元大99購03  ,0,0,0,0,0,0,0,0,0,-427000,0,0,0,112000,539000,-427000,-427000
060254,世紀鋼元大9A購01,0,0,0,0,0,0,0,0,0,-429000,0,0,0,7000,436000,-429000,-429000
060486,中租富邦9A購01  ,0,0,0,0,0,0,0,0,0,-431000,0,0,0,60000,491000,-431000,-431000
054244,華新元大96購01  ,0,0,0,0,0,0,0,0,0,-433000,0,0,0,102000,535000,-433000,-433000
2324,仁寶            ,1781000,2082726,-301726,0,0,0,6000,0,6000,-142000,1000,146000,-145000,4000,1000,3000,-437726
059679,國巨國泰9B購03  ,0,0,0,0,0,0,0,0,0,-440000,0,0,0,134000,574000,-440000,-440000
07458P,長榮航元大9A售01,0,0,0,0,0,0,0,0,0,-444000,0,0,0,77000,521000,-444000,-444000
3682,亞太電          ,485000,930000,-445000,0,0,0,0,0,0,0,0,0,0,0,0,0,-445000
053368,京元電富邦98購01,0,0,0,0,0,0,0,0,0,-450000,0,0,0,0,450000,-450000,-450000
060509,宏達電元大9A購02,0,0,0,0,0,0,0,0,0,-450000,0,0,0,76000,526000,-450000,-450000
059375,道瓊反群益9C購02,0,0,0,0,0,0,0,0,0,-451000,0,0,0,0,451000,-451000,-451000
00674R,元大S&P黃金反1  ,0,0,0,0,0,0,0,0,0,-455000,0,0,0,0,455000,-455000,-455000
1904,正隆            ,450000,409000,41000,0,0,0,0,500000,-500000,4000,13000,0,13000,0,9000,-9000,-455000
057792,群創統一99購01  ,0,0,0,0,0,0,0,0,0,-460000,0,0,0,240000,700000,-460000,-460000
057724,亞德客國泰99購01,11000,0,11000,0,0,0,0,0,0,-471000,0,0,0,330000,801000,-471000,-460000
3038,全台            ,452000,947000,-495000,0,0,0,0,0,0,35000,85000,50000,35000,0,0,0,-460000
056926,日月光兆豐98購01,0,0,0,0,0,0,0,0,0,-476000,0,0,0,30000,506000,-476000,-476000
056406,建準國票99購01  ,0,0,0,0,0,0,0,0,0,-482000,0,0,0,167000,649000,-482000,-482000
058803,世紀鋼元大99購03,0,0,0,0,0,0,0,0,0,-485000,0,0,0,182000,667000,-485000,-485000
047564,滬深2X國票99購01,0,0,0,0,0,0,0,0,0,-485000,0,0,0,20000,505000,-485000,-485000
060451,中石化元大9C購02,0,0,0,0,0,0,0,0,0,-486000,0,0,0,120000,606000,-486000,-486000
2342,茂矽            ,1062000,1550000,-488000,0,0,0,0,0,0,0,0,0,0,0,0,0,-488000
059626,台積電凱基01購01,0,0,0,0,0,0,0,0,0,-490000,0,0,0,1000,491000,-490000,-490000
055592,奇力新元大97購07,0,0,0,0,0,0,0,0,0,-490000,0,0,0,22000,512000,-490000,-490000
4904,遠傳            ,349000,833000,-484000,0,0,0,5000,0,5000,-15000,84000,100000,-16000,1000,0,1000,-494000
054682,東元永豐97購01  ,0,0,0,0,0,0,0,0,0,-496000,0,0,0,0,496000,-496000,-496000
053593,晶技元大98購01  ,0,0,0,0,0,0,0,0,0,-498000,0,0,0,0,498000,-498000,-498000
058282,聯茂中信99購01  ,0,0,0,0,0,0,0,0,0,-500000,0,0,0,45000,545000,-500000,-500000
059827,晶技凱基99購03  ,0,0,0,0,0,0,0,0,0,-501000,0,0,0,50000,551000,-501000,-501000
060482,東元富邦9A購01  ,0,0,0,0,0,0,0,0,0,-506000,0,0,0,0,506000,-506000,-506000
2905,三商            ,396000,902000,-506000,0,0,0,0,0,0,0,0,0,0,0,0,0,-506000
059618,台積電日盛99購01,0,0,0,0,0,0,0,0,0,-510000,0,0,0,372000,882000,-510000,-510000
060284,南港元大01購01  ,0,0,0,0,0,0,0,0,0,-512000,0,0,0,0,512000,-512000,-512000
058035,旭富永豐98購02  ,0,0,0,0,0,0,0,0,0,-512000,0,0,0,117000,629000,-512000,-512000
2102,泰豐            ,860000,1372000,-512000,0,0,0,0,0,0,0,0,0,0,0,0,0,-512000
00642U,元大S&P石油     ,71000,436000,-365000,0,0,0,0,0,0,-148000,0,0,0,4000,152000,-148000,-513000
059047,元油2X凱基9A購10,0,0,0,0,0,0,0,0,0,-517000,0,0,0,178000,695000,-517000,-517000
058200,世芯康和99購01  ,0,0,0,0,0,0,0,0,0,-518000,0,0,0,150000,668000,-518000,-518000
2049,上銀            ,749000,1163000,-414000,0,0,0,0,8240,-8240,-96542,72000,159542,-87542,20000,29000,-9000,-518782
07293P,臺股指凱基99售45,0,0,0,0,0,0,0,0,0,-519000,0,0,0,17000,536000,-519000,-519000
03438B,臺股指元大96熊27,5000,0,5000,0,0,0,0,0,0,-534000,0,0,0,415000,949000,-534000,-529000
058510,全新元大9B購02  ,0,0,0,0,0,0,0,0,0,-531000,0,0,0,19000,550000,-531000,-531000
059853,超眾永豐99購03  ,0,0,0,0,0,0,0,0,0,-532000,0,0,0,0,532000,-532000,-532000
2101,南港            ,479000,1312000,-833000,0,0,0,0,0,0,298000,4000,16000,-12000,314000,4000,310000,-535000
2352,佳世達          ,91000,630000,-539000,0,0,0,0,0,0,-1000,30000,35000,-5000,6000,2000,4000,-540000
2317,鴻海            ,3790000,4560047,-770047,0,0,0,251000,0,251000,-28000,108000,287000,-179000,600000,449000,151000,-547047
054018,華新台新96購01  ,0,0,0,0,0,0,0,0,0,-550000,0,0,0,0,550000,-550000,-550000
2505,國揚            ,613000,1412000,-799000,0,0,0,0,0,0,249000,0,10000,-10000,346000,87000,259000,-550000
059181,世紀鋼元富9C購01,0,0,0,0,0,0,0,0,0,-556000,0,0,0,369000,925000,-556000,-556000
054932,台肥元大97購01  ,0,0,0,0,0,0,0,0,0,-559000,0,0,0,0,559000,-559000,-559000
3704,合勤控          ,102000,666000,-564000,0,0,0,0,0,0,-1000,0,1000,-1000,0,0,0,-565000
060307,南港永豐9A購01  ,0,0,0,0,0,0,0,0,0,-566000,0,0,0,0,566000,-566000,-566000
058907,健策元大99購04  ,0,0,0,0,0,0,0,0,0,-570000,0,0,0,193000,763000,-570000,-570000
060299,友訊國泰9B購01  ,0,0,0,0,0,0,0,0,0,-576000,0,0,0,260000,836000,-576000,-576000
2534,宏盛            ,89000,658000,-569000,0,0,0,0,0,0,-7000,0,7000,-7000,0,0,0,-576000
6669,緯穎            ,222200,518000,-295800,0,0,0,0,256000,-256000,-25000,12000,23000,-11000,3000,17000,-14000,-576800
2002,中鋼            ,3534000,3983000,-449000,0,0,0,34000,0,34000,-167000,12000,285000,-273000,106000,0,106000,-582000
2609,陽明            ,93000,680000,-587000,0,0,0,0,0,0,0,0,0,0,0,0,0,-587000
058312,大毅國泰9B購01  ,0,0,0,0,0,0,0,0,0,-593000,0,0,0,895000,1488000,-593000,-593000
3045,台灣大          ,447100,1265000,-817900,0,0,0,255000,0,255000,-33000,9000,43000,-34000,1000,0,1000,-595900
6226,光鼎            ,73000,667000,-594000,0,0,0,0,0,0,-2000,0,2000,-2000,0,0,0,-596000
059322,晶技元大99購06  ,0,0,0,0,0,0,0,0,0,-599000,0,0,0,44000,643000,-599000,-599000
1409,新纖            ,166000,742000,-576000,0,0,0,0,0,0,-23000,0,23000,-23000,0,0,0,-599000
050259,鴻海元大94購14  ,0,0,0,0,0,0,0,0,0,-600000,0,0,0,0,600000,-600000,-600000
03033P,微星國票03售01  ,0,1000,-1000,0,0,0,0,0,0,-600000,0,0,0,0,600000,-600000,-601000
060283,台肥元大9C購01  ,0,0,0,0,0,0,0,0,0,-602000,0,0,0,0,602000,-602000,-602000
05446P,緯穎元大95售04  ,0,0,0,0,0,0,0,0,0,-615000,0,0,0,15000,630000,-615000,-615000
058142,瑞儀元大99購01  ,0,0,0,0,0,0,0,0,0,-616000,0,0,0,251000,867000,-616000,-616000
9919,康那香          ,142000,758000,-616000,0,0,0,0,0,0,0,0,0,0,0,0,0,-616000
055404,超眾元富97購01  ,0,0,0,0,0,0,0,0,0,-629000,0,0,0,57000,686000,-629000,-629000
059978,國巨元大99購29  ,0,0,0,0,0,0,0,0,0,-631000,0,0,0,191000,822000,-631000,-631000
049272,世紀鋼元大96購02,0,0,0,0,0,0,0,0,0,-655000,0,0,0,598000,1253000,-655000,-655000
060241,國泰金元大9A購01,0,0,0,0,0,0,0,0,0,-658000,0,0,0,188000,846000,-658000,-658000
055639,上銀元富97購02  ,0,0,0,0,0,0,0,0,0,-664000,0,0,0,513000,1177000,-664000,-664000
057278,可成元大98購06  ,0,0,0,0,0,0,0,0,0,-675000,0,0,0,40000,715000,-675000,-675000
2301,光寶科          ,198000,806000,-608000,0,0,0,6000,0,6000,-78000,43000,123000,-80000,2000,0,2000,-680000
055261,帆宣統一98購01  ,0,0,0,0,0,0,0,0,0,-681000,0,0,0,0,681000,-681000,-681000
057207,立積元富98購02  ,0,0,0,0,0,0,0,0,0,-689000,0,0,0,56000,745000,-689000,-689000
054229,超眾元富96購05  ,0,0,0,0,0,0,0,0,0,-699000,0,0,0,0,699000,-699000,-699000
051371,超眾富邦95購01  ,0,0,0,0,0,0,0,0,0,-699000,0,0,0,3000,702000,-699000,-699000
053097,超眾統一96購03  ,0,0,0,0,0,0,0,0,0,-705000,0,0,0,13000,718000,-705000,-705000
059065,南電凱基9A購01  ,0,0,0,0,0,0,0,0,0,-711000,0,0,0,165000,876000,-711000,-711000
2456,奇力新          ,928000,1515000,-587000,0,0,0,12000,136000,-124000,-5000,27000,45000,-18000,131000,118000,13000,-716000
055131,茂林康和97購01  ,0,0,0,0,0,0,0,0,0,-720000,0,0,0,111000,831000,-720000,-720000
9802,鈺齊-KY         ,296000,442000,-146000,0,0,0,16000,374000,-358000,-218000,26000,218000,-192000,0,26000,-26000,-722000
4915,致伸            ,114000,842000,-728000,0,0,0,0,0,0,-3000,12000,12000,0,6000,9000,-3000,-731000
1402,遠東新          ,1856000,2625000,-769000,0,0,0,460000,0,460000,-423000,158000,586000,-428000,5000,0,5000,-732000
4938,和碩            ,1717000,2397000,-680000,0,0,0,6000,0,6000,-60000,71000,128000,-57000,2000,5000,-3000,-734000
060366,健策元富9A購01  ,0,0,0,0,0,0,0,0,0,-739000,0,0,0,31000,770000,-739000,-739000
1477,聚陽            ,129000,867000,-738000,0,0,0,0,0,0,-4000,3000,5000,-2000,0,2000,-2000,-742000
059932,世紀鋼富邦9A購02,0,0,0,0,0,0,0,0,0,-753000,0,0,0,30000,783000,-753000,-753000
058049,帆宣元大98購01  ,0,0,0,0,0,0,0,0,0,-754000,0,0,0,80000,834000,-754000,-754000
058721,立積元富9C購01  ,0,0,0,0,0,0,0,0,0,-785000,0,0,0,92000,877000,-785000,-785000
058637,晶技兆豐99購01  ,0,0,0,0,0,0,0,0,0,-787000,0,0,0,38000,825000,-787000,-787000
060190,國泰金元富9A購01,0,0,0,0,0,0,0,0,0,-821000,0,0,0,112000,933000,-821000,-821000
2308,台達電          ,2706515,3813000,-1106485,0,0,0,358000,0,358000,-81000,25000,145000,-120000,49000,10000,39000,-829485
057206,立積元富98購01  ,0,0,0,0,0,0,0,0,0,-830000,0,0,0,307000,1137000,-830000,-830000
6288,聯嘉            ,273000,1098000,-825000,0,0,0,0,0,0,-11000,0,11000,-11000,0,0,0,-836000
2312,金寶            ,498000,1313000,-815000,0,0,0,0,0,0,-23000,0,0,0,0,23000,-23000,-838000
1102,亞泥            ,584000,1398000,-814000,0,0,0,70000,0,70000,-94000,32000,122000,-90000,18000,22000,-4000,-838000
052085,聯電元大95購01  ,0,0,0,0,0,0,0,0,0,-850000,0,0,0,0,850000,-850000,-850000
3515,華擎            ,1025000,632000,393000,0,0,0,0,1156000,-1156000,-95000,12000,52000,-40000,68000,123000,-55000,-858000
2801,彰銀            ,2365000,1710000,655000,0,0,0,18000,0,18000,-1549000,15000,129000,-114000,75000,1510000,-1435000,-876000
060121,新光金富邦99購01,0,0,0,0,0,0,0,0,0,-879000,0,0,0,329000,1208000,-879000,-879000
06506P,台郡國票99售02  ,0,0,0,0,0,0,0,0,0,-888000,0,0,0,52000,940000,-888000,-888000
059925,可成國泰9B購01  ,0,0,0,0,0,0,0,0,0,-905000,0,0,0,168000,1073000,-905000,-905000
056769,國產元大98購01  ,0,0,0,0,0,0,0,0,0,-919000,0,0,0,252000,1171000,-919000,-919000
059560,T50反1凱基99購08,0,0,0,0,0,0,0,0,0,-929000,0,0,0,287000,1216000,-929000,-929000
2408,南亞科          ,3336741,3306000,30741,0,0,0,52000,1217000,-1165000,188000,331000,187000,144000,124000,80000,44000,-946259
054426,國泰金富邦97購02,0,0,0,0,0,0,0,0,0,-951000,0,0,0,210000,1161000,-951000,-951000
2338,光罩            ,190000,1143000,-953000,0,0,0,0,0,0,0,0,0,0,17000,17000,0,-953000
07292P,臺股指凱基99售44,0,0,0,0,0,0,0,0,0,-954000,0,0,0,189000,1143000,-954000,-954000
00712,FH富時不動產    ,4000,2000,2000,0,0,0,0,0,0,-957000,0,0,0,194000,1151000,-957000,-955000
060025,台積電富邦9C購06,0,0,0,0,0,0,0,0,0,-956000,0,0,0,123000,1079000,-956000,-956000
059189,國泰金富邦9B購01,0,0,0,0,0,0,0,0,0,-956000,0,0,0,0,956000,-956000,-956000
2841,台開            ,517000,1481000,-964000,0,0,0,0,0,0,0,3000,3000,0,0,0,0,-964000
056705,超眾國泰99購01  ,0,0,0,0,0,0,0,0,0,-971000,0,0,0,21000,992000,-971000,-971000
051832,復盛元大95購01  ,0,0,0,0,0,0,0,0,0,-998000,0,0,0,0,998000,-998000,-998000
059424,SGBR2X元大9A購01,0,0,0,0,0,0,0,0,0,-1021000,0,0,0,301000,1322000,-1021000,-1021000
056211,南港國票98購01  ,0,0,0,0,0,0,0,0,0,-1040000,0,0,0,220000,1260000,-1040000,-1040000
6251,定穎            ,330000,1343000,-1013000,0,0,0,0,0,0,-27000,173000,200000,-27000,0,0,0,-1040000
1325,恆大            ,183000,1237000,-1054000,0,0,0,0,0,0,0,0,0,0,0,0,0,-1054000
2812,台中銀          ,1687000,2664000,-977000,0,0,0,0,54704,-54704,-36000,15000,51000,-36000,0,0,0,-1067704
057092,健策元富98購01  ,0,0,0,0,0,0,0,0,0,-1074000,0,0,0,118000,1192000,-1074000,-1074000
0050,元大台灣50      ,214000,73000,141000,0,0,0,66000,0,66000,-1373000,28000,0,28000,356000,1757000,-1401000,-1166000
055232,泰碩國票98購01  ,0,0,0,0,0,0,0,0,0,-1174000,0,0,0,65000,1239000,-1174000,-1174000
5880,合庫金          ,4123000,5248000,-1125000,0,0,0,27000,0,27000,-77000,7000,124000,-117000,41000,1000,40000,-1175000
059886,可成國票99購04  ,0,0,0,0,0,0,0,0,0,-1290000,0,0,0,99000,1389000,-1290000,-1290000
1326,台化            ,1357000,2588000,-1231000,0,0,0,10000,75000,-65000,-12000,10000,25000,-15000,3000,0,3000,-1308000
2633,台灣高鐵        ,548000,1732000,-1184000,0,0,0,6000,0,6000,-156000,20000,170000,-150000,8000,14000,-6000,-1334000
059503,大立光富邦9B購04,0,0,0,0,0,0,0,0,0,-1349000,0,0,0,66000,1415000,-1349000,-1349000
2337,旺宏            ,3629000,3912000,-283000,0,0,0,160000,812000,-652000,-486000,10000,224000,-214000,106000,378000,-272000,-1421000
059680,台積電國泰9A購03,0,0,0,0,0,0,0,0,0,-1441000,0,0,0,286000,1727000,-1441000,-1441000
3545,敦泰            ,504000,1948250,-1444250,0,0,0,0,0,0,0,0,0,0,0,0,0,-1444250
6239,力成            ,373399,2219000,-1845601,0,0,0,509000,0,509000,-175000,42000,139000,-97000,29000,107000,-78000,-1511601
2103,台橡            ,602000,2137000,-1535000,0,0,0,0,0,0,-10000,0,10000,-10000,0,0,0,-1545000
058547,世紀鋼富邦9A購01,0,0,0,0,0,0,0,0,0,-1562000,0,0,0,1261000,2823000,-1562000,-1562000
07545P,玉晶光凱基9A售07,0,0,0,0,0,0,0,0,0,-1669000,0,0,0,0,1669000,-1669000,-1669000
058327,大毅統一9B購01  ,0,0,0,0,0,0,0,0,0,-1749000,0,0,0,72000,1821000,-1749000,-1749000
1714,和桐            ,928000,2785000,-1857000,0,0,0,0,0,0,5000,5000,0,5000,0,0,0,-1852000
07400P,國巨凱基99售20  ,0,0,0,0,0,0,0,0,0,-1917000,0,0,0,181000,2098000,-1917000,-1917000
054533,泰碩國泰98購01  ,0,0,0,0,0,0,0,0,0,-1921000,0,0,0,454000,2375000,-1921000,-1921000
4119,旭富            ,565000,2221000,-1656000,0,0,0,0,249000,-249000,-21000,37000,17000,20000,43000,84000,-41000,-1926000
1301,台塑            ,1089000,2954000,-1865000,0,0,0,6000,68000,-62000,-76000,16000,83000,-67000,42000,51000,-9000,-2003000
1504,東元            ,297000,2676000,-2379000,0,0,0,151000,0,151000,225000,105000,146000,-41000,266000,0,266000,-2003000
2027,大成鋼          ,286000,2307000,-2021000,0,0,0,0,0,0,-96000,11000,33000,-22000,20000,94000,-74000,-2117000
00676R,富邦臺灣加權反1 ,100000,0,100000,0,0,0,0,0,0,-2268000,0,0,0,740000,3008000,-2268000,-2168000
053564,台積電富邦99購01,0,0,0,0,0,0,0,0,0,-2197000,0,0,0,0,2197000,-2197000,-2197000
1216,統一            ,815000,3137000,-2322000,0,0,0,34000,0,34000,67000,112000,49000,63000,4000,0,4000,-2221000
2385,群光            ,747000,2998000,-2251000,0,0,0,22000,0,22000,-7000,53000,56000,-3000,1000,5000,-4000,-2236000
2474,可成            ,993800,3623000,-2629200,0,0,0,2000,11000,-9000,39000,86000,97000,-11000,77000,27000,50000,-2599200
00648R,元大S&P500反1   ,9000,1104000,-1095000,0,0,0,0,0,0,-1662000,0,0,0,0,1662000,-1662000,-2757000
00664R,國泰臺灣加權反1 ,50000,1000,49000,0,0,0,0,0,0,-2809000,0,0,0,166000,2975000,-2809000,-2760000
07546P,玉晶光凱基9A售09,0,0,0,0,0,0,0,0,0,-2845000,0,0,0,0,2845000,-2845000,-2845000
2618,長榮航          ,1750000,4728000,-2978000,0,0,0,3000,0,3000,-86000,255000,303000,-48000,36000,74000,-38000,-3061000
8150,南茂            ,242000,3354000,-3112000,0,0,0,0,0,0,-499000,13000,378000,-365000,46000,180000,-134000,-3611000
2330,台積電          ,10587030,14379000,-3791970,0,0,0,59000,601000,-542000,493000,315000,189000,126000,653000,286000,367000,-3840970
2105,正新            ,1005000,1294000,-289000,0,0,0,6000,0,6000,-4009000,25000,40000,-15000,6000,4000000,-3994000,-4292000
2884,玉山金          ,5148852,8248000,-3099148,0,0,0,32000,0,32000,-1239000,12000,1250000,-1238000,81000,82000,-1000,-4306148
2610,華航            ,1730000,5640000,-3910000,0,0,0,3000,0,3000,-420000,0,52000,-52000,2000,370000,-368000,-4327000
2409,友達            ,11378000,14067000,-2689000,0,0,0,1613000,3000000,-1387000,-352000,165000,252000,-87000,313000,578000,-265000,-4428000
2344,華邦電          ,1165000,5982000,-4817000,0,0,0,0,0,0,59000,214000,130000,84000,142000,167000,-25000,-4758000
2885,元大金          ,4326000,10514307,-6188307,0,0,0,31000,0,31000,82750,107000,202000,-95000,178000,250,177750,-6074557
00669R,國泰美國道瓊反1 ,15000,85000,-70000,0,0,0,0,0,0,-6585000,0,0,0,1000,6586000,-6585000,-6655000
3481,群創            ,11859000,25263163,-13404163,0,0,0,0,6000000,-6000000,-613000,458000,1166000,-708000,203000,108000,95000,-20017163
00677U,富邦VIX         ,3944000,23525000,-19581000,0,0,0,0,0,0,-702000,3394000,3502000,-108000,385000,979000,-594000,-20283000
00632R,元大台灣50反1   ,36003000,678000,35325000,0,0,0,0,0,0,-75023000,1100000,2898000,-1798000,3715000,76940000,-73225000,-39698000
