證券代號,證券名稱,外陸資買進股數(不含外資自營商),外陸資賣出股數(不含外資自營商),外陸資買賣超股數(不含外資自營商),外資自營商買進股數,外資自營商賣出股數,外資自營商買賣超股數,投信買進股數,投信賣出股數,投信買賣超股數,自營商買賣超股數,自營商買進股數(自行買賣),自營商賣出股數(自行買賣),自營商買賣超股數(自行買賣),自營商買進股數(避險),自營商賣出股數(避險),自營商買賣超股數(避險),三大法人買賣超股數
00852L,國泰美國道瓊正2 ,0,10000,-10000,0,0,0,0,0,0,26340000,0,0,0,30929000,4589000,26340000,26330000
2368,金像電          ,21720000,6920000,14800000,0,0,0,0,333000,-333000,271000,731000,550000,181000,90000,0,90000,14738000
2891,中信金          ,44011987,29489112,14522875,0,0,0,26000,5000,21000,-277000,62000,306000,-244000,0,33000,-33000,14266875
2881,富邦金          ,17361115,5870603,11490512,0,0,0,11000,2000,9000,-129000,20000,226000,-206000,126000,49000,77000,11370512
00670L,富邦NASDAQ正2   ,103000,103000,0,0,0,0,0,0,0,6669000,0,0,0,6781000,112000,6669000,6669000
0056,元大高股息      ,140100,82000,58100,0,0,0,130000,0,130000,5948000,0,200000,-200000,11229000,5081000,6148000,6136100
2892,第一金          ,16432700,11039803,5392897,0,0,0,55000,3000,52000,-169000,0,169000,-169000,0,0,0,5275897
00708L,元大S&P黃金正2  ,0,0,0,0,0,0,0,0,0,5129000,0,0,0,5563000,434000,5129000,5129000
2887,台新金          ,13642518,8460869,5181649,0,0,0,15000,2000,13000,-137000,0,135000,-135000,0,2000,-2000,5057649
00861,元大全球未來通訊,3334000,2000,3332000,0,0,0,0,0,0,1653000,20000,0,20000,2732000,1099000,1633000,4985000
058169,國巨凱基9A購05  ,0,0,0,0,0,0,0,0,0,4801000,0,0,0,4801000,0,4801000,4801000
2885,元大金          ,18303200,13801969,4501231,0,0,0,16000,2000,14000,-225000,0,214000,-214000,0,11000,-11000,4290231
8046,南電            ,3586000,2807000,779000,0,0,0,3184000,0,3184000,245000,130000,32000,98000,264000,117000,147000,4208000
2324,仁寶            ,9737979,4968662,4769317,0,0,0,0,0,0,-704000,0,324000,-324000,0,380000,-380000,4065317
00647L,元大S&P500正2   ,104000,104000,0,0,0,0,0,0,0,4046000,0,0,0,4603000,557000,4046000,4046000
2882,國泰金          ,11501042,7154271,4346771,0,0,0,12000,3000,9000,-409000,0,378000,-378000,0,31000,-31000,3946771
2618,長榮航          ,14427152,11020312,3406840,0,0,0,0,0,0,-15000,77000,229000,-152000,261000,124000,137000,3391840
057884,華邦電群益98購02,0,0,0,0,0,0,0,0,0,2745000,0,0,0,2745000,0,2745000,2745000
055094,智易群益98購01  ,0,0,0,0,0,0,0,0,0,2694000,0,0,0,2694000,0,2694000,2694000
045189,大立光元富98購01,0,0,0,0,0,0,0,0,0,2689000,0,0,0,2689000,0,2689000,2689000
053851,鴻海國泰98購03  ,0,0,0,0,0,0,0,0,0,2684000,0,0,0,2684000,0,2684000,2684000
058425,S&P正2元富01購02,0,0,0,0,0,0,0,0,0,2552000,0,0,0,2552000,0,2552000,2552000
1314,中石化          ,4591000,2054000,2537000,0,0,0,0,0,0,-47000,10000,22000,-12000,0,35000,-35000,2490000
057475,聯電元大9A購01  ,0,0,0,0,0,0,0,0,0,2032000,0,0,0,2333000,301000,2032000,2032000
047470,聯發科中信94購03,0,0,0,0,0,0,0,0,0,2028000,0,0,0,2028000,0,2028000,2028000
058329,S&P正2元富01購01,0,0,0,0,0,0,0,0,0,2019000,0,0,0,2019000,0,2019000,2019000
00830,國泰費城半導體  ,1449000,7000,1442000,0,0,0,0,0,0,524000,0,0,0,794000,270000,524000,1966000
2356,英業達          ,6119334,3869570,2249764,0,0,0,0,0,0,-498000,17000,59000,-42000,1000,457000,-456000,1751764
2014,中鴻            ,2114000,401000,1713000,0,0,0,0,0,0,0,0,0,0,0,0,0,1713000
00673R,元大S&P原油反1  ,2632000,1000,2631000,0,0,0,0,0,0,-921000,0,0,0,910000,1831000,-921000,1710000
058501,S&P正2元大99購01,0,0,0,0,0,0,0,0,0,1670000,0,0,0,1670000,0,1670000,1670000
00640L,富邦日本正2     ,0,3000,-3000,0,0,0,0,0,0,1646000,0,0,0,1720000,74000,1646000,1643000
059286,S&P正2元富01購03,0,0,0,0,0,0,0,0,0,1628000,0,0,0,1775000,147000,1628000,1628000
059294,宏達電元富9B購02,0,0,0,0,0,0,0,0,0,1619000,0,0,0,1619000,0,1619000,1619000
2823,中壽            ,8727550,7094783,1632767,0,0,0,0,1000,-1000,-18000,22000,61000,-39000,134000,113000,21000,1613767
049216,華邦電國票95購01,0,0,0,0,0,0,0,0,0,1589000,0,0,0,1589000,0,1589000,1589000
2867,三商壽          ,3018000,1414000,1604000,0,0,0,0,0,0,-50000,0,50000,-50000,0,0,0,1554000
00646,元大S&P500      ,147000,437000,-290000,0,0,0,0,0,0,1842000,19000,0,19000,1884000,61000,1823000,1552000
050797,聯發科中信99購01,0,0,0,0,0,0,0,0,0,1533000,0,0,0,1533000,0,1533000,1533000
051911,大立光元大98購02,0,20000,-20000,0,0,0,0,0,0,1496000,0,0,0,1496000,0,1496000,1476000
059389,國巨凱基99購14  ,0,0,0,0,0,0,0,0,0,1470000,0,0,0,1649000,179000,1470000,1470000
054369,鴻海中信9C購01  ,0,0,0,0,0,0,0,0,0,1412000,0,0,0,1412000,0,1412000,1412000
2886,兆豐金          ,12898631,9657317,3241314,0,0,0,16000,3000,13000,-1875000,0,1685000,-1685000,0,190000,-190000,1379314
2371,大同            ,3193158,1727745,1465413,0,0,0,0,0,0,-124000,0,0,0,0,124000,-124000,1341413
1536,和大            ,1993000,1071000,922000,0,0,0,308000,28000,280000,111000,112000,86000,26000,124000,39000,85000,1313000
054052,日月光元大96購06,0,0,0,0,0,0,0,0,0,1300000,0,0,0,1300000,0,1300000,1300000
048153,台積電兆豐94購01,0,0,0,0,0,0,0,0,0,1297000,0,0,0,1307000,10000,1297000,1297000
058383,道瓊指中信9C購02,0,0,0,0,0,0,0,0,0,1291000,0,0,0,1291000,0,1291000,1291000
059401,牧德元富99購01  ,0,0,0,0,0,0,0,0,0,1280000,0,0,0,2176000,896000,1280000,1280000
058595,T50正2元富99購01,0,0,0,0,0,0,0,0,0,1241000,0,0,0,1241000,0,1241000,1241000
044964,旺宏中信94購01  ,0,0,0,0,0,0,0,0,0,1220000,0,0,0,1220000,0,1220000,1220000
058380,臺股指凱基99購15,0,0,0,0,0,0,0,0,0,1207000,0,0,0,1207000,0,1207000,1207000
048179,臻鼎富邦97購01  ,0,0,0,0,0,0,0,0,0,1200000,0,0,0,1200000,0,1200000,1200000
058950,國巨群益99購06  ,0,0,0,0,0,0,0,0,0,1198000,0,0,0,1198000,0,1198000,1198000
00717,富邦美國特別股  ,286000,0,286000,0,0,0,0,0,0,903000,0,0,0,1690000,787000,903000,1189000
00634R,富邦上証反1     ,479000,40000,439000,0,0,0,0,0,0,712000,0,0,0,1201000,489000,712000,1151000
050432,聯發科凱基94購19,0,0,0,0,0,0,0,0,0,1150000,0,0,0,1150000,0,1150000,1150000
059293,宏達電元富9B購01,0,0,0,0,0,0,0,0,0,1148000,0,0,0,1148000,0,1148000,1148000
00655L,國泰中國A50正2  ,109000,198000,-89000,0,0,0,0,0,0,1203000,0,0,0,8273000,7070000,1203000,1114000
4938,和碩            ,7516429,6455832,1060597,0,0,0,0,1000,-1000,35000,244000,57000,187000,70000,222000,-152000,1094597
6005,群益證          ,1528556,454000,1074556,0,0,0,17000,1000,16000,0,0,0,0,0,0,0,1090556
2834,臺企銀          ,10042770,8841602,1201168,0,0,0,0,0,0,-120000,0,152000,-152000,34000,2000,32000,1081168
059683,康控富邦9C購01  ,0,0,0,0,0,0,0,0,0,1065000,0,0,0,1115000,50000,1065000,1065000
2454,聯發科          ,6093014,5032480,1060534,0,0,0,51000,62000,-11000,8000,168000,80000,88000,25000,105000,-80000,1057534
058945,S&P正2群益9C購01,0,0,0,0,0,0,0,0,0,1057000,0,0,0,1057000,0,1057000,1057000
4958,臻鼎-KY         ,4910316,3743783,1166533,0,0,0,0,0,0,-130000,40000,153000,-113000,16000,33000,-17000,1036533
059343,宏達電凱基99購04,0,0,0,0,0,0,0,0,0,1033000,0,0,0,1937000,904000,1033000,1033000
052150,台積電富邦95購07,0,0,0,0,0,0,0,0,0,1032000,0,0,0,1032000,0,1032000,1032000
056403,茂林群益98購01  ,0,0,0,0,0,0,0,0,0,1008000,0,0,0,1008000,0,1008000,1008000
2809,京城銀          ,1908269,878000,1030269,0,0,0,0,0,0,-49000,0,49000,-49000,0,0,0,981269
059051,和大凱基9A購01  ,0,0,0,0,0,0,0,0,0,980000,0,0,0,1215000,235000,980000,980000
1718,中纖            ,1313000,366000,947000,0,0,0,0,0,0,-16000,0,0,0,14000,30000,-16000,931000
057709,電子類群益98購01,0,0,0,0,0,0,0,0,0,918000,0,0,0,918000,0,918000,918000
056671,台灣50元富9A購01,0,0,0,0,0,0,0,0,0,913000,0,0,0,913000,0,913000,913000
2345,智邦            ,3446179,2548345,897834,0,0,0,0,0,0,-7000,35000,26000,9000,8000,24000,-16000,890834
050184,信邦元大94購01  ,0,0,0,0,0,0,0,0,0,874000,0,0,0,874000,0,874000,874000
4935,茂林-KY         ,844000,1115000,-271000,0,0,0,1125000,0,1125000,13000,9000,0,9000,21000,17000,4000,867000
054925,神達凱基97購01  ,0,0,0,0,0,0,0,0,0,857000,0,0,0,857000,0,857000,857000
058483,道瓊指國票9A購01,0,0,0,0,0,0,0,0,0,852000,0,0,0,852000,0,852000,852000
00635U,元大S&P黃金     ,106000,2000,104000,0,0,0,0,0,0,746000,0,130000,-130000,876000,0,876000,850000
051121,裕民群益97購01  ,0,0,0,0,0,0,0,0,0,850000,0,0,0,850000,0,850000,850000
9904,寶成            ,4940066,5015939,-75873,0,0,0,910000,1000,909000,-30000,2000,32000,-30000,0,0,0,803127
057954,宏碁元大99購01  ,0,0,0,0,0,0,0,0,0,796000,0,0,0,934000,138000,796000,796000
053511,鴻海群益96購04  ,0,0,0,0,0,0,0,0,0,790000,0,0,0,790000,0,790000,790000
055353,華新科凱基98購03,0,0,0,0,0,0,0,0,0,788000,0,0,0,998000,210000,788000,788000
056935,華新科元富98購02,0,0,0,0,0,0,0,0,0,781000,0,0,0,781000,0,781000,781000
2323,中環            ,2974000,2149000,825000,0,0,0,0,0,0,-49000,0,56000,-56000,8000,1000,7000,776000
054046,義隆元大96購02  ,0,0,0,0,0,0,0,0,0,774000,0,0,0,774000,0,774000,774000
058372,欣興凱基99購03  ,0,0,0,0,0,0,0,0,0,752000,0,0,0,752000,0,752000,752000
056783,國巨群益99購01  ,0,0,0,0,0,0,0,0,0,750000,0,0,0,750000,0,750000,750000
055458,燿華永豐98購01  ,0,0,0,0,0,0,0,0,0,742000,0,0,0,742000,0,742000,742000
2105,正新            ,2471440,1725769,745671,0,0,0,2000,0,2000,-8000,4000,12000,-8000,0,0,0,739671
042752,台灣50元大96購03,0,0,0,0,0,0,0,0,0,736000,0,0,0,736000,0,736000,736000
059138,台積電兆豐99購04,0,0,0,0,0,0,0,0,0,730000,0,0,0,732000,2000,730000,730000
054489,牧德台新97購02  ,0,0,0,0,0,0,0,0,0,730000,0,0,0,730000,0,730000,730000
048007,明基材元大96購01,0,0,0,0,0,0,0,0,0,722000,0,0,0,722000,0,722000,722000
059450,和大永豐99購01  ,0,0,0,0,0,0,0,0,0,720000,0,0,0,885000,165000,720000,720000
057740,茂林富邦9A購01  ,0,0,0,0,0,0,0,0,0,713000,0,0,0,715000,2000,713000,713000
058529,S&P正2元富9B購01,0,0,0,0,0,0,0,0,0,710000,0,0,0,710000,0,710000,710000
057340,玉晶光元富98購04,0,0,0,0,0,0,0,0,0,700000,0,0,0,700000,0,700000,700000
2352,佳世達          ,1564000,801000,763000,0,0,0,0,1000,-1000,-67000,3000,63000,-60000,0,7000,-7000,695000
058276,道瓊指中信9C購01,0,0,0,0,0,0,0,0,0,688000,0,0,0,688000,0,688000,688000
2347,聯強            ,2762574,1759878,1002696,0,0,0,0,0,0,-320000,32000,192000,-160000,4000,164000,-160000,682696
054000,訊芯群益96購02  ,0,0,0,0,0,0,0,0,0,682000,0,0,0,682000,0,682000,682000
2375,凱美            ,1468000,822000,646000,0,0,0,0,0,0,21000,0,0,0,21000,0,21000,667000
04810P,亞德客元大94售01,0,0,0,0,0,0,0,0,0,664000,0,0,0,664000,0,664000,664000
6251,定穎            ,1407000,1243000,164000,0,0,0,400000,1000,399000,95000,100000,5000,95000,0,0,0,658000
046949,群創元大99購01  ,0,0,0,0,0,0,0,0,0,650000,0,0,0,650000,0,650000,650000
053120,復盛中信9A購01  ,0,0,0,0,0,0,0,0,0,650000,0,0,0,650000,0,650000,650000
049607,台積電兆豐94購04,0,0,0,0,0,0,0,0,0,644000,0,0,0,644000,0,644000,644000
03674C,臺股指元富9C牛02,0,0,0,0,0,0,0,0,0,640000,0,0,0,688000,48000,640000,640000
058908,貿聯元大99購03  ,0,0,0,0,0,0,0,0,0,633000,0,0,0,846000,213000,633000,633000
054236,貿聯群益96購01  ,0,0,0,0,0,0,0,0,0,630000,0,0,0,630000,0,630000,630000
00638R,元大滬深300反1  ,605000,18000,587000,0,0,0,0,0,0,42000,0,0,0,1282000,1240000,42000,629000
052751,臺股指元大96購05,0,0,0,0,0,0,0,0,0,623000,0,0,0,623000,0,623000,623000
056766,義隆元大98購01  ,0,0,0,0,0,0,0,0,0,622000,0,0,0,657000,35000,622000,622000
055079,台光電中信97購01,0,0,0,0,0,0,0,0,0,621000,0,0,0,621000,0,621000,621000
058443,T50正2富邦01購01,0,0,0,0,0,0,0,0,0,620000,0,0,0,620000,0,620000,620000
056016,鴻海群益97購06  ,0,0,0,0,0,0,0,0,0,620000,0,0,0,620000,0,620000,620000
056333,台積電日盛9B購01,0,0,0,0,0,0,0,0,0,601000,0,0,0,601000,0,601000,601000
058853,日月光群益99購01,0,0,0,0,0,0,0,0,0,600000,0,0,0,600000,0,600000,600000
050177,聯發科元大94購11,0,0,0,0,0,0,0,0,0,600000,0,0,0,600000,0,600000,600000
048432,全新國票95購01  ,0,0,0,0,0,0,0,0,0,600000,0,0,0,600000,0,600000,600000
048388,華通國票94購01  ,0,0,0,0,0,0,0,0,0,600000,0,0,0,600000,0,600000,600000
059346,新日興凱基99購03,0,0,0,0,0,0,0,0,0,598000,0,0,0,679000,81000,598000,598000
051381,玉晶光群益98購01,0,0,0,0,0,0,0,0,0,586000,0,0,0,586000,0,586000,586000
1319,東陽            ,798737,582000,216737,0,0,0,360000,0,360000,8000,24000,16000,8000,0,0,0,584737
057851,鴻海國票99購06  ,0,0,0,0,0,0,0,0,0,581000,0,0,0,581000,0,581000,581000
056919,英業達兆豐98購01,0,0,0,0,0,0,0,0,0,578000,0,0,0,578000,0,578000,578000
058427,大毅元富99購01  ,0,0,0,0,0,0,0,0,0,577000,0,0,0,577000,0,577000,577000
058587,台積電中信9C購03,0,0,0,0,0,0,0,0,0,577000,0,0,0,577000,0,577000,577000
00668,國泰美國道瓊    ,0,79000,-79000,0,0,0,0,0,0,655000,0,0,0,943000,288000,655000,576000
2376,技嘉            ,2582000,1774000,808000,0,0,0,696000,661000,35000,-267000,0,49000,-49000,21000,239000,-218000,576000
020012,富邦行動通訊N   ,0,0,0,0,0,0,0,0,0,575000,0,0,0,801000,226000,575000,575000
049154,玉晶光元大95購02,0,0,0,0,0,0,0,0,0,553000,0,0,0,553000,0,553000,553000
057143,台郡兆豐98購01  ,0,0,0,0,0,0,0,0,0,552000,0,0,0,553000,1000,552000,552000
051825,中環元大95購01  ,0,0,0,0,0,0,0,0,0,550000,0,0,0,550000,0,550000,550000
1304,台聚            ,1044000,493000,551000,0,0,0,0,1000,-1000,0,0,0,0,0,0,0,550000
2520,冠德            ,474000,238000,236000,0,0,0,300000,0,300000,12000,16000,4000,12000,0,0,0,548000
042953,鴻海台新01購01  ,0,0,0,0,0,0,0,0,0,543000,0,0,0,543000,0,543000,543000
057813,京元電元大98購03,0,0,0,0,0,0,0,0,0,538000,0,0,0,1246000,708000,538000,538000
052884,台積電兆豐96購01,0,0,0,0,0,0,0,0,0,538000,0,0,0,538000,0,538000,538000
051411,聯發科國票95購05,0,0,0,0,0,0,0,0,0,535000,0,0,0,535000,0,535000,535000
1312,國喬            ,1269000,724000,545000,0,0,0,0,0,0,-16000,16000,32000,-16000,0,0,0,529000
2377,微星            ,2158534,1272966,885568,0,0,0,0,106000,-106000,-253000,13000,139000,-126000,4000,131000,-127000,526568
057202,TPK元富98購02   ,0,0,0,0,0,0,0,0,0,526000,0,0,0,600000,74000,526000,526000
052606,聯發科元大97購04,0,0,0,0,0,0,0,0,0,526000,0,0,0,526000,0,526000,526000
3016,嘉晶            ,1327000,776000,551000,0,0,0,0,0,0,-27000,2000,0,2000,1000,30000,-29000,524000
1227,佳格            ,986000,462591,523409,0,0,0,0,1000,-1000,0,0,0,0,0,0,0,522409
052939,富邦金兆豐96購01,0,0,0,0,0,0,0,0,0,511000,0,0,0,511000,0,511000,511000
056906,玉晶光元大9B購01,0,0,0,0,0,0,0,0,0,507000,0,0,0,507000,0,507000,507000
058295,欣興凱基99購02  ,0,0,0,0,0,0,0,0,0,502000,0,0,0,535000,33000,502000,502000
048987,崇越元大94購01  ,0,0,0,0,0,0,0,0,0,502000,0,0,0,502000,0,502000,502000
056461,樺漢凱基98購02  ,0,0,0,0,0,0,0,0,0,500000,0,0,0,500000,0,500000,500000
054072,台積電富邦98購02,0,0,0,0,0,0,0,0,0,500000,0,0,0,500000,0,500000,500000
052444,友訊元大95購01  ,0,0,0,0,0,0,0,0,0,500000,0,0,0,500000,0,500000,500000
054780,中石化群益99購01,0,0,0,0,0,0,0,0,0,500000,0,0,0,500000,0,500000,500000
056317,華通群益99購02  ,0,0,0,0,0,0,0,0,0,499000,0,0,0,499000,0,499000,499000
054484,仁寶台新96購01  ,0,0,0,0,0,0,0,0,0,499000,0,0,0,499000,0,499000,499000
045053,聯發科元富98購01,0,0,0,0,0,0,0,0,0,499000,0,0,0,499000,0,499000,499000
047248,奇鋐群益95購01  ,0,0,0,0,0,0,0,0,0,499000,0,0,0,499000,0,499000,499000
056572,義隆元大99購01  ,0,0,0,0,0,0,0,0,0,494000,0,0,0,494000,0,494000,494000
058140,臻鼎元大99購02  ,0,0,0,0,0,0,0,0,0,493000,0,0,0,539000,46000,493000,493000
047673,瑞昱元富96購01  ,0,0,0,0,0,0,0,0,0,487000,0,0,0,487000,0,487000,487000
055102,上銀凱基98購01  ,0,0,0,0,0,0,0,0,0,482000,0,0,0,482000,0,482000,482000
051038,健策台新95購01  ,0,0,0,0,0,0,0,0,0,480000,0,0,0,480000,0,480000,480000
053590,新光金元大9A購02,0,0,0,0,0,0,0,0,0,480000,0,0,0,480000,0,480000,480000
058038,滬深反元大98購01,0,0,0,0,0,0,0,0,0,479000,0,0,0,479000,0,479000,479000
2498,宏達電          ,1502000,784000,718000,0,0,0,0,0,0,-241000,59000,102000,-43000,19000,217000,-198000,477000
049042,玉晶光兆豐95購01,0,0,0,0,0,0,0,0,0,476000,0,0,0,476000,0,476000,476000
058518,玉晶光元大99購13,0,0,0,0,0,0,0,0,0,475000,0,0,0,475000,0,475000,475000
006205,富邦上証        ,15000,19000,-4000,0,0,0,0,0,0,477000,0,0,0,1394000,917000,477000,473000
053860,台積電元大98購03,0,0,0,0,0,0,0,0,0,471000,0,0,0,471000,0,471000,471000
054240,訊芯群益96購03  ,0,0,0,0,0,0,0,0,0,471000,0,0,0,471000,0,471000,471000
058347,玉晶光群益9B購01,0,0,0,0,0,0,0,0,0,469000,0,0,0,469000,0,469000,469000
056707,鴻海富邦99購03  ,0,0,0,0,0,0,0,0,0,460000,0,0,0,460000,0,460000,460000
058472,亞德客凱基9A購01,0,0,0,0,0,0,0,0,0,460000,0,0,0,460000,0,460000,460000
053817,華新科群益97購02,0,0,0,0,0,0,0,0,0,460000,0,0,0,460000,0,460000,460000
057268,臻鼎兆豐99購01  ,0,0,0,0,0,0,0,0,0,454000,0,0,0,459000,5000,454000,454000
9914,美利達          ,990000,734571,255429,0,0,0,193000,0,193000,0,0,0,0,0,0,0,448429
2801,彰銀            ,4475743,3842944,632799,0,0,0,9000,3000,6000,-191000,0,131000,-131000,0,60000,-60000,447799
04894P,世紀鋼元大94售02,0,0,0,0,0,0,0,0,0,447000,0,0,0,577000,130000,447000,447000
055276,台積電元大97購20,0,0,0,0,0,0,0,0,0,445000,0,0,0,445000,0,445000,445000
6670,復盛應用        ,597555,150000,447555,0,0,0,0,0,0,-6000,0,0,0,0,6000,-6000,441555
048810,玉晶光第一94購01,0,0,0,0,0,0,0,0,0,440000,0,0,0,440000,0,440000,440000
054427,潤泰全富邦97購01,0,0,0,0,0,0,0,0,0,440000,0,0,0,440000,0,440000,440000
052771,GIS群益96購01   ,0,0,0,0,0,0,0,0,0,440000,0,0,0,440000,0,440000,440000
058709,臺股指元大9A購22,0,0,0,0,0,0,0,0,0,438000,0,0,0,455000,17000,438000,438000
04717P,和大凱基94售02  ,0,0,0,0,0,0,0,0,0,438000,0,0,0,441000,3000,438000,438000
058413,義隆兆豐99購01  ,0,0,0,0,0,0,0,0,0,437000,0,0,0,478000,41000,437000,437000
059081,和大元大99購01  ,0,0,0,0,0,0,0,0,0,436000,0,0,0,461000,25000,436000,436000
057502,訊芯群益98購02  ,0,0,0,0,0,0,0,0,0,433000,0,0,0,433000,0,433000,433000
058961,台灣50兆豐9C購01,0,0,0,0,0,0,0,0,0,432000,0,0,0,442000,10000,432000,432000
058525,台虹元大99購02  ,0,0,0,0,0,0,0,0,0,430000,0,0,0,430000,0,430000,430000
051488,健策凱基96購04  ,0,0,0,0,0,0,0,0,0,430000,0,0,0,430000,0,430000,430000
055160,玉晶光元大99購03,0,0,0,0,0,0,0,0,0,429000,0,0,0,429000,0,429000,429000
054578,世芯元大99購01  ,0,0,0,0,0,0,0,0,0,427000,0,0,0,427000,0,427000,427000
6213,聯茂            ,800000,754000,46000,0,0,0,369000,0,369000,12000,70000,53000,17000,18000,23000,-5000,427000
058141,嘉聯益元大99購05,0,0,0,0,0,0,0,0,0,426000,0,0,0,426000,0,426000,426000
058109,台灣50元富9B購01,0,0,0,0,0,0,0,0,0,425000,0,0,0,425000,0,425000,425000
056251,聯發科兆豐97購02,0,0,0,0,0,0,0,0,0,423000,0,0,0,423000,0,423000,423000
058415,祥碩兆豐99購01  ,0,0,0,0,0,0,0,0,0,423000,0,0,0,433000,10000,423000,423000
5305,敦南            ,520000,97000,423000,0,0,0,0,0,0,0,0,0,0,0,0,0,423000
053381,友達元大9A購02  ,0,0,0,0,0,0,0,0,0,420000,0,0,0,420000,0,420000,420000
049433,健策國票95購03  ,0,0,0,0,0,0,0,0,0,420000,0,0,0,420000,0,420000,420000
055224,鴻海國票99購02  ,0,0,0,0,0,0,0,0,0,419000,0,0,0,419000,0,419000,419000
055976,台積電統一99購03,0,0,0,0,0,0,0,0,0,419000,0,0,0,419000,0,419000,419000
059103,旭富元富99購03  ,0,10000,-10000,0,0,0,0,0,0,429000,0,0,0,684000,255000,429000,419000
4904,遠傳            ,2379949,1927870,452079,0,0,0,2000,0,2000,-38000,4000,42000,-38000,0,0,0,416079
057030,滬深反元大9B購01,0,0,0,0,0,0,0,0,0,415000,0,0,0,415000,0,415000,415000
07082P,美律元大99售06  ,0,0,0,0,0,0,0,0,0,410000,0,0,0,410000,0,410000,410000
051322,國泰金國票96購01,0,0,0,0,0,0,0,0,0,409000,0,0,0,409000,0,409000,409000
053668,鴻海統一97購01  ,0,0,0,0,0,0,0,0,0,409000,0,0,0,409000,0,409000,409000
056749,滬深2X兆豐99購01,0,0,0,0,0,0,0,0,0,408000,0,0,0,418000,10000,408000,408000
00762,元大全球AI      ,0,1000,-1000,0,0,0,0,0,0,409000,0,0,0,491000,82000,409000,408000
00675L,富邦臺灣加權正2 ,0,0,0,0,0,0,0,0,0,402000,0,0,0,1474000,1072000,402000,402000
057697,國巨群益98購09  ,0,0,0,0,0,0,0,0,0,400000,0,0,0,400000,0,400000,400000
057924,健策凱基98購02  ,0,0,0,0,0,0,0,0,0,397000,0,0,0,397000,0,397000,397000
00662,富邦NASDAQ      ,5000,4000,1000,0,0,0,0,0,0,396000,0,0,0,478000,82000,396000,397000
048422,瑞昱元富96購02  ,0,0,0,0,0,0,0,0,0,396000,0,0,0,396000,0,396000,396000
2102,泰豐            ,585000,206000,379000,0,0,0,0,0,0,13000,14000,1000,13000,0,0,0,392000
050686,欣興兆豐96購01  ,0,0,0,0,0,0,0,0,0,390000,0,0,0,390000,0,390000,390000
00752,中信中國50      ,8000,6000,2000,0,0,0,0,0,0,386000,0,0,0,950000,564000,386000,388000
057573,京鼎永豐98購02  ,0,0,0,0,0,0,0,0,0,380000,0,0,0,380000,0,380000,380000
056658,美食元大98購01  ,0,0,0,0,0,0,0,0,0,377000,0,0,0,377000,0,377000,377000
058855,台積電兆豐99購02,0,0,0,0,0,0,0,0,0,374000,0,0,0,385000,11000,374000,374000
6166,凌華            ,624000,250387,373613,0,0,0,0,0,0,0,0,0,0,2000,2000,0,373613
058200,世芯康和99購01  ,0,0,0,0,0,0,0,0,0,373000,0,0,0,630000,257000,373000,373000
056390,台積電富邦9B購01,0,0,0,0,0,0,0,0,0,372000,0,0,0,372000,0,372000,372000
6456,GIS-KY          ,990000,577000,413000,0,0,0,0,0,0,-41000,5000,60000,-55000,16000,2000,14000,372000
2379,瑞昱            ,2699823,3467969,-768146,0,0,0,1196000,0,1196000,-56000,10000,29000,-19000,1000,38000,-37000,371854
057814,聯發科元大98購12,0,0,0,0,0,0,0,0,0,370000,0,0,0,370000,0,370000,370000
054542,台表科國票98購01,0,0,0,0,0,0,0,0,0,370000,0,0,0,370000,0,370000,370000
054197,台積電永昌96購07,0,0,0,0,0,0,0,0,0,368000,0,0,0,368000,0,368000,368000
058118,瑞昱群益99購01  ,0,0,0,0,0,0,0,0,0,363000,0,0,0,363000,0,363000,363000
1305,華夏            ,629000,264000,365000,0,0,0,0,0,0,-2000,0,2000,-2000,0,0,0,363000
058718,台灣50元富03購01,0,0,0,0,0,0,0,0,0,362000,0,0,0,362000,0,362000,362000
058656,燿華中信99購01  ,0,0,0,0,0,0,0,0,0,361000,0,0,0,361000,0,361000,361000
056379,玉晶光元富98購01,0,0,0,0,0,0,0,0,0,361000,0,0,0,422000,61000,361000,361000
057947,和碩國票99購01  ,0,0,0,0,0,0,0,0,0,360000,0,0,0,360000,0,360000,360000
1313,聯成            ,547000,189000,358000,0,0,0,0,0,0,0,0,0,0,0,0,0,358000
056385,創意國泰99購01  ,0,0,0,0,0,0,0,0,0,355000,0,0,0,355000,0,355000,355000
051280,台積電兆豐95購04,0,0,0,0,0,0,0,0,0,351000,0,0,0,361000,10000,351000,351000
2332,友訊            ,1275000,864000,411000,0,0,0,0,0,0,-63000,1000,8000,-7000,26000,82000,-56000,348000
058337,日月光元富99購01,0,0,0,0,0,0,0,0,0,345000,0,0,0,345000,0,345000,345000
054647,禾伸堂群益99購01,0,0,0,0,0,0,0,0,0,341000,0,0,0,341000,0,341000,341000
055929,聯發科群益97購05,0,0,0,0,0,0,0,0,0,340000,0,0,0,340000,0,340000,340000
053965,聯電元大98購04  ,0,0,0,0,0,0,0,0,0,340000,0,0,0,380000,40000,340000,340000
2534,宏盛            ,741000,401100,339900,0,0,0,0,0,0,0,0,0,0,0,0,0,339900
054109,南亞科凱基96購05,0,0,0,0,0,0,0,0,0,336000,0,0,0,421000,85000,336000,336000
00639,富邦深100       ,375000,307000,68000,0,0,0,0,0,0,268000,0,0,0,1201000,933000,268000,336000
059527,聯發科凱基99購16,0,0,0,0,0,0,0,0,0,335000,0,0,0,417000,82000,335000,335000
054177,牧德台新97購01  ,0,0,0,0,0,0,0,0,0,334000,0,0,0,494000,160000,334000,334000
00738U,元大道瓊白銀    ,381000,30000,351000,0,0,0,0,0,0,-19000,0,0,0,1765000,1784000,-19000,332000
058433,台積電統一9B購04,0,0,0,0,0,0,0,0,0,330000,0,0,0,330000,0,330000,330000
059096,百和元大99購04  ,0,0,0,0,0,0,0,0,0,330000,0,0,0,330000,0,330000,330000
04316P,華新科國票94售05,0,0,0,0,0,0,0,0,0,328000,0,0,0,650000,322000,328000,328000
049298,矽格群益95購01  ,0,0,0,0,0,0,0,0,0,325000,0,0,0,325000,0,325000,325000
2405,浩鑫            ,469000,144000,325000,0,0,0,0,0,0,0,0,0,0,0,0,0,325000
057616,聯電凱基99購01  ,0,0,0,0,0,0,0,0,0,324000,0,0,0,324000,0,324000,324000
057467,祥碩永豐98購04  ,0,0,0,0,0,0,0,0,0,324000,0,0,0,324000,0,324000,324000
057320,玉晶光凱基98購01,0,0,0,0,0,0,0,0,0,323000,0,0,0,573000,250000,323000,323000
054556,世芯凱基99購01  ,0,0,0,0,0,0,0,0,0,323000,0,0,0,323000,0,323000,323000
053352,義隆兆豐96購01  ,0,0,0,0,0,0,0,0,0,321000,0,0,0,321000,0,321000,321000
048572,美利達元大96購04,0,0,0,0,0,0,0,0,0,320000,0,0,0,320000,0,320000,320000
059397,T50反1元富99購05,0,0,0,0,0,0,0,0,0,317000,0,0,0,762000,445000,317000,317000
059646,聯茂凱基99購06  ,0,0,0,0,0,0,0,0,0,316000,0,0,0,589000,273000,316000,316000
2883,開發金          ,12313867,11881396,432471,0,0,0,21000,1000,20000,-137000,46000,288000,-242000,105000,0,105000,315471
047212,宏達電富邦97購01,0,0,0,0,0,0,0,0,0,315000,0,0,0,315000,0,315000,315000
3338,泰碩            ,719000,713000,6000,0,0,0,300000,0,300000,9000,70000,27000,43000,13000,47000,-34000,315000
049007,玉晶光中信96購01,0,0,0,0,0,0,0,0,0,312000,0,0,0,312000,0,312000,312000
055604,訊芯元大98購02  ,0,0,0,0,0,0,0,0,0,310000,0,0,0,350000,40000,310000,310000
051898,富邦金國泰97購01,0,0,0,0,0,0,0,0,0,310000,0,0,0,310000,0,310000,310000
055240,京元電元富97購01,0,0,0,0,0,0,0,0,0,309000,0,0,0,309000,0,309000,309000
053158,茂林元大96購01  ,0,0,0,0,0,0,0,0,0,309000,0,0,0,349000,40000,309000,309000
051020,健策凱基96購02  ,0,0,0,0,0,0,0,0,0,309000,0,0,0,309000,0,309000,309000
049108,玉晶光富邦96購02,0,0,0,0,0,0,0,0,0,308000,0,0,0,308000,0,308000,308000
046630,京元電元富95購03,0,0,0,0,0,0,0,0,0,308000,0,0,0,346000,38000,308000,308000
042317,台灣50永豐96購01,0,0,0,0,0,0,0,0,0,308000,0,0,0,308000,0,308000,308000
058379,臺股指凱基99購14,0,0,0,0,0,0,0,0,0,306000,0,0,0,306000,0,306000,306000
047885,元金2X富邦99購01,0,0,0,0,0,0,0,0,0,304000,0,0,0,304000,0,304000,304000
059323,新日興元大99購02,0,0,0,0,0,0,0,0,0,303000,0,0,0,343000,40000,303000,303000
051240,台積電元大95購12,0,0,0,0,0,0,0,0,0,303000,0,0,0,303000,0,303000,303000
049808,聯詠元大94購03  ,0,0,0,0,0,0,0,0,0,303000,0,0,0,323000,20000,303000,303000
056372,訊芯元大98購04  ,0,0,0,0,0,0,0,0,0,301000,0,0,0,301000,0,301000,301000
056386,TPK國泰99購01   ,0,0,0,0,0,0,0,0,0,300000,0,0,0,300000,0,300000,300000
057900,南亞科永豐98購01,0,0,0,0,0,0,0,0,0,300000,0,0,0,300000,0,300000,300000
058131,義隆元大99購02  ,0,0,0,0,0,0,0,0,0,300000,0,0,0,455000,155000,300000,300000
058382,S&P500中信99購01,0,0,0,0,0,0,0,0,0,300000,0,0,0,300000,0,300000,300000
058839,瑞儀中信99購02  ,0,0,0,0,0,0,0,0,0,300000,0,0,0,362000,62000,300000,300000
058549,藍天永豐99購01  ,0,0,0,0,0,0,0,0,0,300000,0,0,0,300000,0,300000,300000
059253,康控凱基9B購02  ,0,0,0,0,0,0,0,0,0,300000,0,0,0,361000,61000,300000,300000
055914,大立光凱基97購13,0,0,0,0,0,0,0,0,0,300000,0,0,0,300000,0,300000,300000
052389,聯發科群益95購05,0,0,0,0,0,0,0,0,0,300000,0,0,0,300000,0,300000,300000
054067,百和國票97購03  ,0,0,0,0,0,0,0,0,0,300000,0,0,0,300000,0,300000,300000
050100,台積電永昌96購02,0,0,0,0,0,0,0,0,0,300000,0,0,0,300000,0,300000,300000
055421,玉晶光永豐98購04,0,0,0,0,0,0,0,0,0,300000,0,0,0,300000,0,300000,300000
054457,強茂群益96購01  ,0,0,0,0,0,0,0,0,0,300000,0,0,0,300000,0,300000,300000
053296,貿聯中信98購01  ,0,0,0,0,0,0,0,0,0,300000,0,0,0,300000,0,300000,300000
07074P,FBVIX凱基9A售01 ,0,0,0,0,0,0,0,0,0,300000,0,0,0,300000,0,300000,300000
058388,健策國票9A購01  ,0,0,0,0,0,0,0,0,0,299000,0,0,0,299000,0,299000,299000
057457,華邦電富邦98購01,0,0,0,0,0,0,0,0,0,299000,0,0,0,299000,0,299000,299000
057798,貿聯兆豐99購01  ,0,0,0,0,0,0,0,0,0,298000,0,0,0,298000,0,298000,298000
048847,A50群益98購01   ,0,0,0,0,0,0,0,0,0,298000,0,0,0,429000,131000,298000,298000
056192,智邦富邦98購01  ,0,0,0,0,0,0,0,0,0,295000,0,0,0,295000,0,295000,295000
058172,國巨凱基9B購02  ,0,0,0,0,0,0,0,0,0,293000,0,0,0,293000,0,293000,293000
058241,景碩元大99購05  ,0,0,0,0,0,0,0,0,0,293000,0,0,0,462000,169000,293000,293000
057533,晶相光元大98購02,0,0,0,0,0,0,0,0,0,293000,0,0,0,343000,50000,293000,293000
054137,聯詠元大97購02  ,0,0,0,0,0,0,0,0,0,291000,0,0,0,311000,20000,291000,291000
051580,宏碁元大95購02  ,0,0,0,0,0,0,0,0,0,290000,0,0,0,290000,0,290000,290000
052049,緯創凱基97購01  ,0,0,0,0,0,0,0,0,0,290000,0,0,0,290000,0,290000,290000
07108P,FBVIX台新99售02 ,0,0,0,0,0,0,0,0,0,290000,0,0,0,340000,50000,290000,290000
2606,裕民            ,493000,182000,311000,0,0,0,0,0,0,-21000,0,13000,-13000,0,8000,-8000,290000
3023,信邦            ,800000,508640,291360,0,0,0,0,0,0,-4000,0,7000,-7000,5000,2000,3000,287360
056262,台積電統一98購04,0,0,0,0,0,0,0,0,0,286000,0,0,0,286000,0,286000,286000
058469,臺股指中信9A購05,0,0,0,0,0,0,0,0,0,283000,0,0,0,293000,10000,283000,283000
055960,義隆元大97購01  ,0,0,0,0,0,0,0,0,0,281000,0,0,0,281000,0,281000,281000
054929,群電凱基97購01  ,0,0,0,0,0,0,0,0,0,280000,0,0,0,280000,0,280000,280000
058633,台灣50兆豐99購01,0,0,0,0,0,0,0,0,0,279000,0,0,0,289000,10000,279000,279000
056721,台灣50永昌9A購01,0,0,0,0,0,0,0,0,0,279000,0,0,0,279000,0,279000,279000
056479,玉晶光元大99購05,0,0,0,0,0,0,0,0,0,278000,0,0,0,641000,363000,278000,278000
00656R,國泰中國A50反1  ,26000,1000,25000,0,0,0,0,0,0,253000,0,0,0,618000,365000,253000,278000
058078,景碩國票99購01  ,0,0,0,0,0,0,0,0,0,277000,0,0,0,434000,157000,277000,277000
049064,T50反1凱基96購03,0,0,0,0,0,0,0,0,0,275000,0,0,0,379000,104000,275000,275000
059218,台積電元大99購31,0,0,0,0,0,0,0,0,0,273000,0,0,0,274000,1000,273000,273000
048793,超眾元大95購02  ,0,0,0,0,0,0,0,0,0,272000,0,0,0,272000,0,272000,272000
053438,玉晶光麥證97購02,0,0,0,271000,1000,270000,0,0,0,270000,0,0,0,271000,1000,270000,270000
057017,和大凱基98購01  ,0,0,0,0,0,0,0,0,0,269000,0,0,0,393000,124000,269000,269000
056911,緯穎元大99購01  ,0,0,0,0,0,0,0,0,0,269000,0,0,0,270000,1000,269000,269000
2328,廣宇            ,653000,351000,302000,0,0,0,0,1000,-1000,-33000,0,33000,-33000,0,0,0,268000
2104,國際中橡        ,1892000,1605760,286240,0,0,0,0,0,0,-19000,0,19000,-19000,0,0,0,267240
06067P,華新科康和97售01,0,0,0,0,0,0,0,0,0,267000,0,0,0,477000,210000,267000,267000
047421,聯茂富邦97購01  ,0,0,0,0,0,0,0,0,0,267000,0,0,0,267000,0,267000,267000
056914,臺股指元大99購09,0,0,0,0,0,0,0,0,0,265000,0,0,0,265000,0,265000,265000
056972,祥碩永豐98購02  ,0,0,0,0,0,0,0,0,0,265000,0,0,0,265000,0,265000,265000
059274,國巨元大99購22  ,0,0,0,0,0,0,0,0,0,264000,0,0,0,264000,0,264000,264000
055925,上銀群益97購01  ,0,0,0,0,0,0,0,0,0,264000,0,0,0,264000,0,264000,264000
051452,貿聯元大95購04  ,0,0,0,0,0,0,0,0,0,263000,0,0,0,263000,0,263000,263000
054986,藍天元富97購01  ,0,0,0,0,0,0,0,0,0,260000,0,0,0,260000,0,260000,260000
056065,奇鋐元大97購01  ,0,0,0,0,0,0,0,0,0,260000,0,0,0,410000,150000,260000,260000
057689,南亞科凱基99購02,0,0,0,0,0,0,0,0,0,259000,0,0,0,304000,45000,259000,259000
04696P,亞德客國泰95售02,0,0,0,0,0,0,0,0,0,259000,0,0,0,259000,0,259000,259000
055368,台積電元大97購24,0,0,0,0,0,0,0,0,0,258000,0,0,0,258000,0,258000,258000
051011,國巨凱基95購03  ,0,0,0,0,0,0,0,0,0,257000,0,0,0,257000,0,257000,257000
07075P,FBVIX凱基9C售04 ,0,0,0,0,0,0,0,0,0,257000,0,0,0,257000,0,257000,257000
057863,美律凱基9A購01  ,0,0,0,0,0,0,0,0,0,256000,0,0,0,256000,0,256000,256000
055637,亞德客元富97購01,0,0,0,0,0,0,0,0,0,256000,0,0,0,311000,55000,256000,256000
052325,高股息中信99購01,0,0,0,0,0,0,0,0,0,256000,0,0,0,256000,0,256000,256000
03436B,臺股指元富99熊13,0,0,0,0,0,0,0,0,0,256000,0,0,0,266000,10000,256000,256000
2301,光寶科          ,4170847,3543852,626995,0,0,0,4000,0,4000,-375000,32000,278000,-246000,1000,130000,-129000,255995
06118P,上証2X凱基98售03,0,0,0,0,0,0,0,0,0,255000,0,0,0,255000,0,255000,255000
053705,滬深2X凱基99購01,0,0,0,0,0,0,0,0,0,255000,0,0,0,255000,0,255000,255000
052345,矽力凱基95購01  ,0,0,0,0,0,0,0,0,0,254000,0,0,0,254000,0,254000,254000
055150,台積電元大98購04,0,0,0,0,0,0,0,0,0,251000,0,0,0,251000,0,251000,251000
059405,台灣50國票01購01,0,0,0,0,0,0,0,0,0,251000,0,0,0,252000,1000,251000,251000
049153,大立光元大96購02,0,0,0,0,0,0,0,0,0,250000,0,0,0,250000,0,250000,250000
020000,富邦特選蘋果N   ,0,0,0,0,0,0,0,0,0,249000,0,0,0,322000,73000,249000,249000
058802,矽創元大99購02  ,0,0,0,0,0,0,0,0,0,248000,0,0,0,257000,9000,248000,248000
058399,美律元大99購05  ,0,0,0,0,0,0,0,0,0,247000,0,0,0,292000,45000,247000,247000
059091,中信金元大99購01,0,0,0,0,0,0,0,0,0,247000,0,0,0,250000,3000,247000,247000
2633,台灣高鐵        ,1962632,1596889,365743,0,0,0,3000,0,3000,-122000,0,118000,-118000,3000,7000,-4000,246743
059191,茂林富邦9B購01  ,0,0,0,0,0,0,0,0,0,246000,0,0,0,263000,17000,246000,246000
059347,京鼎凱基99購02  ,0,0,0,0,0,0,0,0,0,246000,0,0,0,380000,134000,246000,246000
058113,百和元富98購01  ,0,0,0,0,0,0,0,0,0,245000,0,0,0,300000,55000,245000,245000
054644,A50正2群益9B購01,0,0,0,0,0,0,0,0,0,245000,0,0,0,245000,0,245000,245000
056077,矽力元大97購07  ,0,0,0,0,0,0,0,0,0,242000,0,0,0,242000,0,242000,242000
056485,同欣電元大98購01,0,0,0,0,0,0,0,0,0,240000,0,0,0,240000,0,240000,240000
056515,燿華兆豐99購01  ,0,0,0,0,0,0,0,0,0,240000,0,0,0,240000,0,240000,240000
053686,台積電元大97購08,0,0,0,0,0,0,0,0,0,240000,0,0,0,240000,0,240000,240000
059011,臺股指元大9A購30,0,0,0,0,0,0,0,0,0,238000,0,0,0,239000,1000,238000,238000
059297,大立光元富9C購01,0,0,0,0,0,0,0,0,0,238000,0,0,0,278000,40000,238000,238000
6271,同欣電          ,882000,1221000,-339000,0,0,0,1117000,180000,937000,-360000,0,359000,-359000,6000,7000,-1000,238000
056449,義隆凱基98購03  ,0,0,0,0,0,0,0,0,0,237000,0,0,0,252000,15000,237000,237000
058547,世紀鋼富邦9A購01,0,0,0,0,0,0,0,0,0,236000,0,0,0,236000,0,236000,236000
5269,祥碩            ,535000,419000,116000,0,0,0,99000,0,99000,21000,27000,3000,24000,7000,10000,-3000,236000
052687,國泰金元大96購03,0,0,0,0,0,0,0,0,0,235000,0,0,0,235000,0,235000,235000
06884P,台郡群益98售03  ,0,0,0,0,0,0,0,0,0,235000,0,0,0,235000,0,235000,235000
054808,東元元大9A購01  ,0,0,0,0,0,0,0,0,0,234000,0,0,0,234000,0,234000,234000
3035,智原            ,897000,658000,239000,0,0,0,0,0,0,-6000,0,5000,-5000,2000,3000,-1000,233000
053027,玉晶光富邦98購01,0,0,0,0,0,0,0,0,0,232000,0,0,0,232000,0,232000,232000
057134,茂林凱基98購02  ,0,0,0,0,0,0,0,0,0,231000,0,0,0,231000,0,231000,231000
00737,國泰AI+Robo     ,1000,0,1000,0,0,0,0,0,0,229000,0,0,0,237000,8000,229000,230000
053728,茂林凱基97購01  ,0,0,0,0,0,0,0,0,0,229000,0,0,0,229000,0,229000,229000
059569,旺宏凱基99購09  ,0,0,0,0,0,0,0,0,0,229000,0,0,0,295000,66000,229000,229000
058570,臻鼎凱基9A購01  ,0,0,0,0,0,0,0,0,0,227000,0,0,0,340000,113000,227000,227000
058494,可成群益9B購01  ,0,0,0,0,0,0,0,0,0,226000,0,0,0,226000,0,226000,226000
050522,聯發科元大95購03,0,0,0,0,0,0,0,0,0,225000,0,0,0,225000,0,225000,225000
051266,國巨富邦99購01  ,0,0,0,0,0,0,0,0,0,225000,0,0,0,225000,0,225000,225000
056580,泰鼎元大9A購01  ,0,0,0,0,0,0,0,0,0,224000,0,0,0,229000,5000,224000,224000
059133,臺股指群益99購08,0,0,0,0,0,0,0,0,0,224000,0,0,0,502000,278000,224000,224000
051254,健策元大96購04  ,0,0,0,0,0,0,0,0,0,224000,0,0,0,340000,116000,224000,224000
052103,台積電兆豐95購06,0,0,0,0,0,0,0,0,0,224000,0,0,0,224000,0,224000,224000
056529,中環凱基98購01  ,0,0,0,0,0,0,0,0,0,223000,0,0,0,304000,81000,223000,223000
051591,玉晶光元大97購01,0,0,0,0,0,0,0,0,0,222000,0,0,0,222000,0,222000,222000
055349,京元電凱基97購02,0,0,0,0,0,0,0,0,0,221000,0,0,0,221000,0,221000,221000
07010P,T50正2凱基9C售01,0,0,0,0,0,0,0,0,0,221000,0,0,0,240000,19000,221000,221000
2338,光罩            ,1182000,947000,235000,0,0,0,0,0,0,-14000,0,0,0,10000,24000,-14000,221000
058585,S&P正2中信9B購02,0,0,0,0,0,0,0,0,0,220000,0,0,0,220000,0,220000,220000
052880,台積電凱基96購06,0,0,0,0,0,0,0,0,0,220000,0,0,0,220000,0,220000,220000
059370,玉晶光元富99購02,0,0,0,0,0,0,0,0,0,220000,0,0,0,1962000,1742000,220000,220000
051277,聯發科中信9A購01,0,0,0,0,0,0,0,0,0,220000,0,0,0,220000,0,220000,220000
2905,三商            ,323000,103000,220000,0,0,0,0,0,0,0,0,0,0,0,0,0,220000
053444,奇力新凱基96購03,0,0,0,0,0,0,0,0,0,219000,0,0,0,219000,0,219000,219000
058509,聯發科元大99購12,0,0,0,0,0,0,0,0,0,218000,0,0,0,218000,0,218000,218000
055493,華新科元大97購09,0,0,0,0,0,0,0,0,0,218000,0,0,0,218000,0,218000,218000
07158P,FBVIX國泰9C售01 ,0,0,0,0,0,0,0,0,0,217000,0,0,0,374000,157000,217000,217000
052498,台積電永豐95購06,0,0,0,0,0,0,0,0,0,216000,0,0,0,216000,0,216000,216000
050754,元金2X元富9B購01,0,0,0,0,0,0,0,0,0,216000,0,0,0,216000,0,216000,216000
06418P,T50反1統一9A售02,0,0,0,0,0,0,0,0,0,216000,0,0,0,216000,0,216000,216000
059630,美律凱基99購07  ,0,0,0,0,0,0,0,0,0,215000,0,0,0,225000,10000,215000,215000
054480,和碩中信98購01  ,0,0,0,0,0,0,0,0,0,215000,0,0,0,215000,0,215000,215000
2383,台光電          ,944000,941119,2881,0,0,0,134000,0,134000,78000,128000,25000,103000,2000,27000,-25000,214881
053496,義隆兆豐96購02  ,0,0,0,0,0,0,0,0,0,213000,0,0,0,223000,10000,213000,213000
052553,技嘉國票96購01  ,0,0,0,0,0,0,0,0,0,213000,0,0,0,213000,0,213000,213000
059647,超眾凱基99購04  ,0,0,0,0,0,0,0,0,0,211000,0,0,0,371000,160000,211000,211000
058759,義隆群益99購01  ,0,0,0,0,0,0,0,0,0,211000,0,0,0,211000,0,211000,211000
058830,健策永豐99購02  ,0,0,0,0,0,0,0,0,0,210000,0,0,0,210000,0,210000,210000
055596,新光金元大9B購02,0,0,0,0,0,0,0,0,0,210000,0,0,0,210000,0,210000,210000
059038,健策群益9A購02  ,0,0,0,0,0,0,0,0,0,210000,0,0,0,210000,0,210000,210000
050235,國巨凱基94購11  ,0,0,0,0,0,0,0,0,0,210000,0,0,0,210000,0,210000,210000
052003,泰碩國泰97購02  ,0,0,0,0,0,0,0,0,0,210000,0,0,0,210000,0,210000,210000
053126,健策凱基97購02  ,0,0,0,0,0,0,0,0,0,210000,0,0,0,210000,0,210000,210000
057731,華擎國泰9A購02  ,0,0,0,0,0,0,0,0,0,209000,0,0,0,489000,280000,209000,209000
05446P,緯穎元大95售04  ,0,0,0,0,0,0,0,0,0,209000,0,0,0,588000,379000,209000,209000
056704,健策國泰99購01  ,0,0,0,0,0,0,0,0,0,208000,0,0,0,208000,0,208000,208000
058856,新光金兆豐99購01,0,0,0,0,0,0,0,0,0,208000,0,0,0,208000,0,208000,208000
052159,瑞昱永豐95購01  ,0,0,0,0,0,0,0,0,0,208000,0,0,0,208000,0,208000,208000
053587,京元電元大98購01,0,0,0,0,0,0,0,0,0,208000,0,0,0,208000,0,208000,208000
058911,茂林元大99購04  ,0,0,0,0,0,0,0,0,0,207000,0,0,0,272000,65000,207000,207000
059142,道瓊指國票9B購02,0,0,0,0,0,0,0,0,0,207000,0,0,0,207000,0,207000,207000
054965,健策元大98購04  ,0,0,0,0,0,0,0,0,0,207000,0,0,0,207000,0,207000,207000
051231,健策群益97購01  ,0,0,0,0,0,0,0,0,0,207000,0,0,0,207000,0,207000,207000
00757,統一FANG+       ,0,0,0,0,0,0,0,0,0,206000,0,0,0,471000,265000,206000,206000
057829,臺股指元大98購12,0,0,0,0,0,0,0,0,0,205000,0,0,0,205000,0,205000,205000
00701,國泰股利精選30  ,28000,28000,0,0,0,0,0,0,0,205000,0,0,0,1727000,1522000,205000,205000
051075,智邦國泰97購01  ,0,0,0,0,0,0,0,0,0,205000,0,0,0,205000,0,205000,205000
053446,欣興凱基96購02  ,0,0,0,0,0,0,0,0,0,205000,0,0,0,205000,0,205000,205000
2444,兆勁            ,214000,9000,205000,0,0,0,0,0,0,0,0,0,0,0,0,0,205000
00678,群益NBI生技     ,162000,64000,98000,0,0,0,0,0,0,106000,0,0,0,106000,0,106000,204000
056557,世紀鋼凱基98購02,0,0,0,0,0,0,0,0,0,203000,0,0,0,203000,0,203000,203000
057419,奇力新凱基98購06,0,0,0,0,0,0,0,0,0,203000,0,0,0,203000,0,203000,203000
052785,滬深2X中信99購03,0,0,0,0,0,0,0,0,0,203000,0,0,0,203000,0,203000,203000
2501,國建            ,399000,160000,239000,0,0,0,0,0,0,-37000,0,37000,-37000,0,0,0,202000
053537,玉晶光永豐98購02,0,0,0,0,0,0,0,0,0,201000,0,0,0,201000,0,201000,201000
054173,奇力新台新97購02,0,0,0,0,0,0,0,0,0,201000,0,0,0,201000,0,201000,201000
6285,啟碁            ,837000,276000,561000,0,0,0,0,0,0,-360000,16000,369000,-353000,0,7000,-7000,201000
055511,大立光兆豐97購02,0,0,0,0,0,0,0,0,0,200000,0,0,0,200000,0,200000,200000
056002,嘉晶永豐97購01  ,0,0,0,0,0,0,0,0,0,200000,0,0,0,200000,0,200000,200000
055103,南港凱基97購01  ,0,0,0,0,0,0,0,0,0,200000,0,0,0,200000,0,200000,200000
059659,旺宏元大9A購03  ,0,0,0,0,0,0,0,0,0,200000,0,0,0,219000,19000,200000,200000
055954,南港元大97購02  ,0,0,0,0,0,0,0,0,0,200000,0,0,0,300000,100000,200000,200000
051356,全新元大96購04  ,0,0,0,0,0,0,0,0,0,200000,0,0,0,200000,0,200000,200000
051579,宏碁元大95購01  ,0,0,0,0,0,0,0,0,0,200000,0,0,0,200000,0,200000,200000
053614,台積電群益96購08,0,0,0,0,0,0,0,0,0,200000,0,0,0,200000,0,200000,200000
054533,泰碩國泰98購01  ,0,0,0,0,0,0,0,0,0,200000,0,0,0,457000,257000,200000,200000
054896,聯茂日盛97購01  ,0,0,0,0,0,0,0,0,0,200000,0,0,0,201000,1000,200000,200000
055460,華擎永豐97購01  ,0,0,0,0,0,0,0,0,0,200000,0,0,0,200000,0,200000,200000
03619C,臺股指元大95牛02,0,0,0,0,0,0,0,0,0,200000,0,0,0,257000,57000,200000,200000
04700P,臺股指元富94售06,0,0,0,0,0,0,0,0,0,200000,0,0,0,200000,0,200000,200000
050337,南電國泰95購01  ,0,0,0,0,0,0,0,0,0,200000,0,0,0,200000,0,200000,200000
050183,奇鋐元大96購01  ,0,0,0,0,0,0,0,0,0,200000,0,0,0,200000,0,200000,200000
050647,聯發科凱基96購01,0,0,0,0,0,0,0,0,0,200000,0,0,0,200000,0,200000,200000
051063,台郡群益95購01  ,0,0,0,0,0,0,0,0,0,200000,0,0,0,200000,0,200000,200000
07041P,T50反1元大9C售01,0,0,0,0,0,0,0,0,0,200000,0,0,0,210000,10000,200000,200000
059134,臺股指群益99購09,0,0,0,0,0,0,0,0,0,199000,0,0,0,269000,70000,199000,199000
056471,台光電元大99購01,0,0,0,0,0,0,0,0,0,199000,0,0,0,200000,1000,199000,199000
056437,台積電凱基98購11,0,0,0,0,0,0,0,0,0,199000,0,0,0,199000,0,199000,199000
051232,貿聯群益95購02  ,0,0,0,0,0,0,0,0,0,199000,0,0,0,199000,0,199000,199000
043442,大立光台新01購01,0,0,0,0,0,0,0,0,0,199000,0,0,0,199000,0,199000,199000
047303,寶滬深元大96購01,0,0,0,0,0,0,0,0,0,199000,0,0,0,200000,1000,199000,199000
053746,彰銀康和96購01  ,0,0,0,0,0,0,0,0,0,199000,0,0,0,209000,10000,199000,199000
058489,台灣50群益9B購01,0,0,0,0,0,0,0,0,0,198000,0,0,0,198000,0,198000,198000
059399,滬深2X元富9C購03,0,0,0,0,0,0,0,0,0,198000,0,0,0,198000,0,198000,198000
04618P,電子類群益94售02,0,0,0,0,0,0,0,0,0,198000,0,0,0,198000,0,198000,198000
058138,晶相光元大9C購01,0,0,0,0,0,0,0,0,0,197000,0,0,0,200000,3000,197000,197000
056958,喬山永豐98購01  ,0,0,0,0,0,0,0,0,0,193000,0,0,0,193000,0,193000,193000
057563,旭富國泰9A購01  ,0,0,0,0,0,0,0,0,0,193000,0,0,0,193000,0,193000,193000
058497,新日興群益9B購01,0,0,0,0,0,0,0,0,0,192000,0,0,0,195000,3000,192000,192000
059586,上銀元大9A購02  ,0,0,0,0,0,0,0,0,0,192000,0,0,0,198000,6000,192000,192000
2204,中華            ,346000,140000,206000,0,0,0,0,0,0,-14000,0,14000,-14000,0,0,0,192000
5522,遠雄            ,344489,146000,198489,0,0,0,0,0,0,-8000,0,8000,-8000,0,0,0,190489
055180,文曄統一97購01  ,0,0,0,0,0,0,0,0,0,190000,0,0,0,190000,0,190000,190000
059028,嘉聯益台新99購02,0,0,0,0,0,0,0,0,0,190000,0,0,0,200000,10000,190000,190000
058603,台積電元大99購12,0,0,0,0,0,0,0,0,0,189000,0,0,0,189000,0,189000,189000
059385,滬深2X凱基9C購03,0,0,0,0,0,0,0,0,0,187000,0,0,0,187000,0,187000,187000
07220P,台灣50中信03售05,0,0,0,0,0,0,0,0,0,187000,0,0,0,196000,9000,187000,187000
058644,元黃金富邦03購01,0,0,0,0,0,0,0,0,0,186000,0,0,0,186000,0,186000,186000
057664,台積電元大9A購03,0,0,0,0,0,0,0,0,0,186000,0,0,0,186000,0,186000,186000
050315,和碩兆豐95購01  ,0,0,0,0,0,0,0,0,0,186000,0,0,0,190000,4000,186000,186000
053818,富邦金群益98購01,0,0,0,0,0,0,0,0,0,186000,0,0,0,192000,6000,186000,186000
059242,南亞科凱基99購06,0,0,0,0,0,0,0,0,0,185000,0,0,0,185000,0,185000,185000
056500,大立光富邦9B購02,0,0,0,0,0,0,0,0,0,184000,0,0,0,184000,0,184000,184000
059411,臺股指國票99購17,0,0,0,0,0,0,0,0,0,182000,0,0,0,229000,47000,182000,182000
058848,台積電群益99購07,0,0,0,0,0,0,0,0,0,181000,0,0,0,181000,0,181000,181000
058385,創意中信99購01  ,0,0,0,0,0,0,0,0,0,180000,0,0,0,180000,0,180000,180000
058824,晶技富邦9A購01  ,0,0,0,0,0,0,0,0,0,180000,0,0,0,180000,0,180000,180000
058637,晶技兆豐99購01  ,0,0,0,0,0,0,0,0,0,180000,0,0,0,180000,0,180000,180000
055262,台虹國泰98購01  ,0,0,0,0,0,0,0,0,0,180000,0,0,0,180000,0,180000,180000
058898,台積電元大99購20,0,0,0,0,0,0,0,0,0,180000,0,0,0,180000,0,180000,180000
053085,華新科元大97購04,0,0,0,0,0,0,0,0,0,180000,0,0,0,180000,0,180000,180000
054204,元金2X國票9B購02,0,0,0,0,0,0,0,0,0,180000,0,0,0,180000,0,180000,180000
049213,滬深2X國票94購02,0,0,0,0,0,0,0,0,0,180000,0,0,0,180000,0,180000,180000
055965,泰鼎元大97購03  ,0,0,0,0,0,0,0,0,0,179000,0,0,0,206000,27000,179000,179000
052451,旭富元大95購02  ,0,0,0,0,0,0,0,0,0,179000,0,0,0,330000,151000,179000,179000
1609,大亞            ,937000,742000,195000,0,0,0,0,0,0,-16000,0,16000,-16000,0,0,0,179000
055307,瑞昱群益97購02  ,0,0,0,0,0,0,0,0,0,178000,0,0,0,178000,0,178000,178000
058336,鴻海元富99購07  ,0,0,0,0,0,0,0,0,0,178000,0,0,0,178000,0,178000,178000
01003T,兆豐新光R1      ,180000,2000,178000,0,0,0,0,0,0,0,0,0,0,0,0,0,178000
05440P,緯穎國票96售02  ,0,0,0,0,0,0,0,0,0,178000,0,0,0,319000,141000,178000,178000
053505,瑞儀兆豐97購01  ,0,0,0,0,0,0,0,0,0,178000,0,0,0,180000,2000,178000,178000
050765,鴻海元大96購02  ,0,0,0,0,0,0,0,0,0,176000,0,0,0,176000,0,176000,176000
055311,健策群益98購02  ,0,0,0,0,0,0,0,0,0,175000,0,0,0,175000,0,175000,175000
058951,南電群益99購01  ,0,0,0,0,0,0,0,0,0,175000,0,0,0,177000,2000,175000,175000
059316,國巨元大99購23  ,0,0,0,0,0,0,0,0,0,175000,0,0,0,176000,1000,175000,175000
051107,鴻海統一95購05  ,0,0,0,0,0,0,0,0,0,175000,0,0,0,175000,0,175000,175000
052022,南電永豐95購03  ,0,0,0,0,0,0,0,0,0,175000,0,0,0,175000,0,175000,175000
2390,云辰            ,678000,503000,175000,0,0,0,0,0,0,0,0,0,0,0,0,0,175000
052559,茂林國票97購01  ,0,0,0,0,0,0,0,0,0,174000,0,0,0,174000,0,174000,174000
057315,台灣50康和9A購03,0,0,0,0,0,0,0,0,0,173000,0,0,0,173000,0,173000,173000
052152,創意富邦98購01  ,0,0,0,0,0,0,0,0,0,173000,0,0,0,173000,0,173000,173000
3038,全台            ,577000,405000,172000,0,0,0,0,0,0,1000,1000,0,1000,0,0,0,173000
058205,神達凱基9B購01  ,0,0,0,0,0,0,0,0,0,172000,0,0,0,172000,0,172000,172000
058077,超眾凱基98購02  ,0,0,0,0,0,0,0,0,0,172000,0,0,0,197000,25000,172000,172000
059568,台積電凱基9A購13,0,0,0,0,0,0,0,0,0,172000,0,0,0,295000,123000,172000,172000
1808,潤隆            ,236000,65000,171000,0,0,0,0,0,0,0,0,0,0,0,0,0,171000
051866,聯發科凱基96購05,0,0,0,0,0,0,0,0,0,170000,0,0,0,170000,0,170000,170000
059136,臺股指群益99購11,0,0,0,0,0,0,0,0,0,169000,0,0,0,240000,71000,169000,169000
059491,國巨國票9A購05  ,0,0,0,0,0,0,0,0,0,169000,0,0,0,186000,17000,169000,169000
053559,台積電國泰98購01,0,0,0,0,0,0,0,0,0,168000,0,0,0,178000,10000,168000,168000
052886,世紀鋼兆豐96購01,0,0,0,0,0,0,0,0,0,168000,0,0,0,273000,105000,168000,168000
057178,可成元大98購03  ,0,0,0,0,0,0,0,0,0,167000,0,0,0,167000,0,167000,167000
058941,華新科中信99購03,0,0,0,0,0,0,0,0,0,167000,0,0,0,167000,0,167000,167000
058864,欣興凱基99購04  ,0,0,0,0,0,0,0,0,0,167000,0,0,0,167000,0,167000,167000
056011,矽力中信99購01  ,0,0,0,0,0,0,0,0,0,167000,0,0,0,167000,0,167000,167000
058897,國巨元大99購17  ,0,0,0,0,0,0,0,0,0,166000,0,0,0,166000,0,166000,166000
057873,義隆元大98購03  ,0,0,0,0,0,0,0,0,0,166000,0,0,0,288000,122000,166000,166000
2404,漢唐            ,776000,547020,228980,0,0,0,0,0,0,-63000,4000,7000,-3000,1000,61000,-60000,165980
053205,台光電麥證96購01,0,0,0,165000,0,165000,0,0,0,165000,0,0,0,165000,0,165000,165000
058968,T50正2永豐99購01,0,0,0,0,0,0,0,0,0,163000,0,0,0,163000,0,163000,163000
058339,康友元富99購02  ,0,0,0,0,0,0,0,0,0,163000,0,0,0,213000,50000,163000,163000
054643,上証2X群益9B購01,0,0,0,0,0,0,0,0,0,163000,0,0,0,163000,0,163000,163000
049893,日月光富邦98購01,0,0,0,0,0,0,0,0,0,163000,0,0,0,163000,0,163000,163000
0061,元大寶滬深      ,14000,16000,-2000,0,0,0,0,0,0,165000,70000,30000,40000,147000,22000,125000,163000
046793,聯發科元富99購01,0,0,0,0,0,0,0,0,0,162000,0,0,0,162000,0,162000,162000
054020,技嘉台新97購01  ,0,0,0,0,0,0,0,0,0,162000,0,0,0,163000,1000,162000,162000
050870,旭富永豐95購01  ,0,0,0,0,0,0,0,0,0,162000,0,0,0,162000,0,162000,162000
07128P,大毅元大99售04  ,0,0,0,0,0,0,0,0,0,162000,0,0,0,210000,48000,162000,162000
9921,巨大            ,1652110,1489426,162684,0,0,0,0,0,0,-1000,6000,7000,-1000,0,0,0,161684
059095,訊芯元大99購01  ,0,0,0,0,0,0,0,0,0,161000,0,0,0,471000,310000,161000,161000
042994,葡萄王元大94購02,0,0,0,0,0,0,0,0,0,161000,0,0,0,161000,0,161000,161000
055053,瑞昱永豐97購01  ,0,0,0,0,0,0,0,0,0,160000,0,0,0,160000,0,160000,160000
055926,國巨群益98購06  ,0,0,0,0,0,0,0,0,0,160000,0,0,0,160000,0,160000,160000
055355,大立光凱基97購05,0,0,0,0,0,0,0,0,0,160000,0,0,0,160000,0,160000,160000
04290P,滬深2X富邦96售03,0,0,0,0,0,0,0,0,0,160000,0,0,0,160000,0,160000,160000
054819,裕民元大9A購01  ,0,0,0,0,0,0,0,0,0,160000,0,0,0,460000,300000,160000,160000
1795,美時            ,181000,21000,160000,0,0,0,0,0,0,0,2000,2000,0,0,0,0,160000
6505,台塑化          ,2246965,1990234,256731,0,0,0,5000,2000,3000,-101000,0,101000,-101000,0,0,0,158731
058646,聯茂富邦9A購01  ,0,0,0,0,0,0,0,0,0,158000,0,0,0,158000,0,158000,158000
047418,智邦富邦97購01  ,0,0,0,0,0,0,0,0,0,158000,0,0,0,158000,0,158000,158000
058174,台積電凱基9A購05,0,0,0,0,0,0,0,0,0,157000,0,0,0,157000,0,157000,157000
058972,新日興永豐9A購01,0,0,0,0,0,0,0,0,0,157000,0,0,0,238000,81000,157000,157000
07142P,台灣50元大01售01,0,0,0,0,0,0,0,0,0,157000,0,0,0,157000,0,157000,157000
053276,友達元大9C購01  ,0,0,0,0,0,0,0,0,0,156000,0,0,0,156000,0,156000,156000
058261,大立光富邦03購01,0,0,0,0,0,0,0,0,0,155000,0,0,0,155000,0,155000,155000
053499,禾伸堂兆豐96購01,0,0,0,0,0,0,0,0,0,155000,0,0,0,155000,0,155000,155000
045479,T50反1中信95購01,0,0,0,0,0,0,0,0,0,154000,0,0,0,154000,0,154000,154000
057027,祥碩凱基98購01  ,0,0,0,0,0,0,0,0,0,153000,0,0,0,153000,0,153000,153000
055701,亞德客富邦99購01,0,0,0,0,0,0,0,0,0,153000,0,0,0,153000,0,153000,153000
056392,玉晶光富邦9C購01,0,0,0,0,0,0,0,0,0,153000,0,0,0,153000,0,153000,153000
049478,祥碩永豐94購02  ,0,0,0,0,0,0,0,0,0,152000,0,0,0,162000,10000,152000,152000
053186,健策中信9C購01  ,0,0,0,0,0,0,0,0,0,152000,0,0,0,152000,0,152000,152000
052738,聯電元大98購02  ,0,0,0,0,0,0,0,0,0,152000,0,0,0,210000,58000,152000,152000
057308,同欣電兆豐99購01,0,0,0,0,0,0,0,0,0,151000,0,0,0,161000,10000,151000,151000
054944,精元元大97購01  ,0,0,0,0,0,0,0,0,0,151000,0,0,0,151000,0,151000,151000
057599,技嘉群益9A購01  ,0,0,0,0,0,0,0,0,0,150000,0,0,0,150000,0,150000,150000
054999,玉晶光元富97購03,0,0,0,0,0,0,0,0,0,150000,0,0,0,150000,0,150000,150000
058342,鴻海群益9A購01  ,0,0,0,0,0,0,0,0,0,150000,0,0,0,150000,0,150000,150000
058576,南亞科群益99購01,0,0,0,0,0,0,0,0,0,150000,0,0,0,150000,0,150000,150000
053772,大成鋼元大96購02,0,0,0,0,0,0,0,0,0,150000,0,0,0,150000,0,150000,150000
059377,台積電群益99購09,0,0,0,0,0,0,0,0,0,150000,0,0,0,150000,0,150000,150000
051703,台積電群益95購04,0,0,0,0,0,0,0,0,0,150000,0,0,0,150000,0,150000,150000
053506,南茂兆豐97購01  ,0,0,0,0,0,0,0,0,0,150000,0,0,0,150000,0,150000,150000
054057,晶豪科國票97購01,0,0,0,0,0,0,0,0,0,150000,0,0,0,150000,0,150000,150000
054149,達方元大96購01  ,0,0,0,0,0,0,0,0,0,150000,0,0,0,150000,0,150000,150000
047768,大立光元大95購01,0,0,0,0,0,0,0,0,0,150000,0,0,0,150000,0,150000,150000
050468,矽格中信94購01  ,0,0,0,0,0,0,0,0,0,150000,0,0,0,150000,0,150000,150000
058800,健策元大99購03  ,0,0,0,0,0,0,0,0,0,149000,0,0,0,155000,6000,149000,149000
056863,義隆群益98購01  ,0,0,0,0,0,0,0,0,0,149000,0,0,0,149000,0,149000,149000
058079,鴻海群益98購08  ,0,0,0,0,0,0,0,0,0,148000,0,0,0,148000,0,148000,148000
058750,緯穎凱基9A購03  ,0,0,0,0,0,0,0,0,0,148000,0,0,0,394000,246000,148000,148000
059361,玉晶光永豐99購04,0,0,0,0,0,0,0,0,0,148000,0,0,0,152000,4000,148000,148000
2850,新產            ,73000,44000,29000,0,0,0,0,0,0,119000,119000,0,119000,0,0,0,148000
1301,台塑            ,3937148,3272686,664462,0,0,0,7000,2000,5000,-522000,200000,717000,-517000,0,5000,-5000,147462
059158,S&P正2凱基99購01,0,0,0,0,0,0,0,0,0,147000,0,0,0,147000,0,147000,147000
058101,台積電富邦9C購01,0,0,0,0,0,0,0,0,0,147000,0,0,0,147000,0,147000,147000
056362,聯發科元大99購01,0,0,0,0,0,0,0,0,0,147000,0,0,0,147000,0,147000,147000
054928,帆宣凱基98購01  ,0,0,0,0,0,0,0,0,0,147000,0,0,0,198000,51000,147000,147000
04843P,致新元大94售02  ,0,0,0,0,0,0,0,0,0,147000,0,0,0,150000,3000,147000,147000
07280P,FBVIX凱基99售01 ,0,0,0,0,0,0,0,0,0,147000,0,0,0,889000,742000,147000,147000
05565P,鎧勝元大96售01  ,0,0,0,0,0,0,0,0,0,146000,0,0,0,167000,21000,146000,146000
052940,玉晶光兆豐97購01,0,0,0,0,0,0,0,0,0,146000,0,0,0,146000,0,146000,146000
058794,旺宏元大99購09  ,0,0,0,0,0,0,0,0,0,145000,0,0,0,145000,0,145000,145000
053127,貿聯凱基97購01  ,0,0,0,0,0,0,0,0,0,145000,0,0,0,355000,210000,145000,145000
059455,玉晶光永豐99購05,0,0,0,0,0,0,0,0,0,145000,0,0,0,249000,104000,145000,145000
058573,鴻海群益9A購02  ,0,0,0,0,0,0,0,0,0,144000,0,0,0,144000,0,144000,144000
056662,臺股指元大9A購09,0,0,0,0,0,0,0,0,0,144000,0,0,0,144000,0,144000,144000
4552,力達-KY         ,259000,115480,143520,0,0,0,0,0,0,0,0,0,0,0,0,0,143520
057824,日月光元大98購01,0,0,0,0,0,0,0,0,0,143000,0,0,0,148000,5000,143000,143000
054962,玉晶光元大99購02,0,0,0,0,0,0,0,0,0,143000,0,0,0,143000,0,143000,143000
053491,鴻海兆豐97購02  ,0,0,0,0,0,0,0,0,0,142000,0,0,0,142000,0,142000,142000
052703,貿聯國票97購01  ,0,0,0,0,0,0,0,0,0,142000,0,0,0,147000,5000,142000,142000
3653,健策            ,704000,1352000,-648000,0,0,0,778000,0,778000,12000,20000,20000,0,77000,65000,12000,142000
059229,臺股指元大99購22,0,0,0,0,0,0,0,0,0,141000,0,0,0,157000,16000,141000,141000
00739,元大MSCI A股    ,3000,3000,0,0,0,0,0,0,0,141000,0,0,0,173000,32000,141000,141000
058670,鴻海群益9A購03  ,0,0,0,0,0,0,0,0,0,140000,0,0,0,150000,10000,140000,140000
057293,力成國泰99購01  ,0,0,0,0,0,0,0,0,0,140000,0,0,0,140000,0,140000,140000
053954,貿聯康和96購01  ,0,0,0,0,0,0,0,0,0,140000,0,0,0,140000,0,140000,140000
052851,滬深2X元富96購02,0,0,0,0,0,0,0,0,0,140000,0,0,0,140000,0,140000,140000
058990,GIS凱基99購02   ,0,0,0,0,0,0,0,0,0,139000,0,0,0,139000,0,139000,139000
052917,大立光富邦99購02,0,0,0,0,0,0,0,0,0,139000,0,0,0,139000,0,139000,139000
058717,南電台新99購02  ,0,0,0,0,0,0,0,0,0,138000,0,0,0,139000,1000,138000,138000
057043,台積電元大99購02,0,0,0,0,0,0,0,0,0,136000,0,0,0,136000,0,136000,136000
058903,聯發科元大99購16,0,0,0,0,0,0,0,0,0,136000,0,0,0,136000,0,136000,136000
051943,台積電麥證95購03,0,0,0,136000,0,136000,0,0,0,136000,0,0,0,136000,0,136000,136000
3563,牧德            ,513000,243000,270000,0,0,0,0,129000,-129000,-5000,0,5000,-5000,22000,22000,0,136000
057300,訊連永豐98購01  ,0,0,0,0,0,0,0,0,0,135000,0,0,0,137000,2000,135000,135000
046476,鴻海統一96購01  ,0,0,0,0,0,0,0,0,0,135000,0,0,0,135000,0,135000,135000
2357,華碩            ,2009224,1427029,582195,0,0,0,1000,0,1000,-449000,57000,483000,-426000,0,23000,-23000,134195
046928,奇鋐富邦97購01  ,0,0,0,0,0,0,0,0,0,134000,0,0,0,134000,0,134000,134000
052819,義隆永豐96購01  ,0,0,0,0,0,0,0,0,0,134000,0,0,0,134000,0,134000,134000
057096,緯穎元富98購01  ,0,0,0,0,0,0,0,0,0,133000,0,0,0,133000,0,133000,133000
2489,瑞軒            ,678000,525000,153000,0,0,0,0,0,0,-20000,0,20000,-20000,0,0,0,133000
057692,臺股指凱基98購10,0,0,0,0,0,0,0,0,0,132000,0,0,0,132000,0,132000,132000
056410,康控國票99購01  ,0,0,0,0,0,0,0,0,0,132000,0,0,0,142000,10000,132000,132000
051780,矽力群益95購01  ,0,0,0,0,0,0,0,0,0,132000,0,0,0,132000,0,132000,132000
053951,T50反1台新06購02,0,0,0,0,0,0,0,0,0,132000,0,0,0,132000,0,132000,132000
053897,台郡群益96購01  ,0,0,0,0,0,0,0,0,0,132000,0,0,0,132000,0,132000,132000
057874,可成元大99購02  ,0,0,0,0,0,0,0,0,0,131000,0,0,0,131000,0,131000,131000
058555,矽創永豐9A購01  ,0,0,0,0,0,0,0,0,0,131000,0,0,0,158000,27000,131000,131000
048059,欣興國泰95購01  ,0,0,0,0,0,0,0,0,0,131000,0,0,0,131000,0,131000,131000
058640,台灣50麥證9A購01,0,0,0,130000,0,130000,0,0,0,130000,0,0,0,130000,0,130000,130000
05882P,華新科永豐96售01,0,0,0,0,0,0,0,0,0,130000,0,0,0,130000,0,130000,130000
057093,臻鼎元富98購02  ,0,0,0,0,0,0,0,0,0,130000,0,0,0,131000,1000,130000,130000
055741,健策元富97購01  ,0,0,0,0,0,0,0,0,0,130000,0,0,0,130000,0,130000,130000
056395,玉晶光永豐9B購01,0,0,0,0,0,0,0,0,0,130000,0,0,0,130000,0,130000,130000
056204,嘉澤永豐97購01  ,0,0,0,0,0,0,0,0,0,130000,0,0,0,130000,0,130000,130000
049065,T50反1凱基96購04,0,0,0,0,0,0,0,0,0,130000,0,0,0,130000,0,130000,130000
050261,國巨元大95購04  ,0,0,0,0,0,0,0,0,0,130000,0,0,0,130000,0,130000,130000
051576,台積電元大97購02,0,0,0,0,0,0,0,0,0,130000,0,0,0,130000,0,130000,130000
058907,健策元大99購04  ,0,0,0,0,0,0,0,0,0,129000,0,0,0,129000,0,129000,129000
051531,國巨國票96購04  ,0,0,0,0,0,0,0,0,0,129000,0,0,0,129000,0,129000,129000
053891,欣興群益98購01  ,0,0,0,0,0,0,0,0,0,129000,0,0,0,129000,0,129000,129000
055246,美律統一98購01  ,0,0,0,0,0,0,0,0,0,128000,0,0,0,128000,0,128000,128000
059631,京元電凱基99購02,0,0,0,0,0,0,0,0,0,128000,0,0,0,171000,43000,128000,128000
050101,台積電永昌96購03,0,0,0,0,0,0,0,0,0,128000,0,0,0,128000,0,128000,128000
054343,世紀鋼元富96購02,0,0,0,0,0,0,0,0,0,128000,0,0,0,165000,37000,128000,128000
2385,群光            ,3139000,3143849,-4849,0,0,0,230000,0,230000,-98000,1000,33000,-32000,0,66000,-66000,127151
052482,茂林群益95購01  ,0,0,0,0,0,0,0,0,0,127000,0,0,0,127000,0,127000,127000
049438,嘉晶國泰96購01  ,0,0,0,0,0,0,0,0,0,127000,0,0,0,127000,0,127000,127000
6120,達運            ,527000,388000,139000,0,0,0,0,0,0,-13000,0,13000,-13000,0,0,0,126000
057284,新日興元大98購03,0,0,0,0,0,0,0,0,0,125000,0,0,0,125000,0,125000,125000
057272,台積電元大98購14,0,0,0,0,0,0,0,0,0,125000,0,0,0,126000,1000,125000,125000
055624,聯發科富邦99購07,0,0,0,0,0,0,0,0,0,125000,0,0,0,125000,0,125000,125000
049236,元油2X元富96購06,0,0,0,0,0,0,0,0,0,125000,0,0,0,125000,0,125000,125000
054782,國巨群益97購01  ,0,0,0,0,0,0,0,0,0,125000,0,0,0,125000,0,125000,125000
058775,台積電國票9A購02,0,0,0,0,0,0,0,0,0,124000,0,0,0,130000,6000,124000,124000
050441,和碩凱基94購01  ,0,0,0,0,0,0,0,0,0,124000,0,0,0,128000,4000,124000,124000
057466,泰鼎永豐98購01  ,0,0,0,0,0,0,0,0,0,123000,0,0,0,148000,25000,123000,123000
059003,中壽元大99購01  ,0,0,0,0,0,0,0,0,0,123000,0,0,0,133000,10000,123000,123000
053947,義隆富邦97購01  ,0,0,0,0,0,0,0,0,0,123000,0,0,0,123000,0,123000,123000
053123,京元電凱基96購01,0,0,0,0,0,0,0,0,0,123000,0,0,0,173000,50000,123000,123000
059146,貿聯國票9A購02  ,0,0,0,0,0,0,0,0,0,122000,0,0,0,162000,40000,122000,122000
057119,微星康和98購01  ,0,0,0,0,0,0,0,0,0,122000,0,0,0,190000,68000,122000,122000
059362,健策永豐99購03  ,0,0,0,0,0,0,0,0,0,122000,0,0,0,122000,0,122000,122000
052822,泰碩永豐97購01  ,0,0,0,0,0,0,0,0,0,122000,0,0,0,167000,45000,122000,122000
6142,友勁            ,0,5000,-5000,0,0,0,0,0,0,127000,127000,0,127000,0,0,0,122000
3033,威健            ,600000,301000,299000,0,0,0,0,0,0,-177000,0,177000,-177000,0,0,0,122000
057024,義隆凱基99購01  ,0,0,0,0,0,0,0,0,0,121000,0,0,0,122000,1000,121000,121000
058609,玉山金元大99購01,0,0,0,0,0,0,0,0,0,121000,0,0,0,121000,0,121000,121000
06173P,華通元大97售02  ,0,0,0,0,0,0,0,0,0,121000,0,0,0,121000,0,121000,121000
059428,國巨元大99購25  ,0,0,0,0,0,0,0,0,0,121000,0,0,0,155000,34000,121000,121000
055373,聯詠元大97購03  ,0,0,0,0,0,0,0,0,0,121000,0,0,0,234000,113000,121000,121000
058275,S&P500中信9B購01,0,0,0,0,0,0,0,0,0,120000,0,0,0,120000,0,120000,120000
057614,華新科元富99購04,0,0,0,0,0,0,0,0,0,120000,0,0,0,120000,0,120000,120000
056075,瀚宇博元大97購03,0,0,0,0,0,0,0,0,0,120000,0,0,0,120000,0,120000,120000
055619,同欣電國票98購02,0,0,0,0,0,0,0,0,0,120000,0,0,0,120000,0,120000,120000
057317,技嘉凱基98購02  ,0,0,0,0,0,0,0,0,0,120000,0,0,0,120000,0,120000,120000
054907,帆宣康和97購01  ,0,0,0,0,0,0,0,0,0,120000,0,0,0,120000,0,120000,120000
053215,禾伸堂凱基96購01,0,0,0,0,0,0,0,0,0,120000,0,0,0,120000,0,120000,120000
051634,大立光國票96購03,0,0,0,0,0,0,0,0,0,120000,0,0,0,120000,0,120000,120000
051826,智邦元大95購03  ,0,0,0,0,0,0,0,0,0,120000,0,0,0,120000,0,120000,120000
052078,大立光元富95購10,0,0,0,0,0,0,0,0,0,120000,0,0,0,120000,0,120000,120000
052593,台積電群益96購02,0,0,0,0,0,0,0,0,0,120000,0,0,0,120000,0,120000,120000
052354,健策群益96購02  ,0,0,0,0,0,0,0,0,0,120000,0,0,0,120000,0,120000,120000
049115,創意統一94購03  ,0,0,0,0,0,0,0,0,0,120000,0,0,0,120000,0,120000,120000
04679P,臺股指統一94售04,0,0,0,0,0,0,0,0,0,120000,0,0,0,120000,0,120000,120000
058129,國巨元大99購10  ,0,0,0,0,0,0,0,0,0,119000,0,0,0,119000,0,119000,119000
059165,南亞科凱基99購04,0,0,0,0,0,0,0,0,0,119000,0,0,0,119000,0,119000,119000
055470,南亞科凱基97購01,0,0,0,0,0,0,0,0,0,118000,0,0,0,138000,20000,118000,118000
053653,京元電凱基96購02,0,0,0,0,0,0,0,0,0,117000,0,0,0,167000,50000,117000,117000
047564,滬深2X國票99購01,0,0,0,0,0,0,0,0,0,117000,0,0,0,200000,83000,117000,117000
043585,道瓊反元大94購01,0,0,0,0,0,0,0,0,0,117000,0,0,0,117000,0,117000,117000
059239,台積電凱基99購12,0,0,0,0,0,0,0,0,0,116000,0,0,0,116000,0,116000,116000
052317,台積電元大96購11,0,0,0,0,0,0,0,0,0,116000,0,0,0,116000,0,116000,116000
049967,華新科國票94購07,0,0,0,0,0,0,0,0,0,116000,0,0,0,116000,0,116000,116000
5531,鄉林            ,235000,119000,116000,0,0,0,0,0,0,0,0,0,0,0,0,0,116000
07327P,台灣50群益9A售06,0,0,0,0,0,0,0,0,0,116000,0,0,0,265000,149000,116000,116000
058612,健策元大99購02  ,0,0,0,0,0,0,0,0,0,115000,0,0,0,115000,0,115000,115000
049491,聯發科元大95購01,0,0,0,0,0,0,0,0,0,115000,0,0,0,115000,0,115000,115000
051578,智邦元大96購01  ,0,0,0,0,0,0,0,0,0,115000,0,0,0,130000,15000,115000,115000
058989,茂林凱基99購02  ,0,0,0,0,0,0,0,0,0,114000,0,0,0,133000,19000,114000,114000
053118,大立光中信9C購01,0,0,0,0,0,0,0,0,0,114000,0,0,0,114000,0,114000,114000
059453,奇力新永豐99購01,0,0,0,0,0,0,0,0,0,114000,0,0,0,122000,8000,114000,114000
053825,南電群益96購02  ,0,0,0,0,0,0,0,0,0,114000,0,0,0,114000,0,114000,114000
058470,台灣50日盛9B購02,0,0,0,0,0,0,0,0,0,113000,0,0,0,203000,90000,113000,113000
059648,台表科凱基99購03,0,0,0,0,0,0,0,0,0,113000,0,0,0,125000,12000,113000,113000
052184,台光電群益95購03,0,0,0,0,0,0,0,0,0,113000,0,0,0,113000,0,113000,113000
059637,大立光凱基01購01,0,0,0,0,0,0,0,0,0,112000,0,0,0,260000,148000,112000,112000
06142P,台虹康和97售02  ,0,0,0,0,0,0,0,0,0,112000,0,0,0,118000,6000,112000,112000
051829,玉晶光元大98購02,0,0,0,0,0,0,0,0,0,112000,0,0,0,112000,0,112000,112000
049769,和鑫元富96購01  ,0,0,0,0,0,0,0,0,0,112000,0,0,0,112000,0,112000,112000
2316,楠梓電          ,888000,755000,133000,0,0,0,0,0,0,-21000,0,20000,-20000,0,1000,-1000,112000
3376,新日興          ,1603000,2457000,-854000,0,0,0,1050275,0,1050275,-85000,72000,175000,-103000,87000,69000,18000,111275
056770,國產元大98購02  ,0,0,0,0,0,0,0,0,0,111000,0,0,0,111000,0,111000,111000
057925,貿聯凱基99購01  ,0,0,0,0,0,0,0,0,0,111000,0,0,0,191000,80000,111000,111000
8429,金麗-KY         ,134000,23000,111000,0,0,0,0,0,0,0,0,0,0,0,0,0,111000
055980,祥碩統一98購01  ,0,0,0,0,0,0,0,0,0,110000,0,0,0,110000,0,110000,110000
056026,智易群益97購01  ,0,0,0,0,0,0,0,0,0,110000,0,0,0,110000,0,110000,110000
057183,玉晶光元大99購07,0,0,0,0,0,0,0,0,0,110000,0,0,0,110000,0,110000,110000
054070,創意國泰96購02  ,0,0,0,0,0,0,0,0,0,110000,0,0,0,110000,0,110000,110000
051286,國巨統一97購01  ,0,0,0,0,0,0,0,0,0,110000,0,0,0,110000,0,110000,110000
03314P,台積電元大02售16,0,0,0,0,0,0,0,0,0,110000,0,0,0,110000,0,110000,110000
047145,鴻海群益95購01  ,0,0,0,0,0,0,0,0,0,110000,0,0,0,110000,0,110000,110000
051907,台積電元大97購05,0,0,0,0,0,0,0,0,0,110000,0,0,0,110000,0,110000,110000
053457,旺宏國泰98購03  ,0,0,0,0,0,0,0,0,0,110000,0,0,0,110000,0,110000,110000
053517,崇越群益97購01  ,0,0,0,0,0,0,0,0,0,110000,0,0,0,110000,0,110000,110000
052866,大立光凱基96購12,0,0,0,0,0,0,0,0,0,110000,0,0,0,110000,0,110000,110000
054693,神基永豐97購01  ,0,0,0,0,0,0,0,0,0,110000,0,0,0,110000,0,110000,110000
054923,晶技凱基98購01  ,0,0,0,0,0,0,0,0,0,110000,0,0,0,110000,0,110000,110000
058770,貿聯兆豐9A購01  ,0,0,0,0,0,0,0,0,0,109000,0,0,0,109000,0,109000,109000
057493,聯詠元大98購02  ,0,0,0,0,0,0,0,0,0,109000,0,0,0,199000,90000,109000,109000
052885,高鐵兆豐98購01  ,0,0,0,0,0,0,0,0,0,109000,0,0,0,115000,6000,109000,109000
053413,台積電國票99購01,0,0,0,0,0,0,0,0,0,109000,0,0,0,109000,0,109000,109000
057818,泰碩元大9A購01  ,0,0,0,0,0,0,0,0,0,108000,0,0,0,114000,6000,108000,108000
055193,世芯元富97購02  ,0,0,0,0,0,0,0,0,0,108000,0,0,0,108000,0,108000,108000
045767,大立光元富95購01,0,0,0,0,0,0,0,0,0,108000,0,0,0,108000,0,108000,108000
056231,嘉聯益凱基97購02,0,0,0,0,0,0,0,0,0,107000,0,0,0,152000,45000,107000,107000
052828,滬深2X群益9A購02,0,0,0,0,0,0,0,0,0,107000,0,0,0,107000,0,107000,107000
057366,智邦元大98購08  ,0,0,0,0,0,0,0,0,0,106000,0,0,0,116000,10000,106000,106000
057232,京元電凱基98購02,0,0,0,0,0,0,0,0,0,106000,0,0,0,106000,0,106000,106000
042929,台積電中信95購02,0,0,0,0,0,0,0,0,0,106000,0,0,0,106000,0,106000,106000
047769,大立光元大96購01,0,0,0,0,0,0,0,0,0,106000,0,0,0,106000,0,106000,106000
049338,台達電統一94購04,0,0,0,0,0,0,0,0,0,106000,0,0,0,106000,0,106000,106000
055289,泰碩元大98購01  ,0,0,0,0,0,0,0,0,0,105000,0,0,0,135000,30000,105000,105000
056061,國泰金元大97購02,0,0,0,0,0,0,0,0,0,105000,0,0,0,300000,195000,105000,105000
048286,滬深2X兆豐94購04,0,0,0,0,0,0,0,0,0,105000,0,0,0,105000,0,105000,105000
050899,旭富元大95購01  ,0,0,0,0,0,0,0,0,0,105000,0,0,0,143000,38000,105000,105000
055407,祥碩國泰98購01  ,0,0,0,0,0,0,0,0,0,105000,0,0,0,162000,57000,105000,105000
2395,研華            ,706492,595443,111049,0,0,0,0,0,0,-7000,3000,10000,-7000,0,0,0,104049
058014,上銀凱基99購02  ,0,0,0,0,0,0,0,0,0,104000,0,0,0,195000,91000,104000,104000
056856,華通群益9A購01  ,0,0,0,0,0,0,0,0,0,104000,0,0,0,105000,1000,104000,104000
056762,亞德客元大98購01,0,0,0,0,0,0,0,0,0,104000,0,0,0,116000,12000,104000,104000
049702,台表科元大95購03,0,0,0,0,0,0,0,0,0,104000,0,0,0,135000,31000,104000,104000
2031,新光鋼          ,415000,311000,104000,0,0,0,0,0,0,0,0,0,0,0,0,0,104000
057821,晶相光元大98購03,0,0,0,0,0,0,0,0,0,103000,0,0,0,111000,8000,103000,103000
051745,玉晶光國泰97購06,0,0,0,0,0,0,0,0,0,103000,0,0,0,103000,0,103000,103000
07252P,台灣50凱基99售01,0,0,0,0,0,0,0,0,0,103000,0,0,0,105000,2000,103000,103000
3535,晶彩科          ,252000,149000,103000,0,0,0,0,0,0,0,0,0,0,0,0,0,103000
056092,亞德客元富97購02,0,0,0,0,0,0,0,0,0,102000,0,0,0,174000,72000,102000,102000
055684,京鼎凱基97購01  ,0,0,0,0,0,0,0,0,0,102000,0,0,0,102000,0,102000,102000
055811,國巨國票98購05  ,0,0,0,0,0,0,0,0,0,102000,0,0,0,102000,0,102000,102000
057116,鴻海日盛9A購01  ,0,0,0,0,0,0,0,0,0,101000,0,0,0,481000,380000,101000,101000
057478,智邦元大99購01  ,0,0,0,0,0,0,0,0,0,101000,0,0,0,101000,0,101000,101000
057882,華通群益9A購03  ,0,0,0,0,0,0,0,0,0,101000,0,0,0,101000,0,101000,101000
052067,中磊兆豐96購01  ,0,0,0,0,0,0,0,0,0,101000,0,0,0,101000,0,101000,101000
052933,祥碩元大96購01  ,0,0,0,0,0,0,0,0,0,101000,0,0,0,101000,0,101000,101000
053582,英業達元大97購01,0,0,0,0,0,0,0,0,0,101000,0,0,0,101000,0,101000,101000
2615,萬海            ,724000,589000,135000,0,0,0,0,0,0,-34000,0,34000,-34000,0,0,0,101000
07100P,華航元大99售01  ,0,0,0,0,0,0,0,0,0,101000,0,0,0,101000,0,101000,101000
057838,台郡國泰99購01  ,0,0,0,0,0,0,0,0,0,100000,0,0,0,100000,0,100000,100000
055985,聯鈞元富97購01  ,0,0,0,0,0,0,0,0,0,100000,0,0,0,100000,0,100000,100000
056376,玉晶光統一98購01,0,0,0,0,0,0,0,0,0,100000,0,0,0,100000,0,100000,100000
057585,鴻海國票99購05  ,0,0,0,0,0,0,0,0,0,100000,0,0,0,100000,0,100000,100000
057531,禾伸堂元大99購04,0,0,0,0,0,0,0,0,0,100000,0,0,0,100000,0,100000,100000
057538,緯穎元大98購07  ,0,0,0,0,0,0,0,0,0,100000,0,0,0,100000,0,100000,100000
056945,鴻海統一98購12  ,0,0,0,0,0,0,0,0,0,100000,0,0,0,100000,0,100000,100000
058103,台積電永豐98購06,0,0,0,0,0,0,0,0,0,100000,0,0,0,100000,0,100000,100000
057809,英業達元大98購01,0,0,0,0,0,0,0,0,0,100000,0,0,0,100000,0,100000,100000
057275,友達元大9A購04  ,0,0,0,0,0,0,0,0,0,100000,0,0,0,100000,0,100000,100000
057279,國揚元大98購01  ,0,0,0,0,0,0,0,0,0,100000,0,0,0,100000,0,100000,100000
059121,瑞儀永豐99購01  ,0,0,0,0,0,0,0,0,0,100000,0,0,0,100000,0,100000,100000
058150,中502X統一9B購01,0,0,0,0,0,0,0,0,0,100000,0,0,0,100000,0,100000,100000
058350,T50正2凱基9B購01,0,0,0,0,0,0,0,0,0,100000,0,0,0,100000,0,100000,100000
054996,聯陽元富97購01  ,0,0,0,0,0,0,0,0,0,100000,0,0,0,100000,0,100000,100000
055317,金寶國票98購01  ,0,0,0,0,0,0,0,0,0,100000,0,0,0,100000,0,100000,100000
05517P,臻鼎元大96售01  ,0,0,0,0,0,0,0,0,0,100000,0,0,0,100000,0,100000,100000
055172,凱美統一97購02  ,0,0,0,0,0,0,0,0,0,100000,0,0,0,100000,0,100000,100000
055835,華邦電元大97購03,0,0,0,0,0,0,0,0,0,100000,0,0,0,100000,0,100000,100000
053619,和碩群益96購01  ,0,0,0,0,0,0,0,0,0,100000,0,0,0,100000,0,100000,100000
053660,群創凱基98購08  ,0,0,0,0,0,0,0,0,0,100000,0,0,0,100000,0,100000,100000
053019,禾伸堂元富96購01,0,0,0,0,0,0,0,0,0,100000,0,0,0,100000,0,100000,100000
054859,鴻海群益97購02  ,0,0,0,0,0,0,0,0,0,100000,0,0,0,100000,0,100000,100000
054641,祥碩中信98購01  ,0,0,0,0,0,0,0,0,0,100000,0,0,0,100000,0,100000,100000
054607,台積電永豐97購03,0,0,0,0,0,0,0,0,0,100000,0,0,0,100000,0,100000,100000
054555,欣興凱基98購01  ,0,0,0,0,0,0,0,0,0,100000,0,0,0,100000,0,100000,100000
055438,鴻海國票98購01  ,0,0,0,0,0,0,0,0,0,100000,0,0,0,100000,0,100000,100000
052821,晶技永豐96購01  ,0,0,0,0,0,0,0,0,0,100000,0,0,0,100000,0,100000,100000
054336,台積電統一96購11,0,0,0,0,0,0,0,0,0,100000,0,0,0,100000,0,100000,100000
052985,美律元大96購02  ,0,0,0,0,0,0,0,0,0,100000,0,0,0,100000,0,100000,100000
054280,牧德群益98購01  ,0,0,0,0,0,0,0,0,0,100000,0,0,0,100000,0,100000,100000
054205,華新國票97購02  ,0,0,0,0,0,0,0,0,0,100000,0,0,0,100000,0,100000,100000
054209,台積電國票97購08,0,0,0,0,0,0,0,0,0,100000,0,0,0,100000,0,100000,100000
053269,同欣電群益96購01,0,0,0,0,0,0,0,0,0,100000,0,0,0,100000,0,100000,100000
052062,臺股指國票95購09,0,0,0,0,0,0,0,0,0,100000,0,0,0,100000,0,100000,100000
052092,貿聯元大96購02  ,0,0,0,0,0,0,0,0,0,100000,0,0,0,100000,0,100000,100000
052232,貿聯凱基96購02  ,0,0,0,0,0,0,0,0,0,100000,0,0,0,100000,0,100000,100000
051429,智邦元富95購01  ,0,0,0,0,0,0,0,0,0,100000,0,0,0,100000,0,100000,100000
051968,勤誠永豐95購01  ,0,0,0,0,0,0,0,0,0,100000,0,0,0,100000,0,100000,100000
051700,深中小群益99購04,0,0,0,0,0,0,0,0,0,100000,0,0,0,100000,0,100000,100000
051694,A50正2中信96購03,0,0,0,0,0,0,0,0,0,100000,0,0,0,100000,0,100000,100000
049946,智邦兆豐95購01  ,0,0,0,0,0,0,0,0,0,100000,0,0,0,100000,0,100000,100000
052546,友達中信98購01  ,0,0,0,0,0,0,0,0,0,100000,0,0,0,100000,0,100000,100000
052549,喬山國票97購01  ,0,0,0,0,0,0,0,0,0,100000,0,0,0,100000,0,100000,100000
052476,台光電群益98購01,0,0,0,0,0,0,0,0,0,100000,0,0,0,100000,0,100000,100000
050914,健鼎中信95購01  ,0,0,0,0,0,0,0,0,0,100000,0,0,0,100000,0,100000,100000
048133,臻鼎國票94購01  ,0,0,0,0,0,0,0,0,0,100000,0,0,0,100000,0,100000,100000
051003,中環中信97購01  ,0,0,0,0,0,0,0,0,0,100000,0,0,0,100000,0,100000,100000
051052,台積電群益95購01,0,0,0,0,0,0,0,0,0,100000,0,0,0,100000,0,100000,100000
051149,可成凱基95購04  ,0,0,0,0,0,0,0,0,0,100000,0,0,0,100000,0,100000,100000
050526,貿聯元大95購01  ,0,0,0,0,0,0,0,0,0,100000,0,0,0,100000,0,100000,100000
048460,盛群凱基94購01  ,0,0,0,0,0,0,0,0,0,100000,0,0,0,100000,0,100000,100000
050220,台積電元富96購01,0,0,0,0,0,0,0,0,0,100000,0,0,0,100000,0,100000,100000
050204,華新科群益94購05,0,0,0,0,0,0,0,0,0,100000,0,0,0,100000,0,100000,100000
047483,新光金凱基99購04,0,0,0,0,0,0,0,0,0,100000,0,0,0,100000,0,100000,100000
03555P,聯電元大02售24  ,100000,0,100000,0,0,0,0,0,0,0,0,0,0,0,0,0,100000
057147,新日興國票99購01,0,0,0,0,0,0,0,0,0,99000,0,0,0,99000,0,99000,99000
055666,鴻海群益97購05  ,0,0,0,0,0,0,0,0,0,99000,0,0,0,99000,0,99000,99000
058094,祥碩元大98購09  ,0,0,0,0,0,0,0,0,0,99000,0,0,0,99000,0,99000,99000
048832,玉晶光凱基95購02,0,0,0,0,0,0,0,0,0,99000,0,0,0,251000,152000,99000,99000
049706,世紀鋼元大95購02,0,0,0,0,0,0,0,0,0,99000,0,0,0,100000,1000,99000,99000
055940,致新群益98購01  ,0,0,0,0,0,0,0,0,0,98000,0,0,0,98000,0,98000,98000
055829,上銀元大97購06  ,0,0,0,0,0,0,0,0,0,98000,0,0,0,110000,12000,98000,98000
049955,崇越群益95購01  ,0,0,0,0,0,0,0,0,0,98000,0,0,0,98000,0,98000,98000
052614,聯電國泰97購01  ,0,0,0,0,0,0,0,0,0,98000,0,0,0,148000,50000,98000,98000
00770,國泰北美科技    ,0,18000,-18000,0,0,0,0,0,0,116000,0,0,0,130000,14000,116000,98000
054244,華新元大96購01  ,0,0,0,0,0,0,0,0,0,98000,0,0,0,118000,20000,98000,98000
058367,大立光凱基9A購01,0,0,0,0,0,0,0,0,0,97000,0,0,0,97000,0,97000,97000
057881,SP黃豆群益9A購01,0,0,0,0,0,0,0,0,0,97000,0,0,0,100000,3000,97000,97000
057918,旺宏凱基99購01  ,0,0,0,0,0,0,0,0,0,97000,0,0,0,97000,0,97000,97000
053443,智邦凱基97購01  ,0,0,0,0,0,0,0,0,0,97000,0,0,0,97000,0,97000,97000
051405,世芯永豐95購01  ,0,0,0,0,0,0,0,0,0,97000,0,0,0,97000,0,97000,97000
059376,國巨群益99購09  ,0,0,0,0,0,0,0,0,0,97000,0,0,0,306000,209000,97000,97000
04550P,超眾元大94售01  ,0,0,0,0,0,0,0,0,0,97000,0,0,0,97000,0,97000,97000
059012,臺股指元大9A購31,0,0,0,0,0,0,0,0,0,96000,0,0,0,106000,10000,96000,96000
053685,台積電元大96購18,0,0,0,0,0,0,0,0,0,96000,0,0,0,96000,0,96000,96000
056532,技嘉凱基98購01  ,0,0,0,0,0,0,0,0,0,95000,0,0,0,95000,0,95000,95000
056689,玉晶光統一9A購03,0,0,0,0,0,0,0,0,0,95000,0,0,0,100000,5000,95000,95000
058223,世芯統一9B購01  ,0,0,0,0,0,0,0,0,0,95000,0,0,0,95000,0,95000,95000
055069,帆宣永豐97購01  ,0,0,0,0,0,0,0,0,0,95000,0,0,0,95000,0,95000,95000
04229P,臺股指中信95售05,0,0,0,0,0,0,0,0,0,95000,0,0,0,95000,0,95000,95000
052318,友達元大98購01  ,0,0,0,0,0,0,0,0,0,95000,0,0,0,95000,0,95000,95000
051000,台郡元大96購01  ,0,0,0,0,0,0,0,0,0,95000,0,0,0,95000,0,95000,95000
055687,瀚宇博凱基97購01,0,0,0,0,0,0,0,0,0,94000,0,0,0,104000,10000,94000,94000
055665,亞德客群益97購01,0,0,0,0,0,0,0,0,0,94000,0,0,0,96000,2000,94000,94000
00693U,街口S&P黃豆     ,228000,0,228000,0,0,0,0,0,0,-134000,0,0,0,430000,564000,-134000,94000
052216,康友元大96購01  ,0,0,0,0,0,0,0,0,0,94000,0,0,0,94000,0,94000,94000
1309,台達化          ,163000,69000,94000,0,0,0,0,0,0,0,0,0,0,0,0,0,94000
053091,同欣電元大96購01,0,0,0,0,0,0,0,0,0,93000,0,0,0,93000,0,93000,93000
054802,高股息元大97購01,0,0,0,0,0,0,0,0,0,93000,0,0,0,113000,20000,93000,93000
043513,台灣50元大96購05,0,0,0,0,0,0,0,0,0,93000,0,0,0,93000,0,93000,93000
059610,上銀永豐99購02  ,0,0,0,0,0,0,0,0,0,92000,0,0,0,108000,16000,92000,92000
059689,南亞科永豐99購02,0,0,0,0,0,0,0,0,0,92000,0,0,0,168000,76000,92000,92000
052934,中磊元大96購01  ,0,0,0,0,0,0,0,0,0,92000,0,0,0,100000,8000,92000,92000
2851,中再保          ,98000,6000,92000,0,0,0,0,0,0,0,0,0,0,0,0,0,92000
059571,奇力新凱基99購06,0,0,0,0,0,0,0,0,0,91000,0,0,0,101000,10000,91000,91000
056458,日月光凱基98購02,0,0,0,0,0,0,0,0,0,91000,0,0,0,91000,0,91000,91000
051843,聯發科富邦99購01,0,0,0,0,0,0,0,0,0,91000,0,0,0,91000,0,91000,91000
056494,緯創國泰99購01  ,0,0,0,0,0,0,0,0,0,90000,0,0,0,90000,0,90000,90000
056505,聯發科永豐98購01,0,0,0,0,0,0,0,0,0,90000,0,0,0,90000,0,90000,90000
056232,瑞儀凱基98購01  ,0,0,0,0,0,0,0,0,0,90000,0,0,0,90000,0,90000,90000
05683P,矽創元大96售01  ,0,0,0,0,0,0,0,0,0,90000,0,0,0,220000,130000,90000,90000
058193,緯穎永豐99購01  ,0,0,0,0,0,0,0,0,0,90000,0,0,0,90000,0,90000,90000
055113,大立光凱基98購06,0,0,0,0,0,0,0,0,0,90000,0,0,0,90000,0,90000,90000
059202,禾聯碩永豐99購01,0,0,0,0,0,0,0,0,0,90000,0,0,0,90000,0,90000,90000
058803,世紀鋼元大99購03,0,0,0,0,0,0,0,0,0,90000,0,0,0,140000,50000,90000,90000
051370,聯詠富邦97購01  ,0,0,0,0,0,0,0,0,0,90000,0,0,0,90000,0,90000,90000
052095,彩晶元大97購01  ,0,0,0,0,0,0,0,0,0,90000,0,0,0,90000,0,90000,90000
053626,台積電兆豐96購03,0,0,0,0,0,0,0,0,0,90000,0,0,0,90000,0,90000,90000
056597,宏碁元富98購01  ,0,0,0,0,0,0,0,0,0,90000,0,0,0,110000,20000,90000,90000
045516,聯茂統一94購01  ,0,0,0,0,0,0,0,0,0,90000,0,0,0,90000,0,90000,90000
047652,滬深2X兆豐94購03,0,0,0,0,0,0,0,0,0,90000,0,0,0,100000,10000,90000,90000
049927,健策元大94購02  ,0,0,0,0,0,0,0,0,0,90000,0,0,0,120000,30000,90000,90000
049751,牧德永豐95購01  ,0,0,0,0,0,0,0,0,0,90000,0,0,0,100000,10000,90000,90000
052594,友訊群益98購01  ,0,0,0,0,0,0,0,0,0,90000,0,0,0,90000,0,90000,90000
3669,圓展            ,255000,163000,92000,0,0,0,0,0,0,-2000,0,2000,-2000,0,0,0,90000
058975,台灣50凱基01購02,0,0,0,0,0,0,0,0,0,89000,0,0,0,143000,54000,89000,89000
049349,國巨康和94購01  ,0,0,0,0,0,0,0,0,0,89000,0,0,0,90000,1000,89000,89000
2607,榮運            ,207000,117000,90000,0,0,0,0,0,0,-1000,0,1000,-1000,0,0,0,89000
2360,致茂            ,1253000,1129548,123452,0,0,0,17000,0,17000,-52000,4000,60000,-56000,4000,0,4000,88452
059198,華新科永豐99購06,0,0,0,0,0,0,0,0,0,88000,0,0,0,88000,0,88000,88000
058459,南電永豐99購01  ,0,0,0,0,0,0,0,0,0,88000,0,0,0,156000,68000,88000,88000
06228P,亞德客凱基97售04,0,0,0,0,0,0,0,0,0,88000,0,0,0,88000,0,88000,88000
050116,嘉澤元大94購03  ,0,0,0,0,0,0,0,0,0,88000,0,0,0,100000,12000,88000,88000
050632,國巨群益94購07  ,0,0,0,0,0,0,0,0,0,88000,0,0,0,88000,0,88000,88000
053503,臻鼎兆豐97購01  ,0,0,0,0,0,0,0,0,0,88000,0,0,0,88000,0,88000,88000
4306,炎洲            ,109000,21000,88000,0,0,0,0,0,0,0,6000,6000,0,0,0,0,88000
1308,亞聚            ,167000,79000,88000,0,0,0,0,0,0,0,0,0,0,0,0,0,88000
059148,百和國票9A購01  ,0,0,0,0,0,0,0,0,0,87000,0,0,0,87000,0,87000,87000
059519,台郡永豐99購01  ,0,0,0,0,0,0,0,0,0,87000,0,0,0,87000,0,87000,87000
050099,台積電永昌96購01,0,0,0,0,0,0,0,0,0,87000,0,0,0,87000,0,87000,87000
006207,FH滬深          ,8000,15000,-7000,0,0,0,0,0,0,94000,0,0,0,123000,29000,94000,87000
048588,世紀鋼中信94購01,0,0,0,0,0,0,0,0,0,87000,0,0,0,137000,50000,87000,87000
04980P,臺股指凱基96售08,0,0,0,0,0,0,0,0,0,87000,0,0,0,87000,0,87000,87000
057169,微星元大98購01  ,0,0,0,0,0,0,0,0,0,86000,0,0,0,86000,0,86000,86000
1455,集盛            ,280000,194000,86000,0,0,0,0,0,0,0,0,0,0,0,0,0,86000
055876,美食元富9A購01  ,0,0,0,0,0,0,0,0,0,85000,0,0,0,85000,0,85000,85000
056193,聯發科富邦99購08,0,0,0,0,0,0,0,0,0,85000,0,0,0,88000,3000,85000,85000
056960,光罩永豐98購01  ,0,0,0,0,0,0,0,0,0,85000,0,0,0,85000,0,85000,85000
048911,玉晶光富邦96購01,0,0,0,0,0,0,0,0,0,85000,0,0,0,85000,0,85000,85000
042168,台灣50凱基96購01,0,0,0,0,0,0,0,0,0,85000,0,0,0,85000,0,85000,85000
059494,國巨國票9C購01  ,0,0,0,0,0,0,0,0,0,85000,0,0,0,89000,4000,85000,85000
055216,友達凱基98購05  ,0,0,0,0,0,0,0,0,0,84000,0,0,0,136000,52000,84000,84000
058545,義隆富邦9C購01  ,0,0,0,0,0,0,0,0,0,84000,0,0,0,84000,0,84000,84000
059431,旺宏元大99購14  ,0,0,0,0,0,0,0,0,0,84000,0,0,0,208000,124000,84000,84000
054742,京鼎凱基99購01  ,0,0,0,0,0,0,0,0,0,84000,0,0,0,225000,141000,84000,84000
048874,玉晶光國票96購01,0,0,0,0,0,0,0,0,0,84000,0,0,0,84000,0,84000,84000
04787P,台積電永昌96售04,0,0,0,0,0,0,0,0,0,84000,0,0,0,84000,0,84000,84000
057095,祥碩元富98購02  ,0,0,0,0,0,0,0,0,0,83000,0,0,0,83000,0,83000,83000
057174,南亞科元大98購05,0,0,0,0,0,0,0,0,0,83000,0,0,0,90000,7000,83000,83000
057917,台積電凱基98購17,0,0,0,0,0,0,0,0,0,83000,0,0,0,83000,0,83000,83000
054739,義隆凱基98購02  ,0,0,0,0,0,0,0,0,0,83000,0,0,0,83000,0,83000,83000
059368,T50正2元富99購02,0,0,0,0,0,0,0,0,0,83000,0,0,0,83000,0,83000,83000
051587,大立光元大95購08,0,0,0,0,0,0,0,0,0,83000,0,0,0,83000,0,83000,83000
054534,台積電富邦98購03,0,0,0,0,0,0,0,0,0,82000,0,0,0,82000,0,82000,82000
053026,奇力新富邦98購01,0,0,0,0,0,0,0,0,0,82000,0,0,0,82000,0,82000,82000
057163,上銀元大98購04  ,0,0,0,0,0,0,0,0,0,81000,0,0,0,81000,0,81000,81000
058310,大立光元大99購10,0,0,0,0,0,0,0,0,0,81000,0,0,0,81000,0,81000,81000
054361,技嘉凱基96購01  ,0,0,0,0,0,0,0,0,0,81000,0,0,0,81000,0,81000,81000
053229,南電台新97購01  ,0,0,0,0,0,0,0,0,0,81000,0,0,0,81000,0,81000,81000
054029,瀚宇博凱基96購02,0,0,0,0,0,0,0,0,0,81000,0,0,0,86000,5000,81000,81000
020008,元大特股高息N   ,0,0,0,0,0,0,0,0,0,81000,0,0,0,97000,16000,81000,81000
9802,鈺齊-KY         ,410000,938000,-528000,0,0,0,595000,0,595000,14000,10000,3000,7000,16000,9000,7000,81000
058411,技嘉兆豐99購01  ,0,0,0,0,0,0,0,0,0,80000,0,0,0,80000,0,80000,80000
055324,TPK國票98購03   ,0,0,0,0,0,0,0,0,0,80000,0,0,0,80000,0,80000,80000
055955,微星元大97購01  ,0,0,0,0,0,0,0,0,0,80000,0,0,0,80000,0,80000,80000
06212P,華新科元大97售11,0,0,0,0,0,0,0,0,0,80000,0,0,0,282000,202000,80000,80000
056570,旺宏元大98購07  ,0,0,0,0,0,0,0,0,0,80000,0,0,0,80000,0,80000,80000
056550,瑞儀凱基99購01  ,0,0,0,0,0,0,0,0,0,80000,0,0,0,80000,0,80000,80000
058059,晶技元富98購01  ,0,0,0,0,0,0,0,0,0,80000,0,0,0,80000,0,80000,80000
057445,華通元富02購01  ,0,0,0,0,0,0,0,0,0,80000,0,0,0,80000,0,80000,80000
058144,聯茂元大99購02  ,0,0,0,0,0,0,0,0,0,80000,0,0,0,85000,5000,80000,80000
043735,元金2X元大94購01,0,0,0,0,0,0,0,0,0,80000,0,0,0,80000,0,80000,80000
052470,華新科亞東97購01,0,0,0,0,0,0,0,0,0,80000,0,0,0,160000,80000,80000,80000
050791,聯發科富邦96購01,0,0,0,0,0,0,0,0,0,80000,0,0,0,80000,0,80000,80000
051100,同欣電元大95購01,0,0,0,0,0,0,0,0,0,80000,0,0,0,80000,0,80000,80000
049283,滬深2X中信95購10,0,0,0,0,0,0,0,0,0,80000,0,0,0,80000,0,80000,80000
049023,玉晶光群益96購04,0,0,0,0,0,0,0,0,0,80000,0,0,0,80000,0,80000,80000
051938,旭富群益95購01  ,0,0,0,0,0,0,0,0,0,80000,0,0,0,80000,0,80000,80000
052020,聯茂永豐95購02  ,0,0,0,0,0,0,0,0,0,80000,0,0,0,90000,10000,80000,80000
051862,旺宏凱基95購05  ,0,0,0,0,0,0,0,0,0,80000,0,0,0,80000,0,80000,80000
052728,上証2X國泰97購01,0,0,0,0,0,0,0,0,0,80000,0,0,0,80000,0,80000,80000
054875,群電群益97購01  ,0,0,0,0,0,0,0,0,0,80000,0,0,0,150000,70000,80000,80000
07042P,T50反1元大9C售02,0,0,0,0,0,0,0,0,0,80000,0,0,0,80000,0,80000,80000
058090,聯發科元大98購16,0,0,0,0,0,0,0,0,0,79000,0,0,0,79000,0,79000,79000
057170,瑞昱元大98購01  ,0,0,0,0,0,0,0,0,0,79000,0,0,0,85000,6000,79000,79000
054939,台積電元大97購15,0,0,0,0,0,0,0,0,0,79000,0,0,0,79000,0,79000,79000
055479,GIS凱基97購04   ,0,0,0,0,0,0,0,0,0,79000,0,0,0,99000,20000,79000,79000
052731,宏達電國泰98購01,0,0,0,0,0,0,0,0,0,79000,0,0,0,79000,0,79000,79000
052714,義隆凱基96購02  ,0,0,0,0,0,0,0,0,0,79000,0,0,0,82000,3000,79000,79000
051289,大立光統一96購01,0,0,0,0,0,0,0,0,0,79000,0,0,0,79000,0,79000,79000
049690,義隆元大95購02  ,0,0,0,0,0,0,0,0,0,79000,0,0,0,109000,30000,79000,79000
04410P,大立光統一94售05,0,0,0,0,0,0,0,0,0,79000,0,0,0,79000,0,79000,79000
050138,台表科國票95購02,0,0,0,0,0,0,0,0,0,79000,0,0,0,79000,0,79000,79000
057646,玉山金元大98購01,0,0,0,0,0,0,0,0,0,78000,0,0,0,78000,0,78000,78000
055601,茂林元大97購03  ,0,0,0,0,0,0,0,0,0,78000,0,0,0,78000,0,78000,78000
059107,南茂國泰9A購01  ,0,0,0,0,0,0,0,0,0,78000,0,0,0,90000,12000,78000,78000
052180,緯穎元大96購05  ,0,0,0,0,0,0,0,0,0,78000,0,0,0,120000,42000,78000,78000
051684,瑞昱凱基95購02  ,0,0,0,0,0,0,0,0,0,78000,0,0,0,233000,155000,78000,78000
07326P,大立光元大99售23,0,0,0,0,0,0,0,0,0,78000,0,0,0,600000,522000,78000,78000
2855,統一證          ,394000,314000,80000,0,0,0,0,2000,-2000,0,0,0,0,0,0,0,78000
00636,國泰中國A50     ,24000,222000,-198000,0,0,0,0,0,0,275936,20000,0,20000,316000,60064,255936,77936
056545,TPK凱基98購02   ,0,0,0,0,0,0,0,0,0,76000,0,0,0,76000,0,76000,76000
056172,鴻海元富97購11  ,0,0,0,0,0,0,0,0,0,76000,0,0,0,76000,0,76000,76000
059189,國泰金富邦9B購01,0,0,0,0,0,0,0,0,0,76000,0,0,0,76000,0,76000,76000
2929,淘帝-KY         ,341000,265000,76000,0,0,0,0,0,0,0,0,0,0,0,0,0,76000
058622,國巨國票99購07  ,0,0,0,0,0,0,0,0,0,75000,0,0,0,75000,0,75000,75000
057239,貿聯凱基98購05  ,0,0,0,0,0,0,0,0,0,75000,0,0,0,148000,73000,75000,75000
057570,技嘉永豐98購02  ,0,0,0,0,0,0,0,0,0,75000,0,0,0,75000,0,75000,75000
051073,同欣電國票96購01,0,0,0,0,0,0,0,0,0,75000,0,0,0,75000,0,75000,75000
051501,康友群益95購02  ,0,0,0,0,0,0,0,0,0,75000,0,0,0,75000,0,75000,75000
053375,鴻海元大96購18  ,0,0,0,0,0,0,0,0,0,75000,0,0,0,75000,0,75000,75000
054331,世芯永豐96購03  ,0,0,0,0,0,0,0,0,0,75000,0,0,0,75000,0,75000,75000
054710,東元元富97購01  ,0,0,0,0,0,0,0,0,0,75000,0,0,0,80000,5000,75000,75000
06873P,嘉晶元富98售02  ,0,0,0,0,0,0,0,0,0,75000,0,0,0,75000,0,75000,75000
059391,立積凱基9A購01  ,0,0,0,0,0,0,0,0,0,74000,0,0,0,125000,51000,74000,74000
054299,南電元大96購03  ,0,0,0,0,0,0,0,0,0,74000,0,0,0,366000,292000,74000,74000
00674R,元大S&P黃金反1  ,0,0,0,0,0,0,0,0,0,74000,0,0,0,88000,14000,74000,74000
07249P,T50正2富邦03售02,0,0,0,0,0,0,0,0,0,74000,0,0,0,74000,0,74000,74000
4532,瑞智            ,114000,40000,74000,0,0,0,0,0,0,0,0,0,0,0,0,0,74000
056980,建準群益98購02  ,0,0,0,0,0,0,0,0,0,73000,0,0,0,73000,0,73000,73000
050313,大立光兆豐94購05,0,0,0,0,0,0,0,0,0,73000,0,0,0,73000,0,73000,73000
053948,大立光富邦99購04,0,0,0,0,0,0,0,0,0,73000,0,0,0,73000,0,73000,73000
051577,台積電元大97購03,0,0,0,0,0,0,0,0,0,73000,0,0,0,73000,0,73000,73000
8341,日友            ,239000,155000,84000,0,0,0,0,0,0,-11000,0,11000,-11000,0,0,0,73000
057625,泰鼎國泰9A購01  ,0,0,0,0,0,0,0,0,0,72000,0,0,0,75000,3000,72000,72000
059314,上銀元大99購03  ,0,0,0,0,0,0,0,0,0,72000,0,0,0,261000,189000,72000,72000
058593,大立光統一9B購02,0,0,0,0,0,0,0,0,0,72000,0,0,0,72000,0,72000,72000
058684,健策凱基99購02  ,0,0,0,0,0,0,0,0,0,72000,0,0,0,109000,37000,72000,72000
058253,臺股指元大9A購17,0,0,0,0,0,0,0,0,0,72000,0,0,0,72000,0,72000,72000
055359,超眾凱基97購01  ,0,0,0,0,0,0,0,0,0,72000,0,0,0,72000,0,72000,72000
052681,T50反1元大98購02,0,0,0,0,0,0,0,0,0,72000,0,0,0,200000,128000,72000,72000
053522,臺股指群益99購01,0,0,0,0,0,0,0,0,0,72000,0,0,0,72000,0,72000,72000
053183,大立光元富96購03,0,0,0,0,0,0,0,0,0,72000,0,0,0,72000,0,72000,72000
059132,臺股指群益99購07,0,0,0,0,0,0,0,0,0,71000,0,0,0,117000,46000,71000,71000
057482,微星元大98購03  ,0,0,0,0,0,0,0,0,0,71000,0,0,0,74000,3000,71000,71000
056593,台積電元富98購02,0,0,0,0,0,0,0,0,0,71000,0,0,0,71000,0,71000,71000
049296,義隆群益96購01  ,0,0,0,0,0,0,0,0,0,71000,0,0,0,71000,0,71000,71000
5215,科嘉-KY         ,117000,191000,-74000,0,0,0,136000,0,136000,9000,9000,0,9000,0,0,0,71000
2363,矽統            ,1113000,1056000,57000,0,0,0,0,0,0,14000,14000,0,14000,0,0,0,71000
2331,精英            ,98000,138000,-40000,0,0,0,0,0,0,111000,13000,2000,11000,100000,0,100000,71000
057532,智原元大98購03  ,0,0,0,0,0,0,0,0,0,70000,0,0,0,70000,0,70000,70000
059338,滬深2X凱基9C購02,0,0,0,0,0,0,0,0,0,70000,0,0,0,70000,0,70000,70000
056678,力成元富98購01  ,0,0,0,0,0,0,0,0,0,70000,0,0,0,70000,0,70000,70000
057870,大立光凱基99購02,0,0,0,0,0,0,0,0,0,70000,0,0,0,70000,0,70000,70000
056356,台積電元大99購01,0,0,0,0,0,0,0,0,0,70000,0,0,0,70000,0,70000,70000
058421,國泰金麥證01購01,0,0,0,70000,0,70000,0,0,0,70000,0,0,0,70000,0,70000,70000
059195,國巨永豐99購04  ,0,0,0,0,0,0,0,0,0,70000,0,0,0,73000,3000,70000,70000
055063,玉晶光永豐99購01,0,0,0,0,0,0,0,0,0,70000,0,0,0,70000,0,70000,70000
057197,立積台新98購01  ,0,0,0,0,0,0,0,0,0,70000,0,0,0,70000,0,70000,70000
050783,旺宏國泰96購02  ,0,0,0,0,0,0,0,0,0,70000,0,0,0,70000,0,70000,70000
048698,宏達電國票95購01,0,0,0,0,0,0,0,0,0,70000,0,0,0,70000,0,70000,70000
053934,A50正2元富96購02,0,0,0,0,0,0,0,0,0,70000,0,0,0,70000,0,70000,70000
045106,玉晶光群益95購01,0,0,0,0,0,0,0,0,0,70000,0,0,0,70000,0,70000,70000
04413P,玉晶光元富94售01,0,0,0,0,0,0,0,0,0,70000,0,0,0,70000,0,70000,70000
050620,和碩元大94購04  ,0,0,0,0,0,0,0,0,0,70000,0,0,0,70000,0,70000,70000
03413B,臺股指凱基94熊19,0,0,0,0,0,0,0,0,0,70000,0,0,0,70000,0,70000,70000
046961,大立光中信95購02,0,0,0,0,0,0,0,0,0,70000,0,0,0,73000,3000,70000,70000
059492,國巨國票9A購06  ,0,0,0,0,0,0,0,0,0,70000,0,0,0,71000,1000,70000,70000
059506,滬深2X永豐99購04,0,0,0,0,0,0,0,0,0,70000,0,0,0,70000,0,70000,70000
055381,茂林元大97購02  ,0,0,0,0,0,0,0,0,0,70000,0,0,0,70000,0,70000,70000
054656,深中小元大97購01,0,0,0,0,0,0,0,0,0,70000,0,0,0,70000,0,70000,70000
052997,國巨康和96購01  ,0,0,0,0,0,0,0,0,0,70000,0,0,0,70000,0,70000,70000
051399,玉晶光台新96購01,0,0,0,0,0,0,0,0,0,70000,0,0,0,70000,0,70000,70000
052744,聯詠元大97購01  ,0,0,0,0,0,0,0,0,0,70000,0,0,0,70000,0,70000,70000
051873,緯穎凱基95購02  ,0,0,0,0,0,0,0,0,0,70000,0,0,0,98000,28000,70000,70000
051827,智邦元大95購04  ,0,0,0,0,0,0,0,0,0,70000,0,0,0,70000,0,70000,70000
059645,祥碩凱基99購05  ,0,0,0,0,0,0,0,0,0,69000,0,0,0,665000,596000,69000,69000
055645,技嘉元富97購01  ,0,0,0,0,0,0,0,0,0,69000,0,0,0,69000,0,69000,69000
058665,台灣50群益9B購02,0,0,0,0,0,0,0,0,0,69000,0,0,0,69000,0,69000,69000
056579,麗豐元大99購01  ,0,0,0,0,0,0,0,0,0,69000,0,0,0,78000,9000,69000,69000
00851,台新全球AI      ,0,0,0,0,0,0,0,0,0,69000,0,0,0,116000,47000,69000,69000
049485,台積電元大96購03,0,0,0,0,0,0,0,0,0,69000,0,0,0,69000,0,69000,69000
057862,智邦凱基99購01  ,0,0,0,0,0,0,0,0,0,68000,0,0,0,68000,0,68000,68000
056916,台達電兆豐98購02,0,0,0,0,0,0,0,0,0,68000,0,0,0,68000,0,68000,68000
058177,華新科凱基99購02,0,0,0,0,0,0,0,0,0,68000,0,0,0,136000,68000,68000,68000
057108,潤泰全群益98購01,0,0,0,0,0,0,0,0,0,68000,0,0,0,98000,30000,68000,68000
06533P,上証2X中信9B售01,0,0,0,0,0,0,0,0,0,68000,0,0,0,68000,0,68000,68000
050229,鴻海麥證94購02  ,0,0,0,68000,0,68000,0,0,0,68000,0,0,0,68000,0,68000,68000
053255,貿聯國泰97購01  ,0,0,0,0,0,0,0,0,0,68000,0,0,0,68000,0,68000,68000
059503,大立光富邦9B購04,0,0,0,0,0,0,0,0,0,68000,0,0,0,137000,69000,68000,68000
1734,杏輝            ,108000,40000,68000,0,0,0,0,0,0,0,0,0,0,0,0,0,68000
057216,聯發科群益99購01,0,0,0,0,0,0,0,0,0,67000,0,0,0,67000,0,67000,67000
059634,可成凱基99購07  ,0,0,0,0,0,0,0,0,0,67000,0,0,0,259000,192000,67000,67000
057061,華擎國泰9A購01  ,0,0,0,0,0,0,0,0,0,67000,0,0,0,77000,10000,67000,67000
052685,技嘉元大96購01  ,0,0,0,0,0,0,0,0,0,67000,0,0,0,107000,40000,67000,67000
006206,元大上證50      ,12000,12000,0,0,0,0,0,0,0,67000,0,0,0,72000,5000,67000,67000
049759,元黃金富邦9A購01,0,0,0,0,0,0,0,0,0,67000,0,0,0,67000,0,67000,67000
057064,華新科富邦9B購01,0,0,0,0,0,0,0,0,0,66000,0,0,0,66000,0,66000,66000
06853P,華擎元富98售03  ,0,0,0,0,0,0,0,0,0,66000,0,0,0,66000,0,66000,66000
059102,聯鈞元富99購01  ,0,0,0,0,0,0,0,0,0,66000,0,0,0,101000,35000,66000,66000
048221,鴻海凱基95購01  ,0,0,0,0,0,0,0,0,0,66000,0,0,0,66000,0,66000,66000
054215,創意國票97購02  ,0,0,0,0,0,0,0,0,0,66000,0,0,0,202000,136000,66000,66000
054386,鴻海統一98購03  ,0,0,0,0,0,0,0,0,0,66000,0,0,0,66000,0,66000,66000
059068,台虹國票9A購01  ,0,0,0,0,0,0,0,0,0,65000,0,0,0,65000,0,65000,65000
058482,祥碩凱基99購02  ,0,0,0,0,0,0,0,0,0,65000,0,0,0,65000,0,65000,65000
056977,國巨群益9A購01  ,0,0,0,0,0,0,0,0,0,65000,0,0,0,65000,0,65000,65000
058882,晶相光永豐99購01,0,0,0,0,0,0,0,0,0,65000,0,0,0,65000,0,65000,65000
057964,緯穎元大99購03  ,0,0,0,0,0,0,0,0,0,65000,0,0,0,66000,1000,65000,65000
057071,華擎永豐98購02  ,0,0,0,0,0,0,0,0,0,65000,0,0,0,65000,0,65000,65000
058788,喬山元大99購01  ,0,0,0,0,0,0,0,0,0,65000,0,0,0,95000,30000,65000,65000
058558,鴻海日盛9A購02  ,0,0,0,0,0,0,0,0,0,65000,0,0,0,415000,350000,65000,65000
058568,宏達電凱基9A購02,0,0,0,0,0,0,0,0,0,65000,0,0,0,270000,205000,65000,65000
053039,聯發科凱基96購11,0,0,0,0,0,0,0,0,0,65000,0,0,0,65000,0,65000,65000
051271,華新科群益95購04,0,0,0,0,0,0,0,0,0,65000,0,0,0,70000,5000,65000,65000
044429,元金2X元大94購04,0,0,0,0,0,0,0,0,0,65000,0,0,0,65000,0,65000,65000
058376,貿聯凱基9A購01  ,0,0,0,0,0,0,0,0,0,64000,0,0,0,64000,0,64000,64000
059605,臺股指元大9A購42,0,0,0,0,0,0,0,0,0,64000,0,0,0,94000,30000,64000,64000
058905,京鼎元大99購01  ,0,0,0,0,0,0,0,0,0,64000,0,0,0,103000,39000,64000,64000
059043,聯電日盛99購01  ,0,0,0,0,0,0,0,0,0,64000,0,0,0,64000,0,64000,64000
059097,世紀鋼元大99購05,0,0,0,0,0,0,0,0,0,64000,0,0,0,64000,0,64000,64000
04842P,群創元大96售02  ,0,0,0,0,0,0,0,0,0,64000,0,0,0,64000,0,64000,64000
049152,大立光元大95購06,0,0,0,0,0,0,0,0,0,64000,0,0,0,64000,0,64000,64000
053729,聯茂凱基96購05  ,0,0,0,0,0,0,0,0,0,64000,0,0,0,64000,0,64000,64000
052689,玉晶光元大98購03,0,0,0,0,0,0,0,0,0,64000,0,0,0,64000,0,64000,64000
052057,臺股指凱基95購15,0,0,0,0,0,0,0,0,0,64000,0,0,0,64000,0,64000,64000
6415,矽力-KY         ,505000,437776,67224,0,0,0,19000,19000,0,-4000,0,2000,-2000,0,2000,-2000,63224
059005,嘉晶元大99購06  ,0,0,0,0,0,0,0,0,0,63000,0,0,0,63000,0,63000,63000
059163,台積電凱基99購10,0,0,0,0,0,0,0,0,0,63000,0,0,0,63000,0,63000,63000
052221,東元凱基95購01  ,0,0,0,0,0,0,0,0,0,63000,0,0,0,100000,37000,63000,63000
054751,GIS凱基98購01   ,0,0,0,0,0,0,0,0,0,63000,0,0,0,89000,26000,63000,63000
045231,南電元大94購01  ,0,0,0,0,0,0,0,0,0,63000,0,0,0,63000,0,63000,63000
07129P,華新科元大99售14,0,0,0,0,0,0,0,0,0,63000,0,0,0,98000,35000,63000,63000
058722,台郡元富99購01  ,0,0,0,0,0,0,0,0,0,62000,0,0,0,66000,4000,62000,62000
057138,亞德客兆豐98購01,0,0,0,0,0,0,0,0,0,62000,0,0,0,62000,0,62000,62000
054253,宏達電元大97購03,0,0,0,0,0,0,0,0,0,62000,0,0,0,180000,118000,62000,62000
06889P,臺股指元大98售13,0,0,0,0,0,0,0,0,0,62000,0,0,0,78000,16000,62000,62000
2524,京城            ,92000,28000,64000,0,0,0,0,0,0,-2000,0,2000,-2000,0,0,0,62000
054961,玉晶光元大99購01,0,0,0,0,0,0,0,0,0,61000,0,0,0,61000,0,61000,61000
058664,百和兆豐99購01  ,0,0,0,0,0,0,0,0,0,61000,0,0,0,61000,0,61000,61000
055631,創意永豐98購01  ,0,0,0,0,0,0,0,0,0,61000,0,0,0,68000,7000,61000,61000
054300,華通凱基96購07  ,0,0,0,0,0,0,0,0,0,61000,0,0,0,118000,57000,61000,61000
054502,泰碩永豐96購01  ,0,0,0,0,0,0,0,0,0,61000,0,0,0,96000,35000,61000,61000
059485,台灣50兆豐99購02,0,0,0,0,0,0,0,0,0,61000,0,0,0,150000,89000,61000,61000
059486,A50正2兆豐9A購01,0,0,0,0,0,0,0,0,0,61000,0,0,0,61000,0,61000,61000
059363,超眾永豐99購02  ,0,0,0,0,0,0,0,0,0,61000,0,0,0,66000,5000,61000,61000
04006P,滬深2X國票9B售01,0,0,0,0,0,0,0,0,0,61000,0,0,0,61000,0,61000,61000
058407,滬深2X兆豐9A購01,0,0,0,0,0,0,0,0,0,60000,0,0,0,60000,0,60000,60000
055078,亞泥中信98購01  ,0,0,0,0,0,0,0,0,0,60000,0,0,0,60000,0,60000,60000
055813,聯發科國票98購04,0,0,0,0,0,0,0,0,0,60000,0,0,0,62000,2000,60000,60000
057213,華邦電群益98購01,0,0,0,0,0,0,0,0,0,60000,0,0,0,60000,0,60000,60000
055253,大立光統一97購06,0,0,0,0,0,0,0,0,0,60000,0,0,0,60000,0,60000,60000
057891,華新科統一9A購01,0,0,0,0,0,0,0,0,0,60000,0,0,0,60000,0,60000,60000
058145,聯茂元大99購03  ,0,0,0,0,0,0,0,0,0,60000,0,0,0,60000,0,60000,60000
057260,微星兆豐98購01  ,0,0,0,0,0,0,0,0,0,60000,0,0,0,60000,0,60000,60000
055579,健策統一9A購01  ,0,0,0,0,0,0,0,0,0,60000,0,0,0,60000,0,60000,60000
057564,台積電富邦9B購03,0,0,0,0,0,0,0,0,0,60000,0,0,0,60000,0,60000,60000
057621,崇越凱基98購01  ,0,0,0,0,0,0,0,0,0,60000,0,0,0,60000,0,60000,60000
050650,大立光凱基96購01,0,0,0,0,0,0,0,0,0,60000,0,0,0,60000,0,60000,60000
04862P,台積電元大94售26,0,0,0,0,0,0,0,0,0,60000,0,0,0,60000,0,60000,60000
048819,國巨凱基94購01  ,0,0,0,0,0,0,0,0,0,60000,0,0,0,60000,0,60000,60000
053831,台積電台新97購02,0,0,0,0,0,0,0,0,0,60000,0,0,0,60000,0,60000,60000
052529,力成元大95購03  ,0,0,0,0,0,0,0,0,0,60000,0,0,0,60000,0,60000,60000
054048,國泰金元大96購04,0,0,0,0,0,0,0,0,0,60000,0,0,0,60000,0,60000,60000
052622,貿聯兆豐97購01  ,0,0,0,0,0,0,0,0,0,60000,0,0,0,60000,0,60000,60000
053144,上証2X元大96購01,0,0,0,0,0,0,0,0,0,60000,0,0,0,60000,0,60000,60000
053074,嘉晶永豐96購02  ,0,0,0,0,0,0,0,0,0,60000,0,0,0,60000,0,60000,60000
054690,新興永豐97購01  ,0,0,0,0,0,0,0,0,0,60000,0,0,0,60000,0,60000,60000
054375,貿聯中信99購01  ,0,0,0,0,0,0,0,0,0,60000,0,0,0,60000,0,60000,60000
053301,華通凱基96購04  ,0,0,0,0,0,0,0,0,0,60000,0,0,0,60000,0,60000,60000
052672,世紀鋼群益96購02,0,0,0,0,0,0,0,0,0,60000,0,0,0,60000,0,60000,60000
052793,健鼎兆豐96購01  ,0,0,0,0,0,0,0,0,0,60000,0,0,0,60000,0,60000,60000
051875,聯發科兆豐95購04,0,0,0,0,0,0,0,0,0,60000,0,0,0,70000,10000,60000,60000
051910,大立光元大97購01,0,0,0,0,0,0,0,0,0,60000,0,0,0,60000,0,60000,60000
058061,貿聯元富9B購01  ,0,0,0,0,0,0,0,0,0,59000,0,0,0,59000,0,59000,59000
056279,新日興富邦99購01,0,0,0,0,0,0,0,0,0,59000,0,0,0,59000,0,59000,59000
055231,大毅國票98購02  ,0,0,0,0,0,0,0,0,0,59000,0,0,0,60000,1000,59000,59000
055265,玉晶光永豐98購03,0,0,0,0,0,0,0,0,0,59000,0,0,0,59000,0,59000,59000
059573,健策凱基9A購02  ,0,0,0,0,0,0,0,0,0,59000,0,0,0,128000,69000,59000,59000
058850,華新科群益99購03,0,0,0,0,0,0,0,0,0,59000,0,0,0,59000,0,59000,59000
054586,健鼎國泰99購01  ,0,0,0,0,0,0,0,0,0,59000,0,0,0,59000,0,59000,59000
051462,世芯國泰97購01  ,0,0,0,0,0,0,0,0,0,59000,0,0,0,59000,0,59000,59000
049008,傳奇中信95購01  ,0,0,0,0,0,0,0,0,0,59000,0,0,0,59000,0,59000,59000
044088,國巨元富95購01  ,0,0,0,0,0,0,0,0,0,59000,0,0,0,59000,0,59000,59000
059160,華通凱基99購03  ,0,0,0,0,0,0,0,0,0,58000,0,0,0,112000,54000,58000,58000
058708,臺股指元大9A購21,0,0,0,0,0,0,0,0,0,58000,0,0,0,58000,0,58000,58000
056769,國產元大98購01  ,0,0,0,0,0,0,0,0,0,58000,0,0,0,131000,73000,58000,58000
057431,京鼎兆豐98購02  ,0,0,0,0,0,0,0,0,0,58000,0,0,0,58000,0,58000,58000
00665L,富邦恒生國企正2 ,61000,7000,54000,0,0,0,0,0,0,4000,0,0,0,90000,86000,4000,58000
049490,京元電元大95購02,0,0,0,0,0,0,0,0,0,58000,0,0,0,79000,21000,58000,58000
056626,同欣電永豐98購01,0,0,0,0,0,0,0,0,0,58000,0,0,0,58000,0,58000,58000
2538,基泰            ,96000,38000,58000,0,0,0,0,0,0,0,0,0,0,0,0,0,58000
2702,華園            ,73000,15000,58000,0,0,0,0,0,0,0,0,0,0,0,0,0,58000
4540,全球傳動        ,168000,110000,58000,0,0,0,0,0,0,0,0,0,0,0,0,0,58000
1447,力鵬            ,141000,83000,58000,0,0,0,0,0,0,0,0,0,0,0,0,0,58000
058999,台積電元大99購24,0,0,0,0,0,0,0,0,0,57000,0,0,0,57000,0,57000,57000
051789,嘉澤國票96購01  ,0,0,0,0,0,0,0,0,0,57000,0,0,0,62000,5000,57000,57000
052674,智邦國泰98購01  ,0,0,0,0,0,0,0,0,0,57000,0,0,0,57000,0,57000,57000
050846,緯創國票96購01  ,0,0,0,0,0,0,0,0,0,57000,0,0,0,62000,5000,57000,57000
056663,臺股指元大9A購10,0,0,0,0,0,0,0,0,0,56000,0,0,0,56000,0,56000,56000
058532,禾伸堂元富99購01,0,0,0,0,0,0,0,0,0,56000,0,0,0,56000,0,56000,56000
059150,臺股指國票99購13,0,0,0,0,0,0,0,0,0,56000,0,0,0,66000,10000,56000,56000
055704,亞德客永豐97購04,0,0,0,0,0,0,0,0,0,56000,0,0,0,56000,0,56000,56000
051028,台光電元富95購02,0,0,0,0,0,0,0,0,0,56000,0,0,0,56000,0,56000,56000
053900,T50反1日盛99購01,0,0,0,0,0,0,0,0,0,56000,0,0,0,56000,0,56000,56000
0055,元大MSCI金融    ,1000,1000,0,0,0,0,0,0,0,56000,0,0,0,59000,3000,56000,56000
04713P,創意元大95售01  ,0,0,0,0,0,0,0,0,0,56000,0,0,0,66000,10000,56000,56000
059514,嘉澤永豐99購02  ,0,0,0,0,0,0,0,0,0,56000,0,0,0,111000,55000,56000,56000
057058,祥碩元大98購04  ,0,0,0,0,0,0,0,0,0,55000,0,0,0,56000,1000,55000,55000
055032,億光富邦99購01  ,0,0,0,0,0,0,0,0,0,55000,0,0,0,55000,0,55000,55000
058814,南亞科台新99購01,0,0,0,0,0,0,0,0,0,55000,0,0,0,55000,0,55000,55000
06572P,台積電永昌99售01,0,0,0,0,0,0,0,0,0,55000,0,0,0,57000,2000,55000,55000
059640,聯詠凱基99購04  ,0,0,0,0,0,0,0,0,0,55000,0,0,0,102000,47000,55000,55000
057580,玉山金中信9A購01,0,0,0,0,0,0,0,0,0,55000,0,0,0,55000,0,55000,55000
055456,上銀富邦99購01  ,0,0,0,0,0,0,0,0,0,55000,0,0,0,55000,0,55000,55000
053224,矽力凱基96購02  ,0,0,0,0,0,0,0,0,0,55000,0,0,0,55000,0,55000,55000
046145,矽力元富95購01  ,0,0,0,0,0,0,0,0,0,55000,0,0,0,55000,0,55000,55000
07113P,台積電兆豐99售03,0,0,0,0,0,0,0,0,0,55000,0,0,0,55000,0,55000,55000
058120,台灣50國票99購03,0,0,0,0,0,0,0,0,0,54000,0,0,0,54000,0,54000,54000
057961,茂林元大9A購01  ,0,0,0,0,0,0,0,0,0,54000,0,0,0,54000,0,54000,54000
055131,茂林康和97購01  ,0,0,0,0,0,0,0,0,0,54000,0,0,0,77000,23000,54000,54000
055750,瑞昱永昌9C購01  ,0,0,0,0,0,0,0,0,0,54000,0,0,0,54000,0,54000,54000
048417,國巨統一94購01  ,0,0,0,0,0,0,0,0,0,54000,0,0,0,54000,0,54000,54000
4560,強信-KY         ,123000,69000,54000,0,0,0,0,0,0,0,0,0,0,0,0,0,54000
056534,京元電凱基98購01,0,0,0,0,0,0,0,0,0,53000,0,0,0,54000,1000,53000,53000
050786,健策國泰96購01  ,0,0,0,0,0,0,0,0,0,53000,0,0,0,53000,0,53000,53000
05443P,宏達電元大95售05,0,0,0,0,0,0,0,0,0,53000,0,0,0,125000,72000,53000,53000
052077,可成元富98購02  ,0,0,0,0,0,0,0,0,0,53000,0,0,0,72000,19000,53000,53000
059440,康控元大9B購01  ,0,0,0,0,0,0,0,0,0,53000,0,0,0,126000,73000,53000,53000
059371,聯鈞元富99購02  ,0,0,0,0,0,0,0,0,0,53000,0,0,0,161000,108000,53000,53000
05492P,聯茂元大95售02  ,0,0,0,0,0,0,0,0,0,53000,0,0,0,53000,0,53000,53000
057380,技嘉國泰9A購01  ,0,0,0,0,0,0,0,0,0,52000,0,0,0,52000,0,52000,52000
057263,可成兆豐99購01  ,0,0,0,0,0,0,0,0,0,52000,0,0,0,62000,10000,52000,52000
057805,華通元大98購06  ,0,0,0,0,0,0,0,0,0,52000,0,0,0,52000,0,52000,52000
051570,和碩富邦97購01  ,0,0,0,0,0,0,0,0,0,52000,0,0,0,52000,0,52000,52000
054170,泰鼎凱基98購01  ,0,0,0,0,0,0,0,0,0,52000,0,0,0,52000,0,52000,52000
052246,超眾康和95購01  ,0,0,0,0,0,0,0,0,0,52000,0,0,0,225000,173000,52000,52000
058191,祥碩永豐99購01  ,0,0,0,0,0,0,0,0,0,51000,0,0,0,51000,0,51000,51000
057415,和碩日盛98購01  ,0,0,0,0,0,0,0,0,0,51000,0,0,0,51000,0,51000,51000
059000,台積電元大99購25,0,0,0,0,0,0,0,0,0,51000,0,0,0,51000,0,51000,51000
058258,世芯國泰9A購01  ,0,0,0,0,0,0,0,0,0,51000,0,0,0,51000,0,51000,51000
055093,京鼎群益98購01  ,0,0,0,0,0,0,0,0,0,51000,0,0,0,51000,0,51000,51000
058645,康控富邦01購01  ,0,0,0,0,0,0,0,0,0,51000,0,0,0,51000,0,51000,51000
058733,同欣電永豐99購02,0,0,0,0,0,0,0,0,0,51000,0,0,0,51000,0,51000,51000
048505,滬深2X群益99購03,0,0,0,0,0,0,0,0,0,51000,0,0,0,51000,0,51000,51000
053561,玉晶光國泰98購01,0,0,0,0,0,0,0,0,0,51000,0,0,0,51000,0,51000,51000
2231,為升            ,75000,52000,23000,0,0,0,1000,0,1000,27000,0,2000,-2000,30000,1000,29000,51000
058849,奇力新群益99購02,0,0,0,0,0,0,0,0,0,50000,0,0,0,50000,0,50000,50000
058314,欣興富邦9B購01  ,0,0,0,0,0,0,0,0,0,50000,0,0,0,50000,0,50000,50000
055703,緯穎富邦98購01  ,0,0,0,0,0,0,0,0,0,50000,0,0,0,50000,0,50000,50000
055744,茂林元富97購02  ,0,0,0,0,0,0,0,0,0,50000,0,0,0,50000,0,50000,50000
057192,力成元大98購01  ,0,0,0,0,0,0,0,0,0,50000,0,0,0,50000,0,50000,50000
055832,台達電元大97購02,0,0,0,0,0,0,0,0,0,50000,0,0,0,50000,0,50000,50000
058037,台灣50元大9B購02,0,0,0,0,0,0,0,0,0,50000,0,0,0,50000,0,50000,50000
056272,嘉澤統一99購01  ,0,0,0,0,0,0,0,0,0,50000,0,0,0,60000,10000,50000,50000
056194,聯發科富邦9B購01,0,0,0,0,0,0,0,0,0,50000,0,0,0,50000,0,50000,50000
056180,南茂元富97購01  ,0,0,0,0,0,0,0,0,0,50000,0,0,0,50000,0,50000,50000
056508,揚明光永豐98購01,0,0,0,0,0,0,0,0,0,50000,0,0,0,50000,0,50000,50000
056548,瀚宇博凱基98購02,0,0,0,0,0,0,0,0,0,50000,0,0,0,50000,0,50000,50000
056589,康控統一98購01  ,0,0,0,0,0,0,0,0,0,50000,0,0,0,50000,0,50000,50000
056470,旺宏元大99購01  ,0,0,0,0,0,0,0,0,0,50000,0,0,0,50000,0,50000,50000
056763,國巨元大99購02  ,0,0,0,0,0,0,0,0,0,50000,0,0,0,50000,0,50000,50000
056661,臺股指元大9A購08,0,0,0,0,0,0,0,0,0,50000,0,0,0,50000,0,50000,50000
056670,樺漢國票99購01  ,0,0,0,0,0,0,0,0,0,50000,0,0,0,50000,0,50000,50000
058927,勤誠元富99購02  ,0,0,0,0,0,0,0,0,0,50000,0,0,0,50000,0,50000,50000
057451,大立光元富9B購01,0,0,0,0,0,0,0,0,0,50000,0,0,0,50000,0,50000,50000
057613,瑞昱元富02購02  ,0,0,0,0,0,0,0,0,0,50000,0,0,0,50000,0,50000,50000
056912,臺股指元大99購04,0,0,0,0,0,0,0,0,0,50000,0,0,0,50000,0,50000,50000
056892,旺宏元大9A購02  ,0,0,0,0,0,0,0,0,0,50000,0,0,0,50000,0,50000,50000
058196,台塑中信99購01  ,0,0,0,0,0,0,0,0,0,50000,0,0,0,50000,0,50000,50000
058504,台積電元大99購07,0,0,0,0,0,0,0,0,0,50000,0,0,0,50000,0,50000,50000
057807,友訊元大98購02  ,0,0,0,0,0,0,0,0,0,50000,0,0,0,60000,10000,50000,50000
057817,景碩元大98購01  ,0,0,0,0,0,0,0,0,0,50000,0,0,0,50000,0,50000,50000
057755,鴻海日盛98購01  ,0,0,0,0,0,0,0,0,0,50000,0,0,0,360000,310000,50000,50000
055505,新唐元大97購02  ,0,0,0,0,0,0,0,0,0,50000,0,0,0,50000,0,50000,50000
055506,台郡元大99購02  ,0,0,0,0,0,0,0,0,0,50000,0,0,0,50000,0,50000,50000
057330,台積電國票99購03,0,0,0,0,0,0,0,0,0,50000,0,0,0,50000,0,50000,50000
053784,奇力新元大97購02,0,0,0,0,0,0,0,0,0,50000,0,0,0,50000,0,50000,50000
054567,拓凱群益98購01  ,0,0,0,0,0,0,0,0,0,50000,0,0,0,50000,0,50000,50000
059352,台灣50富邦01購01,0,0,0,0,0,0,0,0,0,50000,0,0,0,50000,0,50000,50000
056599,臻鼎元富98購01  ,0,0,0,0,0,0,0,0,0,50000,0,0,0,50000,0,50000,50000
056638,臺股指日盛98購01,0,0,0,0,0,0,0,0,0,50000,0,0,0,50000,0,50000,50000
055466,台達電凱基97購03,0,0,0,0,0,0,0,0,0,50000,0,0,0,50000,0,50000,50000
053204,旺宏麥證96購01  ,0,0,0,50000,0,50000,0,0,0,50000,0,0,0,50000,0,50000,50000
053404,致新群益96購01  ,0,0,0,0,0,0,0,0,0,50000,0,0,0,50000,0,50000,50000
051623,和碩凱基96購02  ,0,0,0,0,0,0,0,0,0,50000,0,0,0,50000,0,50000,50000
051696,新日興中信96購01,0,0,0,0,0,0,0,0,0,50000,0,0,0,50000,0,50000,50000
051977,泰碩凱基95購01  ,0,0,0,0,0,0,0,0,0,50000,0,0,0,50000,0,50000,50000
052170,台積電元大95購20,0,0,0,0,0,0,0,0,0,50000,0,0,0,50000,0,50000,50000
051347,國巨元大95購06  ,0,0,0,0,0,0,0,0,0,50000,0,0,0,50000,0,50000,50000
048562,宏達電元大95購01,0,0,0,0,0,0,0,0,0,50000,0,0,0,50000,0,50000,50000
050769,聯發科元大94購17,0,0,0,0,0,0,0,0,0,50000,0,0,0,50000,0,50000,50000
050685,緯穎元富94購02  ,0,0,0,0,0,0,0,0,0,50000,0,0,0,50000,0,50000,50000
050634,華新科群益96購01,0,0,0,0,0,0,0,0,0,50000,0,0,0,50000,0,50000,50000
045087,玉晶光元大95購01,0,0,0,0,0,0,0,0,0,50000,0,0,0,50000,0,50000,50000
044930,元黃金富邦93購01,0,0,0,0,0,0,0,0,0,50000,0,0,0,50000,0,50000,50000
050367,鴻海元大94購20  ,0,0,0,0,0,0,0,0,0,50000,0,0,0,50000,0,50000,50000
045750,鈺齊富邦94購01  ,0,0,0,0,0,0,0,0,0,50000,0,0,0,50000,0,50000,50000
047156,群創國票94購01  ,0,0,0,0,0,0,0,0,0,50000,0,0,0,50000,0,50000,50000
046680,上証反群益95購01,0,0,0,0,0,0,0,0,0,50000,0,0,0,50000,0,50000,50000
054159,T50正2凱基99購01,0,0,0,0,0,0,0,0,0,50000,0,0,0,50000,0,50000,50000
054089,台積電群益96購11,0,0,0,0,0,0,0,0,0,50000,0,0,0,50000,0,50000,50000
052636,大立光凱基96購10,0,0,0,0,0,0,0,0,0,50000,0,0,0,50000,0,50000,50000
048736,台達電統一94購01,0,0,0,0,0,0,0,0,0,50000,0,0,0,50000,0,50000,50000
051007,台光電麥證95購01,0,0,0,50000,0,50000,0,0,0,50000,0,0,0,50000,0,50000,50000
08218P,滬深2X凱基96售01,0,0,0,0,0,0,0,0,0,50000,0,0,0,50000,0,50000,50000
058156,超眾統一9A購02  ,0,0,0,0,0,0,0,0,0,49000,0,0,0,50000,1000,49000,49000
057348,台積電統一98購09,0,0,0,0,0,0,0,0,0,49000,0,0,0,49000,0,49000,49000
059702,台積電凱基9A購14,0,0,0,0,0,0,0,0,0,49000,0,0,0,118000,69000,49000,49000
058458,牧德永豐9A購01  ,0,0,0,0,0,0,0,0,0,49000,0,0,0,49000,0,49000,49000
049527,國巨中信95購01  ,0,0,0,0,0,0,0,0,0,49000,0,0,0,49000,0,49000,49000
054428,禾伸堂富邦98購01,0,0,0,0,0,0,0,0,0,49000,0,0,0,49000,0,49000,49000
054421,臺股指元大99購03,0,0,0,0,0,0,0,0,0,49000,0,0,0,49000,0,49000,49000
059537,大立光凱基99購09,0,0,0,0,0,0,0,0,0,49000,0,0,0,53000,4000,49000,49000
054827,宏全元大9A購01  ,0,0,0,0,0,0,0,0,0,49000,0,0,0,74000,25000,49000,49000
056017,台積電群益97購04,0,0,0,0,0,0,0,0,0,48000,0,0,0,48000,0,48000,48000
056053,和大元大97購05  ,0,0,0,0,0,0,0,0,0,48000,0,0,0,48000,0,48000,48000
059451,國巨永豐99購05  ,0,0,0,0,0,0,0,0,0,48000,0,0,0,50000,2000,48000,48000
052972,義隆群益96購04  ,0,0,0,0,0,0,0,0,0,48000,0,0,0,53000,5000,48000,48000
051049,亞德客群益95購01,0,0,0,0,0,0,0,0,0,48000,0,0,0,49000,1000,48000,48000
051242,台積電元大96購06,0,0,0,0,0,0,0,0,0,48000,0,0,0,48000,0,48000,48000
2349,錸德            ,308000,260000,48000,0,0,0,0,0,0,0,0,0,0,0,0,0,48000
06897P,FBVIX群益01售01 ,0,0,0,0,0,0,0,0,0,48000,0,0,0,48000,0,48000,48000
5007,三星            ,50000,2000,48000,0,0,0,0,0,0,0,0,0,0,0,0,0,48000
058093,神達元大9A購01  ,0,0,0,0,0,0,0,0,0,47000,0,0,0,47000,0,47000,47000
057786,聯發科國票98購05,0,0,0,0,0,0,0,0,0,47000,0,0,0,47000,0,47000,47000
056742,玉晶光凱基9A購01,0,0,0,0,0,0,0,0,0,47000,0,0,0,47000,0,47000,47000
059152,臺股指國票99購15,0,0,0,0,0,0,0,0,0,47000,0,0,0,52000,5000,47000,47000
058590,南電中信9A購02  ,0,0,0,0,0,0,0,0,0,47000,0,0,0,47000,0,47000,47000
055858,聯茂元大97購03  ,0,0,0,0,0,0,0,0,0,47000,0,0,0,47000,0,47000,47000
04546P,台積電元大94售09,0,0,0,0,0,0,0,0,0,47000,0,0,0,47000,0,47000,47000
059458,鎧勝永豐99購01  ,0,0,0,0,0,0,0,0,0,47000,0,0,0,114000,67000,47000,47000
054791,泰碩群益99購02  ,0,0,0,0,0,0,0,0,0,47000,0,0,0,47000,0,47000,47000
9939,宏全            ,485000,324000,161000,0,0,0,0,0,0,-114000,2000,116000,-114000,0,0,0,47000
059681,華新科國泰9B購02,0,0,0,0,0,0,0,0,0,46000,0,0,0,46000,0,46000,46000
057944,新日興國票99購02,0,0,0,0,0,0,0,0,0,46000,0,0,0,46000,0,46000,46000
05642P,玉晶光兆豐97售02,0,0,0,0,0,0,0,0,0,46000,0,0,0,56000,10000,46000,46000
055425,聚陽群益99購01  ,0,0,0,0,0,0,0,0,0,46000,0,0,0,46000,0,46000,46000
054241,深中小元大98購01,0,0,0,0,0,0,0,0,0,46000,0,0,0,46000,0,46000,46000
051067,台積電國票96購03,0,0,0,0,0,0,0,0,0,46000,0,0,0,46000,0,46000,46000
052402,健策凱基97購01  ,0,0,0,0,0,0,0,0,0,46000,0,0,0,46000,0,46000,46000
07202P,台灣50凱基9C售04,0,0,0,0,0,0,0,0,0,46000,0,0,0,58000,12000,46000,46000
058957,貿聯國票9A購01  ,0,0,0,0,0,0,0,0,0,45000,0,0,0,45000,0,45000,45000
059063,康控凱基99購04  ,0,0,0,0,0,0,0,0,0,45000,0,0,0,67000,22000,45000,45000
059594,奇力新元大9B購01,0,0,0,0,0,0,0,0,0,45000,0,0,0,46000,1000,45000,45000
058815,華新科台新99購03,0,0,0,0,0,0,0,0,0,45000,0,0,0,45000,0,45000,45000
05511P,T50反1台新06售01,0,0,0,0,0,0,0,0,0,45000,0,0,0,45000,0,45000,45000
055138,大毅永豐97購02  ,0,0,0,0,0,0,0,0,0,45000,0,0,0,45000,0,45000,45000
050566,高股息中信97購02,0,0,0,0,0,0,0,0,0,45000,0,0,0,45000,0,45000,45000
052963,智邦凱基96購02  ,0,0,0,0,0,0,0,0,0,45000,0,0,0,45000,0,45000,45000
052790,智邦兆豐97購01  ,0,0,0,0,0,0,0,0,0,45000,0,0,0,127000,82000,45000,45000
051717,祥碩康和95購01  ,0,0,0,0,0,0,0,0,0,45000,0,0,0,45000,0,45000,45000
053777,台積電元大96購20,0,0,0,0,0,0,0,0,0,45000,0,0,0,45000,0,45000,45000
2913,農林            ,153000,108000,45000,0,0,0,0,0,0,0,2000,2000,0,0,0,0,45000
059147,矽創國票99購01  ,0,0,0,0,0,0,0,0,0,44000,0,0,0,44000,0,44000,44000
059139,全新兆豐9A購01  ,0,0,0,0,0,0,0,0,0,44000,0,0,0,54000,10000,44000,44000
058519,嘉澤元大99購01  ,0,0,0,0,0,0,0,0,0,44000,0,0,0,58000,14000,44000,44000
06254P,臺股指群益97售07,0,0,0,0,0,0,0,0,0,44000,0,0,0,93000,49000,44000,44000
055404,超眾元富97購01  ,0,0,0,0,0,0,0,0,0,44000,0,0,0,56000,12000,44000,44000
051403,玉晶光永豐95購05,0,0,0,0,0,0,0,0,0,44000,0,0,0,325000,281000,44000,44000
052172,致茂元大95購01  ,0,0,0,0,0,0,0,0,0,44000,0,0,0,44000,0,44000,44000
03669C,滬深2X元富09牛01,0,0,0,0,0,0,0,0,0,44000,0,0,0,148000,104000,44000,44000
00645,富邦日本        ,0,0,0,0,0,0,0,0,0,44000,0,0,0,134000,90000,44000,44000
06844P,智邦元大98售13  ,0,0,0,0,0,0,0,0,0,43000,0,0,0,55000,12000,43000,43000
059201,祥碩永豐99購02  ,0,0,0,0,0,0,0,0,0,43000,0,0,0,43000,0,43000,43000
057060,緯穎元大98購05  ,0,0,0,0,0,0,0,0,0,43000,0,0,0,50000,7000,43000,43000
057132,華新科凱基98購05,0,0,0,0,0,0,0,0,0,43000,0,0,0,140000,97000,43000,43000
057707,臺股指群益98購07,0,0,0,0,0,0,0,0,0,43000,0,0,0,53000,10000,43000,43000
00783,富邦中証500     ,1000,1000,0,0,0,0,0,0,0,43000,0,0,0,926000,883000,43000,43000
042692,台灣50凱基96購09,0,0,0,0,0,0,0,0,0,43000,0,0,0,43000,0,43000,43000
053955,華通永豐96購04  ,0,0,0,0,0,0,0,0,0,43000,0,0,0,43000,0,43000,43000
053378,台積電元大98購02,0,0,0,0,0,0,0,0,0,43000,0,0,0,43000,0,43000,43000
06983P,台積電國泰9A售02,0,0,0,0,0,0,0,0,0,43000,0,0,0,43000,0,43000,43000
07014P,華通元大99售04  ,0,0,0,0,0,0,0,0,0,43000,0,0,0,43000,0,43000,43000
9930,中聯資源        ,70000,27000,43000,0,0,0,0,0,0,0,0,0,0,0,0,0,43000
055996,矽力國泰99購01  ,0,0,0,0,0,0,0,0,0,42000,0,0,0,42000,0,42000,42000
059188,京元電富邦9B購01,0,0,0,0,0,0,0,0,0,42000,0,0,0,200000,158000,42000,42000
058403,玉晶光元大99購12,0,0,0,0,0,0,0,0,0,42000,0,0,0,42000,0,42000,42000
058401,華航元大9A購01  ,0,0,0,0,0,0,0,0,0,42000,0,0,0,52000,10000,42000,42000
058713,國巨統一9B購02  ,0,0,0,0,0,0,0,0,0,42000,0,0,0,50000,8000,42000,42000
06230P,亞德客永豐97售03,0,0,0,0,0,0,0,0,0,42000,0,0,0,42000,0,42000,42000
059535,玉山金凱基99購01,0,0,0,0,0,0,0,0,0,42000,0,0,0,50000,8000,42000,42000
050014,國巨富邦98購01  ,0,0,0,0,0,0,0,0,0,42000,0,0,0,42000,0,42000,42000
9907,統一實          ,313000,271000,42000,0,0,0,0,0,0,0,0,0,0,0,0,0,42000
1717,長興            ,157000,84000,73000,0,0,0,0,0,0,-31000,0,31000,-31000,0,0,0,42000
05577P,上銀凱基96售02  ,0,0,0,0,0,0,0,0,0,41000,0,0,0,41000,0,41000,41000
056997,台灣50康和9A購02,0,0,0,0,0,0,0,0,0,41000,0,0,0,41000,0,41000,41000
053864,義隆元大96購01  ,0,0,0,0,0,0,0,0,0,41000,0,0,0,51000,10000,41000,41000
1410,南染            ,41000,0,41000,0,0,0,0,0,0,0,0,0,0,0,0,0,41000
3149,正達            ,42000,1000,41000,0,0,0,0,0,0,0,0,0,0,0,0,0,41000
056069,新日興元大97購03,0,0,0,0,0,0,0,0,0,40000,0,0,0,40000,0,40000,40000
057776,京元電群益98購02,0,0,0,0,0,0,0,0,0,40000,0,0,0,45000,5000,40000,40000
058227,台灣50元大9C購01,0,0,0,0,0,0,0,0,0,40000,0,0,0,40000,0,40000,40000
056000,佳世達永豐97購01,0,0,0,0,0,0,0,0,0,40000,0,0,0,40000,0,40000,40000
056542,緯創凱基98購01  ,0,0,0,0,0,0,0,0,0,40000,0,0,0,40000,0,40000,40000
056460,同欣電凱基99購01,0,0,0,0,0,0,0,0,0,40000,0,0,0,40000,0,40000,40000
056504,國巨永豐98購02  ,0,0,0,0,0,0,0,0,0,40000,0,0,0,40000,0,40000,40000
056408,奇鋐國票99購01  ,0,0,0,0,0,0,0,0,0,40000,0,0,0,40000,0,40000,40000
056140,康控元大98購01  ,0,0,0,0,0,0,0,0,0,40000,0,0,0,40000,0,40000,40000
05931P,鴻海凱基96售15  ,0,0,0,0,0,0,0,0,0,40000,0,0,0,40000,0,40000,40000
059322,晶技元大99購06  ,0,0,0,0,0,0,0,0,0,40000,0,0,0,54000,14000,40000,40000
059301,華新科群益99購04,0,0,0,0,0,0,0,0,0,40000,0,0,0,57000,17000,40000,40000
058003,FBVIX群益9C購02 ,0,0,0,0,0,0,0,0,0,40000,0,0,0,40000,0,40000,40000
056775,康控元大99購01  ,0,0,0,0,0,0,0,0,0,40000,0,0,0,50000,10000,40000,40000
057072,日月光永豐98購01,0,0,0,0,0,0,0,0,0,40000,0,0,0,40000,0,40000,40000
054948,聯發科元大97購14,0,0,0,0,0,0,0,0,0,40000,0,0,0,40000,0,40000,40000
058762,貿聯群益99購03  ,0,0,0,0,0,0,0,0,0,40000,0,0,0,49000,9000,40000,40000
06151P,華新科元大97售07,0,0,0,0,0,0,0,0,0,40000,0,0,0,40000,0,40000,40000
057201,華擎元富98購01  ,0,0,0,0,0,0,0,0,0,40000,0,0,0,60000,20000,40000,40000
049667,大立光國泰96購01,0,0,0,0,0,0,0,0,0,40000,0,0,0,40000,0,40000,40000
052561,矽創國票97購01  ,0,0,0,0,0,0,0,0,0,40000,0,0,0,40000,0,40000,40000
053989,奇力新兆豐97購01,0,0,0,0,0,0,0,0,0,40000,0,0,0,40000,0,40000,40000
054101,茂林國票97購04  ,0,0,0,0,0,0,0,0,0,40000,0,0,0,40000,0,40000,40000
051225,台積電群益95購02,0,0,0,0,0,0,0,0,0,40000,0,0,0,40000,0,40000,40000
049252,國巨元大96購01  ,0,0,0,0,0,0,0,0,0,40000,0,0,0,40000,0,40000,40000
050832,力成凱基95購01  ,0,0,0,0,0,0,0,0,0,40000,0,0,0,40000,0,40000,40000
050915,健策中信98購01  ,0,0,0,0,0,0,0,0,0,40000,0,0,0,40000,0,40000,40000
04771P,友達元大96售02  ,0,0,0,0,0,0,0,0,0,40000,0,0,0,40000,0,40000,40000
059490,國巨國票99購09  ,0,0,0,0,0,0,0,0,0,40000,0,0,0,40000,0,40000,40000
059410,滬深2X國票9A購04,0,0,0,0,0,0,0,0,0,40000,0,0,0,50000,10000,40000,40000
053005,微星永豐96購01  ,0,0,0,0,0,0,0,0,0,40000,0,0,0,40000,0,40000,40000
053734,友達中信98購02  ,0,0,0,0,0,0,0,0,0,40000,0,0,0,40000,0,40000,40000
053701,台積電兆豐96購05,0,0,0,0,0,0,0,0,0,40000,0,0,0,50000,10000,40000,40000
053638,信邦永豐96購01  ,0,0,0,0,0,0,0,0,0,40000,0,0,0,40000,0,40000,40000
054750,聯茂凱基98購02  ,0,0,0,0,0,0,0,0,0,40000,0,0,0,40000,0,40000,40000
053459,康控國泰97購01  ,0,0,0,0,0,0,0,0,0,40000,0,0,0,40000,0,40000,40000
054439,健策台新96購03  ,0,0,0,0,0,0,0,0,0,40000,0,0,0,40000,0,40000,40000
054454,滬深2X群益96購04,0,0,0,0,0,0,0,0,0,40000,0,0,0,40000,0,40000,40000
053248,智伸科國票97購01,0,0,0,0,0,0,0,0,0,40000,0,0,0,40000,0,40000,40000
054374,信邦中信96購01  ,0,0,0,0,0,0,0,0,0,40000,0,0,0,40000,0,40000,40000
052838,新唐國泰98購01  ,0,0,0,0,0,0,0,0,0,40000,0,0,0,40000,0,40000,40000
052826,嘉聯益永豐96購01,0,0,0,0,0,0,0,0,0,40000,0,0,0,40000,0,40000,40000
052068,瑞儀兆豐96購01  ,0,0,0,0,0,0,0,0,0,40000,0,0,0,40000,0,40000,40000
051421,彩晶國票95購01  ,0,0,0,0,0,0,0,0,0,40000,0,0,0,40000,0,40000,40000
051991,泰碩元大95購02  ,0,0,0,0,0,0,0,0,0,40000,0,0,0,40000,0,40000,40000
8454,富邦媒          ,78000,72000,6000,0,0,0,30000,0,30000,4000,10000,6000,4000,0,0,0,40000
07308P,滬深2X凱基9A售01,0,0,0,0,0,0,0,0,0,40000,0,0,0,40000,0,40000,40000
057150,貿聯國票99購02  ,0,0,0,0,0,0,0,0,0,39000,0,0,0,42000,3000,39000,39000
059143,國巨國票9A購04  ,0,0,0,0,0,0,0,0,0,39000,0,0,0,49000,10000,39000,39000
056773,晶技元大99購03  ,0,0,0,0,0,0,0,0,0,39000,0,0,0,39000,0,39000,39000
058955,台積電國票9A購04,0,0,0,0,0,0,0,0,0,39000,0,0,0,99000,60000,39000,39000
057483,微星元大98購04  ,0,0,0,0,0,0,0,0,0,39000,0,0,0,70000,31000,39000,39000
053724,聯詠凱基96購04  ,0,0,0,0,0,0,0,0,0,39000,0,0,0,39000,0,39000,39000
053610,矽力中信98購01  ,0,0,0,0,0,0,0,0,0,39000,0,0,0,39000,0,39000,39000
053607,大立光第一96購01,0,0,0,0,0,0,0,0,0,39000,0,0,0,39000,0,39000,39000
059454,亞光永豐99購01  ,0,0,0,0,0,0,0,0,0,39000,0,0,0,51000,12000,39000,39000
059501,可成元富99購01  ,0,0,0,0,0,0,0,0,0,39000,0,0,0,55000,16000,39000,39000
046740,大立光群益95購01,0,0,0,0,0,0,0,0,0,39000,0,0,0,39000,0,39000,39000
047024,奇力新元大95購01,0,0,0,0,0,0,0,0,0,39000,0,0,0,39000,0,39000,39000
00702,國泰標普低波高息,0,0,0,0,0,0,0,0,0,39000,0,0,0,152000,113000,39000,39000
050893,鴻海元大96購03  ,0,0,0,0,0,0,0,0,0,39000,0,0,0,39000,0,39000,39000
053859,台積電元大97購09,0,0,0,0,0,0,0,0,0,39000,0,0,0,39000,0,39000,39000
3617,碩天            ,114000,54000,60000,0,0,0,0,0,0,-21000,0,21000,-21000,0,0,0,39000
058475,台積電凱基99購06,0,0,0,0,0,0,0,0,0,38000,0,0,0,38000,0,38000,38000
057265,聯詠兆豐98購01  ,0,0,0,0,0,0,0,0,0,38000,0,0,0,38000,0,38000,38000
056819,奇力新永豐98購01,0,0,0,0,0,0,0,0,0,38000,0,0,0,58000,20000,38000,38000
059308,T50反1元大99購07,0,0,0,0,0,0,0,0,0,38000,0,0,0,193000,155000,38000,38000
056401,國巨群益98購07  ,0,0,0,0,0,0,0,0,0,38000,0,0,0,38000,0,38000,38000
058522,聯茂元大99購07  ,0,0,0,0,0,0,0,0,0,38000,0,0,0,38000,0,38000,38000
055881,康控元富97購01  ,0,0,0,0,0,0,0,0,0,38000,0,0,0,38000,0,38000,38000
050955,達方群益97購01  ,0,0,0,0,0,0,0,0,0,38000,0,0,0,43000,5000,38000,38000
054823,祥碩元大97購02  ,0,0,0,0,0,0,0,0,0,38000,0,0,0,59000,21000,38000,38000
3057,喬鼎            ,44000,6000,38000,0,0,0,0,0,0,0,0,0,0,0,0,0,38000
3006,晶豪科          ,607000,560000,47000,0,0,0,0,0,0,-9000,2000,15000,-13000,5000,1000,4000,38000
2832,台產            ,40000,2000,38000,0,0,0,0,0,0,0,0,0,0,0,0,0,38000
1507,永大            ,55000,8000,47000,0,0,0,0,0,0,-9000,0,9000,-9000,0,0,0,38000
1109,信大            ,74000,36000,38000,0,0,0,0,0,0,0,0,0,0,0,0,0,38000
059578,智邦元富99購02  ,0,0,0,0,0,0,0,0,0,37000,0,0,0,87000,50000,37000,37000
057842,緯穎富邦99購02  ,0,0,0,0,0,0,0,0,0,37000,0,0,0,37000,0,37000,37000
057430,富邦金兆豐98購01,0,0,0,0,0,0,0,0,0,37000,0,0,0,37000,0,37000,37000
059529,華新科凱基9A購04,0,0,0,0,0,0,0,0,0,37000,0,0,0,288000,251000,37000,37000
055378,晶相光元大97購02,0,0,0,0,0,0,0,0,0,37000,0,0,0,37000,0,37000,37000
1733,五鼎            ,123000,86000,37000,0,0,0,0,0,0,0,8000,8000,0,0,0,0,37000
057379,寶成元大98購02  ,0,0,0,0,0,0,0,0,0,36000,0,0,0,36000,0,36000,36000
056896,南亞科元大98購01,0,0,0,0,0,0,0,0,0,36000,0,0,0,36000,0,36000,36000
059077,FBVIX元大99購05 ,0,0,0,0,0,0,0,0,0,36000,0,0,0,130000,94000,36000,36000
055593,華新科元大97購10,0,0,0,0,0,0,0,0,0,36000,0,0,0,36000,0,36000,36000
059285,台灣50元富01購02,0,0,0,0,0,0,0,0,0,36000,0,0,0,43000,7000,36000,36000
06790P,台積電凱基9A售04,0,0,0,0,0,0,0,0,0,36000,0,0,0,36000,0,36000,36000
055915,大立光凱基98購07,0,0,0,0,0,0,0,0,0,36000,0,0,0,36000,0,36000,36000
059256,臺股指凱基99購34,0,0,0,0,0,0,0,0,0,36000,0,0,0,36000,0,36000,36000
055439,台表科國票98購02,0,0,0,0,0,0,0,0,0,36000,0,0,0,36000,0,36000,36000
051459,臺股指元大95購19,0,0,0,0,0,0,0,0,0,36000,0,0,0,36000,0,36000,36000
054259,健策元大97購03  ,0,0,0,0,0,0,0,0,0,36000,0,0,0,86000,50000,36000,36000
053481,同欣電元大97購01,0,0,0,0,0,0,0,0,0,36000,0,0,0,36000,0,36000,36000
07124P,台積電元大99售21,0,0,0,0,0,0,0,0,0,36000,0,0,0,36000,0,36000,36000
4144,康聯-KY         ,64000,28000,36000,0,0,0,0,0,0,0,0,0,0,0,0,0,36000
055148,鴻海元大98購02  ,0,0,0,0,0,0,0,0,0,35000,0,0,0,35000,0,35000,35000
058721,立積元富9C購01  ,0,0,0,0,0,0,0,0,0,35000,0,0,0,80000,45000,35000,35000
055283,聯發科元大97購16,0,0,0,0,0,0,0,0,0,35000,0,0,0,35000,0,35000,35000
057175,美律元大98購03  ,0,0,0,0,0,0,0,0,0,35000,0,0,0,35000,0,35000,35000
06651P,華新科元大99售09,0,0,0,0,0,0,0,0,0,35000,0,0,0,35000,0,35000,35000
06028P,智邦台新97售01  ,0,0,0,0,0,0,0,0,0,35000,0,0,0,35000,0,35000,35000
056776,聯茂元大99購01  ,0,0,0,0,0,0,0,0,0,35000,0,0,0,35000,0,35000,35000
056645,大立光凱基98購12,0,0,0,0,0,0,0,0,0,35000,0,0,0,35000,0,35000,35000
056315,同欣電元大97購05,0,0,0,0,0,0,0,0,0,35000,0,0,0,35000,0,35000,35000
055986,祥碩元富97購01  ,0,0,0,0,0,0,0,0,0,35000,0,0,0,35000,0,35000,35000
058511,華新科元大9B購01,0,0,0,0,0,0,0,0,0,35000,0,0,0,35000,0,35000,35000
055526,台積電群益97購02,0,0,0,0,0,0,0,0,0,35000,0,0,0,35000,0,35000,35000
051752,緯穎富邦96購01  ,0,0,0,0,0,0,0,0,0,35000,0,0,0,35000,0,35000,35000
053584,友達元大9B購02  ,0,0,0,0,0,0,0,0,0,35000,0,0,0,35000,0,35000,35000
053045,國巨中信97購01  ,0,0,0,0,0,0,0,0,0,35000,0,0,0,35000,0,35000,35000
050831,超眾凱基95購01  ,0,0,0,0,0,0,0,0,0,35000,0,0,0,45000,10000,35000,35000
049251,國巨元大95購02  ,0,0,0,0,0,0,0,0,0,35000,0,0,0,35000,0,35000,35000
053970,聯發科元大97購08,0,0,0,0,0,0,0,0,0,35000,0,0,0,60000,25000,35000,35000
052520,南亞科元大95購06,0,0,0,0,0,0,0,0,0,35000,0,0,0,35000,0,35000,35000
054118,國巨永豐96購04  ,0,0,0,0,0,0,0,0,0,35000,0,0,0,35000,0,35000,35000
052294,創意國票96購03  ,0,0,0,0,0,0,0,0,0,35000,0,0,0,100000,65000,35000,35000
052311,台積電富邦95購09,0,0,0,0,0,0,0,0,0,35000,0,0,0,35000,0,35000,35000
035276,南亞科台新97購01,0,0,0,0,0,0,0,0,0,35000,0,0,0,48000,13000,35000,35000
050572,大立光中信97購01,0,0,0,0,0,0,0,0,0,35000,0,0,0,35000,0,35000,35000
1232,大統益          ,50000,15000,35000,0,0,0,0,0,0,0,0,0,0,0,0,0,35000
058515,健鼎元大99購01  ,0,0,0,0,0,0,0,0,0,34000,0,0,0,34000,0,34000,34000
058406,聯茂元大99購06  ,0,0,0,0,0,0,0,0,0,34000,0,0,0,163000,129000,34000,34000
00766L,台新MSCI中國正2 ,0,0,0,0,0,0,0,0,0,34000,0,0,0,211000,177000,34000,34000
052316,台積電元大96購10,0,0,0,0,0,0,0,0,0,34000,0,0,0,34000,0,34000,34000
050992,台積電元大97購01,0,0,0,0,0,0,0,0,0,34000,0,0,0,34000,0,34000,34000
07207P,台積電凱基99售13,0,0,0,0,0,0,0,0,0,34000,0,0,0,34000,0,34000,34000
07219P,臺股指凱基99售32,0,0,0,0,0,0,0,0,0,34000,0,0,0,38000,4000,34000,34000
4976,佳凌            ,196000,163000,33000,0,0,0,0,0,0,1000,1000,0,1000,0,0,0,34000
058659,力成中信99購01  ,0,0,0,0,0,0,0,0,0,33000,0,0,0,33000,0,33000,33000
055759,技嘉群益98購02  ,0,0,0,0,0,0,0,0,0,33000,0,0,0,33000,0,33000,33000
056897,南亞科元大98購02,0,0,0,0,0,0,0,0,0,33000,0,0,0,68000,35000,33000,33000
059303,國巨兆豐99購04  ,0,0,0,0,0,0,0,0,0,33000,0,0,0,35000,2000,33000,33000
052478,大立光群益95購05,0,0,0,0,0,0,0,0,0,33000,0,0,0,33000,0,33000,33000
054463,瑞昱凱基97購01  ,0,0,0,0,0,0,0,0,0,33000,0,0,0,65000,32000,33000,33000
059306,台灣50元大99購03,0,0,0,0,0,0,0,0,0,32000,0,0,0,32000,0,32000,32000
058085,景碩群益9A購01  ,0,0,0,0,0,0,0,0,0,32000,0,0,0,33000,1000,32000,32000
057815,信邦元大98購01  ,0,0,0,0,0,0,0,0,0,32000,0,0,0,32000,0,32000,32000
058746,華通凱基9A購02  ,0,0,0,0,0,0,0,0,0,32000,0,0,0,77000,45000,32000,32000
00666R,富邦恒生國企反1 ,32000,0,32000,0,0,0,0,0,0,0,0,0,0,81000,81000,0,32000
044927,聯詠國泰94購01  ,0,0,0,0,0,0,0,0,0,32000,0,0,0,32000,0,32000,32000
4108,懷特            ,39000,7000,32000,0,0,0,0,0,0,0,0,0,0,0,0,0,32000
2897,王道銀行        ,277000,169000,108000,0,0,0,6000,0,6000,-82000,0,82000,-82000,0,0,0,32000
058524,超眾元大99購04  ,0,0,0,0,0,0,0,0,0,31000,0,0,0,39000,8000,31000,31000
058249,緯穎元大99購04  ,0,0,0,0,0,0,0,0,0,31000,0,0,0,39000,8000,31000,31000
059236,鴻海凱基99購09  ,0,0,0,0,0,0,0,0,0,31000,0,0,0,31000,0,31000,31000
059604,臺股指元大9A購41,0,0,0,0,0,0,0,0,0,31000,0,0,0,50000,19000,31000,31000
06450P,聯發科元大98售03,0,0,0,0,0,0,0,0,0,31000,0,0,0,31000,0,31000,31000
058375,群創凱基9B購04  ,0,0,0,0,0,0,0,0,0,31000,0,0,0,31000,0,31000,31000
058514,潤泰全元大99購01,0,0,0,0,0,0,0,0,0,31000,0,0,0,745000,714000,31000,31000
059128,友達中信99購02  ,0,0,0,0,0,0,0,0,0,31000,0,0,0,578000,547000,31000,31000
057574,中磊永豐98購01  ,0,0,0,0,0,0,0,0,0,31000,0,0,0,31000,0,31000,31000
057915,台泥凱基98購01  ,0,0,0,0,0,0,0,0,0,31000,0,0,0,31000,0,31000,31000
056699,光罩國泰99購01  ,0,0,0,0,0,0,0,0,0,31000,0,0,0,31000,0,31000,31000
056576,晶技元大99購02  ,0,0,0,0,0,0,0,0,0,31000,0,0,0,31000,0,31000,31000
056175,可成元富97購03  ,0,0,0,0,0,0,0,0,0,31000,0,0,0,36000,5000,31000,31000
050571,美食中信95購01  ,0,0,0,0,0,0,0,0,0,31000,0,0,0,31000,0,31000,31000
054053,聯茂元大96購01  ,0,0,0,0,0,0,0,0,0,31000,0,0,0,31000,0,31000,31000
049583,台積電元大95購04,0,0,0,0,0,0,0,0,0,31000,0,0,0,31000,0,31000,31000
051068,台積電國票97購01,0,0,0,0,0,0,0,0,0,31000,0,0,0,31000,0,31000,31000
051450,世芯元大95購02  ,0,0,0,0,0,0,0,0,0,31000,0,0,0,31000,0,31000,31000
6541,泰福-KY         ,72000,41000,31000,0,0,0,0,0,0,0,0,0,0,0,0,0,31000
6277,宏正            ,53000,20000,33000,0,0,0,0,0,0,-2000,0,2000,-2000,0,0,0,31000
9933,中鼎            ,821000,652000,169000,0,0,0,0,0,0,-138000,0,138000,-138000,0,0,0,31000
056181,百和元富97購02  ,0,0,0,0,0,0,0,0,0,30000,0,0,0,30000,0,30000,30000
058020,大立光凱基99購03,0,0,0,0,0,0,0,0,0,30000,0,0,0,30000,0,30000,30000
056426,上証2X凱基9A購01,0,0,0,0,0,0,0,0,0,30000,0,0,0,30000,0,30000,30000
056474,華新科元大99購05,0,0,0,0,0,0,0,0,0,30000,0,0,0,30000,0,30000,30000
057841,茂林富邦9A購02  ,0,0,0,0,0,0,0,0,0,30000,0,0,0,30000,0,30000,30000
057866,玉山金凱基98購01,0,0,0,0,0,0,0,0,0,30000,0,0,0,30000,0,30000,30000
058867,元油2X國票99購05,0,0,0,0,0,0,0,0,0,30000,0,0,0,30000,0,30000,30000
059302,大立光群益99購08,0,0,0,0,0,0,0,0,0,30000,0,0,0,30000,0,30000,30000
056782,鴻海群益98購04  ,0,0,0,0,0,0,0,0,0,30000,0,0,0,30000,0,30000,30000
056835,聯電元富99購01  ,0,0,0,0,0,0,0,0,0,30000,0,0,0,30000,0,30000,30000
056858,國巨群益99購03  ,0,0,0,0,0,0,0,0,0,30000,0,0,0,30000,0,30000,30000
057965,臺股指元大98購14,0,0,0,0,0,0,0,0,0,30000,0,0,0,30000,0,30000,30000
057926,帆宣凱基98購02  ,0,0,0,0,0,0,0,0,0,30000,0,0,0,42000,12000,30000,30000
057606,健策統一98購03  ,0,0,0,0,0,0,0,0,0,30000,0,0,0,30000,0,30000,30000
057630,茂林永豐98購01  ,0,0,0,0,0,0,0,0,0,30000,0,0,0,30000,0,30000,30000
057640,台積電元大98購16,0,0,0,0,0,0,0,0,0,30000,0,0,0,30000,0,30000,30000
057406,茂林群益98購03  ,0,0,0,0,0,0,0,0,0,30000,0,0,0,30000,0,30000,30000
057527,億光元大98購01  ,0,0,0,0,0,0,0,0,0,30000,0,0,0,30000,0,30000,30000
056994,緯穎兆豐98購02  ,0,0,0,0,0,0,0,0,0,30000,0,0,0,30000,0,30000,30000
059060,大立光凱基9A購03,0,0,0,0,0,0,0,0,0,30000,0,0,0,30000,0,30000,30000
057261,瑞昱兆豐98購01  ,0,0,0,0,0,0,0,0,0,30000,0,0,0,30000,0,30000,30000
057737,國巨富邦99購02  ,0,0,0,0,0,0,0,0,0,30000,0,0,0,30000,0,30000,30000
055499,大立光元大98購05,0,0,0,0,0,0,0,0,0,30000,0,0,0,30000,0,30000,30000
057310,聯發科日盛99購01,0,0,0,0,0,0,0,0,0,30000,0,0,0,30000,0,30000,30000
055166,台積電統一97購05,0,0,0,0,0,0,0,0,0,30000,0,0,0,30000,0,30000,30000
055205,京鼎中信99購01  ,0,0,0,0,0,0,0,0,0,30000,0,0,0,30000,0,30000,30000
057177,奇力新元大99購04,0,0,0,0,0,0,0,0,0,30000,0,0,0,30000,0,30000,30000
055963,欣興元大97購04  ,0,0,0,0,0,0,0,0,0,30000,0,0,0,35000,5000,30000,30000
057154,易華電國泰99購01,0,0,0,0,0,0,0,0,0,30000,0,0,0,30000,0,30000,30000
05718P,國巨元大96售09  ,0,0,0,0,0,0,0,0,0,30000,0,0,0,30000,0,30000,30000
059679,國巨國泰9B購03  ,0,0,0,0,0,0,0,0,0,30000,0,0,0,102000,72000,30000,30000
06683P,訊芯元大98售07  ,0,0,0,0,0,0,0,0,0,30000,0,0,0,30000,0,30000,30000
058250,台虹元大99購01  ,0,0,0,0,0,0,0,0,0,30000,0,0,0,30000,0,30000,30000
058322,玉晶光永豐99購02,0,0,0,0,0,0,0,0,0,30000,0,0,0,30000,0,30000,30000
055782,新日興凱基99購01,0,0,0,0,0,0,0,0,0,30000,0,0,0,30000,0,30000,30000
057023,美律凱基99購02  ,0,0,0,0,0,0,0,0,0,30000,0,0,0,30000,0,30000,30000
058602,台積電元大99購11,0,0,0,0,0,0,0,0,0,30000,0,0,0,30000,0,30000,30000
058683,可成凱基9A購01  ,0,0,0,0,0,0,0,0,0,30000,0,0,0,30000,0,30000,30000
058245,訊連元大99購01  ,0,0,0,0,0,0,0,0,0,30000,0,0,0,30000,0,30000,30000
052684,旺宏元大98購01  ,0,0,0,0,0,0,0,0,0,30000,0,0,0,30000,0,30000,30000
052765,新日興群益97購01,0,0,0,0,0,0,0,0,0,30000,0,0,0,40000,10000,30000,30000
051299,致茂凱基95購01  ,0,0,0,0,0,0,0,0,0,30000,0,0,0,40000,10000,30000,30000
051346,仁寶元大95購01  ,0,0,0,0,0,0,0,0,0,30000,0,0,0,30000,0,30000,30000
051995,矽力元大95購03  ,0,0,0,0,0,0,0,0,0,30000,0,0,0,30000,0,30000,30000
051897,台光電國泰97購01,0,0,0,0,0,0,0,0,0,30000,0,0,0,30000,0,30000,30000
053281,茂林元大96購02  ,0,0,0,0,0,0,0,0,0,30000,0,0,0,30000,0,30000,30000
053389,彩晶元大98購01  ,0,0,0,0,0,0,0,0,0,30000,0,0,0,30000,0,30000,30000
054298,台表科元大97購03,0,0,0,0,0,0,0,0,0,30000,0,0,0,30000,0,30000,30000
052800,國巨元大96購05  ,0,0,0,0,0,0,0,0,0,30000,0,0,0,30000,0,30000,30000
054188,欣興永豐96購03  ,0,0,0,0,0,0,0,0,0,30000,0,0,0,30000,0,30000,30000
054311,世芯凱基96購02  ,0,0,0,0,0,0,0,0,0,30000,0,0,0,60000,30000,30000,30000
052984,漢唐元大96購01  ,0,0,0,0,0,0,0,0,0,30000,0,0,0,30000,0,30000,30000
052920,景碩台新96購02  ,0,0,0,0,0,0,0,0,0,30000,0,0,0,30000,0,30000,30000
053583,漢唐元大96購03  ,0,0,0,0,0,0,0,0,0,30000,0,0,0,30000,0,30000,30000
053571,奇鋐統一96購02  ,0,0,0,0,0,0,0,0,0,30000,0,0,0,30000,0,30000,30000
053600,同欣電元大96購04,0,0,0,0,0,0,0,0,0,30000,0,0,0,30000,0,30000,30000
053669,台積電統一96購08,0,0,0,0,0,0,0,0,0,30000,0,0,0,30000,0,30000,30000
054564,玉晶光群益99購01,0,0,0,0,0,0,0,0,0,30000,0,0,0,30000,0,30000,30000
054589,聯鈞國泰99購01  ,0,0,0,0,0,0,0,0,0,30000,0,0,0,30000,0,30000,30000
054627,義隆凱基98購01  ,0,0,0,0,0,0,0,0,0,30000,0,0,0,30000,0,30000,30000
059432,聯發科元大99購26,0,0,0,0,0,0,0,0,0,30000,0,0,0,30000,0,30000,30000
051087,國巨元大97購01  ,0,0,0,0,0,0,0,0,0,30000,0,0,0,30000,0,30000,30000
051133,台積電永豐95購02,0,0,0,0,0,0,0,0,0,30000,0,0,0,30000,0,30000,30000
051227,技嘉群益97購01  ,0,0,0,0,0,0,0,0,0,30000,0,0,0,30000,0,30000,30000
049406,T50反1日盛97購01,0,0,0,0,0,0,0,0,0,30000,0,0,0,30000,0,30000,30000
049129,S&P反1元大97購01,0,0,0,0,0,0,0,0,0,30000,0,0,0,30000,0,30000,30000
047854,滬深2X國票96購02,0,0,0,0,0,0,0,0,0,30000,0,0,0,40000,10000,30000,30000
051281,健策兆豐96購01  ,0,0,0,0,0,0,0,0,0,30000,0,0,0,30000,0,30000,30000
048010,嘉聯益富邦97購01,0,0,0,0,0,0,0,0,0,30000,0,0,0,30000,0,30000,30000
050896,華新科元大96購02,0,0,0,0,0,0,0,0,0,30000,0,0,0,30000,0,30000,30000
050921,旺宏凱基95購02  ,0,0,0,0,0,0,0,0,0,30000,0,0,0,30000,0,30000,30000
048794,易華電元大97購01,0,0,0,0,0,0,0,0,0,30000,0,0,0,30000,0,30000,30000
048866,滬深2X兆豐95購01,0,0,0,0,0,0,0,0,0,30000,0,0,0,30000,0,30000,30000
049630,臺股指群益94購03,0,0,0,0,0,0,0,0,0,30000,0,0,0,30000,0,30000,30000
049909,國巨元大95購01  ,0,0,0,0,0,0,0,0,0,30000,0,0,0,30000,0,30000,30000
049954,健策群益95購01  ,0,0,0,0,0,0,0,0,0,30000,0,0,0,30000,0,30000,30000
052341,泰鼎凱基96購02  ,0,0,0,0,0,0,0,0,0,30000,0,0,0,52000,22000,30000,30000
053834,卜蜂永豐96購01  ,0,0,0,0,0,0,0,0,0,30000,0,0,0,30000,0,30000,30000
05245P,台積電元大95售18,0,0,0,0,0,0,0,0,0,30000,0,0,0,30000,0,30000,30000
054047,富邦金元大97購01,0,0,0,0,0,0,0,0,0,30000,0,0,0,30000,0,30000,30000
052619,茂林國泰99購01  ,0,0,0,0,0,0,0,0,0,30000,0,0,0,30000,0,30000,30000
053870,正文元大96購01  ,0,0,0,0,0,0,0,0,0,30000,0,0,0,30000,0,30000,30000
050536,亞泥凱基95購01  ,0,0,0,0,0,0,0,0,0,30000,0,0,0,40000,10000,30000,30000
050035,聯茂元大94購07  ,0,0,0,0,0,0,0,0,0,30000,0,0,0,170000,140000,30000,30000
050236,旺宏凱基94購06  ,0,0,0,0,0,0,0,0,0,30000,0,0,0,30000,0,30000,30000
050312,大立光兆豐94購04,0,0,0,0,0,0,0,0,0,30000,0,0,0,30000,0,30000,30000
03418B,臺股指元大95熊20,0,0,0,0,0,0,0,0,0,30000,0,0,0,30000,0,30000,30000
047737,義隆麥證94購01  ,0,0,0,30000,0,30000,0,0,0,30000,0,0,0,30000,0,30000,30000
03050X,元展47          ,0,0,0,0,0,0,0,0,0,30000,0,0,0,50000,20000,30000,30000
046570,旺宏國泰94購01  ,0,0,0,0,0,0,0,0,0,30000,0,0,0,30000,0,30000,30000
07081P,南電群益9A售01  ,0,0,0,0,0,0,0,0,0,30000,0,0,0,30000,0,30000,30000
06952P,大立光統一9A售03,0,0,0,0,0,0,0,0,0,30000,0,0,0,30000,0,30000,30000
058614,台郡元大9A購01  ,0,0,0,0,0,0,0,0,0,29000,0,0,0,29000,0,29000,29000
058054,台積電統一9C購01,0,0,0,0,0,0,0,0,0,29000,0,0,0,30000,1000,29000,29000
059276,可成元大99購06  ,0,0,0,0,0,0,0,0,0,29000,0,0,0,77000,48000,29000,29000
056544,貿聯凱基98購03  ,0,0,0,0,0,0,0,0,0,29000,0,0,0,29000,0,29000,29000
056536,義隆凱基98購04  ,0,0,0,0,0,0,0,0,0,29000,0,0,0,54000,25000,29000,29000
050189,旭富元大94購01  ,0,0,0,0,0,0,0,0,0,29000,0,0,0,89000,60000,29000,29000
054129,技嘉元大96購02  ,0,0,0,0,0,0,0,0,0,29000,0,0,0,29000,0,29000,29000
054579,聯茂元大97購01  ,0,0,0,0,0,0,0,0,0,29000,0,0,0,53000,24000,29000,29000
054371,台積電中信9C購01,30000,0,30000,0,0,0,0,0,0,-1000,0,0,0,0,1000,-1000,29000
054462,旺宏凱基96購08  ,0,0,0,0,0,0,0,0,0,29000,0,0,0,29000,0,29000,29000
052087,鴻海元大96購09  ,0,0,0,0,0,0,0,0,0,29000,0,0,0,29000,0,29000,29000
055501,創意元大97購01  ,0,0,0,0,0,0,0,0,0,28000,0,0,0,68000,40000,28000,28000
058505,台積電元大99購08,0,0,0,0,0,0,0,0,0,28000,0,0,0,28000,0,28000,28000
058653,光寶科中信9A購01,0,0,0,0,0,0,0,0,0,28000,0,0,0,58000,30000,28000,28000
057158,義隆永豐99購01  ,0,0,0,0,0,0,0,0,0,28000,0,0,0,30000,2000,28000,28000
055409,元黃金富邦01購01,0,0,0,0,0,0,0,0,0,28000,0,0,0,28000,0,28000,28000
049864,聯發科兆豐94購01,0,0,0,0,0,0,0,0,0,28000,0,0,0,28000,0,28000,28000
035277,景碩台新97購01  ,0,0,0,0,0,0,0,0,0,28000,0,0,0,28000,0,28000,28000
00771,元大US高息特別股,0,0,0,0,0,0,0,0,0,28000,0,0,0,39000,11000,28000,28000
1727,中華化          ,30000,2000,28000,0,0,0,0,0,0,0,0,0,0,0,0,0,28000
5515,建國            ,29000,1000,28000,0,0,0,0,0,0,0,0,0,0,0,0,0,28000
2838,聯邦銀          ,522000,369000,153000,0,0,0,0,0,0,-125000,0,125000,-125000,0,0,0,28000
058397,大成鋼元大99購02,0,0,0,0,0,0,0,0,0,27000,0,0,0,27000,0,27000,27000
054972,聯茂元大97購02  ,0,0,0,0,0,0,0,0,0,27000,0,0,0,52000,25000,27000,27000
057744,健策永豐98購02  ,0,0,0,0,0,0,0,0,0,27000,0,0,0,27000,0,27000,27000
057796,鴻海兆豐99購03  ,0,0,0,0,0,0,0,0,0,27000,0,0,0,33000,6000,27000,27000
058111,健鼎元富98購01  ,0,0,0,0,0,0,0,0,0,27000,0,0,0,27000,0,27000,27000
056104,義隆永豐97購01  ,0,0,0,0,0,0,0,0,0,27000,0,0,0,36000,9000,27000,27000
055417,健策富邦98購02  ,0,0,0,0,0,0,0,0,0,27000,0,0,0,27000,0,27000,27000
053577,上証2X元大96購02,0,0,0,0,0,0,0,0,0,27000,0,0,0,27000,0,27000,27000
053153,大立光元大99購02,0,0,0,0,0,0,0,0,0,27000,0,0,0,27000,0,27000,27000
06392P,T50反1元大9A售01,0,0,0,0,0,0,0,0,0,27000,0,0,0,27000,0,27000,27000
058083,聯發科群益98購08,0,0,0,0,0,0,0,0,0,26000,0,0,0,26000,0,26000,26000
057270,遠東新元大98購01,0,0,0,0,0,0,0,0,0,26000,0,0,0,26000,0,26000,26000
056375,玉晶光統一01購01,0,0,0,0,0,0,0,0,0,26000,0,0,0,26000,0,26000,26000
055117,臻鼎凱基98購02  ,0,0,0,0,0,0,0,0,0,26000,0,0,0,26000,0,26000,26000
055118,嘉聯益凱基98購02,0,0,0,0,0,0,0,0,0,26000,0,0,0,26000,0,26000,26000
058323,泰鼎永豐9A購01  ,0,0,0,0,0,0,0,0,0,26000,0,0,0,26000,0,26000,26000
058638,矽力兆豐99購01  ,0,0,0,0,0,0,0,0,0,26000,0,0,0,26000,0,26000,26000
057160,佐登永豐98購02  ,0,0,0,0,0,0,0,0,0,26000,0,0,0,26000,0,26000,26000
055816,新日興國票98購01,0,0,0,0,0,0,0,0,0,26000,0,0,0,26000,0,26000,26000
051590,玉晶光元大96購02,0,0,0,0,0,0,0,0,0,26000,0,0,0,26000,0,26000,26000
054349,同欣電國票97購02,0,0,0,0,0,0,0,0,0,26000,0,0,0,26000,0,26000,26000
048785,台積電元大96購01,0,0,0,0,0,0,0,0,0,26000,0,0,0,26000,0,26000,26000
051095,貿聯元大95購03  ,0,0,0,0,0,0,0,0,0,26000,0,0,0,26000,0,26000,26000
1802,台玻            ,331000,226000,105000,0,0,0,0,0,0,-79000,0,79000,-79000,0,0,0,26000
05980P,台積電永昌96售09,0,0,0,0,0,0,0,0,0,26000,0,0,0,26000,0,26000,26000
055821,勤誠國票98購01  ,0,0,0,0,0,0,0,0,0,25000,0,0,0,25000,0,25000,25000
055192,世芯元富97購01  ,0,0,0,0,0,0,0,0,0,25000,0,0,0,25000,0,25000,25000
057171,台光電元大9B購01,0,0,0,0,0,0,0,0,0,25000,0,0,0,25000,0,25000,25000
059576,臺股指凱基99購42,0,0,0,0,0,0,0,0,0,25000,0,0,0,26000,1000,25000,25000
058405,訊連元大99購02  ,0,0,0,0,0,0,0,0,0,25000,0,0,0,25000,0,25000,25000
058457,創意永豐99購01  ,0,0,0,0,0,0,0,0,0,25000,0,0,0,25000,0,25000,25000
055153,台光電元大98購02,0,0,0,0,0,0,0,0,0,25000,0,0,0,25000,0,25000,25000
056417,欣興中信98購01  ,0,0,0,0,0,0,0,0,0,25000,0,0,0,25000,0,25000,25000
058982,台積電凱基99購08,0,0,0,0,0,0,0,0,0,25000,0,0,0,25000,0,25000,25000
058866,元油2X國票99購04,0,0,0,0,0,0,0,0,0,25000,0,0,0,25000,0,25000,25000
056701,國產國泰9A購01  ,0,0,0,0,0,0,0,0,0,25000,0,0,0,25000,0,25000,25000
056798,華新科麥證98購01,0,0,0,25000,0,25000,0,0,0,25000,0,0,0,25000,0,25000,25000
056737,國巨凱基9A購01  ,0,0,0,0,0,0,0,0,0,25000,0,0,0,25000,0,25000,25000
058487,晶技國票9A購01  ,0,0,0,0,0,0,0,0,0,25000,0,0,0,25000,0,25000,25000
058224,世芯統一9B購02  ,0,0,0,0,0,0,0,0,0,25000,0,0,0,25000,0,25000,25000
058106,神達統一98購02  ,0,0,0,0,0,0,0,0,0,25000,0,0,0,25000,0,25000,25000
056079,世紀鋼元大97購02,0,0,0,0,0,0,0,0,0,25000,0,0,0,46000,21000,25000,25000
056877,群創凱基99購04  ,0,0,0,0,0,0,0,0,0,25000,0,0,0,25000,0,25000,25000
05101P,大立光凱基95售11,0,0,0,0,0,0,0,0,0,25000,0,0,0,25000,0,25000,25000
049908,鴻海元大94購08  ,0,0,0,0,0,0,0,0,0,25000,0,0,0,25000,0,25000,25000
054081,聯電元富96購01  ,0,0,0,0,0,0,0,0,0,25000,0,0,0,45000,20000,25000,25000
052604,建準元大97購01  ,0,0,0,0,0,0,0,0,0,25000,0,0,0,55000,30000,25000,25000
052481,利勤群益95購01  ,0,0,0,0,0,0,0,0,0,25000,0,0,0,25000,0,25000,25000
00866,新光Shiller CAPE,0,0,0,0,0,0,0,0,0,25000,0,0,0,51000,26000,25000,25000
047046,台積電國票94購01,0,0,0,0,0,0,0,0,0,25000,0,0,0,25000,0,25000,25000
052903,致茂國票97購01  ,0,0,0,0,0,0,0,0,0,25000,0,0,0,25000,0,25000,25000
052867,晶技凱基96購01  ,0,0,0,0,0,0,0,0,0,25000,0,0,0,25000,0,25000,25000
053261,國巨群益96購05  ,0,0,0,0,0,0,0,0,0,25000,0,0,0,25000,0,25000,25000
051673,玉晶光元大96購04,0,0,0,0,0,0,0,0,0,25000,0,0,0,25000,0,25000,25000
051914,健策元大96購06  ,0,0,0,0,0,0,0,0,0,25000,0,0,0,25000,0,25000,25000
053573,臺股指統一99購01,0,0,0,0,0,0,0,0,0,25000,0,0,0,25000,0,25000,25000
055471,聯發科凱基97購04,0,0,0,0,0,0,0,0,0,25000,0,0,0,25000,0,25000,25000
055451,台積電元富97購02,0,0,0,0,0,0,0,0,0,25000,0,0,0,25000,0,25000,25000
055367,台積電元大97購23,0,0,0,0,0,0,0,0,0,25000,0,0,0,25000,0,25000,25000
059381,TPK亞東99購01   ,0,0,0,0,0,0,0,0,0,25000,0,0,0,30000,5000,25000,25000
4551,智伸科          ,80000,77000,3000,0,0,0,27000,0,27000,-5000,3000,10000,-7000,2000,0,2000,25000
5907,大洋-KY         ,42000,17000,25000,0,0,0,0,0,0,0,0,0,0,0,0,0,25000
057429,華新科兆豐98購03,0,0,0,0,0,0,0,0,0,24000,0,0,0,34000,10000,24000,24000
057679,臺股指元大98購09,0,0,0,0,0,0,0,0,0,24000,0,0,0,24000,0,24000,24000
058235,大立光元大99購08,0,0,0,0,0,0,0,0,0,24000,0,0,0,24000,0,24000,24000
059278,群創元大9A購04  ,0,0,0,0,0,0,0,0,0,24000,0,0,0,47000,23000,24000,24000
059360,全新永豐99購02  ,0,0,0,0,0,0,0,0,0,24000,0,0,0,24000,0,24000,24000
059489,上証2X國票9A購01,0,0,0,0,0,0,0,0,0,24000,0,0,0,30000,6000,24000,24000
051879,健策台新96購01  ,0,0,0,0,0,0,0,0,0,24000,0,0,0,24000,0,24000,24000
049497,茂林元大94購04  ,0,0,0,0,0,0,0,0,0,24000,0,0,0,34000,10000,24000,24000
050890,南電富邦99購01  ,0,0,0,0,0,0,0,0,0,24000,0,0,0,24000,0,24000,24000
6226,光鼎            ,104000,80000,24000,0,0,0,0,0,0,0,0,0,0,0,0,0,24000
3708,上緯投控        ,251000,227000,24000,0,0,0,0,0,0,0,0,2000,-2000,2000,0,2000,24000
3533,嘉澤            ,430000,414000,16000,0,0,0,196000,187000,9000,-1000,4000,2000,2000,0,3000,-3000,24000
1231,聯華食          ,78000,54000,24000,0,0,0,0,0,0,0,0,0,0,0,0,0,24000
057267,康控兆豐99購01  ,0,0,0,0,0,0,0,0,0,23000,0,0,0,23000,0,23000,23000
056895,技嘉元大98購01  ,0,0,0,0,0,0,0,0,0,23000,0,0,0,23000,0,23000,23000
058052,南電元大98購02  ,0,0,0,0,0,0,0,0,0,23000,0,0,0,25000,2000,23000,23000
057179,可成元大98購04  ,0,0,0,0,0,0,0,0,0,23000,0,0,0,23000,0,23000,23000
050979,鴻海元富96購02  ,0,0,0,0,0,0,0,0,0,23000,0,0,0,23000,0,23000,23000
04607P,A50中信94售01   ,0,0,0,0,0,0,0,0,0,23000,0,0,0,23000,0,23000,23000
052234,GIS凱基97購01   ,0,0,0,0,0,0,0,0,0,23000,0,0,0,67000,44000,23000,23000
053480,祥碩元大96購02  ,0,0,0,0,0,0,0,0,0,23000,0,0,0,26000,3000,23000,23000
1810,和成            ,48000,24000,24000,0,0,0,0,0,0,-1000,0,1000,-1000,0,0,0,23000
1503,士電            ,48000,15000,33000,0,0,0,0,0,0,-10000,0,10000,-10000,0,0,0,23000
055215,智邦凱基98購02  ,0,0,0,0,0,0,0,0,0,22000,0,0,0,22000,0,22000,22000
058359,瑞昱凱基99購01  ,0,0,0,0,0,0,0,0,0,22000,0,0,0,22000,0,22000,22000
059599,健策元大9B購02  ,0,0,0,0,0,0,0,0,0,22000,0,0,0,48000,26000,22000,22000
055027,牧德國泰99購01  ,0,0,0,0,0,0,0,0,0,22000,0,0,0,22000,0,22000,22000
058247,聯茂元大99購04  ,0,0,0,0,0,0,0,0,0,22000,0,0,0,70000,48000,22000,22000
058073,大立光凱基99購04,0,0,0,0,0,0,0,0,0,22000,0,0,0,22000,0,22000,22000
057556,智易凱基99購01  ,0,0,0,0,0,0,0,0,0,22000,0,0,0,22000,0,22000,22000
058211,國巨群益9A購02  ,0,0,0,0,0,0,0,0,0,22000,0,0,0,22000,0,22000,22000
056295,國巨元大97購16  ,0,0,0,0,0,0,0,0,0,22000,0,0,0,22000,0,22000,22000
056311,泰鼎元大98購01  ,0,0,0,0,0,0,0,0,0,22000,0,0,0,22000,0,22000,22000
055468,智邦凱基97購04  ,0,0,0,0,0,0,0,0,0,22000,0,0,0,22000,0,22000,22000
053056,同欣電國票97購01,0,0,0,0,0,0,0,0,0,22000,0,0,0,22000,0,22000,22000
00707R,元大S&P日圓反1  ,0,0,0,0,0,0,0,0,0,22000,0,0,0,23000,1000,22000,22000
04750P,臺股指元大94售26,0,0,0,0,0,0,0,0,0,22000,0,0,0,22000,0,22000,22000
04517P,宏達電群益95售01,0,0,0,0,0,0,0,0,0,22000,0,0,0,22000,0,22000,22000
052572,群創凱基99購01  ,0,0,0,0,0,0,0,0,0,22000,0,0,0,46000,24000,22000,22000
052625,南電亞東97購01  ,0,0,0,0,0,0,0,0,0,22000,0,0,0,72000,50000,22000,22000
07203P,T50正2凱基9C售02,0,0,0,0,0,0,0,0,0,22000,0,0,0,22000,0,22000,22000
06930P,台積電元大98售19,0,0,0,0,0,0,0,0,0,22000,0,0,0,22000,0,22000,22000
056412,上証2X中信9A購02,0,0,0,0,0,0,0,0,0,21000,0,0,0,21000,0,21000,21000
056659,泰碩元大99購01  ,0,0,0,0,0,0,0,0,0,21000,0,0,0,26000,5000,21000,21000
059334,A50正2國票9A購02,0,0,0,0,0,0,0,0,0,21000,0,0,0,30000,9000,21000,21000
059131,國巨群益99購07  ,0,0,0,0,0,0,0,0,0,21000,0,0,0,21000,0,21000,21000
059056,技嘉凱基99購02  ,0,0,0,0,0,0,0,0,0,21000,0,0,0,27000,6000,21000,21000
057641,旺宏元大98購10  ,0,0,0,0,0,0,0,0,0,21000,0,0,0,21000,0,21000,21000
058290,南電國票9A購01  ,0,0,0,0,0,0,0,0,0,21000,0,0,0,21000,0,21000,21000
058341,T50反1群益99購01,0,0,0,0,0,0,0,0,0,21000,0,0,0,21000,0,21000,21000
06284P,台積電國票98售03,0,0,0,0,0,0,0,0,0,21000,0,0,0,21000,0,21000,21000
055177,宏達電統一99購01,0,0,0,0,0,0,0,0,0,21000,0,0,0,21000,0,21000,21000
053969,瑞昱元大97購01  ,0,0,0,0,0,0,0,0,0,21000,0,0,0,21000,0,21000,21000
04808P,訊芯永豐94售02  ,0,0,0,0,0,0,0,0,0,21000,0,0,0,21000,0,21000,21000
050343,鴻海元富94購01  ,0,0,0,0,0,0,0,0,0,21000,0,0,0,21000,0,21000,21000
04197P,台積電亞東94售01,0,0,0,0,0,0,0,0,0,21000,0,0,0,21000,0,21000,21000
047184,漢唐元大94購02  ,0,0,0,0,0,0,0,0,0,21000,0,0,0,21000,0,21000,21000
047004,台積電統一99購01,0,0,0,0,0,0,0,0,0,21000,0,0,0,21000,0,21000,21000
03430B,臺股指元大9B熊01,0,0,0,0,0,0,0,0,0,21000,0,0,0,26000,5000,21000,21000
054558,劍麟群益99購01  ,0,0,0,0,0,0,0,0,0,21000,0,0,0,21000,0,21000,21000
054545,奇力新中信98購01,0,0,0,0,0,0,0,0,0,21000,0,0,0,21000,0,21000,21000
056632,鴻海永昌98購01  ,0,0,0,0,0,0,0,0,0,21000,0,0,0,21000,0,21000,21000
056594,台積電元富98購03,0,0,0,0,0,0,0,0,0,21000,0,0,0,21000,0,21000,21000
059459,訊芯永豐99購04  ,0,0,0,0,0,0,0,0,0,21000,0,0,0,25000,4000,21000,21000
052894,國巨群益96購03  ,0,0,0,0,0,0,0,0,0,21000,0,0,0,21000,0,21000,21000
052874,超眾凱基96購01  ,0,0,0,0,0,0,0,0,0,21000,0,0,0,21000,0,21000,21000
06898P,FBVIX群益9C售03 ,0,0,0,0,0,0,0,0,0,21000,0,0,0,21000,0,21000,21000
055322,欣興國票97購06  ,0,0,0,0,0,0,0,0,0,20000,0,0,0,20000,0,20000,20000
055335,健策兆豐98購01  ,0,0,0,0,0,0,0,0,0,20000,0,0,0,20000,0,20000,20000
055308,聯發科群益97購04,0,0,0,0,0,0,0,0,0,20000,0,0,0,20000,0,20000,20000
055297,啟碁元大97購01  ,0,0,0,0,0,0,0,0,0,20000,0,0,0,20000,0,20000,20000
05535P,台積電元大97售06,0,0,0,0,0,0,0,0,0,20000,0,0,0,20000,0,20000,20000
055861,矽力元大97購03  ,0,0,0,0,0,0,0,0,0,20000,0,0,0,20000,0,20000,20000
055862,矽力元大97購04  ,0,0,0,0,0,0,0,0,0,20000,0,0,0,20000,0,20000,20000
055905,可成兆豐97購03  ,0,0,0,0,0,0,0,0,0,20000,0,0,0,20000,0,20000,20000
057152,緯穎國票99購03  ,0,0,0,0,0,0,0,0,0,20000,0,0,0,20000,0,20000,20000
059618,台積電日盛99購01,0,0,0,0,0,0,0,0,0,20000,0,0,0,23000,3000,20000,20000
057227,台積電凱基98購15,0,0,0,0,0,0,0,0,0,20000,0,0,0,20000,0,20000,20000
059644,茂林凱基99購03  ,0,0,0,0,0,0,0,0,0,20000,0,0,0,20000,0,20000,20000
059706,嘉晶凱基99購01  ,0,0,0,0,0,0,0,0,0,20000,0,0,0,100000,80000,20000,20000
06295P,國巨元大97售14  ,0,0,0,0,0,0,0,0,0,20000,0,0,0,20000,0,20000,20000
06205P,台積電群益97售03,0,0,0,0,0,0,0,0,0,20000,0,0,0,20000,0,20000,20000
06089P,矽創永豐97售01  ,0,0,0,0,0,0,0,0,0,20000,0,0,0,20000,0,20000,20000
06506P,台郡國票99售02  ,0,0,0,0,0,0,0,0,0,20000,0,0,0,20000,0,20000,20000
058348,台表科群益99購01,0,0,0,0,0,0,0,0,0,20000,0,0,0,20000,0,20000,20000
059231,華通國票9A購04  ,0,0,0,0,0,0,0,0,0,20000,0,0,0,20000,0,20000,20000
055024,興勤國泰98購01  ,0,0,0,0,0,0,0,0,0,20000,0,0,0,20000,0,20000,20000
054964,智易元大99購01  ,0,0,0,0,0,0,0,0,0,20000,0,0,0,20000,0,20000,20000
055154,聯發科元大98購01,0,0,0,0,0,0,0,0,0,20000,0,0,0,20000,0,20000,20000
057054,立積元大98購03  ,0,0,0,0,0,0,0,0,0,20000,0,0,0,20000,0,20000,20000
057136,立積凱基98購02  ,0,0,0,0,0,0,0,0,0,20000,0,0,0,20000,0,20000,20000
057052,華擎元大98購01  ,0,0,0,0,0,0,0,0,0,20000,0,0,0,20000,0,20000,20000
055790,南電凱基97購01  ,0,0,0,0,0,0,0,0,0,20000,0,0,0,20000,0,20000,20000
055758,旺宏群益97購01  ,0,0,0,0,0,0,0,0,0,20000,0,0,0,20000,0,20000,20000
059182,台灣50台新9B購03,0,0,0,0,0,0,0,0,0,20000,0,0,0,20000,0,20000,20000
059176,臺股指凱基99購27,0,0,0,0,0,0,0,0,0,20000,0,0,0,20000,0,20000,20000
058438,大立光統一9B購01,0,0,0,0,0,0,0,0,0,20000,0,0,0,20000,0,20000,20000
058826,台積電永豐99購02,0,0,0,0,0,0,0,0,0,20000,0,0,0,20000,0,20000,20000
058829,華新科永豐99購04,0,0,0,0,0,0,0,0,0,20000,0,0,0,20000,0,20000,20000
058844,元油2X群益9C購03,0,0,0,0,0,0,0,0,0,20000,0,0,0,20000,0,20000,20000
058740,T50反1日盛9B購02,0,0,0,0,0,0,0,0,0,20000,0,0,0,20000,0,20000,20000
057643,聯發科元大99購03,0,0,0,0,0,0,0,0,0,20000,0,0,0,20000,0,20000,20000
057650,力成元大98購04  ,0,0,0,0,0,0,0,0,0,20000,0,0,0,20000,0,20000,20000
057555,玉晶光凱基9A購02,0,0,0,0,0,0,0,0,0,20000,0,0,0,20000,0,20000,20000
057575,世紀鋼永豐98購02,0,0,0,0,0,0,0,0,0,20000,0,0,0,20000,0,20000,20000
057592,美律兆豐99購01  ,0,0,0,0,0,0,0,0,0,20000,0,0,0,20000,0,20000,20000
057377,康控元大99購02  ,0,0,0,0,0,0,0,0,0,20000,0,0,0,31000,11000,20000,20000
057372,華新科元大99購10,0,0,0,0,0,0,0,0,0,20000,0,0,0,20000,0,20000,20000
057494,玉晶光元大99購09,0,0,0,0,0,0,0,0,0,20000,0,0,0,20000,0,20000,20000
057495,牧德元大99購04  ,0,0,0,0,0,0,0,0,0,20000,0,0,0,20000,0,20000,20000
058060,貿聯元富98購01  ,0,0,0,0,0,0,0,0,0,20000,0,0,0,20000,0,20000,20000
056993,GIS兆豐99購01   ,0,0,0,0,0,0,0,0,0,20000,0,0,0,30000,10000,20000,20000
058049,帆宣元大98購01  ,0,0,0,0,0,0,0,0,0,20000,0,0,0,20000,0,20000,20000
056979,微星群益98購01  ,0,0,0,0,0,0,0,0,0,20000,0,0,0,20000,0,20000,20000
058096,南電元大98購04  ,0,0,0,0,0,0,0,0,0,20000,0,0,0,20000,0,20000,20000
058097,台灣50國泰99購01,0,0,0,0,0,0,0,0,0,20000,0,0,0,20000,0,20000,20000
056936,禾伸堂元富98購01,0,0,0,0,0,0,0,0,0,20000,0,0,0,20000,0,20000,20000
056902,大立光元大98購12,0,0,0,0,0,0,0,0,0,20000,0,0,0,20000,0,20000,20000
056071,創意元大97購02  ,0,0,0,0,0,0,0,0,0,20000,0,0,0,20000,0,20000,20000
059123,訊芯永豐99購03  ,0,0,0,0,0,0,0,0,0,20000,0,0,0,20000,0,20000,20000
059125,台積電第一03購02,0,0,0,0,0,0,0,0,0,20000,0,0,0,20000,0,20000,20000
058226,世芯元富99購01  ,0,0,0,0,0,0,0,0,0,20000,0,0,0,20000,0,20000,20000
058158,台積電台新99購01,0,0,0,0,0,0,0,0,0,20000,0,0,0,20000,0,20000,20000
058151,台積電統一9A購04,0,0,0,0,0,0,0,0,0,20000,0,0,0,20000,0,20000,20000
057259,台積電兆豐98購03,0,0,0,0,0,0,0,0,0,20000,0,0,0,20000,0,20000,20000
057783,台積電國票9A購01,0,0,0,0,0,0,0,0,0,20000,0,0,0,20000,0,20000,20000
057787,TPK國票99購01   ,0,0,0,0,0,0,0,0,0,20000,0,0,0,20000,0,20000,20000
057788,嘉聯益國票99購01,0,0,0,0,0,0,0,0,0,20000,0,0,0,20000,0,20000,20000
05727P,新光金日盛96售02,0,0,0,0,0,0,0,0,0,20000,0,0,0,20000,0,20000,20000
057323,智邦群益98購01  ,0,0,0,0,0,0,0,0,0,20000,0,0,0,20000,0,20000,20000
055515,聚陽中信9A購01  ,0,0,0,0,0,0,0,0,0,20000,0,0,0,20000,0,20000,20000
055520,矽力中信97購02  ,0,0,0,0,0,0,0,0,0,20000,0,0,0,20000,0,20000,20000
056849,瀚宇博元富98購01,0,0,0,0,0,0,0,0,0,20000,0,0,0,20000,0,20000,20000
057938,台表科群益98購02,0,0,0,0,0,0,0,0,0,20000,0,0,0,20000,0,20000,20000
056676,國產元富98購01  ,0,0,0,0,0,0,0,0,0,20000,0,0,0,20000,0,20000,20000
056680,華通統一98購04  ,0,0,0,0,0,0,0,0,0,20000,0,0,0,20000,0,20000,20000
057895,全新元富9B購01  ,0,0,0,0,0,0,0,0,0,20000,0,0,0,20000,0,20000,20000
057885,台光電群益98購04,0,0,0,0,0,0,0,0,0,20000,0,0,0,20000,0,20000,20000
05782P,聯詠元富96售02  ,0,0,0,0,0,0,0,0,0,20000,0,0,0,20000,0,20000,20000
058921,聯發科元富03購01,0,0,0,0,0,0,0,0,0,20000,0,0,0,20000,0,20000,20000
056469,國巨元大99購01  ,0,0,0,0,0,0,0,0,0,20000,0,0,0,20000,0,20000,20000
056457,嘉澤凱基98購01  ,0,0,0,0,0,0,0,0,0,20000,0,0,0,20000,0,20000,20000
056507,創意永豐98購02  ,0,0,0,0,0,0,0,0,0,20000,0,0,0,20000,0,20000,20000
056540,聯詠凱基98購02  ,0,0,0,0,0,0,0,0,0,20000,0,0,0,20000,0,20000,20000
056353,鴻海元大99購02  ,0,0,0,0,0,0,0,0,0,20000,0,0,0,20000,0,20000,20000
056236,台積電群益97購06,0,0,0,0,0,0,0,0,0,20000,0,0,0,20000,0,20000,20000
056250,瑞昱兆豐97購02  ,0,0,0,0,0,0,0,0,0,20000,0,0,0,20000,0,20000,20000
056144,GIS元大98購01   ,0,0,0,0,0,0,0,0,0,20000,0,0,0,20000,0,20000,20000
058974,臺股指永豐99購03,0,0,0,0,0,0,0,0,0,20000,0,0,0,20000,0,20000,20000
054412,智邦元大96購03  ,0,0,0,0,0,0,0,0,0,20000,0,0,0,20000,0,20000,20000
052806,玉晶光元大98購04,0,0,0,0,0,0,0,0,0,20000,0,0,0,20000,0,20000,20000
054287,台積電元大97購11,0,0,0,0,0,0,0,0,0,20000,0,0,0,20000,0,20000,20000
054291,高鐵元大97購01  ,0,0,0,0,0,0,0,0,0,20000,0,0,0,20000,0,20000,20000
054174,宏達電台新97購01,0,0,0,0,0,0,0,0,0,20000,0,0,0,20000,0,20000,20000
053498,大立光兆豐96購03,0,0,0,0,0,0,0,0,0,20000,0,0,0,20000,0,20000,20000
053507,百和兆豐96購01  ,0,0,0,0,0,0,0,0,0,20000,0,0,0,20000,0,20000,20000
053344,嘉晶國票97購02  ,0,0,0,0,0,0,0,0,0,20000,0,0,0,20000,0,20000,20000
053270,台塑元大96購01  ,0,0,0,0,0,0,0,0,0,20000,0,0,0,20000,0,20000,20000
053250,百和國票97購02  ,0,0,0,0,0,0,0,0,0,20000,0,0,0,20000,0,20000,20000
053209,台積電凱基96購07,0,0,0,0,0,0,0,0,0,20000,0,0,0,20000,0,20000,20000
053219,祥碩凱基96購01  ,0,0,0,0,0,0,0,0,0,20000,0,0,0,20000,0,20000,20000
054451,上銀亞東98購01  ,0,0,0,0,0,0,0,0,0,20000,0,0,0,20000,0,20000,20000
054452,華通亞東96購01  ,0,0,0,0,0,0,0,0,0,20000,0,0,0,20000,0,20000,20000
053185,友達中信99購01  ,0,0,0,0,0,0,0,0,0,20000,0,0,0,20000,0,20000,20000
052207,台郡中信95購02  ,0,0,0,0,0,0,0,0,0,20000,0,0,0,20000,0,20000,20000
052042,台積電日盛95購02,0,0,0,0,0,0,0,0,0,20000,0,0,0,20000,0,20000,20000
052071,臺股指兆豐95購01,0,0,0,0,0,0,0,0,0,20000,0,0,0,20000,0,20000,20000
052739,國巨元大96購04  ,0,0,0,0,0,0,0,0,0,20000,0,0,0,20000,0,20000,20000
052691,GIS元大96購01   ,0,0,0,0,0,0,0,0,0,20000,0,0,0,20000,0,20000,20000
051382,玉晶光群益98購02,0,0,0,0,0,0,0,0,0,20000,0,0,0,20000,0,20000,20000
051755,台積電元大96購08,0,0,0,0,0,0,0,0,0,20000,0,0,0,20000,0,20000,20000
051946,健策統一98購01  ,0,0,0,0,0,0,0,0,0,20000,0,0,0,20000,0,20000,20000
051947,矽力統一95購01  ,0,0,0,0,0,0,0,0,0,20000,0,0,0,20000,0,20000,20000
05167P,百和元富95售03  ,0,0,0,0,0,0,0,0,0,20000,0,0,0,20000,0,20000,20000
051629,上証2X國票95購04,0,0,0,0,0,0,0,0,0,20000,0,0,0,20000,0,20000,20000
051701,華通群益97購01  ,0,0,0,0,0,0,0,0,0,20000,0,0,0,20000,0,20000,20000
051603,深中小群益99購03,0,0,0,0,0,0,0,0,0,20000,0,0,0,20000,0,20000,20000
051484,玉晶光凱基97購01,0,0,0,0,0,0,0,0,0,20000,0,0,0,20000,0,20000,20000
059467,旺宏元大99購15  ,0,0,0,0,0,0,0,0,0,20000,0,0,0,47000,27000,20000,20000
058851,大立光群益99購07,0,0,0,0,0,0,0,0,0,20000,0,0,0,20000,0,20000,20000
059427,國巨元大99購24  ,0,0,0,0,0,0,0,0,0,20000,0,0,0,20000,0,20000,20000
055486,國巨元大98購06  ,0,0,0,0,0,0,0,0,0,20000,0,0,0,20000,0,20000,20000
055450,台積電元富97購01,0,0,0,0,0,0,0,0,0,20000,0,0,0,20000,0,20000,20000
054573,漢唐元大98購01  ,0,0,0,0,0,0,0,0,0,20000,0,0,0,20000,0,20000,20000
054575,聯鈞元大97購01  ,0,0,0,0,0,0,0,0,0,20000,0,0,0,20000,0,20000,20000
054640,健策中信9B購01  ,0,0,0,0,0,0,0,0,0,20000,0,0,0,20000,0,20000,20000
054652,裕隆麥證97購01  ,0,0,0,20000,0,20000,0,0,0,20000,0,0,0,20000,0,20000,20000
054844,華邦電兆豐98購01,0,0,0,0,0,0,0,0,0,20000,0,0,0,20000,0,20000,20000
054847,創意兆豐97購01  ,0,0,0,0,0,0,0,0,0,20000,0,0,0,20000,0,20000,20000
054898,台肥康和97購01  ,0,0,0,0,0,0,0,0,0,20000,0,0,0,20000,0,20000,20000
054804,南亞元大9A購01  ,0,0,0,0,0,0,0,0,0,20000,0,0,0,30000,10000,20000,20000
054914,億光凱基98購01  ,0,0,0,0,0,0,0,0,0,20000,0,0,0,20000,0,20000,20000
054698,同欣電永豐97購01,0,0,0,0,0,0,0,0,0,20000,0,0,0,20000,0,20000,20000
053142,緯穎永豐96購01  ,0,0,0,0,0,0,0,0,0,20000,0,0,0,20000,0,20000,20000
053611,聯茂麥證96購01  ,0,0,0,20000,0,20000,0,0,0,20000,0,0,0,20000,0,20000,20000
053672,嘉澤元富96購02  ,0,0,0,0,0,0,0,0,0,20000,0,0,0,20000,0,20000,20000
053673,超眾元富96購03  ,0,0,0,0,0,0,0,0,0,20000,0,0,0,20000,0,20000,20000
053683,上証2X元大96購03,0,0,0,0,0,0,0,0,0,20000,0,0,0,20000,0,20000,20000
053637,強茂永豐96購01  ,0,0,0,0,0,0,0,0,0,20000,0,0,0,20000,0,20000,20000
047689,瑞昱富邦97購01  ,0,0,0,0,0,0,0,0,0,20000,0,0,0,20000,0,20000,20000
047547,友達凱基99購02  ,0,0,0,0,0,0,0,0,0,20000,0,0,0,20000,0,20000,20000
047197,美律統一94購01  ,0,0,0,0,0,0,0,0,0,20000,0,0,0,20000,0,20000,20000
04715P,聯茂元大94售06  ,0,0,0,0,0,0,0,0,0,20000,0,0,0,20000,0,20000,20000
047123,中石化中信95購01,0,0,0,0,0,0,0,0,0,20000,0,0,0,20000,0,20000,20000
0051,元大中型100     ,0,0,0,0,0,0,0,0,0,20000,0,0,0,25000,5000,20000,20000
042928,台積電中信95購01,0,0,0,0,0,0,0,0,0,20000,0,0,0,20000,0,20000,20000
044049,元金2X元大94購03,0,0,0,0,0,0,0,0,0,20000,0,0,0,20000,0,20000,20000
050245,大立光凱基94購12,0,0,0,0,0,0,0,0,0,20000,0,0,0,20000,0,20000,20000
045768,大立光元富95購02,0,0,0,0,0,0,0,0,0,20000,0,0,0,20000,0,20000,20000
048402,聯茂兆豐95購01  ,0,0,0,0,0,0,0,0,0,20000,0,0,0,30000,10000,20000,20000
050169,臺指反元大97購01,0,0,0,0,0,0,0,0,0,20000,0,0,0,60000,40000,20000,20000
050451,嘉晶元大95購01  ,0,0,0,0,0,0,0,0,0,20000,0,0,0,20000,0,20000,20000
050493,聯發科永昌96購01,0,0,0,0,0,0,0,0,0,20000,0,0,0,20000,0,20000,20000
050633,義隆群益96購02  ,0,0,0,0,0,0,0,0,0,20000,0,0,0,20000,0,20000,20000
048130,美利達元大96購01,0,0,0,0,0,0,0,0,0,20000,0,0,0,20000,0,20000,20000
048214,滬深2X凱基96購03,0,0,0,0,0,0,0,0,0,20000,0,0,0,20000,0,20000,20000
047895,台積電群益94購04,0,0,0,0,0,0,0,0,0,20000,0,0,0,20000,0,20000,20000
050817,可成凱基95購01  ,0,0,0,0,0,0,0,0,0,20000,0,0,0,20000,0,20000,20000
048606,聯發科日盛93購02,0,0,0,0,0,0,0,0,0,20000,0,0,0,20000,0,20000,20000
048263,台積電元富95購01,0,0,0,0,0,0,0,0,0,20000,0,0,0,20000,0,20000,20000
051237,鴻海元大97購01  ,0,0,0,0,0,0,0,0,0,20000,0,0,0,20000,0,20000,20000
048871,晶豪科國票94購01,0,0,0,0,0,0,0,0,0,20000,0,0,0,20000,0,20000,20000
049114,玉晶光統一94購02,0,0,0,0,0,0,0,0,0,20000,0,0,0,20000,0,20000,20000
049393,世紀鋼第一94購01,0,0,0,0,0,0,0,0,0,20000,0,0,0,20000,0,20000,20000
049310,台積電凱基94購15,0,0,0,0,0,0,0,0,0,20000,0,0,0,20000,0,20000,20000
049297,日電貿群益95購01,0,0,0,0,0,0,0,0,0,20000,0,0,0,20000,0,20000,20000
049270,台表科元大95購02,0,0,0,0,0,0,0,0,0,20000,0,0,0,40000,20000,20000,20000
054152,漢唐國泰98購02  ,0,0,0,0,0,0,0,0,0,20000,0,0,0,40000,20000,20000,20000
049659,旺宏台新95購01  ,0,0,0,0,0,0,0,0,0,20000,0,0,0,20000,0,20000,20000
049606,可成第一94購01  ,0,0,0,0,0,0,0,0,0,20000,0,0,0,20000,0,20000,20000
049719,義隆凱基94購03  ,0,0,0,0,0,0,0,0,0,20000,0,0,0,20000,0,20000,20000
049937,臺股指元大94購18,0,0,0,0,0,0,0,0,0,20000,0,0,0,20000,0,20000,20000
053787,健策元大97購02  ,0,0,0,0,0,0,0,0,0,20000,0,0,0,20000,0,20000,20000
052333,嘉聯益兆豐96購01,0,0,0,0,0,0,0,0,0,20000,0,0,0,20000,0,20000,20000
9917,中保科          ,89000,54000,35000,0,0,0,26000,0,26000,-41000,2000,43000,-41000,0,0,0,20000
058960,臺股指國票99購05,0,0,0,0,0,0,0,0,0,19000,0,0,0,19000,0,19000,19000
056546,致伸凱基98購01  ,0,0,0,0,0,0,0,0,0,19000,0,0,0,19000,0,19000,19000
056823,智伸科永豐98購01,0,0,0,0,0,0,0,0,0,19000,0,0,0,20000,1000,19000,19000
057508,康控國票99購03  ,0,0,0,0,0,0,0,0,0,19000,0,0,0,19000,0,19000,19000
058773,和碩兆豐99購01  ,0,0,0,0,0,0,0,0,0,19000,0,0,0,29000,10000,19000,19000
058698,華通元大99購05  ,0,0,0,0,0,0,0,0,0,19000,0,0,0,20000,1000,19000,19000
055136,聯發科富邦99購06,0,0,0,0,0,0,0,0,0,19000,0,0,0,19000,0,19000,19000
06454P,緯穎元大98售04  ,0,0,0,0,0,0,0,0,0,19000,0,0,0,21000,2000,19000,19000
052307,潤泰全國泰96購01,0,0,0,0,0,0,0,0,0,19000,0,0,0,59000,40000,19000,19000
048748,國巨元富96購01  ,0,0,0,0,0,0,0,0,0,19000,0,0,0,19000,0,19000,19000
054628,可成凱基98購01  ,0,0,0,0,0,0,0,0,0,19000,0,0,0,19000,0,19000,19000
054565,玉晶光群益99購02,0,0,0,0,0,0,0,0,0,19000,0,0,0,19000,0,19000,19000
059378,台光電群益9B購01,0,0,0,0,0,0,0,0,0,19000,0,0,0,19000,0,19000,19000
051969,世紀鋼永豐95購01,0,0,0,0,0,0,0,0,0,19000,0,0,0,19000,0,19000,19000
053223,台郡凱基96購02  ,0,0,0,0,0,0,0,0,0,19000,0,0,0,26000,7000,19000,19000
05331P,上証2X國票96售01,0,0,0,0,0,0,0,0,0,19000,0,0,0,20000,1000,19000,19000
053353,玉晶光兆豐97購03,0,0,0,0,0,0,0,0,0,19000,0,0,0,19000,0,19000,19000
053500,新日興兆豐97購01,0,0,0,0,0,0,0,0,0,19000,0,0,0,100000,81000,19000,19000
054404,新日興康和96購01,0,0,0,0,0,0,0,0,0,19000,0,0,0,19000,0,19000,19000
6698,旭暉應材        ,26000,10000,16000,0,0,0,0,0,0,3000,3000,0,3000,0,0,0,19000
3022,威強電          ,68000,49000,19000,0,0,0,0,0,0,0,0,0,0,0,0,0,19000
06434P,超眾群益98售02  ,0,0,0,0,0,0,0,0,0,18000,0,0,0,18000,0,18000,18000
06653P,美食元大98售02  ,0,0,0,0,0,0,0,0,0,18000,0,0,0,18000,0,18000,18000
059643,日月光凱基99購02,0,0,0,0,0,0,0,0,0,18000,0,0,0,20000,2000,18000,18000
05512P,華新科台新97售01,0,0,0,0,0,0,0,0,0,18000,0,0,0,28000,10000,18000,18000
058768,南港兆豐99購01  ,0,0,0,0,0,0,0,0,0,18000,0,0,0,28000,10000,18000,18000
057956,全新元大99購04  ,0,0,0,0,0,0,0,0,0,18000,0,0,0,45000,27000,18000,18000
056357,台積電元大9A購01,0,0,0,0,0,0,0,0,0,18000,0,0,0,18000,0,18000,18000
051540,力成國票95購01  ,0,0,0,0,0,0,0,0,0,18000,0,0,0,23000,5000,18000,18000
059392,臺股指凱基99購38,0,0,0,0,0,0,0,0,0,18000,0,0,0,20000,2000,18000,18000
059476,道瓊指群益9C購01,0,0,0,0,0,0,0,0,0,18000,0,0,0,18000,0,18000,18000
054667,神基元富97購01  ,0,0,0,0,0,0,0,0,0,18000,0,0,0,18000,0,18000,18000
05467P,聯電元大95售02  ,0,0,0,0,0,0,0,0,0,18000,0,0,0,28000,10000,18000,18000
049221,健策國票95購02  ,0,0,0,0,0,0,0,0,0,18000,0,0,0,18000,0,18000,18000
054082,楠梓電元富96購01,0,0,0,0,0,0,0,0,0,18000,0,0,0,18000,0,18000,18000
05396P,台郡元大95售05  ,0,0,0,0,0,0,0,0,0,18000,0,0,0,19000,1000,18000,18000
052607,大立光元大96購03,0,0,0,0,0,0,0,0,0,18000,0,0,0,18000,0,18000,18000
050687,上銀日盛94購01  ,0,0,0,0,0,0,0,0,0,18000,0,0,0,18000,0,18000,18000
044530,台積電富邦94購01,0,0,0,0,0,0,0,0,0,18000,0,0,0,18000,0,18000,18000
036630,玉山金台新99購01,0,0,0,0,0,0,0,0,0,18000,0,0,0,18000,0,18000,18000
047245,聯發科群益94購03,0,0,0,0,0,0,0,0,0,18000,0,0,0,18000,0,18000,18000
047383,鴻海元大95購01  ,0,0,0,0,0,0,0,0,0,18000,0,0,0,18000,0,18000,18000
4722,國精化          ,18000,0,18000,0,0,0,0,0,0,0,0,0,0,0,0,0,18000
4912,聯德控股-KY     ,25000,7000,18000,0,0,0,0,0,0,0,0,0,0,0,0,0,18000
06934P,聯鈞元大98售03  ,0,0,0,0,0,0,0,0,0,18000,0,0,0,25000,7000,18000,18000
9945,潤泰新          ,1098000,1078786,19214,0,0,0,0,0,0,-2000,10000,10000,0,0,2000,-2000,17214
059299,欣興元富99購03  ,0,0,0,0,0,0,0,0,0,17000,0,0,0,17000,0,17000,17000
055565,祥碩凱基97購01  ,0,0,0,0,0,0,0,0,0,17000,0,0,0,17000,0,17000,17000
057298,旭富永豐98購01  ,0,0,0,0,0,0,0,0,0,17000,0,0,0,17000,0,17000,17000
059272,台灣50元大99購01,0,0,0,0,0,0,0,0,0,17000,0,0,0,20000,3000,17000,17000
055763,鎧勝群益97購01  ,0,0,0,0,0,0,0,0,0,17000,0,0,0,22000,5000,17000,17000
057028,台郡凱基99購02  ,0,0,0,0,0,0,0,0,0,17000,0,0,0,17000,0,17000,17000
057224,和碩日盛9A購01  ,0,0,0,0,0,0,0,0,0,17000,0,0,0,17000,0,17000,17000
059615,台灣50群益99購05,0,0,0,0,0,0,0,0,0,17000,0,0,0,17000,0,17000,17000
046384,群創凱基98購02  ,0,0,0,0,0,0,0,0,0,17000,0,0,0,45000,28000,17000,17000
03094X,大立光元大68展08,0,0,0,0,0,0,0,0,0,17000,0,0,0,17000,0,17000,17000
04592P,台積電元大94售10,0,0,0,0,0,0,0,0,0,17000,0,0,0,17000,0,17000,17000
050460,GIS元大95購03   ,0,0,0,0,0,0,0,0,0,17000,0,0,0,17000,0,17000,17000
05013P,台積電元大96售05,0,0,0,0,0,0,0,0,0,17000,0,0,0,17000,0,17000,17000
049591,開發金元大98購01,0,0,0,0,0,0,0,0,0,17000,0,0,0,17000,0,17000,17000
049030,凌華群益94購01  ,0,0,0,0,0,0,0,0,0,17000,0,0,0,23000,6000,17000,17000
053706,S&P反1凱基99購01,0,0,0,0,0,0,0,0,0,17000,0,0,0,17000,0,17000,17000
055369,友訊元大97購01  ,0,0,0,0,0,0,0,0,0,17000,0,0,0,17000,0,17000,17000
051672,玉晶光元大96購03,0,0,0,0,0,0,0,0,0,17000,0,0,0,17000,0,17000,17000
051746,玉晶光國泰97購07,0,0,0,0,0,0,0,0,0,17000,0,0,0,17000,0,17000,17000
1103,嘉泥            ,708000,554000,154000,0,0,0,0,1000,-1000,-136000,0,136000,-136000,0,0,0,17000
4164,承業醫          ,61000,44000,17000,0,0,0,0,0,0,0,2000,2000,0,0,0,0,17000
2471,資通            ,25000,8000,17000,0,0,0,0,0,0,0,0,0,0,0,0,0,17000
059642,健策凱基99購04  ,0,0,0,0,0,0,0,0,0,16000,0,0,0,40000,24000,16000,16000
06490P,鴻海富邦99售02  ,0,0,0,0,0,0,0,0,0,16000,0,0,0,16000,0,16000,16000
059255,臺股指凱基99購33,0,0,0,0,0,0,0,0,0,16000,0,0,0,21000,5000,16000,16000
058720,旭富元富99購01  ,0,0,0,0,0,0,0,0,0,16000,0,0,0,16000,0,16000,16000
058210,臺股指凱基9C購04,0,0,0,0,0,0,0,0,0,16000,0,0,0,16000,0,16000,16000
059084,鴻海元大99購24  ,0,0,0,0,0,0,0,0,0,16000,0,0,0,16000,0,16000,16000
057676,臺股指元大98購06,0,0,0,0,0,0,0,0,0,16000,0,0,0,16000,0,16000,16000
056894,佳世達元大99購01,0,0,0,0,0,0,0,0,0,16000,0,0,0,26000,10000,16000,16000
056399,上証2X群益9C購01,0,0,0,0,0,0,0,0,0,16000,0,0,0,16000,0,16000,16000
051598,瑞昱兆豐95購01  ,0,0,0,0,0,0,0,0,0,16000,0,0,0,26000,10000,16000,16000
052167,亞泥元大96購01  ,0,0,0,0,0,0,0,0,0,16000,0,0,0,16000,0,16000,16000
054178,中磊台新97購01  ,0,0,0,0,0,0,0,0,0,16000,0,0,0,16000,0,16000,16000
055474,欣興凱基97購05  ,0,0,0,0,0,0,0,0,0,16000,0,0,0,16000,0,16000,16000
053050,華通國票97購02  ,0,0,0,0,0,0,0,0,0,16000,0,0,0,80000,64000,16000,16000
054576,健策元大98購03  ,0,0,0,0,0,0,0,0,0,16000,0,0,0,30000,14000,16000,16000
05116P,台積電群益95售03,0,0,0,0,0,0,0,0,0,16000,0,0,0,46000,30000,16000,16000
04496P,國巨國泰96售02  ,0,0,0,0,0,0,0,0,0,16000,0,0,0,16000,0,16000,16000
03009X,元展09          ,0,0,0,0,0,0,0,0,0,16000,0,0,0,16000,0,16000,16000
2527,宏璟            ,31000,11000,20000,0,0,0,0,0,0,-4000,0,4000,-4000,0,0,0,16000
2908,特力            ,20000,4000,16000,0,0,0,0,0,0,0,0,0,0,0,0,0,16000
3504,揚明光          ,41000,24000,17000,0,0,0,0,0,0,-1000,0,1000,-1000,0,0,0,16000
07260P,台灣50元大9A售01,0,0,0,0,0,0,0,0,0,16000,0,0,0,159000,143000,16000,16000
056565,欣興群益98購03  ,0,0,0,0,0,0,0,0,0,15000,0,0,0,15000,0,15000,15000
055979,聯鈞統一97購03  ,0,0,0,0,0,0,0,0,0,15000,0,0,0,15000,0,15000,15000
056312,茂林元大98購01  ,0,0,0,0,0,0,0,0,0,15000,0,0,0,15000,0,15000,15000
056724,臻鼎中信9A購01  ,0,0,0,0,0,0,0,0,0,15000,0,0,0,15000,0,15000,15000
056812,泰鼎統一98購01  ,0,0,0,0,0,0,0,0,0,15000,0,0,0,15000,0,15000,15000
058917,SGBR2X元富99購03,0,0,0,0,0,0,0,0,0,15000,0,0,0,15000,0,15000,15000
056966,嘉晶永豐98購01  ,0,0,0,0,0,0,0,0,0,15000,0,0,0,15000,0,15000,15000
056976,喬山群益98購01  ,0,0,0,0,0,0,0,0,0,15000,0,0,0,15000,0,15000,15000
057582,亞光中信9A購02  ,0,0,0,0,0,0,0,0,0,15000,0,0,0,15000,0,15000,15000
059101,康控統一9A購01  ,0,0,0,0,0,0,0,0,0,15000,0,0,0,25000,10000,15000,15000
055620,樺漢國票98購01  ,0,0,0,0,0,0,0,0,0,15000,0,0,0,15000,0,15000,15000
055525,國巨群益98購05  ,0,0,0,0,0,0,0,0,0,15000,0,0,0,15000,0,15000,15000
057257,台泥兆豐99購01  ,0,0,0,0,0,0,0,0,0,15000,0,0,0,15000,0,15000,15000
058661,臺股指中信9C購01,0,0,0,0,0,0,0,0,0,15000,0,0,0,15000,0,15000,15000
058619,台灣50國票99購04,0,0,0,0,0,0,0,0,0,15000,0,0,0,15000,0,15000,15000
058533,玉晶光元富99購01,0,0,0,0,0,0,0,0,0,15000,0,0,0,15000,0,15000,15000
058553,合勤控永豐99購01,0,0,0,0,0,0,0,0,0,15000,0,0,0,15000,0,15000,15000
058423,臺股指麥證99購01,0,0,0,0,0,0,0,0,0,15000,0,0,0,15000,0,15000,15000
055023,億光國泰98購01  ,0,0,0,0,0,0,0,0,0,15000,0,0,0,15000,0,15000,15000
055070,聯茂永豐97購01  ,0,0,0,0,0,0,0,0,0,15000,0,0,0,40000,25000,15000,15000
055090,國巨群益97購03  ,0,0,0,0,0,0,0,0,0,15000,0,0,0,15000,0,15000,15000
055754,和大兆豐97購01  ,0,0,0,0,0,0,0,0,0,15000,0,0,0,15000,0,15000,15000
055718,可成元大97購02  ,0,0,0,0,0,0,0,0,0,15000,0,0,0,25000,10000,15000,15000
057113,祥碩群益98購01  ,0,0,0,0,0,0,0,0,0,15000,0,0,0,15000,0,15000,15000
057056,立積元大99購02  ,0,0,0,0,0,0,0,0,0,15000,0,0,0,20000,5000,15000,15000
058271,訊連永豐99購01  ,0,0,0,0,0,0,0,0,0,15000,0,0,0,15000,0,15000,15000
06223P,漢唐元富97售02  ,0,0,0,0,0,0,0,0,0,15000,0,0,0,15000,0,15000,15000
059587,華通元大9A購01  ,0,0,0,0,0,0,0,0,0,15000,0,0,0,25000,10000,15000,15000
06742P,可成富邦99售02  ,0,0,0,0,0,0,0,0,0,15000,0,0,0,15000,0,15000,15000
059766,同欣電永豐99購03,0,0,0,0,0,0,0,0,0,15000,0,0,0,30000,15000,15000,15000
055888,鴻海統一97購04  ,0,0,0,0,0,0,0,0,0,15000,0,0,0,15000,0,15000,15000
055856,新唐元大97購03  ,0,0,0,0,0,0,0,0,0,15000,0,0,0,70000,55000,15000,15000
00685L,群益臺灣加權正2 ,0,0,0,0,0,0,0,0,0,15000,0,0,0,40000,25000,15000,15000
046645,技嘉國泰94購01  ,0,0,0,0,0,0,0,0,0,15000,0,0,0,15000,0,15000,15000
046797,T50反1元大96購01,0,0,0,0,0,0,0,0,0,15000,0,0,0,15000,0,15000,15000
046937,聯電元大99購01  ,0,0,0,0,0,0,0,0,0,15000,0,0,0,39000,24000,15000,15000
051155,聯發科國泰96購01,0,0,0,0,0,0,0,0,0,15000,0,0,0,15000,0,15000,15000
048269,瀚宇博國泰95購01,0,0,0,0,0,0,0,0,0,15000,0,0,0,15000,0,15000,15000
048733,台勝科麥證95購02,0,0,0,15000,0,15000,0,0,0,15000,0,0,0,15000,0,15000,15000
048102,矽力凱基94購01  ,0,0,0,0,0,0,0,0,0,15000,0,0,0,15000,0,15000,15000
048016,啟碁國票94購01  ,0,0,0,0,0,0,0,0,0,15000,0,0,0,15000,0,15000,15000
049585,旺宏元大95購02  ,0,0,0,0,0,0,0,0,0,15000,0,0,0,15000,0,15000,15000
049544,台積電群益94購08,0,0,0,0,0,0,0,0,0,15000,0,0,0,15000,0,15000,15000
049890,嘉澤國泰95購01  ,0,0,0,0,0,0,0,0,0,15000,0,0,0,15000,0,15000,15000
049814,超眾元大95購04  ,0,0,0,0,0,0,0,0,0,15000,0,0,0,15000,0,15000,15000
052418,玉晶光兆豐96購01,0,0,0,0,0,0,0,0,0,15000,0,0,0,15000,0,15000,15000
052530,台郡元大96購04  ,0,0,0,0,0,0,0,0,0,15000,0,0,0,15000,0,15000,15000
052464,大立光統一95購05,0,0,0,0,0,0,0,0,0,15000,0,0,0,15000,0,15000,15000
054130,漢唐元大97購02  ,0,0,0,0,0,0,0,0,0,15000,0,0,0,15000,0,15000,15000
054678,麗豐台新98購02  ,0,0,0,0,0,0,0,0,0,15000,0,0,0,15000,0,15000,15000
054817,聯發科元大97購13,0,0,0,0,0,0,0,0,0,15000,0,0,0,15000,0,15000,15000
054789,高鐵群益98購01  ,0,0,0,0,0,0,0,0,0,15000,0,0,0,15000,0,15000,15000
054752,易華電凱基97購02,0,0,0,0,0,0,0,0,0,15000,0,0,0,15000,0,15000,15000
052990,超眾元大97購01  ,0,0,0,0,0,0,0,0,0,15000,0,0,0,18000,3000,15000,15000
053741,漢唐國票97購03  ,0,0,0,0,0,0,0,0,0,15000,0,0,0,15000,0,15000,15000
056637,台光電日盛9A購01,0,0,0,0,0,0,0,0,0,15000,0,0,0,15000,0,15000,15000
059479,國巨群益99購10  ,0,0,0,0,0,0,0,0,0,15000,0,0,0,15000,0,15000,15000
059512,晶豪科永豐99購02,0,0,0,0,0,0,0,0,0,15000,0,0,0,20000,5000,15000,15000
059386,上銀凱基99購07  ,0,0,0,0,0,0,0,0,0,15000,0,0,0,194000,179000,15000,15000
052690,台表科元大97購01,0,0,0,0,0,0,0,0,0,15000,0,0,0,15000,0,15000,15000
054263,聯茂元大96購02  ,0,0,0,0,0,0,0,0,0,15000,0,0,0,30000,15000,15000,15000
054272,華通中信98購01  ,0,0,0,0,0,0,0,0,0,15000,0,0,0,15000,0,15000,15000
054381,世芯群益98購01  ,0,0,0,0,0,0,0,0,0,15000,0,0,0,15000,0,15000,15000
053477,大立光元大97購03,0,0,0,0,0,0,0,0,0,15000,0,0,0,15000,0,15000,15000
053169,貿聯群益97購01  ,0,0,0,0,0,0,0,0,0,15000,0,0,0,15000,0,15000,15000
053174,同欣電群益98購02,0,0,0,0,0,0,0,0,0,15000,0,0,0,15000,0,15000,15000
054444,緯穎台新97購01  ,0,0,0,0,0,0,0,0,0,15000,0,0,0,20000,5000,15000,15000
052215,樺漢元大96購02  ,0,0,0,0,0,0,0,0,0,15000,0,0,0,15000,0,15000,15000
052054,台表科凱基96購01,0,0,0,0,0,0,0,0,0,15000,0,0,0,15000,0,15000,15000
052107,台積電統一95購06,0,0,0,0,0,0,0,0,0,15000,0,0,0,15000,0,15000,15000
051406,泰鼎永豐96購01  ,0,0,0,0,0,0,0,0,0,15000,0,0,0,15000,0,15000,15000
051988,台光電元大95購01,0,0,0,0,0,0,0,0,0,15000,0,0,0,15000,0,15000,15000
07215P,大立光凱基99售07,0,0,0,0,0,0,0,0,0,15000,0,0,0,15000,0,15000,15000
07115P,T50反1日盛9C售02,0,0,0,0,0,0,0,0,0,15000,0,0,0,15000,0,15000,15000
1442,名軒            ,33000,16000,17000,0,0,0,0,1000,-1000,-1000,0,1000,-1000,0,0,0,15000
4155,訊映            ,95000,80000,15000,0,0,0,0,0,0,0,0,0,0,0,0,0,15000
2495,普安            ,52000,39000,13000,0,0,0,0,0,0,2000,2000,0,2000,0,0,0,15000
057190,立積元大9A購02  ,0,0,0,0,0,0,0,0,0,14000,0,0,0,15000,1000,14000,14000
057173,南亞科元大98購04,0,0,0,0,0,0,0,0,0,14000,0,0,0,15000,1000,14000,14000
057123,上銀凱基98購05  ,0,0,0,0,0,0,0,0,0,14000,0,0,0,63000,49000,14000,14000
055639,上銀元富97購02  ,0,0,0,0,0,0,0,0,0,14000,0,0,0,14000,0,14000,14000
059250,大立光凱基99購06,0,0,0,0,0,0,0,0,0,14000,0,0,0,23000,9000,14000,14000
058846,鴻海群益99購03  ,0,0,0,0,0,0,0,0,0,14000,0,0,0,14000,0,14000,14000
056074,茂林元大97購04  ,0,0,0,0,0,0,0,0,0,14000,0,0,0,14000,0,14000,14000
056669,貿聯國票99購01  ,0,0,0,0,0,0,0,0,0,14000,0,0,0,14000,0,14000,14000
051927,國巨中信96購01  ,0,0,0,0,0,0,0,0,0,14000,0,0,0,14000,0,14000,14000
052775,滬深2X國票99購02,0,0,0,0,0,0,0,0,0,14000,0,0,0,47000,33000,14000,14000
052124,京鼎國票95購01  ,0,0,0,0,0,0,0,0,0,14000,0,0,0,14000,0,14000,14000
059520,台表科永豐99購02,0,0,0,0,0,0,0,0,0,14000,0,0,0,17000,3000,14000,14000
059562,上銀凱基99購09  ,0,0,0,0,0,0,0,0,0,14000,0,0,0,28000,14000,14000,14000
053707,A50正2凱基99購02,0,0,0,0,0,0,0,0,0,14000,0,0,0,14000,0,14000,14000
049212,T50反1國票94購04,0,0,0,0,0,0,0,0,0,14000,0,0,0,14000,0,14000,14000
049434,茂林國票95購01  ,0,0,0,0,0,0,0,0,0,14000,0,0,0,14000,0,14000,14000
047521,台積電元大94購03,0,0,0,0,0,0,0,0,0,14000,0,0,0,14000,0,14000,14000
03676C,臺股指元大04牛03,0,0,0,0,0,0,0,0,0,14000,0,0,0,35000,21000,14000,14000
05017P,臺股指元大95售08,0,0,0,0,0,0,0,0,0,14000,0,0,0,15000,1000,14000,14000
050411,聯發科永豐94購05,0,0,0,0,0,0,0,0,0,14000,0,0,0,14000,0,14000,14000
2939,凱羿-KY         ,36000,22000,14000,0,0,0,0,0,0,0,0,0,0,0,0,0,14000
3588,通嘉            ,49000,35000,14000,0,0,0,0,0,0,0,0,0,0,0,0,0,14000
1568,倉佑            ,21000,7000,14000,0,0,0,0,0,0,0,0,0,0,0,0,0,14000
059291,華新科元富9B購01,0,0,0,0,0,0,0,0,0,13000,0,0,0,13000,0,13000,13000
056296,旺宏元大97購07  ,0,0,0,0,0,0,0,0,0,13000,0,0,0,13000,0,13000,13000
056309,合勤控元大97購01,0,0,0,0,0,0,0,0,0,13000,0,0,0,13000,0,13000,13000
058988,大立光凱基9A購02,0,0,0,0,0,0,0,0,0,13000,0,0,0,13000,0,13000,13000
056495,泰鼎國泰99購01  ,0,0,0,0,0,0,0,0,0,13000,0,0,0,13000,0,13000,13000
058099,鴻海國泰9A購02  ,0,0,0,0,0,0,0,0,0,13000,0,0,0,835000,822000,13000,13000
057487,聯發科元大98購10,0,0,0,0,0,0,0,0,0,13000,0,0,0,13000,0,13000,13000
058831,茂林永豐99購01  ,0,0,0,0,0,0,0,0,0,13000,0,0,0,14000,1000,13000,13000
058528,世紀鋼元大99購02,0,0,0,0,0,0,0,0,0,13000,0,0,0,13000,0,13000,13000
059219,旺宏元大99購12  ,0,0,0,0,0,0,0,0,0,13000,0,0,0,18000,5000,13000,13000
057200,技嘉元富98購01  ,0,0,0,0,0,0,0,0,0,13000,0,0,0,13000,0,13000,13000
055275,台積電元大97購19,0,0,0,0,0,0,0,0,0,13000,0,0,0,13000,0,13000,13000
055218,彩晶凱基99購01  ,0,0,0,0,0,0,0,0,0,13000,0,0,0,13000,0,13000,13000
052588,玉晶光永豐98購01,0,0,0,0,0,0,0,0,0,13000,0,0,0,13000,0,13000,13000
049856,緯穎群益94購02  ,0,0,0,0,0,0,0,0,0,13000,0,0,0,13000,0,13000,13000
059364,昇陽半永豐99購02,0,0,0,0,0,0,0,0,0,13000,0,0,0,13000,0,13000,13000
059384,上証2X凱基9B購01,0,0,0,0,0,0,0,0,0,13000,0,0,0,13000,0,13000,13000
052693,微星中信96購01  ,0,0,0,0,0,0,0,0,0,13000,0,0,0,13000,0,13000,13000
051682,元黃金凱基97購01,0,0,0,0,0,0,0,0,0,13000,0,0,0,13000,0,13000,13000
053175,矽力群益96購01  ,0,0,0,0,0,0,0,0,0,13000,0,0,0,43000,30000,13000,13000
054213,欣興國票97購04  ,0,0,0,0,0,0,0,0,0,13000,0,0,0,13000,0,13000,13000
9905,大華            ,15000,2000,13000,0,0,0,0,0,0,0,0,0,0,0,0,0,13000
057172,南亞科元大98購03,0,0,0,0,0,0,0,0,0,12000,0,0,0,22000,10000,12000,12000
057146,技嘉國票98購01  ,0,0,0,0,0,0,0,0,0,12000,0,0,0,12000,0,12000,12000
059621,T50正2凱基9C購04,0,0,0,0,0,0,0,0,0,12000,0,0,0,30000,18000,12000,12000
059574,台表科凱基99購02,0,0,0,0,0,0,0,0,0,12000,0,0,0,134000,122000,12000,12000
059204,台灣50元大01購02,0,0,0,0,0,0,0,0,0,12000,0,0,0,135000,123000,12000,12000
055099,可成日盛97購01  ,0,0,0,0,0,0,0,0,0,12000,0,0,0,21000,9000,12000,12000
055791,臺股指凱基97購14,0,0,0,0,0,0,0,0,0,12000,0,0,0,12000,0,12000,12000
058266,宏達電永豐99購01,0,0,0,0,0,0,0,0,0,12000,0,0,0,12000,0,12000,12000
058630,日月光國票9A購01,0,0,0,0,0,0,0,0,0,12000,0,0,0,12000,0,12000,12000
058594,台灣50元富9B購03,0,0,0,0,0,0,0,0,0,12000,0,0,0,12000,0,12000,12000
058798,大立光元大99購11,0,0,0,0,0,0,0,0,0,12000,0,0,0,218000,206000,12000,12000
055638,上銀元富97購01  ,0,0,0,0,0,0,0,0,0,12000,0,0,0,12000,0,12000,12000
057420,美食凱基98購01  ,0,0,0,0,0,0,0,0,0,12000,0,0,0,60000,48000,12000,12000
058139,臻鼎元大99購01  ,0,0,0,0,0,0,0,0,0,12000,0,0,0,13000,1000,12000,12000
057782,台積電國票99購07,0,0,0,0,0,0,0,0,0,12000,0,0,0,12000,0,12000,12000
057725,台達電國泰9A購01,0,0,0,0,0,0,0,0,0,12000,0,0,0,22000,10000,12000,12000
055590,聯發科元大98購02,0,0,0,0,0,0,0,0,0,12000,0,0,0,12000,0,12000,12000
059319,台光電元大99購04,0,0,0,0,0,0,0,0,0,12000,0,0,0,56000,44000,12000,12000
056709,華通永豐98購01  ,0,0,0,0,0,0,0,0,0,12000,0,0,0,12000,0,12000,12000
054432,台積電台新96購05,0,0,0,0,0,0,0,0,0,12000,0,0,0,12000,0,12000,12000
051690,超眾凱基95購03  ,0,0,0,0,0,0,0,0,0,12000,0,0,0,12000,0,12000,12000
051918,聯茂元大95購01  ,0,0,0,0,0,0,0,0,0,12000,0,0,0,13000,1000,12000,12000
052763,晶技群益97購01  ,0,0,0,0,0,0,0,0,0,12000,0,0,0,12000,0,12000,12000
054822,祥碩元大97購01  ,0,0,0,0,0,0,0,0,0,12000,0,0,0,35000,23000,12000,12000
055406,大毅國泰99購01  ,0,0,0,0,0,0,0,0,0,12000,0,0,0,12000,0,12000,12000
055475,臻鼎凱基97購02  ,0,0,0,0,0,0,0,0,0,12000,0,0,0,106000,94000,12000,12000
054649,聯茂群益97購01  ,0,0,0,0,0,0,0,0,0,12000,0,0,0,12000,0,12000,12000
049589,奇力新元大95購02,0,0,0,0,0,0,0,0,0,12000,0,0,0,12000,0,12000,12000
054016,嘉晶永豐96購04  ,0,0,0,0,0,0,0,0,0,12000,0,0,0,12000,0,12000,12000
049272,世紀鋼元大96購02,0,0,0,0,0,0,0,0,0,12000,0,0,0,230000,218000,12000,12000
048249,嘉澤兆豐94購01  ,0,0,0,0,0,0,0,0,0,12000,0,0,0,12000,0,12000,12000
048867,台積電兆豐95購01,0,0,0,0,0,0,0,0,0,12000,0,0,0,22000,10000,12000,12000
050031,嘉澤元大95購01  ,0,0,0,0,0,0,0,0,0,12000,0,0,0,12000,0,12000,12000
044475,國巨元富95購02  ,0,0,0,0,0,0,0,0,0,12000,0,0,0,12000,0,12000,12000
03618C,高股息凱基95牛01,0,0,0,0,0,0,0,0,0,12000,0,0,0,12000,0,12000,12000
2388,威盛            ,195000,183000,12000,0,0,0,0,0,0,0,0,0,0,0,0,0,12000
2453,凌群            ,49000,40000,9000,0,0,0,0,0,0,3000,3000,0,3000,0,0,0,12000
056697,緯穎群益98購01  ,0,0,0,0,0,0,0,0,0,11000,0,0,0,11000,0,11000,11000
058015,旺宏凱基99購02  ,0,0,0,0,0,0,0,0,0,11000,0,0,0,12000,1000,11000,11000
056498,A50正2富邦9B購01,0,0,0,0,0,0,0,0,0,11000,0,0,0,11000,0,11000,11000
056440,智邦凱基98購03  ,0,0,0,0,0,0,0,0,0,11000,0,0,0,11000,0,11000,11000
056533,友達凱基9A購02  ,0,0,0,0,0,0,0,0,0,11000,0,0,0,27000,16000,11000,11000
056222,台積電凱基9A購01,0,0,0,0,0,0,0,0,0,11000,0,0,0,11000,0,11000,11000
057721,華擎元富98購02  ,0,0,0,0,0,0,0,0,0,11000,0,0,0,11000,0,11000,11000
055598,欣興元大97購03  ,0,0,0,0,0,0,0,0,0,11000,0,0,0,11000,0,11000,11000
058186,聯發科永豐99購01,0,0,0,0,0,0,0,0,0,11000,0,0,0,11000,0,11000,11000
059082,華通元大99購06  ,0,0,0,0,0,0,0,0,0,11000,0,0,0,11000,0,11000,11000
058506,台積電元大99購09,0,0,0,0,0,0,0,0,0,11000,0,0,0,11000,0,11000,11000
056982,華新科群益98購05,0,0,0,0,0,0,0,0,0,11000,0,0,0,11000,0,11000,11000
058821,泰鼎國泰9B購01  ,0,0,0,0,0,0,0,0,0,11000,0,0,0,42000,31000,11000,11000
058404,貿聯元大99購02  ,0,0,0,0,0,0,0,0,0,11000,0,0,0,11000,0,11000,11000
055037,宏盛富邦99購01  ,0,0,0,0,0,0,0,0,0,11000,0,0,0,11000,0,11000,11000
059249,大立光凱基99購05,0,0,0,0,0,0,0,0,0,11000,0,0,0,21000,10000,11000,11000
06239P,奇力新元大97售08,0,0,0,0,0,0,0,0,0,11000,0,0,0,11000,0,11000,11000
06642P,可成兆豐98售01  ,0,0,0,0,0,0,0,0,0,11000,0,0,0,11000,0,11000,11000
06619P,聯發科元大98售06,0,25000,-25000,0,0,0,0,0,0,36000,0,0,0,36000,0,36000,11000
057194,南電元大98購01  ,0,0,0,0,0,0,0,0,0,11000,0,0,0,121000,110000,11000,11000
055147,鴻海元大97購11  ,0,0,0,0,0,0,0,0,0,11000,0,0,0,11000,0,11000,11000
055197,致新元富97購02  ,0,0,0,0,0,0,0,0,0,11000,0,0,0,65000,54000,11000,11000
046791,台郡統一96購01  ,0,0,0,0,0,0,0,0,0,11000,0,0,0,11000,0,11000,11000
047410,上銀元富96購01  ,0,0,0,0,0,0,0,0,0,11000,0,0,0,11000,0,11000,11000
00743,國泰中國A150    ,0,0,0,0,0,0,0,0,0,11000,0,0,0,13000,2000,11000,11000
044909,玉晶光凱基93購02,0,0,0,0,0,0,0,0,0,11000,0,0,0,11000,0,11000,11000
045753,大立光國泰94購02,0,0,0,0,0,0,0,0,0,11000,0,0,0,11000,0,11000,11000
050651,大立光凱基96購02,0,0,0,0,0,0,0,0,0,11000,0,0,0,30000,19000,11000,11000
050612,台積電元大95購06,0,0,0,0,0,0,0,0,0,11000,0,0,0,11000,0,11000,11000
052511,聯發科凱基95購14,0,0,0,0,0,0,0,0,0,11000,0,0,0,75000,64000,11000,11000
049598,超眾元大95購03  ,0,0,0,0,0,0,0,0,0,11000,0,0,0,11000,0,11000,11000
052319,可成元大95購12  ,0,0,0,0,0,0,0,0,0,11000,0,0,0,15000,4000,11000,11000
053703,緯穎兆豐96購01  ,0,0,0,0,0,0,0,0,0,11000,0,0,0,11000,0,11000,11000
053134,南亞科國票97購01,0,0,0,0,0,0,0,0,0,11000,0,0,0,11000,0,11000,11000
059342,聯發科凱基9A購05,0,0,0,0,0,0,0,0,0,11000,0,0,0,11000,0,11000,11000
059412,臺股指國票99購18,0,0,0,0,0,0,0,0,0,11000,0,0,0,11000,0,11000,11000
059525,上銀凱基99購08  ,0,0,0,0,0,0,0,0,0,11000,0,0,0,22000,11000,11000,11000
059468,智邦元大99購02  ,0,0,0,0,0,0,0,0,0,11000,0,0,0,35000,24000,11000,11000
052083,S&P反1元大97購02,0,0,0,0,0,0,0,0,0,11000,0,0,0,11000,0,11000,11000
051822,和碩元富95購01  ,0,0,0,0,0,0,0,0,0,11000,0,0,0,11000,0,11000,11000
053184,世紀鋼元富96購01,0,0,0,0,0,0,0,0,0,11000,0,0,0,12000,1000,11000,11000
054293,健策元大98購02  ,0,0,0,0,0,0,0,0,0,11000,0,0,0,11000,0,11000,11000
2882B,國泰金乙特      ,0,0,0,0,0,0,0,0,0,11000,11000,0,11000,0,0,0,11000
3013,晟銘電          ,13000,2000,11000,0,0,0,0,0,0,0,0,0,0,0,0,0,11000
5525,順天            ,30000,19000,11000,0,0,0,0,0,0,0,0,0,0,0,0,0,11000
06353P,電子類富邦99售02,0,0,0,0,0,0,0,0,0,11000,0,0,0,11000,0,11000,11000
9908,大台北          ,27000,12000,15000,0,0,0,0,0,0,-4000,0,4000,-4000,0,0,0,11000
910861,神州-DR         ,11000,0,11000,0,0,0,0,0,0,0,0,0,0,0,0,0,11000
2915,潤泰全          ,609240,510501,98739,0,0,0,0,0,0,-88000,2000,21000,-19000,76000,145000,-69000,10739
2485,兆赫            ,221000,194649,26351,0,0,0,0,0,0,-16000,0,0,0,0,16000,-16000,10351
05518P,T50反1凱基98售03,0,0,0,0,0,0,0,0,0,10000,0,0,0,10000,0,10000,10000
055202,神達群益97購01  ,0,0,0,0,0,0,0,0,0,10000,0,0,0,10000,0,10000,10000
055293,晶相光元大97購01,0,0,0,0,0,0,0,0,0,10000,0,0,0,10000,0,10000,10000
055826,中石化元大97購01,0,0,0,0,0,0,0,0,0,10000,0,0,0,10000,0,10000,10000
055879,神達元富97購01  ,0,0,0,0,0,0,0,0,0,10000,0,0,0,10000,0,10000,10000
055896,南電統一97購02  ,0,0,0,0,0,0,0,0,0,10000,0,0,0,10000,0,10000,10000
055910,瑞昱凱基98購01  ,0,0,0,0,0,0,0,0,0,10000,0,0,0,10000,0,10000,10000
055912,宏達電凱基98購03,0,0,0,0,0,0,0,0,0,10000,0,0,0,190000,180000,10000,10000
057182,禾伸堂元大99購02,0,0,0,0,0,0,0,0,0,10000,0,0,0,10000,0,10000,10000
059682,可成富邦9A購01  ,0,0,0,0,0,0,0,0,0,10000,0,0,0,79000,69000,10000,10000
059708,立積凱基9A購02  ,0,0,0,0,0,0,0,0,0,10000,0,0,0,10000,0,10000,10000
059722,南亞科元大99購02,0,0,0,0,0,0,0,0,0,10000,0,0,0,10000,0,10000,10000
06502P,A50中信98售01   ,0,0,0,0,0,0,0,0,0,10000,0,0,0,10000,0,10000,10000
059596,大立光元大99購20,0,0,0,0,0,0,0,0,0,10000,0,0,0,10000,0,10000,10000
06035P,同欣電凱基96售03,0,0,0,0,0,0,0,0,0,10000,0,0,0,10000,0,10000,10000
059228,臺股指元大99購21,0,0,0,0,0,0,0,0,0,10000,0,0,0,10000,0,10000,10000
059224,大立光元大99購15,0,0,0,0,0,0,0,0,0,10000,0,0,0,10000,0,10000,10000
059241,旺宏凱基99購07  ,0,0,0,0,0,0,0,0,0,10000,0,0,0,10000,0,10000,10000
059216,台積電元大99購29,0,0,0,0,0,0,0,0,0,10000,0,0,0,10000,0,10000,10000
058343,台積電群益99購02,0,0,0,0,0,0,0,0,0,10000,0,0,0,10000,0,10000,10000
058333,鴻海元富99購04  ,0,0,0,0,0,0,0,0,0,10000,0,0,0,20000,10000,10000,10000
055051,藍天永豐97購01  ,0,0,0,0,0,0,0,0,0,10000,0,0,0,10000,0,10000,10000
055089,金寶群益98購01  ,0,0,0,0,0,0,0,0,0,10000,0,0,0,10000,0,10000,10000
055123,億光兆豐97購01  ,0,0,0,0,0,0,0,0,0,10000,0,0,0,10000,0,10000,10000
055126,嘉澤兆豐97購01  ,0,0,0,0,0,0,0,0,0,10000,0,0,0,10000,0,10000,10000
058246,帆宣元大99購01  ,0,0,0,0,0,0,0,0,0,10000,0,0,0,10000,0,10000,10000
058248,聯茂元大99購05  ,0,0,0,0,0,0,0,0,0,10000,0,0,0,13000,3000,10000,10000
058298,聯茂凱基99購05  ,0,0,0,0,0,0,0,0,0,10000,0,0,0,10000,0,10000,10000
057128,台光電凱基98購03,0,0,0,0,0,0,0,0,0,10000,0,0,0,10000,0,10000,10000
058418,台積電麥證99購01,0,0,0,10000,0,10000,0,0,0,10000,0,0,0,10000,0,10000,10000
058419,聯發科麥證99購02,0,0,0,0,0,0,0,0,0,10000,0,0,0,10000,0,10000,10000
058727,嘉晶富邦9A購01  ,0,0,0,0,0,0,0,0,0,10000,0,0,0,10000,0,10000,10000
058758,台積電群益99購05,0,0,0,0,0,0,0,0,0,10000,0,0,0,10000,0,10000,10000
058710,臺股指元大9A購23,0,0,0,0,0,0,0,0,0,10000,0,0,0,10000,0,10000,10000
058597,瑞昱台新99購01  ,0,0,0,0,0,0,0,0,0,10000,0,0,0,20000,10000,10000,10000
058615,矽創元大99購01  ,0,0,0,0,0,0,0,0,0,10000,0,0,0,10000,0,10000,10000
058541,T50反1富邦01購01,0,0,0,0,0,0,0,0,0,10000,0,0,0,10000,0,10000,10000
058521,日月光元大99購01,0,0,0,0,0,0,0,0,0,10000,0,0,0,10000,0,10000,10000
058554,瀚宇博永豐99購01,0,0,0,0,0,0,0,0,0,10000,0,0,0,10000,0,10000,10000
056974,臻鼎永昌9C購01  ,0,0,0,0,0,0,0,0,0,10000,0,0,0,10000,0,10000,10000
058071,大立光凱基98購19,0,0,0,0,0,0,0,0,0,10000,0,0,0,10000,0,10000,10000
057337,聯發科國票99購02,0,0,0,0,0,0,0,0,0,10000,0,0,0,10000,0,10000,10000
058134,信邦元大99購01  ,0,0,0,0,0,0,0,0,0,10000,0,0,0,10000,0,10000,10000
056055,國巨元大97購15  ,0,0,0,0,0,0,0,0,0,10000,0,0,0,10000,0,10000,10000
056091,百和統一97購01  ,0,0,0,0,0,0,0,0,0,10000,0,0,0,10000,0,10000,10000
056094,大立光元富97購03,0,0,0,0,0,0,0,0,0,10000,0,0,0,10000,0,10000,10000
056133,可成元大97購05  ,0,0,0,0,0,0,0,0,0,10000,0,0,0,10000,0,10000,10000
056904,大立光元大99購05,0,0,0,0,0,0,0,0,0,10000,0,0,0,28000,18000,10000,10000
056954,聯詠富邦9A購01  ,0,0,0,0,0,0,0,0,0,10000,0,0,0,10000,0,10000,10000
057417,國巨凱基9A購03  ,0,0,0,0,0,0,0,0,0,10000,0,0,0,10000,0,10000,10000
057381,微星國泰9A購01  ,0,0,0,0,0,0,0,0,0,10000,0,0,0,10000,0,10000,10000
057510,泰碩統一98購02  ,0,0,0,0,0,0,0,0,0,10000,0,0,0,10000,0,10000,10000
057529,嘉晶元大99購02  ,0,0,0,0,0,0,0,0,0,10000,0,0,0,10000,0,10000,10000
057516,和鑫元富98購01  ,0,0,0,0,0,0,0,0,0,10000,0,0,0,10000,0,10000,10000
057450,國泰金元富98購01,0,0,0,0,0,0,0,0,0,10000,0,0,0,10000,0,10000,10000
057481,技嘉元大98購04  ,0,0,0,0,0,0,0,0,0,10000,0,0,0,10000,0,10000,10000
057673,臻鼎元大98購01  ,0,0,0,0,0,0,0,0,0,10000,0,0,0,10000,0,10000,10000
057700,新日興群益9A購01,0,0,0,0,0,0,0,0,0,10000,0,0,0,10000,0,10000,10000
057654,A50正2中信98購01,0,0,0,0,0,0,0,0,0,10000,0,0,0,10000,0,10000,10000
059119,華擎永豐99購02  ,0,0,0,0,0,0,0,0,0,10000,0,0,0,10000,0,10000,10000
058480,新日興凱基9A購01,0,0,0,0,0,0,0,0,0,10000,0,0,0,10000,0,10000,10000
059055,旺宏凱基9B購02  ,0,0,0,0,0,0,0,0,0,10000,0,0,0,10000,0,10000,10000
058194,勤誠永豐99購01  ,0,0,0,0,0,0,0,0,0,10000,0,0,0,47000,37000,10000,10000
059045,高股息凱基99購01,0,0,0,0,0,0,0,0,0,10000,0,0,0,10000,0,10000,10000
059047,元油2X凱基9A購10,0,0,0,0,0,0,0,0,0,10000,0,0,0,10000,0,10000,10000
059049,元油2X凱基9A購12,0,0,0,0,0,0,0,0,0,10000,0,0,0,10000,0,10000,10000
058154,泰碩統一9A購01  ,0,0,0,0,0,0,0,0,0,10000,0,0,0,10000,0,10000,10000
057724,亞德客國泰99購01,0,0,0,0,0,0,0,0,0,10000,0,0,0,10000,0,10000,10000
057743,華擎永豐98購03  ,0,0,0,0,0,0,0,0,0,10000,0,0,0,10000,0,10000,10000
057748,華通國票98購04  ,0,0,0,0,0,0,0,0,0,10000,0,0,0,10000,0,10000,10000
057255,聯發科麥證98購02,0,0,0,10000,0,10000,0,0,0,10000,0,0,0,10000,0,10000,10000
057810,技嘉元大98購06  ,0,0,0,0,0,0,0,0,0,10000,0,0,0,10000,0,10000,10000
055584,國巨元大97購11  ,0,0,0,0,0,0,0,0,0,10000,0,0,0,10000,0,10000,10000
055535,緯創群益98購01  ,0,0,0,0,0,0,0,0,0,10000,0,0,0,10000,0,10000,10000
057335,技嘉國票99購01  ,0,0,0,0,0,0,0,0,0,10000,0,0,0,10000,0,10000,10000
056238,聯發科群益98購02,0,0,0,0,0,0,0,0,0,10000,0,0,0,10000,0,10000,10000
056240,嘉晶群益97購02  ,0,0,0,0,0,0,0,0,0,10000,0,0,0,10000,0,10000,10000
056150,台光電凱基98購02,0,0,0,0,0,0,0,0,0,10000,0,0,0,10000,0,10000,10000
056307,貿聯元大97購05  ,0,0,0,0,0,0,0,0,0,10000,0,0,0,10000,0,10000,10000
056289,合勤控永豐97購01,0,0,0,0,0,0,0,0,0,10000,0,0,0,10000,0,10000,10000
056280,上証2X永豐98購01,0,0,0,0,0,0,0,0,0,10000,0,0,0,10000,0,10000,10000
056323,旺宏兆豐98購01  ,0,0,0,0,0,0,0,0,0,10000,0,0,0,10000,0,10000,10000
056360,智邦元大98購01  ,0,0,0,0,0,0,0,0,0,10000,0,0,0,10000,0,10000,10000
056355,台積電元大98購08,0,0,0,0,0,0,0,0,0,10000,0,0,0,10000,0,10000,10000
056338,聯發科凱基99購01,0,0,0,0,0,0,0,0,0,10000,0,0,0,10000,0,10000,10000
058971,台積電永豐99購03,0,0,0,0,0,0,0,0,0,10000,0,0,0,10000,0,10000,10000
058997,鴻海元大99購21  ,0,0,0,0,0,0,0,0,0,10000,0,0,0,10000,0,10000,10000
059041,南茂群益99購02  ,0,0,0,0,0,0,0,0,0,10000,0,0,0,10000,0,10000,10000
059030,奇力新兆豐99購03,0,0,0,0,0,0,0,0,0,10000,0,0,0,10000,0,10000,10000
059015,華通元富99購02  ,0,0,0,0,0,0,0,0,0,10000,0,0,0,10000,0,10000,10000
05650P,台積電富邦96售01,0,0,0,0,0,0,0,0,0,10000,0,0,0,10000,0,10000,10000
056511,超眾永豐98購01  ,0,0,0,0,0,0,0,0,0,10000,0,0,0,10000,0,10000,10000
056518,美律國票99購01  ,0,0,0,0,0,0,0,0,0,10000,0,0,0,10000,0,10000,10000
056564,亞光群益98購02  ,0,0,0,0,0,0,0,0,0,10000,0,0,0,10000,0,10000,10000
055983,全新元富9A購02  ,0,0,0,0,0,0,0,0,0,10000,0,0,0,10000,0,10000,10000
056592,台積電元富98購01,0,0,0,0,0,0,0,0,0,10000,0,0,0,10000,0,10000,10000
056423,奇鋐統一98購01  ,0,0,0,0,0,0,0,0,0,10000,0,0,0,10000,0,10000,10000
056374,聯發科統一9B購01,0,0,0,0,0,0,0,0,0,10000,0,0,0,10000,0,10000,10000
056366,玉晶光元大99購04,0,0,0,0,0,0,0,0,0,10000,0,0,0,10000,0,10000,10000
056387,智伸科國泰99購01,0,0,0,0,0,0,0,0,0,10000,0,0,0,10000,0,10000,10000
056491,南亞科國泰99購01,0,0,0,0,0,0,0,0,0,10000,0,0,0,10000,0,10000,10000
056482,貿聯元大99購01  ,0,0,0,0,0,0,0,0,0,10000,0,0,0,10000,0,10000,10000
056472,美律元大99購03  ,0,0,0,0,0,0,0,0,0,10000,0,0,0,10000,0,10000,10000
056462,訊芯凱基98購03  ,0,0,0,0,0,0,0,0,0,10000,0,0,0,10000,0,10000,10000
058017,漢唐凱基99購01  ,0,0,0,0,0,0,0,0,0,10000,0,0,0,25000,15000,10000,10000
057962,超眾元大99購03  ,0,0,0,0,0,0,0,0,0,10000,0,0,0,10000,0,10000,10000
056844,欣興元富98購03  ,0,0,0,0,0,0,0,0,0,10000,0,0,0,10000,0,10000,10000
057919,技嘉凱基98購03  ,0,0,0,0,0,0,0,0,0,10000,0,0,0,10000,0,10000,10000
056734,國巨凱基99購01  ,0,0,0,0,0,0,0,0,0,10000,0,0,0,10000,0,10000,10000
056739,美律凱基98購04  ,0,0,0,0,0,0,0,0,0,10000,0,0,0,10000,0,10000,10000
059336,台灣50凱基9A購02,0,0,0,0,0,0,0,0,0,10000,0,0,0,10000,0,10000,10000
056694,欣興群益98購04  ,0,0,0,0,0,0,0,0,0,10000,0,0,0,10000,0,10000,10000
057888,貿聯群益98購02  ,0,0,0,0,0,0,0,0,0,10000,0,0,0,10000,0,10000,10000
057889,致新群益99購01  ,0,0,0,0,0,0,0,0,0,10000,0,0,0,10000,0,10000,10000
057897,華通富邦99購01  ,0,0,0,0,0,0,0,0,0,10000,0,0,0,10000,0,10000,10000
058925,旭富元富99購02  ,0,0,0,0,0,0,0,0,0,10000,0,0,0,10000,0,10000,10000
058938,台積電中信01購03,0,0,0,0,0,0,0,0,0,10000,0,0,0,10000,0,10000,10000
058939,台積電中信9B購01,0,0,0,0,0,0,0,0,0,10000,0,0,0,10000,0,10000,10000
058883,旭富永豐99購01  ,0,0,0,0,0,0,0,0,0,10000,0,0,0,10000,0,10000,10000
058878,旭富國泰9B購01  ,0,0,0,0,0,0,0,0,0,10000,0,0,0,10000,0,10000,10000
058880,台灣50永豐99購04,0,0,0,0,0,0,0,0,0,10000,0,0,0,10000,0,10000,10000
058893,元油2X元大9C購10,0,0,0,0,0,0,0,0,0,10000,0,0,0,10000,0,10000,10000
054262,瀚宇博元大96購03,0,0,0,0,0,0,0,0,0,10000,0,0,0,10000,0,10000,10000
052805,晶技元大97購01  ,0,0,0,0,0,0,0,0,0,10000,0,0,0,10000,0,10000,10000
052869,新日興凱基96購01,0,0,0,0,0,0,0,0,0,10000,0,0,0,10000,0,10000,10000
054227,宏達電元富96購02,0,0,0,0,0,0,0,0,0,10000,0,0,0,10000,0,10000,10000
054217,台表科國票97購05,0,0,0,0,0,0,0,0,0,10000,0,0,0,10000,0,10000,10000
054254,晶豪科元大96購02,0,0,0,0,0,0,0,0,0,10000,0,0,0,10000,0,10000,10000
054258,牧德元大97購01  ,0,0,0,0,0,0,0,0,0,10000,0,0,0,10000,0,10000,10000
054201,聯詠富邦97購02  ,0,0,0,0,0,0,0,0,0,10000,0,0,0,10000,0,10000,10000
054413,台光電元大96購03,0,0,0,0,0,0,0,0,0,10000,0,0,0,10000,0,10000,10000
054329,華新科永豐96購02,0,0,0,0,0,0,0,0,0,10000,0,0,0,10000,0,10000,10000
05288P,寶成元富95售02  ,0,0,0,0,0,0,0,0,0,10000,0,0,0,10000,0,10000,10000
052892,大成鋼群益96購01,0,0,0,0,0,0,0,0,0,10000,0,0,0,10000,0,10000,10000
052916,華新科富邦96購01,0,0,0,0,0,0,0,0,0,10000,0,0,0,10000,0,10000,10000
052937,國巨兆豐97購01  ,0,0,0,0,0,0,0,0,0,10000,0,0,0,20000,10000,10000,10000
053199,旺宏日盛96購01  ,0,0,0,0,0,0,0,0,0,10000,0,0,0,10000,0,10000,10000
054447,國泰金兆豐96購01,0,0,0,0,0,0,0,0,0,10000,0,0,0,10000,0,10000,10000
053280,群創元大9C購01  ,0,0,0,0,0,0,0,0,0,10000,0,0,0,20000,10000,10000,10000
053282,彩晶元大9C購01  ,0,0,0,0,0,0,0,0,0,10000,0,0,0,10000,0,10000,10000
053284,樺漢元大97購01  ,0,0,0,0,0,0,0,0,0,10000,0,0,0,10000,0,10000,10000
05321P,鴻海凱基95售17  ,0,0,0,0,0,0,0,0,0,10000,0,0,0,10000,0,10000,10000
053456,大立光元富96購04,0,0,0,0,0,0,0,0,0,10000,0,0,0,10000,0,10000,10000
053540,健策永豐96購01  ,0,0,0,0,0,0,0,0,0,10000,0,0,0,10000,0,10000,10000
053552,華新科凱基96購08,0,0,0,0,0,0,0,0,0,10000,0,0,0,10000,0,10000,10000
053356,聯發科統一96購07,0,0,0,0,0,0,0,0,0,10000,0,0,0,10000,0,10000,10000
053409,和碩兆豐96購02  ,0,0,0,0,0,0,0,0,0,10000,0,0,0,10000,0,10000,10000
053432,世紀鋼永豐96購02,0,0,0,0,0,0,0,0,0,10000,0,0,0,10000,0,10000,10000
051805,元黃金凱基97購02,0,0,0,0,0,0,0,0,0,10000,0,0,0,10000,0,10000,10000
052665,緯穎國票96購03  ,0,0,0,0,0,0,0,0,0,10000,0,0,0,10000,0,10000,10000
051666,旺宏元大96購05  ,0,0,0,0,0,0,0,0,0,10000,0,0,0,10000,0,10000,10000
051619,智邦凱基95購07  ,0,0,0,0,0,0,0,0,0,10000,0,0,0,10000,0,10000,10000
051719,鴻海永豐95購04  ,0,0,0,0,0,0,0,0,0,10000,0,0,0,10000,0,10000,10000
051596,超眾元大95購05  ,0,0,0,0,0,0,0,0,0,10000,0,0,0,10000,0,10000,10000
051562,玉晶光國泰97購05,0,0,0,0,0,0,0,0,0,10000,0,0,0,10000,0,10000,10000
051567,台積電富邦95購06,0,0,0,0,0,0,0,0,0,10000,0,0,0,10000,0,10000,10000
051512,超眾麥證95購01  ,0,0,0,10000,0,10000,0,0,0,10000,0,0,0,10000,0,10000,10000
052112,滬深2X中信99購01,0,0,0,0,0,0,0,0,0,10000,0,0,0,10000,0,10000,10000
052113,漢唐中信98購01  ,0,0,0,0,0,0,0,0,0,10000,0,0,0,10000,0,10000,10000
052072,健策統一95購02  ,0,0,0,0,0,0,0,0,0,10000,0,0,0,10000,0,10000,10000
051349,國巨元大95購08  ,0,0,0,0,0,0,0,0,0,10000,0,0,0,10000,0,10000,10000
051378,奇力新群益95購01,0,0,0,0,0,0,0,0,0,10000,0,0,0,10000,0,10000,10000
052211,台積電元大95購22,0,0,0,0,0,0,0,0,0,10000,0,0,0,10000,0,10000,10000
052200,台光電統一95購02,0,0,0,0,0,0,0,0,0,10000,0,0,0,10000,0,10000,10000
052787,國巨中信96購02  ,0,0,0,0,0,0,0,0,0,10000,0,0,0,10000,0,10000,10000
052796,和碩兆豐96購01  ,0,0,0,0,0,0,0,0,0,10000,0,0,0,10000,0,10000,10000
052753,電子類元大96購02,0,0,0,0,0,0,0,0,0,10000,0,0,0,10000,0,10000,10000
051366,康友國泰97購01  ,0,0,0,0,0,0,0,0,0,10000,0,0,0,10000,0,10000,10000
051451,世芯元大95購03  ,0,0,0,0,0,0,0,0,0,10000,0,0,0,10000,0,10000,10000
052676,聯發科永昌98購01,0,0,0,0,0,0,0,0,0,10000,0,0,0,10000,0,10000,10000
059464,台灣50元大9C購08,0,0,0,0,0,0,0,0,0,10000,0,0,0,10000,0,10000,10000
059505,上証2X永豐99購02,0,0,0,0,0,0,0,0,0,10000,0,0,0,15000,5000,10000,10000
059499,滬深2X元富9C購07,0,0,0,0,0,0,0,0,0,10000,0,0,0,10000,0,10000,10000
059434,全新元大99購05  ,0,0,0,0,0,0,0,0,0,10000,0,0,0,10000,0,10000,10000
059350,樺漢凱基9A購01  ,0,0,0,0,0,0,0,0,0,10000,0,0,0,10000,0,10000,10000
059359,精元永豐99購01  ,0,0,0,0,0,0,0,0,0,10000,0,0,0,80000,70000,10000,10000
055476,台郡凱基97購02  ,0,0,0,0,0,0,0,0,0,10000,0,0,0,59000,49000,10000,10000
056617,美律永豐98購01  ,0,0,0,0,0,0,0,0,0,10000,0,0,0,10000,0,10000,10000
055386,致新元大97購02  ,0,0,0,0,0,0,0,0,0,10000,0,0,0,10000,0,10000,10000
055440,矽力國票98購01  ,0,0,0,0,0,0,0,0,0,10000,0,0,0,10000,0,10000,10000
054478,可成中信97購01  ,0,0,0,0,0,0,0,0,0,10000,0,0,0,10000,0,10000,10000
053760,牧德國泰98購01  ,0,0,0,0,0,0,0,0,0,10000,0,0,0,10000,0,10000,10000
053593,晶技元大98購01  ,0,0,0,0,0,0,0,0,0,10000,0,0,0,10000,0,10000,10000
053513,義隆群益96購05  ,0,0,0,0,0,0,0,0,0,10000,0,0,0,10000,0,10000,10000
054669,凌華元富97購01  ,0,0,0,0,0,0,0,0,0,10000,0,0,0,10000,0,10000,10000
054909,福懋科康和97購01,0,0,0,0,0,0,0,0,0,10000,0,0,0,10000,0,10000,10000
054862,群光群益97購01  ,0,0,0,0,0,0,0,0,0,10000,0,0,0,10000,0,10000,10000
054940,台積電元大97購16,0,0,0,0,0,0,0,0,0,10000,0,0,0,10000,0,10000,10000
052380,臺股指元大95購21,0,0,0,0,0,0,0,0,0,10000,0,0,0,15000,5000,10000,10000
052454,力成元大95購02  ,0,0,0,0,0,0,0,0,0,10000,0,0,0,30000,20000,10000,10000
049564,聯電統一94購03  ,0,0,0,0,0,0,0,0,0,10000,0,0,0,10000,0,10000,10000
049695,新光金元大9A購01,0,0,0,0,0,0,0,0,0,10000,0,0,0,10000,0,10000,10000
049797,台積電元大94購17,0,0,0,0,0,0,0,0,0,10000,0,0,0,10000,0,10000,10000
049903,大立光元富94購06,0,0,0,0,0,0,0,0,0,10000,0,0,0,10000,0,10000,10000
052528,茂林元大95購05  ,0,0,0,0,0,0,0,0,0,10000,0,0,0,10000,0,10000,10000
052508,矽力日盛95購02  ,0,0,0,0,0,0,0,0,0,10000,0,0,0,10000,0,10000,10000
052590,祥碩永豐96購01  ,0,0,0,0,0,0,0,0,0,10000,0,0,0,10000,0,10000,10000
052597,茂林群益96購01  ,0,0,0,0,0,0,0,0,0,10000,0,0,0,10000,0,10000,10000
052599,S&P反1元大96購01,0,0,0,0,0,0,0,0,0,10000,0,0,0,10000,0,10000,10000
053880,智邦中信96購01  ,0,0,0,0,0,0,0,0,0,10000,0,0,0,10000,0,10000,10000
053884,緯穎第一96購01  ,0,0,0,0,0,0,0,0,0,10000,0,0,0,10000,0,10000,10000
05402P,台郡永豐95售02  ,0,0,0,0,0,0,0,0,0,10000,0,0,0,10000,0,10000,10000
054038,T50反1元大98購04,0,0,0,0,0,0,0,0,0,10000,0,0,0,10000,0,10000,10000
052624,微星亞東97購01  ,0,0,0,0,0,0,0,0,0,10000,0,0,0,10000,0,10000,10000
053996,晶相光群益97購01,0,0,0,0,0,0,0,0,0,10000,0,0,0,10000,0,10000,10000
054151,瑞昱國泰97購01  ,0,0,0,0,0,0,0,0,0,10000,0,0,0,10000,0,10000,10000
054113,奇力新台新97購01,0,0,0,0,0,0,0,0,0,10000,0,0,0,10000,0,10000,10000
054115,台塑康和96購01  ,0,0,0,0,0,0,0,0,0,10000,0,0,0,20000,10000,10000,10000
054164,強茂凱基98購01  ,0,0,0,0,0,0,0,0,0,10000,0,0,0,10000,0,10000,10000
048651,美利達元大96購05,0,0,0,0,0,0,0,0,0,10000,0,0,0,10000,0,10000,10000
050829,臻鼎凱基96購01  ,0,0,0,0,0,0,0,0,0,10000,0,0,0,10000,0,10000,10000
050867,聯鈞永豐95購01  ,0,0,0,0,0,0,0,0,0,10000,0,0,0,10000,0,10000,10000
048287,嘉晶兆豐94購01  ,0,0,0,0,0,0,0,0,0,10000,0,0,0,10000,0,10000,10000
048105,滬深2X群益99購02,0,0,0,0,0,0,0,0,0,10000,0,0,0,10000,0,10000,10000
048070,聯發科元富99購03,0,0,0,0,0,0,0,0,0,10000,0,0,0,10000,0,10000,10000
050988,廣達富邦95購01  ,0,0,0,0,0,0,0,0,0,10000,0,0,0,10000,0,10000,10000
05126P,牧德群益95售01  ,0,0,0,0,0,0,0,0,0,10000,0,0,0,10000,0,10000,10000
050983,新光金國泰97購01,0,0,0,0,0,0,0,0,0,10000,0,0,0,10000,0,10000,10000
049494,華新科元大95購05,0,0,0,0,0,0,0,0,0,10000,0,0,0,10000,0,10000,10000
049128,滬深2X元大97購03,0,0,0,0,0,0,0,0,0,10000,0,0,0,10000,0,10000,10000
049141,旺宏元大95購01  ,0,0,0,0,0,0,0,0,0,10000,0,0,0,10000,0,10000,10000
051039,台表科康和95購01,0,0,0,0,0,0,0,0,0,10000,0,0,0,10000,0,10000,10000
05108P,欣興中信95售02  ,0,0,0,0,0,0,0,0,0,10000,0,0,0,10000,0,10000,10000
051086,鴻海元大96購04  ,0,0,0,0,0,0,0,0,0,10000,0,0,0,10000,0,10000,10000
051157,華新科富邦98購01,0,0,0,0,0,0,0,0,0,10000,0,0,0,10000,0,10000,10000
051218,聯發科元富9B購02,0,0,0,0,0,0,0,0,0,10000,0,0,0,10000,0,10000,10000
051245,南亞科元大95購01,0,0,0,0,0,0,0,0,0,10000,0,0,0,10000,0,10000,10000
04891P,友達元大94售01  ,0,0,0,0,0,0,0,0,0,10000,0,0,0,10000,0,10000,10000
048975,玉晶光元大94購03,0,0,0,0,0,0,0,0,0,10000,0,0,0,10000,0,10000,10000
050615,奇力新元大95購03,0,0,0,0,0,0,0,0,0,10000,0,0,0,10000,0,10000,10000
050603,致新國泰96購01  ,0,0,0,0,0,0,0,0,0,10000,0,0,0,10000,0,10000,10000
050554,百和凱基95購01  ,0,0,0,0,0,0,0,0,0,10000,0,0,0,10000,0,10000,10000
050705,南電凱基96購01  ,0,0,0,0,0,0,0,0,0,10000,0,0,0,10000,0,10000,10000
050495,大立光永昌96購01,0,0,0,0,0,0,0,0,0,10000,0,0,0,10000,0,10000,10000
050484,世紀鋼國票95購02,0,0,0,0,0,0,0,0,0,10000,0,0,0,10000,0,10000,10000
050492,漢唐國泰96購01  ,0,0,0,0,0,0,0,0,0,10000,0,0,0,10000,0,10000,10000
050503,聯發科凱基94購22,0,0,0,0,0,0,0,0,0,10000,0,0,0,70000,60000,10000,10000
050013,淘帝國泰95購01  ,0,0,0,0,0,0,0,0,0,10000,0,0,0,10000,0,10000,10000
04998P,京元電永豐95售01,0,0,0,0,0,0,0,0,0,10000,0,0,0,10000,0,10000,10000
050760,矽力元富94購03  ,0,0,0,0,0,0,0,0,0,10000,0,0,0,10000,0,10000,10000
050174,技嘉元大94購01  ,0,0,0,0,0,0,0,0,0,10000,0,0,0,10000,0,10000,10000
048504,A50正2中信95購01,0,0,0,0,0,0,0,0,0,10000,0,0,0,10000,0,10000,10000
048425,聯茂元富96購02  ,0,0,0,0,0,0,0,0,0,10000,0,0,0,10000,0,10000,10000
04593P,台積電元大94售11,0,0,0,0,0,0,0,0,0,10000,0,0,0,10000,0,10000,10000
050374,上緯控元大95購01,0,0,0,0,0,0,0,0,0,10000,0,0,0,10000,0,10000,10000
045250,華通凱基94購01  ,0,0,0,0,0,0,0,0,0,10000,0,0,0,10000,0,10000,10000
044201,群創國票95購01  ,10000,0,10000,0,0,0,0,0,0,0,0,0,0,0,0,0,10000
04471P,華通元大95售03  ,0,0,0,0,0,0,0,0,0,10000,0,0,0,10000,0,10000,10000
04474P,聯發科元大94售03,0,0,0,0,0,0,0,0,0,10000,0,0,0,10000,0,10000,10000
04484P,台積電凱基94售09,0,0,0,0,0,0,0,0,0,10000,0,0,0,10000,0,10000,10000
044871,國巨統一93購05  ,0,0,0,0,0,0,0,0,0,10000,0,0,0,10000,0,10000,10000
03013X,元展13          ,0,0,0,0,0,0,0,0,0,10000,0,0,0,10000,0,10000,10000
046208,滬深2X元富95購03,0,0,0,0,0,0,0,0,0,10000,0,0,0,10000,0,10000,10000
047316,大立光元大94購01,0,0,0,0,0,0,0,0,0,10000,0,0,0,10000,0,10000,10000
047514,亞光國票94購01  ,0,0,0,0,0,0,0,0,0,10000,0,0,0,10000,0,10000,10000
04709P,台積電元大94售15,0,0,0,0,0,0,0,0,0,10000,0,0,0,10000,0,10000,10000
047210,漢唐富邦95購01  ,0,0,0,0,0,0,0,0,0,10000,0,0,0,10000,0,10000,10000
046628,大立光統一98購01,0,0,0,0,0,0,0,0,0,10000,0,0,0,20000,10000,10000,10000
04703P,樺漢統一95售01  ,0,0,0,0,0,0,0,0,0,10000,0,0,0,10000,0,10000,10000
03252P,台積電台新02售01,0,0,0,0,0,0,0,0,0,10000,0,0,0,10000,0,10000,10000
03019X,元展19          ,0,0,0,0,0,0,0,0,0,10000,0,0,0,10000,0,10000,10000
03035X,元展32          ,0,0,0,0,0,0,0,0,0,10000,0,0,0,10000,0,10000,10000
8404,百和興業-KY     ,326000,316000,10000,0,0,0,0,0,0,0,0,0,0,0,0,0,10000
06326P,鴻海中信01售01  ,0,0,0,0,0,0,0,0,0,10000,0,0,0,10000,0,10000,10000
07278P,台灣50元富9C售03,0,0,0,0,0,0,0,0,0,10000,0,0,0,10000,0,10000,10000
07212P,聯發科凱基99售14,0,0,0,0,0,0,0,0,0,10000,0,0,0,10000,0,10000,10000
06969P,上銀元大99售02  ,0,0,0,0,0,0,0,0,0,10000,0,0,0,48000,38000,10000,10000
07025P,玉晶光凱基99售01,0,0,0,0,0,0,0,0,0,10000,0,0,0,10000,0,10000,10000
06990P,康友元富99售03  ,0,0,0,0,0,0,0,0,0,10000,0,0,0,10000,0,10000,10000
07004P,大立光兆豐9A售01,0,0,0,0,0,0,0,0,0,10000,0,0,0,10000,0,10000,10000
06975P,臺股指元大9A售13,0,0,0,0,0,0,0,0,0,10000,0,0,0,15000,5000,10000,10000
2023,燁輝            ,142000,132000,10000,0,0,0,0,0,0,0,0,0,0,0,0,0,10000
2024,志聯            ,10000,0,10000,0,0,0,0,0,0,0,0,0,0,0,0,0,10000
056820,欣興永豐98購02  ,0,0,0,0,0,0,0,0,0,9000,0,0,0,14000,5000,9000,9000
055968,祥碩元大97購04  ,0,0,0,0,0,0,0,0,0,9000,0,0,0,9000,0,9000,9000
055562,欣興凱基97購06  ,0,0,0,0,0,0,0,0,0,9000,0,0,0,11000,2000,9000,9000
055603,超眾元大97購04  ,0,0,0,0,0,0,0,0,0,9000,0,0,0,9000,0,9000,9000
055605,緯穎元大97購02  ,0,0,0,0,0,0,0,0,0,9000,0,0,0,10000,1000,9000,9000
059085,鴻海元大99購25  ,0,0,0,0,0,0,0,0,0,9000,0,0,0,23000,14000,9000,9000
057484,南亞科元大98購06,0,0,0,0,0,0,0,0,0,9000,0,0,0,10000,1000,9000,9000
057392,福懋科永豐98購01,0,0,0,0,0,0,0,0,0,9000,0,0,0,9000,0,9000,9000
057368,微星元大98購02  ,0,0,0,0,0,0,0,0,0,9000,0,0,0,10000,1000,9000,9000
05602P,國巨元大96售06  ,0,0,0,0,0,0,0,0,0,9000,0,0,0,9000,0,9000,9000
056992,祥碩兆豐98購01  ,0,0,0,0,0,0,0,0,0,9000,0,0,0,9000,0,9000,9000
057118,欣興日盛9A購01  ,0,0,0,0,0,0,0,0,0,9000,0,0,0,10000,1000,9000,9000
055715,智邦元大97購04  ,0,0,0,0,0,0,0,0,0,9000,0,0,0,9000,0,9000,9000
055152,旺宏元大98購04  ,0,0,0,0,0,0,0,0,0,9000,0,0,0,9000,0,9000,9000
06157P,聯鈞統一97售02  ,0,0,0,0,0,0,0,0,0,9000,0,0,0,9000,0,9000,9000
06307P,聚陽元富97售02  ,0,0,0,0,0,0,0,0,0,9000,0,0,0,9000,0,9000,9000
06594P,立積元大98售01  ,0,0,0,0,0,0,0,0,0,9000,0,0,0,17000,8000,9000,9000
06657P,寶成元大98售01  ,0,0,0,0,0,0,0,0,0,9000,0,0,0,27000,18000,9000,9000
059694,創意永豐99購03  ,0,0,0,0,0,0,0,0,0,9000,0,0,0,66000,57000,9000,9000
055911,可成凱基98購02  ,0,0,0,0,0,0,0,0,0,9000,0,0,0,18000,9000,9000,9000
050480,健策國票95購04  ,0,0,0,0,0,0,0,0,0,9000,0,0,0,9000,0,9000,9000
050577,美律國票94購03  ,0,0,0,0,0,0,0,0,0,9000,0,0,0,9000,0,9000,9000
048976,華擎元大94購01  ,0,0,0,0,0,0,0,0,0,9000,0,0,0,12000,3000,9000,9000
050984,大立光國泰97購01,0,0,0,0,0,0,0,0,0,9000,0,0,0,9000,0,9000,9000
05261P,鴻海元大95售20  ,0,0,0,0,0,0,0,0,0,9000,0,0,0,9000,0,9000,9000
05483P,國巨凱基95售07  ,0,0,0,0,0,0,0,0,0,9000,0,0,0,9000,0,9000,9000
053687,智邦元大96購02  ,0,0,0,0,0,0,0,0,0,9000,0,0,0,9000,0,9000,9000
056618,京元電永豐98購01,0,0,0,0,0,0,0,0,0,9000,0,0,0,14000,5000,9000,9000
05145P,道瓊反元大98售01,0,0,0,0,0,0,0,0,0,9000,0,0,0,9000,0,9000,9000
051600,新日興兆豐96購02,0,0,0,0,0,0,0,0,0,9000,0,0,0,69000,60000,9000,9000
054458,復盛群益96購01  ,0,0,0,0,0,0,0,0,0,9000,0,0,0,9000,0,9000,9000
07001P,國巨元大99售12  ,0,0,0,0,0,0,0,0,0,9000,0,0,0,9000,0,9000,9000
07073P,臺股指中信9B售02,0,0,0,0,0,0,0,0,0,9000,0,0,0,9000,0,9000,9000
2516,新建            ,9000,0,9000,0,0,0,0,0,0,0,0,0,0,0,0,0,9000
9937,全國            ,13000,4000,9000,0,0,0,0,0,0,0,0,0,0,0,0,0,9000
055891,鴻海統一9A購01  ,0,0,0,0,0,0,0,0,0,8000,0,0,0,8000,0,8000,8000
055310,聯詠群益97購02  ,0,0,0,0,0,0,0,0,0,8000,0,0,0,8000,0,8000,8000
057228,友達凱基9B購01  ,0,0,0,0,0,0,0,0,0,8000,0,0,0,46000,38000,8000,8000
054971,帆宣元大97購02  ,0,0,0,0,0,0,0,0,0,8000,0,0,0,8000,0,8000,8000
055713,國巨元大98購09  ,0,0,0,0,0,0,0,0,0,8000,0,0,0,15000,7000,8000,8000
058414,大立光兆豐99購02,0,0,0,0,0,0,0,0,0,8000,0,0,0,8000,0,8000,8000
05562P,鴻海元大96售16  ,0,0,0,0,0,0,0,0,0,8000,0,0,0,8000,0,8000,8000
059196,聯發科永豐99購02,0,0,0,0,0,0,0,0,0,8000,0,0,0,8000,0,8000,8000
056095,臻鼎元富9A購01  ,0,0,0,0,0,0,0,0,0,8000,0,0,0,8000,0,8000,8000
056949,義隆統一98購01  ,0,0,0,0,0,0,0,0,0,8000,0,0,0,10000,2000,8000,8000
058161,T50反1日盛03購01,0,0,0,0,0,0,0,0,0,8000,0,0,0,8000,0,8000,8000
056418,台光電元富98購01,0,0,0,0,0,0,0,0,0,8000,0,0,0,8000,0,8000,8000
059024,大立光統一9B購04,0,0,0,0,0,0,0,0,0,8000,0,0,0,8000,0,8000,8000
059006,樺漢元大99購01  ,0,0,0,0,0,0,0,0,0,8000,0,0,0,10000,2000,8000,8000
056644,宏達電凱基98購04,0,0,0,0,0,0,0,0,0,8000,0,0,0,8000,0,8000,8000
053287,臺股指元大96購15,0,0,0,0,0,0,0,0,0,8000,0,0,0,10000,2000,8000,8000
053351,A50正2兆豐97購01,0,0,0,0,0,0,0,0,0,8000,0,0,0,8000,0,8000,8000
054339,聯詠統一96購02  ,0,0,0,0,0,0,0,0,0,8000,0,0,0,8000,0,8000,8000
054140,智易元大97購03  ,0,0,0,0,0,0,0,0,0,8000,0,0,0,8000,0,8000,8000
051985,智邦元大95購05  ,0,0,0,0,0,0,0,0,0,8000,0,0,0,8000,0,8000,8000
051449,玉晶光元大96購01,0,0,0,0,0,0,0,0,0,8000,0,0,0,8000,0,8000,8000
052766,玉晶光群益9A購01,0,0,0,0,0,0,0,0,0,8000,0,0,0,8000,0,8000,8000
05547P,群創元大96售03  ,0,0,0,0,0,0,0,0,0,8000,0,0,0,10000,2000,8000,8000
053602,台虹元大96購01  ,0,0,0,0,0,0,0,0,0,8000,0,0,0,8000,0,8000,8000
054915,興勤凱基97購01  ,0,0,0,0,0,0,0,0,0,8000,0,0,0,8000,0,8000,8000
049600,緯穎元大95購02  ,0,0,0,0,0,0,0,0,0,8000,0,0,0,11000,3000,8000,8000
049602,南電元大95購01  ,0,0,0,0,0,0,0,0,0,8000,0,0,0,8000,0,8000,8000
04838P,宏達電元大95售02,0,0,0,0,0,0,0,0,0,8000,0,0,0,22000,14000,8000,8000
049300,南電群益94購01  ,0,0,0,0,0,0,0,0,0,8000,0,0,0,8000,0,8000,8000
04379P,大立光元大94售06,0,0,0,0,0,0,0,0,0,8000,0,0,0,18000,10000,8000,8000
8367,建新國際        ,10000,2000,8000,0,0,0,0,0,0,0,0,0,0,0,0,0,8000
6115,鎰勝            ,13000,1000,12000,0,0,0,0,0,0,-4000,0,4000,-4000,0,0,0,8000
057832,聯發科元富02購05,0,0,0,0,0,0,0,0,0,7000,0,0,0,11000,4000,7000,7000
057839,台積電富邦9A購02,0,0,0,0,0,0,0,0,0,7000,0,0,0,7000,0,7000,7000
058904,晶技元大99購05  ,0,0,0,0,0,0,0,0,0,7000,0,0,0,7000,0,7000,7000
057904,矽力永豐98購01  ,0,0,0,0,0,0,0,0,0,7000,0,0,0,7000,0,7000,7000
056821,日電貿永豐98購01,0,0,0,0,0,0,0,0,0,7000,0,0,0,7000,0,7000,7000
057923,晶豪科凱基98購02,0,0,0,0,0,0,0,0,0,7000,0,0,0,7000,0,7000,7000
058006,台郡群益98購04  ,0,0,0,0,0,0,0,0,0,7000,0,0,0,7000,0,7000,7000
059333,滬深2X國票9A購03,0,0,0,0,0,0,0,0,0,7000,0,0,0,7000,0,7000,7000
059324,智易元大99購04  ,0,0,0,0,0,0,0,0,0,7000,0,0,0,7000,0,7000,7000
056441,燿華凱基98購01  ,0,0,0,0,0,0,0,0,0,7000,0,0,0,56000,49000,7000,7000
055989,矽力元富9A購01  ,0,0,0,0,0,0,0,0,0,7000,0,0,0,12000,5000,7000,7000
059083,華通元大99購07  ,0,0,0,0,0,0,0,0,0,7000,0,0,0,10000,3000,7000,7000
059116,晶豪科永豐99購01,0,0,0,0,0,0,0,0,0,7000,0,0,0,7000,0,7000,7000
057309,南茂兆豐99購01  ,0,0,0,0,0,0,0,0,0,7000,0,0,0,7000,0,7000,7000
057720,日電貿元富98購01,0,0,0,0,0,0,0,0,0,7000,0,0,0,7000,0,7000,7000
057402,嘉晶群益98購02  ,0,0,0,0,0,0,0,0,0,7000,0,0,0,7000,0,7000,7000
057504,技嘉麥證98購01  ,0,0,0,7000,0,7000,0,0,0,7000,0,0,0,7000,0,7000,7000
055676,亞德客凱基97購03,0,0,0,0,0,0,0,0,0,7000,0,0,0,7000,0,7000,7000
055028,佐登國泰98購01  ,0,0,0,0,0,0,0,0,0,7000,0,0,0,7000,0,7000,7000
058330,鴻海元富99購01  ,0,0,0,0,0,0,0,0,0,7000,0,0,0,7000,0,7000,7000
055357,欣興凱基97購04  ,0,0,0,0,0,0,0,0,0,7000,0,0,0,7000,0,7000,7000
06802P,緯穎群益98售03  ,0,0,0,0,0,0,0,0,0,7000,0,0,0,20000,13000,7000,7000
06122P,亞光元大98售01  ,0,0,0,0,0,0,0,0,0,7000,0,0,0,10000,3000,7000,7000
03677C,臺股指元大05牛02,0,0,0,0,0,0,0,0,0,7000,0,0,0,16000,9000,7000,7000
044963,台積電中信96購01,0,0,0,0,0,0,0,0,0,7000,0,0,0,8000,1000,7000,7000
050653,聯鈞凱基96購01  ,0,0,0,0,0,0,0,0,0,7000,0,0,0,7000,0,7000,7000
050521,聯發科元大94購15,0,0,0,0,0,0,0,0,0,7000,0,0,0,7000,0,7000,7000
051272,嘉晶群益95購01  ,0,0,0,0,0,0,0,0,0,7000,0,0,0,7000,0,7000,7000
052612,康舒元大97購01  ,0,0,0,0,0,0,0,0,0,7000,0,0,0,7000,0,7000,7000
052527,泰鼎元大96購02  ,0,0,0,0,0,0,0,0,0,7000,0,0,0,7000,0,7000,7000
053585,友達元大9C購03  ,0,0,0,0,0,0,0,0,0,7000,0,0,0,7000,0,7000,7000
053631,欣興兆豐97購01  ,0,0,0,0,0,0,0,0,0,7000,0,0,0,12000,5000,7000,7000
053082,聯電元大98購03  ,0,0,0,0,0,0,0,0,0,7000,0,0,0,10000,3000,7000,7000
059528,華新科凱基99購06,0,0,0,0,0,0,0,0,0,7000,0,0,0,10000,3000,7000,7000
059349,台郡凱基99購04  ,0,0,0,0,0,0,0,0,0,7000,0,0,0,7000,0,7000,7000
059466,國巨元大99購26  ,0,0,0,0,0,0,0,0,0,7000,0,0,0,10000,3000,7000,7000
051756,台積電元大97購04,0,0,0,0,0,0,0,0,0,7000,0,0,0,7000,0,7000,7000
052907,嘉澤國票97購01  ,0,0,0,0,0,0,0,0,0,7000,0,0,0,7000,0,7000,7000
053162,緯穎元大97購01  ,0,0,0,0,0,0,0,0,0,7000,0,0,0,9000,2000,7000,7000
8443,阿瘦            ,7000,0,7000,0,0,0,0,0,0,0,0,0,0,0,0,0,7000
6581,鋼聯            ,7000,0,7000,0,0,0,0,0,0,0,0,0,0,0,0,0,7000
2429,銘旺科          ,25000,18000,7000,0,0,0,0,0,0,0,0,0,0,0,0,0,7000
2425,承啟            ,119000,112000,7000,0,0,0,0,0,0,0,0,0,0,0,0,0,7000
2739,寒舍            ,8000,1000,7000,0,0,0,0,0,0,0,0,0,0,0,0,0,7000
07013P,玉晶光群益9A售06,0,0,0,0,0,0,0,0,0,7000,0,0,0,7000,0,7000,7000
07118P,台積電凱基99售09,0,0,0,0,0,0,0,0,0,7000,0,0,0,7000,0,7000,7000
06970P,旺宏元大99售08  ,0,0,0,0,0,0,0,0,0,7000,0,0,0,10000,3000,7000,7000
07223P,鴻海元大99售29  ,0,0,0,0,0,0,0,0,0,7000,0,0,0,349000,342000,7000,7000
1541,錩泰            ,11000,4000,7000,0,0,0,0,0,0,0,0,0,0,0,0,0,7000
055358,臻鼎凱基97購01  ,0,0,0,0,0,0,0,0,0,6000,0,0,0,6000,0,6000,6000
058366,元大金凱基99購01,0,0,0,0,0,0,0,0,0,6000,0,0,0,6000,0,6000,6000
055232,泰碩國票98購01  ,0,0,0,0,0,0,0,0,0,6000,0,0,0,6000,0,6000,6000
055255,欣興統一97購02  ,0,0,0,0,0,0,0,0,0,6000,0,0,0,6000,0,6000,6000
059662,旭富元大9C購01  ,0,0,0,0,0,0,0,0,0,6000,0,0,0,131000,125000,6000,6000
059238,台積電凱基99購11,0,0,0,0,0,0,0,0,0,6000,0,0,0,6000,0,6000,6000
059264,台光電中信99購02,0,0,0,0,0,0,0,0,0,6000,0,0,0,74000,68000,6000,6000
055018,緯穎元富97購02  ,0,0,0,0,0,0,0,0,0,6000,0,0,0,6000,0,6000,6000
055137,GIS富邦98購01   ,0,0,0,0,0,0,0,0,0,6000,0,0,0,6000,0,6000,6000
057517,矽創元富98購02  ,0,0,0,0,0,0,0,0,0,6000,0,0,0,6000,0,6000,6000
057489,奇力新元大99購06,0,0,0,0,0,0,0,0,0,6000,0,0,0,6000,0,6000,6000
055545,國巨凱基97購06  ,0,0,0,0,0,0,0,0,0,6000,0,0,0,6000,0,6000,6000
058488,華擎國票9A購01  ,0,0,0,0,0,0,0,0,0,6000,0,0,0,6000,0,6000,6000
055618,麗豐國票98購01  ,0,0,0,0,0,0,0,0,0,6000,0,0,0,6000,0,6000,6000
058230,國巨元大99購11  ,0,0,0,0,0,0,0,0,0,6000,0,0,0,6000,0,6000,6000
058042,鴻海元大98購12  ,0,0,0,0,0,0,0,0,0,6000,0,0,0,320000,314000,6000,6000
059295,大立光元富99購05,0,0,0,0,0,0,0,0,0,6000,0,0,0,47000,41000,6000,6000
057980,聯詠永豐98購01  ,0,0,0,0,0,0,0,0,0,6000,0,0,0,6000,0,6000,6000
056772,欣興元大99購01  ,0,0,0,0,0,0,0,0,0,6000,0,0,0,11000,5000,6000,6000
054295,世芯元大96購03  ,0,0,0,0,0,0,0,0,0,6000,0,0,0,49000,43000,6000,6000
054261,智伸科元大96購03,0,0,0,0,0,0,0,0,0,6000,0,0,0,6000,0,6000,6000
051887,上証2X元富98購01,0,0,0,0,0,0,0,0,0,6000,0,0,0,6000,0,6000,6000
059345,禾伸堂凱基99購03,0,0,0,0,0,0,0,0,0,6000,0,0,0,6000,0,6000,6000
059561,滬深2X凱基9C購05,0,0,0,0,0,0,0,0,0,6000,0,0,0,6000,0,6000,6000
053761,健策國泰98購01  ,0,0,0,0,0,0,0,0,0,6000,0,0,0,6000,0,6000,6000
054697,凌華永豐97購01  ,0,0,0,0,0,0,0,0,0,6000,0,0,0,52000,46000,6000,6000
054755,世紀鋼凱基98購01,0,0,0,0,0,0,0,0,0,6000,0,0,0,6000,0,6000,6000
054133,奇力新元大97購04,0,0,0,0,0,0,0,0,0,6000,0,0,0,6000,0,6000,6000
049484,台積電元大95購02,0,0,0,0,0,0,0,0,0,6000,0,0,0,6000,0,6000,6000
052375,奇力新元大96購02,0,0,0,0,0,0,0,0,0,6000,0,0,0,6000,0,6000,6000
04792P,智邦元大94售06  ,0,0,0,0,0,0,0,0,0,6000,0,0,0,6000,0,6000,6000
050919,台積電凱基95購03,0,0,0,0,0,0,0,0,0,6000,0,0,0,6000,0,6000,6000
048850,聯電群益96購01  ,0,0,0,0,0,0,0,0,0,6000,0,0,0,99000,93000,6000,6000
049447,聯電統一94購01  ,0,0,0,0,0,0,0,0,0,6000,0,0,0,6000,0,6000,6000
049254,台積電元大96購02,0,0,0,0,0,0,0,0,0,6000,0,0,0,6000,0,6000,6000
049233,聯發科統一94購04,0,0,0,0,0,0,0,0,0,6000,0,0,0,6000,0,6000,6000
051103,緯穎元大96購03  ,0,0,0,0,0,0,0,0,0,6000,0,0,0,6000,0,6000,6000
1225,福懋油          ,6000,0,6000,0,0,0,0,0,0,0,0,0,0,0,0,0,6000
3591,艾笛森          ,9000,3000,6000,0,0,0,0,0,0,0,0,0,0,0,0,0,6000
056788,日月光群益98購01,0,0,0,0,0,0,0,0,0,5000,0,0,0,5000,0,5000,5000
056836,國巨元富98購01  ,0,0,0,0,0,0,0,0,0,5000,0,0,0,5000,0,5000,5000
057933,聯發科群益98購06,0,0,0,0,0,0,0,0,0,5000,0,0,0,5000,0,5000,5000
058019,美律凱基99購04  ,0,0,0,0,0,0,0,0,0,5000,0,0,0,5000,0,5000,5000
057945,京鼎國票99購03  ,0,0,0,0,0,0,0,0,0,5000,0,0,0,5000,0,5000,5000
059309,滬深2X元大99購02,0,0,0,0,0,0,0,0,0,5000,0,0,0,5000,0,5000,5000
056754,智易兆豐99購01  ,0,0,0,0,0,0,0,0,0,5000,0,0,0,6000,1000,5000,5000
05885P,牧德統一96售01  ,0,0,0,0,0,0,0,0,0,5000,0,0,0,5000,0,5000,5000
057828,緯穎元大99購02  ,0,0,0,0,0,0,0,0,0,5000,0,0,0,5000,0,5000,5000
057871,國巨元大99購09  ,0,0,0,0,0,0,0,0,0,5000,0,0,0,5000,0,5000,5000
056655,旺宏元大99購02  ,0,0,0,0,0,0,0,0,0,5000,0,0,0,5000,0,5000,5000
056714,晶相光永豐98購02,0,0,0,0,0,0,0,0,0,5000,0,0,0,5000,0,5000,5000
058022,樺漢凱基99購02  ,0,0,0,0,0,0,0,0,0,5000,0,0,0,5000,0,5000,5000
057999,智邦亞東99購02  ,0,0,0,0,0,0,0,0,0,5000,0,0,0,5000,0,5000,5000
056291,聯茂永豐97購03  ,0,0,0,0,0,0,0,0,0,5000,0,0,0,5000,0,5000,5000
056173,廣達元富97購01  ,0,0,0,0,0,0,0,0,0,5000,0,0,0,5000,0,5000,5000
056538,國泰金凱基98購01,0,0,0,0,0,0,0,0,0,5000,0,0,0,5000,0,5000,5000
056442,瑞昱凱基98購02  ,0,0,0,0,0,0,0,0,0,5000,0,0,0,5000,0,5000,5000
056364,亞光元大99購02  ,0,0,0,0,0,0,0,0,0,5000,0,0,0,5000,0,5000,5000
059115,美食永豐99購01  ,0,0,0,0,0,0,0,0,0,5000,0,0,0,5000,0,5000,5000
055563,智易凱基97購02  ,0,0,0,0,0,0,0,0,0,5000,0,0,0,5000,0,5000,5000
055527,旺宏群益99購03  ,0,0,0,0,0,0,0,0,0,5000,0,0,0,5000,0,5000,5000
055503,健策元大98購05  ,0,0,0,0,0,0,0,0,0,5000,0,0,0,5000,0,5000,5000
057307,瀚宇博兆豐99購01,0,0,0,0,0,0,0,0,0,5000,0,0,0,5000,0,5000,5000
057241,超眾凱基99購02  ,0,0,0,0,0,0,0,0,0,5000,0,0,0,5000,0,5000,5000
057243,樺漢凱基99購01  ,0,0,0,0,0,0,0,0,0,5000,0,0,0,5000,0,5000,5000
057248,台積電統一98購08,0,0,0,0,0,0,0,0,0,5000,0,0,0,5000,0,5000,5000
057476,國巨元大98購19  ,0,0,0,0,0,0,0,0,0,5000,0,0,0,5000,0,5000,5000
057474,T50反1元大98購09,0,0,0,0,0,0,0,0,0,5000,0,0,0,10000,5000,5000,5000
057373,大立光元大98購17,0,0,0,0,0,0,0,0,0,5000,0,0,0,5000,0,5000,5000
057639,國巨元大99購07  ,0,0,0,0,0,0,0,0,0,5000,0,0,0,5000,0,5000,5000
056929,華新科台新98購01,0,0,0,0,0,0,0,0,0,5000,0,0,0,5000,0,5000,5000
056922,全新兆豐99購01  ,0,0,0,0,0,0,0,0,0,5000,0,0,0,5000,0,5000,5000
056978,技嘉群益99購01  ,0,0,0,0,0,0,0,0,0,5000,0,0,0,5000,0,5000,5000
056987,南茂群益98購01  ,0,0,0,0,0,0,0,0,0,5000,0,0,0,5000,0,5000,5000
058075,貿聯凱基99購02  ,0,0,0,0,0,0,0,0,0,5000,0,0,0,5000,0,5000,5000
058058,大立光元富9B購02,0,0,0,0,0,0,0,0,0,5000,0,0,0,5000,0,5000,5000
055133,致新康和97購01  ,0,0,0,0,0,0,0,0,0,5000,0,0,0,5000,0,5000,5000
055041,致新富邦97購01  ,0,0,0,0,0,0,0,0,0,5000,0,0,0,5000,0,5000,5000
055049,智邦永豐97購01  ,0,0,0,0,0,0,0,0,0,5000,0,0,0,5000,0,5000,5000
059251,大立光凱基9A購04,0,0,0,0,0,0,0,0,0,5000,0,0,0,5000,0,5000,5000
058331,鴻海元富99購02  ,0,0,0,0,0,0,0,0,0,5000,0,0,0,5000,0,5000,5000
058340,高股息群益99購01,0,0,0,0,0,0,0,0,0,5000,0,0,0,5000,0,5000,5000
059221,聯發科元大99購21,0,0,0,0,0,0,0,0,0,5000,0,0,0,5000,0,5000,5000
055671,世紀鋼群益97購01,0,0,0,0,0,0,0,0,0,5000,0,0,0,5000,0,5000,5000
055773,瑞昱凱基97購03  ,0,0,0,0,0,0,0,0,0,5000,0,0,0,5000,0,5000,5000
057041,國巨元大99購04  ,0,0,0,0,0,0,0,0,0,5000,0,0,0,5000,0,5000,5000
057042,台積電元大98購10,0,0,0,0,0,0,0,0,0,5000,0,0,0,5000,0,5000,5000
057097,致新元富98購01  ,0,0,0,0,0,0,0,0,0,5000,0,0,0,5000,0,5000,5000
058286,道瓊指國票9B購01,0,0,0,0,0,0,0,0,0,5000,0,0,0,5000,0,5000,5000
059167,聯發科凱基99購11,0,0,0,0,0,0,0,0,0,5000,0,0,0,5000,0,5000,5000
058452,義隆永豐99購02  ,0,0,0,0,0,0,0,0,0,5000,0,0,0,12000,7000,5000,5000
058424,滬深2X元富99購04,0,0,0,0,0,0,0,0,0,5000,0,0,0,5000,0,5000,5000
058439,玉晶光統一01購02,0,0,0,0,0,0,0,0,0,5000,0,0,0,5000,0,5000,5000
058431,國巨統一9B購01  ,0,0,0,0,0,0,0,0,0,5000,0,0,0,5000,0,5000,5000
058412,聯發科兆豐99購01,0,0,0,0,0,0,0,0,0,5000,0,0,0,5000,0,5000,5000
058845,元油2X群益9C購04,0,0,0,0,0,0,0,0,0,5000,0,0,0,5000,0,5000,5000
058546,玉晶光富邦9B購01,0,0,0,0,0,0,0,0,0,5000,0,0,0,5000,0,5000,5000
058626,瑞昱國票9A購01  ,0,0,0,0,0,0,0,0,0,5000,0,0,0,5000,0,5000,5000
058686,祥碩凱基99購03  ,0,0,0,0,0,0,0,0,0,5000,0,0,0,5000,0,5000,5000
058774,台郡兆豐9A購01  ,0,0,0,0,0,0,0,0,0,5000,0,0,0,5000,0,5000,5000
058781,康友國票9A購01  ,0,0,0,0,0,0,0,0,0,5000,0,0,0,5000,0,5000,5000
059668,台灣50元富9B購04,0,0,0,0,0,0,0,0,0,5000,0,0,0,5000,0,5000,5000
059657,華通元大99購09  ,0,0,0,0,0,0,0,0,0,5000,0,0,0,5000,0,5000,5000
059627,旺宏凱基99購10  ,0,0,0,0,0,0,0,0,0,5000,0,0,0,5000,0,5000,5000
059628,智邦凱基99購04  ,0,0,0,0,0,0,0,0,0,5000,0,0,0,15000,10000,5000,5000
055290,玉晶光元大98購08,0,0,0,0,0,0,0,0,0,5000,0,0,0,5000,0,5000,5000
058365,奇力新凱基9A購01,0,0,0,0,0,0,0,0,0,5000,0,0,0,5000,0,5000,5000
055351,聯發科凱基97購03,0,0,0,0,0,0,0,0,0,5000,0,0,0,5000,0,5000,5000
059600,緯穎元大99購07  ,0,0,0,0,0,0,0,0,0,5000,0,0,0,5000,0,5000,5000
06145P,華新科永豐97售02,0,0,0,0,0,0,0,0,0,5000,0,0,0,5000,0,5000,5000
06198P,台積電元大98售06,0,0,0,0,0,0,0,0,0,5000,0,0,0,5000,0,5000,5000
06615P,鴻海元大9C售02  ,0,0,0,0,0,0,0,0,0,5000,0,0,0,5000,0,5000,5000
051089,旺宏元大96購04  ,0,0,0,0,0,0,0,0,0,5000,0,0,0,5000,0,5000,5000
048346,智易元大95購01  ,0,0,0,0,0,0,0,0,0,5000,0,0,0,5000,0,5000,5000
051031,康友元富95購02  ,0,0,0,0,0,0,0,0,0,5000,0,0,0,5000,0,5000,5000
05119P,聯發科國泰96售02,0,0,0,0,0,0,0,0,0,5000,0,0,0,5000,0,5000,5000
049439,牧德國泰96購01  ,0,0,0,0,0,0,0,0,0,5000,0,0,0,5000,0,5000,5000
049482,國巨元大94購06  ,0,0,0,0,0,0,0,0,0,5000,0,0,0,5000,0,5000,5000
048831,玉晶光凱基95購01,0,0,0,0,0,0,0,0,0,5000,0,0,0,5000,0,5000,5000
048732,台勝科麥證95購01,0,0,0,15000,10000,5000,0,0,0,5000,0,0,0,15000,10000,5000,5000
050952,健策群益96購01  ,0,0,0,0,0,0,0,0,0,5000,0,0,0,5000,0,5000,5000
050964,晶技永豐95購02  ,0,0,0,0,0,0,0,0,0,5000,0,0,0,5000,0,5000,5000
050811,國巨凱基95購02  ,0,0,0,0,0,0,0,0,0,5000,0,0,0,5000,0,5000,5000
04811P,上銀元大94售02  ,0,0,0,0,0,0,0,0,0,5000,0,0,0,5000,0,5000,5000
048124,大立光元大95購03,0,0,0,0,0,0,0,0,0,5000,0,0,0,5000,0,5000,5000
053867,創意元大96購04  ,0,0,0,0,0,0,0,0,0,5000,0,0,0,5000,0,5000,5000
052293,泰碩國票95購03  ,0,0,0,0,0,0,0,0,0,5000,0,0,0,5000,0,5000,5000
052329,台積電亞東96購01,0,0,0,0,0,0,0,0,0,5000,0,0,0,5000,0,5000,5000
052297,旭富國票96購01  ,0,0,0,0,0,0,0,0,0,5000,0,0,0,5000,0,5000,5000
052270,力成日盛95購01  ,0,0,0,0,0,0,0,0,0,5000,0,0,0,5000,0,5000,5000
052274,大立光群益95購03,0,0,0,0,0,0,0,0,0,5000,0,0,0,5000,0,5000,5000
049900,台積電元富94購06,0,0,0,0,0,0,0,0,0,5000,0,0,0,5000,0,5000,5000
049892,國巨富邦96購01  ,0,0,0,0,0,0,0,0,0,5000,0,0,0,5000,0,5000,5000
049784,台積電兆豐94購05,0,0,0,0,0,0,0,0,0,5000,0,0,0,15000,10000,5000,5000
054074,健策富邦98購01  ,0,0,0,0,0,0,0,0,0,5000,0,0,0,5000,0,5000,5000
054166,日電貿凱基98購01,0,0,0,0,0,0,0,0,0,5000,0,0,0,5000,0,5000,5000
051482,玉晶光凱基96購01,0,0,0,0,0,0,0,0,0,5000,0,0,0,5000,0,5000,5000
054153,宏達電國泰97購01,0,0,0,0,0,0,0,0,0,5000,0,0,0,5000,0,5000,5000
054066,緯穎國票97購03  ,0,0,0,0,0,0,0,0,0,5000,0,0,0,5000,0,5000,5000
053902,S&P反1凱基97購01,0,0,0,0,0,0,0,0,0,5000,0,0,0,5000,0,5000,5000
053962,聯茂永豐96購01  ,0,0,0,0,0,0,0,0,0,5000,0,0,0,5000,0,5000,5000
050427,台積電凱基94購34,0,0,0,0,0,0,0,0,0,5000,0,0,0,5000,0,5000,5000
050665,南電台新94購01  ,0,0,0,0,0,0,0,0,0,5000,0,0,0,5000,0,5000,5000
050636,上証2X國票94購01,0,0,0,0,0,0,0,0,0,5000,0,0,0,5000,0,5000,5000
050135,禾伸堂兆豐95購01,0,0,0,0,0,0,0,0,0,5000,0,0,0,5000,0,5000,5000
044996,嘉晶國泰95購01  ,0,0,0,0,0,0,0,0,0,5000,0,0,0,5000,0,5000,5000
04494P,台積電國票94售04,0,0,0,0,0,0,0,0,0,5000,0,0,0,5000,0,5000,5000
045055,聯發科元富98購03,0,0,0,0,0,0,0,0,0,5000,0,0,0,5000,0,5000,5000
050397,力成元富94購01  ,0,0,0,0,0,0,0,0,0,5000,0,0,0,5000,0,5000,5000
050262,台積電元大94購21,0,0,0,0,0,0,0,0,0,5000,0,0,0,5000,0,5000,5000
03993P,滬深2X中信94售03,0,0,0,0,0,0,0,0,0,5000,0,0,0,5000,0,5000,5000
046053,滬深2X群益94購01,0,0,0,0,0,0,0,0,0,5000,0,0,0,5000,0,5000,5000
00735,國泰臺韓科技    ,0,0,0,0,0,0,0,0,0,5000,0,0,0,112000,107000,5000,5000
054757,南亞國票98購01  ,0,0,0,0,0,0,0,0,0,5000,0,0,0,5000,0,5000,5000
054737,京元電凱基99購01,0,0,0,0,0,0,0,0,0,5000,0,0,0,5000,0,5000,5000
054814,台積電元大97購13,0,0,0,0,0,0,0,0,0,5000,0,0,0,5000,0,5000,5000
054918,華新科凱基98購02,0,0,0,0,0,0,0,0,0,5000,0,0,0,5000,0,5000,5000
054919,興富發凱基97購01,0,0,0,0,0,0,0,0,0,5000,0,0,0,5000,0,5000,5000
054941,凱美元大97購01  ,0,0,0,0,0,0,0,0,0,5000,0,0,0,5000,0,5000,5000
054826,復盛元大9A購01  ,0,0,0,0,0,0,0,0,0,5000,0,0,0,5000,0,5000,5000
054594,國巨麥證97購01  ,0,0,0,5000,0,5000,0,0,0,5000,0,0,0,5000,0,5000,5000
053098,國巨元富96購04  ,0,0,0,0,0,0,0,0,0,5000,0,0,0,5000,0,5000,5000
052987,華新科元大99購01,0,0,0,0,0,0,0,0,0,5000,0,0,0,5000,0,5000,5000
053776,台積電元大96購19,0,0,0,0,0,0,0,0,0,5000,0,0,0,5000,0,5000,5000
053022,欣興國泰98購01  ,0,0,0,0,0,0,0,0,0,5000,0,0,0,5000,0,5000,5000
055447,華新科統一97購04,0,0,0,0,0,0,0,0,0,5000,0,0,0,5000,0,5000,5000
055390,國巨統一98購03  ,0,0,0,0,0,0,0,0,0,5000,0,0,0,5000,0,5000,5000
059383,台灣50凱基99購03,0,0,0,0,0,0,0,0,0,5000,0,0,0,6000,1000,5000,5000
059463,台灣50元大9C購07,0,0,0,0,0,0,0,0,0,5000,0,0,0,5000,0,5000,5000
059469,智邦元大99購03  ,0,0,0,0,0,0,0,0,0,5000,0,0,0,49000,44000,5000,5000
059473,T50反1群益99購03,0,0,0,0,0,0,0,0,0,5000,0,0,0,80000,75000,5000,5000
059518,康控永豐99購01  ,0,0,0,0,0,0,0,0,0,5000,0,0,0,18000,13000,5000,5000
059510,華新科永豐99購07,0,0,0,0,0,0,0,0,0,5000,0,0,0,5000,0,5000,5000
051776,上証2X群益99購01,0,0,0,0,0,0,0,0,0,5000,0,0,0,5000,0,5000,5000
051748,超眾國泰96購01  ,0,0,0,0,0,0,0,0,0,5000,0,0,0,5000,0,5000,5000
051796,和碩康和95購01  ,0,0,0,0,0,0,0,0,0,5000,0,0,0,5000,0,5000,5000
051560,玉晶光國泰97購03,0,0,0,0,0,0,0,0,0,5000,0,0,0,5000,0,5000,5000
051653,南電永豐95購02  ,0,0,0,0,0,0,0,0,0,5000,0,0,0,5000,0,5000,5000
052205,台積電中信95購09,0,0,0,0,0,0,0,0,0,5000,0,0,0,5000,0,5000,5000
052056,緯穎凱基95購04  ,0,0,0,0,0,0,0,0,0,5000,0,0,0,5000,0,5000,5000
052038,國巨永昌96購01  ,0,0,0,0,0,0,0,0,0,5000,0,0,0,5000,0,5000,5000
052809,訊芯元大97購01  ,0,0,0,0,0,0,0,0,0,5000,0,0,0,5000,0,5000,5000
054266,緯穎元大96購07  ,0,0,0,0,0,0,0,0,0,5000,0,0,0,16000,11000,5000,5000
054332,世芯永豐97購01  ,0,0,0,0,0,0,0,0,0,5000,0,0,0,5000,0,5000,5000
054352,世芯國泰98購01  ,0,0,0,0,0,0,0,0,0,5000,0,0,0,5000,0,5000,5000
054399,智易永豐96購03  ,0,0,0,0,0,0,0,0,0,5000,0,0,0,5000,0,5000,5000
054470,緯穎國票97購04  ,0,0,0,0,0,0,0,0,0,5000,0,0,0,5000,0,5000,5000
053304,可成凱基96購03  ,0,0,0,0,0,0,0,0,0,5000,0,0,0,5000,0,5000,5000
053245,全新國票97購01  ,0,0,0,0,0,0,0,0,0,5000,0,0,0,5000,0,5000,5000
053402,A50正2群益9A購02,0,0,0,0,0,0,0,0,0,5000,0,0,0,5000,0,5000,5000
053451,致新凱基96購02  ,0,0,0,0,0,0,0,0,0,5000,0,0,0,5000,0,5000,5000
053464,喬山元大96購01  ,0,0,0,0,0,0,0,0,0,5000,0,0,0,5000,0,5000,5000
1101B,台泥乙特        ,0,0,0,0,0,0,0,0,0,5000,5000,0,5000,0,0,0,5000
07237P,台灣50國票99售06,0,0,0,0,0,0,0,0,0,5000,0,0,0,5000,0,5000,5000
07239P,台灣50國票9A售04,0,0,0,0,0,0,0,0,0,5000,0,0,0,25000,20000,5000,5000
06888P,日月光元大98售02,0,0,0,0,0,0,0,0,0,5000,0,0,0,5000,0,5000,5000
06894P,鈺齊元富98售03  ,0,0,0,0,0,0,0,0,0,5000,0,0,0,5000,0,5000,5000
06872P,亞德客元富98售04,0,0,0,0,0,0,0,0,0,5000,0,0,0,5000,0,5000,5000
07164P,臺股指群益99售15,0,0,0,0,0,0,0,0,0,5000,0,0,0,47000,42000,5000,5000
07094P,華通國票9A售03  ,0,0,0,0,0,0,0,0,0,5000,0,0,0,5000,0,5000,5000
07099P,台積電元大99售19,0,0,0,0,0,0,0,0,0,5000,0,0,0,5000,0,5000,5000
1423,利華            ,6000,1000,5000,0,0,0,0,0,0,0,0,0,0,0,0,0,5000
06394P,台積電元大97售28,0,0,0,0,0,0,0,0,0,5000,0,0,0,5000,0,5000,5000
06176P,台積電元大97售22,0,0,0,0,0,0,0,0,0,4000,0,0,0,4000,0,4000,4000
06125P,楠梓電元富99售01,0,0,0,0,0,0,0,0,0,4000,0,0,0,4000,0,4000,4000
06098P,T50反1日盛97售02,0,0,0,0,0,0,0,0,0,4000,0,0,0,4000,0,4000,4000
059579,聯發科元富99購06,0,0,0,0,0,0,0,0,0,4000,0,0,0,4000,0,4000,4000
055909,大成鋼凱基98購02,0,0,0,0,0,0,0,0,0,4000,0,0,0,4000,0,4000,4000
055952,上銀元大97購08  ,0,0,0,0,0,0,0,0,0,4000,0,0,0,4000,0,4000,4000
058776,台積電國票9A購03,0,0,0,0,0,0,0,0,0,4000,0,0,0,4000,0,4000,4000
058669,上銀群益99購01  ,0,0,0,0,0,0,0,0,0,4000,0,0,0,4000,0,4000,4000
059211,鴻海元大99購27  ,0,0,0,0,0,0,0,0,0,4000,0,0,0,4000,0,4000,4000
058074,欣興凱基99購01  ,0,0,0,0,0,0,0,0,0,4000,0,0,0,6000,2000,4000,4000
057772,台積電群益99購01,0,0,0,0,0,0,0,0,0,4000,0,0,0,4000,0,4000,4000
05552P,聯詠群益96售01  ,0,0,0,0,0,0,0,0,0,4000,0,0,0,10000,6000,4000,4000
055582,亞德客元大97購01,0,0,0,0,0,0,0,0,0,4000,0,0,0,10000,6000,4000,4000
058204,世芯凱基9A購01  ,0,0,0,0,0,0,0,0,0,4000,0,0,0,12000,8000,4000,4000
056454,欣興凱基98購02  ,0,0,0,0,0,0,0,0,0,4000,0,0,0,4000,0,4000,4000
055992,智原台新97購02  ,0,0,0,0,0,0,0,0,0,4000,0,0,0,4000,0,4000,4000
056575,禾伸堂元大99購01,0,0,0,0,0,0,0,0,0,4000,0,0,0,4000,0,4000,4000
056581,超眾元大99購01  ,0,0,0,0,0,0,0,0,0,4000,0,0,0,4000,0,4000,4000
056153,華新科凱基97購02,0,0,0,0,0,0,0,0,0,4000,0,0,0,6000,2000,4000,4000
059033,元油2X群益9C購05,0,0,0,0,0,0,0,0,0,4000,0,0,0,15000,11000,4000,4000
056660,臺股指元大9A購07,0,0,0,0,0,0,0,0,0,4000,0,0,0,4000,0,4000,4000
057909,台光電兆豐98購01,0,0,0,0,0,0,0,0,0,4000,0,0,0,4000,0,4000,4000
058875,台表科國票9A購02,0,0,0,0,0,0,0,0,0,4000,0,0,0,4000,0,4000,4000
059315,鴻海元大99購30  ,0,0,0,0,0,0,0,0,0,4000,0,0,0,4000,0,4000,4000
054385,矽創群益98購01  ,0,0,0,0,0,0,0,0,0,4000,0,0,0,4000,0,4000,4000
054354,技嘉富邦97購01  ,0,0,0,0,0,0,0,0,0,4000,0,0,0,4000,0,4000,4000
05281P,南亞科元大95售03,0,0,0,0,0,0,0,0,0,4000,0,0,0,11000,7000,4000,4000
052671,祥碩群益96購01  ,0,0,0,0,0,0,0,0,0,4000,0,0,0,4000,0,4000,4000
051641,矽創國票96購01  ,0,0,0,0,0,0,0,0,0,4000,0,0,0,50000,46000,4000,4000
051697,康友中信95購02  ,0,0,0,0,0,0,0,0,0,4000,0,0,0,4000,0,4000,4000
051840,康友國泰97購02  ,0,0,0,0,0,0,0,0,0,4000,0,0,0,4000,0,4000,4000
059531,華新科凱基9B購02,0,0,0,0,0,0,0,0,0,4000,0,0,0,4000,0,4000,4000
055472,大立光凱基97購07,0,0,0,0,0,0,0,0,0,4000,0,0,0,4000,0,4000,4000
056600,聯茂元富98購01  ,0,0,0,0,0,0,0,0,0,4000,0,0,0,4000,0,4000,4000
053115,滬深2X中信97購01,0,0,0,0,0,0,0,0,0,4000,0,0,0,4000,0,4000,4000
053718,全新凱基97購02  ,0,0,0,0,0,0,0,0,0,4000,0,0,0,16000,12000,4000,4000
053562,玉晶光國泰98購02,0,0,0,0,0,0,0,0,0,4000,0,0,0,4000,0,4000,4000
054563,泰碩群益99購01  ,0,0,0,0,0,0,0,0,0,4000,0,0,0,4000,0,4000,4000
054554,大立光凱基98購02,0,0,0,0,0,0,0,0,0,4000,0,0,0,4000,0,4000,4000
054922,文曄凱基98購01  ,0,0,0,0,0,0,0,0,0,4000,0,0,0,4000,0,4000,4000
05477P,華新科群益95售06,0,0,0,0,0,0,0,0,0,4000,0,0,0,4000,0,4000,4000
0053,元大電子        ,0,0,0,0,0,0,0,0,0,4000,0,0,0,13000,9000,4000,4000
035275,台積電台新97購01,0,0,0,0,0,0,0,0,0,4000,0,0,0,4000,0,4000,4000
050039,鴻海中信94購03  ,0,0,0,0,0,0,0,0,0,4000,0,0,0,4000,0,4000,4000
053887,聯茂兆豐97購02  ,0,0,0,0,0,0,0,0,0,4000,0,0,0,4000,0,4000,4000
049803,華新科元大95購07,0,0,0,0,0,0,0,0,0,4000,0,0,0,4000,0,4000,4000
049579,鴻海元大94購06  ,0,0,0,0,0,0,0,0,0,4000,0,0,0,4000,0,4000,4000
052237,嘉澤國票96購02  ,0,0,0,0,0,0,0,0,0,4000,0,0,0,4000,0,4000,4000
05234P,美食康和95售01  ,0,0,0,0,0,0,0,0,0,4000,0,0,0,15000,11000,4000,4000
048797,美律國泰95購02  ,0,0,0,0,0,0,0,0,0,4000,0,0,0,4000,0,4000,4000
048629,滬深2X元大96購04,0,0,0,0,0,0,0,0,0,4000,0,0,0,4000,0,4000,4000
051251,信邦元大95購01  ,0,0,0,0,0,0,0,0,0,4000,0,0,0,10000,6000,4000,4000
051023,S&P反1統一95購02,0,0,0,0,0,0,0,0,0,4000,0,0,0,4000,0,4000,4000
06427P,鴻海元大97售13  ,0,0,0,0,0,0,0,0,0,4000,0,0,0,4000,0,4000,4000
1456,怡華            ,4000,0,4000,0,0,0,0,0,0,0,0,0,0,0,0,0,4000
07089P,臺指2X中信01售01,0,0,0,0,0,0,0,0,0,4000,0,0,0,4000,0,4000,4000
06931P,大立光元大98售20,0,0,0,0,0,0,0,0,0,4000,0,0,0,4000,0,4000,4000
06962P,華新科永豐99售01,0,0,0,0,0,0,0,0,0,4000,0,0,0,5000,1000,4000,4000
6288,聯嘉            ,543000,547000,-4000,0,0,0,0,0,0,8000,10000,2000,8000,0,0,0,4000
2936,客思達-KY       ,4000,0,4000,0,0,0,0,0,0,0,0,0,0,0,0,0,4000
057978,聯發科永豐98購05,0,0,0,0,0,0,0,0,0,3000,0,0,0,3000,0,3000,3000
05790P,臺股指永昌96售07,0,0,0,0,0,0,0,0,0,3000,0,0,0,3000,0,3000,3000
059002,聯發科元大99購18,0,0,0,0,0,0,0,0,0,3000,0,0,0,3000,0,3000,3000
056273,祥碩統一97購02  ,0,0,0,0,0,0,0,0,0,3000,0,0,0,3000,0,3000,3000
058046,國巨元大9A購01  ,0,0,0,0,0,0,0,0,0,3000,0,0,0,3000,0,3000,3000
055995,華擎國泰99購01  ,0,0,0,0,0,0,0,0,0,3000,0,0,0,4000,1000,3000,3000
056396,祥碩永豐98購01  ,0,0,0,0,0,0,0,0,0,3000,0,0,0,3000,0,3000,3000
059050,元油2X凱基9B購08,0,0,0,0,0,0,0,0,0,3000,0,0,0,3000,0,3000,3000
055606,矽創元大97購01  ,0,0,0,0,0,0,0,0,0,3000,0,0,0,3000,0,3000,3000
059094,臻鼎元大99購03  ,0,0,0,0,0,0,0,0,0,3000,0,0,0,3000,0,3000,3000
057282,大立光元大99購06,0,0,0,0,0,0,0,0,0,3000,0,0,0,3000,0,3000,3000
057276,全新元大99購03  ,0,0,0,0,0,0,0,0,0,3000,0,0,0,3000,0,3000,3000
056107,智易永豐97購02  ,0,0,0,0,0,0,0,0,0,3000,0,0,0,3000,0,3000,3000
056080,世紀鋼元大97購03,0,0,0,0,0,0,0,0,0,3000,0,0,0,3000,0,3000,3000
057702,同欣電群益99購01,0,0,0,0,0,0,0,0,0,3000,0,0,0,3000,0,3000,3000
057550,聯發科凱基02購01,0,0,0,0,0,0,0,0,0,3000,0,0,0,3000,0,3000,3000
057410,南電群益98購01  ,0,0,0,0,0,0,0,0,0,3000,0,0,0,3000,0,3000,3000
057447,智邦元富02購01  ,0,0,0,0,0,0,0,0,0,3000,0,0,0,3000,0,3000,3000
057488,聯發科元大99購02,0,0,0,0,0,0,0,0,0,3000,0,0,0,3000,0,3000,3000
059217,台積電元大99購30,0,0,0,0,0,0,0,0,0,3000,0,0,0,3000,0,3000,3000
059257,臺股指凱基99購35,0,0,0,0,0,0,0,0,0,3000,0,0,0,8000,5000,3000,3000
058255,臺股指元大9A購19,0,0,0,0,0,0,0,0,0,3000,0,0,0,3000,0,3000,3000
057074,立積永豐98購01  ,0,0,0,0,0,0,0,0,0,3000,0,0,0,9000,6000,3000,3000
057022,智邦凱基98購04  ,0,0,0,0,0,0,0,0,0,3000,0,0,0,3000,0,3000,3000
058793,鴻海元大99購19  ,0,0,0,0,0,0,0,0,0,3000,0,0,0,318000,315000,3000,3000
058745,元金2X凱基9C購02,0,0,0,0,0,0,0,0,0,3000,0,0,0,3000,0,3000,3000
058600,國巨元大99購15  ,0,0,0,0,0,0,0,0,0,3000,0,0,0,3000,0,3000,3000
058569,健策凱基9A購01  ,0,0,0,0,0,0,0,0,0,3000,0,0,0,3000,0,3000,3000
058823,聯發科富邦9C購01,0,0,0,0,0,0,0,0,0,3000,0,0,0,3000,0,3000,3000
058840,T50反1群益99購02,0,0,0,0,0,0,0,0,0,3000,0,0,0,3000,0,3000,3000
058451,智邦永豐9A購01  ,0,0,0,0,0,0,0,0,0,3000,0,0,0,3000,0,3000,3000
057153,祥碩國泰99購01  ,0,0,0,0,0,0,0,0,0,3000,0,0,0,3000,0,3000,3000
055872,亞泥元富97購01  ,0,0,0,0,0,0,0,0,0,3000,0,0,0,3000,0,3000,3000
055834,國巨元大97購13  ,0,0,0,0,0,0,0,0,0,3000,0,0,0,3000,0,3000,3000
055304,瑞昱第一98購01  ,0,0,0,0,0,0,0,0,0,3000,0,0,0,3000,0,3000,3000
055233,康友國票98購01  ,0,0,0,0,0,0,0,0,0,3000,0,0,0,3000,0,3000,3000
055229,大毅國票97購02  ,0,0,0,0,0,0,0,0,0,3000,0,0,0,3000,0,3000,3000
05719P,可成元大96售03  ,0,0,0,0,0,0,0,0,0,3000,0,0,0,65000,62000,3000,3000
059670,T50正2元富99購04,0,0,0,0,0,0,0,0,0,3000,0,0,0,3000,0,3000,3000
059673,玉山金元富99購01,0,0,0,0,0,0,0,0,0,3000,0,0,0,4000,1000,3000,3000
059710,上証2X元大9C購02,0,0,0,0,0,0,0,0,0,3000,0,0,0,5000,2000,3000,3000
06134P,緯穎元富97售03  ,0,0,0,0,0,0,0,0,0,3000,0,0,0,3000,0,3000,3000
06265P,美律凱基97售01  ,0,0,0,0,0,0,0,0,0,3000,0,0,0,3000,0,3000,3000
06268P,聯詠凱基97售02  ,0,0,0,0,0,0,0,0,0,3000,0,0,0,3000,0,3000,3000
06498P,臺股指元大9A售03,0,0,0,0,0,0,0,0,0,3000,0,0,0,3000,0,3000,3000
06771P,台灣50中信02售01,0,0,0,0,0,0,0,0,0,3000,0,0,0,3000,0,3000,3000
06682P,玉晶光元大99售08,0,0,0,0,0,0,0,0,0,3000,0,0,0,3000,0,3000,3000
04888P,臺股指凱基95售03,0,0,0,0,0,0,0,0,0,3000,0,0,0,3000,0,3000,3000
050957,T50反1台新05購01,0,0,0,0,0,0,0,0,0,3000,0,0,0,4000,1000,3000,3000
04828P,聯發科凱基94售15,0,0,0,0,0,0,0,0,0,3000,0,0,0,3000,0,3000,3000
048190,道瓊反元大96購02,0,0,0,0,0,0,0,0,0,3000,0,0,0,3000,0,3000,3000
049972,南電國票95購02  ,0,0,0,0,0,0,0,0,0,3000,0,0,0,3000,0,3000,3000
052278,國巨凱基95購06  ,0,0,0,0,0,0,0,0,0,3000,0,0,0,3000,0,3000,3000
053792,百和元大96購01  ,0,0,0,0,0,0,0,0,0,3000,0,0,0,3000,0,3000,3000
052431,茂林永豐95購03  ,0,0,0,0,0,0,0,0,0,3000,0,0,0,3000,0,3000,3000
049582,台積電元大95購03,0,0,0,0,0,0,0,0,0,3000,0,0,0,3000,0,3000,3000
049685,T50反1元大94購01,0,0,0,0,0,0,0,0,0,3000,0,0,0,3000,0,3000,3000
049899,台積電元富94購05,0,0,0,0,0,0,0,0,0,3000,0,0,0,3000,0,3000,3000
054039,元油反元大96購08,0,0,0,0,0,0,0,0,0,3000,0,0,0,3000,0,3000,3000
04846P,旺宏凱基94售07  ,0,0,0,0,0,0,0,0,0,3000,0,0,0,3000,0,3000,3000
04854P,鴻海國泰96售04  ,0,0,0,0,0,0,0,0,0,3000,0,0,0,3000,0,3000,3000
045678,華新科元大95購01,0,0,0,0,0,0,0,0,0,3000,0,0,0,3000,0,3000,3000
03021P,玉晶光群益02售25,0,0,0,0,0,0,0,0,0,3000,0,0,0,3000,0,3000,3000
047579,大立光群益94購02,0,0,0,0,0,0,0,0,0,3000,0,0,0,3000,0,3000,3000
047014,元油反元大99購01,0,0,0,0,0,0,0,0,0,3000,0,0,0,3000,0,3000,3000
046866,台積電統一94購03,0,0,0,0,0,0,0,0,0,3000,0,0,0,3000,0,3000,3000
046477,台積電統一94購02,0,0,0,0,0,0,0,0,0,3000,0,0,0,3000,0,3000,3000
054753,復盛凱基98購01  ,0,0,0,0,0,0,0,0,0,3000,0,0,0,3000,0,3000,3000
054766,智原國票98購01  ,0,0,0,0,0,0,0,0,0,3000,0,0,0,3000,0,3000,3000
054707,聯茂亞東97購01  ,0,0,0,0,0,0,0,0,0,3000,0,0,0,3000,0,3000,3000
053564,台積電富邦99購01,3000,0,3000,0,0,0,0,0,0,0,0,0,0,0,0,0,3000
053661,嘉澤凱基97購01  ,0,0,0,0,0,0,0,0,0,3000,0,0,0,3000,0,3000,3000
053089,貿聯元大97購02  ,0,0,0,0,0,0,0,0,0,3000,0,0,0,3000,0,3000,3000
056606,華新科富邦9A購02,0,0,0,0,0,0,0,0,0,3000,0,0,0,3000,0,3000,3000
051845,世紀鋼富邦96購01,0,0,0,0,0,0,0,0,0,3000,0,0,0,3000,0,3000,3000
051823,矽力元富95購02  ,0,0,0,0,0,0,0,0,0,3000,0,0,0,3000,0,3000,3000
051412,奇力新國票96購01,0,0,0,0,0,0,0,0,0,3000,0,0,0,3000,0,3000,3000
052104,英業達兆豐96購01,0,0,0,0,0,0,0,0,0,3000,0,0,0,3000,0,3000,3000
052858,華通凱基97購02  ,0,0,0,0,0,0,0,0,0,3000,0,0,0,3000,0,3000,3000
05319P,上銀凱基95售02  ,0,0,0,0,0,0,0,0,0,3000,0,0,0,3000,0,3000,3000
2704,國賓            ,26000,23000,3000,0,0,0,0,0,0,0,0,0,0,0,0,0,3000
2477,美隆電          ,12000,6000,6000,0,0,0,0,0,0,-3000,0,3000,-3000,0,0,0,3000
2466,冠西電          ,6000,3000,3000,0,0,0,0,0,0,0,0,0,0,0,0,0,3000
4557,永新-KY         ,6000,3000,3000,0,0,0,0,0,0,0,0,0,0,0,0,0,3000
4576,大銀微系統      ,28000,25000,3000,0,0,0,0,0,0,0,0,0,0,0,0,0,3000
06957P,FBVIX凱基01售01 ,0,0,0,0,0,0,0,0,0,3000,0,0,0,3000,0,3000,3000
07109P,聯發科中信9B售02,0,0,0,0,0,0,0,0,0,3000,0,0,0,3000,0,3000,3000
07232P,台灣50元大01售07,0,0,0,0,0,0,0,0,0,3000,0,0,0,5000,2000,3000,3000
07210P,智邦凱基99售03  ,0,0,0,0,0,0,0,0,0,3000,0,0,0,3000,0,3000,3000
1307,三芳            ,12000,9000,3000,0,0,0,0,0,0,0,0,0,0,0,0,0,3000
1453,大將            ,3000,0,3000,0,0,0,0,0,0,0,0,0,0,0,0,0,3000
1529,樂士            ,0,0,0,0,0,0,0,0,0,3000,3000,0,3000,0,0,0,3000
06397P,T50反1凱基9A售03,0,0,0,0,0,0,0,0,0,3000,0,0,0,3000,0,3000,3000
07302P,臺股指元大9A售35,0,0,0,0,0,0,0,0,0,3000,0,0,0,30000,27000,3000,3000
2032,新鋼            ,3000,0,3000,0,0,0,0,0,0,0,0,0,0,0,0,0,3000
1614,三洋電          ,7000,4000,3000,0,0,0,0,0,0,0,0,0,0,0,0,0,3000
06839P,玉晶光統一9A售05,0,0,0,0,0,0,0,0,0,2000,0,0,0,2000,0,2000,2000
06499P,臺股指元大9A售04,0,0,0,0,0,0,0,0,0,2000,0,0,0,2000,0,2000,2000
06431P,新日興元大97售05,0,0,0,0,0,0,0,0,0,2000,0,0,0,50000,48000,2000,2000
059633,聯發科凱基9A購07,0,0,0,0,0,0,0,0,0,2000,0,0,0,7000,5000,2000,2000
055198,奇力新第一97購01,0,0,0,0,0,0,0,0,0,2000,0,0,0,2000,0,2000,2000
055305,旺宏群益99購01  ,0,0,0,0,0,0,0,0,0,2000,0,0,0,2000,0,2000,2000
055313,南電群益97購01  ,0,0,0,0,0,0,0,0,0,2000,0,0,0,2000,0,2000,2000
059137,電子類群益99購01,0,0,0,0,0,0,0,0,0,2000,0,0,0,21000,19000,2000,2000
058581,大立光群益99購05,0,0,0,0,0,0,0,0,0,2000,0,0,0,2000,0,2000,2000
058783,臺股指國票99購02,0,0,0,0,0,0,0,0,0,2000,0,0,0,2000,0,2000,2000
058685,TPK凱基99購01   ,0,0,0,0,0,0,0,0,0,2000,0,0,0,2000,0,2000,2000
055796,南電國泰98購01  ,0,0,0,0,0,0,0,0,0,2000,0,0,0,2000,0,2000,2000
059223,大立光元大99購14,0,0,0,0,0,0,0,0,0,2000,0,0,0,2000,0,2000,2000
059214,國巨元大99購20  ,0,0,0,0,0,0,0,0,0,2000,0,0,0,6000,4000,2000,2000
058332,鴻海元富99購03  ,0,0,0,0,0,0,0,0,0,2000,0,0,0,2000,0,2000,2000
055012,茂林元富97購01  ,0,0,0,0,0,0,0,0,0,2000,0,0,0,2000,0,2000,2000
055142,健策永豐98購01  ,0,0,0,0,0,0,0,0,0,2000,0,0,0,2000,0,2000,2000
055127,台虹兆豐97購01  ,0,0,0,0,0,0,0,0,0,2000,0,0,0,2000,0,2000,2000
057518,世紀鋼元富98購01,0,0,0,0,0,0,0,0,0,2000,0,0,0,2000,0,2000,2000
057645,華新科元大99購11,0,0,0,0,0,0,0,0,0,2000,0,0,0,2000,0,2000,2000
058080,台積電群益98購06,0,0,0,0,0,0,0,0,0,2000,0,0,0,2000,0,2000,2000
057795,鴻海兆豐99購02  ,0,0,0,0,0,0,0,0,0,2000,0,0,0,2000,0,2000,2000
057749,華新科國票99購01,0,0,0,0,0,0,0,0,0,2000,0,0,0,2000,0,2000,2000
057727,華邦電國泰9A購01,0,0,0,0,0,0,0,0,0,2000,0,0,0,2000,0,2000,2000
055561,奇鋐凱基97購01  ,0,0,0,0,0,0,0,0,0,2000,0,0,0,2000,0,2000,2000
055534,晶技群益97購03  ,0,0,0,0,0,0,0,0,0,2000,0,0,0,2000,0,2000,2000
059073,元油2X元大9C購14,0,0,0,0,0,0,0,0,0,2000,0,0,0,2000,0,2000,2000
058473,上銀凱基9A購03  ,0,0,0,0,0,0,0,0,0,2000,0,0,0,2000,0,2000,2000
05849P,臺股指元大96售25,0,0,0,0,0,0,0,0,0,2000,0,0,0,2000,0,2000,2000
058173,台積電凱基99購04,0,0,0,0,0,0,0,0,0,2000,0,0,0,2000,0,2000,2000
056577,玉晶光元大99購06,0,0,0,0,0,0,0,0,0,2000,0,0,0,2000,0,2000,2000
05630P,大立光永昌96售06,0,0,0,0,0,0,0,0,0,2000,0,0,0,2000,0,2000,2000
058998,鴻海元大99購22  ,0,0,0,0,0,0,0,0,0,2000,0,0,0,320000,318000,2000,2000
058995,台達電元大99購01,0,0,0,0,0,0,0,0,0,2000,0,0,0,2000,0,2000,2000
056135,緯創元大98購01  ,0,0,0,0,0,0,0,0,0,2000,0,0,0,2000,0,2000,2000
058043,鴻海元大98購13  ,0,0,0,0,0,0,0,0,0,2000,0,0,0,612000,610000,2000,2000
057910,華新科兆豐99購02,0,0,0,0,0,0,0,0,0,2000,0,0,0,12000,10000,2000,2000
05786P,臺股指永昌96售03,0,0,0,0,0,0,0,0,0,2000,0,0,0,2000,0,2000,2000
058852,貿聯群益99購04  ,0,0,0,0,0,0,0,0,0,2000,0,0,0,2000,0,2000,2000
058885,元石油元大9C購02,0,0,0,0,0,0,0,0,0,2000,0,0,0,2000,0,2000,2000
058890,元油2X元大9C購06,0,0,0,0,0,0,0,0,0,2000,0,0,0,2000,0,2000,2000
056657,華邦電元大99購01,0,0,0,0,0,0,0,0,0,2000,0,0,0,2000,0,2000,2000
05788P,臺股指永昌96售05,0,0,0,0,0,0,0,0,0,2000,0,0,0,2000,0,2000,2000
057835,華擎元富9B購01  ,0,0,0,0,0,0,0,0,0,2000,0,0,0,331000,329000,2000,2000
057930,旺宏群益99購04  ,0,0,0,0,0,0,0,0,0,2000,0,0,0,2000,0,2000,2000
059325,超眾元大99購05  ,0,0,0,0,0,0,0,0,0,2000,0,0,0,3000,1000,2000,2000
053195,玉晶光元富96購02,0,0,0,0,0,0,0,0,0,2000,0,0,0,2000,0,2000,2000
053487,台泥兆豐97購01  ,0,0,0,0,0,0,0,0,0,2000,0,0,0,2000,0,2000,2000
053359,矽力統一96購02  ,0,0,0,0,0,0,0,0,0,2000,0,0,0,2000,0,2000,2000
054296,世芯元大97購01  ,0,0,0,0,0,0,0,0,0,2000,0,0,0,42000,40000,2000,2000
052132,旺宏凱基9B購01  ,0,0,0,0,0,0,0,0,0,2000,0,0,0,2000,0,2000,2000
052076,可成元富98購01  ,0,0,0,0,0,0,0,0,0,2000,0,0,0,2000,0,2000,2000
051735,台積電國票96購06,0,0,0,0,0,0,0,0,0,2000,0,0,0,2000,0,2000,2000
051638,聯茂國票96購01  ,0,0,0,0,0,0,0,0,0,2000,0,0,0,2000,0,2000,2000
051536,玉晶光國票97購01,0,0,0,0,0,0,0,0,0,2000,0,0,0,2000,0,2000,2000
056624,景碩永豐98購01  ,0,0,0,0,0,0,0,0,0,2000,0,0,0,2000,0,2000,2000
055419,國巨永豐97購03  ,0,0,0,0,0,0,0,0,0,2000,0,0,0,14000,12000,2000,2000
053152,大立光元大99購01,0,0,0,0,0,0,0,0,0,2000,0,0,0,2000,0,2000,2000
053069,同欣電群益98購01,0,0,0,0,0,0,0,0,0,2000,0,0,0,2000,0,2000,2000
053006,玉晶光永豐96購03,0,0,0,0,0,0,0,0,0,2000,0,0,0,2000,0,2000,2000
054717,亞德客永豐97購01,0,0,0,0,0,0,0,0,0,2000,0,0,0,6000,4000,2000,2000
054680,華新科康和97購02,0,0,0,0,0,0,0,0,0,2000,0,0,0,2000,0,2000,2000
054926,神達凱基98購01  ,0,0,0,0,0,0,0,0,0,2000,0,0,0,2000,0,2000,2000
054773,台郡國票98購01  ,0,0,0,0,0,0,0,0,0,2000,0,0,0,2000,0,2000,2000
054756,世紀鋼凱基99購01,0,0,0,0,0,0,0,0,0,2000,0,0,0,7000,5000,2000,2000
054540,泰鼎國票99購01  ,0,0,0,0,0,0,0,0,0,2000,0,0,0,2000,0,2000,2000
05459P,聯詠凱基95售03  ,0,0,0,0,0,0,0,0,0,2000,0,0,0,2000,0,2000,2000
05490P,鴻海元大95售23  ,0,0,0,0,0,0,0,0,0,2000,0,0,0,2000,0,2000,2000
054905,國揚康和97購01  ,0,0,0,0,0,0,0,0,0,2000,0,0,0,2000,0,2000,2000
046934,智邦元富96購01  ,0,0,0,0,0,0,0,0,0,2000,0,0,0,2000,0,2000,2000
04727P,臺股指凱基96售03,0,0,0,0,0,0,0,0,0,2000,0,0,0,2000,0,2000,2000
03016X,元展16          ,0,0,0,0,0,0,0,0,0,2000,0,0,0,2000,0,2000,2000
036084,台灣50台新98購01,0,0,0,0,0,0,0,0,0,2000,0,0,0,2000,0,2000,2000
006204,永豐臺灣加權    ,0,0,0,0,0,0,0,0,0,2000,0,0,0,2000,0,2000,2000
00643,群益深証中小    ,31000,31000,0,0,0,0,0,0,0,2000,0,0,0,68000,66000,2000,2000
00865B,國泰US短期公債  ,0,0,0,0,0,0,0,0,0,2000,0,0,0,2000,0,2000,2000
00682U,元大美元指數    ,0,0,0,0,0,0,0,0,0,2000,0,0,0,5000,3000,2000,2000
04506P,旺宏元大94售06  ,0,0,0,0,0,0,0,0,0,2000,0,0,0,2000,0,2000,2000
050402,緯穎中信96購01  ,0,0,0,0,0,0,0,0,0,2000,0,0,0,2000,0,2000,2000
050322,世紀鋼國票95購01,0,0,0,0,0,0,0,0,0,2000,0,0,0,2000,0,2000,2000
050371,台積電元大94購25,0,0,0,0,0,0,0,0,0,2000,0,0,0,2000,0,2000,2000
03960P,新日興元富96售02,0,0,0,0,0,0,0,0,0,2000,0,0,0,2000,0,2000,2000
04376P,漢唐元大94售04  ,0,0,0,0,0,0,0,0,0,2000,0,0,0,2000,0,2000,2000
048548,緯穎永豐93購02  ,0,0,0,0,0,0,0,0,0,2000,0,0,0,2000,0,2000,2000
050732,台虹國票94購01  ,0,0,0,0,0,0,0,0,0,2000,0,0,0,2000,0,2000,2000
04999P,南電永豐95售01  ,0,0,0,0,0,0,0,0,0,2000,0,0,0,2000,0,2000,2000
050540,台積電凱基94購38,0,0,0,0,0,0,0,0,0,2000,0,0,0,2000,0,2000,2000
05390P,康友群益95售04  ,0,0,0,0,0,0,0,0,0,2000,0,0,0,2000,0,2000,2000
049611,緯穎兆豐95購02  ,0,0,0,0,0,0,0,0,0,2000,0,0,0,10000,8000,2000,2000
052378,矽力元大96購01  ,0,0,0,0,0,0,0,0,0,2000,0,0,0,2000,0,2000,2000
049982,嘉晶凱基94購01  ,0,0,0,0,0,0,0,0,0,2000,0,0,0,20000,18000,2000,2000
048058,大立光國泰95購01,0,0,0,0,0,0,0,0,0,2000,0,0,0,2000,0,2000,2000
047905,元油反元大96購04,0,0,0,0,0,0,0,0,0,2000,0,0,0,2000,0,2000,2000
051283,亞德客統一95購01,0,0,0,0,0,0,0,0,0,2000,0,0,0,9000,7000,2000,2000
051258,鈺齊國泰97購01  ,0,0,0,0,0,0,0,0,0,2000,0,0,0,2000,0,2000,2000
050948,華固群益95購01  ,0,0,0,0,0,0,0,0,0,2000,0,0,0,2000,0,2000,2000
05082P,健策永豐95售02  ,0,0,0,0,0,0,0,0,0,2000,0,0,0,2000,0,2000,2000
050844,大立光國票96購01,0,0,0,0,0,0,0,0,0,2000,0,0,0,2000,0,2000,2000
051065,台積電國票96購01,0,0,0,0,0,0,0,0,0,2000,0,0,0,2000,0,2000,2000
051066,台積電國票96購02,0,0,0,0,0,0,0,0,0,2000,0,0,0,2000,0,2000,2000
051094,健策元大96購03  ,0,0,0,0,0,0,0,0,0,2000,0,0,0,6000,4000,2000,2000
1806,冠軍            ,2000,0,2000,0,0,0,0,0,0,0,0,0,0,0,0,0,2000
2038,海光            ,2000,0,2000,0,0,0,0,0,0,0,0,0,0,0,0,0,2000
07291P,臺股指凱基99售43,0,0,0,0,0,0,0,0,0,2000,0,0,0,178000,176000,2000,2000
07311P,台灣50元大99售09,0,0,0,0,0,0,0,0,0,2000,0,0,0,30000,28000,2000,2000
1451,年興            ,34000,32000,2000,0,0,0,0,0,0,0,0,0,0,0,0,0,2000
07274P,上証2X群益01售01,0,0,0,0,0,0,0,0,0,2000,0,0,0,8000,6000,2000,2000
1234,黑松            ,2000,0,2000,0,0,0,0,0,0,0,0,0,0,0,0,0,2000
07216P,大立光凱基99售08,0,0,0,0,0,0,0,0,0,2000,0,0,0,2000,0,2000,2000
07021P,台積電富邦9C售02,0,0,0,0,0,0,0,0,0,2000,0,0,0,2000,0,2000,2000
07058P,台積電凱基9A售07,0,0,0,0,0,0,0,0,0,2000,0,0,0,2000,0,2000,2000
07062P,台積電元大99售15,0,0,0,0,0,0,0,0,0,2000,0,0,0,2000,0,2000,2000
06965P,台積電台新99售02,0,0,0,0,0,0,0,0,0,2000,0,0,0,2000,0,2000,2000
06929P,鴻海元大99售11  ,0,0,0,0,0,0,0,0,0,2000,0,0,0,2000,0,2000,2000
06883P,聯茂群益98售03  ,0,0,0,0,0,0,0,0,0,2000,0,0,0,13000,11000,2000,2000
6136,富爾特          ,6000,3000,3000,0,0,0,0,0,0,-1000,0,1000,-1000,0,0,0,2000
6641,基士德-KY       ,15000,8000,7000,0,0,0,0,0,0,-5000,0,5000,-5000,0,0,0,2000
8222,寶一            ,5000,3000,2000,0,0,0,0,0,0,0,0,0,0,0,0,0,2000
2423,固緯            ,23000,21000,2000,0,0,0,0,0,0,0,0,0,0,0,0,0,2000
2838A,聯邦銀甲特      ,0,0,0,0,0,0,0,0,0,2000,2000,0,2000,0,0,0,2000
3032,偉訓            ,7000,5000,2000,0,0,0,0,0,0,0,0,0,0,0,0,0,2000
3164,景岳            ,3000,1000,2000,0,0,0,0,0,0,0,0,0,0,0,0,0,2000
059337,台灣50凱基9C購05,0,0,0,0,0,0,0,0,0,1000,0,0,0,1000,0,1000,1000
057996,臻鼎中信98購01  ,0,0,0,0,0,0,0,0,0,1000,0,0,0,1000,0,1000,1000
05675P,美律群益97售01  ,0,0,0,0,0,0,0,0,0,1000,0,0,0,1000,0,1000,1000
056768,宏達電元大99購03,0,0,0,0,0,0,0,0,0,1000,0,0,0,1000,0,1000,1000
05789P,臺股指永昌96售06,0,0,0,0,0,0,0,0,0,1000,0,0,0,1000,0,1000,1000
057883,中環群益98購01  ,0,0,0,0,0,0,0,0,0,1000,0,0,0,1000,0,1000,1000
05665P,台積電凱基96售08,0,0,0,0,0,0,0,0,0,1000,0,0,0,1000,0,1000,1000
05664P,國巨凱基96售09  ,0,0,0,0,0,0,0,0,0,1000,0,0,0,1000,0,1000,1000
058874,聯鈞國票9A購01  ,0,0,0,0,0,0,0,0,0,1000,0,0,0,1000,0,1000,1000
058953,S&P反1國票03購01,0,0,0,0,0,0,0,0,0,1000,0,0,0,1000,0,1000,1000
058934,台灣50中信03購03,0,0,0,0,0,0,0,0,0,1000,0,0,0,1000,0,1000,1000
056298,億光元大97購02  ,0,0,0,0,0,0,0,0,0,1000,0,0,0,1000,0,1000,1000
056162,祥碩凱基97購03  ,0,0,0,0,0,0,0,0,0,1000,0,0,0,1000,0,1000,1000
056864,新日興群益99購01,0,0,0,0,0,0,0,0,0,1000,0,0,0,51000,50000,1000,1000
056506,晶豪科永豐98購02,0,0,0,0,0,0,0,0,0,1000,0,0,0,1000,0,1000,1000
056556,南電凱基98購01  ,0,0,0,0,0,0,0,0,0,1000,0,0,0,1000,0,1000,1000
056444,南亞科凱基99購01,0,0,0,0,0,0,0,0,0,1000,0,0,0,1000,0,1000,1000
056478,晶技元大99購01  ,0,0,0,0,0,0,0,0,0,1000,0,0,0,1000,0,1000,1000
056480,京鼎元大98購02  ,0,0,0,0,0,0,0,0,0,1000,0,0,0,1000,0,1000,1000
058477,億光凱基9A購01  ,0,0,0,0,0,0,0,0,0,1000,0,0,0,1000,0,1000,1000
059124,台積電第一03購01,0,0,0,0,0,0,0,0,0,1000,0,0,0,1000,0,1000,1000
059067,上銀國票9A購02  ,0,0,0,0,0,0,0,0,0,1000,0,0,0,1000,0,1000,1000
059114,華新科永豐99購05,0,0,0,0,0,0,0,0,0,1000,0,0,0,1000,0,1000,1000
055512,聯詠兆豐97購01  ,0,0,0,0,0,0,0,0,0,1000,0,0,0,4000,3000,1000,1000
055500,京鼎元大97購04  ,0,0,0,0,0,0,0,0,0,1000,0,0,0,1000,0,1000,1000
057288,聯茂元大98購03  ,0,0,0,0,0,0,0,0,0,1000,0,0,0,1000,0,1000,1000
057735,台灣50富邦9C購02,0,0,0,0,0,0,0,0,0,1000,0,0,0,1000,0,1000,1000
058084,大立光群益98購04,0,0,0,0,0,0,0,0,0,1000,0,0,0,1000,0,1000,1000
057634,道瓊反元大99購01,0,0,0,0,0,0,0,0,0,1000,0,0,0,1000,0,1000,1000
057589,超眾國票9A購01  ,0,0,0,0,0,0,0,0,0,1000,0,0,0,1000,0,1000,1000
057600,大立光群益99購03,0,0,0,0,0,0,0,0,0,1000,0,0,0,1000,0,1000,1000
057465,智易永豐98購02  ,0,0,0,0,0,0,0,0,0,1000,0,0,0,1000,0,1000,1000
057400,全新群益9A購01  ,0,0,0,0,0,0,0,0,0,1000,0,0,0,1000,0,1000,1000
05743P,創意元大96售01  ,0,0,0,0,0,0,0,0,0,1000,0,0,0,1000,0,1000,1000
057446,旺宏元富02購01  ,0,0,0,0,0,0,0,0,0,1000,0,0,0,1000,0,1000,1000
055022,精元國泰99購01  ,0,0,0,0,0,0,0,0,0,1000,0,0,0,1000,0,1000,1000
05496P,聯詠統一95售04  ,0,0,0,0,0,0,0,0,0,1000,0,0,0,1000,0,1000,1000
054951,大毅元大97購01  ,0,0,0,0,0,0,0,0,0,1000,0,0,0,66000,65000,1000,1000
054954,華新科元大97購06,0,0,0,0,0,0,0,0,0,1000,0,0,0,1000,0,1000,1000
058354,台積電凱基9A購06,0,0,0,0,0,0,0,0,0,1000,0,0,0,2000,1000,1000,1000
058356,華邦電凱基99購01,0,0,0,0,0,0,0,0,0,1000,0,0,0,1000,0,1000,1000
059220,聯發科元大99購20,0,0,0,0,0,0,0,0,0,1000,0,0,0,1000,0,1000,1000
055688,力成凱基98購02  ,0,0,0,0,0,0,0,0,0,1000,0,0,0,1000,0,1000,1000
055716,致茂元大97購01  ,0,0,0,0,0,0,0,0,0,1000,0,0,0,11000,10000,1000,1000
057079,台積電統一9A購02,0,0,0,0,0,0,0,0,0,1000,0,0,0,1000,0,1000,1000
057135,立積凱基98購01  ,0,0,0,0,0,0,0,0,0,1000,0,0,0,1000,0,1000,1000
058267,奇鋐永豐99購01  ,0,0,0,0,0,0,0,0,0,1000,0,0,0,1000,0,1000,1000
058748,景碩凱基9A購01  ,0,0,0,0,0,0,0,0,0,1000,0,0,0,1000,0,1000,1000
058767,亞德客兆豐99購01,0,0,0,0,0,0,0,0,0,1000,0,0,0,1000,0,1000,1000
058729,國巨永豐99購03  ,0,0,0,0,0,0,0,0,0,1000,0,0,0,1000,0,1000,1000
058579,聯發科群益99購04,0,0,0,0,0,0,0,0,0,1000,0,0,0,1000,0,1000,1000
058631,鈺齊國票9A購01  ,0,0,0,0,0,0,0,0,0,1000,0,0,0,1000,0,1000,1000
058636,亞光兆豐9A購01  ,0,0,0,0,0,0,0,0,0,1000,0,0,0,1000,0,1000,1000
058386,A50正2國票9B購01,0,0,0,0,0,0,0,0,0,1000,0,0,0,1000,0,1000,1000
058390,樺漢國票9A購01  ,0,0,0,0,0,0,0,0,0,1000,0,0,0,1000,0,1000,1000
058402,欣興元大99購04  ,0,0,0,0,0,0,0,0,0,1000,0,0,0,6000,5000,1000,1000
058426,旺宏元富99購02  ,0,0,0,0,0,0,0,0,0,1000,0,0,0,1000,0,1000,1000
058436,聯發科統一9B購03,0,0,0,0,0,0,0,0,0,1000,0,0,0,1000,0,1000,1000
055161,貿聯元大98購03  ,0,0,0,0,0,0,0,0,0,1000,0,0,0,1000,0,1000,1000
05589P,大立光中信9A售01,0,0,0,0,0,0,0,0,0,1000,0,0,0,1000,0,1000,1000
059623,聯電凱基99購02  ,0,0,0,0,0,0,0,0,0,1000,0,0,0,1000,0,1000,1000
057233,聯發科凱基98購14,0,0,0,0,0,0,0,0,0,1000,0,0,0,1000,0,1000,1000
057204,利勤元富98購01  ,0,0,0,0,0,0,0,0,0,1000,0,0,0,1000,0,1000,1000
057191,祥碩元大98購05  ,0,0,0,0,0,0,0,0,0,1000,0,0,0,1000,0,1000,1000
05971P,世紀鋼永豐96售04,0,0,0,0,0,0,0,0,0,1000,0,0,0,1000,0,1000,1000
059667,矽力元大99購01  ,0,0,0,0,0,0,0,0,0,1000,0,0,0,1000,0,1000,1000
06208P,台郡凱基97售03  ,0,0,0,0,0,0,0,0,0,1000,0,0,0,1000,0,1000,1000
06201P,可成元大97售01  ,0,0,0,0,0,0,0,0,0,1000,0,0,0,1000,0,1000,1000
06115P,台積電統一97售04,0,0,0,0,0,0,0,0,0,1000,0,0,0,1000,0,1000,1000
06133P,帆宣元富97售02  ,0,0,0,0,0,0,0,0,0,1000,0,0,0,1000,0,1000,1000
06072P,牧德永豐97售01  ,0,0,0,0,0,0,0,0,0,1000,0,0,0,1000,0,1000,1000
06083P,華通統一98售02  ,0,0,0,0,0,0,0,0,0,1000,0,0,0,1000,0,1000,1000
06013P,世芯國泰97售03  ,0,0,0,0,0,0,0,0,0,1000,0,0,0,1000,0,1000,1000
06018P,康控凱基96售03  ,0,0,0,0,0,0,0,0,0,1000,0,0,0,1000,0,1000,1000
06743P,創意永豐98售03  ,0,0,0,0,0,0,0,0,0,1000,0,0,0,1000,0,1000,1000
06728P,全新元大98售03  ,0,0,0,0,0,0,0,0,0,1000,0,0,0,10000,9000,1000,1000
06731P,聯茂元大98售05  ,0,0,0,0,0,0,0,0,0,1000,0,0,0,16000,15000,1000,1000
06635P,聯發科凱基98售15,0,0,0,0,0,0,0,0,0,1000,0,0,0,1000,0,1000,1000
06636P,可成凱基98售08  ,0,0,0,0,0,0,0,0,0,1000,0,0,0,1000,0,1000,1000
06581P,南亞科凱基98售04,0,0,0,0,0,0,0,0,0,1000,0,0,0,1000,0,1000,1000
06538P,國巨凱基98售11  ,0,0,0,0,0,0,0,0,0,1000,0,0,0,1000,0,1000,1000
06576P,台光電群益98售03,0,0,0,0,0,0,0,0,0,1000,0,0,0,1000,0,1000,1000
06554P,臺股指元大99售06,0,0,0,0,0,0,0,0,0,1000,0,0,0,1000,0,1000,1000
051088,台積電元大95購09,0,0,0,0,0,0,0,0,0,1000,0,0,0,1000,0,1000,1000
049276,臺股指元大94購11,0,0,0,0,0,0,0,0,0,1000,0,0,0,1000,0,1000,1000
049260,華新科元大96購01,0,0,0,0,0,0,0,0,0,1000,0,0,0,1000,0,1000,1000
049200,元黃金群益98購01,0,0,0,0,0,0,0,0,0,1000,0,0,0,1000,0,1000,1000
050801,元金2X群益98購01,0,0,0,0,0,0,0,0,0,1000,0,0,0,1000,0,1000,1000
05097P,聯發科日盛95售01,0,0,0,0,0,0,0,0,0,1000,0,0,0,11000,10000,1000,1000
048820,台積電凱基94購06,0,0,0,0,0,0,0,0,0,1000,0,0,0,1000,0,1000,1000
050779,超眾元大96購03  ,0,0,0,0,0,0,0,0,0,1000,0,0,0,1000,0,1000,1000
048186,元黃金元大96購01,0,0,0,0,0,0,0,0,0,1000,0,0,0,1000,0,1000,1000
052353,高鐵群益97購01  ,0,0,0,0,0,0,0,0,0,1000,0,0,0,1000,0,1000,1000
052385,滬深2X群益99購05,0,0,0,0,0,0,0,0,0,1000,0,0,0,1000,0,1000,1000
052387,台積電群益95購08,0,0,0,0,0,0,0,0,0,1000,0,0,0,1000,0,1000,1000
052421,元油反國票9B購01,0,0,0,0,0,0,0,0,0,1000,0,0,0,1000,0,1000,1000
053805,奇鋐凱基98購02  ,0,0,0,0,0,0,0,0,0,1000,0,0,0,1000,0,1000,1000
053854,聯茂國泰97購02  ,0,0,0,0,0,0,0,0,0,1000,0,0,0,1000,0,1000,1000
049632,臺股指群益94購05,0,0,0,0,0,0,0,0,0,1000,0,0,0,1000,0,1000,1000
049501,台郡元大95購01  ,0,0,0,0,0,0,0,0,0,1000,0,0,0,1000,0,1000,1000
049809,聯詠元大94購04  ,0,0,0,0,0,0,0,0,0,1000,0,0,0,1000,0,1000,1000
049796,國巨元大94購10  ,0,0,0,0,0,0,0,0,0,1000,0,0,0,1000,0,1000,1000
053921,嘉晶國票97購03  ,0,0,0,0,0,0,0,0,0,1000,0,0,0,1000,0,1000,1000
054025,鴻海凱基96購17  ,0,0,0,0,0,0,0,0,0,1000,0,0,0,1000,0,1000,1000
052659,上証2X國票99購01,0,0,0,0,0,0,0,0,0,1000,0,0,0,1000,0,1000,1000
054138,晶技元大98購02  ,0,0,0,0,0,0,0,0,0,1000,0,0,0,1000,0,1000,1000
051463,世芯國泰97購02  ,0,0,0,0,0,0,0,0,0,1000,0,0,0,1000,0,1000,1000
051466,玉晶光富邦97購01,0,0,0,0,0,0,0,0,0,1000,0,0,0,1000,0,1000,1000
054085,華新科統一96購04,0,0,0,0,0,0,0,0,0,1000,0,0,0,1000,0,1000,1000
05052P,友達群益97售01  ,0,0,0,0,0,0,0,0,0,1000,0,0,0,1000,0,1000,1000
04784P,超眾元富94售01  ,0,0,0,0,0,0,0,0,0,1000,0,0,0,1000,0,1000,1000
050477,矽力永豐94購01  ,0,0,0,0,0,0,0,0,0,1000,0,0,0,1000,0,1000,1000
05060P,台達電富邦97售02,0,0,0,0,0,0,0,0,0,1000,0,0,0,1000,0,1000,1000
050604,上証2X永昌94購01,0,0,0,0,0,0,0,0,0,1000,0,0,0,1000,0,1000,1000
050630,大立光亞東96購01,0,0,0,0,0,0,0,0,0,1000,0,0,0,1000,0,1000,1000
050056,國巨凱基94購04  ,0,0,0,0,0,0,0,0,0,1000,0,0,0,1000,0,1000,1000
050142,聯發科元富9A購01,0,0,0,0,0,0,0,0,0,1000,0,0,0,1000,0,1000,1000
04437P,滬深2X群益98售03,0,0,0,0,0,0,0,0,0,1000,0,0,0,1000,0,1000,1000
04455P,台積電統一94售07,0,0,0,0,0,0,0,0,0,1000,0,0,0,1000,0,1000,1000
04457P,同欣電統一94售01,0,0,0,0,0,0,0,0,0,1000,0,0,0,1000,0,1000,1000
03999P,鴻海凱基94售11  ,0,0,0,0,0,0,0,0,0,1000,0,0,0,1000,0,1000,1000
03821P,上海銀統一95售01,0,0,0,0,0,0,0,0,0,1000,0,0,0,1000,0,1000,1000
042501,台灣50凱基96購06,0,0,0,0,0,0,0,0,0,1000,0,0,0,1000,0,1000,1000
045754,大立光國泰94購03,0,0,0,0,0,0,0,0,0,1000,0,0,0,51000,50000,1000,1000
044988,玉晶光統一95購01,0,0,0,0,0,0,0,0,0,1000,0,0,0,1000,0,1000,1000
04553P,S&P正2中信95售01,0,0,0,0,0,0,0,0,0,1000,0,0,0,1000,0,1000,1000
045435,鴻海統一94購01  ,0,0,0,0,0,0,0,0,0,1000,0,0,0,1000,0,1000,1000
020004,兆豐電菁英30N   ,0,0,0,0,0,0,0,0,0,1000,0,0,0,1000,0,1000,1000
00732,國泰RMB短期報酬 ,0,0,0,0,0,0,0,0,0,1000,0,0,0,1000,0,1000,1000
00661,元大日經225     ,0,0,0,0,0,0,0,0,0,1000,0,0,0,22000,21000,1000,1000
046191,新光金凱基98購01,0,0,0,0,0,0,0,0,0,1000,0,0,0,1000,0,1000,1000
03014X,元展14          ,0,0,0,0,0,0,0,0,0,1000,0,0,0,1000,0,1000,1000
036629,智邦台新99購01  ,0,0,0,0,0,0,0,0,0,1000,0,0,0,1000,0,1000,1000
047231,大立光凱基95購03,0,0,0,0,0,0,0,0,0,1000,0,0,0,1000,0,1000,1000
046944,奇力新元大96購01,0,0,0,0,0,0,0,0,0,1000,0,0,0,1000,0,1000,1000
047161,世紀鋼國票94購01,0,0,0,0,0,0,0,0,0,1000,0,0,0,1000,0,1000,1000
046870,大立光統一95購01,0,0,0,0,0,0,0,0,0,1000,0,0,0,1000,0,1000,1000
054910,信錦凱基97購01  ,0,0,0,0,0,0,0,0,0,1000,0,0,0,1000,0,1000,1000
054888,泰碩統一97購01  ,0,0,0,0,0,0,0,0,0,1000,0,0,0,1000,0,1000,1000
054870,新日興群益98購01,0,0,0,0,0,0,0,0,0,1000,0,0,0,5000,4000,1000,1000
05482P,鴻海凱基95售22  ,0,0,0,0,0,0,0,0,0,1000,0,0,0,1000,0,1000,1000
054831,緯穎國泰98購01  ,0,0,0,0,0,0,0,0,0,1000,0,0,0,1000,0,1000,1000
054824,同欣電元大97購04,0,0,0,0,0,0,0,0,0,1000,0,0,0,1000,0,1000,1000
054845,智邦兆豐98購01  ,0,0,0,0,0,0,0,0,0,1000,0,0,0,1000,0,1000,1000
054860,台積電群益98購01,0,0,0,0,0,0,0,0,0,1000,0,0,0,1000,0,1000,1000
054551,聯發科凱基98購02,0,0,0,0,0,0,0,0,0,1000,0,0,0,1000,0,1000,1000
054784,順德群益9A購01  ,0,0,0,0,0,0,0,0,0,1000,0,0,0,1000,0,1000,1000
055363,緯穎凱基98購03  ,0,0,0,0,0,0,0,0,0,1000,0,0,0,1000,0,1000,1000
054936,鴻海元大97購10  ,0,0,0,0,0,0,0,0,0,1000,0,0,0,1000,0,1000,1000
054725,國巨日盛97購01  ,0,0,0,0,0,0,0,0,0,1000,0,0,0,1000,0,1000,1000
053121,上証2X凱基9C購01,0,0,0,0,0,0,0,0,0,1000,0,0,0,1000,0,1000,1000
053129,緯穎凱基96購01  ,0,0,0,0,0,0,0,0,0,1000,0,0,0,20000,19000,1000,1000
053759,晶相光國泰98購01,0,0,0,0,0,0,0,0,0,1000,0,0,0,1000,0,1000,1000
053625,國巨兆豐96購03  ,0,0,0,0,0,0,0,0,0,1000,0,0,0,1000,0,1000,1000
053629,玉山金兆豐96購01,0,0,0,0,0,0,0,0,0,1000,0,0,0,1000,0,1000,1000
055384,緯穎元大98購02  ,0,0,0,0,0,0,0,0,0,1000,0,0,0,1000,0,1000,1000
055415,禾伸堂富邦9B購01,0,0,0,0,0,0,0,0,0,1000,0,0,0,1000,0,1000,1000
055365,華通元大97購03  ,0,0,0,0,0,0,0,0,0,1000,0,0,0,1000,0,1000,1000
059502,台灣50台新9B購04,0,0,0,0,0,0,0,0,0,1000,0,0,0,15000,14000,1000,1000
059509,奇力新永豐99購02,0,0,0,0,0,0,0,0,0,1000,0,0,0,1000,0,1000,1000
059462,台灣50元大9C購06,0,0,0,0,0,0,0,0,0,1000,0,0,0,1000,0,1000,1000
059443,嘉聯益元大9B購01,0,0,0,0,0,0,0,0,0,1000,0,0,0,2000,1000,1000,1000
051513,台積電凱基95購13,0,0,0,0,0,0,0,0,0,1000,0,0,0,1000,0,1000,1000
051503,玉晶光統一97購01,0,0,0,0,0,0,0,0,0,1000,0,0,0,1000,0,1000,1000
051490,世芯凱基96購01  ,0,0,0,0,0,0,0,0,0,1000,0,0,0,1000,0,1000,1000
051650,矽力永豐95購01  ,0,0,0,0,0,0,0,0,0,1000,0,0,0,1000,0,1000,1000
051723,嘉澤永豐95購01  ,0,0,0,0,0,0,0,0,0,1000,0,0,0,1000,0,1000,1000
051834,南電元大96購02  ,0,0,0,0,0,0,0,0,0,1000,0,0,0,1000,0,1000,1000
051888,國巨元富95購05  ,0,0,0,0,0,0,0,0,0,1000,0,0,0,1000,0,1000,1000
051772,玉山金中信95購01,0,0,0,0,0,0,0,0,0,1000,0,0,0,1000,0,1000,1000
052005,矽力國泰97購02  ,0,0,0,0,0,0,0,0,0,1000,0,0,0,1000,0,1000,1000
051951,聯發科元富95購02,0,0,0,0,0,0,0,0,0,1000,0,0,0,1000,0,1000,1000
051948,滬深2X元富9B購01,0,0,0,0,0,0,0,0,0,1000,0,0,0,1000,0,1000,1000
05215P,台積電台新95售03,0,0,0,0,0,0,0,0,0,1000,0,0,0,1000,0,1000,1000
051402,玉晶光永豐95購04,0,0,0,0,0,0,0,0,0,1000,0,0,0,1000,0,1000,1000
052789,台積電麥證96購01,0,0,0,1000,0,1000,0,0,0,1000,0,0,0,1000,0,1000,1000
052755,滬深2X群益9A購01,0,0,0,0,0,0,0,0,0,1000,0,0,0,1000,0,1000,1000
054297,台郡元大98購01  ,0,0,0,0,0,0,0,0,0,1000,0,0,0,1000,0,1000,1000
053357,可成統一96購02  ,0,0,0,0,0,0,0,0,0,1000,0,0,0,1000,0,1000,1000
053473,聯發科元大96購15,0,0,0,0,0,0,0,0,0,1000,0,0,0,1000,0,1000,1000
05332P,臺股指國票95售01,0,0,0,0,0,0,0,0,0,1000,0,0,0,1000,0,1000,1000
3021,鴻名            ,1000,0,1000,0,0,0,0,0,0,0,0,0,0,0,0,0,1000
2882A,國泰特          ,0,0,0,0,0,0,0,0,0,1000,1000,0,1000,0,0,0,1000
6655,科定            ,1000,0,1000,0,0,0,0,0,0,0,0,0,0,0,0,0,1000
6671,三能-KY         ,1000,0,1000,0,0,0,0,0,0,0,0,0,0,0,0,0,1000
6024,群益期          ,67000,66000,1000,0,0,0,0,0,0,0,0,0,0,0,0,0,1000
4562,穎漢            ,1000,0,1000,0,0,0,0,0,0,0,0,0,0,0,0,0,1000
5533,皇鼎            ,1000,0,1000,0,0,0,0,0,0,0,0,0,0,0,0,0,1000
4989,榮科            ,13000,12000,1000,0,0,0,0,0,0,0,0,0,0,0,0,0,1000
3686,達能            ,2000,1000,1000,0,0,0,0,0,0,0,0,0,0,0,0,0,1000
4141,龍燈-KY         ,3000,2000,1000,0,0,0,0,0,0,0,0,0,0,0,0,0,1000
06932P,大立光元大98售21,0,0,0,0,0,0,0,0,0,1000,0,0,0,1000,0,1000,1000
07000P,T50反1元大99售03,0,0,0,0,0,0,0,0,0,1000,0,0,0,1000,0,1000,1000
07101P,台郡元大99售06  ,0,0,0,0,0,0,0,0,0,1000,0,0,0,1000,0,1000,1000
07169P,臺股指國票99售06,0,0,0,0,0,0,0,0,0,1000,0,0,0,4000,3000,1000,1000
07170P,臺股指國票99售07,0,0,0,0,0,0,0,0,0,1000,0,0,0,1000,0,1000,1000
07144P,FBVIX元大99售03 ,0,0,0,0,0,0,0,0,0,1000,0,0,0,1000,0,1000,1000
07139P,元油2X群益9C售06,0,0,0,0,0,0,0,0,0,1000,0,0,0,1000,0,1000,1000
07177P,臺股指凱基99售19,0,0,0,0,0,0,0,0,0,1000,0,0,0,1000,0,1000,1000
07193P,聯發科元大99售24,0,0,0,0,0,0,0,0,0,1000,0,0,0,1000,0,1000,1000
1235,興泰            ,1000,0,1000,0,0,0,0,0,0,0,0,0,0,0,0,0,1000
1337,再生-KY         ,7000,6000,1000,0,0,0,0,0,0,0,0,0,0,0,0,0,1000
1454,台富            ,1000,0,1000,0,0,0,0,0,0,0,0,0,0,0,0,0,1000
1463,強盛            ,3000,2000,1000,0,0,0,0,0,0,0,0,0,0,0,0,0,1000
1436,華友聯          ,2000,1000,1000,0,0,0,0,0,0,0,0,0,0,0,0,0,1000
1524,耿鼎            ,5000,4000,1000,0,0,0,0,0,0,0,0,0,0,0,0,0,1000
1466,聚隆            ,1000,0,1000,0,0,0,0,0,0,0,0,0,0,0,0,0,1000
1474,弘裕            ,10000,9000,1000,0,0,0,0,0,0,0,0,0,0,0,0,0,1000
2115,六暉-KY         ,1000,0,1000,0,0,0,0,0,0,0,0,0,0,0,0,0,1000
2302,麗正            ,1000,0,1000,0,0,0,0,0,0,0,0,0,0,0,0,0,1000
1583,程泰            ,1000,0,1000,0,0,0,0,0,0,0,0,0,0,0,0,0,1000
9926,新海            ,0,0,0,0,0,0,0,0,0,1000,1000,0,1000,0,0,0,1000
06773P,台灣50兆豐9A售01,0,0,0,0,0,0,0,0,0,0,0,1000,-1000,1000,0,1000,0
06697P,台積電國票99售05,0,0,0,0,0,0,0,0,0,0,0,0,0,310000,310000,0,0
06860P,台灣50兆豐98售01,0,0,0,0,0,0,0,0,0,0,0,0,0,8000,8000,0,0
06861P,台積電國票99售08,0,0,0,0,0,0,0,0,0,0,0,0,0,200000,200000,0,0
059740,瑞昱元富99購02  ,0,0,0,0,0,0,0,0,0,0,0,0,0,12000,12000,0,0
059771,台積電群益99購11,0,0,0,0,0,0,0,0,0,0,0,0,0,2000,2000,0,0
06086P,台積電康和97售01,0,0,0,0,0,0,0,0,0,0,0,0,0,310000,310000,0,0
059840,鴻海富邦9A購02  ,0,0,0,0,0,0,0,0,0,0,0,0,0,5000,5000,0,0
059598,欣興元大99購08  ,0,0,0,0,0,0,0,0,0,0,0,0,0,5000,5000,0,0
059606,上銀富邦9B購02  ,0,0,0,0,0,0,0,0,0,0,0,0,0,53000,53000,0,0
059608,聯發科富邦9B購04,0,0,0,0,0,0,0,0,0,0,0,0,0,5000,5000,0,0
06236P,台積電元大97售25,0,0,0,0,0,0,0,0,0,0,0,0,0,50000,50000,0,0
06136P,華新科國泰99售02,0,0,0,0,0,0,0,0,0,0,0,0,0,100000,100000,0,0
06141P,大立光日盛97售01,0,0,0,0,0,0,0,0,0,0,0,0,0,10000,10000,0,0
06195P,台積電元富97售06,0,0,0,0,0,0,0,0,0,0,0,0,0,30000,30000,0,0
06196P,元上證元大97售01,0,0,0,0,0,0,0,0,0,0,0,0,0,60000,60000,0,0
06309P,光罩元富97售03  ,0,0,0,0,0,0,0,0,0,0,0,0,0,44000,44000,0,0
06320P,上銀統一97售04  ,0,0,0,0,0,0,0,0,0,0,0,0,0,30000,30000,0,0
059666,台表科元大9B購01,0,0,0,0,0,0,0,0,0,0,0,0,0,5000,5000,0,0
057161,亞德客元大98購02,0,0,0,0,0,0,0,0,0,0,0,0,0,11000,11000,0,0
057176,全新元大99購02  ,0,0,0,0,0,0,0,0,0,0,0,0,0,27000,27000,0,0
057211,鴻海群益98購05  ,0,0,0,0,0,0,0,0,0,0,0,0,0,25000,25000,0,0
057222,鴻海國票99購04  ,0,0,0,0,0,0,0,0,0,0,0,0,0,12000,12000,0,0
059624,鴻海凱基01購01  ,0,0,0,0,0,0,0,0,0,0,0,0,0,10000,10000,0,0
055949,亞德客元大97購04,0,0,0,0,0,0,0,0,0,0,0,0,0,12000,12000,0,0
055337,超眾兆豐98購01  ,0,0,0,0,0,0,0,0,0,0,0,0,0,5000,5000,0,0
055245,凱美統一99購01  ,0,0,0,0,0,0,0,0,0,0,0,0,0,5000,5000,0,0
05844P,旺宏元大96售07  ,0,0,0,0,0,0,0,0,0,0,0,0,0,5000,5000,0,0
059161,鴻海凱基9A購09  ,0,0,0,0,0,0,0,0,0,0,0,0,0,27000,27000,0,0
059197,可成永豐99購02  ,0,0,0,0,0,0,0,0,0,0,0,0,0,32000,32000,0,0
059199,欣興永豐99購02  ,0,0,0,0,0,0,0,0,0,0,0,0,0,5000,5000,0,0
05919P,京鼎元大96售03  ,0,0,0,0,0,0,0,0,0,0,0,0,0,40000,40000,0,0
058610,欣興元大99購05  ,0,0,0,0,0,0,0,0,0,0,0,0,0,5000,5000,0,0
058611,欣興元大99購06  ,0,0,0,0,0,0,0,0,0,0,0,0,0,5000,5000,0,0
058565,鴻海凱基9A購07  ,0,0,0,0,0,0,0,0,0,0,0,0,0,11000,11000,0,0
058791,鴻海元大99購17  ,0,0,0,0,0,0,0,0,0,0,0,0,0,5000,5000,0,0
058797,大毅元大99購03  ,0,0,0,0,0,0,0,0,0,0,0,0,0,64000,64000,0,0
058682,聯發科凱基99購07,0,0,0,0,0,0,0,0,0,0,0,0,0,3000,3000,0,0
058700,鴻海元大99購15  ,0,0,0,0,0,0,0,0,0,0,0,0,0,14000,14000,0,0
058641,鴻海麥證99購02  ,0,0,0,0,180000,-180000,0,0,0,0,0,0,0,180000,180000,0,0
057066,緯穎富邦99購01  ,0,0,0,0,0,0,0,0,0,0,0,0,0,40000,40000,0,0
055714,智邦元大97購03  ,0,0,0,0,0,0,0,0,0,0,0,0,0,29000,29000,0,0
055674,南港康和97購02  ,0,0,0,0,0,0,0,0,0,0,0,0,0,68000,68000,0,0
057000,亞德客國票99購01,0,0,0,0,0,0,0,0,0,0,0,0,0,5000,5000,0,0
058309,大毅元大99購02  ,0,0,0,0,0,0,0,0,0,0,0,0,0,64000,64000,0,0
059240,台積電凱基9A購09,0,0,0,0,0,0,0,0,0,0,0,0,0,4000,4000,0,0
059235,鴻海凱基99購08  ,0,0,0,0,0,0,0,0,0,0,0,0,0,16000,16000,0,0
054952,大毅元大97購02  ,0,0,0,0,0,0,0,0,0,0,0,0,0,64000,64000,0,0
057375,欣興元大98購09  ,0,0,0,0,0,0,0,0,0,0,0,0,0,5000,5000,0,0
057370,可成元大98購07  ,0,0,0,0,0,0,0,0,0,0,0,0,0,21000,21000,0,0
057513,智邦台新98購01  ,0,0,0,0,0,0,0,0,0,0,0,0,0,10000,10000,0,0
057647,欣興元大98購10  ,0,0,0,0,0,0,0,0,0,0,0,0,0,5000,5000,0,0
05768P,台積電凱基96售15,0,0,0,0,0,0,0,0,0,0,0,0,0,340000,340000,0,0
057667,可成元大99購01  ,0,0,0,0,0,0,0,0,0,0,0,0,0,22000,22000,0,0
057670,欣興元大99購02  ,0,0,0,0,0,0,0,0,0,0,0,0,0,10000,10000,0,0
058086,鴻海元大98購14  ,0,0,0,0,0,0,0,0,0,0,0,0,0,712000,712000,0,0
058091,欣興元大99購03  ,0,0,0,0,0,0,0,0,0,0,0,0,0,5000,5000,0,0
057342,玉晶光台新98購01,0,0,0,0,0,0,0,0,0,0,0,0,0,20000,20000,0,0
058066,可成亞東99購01  ,0,0,0,0,0,0,0,0,0,0,0,0,0,25000,25000,0,0
056076,超眾元大97購05  ,0,0,0,0,0,0,0,0,0,0,0,0,0,1000,1000,0,0
056905,欣興元大98購03  ,0,0,0,0,0,0,0,0,0,0,0,0,0,5000,5000,0,0
056903,大立光元大99購04,0,0,0,0,0,0,0,0,0,0,0,0,0,134000,134000,0,0
056899,可成元大98購01  ,0,0,0,0,0,0,0,0,0,0,0,0,0,7000,7000,0,0
057758,鴻海凱基99購03  ,0,0,0,0,0,0,0,0,0,0,0,0,0,18000,18000,0,0
057278,可成元大98購06  ,0,0,0,0,0,0,0,0,0,0,0,0,0,24000,24000,0,0
057816,欣興元大98購13  ,0,0,0,0,0,0,0,0,0,0,0,0,0,5000,5000,0,0
057280,大立光元大98購15,0,0,0,0,0,0,0,0,0,0,0,0,0,22000,22000,0,0
057281,大立光元大98購16,0,0,0,0,0,0,0,0,0,0,0,0,0,50000,50000,0,0
057316,國巨凱基99購04  ,0,0,0,0,0,0,0,0,0,0,0,0,0,100000,100000,0,0
055507,樺漢元大98購02  ,0,0,0,0,0,0,0,0,0,0,0,0,0,10000,10000,0,0
055537,康友群益97購03  ,1000,0,1000,0,0,0,0,0,0,-1000,0,0,0,0,1000,-1000,0
059053,鴻海凱基99購07  ,0,0,0,0,0,0,0,0,0,0,0,0,0,18000,18000,0,0
058503,鴻海元大99購14  ,0,0,0,0,0,0,0,0,0,0,0,0,0,24000,24000,0,0
05850P,台積電兆豐96售06,0,0,0,0,0,0,0,0,0,0,0,0,0,10000,10000,0,0
058243,華擎元大99購01  ,0,0,0,0,0,0,0,0,0,0,0,0,0,20000,20000,0,0
05821P,臺股指凱基96售18,0,0,0,0,0,0,0,0,0,0,0,0,0,9000,9000,0,0
058170,國巨凱基9A購06  ,0,0,0,0,0,0,0,0,0,0,0,0,0,10000,10000,0,0
058166,鴻海凱基9A購01  ,0,0,0,0,0,0,0,0,0,0,0,0,0,12000,12000,0,0
058167,鴻海凱基9A購03  ,0,0,0,0,0,0,0,0,0,0,0,0,0,18000,18000,0,0
056526,力山凱基98購01  ,0,0,0,0,0,0,0,0,0,0,0,0,0,22000,22000,0,0
05658P,日月光元富96售02,0,0,0,0,0,0,0,0,0,0,0,0,0,10000,10000,0,0
056168,鴻海元富97購07  ,0,0,0,0,0,0,0,0,0,0,0,0,0,10000,10000,0,0
056219,T50反1日盛02購01,0,0,0,0,0,0,0,0,0,0,0,0,0,6000,6000,0,0
056233,超眾凱基97購02  ,0,0,0,0,0,0,0,0,0,0,0,0,0,10000,10000,0,0
05802P,臺股指兆豐96售02,0,0,0,0,0,0,0,0,0,0,0,0,0,9000,9000,0,0
058980,鴻海凱基99購06  ,0,0,0,0,0,0,0,0,0,0,0,0,0,29000,29000,0,0
056134,可成元大97購06  ,0,0,0,0,0,0,0,0,0,0,0,0,0,2000,2000,0,0
057913,健策日盛98購01  ,0,0,0,0,0,0,0,0,0,0,0,0,0,10000,10000,0,0
056825,深中小富邦9B購01,0,0,0,0,0,0,0,0,0,0,0,0,0,3000,3000,0,0
057960,聯鈞元大98購02  ,0,0,0,0,0,0,0,0,0,0,0,0,0,9000,9000,0,0
05318P,臺股指永昌95售03,0,0,0,0,0,0,0,0,0,0,0,30000,-30000,30000,0,30000,0
053177,華邦電統一96購01,5000,0,5000,0,0,0,0,0,0,-5000,0,0,0,0,5000,-5000,0
054420,緯穎元大96購08  ,0,0,0,0,0,0,0,0,0,0,0,0,0,37000,37000,0,0
053412,台達電國票97購02,0,0,0,0,0,0,0,0,0,0,0,0,0,10000,10000,0,0
053407,台積電兆豐96購02,0,0,0,0,0,0,0,0,0,0,0,0,0,1000,1000,0,0
054304,台積電凱基96購23,0,0,0,0,0,0,0,0,0,0,0,0,0,12000,12000,0,0
05421P,鴻海元大96售12  ,0,0,0,0,0,0,0,0,0,0,0,0,0,1000,1000,0,0
051348,國巨元大95購07  ,0,0,0,0,0,0,0,0,0,0,0,0,0,100000,100000,0,0
052016,神基永豐95購01  ,0,0,0,0,0,0,0,0,0,0,0,0,0,80000,80000,0,0
059456,智易永豐99購01  ,0,0,0,0,0,0,0,0,0,0,0,0,0,5000,5000,0,0
059513,揚明光永豐99購01,0,0,0,0,0,0,0,0,0,0,0,0,0,10000,10000,0,0
059493,國巨國票9B購01  ,0,0,0,0,0,0,0,0,0,0,0,0,0,5000,5000,0,0
055403,泰鼎元富97購01  ,0,0,0,0,0,0,0,0,0,0,0,0,0,20000,20000,0,0
055433,嘉聯益群益99購01,0,0,0,0,0,0,0,0,0,0,0,0,0,1000,1000,0,0
056636,台積電日盛9A購01,0,0,0,0,0,0,0,0,0,0,0,0,0,630000,630000,0,0
056620,華新科永豐98購02,0,0,0,0,0,0,0,0,0,0,0,0,0,17000,17000,0,0
053719,可成凱基96購08  ,0,0,0,0,0,0,0,0,0,0,0,0,0,10000,10000,0,0
053083,中環元大99購01  ,0,0,0,0,0,0,0,0,0,0,0,0,0,1000,1000,0,0
05479P,華新科台新96售01,0,0,0,0,0,0,0,0,0,0,0,0,0,560000,560000,0,0
05454P,奇鋐群益95售04  ,0,0,0,0,0,0,0,0,0,0,0,0,0,1000,1000,0,0
054587,玉晶光國泰99購01,0,0,0,0,0,0,0,0,0,0,0,0,0,10000,10000,0,0
05484P,台積電凱基95售18,0,0,0,0,0,0,0,0,0,0,0,0,0,15000,15000,0,0
04632P,台積電群益94售11,0,0,0,0,0,0,0,0,0,0,0,0,0,1000,1000,0,0
046813,聯電凱基96購01  ,0,0,0,0,0,0,0,0,0,0,0,0,0,48000,48000,0,0
03437B,臺股指元富9C熊01,0,0,0,0,0,0,0,0,0,0,0,0,0,3000,3000,0,0
04753P,台積電統一94售11,0,0,0,0,0,0,0,0,0,0,0,0,0,130000,130000,0,0
00625K,富邦上証+R      ,0,0,0,0,0,0,0,0,0,0,0,0,0,50000,50000,0,0
00636K,國泰中國A50+U   ,0,0,0,0,0,0,0,0,0,0,0,0,0,100,100,0,0
00668K,國泰美國道瓊+U  ,0,0,0,0,0,0,0,0,0,0,0,0,0,100,100,0,0
00657,國泰日經225     ,0,0,0,0,0,0,0,0,0,0,0,0,0,101000,101000,0,0
00657K,國泰日經225+U   ,0,0,0,0,0,0,0,0,0,0,0,0,0,100,100,0,0
00767,FH美國金融股    ,0,0,0,0,0,0,0,0,0,0,0,0,0,3000,3000,0,0
00774B,新光中國政金綠債,0,0,0,0,0,0,0,0,0,0,0,0,0,2000,2000,0,0
00775B,新光投等債15+   ,0,0,0,0,0,0,0,0,0,0,0,0,0,2000,2000,0,0
00776,新光ICE美國權值 ,0,0,0,0,0,0,0,0,0,0,0,0,0,2000,2000,0,0
00688L,國泰20年美債正2 ,0,0,0,0,0,0,0,0,0,0,0,0,0,100000,100000,0,0
00700,富邦恒生國企    ,0,0,0,0,0,0,0,0,0,0,0,0,0,100000,100000,0,0
04534P,臻鼎元富94售03  ,0,0,0,0,0,0,0,0,0,0,0,0,0,2000,2000,0,0
03935P,可成富邦95售01  ,0,0,0,0,0,0,0,0,0,0,0,0,0,10000,10000,0,0
04479P,同欣電中信96售02,0,0,0,0,0,0,0,0,0,0,0,0,0,90000,90000,0,0
04346P,大立光兆豐95售02,0,0,0,0,0,0,0,0,0,0,0,0,0,10000,10000,0,0
049986,嘉澤凱基94購02  ,0,0,0,0,0,0,0,0,0,0,0,0,0,10000,10000,0,0
04857P,美律元富94售01  ,0,0,0,0,0,0,0,0,0,0,0,0,0,30000,30000,0,0
050550,大立光凱基95購04,0,0,0,0,0,0,0,0,0,0,0,0,0,150000,150000,0,0
050553,緯穎凱基94購06  ,0,0,0,0,0,0,0,0,0,0,0,0,0,10000,10000,0,0
052657,友達元富96購01  ,0,0,0,0,0,0,0,0,0,0,0,0,0,90000,90000,0,0
053980,泰鼎元大97購02  ,0,0,0,0,0,0,0,0,0,0,0,0,0,11000,11000,0,0
052519,旺宏元大95購05  ,0,0,0,0,0,0,0,0,0,0,0,0,0,41000,41000,0,0
049904,矽力元富94購01  ,0,0,0,0,0,0,0,0,0,0,0,0,0,3000,3000,0,0
04995P,台達電凱基96售03,0,0,0,0,0,0,0,0,0,0,0,0,0,5000,5000,0,0
04965P,日月光元大94售02,0,0,0,0,0,0,0,0,0,0,0,0,0,20000,20000,0,0
052409,國巨亞東95購01  ,0,0,0,0,0,0,0,0,0,0,0,0,0,10000,10000,0,0
052374,瑞昱元大95購02  ,0,0,0,0,0,0,0,0,0,0,0,0,0,7000,7000,0,0
052323,矽力元大95購04  ,0,0,0,0,0,0,0,0,0,0,0,0,0,10000,10000,0,0
052308,大立光國泰97購02,0,0,0,0,0,0,0,0,0,0,0,0,0,22000,22000,0,0
04798P,牧德元大95售02  ,0,0,0,0,0,0,0,0,0,0,0,0,0,18000,18000,0,0
04799P,健策元大94售03  ,0,0,0,0,0,0,0,0,0,0,0,0,0,30000,30000,0,0
048811,鴻海日盛94購01  ,0,0,0,0,0,0,0,0,0,0,0,0,0,50000,50000,0,0
04889P,華通元大94售03  ,0,0,0,0,0,0,0,0,0,0,0,0,0,2000,2000,0,0
051152,鴻海國泰97購01  ,0,0,0,0,0,0,0,0,0,0,0,0,0,400000,400000,0,0
1725,元禎            ,1000,1000,0,0,0,0,0,0,0,0,0,0,0,0,0,0,0
2305,全友            ,0,1000,-1000,0,0,0,0,0,0,1000,1000,0,1000,0,0,0,0
1516,川飛            ,1000,1000,0,0,0,0,0,0,0,0,0,0,0,0,0,0,0
1539,巨庭            ,1000,1000,0,0,0,0,0,0,0,0,0,0,0,0,0,0,0
07294P,滬深2X元富9C售08,0,0,0,0,0,0,0,0,0,0,0,0,0,2000,2000,0,0
06419P,國巨統一97售09  ,0,0,0,0,0,0,0,0,0,0,0,0,0,10000,10000,0,0
06361P,聯發科群益97售06,0,0,0,0,0,0,0,0,0,0,0,0,0,10000,10000,0,0
1321,大洋            ,29000,29000,0,0,0,0,0,0,0,0,0,0,0,0,0,0,0
1201,味全            ,310000,303000,7000,0,0,0,0,0,0,-7000,0,7000,-7000,0,0,0,0
07199P,臺股指元大99售15,0,0,0,0,0,0,0,0,0,0,0,0,0,3000,3000,0,0
07140P,台灣50日盛99售01,0,0,0,0,0,0,0,0,0,0,0,0,0,11000,11000,0,0
07114P,旺宏兆豐9A售01  ,0,0,0,0,0,0,0,0,0,0,0,0,0,25000,25000,0,0
07086P,力成元富9C售01  ,0,0,0,0,0,0,0,0,0,0,0,0,0,1000,1000,0,0
07053P,台灣50兆豐01售01,0,0,0,0,0,0,0,0,0,0,0,0,0,9000,9000,0,0
07038P,華新科台新99售01,0,0,0,0,0,0,0,0,0,0,0,0,0,630000,630000,0,0
07011P,宏達電凱基99售02,0,0,0,0,0,0,0,0,0,0,0,0,0,4000,4000,0,0
06922P,元上證群益9C售01,0,0,0,0,0,0,0,0,0,0,0,0,0,20000,20000,0,0
06918P,嘉聯益亞東99售01,0,0,0,0,0,0,0,0,0,0,0,0,0,10000,10000,0,0
06876P,台灣50兆豐9B售01,0,0,0,0,0,0,0,0,0,0,0,1000,-1000,9000,8000,1000,0
059786,全新元大99購06  ,0,0,0,0,0,0,0,0,0,0,0,0,0,8000,8000,0,0
059796,台積電國票99購10,0,0,0,0,0,0,0,0,0,0,0,0,0,2000,2000,0,0
5284,jpp-KY          ,1000,1000,0,0,0,0,0,0,0,0,0,0,0,0,0,0,0
6674,鋐寶科技        ,1000,1000,0,0,0,0,0,0,0,0,0,0,0,0,0,0,0
8411,福貞-KY         ,2000,2000,0,0,0,0,0,0,0,0,0,0,0,0,0,0,0
3002,歐格            ,4000,4000,0,0,0,0,0,0,0,0,0,0,0,0,0,0,0
3432,台端            ,1000,1000,0,0,0,0,0,0,0,0,0,0,0,0,0,0,0
3311,閎暉            ,6000,6000,0,0,0,0,0,0,0,0,0,0,0,0,0,0,0
3266,昇陽            ,1000,1000,0,0,0,0,0,0,0,0,0,0,0,0,0,0,0
2415,錩新            ,0,1000,-1000,0,0,0,0,0,0,1000,1000,0,1000,0,0,0,0
2430,燦坤            ,3000,3000,0,0,0,0,0,0,0,0,0,0,0,0,0,0,0
2611,志信            ,2000,2000,0,0,0,0,0,0,0,0,0,0,0,0,0,0,0
2509,全坤建          ,11000,11000,0,0,0,0,0,0,0,0,0,0,0,0,0,0,0
056767,大毅元大99購01  ,0,0,0,0,0,0,0,0,0,-1000,0,0,0,0,1000,-1000,-1000
057822,牧德元大9A購01  ,0,0,0,0,0,0,0,0,0,-1000,0,0,0,0,1000,-1000,-1000
057856,聯鈞國票99購03  ,0,0,0,0,0,0,0,0,0,-1000,0,0,0,12000,13000,-1000,-1000
059029,旺宏兆豐99購01  ,0,0,0,0,0,0,0,0,0,-1000,0,0,0,40000,41000,-1000,-1000
058977,SGBR2X凱基03購01,0,0,0,0,0,0,0,0,0,-1000,0,0,0,0,1000,-1000,-1000
056310,神達元大97購02  ,0,0,0,0,0,0,0,0,0,-1000,0,0,0,0,1000,-1000,-1000
056268,新日興統一97購01,0,0,0,0,0,0,0,0,0,-1000,0,0,0,0,1000,-1000,-1000
056584,鴻海統一9B購01  ,0,0,0,0,0,0,0,0,0,-1000,0,0,0,0,1000,-1000,-1000
056487,康友元大98購01  ,0,0,0,0,0,0,0,0,0,-1000,0,0,0,0,1000,-1000,-1000
056492,全新國泰9A購01  ,0,0,0,0,0,0,0,0,0,-1000,0,0,0,0,1000,-1000,-1000
05645P,聯發科凱基96售13,0,0,0,0,0,0,0,0,0,-1000,0,0,0,0,1000,-1000,-1000
055623,貿聯國泰99購01  ,0,0,0,0,0,0,0,0,0,-1000,0,0,0,0,1000,-1000,-1000
058502,鴻海元大99購13  ,0,0,0,0,0,0,0,0,0,-1000,0,0,0,19000,20000,-1000,-1000
05549P,臺股指元大96售03,0,0,0,0,0,0,0,0,0,-1000,0,0,0,21000,22000,-1000,-1000
057326,景碩群益99購02  ,0,0,0,0,0,0,0,0,0,-1000,0,0,0,0,1000,-1000,-1000
057784,台積電國票9B購01,0,0,0,0,0,0,0,0,0,-1000,0,0,0,0,1000,-1000,-1000
057760,聯發科凱基98購18,0,0,0,0,0,0,0,0,0,-1000,0,0,0,0,1000,-1000,-1000
057756,瑞昱日盛99購01  ,0,0,0,0,0,0,0,0,0,-1000,0,0,0,0,1000,-1000,-1000
056870,全新日盛9A購01  ,0,0,0,0,0,0,0,0,0,-1000,0,0,0,0,1000,-1000,-1000
056116,義隆群益97購02  ,0,0,0,0,0,0,0,0,0,-1000,0,0,0,5000,6000,-1000,-1000
057491,美食元大98購03  ,0,0,0,0,0,0,0,0,0,-1000,0,0,0,0,1000,-1000,-1000
057354,聯鈞統一99購03  ,0,0,0,0,0,0,0,0,0,-1000,0,0,0,0,1000,-1000,-1000
057393,台積電中信02購01,0,0,0,0,0,0,0,0,0,-1000,0,0,0,0,1000,-1000,-1000
059232,台灣50凱基03購01,0,0,0,0,0,0,0,0,0,-1000,0,0,0,0,1000,-1000,-1000
059271,台灣50元大01購05,0,0,0,0,0,0,0,0,0,-1000,0,0,0,1000,2000,-1000,-1000
058345,台光電群益99購03,0,0,0,0,0,0,0,0,0,-1000,0,0,0,0,1000,-1000,-1000
057053,立積元大98購02  ,0,0,0,0,0,0,0,0,0,-1000,0,0,0,0,1000,-1000,-1000
055753,貿聯第一98購01  ,0,0,0,0,0,0,0,0,0,-1000,0,0,0,0,1000,-1000,-1000
055719,可成元大97購03  ,0,0,0,0,0,0,0,0,0,-1000,0,0,0,0,1000,-1000,-1000
057055,立積元大99購01  ,0,0,0,0,0,0,0,0,0,-1000,0,0,0,76000,77000,-1000,-1000
057121,立積康和98購01  ,0,0,0,0,0,0,0,0,0,-1000,0,0,0,1000,2000,-1000,-1000
058311,緯穎元大99購05  ,0,0,0,0,0,0,0,0,0,-1000,0,0,0,0,1000,-1000,-1000
058697,亞德客元大99購01,0,0,0,0,0,0,0,0,0,-1000,0,0,0,1000,2000,-1000,-1000
058516,健鼎元大99購02  ,0,0,0,0,0,0,0,0,0,-1000,0,0,0,0,1000,-1000,-1000
058400,聯發科元大99購09,0,0,0,0,0,0,0,0,0,-1000,0,0,0,1000,2000,-1000,-1000
055339,緯穎兆豐98購01  ,0,0,0,0,0,0,0,0,0,-1000,0,0,0,0,1000,-1000,-1000
055249,大毅統一99購01  ,0,0,0,0,0,0,0,0,0,-1000,0,0,0,0,1000,-1000,-1000
055243,國巨統一97購04  ,0,0,0,0,0,0,0,0,0,-1000,0,0,0,0,1000,-1000,-1000
055904,貿聯亞東99購01  ,0,0,0,0,0,0,0,0,0,-1000,0,0,0,0,1000,-1000,-1000
055830,上銀元大97購07  ,0,0,0,0,0,0,0,0,0,-1000,0,0,0,0,1000,-1000,-1000
055863,緯穎元大97購05  ,0,0,0,0,0,0,0,0,0,-1000,0,0,0,0,1000,-1000,-1000
05717P,鴻海元大97售07  ,0,0,0,0,0,0,0,0,0,-1000,0,0,0,401000,402000,-1000,-1000
059716,鴻海元大99購35  ,0,0,0,0,0,0,0,0,0,-1000,0,0,0,21000,22000,-1000,-1000
059718,國巨元大9A購04  ,0,0,0,0,0,0,0,0,0,-1000,0,0,0,0,1000,-1000,-1000
059732,超眾元大9A購01  ,0,0,0,0,0,0,0,0,0,-1000,0,0,0,0,1000,-1000,-1000
06084P,宏達電元富97售02,0,0,0,0,0,0,0,0,0,-1000,0,0,0,0,1000,-1000,-1000
059765,嘉聯益永豐99購02,0,0,0,0,0,0,0,0,0,-1000,0,0,0,0,1000,-1000,-1000
06789P,鴻海凱基98售12  ,0,0,0,0,0,0,0,0,0,-1000,0,0,0,0,1000,-1000,-1000
06804P,臺股指群益98售10,0,0,0,0,0,0,0,0,0,-1000,0,0,0,2000,3000,-1000,-1000
06551P,貿聯元大98售05  ,0,0,0,0,0,0,0,0,0,-1000,0,0,0,0,1000,-1000,-1000
06586P,鴻海元大9C售01  ,0,0,0,0,0,0,0,0,0,-1000,0,0,0,150000,151000,-1000,-1000
049383,健策元大95購01  ,0,0,0,0,0,0,0,0,0,-1000,0,0,0,1000,2000,-1000,-1000
04943P,臻鼎康和94售01  ,0,0,0,0,0,0,0,0,0,-1000,0,0,0,0,1000,-1000,-1000
048628,T50反1元大96購03,0,2000,-2000,0,0,0,0,0,0,1000,0,0,0,1000,0,1000,-1000
048760,S&P反1凱基94購01,0,0,0,0,0,0,0,0,0,-1000,0,0,0,3000,4000,-1000,-1000
050904,臺股指元大95購11,0,0,0,0,0,0,0,0,0,-1000,0,0,0,1000,2000,-1000,-1000
04960P,大立光凱基96售04,0,0,0,0,0,0,0,0,0,-1000,0,0,0,0,1000,-1000,-1000
05265P,正崴元大95售03  ,0,0,0,0,0,0,0,0,0,-1000,0,0,0,0,1000,-1000,-1000
052610,貿聯元大97購01  ,0,0,0,0,0,0,0,0,0,-1000,0,0,0,0,1000,-1000,-1000
050127,台積電凱基94購31,0,0,0,0,0,0,0,0,0,-1000,0,0,0,0,1000,-1000,-1000
043961,道瓊反國泰94購01,0,0,0,0,0,0,0,0,0,-1000,0,0,0,0,1000,-1000,-1000
006203,元大MSCI台灣    ,0,2000,-2000,0,0,0,0,0,0,1000,0,0,0,5000,4000,1000,-1000
03026X,元展23          ,0,0,0,0,0,0,0,0,0,-1000,0,0,0,0,1000,-1000,-1000
03039X,元展36          ,0,0,0,0,0,0,0,0,0,-1000,0,0,0,0,1000,-1000,-1000
03426B,臺股指元大95熊33,0,0,0,0,0,0,0,0,0,-1000,0,0,0,0,1000,-1000,-1000
03428B,臺股指凱基97熊18,0,0,0,0,0,0,0,0,0,-1000,0,0,0,0,1000,-1000,-1000
04705P,臺股指統一95售02,0,0,0,0,0,0,0,0,0,-1000,0,0,0,0,1000,-1000,-1000
04714P,上海銀元大94售01,0,0,0,0,0,0,0,0,0,-1000,0,0,0,0,1000,-1000,-1000
054821,貿聯元大9A購01  ,0,0,0,0,0,0,0,0,0,-1000,0,0,0,0,1000,-1000,-1000
05548P,臺股指元大96售02,0,0,0,0,0,0,0,0,0,-1000,0,0,0,0,1000,-1000,-1000
059496,T50正2元富99購03,0,0,0,0,0,0,0,0,0,-1000,0,0,0,0,1000,-1000,-1000
059532,華新科凱基9B購03,0,0,0,0,0,0,0,0,0,-1000,0,0,0,0,1000,-1000,-1000
059477,FBVIX群益99購01 ,0,0,0,0,0,0,0,0,0,-1000,0,0,0,0,1000,-1000,-1000
059472,T50正2群益99購01,0,0,0,0,0,0,0,0,0,-1000,0,0,0,0,1000,-1000,-1000
059436,大立光元大99購18,0,0,0,0,0,0,0,0,0,-1000,0,0,0,2000,3000,-1000,-1000
051497,中磊亞東96購01  ,0,0,0,0,0,0,0,0,0,-1000,0,0,0,0,1000,-1000,-1000
051532,潤泰全國票96購01,0,0,0,0,0,0,0,0,0,-1000,0,0,0,0,1000,-1000,-1000
052742,可成元大96購01  ,0,0,0,0,0,0,0,0,0,-1000,0,0,0,0,1000,-1000,-1000
05140P,台表科國票96售01,0,0,0,0,0,0,0,0,0,-1000,0,0,0,0,1000,-1000,-1000
05267P,欣興元大95售08  ,0,0,0,0,0,0,0,0,0,-1000,0,0,0,0,1000,-1000,-1000
05424P,台達電亞東96售02,0,0,0,0,0,0,0,0,0,-1000,0,0,0,0,1000,-1000,-1000
05418P,瑞昱永豐95售02  ,0,0,0,0,0,0,0,0,0,-1000,0,0,0,0,1000,-1000,-1000
054398,牧德永豐96購03  ,0,0,0,0,0,0,0,0,0,-1000,0,0,0,0,1000,-1000,-1000
052905,潤泰全國票97購01,0,0,0,0,0,0,0,0,0,-1000,0,0,0,0,1000,-1000,-1000
052979,上銀元大96購02  ,0,0,0,0,0,0,0,0,0,-1000,0,0,0,0,1000,-1000,-1000
05297P,臻鼎凱基95售04  ,0,0,0,0,0,0,0,0,0,-1000,0,0,0,0,1000,-1000,-1000
053417,上銀永豐96購02  ,0,0,0,0,0,0,0,0,0,-1000,0,0,0,0,1000,-1000,-1000
2540,愛山林          ,0,1000,-1000,0,0,0,0,0,0,0,0,0,0,0,0,0,-1000
2543,皇昌            ,0,1000,-1000,0,0,0,0,0,0,0,0,0,0,0,0,0,-1000
2462,良得電          ,2000,3000,-1000,0,0,0,0,0,0,0,0,0,0,0,0,0,-1000
2460,建通            ,0,1000,-1000,0,0,0,0,0,0,0,0,0,0,0,0,0,-1000
2491,吉祥全          ,0,1000,-1000,0,0,0,0,0,0,0,0,0,0,0,0,0,-1000
3130,一零四          ,0,0,0,0,0,0,0,0,0,-1000,0,1000,-1000,0,0,0,-1000
3229,晟鈦            ,0,1000,-1000,0,0,0,0,0,0,0,0,0,0,0,0,0,-1000
2906,高林            ,0,1000,-1000,0,0,0,0,0,0,0,0,0,0,0,0,0,-1000
2852,第一保          ,0,1000,-1000,0,0,0,0,0,0,0,0,0,0,0,0,0,-1000
2706,第一店          ,5000,6000,-1000,0,0,0,0,0,0,0,0,0,0,0,0,0,-1000
8466,美吉吉-KY       ,0,1000,-1000,0,0,0,0,0,0,0,0,0,0,0,0,0,-1000
8467,波力-KY         ,0,1000,-1000,0,0,0,0,0,0,0,0,0,0,0,0,0,-1000
6625,必應            ,0,1000,-1000,0,0,0,0,0,0,0,0,0,0,0,0,0,-1000
5906,台南-KY         ,1000,2000,-1000,0,0,0,0,0,0,0,0,0,0,0,0,0,-1000
6117,迎廣            ,0,1000,-1000,0,0,0,0,0,0,0,0,0,0,0,0,0,-1000
6405,悅城            ,0,1000,-1000,0,0,0,0,0,0,0,0,0,0,0,0,0,-1000
4755,三福化          ,0,1000,-1000,0,0,0,0,0,0,0,0,0,0,0,0,0,-1000
4764,雙鍵            ,0,1000,-1000,0,0,0,0,0,0,0,0,0,0,0,0,0,-1000
4555,氣立            ,1000,2000,-1000,0,0,0,0,0,0,0,0,0,0,0,0,0,-1000
3528,安馳            ,0,1000,-1000,0,0,0,0,0,0,0,0,0,0,0,0,0,-1000
06878P,台灣50日盛9B售01,0,0,0,0,0,0,0,0,0,-1000,0,0,0,0,1000,-1000,-1000
06903P,技嘉凱基98售04  ,0,0,0,0,0,0,0,0,0,-1000,0,0,0,0,1000,-1000,-1000
06923P,鴻海群益98售09  ,0,0,0,0,0,0,0,0,0,-1000,0,0,0,0,1000,-1000,-1000
06976P,臺股指元大9A售14,0,0,0,0,0,0,0,0,0,-1000,0,0,0,500000,501000,-1000,-1000
06973P,臺股指元大9A售11,0,0,0,0,0,0,0,0,0,-1000,0,0,0,1000,2000,-1000,-1000
07200P,臺股指元大99售16,0,0,0,0,0,0,0,0,0,-1000,0,0,0,0,1000,-1000,-1000
07231P,台灣50元大01售06,0,0,0,0,0,0,0,0,0,-1000,0,0,0,0,1000,-1000,-1000
1256,鮮活果汁-KY     ,5000,6000,-1000,0,0,0,0,0,0,0,0,0,0,0,0,0,-1000
1233,天仁            ,2000,3000,-1000,0,0,0,0,0,0,0,0,0,0,0,0,0,-1000
1535,中宇            ,0,1000,-1000,0,0,0,0,0,0,0,0,0,0,0,0,0,-1000
1525,江申            ,0,1000,-1000,0,0,0,0,0,0,0,0,0,0,0,0,0,-1000
059829,超眾凱基99購05  ,0,0,0,0,0,0,0,0,0,-1000,0,0,0,0,1000,-1000,-1000
2243,宏旭-KY         ,1000,2000,-1000,0,0,0,0,0,0,0,0,0,0,0,0,0,-1000
2069,運錩            ,0,1000,-1000,0,0,0,0,0,0,0,0,0,0,0,0,0,-1000
2033,佳大            ,0,1000,-1000,0,0,0,0,0,0,0,0,0,0,0,0,0,-1000
2017,官田鋼          ,0,1000,-1000,0,0,0,0,0,0,0,0,0,0,0,0,0,-1000
2012,春雨            ,0,1000,-1000,0,0,0,0,0,0,0,0,0,0,0,0,0,-1000
1776,展宇            ,0,1000,-1000,0,0,0,0,0,0,0,0,0,0,0,0,0,-1000
1617,榮星            ,0,1000,-1000,0,0,0,0,0,0,0,0,0,0,0,0,0,-1000
9929,秋雨            ,0,1000,-1000,0,0,0,0,0,0,0,0,0,0,0,0,0,-1000
8488,吉源-KY         ,0,1000,-1000,0,0,0,0,0,0,0,0,0,0,0,0,0,-1000
910322,康師傅-DR       ,0,1000,-1000,0,0,0,0,0,0,0,0,0,0,0,0,0,-1000
9943,好樂迪          ,31000,32000,-1000,0,0,0,0,0,0,0,0,0,0,0,0,0,-1000
06578P,華新科國票98售02,0,0,0,0,0,0,0,0,0,-2000,0,0,0,0,2000,-2000,-2000
06518P,奇力新兆豐99售01,0,0,0,0,0,0,0,0,0,-2000,0,0,0,0,2000,-2000,-2000
06717P,可成元大98售09  ,0,0,0,0,0,0,0,0,0,-2000,0,0,0,0,2000,-2000,-2000
06783P,亞光元大98售03  ,0,0,0,0,0,0,0,0,0,-2000,0,0,0,0,2000,-2000,-2000
06070P,漢唐永豐97售01  ,0,0,0,0,0,0,0,0,0,-2000,0,0,0,0,2000,-2000,-2000
06010P,國泰金元富96售01,0,0,0,0,0,0,0,0,0,-2000,0,0,0,4000,6000,-2000,-2000
059589,國巨元大9A購02  ,0,0,0,0,0,0,0,0,0,-2000,0,0,0,2000,4000,-2000,-2000
06492P,上銀永豐98售01  ,0,0,0,0,0,0,0,0,0,-2000,0,0,0,0,2000,-2000,-2000
059715,A50正2元大9C購02,0,0,0,0,0,0,0,0,0,-2000,0,0,0,0,2000,-2000,-2000
055841,南亞科元大97購04,0,0,0,0,0,0,0,0,0,-2000,0,0,0,0,2000,-2000,-2000
058833,台表科永豐99購01,0,0,0,0,0,0,0,0,0,-2000,0,0,0,62000,64000,-2000,-2000
059179,祥碩元富99購01  ,0,0,0,0,0,0,0,0,0,-2000,0,0,0,325000,327000,-2000,-2000
05872P,大立光凱基96售15,0,0,0,0,0,0,0,0,0,-2000,0,0,0,0,2000,-2000,-2000
056872,旺宏凱基98購08  ,0,0,0,0,0,0,0,0,0,-2000,0,0,0,0,2000,-2000,-2000
057811,南亞科元大98購08,0,0,0,0,0,0,0,0,0,-2000,0,0,0,0,2000,-2000,-2000
059118,晶技永豐9A購01  ,0,0,0,0,0,0,0,0,0,-2000,0,0,0,1000,3000,-2000,-2000
058237,嘉晶元大99購04  ,0,0,0,0,0,0,0,0,0,-2000,0,0,0,9000,11000,-2000,-2000
056489,S&P反1國泰9A購01,0,0,0,0,0,0,0,0,0,-2000,0,0,0,0,2000,-2000,-2000
059009,世紀鋼元大99購04,0,0,0,0,0,0,0,0,0,-2000,0,0,0,13000,15000,-2000,-2000
058010,帆宣國票98購01  ,0,0,0,0,0,0,0,0,0,-2000,0,0,0,0,2000,-2000,-2000
059329,台灣50國票99購09,0,0,0,0,0,0,0,0,0,-2000,0,0,0,0,2000,-2000,-2000
053272,鴻海元大96購17  ,0,0,0,0,0,0,0,0,0,-2000,0,0,0,15000,17000,-2000,-2000
054184,A50正2永豐96購01,0,0,0,0,0,0,0,0,0,-2000,0,0,0,0,2000,-2000,-2000
054294,世芯元大96購02  ,0,0,0,0,0,0,0,0,0,-2000,0,0,0,40000,42000,-2000,-2000
05269P,臻鼎元大95售05  ,0,0,0,0,0,0,0,0,0,-2000,0,0,0,0,2000,-2000,-2000
059393,臺股指凱基99購39,0,0,0,0,0,0,0,0,0,-2000,0,0,0,18000,20000,-2000,-2000
059394,臺股指凱基99購40,0,0,0,0,0,0,0,0,0,-2000,0,0,0,0,2000,-2000,-2000
059409,台灣50國票9C購01,0,0,0,0,0,0,0,0,0,-2000,0,0,0,0,2000,-2000,-2000
059441,祥碩元大99購02  ,0,0,0,0,0,0,0,0,0,-2000,0,0,0,0,2000,-2000,-2000
059517,茂林永豐99購02  ,0,0,0,0,0,0,0,0,0,-2000,0,0,0,49000,51000,-2000,-2000
059539,緯穎凱基99購03  ,0,0,0,0,0,0,0,0,0,-2000,0,0,0,30000,32000,-2000,-2000
05465P,台表科永豐95售03,0,0,0,0,0,0,0,0,0,-2000,0,0,0,0,2000,-2000,-2000
054872,瀚宇博群益98購01,0,0,0,0,0,0,0,0,0,-2000,0,0,0,0,2000,-2000,-2000
04707P,喬山元大94售01  ,0,0,0,0,0,0,0,0,0,-2000,0,0,0,0,2000,-2000,-2000
03052X,元展49          ,0,0,0,0,0,0,0,0,0,-2000,0,0,0,0,2000,-2000,-2000
03060X,元展55          ,0,0,0,0,0,0,0,0,0,-2000,0,0,0,0,2000,-2000,-2000
04424P,台郡永豐94售01  ,0,0,0,0,0,0,0,0,0,-2000,0,0,0,0,2000,-2000,-2000
03980P,群創凱基95售02  ,0,0,0,0,0,0,0,0,0,-2000,0,0,0,0,2000,-2000,-2000
050090,鈺齊康和94購01  ,0,0,0,0,0,0,0,0,0,-2000,0,0,0,0,2000,-2000,-2000
04774P,金融類元大94售02,0,0,0,0,0,0,0,0,0,-2000,0,0,0,0,2000,-2000,-2000
053950,緯穎富邦97購02  ,0,0,0,0,0,0,0,0,0,-2000,0,0,0,10000,12000,-2000,-2000
052321,華擎元大95購01  ,0,0,0,0,0,0,0,0,0,-2000,0,0,0,7000,9000,-2000,-2000
05232P,緯穎群益95售01  ,0,0,0,0,0,0,0,0,0,-2000,0,0,0,28000,30000,-2000,-2000
04912P,可成元富94售06  ,0,0,0,0,0,0,0,0,0,-2000,0,0,0,0,2000,-2000,-2000
048345,緯創元大94購01  ,0,0,0,0,0,0,0,0,0,-2000,0,0,0,0,2000,-2000,-2000
8499,鼎炫-KY         ,30000,32000,-2000,0,0,0,0,0,0,0,0,0,0,0,0,0,-2000
9136,巨騰-DR         ,0,2000,-2000,0,0,0,0,0,0,0,0,0,0,0,0,0,-2000
2007,燁興            ,0,2000,-2000,0,0,0,0,0,0,0,0,0,0,0,0,0,-2000
2029,盛餘            ,1000,1000,0,0,0,0,0,0,0,-2000,0,2000,-2000,0,0,0,-2000
1414,東和            ,1000,3000,-2000,0,0,0,0,0,0,0,0,0,0,0,0,0,-2000
1459,聯發            ,0,2000,-2000,0,0,0,0,0,0,0,0,0,0,0,0,0,-2000
1533,車王電          ,5000,7000,-2000,0,0,0,0,0,0,0,0,0,0,0,0,0,-2000
1108,幸福            ,0,2000,-2000,0,0,0,0,0,0,0,0,0,0,0,0,0,-2000
07275P,FBVIX群益99售02 ,0,0,0,0,0,0,0,0,0,-2000,0,0,0,0,2000,-2000,-2000
1312A,國喬特          ,0,0,0,0,0,0,0,0,0,-2000,0,2000,-2000,0,0,0,-2000
06365P,鴻海凱基97售09  ,0,0,0,0,0,0,0,0,0,-2000,0,0,0,0,2000,-2000,-2000
07198P,臺股指元大99售14,0,0,0,0,0,0,0,0,0,-2000,0,0,0,0,2000,-2000,-2000
07157P,臺股指元富99售12,0,0,0,0,0,0,0,0,0,-2000,0,0,0,0,2000,-2000,-2000
6216,居易            ,0,3000,-3000,0,0,0,0,0,0,1000,1000,0,1000,0,0,0,-2000
6579,研揚            ,0,2000,-2000,0,0,0,0,0,0,0,0,0,0,0,0,0,-2000
8201,無敵            ,0,2000,-2000,0,0,0,0,0,0,0,0,0,0,0,0,0,-2000
2616,山隆            ,5000,7000,-2000,0,0,0,0,0,0,0,0,0,0,0,0,0,-2000
2849,安泰銀          ,4000,6000,-2000,0,0,0,0,0,0,0,0,0,0,0,0,0,-2000
2427,三商電          ,0,2000,-2000,0,0,0,0,0,0,0,0,0,0,0,0,0,-2000
056722,滬深反中信9B購01,0,0,0,0,0,0,0,0,0,-3000,0,0,0,0,3000,-3000,-3000
056733,國巨凱基98購10  ,0,0,0,0,0,0,0,0,0,-3000,0,0,0,20000,23000,-3000,-3000
059300,國巨群益99購08  ,0,0,0,0,0,0,0,0,0,-3000,0,0,0,0,3000,-3000,-3000
057908,國泰金亞東99購01,0,0,0,0,0,0,0,0,0,-3000,0,0,0,0,3000,-3000,-3000
05901P,臺股指凱基9C售01,0,0,0,0,0,0,0,0,0,-3000,0,0,0,0,3000,-3000,-3000
056142,超眾元大97購06  ,0,0,0,0,0,0,0,0,0,-3000,0,0,0,7000,10000,-3000,-3000
058146,勤誠元大99購01  ,0,0,0,0,0,0,0,0,0,-3000,0,0,0,78000,81000,-3000,-3000
059090,台新金元大99購01,0,0,0,0,0,0,0,0,0,-3000,0,0,0,5000,8000,-3000,-3000
057742,喬山永豐98購02  ,0,0,0,0,0,0,0,0,0,-3000,0,0,0,22000,25000,-3000,-3000
05771P,大立光凱基96售13,0,0,0,0,0,0,0,0,0,-3000,0,0,0,0,3000,-3000,-3000
056921,京元電兆豐98購01,0,0,0,0,0,0,0,0,0,-3000,0,0,0,162000,165000,-3000,-3000
057427,華通兆豐99購01  ,0,0,0,0,0,0,0,0,0,-3000,0,0,0,0,3000,-3000,-3000
057674,台郡元大99購03  ,0,0,0,0,0,0,0,0,0,-3000,0,0,0,0,3000,-3000,-3000
057591,鴻海兆豐99購01  ,0,0,0,0,0,0,0,0,0,-3000,0,0,0,0,3000,-3000,-3000
059170,康控凱基9B購01  ,0,0,0,0,0,0,0,0,0,-3000,0,0,0,20000,23000,-3000,-3000
058389,聯茂國票9A購01  ,0,0,0,0,0,0,0,0,0,-3000,0,0,0,2000,5000,-3000,-3000
05841P,華通元大96售04  ,0,0,0,0,0,0,0,0,0,-3000,0,0,0,0,3000,-3000,-3000
05514P,康舒永豐96售01  ,0,0,0,0,0,0,0,0,0,-3000,0,0,0,0,3000,-3000,-3000
059655,T50反1元大99購10,0,0,0,0,0,0,0,0,0,-3000,0,0,0,0,3000,-3000,-3000
057164,國巨元大98購14  ,0,0,0,0,0,0,0,0,0,-3000,0,0,0,4000,7000,-3000,-3000
06255P,臺股指群益97售08,0,0,0,0,0,0,0,0,0,-3000,0,0,0,0,3000,-3000,-3000
059585,台灣50元大9C購10,0,0,0,0,0,0,0,0,0,-3000,0,0,0,0,3000,-3000,-3000
059739,華通元富99購04  ,0,0,0,0,0,0,0,0,0,-3000,0,0,0,2000,5000,-3000,-3000
059845,欣興富邦9A購02  ,0,0,0,0,0,0,0,0,0,-3000,0,0,0,0,3000,-3000,-3000
06023P,超眾國票96售03  ,0,0,0,0,0,0,0,0,0,-3000,0,0,0,0,3000,-3000,-3000
06788P,臺股指元大98售05,0,0,0,0,0,0,0,0,0,-3000,0,0,0,7000,10000,-3000,-3000
059756,奇力新富邦9C購01,0,0,0,0,0,0,0,0,0,-3000,0,0,0,0,3000,-3000,-3000
06515P,國巨凱基98售06  ,0,0,0,0,0,0,0,0,0,-3000,0,0,0,0,3000,-3000,-3000
06547P,大立光元大98售09,0,0,0,0,0,0,0,0,0,-3000,0,0,0,0,3000,-3000,-3000
051047,深中小群益99購01,0,0,0,0,0,0,0,0,0,-3000,0,0,0,0,3000,-3000,-3000
049156,緯穎元大96購01  ,0,0,0,0,0,0,0,0,0,-3000,0,0,0,8000,11000,-3000,-3000
04928P,大立光凱基95售07,0,0,0,0,0,0,0,0,0,-3000,0,0,0,0,3000,-3000,-3000
050836,緯穎凱基95購01  ,0,0,0,0,0,0,0,0,0,-3000,0,0,0,7000,10000,-3000,-3000
048081,元油反凱基96購01,0,0,0,0,0,0,0,0,0,-3000,0,0,0,0,3000,-3000,-3000
047970,鴻海富邦95購01  ,0,0,0,0,0,0,0,0,0,-3000,0,0,0,5000,8000,-3000,-3000
049628,臺股指群益94購01,0,0,0,0,0,0,0,0,0,-3000,0,0,0,0,3000,-3000,-3000
04976P,中磊凱基94售01  ,0,0,0,0,0,0,0,0,0,-3000,0,0,0,0,3000,-3000,-3000
053979,健策元大98購01  ,0,0,0,0,0,0,0,0,0,-3000,0,0,0,9000,12000,-3000,-3000
054090,瑞昱群益97購01  ,0,0,0,0,0,0,0,0,0,-3000,0,0,0,0,3000,-3000,-3000
05011P,南電國泰96售01  ,0,0,0,0,0,0,0,0,0,-3000,0,0,0,0,3000,-3000,-3000
04452P,超眾國泰95售01  ,0,0,0,0,0,0,0,0,0,-3000,0,0,0,28000,31000,-3000,-3000
03049X,元展46          ,0,0,0,0,0,0,0,0,0,-3000,0,0,0,0,3000,-3000,-3000
03038X,元展35          ,0,0,0,0,0,0,0,0,0,-3000,0,0,0,1000,4000,-3000,-3000
01004T,土銀富邦R2      ,0,3000,-3000,0,0,0,0,0,0,0,0,0,0,0,0,0,-3000
053018,旺宏元富96購02  ,0,0,0,0,0,0,0,0,0,-3000,0,0,0,0,3000,-3000,-3000
053628,微星兆豐96購01  ,0,0,0,0,0,0,0,0,0,-3000,0,0,0,0,3000,-3000,-3000
055489,瑞昱元大97購02  ,0,0,0,0,0,0,0,0,0,-3000,0,0,0,70000,73000,-3000,-3000
059470,華新科元大99購16,0,0,0,0,0,0,0,0,0,-3000,0,0,0,1000,4000,-3000,-3000
059439,健策元大9B購01  ,0,0,0,0,0,0,0,0,0,-3000,0,0,0,20000,23000,-3000,-3000
052760,盟立群益96購01  ,0,0,0,0,0,0,0,0,0,-3000,0,0,0,0,3000,-3000,-3000
052777,燿華國票98購01  ,0,0,0,0,0,0,0,0,0,-3000,0,0,0,0,3000,-3000,-3000
051675,瑞儀元大96購02  ,0,0,0,0,0,0,0,0,0,-3000,0,0,0,0,3000,-3000,-3000
051904,深100元大95購01 ,0,0,0,0,0,0,0,0,0,-3000,0,0,0,0,3000,-3000,-3000
051749,矽力國泰97購01  ,0,0,0,0,0,0,0,0,0,-3000,0,0,0,0,3000,-3000,-3000
05426P,聯發科凱基95售12,0,0,0,0,0,0,0,0,0,-3000,0,0,0,0,3000,-3000,-3000
2506,太設            ,0,3000,-3000,0,0,0,0,0,0,0,0,0,0,0,0,0,-3000
2816,旺旺保          ,36000,37000,-1000,0,0,0,0,0,0,-2000,0,2000,-2000,0,0,0,-3000
3296,勝德            ,0,3000,-3000,0,0,0,0,0,0,0,0,0,0,0,0,0,-3000
6666,羅麗芬-KY       ,23000,26000,-3000,0,0,0,0,0,0,0,0,0,0,0,0,0,-3000
4439,冠星-KY         ,0,3000,-3000,0,0,0,0,0,0,0,0,0,0,0,0,0,-3000
4720,德淵            ,0,3000,-3000,0,0,0,0,0,0,0,0,0,0,0,0,0,-3000
06950P,鴻海統一9B售02  ,0,0,0,0,0,0,0,0,0,-3000,0,0,0,7000,10000,-3000,-3000
06382P,大毅元富97售02  ,0,0,0,0,0,0,0,0,0,-3000,0,0,0,14000,17000,-3000,-3000
1110,東泥            ,0,3000,-3000,0,0,0,0,0,0,0,0,0,0,0,0,0,-3000
1219,福壽            ,0,3000,-3000,0,0,0,0,0,0,0,0,0,0,0,0,0,-3000
1521,大億            ,3000,6000,-3000,0,0,0,0,0,0,0,0,0,0,0,0,0,-3000
059835,聯發科國泰9B購01,0,0,0,0,0,0,0,0,0,-3000,0,0,0,0,3000,-3000,-3000
07287P,全新群益9B售01  ,0,0,0,0,0,0,0,0,0,-3000,0,0,0,0,3000,-3000,-3000
07298P,台灣50元大9C售12,0,0,0,0,0,0,0,0,0,-3000,0,0,0,0,3000,-3000,-3000
07345P,台灣50永豐99售10,0,0,0,0,0,0,0,0,0,-3000,0,0,0,0,3000,-3000,-3000
2022,聚亨            ,3000,6000,-3000,0,0,0,0,0,0,0,0,0,0,0,0,0,-3000
1786,科妍            ,41000,44000,-3000,0,0,0,0,0,0,0,2000,2000,0,0,0,0,-3000
06535P,可成群益99售02  ,0,0,0,0,0,0,0,0,0,-4000,0,0,0,1000,5000,-4000,-4000
059743,開發金元富99購01,0,0,0,0,0,0,0,0,0,-4000,0,0,0,0,4000,-4000,-4000
059745,欣興元富99購04  ,0,0,0,0,0,0,0,0,0,-4000,0,0,0,0,4000,-4000,-4000
059588,鴻海元大99購32  ,0,0,0,0,0,0,0,0,0,-4000,0,0,0,19000,23000,-4000,-4000
06495P,華新科亞東9A售01,0,0,0,0,0,0,0,0,0,-4000,0,0,0,19000,23000,-4000,-4000
06306P,臺股指元大97售12,0,0,0,0,0,0,0,0,0,-4000,0,0,0,3000,7000,-4000,-4000
06439P,上銀凱基98售02  ,0,0,0,0,0,0,0,0,0,-4000,0,0,0,0,4000,-4000,-4000
059636,宏達電凱基99購05,0,0,0,0,0,0,0,0,0,-4000,0,0,0,0,4000,-4000,-4000
059729,群創元大9C購05  ,0,0,0,0,0,0,0,0,0,-4000,0,0,0,36000,40000,-4000,-4000
055962,晶豪科元大97購02,0,0,0,0,0,0,0,0,0,-4000,0,0,0,0,4000,-4000,-4000
055292,聯鈞元大97購02  ,0,0,0,0,0,0,0,0,0,-4000,0,0,0,0,4000,-4000,-4000
058618,南電元大99購02  ,0,0,0,0,0,0,0,0,0,-4000,0,0,0,58000,62000,-4000,-4000
058520,智易元大99購03  ,0,0,0,0,0,0,0,0,0,-4000,0,0,0,0,4000,-4000,-4000
057577,廣宇中信9A購01  ,0,0,0,0,0,0,0,0,0,-4000,0,0,0,0,4000,-4000,-4000
059064,緯穎凱基99購02  ,0,0,0,0,0,0,0,0,0,-4000,0,0,0,40000,44000,-4000,-4000
059013,臺股指元大9A購32,0,0,0,0,0,0,0,0,0,-4000,0,0,0,0,4000,-4000,-4000
05649P,矽創國票97售03  ,0,0,0,0,0,0,0,0,0,-4000,0,0,0,0,4000,-4000,-4000
056435,台積電凱基98購09,0,0,0,0,0,0,0,0,0,-4000,0,0,0,4000,8000,-4000,-4000
058876,南電國票9A購02  ,0,0,0,0,0,0,0,0,0,-4000,0,0,0,43000,47000,-4000,-4000
056741,大立光凱基98購14,0,0,0,0,0,0,0,0,0,-4000,0,0,0,8000,12000,-4000,-4000
052927,友達元大98購02  ,0,0,0,0,0,0,0,0,0,-4000,0,0,0,0,4000,-4000,-4000
053194,緯穎統一99購01  ,0,0,0,0,0,0,0,0,0,-4000,0,0,0,6000,10000,-4000,-4000
053207,SP黃豆凱基96購01,0,0,0,0,0,0,0,0,0,-4000,0,0,0,0,4000,-4000,-4000
051836,華通國泰95購02  ,0,0,0,0,0,0,0,0,0,-4000,0,0,0,0,4000,-4000,-4000
051699,世紀鋼麥證95購01,0,0,0,0,4000,-4000,0,0,0,-4000,0,0,0,0,4000,-4000,-4000
059548,台積電群益99購10,0,0,0,0,0,0,0,0,0,-4000,0,0,0,0,4000,-4000,-4000
059558,T50正2凱基9C購03,0,0,0,0,0,0,0,0,0,-4000,0,0,0,20000,24000,-4000,-4000
05475P,聯茂亞東95售01  ,0,0,0,0,0,0,0,0,0,-4000,0,0,0,0,4000,-4000,-4000
0057,富邦摩台        ,3000,0,3000,0,0,0,0,0,0,-7000,0,0,0,20000,27000,-7000,-4000
04744P,臻鼎元富94售04  ,0,0,0,0,0,0,0,0,0,-4000,0,0,0,0,4000,-4000,-4000
04047P,華邦電元大94售03,0,0,0,0,0,0,0,0,0,-4000,0,0,0,0,4000,-4000,-4000
04507P,台光電元大94售03,0,0,0,0,0,0,0,0,0,-4000,0,0,0,6000,10000,-4000,-4000
050034,智伸科元大94購01,0,0,0,0,0,0,0,0,0,-4000,0,0,0,0,4000,-4000,-4000
049700,瀚宇博元大97購01,0,0,0,0,0,0,0,0,0,-4000,0,0,0,13000,17000,-4000,-4000
08674P,嘉晶元富07售02  ,0,0,0,0,0,0,0,0,0,-4000,0,0,0,0,4000,-4000,-4000
1435,中福            ,4000,8000,-4000,0,0,0,0,0,0,0,0,0,0,0,0,0,-4000
1506,正道            ,0,4000,-4000,0,0,0,0,0,0,0,0,0,0,0,0,0,-4000
1217,愛之味          ,205000,209000,-4000,0,0,0,0,0,0,0,0,0,0,0,0,0,-4000
06387P,緯穎永豐97售02  ,0,0,0,0,0,0,0,0,0,-4000,0,0,0,10000,14000,-4000,-4000
6184,大豐電          ,9000,13000,-4000,0,0,0,0,0,0,0,0,0,0,0,0,0,-4000
3058,立德            ,10000,14000,-4000,0,0,0,0,0,0,0,0,0,0,0,0,0,-4000
3024,憶聲            ,37000,41000,-4000,0,0,0,0,0,0,0,0,0,0,0,0,0,-4000
3025,星通            ,5000,9000,-4000,0,0,0,0,0,0,0,0,0,0,0,0,0,-4000
2636,台驊投控        ,13000,17000,-4000,0,0,0,0,0,0,0,0,0,0,0,0,0,-4000
2911,麗嬰房          ,0,4000,-4000,0,0,0,0,0,0,0,0,0,0,0,0,0,-4000
2465,麗臺            ,4000,8000,-4000,0,0,0,0,0,0,0,0,0,0,0,0,0,-4000
8464,億豐            ,404134,477243,-73109,0,0,0,217000,129000,88000,-19000,0,19000,-19000,0,0,0,-4109
058949,上銀群益99購02  ,0,0,0,0,0,0,0,0,0,-5000,0,0,0,0,5000,-5000,-5000
057872,旺宏元大99購06  ,0,0,0,0,0,0,0,0,0,-5000,0,0,0,0,5000,-5000,-5000
055977,南亞科統一97購01,0,0,0,0,0,0,0,0,0,-5000,0,0,0,0,5000,-5000,-5000
056145,緯穎元大98購03  ,0,0,0,0,0,0,0,0,0,-5000,0,0,0,13000,18000,-5000,-5000
056350,上銀元大98購02  ,0,0,0,0,0,0,0,0,0,-5000,0,0,0,0,5000,-5000,-5000
059078,FBVIX元大99購06 ,0,0,0,0,0,0,0,0,0,-5000,0,0,0,12000,17000,-5000,-5000
058244,神達元大99購02  ,0,0,0,0,0,0,0,0,0,-5000,0,0,0,0,5000,-5000,-5000
058203,信邦凱基99購01  ,0,0,0,0,0,0,0,0,0,-5000,0,0,0,5000,10000,-5000,-5000
057732,牧德國泰9A購01  ,0,0,0,0,0,0,0,0,0,-5000,0,0,0,0,5000,-5000,-5000
057537,聯茂元大98購04  ,0,0,0,0,0,0,0,0,0,-5000,0,0,0,0,5000,-5000,-5000
057635,中鋼元大98購01  ,0,0,0,0,0,0,0,0,0,-5000,0,0,0,0,5000,-5000,-5000
05688P,臺股指元大96售13,0,0,0,0,0,0,0,0,0,-5000,0,0,0,0,5000,-5000,-5000
056051,T50反1元大97購05,0,0,0,0,0,0,0,0,0,-5000,0,0,0,0,5000,-5000,-5000
058050,台郡元大99購05  ,0,0,0,0,0,0,0,0,0,-5000,0,0,0,0,5000,-5000,-5000
058662,禾伸堂兆豐99購01,0,0,0,0,0,0,0,0,0,-5000,0,0,0,0,5000,-5000,-5000
058707,泰鼎元大99購02  ,0,0,0,0,0,0,0,0,0,-5000,0,0,0,25000,30000,-5000,-5000
058847,國巨群益99購05  ,0,0,0,0,0,0,0,0,0,-5000,0,0,0,0,5000,-5000,-5000
058834,GIS永豐99購01   ,0,0,0,0,0,0,0,0,0,-5000,0,0,0,0,5000,-5000,-5000
059140,大立光兆豐9A購02,0,0,0,0,0,0,0,0,0,-5000,0,0,0,5000,10000,-5000,-5000
055145,T50反1元大97購04,0,0,0,0,0,0,0,0,0,-5000,0,0,0,0,5000,-5000,-5000
054967,神達元大97購01  ,0,0,0,0,0,0,0,0,0,-5000,0,0,0,6000,11000,-5000,-5000
059263,瑞昱中信01購01  ,0,0,0,0,0,0,0,0,0,-5000,0,0,0,0,5000,-5000,-5000
059237,鴻海凱基9A購10  ,0,0,0,0,0,0,0,0,0,-5000,0,0,0,18000,23000,-5000,-5000
058315,TPK富邦9C購01   ,0,0,0,0,0,0,0,0,0,-5000,0,0,0,0,5000,-5000,-5000
055951,大成鋼元大97購02,0,0,0,0,0,0,0,0,0,-5000,0,0,0,0,5000,-5000,-5000
055840,南亞科元大97購03,0,0,0,0,0,0,0,0,0,-5000,0,0,0,0,5000,-5000,-5000
059700,鴻海凱基9A購16  ,0,0,0,0,0,0,0,0,0,-5000,0,0,0,5000,10000,-5000,-5000
06323P,台郡統一97售01  ,0,0,0,0,0,0,0,0,0,-5000,0,0,0,0,5000,-5000,-5000
06501P,臺股指元大9A售06,0,0,0,0,0,0,0,0,0,-5000,0,0,0,0,5000,-5000,-5000
06163P,聯詠群益97售01  ,0,0,0,0,0,0,0,0,0,-5000,0,0,0,0,5000,-5000,-5000
06206P,台積電凱基97售11,0,0,0,0,0,0,0,0,0,-5000,0,0,0,2000,7000,-5000,-5000
06153P,健策元大97售04  ,0,0,0,0,0,0,0,0,0,-5000,0,0,0,0,5000,-5000,-5000
059583,台灣50元大01購10,0,0,0,0,0,0,0,0,0,-5000,0,0,0,5000,10000,-5000,-5000
059844,大立光富邦9C購04,0,0,0,0,0,0,0,0,0,-5000,0,0,0,0,5000,-5000,-5000
06548P,大立光元大98售10,0,0,0,0,0,0,0,0,0,-5000,0,0,0,0,5000,-5000,-5000
06568P,國巨永豐98售05  ,0,0,0,0,0,0,0,0,0,-5000,0,0,0,0,5000,-5000,-5000
06623P,立積元大98售04  ,0,0,0,0,0,0,0,0,0,-5000,0,0,0,0,5000,-5000,-5000
05230P,京元電群益95售01,0,0,0,0,0,0,0,0,0,-5000,0,0,0,0,5000,-5000,-5000
051264,道瓊反富邦97購01,0,0,0,0,0,0,0,0,0,-5000,0,0,0,0,5000,-5000,-5000
050648,全新凱基96購01  ,0,0,0,0,0,0,0,0,0,-5000,0,0,0,36000,41000,-5000,-5000
050383,超眾兆豐95購01  ,0,0,0,0,0,0,0,0,0,-5000,0,0,0,0,5000,-5000,-5000
03649C,T50反1凱基99牛05,0,0,0,0,0,0,0,0,0,-5000,0,0,0,5000,10000,-5000,-5000
03650C,T50反1元大98牛05,0,0,0,0,0,0,0,0,0,-5000,0,0,0,0,5000,-5000,-5000
04595P,臺股指元大94售13,0,0,0,0,0,0,0,0,0,-5000,0,0,0,0,5000,-5000,-5000
054803,味全元大9A購01  ,0,0,0,0,0,0,0,0,0,-5000,0,0,0,10000,15000,-5000,-5000
053712,台光電凱基96購04,0,0,0,0,0,0,0,0,0,-5000,0,0,0,5000,10000,-5000,-5000
059555,台灣50凱基9A購06,0,0,0,0,0,0,0,0,0,-5000,0,0,0,0,5000,-5000,-5000
053392,致新元大96購01  ,0,0,0,0,0,0,0,0,0,-5000,0,0,0,0,5000,-5000,-5000
052881,康控凱基97購01  ,0,0,0,0,0,0,0,0,0,-5000,0,0,0,0,5000,-5000,-5000
2545,皇翔            ,26000,31000,-5000,0,0,0,0,0,0,0,0,0,0,0,0,0,-5000
2358,廷鑫            ,8000,13000,-5000,0,0,0,0,0,0,0,0,0,0,0,0,0,-5000
5608,四維航          ,7000,12000,-5000,0,0,0,0,0,0,0,0,0,0,0,0,0,-5000
5434,崇越            ,549000,546000,3000,0,0,0,84000,0,84000,-92000,0,92000,-92000,0,0,0,-5000
07228P,台灣50群益9B售06,0,0,0,0,0,0,0,0,0,-5000,0,0,0,0,5000,-5000,-5000
07197P,臺股指元大99售13,0,0,0,0,0,0,0,0,0,-5000,0,0,0,5000,10000,-5000,-5000
07175P,聯詠凱基99售02  ,0,0,0,0,0,0,0,0,0,-5000,0,0,0,0,5000,-5000,-5000
07236P,台灣50國票99售05,0,0,0,0,0,0,0,0,0,-5000,0,0,0,0,5000,-5000,-5000
07269P,台灣50元大01售08,0,0,0,0,0,0,0,0,0,-5000,0,0,0,0,5000,-5000,-5000
06937P,GIS元大98售03   ,0,0,0,0,0,0,0,0,0,-5000,0,0,0,0,5000,-5000,-5000
07148P,富邦金元大99售01,0,0,0,0,0,0,0,0,0,-5000,0,0,0,1000,6000,-5000,-5000
07154P,台灣50群益94售01,0,0,0,0,0,0,0,0,0,-5000,0,0,0,0,5000,-5000,-5000
07127P,精元元大99售01  ,0,0,0,0,0,0,0,0,0,-5000,0,0,0,0,5000,-5000,-5000
07051P,大立光中信99售02,0,0,0,0,0,0,0,0,0,-5000,0,0,0,0,5000,-5000,-5000
07065P,臺股指元大9A售26,0,0,0,0,0,0,0,0,0,-5000,0,0,0,0,5000,-5000,-5000
07077P,緯穎凱基99售01  ,0,0,0,0,0,0,0,0,0,-5000,0,0,0,0,5000,-5000,-5000
1416,廣豐            ,0,5000,-5000,0,0,0,0,0,0,0,0,0,0,0,0,0,-5000
06412P,南亞科日盛97售01,0,0,0,0,0,0,0,0,0,-5000,0,0,0,0,5000,-5000,-5000
06734P,智邦凱基98售05  ,0,0,0,0,0,0,0,0,0,-6000,0,0,0,0,6000,-6000,-6000
06762P,智邦元大98售11  ,0,0,0,0,0,0,0,0,0,-6000,0,0,0,0,6000,-6000,-6000
06214P,國巨國票98售04  ,0,0,0,0,0,0,0,0,0,-6000,0,0,0,0,6000,-6000,-6000
059697,上証2X凱基9A購03,0,0,0,0,0,0,0,0,0,-6000,0,0,0,5000,11000,-6000,-6000
059687,卜蜂永豐99購01  ,0,0,0,0,0,0,0,0,0,-6000,0,0,0,0,6000,-6000,-6000
059725,聯發科元大99購31,0,0,0,0,0,0,0,0,0,-6000,0,0,0,0,6000,-6000,-6000
05520P,聯詠凱基96售01  ,0,0,0,0,0,0,0,0,0,-6000,0,0,0,0,6000,-6000,-6000
057084,立積統一9B購01  ,0,0,0,0,0,0,0,0,0,-6000,0,0,0,0,6000,-6000,-6000
057029,緯穎凱基98購04  ,0,0,0,0,0,0,0,0,0,-6000,0,0,0,17000,23000,-6000,-6000
059172,台郡凱基99購03  ,0,0,0,0,0,0,0,0,0,-6000,0,0,0,15000,21000,-6000,-6000
059200,京鼎永豐99購02  ,0,0,0,0,0,0,0,0,0,-6000,0,0,0,0,6000,-6000,-6000
057637,上銀元大98購07  ,0,0,0,0,0,0,0,0,0,-6000,0,0,0,0,6000,-6000,-6000
05740P,宏達電元富96售01,0,0,0,0,0,0,0,0,0,-6000,0,0,0,0,6000,-6000,-6000
057371,可成元大98購08  ,0,0,0,0,0,0,0,0,0,-6000,0,0,0,5000,11000,-6000,-6000
057269,鈺齊兆豐98購01  ,0,0,0,0,0,0,0,0,0,-6000,0,0,0,0,6000,-6000,-6000
058198,瑞昱亞東99購01  ,0,0,0,0,0,0,0,0,0,-6000,0,0,0,0,6000,-6000,-6000
058969,亞德客永豐99購01,0,0,0,0,0,0,0,0,0,-6000,0,0,0,31000,37000,-6000,-6000
056745,聯茂凱基99購03  ,0,0,0,0,0,0,0,0,0,-6000,0,0,0,0,6000,-6000,-6000
05341P,臺股指兆豐95售02,0,0,0,0,0,0,0,0,0,-6000,0,0,0,4000,10000,-6000,-6000
052736,T50反1元大96購05,0,0,0,0,0,0,0,0,0,-6000,0,0,0,0,6000,-6000,-6000
059544,創意亞東99購01  ,0,0,0,0,0,0,0,0,0,-6000,0,0,0,0,6000,-6000,-6000
053557,聯茂凱基96購04  ,0,0,0,0,0,0,0,0,0,-6000,0,0,0,0,6000,-6000,-6000
046275,台表科凱基94購01,0,0,0,0,0,0,0,0,0,-6000,0,0,0,0,6000,-6000,-6000
020011,統一微波高息20N ,0,0,0,0,0,0,0,0,0,-6000,0,0,0,0,6000,-6000,-6000
03420B,臺股指元大95熊31,0,0,0,0,0,0,0,0,0,-6000,0,0,0,1000,7000,-6000,-6000
04797P,華新科元大94售04,85000,0,85000,0,0,0,0,0,0,-91000,0,0,0,4000,95000,-91000,-6000
04947P,聯詠元大94售05  ,0,0,0,0,0,0,0,0,0,-6000,0,0,0,45000,51000,-6000,-6000
052272,T50反1群益95購03,0,0,0,0,0,0,0,0,0,-6000,0,0,0,0,6000,-6000,-6000
054076,義隆第一96購01  ,0,0,0,0,0,0,0,0,0,-6000,0,0,0,4000,10000,-6000,-6000
054063,聯茂國票97購02  ,0,0,0,0,0,0,0,0,0,-6000,0,0,0,0,6000,-6000,-6000
07344P,鴻海富邦9A售03  ,0,0,0,0,0,0,0,0,0,-6000,0,0,0,0,6000,-6000,-6000
1528,恩德            ,5000,11000,-6000,0,0,0,0,0,0,0,0,0,0,0,0,0,-6000
1805,寶徠            ,0,6000,-6000,0,0,0,0,0,0,0,0,0,0,0,0,0,-6000
07130P,台郡元大9B售01  ,0,0,0,0,0,0,0,0,0,-6000,0,0,0,27000,33000,-6000,-6000
059798,臺股指國票99購21,0,0,0,0,0,0,0,0,0,-6000,0,0,0,0,6000,-6000,-6000
07270P,台灣50元大01售09,0,0,0,0,0,0,0,0,0,-6000,0,0,0,1000,7000,-6000,-6000
07248P,可成凱基99售06  ,0,0,0,0,0,0,0,0,0,-6000,0,0,0,10000,16000,-6000,-6000
07194P,聯發科元大99售25,0,0,0,0,0,0,0,0,0,-6000,0,0,0,3000,9000,-6000,-6000
1104,環泥            ,97000,103000,-6000,0,0,0,0,0,0,0,0,0,0,0,0,0,-6000
2597,潤弘            ,7000,9000,-2000,0,0,0,0,0,0,-4000,0,4000,-4000,0,0,0,-6000
2528,皇普            ,3000,7000,-4000,0,0,0,0,0,0,-2000,1000,3000,-2000,0,0,0,-6000
2483,百容            ,0,6000,-6000,0,0,0,0,0,0,0,0,0,0,0,0,0,-6000
2923,鼎固-KY         ,0,7000,-7000,0,0,0,666,0,666,0,0,0,0,0,0,0,-6334
057916,國巨凱基98購13  ,0,0,0,0,0,0,0,0,0,-7000,0,0,0,0,7000,-7000,-7000
057847,聯茂永豐98購01  ,0,0,0,0,0,0,0,0,0,-7000,0,0,0,5000,12000,-7000,-7000
058966,元油2X日盛99購03,0,0,0,0,0,0,0,0,0,-7000,0,0,0,0,7000,-7000,-7000
059092,聯陽元大99購01  ,0,0,0,0,0,0,0,0,0,-7000,0,0,0,0,7000,-7000,-7000
058508,聯發科元大99購11,0,0,0,0,0,0,0,0,0,-7000,0,0,0,0,7000,-7000,-7000
057619,玉晶光凱基98購02,0,0,0,0,0,0,0,0,0,-7000,0,0,0,182000,189000,-7000,-7000
058070,華新科凱基98購07,0,0,0,0,0,0,0,0,0,-7000,0,0,0,61000,68000,-7000,-7000
059174,訊芯凱基99購01  ,0,0,0,0,0,0,0,0,0,-7000,0,0,0,3000,10000,-7000,-7000
059180,祥碩元富9A購01  ,0,0,0,0,0,0,0,0,0,-7000,0,0,0,302000,309000,-7000,-7000
058687,聯茂凱基9A購01  ,0,0,0,0,0,0,0,0,0,-7000,0,0,0,23000,30000,-7000,-7000
058749,康控凱基99購03  ,0,0,0,0,0,0,0,0,0,-7000,0,0,0,67000,74000,-7000,-7000
05922P,京元電兆豐96售01,0,0,0,0,0,0,0,0,0,-7000,0,0,0,3000,10000,-7000,-7000
059258,台灣50群益99購01,0,0,0,0,0,0,0,0,0,-7000,0,0,0,3000,10000,-7000,-7000
055129,鈺齊兆豐97購01  ,0,0,0,0,0,0,0,0,0,-7000,0,0,0,0,7000,-7000,-7000
059675,大立光元富99購08,0,0,0,0,0,0,0,0,0,-7000,0,0,0,6000,13000,-7000,-7000
06718P,聯詠元大98售01  ,0,0,0,0,0,0,0,0,0,-7000,0,0,0,0,7000,-7000,-7000
06781P,大立光元大98售19,0,0,0,0,0,0,0,0,0,-7000,0,0,0,0,7000,-7000,-7000
059366,台積電台新99購04,0,0,0,0,0,0,0,0,0,-7000,0,0,0,4000,11000,-7000,-7000
051594,和碩元大96購01  ,0,0,0,0,0,0,0,0,0,-7000,0,0,0,0,7000,-7000,-7000
053424,欣興永豐96購02  ,0,0,0,0,0,0,0,0,0,-7000,0,0,0,23000,30000,-7000,-7000
3054,立萬利          ,0,7000,-7000,0,0,0,0,0,0,0,0,0,0,0,0,0,-7000
3305,昇貿            ,2000,10000,-8000,0,0,0,0,0,0,1000,1000,0,1000,0,0,0,-7000
2496,卓越            ,0,7000,-7000,0,0,0,0,0,0,0,0,0,0,0,0,0,-7000
3694,海華            ,2000,9000,-7000,0,0,0,0,0,0,0,0,0,0,0,0,0,-7000
6281,全國電          ,3000,8000,-5000,0,0,0,0,0,0,-2000,0,2000,-2000,0,0,0,-7000
8480,泰昇-KY         ,16000,23000,-7000,0,0,0,0,0,0,0,0,0,0,0,0,0,-7000
07244P,鴻海凱基9A售13  ,0,0,0,0,0,0,0,0,0,-7000,0,0,0,0,7000,-7000,-7000
07105P,大毅元富99售02  ,0,0,0,0,0,0,0,0,0,-7000,0,0,0,0,7000,-7000,-7000
1441,大東            ,7000,14000,-7000,0,0,0,0,0,0,0,0,0,0,0,0,0,-7000
1467,南緯            ,0,7000,-7000,0,0,0,0,0,0,0,0,0,0,0,0,0,-7000
1517,利奇            ,0,7000,-7000,0,0,0,0,0,0,0,0,0,0,0,0,0,-7000
06648P,華邦電元大98售03,0,0,0,0,0,0,0,0,0,-8000,0,0,0,0,8000,-8000,-8000
06621P,欣興元大98售06  ,0,0,0,0,0,0,0,0,0,-8000,0,0,0,6000,14000,-8000,-8000
06160P,台達電群益97售01,0,0,0,0,0,0,0,0,0,-8000,0,0,0,14000,22000,-8000,-8000
06188P,大立光元富97售01,0,0,0,0,0,0,0,0,0,-8000,0,0,0,2000,10000,-8000,-8000
059846,力山永豐99購01  ,0,0,0,0,0,0,0,0,0,-8000,0,0,0,0,8000,-8000,-8000
059678,鴻海國泰9A購03  ,0,0,0,0,0,0,0,0,0,-8000,0,0,0,0,8000,-8000,-8000
058606,聯發科元大99購13,0,0,0,0,0,0,0,0,0,-8000,0,0,0,22000,30000,-8000,-8000
05860P,旺宏康和96售01  ,0,0,0,0,0,0,0,0,0,-8000,0,0,0,2000,10000,-8000,-8000
059203,勤誠永豐99購02  ,0,0,0,0,0,0,0,0,0,-8000,0,0,0,92000,100000,-8000,-8000
058973,麗豐永豐99購01  ,0,0,0,0,0,0,0,0,0,-8000,0,0,0,12000,20000,-8000,-8000
056141,聯茂元大97購05  ,0,0,0,0,0,0,0,0,0,-8000,0,0,0,45000,53000,-8000,-8000
058909,神達元大99購03  ,0,0,0,0,0,0,0,0,0,-8000,0,0,0,2000,10000,-8000,-8000
053312,緯穎凱基96購02  ,0,0,0,0,0,0,0,0,0,-8000,0,0,0,6000,14000,-8000,-8000
052955,國巨日盛96購01  ,0,0,0,0,0,0,0,0,0,-8000,0,0,0,3000,11000,-8000,-8000
052808,矽力元大96購02  ,0,0,0,0,0,0,0,0,0,-8000,0,0,0,31000,39000,-8000,-8000
05268P,玉晶光元大98售01,0,0,0,0,0,0,0,0,0,-8000,0,0,0,0,8000,-8000,-8000
059373,滬深2X群益01購03,0,0,0,0,0,0,0,0,0,-8000,0,0,0,0,8000,-8000,-8000
05307P,光寶科中信95售01,0,0,0,0,0,0,0,0,0,-8000,0,0,0,2000,10000,-8000,-8000
054735,漢唐凱基98購01  ,0,0,0,0,0,0,0,0,0,-8000,0,0,0,0,8000,-8000,-8000
054917,聯發科凱基98購05,0,0,0,0,0,0,0,0,0,-8000,0,0,0,0,8000,-8000,-8000
00684R,元大美元指數反1 ,0,0,0,0,0,0,0,0,0,-8000,0,0,0,2000,10000,-8000,-8000
00660,元大歐洲50      ,0,0,0,0,0,0,0,0,0,-8000,0,0,0,24000,32000,-8000,-8000
03006X,元展06          ,0,0,0,0,0,0,0,0,0,-8000,0,0,0,12000,20000,-8000,-8000
050246,大立光凱基94購13,0,0,0,0,0,0,0,0,0,-8000,0,0,0,2000,10000,-8000,-8000
05029P,鴻海元富95售04  ,0,0,0,0,0,0,0,0,0,-8000,0,0,0,0,8000,-8000,-8000
050212,瀚宇博國票95購02,0,0,0,0,0,0,0,0,0,-8000,0,0,0,0,8000,-8000,-8000
04840P,大立光元大94售18,0,0,0,0,0,0,0,0,0,-8000,0,0,0,0,8000,-8000,-8000
1432,大魯閣          ,0,8000,-8000,0,0,0,0,0,0,0,0,0,0,0,0,0,-8000
07295P,滬深2X元富9C售09,0,0,0,0,0,0,0,0,0,-8000,0,0,0,0,8000,-8000,-8000
1560,中砂            ,166000,261000,-95000,0,0,0,67000,0,67000,20000,20000,0,20000,0,0,0,-8000
2109,華豐            ,3000,11000,-8000,0,0,0,0,0,0,0,0,0,0,0,0,0,-8000
06936P,瑞儀元大98售01  ,0,0,0,0,0,0,0,0,0,-8000,0,0,0,0,8000,-8000,-8000
07262P,台灣50元大9B售05,0,0,0,0,0,0,0,0,0,-8000,0,0,0,0,8000,-8000,-8000
8482,商億-KY         ,2000,10000,-8000,0,0,0,0,0,0,0,0,0,0,0,0,0,-8000
3515,華擎            ,251000,243000,8000,0,0,0,0,0,0,-16000,13000,2000,11000,13000,40000,-27000,-8000
2546,根基            ,11000,19000,-8000,0,0,0,0,0,0,0,0,0,0,0,0,0,-8000
2380,虹光            ,0,8000,-8000,0,0,0,0,0,0,0,0,0,0,0,0,0,-8000
3257,虹冠電          ,2000,10000,-8000,0,0,0,0,0,0,0,0,0,0,0,0,0,-8000
3004,豐達科          ,88000,96000,-8000,0,0,0,0,0,0,0,0,0,0,0,0,0,-8000
2701,萬企            ,0,8000,-8000,0,0,0,0,0,0,0,0,0,0,0,0,0,-8000
056715,瀚宇博永豐98購01,0,0,0,0,0,0,0,0,0,-9000,0,0,0,1000,10000,-9000,-9000
056643,奇力新凱基99購01,0,0,0,0,0,0,0,0,0,-9000,0,0,0,88000,97000,-9000,-9000
059327,南茂元大99購01  ,0,0,0,0,0,0,0,0,0,-9000,0,0,0,65000,74000,-9000,-9000
059296,大立光元富99購06,0,0,0,0,0,0,0,0,0,-9000,0,0,0,33000,42000,-9000,-9000
056523,光寶科中信98購01,0,0,0,0,0,0,0,0,0,-9000,0,0,0,0,9000,-9000,-9000
056367,祥碩元大98購01  ,0,0,0,0,0,0,0,0,0,-9000,0,0,0,0,9000,-9000,-9000
057562,奇鋐兆豐98購01  ,0,0,0,0,0,0,0,0,0,-9000,0,0,0,1000,10000,-9000,-9000
055760,新日興群益98購02,0,0,0,0,0,0,0,0,0,-9000,0,0,0,32000,41000,-9000,-9000
05573P,仁寶元富96售02  ,0,0,0,0,0,0,0,0,0,-9000,0,0,0,0,9000,-9000,-9000
055844,大毅元大98購01  ,0,0,0,0,0,0,0,0,0,-9000,0,0,0,89000,98000,-9000,-9000
059575,臺股指凱基99購41,0,0,0,0,0,0,0,0,0,-9000,0,0,0,85000,94000,-9000,-9000
06074P,台積電凱基98售04,0,0,0,0,0,0,0,0,0,-9000,0,0,0,0,9000,-9000,-9000
06247P,同欣電元富97售02,0,0,0,0,0,0,0,0,0,-9000,0,0,0,23000,32000,-9000,-9000
050502,聯發科凱基94購21,0,0,0,0,0,0,0,0,0,-9000,0,0,0,1000,10000,-9000,-9000
053597,牧德元大99購01  ,0,0,0,0,0,0,0,0,0,-9000,0,0,0,1000,10000,-9000,-9000
059442,祥碩元大99購03  ,0,0,0,0,0,0,0,0,0,-9000,0,0,0,11000,20000,-9000,-9000
055392,凱美統一97購03  ,0,0,0,0,0,0,0,0,0,-9000,0,0,0,100000,109000,-9000,-9000
052781,瀚宇博國票97購03,0,0,0,0,0,0,0,0,0,-9000,0,0,0,12000,21000,-9000,-9000
051828,微星元大95購03  ,0,0,0,0,0,0,0,0,0,-9000,0,0,0,1000,10000,-9000,-9000
053509,華新群益98購01  ,0,0,0,0,0,0,0,0,0,-9000,0,0,0,0,9000,-9000,-9000
3015,全漢            ,32000,41000,-9000,0,0,0,0,0,0,0,0,0,0,0,0,0,-9000
4148,全宇生技-KY     ,4000,13000,-9000,0,0,0,0,0,0,0,0,0,0,0,0,0,-9000
6243,迅杰            ,0,9000,-9000,0,0,0,0,0,0,0,0,0,0,0,0,0,-9000
6128,上福            ,14000,23000,-9000,0,0,0,0,0,0,0,0,0,0,0,0,0,-9000
07258P,台灣50台新9A售01,0,0,0,0,0,0,0,0,0,-9000,0,0,0,0,9000,-9000,-9000
07196P,大立光元大99售13,0,0,0,0,0,0,0,0,0,-9000,0,0,0,4000,13000,-9000,-9000
06921P,台光電凱基98售06,0,0,0,0,0,0,0,0,0,-9000,0,0,0,0,9000,-9000,-9000
06240P,奇力新元富97售03,0,0,0,0,0,0,0,0,0,-10000,0,0,0,0,10000,-10000,-10000
06497P,大立光凱基98售11,0,0,0,0,0,0,0,0,0,-10000,0,0,0,0,10000,-10000,-10000
06304P,臺股指元大97售10,0,0,0,0,0,0,0,0,0,-10000,0,0,0,0,10000,-10000,-10000
06270P,致伸凱基97售03  ,0,0,0,0,0,0,0,0,0,-10000,0,0,0,0,10000,-10000,-10000
06282P,聯鈞永豐97售02  ,0,0,0,0,0,0,0,0,0,-10000,0,0,0,0,10000,-10000,-10000
06300P,緯穎元大97售04  ,0,0,0,0,0,0,0,0,0,-10000,0,0,0,0,10000,-10000,-10000
059580,大立光元富99購07,0,0,0,0,0,0,0,0,0,-10000,0,0,0,0,10000,-10000,-10000
06641P,智邦兆豐99售01  ,0,0,0,0,0,0,0,0,0,-10000,0,0,0,0,10000,-10000,-10000
06655P,TPK元大98售02   ,0,0,0,0,0,0,0,0,0,-10000,0,0,0,0,10000,-10000,-10000
06656P,GIS元大98售02   ,0,0,0,0,0,0,0,0,0,-10000,0,0,0,18000,28000,-10000,-10000
06725P,聯電元富98售01  ,0,0,0,0,0,0,0,0,0,-10000,0,0,0,0,10000,-10000,-10000
059752,國巨群益9B購01  ,0,0,0,0,0,0,0,0,0,-10000,0,0,0,0,10000,-10000,-10000
05976P,國巨凱基96售14  ,0,0,0,0,0,0,0,0,0,-10000,0,0,0,0,10000,-10000,-10000
05583P,訊芯凱基96售01  ,0,0,0,0,0,0,0,0,0,-10000,0,0,0,0,10000,-10000,-10000
055966,茂林元大99購01  ,0,0,0,0,0,0,0,0,0,-10000,0,0,0,10000,20000,-10000,-10000
055269,和大元大97購02  ,0,0,0,0,0,0,0,0,0,-10000,0,0,0,0,10000,-10000,-10000
059664,立積元大9C購01  ,0,0,0,0,0,0,0,0,0,-10000,0,0,0,10000,20000,-10000,-10000
059720,台積電元大99購43,0,0,0,0,0,0,0,0,0,-10000,0,0,0,550000,560000,-10000,-10000
059737,T50反1元富99購08,0,0,0,0,0,0,0,0,0,-10000,0,0,0,0,10000,-10000,-10000
055691,訊芯凱基97購02  ,0,0,0,0,0,0,0,0,0,-10000,0,0,0,0,10000,-10000,-10000
055663,崇越中信97購01  ,0,0,0,0,0,0,0,0,0,-10000,0,0,0,0,10000,-10000,-10000
055808,世紀鋼永豐97購01,0,0,0,0,0,0,0,0,0,-10000,0,0,0,10000,20000,-10000,-10000
058305,華邦電元大99購02,0,0,0,0,0,0,0,0,0,-10000,0,0,0,0,10000,-10000,-10000
057139,華新科兆豐98購02,0,0,0,0,0,0,0,0,0,-10000,0,0,0,0,10000,-10000,-10000
057142,力成兆豐98購01  ,0,0,0,0,0,0,0,0,0,-10000,0,0,0,0,10000,-10000,-10000
055098,臺股指群益97購01,0,0,0,0,0,0,0,0,0,-10000,0,0,0,10000,20000,-10000,-10000
055122,國巨兆豐98購01  ,0,0,0,0,0,0,0,0,0,-10000,0,0,0,0,10000,-10000,-10000
055075,南電永豐97購01  ,0,0,0,0,0,0,0,0,0,-10000,0,0,0,0,10000,-10000,-10000
059248,華新科凱基99購04,0,0,0,0,0,0,0,0,0,-10000,0,0,0,0,10000,-10000,-10000
059226,臺股指元大99購19,0,0,0,0,0,0,0,0,0,-10000,0,0,0,0,10000,-10000,-10000
058462,台積電兆豐99購01,0,0,0,0,0,0,0,0,0,-10000,0,0,0,0,10000,-10000,-10000
058807,和大統一9B購01  ,0,0,0,0,0,0,0,0,0,-10000,0,0,0,0,10000,-10000,-10000
05884P,旺宏統一96售01  ,0,0,0,0,0,0,0,0,0,-10000,0,0,0,0,10000,-10000,-10000
05840P,臺股指富邦96售07,0,0,0,0,0,0,0,0,0,-10000,0,0,0,0,10000,-10000,-10000
058604,華邦電元大99購03,0,0,0,0,0,0,0,0,0,-10000,0,0,0,0,10000,-10000,-10000
05861P,瀚宇博永豐96售02,0,0,0,0,0,0,0,0,0,-10000,0,0,0,0,10000,-10000,-10000
058716,華新科台新99購02,0,0,0,0,0,0,0,0,0,-10000,0,0,0,0,10000,-10000,-10000
057657,國巨兆豐98購04  ,0,0,0,0,0,0,0,0,0,-10000,0,0,0,0,10000,-10000,-10000
057672,茂林元大98購02  ,0,0,0,0,0,0,0,0,0,-10000,0,0,0,0,10000,-10000,-10000
057669,嘉晶元大99購03  ,0,0,0,0,0,0,0,0,0,-10000,0,0,0,0,10000,-10000,-10000
05745P,富邦金兆豐96售02,0,0,0,0,0,0,0,0,0,-10000,0,0,0,0,10000,-10000,-10000
058064,華邦電亞東99購01,0,0,0,0,0,0,0,0,0,-10000,0,0,0,0,10000,-10000,-10000
056988,聚陽兆豐98購01  ,0,0,0,0,0,0,0,0,0,-10000,0,0,0,0,10000,-10000,-10000
058095,昇陽半元大98購03,0,0,0,0,0,0,0,0,0,-10000,0,0,0,0,10000,-10000,-10000
056047,台積電兆豐97購02,0,0,0,0,0,0,0,0,0,-10000,0,0,0,0,10000,-10000,-10000
056908,牧德元大99購03  ,0,0,0,0,0,0,0,0,0,-10000,0,0,0,0,10000,-10000,-10000
056925,群創兆豐98購03  ,0,0,0,0,0,0,0,0,0,-10000,0,0,0,0,10000,-10000,-10000
058233,聯發科元大99購06,0,0,0,0,0,0,0,0,0,-10000,0,0,0,0,10000,-10000,-10000
057283,欣興元大98購07  ,0,0,0,0,0,0,0,0,0,-10000,0,0,0,0,10000,-10000,-10000
057312,美律麥證98購01  ,0,0,0,0,10000,-10000,0,0,0,-10000,0,0,0,0,10000,-10000,-10000
057304,為升兆豐99購02  ,0,0,0,0,0,0,0,0,0,-10000,0,0,0,0,10000,-10000,-10000
055538,鴻海日盛97購04  ,0,0,0,0,0,0,0,0,0,-10000,0,0,0,100000,110000,-10000,-10000
057799,世紀鋼兆豐98購01,0,0,0,0,0,0,0,0,0,-10000,0,0,0,0,10000,-10000,-10000
057804,為升元大98購01  ,0,10000,-10000,0,0,0,0,0,0,0,0,0,0,0,0,0,-10000
057262,友達兆豐98購03  ,0,0,0,0,0,0,0,0,0,-10000,0,0,0,0,10000,-10000,-10000
056397,彩晶永豐99購01  ,0,0,0,0,0,0,0,0,0,-10000,0,0,0,0,10000,-10000,-10000
056459,茂林凱基99購01  ,0,0,0,0,0,0,0,0,0,-10000,0,0,0,0,10000,-10000,-10000
056588,聯發科統一9A購02,0,0,0,0,0,0,0,0,0,-10000,0,0,0,0,10000,-10000,-10000
05617P,大立光統一97售02,0,0,0,0,0,0,0,0,0,-10000,0,0,0,0,10000,-10000,-10000
056212,台光電國票98購03,0,0,0,0,0,0,0,0,0,-10000,0,0,0,0,10000,-10000,-10000
056325,群創兆豐9A購01  ,0,0,0,0,0,0,0,0,0,-10000,0,0,0,0,10000,-10000,-10000
056327,樺漢兆豐98購01  ,0,0,0,0,0,0,0,0,0,-10000,0,0,0,0,10000,-10000,-10000
056313,聯茂元大98購01  ,0,0,0,0,0,0,0,0,0,-10000,0,0,0,0,10000,-10000,-10000
056254,為升元富97購01  ,0,10000,-10000,0,0,0,0,0,0,0,0,0,0,0,0,0,-10000
056720,世紀鋼永豐98購01,0,0,0,0,0,0,0,0,0,-10000,0,0,0,20000,30000,-10000,-10000
056752,國巨兆豐98購02  ,0,0,0,0,0,0,0,0,0,-10000,0,0,0,0,10000,-10000,-10000
056753,群創兆豐98購02  ,0,0,0,0,0,0,0,0,0,-10000,0,0,0,0,10000,-10000,-10000
056740,大立光凱基98購13,0,0,0,0,0,0,0,0,0,-10000,0,0,0,0,10000,-10000,-10000
057976,旺宏永豐98購03  ,0,0,0,0,0,0,0,0,0,-10000,0,0,0,10000,20000,-10000,-10000
057953,聚陽元大98購01  ,0,0,0,0,0,0,0,0,0,-10000,0,0,0,0,10000,-10000,-10000
057869,大立光凱基99購01,0,0,0,0,0,0,0,0,0,-10000,0,0,0,0,10000,-10000,-10000
057912,美律日盛99購01  ,0,0,0,0,0,0,0,0,0,-10000,0,0,0,0,10000,-10000,-10000
053530,聯發科康和96購01,0,0,0,0,0,0,0,0,0,-10000,0,0,0,0,10000,-10000,-10000
05348P,美律元富98售01  ,0,0,0,0,0,0,0,0,0,-10000,0,0,0,0,10000,-10000,-10000
053490,為升兆豐97購01  ,0,0,0,0,0,0,0,0,0,-10000,0,0,0,0,10000,-10000,-10000
053495,聯發科兆豐96購02,0,0,0,0,0,0,0,0,0,-10000,0,0,0,0,10000,-10000,-10000
053497,新光金兆豐97購01,0,0,0,0,0,0,0,0,0,-10000,0,0,0,0,10000,-10000,-10000
053178,南亞科統一98購01,0,0,0,0,0,0,0,0,0,-10000,0,0,0,0,10000,-10000,-10000
053216,京鼎凱基96購02  ,0,0,0,0,0,0,0,0,0,-10000,0,0,0,30000,40000,-10000,-10000
052936,華通兆豐98購01  ,0,0,0,0,0,0,0,0,0,-10000,0,0,0,0,10000,-10000,-10000
054358,矽創兆豐96購01  ,0,0,0,0,0,0,0,0,0,-10000,0,0,0,0,10000,-10000,-10000
054373,富邦金中信97購01,0,0,0,0,0,0,0,0,0,-10000,0,0,0,0,10000,-10000,-10000
05188P,可成凱基95售09  ,0,0,0,0,0,0,0,0,0,-10000,0,0,0,0,10000,-10000,-10000
051944,智邦統一95購02  ,0,0,0,0,0,0,0,0,0,-10000,0,0,0,0,10000,-10000,-10000
051908,國泰金元大96購02,0,0,0,0,0,0,0,0,0,-10000,0,0,0,0,10000,-10000,-10000
051601,群創兆豐95購02  ,0,0,0,0,0,0,0,0,0,-10000,0,0,0,0,10000,-10000,-10000
052791,友達兆豐97購01  ,0,0,0,0,0,0,0,0,0,-10000,0,0,0,0,10000,-10000,-10000
052797,樺漢兆豐96購01  ,0,0,0,0,0,0,0,0,0,-10000,0,0,0,0,10000,-10000,-10000
052794,群創兆豐97購01  ,0,0,0,0,0,0,0,0,0,-10000,0,0,0,0,10000,-10000,-10000
052707,景碩台新96購01  ,0,0,0,0,0,0,0,0,0,-10000,0,0,0,0,10000,-10000,-10000
051392,玉山金兆豐95購01,0,0,0,0,0,0,0,0,0,-10000,0,0,0,0,10000,-10000,-10000
051393,新光金兆豐96購01,0,0,0,0,0,0,0,0,0,-10000,0,0,0,0,10000,-10000,-10000
052105,南亞科兆豐95購01,0,0,0,0,0,0,0,0,0,-10000,0,0,0,0,10000,-10000,-10000
052070,GIS兆豐95購03   ,0,0,0,0,0,0,0,0,0,-10000,0,0,0,0,10000,-10000,-10000
055461,TPK永豐97購01   ,0,0,0,0,0,0,0,0,0,-10000,0,0,0,0,10000,-10000,-10000
059546,FBVIX群益99購03 ,0,0,0,0,0,0,0,0,0,-10000,0,0,0,0,10000,-10000,-10000
059564,鴻海凱基9A購15  ,0,0,0,0,0,0,0,0,0,-10000,0,0,0,10000,20000,-10000,-10000
056635,亞德客日盛99購01,0,0,0,0,0,0,0,0,0,-10000,0,0,0,0,10000,-10000,-10000
059507,鴻海永豐99購03  ,0,0,0,0,0,0,0,0,0,-10000,0,0,0,4000,14000,-10000,-10000
057819,新日興元大99購01,0,0,0,0,0,0,0,0,0,-10000,0,0,0,0,10000,-10000,-10000
059403,T50反1台新03購03,0,0,0,0,0,0,0,0,0,-10000,0,0,0,0,10000,-10000,-10000
053028,康控富邦98購01  ,0,0,0,0,0,0,0,0,0,-10000,0,0,0,0,10000,-10000,-10000
053034,上海銀兆豐96購01,0,0,0,0,0,0,0,0,0,-10000,0,0,0,0,10000,-10000,-10000
053035,台表科兆豐97購01,0,0,0,0,0,0,0,0,0,-10000,0,0,0,0,10000,-10000,-10000
053009,大成鋼統一96購02,0,0,0,0,0,0,0,0,0,-10000,0,0,0,0,10000,-10000,-10000
05298P,上銀元大95售03  ,0,0,0,0,0,0,0,0,0,-10000,0,0,0,0,10000,-10000,-10000
053105,鴻海兆豐97購01  ,0,0,0,0,0,0,0,0,0,-10000,0,0,0,0,10000,-10000,-10000
053108,南亞科兆豐96購01,0,0,0,0,0,0,0,0,0,-10000,0,0,0,0,10000,-10000,-10000
05470P,康控元大95售05  ,0,0,0,0,0,0,0,0,0,-10000,0,0,0,2000,12000,-10000,-10000
054820,新日興元大97購01,0,0,0,0,0,0,0,0,0,-10000,0,0,0,0,10000,-10000,-10000
054745,智易凱基97購01  ,0,0,0,0,0,0,0,0,0,-10000,0,0,0,40000,50000,-10000,-10000
054851,樺漢兆豐97購01  ,0,0,0,0,0,0,0,0,0,-10000,0,0,0,0,10000,-10000,-10000
054857,信錦群益97購01  ,0,0,0,0,0,0,0,0,0,-10000,0,0,0,0,10000,-10000,-10000
054848,群創兆豐98購01  ,0,0,0,0,0,0,0,0,0,-10000,0,0,0,0,10000,-10000,-10000
054621,華新科兆豐98購01,0,0,0,0,0,0,0,0,0,-10000,0,0,0,0,10000,-10000,-10000
050414,泰鼎永豐94購04  ,0,0,0,0,0,0,0,0,0,-10000,0,0,0,0,10000,-10000,-10000
050436,大立光凱基94購18,0,0,0,0,0,0,0,0,0,-10000,0,0,0,0,10000,-10000,-10000
05044P,亞德客永豐95售01,0,0,0,0,0,0,0,0,0,-10000,0,0,0,0,10000,-10000,-10000
047832,漢唐元大94購03  ,0,0,0,0,0,0,0,0,0,-10000,0,0,0,0,10000,-10000,-10000
05067P,欣興兆豐96售02  ,0,0,0,0,0,0,0,0,0,-10000,0,0,0,0,10000,-10000,-10000
050626,A50正2中信96購02,0,0,0,0,0,0,0,0,0,-10000,0,0,0,10000,20000,-10000,-10000
050191,和碩元大94購02  ,0,0,0,0,0,0,0,0,0,-10000,0,0,0,0,10000,-10000,-10000
050026,友達元大96購01  ,0,0,0,0,0,0,0,0,0,-10000,0,0,0,0,10000,-10000,-10000
050311,上銀兆豐95購01  ,0,0,0,0,0,0,0,0,0,-10000,0,0,0,0,10000,-10000,-10000
050295,大立光凱基94購16,0,0,0,0,0,0,0,0,0,-10000,0,0,0,0,10000,-10000,-10000
050266,兆豐金元大94購01,0,0,0,0,0,0,0,0,0,-10000,0,0,0,0,10000,-10000,-10000
050271,上緯控元大96購01,0,0,0,0,0,0,0,0,0,-10000,0,0,0,0,10000,-10000,-10000
050233,香港2X凱基96購01,0,20000,-20000,0,0,0,0,0,0,10000,0,0,0,10000,0,10000,-10000
050381,鴻海兆豐94購01  ,0,0,0,0,0,0,0,0,0,-10000,0,0,0,0,10000,-10000,-10000
04518P,高鐵群益95售01  ,0,0,0,0,0,0,0,0,0,-10000,0,0,0,0,10000,-10000,-10000
045572,元油2X元大98購01,0,0,0,0,0,0,0,0,0,-10000,0,0,0,0,10000,-10000,-10000
04189P,台積電兆豐94售02,0,0,0,0,0,0,0,0,0,-10000,0,0,0,0,10000,-10000,-10000
03826P,瀚宇博元大95售01,0,0,0,0,0,0,0,0,0,-10000,0,0,0,190000,200000,-10000,-10000
04381P,世紀鋼元大94售01,0,0,0,0,0,0,0,0,0,-10000,0,0,0,0,10000,-10000,-10000
00689R,國泰20年美債反1 ,0,0,0,0,0,0,0,0,0,-10000,0,0,0,303000,313000,-10000,-10000
047529,嘉晶元大94購02  ,0,0,0,0,0,0,0,0,0,-10000,0,0,0,0,10000,-10000,-10000
054069,亞光國泰98購01  ,0,0,0,0,0,0,0,0,0,-10000,0,0,0,0,10000,-10000,-10000
05388P,南亞科元大95售04,0,0,0,0,0,0,0,0,0,-10000,0,0,0,0,10000,-10000,-10000
052489,義隆國票96購02  ,0,0,0,0,0,0,0,0,0,-10000,0,0,0,0,10000,-10000,-10000
052331,漢唐亞東97購01  ,0,0,0,0,0,0,0,0,0,-10000,0,0,0,0,10000,-10000,-10000
052416,滬深2X兆豐96購02,0,0,0,0,0,0,0,0,0,-10000,0,0,0,0,10000,-10000,-10000
05381P,聯詠群益95售02  ,0,0,0,0,0,0,0,0,0,-10000,0,0,0,0,10000,-10000,-10000
049498,茂林元大95購01  ,0,0,0,0,0,0,0,0,0,-10000,0,0,0,0,10000,-10000,-10000
04949P,致新元大94售04  ,0,0,0,0,0,0,0,0,0,-10000,0,0,0,9000,19000,-10000,-10000
04946P,華通元大94售04  ,0,0,0,0,0,0,0,0,0,-10000,0,0,0,0,10000,-10000,-10000
04922P,日月光凱基94售02,0,0,0,0,0,0,0,0,0,-10000,0,0,0,0,10000,-10000,-10000
049090,茂林凱基94購01  ,0,0,0,0,0,0,0,0,0,-10000,0,0,0,0,10000,-10000,-10000
051188,鴻海兆豐95購01  ,0,0,0,0,0,0,0,0,0,-10000,0,0,0,0,10000,-10000,-10000
051189,鴻海兆豐96購01  ,0,0,0,0,0,0,0,0,0,-10000,0,0,0,0,10000,-10000,-10000
051284,上銀統一95購02  ,0,0,0,0,0,0,0,0,0,-10000,0,0,0,0,10000,-10000,-10000
04814P,健策元大96售01  ,0,0,0,0,0,0,0,0,0,-10000,0,0,0,0,10000,-10000,-10000
048189,臺指反元大96購06,0,0,0,0,0,0,0,0,0,-10000,0,0,0,0,10000,-10000,-10000
050818,華新科凱基95購02,0,0,0,0,0,0,0,0,0,-10000,0,0,0,40000,50000,-10000,-10000
048589,國巨兆豐96購01  ,0,0,0,0,0,0,0,0,0,-10000,0,0,0,0,10000,-10000,-10000
05078P,義隆永豐95售01  ,0,0,0,0,0,0,0,0,0,-10000,0,0,0,0,10000,-10000,-10000
059795,鴻海國票99購07  ,0,0,0,0,0,0,0,0,0,-10000,0,0,0,7000,17000,-10000,-10000
06938P,南電元大98售03  ,0,0,0,0,0,0,0,0,0,-10000,0,0,0,0,10000,-10000,-10000
06925P,致茂群益9A售02  ,0,0,0,0,0,0,0,0,0,-10000,0,0,0,0,10000,-10000,-10000
07064P,臺股指元大9A售25,0,0,0,0,0,0,0,0,0,-10000,0,0,0,0,10000,-10000,-10000
07039P,南電台新99售01  ,0,0,0,0,0,0,0,0,0,-10000,0,0,0,0,10000,-10000,-10000
07029P,緯穎群益99售02  ,0,0,0,0,0,0,0,0,0,-10000,0,0,0,10000,20000,-10000,-10000
07166P,台灣50兆豐03售01,0,0,0,0,0,0,0,0,0,-10000,0,0,0,0,10000,-10000,-10000
07253P,台灣50凱基9A售05,0,0,0,0,0,0,0,0,0,-10000,0,0,0,0,10000,-10000,-10000
1215,卜蜂            ,205000,220000,-15000,0,0,0,0,0,0,5000,10000,5000,5000,0,0,0,-10000
06371P,茂林國票98售04  ,0,0,0,0,0,0,0,0,0,-10000,0,0,0,0,10000,-10000,-10000
2002A,中鋼特          ,0,0,0,0,0,0,0,0,0,-10000,0,10000,-10000,0,0,0,-10000
059819,台積電凱基99購17,0,0,0,0,0,0,0,0,0,-10000,0,0,0,0,10000,-10000,-10000
059836,大立光國泰9B購02,0,0,0,0,0,0,0,0,0,-10000,0,0,0,0,10000,-10000,-10000
1526,日馳            ,64000,74000,-10000,0,0,0,0,0,0,0,0,0,0,0,0,0,-10000
6573,虹揚-KY         ,4000,14000,-10000,0,0,0,0,0,0,0,0,0,0,0,0,0,-10000
4104,佳醫            ,11000,21000,-10000,0,0,0,0,0,0,0,0,0,0,0,0,0,-10000
4545,銘鈺            ,1000,11000,-10000,0,0,0,0,0,0,0,0,0,0,0,0,0,-10000
3550,聯穎            ,0,10000,-10000,0,0,0,0,0,0,0,0,0,0,0,0,0,-10000
4994,傳奇            ,3000,13000,-10000,0,0,0,0,0,0,0,0,0,0,0,0,0,-10000
3027,盛達            ,3000,13000,-10000,0,0,0,0,0,0,0,0,0,0,0,0,0,-10000
2373,震旦行          ,1000,7000,-6000,0,0,0,0,0,0,-4000,0,4000,-4000,0,0,0,-10000
2482,連宇            ,3000,14000,-11000,0,0,0,0,0,0,1000,1000,0,1000,0,0,0,-10000
2468,華經            ,1000,11000,-10000,0,0,0,0,0,0,0,0,0,0,0,0,0,-10000
057893,亞德客元富98購03,0,0,0,0,0,0,0,0,0,-11000,0,0,0,37000,48000,-11000,-11000
058040,FBVIX元大98購01 ,0,0,0,0,0,0,0,0,0,-11000,0,0,0,0,11000,-11000,-11000
059059,宏達電凱基99購03,0,0,0,0,0,0,0,0,0,-11000,0,0,0,183000,194000,-11000,-11000
058162,上銀日盛9B購01  ,0,0,0,0,0,0,0,0,0,-11000,0,0,0,0,11000,-11000,-11000
05580P,美律凱基96售03  ,0,0,0,0,0,0,0,0,0,-11000,0,0,0,0,11000,-11000,-11000
059695,聯鈞永豐99購02  ,0,0,0,0,0,0,0,0,0,-11000,0,0,0,43000,54000,-11000,-11000
05524P,瀚宇博國票97售02,0,0,0,0,0,0,0,0,0,-11000,0,0,0,0,11000,-11000,-11000
06865P,亞德客元大98售04,0,0,0,0,0,0,0,0,0,-11000,0,0,0,0,11000,-11000,-11000
059590,台積電元大99購39,0,0,0,0,0,0,0,0,0,-11000,0,0,0,1000,12000,-11000,-11000
06081P,深中小元大97售02,0,0,0,0,0,0,0,0,0,-11000,0,0,0,0,11000,-11000,-11000
049387,緯穎元大94購03  ,0,0,0,0,0,0,0,0,0,-11000,0,0,0,8000,19000,-11000,-11000
04761P,可成凱基94售09  ,0,0,0,0,0,0,0,0,0,-11000,0,0,0,0,11000,-11000,-11000
03016P,滬深2X群益01售09,0,0,0,0,0,0,0,0,0,-11000,0,0,0,0,11000,-11000,-11000
03033X,元展30          ,0,0,0,0,0,0,0,0,0,-11000,0,0,0,1000,12000,-11000,-11000
047194,世紀鋼元大96購01,0,0,0,0,0,0,0,0,0,-11000,0,0,0,20000,31000,-11000,-11000
0054,元大台商50      ,0,0,0,0,0,0,0,0,0,-11000,0,0,0,5000,16000,-11000,-11000
054932,台肥元大97購01  ,0,0,0,0,0,0,0,0,0,-11000,0,0,0,60000,71000,-11000,-11000
2612,中航            ,16000,27000,-11000,0,0,0,0,0,0,0,0,0,0,0,0,0,-11000
3052,夆典            ,73000,84000,-11000,0,0,0,0,0,0,0,0,0,0,0,0,0,-11000
4566,時碩工業        ,36000,47000,-11000,0,0,0,0,0,0,0,0,0,0,0,0,0,-11000
6533,晶心科          ,143000,153000,-10000,0,0,0,0,0,0,-1000,0,1000,-1000,0,0,0,-11000
8033,雷虎            ,27000,38000,-11000,0,0,0,0,0,0,0,0,0,0,0,0,0,-11000
6201,亞弘電          ,0,11000,-11000,0,0,0,0,0,0,0,0,0,0,0,0,0,-11000
1445,大宇            ,0,11000,-11000,0,0,0,0,0,0,0,0,0,0,0,0,0,-11000
07222P,台灣50元大01售04,0,0,0,0,0,0,0,0,0,-11000,0,0,0,0,11000,-11000,-11000
059584,台灣50元大01購11,0,0,0,0,0,0,0,0,0,-12000,0,0,0,8000,20000,-12000,-12000
06483P,聯發科凱基98售10,0,0,0,0,0,0,0,0,0,-12000,0,0,0,15000,27000,-12000,-12000
055615,宏達電國票99購02,0,0,0,0,0,0,0,0,0,-12000,0,0,0,0,12000,-12000,-12000
05803P,臺股指兆豐96售03,0,0,0,0,0,0,0,0,0,-12000,0,0,0,10000,22000,-12000,-12000
058916,SGBR2X元富99購02,0,0,0,0,0,0,0,0,0,-12000,0,0,0,5000,17000,-12000,-12000
05171P,臺股指元大95售15,0,0,0,0,0,0,0,0,0,-12000,0,0,0,0,12000,-12000,-12000
054169,上緯控凱基98購01,0,0,0,0,0,0,0,0,0,-12000,0,0,0,8000,20000,-12000,-12000
03012X,元展12          ,0,0,0,0,0,0,0,0,0,-12000,0,0,0,0,12000,-12000,-12000
00711B,FH彭博新興債    ,0,0,0,0,0,0,0,0,0,-12000,0,0,0,101000,113000,-12000,-12000
03421B,臺股指元大99熊01,0,0,0,0,0,0,0,0,0,-12000,0,0,0,0,12000,-12000,-12000
050291,聯發科凱基94購16,0,0,0,0,0,0,0,0,0,-12000,0,0,0,0,12000,-12000,-12000
05124P,華新科富邦97售02,0,0,0,0,0,0,0,0,0,-12000,0,0,0,0,12000,-12000,-12000
07267P,臺股指元大99售23,0,0,0,0,0,0,0,0,0,-12000,0,0,0,5000,17000,-12000,-12000
1210,大成            ,281000,283000,-2000,0,0,0,0,0,0,-10000,0,10000,-10000,0,0,0,-12000
1452,宏益            ,14000,26000,-12000,0,0,0,0,0,0,0,0,0,0,0,0,0,-12000
1417,嘉裕            ,7000,19000,-12000,0,0,0,0,0,0,0,0,0,0,0,0,0,-12000
1783,和康生          ,3000,14000,-11000,0,0,0,0,0,0,-1000,0,1000,-1000,0,0,0,-12000
2114,鑫永銓          ,3000,15000,-12000,0,0,0,0,0,0,0,0,0,0,0,0,0,-12000
6172,互億            ,5000,17000,-12000,0,0,0,0,0,0,0,0,0,0,0,0,0,-12000
4952,凌通            ,15000,27000,-12000,0,0,0,0,0,0,0,0,0,0,0,0,0,-12000
2731,雄獅            ,21000,33000,-12000,0,0,0,0,0,0,0,0,0,0,0,0,0,-12000
2608,嘉里大榮        ,21000,24000,-3000,0,0,0,0,0,0,-9000,0,9000,-9000,0,0,0,-12000
2397,友通            ,4000,16000,-12000,0,0,0,0,0,0,0,0,0,0,0,0,0,-12000
2443,億麗            ,4000,16000,-12000,0,0,0,0,0,0,0,0,0,0,0,0,0,-12000
058919,SGBR2X元富99購05,0,0,0,0,0,0,0,0,0,-13000,0,0,0,29000,42000,-13000,-13000
059275,可成元大99購05  ,0,0,0,0,0,0,0,0,0,-13000,0,0,0,37000,50000,-13000,-13000
058993,滬深反元大9C購01,0,0,0,0,0,0,0,0,0,-13000,0,0,0,0,13000,-13000,-13000
056196,聯茂富邦98購02  ,0,0,0,0,0,0,0,0,0,-13000,0,0,0,10000,23000,-13000,-13000
059572,華新科凱基99購08,0,0,0,0,0,0,0,0,0,-13000,0,0,0,2000,15000,-13000,-13000
059851,晶相光永豐99購02,0,0,0,0,0,0,0,0,0,-13000,0,0,0,0,13000,-13000,-13000
06016P,京元電凱基96售03,0,0,0,0,0,0,0,0,0,-13000,0,0,0,0,13000,-13000,-13000
06848P,聯詠元大98售04  ,0,0,0,0,0,0,0,0,0,-13000,0,0,0,0,13000,-13000,-13000
059763,華擎永豐99購03  ,0,0,0,0,0,0,0,0,0,-13000,0,0,0,3000,16000,-13000,-13000
06585P,鴻海元大99售04  ,0,0,0,0,0,0,0,0,0,-13000,0,0,0,0,13000,-13000,-13000
055724,祥碩元大97購03  ,0,0,0,0,0,0,0,0,0,-13000,0,0,0,49000,62000,-13000,-13000
058274,世紀鋼永豐99購01,0,0,0,0,0,0,0,0,0,-13000,0,0,0,15000,28000,-13000,-13000
059268,鎧勝中信01購01  ,0,0,0,0,0,0,0,0,0,-13000,0,0,0,2000,15000,-13000,-13000
058616,台虹元大9A購01  ,0,0,0,0,0,0,0,0,0,-13000,0,0,0,0,13000,-13000,-13000
059145,創意國票99購02  ,0,0,0,0,0,0,0,0,0,-13000,0,0,0,25000,38000,-13000,-13000
053977,新日興元大96購03,0,0,0,0,0,0,0,0,0,-13000,0,0,0,25000,38000,-13000,-13000
054111,緯穎凱基97購01  ,0,0,0,0,0,0,0,0,0,-13000,0,0,0,28000,41000,-13000,-13000
052664,麗豐國票96購02  ,0,0,0,0,0,0,0,0,0,-13000,0,0,0,0,13000,-13000,-13000
04433P,上証2X國票95售01,0,0,0,0,0,0,0,0,0,-13000,0,0,0,0,13000,-13000,-13000
03959P,義隆元富96售01  ,0,0,0,0,0,0,0,0,0,-13000,0,0,0,4000,17000,-13000,-13000
04751P,智邦兆豐95售02  ,0,0,0,0,0,0,0,0,0,-13000,0,0,0,0,13000,-13000,-13000
05170P,世芯元大95售01  ,0,0,0,0,0,0,0,0,0,-13000,0,0,0,0,13000,-13000,-13000
052192,SP黃豆元富95購04,0,0,0,0,0,0,0,0,0,-13000,0,0,0,0,13000,-13000,-13000
053535,宏達電永豐96購02,0,0,0,0,0,0,0,0,0,-13000,0,0,0,0,13000,-13000,-13000
4438,廣越            ,9000,22000,-13000,0,0,0,0,0,0,0,0,0,0,0,0,0,-13000
6715,嘉基            ,4000,17000,-13000,0,0,0,0,0,0,0,0,0,0,0,0,0,-13000
8442,威宏-KY         ,0,3000,-3000,0,0,0,0,0,0,-10000,0,10000,-10000,0,0,0,-13000
1437,勤益控          ,5000,18000,-13000,0,0,0,0,0,0,0,0,0,0,0,0,0,-13000
1460,宏遠            ,20000,33000,-13000,0,0,0,0,0,0,0,0,0,0,0,0,0,-13000
059820,南亞科凱基99購07,0,0,0,0,0,0,0,0,0,-13000,0,0,0,0,13000,-13000,-13000
06949P,台表科元大99售01,0,0,0,0,0,0,0,0,0,-13000,0,0,0,2000,15000,-13000,-13000
9105,泰金寶-DR       ,157000,170000,-13000,0,0,0,0,0,0,0,0,0,0,0,0,0,-13000
9935,慶豐富          ,39000,45000,-6000,0,0,0,0,0,0,-7000,0,7000,-7000,0,0,0,-13000
06849P,欣興元大98售12  ,0,0,0,0,0,0,0,0,0,-14000,0,0,0,24000,38000,-14000,-14000
057825,和碩元大98購02  ,0,0,0,0,0,0,0,0,0,-14000,0,0,0,0,14000,-14000,-14000
057303,喬山兆豐99購01  ,0,0,0,0,0,0,0,0,0,-14000,0,0,0,82000,96000,-14000,-14000
056939,康控元富98購01  ,0,0,0,0,0,0,0,0,0,-14000,0,0,0,19000,33000,-14000,-14000
059553,台灣50凱基99購05,0,0,0,0,0,0,0,0,0,-14000,0,0,0,4000,18000,-14000,-14000
04177P,富邦金元大94售01,0,0,0,0,0,0,0,0,0,-14000,0,0,0,0,14000,-14000,-14000
049385,茂林元大94購03  ,0,0,0,0,0,0,0,0,0,-14000,0,0,0,6000,20000,-14000,-14000
06992P,玉晶光日盛9B售01,0,0,0,0,0,0,0,0,0,-14000,0,0,0,2000,16000,-14000,-14000
07209P,台積電凱基9A售10,0,0,0,0,0,0,0,0,0,-14000,0,0,0,0,14000,-14000,-14000
059818,鴻海凱基99購14  ,0,0,0,0,0,0,0,0,0,-14000,0,0,0,0,14000,-14000,-14000
06408P,聯茂元富97售02  ,0,0,0,0,0,0,0,0,0,-14000,0,0,0,0,14000,-14000,-14000
2348,海悅            ,11000,25000,-14000,0,0,0,0,0,0,0,0,0,0,0,0,0,-14000
1615,大山            ,1000,8000,-7000,0,0,0,0,0,0,-7000,0,7000,-7000,0,0,0,-14000
8249,菱光            ,3000,17000,-14000,0,0,0,0,0,0,0,0,0,0,0,0,0,-14000
8103,瀚荃            ,0,14000,-14000,0,0,0,0,0,0,0,0,0,0,0,0,0,-14000
6215,和椿            ,0,13000,-13000,0,0,0,0,0,0,-1000,0,1000,-1000,0,0,0,-14000
2705,六福            ,3000,17000,-14000,0,0,0,0,0,0,0,0,0,0,0,0,0,-14000
3416,融程電          ,2000,16000,-14000,0,0,0,0,0,0,0,0,0,0,0,0,0,-14000
056926,日月光兆豐98購01,0,0,0,0,0,0,0,0,0,-15000,0,0,0,0,15000,-15000,-15000
05805P,義隆永豐96售02  ,0,0,0,0,0,0,0,0,0,-15000,0,0,0,0,15000,-15000,-15000
056732,國巨凱基98購07  ,0,0,0,0,0,0,0,0,0,-15000,0,0,0,0,15000,-15000,-15000
059330,台灣50國票99購10,0,0,0,0,0,0,0,0,0,-15000,0,0,0,1000,16000,-15000,-15000
059318,旺宏元大99購13  ,0,0,0,0,0,0,0,0,0,-15000,0,0,0,40000,55000,-15000,-15000
056308,TPK元大97購02   ,0,0,0,0,0,0,0,0,0,-15000,0,0,0,0,15000,-15000,-15000
056292,統一元大97購01  ,0,0,0,0,0,0,0,0,0,-15000,0,0,0,0,15000,-15000,-15000
059031,元石油中信03購01,0,0,0,0,0,0,0,0,0,-15000,0,0,0,0,15000,-15000,-15000
06021P,世紀鋼元富96售03,0,0,0,0,0,0,0,0,0,-15000,0,0,0,15000,30000,-15000,-15000
06085P,義隆台新97售01  ,0,0,0,0,0,0,0,0,0,-15000,0,0,0,0,15000,-15000,-15000
059843,華新科富邦9B購03,0,0,0,0,0,0,0,0,0,-15000,0,0,0,0,15000,-15000,-15000
06189P,華新科永豐97售03,0,0,0,0,0,0,0,0,0,-15000,0,0,0,5000,20000,-15000,-15000
059719,台積電元大99購42,0,0,0,0,0,0,0,0,0,-15000,0,0,0,558000,573000,-15000,-15000
059717,國巨元大99購21  ,0,0,0,0,0,0,0,0,0,-15000,0,0,0,0,15000,-15000,-15000
059625,國巨凱基99購17  ,0,0,0,0,0,0,0,0,0,-15000,0,0,0,0,15000,-15000,-15000
059632,聯發科凱基01購01,0,0,0,0,0,0,0,0,0,-15000,0,0,0,0,15000,-15000,-15000
049436,義隆國泰96購02  ,0,0,0,0,0,0,0,0,0,-15000,0,0,0,5000,20000,-15000,-15000
051226,英業達群益95購01,0,0,0,0,0,0,0,0,0,-15000,0,0,0,0,15000,-15000,-15000
051101,台表科元大96購02,0,0,0,0,0,0,0,0,0,-15000,0,0,0,0,15000,-15000,-15000
04831P,聯詠富邦96售01  ,0,0,0,0,0,0,0,0,0,-15000,0,0,0,0,15000,-15000,-15000
054036,T50反1元大96購08,0,0,0,0,0,0,0,0,0,-15000,0,0,0,0,15000,-15000,-15000
04383P,泰鼎國泰95售01  ,0,0,0,0,0,0,0,0,0,-15000,0,0,0,0,15000,-15000,-15000
04769P,高股息元大94售01,0,0,0,0,0,0,0,0,0,-15000,0,0,0,10000,25000,-15000,-15000
059526,鴻海凱基99購12  ,0,0,0,0,0,0,0,0,0,-15000,0,0,0,13000,28000,-15000,-15000
059474,元石油群益99購01,0,0,0,0,0,0,0,0,0,-15000,0,0,0,0,15000,-15000,-15000
05491P,茂林元大95售04  ,0,0,0,0,0,0,0,0,0,-15000,0,0,0,0,15000,-15000,-15000
054876,群電群益97購02  ,0,0,0,0,0,0,0,0,0,-15000,0,0,0,0,15000,-15000,-15000
05451P,臺股指元大95售28,0,0,0,0,0,0,0,0,0,-15000,0,0,0,0,15000,-15000,-15000
053279,景碩元大97購01  ,0,0,0,0,0,0,0,0,0,-15000,0,0,0,0,15000,-15000,-15000
052807,貿聯元大98購01  ,0,0,0,0,0,0,0,0,0,-15000,0,0,0,0,15000,-15000,-15000
051808,美律凱基96購02  ,0,0,0,0,0,0,0,0,0,-15000,0,0,0,5000,20000,-15000,-15000
2748,雲品            ,17000,15000,2000,0,0,0,0,0,0,-17000,0,17000,-17000,0,0,0,-15000
6477,安集            ,27000,42000,-15000,0,0,0,0,0,0,0,0,0,0,0,0,0,-15000
6141,柏承            ,271000,287000,-16000,0,0,0,0,0,0,1000,1000,0,1000,0,0,0,-15000
1626,艾美特-KY       ,11000,31000,-20000,0,0,0,0,0,0,5000,5000,0,5000,0,0,0,-15000
1708,東鹼            ,18000,31000,-13000,0,0,0,0,0,0,-2000,0,2000,-2000,0,0,0,-15000
1817,凱撒衛          ,1000,16000,-15000,0,0,0,0,0,0,0,0,0,0,0,0,0,-15000
06993P,鴻海凱基99售05  ,0,0,0,0,0,0,0,0,0,-15000,0,0,0,0,15000,-15000,-15000
07165P,臺股指群益99售16,0,0,0,0,0,0,0,0,0,-15000,0,0,0,190000,205000,-15000,-15000
06460P,亞德客元富98售02,0,0,0,0,0,0,0,0,0,-16000,0,0,0,2000,18000,-16000,-16000
06624P,訊芯元大98售06  ,0,0,0,0,0,0,0,0,0,-16000,0,0,0,0,16000,-16000,-16000
06733P,鴻海凱基99售02  ,0,0,0,0,0,0,0,0,0,-16000,0,0,0,0,16000,-16000,-16000
06644P,亞德客元大98售03,0,0,0,0,0,0,0,0,0,-16000,0,0,0,30000,46000,-16000,-16000
058561,T50反1凱基9A購05,0,0,0,0,0,0,0,0,0,-16000,0,0,0,0,16000,-16000,-16000
058728,SP黃豆永豐99購01,0,0,0,0,0,0,0,0,0,-16000,0,0,0,0,16000,-16000,-16000
058789,喬山元大99購02  ,0,0,0,0,0,0,0,0,0,-16000,0,0,0,4000,20000,-16000,-16000
059320,華新科元大99購15,0,0,0,0,0,0,0,0,0,-16000,0,0,0,2000,18000,-16000,-16000
05605P,嘉聯益元大97售02,0,0,0,0,0,0,0,0,0,-16000,0,0,0,0,16000,-16000,-16000
051544,T50反1康和98購01,0,0,0,0,0,0,0,0,0,-16000,0,0,0,20000,36000,-16000,-16000
054715,中橡康和97購01  ,0,0,0,0,0,0,0,0,0,-16000,0,0,0,0,16000,-16000,-16000
00733,富邦臺灣中小    ,0,0,0,0,0,0,0,0,0,-16000,0,0,0,206000,222000,-16000,-16000
049934,緯穎元大94購08  ,0,0,0,0,0,0,0,0,0,-16000,0,0,0,6000,22000,-16000,-16000
1608,華榮            ,62000,77000,-15000,0,0,0,0,0,0,-1000,0,1000,-1000,0,0,0,-16000
06396P,新日興康和97售01,0,0,0,0,0,0,0,0,0,-16000,0,0,0,0,16000,-16000,-16000
4766,南寶            ,81000,90000,-9000,0,0,0,0,7000,-7000,0,0,0,0,0,0,0,-16000
8114,振樺電          ,20030,37000,-16970,0,0,0,0,0,0,0,0,0,0,0,0,0,-16970
057251,泰鼎統一98購02  ,0,0,0,0,0,0,0,0,0,-17000,0,0,0,0,17000,-17000,-17000
058201,華通凱基9A購01  ,0,0,0,0,0,0,0,0,0,-17000,0,0,0,47000,64000,-17000,-17000
04768P,大立光國泰96售03,0,0,0,0,0,0,0,0,0,-17000,0,0,0,0,17000,-17000,-17000
059550,台灣50日盛99購02,0,0,0,0,0,0,0,0,0,-17000,0,0,0,10000,27000,-17000,-17000
05660P,玉晶光第一96售01,0,0,0,0,0,0,0,0,0,-17000,0,0,0,0,17000,-17000,-17000
052185,奇力新群益95購03,0,0,0,0,0,0,0,0,0,-17000,0,0,0,0,17000,-17000,-17000
6152,百一            ,0,17000,-17000,0,0,0,0,0,0,0,0,0,0,0,0,0,-17000
2881B,富邦金乙特      ,0,18000,-18000,0,0,0,0,0,0,1000,2000,1000,1000,0,0,0,-17000
07285P,上証2X群益01售02,0,0,0,0,0,0,0,0,0,-17000,0,0,0,0,17000,-17000,-17000
07322P,鴻海元大99售33  ,0,0,0,0,0,0,0,0,0,-17000,0,0,0,17000,34000,-17000,-17000
2013,中鋼構          ,38000,55000,-17000,0,0,0,0,0,0,0,0,0,0,0,0,0,-17000
06332P,世紀鋼群益98售01,0,0,0,0,0,0,0,0,0,-17000,0,0,0,2000,19000,-17000,-17000
6409,旭隼            ,75000,91889,-16889,0,0,0,0,0,0,-1000,0,1000,-1000,0,0,0,-17889
059062,群創凱基99購05  ,0,0,0,0,0,0,0,0,0,-18000,0,0,0,39000,57000,-18000,-18000
056314,力成元大97購01  ,0,0,0,0,0,0,0,0,0,-18000,0,0,0,5000,23000,-18000,-18000
06622P,牧德元大98售01  ,0,0,0,0,0,0,0,0,0,-18000,0,0,0,0,18000,-18000,-18000
053349,台郡國票97購02  ,0,0,0,0,0,0,0,0,0,-18000,0,0,0,0,18000,-18000,-18000
059437,京鼎元大99購02  ,0,0,0,0,0,0,0,0,0,-18000,0,0,0,2000,20000,-18000,-18000
00709,富邦歐洲        ,0,13000,-13000,0,0,0,0,0,0,-5000,0,0,0,100000,105000,-5000,-18000
4763,材料-KY         ,34000,51000,-17000,0,0,0,0,0,0,-1000,0,1000,-1000,0,0,0,-18000
2891B,中信金乙特      ,0,0,0,0,0,0,0,21000,-21000,3000,3000,0,3000,0,0,0,-18000
2845,遠東銀          ,1021000,895000,126000,0,0,0,0,0,0,-144000,0,144000,-144000,0,0,0,-18000
2450,神腦            ,27000,41000,-14000,0,0,0,0,0,0,-4000,0,4000,-4000,0,0,0,-18000
06374P,台表科元大97售06,0,0,0,0,0,0,0,0,0,-18000,0,0,0,10000,28000,-18000,-18000
06974P,臺股指元大9A售12,0,0,0,0,0,0,0,0,0,-18000,0,0,0,0,18000,-18000,-18000
1773,勝一            ,7000,27000,-20000,0,0,0,0,0,0,2000,2000,0,2000,0,0,0,-18000
1444,力麗            ,124000,142000,-18000,0,0,0,0,0,0,0,0,0,0,0,0,0,-18000
059733,緯穎元大99購08  ,0,0,0,0,0,0,0,0,0,-19000,0,0,0,5000,24000,-19000,-19000
059252,聯詠凱基99購03  ,0,0,0,0,0,0,0,0,0,-19000,0,0,0,49000,68000,-19000,-19000
059230,滬深2X國票9B購02,0,0,0,0,0,0,0,0,0,-19000,0,0,0,45000,64000,-19000,-19000
055776,宏達電凱基98購02,0,0,0,0,0,0,0,0,0,-19000,0,0,0,193000,212000,-19000,-19000
055780,禾伸堂凱基99購01,0,0,0,0,0,0,0,0,0,-19000,0,0,0,1000,20000,-19000,-19000
056206,泰鼎永豐97購01  ,0,0,0,0,0,0,0,0,0,-19000,0,0,0,0,19000,-19000,-19000
058041,FBVIX元大98購02 ,0,0,0,0,0,0,0,0,0,-19000,0,0,0,0,19000,-19000,-19000
056551,台郡凱基98購04  ,0,0,0,0,0,0,0,0,0,-19000,0,0,0,4000,23000,-19000,-19000
058128,FBVIX元大9C購02 ,0,0,0,0,0,0,0,0,0,-19000,0,0,0,0,19000,-19000,-19000
05744P,台表科元大96售04,0,0,0,0,0,0,0,0,0,-19000,0,0,0,0,19000,-19000,-19000
057422,欣興凱基98購04  ,0,0,0,0,0,0,0,0,0,-19000,0,0,0,31000,50000,-19000,-19000
00713,元大台灣高息低波,1000,0,1000,0,0,0,0,0,0,-20000,0,0,0,3000,23000,-20000,-19000
00683L,元大美元指數正2 ,0,0,0,0,0,0,0,0,0,-19000,0,0,0,1000,20000,-19000,-19000
04616P,臺股指群益95售02,0,0,0,0,0,0,0,0,0,-19000,0,0,0,71000,90000,-19000,-19000
05260P,和碩元富95售02  ,0,0,0,0,0,0,0,0,0,-19000,0,0,0,1000,20000,-19000,-19000
05536P,奇力新元大96售03,0,0,0,0,0,0,0,0,0,-19000,0,0,0,0,19000,-19000,-19000
06935P,神達元大98售02  ,0,0,0,0,0,0,0,0,0,-19000,0,0,0,0,19000,-19000,-19000
07192P,聯發科元大99售23,0,0,0,0,0,0,0,0,0,-19000,0,0,0,0,19000,-19000,-19000
07268P,臺股指元大99售24,0,0,0,0,0,0,0,0,0,-19000,0,0,0,16000,35000,-19000,-19000
3059,華晶科          ,160000,179000,-19000,0,0,0,0,0,0,0,0,0,0,0,0,0,-19000
3167,大量            ,1000,18000,-17000,0,0,0,0,0,0,-2000,0,2000,-2000,0,0,0,-19000
4571,鈞興-KY         ,22000,0,22000,0,0,0,0,0,0,-41000,0,41000,-41000,0,0,0,-19000
057378,康友元大98購02  ,0,0,0,0,0,0,0,0,0,-20000,0,0,0,0,20000,-20000,-20000
058137,玉晶光元大99購11,0,0,0,0,0,0,0,0,0,-20000,0,0,0,10000,30000,-20000,-20000
057675,同欣電元大98購02,0,0,0,0,0,0,0,0,0,-20000,0,0,0,0,20000,-20000,-20000
056086,奇力新統一98購01,0,0,0,0,0,0,0,0,0,-20000,0,0,0,0,20000,-20000,-20000
058510,全新元大9B購02  ,0,0,0,0,0,0,0,0,0,-20000,0,0,0,0,20000,-20000,-20000
05656P,台表科統一96售01,0,0,0,0,0,0,0,0,0,-20000,0,0,0,0,20000,-20000,-20000
059014,SGBR2X元富03購01,0,0,0,0,0,0,0,0,0,-20000,0,0,0,6000,26000,-20000,-20000
057987,大立光元富98購02,0,0,0,0,0,0,0,0,0,-20000,0,0,0,49000,69000,-20000,-20000
056847,佐登元富98購01  ,0,0,0,0,0,0,0,0,0,-20000,0,0,0,0,20000,-20000,-20000
056818,正崴永豐98購01  ,0,0,0,0,0,0,0,0,0,-20000,0,0,0,0,20000,-20000,-20000
058931,玉晶光統一9C購01,0,0,0,0,0,0,0,0,0,-20000,0,0,0,0,20000,-20000,-20000
05576P,群創日盛99售02  ,0,0,0,0,0,0,0,0,0,-20000,0,0,0,0,20000,-20000,-20000
058265,奇力新永豐9A購01,0,0,0,0,0,0,0,0,0,-20000,0,0,0,0,20000,-20000,-20000
058792,鴻海元大99購18  ,0,0,0,0,0,0,0,0,0,-20000,0,0,0,321000,341000,-20000,-20000
058535,玉晶光統一9A購06,0,0,0,0,0,0,0,0,0,-20000,0,0,0,0,20000,-20000,-20000
059162,國巨凱基99購12  ,0,0,0,0,0,0,0,0,0,-20000,0,0,0,0,20000,-20000,-20000
056998,麗豐康和98購01  ,0,0,0,0,0,0,0,0,0,-20000,0,0,0,0,20000,-20000,-20000
057207,立積元富98購02  ,0,0,0,0,0,0,0,0,0,-20000,0,0,0,30000,50000,-20000,-20000
055164,矽創元大98購01  ,0,0,0,0,0,0,0,0,0,-20000,0,0,0,0,20000,-20000,-20000
055336,茂林兆豐98購01  ,0,0,0,0,0,0,0,0,0,-20000,0,0,0,0,20000,-20000,-20000
06645P,上銀元大98售05  ,0,0,0,0,0,0,0,0,0,-20000,0,0,0,0,20000,-20000,-20000
06475P,牧德永豐98售03  ,0,0,0,0,0,0,0,0,0,-20000,0,0,0,0,20000,-20000,-20000
06200P,聯發科元大97售18,0,0,0,0,0,0,0,0,0,-20000,0,0,0,0,20000,-20000,-20000
059842,台積電富邦9C購05,0,0,0,0,0,0,0,0,0,-20000,0,0,0,0,20000,-20000,-20000
06092P,嘉聯益統一97售01,0,0,0,0,0,0,0,0,0,-20000,0,0,0,0,20000,-20000,-20000
05991P,聯茂群益96售05  ,0,0,0,0,0,0,0,0,0,-20000,0,0,0,0,20000,-20000,-20000
055416,欣興富邦98購01  ,0,0,0,0,0,0,0,0,0,-20000,0,0,0,0,20000,-20000,-20000
056616,台光電永豐98購01,0,0,0,0,0,0,0,0,0,-20000,0,0,0,50000,70000,-20000,-20000
059508,聯發科永豐99購03,0,10000,-10000,0,0,0,0,0,0,-10000,0,0,0,10000,20000,-10000,-20000
054547,鴻海凱基98購02  ,0,0,0,0,0,0,0,0,0,-20000,0,0,0,8000,28000,-20000,-20000
05450P,臺股指元大95售27,0,0,0,0,0,0,0,0,0,-20000,0,0,0,0,20000,-20000,-20000
053379,南亞科元大96購01,0,0,0,0,0,0,0,0,0,-20000,0,0,0,0,20000,-20000,-20000
053463,可成富邦98購01  ,0,0,0,0,0,0,0,0,0,-20000,0,0,0,0,20000,-20000,-20000
05270P,台表科元大95售05,0,0,0,0,0,0,0,0,0,-20000,0,0,0,0,20000,-20000,-20000
05271P,國巨富邦97售01  ,0,0,0,0,0,0,0,0,0,-20000,0,0,0,0,20000,-20000,-20000
05150P,玉晶光第一95售01,0,0,0,0,0,0,0,0,0,-20000,0,0,0,0,20000,-20000,-20000
051809,義隆凱基96購01  ,0,0,0,0,0,0,0,0,0,-20000,0,0,0,0,20000,-20000,-20000
053888,和大群益97購01  ,0,0,0,0,0,0,0,0,0,-20000,0,0,0,0,20000,-20000,-20000
047969,台達電富邦97購01,0,0,0,0,0,0,0,0,0,-20000,0,0,0,0,20000,-20000,-20000
050774,健策元大96購02  ,0,0,0,0,0,0,0,0,0,-20000,0,0,0,20000,40000,-20000,-20000
050809,鴻海凱基95購08  ,0,0,0,0,0,0,0,0,0,-20000,0,0,0,8000,28000,-20000,-20000
048985,茂林元大94購01  ,0,0,0,0,0,0,0,0,0,-20000,0,0,0,0,20000,-20000,-20000
04637P,臺股指群益94售12,0,0,0,0,0,0,0,0,0,-20000,0,0,0,0,20000,-20000,-20000
050658,台郡麥證96購01  ,0,0,0,0,20000,-20000,0,0,0,-20000,0,0,0,0,20000,-20000,-20000
6283,淳安            ,4000,25000,-21000,0,0,0,0,0,0,1000,1000,0,1000,0,0,0,-20000
6491,晶碩            ,108000,128000,-20000,0,0,0,0,0,0,0,0,0,0,0,0,0,-20000
2836,高雄銀          ,101000,121000,-20000,0,0,0,0,0,0,0,0,0,0,0,0,0,-20000
07254P,台灣50凱基9C售06,0,0,0,0,0,0,0,0,0,-20000,0,0,0,0,20000,-20000,-20000
1340,勝悅-KY         ,24000,44000,-20000,0,0,0,0,0,0,0,0,0,0,0,0,0,-20000
059789,貿聯元大9A購02  ,0,0,0,0,0,0,0,0,0,-20000,0,0,0,0,20000,-20000,-20000
06912P,台光電元大99售02,0,0,0,0,0,0,0,0,0,-20000,0,0,0,0,20000,-20000,-20000
07123P,鴻海元大99售23  ,0,0,0,0,0,0,0,0,0,-20000,0,0,0,20000,40000,-20000,-20000
059826,欣興凱基99購06  ,0,0,0,0,0,0,0,0,0,-20000,0,0,0,0,20000,-20000,-20000
2239,英利-KY         ,4000,24327,-20327,0,0,0,0,0,0,0,0,0,0,0,0,0,-20327
06301P,臺股指元大97售04,0,0,0,0,0,0,0,0,0,-21000,0,0,0,0,21000,-21000,-21000
06283P,祥碩永豐97售01  ,0,0,0,0,0,0,0,0,0,-21000,0,0,0,0,21000,-21000,-21000
06673P,大立光群益98售01,0,0,0,0,0,0,0,0,0,-21000,0,0,0,2000,23000,-21000,-21000
059135,臺股指群益99購10,0,0,0,0,0,0,0,0,0,-21000,0,0,0,175000,196000,-21000,-21000
058920,SGBR2X元富99購06,0,0,0,0,0,0,0,0,0,-21000,0,0,0,159000,180000,-21000,-21000
03810P,大立光富邦98售01,0,0,0,0,0,0,0,0,0,-21000,0,0,0,0,21000,-21000,-21000
04551P,台表科元大94售02,0,0,0,0,0,0,0,0,0,-21000,0,0,0,0,21000,-21000,-21000
047193,南電元大94購02  ,0,0,0,0,0,0,0,0,0,-21000,0,0,0,0,21000,-21000,-21000
051001,緯穎元大96購02  ,0,0,0,0,0,0,0,0,0,-21000,0,0,0,0,21000,-21000,-21000
05161P,華新科國票96售01,0,0,0,0,0,0,0,0,0,-21000,0,0,0,0,21000,-21000,-21000
052151,義隆富邦96購01  ,0,0,0,0,0,0,0,0,0,-21000,0,0,0,1000,22000,-21000,-21000
059538,健策凱基99購03  ,0,0,0,0,0,0,0,0,0,-21000,0,0,0,84000,105000,-21000,-21000
059822,聯發科凱基99購19,0,0,0,0,0,0,0,0,0,-21000,0,0,0,0,21000,-21000,-21000
1473,台南            ,4000,25000,-21000,0,0,0,0,0,0,0,0,0,0,0,0,0,-21000
06886P,旺宏元大99售07  ,0,0,0,0,0,0,0,0,0,-21000,0,0,0,0,21000,-21000,-21000
2413,環科            ,24000,45000,-21000,0,0,0,0,0,0,0,0,0,0,0,0,0,-21000
8101,華冠            ,18000,39000,-21000,0,0,0,0,0,0,0,0,0,0,0,0,0,-21000
056668,光磊國票99購01  ,0,0,0,0,0,0,0,0,0,-22000,0,0,0,0,22000,-22000,-22000
059317,台積電元大99購34,0,0,0,0,0,0,0,0,0,-22000,0,0,0,553000,575000,-22000,-22000
059025,台灣50台新9B購02,0,0,0,0,0,0,0,0,0,-22000,0,0,0,17000,39000,-22000,-22000
056288,健鼎永豐97購01  ,0,0,0,0,0,0,0,0,0,-22000,0,0,0,58000,80000,-22000,-22000
06669P,緯穎凱基98售05  ,0,0,0,0,0,0,0,0,0,-22000,0,0,0,0,22000,-22000,-22000
06582P,可成凱基98售06  ,0,0,0,0,0,0,0,0,0,-22000,0,0,0,0,22000,-22000,-22000
059742,富邦金元富99購01,0,0,0,0,0,0,0,0,0,-22000,0,0,0,10000,32000,-22000,-22000
059711,滬深2X元大9C購02,0,0,0,0,0,0,0,0,0,-22000,0,0,0,21000,43000,-22000,-22000
059521,南電永豐99購03  ,0,0,0,0,0,0,0,0,0,-22000,0,0,0,18000,40000,-22000,-22000
048192,華通元大96購01  ,0,0,0,0,0,0,0,0,0,-22000,0,0,0,6000,28000,-22000,-22000
05401P,聯茂永豐95售03  ,0,0,0,0,0,0,0,0,0,-22000,0,0,0,0,22000,-22000,-22000
03662C,FBVIX凱基03牛01 ,0,0,0,0,0,0,0,0,0,-22000,0,0,0,0,22000,-22000,-22000
0052,富邦科技        ,3000,2000,1000,0,0,0,110000,0,110000,-133000,0,0,0,117000,250000,-133000,-22000
8104,錸寶            ,9000,31000,-22000,0,0,0,0,0,0,0,0,0,0,0,0,0,-22000
3532,台勝科          ,408000,249000,159000,0,0,0,0,111000,-111000,-70000,6000,0,6000,0,76000,-76000,-22000
3679,新至陞          ,3000,25000,-22000,0,0,0,0,0,0,0,0,0,0,0,0,0,-22000
07247P,聯發科凱基9A售06,0,0,0,0,0,0,0,0,0,-22000,0,0,0,0,22000,-22000,-22000
9902,台火            ,2000,24000,-22000,0,0,0,0,0,0,0,0,0,0,0,0,0,-22000
059728,聯鈞元大99購01  ,0,0,0,0,0,0,0,0,0,-23000,0,0,0,25000,48000,-23000,-23000
06486P,麗豐元大98售02  ,0,0,0,0,0,0,0,0,0,-23000,0,0,0,0,23000,-23000,-23000
05956P,漢唐國票96售02  ,0,0,0,0,0,0,0,0,0,-23000,0,0,0,0,23000,-23000,-23000
059321,欣興元大99購07  ,0,0,0,0,0,0,0,0,0,-23000,0,0,0,36000,59000,-23000,-23000
057648,和碩元大98購01  ,0,0,0,0,0,0,0,0,0,-23000,0,0,0,40000,63000,-23000,-23000
020015,統一MSCI美低波N ,0,0,0,0,0,0,0,0,0,-23000,0,0,0,0,23000,-23000,-23000
00731,FH富時高息低波  ,0,0,0,0,0,0,0,0,0,-23000,0,0,0,359000,382000,-23000,-23000
03675C,臺股指元大04牛02,0,0,0,0,0,0,0,0,0,-23000,0,0,0,99000,122000,-23000,-23000
053827,漢唐麥證9A購01  ,0,0,0,17000,40000,-23000,0,0,0,-23000,0,0,0,17000,40000,-23000,-23000
054180,亞泥康和96購01  ,0,0,0,0,0,0,0,0,0,-23000,0,0,0,100000,123000,-23000,-23000
1323,永裕            ,4000,27000,-23000,0,0,0,0,0,0,0,0,0,0,0,0,0,-23000
08966P,臺指反元大04售07,0,0,0,0,0,0,0,0,0,-23000,0,0,0,0,23000,-23000,-23000
1540,喬福            ,5000,28000,-23000,0,0,0,0,0,0,0,0,0,0,0,0,0,-23000
2374,佳能            ,14000,37000,-23000,0,0,0,0,0,0,0,0,0,0,0,0,0,-23000
058912,祥碩元大99購01  ,0,0,0,0,0,0,0,0,0,-24000,0,0,0,40000,64000,-24000,-24000
059848,智邦永豐99購01  ,0,0,0,0,0,0,0,0,0,-24000,0,0,0,0,24000,-24000,-24000
059153,臺股指國票99購16,0,0,0,0,0,0,0,0,0,-24000,0,0,0,0,24000,-24000,-24000
05427P,聯發科凱基96售07,0,0,0,0,0,0,0,0,0,-24000,0,0,0,0,24000,-24000,-24000
051361,泰鼎元大95購01  ,0,0,0,0,0,0,0,0,0,-24000,0,0,0,0,24000,-24000,-24000
059461,鈺齊永豐99購03  ,0,0,0,0,0,0,0,0,0,-24000,0,0,0,30000,54000,-24000,-24000
049255,旺宏元大97購02  ,0,0,0,0,0,0,0,0,0,-24000,0,0,0,4000,28000,-24000,-24000
00736,國泰新興市場    ,31000,54000,-23000,0,0,0,0,0,0,-1000,0,0,0,144000,145000,-1000,-24000
047694,SP黃豆國票9B購01,0,0,0,0,0,0,0,0,0,-24000,0,0,0,0,24000,-24000,-24000
2420,新巨            ,19000,36000,-17000,0,0,0,0,0,0,-7000,0,7000,-7000,0,0,0,-24000
058790,楠梓電元大99購03,0,0,0,0,0,0,0,0,0,-25000,0,0,0,20000,45000,-25000,-25000
058297,茂林凱基9A購02  ,0,0,0,0,0,0,0,0,0,-25000,0,0,0,175000,200000,-25000,-25000
057955,技嘉元大98購07  ,0,0,0,0,0,0,0,0,0,-25000,0,0,0,0,25000,-25000,-25000
056208,崇越永豐97購01  ,0,0,0,0,0,0,0,0,0,-25000,0,0,0,0,25000,-25000,-25000
057534,旭富元大98購01  ,0,0,0,0,0,0,0,0,0,-25000,0,0,0,28000,53000,-25000,-25000
055627,亞德客永豐97購02,0,0,0,0,0,0,0,0,0,-25000,0,0,0,4000,29000,-25000,-25000
057766,矽力凱基98購03  ,0,0,0,0,0,0,0,0,0,-25000,0,0,0,0,25000,-25000,-25000
04250P,嘉晶統一95售02  ,0,0,0,0,0,0,0,0,0,-25000,0,0,0,0,25000,-25000,-25000
050227,大立光中信96購01,0,0,0,0,0,0,0,0,0,-25000,0,0,0,5000,30000,-25000,-25000
05104P,智邦台新95售02  ,0,0,0,0,0,0,0,0,0,-25000,0,0,0,0,25000,-25000,-25000
053786,新日興元大96購02,0,0,0,0,0,0,0,0,0,-25000,0,0,0,5000,30000,-25000,-25000
05395P,旺宏元大96售06  ,0,0,0,0,0,0,0,0,0,-25000,0,0,0,15000,40000,-25000,-25000
059457,立積永豐99購02  ,0,0,0,0,0,0,0,0,0,-25000,0,0,0,0,25000,-25000,-25000
054525,奇鋐元富96購01  ,0,0,0,0,0,0,0,0,0,-25000,0,0,0,0,25000,-25000,-25000
054417,牧德元大96購01  ,0,0,0,0,0,0,0,0,0,-25000,0,0,0,70000,95000,-25000,-25000
4737,華廣            ,8000,33000,-25000,0,0,0,0,0,0,0,0,0,0,0,0,0,-25000
4739,康普            ,5000,29000,-24000,0,0,0,0,0,0,-1000,0,1000,-1000,0,0,0,-25000
4999,鑫禾            ,1000,21000,-20000,0,0,0,0,0,0,-5000,0,5000,-5000,0,0,0,-25000
1558,伸興            ,16000,41000,-25000,0,0,0,0,0,0,0,0,0,0,0,0,0,-25000
059838,茂林國泰9B購01  ,0,0,0,0,0,0,0,0,0,-25000,0,0,0,0,25000,-25000,-25000
2233,宇隆            ,37000,62000,-25000,0,0,0,0,0,0,0,0,0,0,0,0,0,-25000
2010,春源            ,40000,65000,-25000,0,0,0,0,0,0,0,0,0,0,0,0,0,-25000
07149P,健鼎元大99售03  ,0,0,0,0,0,0,0,0,0,-25000,0,0,0,0,25000,-25000,-25000
059741,聯發科元富99購07,0,0,0,0,0,0,0,0,0,-26000,0,0,0,2000,28000,-26000,-26000
06614P,祥碩永豐98售03  ,0,0,0,0,0,0,0,0,0,-26000,0,0,0,10000,36000,-26000,-26000
05292P,台積電凱基95售16,0,0,0,0,0,0,0,0,0,-26000,0,0,0,65000,91000,-26000,-26000
059429,台積電元大99購35,0,0,0,0,0,0,0,0,0,-26000,0,0,0,7000,33000,-26000,-26000
5706,鳳凰            ,2000,28000,-26000,0,0,0,0,0,0,0,0,0,0,0,0,0,-26000
3413,京鼎            ,486000,523000,-37000,0,0,0,9000,0,9000,2000,6000,4000,2000,4000,4000,0,-26000
3702A,大聯大甲特      ,0,11000,-11000,0,0,0,0,25000,-25000,10000,0,0,0,10000,0,10000,-26000
6582,申豐            ,7000,33000,-26000,0,0,0,0,0,0,0,0,0,0,0,0,0,-26000
2433,互盛電          ,3000,27000,-24000,0,0,0,0,0,0,-2000,0,2000,-2000,0,0,0,-26000
2497,怡利電          ,3000,29000,-26000,0,0,0,0,0,0,0,0,0,0,0,0,0,-26000
06459P,亞德客元富98售01,0,0,0,0,0,0,0,0,0,-27000,0,0,0,7000,34000,-27000,-27000
05972P,瑞昱元大96售01  ,0,0,0,0,0,0,0,0,0,-27000,0,0,0,30000,57000,-27000,-27000
059676,台積電台新99購05,0,0,0,0,0,0,0,0,0,-27000,0,0,0,3000,30000,-27000,-27000
052231,景碩凱基96購01  ,0,0,0,0,0,0,0,0,0,-27000,0,0,0,148000,175000,-27000,-27000
051193,新日興兆豐96購01,0,0,0,0,0,0,0,0,0,-27000,0,0,0,0,27000,-27000,-27000
050609,鴻海元大94購23  ,0,0,0,0,0,0,0,0,0,-27000,0,0,0,73000,100000,-27000,-27000
00706L,元大S&P日圓正2  ,0,0,0,0,0,0,0,0,0,-27000,0,0,0,62000,89000,-27000,-27000
2461,光群雷          ,77000,104000,-27000,0,0,0,0,0,0,0,0,0,0,0,0,0,-27000
2414,精技            ,5000,32000,-27000,0,0,0,0,0,0,0,0,0,0,0,0,0,-27000
8374,羅昇            ,3000,30000,-27000,0,0,0,0,0,0,0,0,0,0,0,0,0,-27000
8473,山林水          ,3000,30000,-27000,0,0,0,0,0,0,0,0,0,0,0,0,0,-27000
3622,洋華            ,18000,45000,-27000,0,0,0,0,0,0,0,0,0,0,0,0,0,-27000
07271P,台灣50元大9C售04,0,0,0,0,0,0,0,0,0,-27000,0,0,0,3000,30000,-27000,-27000
06399P,台表科凱基97售05,0,0,0,0,0,0,0,0,0,-27000,0,0,0,0,27000,-27000,-27000
059591,台積電元大9A購04,0,0,0,0,0,0,0,0,0,-28000,0,0,0,2000,30000,-28000,-28000
059290,全新元富99購01  ,0,0,0,0,0,0,0,0,0,-28000,0,0,0,81000,109000,-28000,-28000
059305,台灣50元大99購02,0,0,0,0,0,0,0,0,0,-28000,0,0,0,2000,30000,-28000,-28000
059533,富邦金凱基99購01,0,0,0,0,0,0,0,0,0,-28000,0,0,0,117000,145000,-28000,-28000
2228,劍麟            ,96000,139000,-43000,0,0,0,0,0,0,15000,10000,0,10000,5000,0,5000,-28000
056582,易華電元大98購01,0,0,0,0,0,0,0,0,0,-29000,0,0,0,1000,30000,-29000,-29000
06730P,祥碩元大98售07  ,0,0,0,0,0,0,0,0,0,-29000,0,0,0,5000,34000,-29000,-29000
06765P,欣興元大98售11  ,0,0,0,0,0,0,0,0,0,-29000,0,0,0,10000,39000,-29000,-29000
059641,群創凱基99購06  ,0,0,0,0,0,0,0,0,0,-29000,0,0,0,0,29000,-29000,-29000
051362,台郡元大95購04  ,0,0,0,0,0,0,0,0,0,-29000,0,0,0,0,29000,-29000,-29000
048870,義隆國票96購01  ,0,0,0,0,0,0,0,0,0,-29000,0,0,0,21000,50000,-29000,-29000
053849,聯發科元富96購04,0,0,0,0,0,0,0,0,0,-29000,0,0,0,1000,30000,-29000,-29000
1612,宏泰            ,13000,42000,-29000,0,0,0,0,0,0,0,0,0,0,0,0,0,-29000
07246P,旺宏凱基99售08  ,0,0,0,0,0,0,0,0,0,-29000,0,0,0,0,29000,-29000,-29000
1203,味王            ,3000,32000,-29000,0,0,0,0,0,0,0,0,0,0,0,0,0,-29000
4526,東台            ,1000,30000,-29000,0,0,0,0,0,0,0,0,0,0,0,0,0,-29000
5285,界霖            ,33000,62000,-29000,0,0,0,0,0,0,0,0,0,0,0,0,0,-29000
5283,禾聯碩          ,7000,36000,-29000,0,0,0,0,0,0,0,0,0,0,0,0,0,-29000
4572,駐龍            ,16000,45000,-29000,0,0,0,0,0,0,0,0,0,0,0,0,0,-29000
8070,長華*           ,66000,73000,-7000,0,0,0,0,0,0,-22000,0,22000,-22000,0,0,0,-29000
6168,宏齊            ,45000,70000,-25000,0,0,0,0,0,0,-4000,0,4000,-4000,0,0,0,-29000
9924,福興            ,31000,60000,-29000,0,0,0,0,0,0,0,0,0,0,0,0,0,-29000
059692,聯詠永豐99購01  ,0,0,0,0,0,0,0,0,0,-30000,0,0,0,0,30000,-30000,-30000
05527P,聯茂群益96售01  ,0,0,0,0,0,0,0,0,0,-30000,0,0,0,0,30000,-30000,-30000
055286,晶技元大98購03  ,0,0,0,0,0,0,0,0,0,-30000,0,0,0,0,30000,-30000,-30000
059748,聯發科台新99購03,0,0,0,0,0,0,0,0,0,-30000,0,0,0,1000,31000,-30000,-30000
05990P,台積電群益96售13,0,0,0,0,0,0,0,0,0,-30000,0,0,0,0,30000,-30000,-30000
06496P,台灣50日盛98售01,0,0,0,0,0,0,0,0,0,-30000,0,0,0,1000,31000,-30000,-30000
058517,景碩元大99購06  ,0,0,0,0,0,0,0,0,0,-30000,0,0,0,0,30000,-30000,-30000
059175,臺股指凱基99購26,0,0,0,0,0,0,0,0,0,-30000,0,0,0,0,30000,-30000,-30000
056517,茂林兆豐99購01  ,0,0,0,0,0,0,0,0,0,-30000,0,0,0,0,30000,-30000,-30000
056475,宏達電元大99購02,0,0,0,0,0,0,0,0,0,-30000,0,0,0,0,30000,-30000,-30000
056365,欣興元大98購01  ,0,0,0,0,0,0,0,0,0,-30000,0,0,0,5000,35000,-30000,-30000
059332,台灣50國票9A購07,0,0,0,0,0,0,0,0,0,-30000,0,0,0,27000,57000,-30000,-30000
058239,景碩元大99購03  ,0,0,0,0,0,0,0,0,0,-30000,0,0,0,0,30000,-30000,-30000
057681,T50反1日盛9C購01,0,0,0,0,0,0,0,0,0,-30000,0,0,0,0,30000,-30000,-30000
058135,景碩元大99購01  ,0,0,0,0,0,0,0,0,0,-30000,0,0,0,0,30000,-30000,-30000
052279,旺宏凱基95購07  ,0,0,0,0,0,0,0,0,0,-30000,0,0,0,10000,40000,-30000,-30000
04962P,易華電凱基96售01,0,0,0,0,0,0,0,0,0,-30000,0,0,0,0,30000,-30000,-30000
051469,友達日盛9B購01  ,0,0,0,0,0,0,0,0,0,-30000,0,0,0,0,30000,-30000,-30000
054139,揚明光元大96購01,0,0,0,0,0,0,0,0,0,-30000,0,0,0,30000,60000,-30000,-30000
048026,瑞昱凱基94購01  ,0,0,0,0,0,0,0,0,0,-30000,0,0,0,10000,40000,-30000,-30000
049266,和碩元大94購01  ,0,0,0,0,0,0,0,0,0,-30000,0,0,0,0,30000,-30000,-30000
00703,台新MSCI中國    ,0,1000,-1000,0,0,0,0,0,0,-29000,0,0,0,82000,111000,-29000,-30000
00710B,FH彭博高收益債  ,0,0,0,0,0,0,0,0,0,-30000,0,0,0,134000,164000,-30000,-30000
03658C,T50反1元大9A牛02,0,0,0,0,0,0,0,0,0,-30000,0,0,0,2000,32000,-30000,-30000
052080,康友元富98購02  ,0,0,0,0,0,0,0,0,0,-30000,0,0,0,10000,40000,-30000,-30000
051903,T50反1元大97購02,0,0,0,0,0,0,0,0,0,-30000,0,0,0,0,30000,-30000,-30000
054292,欣興元大96購06  ,0,0,0,0,0,0,0,0,0,-30000,0,0,0,0,30000,-30000,-30000
055376,群創元大01購01  ,0,0,0,0,0,0,0,0,0,-30000,0,0,0,0,30000,-30000,-30000
054532,強茂國泰98購01  ,0,0,0,0,0,0,0,0,0,-30000,0,0,0,0,30000,-30000,-30000
054522,康友元大96購07  ,0,0,0,0,0,0,0,0,0,-30000,0,0,0,0,30000,-30000,-30000
06336P,鴻海元大98售05  ,0,0,0,0,0,0,0,0,0,-30000,0,0,0,0,30000,-30000,-30000
059800,T50反1元富99購09,0,0,0,0,0,0,0,0,0,-30000,0,0,0,0,30000,-30000,-30000
06960P,國巨凱基99售08  ,0,0,0,0,0,0,0,0,0,-30000,0,0,0,0,30000,-30000,-30000
1732,毛寶            ,205000,235000,-30000,0,0,0,0,0,0,0,0,0,0,0,0,0,-30000
06421P,嘉澤統一97售02  ,0,0,0,0,0,0,0,0,0,-30000,0,0,0,0,30000,-30000,-30000
059069,臺指反元大9C購01,0,0,0,0,0,0,0,0,0,-31000,0,0,0,15000,46000,-31000,-31000
058983,旺宏凱基99購05  ,0,0,0,0,0,0,0,0,0,-31000,0,0,0,0,31000,-31000,-31000
059369,滬深2X元富9C購01,0,0,0,0,0,0,0,0,0,-31000,0,0,0,991000,1022000,-31000,-31000
00728,第一金工業30    ,0,0,0,0,0,0,0,0,0,-31000,0,0,0,444000,475000,-31000,-31000
07242P,台灣50凱基9A售03,0,0,0,0,0,0,0,0,0,-31000,0,0,0,0,31000,-31000,-31000
3454,晶睿            ,32000,62000,-30000,0,0,0,0,0,0,-1000,0,1000,-1000,0,0,0,-31000
055508,矽力元大97購01  ,0,0,0,0,0,0,0,0,0,-32000,0,0,0,38000,70000,-32000,-32000
05852P,嘉晶群益96售01  ,0,0,0,0,0,0,0,0,0,-32000,0,0,0,0,32000,-32000,-32000
050695,台積電凱基94購40,0,0,0,0,0,0,0,0,0,-32000,0,0,0,22000,54000,-32000,-32000
059534,國泰金凱基99購01,0,0,0,0,0,0,0,0,0,-32000,0,0,0,0,32000,-32000,-32000
059552,台灣50凱基99購04,0,0,0,0,0,0,0,0,0,-32000,0,0,0,26000,58000,-32000,-32000
6449,鈺邦            ,43000,75000,-32000,0,0,0,0,0,0,0,0,0,0,0,0,0,-32000
055300,緯穎元大98購01  ,0,0,0,0,0,0,0,0,0,-33000,0,0,0,2000,35000,-33000,-33000
059283,康友永豐99購02  ,0,0,0,0,0,0,0,0,0,-33000,0,0,0,15000,48000,-33000,-33000
054403,同欣電永豐96購02,0,0,0,0,0,0,0,0,0,-33000,0,0,0,7000,40000,-33000,-33000
051489,世芯凱基95購01  ,0,0,0,0,0,0,0,0,0,-33000,0,0,0,10000,43000,-33000,-33000
052747,京鼎元大97購01  ,0,0,0,0,0,0,0,0,0,-33000,0,0,0,0,33000,-33000,-33000
050694,國巨凱基96購03  ,0,0,0,0,0,0,0,0,0,-33000,0,0,0,7000,40000,-33000,-33000
053800,華通凱基97購03  ,0,0,0,0,0,0,0,0,0,-33000,0,0,0,69000,102000,-33000,-33000
6235,華孚            ,8000,41000,-33000,0,0,0,0,0,0,0,0,0,0,0,0,0,-33000
059811,高股息凱基99購02,0,0,0,0,0,0,0,0,0,-33000,0,0,0,0,33000,-33000,-33000
07171P,臺股指國票99售08,0,0,0,0,0,0,0,0,0,-33000,0,0,0,0,33000,-33000,-33000
1464,得力            ,142000,172000,-30000,0,0,0,0,1000,-1000,-2000,0,2000,-2000,0,0,0,-33000
1603,華電            ,12000,45000,-33000,0,0,0,0,0,0,0,0,0,0,0,0,0,-33000
1711,永光            ,203000,236000,-33000,0,0,0,0,0,0,0,0,0,0,0,0,0,-33000
9941,裕融            ,124000,154000,-30000,0,0,0,0,0,0,-3000,0,3000,-3000,0,0,0,-33000
057258,中環兆豐98購01  ,0,0,0,0,0,0,0,0,0,-34000,0,0,0,4000,38000,-34000,-34000
04775P,台積電凱基94售29,0,0,0,0,0,0,0,0,0,-34000,0,0,0,6000,40000,-34000,-34000
00690,兆豐藍籌30      ,0,0,0,0,0,0,0,0,0,-34000,0,0,0,188000,222000,-34000,-34000
6558,興能高          ,14000,9000,5000,0,0,0,0,0,0,-39000,0,39000,-39000,0,0,0,-34000
2642,宅配通          ,23000,57000,-34000,0,0,0,0,0,0,0,0,0,0,0,0,0,-34000
055934,景碩群益98購03  ,0,0,0,0,0,0,0,0,0,-35000,0,0,0,20000,55000,-35000,-35000
057059,易華電元大99購01,0,0,0,0,0,0,0,0,0,-35000,0,0,0,0,35000,-35000,-35000
053983,樺漢元大97購02  ,0,0,0,0,0,0,0,0,0,-35000,0,0,0,5000,40000,-35000,-35000
051721,玉晶光永豐96購02,0,0,0,0,0,0,0,0,0,-35000,0,0,0,403000,438000,-35000,-35000
052969,建準群益97購01  ,0,0,0,0,0,0,0,0,0,-35000,0,0,0,20000,55000,-35000,-35000
2459,敦吉            ,24000,58000,-34000,0,0,0,0,0,0,-1000,0,1000,-1000,0,0,0,-35000
2505,國揚            ,246000,271000,-25000,0,0,0,0,0,0,-10000,0,10000,-10000,0,0,0,-35000
1220,台榮            ,0,35000,-35000,0,0,0,0,0,0,0,0,0,0,0,0,0,-35000
057286,群創元大9B購05  ,0,0,0,0,0,0,0,0,0,-36000,0,0,0,0,36000,-36000,-36000
059070,道瓊指元大99購02,0,0,0,0,0,0,0,0,0,-36000,0,0,0,17000,53000,-36000,-36000
056710,漢唐永豐98購01  ,0,0,0,0,0,0,0,0,0,-36000,0,0,0,0,36000,-36000,-36000
058021,牧德凱基98購02  ,0,0,0,0,0,0,0,0,0,-36000,0,0,0,95000,131000,-36000,-36000
053448,智易凱基96購03  ,0,0,0,0,0,0,0,0,0,-36000,0,0,0,4000,40000,-36000,-36000
053305,聯詠凱基96購02  ,0,0,0,0,0,0,0,0,0,-36000,0,0,0,18000,54000,-36000,-36000
053804,富邦金凱基96購01,0,0,0,0,0,0,0,0,0,-36000,0,0,0,52000,88000,-36000,-36000
07259P,滬深2X國票01售01,0,0,0,0,0,0,0,0,0,-36000,0,0,0,0,36000,-36000,-36000
07218P,臺股指凱基99售31,0,0,0,0,0,0,0,0,0,-36000,0,0,0,38000,74000,-36000,-36000
8462,柏文            ,44548,81000,-36452,0,0,0,0,0,0,0,0,0,0,0,0,0,-36452
3682,亞太電          ,662000,698528,-36528,0,0,0,0,0,0,0,0,0,0,0,0,0,-36528
06242P,大立光元富9A售02,0,0,0,0,0,0,0,0,0,-37000,0,0,0,0,37000,-37000,-37000
050514,聯電元大94購01  ,0,0,0,0,0,0,0,0,0,-37000,0,0,0,77000,114000,-37000,-37000
2727,王品            ,54000,91000,-37000,0,0,0,0,0,0,0,0,0,0,0,0,0,-37000
3055,蔚華科          ,6000,43000,-37000,0,0,0,0,0,0,0,0,0,0,0,0,0,-37000
06850P,聯茂元大98售06  ,0,0,0,0,0,0,0,0,0,-38000,0,0,0,8000,46000,-38000,-38000
059764,健策永豐99購04  ,0,0,0,0,0,0,0,0,0,-38000,0,0,0,0,38000,-38000,-38000
06705P,臻鼎元富98售03  ,0,0,0,0,0,0,0,0,0,-38000,0,0,0,0,38000,-38000,-38000
057105,致茂群益9A購01  ,0,0,0,0,0,0,0,0,0,-38000,0,0,0,60000,98000,-38000,-38000
059331,台灣50國票9A購06,0,0,0,0,0,0,0,0,0,-38000,0,0,0,0,38000,-38000,-38000
049675,台光電國票95購01,0,0,0,0,0,0,0,0,0,-38000,0,0,0,0,38000,-38000,-38000
053337,聯電國票97購01  ,0,0,0,0,0,0,0,0,0,-38000,0,0,0,0,38000,-38000,-38000
054210,台光電國票97購03,0,0,0,0,0,0,0,0,0,-38000,0,0,0,0,38000,-38000,-38000
053073,技嘉康和96購01  ,0,0,0,0,0,0,0,0,0,-38000,0,0,0,2000,40000,-38000,-38000
053769,香港反元大99購01,0,0,0,0,0,0,0,0,0,-38000,0,0,0,0,38000,-38000,-38000
1731,美吾華          ,1000,39000,-38000,0,0,0,0,0,0,0,0,0,0,0,0,0,-38000
059834,友達國泰9B購01  ,0,0,0,0,0,0,0,0,0,-38000,0,0,0,0,38000,-38000,-38000
9942,茂順            ,4000,16000,-12000,0,0,0,0,0,0,-26000,0,26000,-26000,0,0,0,-38000
9955,佳龍            ,26000,64000,-38000,0,0,0,0,0,0,0,0,0,0,0,0,0,-38000
1598,岱宇            ,4000,42044,-38044,0,0,0,0,0,0,0,0,0,0,0,0,0,-38044
05464P,華通康和95售02  ,0,0,0,0,0,0,0,0,0,-39000,0,0,0,0,39000,-39000,-39000
053905,華新科凱基96購10,0,0,0,0,0,0,0,0,0,-39000,0,0,0,15000,54000,-39000,-39000
050645,台積電凱基94購39,0,0,0,0,0,0,0,0,0,-39000,0,0,0,15000,54000,-39000,-39000
07334P,臺股指國票99售19,0,0,0,0,0,0,0,0,0,-39000,0,0,0,0,39000,-39000,-39000
6197,佳必琪          ,182000,221000,-39000,0,0,0,0,0,0,0,0,0,0,0,0,0,-39000
3044,健鼎            ,1673000,1755421,-82421,0,0,0,60000,0,60000,-17000,16000,40000,-24000,8000,1000,7000,-39421
056735,國巨凱基99購02  ,0,0,0,0,0,0,0,0,0,-40000,0,0,0,30000,70000,-40000,-40000
057827,康友元大98購03  ,0,0,0,0,0,0,0,0,0,-40000,0,0,0,0,40000,-40000,-40000
057850,上銀兆豐99購02  ,0,0,0,0,0,0,0,0,0,-40000,0,0,0,0,40000,-40000,-40000
05614P,臺股指康和96售03,0,0,0,0,0,0,0,0,0,-40000,0,0,0,389000,429000,-40000,-40000
056406,建準國票99購01  ,0,0,0,0,0,0,0,0,0,-40000,0,0,0,0,40000,-40000,-40000
055566,台表科凱基97購03,0,0,0,0,0,0,0,0,0,-40000,0,0,0,0,40000,-40000,-40000
057763,康控凱基99購02  ,0,0,0,0,0,0,0,0,0,-40000,0,0,0,0,40000,-40000,-40000
056113,新日興兆豐98購01,0,0,0,0,0,0,0,0,0,-40000,0,0,0,10000,50000,-40000,-40000
056098,矽創元富97購02  ,0,0,0,0,0,0,0,0,0,-40000,0,0,0,0,40000,-40000,-40000
056054,亞德客元大97購05,0,0,0,0,0,0,0,0,0,-40000,0,0,0,10000,50000,-40000,-40000
056036,鴻海凱基97購07  ,0,0,0,0,0,0,0,0,0,-40000,0,0,0,15000,55000,-40000,-40000
057626,技嘉富邦9A購01  ,0,0,0,0,0,0,0,0,0,-40000,0,0,0,100000,140000,-40000,-40000
057479,致茂元大98購03  ,0,0,0,0,0,0,0,0,0,-40000,0,0,0,0,40000,-40000,-40000
059730,晶相光元大9C購02,0,0,0,0,0,0,0,0,0,-40000,0,0,0,70000,110000,-40000,-40000
059619,台積電日盛9A購04,0,0,0,0,0,0,0,0,0,-40000,0,0,0,5000,45000,-40000,-40000
059639,大立光凱基9A購06,0,0,0,0,0,0,0,0,0,-40000,0,0,0,5000,45000,-40000,-40000
04339P,欣興元大93售08  ,0,0,0,0,0,0,0,0,0,-40000,0,0,0,0,40000,-40000,-40000
04759P,台積電凱基94售27,0,0,0,0,0,0,0,0,0,-40000,0,0,0,0,40000,-40000,-40000
03017X,元展17          ,0,0,0,0,0,0,0,0,0,-40000,0,0,0,0,40000,-40000,-40000
054933,南港元大97購01  ,0,0,0,0,0,0,0,0,0,-40000,0,0,0,0,40000,-40000,-40000
053727,麗豐凱基97購01  ,0,0,0,0,0,0,0,0,0,-40000,0,0,0,0,40000,-40000,-40000
054395,華新科永豐96購03,0,0,0,0,0,0,0,0,0,-40000,0,0,0,0,40000,-40000,-40000
05205P,緯穎元大95售03  ,0,0,0,0,0,0,0,0,0,-40000,0,0,0,70000,110000,-40000,-40000
2062,橋椿            ,1000,36000,-35000,0,0,0,0,0,0,-5000,0,5000,-5000,0,0,0,-40000
07163P,臺股指群益99售14,0,0,0,0,0,0,0,0,0,-40000,0,0,0,37000,77000,-40000,-40000
06955P,臻鼎元富99售01  ,0,0,0,0,0,0,0,0,0,-40000,0,0,0,1000,41000,-40000,-40000
06046P,健策統一96售03  ,0,0,0,0,0,0,0,0,0,-41000,0,0,0,0,41000,-41000,-41000
056913,臺股指元大99購05,0,0,0,0,0,0,0,0,0,-41000,0,0,0,2000,43000,-41000,-41000
056351,鴻海元大98購06  ,0,0,0,0,0,0,0,0,0,-41000,0,0,0,16000,57000,-41000,-41000
054426,國泰金富邦97購02,0,0,0,0,0,0,0,0,0,-41000,0,0,0,0,41000,-41000,-41000
059438,群創元大99購06  ,0,0,0,0,0,0,0,0,0,-41000,0,0,0,355000,396000,-41000,-41000
050250,台郡凱基94購03  ,0,0,0,0,0,0,0,0,0,-41000,0,0,0,8000,49000,-41000,-41000
3356,奇偶            ,38000,79000,-41000,0,0,0,0,0,0,0,0,0,0,0,0,0,-41000
6672,騰輝電子-KY     ,69000,110000,-41000,0,0,0,0,0,0,0,0,0,0,0,0,0,-41000
056157,聯詠凱基97購03  ,0,0,0,0,0,0,0,0,0,-42000,0,0,0,7000,49000,-42000,-42000
056571,燿華元大98購02  ,0,0,0,0,0,0,0,0,0,-42000,0,0,0,0,42000,-42000,-42000
055497,開發金元大97購01,0,0,0,0,0,0,0,0,0,-42000,0,0,0,13000,55000,-42000,-42000
059854,台表科永豐99購03,0,0,0,0,0,0,0,0,0,-42000,0,0,0,0,42000,-42000,-42000
059581,日月光元富99購02,0,0,0,0,0,0,0,0,0,-42000,0,0,0,97000,139000,-42000,-42000
06447P,上銀元大98售01  ,0,0,0,0,0,0,0,0,0,-42000,0,0,0,45000,87000,-42000,-42000
05089P,亞德客元大95售01,0,0,0,0,0,0,0,0,0,-42000,0,0,0,10000,52000,-42000,-42000
05948P,茂林元大96售03  ,0,0,0,0,0,0,0,0,0,-42000,0,0,0,0,42000,-42000,-42000
051324,康友國票96購01  ,0,0,0,0,0,0,0,0,0,-42000,0,0,0,0,42000,-42000,-42000
1338,廣華-KY         ,76000,118000,-42000,0,0,0,0,0,0,0,0,0,0,0,0,0,-42000
2030,彰源            ,8000,37000,-29000,0,0,0,0,0,0,-13000,0,13000,-13000,0,0,0,-42000
055667,致茂群益98購01  ,0,0,0,0,0,0,0,0,0,-43000,0,0,0,55000,98000,-43000,-43000
059210,鴻海元大99購26  ,0,0,0,0,0,0,0,0,0,-43000,0,0,0,0,43000,-43000,-43000
03433B,臺股指元大9C熊01,0,0,0,0,0,0,0,0,0,-43000,0,0,0,124000,167000,-43000,-43000
00680L,元大美債20正2   ,0,0,0,0,0,0,0,0,0,-43000,0,0,0,27000,70000,-43000,-43000
4746,台耀            ,0,18000,-18000,0,0,0,0,0,0,-25000,0,25000,-25000,0,0,0,-43000
9103,美德醫療-DR     ,140000,183000,-43000,0,0,0,0,0,0,0,0,0,0,0,0,0,-43000
05558P,鴻海麥證96售01  ,0,0,0,0,44000,-44000,0,0,0,-44000,0,0,0,0,44000,-44000,-44000
055994,聯發科國泰99購02,0,0,0,0,0,0,0,0,0,-44000,0,0,0,14000,58000,-44000,-44000
059328,台灣50國票99購08,0,0,0,0,0,0,0,0,0,-44000,0,0,0,0,44000,-44000,-44000
052406,力成凱基95購03  ,0,0,0,0,0,0,0,0,0,-44000,0,0,0,228000,272000,-44000,-44000
054252,奇力新元大96購04,0,0,0,0,0,0,0,0,0,-44000,0,0,0,101000,145000,-44000,-44000
054302,鴻海凱基96購18  ,0,0,0,0,0,0,0,0,0,-44000,0,0,0,14000,58000,-44000,-44000
5225,東科-KY         ,45000,89000,-44000,0,0,0,0,0,0,0,0,0,0,0,0,0,-44000
3501,維熹            ,26000,71000,-45000,0,0,0,0,0,0,1000,1000,0,1000,0,0,0,-44000
8011,台通            ,17000,62000,-45000,0,0,0,0,0,0,1000,1000,0,1000,0,0,0,-44000
07135P,臺股指元大9A售29,0,0,0,0,0,0,0,0,0,-44000,0,0,0,1000,45000,-44000,-44000
5534,長虹            ,248000,322741,-74741,0,0,0,0,0,0,30000,18000,2000,16000,14000,0,14000,-44741
055972,GIS元大97購04   ,0,0,0,0,0,0,0,0,0,-45000,0,0,0,5000,50000,-45000,-45000
056199,美律永豐97購01  ,0,0,0,0,0,0,0,0,0,-45000,0,0,0,5000,50000,-45000,-45000
059209,華通元大99購08  ,0,0,0,0,0,0,0,0,0,-45000,0,0,0,44000,89000,-45000,-45000
059495,台灣50元富9C購02,0,0,0,0,0,0,0,0,0,-45000,0,0,0,22000,67000,-45000,-45000
052324,康友元大96購02  ,0,0,0,0,0,0,0,0,0,-45000,0,0,0,0,45000,-45000,-45000
050351,華新科群益95購02,0,0,0,0,0,0,0,0,0,-45000,0,0,0,5000,50000,-45000,-45000
2488,漢平            ,21000,66000,-45000,0,0,0,0,0,0,0,0,0,0,0,0,0,-45000
058730,玉晶光永豐9A購01,0,0,0,0,0,0,0,0,0,-46000,0,0,0,213000,259000,-46000,-46000
050547,華新科凱基95購01,0,0,0,0,0,0,0,0,0,-46000,0,0,0,1000,47000,-46000,-46000
04923P,GIS凱基94售06   ,0,0,0,0,0,0,0,0,0,-46000,0,0,0,0,46000,-46000,-46000
059415,台灣50元大9A購03,0,0,0,0,0,0,0,0,0,-46000,0,0,0,27000,73000,-46000,-46000
05939P,聯發科凱基96售20,0,0,0,0,0,0,0,0,0,-46000,0,0,0,0,46000,-46000,-46000
053599,崇越元大96購01  ,0,0,0,0,0,0,0,0,0,-46000,0,0,0,30000,76000,-46000,-46000
052860,旺宏凱基96購03  ,0,0,0,0,0,0,0,0,0,-46000,0,0,0,0,46000,-46000,-46000
059234,台灣50凱基9C購03,0,0,0,0,0,0,0,0,0,-47000,0,0,0,7000,54000,-47000,-47000
059622,上銀凱基99購10  ,0,0,0,0,0,0,0,0,0,-47000,0,0,0,14000,61000,-47000,-47000
056453,禾伸堂凱基99購02,0,0,0,0,0,0,0,0,0,-47000,0,0,0,0,47000,-47000,-47000
059541,T50正2康和99購01,0,0,0,0,0,0,0,0,0,-47000,0,0,0,0,47000,-47000,-47000
4137,麗豐-KY         ,164000,256000,-92000,0,0,0,40000,0,40000,5000,0,0,0,5000,0,5000,-47000
1720,生達            ,223000,262000,-39000,0,0,0,0,0,0,-8000,2000,10000,-8000,0,0,0,-47000
3443,創意            ,233000,282026,-49026,0,0,0,22000,0,22000,-20000,0,6000,-6000,0,14000,-14000,-47026
055196,致新元富97購01  ,0,0,0,0,0,0,0,0,0,-48000,0,0,0,60000,108000,-48000,-48000
058672,可成群益9B購02  ,0,0,0,0,0,0,0,0,0,-48000,0,0,0,50000,98000,-48000,-48000
053355,超眾兆豐97購01  ,0,0,0,0,0,0,0,0,0,-48000,0,0,0,0,48000,-48000,-48000
050851,羅麗芬國票96購01,0,0,0,0,0,0,0,0,0,-48000,0,0,0,0,48000,-48000,-48000
1707,葡萄王          ,433000,337000,96000,0,0,0,91000,225000,-134000,-10000,6000,16000,-10000,0,0,0,-48000
059669,台灣50元富9B購05,0,0,0,0,0,0,0,0,0,-49000,0,0,0,1939000,1988000,-49000,-49000
06736P,新日興凱基98售03,0,0,0,0,0,0,0,0,0,-49000,0,0,0,0,49000,-49000,-49000
07221P,臺股指中信9B售04,0,0,0,0,0,0,0,0,0,-49000,0,0,0,14000,63000,-49000,-49000
07057P,大立光康和9B售02,0,0,0,0,0,0,0,0,0,-49000,0,0,0,10000,59000,-49000,-49000
3018,同開            ,41000,90000,-49000,0,0,0,0,0,0,0,0,0,0,0,0,0,-49000
059753,貿聯群益99購06  ,0,0,0,0,0,0,0,0,0,-50000,0,0,0,0,50000,-50000,-50000
059652,台灣50元大99購07,0,0,0,0,0,0,0,0,0,-50000,0,0,0,0,50000,-50000,-50000
059187,國巨富邦9B購02  ,0,0,0,0,0,0,0,0,0,-50000,0,0,0,0,50000,-50000,-50000
05920P,力成元大96售04  ,0,0,0,0,0,0,0,0,0,-50000,0,0,0,0,50000,-50000,-50000
055648,可成元富97購01  ,0,0,0,0,0,0,0,0,0,-50000,0,0,0,111000,161000,-50000,-50000
056535,全新凱基99購02  ,0,0,0,0,0,0,0,0,0,-50000,0,0,0,0,50000,-50000,-50000
056223,華邦電凱基97購04,0,0,0,0,0,0,0,0,0,-50000,0,0,0,0,50000,-50000,-50000
058900,旺宏元大99購11  ,0,0,0,0,0,0,0,0,0,-50000,0,0,0,0,50000,-50000,-50000
056041,禾伸堂凱基98購03,0,0,0,0,0,0,0,0,0,-50000,0,0,0,0,50000,-50000,-50000
052404,臻鼎凱基95購05  ,0,0,0,0,0,0,0,0,0,-50000,0,0,0,0,50000,-50000,-50000
052461,和大統一95購01  ,0,0,0,0,0,0,0,0,0,-50000,0,0,0,0,50000,-50000,-50000
052631,T50反1凱基98購02,0,0,0,0,0,0,0,0,0,-50000,0,0,0,0,50000,-50000,-50000
050420,鴻海凱基95購03  ,0,0,0,0,0,0,0,0,0,-50000,0,0,0,11000,61000,-50000,-50000
050702,崇越凱基94購01  ,0,0,0,0,0,0,0,0,0,-50000,0,0,0,0,50000,-50000,-50000
050719,世紀鋼群益96購01,0,0,0,0,0,0,0,0,0,-50000,0,0,0,0,50000,-50000,-50000
050725,光磊國票96購01  ,0,0,0,0,0,0,0,0,0,-50000,0,0,0,0,50000,-50000,-50000
050102,鴻海富邦95購04  ,0,0,0,0,0,0,0,0,0,-50000,0,0,0,212000,262000,-50000,-50000
053553,聯詠凱基96購03  ,0,0,0,0,0,0,0,0,0,-50000,0,0,0,0,50000,-50000,-50000
053300,大成鋼凱基96購02,0,0,0,0,0,0,0,0,0,-50000,0,0,0,0,50000,-50000,-50000
053244,光磊國票97購01  ,0,0,0,0,0,0,0,0,0,-50000,0,0,0,0,50000,-50000,-50000
054367,鴻海中信98購03  ,0,50000,-50000,0,0,0,0,0,0,0,0,0,0,0,0,0,-50000
052980,上銀元大96購03  ,0,0,0,0,0,0,0,0,0,-50000,0,0,0,0,50000,-50000,-50000
05142P,華新科台新95售01,0,0,0,0,0,0,0,0,0,-50000,0,0,0,1000,51000,-50000,-50000
059418,上証反元大9C購02,0,0,0,0,0,0,0,0,0,-50000,0,0,0,0,50000,-50000,-50000
054930,群電凱基98購01  ,0,0,0,0,0,0,0,0,0,-50000,0,0,0,0,50000,-50000,-50000
054912,群光凱基97購01  ,0,0,0,0,0,0,0,0,0,-50000,0,0,0,5000,55000,-50000,-50000
07160P,台灣50中信03售04,0,0,0,0,0,0,0,0,0,-50000,0,0,0,0,50000,-50000,-50000
059833,緯穎康和99購01  ,0,0,0,0,0,0,0,0,0,-50000,0,0,0,0,50000,-50000,-50000
055557,華新科凱基97購01,0,0,0,0,0,0,0,0,0,-51000,0,0,0,0,51000,-51000,-51000
059159,上銀凱基99購05  ,0,0,0,0,0,0,0,0,0,-51000,0,0,0,34000,85000,-51000,-51000
053340,建準國票97購01  ,0,0,0,0,0,0,0,0,0,-51000,0,0,0,0,51000,-51000,-51000
1537,廣隆            ,11000,32000,-21000,0,0,0,0,0,0,-30000,0,30000,-30000,0,0,0,-51000
6605,帝寶            ,8000,59000,-51000,0,0,0,0,0,0,0,0,0,0,0,0,0,-51000
059731,康控元大99購04  ,0,0,0,0,0,0,0,0,0,-52000,0,0,0,17000,69000,-52000,-52000
057473,T50反1元大98購08,0,0,0,0,0,0,0,0,0,-52000,0,0,0,0,52000,-52000,-52000
056829,台積電富邦9A購01,0,0,0,0,0,0,0,0,0,-52000,0,0,0,160000,212000,-52000,-52000
054738,聯發科凱基97購01,0,0,0,0,0,0,0,0,0,-52000,0,0,0,0,52000,-52000,-52000
059390,華新科凱基99購05,0,0,0,0,0,0,0,0,0,-52000,0,0,0,16000,68000,-52000,-52000
07133P,臺股指元大9A售27,0,0,0,0,0,0,0,0,0,-52000,0,0,0,0,52000,-52000,-52000
05581P,華新科凱基96售07,0,0,0,0,0,0,0,0,0,-53000,0,0,0,387000,440000,-53000,-53000
06851P,鈺齊元大98售01  ,0,0,0,0,0,0,0,0,0,-53000,0,0,0,0,53000,-53000,-53000
06739P,聯詠兆豐98售02  ,0,0,0,0,0,0,0,0,0,-53000,0,0,0,0,53000,-53000,-53000
06662P,玉晶光中信9A售01,0,0,0,0,0,0,0,0,0,-53000,0,0,0,0,53000,-53000,-53000
058691,友訊國票9A購01  ,0,0,0,0,0,0,0,0,0,-53000,0,0,0,0,53000,-53000,-53000
055803,鎧勝永豐97購01  ,0,0,0,0,0,0,0,0,0,-53000,0,0,0,10000,63000,-53000,-53000
059367,台灣50元富01購03,0,0,0,0,0,0,0,0,0,-53000,0,0,0,13000,66000,-53000,-53000
051321,建準國票96購01  ,0,0,0,0,0,0,0,0,0,-53000,0,0,0,0,53000,-53000,-53000
048431,瑞昱國票94購01  ,0,0,0,0,0,0,0,0,0,-53000,0,0,0,0,53000,-53000,-53000
052647,晶技永豐97購01  ,0,0,0,0,0,0,0,0,0,-53000,0,0,0,2000,55000,-53000,-53000
1737,臺鹽            ,17000,70000,-53000,0,0,0,0,0,0,0,0,0,0,0,0,0,-53000
9944,新麗            ,103000,156000,-53000,0,0,0,0,0,0,0,0,0,0,0,0,0,-53000
057189,康控元大98購02  ,0,0,0,0,0,0,0,0,0,-54000,0,0,0,0,54000,-54000,-54000
059034,華通群益9B購02  ,0,0,0,0,0,0,0,0,0,-54000,0,0,0,0,54000,-54000,-54000
05264P,微星元大95售02  ,0,0,0,0,0,0,0,0,0,-54000,0,0,0,147000,201000,-54000,-54000
052066,華邦電兆豐96購01,0,0,0,0,0,0,0,0,0,-54000,0,0,0,86000,140000,-54000,-54000
059563,鴻海凱基9A購14  ,0,0,0,0,0,0,0,0,0,-54000,0,0,0,11000,65000,-54000,-54000
2020,美亞            ,1000,55000,-54000,0,0,0,0,0,0,0,0,0,0,0,0,0,-54000
2059,川湖            ,219000,240000,-21000,0,0,0,0,29000,-29000,-4000,0,4000,-4000,0,0,0,-54000
1532,勤美            ,11000,65000,-54000,0,0,0,0,0,0,0,0,0,0,0,0,0,-54000
07272P,台灣50元大9C售05,0,0,0,0,0,0,0,0,0,-54000,0,0,0,23000,77000,-54000,-54000
06038P,國泰金台新96售01,0,0,0,0,0,0,0,0,0,-55000,0,0,0,0,55000,-55000,-55000
058599,T50反1元大99購05,0,0,0,0,0,0,0,0,0,-55000,0,0,0,45000,100000,-55000,-55000
051483,玉晶光凱基96購02,0,0,0,0,0,0,0,0,0,-55000,0,0,0,45000,100000,-55000,-55000
052575,茂林凱基96購04  ,0,0,0,0,0,0,0,0,0,-55000,0,0,0,40000,95000,-55000,-55000
03047X,元展44          ,0,0,0,0,0,0,0,0,0,-55000,0,0,0,0,55000,-55000,-55000
07173P,臺股指國票99售10,0,0,0,0,0,0,0,0,0,-55000,0,0,0,1000,56000,-55000,-55000
06972P,聯發科元大99售04,0,0,0,0,0,0,0,0,0,-55000,0,0,0,0,55000,-55000,-55000
5234,達興材料        ,105000,158000,-53000,0,0,0,0,0,0,-2000,0,2000,-2000,0,0,0,-55000
2467,志聖            ,53000,105000,-52000,0,0,0,0,0,0,-3000,0,3000,-3000,0,0,0,-55000
06544P,鴻海元大98售09  ,0,0,0,0,0,0,0,0,0,-56000,0,0,0,270000,326000,-56000,-56000
059704,聯發科凱基9A購08,0,0,0,0,0,0,0,0,0,-56000,0,0,0,8000,64000,-56000,-56000
2530,華建            ,1000,57000,-56000,0,0,0,0,0,0,0,0,0,0,0,0,0,-56000
3209,全科            ,33000,89000,-56000,0,0,0,0,0,0,0,0,0,0,0,0,0,-56000
5288,豐祥-KY         ,47000,103000,-56000,0,0,0,0,0,0,0,0,0,0,0,0,0,-56000
059825,嘉晶凱基99購02  ,0,0,0,0,0,0,0,0,0,-56000,0,0,0,0,56000,-56000,-56000
2351,順德            ,135000,168000,-33000,0,0,0,0,20000,-20000,-3000,0,3000,-3000,0,0,0,-56000
06748P,智邦台新98售02  ,0,0,0,0,0,0,0,0,0,-57000,0,0,0,10000,67000,-57000,-57000
020016,統一MSCI美科技N ,0,0,0,0,0,0,0,0,0,-57000,0,0,0,0,57000,-57000,-57000
053489,上銀兆豐97購01  ,0,0,0,0,0,0,0,0,0,-57000,0,0,0,3000,60000,-57000,-57000
07112P,聯發科群益99售05,0,0,0,0,0,0,0,0,0,-57000,0,0,0,0,57000,-57000,-57000
07273P,台灣50群益99售03,0,0,0,0,0,0,0,0,0,-57000,0,0,0,1000,58000,-57000,-57000
07261P,台灣50元大9A售04,0,0,0,0,0,0,0,0,0,-57000,0,0,0,0,57000,-57000,-57000
05423P,聯電亞東95售02  ,0,0,0,0,0,0,0,0,0,-58000,0,0,0,0,58000,-58000,-58000
050892,聯電元大96購02  ,0,0,0,0,0,0,0,0,0,-58000,0,0,0,10000,68000,-58000,-58000
06429P,大立光元大97售15,0,0,0,0,0,0,0,0,0,-58000,0,0,0,0,58000,-58000,-58000
1446,宏和            ,7000,65000,-58000,0,0,0,0,0,0,0,0,0,0,0,0,0,-58000
6269,台郡            ,1232000,1218000,14000,0,0,0,40000,70000,-30000,-42000,29000,52000,-23000,8000,27000,-19000,-58000
3034,聯詠            ,3238807,3169041,69766,0,0,0,0,0,0,-128000,24000,130000,-106000,1000,23000,-22000,-58234
056693,國產群益98購01  ,0,0,0,0,0,0,0,0,0,-59000,0,0,0,99000,158000,-59000,-59000
056656,華邦電元大98購02,0,0,0,0,0,0,0,0,0,-59000,0,0,0,8000,67000,-59000,-59000
057696,聯電群益9A購01  ,0,0,0,0,0,0,0,0,0,-60000,0,0,0,0,60000,-60000,-60000
059688,燿華永豐99購01  ,0,0,0,0,0,0,0,0,0,-60000,0,0,0,0,60000,-60000,-60000
055067,禾聯碩永豐97購01,0,0,0,0,0,0,0,0,0,-60000,0,0,0,0,60000,-60000,-60000
04693P,超眾群益95售01  ,0,0,0,0,0,0,0,0,0,-60000,0,0,0,0,60000,-60000,-60000
050714,深中小群益98購01,0,0,0,0,0,0,0,0,0,-60000,0,0,0,0,60000,-60000,-60000
04380P,欣興元大94售02  ,0,0,0,0,0,0,0,0,0,-60000,0,0,0,0,60000,-60000,-60000
03670C,元油2X元富99牛01,0,0,0,0,0,0,0,0,0,-60000,0,0,0,0,60000,-60000,-60000
052682,上銀元大97購01  ,0,0,0,0,0,0,0,0,0,-60000,0,0,0,11000,71000,-60000,-60000
05546P,全新元大97售01  ,0,0,0,0,0,0,0,0,0,-60000,0,0,0,0,60000,-60000,-60000
054810,中橡元大9A購01  ,0,0,0,0,0,0,0,0,0,-60000,0,0,0,0,60000,-60000,-60000
053093,緯穎元大96購06  ,0,0,0,0,0,0,0,0,0,-60000,0,0,0,20000,80000,-60000,-60000
2887E,台新戊特        ,0,0,0,0,0,0,0,60000,-60000,0,0,0,0,0,0,0,-60000
6214,精誠            ,150000,99000,51000,0,0,0,0,0,0,-111000,0,111000,-111000,0,0,0,-60000
06801P,技嘉群益99售02  ,0,0,0,0,0,0,0,0,0,-61000,0,0,0,0,61000,-61000,-61000
057539,南茂元大98購02  ,0,0,0,0,0,0,0,0,0,-61000,0,0,0,10000,71000,-61000,-61000
050998,訊連元大95購01  ,0,0,0,0,0,0,0,0,0,-61000,0,0,0,0,61000,-61000,-61000
07238P,台灣50國票99售07,0,0,0,0,0,0,0,0,0,-61000,0,0,0,60000,121000,-61000,-61000
05551P,電子類元大96售01,0,0,0,0,0,0,0,0,0,-62000,0,0,0,14000,76000,-62000,-62000
059785,美律元大9A購03  ,0,0,0,0,0,0,0,0,0,-62000,0,0,0,0,62000,-62000,-62000
06550P,健策元大99售01  ,0,0,0,0,0,0,0,0,0,-62000,0,0,0,0,62000,-62000,-62000
04845P,台積電凱基94售33,0,0,0,0,0,0,0,0,0,-62000,0,0,0,15000,77000,-62000,-62000
054747,麗豐凱基98購01  ,0,0,0,0,0,0,0,0,0,-62000,0,0,0,0,62000,-62000,-62000
054731,S&P反1凱基98購01,0,0,0,0,0,0,0,0,0,-62000,0,0,0,0,62000,-62000,-62000
059475,元石油群益99購02,0,0,0,0,0,0,0,0,0,-62000,0,0,0,0,62000,-62000,-62000
1702,南僑            ,50000,112000,-62000,0,0,0,0,0,0,0,0,0,0,0,0,0,-62000
2365,昆盈            ,2000,64000,-62000,0,0,0,0,0,0,0,0,0,0,0,0,0,-62000
054363,世芯凱基97購01  ,0,0,0,0,0,0,0,0,0,-63000,0,0,0,5000,68000,-63000,-63000
1809,中釉            ,31000,94000,-63000,0,0,0,0,0,0,0,0,0,0,0,0,0,-63000
059671,滬深2X元富99購05,0,0,0,0,0,0,0,0,0,-64000,0,0,0,12000,76000,-64000,-64000
055850,聯詠元大97購06  ,0,0,0,0,0,0,0,0,0,-64000,0,0,0,65000,129000,-64000,-64000
058551,義隆永豐99購03  ,0,0,0,0,0,0,0,0,0,-64000,0,0,0,19000,83000,-64000,-64000
00753L,中信中國50正2   ,0,0,0,0,0,0,0,0,0,-64000,0,0,0,87000,151000,-64000,-64000
1604,聲寶            ,35000,99000,-64000,0,0,0,0,0,0,0,0,0,0,0,0,0,-64000
2431,聯昌            ,10000,74000,-64000,0,0,0,0,0,0,0,0,0,0,0,0,0,-64000
3050,鈺德            ,16000,73000,-57000,0,0,0,0,0,0,-7000,0,7000,-7000,0,0,0,-64000
03022X,富展01          ,0,0,0,0,0,0,0,0,0,-65000,0,0,0,0,65000,-65000,-65000
048166,滬深2X永豐96購02,0,0,0,0,0,0,0,0,0,-65000,0,0,0,41000,106000,-65000,-65000
054158,國巨日盛99購01  ,0,0,0,0,0,0,0,0,0,-65000,0,0,0,20000,85000,-65000,-65000
059358,旺宏永豐99購02  ,0,0,0,0,0,0,0,0,0,-65000,0,0,0,3000,68000,-65000,-65000
054846,瑞昱兆豐97購01  ,0,0,0,0,0,0,0,0,0,-65000,0,0,0,0,65000,-65000,-65000
2464,盟立            ,95000,210000,-115000,0,0,0,0,0,0,50000,50000,0,50000,0,0,0,-65000
2106,建大            ,150000,199000,-49000,0,0,0,0,0,0,-16000,0,16000,-16000,0,0,0,-65000
07076P,鴻海凱基9A售08  ,0,0,0,0,0,0,0,0,0,-65000,0,0,0,0,65000,-65000,-65000
059804,台積電元富99購01,0,0,0,0,0,0,0,0,0,-65000,0,0,0,0,65000,-65000,-65000
9940,信義            ,28000,79000,-51000,0,0,0,0,0,0,-14000,0,14000,-14000,0,0,0,-65000
058143,瑞儀元大99購02  ,0,0,0,0,0,0,0,0,0,-66000,0,0,0,41000,107000,-66000,-66000
053502,智伸科兆豐97購01,0,0,0,0,0,0,0,0,0,-66000,0,0,0,0,66000,-66000,-66000
04634P,臺股指群益94售09,0,0,0,0,0,0,0,0,0,-66000,0,0,0,2000,68000,-66000,-66000
050170,臺指反元大97購02,0,0,0,0,0,0,0,0,0,-66000,0,0,0,101000,167000,-66000,-66000
3060,銘異            ,38000,104000,-66000,0,0,0,0,0,0,0,0,0,0,0,0,0,-66000
2617,台航            ,35000,101000,-66000,0,0,0,0,0,0,0,0,0,0,0,0,0,-66000
4564,元翎            ,130000,193000,-63000,0,0,0,0,0,0,-3000,0,0,0,0,3000,-3000,-66000
057299,立積永豐98購02  ,0,0,0,0,0,0,0,0,0,-67000,0,0,0,0,67000,-67000,-67000
058264,瑞昱永豐99購01  ,0,0,0,0,0,0,0,0,0,-67000,0,0,0,85000,152000,-67000,-67000
00654R,富邦印度反1     ,0,0,0,0,0,0,0,0,0,-67000,0,0,0,188000,255000,-67000,-67000
059430,台積電元大99購36,0,0,0,0,0,0,0,0,0,-67000,0,0,0,470000,537000,-67000,-67000
06954P,大立光元富99售01,0,0,0,0,0,0,0,0,0,-67000,0,0,0,7000,74000,-67000,-67000
057920,奇力新凱基98購08,0,0,0,0,0,0,0,0,0,-68000,0,0,0,5000,73000,-68000,-68000
056189,樺漢統一97購02  ,0,0,0,0,0,0,0,0,0,-68000,0,0,0,0,68000,-68000,-68000
03438B,臺股指元大96熊27,0,0,0,0,0,0,0,0,0,-68000,0,0,0,879000,947000,-68000,-68000
050515,聯電元大96購01  ,0,0,0,0,0,0,0,0,0,-68000,0,0,0,0,68000,-68000,-68000
3583,辛耘            ,36000,104000,-68000,0,0,0,0,0,0,0,0,0,0,0,0,0,-68000
059126,臺指反中信9B購01,0,0,0,0,0,0,0,0,0,-69000,0,0,0,13000,82000,-69000,-69000
6155,鈞寶            ,45000,114000,-69000,0,0,0,0,0,0,0,0,0,0,0,0,0,-69000
8497,格威傳媒        ,20000,15000,5000,0,0,0,0,0,0,-74000,0,74000,-74000,0,0,0,-69000
058801,致伸元大99購01  ,0,0,0,0,0,0,0,0,0,-70000,0,0,0,5000,75000,-70000,-70000
057186,群創元大99購04  ,0,0,0,0,0,0,0,0,0,-70000,0,0,0,0,70000,-70000,-70000
04773P,金融類元大94售01,0,0,0,0,0,0,0,0,0,-70000,0,0,0,0,70000,-70000,-70000
049369,義隆元大95購01  ,0,0,0,0,0,0,0,0,0,-70000,0,0,0,0,70000,-70000,-70000
04837P,華新科元大94售05,0,0,0,0,0,0,0,0,0,-70000,0,0,0,0,70000,-70000,-70000
054908,群電康和97購01  ,0,0,0,0,0,0,0,0,0,-70000,0,0,0,0,70000,-70000,-70000
053062,緯穎富邦97購01  ,0,0,0,0,0,0,0,0,0,-70000,0,0,0,13000,83000,-70000,-70000
2401,凌陽            ,165000,222000,-57000,0,0,0,0,0,0,-13000,0,13000,-13000,0,0,0,-70000
07264P,台積電元大99售38,0,0,0,0,0,0,0,0,0,-70000,0,0,0,2463000,2533000,-70000,-70000
1531,高林股          ,30000,100000,-70000,0,0,0,0,0,0,0,0,0,0,0,0,0,-70000
055495,長榮航元大97購01,0,0,0,0,0,0,0,0,0,-71000,0,0,0,0,71000,-71000,-71000
050121,南電元大95購02  ,0,0,0,0,0,0,0,0,0,-71000,0,0,0,57000,128000,-71000,-71000
2476,鉅祥            ,2000,67000,-65000,0,0,0,0,0,0,-6000,0,6000,-6000,0,0,0,-71000
2536,宏普            ,53000,124000,-71000,0,0,0,0,0,0,0,0,0,0,0,0,0,-71000
3047,訊舟            ,167000,239000,-72000,0,0,0,0,0,0,1000,1000,0,1000,0,0,0,-71000
055575,華新科統一98購01,0,0,0,0,0,0,0,0,0,-72000,0,0,0,0,72000,-72000,-72000
06654P,欣興元大98售08  ,0,0,0,0,0,0,0,0,0,-72000,0,0,0,18000,90000,-72000,-72000
06674P,祥碩群益98售02  ,0,0,0,0,0,0,0,0,0,-72000,0,0,0,0,72000,-72000,-72000
047196,上銀統一97購01  ,0,0,0,0,0,0,0,0,0,-72000,0,0,0,0,72000,-72000,-72000
3419,譁裕            ,26000,98000,-72000,0,0,0,0,0,0,0,0,0,0,0,0,0,-72000
8422,可寧衛          ,26000,80000,-54000,0,0,0,0,0,0,-18000,3000,21000,-18000,0,0,0,-72000
3712,永崴投控        ,49000,121000,-72000,0,0,0,0,0,0,0,0,0,0,0,0,0,-72000
1439,中和            ,56000,128000,-72000,0,0,0,0,0,0,0,0,0,0,0,0,0,-72000
1760,寶齡富錦        ,125000,197000,-72000,0,0,0,0,0,0,0,0,0,0,0,0,0,-72000
07233P,台灣50元大99售04,0,0,0,0,0,0,0,0,0,-72000,0,0,0,251000,323000,-72000,-72000
059173,矽力凱基99購01  ,0,0,0,0,0,0,0,0,0,-73000,0,0,0,0,73000,-73000,-73000
057609,友訊元富98購01  ,0,0,0,0,0,0,0,0,0,-73000,0,0,0,10000,83000,-73000,-73000
056639,國產康和98購01  ,0,0,0,0,0,0,0,0,0,-73000,0,0,0,0,73000,-73000,-73000
2605,新興            ,145000,237000,-92000,0,0,0,0,0,0,19000,20000,0,20000,0,1000,-1000,-73000
2493,揚博            ,4000,77000,-73000,0,0,0,0,0,0,0,0,0,0,0,0,0,-73000
056352,鴻海元大99購01  ,0,0,0,0,0,0,0,0,0,-74000,0,0,0,31000,105000,-74000,-74000
055710,亞德客元大97購03,0,0,0,0,0,0,0,0,0,-74000,0,0,0,0,74000,-74000,-74000
06763P,技嘉元大98售05  ,0,0,0,0,0,0,0,0,0,-74000,0,0,0,213000,287000,-74000,-74000
048533,景碩國票94購01  ,0,0,0,0,0,0,0,0,0,-74000,0,0,0,6000,80000,-74000,-74000
4725,信昌化          ,69000,143000,-74000,0,0,0,0,0,0,0,0,0,0,0,0,0,-74000
2208,台船            ,91000,165000,-74000,0,0,0,0,0,0,0,0,0,0,0,0,0,-74000
056477,欣興元大98購02  ,0,0,0,0,0,0,0,0,0,-75000,0,0,0,25000,100000,-75000,-75000
04126P,滬深2X國票95售02,0,0,0,0,0,0,0,0,0,-75000,0,0,0,10000,85000,-75000,-75000
059516,TPK永豐99購01   ,0,0,0,0,0,0,0,0,0,-75000,0,0,0,30000,105000,-75000,-75000
07235P,T50正2元大9C售02,0,0,0,0,0,0,0,0,0,-75000,0,0,0,18000,93000,-75000,-75000
4536,拓凱            ,31000,85000,-54000,0,0,0,0,21000,-21000,0,0,0,0,0,0,0,-75000
3661,世芯-KY         ,645000,840000,-195000,0,0,0,150000,0,150000,-30000,0,15000,-15000,1000,16000,-15000,-75000
6205,詮欣            ,0,75000,-75000,0,0,0,0,0,0,0,0,0,0,0,0,0,-75000
2820,華票            ,199000,217000,-18000,0,0,0,0,0,0,-57000,0,57000,-57000,0,0,0,-75000
05434P,世紀鋼元富95售02,0,0,0,0,0,0,0,0,0,-76000,0,0,0,6000,82000,-76000,-76000
04712P,國泰金元大94售01,0,0,0,0,0,0,0,0,0,-76000,0,0,0,0,76000,-76000,-76000
03648C,T50反1元大96牛07,0,0,0,0,0,0,0,0,0,-76000,0,0,0,0,76000,-76000,-76000
3028,增你強          ,13000,89000,-76000,0,0,0,0,0,0,0,0,0,0,0,0,0,-76000
3607,谷崧            ,24000,100000,-76000,0,0,0,0,0,0,0,0,0,0,0,0,0,-76000
058986,華新科凱基9A購03,0,0,0,0,0,0,0,0,0,-77000,0,0,0,0,77000,-77000,-77000
055798,聯茂富邦98購01  ,0,0,0,0,0,0,0,0,0,-77000,0,0,0,0,77000,-77000,-77000
03416B,臺股指凱基95熊05,0,0,0,0,0,0,0,0,0,-77000,0,0,0,5000,82000,-77000,-77000
00763U,街口道瓊銅      ,0,0,0,0,0,0,0,0,0,-77000,0,0,0,10000,87000,-77000,-77000
06904P,TPK凱基98售03   ,0,0,0,0,0,0,0,0,0,-77000,0,0,0,0,77000,-77000,-77000
06234P,亞德客元大97售02,0,0,0,0,0,0,0,0,0,-78000,0,0,0,0,78000,-78000,-78000
053889,致茂群益97購01  ,0,0,0,0,0,0,0,0,0,-78000,0,0,0,20000,98000,-78000,-78000
07318P,鴻海凱基01售02  ,0,0,0,0,0,0,0,0,0,-78000,0,0,0,10000,88000,-78000,-78000
6177,達麗            ,25000,103000,-78000,0,0,0,0,0,0,0,0,0,0,0,0,0,-78000
053149,京元電元大96購02,0,0,0,0,0,0,0,0,0,-79000,0,0,0,1000,80000,-79000,-79000
2539,櫻花建          ,14000,23000,-9000,0,0,0,0,0,0,-70000,12000,0,12000,0,82000,-82000,-79000
06868P,電子類元大99售01,0,0,0,0,0,0,0,0,0,-80000,0,0,0,0,80000,-80000,-80000
059611,台積電永豐99購05,0,0,0,0,0,0,0,0,0,-80000,0,0,0,0,80000,-80000,-80000
055779,國泰金凱基97購02,0,0,0,0,0,0,0,0,0,-80000,0,0,0,0,80000,-80000,-80000
055720,宏達電元大97購05,0,0,0,0,0,0,0,0,0,-80000,0,0,0,20000,100000,-80000,-80000
058679,可成日盛99購01  ,0,0,0,0,0,0,0,0,0,-80000,0,0,0,0,80000,-80000,-80000
058127,FBVIX元大9C購01 ,0,0,0,0,0,0,0,0,0,-80000,0,0,0,0,80000,-80000,-80000
058240,景碩元大99購04  ,0,0,0,0,0,0,0,0,0,-80000,0,0,0,0,80000,-80000,-80000
051799,台積電永豐96購01,0,0,0,0,0,0,0,0,0,-80000,0,0,0,20000,100000,-80000,-80000
8261,富鼎            ,25000,105000,-80000,0,0,0,0,0,0,0,0,0,0,0,0,0,-80000
057972,群創富邦9C購01  ,0,0,0,0,0,0,0,0,0,-81000,0,0,0,0,81000,-81000,-81000
06864P,健策凱基98售01  ,0,0,0,0,0,0,0,0,0,-81000,0,0,0,0,81000,-81000,-81000
1449,佳和            ,20000,101000,-81000,0,0,0,0,0,0,0,0,0,0,0,0,0,-81000
1512,瑞利            ,0,81000,-81000,0,0,0,0,0,0,0,0,0,0,0,0,0,-81000
9958,世紀鋼          ,787000,768000,19000,0,0,0,80000,0,80000,-180000,5000,118000,-113000,13000,80000,-67000,-81000
03439B,臺股指元大99熊29,0,0,0,0,0,0,0,0,0,-82000,0,0,0,0,82000,-82000,-82000
06885P,國巨國票99售06  ,0,0,0,0,0,0,0,0,0,-82000,0,0,0,16000,98000,-82000,-82000
06668P,祥碩凱基98售02  ,0,0,0,0,0,0,0,0,0,-83000,0,0,0,26000,109000,-83000,-83000
055263,華新科富邦9A購01,0,83000,-83000,0,0,0,0,0,0,0,0,0,0,0,0,0,-83000
057547,技嘉凱基99購01  ,0,0,0,0,0,0,0,0,0,-83000,0,0,0,0,83000,-83000,-83000
050320,台表科國票94購01,0,0,0,0,0,0,0,0,0,-83000,0,0,0,0,83000,-83000,-83000
05300P,健策元大95售02  ,0,0,0,0,0,0,0,0,0,-83000,0,0,0,63000,146000,-83000,-83000
1723,中碳            ,73000,139000,-66000,0,0,0,0,0,0,-17000,2000,19000,-17000,0,0,0,-83000
6192,巨路            ,44000,127000,-83000,0,0,0,0,0,0,0,0,0,0,0,0,0,-83000
6504,南六            ,34000,127000,-93000,0,0,0,0,0,0,10000,10000,0,10000,0,0,0,-83000
2354,鴻準            ,1452644,1423276,29368,0,0,0,0,0,0,-113000,4000,125000,-121000,8000,0,8000,-83632
056083,億光統一97購03  ,0,0,0,0,0,0,0,0,0,-84000,0,0,0,0,84000,-84000,-84000
056211,南港國票98購01  ,0,0,0,0,0,0,0,0,0,-84000,0,0,0,188000,272000,-84000,-84000
05999P,世芯元大96售01  ,0,0,0,0,0,0,0,0,0,-84000,0,0,0,0,84000,-84000,-84000
051722,玉晶光永豐97購01,15000,4000,11000,0,0,0,0,0,0,-95000,0,0,0,188000,283000,-95000,-84000
051413,富邦金國票96購02,0,0,0,0,0,0,0,0,0,-84000,0,0,0,5000,89000,-84000,-84000
03799P,京元電元大94售01,0,0,0,0,0,0,0,0,0,-84000,0,0,0,1000,85000,-84000,-84000
04974P,聯發科凱基96售02,0,0,0,0,0,0,0,0,0,-84000,0,0,0,165000,249000,-84000,-84000
6592,和潤企業        ,149000,223000,-74000,0,0,0,0,0,0,-10000,0,10000,-10000,0,0,0,-84000
06845P,億光元大98售02  ,0,0,0,0,0,0,0,0,0,-85000,0,0,0,0,85000,-85000,-85000
4960,誠美材          ,0,85000,-85000,0,0,0,0,0,0,0,0,0,0,0,0,0,-85000
07315P,台積電台新99售06,0,0,0,0,0,0,0,0,0,-85000,0,0,0,230000,315000,-85000,-85000
1316,上曜            ,42000,127000,-85000,0,0,0,0,0,0,0,0,0,0,0,0,0,-85000
056578,智易元大99購02  ,0,0,0,0,0,0,0,0,0,-86000,0,0,0,27000,113000,-86000,-86000
058492,華通群益9B購01  ,0,0,0,0,0,0,0,0,0,-86000,0,0,0,22000,108000,-86000,-86000
053773,上銀元大96購04  ,0,0,0,0,0,0,0,0,0,-86000,0,0,0,0,86000,-86000,-86000
4943,康控-KY         ,521000,578000,-57000,0,0,0,0,3000,-3000,-26000,8000,3000,5000,13000,44000,-31000,-86000
6183,關貿            ,10000,96000,-86000,0,0,0,0,0,0,0,0,0,0,0,0,0,-86000
057206,立積元富98購01  ,0,0,0,0,0,0,0,0,0,-87000,0,0,0,48000,135000,-87000,-87000
3530,晶相光          ,255000,339000,-84000,0,0,0,0,0,0,-3000,0,0,0,0,3000,-3000,-87000
2472,立隆電          ,26000,110000,-84000,0,0,0,0,0,0,-3000,12000,15000,-3000,0,0,0,-87000
059008,鈺齊元大99購03  ,0,0,0,0,0,0,0,0,0,-88000,0,0,0,0,88000,-88000,-88000
05246P,南電元大95售04  ,0,0,0,0,0,0,0,0,0,-88000,0,0,0,6000,94000,-88000,-88000
048633,台達電元大94購02,0,0,0,0,0,0,0,0,0,-88000,0,0,0,252000,340000,-88000,-88000
3704,合勤控          ,387000,475000,-88000,0,0,0,0,0,0,-1000,1000,0,1000,0,2000,-2000,-89000
6189,豐藝            ,21000,110000,-89000,0,0,0,0,0,0,0,0,0,0,0,0,0,-89000
8463,潤泰材          ,40000,129000,-89000,0,0,0,0,0,0,0,0,0,0,0,0,0,-89000
1611,中電            ,55000,144000,-89000,0,0,0,0,0,0,0,0,0,0,0,0,0,-89000
059044,聯電日盛99購02  ,0,0,0,0,0,0,0,0,0,-90000,0,0,0,20000,110000,-90000,-90000
00652,富邦印度        ,6000,1000,5000,0,0,0,0,0,0,-95000,0,0,0,89000,184000,-95000,-90000
055377,揚明光元大98購01,0,0,0,0,0,0,0,0,0,-90000,0,0,0,10000,100000,-90000,-90000
054347,上緯控國票96購02,0,0,0,0,0,0,0,0,0,-90000,0,0,0,0,90000,-90000,-90000
054271,中石化中信99購01,0,0,0,0,0,0,0,0,0,-90000,0,0,0,0,90000,-90000,-90000
6165,捷泰            ,13000,103000,-90000,0,0,0,0,0,0,0,0,0,0,0,0,0,-90000
3705,永信            ,74000,164000,-90000,0,0,0,0,0,0,0,0,0,0,0,0,0,-90000
6669,緯穎            ,426026,487105,-61079,0,0,0,2000,0,2000,-31000,4000,22000,-18000,3000,16000,-13000,-90079
050384,嘉澤國票94購02  ,0,0,0,0,0,0,0,0,0,-91000,0,0,0,0,91000,-91000,-91000
6112,聚碩            ,46000,137000,-91000,0,0,0,0,0,0,0,0,0,0,0,0,0,-91000
2426,鼎元            ,142000,228000,-86000,0,0,0,0,0,0,-5000,1000,6000,-5000,0,0,0,-91000
057507,貿聯國票98購02  ,0,0,0,0,0,0,0,0,0,-92000,0,0,0,18000,110000,-92000,-92000
06867P,訊芯元大98售08  ,0,0,0,0,0,0,0,0,0,-92000,0,0,0,0,92000,-92000,-92000
057137,鈺齊凱基98購01  ,0,0,0,0,0,0,0,0,0,-92000,0,0,0,0,92000,-92000,-92000
059265,美律中信01購01  ,0,0,0,0,0,0,0,0,0,-93000,0,0,0,0,93000,-93000,-93000
05004P,健策統一95售01  ,0,0,0,0,0,0,0,0,0,-93000,0,0,0,0,93000,-93000,-93000
00650L,FH香港正2       ,0,0,0,0,0,0,0,0,0,-93000,0,0,0,56000,149000,-93000,-93000
052052,嘉澤凱基95購02  ,0,0,0,0,0,0,0,0,0,-93000,0,0,0,80000,173000,-93000,-93000
06891P,緯穎富邦99售03  ,0,0,0,0,0,0,0,0,0,-93000,0,0,0,0,93000,-93000,-93000
057820,華擎元大98購02  ,0,0,0,0,0,0,0,0,0,-94000,0,0,0,10000,104000,-94000,-94000
058944,元石油群益9C購02,0,0,0,0,0,0,0,0,0,-94000,0,0,0,39000,133000,-94000,-94000
07329P,台灣50群益9A售07,0,0,0,0,0,0,0,0,0,-94000,0,0,0,0,94000,-94000,-94000
3094,聯傑            ,24000,118000,-94000,0,0,0,0,0,0,0,0,0,0,0,0,0,-94000
05947P,大成鋼元大96售03,0,0,0,0,0,0,0,0,0,-95000,0,0,0,0,95000,-95000,-95000
047420,全新富邦97購01  ,0,0,0,0,0,0,0,0,0,-95000,0,0,0,0,95000,-95000,-95000
6414,樺漢            ,75000,17000,58000,0,0,0,0,192000,-192000,39000,43000,5000,38000,1000,0,1000,-95000
1522,堤維西          ,73000,168000,-95000,0,0,0,0,0,0,0,0,0,0,0,0,0,-95000
06971P,台光電元大99售03,0,0,0,0,0,0,0,0,0,-95000,0,0,0,0,95000,-95000,-95000
1315,達新            ,20000,115000,-95000,0,0,0,0,0,0,0,0,0,0,0,0,0,-95000
053710,華通凱基96購05  ,0,0,0,0,0,0,0,0,0,-96000,0,0,0,50000,146000,-96000,-96000
3010,華立            ,54000,139000,-85000,0,0,0,0,0,0,-11000,1000,12000,-11000,0,0,0,-96000
2707,晶華            ,48000,93000,-45000,0,0,0,0,0,0,-51000,0,51000,-51000,0,0,0,-96000
059536,新光金凱基99購05,0,0,0,0,0,0,0,0,0,-97000,0,0,0,42000,139000,-97000,-97000
040761,T50反1凱基95購02,0,0,0,0,0,0,0,0,0,-97000,0,0,0,0,97000,-97000,-97000
6591,動力-KY         ,87000,184000,-97000,0,0,0,0,0,0,0,0,0,0,0,0,0,-97000
055652,聯詠元富01購01  ,0,0,0,0,0,0,0,0,0,-98000,0,0,0,0,98000,-98000,-98000
055653,聯詠元富01購02  ,0,0,0,0,0,0,0,0,0,-98000,0,0,0,0,98000,-98000,-98000
059629,友達凱基99購06  ,0,0,0,0,0,0,0,0,0,-98000,0,0,0,8000,106000,-98000,-98000
042315,T50反1台新96購01,0,0,0,0,0,0,0,0,0,-98000,0,0,0,0,98000,-98000,-98000
050542,宏碁凱基95購01  ,0,0,0,0,0,0,0,0,0,-99000,0,0,0,0,99000,-99000,-99000
04794P,友達元大96售03  ,0,0,0,0,0,0,0,0,0,-99000,0,0,0,139000,238000,-99000,-99000
056615,燿華永豐98購02  ,0,0,0,0,0,0,0,0,0,-99000,0,0,0,0,99000,-99000,-99000
053782,京元電元大98購02,0,0,0,0,0,0,0,0,0,-99000,0,0,0,241000,340000,-99000,-99000
055733,奇力新元富97購01,0,0,0,0,0,0,0,0,0,-100000,0,0,0,0,100000,-100000,-100000
057065,牧德富邦99購01  ,0,0,0,0,0,0,0,0,0,-100000,0,0,0,0,100000,-100000,-100000
055496,高鐵元大97購02  ,0,0,0,0,0,0,0,0,0,-100000,0,0,0,0,100000,-100000,-100000
057770,亞德客群益98購01,0,0,0,0,0,0,0,0,0,-100000,0,0,0,100000,200000,-100000,-100000
054868,國泰金群益9A購01,0,0,0,0,0,0,0,0,0,-100000,0,0,0,30000,130000,-100000,-100000
051605,奇力新群益95購02,0,0,0,0,0,0,0,0,0,-100000,0,0,0,0,100000,-100000,-100000
051987,廣達元大95購01  ,0,0,0,0,0,0,0,0,0,-100000,0,0,0,0,100000,-100000,-100000
053361,友達元富99購01  ,0,0,0,0,0,0,0,0,0,-100000,0,0,0,0,100000,-100000,-100000
053198,亞德客日盛96購01,0,0,0,0,0,0,0,0,0,-100000,0,0,0,13000,113000,-100000,-100000
048350,世紀鋼元大95購01,0,0,0,0,0,0,0,0,0,-100000,0,0,0,103000,203000,-100000,-100000
049811,聯鈞元大94購01  ,0,0,0,0,0,0,0,0,0,-100000,0,0,0,0,100000,-100000,-100000
04578P,微星富邦96售01  ,0,0,0,0,0,0,0,0,0,-100000,0,0,0,0,100000,-100000,-100000
03075X,元展70          ,0,0,0,0,0,0,0,0,0,-100000,0,0,0,0,100000,-100000,-100000
4106,雃博            ,81000,181000,-100000,0,0,0,0,0,0,0,0,0,0,0,0,0,-100000
07234P,台灣50元大9B售04,0,0,0,0,0,0,0,0,0,-100000,0,0,0,0,100000,-100000,-100000
07339P,滬深2X凱基9A售03,0,0,0,0,0,0,0,0,0,-100000,0,0,0,0,100000,-100000,-100000
058795,可成元大99購03  ,0,0,0,0,0,0,0,0,0,-101000,0,0,0,31000,132000,-101000,-101000
06852P,臺股指元大98售11,0,0,0,0,0,0,0,0,0,-101000,0,0,0,99000,200000,-101000,-101000
06680P,智邦元大98售06  ,0,0,0,0,0,0,0,0,0,-102000,0,0,0,86000,188000,-102000,-102000
058526,鈺齊元大99購02  ,0,0,0,0,0,0,0,0,0,-102000,0,0,0,0,102000,-102000,-102000
059460,GIS永豐99購02   ,0,0,0,0,0,0,0,0,0,-102000,0,0,0,0,102000,-102000,-102000
07290P,台灣50凱基9A售08,0,0,0,0,0,0,0,0,0,-102000,0,0,0,4000,106000,-102000,-102000
1906,寶隆            ,18000,120000,-102000,0,0,0,0,0,0,0,0,0,0,0,0,0,-102000
05994P,奇鋐元大96售02  ,0,0,0,0,0,0,0,0,0,-103000,0,0,0,62000,165000,-103000,-103000
059567,台積電凱基9A購12,0,0,0,0,0,0,0,0,0,-103000,0,0,0,50000,153000,-103000,-103000
03425B,臺股指元大9A熊01,0,0,0,0,0,0,0,0,0,-103000,0,0,0,0,103000,-103000,-103000
2227,裕日車          ,15000,75000,-60000,0,0,0,1250,0,1250,-45000,1000,46000,-45000,0,0,0,-103750
05851P,力山群益97售01  ,0,0,0,0,0,0,0,0,0,-104000,0,0,0,0,104000,-104000,-104000
056549,嘉聯益凱基98購04,0,0,0,0,0,0,0,0,0,-104000,0,0,0,0,104000,-104000,-104000
056368,祥碩元大98購02  ,0,0,0,0,0,0,0,0,0,-104000,0,0,0,0,104000,-104000,-104000
4190,佐登-KY         ,117000,169000,-52000,0,0,0,0,50000,-50000,-2000,3000,5000,-2000,0,0,0,-104000
057325,可成群益9A購01  ,0,0,0,0,0,0,0,0,0,-105000,0,0,0,0,105000,-105000,-105000
05711P,茂林國票97售03  ,0,0,0,0,0,0,0,0,0,-105000,0,0,0,0,105000,-105000,-105000
06618P,智邦元大98售04  ,0,0,0,0,0,0,0,0,0,-106000,0,0,0,11000,117000,-106000,-106000
059709,上証2X元大9C購01,0,0,0,0,0,0,0,0,0,-106000,0,0,0,0,106000,-106000,-106000
059036,可成群益9B購03  ,0,0,0,0,0,0,0,0,0,-106000,0,0,0,0,106000,-106000,-106000
9946,三發地產        ,186000,296000,-110000,0,0,0,0,0,0,4000,4000,0,4000,0,0,0,-106000
058910,泰鼎元大99購03  ,30000,0,30000,0,0,0,0,0,0,-137000,0,0,0,86000,223000,-137000,-107000
04977P,力成凱基96售01  ,0,0,0,0,0,0,0,0,0,-107000,0,0,0,0,107000,-107000,-107000
053987,宏碁亞東96購01  ,0,0,0,0,0,0,0,0,0,-107000,0,0,0,0,107000,-107000,-107000
059417,上証反元大9C購01,0,0,0,0,0,0,0,0,0,-107000,0,0,0,0,107000,-107000,-107000
2206,三陽工業        ,105000,212000,-107000,0,0,0,0,0,0,0,0,0,0,0,0,0,-107000
07172P,臺股指國票99售09,0,0,0,0,0,0,0,0,0,-107000,0,0,0,8000,115000,-107000,-107000
6239,力成            ,4223266,4356053,-132787,0,0,0,226000,0,226000,-201000,21000,222000,-201000,6000,6000,0,-107787
058142,瑞儀元大99購01  ,0,0,0,0,0,0,0,0,0,-108000,0,0,0,14000,122000,-108000,-108000
055248,可成統一97購02  ,0,0,0,0,0,0,0,0,0,-108000,0,0,0,10000,118000,-108000,-108000
2457,飛宏            ,108000,216000,-108000,0,0,0,0,0,0,0,0,0,0,0,0,0,-108000
059685,T50正2永豐99購02,0,0,0,0,0,0,0,0,0,-109000,0,0,0,10000,119000,-109000,-109000
059416,T50反1元大99購08,0,0,0,0,0,0,0,0,0,-109000,0,0,0,40000,149000,-109000,-109000
2436,偉詮電          ,214000,320000,-106000,0,0,0,0,0,0,-3000,0,3000,-3000,0,0,0,-109000
4919,新唐            ,169000,282000,-113000,0,0,0,0,0,0,4000,0,0,0,5000,1000,4000,-109000
059149,臺股指國票99購12,0,0,0,0,0,0,0,0,0,-110000,0,0,0,23000,133000,-110000,-110000
2484,希華            ,54000,152000,-98000,0,0,0,0,0,0,-12000,0,12000,-12000,0,0,0,-110000
2417,圓剛            ,286000,398000,-112000,0,0,0,0,0,0,0,0,0,0,0,0,0,-112000
07330P,台灣50群益9A售08,0,0,0,0,0,0,0,0,0,-112000,0,0,0,0,112000,-112000,-112000
04776P,聯發科凱基94售06,0,0,0,0,0,0,0,0,0,-113000,0,0,0,140000,253000,-113000,-113000
3062,建漢            ,157000,271000,-114000,0,0,0,0,0,0,1000,1000,0,1000,0,0,0,-113000
5203,訊連            ,44000,156000,-112000,0,0,0,0,0,0,-1000,0,0,0,0,1000,-1000,-113000
9934,成霖            ,67000,180000,-113000,0,0,0,0,0,0,0,0,0,0,0,0,0,-113000
9911,櫻花            ,182000,290000,-108000,0,0,0,0,5000,-5000,0,0,0,0,0,0,0,-113000
059782,A50正2元大9C購04,0,0,0,0,0,0,0,0,0,-114000,0,0,0,0,114000,-114000,-114000
04839P,大立光元大94售17,0,0,0,0,0,0,0,0,0,-114000,0,0,0,94000,208000,-114000,-114000
04636P,臺股指群益94售11,0,0,0,0,0,0,0,0,0,-114000,0,0,0,10000,124000,-114000,-114000
1457,宜進            ,0,114000,-114000,0,0,0,0,0,0,0,0,0,0,0,0,0,-114000
053318,全新群益99購01  ,0,0,0,0,0,0,0,0,0,-115000,0,0,0,0,115000,-115000,-115000
4956,光鋐            ,33000,148000,-115000,0,0,0,0,0,0,0,0,0,0,0,0,0,-115000
9925,新保            ,17000,50000,-33000,0,0,0,0,0,0,-84000,0,84000,-84000,0,0,0,-117000
9938,百和            ,511000,603000,-92000,0,0,0,0,0,0,-25000,6000,12000,-6000,9000,28000,-19000,-117000
06779P,智邦元大98售12  ,0,0,0,0,0,0,0,0,0,-119000,0,0,0,55000,174000,-119000,-119000
9927,泰銘            ,1000,117000,-116000,0,0,0,0,0,0,-3000,0,3000,-3000,0,0,0,-119000
4916,事欣科          ,25000,144000,-119000,0,0,0,0,0,0,0,0,0,0,0,0,0,-119000
06552P,茂林元大99售02  ,0,0,0,0,0,0,0,0,0,-120000,0,0,0,6000,126000,-120000,-120000
059649,矽力凱基99購02  ,0,0,0,0,0,0,0,0,0,-120000,0,0,0,22000,142000,-120000,-120000
057746,同欣電永豐98購02,0,0,0,0,0,0,0,0,0,-120000,0,0,0,0,120000,-120000,-120000
058996,台達電元大99購02,0,0,0,0,0,0,0,0,0,-120000,0,0,0,174000,294000,-120000,-120000
053385,聯詠元大96購02  ,0,0,0,0,0,0,0,0,0,-120000,0,0,0,0,120000,-120000,-120000
1905,華紙            ,109000,230000,-121000,0,0,0,0,0,0,0,0,0,0,0,0,0,-121000
6224,聚鼎            ,29000,60000,-31000,0,0,0,0,0,0,-91000,0,91000,-91000,0,0,0,-122000
051390,京元電兆豐95購01,0,0,0,0,0,0,0,0,0,-123000,0,0,0,187000,310000,-123000,-123000
03414B,臺股指凱基99熊01,0,0,0,0,0,0,0,0,0,-123000,0,0,0,54000,177000,-123000,-123000
2428,興勤            ,68000,189000,-121000,0,0,0,0,0,0,-2000,0,3000,-3000,3000,2000,1000,-123000
2514,龍邦            ,2000,136000,-134000,0,0,0,0,0,0,11000,11000,0,11000,0,0,0,-123000
1527,鑽全            ,41000,164000,-123000,0,0,0,0,0,0,0,0,0,0,0,0,0,-123000
1722,台肥            ,680000,795000,-115000,0,0,0,0,0,0,-9000,12000,21000,-9000,0,0,0,-124000
07256P,臺股指凱基99售36,0,0,0,0,0,0,0,0,0,-124000,0,0,0,110000,234000,-124000,-124000
6525,捷敏-KY         ,50000,174000,-124000,0,0,0,0,0,0,0,0,0,0,0,0,0,-124000
059168,奇力新凱基99購05,0,0,0,0,0,0,0,0,0,-125000,0,0,0,5000,130000,-125000,-125000
1710,東聯            ,726000,150000,576000,0,0,0,0,0,0,-701000,0,701000,-701000,0,0,0,-125000
4133,亞諾法          ,211000,337000,-126000,0,0,0,0,0,0,0,0,0,0,0,0,0,-126000
6668,中揚光          ,168000,295000,-127000,0,0,0,0,0,0,0,1000,1000,0,0,0,0,-127000
058896,中環元大99購03  ,0,0,0,0,0,0,0,0,0,-128000,0,0,0,21000,149000,-128000,-128000
051249,潤泰全元大95購01,0,0,0,0,0,0,0,0,0,-128000,0,0,0,8000,136000,-128000,-128000
1339,昭輝            ,104000,231000,-127000,0,0,0,0,0,0,-2000,0,2000,-2000,0,0,0,-129000
05807P,泰鼎永豐96售03  ,0,10000,-10000,0,0,0,0,0,0,-120000,0,0,0,3000,123000,-120000,-130000
050922,南亞科凱基95購02,0,0,0,0,0,0,0,0,0,-130000,0,0,0,0,130000,-130000,-130000
1409,新纖            ,339000,433000,-94000,0,0,0,0,0,0,-36000,0,36000,-36000,0,0,0,-130000
2015,豐興            ,446000,492000,-46000,0,0,0,0,0,0,-84000,0,84000,-84000,0,0,0,-130000
2329,華泰            ,438000,556000,-118000,0,0,0,0,1000,-1000,-11000,0,10000,-10000,0,1000,-1000,-130000
06448P,華通元大99售01  ,0,0,0,0,0,0,0,0,0,-131000,0,0,0,0,131000,-131000,-131000
052893,聯電群益98購01  ,0,0,0,0,0,0,0,0,0,-131000,0,0,0,98000,229000,-131000,-131000
07161P,臺股指群益99售12,0,0,0,0,0,0,0,0,0,-131000,0,0,0,16000,147000,-131000,-131000
05591P,義隆群益96售03  ,0,0,0,0,0,0,0,0,0,-132000,0,0,0,0,132000,-132000,-132000
058149,百和元大99購02  ,0,0,0,0,0,0,0,0,0,-132000,0,0,0,0,132000,-132000,-132000
05452P,亞德客群益95售02,0,0,0,0,0,0,0,0,0,-132000,0,0,0,0,132000,-132000,-132000
2903,遠百            ,301000,299000,2000,0,0,0,0,0,0,-134000,0,134000,-134000,0,0,0,-132000
058231,技嘉元大99購02  ,0,0,0,0,0,0,0,0,0,-133000,0,0,0,0,133000,-133000,-133000
058932,FBVIX台新99購01 ,0,0,0,0,0,0,0,0,0,-133000,0,0,0,4000,137000,-133000,-133000
6139,亞翔            ,50000,179000,-129000,0,0,0,0,1000,-1000,-3000,0,3000,-3000,0,0,0,-133000
3703,欣陸            ,220000,353000,-133000,0,0,0,0,0,0,0,0,0,0,0,0,0,-133000
4942,嘉彰            ,146000,278000,-132000,0,0,0,0,1000,-1000,0,0,0,0,0,0,0,-133000
2637,慧洋-KY         ,315000,438000,-123000,0,0,0,0,0,0,-10001,0,10000,-10000,0,1,-1,-133001
058663,瑞儀兆豐9A購01  ,0,0,0,0,0,0,0,0,0,-134000,0,0,0,105000,239000,-134000,-134000
00692,富邦公司治理    ,3000,0,3000,0,0,0,0,0,0,-137000,0,0,0,1935000,2072000,-137000,-134000
4426,利勤            ,264000,398000,-134000,0,0,0,0,0,0,0,0,0,0,0,0,0,-134000
059340,鴻海凱基9A購12  ,0,0,0,0,0,0,0,0,0,-135000,0,0,0,20000,155000,-135000,-135000
059127,國巨中信99購04  ,0,0,0,0,0,0,0,0,0,-135000,0,0,0,87000,222000,-135000,-135000
3518,柏騰            ,42000,177000,-135000,0,0,0,0,0,0,0,0,0,0,0,0,0,-135000
07162P,臺股指群益99售13,0,0,0,0,0,0,0,0,0,-135000,0,0,0,111000,246000,-135000,-135000
053383,京元電元大97購01,10000,0,10000,0,0,0,0,0,0,-146000,0,0,0,75000,221000,-146000,-136000
2359,所羅門          ,15000,151000,-136000,0,0,0,0,0,0,0,0,0,0,0,0,0,-136000
07283P,華新科凱基99售07,0,0,0,0,0,0,0,0,0,-137000,0,0,0,521000,658000,-137000,-137000
057001,華邦電國票99購02,0,0,0,0,0,0,0,0,0,-138000,0,0,0,0,138000,-138000,-138000
6209,今國光          ,125000,264000,-139000,0,0,0,0,0,0,1000,1000,0,1000,0,0,0,-138000
058270,上緯控永豐99購01,0,0,0,0,0,0,0,0,0,-140000,0,0,0,0,140000,-140000,-140000
059093,旭富元大99購01  ,0,0,0,0,0,0,0,0,0,-140000,0,0,0,0,140000,-140000,-140000
3312,弘憶股          ,90000,230000,-140000,0,0,0,0,0,0,0,0,0,0,0,0,0,-140000
055387,世紀鋼元大97購01,0,0,0,0,0,0,0,0,0,-141000,0,0,0,258000,399000,-141000,-141000
6206,飛捷            ,28000,167000,-139000,0,0,0,0,0,0,-2000,0,2000,-2000,0,0,0,-141000
3645,達邁            ,87000,225000,-138000,0,0,0,0,0,0,-3000,0,3000,-3000,0,0,0,-141000
059404,鴻海台新99購03  ,0,0,0,0,0,0,0,0,0,-142000,0,0,0,46000,188000,-142000,-142000
1465,偉全            ,0,142000,-142000,0,0,0,0,0,0,0,0,0,0,0,0,0,-142000
05817P,可成凱基96售07  ,0,0,0,0,0,0,0,0,0,-143000,0,0,0,17000,160000,-143000,-143000
4414,如興            ,388000,531000,-143000,0,0,0,0,0,0,0,0,0,0,0,0,0,-143000
5243,乙盛-KY         ,91000,235000,-144000,0,0,0,0,0,0,1000,1000,0,1000,0,0,0,-143000
059654,T50反1元大99購09,0,0,0,0,0,0,0,0,0,-144000,0,0,0,125000,269000,-144000,-144000
4915,致伸            ,844000,980000,-136000,0,0,0,1000,0,1000,-9000,0,9000,-9000,0,0,0,-144000
2362,藍天            ,107000,214000,-107000,0,0,0,0,0,0,-37000,1000,11000,-10000,0,27000,-27000,-144000
06593P,欣興元大98售05  ,0,0,0,0,0,0,0,0,0,-145000,0,0,0,38000,183000,-145000,-145000
03657C,T50反1元大99牛01,0,0,0,0,0,0,0,0,0,-145000,0,0,0,55000,200000,-145000,-145000
4961,天鈺            ,94000,239000,-145000,0,0,0,0,0,0,0,0,0,0,0,0,0,-145000
5264,鎧勝-KY         ,383000,522000,-139000,0,0,0,0,0,0,-6000,0,7000,-7000,10000,9000,1000,-145000
059841,國巨富邦9C購01  ,0,0,0,0,0,0,0,0,0,-146000,0,0,0,0,146000,-146000,-146000
2511,太子            ,366000,512000,-146000,0,0,0,0,0,0,0,0,0,0,0,0,0,-146000
2481,強茂            ,479000,652000,-173000,0,0,0,0,0,0,27000,33000,0,33000,1000,7000,-6000,-146000
05912P,和大元大96售01  ,0,0,0,0,0,0,0,0,0,-148000,0,0,0,20000,168000,-148000,-148000
1229,聯華            ,383000,530000,-147000,0,0,0,0,1000,-1000,0,0,0,0,0,0,0,-148000
057802,卜蜂元大98購01  ,0,0,0,0,0,0,0,0,0,-149000,0,0,0,55000,204000,-149000,-149000
07174P,臺股指國票99售11,0,0,0,0,0,0,0,0,0,-149000,0,0,0,81000,230000,-149000,-149000
057691,健策凱基99購01  ,0,0,0,0,0,0,0,0,0,-150000,0,0,0,0,150000,-150000,-150000
057914,日月光日盛9A購01,0,0,0,0,0,0,0,0,0,-150000,0,0,0,0,150000,-150000,-150000
059620,聯發科日盛99購02,0,0,0,0,0,0,0,0,0,-150000,0,0,0,10000,160000,-150000,-150000
057203,麗豐元富98購02  ,0,0,0,0,0,0,0,0,0,-150000,0,0,0,125000,275000,-150000,-150000
055961,國泰金元大97購01,0,0,0,0,0,0,0,0,0,-150000,0,0,0,0,150000,-150000,-150000
055802,新日興永豐97購01,0,0,0,0,0,0,0,0,0,-150000,0,0,0,0,150000,-150000,-150000
055772,致茂凱基97購01  ,0,0,0,0,0,0,0,0,0,-150000,0,0,0,0,150000,-150000,-150000
1709,和益            ,4000,161000,-157000,0,0,0,0,0,0,7000,7000,0,7000,0,0,0,-150000
6552,易華電          ,168000,311000,-143000,0,0,0,0,0,0,-7000,0,5000,-5000,1000,3000,-2000,-150000
057826,祥碩元大98購08  ,0,0,0,0,0,0,0,0,0,-151000,0,0,0,145000,296000,-151000,-151000
051807,瑞昱凱基95購03  ,0,0,0,0,0,0,0,0,0,-151000,0,0,0,0,151000,-151000,-151000
3698,隆達            ,211000,352000,-141000,0,0,0,0,0,0,-10000,1000,9000,-8000,0,2000,-2000,-151000
059298,大立光元富9C購02,0,0,0,0,0,0,0,0,0,-152000,0,0,0,1000,153000,-152000,-152000
06890P,金融類元大98售02,0,0,0,0,0,0,0,0,0,-152000,0,0,0,0,152000,-152000,-152000
05360P,健策元大95售03  ,0,0,0,0,0,0,0,0,0,-153000,0,0,0,0,153000,-153000,-153000
00686R,群益臺灣加權反1 ,0,0,0,0,0,0,0,0,0,-153000,0,0,0,436000,589000,-153000,-153000
1721,三晃            ,2000,155000,-153000,0,0,0,0,0,0,0,0,0,0,0,0,0,-153000
1589,永冠-KY         ,61000,199000,-138000,0,0,0,0,0,0,-16000,0,16000,-16000,0,0,0,-154000
5388,中磊            ,550000,684000,-134000,0,0,0,0,8000,-8000,-13000,0,4000,-4000,1000,10000,-9000,-155000
8016,矽創            ,484000,639000,-155000,0,0,0,0,25000,-25000,25000,30000,2000,28000,3000,6000,-3000,-155000
1590,亞德客-KY       ,1025389,1138670,-113281,0,0,0,0,30000,-30000,-12000,0,1000,-1000,12000,23000,-11000,-155281
2207,和泰車          ,421431,576791,-155360,0,0,0,8000,0,8000,-8000,0,7000,-7000,0,1000,-1000,-155360
058705,長榮航元大99購01,0,0,0,0,0,0,0,0,0,-156000,0,0,0,0,156000,-156000,-156000
2723,美食-KY         ,356000,517783,-161783,0,0,0,15000,0,15000,-10000,0,0,0,0,10000,-10000,-156783
058992,上証反元大99購02,0,0,0,0,0,0,0,0,0,-157000,0,0,0,20000,177000,-157000,-157000
5607,遠雄港          ,70000,228000,-158000,0,0,0,0,0,0,0,0,0,0,0,0,0,-158000
058147,鈺齊元大99購01  ,0,0,0,0,0,0,0,0,0,-159000,0,0,0,7000,166000,-159000,-159000
051902,T50反1元大97購01,0,29000,-29000,0,0,0,0,0,0,-130000,0,0,0,34000,164000,-130000,-159000
07266P,大立光元大99售19,0,0,0,0,0,0,0,0,0,-159000,0,0,0,600000,759000,-159000,-159000
057671,群創元大9B購06  ,0,0,0,0,0,0,0,0,0,-160000,0,0,0,0,160000,-160000,-160000
05279P,上銀元大95售02  ,0,0,0,0,0,0,0,0,0,-160000,0,0,0,16000,176000,-160000,-160000
045877,友達元富95購01  ,0,0,0,0,0,0,0,0,0,-160000,0,0,0,0,160000,-160000,-160000
059663,旭富元大9C購02  ,0,0,0,0,0,0,0,0,0,-161000,0,0,0,148000,309000,-161000,-161000
048187,臺指反元大96購04,0,0,0,0,0,0,0,0,0,-161000,0,0,0,200000,361000,-161000,-161000
052895,台積電群益96購04,0,0,0,0,0,0,0,0,0,-161000,0,0,0,2000,163000,-161000,-161000
059207,臺指反元大9C購02,0,0,0,0,0,0,0,0,0,-162000,0,0,0,70000,232000,-162000,-162000
052220,T50反1凱基98購01,0,0,0,0,0,0,0,0,0,-162000,0,0,0,0,162000,-162000,-162000
2439,美律            ,380000,498000,-118000,0,0,0,0,0,0,-44000,19000,14000,5000,2000,51000,-49000,-162000
2486,一詮            ,1000,162000,-161000,0,0,0,0,0,0,-3000,0,3000,-3000,0,0,0,-164000
05192P,玉晶光台新96售02,0,0,0,0,0,0,0,0,0,-166000,0,0,0,10000,176000,-166000,-166000
2881A,富邦特          ,19000,0,19000,0,0,0,0,0,0,-185000,1000,186000,-185000,0,0,0,-166000
07190P,臺股指富邦9C售02,0,0,0,0,0,0,0,0,0,-167000,0,0,0,0,167000,-167000,-167000
07324P,台積電元大99售40,0,0,0,0,0,0,0,0,0,-167000,0,0,0,3555000,3722000,-167000,-167000
03434B,臺股指元大99熊10,0,0,0,0,0,0,0,0,0,-168000,0,0,0,27000,195000,-168000,-168000
06933P,禾伸堂元大98售03,0,0,0,0,0,0,0,0,0,-168000,0,0,0,14000,182000,-168000,-168000
1519,華城            ,79000,248000,-169000,0,0,0,0,0,0,0,0,0,0,0,0,0,-169000
8131,福懋科          ,83000,249000,-166000,0,0,0,0,0,0,-3000,5000,8000,-3000,0,0,0,-169000
3008,大立光          ,429178,585871,-156693,0,0,0,0,2000,-2000,-11000,1000,2000,-1000,4000,14000,-10000,-169693
056774,和鑫元大98購01  ,0,0,0,0,0,0,0,0,0,-170000,0,0,0,70000,240000,-170000,-170000
3030,德律            ,83000,249000,-166000,0,0,0,0,0,0,-4000,0,4000,-4000,0,0,0,-170000
07241P,台灣50國票9A售05,0,0,0,0,0,0,0,0,0,-170000,0,0,0,450000,620000,-170000,-170000
054683,川湖永豐97購01  ,0,0,0,0,0,0,0,0,0,-171000,0,0,0,0,171000,-171000,-171000
5469,瀚宇博          ,925000,1093452,-168452,0,0,0,0,1000,-1000,-2000,0,0,0,18000,20000,-2000,-171452
2382,廣達            ,3899735,3618912,280823,0,0,0,34000,0,34000,-487000,1000,396000,-395000,5000,97000,-92000,-172177
8213,志超            ,236000,410000,-174000,0,0,0,0,0,0,0,0,0,0,0,0,0,-174000
053465,聯電元大96購05  ,0,0,0,0,0,0,0,0,0,-175000,0,0,0,105000,280000,-175000,-175000
057383,玉晶光富邦9A購01,0,0,0,0,0,0,0,0,0,-176000,0,0,0,75000,251000,-176000,-176000
8210,勤誠            ,121000,348000,-227000,0,0,0,0,0,0,51000,84000,20000,64000,0,13000,-13000,-176000
058051,同欣電元大98購03,0,0,0,0,0,0,0,0,0,-177000,0,0,0,100000,277000,-177000,-177000
00681R,元大美債20反1   ,0,0,0,0,0,0,0,0,0,-177000,0,0,0,0,177000,-177000,-177000
4967,十銓            ,29000,206000,-177000,0,0,0,0,0,0,0,0,0,0,0,0,0,-177000
06595P,祥碩元大98售03  ,0,0,0,0,0,0,0,0,0,-178000,0,0,0,9000,187000,-178000,-178000
6230,超眾            ,314000,462000,-148000,0,0,0,2000,23000,-21000,-9000,0,0,0,4000,13000,-9000,-178000
2034,允強            ,102000,190000,-88000,0,0,0,0,0,0,-90000,0,90000,-90000,0,0,0,-178000
059635,華新科凱基9A購06,0,0,0,0,0,0,0,0,0,-180000,0,0,0,35000,215000,-180000,-180000
04955P,大立光日盛94售02,0,0,0,0,0,0,0,0,0,-180000,0,0,0,0,180000,-180000,-180000
1762,中化生          ,215000,395000,-180000,0,0,0,0,0,0,0,0,0,0,0,0,0,-180000
6412,群電            ,208000,392000,-184000,0,0,0,2000,0,2000,1000,0,1000,-1000,2000,0,2000,-181000
059543,可成亞東99購02  ,0,0,0,0,0,0,0,0,0,-182000,0,0,0,8000,190000,-182000,-182000
058369,亞光凱基99購02  ,0,0,0,0,0,0,0,0,0,-183000,0,0,0,15000,198000,-183000,-183000
07103P,南電元大99售04  ,0,0,0,0,0,0,0,0,0,-183000,0,0,0,682000,865000,-183000,-183000
057230,建準凱基98購02  ,0,0,0,0,0,0,0,0,0,-187000,0,0,0,38000,225000,-187000,-187000
05149P,緯穎國泰96售01  ,0,0,0,0,0,0,0,0,0,-187000,0,0,0,0,187000,-187000,-187000
1582,信錦            ,107000,291000,-184000,0,0,0,0,0,0,-3000,0,3000,-3000,0,0,0,-187000
2314,台揚            ,195000,359000,-164000,0,0,0,0,0,0,-23000,0,15000,-15000,3000,11000,-8000,-187000
049629,臺股指群益94購02,0,0,0,0,0,0,0,0,0,-189000,0,0,0,41000,230000,-189000,-189000
07026P,超眾凱基99售03  ,0,0,0,0,0,0,0,0,0,-191000,0,0,0,0,191000,-191000,-191000
06982P,義隆凱基99售02  ,0,0,0,0,0,0,0,0,0,-191000,0,0,0,0,191000,-191000,-191000
03638C,T50反1元大94牛03,0,0,0,0,0,0,0,0,0,-192000,0,0,0,34000,226000,-192000,-192000
07084P,S&P正2元富9B售02,0,0,0,0,0,0,0,0,0,-192000,0,0,0,10000,202000,-192000,-192000
4968,立積            ,399000,590000,-191000,0,0,0,0,0,0,-1000,0,0,0,1000,2000,-1000,-192000
057195,南茂元大98購01  ,0,0,0,0,0,0,0,0,0,-193000,0,0,0,41000,234000,-193000,-193000
06150P,奇力新元大97售06,0,0,0,0,0,0,0,0,0,-194000,0,0,0,4000,198000,-194000,-194000
07310P,大立光凱基99售12,0,0,0,0,0,0,0,0,0,-197000,0,0,0,0,197000,-197000,-197000
055344,國巨凱基97購04  ,0,0,0,0,0,0,0,0,0,-198000,0,0,0,27000,225000,-198000,-198000
1730,花仙子          ,102000,297000,-195000,0,0,0,0,0,0,-3000,0,3000,-3000,0,0,0,-198000
1303,南亞            ,2483434,2872194,-388760,0,0,0,8000,1000,7000,183000,304000,121000,183000,0,0,0,-198760
059151,臺股指國票99購14,0,0,0,0,0,0,0,0,0,-200000,0,0,0,76000,276000,-200000,-200000
051705,富邦金群益97購01,0,0,0,0,0,0,0,0,0,-200000,0,0,0,0,200000,-200000,-200000
053536,明泰永豐96購01  ,0,0,0,0,0,0,0,0,0,-200000,0,0,0,0,200000,-200000,-200000
052989,麗豐元大98購01  ,0,0,0,0,0,0,0,0,0,-200000,0,0,0,0,200000,-200000,-200000
2101,南港            ,358000,536000,-178000,0,0,0,0,0,0,-22000,0,16000,-16000,1000,7000,-6000,-200000
6706,惠特            ,29000,271000,-242000,0,0,0,0,0,0,41000,41000,0,41000,0,0,0,-201000
3665,貿聯-KY         ,441000,683766,-242766,0,0,0,194000,0,194000,-155000,64000,224000,-160000,10000,5000,5000,-203766
059426,鴻海元大99購31  ,0,0,0,0,0,0,0,0,0,-206000,0,0,0,26000,232000,-206000,-206000
07300P,臺股指元大9A售33,0,0,0,0,0,0,0,0,0,-206000,0,0,0,33000,239000,-206000,-206000
1592,英瑞-KY         ,12000,219000,-207000,0,0,0,0,0,0,0,0,0,0,0,0,0,-207000
059181,世紀鋼元富9C購01,0,0,0,0,0,0,0,0,0,-209000,0,0,0,27000,236000,-209000,-209000
058578,聯發科群益99購03,0,0,0,0,0,0,0,0,0,-210000,0,0,0,10000,220000,-210000,-210000
059277,群創元大99購05  ,0,0,0,0,0,0,0,0,0,-210000,0,0,0,31000,241000,-210000,-210000
04604P,華新科國票95售01,0,0,0,0,0,0,0,0,0,-210000,0,0,0,10000,220000,-210000,-210000
058666,上証反群益01購01,0,0,0,0,0,0,0,0,0,-211000,0,0,0,0,211000,-211000,-211000
2542,興富發          ,1325000,1482959,-157959,0,0,0,0,0,0,-54000,35000,89000,-54000,0,0,0,-211959
04925P,和碩元大94售03  ,0,0,0,0,0,0,0,0,0,-212000,0,0,0,0,212000,-212000,-212000
9910,豐泰            ,736294,947171,-210877,0,0,0,0,0,0,-3000,4000,7000,-3000,0,0,0,-213877
8039,台虹            ,251000,419000,-168000,0,0,0,0,0,0,-46000,1000,42000,-41000,5000,10000,-5000,-214000
07303P,臺股指元大9A售36,0,0,0,0,0,0,0,0,0,-217000,0,0,0,60000,277000,-217000,-217000
059326,康友元大99購01  ,0,0,0,0,0,0,0,0,0,-218000,0,0,0,107000,325000,-218000,-218000
052764,景碩群益98購01  ,0,0,0,0,0,0,0,0,0,-220000,0,0,0,0,220000,-220000,-220000
052890,FB上証群益9B購01,0,0,0,0,0,0,0,0,0,-221000,0,0,0,4000,225000,-221000,-221000
05299P,旺宏元大95售04  ,0,0,0,0,0,0,0,0,0,-221000,0,0,0,10000,231000,-221000,-221000
045685,康控元大95購01  ,0,0,0,0,0,0,0,0,0,-221000,0,0,0,0,221000,-221000,-221000
07277P,臺股指群益99售20,0,0,0,0,0,0,0,0,0,-221000,0,0,0,5000,226000,-221000,-221000
059650,緯穎凱基99購04  ,0,0,0,0,0,0,0,0,0,-222000,0,0,0,197000,419000,-222000,-222000
3437,榮創            ,39000,261000,-222000,0,0,0,0,0,0,0,0,0,0,0,0,0,-222000
2601,益航            ,221000,444000,-223000,0,0,0,0,1000,-1000,0,0,0,0,0,0,0,-224000
057536,康控元大99購03  ,0,0,0,0,0,0,0,0,0,-225000,0,0,0,0,225000,-225000,-225000
07316P,長榮航康和99售01,0,0,0,0,0,0,0,0,0,-225000,0,0,0,5000,230000,-225000,-225000
07147P,高鐵元大99售01  ,0,0,0,0,0,0,0,0,0,-226000,0,0,0,8000,234000,-226000,-226000
055827,中石化元大98購01,0,0,0,0,0,0,0,0,0,-227000,0,0,0,100000,327000,-227000,-227000
2448,晶電            ,1648000,1612000,36000,0,0,0,20000,0,20000,-283000,12000,287000,-275000,4000,12000,-8000,-227000
059400,滬深2X元富9C購04,0,0,0,0,0,0,0,0,0,-228000,0,0,0,0,228000,-228000,-228000
8926,台汽電          ,182000,382000,-200000,0,0,0,0,1000,-1000,-28000,0,28000,-28000,0,0,0,-229000
04477P,南電元大94售04  ,0,0,0,0,0,0,0,0,0,-230000,0,0,0,0,230000,-230000,-230000
2419,仲琦            ,27000,253000,-226000,0,0,0,0,0,0,-4000,0,4000,-4000,0,0,0,-230000
058132,義隆元大99購03  ,0,0,0,0,0,0,0,0,0,-231000,0,0,0,377000,608000,-231000,-231000
053915,光罩國票96購02  ,0,0,0,0,0,0,0,0,0,-231000,0,0,0,220000,451000,-231000,-231000
059680,台積電國泰9A購03,0,0,0,0,0,0,0,0,0,-232000,0,0,0,440000,672000,-232000,-232000
3605,宏致            ,156000,386000,-230000,0,0,0,0,0,0,-2000,0,2000,-2000,0,0,0,-232000
4977,眾達-KY         ,285000,457000,-172000,0,0,0,0,0,0,-60000,18000,75000,-57000,1000,4000,-3000,-232000
04552P,南電元大94售06  ,0,0,0,0,0,0,0,0,0,-233000,0,0,0,0,233000,-233000,-233000
06347P,祥碩元富97售02  ,0,0,0,0,0,0,0,0,0,-233000,0,0,0,0,233000,-233000,-233000
6108,競國            ,35000,267000,-232000,0,0,0,0,0,0,-3000,0,3000,-3000,0,0,0,-235000
3048,益登            ,111000,346000,-235000,0,0,0,0,0,0,0,0,0,0,0,0,0,-235000
00714,群益道瓊美國地產,0,0,0,0,0,0,0,0,0,-238000,0,0,0,17000,255000,-238000,-238000
059515,牧德永豐99購01  ,0,0,0,0,0,0,0,0,0,-238000,0,0,0,76000,314000,-238000,-238000
8028,昇陽半導體      ,355000,589000,-234000,0,0,0,0,0,0,-5000,0,2000,-2000,0,3000,-3000,-239000
07257P,臺股指凱基99售37,0,0,0,0,0,0,0,0,0,-239000,0,0,0,443000,682000,-239000,-239000
053785,聯詠元大96購05  ,0,0,0,0,0,0,0,0,0,-240000,0,0,0,0,240000,-240000,-240000
2480,敦陽科          ,34000,245000,-211000,0,0,0,0,0,0,-29000,33000,62000,-29000,0,0,0,-240000
00730,富邦臺灣優質高息,0,0,0,0,0,0,0,0,0,-243000,0,0,0,363000,606000,-243000,-243000
04116P,京元電元大94售02,0,0,0,0,0,0,0,0,0,-243000,0,0,0,85000,328000,-243000,-243000
07281P,鴻海凱基99售13  ,0,0,0,0,0,0,0,0,0,-244000,0,0,0,185000,429000,-244000,-244000
055302,達方元大97購01  ,0,0,0,0,0,0,0,0,0,-245000,0,0,0,55000,300000,-245000,-245000
2548,華固            ,114000,363000,-249000,0,0,0,0,0,0,4000,4000,0,4000,0,0,0,-245000
046906,新光金凱基99購02,0,0,0,0,0,0,0,0,0,-248000,0,0,0,30000,278000,-248000,-248000
053875,GIS元大97購01   ,0,0,0,0,0,0,0,0,0,-248000,0,0,0,332000,580000,-248000,-248000
06177P,玉晶光元大98售07,0,0,0,0,0,0,0,0,0,-250000,0,0,0,58000,308000,-250000,-250000
051352,南亞科元大95購02,0,0,0,0,0,0,0,0,0,-250000,0,0,0,0,250000,-250000,-250000
5519,隆大            ,49000,299000,-250000,0,0,0,0,0,0,0,0,0,0,0,0,0,-250000
049130,臺指反元大98購01,0,0,0,0,0,0,0,0,0,-251000,0,0,0,0,251000,-251000,-251000
05063P,聯電元大96售03  ,0,0,0,0,0,0,0,0,0,-252000,0,0,0,3000,255000,-252000,-252000
05194P,玉晶光康和95售01,0,0,0,0,0,0,0,0,0,-252000,0,0,0,43000,295000,-252000,-252000
3003,健和興          ,262000,512000,-250000,0,0,0,0,0,0,-2000,0,3000,-3000,1000,0,1000,-252000
1701,中化            ,118000,393000,-275000,0,0,0,0,0,0,20000,20000,0,20000,0,0,0,-255000
056757,T50反1元大98購07,0,0,0,0,0,0,0,0,0,-256000,0,0,0,222000,478000,-256000,-256000
054968,佐登元大97購01  ,0,0,0,0,0,0,0,0,0,-257000,0,0,0,0,257000,-257000,-257000
058970,鴻海永豐99購02  ,0,0,0,0,0,0,0,0,0,-258000,0,0,0,1000,259000,-258000,-258000
07301P,臺股指元大9A售34,0,0,0,0,0,0,0,0,0,-259000,0,0,0,30000,289000,-259000,-259000
058391,T50反1元大99購02,0,30000,-30000,0,0,0,0,0,0,-233000,0,0,0,11000,244000,-233000,-263000
3036,文曄            ,576000,331000,245000,0,0,0,0,1000,-1000,-507000,8000,494000,-486000,0,21000,-21000,-263000
3031,佰鴻            ,38000,301000,-263000,0,0,0,0,0,0,0,0,0,0,0,0,0,-263000
052282,宏達電凱基95購05,0,0,0,0,0,0,0,0,0,-264000,0,0,0,220000,484000,-264000,-264000
2456,奇力新          ,700000,1429000,-729000,0,0,0,572000,98000,474000,-10000,15000,25000,-10000,17000,17000,0,-265000
8105,凌巨            ,371000,625000,-254000,0,0,0,0,0,0,-11000,0,11000,-11000,0,0,0,-265000
03440B,臺股指元大9B熊02,0,0,0,0,0,0,0,0,0,-266000,0,0,0,0,266000,-266000,-266000
05023P,和碩凱基95售01  ,0,0,0,0,0,0,0,0,0,-268000,0,0,0,0,268000,-268000,-268000
058283,世紀鋼中信99購01,0,0,0,0,0,0,0,0,0,-269000,0,0,0,46000,315000,-269000,-269000
052313,聯電元大98購01  ,0,0,0,0,0,0,0,0,0,-272000,0,0,0,32000,304000,-272000,-272000
4906,正文            ,588000,789000,-201000,0,0,0,0,0,0,-71000,15000,84000,-69000,2000,4000,-2000,-272000
058464,矽創兆豐9A購01  ,0,0,0,0,0,0,0,0,0,-274000,0,0,0,3000,277000,-274000,-274000
059540,新光金日盛99購01,0,0,0,0,0,0,0,0,0,-274000,0,0,0,0,274000,-274000,-274000
059656,T50反1元大99購11,0,0,0,0,0,0,0,0,0,-276000,0,0,0,101000,377000,-276000,-276000
05256P,義隆凱基95售02  ,0,0,0,0,0,0,0,0,0,-276000,0,0,0,0,276000,-276000,-276000
07131P,緯穎元大99售06  ,0,0,0,0,0,0,0,0,0,-276000,0,0,0,48000,324000,-276000,-276000
057405,麗豐群益98購01  ,0,0,0,0,0,0,0,0,0,-279000,0,0,0,21000,300000,-279000,-279000
6531,愛普            ,313000,577000,-264000,0,0,0,0,0,0,-15000,0,15000,-15000,0,0,0,-279000
2412,中華電          ,4280078,3589880,690198,0,0,0,10600,468000,-457400,-512000,2000,507000,-505000,0,7000,-7000,-279202
055330,上銀兆豐98購02  ,0,0,0,0,0,0,0,0,0,-280000,0,0,0,0,280000,-280000,-280000
059007,南電元大99購05  ,0,0,0,0,0,0,0,0,0,-286000,0,0,0,20000,306000,-286000,-286000
055746,同欣電元富97購01,0,0,0,0,0,0,0,0,0,-287000,0,0,0,0,287000,-287000,-287000
2609,陽明            ,21000,308000,-287000,0,0,0,0,0,0,0,0,0,0,0,0,0,-287000
1310,台苯            ,400000,615000,-215000,0,0,0,0,1000,-1000,-71000,0,71000,-71000,0,0,0,-287000
00663L,國泰臺灣加權正2 ,0,0,0,0,0,0,0,0,0,-289000,0,0,0,393000,682000,-289000,-289000
07284P,大立光凱基99售10,0,0,0,0,0,0,0,0,0,-289000,0,0,0,179000,468000,-289000,-289000
03435B,臺股指凱基99熊29,0,0,0,0,0,0,0,0,0,-290000,0,0,0,27000,317000,-290000,-290000
07134P,臺股指元大9A售28,0,0,0,0,0,0,0,0,0,-290000,0,0,0,1307000,1597000,-290000,-290000
2402,毅嘉            ,104000,394000,-290000,0,0,0,0,0,0,0,1000,1000,0,0,0,0,-290000
2504,國產            ,831000,1248000,-417000,0,0,0,120000,0,120000,2000,0,0,0,17000,15000,2000,-295000
050021,鴻海元大94購10  ,0,0,0,0,0,0,0,0,0,-296000,0,0,0,5000,301000,-296000,-296000
054716,緯穎康和97購01  ,0,0,0,0,0,0,0,0,0,-296000,0,0,0,184000,480000,-296000,-296000
07340P,鴻海凱基99售15  ,0,0,0,0,0,0,0,0,0,-296000,0,0,0,0,296000,-296000,-296000
05528P,臺股指群益96售01,0,0,0,0,0,0,0,0,0,-297000,0,0,0,75000,372000,-297000,-297000
058284,滬深反群益01購01,0,0,0,0,0,0,0,0,0,-299000,0,0,0,0,299000,-299000,-299000
058456,京鼎永豐99購01  ,0,0,0,0,0,0,0,0,0,-299000,0,0,0,0,299000,-299000,-299000
2355,敬鵬            ,537000,827000,-290000,0,0,0,0,0,0,-9000,0,8000,-8000,0,1000,-1000,-299000
05359P,嘉澤元大95售02  ,0,0,0,0,0,0,0,0,0,-303000,0,0,0,222000,525000,-303000,-303000
8021,尖點            ,31000,333000,-302000,0,0,0,0,0,0,-1000,1000,2000,-1000,0,0,0,-303000
057399,滬深反群益9C購01,0,0,0,0,0,0,0,0,0,-309000,0,0,0,0,309000,-309000,-309000
052521,友達元大9B購01  ,0,0,0,0,0,0,0,0,0,-310000,0,0,0,0,310000,-310000,-310000
8081,致新            ,156000,478000,-322000,0,0,0,0,0,0,12000,11000,0,11000,1000,0,1000,-310000
05038P,牧德元大95售03  ,0,0,0,0,0,0,0,0,0,-311000,0,0,0,0,311000,-311000,-311000
2547,日勝生          ,271000,582000,-311000,0,0,0,0,0,0,0,0,0,0,0,0,0,-311000
07102P,南電元大99售03  ,0,0,0,0,0,0,0,0,0,-314000,0,0,0,0,314000,-314000,-314000
2458,義隆            ,1151000,2011000,-860000,0,0,0,1197000,150000,1047000,-502000,0,288000,-288000,3000,217000,-214000,-315000
3019,亞光            ,537000,807000,-270000,0,0,0,0,0,0,-46000,10000,50000,-40000,0,6000,-6000,-316000
07289P,台灣50凱基99售07,0,0,0,0,0,0,0,0,0,-316000,0,0,0,0,316000,-316000,-316000
2634,漢翔            ,745000,1047209,-302209,0,0,0,0,0,0,-14000,0,14000,-14000,0,0,0,-316209
1440,南紡            ,467000,793000,-326000,0,0,0,0,0,0,8000,9000,1000,8000,0,0,0,-318000
056915,上銀兆豐99購01  ,0,0,0,0,0,0,0,0,0,-319000,0,0,0,0,319000,-319000,-319000
056380,麗豐元富98購01  ,0,0,0,0,0,0,0,0,0,-321000,0,0,0,105000,426000,-321000,-321000
6452,康友-KY         ,200000,527000,-327000,0,0,0,0,0,0,3000,0,0,0,12000,9000,3000,-324000
059560,T50反1凱基99購08,0,0,0,0,0,0,0,0,0,-326000,0,0,0,85000,411000,-326000,-326000
07288P,台灣50凱基99售06,0,0,0,0,0,0,0,0,0,-326000,0,0,0,73000,399000,-326000,-326000
06901P,亞德客凱基98售02,0,0,0,0,0,0,0,0,0,-331000,0,0,0,0,331000,-331000,-331000
03647C,T50反1元富99牛02,0,0,0,0,0,0,0,0,0,-333000,0,0,0,47000,380000,-333000,-333000
059626,台積電凱基01購01,0,0,0,0,0,0,0,0,0,-334000,0,0,0,175000,509000,-334000,-334000
3056,總太            ,525000,836000,-311000,0,0,0,0,1000,-1000,-22000,0,22000,-22000,0,0,0,-334000
07319P,台積電凱基01售02,0,0,0,0,0,0,0,0,0,-335000,0,0,0,188000,523000,-335000,-335000
1514,亞力            ,75000,411000,-336000,0,0,0,0,0,0,0,0,0,0,0,0,0,-336000
6116,彩晶            ,4178000,4777000,-599000,0,0,0,31000,0,31000,231000,11000,79000,-68000,309000,10000,299000,-337000
054943,群光元大97購01  ,0,0,0,0,0,0,0,0,0,-338000,0,0,0,29000,367000,-338000,-338000
6202,盛群            ,106000,396000,-290000,0,0,0,0,0,0,-49000,0,49000,-49000,0,0,0,-339000
056961,凱美永豐98購01  ,0,0,0,0,0,0,0,0,0,-341000,0,0,0,9000,350000,-341000,-341000
059254,台表科凱基9A購02,0,0,0,0,0,0,0,0,0,-357000,0,0,0,10000,367000,-357000,-357000
2108,南帝            ,175000,533000,-358000,0,0,0,0,0,0,0,0,0,0,0,0,0,-358000
2393,億光            ,1222000,1565000,-343000,0,0,0,0,0,0,-17000,15000,40000,-25000,20000,12000,8000,-360000
2399,映泰            ,44000,406000,-362000,0,0,0,0,0,0,0,0,0,0,0,0,0,-362000
3090,日電貿          ,0,348000,-348000,0,0,0,0,0,0,-15000,0,15000,-15000,0,0,0,-363000
06780P,義隆元大98售02  ,0,0,0,0,0,0,0,0,0,-366000,0,0,0,0,366000,-366000,-366000
00712,FH富時不動產    ,0,0,0,0,0,0,0,0,0,-373000,0,0,0,5000,378000,-373000,-373000
06123P,玉晶光元大97售04,0,0,0,0,0,0,0,0,0,-379000,0,0,0,22000,401000,-379000,-379000
053298,SP黃豆凱基99購01,0,0,0,0,0,0,0,0,0,-379000,0,0,0,34000,413000,-379000,-379000
2499,東貝            ,77000,456000,-379000,0,0,0,0,0,0,0,0,0,0,0,0,0,-379000
1476,儒鴻            ,728086,1110264,-382178,0,0,0,14000,0,14000,-11000,3000,1000,2000,0,13000,-13000,-379178
8271,宇瞻            ,219000,600000,-381000,0,0,0,0,0,0,-2000,0,2000,-2000,0,0,0,-383000
07306P,台灣50凱基9A售09,0,0,0,0,0,0,0,0,0,-386000,0,0,0,99000,485000,-386000,-386000
1515,力山            ,475000,865000,-390000,0,0,0,0,0,0,0,0,0,0,0,0,0,-390000
3049,和鑫            ,1031000,1407000,-376000,0,0,0,0,1000,-1000,-13000,0,0,0,0,13000,-13000,-390000
07314P,T50正2元大9C售03,0,0,0,0,0,0,0,0,0,-396000,0,0,0,0,396000,-396000,-396000
058013,SP黃豆凱基9A購01,0,0,0,0,0,0,0,0,0,-398000,0,0,0,0,398000,-398000,-398000
059500,鴻海元富99購11  ,0,0,0,0,0,0,0,0,0,-398000,0,0,0,90000,488000,-398000,-398000
050022,鴻海元大94購11  ,0,0,0,0,0,0,0,0,0,-399000,0,0,0,0,399000,-399000,-399000
049907,鴻海元大94購07  ,0,0,0,0,0,0,0,0,0,-399000,0,0,0,0,399000,-399000,-399000
058026,上銀富邦9A購01  ,0,0,0,0,0,0,0,0,0,-400000,0,0,0,30000,430000,-400000,-400000
07224P,鴻海元大9A售02  ,0,0,0,0,0,0,0,0,0,-403000,0,0,0,708000,1111000,-403000,-403000
1712,興農            ,154000,435000,-281000,0,0,0,0,0,0,-130000,0,130000,-130000,0,0,0,-411000
8215,明基材          ,251000,659000,-408000,0,0,0,0,0,0,-3000,0,3000,-3000,0,0,0,-411000
00651R,FH香港反1       ,0,0,0,0,0,0,0,0,0,-413000,0,0,0,141000,554000,-413000,-413000
058358,技嘉凱基9A購01  ,0,0,0,0,0,0,0,0,0,-425000,0,0,0,0,425000,-425000,-425000
07276P,臺股指群益99售19,0,0,0,0,0,0,0,0,0,-432000,0,0,0,426000,858000,-432000,-432000
059566,台積電凱基9A購11,0,0,0,0,0,0,0,0,0,-433000,0,0,0,218000,651000,-433000,-433000
3026,禾伸堂          ,229000,652000,-423000,0,0,0,0,0,0,-15000,0,3000,-3000,1000,13000,-12000,-438000
6153,嘉聯益          ,805000,1243000,-438000,0,0,0,0,0,0,-2000,26000,11000,15000,5000,22000,-17000,-440000
3041,揚智            ,235000,680000,-445000,0,0,0,0,0,0,1000,1000,0,1000,0,0,0,-444000
2535,達欣工          ,22000,438000,-416000,0,0,0,0,0,0,-30000,100000,130000,-30000,0,0,0,-446000
3189,景碩            ,1242000,3608000,-2366000,0,0,0,2027000,0,2027000,-111560,84000,195000,-111000,5000,5560,-560,-450560
00850,元大臺灣ESG永續 ,1000,3000,-2000,0,0,0,0,0,0,-450000,0,0,0,778000,1228000,-450000,-452000
2027,大成鋼          ,1497570,1617000,-119430,0,0,0,0,0,0,-334000,0,100000,-100000,5000,239000,-234000,-453430
056139,貿聯元大97購04  ,0,0,0,0,0,0,0,0,0,-455000,0,0,0,30000,485000,-455000,-455000
6443,元晶            ,87000,544000,-457000,0,0,0,0,0,0,0,0,0,0,0,0,0,-457000
059388,國巨凱基99購13  ,0,0,0,0,0,0,0,0,0,-464000,0,0,0,35000,499000,-464000,-464000
006208,富邦台50        ,3000,4000,-1000,0,0,0,0,0,0,-466000,0,0,0,737000,1203000,-466000,-467000
8163,達方            ,259000,720000,-461000,0,0,0,0,0,0,-6000,2000,8000,-6000,0,0,0,-467000
05921P,同欣電元大96售06,0,0,0,0,0,0,0,0,0,-468000,0,0,0,0,468000,-468000,-468000
05301P,矽力元大95售02  ,0,0,0,0,0,0,0,0,0,-468000,0,0,0,6000,474000,-468000,-468000
07304P,臺股指元大9A售37,0,0,0,0,0,0,0,0,0,-469000,0,0,0,91000,560000,-469000,-469000
1325,恆大            ,323000,754000,-431000,0,0,0,0,0,0,-40000,0,40000,-40000,0,0,0,-471000
3014,聯陽            ,101000,596000,-495000,0,0,0,0,0,0,17000,20000,3000,17000,0,0,0,-478000
2406,國碩            ,70000,548000,-478000,0,0,0,0,0,0,0,0,0,0,0,0,0,-478000
1434,福懋            ,400000,873063,-473063,0,0,0,0,0,0,-6000,0,6000,-6000,0,0,0,-479063
07317P,T50正2凱基9B售02,0,0,0,0,0,0,0,0,0,-485000,0,0,0,10000,495000,-485000,-485000
5471,松翰            ,323000,810000,-487000,0,0,0,0,0,0,0,0,0,0,0,0,0,-487000
8110,華東            ,99000,519000,-420000,0,0,0,0,1000,-1000,-67000,2000,69000,-67000,0,0,0,-488000
07325P,台積電元大99售41,0,0,0,0,0,0,0,0,0,-488000,0,0,0,2957000,3445000,-488000,-488000
2614,東森            ,10000,499000,-489000,0,0,0,0,0,0,0,0,0,0,0,0,0,-489000
1789,神隆            ,438000,931000,-493000,0,0,0,0,0,0,0,0,0,0,0,0,0,-493000
2107,厚生            ,231000,729000,-498000,0,0,0,0,1000,-1000,0,0,0,0,0,0,0,-499000
058613,茂林元大99購03  ,0,0,0,0,0,0,0,0,0,-500000,0,0,0,0,500000,-500000,-500000
2441,超豐            ,96000,582000,-486000,0,0,0,0,0,0,-16000,0,16000,-16000,0,0,0,-502000
2442,新美齊          ,154000,654000,-500000,0,0,0,0,0,0,-4000,0,4000,-4000,0,0,0,-504000
1902,台紙            ,90000,384000,-294000,0,0,0,0,220000,-220000,0,0,0,0,0,0,0,-514000
059565,國巨凱基99購16  ,0,0,0,0,0,0,0,0,0,-515000,0,0,0,64000,579000,-515000,-515000
2421,建準            ,880000,1393000,-513000,0,0,0,0,0,0,-5000,0,5000,-5000,0,0,0,-518000
06869P,金融類元大99售01,0,0,0,0,0,0,0,0,0,-521000,0,0,0,0,521000,-521000,-521000
04878P,國巨康和94售02  ,0,0,0,0,0,0,0,0,0,-523000,0,0,0,23000,546000,-523000,-523000
1218,泰山            ,86000,610000,-524000,0,0,0,0,0,0,0,0,0,0,0,0,0,-524000
07265P,大立光元大99售16,0,0,0,0,0,0,0,0,0,-526000,0,0,0,500000,1026000,-526000,-526000
1513,中興電          ,99000,567000,-468000,0,0,0,0,0,0,-58000,14000,72000,-58000,0,0,0,-526000
04863P,技嘉元大94售02  ,0,0,0,0,0,0,0,0,0,-528000,0,0,0,8000,536000,-528000,-528000
2451,創見            ,82000,534000,-452000,0,0,0,0,0,0,-76000,11000,8000,3000,0,79000,-79000,-528000
059341,台積電凱基99購15,0,0,0,0,0,0,0,0,0,-541000,0,0,0,870000,1411000,-541000,-541000
6416,瑞祺電通        ,231000,807000,-576000,0,0,0,0,34000,-34000,45000,88000,43000,45000,0,0,0,-565000
08865P,欣興元大01售02  ,0,3000,-3000,0,0,0,0,0,0,-570000,0,0,0,0,570000,-570000,-573000
2912,統一超          ,494927,1052404,-557477,0,0,0,1000,1000,0,-16000,0,15000,-15000,0,1000,-1000,-573477
07305P,T50正2群益99售02,0,0,0,0,0,0,0,0,0,-574000,0,0,0,44000,618000,-574000,-574000
6451,訊芯-KY         ,339000,914000,-575000,0,0,0,0,0,0,-2000,12000,7000,5000,1000,8000,-7000,-577000
07342P,大立光凱基99售14,0,0,0,0,0,0,0,0,0,-580000,0,0,0,0,580000,-580000,-580000
1736,喬山            ,400000,980000,-580000,0,0,0,940,0,940,-5000,0,0,0,8000,13000,-5000,-584060
06766P,玉晶光元大99售10,0,0,0,0,0,0,0,0,0,-591000,0,0,0,127000,718000,-591000,-591000
3450,聯鈞            ,564000,1144000,-580000,0,0,0,0,0,0,-11000,25000,28000,-3000,6000,14000,-8000,-591000
2369,菱生            ,244000,823000,-579000,0,0,0,0,0,0,-14000,0,14000,-14000,0,0,0,-593000
059246,奇力新凱基9A購02,0,0,0,0,0,0,0,0,0,-597000,0,0,0,26000,623000,-597000,-597000
3596,智易            ,283000,828000,-545000,0,0,0,0,0,0,-59000,14000,55000,-41000,2000,20000,-18000,-604000
4934,太極            ,220000,826000,-606000,0,0,0,0,0,0,0,0,0,0,0,0,0,-606000
3481,群創            ,29178874,29557637,-378763,0,0,0,0,0,0,-230000,361000,861000,-500000,437000,167000,270000,-608763
9919,康那香          ,72000,690000,-618000,0,0,0,0,0,0,0,0,0,0,0,0,0,-618000
059375,道瓊反群益9C購02,0,0,0,0,0,0,0,0,0,-625000,0,0,0,0,625000,-625000,-625000
059171,祥碩凱基99購04  ,0,0,0,0,0,0,0,0,0,-627000,0,0,0,178000,805000,-627000,-627000
046942,友達元大99購01  ,0,0,0,0,0,0,0,0,0,-628000,0,0,0,692000,1320000,-628000,-628000
07279P,台灣50台新99售02,0,0,0,0,0,0,0,0,0,-634000,0,0,0,0,634000,-634000,-634000
059387,華通凱基9A購03  ,0,0,0,0,0,0,0,0,0,-635000,0,0,0,243000,878000,-635000,-635000
2537,聯上發          ,551000,1190000,-639000,0,0,0,0,0,0,0,0,0,0,0,0,0,-639000
05634P,玉晶光台新97售01,0,0,0,0,0,0,0,0,0,-645000,0,0,0,80000,725000,-645000,-645000
07312P,台灣50元大99售10,0,0,0,0,0,0,0,0,0,-646000,0,0,0,35000,681000,-646000,-646000
2340,光磊            ,305000,886000,-581000,0,0,0,0,0,0,-68000,0,68000,-68000,0,0,0,-649000
059065,南電凱基9A購01  ,0,0,0,0,0,0,0,0,0,-650000,0,0,0,518000,1168000,-650000,-650000
6191,精成科          ,410000,1060000,-650000,0,0,0,0,0,0,-2000,0,0,0,0,2000,-2000,-652000
6196,帆宣            ,200000,854000,-654000,0,0,0,0,0,0,-2000,0,0,0,0,2000,-2000,-656000
3380,明泰            ,156000,753000,-597000,0,0,0,0,0,0,-61000,126000,215000,-89000,28000,0,28000,-658000
054970,帆宣元大97購01  ,0,0,0,0,0,0,0,0,0,-660000,0,0,0,0,660000,-660000,-660000
06337P,祥碩元大97售05  ,0,0,0,0,0,0,0,0,0,-674000,0,0,0,28000,702000,-674000,-674000
052453,崇越元大95購01  ,0,0,0,0,0,0,0,0,0,-689000,0,0,0,70000,759000,-689000,-689000
06025P,臺股指元大99售02,0,0,0,0,0,0,0,0,0,-700000,0,0,0,666000,1366000,-700000,-700000
06684P,緯穎元大98售06  ,0,0,0,0,0,0,0,0,0,-702000,0,0,0,192000,894000,-702000,-702000
2327,國巨            ,1605280,2069300,-464020,0,0,0,15000,49000,-34000,-205000,63000,85000,-22000,35000,218000,-183000,-703020
2201,裕隆            ,862000,1569000,-707000,0,0,0,0,0,0,-2000,0,0,0,0,2000,-2000,-709000
2342,茂矽            ,568000,1281000,-713000,0,0,0,0,0,0,0,0,0,0,0,0,0,-713000
3702,大聯大          ,1058368,1286142,-227774,0,0,0,0,0,0,-500000,130000,443000,-313000,0,187000,-187000,-727774
1605,華新            ,2992000,2661000,331000,0,0,0,0,0,0,-1070000,26000,494000,-468000,0,602000,-602000,-739000
2889,國票金          ,724000,1331000,-607000,0,0,0,0,1000,-1000,-132000,0,132000,-132000,0,0,0,-740000
07245P,台積電凱基99售16,0,0,0,0,0,0,0,0,0,-755000,0,0,0,352000,1107000,-755000,-755000
3673,TPK-KY          ,671000,1405000,-734000,0,0,0,0,0,0,-33000,10000,22000,-12000,3000,24000,-21000,-767000
059259,FBVIX中信03購06 ,0,0,0,0,0,0,0,0,0,-779000,0,0,0,281000,1060000,-779000,-779000
6257,矽格            ,335000,1190000,-855000,0,0,0,0,1000,-1000,77000,155000,37000,118000,0,41000,-41000,-779000
1904,正隆            ,1177000,891000,286000,0,0,0,0,1001000,-1001000,-74000,3000,77000,-74000,0,0,0,-789000
5521,工信            ,142000,933000,-791000,0,0,0,0,0,0,0,0,0,0,0,0,0,-791000
2492,華新科          ,1451210,1950465,-499255,0,0,0,25000,0,25000,-319000,42000,61000,-19000,55000,355000,-300000,-793255
050108,鴻海元大94購13  ,0,0,0,0,0,0,0,0,0,-794000,0,0,0,0,794000,-794000,-794000
049820,世紀鋼元大96購03,0,0,0,0,0,0,0,0,0,-800000,0,0,0,32000,832000,-800000,-800000
07282P,聯發科凱基99售17,0,0,0,0,0,0,0,0,0,-818000,0,0,0,7000,825000,-818000,-818000
3005,神基            ,2157000,1775000,382000,0,0,0,0,0,0,-1220000,0,1191000,-1191000,117000,146000,-29000,-838000
2841,台開            ,247000,1090000,-843000,0,0,0,0,0,0,0,0,0,0,0,0,0,-843000
2387,精元            ,394000,1265000,-871000,0,0,0,0,0,0,12000,10000,0,10000,4000,2000,2000,-859000
05600P,玉晶光台新96售04,0,0,0,0,0,0,0,0,0,-861000,0,0,0,395000,1256000,-861000,-861000
1326,台化            ,1991625,2613690,-622065,0,0,0,5000,1000,4000,-243000,101000,282000,-181000,0,62000,-62000,-861065
050171,臺指反元大97購03,0,0,0,0,0,0,0,0,0,-880000,0,0,0,14000,894000,-880000,-880000
2006,東和鋼鐵        ,213000,458000,-245000,0,0,0,0,0,0,-647000,140000,787000,-647000,0,0,0,-892000
058933,FBVIX台新9B購01 ,0,0,0,0,0,0,0,0,0,-908000,0,0,0,0,908000,-908000,-908000
07146P,瑞昱元大99售02  ,0,0,0,0,0,0,0,0,0,-932000,0,0,0,132000,1064000,-932000,-932000
07341P,台積電凱基99售18,0,0,0,0,0,0,0,0,0,-953000,0,0,0,0,953000,-953000,-953000
05036P,義隆元大95售03  ,0,0,0,0,0,0,0,0,0,-958000,0,0,0,3000,961000,-958000,-958000
07263P,台積電元大99售37,0,0,0,0,0,0,0,0,0,-963000,0,0,0,3902000,4865000,-963000,-963000
07309P,聯發科凱基99售18,0,0,0,0,0,0,0,0,0,-991000,0,0,0,0,991000,-991000,-991000
3406,玉晶光          ,935000,1699000,-764000,0,0,0,36000,153000,-117000,-112000,63000,25000,38000,14000,164000,-150000,-993000
2478,大毅            ,756000,1789000,-1033000,0,0,0,0,0,0,-6000,0,3000,-3000,0,3000,-3000,-1039000
3029,零壹            ,614000,877000,-263000,0,0,0,0,0,0,-782000,9000,791000,-782000,0,0,0,-1045000
4119,旭富            ,731000,1871000,-1140000,0,0,0,28000,0,28000,67000,43000,0,43000,35000,11000,24000,-1045000
8112,至上            ,515000,1462000,-947000,0,0,0,0,0,0,-111000,0,111000,-111000,0,0,0,-1058000
07293P,臺股指凱基99售45,0,0,0,0,0,0,0,0,0,-1076000,0,0,0,285000,1361000,-1076000,-1076000
057287,彩晶元大9C購03  ,0,0,0,0,0,0,0,0,0,-1088000,0,0,0,0,1088000,-1088000,-1088000
2515,中工            ,475000,1559000,-1084000,0,0,0,0,0,0,-4000,0,6000,-6000,2000,0,2000,-1088000
2103,台橡            ,750000,1832000,-1082000,0,0,0,0,0,0,-15000,0,15000,-15000,0,0,0,-1097000
1477,聚陽            ,560000,457966,102034,0,0,0,0,0,0,-1209000,4000,1216000,-1212000,4000,1000,3000,-1106966
1714,和桐            ,329000,1477000,-1148000,0,0,0,0,0,0,-1000,0,1000,-1000,0,0,0,-1149000
1402,遠東新          ,3973542,3138692,834850,0,0,0,5000,1000,4000,-2004000,224000,2273000,-2049000,45000,0,45000,-1165150
059559,T50反1凱基99購07,0,0,0,0,0,0,0,0,0,-1191000,0,0,0,46000,1237000,-1191000,-1191000
2455,全新            ,402000,1368280,-966280,0,0,0,0,0,0,-227000,29000,253000,-224000,3000,6000,-3000,-1193280
0050,元大台灣50      ,769108,1868000,-1098892,0,0,0,92000,0,92000,-206000,264000,230000,34000,4432000,4672000,-240000,-1212892
00641R,富邦日本反1     ,14000,13000,1000,0,0,0,0,0,0,-1235000,0,0,0,575000,1810000,-1235000,-1234000
07150P,和碩元大99售01  ,0,0,0,0,0,0,0,0,0,-1236000,0,0,0,0,1236000,-1236000,-1236000
055268,和大元大97購01  ,0,0,0,0,0,0,0,0,0,-1239000,0,0,0,11000,1250000,-1239000,-1239000
053627,宏碁兆豐97購01  ,0,0,0,0,0,0,0,0,0,-1242000,0,0,0,225000,1467000,-1242000,-1242000
8996,高力            ,281000,1619000,-1338000,0,0,0,63000,0,63000,30000,30000,0,30000,0,0,0,-1245000
059524,FBVIX凱基9A購02 ,0,0,0,0,0,0,0,0,0,-1275000,0,0,0,120000,1395000,-1275000,-1275000
057940,和大國票99購01  ,0,0,0,0,0,0,0,0,0,-1280000,0,0,0,924000,2204000,-1280000,-1280000
3017,奇鋐            ,719000,1897000,-1178000,0,0,0,0,385000,-385000,262000,322000,30000,292000,5000,35000,-30000,-1301000
00672L,元大S&P原油正2  ,39000,56000,-17000,0,0,0,0,0,0,-1301000,0,0,0,1249000,2550000,-1301000,-1318000
00631L,元大台灣50正2   ,525000,525000,0,0,0,0,0,0,0,-1325000,0,0,0,8232000,9557000,-1325000,-1325000
4142,國光生          ,774000,2153000,-1379000,0,0,0,0,0,0,6000,8000,2000,6000,0,0,0,-1373000
2392,正崴            ,301000,1442000,-1141000,0,0,0,0,234000,-234000,-55000,0,55000,-55000,0,0,0,-1430000
1102,亞泥            ,5093749,5949744,-855995,0,0,0,158000,301000,-143000,-446126,0,275000,-275000,0,171126,-171126,-1445121
1907,永豐餘          ,100000,1538120,-1438120,0,0,0,0,2000,-2000,-6000,0,6000,-6000,0,0,0,-1446120
2888,新光金          ,21979140,24125456,-2146316,0,0,0,16000,1000,15000,668000,98000,160000,-62000,1093000,363000,730000,-1463316
051236,鴻海元大96購05  ,0,0,0,0,0,0,0,0,0,-1495000,0,0,0,105000,1600000,-1495000,-1495000
07292P,臺股指凱基99售44,0,0,0,0,0,0,0,0,0,-1510000,0,0,0,351000,1861000,-1510000,-1510000
059273,臺指反元大9C購03,0,0,0,0,0,0,0,0,0,-1537000,0,0,0,0,1537000,-1537000,-1537000
2890,永豐金          ,8455346,9910777,-1455431,0,0,0,21000,3000,18000,-137000,1000,164000,-163000,26000,0,26000,-1574431
3042,晶技            ,1176000,2533000,-1357000,0,0,0,0,80000,-80000,-141000,19000,118000,-99000,9000,51000,-42000,-1578000
2812,台中銀          ,1653000,3138000,-1485000,0,0,0,0,1000,-1000,-96000,0,96000,-96000,0,0,0,-1582000
3545,敦泰            ,202000,1840000,-1638000,0,0,0,0,0,0,5000,5000,0,5000,0,0,0,-1633000
2312,金寶            ,346000,1996000,-1650000,0,0,0,0,1000,-1000,0,0,0,0,0,0,0,-1651000
2308,台達電          ,4356295,5942458,-1586163,0,0,0,3000,0,3000,-69000,10000,69000,-59000,0,10000,-10000,-1652163
2880,華南金          ,8375395,10042343,-1666948,0,0,0,13000,3000,10000,-84000,2000,86000,-84000,0,0,0,-1740948
6282,康舒            ,666000,2375000,-1709000,0,0,0,0,1000,-1000,-41000,1000,35000,-34000,0,7000,-7000,-1751000
059395,T50反1元富99購03,0,0,0,0,0,0,0,0,0,-1823000,0,0,0,272000,2095000,-1823000,-1823000
3576,聯合再生        ,440000,2271000,-1831000,0,0,0,0,0,0,0,0,0,0,0,0,0,-1831000
2610,華航            ,4960500,6584891,-1624391,0,0,0,0,2000,-2000,-262000,0,83000,-83000,0,179000,-179000,-1888391
5880,合庫金          ,11273662,13018596,-1744934,0,0,0,31000,2000,29000,-182000,0,182000,-182000,0,0,0,-1897934
3711,日月光投控      ,7116869,7901945,-785076,0,0,0,4000,1001000,-997000,-188000,29000,206000,-177000,35000,46000,-11000,-1970076
059307,T50反1元大99購06,0,0,0,0,0,0,0,0,0,-2021000,0,0,0,192000,2213000,-2021000,-2021000
038489,T50反1台新9A購01,0,0,0,0,0,0,0,0,0,-2053000,0,0,0,0,2053000,-2053000,-2053000
03033P,微星國票03售01  ,0,0,0,0,0,0,0,0,0,-2069000,0,0,0,0,2069000,-2069000,-2069000
5871,中租-KY         ,2395150,4406626,-2011476,0,0,0,2000,0,2000,-69000,2000,47000,-45000,0,24000,-24000,-2078476
07255P,國巨凱基99售15  ,0,0,0,0,0,0,0,0,0,-2085000,0,0,0,91000,2176000,-2085000,-2085000
00653L,富邦印度正2     ,19000,0,19000,0,0,0,0,0,0,-2199000,0,0,0,1147000,3346000,-2199000,-2180000
00633L,富邦上証正2     ,3259000,7954000,-4695000,0,0,0,0,0,0,2452000,144000,0,144000,7307000,4999000,2308000,-2243000
8150,南茂            ,991000,3170000,-2179000,0,0,0,0,0,0,-98000,0,13000,-13000,7000,92000,-85000,-2277000
047990,臺指反元大96購02,0,0,0,0,0,0,0,0,0,-2296000,0,0,0,0,2296000,-2296000,-2296000
2049,上銀            ,1143150,3506480,-2363330,0,0,0,0,206000,-206000,-68000,87000,154000,-67000,6000,7000,-1000,-2637330
059396,T50反1元富99購04,0,0,0,0,0,0,0,0,0,-2738000,0,0,0,337000,3075000,-2738000,-2738000
04391P,玉晶光凱基95售03,0,0,0,0,0,0,0,0,0,-2875000,0,0,0,147000,3022000,-2875000,-2875000
5876,上海商銀        ,3147854,6068085,-2920231,0,0,0,5000,1000,4000,-57000,0,56000,-56000,0,1000,-1000,-2973231
00642U,元大S&P石油     ,10000,2007000,-1997000,0,0,0,0,0,0,-992000,0,0,0,600000,1592000,-992000,-2989000
1101,台泥            ,5384082,7700727,-2316645,0,0,0,7000,2000,5000,-711000,0,481000,-481000,0,230000,-230000,-3022645
3706,神達            ,401000,3215000,-2814000,0,0,0,0,287000,-287000,-129000,0,101000,-101000,0,28000,-28000,-3230000
1909,榮成            ,689000,1866000,-1177000,0,0,0,0,1866000,-1866000,-224000,0,224000,-224000,0,0,0,-3267000
3045,台灣大          ,2063511,5300849,-3237338,0,0,0,21000,1000,20000,-61000,0,61000,-61000,0,0,0,-3278338
2313,華通            ,5376000,12871000,-7495000,0,0,0,4702000,0,4702000,-540000,579000,1198000,-619000,127000,48000,79000,-3333000
2474,可成            ,2053162,5574342,-3521180,0,0,0,1000,203000,-202000,-48000,12000,33000,-21000,8000,35000,-27000,-3771180
4927,泰鼎-KY         ,570000,2274000,-1704000,0,0,0,0,2302000,-2302000,-68000,20000,30000,-10000,0,58000,-58000,-4074000
00664R,國泰臺灣加權反1 ,0,0,0,0,0,0,0,0,0,-4387000,805000,0,805000,946000,6138000,-5192000,-4387000
2303,聯電            ,30605528,33915107,-3309579,0,0,0,16000,553000,-537000,-585000,200000,643000,-443000,40000,182000,-142000,-4431579
1504,東元            ,814000,5299000,-4485000,0,0,0,0,646000,-646000,591000,603000,12000,591000,0,0,0,-4540000
00676R,富邦臺灣加權反1 ,0,0,0,0,0,0,0,2000000,-2000000,-2819000,0,0,0,2170000,4989000,-2819000,-4819000
6176,瑞儀            ,513000,5578305,-5065305,0,0,0,223000,0,223000,-54000,72000,64000,8000,4000,66000,-62000,-4896305
6278,台表科          ,1662000,6532000,-4870000,0,0,0,711000,791000,-80000,-13000,0,19000,-19000,19000,13000,6000,-4963000
2884,玉山金          ,12729912,17305131,-4575219,0,0,0,16000,2000,14000,-516000,5000,198000,-193000,0,323000,-323000,-5077219
1216,統一            ,5879978,11285093,-5405115,0,0,0,7000,1000,6000,-14000,58000,71000,-13000,0,1000,-1000,-5413115
3037,欣興            ,6283000,14651000,-8368000,0,0,0,2998000,80000,2918000,-27000,264000,205000,59000,30000,116000,-86000,-5477000
2002,中鋼            ,6270932,11761061,-5490129,0,0,0,18000,2000,16000,-6000,0,2000,-2000,0,4000,-4000,-5480129
2408,南亞科          ,7109526,10106262,-2996736,0,0,0,1000,1896000,-1895000,-668000,3000,566000,-563000,24000,129000,-105000,-5559736
2337,旺宏            ,5849000,8037639,-2188639,0,0,0,340000,3575000,-3235000,-201000,147000,261000,-114000,227000,314000,-87000,-5624639
2353,宏碁            ,4481062,10902318,-6421256,0,0,0,0,0,0,534000,269000,33000,236000,400000,102000,298000,-5887256
2344,華邦電          ,4408126,9711156,-5303030,0,0,0,0,0,0,-652000,139000,845000,-706000,209000,155000,54000,-5955030
3231,緯創            ,7147954,11664534,-4516580,0,0,0,0,606000,-606000,-854000,41000,585000,-544000,6000,316000,-310000,-5976580
2367,燿華            ,2680000,8980000,-6300000,0,0,0,0,1000,-1000,47000,0,10000,-10000,74000,17000,57000,-6254000
2330,台積電          ,25247207,30477610,-5230403,0,0,0,71000,523000,-452000,-2113000,240000,1604000,-1364000,259000,1008000,-749000,-7795403
2449,京元電子        ,2427000,10331000,-7904000,0,0,0,90000,1000,89000,-139000,257000,84000,173000,8000,320000,-312000,-7954000
2603,長榮            ,4979755,12953375,-7973620,0,0,0,0,1000,-1000,-90000,0,90000,-90000,0,0,0,-8064620
00715L,街口布蘭特油正2 ,33000,58000,-25000,0,0,0,0,0,0,-8095000,0,0,0,2043000,10138000,-8095000,-8120000
00648R,元大S&P500反1   ,23000,210000,-187000,0,0,0,0,0,0,-9779000,0,0,0,3471000,13250000,-9779000,-9966000
2317,鴻海            ,19578303,29637062,-10058759,0,0,0,27000,78000,-51000,-956000,239000,402000,-163000,217000,1010000,-793000,-11065759
00671R,富邦NASDAQ反1   ,2000,0,2000,0,0,0,0,0,0,-12694000,0,0,0,24000,12718000,-12694000,-12692000
2409,友達            ,30160868,46335761,-16174893,0,0,0,800000,0,800000,316000,660000,186000,474000,130000,288000,-158000,-15058893
2009,第一銅          ,2000,17993460,-17991460,0,0,0,0,0,0,0,0,0,0,0,0,0,-17991460
00637L,元大滬深300正2  ,12825000,21862000,-9037000,0,0,0,0,0,0,-10717000,360000,0,360000,38913000,49990000,-11077000,-19754000
00669R,國泰美國道瓊反1 ,33000,25000,8000,0,0,0,0,0,0,-30659000,0,0,0,119000,30778000,-30659000,-30651000
00632R,元大台灣50反1   ,4740000,5507000,-767000,0,0,0,0,0,0,-112065000,4140000,4584000,-444000,25007000,136628000,-111621000,-112832000
00677U,富邦VIX         ,4782000,96954000,-92172000,0,0,0,0,0,0,-53030000,2358000,7321000,-4963000,7688000,55755000,-48067000,-145202000
